0.000000,0.896035,0.435420,0.347920,0.244514,0.136141,0.783238,0.536551,0.180825,0.386048,0.733106,0.675629,0.720735,0.773088,0.341155,0.485740,0.757858,0.590463,0.851107,0.809512,0.110654,0.093912,0.253445,0.160075,0.162209,0.146133,0.089115,-0.012795,0.464894,0.377349,0.285994,0.179144,1.004478,0.850196,0.198242,0.297681,0.045576,0.009955,0.284739,0.010139,0.124476,-0.013327,0.425846,0.505676,0.521036,0.399702,0.641578,0.383112,0.691762,0.355152,0.691899,0.395672,0.475861,0.302878,0.714561,0.379236,0.995546,0.913817,0.677289,0.400217,0.837973,0.647991,0.501649,0.631217,0.224930,0.354350,0.781328,0.473370,0.795882,0.842446,0.202804,0.251563,0.517775,0.581195,0.313488,0.219833,0.605034,0.467608,0.406212,0.584556,0.703516,0.591933,-0.041140,0.415994,0.435905,0.390786,0.181636,-0.041831,0.364832,0.334635
0.896035,0.000000,0.119054,0.360499,0.233747,0.304876,0.431512,0.776654,0.300009,0.415164,0.365441,0.566135,0.278248,0.574197,0.131419,0.588532,0.803254,0.726486,0.575889,1.153233,0.185598,0.209355,0.111836,0.195927,0.270237,0.318844,0.196602,0.046281,0.487915,0.517726,0.249598,0.268470,0.678345,0.877716,-0.003475,0.167817,-0.120574,0.075024,-0.037204,-0.092436,-0.015241,-0.016122,0.454044,0.468769,0.382721,0.497949,0.585469,0.486535,0.493556,0.447928,0.458265,0.296428,0.673245,0.432814,0.635914,0.430491,0.827290,1.007635,0.293801,0.430826,0.495269,0.736493,0.570854,0.771261,-0.073083,0.322029,0.420707,0.442992,0.698040,0.776642,0.291567,0.307993,0.541198,0.567527,0.342610,0.285293,0.506839,0.437742,0.307509,0.634398,0.658654,0.780670,-0.077513,0.604860,0.271899,0.462908,0.199688,-0.044979,0.223789,0.247514
0.435420,0.119054,0.000000,0.846274,0.394218,0.278026,0.860908,0.313188,0.307904,0.335605,0.297621,0.278317,0.403836,0.369901,0.525875,0.281036,-0.000191,-0.131514,0.483254,0.102860,0.410110,0.233374,1.131188,0.721874,0.434689,0.264563,0.353180,0.227838,0.084571,-0.057420,0.718578,0.491136,0.464373,0.259640,0.687371,0.566980,0.256397,0.018209,0.654615,0.476307,0.367413,0.342570,0.346384,0.336412,0.325002,0.082871,0.435168,0.302772,0.284517,0.115554,0.507743,0.343306,0.254487,0.269078,0.589843,0.335916,0.038569,0.214855,0.463830,0.146664,0.281452,0.079316,0.013104,-0.043742,0.646161,0.331421,0.637011,0.432802,0.256298,0.275205,0.402374,0.378607,0.187612,0.246309,0.134226,0.180960,0.563693,0.557829,0.099105,0.005930,0.245542,0.035010,0.169454,0.260186,0.553383,0.277794,0.415294,0.284496,0.907573,0.700764
0.347920,0.360499,0.846274,0.000000,0.562453,0.716537,0.728079,0.836873,0.505893,0.480733,0.166287,0.466091,0.255216,0.392434,0.335459,0.420460,0.175495,0.004494,0.244292,0.347918,0.435990,0.297720,0.628348,0.924583,0.248452,0.437558,0.473934,0.398504,0.156997,0.081163,0.552788,0.647931,0.447165,0.426115,0.527542,0.751840,0.123268,0.048147,0.353073,0.513419,0.223326,0.378839,0.417130,0.328582,0.282952,0.168030,0.485588,0.436994,0.261386,0.134255,0.511351,0.419489,0.378468,0.281625,0.643053,0.410876,0.096127,0.331954,0.533783,0.369457,0.384420,0.347900,0.055640,0.162726,0.411628,0.728161,0.767130,0.909041,0.184470,0.448291,0.562482,0.495843,0.285356,0.281325,0.143892,0.186560,0.602993,0.793861,0.272242,0.101647,0.329259,0.224284,0.157970,0.415394,0.494713,0.519259,0.298255,0.269639,0.803710,0.754203
0.244514,0.233747,0.394218,0.562453,0.000000,0.939763,0.575551,0.433515,0.743161,0.808648,0.159742,0.329970,0.301824,0.327490,0.511900,0.428329,0.238282,0.281638,0.225570,0.297240,0.294596,0.665287,0.238252,0.415818,0.220666,0.483565,0.633464,0.718756,0.192376,0.242499,0.118930,0.153865,0.273281,0.226211,-0.017856,0.167853,0.267463,0.191895,0.227756,0.376505,0.138326,0.273939,0.365280,0.288167,0.116328,0.105739,0.264616,0.331544,0.134095,0.118161,0.224857,0.349082,0.362708,0.270074,0.567748,0.415148,0.177205,0.353858,0.406383,0.379154,0.254791,0.302707,0.145805,0.245564,0.099648,0.433104,0.393191,0.440886,0.002513,0.448620,0.482923,0.468976,0.252758,0.205884,0.153259,0.125019,0.351725,0.566372,0.216950,0.203823,0.357749,0.276353,0.055729,0.270722,0.173273,0.192678,0.160641,0.291702,0.590363,0.703822
0.136141,0.304876,0.278026,0.716537,0.939763,0.000000,0.329225,0.477806,0.472629,0.542301,-0.048745,0.212049,0.011272,0.110456,0.248241,0.398105,0.264016,0.201659,0.094256,0.328947,0.435264,0.672913,0.158623,0.526343,0.105036,0.556813,0.866804,1.148558,0.286431,0.257180,0.175547,0.314139,0.227421,0.268822,0.013821,0.268502,0.191743,0.132952,0.204056,0.476110,0.189324,0.503394,0.403457,0.372773,0.192770,0.213550,0.324379,0.434328,0.145536,0.155407,0.271787,0.392944,0.429415,0.370300,0.470658,0.479559,0.194701,0.398238,0.298928,0.392452,0.142852,0.226654,0.114736,0.231043,-0.018826,0.354384,0.439018,0.600973,0.022604,0.439552,0.441661,0.405296,0.269234,0.144588,0.114006,0.181588,0.344306,0.592304,0.339969,0.188977,0.386854,0.300600,0.240670,0.362421,0.188940,0.366680,0.051515,0.310320,0.380047,0.553394
0.783238,0.431512,0.860908,0.728079,0.575551,0.329225,0.000000,0.788357,0.631353,0.634949,0.595013,0.683406,0.733400,0.771296,0.575777,0.507291,0.393656,0.347841,0.636290,0.437791,0.249400,0.278778,0.602723,0.400343,0.302981,0.307649,0.234311,0.139710,0.353121,0.301068,0.480875,0.301484,0.731647,0.567616,0.364251,0.415613,0.155421,0.058778,0.409961,0.178068,0.109198,0.090973,0.321648,0.383778,0.337508,0.193999,0.471884,0.292397,0.363889,0.169360,0.472507,0.392527,0.283624,0.200321,0.650812,0.264312,0.316219,0.438854,0.640596,0.269081,0.776544,0.646343,0.327638,0.433016,0.585198,0.731666,0.715421,0.475418,0.379267,0.558894,0.459925,0.429244,0.323278,0.535053,0.293390,0.248386,0.610219,0.563203,0.252985,0.311343,0.439756,0.400211,-0.037207,0.386290,0.428657,0.319456,0.288549,0.225753,0.712054,0.614634
0.536551,0.776654,0.313188,0.836873,0.433515,0.477806,0.788357,0.000000,0.537311,0.621668,0.346863,0.780139,0.366997,0.694535,0.156951,0.542852,0.544930,0.388208,0.318067,0.753795,0.190392,0.262375,0.248890,0.407395,0.116474,0.261335,0.263913,0.149625,0.347669,0.347397,0.213538,0.309527,0.536787,0.678179,0.194504,0.408587,-0.138080,0.040095,0.104026,0.141767,-0.003163,0.090050,0.406678,0.224040,0.182689,0.205393,0.335867,0.299615,0.252733,0.125183,0.411750,0.237974,0.460172,0.174673,0.545533,0.219643,0.350899,0.458832,0.478710,0.382834,0.746613,1.006074,0.314576,0.575753,0.225401,0.836934,0.580724,0.645983,0.370189,0.577146,0.374070,0.245544,0.368884,0.446988,0.216503,0.204875,0.475784,0.455429,0.362435,0.377218,0.513161,0.496493,-0.033688,0.513189,0.306633,0.390444,0.281914,0.082175,0.468372,0.414915
0.180825,0.300009,0.307904,0.505893,0.743161,0.472629,0.631353,0.537311,0.000000,0.882698,0.245696,0.364451,0.276916,0.336993,0.669616,0.510754,0.232529,0.313679,0.277219,0.282940,0.144670,0.404602,0.279577,0.313317,0.389626,0.527624,0.397351,0.262274,0.237619,0.396834,0.283828,0.246567,0.208430,0.246488,0.023320,0.151797,0.180163,0.209666,0.051697,0.087589,-0.047559,0.050723,0.256797,0.222222,0.044145,0.123026,0.219944,0.256350,0.016448,0.135890,0.077467,0.201263,0.304319,0.222940,0.399189,0.292048,0.063519,0.244187,0.147501,0.211656,0.266892,0.442592,0.311637,0.324673,0.209606,0.498587,0.190852,0.282165,0.007306,0.285369,0.365101,0.471605,0.241856,0.349067,0.228364,0.222370,0.286525,0.319145,0.082508,0.115826,0.262918,0.444983,-0.149490,0.449948,0.231821,0.291622,0.220884,0.325029,0.536091,0.609020
0.386048,0.415164,0.335605,0.480733,0.808648,0.542301,0.634949,0.621668,0.882698,0.000000,0.346129,0.502669,0.388724,0.547734,0.564781,0.675989,0.399959,0.343072,0.369843,0.534387,0.240394,0.414423,0.169659,0.354467,0.184846,0.326749,0.469823,0.370948,0.351668,0.389606,0.152946,0.217305,0.396428,0.360434,0.012778,0.185897,-0.030278,-0.033669,0.016212,0.061526,-0.027334,0.032181,0.369597,0.237937,0.090579,0.162793,0.248119,0.271833,0.159376,0.162274,0.208866,0.210304,0.359619,0.235359,0.507360,0.322582,0.261691,0.340513,0.425177,0.356408,0.495936,0.506213,0.317851,0.357386,0.190582,0.529585,0.373146,0.392005,0.170024,0.503548,0.381594,0.328255,0.387431,0.359841,0.219407,0.248003,0.402435,0.363176,0.271529,0.267234,0.418166,0.394390,-0.150306,0.312184,0.160772,0.268900,0.207293,0.112928,0.517626,0.574563
0.733106,0.365441,0.297621,0.166287,0.159742,-0.048745,0.595013,0.346863,0.245696,0.346129,0.000000,0.651227,1.244228,0.780788,0.508899,0.316865,0.548547,0.466250,0.578127,0.441728,0.009124,0.084063,0.150174,0.043554,0.054329,-0.033299,0.083138,-0.039561,0.392466,0.378752,0.119577,0.043294,0.769789,0.611712,0.080973,0.107883,0.002161,-0.112962,0.203850,-0.061194,0.083830,-0.029616,0.043195,0.107152,0.121384,0.057644,0.248701,0.026900,0.298689,0.044365,0.409314,0.088923,0.111486,-0.022917,0.337460,0.024041,0.508890,0.417538,0.466303,0.157961,0.972061,0.551377,0.573164,0.557791,0.306078,0.323958,0.382584,0.167092,0.428775,0.343496,0.169692,0.029782,0.452565,0.493662,0.242542,0.251363,0.415728,0.213356,0.350221,0.421534,0.433327,0.345430,-0.025594,0.210369,0.399669,0.269925,0.207144,-0.086865,0.262993,0.169502
0.675629,0.566135,0.278317,0.466091,0.329970,0.212049,0.683406,0.780139,0.364451,0.502669,0.651227,0.000000,0.805250,1.320896,0.197918,0.318344,0.370079,0.549840,0.154139,0.369210,0.165590,0.153608,0.049014,0.069236,-0.134752,0.031511,0.061980,0.066848,0.162253,0.217827,0.036631,-0.006525,0.480561,0.393231,0.121936,0.310554,-0.154011,-0.117738,0.072481,0.080673,-0.070972,-0.050161,0.124248,0.106672,0.007101,0.039863,0.252211,0.104428,0.240300,0.043645,0.448031,0.433404,0.165514,-0.000959,0.402558,0.109222,0.383113,0.553265,0.833493,0.525778,0.947043,1.272174,0.157497,0.548916,0.260507,0.664187,0.533713,0.415633,0.193872,0.425731,0.405166,0.164204,0.173589,0.392313,0.103546,0.105796,0.515366,0.413831,0.274647,0.345125,0.348497,0.309654,-0.075021,0.242901,0.258121,0.288325,0.151572,-0.100783,0.450601,0.394710
0.720735,0.278248,0.403836,0.255216,0.301824,0.011272,0.733400,0.366997,0.276916,0.388724,1.244228,0.805250,0.000000,0.992258,0.474747,0.211134,0.501040,0.524231,0.439429,0.316254,0.050374,0.085003,0.176737,0.001539,0.028205,0.007270,0.035403,-0.021911,0.275080,0.300001,0.126434,-0.023573,0.667544,0.478548,0.155405,0.186876,0.027213,-0.083847,0.226963,0.063218,0.023843,0.005080,0.000662,0.116971,0.079944,0.022380,0.213301,0.056706,0.267942,0.049206,0.416726,0.235592,0.034772,0.018734,0.378984,0.062515,0.463102,0.425736,0.657426,0.245456,0.990096,0.590659,0.416447,0.435186,0.379113,0.460675,0.444832,0.194949,0.287774,0.329680,0.247772,0.100397,0.356493,0.433844,0.207155,0.134925,0.378430,0.293429,0.323295,0.440233,0.389083,0.312153,-0.082396,0.124293,0.307094,0.181738,0.127075,-0.085895,0.378623,0.299123
0.773088,0.574197,0.369901,0.392434,0.327490,0.110456,0.771296,0.694535,0.336993,0.547734,0.780788,1.320896,0.992258,0.000000,0.285630,0.475191,0.468993,0.637143,0.376606,0.509608,0.130856,0.182625,0.154503,0.074016,0.094735,0.119390,0.026793,-0.036788,0.296372,0.389873,0.197884,0.117167,0.727761,0.578601,0.204373,0.315319,-0.096182,-0.027411,0.141855,0.008506,-0.029179,-0.097993,0.142899,0.202239,0.129923,0.138650,0.317542,0.155107,0.341550,0.139729,0.475586,0.366711,0.188242,0.062983,0.484988,0.168419,0.499058,0.622524,0.702498,0.438768,0.913052,1.019035,0.384313,0.598238,0.309643,0.657985,0.519584,0.371527,0.344279,0.538372,0.319144,0.211459,0.264417,0.579316,0.178268,0.151846,0.448938,0.413963,0.307337,0.618815,0.472261,0.455777,-0.151250,0.334520,0.308780,0.343666,0.221516,-0.022159,0.409573,0.370409
0.341155,0.131419,0.525875,0.335459,0.511900,0.248241,0.575777,0.156951,0.669616,0.564781,0.508899,0.197918,0.474747,0.285630,0.000000,0.623420,0.203996,0.165858,0.482109,0.162212,0.055287,0.277005,0.455497,0.378547,0.306076,0.284293,0.431175,0.257668,0.408673,0.393959,0.423452,0.345954,0.325590,0.246658,0.183132,0.158846,0.412109,0.153627,0.393156,0.179752,0.240680,0.121923,0.215803,0.249490,0.234102,0.102356,0.237945,0.208118,0.124991,0.112243,0.191043,0.135729,0.225563,0.226354,0.411412,0.253268,0.109501,0.232523,0.166786,-0.011242,0.276527,0.138506,0.395488,0.182627,0.329521,0.254666,0.220658,0.115883,0.033949,0.297018,0.323719,0.393866,0.358710,0.408558,0.282675,0.311622,0.388051,0.258136,0.184118,0.164252,0.454022,0.401794,0.151411,0.452270,0.504125,0.327192,0.246749,0.338272,0.585483,0.585138
0.485740,0.588532,0.281036,0.420460,0.428329,0.398105,0.507291,0.542852,0.510754,0.675989,0.316865,0.318344,0.211134,0.475191,0.623420,0.000000,0.406672,0.284765,0.490023,0.658221,0.103908,0.328622,0.242307,0.419140,0.332622,0.428593,0.415795,0.220430,0.547216,0.626219,0.388990,0.465263,0.558730,0.623092,0.216500,0.213624,0.100943,0.096640,0.192720,-0.002107,0.135305,0.081201,0.500308,0.508521,0.532944,0.536783,0.373578,0.503107,0.486437,0.502802,0.454119,0.364082,0.629267,0.476233,0.659093,0.483366,0.255940,0.404628,0.200534,0.314241,0.327643,0.415071,0.611875,0.514267,0.174727,0.422476,0.370000,0.443406,0.245024,0.531200,0.309421,0.359196,0.488800,0.514016,0.263893,0.344053,0.411747,0.318189,0.247840,0.405572,0.641849,0.738712,0.045761,0.830282,0.499398,0.794263,0.254828,0.330819,0.320965,0.425632
0.757858,0.803254,-0.000191,0.175495,0.238282,0.264016,0.393656,0.544930,0.232529,0.399959,0.548547,0.370079,0.501040,0.468993,0.203996,0.406672,0.000000,0.951787,0.624529,1.146853,0.122281,0.129126,-0.035736,0.117342,0.084287,0.183840,0.117633,0.099014,0.785616,0.767975,0.145466,0.210377,0.734587,0.910175,-0.069628,0.109800,-0.072375,-0.022570,0.024646,-0.037793,0.037156,0.080999,0.346192,0.388456,0.366093,0.380986,0.378921,0.386446,0.370965,0.299733,0.313370,0.115218,0.395608,0.324917,0.505506,0.356743,0.952775,0.760367,0.258732,0.204080,0.616530,0.492664,0.852989,0.799802,-0.003148,0.323553,0.405055,0.382238,0.587806,0.900745,0.180260,0.250319,0.821927,0.639956,0.570762,0.317837,0.482517,0.337486,0.745754,0.803506,0.874965,0.789709,0.033478,0.455039,0.183986,0.402327,0.132324,-0.031504,0.089384,0.192039
0.590463,0.726486,-0.131514,0.004494,0.281638,0.201659,0.347841,0.388208,0.313679,0.343072,0.466250,0.549840,0.524231,0.637143,0.165858,0.284765,0.951787,0.000000,0.390582,0.655466,0.072070,0.191725,-0.165785,-0.188181,0.127171,0.312222,0.025828,0.049216,0.583393,0.848501,0.113178,0.042491,0.574438,0.627379,-0.188059,0.007515,-0.020281,0.080433,-0.101345,-0.124809,-0.141268,-0.114567,0.098630,0.328794,0.196248,0.326256,0.332341,0.286285,0.278184,0.279490,0.173961,0.236033,0.230077,0.213341,0.348839,0.233492,0.865569,0.890556,0.251871,0.324770,0.473821,0.645768,0.699874,0.823446,-0.130952,0.350709,0.237454,0.220859,0.281424,0.619003,0.222363,0.268715,0.516806,0.698824,0.458669,0.244858,0.314845,0.302333,0.411144,0.817687,0.559618,0.787173,-0.139759,0.406379,0.020688,0.285889,0.015077,-0.059485,-0.017499,0.113986
0.851107,0.575889,0.483254,0.244292,0.225570,0.094256,0.636290,0.318067,0.277219,0.369843,0.578127,0.154139,0.439429,0.376606,0.482109,0.490023,0.624529,0.390582,0.000000,0.789329,0.114866,0.170513,0.424759,0.174301,0.493300,0.286454,0.179440,-0.005872,0.633734,0.398762,0.545574,0.337009,0.891722,0.823063,0.164353,0.188894,0.096026,0.104858,0.341079,-0.017114,0.173963,-0.027988,0.479851,0.546836,0.580605,0.446005,0.709779,0.401099,0.517311,0.364380,0.425124,0.122140,0.396585,0.290068,0.542914,0.349582,0.678045,0.581299,0.224170,0.133444,0.416300,0.225426,0.649521,0.385627,0.203881,0.159262,0.473358,0.272874,0.759217,0.602576,0.203243,0.283845,0.563844,0.558047,0.450034,0.283628,0.532453,0.395139,0.379582,0.493175,0.597328,0.494267,-0.009109,0.449983,0.379835,0.264136,0.238865,0.032304,0.240671,0.201771
0.809512,1.153233,0.102860,0.347918,0.297240,0.328947,0.437791,0.753795,0.282940,0.534387,0.441728,0.369210,0.316254,0.509608,0.162212,0.658221,1.146853,0.655466,0.789329,0.000000,0.118938,0.222373,0.098607,0.271705,0.237941,0.243285,0.236296,0.084362,0.701181,0.619071,0.213557,0.285223,0.818476,1.022031,-0.026656,0.141259,-0.148732,0.026559,0.035406,-0.066914,0.040994,0.028681,0.613953,0.510697,0.474155,0.554167,0.557730,0.540492,0.534195,0.464530,0.442975,0.181043,0.642334,0.418388,0.672334,0.451369,0.845396,0.744259,0.289180,0.397253,0.555705,0.548332,0.706530,0.807123,-0.053359,0.325128,0.537729,0.584960,0.812972,0.999462,0.235699,0.219682,0.715709,0.585780,0.434056,0.320850,0.503673,0.436390,0.544000,0.665920,0.725432,0.660204,-0.018309,0.547346,0.232173,0.433201,0.274903,-0.020028,0.151501,0.211273
0.110654,0.185598,0.410110,0.435990,0.294596,0.435264,0.249400,0.190392,0.144670,0.240394,0.009124,0.165590,0.050374,0.130856,0.055287,0.103908,0.122281,0.072070,0.114866,0.118938,0.000000,0.409130,0.314088,0.400066,0.286884,0.302537,0.555277,0.453373,0.212275,0.032409,0.409417,0.392518,0.231225,0.209015,0.264203,0.330720,-0.009541,-0.130352,0.204009,0.377310,0.167305,0.231933,0.030091,0.093010,0.043577,-0.003559,0.148961,0.126942,0.030988,0.013329,0.141055,0.131712,0.124765,0.171022,0.287069,0.268380,0.123534,0.250264,0.188565,0.078552,0.094163,0.061799,-0.001778,0.065273,0.208027,0.213927,0.229836,0.248614,0.138613,0.212882,0.338737,0.324805,0.234303,0.182758,0.076257,0.245911,0.454957,0.437981,0.233827,0.095253,0.176423,0.044687,0.164472,0.104350,0.119053,0.246278,0.168883,0.119325,0.351695,0.305241
0.093912,0.209355,0.233374,0.297720,0.665287,0.672913,0.278778,0.262375,0.404602,0.414423,0.084063,0.153608,0.085003,0.182625,0.277005,0.328622,0.129126,0.191725,0.170513,0.222373,0.409130,0.000000,0.247255,0.213126,0.254068,0.482075,0.618575,0.682065,0.171425,0.218119,0.177338,0.181253,0.219462,0.295528,0.025222,0.200154,0.210810,0.239917,0.162669,0.267908,0.135086,0.192373,0.116222,0.108971,-0.098174,-0.044652,0.179301,0.056950,0.001314,-0.006775,0.096689,0.130317,0.268330,0.158540,0.303889,0.227325,0.184067,0.328029,0.163495,0.161883,0.055928,0.171750,0.084026,0.113800,-0.002337,0.167793,0.161783,0.190983,0.053136,0.188102,0.306886,0.290556,0.257114,0.223657,0.157514,0.230852,0.184328,0.309764,0.095107,0.250269,0.235785,0.289630,0.028469,0.196175,0.050848,0.184688,0.172698,0.259387,0.228140,0.275678
0.253445,0.111836,1.131188,0.628348,0.238252,0.158623,0.602723,0.248890,0.279577,0.169659,0.150174,0.049014,0.176737,0.154503,0.455497,0.242307,-0.035736,-0.165785,0.424759,0.098607,0.314088,0.247255,0.000000,0.808398,0.753178,0.434894,0.287381,0.056768,0.026754,-0.036816,0.948958,0.640247,0.351224,0.281563,0.781453,0.558690,0.426718,0.256714,0.736151,0.486194,0.430343,0.284892,0.260229,0.308058,0.295705,0.064887,0.387627,0.249121,0.124606,0.076476,0.255060,0.151207,0.187420,0.223531,0.409317,0.265922,-0.041683,0.113504,0.136493,-0.109702,0.080613,-0.022357,0.069717,-0.099121,0.758701,0.334764,0.369669,0.291480,0.301092,0.260174,0.241706,0.337873,0.154701,0.222997,0.200603,0.247519,0.408814,0.399882,-0.036954,0.042556,0.165154,0.087406,0.216289,0.299266,0.594341,0.274251,0.585654,0.456781,0.642348,0.462107
0.160075,0.195927,0.721874,0.924583,0.415818,0.526343,0.400343,0.407395,0.313317,0.354467,0.043554,0.069236,0.001539,0.074016,0.378547,0.419140,0.117342,-0.188181,0.174301,0.271705,0.400066,0.213126,0.808398,0.000000,0.384312,0.390870,0.470524,0.375053,0.138423,0.063240,0.609339,0.858570,0.272348,0.250072,0.460267,0.487607,0.178195,-0.049914,0.346148,0.433886,0.433657,0.467717,0.398269,0.268695,0.331592,0.170590,0.300658,0.392350,0.110258,0.140063,0.245486,0.148980,0.315526,0.324013,0.487353,0.316479,-0.086869,0.089452,0.141542,-0.007824,0.117762,-0.013464,0.084942,0.056932,0.399977,0.422911,0.404849,0.564706,0.139617,0.402714,0.379881,0.441124,0.253237,0.139460,0.161820,0.252375,0.505882,0.512507,0.190186,-0.055618,0.204616,0.091997,0.283421,0.365219,0.463738,0.486130,0.381978,0.455740,0.648553,0.588832
0.162209,0.270237,0.434689,0.248452,0.220666,0.105036,0.302981,0.116474,0.389626,0.184846,0.054329,-0.134752,0.028205,0.094735,0.306076,0.332622,0.084287,0.127171,0.493300,0.237941,0.286884,0.254068,0.753178,0.384312,0.000000,0.753566,0.255309,-0.056123,0.204936,0.234367,0.858107,0.582998,0.372546,0.371720,0.407187,0.255927,0.392010,0.421740,0.323795,0.133208,0.206631,0.027774,0.167511,0.350040,0.303206,0.253578,0.405016,0.288355,0.133711,0.233639,0.047919,0.020054,0.259600,0.281317,0.386222,0.337023,0.110965,0.198810,-0.167648,-0.091050,-0.075261,-0.027911,0.393744,0.060341,0.298067,0.268152,0.075443,0.133980,0.358590,0.239069,0.163798,0.394961,0.296115,0.376987,0.335347,0.282753,0.191991,0.282753,-0.129089,0.257855,0.156925,0.307576,-0.052596,0.425151,0.384450,0.295171,0.465073,0.492486,0.267794,0.185609
0.146133,0.318844,0.264563,0.437558,0.483565,0.556813,0.307649,0.261335,0.527624,0.326749,-0.033299,0.031511,0.007270,0.119390,0.284293,0.428593,0.183840,0.312222,0.286454,0.243285,0.302537,0.482075,0.434894,0.390870,0.753566,0.000000,0.359499,0.327938,0.236103,0.395823,0.576600,0.581455,0.315871,0.393509,0.212866,0.281751,0.386139,0.407036,0.204172,0.201904,0.179638,0.157888,0.100366,0.350642,0.270635,0.252003,0.372452,0.295656,0.125147,0.217397,0.099204,0.194142,0.265996,0.279712,0.346121,0.325455,0.207322,0.395661,0.005747,0.109291,-0.008874,0.137627,0.424264,0.236663,0.165686,0.389601,0.179043,0.264532,0.129877,0.304692,0.243947,0.497860,0.246889,0.331934,0.285637,0.195642,0.127195,0.331436,0.006210,0.344021,0.198237,0.471409,0.015377,0.499264,0.251818,0.398640,0.202838,0.551773,0.211184,0.298201
0.089115,0.196602,0.353180,0.473934,0.633464,0.866804,0.234311,0.263913,0.397351,0.469823,0.083138,0.061980,0.035403,0.026793,0.431175,0.415795,0.117633,0.025828,0.179440,0.236296,0.555277,0.618575,0.287381,0.470524,0.255309,0.359499,0.000000,0.900567,0.350075,0.193169,0.240380,0.283198,0.165736,0.204427,0.134589,0.234096,0.120076,0.041651,0.308047,0.291699,0.208559,0.422238,0.325151,0.220414,0.100499,0.102001,0.187692,0.278801,0.024510,0.084020,0.195041,0.146821,0.406959,0.324465,0.377009,0.360209,0.114051,0.218445,0.142329,0.196414,0.099871,0.072040,0.111821,0.110375,0.080907,0.179641,0.277811,0.377540,0.084756,0.213804,0.216772,0.146967,0.268714,0.108515,0.034153,0.206369,0.305965,0.301391,0.287929,0.110504,0.328786,0.185124,0.362634,0.309223,0.350250,0.302001,0.180461,0.287000,0.360458,0.381399
-0.012795,0.046281,0.227838,0.398504,0.718756,1.148558,0.139710,0.149625,0.262274,0.370948,-0.039561,0.066848,-0.021911,-0.036788,0.257668,0.220430,0.099014,0.049216,-0.005872,0.084362,0.453373,0.682065,0.056768,0.375053,-0.056123,0.327938,0.900567,0.000000,0.225959,0.160043,0.047746,0.190911,0.097801,0.096325,-0.049460,0.163963,0.170632,-0.105187,0.159404,0.411653,0.225813,0.496723,0.161774,0.137695,0.026465,0.015433,0.069161,0.146042,-0.031760,-0.018762,0.131119,0.214701,0.180639,0.177813,0.230562,0.235924,0.092761,0.259154,0.226478,0.232919,0.045964,0.017100,-0.022629,0.084360,-0.051326,0.124178,0.282556,0.336290,-0.123603,0.187363,0.336096,0.274886,0.144100,-0.011183,0.069392,0.079786,0.211298,0.378922,0.289319,0.053466,0.235162,0.085826,0.341655,0.131620,0.049596,0.186449,-0.026029,0.219722,0.245470,0.375107
0.464894,0.487915,0.084571,0.156997,0.192376,0.286431,0.353121,0.347669,0.237619,0.351668,0.392466,0.162253,0.275080,0.296372,0.408673,0.547216,0.785616,0.583393,0.633734,0.701181,0.212275,0.171425,0.026754,0.138423,0.204936,0.236103,0.350075,0.225959,0.000000,1.075993,0.390907,0.430515,0.638697,0.667464,0.011974,0.083254,-0.068570,-0.113815,0.205387,-0.016967,-0.011660,0.077366,0.256000,0.353029,0.453535,0.435055,0.333615,0.316376,0.345163,0.346810,0.240096,0.132458,0.339323,0.341314,0.341794,0.287019,0.528030,0.481818,0.111190,0.133192,0.342985,0.281601,0.699239,0.556506,0.028698,0.264970,0.289447,0.283938,0.399864,0.561896,0.180874,0.157987,0.644144,0.545983,0.555682,0.479578,0.373049,0.195641,0.761992,0.523990,0.778252,0.627144,0.321721,0.593774,0.235776,0.463194,0.160940,0.118644,0.038756,0.152567
0.377349,0.517726,-0.057420,0.081163,0.242499,0.257180,0.301068,0.347397,0.396834,0.389606,0.378752,0.217827,0.300001,0.389873,0.393959,0.626219,0.767975,0.848501,0.398762,0.619071,0.032409,0.218119,-0.036816,0.063240,0.234367,0.395823,0.193169,0.160043,1.075993,0.000000,0.311932,0.358822,0.575912,0.672437,-0.049304,0.033087,0.065848,0.035081,0.059093,-0.063903,-0.053302,0.041795,0.116684,0.332597,0.327079,0.411157,0.190516,0.269841,0.235547,0.327968,0.150180,0.151708,0.313267,0.325372,0.309232,0.257483,0.505685,0.532685,0.033683,0.128917,0.311821,0.389845,0.849347,0.678854,-0.000655,0.341617,0.124029,0.186192,0.249301,0.515737,0.116969,0.198961,0.639073,0.715732,0.662695,0.409237,0.148204,0.090317,0.497702,0.693140,0.728446,0.890895,0.141598,0.696223,0.179739,0.531201,0.142405,0.249085,-0.004991,0.187531
0.285994,0.249598,0.718578,0.552788,0.118930,0.175547,0.480875,0.213538,0.283828,0.152946,0.119577,0.036631,0.126434,0.197884,0.423452,0.388990,0.145466,0.113178,0.545574,0.213557,0.409417,0.177338,0.948958,0.609339,0.858107,0.576600,0.240380,0.047746,0.390907,0.311932,0.000000,1.179513,0.580057,0.523842,0.668631,0.629510,0.278715,0.138644,0.433273,0.271814,0.239995,0.116005,0.192391,0.412493,0.482935,0.315349,0.508873,0.359793,0.187300,0.216716,0.159135,0.150501,0.135904,0.255239,0.327299,0.276234,0.121661,0.290228,0.007312,-0.082456,0.057120,0.023592,0.331101,0.092118,0.498259,0.406149,0.331480,0.338458,0.246832,0.334529,0.332897,0.524411,0.333153,0.515618,0.411241,0.384482,0.433312,0.478264,0.085071,0.190221,0.295948,0.355274,0.088014,0.467731,0.482520,0.508288,0.355875,0.368988,0.369015,0.337102
0.179144,0.268470,0.491136,0.647931,0.153865,0.314139,0.301484,0.309527,0.246567,0.217305,0.043294,-0.006525,-0.023573,0.117167,0.345954,0.465263,0.210377,0.042491,0.337009,0.285223,0.392518,0.181253,0.640247,0.858570,0.582998,0.581455,0.283198,0.190911,0.430515,0.358822,1.179513,0.000000,0.487085,0.519693,0.528809,0.610610,0.177415,0.057721,0.291546,0.303535,0.279270,0.233073,0.198040,0.290768,0.446309,0.291568,0.395812,0.334384,0.158917,0.157449,0.154741,0.051762,0.207050,0.230572,0.346869,0.247601,0.106527,0.242667,-0.004010,-0.079142,0.049754,-0.022790,0.350490,0.130468,0.307337,0.435383,0.306666,0.422398,0.183546,0.359213,0.353105,0.574912,0.412415,0.452361,0.393052,0.383375,0.389738,0.453687,0.232768,0.166981,0.342436,0.359390,0.183064,0.504293,0.448128,0.636181,0.319668,0.417998,0.303433,0.329200
1.004478,0.678345,0.464373,0.447165,0.273281,0.227421,0.731647,0.536787,0.208430,0.396428,0.769789,0.480561,0.667544,0.727761,0.325590,0.558730,0.734587,0.574438,0.891722,0.818476,0.231225,0.219462,0.351224,0.272348,0.372546,0.315871,0.165736,0.097801,0.638697,0.575912,0.580057,0.487085,0.000000,1.441871,0.333612,0.411116,0.100396,-0.004964,0.308473,0.102556,0.195424,0.094149,0.304571,0.510001,0.562517,0.463796,0.708967,0.370978,0.643569,0.374244,0.637462,0.335304,0.341732,0.218092,0.631003,0.347702,0.792119,0.788271,0.509725,0.356276,0.800373,0.527469,0.767458,0.713700,0.357954,0.515406,0.787066,0.560404,0.713277,0.748826,0.287304,0.303522,0.697802,0.733104,0.413678,0.305796,0.636536,0.560128,0.450576,0.672991,0.688932,0.575711,0.009954,0.497385,0.454533,0.564296,0.305346,0.131360,0.272641,0.231034
0.850196,0.877716,0.259640,0.426115,0.226211,0.268822,0.567616,0.678179,0.246488,0.360434,0.611712,0.393231,0.478548,0.578601,0.246658,0.623092,0.910175,0.627379,0.823063,1.022031,0.209015,0.295528,0.281563,0.250072,0.371720,0.393509,0.204427,0.096325,0.667464,0.672437,0.523842,0.519693,1.441871,0.000000,0.275004,0.439106,0.069910,0.096451,0.210729,0.052374,0.123756,0.108451,0.321895,0.455775,0.484952,0.470058,0.594545,0.361057,0.534148,0.337658,0.515852,0.211888,0.418886,0.231331,0.547444,0.328093,0.833240,0.812369,0.349331,0.260373,0.673902,0.571227,0.852398,0.740798,0.227409,0.534129,0.607099,0.533270,0.759117,0.762571,0.223971,0.283221,0.795374,0.790440,0.469697,0.329730,0.521621,0.448017,0.470276,0.817261,0.795311,0.797763,0.024471,0.583661,0.412161,0.594821,0.295743,0.116746,0.142952,0.142136
0.198242,-0.003475,0.687371,0.527542,-0.017856,0.013821,0.364251,0.194504,0.023320,0.012778,0.080973,0.121936,0.155405,0.204373,0.183132,0.216500,-0.069628,-0.188059,0.164353,-0.026656,0.264203,0.025222,0.781453,0.460267,0.407187,0.212866,0.134589,-0.049460,0.011974,-0.049304,0.668631,0.528809,0.333612,0.275004,0.000000,1.073267,0.307157,0.224222,0.634000,0.361140,0.242520,0.204511,0.191012,0.297735,0.277212,0.112562,0.284161,0.241515,0.200911,0.109582,0.410635,0.296906,0.184886,0.232665,0.367614,0.338697,-0.045874,0.093032,0.319629,0.041036,0.083735,-0.005518,-0.046428,-0.217070,0.874850,0.503137,0.459098,0.467915,0.213116,0.195984,0.101310,0.223768,0.063547,0.217690,0.098254,0.012991,0.336632,0.313913,0.085732,0.167456,0.269796,0.158661,0.209885,0.286097,0.733833,0.515757,0.452025,0.367464,0.410815,0.356690
0.297681,0.167817,0.566980,0.751840,0.167853,0.268502,0.415613,0.408587,0.151797,0.185897,0.107883,0.310554,0.186876,0.315319,0.158846,0.213624,0.109800,0.007515,0.188894,0.141259,0.330720,0.200154,0.558690,0.487607,0.255927,0.281751,0.234096,0.163963,0.083254,0.033087,0.629510,0.610610,0.411116,0.439106,1.073267,0.000000,0.216012,0.151026,0.430363,0.345749,0.212244,0.170863,0.231759,0.322399,0.267262,0.149637,0.353544,0.257326,0.203366,0.051252,0.414117,0.314402,0.209169,0.164020,0.416719,0.320921,0.166987,0.266545,0.496508,0.138391,0.214287,0.193462,-0.024346,-0.113632,0.593959,0.739774,0.632652,0.708910,0.239811,0.359622,0.243022,0.353351,0.167484,0.285056,0.174991,0.105875,0.477101,0.537774,0.289649,0.260217,0.412765,0.312731,0.096757,0.290896,0.556515,0.561526,0.276866,0.231366,0.487189,0.441672
0.045576,-0.120574,0.256397,0.123268,0.267463,0.191743,0.155421,-0.138080,0.180163,-0.030278,0.002161,-0.154011,0.027213,-0.096182,0.412109,0.100943,-0.072375,-0.020281,0.096026,-0.148732,-0.009541,0.210810,0.426718,0.178195,0.392010,0.386139,0.120076,0.170632,-0.068570,0.065848,0.278715,0.177415,0.100396,0.069910,0.307157,0.216012,0.000000,0.588519,0.574297,0.490661,0.458423,0.307629,0.128744,0.314795,0.223518,0.095796,0.286928,0.188257,0.109653,0.071257,0.145590,0.205169,0.128183,0.161354,0.268558,0.381436,0.033750,0.129527,-0.000143,-0.089458,-0.156539,-0.145588,0.088346,-0.154590,0.237788,0.088666,0.109536,0.101076,-0.033141,0.140195,-0.063392,0.227401,0.106262,0.199805,0.156569,-0.035532,-0.023380,0.085334,-0.151698,0.104178,0.150331,0.174311,0.268959,0.241837,0.370088,0.218773,0.258664,0.606084,0.264005,0.348534
0.009955,0.075024,0.018209,0.048147,0.191895,0.132952,0.058778,0.040095,0.209666,-0.033669,-0.112962,-0.117738,-0.083847,-0.027411,0.153627,0.096640,-0.022570,0.080433,0.104858,0.026559,-0.130352,0.239917,0.256714,-0.049914,0.421740,0.407036,0.041651,-0.105187,-0.113815,0.035081,0.138644,0.057721,-0.004964,0.096451,0.224222,0.151026,0.588519,0.000000,0.394137,0.303404,0.095176,0.051124,0.201045,0.232041,0.056283,0.044771,0.267935,0.178301,0.014341,-0.011087,0.007856,0.031259,0.174245,0.142246,0.198139,0.359956,0.117723,0.201600,-0.096453,-0.035692,-0.187109,0.022602,0.084488,-0.092825,0.033405,0.046228,0.018005,0.065446,0.089302,0.170034,-0.075249,0.254731,0.014751,0.191731,-0.024793,-0.019142,-0.118183,0.067017,-0.145541,0.251439,0.116922,0.257010,-0.039971,0.322251,0.268728,0.084502,0.305394,0.447336,0.075226,0.202429
0.284739,-0.037204,0.654615,0.353073,0.227756,0.204056,0.409961,0.104026,0.051697,0.016212,0.203850,0.072481,0.226963,0.141855,0.393156,0.192720,0.024646,-0.101345,0.341079,0.035406,0.204009,0.162669,0.736151,0.346148,0.323795,0.204172,0.308047,0.159404,0.205387,0.059093,0.433273,0.291546,0.308473,0.210729,0.634000,0.430363,0.574297,0.394137,0.000000,0.703361,0.548243,0.362747,0.247898,0.351773,0.341544,0.062721,0.308503,0.207078,0.246095,0.059893,0.434249,0.278094,0.253783,0.240909,0.430234,0.421263,0.112143,0.166130,0.273541,0.013359,0.118903,-0.018280,0.079719,-0.116946,0.589263,0.195254,0.424951,0.275490,0.296756,0.266596,0.008066,0.129699,0.206118,0.211777,0.141633,0.287046,0.315601,0.286850,0.277132,0.142905,0.341629,0.088158,0.553449,0.351030,0.702451,0.305124,0.596341,0.585121,0.438560,0.459099
0.010139,-0.092436,0.476307,0.513419,0.376505,0.476110,0.178068,0.141767,0.087589,0.061526,-0.061194,0.080673,0.063218,0.008506,0.179752,-0.002107,-0.037793,-0.124809,-0.017114,-0.066914,0.377310,0.267908,0.486194,0.433886,0.133208,0.201904,0.291699,0.411653,-0.016967,-0.063903,0.271814,0.303535,0.102556,0.052374,0.361140,0.345749,0.490661,0.303404,0.703361,0.000000,0.374087,0.578898,0.200146,0.173799,0.108675,-0.043999,0.200874,0.189617,0.067201,-0.057068,0.255287,0.245766,0.126857,0.164366,0.307044,0.385503,-0.017873,0.141639,0.272471,0.121328,-0.022729,-0.072405,-0.196432,-0.212667,0.268918,0.174268,0.331735,0.348325,-0.038071,0.229310,0.161164,0.187834,0.092356,0.111422,-0.004680,0.133706,0.248850,0.309937,0.206217,-0.040741,0.144528,-0.127211,0.515262,0.158960,0.297760,0.155956,0.372281,0.387389,0.429904,0.491801
0.124476,-0.015241,0.367413,0.223326,0.138326,0.189324,0.109198,-0.003163,-0.047559,-0.027334,0.083830,-0.070972,0.023843,-0.029179,0.240680,0.135305,0.037156,-0.141268,0.173963,0.040994,0.167305,0.135086,0.430343,0.433657,0.206631,0.179638,0.208559,0.225813,-0.011660,-0.053302,0.239995,0.279270,0.195424,0.123756,0.242520,0.212244,0.458423,0.095176,0.548243,0.374087,0.000000,0.521874,0.232182,0.176556,0.307971,0.017025,0.180829,0.103255,0.154800,0.010532,0.287427,0.054474,0.192178,0.142258,0.337070,0.228201,0.059034,0.106261,0.078028,-0.091642,0.055644,-0.147712,0.107744,-0.026344,0.227488,-0.057407,0.300173,0.221400,0.092925,0.166438,0.063398,0.130988,0.202350,0.115859,0.067161,0.198459,0.352212,0.257118,0.104292,-0.025697,0.155512,-0.005503,0.399261,0.318104,0.441214,0.248484,0.354192,0.487125,0.403228,0.350105
-0.013327,-0.016122,0.342570,0.378839,0.273939,0.503394,0.090973,0.090050,0.050723,0.032181,-0.029616,-0.050161,0.005080,-0.097993,0.121923,0.081201,0.080999,-0.114567,-0.027988,0.028681,0.231933,0.192373,0.284892,0.467717,0.027774,0.157888,0.422238,0.496723,0.077366,0.041795,0.116005,0.233073,0.094149,0.108451,0.204511,0.170863,0.307629,0.051124,0.362747,0.578898,0.521874,0.000000,0.292685,0.184096,0.193367,0.075322,0.134522,0.255974,0.124850,0.094146,0.335491,0.241356,0.262007,0.334206,0.314359,0.324313,0.006585,0.119094,0.115917,0.083441,0.028882,-0.130241,0.001814,-0.007990,0.103181,-0.025705,0.268844,0.324204,-0.052015,0.133905,0.200988,0.119133,0.186867,0.006004,-0.011630,0.066308,0.266138,0.231123,0.246511,-0.000524,0.201181,0.005859,0.660751,0.305319,0.302777,0.323176,0.230174,0.365416,0.295332,0.384337
0.425846,0.454044,0.346384,0.417130,0.365280,0.403457,0.321648,0.406678,0.256797,0.369597,0.043195,0.124248,0.000662,0.142899,0.215803,0.500308,0.346192,0.098630,0.479851,0.613953,0.030091,0.116222,0.260229,0.398269,0.167511,0.100366,0.325151,0.161774,0.256000,0.116684,0.192391,0.198040,0.304571,0.321895,0.191012,0.231759,0.128744,0.201045,0.247898,0.200146,0.232182,0.292685,0.000000,0.870001,0.681554,0.619083,0.702315,1.059200,0.631303,0.544208,0.619285,0.443547,0.865119,0.726866,0.806829,0.881752,0.294779,0.418430,0.329448,0.488179,0.109434,0.119847,0.119788,0.137476,0.031224,0.108417,0.653770,0.808353,0.325839,0.710919,0.121628,0.242882,0.297057,0.158917,0.083389,0.070297,0.485425,0.431519,0.282839,0.134024,0.475835,0.320949,0.165077,0.528646,0.446336,0.422525,0.249474,0.098774,0.442965,0.541918
0.505676,0.468769,0.336412,0.328582,0.288167,0.372773,0.383778,0.224040,0.222222,0.237937,0.107152,0.106672,0.116971,0.202239,0.249490,0.508521,0.388456,0.328794,0.546836,0.510697,0.093010,0.108971,0.308058,0.268695,0.350040,0.350642,0.220414,0.137695,0.353029,0.332597,0.412493,0.290768,0.510001,0.455775,0.297735,0.322399,0.314795,0.232041,0.351773,0.173799,0.176556,0.184096,0.870001,0.000000,1.035884,1.079818,0.897176,1.450341,0.905970,1.018956,0.720750,0.863654,0.717334,0.952143,0.774455,1.011926,0.391909,0.542513,0.327964,0.556625,0.056273,0.088585,0.369085,0.211460,0.151324,0.220179,0.616249,0.676460,0.369904,0.650471,0.179357,0.380976,0.339140,0.316001,0.221906,0.135609,0.467727,0.501255,0.264455,0.344999,0.533263,0.528089,0.155382,0.615842,0.481009,0.650391,0.117803,0.206546,0.224265,0.403332
0.521036,0.382721,0.325002,0.282952,0.116328,0.192770,0.337508,0.182689,0.044145,0.090579,0.121384,0.007101,0.079944,0.129923,0.234102,0.532944,0.366093,0.196248,0.580605,0.474155,0.043577,-0.098174,0.295705,0.331592,0.303206,0.270635,0.100499,0.026465,0.453535,0.327079,0.482935,0.446309,0.562517,0.484952,0.277212,0.267262,0.223518,0.056283,0.341544,0.108675,0.307971,0.193367,0.681554,1.035884,0.000000,1.241942,0.753874,0.893989,1.087248,0.924313,0.691657,0.597464,0.519529,0.647669,0.635870,0.651906,0.394483,0.384779,0.253318,0.390710,0.111784,0.038755,0.427365,0.252120,0.149813,0.176759,0.638718,0.614172,0.381554,0.555957,0.166381,0.335016,0.351924,0.345608,0.308120,0.156164,0.484636,0.395020,0.319385,0.232126,0.499240,0.405030,0.182481,0.545711,0.503596,0.599155,0.110352,0.225481,0.203832,0.307886
0.399702,0.497949,0.082871,0.168030,0.105739,0.213550,0.193999,0.205393,0.123026,0.162793,0.057644,0.039863,0.022380,0.138650,0.102356,0.536783,0.380986,0.326256,0.446005,0.554167,-0.003559,-0.044652,0.064887,0.170590,0.253578,0.252003,0.102001,0.015433,0.435055,0.411157,0.315349,0.291568,0.463796,0.470058,0.112562,0.149637,0.095796,0.044771,0.062721,-0.043999,0.017025,0.075322,0.619083,1.079818,1.241942,0.000000,0.639047,1.032957,0.984446,1.450531,0.562157,0.712395,0.554370,0.780379,0.522097,0.711101,0.396893,0.416804,0.164961,0.600238,0.032045,0.137776,0.412699,0.333880,-0.074447,0.175600,0.440924,0.573218,0.306228,0.472450,0.152254,0.266824,0.326863,0.324254,0.228836,0.032463,0.307623,0.266224,0.243461,0.282090,0.412329,0.450576,0.021985,0.515131,0.274175,0.559835,0.015174,0.105536,-0.006299,0.163307
0.641578,0.585469,0.435168,0.485588,0.264616,0.324379,0.471884,0.335867,0.219944,0.248119,0.248701,0.252211,0.213301,0.317542,0.237945,0.373578,0.378921,0.332341,0.709779,0.557730,0.148961,0.179301,0.387627,0.300658,0.405016,0.372452,0.187692,0.069161,0.333615,0.190516,0.508873,0.395812,0.708967,0.594545,0.284161,0.353544,0.286928,0.267935,0.308503,0.200874,0.180829,0.134522,0.702315,0.897176,0.753874,0.639047,0.000000,0.827843,0.773552,0.546177,0.669964,0.518893,0.521199,0.450808,0.727514,0.688360,0.537761,0.718049,0.420755,0.460157,0.246112,0.198667,0.349600,0.253166,0.158622,0.259520,0.716801,0.659344,0.466186,0.677077,0.253288,0.382538,0.365300,0.343363,0.237733,0.121000,0.614625,0.599490,0.236770,0.370342,0.447111,0.431725,0.102217,0.467253,0.524610,0.489536,0.189922,0.102216,0.322478,0.319757
0.383112,0.486535,0.302772,0.436994,0.331544,0.434328,0.292397,0.299615,0.256350,0.271833,0.026900,0.104428,0.056706,0.155107,0.208118,0.503107,0.386446,0.286285,0.401099,0.540492,0.126942,0.056950,0.249121,0.392350,0.288355,0.295656,0.278801,0.146042,0.316376,0.269841,0.359793,0.334384,0.370978,0.361057,0.241515,0.257326,0.188257,0.178301,0.207078,0.189617,0.103255,0.255974,1.059200,1.450341,0.893989,1.032957,0.827843,0.000000,0.793017,0.989632,0.652623,0.772200,0.800894,1.109931,0.850877,1.099055,0.276956,0.482367,0.275154,0.613553,0.007144,0.057734,0.295429,0.204901,0.011798,0.215715,0.573762,0.807651,0.210024,0.631718,0.246267,0.392071,0.326771,0.246580,0.174456,0.073861,0.449888,0.544373,0.262947,0.238922,0.466004,0.481952,0.153237,0.599375,0.445404,0.692401,0.097539,0.140481,0.272556,0.473483
0.691762,0.493556,0.284517,0.261386,0.134095,0.145536,0.363889,0.252733,0.016448,0.159376,0.298689,0.240300,0.267942,0.341550,0.124991,0.486437,0.370965,0.278184,0.517311,0.534195,0.030988,0.001314,0.124606,0.110258,0.133711,0.125147,0.024510,-0.031760,0.345163,0.235547,0.187300,0.158917,0.643569,0.534148,0.200911,0.203366,0.109653,0.014341,0.246095,0.067201,0.154800,0.124850,0.631303,0.905970,1.087248,0.984446,0.773552,0.793017,0.000000,0.967493,1.302831,0.884489,0.740643,0.674653,0.801525,0.695450,0.517847,0.524445,0.581542,0.774456,0.253781,0.187840,0.345941,0.282992,0.075657,0.163672,0.763899,0.640844,0.471108,0.516853,0.129311,0.168819,0.389143,0.319962,0.180282,0.118972,0.467276,0.403768,0.301299,0.329827,0.510112,0.411383,0.103749,0.418803,0.473363,0.611096,0.088883,0.021523,0.170292,0.258411
