0.000000,0.972908,0.443015,0.098585,0.410187,0.097220,0.474211,0.144129,0.486561,0.153626,0.871130,0.386698,0.758381,0.228232,0.862441,0.398831,0.409435,0.605399,0.767810,0.405625,0.497936,0.301308,0.354457,-0.040588,0.063354,0.068781,0.467125,0.380811,0.618061,0.343589,0.137324,0.034851,0.233082,0.246250,0.159579,0.148565,0.432131,0.458015,0.469565,0.567360,0.434743,0.360154,0.622765,0.686132,0.542015,0.569246,0.895649,0.792553,0.599847,0.630671,0.668750,0.519220,0.790165,0.891351,0.735450,0.864463,1.160808,0.852212,0.726429,0.417424,0.834478,0.494658,0.484147,0.217854,0.483892,0.363980,0.596485,0.365390,0.913190,0.299637,0.205622,-0.006838,0.475434,0.261066,0.618493,0.506049,0.441481,0.361916,0.406715,0.717012,0.512433,0.639528,0.650225,0.499771,0.826212,0.516964,0.611141,0.640931,0.711478,0.827100
0.972908,0.000000,0.422414,0.346735,0.200863,0.035559,0.402492,0.316587,0.275229,0.133771,0.622880,0.469060,0.445845,0.396278,0.466854,0.461236,0.572407,0.995894,0.387151,0.633932,0.454203,0.365483,0.407819,0.195234,0.060702,0.165682,0.478652,0.402095,0.452541,0.518644,0.358044,0.293124,0.423197,0.571348,0.284864,0.369230,0.438196,0.688432,0.747636,0.934311,0.684948,0.752095,0.814336,0.830006,0.756639,0.796738,1.146240,0.975073,0.800253,0.849856,0.880747,0.660872,0.966020,0.833791,0.990658,0.913107,1.075734,1.420995,0.737710,0.569180,0.664170,0.688890,0.350842,0.211713,0.425704,0.547584,0.607321,0.576700,0.912850,0.534791,0.140670,0.052623,0.541562,0.561759,0.563306,0.656844,0.474196,0.537294,0.521217,1.007785,0.385372,0.810165,0.626757,0.609027,0.791717,0.706250,0.770207,0.875636,0.829403,0.807343
0.443015,0.422414,0.000000,0.423759,0.063286,-0.478054,1.491750,0.244643,0.281725,-0.214804,0.391630,0.097415,0.562436,-0.048607,0.590966,0.304739,0.172907,0.380443,0.486293,0.051087,0.424451,0.265702,1.226313,0.189128,0.054019,0.011638,0.337884,0.235950,0.447580,0.131825,0.804738,0.442314,0.297413,0.266075,0.524993,0.293030,0.340647,0.405911,0.446325,0.474352,0.177022,0.002284,0.316569,0.200525,0.385712,0.209550,0.347620,0.291855,0.307174,0.307255,0.467096,0.421441,0.380581,0.407155,0.264488,0.440961,0.300066,0.368599,0.022784,-0.066926,0.422451,0.139456,0.215986,-0.119024,0.953334,0.435515,0.440632,0.173825,0.426656,0.098357,0.291811,0.163466,0.379237,0.091143,0.558098,0.384753,0.339918,0.185005,0.070662,0.371566,0.226359,0.286672,0.199311,0.372486,0.777248,0.481167,0.407407,0.428828,0.362729,0.467488
0.098585,0.346735,0.423759,0.000000,0.121384,-0.056327,0.552790,1.197035,0.189524,0.202857,0.119603,0.570107,0.113175,0.441275,0.072540,0.790017,0.350479,0.506748,-0.007228,0.211833,0.215403,0.452756,0.568297,0.855172,0.237728,0.377605,0.298196,0.480236,0.082354,0.256318,0.668075,0.974649,-0.000122,0.252449,0.449364,0.641973,0.280495,0.402939,0.418985,0.511238,0.163454,0.238221,0.492304,0.347711,0.592619,0.444632,0.411816,0.428517,0.408510,0.474492,0.465224,0.426558,0.391974,0.240391,0.447405,0.227103,0.096627,0.182199,0.047404,0.025189,0.280975,0.284792,0.090385,0.217397,0.573848,0.884099,0.376764,0.485793,0.066468,0.130660,0.393814,0.421804,0.183278,0.364243,0.252888,0.433026,0.205038,0.347708,0.137997,0.313869,0.184273,0.197740,0.229820,0.259879,0.515970,0.362868,0.417428,0.494246,0.517177,0.263974
0.410187,0.200863,0.063286,0.121384,0.000000,0.835274,0.186772,0.260268,1.364517,0.793330,0.444874,0.505931,0.541666,0.460165,0.709553,0.324520,-0.083758,0.114988,0.235036,0.249471,0.000150,-0.189154,-0.054002,-0.008521,0.728356,0.531086,0.480420,0.349586,0.055720,0.040944,-0.205793,-0.262510,-0.034141,0.082377,-0.018284,0.273517,0.161167,0.278113,0.064318,0.199310,0.225607,0.279414,0.482413,0.465969,0.395851,0.530746,0.460151,0.512078,0.426429,0.450794,0.474911,0.418369,0.495626,0.463876,0.400991,0.547192,0.353023,0.297297,0.581660,0.554071,0.800023,0.567320,0.691008,0.582261,0.298651,0.492698,0.768118,0.667883,0.254926,0.107463,0.104121,-0.105153,0.122492,0.060676,0.242014,0.205754,0.313864,0.320286,-0.088331,0.099984,0.038017,0.293310,0.304966,0.030626,0.312988,0.347674,0.221164,0.156464,0.456024,0.590452
0.097220,0.035559,-0.478054,-0.056327,0.835274,0.000000,-0.257731,0.169524,0.604376,1.114564,0.201870,0.430907,0.158275,0.585544,0.199505,0.142461,-0.006707,0.055428,-0.112251,0.291200,-0.072457,-0.160157,-0.522013,0.027056,0.555155,0.541253,0.326885,0.304924,-0.111126,0.112894,-0.397158,-0.314022,-0.063715,0.062976,-0.269039,0.122391,-0.045529,0.016755,-0.132428,-0.010812,0.188721,0.338765,0.303262,0.334649,0.244474,0.455763,0.312348,0.344168,0.309700,0.295196,0.233788,0.202137,0.273629,0.173343,0.272150,0.202719,0.204105,0.145975,0.558591,0.617572,0.402077,0.470952,0.588744,0.685213,-0.163915,0.229005,0.375372,0.506068,-0.013081,0.106141,0.026969,-0.083377,0.038527,0.194183,-0.021983,0.029436,0.071988,0.188097,0.010677,-0.017601,-0.002097,0.244470,0.152284,-0.087736,-0.059970,0.195690,0.032672,0.036383,0.226188,0.292764
0.474211,0.402492,1.491750,0.552790,0.186772,-0.257731,0.000000,0.522127,0.424082,-0.016769,0.489059,0.310532,0.709370,0.149551,0.583884,0.473718,0.188701,0.487507,0.416336,0.123533,0.385319,0.273559,0.921061,0.200608,0.118620,0.104255,0.390152,0.372740,0.459095,0.264961,0.809953,0.486894,0.201298,0.265463,0.397388,0.342108,0.284605,0.461284,0.384625,0.496637,0.129554,0.009593,0.392519,0.292068,0.505215,0.341717,0.457736,0.413090,0.407667,0.425742,0.534227,0.492441,0.482831,0.495786,0.340368,0.478691,0.304824,0.346586,0.100156,0.017180,0.560943,0.260562,0.346865,0.097158,0.958423,0.578555,0.522552,0.311566,0.380149,0.076738,0.296107,0.167389,0.344863,0.168932,0.482406,0.445888,0.256914,0.243485,0.089487,0.413827,0.327651,0.399092,0.276649,0.363429,0.827451,0.555255,0.476484,0.527988,0.480823,0.586538
0.144129,0.316587,0.244643,1.197035,0.260268,0.169524,0.522127,0.000000,0.311468,0.388098,0.335220,0.943210,0.305069,0.846678,0.097274,0.798639,0.222640,0.603092,-0.058983,0.286140,0.150499,0.314394,0.182744,0.385731,0.144161,0.201555,0.229465,0.474995,0.155021,0.488606,0.462654,0.597561,-0.006170,0.303416,0.062002,0.503225,0.057892,0.369957,0.234027,0.402729,0.083141,0.228374,0.543266,0.434120,0.656149,0.626192,0.493480,0.502664,0.541550,0.586201,0.537721,0.486678,0.468844,0.310084,0.446466,0.281243,0.173106,0.216758,0.215515,0.176026,0.400396,0.473329,0.333383,0.624034,0.298902,0.741590,0.394590,0.596944,0.060099,0.065471,0.307061,0.309198,0.183991,0.516278,0.180006,0.505487,0.143404,0.413916,0.097429,0.303343,0.232101,0.413334,0.201624,0.146880,0.396446,0.392263,0.333456,0.402978,0.540947,0.407184
0.486561,0.275229,0.281725,0.189524,1.364517,0.604376,0.424082,0.311468,0.000000,0.679574,0.603356,0.542229,0.750303,0.472760,0.993176,0.400740,0.015740,0.231671,0.287743,0.198746,0.085920,-0.121031,0.103461,0.017757,0.601770,0.345636,0.386809,0.306366,0.175074,0.084583,-0.035838,-0.156182,0.014863,0.111687,0.081109,0.360688,0.190399,0.286740,0.166631,0.298772,0.263621,0.250495,0.420203,0.377584,0.410204,0.471370,0.466656,0.503163,0.395003,0.429316,0.485404,0.460002,0.495278,0.502357,0.402533,0.561132,0.404715,0.385539,0.473001,0.424739,0.956623,0.587098,0.812422,0.543040,0.513070,0.580534,0.741138,0.581132,0.264526,0.095856,0.180019,-0.042206,0.187959,0.102019,0.301645,0.284465,0.398525,0.373783,-0.036321,0.196758,0.092978,0.343926,0.347432,0.130203,0.448072,0.422830,0.317761,0.238844,0.504176,0.643916
0.153626,0.133771,-0.214804,0.202857,0.793330,1.114564,-0.016769,0.388098,0.679574,0.000000,0.224386,0.602213,0.228278,0.707310,0.254661,0.408963,-0.023201,0.172730,-0.070839,0.243418,-0.072395,-0.127666,-0.249617,0.146742,0.567786,0.496622,0.373295,0.323094,-0.138407,0.113250,-0.198843,-0.129839,-0.102407,0.059439,-0.134215,0.264061,0.018556,0.194471,0.032034,0.167129,0.085765,0.291121,0.426690,0.391578,0.376344,0.579646,0.389476,0.454045,0.403522,0.444603,0.358833,0.331578,0.383371,0.257197,0.371587,0.297026,0.224512,0.214799,0.571704,0.641913,0.503684,0.582227,0.577675,0.758903,0.047991,0.457734,0.526918,0.709911,0.042070,0.155306,0.073576,-0.015075,-0.002307,0.209573,0.081529,0.163593,0.078274,0.271165,-0.043284,0.026592,-0.022685,0.241020,0.214198,0.073809,0.094317,0.246668,0.175838,0.177701,0.404945,0.342228
0.871130,0.622880,0.391630,0.119603,0.444874,0.201870,0.489059,0.335220,0.603356,0.224386,0.000000,0.672238,1.338872,0.557306,0.816944,0.461337,0.434147,0.598819,0.488000,0.316305,0.421994,0.180069,0.152472,-0.190879,0.189190,0.029469,0.436107,0.422612,0.806179,0.452719,0.213511,0.049572,0.212908,0.305070,0.034748,0.184944,0.266489,0.258142,0.387360,0.343757,0.438221,0.337313,0.460134,0.430855,0.454658,0.475585,0.634765,0.521959,0.462470,0.454673,0.525098,0.402798,0.516266,0.494986,0.565087,0.566046,0.818292,0.695167,0.562810,0.369774,0.963445,0.634251,0.988563,0.564014,0.402618,0.393432,0.541064,0.310212,0.487798,0.083001,0.343204,0.104162,0.631755,0.424269,0.567993,0.503789,0.603092,0.380666,0.434603,0.590287,0.591536,0.647419,0.423568,0.321910,0.671480,0.430473,0.426422,0.470873,0.562392,0.764753
0.386698,0.469060,0.097415,0.570107,0.505931,0.430907,0.310532,0.943210,0.542229,0.602213,0.672238,0.000000,0.638868,1.382684,0.350314,0.799655,0.307929,0.703195,0.120064,0.436466,0.166020,0.106236,-0.015187,0.127484,0.239027,0.230500,0.233069,0.412138,0.267381,0.550291,0.169039,0.231403,0.082447,0.316061,-0.038230,0.374086,0.076993,0.387959,0.264692,0.388520,0.279793,0.436734,0.623067,0.549763,0.688319,0.785673,0.633562,0.617367,0.601871,0.672414,0.602406,0.533259,0.557985,0.370039,0.639225,0.430448,0.395159,0.454367,0.497364,0.481189,0.743700,0.843541,0.679488,1.134572,0.279470,0.708238,0.556791,0.623563,0.216618,0.220246,0.305737,0.248057,0.297837,0.570476,0.324075,0.616510,0.364025,0.611844,0.258659,0.491070,0.335099,0.553982,0.314987,0.196634,0.441036,0.384563,0.424948,0.427115,0.612209,0.488635
0.758381,0.445845,0.562436,0.113175,0.541666,0.158275,0.709370,0.305069,0.750303,0.228278,1.338872,0.638868,0.000000,0.489299,0.992730,0.419181,0.232584,0.442310,0.479424,0.173574,0.370922,0.052425,0.216042,-0.216438,0.262256,0.029398,0.413115,0.332230,0.648246,0.306342,0.201629,-0.027493,0.164480,0.209169,0.083516,0.192931,0.215975,0.281657,0.303652,0.353697,0.322078,0.205987,0.390617,0.343027,0.412085,0.419269,0.503635,0.458711,0.385450,0.414285,0.534896,0.478057,0.500334,0.501724,0.422893,0.581266,0.669220,0.575719,0.464698,0.343739,1.014718,0.611169,0.887787,0.559770,0.550444,0.450160,0.636967,0.339076,0.464859,0.051567,0.312774,0.096036,0.494663,0.245529,0.564971,0.480551,0.520070,0.361030,0.240561,0.515686,0.418750,0.512443,0.371928,0.261035,0.701955,0.462279,0.424546,0.441614,0.537627,0.776263
0.228232,0.396278,-0.048607,0.441275,0.460165,0.585544,0.149551,0.846678,0.472760,0.707310,0.557306,1.382684,0.489299,0.000000,0.217103,0.626317,0.186025,0.632358,-0.022191,0.465924,0.057761,0.046848,-0.171117,0.100024,0.260352,0.220315,0.195719,0.344483,0.156300,0.583168,0.074168,0.112783,0.081904,0.316068,-0.182071,0.283834,-0.021524,0.328935,0.218476,0.340297,0.248214,0.517934,0.563775,0.538941,0.536646,0.748720,0.568277,0.608627,0.617641,0.652068,0.573036,0.522520,0.508717,0.360702,0.557343,0.409702,0.327301,0.414116,0.586553,0.583737,0.569163,0.741790,0.626797,1.065308,0.039718,0.509653,0.506903,0.680253,0.147364,0.234508,0.220146,0.197927,0.241222,0.594596,0.177912,0.480406,0.246067,0.534485,0.152447,0.336785,0.213446,0.578609,0.238045,0.177449,0.248211,0.386740,0.256688,0.337319,0.526761,0.499798
0.862441,0.466854,0.590966,0.072540,0.709553,0.199505,0.583884,0.097274,0.993176,0.254661,0.816944,0.350314,0.992730,0.217103,0.000000,0.426287,0.172764,0.341914,0.619223,0.161838,0.369221,0.073922,0.398736,-0.035042,0.295540,0.187954,0.478264,0.370271,0.551143,0.174173,0.141320,-0.048777,0.098435,0.103908,0.220309,0.168072,0.337822,0.318491,0.300329,0.364599,0.347170,0.228720,0.351344,0.333791,0.318021,0.327010,0.498742,0.453604,0.357193,0.384672,0.509193,0.428109,0.526231,0.585045,0.416812,0.587763,0.588311,0.544819,0.409165,0.270050,0.876391,0.417549,0.652749,0.223892,0.715233,0.439232,0.599853,0.278835,0.459899,0.058197,0.292718,0.008969,0.389732,0.109289,0.488807,0.323030,0.490462,0.318632,0.126000,0.407910,0.334647,0.406441,0.457449,0.347275,0.817666,0.479298,0.392111,0.369587,0.534995,0.699215
0.398831,0.461236,0.304739,0.790017,0.324520,0.142461,0.473718,0.798639,0.400740,0.408963,0.461337,0.799655,0.419181,0.626317,0.426287,0.000000,0.388010,0.620269,0.131756,0.203268,0.237010,0.392294,0.365534,0.442591,0.183311,0.350560,0.405866,0.606878,0.260483,0.327857,0.328802,0.458771,-0.129421,0.068708,0.227196,0.356516,0.416754,0.538302,0.462291,0.524696,0.288154,0.377320,0.530173,0.440419,0.480847,0.542519,0.598127,0.589043,0.525872,0.635063,0.584357,0.488047,0.646418,0.491043,0.662135,0.390682,0.338312,0.366219,0.334401,0.257380,0.564024,0.462628,0.383014,0.402290,0.549168,0.864240,0.423883,0.514148,0.249060,0.175646,0.306031,0.161113,0.173738,0.258259,0.269865,0.305176,0.265234,0.389628,0.247966,0.442349,0.427131,0.450014,0.376706,0.459901,0.715123,0.466328,0.407201,0.548331,0.800347,0.485366
0.409435,0.572407,0.172907,0.350479,-0.083758,-0.006707,0.188701,0.222640,0.015740,-0.023201,0.434147,0.307929,0.232584,0.186025,0.172764,0.388010,0.000000,0.679640,0.118609,0.170221,0.459675,0.651832,0.313988,0.365022,0.073291,0.216155,0.303978,0.485791,0.711790,0.485742,0.466932,0.564497,0.121534,0.214314,0.393830,0.332295,0.549760,0.181352,0.509355,0.367208,0.602537,0.531562,0.254545,0.272851,0.360730,0.304032,0.410496,0.315487,0.256120,0.268703,0.267279,0.220053,0.253830,0.225268,0.479863,0.221027,0.548685,0.527346,0.170104,0.087238,0.314870,0.282865,0.280334,0.122382,0.386680,0.405352,0.156022,0.105578,0.289241,0.202450,0.419271,0.384435,0.657291,0.553179,0.448511,0.317797,0.505602,0.310952,1.079433,0.798503,0.813318,0.457435,0.388105,0.353072,0.555306,0.329568,0.474478,0.566441,0.300884,0.233666
0.605399,0.995894,0.380443,0.506748,0.114988,0.055428,0.487507,0.603092,0.231671,0.172730,0.598819,0.703195,0.442310,0.632358,0.341914,0.620269,0.679640,0.000000,0.319390,0.599406,0.358417,0.387550,0.356938,0.218634,0.013748,0.141728,0.319773,0.450989,0.535275,0.867889,0.490252,0.449624,0.206342,0.425417,0.106662,0.381908,0.284361,0.658744,0.466486,0.610428,0.542070,0.629263,0.637432,0.642491,0.691679,0.741417,0.869934,0.740106,0.752459,0.721035,0.671919,0.507729,0.703077,0.624536,0.703116,0.562370,0.585037,0.808898,0.446748,0.379395,0.436849,0.553168,0.316919,0.371230,0.338343,0.497789,0.367135,0.467575,0.479227,0.356626,0.343782,0.302266,0.529339,0.775644,0.432015,0.662405,0.362717,0.602068,0.518293,1.067971,0.612613,0.931994,0.468320,0.564784,0.662042,0.538976,0.566833,0.717283,0.635706,0.577457
0.767810,0.387151,0.486293,-0.007228,0.235036,-0.112251,0.416336,-0.058983,0.287743,-0.070839,0.488000,0.120064,0.479424,-0.022191,0.619223,0.131756,0.118609,0.319390,0.000000,0.606781,0.333432,0.087345,0.414780,-0.142052,0.027389,-0.045320,0.259796,0.127834,0.454546,0.153424,0.121674,-0.040505,0.357247,0.281765,0.124037,0.008305,0.140752,0.192202,0.164342,0.143255,0.159583,0.023355,0.173159,0.208323,0.176209,0.100026,0.265321,0.199725,0.102039,0.076720,0.110680,-0.026630,0.214085,0.282102,0.223097,0.244818,0.387159,0.395603,0.181827,0.188012,0.366977,0.240775,0.176960,-0.003788,0.355095,0.030813,0.291562,0.020037,0.564531,0.313030,0.263792,0.093609,0.397419,0.138138,0.495039,0.410835,0.407913,0.352088,0.089615,0.330339,0.357310,0.139554,0.311830,0.310466,0.424259,-0.016944,0.207102,0.166605,0.217188,0.224752
0.405625,0.633932,0.051087,0.211833,0.249471,0.291200,0.123533,0.286140,0.198746,0.243418,0.316305,0.436466,0.173574,0.465924,0.161838,0.203268,0.170221,0.599406,0.606781,0.000000,0.194757,0.079088,0.048997,0.103741,0.138786,0.220546,0.302493,0.180841,0.196601,0.518687,0.132993,0.119743,0.513622,0.732530,-0.015927,0.235166,0.031931,0.366344,0.279682,0.326583,0.370823,0.461316,0.481161,0.535543,0.495069,0.537170,0.536144,0.464039,0.395946,0.366925,0.305810,0.135612,0.425706,0.289632,0.443175,0.300373,0.389858,0.590472,0.451264,0.633677,0.296433,0.553026,0.213209,0.309827,0.009671,0.188921,0.424295,0.484365,0.575298,0.658390,0.130016,0.091061,0.378703,0.561494,0.299830,0.558779,0.276091,0.561317,0.202829,0.457525,0.207699,0.439202,0.314501,0.326873,0.193029,0.175594,0.260033,0.290130,0.325055,0.271347
0.497936,0.454203,0.424451,0.215403,0.000150,-0.072457,0.385319,0.150499,0.085920,-0.072395,0.421994,0.166020,0.370922,0.057761,0.369221,0.237010,0.459675,0.358417,0.333432,0.194757,0.000000,0.923436,0.368245,0.146214,0.061685,0.098943,0.491934,0.493158,0.577239,0.307062,0.484372,0.361817,0.184274,0.223357,0.234980,0.187022,0.396594,0.278826,0.410116,0.374406,0.317442,0.232853,0.264338,0.252440,0.252373,0.273799,0.375162,0.289774,0.248537,0.243576,0.304939,0.259305,0.354739,0.280956,0.279135,0.264190,0.489997,0.396505,0.236425,0.092173,0.284503,0.184504,0.195063,0.033646,0.312422,0.254438,0.231297,0.085500,0.328399,0.171488,0.656583,0.446517,0.569142,0.331499,0.535193,0.372004,0.372121,0.267930,0.494232,0.616338,0.408479,0.370241,0.309167,0.326878,0.459699,0.322543,0.227322,0.391872,0.319619,0.290173
0.301308,0.365483,0.265702,0.452756,-0.189154,-0.160157,0.273559,0.314394,-0.121031,-0.127666,0.180069,0.106236,0.052425,0.046848,0.073922,0.392294,0.651832,0.387550,0.087345,0.079088,0.923436,0.000000,0.405699,0.409303,0.013513,0.178857,0.385275,0.628688,0.495522,0.367724,0.538287,0.641954,0.020546,0.097558,0.342332,0.215873,0.530387,0.248075,0.446397,0.357238,0.351303,0.314896,0.244078,0.218182,0.226926,0.201984,0.324948,0.255719,0.205939,0.208824,0.246899,0.208288,0.330868,0.217084,0.313073,0.130645,0.333906,0.233707,0.113236,-0.020738,0.096383,-0.021023,-0.048817,-0.142416,0.260452,0.202049,0.097880,0.080736,0.141420,0.088911,0.515422,0.437462,0.459276,0.367844,0.405314,0.267463,0.252501,0.122408,0.571889,0.499607,0.497108,0.313850,0.207600,0.256308,0.436573,0.258123,0.204396,0.423303,0.307093,0.154444
0.354457,0.407819,1.226313,0.568297,-0.054002,-0.522013,0.921061,0.182744,0.103461,-0.249617,0.152472,-0.015187,0.216042,-0.171117,0.398736,0.365534,0.313988,0.356938,0.414780,0.048997,0.368245,0.405699,0.000000,0.621147,0.137357,0.234994,0.323876,0.226786,0.342621,0.063849,0.931175,0.750327,0.137375,0.160811,0.877967,0.346251,0.482250,0.370129,0.549647,0.482904,0.239003,0.081444,0.311876,0.228522,0.374810,0.148062,0.318216,0.290666,0.267041,0.281264,0.383708,0.344148,0.321458,0.368508,0.276158,0.317443,0.187078,0.265241,-0.096001,-0.170625,0.214655,-0.039234,-0.041763,-0.371786,0.998447,0.476265,0.349236,0.147023,0.308894,0.082122,0.324614,0.230197,0.276782,0.037950,0.428394,0.256450,0.284512,0.143270,0.150790,0.341757,0.266147,0.148179,0.266625,0.468405,0.787063,0.409854,0.393580,0.485980,0.338431,0.284337
-0.040588,0.195234,0.189128,0.855172,-0.008521,0.027056,0.200608,0.385731,0.017757,0.146742,-0.190879,0.127484,-0.216438,0.100024,-0.035042,0.442591,0.365022,0.218634,-0.142052,0.103741,0.146214,0.409303,0.621147,0.000000,0.373286,0.684493,0.255354,0.247275,-0.051706,0.056325,0.525525,0.903777,-0.107619,0.076497,0.701196,0.531527,0.371194,0.222269,0.402682,0.372653,0.247557,0.283662,0.344778,0.272729,0.387724,0.258978,0.261704,0.298693,0.267440,0.315043,0.300676,0.315754,0.245624,0.147814,0.296345,0.083882,-0.007117,0.051634,-0.051086,-0.034735,0.021499,-0.005749,-0.088212,-0.149258,0.435552,0.648114,0.255401,0.334998,-0.039277,0.074962,0.301399,0.333641,0.110083,0.184345,0.131822,0.123133,0.143686,0.177011,0.164907,0.154827,0.070979,0.024636,0.191392,0.284544,0.325183,0.387518,0.280698,0.401987,0.265184,0.075788
0.063354,0.060702,0.054019,0.237728,0.728356,0.555155,0.118620,0.144161,0.601770,0.567786,0.189190,0.239027,0.262256,0.260352,0.295540,0.183311,0.073291,0.013748,0.027389,0.138786,0.061685,0.013513,0.137357,0.373286,0.000000,0.953897,0.599471,0.291049,-0.010545,-0.037895,0.077562,0.090318,-0.053003,0.093910,0.350280,0.450067,0.236950,0.185790,0.191176,0.185620,0.271711,0.362204,0.433762,0.400138,0.380616,0.384924,0.297467,0.393193,0.284128,0.263565,0.357714,0.353113,0.256539,0.171922,0.246635,0.251363,0.124351,0.128922,0.286410,0.361081,0.389391,0.256035,0.339096,0.197650,0.323714,0.439080,0.692859,0.574523,0.006974,-0.002515,0.275168,0.119337,0.192441,0.106815,0.219751,0.165121,0.320312,0.231046,0.039697,0.046669,-0.021108,0.065074,0.166115,0.039392,0.236104,0.262414,0.167562,0.190802,0.250185,0.223631
0.068781,0.165682,0.011638,0.377605,0.531086,0.541253,0.104255,0.201555,0.345636,0.496622,0.029469,0.230500,0.029398,0.220315,0.187954,0.350560,0.216155,0.141728,-0.045320,0.220546,0.098943,0.178857,0.234994,0.684493,0.953897,0.000000,0.714656,0.573398,-0.024464,0.050970,0.178762,0.308198,-0.074432,0.097196,0.461429,0.418959,0.337497,0.288828,0.241429,0.257091,0.332869,0.414418,0.449465,0.413573,0.373449,0.398514,0.385398,0.415708,0.326239,0.351421,0.353309,0.319958,0.387059,0.231362,0.367257,0.232825,0.097566,0.119376,0.282475,0.353624,0.270494,0.194409,0.179801,0.075350,0.333176,0.551120,0.564931,0.574743,0.032774,0.106940,0.256358,0.132565,0.147865,0.116026,0.167435,0.103549,0.175541,0.144384,0.124079,0.145553,0.117136,0.159411,0.238342,0.135872,0.318055,0.383297,0.220681,0.304656,0.338038,0.265856
0.467125,0.478652,0.337884,0.298196,0.480420,0.326885,0.390152,0.229465,0.386809,0.373295,0.436107,0.233069,0.413115,0.195719,0.478264,0.405866,0.303978,0.319773,0.259796,0.302493,0.491934,0.385275,0.323876,0.255354,0.599471,0.714656,0.000000,0.964582,0.354084,0.200622,0.282576,0.192302,0.112742,0.226711,0.341783,0.337986,0.415024,0.309302,0.356902,0.391729,0.449305,0.507940,0.499748,0.454023,0.427495,0.499940,0.594791,0.510929,0.419047,0.463196,0.507905,0.416453,0.563980,0.453169,0.440050,0.463194,0.571456,0.510198,0.522569,0.494257,0.492965,0.406222,0.383754,0.159917,0.402611,0.534197,0.633142,0.531880,0.397574,0.221328,0.417743,0.191490,0.469750,0.293592,0.509641,0.342866,0.396947,0.212788,0.285003,0.424880,0.271453,0.434615,0.439279,0.248732,0.554548,0.507067,0.374856,0.521435,0.483523,0.603711
0.380811,0.402095,0.235950,0.480236,0.349586,0.304924,0.372740,0.474995,0.306366,0.323094,0.422612,0.412138,0.332230,0.344483,0.370271,0.606878,0.485791,0.450989,0.127834,0.180841,0.493158,0.628688,0.226786,0.247275,0.291049,0.573398,0.964582,0.000000,0.450029,0.374318,0.336327,0.336958,-0.004356,0.140922,0.243176,0.302393,0.406814,0.286686,0.288138,0.337532,0.339230,0.475166,0.373671,0.325743,0.354896,0.440351,0.514901,0.427387,0.368897,0.407434,0.419908,0.349137,0.486838,0.341846,0.472426,0.295272,0.418207,0.372705,0.403787,0.331518,0.479816,0.394122,0.355454,0.281196,0.387515,0.522891,0.414198,0.364059,0.185008,0.128098,0.461043,0.265788,0.461332,0.393109,0.378947,0.294802,0.280919,0.194685,0.395758,0.470213,0.497966,0.463455,0.406379,0.177885,0.599970,0.423948,0.365263,0.453948,0.482615,0.474672
0.618061,0.452541,0.447580,0.082354,0.055720,-0.111126,0.459095,0.155021,0.175074,-0.138407,0.806179,0.267381,0.648246,0.156300,0.551143,0.260483,0.711790,0.535275,0.454546,0.196601,0.577239,0.495522,0.342621,-0.051706,-0.010545,-0.024464,0.354084,0.450029,0.000000,0.823832,0.504005,0.305132,0.141761,0.189525,0.189247,0.061418,0.349623,0.137439,0.326363,0.202943,0.357623,0.297090,0.205382,0.225349,0.203474,0.176656,0.340226,0.221966,0.193152,0.134736,0.259029,0.155999,0.284257,0.280526,0.280776,0.281262,0.539145,0.477303,0.140867,0.039539,0.370289,0.219102,0.363189,0.104922,0.335411,0.120763,0.178014,-0.043853,0.328421,-0.080001,0.497603,0.345677,0.822474,0.471658,0.559772,0.381798,0.473999,0.201462,0.665670,0.718851,0.861472,0.573084,0.313113,0.253476,0.619193,0.290301,0.280207,0.329756,0.228434,0.355219
0.343589,0.518644,0.131825,0.256318,0.040944,0.112894,0.264961,0.488606,0.084583,0.113250,0.452719,0.550291,0.306342,0.583168,0.174173,0.327857,0.485742,0.867889,0.153424,0.518687,0.307062,0.367724,0.063849,0.056325,-0.037895,0.050970,0.200622,0.374318,0.823832,0.000000,0.418658,0.342667,0.087443,0.317298,-0.086278,0.153365,0.089237,0.325739,0.212290,0.253788,0.253048,0.492324,0.432139,0.488911,0.394281,0.502132,0.491906,0.426426,0.474027,0.380236,0.390577,0.272996,0.400516,0.310033,0.357998,0.277224,0.328436,0.436151,0.241477,0.218183,0.189486,0.336094,0.204758,0.336396,0.024074,0.141505,0.127393,0.194306,0.234408,0.072005,0.355713,0.355034,0.498358,0.773775,0.253798,0.513487,0.157770,0.326543,0.505598,0.764663,0.591914,0.855767,0.252016,0.223402,0.316269,0.327939,0.268462,0.319729,0.220633,0.273842
0.137324,0.358044,0.804738,0.668075,-0.205793,-0.397158,0.809953,0.462654,-0.035838,-0.198843,0.213511,0.169039,0.201629,0.074168,0.141320,0.328802,0.466932,0.490252,0.121674,0.132993,0.484372,0.538287,0.931175,0.525525,0.077562,0.178762,0.282576,0.336327,0.504005,0.418658,0.000000,1.293457,0.280918,0.441039,0.641507,0.452579,0.253460,0.289528,0.441975,0.381888,0.165194,0.126335,0.331817,0.241042,0.477673,0.254263,0.285929,0.246846,0.263012,0.263766,0.330167,0.314755,0.237881,0.151778,0.211578,0.196039,0.131377,0.238606,-0.150967,-0.190365,0.130933,0.052664,0.064574,-0.089447,0.612310,0.461628,0.244568,0.150119,0.131321,0.024350,0.539335,0.485187,0.446302,0.368641,0.374415,0.432159,0.284666,0.215670,0.319809,0.472148,0.371744,0.337622,0.164211,0.339083,0.534690,0.428900,0.366219,0.510051,0.234841,0.183311
0.034851,0.293124,0.442314,0.974649,-0.262510,-0.314022,0.486894,0.597561,-0.156182,-0.129839,0.049572,0.231403,-0.027493,0.112783,-0.048777,0.458771,0.564497,0.449624,-0.040505,0.119743,0.361817,0.641954,0.750327,0.903777,0.090318,0.308198,0.192302,0.336958,0.305132,0.342667,1.293457,0.000000,0.130452,0.358106,0.729013,0.542713,0.266635,0.243375,0.396812,0.332656,0.167080,0.153617,0.318356,0.217992,0.487024,0.230258,0.241458,0.227713,0.213894,0.227450,0.258859,0.252865,0.191385,0.073401,0.242091,0.058100,0.044333,0.129769,-0.166069,-0.192959,0.040884,0.025583,-0.048645,-0.105519,0.538915,0.537525,0.188139,0.197213,0.008304,0.009635,0.490267,0.483130,0.312865,0.371441,0.232340,0.328511,0.205263,0.220942,0.361914,0.412884,0.307834,0.156862,0.101891,0.301219,0.456712,0.328672,0.306688,0.456178,0.245194,0.064972
0.233082,0.423197,0.297413,-0.000122,-0.034141,-0.063715,0.201298,-0.006170,0.014863,-0.102407,0.212908,0.082447,0.164480,0.081904,0.098435,-0.129421,0.121534,0.206342,0.357247,0.513622,0.184274,0.020546,0.137375,-0.107619,-0.053003,-0.074432,0.112742,-0.004356,0.141761,0.087443,0.280918,0.130452,0.000000,1.417934,0.242626,0.273168,-0.105723,0.101481,0.177260,0.183435,0.245413,0.167316,0.179838,0.140471,0.309028,0.170901,0.154218,0.087152,0.073323,0.070054,0.129241,0.086520,0.093234,0.026756,0.122003,0.208827,0.389718,0.551822,0.212673,0.323652,0.276604,0.451650,0.199721,0.095531,0.131601,0.099907,0.322522,0.189828,0.461775,0.560797,0.051983,0.010720,0.420767,0.324363,0.365000,0.422305,0.368431,0.323746,0.136647,0.222062,0.015220,0.200223,-0.109855,0.079367,0.081646,0.142462,0.113414,0.137643,0.042603,0.173153
0.246250,0.571348,0.266075,0.252449,0.082377,0.062976,0.265463,0.303416,0.111687,0.059439,0.305070,0.316061,0.209169,0.316068,0.103908,0.068708,0.214314,0.425417,0.281765,0.732530,0.223357,0.097558,0.160811,0.076497,0.093910,0.097196,0.226711,0.140922,0.189525,0.317298,0.441039,0.358106,1.417934,0.000000,0.293016,0.496787,-0.108276,0.203060,0.242901,0.306217,0.320579,0.334310,0.376377,0.331414,0.564477,0.399817,0.323358,0.277692,0.243680,0.243387,0.281259,0.219047,0.235101,0.104352,0.234862,0.276161,0.424001,0.657359,0.299394,0.428262,0.349176,0.646538,0.285198,0.272798,0.186475,0.317766,0.462109,0.426679,0.461969,0.537238,0.191736,0.133889,0.463938,0.538264,0.334510,0.593182,0.389643,0.495619,0.200075,0.389126,0.055304,0.334785,-0.000003,0.123970,0.176788,0.261025,0.211293,0.269209,0.178284,0.270745
0.159579,0.284864,0.524993,0.449364,-0.018284,-0.269039,0.397388,0.062002,0.081109,-0.134215,0.034748,-0.038230,0.083516,-0.182071,0.220309,0.227196,0.393830,0.106662,0.124037,-0.015927,0.234980,0.342332,0.877967,0.701196,0.350280,0.461429,0.341783,0.243176,0.189247,-0.086278,0.641507,0.729013,0.242626,0.293016,0.000000,0.731662,0.393029,0.127557,0.438670,0.317302,0.319106,0.162854,0.240535,0.127367,0.417840,0.111429,0.165939,0.159610,0.051607,0.094647,0.211699,0.238593,0.154061,0.119850,0.157208,0.116061,0.187350,0.265486,-0.103694,-0.046822,0.212045,0.077837,-0.006620,-0.289617,0.893621,0.539129,0.446837,0.248846,0.194866,0.147036,0.347041,0.199755,0.308221,0.048583,0.388228,0.207892,0.442035,0.163284,0.214265,0.237741,0.119035,-0.032282,0.096419,0.181015,0.564878,0.325357,0.318712,0.365218,0.184811,0.104898
0.148565,0.369230,0.293030,0.641973,0.273517,0.122391,0.342108,0.503225,0.360688,0.264061,0.184944,0.374086,0.192931,0.283834,0.168072,0.356516,0.332295,0.381908,0.008305,0.235166,0.187022,0.215873,0.346251,0.531527,0.450067,0.418959,0.337986,0.302393,0.061418,0.153365,0.452579,0.542713,0.273168,0.496787,0.731662,0.000000,0.185352,0.299738,0.339257,0.415172,0.308356,0.286693,0.508686,0.354759,0.816162,0.592873,0.412635,0.403679,0.385976,0.387887,0.452344,0.440633,0.367910,0.205274,0.302591,0.260267,0.275013,0.365053,0.140879,0.189627,0.342950,0.458619,0.245405,0.245419,0.511570,0.784685,0.575074,0.671070,0.278941,0.321330,0.392382,0.237163,0.299707,0.287589,0.351145,0.404399,0.471306,0.462745,0.167917,0.346361,0.099364,0.273768,0.113034,0.057960,0.395709,0.466194,0.416258,0.422002,0.339379,0.266572
0.432131,0.438196,0.340647,0.280495,0.161167,-0.045529,0.284605,0.057892,0.190399,0.018556,0.266489,0.076993,0.215975,-0.021524,0.337822,0.416754,0.549760,0.284361,0.140752,0.031931,0.396594,0.530387,0.482250,0.371194,0.236950,0.337497,0.415024,0.406814,0.349623,0.089237,0.253460,0.266635,-0.105723,-0.108276,0.393029,0.185352,0.000000,0.525208,0.757165,0.520370,0.566733,0.375643,0.410849,0.398109,0.259929,0.305900,0.504623,0.468775,0.325754,0.382022,0.428740,0.350389,0.446939,0.452162,0.599126,0.385279,0.439776,0.307182,0.246335,0.065314,0.363701,0.030478,0.157353,-0.111098,0.498579,0.355345,0.325279,0.231976,0.425876,0.187591,0.232874,0.090863,0.405551,0.103801,0.454388,0.174896,0.347578,0.166192,0.553088,0.425967,0.503891,0.396657,0.385681,0.357073,0.713007,0.439380,0.510280,0.510664,0.569214,0.365667
0.458015,0.688432,0.405911,0.402939,0.278113,0.016755,0.461284,0.369957,0.286740,0.194471,0.258142,0.387959,0.281657,0.328935,0.318491,0.538302,0.181352,0.658744,0.192202,0.366344,0.278826,0.248075,0.370129,0.222269,0.185790,0.288828,0.309302,0.286686,0.137439,0.325739,0.289528,0.243375,0.101481,0.203060,0.127557,0.299738,0.525208,0.000000,0.634905,0.811864,0.388504,0.445679,0.837270,0.806393,0.545128,0.678192,0.807233,0.872992,0.766188,0.765672,0.787601,0.663391,0.862846,0.761625,0.697267,0.780122,0.361626,0.460397,0.406922,0.284115,0.359943,0.292573,0.124427,0.124120,0.370459,0.510812,0.488206,0.565092,0.504767,0.286717,0.100982,-0.018781,0.172858,0.255811,0.373723,0.446408,0.168765,0.470775,0.166568,0.576500,0.244912,0.613509,0.404519,0.621505,0.576989,0.692019,0.545557,0.605611,0.717445,0.548107
0.469565,0.747636,0.446325,0.418985,0.064318,-0.132428,0.384625,0.234027,0.166631,0.032034,0.387360,0.264692,0.303652,0.218476,0.300329,0.462291,0.509355,0.466486,0.164342,0.279682,0.410116,0.446397,0.549647,0.402682,0.191176,0.241429,0.356902,0.288138,0.326363,0.212290,0.441975,0.396812,0.177260,0.242901,0.438670,0.339257,0.757165,0.634905,0.000000,1.081597,0.557351,0.459090,0.523324,0.509887,0.394342,0.467131,0.616426,0.598514,0.447580,0.548279,0.579159,0.517913,0.592869,0.511184,0.697962,0.617435,0.582852,0.607818,0.414019,0.291318,0.437646,0.283211,0.197430,0.043889,0.459096,0.548841,0.522258,0.434815,0.627664,0.340833,0.143642,0.069184,0.344169,0.193306,0.506552,0.338719,0.385442,0.292227,0.488193,0.492733,0.372677,0.485510,0.707284,0.812234,0.683917,0.632593,0.675832,0.827586,0.705994,0.515944
0.567360,0.934311,0.474352,0.511238,0.199310,-0.010812,0.496637,0.402729,0.298772,0.167129,0.343757,0.388520,0.353697,0.340297,0.364599,0.524696,0.367208,0.610428,0.143255,0.326583,0.374406,0.357238,0.482904,0.372653,0.185620,0.257091,0.391729,0.337532,0.202943,0.253788,0.381888,0.332656,0.183435,0.306217,0.317302,0.415172,0.520370,0.811864,1.081597,0.000000,0.634236,0.630939,0.688335,0.686140,0.558656,0.694114,0.888419,0.907048,0.693511,0.849932,0.860117,0.810943,0.856606,0.766905,0.891308,0.958579,0.647156,0.731016,0.536262,0.415486,0.527029,0.484383,0.234742,0.161888,0.459610,0.757874,0.604966,0.638394,0.664177,0.370856,0.077685,0.006358,0.274773,0.294313,0.469894,0.439187,0.309797,0.405260,0.269146,0.589350,0.153044,0.569370,0.774915,0.683709,0.661723,0.825217,0.994525,1.058475,0.783407,0.744735
0.434743,0.684948,0.177022,0.163454,0.225607,0.188721,0.129554,0.083141,0.263621,0.085765,0.438221,0.279793,0.322078,0.248214,0.347170,0.288154,0.602537,0.542070,0.159583,0.370823,0.317442,0.351303,0.239003,0.247557,0.271711,0.332869,0.449305,0.339230,0.357623,0.253048,0.165194,0.167080,0.245413,0.320579,0.319106,0.308356,0.566733,0.388504,0.557351,0.634236,0.000000,1.039683,0.425543,0.439547,0.422764,0.437663,0.607882,0.484921,0.409534,0.471397,0.516265,0.481241,0.514691,0.479956,0.631057,0.545662,0.621736,0.692149,0.459190,0.460883,0.411975,0.450972,0.318154,0.151296,0.273610,0.438362,0.443840,0.419205,0.433043,0.372222,0.154797,0.099597,0.579388,0.495025,0.563700,0.391229,0.539918,0.374236,0.415369,0.611025,0.276131,0.522864,0.463339,0.304034,0.499830,0.567594,0.552481,0.583303,0.429826,0.517572
0.360154,0.752095,0.002284,0.238221,0.279414,0.338765,0.009593,0.228374,0.250495,0.291121,0.337313,0.436734,0.205987,0.517934,0.228720,0.377320,0.531562,0.629263,0.023355,0.461316,0.232853,0.314896,0.081444,0.283662,0.362204,0.414418,0.507940,0.475166,0.297090,0.492324,0.126335,0.153617,0.167316,0.334310,0.162854,0.286693,0.375643,0.445679,0.459090,0.630939,1.039683,0.000000,0.527991,0.590948,0.423888,0.588524,0.674360,0.622666,0.527221,0.560419,0.593311,0.544321,0.583586,0.488518,0.695676,0.537130,0.583498,0.745372,0.581570,0.608601,0.353235,0.539575,0.240830,0.255841,0.109922,0.434284,0.424657,0.519799,0.343931,0.355565,0.175226,0.182634,0.518876,0.706535,0.400298,0.472209,0.397676,0.456711,0.435693,0.667536,0.217312,0.614069,0.474671,0.317514,0.382368,0.546112,0.505926,0.550471,0.436288,0.440327
0.622765,0.814336,0.316569,0.492304,0.482413,0.303262,0.392519,0.543266,0.420203,0.426690,0.460134,0.623067,0.390617,0.563775,0.351344,0.530173,0.254545,0.637432,0.173159,0.481161,0.264338,0.244078,0.311876,0.344778,0.433762,0.449465,0.499748,0.373671,0.205382,0.432139,0.331817,0.318356,0.179838,0.376377,0.240535,0.508686,0.410849,0.837270,0.523324,0.688335,0.425543,0.527991,0.000000,1.776106,1.267928,1.360924,1.443383,1.508005,1.362211,1.220820,1.378537,1.027099,1.143434,0.821062,0.998046,0.911289,0.613698,0.559198,0.662824,0.436600,0.632235,0.467921,0.447812,0.355151,0.372456,0.658551,0.825897,0.893525,0.521404,0.241017,0.159031,0.014696,0.312815,0.441290,0.480753,0.631521,0.357588,0.477993,0.293263,0.554760,0.245521,0.739177,0.391867,0.393907,0.582589,0.824791,0.667912,0.696700,0.784044,0.687457
0.686132,0.830006,0.200525,0.347711,0.465969,0.334649,0.292068,0.434120,0.377584,0.391578,0.430855,0.549763,0.343027,0.538941,0.333791,0.440419,0.272851,0.642491,0.208323,0.535543,0.252440,0.218182,0.228522,0.272729,0.400138,0.413573,0.454023,0.325743,0.225349,0.488911,0.241042,0.217992,0.140471,0.331414,0.127367,0.354759,0.398109,0.806393,0.509887,0.686140,0.439547,0.590948,1.776106,0.000000,1.021328,1.288460,1.429026,1.718373,1.309490,1.235434,1.224701,0.960832,1.047930,0.880310,0.995909,0.936595,0.602583,0.546291,0.733407,0.460895,0.571244,0.418360,0.388639,0.326098,0.273605,0.517563,0.737684,0.771919,0.550651,0.251624,0.093945,-0.014408,0.264634,0.409767,0.360464,0.534551,0.280425,0.469435,0.325954,0.572396,0.301216,0.782234,0.482585,0.431544,0.536578,0.735450,0.645121,0.686034,0.732789,0.648750
0.542015,0.756639,0.385712,0.592619,0.395851,0.244474,0.505215,0.656149,0.410204,0.376344,0.454658,0.688319,0.412085,0.536646,0.318021,0.480847,0.360730,0.691679,0.176209,0.495069,0.252373,0.226926,0.374810,0.387724,0.380616,0.373449,0.427495,0.354896,0.203474,0.394281,0.477673,0.487024,0.309028,0.564477,0.417840,0.816162,0.259929,0.545128,0.394342,0.558656,0.422764,0.423888,1.267928,1.021328,0.000000,1.267362,1.047379,1.003946,1.045098,0.975619,1.022197,0.833610,0.788888,0.564539,0.731048,0.637824,0.569258,0.600346,0.472866,0.374201,0.669499,0.597281,0.518233,0.446767,0.536835,0.785950,0.853369,0.872770,0.489648,0.330619,0.250042,0.114488,0.380122,0.526432,0.489015,0.688474,0.455878,0.571214,0.271708,0.546146,0.237949,0.609930,0.306853,0.251121,0.621688,0.713516,0.627346,0.652952,0.620524,0.554836
0.569246,0.796738,0.209550,0.444632,0.530746,0.455763,0.341717,0.626192,0.471370,0.579646,0.475585,0.785673,0.419269,0.748720,0.327010,0.542519,0.304032,0.741417,0.100026,0.537170,0.273799,0.201984,0.148062,0.258978,0.384924,0.398514,0.499940,0.440351,0.176656,0.502132,0.254263,0.230258,0.170901,0.399817,0.111429,0.592873,0.305900,0.678192,0.467131,0.694114,0.437663,0.588524,1.360924,1.288460,1.267362,0.000000,1.355961,1.334662,1.490343,1.499790,1.316332,1.079400,1.037645,0.754124,0.947875,0.848736,0.657076,0.645395,0.788942,0.610954,0.691513,0.695932,0.550056,0.625746,0.285649,0.753856,0.826294,1.062221,0.599366,0.437408,0.164265,0.035029,0.285252,0.481780,0.374283,0.528685,0.327106,0.560909,0.332470,0.613857,0.271267,0.908464,0.484268,0.356807,0.529812,0.857386,0.650521,0.689095,0.756190,0.727508
0.895649,1.146240,0.347620,0.411816,0.460151,0.312348,0.457736,0.493480,0.466656,0.389476,0.634765,0.633562,0.503635,0.568277,0.498742,0.598127,0.410496,0.869934,0.265321,0.536144,0.375162,0.324948,0.318216,0.261704,0.297467,0.385398,0.594791,0.514901,0.340226,0.491906,0.285929,0.241458,0.154218,0.323358,0.165939,0.412635,0.504623,0.807233,0.616426,0.888419,0.607882,0.674360,1.443383,1.429026,1.047379,1.355961,0.000000,1.772037,1.501145,1.475719,1.514634,1.056764,1.469007,1.093469,1.400081,1.144283,0.858166,0.779661,0.872465,0.555989,0.767301,0.560471,0.526125,0.372200,0.404610,0.667626,0.804542,0.832589,0.720511,0.364620,0.146672,0.007714,0.434346,0.492890,0.538285,0.598775,0.397620,0.508773,0.400300,0.736603,0.392316,0.944627,0.621592,0.518072,0.799540,0.967039,0.876006,0.950709,1.028442,0.968126
0.792553,0.975073,0.291855,0.428517,0.512078,0.344168,0.413090,0.502664,0.503163,0.454045,0.521959,0.617367,0.458711,0.608627,0.453604,0.589043,0.315487,0.740106,0.199725,0.464039,0.289774,0.255719,0.290666,0.298693,0.393193,0.415708,0.510929,0.427387,0.221966,0.426426,0.246846,0.227713,0.087152,0.277692,0.159610,0.403679,0.468775,0.872992,0.598514,0.907048,0.484921,0.622666,1.508005,1.718373,1.003946,1.334662,1.772037,0.000000,1.410246,1.481369,1.432620,1.128113,1.274214,1.080159,1.195246,1.136495,0.716890,0.673002,0.843844,0.526164,0.724096,0.512334,0.467491,0.358826,0.398395,0.686862,0.834763,0.878437,0.626877,0.320168,0.108839,-0.042804,0.268930,0.370760,0.395216,0.509042,0.311253,0.499092,0.314086,0.632879,0.288890,0.801150,0.590715,0.543468,0.696071,0.898695,0.772880,0.870496,0.973838,0.874498
0.599847,0.800253,0.307174,0.408510,0.426429,0.309700,0.407667,0.541550,0.395003,0.403522,0.462470,0.601871,0.385450,0.617641,0.357193,0.525872,0.256120,0.752459,0.102039,0.395946,0.248537,0.205939,0.267041,0.267440,0.284128,0.326239,0.419047,0.368897,0.193152,0.474027,0.263012,0.213894,0.073323,0.243680,0.051607,0.385976,0.325754,0.766188,0.447580,0.693511,0.409534,0.527221,1.362211,1.309490,1.045098,1.490343,1.501145,1.410246,0.000000,1.733537,1.672816,1.203397,1.093836,0.977656,1.032396,0.984811,0.563875,0.536483,0.703502,0.418994,0.576999,0.440303,0.437906,0.382239,0.295617,0.616598,0.645372,0.770498,0.531406,0.283731,0.078570,-0.015441,0.232259,0.401395,0.320796,0.426564,0.220741,0.390468,0.254429,0.535926,0.298752,0.919664,0.466287,0.441512,0.574364,0.940198,0.629355,0.680595,0.734563,0.796806
