0.000000,1.038491,0.745054,0.434644,0.572942,0.588303,0.862362,0.577985,0.597668,0.534838,0.919059,0.688500,1.047418,0.872680,0.837975,0.593144,0.721269,0.666691,0.985584,0.924310,0.170134,0.141476,0.752716,0.426416,0.641407,0.617612,0.282064,0.046181,0.629257,0.523614,0.282888,0.454025,0.829058,0.733100,0.503120,0.112904,0.392263,0.299928,0.537038,0.502550,0.380272,0.352787,0.346481,0.215356,0.553179,0.435090,0.419582,0.367629,0.544597,0.548519,0.634656,0.431075,0.396217,0.282652,0.507755,0.558346,0.985214,0.779672,0.837029,0.706485,0.814308,0.618361,0.688934,0.531321,0.537393,0.496949,0.893325,0.617292,0.605708,0.562280,0.200976,0.229324,0.345394,0.484743,0.063523,0.168247,0.368021,0.358868,0.640283,0.554551,0.712903,0.764525,0.631774,0.550951,0.893524,0.734513,0.392079,0.435373,0.595783,0.730948
1.038491,0.000000,0.529531,0.489283,0.426447,0.581646,0.723054,0.661782,0.392839,0.448981,0.639887,0.852958,0.813210,0.926674,0.734196,0.609503,0.682384,0.704306,0.670079,0.797757,0.277197,0.256632,0.503549,0.441677,0.455002,0.575075,0.328619,0.251782,0.614101,0.588769,0.348694,0.521492,0.766231,0.811038,0.439744,0.152267,0.433581,0.237615,0.411127,0.567715,0.358301,0.366857,0.405248,0.327131,0.631429,0.523566,0.495311,0.455651,0.619434,0.669128,0.742122,0.591205,0.511391,0.375614,0.530966,0.547208,0.753814,0.885350,0.740752,0.865029,0.765441,0.655083,0.630314,0.689320,0.459930,0.546179,0.847977,0.716400,0.583307,0.631769,0.286194,0.330071,0.389168,0.543807,0.142492,0.253870,0.377170,0.368989,0.547224,0.592461,0.638189,0.882071,0.587656,0.479585,0.749952,0.841256,0.315263,0.362756,0.704170,0.848844
0.745054,0.529531,0.000000,0.683009,0.622435,0.559169,1.233253,0.817294,0.547034,0.642217,0.528989,0.488438,0.701415,0.694038,0.578315,0.512899,0.379264,0.362381,0.771944,0.685313,0.277493,0.249681,1.407854,0.778365,0.788138,0.719001,0.395345,0.168869,0.393832,0.372374,0.413168,0.526484,0.542790,0.618833,0.485331,0.195582,0.198286,0.165063,0.246893,0.268949,0.245566,0.207726,0.307380,0.208716,0.467774,0.396892,0.326895,0.269893,0.419019,0.455276,0.512859,0.407662,0.454845,0.339397,0.195101,0.184633,0.455845,0.392733,0.436863,0.435540,0.442572,0.382178,0.409159,0.345476,0.544999,0.500603,0.520488,0.486776,0.320447,0.302293,0.233160,0.317984,0.271152,0.385076,0.028160,0.077193,0.295121,0.364713,0.314873,0.390856,0.444350,0.479475,0.387328,0.406496,0.538351,0.598995,0.197676,0.270332,0.466987,0.530373
0.434644,0.489283,0.683009,0.000000,0.329228,0.522554,0.685501,1.025725,0.240204,0.447862,0.199060,0.375897,0.443268,0.522726,0.498911,0.444078,0.185118,0.129645,0.316104,0.389625,0.326207,0.433773,0.584903,1.147173,0.275851,0.508136,0.379384,0.426014,0.103414,0.218669,0.430109,0.559167,0.348171,0.478758,0.480126,0.437454,0.126383,0.166786,-0.044780,0.226927,0.133752,0.184057,0.489314,0.454943,0.601982,0.565154,0.530347,0.485980,0.420795,0.464495,0.621664,0.643294,0.637502,0.582461,0.119117,0.103139,0.187882,0.131698,0.192123,0.298606,0.270214,0.273682,0.313420,0.166305,0.502684,0.705516,0.362069,0.677098,0.233789,0.308910,0.422444,0.347445,0.152554,0.352525,0.168852,0.188030,0.377580,0.358655,0.149216,0.362342,0.247950,0.404403,0.238053,0.207605,0.286318,0.713579,0.003074,0.028874,0.439037,0.489114
0.572942,0.426447,0.622435,0.329228,0.000000,0.838554,0.761891,0.710486,1.102606,0.759161,0.317804,0.403715,0.521743,0.623403,0.342619,0.204681,0.247340,0.281270,0.618482,0.674963,0.061715,0.026311,0.646804,0.281820,1.207153,0.608189,0.217502,0.066693,0.263163,0.194935,-0.079986,0.265833,0.363953,0.488102,0.357333,0.127362,0.200216,0.058739,0.244075,0.096525,0.234100,0.225406,0.317377,0.056317,0.488263,0.358271,0.239650,0.181198,0.665947,0.526693,0.510856,0.455559,0.315134,0.293365,0.112166,0.114159,0.160181,0.172563,0.445454,0.456170,0.334434,0.496593,0.319833,0.304775,0.468194,0.604130,0.303577,0.276423,-0.004905,0.065554,-0.077889,-0.068592,0.094177,0.236887,-0.074571,0.051060,0.225694,0.267237,0.111633,0.170533,0.255322,0.270870,0.361459,0.441263,0.323351,0.349542,0.144237,0.213281,0.115071,0.293564
0.588303,0.581646,0.559169,0.522554,0.838554,0.000000,0.691205,0.838248,0.667059,0.806140,0.257036,0.483643,0.396525,0.653673,0.311570,0.345513,0.307641,0.385696,0.462386,0.608827,0.149184,0.113433,0.551353,0.473246,0.711703,0.756286,0.204223,0.247967,0.254560,0.275954,0.007051,0.348016,0.419894,0.552306,0.312735,0.201201,0.255830,0.119009,0.216034,0.254173,0.224446,0.306702,0.482977,0.291497,0.637283,0.584808,0.438252,0.371245,0.789655,0.674184,0.650435,0.638068,0.459249,0.461588,0.245530,0.241661,0.211368,0.232302,0.494068,0.506949,0.396428,0.514647,0.366215,0.345172,0.424059,0.720378,0.347138,0.478212,0.120532,0.171887,0.100747,0.139846,0.123997,0.289772,0.019120,0.156672,0.262270,0.338526,0.147983,0.286804,0.286018,0.393746,0.401124,0.516090,0.318237,0.554629,0.209067,0.254828,0.285971,0.411480
0.862362,0.723054,1.233253,0.685501,0.761891,0.691205,0.000000,1.119909,0.630990,0.680916,0.598377,0.821954,0.874951,1.077574,0.672468,0.658876,0.546279,0.573549,0.815671,0.909285,0.335904,0.306613,1.187209,0.698368,0.820089,0.802735,0.357255,0.163984,0.617934,0.616039,0.496586,0.785954,0.817707,0.953919,0.583025,0.293195,0.342592,0.253742,0.351384,0.385991,0.334047,0.301282,0.453362,0.295575,0.695860,0.522566,0.557915,0.505076,0.568113,0.576494,0.673253,0.503954,0.448300,0.398115,0.388763,0.356021,0.482507,0.406337,0.589085,0.489620,0.597357,0.593746,0.640964,0.573010,0.680911,0.735093,0.701490,0.721632,0.343562,0.321126,0.292867,0.336317,0.421116,0.583812,0.118627,0.161795,0.509893,0.575579,0.440837,0.552557,0.673967,0.734842,0.533610,0.519287,0.620917,0.824087,0.291175,0.353128,0.569577,0.636348
0.577985,0.661782,0.817294,1.025725,0.710486,0.838248,1.119909,0.000000,0.481013,0.672080,0.305389,0.641145,0.598321,0.845704,0.484621,0.513720,0.301909,0.342540,0.472226,0.642536,0.374912,0.380276,0.722270,0.867189,0.635160,0.789210,0.415705,0.387455,0.303708,0.414887,0.401413,0.708407,0.545814,0.812616,0.577681,0.437930,0.277337,0.211932,0.117494,0.283081,0.258171,0.285979,0.626791,0.438529,0.824714,0.683599,0.661654,0.628675,0.653204,0.636385,0.731528,0.712474,0.583711,0.573451,0.263964,0.244325,0.212434,0.201566,0.404954,0.434191,0.419386,0.539659,0.450481,0.413001,0.631085,1.073804,0.489827,0.797395,0.196456,0.254737,0.359597,0.331931,0.257939,0.474589,0.166490,0.197452,0.522006,0.553874,0.229921,0.481765,0.408106,0.591347,0.377674,0.392997,0.378343,0.826091,0.108524,0.142153,0.452158,0.542250
0.597668,0.392839,0.547034,0.240204,1.102606,0.667059,0.630990,0.481013,0.000000,0.897124,0.432619,0.408940,0.605853,0.619745,0.491326,0.316192,0.309995,0.339021,0.601452,0.581356,-0.085881,-0.122987,0.634778,0.270041,0.887639,0.501461,0.114869,-0.075921,0.329549,0.255076,-0.050687,0.267229,0.349125,0.391201,0.322714,0.053866,0.285890,0.128145,0.447307,0.227467,0.268317,0.155687,0.269712,0.019932,0.428668,0.300833,0.167250,0.119980,0.551278,0.501622,0.421672,0.365128,0.189068,0.180872,0.252611,0.243621,0.264359,0.306542,0.563716,0.497719,0.382877,0.511677,0.385688,0.307819,0.497965,0.497771,0.349415,0.261899,0.085806,0.109267,-0.157748,-0.116957,0.093059,0.208276,-0.067649,0.090683,0.198767,0.262189,0.179206,0.252354,0.303382,0.300223,0.529139,0.590940,0.463184,0.372070,0.385573,0.423290,0.205220,0.379148
0.534838,0.448981,0.642217,0.447862,0.759161,0.806140,0.680916,0.672080,0.897124,0.000000,0.283685,0.463361,0.430454,0.636448,0.310148,0.370920,0.238143,0.260826,0.438877,0.492333,0.019812,-0.031116,0.643796,0.484368,0.697569,0.573068,0.141312,0.079523,0.190872,0.220492,0.001591,0.349512,0.305091,0.423876,0.331827,0.168440,0.259534,0.109008,0.273053,0.240501,0.176059,0.178180,0.379227,0.168699,0.481330,0.463519,0.304912,0.236841,0.649651,0.587185,0.586622,0.589396,0.395339,0.398443,0.205902,0.142063,0.191061,0.227760,0.454406,0.457845,0.326918,0.448514,0.329539,0.236639,0.457420,0.585177,0.344024,0.417114,0.098840,0.136928,0.001133,-0.025319,0.037823,0.199162,-0.028518,0.097084,0.201914,0.259151,0.104868,0.225863,0.210648,0.285094,0.431066,0.544490,0.344404,0.479117,0.243713,0.350195,0.267844,0.376204
0.919059,0.639887,0.528989,0.199060,0.317804,0.257036,0.598377,0.305389,0.432619,0.283685,0.000000,0.664327,1.067567,0.761574,0.873969,0.637202,0.742794,0.712571,0.836489,0.640283,0.075668,0.031951,0.606562,0.265525,0.379276,0.324302,0.125523,-0.032497,0.810617,0.681286,0.396522,0.469159,0.682555,0.588741,0.424031,0.034750,0.382380,0.287837,0.676794,0.402280,0.392751,0.211945,0.161851,0.105945,0.326608,0.227291,0.262392,0.234558,0.264287,0.318927,0.341635,0.183298,0.091489,0.064911,0.548550,0.591366,0.831379,0.715826,0.747617,0.479373,0.648058,0.522964,0.566426,0.575551,0.446885,0.345510,0.681349,0.421881,0.527906,0.383225,0.123265,0.201307,0.388095,0.417996,0.121022,0.151922,0.319068,0.297947,0.632045,0.547112,0.783927,0.713330,0.742633,0.588689,0.976825,0.550555,0.568141,0.534250,0.570479,0.620819
0.688500,0.852958,0.488438,0.375897,0.403715,0.483643,0.821954,0.641145,0.408940,0.463361,0.664327,0.000000,0.748693,1.335910,0.642664,0.924247,0.741243,0.925047,0.613202,0.792007,0.237645,0.201105,0.590412,0.438516,0.463885,0.568727,0.159049,0.073604,0.898634,0.993752,0.458085,0.776634,0.894455,0.986921,0.394649,0.221229,0.493136,0.359238,0.506109,0.551058,0.419764,0.379966,0.421300,0.293095,0.608971,0.471419,0.549689,0.512720,0.577936,0.535073,0.614002,0.424578,0.222134,0.288808,0.640304,0.551196,0.601067,0.571071,0.748538,0.532801,0.730898,0.795207,0.865282,0.847735,0.472989,0.554603,0.744532,0.711860,0.450643,0.298798,0.238492,0.237231,0.505064,0.678844,0.233488,0.242575,0.540151,0.574050,0.618344,0.701660,0.896725,0.972601,0.805973,0.771939,0.747498,0.946139,0.522253,0.607001,0.624774,0.696139
1.047418,0.813210,0.701415,0.443268,0.521743,0.396525,0.874951,0.598321,0.605853,0.430454,1.067567,0.748693,0.000000,0.980137,1.119426,0.705123,0.651796,0.623140,0.879227,0.735925,0.176228,0.153553,0.786280,0.522853,0.544261,0.546560,0.274886,0.088166,0.774222,0.678620,0.528776,0.682879,0.729689,0.731116,0.631852,0.215942,0.428597,0.327261,0.618193,0.459508,0.403272,0.289419,0.250137,0.127317,0.486430,0.297155,0.343338,0.315292,0.317424,0.380241,0.477596,0.313684,0.209792,0.155769,0.515453,0.553681,0.727177,0.637762,0.756984,0.535099,0.685885,0.580199,0.647860,0.527138,0.610244,0.579937,0.790206,0.618637,0.503716,0.438641,0.241775,0.271372,0.424167,0.525547,0.122552,0.170406,0.442107,0.440791,0.619709,0.581214,0.745162,0.769685,0.743909,0.539170,0.906621,0.706493,0.469609,0.421829,0.588292,0.683437
0.872680,0.926674,0.694038,0.522726,0.623403,0.653673,1.077574,0.845704,0.619745,0.636448,0.761574,1.335910,0.980137,0.000000,0.820807,0.990569,0.729140,0.890230,0.752730,0.925779,0.241079,0.208662,0.815780,0.593308,0.660051,0.701573,0.233684,0.122858,0.867354,0.908342,0.441360,0.872762,0.903864,1.087230,0.553357,0.281099,0.487339,0.336738,0.566596,0.517884,0.462629,0.402262,0.439273,0.249914,0.679427,0.509297,0.536927,0.490727,0.654121,0.604528,0.725980,0.505729,0.310950,0.296799,0.647372,0.537932,0.598922,0.577057,0.870291,0.598259,0.795199,0.883506,0.851175,0.795088,0.639767,0.776365,0.785816,0.752849,0.430205,0.326355,0.200754,0.213883,0.516459,0.710740,0.217888,0.279110,0.554359,0.615331,0.578916,0.700003,0.858106,0.965009,0.885921,0.832810,0.838938,0.989240,0.542396,0.631319,0.687530,0.779309
0.837975,0.734196,0.578315,0.498911,0.342619,0.311570,0.672468,0.484621,0.491326,0.310148,0.873969,0.642664,1.119426,0.820807,0.000000,0.766707,0.656182,0.611538,0.692953,0.595834,0.120993,0.156221,0.665491,0.545955,0.301699,0.361484,0.207506,0.127369,0.691924,0.626824,0.512801,0.646507,0.706549,0.650065,0.544688,0.176452,0.389579,0.284428,0.558213,0.487731,0.359297,0.266935,0.296387,0.218637,0.502393,0.353584,0.352232,0.320578,0.348238,0.384824,0.466008,0.314888,0.270062,0.223012,0.534344,0.574432,0.670999,0.656165,0.660851,0.599705,0.656177,0.553211,0.626383,0.537548,0.589106,0.523318,0.737447,0.591560,0.532006,0.477132,0.196677,0.236975,0.402296,0.494122,0.157996,0.226646,0.369709,0.345650,0.553340,0.586949,0.707260,0.749830,0.791714,0.535301,0.949471,0.722124,0.618108,0.505127,0.690473,0.748143
0.593144,0.609503,0.512899,0.444078,0.204681,0.345513,0.658876,0.513720,0.316192,0.370920,0.637202,0.924247,0.705123,0.990569,0.766707,0.000000,0.592023,0.677437,0.472716,0.563166,0.232959,0.219333,0.609270,0.653096,0.302675,0.528976,0.154826,0.029350,0.726765,0.829131,0.652288,0.882148,0.681114,0.727492,0.440753,0.227940,0.482641,0.357886,0.616873,0.530655,0.388238,0.319889,0.336735,0.242282,0.518181,0.425130,0.459195,0.399862,0.436201,0.424458,0.516142,0.363491,0.218642,0.250586,0.721499,0.594025,0.557929,0.507667,0.751851,0.498437,0.638658,0.608565,0.709674,0.583422,0.502933,0.552776,0.665838,0.696989,0.436530,0.385847,0.330132,0.295899,0.496815,0.692123,0.274125,0.284466,0.470708,0.527508,0.504888,0.646753,0.740586,0.806857,0.833538,0.795210,0.734599,0.856942,0.698964,0.757121,0.793548,0.761186
0.721269,0.682384,0.379264,0.185118,0.247340,0.307641,0.546279,0.301909,0.309995,0.238143,0.742794,0.741243,0.651796,0.729140,0.656182,0.592023,0.000000,0.983953,0.605662,0.649093,0.088118,0.076834,0.445849,0.216737,0.282988,0.312529,0.064961,-0.042952,0.842610,0.771776,0.317349,0.480372,0.847259,0.680786,0.316280,0.026565,0.449987,0.266303,0.545826,0.511663,0.393085,0.283288,0.301570,0.221048,0.388013,0.323003,0.362900,0.333145,0.400896,0.385404,0.486959,0.248985,0.252875,0.193824,0.629481,0.563361,0.870926,0.775633,0.668563,0.536597,0.835736,0.634444,0.798673,0.724225,0.419719,0.296053,0.747969,0.450412,0.563679,0.519387,0.113065,0.114390,0.550066,0.519563,0.168617,0.246041,0.297243,0.309941,0.808973,0.590663,0.922109,0.797762,0.738515,0.584468,0.847953,0.605280,0.528036,0.532011,0.568687,0.591198
0.666691,0.704306,0.362381,0.129645,0.281270,0.385696,0.573549,0.342540,0.339021,0.260826,0.712571,0.925047,0.623140,0.890230,0.611538,0.677437,0.983953,0.000000,0.601382,0.786197,0.154796,0.089028,0.445009,0.173837,0.377166,0.441382,0.097249,-0.023962,1.081127,1.045941,0.345337,0.566617,0.930813,0.859652,0.262499,0.034063,0.520466,0.342784,0.637344,0.518037,0.489914,0.306172,0.229600,0.162239,0.412183,0.303631,0.359639,0.329155,0.385661,0.380696,0.378942,0.166676,0.093816,0.043062,0.657506,0.573093,0.751961,0.810620,0.768089,0.556013,0.773376,0.716986,0.774188,1.044715,0.361192,0.328246,0.730052,0.471239,0.489845,0.354601,0.129493,0.189706,0.568888,0.684635,0.186557,0.232641,0.374197,0.407220,0.783703,0.747542,1.019985,0.990535,0.810239,0.705615,0.837867,0.667965,0.632693,0.683012,0.623547,0.618315
0.985584,0.670079,0.771944,0.316104,0.618482,0.462386,0.815671,0.472226,0.601452,0.438877,0.836489,0.613202,0.879227,0.752730,0.692953,0.472716,0.605662,0.601382,0.000000,0.989911,0.116828,0.100702,0.831584,0.308108,0.737796,0.549053,0.233435,-0.029950,0.675377,0.527356,0.281098,0.423785,0.792759,0.686679,0.378468,0.066821,0.324915,0.225575,0.465501,0.360170,0.377692,0.236980,0.165364,0.052829,0.312030,0.212901,0.215588,0.213592,0.389856,0.365849,0.425306,0.218194,0.201079,0.130486,0.341629,0.392534,0.734769,0.612302,0.617882,0.455320,0.595620,0.489322,0.544484,0.471558,0.525326,0.368410,0.607069,0.334418,0.427815,0.358408,0.092362,0.177857,0.330057,0.448794,0.027436,0.119013,0.295357,0.317037,0.556603,0.478670,0.695387,0.601209,0.526552,0.491304,0.736341,0.512753,0.302627,0.378629,0.356134,0.443657
0.924310,0.797757,0.685313,0.389625,0.674963,0.608827,0.909285,0.642536,0.581356,0.492333,0.640283,0.792007,0.735925,0.925779,0.595834,0.563166,0.649093,0.786197,0.989911,0.000000,0.232900,0.219788,0.734640,0.354797,0.803664,0.702424,0.257269,0.104408,0.802893,0.668026,0.344269,0.593827,0.953192,0.946430,0.417209,0.115660,0.426699,0.283280,0.431038,0.423532,0.441861,0.292937,0.263786,0.136426,0.496617,0.361810,0.376718,0.324508,0.500544,0.431832,0.493240,0.285693,0.254447,0.182754,0.390431,0.371937,0.678302,0.612730,0.642429,0.503445,0.662342,0.598987,0.696964,0.705950,0.534407,0.487282,0.737701,0.520503,0.426080,0.374954,0.213715,0.247641,0.404531,0.603883,0.143596,0.196561,0.422065,0.503831,0.563290,0.664967,0.855458,0.834683,0.595865,0.586737,0.700978,0.711178,0.349948,0.421499,0.484782,0.543979
0.170134,0.277197,0.277493,0.326207,0.061715,0.149184,0.335904,0.374912,-0.085881,0.019812,0.075668,0.237645,0.176228,0.241079,0.120993,0.232959,0.088118,0.154796,0.116828,0.232900,0.000000,0.644082,0.189747,0.296084,0.186546,0.361544,0.458851,0.338609,0.204179,0.228197,0.444692,0.405616,0.312316,0.371245,0.188214,0.190129,0.081092,0.091594,-0.092582,0.063803,0.154306,0.085434,0.135099,0.265410,0.225136,0.200493,0.345764,0.371614,0.101648,0.115967,0.208753,0.117468,0.237050,0.171791,0.088240,0.064337,0.092133,0.055204,0.096291,0.085479,0.101524,0.092740,0.140040,0.223991,0.065262,0.219999,0.226670,0.332156,0.133920,0.116925,0.495375,0.530233,0.266860,0.326277,0.213292,0.091096,0.309883,0.309641,0.155060,0.206619,0.233517,0.354509,-0.014473,0.007428,0.089840,0.352783,-0.147910,-0.060674,0.242497,0.214661
0.141476,0.256632,0.249681,0.433773,0.026311,0.113433,0.306613,0.380276,-0.122987,-0.031116,0.031951,0.201105,0.153553,0.208662,0.156221,0.219333,0.076834,0.089028,0.100702,0.219788,0.644082,0.000000,0.170717,0.355182,0.082685,0.286411,0.418833,0.391327,0.138248,0.154000,0.434955,0.378011,0.256058,0.312034,0.225326,0.226985,0.032910,0.098345,-0.138472,0.041548,0.074890,0.043051,0.155364,0.250882,0.291152,0.232687,0.370414,0.351314,0.059925,0.097632,0.163467,0.128607,0.211176,0.156161,0.033893,0.020108,0.084779,0.060122,0.036869,0.037884,0.092063,0.090780,0.166523,0.177605,0.106949,0.243437,0.190795,0.368352,0.142653,0.107474,0.530352,0.461855,0.233973,0.345336,0.201778,0.089091,0.421118,0.349325,0.161321,0.215674,0.233894,0.310964,-0.016679,-0.042460,0.055265,0.366050,-0.150929,-0.112533,0.264836,0.247320
0.752716,0.503549,1.407854,0.584903,0.646804,0.551353,1.187209,0.722270,0.634778,0.643796,0.606562,0.590412,0.786280,0.815780,0.665491,0.609270,0.445849,0.445009,0.831584,0.734640,0.189747,0.170717,0.000000,0.792209,0.733570,0.649956,0.315759,0.106122,0.505481,0.472660,0.443739,0.624417,0.597785,0.659821,0.474399,0.198342,0.268066,0.219309,0.379520,0.315674,0.253076,0.235527,0.294354,0.137123,0.451787,0.372823,0.287915,0.239013,0.416307,0.433871,0.500187,0.374655,0.318039,0.271092,0.277629,0.253636,0.518339,0.414397,0.531111,0.417563,0.483784,0.435118,0.493619,0.356570,0.552171,0.513625,0.512264,0.476494,0.361822,0.277405,0.182910,0.264060,0.300555,0.402980,0.005137,0.086470,0.341347,0.403798,0.373084,0.456061,0.521477,0.500709,0.496720,0.535582,0.604788,0.610151,0.310330,0.384268,0.479290,0.519022
0.426416,0.441677,0.778365,1.147173,0.281820,0.473246,0.698368,0.867189,0.270041,0.484368,0.265525,0.438516,0.522853,0.593308,0.545955,0.653096,0.216737,0.173837,0.308108,0.354797,0.296084,0.355182,0.792209,0.000000,0.257827,0.582506,0.353500,0.369988,0.221636,0.327516,0.565483,0.697811,0.340960,0.487627,0.513225,0.470894,0.196731,0.196463,0.118247,0.339739,0.127297,0.224397,0.474579,0.388766,0.547032,0.537593,0.467471,0.419155,0.396139,0.449511,0.604529,0.588503,0.538863,0.514672,0.240764,0.214946,0.244770,0.185417,0.302393,0.315867,0.289692,0.262874,0.359736,0.154804,0.462980,0.631373,0.381886,0.692877,0.295695,0.319329,0.413822,0.390076,0.222595,0.399066,0.176516,0.145509,0.396154,0.429149,0.203053,0.368003,0.299196,0.413845,0.319029,0.315529,0.315714,0.710332,0.150286,0.182358,0.515064,0.541342
0.641407,0.455002,0.788138,0.275851,1.207153,0.711703,0.820089,0.635160,0.887639,0.697569,0.379276,0.463885,0.544261,0.660051,0.301699,0.302675,0.282988,0.377166,0.737796,0.803664,0.186546,0.082685,0.733570,0.257827,0.000000,0.877342,0.317299,-0.001185,0.371574,0.270309,0.054342,0.342793,0.469006,0.553161,0.351355,0.065336,0.247505,0.142133,0.282148,0.161010,0.310156,0.229160,0.273223,0.064460,0.452371,0.332520,0.247954,0.211042,0.583079,0.467974,0.452176,0.328276,0.253813,0.215546,0.187607,0.169609,0.299091,0.291932,0.541293,0.464116,0.412052,0.502001,0.380415,0.385053,0.442675,0.488104,0.422242,0.326332,0.073889,0.154817,0.024169,0.053516,0.165089,0.356880,-0.047290,0.056772,0.283876,0.341109,0.222035,0.266875,0.364356,0.382814,0.383941,0.462772,0.416458,0.429313,0.158747,0.298110,0.221180,0.334416
0.617612,0.575075,0.719001,0.508136,0.608189,0.756286,0.802735,0.789210,0.501461,0.573068,0.324302,0.568727,0.546560,0.701573,0.361484,0.528976,0.312529,0.441382,0.549053,0.702424,0.361544,0.286411,0.649956,0.582506,0.877342,0.000000,0.433916,0.206739,0.421120,0.413389,0.382234,0.606159,0.593398,0.694315,0.376873,0.272076,0.361466,0.306863,0.325565,0.354918,0.324384,0.299364,0.411392,0.281338,0.628514,0.533335,0.462395,0.454643,0.580337,0.561222,0.543486,0.467244,0.322357,0.334268,0.345818,0.323763,0.329062,0.346135,0.568351,0.465576,0.457618,0.484761,0.445433,0.410692,0.429867,0.600864,0.554578,0.666336,0.239028,0.298210,0.335065,0.327522,0.277979,0.509419,0.092014,0.165385,0.459482,0.551535,0.272267,0.411332,0.447585,0.560600,0.426339,0.445291,0.394204,0.701269,0.175210,0.328150,0.400271,0.475196
0.282064,0.328619,0.395345,0.379384,0.217502,0.204223,0.357255,0.415705,0.114869,0.141312,0.125523,0.159049,0.274886,0.233684,0.207506,0.154826,0.064961,0.097249,0.233435,0.257269,0.458851,0.418833,0.315759,0.353500,0.317299,0.433916,0.000000,0.554031,0.113389,0.113147,0.322680,0.218155,0.220084,0.281222,0.222657,0.127023,-0.004390,0.091097,-0.048878,0.050947,0.048492,0.003075,0.078741,0.167758,0.189833,0.157133,0.218434,0.255883,0.053174,0.094720,0.160944,0.095843,0.322484,0.153770,-0.040926,-0.035626,0.141133,0.125446,0.108238,0.202687,0.127865,0.114348,0.134560,0.168709,0.122599,0.191784,0.275025,0.296103,0.152183,0.191392,0.295192,0.320892,0.150440,0.209113,0.080833,0.075310,0.257697,0.234084,0.164503,0.232495,0.191527,0.270875,-0.003665,-0.064387,0.147451,0.291152,-0.244679,-0.200264,0.149059,0.237182
0.046181,0.251782,0.168869,0.426014,0.066693,0.247967,0.163984,0.387455,-0.075921,0.079523,-0.032497,0.073604,0.088166,0.122858,0.127369,0.029350,-0.042952,-0.023962,-0.029950,0.104408,0.338609,0.391327,0.106122,0.369988,-0.001185,0.206739,0.554031,0.000000,-0.030384,0.036779,0.191735,0.186493,0.062120,0.217904,0.239797,0.246615,0.017687,-0.042578,-0.219074,-0.026092,-0.066001,-0.010790,0.091054,0.177332,0.184110,0.194381,0.174384,0.191576,0.072523,0.107230,0.203906,0.210824,0.353151,0.221040,-0.086387,-0.098524,-0.078285,0.060132,-0.049661,0.140572,0.031410,0.115358,-0.012198,0.102369,0.141564,0.275686,0.135450,0.253633,0.074001,0.112963,0.220028,0.335053,0.056626,0.099449,0.122977,0.000863,0.089200,0.093574,0.019306,0.119372,0.041904,0.187240,-0.081819,-0.091186,0.052015,0.265093,-0.202782,-0.240572,0.151803,0.175110
0.629257,0.614101,0.393832,0.103414,0.263163,0.254560,0.617934,0.303708,0.329549,0.190872,0.810617,0.898634,0.774222,0.867354,0.691924,0.726765,0.842610,1.081127,0.675377,0.802893,0.204179,0.138248,0.505481,0.221636,0.371574,0.421120,0.113389,-0.030384,0.000000,1.279758,0.563338,0.736097,0.957972,0.889991,0.341640,0.081416,0.519757,0.320171,0.707801,0.515854,0.490564,0.264736,0.136445,0.068481,0.310327,0.163446,0.331729,0.280545,0.234112,0.224149,0.276441,0.038439,-0.031557,-0.060081,0.673729,0.597914,0.722840,0.662860,0.748150,0.420007,0.703983,0.599715,0.783473,0.864136,0.370345,0.300067,0.734533,0.457249,0.461552,0.299022,0.183994,0.269568,0.713247,0.732611,0.212252,0.218363,0.453169,0.496993,0.848034,0.719721,1.160750,0.942836,0.768695,0.609430,0.848811,0.605527,0.593444,0.604115,0.562053,0.515348
0.523614,0.588769,0.372374,0.218669,0.194935,0.275954,0.616039,0.414887,0.255076,0.220492,0.681286,0.993752,0.678620,0.908342,0.626824,0.829131,0.771776,1.045941,0.527356,0.668026,0.228197,0.154000,0.472660,0.327516,0.270309,0.413389,0.113147,0.036779,1.279758,0.000000,0.625960,0.879425,0.905306,0.935983,0.341592,0.172197,0.553066,0.376573,0.611434,0.583583,0.473037,0.311433,0.237238,0.180519,0.392467,0.258624,0.416304,0.390412,0.286669,0.287591,0.335044,0.135273,0.043915,0.054658,0.684695,0.588281,0.581255,0.566810,0.681769,0.407190,0.622033,0.624838,0.717355,0.882715,0.379190,0.405623,0.678360,0.553426,0.442270,0.266079,0.243199,0.311480,0.710808,0.766624,0.313491,0.262940,0.508088,0.570384,0.825988,0.846234,1.024709,1.028500,0.764752,0.650375,0.758105,0.714771,0.582056,0.567646,0.601335,0.525546
0.282888,0.348694,0.413168,0.430109,-0.079986,0.007051,0.496586,0.401413,-0.050687,0.001591,0.396522,0.458085,0.528776,0.441360,0.512801,0.652288,0.317349,0.345337,0.281098,0.344269,0.444692,0.434955,0.443739,0.565483,0.054342,0.382234,0.322680,0.191735,0.563338,0.625960,0.000000,1.034797,0.541188,0.563297,0.433120,0.371321,0.315055,0.304972,0.371807,0.423192,0.208040,0.174144,0.215368,0.323962,0.371080,0.270089,0.446569,0.444431,-0.005772,0.098669,0.203497,0.121161,0.071739,0.136080,0.376813,0.398988,0.386863,0.278528,0.276576,0.146980,0.316390,0.196188,0.425883,0.381784,0.344655,0.334219,0.520349,0.652694,0.349860,0.279595,0.545670,0.610366,0.445115,0.524831,0.281759,0.210942,0.474589,0.487107,0.432676,0.580099,0.602353,0.658439,0.355889,0.217227,0.446083,0.643808,0.231254,0.175687,0.554553,0.484189
0.454025,0.521492,0.526484,0.559167,0.265833,0.348016,0.785954,0.708407,0.267229,0.349512,0.469159,0.776634,0.682879,0.872762,0.646507,0.882148,0.480372,0.566617,0.423785,0.593827,0.405616,0.378011,0.624417,0.697811,0.342793,0.606159,0.218155,0.186493,0.736097,0.879425,1.034797,0.000000,0.721021,0.905596,0.547646,0.431444,0.458355,0.347564,0.450519,0.492891,0.369071,0.275422,0.357038,0.305492,0.544482,0.409785,0.556142,0.514309,0.301647,0.311863,0.453717,0.304777,0.186578,0.254521,0.528534,0.458382,0.410910,0.355135,0.526484,0.335382,0.493243,0.517652,0.624640,0.607847,0.501394,0.657499,0.616286,0.784646,0.331679,0.282703,0.459884,0.480611,0.535175,0.699922,0.261212,0.270264,0.623977,0.669744,0.492756,0.652233,0.722611,0.842377,0.604012,0.525641,0.554280,0.879382,0.390598,0.357607,0.602256,0.563477
0.829058,0.766231,0.542790,0.348171,0.363953,0.419894,0.817707,0.545814,0.349125,0.305091,0.682555,0.894455,0.729689,0.903864,0.706549,0.681114,0.847259,0.930813,0.792759,0.953192,0.312316,0.256058,0.597785,0.340960,0.469006,0.593398,0.220084,0.062120,0.957972,0.905306,0.541188,0.721021,0.000000,1.165645,0.481919,0.244187,0.450505,0.371205,0.522164,0.550039,0.476848,0.360253,0.360979,0.296148,0.555428,0.379088,0.509888,0.488713,0.456295,0.420186,0.530676,0.270846,0.210842,0.185284,0.608974,0.606143,0.755148,0.666437,0.724009,0.516424,0.805066,0.703673,0.788357,0.813854,0.548248,0.493921,0.903849,0.663873,0.525774,0.436754,0.270129,0.317650,0.571186,0.748970,0.172648,0.234104,0.481704,0.587723,0.738701,0.720470,1.040655,1.080851,0.635827,0.554943,0.805694,0.837131,0.416138,0.443892,0.605103,0.600503
0.733100,0.811038,0.618833,0.478758,0.488102,0.552306,0.953919,0.812616,0.391201,0.423876,0.588741,0.986921,0.731116,1.087230,0.650065,0.727492,0.680786,0.859652,0.686679,0.946430,0.371245,0.312034,0.659821,0.487627,0.553161,0.694315,0.281222,0.217904,0.889991,0.935983,0.563297,0.905596,1.165645,0.000000,0.556194,0.349205,0.474606,0.311346,0.446719,0.489541,0.464100,0.323090,0.438708,0.348396,0.673716,0.515409,0.613273,0.577636,0.549740,0.517734,0.629633,0.411490,0.273459,0.281086,0.607111,0.546093,0.551066,0.568119,0.736767,0.555051,0.764337,0.821294,0.749303,0.920312,0.595549,0.710248,0.854661,0.809281,0.412352,0.332451,0.275099,0.332809,0.564073,0.803906,0.214560,0.285180,0.579481,0.677668,0.623848,0.716586,0.918801,1.028844,0.625493,0.568302,0.701543,0.960245,0.354966,0.401427,0.608397,0.641747
0.503120,0.439744,0.485331,0.480126,0.357333,0.312735,0.583025,0.577681,0.322714,0.331827,0.424031,0.394649,0.631852,0.553357,0.544688,0.440753,0.316280,0.262499,0.378468,0.417209,0.188214,0.225326,0.474399,0.513225,0.351355,0.376873,0.222657,0.239797,0.341640,0.341592,0.433120,0.547646,0.481919,0.556194,0.000000,0.429132,0.243331,0.212052,0.231355,0.298495,0.187223,0.164394,0.414028,0.281511,0.605037,0.429233,0.390336,0.370055,0.325628,0.320611,0.540487,0.390541,0.313048,0.275184,0.341872,0.347305,0.376269,0.322077,0.419531,0.370075,0.464667,0.466233,0.440939,0.282344,0.690234,0.661357,0.642307,0.614977,0.298614,0.295365,0.164939,0.150019,0.238525,0.376929,0.123035,0.170590,0.379336,0.402416,0.306817,0.406523,0.397648,0.516589,0.353839,0.255534,0.568805,0.653533,0.224202,0.136528,0.444248,0.465944
0.112904,0.152267,0.195582,0.437454,0.127362,0.201201,0.293195,0.437930,0.053866,0.168440,0.034750,0.221229,0.215942,0.281099,0.176452,0.227940,0.026565,0.034063,0.066821,0.115660,0.190129,0.226985,0.198342,0.470894,0.065336,0.272076,0.127023,0.246615,0.081416,0.172197,0.371321,0.431444,0.244187,0.349205,0.429132,0.000000,0.149506,0.121883,0.052981,0.213478,0.043930,0.107601,0.387112,0.310789,0.404656,0.336612,0.370940,0.340531,0.229144,0.199311,0.335838,0.326896,0.210260,0.270132,0.190114,0.181716,0.012901,-0.041302,0.122694,0.068707,0.153901,0.223968,0.188779,0.096483,0.403318,0.490154,0.257970,0.511579,0.096755,0.079155,0.256455,0.214140,0.086907,0.240775,0.086872,0.136233,0.366018,0.395286,0.065326,0.179752,0.148577,0.248986,0.083874,0.096836,0.099309,0.411798,0.021269,-0.053478,0.195821,0.220493
0.392263,0.433581,0.198286,0.126383,0.200216,0.255830,0.342592,0.277337,0.285890,0.259534,0.382380,0.493136,0.428597,0.487339,0.389579,0.482641,0.449987,0.520466,0.324915,0.426699,0.081092,0.032910,0.268066,0.196731,0.247505,0.361466,-0.004390,0.017687,0.519757,0.553066,0.315055,0.458355,0.450505,0.474606,0.243331,0.149506,0.000000,0.266586,0.565472,0.420326,0.363097,0.273589,0.276013,0.197267,0.363496,0.315558,0.332732,0.294589,0.361806,0.374416,0.346150,0.269683,0.104024,0.143721,0.522575,0.514120,0.406581,0.393588,0.510195,0.336383,0.482592,0.442115,0.478699,0.451029,0.352504,0.353293,0.434781,0.415410,0.233344,0.206893,0.178160,0.157665,0.303457,0.425397,0.116673,0.219480,0.369548,0.370118,0.455763,0.476760,0.518806,0.493933,0.575881,0.505313,0.466501,0.459643,0.488200,0.466344,0.444768,0.392149
0.299928,0.237615,0.165063,0.166786,0.058739,0.119009,0.253742,0.211932,0.128145,0.109008,0.287837,0.359238,0.327261,0.336738,0.284428,0.357886,0.266303,0.342784,0.225575,0.283280,0.091594,0.098345,0.219309,0.196463,0.142133,0.306863,0.091097,-0.042578,0.320171,0.376573,0.304972,0.347564,0.371205,0.311346,0.212052,0.121883,0.266586,0.000000,0.348882,0.313494,0.193454,0.272723,0.225736,0.175250,0.311102,0.253118,0.242032,0.272755,0.203807,0.232223,0.196103,0.136219,0.058887,0.127189,0.430596,0.426931,0.246524,0.213468,0.348986,0.196565,0.238225,0.249513,0.267094,0.252274,0.179592,0.207879,0.337057,0.385506,0.213445,0.205122,0.245691,0.171305,0.196986,0.295610,0.124630,0.079384,0.335004,0.397039,0.289678,0.329297,0.344142,0.351055,0.277077,0.281080,0.287095,0.379935,0.260080,0.298860,0.310017,0.281648
0.537038,0.411127,0.246893,-0.044780,0.244075,0.216034,0.351384,0.117494,0.447307,0.273053,0.676794,0.506109,0.618193,0.566596,0.558213,0.616873,0.545826,0.637344,0.465501,0.431038,-0.092582,-0.138472,0.379520,0.118247,0.282148,0.325565,-0.048878,-0.219074,0.707801,0.611434,0.371807,0.450519,0.522164,0.446719,0.231355,0.052981,0.565472,0.348882,0.000000,0.523736,0.344409,0.280980,0.164420,0.047930,0.293490,0.220207,0.225909,0.170577,0.271254,0.312698,0.221926,0.145121,-0.055746,0.009465,0.768940,0.743175,0.594649,0.556256,0.793699,0.425376,0.494251,0.478158,0.472943,0.458161,0.340620,0.300787,0.530216,0.379603,0.312106,0.224634,0.018551,0.019433,0.315980,0.372530,0.083638,0.211052,0.234261,0.323258,0.466287,0.430236,0.605536,0.494624,0.832886,0.694956,0.688519,0.426052,0.831263,0.794634,0.519565,0.558100
0.502550,0.567715,0.268949,0.226927,0.096525,0.254173,0.385991,0.283081,0.227467,0.240501,0.402280,0.551058,0.459508,0.517884,0.487731,0.530655,0.511663,0.518037,0.360170,0.423532,0.063803,0.041548,0.315674,0.339739,0.161010,0.354918,0.050947,-0.026092,0.515854,0.583583,0.423192,0.492891,0.550039,0.489541,0.298495,0.213478,0.420326,0.313494,0.523736,0.000000,0.309117,0.316197,0.325691,0.237681,0.423164,0.362588,0.362094,0.356923,0.347433,0.385931,0.407143,0.298696,0.202830,0.259134,0.598609,0.570914,0.556816,0.546794,0.547346,0.462272,0.474588,0.382236,0.513208,0.442439,0.342934,0.293067,0.589244,0.537996,0.418592,0.435647,0.173039,0.188671,0.465872,0.501750,0.151235,0.184755,0.341635,0.408445,0.515150,0.606601,0.520084,0.611025,0.504431,0.409946,0.545908,0.584518,0.418691,0.414435,0.521581,0.584051
0.380272,0.358301,0.245566,0.133752,0.234100,0.224446,0.334047,0.258171,0.268317,0.176059,0.392751,0.419764,0.403272,0.462629,0.359297,0.388238,0.393085,0.489914,0.377692,0.441861,0.154306,0.074890,0.253076,0.127297,0.310156,0.324384,0.048492,-0.066001,0.490564,0.473037,0.208040,0.369071,0.476848,0.464100,0.187223,0.043930,0.363097,0.193454,0.344409,0.309117,0.000000,0.192989,0.103779,0.072355,0.229392,0.130504,0.212967,0.199878,0.272825,0.233472,0.263737,0.135934,0.013421,0.050862,0.418348,0.325890,0.365491,0.357334,0.490511,0.261458,0.391394,0.373207,0.353411,0.378704,0.208141,0.295469,0.329667,0.281316,0.189602,0.165047,0.116975,0.169599,0.393366,0.454711,0.122032,0.141871,0.262983,0.300945,0.406337,0.402844,0.464949,0.448300,0.368290,0.359096,0.395548,0.356202,0.297197,0.383943,0.355084,0.310724
0.352787,0.366857,0.207726,0.184057,0.225406,0.306702,0.301282,0.285979,0.155687,0.178180,0.211945,0.379966,0.289419,0.402262,0.266935,0.319889,0.283288,0.306172,0.236980,0.292937,0.085434,0.043051,0.235527,0.224397,0.229160,0.299364,0.003075,-0.010790,0.264736,0.311433,0.174144,0.275422,0.360253,0.323090,0.164394,0.107601,0.273589,0.272723,0.280980,0.316197,0.192989,0.000000,0.308377,0.179458,0.318264,0.286370,0.221327,0.204492,0.369792,0.412069,0.416383,0.353447,0.186087,0.237083,0.366458,0.334892,0.221472,0.184779,0.354737,0.294277,0.323105,0.249921,0.299587,0.237209,0.238789,0.300476,0.332937,0.327582,0.218716,0.213732,0.125555,0.117292,0.284900,0.316791,0.142379,0.159439,0.157289,0.231719,0.247150,0.266181,0.289831,0.357089,0.353377,0.391260,0.250375,0.352032,0.243947,0.330569,0.287973,0.290769
0.346481,0.405248,0.307380,0.489314,0.317377,0.482977,0.453362,0.626791,0.269712,0.379227,0.161851,0.421300,0.250137,0.439273,0.296387,0.336735,0.301570,0.229600,0.165364,0.263786,0.135099,0.155364,0.294354,0.474579,0.273223,0.411392,0.078741,0.091054,0.136445,0.237238,0.215368,0.357038,0.360979,0.438708,0.414028,0.387112,0.276013,0.225736,0.164420,0.325691,0.103779,0.308377,0.000000,1.033038,1.082319,1.100177,1.037172,0.957105,0.853548,0.860933,0.891926,0.982875,0.597456,0.879854,0.487880,0.497884,0.202345,0.154135,0.398358,0.467120,0.448290,0.444654,0.474369,0.304030,0.572797,0.660715,0.511956,0.760753,0.254998,0.207635,0.143788,0.101217,0.094434,0.257899,0.095867,0.247580,0.384305,0.378510,0.170430,0.360323,0.315416,0.454849,0.384090,0.410640,0.353790,0.673219,0.246586,0.217595,0.444795,0.553260
0.215356,0.327131,0.208716,0.454943,0.056317,0.291497,0.295575,0.438529,0.019932,0.168699,0.105945,0.293095,0.127317,0.249914,0.218637,0.242282,0.221048,0.162239,0.052829,0.136426,0.265410,0.250882,0.137123,0.388766,0.064460,0.281338,0.167758,0.177332,0.068481,0.180519,0.323962,0.305492,0.296148,0.348396,0.281511,0.310789,0.197267,0.175250,0.047930,0.237681,0.072355,0.179458,1.033038,0.000000,0.770197,0.999802,1.028634,1.119584,0.492155,0.628532,0.602620,0.680765,0.499089,0.747956,0.324481,0.448656,0.185145,0.152292,0.209096,0.303009,0.251925,0.226715,0.278204,0.239996,0.329967,0.408421,0.429135,0.672940,0.265884,0.217609,0.240451,0.243154,0.017003,0.157924,0.110353,0.204442,0.329279,0.270456,0.130086,0.321752,0.306783,0.466701,0.219798,0.222717,0.271925,0.636068,0.064035,0.044317,0.439321,0.494202
0.553179,0.631429,0.467774,0.601982,0.488263,0.637283,0.695860,0.824714,0.428668,0.481330,0.326608,0.608971,0.486430,0.679427,0.502393,0.518181,0.388013,0.412183,0.312030,0.496617,0.225136,0.291152,0.451787,0.547032,0.452371,0.628514,0.189833,0.184110,0.310327,0.392467,0.371080,0.544482,0.555428,0.673716,0.605037,0.404656,0.363496,0.311102,0.293490,0.423164,0.229392,0.318264,1.082319,0.770197,0.000000,1.265938,1.042086,0.906786,0.901276,0.903507,0.859606,0.850845,0.524593,0.655448,0.553555,0.547642,0.319060,0.322664,0.591267,0.634769,0.555218,0.612795,0.578211,0.491158,0.716056,0.869633,0.740933,1.146491,0.278403,0.336531,0.315813,0.239047,0.250375,0.477464,0.119975,0.243823,0.520334,0.587956,0.292764,0.499971,0.501987,0.676726,0.534446,0.482339,0.544258,0.955812,0.372681,0.330612,0.669098,0.775250
0.435090,0.523566,0.396892,0.565154,0.358271,0.584808,0.522566,0.683599,0.300833,0.463519,0.227291,0.471419,0.297155,0.509297,0.353584,0.425130,0.323003,0.303631,0.212901,0.361810,0.200493,0.232687,0.372823,0.537593,0.332520,0.533335,0.157133,0.194381,0.163446,0.258624,0.270089,0.409785,0.379088,0.515409,0.429233,0.336612,0.315558,0.253118,0.220207,0.362588,0.130504,0.286370,1.100177,0.999802,1.265938,0.000000,1.021147,0.970565,0.910863,1.012715,0.879828,0.997397,0.611452,0.815853,0.490319,0.505630,0.279355,0.266687,0.491660,0.595375,0.448470,0.456942,0.463057,0.377152,0.537898,0.688259,0.576956,0.949807,0.292730,0.307389,0.224683,0.199359,0.123509,0.304746,0.085856,0.227886,0.426741,0.399095,0.199214,0.411114,0.413634,0.542702,0.435284,0.465013,0.406692,0.824213,0.273038,0.283241,0.643106,0.746762
0.419582,0.495311,0.326895,0.530347,0.239650,0.438252,0.557915,0.661654,0.167250,0.304912,0.262392,0.549689,0.343338,0.536927,0.352232,0.459195,0.362900,0.359639,0.215588,0.376718,0.345764,0.370414,0.287915,0.467471,0.247954,0.462395,0.218434,0.174384,0.331729,0.416304,0.446569,0.556142,0.509888,0.613273,0.390336,0.370940,0.332732,0.242032,0.225909,0.362094,0.212967,0.221327,1.037172,1.028634,1.042086,1.021147,0.000000,1.522694,0.627612,0.691736,0.692052,0.676139,0.535527,0.669482,0.532926,0.532983,0.309072,0.209008,0.440572,0.414872,0.434241,0.426771,0.533275,0.458657,0.431538,0.612435,0.613097,0.964282,0.283706,0.217107,0.385273,0.334575,0.251715,0.427033,0.194141,0.238218,0.553628,0.518176,0.313165,0.483119,0.560836,0.670205,0.411266,0.358591,0.398240,0.822369,0.222073,0.217073,0.587973,0.655919
0.367629,0.455651,0.269893,0.485980,0.181198,0.371245,0.505076,0.628675,0.119980,0.236841,0.234558,0.512720,0.315292,0.490727,0.320578,0.399862,0.333145,0.329155,0.213592,0.324508,0.371614,0.351314,0.239013,0.419155,0.211042,0.454643,0.255883,0.191576,0.280545,0.390412,0.444431,0.514309,0.488713,0.577636,0.370055,0.340531,0.294589,0.272755,0.170577,0.356923,0.199878,0.204492,0.957105,1.119584,0.906786,0.970565,1.522694,0.000000,0.547945,0.641335,0.630277,0.624552,0.477525,0.679761,0.466850,0.554181,0.252970,0.166002,0.343413,0.325452,0.343954,0.354781,0.443645,0.397154,0.362273,0.515595,0.560158,0.846947,0.241613,0.219353,0.367095,0.316924,0.230569,0.390102,0.206222,0.232383,0.546600,0.495356,0.313701,0.479579,0.522881,0.635404,0.347423,0.279915,0.334359,0.778697,0.144331,0.147259,0.484738,0.556159
0.544597,0.619434,0.419019,0.420795,0.665947,0.789655,0.568113,0.653204,0.551278,0.649651,0.264287,0.577936,0.317424,0.654121,0.348238,0.436201,0.400896,0.385661,0.389856,0.500544,0.101648,0.059925,0.416307,0.396139,0.583079,0.580337,0.053174,0.072523,0.234112,0.286669,-0.005772,0.301647,0.456295,0.549740,0.325628,0.229144,0.361806,0.203807,0.271254,0.347433,0.272825,0.369792,0.853548,0.492155,0.901276,0.910863,0.627612,0.547945,0.000000,1.268015,1.108061,1.087006,0.620443,0.795882,0.554976,0.467741,0.281410,0.297955,0.689522,0.745330,0.563927,0.654422,0.486224,0.416592,0.525383,0.671287,0.492458,0.588438,0.230105,0.243928,0.059694,-0.020565,0.171800,0.340901,0.055423,0.242989,0.301084,0.355148,0.196072,0.311733,0.331728,0.446850,0.558441,0.662263,0.403842,0.643152,0.386364,0.466686,0.445911,0.559032
