0.000000,1.518345,0.743065,0.630066,0.599441,0.273459,0.835895,0.683703,0.616823,0.649447,1.003941,0.910275,1.212529,0.931126,1.024815,0.788071,0.920186,0.749585,1.123172,1.115843,0.186272,0.135951,0.531631,0.469276,0.358590,0.345741,0.339660,0.159918,0.993624,0.758336,0.419990,0.368055,0.941484,0.931562,0.321172,0.287599,0.513345,0.576928,0.410786,0.518158,0.488278,0.303467,0.771640,0.644306,0.834355,0.875100,0.893237,0.956717,0.898755,0.868764,1.119370,0.821316,0.785425,1.127362,0.919015,0.880415,1.445240,1.213475,1.070792,0.989207,1.170804,0.703863,0.681448,0.683566,0.827657,0.453801,0.874012,0.775974,1.227647,1.002857,0.454024,0.547534,0.419435,0.522886,0.458405,0.491951,0.032903,0.111066,0.826428,0.720267,0.938883,0.866184,1.095577,0.901921,1.092735,0.950439,0.556477,0.701935,1.135888,1.163224
1.518345,0.000000,0.537367,0.606058,0.395334,0.278538,0.733064,0.625234,0.441104,0.573483,0.620007,0.837947,1.047311,0.925520,0.745958,0.669451,0.953524,0.883368,0.737538,1.126394,0.144110,0.116268,0.280442,0.297818,0.218153,0.240475,0.301414,0.123315,1.042906,0.903071,0.240851,0.221618,0.894663,0.971232,0.236116,0.264913,0.482852,0.543772,0.392162,0.611213,0.463957,0.356391,0.796793,0.706598,0.788013,0.992106,0.972103,0.957834,0.973025,1.005607,1.040574,0.827743,0.831418,1.001427,0.984391,0.894739,1.556842,1.354578,1.160870,1.160599,1.471977,0.967795,0.855974,0.874944,0.637155,0.371818,0.745977,0.805607,1.089052,0.939476,0.294999,0.384318,0.269600,0.510036,0.285607,0.465205,-0.096810,0.045029,0.842973,0.747914,1.136927,1.042497,0.905313,1.018286,0.874217,0.997678,0.522497,0.715443,0.990339,1.173315
0.743065,0.537367,0.000000,1.037930,0.649201,0.294426,1.220537,0.703433,0.792383,0.749636,0.679843,0.491630,0.731554,0.395510,0.964110,0.579893,0.355533,0.290134,0.892586,0.623894,0.267464,0.086489,1.225713,1.072852,0.819457,0.838792,0.081649,-0.033133,0.505780,0.256158,0.808673,0.693648,0.664038,0.699346,0.642020,0.368227,0.382911,0.378169,0.387962,0.300338,0.503440,0.215309,0.482508,0.451296,0.630048,0.386294,0.414927,0.598664,0.310309,0.273082,0.702995,0.514861,0.299844,0.523266,0.362161,0.372679,0.542125,0.510363,0.353322,0.316143,0.401452,0.207931,0.202766,0.159179,0.897428,0.669520,0.810973,0.534661,0.496529,0.533571,0.653348,0.728496,0.544889,0.400080,0.479969,0.445075,0.388514,0.451950,0.357560,0.397743,0.320228,0.365781,0.590293,0.338831,0.652670,0.572413,0.237009,0.275016,0.587301,0.513726
0.630066,0.606058,1.037930,0.000000,0.682023,0.656767,1.123463,1.270614,0.806271,1.050708,0.352460,0.548081,0.520023,0.516140,0.666730,0.572751,0.417229,0.396926,0.528405,0.574852,0.118484,-0.087243,0.640911,0.810281,0.588413,0.653684,0.020971,-0.074458,0.592327,0.401925,0.569772,0.595036,0.697830,0.973326,0.495998,0.489879,0.299945,0.319148,0.300774,0.249618,0.461239,0.134248,0.560998,0.575890,0.653514,0.547621,0.507981,0.686977,0.406531,0.348601,0.626475,0.566512,0.343269,0.547803,0.419464,0.456996,0.521511,0.482492,0.478371,0.479695,0.528080,0.527935,0.418937,0.352907,0.699584,0.868293,0.848066,0.781787,0.532717,0.483584,0.645138,0.608006,0.466107,0.552149,0.335473,0.613866,0.381277,0.504226,0.474716,0.453216,0.560009,0.586843,0.559348,0.435306,0.574938,0.640467,0.288629,0.318471,0.489220,0.582282
0.599441,0.395334,0.649201,0.682023,0.000000,0.846918,0.656503,0.655062,1.086978,0.935525,0.515056,0.517481,0.476563,0.456116,0.833345,0.679457,0.346472,0.280647,0.528506,0.387704,0.228257,0.099842,0.578105,0.570604,0.464243,0.447152,0.333241,0.245084,0.447480,0.347314,0.563978,0.533174,0.583258,0.565545,0.378374,0.344200,0.314818,0.364422,0.225866,0.218831,0.335898,0.116838,0.565219,0.512989,0.573970,0.512829,0.547559,0.732536,0.496476,0.374054,0.542987,0.481830,0.343468,0.717389,0.506302,0.566753,0.392624,0.334810,0.540795,0.454420,0.381300,0.271599,0.326314,0.217462,0.585257,0.498301,0.751653,0.633859,0.593794,0.460379,0.657922,0.653836,0.492678,0.558274,0.537840,0.511418,0.451826,0.417546,0.303016,0.289221,0.410732,0.457170,0.784117,0.474351,0.680495,0.541423,0.488810,0.454307,0.578272,0.621304
0.273459,0.278538,0.294426,0.656767,0.846918,0.000000,0.416162,0.729050,0.726942,1.002715,0.157298,0.426457,0.258299,0.493510,0.428844,0.589129,0.299635,0.250868,0.109256,0.264452,0.059141,-0.099417,0.217726,0.372295,0.340680,0.431973,0.073523,0.071719,0.479274,0.482420,0.420952,0.494559,0.470912,0.546959,0.279950,0.475107,0.275145,0.248455,0.113780,0.169994,0.291329,0.016674,0.586209,0.572520,0.472753,0.586460,0.507626,0.614323,0.460461,0.402322,0.350881,0.443234,0.239446,0.460734,0.422005,0.534843,0.206129,0.130411,0.442850,0.423213,0.300042,0.439661,0.361973,0.339422,0.303839,0.607043,0.583706,0.694351,0.420255,0.268164,0.625418,0.502860,0.506078,0.672501,0.432929,0.646208,0.623373,0.674184,0.357876,0.282675,0.487737,0.519500,0.539077,0.446556,0.411880,0.448263,0.451924,0.333852,0.339535,0.481918
0.835895,0.733064,1.220537,1.123463,0.656503,0.416162,0.000000,1.070426,0.767211,0.835133,0.655572,0.680832,0.758250,0.537971,0.778351,0.478385,0.537531,0.498246,0.747290,0.679239,0.073976,-0.107470,0.551230,0.554002,0.434743,0.441652,0.031742,-0.071953,0.707044,0.376170,0.407917,0.368153,0.688463,0.732623,0.278779,0.178315,0.338165,0.278172,0.315296,0.307149,0.451251,0.136562,0.425052,0.402661,0.512776,0.458052,0.479308,0.655049,0.449355,0.474149,0.670576,0.575015,0.462203,0.641928,0.434778,0.473707,0.594930,0.513891,0.477289,0.428669,0.620536,0.537571,0.460865,0.475665,0.955592,0.731024,0.688916,0.562846,0.539266,0.444138,0.561354,0.600968,0.473870,0.499109,0.440186,0.469145,0.254513,0.322147,0.429733,0.389963,0.459817,0.451601,0.704533,0.454935,0.615022,0.534244,0.249438,0.326868,0.594641,0.612438
0.683703,0.625234,0.703433,1.270614,0.655062,0.729050,1.070426,0.000000,0.701433,1.088004,0.446189,0.756146,0.515890,0.687113,0.569603,0.600081,0.532704,0.518181,0.512542,0.608433,-0.001538,-0.167720,0.373314,0.478750,0.267301,0.320830,0.070144,-0.015187,0.692179,0.543741,0.433318,0.479242,0.652982,0.881877,0.235362,0.411711,0.231136,0.233849,0.190180,0.203053,0.378451,0.049292,0.458972,0.438978,0.521132,0.534731,0.509064,0.626058,0.465947,0.435323,0.506229,0.461744,0.380771,0.584515,0.393571,0.469338,0.513369,0.416702,0.536156,0.497164,0.572074,0.689631,0.501404,0.523120,0.716795,0.817696,0.665988,0.669754,0.593603,0.406973,0.626052,0.563339,0.466073,0.602337,0.405074,0.633244,0.330516,0.378555,0.564666,0.459880,0.628205,0.593299,0.675849,0.542200,0.696638,0.581520,0.336779,0.369703,0.486559,0.648626
0.616823,0.441104,0.792383,0.806271,1.086978,0.726942,0.767211,0.701433,0.000000,1.031999,0.593873,0.529472,0.586189,0.459678,0.972138,0.661542,0.377973,0.347679,0.550186,0.415722,0.241346,0.050203,0.666032,0.696224,0.778292,0.728805,0.027357,-0.073114,0.536312,0.288236,0.575995,0.516741,0.563551,0.611513,0.435342,0.340814,0.398725,0.394962,0.136818,0.133983,0.297205,0.006652,0.546247,0.506766,0.631693,0.484808,0.517708,0.655308,0.475492,0.408516,0.632691,0.604905,0.320343,0.650126,0.400396,0.491198,0.467490,0.403721,0.512736,0.491016,0.465653,0.368266,0.386131,0.304049,0.784176,0.702689,0.762609,0.624950,0.526154,0.557132,0.544150,0.562600,0.508166,0.475320,0.424970,0.563791,0.375937,0.430781,0.357062,0.443866,0.441110,0.508444,0.652851,0.356060,0.683714,0.595056,0.254067,0.215571,0.568608,0.555398
0.649447,0.573483,0.749636,1.050708,0.935525,1.002715,0.835133,1.088004,1.031999,0.000000,0.491421,0.654546,0.579322,0.698919,0.792742,0.726433,0.489784,0.448167,0.490065,0.546264,0.055741,-0.155587,0.564049,0.679318,0.652668,0.696131,-0.018089,-0.121592,0.672269,0.503032,0.536648,0.497210,0.611112,0.764846,0.359416,0.488600,0.334368,0.326851,0.147936,0.153901,0.351159,0.009845,0.613154,0.596423,0.650574,0.617507,0.594576,0.719345,0.549281,0.502591,0.634466,0.613833,0.401281,0.653199,0.436206,0.526863,0.491361,0.403376,0.562405,0.559217,0.549316,0.618016,0.490354,0.481595,0.632167,0.795277,0.746017,0.717044,0.562967,0.433316,0.711251,0.622007,0.512929,0.600109,0.447751,0.640897,0.408663,0.493833,0.499244,0.433805,0.589928,0.622590,0.735295,0.514131,0.701461,0.640407,0.267242,0.335060,0.593150,0.676191
1.003941,0.620007,0.679843,0.352460,0.515056,0.157298,0.655572,0.446189,0.593873,0.491421,0.000000,0.749916,0.978474,0.598114,0.942792,0.528363,0.657605,0.434829,1.019089,0.646512,0.035883,-0.025229,0.632039,0.499127,0.367918,0.326723,0.173625,0.083328,0.626372,0.354266,0.452686,0.346203,0.440722,0.390335,0.253347,0.123598,0.315557,0.325479,0.215196,0.201673,0.250513,0.012701,0.371057,0.320516,0.555307,0.447934,0.414142,0.515708,0.460153,0.535470,0.674978,0.588182,0.538350,0.718766,0.531679,0.513404,0.677187,0.618390,0.487757,0.458789,0.490166,0.261277,0.298714,0.313672,0.746412,0.416019,0.559923,0.392721,0.608489,0.604718,0.526307,0.598244,0.545635,0.390076,0.626909,0.414475,0.154014,0.134237,0.543534,0.488271,0.395182,0.389824,0.751867,0.393276,0.916991,0.534662,0.392864,0.418097,0.786932,0.620108
0.910275,0.837947,0.491630,0.548081,0.517481,0.426457,0.680832,0.756146,0.529472,0.654546,0.749916,0.000000,0.820623,0.996754,0.719400,0.651035,0.826635,0.835232,0.602512,0.835095,-0.087221,-0.092009,0.308181,0.334548,0.188588,0.201723,0.177544,0.083036,0.887703,0.674497,0.384712,0.405555,0.759924,0.673786,0.136980,0.155587,0.307804,0.326174,0.156103,0.221410,0.369346,0.100508,0.514928,0.478651,0.550849,0.652228,0.579595,0.667541,0.647182,0.626356,0.669457,0.627890,0.661978,0.765591,0.618799,0.671407,0.733906,0.581283,0.781215,0.634502,0.729162,0.552892,0.765910,0.745992,0.597453,0.428627,0.654677,0.599485,0.701687,0.576943,0.607170,0.593698,0.492962,0.617200,0.537164,0.610184,0.229001,0.244721,0.701579,0.470804,0.776944,0.762483,0.816241,0.684996,0.729728,0.595858,0.460111,0.494118,0.643004,0.789553
1.212529,1.047311,0.731554,0.520023,0.476563,0.258299,0.758250,0.515890,0.586189,0.579322,0.978474,0.820623,0.000000,0.938907,1.032986,0.788479,0.887000,0.633924,0.801312,0.784555,0.110220,0.063424,0.515544,0.439123,0.418451,0.442881,0.219454,0.087427,0.861204,0.615573,0.437856,0.372161,0.653197,0.659032,0.455744,0.270368,0.463207,0.469968,0.304160,0.365730,0.309811,0.160867,0.586387,0.524586,0.639997,0.629770,0.523902,0.655718,0.599653,0.652911,0.838103,0.657894,0.514087,0.757955,0.656917,0.556997,0.932677,0.924970,0.711572,0.683628,0.888751,0.539626,0.601726,0.524146,0.924049,0.455984,0.674418,0.601562,0.729985,0.760330,0.511763,0.641387,0.464501,0.527975,0.512071,0.501974,0.125889,0.198615,0.660664,0.644295,0.690185,0.758306,0.806149,0.632826,0.855655,0.764368,0.377195,0.449953,0.887228,0.805893
0.931126,0.925520,0.395510,0.516140,0.456116,0.493510,0.537971,0.687113,0.459678,0.698919,0.598114,0.996754,0.938907,0.000000,0.765606,0.922085,0.989674,0.881789,0.464518,0.690662,0.045439,0.000894,0.283375,0.355679,0.219529,0.290765,0.302290,0.151211,0.979328,0.916041,0.402306,0.430923,0.658290,0.729491,0.369905,0.423026,0.321928,0.346656,0.158379,0.326803,0.349202,0.148369,0.764932,0.682774,0.742586,0.910671,0.687715,0.737603,0.872734,0.856559,0.929871,0.865710,0.634102,0.753012,0.775371,0.751356,0.742646,0.643862,1.009695,0.826208,0.931592,0.837384,0.973330,0.864675,0.597024,0.484173,0.702828,0.832066,0.740049,0.560941,0.532893,0.512410,0.418351,0.660539,0.466886,0.570323,0.131776,0.159302,0.916967,0.731906,1.024863,1.035311,0.816227,0.791365,0.824549,0.823310,0.527101,0.618747,0.842041,1.058381
1.024815,0.745958,0.964110,0.666730,0.833345,0.428844,0.778351,0.569603,0.972138,0.792742,0.942792,0.719400,1.032986,0.765606,0.000000,1.046795,0.599326,0.414811,0.914819,0.738350,0.375250,0.202865,0.903779,0.844880,0.666077,0.682437,0.325421,0.184566,0.770730,0.508846,0.705656,0.651639,0.721574,0.719338,0.544711,0.318183,0.602951,0.585586,0.378162,0.458249,0.575457,0.266332,0.737088,0.635083,0.727058,0.601518,0.632843,0.769584,0.634236,0.546050,0.978076,0.740192,0.493179,0.823687,0.705297,0.743345,0.720234,0.641814,0.727836,0.667318,0.623867,0.382067,0.444964,0.370789,0.829421,0.546806,0.830326,0.649232,0.709682,0.727040,0.552310,0.614934,0.619605,0.597131,0.508906,0.547727,0.257428,0.301649,0.549528,0.527635,0.582581,0.643185,1.017615,0.674251,1.021718,0.871753,0.481204,0.635329,1.106243,0.978422
0.788071,0.669451,0.579893,0.572751,0.679457,0.589129,0.478385,0.600081,0.661542,0.726433,0.528363,0.651035,0.788479,0.922085,1.046795,0.000000,0.528404,0.358305,0.617257,0.657660,0.534897,0.326166,0.632243,0.663513,0.408116,0.494467,0.494950,0.353158,0.727618,0.848892,0.714667,0.784466,0.710973,0.820381,0.608536,0.568253,0.644862,0.675818,0.439962,0.550890,0.545760,0.431074,0.854543,0.716398,0.685540,0.598537,0.645468,0.724700,0.560473,0.419976,0.730646,0.517566,0.359650,0.614083,0.682332,0.620562,0.582183,0.549520,0.719440,0.635640,0.557708,0.426608,0.451035,0.319434,0.615461,0.468677,0.735699,0.648077,0.702027,0.629434,0.476105,0.533395,0.582589,0.727654,0.433922,0.507849,0.335983,0.402703,0.552294,0.528298,0.772159,0.853206,0.916454,0.850911,1.019820,0.980230,0.626347,0.627948,0.804924,0.930018
0.920186,0.953524,0.355533,0.417229,0.346472,0.299635,0.537531,0.532704,0.377973,0.489784,0.657605,0.826635,0.887000,0.989674,0.599326,0.528404,0.000000,1.078386,0.512431,0.741364,-0.022376,-0.077637,0.196714,0.199623,0.178463,0.199829,0.106673,0.019343,1.277235,0.966381,0.255510,0.219929,0.583667,0.630275,0.179948,0.193129,0.348483,0.423383,0.220607,0.398133,0.343720,0.188459,0.660450,0.660302,0.650834,0.825367,0.717914,0.714113,0.797276,0.838408,0.784238,0.778026,0.766265,0.765427,0.752451,0.716736,0.905787,0.717454,0.803078,0.776842,0.833358,0.678917,0.866654,0.776425,0.400540,0.213881,0.562554,0.622077,0.732963,0.565314,0.434585,0.519813,0.410142,0.569194,0.406705,0.516003,0.052236,0.148015,0.931711,0.845583,1.065127,0.972176,0.845416,0.776465,0.677684,0.703724,0.535714,0.513465,0.711167,0.815583
0.749585,0.883368,0.290134,0.396926,0.280647,0.250868,0.498246,0.518181,0.347679,0.448167,0.434829,0.835232,0.633924,0.881789,0.414811,0.358305,1.078386,0.000000,0.320484,0.567521,-0.144100,-0.082469,0.102825,0.169886,0.156721,0.164046,0.115224,0.007405,0.840006,0.683380,0.191214,0.146003,0.555365,0.520764,0.134246,0.120831,0.209980,0.230361,0.050914,0.248494,0.223368,0.075652,0.471336,0.446798,0.608141,0.766115,0.592985,0.603912,0.716289,0.751791,0.712578,0.738218,0.715583,0.645740,0.602680,0.571923,0.839743,0.707667,0.812636,0.755907,0.872375,0.732188,1.112337,0.872757,0.407241,0.208514,0.554472,0.649910,0.648356,0.497161,0.374899,0.396180,0.273951,0.457881,0.336570,0.493170,-0.070258,0.020312,0.831159,0.744424,0.933403,0.884558,0.525135,0.582253,0.495140,0.577062,0.383863,0.426013,0.581494,0.699884
1.123172,0.737538,0.892586,0.528405,0.528506,0.109256,0.747290,0.512542,0.550186,0.490065,1.019089,0.602512,0.801312,0.464518,0.914819,0.617257,0.512431,0.320484,0.000000,1.132647,0.186231,0.088669,0.706957,0.530853,0.367404,0.303606,0.207927,0.101798,0.590490,0.417382,0.394761,0.331711,0.653224,0.620051,0.214035,0.238912,0.501019,0.502677,0.517982,0.409312,0.564085,0.387309,0.504716,0.437803,0.482300,0.439793,0.580610,0.638339,0.512713,0.478132,0.650835,0.475375,0.500240,0.727724,0.589048,0.594574,0.754967,0.649884,0.540904,0.540767,0.497824,0.285717,0.207660,0.257248,0.662852,0.335166,0.556712,0.390041,0.814104,0.752485,0.445918,0.511689,0.450338,0.360744,0.460027,0.377357,0.184415,0.219984,0.425997,0.397311,0.432231,0.405754,0.796556,0.546682,0.849058,0.551443,0.447602,0.444799,0.801474,0.689566
1.115843,1.126394,0.623894,0.574852,0.387704,0.264452,0.679239,0.608433,0.415722,0.546264,0.646512,0.835095,0.784555,0.690662,0.738350,0.657660,0.741364,0.567521,1.132647,0.000000,0.079885,0.025453,0.364090,0.333824,0.210221,0.197916,0.136227,0.053440,0.888507,0.757242,0.235565,0.254258,0.831083,0.866965,0.085725,0.271199,0.547789,0.543122,0.608516,0.594196,0.752260,0.553184,0.663541,0.627497,0.517235,0.703473,0.819779,0.816313,0.750307,0.744934,0.726461,0.620032,0.746172,0.804660,0.856302,0.845824,0.979761,0.773386,0.770283,0.792263,0.738428,0.615679,0.487653,0.621914,0.468835,0.313487,0.542620,0.522288,0.983118,0.877011,0.367954,0.416220,0.409075,0.528167,0.342347,0.486894,0.124319,0.247635,0.572624,0.447175,0.725215,0.663328,0.869341,0.843915,0.721876,0.649354,0.547760,0.563205,0.838941,0.944176
0.186272,0.144110,0.267464,0.118484,0.228257,0.059141,0.073976,-0.001538,0.241346,0.055741,0.035883,-0.087221,0.110220,0.045439,0.375250,0.534897,-0.022376,-0.144100,0.186231,0.079885,0.000000,0.943898,0.429778,0.382896,0.206473,0.290476,0.546067,0.452476,0.139340,0.247415,0.463044,0.436087,0.229553,0.298456,0.484573,0.237120,0.514070,0.663983,0.441319,0.634736,0.274621,0.542773,0.467162,0.388786,0.365280,0.157495,0.383087,0.346066,0.128670,-0.006216,0.322756,0.106324,0.006711,0.126998,0.276200,0.224234,0.173714,0.211707,0.172377,0.144386,0.061043,-0.064752,-0.115473,-0.194937,0.192133,0.083570,0.317670,0.197131,0.227416,0.254872,-0.107505,0.001964,0.117903,0.090673,-0.009141,-0.020955,-0.023116,0.043157,0.020391,0.180554,0.195795,0.164785,0.363714,0.360096,0.392648,0.474363,0.367114,0.393347,0.301807,0.290699
0.135951,0.116268,0.086489,-0.087243,0.099842,-0.099417,-0.107470,-0.167720,0.050203,-0.155587,-0.025229,-0.092009,0.063424,0.000894,0.202865,0.326166,-0.077637,-0.082469,0.088669,0.025453,0.943898,0.000000,0.280420,0.263238,0.019524,0.113402,0.709568,0.646128,-0.004033,0.176291,0.368195,0.361377,0.201612,0.148953,0.447744,0.211282,0.386430,0.477158,0.247127,0.451018,0.157380,0.410195,0.324737,0.240627,0.299092,0.130390,0.263263,0.223333,0.075415,-0.044276,0.231171,-0.003413,-0.090372,0.112427,0.204448,0.147117,0.178114,0.277667,0.189987,0.147430,0.075365,-0.144188,-0.098131,-0.183087,0.132377,-0.084306,0.260771,0.183881,0.225776,0.300316,-0.080747,0.062297,0.024065,0.082403,0.032667,-0.071845,-0.076208,-0.091753,0.004130,0.193949,0.144022,0.145977,0.198231,0.277392,0.284278,0.351781,0.345980,0.404440,0.148966,0.201640
0.531631,0.280442,1.225713,0.640911,0.578105,0.217726,0.551230,0.373314,0.666032,0.564049,0.632039,0.308181,0.515544,0.283375,0.903779,0.632243,0.196714,0.102825,0.706957,0.364090,0.429778,0.280420,0.000000,1.664674,0.965436,1.004546,0.192048,0.100800,0.312784,0.154567,1.198567,0.991235,0.528424,0.520993,0.890727,0.486268,0.364038,0.399821,0.296449,0.222120,0.439089,0.194715,0.459237,0.415959,0.632168,0.283679,0.311232,0.446846,0.188003,0.115385,0.608317,0.401597,0.161389,0.400900,0.284308,0.290092,0.357364,0.366455,0.271500,0.231236,0.173312,-0.052094,0.042284,-0.074098,0.607056,0.494809,0.772570,0.457407,0.367640,0.439000,0.623086,0.664682,0.598186,0.347835,0.471048,0.376343,0.444152,0.466782,0.284928,0.321460,0.222147,0.268442,0.467492,0.250175,0.652653,0.529979,0.266536,0.293262,0.508141,0.417628
0.469276,0.297818,1.072852,0.810281,0.570604,0.372295,0.554002,0.478750,0.696224,0.679318,0.499127,0.334548,0.439123,0.355679,0.844880,0.663513,0.199623,0.169886,0.530853,0.333824,0.382896,0.263238,1.664674,0.000000,0.939782,1.074543,0.188387,0.124431,0.358442,0.211949,1.137018,1.032942,0.539256,0.572060,0.907306,0.548092,0.367611,0.380638,0.228992,0.220217,0.479202,0.168105,0.496956,0.476976,0.680615,0.350095,0.342787,0.498632,0.213810,0.151829,0.644057,0.489829,0.163495,0.414212,0.301516,0.336124,0.337167,0.344359,0.340997,0.299427,0.209454,0.045819,0.130569,0.006464,0.566150,0.593158,0.836102,0.597469,0.355590,0.425775,0.662181,0.655252,0.629793,0.463077,0.449368,0.494266,0.474820,0.531000,0.380421,0.367019,0.318565,0.355865,0.434568,0.275939,0.644097,0.624186,0.313767,0.363861,0.495520,0.469407
0.358590,0.218153,0.819457,0.588413,0.464243,0.340680,0.434743,0.267301,0.778292,0.652668,0.367918,0.188588,0.418451,0.219529,0.666077,0.408116,0.178463,0.156721,0.367404,0.210221,0.206473,0.019524,0.965436,0.939782,0.000000,1.773695,-0.243870,-0.370762,0.284628,0.062664,0.706618,0.538955,0.411035,0.410386,0.680352,0.384121,0.343798,0.285571,0.119049,0.062292,0.213857,-0.020411,0.397767,0.392974,0.497972,0.300613,0.255123,0.365965,0.209702,0.191927,0.549755,0.541074,0.160324,0.325975,0.184778,0.212751,0.329242,0.276232,0.247898,0.246963,0.243418,0.077047,0.141729,0.068056,0.438455,0.492736,0.612136,0.471960,0.252355,0.379738,0.481604,0.480529,0.447018,0.221292,0.221217,0.355710,0.351784,0.458484,0.237330,0.329176,0.196469,0.274741,0.272237,0.077783,0.305183,0.379730,-0.039714,-0.001103,0.346716,0.266059
0.345741,0.240475,0.838792,0.653684,0.447152,0.431973,0.441652,0.320830,0.728805,0.696131,0.326723,0.201723,0.442881,0.290765,0.682437,0.494467,0.199829,0.164046,0.303606,0.197916,0.290476,0.113402,1.004546,1.074543,1.773695,0.000000,-0.136992,-0.243352,0.339294,0.160803,0.880581,0.721981,0.449039,0.486004,0.878971,0.512222,0.348820,0.341254,0.158127,0.146260,0.263391,0.037544,0.487180,0.503837,0.602909,0.378666,0.308727,0.448025,0.229165,0.187201,0.593301,0.533303,0.150457,0.309850,0.228381,0.243763,0.322528,0.299682,0.264363,0.253916,0.242687,0.082592,0.154251,0.043272,0.458657,0.562140,0.698299,0.567677,0.267221,0.384050,0.546182,0.524197,0.481307,0.310229,0.285823,0.413663,0.405463,0.503486,0.285552,0.367908,0.272570,0.338726,0.325836,0.177713,0.366558,0.493960,0.065059,0.088995,0.372039,0.318085
0.339660,0.301414,0.081649,0.020971,0.333241,0.073523,0.031742,0.070144,0.027357,-0.018089,0.173625,0.177544,0.219454,0.302290,0.325421,0.494950,0.106673,0.115224,0.207927,0.136227,0.546067,0.709568,0.192048,0.188387,-0.243870,-0.136992,0.000000,1.474068,0.123060,0.340124,0.329305,0.375037,0.256429,0.212810,0.369678,0.164459,0.226989,0.331330,0.127711,0.374160,0.133418,0.303975,0.371327,0.211080,0.404597,0.286643,0.350875,0.330218,0.266549,0.097143,0.334670,0.076071,0.079472,0.300995,0.418947,0.322450,0.278140,0.384711,0.371719,0.292010,0.239106,0.020854,0.128377,-0.029593,0.270220,0.027133,0.362807,0.301615,0.410817,0.357479,0.061897,0.162973,0.060759,0.291548,0.228810,0.126359,-0.075863,-0.182219,0.271068,0.245392,0.312953,0.286909,0.374304,0.455745,0.526851,0.477627,0.668071,0.785844,0.419366,0.402860
0.159918,0.123315,-0.033133,-0.074458,0.245084,0.071719,-0.071953,-0.015187,-0.073114,-0.121592,0.083328,0.083036,0.087427,0.151211,0.184566,0.353158,0.019343,0.007405,0.101798,0.053440,0.452476,0.646128,0.100800,0.124431,-0.370762,-0.243352,1.474068,0.000000,0.014717,0.216141,0.241458,0.314229,0.102431,0.052098,0.254867,0.083155,0.168652,0.238214,0.179534,0.352645,0.160756,0.336370,0.241706,0.130905,0.218256,0.138431,0.209986,0.212301,0.097585,-0.044189,0.150062,-0.064639,-0.025036,0.126652,0.295959,0.207877,0.098572,0.188738,0.203362,0.147493,0.043591,-0.104988,-0.009926,-0.161538,0.126066,-0.070725,0.214049,0.163970,0.257472,0.191616,0.043496,0.148848,0.104320,0.281096,0.227927,0.098749,0.045954,-0.046409,0.141718,0.065917,0.170905,0.145276,0.259246,0.361000,0.376411,0.324292,0.646638,0.706307,0.277594,0.270833
0.993624,1.042906,0.505780,0.592327,0.447480,0.479274,0.707044,0.692179,0.536312,0.672269,0.626372,0.887703,0.861204,0.979328,0.770730,0.727618,1.277235,0.840006,0.590490,0.888507,0.139340,-0.004033,0.312784,0.358442,0.284628,0.339294,0.123060,0.014717,0.000000,1.218248,0.368667,0.370946,0.790576,0.860440,0.244384,0.288624,0.563988,0.644104,0.298431,0.513775,0.565466,0.307263,0.886362,0.859770,0.760371,0.928949,0.916320,0.958793,0.896732,0.877241,0.911052,0.867199,0.772811,0.897738,0.878169,0.965563,0.856983,0.706693,0.876761,0.835310,0.833353,0.696563,0.808154,0.798124,0.451521,0.317058,0.713155,0.739527,0.848990,0.664759,0.471075,0.500932,0.613116,0.827612,0.482670,0.645380,0.172741,0.308575,0.970007,0.824511,1.216334,1.063483,1.057581,0.944499,0.808657,0.900969,0.625688,0.587674,0.775692,0.952084
0.758336,0.903071,0.256158,0.401925,0.347314,0.482420,0.376170,0.543741,0.288236,0.503032,0.354266,0.674497,0.615573,0.916041,0.508846,0.848892,0.966381,0.683380,0.417382,0.757242,0.247415,0.176291,0.154567,0.211949,0.062664,0.160803,0.340124,0.216141,1.218248,0.000000,0.320136,0.372597,0.744089,0.853290,0.250627,0.409411,0.486364,0.630007,0.304769,0.563391,0.483359,0.434158,0.946024,0.863813,0.728980,0.874302,0.937817,0.849858,0.802741,0.698237,0.689563,0.602073,0.586013,0.705917,0.839524,0.776789,0.734814,0.667635,0.850766,0.792026,0.758106,0.647838,0.714318,0.636079,0.266370,0.172309,0.612618,0.673220,0.868162,0.630952,0.325485,0.352902,0.392644,0.727440,0.379429,0.491614,0.124502,0.232550,0.887958,0.837104,1.390277,1.227773,0.885966,1.108109,0.778922,0.938641,0.726770,0.639893,0.627164,0.859723
0.419990,0.240851,0.808673,0.569772,0.563978,0.420952,0.407917,0.433318,0.575995,0.536648,0.452686,0.384712,0.437856,0.402306,0.705656,0.714667,0.255510,0.191214,0.394761,0.235565,0.463044,0.368195,1.198567,1.137018,0.706618,0.880581,0.329305,0.241458,0.368667,0.320136,0.000000,1.743087,0.557886,0.561998,1.114946,0.648257,0.283617,0.381412,0.188308,0.197212,0.311758,0.141522,0.577318,0.502367,0.795634,0.438751,0.379853,0.519159,0.255496,0.136579,0.572201,0.420522,0.173328,0.399421,0.327085,0.338046,0.332338,0.360960,0.324597,0.263513,0.176437,-0.029813,0.183305,-0.029131,0.508831,0.464074,0.937950,0.639368,0.399698,0.446324,0.712610,0.741556,0.578312,0.480391,0.534727,0.476514,0.546123,0.502789,0.368522,0.420796,0.369147,0.423196,0.469873,0.314876,0.680050,0.587891,0.419031,0.348102,0.418441,0.430627
0.368055,0.221618,0.693648,0.595036,0.533174,0.494559,0.368153,0.479242,0.516741,0.497210,0.346203,0.405555,0.372161,0.430923,0.651639,0.784466,0.219929,0.146003,0.331711,0.254258,0.436087,0.361377,0.991235,1.032942,0.538955,0.721981,0.375037,0.314229,0.370946,0.372597,1.743087,0.000000,0.601336,0.649393,1.006307,0.742607,0.278127,0.390639,0.222868,0.245707,0.398591,0.197259,0.622010,0.567275,0.750427,0.456752,0.384042,0.530802,0.263395,0.098700,0.512645,0.365553,0.129795,0.358540,0.347659,0.358483,0.264483,0.302941,0.349003,0.277367,0.139761,-0.018444,0.184758,-0.020606,0.452861,0.479806,0.881029,0.646895,0.376602,0.403885,0.675252,0.646823,0.585038,0.579147,0.516460,0.484536,0.620950,0.581761,0.368934,0.371968,0.398582,0.455573,0.466103,0.374920,0.652118,0.597095,0.505401,0.390118,0.393006,0.442575
0.941484,0.894663,0.664038,0.697830,0.583258,0.470912,0.688463,0.652982,0.563551,0.611112,0.440722,0.759924,0.653197,0.658290,0.721574,0.710973,0.583667,0.555365,0.653224,0.831083,0.229553,0.201612,0.528424,0.539256,0.411035,0.449039,0.256429,0.102431,0.790576,0.744089,0.557886,0.601336,0.000000,1.366406,0.379978,0.441194,0.471076,0.558561,0.381772,0.483358,0.651319,0.443049,0.941757,0.825322,0.770837,0.859459,0.912242,1.031323,0.728788,0.625769,0.819089,0.653943,0.570292,0.820381,0.738719,0.786613,0.846625,0.768643,0.943784,0.806699,0.795179,0.484568,0.645641,0.563390,0.503157,0.445811,1.053208,0.917842,1.036771,0.807239,0.507807,0.523921,0.458550,0.643796,0.429478,0.503041,0.322283,0.407329,0.596133,0.468354,0.907451,0.841666,0.835156,0.841598,0.724172,0.773988,0.509520,0.510379,0.658595,0.877764
0.931562,0.971232,0.699346,0.973326,0.565545,0.546959,0.732623,0.881877,0.611513,0.764846,0.390335,0.673786,0.659032,0.729491,0.719338,0.820381,0.630275,0.520764,0.620051,0.866965,0.298456,0.148953,0.520993,0.572060,0.410386,0.486004,0.212810,0.052098,0.860440,0.853290,0.561998,0.649393,1.366406,0.000000,0.483819,0.618238,0.407786,0.573935,0.442521,0.539504,0.594591,0.422756,1.045592,0.981013,0.910384,0.948758,0.986813,1.069659,0.735022,0.603150,0.814979,0.651561,0.536235,0.730663,0.751326,0.738434,0.898712,0.849886,0.892182,0.858233,0.831859,0.666825,0.619503,0.554414,0.574380,0.599428,1.035550,1.006710,0.946781,0.770140,0.440413,0.434684,0.371248,0.602712,0.291500,0.538220,0.225803,0.372556,0.664913,0.590040,1.020402,0.937560,0.838837,0.915749,0.831362,0.968656,0.513882,0.555500,0.721327,0.937997
0.321172,0.236116,0.642020,0.495998,0.378374,0.279950,0.278779,0.235362,0.435342,0.359416,0.253347,0.136980,0.455744,0.369905,0.544711,0.608536,0.179948,0.134246,0.214035,0.085725,0.484573,0.447744,0.890727,0.907306,0.680352,0.878971,0.369678,0.254867,0.244384,0.250627,1.114946,1.006307,0.379978,0.483819,0.000000,0.767725,0.276065,0.340742,0.116602,0.198856,0.117650,0.067382,0.576692,0.489192,0.797362,0.402199,0.299543,0.411776,0.156115,0.063960,0.541889,0.353236,-0.014654,0.213421,0.240172,0.162268,0.306705,0.430699,0.250253,0.223312,0.239717,0.025967,0.143393,-0.082235,0.533696,0.471349,0.822608,0.660333,0.304780,0.431693,0.414905,0.508083,0.313816,0.348192,0.313661,0.325420,0.275794,0.295961,0.348541,0.490358,0.331917,0.423618,0.267960,0.229024,0.505965,0.616606,0.243082,0.264456,0.357877,0.323819
0.287599,0.264913,0.368227,0.489879,0.344200,0.475107,0.178315,0.411711,0.340814,0.488600,0.123598,0.155587,0.270368,0.423026,0.318183,0.568253,0.193129,0.120831,0.238912,0.271199,0.237120,0.211282,0.486268,0.548092,0.384121,0.512222,0.164459,0.083155,0.288624,0.409411,0.648257,0.742607,0.441194,0.618238,0.767725,0.000000,0.161680,0.289750,0.123138,0.196416,0.199111,0.127278,0.611573,0.573568,0.629326,0.495004,0.407831,0.414531,0.300563,0.183159,0.371303,0.299218,0.051105,0.220479,0.258865,0.247544,0.272407,0.315381,0.309535,0.299015,0.222716,0.217322,0.127350,0.056552,0.290845,0.490802,0.584396,0.637148,0.394493,0.360511,0.328589,0.285801,0.180256,0.321354,0.173254,0.325466,0.291201,0.332553,0.369476,0.393578,0.415583,0.449568,0.304471,0.335894,0.480343,0.515673,0.281966,0.252923,0.298738,0.363161
0.513345,0.482852,0.382911,0.299945,0.314818,0.275145,0.338165,0.231136,0.398725,0.334368,0.315557,0.307804,0.463207,0.321928,0.602951,0.644862,0.348483,0.209980,0.501019,0.547789,0.514070,0.386430,0.364038,0.367611,0.343798,0.348820,0.226989,0.168652,0.563988,0.486364,0.283617,0.278127,0.471076,0.407786,0.276065,0.161680,0.000000,0.913978,0.523723,0.713440,0.531312,0.487325,0.592455,0.506641,0.364316,0.386413,0.527376,0.566991,0.426135,0.399379,0.555955,0.438789,0.330715,0.498151,0.603789,0.628629,0.426891,0.360972,0.449324,0.544651,0.343978,0.299182,0.205711,0.296809,0.258552,0.148714,0.408729,0.376102,0.462955,0.503810,0.223105,0.328430,0.474710,0.506413,0.258367,0.397468,0.194224,0.327172,0.256708,0.285617,0.422114,0.396793,0.666432,0.556643,0.466071,0.472416,0.472168,0.421975,0.506844,0.559868
0.576928,0.543772,0.378169,0.319148,0.364422,0.248455,0.278172,0.233849,0.394962,0.326851,0.325479,0.326174,0.469968,0.346656,0.585586,0.675818,0.423383,0.230361,0.502677,0.543122,0.663983,0.477158,0.399821,0.380638,0.285571,0.341254,0.331330,0.238214,0.644104,0.630007,0.381412,0.390639,0.558561,0.573935,0.340742,0.289750,0.913978,0.000000,0.485586,0.714040,0.487610,0.571830,0.772883,0.738592,0.523595,0.496160,0.696935,0.706850,0.487096,0.399957,0.624412,0.407677,0.364130,0.610337,0.585169,0.645648,0.561182,0.496613,0.501872,0.545828,0.399453,0.240149,0.184621,0.262711,0.299028,0.122321,0.471679,0.413635,0.533837,0.580878,0.226600,0.375695,0.372065,0.412132,0.280581,0.346668,0.189400,0.289921,0.315443,0.417598,0.582108,0.585254,0.780280,0.732642,0.674901,0.720334,0.518046,0.482494,0.523350,0.590235
0.410786,0.392162,0.387962,0.300774,0.225866,0.113780,0.315296,0.190180,0.136818,0.147936,0.215196,0.156103,0.304160,0.158379,0.378162,0.439962,0.220607,0.050914,0.517982,0.608516,0.441319,0.247127,0.296449,0.228992,0.119049,0.158127,0.127711,0.179534,0.298431,0.304769,0.188308,0.222868,0.381772,0.442521,0.116602,0.123138,0.523723,0.485586,0.000000,1.040634,0.785915,0.880993,0.369662,0.408252,0.174203,0.255844,0.368498,0.481819,0.237191,0.234199,0.312066,0.217466,0.383949,0.263331,0.575228,0.442173,0.341614,0.294516,0.246468,0.288821,0.192692,0.189436,0.010795,0.084923,0.148255,0.098904,0.268993,0.191871,0.392501,0.336961,0.105697,0.192089,0.253204,0.217353,0.046642,0.112637,0.160968,0.338996,0.003772,-0.022489,0.212278,0.184295,0.524254,0.535430,0.294617,0.300439,0.448150,0.395057,0.435827,0.526025
0.518158,0.611213,0.300338,0.249618,0.218831,0.169994,0.307149,0.203053,0.133983,0.153901,0.201673,0.221410,0.365730,0.326803,0.458249,0.550890,0.398133,0.248494,0.409312,0.594196,0.634736,0.451018,0.222120,0.220217,0.062292,0.146260,0.374160,0.352645,0.513775,0.563391,0.197212,0.245707,0.483358,0.539504,0.198856,0.196416,0.713440,0.714040,1.040634,0.000000,0.740407,0.899620,0.605493,0.607910,0.385616,0.489482,0.638263,0.672652,0.440790,0.426322,0.521579,0.373864,0.426819,0.381014,0.747146,0.657869,0.554378,0.474688,0.492569,0.488854,0.391045,0.340463,0.179692,0.269307,0.208780,0.120031,0.380004,0.382115,0.540736,0.462412,0.048617,0.136265,0.244138,0.304016,0.084799,0.103007,-0.041900,0.138002,0.259191,0.211532,0.465486,0.401800,0.696557,0.830623,0.456219,0.581083,0.599785,0.726178,0.579671,0.704509
0.488278,0.463957,0.503440,0.461239,0.335898,0.291329,0.451251,0.378451,0.297205,0.351159,0.250513,0.369346,0.309811,0.349202,0.575457,0.545760,0.343720,0.223368,0.564085,0.752260,0.274621,0.157380,0.439089,0.479202,0.213857,0.263391,0.133418,0.160756,0.565466,0.483359,0.311758,0.398591,0.651319,0.594591,0.117650,0.199111,0.531312,0.487610,0.785915,0.740407,0.000000,0.904287,0.465530,0.524885,0.266576,0.357420,0.493020,0.556352,0.380903,0.348090,0.487735,0.399367,0.409735,0.439088,0.586632,0.645524,0.343493,0.253799,0.407097,0.392039,0.234707,0.222880,0.222493,0.259219,0.171332,0.163197,0.366832,0.294846,0.464547,0.350422,0.358142,0.355730,0.589855,0.595117,0.304728,0.375270,0.361257,0.500651,0.263619,0.128290,0.433760,0.367057,0.653779,0.697844,0.390958,0.441217,0.534920,0.539738,0.464411,0.618766
0.303467,0.356391,0.215309,0.134248,0.116838,0.016674,0.136562,0.049292,0.006652,0.009845,0.012701,0.100508,0.160867,0.148369,0.266332,0.431074,0.188459,0.075652,0.387309,0.553184,0.542773,0.410195,0.194715,0.168105,-0.020411,0.037544,0.303975,0.336370,0.307263,0.434158,0.141522,0.197259,0.443049,0.422756,0.067382,0.127278,0.487325,0.571830,0.880993,0.899620,0.904287,0.000000,0.417507,0.445144,0.159045,0.262432,0.433086,0.425552,0.242363,0.186860,0.310591,0.192502,0.264234,0.229527,0.503210,0.438036,0.292202,0.249133,0.293928,0.296021,0.158894,0.095445,0.079228,0.078963,-0.032019,-0.136798,0.190871,0.171224,0.361544,0.285400,0.059759,0.087545,0.277195,0.297824,0.120517,0.086703,0.122589,0.246684,0.062060,0.026801,0.314929,0.270321,0.408927,0.558535,0.270824,0.381661,0.491305,0.431139,0.331164,0.427437
0.771640,0.796793,0.482508,0.560998,0.565219,0.586209,0.425052,0.458972,0.546247,0.613154,0.371057,0.514928,0.586387,0.764932,0.737088,0.854543,0.660450,0.471336,0.504716,0.663541,0.467162,0.324737,0.459237,0.496956,0.397767,0.487180,0.371327,0.241706,0.886362,0.946024,0.577318,0.622010,0.941757,1.045592,0.576692,0.611573,0.592455,0.772883,0.369662,0.605493,0.465530,0.417507,0.000000,1.701658,1.255885,1.299181,1.448259,1.360527,0.989493,0.742325,1.003425,0.830550,0.537490,0.752269,0.960313,0.953564,0.760569,0.727664,0.959965,0.931809,0.705455,0.514559,0.571004,0.471055,0.377222,0.367059,1.026322,1.056352,0.937636,0.761953,0.369141,0.396344,0.389365,0.589431,0.394334,0.482816,0.228071,0.348301,0.654205,0.734665,1.003252,1.003319,0.866659,0.899002,0.813245,0.991888,0.726985,0.662546,0.758984,0.901957
0.644306,0.706598,0.451296,0.575890,0.512989,0.572520,0.402661,0.438978,0.506766,0.596423,0.320516,0.478651,0.524586,0.682774,0.635083,0.716398,0.660302,0.446798,0.437803,0.627497,0.388786,0.240627,0.415959,0.476976,0.392974,0.503837,0.211080,0.130905,0.859770,0.863813,0.502367,0.567275,0.825322,0.981013,0.489192,0.573568,0.506641,0.738592,0.408252,0.607910,0.524885,0.445144,1.701658,0.000000,1.078884,1.227200,1.211037,1.271888,0.864517,0.699950,0.884667,0.800319,0.533096,0.649036,0.914632,0.888543,0.638209,0.607140,0.845319,0.824467,0.582668,0.465155,0.523381,0.412879,0.312627,0.349083,0.861209,0.952296,0.741904,0.600934,0.409519,0.391607,0.424990,0.549763,0.388294,0.435048,0.268409,0.420010,0.586849,0.662683,0.917291,0.927071,0.768926,0.820159,0.690210,0.900974,0.714119,0.577600,0.667970,0.796008
0.834355,0.788013,0.630048,0.653514,0.573970,0.472753,0.512776,0.521132,0.631693,0.650574,0.555307,0.550849,0.639997,0.742586,0.727058,0.685540,0.650834,0.608141,0.482300,0.517235,0.365280,0.299092,0.632168,0.680615,0.497972,0.602909,0.404597,0.218256,0.760371,0.728980,0.795634,0.750427,0.770837,0.910384,0.797362,0.629326,0.364316,0.523595,0.174203,0.385616,0.266576,0.159045,1.255885,1.078884,0.000000,1.314097,1.097565,1.142567,0.899155,0.673612,1.145508,0.916975,0.539929,0.770420,0.822047,0.766153,0.863946,0.943305,0.866684,0.821634,0.704001,0.434562,0.584696,0.374480,0.579134,0.517862,1.321362,1.179857,0.872383,0.827547,0.467839,0.493253,0.345497,0.506522,0.464700,0.497082,0.116964,0.190287,0.772180,0.959022,0.897226,0.903205,0.695911,0.632960,0.907669,1.010215,0.641319,0.621470,0.784942,0.763244
0.875100,0.992106,0.386294,0.547621,0.512829,0.586460,0.458052,0.534731,0.484808,0.617507,0.447934,0.652228,0.629770,0.910671,0.601518,0.598537,0.825367,0.766115,0.439793,0.703473,0.157495,0.130390,0.283679,0.350095,0.300613,0.378666,0.286643,0.138431,0.928949,0.874302,0.438751,0.456752,0.859459,0.948758,0.402199,0.495004,0.386413,0.496160,0.255844,0.489482,0.357420,0.262432,1.299181,1.227200,1.314097,0.000000,1.361020,1.354779,1.394773,1.129725,1.072427,1.058299,0.796773,0.940061,1.137366,1.124805,0.966289,0.889023,1.207810,1.193630,0.868452,0.704378,0.792226,0.670134,0.371859,0.390481,0.983068,1.274339,1.016555,0.821863,0.461882,0.408732,0.337607,0.570688,0.412659,0.526849,0.097606,0.197614,0.822250,0.785304,1.076168,1.010681,0.767258,0.803277,0.722322,0.855871,0.728389,0.682966,0.814904,0.972986
0.893237,0.972103,0.414927,0.507981,0.547559,0.507626,0.479308,0.509064,0.517708,0.594576,0.414142,0.579595,0.523902,0.687715,0.632843,0.645468,0.717914,0.592985,0.580610,0.819779,0.383087,0.263263,0.311232,0.342787,0.255123,0.308727,0.350875,0.209986,0.916320,0.937817,0.379853,0.384042,0.912242,0.986813,0.299543,0.407831,0.527376,0.696935,0.368498,0.638263,0.493020,0.433086,1.448259,1.211037,1.097565,1.361020,0.000000,1.590378,1.231895,0.941139,0.994891,0.830484,0.748540,0.923281,1.052288,1.104896,0.972871,0.848661,1.051957,1.045142,0.792669,0.616499,0.601033,0.586647,0.361263,0.318676,0.857973,0.897934,1.144101,0.885948,0.292272,0.311137,0.295441,0.521976,0.340640,0.430719,0.037082,0.167278,0.659454,0.672949,1.012135,0.864687,0.929619,0.972439,0.791189,0.860203,0.757619,0.746714,0.776846,0.940288
0.956717,0.957834,0.598664,0.686977,0.732536,0.614323,0.655049,0.626058,0.655308,0.719345,0.515708,0.667541,0.655718,0.737603,0.769584,0.724700,0.714113,0.603912,0.638339,0.816313,0.346066,0.223333,0.446846,0.498632,0.365965,0.448025,0.330218,0.212301,0.958793,0.849858,0.519159,0.530802,1.031323,1.069659,0.411776,0.414531,0.566991,0.706850,0.481819,0.672652,0.556352,0.425552,1.360527,1.271888,1.142567,1.354779,1.590378,0.000000,1.069548,0.855432,1.033961,0.890341,0.730006,1.004891,1.072310,1.113085,0.914444,0.842739,1.046539,0.996983,0.762380,0.549671,0.613724,0.522660,0.459624,0.382630,1.084993,1.068773,1.097736,0.884329,0.494805,0.499715,0.427611,0.634303,0.476330,0.542737,0.224237,0.357069,0.648349,0.612349,0.983620,0.894370,1.041828,0.950887,0.853670,0.895714,0.805779,0.680246,0.812986,0.993725
0.898755,0.973025,0.310309,0.406531,0.496476,0.460461,0.449355,0.465947,0.475492,0.549281,0.460153,0.647182,0.599653,0.872734,0.634236,0.560473,0.797276,0.716289,0.512713,0.750307,0.128670,0.075415,0.188003,0.213810,0.209702,0.229165,0.266549,0.097585,0.896732,0.802741,0.255496,0.263395,0.728788,0.735022,0.156115,0.300563,0.426135,0.487096,0.237191,0.440790,0.380903,0.242363,0.989493,0.864517,0.899155,1.394773,1.231895,1.069548,0.000000,1.338542,1.049710,0.993595,0.971374,1.147914,1.140339,1.291036,0.902210,0.747043,1.331937,1.277175,0.862443,0.730052,0.810311,0.759148,0.312772,0.267689,0.682915,0.853341,0.917008,0.748430,0.316559,0.290004,0.223789,0.473658,0.317951,0.473246,-0.020192,0.058982,0.692163,0.647540,0.909467,0.835731,0.841718,0.835333,0.629483,0.642197,0.636373,0.659332,0.854944,0.985989
