0.000000,1.101446,0.766059,0.526374,-0.121280,-0.002528,0.738868,0.520303,0.174886,-0.001909,0.480230,0.641559,0.439838,0.369372,0.435125,0.175872,0.710251,0.728179,0.597848,0.416676,0.479948,0.309104,0.454749,0.251370,0.046960,0.081545,0.417973,0.176260,0.408344,0.403791,0.632454,0.513728,0.722318,0.508357,0.377492,0.220559,-0.241904,-0.120732,0.173144,0.065136,0.049994,0.230998,0.388212,0.024255,0.425293,0.352237,0.327521,0.221367,0.502747,0.528753,0.520189,0.531909,0.282799,0.472531,0.352528,0.203731,1.156571,0.817550,0.634582,0.717448,0.868568,0.862083,0.399759,0.331568,0.536740,0.574413,0.583557,0.411639,0.575757,0.558425,0.223212,0.013884,0.394164,0.305926,0.292089,0.371897,-0.080124,-0.089368,0.596733,0.623163,0.424579,0.426479,0.330972,0.520256,0.728023,0.721068,-0.172984,0.383127,0.695092,0.690784
1.101446,0.000000,0.598951,0.750627,0.090442,0.183542,0.585102,0.745148,0.228057,0.121664,0.415191,0.990795,0.405671,0.591635,0.444577,0.405605,0.639758,1.042202,0.641936,0.694012,0.547585,0.421387,0.515767,0.297406,0.293745,0.290783,0.431698,0.450907,0.370861,0.523676,0.504357,0.448320,0.990637,0.806614,0.428438,0.236769,-0.318657,-0.148209,0.110995,0.111182,0.033111,0.186269,0.381307,0.152183,0.480914,0.458674,0.375265,0.302421,0.511211,0.602147,0.485280,0.561824,0.423655,0.538674,0.369563,0.307839,1.111930,1.394776,0.673629,0.874930,0.715722,1.129851,0.498523,0.801505,0.413186,0.641080,0.726489,0.625320,0.889303,0.775277,0.242570,0.032777,0.382921,0.409936,0.384905,0.442334,-0.033589,-0.015403,0.498976,0.686405,0.598037,0.830096,0.424120,0.558647,0.670050,0.849967,-0.077619,0.331499,0.709764,0.794885
0.766059,0.598951,0.000000,0.794849,0.027260,0.054370,1.117874,0.605702,0.315055,0.043674,0.192420,0.431536,0.371615,0.283998,0.551375,0.190931,0.382849,0.509523,0.847910,0.635727,0.393872,0.381034,1.156135,0.797386,0.221929,0.263255,0.408660,0.177607,0.245970,0.301228,0.845303,0.815015,0.600874,0.558088,0.882803,0.574619,-0.153947,-0.016048,0.146419,0.083285,0.176516,0.238235,0.609517,0.320204,0.424655,0.389661,0.558788,0.351395,0.407493,0.534525,0.682054,0.634019,0.516043,0.695828,0.468000,0.417636,0.543153,0.431752,0.346115,0.339711,0.301890,0.387975,0.166708,0.177338,0.639576,0.438839,0.638906,0.451994,0.435605,0.523757,0.434396,0.340330,0.506912,0.312905,0.447254,0.532996,0.210975,0.222241,0.476036,0.373318,0.367335,0.405420,0.266623,0.391671,0.828714,0.595644,-0.145241,0.432869,0.689808,0.727332
0.526374,0.750627,0.794849,0.000000,0.093499,0.158348,0.748089,1.161582,0.175559,0.177650,0.165402,0.695874,0.293784,0.439545,0.322210,0.463417,0.161433,0.465805,0.550614,0.825975,0.267774,0.289256,0.784996,0.846342,0.319027,0.371665,0.249735,0.386162,0.055650,0.291302,0.533699,0.616700,0.542836,0.668455,0.624589,0.457786,-0.231897,-0.042827,0.039043,0.095894,0.080244,0.201296,0.425085,0.323881,0.334960,0.393583,0.423266,0.315232,0.301489,0.405439,0.448040,0.501602,0.477295,0.449023,0.355118,0.366352,0.345049,0.553994,0.347606,0.422183,0.263423,0.617806,0.255476,0.601190,0.432349,0.593596,0.535721,0.536763,0.489861,0.495878,0.408763,0.314643,0.301884,0.290350,0.354823,0.337824,0.157818,0.277320,0.114947,0.262278,0.293117,0.522005,0.245150,0.294298,0.544438,0.639305,0.019902,0.326753,0.596852,0.701032
-0.121280,0.090442,0.027260,0.093499,0.000000,1.340668,-0.134930,-0.005827,0.997945,1.086655,0.110863,0.239250,0.354593,0.424680,0.525481,0.425867,0.038456,0.338515,0.121068,-0.037111,-0.014358,0.246701,0.385688,0.374192,1.404650,1.037699,0.542888,0.740290,-0.221532,-0.132117,-0.028679,-0.088639,0.076049,0.081242,0.229031,0.205923,-0.053921,-0.103002,-0.165025,-0.171390,-0.098766,-0.122830,-0.137182,-0.045682,-0.064667,-0.190582,-0.151463,-0.200668,-0.178646,-0.048752,-0.148529,-0.034734,-0.020074,0.024421,-0.126170,-0.105429,0.126374,0.393389,0.070065,-0.071273,0.017477,0.092575,0.042854,0.229408,-0.124422,0.071341,0.076410,-0.003345,-0.167269,0.000327,0.098782,0.158328,-0.191498,-0.219222,0.052699,0.226725,0.020884,0.091047,-0.077047,-0.000480,-0.081122,0.303734,-0.172936,-0.049810,0.177303,0.258069,0.124895,0.110759,0.196873,0.134714
-0.002528,0.183542,0.054370,0.158348,1.340668,0.000000,-0.100708,0.049514,0.987949,1.305105,0.191104,0.367035,0.393845,0.569318,0.471645,0.522989,0.033250,0.383900,0.038784,-0.069391,0.000748,0.268171,0.330207,0.349124,1.127446,1.048929,0.552808,0.828069,-0.205405,-0.094568,0.008546,-0.024026,0.103765,0.084898,0.205889,0.189790,-0.112600,-0.091993,-0.199509,-0.222021,-0.112484,-0.132825,-0.125304,-0.037370,-0.023868,-0.133874,-0.150930,-0.202412,-0.087294,-0.007758,-0.134529,0.005915,-0.001380,-0.009416,-0.130561,-0.095362,0.182154,0.440025,0.134585,-0.023048,0.144931,0.202627,0.045772,0.254676,-0.055532,0.188105,0.023839,0.005924,-0.105537,-0.008525,0.139318,0.138197,-0.191503,-0.177407,0.034769,0.184698,-0.035874,0.057506,-0.066569,0.090209,-0.072379,0.363872,-0.195103,-0.040485,0.189602,0.350094,0.098237,0.169776,0.194833,0.111338
0.738868,0.585102,1.117874,0.748089,-0.134930,-0.100708,0.000000,0.920544,0.187571,-0.022267,0.314095,0.433842,0.549490,0.269380,0.589979,0.306875,0.490807,0.489469,1.022600,0.818892,0.444342,0.395470,0.704980,0.394270,-0.006624,0.028698,0.239136,0.052084,0.386798,0.484336,0.878003,0.848057,0.795342,0.800404,0.730601,0.324578,-0.026134,0.142728,0.264866,0.231730,0.185045,0.454866,0.779738,0.416911,0.641545,0.533209,0.712363,0.553387,0.476071,0.523060,0.731647,0.603105,0.415187,0.715750,0.616075,0.650026,0.573925,0.356687,0.399783,0.526853,0.396296,0.586865,0.513374,0.336963,0.931696,0.372469,0.798211,0.635447,0.531741,0.704849,0.321167,0.224867,0.739524,0.522682,0.692408,0.589554,0.380695,0.424641,0.702895,0.447372,0.749974,0.522278,0.457110,0.589713,0.766535,0.573265,-0.046293,0.409307,0.665922,0.680625
0.520303,0.745148,0.605702,1.161582,-0.005827,0.049514,0.920544,0.000000,0.167706,0.141653,0.222105,0.732422,0.406456,0.533323,0.409112,0.539553,0.300281,0.432246,0.641234,0.907079,0.459013,0.432269,0.537358,0.441906,0.166344,0.230680,0.286847,0.331694,0.258926,0.548423,0.610761,0.722204,0.772531,0.956033,0.629994,0.344596,-0.107193,0.090530,0.121788,0.233034,0.076079,0.310416,0.693718,0.523411,0.636473,0.644936,0.710988,0.629402,0.469748,0.535238,0.621820,0.546136,0.460424,0.606798,0.550968,0.630237,0.473229,0.455124,0.463995,0.750036,0.370300,0.912797,0.446572,0.701194,0.632602,0.543444,0.806523,0.923979,0.616539,0.761986,0.277194,0.202719,0.479602,0.486308,0.564623,0.412963,0.320165,0.453292,0.391008,0.380220,0.659845,0.679359,0.454598,0.514085,0.597260,0.741150,0.008355,0.331951,0.648994,0.734906
0.174886,0.228057,0.315055,0.175559,0.997945,0.987949,0.187571,0.167706,0.000000,1.098201,0.179283,0.258295,0.501260,0.478776,0.925455,0.512826,0.201923,0.378649,0.340673,0.079676,0.084544,0.289066,0.575124,0.397055,0.831461,0.732255,0.586726,0.549880,-0.102501,-0.052803,0.108263,0.104139,0.203194,0.175069,0.348316,0.205908,0.027891,0.094494,0.083932,0.044393,0.029829,0.027019,0.161667,0.166051,0.143524,0.027264,0.114385,0.064478,0.091709,0.214533,0.159972,0.173026,0.183343,0.235859,0.157326,0.146477,0.399154,0.415111,0.260901,0.137818,0.302601,0.305817,0.128976,0.093489,0.270010,0.246502,0.219704,0.115658,0.038305,0.251246,0.144181,0.116498,-0.055257,-0.123244,0.175699,0.253846,0.195233,0.253873,0.222757,0.139348,0.079785,0.323799,-0.026850,0.171412,0.581093,0.521531,0.185199,0.294551,0.573824,0.361906
-0.001909,0.121664,0.043674,0.177650,1.086655,1.305105,-0.022267,0.141653,1.098201,0.000000,0.211537,0.332533,0.468866,0.596911,0.623189,0.595559,0.081412,0.333660,0.049621,-0.075076,-0.075527,0.212304,0.283006,0.295662,0.838986,0.851867,0.540108,0.685171,-0.209254,-0.096968,-0.017312,0.005789,0.101328,0.086896,0.214216,0.114367,-0.006424,0.000784,-0.119998,-0.129002,-0.095425,-0.059828,-0.010031,0.059128,0.035472,-0.095270,-0.062758,-0.104876,-0.026206,0.015426,-0.064191,0.001270,-0.007584,0.066870,-0.014392,-0.001211,0.206472,0.376384,0.175867,0.034921,0.243080,0.281817,0.097853,0.211551,0.096445,0.221838,0.075674,0.050876,-0.063993,0.072294,0.052672,0.049378,-0.189709,-0.179046,0.074807,0.165682,0.024761,0.124338,-0.010582,0.066011,-0.045998,0.287880,-0.149310,0.003070,0.258882,0.392862,0.182530,0.195626,0.295780,0.180826
0.480230,0.415191,0.192420,0.165402,0.110863,0.191104,0.314095,0.222105,0.179283,0.211537,0.000000,0.640978,0.977684,0.566204,0.375590,0.237697,0.417021,0.482717,0.173693,0.107108,0.231265,0.123484,0.102145,0.079080,0.100696,0.112710,0.129688,0.106175,0.298346,0.210749,0.231126,0.112637,0.308055,0.198766,0.156399,-0.041408,0.053941,-0.179585,0.050129,-0.057373,0.126223,0.032782,0.008725,-0.196409,0.119431,0.003128,-0.012981,-0.023369,0.081989,0.061013,0.074291,0.153091,-0.069772,0.012198,0.035042,-0.001406,0.375958,0.404755,0.338378,0.166937,0.657652,0.398018,0.848379,0.422705,0.405762,0.403238,0.133668,0.098214,0.195520,0.077560,-0.040963,-0.125298,0.218564,0.157970,0.210522,0.137129,0.031873,-0.001924,0.232050,0.344327,0.216508,0.318883,0.110877,0.190250,0.235755,0.335562,0.015483,0.315653,0.219681,0.101844
0.641559,0.990795,0.431536,0.695874,0.239250,0.367035,0.433842,0.732422,0.258295,0.332533,0.640978,0.000000,0.654660,1.115476,0.359610,0.472457,0.492067,0.935154,0.380067,0.481741,0.353859,0.384756,0.402113,0.416807,0.390926,0.432114,0.304354,0.520389,0.286059,0.469198,0.488930,0.408705,0.758341,0.703791,0.456463,0.281052,-0.242066,-0.261461,-0.112483,-0.025751,-0.056044,0.058004,0.313931,0.165346,0.482762,0.475474,0.341663,0.222307,0.457669,0.562853,0.415054,0.633298,0.396703,0.454745,0.313351,0.292853,0.627001,0.835576,0.553019,0.598808,0.592787,0.900076,0.557551,0.975804,0.348539,0.740148,0.549427,0.599748,0.509736,0.485786,0.237704,0.100275,0.328353,0.392760,0.442807,0.507275,-0.025061,0.043596,0.293571,0.493958,0.464320,0.812618,0.274295,0.349555,0.418086,0.693146,-0.077415,0.382824,0.476654,0.567949
0.439838,0.405671,0.371615,0.293784,0.354593,0.393845,0.549490,0.406456,0.501260,0.468866,0.977684,0.654660,0.000000,0.817884,0.761542,0.438660,0.553887,0.565095,0.352619,0.181034,0.357499,0.365493,0.378705,0.305596,0.294096,0.324722,0.297695,0.262679,0.293825,0.259926,0.398641,0.283721,0.472752,0.404776,0.424510,0.097079,0.050892,-0.052592,0.160010,-0.009839,0.085367,0.150203,0.246008,0.060750,0.300007,0.183873,0.196506,0.147715,0.230329,0.205682,0.273365,0.270140,0.135399,0.273231,0.203396,0.183801,0.476743,0.453327,0.343975,0.227657,0.642122,0.464276,0.823163,0.383776,0.553943,0.377813,0.343213,0.253331,0.207931,0.265314,0.207819,0.105104,0.325964,0.288167,0.470488,0.475071,0.197139,0.227146,0.438654,0.417997,0.350364,0.460576,0.189047,0.355223,0.423221,0.451140,0.045487,0.421623,0.496983,0.285481
0.369372,0.591635,0.283998,0.439545,0.424680,0.569318,0.269380,0.533323,0.478776,0.596911,0.566204,1.115476,0.817884,0.000000,0.467545,0.558810,0.415264,0.646530,0.201386,0.251649,0.273494,0.432877,0.358770,0.340232,0.440965,0.510024,0.408760,0.523212,0.188146,0.314721,0.345556,0.311899,0.565884,0.499064,0.452852,0.260732,-0.087360,-0.148596,-0.027103,-0.055836,-0.026579,-0.011363,0.230405,0.177561,0.372581,0.390655,0.267965,0.215268,0.412954,0.426294,0.294404,0.412950,0.342168,0.342314,0.299860,0.270919,0.504793,0.612769,0.547054,0.481070,0.620382,0.658749,0.482783,0.673084,0.325750,0.593602,0.462199,0.506402,0.433466,0.405300,0.135911,0.075197,0.193137,0.278191,0.411616,0.430003,0.072403,0.135791,0.256471,0.476888,0.329410,0.679940,0.157036,0.258174,0.401146,0.652694,0.049401,0.486799,0.522881,0.422081
0.435125,0.444577,0.551375,0.322210,0.525481,0.471645,0.589979,0.409112,0.925455,0.623189,0.375590,0.359610,0.761542,0.467545,0.000000,0.751564,0.578500,0.577124,0.651968,0.315134,0.428224,0.452850,0.701799,0.356448,0.522510,0.446410,0.568267,0.340123,0.281766,0.316793,0.397240,0.389860,0.452808,0.422838,0.534382,0.204251,0.156685,0.286309,0.381219,0.338579,0.277042,0.496518,0.506184,0.302122,0.464760,0.250174,0.384476,0.328812,0.308028,0.350135,0.441109,0.327926,0.211633,0.455923,0.432571,0.448994,0.653964,0.531933,0.379023,0.341069,0.430224,0.460405,0.451220,0.210021,0.557753,0.241566,0.499271,0.373192,0.319097,0.527738,0.123566,-0.026332,0.286149,0.220660,0.448490,0.512517,0.391455,0.407148,0.649237,0.442623,0.506055,0.597290,0.441704,0.683636,1.037695,0.780410,0.295621,0.568371,0.786851,0.612447
0.175872,0.405605,0.190931,0.463417,0.425867,0.522989,0.306875,0.539553,0.512826,0.595559,0.237697,0.472457,0.438660,0.558810,0.751564,0.000000,0.255440,0.377980,0.319113,0.293373,0.293309,0.358587,0.442026,0.309975,0.566599,0.486009,0.384742,0.560268,0.127703,0.357894,0.273759,0.311039,0.313140,0.420210,0.283116,0.105143,0.077785,0.323260,0.201844,0.408934,0.222960,0.430395,0.398047,0.403615,0.369419,0.258279,0.363167,0.368447,0.258354,0.243144,0.309226,0.215836,0.231044,0.232085,0.313201,0.440193,0.378601,0.445140,0.263056,0.281446,0.253776,0.481615,0.425944,0.497524,0.248983,0.191269,0.294044,0.372717,0.296350,0.329622,-0.060893,-0.103847,0.152818,0.226289,0.330722,0.322704,0.315951,0.399188,0.292308,0.249695,0.456671,0.742663,0.482371,0.644458,0.632408,0.704098,0.366987,0.401930,0.460330,0.480762
0.710251,0.639758,0.382849,0.161433,0.038456,0.033250,0.490807,0.300281,0.201923,0.081412,0.417021,0.492067,0.553887,0.415264,0.578500,0.255440,0.000000,0.795857,0.475096,0.297167,0.603963,0.403579,0.340807,0.073203,0.084037,0.082535,0.376891,0.093519,0.876875,0.731118,0.600970,0.497939,0.733781,0.559777,0.386386,0.241023,0.050385,0.089191,0.370611,0.197255,0.133187,0.409525,0.492206,0.186688,0.634870,0.530471,0.385582,0.351013,0.580946,0.503102,0.467660,0.452707,0.259284,0.446856,0.446645,0.352716,0.940269,0.549170,0.491902,0.551592,0.647951,0.553130,0.494792,0.295875,0.448931,0.300669,0.574759,0.481657,0.564505,0.582274,0.042255,-0.172282,0.565955,0.574876,0.472663,0.643579,0.141746,0.091743,1.021597,0.913545,0.737578,0.582259,0.691891,0.819048,0.574637,0.509621,0.072146,0.502978,0.479311,0.499829
0.728179,1.042202,0.509523,0.465805,0.338515,0.383900,0.489469,0.432246,0.378649,0.333660,0.482717,0.935154,0.565095,0.646530,0.577124,0.377980,0.795857,0.000000,0.555971,0.476570,0.379616,0.449173,0.455821,0.276586,0.457673,0.497269,0.450677,0.494508,0.397194,0.571703,0.543564,0.428767,0.929585,0.728728,0.506887,0.256388,-0.310107,-0.135385,-0.070578,-0.036697,-0.004559,0.177470,0.301974,0.110418,0.430500,0.314240,0.210289,0.113932,0.372425,0.479354,0.310214,0.569191,0.216581,0.482932,0.211361,0.250219,0.939366,1.098276,0.478941,0.543768,0.538747,0.733169,0.548786,0.788745,0.313209,0.466031,0.654520,0.531686,0.617622,0.614147,0.194381,0.003434,0.494893,0.464872,0.460497,0.696553,-0.086434,-0.067234,0.541718,0.735455,0.665178,0.998694,0.306364,0.457558,0.554344,0.706868,-0.085606,0.307095,0.493154,0.561120
0.597848,0.641936,0.847910,0.550614,0.121068,0.038784,1.022600,0.641234,0.340673,0.049621,0.173693,0.380067,0.352619,0.201386,0.651968,0.319113,0.475096,0.555971,0.000000,1.036224,0.391298,0.472762,0.859967,0.385855,0.227752,0.138646,0.281794,0.230447,0.307968,0.365774,0.676369,0.622640,0.826689,0.870233,0.598181,0.270425,-0.028320,0.052855,0.312027,0.278971,0.139026,0.367752,0.646850,0.316281,0.552901,0.348195,0.618031,0.495133,0.241913,0.389549,0.526442,0.413672,0.351180,0.832346,0.545733,0.537467,0.604086,0.499323,0.297431,0.497677,0.192453,0.534699,0.405955,0.370531,0.535898,0.200149,0.807501,0.558517,0.473815,0.853881,0.371725,0.335936,0.578828,0.360233,0.647387,0.638884,0.374716,0.444156,0.714234,0.365236,0.731607,0.569820,0.435901,0.554386,0.689935,0.472863,-0.018689,0.330426,0.651978,0.824839
0.416676,0.694012,0.635727,0.825975,-0.037111,-0.069391,0.818892,0.907079,0.079676,-0.075076,0.107108,0.481741,0.181034,0.251649,0.315134,0.293373,0.297167,0.476570,1.036224,0.000000,0.316724,0.408755,0.675591,0.391378,0.123473,0.043453,0.014449,0.154076,0.311477,0.505470,0.582359,0.646422,0.847679,1.081985,0.588539,0.341146,0.055657,0.158426,0.288538,0.310011,0.167122,0.308436,0.577390,0.408821,0.513937,0.507217,0.673995,0.603227,0.265616,0.369700,0.426833,0.365058,0.412688,0.597428,0.575613,0.647582,0.357023,0.389156,0.334346,0.546619,0.091291,0.533716,0.342900,0.609981,0.481248,0.303250,0.761869,0.725045,0.715863,0.897887,0.337491,0.313940,0.667570,0.545194,0.691697,0.503487,0.456839,0.565716,0.452608,0.370974,0.750061,0.661383,0.463747,0.464236,0.457463,0.416037,0.083559,0.356062,0.455739,0.615048
0.479948,0.547585,0.393872,0.267774,-0.014358,0.000748,0.444342,0.459013,0.084544,-0.075527,0.231265,0.353859,0.357499,0.273494,0.428224,0.293309,0.603963,0.379616,0.391298,0.316724,0.000000,0.385164,0.379046,0.204472,0.173729,0.174533,0.379554,0.172667,0.674113,0.646655,0.514761,0.417426,0.503746,0.456747,0.335821,0.253432,-0.033913,0.079088,0.300468,0.271405,0.219920,0.401582,0.413306,0.234060,0.410096,0.427396,0.402019,0.450580,0.347989,0.368333,0.388955,0.330766,0.222752,0.353519,0.348937,0.325826,0.518865,0.385886,0.247188,0.434600,0.292799,0.420267,0.249309,0.238902,0.276539,0.199384,0.477075,0.443903,0.424643,0.413264,0.091659,-0.076722,0.449046,0.503926,0.385811,0.401134,0.215154,0.144593,0.666422,0.587342,0.543003,0.522763,0.668620,0.698312,0.443476,0.474163,-0.009995,0.317770,0.398722,0.381782
0.309104,0.421387,0.381034,0.289256,0.246701,0.268171,0.395470,0.432269,0.289066,0.212304,0.123484,0.384756,0.365493,0.432877,0.452850,0.358587,0.403579,0.449173,0.472762,0.408755,0.385164,0.000000,0.419618,0.243225,0.284329,0.342778,0.442207,0.412492,0.301387,0.410169,0.664771,0.632425,0.571026,0.624231,0.560582,0.338459,0.091902,0.148501,0.177294,0.094197,0.130516,0.274752,0.442937,0.300773,0.518064,0.364227,0.448609,0.409471,0.266642,0.287697,0.324839,0.243913,0.150168,0.416807,0.366513,0.375856,0.423246,0.338837,0.260129,0.311037,0.154829,0.339212,0.204995,0.332278,0.268453,0.114380,0.485172,0.456640,0.342920,0.474114,0.218674,0.160822,0.451655,0.550601,0.524766,0.638818,0.297658,0.372655,0.551713,0.434108,0.506628,0.581289,0.274958,0.407447,0.407877,0.428957,0.079517,0.423538,0.374611,0.477748
0.454749,0.515767,1.156135,0.784996,0.385688,0.330207,0.704980,0.537358,0.575124,0.283006,0.102145,0.402113,0.378705,0.358770,0.701799,0.442026,0.340807,0.455821,0.859967,0.675591,0.379046,0.419618,0.000000,1.169057,0.589237,0.475865,0.434625,0.396470,0.132545,0.218276,0.684680,0.644402,0.528879,0.580929,0.770199,0.640267,-0.033324,0.089988,0.274911,0.204747,0.223983,0.270672,0.501105,0.341518,0.320396,0.303035,0.492776,0.371323,0.232796,0.393557,0.472764,0.404727,0.519751,0.556259,0.421302,0.377881,0.449680,0.494068,0.274941,0.228037,0.163264,0.331052,0.108395,0.239692,0.394689,0.302501,0.558020,0.385447,0.333697,0.506843,0.445537,0.398478,0.397938,0.236315,0.467774,0.517474,0.361107,0.428266,0.385600,0.260638,0.295701,0.494717,0.293796,0.428343,0.805132,0.598190,0.113077,0.517687,0.663967,0.718232
0.251370,0.297406,0.797386,0.846342,0.374192,0.349124,0.394270,0.441906,0.397055,0.295662,0.079080,0.416807,0.305596,0.340232,0.356448,0.309975,0.073203,0.276586,0.385855,0.391378,0.204472,0.243225,1.169057,0.000000,0.578283,0.594005,0.241568,0.357354,-0.033191,0.065810,0.432587,0.444865,0.239022,0.335457,0.648125,0.685673,-0.105389,-0.102285,0.020718,0.043964,0.107597,0.052500,0.280180,0.256753,0.112471,0.177681,0.262043,0.147337,0.099992,0.254757,0.331639,0.358324,0.418206,0.318231,0.172513,0.139540,0.129878,0.305814,0.125078,-0.008067,0.041960,0.142845,-0.042193,0.190346,0.198682,0.385877,0.294513,0.214982,0.058580,0.164493,0.432260,0.434082,0.180690,0.088597,0.264236,0.305289,0.173631,0.240532,0.024987,0.047503,-0.024537,0.271153,0.042758,0.097353,0.421421,0.433884,0.044430,0.370768,0.389585,0.444100
0.046960,0.293745,0.221929,0.319027,1.404650,1.127446,-0.006624,0.166344,0.831461,0.838986,0.100696,0.390926,0.294096,0.440965,0.522510,0.566599,0.084037,0.457673,0.227752,0.123473,0.173729,0.284329,0.589237,0.578283,0.000000,1.359417,0.589232,0.892224,-0.124386,0.047672,0.128421,0.061843,0.170331,0.203412,0.318418,0.304530,-0.213787,-0.100830,-0.188253,-0.085754,-0.051051,-0.043954,-0.000372,0.064628,0.029454,-0.074784,-0.013754,-0.109264,-0.089648,0.071579,-0.010165,0.112207,0.116033,0.161101,-0.062508,-0.023576,0.224778,0.550518,0.092342,0.013849,0.005413,0.198477,0.007451,0.355031,-0.105420,0.152012,0.183250,0.121212,0.002584,0.115474,0.225888,0.239606,-0.118977,-0.116034,0.081607,0.266021,-0.058775,0.030817,-0.040508,0.108075,0.040846,0.524590,0.047117,0.157036,0.321462,0.441216,0.098767,0.178416,0.294259,0.278338
0.081545,0.290783,0.263255,0.371665,1.037699,1.048929,0.028698,0.230680,0.732255,0.851867,0.112710,0.432114,0.324722,0.510024,0.446410,0.486009,0.082535,0.497269,0.138646,0.043453,0.174533,0.342778,0.475865,0.594005,1.359417,0.000000,0.610739,0.966729,-0.142495,0.097641,0.179630,0.158182,0.180632,0.210143,0.380040,0.299137,-0.357739,-0.178890,-0.362609,-0.217379,-0.104089,-0.103685,0.017410,0.078866,0.039133,-0.058505,-0.036239,-0.162131,-0.056769,0.086739,0.010282,0.198422,0.078740,0.168845,-0.140040,-0.100955,0.191509,0.518121,0.064168,0.003227,0.053619,0.245162,0.029089,0.409782,-0.058745,0.248382,0.184553,0.153483,-0.023524,0.077575,0.281931,0.271163,-0.126210,-0.057587,0.073021,0.309207,-0.169022,-0.075358,-0.038352,0.145912,0.033384,0.552334,-0.033836,0.082969,0.268014,0.469974,-0.028348,0.093601,0.276098,0.243844
0.417973,0.431698,0.408660,0.249735,0.542888,0.552808,0.239136,0.286847,0.586726,0.540108,0.129688,0.304354,0.297695,0.408760,0.568267,0.384742,0.376891,0.450677,0.281794,0.014449,0.379554,0.442207,0.434625,0.241568,0.589232,0.610739,0.000000,0.629521,0.140296,0.195593,0.422142,0.379702,0.395213,0.260042,0.467479,0.376377,-0.174201,-0.120887,-0.048819,-0.111676,-0.053767,0.006562,0.248039,0.062949,0.261992,0.122850,0.158542,0.086531,0.240959,0.285897,0.249337,0.276641,0.121638,0.309007,0.149327,0.063091,0.690178,0.581958,0.313955,0.369494,0.447590,0.435923,0.082249,0.163120,0.187464,0.203136,0.391206,0.319515,0.222721,0.286995,0.056674,-0.041163,0.081367,0.024600,0.069879,0.322922,-0.016841,-0.041501,0.297089,0.419636,0.174950,0.330609,0.085117,0.228283,0.556529,0.608091,-0.174045,0.171560,0.480227,0.491439
0.176260,0.450907,0.177607,0.386162,0.740290,0.828069,0.052084,0.331694,0.549880,0.685171,0.106175,0.520389,0.262679,0.523212,0.340123,0.560268,0.093519,0.494508,0.230447,0.154076,0.172667,0.412492,0.396470,0.357354,0.892224,0.966729,0.629521,0.000000,-0.105736,0.107032,0.204260,0.169116,0.332355,0.334388,0.254195,0.129515,-0.368808,-0.213330,-0.268700,-0.188270,-0.139368,-0.117498,0.040618,0.031781,0.104695,0.022361,0.016629,-0.046864,0.005702,0.090975,0.008772,0.109461,0.096271,0.189005,-0.038420,-0.024715,0.368401,0.660318,0.143878,0.220355,0.153604,0.430885,0.126139,0.547370,-0.073999,0.168068,0.265437,0.236605,0.180699,0.245277,0.188177,0.181476,-0.073335,0.051894,0.118364,0.314771,-0.161270,-0.040820,0.032442,0.192838,0.140634,0.533004,0.022254,0.124192,0.283286,0.449761,-0.071597,0.052308,0.353623,0.391233
0.408344,0.370861,0.245970,0.055650,-0.221532,-0.205405,0.386798,0.258926,-0.102501,-0.209254,0.298346,0.286059,0.293825,0.188146,0.281766,0.127703,0.876875,0.397194,0.307968,0.311477,0.674113,0.301387,0.132545,-0.033191,-0.124386,-0.142495,0.140296,-0.105736,0.000000,1.214682,0.639295,0.587667,0.613526,0.502169,0.320091,0.263332,0.201876,0.063776,0.274515,0.213408,0.178977,0.270902,0.492024,0.261220,0.548402,0.594307,0.432086,0.491391,0.531017,0.464606,0.350671,0.307388,0.144052,0.320717,0.454764,0.426585,0.511481,0.193062,0.401989,0.431128,0.306575,0.311609,0.306106,0.258333,0.416883,0.201109,0.451828,0.467668,0.537101,0.389346,-0.222701,-0.264095,0.691798,0.787205,0.547001,0.444316,0.242603,0.072037,0.852049,0.898961,0.693539,0.473175,0.857322,0.645708,0.312488,0.255279,-0.034436,0.338768,0.081983,0.187619
0.403791,0.523676,0.301228,0.291302,-0.132117,-0.094568,0.484336,0.548423,-0.052803,-0.096968,0.210749,0.469198,0.259926,0.314721,0.316793,0.357894,0.731118,0.571703,0.365774,0.505470,0.646655,0.410169,0.218276,0.065810,0.047672,0.097641,0.195593,0.107032,1.214682,0.000000,0.779935,0.768858,0.799060,0.790813,0.434193,0.277483,-0.013545,0.131915,0.043164,0.200974,0.110569,0.397162,0.679172,0.484094,0.671656,0.704150,0.554099,0.539443,0.561048,0.547888,0.423960,0.450625,0.216024,0.452331,0.409797,0.549861,0.517715,0.300713,0.381040,0.527888,0.223153,0.485638,0.354442,0.585873,0.379182,0.251528,0.603417,0.722496,0.677796,0.531570,-0.113938,-0.152704,0.725804,0.959272,0.633862,0.586894,0.163572,0.108545,0.748243,0.878504,0.964579,0.898486,0.938139,0.800049,0.390469,0.437240,-0.062019,0.289293,0.148182,0.313241
0.632454,0.504357,0.845303,0.533699,-0.028679,0.008546,0.878003,0.610761,0.108263,-0.017312,0.231126,0.488930,0.398641,0.345556,0.397240,0.273759,0.600970,0.543564,0.676369,0.582359,0.514761,0.664771,0.684680,0.432587,0.128421,0.179630,0.422142,0.204260,0.639295,0.779935,0.000000,1.590164,0.924020,0.911150,0.835528,0.672657,0.009734,0.112746,0.139960,0.118393,0.234136,0.317678,0.702512,0.357723,0.642075,0.549726,0.615189,0.499014,0.415152,0.462543,0.435223,0.454231,0.201908,0.508911,0.446136,0.480725,0.550136,0.321049,0.347528,0.404749,0.229115,0.461070,0.244792,0.407275,0.557369,0.344979,0.664363,0.629281,0.469287,0.495663,0.194704,0.156262,0.882239,0.784861,0.753861,0.810747,0.292739,0.294131,0.674048,0.683573,0.634782,0.604626,0.511340,0.571598,0.541596,0.473135,-0.106970,0.489423,0.305484,0.470490
0.513728,0.448320,0.815015,0.616700,-0.088639,-0.024026,0.848057,0.722204,0.104139,0.005789,0.112637,0.408705,0.283721,0.311899,0.389860,0.311039,0.497939,0.428767,0.622640,0.646422,0.417426,0.632425,0.644402,0.444865,0.061843,0.158182,0.379702,0.169116,0.587667,0.768858,1.590164,0.000000,0.823171,0.928237,0.968858,0.755298,0.091727,0.206596,0.169705,0.189159,0.301261,0.348008,0.829205,0.546010,0.690148,0.653210,0.701688,0.600128,0.459057,0.488035,0.479583,0.468498,0.227138,0.508460,0.535411,0.590208,0.433320,0.218457,0.321946,0.402205,0.166663,0.418391,0.168160,0.355021,0.636368,0.385753,0.673264,0.718057,0.528933,0.562533,0.123464,0.117372,0.858519,0.801906,0.715961,0.710545,0.399842,0.396027,0.621618,0.645617,0.615793,0.571612,0.490467,0.503101,0.573668,0.501040,-0.042478,0.455610,0.321768,0.480845
0.722318,0.990637,0.600874,0.542836,0.076049,0.103765,0.795342,0.772531,0.203194,0.101328,0.308055,0.758341,0.472752,0.565884,0.452808,0.313140,0.733781,0.929585,0.826689,0.847679,0.503746,0.571026,0.528879,0.239022,0.170331,0.180632,0.395213,0.332355,0.613526,0.799060,0.924020,0.823171,0.000000,1.576846,0.740807,0.428909,-0.086431,-0.016193,0.115256,0.094913,0.095693,0.235549,0.654219,0.347613,0.769514,0.676867,0.611190,0.527771,0.539566,0.603661,0.481038,0.540320,0.279598,0.631078,0.466837,0.518106,0.904645,0.734111,0.609651,0.865136,0.488112,0.901039,0.477992,0.773271,0.568548,0.473094,1.149769,1.020663,0.896176,0.936877,0.180451,0.071430,0.817773,0.775035,0.828744,0.817341,0.230845,0.255786,0.787176,0.868707,0.933563,0.925698,0.500660,0.573477,0.546021,0.645417,-0.136351,0.408725,0.475332,0.560588
0.508357,0.806614,0.558088,0.668455,0.081242,0.084898,0.800404,0.956033,0.175069,0.086896,0.198766,0.703791,0.404776,0.499064,0.422838,0.420210,0.559777,0.728728,0.870233,1.081985,0.456747,0.624231,0.580929,0.335457,0.203412,0.210143,0.260042,0.334388,0.502169,0.790813,0.911150,0.928237,1.576846,0.000000,0.815402,0.461161,-0.041680,0.102322,0.152569,0.221207,0.127062,0.322030,0.780926,0.496336,0.804102,0.692412,0.742767,0.644920,0.415650,0.492664,0.457464,0.459788,0.257987,0.615657,0.481238,0.614598,0.612658,0.555345,0.421189,0.690842,0.261433,0.789604,0.451419,0.851270,0.571994,0.434674,1.039069,1.049144,0.786574,0.935044,0.256519,0.170783,0.808646,0.865360,0.971828,0.871750,0.367930,0.473995,0.697031,0.641775,0.981592,0.956180,0.552320,0.595315,0.499786,0.555139,-0.026381,0.363224,0.458698,0.564371
0.377492,0.428438,0.882803,0.624589,0.229031,0.205889,0.730601,0.629994,0.348316,0.214216,0.156399,0.456463,0.424510,0.452852,0.534382,0.283116,0.386386,0.506887,0.598181,0.588539,0.335821,0.560582,0.770199,0.648125,0.318418,0.380040,0.467479,0.254195,0.320091,0.434193,0.835528,0.968858,0.740807,0.815402,0.000000,0.936985,0.055103,0.060038,0.103502,0.131936,0.208079,0.185283,0.735491,0.537179,0.652100,0.539880,0.622732,0.470439,0.423053,0.453424,0.567088,0.609136,0.230728,0.502336,0.439001,0.503901,0.391972,0.317469,0.363058,0.346250,0.241027,0.362488,0.184938,0.329253,0.719395,0.534004,0.828497,0.798666,0.467886,0.553550,0.237405,0.213357,0.614135,0.497664,0.727039,0.734249,0.373299,0.404904,0.423861,0.510002,0.429050,0.552269,0.294335,0.324466,0.651360,0.648552,0.005376,0.488644,0.513609,0.564200
0.220559,0.236769,0.574619,0.457786,0.205923,0.189790,0.324578,0.344596,0.205908,0.114367,-0.041408,0.281052,0.097079,0.260732,0.204251,0.105143,0.241023,0.256388,0.270425,0.341146,0.253432,0.338459,0.640267,0.685673,0.304530,0.299137,0.376377,0.129515,0.263332,0.277483,0.672657,0.755298,0.428909,0.461161,0.936985,0.000000,0.124752,0.071693,0.122052,0.092799,0.228390,0.032139,0.393136,0.361975,0.382979,0.412922,0.370524,0.320017,0.277256,0.369073,0.259818,0.383792,0.148085,0.187075,0.276193,0.306205,0.194139,0.158391,0.298695,0.171986,0.112261,0.199540,-0.188969,0.158860,0.377704,0.551122,0.429149,0.478024,0.229615,0.239005,0.087581,0.078391,0.415921,0.304326,0.396688,0.386919,0.333929,0.300534,0.166633,0.319906,0.093869,0.267856,0.167397,0.140294,0.381332,0.421360,0.119323,0.476015,0.171176,0.304126
-0.241904,-0.318657,-0.153947,-0.231897,-0.053921,-0.112600,-0.026134,-0.107193,0.027891,-0.006424,0.053941,-0.242066,0.050892,-0.087360,0.156685,0.077785,0.050385,-0.310107,-0.028320,0.055657,-0.033913,0.091902,-0.033324,-0.105389,-0.213787,-0.357739,-0.174201,-0.368808,0.201876,-0.013545,0.009734,0.091727,-0.086431,-0.041680,0.055103,0.124752,0.000000,0.641054,0.728602,0.521524,0.644434,0.234546,0.132368,0.215668,0.104293,0.133104,0.222541,0.390068,0.047652,-0.088795,-0.014289,-0.213127,-0.121398,-0.193616,0.391297,0.367712,-0.197396,-0.392331,0.056325,-0.115086,-0.072374,-0.263319,-0.038241,-0.304555,0.166680,-0.105292,-0.043346,0.007860,-0.011829,-0.001330,-0.342117,-0.260770,0.275624,0.121871,0.249904,0.009949,0.816249,0.605785,0.121399,-0.012768,0.000217,-0.163896,0.167764,0.069641,0.008137,-0.100863,0.646551,0.476353,-0.114896,-0.159300
-0.120732,-0.148209,-0.016048,-0.042827,-0.103002,-0.091993,0.142728,0.090530,0.094494,0.000784,-0.179585,-0.261461,-0.052592,-0.148596,0.286309,0.323260,0.089191,-0.135385,0.052855,0.158426,0.079088,0.148501,0.089988,-0.102285,-0.100830,-0.178890,-0.120887,-0.213330,0.063776,0.131915,0.112746,0.206596,-0.016193,0.102322,0.060038,0.071693,0.641054,0.000000,0.629962,0.779392,0.661522,0.598561,0.309263,0.421661,0.236574,0.192060,0.327514,0.430504,0.090114,-0.046420,0.060995,-0.140367,-0.041155,-0.109495,0.304573,0.492182,-0.042145,-0.249892,-0.036017,-0.042791,-0.119677,-0.064895,-0.047826,-0.173476,0.202778,-0.135253,0.023214,0.138775,0.175644,0.169687,-0.146815,-0.216902,0.316944,0.267852,0.231955,0.114377,0.647968,0.653079,0.222287,0.085022,0.258170,0.109626,0.402366,0.453789,0.274951,0.151770,0.706447,0.385590,0.083836,-0.021400
0.173144,0.110995,0.146419,0.039043,-0.165025,-0.199509,0.264866,0.121788,0.083932,-0.119998,0.050129,-0.112483,0.160010,-0.027103,0.381219,0.201844,0.370611,-0.070578,0.312027,0.288538,0.300468,0.177294,0.274911,0.020718,-0.188253,-0.362609,-0.048819,-0.268700,0.274515,0.043164,0.139960,0.169705,0.115256,0.152569,0.103502,0.122052,0.728602,0.629962,0.000000,0.870062,0.563823,0.455645,0.298053,0.206384,0.246709,0.245688,0.379427,0.548473,0.193172,0.074957,0.243660,-0.043707,0.142896,0.041732,0.546484,0.426861,0.226487,0.020240,0.225635,0.194999,0.222027,0.078845,0.118409,-0.218807,0.324707,0.029784,0.174583,0.143829,0.260364,0.328566,-0.034390,-0.173129,0.320457,0.189265,0.283024,0.116451,0.780212,0.651637,0.432360,0.155868,0.221482,-0.029010,0.494486,0.520987,0.376839,0.147818,0.747301,0.585558,0.334860,0.234701
0.065136,0.111182,0.083285,0.095894,-0.171390,-0.222021,0.231730,0.233034,0.044393,-0.129002,-0.057373,-0.025751,-0.009839,-0.055836,0.338579,0.408934,0.197255,-0.036697,0.278971,0.310011,0.271405,0.094197,0.204747,0.043964,-0.085754,-0.217379,-0.111676,-0.188270,0.213408,0.200974,0.118393,0.189159,0.094913,0.221207,0.131936,0.092799,0.521524,0.779392,0.870062,0.000000,0.631114,0.621280,0.496368,0.524687,0.421133,0.377529,0.527310,0.695385,0.284813,0.203940,0.358057,0.122149,0.155629,0.139121,0.553383,0.629702,0.157915,-0.000975,0.157172,0.181829,0.068977,0.119212,0.088260,-0.058723,0.278708,0.060991,0.220559,0.316024,0.328210,0.356973,-0.137604,-0.210798,0.309645,0.310511,0.343557,0.155624,0.612313,0.552839,0.289156,0.117077,0.340705,0.176091,0.683553,0.636164,0.406267,0.277366,0.777552,0.423263,0.337681,0.303248
0.049994,0.033111,0.176516,0.080244,-0.098766,-0.112484,0.185045,0.076079,0.029829,-0.095425,0.126223,-0.056044,0.085367,-0.026579,0.277042,0.222960,0.133187,-0.004559,0.139026,0.167122,0.219920,0.130516,0.223983,0.107597,-0.051051,-0.104089,-0.053767,-0.139368,0.178977,0.110569,0.234136,0.301261,0.095693,0.127062,0.208079,0.228390,0.644434,0.661522,0.563823,0.631114,0.000000,0.483336,0.177897,0.246851,0.092389,0.086653,0.178232,0.304757,0.042702,-0.035114,0.083184,0.023259,-0.107240,-0.133274,0.238601,0.288054,-0.038661,-0.067002,0.052533,-0.073443,-0.006591,-0.029056,0.015981,-0.073811,0.271027,0.093552,0.099773,0.115961,0.181336,0.063011,-0.165893,-0.164841,0.373044,0.308976,0.247381,0.125729,0.555308,0.414324,0.166916,0.193158,0.097775,0.135044,0.310398,0.291660,0.301112,0.206400,0.487946,0.465237,0.139059,0.000423
0.230998,0.186269,0.238235,0.201296,-0.122830,-0.132825,0.454866,0.310416,0.027019,-0.059828,0.032782,0.058004,0.150203,-0.011363,0.496518,0.430395,0.409525,0.177470,0.367752,0.308436,0.401582,0.274752,0.270672,0.052500,-0.043954,-0.103685,0.006562,-0.117498,0.270902,0.397162,0.317678,0.348008,0.235549,0.322030,0.185283,0.032139,0.234546,0.598561,0.455645,0.621280,0.483336,0.000000,0.468853,0.337194,0.394594,0.297646,0.357629,0.371012,0.233409,0.176070,0.377916,0.217994,0.127161,0.232248,0.368513,0.476630,0.221646,0.076575,-0.003013,0.150484,0.040096,0.199076,0.260507,0.029158,0.284509,-0.046785,0.273712,0.279069,0.242974,0.328689,0.016988,-0.084847,0.438148,0.463431,0.357146,0.350076,0.377101,0.428468,0.568340,0.187802,0.539465,0.400885,0.558094,0.705864,0.550566,0.382839,0.344148,0.329445,0.340284,0.307585
0.388212,0.381307,0.609517,0.425085,-0.137182,-0.125304,0.779738,0.693718,0.161667,-0.010031,0.008725,0.313931,0.246008,0.230405,0.506184,0.398047,0.492206,0.301974,0.646850,0.577390,0.413306,0.442937,0.501105,0.280180,-0.000372,0.017410,0.248039,0.040618,0.492024,0.679172,0.702512,0.829205,0.654219,0.780926,0.735491,0.393136,0.132368,0.309263,0.298053,0.496368,0.177897,0.468853,0.000000,1.211660,1.241369,1.050757,1.548120,1.185949,0.880380,0.797954,1.025287,0.683227,0.480429,0.814506,0.881567,1.073451,0.496099,0.150387,0.380199,0.529297,0.227326,0.402331,0.262287,0.206943,0.607524,0.246181,0.790822,0.841198,0.629473,0.822683,0.117663,0.012371,0.644122,0.621693,0.706003,0.621503,0.517598,0.569493,0.711568,0.475473,0.831034,0.530068,0.719070,0.708003,0.717914,0.531625,0.146534,0.478179,0.561264,0.734247
0.024255,0.152183,0.320204,0.323881,-0.045682,-0.037370,0.416911,0.523411,0.166051,0.059128,-0.196409,0.165346,0.060750,0.177561,0.302122,0.403615,0.186688,0.110418,0.316281,0.408821,0.234060,0.300773,0.341518,0.256753,0.064628,0.078866,0.062949,0.031781,0.261220,0.484094,0.357723,0.546010,0.347613,0.496336,0.537179,0.361975,0.215668,0.421661,0.206384,0.524687,0.246851,0.337194,1.211660,0.000000,0.785806,0.889260,1.100793,1.105931,0.745822,0.704507,0.744305,0.585289,0.499417,0.566059,0.755212,1.058241,0.150953,-0.023344,0.294798,0.313026,-0.007801,0.168868,0.029316,0.131763,0.322698,0.155068,0.513600,0.613481,0.462759,0.526131,0.000651,-0.009468,0.473905,0.500223,0.533237,0.371858,0.551685,0.577863,0.336909,0.256584,0.521636,0.445286,0.533935,0.445857,0.414545,0.333849,0.324449,0.349386,0.333625,0.450222
0.425293,0.480914,0.424655,0.334960,-0.064667,-0.023868,0.641545,0.636473,0.143524,0.035472,0.119431,0.482762,0.300007,0.372581,0.464760,0.369419,0.634870,0.430500,0.552901,0.513937,0.410096,0.518064,0.320396,0.112471,0.029454,0.039133,0.261992,0.104695,0.548402,0.671656,0.642075,0.690148,0.769514,0.804102,0.652100,0.382979,0.104293,0.236574,0.246709,0.421133,0.092389,0.394594,1.241369,0.785806,0.000000,1.324036,1.122616,0.906647,0.972072,0.873761,0.839738,0.708921,0.385994,0.706826,0.826268,0.953136,0.613090,0.262457,0.573448,0.752695,0.377817,0.548038,0.370853,0.345906,0.577649,0.315373,0.873457,1.048376,0.676542,0.872617,0.088308,-0.060581,0.540708,0.619930,0.710045,0.664236,0.367945,0.441697,0.734818,0.683684,0.925089,0.649936,0.703860,0.706634,0.609695,0.590629,0.172589,0.533164,0.508260,0.638960
0.352237,0.458674,0.389661,0.393583,-0.190582,-0.133874,0.533209,0.644936,0.027264,-0.095270,0.003128,0.475474,0.183873,0.390655,0.250174,0.258279,0.530471,0.314240,0.348195,0.507217,0.427396,0.364227,0.303035,0.177681,-0.074784,-0.058505,0.122850,0.022361,0.594307,0.704150,0.549726,0.653210,0.676867,0.692412,0.539880,0.412922,0.133104,0.192060,0.245688,0.377529,0.086653,0.297646,1.050757,0.889260,1.324036,0.000000,1.133071,1.016522,1.299818,1.141853,0.913585,0.798911,0.642320,0.647612,0.927105,0.974862,0.487052,0.181065,0.611286,0.791551,0.361311,0.455868,0.246588,0.309695,0.484590,0.345976,0.829277,1.034150,0.805386,0.823894,0.035904,-0.061876,0.537238,0.639407,0.607815,0.493654,0.389929,0.381578,0.601472,0.635970,0.751200,0.543168,0.666614,0.569701,0.497455,0.493488,0.150163,0.487325,0.421608,0.549379
0.327521,0.375265,0.558788,0.423266,-0.151463,-0.150930,0.712363,0.710988,0.114385,-0.062758,-0.012981,0.341663,0.196506,0.267965,0.384476,0.363167,0.385582,0.210289,0.618031,0.673995,0.402019,0.448609,0.492776,0.262043,-0.013754,-0.036239,0.158542,0.016629,0.432086,0.554099,0.615189,0.701688,0.611190,0.742767,0.622732,0.370524,0.222541,0.327514,0.379427,0.527310,0.178232,0.357629,1.548120,1.100793,1.122616,1.133071,0.000000,1.514134,0.890337,0.848673,1.015301,0.641530,0.636594,0.819334,1.126090,1.267983,0.416315,0.110742,0.457310,0.599672,0.202629,0.390664,0.240003,0.227593,0.586990,0.240969,0.765889,0.850038,0.660977,0.830017,0.133651,0.073159,0.638573,0.574887,0.733670,0.566922,0.599973,0.668203,0.615232,0.412724,0.767700,0.479939,0.700898,0.639313,0.606973,0.466738,0.201375,0.510288,0.534116,0.681693
0.221367,0.302421,0.351395,0.315232,-0.200668,-0.202412,0.553387,0.629402,0.064478,-0.104876,-0.023369,0.222307,0.147715,0.215268,0.328812,0.368447,0.351013,0.113932,0.495133,0.603227,0.450580,0.409471,0.371323,0.147337,-0.109264,-0.162131,0.086531,-0.046864,0.491391,0.539443,0.499014,0.600128,0.527771,0.644920,0.470439,0.320017,0.390068,0.430504,0.548473,0.695385,0.304757,0.371012,1.185949,1.105931,0.906647,1.016522,1.514134,0.000000,0.807202,0.714017,0.777120,0.469387,0.490696,0.587501,1.088012,1.241571,0.365111,0.060784,0.469998,0.584321,0.198016,0.340166,0.198403,0.178273,0.501445,0.186473,0.658516,0.752547,0.658247,0.735653,-0.059326,-0.093883,0.670522,0.604565,0.745135,0.430245,0.796882,0.747338,0.582366,0.382739,0.679609,0.415465,0.693397,0.589300,0.497163,0.385311,0.366216,0.501075,0.435086,0.552133
