0.000000,1.086056,0.433469,0.394369,-0.024908,-0.091174,0.674662,0.496266,-0.061244,-0.184952,0.701595,0.748452,0.779639,0.594795,0.321110,0.276543,1.007222,0.872787,0.915660,0.645563,0.338682,0.236774,0.281466,0.203287,0.037787,-0.009977,0.066189,-0.026594,0.855492,0.685718,0.427053,0.324315,0.734967,0.626833,0.082661,0.079970,0.168521,0.033655,0.627104,0.224662,0.301262,0.164105,0.319143,0.326536,0.251501,0.289118,0.408692,0.354037,0.339111,0.297072,0.391759,0.360334,0.340215,0.397261,0.486925,0.431495,0.930914,0.905727,0.736153,0.573624,1.126053,0.421398,0.784505,0.634136,0.493263,0.308044,0.530770,0.497070,0.513633,0.436327,0.281742,0.413294,0.695981,0.661059,0.453147,0.255224,0.504063,0.383587,0.845866,0.748443,0.699016,0.665663,0.656999,0.667386,0.644709,0.603401,0.372540,0.297564,0.607685,0.702062
1.086056,0.000000,0.389903,0.439381,-0.150872,-0.198876,0.422279,0.312342,-0.188688,-0.233693,0.324560,0.384952,0.374971,0.254249,0.157129,0.096472,0.922926,1.060929,0.647989,0.658908,0.303304,0.278314,0.276956,0.094751,0.001809,-0.014343,0.070529,-0.066502,0.587122,0.692055,0.540448,0.392439,0.753446,0.781055,0.228743,0.072534,0.184950,0.158628,0.523920,0.458060,0.555304,0.413633,0.226615,0.185098,0.184669,0.272817,0.344317,0.242528,0.111602,0.218533,0.283094,0.204248,0.279284,0.364679,0.342311,0.403907,1.280564,1.210116,0.428698,0.367871,0.633592,0.132421,0.550095,0.411039,0.224081,0.160981,0.275396,0.292843,0.657365,0.588613,0.152288,0.331656,0.520605,0.659899,0.316237,0.143867,0.380231,0.281575,0.815876,0.931689,0.788541,0.731176,0.658297,0.803629,0.462551,0.360595,0.323096,0.414824,0.454016,0.477971
0.433469,0.389903,0.000000,0.757911,0.054434,0.074204,1.058223,0.543108,0.037255,0.007354,0.167224,0.088741,0.268864,0.190455,0.244818,0.199856,0.208829,0.304696,0.651600,0.571981,0.395230,0.313507,1.347141,0.944465,0.287897,0.253011,0.380504,0.226789,0.195095,0.298267,0.876768,0.615849,0.519058,0.453829,0.380214,0.136183,0.042239,0.049183,0.297289,0.200961,0.223761,0.210073,0.187435,0.159916,0.323060,0.331078,0.162905,0.202110,0.208534,0.287829,0.473030,0.184484,0.223152,0.220793,0.143463,0.066376,0.421332,0.404770,0.517884,0.495316,0.323259,0.132969,0.133294,0.118833,0.341551,0.381105,0.606087,0.597930,0.596081,0.543810,0.249761,0.470513,0.272503,0.211043,0.048379,0.043841,0.135086,0.220390,0.299864,0.307568,0.272293,0.477405,0.521218,0.532748,0.307464,0.334581,0.189129,0.346042,0.329148,0.406815
0.394369,0.439381,0.757911,0.000000,0.059557,0.075464,0.728621,1.018483,0.039516,-0.009355,-0.011190,0.224062,0.276089,0.239076,0.111192,0.153290,0.328306,0.326839,0.567108,0.744764,0.384018,0.355957,0.659067,0.961404,0.129324,0.234266,0.228250,0.217608,0.249906,0.393164,0.805557,0.930141,0.701418,0.953983,0.450864,0.477183,-0.072041,0.021042,0.323277,0.350750,0.185447,0.242367,0.250142,0.362937,0.466506,0.637907,0.299570,0.424956,0.299169,0.411161,0.364408,0.232178,0.263880,0.335026,0.134974,0.190136,0.446028,0.448147,0.457935,0.622586,0.480863,0.598998,0.235823,0.283257,0.198028,0.826126,0.646609,0.871812,0.491165,0.521224,0.261273,0.245966,0.217742,0.355650,0.139946,0.018080,0.210437,0.201850,0.298999,0.372564,0.310694,0.510079,0.377313,0.614718,0.185049,0.467689,0.280285,0.218022,0.348836,0.459860
-0.024908,-0.150872,0.054434,0.059557,0.000000,1.334672,0.191473,0.191295,1.999603,1.437442,0.198356,0.295767,0.274697,0.377233,0.916639,0.998170,-0.001037,-0.075986,0.054118,0.002467,0.259543,0.325757,0.190132,0.326262,1.246683,1.037144,0.567128,0.805793,0.189144,0.015374,0.029288,0.090181,0.072317,0.046338,0.090990,0.232064,-0.085935,-0.111949,0.060532,0.087462,-0.216625,-0.059639,0.292512,0.359596,0.385440,0.226109,0.246836,0.232082,0.470341,0.416945,0.394177,0.407591,0.268507,0.148647,0.292212,0.306393,-0.083541,-0.062780,0.195917,0.162756,0.155058,0.190549,0.034850,0.123002,0.249081,0.280612,0.184376,0.208599,-0.115831,-0.041294,0.330956,0.251236,0.203198,0.106909,0.345884,0.410024,0.456667,0.201346,-0.025773,-0.142290,-0.050644,0.116246,0.151444,0.148322,0.409631,0.384656,0.265467,0.263714,0.376418,0.474704
-0.091174,-0.198876,0.074204,0.075464,1.334672,0.000000,0.137112,0.199271,1.390839,1.482391,0.124623,0.211709,0.231902,0.390420,0.779063,0.978026,-0.111163,-0.120587,-0.049236,-0.023978,0.251556,0.335444,0.208981,0.378574,1.072721,1.149495,0.634902,1.015340,0.080633,0.019286,0.066615,0.162862,0.059467,0.008395,0.094832,0.261689,-0.063450,0.001525,0.022231,0.101666,-0.233103,-0.059973,0.242641,0.284346,0.389680,0.206569,0.164597,0.157583,0.391488,0.339093,0.367095,0.351929,0.193570,0.136444,0.189283,0.248472,-0.097248,-0.126816,0.155385,0.109641,0.063842,0.165511,0.027865,0.072962,0.166488,0.269654,0.115158,0.203150,-0.088813,-0.008273,0.308808,0.208146,0.093953,0.069476,0.188057,0.300097,0.295035,0.165841,-0.118895,-0.188966,-0.051291,0.106946,0.092558,0.102681,0.346766,0.330996,0.104719,0.285044,0.235518,0.441373
0.674662,0.422279,1.058223,0.728621,0.191473,0.137112,0.000000,0.924617,0.143548,0.019357,0.534625,0.415200,0.716313,0.514647,0.440376,0.444524,0.373924,0.385761,0.738005,0.579368,0.433067,0.324503,0.961817,0.805226,0.199445,0.135817,0.334968,0.195923,0.518967,0.551956,0.755501,0.660129,0.541512,0.585130,0.234957,0.188693,0.082092,-0.032712,0.433438,0.196675,0.244996,0.132964,0.152825,0.258394,0.308252,0.366694,0.206449,0.248454,0.281605,0.326675,0.341820,0.161214,0.154428,0.172749,0.205508,0.101118,0.387121,0.441113,0.755202,0.578166,0.650134,0.589972,0.322223,0.484658,0.762138,0.560065,0.618529,0.597337,0.376692,0.403699,0.503640,0.564663,0.495181,0.385889,0.299246,0.144792,0.310390,0.195108,0.346050,0.337408,0.272055,0.492496,0.646514,0.671373,0.509993,0.439809,0.384702,0.374784,0.479427,0.529230
0.496266,0.312342,0.543108,1.018483,0.191295,0.199271,0.924617,0.000000,0.161417,0.056845,0.376720,0.711647,0.598385,0.800113,0.298506,0.375026,0.349960,0.325201,0.648661,0.573547,0.332743,0.251880,0.493194,0.748859,0.110728,0.152946,0.119635,0.122356,0.502390,0.521336,0.498120,0.664919,0.538801,0.740553,0.214782,0.344330,0.007987,-0.050215,0.464967,0.220437,0.215306,0.181827,0.374139,0.520252,0.543521,0.620836,0.431376,0.514402,0.570333,0.531407,0.502249,0.428316,0.399239,0.415977,0.378245,0.307761,0.221482,0.298466,0.799685,0.828325,0.777352,1.178699,0.457663,0.702736,0.568128,0.948660,0.753374,0.924538,0.221101,0.253911,0.324308,0.262570,0.387469,0.447124,0.302265,0.127011,0.387730,0.238754,0.284942,0.315155,0.322889,0.467645,0.416358,0.546171,0.469551,0.722612,0.318223,0.172454,0.424335,0.619274
-0.061244,-0.188688,0.037255,0.039516,1.999603,1.390839,0.143548,0.161417,0.000000,1.521257,0.188922,0.245304,0.232985,0.337400,0.960669,1.017038,-0.030879,-0.084016,0.004574,-0.016482,0.271895,0.307521,0.183204,0.324008,1.167611,1.017605,0.611449,0.865787,0.139415,-0.019826,0.007843,0.082524,0.046605,0.005471,0.091614,0.203808,-0.069603,-0.144311,0.076757,0.070366,-0.292728,-0.104951,0.271076,0.325189,0.372696,0.205955,0.221666,0.217722,0.453691,0.405965,0.388948,0.411600,0.250678,0.138637,0.260483,0.282295,-0.104336,-0.091126,0.152394,0.144007,0.090722,0.140782,0.012271,0.080599,0.211201,0.242416,0.158792,0.191384,-0.116868,-0.035823,0.316398,0.188264,0.203654,0.088264,0.331971,0.397564,0.426269,0.160341,-0.048464,-0.178726,-0.088037,0.102198,0.096694,0.122272,0.394927,0.364021,0.263168,0.261037,0.368408,0.444698
-0.184952,-0.233693,0.007354,-0.009355,1.437442,1.482391,0.019357,0.056845,1.521257,0.000000,0.024874,0.160614,0.071417,0.279615,0.723800,0.814020,-0.114077,-0.168447,-0.074296,-0.064380,0.115404,0.270916,0.100622,0.235794,1.079633,0.962993,0.526409,0.810273,-0.008877,-0.105330,-0.097042,-0.040387,-0.015283,-0.065506,0.035290,0.116798,0.007542,-0.029507,-0.035185,0.132073,-0.206347,-0.023977,0.279405,0.300393,0.326748,0.178605,0.221769,0.192740,0.367357,0.343544,0.340183,0.382733,0.295427,0.158685,0.275835,0.338547,-0.136583,-0.136721,0.013748,0.029466,-0.066409,0.032229,-0.087937,0.012122,0.000733,0.093348,0.036578,0.077460,-0.081966,-0.037122,0.145641,0.074744,-0.034686,-0.009534,0.170724,0.299980,0.365116,0.194348,-0.121635,-0.210749,-0.065074,0.014701,0.078271,0.083706,0.269398,0.266074,0.111561,0.267544,0.227238,0.394310
0.701595,0.324560,0.167224,-0.011190,0.198356,0.124623,0.534625,0.376720,0.188922,0.024874,0.000000,0.673678,0.923456,0.695602,0.645464,0.521368,0.491759,0.399081,0.500808,0.280568,0.387741,0.174451,0.208543,0.090924,0.101979,0.029287,0.259157,0.158403,0.774501,0.385525,0.170766,0.155592,0.331052,0.245288,-0.022292,-0.038700,0.264290,-0.158300,0.555065,0.082701,0.217915,-0.022468,0.265356,0.348143,0.222411,0.176721,0.321892,0.330375,0.352783,0.295264,0.331276,0.257664,0.248645,0.124018,0.444641,0.287732,0.268443,0.363781,0.507837,0.349546,0.573940,0.353285,0.316408,0.400562,0.842984,0.233045,0.366200,0.258215,0.075661,0.189865,0.208250,0.244363,0.722513,0.433369,0.570324,0.340182,0.425433,0.097372,0.465901,0.337977,0.287283,0.342480,0.622829,0.440170,0.723635,0.412393,0.413488,0.287595,0.541035,0.458873
0.748452,0.384952,0.088741,0.224062,0.295767,0.211709,0.415200,0.711647,0.245304,0.160614,0.673678,0.000000,0.674051,1.238048,0.455833,0.477727,0.610520,0.469026,0.693471,0.426941,0.213372,0.230461,-0.020385,0.128718,0.168949,0.077397,0.032872,0.100935,0.832267,0.611293,0.087094,0.105392,0.420625,0.461863,-0.045642,0.093756,0.244757,0.031803,0.527076,0.212900,0.304866,0.237932,0.563728,0.675717,0.480918,0.415602,0.695161,0.594592,0.796076,0.563299,0.615286,0.716222,0.667197,0.538525,0.962813,0.770559,0.203227,0.276790,0.711149,0.656107,0.850856,0.750822,0.726254,0.988620,0.429514,0.417270,0.540486,0.552648,0.053736,0.023156,0.237066,0.187586,0.592611,0.648114,0.684910,0.471334,0.764770,0.475314,0.441819,0.460684,0.491034,0.366450,0.442674,0.438351,0.654344,0.912532,0.333860,0.158674,0.537407,0.793125
0.779639,0.374971,0.268864,0.276089,0.274697,0.231902,0.716313,0.598385,0.232985,0.071417,0.923456,0.674051,0.000000,0.843720,0.525772,0.590336,0.493664,0.396492,0.400878,0.245985,0.372819,0.274612,0.290446,0.264071,0.217133,0.195800,0.205156,0.180812,0.746335,0.514044,0.321508,0.390792,0.451026,0.395276,-0.038341,0.094985,0.110326,-0.167738,0.462246,0.048665,0.128152,-0.043057,0.214447,0.351108,0.296694,0.291640,0.303770,0.304533,0.484715,0.386538,0.281865,0.327579,0.219473,0.290013,0.392937,0.261543,0.333386,0.401155,0.731003,0.533555,0.846441,0.577633,0.491367,0.525668,0.648388,0.447153,0.472652,0.435736,0.214836,0.245279,0.448605,0.325637,0.591306,0.483468,0.443755,0.233167,0.398669,0.125294,0.374969,0.306363,0.237225,0.356890,0.404861,0.460537,0.490459,0.482611,0.312402,0.224010,0.478330,0.442940
0.594795,0.254249,0.190455,0.239076,0.377233,0.390420,0.514647,0.800113,0.337400,0.279615,0.695602,1.238048,0.843720,0.000000,0.471347,0.635273,0.373211,0.276115,0.499414,0.286993,0.145797,0.178901,0.170195,0.289446,0.249530,0.221370,0.089963,0.155965,0.589550,0.440687,0.101869,0.209184,0.324615,0.322517,-0.172771,0.053635,0.137168,-0.085754,0.431006,0.058491,0.128872,0.075019,0.373449,0.555593,0.418586,0.363698,0.460251,0.473177,0.712597,0.492757,0.470223,0.558342,0.451885,0.358829,0.697500,0.508465,0.141972,0.226271,0.884221,0.716925,0.785868,0.771436,0.563334,0.781458,0.461414,0.431892,0.592272,0.596715,0.082563,0.118611,0.226488,0.205159,0.485961,0.468014,0.456706,0.338007,0.499855,0.223319,0.238433,0.208933,0.263325,0.245072,0.336422,0.358939,0.546972,0.725397,0.253860,0.151721,0.414635,0.617601
0.321110,0.157129,0.244818,0.111192,0.916639,0.779063,0.440376,0.298506,0.960669,0.723800,0.645464,0.455833,0.525772,0.471347,0.000000,1.296365,0.353472,0.258636,0.297833,0.288677,0.681362,0.602495,0.386386,0.386552,0.818030,0.667940,0.902253,0.830169,0.490735,0.279201,0.305845,0.290420,0.345317,0.248550,0.329846,0.244622,0.100824,-0.144766,0.489037,0.261082,0.015611,0.012425,0.336221,0.387303,0.414867,0.268025,0.358293,0.326997,0.446829,0.419730,0.552610,0.400552,0.330148,0.252806,0.487282,0.406744,0.239103,0.267528,0.412389,0.323548,0.358900,0.234495,0.232519,0.232362,0.614365,0.386177,0.383326,0.344187,0.094299,0.201413,0.503573,0.473488,0.574768,0.342014,0.616671,0.594355,0.695987,0.368261,0.390215,0.238524,0.262449,0.400441,0.630136,0.495701,0.820465,0.536427,0.707582,0.641204,0.891242,0.807270
0.276543,0.096472,0.199856,0.153290,0.998170,0.978026,0.444524,0.375026,1.017038,0.814020,0.521368,0.477727,0.590336,0.635273,1.296365,0.000000,0.193253,0.111839,0.140566,0.111842,0.533477,0.534817,0.355794,0.427430,0.854269,0.793244,0.788482,0.834583,0.449704,0.328219,0.297105,0.392623,0.265847,0.187979,0.146608,0.271519,0.073733,-0.103967,0.424747,0.175425,-0.084437,-0.045209,0.256425,0.403056,0.400095,0.284410,0.298609,0.262351,0.469561,0.434961,0.443204,0.401468,0.234351,0.174503,0.389638,0.370799,0.146112,0.174922,0.497924,0.338861,0.435975,0.316904,0.249202,0.266421,0.535602,0.447973,0.375936,0.356694,0.017948,0.115828,0.600674,0.528994,0.542022,0.365687,0.489212,0.473414,0.501339,0.230946,0.174772,0.064276,0.077843,0.279063,0.408353,0.408042,0.631436,0.472459,0.515243,0.646784,0.633882,0.691220
1.007222,0.922926,0.208829,0.328306,-0.001037,-0.111163,0.373924,0.349960,-0.030879,-0.114077,0.491759,0.610520,0.493664,0.373211,0.353472,0.193253,0.000000,1.343152,0.909015,0.857255,0.349063,0.296849,0.147481,0.091581,0.056316,-0.019286,0.097693,0.040649,1.015240,0.772327,0.375603,0.266791,0.860437,0.773135,0.217051,0.161556,0.343731,0.088589,0.677322,0.390834,0.420804,0.192052,0.254645,0.253642,0.211753,0.213245,0.457651,0.352053,0.193711,0.180462,0.327111,0.217824,0.356353,0.395275,0.610645,0.425132,1.009841,0.995938,0.440340,0.394519,0.800483,0.321411,0.886729,0.749670,0.310073,0.193663,0.435321,0.390222,0.569168,0.558764,0.125913,0.245971,0.667797,0.771666,0.541079,0.319083,0.754957,0.457317,1.362501,0.985368,1.075366,0.815089,0.871748,0.854820,0.707761,0.609692,0.414234,0.208606,0.676420,0.659462
0.872787,1.060929,0.304696,0.326839,-0.075986,-0.120587,0.385761,0.325201,-0.084016,-0.168447,0.399081,0.469026,0.396492,0.276115,0.258636,0.111839,1.343152,0.000000,0.816354,0.789577,0.347294,0.276631,0.232084,0.075418,0.042705,-0.005800,0.090009,0.010665,0.892906,0.900360,0.478162,0.320243,0.872771,0.827564,0.288735,0.114834,0.327089,0.199314,0.599127,0.467235,0.502280,0.311956,0.264240,0.195893,0.266085,0.253127,0.418990,0.286242,0.180099,0.221940,0.344290,0.207103,0.329657,0.405783,0.483255,0.369415,0.996348,0.964809,0.433989,0.378769,0.637590,0.174533,0.794940,0.674559,0.326551,0.150979,0.333935,0.360730,0.607104,0.593570,0.062220,0.213540,0.664112,0.869354,0.397688,0.284187,0.550152,0.325137,1.179234,1.070307,1.081166,0.989673,0.763237,0.934896,0.654050,0.498090,0.261237,0.225522,0.459172,0.507815
0.915660,0.647989,0.651600,0.567108,0.054118,-0.049236,0.738005,0.648661,0.004574,-0.074296,0.500808,0.693471,0.400878,0.499414,0.297833,0.140566,0.909015,0.816354,0.000000,1.301908,0.251825,0.265201,0.433888,0.422468,0.090164,-0.006457,0.095598,0.062684,0.703209,0.593875,0.492118,0.327257,0.898890,0.858437,0.218727,0.195306,0.239532,0.133010,0.521443,0.384549,0.462770,0.360475,0.462966,0.488004,0.472803,0.479603,0.580011,0.590729,0.438676,0.413003,0.630584,0.367964,0.516653,0.414652,0.615155,0.453369,0.610419,0.691544,0.602451,0.615209,0.722280,0.464496,0.628601,0.752528,0.450824,0.307336,0.743169,0.712757,0.548148,0.526503,0.064171,0.270758,0.540235,0.614677,0.422553,0.315417,0.610963,0.506649,0.825023,0.819759,0.876163,0.804229,0.927240,0.854112,0.744399,0.827518,0.303012,0.150524,0.607332,0.803591
0.645563,0.658908,0.571981,0.744764,0.002467,-0.023978,0.579368,0.573547,-0.016482,-0.064380,0.280568,0.426941,0.245985,0.286993,0.288677,0.111842,0.857255,0.789577,1.301908,0.000000,0.297071,0.375469,0.453965,0.498652,0.061075,0.045205,0.235754,0.179780,0.549841,0.606439,0.620736,0.508481,1.043954,1.158188,0.437687,0.363565,0.240926,0.118640,0.525606,0.494464,0.493640,0.349727,0.348161,0.415988,0.504058,0.541583,0.503666,0.556638,0.310037,0.349404,0.508583,0.203505,0.378574,0.312992,0.466376,0.378795,0.687585,0.756196,0.423783,0.498188,0.518724,0.394633,0.514353,0.587580,0.333763,0.345862,0.654138,0.692640,0.646631,0.750430,0.073732,0.219231,0.416460,0.600964,0.316586,0.272197,0.540058,0.427902,0.825255,0.874087,0.874916,0.826084,0.962223,0.968990,0.638899,0.666429,0.339228,0.207014,0.623495,0.682580
0.338682,0.303304,0.395230,0.384018,0.259543,0.251556,0.433067,0.332743,0.271895,0.115404,0.387741,0.213372,0.372819,0.145797,0.681362,0.533477,0.349063,0.347294,0.251825,0.297071,0.000000,0.796891,0.501852,0.487288,0.384776,0.427968,0.798251,0.641388,0.595192,0.450456,0.805454,0.705732,0.500504,0.443816,0.623200,0.360008,0.080937,0.062560,0.575218,0.336312,0.066564,0.196990,0.202601,0.270008,0.327007,0.361036,0.229903,0.278813,0.222185,0.315304,0.364852,0.212594,0.124888,0.163044,0.165336,0.252705,0.360902,0.336231,0.328539,0.254126,0.386353,0.124660,0.252765,0.024009,0.495924,0.540579,0.348042,0.413853,0.130592,0.250567,0.674092,0.604567,0.667633,0.399746,0.417566,0.267986,0.367019,0.256340,0.498147,0.386691,0.307806,0.593036,0.558669,0.495765,0.420817,0.343246,0.672595,0.638804,0.560788,0.495533
0.236774,0.278314,0.313507,0.355957,0.325757,0.335444,0.324503,0.251880,0.307521,0.270916,0.174451,0.230461,0.274612,0.178901,0.602495,0.534817,0.296849,0.276631,0.265201,0.375469,0.796891,0.000000,0.312591,0.414512,0.445811,0.462488,0.675640,0.673134,0.375381,0.421428,0.643353,0.613162,0.515608,0.531973,0.572065,0.422199,0.084632,0.204860,0.415178,0.567264,0.267977,0.415901,0.323513,0.411108,0.436395,0.454137,0.365215,0.392395,0.321289,0.411820,0.442558,0.292756,0.284627,0.337630,0.330842,0.455546,0.253540,0.274042,0.234498,0.221487,0.225549,0.118502,0.176582,0.078598,0.259920,0.398542,0.263917,0.338815,0.101452,0.194989,0.499957,0.525615,0.432752,0.416026,0.403741,0.371343,0.478509,0.472246,0.382647,0.397772,0.344691,0.518708,0.503415,0.575856,0.381447,0.436557,0.570239,0.679583,0.637372,0.531207
0.281466,0.276956,1.347141,0.659067,0.190132,0.208981,0.961817,0.493194,0.183204,0.100622,0.208543,-0.020385,0.290446,0.170195,0.386386,0.355794,0.147481,0.232084,0.433888,0.453965,0.501852,0.312591,0.000000,1.219927,0.400479,0.410175,0.525552,0.350106,0.187985,0.255697,0.974590,0.833460,0.409234,0.374639,0.366950,0.182424,-0.054128,-0.043565,0.271888,0.137956,0.120103,0.063206,-0.022129,0.001878,0.223040,0.184483,-0.027281,0.040681,0.065155,0.133124,0.282261,-0.015583,-0.004456,0.005664,-0.021610,-0.109463,0.400927,0.404741,0.491636,0.443145,0.270263,0.112537,0.075144,0.040477,0.425386,0.389341,0.554426,0.545063,0.582612,0.635005,0.334276,0.561462,0.346600,0.217065,0.102754,0.064690,0.057914,0.092654,0.246758,0.186851,0.154586,0.424516,0.505282,0.480673,0.307481,0.209169,0.277487,0.375676,0.301161,0.337490
0.203287,0.094751,0.944465,0.961404,0.326262,0.378574,0.805226,0.748859,0.324008,0.235794,0.090924,0.128718,0.264071,0.289446,0.386552,0.427430,0.091581,0.075418,0.422468,0.498652,0.487288,0.414512,1.219927,0.000000,0.430985,0.507471,0.539669,0.519022,0.139706,0.206798,0.802178,0.920871,0.375839,0.442591,0.406587,0.378762,-0.133627,-0.026809,0.229802,0.173447,-0.001249,0.064191,0.110974,0.205328,0.408336,0.367384,0.084384,0.234072,0.257572,0.277738,0.391790,0.143231,0.122329,0.125960,0.059806,0.048669,0.210864,0.205325,0.505641,0.571289,0.324942,0.403636,0.109249,0.098551,0.351955,0.677750,0.672295,0.790749,0.362959,0.417000,0.411339,0.476766,0.274402,0.211161,0.162417,0.114268,0.136694,0.208614,0.121359,0.119140,0.110501,0.373904,0.344923,0.417299,0.241338,0.423290,0.305069,0.306587,0.342036,0.484070
0.037787,0.001809,0.287897,0.129324,1.246683,1.072721,0.199445,0.110728,1.167611,1.079633,0.101979,0.168949,0.217133,0.249530,0.818030,0.854269,0.056316,0.042705,0.090164,0.061075,0.384776,0.445811,0.400479,0.430985,0.000000,1.601369,0.698232,0.836296,0.158401,0.056408,0.255043,0.222942,0.223670,0.097823,0.251251,0.221070,-0.018375,0.043868,0.104098,0.150240,-0.102397,0.023987,0.317974,0.270553,0.423998,0.219461,0.243400,0.172968,0.435279,0.421625,0.593185,0.448911,0.351539,0.241181,0.301712,0.310643,0.112603,0.078789,0.229307,0.211250,0.129525,-0.045183,0.043978,0.004273,0.141483,0.306327,0.300261,0.308714,0.100377,0.088923,0.316786,0.360252,0.289649,0.211480,0.307619,0.392134,0.439574,0.348487,0.095292,-0.041095,0.063592,0.253600,0.228468,0.204210,0.423578,0.443033,0.213844,0.355521,0.383987,0.482566
-0.009977,-0.014343,0.253011,0.234266,1.037144,1.149495,0.135817,0.152946,1.017605,0.962993,0.029287,0.077397,0.195800,0.221370,0.667940,0.793244,-0.019286,-0.005800,-0.006457,0.045205,0.427968,0.462488,0.410175,0.507471,1.601369,0.000000,0.683469,0.866372,0.111319,0.058169,0.341055,0.406991,0.255437,0.155441,0.330214,0.345515,-0.128252,0.061049,0.037563,0.120514,-0.195913,-0.007173,0.252285,0.239596,0.430084,0.247639,0.169800,0.155555,0.354950,0.346009,0.472404,0.341757,0.216699,0.161922,0.144461,0.217302,0.107614,0.045504,0.198676,0.184050,0.102203,-0.020991,0.015376,-0.071970,0.099248,0.404820,0.287774,0.369650,0.084791,0.112509,0.316439,0.308640,0.219321,0.184397,0.176966,0.278736,0.282056,0.234405,0.027177,-0.089534,0.009140,0.243335,0.120153,0.172106,0.320924,0.363703,0.170601,0.347998,0.270522,0.393155
0.066189,0.070529,0.380504,0.228250,0.567128,0.634902,0.334968,0.119635,0.611449,0.526409,0.259157,0.032872,0.205156,0.089963,0.902253,0.788482,0.097693,0.090009,0.095598,0.235754,0.798251,0.675640,0.525552,0.539669,0.698232,0.683469,0.000000,1.271093,0.189601,0.144068,0.547025,0.467801,0.283231,0.199460,0.585447,0.332696,0.023399,-0.017116,0.288601,0.237269,-0.034502,0.023928,0.078408,0.164725,0.265712,0.206164,0.085018,0.138525,0.149329,0.246192,0.369226,0.101324,0.070194,0.040024,0.104260,0.139465,0.160141,0.175101,0.129709,0.069193,0.059335,-0.008907,-0.058359,-0.128083,0.378189,0.326459,0.196527,0.191259,0.095622,0.237828,0.498157,0.524889,0.355927,0.167558,0.320961,0.324905,0.270692,0.175410,0.184621,0.125104,0.078152,0.293420,0.476440,0.388574,0.381288,0.193130,0.475001,0.642124,0.522675,0.383763
-0.026594,-0.066502,0.226789,0.217608,0.805793,1.015340,0.195923,0.122356,0.865787,0.810273,0.158403,0.100935,0.180812,0.155965,0.830169,0.834583,0.040649,0.010665,0.062684,0.179780,0.641388,0.673134,0.350106,0.519022,0.836296,0.866372,1.271093,0.000000,0.157560,0.074056,0.375130,0.382075,0.243913,0.181901,0.407472,0.340470,0.042786,0.074957,0.208676,0.309972,-0.134639,0.034149,0.177285,0.261950,0.362258,0.251886,0.166963,0.204529,0.248155,0.301402,0.390827,0.192835,0.136913,0.074922,0.186535,0.246256,0.062619,0.056319,0.068303,0.064463,0.034959,0.039722,-0.009312,-0.070849,0.213526,0.322711,0.176873,0.241462,0.029743,0.168710,0.417966,0.394170,0.277909,0.147591,0.358266,0.379611,0.300247,0.241685,0.092516,0.056243,0.070173,0.291962,0.339387,0.312826,0.330465,0.317913,0.330708,0.506261,0.438557,0.458592
0.855492,0.587122,0.195095,0.249906,0.189144,0.080633,0.518967,0.502390,0.139415,-0.008877,0.774501,0.832267,0.746335,0.589550,0.490735,0.449704,1.015240,0.892906,0.703209,0.549841,0.595192,0.375381,0.187985,0.139706,0.158401,0.111319,0.189601,0.157560,0.000000,1.115186,0.455275,0.406799,0.749680,0.707479,0.224985,0.242416,0.395999,0.100686,0.800706,0.348204,0.298263,0.157039,0.314105,0.395916,0.337815,0.328912,0.492175,0.403678,0.379201,0.334173,0.335004,0.292110,0.281696,0.239486,0.569937,0.427571,0.537761,0.590787,0.570362,0.404991,0.931263,0.447105,0.838107,0.765396,0.661550,0.362764,0.453312,0.445275,0.224464,0.285989,0.389212,0.390146,0.987903,0.935472,0.670382,0.370592,0.799397,0.353268,0.942134,0.676712,0.696301,0.732685,0.758428,0.714555,0.783287,0.604286,0.459273,0.293564,0.538187,0.629533
0.685718,0.692055,0.298267,0.393164,0.015374,0.019286,0.551956,0.521336,-0.019826,-0.105330,0.385525,0.611293,0.514044,0.440687,0.279201,0.328219,0.772327,0.900360,0.593875,0.606439,0.450456,0.421428,0.255697,0.206798,0.056408,0.058169,0.144068,0.074056,1.115186,0.000000,0.636297,0.594460,0.745018,0.854466,0.303256,0.364111,0.327793,0.267556,0.589421,0.440941,0.490245,0.365413,0.215813,0.269680,0.376731,0.354040,0.388530,0.262141,0.276270,0.296485,0.283553,0.197342,0.197778,0.220156,0.384184,0.351144,0.528330,0.507842,0.556910,0.349103,0.725515,0.386060,0.859350,0.795789,0.503646,0.345891,0.368200,0.416800,0.232418,0.253396,0.402255,0.401467,0.768228,1.191125,0.429559,0.227316,0.539453,0.357490,0.682289,0.717979,0.684919,0.759665,0.607311,0.795420,0.590542,0.490037,0.282688,0.335032,0.350820,0.464628
0.427053,0.540448,0.876768,0.805557,0.029288,0.066615,0.755501,0.498120,0.007843,-0.097042,0.170766,0.087094,0.321508,0.101869,0.305845,0.297105,0.375603,0.478162,0.492118,0.620736,0.805454,0.643353,0.974590,0.802178,0.255043,0.341055,0.547025,0.375130,0.455275,0.636297,0.000000,1.437320,0.793629,0.823289,0.727986,0.443278,0.008765,0.197602,0.455637,0.388606,0.281378,0.308972,0.042088,0.106434,0.340870,0.372095,0.118833,0.136900,0.077012,0.207859,0.291080,-0.001003,0.004278,0.068105,0.032377,0.042421,0.610319,0.546049,0.391703,0.334929,0.385612,0.166894,0.236847,0.127681,0.399962,0.566691,0.493428,0.578357,0.501370,0.559569,0.554668,0.707332,0.578066,0.554198,0.243673,0.112144,0.221216,0.246723,0.489984,0.499469,0.402008,0.714708,0.638059,0.731875,0.354049,0.298033,0.399113,0.525820,0.408799,0.381691
0.324315,0.392439,0.615849,0.930141,0.090181,0.162862,0.660129,0.664919,0.082524,-0.040387,0.155592,0.105392,0.390792,0.209184,0.290420,0.392623,0.266791,0.320243,0.327257,0.508481,0.705732,0.613162,0.833460,0.920871,0.222942,0.406991,0.467801,0.382075,0.406799,0.594460,1.437320,0.000000,0.664331,0.808020,0.593462,0.570579,-0.072038,0.081228,0.411433,0.300813,0.149480,0.178189,0.041208,0.184997,0.409437,0.448501,0.128559,0.197282,0.138786,0.243806,0.223160,0.004401,-0.038946,0.040695,-0.014729,0.049121,0.436204,0.410826,0.469567,0.407877,0.428773,0.350654,0.230952,0.155502,0.406131,0.748363,0.545500,0.686498,0.352737,0.477507,0.545248,0.545442,0.529359,0.541156,0.218590,0.073693,0.141336,0.122644,0.320769,0.331363,0.236945,0.556417,0.437733,0.616169,0.276413,0.311540,0.417634,0.469116,0.349203,0.351404
0.734967,0.753446,0.519058,0.701418,0.072317,0.059467,0.541512,0.538801,0.046605,-0.015283,0.331052,0.420625,0.451026,0.324615,0.345317,0.265847,0.860437,0.872771,0.898890,1.043954,0.500504,0.515608,0.409234,0.375839,0.223670,0.255437,0.283231,0.243913,0.749680,0.745018,0.793629,0.664331,0.000000,1.410025,0.544706,0.444762,0.280740,0.255912,0.635048,0.558460,0.375352,0.411543,0.432926,0.480522,0.623844,0.657290,0.575864,0.568468,0.393174,0.490782,0.569297,0.305284,0.388708,0.327838,0.462492,0.422058,0.845152,0.889527,0.463382,0.427398,0.663194,0.318667,0.561445,0.575405,0.370014,0.478466,0.687892,0.720942,0.641753,0.681438,0.169612,0.273186,0.562354,0.760247,0.343536,0.163149,0.566865,0.412815,0.951372,0.896735,0.844969,1.034503,0.844679,1.091690,0.728266,0.745480,0.359767,0.398942,0.624989,0.655508
0.626833,0.781055,0.453829,0.953983,0.046338,0.008395,0.585130,0.740553,0.005471,-0.065506,0.245288,0.461863,0.395276,0.322517,0.248550,0.187979,0.773135,0.827564,0.858437,1.158188,0.443816,0.531973,0.374639,0.442591,0.097823,0.155441,0.199460,0.181901,0.707479,0.854466,0.823289,0.808020,1.410025,0.000000,0.538614,0.475797,0.181180,0.209791,0.531830,0.623815,0.490922,0.489192,0.393174,0.491349,0.626853,0.740458,0.590498,0.585780,0.377698,0.494303,0.457831,0.262634,0.381268,0.352421,0.415865,0.451538,0.703635,0.758521,0.451214,0.499922,0.599158,0.489968,0.496286,0.607948,0.330679,0.579635,0.593688,0.736757,0.527757,0.600793,0.201314,0.230020,0.492452,0.822607,0.361808,0.176596,0.512750,0.346753,0.767493,0.911070,0.784076,0.965027,0.773997,1.088043,0.549853,0.671620,0.364131,0.318511,0.519660,0.597771
0.082661,0.228743,0.380214,0.450864,0.090990,0.094832,0.234957,0.214782,0.091614,0.035290,-0.022292,-0.045642,-0.038341,-0.172771,0.329846,0.146608,0.217051,0.288735,0.218727,0.437687,0.623200,0.572065,0.366950,0.406587,0.251251,0.330214,0.585447,0.407472,0.224985,0.303256,0.727986,0.593462,0.544706,0.538614,0.000000,0.632359,0.075118,0.184614,0.269468,0.384725,0.194389,0.279992,0.248960,0.203440,0.470896,0.434080,0.217684,0.249434,0.133095,0.277781,0.395084,0.065332,0.147352,0.146349,0.055785,0.109869,0.260996,0.226450,0.062619,0.113621,0.081361,0.060605,0.024803,-0.016453,0.320169,0.535755,0.241300,0.334471,0.094934,0.163052,0.328826,0.329008,0.249613,0.268157,0.208880,0.084120,0.332696,0.361047,0.345909,0.386292,0.338427,0.486710,0.430951,0.465904,0.315868,0.218799,0.475159,0.476714,0.431587,0.264893
0.079970,0.072534,0.136183,0.477183,0.232064,0.261689,0.188693,0.344330,0.203808,0.116798,-0.038700,0.093756,0.094985,0.053635,0.244622,0.271519,0.161556,0.114834,0.195306,0.363565,0.360008,0.422199,0.182424,0.378762,0.221070,0.345515,0.332696,0.340470,0.242416,0.364111,0.443278,0.570579,0.444762,0.475797,0.632359,0.000000,-0.035174,0.132980,0.150376,0.173016,-0.036663,0.113570,0.121971,0.237085,0.412940,0.409769,0.160204,0.217699,0.216090,0.281808,0.237344,0.087650,0.036803,0.074618,0.015691,0.032019,0.080379,0.074990,0.192990,0.179640,0.273086,0.362210,0.220408,0.204043,0.334373,0.580576,0.335956,0.427695,0.008891,0.084498,0.343202,0.288686,0.212309,0.251093,0.102764,0.127340,0.220196,0.191384,0.167002,0.149245,0.202404,0.369258,0.190238,0.300654,0.283053,0.306116,0.224475,0.230709,0.355990,0.253213
0.168521,0.184950,0.042239,-0.072041,-0.085935,-0.063450,0.082092,0.007987,-0.069603,0.007542,0.264290,0.244757,0.110326,0.137168,0.100824,0.073733,0.343731,0.327089,0.239532,0.240926,0.080937,0.084632,-0.054128,-0.133627,-0.018375,-0.128252,0.023399,0.042786,0.395999,0.327793,0.008765,-0.072038,0.280740,0.181180,0.075118,-0.035174,0.000000,0.366058,0.526197,0.353999,0.321627,0.208021,0.191179,0.213912,0.155271,0.124648,0.347830,0.282308,0.138618,0.158100,0.206021,0.111600,0.242553,0.008753,0.465833,0.330640,0.169486,0.189039,0.033407,0.002506,0.077661,-0.119414,0.140049,0.235170,0.056856,-0.106459,0.118068,0.062113,0.067238,0.119134,-0.079921,-0.106396,0.264041,0.279676,0.263834,0.068762,0.424832,0.186938,0.282798,0.265386,0.254473,0.242906,0.364491,0.341791,0.299158,0.218317,0.164048,0.238501,0.153105,0.162095
0.033655,0.158628,0.049183,0.021042,-0.111949,0.001525,-0.032712,-0.050215,-0.144311,-0.029507,-0.158300,0.031803,-0.167738,-0.085754,-0.144766,-0.103967,0.088589,0.199314,0.133010,0.118640,0.062560,0.204860,-0.043565,-0.026809,0.043868,0.061049,-0.017116,0.074957,0.100686,0.267556,0.197602,0.081228,0.255912,0.209791,0.184614,0.132980,0.366058,0.000000,0.052957,0.553999,0.290346,0.570525,0.170787,0.064604,0.178337,0.105356,0.140621,0.082079,-0.043282,0.010567,0.136745,-0.014577,0.059096,-0.033069,0.060815,0.202971,0.124541,0.021655,-0.186499,-0.240687,-0.126971,-0.186441,0.101016,0.097339,-0.096904,-0.110470,-0.134939,-0.050355,0.029511,-0.085114,0.007793,0.122753,0.026119,0.216038,-0.000218,-0.080918,0.115565,0.430888,0.106348,0.281465,0.316172,0.319503,0.067235,0.274928,0.179574,0.164717,-0.145667,0.304954,-0.101409,0.059842
0.627104,0.523920,0.297289,0.323277,0.060532,0.022231,0.433438,0.464967,0.076757,-0.035185,0.555065,0.527076,0.462246,0.431006,0.489037,0.424747,0.677322,0.599127,0.521443,0.525606,0.575218,0.415178,0.271888,0.229802,0.104098,0.037563,0.288601,0.208676,0.800706,0.589421,0.455637,0.411433,0.635048,0.531830,0.269468,0.150376,0.526197,0.052957,0.000000,0.519023,0.310962,0.199360,0.337843,0.403140,0.393475,0.383850,0.473163,0.460372,0.399899,0.414539,0.475906,0.359023,0.332382,0.266711,0.644648,0.475792,0.577210,0.629084,0.551764,0.465812,0.616509,0.270535,0.455972,0.401630,0.517142,0.391208,0.533938,0.512887,0.344969,0.457216,0.235348,0.298588,0.751097,0.571227,0.453120,0.294108,0.626171,0.343972,0.779771,0.598816,0.526104,0.610451,0.730106,0.666096,0.713824,0.604621,0.672777,0.541558,0.717418,0.670639
0.224662,0.458060,0.200961,0.350750,0.087462,0.101666,0.196675,0.220437,0.070366,0.132073,0.082701,0.212900,0.048665,0.058491,0.261082,0.175425,0.390834,0.467235,0.384549,0.494464,0.336312,0.567264,0.137956,0.173447,0.150240,0.120514,0.237269,0.309972,0.348204,0.440941,0.388606,0.300813,0.558460,0.623815,0.384725,0.173016,0.353999,0.553999,0.519023,0.000000,0.609846,0.814729,0.424351,0.389769,0.397347,0.447312,0.468801,0.443021,0.185199,0.346662,0.369162,0.223454,0.371518,0.260910,0.423104,0.568465,0.419094,0.444908,0.040214,0.096106,0.104011,0.056777,0.172130,0.210878,0.124534,0.139949,0.087157,0.182488,0.250072,0.278726,0.032504,0.138080,0.214908,0.420277,0.280313,0.162043,0.463898,0.491890,0.489052,0.659196,0.619885,0.672635,0.542185,0.864790,0.425244,0.452157,0.355394,0.628373,0.405572,0.559727
0.301262,0.555304,0.223761,0.185447,-0.216625,-0.233103,0.244996,0.215306,-0.292728,-0.206347,0.217915,0.304866,0.128152,0.128872,0.015611,-0.084437,0.420804,0.502280,0.462770,0.493640,0.066564,0.267977,0.120103,-0.001249,-0.102397,-0.195913,-0.034502,-0.134639,0.298263,0.490245,0.281378,0.149480,0.375352,0.490922,0.194389,-0.036663,0.321627,0.290346,0.310962,0.609846,0.000000,0.806505,0.294387,0.195489,0.255612,0.266628,0.359893,0.208663,0.130761,0.197078,0.298801,0.135621,0.373000,0.309142,0.347304,0.377740,0.403780,0.437187,0.155498,0.173445,0.153986,0.078600,0.259864,0.376230,0.125328,0.031020,0.126126,0.107043,0.335031,0.270140,-0.076363,0.105335,0.210515,0.495207,0.223685,0.149573,0.270507,0.380859,0.426442,0.706315,0.669818,0.468860,0.592657,0.602060,0.364839,0.301934,0.123693,0.257974,0.209028,0.269406
0.164105,0.413633,0.210073,0.242367,-0.059639,-0.059973,0.132964,0.181827,-0.104951,-0.023977,-0.022468,0.237932,-0.043057,0.075019,0.012425,-0.045209,0.192052,0.311956,0.360475,0.349727,0.196990,0.415901,0.063206,0.064191,0.023987,-0.007173,0.023928,0.034149,0.157039,0.365413,0.308972,0.178189,0.411543,0.489192,0.279992,0.113570,0.208021,0.570525,0.199360,0.814729,0.806505,0.000000,0.421314,0.317321,0.405821,0.446991,0.407203,0.351787,0.221108,0.363409,0.394520,0.279102,0.398806,0.301462,0.272542,0.487869,0.231248,0.223254,0.037155,0.068129,0.054709,0.019682,0.172712,0.230667,0.019823,0.094656,0.037588,0.108856,0.142569,0.065398,-0.007375,0.074503,0.106939,0.313803,0.093180,0.011277,0.209901,0.398210,0.253762,0.545745,0.536815,0.528220,0.317181,0.556368,0.284183,0.393378,0.105240,0.416731,0.157437,0.344893
0.319143,0.226615,0.187435,0.250142,0.292512,0.242641,0.152825,0.374139,0.271076,0.279405,0.265356,0.563728,0.214447,0.373449,0.336221,0.256425,0.254645,0.264240,0.462966,0.348161,0.202601,0.323513,-0.022129,0.110974,0.317974,0.252285,0.078408,0.177285,0.314105,0.215813,0.042088,0.041208,0.432926,0.393174,0.248960,0.121971,0.191179,0.170787,0.337843,0.424351,0.294387,0.421314,0.000000,1.390883,1.131314,1.053899,1.397246,1.197469,1.099065,1.182312,1.053548,1.238780,1.164419,0.776040,0.761857,1.120871,0.107337,0.144071,0.355277,0.450663,0.328799,0.212108,0.267847,0.338978,0.172415,0.321224,0.408081,0.467176,0.052430,0.032755,-0.002175,-0.028260,0.174249,0.339823,0.293912,0.262063,0.584868,0.566299,0.293186,0.382436,0.414071,0.373666,0.330328,0.415041,0.489892,0.757028,0.287149,0.299822,0.460135,0.617115
0.326536,0.185098,0.159916,0.362937,0.359596,0.284346,0.258394,0.520252,0.325189,0.300393,0.348143,0.675717,0.351108,0.555593,0.387303,0.403056,0.253642,0.195893,0.488004,0.415988,0.270008,0.411108,0.001878,0.205328,0.270553,0.239596,0.164725,0.261950,0.395916,0.269680,0.106434,0.184997,0.480522,0.491349,0.203440,0.237085,0.213912,0.064604,0.403140,0.389769,0.195489,0.317321,1.390883,0.000000,1.116831,1.311933,1.381978,1.676806,1.177896,1.285328,0.831947,1.044830,0.885291,0.610732,0.749199,1.086017,0.035752,0.148190,0.453759,0.536149,0.438788,0.407340,0.259163,0.403829,0.255163,0.420230,0.523929,0.590762,-0.022759,0.078552,0.126146,0.034617,0.248624,0.365309,0.356327,0.285766,0.597079,0.393589,0.235919,0.302819,0.265309,0.298077,0.366103,0.490810,0.437387,0.722526,0.444431,0.306423,0.542785,0.622906
0.251501,0.184669,0.323060,0.466506,0.385440,0.389680,0.308252,0.543521,0.372696,0.326748,0.222411,0.480918,0.296694,0.418586,0.414867,0.400095,0.211753,0.266085,0.472803,0.504058,0.327007,0.436395,0.223040,0.408336,0.423998,0.430084,0.265712,0.362258,0.337815,0.376731,0.340870,0.409437,0.623844,0.626853,0.470896,0.412940,0.155271,0.178337,0.393475,0.397347,0.255612,0.405821,1.131314,1.116831,0.000000,1.386480,1.061923,0.988851,1.161410,1.349895,1.046364,0.875702,0.776633,0.510045,0.613727,0.814044,0.128505,0.176621,0.529472,0.567987,0.392888,0.326203,0.262708,0.406008,0.316271,0.549943,0.630309,0.731263,0.146578,0.167248,0.137033,0.063728,0.261293,0.490140,0.253492,0.256266,0.489349,0.456072,0.278723,0.404853,0.374388,0.503360,0.410885,0.569846,0.580543,0.833411,0.324706,0.386647,0.499140,0.644801
0.289118,0.272817,0.331078,0.637907,0.226109,0.206569,0.366694,0.620836,0.205955,0.178605,0.176721,0.415602,0.291640,0.363698,0.268025,0.284410,0.213245,0.253127,0.479603,0.541583,0.361036,0.454137,0.184483,0.367384,0.219461,0.247639,0.206164,0.251886,0.328912,0.354040,0.372095,0.448501,0.657290,0.740458,0.434080,0.409769,0.124648,0.105356,0.383850,0.447312,0.266628,0.446991,1.053899,1.311933,1.386480,0.000000,1.069420,1.177877,0.988768,1.433994,0.748904,0.802451,0.691937,0.535546,0.480989,0.781315,0.148796,0.244264,0.462308,0.559148,0.425410,0.407869,0.235369,0.347511,0.265977,0.565658,0.539995,0.677605,0.133969,0.220711,0.177441,0.087787,0.194307,0.407747,0.185604,0.169968,0.428039,0.326340,0.273397,0.421273,0.329564,0.464372,0.408244,0.600067,0.365800,0.635589,0.365863,0.345578,0.474240,0.553592
0.408692,0.344317,0.162905,0.299570,0.246836,0.164597,0.206449,0.431376,0.221666,0.221769,0.321892,0.695161,0.303770,0.460251,0.358293,0.298609,0.457651,0.418990,0.580011,0.503666,0.229903,0.365215,-0.027281,0.084384,0.243400,0.169800,0.085018,0.166963,0.492175,0.388530,0.118833,0.128559,0.575864,0.590498,0.217684,0.160204,0.347830,0.140621,0.473163,0.468801,0.359893,0.407203,1.397246,1.381978,1.061923,1.069420,0.000000,1.417835,1.046492,1.108149,0.926391,1.043479,1.154840,0.722953,1.051265,1.328350,0.221161,0.328322,0.473259,0.570596,0.448249,0.268114,0.377139,0.504201,0.180122,0.302365,0.548398,0.556621,0.152392,0.177984,0.034034,-0.007485,0.276485,0.485860,0.380994,0.300747,0.652825,0.493737,0.473967,0.534861,0.515904,0.457500,0.497523,0.581126,0.585056,0.819776,0.382040,0.283569,0.618243,0.720374
0.354037,0.242528,0.202110,0.424956,0.232082,0.157583,0.248454,0.514402,0.217722,0.192740,0.330375,0.594592,0.304533,0.473177,0.326997,0.262351,0.352053,0.286242,0.590729,0.556638,0.278813,0.392395,0.040681,0.234072,0.172968,0.155555,0.138525,0.204529,0.403678,0.262141,0.136900,0.197282,0.568468,0.585780,0.249434,0.217699,0.282308,0.082079,0.460372,0.443021,0.208663,0.351787,1.197469,1.676806,0.988851,1.177877,1.417835,0.000000,1.017196,1.069241,0.812861,0.878855,0.910916,0.596324,0.793273,1.021043,0.123927,0.270509,0.425980,0.591677,0.401910,0.353488,0.251288,0.361581,0.212279,0.372585,0.566159,0.628306,0.074871,0.206892,0.030584,-0.056732,0.240794,0.342137,0.356330,0.232876,0.565900,0.355152,0.367513,0.389930,0.341556,0.354174,0.412556,0.548059,0.428066,0.707959,0.446338,0.248303,0.580847,0.624138
0.339111,0.111602,0.208534,0.299169,0.470341,0.391488,0.281605,0.570333,0.453691,0.367357,0.352783,0.796076,0.484715,0.712597,0.446829,0.469561,0.193711,0.180099,0.438676,0.310037,0.222185,0.321289,0.065155,0.257572,0.435279,0.354950,0.149329,0.248155,0.379201,0.276270,0.077012,0.138786,0.393174,0.377698,0.133095,0.216090,0.138618,-0.043282,0.399899,0.185199,0.130761,0.221108,1.099065,1.177896,1.161410,0.988768,1.046492,1.017196,0.000000,1.515603,1.106524,1.469632,1.004068,0.706381,0.870110,0.939686,-0.003049,0.088668,0.670856,0.786008,0.520846,0.421794,0.347608,0.462206,0.288475,0.499086,0.645409,0.711508,0.027484,0.022796,0.149521,0.037732,0.313166,0.394490,0.352342,0.377019,0.585270,0.433331,0.209317,0.261194,0.241456,0.305120,0.237508,0.315331,0.477814,0.903208,0.261654,0.157627,0.527283,0.662003
