0.000000,0.868723,0.402321,0.359932,0.313761,0.193967,0.379765,0.243657,0.426825,0.271806,0.790163,0.546983,0.569238,0.399974,0.699719,0.530797,0.284274,0.228931,0.858250,0.672299,-0.191995,0.062676,0.196078,0.206862,0.072281,0.030689,0.174512,-0.011707,0.294531,0.005173,-0.133148,0.047441,-0.009065,0.226583,0.022625,0.031358,0.421241,0.298579,0.216060,0.039995,0.213519,0.061422,0.575113,0.490400,0.245265,0.244488,0.542006,0.524018,0.625793,0.360484,0.012863,0.014357,0.176754,0.060444,0.179666,0.129872,0.701781,0.724786,0.642543,0.287211,0.473821,0.245836,0.359447,0.338299,0.091876,0.178400,0.227198,0.214151,0.528807,0.327878,0.095437,0.160838,0.490575,0.276123,0.439605,0.265688,0.599091,0.533509,0.063001,0.018349,0.185030,0.039384,0.418810,0.280004,0.465729,0.229488,0.375925,0.477191,0.425095,0.335597
0.868723,0.000000,0.374883,0.427289,0.223272,0.294618,0.275527,0.276781,0.337121,0.154445,0.520565,0.660531,0.271904,0.337097,0.560934,0.499868,0.559936,0.541098,0.775233,0.893724,-0.065192,0.188242,0.294696,0.306324,0.050463,0.049854,0.143818,0.061273,0.416672,0.233975,0.105647,0.292027,0.345704,0.472669,0.148101,0.068197,0.424957,0.162451,0.142174,0.021092,0.270521,0.264050,0.735818,0.633454,0.396145,0.456475,0.723649,0.837928,0.596540,0.457906,0.249216,0.212389,0.485018,0.298305,0.367873,0.305236,0.844609,0.893878,0.429301,0.444096,0.306396,0.247825,0.475766,0.602705,0.062781,0.086412,0.332013,0.256470,0.326064,0.326486,0.073831,0.135438,0.560466,0.376924,0.415553,0.255185,0.550134,0.492920,0.349688,0.197933,0.498584,0.296906,0.425862,0.467093,0.414819,0.270188,0.355065,0.551653,0.343758,0.298438
0.402321,0.374883,0.000000,0.739555,0.557854,0.229378,1.040447,0.200919,0.856303,0.149930,0.073717,0.031563,0.074944,0.004494,0.317718,0.209852,-0.062625,0.109829,0.286511,0.323184,0.206017,0.169564,1.060305,0.690928,0.560701,0.493543,0.559687,0.369759,-0.214533,-0.198657,0.374991,0.409337,0.237214,0.211501,0.655120,0.518612,0.314657,0.236364,0.347354,0.261113,-0.023493,0.131713,0.453984,0.368529,0.396183,0.395270,0.447099,0.429733,0.306174,0.303908,0.351536,0.293976,0.101388,0.229422,0.290869,0.251563,0.437790,0.401563,0.591463,0.159320,0.325036,0.113616,-0.005971,-0.004061,0.764499,0.388351,0.774116,0.614792,0.174916,0.062139,0.204527,0.326756,0.236838,0.055174,0.347295,0.262367,0.632612,0.451649,0.095005,0.038480,0.008352,0.192289,0.261309,0.272331,0.479208,0.416305,0.319321,0.450863,0.651309,0.588161
0.359932,0.427289,0.739555,0.000000,0.657073,0.432341,0.708767,0.827773,0.713519,0.649225,0.146820,0.279644,0.212025,0.306152,0.172655,0.373105,-0.010779,-0.048540,0.292892,0.461506,0.145434,0.254845,0.514694,0.775402,0.387048,0.447126,0.420111,0.239870,-0.075972,-0.142087,0.233628,0.431564,0.177678,0.306717,0.238222,0.446247,0.185884,0.134412,0.106535,0.191598,-0.087921,0.085030,0.303188,0.256482,0.345906,0.494248,0.370977,0.373757,0.443722,0.605467,0.318698,0.340241,0.180547,0.174446,0.227196,0.177303,0.410652,0.413672,0.651530,0.198138,0.593991,0.579610,0.141986,0.387149,0.359634,0.926583,0.604515,0.720514,0.136823,0.215052,0.304785,0.396453,0.177144,0.093306,0.322767,0.226030,0.540684,0.640720,0.065891,-0.120283,0.098580,0.169778,0.208226,0.285814,0.321039,0.625312,0.349738,0.419697,0.582919,0.763937
0.313761,0.223272,0.557854,0.657073,0.000000,0.542352,0.455602,0.405475,0.762583,0.461053,-0.000149,0.004176,0.263369,0.149174,0.245032,0.315274,-0.076379,-0.113494,0.098389,0.169288,0.209765,0.153831,0.457164,0.532069,0.507442,0.333902,0.894255,0.398720,-0.065443,-0.060604,0.141780,0.089200,-0.025241,0.091451,-0.006882,0.197476,-0.020788,0.075411,0.066095,0.028757,-0.138633,-0.027856,0.144725,0.156547,0.219040,0.293348,0.427055,0.232887,0.472649,0.560872,0.187088,0.326149,0.293243,0.306274,0.277341,0.205467,0.314542,0.343069,0.677195,0.311479,0.429999,0.222727,0.031244,0.245898,0.068925,0.390902,0.270979,0.351986,0.179953,0.071124,0.265300,0.254012,-0.013912,0.020300,0.197132,0.401432,0.336944,0.505046,-0.034191,-0.115213,0.018857,0.105566,0.280358,0.273141,0.182247,0.371450,0.285704,0.324813,0.663098,0.679157
0.193967,0.294618,0.229378,0.432341,0.542352,0.000000,0.261345,0.546039,0.240080,0.332761,-0.048269,0.133249,0.189005,0.192486,0.247341,0.441085,0.239141,0.134603,0.097110,0.216492,0.179794,0.117753,0.213315,0.321751,0.014549,0.013745,0.311483,0.588993,0.193569,0.194029,0.315774,0.364341,0.134053,0.185859,0.023501,0.160388,0.081648,0.074754,0.155011,0.012272,0.226934,0.203013,0.306189,0.296156,0.481259,0.572205,0.431802,0.291048,0.459222,0.574252,0.273867,0.389148,0.325127,0.366222,0.368022,0.120470,0.316984,0.376837,0.446107,0.273866,0.282621,0.357195,0.109306,0.323714,0.001701,0.416386,0.300846,0.334383,0.193920,0.147694,0.000423,-0.011545,0.015115,-0.008578,0.194351,0.305919,0.154033,0.272446,0.073039,-0.115257,0.281274,0.233535,0.274954,0.271723,-0.043063,0.154973,0.287149,0.437388,0.448278,0.327120
0.379765,0.275527,1.040447,0.708767,0.455602,0.261345,0.000000,0.535269,0.487746,0.264829,0.195815,0.157612,0.368249,0.244125,0.160152,0.128137,-0.014890,0.078814,0.238382,0.270823,0.099317,0.087014,0.493195,0.353062,0.299498,0.253273,0.361444,0.181652,-0.012781,-0.084449,0.207899,0.243386,0.275273,0.252860,0.543775,0.492040,0.167276,0.143677,0.221155,0.163626,0.039030,0.079634,0.298326,0.290912,0.358126,0.357346,0.305437,0.363989,0.253292,0.257242,0.264815,0.140024,0.072164,0.154124,0.094586,0.029845,0.280228,0.228161,0.488873,-0.098790,0.724938,0.437998,0.108909,0.108820,0.802473,0.624855,0.854831,0.690632,0.122826,0.248472,0.083423,0.146500,0.240990,-0.034264,0.206928,0.165058,0.399434,0.401898,0.059426,-0.022208,-0.020861,0.098002,0.028239,0.076372,0.404961,0.386351,0.111000,0.325904,0.477875,0.472999
0.243657,0.276781,0.200919,0.827773,0.405475,0.546039,0.535269,0.000000,0.155296,0.686282,0.213472,0.509349,0.557890,0.665832,0.025066,0.359501,0.205399,0.033922,0.153687,0.412024,-0.027996,-0.050025,0.015521,0.320911,0.056459,0.054171,0.131665,0.137073,0.268789,0.220581,0.089469,0.244076,0.221009,0.327599,0.060692,0.212749,0.069831,0.043441,-0.071018,-0.017351,0.119327,0.078159,0.128713,0.134935,0.253050,0.371313,0.229412,0.259187,0.300048,0.504379,0.133465,0.118449,0.218736,0.188371,-0.031488,-0.145507,0.190520,0.220271,0.291351,-0.071988,0.790889,1.110687,0.251752,0.527710,0.154447,1.114793,0.314170,0.427761,0.070163,0.409922,-0.114378,-0.080249,0.053741,0.055378,0.143737,0.109531,0.088629,0.238921,0.051891,-0.030894,0.163026,0.109559,-0.072199,0.059360,-0.040033,0.260602,-0.024264,0.119969,0.212609,0.324776
0.426825,0.337121,0.856303,0.713519,0.762583,0.240080,0.487746,0.155296,0.000000,0.402676,0.115827,-0.024570,0.086378,0.003377,0.404986,0.363956,-0.178432,-0.093315,0.289198,0.218421,0.114745,0.262160,0.654251,0.631208,0.495901,0.550822,0.494337,0.218467,-0.263588,-0.306627,0.107338,0.166087,0.010750,0.039350,0.275880,0.417639,0.205566,0.120253,0.198565,0.191298,-0.174434,-0.012814,0.358113,0.312423,0.266905,0.335983,0.479190,0.349082,0.375539,0.365954,0.164856,0.182849,0.091867,0.120039,0.330084,0.338873,0.413978,0.391570,0.652228,0.330646,0.239091,0.117441,-0.063963,0.028623,0.360199,0.389326,0.378902,0.367413,0.185486,-0.113113,0.371756,0.461904,0.112764,0.112757,0.354438,0.444044,0.607333,0.524247,0.002733,-0.108477,0.002992,0.105253,0.360448,0.301504,0.448917,0.492947,0.377407,0.465773,0.670163,0.709095
0.271806,0.154445,0.149930,0.649225,0.461053,0.332761,0.264829,0.686282,0.402676,0.000000,0.234402,0.295830,0.631439,0.580669,0.227111,0.514905,-0.172585,-0.238286,0.132760,0.129177,-0.049230,0.046374,-0.098977,0.107381,0.131329,0.155625,0.186768,-0.100300,-0.040959,-0.130375,-0.218847,-0.070247,-0.211382,-0.016998,-0.173862,0.138800,0.026117,-0.037462,-0.084196,0.058091,-0.181207,-0.088310,-0.020049,0.039835,-0.068260,0.098904,0.125634,0.153415,0.420955,0.587550,0.001797,0.096995,0.148257,0.035757,-0.029871,0.122875,0.110585,0.117896,0.461316,0.023641,0.501209,0.546833,0.067398,0.300436,0.001674,0.677248,-0.043663,0.111124,0.111876,0.142778,0.331986,0.255552,0.007482,0.029499,0.207128,0.277822,0.218637,0.381132,-0.248398,-0.217254,-0.029438,0.034376,0.055036,0.102115,0.089709,0.372203,0.082443,0.142979,0.429142,0.560115
0.790163,0.520565,0.073717,0.146820,-0.000149,-0.048269,0.195815,0.213472,0.115827,0.234402,0.000000,0.747771,0.727568,0.565814,0.587173,0.420929,0.246901,0.189393,0.907406,0.439595,-0.287930,-0.088830,-0.083378,-0.073182,-0.242020,-0.292832,-0.272990,-0.273360,0.434276,0.130803,-0.364055,-0.187965,-0.114353,0.038692,-0.037898,-0.082203,0.185726,0.174583,-0.055334,-0.101317,0.015019,-0.050882,0.168725,0.200945,-0.092561,-0.038633,0.154806,0.217892,0.220435,0.013822,-0.326474,-0.350047,-0.063922,-0.163164,-0.175794,-0.150504,0.171575,0.257708,0.074407,-0.177457,0.416825,0.279067,0.459378,0.302737,0.068202,0.139815,-0.061641,-0.012627,0.051867,0.312971,-0.110799,-0.060680,0.342827,0.196367,0.134375,0.044771,0.236655,0.261818,0.035210,0.055418,-0.014646,-0.249839,0.238014,0.066932,0.411748,0.066865,0.084480,0.143018,0.096874,0.072345
0.546983,0.660531,0.031563,0.279644,0.004176,0.133249,0.157612,0.509349,-0.024570,0.295830,0.747771,0.000000,0.556007,0.879558,0.297284,0.447746,0.591603,0.578905,0.568663,0.627809,-0.318957,-0.127584,-0.104611,0.081078,-0.126138,-0.213973,-0.163962,-0.123227,0.606324,0.474627,-0.006777,0.128626,0.311174,0.409538,-0.016474,-0.123358,0.211502,0.135412,-0.244476,-0.253060,0.156725,0.019538,0.380052,0.431781,0.193301,0.264063,0.349034,0.531162,0.353805,0.296911,0.068895,0.054966,0.273725,0.118038,-0.034982,-0.020037,0.324593,0.380603,0.122241,-0.001024,0.433660,0.496011,0.604129,0.676811,0.073500,0.259917,0.084999,0.154437,0.052642,0.464989,-0.259181,-0.207668,0.267041,0.305094,0.223982,0.044064,0.147232,0.198657,0.297299,0.295645,0.247518,0.104683,0.094128,0.192773,0.242416,0.161955,-0.022166,0.138872,-0.008732,0.091596
0.569238,0.271904,0.074944,0.212025,0.263369,0.189005,0.368249,0.557890,0.086378,0.631439,0.727568,0.556007,0.000000,0.959890,0.398770,0.517322,0.155349,0.062696,0.431749,0.296945,-0.179765,-0.181100,-0.266235,-0.207567,-0.102447,-0.163973,-0.018629,-0.159385,0.483693,0.222231,-0.316631,-0.282133,-0.149262,-0.040441,-0.157601,-0.039100,0.177908,0.108913,-0.003549,0.019981,0.093878,0.005559,0.072041,0.149524,-0.090640,-0.031135,0.159952,0.206240,0.356106,0.237924,-0.204982,-0.185043,0.141406,0.006081,-0.066906,-0.068222,0.103411,0.116190,0.224479,-0.131800,0.696888,0.513416,0.363401,0.298327,-0.028355,0.343869,-0.065523,0.064369,0.053530,0.346823,-0.070021,-0.108288,0.130913,0.040572,0.170716,0.116877,0.120245,0.239040,-0.076080,0.003969,0.069018,-0.016460,0.105507,0.053335,0.196367,0.103523,-0.024562,0.085080,0.290246,0.207464
0.399974,0.337097,0.004494,0.306152,0.149174,0.192486,0.244125,0.665832,0.003377,0.580669,0.565814,0.879558,0.959890,0.000000,0.255759,0.577017,0.319939,0.175041,0.364921,0.340679,-0.150107,-0.052160,-0.218707,-0.029242,-0.050740,-0.060871,-0.034734,-0.094790,0.604359,0.426307,-0.024754,0.068744,0.150572,0.267924,-0.097988,-0.091135,0.189426,0.112662,-0.077354,-0.030620,0.118100,0.139694,0.233229,0.298218,0.065565,0.156725,0.241527,0.359177,0.395671,0.376305,0.054281,0.009402,0.313054,0.096955,0.019475,0.037172,0.171959,0.178171,0.204024,-0.057564,0.500105,0.540618,0.416061,0.568727,-0.063800,0.386024,0.001694,0.177670,0.044047,0.353527,-0.020821,-0.031864,0.234885,0.285741,0.308397,0.151525,0.143218,0.276243,0.154410,0.128494,0.207958,0.124333,0.108700,0.242492,0.166236,0.199472,-0.025511,0.176831,0.146303,0.282844
0.699719,0.560934,0.317718,0.172655,0.245032,0.247341,0.160152,0.025066,0.404986,0.227111,0.587173,0.297284,0.398770,0.255759,0.000000,0.918903,0.211908,0.183215,0.679576,0.353396,-0.136076,0.018201,0.157525,0.173467,0.056390,0.025893,0.120192,0.021651,0.288555,0.164111,-0.101810,0.034803,-0.040910,0.001513,-0.102498,-0.022752,0.422707,0.352040,0.250804,0.171405,0.269211,0.194445,0.515028,0.530603,0.169162,0.173889,0.434376,0.435277,0.393600,0.264423,0.037158,0.108263,0.294272,0.194902,0.353871,0.374621,0.348752,0.338599,0.301744,0.177197,0.096334,-0.016559,0.379509,0.258739,-0.094139,-0.022852,-0.070421,0.079687,0.249917,0.111199,0.086304,0.146924,0.417542,0.364536,0.399048,0.236957,0.448052,0.352123,0.030905,0.154596,0.224402,0.142086,0.657403,0.444795,0.603315,0.388562,0.379443,0.453309,0.432470,0.376946
0.530797,0.499868,0.209852,0.373105,0.315274,0.441085,0.128137,0.359501,0.363956,0.514905,0.420929,0.447746,0.517322,0.577017,0.918903,0.000000,0.246469,0.127274,0.490711,0.435895,-0.034344,-0.050267,0.104778,0.307380,0.154361,0.201495,0.154594,0.126882,0.356174,0.294646,0.061116,0.194863,0.036974,0.082236,-0.201514,-0.052326,0.319284,0.371038,0.156848,0.120947,0.303884,0.271886,0.474834,0.461760,0.130122,0.235087,0.459044,0.454732,0.458988,0.459269,0.128765,0.170300,0.412148,0.217588,0.358394,0.278551,0.328700,0.357587,0.350843,0.222596,0.131939,0.214233,0.370137,0.511123,-0.157626,0.257222,-0.111269,0.142805,0.269395,0.182235,0.047919,0.042071,0.287826,0.304464,0.458625,0.333296,0.319334,0.331661,0.045795,0.079257,0.378065,0.318003,0.572846,0.621007,0.358407,0.486661,0.307383,0.467322,0.416315,0.428138
0.284274,0.559936,-0.062625,-0.010779,-0.076379,0.239141,-0.014890,0.205399,-0.178432,-0.172585,0.246901,0.591603,0.155349,0.319939,0.211908,0.246469,0.000000,1.064911,0.293097,0.406984,-0.242547,-0.232119,0.000722,0.108356,-0.058686,-0.165629,-0.040262,0.099351,0.986991,0.896751,0.169255,0.219265,0.535741,0.490279,0.069117,-0.026061,0.295209,0.279460,0.112564,0.012027,0.550345,0.432254,0.520543,0.434641,0.368583,0.327693,0.367421,0.488382,0.196015,0.150530,0.194306,0.185563,0.404579,0.382337,0.258980,0.122401,0.385706,0.383093,0.007572,0.236290,0.119508,0.144094,0.614831,0.546700,-0.079407,-0.032799,0.133001,0.153007,0.146973,0.231520,-0.402505,-0.417570,0.313832,0.299288,0.254851,0.114876,0.210686,0.196877,0.722252,0.612779,0.831549,0.462016,0.380913,0.410911,0.148555,0.024727,0.067851,0.243157,-0.021243,-0.084929
0.228931,0.541098,0.109829,-0.048540,-0.113494,0.134603,0.078814,0.033922,-0.093315,-0.238286,0.189393,0.578905,0.062696,0.175041,0.183215,0.127274,1.064911,0.000000,0.317505,0.389450,-0.173633,-0.199237,0.123452,0.087280,-0.022999,-0.151025,-0.064001,0.144861,0.696099,0.794540,0.270849,0.224429,0.572820,0.383125,0.274021,0.022133,0.301371,0.246116,0.012161,-0.097203,0.345528,0.301740,0.536597,0.481085,0.380372,0.327410,0.370566,0.610653,0.100421,0.038960,0.205570,0.191210,0.312303,0.393130,0.186388,0.150454,0.400345,0.330509,-0.013811,0.121512,0.037052,0.051403,0.519063,0.365569,0.167483,-0.094232,0.224310,0.158211,0.059547,0.214139,-0.377693,-0.352833,0.264002,0.272723,0.186742,0.062047,0.218071,0.176918,0.624995,0.792685,0.666905,0.508724,0.186612,0.257569,0.254331,0.095090,-0.010779,0.149871,-0.036769,-0.131053
0.858250,0.775233,0.286511,0.292892,0.098389,0.097110,0.238382,0.153687,0.289198,0.132760,0.907406,0.568663,0.431749,0.364921,0.679576,0.490711,0.293097,0.317505,0.000000,0.822410,-0.139290,0.056278,0.147745,0.136135,-0.121027,-0.142023,-0.053702,-0.074791,0.416461,0.176024,-0.144804,0.056506,0.090381,0.170055,0.079025,-0.089439,0.301850,0.246472,0.026716,-0.006722,0.126627,0.115810,0.406989,0.329686,0.129787,0.166234,0.289654,0.369654,0.268018,0.066571,-0.172549,-0.123415,0.078780,-0.032077,0.080441,0.077202,0.395205,0.365604,0.237378,0.063151,0.301507,0.166004,0.364590,0.340537,0.073893,0.092138,0.116289,0.152079,0.129253,0.321512,0.042007,0.122518,0.442897,0.276481,0.313767,0.120973,0.450963,0.420166,0.119166,0.131864,0.128343,-0.049774,0.306703,0.193189,0.484403,0.237863,0.206804,0.310329,0.187140,0.154404
0.672299,0.893724,0.323184,0.461506,0.169288,0.216492,0.270823,0.412024,0.218421,0.129177,0.439595,0.627809,0.296945,0.340679,0.353396,0.435895,0.406984,0.389450,0.822410,0.000000,-0.095221,0.037817,0.248225,0.346397,0.114214,0.067887,0.098041,0.036592,0.377751,0.238994,0.132638,0.297643,0.352985,0.426862,0.184298,0.044721,0.427969,0.313709,0.076819,0.029468,0.278661,0.211454,0.504039,0.386366,0.323606,0.378188,0.503910,0.522126,0.290634,0.186377,0.120979,0.056352,0.227477,0.200480,0.169829,0.092237,0.483588,0.536586,0.291011,0.198512,0.363330,0.407927,0.317157,0.473661,0.146549,0.264198,0.353881,0.332466,0.218078,0.437066,-0.060044,0.020870,0.300310,0.240377,0.362957,0.231808,0.289590,0.253471,0.162318,0.082913,0.288471,0.171808,0.187269,0.201336,0.250953,0.215736,0.130906,0.239116,0.141273,0.132651
-0.191995,-0.065192,0.206017,0.145434,0.209765,0.179794,0.099317,-0.027996,0.114745,-0.049230,-0.287930,-0.318957,-0.179765,-0.150107,-0.136076,-0.034344,-0.242547,-0.173633,-0.139290,-0.095221,0.000000,0.563613,0.311025,0.161369,0.167685,0.147541,0.320574,0.345638,-0.192302,-0.181247,0.399905,0.264302,-0.028630,-0.084244,0.199897,0.151624,0.018037,-0.018195,0.268019,0.206610,-0.069755,0.016696,-0.054794,-0.081371,0.058665,0.090258,0.034050,-0.068540,0.025026,0.121348,0.146795,0.186817,0.039020,0.087277,0.123501,0.081003,0.078171,0.016922,0.039304,0.029454,-0.148426,-0.134528,-0.161650,-0.137832,0.074292,0.008419,0.155017,0.120206,-0.134264,-0.170112,0.297322,0.256233,-0.011687,0.006596,0.014172,-0.010213,0.123345,0.101895,0.039668,-0.207342,0.025726,0.094221,0.049733,0.139365,-0.045236,-0.010759,0.045172,0.044169,0.281985,0.164161
0.062676,0.188242,0.169564,0.254845,0.153831,0.117753,0.087014,-0.050025,0.262160,0.046374,-0.088830,-0.127584,-0.181100,-0.052160,0.018201,-0.050267,-0.232119,-0.199237,0.056278,0.037817,0.563613,0.000000,0.224528,0.178025,0.067937,0.194019,0.304460,0.224642,-0.194012,-0.330691,0.193678,0.280851,-0.006591,0.095046,0.177412,0.191840,0.150359,-0.100665,0.227480,0.234746,-0.087876,0.006558,0.070945,0.066960,0.172182,0.236574,0.102115,0.092896,0.196902,0.199868,0.237489,0.182480,0.103424,0.056417,0.290882,0.322593,0.255701,0.190365,0.270278,0.161011,-0.054441,-0.073340,-0.077400,-0.017423,0.070185,0.027581,0.272637,0.226642,-0.066580,-0.150406,0.542558,0.655222,0.194192,0.242222,0.236404,0.123080,0.307111,0.311878,0.040936,-0.313361,0.006509,-0.034454,0.123955,0.171315,0.173368,0.080659,0.208429,0.324120,0.338587,0.372272
0.196078,0.294696,1.060305,0.514694,0.457164,0.213315,0.493195,0.015521,0.654251,-0.098977,-0.083378,-0.104611,-0.266235,-0.218707,0.157525,0.104778,0.000722,0.123452,0.147745,0.248225,0.311025,0.224528,0.000000,1.018832,0.680457,0.606503,0.540741,0.515766,-0.253669,-0.130762,0.634503,0.571941,0.278641,0.259016,0.612166,0.401747,0.197245,0.240485,0.293655,0.149434,-0.038879,0.176247,0.392282,0.263980,0.358772,0.396679,0.393541,0.313938,0.167603,0.225887,0.397334,0.401845,0.057983,0.288855,0.339216,0.196624,0.371686,0.407329,0.439620,0.273368,-0.008828,-0.025614,-0.134957,-0.031146,0.620583,0.205250,0.602034,0.446895,0.236910,-0.011370,0.133242,0.223624,0.124185,0.047894,0.213386,0.239392,0.471656,0.318519,0.216005,0.013835,0.049715,0.167296,0.298828,0.310448,0.301423,0.256531,0.314675,0.392257,0.458560,0.346769
0.206862,0.306324,0.690928,0.775402,0.532069,0.321751,0.353062,0.320911,0.631208,0.107381,-0.073182,0.081078,-0.207567,-0.029242,0.173467,0.307380,0.108356,0.087280,0.136135,0.346397,0.161369,0.178025,1.018832,0.000000,0.676424,0.666695,0.530092,0.440182,-0.162325,0.001247,0.551093,0.677999,0.360283,0.397475,0.279839,0.268512,0.164212,0.255412,0.155047,0.131537,0.049132,0.224300,0.369467,0.263871,0.421852,0.458053,0.364490,0.334228,0.233371,0.346910,0.398214,0.426404,0.122333,0.265439,0.317365,0.232159,0.390491,0.474655,0.464677,0.385220,0.065713,0.204797,0.046229,0.272136,0.304883,0.449512,0.469767,0.525772,0.283590,0.006532,0.150134,0.264204,0.085011,0.227949,0.321318,0.328650,0.450894,0.406010,0.219848,0.076652,0.158976,0.249303,0.332692,0.459653,0.224547,0.448565,0.354516,0.409374,0.359236,0.457179
0.072281,0.050463,0.560701,0.387048,0.507442,0.014549,0.299498,0.056459,0.495901,0.131329,-0.242020,-0.126138,-0.102447,-0.050740,0.056390,0.154361,-0.058686,-0.022999,-0.121027,0.114214,0.167685,0.067937,0.680457,0.676424,0.000000,1.220843,0.748849,0.185604,-0.193163,-0.006845,0.357741,0.240443,0.224130,0.278844,0.263542,0.338069,0.264745,0.285953,0.247716,0.243950,-0.048475,0.040207,0.288300,0.284482,0.287285,0.358723,0.422700,0.365591,0.249541,0.382741,0.469412,0.518167,0.217440,0.419997,0.348421,0.367137,0.189130,0.234339,0.504755,0.388979,-0.007542,0.027558,-0.053340,0.078289,0.291498,0.258162,0.410429,0.538467,0.295266,0.017383,0.181407,0.153246,0.002801,0.051161,0.229074,0.460165,0.286590,0.255770,0.047165,-0.011502,0.074133,0.282006,0.166652,0.279165,0.254862,0.484069,0.084058,0.154297,0.337902,0.525631
0.030689,0.049854,0.493543,0.447126,0.333902,0.013745,0.253273,0.054171,0.550822,0.155625,-0.292832,-0.213973,-0.163973,-0.060871,0.025893,0.201495,-0.165629,-0.151025,-0.142023,0.067887,0.147541,0.194019,0.606503,0.666695,1.220843,0.000000,0.537091,0.231863,-0.306540,-0.181582,0.332353,0.285347,0.197712,0.237294,0.244529,0.384006,0.295587,0.222925,0.312930,0.361301,-0.041548,0.149755,0.302199,0.260346,0.271894,0.360995,0.345608,0.308575,0.300313,0.387389,0.498334,0.460398,0.191076,0.255897,0.398413,0.393579,0.186361,0.199988,0.517468,0.461616,-0.082069,0.005836,-0.108129,0.033232,0.277975,0.307520,0.397461,0.532765,0.295124,-0.040308,0.311690,0.290962,0.040612,0.099984,0.238154,0.345991,0.268968,0.272751,-0.043250,-0.142135,0.138429,0.312578,0.217331,0.352072,0.276308,0.555679,0.165796,0.324831,0.326547,0.534852
0.174512,0.143818,0.559687,0.420111,0.894255,0.311483,0.361444,0.131665,0.494337,0.186768,-0.272990,-0.163962,-0.018629,-0.034734,0.120192,0.154594,-0.040262,-0.064001,-0.053702,0.098041,0.320574,0.304460,0.540741,0.530092,0.748849,0.537091,0.000000,0.477140,-0.201737,-0.128923,0.296304,0.163697,0.086101,0.162439,0.146709,0.296246,0.115111,0.134895,0.314685,0.215982,0.044240,0.048507,0.227741,0.191664,0.308188,0.318518,0.434390,0.272703,0.420533,0.514145,0.451712,0.582047,0.376046,0.380886,0.483736,0.406119,0.334067,0.286620,0.696861,0.429290,0.121858,-0.047201,-0.148264,0.095953,0.125436,0.152642,0.388850,0.418629,0.259346,0.077807,0.333907,0.285291,0.048980,0.087576,0.282055,0.384196,0.384759,0.371946,0.044240,-0.127807,0.090533,0.162369,0.192461,0.295400,0.195981,0.327808,0.178782,0.316111,0.525634,0.624759
-0.011707,0.061273,0.369759,0.239870,0.398720,0.588993,0.181652,0.137073,0.218467,-0.100300,-0.273360,-0.123227,-0.159385,-0.094790,0.021651,0.126882,0.099351,0.144861,-0.074791,0.036592,0.345638,0.224642,0.515766,0.440182,0.185604,0.231863,0.477140,0.000000,-0.077787,0.051678,0.539835,0.372721,0.071870,-0.016646,0.311122,0.214541,0.097222,0.007564,0.224458,0.065338,0.164571,0.251145,0.213999,0.103211,0.373438,0.378048,0.285975,0.086314,0.185464,0.265493,0.333465,0.360614,0.193770,0.312078,0.362873,0.071540,0.203081,0.151070,0.226383,0.145577,-0.114312,-0.088000,-0.120679,-0.083411,0.195320,0.146787,0.345259,0.336808,0.068459,0.046907,-0.094349,-0.051677,-0.085717,-0.030750,0.049373,0.144929,0.121031,0.094271,0.226349,-0.007475,0.165595,0.130165,0.191768,0.203965,-0.006547,0.058486,0.120364,0.269457,0.282635,0.189185
0.294531,0.416672,-0.214533,-0.075972,-0.065443,0.193569,-0.012781,0.268789,-0.263588,-0.040959,0.434276,0.606324,0.483693,0.604359,0.288555,0.356174,0.986991,0.696099,0.416461,0.377751,-0.192302,-0.194012,-0.253669,-0.162325,-0.193163,-0.306540,-0.201737,-0.077787,0.000000,1.104169,0.052203,0.071466,0.396134,0.349842,-0.054387,-0.176410,0.244868,0.317575,0.004485,-0.004827,0.404862,0.250090,0.357833,0.389049,0.237590,0.236602,0.270445,0.411335,0.173170,0.055263,0.022392,0.003724,0.344541,0.216844,0.158545,0.067305,0.221126,0.194937,-0.062296,0.065622,0.241122,0.215288,0.817689,0.614307,-0.229132,-0.055200,-0.001934,0.130734,0.035431,0.286661,-0.337069,-0.374465,0.355917,0.332442,0.304260,0.090207,0.085720,0.205137,0.590903,0.519981,0.635150,0.337779,0.313856,0.315969,0.176371,0.064979,0.019743,0.148186,-0.054766,-0.097352
0.005173,0.233975,-0.198657,-0.142087,-0.060604,0.194029,-0.084449,0.220581,-0.306627,-0.130375,0.130803,0.474627,0.222231,0.426307,0.164111,0.294646,0.896751,0.794540,0.176024,0.238994,-0.181247,-0.330691,-0.130762,0.001247,-0.006845,-0.181582,-0.128923,0.051678,1.104169,0.000000,0.259937,0.229676,0.551833,0.376854,-0.034151,-0.201380,0.174675,0.330289,-0.052656,-0.045830,0.434966,0.400752,0.330531,0.329312,0.274410,0.245610,0.231001,0.407801,0.018904,0.030101,0.144361,0.158701,0.382129,0.410933,0.197871,0.095137,0.046694,0.039032,-0.179795,0.027415,0.008609,0.141576,0.619280,0.542615,-0.202732,-0.052874,-0.049058,0.111332,-0.001595,0.257551,-0.506157,-0.540117,0.117770,0.217973,0.177787,0.085534,-0.083022,0.012021,0.531720,0.702576,0.634208,0.481688,0.187294,0.323283,0.067821,0.106313,-0.137549,0.000288,-0.133031,-0.125122
-0.133148,0.105647,0.374991,0.233628,0.141780,0.315774,0.207899,0.089469,0.107338,-0.218847,-0.364055,-0.006777,-0.316631,-0.024754,-0.101810,0.061116,0.169255,0.270849,-0.144804,0.132638,0.399905,0.193678,0.634503,0.551093,0.357741,0.332353,0.296304,0.539835,0.052203,0.259937,0.000000,1.033179,0.574993,0.417490,0.380792,0.121793,0.129756,0.181018,0.181398,0.126056,0.191837,0.276774,0.385907,0.340409,0.522584,0.441460,0.310839,0.284276,0.109973,0.145382,0.593103,0.497552,0.190455,0.272971,0.296717,0.168698,0.224814,0.243688,0.116657,0.241872,-0.200609,-0.031981,-0.011882,0.115761,0.231625,0.057614,0.427034,0.441806,0.152587,0.048361,0.020427,0.099165,0.005244,0.127217,0.199328,0.149786,0.128078,0.099695,0.443633,0.252114,0.309146,0.469064,0.163408,0.380916,0.060923,0.148318,0.163273,0.278049,0.123847,0.137398
0.047441,0.292027,0.409337,0.431564,0.089200,0.364341,0.243386,0.244076,0.166087,-0.070247,-0.187965,0.128626,-0.282133,0.068744,0.034803,0.194863,0.219265,0.224429,0.056506,0.297643,0.264302,0.280851,0.571941,0.677999,0.240443,0.285347,0.163697,0.372721,0.071466,0.229676,1.033179,0.000000,0.653396,0.633065,0.347780,0.177412,0.206923,0.204626,0.180965,0.102407,0.206637,0.361642,0.453587,0.312435,0.612241,0.573614,0.257474,0.310932,0.173541,0.243880,0.525670,0.435068,0.167295,0.201876,0.280922,0.177677,0.407277,0.383401,0.188145,0.264292,-0.041038,0.155586,0.128868,0.304335,0.208292,0.243738,0.465095,0.488197,0.214849,0.058988,0.106435,0.219391,0.153494,0.220113,0.313869,0.138455,0.291454,0.249789,0.344386,0.155173,0.269227,0.390964,0.203003,0.453842,0.093124,0.220059,0.270273,0.364379,0.158435,0.201761
-0.009065,0.345704,0.237214,0.177678,-0.025241,0.134053,0.275273,0.221009,0.010750,-0.211382,-0.114353,0.311174,-0.149262,0.150572,-0.040910,0.036974,0.535741,0.572820,0.090381,0.352985,-0.028630,-0.006591,0.278641,0.360283,0.224130,0.197712,0.086101,0.071870,0.396134,0.551833,0.574993,0.653396,0.000000,1.167373,0.411326,0.186423,0.200255,0.197079,0.101442,0.084031,0.249304,0.384471,0.500477,0.504029,0.693037,0.611979,0.338143,0.602512,0.106135,0.138684,0.566000,0.388537,0.336581,0.287933,0.292709,0.232010,0.296753,0.276975,0.122385,0.190302,0.184327,0.269121,0.396396,0.510185,0.330678,0.190716,0.584451,0.570299,0.151323,0.191391,-0.104089,-0.065748,0.301973,0.289009,0.281357,0.107812,0.101987,0.122939,0.531681,0.417545,0.449798,0.482999,0.086996,0.349736,0.279989,0.307841,-0.000901,0.235454,0.002459,0.092270
0.226583,0.472669,0.211501,0.306717,0.091451,0.185859,0.252860,0.327599,0.039350,-0.016998,0.038692,0.409538,-0.040441,0.267924,0.001513,0.082236,0.490279,0.383125,0.170055,0.426862,-0.084244,0.095046,0.259016,0.397475,0.278844,0.237294,0.162439,-0.016646,0.349842,0.376854,0.417490,0.633065,1.167373,0.000000,0.280104,0.199770,0.161436,0.131519,0.081940,0.079803,0.161000,0.302418,0.458966,0.462582,0.695730,0.666377,0.377408,0.609532,0.330769,0.336601,0.476986,0.338107,0.295753,0.188618,0.220045,0.226922,0.485296,0.503153,0.344657,0.359379,0.375221,0.445039,0.457250,0.715189,0.204035,0.325788,0.561563,0.602950,0.397545,0.347414,0.104079,0.112492,0.320843,0.354509,0.270423,0.206931,0.249444,0.325783,0.354773,0.193892,0.350248,0.325808,0.157194,0.410871,0.264978,0.321910,0.138653,0.373501,0.109470,0.259140
0.022625,0.148101,0.655120,0.238222,-0.006882,0.023501,0.543775,0.060692,0.275880,-0.173862,-0.037898,-0.016474,-0.157601,-0.097988,-0.102498,-0.201514,0.069117,0.274021,0.079025,0.184298,0.199897,0.177412,0.612166,0.279839,0.263542,0.244529,0.146709,0.311122,-0.054387,-0.034151,0.380792,0.347780,0.411326,0.280104,0.000000,0.728341,0.266952,0.116658,0.280043,0.161671,0.047581,0.122900,0.301185,0.221488,0.416840,0.446291,0.261690,0.262919,-0.085185,-0.031487,0.266874,0.087111,-0.055643,0.132250,0.083260,-0.022162,0.171378,0.112262,0.113102,-0.081941,0.118871,0.103829,-0.099336,-0.230828,0.947255,0.272607,0.834753,0.534596,-0.032452,0.093929,-0.126726,-0.036946,0.137367,0.029090,0.093177,0.127139,0.221270,0.020565,0.273690,0.075629,0.038444,0.086062,-0.056212,-0.016106,0.208765,0.068305,-0.026272,0.142933,0.158705,0.030277
0.031358,0.068197,0.518612,0.446247,0.197476,0.160388,0.492040,0.212749,0.417639,0.138800,-0.082203,-0.123358,-0.039100,-0.091135,-0.022752,-0.052326,-0.026061,0.022133,-0.089439,0.044721,0.151624,0.191840,0.401747,0.268512,0.338069,0.384006,0.296246,0.214541,-0.176410,-0.201380,0.121793,0.177412,0.186423,0.199770,0.728341,0.000000,0.230583,0.103315,0.367466,0.348963,0.017464,0.103485,0.165170,0.149248,0.346460,0.452386,0.249221,0.257143,0.084228,0.220852,0.260741,0.170155,0.009816,0.130943,0.233169,0.134762,0.145111,0.153472,0.311319,0.019874,0.257057,0.237589,-0.058243,-0.116169,0.588989,0.495122,0.658633,0.551098,0.059941,-0.013324,0.101698,0.076493,0.045336,-0.059087,0.087445,0.149588,0.294424,0.127775,-0.010700,-0.126814,0.058111,0.136929,0.071038,0.094472,0.191789,0.203406,0.145400,0.253637,0.389930,0.331819
0.421241,0.424957,0.314657,0.185884,-0.020788,0.081648,0.167276,0.069831,0.205566,0.026117,0.185726,0.211502,0.177908,0.189426,0.422707,0.319284,0.295209,0.301371,0.301850,0.427969,0.018037,0.150359,0.197245,0.164212,0.264745,0.295587,0.115111,0.097222,0.244868,0.174675,0.129756,0.206923,0.200255,0.161436,0.266952,0.230583,0.000000,0.670208,0.694946,0.558969,0.602980,0.377683,0.590546,0.511549,0.259938,0.300487,0.519084,0.519675,0.256715,0.248643,0.271718,0.210418,0.282717,0.411988,0.418975,0.408666,0.311749,0.284822,0.288568,0.162111,0.014638,0.013469,0.196687,0.066934,0.132342,0.065157,0.304941,0.323734,0.227763,0.215048,-0.069844,0.003299,0.473369,0.230076,0.531956,0.323365,0.428266,0.182017,0.114314,0.135638,0.363038,0.276101,0.305417,0.249925,0.366703,0.179595,0.235457,0.247534,0.241518,0.247405
0.298579,0.162451,0.236364,0.134412,0.075411,0.074754,0.143677,0.043441,0.120253,-0.037462,0.174583,0.135412,0.108913,0.112662,0.352040,0.371038,0.279460,0.246116,0.246472,0.313709,-0.018195,-0.100665,0.240485,0.255412,0.285953,0.222925,0.134895,0.007564,0.317575,0.330289,0.181018,0.204626,0.197079,0.131519,0.116658,0.103315,0.670208,0.000000,0.453040,0.501523,0.388551,0.450825,0.423621,0.368370,0.194358,0.175591,0.341607,0.368764,0.121808,0.130484,0.215635,0.212300,0.144735,0.298650,0.332982,0.286850,0.068932,0.113645,0.174256,0.074815,-0.003938,-0.053872,0.239045,0.141935,0.098892,0.038831,0.154659,0.241557,0.154249,0.116467,-0.139720,-0.116212,0.240948,0.183750,0.414350,0.287572,0.335442,0.237065,0.175242,0.205872,0.334599,0.320905,0.326197,0.312851,0.373833,0.290111,0.275530,0.210995,0.179536,0.125876
0.216060,0.142174,0.347354,0.106535,0.066095,0.155011,0.221155,-0.071018,0.198565,-0.084196,-0.055334,-0.244476,-0.003549,-0.077354,0.250804,0.156848,0.112564,0.012161,0.026716,0.076819,0.268019,0.227480,0.293655,0.155047,0.247716,0.312930,0.314685,0.224458,0.004485,-0.052656,0.181398,0.180965,0.101442,0.081940,0.280043,0.367466,0.694946,0.453040,0.000000,0.935955,0.552197,0.467698,0.400027,0.351571,0.243373,0.249350,0.389580,0.295371,0.216745,0.198758,0.352187,0.252183,0.244809,0.293068,0.610447,0.421058,0.258149,0.257540,0.380521,0.248283,-0.008605,-0.165500,-0.015247,-0.112988,0.126358,-0.004932,0.350071,0.320404,0.310045,0.013745,0.110884,0.122586,0.374381,0.191810,0.365018,0.207177,0.399555,0.173078,0.107216,-0.036798,0.339808,0.287084,0.486027,0.374321,0.346145,0.196038,0.552838,0.417483,0.447064,0.380657
0.039995,0.021092,0.261113,0.191598,0.028757,0.012272,0.163626,-0.017351,0.191298,0.058091,-0.101317,-0.253060,0.019981,-0.030620,0.171405,0.120947,0.012027,-0.097203,-0.006722,0.029468,0.206610,0.234746,0.149434,0.131537,0.243950,0.361301,0.215982,0.065338,-0.004827,-0.045830,0.126056,0.102407,0.084031,0.079803,0.161671,0.348963,0.558969,0.501523,0.935955,0.000000,0.293597,0.532659,0.207009,0.194165,0.105743,0.113687,0.169513,0.181263,0.120318,0.160091,0.254475,0.227801,0.175162,0.236587,0.446875,0.524462,0.035298,0.007594,0.243472,0.148320,-0.016854,-0.134383,0.033788,-0.051911,0.047193,0.086317,0.243444,0.381811,0.087087,0.005960,0.262787,0.253098,0.200210,0.150917,0.361122,0.162619,0.404302,0.255701,0.109883,0.006512,0.298206,0.308398,0.408933,0.362694,0.401875,0.346711,0.399489,0.334999,0.385603,0.448027
0.213519,0.270521,-0.023493,-0.087921,-0.138633,0.226934,0.039030,0.119327,-0.174434,-0.181207,0.015019,0.156725,0.093878,0.118100,0.269211,0.303884,0.550345,0.345528,0.126627,0.278661,-0.069755,-0.087876,-0.038879,0.049132,-0.048475,-0.041548,0.044240,0.164571,0.404862,0.434966,0.191837,0.206637,0.249304,0.161000,0.047581,0.017464,0.602980,0.388551,0.552197,0.293597,0.000000,0.518111,0.464055,0.377207,0.250375,0.203364,0.327225,0.358958,0.059159,0.076734,0.151058,0.129336,0.309712,0.368443,0.278699,0.168540,0.215057,0.184257,0.013863,0.126032,-0.038052,-0.013621,0.257806,0.112865,-0.123512,-0.088612,0.111837,0.106299,0.252851,0.221983,-0.341057,-0.306008,0.424422,0.181683,0.314169,0.187430,0.118130,-0.083598,0.233846,0.283365,0.488506,0.316744,0.269109,0.236684,0.033191,-0.026131,0.148068,0.161610,-0.015766,-0.067662
0.061422,0.264050,0.131713,0.085030,-0.027856,0.203013,0.079634,0.078159,-0.012814,-0.088310,-0.050882,0.019538,0.005559,0.139694,0.194445,0.271886,0.432254,0.301740,0.115810,0.211454,0.016696,0.006558,0.176247,0.224300,0.040207,0.149755,0.048507,0.251145,0.250090,0.400752,0.276774,0.361642,0.384471,0.302418,0.122900,0.103485,0.377683,0.450825,0.467698,0.532659,0.518111,0.000000,0.411495,0.285683,0.225810,0.195123,0.264408,0.340611,0.074043,0.122318,0.314458,0.212960,0.362586,0.394121,0.445438,0.338573,0.093496,0.049081,0.056696,0.123534,-0.112981,-0.033665,0.179493,0.192164,-0.048572,0.017247,0.111378,0.149755,0.097396,0.047180,-0.042485,-0.039958,0.250656,0.313156,0.283403,0.215965,0.254544,0.162532,0.302657,0.293170,0.505858,0.428106,0.386452,0.452790,0.162727,0.199985,0.212284,0.337840,0.120727,0.076253
0.575113,0.735818,0.453984,0.303188,0.144725,0.306189,0.298326,0.128713,0.358113,-0.020049,0.168725,0.380052,0.072041,0.233229,0.515028,0.474834,0.520543,0.536597,0.406989,0.504039,-0.054794,0.070945,0.392282,0.369467,0.288300,0.302199,0.227741,0.213999,0.357833,0.330531,0.385907,0.453587,0.500477,0.458966,0.301185,0.165170,0.590546,0.423621,0.400027,0.207009,0.464055,0.411495,0.000000,1.418830,0.817175,0.819324,1.064194,1.055219,0.632044,0.468501,0.635362,0.506409,0.551784,0.504138,0.707228,0.477033,0.655001,0.575621,0.518828,0.539525,0.075468,0.089381,0.363152,0.355119,0.194208,0.096058,0.501784,0.542888,0.421879,0.242820,-0.035205,0.038190,0.528127,0.493591,0.623458,0.370708,0.561503,0.369817,0.436492,0.306737,0.674666,0.602877,0.528219,0.571764,0.556438,0.474050,0.385048,0.570280,0.361729,0.359899
0.490400,0.633454,0.368529,0.256482,0.156547,0.296156,0.290912,0.134935,0.312423,0.039835,0.200945,0.431781,0.149524,0.298218,0.530603,0.461760,0.434641,0.481085,0.329686,0.386366,-0.081371,0.066960,0.263980,0.263871,0.284482,0.260346,0.191664,0.103211,0.389049,0.329312,0.340409,0.312435,0.504029,0.462582,0.221488,0.149248,0.511549,0.368370,0.351571,0.194165,0.377207,0.285683,1.418830,0.000000,0.798263,0.808833,1.073814,1.161798,0.652960,0.503226,0.671384,0.534632,0.610315,0.454081,0.683918,0.538769,0.508913,0.493700,0.490615,0.402978,0.116608,0.131543,0.432006,0.396516,0.171529,0.087813,0.445881,0.538657,0.344900,0.187137,0.014381,0.064098,0.507668,0.556473,0.547719,0.381162,0.441564,0.338860,0.392057,0.343023,0.623889,0.570879,0.435965,0.504973,0.589819,0.528052,0.313442,0.477745,0.337386,0.409223
0.245265,0.396145,0.396183,0.345906,0.219040,0.481259,0.358126,0.253050,0.266905,-0.068260,-0.092561,0.193301,-0.090640,0.065565,0.169162,0.130122,0.368583,0.380372,0.129787,0.323606,0.058665,0.172182,0.358772,0.421852,0.287285,0.271894,0.308188,0.373438,0.237590,0.274410,0.522584,0.612241,0.693037,0.695730,0.416840,0.346460,0.259938,0.194358,0.243373,0.105743,0.250375,0.225810,0.817175,0.798263,0.000000,1.470787,0.708486,0.723187,0.551284,0.427396,0.790873,0.581546,0.381933,0.310646,0.501472,0.290232,0.508748,0.482451,0.466056,0.395573,0.216688,0.268907,0.335581,0.364929,0.275791,0.282081,0.802821,0.818307,0.302694,0.150344,-0.004805,0.048432,0.153013,0.283379,0.336301,0.339716,0.300337,0.267188,0.309613,0.156782,0.450351,0.472148,0.233923,0.349547,0.363678,0.368769,0.192717,0.411790,0.282884,0.316076
0.244488,0.456475,0.395270,0.494248,0.293348,0.572205,0.357346,0.371313,0.335983,0.098904,-0.038633,0.264063,-0.031135,0.156725,0.173889,0.235087,0.327693,0.327410,0.166234,0.378188,0.090258,0.236574,0.396679,0.458053,0.358723,0.360995,0.318518,0.378048,0.236602,0.245610,0.441460,0.573614,0.611979,0.666377,0.446291,0.452386,0.300487,0.175591,0.249350,0.113687,0.203364,0.195123,0.819324,0.808833,1.470787,0.000000,0.785014,0.782704,0.626500,0.611364,0.828393,0.668595,0.453119,0.417257,0.579532,0.308923,0.500249,0.477981,0.573526,0.396284,0.256298,0.359364,0.365878,0.444129,0.306496,0.436282,0.846665,0.905579,0.271232,0.217418,0.001800,0.002665,0.183925,0.240580,0.340453,0.375689,0.324328,0.284824,0.297304,0.048951,0.462673,0.420994,0.253255,0.391801,0.363032,0.457109,0.209350,0.444527,0.334133,0.385685
0.542006,0.723649,0.447099,0.370977,0.427055,0.431802,0.305437,0.229412,0.479190,0.125634,0.154806,0.349034,0.159952,0.241527,0.434376,0.459044,0.367421,0.370566,0.289654,0.503910,0.034050,0.102115,0.393541,0.364490,0.422700,0.345608,0.434390,0.285975,0.270445,0.231001,0.310839,0.257474,0.338143,0.377408,0.261690,0.249221,0.519084,0.341607,0.389580,0.169513,0.327225,0.264408,1.064194,1.073814,0.708486,0.785014,0.000000,1.187863,0.663660,0.611039,0.652560,0.519419,0.720077,0.673739,0.754402,0.513834,0.597384,0.621861,0.605031,0.489972,0.190556,0.154580,0.250361,0.302811,0.183748,0.160956,0.458545,0.457363,0.395325,0.278348,-0.017516,0.010732,0.335449,0.301860,0.422480,0.481099,0.392346,0.289837,0.291421,0.125758,0.504431,0.449640,0.405796,0.422760,0.356666,0.384904,0.312526,0.417373,0.429660,0.452130
0.524018,0.837928,0.429733,0.373757,0.232887,0.291048,0.363989,0.259187,0.349082,0.153415,0.217892,0.531162,0.206240,0.359177,0.435277,0.454732,0.488382,0.610653,0.369654,0.522126,-0.068540,0.092896,0.313938,0.334228,0.365591,0.308575,0.272703,0.086314,0.411335,0.407801,0.284276,0.310932,0.602512,0.609532,0.262919,0.257143,0.519675,0.368764,0.295371,0.181263,0.358958,0.340611,1.055219,1.161798,0.723187,0.782704,1.187863,0.000000,0.603533,0.567841,0.668007,0.541704,0.684771,0.633996,0.675648,0.589370,0.632103,0.619118,0.543934,0.375266,0.259606,0.265685,0.529367,0.512209,0.263111,0.224707,0.508149,0.533262,0.374333,0.307508,-0.031606,-0.001318,0.453044,0.439366,0.430407,0.380164,0.447705,0.381804,0.362078,0.344270,0.628928,0.585220,0.371586,0.503665,0.544038,0.543230,0.255308,0.452803,0.376146,0.435903
