0.000000,0.708522,0.138764,0.119247,-0.215242,0.047500,0.194085,-0.048726,-0.113884,-0.129832,0.385972,-0.002280,0.229337,-0.206236,0.085720,-0.041750,0.338920,0.118768,0.505435,0.487291,0.010745,-0.004272,-0.197885,-0.219969,-0.141552,-0.149292,0.256768,0.192860,0.137619,-0.046659,-0.320308,-0.271725,0.330829,0.203296,0.171561,0.294839,0.498140,0.320670,0.346266,0.362023,0.060855,0.119490,0.566653,0.424316,0.584553,0.511748,0.652379,0.555758,0.646642,0.647819,0.573298,0.592453,0.457158,0.475867,0.499331,0.387627,0.846061,0.623936,0.805626,0.652710,1.088724,0.819673,0.586971,0.514206,0.289097,0.433210,0.505267,0.356146,0.573719,0.390493,-0.261893,-0.374475,0.337719,0.123907,0.427327,0.296091,0.198028,0.143202,0.269257,-0.004803,0.285833,0.197479,0.088141,-0.058027,0.229161,0.153592,0.068082,0.152034,0.261773,0.447998
0.708522,0.000000,-0.105854,0.029787,-0.042082,0.157895,-0.031531,-0.077332,-0.018448,0.117251,0.201660,0.192155,0.162305,0.078034,0.058956,0.158184,0.415769,0.493642,0.347136,0.623593,0.036614,0.070986,-0.223532,-0.220869,-0.005280,0.035826,0.108360,0.030716,0.366204,0.295715,-0.120613,-0.076344,0.442906,0.489749,-0.008719,-0.014339,0.274087,0.317875,0.095974,0.209756,0.059188,0.202191,0.390613,0.302833,0.492500,0.488543,0.424632,0.381887,0.489647,0.397756,0.380876,0.358825,0.421519,0.358404,0.280646,0.200552,0.975115,1.600917,0.410691,0.551468,0.597212,0.463443,0.655102,0.758673,-0.078186,0.060252,0.449280,0.428583,0.837433,0.748816,0.074907,0.024756,0.348385,0.327196,0.305625,0.307786,0.223350,0.190706,0.526685,0.315732,0.633093,0.606344,0.205882,0.155298,0.253100,0.254117,0.163837,0.261948,-0.001360,0.197196
0.138764,-0.105854,0.000000,1.026555,0.361911,0.392321,1.230646,0.972896,0.387691,0.163871,0.209039,0.127490,0.301503,0.101351,0.336337,-0.137170,-0.165934,-0.486395,0.495794,0.081524,-0.195373,-0.046876,1.217433,1.063591,0.481018,0.334881,0.528522,0.321664,-0.286163,-0.456694,0.443066,0.446623,-0.042142,0.173674,0.328875,0.315152,0.066803,-0.349409,0.081162,-0.205883,-0.191956,-0.395432,-0.216849,-0.201820,-0.168119,-0.186247,-0.089568,-0.111183,-0.035938,-0.023980,0.079897,0.131837,0.020782,-0.021938,0.150230,-0.046877,-0.348077,-0.351067,-0.057469,-0.271639,-0.042734,-0.030215,-0.199916,-0.369859,0.321616,0.236951,-0.080304,-0.099349,-0.209661,-0.245914,-0.074766,-0.153320,-0.049296,-0.216478,0.025051,0.091696,-0.226565,-0.231123,-0.219291,-0.262681,-0.225277,-0.478987,-0.337202,-0.509911,0.091882,-0.225559,-0.536850,-0.352047,0.575909,0.046272
0.119247,0.029787,1.026555,0.000000,0.347567,0.333846,0.936209,0.969661,0.280972,0.175387,0.105545,0.199364,0.326807,0.217225,0.099354,-0.092502,-0.140278,-0.346419,0.406731,0.442866,-0.081604,-0.110453,1.008578,1.166728,0.325224,0.207000,0.303787,0.324191,-0.333330,-0.429717,0.464094,0.585105,0.156609,0.422930,0.140373,0.090547,-0.089106,-0.411101,-0.044961,-0.369130,-0.369004,-0.361684,-0.099435,-0.146224,-0.039002,-0.039469,-0.027244,-0.026740,0.100719,0.104114,0.128468,0.157266,0.028626,0.028189,0.180412,0.122619,-0.224579,-0.195847,0.019179,-0.046603,0.011794,0.000507,-0.179947,-0.287907,0.163127,0.196306,-0.006107,0.007286,-0.066999,-0.078198,0.003969,-0.112028,0.027590,-0.122931,0.123861,0.093423,-0.187775,-0.217068,-0.279977,-0.506007,-0.212493,-0.367815,-0.462443,-0.583008,0.039152,-0.275933,-0.532388,-0.459843,0.431464,-0.001145
-0.215242,-0.042082,0.361911,0.347567,0.000000,0.438660,0.584382,0.722457,1.306509,0.962734,0.200886,0.692148,0.769455,1.232314,0.588674,0.708600,-0.046015,0.151962,0.064984,-0.114119,0.264024,0.168075,0.720670,0.649276,0.740878,0.464468,0.491826,0.447171,0.292213,0.295637,0.910013,0.867863,0.095615,0.336814,0.016511,-0.089525,-0.389085,-0.202370,-0.501667,-0.298046,-0.132681,0.253475,-0.250982,-0.282795,-0.232249,-0.271346,-0.212510,-0.271413,-0.173889,-0.296844,-0.241253,-0.277283,-0.239370,-0.311841,-0.216524,-0.318310,-0.271505,-0.172786,-0.319483,-0.321629,-0.287660,-0.214544,-0.256429,-0.236537,0.037602,-0.006519,-0.262159,-0.172688,-0.265155,-0.095931,0.667976,0.754092,0.267595,0.338884,0.084801,0.121994,-0.101088,0.137415,-0.007043,0.170344,0.107474,-0.023051,0.251110,0.269332,0.036551,-0.065394,-0.284075,0.083737,0.166371,-0.134072
0.047500,0.157895,0.392321,0.333846,0.438660,0.000000,0.351565,0.538383,0.458250,0.697265,0.226890,0.337255,0.352899,0.328466,0.391456,0.298148,0.202210,0.166149,0.164382,0.016687,-0.057634,0.459986,0.450762,0.395243,0.804937,0.886496,0.411757,0.142182,0.331528,0.240328,0.379598,0.373943,0.033306,0.150363,0.145567,0.122899,0.084917,-0.022837,0.126751,0.067986,0.222699,0.087016,-0.070889,-0.015929,0.013213,0.017654,-0.024241,-0.029595,0.066757,0.005537,0.029976,0.095666,0.078550,0.019421,-0.057592,-0.104468,0.029021,0.020301,0.037541,-0.051883,0.030322,0.047123,0.190899,0.045492,0.082255,0.184799,0.040549,0.067184,0.093035,0.106345,0.396072,0.298986,0.293844,0.301931,0.143580,0.399903,0.107286,-0.001977,0.274325,0.207208,0.384857,0.208961,-0.087133,-0.035021,0.266223,0.068264,-0.221118,-0.084989,0.164883,-0.039772
0.194085,-0.031531,1.230646,0.936209,0.584382,0.351565,0.000000,1.202950,0.673985,0.410064,0.361577,0.444493,0.768558,0.395909,0.457715,0.110876,-0.029647,-0.202129,0.381649,0.104410,-0.017903,0.061092,1.050995,0.914764,0.589394,0.411666,0.478613,0.365634,-0.065863,-0.203884,0.663454,0.690358,0.167116,0.357735,0.228165,0.173577,-0.077817,-0.342049,-0.038475,-0.245788,-0.178218,-0.223180,-0.100289,-0.138103,-0.109349,-0.141403,-0.022088,-0.056367,-0.000297,-0.034703,0.041535,0.068482,-0.088548,-0.133741,0.163825,0.022168,-0.312880,-0.253197,0.006385,-0.148471,0.031294,0.076632,-0.197520,-0.259099,0.482951,0.368720,-0.055987,-0.082957,-0.241142,-0.201978,0.115779,0.043852,0.100641,0.025273,0.157947,0.181946,-0.211176,-0.185113,-0.231510,-0.314858,-0.186291,-0.330289,-0.171482,-0.274367,0.061041,-0.191424,-0.409281,-0.253929,0.588019,0.038570
-0.048726,-0.077332,0.972896,0.969661,0.722457,0.538383,1.202950,0.000000,0.740055,0.658421,0.247517,0.649698,0.582690,0.606900,0.415392,0.186583,-0.100178,-0.160307,0.206935,-0.063682,-0.078463,0.130994,1.328914,1.188990,0.751406,0.600451,0.347157,0.190166,-0.043655,-0.057596,0.923808,1.014097,0.043965,0.381172,0.075043,0.067361,-0.220787,-0.389865,-0.142043,-0.350313,-0.139163,-0.186341,-0.293448,-0.292845,-0.291836,-0.298740,-0.248369,-0.286756,-0.201535,-0.187131,-0.220271,-0.128596,-0.303230,-0.372593,-0.085842,-0.200496,-0.444650,-0.362933,-0.211443,-0.290278,-0.224623,-0.024444,-0.373883,-0.384639,0.231081,0.314418,-0.302454,-0.249944,-0.333882,-0.270375,0.372143,0.302219,0.060104,0.098312,0.086244,0.227080,-0.246817,-0.213845,-0.266535,-0.154746,-0.194678,-0.322636,-0.242453,-0.243853,-0.057897,-0.329581,-0.508879,-0.265520,0.427588,-0.170636
-0.113884,-0.018448,0.387691,0.280972,1.306509,0.458250,0.673985,0.740055,0.000000,1.231382,0.255613,0.725706,0.893337,1.030193,0.689525,0.639532,0.047451,0.169916,0.082517,-0.157890,0.092386,0.260826,0.639360,0.525370,0.954189,0.677166,0.423236,0.283710,0.407477,0.374637,0.916755,0.854755,0.120114,0.322391,-0.033498,-0.133919,-0.260603,-0.146137,-0.346783,-0.179516,0.008369,0.169872,-0.153478,-0.210091,-0.183597,-0.236979,-0.167272,-0.223092,-0.149126,-0.269679,-0.171705,-0.193633,-0.174500,-0.302498,-0.166306,-0.283018,-0.259641,-0.172864,-0.232644,-0.287925,-0.186009,-0.149067,-0.137268,-0.183862,0.186782,0.076835,-0.228172,-0.204702,-0.240688,-0.104003,0.708467,0.744773,0.226289,0.323970,0.042054,0.118362,-0.149888,0.019386,-0.002788,0.200567,0.072879,-0.012466,0.235424,0.277251,0.015236,-0.076213,-0.179647,0.146041,0.159880,-0.157576
-0.129832,0.117251,0.163871,0.175387,0.962734,0.697265,0.410064,0.658421,1.231382,0.000000,0.218912,0.864650,0.737364,1.070766,0.589780,0.822596,0.181452,0.430295,-0.035351,-0.162372,0.077562,0.392801,0.431271,0.352612,1.014898,0.892013,0.281773,0.102346,0.592323,0.688426,0.766107,0.781246,0.143698,0.360287,-0.038086,-0.141596,-0.198519,-0.007854,-0.228967,-0.056443,0.221242,0.292659,-0.059198,-0.061034,-0.057894,-0.077278,-0.100236,-0.128300,-0.055178,-0.131536,-0.114243,-0.086153,-0.113027,-0.230692,-0.148785,-0.205204,-0.120286,-0.010689,-0.154250,-0.143718,-0.114807,-0.020010,-0.013604,0.034100,0.094338,0.159553,-0.128256,-0.061630,-0.129836,0.032691,0.927202,0.935155,0.332647,0.561075,0.087031,0.249276,0.011306,0.113147,0.139778,0.373740,0.249613,0.262251,0.237358,0.424750,0.089583,0.040004,-0.014827,0.234618,0.079059,-0.106034
0.385972,0.201660,0.209039,0.105545,0.200886,0.226890,0.361577,0.247517,0.255613,0.218912,0.000000,0.622067,0.802825,0.325577,0.900788,0.496247,0.579599,0.299471,0.584430,0.263876,0.368042,0.385275,0.214245,0.167074,0.239207,0.222801,0.429341,0.354810,0.310276,0.119964,0.187565,0.211838,0.317936,0.280683,0.281287,0.311286,0.102483,0.029373,0.114635,0.130906,0.044504,0.122093,0.163306,0.010573,-0.023632,-0.046400,0.138378,0.043044,0.001483,-0.068052,0.078977,0.067870,-0.014459,-0.062977,0.206601,0.193519,0.136203,0.065830,0.017240,0.033421,0.162831,0.163378,0.158104,0.033769,0.647517,0.468587,0.107269,0.050732,0.108013,0.167296,0.163293,0.060904,0.306862,0.251074,0.439153,0.311786,0.065654,-0.001729,0.198607,-0.066845,0.446401,0.261018,0.270243,0.194528,0.698214,0.403872,0.073435,0.089490,0.711474,0.418769
-0.002280,0.192155,0.127490,0.199364,0.692148,0.337255,0.444493,0.649698,0.725706,0.864650,0.622067,0.000000,0.937796,1.207999,0.706841,0.837293,0.265577,0.522191,0.084667,-0.007239,0.216871,0.329557,0.407800,0.337076,0.630623,0.558756,0.279881,0.211568,0.470213,0.522563,0.796212,0.880471,0.432042,0.606120,-0.068328,-0.076207,-0.302010,-0.142440,-0.294373,-0.193128,-0.015817,0.146668,-0.048528,-0.153567,-0.180040,-0.196321,-0.119340,-0.205765,-0.163686,-0.240033,-0.187450,-0.168339,-0.265881,-0.386489,-0.084527,-0.078361,-0.173247,0.017276,-0.179717,-0.040334,-0.132552,0.131226,-0.169302,0.027205,0.329929,0.352951,-0.146592,-0.114045,-0.175524,-0.001965,0.956262,0.851181,0.173514,0.472134,0.162189,0.231146,-0.012640,0.025402,0.036611,0.079414,0.162022,0.197434,0.185638,0.329107,0.116990,0.089805,-0.037381,0.144943,0.270154,-0.033454
0.229337,0.162305,0.301503,0.326807,0.769455,0.352899,0.768558,0.582690,0.893337,0.737364,0.802825,0.937796,0.000000,0.889249,0.772529,0.722883,0.369216,0.362341,0.227534,0.153463,0.348618,0.318262,0.436666,0.365713,0.596484,0.449134,0.475055,0.443187,0.479006,0.304444,0.624629,0.687187,0.443390,0.526495,0.084411,0.024865,-0.158381,-0.065677,-0.179208,-0.087317,-0.030079,0.204496,0.164356,0.012117,0.044864,0.004220,0.128201,0.058406,0.116267,-0.017197,0.102053,0.051257,-0.018242,-0.099658,0.161792,0.093276,-0.005834,0.040494,0.078489,0.045926,0.184768,0.169456,0.072208,0.066704,0.517359,0.378756,0.082205,0.036756,-0.034759,0.124271,0.466871,0.395222,0.408955,0.445884,0.354577,0.288624,0.001205,0.062762,0.091219,-0.058379,0.286713,0.162208,0.275298,0.261998,0.321893,0.165097,-0.074496,0.068432,0.411043,0.144735
-0.206236,0.078034,0.101351,0.217225,1.232314,0.328466,0.395909,0.606900,1.030193,1.070766,0.325577,1.207999,0.889249,0.000000,0.581163,0.983890,0.116488,0.454017,-0.038353,-0.084277,0.324696,0.243064,0.509364,0.474808,0.661814,0.479130,0.287357,0.305564,0.488879,0.553202,0.992583,1.087318,0.307277,0.531852,-0.132703,-0.232305,-0.459292,-0.148088,-0.528255,-0.296836,-0.097195,0.295694,-0.115721,-0.191480,-0.187743,-0.217235,-0.165721,-0.224012,-0.177097,-0.321585,-0.235460,-0.303335,-0.229709,-0.329306,-0.178123,-0.186944,-0.205077,-0.044811,-0.320531,-0.204500,-0.243651,-0.144240,-0.172419,-0.035679,0.074576,0.005197,-0.229212,-0.164110,-0.229251,-0.014978,0.997802,1.099075,0.249863,0.492333,0.113422,0.142122,-0.011863,0.176998,0.056097,0.208955,0.195676,0.179575,0.279530,0.406785,0.100499,0.049170,-0.128330,0.141247,0.115418,-0.142179
0.085720,0.058956,0.336337,0.099354,0.588674,0.391456,0.457715,0.415392,0.689525,0.589780,0.900788,0.706841,0.772529,0.581163,0.000000,0.902560,0.468154,0.322924,0.444893,0.049095,0.380808,0.578237,0.419766,0.318337,0.677792,0.605435,0.685574,0.438289,0.551204,0.368760,0.478977,0.427052,0.286762,0.313801,0.463297,0.373701,0.105089,0.091838,-0.000062,0.167484,0.201590,0.220329,0.008049,-0.034131,-0.084077,-0.112857,0.028468,-0.028286,-0.044315,-0.194555,0.034102,0.021455,-0.057486,-0.136131,0.121403,0.059359,-0.077058,-0.072897,-0.149299,-0.179608,-0.061484,-0.025627,0.044360,-0.049712,0.610090,0.376680,0.066274,0.061039,-0.000730,0.164128,0.494153,0.422373,0.423501,0.458307,0.347792,0.355321,0.173308,0.176476,0.215704,0.135143,0.356214,0.223358,0.436615,0.383081,0.564620,0.383332,0.056841,0.192918,0.570026,0.296967
-0.041750,0.158184,-0.137170,-0.092502,0.708600,0.298148,0.110876,0.186583,0.639532,0.822596,0.496247,0.837293,0.722883,0.983890,0.902560,0.000000,0.507216,0.821384,0.096483,0.051326,0.579819,0.516087,0.095072,0.073653,0.460671,0.430974,0.339742,0.345117,0.885386,0.926563,0.414913,0.416266,0.405598,0.435614,0.153124,0.031042,-0.047288,0.278571,-0.235571,0.185565,0.237154,0.660887,0.204842,0.156604,0.126447,0.121319,0.156262,0.125995,0.121990,-0.027397,0.075786,0.032920,0.035401,-0.021348,0.103107,0.155246,0.064741,0.138321,-0.094919,0.007694,-0.017911,0.021835,0.129135,0.203157,0.217379,0.196452,0.123422,0.197427,0.047692,0.330437,0.786124,0.832299,0.508747,0.827897,0.305153,0.269296,0.362438,0.498916,0.333193,0.384409,0.522466,0.595399,0.711145,0.885953,0.402780,0.550859,0.264255,0.473636,0.161224,0.305058
0.338920,0.415769,-0.165934,-0.140278,-0.046015,0.202210,-0.029647,-0.100178,0.047451,0.181452,0.579599,0.265577,0.369216,0.116488,0.468154,0.507216,0.000000,0.903331,0.296409,0.358555,0.284290,0.427240,-0.218417,-0.223440,0.169052,0.281271,0.100993,0.014008,0.802111,0.553607,-0.069916,-0.078464,0.454599,0.306149,0.322810,0.166374,0.292774,0.390473,0.223903,0.455507,0.273679,0.321650,0.561276,0.524728,0.509148,0.510063,0.477983,0.509743,0.473785,0.325063,0.380565,0.366482,0.325020,0.243262,0.356804,0.456924,0.470228,0.449416,0.340064,0.373992,0.467312,0.396633,0.741358,0.640237,0.353856,0.418445,0.516147,0.509647,0.423220,0.641986,0.235800,0.120310,0.555994,0.548178,0.491763,0.434787,0.486312,0.256232,0.619219,0.192139,0.709556,0.804882,0.353589,0.355663,0.517222,0.584255,0.261161,0.157947,0.189784,0.449025
0.118768,0.493642,-0.486395,-0.346419,0.151962,0.166149,-0.202129,-0.160307,0.169916,0.430295,0.299471,0.522191,0.362341,0.454017,0.322924,0.821384,0.903331,0.000000,-0.064395,0.130753,0.311778,0.415627,-0.330772,-0.347728,0.232935,0.317663,-0.058395,-0.080335,1.060489,1.263409,0.111488,0.109465,0.503069,0.414460,0.058198,-0.063148,0.029709,0.421573,-0.042608,0.296906,0.394692,0.604287,0.483434,0.463414,0.471634,0.459366,0.321831,0.362846,0.346283,0.206272,0.180693,0.144369,0.164878,0.105352,0.097559,0.261244,0.432371,0.602117,0.197891,0.352323,0.295440,0.328710,0.451773,0.790444,0.088895,0.192940,0.335906,0.383983,0.269402,0.530633,0.652918,0.642517,0.462648,0.853289,0.296158,0.353556,0.526943,0.454870,0.635354,0.489955,0.690167,1.178120,0.427131,0.710786,0.298281,0.593941,0.413298,0.390766,-0.135484,0.221395
0.505435,0.347136,0.495794,0.406731,0.064984,0.164382,0.381649,0.206935,0.082517,-0.035351,0.584430,0.084667,0.227534,-0.038353,0.444893,0.096483,0.296409,-0.064395,0.000000,0.763429,0.133022,0.106527,0.316672,0.319903,0.044279,0.000180,0.540981,0.458718,-0.039754,-0.238461,-0.005774,0.005942,0.323464,0.350669,0.390743,0.407522,0.284629,0.050018,0.129387,0.106112,-0.151257,-0.050859,0.157079,0.056796,0.119549,0.068681,0.258733,0.166854,0.143070,0.063664,0.228669,0.249552,0.211287,0.199508,0.280910,0.211527,0.272325,0.178819,0.003599,-0.041814,0.165366,0.017861,0.210978,-0.087362,0.305276,0.228339,0.229396,0.198700,0.488331,0.369605,-0.176105,-0.254633,0.246527,0.018909,0.419959,0.275943,0.078083,0.075059,0.257033,-0.061974,0.282532,0.089195,0.065503,-0.113161,0.444416,0.209736,-0.127279,0.000122,0.595630,0.436232
0.487291,0.623593,0.081524,0.442866,-0.114119,0.016687,0.104410,-0.063682,-0.157890,-0.162372,0.263876,-0.007239,0.153463,-0.084277,0.049095,0.051326,0.358555,0.130753,0.763429,0.000000,0.181093,-0.051144,-0.028665,0.078549,-0.158843,-0.159156,0.210342,0.351725,-0.022913,-0.160290,-0.166922,-0.066001,0.581441,0.552646,0.208046,0.162148,0.304189,0.100265,0.147661,0.107541,-0.254224,-0.061456,0.397080,0.225727,0.391259,0.386091,0.443617,0.421534,0.465753,0.340332,0.509031,0.442668,0.435114,0.444226,0.512111,0.610774,0.543982,0.536995,0.275739,0.363063,0.387511,0.131111,0.438616,0.215655,0.132439,0.110097,0.551158,0.527274,0.837808,0.730565,-0.180413,-0.307318,0.228214,0.051436,0.357925,0.156297,0.218536,0.116518,0.295060,-0.283101,0.325380,0.288134,-0.017128,-0.150377,0.377459,0.278947,0.058301,-0.047165,0.317034,0.455083
0.010745,0.036614,-0.195373,-0.081604,0.264024,-0.057634,-0.017903,-0.078463,0.092386,0.077562,0.368042,0.216871,0.348618,0.324696,0.380808,0.579819,0.284290,0.311778,0.133022,0.181093,0.000000,0.504304,-0.063965,-0.040601,0.030759,0.025517,0.301053,0.539307,0.410080,0.254812,0.211987,0.146740,0.369209,0.171122,0.210992,0.074050,-0.071166,0.136479,-0.194109,0.093538,-0.045482,0.388878,0.151083,0.085184,0.110067,0.112595,0.202154,0.168184,0.073553,-0.060374,0.058534,-0.028280,0.039101,0.002574,0.128891,0.211363,0.165476,0.107118,-0.082445,-0.012729,-0.011803,-0.113266,0.035493,0.043244,0.192401,0.052812,0.185101,0.208444,0.150562,0.264473,0.157121,0.184649,0.382678,0.401730,0.353940,0.212649,0.258923,0.329785,0.232753,-0.043695,0.304047,0.225856,0.507125,0.403031,0.314116,0.318384,0.071778,0.029595,0.143222,0.212996
-0.004272,0.070986,-0.046876,-0.110453,0.168075,0.459986,0.061092,0.130994,0.260826,0.392801,0.385275,0.329557,0.318262,0.243064,0.578237,0.516087,0.427240,0.415627,0.106527,-0.051144,0.504304,0.000000,0.005925,-0.036465,0.547060,0.717622,0.133766,0.012523,0.679404,0.573460,0.306903,0.191934,0.236309,0.052078,0.312054,0.262420,0.220374,0.255221,0.296296,0.420492,0.575942,0.349558,0.044687,0.095914,0.119223,0.094688,0.028845,0.089608,0.033847,-0.105032,-0.026529,0.006599,-0.022125,-0.076626,-0.000550,0.118904,0.084990,0.090983,-0.015183,-0.047899,-0.014114,0.019478,0.161375,0.135985,0.277076,0.221172,0.150707,0.111752,0.147926,0.221211,0.428371,0.373483,0.451340,0.599606,0.280824,0.570740,0.349918,0.140523,0.302532,0.148966,0.304744,0.333938,0.198051,0.277950,0.251083,0.263326,0.166973,0.010704,0.094896,0.077839
-0.197885,-0.223532,1.217433,1.008578,0.720670,0.450762,1.050995,1.328914,0.639360,0.431271,0.214245,0.407800,0.436666,0.509364,0.419766,0.095072,-0.218417,-0.330772,0.316672,-0.028665,-0.063965,0.005925,0.000000,2.081904,0.672393,0.467229,0.456163,0.343425,-0.203146,-0.278165,0.908588,0.972514,0.001465,0.286047,0.121405,0.075917,-0.320757,-0.558349,-0.241862,-0.516035,-0.301870,-0.310603,-0.421151,-0.425800,-0.418111,-0.438485,-0.339646,-0.388481,-0.299591,-0.337874,-0.218542,-0.203965,-0.238866,-0.291608,-0.118857,-0.249487,-0.543640,-0.493948,-0.395616,-0.504515,-0.383112,-0.315754,-0.437109,-0.563290,0.150551,0.041243,-0.340249,-0.297747,-0.378812,-0.304386,0.242468,0.190954,-0.088161,-0.122098,-0.037518,0.015654,-0.324775,-0.261306,-0.288234,-0.227413,-0.217649,-0.442709,-0.316910,-0.372392,0.054162,-0.285547,-0.627487,-0.382044,0.460133,-0.181294
-0.219969,-0.220869,1.063591,1.166728,0.649276,0.395243,0.914764,1.188990,0.525370,0.352612,0.167074,0.337076,0.365713,0.474808,0.318337,0.073653,-0.223440,-0.347728,0.319903,0.078549,-0.040601,-0.036465,2.081904,0.000000,0.534595,0.365592,0.367765,0.341741,-0.264264,-0.324049,0.824423,0.926197,-0.006586,0.291110,0.088157,0.037808,-0.318809,-0.564563,-0.244190,-0.541566,-0.368908,-0.318648,-0.410995,-0.434084,-0.399586,-0.410257,-0.337544,-0.369756,-0.269733,-0.301824,-0.184187,-0.190687,-0.200811,-0.223589,-0.069073,-0.162030,-0.505469,-0.477644,-0.386781,-0.467230,-0.384406,-0.363849,-0.404515,-0.569463,0.087323,-0.020358,-0.324506,-0.271988,-0.335892,-0.264014,0.186981,0.142190,-0.112260,-0.162414,-0.040165,-0.029206,-0.296518,-0.242850,-0.311005,-0.291102,-0.226767,-0.420331,-0.340284,-0.410936,0.062820,-0.273239,-0.591032,-0.403785,0.469602,-0.141069
-0.141552,-0.005280,0.481018,0.325224,0.740878,0.804937,0.589394,0.751406,0.954189,1.014898,0.239207,0.630623,0.596484,0.661814,0.677792,0.460671,0.169052,0.232935,0.044279,-0.158843,0.030759,0.547060,0.672393,0.534595,0.000000,1.607845,0.382314,0.093156,0.447667,0.398819,1.004332,0.887365,0.184288,0.301372,0.175108,0.057765,-0.102192,-0.211936,-0.031731,-0.059631,0.239816,0.014488,-0.217355,-0.157253,-0.144781,-0.193821,-0.228096,-0.207320,-0.137890,-0.266275,-0.140580,-0.130143,-0.141442,-0.297444,-0.237889,-0.234516,-0.234445,-0.161572,-0.165142,-0.252899,-0.162559,-0.088945,-0.093343,-0.088713,0.220031,0.133146,-0.111569,-0.123101,-0.191243,-0.069071,0.812721,0.665123,0.171312,0.334444,-0.020273,0.252322,-0.083083,-0.145748,0.148749,0.113230,0.075402,0.031433,-0.117065,0.031616,0.109453,-0.049075,-0.197703,-0.128345,0.143196,-0.212969
-0.149292,0.035826,0.334881,0.207000,0.464468,0.886496,0.411666,0.600451,0.677166,0.892013,0.222801,0.558756,0.449134,0.479130,0.605435,0.430974,0.281271,0.317663,0.000180,-0.159156,0.025517,0.717622,0.467229,0.365592,1.607845,0.000000,0.259639,-0.028073,0.575078,0.485564,0.808512,0.690420,0.212369,0.262229,0.191219,0.085658,0.004612,-0.128038,0.076290,0.056920,0.348118,0.000645,-0.120198,-0.044008,-0.059289,-0.081879,-0.126874,-0.098169,-0.079354,-0.202070,-0.102060,-0.065798,-0.083520,-0.244559,-0.145294,-0.140680,-0.183522,-0.085576,-0.104228,-0.185746,-0.136632,-0.042150,0.007074,0.004618,0.210470,0.175965,-0.020761,-0.022335,-0.113815,0.020762,0.745093,0.597712,0.139979,0.373786,-0.012223,0.308646,0.033471,-0.131891,0.202349,0.141563,0.122439,0.116844,-0.085346,0.047842,0.122769,0.001461,-0.072337,-0.113131,0.101283,-0.196155
0.256768,0.108360,0.528522,0.303787,0.491826,0.411757,0.478613,0.347157,0.423236,0.281773,0.429341,0.279881,0.475055,0.287357,0.685574,0.339742,0.100993,-0.058395,0.540981,0.210342,0.301053,0.133766,0.456163,0.367765,0.382314,0.259639,0.000000,1.265170,0.116706,-0.108424,0.286497,0.254830,0.226747,0.286612,0.388687,0.338089,0.078958,-0.061455,-0.166442,-0.028290,-0.135382,0.043975,0.030420,-0.074358,-0.000986,-0.030873,0.129506,0.005847,0.095221,-0.018679,0.131184,0.112556,0.105088,0.048895,0.108135,-0.053975,0.034432,-0.009420,-0.016893,-0.108924,0.041667,-0.046511,0.002184,-0.145857,0.252950,0.174699,0.144890,0.135482,0.163094,0.131341,0.157520,0.083287,0.341124,0.101956,0.305986,0.190032,0.052709,0.169979,0.120908,-0.029067,0.213250,-0.062907,0.252289,0.093897,0.329609,0.117159,-0.321450,0.087512,0.444224,0.211550
0.192860,0.030716,0.321664,0.324191,0.447171,0.142182,0.365634,0.190166,0.283710,0.102346,0.354810,0.211568,0.443187,0.305564,0.438289,0.345117,0.014008,-0.080335,0.458718,0.351725,0.539307,0.012523,0.343425,0.341741,0.093156,-0.028073,1.265170,0.000000,0.019218,-0.218968,0.222310,0.217022,0.347633,0.326540,0.314456,0.219518,-0.050425,-0.092163,-0.308141,-0.139403,-0.367009,0.087806,0.077150,-0.099394,0.028452,0.002795,0.175902,0.049425,0.131661,-0.001790,0.184554,0.096331,0.172346,0.170682,0.228781,0.126974,0.054964,-0.001200,-0.038362,-0.069037,0.033443,-0.124750,-0.037308,-0.177378,0.210422,0.082351,0.188783,0.192397,0.144183,0.148192,0.024193,0.001595,0.247893,0.017283,0.294505,0.008735,0.104071,0.282955,0.031489,-0.189998,0.151609,-0.104854,0.322091,0.087075,0.296095,0.146640,-0.288649,0.048148,0.392961,0.273771
0.137619,0.366204,-0.286163,-0.333330,0.292213,0.331528,-0.065863,-0.043655,0.407477,0.592323,0.310276,0.470213,0.479006,0.488879,0.551204,0.885386,0.802111,1.060489,-0.039754,-0.022913,0.410080,0.679404,-0.203146,-0.264264,0.447667,0.575078,0.116706,0.019218,0.000000,1.281946,0.250174,0.181315,0.419532,0.295458,0.152630,0.012229,0.157119,0.434545,-0.011658,0.367247,0.430414,0.611651,0.374158,0.393459,0.403612,0.383759,0.324429,0.341898,0.329548,0.125533,0.194197,0.128690,0.213940,0.092808,0.133881,0.138712,0.349030,0.447441,0.193721,0.205729,0.277161,0.265648,0.547713,0.636041,0.214201,0.199493,0.347616,0.347894,0.227284,0.436621,0.616944,0.619939,0.494848,0.836211,0.241489,0.357699,0.498255,0.440222,0.594370,0.550207,0.672965,0.763910,0.616356,0.713658,0.324053,0.451175,0.330470,0.343558,-0.084324,0.120147
-0.046659,0.295715,-0.456694,-0.429717,0.295637,0.240328,-0.203884,-0.057596,0.374637,0.688426,0.119964,0.522563,0.304444,0.553202,0.368760,0.926563,0.553607,1.263409,-0.238461,-0.160290,0.254812,0.573460,-0.278165,-0.324049,0.398819,0.485564,-0.108424,-0.218968,1.281946,0.000000,0.226810,0.200209,0.282378,0.265314,0.005316,-0.093913,0.064476,0.500194,-0.042471,0.382760,0.588766,0.742841,0.247864,0.333421,0.297900,0.290926,0.135851,0.208143,0.181440,0.078088,0.030975,0.025530,0.054458,-0.030714,-0.053329,0.067358,0.226320,0.370727,0.070176,0.174789,0.113306,0.224045,0.306231,0.589764,0.015990,0.124326,0.175710,0.229004,0.116101,0.322288,0.849180,0.919704,0.406441,0.913162,0.113822,0.306310,0.461976,0.470039,0.496177,0.720620,0.532418,0.933144,0.524906,0.936653,0.164413,0.472455,0.475329,0.538787,-0.242734,0.090950
-0.320308,-0.120613,0.443066,0.464094,0.910013,0.379598,0.663454,0.923808,0.916755,0.766107,0.187565,0.796212,0.624629,0.992583,0.478977,0.414913,-0.069916,0.111488,-0.005774,-0.166922,0.211987,0.306903,0.908588,0.824423,1.004332,0.808512,0.286497,0.222310,0.250174,0.226810,0.000000,1.842818,0.225923,0.398284,-0.069889,-0.175003,-0.479807,-0.469255,-0.419103,-0.462090,-0.134427,-0.077040,-0.365118,-0.380008,-0.386126,-0.442563,-0.396252,-0.413495,-0.389945,-0.524466,-0.393844,-0.445121,-0.382551,-0.537455,-0.333438,-0.325686,-0.461804,-0.300573,-0.450116,-0.445966,-0.417745,-0.295656,-0.448921,-0.327408,0.128103,-0.038575,-0.378532,-0.358295,-0.393339,-0.252816,0.805335,0.783051,-0.035453,0.165840,-0.078418,0.061975,-0.250074,-0.173492,-0.101999,-0.049243,-0.135913,-0.181787,-0.097349,-0.008679,-0.070389,-0.233562,-0.379232,-0.223864,0.109948,-0.391955
-0.271725,-0.076344,0.446623,0.585105,0.867863,0.373943,0.690358,1.014097,0.854755,0.781246,0.211838,0.880471,0.687187,1.087318,0.427052,0.416266,-0.078464,0.109465,0.005942,-0.066001,0.146740,0.191934,0.972514,0.926197,0.887365,0.690420,0.254830,0.217022,0.181315,0.200209,1.842818,0.000000,0.286547,0.555281,-0.111296,-0.177490,-0.482130,-0.445925,-0.440146,-0.507885,-0.188182,-0.087750,-0.321018,-0.358541,-0.361199,-0.400170,-0.352828,-0.374834,-0.328120,-0.438624,-0.314204,-0.366848,-0.324687,-0.472489,-0.251869,-0.234274,-0.430408,-0.274927,-0.398363,-0.358768,-0.364997,-0.249626,-0.409123,-0.296742,0.108642,-0.019846,-0.323534,-0.297207,-0.348650,-0.208589,0.768357,0.710055,-0.040819,0.164113,-0.062366,0.048433,-0.241647,-0.173024,-0.124396,-0.090896,-0.105411,-0.144191,-0.155032,-0.038918,-0.018406,-0.191552,-0.372829,-0.205259,0.160949,-0.310604
0.330829,0.442906,-0.042142,0.156609,0.095615,0.033306,0.167116,0.043965,0.120114,0.143698,0.317936,0.432042,0.443390,0.307277,0.286762,0.405598,0.454599,0.503069,0.323464,0.581441,0.369209,0.236309,0.001465,-0.006586,0.184288,0.212369,0.226747,0.347633,0.419532,0.282378,0.225923,0.286547,0.000000,1.149789,0.223893,0.127015,0.079718,0.093622,-0.075728,0.091502,-0.056739,0.144402,0.445170,0.340648,0.432974,0.359730,0.469757,0.418531,0.402067,0.147421,0.365927,0.249944,0.314785,0.201368,0.336822,0.473305,0.289882,0.432188,0.226535,0.305959,0.293043,0.252533,0.269122,0.389696,0.281801,0.213811,0.590121,0.495496,0.415742,0.555927,0.299927,0.170864,0.225776,0.354993,0.268095,0.155947,0.253271,0.164541,0.364741,-0.137106,0.304080,0.343776,0.135191,0.124980,0.304033,0.331632,0.067073,0.033329,0.117632,0.191718
0.203296,0.489749,0.173674,0.422930,0.336814,0.150363,0.357735,0.381172,0.322391,0.360287,0.280683,0.606120,0.526495,0.531852,0.313801,0.435614,0.306149,0.414460,0.350669,0.552646,0.171122,0.052078,0.286047,0.291110,0.301372,0.262229,0.286612,0.326540,0.295458,0.265314,0.398284,0.555281,1.149789,0.000000,0.147077,0.094941,-0.023775,0.020172,-0.263879,-0.093777,-0.121562,0.126369,0.253848,0.178240,0.259953,0.236839,0.273963,0.222708,0.277533,0.099669,0.241490,0.170508,0.194376,0.060670,0.220512,0.246224,0.135718,0.343464,0.084838,0.158387,0.138567,0.154960,0.126355,0.241207,0.160499,0.173961,0.371815,0.390824,0.272258,0.397979,0.385312,0.279628,0.204278,0.371412,0.235330,0.162589,0.117635,0.148003,0.271370,-0.016724,0.311256,0.310066,0.083180,0.109687,0.297081,0.248424,-0.065083,0.071486,0.183147,0.128372
0.171561,-0.008719,0.328875,0.140373,0.016511,0.145567,0.228165,0.075043,-0.033498,-0.038086,0.281287,-0.068328,0.084411,-0.132703,0.463297,0.153124,0.322810,0.058198,0.390743,0.208046,0.210992,0.312054,0.121405,0.088157,0.175108,0.191219,0.388687,0.314456,0.152630,0.005316,-0.069889,-0.111296,0.223893,0.147077,0.000000,1.190686,0.480090,0.297776,0.435479,0.404344,0.241219,0.078387,0.175834,0.256249,0.327433,0.321349,0.260449,0.332224,0.313887,0.214822,0.368816,0.431213,0.244647,0.282310,0.387849,0.373027,0.167801,0.052644,0.142976,-0.015105,0.232476,0.124459,0.224134,0.082785,0.629546,0.508422,0.574001,0.590562,0.235153,0.238546,-0.171430,-0.216914,0.313424,0.132016,0.276431,0.291271,0.504217,0.385751,0.245934,0.007139,0.223953,0.142020,0.128716,0.019444,0.563506,0.431789,0.086661,-0.034360,0.460980,0.511321
0.294839,-0.014339,0.315152,0.090547,-0.089525,0.122899,0.173577,0.067361,-0.133919,-0.141596,0.311286,-0.076207,0.024865,-0.232305,0.373701,0.031042,0.166374,-0.063148,0.407522,0.162148,0.074050,0.262420,0.075917,0.037808,0.057765,0.085658,0.338089,0.219518,0.012229,-0.093913,-0.175003,-0.177490,0.127015,0.094941,1.190686,0.000000,0.599021,0.358739,0.500153,0.412305,0.288269,0.022834,0.176000,0.212780,0.252580,0.249753,0.242900,0.274538,0.256088,0.209114,0.296760,0.384796,0.127336,0.193045,0.320882,0.320527,0.158246,0.014770,0.186024,-0.008344,0.208078,0.172899,0.120448,0.004574,0.506053,0.467348,0.440142,0.436950,0.211325,0.120976,-0.216048,-0.287400,0.242688,0.067643,0.313999,0.345566,0.477235,0.324765,0.147511,-0.017060,0.146917,0.057652,0.027050,-0.054213,0.451547,0.329688,0.063646,0.021066,0.464576,0.502667
0.498140,0.274087,0.066803,-0.089106,-0.389085,0.084917,-0.077817,-0.220787,-0.260603,-0.198519,0.102483,-0.302010,-0.158381,-0.459292,0.105089,-0.047288,0.292774,0.029709,0.284629,0.304189,-0.071166,0.220374,-0.320757,-0.318809,-0.102192,0.004612,0.078958,-0.050425,0.157119,0.064476,-0.479807,-0.482130,0.079718,-0.023775,0.480090,0.599021,0.000000,0.770391,0.916551,1.060473,0.477337,0.157102,0.376286,0.462764,0.472991,0.471238,0.475093,0.566715,0.508460,0.497735,0.594883,0.686900,0.528454,0.527021,0.629176,0.601390,0.426620,0.311614,0.467313,0.295732,0.485179,0.378124,0.609075,0.392518,0.227586,0.332182,0.607936,0.496695,0.505360,0.354616,-0.286601,-0.355688,0.245958,0.106479,0.219842,0.260729,0.604066,0.366176,0.355369,0.152116,0.279009,0.295580,0.202343,0.072720,0.321539,0.445641,0.367550,0.235573,0.178863,0.664560
0.320670,0.317875,-0.349409,-0.411101,-0.202370,-0.022837,-0.342049,-0.389865,-0.146137,-0.007854,0.029373,-0.142440,-0.065677,-0.148088,0.091838,0.278571,0.390473,0.421573,0.050018,0.100265,0.136479,0.255221,-0.558349,-0.564563,-0.211936,-0.128038,-0.061455,-0.092163,0.434545,0.500194,-0.469255,-0.445925,0.093622,0.020172,0.297776,0.358739,0.770391,0.000000,0.414398,1.124483,0.684664,0.789579,0.588740,0.684385,0.638111,0.678615,0.515728,0.657543,0.595421,0.596929,0.499828,0.604543,0.454108,0.533857,0.400910,0.455952,0.545247,0.471246,0.449777,0.415367,0.502326,0.384745,0.598363,0.637754,0.021146,0.198807,0.595084,0.609386,0.520411,0.499491,-0.054064,-0.019941,0.531871,0.508053,0.375274,0.355007,0.822528,0.887435,0.400563,0.578549,0.537414,0.701767,0.660169,0.657744,0.330740,0.779339,0.592121,0.687532,-0.184370,0.679821
0.346266,0.095974,0.081162,-0.044961,-0.501667,0.126751,-0.038475,-0.142043,-0.346783,-0.228967,0.114635,-0.294373,-0.179208,-0.528255,-0.000062,-0.235571,0.223903,-0.042608,0.129387,0.147661,-0.194109,0.296296,-0.241862,-0.244190,-0.031731,0.076290,-0.166442,-0.308141,-0.011658,-0.042471,-0.419103,-0.440146,-0.075728,-0.263879,0.435479,0.500153,0.916551,0.414398,0.000000,0.800776,0.530550,-0.061731,0.170167,0.246762,0.243112,0.222388,0.180131,0.318667,0.235985,0.267586,0.306969,0.445577,0.247567,0.329109,0.384109,0.486752,0.264615,0.113999,0.346302,0.188882,0.354986,0.309665,0.416829,0.244998,0.287032,0.351072,0.359868,0.249227,0.322128,0.196385,-0.314161,-0.414077,0.138295,-0.003805,0.154882,0.270815,0.412308,0.087686,0.187323,-0.038991,0.108717,0.149638,-0.118262,-0.159535,0.214960,0.226275,0.352182,-0.051622,0.187116,0.410672
0.362023,0.209756,-0.205883,-0.369130,-0.298046,0.067986,-0.245788,-0.350313,-0.179516,-0.056443,0.130906,-0.193128,-0.087317,-0.296836,0.167484,0.185565,0.455507,0.296906,0.106112,0.107541,0.093538,0.420492,-0.516035,-0.541566,-0.059631,0.056920,-0.028290,-0.139403,0.367247,0.382760,-0.462090,-0.507885,0.091502,-0.093777,0.404344,0.412305,1.060473,1.124483,0.800776,0.000000,0.780572,0.573470,0.464999,0.605983,0.526504,0.527824,0.459978,0.620903,0.487647,0.472787,0.459449,0.587434,0.444876,0.511679,0.418205,0.553685,0.424158,0.325068,0.428354,0.359172,0.421199,0.348613,0.540945,0.493500,0.131900,0.274496,0.576067,0.528544,0.480835,0.454142,-0.079236,-0.111268,0.420571,0.365645,0.267839,0.313980,0.672826,0.498286,0.375494,0.316013,0.356482,0.512500,0.439862,0.430875,0.352359,0.718769,0.641474,0.500475,-0.025508,0.707019
0.060855,0.059188,-0.191956,-0.369004,-0.132681,0.222699,-0.178218,-0.139163,0.008369,0.221242,0.044504,-0.015817,-0.030079,-0.097195,0.201590,0.237154,0.273679,0.394692,-0.151257,-0.254224,-0.045482,0.575942,-0.301870,-0.368908,0.239816,0.348118,-0.135382,-0.367009,0.430414,0.588766,-0.134427,-0.188182,-0.056739,-0.121562,0.241219,0.288269,0.477337,0.684664,0.530550,0.780572,0.000000,0.478135,0.255896,0.430078,0.313384,0.321366,0.128602,0.288723,0.181103,0.189941,0.099312,0.207259,0.060235,0.121392,-0.009137,0.138764,0.160364,0.122817,0.199825,0.123580,0.160095,0.201102,0.237894,0.347752,0.049125,0.152622,0.183565,0.183398,0.094929,0.120782,0.230794,0.223109,0.390536,0.532120,0.217381,0.379724,0.423913,0.290965,0.268133,0.457410,0.292677,0.476022,0.199241,0.415227,0.193785,0.427355,0.490585,0.427428,-0.194328,0.254183
0.119490,0.202191,-0.395432,-0.361684,0.253475,0.087016,-0.223180,-0.186341,0.169872,0.292659,0.122093,0.146668,0.204496,0.295694,0.220329,0.660887,0.321650,0.604287,-0.050859,-0.061456,0.388878,0.349558,-0.310603,-0.318648,0.014488,0.000645,0.043975,0.087806,0.611651,0.742841,-0.077040,-0.087750,0.144402,0.126369,0.078387,0.022834,0.157102,0.789579,-0.061731,0.573470,0.478135,0.000000,0.389014,0.471503,0.398952,0.412521,0.329160,0.386295,0.336222,0.295304,0.129437,0.172858,0.140485,0.223162,0.070229,0.160636,0.359884,0.343009,0.162629,0.246839,0.217616,0.192273,0.253603,0.408545,-0.126930,0.064556,0.221794,0.331224,0.228228,0.348691,0.266497,0.365180,0.679155,0.866959,0.426007,0.357700,0.465441,0.713357,0.387386,0.606535,0.545211,0.672387,0.721594,0.911731,0.266809,0.617333,0.357292,0.629657,-0.232207,0.353493
0.566653,0.390613,-0.216849,-0.099435,-0.250982,-0.070889,-0.100289,-0.293448,-0.153478,-0.059198,0.163306,-0.048528,0.164356,-0.115721,0.008049,0.204842,0.561276,0.483434,0.157079,0.397080,0.151083,0.044687,-0.421151,-0.410995,-0.217355,-0.120198,0.030420,0.077150,0.374158,0.247864,-0.365118,-0.321018,0.445170,0.253848,0.175834,0.176000,0.376286,0.588740,0.170167,0.464999,0.255896,0.389014,0.000000,1.466478,1.336624,1.256186,1.546423,1.405355,1.091893,0.918047,0.810763,0.812884,0.511103,0.583196,0.646924,0.712041,0.596039,0.507226,0.752583,0.698731,0.761004,0.506040,0.587583,0.624024,0.160144,0.264788,0.740281,0.721825,0.485192,0.566063,-0.069243,-0.114232,0.460975,0.434513,0.490602,0.324668,0.438846,0.375772,0.345602,0.114165,0.399528,0.499144,0.297751,0.290140,0.297813,0.472500,0.267955,0.265692,-0.047870,0.493308
0.424316,0.302833,-0.201820,-0.146224,-0.282795,-0.015929,-0.138103,-0.292845,-0.210091,-0.061034,0.010573,-0.153567,0.012117,-0.191480,-0.034131,0.156604,0.524728,0.463414,0.056796,0.225727,0.085184,0.095914,-0.425800,-0.434084,-0.157253,-0.044008,-0.074358,-0.099394,0.393459,0.333421,-0.380008,-0.358541,0.340648,0.178240,0.256249,0.212780,0.462764,0.684385,0.246762,0.605983,0.430078,0.471503,1.466478,0.000000,1.285113,1.299860,1.262761,1.568487,0.984077,0.890708,0.668120,0.752647,0.435279,0.502368,0.526123,0.649163,0.473742,0.434168,0.716689,0.678784,0.661521,0.517604,0.538768,0.690308,0.084961,0.244574,0.724588,0.749228,0.385897,0.481154,-0.044650,-0.080070,0.471773,0.495836,0.410837,0.373699,0.516938,0.415742,0.382670,0.213349,0.380959,0.548286,0.245989,0.304942,0.287362,0.516246,0.309866,0.258446,-0.116471,0.470936
0.584553,0.492500,-0.168119,-0.039002,-0.232249,0.013213,-0.109349,-0.291836,-0.183597,-0.057894,-0.023632,-0.180040,0.044864,-0.187743,-0.084077,0.126447,0.509148,0.471634,0.119549,0.391259,0.110067,0.119223,-0.418111,-0.399586,-0.144781,-0.059289,-0.000986,0.028452,0.403612,0.297900,-0.386126,-0.361199,0.432974,0.259953,0.327433,0.252580,0.472991,0.638111,0.243112,0.526504,0.313384,0.398952,1.336624,1.285113,0.000000,1.922975,1.219793,1.396470,1.594578,1.149663,0.958778,0.922279,0.693039,0.749748,0.585869,0.644660,0.730148,0.685238,0.947328,0.779199,0.960859,0.613982,0.732684,0.817717,0.109826,0.269457,1.024903,0.974215,0.577990,0.666874,-0.109670,-0.158805,0.501163,0.416753,0.385079,0.329242,0.525569,0.435143,0.417576,0.172264,0.423651,0.543032,0.201807,0.195873,0.266309,0.425164,0.232082,0.193793,-0.147808,0.423214
0.511748,0.488543,-0.186247,-0.039469,-0.271346,0.017654,-0.141403,-0.298740,-0.236979,-0.077278,-0.046400,-0.196321,0.004220,-0.217235,-0.112857,0.121319,0.510063,0.459366,0.068681,0.386091,0.112595,0.094688,-0.438485,-0.410257,-0.193821,-0.081879,-0.030873,0.002795,0.383759,0.290926,-0.442563,-0.400170,0.359730,0.236839,0.321349,0.249753,0.471238,0.678615,0.222388,0.527824,0.321366,0.412521,1.256186,1.299860,1.922975,0.000000,1.152196,1.396922,1.583858,1.364875,0.962635,1.032228,0.692019,0.786525,0.620516,0.662378,0.683173,0.684355,1.000929,0.920575,0.924772,0.630317,0.730181,0.858581,0.062731,0.269238,1.076414,1.168303,0.580512,0.687699,-0.133466,-0.188044,0.490088,0.415891,0.386081,0.311522,0.545305,0.456919,0.362384,0.177663,0.421271,0.565779,0.245772,0.237253,0.289076,0.488050,0.294281,0.251655,-0.135220,0.487061
0.652379,0.424632,-0.089568,-0.027244,-0.212510,-0.024241,-0.022088,-0.248369,-0.167272,-0.100236,0.138378,-0.119340,0.128201,-0.165721,0.028468,0.156262,0.477983,0.321831,0.258733,0.443617,0.202154,0.028845,-0.339646,-0.337544,-0.228096,-0.126874,0.129506,0.175902,0.324429,0.135851,-0.396252,-0.352828,0.469757,0.273963,0.260449,0.242900,0.475093,0.515728,0.180131,0.459978,0.128602,0.329160,1.546423,1.262761,1.219793,1.152196,0.000000,1.669249,1.132384,0.874152,0.909517,0.874921,0.665783,0.695807,0.878261,0.750336,0.592760,0.523586,0.731500,0.628340,0.757150,0.513426,0.630152,0.594673,0.175112,0.283071,0.808200,0.769010,0.496652,0.557207,-0.196138,-0.232690,0.421487,0.373757,0.419605,0.290163,0.465534,0.377049,0.376891,0.076148,0.385330,0.389662,0.310053,0.196869,0.313378,0.419359,0.166637,0.170465,0.073856,0.504304
