0.000000,1.377066,0.423367,0.455157,0.161259,0.330739,0.663867,0.641484,0.206298,0.346197,0.846546,0.760208,0.761594,0.721801,0.703081,0.591152,0.739714,0.671159,1.122263,1.055626,0.008840,-0.043405,0.255573,0.046651,0.182331,0.179759,0.470086,0.586887,0.541274,0.514464,0.328849,0.505608,0.700015,0.556538,0.243331,0.333196,0.224454,0.260399,0.256294,0.369017,-0.025525,-0.011285,0.631527,0.712548,0.745884,0.804463,0.828691,0.808238,0.850759,0.839953,0.877721,0.883135,0.795264,0.993534,0.842040,0.938332,1.538809,1.330907,1.066447,0.790410,1.033762,0.515910,0.575178,0.442327,0.255554,0.173057,0.701369,0.518540,1.094270,0.843921,0.805233,0.596580,0.720157,0.820427,0.377369,0.459462,0.545146,0.548401,0.553821,0.714958,0.957117,0.869782,0.607148,0.836877,0.711905,0.560498,0.639519,0.663999,0.670872,0.764295
1.377066,0.000000,0.390748,0.464082,0.158794,0.254253,0.486974,0.561711,0.169934,0.218105,0.708068,0.720823,0.579391,0.591235,0.506159,0.443545,0.721771,0.807358,0.863588,1.073174,0.039189,0.019948,0.206334,0.064224,0.179958,0.144260,0.467365,0.471748,0.597123,0.590708,0.376442,0.497938,0.840244,0.686795,0.265969,0.390883,0.269318,0.341605,0.300607,0.452263,0.075080,0.047695,0.654834,0.723382,0.880608,0.878980,0.870485,0.794696,0.948899,0.864509,0.860628,0.918761,0.778916,0.872205,0.844908,0.972622,1.360961,1.660564,0.928678,0.821686,0.781226,0.386692,0.540249,0.509471,0.105148,0.042745,0.744167,0.566649,1.054620,0.912601,0.688126,0.448963,0.667825,0.787843,0.385378,0.377783,0.484233,0.447261,0.647389,0.743184,0.989197,0.878305,0.552343,0.884371,0.567650,0.494343,0.630342,0.592366,0.532118,0.625288
0.423367,0.390748,0.000000,0.937438,0.542508,0.507400,1.100754,0.752383,0.809963,0.581750,0.252837,0.394632,0.342578,0.612129,0.677941,0.655319,0.063652,0.281811,0.648711,0.674874,-0.082412,0.027128,1.018748,0.615083,0.578042,0.484071,0.379889,0.457107,0.126892,0.190309,0.646358,0.606835,0.707106,0.714400,0.547572,0.481107,0.248275,0.194396,0.080243,0.116573,-0.038017,-0.092832,0.662656,0.582799,0.609013,0.650720,0.568654,0.664917,0.583368,0.574459,0.383051,0.492185,0.352501,0.644019,0.587609,0.487024,0.301925,0.320749,0.600115,0.372937,0.460289,0.309665,0.277483,0.286717,0.579297,0.467320,0.748229,0.698739,0.387226,0.510689,0.778116,0.515745,0.452079,0.621316,0.494655,0.615558,0.650288,0.602757,0.245902,0.477409,0.355967,0.521462,0.213186,0.451263,0.403864,0.492629,0.486900,0.534921,0.570524,0.612913
0.455157,0.464082,0.937438,0.000000,0.710693,1.024826,0.801671,1.229817,0.713647,0.865786,0.370164,0.654150,0.361313,0.754614,0.477800,0.806708,0.174986,0.525996,0.612868,0.798975,-0.018053,0.070483,1.044091,1.096446,0.416049,0.723371,0.208196,0.311442,0.328306,0.483315,0.726406,0.793753,0.849237,0.946292,0.395774,0.442380,0.233597,0.380602,0.048640,0.138781,-0.013746,-0.017335,0.715602,0.634400,0.602772,0.667494,0.658323,0.638415,0.659626,0.537972,0.429275,0.460213,0.332699,0.533069,0.544552,0.468414,0.292727,0.324205,0.563470,0.559608,0.500867,0.629137,0.488118,0.512564,0.334487,0.470781,0.718615,0.785645,0.288510,0.425788,0.749537,0.268337,0.486186,0.681272,0.618200,0.454343,0.488528,0.495802,0.312363,0.657248,0.482707,0.590596,0.207502,0.527568,0.351015,0.477090,0.302231,0.346277,0.359021,0.583798
0.161259,0.158794,0.542508,0.710693,0.000000,1.040221,0.556242,0.504239,1.157153,1.056151,0.194966,0.300874,0.249519,0.377678,0.538358,0.436367,-0.201277,0.115015,0.185758,0.298225,-0.176666,0.146076,0.639504,0.778672,0.568822,0.917310,0.234278,0.348036,0.019213,0.075950,0.295305,0.209284,0.306307,0.296766,0.262814,0.173217,0.116051,0.135510,-0.172805,-0.048994,-0.186282,-0.133724,0.410565,0.377077,0.250932,0.350546,0.337614,0.364106,0.390913,0.408782,0.271754,0.288791,0.222155,0.394636,0.343616,0.185875,0.012133,0.105108,0.404173,0.254635,0.321527,0.213223,0.033209,0.117362,0.175851,0.272628,0.353962,0.306575,0.071482,0.112192,0.224762,0.080003,0.087609,0.266728,0.394502,0.324815,0.123721,0.245535,-0.139120,0.206078,0.026163,0.151847,-0.032387,0.189887,0.097955,0.116497,0.091174,0.152649,0.351477,0.410805
0.330739,0.254253,0.507400,1.024826,1.040221,0.000000,0.616649,0.830545,0.720735,1.382317,0.337241,0.540108,0.484675,0.655159,0.547220,0.699457,0.007695,0.288418,0.389474,0.473899,-0.020181,0.118045,0.691158,0.952724,0.444589,1.063801,0.198455,0.452396,0.239350,0.313811,0.492818,0.502245,0.437442,0.455974,0.214774,0.211324,0.176385,0.162229,-0.118207,-0.004130,-0.136147,-0.097917,0.475625,0.433721,0.306936,0.452953,0.445333,0.417907,0.460963,0.435753,0.291789,0.284950,0.186884,0.371308,0.324929,0.259979,0.173982,0.209083,0.441458,0.380609,0.439369,0.478156,0.292872,0.323120,0.212910,0.343482,0.404514,0.409182,0.188180,0.210769,0.398994,0.173113,0.235114,0.415375,0.355486,0.352086,0.238846,0.345474,0.071172,0.374980,0.279743,0.315913,0.174356,0.377548,0.293982,0.223940,0.184990,0.221191,0.335782,0.504523
0.663867,0.486974,1.100754,0.801671,0.556242,0.616649,0.000000,1.031026,0.698769,0.691157,0.482350,0.569214,0.673232,0.782455,0.785575,0.738052,0.200433,0.350052,0.753919,0.770848,-0.056328,-0.032037,0.813527,0.480423,0.412732,0.431416,0.350106,0.513434,0.252737,0.276300,0.455027,0.488610,0.668966,0.600218,0.414501,0.386227,0.217237,0.168479,0.047674,0.123417,-0.129299,-0.151267,0.645947,0.611403,0.606696,0.647590,0.611980,0.712032,0.611602,0.640538,0.547705,0.590888,0.503289,0.840803,0.624115,0.568655,0.462265,0.469724,0.811920,0.546065,0.849896,0.661973,0.332412,0.283336,0.724139,0.623789,0.756758,0.607468,0.506599,0.591880,0.729414,0.525975,0.487624,0.663690,0.436703,0.459196,0.533328,0.577339,0.347746,0.560293,0.508110,0.616813,0.359464,0.551082,0.615964,0.544587,0.507019,0.540957,0.712878,0.777627
0.641484,0.561711,0.752383,1.229817,0.504239,0.830545,1.031026,0.000000,0.557783,0.697223,0.545228,1.006186,0.524278,1.117955,0.594169,0.997708,0.263406,0.591647,0.761529,0.977635,0.037941,0.032036,0.686266,0.610121,0.209632,0.390947,0.228982,0.385261,0.455001,0.594354,0.558162,0.805914,0.953126,1.060196,0.437381,0.512949,0.212953,0.360941,0.052789,0.137440,-0.059561,-0.041115,0.762882,0.656777,0.672473,0.785313,0.699027,0.729794,0.710203,0.618890,0.611867,0.591868,0.503211,0.729346,0.639550,0.571329,0.448271,0.462599,0.811046,0.776994,0.825229,1.129768,0.675024,0.638291,0.424911,0.666142,0.948760,0.987716,0.446689,0.541287,0.863182,0.323229,0.579786,0.936097,0.668713,0.407081,0.582326,0.581630,0.434656,0.748179,0.652163,0.755011,0.373350,0.747052,0.520804,0.654428,0.425230,0.455591,0.465365,0.829038
0.206298,0.169934,0.809963,0.713647,1.157153,0.720735,0.698769,0.557783,0.000000,0.957151,0.210355,0.326331,0.211652,0.423682,0.601788,0.493556,-0.189196,0.118214,0.216113,0.339495,-0.190704,0.011672,0.699166,0.696184,0.569503,0.658272,0.152321,0.253694,0.014760,0.078986,0.312847,0.250919,0.377920,0.409566,0.317878,0.227275,0.130457,0.080799,-0.172169,-0.081838,-0.184157,-0.110334,0.473617,0.377161,0.356188,0.409734,0.380067,0.431668,0.458985,0.431213,0.319446,0.351701,0.332327,0.490961,0.461620,0.221788,0.055703,0.109191,0.508084,0.314920,0.358005,0.241318,0.136710,0.186201,0.242160,0.346310,0.447396,0.426458,0.071269,0.165831,0.353448,0.131284,0.179844,0.340872,0.524094,0.425372,0.310647,0.353390,-0.015828,0.248199,0.095683,0.239433,0.034553,0.285965,0.094178,0.200820,0.245812,0.248901,0.467261,0.494669
0.346197,0.218105,0.581750,0.865786,1.056151,1.382317,0.691157,0.697223,0.957151,0.000000,0.369734,0.434083,0.502281,0.628849,0.603737,0.611527,-0.063312,0.189747,0.379088,0.428336,-0.065508,0.037523,0.698709,0.904838,0.481455,0.909972,0.184088,0.423934,0.170862,0.203382,0.410190,0.383979,0.331617,0.334040,0.180705,0.184863,0.194582,0.117324,-0.151964,-0.005735,-0.165437,-0.079655,0.436809,0.396345,0.278961,0.398359,0.425193,0.408973,0.456626,0.436185,0.345695,0.315317,0.293280,0.438354,0.386236,0.223490,0.153361,0.198729,0.502509,0.375265,0.437058,0.400465,0.149458,0.172210,0.218393,0.349145,0.366035,0.339992,0.195533,0.244387,0.425656,0.213750,0.286980,0.385307,0.356863,0.347670,0.266157,0.364780,0.049452,0.315273,0.220129,0.286372,0.123344,0.332718,0.265448,0.209502,0.234356,0.275976,0.473395,0.495638
0.846546,0.708068,0.252837,0.370164,0.194966,0.337241,0.482350,0.545228,0.210355,0.369734,0.000000,0.764062,0.670792,0.650270,0.478116,0.512698,0.565172,0.453479,0.697701,0.658661,0.167242,-0.000944,0.160386,0.125919,0.047356,0.121961,0.292430,0.324262,0.710976,0.540924,0.227916,0.388424,0.384493,0.338597,0.044795,0.226699,0.216114,0.279786,0.146897,0.234190,-0.019688,0.054265,0.390849,0.474254,0.423583,0.436882,0.497961,0.514297,0.609895,0.529619,0.664853,0.604155,0.541724,0.541704,0.606910,0.606565,0.598522,0.649355,0.797904,0.645804,0.955020,0.559952,0.476998,0.279506,-0.010068,0.102715,0.422305,0.331940,0.525168,0.452857,0.519864,0.355249,0.704779,0.684123,0.328899,0.275923,0.451525,0.404744,0.489914,0.529472,0.677604,0.493593,0.513973,0.654872,0.361833,0.283915,0.448002,0.430581,0.504533,0.438633
0.760208,0.720823,0.394632,0.654150,0.300874,0.540108,0.569214,1.006186,0.326331,0.434083,0.764062,0.000000,0.498070,1.110980,0.442613,0.726297,0.383463,0.760391,0.718609,0.930506,-0.011412,0.029778,0.234106,0.228398,0.021830,0.205453,0.183784,0.348215,0.576303,0.738096,0.366208,0.628924,0.746988,0.775743,0.166807,0.341409,0.126109,0.387297,0.039644,0.208233,-0.078391,0.086748,0.696936,0.684108,0.730919,0.861897,0.785370,0.717447,0.863008,0.794183,0.786858,0.816728,0.589963,0.651038,0.747992,0.742072,0.552522,0.600756,0.865393,0.937172,0.877246,0.791236,0.806995,0.780563,0.053878,0.238207,0.784291,0.782727,0.571702,0.518598,0.650071,0.237839,0.644518,0.861226,0.574113,0.364136,0.451634,0.455321,0.475343,0.708972,0.746192,0.697089,0.415713,0.887208,0.337656,0.452347,0.397934,0.495218,0.342216,0.612955
0.761594,0.579391,0.342578,0.361313,0.249519,0.484675,0.673232,0.524278,0.211652,0.502281,0.670792,0.498070,0.000000,0.752237,0.746350,0.616364,0.435534,0.376061,0.772963,0.653494,0.048967,-0.007780,0.455023,0.267325,0.236115,0.282859,0.352939,0.428318,0.306214,0.278150,0.188180,0.284652,0.337062,0.275310,0.179695,0.170539,0.247463,0.210054,0.182582,0.286150,-0.002922,-0.076858,0.355690,0.420699,0.345325,0.410951,0.416104,0.429959,0.437536,0.514873,0.447746,0.508219,0.382132,0.565978,0.375141,0.483631,0.623176,0.639414,0.552024,0.426712,0.584755,0.387132,0.192801,0.138239,0.396675,0.265602,0.385653,0.277855,0.584097,0.604601,0.455042,0.516454,0.503751,0.446777,0.184482,0.297636,0.432049,0.491693,0.376408,0.452315,0.515917,0.504989,0.530987,0.461966,0.769747,0.397034,0.501797,0.443291,0.656755,0.618092
0.721801,0.591235,0.612129,0.754614,0.377678,0.655159,0.782455,1.117955,0.423682,0.628849,0.650270,1.110980,0.752237,0.000000,0.720614,1.012768,0.282347,0.477156,0.775541,0.883685,0.046950,0.079146,0.540734,0.437935,0.279729,0.341393,0.361997,0.555633,0.362411,0.479713,0.477247,0.690296,0.691789,0.719888,0.386674,0.477273,0.341014,0.381991,0.142666,0.270484,-0.018407,0.013894,0.668810,0.628271,0.577095,0.731590,0.691845,0.715450,0.693213,0.757316,0.717561,0.705609,0.584051,0.731905,0.774423,0.679577,0.494205,0.508004,0.844817,0.751512,0.758284,0.653409,0.553163,0.438819,0.348747,0.477981,0.831422,0.801084,0.560504,0.597174,0.768989,0.403397,0.655900,0.789573,0.542383,0.378470,0.623280,0.675692,0.405739,0.653095,0.623319,0.668792,0.462638,0.714210,0.574552,0.709778,0.554539,0.651483,0.617076,0.852631
0.703081,0.506159,0.677941,0.477800,0.538358,0.547220,0.785575,0.594169,0.601788,0.603737,0.478116,0.442613,0.746350,0.720614,0.000000,0.810244,0.211449,0.186959,0.675515,0.668321,0.027159,0.172066,0.611712,0.337810,0.624910,0.436319,0.730714,0.661969,0.191671,0.111497,0.363055,0.440411,0.445810,0.410988,0.465250,0.311894,0.366814,0.168357,0.219582,0.254380,0.031213,-0.060060,0.530615,0.534574,0.405469,0.511870,0.528794,0.590302,0.475091,0.577331,0.471815,0.482468,0.479256,0.731828,0.572525,0.533010,0.554566,0.507416,0.718366,0.347763,0.607215,0.335883,0.255377,0.151302,0.588342,0.445473,0.579280,0.418734,0.580978,0.538613,0.636260,0.598655,0.408824,0.516253,0.367630,0.489399,0.576756,0.664728,0.142166,0.424289,0.377783,0.479419,0.479107,0.507809,0.677438,0.621993,0.638049,0.703865,0.871306,0.913651
0.591152,0.443545,0.655319,0.806708,0.436367,0.699457,0.738052,0.997708,0.493556,0.611527,0.512698,0.726297,0.616364,1.012768,0.810244,0.000000,0.270062,0.480211,0.799461,0.915829,0.112739,0.183393,0.722979,0.547592,0.308639,0.460554,0.323377,0.491877,0.470387,0.557184,0.598789,0.903142,0.621438,0.683159,0.304952,0.243751,0.201700,0.355075,0.061458,0.293322,-0.003552,-0.072981,0.636689,0.606060,0.552719,0.706074,0.611806,0.627110,0.586591,0.625252,0.456335,0.488825,0.425784,0.652909,0.657743,0.591093,0.427562,0.386123,0.707371,0.550363,0.557381,0.659340,0.442179,0.381587,0.446772,0.529099,0.670855,0.620577,0.562619,0.555852,0.734736,0.426016,0.467547,0.655234,0.668949,0.519477,0.570490,0.656964,0.434660,0.666953,0.625614,0.694189,0.510115,0.766204,0.710781,0.788968,0.666122,0.752865,0.686454,0.934915
0.739714,0.721771,0.063652,0.174986,-0.201277,0.007695,0.200433,0.263406,-0.189196,-0.063312,0.565172,0.383463,0.435534,0.282347,0.211449,0.270062,0.000000,0.648806,0.636237,0.552073,0.081036,-0.070467,0.072462,-0.039967,-0.001568,-0.057805,0.263628,0.221163,0.704669,0.637816,0.281276,0.434446,0.380199,0.312882,0.048216,0.179011,0.256360,0.159793,0.388813,0.397787,0.201086,0.046747,0.253081,0.312297,0.344022,0.352672,0.350360,0.298650,0.340463,0.282095,0.254709,0.270875,0.293620,0.313821,0.364745,0.467911,0.891797,0.778585,0.410954,0.362686,0.433945,0.296143,0.530455,0.374245,0.051889,-0.025305,0.255119,0.205294,0.536066,0.409988,0.367248,0.396780,0.577394,0.480747,0.092058,0.137857,0.406262,0.344806,0.756674,0.632013,0.916526,0.549668,0.571556,0.558799,0.411632,0.279289,0.407636,0.440597,0.264218,0.232057
0.671159,0.807358,0.281811,0.525996,0.115015,0.288418,0.350052,0.591647,0.118214,0.189747,0.453479,0.760391,0.376061,0.477156,0.186959,0.480211,0.648806,0.000000,0.618338,0.908962,-0.007381,0.070606,0.226166,0.219715,0.007410,0.216849,0.091175,0.219770,0.750900,1.101995,0.524046,0.626088,0.836828,0.729058,0.029810,0.122541,0.007721,0.382632,0.064816,0.333082,0.066969,0.071132,0.638429,0.682342,0.774147,0.732138,0.713024,0.635968,0.743268,0.550925,0.540520,0.571184,0.408823,0.498945,0.507776,0.642733,0.751504,0.740009,0.515398,0.571784,0.469299,0.489277,0.732568,0.847305,0.007087,-0.003882,0.574916,0.538356,0.482401,0.490849,0.454355,0.183236,0.457119,0.535900,0.458446,0.332583,0.310397,0.314025,0.669326,1.036904,1.000219,1.055416,0.368256,0.892284,0.328632,0.376312,0.329305,0.353248,0.148001,0.424234
1.122263,0.863588,0.648711,0.612868,0.185758,0.389474,0.753919,0.761529,0.216113,0.379088,0.697701,0.718609,0.772963,0.775541,0.675515,0.799461,0.636237,0.618338,0.000000,1.362943,0.038961,0.006955,0.481546,0.190422,0.125625,0.170714,0.379075,0.507398,0.525187,0.538552,0.424380,0.740960,0.689892,0.631619,0.248454,0.329676,0.284224,0.270828,0.227019,0.287045,0.066908,-0.065127,0.623466,0.672309,0.643914,0.733712,0.679227,0.693699,0.687180,0.674416,0.594047,0.693323,0.548757,0.866080,0.707801,0.750881,0.871867,0.820687,0.845142,0.624442,0.732756,0.507896,0.481481,0.423261,0.299158,0.226833,0.660102,0.556709,0.977459,0.912175,1.041530,0.820767,0.916374,1.022005,0.527507,0.590864,0.801269,0.806471,0.521377,0.813074,0.832599,0.851433,0.511020,0.783263,0.666032,0.520368,0.638057,0.708395,0.643050,0.696806
1.055626,1.073174,0.674874,0.798975,0.298225,0.473899,0.770848,0.977635,0.339495,0.428336,0.658661,0.930506,0.653494,0.883685,0.668321,0.915829,0.552073,0.908962,1.362943,0.000000,0.047332,0.164879,0.523288,0.300801,0.189037,0.260702,0.379331,0.479276,0.653816,0.762020,0.591548,0.884886,1.131961,1.052943,0.305221,0.373803,0.328271,0.426422,0.256802,0.438027,0.140340,0.054096,0.925212,0.956488,0.951700,1.022207,1.003800,0.975963,0.989745,0.866567,0.786794,0.856272,0.677408,1.033889,0.922546,0.952496,0.888693,0.901599,1.008756,0.773410,0.713818,0.610020,0.623616,0.649512,0.238101,0.198943,0.986177,0.814161,1.025562,1.007658,1.007851,0.554211,0.755075,0.999621,0.658828,0.598112,0.784241,0.814036,0.603597,1.053109,1.012330,1.166032,0.559963,1.149821,0.642206,0.688241,0.658697,0.728250,0.605251,0.849885
0.008840,0.039189,-0.082412,-0.018053,-0.176666,-0.020181,-0.056328,0.037941,-0.190704,-0.065508,0.167242,-0.011412,0.048967,0.046950,0.027159,0.112739,0.081036,-0.007381,0.038961,0.047332,0.000000,0.471144,-0.044782,0.009773,-0.030485,0.024938,0.128575,0.100569,0.441165,0.142075,0.249180,0.197080,0.040613,0.081715,-0.058694,-0.070146,0.290113,0.110503,0.412684,0.379662,0.382814,0.357164,0.177482,0.196438,0.046143,0.047681,0.156879,0.188387,0.025709,0.017007,0.031923,-0.031888,0.045240,-0.070700,0.026578,0.090494,0.029784,0.009070,-0.027411,-0.032743,-0.030925,0.162030,0.094626,0.033608,-0.073984,0.004843,-0.068881,-0.074196,0.016519,-0.025984,-0.035923,-0.030800,0.045196,-0.048098,-0.050413,-0.070463,0.059587,0.051504,0.265191,0.102582,0.211279,0.142973,0.555076,0.156476,0.122082,0.157185,0.135820,-0.000792,-0.009510,-0.006956
-0.043405,0.019948,0.027128,0.070483,0.146076,0.118045,-0.032037,0.032036,0.011672,0.037523,-0.000944,0.029778,-0.007780,0.079146,0.172066,0.183393,-0.070467,0.070606,0.006955,0.164879,0.471144,0.000000,0.085967,0.098651,0.213248,0.220185,0.287798,0.228853,0.290815,0.151059,0.390507,0.289756,0.189514,0.197099,0.010206,-0.002091,0.276711,0.129297,0.272255,0.499793,0.295211,0.339606,0.283379,0.334477,0.163683,0.158668,0.264242,0.253063,0.071965,0.112297,0.094990,0.037340,0.057407,0.049179,0.117414,0.184804,0.037024,-0.003481,0.014896,-0.036606,-0.116501,0.013464,0.018849,0.131042,-0.102854,-0.074442,0.096288,0.046042,0.076781,0.009966,0.084577,-0.000000,-0.063978,-0.002357,0.085448,0.055730,0.144105,0.252444,0.089639,0.234802,0.097934,0.185530,0.163969,0.170221,0.145599,0.258568,0.049813,0.138983,0.038616,0.122834
0.255573,0.206334,1.018748,1.044091,0.639504,0.691158,0.813527,0.686266,0.699166,0.698709,0.160386,0.234106,0.455023,0.540734,0.611712,0.722979,0.072462,0.226166,0.481546,0.523288,-0.044782,0.085967,0.000000,1.211446,0.746266,0.719110,0.320816,0.304923,0.057064,0.181794,0.683143,0.563002,0.475974,0.534217,0.525018,0.350303,0.272577,0.285894,0.069442,0.145801,0.033082,-0.157547,0.458220,0.427439,0.334113,0.365217,0.366183,0.415240,0.330799,0.348977,0.164175,0.249964,0.159840,0.399062,0.347969,0.276064,0.132267,0.134414,0.316514,0.246031,0.252837,0.319288,0.123599,0.124645,0.671925,0.573531,0.477062,0.486665,0.146129,0.357977,0.552367,0.376900,0.322514,0.364969,0.433548,0.443356,0.428500,0.493513,0.172235,0.429196,0.221676,0.352308,0.184718,0.258130,0.441080,0.426709,0.367242,0.354120,0.449017,0.528318
0.046651,0.064224,0.615083,1.096446,0.778672,0.952724,0.480423,0.610121,0.696184,0.904838,0.125919,0.228398,0.267325,0.437935,0.337810,0.547592,-0.039967,0.219715,0.190422,0.300801,0.009773,0.098651,1.211446,0.000000,0.615976,0.955007,0.093424,0.153152,0.114061,0.241884,0.643022,0.460869,0.368115,0.445547,0.319542,0.221467,0.174263,0.287719,-0.047676,0.062359,-0.001527,-0.049850,0.342877,0.301112,0.175756,0.223688,0.258592,0.265428,0.262653,0.191376,0.063793,0.076009,0.008739,0.131933,0.186648,0.085394,-0.068293,-0.025562,0.164226,0.151373,0.120333,0.303855,0.131921,0.146310,0.300364,0.411476,0.303475,0.364656,-0.087596,0.093606,0.285172,0.041457,0.168748,0.211321,0.353348,0.272000,0.205409,0.261140,0.100382,0.320840,0.120716,0.200324,0.026608,0.165417,0.147169,0.221440,0.082971,0.089657,0.146753,0.282049
0.182331,0.179958,0.578042,0.416049,0.568822,0.444589,0.412732,0.209632,0.569503,0.481455,0.047356,0.021830,0.236115,0.279729,0.624910,0.308639,-0.001568,0.007410,0.125625,0.189037,-0.030485,0.213248,0.746266,0.615976,0.000000,0.823877,0.744853,0.599545,-0.086395,-0.081503,0.552781,0.241154,0.301009,0.266109,0.602149,0.397885,0.425877,0.160152,0.265423,0.292451,0.092638,-0.020500,0.364967,0.345554,0.221783,0.237709,0.309511,0.369609,0.207202,0.295386,0.213785,0.182685,0.182618,0.289979,0.306575,0.242831,0.186568,0.173322,0.253006,0.046533,0.155083,-0.056615,-0.009544,-0.038898,0.494239,0.329117,0.388258,0.306000,0.123716,0.148645,0.259984,0.304261,0.093144,0.101349,0.158843,0.279808,0.314339,0.424106,-0.003846,0.240312,0.112328,0.208166,0.149630,0.123600,0.326146,0.350839,0.350137,0.354353,0.478151,0.463070
0.179759,0.144260,0.484071,0.723371,0.917310,1.063801,0.431416,0.390947,0.658272,0.909972,0.121961,0.205453,0.282859,0.341393,0.436319,0.460554,-0.057805,0.216849,0.170714,0.260702,0.024938,0.220185,0.719110,0.955007,0.823877,0.000000,0.292494,0.534855,0.117172,0.183185,0.727693,0.392698,0.358221,0.306058,0.224638,0.099204,0.197573,0.186516,0.022527,0.189607,0.019352,-0.019018,0.468631,0.460486,0.292719,0.358169,0.412520,0.396334,0.381922,0.433569,0.247520,0.250868,0.130087,0.268919,0.329021,0.255181,0.085548,0.102119,0.259706,0.185288,0.180046,0.109933,0.075975,0.110811,0.240203,0.241314,0.292074,0.268231,0.047778,0.036494,0.207906,0.105753,0.041336,0.135069,0.230267,0.350396,0.123102,0.282552,0.026372,0.342157,0.186586,0.302573,0.146899,0.226853,0.210694,0.209877,0.179982,0.216675,0.263830,0.365420
0.470086,0.467365,0.379889,0.208196,0.234278,0.198455,0.350106,0.228982,0.152321,0.184088,0.292430,0.183784,0.352939,0.361997,0.730714,0.323377,0.263628,0.091175,0.379075,0.379331,0.128575,0.287798,0.320816,0.093424,0.744853,0.292494,0.000000,0.904241,0.126775,0.027426,0.383906,0.313952,0.369563,0.288307,0.576559,0.564935,0.537660,0.192816,0.498045,0.385515,0.121583,0.039481,0.364230,0.380958,0.320789,0.352074,0.411955,0.435719,0.273116,0.394295,0.380420,0.324070,0.334717,0.464208,0.423184,0.476485,0.527812,0.534530,0.434013,0.214017,0.380891,0.083923,0.095008,0.044778,0.459523,0.291271,0.472998,0.324475,0.522764,0.446135,0.468764,0.555595,0.350202,0.365600,0.130366,0.217709,0.421375,0.490217,0.181826,0.324690,0.365790,0.328387,0.383976,0.312157,0.596705,0.527227,0.569331,0.618557,0.709349,0.626849
0.586887,0.471748,0.457107,0.311442,0.348036,0.452396,0.513434,0.385261,0.253694,0.423934,0.324262,0.348215,0.428318,0.555633,0.661969,0.491877,0.221163,0.219770,0.507398,0.479276,0.100569,0.228853,0.304923,0.153152,0.599545,0.534855,0.904241,0.000000,0.191612,0.173226,0.551165,0.461479,0.477248,0.349125,0.485279,0.461678,0.446864,0.134044,0.353076,0.399966,0.025986,0.019438,0.509588,0.523814,0.442569,0.545423,0.531145,0.572535,0.413688,0.599941,0.495319,0.473744,0.398896,0.606463,0.581289,0.583803,0.553914,0.546506,0.614820,0.390349,0.547266,0.220690,0.238680,0.204614,0.395673,0.349602,0.564065,0.427151,0.587207,0.422577,0.546463,0.565222,0.319557,0.463040,0.222338,0.320274,0.411089,0.540038,0.200957,0.412738,0.460006,0.463613,0.432086,0.462996,0.562320,0.481871,0.564301,0.676505,0.781075,0.717238
0.541274,0.597123,0.126892,0.328306,0.019213,0.239350,0.252737,0.455001,0.014760,0.170862,0.710976,0.576303,0.306214,0.362411,0.191671,0.470387,0.704669,0.750900,0.525187,0.653816,0.441165,0.290815,0.057064,0.114061,-0.086395,0.117172,0.126775,0.191612,0.000000,1.143795,0.549167,0.734290,0.516069,0.462289,-0.171171,0.031259,0.166826,0.231774,0.230183,0.425146,0.181271,0.305184,0.486365,0.530742,0.505180,0.495066,0.575385,0.501591,0.543676,0.357565,0.385936,0.334324,0.332713,0.324161,0.445006,0.484042,0.569679,0.549897,0.498330,0.397371,0.451487,0.487122,0.609795,0.526561,-0.195038,-0.143213,0.300787,0.229553,0.477206,0.371724,0.372470,0.147981,0.513932,0.499141,0.278902,0.252164,0.347381,0.317249,0.838420,0.855966,1.059573,0.664354,0.735776,0.936948,0.271432,0.272530,0.388086,0.394890,0.107955,0.218416
0.514464,0.590708,0.190309,0.483315,0.075950,0.313811,0.276300,0.594354,0.078986,0.203382,0.540924,0.738096,0.278150,0.479713,0.111497,0.557184,0.637816,1.101995,0.538552,0.762020,0.142075,0.151059,0.181794,0.241884,-0.081503,0.183185,0.027426,0.173226,1.143795,0.000000,0.579511,0.775025,0.680945,0.663531,-0.079697,0.094526,0.107885,0.385754,0.093451,0.368289,0.098756,0.139348,0.572597,0.606805,0.629772,0.628357,0.625915,0.543045,0.656029,0.470429,0.447541,0.441913,0.369513,0.403123,0.507182,0.528608,0.525882,0.521508,0.530360,0.538575,0.445391,0.560051,0.698644,0.725673,-0.128915,-0.054800,0.461908,0.436925,0.448169,0.408706,0.405178,0.066625,0.494103,0.599111,0.402716,0.271183,0.310226,0.301318,0.944899,1.101975,1.099635,0.777601,0.465091,1.021078,0.269495,0.312704,0.350149,0.403568,0.088288,0.304580
0.328849,0.376442,0.646358,0.726406,0.295305,0.492818,0.455027,0.558162,0.312847,0.410190,0.227916,0.366208,0.188180,0.477247,0.363055,0.598789,0.281276,0.524046,0.424380,0.591548,0.249180,0.390507,0.683143,0.643022,0.552781,0.727693,0.383906,0.551165,0.549167,0.579511,0.000000,1.154123,0.772473,0.730969,0.356565,0.305443,0.295721,0.311396,0.272573,0.506879,0.231804,0.141545,0.713977,0.668689,0.568769,0.584759,0.658347,0.596638,0.520561,0.462602,0.347870,0.320854,0.237406,0.344716,0.524757,0.465631,0.326559,0.287403,0.379701,0.286782,0.241160,0.277123,0.377009,0.377546,0.269521,0.243542,0.518818,0.493924,0.256796,0.269081,0.546246,0.311140,0.373230,0.442689,0.356339,0.469628,0.476866,0.564561,0.463583,0.774952,0.611495,0.657867,0.427299,0.605176,0.364047,0.507035,0.398819,0.495858,0.260807,0.402632
0.505608,0.497938,0.606835,0.793753,0.209284,0.502245,0.488610,0.805914,0.250919,0.383979,0.388424,0.628924,0.284652,0.690296,0.440411,0.903142,0.434446,0.626088,0.740960,0.884886,0.197080,0.289756,0.563002,0.460869,0.241154,0.392698,0.313952,0.461479,0.734290,0.775025,1.154123,0.000000,0.788559,0.839104,0.275415,0.311097,0.250114,0.310194,0.210506,0.370358,0.140135,0.062824,0.692175,0.627920,0.597941,0.704590,0.696134,0.610549,0.607116,0.498416,0.397447,0.381126,0.351037,0.463476,0.637246,0.564552,0.474021,0.418910,0.565264,0.448401,0.422205,0.503558,0.596952,0.563259,0.212931,0.251483,0.597228,0.584178,0.467583,0.459581,0.809509,0.412731,0.576180,0.748150,0.516594,0.467496,0.650734,0.659947,0.562977,0.911860,0.810177,0.756335,0.537998,0.833854,0.473481,0.622069,0.508930,0.660732,0.373081,0.557761
0.700015,0.840244,0.707106,0.849237,0.306307,0.437442,0.668966,0.953126,0.377920,0.331617,0.384493,0.746988,0.337062,0.691789,0.445810,0.621438,0.380199,0.836828,0.689892,1.131961,0.040613,0.189514,0.475974,0.368115,0.301009,0.358221,0.369563,0.477248,0.516069,0.680945,0.772473,0.788559,0.000000,1.841317,0.567489,0.575205,0.257635,0.360550,0.244432,0.386642,0.130182,0.129306,1.089249,0.934164,1.024513,1.036920,0.988866,1.008353,0.901580,0.735913,0.746998,0.714211,0.537178,0.802422,0.760564,0.728549,0.698999,0.714690,0.805214,0.695867,0.605073,0.615069,0.733850,0.872591,0.287399,0.290553,1.321441,1.247407,0.596915,0.615188,0.748397,0.288208,0.509067,0.822298,0.630570,0.502452,0.622173,0.624890,0.527014,0.963252,0.841780,1.108598,0.386752,0.952008,0.476060,0.678558,0.439384,0.493882,0.396772,0.720044
0.556538,0.686795,0.714400,0.946292,0.296766,0.455974,0.600218,1.060196,0.409566,0.334040,0.338597,0.775743,0.275310,0.719888,0.410988,0.683159,0.312882,0.729058,0.631619,1.052943,0.081715,0.197099,0.534217,0.445547,0.266109,0.306058,0.288307,0.349125,0.462289,0.663531,0.730969,0.839104,1.841317,0.000000,0.614581,0.608405,0.271540,0.358007,0.236965,0.349635,0.166662,0.134260,0.946435,0.797489,0.866067,0.913523,0.819826,0.855046,0.772064,0.621307,0.610057,0.627798,0.470733,0.682068,0.675071,0.629818,0.542531,0.555542,0.697649,0.686660,0.504400,0.684232,0.750448,0.939218,0.260047,0.345533,1.180357,1.309533,0.471786,0.527206,0.751190,0.231558,0.510671,0.849182,0.692054,0.432691,0.662541,0.617849,0.505748,0.859768,0.724869,0.911226,0.359232,0.868954,0.396437,0.645085,0.396285,0.426978,0.346107,0.682239
0.243331,0.265969,0.547572,0.395774,0.262814,0.214774,0.414501,0.437381,0.317878,0.180705,0.044795,0.166807,0.179695,0.386674,0.465250,0.304952,0.048216,0.029810,0.248454,0.305221,-0.058694,0.010206,0.525018,0.319542,0.602149,0.224638,0.576559,0.485279,-0.171171,-0.079697,0.356565,0.275415,0.567489,0.614581,0.000000,1.038825,0.361526,0.103207,0.208620,0.071407,-0.007805,-0.111149,0.322415,0.240456,0.276096,0.320681,0.230676,0.337515,0.209263,0.262713,0.265159,0.284052,0.232456,0.413692,0.292226,0.201795,0.226480,0.254795,0.382582,0.295116,0.318709,0.261019,0.128798,0.157057,0.686251,0.707901,0.746799,0.737758,0.189583,0.281054,0.451523,0.329951,0.238543,0.411848,0.335141,0.198252,0.428985,0.413386,0.018864,0.199301,0.109168,0.260475,0.101835,0.172602,0.358988,0.440449,0.283984,0.300336,0.466010,0.557065
0.333196,0.390883,0.481107,0.442380,0.173217,0.211324,0.386227,0.512949,0.227275,0.184863,0.226699,0.341409,0.170539,0.477273,0.311894,0.243751,0.179011,0.122541,0.329676,0.373803,-0.070146,-0.002091,0.350303,0.221467,0.397885,0.099204,0.564935,0.461678,0.031259,0.094526,0.305443,0.311097,0.575205,0.608405,1.038825,0.000000,0.454965,0.243893,0.253413,0.084633,-0.053022,-0.106588,0.341824,0.297339,0.356837,0.373187,0.306931,0.387869,0.306643,0.297008,0.391917,0.354962,0.326127,0.428399,0.407169,0.329336,0.307481,0.384269,0.472415,0.432694,0.446132,0.290817,0.220281,0.229118,0.336690,0.494761,0.794282,0.799334,0.283567,0.414336,0.544991,0.306682,0.440937,0.574456,0.376256,0.164998,0.462290,0.411014,0.179602,0.299566,0.255088,0.275897,0.107102,0.272789,0.261804,0.373497,0.322514,0.358817,0.415566,0.484939
0.224454,0.269318,0.248275,0.233597,0.116051,0.176385,0.217237,0.212953,0.130457,0.194582,0.216114,0.126109,0.247463,0.341014,0.366814,0.201700,0.256360,0.007721,0.284224,0.328271,0.290113,0.276711,0.272577,0.174263,0.425877,0.197573,0.537660,0.446864,0.166826,0.107885,0.295721,0.250114,0.257635,0.271540,0.361526,0.454965,0.000000,0.299955,0.789297,0.477409,0.677927,0.291476,0.233345,0.266880,0.121971,0.129987,0.229451,0.232770,0.140547,0.203340,0.191151,0.182646,0.226473,0.250540,0.308471,0.251719,0.224893,0.229996,0.298392,0.144517,0.159691,0.046918,0.122348,0.064352,0.080714,0.096126,0.282816,0.231128,0.246982,0.223838,0.314697,0.301041,0.337576,0.281045,-0.023950,0.018537,0.574531,0.535067,0.307311,0.294677,0.270715,0.188054,0.364777,0.255684,0.218704,0.237135,0.323256,0.383450,0.411418,0.259481
0.260399,0.341605,0.194396,0.380602,0.135510,0.162229,0.168479,0.360941,0.080799,0.117324,0.279786,0.387297,0.210054,0.381991,0.168357,0.355075,0.159793,0.382632,0.270828,0.426422,0.110503,0.129297,0.285894,0.287719,0.160152,0.186516,0.192816,0.134044,0.231774,0.385754,0.311396,0.310194,0.360550,0.358007,0.103207,0.243893,0.299955,0.000000,0.223947,0.436761,0.184859,0.117822,0.370706,0.436968,0.372401,0.272975,0.380861,0.374849,0.308242,0.286172,0.345602,0.314055,0.299343,0.305216,0.371065,0.348991,0.198289,0.240428,0.233809,0.211467,0.217292,0.225809,0.224012,0.205786,0.063040,0.139854,0.378268,0.369624,0.254626,0.311341,0.286209,0.118948,0.299025,0.255375,0.243311,0.077245,0.270635,0.310347,0.328154,0.373207,0.303766,0.355733,0.124447,0.265270,0.246609,0.367813,0.186703,0.171360,0.193065,0.247714
0.256294,0.300607,0.080243,0.048640,-0.172805,-0.118207,0.047674,0.052789,-0.172169,-0.151964,0.146897,0.039644,0.182582,0.142666,0.219582,0.061458,0.388813,0.064816,0.227019,0.256802,0.412684,0.272255,0.069442,-0.047676,0.265423,0.022527,0.498045,0.353076,0.230183,0.093451,0.272573,0.210506,0.244432,0.236965,0.208620,0.253413,0.789297,0.223947,0.000000,0.833979,0.849304,0.418708,0.214018,0.263231,0.132078,0.090893,0.217503,0.228918,0.084753,0.152801,0.170990,0.188445,0.179160,0.184750,0.251979,0.404668,0.316496,0.239452,0.194611,0.061709,0.049312,-0.011554,0.159743,0.070276,0.008198,-0.050629,0.156280,0.110710,0.282644,0.135438,0.198126,0.237051,0.197393,0.137907,-0.143138,-0.035197,0.489253,0.425254,0.351872,0.242632,0.331201,0.193036,0.566118,0.169441,0.182501,0.286050,0.247227,0.227975,0.221677,0.174348
0.369017,0.452263,0.116573,0.138781,-0.048994,-0.004130,0.123417,0.137440,-0.081838,-0.005735,0.234190,0.208233,0.286150,0.270484,0.254380,0.293322,0.397787,0.333082,0.287045,0.438027,0.379662,0.499793,0.145801,0.062359,0.292451,0.189607,0.385515,0.399966,0.425146,0.368289,0.506879,0.370358,0.386642,0.349635,0.071407,0.084633,0.477409,0.436761,0.833979,0.000000,0.635475,0.516018,0.503682,0.603425,0.441781,0.385062,0.532154,0.513101,0.343711,0.445912,0.419784,0.438697,0.439813,0.366020,0.496555,0.658337,0.455934,0.373347,0.332001,0.258458,0.115168,0.089653,0.247509,0.224227,0.042474,-0.028305,0.322829,0.226619,0.444639,0.249116,0.168832,0.132720,0.185033,0.109784,0.068307,0.102721,0.386827,0.410052,0.559785,0.493808,0.552176,0.475940,0.592145,0.454173,0.372648,0.519663,0.356421,0.413711,0.285067,0.308984
-0.025525,0.075080,-0.038017,-0.013746,-0.186282,-0.136147,-0.129299,-0.059561,-0.184157,-0.165437,-0.019688,-0.078391,-0.002922,-0.018407,0.031213,-0.003552,0.201086,0.066969,0.066908,0.140340,0.382814,0.295211,0.033082,-0.001527,0.092638,0.019352,0.121583,0.025986,0.181271,0.098756,0.231804,0.140135,0.130182,0.166662,-0.007805,-0.053022,0.677927,0.184859,0.849304,0.635475,0.000000,0.632633,0.103525,0.149739,-0.042507,-0.079517,0.043376,0.035570,-0.089044,-0.046348,-0.080857,-0.015100,-0.032490,-0.069702,0.003201,0.093999,0.059934,-0.022078,-0.085731,-0.128817,-0.245103,-0.109895,0.133439,0.100907,-0.140673,-0.204653,-0.056095,-0.027446,0.004558,-0.105262,-0.024861,0.016108,0.080713,-0.022625,-0.127943,-0.072830,0.323882,0.273624,0.257898,0.193533,0.163842,0.093747,0.350127,0.105158,-0.004631,0.075657,0.050446,0.037507,-0.034707,-0.111319
-0.011285,0.047695,-0.092832,-0.017335,-0.133724,-0.097917,-0.151267,-0.041115,-0.110334,-0.079655,0.054265,0.086748,-0.076858,0.013894,-0.060060,-0.072981,0.046747,0.071132,-0.065127,0.054096,0.357164,0.339606,-0.157547,-0.049850,-0.020500,-0.019018,0.039481,0.019438,0.305184,0.139348,0.141545,0.062824,0.129306,0.134260,-0.111149,-0.106588,0.291476,0.117822,0.418708,0.516018,0.632633,0.000000,0.173890,0.181066,0.046140,-0.006513,0.135175,0.127287,-0.013878,-0.007215,0.029549,0.064845,0.027084,-0.069715,-0.008738,0.080982,0.028965,-0.020659,-0.027402,0.009959,-0.083270,-0.015704,0.294814,0.253585,-0.209586,-0.224462,0.026508,0.054814,-0.004121,-0.140442,-0.073247,-0.221919,0.028403,-0.045380,-0.050912,-0.050108,0.143965,0.073969,0.187588,0.157810,0.171117,0.084682,0.316190,0.184391,-0.077021,0.091812,-0.002503,-0.015552,-0.190138,-0.147485
0.631527,0.654834,0.662656,0.715602,0.410565,0.475625,0.645947,0.762882,0.473617,0.436809,0.390849,0.696936,0.355690,0.668810,0.530615,0.636689,0.253081,0.638429,0.623466,0.925212,0.177482,0.283379,0.458220,0.342877,0.364967,0.468631,0.364230,0.509588,0.486365,0.572597,0.713977,0.692175,1.089249,0.946435,0.322415,0.341824,0.233345,0.370706,0.214018,0.503682,0.103525,0.173890,0.000000,1.737875,1.351435,1.258603,1.633129,1.711440,1.169767,1.025083,0.899005,0.800925,0.727628,0.854867,0.998611,0.861048,0.552136,0.546860,0.822808,0.647546,0.537206,0.485498,0.594059,0.642373,0.211049,0.245332,1.042677,0.897779,0.555071,0.494633,0.570369,0.259177,0.407516,0.617600,0.572331,0.548904,0.531262,0.621656,0.416574,0.860606,0.713195,0.956389,0.509849,0.855572,0.429258,0.640100,0.445891,0.487193,0.410502,0.644821
0.712548,0.723382,0.582799,0.634400,0.377077,0.433721,0.611403,0.656777,0.377161,0.396345,0.474254,0.684108,0.420699,0.628271,0.534574,0.606060,0.312297,0.682342,0.672309,0.956488,0.196438,0.334477,0.427439,0.301112,0.345554,0.460486,0.380958,0.523814,0.530742,0.606805,0.668689,0.627920,0.934164,0.797489,0.240456,0.297339,0.266880,0.436968,0.263231,0.603425,0.149739,0.181066,1.737875,0.000000,1.275008,1.244336,1.677209,1.817668,1.172649,1.085751,0.949102,0.881729,0.777822,0.879780,1.033715,1.013626,0.628054,0.613392,0.831127,0.650022,0.539455,0.425914,0.530769,0.523734,0.157579,0.158185,0.923457,0.745219,0.642285,0.552460,0.560854,0.309103,0.410490,0.573518,0.499966,0.546783,0.510830,0.598741,0.481441,0.865115,0.764725,0.946286,0.552779,0.866863,0.466131,0.606536,0.465402,0.534699,0.415739,0.608896
0.745884,0.880608,0.609013,0.602772,0.250932,0.306936,0.606696,0.672473,0.356188,0.278961,0.423583,0.730919,0.345325,0.577095,0.405469,0.552719,0.344022,0.774147,0.643914,0.951700,0.046143,0.163683,0.334113,0.175756,0.221783,0.292719,0.320789,0.442569,0.505180,0.629772,0.568769,0.597941,1.024513,0.866067,0.276096,0.356837,0.121971,0.372401,0.132078,0.441781,-0.042507,0.046140,1.351435,1.275008,0.000000,1.549542,1.484729,1.392248,1.365531,1.149385,1.025261,0.990691,0.886317,1.007262,1.126330,1.065101,0.717296,0.777306,0.900333,0.801684,0.642538,0.471900,0.549159,0.608452,0.202376,0.229725,1.077372,0.880912,0.750799,0.687926,0.619480,0.320241,0.451181,0.645859,0.559263,0.526174,0.420518,0.451995,0.538386,0.814158,0.827388,1.071253,0.431748,0.873048,0.521730,0.621111,0.523321,0.549401,0.437848,0.659313
0.804463,0.878980,0.650720,0.667494,0.350546,0.452953,0.647590,0.785313,0.409734,0.398359,0.436882,0.861897,0.410951,0.731590,0.511870,0.706074,0.352672,0.732138,0.733712,1.022207,0.047681,0.158668,0.365217,0.223688,0.237709,0.358169,0.352074,0.545423,0.495066,0.628357,0.584759,0.704590,1.036920,0.913523,0.320681,0.373187,0.129987,0.272975,0.090893,0.385062,-0.079517,-0.006513,1.258603,1.244336,1.549542,0.000000,1.473271,1.422420,1.411019,1.485559,1.009058,1.038489,0.880846,1.004367,1.156118,1.123928,0.739205,0.773618,1.025968,0.922029,0.683732,0.507074,0.567684,0.620229,0.231006,0.290629,1.132073,0.944121,0.837934,0.729147,0.689069,0.337344,0.437956,0.715018,0.587534,0.579103,0.453670,0.475774,0.500996,0.790894,0.865182,1.072327,0.476962,1.043695,0.571817,0.699300,0.633626,0.699782,0.529429,0.823104
0.828691,0.870485,0.568654,0.658323,0.337614,0.445333,0.611980,0.699027,0.380067,0.425193,0.497961,0.785370,0.416104,0.691845,0.528794,0.611806,0.350360,0.713024,0.679227,1.003800,0.156879,0.264242,0.366183,0.258592,0.309511,0.412520,0.411955,0.531145,0.575385,0.625915,0.658347,0.696134,0.988866,0.819826,0.230676,0.306931,0.229451,0.380861,0.217503,0.532154,0.043376,0.135175,1.633129,1.677209,1.484729,1.473271,0.000000,1.787488,1.447126,1.255360,1.095954,0.952229,0.912046,0.943319,1.209305,1.087495,0.744002,0.730692,0.962707,0.788990,0.637177,0.478111,0.585794,0.583227,0.159336,0.170189,0.956847,0.757290,0.740078,0.631590,0.648347,0.304437,0.486444,0.645511,0.485292,0.546325,0.496154,0.568342,0.498576,0.858080,0.878288,1.037040,0.547302,0.970453,0.533071,0.684235,0.523638,0.613137,0.475101,0.682720
0.808238,0.794696,0.664917,0.638415,0.364106,0.417907,0.712032,0.729794,0.431668,0.408973,0.514297,0.717447,0.429959,0.715450,0.590302,0.627110,0.298650,0.635968,0.693699,0.975963,0.188387,0.253063,0.415240,0.265428,0.369609,0.396334,0.435719,0.572535,0.501591,0.543045,0.596638,0.610549,1.008353,0.855046,0.337515,0.387869,0.232770,0.374849,0.228918,0.513101,0.035570,0.127287,1.711440,1.817668,1.392248,1.422420,1.787488,0.000000,1.287997,1.208781,1.076135,0.966787,0.886391,1.030548,1.164168,1.085618,0.693716,0.694650,0.994157,0.754374,0.658199,0.478751,0.549008,0.530170,0.234371,0.250043,1.115293,0.873640,0.718555,0.655897,0.641352,0.321428,0.459462,0.645622,0.549794,0.562784,0.527366,0.587827,0.461049,0.806519,0.789247,1.003641,0.572423,0.916181,0.507051,0.686102,0.553212,0.571476,0.512225,0.747054
0.850759,0.948899,0.583368,0.659626,0.390913,0.460963,0.611602,0.710203,0.458985,0.456626,0.609895,0.863008,0.437536,0.693213,0.475091,0.586591,0.340463,0.743268,0.687180,0.989745,0.025709,0.071965,0.330799,0.262653,0.207202,0.381922,0.273116,0.413688,0.543676,0.656029,0.520561,0.607116,0.901580,0.772064,0.209263,0.306643,0.140547,0.308242,0.084753,0.343711,-0.089044,-0.013878,1.169767,1.172649,1.365531,1.411019,1.447126,1.287997,0.000000,1.481321,1.275175,1.195424,0.995000,0.987443,1.284074,1.047657,0.679377,0.772049,1.189306,0.931760,0.735287,0.448085,0.507941,0.524250,0.068533,0.110686,1.004470,0.773880,0.737994,0.666272,0.578050,0.215746,0.463971,0.677665,0.554660,0.557420,0.419719,0.443763,0.465071,0.754269,0.797521,0.960588,0.457065,0.972986,0.432399,0.552533,0.496923,0.579316,0.432294,0.670270
