0.000000,0.823558,0.311241,0.349851,0.303993,0.430874,0.503904,0.546255,0.292477,0.484077,0.707981,0.557062,0.566425,0.497866,0.311273,0.437616,0.313797,0.360390,0.643350,0.651176,-0.016275,-0.080445,0.235362,0.098903,0.367942,0.372814,0.551467,0.441777,-0.058944,0.094628,-0.118952,-0.136393,0.425346,0.524058,-0.067627,-0.080706,-0.199702,-0.215968,0.070259,-0.091582,-0.018926,0.018132,-0.144721,-0.024012,0.026052,0.108352,-0.230824,-0.192849,0.419785,0.419920,0.476738,0.474961,0.269380,0.121363,-0.107750,-0.246873,0.767384,0.598356,0.572525,0.513100,0.559656,0.524821,0.524674,0.431931,0.678103,0.629002,0.611033,0.494510,0.634012,0.696718,-0.054167,-0.048177,-0.152707,-0.016299,-0.078383,-0.129946,-0.209667,-0.175613,0.208296,0.123644,0.081878,0.120390,0.105530,0.236297,0.066690,0.227130,0.180528,0.229724,0.266295,0.320147
0.823558,0.000000,0.292397,0.512815,0.361731,0.433731,0.374118,0.799490,0.285523,0.548650,0.662962,1.197693,0.613443,0.922450,0.358903,0.799013,0.180327,0.689572,0.468130,0.805894,-0.291506,-0.136983,0.272556,0.220409,0.552188,0.497301,0.705247,0.488697,-0.215456,0.142423,-0.252938,-0.314550,0.492224,0.567426,-0.187404,-0.216956,-0.426154,-0.302046,-0.032052,-0.089550,-0.147721,-0.010783,-0.003198,0.111925,0.080794,0.090445,-0.029833,-0.069846,0.543014,0.671597,0.717018,0.763649,0.408171,0.339835,0.016808,-0.187555,0.935431,1.283414,0.600687,0.707447,0.672487,0.797645,0.596833,0.841129,0.372249,0.834120,0.598280,0.478925,0.708486,0.746525,-0.336649,-0.230435,-0.395046,-0.071760,-0.148860,-0.117153,-0.424303,-0.332410,0.143808,0.309390,0.065054,0.241588,0.082654,0.377165,-0.040632,0.226963,0.493971,0.300215,0.345001,0.319218
0.311241,0.292397,0.000000,0.813354,0.281441,0.259667,0.757801,0.599105,0.201985,0.176516,0.431736,0.487413,0.556892,0.502307,0.307731,0.425219,0.052706,0.410428,0.551020,0.443233,0.064752,0.098580,0.926443,0.642383,0.501896,0.496473,0.253019,0.163706,0.156220,0.201645,0.350554,0.321208,0.032270,0.172369,0.111661,0.127021,-0.108130,-0.165801,0.052488,-0.228931,0.061005,-0.130915,0.113652,0.132895,0.047600,0.096967,-0.055266,0.013560,0.114758,0.155724,0.452193,0.274264,0.140225,0.252820,-0.033534,-0.038762,0.157297,0.239557,0.103534,0.133364,0.152520,0.173377,0.267970,0.207469,0.155685,0.099174,0.146494,0.122243,0.091717,0.227428,0.184711,0.257147,0.014155,0.071068,0.036319,0.023503,-0.139146,-0.187348,0.091714,0.113948,0.057293,0.150227,-0.093199,0.014600,-0.043725,0.134626,0.135698,-0.041364,-0.014795,0.169864
0.349851,0.512815,0.813354,0.000000,0.381805,0.464549,0.738072,1.050580,0.383869,0.433361,0.166576,0.509068,0.550615,0.612411,0.535141,0.608717,-0.011860,0.370772,0.544125,0.586002,0.020634,0.236202,0.608199,0.633948,0.554856,0.687973,0.244523,0.227846,0.112355,0.342948,0.306296,0.319045,0.321481,0.433580,0.148048,0.089093,0.000309,0.005541,0.159269,-0.078134,0.123269,-0.088229,0.132616,0.309674,0.278768,0.347604,0.135505,0.213550,0.272382,0.367543,0.493569,0.463477,0.288553,0.265702,0.166443,0.108736,0.293862,0.419871,0.190152,0.240606,0.290966,0.381433,0.275567,0.341637,0.280636,0.495114,0.384819,0.426094,0.307802,0.422328,-0.000522,0.240575,0.044795,0.208188,0.210454,0.224727,-0.083924,-0.058899,0.021400,0.275113,0.090158,0.289110,0.011438,0.167544,0.117968,0.347086,0.196106,-0.072954,0.263241,0.326882
0.303993,0.361731,0.281441,0.381805,0.000000,1.168432,0.853476,0.805865,1.809758,1.039375,0.239681,0.336463,0.850768,0.401247,0.559244,0.261002,-0.140635,0.018436,0.264912,0.355744,-0.341185,-0.282040,0.527377,0.287669,1.242754,0.670265,0.551979,-0.156697,-0.224155,-0.068168,-0.216594,-0.285270,0.082427,0.145302,0.093395,0.129696,-0.263291,-0.145879,-0.377835,-0.239817,-0.105776,-0.048176,-0.038314,0.029912,0.117996,0.090350,-0.186138,-0.198383,0.054597,0.184315,0.235575,0.288465,0.091527,-0.044192,-0.308021,-0.409363,-0.015294,0.223954,-0.013015,0.123442,0.008481,0.121929,0.022864,0.177174,0.172772,0.247390,0.202870,0.172791,0.141990,0.214240,-0.112207,-0.061582,-0.325777,-0.286306,-0.361327,-0.410120,-0.021000,-0.012811,-0.191062,0.088332,-0.353299,-0.115876,-0.407282,-0.383880,-0.127954,0.135143,-0.147526,-0.301658,-0.199551,-0.086437
0.430874,0.433731,0.259667,0.464549,1.168432,0.000000,0.727870,0.842376,1.248228,1.144173,0.289896,0.365616,0.816836,0.512284,0.804332,0.545997,0.141136,0.177026,0.315292,0.329332,-0.025609,0.091625,0.368443,0.142276,0.899124,0.929330,0.527589,0.229374,-0.006697,0.198345,-0.089811,-0.043381,0.189790,0.232444,0.070115,0.204802,-0.075714,0.119731,-0.149612,-0.095627,-0.002198,0.134969,0.016601,0.111911,0.141480,0.158208,0.019894,0.030822,0.140550,0.224754,0.268044,0.379592,0.255472,0.081830,-0.035334,-0.135993,0.184708,0.345209,0.098228,0.184404,0.065823,0.156511,0.120350,0.178819,0.211706,0.305463,0.379281,0.367996,0.468536,0.453684,0.036696,0.133487,-0.146534,0.029017,-0.161202,-0.215470,0.004442,0.032252,0.004830,0.279738,-0.028017,0.205715,-0.075902,-0.043687,0.069391,0.238134,-0.043992,-0.105474,0.088038,0.029105
0.503904,0.374118,0.757801,0.738072,0.853476,0.727870,0.000000,1.069647,0.804878,0.637017,0.389705,0.369850,0.874864,0.569766,0.526445,0.311327,0.024027,0.117231,0.428641,0.369280,-0.086887,-0.048585,0.734099,0.384927,0.778520,0.614456,0.338612,0.020538,0.077219,0.106530,0.113770,0.070241,0.316619,0.478098,0.289565,0.207975,-0.099004,-0.070022,-0.082480,-0.280132,0.020008,-0.090319,0.120233,0.187357,0.244902,0.253377,-0.021519,0.001900,0.173703,0.228250,0.408347,0.332805,0.181905,0.129450,-0.142884,-0.205760,0.082679,0.266815,0.028585,0.125516,0.068921,0.189711,0.129456,0.194184,0.317136,0.268269,0.288869,0.277739,0.176212,0.273650,0.182476,0.208973,-0.089498,-0.031775,-0.111668,-0.131948,0.093774,0.119811,0.102509,0.179298,-0.151864,0.061113,-0.249378,-0.173049,0.031465,0.148281,-0.069129,-0.217184,-0.151066,-0.016640
0.546255,0.799490,0.599105,1.050580,0.805865,0.842376,1.069647,0.000000,0.723829,0.796925,0.387448,0.755068,0.975296,1.003065,0.697532,0.714401,0.017266,0.449439,0.391789,0.514518,-0.160211,0.028150,0.563403,0.414730,0.870307,0.752655,0.467120,0.229419,-0.013410,0.277639,0.012404,0.049580,0.371632,0.542221,0.059941,0.061490,-0.210937,-0.081175,-0.062759,-0.156814,0.006952,0.002576,0.117964,0.263374,0.229049,0.305396,0.027880,0.045153,0.375425,0.499021,0.566485,0.627364,0.393641,0.342963,-0.022235,-0.142431,0.340227,0.591907,0.184676,0.285253,0.275316,0.479551,0.297435,0.538564,0.340389,0.627870,0.418897,0.428826,0.384032,0.527181,-0.053803,0.133338,-0.221938,0.063393,-0.099534,-0.084814,-0.110883,-0.053273,0.001803,0.311622,-0.077682,0.268093,-0.114716,0.044936,0.052678,0.311499,0.127609,-0.082748,0.059030,0.177305
0.292477,0.285523,0.201985,0.383869,1.809758,1.248228,0.804878,0.723829,0.000000,1.189298,0.152292,0.213797,0.774782,0.315127,0.724398,0.242609,-0.120948,-0.055317,0.220563,0.281466,-0.182873,-0.169089,0.401490,0.249354,1.008620,0.677253,0.480828,-0.130048,-0.146500,-0.041157,-0.138719,-0.202057,0.071108,0.133425,0.081979,0.150607,-0.155893,-0.087808,-0.327655,-0.222275,-0.012532,-0.047531,-0.084779,0.012071,0.102584,0.103375,-0.178519,-0.144005,0.008486,0.145897,0.128626,0.224233,0.040600,-0.095841,-0.290709,-0.341900,-0.057397,0.182896,-0.027908,0.124155,-0.045648,0.114922,-0.023636,0.123095,0.202854,0.252435,0.206886,0.234628,0.163281,0.231706,-0.078396,-0.000958,-0.238252,-0.242142,-0.292405,-0.327611,0.058551,0.032511,-0.197624,0.069862,-0.279803,-0.071157,-0.296691,-0.302049,-0.021486,0.175664,-0.174686,-0.292346,-0.150959,-0.047102
0.484077,0.548650,0.176516,0.433361,1.039375,1.144173,0.637017,0.796925,1.189298,0.000000,0.168756,0.325175,0.626491,0.424481,0.639024,0.380555,-0.020147,0.136131,0.247240,0.355207,-0.268681,-0.161951,0.241543,0.071827,0.925761,0.651598,0.668247,0.190178,-0.166569,-0.011127,-0.251926,-0.332797,0.204912,0.239689,-0.047085,0.055132,-0.235201,-0.095787,-0.202621,-0.221334,-0.053566,-0.097584,-0.071185,0.083811,0.139867,0.194686,-0.055531,-0.029923,0.264226,0.413699,0.291628,0.443972,0.234765,0.088982,-0.059198,-0.177745,0.240041,0.500365,0.211350,0.390503,0.154489,0.377089,0.132530,0.345705,0.284127,0.485730,0.401986,0.476507,0.442513,0.505077,-0.276717,-0.170626,-0.386140,-0.203531,-0.249813,-0.240321,-0.050289,-0.088991,-0.064987,0.251634,-0.063113,0.129057,-0.008139,0.073311,0.052685,0.175166,0.137803,-0.003465,0.093810,0.055874
0.707981,0.662962,0.431736,0.166576,0.239681,0.289896,0.389705,0.387448,0.152292,0.168756,0.000000,0.794515,0.839405,0.737234,0.338096,0.549860,0.563012,0.520984,0.358476,0.383581,-0.037931,-0.115109,0.345666,0.211974,0.304763,0.384013,0.348331,0.256175,0.172040,0.247258,0.040296,-0.014706,0.231420,0.250630,-0.129818,-0.138616,-0.182212,-0.216690,-0.117811,-0.049010,-0.185194,0.117366,-0.020225,-0.034620,-0.039602,-0.097201,-0.091726,-0.177555,0.228818,0.215691,0.422094,0.266290,0.243419,0.149716,-0.121382,-0.265913,0.406550,0.463165,0.194534,0.240437,0.220641,0.139067,0.326918,0.244994,0.240590,0.223988,0.292854,0.123264,0.363692,0.373778,0.189990,0.112051,-0.006978,0.086939,-0.110469,-0.094236,-0.205189,-0.154851,0.359984,0.117076,0.073861,0.117535,-0.061980,0.052484,-0.010987,0.118677,0.091067,0.091028,0.009146,0.188604
0.557062,1.197693,0.487413,0.509068,0.336463,0.365616,0.369850,0.755068,0.213797,0.325175,0.794515,0.000000,0.733736,1.267456,0.373918,0.906822,0.201286,0.882604,0.255336,0.558520,-0.159249,0.005294,0.540972,0.470566,0.515317,0.473880,0.481620,0.347789,-0.030231,0.366836,0.042038,-0.025245,0.284170,0.297354,-0.224119,-0.166124,-0.415005,-0.322769,-0.094309,-0.161517,-0.224936,0.089108,0.004562,0.075496,-0.009872,0.014928,-0.073644,-0.157192,0.338926,0.448074,0.734175,0.703884,0.335957,0.311948,-0.083217,-0.267529,0.581732,0.740614,0.262503,0.276593,0.487111,0.451298,0.511449,0.639576,0.252953,0.590642,0.315305,0.192373,0.403661,0.417426,-0.063209,0.062722,-0.177699,0.110409,-0.073567,-0.067264,-0.518072,-0.327350,0.101248,0.275891,0.002400,0.182012,-0.123856,0.127583,-0.142879,0.264472,0.259348,0.046059,0.119524,0.292597
0.566425,0.613443,0.556892,0.550615,0.850768,0.816836,0.874864,0.975296,0.774782,0.626491,0.839405,0.733736,0.000000,0.989527,0.900605,0.718536,0.262097,0.457709,0.357282,0.395304,-0.053836,-0.037884,0.547650,0.421026,0.732673,0.716133,0.385442,0.087772,0.161587,0.335519,0.087232,0.077852,0.131528,0.216263,-0.012645,0.001077,-0.126144,-0.101892,-0.175771,-0.149126,-0.011209,0.099717,0.012269,0.109808,0.085345,0.100873,-0.076984,-0.097590,0.165210,0.235623,0.412420,0.367617,0.295626,0.147954,-0.143298,-0.232223,0.210631,0.404908,0.086708,0.171367,0.106621,0.206391,0.208677,0.285819,0.312013,0.357837,0.292090,0.211676,0.331052,0.425230,0.137528,0.229249,-0.013880,0.128018,-0.040743,-0.038551,-0.075082,-0.021070,0.117338,0.171952,-0.052915,0.153920,-0.180541,-0.103115,0.050231,0.264717,-0.054637,-0.147276,-0.045074,0.167831
0.497866,0.922450,0.502307,0.612411,0.401247,0.512284,0.569766,1.003065,0.315127,0.424481,0.737234,1.267456,0.989527,0.000000,0.631487,1.025364,0.342394,0.923004,0.205919,0.411242,-0.036423,0.143241,0.429551,0.349489,0.497564,0.540405,0.347523,0.380714,0.183039,0.589772,0.132921,0.152176,0.311238,0.388888,-0.087152,-0.039855,-0.229333,-0.056475,-0.054771,-0.043708,-0.148262,0.196288,0.196815,0.278520,0.217864,0.232544,0.137464,0.064495,0.411440,0.485604,0.710198,0.713696,0.495713,0.414542,0.048738,-0.063050,0.461508,0.680376,0.208223,0.259383,0.302636,0.416511,0.382798,0.556687,0.321235,0.610387,0.398576,0.332749,0.439891,0.491198,0.057736,0.221156,-0.042710,0.315424,0.042536,0.079416,-0.293147,-0.108084,0.202519,0.399722,0.075047,0.387831,-0.084445,0.157584,0.069314,0.332977,0.159043,0.002413,0.106369,0.283073
0.311273,0.358903,0.307731,0.535141,0.559244,0.804332,0.526445,0.697532,0.724398,0.639024,0.338096,0.373918,0.900605,0.631487,0.000000,0.796326,0.249190,0.278607,0.211536,0.203909,0.341133,0.412067,0.249892,0.302038,0.506761,0.789122,0.224424,0.191415,0.311640,0.541899,0.276410,0.316263,0.126326,0.183218,-0.083318,-0.017802,0.066406,0.110236,0.004190,0.096336,0.208395,0.357846,-0.026825,0.107474,0.118374,0.136922,0.054410,0.073731,0.058825,0.169538,0.162634,0.231945,0.191970,0.068588,0.003607,-0.048534,0.106793,0.302707,0.005632,0.105620,-0.026066,0.135728,0.062265,0.128938,0.219249,0.343601,0.324079,0.371121,0.401870,0.425704,0.122671,0.302822,0.119713,0.291684,0.078114,0.057623,-0.014337,0.003666,0.064185,0.106987,0.099863,0.294675,0.130410,0.130727,0.282494,0.391766,-0.030240,-0.118730,0.125199,0.208204
0.437616,0.799013,0.425219,0.608717,0.261002,0.545997,0.311327,0.714401,0.242609,0.380555,0.549860,0.906822,0.718536,1.025364,0.796326,0.000000,0.260098,0.677602,0.303087,0.461546,0.253967,0.408423,0.323804,0.467088,0.459106,0.910452,0.442382,0.645015,0.096308,0.603446,0.107825,0.274846,0.160905,0.232803,-0.216527,-0.108159,-0.141485,0.018025,0.146736,0.194361,0.101295,0.355577,0.079728,0.134707,0.022613,0.012744,0.082567,0.074485,0.321373,0.336480,0.509464,0.507942,0.403570,0.399415,0.181431,0.044791,0.549851,0.711875,0.362656,0.343775,0.370293,0.398486,0.425099,0.428109,0.128333,0.451269,0.456542,0.354837,0.580923,0.637424,0.031080,0.195506,-0.027174,0.324298,0.043814,0.050455,-0.348388,-0.240666,0.145202,0.223760,0.226671,0.412221,0.218602,0.435652,0.148330,0.459375,0.294898,0.180670,0.378838,0.459662
0.313797,0.180327,0.052706,-0.011860,-0.140635,0.141136,0.024027,0.017266,-0.120948,-0.020147,0.563012,0.201286,0.262097,0.342394,0.249190,0.260098,0.000000,0.543052,0.143097,0.051155,0.255091,0.301498,-0.082851,-0.195554,-0.115571,0.056817,-0.054572,0.326272,0.582542,0.518646,0.304031,0.288707,0.251995,0.197278,0.045367,0.059677,0.247469,0.341853,0.099436,0.223987,-0.107406,0.338941,0.159378,0.259119,0.140909,0.222103,0.344345,0.258578,0.062569,0.041589,0.174434,0.112600,0.368400,0.038271,0.241702,0.198037,0.294492,0.243854,0.125598,0.113669,0.025566,-0.008173,0.295675,0.038784,0.231488,0.158712,0.441128,0.416614,0.589805,0.419759,0.304287,0.289064,0.405395,0.542885,0.297515,0.255827,0.052171,0.135822,0.932742,0.472140,0.711322,0.633391,0.252126,0.344807,0.490214,0.311760,0.187511,0.272308,0.342144,0.234369
0.360390,0.689572,0.410428,0.370772,0.018436,0.177026,0.117231,0.449439,-0.055317,0.136131,0.520984,0.882604,0.457709,0.923004,0.278607,0.677602,0.543052,0.000000,0.157531,0.305286,0.017216,0.201017,0.245209,0.206709,0.174685,0.179236,0.227567,0.464564,0.232107,0.556046,0.250082,0.238693,0.214276,0.260019,-0.051110,0.079175,-0.082850,0.047453,0.029387,0.030363,-0.184705,0.132502,0.248349,0.363959,0.141046,0.275356,0.215409,0.179943,0.418352,0.490978,0.739825,0.753697,0.523075,0.450653,0.217002,0.130112,0.595029,0.638377,0.406258,0.367021,0.452989,0.537926,0.634876,0.672502,0.338056,0.596654,0.407994,0.383484,0.492283,0.457617,-0.004847,0.188854,0.079344,0.479527,0.173927,0.238083,-0.304125,-0.161755,0.406354,0.582344,0.447863,0.715214,0.082319,0.354829,0.144362,0.356848,0.408314,0.262940,0.294962,0.431444
0.643350,0.468130,0.551020,0.544125,0.264912,0.315292,0.428641,0.391789,0.220563,0.247240,0.358476,0.255336,0.357282,0.205919,0.211536,0.303087,0.143097,0.157531,0.000000,1.143139,-0.013551,-0.051293,0.303857,0.270492,0.335068,0.439590,0.425289,0.288989,-0.120386,-0.048173,-0.091684,-0.049122,0.215061,0.424850,0.119000,0.055557,0.065710,-0.031074,0.262465,0.052720,0.223711,-0.070184,0.053331,0.076561,0.121882,0.125604,-0.077920,0.008036,0.183465,0.203292,0.299478,0.166434,0.198327,0.042299,0.082346,0.059825,0.466327,0.417608,0.533300,0.548981,0.374791,0.345995,0.279997,0.190526,0.297098,0.237344,0.615713,0.451457,0.424023,0.585354,-0.054320,-0.046906,-0.102641,-0.065307,0.026660,-0.090158,-0.048049,-0.103893,0.124008,0.045962,0.146854,0.100914,0.241625,0.284443,0.165535,0.275987,0.316822,0.362995,0.473847,0.369440
0.651176,0.805894,0.443233,0.586002,0.355744,0.329332,0.369280,0.514518,0.281466,0.355207,0.383581,0.558520,0.395304,0.411242,0.203909,0.461546,0.051155,0.305286,1.143139,0.000000,-0.133443,-0.105955,0.391923,0.378168,0.454702,0.484942,0.599512,0.322959,-0.303862,-0.083195,-0.160042,-0.199046,0.274733,0.447849,-0.005473,-0.027794,-0.213145,-0.218287,0.208942,-0.040440,0.047920,-0.021123,-0.017089,0.011037,0.066024,0.061708,-0.189899,-0.126672,0.257167,0.312274,0.421138,0.428212,0.144613,0.045047,-0.019648,-0.120063,0.616379,0.600926,0.633164,0.649221,0.539575,0.530284,0.368146,0.370428,0.325908,0.492277,0.592512,0.440746,0.463302,0.648790,-0.195223,-0.142100,-0.206042,-0.155416,-0.013257,-0.160162,-0.239998,-0.175410,0.050197,0.112758,0.022348,0.007397,0.147504,0.281038,-0.040212,0.282333,0.366403,0.344280,0.428377,0.380494
-0.016275,-0.291506,0.064752,0.020634,-0.341185,-0.025609,-0.086887,-0.160211,-0.182873,-0.268681,-0.037931,-0.159249,-0.053836,-0.036423,0.341133,0.253967,0.255091,0.017216,-0.013551,-0.133443,0.000000,1.170882,-0.045253,0.104898,-0.374937,0.186142,-0.243254,0.329365,0.487835,0.470669,0.623885,0.868246,-0.176012,-0.130596,-0.033236,0.179233,0.496175,0.462629,0.436834,0.273640,0.507142,0.519545,0.120119,0.066106,-0.078146,-0.008986,0.126450,0.231930,-0.072597,-0.195403,-0.138807,-0.083707,-0.021651,0.073117,0.219701,0.306829,-0.069538,-0.287138,-0.019539,-0.169958,-0.084172,-0.169946,-0.025685,-0.278198,-0.119923,-0.173773,-0.027609,0.040361,0.001555,-0.056538,0.603977,0.729486,0.706917,0.632369,0.358143,0.327841,0.128551,0.217633,0.234601,-0.113032,0.391835,0.230458,0.357693,0.223720,0.343715,0.287950,-0.189500,0.072677,0.147406,0.259172
-0.080445,-0.136983,0.098580,0.236202,-0.282040,0.091625,-0.048585,0.028150,-0.169089,-0.161951,-0.115109,0.005294,-0.037884,0.143241,0.412067,0.408423,0.301498,0.201017,-0.051293,-0.105955,1.170882,0.000000,0.053867,0.150362,-0.269732,0.236448,-0.259008,0.452460,0.504279,0.632859,0.641679,0.946228,0.034831,0.029846,-0.050022,0.131098,0.433508,0.533928,0.540395,0.301030,0.354155,0.608820,0.175494,0.185974,0.035721,0.127204,0.323065,0.354189,0.015359,-0.042110,0.043120,0.102329,0.242426,0.228168,0.457095,0.411161,0.101977,-0.072582,0.011359,-0.133555,0.071104,-0.013490,0.103676,-0.072352,-0.074434,0.009977,0.091809,0.118761,0.191749,0.045987,0.597332,0.810130,0.709179,0.859553,0.528816,0.415226,0.096766,0.266934,0.297075,0.167487,0.459889,0.433856,0.357202,0.294732,0.331112,0.354477,-0.043533,0.026959,0.281230,0.264738
0.235362,0.272556,0.926443,0.608199,0.527377,0.368443,0.734099,0.563403,0.401490,0.241543,0.345666,0.540972,0.547650,0.429551,0.249892,0.323804,-0.082851,0.245209,0.303857,0.391923,-0.045253,0.053867,0.000000,0.970122,0.619115,0.501628,0.179143,-0.064906,0.113886,0.213023,0.360277,0.229711,0.133143,0.158506,0.175549,0.148029,-0.218772,-0.188447,0.034548,-0.310249,-0.143985,0.028420,0.009484,0.014435,0.044712,0.057928,-0.173093,-0.188669,0.026393,0.096791,0.462294,0.341859,0.136205,0.138321,-0.142023,-0.286891,0.092105,0.107953,-0.004572,-0.034267,0.192017,0.071582,0.193461,0.156739,0.056298,0.119650,0.080257,-0.064158,0.035088,0.025417,0.256939,0.287710,0.009583,0.058607,0.013498,-0.054565,-0.134514,-0.018887,0.001387,0.118488,-0.125094,-0.090235,-0.304076,-0.278422,-0.323352,0.048114,-0.030830,-0.302620,-0.254198,-0.017212
0.098903,0.220409,0.642383,0.633948,0.287669,0.142276,0.384927,0.414730,0.249354,0.071827,0.211974,0.470566,0.421026,0.349489,0.302038,0.467088,-0.195554,0.206709,0.270492,0.378168,0.104898,0.150362,0.970122,0.000000,0.362678,0.484852,0.083143,-0.067499,0.073746,0.278354,0.400074,0.362607,0.030604,0.032543,0.044713,-0.031431,-0.130588,-0.232123,0.063883,-0.067553,0.003998,0.018072,0.022666,0.021414,0.062229,-0.020605,-0.174120,-0.148944,0.052993,0.123212,0.386305,0.251601,0.075277,0.140554,-0.084993,-0.154015,0.092713,0.109380,0.069553,0.028731,0.266713,0.175548,0.263888,0.221360,0.031672,0.202553,0.066904,-0.039446,-0.080047,-0.004541,0.121322,0.262566,0.119547,0.113816,0.145327,0.144866,-0.188436,-0.126374,-0.129732,-0.056143,-0.062210,-0.032007,-0.252456,-0.175139,-0.140665,0.301708,0.008935,-0.310781,-0.086820,0.347106
0.367942,0.552188,0.501896,0.554856,1.242754,0.899124,0.778520,0.870307,1.008620,0.925761,0.304763,0.515317,0.732673,0.497564,0.506761,0.459106,-0.115571,0.174685,0.335068,0.454702,-0.374937,-0.269732,0.619115,0.362678,0.000000,0.854475,0.769432,0.003840,-0.240356,0.010728,-0.195851,-0.250581,0.072436,0.143292,-0.019929,0.073919,-0.377832,-0.256381,-0.385709,-0.197706,-0.175831,-0.111460,-0.032381,0.045119,-0.002310,0.017963,-0.171787,-0.160573,0.094696,0.238254,0.362294,0.376313,0.103695,0.064689,-0.229784,-0.364737,0.133729,0.433295,0.093955,0.238555,0.096660,0.221613,0.139344,0.260019,0.094567,0.302164,0.260925,0.254370,0.224243,0.382773,-0.255685,-0.191676,-0.452498,-0.336098,-0.429179,-0.458118,-0.234769,-0.275502,-0.185333,0.087015,-0.211436,-0.016660,-0.264369,-0.118373,-0.114818,0.183956,0.120167,-0.136992,-0.054958,0.013122
0.372814,0.497301,0.496473,0.687973,0.670265,0.929330,0.614456,0.752655,0.677253,0.651598,0.384013,0.473880,0.716133,0.540405,0.789122,0.910452,0.056817,0.179236,0.439590,0.484942,0.186142,0.236448,0.501628,0.484852,0.854475,0.000000,0.579405,0.334708,0.027029,0.277982,0.054960,0.136601,0.035582,0.149416,-0.071579,0.065274,-0.053383,0.058364,-0.023334,0.013593,0.189720,0.171074,0.118914,0.153570,0.047151,-0.004205,0.063749,0.114505,0.163006,0.203600,0.291795,0.315540,0.194337,0.184682,0.063936,-0.001529,0.211556,0.409798,0.185049,0.285123,0.103471,0.165594,0.116926,0.125556,-0.042516,0.186426,0.381793,0.367979,0.389690,0.496233,0.014888,0.144917,-0.053128,0.047803,-0.106237,-0.102028,-0.107746,-0.114401,-0.022441,0.048274,0.088025,0.197040,0.117717,0.178433,0.124398,0.392026,0.086891,-0.021832,0.219238,0.253494
0.551467,0.705247,0.253019,0.244523,0.551979,0.527589,0.338612,0.467120,0.480828,0.668247,0.348331,0.481620,0.385442,0.347523,0.224424,0.442382,-0.054572,0.227567,0.425289,0.599512,-0.243254,-0.259008,0.179143,0.083143,0.769432,0.579405,0.000000,0.552197,-0.523431,-0.221214,-0.448840,-0.478271,0.019612,0.139910,-0.190618,0.016361,-0.453829,-0.384772,-0.196964,-0.199500,-0.058332,-0.261321,-0.022494,0.016483,-0.099403,-0.053256,-0.207953,-0.168281,0.286733,0.373078,0.374859,0.411341,0.103602,0.142497,-0.141704,-0.236500,0.445991,0.672876,0.505646,0.645658,0.355850,0.493830,0.320222,0.447095,0.169147,0.359830,0.414817,0.386062,0.362222,0.527912,-0.341750,-0.345424,-0.592653,-0.504593,-0.580372,-0.551840,-0.336980,-0.407351,-0.121721,0.090183,-0.047642,0.044429,0.102258,0.251830,0.009979,0.240286,0.381350,0.298231,0.300665,0.225049
0.441777,0.488697,0.163706,0.227846,-0.156697,0.229374,0.020538,0.229419,-0.130048,0.190178,0.256175,0.347789,0.087772,0.380714,0.191415,0.645015,0.326272,0.464564,0.288989,0.322959,0.329365,0.452460,-0.064906,-0.067499,0.003840,0.334708,0.552197,0.000000,-0.034178,0.188417,-0.063581,0.116162,0.239079,0.296228,-0.137563,0.071568,-0.035452,0.108174,0.399059,0.108922,0.106162,0.124632,0.149948,0.192067,0.022502,0.124918,0.187930,0.225459,0.431322,0.375846,0.409419,0.478963,0.435992,0.450259,0.412510,0.269267,0.782039,0.636423,0.571131,0.483301,0.469488,0.503912,0.457041,0.409950,0.189925,0.352368,0.498226,0.452875,0.676718,0.608525,0.066020,0.096627,-0.054817,0.203923,0.016278,0.044014,-0.164164,-0.095740,0.283675,0.387051,0.424298,0.495168,0.555794,0.740918,0.237167,0.249789,0.503058,0.539728,0.643392,0.375272
-0.058944,-0.215456,0.156220,0.112355,-0.224155,-0.006697,0.077219,-0.013410,-0.146500,-0.166569,0.172040,-0.030231,0.161587,0.183039,0.311640,0.096308,0.582542,0.232107,-0.120386,-0.303862,0.487835,0.504279,0.113886,0.073746,-0.240356,0.027029,-0.523431,-0.034178,0.000000,1.049252,0.875279,0.735467,0.079741,0.012720,0.111975,0.101914,0.401485,0.374024,0.117573,0.053729,-0.038700,0.231916,0.255800,0.310395,0.292730,0.360595,0.455947,0.393389,-0.001144,-0.071689,0.056600,-0.011251,0.168559,0.095214,0.249797,0.324852,-0.149358,-0.221964,-0.236025,-0.265229,-0.257437,-0.322436,-0.141185,-0.256555,-0.008419,-0.094710,0.047420,0.054071,0.086146,-0.066501,0.419036,0.524496,0.617668,0.914608,0.502105,0.637923,0.040510,0.090674,0.517605,0.297636,0.603672,0.490406,0.137945,0.041273,0.277018,0.080562,-0.096479,-0.204565,-0.072376,0.032683
0.094628,0.142423,0.201645,0.342948,-0.068168,0.198345,0.106530,0.277639,-0.041157,-0.011127,0.247258,0.366836,0.335519,0.589772,0.541899,0.603446,0.518646,0.556046,-0.048173,-0.083195,0.470669,0.632859,0.213023,0.278354,0.010728,0.277982,-0.221214,0.188417,1.049252,0.000000,0.718351,0.783020,0.172660,0.112057,0.013056,0.007880,0.193038,0.344528,0.116658,0.255432,-0.094199,0.449640,0.268669,0.383058,0.334597,0.390896,0.415898,0.355336,0.172922,0.152178,0.318327,0.278295,0.329185,0.264820,0.263172,0.262598,0.103177,0.084834,-0.050356,-0.107337,0.007517,-0.035745,0.120701,0.060298,0.097876,0.243548,0.225895,0.204071,0.254299,0.105001,0.250699,0.491207,0.398565,1.040229,0.406916,0.524485,-0.209209,-0.062439,0.341214,0.327368,0.520195,0.648635,0.103304,0.173933,0.276463,0.348928,0.032534,-0.142071,0.111464,0.262825
-0.118952,-0.252938,0.350554,0.306296,-0.216594,-0.089811,0.113770,0.012404,-0.138719,-0.251926,0.040296,0.042038,0.087232,0.132921,0.276410,0.107825,0.304031,0.250082,-0.091684,-0.160042,0.623885,0.641679,0.360277,0.400074,-0.195851,0.054960,-0.448840,-0.063581,0.875279,0.718351,0.000000,1.208585,0.035031,-0.014597,0.146564,0.124314,0.303870,0.203215,0.208459,0.034869,0.003747,0.224864,0.126113,0.199806,0.168939,0.244069,0.183622,0.195092,-0.128539,-0.121237,0.053257,-0.015455,-0.036450,-0.052225,0.067109,0.151980,-0.222550,-0.278007,-0.241392,-0.317405,-0.168209,-0.252169,-0.081556,-0.203460,0.043544,-0.019095,-0.070411,-0.031087,-0.108803,-0.178162,0.535241,0.746686,0.735733,0.774719,0.564976,0.597143,0.084870,0.145951,0.322101,0.158009,0.344421,0.265395,0.024048,-0.029615,0.160368,0.161746,-0.137239,-0.273095,-0.123185,0.111390
-0.136393,-0.314550,0.321208,0.319045,-0.285270,-0.043381,0.070241,0.049580,-0.202057,-0.332797,-0.014706,-0.025245,0.077852,0.152176,0.316263,0.274846,0.288707,0.238693,-0.049122,-0.199046,0.868246,0.946228,0.229711,0.362607,-0.250581,0.136601,-0.478271,0.116162,0.735467,0.783020,1.208585,0.000000,-0.058547,-0.010140,0.131048,0.218294,0.498485,0.442272,0.423701,0.293679,0.243115,0.414203,0.167218,0.210563,0.085206,0.211665,0.208696,0.283173,-0.122917,-0.169617,0.011045,-0.049656,0.076760,0.114609,0.226268,0.326596,-0.157106,-0.265017,-0.185822,-0.330981,-0.134783,-0.221641,-0.050425,-0.216564,-0.017165,-0.086462,-0.033956,-0.001084,-0.064583,-0.079430,0.721874,1.049937,0.792862,0.963255,0.573756,0.531490,0.179645,0.268770,0.221215,0.097861,0.316437,0.350672,0.121340,0.065645,0.259319,0.293145,-0.175557,-0.173639,0.002372,0.207719
0.425346,0.492224,0.032270,0.321481,0.082427,0.189790,0.316619,0.371632,0.071108,0.204912,0.231420,0.284170,0.131528,0.311238,0.126326,0.160905,0.251995,0.214276,0.215061,0.274733,-0.176012,0.034831,0.133143,0.030604,0.072436,0.035582,0.019612,0.239079,0.079741,0.172660,0.035031,-0.058547,0.000000,1.182691,0.307935,-0.072874,-0.183179,-0.074472,0.094098,0.029311,-0.266285,0.069498,-0.068920,0.074549,0.451972,0.351350,0.116665,-0.007658,0.311846,0.367464,0.401145,0.340136,0.283286,0.038057,0.056190,-0.161938,0.559083,0.492081,0.179868,0.162149,0.412591,0.329252,0.383733,0.384791,0.536015,0.589754,0.441030,0.332322,0.591965,0.293279,-0.083792,-0.070509,-0.057025,0.166282,0.139774,0.176001,-0.113159,0.056084,0.353940,0.408803,0.035638,0.156845,-0.087651,0.033373,-0.137635,-0.128641,0.055502,-0.128996,0.095273,-0.013148
0.524058,0.567426,0.172369,0.433580,0.145302,0.232444,0.478098,0.542221,0.133425,0.239689,0.250630,0.297354,0.216263,0.388888,0.183218,0.232803,0.197278,0.260019,0.424850,0.447849,-0.130596,0.029846,0.158506,0.032543,0.143292,0.149416,0.139910,0.296228,0.012720,0.112057,-0.014597,-0.010140,1.182691,0.000000,0.351514,0.079561,-0.098558,-0.007560,0.207770,0.024354,-0.083466,0.053582,0.063305,0.180344,0.494193,0.499439,0.112718,0.061260,0.377019,0.438707,0.407323,0.373154,0.300970,0.077829,0.062298,-0.038079,0.527035,0.628962,0.366407,0.388565,0.422955,0.506569,0.303022,0.450405,0.571759,0.630249,0.697449,0.573568,0.595035,0.529897,-0.042094,-0.030174,-0.135592,0.118588,0.027806,0.001626,-0.030760,0.092518,0.351300,0.463617,0.050682,0.223705,0.109266,0.205334,0.070900,0.097047,0.188323,0.098551,0.248824,0.141247
-0.067627,-0.187404,0.111661,0.148048,0.093395,0.070115,0.289565,0.059941,0.081979,-0.047085,-0.129818,-0.224119,-0.012645,-0.087152,-0.083318,-0.216527,0.045367,-0.051110,0.119000,-0.005473,-0.033236,-0.050022,0.175549,0.044713,-0.019929,-0.071579,-0.190618,-0.137563,0.111975,0.013056,0.146564,0.131048,0.307935,0.351514,0.000000,0.786336,0.242524,0.365021,0.171629,0.107117,0.053904,0.017208,0.200114,0.253627,0.591515,0.464904,0.178592,0.189178,-0.026806,0.016098,0.189323,0.126619,-0.005594,-0.087189,0.093661,0.142647,-0.071772,-0.148078,-0.074182,-0.202777,0.028156,0.005228,-0.002245,-0.039185,0.302128,0.139569,0.122141,0.212514,-0.053571,-0.130262,0.210200,0.176931,0.087651,0.066151,0.204143,0.202273,0.514881,0.510370,0.160941,0.141811,-0.040880,0.048418,-0.116292,-0.179761,0.029219,-0.046804,-0.114697,-0.137703,-0.071583,-0.051380
-0.080706,-0.216956,0.127021,0.089093,0.129696,0.204802,0.207975,0.061490,0.150607,0.055132,-0.138616,-0.166124,0.001077,-0.039855,-0.017802,-0.108159,0.059677,0.079175,0.055557,-0.027794,0.179233,0.131098,0.148029,-0.031431,0.073919,0.065274,0.016361,0.071568,0.101914,0.007880,0.124314,0.218294,-0.072874,0.079561,0.786336,0.000000,0.430952,0.481228,0.143788,-0.078019,0.144918,-0.031486,0.304129,0.278613,0.223314,0.322475,0.157506,0.272155,-0.015094,0.016423,0.176919,0.297315,0.010783,0.101482,0.162626,0.278141,-0.085066,-0.193415,-0.011999,-0.148222,-0.018206,-0.030214,-0.017190,-0.102721,0.081621,0.006272,0.100944,0.246378,-0.097410,-0.017261,0.356792,0.365821,0.111644,0.072802,-0.020081,-0.025432,0.438538,0.442505,0.075417,0.182923,0.054041,0.170022,-0.015190,-0.078553,0.146053,0.148069,-0.115874,-0.037173,-0.006210,0.043764
-0.199702,-0.426154,-0.108130,0.000309,-0.263291,-0.075714,-0.099004,-0.210937,-0.155893,-0.235201,-0.182212,-0.415005,-0.126144,-0.229333,0.066406,-0.141485,0.247469,-0.082850,0.065710,-0.213145,0.496175,0.433508,-0.218772,-0.130588,-0.377832,-0.053383,-0.453829,-0.035452,0.401485,0.193038,0.303870,0.498485,-0.183179,-0.098558,0.242524,0.430952,0.000000,1.027930,0.482852,0.490318,0.583712,0.286410,0.426478,0.400757,0.172418,0.223718,0.531570,0.681202,0.051688,-0.026129,-0.051455,-0.089382,0.207824,0.186819,0.609648,0.780113,-0.134502,-0.295539,-0.002413,-0.106371,-0.095006,-0.176706,-0.119724,-0.313447,-0.103322,-0.235987,0.037290,0.164390,-0.062371,-0.074390,0.451900,0.530894,0.731666,0.549463,0.509558,0.439361,0.703571,0.617283,0.230990,0.012449,0.344834,0.321284,0.319024,0.188932,0.532057,0.299954,-0.055683,0.148669,0.219091,0.197001
-0.215968,-0.302046,-0.165801,0.005541,-0.145879,0.119731,-0.070022,-0.081175,-0.087808,-0.095787,-0.216690,-0.322769,-0.101892,-0.056475,0.110236,0.018025,0.341853,0.047453,-0.031074,-0.218287,0.462629,0.533928,-0.188447,-0.232123,-0.256381,0.058364,-0.384772,0.108174,0.374024,0.344528,0.203215,0.442272,-0.074472,-0.007560,0.365021,0.481228,1.027930,0.000000,0.448612,0.602077,0.367389,0.552968,0.528182,0.532667,0.316997,0.352564,0.718119,0.820196,0.100418,0.047873,-0.000272,0.082565,0.341607,0.284172,0.735605,0.910496,-0.070000,-0.199202,0.004578,-0.084210,-0.102821,-0.086253,-0.084395,-0.204745,-0.132396,-0.088919,0.151975,0.285185,0.096709,-0.004569,0.407055,0.503129,0.538506,0.645599,0.423143,0.417903,0.627921,0.745284,0.321281,0.221266,0.392973,0.501532,0.318333,0.252645,0.540460,0.328243,-0.015813,0.200142,0.256881,0.146928
0.070259,-0.032052,0.052488,0.159269,-0.377835,-0.149612,-0.082480,-0.062759,-0.327655,-0.202621,-0.117811,-0.094309,-0.175771,-0.054771,0.004190,0.146736,0.099436,0.029387,0.262465,0.208942,0.436834,0.540395,0.034548,0.063883,-0.385709,-0.023334,-0.196964,0.399059,0.117573,0.116658,0.208459,0.423701,0.094098,0.207770,0.171629,0.143788,0.482852,0.448612,0.000000,0.454009,0.604570,0.425155,0.146101,0.156492,0.105072,0.215667,0.220700,0.282893,0.145112,0.070903,0.147082,0.094432,0.227939,0.301325,0.627141,0.493614,0.342168,0.041996,0.341402,0.087219,0.372921,0.130808,0.035533,-0.049517,0.022497,0.026405,0.186470,0.116843,0.172133,0.127262,0.444472,0.419106,0.378875,0.409490,0.590413,0.312887,0.376444,0.478315,0.186742,0.092279,0.196941,0.056822,0.601810,0.447457,0.114011,0.103832,0.252226,0.395666,0.315318,0.117074
-0.091582,-0.089550,-0.228931,-0.078134,-0.239817,-0.095627,-0.280132,-0.156814,-0.222275,-0.221334,-0.049010,-0.161517,-0.149126,-0.043708,0.096336,0.194361,0.223987,0.030363,0.052720,-0.040440,0.273640,0.301030,-0.310249,-0.067553,-0.197706,0.013593,-0.199500,0.108922,0.053729,0.255432,0.034869,0.293679,0.029311,0.024354,0.107117,-0.078019,0.490318,0.602077,0.454009,0.000000,0.321281,0.697432,0.176542,0.193029,0.160427,0.059813,0.265884,0.303376,0.088969,0.042556,0.023166,-0.076094,0.184465,0.210638,0.411234,0.385768,0.124032,0.040747,0.121635,0.011516,0.118011,0.006869,0.092527,-0.036414,-0.007717,0.061592,0.114704,0.147337,0.073500,0.025085,0.105175,0.153542,0.294359,0.349243,0.351458,0.245433,0.286030,0.272346,0.088075,-0.106222,0.138194,0.224943,0.223203,0.271922,0.292032,0.313116,0.096665,0.224727,0.224809,0.239238
-0.018926,-0.147721,0.061005,0.123269,-0.105776,-0.002198,0.020008,0.006952,-0.012532,-0.053566,-0.185194,-0.224936,-0.011209,-0.148262,0.208395,0.101295,-0.107406,-0.184705,0.223711,0.047920,0.507142,0.354155,-0.143985,0.003998,-0.175831,0.189720,-0.058332,0.106162,-0.038700,-0.094199,0.003747,0.243115,-0.266285,-0.083466,0.053904,0.144918,0.583712,0.367389,0.604570,0.321281,0.000000,0.226336,0.063385,0.029692,-0.138805,-0.089307,0.048511,0.197681,-0.018069,-0.085072,-0.134952,-0.118629,0.019167,0.201784,0.281001,0.340756,-0.013348,-0.128225,0.099102,-0.002460,0.053421,-0.007487,-0.096004,-0.189890,-0.173386,-0.198558,-0.034100,0.082840,-0.033342,0.034020,0.228222,0.326157,0.290873,0.115821,0.269370,0.138455,0.389415,0.307460,-0.053616,-0.256682,0.027715,-0.070401,0.444042,0.248628,0.169249,0.139717,-0.075566,0.271222,0.166508,0.135587
0.018132,-0.010783,-0.130915,-0.088229,-0.048176,0.134969,-0.090319,0.002576,-0.047531,-0.097584,0.117366,0.089108,0.099717,0.196288,0.357846,0.355577,0.338941,0.132502,-0.070184,-0.021123,0.519545,0.608820,0.028420,0.018072,-0.111460,0.171074,-0.261321,0.124632,0.231916,0.449640,0.224864,0.414203,0.069498,0.053582,0.017208,-0.031486,0.286410,0.552968,0.425155,0.697432,0.226336,0.000000,0.023435,0.008742,0.015584,-0.003962,0.090576,0.051473,-0.084507,-0.091836,-0.007256,0.049508,0.131688,0.064055,0.159738,0.088129,0.075598,-0.060601,-0.053039,-0.215991,0.010807,-0.110340,0.025300,-0.093431,-0.047937,0.058373,0.066528,0.037856,0.169615,0.042637,0.389574,0.440826,0.437473,0.590307,0.321202,0.124495,0.138798,0.351155,0.227061,-0.055553,0.083361,0.116351,0.183432,0.108795,0.093747,0.203308,-0.129446,0.037776,-0.009599,0.029439
-0.144721,-0.003198,0.113652,0.132616,-0.038314,0.016601,0.120233,0.117964,-0.084779,-0.071185,-0.020225,0.004562,0.012269,0.196815,-0.026825,0.079728,0.159378,0.248349,0.053331,-0.017089,0.120119,0.175494,0.009484,0.022666,-0.032381,0.118914,-0.022494,0.149948,0.255800,0.268669,0.126113,0.167218,-0.068920,0.063305,0.200114,0.304129,0.426478,0.528182,0.146101,0.176542,0.063385,0.023435,0.000000,1.473933,0.708055,0.597633,1.118906,1.137492,0.616041,0.494483,0.533117,0.392536,0.581838,0.642470,0.729129,0.838374,0.109987,0.129844,0.296165,0.300122,0.136914,0.215612,0.136175,0.162225,-0.106729,0.027489,0.301149,0.371167,-0.021561,0.001997,0.054172,0.113173,0.177782,0.313554,0.111912,0.278337,0.195625,0.178560,0.302722,0.336757,0.394739,0.554311,0.071888,0.182634,0.454330,0.391063,0.282083,0.184509,0.227774,0.226946
-0.024012,0.111925,0.132895,0.309674,0.029912,0.111911,0.187357,0.263374,0.012071,0.083811,-0.034620,0.075496,0.109808,0.278520,0.107474,0.134707,0.259119,0.363959,0.076561,0.011037,0.066106,0.185974,0.014435,0.021414,0.045119,0.153570,0.016483,0.192067,0.310395,0.383058,0.199806,0.210563,0.074549,0.180344,0.253627,0.278613,0.400757,0.532667,0.156492,0.193029,0.029692,0.008742,1.473933,0.000000,0.843148,0.944329,1.208149,1.317550,0.628560,0.636830,0.595768,0.476219,0.648087,0.602764,0.733294,0.834423,0.209788,0.257736,0.314535,0.330267,0.207130,0.327093,0.204461,0.283127,0.092579,0.253778,0.426568,0.591795,0.150083,0.145918,-0.012173,0.122250,0.170172,0.381120,0.200108,0.399575,0.222254,0.195240,0.315604,0.461326,0.472951,0.717959,0.105338,0.244397,0.543533,0.473034,0.348111,0.154882,0.332287,0.264099
0.026052,0.080794,0.047600,0.278768,0.117996,0.141480,0.244902,0.229049,0.102584,0.139867,-0.039602,-0.009872,0.085345,0.217864,0.118374,0.022613,0.140909,0.141046,0.121882,0.066024,-0.078146,0.035721,0.044712,0.062229,-0.002310,0.047151,-0.099403,0.022502,0.292730,0.334597,0.168939,0.085206,0.451972,0.494193,0.591515,0.223314,0.172418,0.316997,0.105072,0.160427,-0.138805,0.015584,0.708055,0.843148,0.000000,1.170419,0.699481,0.605506,0.626239,0.637583,0.573003,0.379864,0.413094,0.241400,0.384619,0.419623,0.138278,0.204848,0.216827,0.242995,0.200604,0.272483,0.151553,0.260272,0.443242,0.425968,0.513202,0.573715,0.134243,0.044393,-0.043707,0.015989,0.050658,0.277025,0.220102,0.392720,0.151877,0.182189,0.275897,0.406617,0.194732,0.418259,-0.030131,0.038474,0.275062,0.204551,0.141546,-0.092059,0.160397,0.137596
0.108352,0.090445,0.096967,0.347604,0.090350,0.158208,0.253377,0.305396,0.103375,0.194686,-0.097201,0.014928,0.100873,0.232544,0.136922,0.012744,0.222103,0.275356,0.125604,0.061708,-0.008986,0.127204,0.057928,-0.020605,0.017963,-0.004205,-0.053256,0.124918,0.360595,0.390896,0.244069,0.211665,0.351350,0.499439,0.464904,0.322475,0.223718,0.352564,0.215667,0.059813,-0.089307,-0.003962,0.597633,0.944329,1.170419,0.000000,0.616672,0.618140,0.547337,0.639571,0.519445,0.420434,0.443047,0.273765,0.411187,0.478003,0.186267,0.198403,0.283415,0.246841,0.245138,0.333794,0.134914,0.288496,0.485069,0.491806,0.525641,0.673169,0.216841,0.168540,0.059646,0.157789,0.063966,0.369109,0.195610,0.293415,0.131532,0.187045,0.291532,0.551687,0.334437,0.526518,0.096079,0.141546,0.349855,0.281994,0.242716,0.025965,0.224912,0.143515
-0.230824,-0.029833,-0.055266,0.135505,-0.186138,0.019894,-0.021519,0.027880,-0.178519,-0.055531,-0.091726,-0.073644,-0.076984,0.137464,0.054410,0.082567,0.344345,0.215409,-0.077920,-0.189899,0.126450,0.323065,-0.173093,-0.174120,-0.171787,0.063749,-0.207953,0.187930,0.455947,0.415898,0.183622,0.208696,0.116665,0.112718,0.178592,0.157506,0.531570,0.718119,0.220700,0.265884,0.048511,0.090576,1.118906,1.208149,0.699481,0.616672,0.000000,1.611377,0.461264,0.403691,0.330021,0.237880,0.597509,0.488260,1.035562,1.070327,0.125240,0.171161,0.145062,0.184929,0.038824,0.112069,0.039709,0.071507,-0.115963,0.024046,0.309333,0.399202,0.220643,0.077145,0.055814,0.112498,0.281035,0.491483,0.322195,0.508715,0.254737,0.251311,0.438965,0.458057,0.594346,0.701503,0.277739,0.362952,0.525655,0.249192,0.329209,0.185963,0.373639,0.130066
-0.192849,-0.069846,0.013560,0.213550,-0.198383,0.030822,0.001900,0.045153,-0.144005,-0.029923,-0.177555,-0.157192,-0.097590,0.064495,0.073731,0.074485,0.258578,0.179943,0.008036,-0.126672,0.231930,0.354189,-0.188669,-0.148944,-0.160573,0.114505,-0.168281,0.225459,0.393389,0.355336,0.195092,0.283173,-0.007658,0.061260,0.189178,0.272155,0.681202,0.820196,0.282893,0.303376,0.197681,0.051473,1.137492,1.317550,0.605506,0.618140,1.611377,0.000000,0.476937,0.421566,0.294378,0.268512,0.523685,0.574322,1.051496,1.293619,0.112003,0.117366,0.214542,0.246218,0.055191,0.159228,0.055584,0.046978,-0.089618,0.029815,0.281245,0.471449,0.150497,0.098634,0.043370,0.157149,0.284004,0.447700,0.329789,0.520661,0.368813,0.290005,0.316692,0.351196,0.593519,0.753860,0.338915,0.432001,0.606919,0.337409,0.348909,0.271907,0.432145,0.201743
