0.000000,0.997583,0.643819,0.331610,0.260600,0.031789,0.790919,0.760794,0.306019,-0.082803,0.466987,0.699008,0.656048,0.477323,0.545436,0.436712,0.380945,0.531269,1.066005,1.010793,0.412548,0.365319,0.165288,0.102232,-0.093613,-0.130888,0.344377,0.308283,0.530663,0.359029,0.143582,0.257054,0.732865,0.711835,0.214629,0.266570,0.026385,0.127237,0.209832,-0.076351,0.011653,0.042951,0.522118,0.560309,0.409297,0.360899,0.624213,0.637153,0.526236,0.523136,0.725651,0.561146,0.609114,0.484341,0.350534,0.467846,1.001141,0.878993,0.722212,0.704122,0.912856,0.786189,0.989025,0.865217,-0.006709,0.033914,0.582606,0.430981,0.610361,0.631786,-0.045168,0.018916,0.221577,0.403775,0.145576,0.440492,0.635660,0.602255,0.089372,0.114949,0.487147,0.524185,0.476351,0.394521,0.414686,0.284231,0.182290,0.257744,0.315779,0.482254
0.997583,0.000000,0.563393,0.330016,0.242072,-0.023447,0.491940,0.425588,0.166020,-0.159508,0.247275,0.352556,0.286914,0.278001,0.306956,0.255712,0.408117,0.759674,0.972959,1.037548,0.447443,0.434510,0.165307,0.058360,-0.044485,-0.120499,0.282339,0.261091,0.339567,0.423556,0.145611,0.179803,0.696009,0.844651,0.325188,0.377113,0.008016,0.206701,0.335284,-0.020619,-0.021645,0.037603,0.485366,0.600564,0.418671,0.368629,0.563923,0.758416,0.423058,0.373134,0.565518,0.482197,0.435718,0.536828,0.499302,0.680138,1.362491,1.694546,0.548941,0.470387,0.546943,0.480462,0.907832,0.853889,-0.008293,0.012240,0.606707,0.488693,0.820062,0.958002,-0.048816,-0.006418,0.199265,0.414948,0.213081,0.387851,0.632626,0.606086,0.044343,0.215238,0.543413,0.746599,0.313918,0.505650,0.427778,0.328914,0.186979,0.333305,0.324075,0.412593
0.643819,0.563393,0.000000,0.944374,0.723523,0.402358,1.018139,0.646126,0.664072,0.224246,0.201682,0.202883,0.332303,0.380649,0.934448,0.644257,-0.004934,0.292481,0.734229,0.585728,0.419916,0.375717,0.760400,0.537293,0.386236,0.305632,0.699814,0.639405,0.121414,0.054152,0.577315,0.552479,0.437502,0.494978,0.478795,0.438438,0.041208,0.084158,0.324674,-0.024336,0.109341,-0.016912,0.644102,0.554482,0.460522,0.298134,0.634784,0.624220,0.564984,0.454466,0.937234,0.542117,0.612416,0.733145,0.610538,0.562563,0.579655,0.537991,0.972094,0.856058,0.733511,0.508474,0.566156,0.354441,0.559119,0.393136,1.032214,0.642111,0.246441,0.346930,0.278905,0.411613,0.301185,0.286565,0.263122,0.311641,0.702442,0.618086,0.090319,0.054802,0.333636,0.428610,0.410655,0.152890,0.697657,0.533629,0.375560,0.273644,0.783012,0.826091
0.331610,0.330016,0.944374,0.000000,0.538638,0.428221,0.643668,0.568715,0.512345,0.282298,0.306401,0.102456,0.182165,0.418336,0.566437,0.578251,0.022748,0.189934,0.369953,0.237571,0.180191,0.247029,1.053272,1.056060,0.719832,0.549848,0.527191,0.443082,-0.042001,-0.160793,1.038022,0.951302,0.352647,0.497656,0.815067,0.722396,0.282664,0.101992,0.208108,-0.051803,0.203962,0.062854,0.533619,0.411427,0.426597,0.259819,0.481276,0.416245,0.330429,0.300227,0.521283,0.260807,0.283213,0.384143,0.522661,0.341218,0.326339,0.288895,0.517557,0.605224,0.361284,0.458160,0.201023,0.036103,0.674141,0.935586,0.820630,0.674135,0.049627,0.188541,0.486607,0.603942,0.610022,0.385990,0.536642,0.386092,0.818385,0.657390,0.147214,-0.096797,0.078511,0.229272,0.226666,-0.109490,0.499253,0.525967,0.247003,0.204618,0.710076,0.825136
0.260600,0.242072,0.723523,0.538638,0.000000,1.373976,0.402490,0.248917,1.206618,1.012914,0.053570,-0.017920,0.084348,0.174245,0.646340,0.619984,0.094412,0.139389,0.244086,0.150101,0.192071,0.029854,0.354029,0.298659,0.600263,0.691778,0.835696,0.729474,0.107623,0.008769,0.384706,0.268006,0.117329,0.152080,0.284272,0.248487,-0.122953,-0.178743,0.097659,-0.077044,-0.078548,-0.217697,0.345583,0.219968,0.219048,0.070217,0.341419,0.250939,0.326944,0.225872,0.481918,0.251438,0.270965,0.488570,0.315413,0.310007,0.313070,0.225322,0.658130,0.571375,0.297859,0.239408,0.172088,0.033378,0.335028,0.310858,0.567595,0.335067,0.042806,0.109164,0.149645,0.214874,0.124331,0.075528,0.055052,-0.067035,0.204045,0.092556,0.190707,0.155029,0.212695,0.298605,-0.001689,-0.215613,0.338065,0.205346,-0.012359,-0.182170,0.399347,0.464417
0.031789,-0.023447,0.402358,0.428221,1.373976,0.000000,0.214194,0.125803,1.022425,1.701381,0.006719,-0.051983,0.016721,0.158043,0.428851,0.598621,0.069113,0.017773,-0.007074,-0.103034,-0.067937,-0.204355,0.236864,0.286086,0.645793,0.971240,0.652953,0.591735,0.057488,-0.106686,0.332157,0.204721,0.014374,-0.002334,0.229280,0.190097,-0.058265,-0.237884,-0.025577,-0.062666,-0.051146,-0.222203,0.224020,0.035571,0.095288,-0.018961,0.194617,0.063679,0.157963,0.158269,0.285342,0.167175,0.156270,0.287539,0.207685,0.161081,0.082687,-0.040685,0.359428,0.393196,0.106576,0.114257,-0.024620,-0.136681,0.287995,0.352053,0.328648,0.222667,-0.139624,-0.074736,0.106434,0.149879,0.080616,0.013698,0.050594,-0.125559,0.038942,-0.074596,0.244235,0.103387,0.118580,0.134622,-0.116150,-0.397346,0.212036,0.094106,-0.148303,-0.368514,0.279088,0.363780
0.790919,0.491940,1.018139,0.643668,0.402490,0.214194,0.000000,1.017390,0.671561,0.117159,0.356347,0.662162,0.748046,0.575919,0.793940,0.552872,0.028435,0.256556,0.577409,0.471626,0.240574,0.253936,0.390909,0.186075,0.062854,0.010829,0.344707,0.352097,0.355481,0.161257,0.319654,0.403875,0.313814,0.343908,0.125460,0.117744,0.247127,0.154984,0.241890,-0.043642,0.202022,0.044108,0.401033,0.444334,0.334881,0.309977,0.479522,0.495831,0.491249,0.493656,0.841649,0.523143,0.807371,0.540221,0.545711,0.448266,0.444845,0.441389,0.968788,0.780838,1.119866,0.756743,0.728326,0.545061,0.187028,0.140072,0.542307,0.288443,0.118041,0.192470,0.392716,0.487725,0.394058,0.364341,0.284589,0.486503,0.728871,0.687058,0.139894,-0.002464,0.313233,0.399400,0.483644,0.128599,0.482804,0.310225,0.233334,0.110520,0.570607,0.551114
0.760794,0.425588,0.646126,0.568715,0.248917,0.125803,1.017390,0.000000,0.517202,0.055979,0.448208,0.810371,0.793751,0.581476,0.699657,0.597013,0.115847,0.190732,0.546385,0.488291,0.317585,0.359865,0.290878,0.318349,0.017497,-0.073617,0.357001,0.347021,0.394755,0.131720,0.275551,0.434805,0.372907,0.382043,0.133212,0.193751,0.190071,0.265069,0.102052,0.008070,0.184293,0.097844,0.398850,0.398802,0.398650,0.396015,0.490713,0.491575,0.590379,0.556559,0.743456,0.389063,0.756094,0.452424,0.442163,0.333055,0.403609,0.319791,0.761676,0.889960,0.961520,1.200321,0.534003,0.430739,0.044396,0.225799,0.451356,0.343111,0.083678,0.120035,0.189584,0.242084,0.293203,0.370531,0.155371,0.377175,0.643417,0.631977,0.104151,-0.092122,0.271371,0.256815,0.629064,0.181404,0.358089,0.283799,0.290626,0.145713,0.490800,0.595360
0.306019,0.166020,0.664072,0.512345,1.206618,1.022425,0.671561,0.517202,0.000000,0.867271,0.155334,0.284087,0.333547,0.361038,0.788792,0.724913,0.044089,0.125178,0.178925,0.090809,0.083098,-0.016411,0.266537,0.187006,0.429633,0.490877,0.496495,0.505629,0.223731,0.070679,0.328229,0.293362,0.041655,0.056266,0.074453,0.059355,0.124542,-0.049493,0.035738,0.014988,0.109125,-0.115797,0.271629,0.197532,0.192255,0.094550,0.292843,0.218021,0.361932,0.281267,0.492301,0.260928,0.446988,0.480222,0.335059,0.233191,0.188797,0.119127,0.721376,0.643118,0.487246,0.468708,0.193736,0.102998,0.176980,0.230533,0.328447,0.136140,-0.087763,-0.021791,0.297231,0.340288,0.261304,0.195144,0.136591,0.083504,0.262981,0.201491,0.285620,0.112497,0.184361,0.261066,0.145500,-0.192574,0.249459,0.177180,-0.046041,-0.318300,0.395977,0.413861
-0.082803,-0.159508,0.224246,0.282298,1.012914,1.701381,0.117159,0.055979,0.867271,0.000000,0.031667,-0.066686,-0.019110,0.134964,0.319508,0.556382,0.045083,-0.037015,-0.106546,-0.255796,-0.244493,-0.375919,0.145518,0.190616,0.503673,0.809191,0.474414,0.416206,0.033481,-0.088869,0.238350,0.132943,-0.072849,-0.131141,0.144482,0.080501,-0.038897,-0.230702,-0.122755,-0.090072,-0.091036,-0.266532,0.119850,-0.094302,-0.021596,-0.125848,0.057360,-0.097025,0.010957,0.083415,0.164577,0.075793,0.092723,0.175189,0.140937,0.026318,-0.044407,-0.148832,0.213086,0.231328,0.061576,0.074584,-0.088561,-0.184772,0.267332,0.310988,0.149797,0.082794,-0.236777,-0.186420,0.033808,0.062950,0.055199,-0.045801,0.034936,-0.156142,-0.072454,-0.190856,0.222564,0.106936,0.027791,0.002939,-0.153585,-0.499602,0.109429,-0.011858,-0.186408,-0.435346,0.203000,0.240888
0.466987,0.247275,0.201682,0.306401,0.053570,0.006719,0.356347,0.448208,0.155334,0.031667,0.000000,0.533001,0.858185,0.759226,0.434763,0.475993,0.348775,0.225025,0.323336,0.119383,0.195137,0.201794,0.447704,0.358658,0.071001,-0.028913,0.193296,0.152915,0.426881,0.214864,0.316795,0.461077,0.325595,0.205527,0.308265,0.093690,0.252875,0.291032,-0.290887,-0.007844,0.113934,0.095859,0.215551,0.148020,0.109412,0.001385,0.124155,0.026385,0.041065,0.047923,0.183397,-0.027119,0.278011,-0.046385,-0.005519,-0.148421,0.193114,0.179035,0.114432,0.092181,0.539550,0.416004,0.429941,0.238847,0.316282,0.396506,0.120999,0.107574,-0.074865,-0.017222,0.122112,0.125646,0.412032,0.411772,0.310447,0.382385,0.320691,0.309893,0.209343,0.089811,0.107726,0.149547,0.411848,-0.026202,0.304018,0.248138,0.125414,0.013790,0.166294,0.295193
0.699008,0.352556,0.202883,0.102456,-0.017920,-0.051983,0.662162,0.810371,0.284087,-0.066686,0.533001,0.000000,1.060625,0.909610,0.318412,0.315267,0.431300,0.407980,0.254750,0.364113,0.053338,0.110779,-0.029906,-0.048313,-0.256599,-0.293817,-0.029363,0.036972,0.719857,0.390786,-0.031902,0.184511,0.303011,0.149367,-0.145158,-0.145855,0.253720,0.262675,-0.256758,-0.013961,0.171692,0.155703,0.091671,0.133846,0.164699,0.258537,0.131507,0.126847,0.313850,0.408328,0.432126,0.347180,0.662045,0.194135,0.132579,0.063643,0.360892,0.273075,0.388059,0.414035,0.895254,0.826406,0.725467,0.800641,-0.129155,-0.037306,0.091203,0.078951,0.166144,0.130787,0.145942,0.113946,0.260670,0.384492,0.116540,0.363530,0.348022,0.375757,0.279211,0.095468,0.313734,0.261811,0.379650,0.084572,0.162683,0.081390,0.030357,-0.207445,0.102558,0.189633
0.656048,0.286914,0.332303,0.182165,0.084348,0.016721,0.748046,0.793751,0.333547,-0.019110,0.858185,1.060625,0.000000,0.873794,0.659039,0.544645,0.313216,0.255229,0.336152,0.254030,0.242539,0.259535,0.228355,0.089640,-0.135765,-0.194461,0.195457,0.240259,0.685033,0.350840,0.169755,0.385433,0.310913,0.118127,-0.063693,-0.143406,0.257125,0.288250,-0.288867,0.093771,0.236486,0.180645,0.262091,0.306329,0.232844,0.196515,0.255097,0.170834,0.357813,0.316713,0.492804,0.239058,0.681859,0.161599,0.115746,-0.035420,0.282352,0.193169,0.391212,0.408148,0.996609,0.680759,0.783619,0.544575,0.063323,0.054767,0.127219,0.053874,-0.041650,-0.047445,0.244032,0.226557,0.323614,0.322918,0.208720,0.410373,0.296863,0.370993,0.301555,0.142674,0.384694,0.314308,0.597615,0.102025,0.326443,0.169917,0.117019,-0.186629,0.135073,0.243108
0.477323,0.278001,0.380649,0.418336,0.174245,0.158043,0.575919,0.581476,0.361038,0.134964,0.759226,0.909610,0.873794,0.000000,0.499957,0.690992,0.415732,0.397444,0.244564,0.248409,-0.015423,0.049714,0.367666,0.371929,0.178486,0.100605,0.165293,0.217468,0.507028,0.304986,0.351878,0.527337,0.367164,0.140996,0.202589,0.060597,0.340483,0.347843,-0.379832,0.066870,0.229125,0.191726,0.337843,0.212543,0.229914,0.127132,0.219220,0.115918,0.194949,0.277736,0.499239,0.326255,0.535764,0.173829,0.130675,0.002630,0.320629,0.217952,0.268098,0.327563,0.641284,0.480535,0.591646,0.461435,0.299177,0.427090,0.267135,0.298389,0.067724,0.083582,0.247189,0.229892,0.373955,0.440625,0.353314,0.304834,0.300099,0.334599,0.493596,0.278492,0.339888,0.336121,0.375015,-0.060302,0.479575,0.396628,0.038590,-0.279527,0.277924,0.473779
0.545436,0.306956,0.934448,0.566437,0.646340,0.428851,0.793940,0.699657,0.788792,0.319508,0.434763,0.318412,0.659039,0.499957,0.000000,1.076401,0.041479,0.127191,0.528577,0.328011,0.460274,0.360089,0.637811,0.451689,0.356038,0.245291,0.732606,0.745669,0.291523,0.173448,0.522893,0.503614,0.303743,0.219808,0.242582,0.205620,0.111331,0.207460,0.115606,0.153154,0.216491,0.092923,0.616340,0.483064,0.327266,0.111517,0.551363,0.428183,0.430222,0.285252,0.682352,0.229043,0.568066,0.467245,0.380568,0.216801,0.334413,0.257326,0.740010,0.726243,0.738418,0.528965,0.461720,0.186178,0.424572,0.325849,0.542505,0.296555,0.032394,0.085932,0.250802,0.334883,0.224374,0.178760,0.228566,0.218387,0.382370,0.379147,0.251284,0.204133,0.374491,0.432483,0.601886,0.127259,0.605740,0.450038,0.353983,0.025733,0.598841,0.658545
0.436712,0.255712,0.644257,0.578251,0.619984,0.598621,0.552872,0.597013,0.724913,0.556382,0.475993,0.315267,0.544645,0.690992,1.076401,0.000000,0.140400,0.154320,0.451842,0.259167,0.157478,0.121551,0.566708,0.546276,0.434802,0.443862,0.692500,0.719582,0.339848,0.245513,0.599003,0.562261,0.421275,0.255559,0.346100,0.221543,0.196353,0.261602,-0.025022,0.194330,0.243409,0.121529,0.738895,0.454348,0.323855,0.080874,0.608427,0.383186,0.276530,0.271681,0.601961,0.257173,0.517349,0.377135,0.388762,0.140714,0.302857,0.202735,0.445953,0.598083,0.509733,0.448432,0.356991,0.141192,0.417425,0.483001,0.436314,0.338565,0.020036,0.083812,0.085571,0.168815,0.233599,0.323607,0.302834,0.245333,0.261719,0.267340,0.331864,0.348589,0.436478,0.439083,0.545427,0.056892,0.637512,0.467936,0.212436,-0.135986,0.629238,0.746437
0.380945,0.408117,-0.004934,0.022748,0.094412,0.069113,0.028435,0.115847,0.044089,0.045083,0.348775,0.431300,0.313216,0.415732,0.041479,0.140400,0.000000,0.804116,0.216670,0.265757,0.107973,0.047111,0.005605,0.045980,0.014897,0.002040,0.066643,0.117842,0.541570,0.544688,0.077460,0.155447,0.443404,0.274860,0.124200,0.080085,0.077530,0.145425,-0.325881,0.045045,0.010485,0.146066,0.079830,0.094089,0.234567,0.270836,0.077804,0.021905,0.139899,0.126025,0.191682,0.211105,0.144632,0.189186,-0.026627,0.095502,0.551817,0.414493,0.099905,0.141469,0.210759,0.277024,0.487233,0.546436,0.006716,0.118207,0.138156,0.161578,0.383387,0.349421,-0.037554,-0.083016,0.171103,0.317340,0.092193,0.280609,0.002982,-0.022210,0.530788,0.418745,0.540577,0.470838,0.036168,0.174018,0.226353,0.160505,-0.071582,-0.244800,-0.074655,0.062981
0.531269,0.759674,0.292481,0.189934,0.139389,0.017773,0.256556,0.190732,0.125178,-0.037015,0.225025,0.407980,0.255229,0.397444,0.127191,0.154320,0.804116,0.000000,0.378112,0.521969,0.112978,0.128218,0.149616,0.104434,0.062747,0.025147,0.057419,0.081033,0.503494,0.727257,0.192553,0.223380,0.535871,0.426750,0.286365,0.230250,0.212260,0.303507,-0.094261,0.091359,0.130229,0.175651,0.255497,0.306971,0.408609,0.375425,0.250017,0.293828,0.320058,0.258442,0.372206,0.377037,0.275982,0.368153,0.261372,0.332333,0.839686,0.791422,0.298056,0.238568,0.320841,0.322718,0.655956,0.783233,0.109871,0.119030,0.364393,0.354330,0.668911,0.679885,0.135130,0.113982,0.331228,0.473847,0.260799,0.476809,0.319403,0.319373,0.488125,0.570302,0.643809,0.744643,0.117948,0.336166,0.379637,0.295762,0.128170,-0.046810,0.116758,0.191174
1.066005,0.972959,0.734229,0.369953,0.244086,-0.007074,0.577409,0.546385,0.178925,-0.106546,0.323336,0.254750,0.336152,0.244564,0.528577,0.451842,0.216670,0.378112,0.000000,1.175090,0.423514,0.504415,0.294341,0.147462,-0.083517,-0.128996,0.439016,0.408632,0.215063,0.245360,0.211793,0.242369,0.929107,0.963991,0.309784,0.345580,-0.071824,0.189547,0.471485,0.074942,0.074032,0.143496,0.695455,0.720088,0.345046,0.223641,0.804182,0.796412,0.426720,0.332739,0.594137,0.477673,0.468832,0.527214,0.517846,0.606523,0.862322,0.933802,0.612573,0.566552,0.587545,0.517789,0.771306,0.599783,0.095706,0.030771,0.632815,0.425281,0.707801,0.783696,-0.149211,-0.037776,0.127838,0.306943,0.167901,0.358228,0.565688,0.575329,-0.008752,0.177262,0.542202,0.551767,0.575157,0.546301,0.549271,0.397387,0.348817,0.454145,0.503122,0.491422
1.010793,1.037548,0.585728,0.237571,0.150101,-0.103034,0.471626,0.488291,0.090809,-0.255796,0.119383,0.364113,0.254030,0.248409,0.328011,0.259167,0.265757,0.521969,1.175090,0.000000,0.443437,0.473116,0.096059,0.062812,-0.120211,-0.187440,0.287708,0.296331,0.293547,0.325424,0.074695,0.121962,0.805562,0.869344,0.175650,0.294956,-0.080376,0.241038,0.430259,0.172120,0.137872,0.240990,0.502352,0.619074,0.324953,0.312854,0.622819,0.779153,0.429580,0.345208,0.535664,0.485004,0.428961,0.613167,0.443183,0.590514,1.028985,0.950676,0.503097,0.534405,0.488392,0.507861,0.740498,0.774394,-0.034472,-0.078154,0.587618,0.464254,1.111356,1.075111,-0.123502,-0.064279,0.024854,0.271315,0.029595,0.257428,0.474612,0.529309,0.054147,0.259022,0.704176,0.686683,0.497578,0.707968,0.512561,0.479750,0.365558,0.376803,0.354019,0.443301
0.412548,0.447443,0.419916,0.180191,0.192071,-0.067937,0.240574,0.317585,0.083098,-0.244493,0.195137,0.053338,0.242539,-0.015423,0.460274,0.157478,0.107973,0.112978,0.423514,0.443437,0.000000,0.921510,0.312307,0.217239,0.070693,-0.167826,0.516011,0.479089,0.187624,0.147647,0.192138,0.157859,0.253831,0.341051,0.136072,0.173020,-0.061105,0.225939,0.172573,0.128332,0.056162,0.090397,0.231411,0.363854,0.351333,0.333536,0.332425,0.453642,0.419862,0.162178,0.294891,0.043410,0.172431,0.402347,0.003306,0.207493,0.343622,0.362625,0.347853,0.302252,0.298345,0.249562,0.332475,0.199149,0.106825,0.001929,0.336256,0.187605,0.206607,0.212676,0.125135,0.158197,0.100511,0.104940,0.052301,0.142957,0.271997,0.322386,-0.057567,-0.012781,0.203982,0.273360,0.355134,0.394296,0.220986,0.261908,0.410315,0.324092,0.098051,0.228217
0.365319,0.434510,0.375717,0.247029,0.029854,-0.204355,0.253936,0.359865,-0.016411,-0.375919,0.201794,0.110779,0.259535,0.049714,0.360089,0.121551,0.047111,0.128218,0.504415,0.473116,0.921510,0.000000,0.390557,0.266245,0.060723,-0.175711,0.340501,0.399521,0.101036,0.117873,0.283165,0.338389,0.427242,0.447665,0.185435,0.232383,0.071991,0.353038,0.175462,0.298226,0.292473,0.246454,0.346113,0.486273,0.476871,0.449135,0.396864,0.501995,0.504602,0.227198,0.252568,0.164279,0.096718,0.363439,0.106181,0.238056,0.308801,0.323065,0.264451,0.304239,0.229156,0.210464,0.347056,0.244638,0.109570,0.031082,0.359428,0.334237,0.258975,0.292758,0.247072,0.275444,0.217061,0.134319,0.188559,0.212365,0.361164,0.504060,0.014053,0.082727,0.271967,0.292638,0.515879,0.507156,0.285203,0.344924,0.549854,0.391322,0.131436,0.136580
0.165288,0.165307,0.760400,1.053272,0.354029,0.236864,0.390909,0.290878,0.266537,0.145518,0.447704,-0.029906,0.228355,0.367666,0.637811,0.566708,0.005605,0.149616,0.294341,0.096059,0.312307,0.390557,0.000000,1.207085,0.711197,0.435501,0.564395,0.486497,-0.008699,-0.050767,1.205514,1.106833,0.341329,0.303205,0.839580,0.491490,0.303111,0.194213,-0.012018,0.087111,0.293419,0.116515,0.554585,0.380340,0.410080,0.139805,0.373661,0.278277,0.213615,0.083659,0.344418,0.079322,0.110180,0.204680,0.310572,0.071234,0.163369,0.139168,0.219535,0.284480,0.243019,0.188572,0.176046,-0.030656,1.162257,0.905021,0.619779,0.531303,-0.039776,0.084069,0.487271,0.604582,0.581682,0.270271,0.576738,0.362349,0.505657,0.472419,0.227990,0.109098,0.102929,0.194455,0.312821,-0.036652,0.561983,0.541413,0.500396,0.222466,0.578646,0.537083
0.102232,0.058360,0.537293,1.056060,0.298659,0.286086,0.186075,0.318349,0.187006,0.190616,0.358658,-0.048313,0.089640,0.371929,0.451689,0.546276,0.045980,0.104434,0.147462,0.062812,0.217239,0.266245,1.207085,0.000000,0.957790,0.659112,0.547065,0.448747,-0.077658,-0.149987,1.148008,0.994836,0.330847,0.322608,1.033674,0.814583,0.227310,0.192266,-0.073809,0.051948,0.188921,0.078716,0.531162,0.252574,0.459535,0.215231,0.352779,0.234633,0.219360,0.196461,0.348668,0.085443,0.037598,0.151620,0.223969,0.039065,0.119299,0.019285,0.152242,0.362936,0.109355,0.202038,-0.010747,-0.169029,0.918124,1.303576,0.672053,0.755400,-0.061014,0.022092,0.310244,0.392013,0.460410,0.280212,0.469707,0.243718,0.419547,0.363192,0.195235,0.025902,0.011608,0.076403,0.210242,-0.074365,0.445684,0.541539,0.394470,0.184461,0.463342,0.712596
-0.093613,-0.044485,0.386236,0.719832,0.600263,0.645793,0.062854,0.017497,0.429633,0.503673,0.071001,-0.256599,-0.135765,0.178486,0.356038,0.434802,0.014897,0.062747,-0.083517,-0.120211,0.070693,0.060723,0.711197,0.957790,0.000000,1.389919,0.486165,0.374193,-0.069111,-0.134382,0.935674,0.666256,0.122576,0.154138,0.728633,0.589648,0.150123,-0.039457,-0.073656,0.039525,0.152183,-0.034748,0.389993,0.146226,0.394180,0.167861,0.246766,0.156225,0.181889,0.128465,0.253454,0.117114,-0.160992,0.198327,0.139072,0.063000,0.049106,-0.038347,0.131090,0.244163,-0.150404,-0.135056,-0.187639,-0.301544,0.601419,0.870251,0.563572,0.627615,-0.092562,0.002638,0.417631,0.489233,0.412775,0.160071,0.429714,0.044565,0.158556,0.117692,0.286150,0.140610,0.032759,0.131944,-0.034699,-0.189046,0.319035,0.421830,0.082838,-0.028541,0.261856,0.450057
-0.130888,-0.120499,0.305632,0.549848,0.691778,0.971240,0.010829,-0.073617,0.490877,0.809191,-0.028913,-0.293817,-0.194461,0.100605,0.245291,0.443862,0.002040,0.025147,-0.128996,-0.187440,-0.167826,-0.175711,0.435501,0.659112,1.389919,0.000000,0.436876,0.365695,-0.082219,-0.168299,0.663446,0.455220,0.105545,0.104697,0.577828,0.459779,0.087016,-0.140824,-0.052777,0.014041,0.079150,-0.102128,0.344505,0.073693,0.258530,0.073182,0.219200,0.087395,0.104390,0.131899,0.217914,0.171511,-0.113246,0.156389,0.146383,0.085123,0.002437,-0.116917,0.101213,0.232758,-0.190813,-0.179235,-0.231065,-0.329984,0.485025,0.711037,0.452547,0.509186,-0.139210,-0.048797,0.221564,0.278317,0.240461,0.089692,0.288766,-0.045820,0.034419,-0.038666,0.287960,0.156510,0.057404,0.081412,-0.142666,-0.273204,0.279789,0.308871,-0.084990,-0.172939,0.226905,0.409129
0.344377,0.282339,0.699814,0.527191,0.835696,0.652953,0.344707,0.357001,0.496495,0.474414,0.193296,-0.029363,0.195457,0.165293,0.732606,0.692500,0.066643,0.057419,0.439016,0.287708,0.516011,0.340501,0.564395,0.547065,0.486165,0.436876,0.000000,1.430596,0.141576,0.005944,0.485101,0.361811,0.372622,0.314072,0.413914,0.362434,-0.165424,0.018744,0.136366,0.025521,-0.002521,-0.067920,0.541622,0.369780,0.331947,0.170275,0.541121,0.439932,0.353607,0.276328,0.529371,0.272144,0.240769,0.453231,0.251783,0.319447,0.370619,0.265669,0.526932,0.607975,0.343390,0.271422,0.243900,0.050974,0.416415,0.389849,0.677951,0.480896,0.111983,0.150563,0.029683,0.123991,0.057501,0.118618,0.035337,0.045380,0.235642,0.168170,0.142981,0.139108,0.325246,0.346296,0.262542,0.029677,0.564393,0.360843,0.216039,0.057772,0.435258,0.637257
0.308283,0.261091,0.639405,0.443082,0.729474,0.591735,0.352097,0.347021,0.505629,0.416206,0.152915,0.036972,0.240259,0.217468,0.745669,0.719582,0.117842,0.081033,0.408632,0.296331,0.479089,0.399521,0.486497,0.448747,0.374193,0.365695,1.430596,0.000000,0.137325,0.066491,0.403485,0.320022,0.376627,0.267157,0.301736,0.234863,-0.024654,0.170177,0.126119,0.184976,0.158734,0.098325,0.610878,0.432854,0.330653,0.168009,0.618937,0.489792,0.366190,0.234743,0.477623,0.257215,0.307708,0.440026,0.256132,0.343767,0.327854,0.227781,0.463058,0.582232,0.367393,0.289751,0.274332,0.106974,0.407730,0.291572,0.522432,0.358412,0.105144,0.138723,0.053863,0.116717,-0.004917,0.119418,0.031247,0.056029,0.180110,0.160940,0.226793,0.236790,0.414845,0.404842,0.377741,0.143720,0.592928,0.423234,0.270353,-0.021243,0.480413,0.589015
0.530663,0.339567,0.121414,-0.042001,0.107623,0.057488,0.355481,0.394755,0.223731,0.033481,0.426881,0.719857,0.685033,0.507028,0.291523,0.339848,0.541570,0.503494,0.215063,0.293547,0.187624,0.101036,-0.008699,-0.077658,-0.069111,-0.082219,0.141576,0.137325,0.000000,0.764009,0.091384,0.174296,0.396267,0.155871,-0.121920,-0.219737,0.138014,0.228339,-0.299256,0.046181,0.160365,0.081391,0.144351,0.222007,0.192430,0.237640,0.209380,0.165998,0.242537,0.197962,0.391531,0.264784,0.422520,0.167446,0.026944,0.021220,0.409233,0.320104,0.250753,0.188902,0.447966,0.293988,0.630821,0.634651,-0.140023,-0.073674,0.099947,0.097837,0.172485,0.145215,0.075735,0.057348,0.164645,0.341665,0.089045,0.402520,0.081532,0.112870,0.414000,0.427834,0.583222,0.473066,0.413175,0.184317,0.312094,0.180334,-0.016606,-0.235557,-0.009334,0.096178
0.359029,0.423556,0.054152,-0.160793,0.008769,-0.106686,0.161257,0.131720,0.070679,-0.088869,0.214864,0.390786,0.350840,0.304986,0.173448,0.245513,0.544688,0.727257,0.245360,0.325424,0.147647,0.117873,-0.050767,-0.149987,-0.134382,-0.168299,0.005944,0.066491,0.764009,0.000000,-0.003396,0.071080,0.421342,0.195050,-0.098841,-0.194358,0.230500,0.458218,-0.086454,0.389066,0.267193,0.307396,0.254080,0.371586,0.207536,0.198171,0.276038,0.206589,0.166573,0.121158,0.305456,0.254543,0.306076,0.230136,0.161808,0.092790,0.416555,0.442927,0.096933,0.076808,0.218840,0.154678,0.518086,0.575250,-0.078324,-0.134552,-0.004477,0.001311,0.340920,0.308411,0.057913,0.033199,0.128723,0.328353,0.172656,0.293469,-0.008102,0.120108,0.412490,0.857411,0.737625,0.717486,0.360659,0.545130,0.397778,0.242507,0.138476,-0.159911,0.008576,0.001678
0.143582,0.145611,0.577315,1.038022,0.384706,0.332157,0.319654,0.275551,0.328229,0.238350,0.316795,-0.031902,0.169755,0.351878,0.522893,0.599003,0.077460,0.192553,0.211793,0.074695,0.192138,0.283165,1.205514,1.148008,0.935674,0.663446,0.485101,0.403485,0.091384,-0.003396,0.000000,1.512505,0.409674,0.395769,0.823228,0.575077,0.343490,0.178585,-0.038409,0.116575,0.365640,0.117051,0.539015,0.372225,0.470200,0.234939,0.426704,0.321727,0.198006,0.146129,0.328805,0.146587,0.006420,0.244540,0.250248,0.099734,0.198470,0.129049,0.190681,0.305016,0.101440,0.144039,0.124862,-0.051055,0.728479,0.930016,0.571799,0.574089,-0.005246,0.100264,0.558855,0.635299,0.662370,0.341635,0.692905,0.354347,0.423493,0.390877,0.335487,0.188318,0.189179,0.236647,0.254387,-0.046353,0.527698,0.513378,0.284535,0.065541,0.393035,0.531010
0.257054,0.179803,0.552479,0.951302,0.268006,0.204721,0.403875,0.434805,0.293362,0.132943,0.461077,0.184511,0.385433,0.527337,0.503614,0.562261,0.155447,0.223380,0.242369,0.121962,0.157859,0.338389,1.106833,0.994836,0.666256,0.455220,0.361811,0.320022,0.174296,0.071080,1.512505,0.000000,0.498592,0.408316,0.673081,0.449857,0.438867,0.276972,-0.131209,0.179232,0.424760,0.199678,0.547224,0.429625,0.479411,0.263703,0.429563,0.293379,0.279066,0.180188,0.366487,0.182661,0.117968,0.220986,0.243397,0.052048,0.255129,0.131055,0.191901,0.345463,0.250481,0.332298,0.247235,0.077101,0.655303,0.928708,0.507581,0.548568,0.001251,0.099504,0.609229,0.646109,0.734769,0.373307,0.685661,0.421262,0.479710,0.492376,0.394096,0.161751,0.247801,0.251583,0.398836,0.002821,0.549904,0.570659,0.318816,0.053344,0.360650,0.480958
0.732865,0.696009,0.437502,0.352647,0.117329,0.014374,0.313814,0.372907,0.041655,-0.072849,0.325595,0.303011,0.310913,0.367164,0.303743,0.421275,0.443404,0.535871,0.929107,0.805562,0.253831,0.427242,0.341329,0.330847,0.122576,0.105545,0.372622,0.376627,0.396267,0.421342,0.409674,0.498592,0.000000,1.211370,0.450106,0.410131,0.106168,0.372697,0.166973,0.257846,0.314950,0.337572,0.757753,0.695309,0.394356,0.281298,0.775178,0.613712,0.324959,0.282948,0.497238,0.531081,0.263113,0.350098,0.380540,0.349385,0.772398,0.654665,0.246854,0.426181,0.328817,0.384541,0.667418,0.587709,0.177888,0.284456,0.543256,0.600729,0.647997,0.703449,-0.042882,0.001293,0.222105,0.369391,0.295812,0.419892,0.375171,0.435542,0.298342,0.425714,0.777395,0.617711,0.581626,0.527663,0.649794,0.668530,0.298615,0.206057,0.279560,0.432309
0.711835,0.844651,0.494978,0.497656,0.152080,-0.002334,0.343908,0.382043,0.056266,-0.131141,0.205527,0.149367,0.118127,0.140996,0.219808,0.255559,0.274860,0.426750,0.963991,0.869344,0.341051,0.447665,0.303205,0.322608,0.154138,0.104697,0.314072,0.267157,0.155871,0.195050,0.395769,0.408316,1.211370,0.000000,0.596084,0.707274,0.069348,0.253216,0.515698,0.113767,0.221780,0.243578,0.604845,0.642551,0.406942,0.308378,0.709788,0.733727,0.345406,0.285589,0.409176,0.403711,0.150264,0.412799,0.509430,0.539277,0.763667,0.801550,0.369721,0.424939,0.264364,0.383051,0.488269,0.447860,0.063780,0.236667,0.642779,0.631240,0.694105,0.755405,0.001324,0.079540,0.306838,0.499407,0.321158,0.442645,0.678053,0.682227,0.029139,0.099111,0.424869,0.468584,0.373937,0.483019,0.421946,0.527870,0.269303,0.529199,0.307523,0.406719
0.214629,0.325188,0.478795,0.815067,0.284272,0.229280,0.125460,0.133212,0.074453,0.144482,0.308265,-0.145158,-0.063693,0.202589,0.242582,0.346100,0.124200,0.286365,0.309784,0.175650,0.136072,0.185435,0.839580,1.033674,0.728633,0.577828,0.413914,0.301736,-0.121920,-0.098841,0.823228,0.673081,0.450106,0.596084,0.000000,1.139977,0.088370,0.041606,0.110958,-0.153481,-0.034226,-0.092610,0.507097,0.202866,0.447571,0.185565,0.339606,0.279722,0.156994,0.207965,0.304877,0.178148,-0.049058,0.115504,0.338862,0.250634,0.328925,0.333006,0.187973,0.228378,0.105154,0.090596,0.101258,0.020994,0.743491,0.920040,0.821925,0.961623,0.215836,0.309534,0.036377,0.130795,0.405927,0.431278,0.441865,0.303438,0.541612,0.401971,0.032979,-0.015710,-0.018366,0.112883,0.004615,-0.016514,0.340964,0.355306,0.247488,0.381247,0.395415,0.545271
0.266570,0.377113,0.438438,0.722396,0.248487,0.190097,0.117744,0.193751,0.059355,0.080501,0.093690,-0.145855,-0.143406,0.060597,0.205620,0.221543,0.080085,0.230250,0.345580,0.294956,0.173020,0.232383,0.491490,0.814583,0.589648,0.459779,0.362434,0.234863,-0.219737,-0.194358,0.575077,0.449857,0.410131,0.707274,1.139977,0.000000,-0.021063,0.054442,0.314848,-0.099251,-0.061446,-0.086854,0.438226,0.250820,0.414904,0.221373,0.358856,0.340481,0.249742,0.263798,0.303386,0.157976,-0.057310,0.174934,0.395881,0.332723,0.389118,0.370105,0.279332,0.387655,0.083060,0.207569,0.064502,-0.010780,0.376197,0.689378,0.839502,0.946859,0.295276,0.375218,-0.015612,0.080342,0.298978,0.343196,0.314726,0.202563,0.575168,0.469546,-0.089356,-0.139858,-0.029118,0.114553,0.012319,0.071918,0.212368,0.330880,0.245329,0.490444,0.313634,0.515914
0.026385,0.008016,0.041208,0.282664,-0.122953,-0.058265,0.247127,0.190071,0.124542,-0.038897,0.252875,0.253720,0.257125,0.340483,0.111331,0.196353,0.077530,0.212260,-0.071824,-0.080376,-0.061105,0.071991,0.303111,0.227310,0.150123,0.087016,-0.165424,-0.024654,0.138014,0.230500,0.343490,0.438867,0.106168,0.069348,0.088370,-0.021063,0.000000,0.554965,0.003460,0.441291,0.816793,0.505537,0.147237,0.210075,0.090764,0.018185,0.144538,0.100878,0.021944,-0.023919,0.033471,-0.085264,0.152722,0.034720,0.220706,-0.071470,-0.100554,-0.045226,-0.049375,-0.040321,0.019473,0.107011,0.031732,0.056303,0.132871,0.202544,-0.088378,-0.049493,-0.098459,-0.028992,0.583606,0.516779,0.622374,0.405980,0.572281,0.525043,0.395814,0.521997,0.378557,0.247027,0.093506,0.202852,0.337321,0.110098,0.208843,0.322385,0.279744,-0.014293,0.241276,0.101379
0.127237,0.206701,0.084158,0.101992,-0.178743,-0.237884,0.154984,0.265069,-0.049493,-0.230702,0.291032,0.262675,0.288250,0.347843,0.207460,0.261602,0.145425,0.303507,0.189547,0.241038,0.225939,0.353038,0.194213,0.192266,-0.039457,-0.140824,0.018744,0.170177,0.228339,0.458218,0.178585,0.276972,0.372697,0.253216,0.041606,0.054442,0.554965,0.000000,0.038629,0.715369,0.569860,0.647954,0.354186,0.412218,0.205014,0.126430,0.315612,0.311359,0.156156,0.081435,0.152915,0.037549,0.293851,0.102938,0.240712,0.030444,0.090993,0.106261,-0.062964,0.080635,0.149686,0.239637,0.224755,0.216533,0.110645,0.153986,0.029365,0.092921,0.090158,0.120929,0.137150,0.089301,0.180187,0.269429,0.226972,0.321231,0.215957,0.346193,0.377337,0.383642,0.406223,0.412001,0.599539,0.474079,0.436135,0.516657,0.511955,0.061171,0.262698,0.193851
0.209832,0.335284,0.324674,0.208108,0.097659,-0.025577,0.241890,0.102052,0.035738,-0.122755,-0.290887,-0.256758,-0.288867,-0.379832,0.115606,-0.025022,-0.325881,-0.094261,0.471485,0.430259,0.172573,0.175462,-0.012018,-0.073809,-0.073656,-0.052777,0.136366,0.126119,-0.299256,-0.086454,-0.038409,-0.131209,0.166973,0.515698,0.110958,0.314848,0.003460,0.038629,0.000000,0.127052,0.155019,0.137405,0.247991,0.372084,-0.023979,-0.035655,0.383613,0.534522,0.069682,0.015296,0.091515,0.052812,0.063383,0.290505,0.534664,0.579612,0.205401,0.345613,0.314945,0.218628,0.005165,0.075040,-0.002693,-0.030807,-0.157852,-0.175077,0.252117,0.090163,0.338110,0.377883,-0.052455,0.053429,-0.055419,0.091736,0.019288,0.047330,0.446098,0.430691,-0.340842,-0.140331,0.045465,0.246404,0.142368,0.392206,0.197193,0.179605,0.223640,0.667005,0.436727,0.233306
-0.076351,-0.020619,-0.024336,-0.051803,-0.077044,-0.062666,-0.043642,0.008070,0.014988,-0.090072,-0.007844,-0.013961,0.093771,0.066870,0.153154,0.194330,0.045045,0.091359,0.074942,0.172120,0.128332,0.298226,0.087111,0.051948,0.039525,0.014041,0.025521,0.184976,0.046181,0.389066,0.116575,0.179232,0.257846,0.113767,-0.153481,-0.099251,0.441291,0.715369,0.127052,0.000000,0.874032,0.842586,0.360351,0.461791,0.079611,0.007586,0.345765,0.282002,0.096285,-0.067652,-0.010011,-0.029867,0.060720,0.163150,0.123714,-0.045588,-0.043246,-0.083358,-0.165721,0.104837,-0.170268,-0.002336,-0.014802,-0.064007,0.022111,-0.025272,-0.127325,-0.111003,0.074228,0.079421,0.228060,0.169151,0.075506,-0.040990,0.178872,0.078283,-0.105495,0.147732,0.407962,0.615818,0.537412,0.416947,0.539928,0.614819,0.390236,0.522684,0.439627,-0.100664,0.092752,0.040079
0.011653,-0.021645,0.109341,0.203962,-0.078548,-0.051146,0.202022,0.184293,0.109125,-0.091036,0.113934,0.171692,0.236486,0.229125,0.216491,0.243409,0.010485,0.130229,0.074032,0.137872,0.056162,0.292473,0.293419,0.188921,0.152183,0.079150,-0.002521,0.158734,0.160365,0.267193,0.365640,0.424760,0.314950,0.221780,-0.034226,-0.061446,0.816793,0.569860,0.155019,0.874032,0.000000,0.997899,0.305607,0.439459,0.091104,0.035077,0.306987,0.253504,0.094558,-0.053152,0.019479,0.017831,0.020751,0.183994,0.179557,-0.028150,-0.040632,-0.075339,-0.076867,0.058289,-0.053907,0.070980,0.049012,0.005151,0.075747,0.069754,-0.072029,-0.047954,0.031951,0.064290,0.553855,0.516184,0.436465,0.273429,0.468833,0.380736,0.197368,0.442381,0.454056,0.478246,0.407047,0.339029,0.593252,0.371983,0.375018,0.565976,0.327402,-0.038464,0.171283,0.123492
0.042951,0.037603,-0.016912,0.062854,-0.217697,-0.222203,0.044108,0.097844,-0.115797,-0.266532,0.095859,0.155703,0.180645,0.191726,0.092923,0.121529,0.146066,0.175651,0.143496,0.240990,0.090397,0.246454,0.116515,0.078716,-0.034748,-0.102128,-0.067920,0.098325,0.081391,0.307396,0.117051,0.199678,0.337572,0.243578,-0.092610,-0.086854,0.505537,0.647954,0.137405,0.842586,0.997899,0.000000,0.246965,0.388486,0.073748,0.019162,0.261837,0.197231,0.102397,-0.054721,-0.027176,0.002889,0.048296,0.116049,0.061951,-0.053143,0.009568,-0.032358,-0.102222,0.038677,-0.052232,0.077810,0.081751,0.042112,0.016871,-0.013033,-0.075204,-0.100014,0.170150,0.160668,0.299812,0.254728,0.228229,0.216299,0.268475,0.260732,0.080758,0.301986,0.367575,0.437428,0.450271,0.405946,0.453381,0.497022,0.346572,0.471687,0.288797,0.002410,0.108673,0.014339
0.522118,0.485366,0.644102,0.533619,0.345583,0.224020,0.401033,0.398850,0.271629,0.119850,0.215551,0.091671,0.262091,0.337843,0.616340,0.738895,0.079830,0.255497,0.695455,0.502352,0.231411,0.346113,0.554585,0.531162,0.389993,0.344505,0.541622,0.610878,0.144351,0.254080,0.539015,0.547224,0.757753,0.604845,0.507097,0.438226,0.147237,0.354186,0.247991,0.360351,0.305607,0.246965,0.000000,1.237123,0.739076,0.396861,1.566711,0.991167,0.589001,0.526998,0.713504,0.576546,0.356278,0.428486,0.506233,0.510257,0.455756,0.412875,0.352306,0.652821,0.296696,0.274771,0.384236,0.197144,0.343980,0.392233,0.641929,0.646970,0.251335,0.347222,0.045293,0.135839,0.198323,0.175525,0.397699,0.348885,0.344933,0.448687,0.184550,0.350683,0.527163,0.485242,0.617431,0.415136,0.709341,0.632265,0.341816,0.172064,0.528487,0.742737
0.560309,0.600564,0.554482,0.411427,0.219968,0.035571,0.444334,0.398802,0.197532,-0.094302,0.148020,0.133846,0.306329,0.212543,0.483064,0.454348,0.094089,0.306971,0.720088,0.619074,0.363854,0.486273,0.380340,0.252574,0.146226,0.073693,0.369780,0.432854,0.222007,0.371586,0.372225,0.429625,0.695309,0.642551,0.202866,0.250820,0.210075,0.412218,0.372084,0.461791,0.439459,0.388486,1.237123,0.000000,0.654976,0.495368,1.354287,1.166189,0.617005,0.479197,0.578758,0.530790,0.382212,0.567737,0.516131,0.585457,0.521310,0.503192,0.373110,0.580319,0.267940,0.313771,0.454618,0.278940,0.097520,0.133293,0.450174,0.394827,0.342273,0.429161,0.191026,0.253307,0.265272,0.155480,0.376239,0.391530,0.384412,0.551840,0.168741,0.360377,0.658432,0.649400,0.680020,0.554389,0.670875,0.625053,0.341069,0.245042,0.393985,0.506786
0.409297,0.418671,0.460522,0.426597,0.219048,0.095288,0.334881,0.398650,0.192255,-0.021596,0.109412,0.164699,0.232844,0.229914,0.327266,0.323855,0.234567,0.408609,0.345046,0.324953,0.351333,0.476871,0.410080,0.459535,0.394180,0.258530,0.331947,0.330653,0.192430,0.207536,0.470200,0.479411,0.394356,0.406942,0.447571,0.414904,0.090764,0.205014,-0.023979,0.079611,0.091104,0.073748,0.739076,0.654976,0.000000,1.252090,0.704725,0.700616,1.101611,0.842736,0.625417,0.610285,0.164467,0.460728,0.201255,0.498610,0.387068,0.311790,0.355823,0.548760,0.234961,0.233023,0.325911,0.249929,0.202785,0.274598,0.590570,0.699380,0.207552,0.268024,0.219961,0.281827,0.417209,0.278929,0.324512,0.371653,0.348647,0.404884,0.225960,0.148849,0.318193,0.290670,0.228341,0.326094,0.302000,0.231440,0.190173,0.150684,0.127892,0.317002
0.360899,0.368629,0.298134,0.259819,0.070217,-0.018961,0.309977,0.396015,0.094550,-0.125848,0.001385,0.258537,0.196515,0.127132,0.111517,0.080874,0.270836,0.375425,0.223641,0.312854,0.333536,0.449135,0.139805,0.215231,0.167861,0.073182,0.170275,0.168009,0.237640,0.198171,0.234939,0.263703,0.281298,0.308378,0.185565,0.221373,0.018185,0.126430,-0.035655,0.007586,0.035077,0.019162,0.396861,0.495368,1.252090,0.000000,0.461317,0.579900,0.988387,0.975225,0.509743,0.695458,0.164676,0.528538,0.087960,0.576081,0.362531,0.263098,0.340177,0.504523,0.230524,0.256050,0.319002,0.336348,-0.019756,0.045438,0.386642,0.502690,0.202386,0.234069,0.217278,0.252785,0.337686,0.213182,0.170551,0.353809,0.259591,0.323893,0.156122,0.017166,0.295489,0.234155,0.131178,0.330524,0.170098,0.099209,0.072279,0.111222,-0.031500,0.192951
0.624213,0.563923,0.634784,0.481276,0.341419,0.194617,0.479522,0.490713,0.292843,0.057360,0.124155,0.131507,0.255097,0.219220,0.551363,0.608427,0.077804,0.250017,0.804182,0.622819,0.332425,0.396864,0.373661,0.352779,0.246766,0.219200,0.541121,0.618937,0.209380,0.276038,0.426704,0.429563,0.775178,0.709788,0.339606,0.358856,0.144538,0.315612,0.383613,0.345765,0.306987,0.261837,1.566711,1.354287,0.704725,0.461317,0.000000,1.271444,0.686551,0.530597,0.761356,0.599317,0.425833,0.529917,0.598993,0.651440,0.508108,0.487537,0.473818,0.714512,0.297258,0.332760,0.394598,0.260092,0.134338,0.211065,0.616870,0.530910,0.332704,0.412583,0.061473,0.160424,0.190636,0.220523,0.344793,0.415596,0.424104,0.534949,0.136614,0.286314,0.574811,0.527550,0.655737,0.503117,0.638870,0.583635,0.297220,0.230320,0.527596,0.669938
0.637153,0.758416,0.624220,0.416245,0.250939,0.063679,0.495831,0.491575,0.218021,-0.097025,0.026385,0.126847,0.170834,0.115918,0.428183,0.383186,0.021905,0.293828,0.796412,0.779153,0.453642,0.501995,0.278277,0.234633,0.156225,0.087395,0.439932,0.489792,0.165998,0.206589,0.321727,0.293379,0.613712,0.733727,0.279722,0.340481,0.100878,0.311359,0.534522,0.282002,0.253504,0.197231,0.991167,1.166189,0.700616,0.579900,1.271444,0.000000,0.609743,0.599555,0.628224,0.632915,0.365933,0.757952,0.558869,0.947524,0.607564,0.672913,0.479359,0.674347,0.310214,0.330101,0.480035,0.386220,0.042621,0.036786,0.584740,0.505182,0.443546,0.524181,0.055431,0.134779,0.137147,0.215560,0.241552,0.324977,0.458174,0.537815,0.036438,0.197519,0.531827,0.568899,0.579101,0.593857,0.591184,0.432639,0.403961,0.398750,0.469552,0.587128
