0.000000,0.995169,1.005887,0.869753,0.877856,0.693313,0.973176,0.791970,0.708542,0.645050,1.154240,0.960871,0.980587,1.009847,0.835904,1.072129,0.942127,0.723032,1.158566,1.291486,0.343400,0.636095,0.789854,0.661203,0.570664,0.463880,0.595634,0.354542,0.912463,0.712724,0.782433,0.731281,1.122701,1.006501,0.448909,0.532202,0.748196,0.698976,0.574966,0.706854,0.346234,0.395851,0.765898,0.715362,0.579341,0.658856,0.848974,0.583593,0.702633,0.482906,0.686096,0.487290,0.715230,0.820002,0.884266,0.598567,0.807462,0.764239,1.129796,0.888223,1.064838,0.714254,0.763700,0.771539,0.577763,0.553434,0.799034,0.732383,0.941986,0.808040,0.548160,0.681897,0.930544,0.639766,0.947063,0.679430,1.010499,0.817335,0.700030,0.575704,0.986247,0.768460,0.935201,0.857558,1.174915,1.005389,0.506964,0.568824,0.881870,0.983185
0.995169,0.000000,0.615869,0.481089,0.619448,0.393144,0.546748,0.494233,0.411033,0.447575,0.547012,0.721764,0.477604,0.578479,0.478340,0.649521,0.958580,1.002442,0.675661,0.782649,0.255113,0.527150,0.481257,0.270494,0.355940,0.245861,0.339296,0.149358,0.761758,0.788944,0.565841,0.435015,0.874965,0.782921,0.377649,0.326469,0.441250,0.659709,0.334061,0.548066,0.090270,0.362867,0.384356,0.446177,0.489638,0.573619,0.618284,0.562534,0.492464,0.493520,0.564214,0.478233,0.523567,0.865574,0.666067,0.694340,1.322017,1.542181,0.718603,0.668514,0.634931,0.492470,0.842391,0.872711,0.381562,0.262291,0.585769,0.544505,0.717827,0.729272,0.411754,0.448507,0.569630,0.635925,0.614332,0.541636,0.613999,0.591028,0.859048,0.612838,1.016983,0.886340,0.742470,0.679660,0.707246,0.612961,0.288932,0.418151,0.610891,0.589484
1.005887,0.615869,0.000000,1.069013,0.755359,0.593458,1.245600,0.771454,0.818274,0.696906,0.921828,0.581487,1.028481,0.904676,0.932618,0.914678,0.629276,0.496814,1.084079,1.210131,0.256561,0.560663,1.527798,1.042289,0.857527,0.533425,0.779416,0.419965,0.587276,0.383278,0.893881,0.962714,0.876639,0.850312,0.824987,0.627182,0.741810,0.588658,0.555771,0.634281,0.312583,0.343733,0.672881,0.550523,0.456426,0.450269,0.694651,0.499374,0.526249,0.337038,0.440593,0.315151,0.448335,0.733721,0.624206,0.507585,0.531744,0.579948,0.638008,0.606173,0.786160,0.685500,0.478445,0.424307,1.145782,0.921225,0.820588,0.699572,0.690565,0.886691,0.755214,0.680196,0.730817,0.554975,0.819177,0.554895,0.861700,0.744449,0.597678,0.490301,0.641174,0.533803,0.662966,0.723030,1.038265,0.817847,0.446953,0.482367,0.833471,1.108581
0.869753,0.481089,1.069013,0.000000,0.704240,0.796751,1.020544,1.024988,0.575651,0.707053,0.739826,0.654108,0.819473,0.886657,0.667789,0.964196,0.649914,0.401571,0.917816,1.105491,0.260277,0.615786,1.054248,1.361849,0.996207,0.785572,0.765326,0.523458,0.557009,0.363061,0.895408,1.198723,0.684931,0.793796,0.824970,0.856823,0.574754,0.597694,0.563424,0.679187,0.336416,0.417498,0.915158,0.737415,0.499110,0.485089,0.869958,0.558280,0.502889,0.350683,0.547862,0.424871,0.580440,0.638320,0.648933,0.443216,0.386252,0.413903,0.624867,0.708540,0.666778,0.821056,0.403560,0.415716,0.896684,1.090212,0.845690,0.874196,0.762978,0.866351,0.919501,0.672946,0.770419,0.681158,0.893827,0.727488,1.082905,0.960663,0.578936,0.438287,0.585296,0.416687,0.556637,0.594768,0.820937,0.764521,0.275170,0.372235,0.726214,0.986121
0.877856,0.619448,0.755359,0.704240,0.000000,0.702037,0.679981,0.666515,0.720246,0.652030,0.753923,0.648387,0.804669,0.839267,0.858716,0.955730,0.643276,0.504590,0.748682,0.906037,0.415404,0.633276,0.610736,0.562552,0.381773,0.420711,0.594005,0.515906,0.619527,0.582893,0.604722,0.656777,0.732856,0.689165,0.442675,0.485866,0.503313,0.632800,0.545530,0.530697,0.217410,0.418562,0.588806,0.538558,0.528424,0.592031,0.623210,0.527721,0.683471,0.705423,0.726403,0.574405,0.707248,0.778216,0.795892,0.551203,0.555859,0.554707,0.761007,0.667819,0.656717,0.603151,0.558085,0.542658,0.504931,0.525832,0.597555,0.608127,0.744855,0.641435,0.553836,0.609520,0.637399,0.518315,0.731053,0.528864,0.623667,0.543202,0.533218,0.480901,0.726988,0.582961,0.702708,0.689415,0.969443,0.858124,0.398190,0.435626,0.722984,0.914309
0.693313,0.393144,0.593458,0.796751,0.702037,0.000000,0.652748,0.831887,0.541949,0.850792,0.526626,0.606707,0.580351,0.724549,0.633259,1.005031,0.449446,0.358250,0.691400,0.788941,0.173072,0.376598,0.513289,0.637616,0.529583,0.907375,0.465442,0.416986,0.577891,0.431239,0.494163,0.512384,0.551998,0.612207,0.305762,0.508362,0.400548,0.592663,0.308979,0.509344,0.101568,0.338318,0.632530,0.562493,0.508955,0.544461,0.666270,0.568472,0.621773,0.508809,0.613947,0.437933,0.685130,0.608085,0.700860,0.453677,0.299856,0.335496,0.716060,0.799535,0.699870,0.727095,0.497635,0.578670,0.467770,0.550102,0.502997,0.612959,0.594976,0.610694,0.455966,0.320572,0.569876,0.539727,0.630136,0.541498,0.648690,0.567008,0.403310,0.310859,0.587807,0.436589,0.637114,0.585006,0.641336,0.585706,0.280013,0.484137,0.637763,0.753289
0.973176,0.546748,1.245600,1.020544,0.679981,0.652748,0.000000,1.353252,1.139884,1.055030,0.939813,0.803988,0.919996,0.810312,0.819327,0.873339,0.595534,0.418973,0.892177,1.134452,0.339038,0.511110,0.882962,0.963889,0.626439,0.479320,0.590078,0.313606,0.562035,0.434216,0.699473,0.786207,0.720806,0.809382,0.594759,0.682863,0.615532,0.560831,0.411592,0.499161,0.377599,0.372662,0.773928,0.585466,0.310521,0.384669,0.691557,0.387713,0.424904,0.267673,0.390138,0.191431,0.594072,0.542924,0.575839,0.346272,0.375609,0.416525,0.666013,0.582022,1.031124,1.054421,0.391438,0.581534,0.975530,0.979726,0.595796,0.564723,0.637490,0.702138,0.696156,0.640487,0.718131,0.599527,0.794198,0.722805,0.889142,0.804136,0.513497,0.405923,0.579872,0.441695,0.579779,0.661765,0.831661,0.661472,0.343897,0.377504,0.687246,0.943285
0.791970,0.494233,0.771454,1.024988,0.666515,0.831887,1.353252,0.000000,0.870397,1.358071,0.735945,0.976756,0.725077,0.776721,0.692431,0.898729,0.608396,0.407247,0.794395,1.018706,0.339474,0.485169,0.583247,0.833581,0.513713,0.571517,0.435483,0.358501,0.609034,0.527974,0.589358,0.723663,0.598339,0.797830,0.504725,0.836713,0.399454,0.520666,0.280428,0.420025,0.288899,0.393486,0.740643,0.572715,0.315595,0.396562,0.687835,0.382420,0.422777,0.353850,0.455143,0.251302,0.716054,0.504141,0.553000,0.245997,0.331438,0.339267,0.692783,0.678132,1.025984,1.609791,0.435352,0.755658,0.772491,0.992038,0.500133,0.584613,0.579697,0.624744,0.671669,0.567763,0.749400,0.727601,0.766692,0.874015,0.880699,0.849794,0.473752,0.379595,0.601037,0.407722,0.582687,0.612984,0.712660,0.605828,0.262279,0.299199,0.594079,0.783544
0.708542,0.411033,0.818274,0.575651,0.720246,0.541949,1.139884,0.870397,0.000000,1.028412,0.716598,0.556622,0.794376,0.620391,0.957482,0.761537,0.406369,0.284765,0.556658,0.797340,0.271552,0.316601,0.578929,0.698498,0.311201,0.300118,0.435958,0.203709,0.368688,0.324484,0.390246,0.467747,0.484069,0.466167,0.293137,0.407053,0.433653,0.405551,0.295771,0.319298,0.359405,0.322223,0.566054,0.409690,0.198726,0.342783,0.441604,0.277870,0.393676,0.327220,0.354859,0.141543,0.570374,0.522465,0.510887,0.260443,0.265589,0.280631,0.495940,0.372726,0.816887,0.744018,0.279691,0.416003,0.710613,0.628872,0.259474,0.242404,0.548441,0.426978,0.495477,0.521186,0.549849,0.418005,0.575031,0.495288,0.481332,0.419338,0.308972,0.323825,0.433691,0.369693,0.440387,0.539148,0.665528,0.570617,0.267668,0.256302,0.587230,0.751361
0.645050,0.447575,0.696906,0.707053,0.652030,0.850792,1.055030,1.358071,1.028412,0.000000,0.585835,0.718501,0.606739,0.617958,0.723837,0.880084,0.445649,0.325349,0.643786,0.876857,0.277684,0.338477,0.506075,0.678859,0.413126,0.467423,0.393025,0.267493,0.513788,0.459805,0.418720,0.442826,0.490439,0.612832,0.310558,0.583328,0.358757,0.496239,0.214378,0.363806,0.188704,0.332447,0.601653,0.468822,0.286630,0.390858,0.588258,0.395645,0.454242,0.418664,0.462606,0.236867,0.638113,0.565555,0.505642,0.289874,0.311134,0.329865,0.600871,0.572607,0.933064,1.255515,0.341866,0.658692,0.727991,0.728708,0.332221,0.396048,0.509805,0.539999,0.546745,0.408164,0.593653,0.612460,0.601002,0.718032,0.611205,0.571044,0.397271,0.343152,0.505884,0.389674,0.527576,0.601154,0.579772,0.515928,0.214372,0.272144,0.472264,0.747468
1.154240,0.547012,0.921828,0.739826,0.753923,0.526626,0.939813,0.735945,0.716598,0.585835,0.000000,0.978020,1.411938,1.203463,0.977213,0.864444,0.710013,0.524179,1.075644,1.031025,0.320013,0.576344,0.799301,0.697837,0.519388,0.379972,0.538272,0.397496,0.820721,0.571417,0.779000,0.802917,0.780035,0.779675,0.377744,0.509242,0.615511,0.555486,0.497907,0.568640,0.429724,0.397573,0.661334,0.527409,0.332812,0.449701,0.568703,0.411498,0.550668,0.364138,0.481537,0.323973,0.575221,0.549218,0.621664,0.272210,0.402058,0.409064,0.848108,0.570516,0.857857,0.596002,0.584659,0.550141,0.568646,0.578362,0.516297,0.467343,0.698355,0.626418,0.592015,0.757444,0.880269,0.600951,0.880816,0.703223,0.855142,0.715386,0.471862,0.456176,0.663802,0.481078,0.743683,0.766332,1.080458,0.889662,0.348750,0.355307,0.764617,0.821954
0.960871,0.721764,0.581487,0.654108,0.648387,0.606707,0.803988,0.976756,0.556622,0.718501,0.978020,0.000000,0.829296,1.057933,0.709820,0.842945,0.935367,0.717508,0.869891,0.996043,0.386832,0.578523,0.456569,0.454251,0.337930,0.353394,0.312954,0.340087,1.045868,0.870600,0.677115,0.632929,0.760885,0.905246,0.294768,0.614996,0.483234,0.626480,0.337790,0.521620,0.297693,0.491629,0.580861,0.530458,0.327859,0.452369,0.558136,0.418655,0.453341,0.380025,0.541007,0.382819,0.714824,0.510009,0.659994,0.299736,0.486597,0.511827,0.901113,0.748247,0.891065,0.834658,0.865970,1.064655,0.394220,0.538063,0.458987,0.551207,0.648093,0.598690,0.574118,0.643726,0.896921,0.798538,0.877728,0.925808,0.903534,0.856944,0.580747,0.561140,0.876788,0.638360,0.920076,0.859352,0.862077,0.782537,0.332379,0.304778,0.671648,0.701427
0.980587,0.477604,1.028481,0.819473,0.804669,0.580351,0.919996,0.725077,0.794376,0.606739,1.411938,0.829296,0.000000,1.380573,1.308828,0.981753,0.590459,0.452463,1.009532,1.015479,0.227780,0.552831,0.980188,0.843654,0.564624,0.401425,0.593881,0.382380,0.673462,0.409593,0.757365,0.791112,0.689389,0.667048,0.541843,0.568548,0.588424,0.497224,0.531177,0.577070,0.371964,0.385638,0.631543,0.482875,0.323287,0.431649,0.546533,0.455185,0.509482,0.368717,0.472148,0.328282,0.559085,0.645566,0.597393,0.248093,0.327363,0.386288,0.617586,0.478917,0.667601,0.564222,0.495987,0.411750,0.760164,0.655955,0.461542,0.418406,0.798914,0.721296,0.642433,0.729414,0.769505,0.582442,0.905483,0.656776,0.761853,0.667040,0.453132,0.432298,0.567971,0.404761,0.668562,0.704622,1.165704,0.896312,0.268384,0.300410,0.747371,0.957874
1.009847,0.578479,0.904676,0.886657,0.839267,0.724549,0.810312,0.776721,0.620391,0.617958,1.203463,1.057933,1.380573,0.000000,1.085961,1.194992,0.748746,0.583001,1.012516,1.125168,0.284878,0.631065,0.855068,0.803325,0.537822,0.506658,0.511023,0.486991,0.838485,0.583052,0.806207,0.860244,0.849008,0.886150,0.502330,0.645171,0.620171,0.586276,0.516904,0.666027,0.379018,0.485702,0.639491,0.571324,0.463031,0.574301,0.651452,0.557496,0.636432,0.473445,0.596923,0.497052,0.565031,0.664140,0.703402,0.361853,0.473241,0.491324,0.727967,0.626276,0.661855,0.616339,0.723076,0.610098,0.637638,0.737064,0.557530,0.592971,0.785529,0.782650,0.702913,0.735430,0.886594,0.812153,0.863022,0.745920,0.900534,0.768894,0.597559,0.519116,0.760478,0.548086,0.800401,0.845862,1.140566,1.054858,0.329814,0.374781,0.763086,0.963180
0.835904,0.478340,0.932618,0.667789,0.858716,0.633259,0.819327,0.692431,0.957482,0.723837,0.977213,0.709820,1.308828,1.085961,0.000000,1.103824,0.574400,0.442913,0.867410,1.008631,0.239736,0.515298,0.773677,0.701352,0.479204,0.392545,0.546979,0.434718,0.680641,0.533820,0.672327,0.637087,0.731714,0.697388,0.375092,0.447267,0.630454,0.544601,0.515888,0.558192,0.432541,0.419622,0.658959,0.543247,0.452419,0.545415,0.571458,0.566494,0.615340,0.468569,0.525497,0.381690,0.621221,0.671840,0.741185,0.377185,0.382189,0.384512,0.624454,0.513628,0.698630,0.601970,0.542197,0.478829,0.663678,0.602833,0.403477,0.399376,0.733377,0.609475,0.573413,0.651674,0.687576,0.493634,0.780691,0.521932,0.579504,0.473475,0.473994,0.450087,0.642807,0.537700,0.808301,0.898048,1.026435,0.862564,0.378684,0.393143,0.769127,0.923822
1.072129,0.649521,0.914678,0.964196,0.955730,1.005031,0.873339,0.898729,0.761537,0.880084,0.864444,0.842945,0.981753,1.194992,1.103824,0.000000,0.726754,0.557601,0.967373,1.216550,0.295013,0.544413,0.796535,0.874701,0.653869,0.705208,0.621471,0.442953,0.777750,0.652864,0.767676,0.784038,0.880258,0.870304,0.462101,0.589918,0.717166,0.715917,0.566389,0.728331,0.385796,0.495718,0.829189,0.699976,0.580464,0.649133,0.891412,0.718818,0.682636,0.537636,0.746809,0.529810,0.692628,0.792522,0.883393,0.559934,0.550083,0.538607,0.787244,0.788395,0.831742,0.806433,0.645194,0.641845,0.731156,0.780556,0.655557,0.718757,0.848289,0.789661,0.653265,0.604081,0.747362,0.603996,0.862629,0.644091,0.821292,0.678183,0.634429,0.563443,0.857030,0.666285,0.859196,0.891134,1.114173,1.001688,0.377481,0.498978,0.798570,1.150585
0.942127,0.958580,0.629276,0.649914,0.643276,0.449446,0.595534,0.608396,0.406369,0.445649,0.710013,0.935367,0.590459,0.748746,0.574400,0.726754,0.000000,1.065253,0.739893,0.940070,0.306019,0.584888,0.507117,0.407147,0.416696,0.300872,0.380527,0.272615,1.080284,0.990399,0.863189,0.750381,0.897006,0.978520,0.418251,0.495457,0.503165,0.616161,0.476819,0.589241,0.327360,0.440208,0.590670,0.615806,0.563199,0.626473,0.611329,0.568238,0.607771,0.460246,0.713492,0.588867,0.594558,0.751218,0.723969,0.514881,0.867969,0.813892,0.861615,0.721078,0.721590,0.586373,1.057053,0.949979,0.404171,0.461948,0.708421,0.749248,0.745505,0.674229,0.559347,0.607805,0.682935,0.606422,0.686052,0.627792,0.793517,0.695946,0.971536,0.947602,1.260871,1.014162,0.893308,0.874038,0.877245,0.863535,0.405383,0.318439,0.655748,0.618627
0.723032,1.002442,0.496814,0.401571,0.504590,0.358250,0.418973,0.407247,0.284765,0.325349,0.524179,0.717508,0.452463,0.583001,0.442913,0.557601,1.065253,0.000000,0.573087,0.736645,0.244275,0.529887,0.401257,0.197158,0.237135,0.153329,0.199211,0.175094,0.995927,1.176073,0.772462,0.579273,0.774532,0.842274,0.280109,0.246072,0.497816,0.640368,0.345855,0.510758,0.064053,0.362999,0.398003,0.516524,0.554839,0.593938,0.488691,0.548953,0.557018,0.503497,0.633594,0.568127,0.390042,0.656615,0.621939,0.457085,1.097961,1.102948,0.612108,0.541100,0.464870,0.376141,1.065332,0.953267,0.271651,0.214901,0.506045,0.550402,0.647393,0.683295,0.481297,0.569095,0.515165,0.453867,0.517255,0.470477,0.514635,0.460339,1.051081,1.022805,1.177721,1.208026,0.726556,0.762772,0.661610,0.643964,0.276084,0.227609,0.499582,0.464130
1.158566,0.675661,1.084079,0.917816,0.748682,0.691400,0.892177,0.794395,0.556658,0.643786,1.075644,0.869891,1.009532,1.012516,0.867410,0.967373,0.739893,0.573087,0.000000,1.421968,0.313618,0.661651,0.918162,0.660295,0.707100,0.579691,0.640681,0.418108,0.866762,0.627469,1.003255,0.874610,1.106402,1.095393,0.536214,0.557915,0.797589,0.652776,0.670228,0.744601,0.336107,0.488133,0.749981,0.658462,0.542964,0.541234,0.768800,0.609289,0.569133,0.385928,0.495833,0.423917,0.559716,0.618835,0.771576,0.466332,0.502830,0.543328,0.883932,0.797406,0.801688,0.630805,0.679887,0.576974,0.576371,0.576121,0.745198,0.779408,0.773465,0.812677,0.672708,0.661900,0.974101,0.695754,1.035298,0.803392,1.034429,0.928291,0.536869,0.490298,0.810104,0.603010,0.964617,0.913262,0.994415,0.787731,0.405051,0.556347,0.840529,0.921208
1.291486,0.782649,1.210131,1.105491,0.906037,0.788941,1.134452,1.018706,0.797340,0.876857,1.031025,0.996043,1.015479,1.125168,1.008631,1.216550,0.940070,0.736645,1.421968,0.000000,0.334469,0.701204,1.011698,0.871213,0.758113,0.592617,0.744031,0.478100,0.911644,0.760308,1.135983,1.032488,1.154330,1.304680,0.519919,0.622593,0.922403,0.872263,0.756505,0.950626,0.442930,0.593698,0.941733,0.783313,0.611155,0.648451,0.861561,0.727048,0.655783,0.424419,0.613807,0.430818,0.640212,0.757978,0.908248,0.548837,0.652632,0.653136,0.861489,0.797921,0.921558,0.828934,0.762280,0.711068,0.736729,0.764783,0.771149,0.816310,0.952610,0.914372,0.910680,0.841862,0.928437,0.771169,0.972784,0.822869,1.086513,0.930242,0.765064,0.666208,1.033711,0.848150,1.032600,1.159120,1.160536,1.001977,0.436472,0.550340,0.951986,1.196330
0.343400,0.255113,0.256561,0.260277,0.415404,0.173072,0.339038,0.339474,0.271552,0.277684,0.320013,0.386832,0.227780,0.284878,0.239736,0.295013,0.306019,0.244275,0.313618,0.334469,0.000000,0.458083,0.186697,0.153131,0.111691,0.077406,0.230574,0.242821,0.230455,0.315354,0.252359,0.255959,0.344226,0.386114,0.134604,0.226294,0.295224,0.361603,0.381376,0.216912,0.189633,0.342070,0.285927,0.280851,0.184381,0.115926,0.312200,0.087460,0.150883,0.177519,0.205912,0.185719,0.218704,0.273947,0.262594,0.270034,0.284869,0.262961,0.323973,0.340145,0.327688,0.269940,0.294523,0.299066,0.119673,0.234904,0.274680,0.299643,0.207992,0.220492,0.337182,0.436274,0.340837,0.296851,0.342678,0.334228,0.395110,0.441723,0.183349,0.123142,0.265685,0.221616,0.303625,0.296137,0.297830,0.343503,0.302628,0.188393,0.321132,0.400540
0.636095,0.527150,0.560663,0.615786,0.633276,0.376598,0.511110,0.485169,0.316601,0.338477,0.576344,0.578523,0.552831,0.631065,0.515298,0.544413,0.584888,0.529887,0.661651,0.701204,0.458083,0.000000,0.558905,0.470805,0.506677,0.287554,0.499511,0.574733,0.570973,0.529550,0.792819,0.654783,0.653210,0.647185,0.381675,0.453982,0.499752,0.522769,0.551728,0.584426,0.420758,0.592199,0.489389,0.362139,0.367400,0.293934,0.519229,0.334110,0.450870,0.426496,0.577289,0.394442,0.568284,0.464417,0.736169,0.346673,0.493900,0.530247,0.459947,0.528312,0.375519,0.403467,0.449396,0.387267,0.342261,0.453181,0.478772,0.425704,0.672708,0.595518,0.815227,0.932819,0.685910,0.639953,0.630541,0.674365,0.723801,0.674231,0.700793,0.569585,0.608654,0.540558,0.534997,0.674416,0.649132,0.576800,0.286348,0.204849,0.667575,0.644256
0.789854,0.481257,1.527798,1.054248,0.610736,0.513289,0.882962,0.583247,0.578929,0.506075,0.799301,0.456569,0.980188,0.855068,0.773677,0.796535,0.507117,0.401257,0.918162,1.011698,0.186697,0.558905,0.000000,1.224097,1.115074,0.581243,0.917402,0.450315,0.469742,0.249079,0.984722,1.026729,0.728371,0.716976,0.919156,0.609180,0.722213,0.555701,0.613826,0.692904,0.303728,0.329043,0.687458,0.544505,0.441036,0.395552,0.656169,0.508454,0.463322,0.281861,0.421957,0.283698,0.340999,0.664940,0.539126,0.403835,0.432787,0.498001,0.435580,0.446770,0.513603,0.466178,0.370193,0.226022,1.078787,0.840269,0.737812,0.644392,0.637430,0.840590,0.857340,0.717454,0.670098,0.553425,0.777461,0.515243,0.846525,0.760251,0.565454,0.449922,0.496069,0.392492,0.505256,0.587851,0.880450,0.675402,0.280880,0.351980,0.728081,0.998712
0.661203,0.270494,1.042289,1.361849,0.562552,0.637616,0.963889,0.833581,0.698498,0.678859,0.697837,0.454251,0.843654,0.803325,0.701352,0.874701,0.407147,0.197158,0.660295,0.871213,0.153131,0.470805,1.224097,0.000000,1.024508,0.719885,0.886107,0.493720,0.309187,0.139630,0.720443,1.023687,0.473159,0.530939,0.802811,0.772840,0.519568,0.447560,0.511442,0.617782,0.393362,0.340570,0.794465,0.549969,0.321299,0.325135,0.662849,0.423812,0.415474,0.240666,0.424769,0.209256,0.442244,0.487516,0.484139,0.253035,0.222916,0.239282,0.372765,0.413143,0.565527,0.699271,0.175642,0.168314,1.145415,1.265784,0.568120,0.529107,0.611319,0.670989,0.831115,0.618175,0.571272,0.514088,0.633992,0.549649,0.785901,0.671228,0.431601,0.328776,0.374963,0.246674,0.342924,0.453601,0.736630,0.682419,0.203493,0.263457,0.636031,0.929820
0.570664,0.355940,0.857527,0.996207,0.381773,0.529583,0.626439,0.513713,0.311201,0.413126,0.519388,0.337930,0.564624,0.537822,0.479204,0.653869,0.416696,0.237135,0.707100,0.758113,0.111691,0.506677,1.115074,1.024508,0.000000,0.904443,1.064770,0.579629,0.352412,0.169004,0.797212,0.768048,0.545280,0.552375,0.744153,0.578357,0.650656,0.555842,0.718187,0.731841,0.344897,0.402630,0.684009,0.485161,0.376161,0.254429,0.653382,0.509666,0.291568,0.121030,0.382576,0.217096,0.354815,0.463074,0.533653,0.395659,0.293407,0.350312,0.385137,0.543857,0.450358,0.455208,0.270120,0.131871,0.726944,0.733909,0.745274,0.657951,0.536184,0.691055,0.760212,0.504485,0.501445,0.438716,0.636039,0.459843,0.830039,0.737831,0.463253,0.308603,0.412125,0.315309,0.413266,0.462275,0.644233,0.508795,0.212274,0.355884,0.719912,0.872389
0.463880,0.245861,0.533425,0.785572,0.420711,0.907375,0.479320,0.571517,0.300118,0.467423,0.379972,0.353394,0.401425,0.506658,0.392545,0.705208,0.300872,0.153329,0.579691,0.592617,0.077406,0.287554,0.581243,0.719885,0.904443,0.000000,0.743508,0.577026,0.343323,0.197895,0.491827,0.551984,0.455549,0.485016,0.440313,0.575681,0.386104,0.419282,0.457974,0.569948,0.247319,0.384344,0.618206,0.488164,0.400306,0.350649,0.621484,0.477432,0.381624,0.235700,0.405293,0.317936,0.481691,0.365316,0.518282,0.342988,0.162498,0.189811,0.471472,0.670020,0.511113,0.497634,0.294434,0.245476,0.430774,0.612482,0.605933,0.690497,0.365908,0.495414,0.473391,0.273581,0.436655,0.403471,0.496872,0.384610,0.662196,0.614810,0.290751,0.124183,0.374854,0.221151,0.433104,0.386364,0.521843,0.475233,0.237720,0.474218,0.709148,0.662455
0.595634,0.339296,0.779416,0.765326,0.594005,0.465442,0.590078,0.435483,0.435958,0.393025,0.538272,0.312954,0.593881,0.511023,0.546979,0.621471,0.380527,0.199211,0.640681,0.744031,0.230574,0.499511,0.917402,0.886107,1.064770,0.743508,0.000000,0.619176,0.285916,0.182050,0.688477,0.646463,0.569087,0.519765,0.574615,0.508725,0.587397,0.510839,0.812812,0.821879,0.344607,0.343371,0.644705,0.432664,0.415732,0.318216,0.616617,0.532019,0.359720,0.147356,0.345419,0.159776,0.394864,0.407920,0.579611,0.420519,0.285933,0.328869,0.343695,0.435138,0.440858,0.364515,0.187433,0.073342,0.613262,0.597251,0.631646,0.555939,0.584015,0.560305,0.600047,0.529127,0.451575,0.316963,0.515548,0.401366,0.646233,0.551559,0.393502,0.231983,0.417831,0.311130,0.502980,0.536219,0.672109,0.601317,0.342941,0.496681,0.832005,0.898250
0.354542,0.149358,0.419965,0.523458,0.515906,0.416986,0.313606,0.358501,0.203709,0.267493,0.397496,0.340087,0.382380,0.486991,0.434718,0.442953,0.272615,0.175094,0.418108,0.478100,0.242821,0.574733,0.450315,0.493720,0.579629,0.577026,0.619176,0.000000,0.290237,0.217945,0.434936,0.487929,0.325877,0.367397,0.321956,0.344591,0.443105,0.310485,0.536880,0.404294,0.333507,0.409487,0.393798,0.248754,0.318988,0.231462,0.397471,0.243524,0.440498,0.399240,0.497765,0.334235,0.454494,0.289434,0.534529,0.226518,0.201361,0.153238,0.362761,0.432196,0.278466,0.311224,0.207513,0.155045,0.308647,0.444893,0.333192,0.329781,0.331210,0.321144,0.537580,0.542425,0.411749,0.329799,0.367383,0.334782,0.581046,0.468645,0.305813,0.158351,0.291275,0.193232,0.333348,0.330654,0.511755,0.394132,0.299241,0.193545,0.662034,0.541646
0.912463,0.761758,0.587276,0.557009,0.619527,0.577891,0.562035,0.609034,0.368688,0.513788,0.820721,1.045868,0.673462,0.838485,0.680641,0.777750,1.080284,0.995927,0.866762,0.911644,0.230455,0.570973,0.469742,0.309187,0.352412,0.343323,0.285916,0.290237,0.000000,1.252885,0.886238,0.651231,0.937308,1.046298,0.247584,0.427894,0.582711,0.688564,0.352258,0.548464,0.269632,0.401563,0.605869,0.667722,0.592847,0.650416,0.625433,0.597147,0.667707,0.500578,0.679674,0.603364,0.580860,0.632238,0.769365,0.448955,0.695997,0.666109,0.973984,0.737918,0.657195,0.558401,1.049078,0.968487,0.253203,0.355159,0.610145,0.703558,0.627714,0.712199,0.488765,0.570243,0.886946,0.620518,0.813007,0.704828,0.736307,0.607624,0.887427,0.949973,1.220356,0.945144,1.244309,1.059943,0.817780,0.742740,0.494012,0.379654,0.569353,0.592921
0.712724,0.788944,0.383278,0.363061,0.582893,0.431239,0.434216,0.527974,0.324484,0.459805,0.571417,0.870600,0.409593,0.583052,0.533820,0.652864,0.990399,1.176073,0.627469,0.760308,0.315354,0.529550,0.249079,0.139630,0.169004,0.197895,0.182050,0.217945,1.252885,0.000000,0.730284,0.513437,0.837081,0.946293,0.072515,0.269714,0.544571,0.734239,0.347865,0.561523,0.268663,0.490703,0.564344,0.635134,0.604073,0.644854,0.577620,0.603782,0.614003,0.542650,0.679036,0.609073,0.553539,0.522504,0.734688,0.514861,0.832052,0.713335,0.772248,0.674694,0.585660,0.485793,1.010991,1.027161,0.122890,0.222910,0.485134,0.591001,0.576857,0.502728,0.400491,0.498218,0.629727,0.493849,0.565852,0.479524,0.511873,0.409390,0.829955,0.922638,1.280736,1.211876,1.048589,1.022054,0.677088,0.679948,0.436891,0.400388,0.515145,0.491494
0.782433,0.565841,0.893881,0.895408,0.604722,0.494163,0.699473,0.589358,0.390246,0.418720,0.779000,0.677115,0.757365,0.806207,0.672327,0.767676,0.863189,0.772462,1.003255,1.135983,0.252359,0.792819,0.984722,0.720443,0.797212,0.491827,0.688477,0.434936,0.886238,0.730284,0.000000,1.298649,0.886236,0.995024,0.575126,0.521633,0.796235,0.718955,0.731788,0.879829,0.380124,0.501151,0.843299,0.730481,0.665670,0.568634,0.678961,0.718808,0.598902,0.368564,0.568346,0.456457,0.410576,0.502728,0.801663,0.393968,0.549363,0.561497,0.561403,0.553844,0.471108,0.443254,0.654525,0.452540,0.545229,0.632641,0.783682,0.834795,0.751635,0.783157,0.926964,0.911679,0.725570,0.559393,0.795849,0.606457,0.876943,0.754732,0.882459,0.872668,0.879133,0.798300,0.798219,0.995683,0.823916,0.762050,0.302256,0.306387,0.706921,0.792302
0.731281,0.435015,0.962714,1.198723,0.656777,0.512384,0.786207,0.723663,0.467747,0.442826,0.802917,0.632929,0.791112,0.860244,0.637087,0.784038,0.750381,0.579273,0.874610,1.032488,0.255959,0.654783,1.026729,1.023687,0.768048,0.551984,0.646463,0.487929,0.651231,0.513437,1.298649,0.000000,0.720469,0.843949,0.781182,0.736995,0.615936,0.625249,0.627971,0.688183,0.362662,0.450458,0.746737,0.638168,0.459922,0.426720,0.640378,0.490556,0.484354,0.350934,0.514744,0.399410,0.406343,0.486891,0.611684,0.299660,0.442554,0.429477,0.556887,0.520582,0.524338,0.564571,0.532121,0.385178,0.744405,0.934363,0.777976,0.826626,0.693827,0.718734,0.935189,0.863148,0.705208,0.562154,0.798225,0.599039,0.845487,0.774472,0.663216,0.613813,0.697914,0.555495,0.581069,0.703169,0.879253,0.824825,0.286703,0.298445,0.706977,0.792704
1.122701,0.874965,0.876639,0.684931,0.732856,0.551998,0.720806,0.598339,0.484069,0.490439,0.780035,0.760885,0.689389,0.849008,0.731714,0.880258,0.897006,0.774532,1.106402,1.154330,0.344226,0.653210,0.728371,0.473159,0.545280,0.455549,0.569087,0.325877,0.937308,0.837081,0.886236,0.720469,0.000000,1.610234,0.440524,0.480898,0.856756,0.722991,0.669600,0.795273,0.376544,0.498418,0.639369,0.651882,0.610662,0.621252,0.789109,0.687181,0.593207,0.356063,0.549940,0.515667,0.490728,0.695986,0.812452,0.753438,0.792301,0.775539,0.880541,0.751429,0.733216,0.495423,1.029770,0.773185,0.413962,0.433110,0.871551,0.902064,0.815123,0.775387,0.513059,0.590993,0.849946,0.601444,0.764395,0.634914,0.782466,0.740925,0.696181,0.581719,1.138669,0.923445,1.202389,1.012824,0.937063,0.906676,0.556056,0.746248,0.827862,0.836870
1.006501,0.782921,0.850312,0.793796,0.689165,0.612207,0.809382,0.797830,0.466167,0.612832,0.779675,0.905246,0.667048,0.886150,0.697388,0.870304,0.978520,0.842274,1.095393,1.304680,0.386114,0.647185,0.716976,0.530939,0.552375,0.485016,0.519765,0.367397,1.046298,0.946293,0.995024,0.843949,1.610234,0.000000,0.471397,0.591766,0.801399,0.767515,0.596090,0.776469,0.387882,0.519886,0.739981,0.761695,0.634721,0.631592,0.815943,0.688566,0.597256,0.355699,0.514300,0.474934,0.477184,0.648766,0.740499,0.604005,0.739393,0.699314,0.838734,0.775499,0.760527,0.661690,0.985791,0.886644,0.449687,0.559914,0.852020,0.979596,0.735367,0.779419,0.626074,0.669923,0.915857,0.738101,0.800992,0.715377,0.860031,0.813698,0.789567,0.667837,1.173905,0.924786,1.184301,1.062532,0.886992,0.861052,0.568120,0.622307,0.737562,0.800381
0.448909,0.377649,0.824987,0.824970,0.442675,0.305762,0.594759,0.504725,0.293137,0.310558,0.377744,0.294768,0.541843,0.502330,0.375092,0.462101,0.418251,0.280109,0.536214,0.519919,0.134604,0.381675,0.919156,0.802811,0.744153,0.440313,0.574615,0.321956,0.247584,0.072515,0.575126,0.781182,0.440524,0.471397,0.000000,0.852341,0.280732,0.227639,0.362529,0.310149,0.015465,0.106450,0.356547,0.321079,0.248321,0.178895,0.458682,0.307331,0.190101,0.161780,0.250865,0.163110,0.257332,0.438161,0.267049,0.195812,0.332059,0.423945,0.281609,0.358137,0.375936,0.490331,0.204012,0.199498,0.949813,0.861615,0.745365,0.667557,0.412799,0.682486,0.557735,0.405441,0.363708,0.351576,0.522222,0.321504,0.627878,0.659469,0.443517,0.260446,0.297427,0.135418,0.216229,0.198538,0.594641,0.428683,0.115861,0.112370,0.411467,0.544322
0.532202,0.326469,0.627182,0.856823,0.485866,0.508362,0.682863,0.836713,0.407053,0.583328,0.509242,0.614996,0.568548,0.645171,0.447267,0.589918,0.495457,0.246072,0.557915,0.622593,0.226294,0.453982,0.609180,0.772840,0.578357,0.575681,0.508725,0.344591,0.427894,0.269714,0.521633,0.736995,0.480898,0.591766,0.852341,0.000000,0.228217,0.341903,0.250430,0.316076,0.224827,0.234773,0.504816,0.370840,0.163802,0.168838,0.526338,0.255584,0.203217,0.158845,0.302780,0.192341,0.502502,0.404096,0.345315,0.201741,0.253735,0.287973,0.482341,0.560537,0.619729,0.834678,0.331238,0.425464,0.697454,0.931135,0.699040,0.729706,0.492421,0.617836,0.508748,0.422573,0.645896,0.558954,0.660384,0.556069,0.663150,0.677801,0.415847,0.259961,0.409883,0.222655,0.456169,0.364394,0.647060,0.559309,0.250777,0.248612,0.485721,0.622326
0.748196,0.441250,0.741810,0.574754,0.503313,0.400548,0.615532,0.399454,0.433653,0.358757,0.615511,0.483234,0.588424,0.620171,0.630454,0.717166,0.503165,0.497816,0.797589,0.922403,0.295224,0.499752,0.722213,0.519568,0.650656,0.386104,0.587397,0.443105,0.582711,0.544571,0.796235,0.615936,0.856756,0.801399,0.280732,0.228217,0.000000,0.767914,0.855276,0.826515,0.600431,0.484470,0.784774,0.660871,0.557658,0.469750,0.649950,0.601130,0.488367,0.205836,0.437163,0.324606,0.279331,0.379090,0.689753,0.480155,0.469834,0.409134,0.485291,0.459703,0.430437,0.299682,0.535256,0.356716,0.362963,0.393601,0.578287,0.581869,0.611654,0.491775,0.628897,0.670037,0.541817,0.357757,0.529600,0.356614,0.652018,0.515489,0.569966,0.487163,0.713365,0.676993,0.704752,0.797321,0.715231,0.564353,0.482751,0.500699,0.622920,0.755565
0.698976,0.659709,0.588658,0.597694,0.632800,0.592663,0.560831,0.520666,0.405551,0.496239,0.555486,0.626480,0.497224,0.586276,0.544601,0.715917,0.616161,0.640368,0.652776,0.872263,0.361603,0.522769,0.555701,0.447560,0.555842,0.419282,0.510839,0.310485,0.688564,0.734239,0.718955,0.625249,0.722991,0.767515,0.227639,0.341903,0.767914,0.000000,0.608383,0.956127,0.348190,0.601169,0.625089,0.553938,0.436056,0.427034,0.637012,0.643875,0.442371,0.369541,0.565067,0.410752,0.511566,0.579052,0.802593,0.659111,0.640570,0.670498,0.574489,0.657108,0.509332,0.425237,0.664306,0.545629,0.314614,0.355379,0.586781,0.579219,0.724315,0.583287,0.656298,0.610672,0.557779,0.560348,0.650328,0.542931,0.590532,0.554387,0.659454,0.473261,0.849181,0.805608,0.742888,0.819525,0.739724,0.636883,0.313133,0.583656,0.744350,0.765880
0.574966,0.334061,0.555771,0.563424,0.545530,0.308979,0.411592,0.280428,0.295771,0.214378,0.497907,0.337790,0.531177,0.516904,0.515888,0.566389,0.476819,0.345855,0.670228,0.756505,0.381376,0.551728,0.613826,0.511442,0.718187,0.457974,0.812812,0.536880,0.352258,0.347865,0.731788,0.627971,0.669600,0.596090,0.362529,0.250430,0.855276,0.608383,0.000000,0.949566,0.519413,0.600599,0.526696,0.400883,0.358879,0.259512,0.499372,0.492176,0.314843,0.170864,0.400760,0.293173,0.317689,0.365974,0.610028,0.402211,0.340850,0.365756,0.418817,0.481571,0.357388,0.183768,0.411850,0.162394,0.273389,0.344169,0.520180,0.509818,0.658993,0.514237,0.653182,0.621112,0.337293,0.233768,0.446619,0.385252,0.601124,0.581074,0.410056,0.338070,0.517807,0.491187,0.542795,0.653801,0.709530,0.655852,0.309899,0.417021,0.760828,0.776083
0.706854,0.548066,0.634281,0.679187,0.530697,0.509344,0.499161,0.420025,0.319298,0.363806,0.568640,0.521620,0.577070,0.666027,0.558192,0.728331,0.589241,0.510758,0.744601,0.950626,0.216912,0.584426,0.692904,0.617782,0.731841,0.569948,0.821879,0.404294,0.548464,0.561523,0.879829,0.688183,0.795273,0.776469,0.310149,0.316076,0.826515,0.956127,0.949566,0.000000,0.494885,0.639901,0.683381,0.534267,0.505037,0.478255,0.644940,0.797800,0.462157,0.236860,0.462596,0.345283,0.435213,0.448189,0.815541,0.588251,0.508461,0.508927,0.447826,0.551093,0.408174,0.320576,0.512332,0.308700,0.329995,0.433894,0.590689,0.612406,0.729359,0.557888,0.742001,0.630612,0.492732,0.532317,0.516524,0.499035,0.657395,0.639219,0.612904,0.465162,0.787103,0.714333,0.746729,0.940896,0.749398,0.814738,0.327390,0.655558,0.825462,0.889821
0.346234,0.090270,0.312583,0.336416,0.217410,0.101568,0.377599,0.288899,0.359405,0.188704,0.429724,0.297693,0.371964,0.379018,0.432541,0.385796,0.327360,0.064053,0.336107,0.442930,0.189633,0.420758,0.303728,0.393362,0.344897,0.247319,0.344607,0.333507,0.269632,0.268663,0.380124,0.362662,0.376544,0.387882,0.015465,0.224827,0.600431,0.348190,0.519413,0.494885,0.000000,0.632551,0.559615,0.288449,0.128555,0.122466,0.303872,0.223299,0.182988,-0.007755,0.235404,0.135344,0.315730,0.135593,0.354718,0.152997,0.058528,-0.010318,0.156052,0.156819,0.248595,0.206446,0.168928,0.068365,0.177166,0.317948,0.179486,0.166222,0.334261,0.123754,0.408937,0.465826,0.397397,0.282543,0.235180,0.304744,0.366528,0.304024,0.303754,0.274091,0.360416,0.302139,0.361172,0.490978,0.415242,0.390981,0.358455,0.295773,0.347763,0.361146
0.395851,0.362867,0.343733,0.417498,0.418562,0.338318,0.372662,0.393486,0.322223,0.332447,0.397573,0.491629,0.385638,0.485702,0.419622,0.495718,0.440208,0.362999,0.488133,0.593698,0.342070,0.592199,0.329043,0.340570,0.402630,0.384344,0.343371,0.409487,0.401563,0.490703,0.501151,0.450458,0.498418,0.519886,0.106450,0.234773,0.484470,0.601169,0.600599,0.639901,0.632551,0.000000,0.485844,0.346563,0.201446,0.187298,0.384462,0.340338,0.276716,0.208165,0.398100,0.326587,0.488262,0.314299,0.521022,0.360766,0.257345,0.281004,0.309857,0.403884,0.308652,0.282432,0.446603,0.283681,0.184332,0.291347,0.238261,0.266898,0.492065,0.374776,0.561737,0.521014,0.471773,0.578845,0.349226,0.471057,0.472497,0.514512,0.372754,0.381920,0.578590,0.521326,0.533565,0.654228,0.574623,0.549237,0.212468,0.349334,0.590630,0.537895
0.765898,0.384356,0.672881,0.915158,0.588806,0.632530,0.773928,0.740643,0.566054,0.601653,0.661334,0.580861,0.631543,0.639491,0.658959,0.829189,0.590670,0.398003,0.749981,0.941733,0.285927,0.489389,0.687458,0.794465,0.684009,0.618206,0.644705,0.393798,0.605869,0.564344,0.843299,0.746737,0.639369,0.739981,0.356547,0.504816,0.784774,0.625089,0.526696,0.683381,0.559615,0.485844,0.000000,1.419410,0.787355,0.762310,1.014110,0.753823,0.695139,0.328562,0.580365,0.421297,0.579000,0.436916,0.696651,0.408267,0.347227,0.255571,0.547167,0.522553,0.574540,0.592482,0.334867,0.378424,0.510473,0.675397,0.666632,0.711850,0.629091,0.494014,0.625709,0.585368,0.651545,0.483482,0.762644,0.466736,0.823932,0.629196,0.557530,0.530782,0.633550,0.509077,0.617843,0.716699,0.672102,0.593529,0.338750,0.408824,0.517771,0.694070
0.715362,0.446177,0.550523,0.737415,0.538558,0.562493,0.585466,0.572715,0.409690,0.468822,0.527409,0.530458,0.482875,0.571324,0.543247,0.699976,0.615806,0.516524,0.658462,0.783313,0.280851,0.362139,0.544505,0.549969,0.485161,0.488164,0.432664,0.248754,0.667722,0.635134,0.730481,0.638168,0.651882,0.761695,0.321079,0.370840,0.660871,0.553938,0.400883,0.534267,0.288449,0.346563,1.419410,0.000000,1.069896,1.088868,1.011251,0.840829,0.856121,0.416182,0.613797,0.592332,0.469107,0.488396,0.613545,0.476041,0.445355,0.326915,0.611706,0.521334,0.485554,0.451934,0.474744,0.475016,0.368140,0.483663,0.652310,0.782886,0.514467,0.487329,0.429425,0.425427,0.574612,0.428187,0.660745,0.349237,0.690500,0.528201,0.533458,0.545751,0.643447,0.544845,0.620539,0.631056,0.555494,0.551891,0.298768,0.353285,0.375674,0.525040
0.579341,0.489638,0.456426,0.499110,0.528424,0.508955,0.310521,0.315595,0.198726,0.286630,0.332812,0.327859,0.323287,0.463031,0.452419,0.580464,0.563199,0.554839,0.542964,0.611155,0.184381,0.367400,0.441036,0.321299,0.376161,0.400306,0.415732,0.318988,0.592847,0.604073,0.665670,0.459922,0.610662,0.634721,0.248321,0.163802,0.557658,0.436056,0.358879,0.505037,0.128555,0.201446,0.787355,1.069896,0.000000,1.435786,0.727348,0.839842,1.144590,0.624409,0.676599,0.775746,0.325094,0.472135,0.673973,0.605329,0.634772,0.478647,0.493512,0.521867,0.294836,0.258458,0.491967,0.400159,0.243567,0.322813,0.647508,0.766555,0.383990,0.391419,0.313200,0.349539,0.380325,0.265183,0.441132,0.203246,0.453194,0.313201,0.569644,0.531247,0.635730,0.594369,0.589083,0.576200,0.458061,0.478807,0.427430,0.419622,0.391668,0.445159
0.658856,0.573619,0.450269,0.485089,0.592031,0.544461,0.384669,0.396562,0.342783,0.390858,0.449701,0.452369,0.431649,0.574301,0.545415,0.649133,0.626473,0.593938,0.541234,0.648451,0.115926,0.293934,0.395552,0.325135,0.254429,0.350649,0.318216,0.231462,0.650416,0.644854,0.568634,0.426720,0.621252,0.631592,0.178895,0.168838,0.469750,0.427034,0.259512,0.478255,0.122466,0.187298,0.762310,1.088868,1.435786,0.000000,0.804887,0.885372,1.291115,0.760574,0.754316,0.849517,0.459516,0.614601,0.655800,0.542667,0.604463,0.469892,0.600071,0.487839,0.394703,0.329422,0.551564,0.519512,0.264484,0.284737,0.484035,0.603276,0.442323,0.421855,0.302135,0.323284,0.425962,0.362299,0.450539,0.258704,0.463343,0.319545,0.518705,0.492059,0.652173,0.582310,0.616263,0.587814,0.509310,0.562424,0.273111,0.370564,0.356759,0.453638
0.848974,0.618284,0.694651,0.869958,0.623210,0.666270,0.691557,0.687835,0.441604,0.588258,0.568703,0.558136,0.546533,0.651452,0.571458,0.891412,0.611329,0.488691,0.768800,0.861561,0.312200,0.519229,0.656169,0.662849,0.653382,0.621484,0.616617,0.397471,0.625433,0.577620,0.678961,0.640378,0.789109,0.815943,0.458682,0.526338,0.649950,0.637012,0.499372,0.644940,0.303872,0.384462,1.014110,1.011251,0.727348,0.804887,0.000000,1.023209,0.780069,0.556962,0.830456,0.656543,0.760194,0.733017,0.821831,0.665676,0.544631,0.523170,0.687836,0.661713,0.607340,0.592159,0.481888,0.529473,0.466199,0.531601,0.636899,0.723294,0.790585,0.749660,0.511161,0.448458,0.672892,0.541681,0.716016,0.465442,0.779259,0.659698,0.549249,0.375340,0.703805,0.545856,0.698323,0.650446,0.675713,0.640629,0.256788,0.502475,0.537976,0.723186
0.583593,0.562534,0.499374,0.558280,0.527721,0.568472,0.387713,0.382420,0.277870,0.395645,0.411498,0.418655,0.455185,0.557496,0.566494,0.718818,0.568238,0.548953,0.609289,0.727048,0.087460,0.334110,0.508454,0.423812,0.509666,0.477432,0.532019,0.243524,0.597147,0.603782,0.718808,0.490556,0.687181,0.688566,0.307331,0.255584,0.601130,0.643875,0.492176,0.797800,0.223299,0.340338,0.753823,0.840829,0.839842,0.885372,1.023209,0.000000,0.687939,0.416983,0.609183,0.554355,0.494316,0.577126,0.709101,0.685951,0.504584,0.518379,0.436891,0.459005,0.356018,0.345404,0.511554,0.413463,0.318344,0.321214,0.503517,0.609219,0.700969,0.625534,0.373237,0.334752,0.387252,0.347377,0.443172,0.281267,0.461619,0.374717,0.582151,0.441491,0.718700,0.665742,0.706900,0.756118,0.551395,0.617301,0.131443,0.467040,0.436784,0.583139
0.702633,0.492464,0.526249,0.502889,0.683471,0.621773,0.424904,0.422777,0.393676,0.454242,0.550668,0.453341,0.509482,0.636432,0.615340,0.682636,0.607771,0.557018,0.569133,0.655783,0.150883,0.450870,0.463322,0.415474,0.291568,0.381624,0.359720,0.440498,0.667707,0.614003,0.598902,0.484354,0.593207,0.597256,0.190101,0.203217,0.488367,0.442371,0.314843,0.462157,0.182988,0.276716,0.695139,0.856121,1.144590,1.291115,0.780069,0.687939,0.000000,1.057157,1.071129,0.986794,0.631662,0.651585,0.844083,0.499749,0.584692,0.444288,0.713854,0.551299,0.450657,0.342093,0.548688,0.534449,0.296340,0.337608,0.435024,0.489269,0.522046,0.421768,0.366908,0.466319,0.503622,0.423498,0.450655,0.340659,0.493839,0.330363,0.554919,0.524132,0.681270,0.583261,0.599915,0.613340,0.629019,0.611961,0.376025,0.338410,0.497754,0.498508
