0.000000,0.714816,0.247979,0.374934,0.277493,0.126584,0.582032,0.542033,0.351259,0.260711,0.614233,0.612900,0.645871,0.560221,0.403312,0.427660,0.358956,0.330655,0.418744,0.286351,0.123216,0.210450,0.271109,0.149729,0.324355,0.258932,0.315571,0.303629,0.209929,0.262071,0.383374,0.303171,0.448055,0.368046,0.202926,0.085192,0.176524,-0.002724,0.181223,0.254943,0.112472,0.070434,0.406655,0.313020,0.322714,0.302438,0.442960,0.371961,0.304834,0.320741,0.381514,0.331034,0.245538,0.296229,0.321065,0.287293,0.806964,0.677523,0.439882,0.270591,0.586770,0.363440,0.370667,0.443186,0.332877,0.173039,0.178896,0.135615,0.166878,0.031779,0.037176,0.063876,0.295958,0.170102,-0.076494,-0.033927,0.261681,0.288164,0.245993,0.151339,0.369779,0.308934,0.358560,0.318476,0.347934,0.188886,0.256423,0.231990,0.401130,0.250374
0.714816,0.000000,0.293454,0.786482,0.216132,0.148815,0.514128,0.790173,0.189077,0.206540,0.421123,0.801997,0.456904,0.791059,0.406992,0.574680,0.385707,0.330078,0.460656,0.708902,0.158233,0.119445,0.433720,0.436951,0.356972,0.313302,0.380293,0.362661,0.221574,0.285423,0.547291,0.468479,0.374627,0.537063,0.234055,0.299064,0.181803,0.016095,0.116438,0.334805,0.134221,0.147412,0.249007,0.110699,0.315844,0.217153,0.274690,0.131118,0.360371,0.279974,0.359660,0.244113,0.213431,0.230820,0.345728,0.209495,0.391029,1.134629,0.086736,0.184796,0.311610,0.525643,0.247407,0.454984,0.318690,0.186537,0.062908,0.184199,0.117893,0.266557,0.184706,0.077684,0.173108,0.168600,-0.110706,-0.003931,0.163062,0.319733,0.014879,0.184223,0.287843,0.185526,0.381226,0.314653,0.319340,0.129108,0.223524,0.131582,0.240725,0.163977
0.247979,0.293454,0.000000,0.831902,0.624766,0.392098,0.828285,0.311746,0.418918,0.111866,0.244539,0.206029,0.267071,0.170528,0.621587,0.432731,0.064162,-0.072734,0.455960,0.372184,0.260863,0.162082,1.108038,0.810940,0.635619,0.563794,0.454524,0.390662,0.048768,-0.078618,0.465827,0.737124,0.133436,0.225271,0.605244,0.349043,0.047736,0.069034,0.287918,0.263587,0.027529,0.082113,0.212861,0.035545,0.197653,0.096276,0.087016,0.068987,0.189192,0.102912,0.294074,0.209789,0.227429,0.291570,0.253867,0.120560,-0.143685,0.082248,-0.048221,-0.272678,0.041835,-0.268842,-0.187432,-0.265816,0.691075,0.096747,0.342433,0.121945,0.159834,0.161935,0.286684,0.360129,0.213980,0.155158,0.101873,0.214877,0.411166,0.382351,-0.056840,-0.023902,-0.043667,-0.013688,0.207197,0.085414,0.270577,0.198774,0.381079,0.344861,0.608162,0.544301
0.374934,0.786482,0.831902,0.000000,0.530972,0.349814,0.843275,1.018864,0.356036,0.287541,0.242542,0.493007,0.319282,0.485654,0.519459,0.521203,0.174207,0.037003,0.655041,0.946166,0.132848,0.149295,0.925895,1.069867,0.488175,0.597336,0.395846,0.460617,0.101523,0.076193,0.544798,0.810545,0.313278,0.508065,0.458037,0.504169,0.094806,-0.026294,0.196059,0.266359,-0.031994,0.029564,0.267284,0.109672,0.339114,0.168002,0.213241,0.191401,0.268489,0.234477,0.345665,0.280604,0.266037,0.355965,0.351817,0.243702,-0.032005,0.439238,0.002432,0.061522,0.197002,0.201493,0.007476,0.066328,0.519834,0.397100,0.260828,0.330113,0.150986,0.376993,0.296214,0.328871,0.262233,0.215441,0.070904,0.140457,0.263888,0.344755,-0.090866,0.016797,0.131936,0.062855,0.242280,0.143888,0.301448,0.203453,0.349724,0.276969,0.487335,0.495931
0.277493,0.216132,0.624766,0.530972,0.000000,0.580149,0.607595,0.319921,0.711491,0.763007,0.265460,0.169681,0.320587,0.193274,0.836156,0.725345,0.322563,0.182717,0.529062,0.338057,0.428389,0.494036,0.650835,0.645560,0.925837,1.016241,0.946682,0.823673,0.021058,-0.006796,0.374208,0.389076,0.353436,0.239417,0.708980,0.544036,0.025929,-0.183472,0.178766,0.293318,0.027961,0.086905,0.200302,0.061778,0.186608,0.086405,0.127810,0.210012,0.128837,0.194985,0.221804,0.116833,0.215623,0.451431,0.223916,0.274193,0.071553,0.213819,0.095654,0.031605,0.255731,0.025599,0.106997,0.042417,0.757102,0.397190,0.422889,0.360600,0.356056,0.324220,0.273047,0.379629,0.283093,0.045909,0.417387,0.202985,0.439511,0.204125,0.155169,-0.020528,0.173298,0.079827,0.303353,0.113917,0.287823,0.134562,0.258426,0.177244,0.604711,0.532500
0.126584,0.148815,0.392098,0.349814,0.580149,0.000000,0.200997,0.291580,0.566658,0.467616,0.246584,0.129574,0.104223,0.178852,0.465690,0.474436,0.328481,0.117772,0.213435,0.228095,0.619339,0.575083,0.249573,0.392841,0.447134,0.692600,0.717619,0.590744,-0.090744,0.099926,0.294926,0.229050,0.310315,0.283982,0.242268,0.293711,-0.045587,0.025474,0.249362,0.128343,-0.112544,-0.157316,0.123989,0.067095,0.157164,0.119086,0.124127,0.102209,0.208094,0.065374,0.153159,0.046049,0.113677,0.108235,0.296575,-0.075202,0.004385,0.167485,0.173332,0.103951,0.167759,-0.025985,0.053881,0.051496,0.383244,0.470088,0.280955,0.297104,0.412979,0.212803,0.135289,0.165299,-0.092560,-0.016798,0.261848,0.367692,0.167010,0.136513,0.097254,0.074021,0.066161,0.157034,0.208775,0.320509,0.015976,-0.014639,0.076483,0.312811,0.247507,0.189994
0.582032,0.514128,0.828285,0.843275,0.607595,0.200997,0.000000,0.889474,0.528432,0.253297,0.560620,0.559456,0.731471,0.519658,0.666261,0.534029,0.227960,0.071429,0.507269,0.398615,0.154089,0.108544,0.818242,0.546076,0.499438,0.551569,0.368461,0.397182,0.135147,0.134136,0.523240,0.774860,0.256316,0.359834,0.486572,0.373587,0.148498,-0.130182,0.181493,0.202499,0.084174,0.068599,0.370513,0.204093,0.309104,0.239650,0.240494,0.292316,0.362996,0.369868,0.582343,0.526283,0.347141,0.486426,0.315043,0.304816,0.094299,0.277790,0.237382,0.095438,0.503777,0.203379,0.131039,0.111926,0.704323,0.356962,0.235296,0.276917,-0.043044,0.020181,0.194393,0.303735,0.332029,0.065602,0.021544,0.133385,0.398314,0.309130,-0.042074,0.042708,0.099177,0.126388,0.261872,0.140138,0.416216,0.280379,0.360482,0.217894,0.645490,0.551169
0.542033,0.790173,0.311746,1.018864,0.319921,0.291580,0.889474,0.000000,0.384006,0.266445,0.508767,0.822392,0.619410,0.872094,0.414412,0.495051,0.305476,0.158758,0.384730,0.590758,0.083777,0.080449,0.417568,0.471331,0.209442,0.393945,0.225581,0.278509,0.136472,0.362230,0.526983,0.659469,0.338146,0.548726,0.148486,0.300218,0.145222,-0.076907,0.124071,0.141374,0.003481,-0.045918,0.255967,0.202980,0.294558,0.271951,0.266872,0.244928,0.340065,0.329228,0.432886,0.442621,0.227674,0.264439,0.292366,0.174215,0.130848,0.490163,0.196997,0.311030,0.476234,0.523908,0.189255,0.356234,0.357539,0.584963,0.033077,0.302134,-0.027734,0.110872,0.182718,0.224754,0.191335,0.107118,-0.032297,0.052550,0.135185,0.218828,-0.116724,0.071391,0.142637,0.205786,0.214116,0.245252,0.227963,0.169180,0.216499,0.192025,0.341079,0.262174
0.351259,0.189077,0.418918,0.356036,0.711491,0.566658,0.528432,0.384006,0.000000,0.595597,0.631014,0.332998,0.690711,0.351153,0.878372,0.502377,0.334987,0.248080,0.577160,0.291216,0.135317,0.146487,0.302877,0.377932,0.448910,0.537829,0.475028,0.429696,0.057592,0.093722,0.245670,0.276113,0.261111,0.240426,0.295441,0.342851,-0.003138,-0.079072,0.267192,0.253635,0.092144,-0.021990,0.321486,0.200798,0.277214,0.188461,0.240525,0.342768,0.248561,0.171986,0.338441,0.250470,0.237658,0.446466,0.263648,0.252853,0.007878,0.192113,0.343916,0.163266,0.559351,0.210831,0.187529,0.186151,0.678149,0.651542,0.421564,0.348197,0.298116,0.431282,0.209346,0.321644,0.316432,0.227661,0.172324,0.381896,0.274259,0.238441,0.224229,0.066622,0.088571,0.146766,0.166528,0.012898,0.312479,0.155886,0.202615,0.108854,0.671896,0.507684
0.260711,0.206540,0.111866,0.287541,0.763007,0.467616,0.253297,0.266445,0.595597,0.000000,0.244321,0.146958,0.256785,0.199803,0.471854,0.484215,0.372078,0.324240,0.519129,0.363894,0.289778,0.220000,0.338059,0.365554,0.671293,0.773478,0.744757,0.696182,0.055801,-0.023911,0.125356,0.006841,0.296918,0.145431,0.307319,0.374375,0.102797,-0.157418,0.155753,0.307438,0.057202,0.008820,0.258347,0.107854,0.192064,0.068479,0.268571,0.321165,0.136294,0.200028,0.240602,0.128961,0.303355,0.494595,0.275028,0.381676,0.259050,0.285659,0.162773,0.166176,0.280420,0.284923,0.233062,0.258399,0.317595,0.513344,0.353758,0.341139,0.307198,0.415701,0.133544,0.109073,0.221772,0.032601,0.435106,0.201411,0.190411,0.155583,0.169603,0.006840,0.288283,0.050565,0.199309,0.021219,0.245361,0.008929,0.201557,-0.038742,0.364635,0.439353
0.614233,0.421123,0.244539,0.242542,0.265460,0.246584,0.560620,0.508767,0.631014,0.244321,0.000000,0.972248,1.167246,0.800222,0.680758,0.602326,0.632585,0.380221,0.313240,0.115000,0.221969,0.107973,0.254490,0.202553,0.439817,0.309423,0.346429,0.275839,0.352159,0.499274,0.522683,0.328094,0.277158,0.231389,0.265887,0.126717,0.151169,-0.053839,0.202369,0.300320,0.282531,0.079719,0.276848,0.189687,0.270054,0.184648,0.241695,0.194003,0.317281,0.154164,0.461370,0.345090,0.104117,0.191708,0.171124,0.034917,0.198264,0.335782,0.311498,0.129471,0.515560,0.206894,0.197122,0.309134,0.509028,0.299475,0.227184,0.162866,0.001975,0.106916,0.077361,0.064406,0.185345,0.040596,-0.172897,0.160009,0.275430,0.294839,0.125323,0.039201,0.197485,0.192029,0.349076,0.328685,0.304414,0.100132,0.117793,0.149240,0.361682,0.109497
0.612900,0.801997,0.206029,0.493007,0.169681,0.129574,0.559456,0.822392,0.332998,0.146958,0.972248,0.000000,0.915158,1.494727,0.568765,0.753644,0.647676,0.541834,0.288622,0.331045,0.151666,0.094046,0.271706,0.258437,0.334937,0.236170,0.320082,0.252206,0.438104,0.709999,0.665261,0.368759,0.285777,0.303841,0.179210,0.137896,0.227320,0.029172,0.102092,0.390283,0.177865,0.139938,0.226311,0.216997,0.282203,0.219030,0.213542,0.232732,0.312106,0.265957,0.353000,0.379091,0.174391,0.172275,0.191231,0.130228,0.215847,0.578074,0.161654,0.186678,0.359358,0.354562,0.279675,0.506411,0.321793,0.258591,0.050583,0.187171,-0.021278,0.110367,0.053296,0.075114,0.114082,0.073611,-0.166795,0.005372,0.216339,0.350069,-0.010336,0.032552,0.326605,0.269279,0.510143,0.532932,0.330590,0.241549,0.227413,0.187909,0.202411,0.112992
0.645871,0.456904,0.267071,0.319282,0.320587,0.104223,0.731471,0.619410,0.690711,0.256785,1.167246,0.915158,0.000000,0.963862,0.618085,0.571857,0.423480,0.331168,0.340381,0.170651,0.048195,-0.045974,0.324990,0.185461,0.363738,0.273640,0.240767,0.213962,0.319579,0.418734,0.538924,0.359506,0.263174,0.156414,0.236311,0.147096,0.146015,-0.101694,0.104370,0.324505,0.288648,0.135089,0.213327,0.112133,0.204003,0.098853,0.140254,0.151371,0.215075,0.119580,0.370523,0.296048,0.030339,0.145103,0.086519,0.028282,0.227780,0.320230,0.217481,0.053900,0.515248,0.274108,0.124017,0.209990,0.582271,0.322904,0.088241,0.035010,-0.008771,0.088456,0.103129,0.185037,0.270434,0.051649,-0.178239,0.063029,0.218954,0.241976,0.096162,-0.045421,0.147044,0.131577,0.273288,0.244652,0.337401,0.187435,0.182602,0.098305,0.403588,0.154260
0.560221,0.791059,0.170528,0.485654,0.193274,0.178852,0.519658,0.872094,0.351153,0.199803,0.800222,1.494727,0.963862,0.000000,0.505875,0.736148,0.576338,0.477926,0.197784,0.323035,0.209156,0.050769,0.249511,0.266491,0.322720,0.257485,0.332546,0.217094,0.431112,0.642071,0.648939,0.331760,0.318956,0.320581,0.171164,0.174700,0.162693,0.066483,0.062749,0.426710,0.170960,0.164687,0.176422,0.180013,0.255014,0.177139,0.194471,0.197313,0.251580,0.217141,0.301726,0.324621,0.107899,0.098616,0.147873,0.043533,0.283847,0.621859,0.106548,0.197431,0.316658,0.406515,0.295065,0.478518,0.347341,0.341252,-0.015462,0.134931,0.042644,0.114280,-0.013952,0.038892,0.032483,0.032034,-0.141892,0.026620,0.170036,0.333276,-0.011530,0.055058,0.321894,0.284032,0.433456,0.517072,0.328829,0.256233,0.157854,0.175977,0.138932,0.056257
0.403312,0.406992,0.621587,0.519459,0.836156,0.465690,0.666261,0.414412,0.878372,0.471854,0.680758,0.568765,0.618085,0.505875,0.000000,1.103760,0.640514,0.427305,0.578501,0.347054,0.209516,0.225605,0.532896,0.586037,0.756225,0.659186,0.765922,0.692281,0.373889,0.418639,0.565269,0.492772,0.278655,0.240420,0.580142,0.498014,0.127382,-0.050725,0.359568,0.508792,0.311797,0.182665,0.315825,0.208465,0.312413,0.217409,0.260469,0.282673,0.282314,0.264691,0.343548,0.316368,0.306306,0.505926,0.376758,0.292759,0.004433,0.304713,0.153183,0.019211,0.369672,0.019780,0.205820,0.181744,0.819652,0.432821,0.365439,0.354289,0.192199,0.329506,0.370806,0.495994,0.506652,0.353654,0.255633,0.360948,0.459807,0.450419,0.237812,0.129155,0.328398,0.355976,0.645547,0.397904,0.514456,0.328398,0.458232,0.409449,0.861725,0.655267
0.427660,0.574680,0.432731,0.521203,0.725345,0.474436,0.534029,0.495051,0.502377,0.484215,0.602326,0.753644,0.571857,0.736148,1.103760,0.000000,0.795160,0.568060,0.384397,0.314836,0.414890,0.344694,0.484227,0.535750,0.828120,0.734291,0.999861,0.878106,0.426496,0.653142,0.859781,0.441292,0.455375,0.224336,0.631171,0.502024,0.132224,-0.147610,0.207112,0.569056,0.241511,0.227829,0.238504,0.132333,0.237549,0.114719,0.207904,0.188080,0.230671,0.207287,0.271369,0.198131,0.183760,0.289281,0.301728,0.190059,0.186655,0.504519,0.072156,0.085918,0.258293,0.136006,0.237404,0.307213,0.635395,0.338041,0.216311,0.307195,0.186824,0.210258,0.362442,0.387731,0.264417,0.192393,0.177034,0.152814,0.363981,0.336928,0.167630,0.129050,0.445225,0.392535,0.711051,0.649551,0.353524,0.285908,0.337538,0.403224,0.538000,0.428815
0.358956,0.385707,0.064162,0.174207,0.322563,0.328481,0.227960,0.305476,0.334987,0.372078,0.632585,0.647676,0.423480,0.576338,0.640514,0.795160,0.000000,1.079680,0.172277,0.089804,0.365891,0.315541,0.070131,0.211218,0.430912,0.322016,0.553578,0.438928,0.509843,0.737183,0.404357,0.162242,0.217395,0.196890,0.278527,0.183517,0.143012,0.040919,0.309863,0.484723,0.428471,0.154780,0.199934,0.304086,0.226146,0.212484,0.299581,0.263464,0.267029,0.228242,0.252507,0.265839,0.246000,0.263466,0.311301,0.190173,0.357849,0.547704,0.125469,0.157961,0.195831,0.129030,0.460623,0.593059,0.262093,0.257315,0.146316,0.276361,0.068673,0.160232,0.128620,0.080252,0.141787,0.159674,0.109530,0.116178,0.287384,0.220593,0.296792,0.214071,0.673564,0.580874,0.755326,0.640159,0.272547,0.207179,0.325557,0.295151,0.249751,0.093443
0.330655,0.330078,-0.072734,0.037003,0.182717,0.117772,0.071429,0.158758,0.248080,0.324240,0.380221,0.541834,0.331168,0.477926,0.427305,0.568060,1.079680,0.000000,0.163802,0.120517,0.227214,0.237972,-0.033373,0.069236,0.282510,0.222903,0.392402,0.204043,0.312559,0.701257,0.319976,0.066416,0.240831,0.103173,0.155532,0.086180,0.114551,0.046811,0.226976,0.371026,0.264792,0.043551,0.134234,0.170638,0.060377,0.050375,0.153666,0.224518,0.097877,0.112271,0.094400,0.143456,0.179227,0.189763,0.121464,0.234059,0.487594,0.620467,0.043858,0.127838,0.086032,0.241634,0.376665,0.707808,0.045268,0.072340,0.043101,0.128566,0.184403,0.155553,0.026963,0.056963,0.171327,0.164854,0.087279,0.014871,0.083082,0.092447,0.255622,0.066765,0.550669,0.428365,0.499056,0.453562,0.150199,0.165765,0.218268,0.078814,0.067965,-0.006664
0.418744,0.460656,0.455960,0.655041,0.529062,0.213435,0.507269,0.384730,0.577160,0.519129,0.313240,0.288622,0.340381,0.197784,0.578501,0.384397,0.172277,0.163802,0.000000,1.022320,0.065857,0.060707,0.689352,0.757917,0.573270,0.490930,0.429405,0.517888,0.045862,-0.052182,0.276669,0.354269,0.464253,0.361643,0.397550,0.431310,0.010965,-0.206641,0.286627,0.197748,0.080992,0.022188,0.385584,0.112468,0.396156,0.117393,0.257208,0.273973,0.276759,0.153571,0.330301,0.105815,0.246321,0.452934,0.287145,0.358417,0.101268,0.353950,0.230965,0.032832,0.394091,0.205547,0.127558,0.171343,0.464819,0.243291,0.679879,0.373581,0.555348,0.853954,0.283111,0.352616,0.490714,0.376733,0.155979,0.224927,0.221034,0.174853,0.151551,-0.004739,0.176003,0.003934,0.218685,-0.005382,0.317853,0.021333,0.301757,0.073200,0.568823,0.428338
0.286351,0.708902,0.372184,0.946166,0.338057,0.228095,0.398615,0.590758,0.291216,0.363894,0.115000,0.331045,0.170651,0.323035,0.347054,0.314836,0.089804,0.120517,1.022320,0.000000,0.089577,0.121869,0.602697,0.817924,0.347476,0.385723,0.311018,0.383671,-0.013051,-0.042765,0.313159,0.428407,0.526335,0.627700,0.267247,0.379783,0.012423,-0.114820,0.215628,0.134329,-0.065065,-0.066012,0.280799,0.071439,0.347686,0.121659,0.190909,0.198990,0.272362,0.190217,0.276878,0.099443,0.243270,0.322879,0.282534,0.204174,0.064406,0.535085,0.121059,0.198362,0.250998,0.369728,0.111925,0.220544,0.265977,0.279259,0.432406,0.383023,0.543175,0.789560,0.181311,0.251328,0.292882,0.246622,0.118007,0.196231,0.079736,0.095902,-0.030231,0.003597,0.159871,-0.013592,0.135221,0.013957,0.253005,0.039267,0.204156,0.051571,0.304059,0.309726
0.123216,0.158233,0.260863,0.132848,0.428389,0.619339,0.154089,0.083777,0.135317,0.289778,0.221969,0.151666,0.048195,0.209156,0.209516,0.414890,0.365891,0.227214,0.065857,0.089577,0.000000,0.642112,0.256828,0.277887,0.555029,0.499988,0.679997,0.415883,0.007433,0.118328,0.387145,0.131162,0.377907,0.177675,0.441544,0.199924,0.093498,-0.048907,0.112847,0.076785,-0.061387,-0.012109,0.093452,-0.016548,0.081096,0.034685,0.051296,-0.001698,0.189749,0.048614,0.145880,-0.035087,0.022423,-0.033376,0.083443,-0.107907,0.285820,0.293094,0.039438,0.019197,0.011751,-0.019859,0.140028,0.134228,0.255022,0.018635,0.239214,0.156395,0.293427,0.141119,-0.020192,-0.021067,-0.116477,-0.266149,0.203939,0.148495,0.203647,0.024150,-0.037410,-0.005512,0.164877,0.024741,0.186189,0.296464,0.049412,-0.062608,-0.086489,0.123093,-0.097788,-0.097802
0.210450,0.119445,0.162082,0.149295,0.494036,0.575083,0.108544,0.080449,0.146487,0.220000,0.107973,0.094046,-0.045974,0.050769,0.225605,0.344694,0.315541,0.237972,0.060707,0.121869,0.642112,0.000000,0.047911,0.172013,0.392284,0.484021,0.640369,0.573721,-0.011647,0.112872,0.255438,0.132235,0.360117,0.294174,0.377197,0.177530,0.088374,0.056246,0.154934,0.047328,-0.115167,-0.077056,0.186266,0.207721,0.115164,0.136670,0.142083,0.257328,0.127991,0.152405,0.103827,0.031145,0.087090,0.094715,0.187785,0.063587,0.198119,0.239540,0.215526,0.158816,0.088623,-0.090639,0.244045,0.109282,0.222598,0.098921,0.281313,0.319362,0.399534,0.022073,-0.093787,0.019300,-0.092481,-0.168707,0.179665,0.194950,0.280717,0.006522,0.146155,0.006029,0.302318,0.198443,0.284777,0.301560,0.066206,0.112606,0.041153,0.246805,0.084507,0.094206
0.271109,0.433720,1.108038,0.925895,0.650835,0.249573,0.818242,0.417568,0.302877,0.338059,0.254490,0.271706,0.324990,0.249511,0.532896,0.484227,0.070131,-0.033373,0.689352,0.602697,0.256828,0.047911,0.000000,1.122888,0.803809,0.694385,0.522630,0.494215,0.076901,-0.088398,0.517443,0.672255,0.253950,0.192437,0.657484,0.506651,0.055449,-0.127403,0.165662,0.228732,0.079186,0.111167,0.076171,-0.172216,0.117548,-0.103407,-0.008276,-0.073974,0.088987,0.014972,0.230049,0.054240,0.130094,0.219768,0.131132,0.092192,0.002826,0.144620,-0.159375,-0.261885,0.047161,-0.071375,-0.221370,-0.216011,0.601094,0.093644,0.306161,0.050824,0.142304,0.282303,0.357512,0.322863,0.313500,0.052944,0.166814,0.075133,0.341082,0.315535,-0.125237,-0.122622,-0.039974,-0.195161,0.162832,-0.009699,0.224566,-0.010510,0.233159,0.140305,0.418235,0.376589
0.149729,0.436951,0.810940,1.069867,0.645560,0.392841,0.546076,0.471331,0.377932,0.365554,0.202553,0.258437,0.185461,0.266491,0.586037,0.535750,0.211218,0.069236,0.757917,0.817924,0.277887,0.172013,1.122888,0.000000,0.730622,0.698003,0.530299,0.530254,0.046606,-0.013536,0.424116,0.619377,0.335004,0.359040,0.648832,0.673237,-0.091789,-0.141884,0.124618,0.241698,0.003384,0.066875,0.109966,-0.081725,0.210625,-0.036400,0.027374,0.028084,0.094293,0.033174,0.136193,0.036453,0.126435,0.260173,0.160368,0.105554,-0.067755,0.245166,-0.103222,-0.110567,0.016526,-0.017536,-0.110531,-0.080382,0.541331,0.283684,0.472371,0.284057,0.289764,0.636948,0.301756,0.318242,0.250672,0.146700,0.235720,0.186882,0.231255,0.210186,-0.028632,-0.048116,0.048032,-0.099811,0.182668,0.009543,0.173746,0.010851,0.161420,0.157933,0.378053,0.364935
0.324355,0.356972,0.635619,0.488175,0.925837,0.447134,0.499438,0.209442,0.448910,0.671293,0.439817,0.334937,0.363738,0.322720,0.756225,0.828120,0.430912,0.282510,0.573270,0.347476,0.555029,0.392284,0.803809,0.730622,0.000000,1.135800,1.133089,0.821166,0.191260,0.055624,0.586187,0.364127,0.356721,0.157457,1.075006,0.685667,0.175297,-0.074020,0.232904,0.452195,0.207236,0.197710,0.337154,0.075842,0.295466,0.045374,0.237149,0.210044,0.213629,0.150002,0.369315,0.168139,0.270566,0.387757,0.352843,0.236304,0.185011,0.314171,0.098604,-0.099304,0.167207,-0.090698,0.039090,-0.021605,0.855814,0.236293,0.621910,0.357825,0.312584,0.328886,0.110727,0.126076,0.197379,-0.031269,0.260862,0.234951,0.360574,0.318031,0.180776,-0.031705,0.288189,-0.006736,0.420623,0.270289,0.401800,0.191869,0.302012,0.240327,0.512448,0.449460
0.258932,0.313302,0.563794,0.597336,1.016241,0.692600,0.551569,0.393945,0.537829,0.773478,0.309423,0.236170,0.273640,0.257485,0.659186,0.734291,0.322016,0.222903,0.490930,0.385723,0.499988,0.484021,0.694385,0.698003,1.135800,0.000000,1.105523,0.848231,0.007634,0.045439,0.613136,0.541859,0.416788,0.299042,0.809373,0.751458,0.111524,-0.124008,0.150617,0.237497,-0.016979,0.002367,0.256107,0.026293,0.165444,0.020283,0.145639,0.207654,0.130701,0.124441,0.290767,0.135988,0.211717,0.312031,0.255478,0.153292,0.095823,0.261329,0.064619,0.042589,0.207480,0.082283,-0.020458,-0.001619,0.760477,0.495289,0.392084,0.373791,0.243683,0.220331,0.194002,0.236823,0.176527,-0.057308,0.280537,0.268047,0.222092,0.211806,0.131254,0.015616,0.148990,0.013091,0.256465,0.175319,0.209368,0.120477,0.148952,0.131551,0.416554,0.410740
0.315571,0.380293,0.454524,0.395846,0.946682,0.717619,0.368461,0.225581,0.475028,0.744757,0.346429,0.320082,0.240767,0.332546,0.765922,0.999861,0.553578,0.392402,0.429405,0.311018,0.679997,0.640369,0.522630,0.530299,1.133089,1.105523,0.000000,1.103571,0.120411,0.170957,0.563050,0.293148,0.467709,0.236202,0.715571,0.523247,0.068052,-0.152028,0.228887,0.404829,0.096557,0.122806,0.170602,0.035530,0.141874,0.048621,0.166432,0.128649,0.178460,0.134881,0.226757,0.062835,0.201581,0.275293,0.293645,0.154077,0.233938,0.397038,0.074220,0.046090,0.158258,0.023119,0.165973,0.172647,0.627086,0.291659,0.361583,0.312036,0.398903,0.237476,0.281859,0.220068,0.148477,0.045234,0.345448,0.261791,0.331023,0.257501,0.194344,0.083282,0.312314,0.191861,0.474344,0.426862,0.249566,0.092883,0.193060,0.288650,0.427081,0.359014
0.303629,0.362661,0.390662,0.460617,0.823673,0.590744,0.397182,0.278509,0.429696,0.696182,0.275839,0.252206,0.213962,0.217094,0.692281,0.878106,0.438928,0.204043,0.517888,0.383671,0.415883,0.573721,0.494215,0.530254,0.821166,0.848231,1.103571,0.000000,0.135795,0.114703,0.440358,0.252924,0.391543,0.201974,0.555441,0.438560,0.069621,-0.271487,0.125925,0.283313,0.088457,0.113938,0.176519,0.085464,0.161925,0.085802,0.153046,0.190793,0.158895,0.178989,0.186496,0.051537,0.171181,0.367375,0.286994,0.192155,0.141935,0.284695,0.140357,0.098843,0.261502,0.054140,0.188311,0.111305,0.507847,0.318127,0.345370,0.359063,0.331426,0.319025,0.378993,0.331801,0.253530,0.106812,0.259654,0.202930,0.378201,0.206521,0.194955,0.073198,0.305856,0.186802,0.434428,0.303663,0.201478,0.051764,0.229704,0.222962,0.514180,0.472597
0.209929,0.221574,0.048768,0.101523,0.021058,-0.090744,0.135147,0.136472,0.057592,0.055801,0.352159,0.438104,0.319579,0.431112,0.373889,0.426496,0.509843,0.312559,0.045862,-0.013051,0.007433,-0.011647,0.076901,0.046606,0.191260,0.007634,0.120411,0.135795,0.000000,0.572800,0.338578,0.091306,0.132071,0.086292,0.228038,0.086722,0.328610,0.359285,0.190938,0.565922,0.609506,0.690548,0.269791,0.424774,0.399617,0.271671,0.385691,0.285059,0.151536,0.267308,0.230064,0.260689,0.188719,0.138387,0.293878,0.281272,0.068145,0.169968,-0.078894,-0.074971,0.021155,-0.122445,0.388418,0.127334,0.167723,-0.029440,0.057058,0.116600,-0.091222,0.050650,0.137596,0.235903,0.259690,0.364343,-0.065866,0.021862,0.651469,0.737822,0.424974,0.428570,0.800260,0.545190,0.737105,0.454222,0.675449,0.579391,0.489509,0.383476,0.158123,0.182809
0.262071,0.285423,-0.078618,0.076193,-0.006796,0.099926,0.134136,0.362230,0.093722,-0.023911,0.499274,0.709999,0.418734,0.642071,0.418639,0.653142,0.737183,0.701257,-0.052182,-0.042765,0.118328,0.112872,-0.088398,-0.013536,0.055624,0.045439,0.170957,0.114703,0.572800,0.000000,0.542873,0.200570,0.249012,0.102071,0.076692,0.045885,0.153157,0.052590,0.205593,0.301750,0.340500,0.139937,0.067193,0.176607,0.093176,0.102157,0.155222,0.093432,0.108321,0.113918,0.100595,0.168904,0.033968,-0.041351,0.145058,0.022093,0.199410,0.342666,0.029989,0.089833,0.123526,0.131494,0.290521,0.443538,0.053682,0.087713,-0.148329,0.069428,-0.063554,-0.091570,0.175944,0.242274,0.132359,0.259986,-0.045048,0.027273,0.133624,0.213957,0.097895,0.114166,0.426302,0.625282,0.588067,0.815050,0.135919,0.259286,0.223092,0.401468,0.127164,-0.052228
0.383374,0.547291,0.465827,0.544798,0.374208,0.294926,0.523240,0.526983,0.245670,0.125356,0.522683,0.665261,0.538924,0.648939,0.565269,0.859781,0.404357,0.319976,0.276669,0.313159,0.387145,0.255438,0.517443,0.424116,0.586187,0.613136,0.563050,0.440358,0.338578,0.542873,0.000000,0.927633,0.607501,0.379064,0.583802,0.404402,0.128361,-0.033635,0.133021,0.286068,0.246385,0.169712,0.220306,0.113793,0.206693,0.122577,0.105851,0.068139,0.201584,0.107581,0.266561,0.161223,-0.037920,0.000001,0.154949,-0.105721,0.077643,0.374313,-0.080392,-0.100715,0.111861,0.013522,-0.011724,0.040440,0.612925,0.121559,0.083798,0.159304,0.068867,0.024745,0.323568,0.427643,0.195744,0.101810,-0.105027,0.099941,0.307883,0.290870,0.070637,0.036074,0.240314,0.183979,0.416459,0.561402,0.171174,0.241372,0.158424,0.362398,0.260133,0.112111
0.303171,0.468479,0.737124,0.810545,0.389076,0.229050,0.774860,0.659469,0.276113,0.006841,0.328094,0.368759,0.359506,0.331760,0.492772,0.441292,0.162242,0.066416,0.354269,0.428407,0.131162,0.132235,0.672255,0.619377,0.364127,0.541859,0.293148,0.252924,0.091306,0.200570,0.927633,0.000000,0.382317,0.552066,0.510042,0.444182,0.089413,-0.013283,0.238756,0.059050,0.125193,-0.041293,0.201279,0.075486,0.160352,0.173437,0.082907,0.032035,0.202380,0.119370,0.272213,0.203664,0.014824,0.070468,0.115689,-0.073686,-0.115085,0.198748,-0.083473,-0.103261,0.079618,-0.014188,-0.201494,-0.108521,0.588791,0.208428,0.141740,0.189705,-0.008595,0.006765,0.403859,0.563308,0.343536,0.174972,0.003757,0.171942,0.298605,0.323419,-0.067824,0.040176,-0.057335,0.048391,0.110153,0.113089,0.068251,0.153048,0.153579,0.242575,0.353691,0.215334
0.448055,0.374627,0.133436,0.313278,0.353436,0.310315,0.256316,0.338146,0.261111,0.296918,0.277158,0.285777,0.263174,0.318956,0.278655,0.455375,0.217395,0.240831,0.464253,0.526335,0.377907,0.360117,0.253950,0.335004,0.356721,0.416788,0.467709,0.391543,0.132071,0.249012,0.607501,0.382317,0.000000,0.796965,0.416823,0.376014,-0.174157,-0.139901,0.033904,0.114407,-0.041422,0.153925,0.333573,0.259554,0.345125,0.217314,0.203721,0.273289,0.271231,0.289171,0.282440,0.127427,0.037105,0.130132,0.149991,0.080263,0.315343,0.417991,0.358412,0.362777,0.443535,0.329809,0.379054,0.370980,0.358425,0.201430,0.445107,0.479519,0.610045,0.247071,0.209830,0.329546,0.164476,0.158927,0.049113,0.111889,0.248298,0.072859,0.288924,0.255511,0.313219,0.252898,0.197245,0.288868,0.179082,0.181558,-0.050490,0.120611,0.154804,0.043347
0.368046,0.537063,0.225271,0.508065,0.239417,0.283982,0.359834,0.548726,0.240426,0.145431,0.231389,0.303841,0.156414,0.320581,0.240420,0.224336,0.196890,0.103173,0.361643,0.627700,0.177675,0.294174,0.192437,0.359040,0.157457,0.299042,0.236202,0.201974,0.086292,0.102071,0.379064,0.552066,0.796965,0.000000,0.232368,0.363413,-0.111567,0.146692,0.157262,0.062235,0.054805,0.042634,0.368837,0.389611,0.458069,0.472029,0.279449,0.329802,0.466756,0.395093,0.415357,0.342852,0.210139,0.239023,0.271525,0.124313,0.155003,0.460026,0.378938,0.425138,0.413193,0.375168,0.384206,0.395364,0.318580,0.351140,0.379865,0.597142,0.326081,0.200001,0.098161,0.170359,0.062669,0.188038,0.070062,0.161399,0.263716,0.171906,0.184791,0.410965,0.213518,0.273069,0.127843,0.091529,0.230688,0.234413,0.054027,0.129616,0.159019,0.117819
0.202926,0.234055,0.605244,0.458037,0.708980,0.242268,0.486572,0.148486,0.295441,0.307319,0.265887,0.179210,0.236311,0.171164,0.580142,0.631171,0.278527,0.155532,0.397550,0.267247,0.441544,0.377197,0.657484,0.648832,1.075006,0.809373,0.715571,0.555441,0.228038,0.076692,0.583802,0.510042,0.416823,0.232368,0.000000,0.957616,0.232602,0.020720,0.225723,0.421301,0.258085,0.230752,0.328896,0.132603,0.328170,0.077577,0.207352,0.186955,0.188823,0.183813,0.358964,0.194540,0.195280,0.263652,0.309394,0.229442,0.044882,0.191492,0.085172,-0.044445,0.137966,-0.110555,0.034752,-0.070775,0.937850,0.209220,0.648633,0.429352,0.223551,0.200950,0.186646,0.296067,0.333429,0.090435,0.246440,0.268100,0.475530,0.375166,0.207042,0.067740,0.292262,0.059978,0.313259,0.184129,0.427394,0.394300,0.246451,0.296007,0.437647,0.436163
0.085192,0.299064,0.349043,0.504169,0.544036,0.293711,0.373587,0.300218,0.342851,0.374375,0.126717,0.137896,0.147096,0.174700,0.498014,0.502024,0.183517,0.086180,0.431310,0.379783,0.199924,0.177530,0.506651,0.673237,0.685667,0.751458,0.523247,0.438560,0.086722,0.045885,0.404402,0.444182,0.376014,0.363413,0.957616,0.000000,0.139875,0.034364,0.158090,0.333740,0.256606,0.125033,0.177227,0.064474,0.236449,0.056789,0.149496,0.152447,0.093852,0.105361,0.214246,0.164691,0.148768,0.249650,0.285265,0.234418,-0.064499,0.215725,0.030775,0.020828,0.145838,0.094420,0.031495,0.027608,0.737358,0.508747,0.506910,0.477815,0.173960,0.248920,0.221688,0.256864,0.324526,0.121538,0.390151,0.218318,0.245238,0.268745,0.138953,0.194022,0.159865,0.065062,0.152677,0.017450,0.318884,0.338010,0.104398,0.175075,0.338461,0.404765
0.176524,0.181803,0.047736,0.094806,0.025929,-0.045587,0.148498,0.145222,-0.003138,0.102797,0.151169,0.227320,0.146015,0.162693,0.127382,0.132224,0.143012,0.114551,0.010965,0.012423,0.093498,0.088374,0.055449,-0.091789,0.175297,0.111524,0.068052,0.069621,0.328610,0.153157,0.128361,0.089413,-0.174157,-0.111567,0.232602,0.139875,0.000000,0.437645,0.557578,0.230715,0.274320,-0.150315,0.273307,0.163714,0.151872,0.138058,0.402648,0.196988,0.124884,0.078101,0.213026,0.153098,0.274226,0.050780,0.384549,0.240723,0.132930,0.253854,-0.005968,-0.103624,0.025865,0.034768,0.013325,0.074915,0.041362,-0.056471,0.022665,-0.002422,-0.116024,-0.070490,0.066482,0.075721,0.228689,0.016012,0.148894,0.218728,0.276764,0.389880,-0.128620,-0.146444,0.242281,0.085996,0.301730,0.208602,0.396359,0.276734,0.480343,0.209514,0.099148,0.236188
-0.002724,0.016095,0.069034,-0.026294,-0.183472,0.025474,-0.130182,-0.076907,-0.079072,-0.157418,-0.053839,0.029172,-0.101694,0.066483,-0.050725,-0.147610,0.040919,0.046811,-0.206641,-0.114820,-0.048907,0.056246,-0.127403,-0.141884,-0.074020,-0.124008,-0.152028,-0.271487,0.359285,0.052590,-0.033635,-0.013283,-0.139901,0.146692,0.020720,0.034364,0.437645,0.000000,0.382271,0.379039,0.286949,0.161781,0.257625,0.435974,0.298590,0.344669,0.334018,0.276328,0.169653,0.184342,0.146882,0.289860,0.221223,-0.018283,0.327933,0.197968,-0.078588,0.012216,-0.008809,-0.089652,-0.172156,-0.208233,0.127998,0.024987,-0.057824,-0.015780,0.113732,0.107362,-0.025260,-0.128350,-0.165989,-0.044983,-0.140813,0.172300,0.001177,0.197266,0.318150,0.523467,0.135441,0.236200,0.271377,0.254271,0.223968,0.098237,0.342216,0.557692,0.334719,0.253696,-0.084064,0.121217
0.181223,0.116438,0.287918,0.196059,0.178766,0.249362,0.181493,0.124071,0.267192,0.155753,0.202369,0.102092,0.104370,0.062749,0.359568,0.207112,0.309863,0.226976,0.286627,0.215628,0.112847,0.154934,0.165662,0.124618,0.232904,0.150617,0.228887,0.125925,0.190938,0.205593,0.133021,0.238756,0.033904,0.157262,0.225723,0.158090,0.557578,0.382271,0.000000,0.301341,0.446811,-0.197752,0.367479,0.299904,0.270082,0.294402,0.527130,0.166452,0.357072,0.170470,0.365051,0.236561,0.403700,0.187267,0.622059,0.274503,0.036862,0.146696,0.201938,-0.108725,0.102374,-0.156532,0.134910,0.106714,0.146194,0.056218,0.377192,0.227701,0.234582,0.121047,0.206130,0.219987,0.255520,0.267870,0.384971,0.432814,0.349445,0.374045,-0.062850,-0.028507,0.255420,0.319034,0.373503,0.264823,0.300785,0.232207,0.665288,0.562405,0.495383,0.374560
0.254943,0.334805,0.263587,0.266359,0.293318,0.128343,0.202499,0.141374,0.253635,0.307438,0.300320,0.390283,0.324505,0.426710,0.508792,0.569056,0.484723,0.371026,0.197748,0.134329,0.076785,0.047328,0.228732,0.241698,0.452195,0.237497,0.404829,0.283313,0.565922,0.301750,0.286068,0.059050,0.114407,0.062235,0.421301,0.333740,0.230715,0.379039,0.301341,0.000000,0.577680,0.514737,0.276659,0.293968,0.386625,0.228345,0.367808,0.213489,0.207786,0.266019,0.259394,0.310171,0.226851,0.216925,0.456832,0.370822,0.039228,0.262229,-0.016920,-0.032470,0.032271,-0.045526,0.300657,0.196552,0.361933,0.181691,0.260094,0.186680,0.082086,0.198794,0.125036,0.184046,0.210031,0.400430,0.078633,0.136476,0.461331,0.557575,0.262092,0.345369,0.603685,0.372716,0.694194,0.433904,0.551564,0.529801,0.564625,0.452780,0.370181,0.389111
0.112472,0.134221,0.027529,-0.031994,0.027961,-0.112544,0.084174,0.003481,0.092144,0.057202,0.282531,0.177865,0.288648,0.170960,0.311797,0.241511,0.428471,0.264792,0.080992,-0.065065,-0.061387,-0.115167,0.079186,0.003384,0.207236,-0.016979,0.096557,0.088457,0.609506,0.340500,0.246385,0.125193,-0.041422,0.054805,0.258085,0.256606,0.274320,0.286949,0.446811,0.577680,0.000000,0.418447,0.141557,0.256290,0.252699,0.218176,0.258100,0.061973,0.150768,0.112606,0.187817,0.187898,0.058388,0.065330,0.279706,0.153826,0.012802,0.072537,-0.056435,-0.204937,-0.016726,-0.207400,0.090035,0.000992,0.309234,0.048133,0.116856,0.084017,-0.157670,-0.020303,0.192357,0.203301,0.258386,0.338918,0.084191,-0.040525,0.416443,0.381384,0.216804,0.254999,0.422929,0.369632,0.498885,0.264198,0.325988,0.332650,0.472896,0.458050,0.276339,0.128206
0.070434,0.147412,0.082113,0.029564,0.086905,-0.157316,0.068599,-0.045918,-0.021990,0.008820,0.079719,0.139938,0.135089,0.164687,0.182665,0.227829,0.154780,0.043551,0.022188,-0.066012,-0.012109,-0.077056,0.111167,0.066875,0.197710,0.002367,0.122806,0.113938,0.690548,0.139937,0.169712,-0.041293,0.153925,0.042634,0.230752,0.125033,-0.150315,0.161781,-0.197752,0.514737,0.418447,0.000000,0.132258,0.253244,0.302158,0.167298,0.113553,0.171216,0.025229,0.272161,0.147970,0.211278,0.016644,0.123568,0.152532,0.213820,-0.054027,-0.006333,-0.049352,-0.023616,0.030929,-0.144116,0.253543,-0.074263,0.296589,0.009370,0.137743,0.132865,-0.107626,0.036152,0.079236,0.150969,0.119616,0.296440,-0.173072,-0.246946,0.430618,0.384109,0.537659,0.604809,0.541766,0.319684,0.446474,0.197773,0.493461,0.526778,0.270069,0.284059,0.177512,0.160935
0.406655,0.249007,0.212861,0.267284,0.200302,0.123989,0.370513,0.255967,0.321486,0.258347,0.276848,0.226311,0.213327,0.176422,0.315825,0.238504,0.199934,0.134234,0.385584,0.280799,0.093452,0.186266,0.076171,0.109966,0.337154,0.256107,0.170602,0.176519,0.269791,0.067193,0.220306,0.201279,0.333573,0.368837,0.328896,0.177227,0.273307,0.257625,0.367479,0.276659,0.141557,0.132258,0.000000,1.116389,1.268716,0.867385,1.224981,1.147298,0.945373,0.942791,1.082965,0.831859,0.790034,0.704926,0.918959,0.784807,0.098205,0.312511,0.707598,0.352898,0.604613,0.162811,0.472969,0.254092,0.411992,0.307314,0.641952,0.880465,0.142629,0.155388,-0.182479,0.002840,0.019974,0.137950,-0.120015,0.267989,0.380867,0.336719,0.223245,0.205163,0.506879,0.312553,0.391806,0.244056,0.670557,0.669008,0.535571,0.289845,0.521159,0.594551
0.313020,0.110699,0.035545,0.109672,0.061778,0.067095,0.204093,0.202980,0.200798,0.107854,0.189687,0.216997,0.112133,0.180013,0.208465,0.132333,0.304086,0.170638,0.112468,0.071439,-0.016548,0.207721,-0.172216,-0.081725,0.075842,0.026293,0.035530,0.085464,0.424774,0.176607,0.113793,0.075486,0.259554,0.389611,0.132603,0.064474,0.163714,0.435974,0.299904,0.293968,0.256290,0.253244,1.116389,0.000000,1.095209,1.347325,1.086385,1.239318,0.802947,1.167548,0.704958,0.971431,0.653704,0.594059,0.766330,0.711611,0.044368,0.163346,0.635951,0.429197,0.467675,0.085391,0.697575,0.360280,0.204092,0.319888,0.442045,0.868159,0.033879,-0.035406,-0.143639,0.044554,-0.062806,0.209963,-0.104543,0.108146,0.465134,0.343682,0.321394,0.369746,0.656605,0.617555,0.476517,0.318150,0.573437,0.890522,0.496724,0.372862,0.326309,0.452317
0.322714,0.315844,0.197653,0.339114,0.186608,0.157164,0.309104,0.294558,0.277214,0.192064,0.270054,0.282203,0.204003,0.255014,0.312413,0.237549,0.226146,0.060377,0.396156,0.347686,0.081096,0.115164,0.117548,0.210625,0.295466,0.165444,0.141874,0.161925,0.399617,0.093176,0.206693,0.160352,0.345125,0.458069,0.328170,0.236449,0.151872,0.298590,0.270082,0.386625,0.252699,0.302158,1.268716,1.095209,0.000000,1.067924,1.091845,0.863440,1.157172,1.025512,0.990866,0.778419,0.685843,0.581890,0.935755,0.641045,0.036794,0.286708,0.581786,0.289041,0.532320,0.094835,0.536418,0.246455,0.419457,0.279724,0.645213,0.907966,0.144549,0.273828,-0.060761,0.050660,-0.002775,0.236358,-0.098060,0.165297,0.511057,0.427660,0.281275,0.320425,0.550309,0.399395,0.504074,0.317093,0.740480,0.688326,0.526821,0.407368,0.420856,0.473010
0.302438,0.217153,0.096276,0.168002,0.086405,0.119086,0.239650,0.271951,0.188461,0.068479,0.184648,0.219030,0.098853,0.177139,0.217409,0.114719,0.212484,0.050375,0.117393,0.121659,0.034685,0.136670,-0.103407,-0.036400,0.045374,0.020283,0.048621,0.085802,0.271671,0.102157,0.122577,0.173437,0.217314,0.472029,0.077577,0.056789,0.138058,0.344669,0.294402,0.228345,0.218176,0.167298,0.867385,1.347325,1.067924,0.000000,0.945013,0.753742,1.123766,1.273916,0.695805,0.923380,0.539669,0.440819,0.733065,0.503738,-0.014547,0.170080,0.544671,0.335560,0.453858,0.090017,0.548247,0.308274,0.211049,0.276546,0.343293,0.760016,-0.066288,-0.035934,0.033057,0.130759,-0.039887,0.214071,-0.006589,0.119526,0.430505,0.344784,0.179595,0.335148,0.367912,0.486860,0.386192,0.277986,0.417998,0.611395,0.407483,0.363182,0.275325,0.361870
0.442960,0.274690,0.087016,0.213241,0.127810,0.124127,0.240494,0.266872,0.240525,0.268571,0.241695,0.213542,0.140254,0.194471,0.260469,0.207904,0.299581,0.153666,0.257208,0.190909,0.051296,0.142083,-0.008276,0.027374,0.237149,0.145639,0.166432,0.153046,0.385691,0.155222,0.105851,0.082907,0.203721,0.279449,0.207352,0.149496,0.402648,0.334018,0.527130,0.367808,0.258100,0.113553,1.224981,1.086385,1.091845,0.945013,0.000000,0.835425,0.886329,0.890399,0.907947,0.777482,0.842653,0.530326,1.212510,0.767911,0.194813,0.342452,0.583709,0.315713,0.474052,0.139378,0.564178,0.346385,0.238800,0.272529,0.470440,0.666318,0.064317,0.087712,-0.051250,-0.003766,0.078125,0.223011,-0.012818,0.235811,0.415400,0.477532,0.150993,0.259338,0.596048,0.438257,0.454137,0.313618,0.665153,0.586224,0.594892,0.383634,0.433454,0.474818
0.371961,0.131118,0.068987,0.191401,0.210012,0.102209,0.292316,0.244928,0.342768,0.321165,0.194003,0.232732,0.151371,0.197313,0.282673,0.188080,0.263464,0.224518,0.273973,0.198990,-0.001698,0.257328,-0.073974,0.028084,0.210044,0.207654,0.128649,0.190793,0.285059,0.093432,0.068139,0.032035,0.273289,0.329802,0.186955,0.152447,0.196988,0.276328,0.166452,0.213489,0.061973,0.171216,1.147298,1.239318,0.863440,0.753742,0.835425,0.000000,0.544127,0.854636,0.621782,0.780965,0.659604,0.848756,0.636271,0.850357,0.134279,0.291159,0.685071,0.516178,0.571687,0.228698,0.620622,0.389402,0.300155,0.437083,0.517956,0.913325,0.151732,0.128583,-0.311307,-0.045276,-0.009788,0.106602,-0.065707,0.140560,0.340146,0.258371,0.377946,0.252503,0.618212,0.477577,0.397711,0.225394,0.605419,0.777112,0.427778,0.192475,0.396278,0.619064
