0.000000,0.879416,0.185219,0.350022,0.034804,0.045971,0.612816,0.624203,0.019150,0.142439,0.424451,0.593072,0.438124,0.485702,0.084110,0.140303,0.403430,0.446170,0.313861,0.251777,-0.098563,0.172656,-0.139299,-0.098932,-0.137951,-0.162621,-0.002732,0.002031,0.148549,0.171605,-0.032431,0.019167,0.427798,0.426011,-0.215377,-0.206328,0.095663,-0.044375,-0.284448,-0.104711,-0.034724,-0.128662,0.198276,0.378973,0.207147,0.353364,0.298462,0.418989,0.474416,0.564075,0.357864,0.430995,0.571408,0.496830,0.281388,0.295523,0.702740,0.658247,0.424818,0.580715,0.540479,0.633065,0.580684,0.662250,0.038591,0.234771,0.106403,0.240667,-0.158925,0.027836,0.055823,0.181530,0.080336,0.176490,0.037788,0.179795,0.117025,0.119031,0.071304,-0.129449,0.110723,0.169607,0.068236,0.231459,-0.086619,0.050058,-0.101790,-0.032918,0.046777,0.189514
0.879416,0.000000,0.182772,0.356569,0.025126,0.028132,0.398799,0.499541,-0.002291,-0.023616,0.243772,0.407789,0.156441,0.252064,-0.046951,-0.078833,0.231266,0.358364,0.185043,0.197706,-0.315085,0.148600,-0.212772,-0.194290,-0.277052,-0.164952,-0.155087,-0.118807,-0.026746,-0.006345,-0.043013,0.035724,0.512209,0.481284,-0.190601,-0.110005,-0.108911,-0.283825,-0.580757,-0.233547,-0.384413,-0.266371,0.027665,0.313021,0.260330,0.454311,0.121393,0.364916,0.468155,0.580057,0.312651,0.479817,0.435419,0.419265,0.109293,0.195761,0.771692,0.825759,0.369923,0.721991,0.445501,0.571242,0.420269,0.601010,0.001565,0.140606,0.093194,0.299520,-0.386739,-0.041563,0.109498,0.220330,0.000021,0.099234,0.099196,0.264849,0.097694,0.163000,-0.120568,-0.293460,-0.047303,0.098755,0.014274,-0.066960,-0.178686,-0.040245,-0.124922,-0.176878,-0.070144,-0.051668
0.185219,0.182772,0.000000,0.800677,0.299890,0.200533,0.517634,0.392164,0.338577,0.055558,-0.085720,0.055855,0.057165,0.012201,0.197157,0.311694,-0.106293,-0.145020,-0.029767,0.048702,-0.066817,0.420731,0.826048,0.685254,0.522143,0.573157,0.115747,0.204251,-0.151551,-0.094334,0.177605,0.268888,0.278890,0.401150,0.362673,0.342543,-0.018191,-0.161971,-0.095740,0.240308,-0.006724,0.222541,-0.041040,-0.087706,0.245854,0.133720,-0.059946,0.069990,0.075527,0.091015,0.413509,0.081320,-0.011270,0.013304,0.016630,0.105457,0.219650,0.319644,0.477788,0.242956,0.363827,0.187361,0.185874,0.224778,0.592236,0.397776,0.629293,0.403303,-0.033518,-0.002922,0.429811,0.396805,0.239679,0.085587,0.122937,0.323327,0.378280,0.375091,-0.114903,-0.430395,-0.133036,-0.068081,0.042826,-0.137591,0.292921,0.341347,0.106704,-0.056029,0.385437,0.291752
0.350022,0.356569,0.800677,0.000000,0.195613,0.205350,0.580866,0.897269,0.197068,0.233457,0.052756,0.431091,0.020903,0.394773,0.075928,0.457484,-0.002835,0.180010,0.127882,0.241830,-0.021630,0.270210,0.514359,0.738669,0.423680,0.322595,0.147922,0.158908,0.061058,0.215255,0.249628,0.404346,0.517188,0.732920,0.319544,0.482776,0.101240,-0.015695,-0.227328,0.035626,-0.063725,-0.102041,0.223968,0.080624,0.398044,0.286583,0.207093,0.305332,0.240391,0.248625,0.445631,0.291560,0.158560,0.135489,0.130633,0.146504,0.264414,0.277806,0.345045,0.249873,0.339189,0.529779,0.298636,0.397635,0.415214,0.674149,0.657960,0.800974,-0.078524,0.274234,0.275060,0.134930,0.092701,0.136704,0.061224,0.355232,0.280660,0.425542,0.041555,-0.157907,0.021268,0.095618,0.073622,0.088115,0.166555,0.539165,-0.019056,0.012698,0.357184,0.516312
0.034804,0.025126,0.299890,0.195613,0.000000,1.170406,0.539347,0.341496,1.283172,0.783042,-0.121785,0.030249,-0.038947,0.009794,0.031317,-0.020260,0.186172,0.081292,-0.210852,-0.072596,-0.013965,0.247289,-0.077750,-0.007918,0.073522,0.773456,0.099199,0.399330,-0.105041,-0.072300,0.100638,0.064796,0.052497,0.065353,-0.391362,-0.320193,-0.138085,-0.193552,0.010609,0.055837,-0.029490,0.198394,0.101152,0.161193,0.135264,0.237433,0.070339,0.198087,0.170869,0.145632,0.112470,0.096203,0.218102,0.224295,0.253236,0.274385,0.099337,0.058611,0.302749,0.167099,0.264778,0.101224,0.323456,0.262376,-0.025760,0.030721,0.014828,0.028194,-0.091914,0.017389,0.088542,0.061201,0.033860,-0.050392,0.080272,0.114287,0.113913,0.075286,-0.108671,-0.198671,0.108288,0.071117,0.011306,0.025872,0.113556,-0.116484,0.015612,0.083713,0.145479,0.054616
0.045971,0.028132,0.200533,0.205350,1.170406,0.000000,0.453705,0.283296,1.092877,1.199878,-0.081333,-0.025420,-0.129553,0.069946,-0.210116,-0.212853,0.067574,0.093599,-0.140511,-0.119016,-0.022559,0.131391,-0.097712,0.044002,0.140854,0.874242,0.045449,0.494749,-0.017655,-0.008172,0.084117,0.077549,0.096948,0.050731,-0.358623,-0.309776,-0.129540,-0.176996,-0.074189,-0.169738,-0.050599,0.007727,0.111088,0.096868,0.091674,0.127889,0.127490,0.118955,0.168088,0.032270,-0.009490,0.059095,0.212136,0.155882,0.096062,0.046219,0.013022,-0.085118,0.094184,0.021041,0.045990,0.007689,0.130535,0.052149,-0.257150,-0.097594,-0.110553,0.070828,-0.290594,-0.029899,-0.115585,-0.097165,-0.007716,-0.076204,-0.077801,0.057578,-0.089168,-0.042709,-0.055607,-0.049741,0.049022,0.033297,-0.137642,-0.076976,-0.148381,-0.141584,-0.250378,-0.003610,-0.145551,-0.076040
0.612816,0.398799,0.517634,0.580866,0.539347,0.453705,0.000000,0.970031,0.541551,0.440354,0.248935,0.532913,0.466197,0.449279,0.347762,0.218919,0.366773,0.451292,0.039588,0.036157,0.038482,0.349653,0.071978,0.092929,0.097372,0.289112,0.080376,0.233855,0.183705,0.240221,0.213684,0.252293,0.379564,0.498739,-0.226671,-0.203649,0.146328,-0.070332,-0.107286,0.089668,0.092775,0.130772,0.245590,0.277959,0.363798,0.408430,0.291393,0.408488,0.463286,0.455601,0.457475,0.426367,0.509221,0.465462,0.422827,0.394144,0.319091,0.319219,0.617485,0.409518,0.654371,0.606488,0.666342,0.665305,0.277482,0.453569,0.338466,0.361275,-0.119623,0.028093,0.125320,0.217031,0.237501,0.231480,0.043950,0.307686,0.180445,0.115668,0.140498,-0.143266,0.253767,0.277019,0.174021,0.314752,0.255821,0.186575,0.044747,0.102830,0.354235,0.383156
0.624203,0.499541,0.392164,0.897269,0.341496,0.283296,0.970031,0.000000,0.273264,0.351932,0.111955,0.808292,0.142773,0.593176,0.106070,0.486877,0.301622,0.534995,-0.001038,0.233418,0.031412,0.340671,0.068694,0.257631,0.062348,0.159771,0.052646,0.151320,0.214368,0.349221,0.298682,0.425996,0.633104,0.945953,-0.133224,0.099860,0.213472,-0.005880,-0.199447,0.125180,-0.023051,0.025875,0.307645,0.339728,0.543797,0.571006,0.365113,0.553573,0.561599,0.603103,0.580936,0.570390,0.482864,0.429097,0.436378,0.420913,0.443658,0.439019,0.656886,0.607260,0.769498,0.994019,0.773665,0.888601,0.336335,0.942091,0.601145,0.841057,-0.082137,0.321909,0.200895,0.237408,0.166968,0.270374,0.169428,0.408781,0.252284,0.275648,0.181395,-0.128403,0.281915,0.334110,0.209944,0.336508,0.221597,0.440502,0.066934,0.120768,0.378095,0.679640
0.019150,-0.002291,0.338577,0.197068,1.283172,1.092877,0.541551,0.273264,0.000000,0.875684,0.064856,0.034160,0.202954,0.082051,0.107917,-0.030859,0.193669,0.047722,-0.127751,-0.080502,-0.033284,0.232833,0.044370,0.046025,0.114234,0.712701,0.035889,0.374053,-0.112532,-0.094619,-0.001518,-0.016705,0.020524,0.034374,-0.251189,-0.256003,-0.108497,-0.183672,-0.024887,0.011408,-0.004099,0.160566,-0.055993,-0.063014,0.041222,0.062769,-0.078687,0.011084,0.035237,-0.004649,0.048788,-0.042244,0.111919,0.106981,0.091014,0.113097,0.050077,-0.011113,0.254253,0.007789,0.264124,0.100681,0.190952,0.115356,0.087471,0.085031,-0.016768,-0.058079,-0.059523,-0.022529,0.115251,0.054134,0.164152,0.053937,0.182989,0.231766,0.140534,0.075945,-0.107660,-0.254793,-0.077594,-0.089760,-0.139476,-0.104830,0.047620,-0.134103,-0.178163,0.042635,0.158197,0.028717
0.142439,-0.023616,0.055558,0.233457,0.783042,1.199878,0.440354,0.351932,0.875684,0.000000,0.175183,0.126906,0.080533,0.290143,-0.126813,-0.059912,0.189268,0.176489,0.118915,0.075155,-0.035052,0.028667,-0.071844,0.100554,0.120969,0.484169,0.140942,0.526407,0.125508,0.091057,-0.018428,0.042366,0.085024,0.083993,-0.215922,-0.232994,-0.020777,-0.077202,-0.029023,-0.269807,-0.009819,-0.198461,0.197718,0.056208,0.100359,0.069284,0.173690,0.071025,0.085457,-0.045116,-0.052727,-0.004589,0.234942,0.133142,0.086891,-0.021312,-0.019990,-0.172939,0.062776,-0.092502,0.028462,0.164006,0.102994,-0.025396,-0.197127,0.052770,-0.086884,0.085880,-0.143433,0.030916,-0.224684,-0.272555,0.018541,-0.037816,-0.000572,0.065201,-0.166656,-0.067262,0.058492,0.117598,0.092335,0.036195,-0.105942,-0.002086,-0.161137,-0.100381,-0.312904,0.039995,-0.072863,0.040924
0.424451,0.243772,-0.085720,0.052756,-0.121785,-0.081333,0.248935,0.111955,0.064856,0.175183,0.000000,0.399681,0.938574,0.572772,0.337106,0.010378,0.723828,0.426349,0.715404,0.232599,-0.071618,-0.009904,-0.024311,-0.014983,-0.026976,-0.260432,0.229352,0.109473,0.608539,0.285416,-0.010552,0.072725,0.104089,0.035326,0.000161,-0.127096,0.122635,0.063433,-0.139927,-0.223311,0.068347,-0.292644,0.031752,-0.045626,-0.069397,-0.149940,-0.052930,-0.038597,-0.129485,-0.076138,-0.182214,-0.135674,0.079015,-0.001728,-0.129594,-0.230555,0.309096,0.218662,-0.039292,-0.127568,0.184035,0.322374,0.206282,0.142006,0.011890,0.049042,-0.136169,-0.135307,0.213038,-0.078656,0.036958,0.013532,0.126637,0.137036,0.058606,0.066186,-0.158141,-0.015773,0.319094,0.177754,0.223229,0.147378,0.338047,0.162011,-0.052338,-0.200519,-0.133475,0.108167,0.106566,-0.046689
0.593072,0.407789,0.055855,0.431091,0.030249,-0.025420,0.532913,0.808292,0.034160,0.126906,0.399681,0.000000,0.372558,1.032963,0.276108,0.528154,0.443660,0.921586,0.179525,0.140640,0.100727,0.076212,0.001282,0.078807,0.015684,-0.041663,0.115258,0.019137,0.454418,0.777206,0.476200,0.478007,0.607423,0.677903,-0.041878,-0.022105,0.421647,0.259287,-0.264791,0.017125,0.008376,-0.083711,0.203829,0.318184,0.368789,0.358491,0.312026,0.421997,0.303649,0.467109,0.308866,0.402123,0.296818,0.297789,0.354842,0.243625,0.438091,0.369477,0.369627,0.467269,0.609481,0.810479,0.735988,0.823365,0.360892,0.698185,0.187409,0.303184,-0.043335,0.062933,0.011188,0.113207,0.066486,0.277098,0.156757,0.239352,-0.002159,0.020755,0.434140,0.171595,0.420256,0.553179,0.296906,0.512905,0.261881,0.433842,0.135379,0.176680,0.238551,0.491363
0.438124,0.156441,0.057165,0.020903,-0.038947,-0.129553,0.466197,0.142773,0.202954,0.080533,0.938574,0.372558,0.000000,0.474601,0.741814,0.200788,0.642319,0.298261,0.404137,0.132931,0.086215,0.233144,0.094108,-0.047448,-0.000765,-0.184973,0.134622,0.028050,0.351654,0.179555,-0.052736,-0.089870,-0.041772,-0.058655,-0.019234,-0.199363,0.234506,0.124028,0.060191,0.110135,0.238804,0.064184,0.065058,0.054097,-0.006560,-0.023732,0.006434,0.067970,0.019868,0.093630,0.145926,0.030381,0.255324,0.184701,0.156165,0.111498,0.173886,0.147684,0.206750,-0.006808,0.360573,0.265317,0.283114,0.189671,0.268458,0.147295,-0.023094,-0.215930,0.306465,-0.080417,0.117733,0.165364,0.337566,0.265089,0.247025,0.218868,0.116007,0.051493,0.212717,0.007900,0.104903,0.051118,0.215474,0.224466,0.169270,-0.057015,-0.017669,0.158972,0.367097,0.160197
0.485702,0.252064,0.012201,0.394773,0.009794,0.069946,0.449279,0.593176,0.082051,0.290143,0.572772,1.032963,0.474601,0.000000,0.292874,0.419650,0.351338,0.802186,0.275611,0.049276,0.180284,0.014965,0.093426,0.234562,0.232253,0.066869,0.418560,0.241642,0.554800,0.802526,0.464064,0.481796,0.437661,0.468810,0.063882,-0.036499,0.454303,0.438454,-0.080462,-0.078808,0.111759,-0.187569,0.339217,0.211887,0.205811,0.145188,0.398381,0.374223,0.193697,0.288917,0.227097,0.321650,0.321478,0.244852,0.347642,0.113538,0.157289,0.120824,0.097164,0.152297,0.275348,0.517568,0.463446,0.433508,0.184434,0.453516,0.088506,0.236716,0.042276,-0.003503,-0.024647,-0.045244,0.045817,0.224327,0.048073,0.099280,-0.059450,0.036068,0.561269,0.343199,0.379528,0.414795,0.210545,0.450469,0.042215,0.416540,-0.119885,0.244591,0.181529,0.479887
0.084110,-0.046951,0.197157,0.075928,0.031317,-0.210116,0.347762,0.106070,0.107917,-0.126813,0.337106,0.276108,0.741814,0.292874,0.000000,0.520874,0.307127,0.226806,0.246375,0.091359,0.427563,0.315691,0.273706,0.150353,0.208803,0.010406,0.352100,0.079522,0.313102,0.255257,0.164146,0.119793,-0.104751,-0.014784,0.117221,-0.042225,0.361138,0.355114,0.489491,0.498805,0.451382,0.394831,0.099657,0.117540,-0.015301,0.028885,0.020544,0.179059,-0.059310,0.082455,0.199548,0.057089,0.184243,0.124082,0.347309,0.350800,0.046070,0.152412,0.289151,0.064836,0.287737,0.145239,0.270086,0.179471,0.463770,0.289838,0.218706,-0.065005,0.465086,-0.012587,0.245778,0.237097,0.408934,0.218979,0.276867,0.122724,0.232590,0.145036,0.261859,0.104840,0.293719,0.203184,0.505795,0.439175,0.704587,0.312697,0.392589,0.447090,0.672993,0.498639
0.140303,-0.078833,0.311694,0.457484,-0.020260,-0.212853,0.218919,0.486877,-0.030859,-0.059912,0.010378,0.528154,0.200788,0.419650,0.520874,0.000000,0.124548,0.243266,0.024719,0.148370,0.367172,0.359538,0.597019,0.638857,0.464837,0.121155,0.342617,0.232123,0.230420,0.465778,0.485392,0.526618,0.304128,0.499256,0.440150,0.453530,0.514372,0.482896,0.272294,0.585071,0.344666,0.295948,0.156840,0.113080,0.276115,0.160660,0.188485,0.242849,0.050905,0.171911,0.486482,0.185045,0.106821,0.047988,0.408503,0.312818,0.207210,0.200088,0.473272,0.225537,0.450571,0.377828,0.333862,0.310740,0.801553,0.945129,0.675058,0.412717,0.351149,0.364600,0.219459,0.300124,0.268663,0.264753,0.231734,0.272233,0.266837,0.214252,0.338494,0.060925,0.287667,0.294072,0.384752,0.445693,0.656993,0.936267,0.356803,0.360550,0.788058,1.021340
0.403430,0.231266,-0.106293,-0.002835,0.186172,0.067574,0.366773,0.301622,0.193669,0.189268,0.723828,0.443660,0.642319,0.351338,0.307127,0.124548,0.000000,0.583863,0.259071,0.231942,0.059691,0.153281,-0.211016,-0.177351,-0.201915,-0.137829,0.086180,0.027299,0.636684,0.308632,0.075117,0.067878,0.119329,0.109045,-0.277231,-0.250216,0.157157,-0.044104,-0.082881,-0.016817,0.086253,0.016904,0.162140,0.308057,0.182987,0.222006,0.109765,0.210279,0.191137,0.227049,0.104107,0.140354,0.295036,0.232328,0.163402,0.149159,0.470697,0.275280,0.183708,0.120912,0.390097,0.316460,0.429143,0.374522,-0.030693,0.110812,-0.060714,-0.027362,0.162993,0.008786,0.074534,0.184855,0.287977,0.273809,0.280050,0.256919,-0.078535,-0.069501,0.243710,0.143847,0.358736,0.288343,0.432414,0.376564,0.107027,-0.164791,0.092450,0.223497,0.100418,0.003514
0.446170,0.358364,-0.145020,0.180010,0.081292,0.093599,0.451292,0.534995,0.047722,0.176489,0.426349,0.921586,0.298261,0.802186,0.226806,0.243266,0.583863,0.000000,0.206559,0.094109,0.197952,-0.054438,-0.193603,-0.101504,-0.027324,-0.035442,0.097777,0.046593,0.621204,0.951938,0.534286,0.508411,0.433453,0.383496,-0.233605,-0.312077,0.434903,0.345505,-0.166421,-0.048861,0.021690,-0.111224,0.357776,0.465908,0.317662,0.379899,0.466037,0.509537,0.395580,0.496525,0.234004,0.483737,0.384257,0.402741,0.403872,0.273687,0.362496,0.307487,0.152403,0.267635,0.356112,0.416450,0.578133,0.586259,-0.023376,0.235017,-0.029778,0.149245,-0.030607,0.029197,-0.173957,0.004675,-0.013599,0.256370,0.020664,0.155196,-0.204824,-0.173649,0.634866,0.402588,0.638030,0.773907,0.404443,0.652311,0.144947,0.233777,0.087155,0.184371,-0.035357,0.199355
0.313861,0.185043,-0.029767,0.127882,-0.210852,-0.140511,0.039588,-0.001038,-0.127751,0.118915,0.715404,0.179525,0.404137,0.275611,0.246375,0.024719,0.259071,0.206559,0.000000,0.804723,-0.088004,-0.111603,0.053987,0.008006,-0.035206,-0.331304,0.096346,0.055107,0.254850,0.189696,-0.046445,0.076429,0.166591,0.079182,0.146164,0.078385,0.161789,0.134819,-0.082754,-0.241144,0.057951,-0.333443,0.240330,0.098928,0.055215,-0.011447,0.077797,0.131200,-0.048475,-0.003207,-0.150423,-0.048869,0.139750,0.037617,-0.028648,-0.102134,0.272353,0.158095,-0.137164,-0.159642,-0.021923,0.165563,0.010500,-0.024836,-0.084694,-0.068915,-0.036353,-0.005576,0.425005,0.248018,0.015870,-0.122180,0.159634,0.078316,0.002582,0.037185,0.001489,0.268214,0.188078,0.191987,0.048773,0.051334,0.165947,0.062776,-0.085488,-0.095008,-0.171105,-0.036366,-0.037573,-0.074856
0.251777,0.197706,0.048702,0.241830,-0.072596,-0.119016,0.036157,0.233418,-0.080502,0.075155,0.232599,0.140640,0.132931,0.049276,0.091359,0.148370,0.231942,0.094109,0.804723,0.000000,-0.042601,0.122916,0.039578,0.014470,-0.173810,-0.294352,-0.135275,-0.121064,0.039483,0.031003,-0.098683,0.062395,0.258505,0.303647,0.043251,0.222155,0.161111,0.080571,-0.026415,0.073726,0.028688,-0.132879,0.251428,0.174921,0.307721,0.277103,0.095572,0.280054,0.172698,0.238777,0.133704,0.125301,0.174688,0.079920,0.098449,0.233334,0.375347,0.221438,0.151674,0.074306,0.178909,0.283251,0.072020,0.100509,-0.008045,0.187816,0.297963,0.279852,0.579969,0.636554,0.236374,0.050717,0.295670,0.169349,0.239945,0.293517,0.329408,0.557007,-0.034722,-0.029528,-0.046486,-0.002728,0.071572,0.077594,0.053402,0.030554,-0.035583,-0.045473,0.088749,0.149907
-0.098563,-0.315085,-0.066817,-0.021630,-0.013965,-0.022559,0.038482,0.031412,-0.033284,-0.035052,-0.071618,0.100727,0.086215,0.180284,0.427563,0.367172,0.059691,0.197952,-0.088004,-0.042601,0.000000,0.211801,0.146748,0.151485,0.322411,0.127388,0.205405,0.106523,0.358578,0.476536,0.399411,0.309173,-0.105901,-0.064115,0.087763,-0.043058,0.453419,0.718520,0.553530,0.558366,0.516987,0.521648,0.298461,0.227762,0.024109,0.017900,0.279782,0.282161,0.069100,0.109546,0.281559,0.176674,0.100696,0.051970,0.428419,0.361377,-0.227020,-0.166792,0.036313,-0.110543,0.020305,-0.088632,0.113044,-0.042237,0.147256,0.190814,0.114302,0.015432,0.427710,0.143606,0.184716,0.133998,0.059351,0.158986,0.038903,0.006190,0.066526,0.004534,0.444876,0.402774,0.314169,0.244822,0.256969,0.460243,0.370646,0.449586,0.157071,0.313086,0.258233,0.471793
0.172656,0.148600,0.420731,0.270210,0.247289,0.131391,0.349653,0.340671,0.232833,0.028667,-0.009904,0.076212,0.233144,0.014965,0.315691,0.359538,0.153281,-0.054438,-0.111603,0.122916,0.211801,0.000000,0.315844,0.266184,0.158058,0.192793,0.074357,0.250361,-0.036386,-0.138278,0.060875,0.184228,0.174042,0.245525,0.027392,0.133270,0.118453,0.032462,0.085625,0.430213,0.148137,0.354080,-0.099317,-0.019810,0.162920,0.178099,-0.055023,0.065319,0.136194,0.159551,0.409864,0.078812,0.136998,0.029799,0.152289,0.210446,0.335223,0.333324,0.551328,0.263115,0.539763,0.224959,0.230837,0.250676,0.393477,0.392887,0.433350,0.207864,0.165808,0.151431,0.577104,0.702370,0.520199,0.343250,0.390032,0.432657,0.527891,0.436474,-0.170283,-0.356950,-0.087051,-0.116537,0.061313,-0.110686,0.301522,0.170400,0.065259,0.018908,0.567553,0.353181
-0.139299,-0.212772,0.826048,0.514359,-0.077750,-0.097712,0.071978,0.068694,0.044370,-0.071844,-0.024311,0.001282,0.094108,0.093426,0.273706,0.597019,-0.211016,-0.193603,0.053987,0.039578,0.146748,0.315844,0.000000,1.266843,0.954493,0.421208,0.366618,0.285398,-0.008667,0.082055,0.296822,0.365719,0.212897,0.277819,1.005282,0.689605,0.187754,0.223485,0.137969,0.292515,0.158398,0.164867,-0.041943,-0.256369,0.066324,-0.171658,-0.098882,-0.142053,-0.253480,-0.200935,0.212364,-0.164842,-0.310130,-0.373407,-0.101462,-0.144940,-0.035150,-0.012653,0.138318,-0.135062,0.041519,-0.057432,-0.176979,-0.163909,0.743723,0.406329,0.618319,0.277078,0.182569,0.087396,0.277712,0.265634,0.258385,0.106303,0.106043,0.201471,0.245139,0.242603,0.085019,-0.066579,-0.119066,-0.088988,0.039661,-0.077689,0.350350,0.608110,0.077215,0.088211,0.416681,0.391831
-0.098932,-0.194290,0.685254,0.738669,-0.007918,0.044002,0.092929,0.257631,0.046025,0.100554,-0.014983,0.078807,-0.047448,0.234562,0.150353,0.638857,-0.177351,-0.101504,0.008006,0.014470,0.151485,0.266184,1.266843,0.000000,1.044989,0.504874,0.547282,0.434466,0.147648,0.154554,0.309977,0.447789,0.241236,0.369897,0.849599,0.767720,0.201652,0.183675,0.141952,0.188919,0.174045,0.018384,0.089879,-0.161692,0.099151,-0.118326,0.017315,-0.045092,-0.188368,-0.173816,0.182060,-0.089566,-0.198515,-0.310913,-0.077842,-0.161874,-0.059285,-0.026461,0.119826,-0.095627,0.023467,0.071399,-0.110351,-0.103757,0.507553,0.524028,0.683289,0.533378,0.091342,0.126026,0.162496,0.119571,0.129821,-0.006887,0.025193,0.147506,0.114648,0.204000,0.147913,0.069386,0.029912,-0.011640,0.136683,-0.008739,0.217115,0.667496,0.083393,0.172168,0.396618,0.545092
-0.137951,-0.277052,0.522143,0.423680,0.073522,0.140854,0.097372,0.062348,0.114234,0.120969,-0.026976,0.015684,-0.000765,0.232253,0.208803,0.464837,-0.201915,-0.027324,-0.035206,-0.173810,0.322411,0.158058,0.954493,1.044989,0.000000,0.733866,0.692254,0.506222,0.210359,0.313192,0.472948,0.467131,0.113852,0.131088,0.771190,0.434219,0.208624,0.336552,0.267150,0.166927,0.280162,0.072037,0.180428,-0.109918,0.012939,-0.209447,0.111358,-0.046930,-0.202412,-0.210941,0.179224,-0.079317,-0.152035,-0.224017,0.030068,-0.162589,-0.202927,-0.146148,-0.034427,-0.255699,-0.138230,-0.176901,-0.155651,-0.228724,0.334485,0.214305,0.424095,0.244322,0.087433,0.037865,-0.034893,-0.017118,0.008462,-0.031767,-0.135944,-0.006590,-0.070801,-0.048844,0.338387,0.231796,0.181736,0.133735,0.191496,0.104711,0.226138,0.598585,0.092596,0.219473,0.247849,0.370768
-0.162621,-0.164952,0.573157,0.322595,0.773456,0.874242,0.289112,0.159771,0.712701,0.484169,-0.260432,-0.041663,-0.184973,0.066869,0.010406,0.121155,-0.137829,-0.035442,-0.331304,-0.294352,0.127388,0.192793,0.421208,0.504874,0.733866,0.000000,0.292481,0.479324,-0.006753,0.119238,0.415505,0.346029,0.110688,0.117141,0.102335,0.019382,-0.062991,-0.004650,0.090159,0.092501,0.096779,0.230611,0.034350,-0.042456,0.069484,-0.015353,0.041106,0.024099,-0.054564,-0.083694,0.109908,-0.028384,-0.050899,-0.042944,0.063808,0.006440,-0.101583,-0.079017,0.131223,-0.000023,0.026823,-0.144714,0.024700,-0.032445,0.132244,0.062792,0.161483,0.107090,-0.172967,-0.067271,0.016633,0.071686,0.024502,-0.070010,-0.079176,0.031516,0.015553,-0.006520,0.085800,-0.028686,0.110022,0.114498,0.024895,-0.034968,0.162059,0.259627,0.017171,0.125072,0.046696,0.148518
-0.002732,-0.155087,0.115747,0.147922,0.099199,0.045449,0.080376,0.052646,0.035889,0.140942,0.229352,0.115258,0.134622,0.418560,0.352100,0.342617,0.086180,0.097777,0.096346,-0.135275,0.205405,0.074357,0.366618,0.547282,0.692254,0.292481,0.000000,0.737903,0.366617,0.222508,0.245429,0.280573,0.019999,0.008331,0.362290,0.139439,0.157327,0.252530,0.431060,0.045615,0.312262,-0.020993,0.263309,0.075290,-0.140901,-0.167377,0.113498,0.047061,-0.207562,-0.135191,-0.035064,-0.060150,0.048483,-0.152944,0.155705,-0.090782,-0.094723,-0.077171,-0.106041,-0.197458,-0.161135,-0.038722,-0.006863,-0.112676,0.092470,0.107066,0.147414,0.128863,0.132431,-0.115028,-0.062307,-0.064654,-0.023243,-0.097598,-0.148600,-0.225626,-0.124803,-0.052557,0.284531,0.376445,0.304996,0.168951,0.312144,0.300882,0.160105,0.318081,0.174876,0.566336,0.285416,0.353531
0.002031,-0.118807,0.204251,0.158908,0.399330,0.494749,0.233855,0.151320,0.374053,0.526407,0.109473,0.019137,0.028050,0.241642,0.079522,0.232123,0.027299,0.046593,0.055107,-0.121064,0.106523,0.250361,0.285398,0.434466,0.506222,0.479324,0.737903,0.000000,0.170965,0.118892,0.187364,0.279610,0.127210,0.072622,0.189004,0.136252,0.095691,0.087993,0.195804,-0.011030,0.115339,0.001796,0.107867,-0.002432,-0.025714,-0.085111,0.051797,-0.031340,-0.124324,-0.156602,-0.033543,-0.099410,0.057471,-0.138506,0.076738,-0.126529,-0.003575,-0.074629,0.001681,-0.148943,-0.048279,-0.032987,-0.025008,-0.126785,0.077365,0.120003,0.126855,0.177390,-0.017773,-0.027238,-0.169046,-0.069434,0.099818,0.028526,0.005601,-0.094281,-0.134825,-0.062699,0.106652,0.202110,0.152529,0.092051,0.064179,0.057882,0.060952,0.224199,-0.032812,0.236868,0.261356,0.242978
0.148549,-0.026746,-0.151551,0.061058,-0.105041,-0.017655,0.183705,0.214368,-0.112532,0.125508,0.608539,0.454418,0.351654,0.554800,0.313102,0.230420,0.636684,0.621204,0.254850,0.039483,0.358578,-0.036386,-0.008667,0.147648,0.210359,-0.006753,0.366617,0.170965,0.000000,0.830891,0.409979,0.391754,0.132036,0.110021,-0.013128,-0.126007,0.454521,0.322336,0.148124,0.040628,0.220029,-0.047658,0.320966,0.275431,0.118086,-0.002769,0.250557,0.222344,0.031006,0.046047,-0.011966,0.074417,0.151214,0.046785,0.195075,-0.022465,0.077976,0.062608,-0.063099,-0.038867,0.057590,0.187710,0.304500,0.165665,-0.010063,0.151919,0.025488,0.069250,0.184378,-0.009572,-0.196828,-0.057527,0.095531,0.118290,-0.082590,0.012271,-0.422425,-0.269843,0.903915,0.766680,0.906376,0.718729,0.805818,0.633239,0.234979,0.216545,0.288960,0.390306,0.051746,0.210871
0.171605,-0.006345,-0.094334,0.215255,-0.072300,-0.008172,0.240221,0.349221,-0.094619,0.091057,0.285416,0.777206,0.179555,0.802526,0.255257,0.465778,0.308632,0.951938,0.189696,0.031003,0.476536,-0.138278,0.082055,0.154554,0.313192,0.119238,0.222508,0.118892,0.830891,0.000000,0.945825,0.725013,0.337684,0.339665,0.056483,-0.088496,0.611883,0.688238,0.069006,0.133856,0.218180,0.030930,0.442801,0.340194,0.320986,0.167087,0.485708,0.417879,0.186154,0.249124,0.231153,0.302056,0.167906,0.185305,0.410497,0.181065,0.067387,0.020439,-0.013767,0.018007,0.136264,0.190752,0.357444,0.291336,0.116251,0.297861,0.037427,0.109606,0.176863,0.106827,-0.178491,-0.074719,-0.041799,0.203210,-0.122268,0.088236,-0.271386,-0.196696,1.083315,0.706431,0.793597,0.910963,0.525584,0.795547,0.285657,0.552358,0.148599,0.320830,0.019835,0.363546
-0.032431,-0.043013,0.177605,0.249628,0.100638,0.084117,0.213684,0.298682,-0.001518,-0.018428,-0.010552,0.476200,-0.052736,0.464064,0.164146,0.485392,0.075117,0.534286,-0.046445,-0.098683,0.399411,0.060875,0.296822,0.309977,0.472948,0.415505,0.245429,0.187364,0.409979,0.945825,0.000000,1.317725,0.466009,0.451759,0.142936,0.042403,0.491241,0.545119,0.002460,0.294608,0.122224,0.197425,0.336116,0.263059,0.441771,0.269797,0.393893,0.367624,0.238475,0.274537,0.387806,0.330919,0.081108,0.111406,0.418260,0.177663,0.101688,0.084326,0.168180,0.136405,0.254716,0.106326,0.362299,0.314837,0.233537,0.301974,0.217117,0.220137,0.135116,0.101239,0.110636,0.253444,-0.017192,0.165307,-0.100273,0.142410,0.001478,0.014990,0.734243,0.304841,0.591635,0.746553,0.435950,0.486373,0.381049,0.610983,0.227667,0.258297,0.112498,0.303719
0.019167,0.035724,0.268888,0.404346,0.064796,0.077549,0.252293,0.425996,-0.016705,0.042366,0.072725,0.478007,-0.089870,0.481796,0.119793,0.526618,0.067878,0.508411,0.076429,0.062395,0.309173,0.184228,0.365719,0.447789,0.467131,0.346029,0.280573,0.279610,0.391754,0.725013,1.317725,0.000000,0.684274,0.684416,0.232238,0.209841,0.401770,0.474561,-0.048465,0.246730,0.112998,0.093695,0.250013,0.131818,0.420859,0.251340,0.260731,0.273736,0.112161,0.183352,0.263767,0.213933,-0.020095,-0.008258,0.232721,0.076420,0.227410,0.232958,0.231196,0.156574,0.324766,0.287388,0.361629,0.342662,0.310246,0.460993,0.399875,0.382588,0.142146,0.172814,0.238486,0.305482,0.095492,0.248227,-0.034126,0.176363,0.091869,0.188793,0.620178,0.244249,0.506620,0.634934,0.418961,0.344507,0.347333,0.642264,0.168298,0.253662,0.181957,0.375591
0.427798,0.512209,0.278890,0.517188,0.052497,0.096948,0.379564,0.633104,0.020524,0.085024,0.104089,0.607423,-0.041772,0.437661,-0.104751,0.304128,0.119329,0.433453,0.166591,0.258505,-0.105901,0.174042,0.212897,0.241236,0.113852,0.110688,0.019999,0.127210,0.132036,0.337684,0.466009,0.684274,0.000000,1.376003,0.150481,0.262492,0.221212,0.116764,-0.507157,-0.026450,-0.319211,-0.174103,0.141573,0.161668,0.419057,0.400603,0.216520,0.242964,0.265290,0.369964,0.261721,0.265788,0.086981,0.032291,0.091718,0.024363,0.577922,0.498433,0.266738,0.408615,0.480187,0.546327,0.411726,0.588722,0.223832,0.467669,0.439648,0.582240,-0.117274,0.211068,0.183839,0.221905,0.074944,0.252691,0.023158,0.316820,0.252549,0.273453,0.189280,-0.051587,0.138753,0.320771,0.025857,0.079693,0.037292,0.400635,-0.080939,-0.088365,0.021611,0.217642
0.426011,0.481284,0.401150,0.732920,0.065353,0.050731,0.498739,0.945953,0.034374,0.083993,0.035326,0.677903,-0.058655,0.468810,-0.014784,0.499256,0.109045,0.383496,0.079182,0.303647,-0.064115,0.245525,0.277819,0.369897,0.131088,0.117141,0.008331,0.072622,0.110021,0.339665,0.451759,0.684416,1.376003,0.000000,0.183060,0.368788,0.225777,0.075380,-0.371764,0.099790,-0.188650,-0.069010,0.128737,0.118744,0.525129,0.463672,0.206606,0.304533,0.308828,0.412216,0.396051,0.342706,0.113130,0.097059,0.161998,0.166762,0.537181,0.520776,0.481909,0.553986,0.602528,0.776422,0.447559,0.660343,0.414249,0.845532,0.700056,0.848633,-0.088401,0.345182,0.275314,0.288768,0.152278,0.257090,0.083702,0.454563,0.335171,0.358336,0.159159,-0.119187,0.117339,0.281399,0.069372,0.133324,0.163106,0.567414,-0.017893,0.004212,0.211911,0.481090
-0.215377,-0.190601,0.362673,0.319544,-0.391362,-0.358623,-0.226671,-0.133224,-0.251189,-0.215922,0.000161,-0.041878,-0.019234,0.063882,0.117221,0.440150,-0.277231,-0.233605,0.146164,0.043251,0.087763,0.027392,1.005282,0.849599,0.771190,0.102335,0.362290,0.189004,-0.013128,0.056483,0.142936,0.232238,0.150481,0.183060,0.000000,0.962785,0.131290,0.233302,0.126128,0.087790,0.089608,-0.095789,-0.060771,-0.312596,-0.050231,-0.292171,-0.141735,-0.264791,-0.426347,-0.362889,0.016024,-0.250652,-0.459859,-0.477958,-0.248047,-0.306819,-0.143677,-0.112405,-0.168839,-0.303228,-0.237277,-0.147663,-0.442368,-0.392461,0.496363,0.284400,0.476139,0.286409,0.136905,0.097248,0.048103,-0.028268,0.079892,-0.023439,0.036943,0.084154,0.039107,0.110417,0.047905,0.144644,-0.183102,-0.151548,-0.049204,-0.118638,0.159804,0.581152,0.017974,0.054882,0.255900,0.260433
-0.206328,-0.110005,0.342543,0.482776,-0.320193,-0.309776,-0.203649,0.099860,-0.256003,-0.232994,-0.127096,-0.022105,-0.199363,-0.036499,-0.042225,0.453530,-0.250216,-0.312077,0.078385,0.222155,-0.043058,0.133270,0.689605,0.767720,0.434219,0.019382,0.139439,0.136252,-0.126007,-0.088496,0.042403,0.209841,0.262492,0.368788,0.962785,0.000000,0.040949,0.033886,-0.042934,0.118295,-0.029946,-0.116896,-0.014547,-0.216799,0.133520,-0.068963,-0.127108,-0.134061,-0.225005,-0.185326,0.104073,-0.136740,-0.338961,-0.392885,-0.252769,-0.188241,-0.004439,-0.004407,-0.003198,-0.107303,-0.058502,0.073476,-0.303910,-0.171470,0.441412,0.481123,0.743721,0.657433,0.178075,0.461217,0.183932,0.045442,0.075576,-0.003461,0.118564,0.121542,0.190423,0.319231,-0.126191,-0.085474,-0.271410,-0.238095,-0.076606,-0.241188,0.111709,0.519620,-0.019437,-0.037381,0.346671,0.351835
0.095663,-0.108911,-0.018191,0.101240,-0.138085,-0.129540,0.146328,0.213472,-0.108497,-0.020777,0.122635,0.421647,0.234506,0.454303,0.361138,0.514372,0.157157,0.434903,0.161789,0.161111,0.453419,0.118453,0.187754,0.201652,0.208624,-0.062991,0.157327,0.095691,0.454521,0.611883,0.491241,0.401770,0.221212,0.225777,0.131290,0.040949,0.000000,0.624740,0.223723,0.386527,0.351180,0.245996,0.347352,0.282419,0.287415,0.185038,0.430639,0.367608,0.241585,0.236755,0.345400,0.319610,0.240459,0.144586,0.490071,0.246327,0.064522,-0.033046,0.145919,0.053087,0.139317,0.088604,0.242205,0.155679,0.176982,0.275774,0.250479,0.152087,0.339523,0.169070,-0.019400,0.202006,0.357855,0.379022,0.119061,0.170973,-0.031374,-0.012607,0.562120,0.357821,0.458871,0.461540,0.299413,0.523987,0.369448,0.543522,0.204787,0.170956,0.234909,0.395354
-0.044375,-0.283825,-0.161971,-0.015695,-0.193552,-0.176996,-0.070332,-0.005880,-0.183672,-0.077202,0.063433,0.259287,0.124028,0.438454,0.355114,0.482896,-0.044104,0.345505,0.134819,0.080571,0.718520,0.032462,0.223485,0.183675,0.336552,-0.004650,0.252530,0.087993,0.322336,0.688238,0.545119,0.474561,0.116764,0.075380,0.233302,0.033886,0.624740,0.000000,0.389957,0.481949,0.364527,0.237988,0.369850,0.183325,0.117043,0.030340,0.385946,0.307147,0.028399,0.097399,0.190330,0.180843,0.000427,0.024068,0.425435,0.273411,-0.125206,-0.127598,-0.058837,-0.114248,-0.080005,-0.106866,0.070959,-0.032009,0.107947,0.169909,0.132090,0.006317,0.516379,0.183139,0.075326,-0.032479,0.070962,0.197281,-0.017215,-0.013810,0.079246,0.067675,0.649954,0.514970,0.348193,0.342263,0.180887,0.524696,0.269199,0.598674,0.107762,0.325694,0.169381,0.419140
-0.284448,-0.580757,-0.095740,-0.227328,0.010609,-0.074189,-0.107286,-0.199447,-0.024887,-0.029023,-0.139927,-0.264791,0.060191,-0.080462,0.489491,0.272294,-0.082881,-0.166421,-0.082754,-0.026415,0.553530,0.085625,0.137969,0.141952,0.267150,0.090159,0.431060,0.195804,0.148124,0.069006,0.002460,-0.048465,-0.507157,-0.371764,0.126128,-0.042934,0.223723,0.389957,0.000000,0.645603,0.827906,0.572317,0.136790,0.045599,-0.245108,-0.226210,0.031731,0.027362,-0.216559,-0.168934,-0.041115,-0.119290,0.061738,-0.043359,0.343877,0.277299,-0.416049,-0.332174,-0.061023,-0.213250,-0.203948,-0.245704,-0.133138,-0.331478,0.050843,0.021349,0.066024,-0.117894,0.486627,0.068829,0.033281,-0.022882,0.166025,-0.027351,-0.045179,-0.212139,0.078384,0.070493,0.179207,0.321056,0.210785,0.021873,0.314506,0.382190,0.360726,0.199842,0.374351,0.602597,0.322548,0.438272
-0.104711,-0.233547,0.240308,0.035626,0.055837,-0.169738,0.089668,0.125180,0.011408,-0.269807,-0.223311,0.017125,0.110135,-0.078808,0.498805,0.585071,-0.016817,-0.048861,-0.241144,0.073726,0.558366,0.430213,0.292515,0.188919,0.166927,0.092501,0.045615,-0.011030,0.040628,0.133856,0.294608,0.246730,-0.026450,0.099790,0.087790,0.118295,0.386527,0.481949,0.645603,0.000000,0.444755,0.986103,0.083434,0.129758,0.193498,0.166283,0.066420,0.268982,0.084223,0.212584,0.446580,0.174845,0.060285,0.090822,0.506040,0.613494,0.072381,0.152139,0.491791,0.264153,0.366051,0.086818,0.266334,0.199706,0.472714,0.416584,0.510628,0.137903,0.574656,0.280556,0.461981,0.451148,0.267437,0.173129,0.217291,0.214398,0.484764,0.341061,0.244445,-0.087618,0.238757,0.182856,0.403495,0.371919,0.714275,0.458067,0.540062,0.391694,0.684757,0.628331
-0.034724,-0.384413,-0.006724,-0.063725,-0.029490,-0.050599,0.092775,-0.023051,-0.004099,-0.009819,0.068347,0.008376,0.238804,0.111759,0.451382,0.344666,0.086253,0.021690,0.057951,0.028688,0.516987,0.148137,0.158398,0.174045,0.280162,0.096779,0.312262,0.115339,0.220029,0.218180,0.122224,0.112998,-0.319211,-0.188650,0.089608,-0.029946,0.351180,0.364527,0.827906,0.444755,0.000000,0.458825,0.197270,0.120149,-0.077913,-0.098052,0.079855,0.098581,-0.087921,-0.031865,0.020628,-0.026054,0.116062,0.001257,0.264877,0.240716,-0.228574,-0.208167,0.091224,-0.127054,0.011064,-0.031057,0.060627,-0.123200,0.154694,0.139460,0.118663,-0.082604,0.417157,0.094171,0.175054,0.194883,0.259317,0.170713,-0.028954,-0.068519,0.140272,0.112263,0.263097,0.289382,0.219698,0.087296,0.300287,0.404011,0.339659,0.229676,0.241129,0.570390,0.351357,0.410761
-0.128662,-0.266371,0.222541,-0.102041,0.198394,0.007727,0.130772,0.025875,0.160566,-0.198461,-0.292644,-0.083711,0.064184,-0.187569,0.394831,0.295948,0.016904,-0.111224,-0.333443,-0.132879,0.521648,0.354080,0.164867,0.018384,0.072037,0.230611,-0.020993,0.001796,-0.047658,0.030930,0.197425,0.093695,-0.174103,-0.069010,-0.095789,-0.116896,0.245996,0.237988,0.572317,0.986103,0.458825,0.000000,-0.038873,0.089019,0.078292,0.091124,0.005813,0.162087,0.075209,0.137627,0.302928,0.121936,0.102065,0.183011,0.404976,0.490348,-0.005799,0.045913,0.371684,0.217930,0.257887,-0.043685,0.220686,0.154583,0.339763,0.187209,0.200350,-0.099367,0.323277,0.057095,0.412165,0.494355,0.402344,0.353167,0.208926,0.068804,0.389235,0.213659,0.118733,-0.167977,0.162111,0.097613,0.240522,0.262555,0.570481,0.232343,0.434908,0.258852,0.366943,0.320787
0.198276,0.027665,-0.041040,0.223968,0.101152,0.111088,0.245590,0.307645,-0.055993,0.197718,0.031752,0.203829,0.065058,0.339217,0.099657,0.156840,0.162140,0.357776,0.240330,0.251428,0.298461,-0.099317,-0.041943,0.089879,0.180428,0.034350,0.263309,0.107867,0.320966,0.442801,0.336116,0.250013,0.141573,0.128737,-0.060771,-0.014547,0.347352,0.369850,0.136790,0.083434,0.197270,-0.038873,0.000000,1.092439,0.656015,0.681059,1.098331,1.018327,0.693094,0.662361,0.511084,0.736975,0.634982,0.519032,0.695200,0.528622,-0.082923,-0.137862,0.043371,0.021606,-0.055326,0.012342,0.207897,0.143986,-0.277987,0.003743,0.244114,0.410938,0.282274,0.311930,-0.086319,-0.190494,-0.138314,-0.067092,-0.131153,-0.005007,0.004173,0.099821,0.395741,0.412078,0.344479,0.329134,0.231029,0.446072,-0.024999,0.218514,-0.000941,0.193207,-0.041422,0.221619
0.378973,0.313021,-0.087706,0.080624,0.161193,0.096868,0.277959,0.339728,-0.063014,0.056208,-0.045626,0.318184,0.054097,0.211887,0.117540,0.113080,0.308057,0.465908,0.098928,0.174921,0.227762,-0.019810,-0.256369,-0.161692,-0.109918,-0.042456,0.075290,-0.002432,0.275431,0.340194,0.263059,0.131818,0.161668,0.118744,-0.312596,-0.216799,0.282419,0.183325,0.045599,0.129758,0.120149,0.089019,1.092439,0.000000,0.626361,0.976865,0.905524,1.354606,0.911364,1.052945,0.543593,0.995349,0.874106,0.730445,0.795857,0.742639,0.183695,0.117750,0.218628,0.399261,0.143435,0.146243,0.449342,0.392399,-0.268091,-0.013376,0.115547,0.334255,0.060076,0.160470,-0.091359,0.008445,-0.084251,-0.016307,0.000417,0.005847,-0.025230,0.018539,0.253129,0.234314,0.365643,0.388618,0.296716,0.451490,0.030410,0.125020,0.173492,0.149156,-0.084374,0.151677
0.207147,0.260330,0.245854,0.398044,0.135264,0.091674,0.363798,0.543797,0.041222,0.100359,-0.069397,0.368789,-0.006560,0.205811,-0.015301,0.276115,0.182987,0.317662,0.055215,0.307721,0.024109,0.162920,0.066324,0.099151,0.012939,0.069484,-0.140901,-0.025714,0.118086,0.320986,0.441771,0.420859,0.419057,0.525129,-0.050231,0.133520,0.287415,0.117043,-0.245108,0.193498,-0.077913,0.078292,0.656015,0.626361,0.000000,1.202870,0.719306,0.792016,0.846240,0.847725,0.743872,0.766127,0.391907,0.474197,0.480644,0.553737,0.323436,0.198214,0.579113,0.444609,0.390154,0.346556,0.362491,0.428727,0.128363,0.368315,0.511109,0.612951,0.072472,0.288273,0.162394,0.223208,0.070247,0.162768,0.099040,0.352590,0.183118,0.220415,0.180718,-0.011749,0.225628,0.363528,0.191210,0.190580,0.213398,0.306411,0.099925,-0.000303,0.112184,0.196922
0.353364,0.454311,0.133720,0.286583,0.237433,0.127889,0.408430,0.571006,0.062769,0.069284,-0.149940,0.358491,-0.023732,0.145188,0.028885,0.160660,0.222006,0.379899,-0.011447,0.277103,0.017900,0.178099,-0.171658,-0.118326,-0.209447,-0.015353,-0.167377,-0.085111,-0.002769,0.167087,0.269797,0.251340,0.400603,0.463672,-0.292171,-0.068963,0.185038,0.030340,-0.226210,0.166283,-0.098052,0.091124,0.681059,0.976865,1.202870,0.000000,0.751606,1.099127,1.206736,1.375216,0.756161,1.092080,0.683275,0.686146,0.655956,0.861051,0.376388,0.279734,0.621800,0.679257,0.414705,0.382166,0.517365,0.589315,-0.048482,0.235993,0.361534,0.582811,-0.035241,0.224674,0.158249,0.196980,0.035698,0.143566,0.203717,0.265649,0.279969,0.256236,0.011030,-0.100226,0.153050,0.279278,0.104514,0.231595,0.111116,0.185337,0.112037,0.022566,0.046611,0.176745
0.298462,0.121393,-0.059946,0.207093,0.070339,0.127490,0.291393,0.365113,-0.078687,0.173690,-0.052930,0.312026,0.006434,0.398381,0.020544,0.188485,0.109765,0.466037,0.077797,0.095572,0.279782,-0.055023,-0.098882,0.017315,0.111358,0.041106,0.113498,0.051797,0.250557,0.485708,0.393893,0.260731,0.216520,0.206606,-0.141735,-0.127108,0.430639,0.385946,0.031731,0.066420,0.079855,0.005813,1.098331,0.905524,0.719306,0.751606,0.000000,1.019403,0.924936,0.812532,0.686958,1.036825,0.768485,0.810401,0.846700,0.551260,0.009288,-0.048305,0.178298,0.217726,0.040180,0.103967,0.324124,0.286784,-0.262145,0.046268,0.197532,0.402498,0.038479,0.165419,-0.112359,-0.110918,-0.154343,0.056183,-0.135588,0.005763,-0.019046,-0.013511,0.405877,0.301211,0.363454,0.371444,0.142598,0.395515,-0.030321,0.256719,-0.018968,0.035597,-0.111179,0.196941
0.418989,0.364916,0.069990,0.305332,0.198087,0.118955,0.408488,0.553573,0.011084,0.071025,-0.038597,0.421997,0.067970,0.374223,0.179059,0.242849,0.210279,0.509537,0.131200,0.280054,0.282161,0.065319,-0.142053,-0.045092,-0.046930,0.024099,0.047061,-0.031340,0.222344,0.417879,0.367624,0.273736,0.242964,0.304533,-0.264791,-0.134061,0.367608,0.307147,0.027362,0.268982,0.098581,0.162087,1.018327,1.354606,0.792016,1.099127,1.019403,0.000000,1.044194,1.310142,0.743209,1.246843,0.872661,0.847085,0.968098,0.979855,0.249369,0.225801,0.412602,0.536276,0.279256,0.331645,0.571387,0.542854,-0.088388,0.188843,0.291313,0.486274,0.148375,0.303175,0.107171,0.112790,-0.012350,0.078238,0.055646,0.170079,0.147070,0.229885,0.307270,0.097809,0.352171,0.407305,0.287942,0.447863,0.136416,0.301893,0.124834,0.122675,0.070012,0.338734
