0.000000,0.559544,0.347116,0.352193,-0.005417,0.112570,0.416379,0.519927,0.086302,0.091384,0.389500,0.317499,0.353968,0.262710,0.281978,0.209695,0.416923,0.424638,0.452975,0.527219,0.144471,0.133045,0.286463,0.348074,0.308093,0.261911,-0.048139,0.100195,0.565897,0.437435,0.257829,0.299566,0.388360,0.420880,0.071931,0.076615,0.198168,0.289855,0.409202,0.300620,0.207475,0.208684,0.406902,0.360776,0.322506,0.387926,0.483239,0.485152,0.419324,0.286703,0.497906,0.400586,0.356435,0.319908,0.400475,0.402291,0.576514,0.484453,0.478938,0.284061,0.356401,0.219333,0.353930,0.404105,0.116351,0.116213,0.413972,0.313010,0.391414,0.225597,0.226892,0.134512,0.315800,0.146545,0.113698,0.071717,0.228956,0.114591,0.328853,0.298099,0.516143,0.511946,0.386652,0.346159,0.442921,0.490953,0.239964,0.122393,0.400395,0.449741
0.559544,0.000000,0.122916,0.111183,0.090213,0.035911,0.244862,0.415025,0.153083,0.300432,0.256565,0.316049,0.191948,0.387640,0.182159,0.320842,0.460903,0.605193,0.238792,0.442957,0.237295,0.062011,0.170157,0.161817,0.177865,0.116188,0.101304,0.062726,0.510079,0.528853,0.197775,0.223752,0.260868,0.335206,0.128441,0.116424,0.082795,0.150407,0.294348,0.269007,0.115650,0.124957,0.361436,0.426484,0.272698,0.461591,0.439531,0.442126,0.462578,0.356167,0.471302,0.337718,0.311792,0.248346,0.404581,0.450420,0.725805,0.714492,0.471282,0.412468,0.254949,0.280055,0.297054,0.436332,-0.055669,0.113632,0.304782,0.385951,0.429244,0.273627,0.146627,0.209674,0.293510,0.087136,0.141716,0.038908,0.215463,0.168797,0.363627,0.331144,0.502329,0.560852,0.240435,0.333611,0.220231,0.345644,0.194278,0.087828,0.219745,0.261015
0.347116,0.122916,0.000000,0.525928,0.150351,0.244965,0.565788,0.390732,0.127162,-0.024648,0.136036,0.236060,0.331592,0.121441,0.292935,0.102347,0.108350,0.083242,0.485222,0.291308,0.088144,0.140629,0.556337,0.450359,0.489083,0.340366,0.180143,0.277099,0.125121,0.028549,0.286060,0.288258,0.351479,0.294646,0.155710,-0.033493,0.021729,0.183649,0.241535,0.175273,0.073836,0.133182,0.225915,0.139558,0.206532,0.136183,0.313135,0.187117,0.112239,0.011456,0.324246,0.314465,0.191009,0.203916,0.168675,0.158300,0.140744,0.160230,0.249220,0.003087,0.292349,0.059656,0.141793,0.116660,0.460296,0.156860,0.293055,0.130132,0.169112,0.123377,0.237017,0.096901,0.066031,0.042295,0.022734,0.076389,-0.019688,0.028380,0.158775,0.120756,0.251113,0.276814,0.315464,0.182742,0.500075,0.364768,0.100612,0.082657,0.400453,0.471509
0.352193,0.111183,0.525928,0.000000,0.098722,0.404855,0.529033,0.590802,0.144694,-0.057486,0.104936,0.294237,0.469645,0.117934,0.316157,0.184929,0.099042,0.044475,0.346408,0.252317,0.079768,0.161260,0.383565,0.546981,0.324825,0.474273,0.031378,0.227669,0.197128,0.082589,0.239059,0.337062,0.315813,0.310899,0.154801,0.019155,0.026019,0.224011,0.239075,0.197404,0.133061,0.108427,0.196491,0.139250,0.106395,0.141314,0.279024,0.198849,0.153043,0.011698,0.312367,0.234258,0.213454,0.247324,0.152774,0.152453,0.148990,0.110535,0.233851,-0.023459,0.286046,0.133696,0.171737,0.141613,0.310859,0.185016,0.183481,0.097390,0.087304,0.098143,0.276414,0.142658,0.078621,0.057296,0.046532,0.091626,0.043919,0.011728,0.056555,0.108120,0.246157,0.248220,0.332957,0.161973,0.436466,0.388587,0.025082,-0.026786,0.435750,0.498708
-0.005417,0.090213,0.150351,0.098722,0.000000,0.440319,0.263051,0.210970,0.551899,0.611459,0.203772,0.141509,0.231757,0.323789,0.405179,0.511892,0.150541,0.088243,0.161536,0.204795,-0.004203,0.008247,0.318641,0.167000,0.240504,0.204916,0.559096,0.221507,0.108732,0.160097,0.151608,0.110732,0.122419,0.201675,0.003187,0.029125,0.066488,-0.051289,0.054954,0.141039,0.084110,0.043928,0.057552,0.038955,0.131718,0.077848,0.030086,0.086929,0.097576,0.101795,0.124727,0.155356,0.033127,0.033842,0.147234,0.110019,0.120794,0.059737,0.045009,0.104564,0.178705,0.222692,0.110831,0.103926,0.231758,0.181101,0.151362,0.132704,0.033656,0.051708,0.130281,0.222764,0.018444,0.098308,0.192111,0.105641,0.096286,0.077371,0.097623,0.109578,0.172146,0.251822,0.270683,0.202533,0.164655,0.271924,0.156555,0.136351,0.204563,0.121798
0.112570,0.035911,0.244965,0.404855,0.440319,0.000000,0.403949,0.399582,0.553912,0.420730,-0.026889,0.164676,0.540725,0.197412,0.426660,0.301496,0.158847,0.106984,0.166082,0.267970,0.113295,0.140995,0.229077,0.264472,0.307516,0.478493,0.266184,0.312761,0.124565,0.146346,0.235095,0.188662,0.240720,0.265710,0.006737,0.095584,0.143037,0.158816,0.106432,0.156851,0.060491,0.063357,0.117471,0.062655,0.155631,0.040900,0.078220,0.131949,0.031918,-0.031205,0.109489,0.067293,0.086121,0.142953,0.047236,0.137340,0.177094,0.089387,0.110173,0.059238,0.180022,0.121796,0.139448,0.133192,0.175579,0.120548,0.077639,0.058271,0.069754,0.073838,0.270800,0.170741,0.069892,0.185103,0.033425,0.066078,0.120872,0.006760,0.127872,0.118937,0.326290,0.293339,0.232289,0.132767,0.231790,0.308433,0.077328,0.117738,0.249350,0.330964
0.416379,0.244862,0.565788,0.529033,0.263051,0.403949,0.000000,0.686544,0.260451,0.202800,0.343702,0.321214,0.486678,0.272458,0.428595,0.257579,0.254369,0.204391,0.512797,0.429552,0.093172,0.101202,0.459868,0.439024,0.379533,0.387664,0.186530,0.198865,0.266255,0.240944,0.348197,0.320579,0.336739,0.361990,0.105825,0.053017,0.086088,0.173862,0.281606,0.146147,0.134825,0.106993,0.278669,0.231687,0.244113,0.224316,0.375174,0.316511,0.222630,0.050710,0.375254,0.257447,0.309839,0.239585,0.159243,0.200277,0.217380,0.278220,0.350634,0.094491,0.398778,0.260650,0.163175,0.225766,0.426613,0.296495,0.320361,0.229941,0.138710,0.118211,0.318100,0.198447,0.201501,0.097741,0.106739,0.092787,0.133989,0.141215,0.195858,0.166450,0.332454,0.389762,0.428778,0.259583,0.479169,0.499425,0.074221,0.095056,0.363564,0.488857
0.519927,0.415025,0.390732,0.590802,0.210970,0.399582,0.686544,0.000000,0.243069,0.249405,0.338519,0.433741,0.463667,0.347941,0.388139,0.399705,0.366365,0.346362,0.419010,0.541936,0.172256,0.118555,0.367044,0.474362,0.237275,0.372850,0.144161,0.123534,0.417082,0.437134,0.284912,0.348171,0.403961,0.479822,0.105658,0.100740,0.196379,0.211714,0.292835,0.191192,0.117707,0.081994,0.417340,0.327191,0.292781,0.376873,0.455035,0.462060,0.387473,0.221246,0.467658,0.405914,0.403544,0.338262,0.321394,0.330544,0.404336,0.346853,0.488661,0.269585,0.439373,0.410023,0.304940,0.365353,0.203133,0.394655,0.332987,0.360899,0.216250,0.187130,0.260642,0.222753,0.205689,0.169062,0.101369,0.135512,0.271675,0.212773,0.271576,0.250112,0.496925,0.517964,0.467837,0.372362,0.405688,0.533754,0.118209,0.047190,0.424652,0.508219
0.086302,0.153083,0.127162,0.144694,0.551899,0.553912,0.260451,0.243069,0.000000,0.622735,0.098165,0.202686,0.391154,0.308155,0.488370,0.452465,0.261630,0.220672,0.146397,0.267558,0.059651,0.028494,0.182052,0.160938,0.283793,0.316560,0.346010,0.247208,0.270236,0.302350,0.272188,0.186682,0.194030,0.271117,-0.049642,0.029612,0.117024,0.080067,0.119450,0.244953,0.086606,0.113533,0.184007,0.147378,0.235972,0.109899,0.084968,0.146440,0.121075,0.051438,0.094646,0.124013,0.014708,0.072631,0.137454,0.219866,0.189199,0.150784,0.151914,0.182048,0.163397,0.172613,0.216597,0.168420,0.196875,0.160962,0.146003,0.081400,0.137685,-0.029155,0.143806,0.173681,0.059138,0.154390,0.185901,0.094535,0.099921,0.074124,0.186386,0.183831,0.310092,0.365470,0.261580,0.173702,0.219951,0.268555,0.298068,0.176969,0.175979,0.174068
0.091384,0.300432,-0.024648,-0.057486,0.611459,0.420730,0.202800,0.249405,0.622735,0.000000,0.217724,0.167098,0.167915,0.458231,0.413349,0.536036,0.311359,0.275488,0.097701,0.303034,0.073297,-0.020510,0.129013,0.137402,0.162191,0.127691,0.420640,0.119818,0.270522,0.377564,0.130468,0.098939,0.151784,0.177314,0.007757,0.125593,0.174654,0.012770,0.067474,0.173328,0.028336,0.034087,0.101266,0.081488,0.119638,0.123080,0.052661,0.114382,0.142366,0.110715,0.168218,0.059818,0.039212,0.056596,0.198203,0.169442,0.323409,0.207311,0.147156,0.272684,0.143809,0.337580,0.155141,0.215448,0.022309,0.209316,0.123915,0.181561,0.162477,0.137896,0.093768,0.267789,0.134617,0.194340,0.124240,0.148785,0.155214,0.145269,0.235566,0.214558,0.276709,0.330542,0.120217,0.212414,0.125044,0.240701,0.268937,0.107883,0.112711,0.078205
0.389500,0.256565,0.136036,0.104936,0.203772,-0.026889,0.343702,0.338519,0.098165,0.217724,0.000000,0.155461,0.182374,0.322769,0.364594,0.311021,0.318325,0.285450,0.377607,0.298662,0.026711,-0.039075,0.339922,0.254217,0.141747,0.043731,0.087859,0.009998,0.472987,0.383466,0.177033,0.197503,0.211710,0.226379,0.065598,0.083289,0.186760,0.036372,0.207889,0.171687,0.138975,0.059648,0.221591,0.154606,0.227341,0.178568,0.218549,0.233890,0.207427,0.161942,0.229185,0.165671,0.106462,0.151383,0.292574,0.154423,0.172740,0.209763,0.184616,0.201027,0.257065,0.358104,0.254445,0.219923,0.191703,0.407295,0.301192,0.253560,0.134658,0.130460,0.063886,0.116099,0.130126,0.153611,0.126800,0.005191,0.173285,0.177859,0.234489,0.143956,0.175926,0.262646,0.354541,0.209888,0.437807,0.407992,0.196547,0.137899,0.242798,0.119673
0.317499,0.316049,0.236060,0.294237,0.141509,0.164676,0.321214,0.433741,0.202686,0.167098,0.155461,0.000000,0.255051,0.382755,0.187551,0.292844,0.229490,0.274176,0.125785,0.262200,0.210700,0.104258,0.112903,0.209053,0.221564,0.239775,0.174498,0.158576,0.248069,0.262596,0.138691,0.166078,0.227806,0.233576,0.092388,0.067295,0.055679,0.163314,0.177939,0.174108,0.193787,0.127501,0.261645,0.293020,0.173801,0.354515,0.325445,0.331211,0.266438,0.161993,0.336299,0.279458,0.208033,0.160844,0.234631,0.193716,0.288000,0.282598,0.289866,0.237969,0.219505,0.238936,0.117121,0.280553,0.034959,0.206103,0.182070,0.228927,0.154544,0.102018,0.201604,0.218270,0.163708,-0.023240,0.123435,0.089951,0.109945,0.110797,0.220434,0.185437,0.323575,0.359879,0.231773,0.192592,0.197626,0.274738,0.064612,-0.018998,0.206824,0.198240
0.353968,0.191948,0.331592,0.469645,0.231757,0.540725,0.486678,0.463667,0.391154,0.167915,0.182374,0.255051,0.000000,0.252999,0.504509,0.312927,0.352265,0.210067,0.144575,0.201241,0.070812,0.057133,0.262584,0.335711,0.384972,0.650763,0.213715,0.311884,0.372066,0.259976,0.396356,0.306010,0.394031,0.310964,-0.010042,0.144083,0.126600,0.130621,0.352416,0.246343,0.135215,0.138138,0.238613,0.168590,0.207851,0.189722,0.207312,0.268434,0.202252,0.175402,0.312083,0.245299,0.149763,0.194439,0.241036,0.267475,0.295706,0.223546,0.257744,0.109758,0.377577,0.182264,0.312656,0.236805,0.274641,0.117931,0.191797,0.172202,0.044969,0.073665,0.196639,0.185953,0.196704,0.179500,0.098983,0.032225,0.163391,0.091862,0.205923,0.166657,0.442184,0.368836,0.382644,0.197888,0.387080,0.380265,0.168345,0.208146,0.390850,0.372299
0.262710,0.387640,0.121441,0.117934,0.323789,0.197412,0.272458,0.347941,0.308155,0.458231,0.322769,0.382755,0.252999,0.000000,0.382356,0.389395,0.356358,0.275122,0.189941,0.265730,0.229970,0.066287,0.186073,0.315730,0.322238,0.230612,0.207499,0.159065,0.385014,0.408125,0.236491,0.271602,0.100694,0.182171,0.032258,0.138895,0.020795,0.086897,0.095085,0.180101,0.103801,0.019984,0.138464,0.098397,0.080864,0.123020,0.223051,0.188034,0.096504,0.058097,0.176328,0.061503,0.131147,0.106107,0.196453,0.214502,0.335748,0.328055,0.207104,0.195182,0.182172,0.302234,0.145615,0.186181,0.034508,0.207901,0.129200,0.160900,0.222485,0.145359,0.176071,0.229345,0.200487,0.160235,0.112199,0.020031,0.159996,0.136201,0.296329,0.270469,0.266331,0.333409,0.130172,0.149562,0.233773,0.329492,0.126975,0.138161,0.184838,0.198160
0.281978,0.182159,0.292935,0.316157,0.405179,0.426660,0.428595,0.388139,0.488370,0.413349,0.364594,0.187551,0.504509,0.382356,0.000000,0.420754,0.325358,0.221015,0.276503,0.273513,0.047975,0.024458,0.322070,0.364522,0.334663,0.374906,0.179068,0.194407,0.404250,0.298490,0.316472,0.274315,0.179183,0.275190,0.076496,0.143199,0.096759,0.146338,0.197834,0.188236,0.161271,0.185488,0.178754,0.104249,0.189565,0.130872,0.148301,0.189128,0.145171,0.056906,0.222503,0.168122,0.064820,0.172499,0.281641,0.140987,0.284882,0.228195,0.196933,0.103472,0.309440,0.277798,0.184082,0.161917,0.327830,0.265949,0.206386,0.130253,0.084529,0.092468,0.148197,0.185032,0.162679,0.140186,0.069565,0.082850,0.129447,0.099776,0.186775,0.127238,0.258688,0.287484,0.311985,0.231238,0.462393,0.460072,0.312529,0.205829,0.374324,0.324914
0.209695,0.320842,0.102347,0.184929,0.511892,0.301496,0.257579,0.399705,0.452465,0.536036,0.311021,0.292844,0.312927,0.389395,0.420754,0.000000,0.323659,0.297743,0.214773,0.330483,0.092312,-0.028986,0.296272,0.252184,0.160826,0.245708,0.314795,0.077831,0.276154,0.309418,0.169211,0.219383,0.175555,0.309110,-0.000431,0.078679,0.155483,0.064890,0.213506,0.243711,0.082892,0.042987,0.190627,0.160273,0.209954,0.202873,0.173929,0.195553,0.225173,0.174028,0.248699,0.197768,0.161398,0.131789,0.292456,0.222056,0.344362,0.280218,0.183812,0.236648,0.271351,0.384133,0.189579,0.238946,0.157627,0.313529,0.219528,0.291619,0.155964,0.192630,0.079822,0.181191,0.083516,0.137884,0.182997,0.118508,0.154730,0.125652,0.172098,0.171709,0.270091,0.353757,0.275648,0.327017,0.189459,0.350779,0.320495,0.213482,0.280145,0.235618
0.416923,0.460903,0.108350,0.099042,0.150541,0.158847,0.254369,0.366365,0.261630,0.311359,0.318325,0.229490,0.352265,0.356358,0.325358,0.323659,0.000000,0.541378,0.230790,0.379940,0.142281,0.046989,0.169794,0.160719,0.243890,0.254437,0.114816,0.107236,0.655918,0.562000,0.319078,0.294022,0.333303,0.393568,0.043504,0.069814,0.139881,0.194303,0.300131,0.200576,0.194758,0.094778,0.350002,0.254470,0.277625,0.290820,0.307463,0.330895,0.290583,0.230852,0.364494,0.205047,0.220455,0.157942,0.418358,0.413874,0.568809,0.438154,0.384673,0.310298,0.278469,0.220829,0.400692,0.395129,0.003051,0.136463,0.268449,0.280533,0.363237,0.226088,0.132974,0.150907,0.255007,0.188655,0.167003,0.068909,0.274391,0.139449,0.473279,0.295238,0.680107,0.584908,0.351392,0.371720,0.321482,0.373149,0.237001,0.168775,0.151953,0.241383
0.424638,0.605193,0.083242,0.044475,0.088243,0.106984,0.204391,0.346362,0.220672,0.275488,0.285450,0.274176,0.210067,0.275122,0.221015,0.297743,0.541378,0.000000,0.232878,0.444864,0.172563,0.007856,0.098510,0.114331,0.172461,0.119201,0.057925,0.071800,0.616773,0.643685,0.259601,0.274600,0.318943,0.384745,0.045294,0.074969,0.178636,0.244398,0.305608,0.252173,0.246634,0.210185,0.383588,0.324049,0.338530,0.337739,0.367276,0.442672,0.305373,0.259459,0.257466,0.244369,0.224717,0.200695,0.305578,0.414940,0.568797,0.514549,0.365307,0.370342,0.167706,0.306866,0.412311,0.505062,-0.030040,0.122584,0.293082,0.358701,0.354318,0.215176,0.030515,0.042671,0.202133,0.162715,0.146678,0.048693,0.234157,0.146626,0.421611,0.454951,0.586789,0.648509,0.200581,0.420345,0.173558,0.357490,0.177196,0.132683,0.122073,0.172034
0.452975,0.238792,0.485222,0.346408,0.161536,0.166082,0.512797,0.419010,0.146397,0.097701,0.377607,0.125785,0.144575,0.189941,0.276503,0.214773,0.230790,0.232878,0.000000,0.619489,0.073830,0.181696,0.496123,0.364247,0.280151,0.191352,0.135068,0.121379,0.267911,0.233077,0.231005,0.348223,0.352609,0.411082,0.155815,-0.002034,0.045092,0.241577,0.216470,0.145657,0.092246,0.160019,0.252385,0.170460,0.267918,0.123574,0.270189,0.267956,0.094081,-0.006690,0.184604,0.183602,0.207705,0.122505,0.103350,0.124268,0.192319,0.250717,0.216872,0.072413,0.223657,0.097511,0.208603,0.212396,0.346063,0.197740,0.325382,0.263448,0.308949,0.272443,0.222850,0.042853,0.124472,0.068924,0.086528,0.125874,0.112718,0.082565,0.196781,0.183652,0.297342,0.372523,0.341305,0.348929,0.426991,0.435975,0.140095,0.098798,0.272478,0.345530
0.527219,0.442957,0.291308,0.252317,0.204795,0.267970,0.429552,0.541936,0.267558,0.303034,0.298662,0.262200,0.201241,0.265730,0.273513,0.330483,0.379940,0.444864,0.619489,0.000000,0.165070,0.116943,0.319562,0.282430,0.222488,0.197067,0.126094,0.079205,0.372696,0.424889,0.218971,0.264655,0.339504,0.453856,0.134335,0.085368,0.102638,0.330317,0.259437,0.244666,0.060632,0.096479,0.386610,0.336796,0.359924,0.319927,0.391300,0.409279,0.302392,0.113706,0.323309,0.256980,0.324277,0.220168,0.217801,0.316184,0.442264,0.411174,0.362801,0.258403,0.230996,0.225320,0.295632,0.399661,0.119154,0.106757,0.305123,0.299941,0.451222,0.275931,0.194453,0.168809,0.159422,0.102567,0.064957,0.118109,0.196652,0.082079,0.369445,0.262568,0.506816,0.561581,0.285098,0.439031,0.272043,0.416294,0.234889,0.147240,0.211403,0.447890
0.144471,0.237295,0.088144,0.079768,-0.004203,0.113295,0.093172,0.172256,0.059651,0.073297,0.026711,0.210700,0.070812,0.229970,0.047975,0.092312,0.142281,0.172563,0.073830,0.165070,0.000000,0.173079,0.069104,0.125961,0.149481,0.126036,0.119425,0.093326,0.104441,0.189018,0.135982,0.178526,0.116731,0.062257,0.065662,0.113412,0.001502,0.078201,0.014347,0.084590,-0.003527,0.145460,0.120525,0.103521,0.098551,0.151826,0.182982,0.124124,0.034569,0.042551,0.104667,0.099742,0.084713,0.072370,0.008707,0.087097,0.199583,0.184684,0.157441,0.108809,0.060947,0.139546,0.002221,0.133706,0.010173,0.028942,0.154285,0.150813,0.124850,0.112518,0.030423,0.029227,0.151105,0.027479,0.030526,0.011924,0.016454,0.126897,0.219986,0.113139,0.189103,0.215563,0.037398,0.104618,0.115567,0.190474,0.010195,0.012518,0.018953,0.117156
0.133045,0.062011,0.140629,0.161260,0.008247,0.140995,0.101202,0.118555,0.028494,-0.020510,-0.039075,0.104258,0.057133,0.066287,0.024458,-0.028986,0.046989,0.007856,0.181696,0.116943,0.173079,0.000000,0.088962,0.181711,0.167061,0.192633,0.023875,0.211300,0.065860,0.066335,0.113707,0.161816,0.114371,0.142302,0.024467,0.014139,-0.064139,0.005615,0.003384,0.018464,0.047315,0.138451,0.146468,0.062025,0.126454,0.088403,0.130250,0.135753,0.007119,0.005273,0.025173,0.087289,0.020448,0.010315,-0.045896,0.074947,0.085608,0.137550,0.085160,0.050613,0.112264,-0.055701,0.014894,0.048026,0.102483,-0.051410,0.045429,0.077796,0.102510,0.023081,0.183980,0.097620,0.057739,0.000882,0.024542,-0.087856,0.049399,0.078089,0.057103,0.027330,0.138531,0.160108,0.100979,0.106298,0.081546,0.112243,-0.063003,0.045367,0.033309,0.127183
0.286463,0.170157,0.556337,0.383565,0.318641,0.229077,0.459868,0.367044,0.182052,0.129013,0.339922,0.112903,0.262584,0.186073,0.322070,0.296272,0.169794,0.098510,0.496123,0.319562,0.069104,0.088962,0.000000,0.576754,0.418410,0.223378,0.290414,0.163753,0.165919,0.083879,0.273752,0.269499,0.249561,0.249420,0.117383,0.016805,0.083804,0.139361,0.195383,0.150502,0.054465,0.048834,0.159873,0.081146,0.166821,0.092088,0.211309,0.153349,0.130175,0.032964,0.273574,0.175961,0.195276,0.215312,0.175263,0.141424,0.131597,0.127572,0.075552,0.011168,0.180806,0.084817,0.056271,0.057935,0.505249,0.235788,0.285670,0.127494,0.197408,0.142360,0.192906,0.213936,0.078940,0.099462,0.078068,0.088978,0.078036,0.011872,0.135813,0.154877,0.147269,0.207513,0.344750,0.213602,0.515781,0.416843,0.188547,0.150438,0.360545,0.361156
0.348074,0.161817,0.450359,0.546981,0.167000,0.264472,0.439024,0.474362,0.160938,0.137402,0.254217,0.209053,0.335711,0.315730,0.364522,0.252184,0.160719,0.114331,0.364247,0.282430,0.125961,0.181711,0.576754,0.000000,0.428656,0.393780,0.125333,0.266805,0.199363,0.171580,0.316667,0.451159,0.257619,0.243547,0.081705,0.098122,0.119888,0.162956,0.196304,0.167707,0.125463,0.038550,0.177034,0.110344,0.101008,0.114174,0.256603,0.180478,0.084931,-0.046735,0.240100,0.100612,0.220843,0.157163,0.095199,0.126173,0.204933,0.216610,0.129495,-0.001015,0.192066,0.133507,0.101659,0.102152,0.327204,0.231468,0.186009,0.148186,0.150659,0.145308,0.257373,0.185309,0.187246,0.059159,0.054082,0.050944,0.108217,0.082210,0.131038,0.100836,0.191211,0.164516,0.267047,0.130488,0.480635,0.408917,0.118838,0.191254,0.382732,0.386309
0.308093,0.177865,0.489083,0.324825,0.240504,0.307516,0.379533,0.237275,0.283793,0.162191,0.141747,0.221564,0.384972,0.322238,0.334663,0.160826,0.243890,0.172461,0.280151,0.222488,0.149481,0.167061,0.418410,0.428656,0.000000,0.528089,0.285434,0.336715,0.272420,0.240644,0.462342,0.421802,0.355944,0.321311,0.050213,0.160204,0.095092,0.175443,0.300925,0.283524,0.143013,0.142983,0.316699,0.195415,0.297091,0.187925,0.306812,0.322886,0.145193,0.068701,0.270034,0.219219,0.084478,0.154640,0.199854,0.258612,0.298392,0.224179,0.201880,0.090441,0.189422,0.062611,0.186596,0.134050,0.323304,0.071738,0.314421,0.229123,0.153088,0.075424,0.274002,0.146227,0.123657,0.070621,0.063677,0.012420,0.086110,0.130688,0.289608,0.180126,0.385594,0.354072,0.285043,0.218505,0.423186,0.399859,0.155409,0.255093,0.293983,0.312213
0.261911,0.116188,0.340366,0.474273,0.204916,0.478493,0.387664,0.372850,0.316560,0.127691,0.043731,0.239775,0.650763,0.230612,0.374906,0.245708,0.254437,0.119201,0.191352,0.197067,0.126036,0.192633,0.223378,0.393780,0.528089,0.000000,0.216916,0.377575,0.325787,0.270202,0.441702,0.477573,0.335972,0.391281,0.027398,0.128262,0.099472,0.156978,0.318663,0.266234,0.235702,0.149977,0.235719,0.157715,0.243395,0.232270,0.194169,0.282148,0.163512,0.123252,0.226898,0.165721,0.093117,0.159524,0.215375,0.198913,0.303802,0.221727,0.185683,0.033333,0.259078,0.151079,0.156541,0.140818,0.262159,0.091429,0.210535,0.215066,0.012740,0.071230,0.230426,0.167830,0.133018,0.165749,0.090951,-0.004331,0.190454,0.227061,0.214158,0.159551,0.424048,0.331022,0.365401,0.186559,0.382831,0.385419,0.159456,0.182630,0.246436,0.309132
-0.048139,0.101304,0.180143,0.031378,0.559096,0.266184,0.186530,0.144161,0.346010,0.420640,0.087859,0.174498,0.213715,0.207499,0.179068,0.314795,0.114816,0.057925,0.135068,0.126094,0.119425,0.023875,0.290414,0.125333,0.285434,0.216916,0.000000,0.295959,0.013576,0.053261,0.189632,0.115022,0.199662,0.201023,0.083531,-0.020456,0.074857,-0.025705,0.121645,0.095442,0.084775,0.002867,0.078884,0.071247,0.123516,0.120126,0.057053,0.071097,0.126620,0.161284,0.159408,0.174697,0.052838,-0.000482,0.138236,0.119404,0.072115,0.045450,0.051346,0.127273,0.108602,0.166417,0.108482,0.124845,0.169422,0.133563,0.185238,0.182414,0.057881,0.043277,0.077102,0.177190,0.063306,0.063490,0.232705,0.132329,0.163225,0.235550,0.065262,0.060979,0.198318,0.228268,0.263333,0.138286,0.141597,0.133369,0.109634,0.172550,0.152489,0.092255
0.100195,0.062726,0.277099,0.227669,0.221507,0.312761,0.198865,0.123534,0.247208,0.119818,0.009998,0.158576,0.311884,0.159065,0.194407,0.077831,0.107236,0.071800,0.121379,0.079205,0.093326,0.211300,0.163753,0.266805,0.336715,0.377575,0.295959,0.000000,0.125165,0.156863,0.282438,0.225264,0.187736,0.223017,0.013939,-0.033880,0.016090,0.011195,0.204916,0.054394,0.124749,0.105202,0.162200,0.049720,0.133822,0.092413,0.102185,0.101468,0.012657,0.016717,0.062574,0.112480,0.041749,0.007484,0.009395,0.101969,0.085095,0.083030,0.067247,-0.046576,0.111723,0.012285,0.134695,0.063375,0.141631,0.019029,0.131848,0.080849,0.035881,-0.041883,0.197185,0.044492,0.061184,0.089124,0.118954,-0.088759,0.063544,0.109676,0.059475,0.079736,0.227261,0.182473,0.221970,0.044965,0.220117,0.200867,0.074065,0.137067,0.161925,0.146565
0.565897,0.510079,0.125121,0.197128,0.108732,0.124565,0.266255,0.417082,0.270236,0.270522,0.472987,0.248069,0.372066,0.385014,0.404250,0.276154,0.655918,0.616773,0.267911,0.372696,0.104441,0.065860,0.165919,0.199363,0.272420,0.325787,0.013576,0.125165,0.000000,0.787762,0.395809,0.445441,0.357712,0.424545,0.022431,0.116565,0.158749,0.200208,0.320436,0.265328,0.233082,0.220953,0.439782,0.373658,0.390325,0.356955,0.391125,0.456561,0.325621,0.276135,0.324009,0.232449,0.169044,0.155536,0.428536,0.420033,0.505493,0.421857,0.375539,0.273498,0.277191,0.290018,0.456244,0.440317,0.076902,0.210347,0.357339,0.402597,0.268421,0.200545,0.134114,0.121135,0.296529,0.255789,0.192895,-0.009564,0.345098,0.193175,0.489590,0.427845,0.654453,0.631759,0.425780,0.420943,0.399719,0.440343,0.255164,0.094572,0.273020,0.159896
0.437435,0.528853,0.028549,0.082589,0.160097,0.146346,0.240944,0.437134,0.302350,0.377564,0.383466,0.262596,0.259976,0.408125,0.298490,0.309418,0.562000,0.643685,0.233077,0.424889,0.189018,0.066335,0.083879,0.171580,0.240644,0.270202,0.053261,0.156863,0.787762,0.000000,0.339345,0.377155,0.314668,0.442464,-0.013857,0.141367,0.127620,0.210559,0.308184,0.248258,0.215216,0.241142,0.422879,0.345878,0.456714,0.374207,0.401179,0.496305,0.342446,0.291881,0.233485,0.212206,0.188614,0.161242,0.344612,0.356560,0.480972,0.437501,0.311430,0.332828,0.242949,0.355054,0.390165,0.452316,-0.017997,0.252170,0.271646,0.349836,0.243954,0.116699,0.138387,0.125571,0.249300,0.243456,0.192691,-0.008753,0.356472,0.219656,0.427859,0.437033,0.663186,0.704376,0.372614,0.431547,0.236514,0.408105,0.231163,0.031421,0.125011,0.130893
0.257829,0.197775,0.286060,0.239059,0.151608,0.235095,0.348197,0.284912,0.272188,0.130468,0.177033,0.138691,0.396356,0.236491,0.316472,0.169211,0.319078,0.259601,0.231005,0.218971,0.135982,0.113707,0.273752,0.316667,0.462342,0.441702,0.189632,0.282438,0.395809,0.339345,0.000000,0.494056,0.370064,0.344191,0.012890,0.103911,0.047295,0.177954,0.338690,0.185390,0.107455,0.132926,0.285056,0.197653,0.257933,0.179183,0.258710,0.297821,0.094924,0.065566,0.175783,0.112484,0.120289,0.043418,0.178517,0.285404,0.266129,0.220190,0.161153,0.100058,0.170437,0.092021,0.321962,0.233163,0.201776,0.072993,0.313625,0.280359,0.161086,0.089372,0.164251,0.142179,0.141753,0.162312,0.085591,0.014184,0.206012,0.181811,0.284803,0.211069,0.410095,0.344299,0.292380,0.274715,0.347894,0.347766,0.215065,0.303245,0.243526,0.200669
0.299566,0.223752,0.288258,0.337062,0.110732,0.188662,0.320579,0.348171,0.186682,0.098939,0.197503,0.166078,0.306010,0.271602,0.274315,0.219383,0.294022,0.274600,0.348223,0.264655,0.178526,0.161816,0.269499,0.451159,0.421802,0.477573,0.115022,0.225264,0.445441,0.377155,0.494056,0.000000,0.343581,0.418057,0.049320,0.181597,0.069252,0.167145,0.278899,0.221039,0.128732,0.101395,0.315932,0.229600,0.293588,0.194962,0.319990,0.335517,0.128896,0.080034,0.231258,0.166738,0.180083,0.081544,0.209292,0.304486,0.270862,0.268573,0.201793,0.159069,0.174373,0.112065,0.256215,0.173587,0.204898,0.129352,0.312394,0.332862,0.145152,0.236194,0.110756,0.071560,0.164218,0.159333,0.074685,0.001912,0.175436,0.167804,0.231122,0.264663,0.396198,0.365873,0.307786,0.262566,0.384734,0.420035,0.135670,0.191545,0.235827,0.198194
0.388360,0.260868,0.351479,0.315813,0.122419,0.240720,0.336739,0.403961,0.194030,0.151784,0.211710,0.227806,0.394031,0.100694,0.179183,0.175555,0.333303,0.318943,0.352609,0.339504,0.116731,0.114371,0.249561,0.257619,0.355944,0.335972,0.199662,0.187736,0.357712,0.314668,0.370064,0.343581,0.000000,0.508774,0.105433,0.134010,0.105086,0.267373,0.385618,0.244097,0.103154,0.209349,0.460039,0.351291,0.413929,0.339479,0.384048,0.387798,0.307044,0.254358,0.386678,0.336594,0.265732,0.178971,0.306017,0.327294,0.313830,0.262261,0.305402,0.222532,0.284588,0.181285,0.427443,0.365693,0.218760,0.177050,0.452384,0.399652,0.241297,0.169872,0.150512,0.107008,0.149266,0.088236,0.161785,0.126171,0.234798,0.142838,0.325317,0.228832,0.567753,0.538501,0.310723,0.381233,0.355528,0.384489,0.140591,0.239811,0.281195,0.270348
0.420880,0.335206,0.294646,0.310899,0.201675,0.265710,0.361990,0.479822,0.271117,0.177314,0.226379,0.233576,0.310964,0.182171,0.275190,0.309110,0.393568,0.384745,0.411082,0.453856,0.062257,0.142302,0.249420,0.243547,0.321311,0.391281,0.201023,0.223017,0.424545,0.442464,0.344191,0.418057,0.508774,0.000000,0.110937,0.116647,0.095156,0.208161,0.395826,0.235927,0.149423,0.169324,0.493303,0.427064,0.495142,0.412878,0.443555,0.494752,0.377435,0.279093,0.362542,0.391020,0.299556,0.187649,0.348758,0.358401,0.385027,0.321916,0.306548,0.275963,0.313959,0.206058,0.366186,0.402928,0.218545,0.225223,0.430535,0.447822,0.232167,0.222011,0.120967,0.088164,0.102618,0.107959,0.191076,0.059370,0.228498,0.196763,0.308448,0.303564,0.635163,0.584280,0.437061,0.421141,0.368560,0.513199,0.187552,0.184784,0.281124,0.275441
0.071931,0.128441,0.155710,0.154801,0.003187,0.006737,0.105825,0.105658,-0.049642,0.007757,0.065598,0.092388,-0.010042,0.032258,0.076496,-0.000431,0.043504,0.045294,0.155815,0.134335,0.065662,0.024467,0.117383,0.081705,0.050213,0.027398,0.083531,0.013939,0.022431,-0.013857,0.012890,0.049320,0.105433,0.110937,0.000000,0.006446,-0.000579,-0.000670,0.058192,0.102056,0.030642,0.039173,0.140033,0.150175,0.133453,0.150433,0.153431,0.101355,0.133570,0.087713,0.159302,0.092573,0.157763,0.168930,0.102336,0.069014,0.076635,0.131599,0.108336,0.101601,0.081488,0.056065,0.060387,0.134319,0.138320,0.077041,0.184275,0.093469,0.095842,0.121183,-0.011479,0.021737,0.072537,-0.046399,0.058253,0.114296,-0.005335,0.013880,0.093217,0.015044,0.046790,0.054439,0.036433,0.105373,0.188089,0.224357,0.043437,0.018778,0.055136,0.164445
0.076615,0.116424,-0.033493,0.019155,0.029125,0.095584,0.053017,0.100740,0.029612,0.125593,0.083289,0.067295,0.144083,0.138895,0.143199,0.078679,0.069814,0.074969,-0.002034,0.085368,0.113412,0.014139,0.016805,0.098122,0.160204,0.128262,-0.020456,-0.033880,0.116565,0.141367,0.103911,0.181597,0.134010,0.116647,0.006446,0.000000,0.057490,0.063864,0.047955,0.042010,0.024544,0.002200,0.111554,0.087362,0.111229,0.098254,0.074356,0.101938,0.071172,0.086711,0.089805,-0.009935,0.072363,0.062287,0.061714,0.137371,0.139327,0.156823,0.066012,0.059749,0.076921,0.098867,0.087879,0.114241,0.039024,0.086669,0.150528,0.191098,0.000587,0.105357,-0.003715,0.038479,0.138722,0.077302,-0.070736,-0.045628,0.098533,0.132755,0.084740,0.034851,0.105281,0.094974,-0.007159,0.035747,0.061099,0.142325,0.037800,0.118428,0.014140,0.041180
0.198168,0.082795,0.021729,0.026019,0.066488,0.143037,0.086088,0.196379,0.117024,0.174654,0.186760,0.055679,0.126600,0.020795,0.096759,0.155483,0.139881,0.178636,0.045092,0.102638,0.001502,-0.064139,0.083804,0.119888,0.095092,0.099472,0.074857,0.016090,0.158749,0.127620,0.047295,0.069252,0.105086,0.095156,-0.000579,0.057490,0.000000,-0.046957,0.180566,0.068332,0.182809,-0.044500,0.175821,0.114476,0.117166,0.190175,0.086108,0.160300,0.078425,0.146391,0.135015,0.099133,0.105424,0.191978,0.168830,0.103724,0.147879,0.080246,0.095905,0.122984,0.099753,0.124107,0.151362,0.106239,0.000798,0.101875,0.137177,0.147890,0.068402,0.089023,0.123711,0.032203,0.097683,0.143450,-0.049300,-0.019585,0.160887,0.092504,0.148125,0.137014,0.161323,0.144935,0.128672,0.059343,0.121137,0.165360,0.099274,0.142015,0.184095,0.080715
0.289855,0.150407,0.183649,0.224011,-0.051289,0.158816,0.173862,0.211714,0.080067,0.012770,0.036372,0.163314,0.130621,0.086897,0.146338,0.064890,0.194303,0.244398,0.241577,0.330317,0.078201,0.005615,0.139361,0.162956,0.175443,0.156978,-0.025705,0.011195,0.200208,0.210559,0.177954,0.167145,0.267373,0.208161,-0.000670,0.063864,-0.046957,0.000000,0.166699,0.277894,0.027718,0.195787,0.241052,0.226595,0.204783,0.209116,0.330902,0.287793,0.227205,0.079782,0.224012,0.179118,0.128018,0.218067,0.206185,0.205196,0.291290,0.188531,0.148260,0.134110,0.076375,0.129962,0.153189,0.217168,0.060692,0.049324,0.200559,0.151651,0.146644,0.125025,0.127745,0.051175,0.143430,-0.004890,-0.003252,0.055479,0.173174,0.031419,0.176485,0.117787,0.308592,0.262974,0.100041,0.265860,0.218723,0.209378,0.078586,0.048717,0.144443,0.232934
0.409202,0.294348,0.241535,0.239075,0.054954,0.106432,0.281606,0.292835,0.119450,0.067474,0.207889,0.177939,0.352416,0.095085,0.197834,0.213506,0.300131,0.305608,0.216470,0.259437,0.014347,0.003384,0.195383,0.196304,0.300925,0.318663,0.121645,0.204916,0.320436,0.308184,0.338690,0.278899,0.385618,0.395826,0.058192,0.047955,0.180566,0.166699,0.000000,0.195558,0.200357,0.128923,0.401773,0.290265,0.423855,0.343241,0.299974,0.400774,0.324846,0.343709,0.326627,0.397677,0.229882,0.178578,0.352641,0.301645,0.375517,0.328811,0.359144,0.248412,0.397360,0.158526,0.368104,0.304123,0.175035,0.207530,0.288917,0.415433,0.152430,0.093744,0.080488,0.077849,0.119596,0.142888,0.141983,-0.034090,0.263268,0.225312,0.216990,0.213513,0.491289,0.481572,0.353646,0.301452,0.374565,0.357145,0.202489,0.302648,0.331834,0.309414
0.300620,0.269007,0.175273,0.197404,0.141039,0.156851,0.146147,0.191192,0.244953,0.173328,0.171687,0.174108,0.246343,0.180101,0.188236,0.243711,0.200576,0.252173,0.145657,0.244666,0.084590,0.018464,0.150502,0.167707,0.283524,0.266234,0.095442,0.054394,0.265328,0.248258,0.185390,0.221039,0.244097,0.235927,0.102056,0.042010,0.068332,0.277894,0.195558,0.000000,0.125888,0.313770,0.212021,0.277312,0.288484,0.283628,0.263194,0.286623,0.228711,0.232231,0.252542,0.230423,0.096915,0.155023,0.298880,0.304523,0.323176,0.243575,0.191625,0.269762,0.177716,0.210137,0.147499,0.220097,0.012885,0.084318,0.217540,0.217252,0.267135,0.122737,0.033485,0.058750,0.073291,0.107426,0.051040,0.140028,0.024564,0.124283,0.239779,0.173846,0.343286,0.348728,0.211990,0.345153,0.240847,0.318581,0.218514,0.127444,0.184386,0.186751
0.207475,0.115650,0.073836,0.133061,0.084110,0.060491,0.134825,0.117707,0.086606,0.028336,0.138975,0.193787,0.135215,0.103801,0.161271,0.082892,0.194758,0.246634,0.092246,0.060632,-0.003527,0.047315,0.054465,0.125463,0.143013,0.235702,0.084775,0.124749,0.233082,0.215216,0.107455,0.128732,0.103154,0.149423,0.030642,0.024544,0.182809,0.027718,0.200357,0.125888,0.000000,0.178613,0.102742,0.150716,0.141924,0.145144,0.110859,0.166210,0.119951,0.136265,0.093582,0.144037,0.049118,0.122967,0.117804,0.143731,0.170685,0.165584,0.136259,0.038283,0.112743,0.110032,0.146688,0.118668,0.042505,0.113387,0.093090,0.139196,0.046641,0.088941,0.060036,0.040919,0.053452,0.046575,0.136076,0.006807,0.089790,0.102907,0.131068,0.172834,0.260343,0.242579,0.236051,0.133404,0.140502,0.161374,0.003159,0.039974,0.119449,0.036368
0.208684,0.124957,0.133182,0.108427,0.043928,0.063357,0.106993,0.081994,0.113533,0.034087,0.059648,0.127501,0.138138,0.019984,0.185488,0.042987,0.094778,0.210185,0.160019,0.096479,0.145460,0.138451,0.048834,0.038550,0.142983,0.149977,0.002867,0.105202,0.220953,0.241142,0.132926,0.101395,0.209349,0.169324,0.039173,0.002200,-0.044500,0.195787,0.128923,0.313770,0.178613,0.000000,0.187914,0.105557,0.269433,0.145795,0.211516,0.218203,0.082020,0.124961,0.059256,0.137199,-0.009967,0.021585,0.053830,0.144489,0.175814,0.182134,0.135568,0.129052,0.107584,0.145986,0.125757,0.220687,0.107922,0.093889,0.143690,0.169520,0.063590,0.009519,-0.000055,-0.097182,0.071516,-0.067220,0.144610,0.128861,0.014796,0.040182,0.118234,0.152344,0.243943,0.285345,0.166279,0.264033,0.153163,0.218582,0.040746,0.006926,0.117414,0.054479
0.406902,0.361436,0.225915,0.196491,0.057552,0.117471,0.278669,0.417340,0.184007,0.101266,0.221591,0.261645,0.238613,0.138464,0.178754,0.190627,0.350002,0.383588,0.252385,0.386610,0.120525,0.146468,0.159873,0.177034,0.316699,0.235719,0.078884,0.162200,0.439782,0.422879,0.285056,0.315932,0.460039,0.493303,0.140033,0.111554,0.175821,0.241052,0.401773,0.212021,0.102742,0.187914,0.000000,0.757744,0.896348,0.771177,0.887338,0.885774,0.640375,0.527737,0.620909,0.598484,0.471910,0.369882,0.488751,0.567801,0.370687,0.372884,0.480473,0.455877,0.330995,0.218766,0.387407,0.412922,0.161890,0.202517,0.569892,0.551095,0.156200,0.139160,0.024786,0.016768,0.108139,0.112042,0.175401,0.013058,0.319368,0.194940,0.375795,0.324056,0.618865,0.542140,0.362685,0.404007,0.314580,0.433453,0.144736,0.299078,0.180835,0.276282
0.360776,0.426484,0.139558,0.139250,0.038955,0.062655,0.231687,0.327191,0.147378,0.081488,0.154606,0.293020,0.168590,0.098397,0.104249,0.160273,0.254470,0.324049,0.170460,0.336796,0.103521,0.062025,0.081146,0.110344,0.195415,0.157715,0.071247,0.049720,0.373658,0.345878,0.197653,0.229600,0.351291,0.427064,0.150175,0.087362,0.114476,0.226595,0.290265,0.277312,0.150716,0.105557,0.757744,0.000000,0.637466,0.867754,0.702652,0.770775,0.691667,0.579479,0.598610,0.548612,0.409923,0.328442,0.507539,0.530042,0.399991,0.395173,0.472631,0.442820,0.264893,0.243608,0.356957,0.390644,0.037962,0.186373,0.464816,0.467877,0.178547,0.185582,0.057818,0.051356,0.161943,0.095508,0.172341,0.101335,0.307549,0.205352,0.272616,0.231138,0.500991,0.429406,0.263338,0.331669,0.203637,0.374177,0.128062,0.199868,0.191822,0.271251
0.322506,0.272698,0.206532,0.106395,0.131718,0.155631,0.244113,0.292781,0.235972,0.119638,0.227341,0.173801,0.207851,0.080864,0.189565,0.209954,0.277625,0.338530,0.267918,0.359924,0.098551,0.126454,0.166821,0.101008,0.297091,0.243395,0.123516,0.133822,0.390325,0.456714,0.257933,0.293588,0.413929,0.495142,0.133453,0.111229,0.117166,0.204783,0.423855,0.288484,0.141924,0.269433,0.896348,0.637466,0.000000,0.767234,0.655106,0.753241,0.589337,0.510059,0.453985,0.510184,0.359310,0.319982,0.436795,0.504474,0.304832,0.373252,0.419533,0.425596,0.348452,0.234687,0.390423,0.387454,0.249811,0.256025,0.581337,0.547598,0.090601,0.098028,-0.041177,-0.024374,0.042653,0.097295,0.206281,0.001055,0.276649,0.231135,0.302305,0.330024,0.652894,0.613687,0.434164,0.446883,0.391864,0.467609,0.217536,0.265849,0.168423,0.220335
0.387926,0.461591,0.136183,0.141314,0.077848,0.040900,0.224316,0.376873,0.109899,0.123080,0.178568,0.354515,0.189722,0.123020,0.130872,0.202873,0.290820,0.337739,0.123574,0.319927,0.151826,0.088403,0.092088,0.114174,0.187925,0.232270,0.120126,0.092413,0.356955,0.374207,0.179183,0.194962,0.339479,0.412878,0.150433,0.098254,0.190175,0.209116,0.343241,0.283628,0.145144,0.145795,0.771177,0.867754,0.767234,0.000000,0.790388,0.801256,0.829460,0.740525,0.731827,0.700541,0.470536,0.398253,0.627755,0.551456,0.453456,0.449260,0.561385,0.497910,0.301990,0.276797,0.317459,0.411317,0.075725,0.220959,0.515664,0.507803,0.114674,0.140768,0.028193,0.072194,0.106411,0.092169,0.174906,0.055832,0.294343,0.234645,0.283608,0.250546,0.510841,0.461861,0.321026,0.356437,0.289996,0.398151,0.177573,0.226146,0.166162,0.264685
0.483239,0.439531,0.313135,0.279024,0.030086,0.078220,0.375174,0.455035,0.084968,0.052661,0.218549,0.325445,0.207312,0.223051,0.148301,0.173929,0.307463,0.367276,0.270189,0.391300,0.182982,0.130250,0.211309,0.256603,0.306812,0.194169,0.057053,0.102185,0.391125,0.401179,0.258710,0.319990,0.384048,0.443555,0.153431,0.074356,0.086108,0.330902,0.299974,0.263194,0.110859,0.211516,0.887338,0.702652,0.655106,0.790388,0.000000,0.822673,0.707226,0.474615,0.741605,0.611370,0.507045,0.437715,0.494024,0.553649,0.369576,0.407935,0.499136,0.398875,0.297703,0.251860,0.314842,0.405393,0.126645,0.157716,0.522536,0.415794,0.185885,0.174394,0.046914,0.026446,0.131413,0.060937,0.172971,0.059793,0.220820,0.141882,0.331627,0.274495,0.542054,0.473029,0.327131,0.393862,0.303069,0.368995,0.105769,0.172462,0.191791,0.305566
0.485152,0.442126,0.187117,0.198849,0.086929,0.131949,0.316511,0.462060,0.146440,0.114382,0.233890,0.331211,0.268434,0.188034,0.189128,0.195553,0.330895,0.442672,0.267956,0.409279,0.124124,0.135753,0.153349,0.180478,0.322886,0.282148,0.071097,0.101468,0.456561,0.496305,0.297821,0.335517,0.387798,0.494752,0.101355,0.101938,0.160300,0.287793,0.400774,0.286623,0.166210,0.218203,0.885774,0.770775,0.753241,0.801256,0.822673,0.000000,0.647035,0.560674,0.571370,0.603125,0.420188,0.397798,0.497345,0.645362,0.439470,0.433283,0.530492,0.524437,0.328305,0.291580,0.420104,0.474733,0.075880,0.224952,0.501418,0.574812,0.167700,0.152233,0.086098,0.014967,0.188066,0.157134,0.193024,0.028635,0.373577,0.271242,0.325868,0.322694,0.624589,0.591387,0.385399,0.427374,0.282737,0.429671,0.155847,0.217951,0.179541,0.293547
0.419324,0.462578,0.112239,0.153043,0.097576,0.031918,0.222630,0.387473,0.121075,0.142366,0.207427,0.266438,0.202252,0.096504,0.145171,0.225173,0.290583,0.305373,0.094081,0.302392,0.034569,0.007119,0.130175,0.084931,0.145193,0.163512,0.126620,0.012657,0.325621,0.342446,0.094924,0.128896,0.307044,0.377435,0.133570,0.071172,0.078425,0.227205,0.324846,0.228711,0.119951,0.082020,0.640375,0.691667,0.589337,0.829460,0.707226,0.647035,0.000000,0.734803,0.872859,0.731323,0.523896,0.473197,0.707956,0.516422,0.416407,0.358666,0.561463,0.418681,0.295068,0.235621,0.330834,0.350427,0.031361,0.137116,0.433000,0.371434,0.123854,0.106762,0.011015,0.157926,0.100903,0.131406,0.189419,0.112252,0.264106,0.172902,0.205632,0.207203,0.471847,0.410195,0.307878,0.306865,0.250754,0.257413,0.189863,0.144104,0.239823,0.285670
