0.000000,1.160612,0.886537,0.717566,0.352073,0.265436,0.930220,0.563089,0.266465,0.358457,0.434397,0.189010,0.621078,0.443464,0.219712,0.397326,0.385634,0.382541,0.959143,1.072014,0.002481,-0.009592,0.554143,0.431295,-0.147648,-0.015110,0.320027,0.274647,0.013930,-0.051030,0.065407,0.040429,0.707948,0.733171,0.441179,0.140185,0.369646,0.153625,0.423235,0.284365,0.098949,0.118658,0.515086,0.441507,0.318539,0.533847,0.548262,0.591115,0.441858,0.546839,0.485652,0.565946,0.405421,0.660364,0.476382,0.444993,1.125576,1.089856,0.844720,0.980479,0.782657,0.669059,0.499144,0.671098,0.406016,0.325426,0.867469,0.758951,0.777204,0.814920,-0.199004,-0.125533,0.436187,0.325187,0.525260,0.544093,0.377430,0.409869,0.166364,-0.089978,0.031031,0.319949,0.256475,0.362382,0.063271,0.204950,0.083962,-0.017089,0.564197,0.642802
1.160612,0.000000,0.738240,0.808717,0.343620,0.233906,0.810284,0.741630,0.331998,0.347302,0.414985,0.358900,0.472698,0.728790,0.254438,0.472176,0.393209,0.598435,0.822078,1.276352,0.012750,-0.035692,0.535915,0.604797,-0.084501,-0.090388,0.179776,0.201525,0.198760,0.187105,0.084014,0.111664,0.657517,0.858747,0.416377,0.042880,0.473186,0.294344,0.372475,0.316832,0.198973,0.244571,0.546670,0.519021,0.397996,0.608043,0.464439,0.569574,0.502925,0.681444,0.531402,0.659634,0.332629,0.630973,0.386118,0.392085,1.129192,1.138827,0.651367,1.067937,0.658434,0.791941,0.637970,1.170645,0.201453,0.320219,0.744448,0.790793,0.508140,0.675642,-0.106323,-0.044532,0.558941,0.557722,0.594144,0.736573,0.379866,0.442803,0.199371,0.007092,0.140431,0.476028,0.147696,0.434352,0.005289,0.256448,-0.048539,-0.114101,0.353781,0.426771
0.886537,0.738240,0.000000,0.985913,0.423132,0.202169,1.305266,0.768269,0.177531,0.205121,0.353902,0.228071,0.529048,0.436163,0.122539,0.261313,0.263850,0.182758,0.878197,0.780781,0.021287,0.074437,1.258235,0.861899,0.230408,0.306980,0.490797,0.379862,0.020042,-0.013331,0.231323,0.222646,0.747499,0.762790,0.511806,0.223419,0.272426,0.257611,0.256358,0.258437,0.004516,0.070732,0.543024,0.569386,0.506317,0.622038,0.528557,0.498662,0.530630,0.487686,0.575327,0.694164,0.432915,0.497143,0.314144,0.423179,0.621748,0.613891,0.856147,0.914345,0.720773,0.526124,0.381890,0.512551,0.561881,0.483166,0.954680,0.813884,0.655737,0.663951,-0.071665,0.033500,0.328447,0.268138,0.368147,0.534306,0.398241,0.415954,0.257041,0.015705,0.079804,0.355529,0.281294,0.235546,0.261805,0.445208,0.106105,0.062298,0.638215,0.731573
0.717566,0.808717,0.985913,0.000000,0.572519,0.491977,1.076767,1.195472,0.460409,0.592545,0.364894,0.297852,0.532745,0.590712,0.278790,0.354558,0.273044,0.197850,0.867298,0.895886,0.099292,0.092397,0.849354,1.246897,0.136814,0.253797,0.411381,0.376402,0.166757,0.110702,0.263562,0.296334,0.608828,0.829282,0.362151,0.081875,0.192982,0.208213,0.197597,0.161812,0.034137,0.056148,0.592772,0.575305,0.566781,0.651911,0.393910,0.478752,0.604778,0.576219,0.538377,0.706327,0.396141,0.500200,0.159455,0.308901,0.507855,0.531876,0.712112,0.842683,0.615335,0.730029,0.355581,0.724313,0.443794,0.636837,0.754152,0.797233,0.526275,0.615048,-0.053028,0.075409,0.424862,0.376857,0.386928,0.560238,0.305210,0.372028,0.170603,-0.003705,0.139695,0.327866,0.203310,0.221402,0.199140,0.441695,-0.032791,-0.163772,0.434198,0.585902
0.352073,0.343620,0.423132,0.572519,0.000000,0.749935,0.479851,0.413337,0.961456,0.754252,0.265689,0.170955,0.441665,0.349233,0.714202,0.446020,0.238999,0.031316,0.430199,0.432488,0.498652,0.354902,0.315564,0.380597,0.093767,0.451998,0.629172,0.634559,0.297828,0.091400,0.170640,0.152064,0.249436,0.291010,0.104738,0.070984,0.176973,0.097776,0.092100,0.082869,0.107922,0.059576,0.423450,0.410226,0.429622,0.369296,0.442363,0.334680,0.380106,0.276615,0.340679,0.403464,0.348977,0.389207,0.171607,0.180171,0.272924,0.271319,0.395834,0.359556,0.326301,0.300395,0.209696,0.320411,0.309039,0.286518,0.378312,0.352779,0.280094,0.356643,0.034568,0.123786,0.415754,0.347024,0.282746,0.361957,0.304034,0.259672,0.210326,0.106459,0.226093,0.269259,0.284537,0.193516,0.259722,0.273409,-0.017794,-0.100275,0.255562,0.355511
0.265436,0.233906,0.202169,0.491977,0.749935,0.000000,0.313491,0.419123,0.820338,1.259859,0.377714,0.224274,0.435923,0.339873,0.632515,0.501726,0.298077,0.097897,0.280661,0.294167,0.486615,0.447906,0.154599,0.432414,-0.006073,0.554456,0.352380,0.452090,0.428934,0.216471,0.297307,0.291421,0.089553,0.158387,0.148354,0.075960,0.156488,0.251129,0.152320,0.115965,0.214212,0.182161,0.290279,0.259890,0.344920,0.275963,0.110830,0.248446,0.192153,0.118433,0.185741,0.191973,0.227757,0.318118,0.008210,0.153319,0.066403,0.068695,0.133418,0.210256,0.179186,0.203288,0.181079,0.232676,0.115771,0.235667,0.176680,0.230318,0.177323,0.166403,0.302824,0.375045,0.373919,0.350913,0.257621,0.221755,0.214681,0.226270,0.162173,0.115929,0.167142,0.150676,0.255109,0.066174,0.137006,0.251548,-0.149748,-0.302413,0.049010,0.206167
0.930220,0.810284,1.305266,1.076767,0.479851,0.313491,0.000000,1.057868,0.382942,0.388709,0.524600,0.317668,0.808629,0.613281,0.276685,0.408207,0.351560,0.282906,0.772841,0.759922,0.015899,0.106108,1.126481,0.889724,0.145614,0.314674,0.353143,0.309293,0.151930,0.102616,0.376958,0.352534,0.859590,0.953518,0.565633,0.110029,0.356448,0.282400,0.316027,0.268291,0.170484,0.140988,0.591617,0.605581,0.599905,0.751359,0.504236,0.529710,0.600681,0.589087,0.656692,0.738025,0.336602,0.527602,0.289894,0.410444,0.596960,0.585708,0.764656,0.840368,0.803929,0.702419,0.496094,0.663115,0.668407,0.718699,0.948000,0.904414,0.505666,0.546488,0.024515,0.153221,0.487944,0.415031,0.510254,0.583591,0.479640,0.456119,0.234238,0.000860,0.031025,0.383506,0.290159,0.331569,0.323339,0.477484,0.099630,0.018386,0.530828,0.592252
0.563089,0.741630,0.768269,1.195472,0.413337,0.419123,1.057868,0.000000,0.487569,0.569195,0.565687,0.547492,0.640627,0.913683,0.378824,0.480361,0.304476,0.319964,0.527944,0.661506,0.008978,0.075429,0.737895,1.022409,0.186027,0.346901,0.093695,0.126855,0.332981,0.393764,0.318037,0.382909,0.494787,0.741851,0.324897,-0.052544,0.377025,0.324987,0.284979,0.321764,0.180731,0.279630,0.593670,0.607779,0.599975,0.712436,0.349524,0.507334,0.614744,0.631724,0.621817,0.765173,0.282560,0.487665,0.190584,0.348393,0.396076,0.402750,0.493590,0.669720,0.550309,0.822215,0.387400,0.833645,0.415850,0.803286,0.577381,0.720415,0.201416,0.336912,0.052400,0.204450,0.464664,0.498588,0.532069,0.630011,0.396693,0.436501,0.185159,0.170917,0.210783,0.466578,0.230818,0.321611,0.297594,0.515975,-0.003107,-0.077625,0.279615,0.347053
0.266465,0.331998,0.177531,0.460409,0.961456,0.820338,0.382942,0.487569,0.000000,1.033388,0.313451,0.237637,0.520927,0.492017,0.713376,0.510894,0.187699,0.192781,0.209320,0.306641,0.211230,0.219635,0.153857,0.322829,0.015151,0.390864,0.105046,0.089752,0.333265,0.232346,0.224534,0.138928,0.136741,0.198960,0.037560,0.031945,0.309772,0.204662,0.213758,0.201997,0.158613,0.215647,0.360072,0.376551,0.328025,0.325031,0.248253,0.338691,0.262455,0.186813,0.270111,0.321336,0.229182,0.388523,0.140327,0.167490,0.232239,0.225552,0.077912,0.245517,0.111002,0.176302,0.188993,0.309237,0.115650,0.202043,0.155678,0.204957,0.067147,0.137247,0.177481,0.222789,0.345632,0.341409,0.278324,0.273338,0.329251,0.282381,0.196059,0.086389,0.174086,0.244726,0.179701,0.283220,0.241981,0.209601,-0.010105,-0.084010,0.087327,0.096691
0.358457,0.347302,0.205121,0.592545,0.754252,1.259859,0.388709,0.569195,1.033388,0.000000,0.412150,0.267742,0.502090,0.493316,0.654187,0.555701,0.268220,0.124600,0.306526,0.378344,0.292876,0.250436,0.107025,0.431622,-0.191069,0.326529,0.167999,0.212653,0.301338,0.151001,0.218652,0.183993,0.133686,0.257651,0.079377,0.013424,0.179418,0.142505,0.188344,0.123281,0.061418,0.147350,0.377112,0.307414,0.323667,0.349281,0.212565,0.304152,0.267428,0.236720,0.245576,0.316832,0.258791,0.442816,0.090858,0.158908,0.192340,0.206913,0.169220,0.294985,0.212083,0.351995,0.172695,0.331028,0.138082,0.313948,0.214314,0.282476,0.162801,0.246280,0.078190,0.161369,0.332290,0.296788,0.273800,0.291828,0.220582,0.251167,0.166605,0.093651,0.110761,0.127478,0.161036,0.112227,0.087614,0.188788,-0.144698,-0.322193,0.090415,0.246452
0.434397,0.414985,0.353902,0.364894,0.265689,0.377714,0.524600,0.565687,0.313451,0.412150,0.000000,0.949995,0.831365,0.674835,0.693978,0.622045,0.579030,0.324604,0.314958,0.297033,0.152385,0.155489,0.372715,0.434410,-0.090962,0.303570,0.037690,0.139231,0.523839,0.352311,0.581662,0.737798,0.353679,0.549792,0.192567,-0.330833,0.285991,0.165617,0.013732,0.052165,0.342212,0.248878,0.278685,0.265221,0.481948,0.358418,0.101786,0.114194,0.235577,0.184618,0.204011,0.207947,-0.073972,0.135770,0.100400,0.064411,0.162558,0.121135,0.177730,0.174177,0.667818,0.643321,0.475598,0.496136,0.365474,0.555567,0.210859,0.345251,0.009066,-0.029852,0.435856,0.467949,0.583217,0.456323,0.503813,0.298739,0.255744,0.243546,0.223441,0.084652,-0.020484,0.199719,0.269642,0.184012,0.187183,0.212560,-0.057431,-0.136300,-0.070907,0.033844
0.189010,0.358900,0.228071,0.297852,0.170955,0.224274,0.317668,0.547492,0.237637,0.267742,0.949995,0.000000,0.541494,0.806285,0.596075,0.673843,0.440219,0.447716,0.271443,0.263354,0.147469,0.095565,0.276057,0.455098,-0.040067,0.260123,-0.118196,-0.005525,0.492086,0.599535,0.511792,0.689369,0.184427,0.399869,-0.042104,-0.413961,0.220475,0.150469,-0.095968,0.057769,0.317936,0.377840,0.171704,0.243101,0.381398,0.291288,0.022261,0.032472,0.138298,0.135859,0.116387,0.198501,-0.145275,0.067740,0.002189,-0.018994,0.025047,0.037824,0.009864,0.070953,0.407844,0.508955,0.377199,0.489981,0.173465,0.476462,0.038143,0.236100,-0.140644,-0.153129,0.340301,0.397903,0.445214,0.478677,0.372438,0.374433,0.210738,0.242994,0.123429,0.242984,0.092944,0.260860,0.229983,0.272202,0.141781,0.191893,-0.049736,-0.076958,-0.172077,-0.153205
0.621078,0.472698,0.529048,0.532745,0.441665,0.435923,0.808629,0.640627,0.520927,0.502090,0.831365,0.541494,0.000000,0.634305,0.762526,0.777363,0.577808,0.482903,0.467870,0.390155,0.148064,0.143369,0.608748,0.425360,0.112447,0.399173,0.130759,0.126733,0.393395,0.339786,0.531244,0.498319,0.552115,0.560364,0.279629,-0.070105,0.334189,0.290503,0.292100,0.282630,0.286218,0.338883,0.615219,0.586168,0.621810,0.592699,0.441908,0.451681,0.492778,0.420146,0.533182,0.498279,0.282292,0.518453,0.334754,0.333919,0.373692,0.364573,0.300241,0.323947,0.522580,0.515788,0.482764,0.459883,0.719682,0.624081,0.461397,0.522487,0.276387,0.247449,0.177118,0.270805,0.561346,0.437999,0.551327,0.414936,0.520727,0.476607,0.207457,0.163347,0.188419,0.414489,0.376397,0.437451,0.494514,0.472027,0.127216,-0.009758,0.213025,0.296731
0.443464,0.728790,0.436163,0.590712,0.349233,0.339873,0.613281,0.913683,0.492017,0.493316,0.674835,0.806285,0.634305,0.000000,0.448862,0.731081,0.222577,0.444386,0.303140,0.431364,0.030285,-0.024228,0.383634,0.614824,0.057322,0.137288,-0.046102,0.050290,0.321600,0.327222,0.300761,0.263480,0.274533,0.488612,0.179941,-0.110689,0.417020,0.254364,0.274863,0.281095,0.256109,0.257926,0.423749,0.420090,0.424705,0.515191,0.261710,0.376465,0.353914,0.447050,0.449906,0.515745,0.145386,0.374091,0.185655,0.216651,0.366304,0.419797,0.250806,0.468731,0.423762,0.647982,0.413166,0.810202,0.193823,0.482782,0.369709,0.493488,0.024730,0.152290,0.105900,0.193481,0.427460,0.469552,0.441080,0.559414,0.301989,0.325373,0.151185,0.090541,0.115778,0.345854,0.143081,0.358377,0.045352,0.290209,-0.096837,-0.146580,0.128903,0.085255
0.219712,0.254438,0.122539,0.278790,0.714202,0.632515,0.276685,0.378824,0.713376,0.654187,0.693978,0.596075,0.762526,0.448862,0.000000,1.010765,0.415909,0.273213,0.247106,0.260794,0.568151,0.422319,0.150206,0.211145,0.036180,0.499211,0.135691,0.249010,0.714740,0.533946,0.391266,0.466302,0.169081,0.250512,0.121424,-0.145244,0.433668,0.388007,0.172960,0.287809,0.462911,0.366701,0.532470,0.532857,0.541865,0.444678,0.424917,0.380669,0.379269,0.289215,0.393937,0.325503,0.257779,0.427589,0.332555,0.245023,0.085929,0.094382,0.094518,0.084550,0.269487,0.386861,0.270770,0.349038,0.308645,0.419779,0.167097,0.276290,0.029045,0.069829,0.337558,0.414068,0.574706,0.529186,0.493931,0.403932,0.402916,0.372611,0.133276,0.290602,0.246069,0.379711,0.385336,0.341259,0.528347,0.415387,0.022459,-0.097767,0.086372,0.133335
0.397326,0.472176,0.261313,0.354558,0.446020,0.501726,0.408207,0.480361,0.510894,0.555701,0.622045,0.673843,0.777363,0.731081,1.010765,0.000000,0.435382,0.539454,0.333561,0.383884,0.437339,0.422971,0.252321,0.343330,0.100949,0.392359,0.082019,0.231435,0.542347,0.584907,0.491118,0.441734,0.270197,0.346396,0.182938,-0.114533,0.522377,0.527651,0.405547,0.490230,0.503201,0.557902,0.561548,0.553204,0.509111,0.587586,0.438033,0.505236,0.387411,0.385199,0.475333,0.442955,0.232001,0.472697,0.368878,0.358708,0.281096,0.313163,0.090174,0.213931,0.266248,0.442986,0.398528,0.519264,0.281597,0.400927,0.273855,0.398406,0.103907,0.150565,0.296763,0.441010,0.640975,0.693439,0.600367,0.606623,0.515716,0.513198,0.148307,0.239387,0.277299,0.462947,0.433647,0.629817,0.417838,0.475304,0.036374,0.004759,0.126790,0.179170
0.385634,0.393209,0.263850,0.273044,0.238999,0.298077,0.351560,0.304476,0.187699,0.268220,0.579030,0.440219,0.577808,0.222577,0.415909,0.435382,0.000000,0.648047,0.397886,0.365319,0.236811,0.244974,0.364198,0.256490,0.026155,0.174432,0.176381,0.196605,0.551743,0.436175,0.605699,0.625210,0.492615,0.547791,0.247379,-0.171573,0.185553,0.197178,0.173735,0.045803,0.336786,0.264254,0.334773,0.302895,0.478359,0.409622,0.231836,0.169966,0.374583,0.226013,0.234105,0.261537,0.047533,0.221061,0.148715,0.072262,0.322282,0.278917,0.190263,0.153813,0.469600,0.463849,0.664682,0.424788,0.485219,0.424657,0.258059,0.337336,0.095081,0.128537,0.274921,0.387742,0.681118,0.579053,0.454631,0.350732,0.318542,0.350092,0.142722,0.448272,0.278170,0.362454,0.244728,0.192568,0.311597,0.281743,-0.086314,-0.239811,-0.153633,0.135355
0.382541,0.598435,0.182758,0.197850,0.031316,0.097897,0.282906,0.319964,0.192781,0.124600,0.324604,0.447716,0.482903,0.444386,0.273213,0.539454,0.648047,0.000000,0.271631,0.452579,0.090355,0.084662,0.266694,0.212340,0.082865,0.054048,-0.167040,-0.136412,0.466564,0.633028,0.379290,0.375240,0.406900,0.451147,0.205034,-0.002323,0.426226,0.393216,0.369744,0.374035,0.477176,0.668788,0.315569,0.368413,0.331341,0.358960,0.203999,0.266515,0.239056,0.222506,0.289681,0.258093,0.143102,0.356216,0.254801,0.212930,0.628143,0.624255,0.017455,0.207993,0.248220,0.359629,0.700110,0.658452,0.213959,0.202189,0.203656,0.354044,0.107157,0.139470,0.166860,0.232921,0.600244,0.687781,0.504393,0.477071,0.464645,0.492077,0.201642,0.337813,0.322414,0.639889,0.130982,0.564536,0.229112,0.308312,0.003445,0.023580,-0.049243,0.010002
0.959143,0.822078,0.878197,0.867298,0.430199,0.280661,0.772841,0.527944,0.209320,0.306526,0.314958,0.271443,0.467870,0.303140,0.247106,0.333561,0.397886,0.271631,0.000000,1.254277,0.154079,0.078181,0.670341,0.603154,-0.056390,0.085044,0.544867,0.433742,0.036084,0.022764,0.145426,0.232289,0.705864,0.799707,0.361649,0.168031,0.133549,0.065745,0.187673,0.077724,0.028085,0.055651,0.563402,0.533835,0.474925,0.538419,0.511379,0.461834,0.490434,0.456555,0.435965,0.521009,0.367079,0.510055,0.323619,0.331589,0.579290,0.612063,0.743486,0.694876,0.697541,0.690846,0.420229,0.568618,0.475281,0.434061,0.794712,0.835854,0.865560,0.819215,-0.224082,-0.075950,0.455212,0.332291,0.391545,0.601321,0.274278,0.364644,0.102805,-0.029135,0.090538,0.291344,0.244582,0.280312,0.150113,0.357134,0.034975,-0.133406,0.502436,0.699047
1.072014,1.276352,0.780781,0.895886,0.432488,0.294167,0.759922,0.661506,0.306641,0.378344,0.297033,0.263354,0.390155,0.431364,0.260794,0.383884,0.365319,0.452579,1.254277,0.000000,0.099432,0.038276,0.520287,0.617099,-0.115701,0.004293,0.324121,0.273927,0.190458,0.195789,0.042948,0.156406,0.681230,0.866078,0.398452,0.139508,0.315027,0.195571,0.305033,0.233593,0.099809,0.184730,0.550982,0.540853,0.450633,0.546312,0.503806,0.533490,0.513161,0.560292,0.487549,0.570193,0.426564,0.638586,0.398944,0.406079,0.935344,0.909126,0.726149,0.883055,0.661988,0.753302,0.557718,0.937058,0.246371,0.297871,0.767429,0.819734,0.743304,0.912214,-0.207856,-0.092933,0.553061,0.502344,0.500851,0.713855,0.354774,0.417953,0.204614,0.041619,0.218530,0.464785,0.215928,0.403703,0.065868,0.324547,-0.034154,-0.140843,0.451386,0.617856
0.002481,0.012750,0.021287,0.099292,0.498652,0.486615,0.015899,0.008978,0.211230,0.292876,0.152385,0.147469,0.148064,0.030285,0.568151,0.437339,0.236811,0.090355,0.154079,0.099432,0.000000,1.093843,-0.000936,0.057305,0.088358,0.407669,0.414133,0.585719,0.454436,0.213501,0.341357,0.361648,0.085856,0.099618,0.183155,0.212987,0.096992,0.270678,0.133654,0.162693,0.388525,0.296363,0.214612,0.231193,0.239636,0.173586,0.283669,0.211995,0.097561,0.054516,0.142393,0.085917,0.229767,0.166681,0.140505,0.204314,-0.063885,-0.020518,0.028771,-0.087072,0.075353,0.165650,0.080307,0.082856,0.140269,0.212025,0.085812,0.158362,0.129977,0.126210,0.516442,0.556486,0.421507,0.405797,0.201060,0.229078,0.344483,0.411107,0.200929,0.294548,0.157266,0.211693,0.242675,0.080359,0.322153,0.329184,-0.042260,-0.127854,0.093619,0.227595
-0.009592,-0.035692,0.074437,0.092397,0.354902,0.447906,0.106108,0.075429,0.219635,0.250436,0.155489,0.095565,0.143369,-0.024228,0.422319,0.422971,0.244974,0.084662,0.078181,0.038276,1.093843,0.000000,0.029804,0.052687,0.212412,0.555596,0.405816,0.548733,0.530813,0.361048,0.431575,0.390138,0.064661,0.045890,0.173496,0.150925,0.202964,0.451665,0.262585,0.287912,0.418079,0.457606,0.225530,0.284126,0.271245,0.247424,0.228465,0.278164,0.122284,0.040590,0.194111,0.133766,0.109266,0.130486,0.182114,0.314063,-0.112700,-0.116009,-0.018914,-0.096509,-0.028734,0.046562,0.117343,0.028471,0.123261,0.205705,0.042064,0.088207,0.089618,0.023868,0.676210,0.854443,0.448396,0.480372,0.274418,0.213375,0.477087,0.469530,0.199187,0.290634,0.284816,0.277889,0.334220,0.153731,0.450569,0.401468,0.050413,0.046945,0.092386,0.234032
0.554143,0.535915,1.258235,0.849354,0.315564,0.154599,1.126481,0.737895,0.153857,0.107025,0.372715,0.276057,0.608748,0.383634,0.150206,0.252321,0.364198,0.266694,0.670341,0.520287,-0.000936,0.029804,0.000000,0.981161,0.380869,0.373541,0.371630,0.260720,0.117011,0.122679,0.474647,0.495951,0.896963,0.876478,0.557007,0.132109,0.207293,0.289709,0.146313,0.141743,0.130932,0.086361,0.529700,0.577800,0.643276,0.644781,0.373275,0.357072,0.582242,0.430199,0.550617,0.546534,0.311715,0.332870,0.094134,0.191992,0.414097,0.380774,0.593012,0.603343,0.659676,0.489052,0.393671,0.454751,0.745182,0.642806,0.801334,0.800073,0.387586,0.390563,0.062284,0.162104,0.399236,0.345786,0.400692,0.507690,0.379098,0.404553,0.249168,0.046440,0.040250,0.322224,0.229577,0.210310,0.367943,0.518964,0.041446,0.020828,0.356305,0.440411
0.431295,0.604797,0.861899,1.246897,0.380597,0.432414,0.889724,1.022409,0.322829,0.431622,0.434410,0.455098,0.425360,0.614824,0.211145,0.343330,0.256490,0.212340,0.603154,0.617099,0.057305,0.052687,0.981161,0.000000,0.196423,0.315394,0.285165,0.274417,0.266756,0.231900,0.429612,0.528002,0.508090,0.721988,0.333186,-0.051311,0.178775,0.275836,0.006131,0.073430,0.117318,0.068018,0.414131,0.435174,0.574087,0.549264,0.135617,0.220600,0.440030,0.373046,0.391898,0.465417,0.183239,0.241874,-0.043072,0.130018,0.293162,0.267596,0.405871,0.552857,0.553766,0.555810,0.394965,0.625645,0.353601,0.606458,0.531788,0.663402,0.215212,0.255082,0.156942,0.250611,0.427964,0.430111,0.383986,0.576063,0.245026,0.283465,0.205337,0.014803,0.059988,0.241404,0.140981,0.118362,0.173708,0.468859,-0.157351,-0.244131,0.200046,0.345253
-0.147648,-0.084501,0.230408,0.136814,0.093767,-0.006073,0.145614,0.186027,0.015151,-0.191069,-0.090962,-0.040067,0.112447,0.057322,0.036180,0.100949,0.026155,0.082865,-0.056390,-0.115701,0.088358,0.212412,0.380869,0.196423,0.000000,0.622572,0.147622,0.139231,0.228096,0.372101,0.283278,0.156387,0.140615,0.026451,0.139150,0.081957,0.250867,0.438622,0.244657,0.368886,0.230906,0.249988,0.327939,0.373408,0.345146,0.365986,0.203919,0.311282,0.314799,0.238158,0.405559,0.360312,0.158216,0.148092,0.117532,0.298834,-0.039945,-0.040322,0.096512,0.121089,-0.066443,-0.069843,0.124629,0.051887,0.222727,0.144584,0.159906,0.123449,0.010945,-0.026645,0.168043,0.259577,0.117183,0.207624,0.114319,0.198313,0.228378,0.181096,0.008634,0.256350,0.498573,0.395764,0.279049,0.300336,0.531168,0.503309,0.310253,0.393664,0.171497,0.157621
-0.015110,-0.090388,0.306980,0.253797,0.451998,0.554456,0.314674,0.346901,0.390864,0.326529,0.303570,0.260123,0.399173,0.137288,0.499211,0.392359,0.174432,0.054048,0.085044,0.004293,0.407669,0.555596,0.373541,0.315394,0.622572,0.000000,0.275183,0.278363,0.424052,0.470053,0.587945,0.549897,0.222500,0.166627,0.181390,0.076772,0.261175,0.410381,0.190294,0.392364,0.243274,0.408970,0.280145,0.349421,0.369679,0.310675,0.209925,0.239830,0.191250,0.073323,0.261839,0.227572,0.175296,0.173904,0.104533,0.308439,-0.135692,-0.123923,0.029511,0.020413,0.115778,0.093073,0.087088,0.082177,0.295361,0.380251,0.085128,0.152371,0.093960,-0.025889,0.428568,0.581015,0.279648,0.287601,0.163988,0.154067,0.403197,0.381870,0.251054,0.324934,0.334836,0.486117,0.569906,0.364545,0.685387,0.623877,0.363483,0.320652,0.202653,0.209253
0.320027,0.179776,0.490797,0.411381,0.629172,0.352380,0.353143,0.093695,0.105046,0.167999,0.037690,-0.118196,0.130759,-0.046102,0.135691,0.082019,0.176381,-0.167040,0.544867,0.324121,0.414133,0.405816,0.371630,0.285165,0.147622,0.275183,0.000000,1.276762,0.000391,-0.243554,0.064830,0.107305,0.322471,0.272151,0.259381,0.178077,-0.105953,-0.059562,-0.002272,-0.050034,-0.008105,-0.188648,0.216934,0.203039,0.191599,0.192948,0.313179,0.176383,0.228259,0.149005,0.217683,0.190322,0.209284,0.155963,0.026366,0.057444,0.142986,0.144463,0.525543,0.340677,0.375085,0.218181,0.139819,0.050625,0.320084,0.192293,0.468630,0.353884,0.533980,0.417112,-0.046728,0.042400,0.248758,0.139955,0.085729,0.170012,0.130753,0.127416,0.099956,-0.100266,0.047145,0.047965,0.236959,-0.029641,0.152202,0.151196,0.047419,-0.120627,0.366858,0.428574
0.274647,0.201525,0.379862,0.376402,0.634559,0.452090,0.309293,0.126855,0.089752,0.212653,0.139231,-0.005525,0.126733,0.050290,0.249010,0.231435,0.196605,-0.136412,0.433742,0.273927,0.585719,0.548733,0.260720,0.274417,0.139231,0.278363,1.276762,0.000000,0.165769,-0.104471,0.116972,0.165552,0.243208,0.235919,0.240582,0.119198,-0.087585,0.076580,0.002520,-0.040637,0.157869,-0.102416,0.204189,0.185250,0.234170,0.206229,0.287381,0.182316,0.209840,0.138917,0.184946,0.168119,0.193236,0.146555,0.001330,0.073294,0.077444,0.095375,0.433457,0.271143,0.309837,0.228580,0.170278,0.117477,0.223508,0.217099,0.361187,0.279594,0.376786,0.328076,0.081204,0.189349,0.259040,0.185135,0.115963,0.169654,0.066693,0.071148,0.075133,-0.035771,0.134277,0.121460,0.294126,-0.012700,0.121986,0.172835,-0.027319,-0.149034,0.251326,0.388231
0.013930,0.198760,0.020042,0.166757,0.297828,0.428934,0.151930,0.332981,0.333265,0.301338,0.523839,0.492086,0.393395,0.321600,0.714740,0.542347,0.551743,0.466564,0.036084,0.190458,0.454436,0.530813,0.117011,0.266756,0.228096,0.424052,0.000391,0.165769,0.000000,0.997263,0.557266,0.652747,0.153289,0.253481,0.183797,-0.255831,0.412367,0.544003,0.190687,0.225278,0.633460,0.487221,0.339090,0.373480,0.581353,0.393866,0.116682,0.188864,0.324469,0.199487,0.311433,0.207558,0.098587,0.174020,0.102969,0.149897,0.053637,-0.017544,-0.065993,-0.025568,0.164036,0.249530,0.545844,0.442186,0.142454,0.294817,0.030995,0.182753,-0.227087,-0.118584,0.643214,0.746284,0.754108,0.707453,0.478046,0.330118,0.364139,0.346381,0.418230,0.519645,0.585936,0.532463,0.323142,0.234917,0.392953,0.406709,-0.147193,-0.147281,-0.241385,-0.058796
-0.051030,0.187105,-0.013331,0.110702,0.091400,0.216471,0.102616,0.393764,0.232346,0.151001,0.352311,0.599535,0.339786,0.327222,0.533946,0.584907,0.436175,0.633028,0.022764,0.195789,0.213501,0.361048,0.122679,0.231900,0.372101,0.470053,-0.243554,-0.104471,0.997263,0.000000,0.509165,0.587215,0.129056,0.203424,0.017237,-0.288746,0.407851,0.577054,0.193828,0.387870,0.564061,0.758042,0.339220,0.439257,0.522118,0.412931,0.086388,0.221751,0.328935,0.254482,0.306726,0.268741,0.000849,0.179197,0.172614,0.261825,0.035201,-0.010327,-0.130940,-0.037431,0.046146,0.225861,0.484435,0.487372,0.029667,0.256382,-0.080428,0.116457,-0.200201,-0.141571,0.410468,0.580256,0.578225,0.767344,0.463015,0.447385,0.374629,0.354479,0.154297,0.645151,0.745933,0.750913,0.345751,0.547168,0.485346,0.565872,0.078527,0.125976,-0.200121,-0.097848
0.065407,0.084014,0.231323,0.263562,0.170640,0.297307,0.376958,0.318037,0.224534,0.218652,0.581662,0.511792,0.531244,0.300761,0.391266,0.491118,0.605699,0.379290,0.145426,0.042948,0.341357,0.431575,0.474647,0.429612,0.283278,0.587945,0.064830,0.116972,0.557266,0.509165,0.000000,1.181266,0.404570,0.428399,0.168739,-0.181370,0.142491,0.341309,0.024795,0.060542,0.452662,0.346687,0.206201,0.237765,0.512626,0.386583,0.021249,0.013906,0.219146,0.076487,0.163018,0.147211,-0.079930,-0.043389,-0.022811,-0.008402,-0.033893,-0.070712,-0.053472,-0.079647,0.320439,0.280744,0.417480,0.252391,0.443813,0.490481,0.056650,0.203400,-0.124497,-0.212467,0.687516,0.793929,0.605629,0.566589,0.326803,0.215543,0.391794,0.385239,0.233927,0.264169,0.109548,0.245891,0.282524,0.225577,0.419172,0.414939,0.051847,0.023203,-0.180138,-0.056797
0.040429,0.111664,0.222646,0.296334,0.152064,0.291421,0.352534,0.382909,0.138928,0.183993,0.737798,0.689369,0.498319,0.263480,0.466302,0.441734,0.625210,0.375240,0.232289,0.156406,0.361648,0.390138,0.495951,0.528002,0.156387,0.549897,0.107305,0.165552,0.652747,0.587215,1.181266,0.000000,0.433521,0.567260,0.214769,-0.264262,0.053274,0.231342,-0.119308,-0.008262,0.416959,0.320397,0.172159,0.216547,0.504044,0.260344,-0.027761,-0.078737,0.171191,-0.011684,0.095794,0.026480,-0.123381,-0.078446,-0.154774,-0.099534,-0.078773,-0.134234,-0.025258,-0.105559,0.420200,0.403432,0.426383,0.335082,0.410589,0.647220,0.059550,0.269845,-0.082396,-0.171942,0.671226,0.793271,0.582138,0.535074,0.324433,0.213578,0.261830,0.310856,0.249032,0.282593,0.092311,0.290021,0.241591,0.173334,0.368673,0.389397,-0.038899,-0.107790,-0.208234,-0.067361
0.707948,0.657517,0.747499,0.608828,0.249436,0.089553,0.859590,0.494787,0.136741,0.133686,0.353679,0.184427,0.552115,0.274533,0.169081,0.270197,0.492615,0.406900,0.705864,0.681230,0.085856,0.064661,0.896963,0.508090,0.140615,0.222500,0.322471,0.243208,0.153289,0.129056,0.404570,0.433521,0.000000,1.551899,0.737056,0.209705,0.175049,0.166947,0.268404,0.185698,0.163028,0.129682,0.506887,0.504339,0.508408,0.637746,0.519392,0.419489,0.547419,0.497417,0.498405,0.458416,0.385135,0.470683,0.181970,0.206844,0.635508,0.635263,0.694953,0.599154,0.857270,0.751699,0.575657,0.633626,0.684215,0.639717,0.909636,0.931400,0.652627,0.653921,-0.065242,0.061760,0.457204,0.320817,0.368571,0.417113,0.447736,0.524289,0.271088,0.118314,0.101849,0.517834,0.256534,0.376406,0.328235,0.466225,0.124064,-0.023697,0.369360,0.477652
0.733171,0.858747,0.762790,0.829282,0.291010,0.158387,0.953518,0.741851,0.198960,0.257651,0.549792,0.399869,0.560364,0.488612,0.250512,0.346396,0.547791,0.451147,0.799707,0.866078,0.099618,0.045890,0.876478,0.721988,0.026451,0.166627,0.272151,0.235919,0.253481,0.203424,0.428399,0.567260,1.551899,0.000000,0.664185,0.069398,0.186510,0.134130,0.187266,0.124165,0.191774,0.145221,0.501828,0.499022,0.570686,0.653799,0.427822,0.350769,0.568774,0.546457,0.496640,0.493981,0.275789,0.423017,0.131075,0.151431,0.626752,0.618799,0.697101,0.637923,1.004904,1.107446,0.629364,0.929720,0.595426,0.784807,0.864593,1.018208,0.521381,0.594842,-0.011501,0.125709,0.587457,0.457675,0.430114,0.519746,0.383827,0.488805,0.296967,0.108905,0.047150,0.476107,0.191499,0.339989,0.217488,0.427337,0.014562,-0.143958,0.278562,0.396901
0.441179,0.416377,0.511806,0.362151,0.104738,0.148354,0.565633,0.324897,0.037560,0.079377,0.192567,-0.042104,0.279629,0.179941,0.121424,0.182938,0.247379,0.205034,0.361649,0.398452,0.183155,0.173496,0.557007,0.333186,0.139150,0.181390,0.259381,0.240582,0.183797,0.017237,0.168739,0.214769,0.737056,0.664185,0.000000,0.550560,0.360042,0.344086,0.438395,0.356276,0.187940,0.070370,0.442127,0.464235,0.397743,0.476073,0.464412,0.487209,0.406911,0.363338,0.512877,0.318591,0.485498,0.407160,0.198627,0.241822,0.383976,0.437847,0.407878,0.435122,0.438364,0.445419,0.266452,0.386171,0.448380,0.416641,0.828757,0.820587,0.376317,0.508601,0.115873,0.186657,0.335890,0.248370,0.298447,0.297903,0.464689,0.587075,0.263978,0.023221,-0.023007,0.327657,0.148855,0.160096,0.242201,0.383772,-0.042628,-0.110215,0.382668,0.417323
0.140185,0.042880,0.223419,0.081875,0.070984,0.075960,0.110029,-0.052544,0.031945,0.013424,-0.330833,-0.413961,-0.070105,-0.110689,-0.145244,-0.114533,-0.171573,-0.002323,0.168031,0.139508,0.212987,0.150925,0.132109,-0.051311,0.081957,0.076772,0.178077,0.119198,-0.255831,-0.288746,-0.181370,-0.264262,0.209705,0.069398,0.550560,0.000000,0.071129,0.153299,0.376402,0.336274,-0.101860,-0.001582,0.131027,0.181619,-0.050261,0.053135,0.384621,0.378229,0.038377,0.032428,0.175850,0.101246,0.566044,0.331417,0.192297,0.240780,0.202343,0.308367,0.136276,0.154129,-0.067191,-0.053397,-0.204552,-0.029915,0.123518,-0.040628,0.345299,0.239701,0.447312,0.527965,-0.117010,-0.080938,-0.195918,-0.205392,-0.205357,0.023533,0.271152,0.378256,0.087260,0.010733,-0.024078,0.132748,0.023559,0.016236,0.090238,0.187272,0.064931,0.001150,0.399583,0.346382
0.369646,0.473186,0.272426,0.192982,0.176973,0.156488,0.356448,0.377025,0.309772,0.179418,0.285991,0.220475,0.334189,0.417020,0.433668,0.522377,0.185553,0.426226,0.133549,0.315027,0.096992,0.202964,0.207293,0.178775,0.250867,0.261175,-0.105953,-0.087585,0.412367,0.407851,0.142491,0.053274,0.175049,0.186510,0.360042,0.071129,0.000000,0.902823,0.749810,0.871758,0.477279,0.477804,0.502630,0.533127,0.286470,0.512579,0.524094,0.733514,0.333803,0.447575,0.614065,0.483613,0.313285,0.516724,0.684235,0.669469,0.453153,0.449259,0.104072,0.389376,0.136420,0.244456,0.227507,0.439047,0.129641,0.138310,0.303154,0.325644,0.041353,0.148767,0.261849,0.293174,0.533113,0.568507,0.764637,0.673743,0.766664,0.651677,0.223573,0.174714,0.219839,0.467764,0.316437,0.419758,0.427004,0.465621,0.086889,0.147961,0.374282,0.258441
0.153625,0.294344,0.257611,0.208213,0.097776,0.251129,0.282400,0.324987,0.204662,0.142505,0.165617,0.150469,0.290503,0.254364,0.388007,0.527651,0.197178,0.393216,0.065745,0.195571,0.270678,0.451665,0.289709,0.275836,0.438622,0.410381,-0.059562,0.076580,0.544003,0.577054,0.341309,0.231342,0.166947,0.134130,0.344086,0.153299,0.902823,0.000000,0.594734,0.875854,0.652531,0.632190,0.525371,0.636657,0.448918,0.550766,0.442626,0.674029,0.340975,0.380910,0.554745,0.481661,0.388152,0.469288,0.480870,0.632046,0.211868,0.211713,0.000632,0.237628,-0.027037,0.068540,0.219561,0.319552,0.096044,0.117216,0.210574,0.240018,0.027995,0.099881,0.477904,0.561151,0.449520,0.568194,0.555435,0.553052,0.639280,0.606866,0.236328,0.252286,0.351334,0.531830,0.323538,0.343463,0.536908,0.635809,0.010682,0.120212,0.251722,0.282058
0.423235,0.372475,0.256358,0.197597,0.092100,0.152320,0.316027,0.284979,0.213758,0.188344,0.013732,-0.095968,0.292100,0.274863,0.172960,0.405547,0.173735,0.369744,0.187673,0.305033,0.133654,0.262585,0.146313,0.006131,0.244657,0.190294,-0.002272,0.002520,0.190687,0.193828,0.024795,-0.119308,0.268404,0.187266,0.438395,0.376402,0.749810,0.594734,0.000000,0.994421,0.249097,0.359936,0.475471,0.492997,0.120767,0.404916,0.682902,0.955904,0.324427,0.455894,0.568067,0.473724,0.569998,0.657123,0.706419,0.802165,0.462097,0.568299,0.205375,0.401034,-0.009982,0.207759,0.159413,0.292700,0.181663,0.113973,0.389086,0.315151,0.279335,0.478324,0.046987,0.127472,0.227030,0.238843,0.357018,0.372323,0.551295,0.625564,0.159690,0.204328,0.324375,0.500762,0.409873,0.552044,0.341682,0.423617,0.318986,0.233488,0.561731,0.449597
0.284365,0.316832,0.258437,0.161812,0.082869,0.115965,0.268291,0.321764,0.201997,0.123281,0.052165,0.057769,0.282630,0.281095,0.287809,0.490230,0.045803,0.374035,0.077724,0.233593,0.162693,0.287912,0.141743,0.073430,0.368886,0.392364,-0.050034,-0.040637,0.225278,0.387870,0.060542,-0.008262,0.185698,0.124165,0.356276,0.336274,0.871758,0.875854,0.994421,0.000000,0.348175,0.658635,0.493656,0.609897,0.174810,0.418705,0.687680,0.896193,0.278374,0.434880,0.604861,0.524321,0.527869,0.649224,0.749425,0.901774,0.374525,0.444425,0.099513,0.346578,-0.008854,0.140552,0.142510,0.339698,0.081000,0.117833,0.270715,0.274345,0.204749,0.320379,0.136245,0.207044,0.217421,0.292362,0.368476,0.428886,0.717247,0.735903,0.167985,0.214112,0.332300,0.647526,0.425267,0.697348,0.520342,0.579056,0.385690,0.420081,0.546650,0.322742
0.098949,0.198973,0.004516,0.034137,0.107922,0.214212,0.170484,0.180731,0.158613,0.061418,0.342212,0.317936,0.286218,0.256109,0.462911,0.503201,0.336786,0.477176,0.028085,0.099809,0.388525,0.418079,0.130932,0.117318,0.230906,0.243274,-0.008105,0.157869,0.633460,0.564061,0.452662,0.416959,0.163028,0.191774,0.187940,-0.101860,0.477279,0.652531,0.249097,0.348175,0.000000,0.480383,0.261857,0.330045,0.350769,0.305686,0.185057,0.256414,0.169139,0.145132,0.260026,0.106816,0.042562,0.190120,0.093240,0.120882,0.103610,0.044200,-0.021026,-0.028112,0.217141,0.176722,0.431323,0.342423,0.094255,0.176011,0.070038,0.113422,-0.102304,-0.153181,0.494295,0.535238,0.575457,0.598210,0.529752,0.414034,0.328559,0.276159,0.087663,0.245002,0.176201,0.402597,0.169443,0.274831,0.380899,0.384442,-0.028086,-0.028411,-0.064092,-0.089359
0.118658,0.244571,0.070732,0.056148,0.059576,0.182161,0.140988,0.279630,0.215647,0.147350,0.248878,0.377840,0.338883,0.257926,0.366701,0.557902,0.264254,0.668788,0.055651,0.184730,0.296363,0.457606,0.086361,0.068018,0.249988,0.408970,-0.188648,-0.102416,0.487221,0.758042,0.346687,0.320397,0.129682,0.145221,0.070370,-0.001582,0.477804,0.632190,0.359936,0.658635,0.480383,0.000000,0.343896,0.455951,0.330214,0.394552,0.209883,0.360836,0.280117,0.274150,0.385895,0.380999,0.095695,0.326213,0.355138,0.448492,0.200504,0.176618,-0.094629,0.071484,0.025012,0.120124,0.386835,0.365577,0.110194,0.164747,0.032438,0.171576,0.013282,-0.029535,0.389484,0.482822,0.498887,0.624610,0.399096,0.376609,0.588505,0.579466,0.177188,0.324902,0.298035,0.556490,0.204160,0.617448,0.456688,0.468919,0.197369,0.373262,-0.019069,0.011950
0.515086,0.546670,0.543024,0.592772,0.423450,0.290279,0.591617,0.593670,0.360072,0.377112,0.278685,0.171704,0.615219,0.423749,0.532470,0.561548,0.334773,0.315569,0.563402,0.550982,0.214612,0.225530,0.529700,0.414131,0.327939,0.280145,0.216934,0.204189,0.339090,0.339220,0.206201,0.172159,0.506887,0.501828,0.442127,0.131027,0.502630,0.525371,0.475471,0.493656,0.261857,0.343896,0.000000,1.708035,1.053871,1.358027,1.012997,1.175865,1.104519,0.978468,1.228153,1.029343,0.688144,0.980398,0.595956,0.697475,0.457521,0.463985,0.512023,0.569084,0.354195,0.536707,0.438766,0.582116,0.511725,0.480963,0.760321,0.759863,0.401900,0.571229,-0.101246,0.095021,0.547394,0.449528,0.649051,0.719594,0.617583,0.601502,0.172178,0.178455,0.384447,0.543675,0.266390,0.430430,0.628667,0.780775,0.072940,-0.036155,0.527984,0.721772
0.441507,0.519021,0.569386,0.575305,0.410226,0.259890,0.605581,0.607779,0.376551,0.307414,0.265221,0.243101,0.586168,0.420090,0.532857,0.553204,0.302895,0.368413,0.533835,0.540853,0.231193,0.284126,0.577800,0.435174,0.373408,0.349421,0.203039,0.185250,0.373480,0.439257,0.237765,0.216547,0.504339,0.499022,0.464235,0.181619,0.533127,0.636657,0.492997,0.609897,0.330045,0.455951,1.708035,0.000000,1.073433,1.339648,1.026556,1.179801,1.024072,0.909678,1.203734,1.009836,0.673546,0.966951,0.612969,0.757013,0.418794,0.425884,0.467402,0.523409,0.316972,0.468069,0.478837,0.570285,0.489550,0.469810,0.721761,0.770075,0.376710,0.533512,-0.016205,0.160585,0.550277,0.481868,0.601862,0.710974,0.723818,0.701968,0.226061,0.166367,0.375073,0.608279,0.340437,0.515128,0.698320,0.824083,0.130574,0.063752,0.540011,0.635520
0.318539,0.397996,0.506317,0.566781,0.429622,0.344920,0.599905,0.599975,0.328025,0.323667,0.481948,0.381398,0.621810,0.424705,0.541865,0.509111,0.478359,0.331341,0.474925,0.450633,0.239636,0.271245,0.643276,0.574087,0.345146,0.369679,0.191599,0.234170,0.581353,0.522118,0.512626,0.504044,0.508408,0.570686,0.397743,-0.050261,0.286470,0.448918,0.120767,0.174810,0.350769,0.330214,1.053871,1.073433,0.000000,1.150465,0.484009,0.503773,1.043590,0.651414,0.869345,0.789205,0.374571,0.517732,0.272311,0.357808,0.261243,0.185627,0.420952,0.366603,0.533432,0.564787,0.654837,0.598858,0.596215,0.587348,0.575450,0.708353,0.186551,0.258664,0.155865,0.336074,0.744875,0.598591,0.566157,0.547347,0.440416,0.416048,0.268151,0.124647,0.328760,0.435225,0.238042,0.281444,0.574328,0.697886,-0.079890,-0.122314,0.166908,0.411808
0.533847,0.608043,0.622038,0.651911,0.369296,0.275963,0.751359,0.712436,0.325031,0.349281,0.358418,0.291288,0.592699,0.515191,0.444678,0.587586,0.409622,0.358960,0.538419,0.546312,0.173586,0.247424,0.644781,0.549264,0.365986,0.310675,0.192948,0.206229,0.393866,0.412931,0.386583,0.260344,0.637746,0.653799,0.476073,0.053135,0.512579,0.550766,0.404916,0.418705,0.305686,0.394552,1.358027,1.339648,1.150465,0.000000,0.763890,0.935178,1.243512,1.205192,1.300242,1.166565,0.437774,0.777669,0.512658,0.666487,0.453752,0.441390,0.605958,0.636618,0.520760,0.664825,0.611666,0.696007,0.595129,0.644641,0.847496,0.935016,0.329986,0.445034,0.036533,0.225444,0.695262,0.617685,0.707669,0.791805,0.643505,0.604409,0.197633,0.154559,0.282193,0.501771,0.291290,0.428268,0.586047,0.794135,0.053362,-0.014993,0.392227,0.590091
0.548262,0.464439,0.528557,0.393910,0.442363,0.110830,0.504236,0.349524,0.248253,0.212565,0.101786,0.022261,0.441908,0.261710,0.424917,0.438033,0.231836,0.203999,0.511379,0.503806,0.283669,0.228465,0.373275,0.135617,0.203919,0.209925,0.313179,0.287381,0.116682,0.086388,0.021249,-0.027761,0.519392,0.427822,0.464412,0.384621,0.524094,0.442626,0.682902,0.687680,0.185057,0.209883,1.012997,1.026556,0.484009,0.763890,0.000000,1.282298,0.712531,0.760578,0.902908,0.818219,0.917869,0.968917,0.849903,0.738588,0.534322,0.631987,0.585277,0.568905,0.303406,0.422195,0.238121,0.428968,0.457109,0.318616,0.741616,0.610455,0.543050,0.809169,-0.194198,-0.048397,0.282857,0.187272,0.384298,0.538626,0.632297,0.678531,0.226923,0.146464,0.264910,0.532669,0.393013,0.466336,0.557859,0.568790,0.261764,0.139041,0.836715,0.764186
0.591115,0.569574,0.498662,0.478752,0.334680,0.248446,0.529710,0.507334,0.338691,0.304152,0.114194,0.032472,0.451681,0.376465,0.380669,0.505236,0.169966,0.266515,0.461834,0.533490,0.211995,0.278164,0.357072,0.220600,0.311282,0.239830,0.176383,0.182316,0.188864,0.221751,0.013906,-0.078737,0.419489,0.350769,0.487209,0.378229,0.733514,0.674029,0.955904,0.896193,0.256414,0.360836,1.175865,1.179801,0.503773,0.935178,1.282298,0.000000,0.719393,0.905040,1.029406,0.931265,0.835765,1.153350,0.834840,1.017341,0.533195,0.621578,0.492301,0.655201,0.179551,0.382130,0.244305,0.477815,0.330496,0.265019,0.712066,0.614981,0.484190,0.738897,-0.096848,0.050738,0.346880,0.309720,0.540302,0.634581,0.736794,0.760875,0.154115,0.163890,0.372839,0.541931,0.384010,0.511714,0.497856,0.601982,0.190319,0.131478,0.743289,0.740634
0.441858,0.502925,0.530630,0.604778,0.380106,0.192153,0.600681,0.614744,0.262455,0.267428,0.235577,0.138298,0.492778,0.353914,0.379269,0.387411,0.374583,0.239056,0.490434,0.513161,0.097561,0.122284,0.582242,0.440030,0.314799,0.191250,0.228259,0.209840,0.324469,0.328935,0.219146,0.171191,0.547419,0.568774,0.406911,0.038377,0.333803,0.340975,0.324427,0.278374,0.169139,0.280117,1.104519,1.024072,1.043590,1.243512,0.712531,0.719393,0.000000,1.191553,1.274635,1.080522,0.518962,0.641127,0.449352,0.484088,0.420469,0.374787,0.706765,0.663311,0.510824,0.628209,0.520607,0.647899,0.593790,0.540587,0.753348,0.741094,0.308133,0.459895,-0.072121,0.080008,0.561201,0.456942,0.532280,0.566403,0.428078,0.435759,0.126425,0.125325,0.305643,0.463068,0.219388,0.357685,0.556681,0.669239,0.105239,-0.051936,0.363207,0.519617
