0.000000,0.552854,1.023880,0.725081,0.181988,0.300480,1.248658,0.801988,0.182479,0.206513,0.648252,0.501898,0.616552,0.429254,0.371041,0.118650,0.351635,0.461248,0.827233,0.945629,0.460657,0.376836,0.864863,0.661053,-0.030668,0.078654,0.330704,0.238433,0.339026,0.226137,0.350821,0.470315,0.876578,0.674456,0.523807,0.340416,0.258963,0.281112,0.315251,0.352688,0.454929,0.372450,0.601297,0.612135,0.410003,0.452632,0.550805,0.607435,0.527177,0.476534,0.562871,0.697688,0.348864,0.434870,0.371849,0.364274,1.057774,0.386512,0.446293,0.350409,0.720731,0.491217,0.679040,0.493392,0.530586,0.475689,0.459172,0.292131,0.779636,0.465896,0.178578,0.173471,0.521491,0.417534,0.568225,0.419690,0.284526,0.385760,0.301079,0.471599,0.534109,0.630354,0.106246,0.225727,0.468409,0.771073,-0.028706,-0.024703,0.304612,0.477887
0.552854,0.000000,0.503427,0.655462,0.212423,0.553668,0.382131,0.743945,0.269629,0.430611,0.544427,0.908549,0.663187,0.746403,0.597238,0.337723,0.600939,0.764251,0.492431,0.708325,0.458036,0.608366,0.521520,0.533626,0.124812,0.163284,0.382578,0.376379,0.428662,0.402952,0.474454,0.650120,0.706834,0.796206,0.804364,0.630007,0.304379,0.307750,0.353588,0.399465,0.236673,0.430046,0.441905,0.478265,0.283392,0.366834,0.422079,0.448727,0.401909,0.371548,0.491181,0.461085,0.293314,0.266150,0.421981,0.469032,0.873316,1.668530,0.500290,0.611204,0.592971,0.807086,0.625740,0.791603,0.534627,0.572876,0.547307,0.510271,0.493746,0.456842,0.469042,0.540149,0.681652,0.586914,0.861278,0.638435,0.605472,0.705975,0.448247,0.455572,0.505159,0.705318,0.150889,0.048709,0.551624,0.647002,0.108323,0.118259,0.422203,0.432579
1.023880,0.503427,0.000000,1.203795,0.375061,0.611486,1.382510,0.823186,0.430829,0.417386,0.564357,0.374931,0.348489,0.178200,0.495623,0.244117,0.465702,0.474871,1.043377,0.978786,0.517723,0.379340,1.319222,1.264709,0.216191,0.227421,0.475291,0.424256,0.420228,0.294721,0.436995,0.510427,0.823338,0.706441,0.506627,0.325733,0.214909,0.129443,0.244460,0.303272,0.326623,0.382432,0.468686,0.502970,0.443162,0.487556,0.447860,0.479177,0.516167,0.542471,0.498043,0.678047,0.352440,0.455954,0.302079,0.456616,0.866016,0.392443,0.485570,0.457993,0.698847,0.499133,0.619125,0.537639,0.622917,0.612787,0.501854,0.456820,0.664232,0.477023,0.303046,0.272481,0.539353,0.422909,0.669623,0.475423,0.441627,0.456190,0.323395,0.402366,0.563536,0.592458,0.120354,0.092973,0.597872,0.671537,0.164283,0.082408,0.449069,0.576866
0.725081,0.655462,1.203795,0.000000,0.357653,0.587436,0.948512,1.259193,0.497565,0.450172,0.614747,0.537325,0.463590,0.306332,0.640974,0.217617,0.662040,0.610122,0.837976,0.960749,0.609192,0.549877,1.178890,1.262335,0.294149,0.342056,0.421128,0.446211,0.505953,0.390803,0.600073,0.700975,0.812742,0.808412,0.494967,0.351909,0.129841,0.156939,0.192467,0.287716,0.305648,0.444266,0.362275,0.392436,0.313397,0.334787,0.358514,0.365148,0.394985,0.364171,0.410847,0.487846,0.253248,0.316579,0.246998,0.380293,0.744964,0.513890,0.360978,0.424714,0.591371,0.519496,0.661074,0.588762,0.524815,0.500609,0.338036,0.346377,0.558693,0.381841,0.471155,0.366769,0.661836,0.649505,0.760760,0.601447,0.417198,0.415194,0.347583,0.368477,0.608377,0.582151,0.164737,-0.003441,0.578084,0.609642,0.139341,0.038629,0.407779,0.467977
0.181988,0.212423,0.375061,0.357653,0.000000,0.686537,0.299505,0.304915,1.010202,0.667091,0.242345,0.115684,0.154083,0.106029,0.674340,0.370696,0.119585,0.037223,0.215142,0.127618,0.376116,0.143425,0.315041,0.341065,0.727824,0.639947,0.686449,0.758602,0.018041,0.056562,0.142873,0.047356,0.061280,0.044029,0.173779,0.076690,0.166271,0.096517,0.101823,0.166849,-0.020828,0.145313,0.111409,0.103559,0.098613,0.099201,0.155784,0.197256,0.070977,0.099111,0.062773,0.152589,0.179601,0.350375,0.172721,0.262146,0.269540,0.225331,0.228822,0.327871,0.168266,0.218693,0.201990,0.214172,0.295866,0.311003,0.236005,0.197053,0.394264,0.270330,0.110075,0.006794,0.140077,0.181941,0.273643,0.108954,0.327656,0.234274,-0.035970,0.119100,0.162220,0.127985,0.160504,0.113878,0.317626,0.247389,0.393397,0.179508,0.521356,0.517363
0.300480,0.553668,0.611486,0.587436,0.686537,0.000000,0.448736,0.547295,0.539302,1.065151,0.242163,0.316610,0.209365,0.206121,0.610070,0.444898,0.292297,0.301861,0.454242,0.380691,0.527207,0.388382,0.529338,0.541085,0.689614,0.701367,0.824921,1.033695,0.216324,0.170598,0.384285,0.314005,0.342487,0.294734,0.409232,0.239289,0.289160,0.139929,0.249098,0.253672,0.037001,0.210467,0.464680,0.416537,0.442062,0.400522,0.412708,0.483683,0.448125,0.416927,0.507542,0.468713,0.490530,0.567129,0.465753,0.359696,0.487619,0.539463,0.603111,0.547600,0.536943,0.479170,0.363828,0.450948,0.611174,0.568561,0.577120,0.498923,0.285730,0.435993,0.236378,0.220962,0.304223,0.243172,0.609688,0.460942,0.413550,0.424405,0.072626,0.132744,0.328950,0.413738,0.012484,0.016909,0.449258,0.471885,0.223106,0.181047,0.572573,0.493449
1.248658,0.382131,1.382510,0.948512,0.299505,0.448736,0.000000,0.939964,0.443619,0.353368,0.635059,0.367574,0.478779,0.201771,0.462578,0.081290,0.414050,0.358932,0.902136,0.796367,0.568968,0.356080,1.240247,0.971852,0.129495,0.194504,0.416027,0.333835,0.352321,0.183849,0.335817,0.374329,0.721936,0.539316,0.402766,0.174199,0.150773,0.100529,0.198473,0.255565,0.386322,0.273031,0.481472,0.495393,0.396800,0.408162,0.400586,0.472792,0.491230,0.471356,0.470321,0.663563,0.373194,0.440463,0.260731,0.300393,0.831952,0.237795,0.391669,0.318277,0.745341,0.436228,0.626566,0.465836,0.619389,0.547801,0.389385,0.250388,0.586324,0.430471,0.164652,0.140819,0.471389,0.334829,0.534147,0.369753,0.275323,0.310568,0.238217,0.345665,0.525847,0.536635,0.134135,0.139330,0.537947,0.627208,0.116706,-0.054732,0.395248,0.509563
0.801988,0.743945,0.823186,1.259193,0.304915,0.547295,0.939964,0.000000,0.454410,0.560620,0.722972,0.682387,0.805009,0.583164,0.635586,0.219823,0.510149,0.545409,0.701213,0.872453,0.558257,0.555753,1.069495,0.928047,0.302910,0.393373,0.373995,0.384558,0.373924,0.303424,0.629258,0.747257,0.760358,0.689598,0.507205,0.325112,0.091351,0.125282,0.156100,0.244943,0.342168,0.385436,0.333300,0.328604,0.221160,0.188360,0.256868,0.306998,0.327076,0.248777,0.411070,0.421897,0.259693,0.279251,0.206664,0.252724,0.669087,0.533076,0.250089,0.277652,0.567281,0.493493,0.572901,0.541734,0.564406,0.446258,0.276210,0.178991,0.442758,0.330378,0.436420,0.383811,0.606225,0.599429,0.653400,0.618480,0.275758,0.357166,0.198296,0.350791,0.438947,0.501299,0.156939,-0.000627,0.452484,0.552248,0.082633,-0.034862,0.263515,0.379434
0.182479,0.269629,0.430829,0.497565,1.010202,0.539302,0.443619,0.454410,0.000000,0.772118,0.322683,0.156857,0.214200,0.012974,0.589529,0.134109,0.271201,0.143410,0.264462,0.223173,0.443260,0.113421,0.386604,0.451357,0.487648,0.451260,0.389365,0.503331,0.029095,0.008405,0.065022,-0.031607,0.158797,0.103210,0.182913,0.063996,0.078292,0.024117,-0.020081,0.054590,-0.074603,-0.007154,0.206104,0.212550,0.177825,0.121718,0.243031,0.273260,0.152854,0.182530,0.192966,0.233418,0.385153,0.353612,0.180499,0.178201,0.394979,0.265966,0.214508,0.351369,0.267814,0.226700,0.319149,0.260755,0.310159,0.266573,0.245049,0.185403,0.347536,0.352346,0.036120,0.004104,0.247081,0.194793,0.343187,0.084319,0.329913,0.212827,0.037361,0.097888,0.220560,0.124752,0.109502,0.083161,0.388670,0.186016,0.281724,-0.032086,0.483480,0.373187
0.206513,0.430611,0.417386,0.450172,0.667091,1.065151,0.353368,0.560620,0.772118,0.000000,0.218045,0.189393,0.209802,0.165917,0.495441,0.201830,0.235619,0.217318,0.250550,0.297825,0.476342,0.282818,0.347209,0.344437,0.639682,0.606587,0.530184,0.615766,0.000718,0.001124,0.198920,0.116174,0.202844,0.132035,0.338371,0.154562,0.239802,0.064694,0.063881,0.068869,0.044521,0.078136,0.299424,0.256708,0.271471,0.156373,0.279145,0.316636,0.281722,0.272171,0.410441,0.382748,0.457480,0.438430,0.355746,0.160053,0.371749,0.452274,0.387277,0.427411,0.387052,0.323250,0.247236,0.364935,0.528273,0.397199,0.447228,0.347677,0.220050,0.353622,0.155424,0.193388,0.215303,0.166846,0.399919,0.249507,0.279963,0.278087,0.017614,0.129178,0.218865,0.239433,-0.053158,-0.072148,0.376712,0.269390,0.083358,-0.079806,0.396542,0.275029
0.648252,0.544427,0.564357,0.614747,0.242345,0.242163,0.635059,0.722972,0.322683,0.218045,0.000000,0.922092,0.887502,0.678245,0.642059,0.374555,0.792053,0.649110,0.709156,0.587195,0.516365,0.511867,0.648642,0.529942,0.226423,0.300071,0.229455,0.146537,0.786599,0.655545,0.697068,0.638644,0.642500,0.610919,0.432573,0.221367,0.305257,0.323333,0.230816,0.294674,0.380019,0.475947,0.215431,0.237880,0.149415,0.204365,0.245724,0.233238,0.266174,0.237711,0.269706,0.297733,0.150590,0.221921,0.268282,0.354196,0.567946,0.507656,0.206692,0.314751,0.560040,0.528651,0.770852,0.684604,0.463620,0.423300,0.160296,0.154592,0.506046,0.146448,0.571370,0.534134,0.836848,0.785697,0.704197,0.557007,0.413514,0.355679,0.404054,0.438389,0.486395,0.484608,0.283804,0.094994,0.639157,0.468279,0.250705,0.104692,0.386630,0.260209
0.501898,0.908549,0.374931,0.537325,0.115684,0.316610,0.367574,0.682387,0.156857,0.189393,0.922092,0.000000,0.770660,1.136741,0.539184,0.555125,0.785599,0.996392,0.493569,0.578533,0.444462,0.609209,0.481396,0.461221,0.156355,0.258702,0.265919,0.231494,0.761850,0.763669,0.757190,0.829884,0.762737,0.839313,0.630704,0.451035,0.219320,0.390330,0.279564,0.288953,0.228469,0.455840,0.351824,0.390026,0.271779,0.334716,0.334594,0.360154,0.418962,0.327427,0.426810,0.395523,0.277950,0.213690,0.316625,0.310518,0.655233,0.812664,0.359587,0.386488,0.613354,0.648595,0.778346,0.820236,0.480034,0.500249,0.298456,0.345358,0.410759,0.298461,0.585084,0.638250,0.886995,0.762405,0.859445,0.731285,0.496893,0.516744,0.322358,0.541995,0.585864,0.738549,0.216815,0.161703,0.553785,0.606099,0.117974,0.213839,0.286687,0.309936
0.616552,0.663187,0.348489,0.463590,0.154083,0.209365,0.478779,0.805009,0.214200,0.209802,0.887502,0.770660,0.000000,0.913413,0.634172,0.222505,0.380749,0.493338,0.518696,0.533293,0.528762,0.579700,0.496519,0.360752,0.069542,0.158287,0.151021,0.163869,0.475752,0.318554,0.523043,0.592917,0.553811,0.529428,0.366385,0.181580,0.274064,0.226226,0.334680,0.298692,0.534867,0.411179,0.343303,0.290723,0.145686,0.149299,0.270398,0.326049,0.263328,0.226347,0.371670,0.362076,0.189756,0.291392,0.363231,0.279951,0.499201,0.482484,0.196784,0.230281,0.552279,0.402755,0.690301,0.444533,0.420366,0.297478,0.178207,0.095131,0.386261,0.182776,0.466246,0.356653,0.638461,0.546404,0.574798,0.552994,0.302268,0.342717,0.227809,0.327964,0.415042,0.420512,0.238882,0.043396,0.485868,0.483084,0.137388,-0.010669,0.373396,0.284466
0.429254,0.746403,0.178200,0.306332,0.106029,0.206121,0.201771,0.583164,0.012974,0.165917,0.678245,1.136741,0.913413,0.000000,0.377411,0.419771,0.403241,0.640560,0.299283,0.371117,0.257544,0.532428,0.299923,0.250566,0.053231,0.173300,0.170293,0.163223,0.377045,0.423527,0.586678,0.719243,0.452578,0.508601,0.438398,0.342398,0.226003,0.322541,0.328870,0.348506,0.274043,0.436120,0.150535,0.154410,0.012716,0.098910,0.064629,0.119790,0.153585,0.055502,0.204686,0.173836,0.031486,0.053613,0.198468,0.255283,0.433158,0.679714,0.174942,0.242141,0.350052,0.431962,0.410036,0.481327,0.305515,0.267070,0.140036,0.147851,0.317886,0.127779,0.531627,0.562174,0.573466,0.575839,0.559640,0.636874,0.318810,0.412176,0.137593,0.353453,0.231322,0.421933,0.129702,0.090081,0.309490,0.408803,0.150685,0.172089,0.208774,0.279460
0.371041,0.597238,0.495623,0.640974,0.674340,0.610070,0.462578,0.635586,0.589529,0.495441,0.642059,0.539184,0.634172,0.377411,0.000000,0.563011,0.630577,0.430980,0.507339,0.439622,0.784043,0.534995,0.516530,0.481288,0.418939,0.374266,0.808337,0.745799,0.522585,0.448927,0.348027,0.333393,0.414589,0.388796,0.417037,0.103971,0.165450,0.128487,0.266622,0.307148,0.339459,0.399506,0.315003,0.292050,0.234942,0.234315,0.262072,0.304241,0.297294,0.286140,0.271056,0.359512,0.188439,0.416591,0.337568,0.363253,0.495400,0.496854,0.400413,0.482507,0.548164,0.535656,0.675050,0.583530,0.673660,0.651546,0.336927,0.302809,0.422937,0.255967,0.371880,0.260585,0.505747,0.535310,0.739370,0.443610,0.443290,0.406130,0.312222,0.400642,0.673507,0.625385,0.598246,0.244400,0.806741,0.538278,0.547685,0.250728,0.715984,0.542796
0.118650,0.337723,0.244117,0.217617,0.370696,0.444898,0.081290,0.219823,0.134109,0.201830,0.374555,0.555125,0.222505,0.419771,0.563011,0.000000,0.450670,0.551376,0.372610,0.233746,0.113543,0.175117,0.310674,0.364302,0.468936,0.332780,0.423231,0.466963,0.436554,0.646284,0.353194,0.425798,0.330015,0.315997,0.415451,0.216668,0.221607,0.342806,0.126922,0.301741,-0.017188,0.415496,0.264895,0.295636,0.348025,0.376074,0.234244,0.291166,0.352644,0.329174,0.234805,0.216021,0.151096,0.258631,0.141527,0.261234,0.263421,0.332703,0.380595,0.202673,0.265548,0.262380,0.276939,0.337134,0.491328,0.407769,0.370927,0.370104,0.269684,0.158138,0.213634,0.276937,0.442578,0.551703,0.488588,0.482268,0.253541,0.207970,0.137621,0.442805,0.320033,0.512853,0.487404,0.403936,0.397189,0.407386,0.432316,0.833522,0.188665,0.322751
0.351635,0.600939,0.465702,0.662040,0.119585,0.292297,0.414050,0.510149,0.271201,0.235619,0.792053,0.785599,0.380749,0.403241,0.630577,0.450670,0.000000,0.961438,0.472107,0.442774,0.475460,0.501664,0.491071,0.521315,0.218601,0.182080,0.225108,0.180447,0.845535,0.755635,0.457320,0.480029,0.534013,0.589483,0.479618,0.259994,0.272607,0.349191,0.250893,0.288635,0.217276,0.495793,0.294208,0.319577,0.288053,0.398046,0.305711,0.225985,0.380457,0.327667,0.345988,0.314574,0.234335,0.129836,0.232086,0.264359,0.624239,0.594675,0.393204,0.313522,0.456743,0.431710,0.738715,0.653295,0.454600,0.440397,0.251127,0.302085,0.315376,0.018453,0.471644,0.453256,0.847918,0.802754,0.809657,0.576500,0.448287,0.302294,0.604368,0.502875,0.779312,0.691637,0.507587,0.199623,0.737432,0.424449,0.277378,0.251556,0.340346,0.235335
0.461248,0.764251,0.474871,0.610122,0.037223,0.301861,0.358932,0.545409,0.143410,0.217318,0.649110,0.996392,0.493338,0.640560,0.430980,0.551376,0.961438,0.000000,0.513391,0.593013,0.406792,0.517586,0.489416,0.550612,0.095869,0.148650,0.197752,0.201544,0.663941,0.664626,0.626812,0.759956,0.911858,0.937421,0.817918,0.521218,0.358349,0.500685,0.345630,0.389220,0.322380,0.665728,0.518806,0.561861,0.451468,0.538836,0.437781,0.453272,0.561886,0.511111,0.569358,0.540387,0.357164,0.286029,0.349254,0.407321,0.739530,0.774503,0.466718,0.396459,0.563274,0.572957,0.723806,0.725037,0.564591,0.521426,0.469073,0.551134,0.469360,0.300146,0.440349,0.551234,0.944804,0.929120,0.870010,0.798607,0.470866,0.440255,0.419800,0.691374,0.639522,0.890112,0.277336,0.165700,0.644961,0.663372,0.121264,0.302491,0.243869,0.292258
0.827233,0.492431,1.043377,0.837976,0.215142,0.454242,0.902136,0.701213,0.264462,0.250550,0.709156,0.493569,0.518696,0.299283,0.507339,0.372610,0.472107,0.513391,0.000000,1.203028,0.383692,0.316939,1.088789,0.892997,0.135378,0.174500,0.286818,0.286686,0.545025,0.440909,0.490550,0.598152,0.887511,0.662255,0.487714,0.205235,0.360605,0.227398,0.240373,0.328985,0.271482,0.397929,0.460900,0.436682,0.436031,0.422737,0.441235,0.452210,0.541853,0.466542,0.475474,0.520567,0.339128,0.492812,0.347415,0.434641,0.775478,0.373447,0.376399,0.459116,0.677210,0.474746,0.792668,0.465897,0.578666,0.440354,0.403865,0.380941,0.716985,0.436015,0.301926,0.251198,0.637420,0.472462,0.659756,0.623622,0.409954,0.408122,0.385946,0.437084,0.487538,0.554920,0.100007,0.175776,0.572752,0.594130,0.194028,0.247295,0.413877,0.387129
0.945629,0.708325,0.978786,0.960749,0.127618,0.380691,0.796367,0.872453,0.223173,0.297825,0.587195,0.578533,0.533293,0.371117,0.439622,0.233746,0.442774,0.593013,1.203028,0.000000,0.406954,0.449109,1.031167,0.866588,0.075489,0.162428,0.235262,0.244969,0.483953,0.406372,0.494612,0.670314,1.135991,0.916835,0.631368,0.382815,0.257941,0.229617,0.188120,0.261559,0.402865,0.443478,0.534208,0.527451,0.433390,0.378051,0.552614,0.561649,0.520533,0.453850,0.548195,0.584875,0.349958,0.398192,0.288633,0.288815,0.882906,0.495978,0.356986,0.460987,0.652172,0.532918,0.829333,0.528239,0.518955,0.454428,0.456321,0.404465,0.739374,0.604323,0.367185,0.321910,0.714168,0.540652,0.710557,0.652951,0.404604,0.494346,0.385872,0.553761,0.575453,0.632656,0.064583,0.113965,0.505800,0.642202,-0.050210,0.033425,0.236303,0.328056
0.460657,0.458036,0.517723,0.609192,0.376116,0.527207,0.568968,0.558257,0.443260,0.476342,0.516365,0.444462,0.528762,0.257544,0.784043,0.113543,0.475460,0.406792,0.383692,0.406954,0.000000,0.950103,0.432275,0.478185,0.283417,0.365536,0.732263,0.582266,0.573099,0.334528,0.461769,0.304556,0.458015,0.425153,0.429249,0.137080,0.316432,0.179307,0.257717,0.170417,0.594371,0.243003,0.379167,0.329807,0.204523,0.213105,0.427350,0.452504,0.295695,0.347029,0.427555,0.503373,0.352115,0.363206,0.533400,0.284105,0.495656,0.411382,0.405027,0.422987,0.640314,0.554179,0.644696,0.770782,0.486876,0.625970,0.288532,0.260193,0.332093,0.290572,0.526557,0.454225,0.495614,0.463808,0.633482,0.367058,0.511706,0.617328,0.381787,0.271167,0.788884,0.628782,0.178249,-0.085295,0.746027,0.536732,0.111176,-0.191358,0.719334,0.453912
0.376836,0.608366,0.379340,0.549877,0.143425,0.388382,0.356080,0.555753,0.113421,0.282818,0.511867,0.609209,0.579700,0.532428,0.534995,0.175117,0.501664,0.517586,0.316939,0.449109,0.950103,0.000000,0.412738,0.430837,0.190574,0.230250,0.449537,0.370215,0.625670,0.428092,0.692287,0.669150,0.487226,0.646787,0.569769,0.374888,0.373380,0.351364,0.338014,0.325309,0.572892,0.526585,0.223085,0.282829,0.092340,0.222378,0.287725,0.284175,0.216817,0.260871,0.307981,0.363290,0.155279,0.069298,0.313838,0.318031,0.401754,0.594443,0.274910,0.291974,0.429807,0.586688,0.510894,0.739173,0.319274,0.524235,0.204802,0.260175,0.267422,0.083139,0.959912,0.844031,0.775573,0.795049,0.771826,0.646390,0.601405,0.765700,0.421036,0.331555,0.561531,0.599968,0.146711,-0.219840,0.593121,0.532621,0.091321,-0.064098,0.379838,0.376779
0.864863,0.521520,1.319222,1.178890,0.315041,0.529338,1.240247,1.069495,0.386604,0.347209,0.648642,0.481396,0.496519,0.299923,0.516530,0.310674,0.491071,0.489416,1.088789,1.031167,0.432275,0.412738,0.000000,1.523463,0.349207,0.311349,0.386553,0.401994,0.430416,0.323507,0.569343,0.724402,0.787538,0.719178,0.463471,0.246432,0.161486,0.120526,0.159739,0.292263,0.312014,0.430028,0.384039,0.408417,0.359802,0.369750,0.329864,0.393323,0.449690,0.408299,0.382252,0.488974,0.280898,0.368011,0.171289,0.292755,0.710617,0.364849,0.315349,0.338658,0.605975,0.472159,0.587985,0.471606,0.586183,0.534601,0.339421,0.291438,0.535980,0.438957,0.310780,0.279204,0.629004,0.506849,0.600625,0.587285,0.325491,0.360935,0.226012,0.421570,0.429705,0.485186,0.149210,0.018394,0.523459,0.589486,0.205069,0.138341,0.311280,0.466546
0.661053,0.533626,1.264709,1.262335,0.341065,0.541085,0.971852,0.928047,0.451357,0.344437,0.529942,0.461221,0.360752,0.250566,0.481288,0.364302,0.521315,0.550612,0.892997,0.866588,0.478185,0.430837,1.523463,0.000000,0.324701,0.275847,0.398474,0.443584,0.409682,0.319831,0.543888,0.706578,0.755999,0.755958,0.482459,0.327436,0.135154,0.116690,0.137426,0.303173,0.249246,0.389339,0.343190,0.402318,0.341529,0.372045,0.310156,0.386206,0.403642,0.429368,0.352112,0.463611,0.271816,0.328632,0.170988,0.374894,0.681140,0.430982,0.337912,0.346774,0.525349,0.460893,0.508996,0.524142,0.518833,0.553952,0.372811,0.394627,0.549880,0.476210,0.356535,0.341792,0.656487,0.575276,0.631323,0.561602,0.440840,0.457303,0.220837,0.388384,0.432658,0.482441,0.123671,-0.016800,0.521138,0.581716,0.207474,0.193000,0.355700,0.499220
-0.030668,0.124812,0.216191,0.294149,0.727824,0.689614,0.129495,0.302910,0.487648,0.639682,0.226423,0.156355,0.069542,0.053231,0.418939,0.468936,0.218601,0.095869,0.135378,0.075489,0.283417,0.190574,0.349207,0.324701,0.000000,1.170054,0.453578,0.544598,0.202028,0.273770,0.372624,0.173111,-0.021614,-0.007272,0.110374,0.047057,0.133281,0.024909,-0.017866,0.016659,-0.140848,0.071891,0.032838,-0.000985,0.077222,0.034831,0.118138,0.130089,0.031366,0.037480,0.065258,0.026825,0.234337,0.275078,0.079795,-0.014093,0.063170,0.167153,0.126463,0.146014,0.089351,0.113503,0.097225,0.188881,0.239454,0.228111,0.130571,0.090088,0.048270,0.078726,0.161543,0.101704,0.147223,0.165528,0.165270,0.171376,0.113703,0.056278,-0.047960,0.119820,0.126990,0.045409,0.156406,-0.019459,0.218181,0.088216,0.227876,0.190145,0.183215,0.152562
0.078654,0.163284,0.227421,0.342056,0.639947,0.701367,0.194504,0.393373,0.451260,0.606587,0.300071,0.258702,0.158287,0.173300,0.374266,0.332780,0.182080,0.148650,0.174500,0.162428,0.365536,0.230250,0.311349,0.275847,1.170054,0.000000,0.426588,0.429664,0.292165,0.321215,0.513627,0.251732,0.097718,0.083007,0.111572,0.080550,0.101218,0.005162,-0.008469,-0.022738,-0.000789,0.076755,0.151871,0.090929,0.089369,0.048284,0.182757,0.202084,0.054327,-0.012320,0.169425,0.061027,0.339953,0.345560,0.151076,0.054717,0.126546,0.187894,0.096804,0.197151,0.145238,0.157526,0.172709,0.226129,0.199589,0.192675,0.097119,0.038589,0.003461,0.136947,0.199901,0.120657,0.134566,0.176850,0.213122,0.185953,0.064844,0.067977,-0.033187,0.127245,0.168592,0.054750,0.011425,-0.060567,0.119530,0.054548,0.114816,-0.009176,0.206685,0.131029
0.330704,0.382578,0.475291,0.421128,0.686449,0.824921,0.416027,0.373995,0.389365,0.530184,0.229455,0.265919,0.151021,0.170293,0.808337,0.423231,0.225108,0.197752,0.286818,0.235262,0.732263,0.449537,0.386553,0.398474,0.453578,0.426588,0.000000,1.057770,0.215237,0.173846,0.254070,0.161351,0.226024,0.162429,0.366865,0.054607,0.044514,-0.009651,0.138585,0.160418,0.141306,0.092198,0.262003,0.246416,0.226483,0.228515,0.220967,0.306131,0.286165,0.280752,0.270696,0.366784,0.210713,0.352082,0.355840,0.285721,0.313760,0.372520,0.449503,0.410826,0.423444,0.545702,0.256263,0.569197,0.597228,0.711908,0.364529,0.286258,0.242211,0.336076,0.203018,0.241946,0.172281,0.167456,0.389884,0.139280,0.280266,0.397480,0.088034,0.153933,0.377285,0.487683,0.107689,0.007147,0.465649,0.456452,0.277494,0.102485,0.599211,0.636162
0.238433,0.376379,0.424256,0.446211,0.758602,1.033695,0.333835,0.384558,0.503331,0.615766,0.146537,0.231494,0.163869,0.163223,0.745799,0.466963,0.180447,0.201544,0.286686,0.244969,0.582266,0.370215,0.401994,0.443584,0.544598,0.429664,1.057770,0.000000,0.092831,0.102105,0.228892,0.198310,0.228500,0.197200,0.364818,0.133713,0.122410,0.160483,0.186729,0.319409,0.001100,0.151980,0.319224,0.292820,0.277720,0.238573,0.266274,0.403285,0.268688,0.286832,0.264275,0.365201,0.286979,0.441250,0.368872,0.301351,0.350418,0.331206,0.443947,0.405483,0.422245,0.468404,0.270186,0.384163,0.561906,0.635953,0.447324,0.384475,0.356869,0.462154,0.099265,0.080908,0.181667,0.208118,0.464179,0.331985,0.332680,0.410145,-0.051194,0.142237,0.321277,0.425557,0.142716,0.148544,0.440788,0.508406,0.388555,0.299900,0.616496,0.687943
0.339026,0.428662,0.420228,0.505953,0.018041,0.216324,0.352321,0.373924,0.029095,0.000718,0.786599,0.761850,0.475752,0.377045,0.522585,0.436554,0.845535,0.663941,0.545025,0.483953,0.573099,0.625670,0.430416,0.409682,0.202028,0.292165,0.215237,0.092831,0.000000,1.439458,0.753767,0.621293,0.540888,0.634077,0.306035,0.150456,0.299305,0.241466,0.262173,0.159143,0.416855,0.470214,0.221040,0.215116,0.145018,0.271142,0.313085,0.261033,0.267902,0.267219,0.257704,0.238011,0.165044,0.108232,0.233952,0.206273,0.385449,0.398761,0.208317,0.228916,0.416497,0.365907,0.646607,0.643408,0.263098,0.395408,0.054659,0.133149,0.205734,0.001052,0.720108,0.604968,0.711678,0.700823,0.677953,0.540282,0.330588,0.329581,0.634417,0.627486,0.915364,0.708353,0.451440,0.115859,0.539767,0.389236,0.197475,0.088400,0.247524,0.149473
0.226137,0.402952,0.294721,0.390803,0.056562,0.170598,0.183849,0.303424,0.008405,0.001124,0.655545,0.763669,0.318554,0.423527,0.448927,0.646284,0.755635,0.664626,0.440909,0.406372,0.334528,0.428092,0.323507,0.319831,0.273770,0.321215,0.173846,0.102105,1.439458,0.000000,0.698074,0.596015,0.425206,0.514096,0.306152,0.173710,0.183165,0.264394,0.097636,0.126779,0.183282,0.409568,0.076357,0.071908,0.043143,0.147583,0.171988,0.144736,0.125085,0.101452,0.106073,0.071477,0.023275,0.000432,0.037881,0.104656,0.333339,0.399072,0.118385,0.125836,0.236816,0.247324,0.428291,0.482440,0.215115,0.291035,0.025838,0.094999,0.199359,-0.044774,0.553359,0.539648,0.550273,0.661906,0.541538,0.478492,0.207711,0.222944,0.577472,0.759167,0.682064,0.651643,0.501451,0.275257,0.324146,0.257035,0.190531,0.216916,0.048578,0.087312
0.350821,0.474454,0.436995,0.600073,0.142873,0.384285,0.335817,0.629258,0.065022,0.198920,0.697068,0.757190,0.523043,0.586678,0.348027,0.353194,0.457320,0.626812,0.490550,0.494612,0.461769,0.692287,0.569343,0.543888,0.372624,0.513627,0.254070,0.228892,0.753767,0.698074,0.000000,1.385729,0.623572,0.750340,0.432777,0.318654,0.245528,0.214633,0.235098,0.203934,0.326896,0.480499,0.081833,0.100709,0.035745,0.092943,0.123537,0.129323,0.131635,0.079379,0.174382,0.148613,0.130404,0.097405,0.173614,0.325059,0.320815,0.477476,0.041879,0.167965,0.270763,0.445792,0.353044,0.533768,0.219292,0.338569,0.028156,0.133577,0.256533,0.126964,0.846504,0.778353,0.612925,0.665842,0.566687,0.674948,0.333954,0.413940,0.187799,0.356476,0.282728,0.391886,0.033176,-0.280445,0.264519,0.358376,0.076146,0.035997,0.115366,0.198807
0.470315,0.650120,0.510427,0.700975,0.047356,0.314005,0.374329,0.747257,-0.031607,0.116174,0.638644,0.829884,0.592917,0.719243,0.333393,0.425798,0.480029,0.759956,0.598152,0.670314,0.304556,0.669150,0.724402,0.706578,0.173111,0.251732,0.161351,0.198310,0.621293,0.596015,1.385729,0.000000,0.781776,1.032455,0.548145,0.451107,0.242387,0.320018,0.267264,0.370403,0.355639,0.673320,0.140554,0.210367,0.104328,0.209194,0.149862,0.168746,0.209271,0.176053,0.202719,0.202520,0.058811,0.057224,0.128519,0.385858,0.415674,0.594496,0.084554,0.171837,0.277670,0.493048,0.380369,0.532436,0.247549,0.366737,0.105471,0.229352,0.365308,0.171271,0.795390,0.790418,0.762557,0.851678,0.626964,0.868764,0.372002,0.454444,0.239235,0.452107,0.282817,0.466662,0.114924,-0.193593,0.304953,0.483764,0.104275,0.196652,0.073943,0.217590
0.876578,0.706834,0.823338,0.812742,0.061280,0.342487,0.721936,0.760358,0.158797,0.202844,0.642500,0.762737,0.553811,0.452578,0.414589,0.330015,0.534013,0.911858,0.887511,1.135991,0.458015,0.487226,0.787538,0.755999,-0.021614,0.097718,0.226024,0.228500,0.540888,0.425206,0.623572,0.781776,0.000000,1.514123,0.927684,0.654531,0.237228,0.359518,0.222133,0.262705,0.464686,0.561800,0.711851,0.759724,0.667253,0.623062,0.681854,0.716993,0.772083,0.684460,0.706686,0.800307,0.466879,0.484158,0.353875,0.476951,0.927924,0.569562,0.559672,0.565167,0.807179,0.696515,0.948388,0.660844,0.616061,0.582002,0.673548,0.697431,0.741834,0.693577,0.399049,0.426060,0.857936,0.741524,0.897465,0.828434,0.544790,0.601320,0.359114,0.536452,0.565949,0.782558,0.082686,0.048303,0.538189,0.767216,-0.036731,0.107251,0.251731,0.308925
0.674456,0.796206,0.706441,0.808412,0.044029,0.294734,0.539316,0.689598,0.103210,0.132035,0.610919,0.839313,0.529428,0.508601,0.388796,0.315997,0.589483,0.937421,0.662255,0.916835,0.425153,0.646787,0.719178,0.755958,-0.007272,0.083007,0.162429,0.197200,0.634077,0.514096,0.750340,1.032455,1.514123,0.000000,0.875827,0.792151,0.259296,0.434192,0.255855,0.327036,0.496555,0.726381,0.502358,0.615293,0.460315,0.554048,0.588793,0.568649,0.553393,0.558565,0.507320,0.598284,0.316775,0.268868,0.270136,0.543879,0.760770,0.692214,0.425397,0.491769,0.615169,0.698068,0.778171,0.707124,0.400363,0.563112,0.476743,0.637892,0.607440,0.488254,0.610585,0.612190,1.021894,0.944013,0.956000,0.892480,0.689753,0.727570,0.446500,0.551185,0.540997,0.717417,0.133646,-0.072897,0.508785,0.715971,0.053738,0.138628,0.230011,0.286492
0.523807,0.804364,0.506627,0.494967,0.173779,0.409232,0.402766,0.507205,0.182913,0.338371,0.432573,0.630704,0.366385,0.438398,0.417037,0.415451,0.479618,0.817918,0.487714,0.631368,0.429249,0.569769,0.463471,0.482459,0.110374,0.111572,0.366865,0.364818,0.306035,0.306152,0.432777,0.548145,0.927684,0.875827,0.000000,1.017807,0.313722,0.409419,0.215194,0.363780,0.291311,0.399445,0.520923,0.667243,0.537894,0.637713,0.563193,0.535567,0.617405,0.657618,0.611299,0.698058,0.464484,0.376162,0.401933,0.447092,0.728338,0.780543,0.589173,0.540743,0.638890,0.804972,0.688363,0.703019,0.760669,0.752424,0.883640,0.871400,0.648903,0.513786,0.374297,0.482130,0.758187,0.654920,0.788722,0.703117,0.765267,0.799417,0.472187,0.464218,0.418667,0.815663,0.107802,0.046736,0.591664,0.716114,0.078285,0.201469,0.287699,0.347746
0.340416,0.630007,0.325733,0.351909,0.076690,0.239289,0.174199,0.325112,0.063996,0.154562,0.221367,0.451035,0.181580,0.342398,0.103971,0.216668,0.259994,0.521218,0.205235,0.382815,0.137080,0.374888,0.246432,0.327436,0.047057,0.080550,0.054607,0.133713,0.150456,0.173710,0.318654,0.451107,0.654531,0.792151,1.017807,0.000000,0.158486,0.408035,0.153270,0.277574,0.132303,0.345672,0.361412,0.537294,0.417637,0.559789,0.451023,0.407099,0.422989,0.467540,0.428784,0.474145,0.335070,0.206651,0.192008,0.436363,0.520486,0.643248,0.461496,0.466259,0.361748,0.516829,0.372207,0.403731,0.313905,0.423186,0.674116,0.803942,0.397275,0.345638,0.290844,0.307663,0.548008,0.560660,0.574206,0.633238,0.728256,0.703307,0.324251,0.271103,0.151701,0.411094,-0.027067,-0.040200,0.219601,0.458665,-0.055801,0.162554,0.072366,0.146831
0.258963,0.304379,0.214909,0.129841,0.166271,0.289160,0.150773,0.091351,0.078292,0.239802,0.305257,0.219320,0.274064,0.226003,0.165450,0.221607,0.272607,0.358349,0.360605,0.257941,0.316432,0.373380,0.161486,0.135154,0.133281,0.101218,0.044514,0.122410,0.299305,0.183165,0.245528,0.242387,0.237228,0.259296,0.313722,0.158486,0.000000,0.793996,0.758305,0.599018,0.415768,0.624611,0.310110,0.303374,0.181316,0.249734,0.435611,0.334583,0.227934,0.287121,0.324346,0.303140,0.332294,0.251960,0.672251,0.423792,0.406778,0.336136,0.267492,0.244620,0.313810,0.228314,0.373258,0.329409,0.186476,0.161995,0.239802,0.257117,0.363679,0.068339,0.328336,0.280195,0.515380,0.388637,0.440403,0.488652,0.545065,0.480221,0.387981,0.189477,0.377587,0.352091,0.159166,0.127005,0.613458,0.527832,0.264451,0.336909,0.449284,0.324449
0.281112,0.307750,0.129443,0.156939,0.096517,0.139929,0.100529,0.125282,0.024117,0.064694,0.323333,0.390330,0.226226,0.322541,0.128487,0.342806,0.349191,0.500685,0.227398,0.229617,0.179307,0.351364,0.120526,0.116690,0.024909,0.005162,-0.009651,0.160483,0.241466,0.264394,0.214633,0.320018,0.359518,0.434192,0.409419,0.408035,0.793996,0.000000,0.520574,0.820438,0.201403,0.644692,0.296461,0.385128,0.245848,0.342458,0.435782,0.401464,0.238063,0.302035,0.231400,0.329508,0.167677,0.116131,0.306190,0.405360,0.395849,0.299532,0.252755,0.118011,0.240550,0.158163,0.342648,0.216859,0.150953,0.117686,0.260811,0.323852,0.400792,0.090676,0.242678,0.193995,0.601126,0.598710,0.516278,0.548773,0.477859,0.412634,0.282050,0.247633,0.307674,0.444468,0.207250,0.279247,0.369497,0.562337,0.135981,0.434580,0.167209,0.223244
0.315251,0.353588,0.244460,0.192467,0.101823,0.249098,0.198473,0.156100,-0.020081,0.063881,0.230816,0.279564,0.334680,0.328870,0.266622,0.126922,0.250893,0.345630,0.240373,0.188120,0.257717,0.338014,0.159739,0.137426,-0.017866,-0.008469,0.138585,0.186729,0.262173,0.097636,0.235098,0.267264,0.222133,0.255855,0.215194,0.153270,0.758305,0.520574,0.000000,0.971842,0.385774,0.592471,0.350587,0.343530,0.192640,0.322749,0.224014,0.231603,0.281364,0.299777,0.307592,0.361104,0.270974,0.285476,0.576195,0.653642,0.398198,0.365321,0.330131,0.328262,0.393688,0.321097,0.347691,0.309162,0.242054,0.263522,0.218018,0.276711,0.337678,0.094696,0.202319,0.054978,0.365678,0.256249,0.517249,0.488377,0.413824,0.404732,0.090822,0.158660,0.437496,0.434451,0.302653,0.244463,0.560601,0.665444,0.465195,0.375726,0.616374,0.600460
0.352688,0.399465,0.303272,0.287716,0.166849,0.253672,0.255565,0.244943,0.054590,0.068869,0.294674,0.288953,0.298692,0.348506,0.307148,0.301741,0.288635,0.389220,0.328985,0.261559,0.170417,0.325309,0.292263,0.303173,0.016659,-0.022738,0.160418,0.319409,0.159143,0.126779,0.203934,0.370403,0.262705,0.327036,0.363780,0.277574,0.599018,0.820438,0.971842,0.000000,0.249757,0.621147,0.257872,0.344966,0.192405,0.365136,0.190348,0.251930,0.212195,0.296182,0.181418,0.328573,0.095710,0.245159,0.276888,0.776229,0.450519,0.403458,0.313059,0.262385,0.317005,0.282027,0.283455,0.232299,0.314745,0.301160,0.281894,0.340103,0.461885,0.130910,0.141259,0.054836,0.426569,0.407649,0.518958,0.540835,0.412484,0.398846,0.141327,0.199674,0.288065,0.484658,0.413599,0.341870,0.475792,0.728414,0.531909,0.574565,0.450687,0.635049
0.454929,0.236673,0.326623,0.305648,-0.020828,0.037001,0.386322,0.342168,-0.074603,0.044521,0.380019,0.228469,0.534867,0.274043,0.339459,-0.017188,0.217276,0.322380,0.271482,0.402865,0.594371,0.572892,0.312014,0.249246,-0.140848,-0.000789,0.141306,0.001100,0.416855,0.183282,0.326896,0.355639,0.464686,0.496555,0.291311,0.132303,0.415768,0.201403,0.385774,0.249757,0.000000,0.636837,0.288932,0.258225,0.119801,0.149161,0.238390,0.235197,0.190284,0.249142,0.264809,0.375939,0.055306,0.145534,0.274883,0.314150,0.283324,0.159750,0.132121,0.159991,0.366243,0.261325,0.443886,0.368945,0.229021,0.302499,0.074253,0.094738,0.215601,0.059357,0.406440,0.306008,0.444464,0.493247,0.395237,0.429913,0.263132,0.318269,0.392596,0.273554,0.494733,0.458896,0.308413,-0.083258,0.493522,0.467121,0.067106,-0.170970,0.288825,0.246653
0.372450,0.430046,0.382432,0.444266,0.145313,0.210467,0.273031,0.385436,-0.007154,0.078136,0.475947,0.455840,0.411179,0.436120,0.399506,0.415496,0.495793,0.665728,0.397929,0.443478,0.243003,0.526585,0.430028,0.389339,0.071891,0.076755,0.092198,0.151980,0.470214,0.409568,0.480499,0.673320,0.561800,0.726381,0.399445,0.345672,0.624611,0.644692,0.592471,0.621147,0.636837,0.000000,0.318403,0.373590,0.268973,0.389378,0.286095,0.283327,0.314848,0.341314,0.250971,0.344341,0.070565,0.094751,0.189872,0.514625,0.399119,0.380885,0.239992,0.191966,0.300382,0.326109,0.412691,0.400314,0.248093,0.332242,0.217573,0.305560,0.352116,0.049701,0.485253,0.410870,0.701895,0.876037,0.615260,0.715558,0.406275,0.365662,0.340743,0.460599,0.453300,0.569923,0.426756,0.126535,0.571392,0.650151,0.325909,0.460172,0.253680,0.399755
0.601297,0.441905,0.468686,0.362275,0.111409,0.464680,0.481472,0.333300,0.206104,0.299424,0.215431,0.351824,0.343303,0.150535,0.315003,0.264895,0.294208,0.518806,0.460900,0.534208,0.379167,0.223085,0.384039,0.343190,0.032838,0.151871,0.262003,0.319224,0.221040,0.076357,0.081833,0.140554,0.711851,0.502358,0.520923,0.361412,0.310110,0.296461,0.350587,0.257872,0.288932,0.318403,0.000000,1.731836,1.346728,0.997186,1.243028,1.462055,1.287306,1.001707,1.533676,1.123314,1.025133,1.010045,0.721978,0.387558,0.788303,0.321891,0.929586,0.534856,0.903179,0.382798,0.737701,0.339902,0.713987,0.452442,0.999744,0.676936,0.422516,0.686245,-0.121861,-0.111212,0.430834,0.274025,0.581789,0.378020,0.297700,0.301863,0.180681,0.292098,0.611816,0.644560,0.064352,0.323152,0.534345,0.684716,-0.063400,0.141213,0.467473,0.405872
0.612135,0.478265,0.502970,0.392436,0.103559,0.416537,0.495393,0.328604,0.212550,0.256708,0.237880,0.390026,0.290723,0.154410,0.292050,0.295636,0.319577,0.561861,0.436682,0.527451,0.329807,0.282829,0.408417,0.402318,-0.000985,0.090929,0.246416,0.292820,0.215116,0.071908,0.100709,0.210367,0.759724,0.615293,0.667243,0.537294,0.303374,0.385128,0.343530,0.344966,0.258225,0.373590,1.731836,0.000000,1.361517,1.261185,1.247189,1.430676,1.354937,1.234538,1.296032,1.198207,0.991977,0.840755,0.640485,0.464674,0.824634,0.388541,0.961068,0.571453,0.854826,0.482677,0.712558,0.410188,0.673343,0.544034,1.090627,0.825500,0.498543,0.685093,-0.080922,-0.031462,0.537177,0.388343,0.628862,0.419967,0.403063,0.397761,0.216245,0.347939,0.550328,0.668722,0.056300,0.279858,0.542903,0.798448,-0.024605,0.174956,0.409105,0.438237
0.410003,0.283392,0.443162,0.313397,0.098613,0.442062,0.396800,0.221160,0.177825,0.271471,0.149415,0.271779,0.145686,0.012716,0.234942,0.348025,0.288053,0.451468,0.436031,0.433390,0.204523,0.092340,0.359802,0.341529,0.077222,0.089369,0.226483,0.277720,0.145018,0.043143,0.035745,0.104328,0.667253,0.460315,0.537894,0.417637,0.181316,0.245848,0.192640,0.192405,0.119801,0.268973,1.346728,1.361517,0.000000,1.384722,1.016632,1.139647,1.797025,1.346293,1.257570,1.045717,0.921261,0.940402,0.499239,0.314174,0.597718,0.210271,1.042725,0.528699,0.782545,0.349685,0.648083,0.273538,0.751895,0.458360,1.172851,0.924387,0.409488,0.685674,-0.185688,-0.142386,0.428447,0.254283,0.528590,0.370859,0.300982,0.212749,0.070175,0.245964,0.438361,0.530790,0.045574,0.274719,0.493565,0.578243,-0.068182,0.253994,0.334875,0.290500
0.452632,0.366834,0.487556,0.334787,0.099201,0.400522,0.408162,0.188360,0.121718,0.156373,0.204365,0.334716,0.149299,0.098910,0.234315,0.376074,0.398046,0.538836,0.422737,0.378051,0.213105,0.222378,0.369750,0.372045,0.034831,0.048284,0.228515,0.238573,0.271142,0.147583,0.092943,0.209194,0.623062,0.554048,0.637713,0.559789,0.249734,0.342458,0.322749,0.365136,0.149161,0.389378,0.997186,1.261185,1.384722,0.000000,0.876272,0.902881,1.415843,1.503233,0.957075,0.922340,0.758421,0.688814,0.427978,0.475386,0.619977,0.366701,1.004980,0.562747,0.674744,0.490356,0.602380,0.393988,0.602849,0.581623,1.005243,0.967942,0.449390,0.453244,-0.031307,0.027862,0.536599,0.410736,0.593118,0.406607,0.411116,0.317386,0.199690,0.397524,0.492977,0.635520,0.161164,0.274716,0.554857,0.672417,0.087056,0.313456,0.360088,0.386300
0.550805,0.422079,0.447860,0.358514,0.155784,0.412708,0.400586,0.256868,0.243031,0.279145,0.245724,0.334594,0.270398,0.064629,0.262072,0.234244,0.305711,0.437781,0.441235,0.552614,0.427350,0.287725,0.329864,0.310156,0.118138,0.182757,0.220967,0.266274,0.313085,0.171988,0.123537,0.149862,0.681854,0.588793,0.563193,0.451023,0.435611,0.435782,0.224014,0.190348,0.238390,0.286095,1.243028,1.247189,1.016632,0.876272,0.000000,1.619991,0.932679,0.868058,1.040805,0.805268,0.948692,0.758374,0.700023,0.358182,0.757542,0.333331,0.793224,0.494790,0.702759,0.354506,0.720269,0.374776,0.434713,0.355942,0.825528,0.637122,0.512181,0.628208,0.015977,0.031795,0.531308,0.354634,0.570956,0.322067,0.483952,0.444833,0.408032,0.269690,0.572139,0.534398,0.016010,0.223690,0.492084,0.546475,-0.096829,0.113111,0.405094,0.260439
0.607435,0.448727,0.479177,0.365148,0.197256,0.483683,0.472792,0.306998,0.273260,0.316636,0.233238,0.360154,0.326049,0.119790,0.304241,0.291166,0.225985,0.453272,0.452210,0.561649,0.452504,0.284175,0.393323,0.386206,0.130089,0.202084,0.306131,0.403285,0.261033,0.144736,0.129323,0.168746,0.716993,0.568649,0.535567,0.407099,0.334583,0.401464,0.231603,0.251930,0.235197,0.283327,1.462055,1.430676,1.139647,0.902881,1.619991,0.000000,1.042922,0.988033,1.120625,0.990985,0.968125,0.875559,0.609191,0.338842,0.803964,0.342042,0.896511,0.552857,0.837390,0.418865,0.682580,0.410578,0.560336,0.472090,0.953801,0.689323,0.510108,0.843098,-0.071235,-0.035093,0.472674,0.305959,0.566657,0.340810,0.375568,0.408982,0.203257,0.340673,0.560988,0.598782,0.014036,0.249856,0.468252,0.678021,-0.107220,0.099704,0.412172,0.351665
0.527177,0.401909,0.516167,0.394985,0.070977,0.448125,0.491230,0.327076,0.152854,0.281722,0.266174,0.418962,0.263328,0.153585,0.297294,0.352644,0.380457,0.561886,0.541853,0.520533,0.295695,0.216817,0.449690,0.403642,0.031366,0.054327,0.286165,0.268688,0.267902,0.125085,0.131635,0.209271,0.772083,0.553393,0.617405,0.422989,0.227934,0.238063,0.281364,0.212195,0.190284,0.314848,1.287306,1.354937,1.797025,1.415843,0.932679,1.042922,0.000000,1.477482,1.428215,1.156646,0.914096,0.862550,0.564245,0.355482,0.683245,0.327995,1.154547,0.625430,0.977308,0.517645,0.756452,0.442069,0.868194,0.603622,1.127730,0.926298,0.443566,0.649467,-0.045100,0.007133,0.512534,0.329578,0.638005,0.441710,0.358163,0.320144,0.129947,0.370318,0.549668,0.686487,0.032743,0.216029,0.608377,0.732316,-0.027584,0.202802,0.400473,0.386033
