0.000000,1.243832,0.263935,0.236902,0.182412,0.201191,0.551180,0.556346,0.237024,0.227269,0.574004,0.749983,0.482050,0.462562,0.388549,0.280521,0.354954,0.695448,1.033862,0.935727,0.185670,0.265724,0.083253,0.070855,-0.018500,-0.035498,0.144358,0.213804,0.471325,0.453733,0.164447,0.235179,0.513794,0.638575,0.105042,-0.021299,0.303314,0.255090,0.211466,0.146319,0.434947,0.303908,0.629037,0.601383,0.597538,0.487137,0.580427,0.745846,0.745307,0.591933,0.661202,0.505376,0.679774,0.907800,0.534733,0.491659,1.176722,1.110546,0.605053,0.489893,0.319397,0.236845,0.496967,0.485063,0.192186,0.183769,0.551299,0.482850,1.035261,0.694115,0.088889,0.250527,0.762023,0.733000,0.580667,0.593342,0.527555,0.481221,0.197097,0.362854,0.479134,0.584645,0.429492,0.229158,0.769665,0.627351,0.295051,0.253859,0.428202,0.707647
1.243832,0.000000,0.304384,0.292169,0.169502,0.195392,0.454854,0.411405,0.166117,0.047337,0.422618,0.590490,0.320067,0.438911,0.348753,0.279960,0.335070,0.697920,0.933449,1.159168,0.141421,0.157245,0.148573,0.123129,-0.010733,-0.010358,0.157964,0.240520,0.345239,0.329901,0.186284,0.213140,0.590626,0.683850,0.115177,-0.004597,0.356284,0.352090,0.169026,0.318919,0.374974,0.349017,0.592112,0.584462,0.591279,0.531566,0.602055,0.886096,0.683296,0.587762,0.677338,0.555983,0.494790,0.967255,0.566386,0.666525,1.113100,1.457677,0.397433,0.393791,0.272768,0.044601,0.364402,0.484340,0.251817,0.230138,0.530253,0.515957,1.176827,0.970454,-0.003056,0.135871,0.709093,0.725439,0.475431,0.510335,0.386082,0.422756,0.206252,0.386375,0.523017,0.619329,0.486946,0.318255,0.721250,0.666097,0.355809,0.249827,0.479365,0.701936
0.263935,0.304384,0.000000,1.774896,0.332053,-0.018349,1.036136,0.714207,0.433992,0.203951,0.355157,0.334046,0.551588,0.642264,0.723778,0.632916,0.093317,0.247893,0.475501,0.346119,0.450229,0.331526,1.696007,1.343647,0.565502,0.596145,0.124800,-0.064858,0.197728,0.180871,1.116959,1.077022,0.299989,0.176382,0.219860,-0.030374,0.022337,0.015777,0.058933,0.073669,0.234458,0.202058,-0.073599,-0.185496,-0.146649,0.101551,0.024947,0.075964,0.136461,0.155424,0.215470,0.183241,0.134259,0.241890,-0.037041,0.019048,0.247211,0.320729,0.083550,0.163845,0.149921,-0.112553,-0.090850,-0.045352,0.501286,0.364285,0.150898,-0.003602,0.263582,0.075717,0.256606,0.292073,0.314960,0.315420,-0.004646,-0.079891,-0.034060,0.007174,0.007856,0.080511,0.006827,0.078248,0.264385,0.089355,0.132863,0.131158,0.212618,0.153063,0.391653,0.322646
0.236902,0.292169,1.774896,0.000000,0.188632,-0.038723,0.885750,0.747200,0.309887,0.177426,0.279209,0.328801,0.463223,0.621736,0.569635,0.538179,0.015064,0.226299,0.421277,0.352745,0.443371,0.293887,1.460450,1.428168,0.447307,0.517730,0.015471,-0.120686,0.136822,0.157854,1.140577,1.136215,0.270549,0.194839,0.162667,-0.061854,-0.036426,-0.014300,0.003976,0.061593,0.174091,0.146077,-0.172276,-0.239345,-0.207456,0.023955,-0.019330,0.010952,0.054067,0.089671,0.103621,0.116301,0.043866,0.179114,-0.094958,-0.037088,0.183887,0.266823,0.016085,0.128294,0.052488,-0.120545,-0.126731,-0.048210,0.388302,0.322088,0.058575,-0.030936,0.222419,0.028109,0.274563,0.318954,0.273478,0.307362,-0.010754,-0.116037,-0.053599,0.013230,-0.047875,0.048606,-0.032227,0.029643,0.145567,0.036446,0.038027,0.057838,0.148788,0.115224,0.314640,0.254660
0.182412,0.169502,0.332053,0.188632,0.000000,0.591630,0.449516,0.327423,0.935946,0.662793,0.384117,0.336090,0.469183,0.251961,0.428913,0.381685,0.266470,0.240489,0.295125,0.153674,0.201420,0.343354,0.250825,0.115135,0.819385,0.735991,0.526292,0.242993,0.180798,0.184008,0.209062,0.282404,0.071127,0.066540,-0.057283,0.034710,0.183361,0.074523,0.062234,0.003069,0.132514,0.169164,0.367226,0.141667,0.234464,0.412468,0.230774,0.258554,0.439016,0.502740,0.385364,0.387305,0.358620,0.223225,0.106524,0.207711,0.308490,0.221472,0.423082,0.479076,0.350329,0.082906,0.047898,0.159681,0.112116,0.147042,0.264322,0.231392,0.291669,0.184766,0.114838,0.098622,0.321539,0.301860,0.197158,0.221039,0.131529,0.072591,0.186351,0.057157,0.115906,0.174405,0.333368,0.144678,0.366589,0.274681,0.243506,0.155966,0.099374,0.207149
0.201191,0.195392,-0.018349,-0.038723,0.591630,0.000000,0.032881,0.090803,0.484419,0.484944,0.175270,0.169518,0.114051,0.215907,0.153764,0.214584,0.142347,0.169720,0.099491,0.100323,-0.003066,0.154288,-0.064865,-0.033538,0.413035,0.515396,0.351455,0.598369,0.159590,0.109767,-0.000855,-0.002169,0.086725,0.181289,0.076195,0.020450,0.077918,0.057416,-0.011035,0.053791,0.005000,-0.021446,0.259168,0.205813,0.271134,0.067034,0.263933,0.268133,0.224790,0.286726,0.230426,0.208669,0.180146,0.298166,0.285142,0.325934,0.198647,0.263042,0.330546,0.231059,0.241211,0.212129,0.261917,0.199541,0.192651,0.279592,0.311181,0.229998,0.287291,0.157542,-0.030604,-0.037781,0.242717,0.270303,0.310136,0.249274,0.092321,0.028766,0.153392,0.067413,0.130243,0.108917,0.200671,0.070731,0.238133,0.190130,0.184602,0.107754,0.202063,0.305375
0.551180,0.454854,1.036136,0.885750,0.449516,0.032881,0.000000,1.330667,0.662264,0.459705,0.803243,0.767489,1.058983,0.704956,0.758477,0.491009,0.091485,0.327030,0.671708,0.472207,0.428846,0.346641,0.741530,0.543253,0.296867,0.318895,0.006762,-0.151377,0.279689,0.235282,0.729096,0.839634,0.315510,0.323191,-0.049507,-0.161523,0.107743,0.073522,0.034028,0.044007,0.232707,0.210622,0.154958,0.016269,0.091777,0.225261,0.105621,0.199662,0.430376,0.387858,0.406679,0.317557,0.439017,0.366195,0.090721,0.120744,0.420062,0.509284,0.535431,0.478828,0.414308,0.200204,0.092083,0.210686,0.251751,0.195603,0.290533,0.131361,0.385434,0.207296,0.363260,0.478877,0.572667,0.529355,0.266786,0.206159,0.171604,0.184135,-0.042636,0.011855,0.062941,0.125842,0.255872,0.076766,0.336391,0.219133,0.142560,0.118505,0.352697,0.414092
0.556346,0.411405,0.714207,0.747200,0.327423,0.090803,1.330667,0.000000,0.525723,0.546382,0.697719,0.810729,0.812383,0.615193,0.484678,0.356385,0.057876,0.255314,0.606754,0.457384,0.262491,0.203336,0.479569,0.382900,0.115777,0.204473,-0.096779,-0.151199,0.197341,0.185603,0.496733,0.687339,0.233079,0.348368,-0.176036,-0.240651,0.090030,0.081087,-0.037255,0.028334,0.156800,0.121648,0.127591,0.023682,0.071864,0.142442,0.072980,0.150153,0.388239,0.377951,0.278890,0.311261,0.429906,0.309612,0.057485,0.096428,0.371027,0.480781,0.588166,0.609601,0.340800,0.305929,0.074571,0.276633,0.078902,0.123022,0.216086,0.179575,0.340918,0.199956,0.267083,0.391865,0.449919,0.435236,0.254546,0.161933,0.114321,0.120364,-0.063755,0.015299,0.051630,0.067475,0.131491,0.034472,0.257624,0.116968,0.022759,0.065181,0.285220,0.357530
0.237024,0.166117,0.433992,0.309887,0.935946,0.484419,0.662264,0.525723,0.000000,0.784982,0.712528,0.531922,0.777466,0.564887,0.870697,0.753284,0.333818,0.304838,0.282987,0.139417,0.322690,0.483547,0.327495,0.179260,0.541141,0.379893,0.272899,0.005166,0.382093,0.297373,0.294743,0.349276,0.187846,0.190171,-0.032164,-0.012920,0.150308,0.010331,0.083716,0.002916,0.278637,0.242519,0.289765,0.105947,0.151880,0.315655,0.181481,0.237782,0.450651,0.580567,0.471250,0.487736,0.519520,0.333206,0.219925,0.268850,0.297569,0.273056,0.607711,0.612996,0.690329,0.341644,0.249930,0.315653,0.333622,0.323020,0.273105,0.191407,0.279365,0.145799,0.243731,0.193225,0.455209,0.407513,0.352982,0.308537,0.247876,0.140728,0.225458,0.065010,0.149004,0.228859,0.350970,0.177358,0.490498,0.382627,0.391446,0.286978,0.368606,0.389556
0.227269,0.047337,0.203951,0.177426,0.662793,0.484944,0.459705,0.546382,0.784982,0.000000,0.418433,0.474418,0.614809,0.306955,0.407162,0.348988,0.221986,0.186024,0.233812,0.109799,0.102707,0.205350,0.143278,0.033521,0.280749,0.337506,0.077285,-0.067058,0.231348,0.301267,0.126495,0.258526,-0.010759,0.001804,-0.211829,-0.163675,0.139726,0.128015,0.096001,0.009258,0.123145,0.137491,0.274932,0.093520,0.128312,0.218562,0.199427,0.174384,0.337662,0.376772,0.299320,0.305488,0.410781,0.241065,0.105374,0.112405,0.223506,0.175522,0.492698,0.522133,0.289175,0.258894,0.118176,0.098430,0.002014,0.049088,0.089101,0.097724,0.113816,0.079567,0.125509,0.099926,0.168316,0.158258,0.062594,0.019919,0.087228,-0.005659,0.097843,0.069349,0.124057,0.090090,0.200874,0.148434,0.279897,0.126456,0.210341,0.168008,0.010678,0.197386
0.574004,0.422618,0.355157,0.279209,0.384117,0.175270,0.803243,0.697719,0.712528,0.418433,0.000000,0.995251,1.224944,0.842462,0.763531,0.589963,0.372164,0.482709,0.488425,0.311056,0.351615,0.368295,0.260593,0.121772,0.190719,0.076179,0.036630,-0.109222,0.525117,0.324250,0.278806,0.329100,0.199206,0.341003,-0.151998,-0.137812,0.116111,-0.012445,-0.095315,-0.074791,0.383148,0.370452,0.299594,0.203340,0.224315,0.263724,0.061416,0.200987,0.520344,0.557803,0.467267,0.564888,0.580588,0.328992,0.289919,0.330351,0.463562,0.444496,0.555071,0.564126,0.620947,0.306489,0.494642,0.667229,0.137431,0.161177,0.191960,0.125679,0.367447,0.195616,0.406267,0.427835,0.666834,0.509198,0.622076,0.485092,0.389083,0.364592,0.226013,0.035811,0.232701,0.302720,0.254040,0.101289,0.571432,0.485150,0.155369,0.185694,0.357854,0.424557
0.749983,0.590490,0.334046,0.328801,0.336090,0.169518,0.767489,0.810729,0.531922,0.474418,0.995251,0.000000,0.980980,0.829726,0.561000,0.442842,0.350865,0.645920,0.629558,0.570307,0.208938,0.308555,0.193794,0.125149,0.057220,0.007224,0.006409,-0.119203,0.493233,0.468576,0.281321,0.422204,0.305015,0.476640,-0.224647,-0.235365,0.063866,0.011620,-0.000580,-0.041483,0.342374,0.255235,0.423894,0.391571,0.348935,0.416656,0.340015,0.381830,0.714496,0.705863,0.597818,0.614314,0.581455,0.532596,0.381339,0.376595,0.632309,0.574194,0.695867,0.804385,0.571293,0.386170,0.422208,0.757420,0.075519,0.134476,0.285466,0.283925,0.468096,0.342707,0.173259,0.250245,0.648244,0.654124,0.563633,0.391332,0.289066,0.297618,0.238071,0.261298,0.330091,0.444609,0.306564,0.176969,0.621372,0.495581,0.217175,0.216322,0.363166,0.497889
0.482050,0.320067,0.551588,0.463223,0.469183,0.114051,1.058983,0.812383,0.777466,0.614809,1.224944,0.980980,0.000000,0.934142,0.922395,0.652639,0.270722,0.365382,0.473873,0.293004,0.449536,0.433813,0.468135,0.296263,0.231841,0.221723,-0.017360,-0.220798,0.503618,0.386650,0.473742,0.581942,0.201619,0.216749,-0.171079,-0.285660,0.083767,0.035154,-0.020888,-0.037363,0.374857,0.340926,0.248714,0.127012,0.185238,0.287676,0.094461,0.193663,0.486371,0.519501,0.498485,0.463926,0.498655,0.364101,0.178546,0.214132,0.386580,0.385002,0.607126,0.560472,0.615054,0.339367,0.326068,0.469298,0.183559,0.188288,0.191395,0.115864,0.223487,0.101075,0.396309,0.407687,0.509580,0.417956,0.363815,0.217565,0.188604,0.200092,0.157784,0.116255,0.238379,0.264582,0.277067,0.147843,0.514761,0.381625,0.230461,0.241935,0.286169,0.400228
0.462562,0.438911,0.642264,0.621736,0.251961,0.215907,0.704956,0.615193,0.564887,0.306955,0.842462,0.829726,0.934142,0.000000,0.883134,0.927104,0.279670,0.489126,0.412722,0.362765,0.414464,0.291346,0.619916,0.509099,0.333828,0.209585,0.102317,-0.055988,0.510020,0.328282,0.654309,0.635679,0.426165,0.450246,0.119412,-0.125112,0.134880,0.007930,-0.071037,0.036341,0.446876,0.382911,0.174255,0.160921,0.141669,0.181512,0.073407,0.209220,0.298667,0.415415,0.404144,0.417304,0.222072,0.408008,0.265684,0.374717,0.387189,0.430149,0.317201,0.426725,0.530092,0.286457,0.359091,0.456459,0.486413,0.536817,0.280643,0.212582,0.325632,0.175956,0.261798,0.342854,0.474657,0.364205,0.380733,0.204979,0.206005,0.265152,0.240599,0.239425,0.344700,0.359652,0.300324,0.166510,0.462207,0.376945,0.253373,0.230081,0.465709,0.472472
0.388549,0.348753,0.723778,0.569635,0.428913,0.153764,0.758477,0.484678,0.870697,0.407162,0.763531,0.561000,0.922395,0.883134,0.000000,1.340592,0.481337,0.419195,0.498081,0.358025,0.536393,0.496118,0.623679,0.464427,0.427172,0.273053,0.205772,-0.063749,0.775526,0.595579,0.525126,0.528095,0.335931,0.260040,0.190648,-0.040390,0.288725,0.245851,0.232025,0.198620,0.556976,0.581052,0.322641,0.227998,0.269521,0.379249,0.243926,0.362470,0.461796,0.447984,0.642582,0.513274,0.411916,0.434153,0.361327,0.346377,0.406298,0.388888,0.340519,0.295825,0.534702,0.139394,0.317369,0.322535,0.600614,0.444942,0.282918,0.158776,0.367166,0.183064,0.186469,0.210948,0.564766,0.456927,0.293709,0.211092,0.336896,0.274789,0.411827,0.380451,0.487276,0.523441,0.582912,0.400418,0.678382,0.589158,0.574313,0.459352,0.544327,0.484649
0.280521,0.279960,0.632916,0.538179,0.381685,0.214584,0.491009,0.356385,0.753284,0.348988,0.589963,0.442842,0.652639,0.927104,1.340592,0.000000,0.555157,0.388357,0.385811,0.262633,0.511484,0.481109,0.613335,0.496547,0.464315,0.267503,0.379984,0.113026,0.655694,0.511080,0.476837,0.479100,0.347663,0.238762,0.277434,0.103506,0.354444,0.165231,0.238782,0.178179,0.592366,0.555542,0.245187,0.134824,0.198706,0.311075,0.126180,0.285102,0.324922,0.429020,0.492312,0.560005,0.288855,0.323334,0.269185,0.368700,0.387690,0.294600,0.176612,0.281935,0.487036,0.122343,0.266605,0.300484,0.692334,0.675108,0.245810,0.200896,0.317062,0.163328,0.103505,0.141923,0.399235,0.308839,0.244208,0.140163,0.253563,0.220447,0.508496,0.373256,0.473722,0.470782,0.553216,0.335202,0.612222,0.527011,0.599495,0.517675,0.557932,0.514782
0.354954,0.335070,0.093317,0.015064,0.266470,0.142347,0.091485,0.057876,0.333818,0.221986,0.372164,0.350865,0.270722,0.279670,0.481337,0.555157,0.000000,0.877758,0.406065,0.405113,0.175800,0.331175,0.055692,-0.024130,0.240364,0.054234,0.382575,0.120887,0.930458,0.835969,-0.017107,0.014976,0.228129,0.230621,0.182731,0.171566,0.478466,0.245080,0.407872,0.220457,0.487291,0.555647,0.591099,0.489931,0.497384,0.613481,0.367600,0.537764,0.509617,0.560824,0.530031,0.726325,0.390094,0.381595,0.373802,0.509514,0.597093,0.294807,0.093797,0.280832,0.188392,-0.088094,0.662250,0.512713,0.277330,0.214362,0.185693,0.309222,0.347022,0.330128,-0.162230,-0.163451,0.387505,0.327048,0.234226,0.264340,0.329102,0.197224,0.964073,0.741620,0.770176,0.741293,0.641641,0.423465,0.765639,0.661592,0.559704,0.517619,0.205563,0.257144
0.695448,0.697920,0.247893,0.226299,0.240489,0.169720,0.327030,0.255314,0.304838,0.186024,0.482709,0.645920,0.365382,0.489126,0.419195,0.388357,0.877758,0.000000,0.524925,0.619675,0.183702,0.397205,0.153237,0.127292,0.196202,0.027093,0.247120,0.035252,0.617611,0.685713,0.200493,0.219911,0.365385,0.508441,0.117776,0.044496,0.266808,0.195666,0.219136,0.120958,0.428531,0.402052,0.523642,0.585611,0.469266,0.616011,0.521199,0.618832,0.629305,0.644181,0.577890,0.628192,0.427839,0.628787,0.419505,0.545440,0.863462,0.558019,0.219770,0.346566,0.210241,-0.049274,0.601114,0.530914,0.260882,0.186178,0.286518,0.292877,0.579107,0.467422,-0.007286,0.035438,0.491557,0.472539,0.327194,0.397001,0.351781,0.322963,0.516423,0.579875,0.594471,0.803361,0.608589,0.432942,0.763172,0.728828,0.494502,0.438655,0.266323,0.354319
1.033862,0.933449,0.475501,0.421277,0.295125,0.099491,0.671708,0.606754,0.282987,0.233812,0.488425,0.629558,0.473873,0.412722,0.498081,0.385811,0.406065,0.524925,0.000000,1.280213,0.334960,0.226250,0.303020,0.186910,0.172446,0.124295,0.209703,0.182505,0.394005,0.356488,0.228733,0.284830,0.399916,0.388189,0.147822,0.030893,0.372087,0.298574,0.210177,0.293037,0.323509,0.363138,0.635732,0.424883,0.534826,0.483491,0.413524,0.656896,0.621024,0.573110,0.612941,0.576156,0.595120,0.657638,0.363201,0.408102,0.770581,0.781973,0.494325,0.477995,0.285569,0.076261,0.311880,0.284345,0.281902,0.231285,0.557424,0.476842,1.006424,0.839015,0.105462,0.149121,0.828066,0.666277,0.447604,0.361994,0.411200,0.437925,0.206016,0.306945,0.378349,0.386392,0.457440,0.210754,0.701540,0.453111,0.340192,0.270513,0.534051,0.657221
0.935727,1.159168,0.346119,0.352745,0.153674,0.100323,0.472207,0.457384,0.139417,0.109799,0.311056,0.570307,0.293004,0.362765,0.358025,0.262633,0.405113,0.619675,1.280213,0.000000,0.190526,0.093217,0.208874,0.154708,0.033467,0.016704,0.195363,0.199855,0.368943,0.355142,0.157574,0.188457,0.473839,0.546340,0.149484,0.020915,0.455423,0.383613,0.255812,0.379876,0.281351,0.353850,0.612594,0.503373,0.598739,0.483375,0.536371,0.790030,0.595848,0.498775,0.591102,0.542774,0.498956,0.781996,0.500518,0.544799,0.839965,0.902383,0.386277,0.392159,0.205432,0.002359,0.330158,0.327884,0.254662,0.186541,0.574211,0.576354,1.093132,1.097680,-0.105137,-0.035633,0.650906,0.616927,0.377202,0.343290,0.315499,0.336428,0.264311,0.439855,0.499987,0.506950,0.501038,0.306218,0.676348,0.501041,0.398697,0.294279,0.537707,0.654648
0.185670,0.141421,0.450229,0.443371,0.201420,-0.003066,0.428846,0.262491,0.322690,0.102707,0.351615,0.208938,0.449536,0.414464,0.536393,0.511484,0.175800,0.183702,0.334960,0.190526,0.000000,0.679099,0.459091,0.339066,0.393121,0.265327,-0.000457,-0.113285,0.336053,0.184385,0.561029,0.471238,0.053371,-0.037592,0.048184,-0.052108,0.094986,-0.047858,-0.000829,-0.008880,0.355898,0.400339,-0.017918,-0.106146,0.022623,0.015537,-0.227364,-0.028262,0.001459,0.007729,0.071675,0.075679,0.036036,0.070772,-0.056044,0.050981,0.113937,0.047589,-0.059832,0.015546,0.018081,-0.107614,0.058768,0.028996,0.110816,0.123965,-0.043382,-0.078151,0.100482,0.009584,0.559964,0.457411,0.517910,0.389881,0.307069,0.162270,0.259858,0.421414,-0.020934,-0.069502,0.014185,0.012348,0.080596,-0.042644,0.085086,0.037703,0.105984,0.104440,0.113219,0.092566
0.265724,0.157245,0.331526,0.293887,0.343354,0.154288,0.346641,0.203336,0.483547,0.205350,0.368295,0.308555,0.433813,0.291346,0.496118,0.481109,0.331175,0.397205,0.226250,0.093217,0.679099,0.000000,0.296607,0.249764,0.360395,0.251185,0.137773,0.008838,0.457124,0.449865,0.415344,0.468643,0.174802,0.117042,-0.005654,-0.059055,-0.094982,-0.120701,0.193982,-0.053496,0.320886,0.264203,0.159524,0.185297,0.126936,0.238747,0.145321,0.197192,0.250306,0.295401,0.232172,0.263753,0.270776,0.203887,0.101585,0.151411,0.328731,0.133651,0.145290,0.169507,0.222044,0.088986,0.167498,0.183146,0.158625,0.133486,0.077734,-0.018849,0.180263,-0.048100,0.429881,0.298650,0.443425,0.455603,0.392304,0.238707,0.297261,0.319527,0.242387,0.114551,0.178974,0.324247,0.378065,0.210802,0.328351,0.349168,0.403826,0.462408,0.191161,0.165108
0.083253,0.148573,1.696007,1.460450,0.250825,-0.064865,0.741530,0.479569,0.327495,0.143278,0.260593,0.193794,0.468135,0.619916,0.623679,0.613335,0.055692,0.153237,0.303020,0.208874,0.459091,0.296607,0.000000,1.711590,0.606312,0.636546,0.117141,-0.078435,0.125419,0.094996,1.158848,1.030776,0.257000,0.109127,0.294455,0.023080,-0.001285,-0.025571,-0.006280,0.040773,0.247278,0.210675,-0.203100,-0.303736,-0.272495,0.004468,-0.119280,-0.050553,-0.038181,0.033536,0.088507,0.098857,-0.045996,0.085222,-0.133589,-0.070941,0.096287,0.151037,-0.071917,0.050706,0.109877,-0.172224,-0.120520,-0.126009,0.543284,0.408482,0.077000,-0.055420,0.101343,-0.032633,0.284316,0.249861,0.190217,0.166064,-0.083775,-0.203777,-0.096878,-0.027672,-0.003116,0.024422,-0.055622,-0.006310,0.182117,0.042401,0.022187,0.057145,0.154104,0.126036,0.285175,0.207454
0.070855,0.123129,1.343647,1.428168,0.115135,-0.033538,0.543253,0.382900,0.179260,0.033521,0.121772,0.125149,0.296263,0.509099,0.464427,0.496547,-0.024130,0.127292,0.186910,0.154708,0.339066,0.249764,1.711590,0.000000,0.465066,0.599843,0.082443,-0.025785,0.081499,0.088219,1.088710,0.984632,0.260540,0.151263,0.345246,0.082166,-0.078460,-0.041673,-0.003497,-0.013447,0.190825,0.085806,-0.312270,-0.328036,-0.326556,-0.067925,-0.069237,-0.072672,-0.097238,-0.054479,0.008756,0.003755,-0.120010,0.065028,-0.124219,-0.138404,0.066860,0.113600,-0.145454,-0.043690,0.024833,-0.178971,-0.137758,-0.131470,0.523991,0.402450,0.054362,-0.071292,0.085732,-0.099338,0.194789,0.188359,0.104066,0.150146,-0.106507,-0.239280,-0.115296,-0.064847,-0.041726,0.026555,-0.107833,-0.029163,0.119897,-0.002469,-0.057235,0.042458,0.133262,0.112522,0.268090,0.189515
-0.018500,-0.010733,0.565502,0.447307,0.819385,0.413035,0.296867,0.115777,0.541141,0.280749,0.190719,0.057220,0.231841,0.333828,0.427172,0.464315,0.240364,0.196202,0.172446,0.033467,0.393121,0.360395,0.606312,0.465066,0.000000,1.102762,0.463799,0.192758,0.205623,0.138175,0.540479,0.441933,0.062480,-0.009864,0.226359,0.123810,0.070898,-0.119367,0.046606,0.008807,0.132105,0.190797,0.061849,-0.084077,-0.035750,0.124965,-0.033366,0.020271,0.036748,0.168649,0.120064,0.153911,-0.013878,0.026857,-0.051504,0.051492,0.022999,-0.011959,-0.031763,0.071719,0.062321,-0.136981,0.033992,-0.062863,0.338669,0.313849,0.094817,0.019954,0.082483,-0.049715,0.239824,0.143324,0.220059,0.144222,0.052623,0.061554,0.064181,0.077904,0.165353,0.058783,0.010920,0.039225,0.168570,0.047847,0.069854,0.060523,0.152310,0.087556,0.080421,0.057501
-0.035498,-0.010358,0.596145,0.517730,0.735991,0.515396,0.318895,0.204473,0.379893,0.337506,0.076179,0.007224,0.221723,0.209585,0.273053,0.267503,0.054234,0.027093,0.124295,0.016704,0.265327,0.251185,0.636546,0.599843,1.102762,0.000000,0.279076,0.231026,0.119016,0.051941,0.638885,0.566351,0.031394,-0.000759,0.170103,0.039068,-0.030459,-0.003104,-0.037364,0.025212,0.012033,0.009726,-0.076177,-0.203992,-0.108804,-0.020351,-0.044329,-0.030213,-0.045398,0.068031,-0.008273,0.011027,-0.073655,-0.020251,-0.108124,-0.086885,-0.025471,0.039986,0.020606,0.030589,0.009035,-0.136162,-0.042719,-0.102541,0.264860,0.282687,0.088021,0.001629,0.031245,-0.099153,0.242611,0.174211,0.150865,0.174015,-0.060289,-0.062182,-0.097763,-0.085900,-0.025674,-0.067873,-0.115273,-0.130309,0.073949,-0.057512,-0.066147,-0.038173,0.009927,-0.029796,0.034637,0.054294
0.144358,0.157964,0.124800,0.015471,0.526292,0.351455,0.006762,-0.096779,0.272899,0.077285,0.036630,0.006409,-0.017360,0.102317,0.205772,0.379984,0.382575,0.247120,0.209703,0.195363,-0.000457,0.137773,0.117141,0.082443,0.463799,0.279076,0.000000,0.875865,0.152181,0.155999,0.031548,0.040235,0.311959,0.213165,0.484848,0.478456,0.255661,-0.035627,0.292156,0.002583,0.073142,0.091305,0.363145,0.209449,0.379128,0.396870,0.263203,0.314296,0.273028,0.349079,0.332417,0.382595,0.186578,0.237969,0.186133,0.233215,0.322061,0.104051,0.087909,0.135990,0.259637,0.021251,0.138756,0.057620,0.420058,0.393598,0.482741,0.456855,0.374281,0.330203,-0.233993,-0.179041,0.113720,0.025748,0.192197,0.213306,0.149305,0.071639,0.487780,0.348241,0.258664,0.326575,0.411205,0.121566,0.351937,0.303273,0.377190,0.210813,0.299333,0.375378
0.213804,0.240520,-0.064858,-0.120686,0.242993,0.598369,-0.151377,-0.151199,0.005166,-0.067058,-0.109222,-0.119203,-0.220798,-0.055988,-0.063749,0.113026,0.120887,0.035252,0.182505,0.199855,-0.113285,0.008838,-0.078435,-0.025785,0.192758,0.231026,0.875865,0.000000,-0.003612,-0.043429,-0.134755,-0.126343,0.311481,0.263522,0.398283,0.376043,0.146080,0.005382,0.150545,0.119178,-0.048541,-0.108959,0.343424,0.229609,0.368024,0.152830,0.260215,0.311574,0.121479,0.164113,0.189688,0.202620,0.146001,0.240037,0.262056,0.287143,0.254091,0.249336,0.090364,0.060739,0.122610,0.134936,0.100019,-0.009845,0.270734,0.328564,0.504415,0.473542,0.411379,0.346964,-0.310755,-0.215273,0.105818,0.053551,0.230418,0.171940,0.052516,-0.012897,0.271880,0.219794,0.185566,0.170358,0.249334,0.059790,0.225564,0.199855,0.170105,0.141780,0.382165,0.470718
0.471325,0.345239,0.197728,0.136822,0.180798,0.159590,0.279689,0.197341,0.382093,0.231348,0.525117,0.493233,0.503618,0.510020,0.775526,0.655694,0.930458,0.617611,0.394005,0.368943,0.336053,0.457124,0.125419,0.081499,0.205623,0.119016,0.152181,-0.003612,0.000000,1.232803,0.257797,0.280538,0.301001,0.302588,0.123952,-0.041302,0.270507,0.192853,0.327368,0.169277,0.473292,0.439214,0.428999,0.460019,0.457613,0.453736,0.323711,0.459961,0.478070,0.449283,0.488738,0.495110,0.364078,0.399633,0.435861,0.429678,0.524989,0.377783,0.259641,0.241533,0.314933,0.140369,0.734643,0.580898,0.329032,0.237120,0.189997,0.198385,0.318531,0.119496,0.003341,0.097467,0.569679,0.477192,0.354647,0.301236,0.374604,0.289379,0.812007,0.691918,0.851320,0.735025,0.522559,0.362276,0.646519,0.592104,0.455812,0.392012,0.213481,0.252806
0.453733,0.329901,0.180871,0.157854,0.184008,0.109767,0.235282,0.185603,0.297373,0.301267,0.324250,0.468576,0.386650,0.328282,0.595579,0.511080,0.835969,0.685713,0.356488,0.355142,0.184385,0.449865,0.094996,0.088219,0.138175,0.051941,0.155999,-0.043429,1.232803,0.000000,0.184505,0.290017,0.190345,0.193085,-0.018495,-0.136527,0.224904,0.202510,0.446745,0.189230,0.450492,0.428445,0.497822,0.537488,0.474290,0.618000,0.485183,0.542164,0.562986,0.497379,0.541817,0.531437,0.413214,0.421002,0.333858,0.362823,0.560234,0.345247,0.188294,0.201657,0.154378,0.020570,0.535401,0.473989,0.168806,0.071108,0.079513,0.134319,0.295446,0.134580,-0.099151,0.040803,0.317321,0.362474,0.170561,0.156067,0.268988,0.166939,0.875856,0.846144,0.925199,0.929031,0.631490,0.578790,0.686162,0.697982,0.568617,0.490465,0.082220,0.172202
0.164447,0.186284,1.116959,1.140577,0.209062,-0.000855,0.729096,0.496733,0.294743,0.126495,0.278806,0.281321,0.473742,0.654309,0.525126,0.476837,-0.017107,0.200493,0.228733,0.157574,0.561029,0.415344,1.158848,1.088710,0.540479,0.638885,0.031548,-0.134755,0.257797,0.184505,0.000000,1.654401,0.365966,0.295596,0.205562,-0.035200,-0.121627,-0.120412,-0.041860,-0.114004,0.211527,0.153277,-0.259279,-0.261521,-0.250032,-0.074997,-0.143294,-0.097255,-0.083597,-0.012598,-0.051549,-0.055549,-0.150547,0.060394,-0.125492,-0.109716,0.093429,0.154369,-0.030215,0.029908,0.124424,-0.027766,0.032317,0.046723,0.409536,0.317899,0.035066,-0.090714,0.071576,-0.127350,0.448569,0.449087,0.319416,0.294860,0.073546,-0.041699,-0.031877,0.055728,-0.111570,-0.017864,-0.067177,-0.012017,0.053791,-0.063212,-0.062506,-0.000085,0.031780,0.019158,0.131702,0.121241
0.235179,0.213140,1.077022,1.136215,0.282404,-0.002169,0.839634,0.687339,0.349276,0.258526,0.329100,0.422204,0.581942,0.635679,0.528095,0.479100,0.014976,0.219911,0.284830,0.188457,0.471238,0.468643,1.030776,0.984632,0.441933,0.566351,0.040235,-0.126343,0.280538,0.290017,1.654401,0.000000,0.399464,0.304347,0.075317,-0.073318,-0.107078,-0.095397,0.006293,-0.068089,0.221568,0.122906,-0.142524,-0.175734,-0.174465,0.073042,-0.031211,-0.005956,0.071452,0.129994,0.064867,0.099519,0.004633,0.127375,-0.094550,-0.064815,0.191464,0.206272,0.090550,0.196077,0.201240,0.050368,0.010311,0.097215,0.291928,0.249440,0.037353,-0.032298,0.103464,-0.087434,0.360733,0.392424,0.304003,0.321851,0.076345,-0.038311,-0.034310,0.024933,-0.003274,0.064154,0.015116,0.088243,0.148809,0.039485,0.049847,0.089246,0.095893,0.125759,0.145642,0.183008
0.513794,0.590626,0.299989,0.270549,0.071127,0.086725,0.315510,0.233079,0.187846,-0.010759,0.199206,0.305015,0.201619,0.426165,0.335931,0.347663,0.228129,0.365385,0.399916,0.473839,0.053371,0.174802,0.257000,0.260540,0.062480,0.031394,0.311959,0.311481,0.301001,0.190345,0.365966,0.399464,0.000000,1.168779,0.634673,0.445822,0.275457,0.193979,0.339445,0.195685,0.339631,0.197241,0.323491,0.372465,0.372979,0.326545,0.406140,0.472508,0.302522,0.368103,0.411164,0.336410,0.195709,0.568030,0.454369,0.381002,0.522842,0.548895,0.328771,0.302334,0.628795,0.436086,0.394850,0.389876,0.681363,0.674486,0.818638,0.703950,0.589915,0.427649,-0.137011,0.042993,0.402606,0.372222,0.414269,0.365422,0.319426,0.289507,0.215939,0.419206,0.396187,0.463520,0.416244,0.212669,0.485218,0.500935,0.379947,0.342092,0.486187,0.598483
0.638575,0.683850,0.176382,0.194839,0.066540,0.181289,0.323191,0.348368,0.190171,0.001804,0.341003,0.476640,0.216749,0.450246,0.260040,0.238762,0.230621,0.508441,0.388189,0.546340,-0.037592,0.117042,0.109127,0.151263,-0.009864,-0.000759,0.213165,0.263522,0.302588,0.193085,0.295596,0.304347,1.168779,0.000000,0.366438,0.262759,0.301917,0.257731,0.197940,0.146220,0.301344,0.210204,0.316888,0.434382,0.374449,0.269946,0.387661,0.456273,0.335163,0.425285,0.346153,0.340701,0.202998,0.504373,0.498080,0.357412,0.582248,0.604176,0.415108,0.375805,0.576277,0.443034,0.488904,0.596760,0.450166,0.425869,0.706901,0.624182,0.613745,0.488749,-0.053770,0.090191,0.458161,0.462847,0.553442,0.490326,0.342557,0.269449,0.148405,0.327924,0.358439,0.437757,0.334527,0.205483,0.482243,0.499729,0.246614,0.254578,0.435038,0.498082
0.105042,0.115177,0.219860,0.162667,-0.057283,0.076195,-0.049507,-0.176036,-0.032164,-0.211829,-0.151998,-0.224647,-0.171079,0.119412,0.190648,0.277434,0.182731,0.117776,0.147822,0.149484,0.048184,-0.005654,0.294455,0.345246,0.226359,0.170103,0.484848,0.398283,0.123952,-0.018495,0.205562,0.075317,0.634673,0.366438,0.000000,0.864445,0.217732,0.108166,0.290432,0.018798,0.106985,0.069572,0.010140,0.035489,0.224704,0.069099,0.123365,0.165926,-0.005784,0.009555,0.139267,0.020007,-0.152299,0.203577,0.133016,-0.003733,0.116146,0.093846,-0.042802,-0.165715,0.201578,0.068065,0.220300,-0.045443,1.012255,0.848470,0.681727,0.519443,0.267902,0.158034,-0.206313,-0.103805,0.122838,0.035462,0.137934,0.159416,0.266052,0.234859,0.112856,0.279531,0.093975,0.110212,0.189536,-0.050629,0.117143,0.124875,0.254395,0.121999,0.306612,0.280257
-0.021299,-0.004597,-0.030374,-0.061854,0.034710,0.020450,-0.161523,-0.240651,-0.012920,-0.163675,-0.137812,-0.235365,-0.285660,-0.125112,-0.040390,0.103506,0.171566,0.044496,0.030893,0.020915,-0.052108,-0.059055,0.023080,0.082166,0.123810,0.039068,0.478456,0.376043,-0.041302,-0.136527,-0.035200,-0.073318,0.445822,0.262759,0.864445,0.000000,0.257670,0.060164,0.210586,-0.059152,0.003535,-0.045114,0.084174,0.026865,0.172406,0.165361,0.117444,0.126307,0.054036,0.092354,0.074007,0.105303,-0.034469,0.021532,0.086818,-0.053806,0.086404,-0.067652,-0.065809,-0.041824,0.170901,0.075843,0.104745,-0.039925,0.462763,0.503054,0.452503,0.488792,0.189242,0.186218,-0.211721,-0.135833,0.064612,0.005161,0.137698,0.259466,0.325997,0.222157,0.091768,0.002366,-0.071916,-0.023541,0.127022,-0.117552,0.089264,0.129850,0.141641,0.035374,0.158404,0.195874
0.303314,0.356284,0.022337,-0.036426,0.183361,0.077918,0.107743,0.090030,0.150308,0.139726,0.116111,0.063866,0.083767,0.134880,0.288725,0.354444,0.478466,0.266808,0.372087,0.455423,0.094986,-0.094982,-0.001285,-0.078460,0.070898,-0.030459,0.255661,0.146080,0.270507,0.224904,-0.121627,-0.107078,0.275457,0.301917,0.217732,0.257670,0.000000,0.857996,0.488807,0.519186,0.466670,0.593672,0.424861,0.298205,0.367829,0.254031,0.207694,0.370264,0.214665,0.184320,0.346936,0.323074,0.184284,0.228766,0.361678,0.329886,0.392980,0.276838,0.014095,0.048791,0.034550,-0.138591,0.167765,0.105042,0.226369,0.235585,0.326360,0.369990,0.380558,0.493229,-0.244269,-0.155144,0.200858,0.169240,0.056058,0.180485,0.319953,0.234967,0.265203,0.293666,0.457058,0.321322,0.504908,0.409082,0.519365,0.339440,0.371088,0.366868,0.166695,0.202096
0.255090,0.352090,0.015777,-0.014300,0.074523,0.057416,0.073522,0.081087,0.010331,0.128015,-0.012445,0.011620,0.035154,0.007930,0.245851,0.165231,0.245080,0.195666,0.298574,0.383613,-0.047858,-0.120701,-0.025571,-0.041673,-0.119367,-0.003104,-0.035627,0.005382,0.192853,0.202510,-0.120412,-0.095397,0.193979,0.257731,0.108166,0.060164,0.857996,0.000000,0.408814,0.856307,0.335018,0.398120,0.368102,0.377584,0.352234,0.237178,0.389705,0.437827,0.205235,0.115774,0.354929,0.191243,0.178947,0.244699,0.466594,0.335946,0.308784,0.334095,0.061308,-0.020882,-0.038631,-0.151983,0.067622,0.039733,0.148011,0.098974,0.217995,0.195962,0.272889,0.359145,-0.261075,-0.105924,0.121835,0.178256,-0.123336,0.011338,0.243459,0.177124,0.089762,0.272219,0.489576,0.342197,0.472809,0.551165,0.431858,0.367593,0.289576,0.318292,0.114763,0.127453
0.211466,0.169026,0.058933,0.003976,0.062234,-0.011035,0.034028,-0.037255,0.083716,0.096001,-0.095315,-0.000580,-0.020888,-0.071037,0.232025,0.238782,0.407872,0.219136,0.210177,0.255812,-0.000829,0.193982,-0.006280,-0.003497,0.046606,-0.037364,0.292156,0.150545,0.327368,0.446745,-0.041860,0.006293,0.339445,0.197940,0.290432,0.210586,0.488807,0.408814,0.000000,0.498756,0.219068,0.283358,0.491415,0.515436,0.464808,0.446468,0.606121,0.573188,0.276798,0.185691,0.390578,0.274145,0.293437,0.360943,0.500542,0.408606,0.314099,0.183197,-0.033364,-0.032505,0.001942,-0.059481,0.123064,0.063262,0.208543,0.131542,0.254094,0.245014,0.243269,0.222619,-0.231063,-0.069987,0.059866,0.137495,0.015336,0.106674,0.235765,0.178678,0.422872,0.555253,0.550998,0.535261,0.609956,0.536796,0.465218,0.443214,0.645837,0.623769,0.279155,0.269491
0.146319,0.318919,0.073669,0.061593,0.003069,0.053791,0.044007,0.028334,0.002916,0.009258,-0.074791,-0.041483,-0.037363,0.036341,0.198620,0.178179,0.220457,0.120958,0.293037,0.379876,-0.008880,-0.053496,0.040773,-0.013447,0.008807,0.025212,0.002583,0.119178,0.169277,0.189230,-0.114004,-0.068089,0.195685,0.146220,0.018798,-0.059152,0.519186,0.856307,0.498756,0.000000,0.118952,0.276275,0.420701,0.404658,0.313755,0.308524,0.401846,0.535474,0.169249,0.169120,0.363250,0.306294,0.228705,0.284308,0.559932,0.665547,0.244294,0.343405,-0.024215,0.053054,-0.070050,-0.187166,0.010623,-0.020359,0.089852,0.096274,0.113238,0.121347,0.255032,0.353071,-0.275806,-0.128218,0.069302,0.139025,-0.147302,-0.038851,0.072951,0.079648,0.290687,0.322814,0.578423,0.405500,0.484943,0.655902,0.364122,0.352237,0.359226,0.403902,0.351415,0.242908
0.434947,0.374974,0.234458,0.174091,0.132514,0.005000,0.232707,0.156800,0.278637,0.123145,0.383148,0.342374,0.374857,0.446876,0.556976,0.592366,0.487291,0.428531,0.323509,0.281351,0.355898,0.320886,0.247278,0.190825,0.132105,0.012033,0.073142,-0.048541,0.473292,0.450492,0.211527,0.221568,0.339631,0.301344,0.106985,0.003535,0.466670,0.335018,0.219068,0.118952,0.000000,0.615154,0.256851,0.266750,0.208405,0.245111,0.159672,0.242911,0.292046,0.270168,0.442310,0.356205,0.297154,0.279005,0.277200,0.275122,0.488228,0.353419,0.081798,0.097328,0.205459,-0.017397,0.297413,0.316484,0.233043,0.240655,0.189836,0.158662,0.347695,0.206001,0.109496,0.151000,0.377430,0.351115,0.161267,0.199355,0.389966,0.295051,0.288736,0.337747,0.440420,0.517652,0.393076,0.321438,0.600502,0.574396,0.294959,0.397901,0.153342,0.181341
0.303908,0.349017,0.202058,0.146077,0.169164,-0.021446,0.210622,0.121648,0.242519,0.137491,0.370452,0.255235,0.340926,0.382911,0.581052,0.555542,0.555647,0.402052,0.363138,0.353850,0.400339,0.264203,0.210675,0.085806,0.190797,0.009726,0.091305,-0.108959,0.439214,0.428445,0.153277,0.122906,0.197241,0.210204,0.069572,-0.045114,0.593672,0.398120,0.283358,0.276275,0.615154,0.000000,0.368351,0.362611,0.320916,0.311093,0.119909,0.329909,0.270347,0.264604,0.371332,0.403791,0.216237,0.255275,0.337385,0.426269,0.400870,0.251332,-0.020111,0.101422,0.109947,-0.239697,0.329693,0.312755,0.242779,0.194153,0.096876,0.178136,0.312273,0.298180,0.033518,0.058982,0.282132,0.234032,0.152620,0.182886,0.227869,0.235849,0.355169,0.335278,0.561477,0.572645,0.525130,0.546608,0.556088,0.575559,0.456285,0.456494,0.179268,0.210047
0.629037,0.592112,-0.073599,-0.172276,0.367226,0.259168,0.154958,0.127591,0.289765,0.274932,0.299594,0.423894,0.248714,0.174255,0.322641,0.245187,0.591099,0.523642,0.635732,0.612594,-0.017918,0.159524,-0.203100,-0.312270,0.061849,-0.076177,0.363145,0.343424,0.428999,0.497822,-0.259279,-0.142524,0.323491,0.316888,0.010140,0.084174,0.424861,0.368102,0.491415,0.420701,0.256851,0.368351,0.000000,1.220136,1.156063,1.040191,0.955415,1.201542,0.923454,0.857713,1.028230,0.837278,0.796834,0.830552,0.746688,0.819952,0.757376,0.609350,0.441955,0.519268,0.315203,0.188932,0.361720,0.347210,0.068431,0.055423,0.501395,0.597973,0.729944,0.809374,-0.226971,-0.068686,0.403343,0.330952,0.347045,0.429974,0.402006,0.298516,0.589192,0.542960,0.773206,0.801258,0.725514,0.598503,1.114925,0.847356,0.567071,0.502297,0.464497,0.592827
0.601383,0.584462,-0.185496,-0.239345,0.141667,0.205813,0.016269,0.023682,0.105947,0.093520,0.203340,0.391571,0.127012,0.160921,0.227998,0.134824,0.489931,0.585611,0.424883,0.503373,-0.106146,0.185297,-0.303736,-0.328036,-0.084077,-0.203992,0.209449,0.229609,0.460019,0.537488,-0.261521,-0.175734,0.372465,0.434382,0.035489,0.026865,0.298205,0.377584,0.515436,0.404658,0.266750,0.362611,1.220136,0.000000,1.079517,0.893775,1.126493,1.109664,0.792897,0.659516,0.786458,0.572001,0.547314,0.721483,0.854487,0.809395,0.665997,0.539257,0.353560,0.337653,0.229918,0.183303,0.414843,0.445306,0.066080,0.044090,0.466839,0.528970,0.616668,0.559554,-0.221398,-0.056296,0.335210,0.334204,0.365071,0.490851,0.408853,0.337202,0.544621,0.624707,0.891807,0.986707,0.760656,0.760698,0.913816,0.886632,0.577148,0.480817,0.390941,0.390399
0.597538,0.591279,-0.146649,-0.207456,0.234464,0.271134,0.091777,0.071864,0.151880,0.128312,0.224315,0.348935,0.185238,0.141669,0.269521,0.198706,0.497384,0.469266,0.534826,0.598739,0.022623,0.126936,-0.272495,-0.326556,-0.035750,-0.108804,0.379128,0.368024,0.457613,0.474290,-0.250032,-0.174465,0.372979,0.374449,0.224704,0.172406,0.367829,0.352234,0.464808,0.313755,0.208405,0.320916,1.156063,1.079517,0.000000,0.944107,0.799293,1.042054,0.982276,0.767884,0.875061,0.679936,0.577470,0.754828,0.623796,0.622887,0.687387,0.570521,0.460550,0.374420,0.326040,0.244707,0.407232,0.389091,0.191060,0.228596,0.699279,0.812961,0.678458,0.689615,-0.306183,-0.045404,0.352172,0.312670,0.379917,0.519116,0.433953,0.382278,0.489824,0.577481,0.703307,0.731098,0.580623,0.438167,0.877588,0.717258,0.552990,0.405022,0.373550,0.477417
0.487137,0.531566,0.101551,0.023955,0.412468,0.067034,0.225261,0.142442,0.315655,0.218562,0.263724,0.416656,0.287676,0.181512,0.379249,0.311075,0.613481,0.616011,0.483491,0.483375,0.015537,0.238747,0.004468,-0.067925,0.124965,-0.020351,0.396870,0.152830,0.453736,0.618000,-0.074997,0.073042,0.326545,0.269946,0.069099,0.165361,0.254031,0.237178,0.446468,0.308524,0.245111,0.311093,1.040191,0.893775,0.944107,0.000000,0.899894,1.106271,1.175138,1.128064,1.026204,0.970330,0.667686,0.730612,0.495105,0.608190,0.780730,0.547849,0.357621,0.551436,0.345991,0.090262,0.263883,0.357508,0.137500,0.115846,0.403827,0.578245,0.559171,0.600688,-0.210748,-0.048237,0.304409,0.273008,0.238952,0.337638,0.294292,0.240669,0.681325,0.601577,0.720807,0.891031,0.765259,0.615387,0.948159,0.940624,0.666116,0.508127,0.335994,0.453597
0.580427,0.602055,0.024947,-0.019330,0.230774,0.263933,0.105621,0.072980,0.181481,0.199427,0.061416,0.340015,0.094461,0.073407,0.243926,0.126180,0.367600,0.521199,0.413524,0.536371,-0.227364,0.145321,-0.119280,-0.069237,-0.033366,-0.044329,0.263203,0.260215,0.323711,0.485183,-0.143294,-0.031211,0.406140,0.387661,0.123365,0.117444,0.207694,0.389705,0.606121,0.401846,0.159672,0.119909,0.955415,1.126493,0.799293,0.899894,0.000000,1.259099,0.862020,0.649037,0.902841,0.535890,0.605473,0.928132,0.881792,0.686022,0.702609,0.609048,0.394568,0.374289,0.217773,0.121625,0.225722,0.254840,0.157598,0.072928,0.512016,0.519399,0.680204,0.586442,-0.292993,-0.153150,0.286403,0.346547,0.215328,0.298631,0.315099,0.191900,0.421145,0.620695,0.644339,0.817451,0.741733,0.662130,0.816085,0.820699,0.716658,0.521779,0.517954,0.558371
0.745846,0.886096,0.075964,0.010952,0.258554,0.268133,0.199662,0.150153,0.237782,0.174384,0.200987,0.381830,0.193663,0.209220,0.362470,0.285102,0.537764,0.618832,0.656896,0.790030,-0.028262,0.197192,-0.050553,-0.072672,0.020271,-0.030213,0.314296,0.311574,0.459961,0.542164,-0.097255,-0.005956,0.472508,0.456273,0.165926,0.126307,0.370264,0.437827,0.573188,0.535474,0.242911,0.329909,1.201542,1.109664,1.042054,1.106271,1.259099,0.000000,0.975278,0.850469,1.053925,0.825476,0.652984,1.156959,0.809476,0.961201,0.912333,0.860186,0.392422,0.431317,0.303427,0.085624,0.352552,0.352126,0.249736,0.185819,0.582140,0.664137,0.869845,0.907164,-0.244830,-0.112759,0.413029,0.409760,0.337113,0.412382,0.381075,0.335378,0.577549,0.677999,0.838496,0.912006,0.809367,0.643217,1.062430,0.949652,0.697104,0.549617,0.550865,0.705172
