0.000000,0.643309,0.430955,0.270158,0.337749,0.148763,0.453744,0.225274,0.085367,-0.081559,0.910872,0.257844,0.617783,0.294479,0.205737,0.258977,-0.057484,-0.023080,0.797979,0.578552,-0.016484,-0.311380,0.294982,0.241370,0.200502,0.153207,0.395143,0.251170,-0.191061,-0.209555,0.320981,0.329399,0.616635,0.366400,-0.070854,-0.013519,-0.401612,-0.227191,-0.351270,-0.262374,-0.495376,0.245825,-0.055211,-0.004721,-0.054889,-0.024111,-0.135695,0.100642,-0.008495,0.056831,0.014744,0.055430,0.315630,0.147964,0.001216,0.070155,0.627850,0.361796,0.519877,0.218622,0.301621,0.089931,0.191660,0.106363,-0.224432,-0.066174,0.324415,0.245696,0.750158,0.401106,0.429268,0.332134,0.322564,0.265330,0.074004,0.407726,0.517475,0.482655,-0.197503,-0.328891,-0.196651,-0.322551,-0.260560,-0.263897,0.094461,-0.107847,0.192542,0.205334,0.300374,0.148178
0.643309,0.000000,-0.039301,0.202451,0.252879,0.259840,0.056366,0.390662,0.027864,-0.174565,0.307587,0.695705,0.085560,0.357158,0.065118,0.219336,-0.080330,0.254798,0.257613,0.747950,0.089761,-0.056406,-0.196816,-0.031139,-0.164855,-0.137971,0.141451,0.201668,-0.111459,0.027417,0.007470,0.198219,0.517471,0.545016,-0.176552,-0.006671,-0.284693,-0.096423,-0.200643,-0.104220,-0.318622,0.242428,0.240621,0.395703,0.203097,0.413356,0.235730,0.416381,0.309229,0.446562,0.436179,0.456185,0.902778,0.542174,0.440502,0.400352,0.718697,0.773094,0.831764,0.953701,0.292720,0.576890,0.311788,0.532039,-0.588416,0.019584,0.493711,0.731089,0.578503,0.483483,0.277046,0.394181,0.184192,0.566648,-0.076992,0.422265,0.413030,0.500172,-0.071188,-0.039953,-0.039677,0.023220,-0.253192,-0.249035,0.095831,0.220232,0.193017,0.042496,0.212720,0.568555
0.430955,-0.039301,0.000000,0.536569,0.577862,0.264746,1.198858,0.296696,-0.173989,-0.084822,0.396722,-0.201659,0.504314,0.105602,0.324452,-0.002889,-0.318700,-0.640378,0.553650,0.085589,0.109334,-0.168320,1.065033,0.719241,0.651599,0.486923,0.552704,0.440781,-0.467449,-0.579802,0.610633,0.258581,0.069451,-0.229314,0.033344,0.077627,-0.147019,-0.048293,0.037242,0.102346,-0.165455,0.093794,0.082966,-0.108447,-0.178233,-0.370950,0.005950,0.077451,-0.057610,-0.184814,0.165501,-0.014907,-0.041128,0.078721,0.011833,0.174864,-0.186433,-0.147727,0.007011,-0.279703,0.117305,-0.422060,-0.440478,-0.603492,0.303588,-0.099004,0.186528,-0.148748,0.186711,-0.216584,0.218078,0.172731,-0.043072,-0.280449,-0.058624,0.035746,0.339938,0.137958,-0.276074,-0.445580,-0.507154,-0.563122,-0.192432,-0.298216,0.001330,-0.256486,0.233697,0.140393,0.514154,0.062883
0.270158,0.202451,0.536569,0.000000,0.349728,0.215700,0.783994,1.402467,-0.249772,-0.240579,0.113485,0.423303,0.237977,0.299109,0.063006,0.127606,-0.277354,-0.430579,0.349747,0.439005,-0.162752,-0.131202,0.666055,1.060382,0.586572,0.704585,0.499781,0.213930,-0.316868,-0.175729,0.508430,0.595553,0.080972,0.167253,-0.012752,0.083104,-0.246339,0.111661,-0.230263,-0.223286,-0.204037,-0.097643,0.248674,0.073333,0.002632,-0.056161,0.233482,0.253916,0.135949,0.048426,0.429492,0.298325,0.231553,0.253703,0.209691,0.191914,-0.321065,-0.243261,0.054327,-0.018142,-0.037711,0.090861,-0.009033,-0.176719,0.048283,0.300949,0.225381,0.189071,-0.056818,0.029873,-0.174388,-0.118209,-0.190764,-0.137553,-0.193521,-0.059756,0.290749,0.024729,-0.394603,-0.264782,-0.347866,-0.355502,-0.296849,-0.388396,0.061992,-0.052675,-0.270035,-0.210755,0.107092,-0.046672
0.337749,0.252879,0.577862,0.349728,0.000000,0.563000,0.620579,0.274505,0.198712,0.111675,0.388342,0.076851,0.318365,0.167514,0.591459,0.133946,-0.118800,-0.152213,0.252955,0.226011,0.271662,-0.079482,0.367507,0.282001,0.202495,0.132397,0.926508,0.559512,-0.172640,-0.150526,0.300263,0.199378,0.269566,0.136252,0.091161,0.183848,-0.056298,0.000355,0.046868,0.078636,-0.145307,0.201070,0.275064,0.235807,0.177591,0.097323,0.209409,0.349417,0.115294,0.079559,0.227242,0.083708,0.190013,0.135543,0.153602,0.284494,0.011187,0.156512,0.292146,0.169277,0.336088,0.042697,-0.030681,-0.055276,0.107334,0.092993,0.405701,0.246941,0.204820,-0.009226,0.178533,0.246115,0.084027,0.038002,-0.041066,0.043303,0.270779,0.207388,-0.107999,-0.117215,-0.252165,-0.184730,-0.180495,-0.127565,0.117811,0.082004,0.293311,0.214044,0.399996,0.304700
0.148763,0.259840,0.264746,0.215700,0.563000,0.000000,0.220124,0.237123,0.370502,0.604795,0.194436,0.040774,-0.027053,0.001892,0.607045,0.540708,-0.183745,-0.213263,0.153544,0.231731,0.251016,-0.030741,0.061108,0.060995,-0.062211,-0.071942,0.295387,0.886931,-0.151290,-0.159790,0.036776,0.088588,0.239799,0.156998,0.207582,0.332568,0.030221,-0.077430,0.069934,0.049911,-0.151654,0.241485,0.348025,0.404061,0.245159,0.248603,0.265013,0.403839,0.142317,0.163873,0.155925,0.038206,0.269379,0.132231,0.110465,0.146229,0.114993,0.270518,0.245149,0.315279,0.389806,0.265489,-0.086370,0.041337,0.069991,0.264876,0.441692,0.403436,0.233865,0.043089,0.146215,0.245043,-0.017116,0.149037,-0.119054,0.258866,0.169027,0.263802,-0.107684,-0.046392,-0.171149,-0.098906,-0.294216,-0.161038,0.008699,0.103656,0.260511,0.119728,0.184859,0.397865
0.453744,0.056366,1.198858,0.783994,0.620579,0.220124,0.000000,0.616023,-0.210017,-0.203832,0.414052,-0.001660,0.507176,0.215213,0.150516,-0.036350,-0.279790,-0.493195,0.473914,0.193157,0.026244,-0.227272,0.839027,0.687081,0.565491,0.504268,0.549431,0.327405,-0.384879,-0.400352,0.566037,0.334465,0.124467,-0.030775,0.008429,0.078057,-0.152806,0.037683,-0.006840,0.017706,-0.122860,0.106339,0.156052,-0.034189,-0.078053,-0.196510,0.157793,0.172560,0.028499,-0.049018,0.274839,0.122395,0.081705,0.123758,0.182765,0.295338,-0.229807,-0.170927,0.103588,-0.179376,0.150417,-0.226461,-0.185974,-0.402765,0.223590,0.077504,0.289060,0.025645,0.111563,-0.074698,0.084189,0.053395,-0.079640,-0.229778,-0.094873,0.005280,0.377932,0.085218,-0.337954,-0.396751,-0.410710,-0.446325,-0.187957,-0.277450,0.033917,-0.152493,0.103588,0.040521,0.395106,0.063201
0.225274,0.390662,0.296696,1.402467,0.274505,0.237123,0.616023,0.000000,-0.246172,-0.281783,0.050908,0.637739,0.068039,0.316472,-0.032228,0.203897,-0.252185,-0.276496,0.210896,0.503337,-0.138328,-0.077343,0.317376,0.688385,0.299746,0.426310,0.300795,0.166023,-0.217103,-0.040164,0.273764,0.487320,0.078121,0.221107,-0.064655,0.060108,-0.176975,0.185771,-0.162854,-0.133302,-0.129804,-0.057244,0.308271,0.151816,0.073652,0.098923,0.342295,0.288421,0.172303,0.176271,0.475554,0.378858,0.358528,0.299375,0.367875,0.300115,-0.241867,-0.108267,0.132924,0.182403,0.023947,0.345009,0.058574,-0.023891,-0.069933,0.424793,0.262963,0.338860,-0.035148,0.117496,-0.211686,-0.085679,-0.204908,-0.016712,-0.209274,0.008175,0.308609,0.029161,-0.306843,-0.126812,-0.246767,-0.228268,-0.267743,-0.327148,0.067445,0.067628,-0.270145,-0.242718,0.114993,0.101144
0.085367,0.027864,-0.173989,-0.249772,0.198712,0.370502,-0.210017,-0.246172,0.000000,0.917937,0.271944,-0.051315,0.168838,0.056716,0.698895,0.579126,0.124593,0.147039,0.152010,-0.007675,0.067594,-0.164564,-0.076709,-0.201744,-0.172800,-0.199508,0.144275,0.195620,-0.006396,-0.021711,-0.075530,-0.063513,0.137526,0.175275,0.235705,0.305021,0.045075,-0.105518,-0.078045,-0.132561,-0.063453,0.189030,0.037309,0.137867,0.224126,0.206246,0.007559,0.052613,0.046594,0.033015,-0.188401,-0.156023,0.046285,-0.163646,-0.078593,-0.127919,0.245475,0.263538,0.208068,0.180036,0.242615,0.138466,0.205536,0.217871,0.084420,0.066072,0.198010,0.174789,0.170357,0.189977,0.103831,0.086534,0.121849,0.124613,0.020462,0.059024,-0.011615,0.094627,0.027008,-0.095452,0.162089,0.170182,0.072403,0.208734,0.218822,0.165288,0.144518,0.196856,-0.007468,0.096949
-0.081559,-0.174565,-0.084822,-0.240579,0.111675,0.604795,-0.203832,-0.281783,0.917937,0.000000,0.082745,-0.228505,-0.010371,-0.058958,0.516465,0.464159,-0.025822,-0.063861,0.060936,-0.122381,-0.040303,-0.214908,-0.045944,-0.131490,-0.088985,-0.105967,0.083383,0.286003,-0.063193,-0.082704,-0.030622,-0.100231,0.036037,-0.015449,0.136620,0.189726,0.020505,-0.110203,-0.085450,-0.183024,-0.148334,0.102797,0.091550,0.207053,0.205611,0.144570,0.047892,0.143660,0.058979,0.053075,-0.226270,-0.207461,-0.069848,-0.152305,-0.189732,-0.172694,0.123595,0.095507,-0.064227,0.015225,0.068862,-0.019395,-0.106677,-0.008666,0.061963,-0.010924,0.007225,-0.046429,0.053402,0.022713,0.083008,0.063321,-0.059410,-0.023890,-0.058075,0.078477,-0.134616,0.052555,-0.037436,-0.077742,-0.004356,0.010217,-0.107731,0.093757,-0.067519,-0.075031,0.004315,0.078016,-0.148533,-0.041497
0.910872,0.307587,0.396722,0.113485,0.388342,0.194436,0.414052,0.050908,0.271944,0.082745,0.000000,0.190082,0.979895,0.458577,0.337793,0.318393,0.053846,0.027134,0.595596,0.307234,0.117645,-0.144220,0.294119,0.143282,0.172271,0.120806,0.353252,0.352804,0.004302,-0.098526,0.227633,0.177925,0.457866,0.217563,0.115087,0.163628,-0.221298,-0.278866,-0.187470,-0.133467,-0.321963,0.310111,-0.078974,-0.021765,-0.061562,-0.038892,-0.161071,0.009153,-0.081428,-0.023029,-0.070690,-0.089838,0.230253,-0.007028,-0.007635,0.020465,0.367577,0.237768,0.477449,0.217460,0.584314,0.116995,0.241695,0.173318,0.040157,0.086713,0.373616,0.249066,0.411645,0.173302,0.398414,0.293984,0.357877,0.263736,0.163230,0.432776,0.403189,0.444918,-0.153532,-0.260478,-0.101075,-0.192263,-0.058374,-0.015409,0.205182,0.035196,0.297196,0.341642,0.424862,0.222548
0.257844,0.695705,-0.201659,0.423303,0.076851,0.040774,-0.001660,0.637739,-0.051315,-0.228505,0.190082,0.000000,0.159663,0.476485,-0.111434,0.195039,0.202384,0.364105,-0.008755,0.433518,-0.018349,0.211561,-0.083921,0.260098,0.089987,0.192473,0.198386,-0.039551,0.199278,0.411087,-0.037747,0.244169,0.144984,0.342245,-0.052294,-0.067001,-0.063047,0.158143,-0.154134,-0.093919,-0.016509,-0.000179,0.182576,0.239135,0.198871,0.379552,0.270665,0.189219,0.280482,0.407903,0.418709,0.552501,0.487446,0.368685,0.486510,0.312577,0.201953,0.274666,0.492365,0.579075,0.067685,0.598544,0.526124,0.536734,-0.297981,0.248892,0.262764,0.529827,0.006905,0.367876,-0.239322,-0.150266,0.044848,0.366952,-0.048562,0.073805,0.020802,-0.012149,-0.005188,0.160480,0.150218,0.148882,0.062848,0.024004,0.322962,0.408736,-0.136279,-0.045202,0.066441,0.235425
0.617783,0.085560,0.504314,0.237977,0.318365,-0.027053,0.507176,0.068039,0.168838,-0.010371,0.979895,0.159663,0.000000,0.604439,0.253482,0.211526,0.116205,-0.079958,0.560147,0.012082,0.000717,-0.131224,0.707529,0.468720,0.577861,0.472362,0.458323,0.119580,-0.109185,-0.168083,0.331195,0.137818,0.037226,-0.142346,0.040809,0.030042,-0.141459,-0.047276,-0.086186,-0.109388,-0.136836,0.187242,-0.014708,-0.035761,-0.032024,-0.133300,-0.009669,0.070172,0.088978,0.012608,0.102821,0.056708,0.097437,0.074489,0.098569,0.149153,0.098518,0.109757,0.199919,-0.093134,0.038737,-0.314414,0.061679,-0.171755,0.135525,-0.198390,0.086142,-0.106680,0.229595,0.101374,0.156607,0.018201,0.130877,-0.074628,0.092285,0.012867,0.232534,0.117672,-0.153139,-0.412365,-0.083155,-0.222080,0.192305,0.114521,0.332422,0.004741,0.255273,0.346959,0.330539,0.072052
0.294479,0.357158,0.105602,0.299109,0.167514,0.001892,0.215213,0.316472,0.056716,-0.058958,0.458577,0.476485,0.604439,0.000000,0.078021,0.206370,-0.063127,0.092965,0.287068,0.358911,0.056950,-0.050646,0.264014,0.258150,0.168613,0.231292,0.157197,0.094602,-0.078882,0.032190,0.352224,0.440403,0.275331,0.224181,0.067491,0.001261,-0.294594,0.027083,-0.193167,-0.129709,-0.265002,0.399794,0.092678,0.135981,0.045871,0.065822,0.079846,0.163000,0.170821,0.147051,0.173562,0.127151,0.301358,0.154103,0.285747,0.248593,0.187128,0.243739,0.322899,0.219262,0.038514,0.062607,0.191346,0.067511,-0.182425,-0.065805,0.275730,0.206331,0.196193,0.168471,0.141747,0.145706,0.065894,0.145744,0.083743,0.132995,0.306410,0.216757,-0.191341,-0.271902,-0.132279,-0.194891,0.039469,-0.002626,0.173863,0.030287,0.259743,0.408278,0.211652,0.197183
0.205737,0.065118,0.324452,0.063006,0.591459,0.607045,0.150516,-0.032228,0.698895,0.516465,0.337793,-0.111434,0.253482,0.078021,0.000000,0.588306,-0.050182,-0.134412,0.345440,0.125708,0.194881,-0.035564,0.319753,0.068900,0.007074,-0.101921,0.442435,0.446365,-0.151262,-0.127993,0.200754,0.122457,0.186969,0.099743,0.406969,0.350637,0.039111,-0.113223,0.013478,-0.024472,-0.125322,0.249893,0.156801,0.088186,0.126110,0.005905,0.041106,0.097476,-0.042354,-0.095313,-0.116316,-0.237274,-0.032243,-0.123077,-0.034171,0.010444,0.087212,0.260367,0.102555,0.051010,0.349571,0.006094,-0.073984,-0.093438,0.297179,0.063203,0.262770,0.108126,0.213139,0.120406,0.204731,0.222584,0.070307,0.021112,0.025331,0.060801,0.153467,0.194917,-0.041269,-0.156738,-0.115722,-0.083841,-0.097287,-0.016096,0.188703,0.046270,0.289401,0.223483,0.329491,0.235721
0.258977,0.219336,-0.002889,0.127606,0.133946,0.540708,-0.036350,0.203897,0.579126,0.464159,0.318393,0.195039,0.211526,0.206370,0.588306,0.000000,0.081379,-0.032103,0.267628,0.169078,0.119731,0.015325,0.017064,0.023567,-0.088428,-0.086655,0.156066,0.349472,0.035471,0.081077,-0.165777,0.000811,0.097598,0.091558,0.174098,0.200900,0.070983,0.015080,-0.000376,-0.016140,-0.050029,0.150351,0.101656,0.124646,0.058519,0.102335,0.050986,0.032355,0.054135,0.029078,-0.015980,-0.040839,0.179648,-0.016683,0.066543,-0.031317,0.192971,0.323074,0.183076,0.234420,0.225354,0.279161,0.121049,0.094433,0.105712,0.276237,0.183581,0.257296,0.295318,0.332165,0.064096,0.099418,0.061480,0.172395,-0.007623,0.136224,0.144159,0.160889,0.025551,-0.040199,0.110807,0.078803,0.052948,0.173434,0.275143,0.242360,0.167941,0.216889,0.116927,0.262618
-0.057484,-0.080330,-0.318700,-0.277354,-0.118800,-0.183745,-0.279790,-0.252185,0.124593,-0.025822,0.053846,0.202384,0.116205,-0.063127,-0.050182,0.081379,0.000000,0.896161,-0.081106,-0.105175,0.157350,0.492326,-0.218993,-0.248210,-0.150808,-0.154501,-0.054591,-0.280630,1.041497,0.933293,-0.467309,-0.432509,-0.154235,0.023105,0.321428,-0.075759,0.599324,0.424560,0.366656,0.350032,0.702154,-0.000850,0.171122,0.182023,0.303811,0.351312,0.254902,-0.021060,0.004787,0.111487,-0.003745,0.129705,-0.028118,0.025517,0.243850,0.114236,0.133294,0.211333,0.177682,0.047987,0.082650,0.160726,0.818190,0.383284,0.391265,0.188819,0.070505,0.157575,-0.060287,0.316368,-0.379312,-0.404153,0.241042,0.156790,0.184798,-0.053894,-0.364570,-0.362723,1.147880,0.596961,1.404867,1.052368,0.956257,0.813551,0.769018,0.704585,0.040317,0.174207,-0.060842,0.009263
-0.023080,0.254798,-0.640378,-0.430579,-0.152213,-0.213263,-0.493195,-0.276496,0.147039,-0.063861,0.027134,0.364105,-0.079958,0.092965,-0.134412,-0.032103,0.896161,0.000000,-0.190220,0.097737,0.070650,0.343000,-0.527969,-0.497943,-0.430268,-0.384887,-0.192391,-0.377411,0.865886,0.957120,-0.371543,-0.222986,0.237151,0.420170,0.175648,-0.144945,0.265541,0.111050,0.036502,0.046985,0.260992,0.033978,0.173580,0.294659,0.351987,0.515289,0.183438,0.049436,0.172918,0.279857,0.031492,0.150269,0.213262,0.084428,0.194985,0.013617,0.530798,0.532235,0.406181,0.344428,0.206964,0.420554,0.880555,0.872394,-0.086407,0.090958,0.187689,0.339274,0.007747,0.345722,-0.189376,-0.153025,0.329572,0.457872,0.188894,0.134578,-0.254454,-0.067172,0.653908,0.707746,0.812031,0.830542,0.431596,0.472387,0.332231,0.448869,0.019596,0.121557,-0.235311,0.026649
0.797979,0.257613,0.553650,0.349747,0.252955,0.153544,0.473914,0.210896,0.152010,0.060936,0.595596,-0.008755,0.560147,0.287068,0.345440,0.267628,-0.081106,-0.190220,0.000000,0.684930,-0.138908,-0.436741,0.489429,0.271800,0.151880,0.122265,0.316531,0.304689,-0.352740,-0.341553,0.395117,0.373661,0.407003,0.284769,0.127941,0.074044,-0.474590,-0.026261,-0.354136,-0.275233,-0.411696,0.232034,0.053389,-0.044051,-0.049428,-0.182707,-0.042901,0.085569,-0.115762,-0.184693,-0.053160,-0.180415,0.143922,0.078583,-0.034432,0.014474,0.236796,0.191914,0.092013,-0.113385,0.108375,-0.114538,-0.002480,-0.241802,0.023256,-0.111441,0.213778,0.025962,0.492869,0.224010,0.347266,0.270897,0.184784,0.019769,0.084846,0.208227,0.430870,0.276781,-0.188618,-0.528263,-0.244115,-0.413002,-0.188186,-0.319751,0.119863,-0.227371,0.086670,0.079789,0.286368,-0.023596
0.578552,0.747950,0.085589,0.439005,0.226011,0.231731,0.193157,0.503337,-0.007675,-0.122381,0.307234,0.433518,0.012082,0.358911,0.125708,0.169078,-0.105175,0.097737,0.684930,0.000000,-0.035687,-0.240863,-0.051421,0.009408,-0.220751,-0.136349,0.172515,0.280217,-0.144191,0.019826,0.231960,0.533651,0.816909,0.930650,0.114580,0.069154,-0.440941,0.022747,-0.447688,-0.299314,-0.424407,0.313076,0.055718,0.052171,-0.015857,0.077849,0.012662,0.128936,-0.131324,-0.065757,0.049130,-0.010876,0.455208,0.210642,0.066704,0.047632,0.409930,0.381110,0.431644,0.388902,0.365784,0.520703,0.335967,0.270707,-0.278588,0.204245,0.539050,0.603435,0.539173,0.442651,0.266397,0.372740,0.252060,0.499598,0.088686,0.475491,0.515024,0.416784,-0.111201,-0.181953,-0.127328,-0.179197,-0.388444,-0.496025,0.050699,0.010313,-0.063517,-0.027346,0.140521,0.140507
-0.016484,0.089761,0.109334,-0.162752,0.271662,0.251016,0.026244,-0.138328,0.067594,-0.040303,0.117645,-0.018349,0.000717,0.056950,0.194881,0.119731,0.157350,0.070650,-0.138908,-0.035687,0.000000,0.640066,-0.086815,-0.219455,-0.188322,-0.227056,0.174401,0.393301,0.230982,0.143993,-0.080266,-0.086739,0.035493,0.001724,0.370551,0.231442,0.404013,0.072579,0.621938,0.671389,0.345193,0.241821,0.110308,0.141245,0.082554,0.142590,0.028462,-0.019947,-0.116986,-0.068161,-0.035653,-0.060409,-0.047546,-0.134726,0.180853,0.224780,-0.004140,0.164987,0.295100,0.253333,0.383524,0.152518,0.140424,0.140257,0.334207,0.248076,0.410112,0.350742,0.246998,0.123668,0.284713,0.340937,0.271493,0.287261,0.130271,0.262789,0.268400,0.271078,0.266679,0.086383,0.204610,0.210173,0.231297,0.279596,0.382274,0.496982,0.644057,0.493128,0.557792,0.618453
-0.311380,-0.056406,-0.168320,-0.131202,-0.079482,-0.030741,-0.227272,-0.077343,-0.164564,-0.214908,-0.144220,0.211561,-0.131224,-0.050646,-0.035564,0.015325,0.492326,0.343000,-0.436741,-0.240863,0.640066,0.000000,-0.170715,-0.105268,-0.073690,-0.058806,-0.007548,0.076264,0.662029,0.598664,-0.270792,-0.247012,-0.239433,-0.153168,0.231204,0.085015,0.744196,0.209552,0.647759,0.619393,0.681933,-0.151063,0.127546,0.150984,0.122687,0.231940,0.158603,-0.118250,0.032571,0.100584,0.126388,0.199413,-0.075642,-0.042939,0.245017,0.144846,-0.108918,0.042691,0.193455,0.235154,0.171587,0.244171,0.243517,0.279362,0.349647,0.329091,0.138580,0.221601,-0.205475,0.045061,-0.255961,-0.187933,0.075050,0.136212,0.039784,-0.034664,-0.203405,-0.156589,0.500389,0.502058,0.521477,0.527478,0.577167,0.474451,0.466299,0.626537,0.224010,0.245388,0.240684,0.325701
0.294982,-0.196816,1.065033,0.666055,0.367507,0.061108,0.839027,0.317376,-0.076709,-0.045944,0.294119,-0.083921,0.707529,0.264014,0.319753,0.017064,-0.218993,-0.527969,0.489429,-0.051421,-0.086815,-0.170715,0.000000,1.122777,1.072717,0.907733,0.579421,0.127712,-0.387559,-0.430174,0.881360,0.468998,-0.059215,-0.230705,0.111840,0.081546,-0.163872,0.019520,-0.113923,-0.148636,-0.157304,-0.004184,0.134396,-0.106887,-0.069404,-0.334851,0.081952,0.097700,0.099283,-0.110421,0.165491,0.019750,-0.144237,0.033535,-0.015669,0.095668,-0.311889,-0.268295,-0.138399,-0.449397,-0.162975,-0.573173,-0.379642,-0.634410,0.299719,-0.190102,-0.002222,-0.336637,-0.075745,-0.207964,-0.017229,-0.118847,-0.147469,-0.454930,-0.089101,-0.171849,0.184698,-0.027252,-0.379584,-0.467287,-0.454813,-0.555742,-0.081946,-0.191800,0.042953,-0.336732,0.000233,0.018440,0.235165,-0.193848
0.241370,-0.031139,0.719241,1.060382,0.282001,0.060995,0.687081,0.688385,-0.201744,-0.131490,0.143282,0.260098,0.468720,0.258150,0.068900,0.023567,-0.248210,-0.497943,0.271800,0.009408,-0.219455,-0.105268,1.122777,0.000000,1.255378,1.299213,0.569332,0.093280,-0.321144,-0.290065,0.678998,0.495247,-0.147276,-0.202202,-0.117325,-0.010211,-0.242084,0.034403,-0.191976,-0.198378,-0.189007,-0.185145,0.160700,-0.013137,-0.005283,-0.150773,0.135628,0.158706,0.255563,0.127335,0.373452,0.335201,0.032390,0.192499,0.106395,0.110825,-0.347902,-0.393396,-0.076131,-0.207311,-0.273508,-0.270344,-0.276310,-0.393536,0.046939,-0.040972,-0.068743,-0.202709,-0.194391,-0.217534,-0.210742,-0.261437,-0.226382,-0.383939,-0.177571,-0.208619,0.072527,-0.108814,-0.422464,-0.327396,-0.460109,-0.495191,-0.171974,-0.240965,-0.035681,-0.245316,-0.228170,-0.161319,0.090709,-0.188076
0.200502,-0.164855,0.651599,0.586572,0.202495,-0.062211,0.565491,0.299746,-0.172800,-0.088985,0.172271,0.089987,0.577861,0.168613,0.007074,-0.088428,-0.150808,-0.430268,0.151880,-0.220751,-0.188322,-0.073690,1.072717,1.255378,0.000000,1.657496,0.526782,-0.003235,-0.209615,-0.276483,0.659499,0.281018,-0.209266,-0.372892,-0.187244,-0.042175,-0.144702,0.036354,-0.127983,-0.173506,-0.092880,-0.198810,0.063065,-0.096851,-0.054065,-0.204650,0.070067,0.067345,0.256001,0.097569,0.317107,0.339064,-0.091570,0.121753,-0.015101,0.039376,-0.304857,-0.407855,-0.076631,-0.316685,-0.327099,-0.489780,-0.303811,-0.433970,0.063590,-0.253287,-0.167710,-0.340241,-0.244268,-0.229098,-0.265127,-0.372037,-0.188653,-0.408064,-0.101566,-0.207938,-0.053102,-0.165390,-0.355600,-0.319480,-0.359324,-0.402469,-0.043307,-0.129519,-0.048147,-0.264806,-0.233518,-0.173558,-0.002799,-0.293557
0.153207,-0.137971,0.486923,0.704585,0.132397,-0.071942,0.504268,0.426310,-0.199508,-0.105967,0.120806,0.192473,0.472362,0.231292,-0.101921,-0.086655,-0.154501,-0.384887,0.122265,-0.136349,-0.227056,-0.058806,0.907733,1.299213,1.657496,0.000000,0.471563,-0.033229,-0.191566,-0.226410,0.621569,0.366047,-0.206797,-0.282233,-0.195330,-0.059377,-0.185744,0.085958,-0.201905,-0.246419,-0.110956,-0.243839,0.062298,-0.084664,-0.051631,-0.176822,0.111178,0.088310,0.285828,0.119876,0.373893,0.404310,-0.007997,0.165255,0.035866,0.047400,-0.345344,-0.448759,-0.065944,-0.264743,-0.367668,-0.380607,-0.239821,-0.361205,0.000348,-0.153619,-0.139769,-0.251217,-0.307925,-0.203198,-0.349832,-0.433194,-0.205979,-0.368340,-0.104125,-0.212569,-0.041181,-0.192332,-0.408057,-0.319315,-0.334317,-0.388798,-0.065348,-0.150685,-0.057781,-0.247376,-0.344762,-0.273822,-0.088270,-0.366770
0.395143,0.141451,0.552704,0.499781,0.926508,0.295387,0.549431,0.300795,0.144275,0.083383,0.353252,0.198386,0.458323,0.157197,0.442435,0.156066,-0.054591,-0.192391,0.316531,0.172515,0.174401,-0.007548,0.579421,0.569332,0.526782,0.471563,0.000000,0.363737,-0.191261,-0.121595,0.486442,0.346103,0.148417,0.074484,0.071428,0.131604,-0.161499,-0.014957,-0.116556,-0.116771,-0.187020,-0.042010,0.114291,0.019616,0.083476,-0.025528,0.061758,0.141760,0.118002,0.007065,0.128609,0.105189,0.018019,0.020823,0.071503,0.154386,-0.046024,-0.020201,0.210097,-0.006195,0.059640,-0.111449,-0.007753,-0.123565,0.061634,-0.050939,0.194334,0.051688,0.128518,0.076781,0.078904,0.067329,0.036106,-0.065497,-0.019056,-0.056443,0.244312,0.032255,-0.200191,-0.268937,-0.250998,-0.265073,-0.125120,-0.168891,0.148900,-0.041321,0.102736,0.126810,0.316538,0.044291
0.251170,0.201668,0.440781,0.213930,0.559512,0.886931,0.327405,0.166023,0.195620,0.286003,0.352804,-0.039551,0.119580,0.094602,0.446365,0.349472,-0.280630,-0.377411,0.304689,0.280217,0.393301,0.076264,0.127712,0.093280,-0.003235,-0.033229,0.363737,0.000000,-0.243257,-0.286059,0.125066,0.179467,0.262486,0.087839,0.048297,0.199781,-0.125028,-0.147926,0.104957,0.155313,-0.233529,0.196411,0.116215,0.139504,-0.030050,-0.033383,-0.010316,0.155622,-0.072033,-0.091587,0.006939,-0.124091,0.144861,0.003591,0.073546,0.127000,0.082622,0.199625,0.186230,0.193769,0.384573,0.124303,-0.135261,-0.085962,0.042753,0.152786,0.371529,0.278182,0.333655,-0.114523,0.439464,0.474481,0.125758,0.115971,0.039413,0.225442,0.376770,0.357437,-0.134786,-0.191204,-0.306895,-0.281035,-0.284054,-0.324598,0.050529,0.025179,0.441677,0.275537,0.516452,0.486200
-0.191061,-0.111459,-0.467449,-0.316868,-0.172640,-0.151290,-0.384879,-0.217103,-0.006396,-0.063193,0.004302,0.199278,-0.109185,-0.078882,-0.151262,0.035471,1.041497,0.865886,-0.352740,-0.144191,0.230982,0.662029,-0.387559,-0.321144,-0.209615,-0.191566,-0.191261,-0.243257,0.000000,1.440867,-0.428038,-0.316030,-0.028246,0.120571,0.210699,-0.053103,0.562664,0.182699,0.291816,0.289554,0.529975,-0.060444,0.148049,0.190761,0.253995,0.380630,0.165233,-0.031355,0.048883,0.174186,0.000105,0.157730,-0.041486,-0.080807,0.119585,-0.028647,0.112793,0.056456,0.174901,0.146555,0.213744,0.368052,0.675015,0.597452,0.231046,0.335562,0.058909,0.203268,-0.218266,0.140423,-0.426092,-0.392276,0.284994,0.299311,0.183177,0.121001,-0.444677,-0.256169,0.846702,0.912683,0.915808,0.819255,0.554675,0.628110,0.362714,0.545223,-0.054370,0.073024,-0.219405,0.008247
-0.209555,0.027417,-0.579802,-0.175729,-0.150526,-0.159790,-0.400352,-0.040164,-0.021711,-0.082704,-0.098526,0.411087,-0.168083,0.032190,-0.127993,0.081077,0.933293,0.957120,-0.341553,0.019826,0.143993,0.598664,-0.430174,-0.290065,-0.276483,-0.226410,-0.121595,-0.286059,1.440867,0.000000,-0.376228,-0.182868,0.007064,0.256593,0.221159,-0.070712,0.451534,0.344130,0.173858,0.176174,0.430501,-0.002705,0.156449,0.192127,0.260307,0.421834,0.208282,-0.015269,0.062892,0.189818,0.040749,0.199290,0.036885,-0.017891,0.214811,0.055307,0.104143,0.137432,0.198410,0.217708,0.116559,0.441640,0.787160,0.648652,0.124567,0.333160,0.098296,0.282705,-0.207440,0.246978,-0.416408,-0.327684,0.262971,0.374663,0.183180,0.050400,-0.392801,-0.268484,0.782732,0.924591,0.907842,0.857215,0.492411,0.532855,0.393457,0.578305,-0.136312,0.037094,-0.243125,0.019778
0.320981,0.007470,0.610633,0.508430,0.300263,0.036776,0.566037,0.273764,-0.075530,-0.030622,0.227633,-0.037747,0.331195,0.352224,0.200754,-0.165777,-0.467309,-0.371543,0.395117,0.231960,-0.080266,-0.270792,0.881360,0.678998,0.659499,0.621569,0.486442,0.125066,-0.428038,-0.376228,0.000000,1.111677,0.391716,0.237136,0.064038,0.118554,-0.460231,-0.116620,-0.387236,-0.380338,-0.509520,0.158808,0.030681,-0.138171,-0.050118,-0.213145,-0.138597,0.016422,0.058387,-0.076646,-0.016497,-0.064231,-0.107271,-0.087750,-0.190936,-0.093107,-0.054238,-0.186169,0.028566,-0.247384,-0.028724,-0.314132,-0.301622,-0.311480,-0.078319,-0.260633,0.146993,-0.134401,0.005117,-0.109539,0.263733,0.176924,0.020893,-0.082589,0.073406,0.123068,0.355510,0.265519,-0.593126,-0.423613,-0.675601,-0.675080,-0.449741,-0.462763,-0.287470,-0.574001,-0.062072,-0.022204,0.092637,-0.220708
0.329399,0.198219,0.258581,0.595553,0.199378,0.088588,0.334465,0.487320,-0.063513,-0.100231,0.177925,0.244169,0.137818,0.440403,0.122457,0.000811,-0.432509,-0.222986,0.373661,0.533651,-0.086739,-0.247012,0.468998,0.495247,0.281018,0.366047,0.346103,0.179467,-0.316030,-0.182868,1.111677,0.000000,0.586194,0.582661,0.148337,0.170919,-0.576603,-0.116402,-0.509149,-0.448352,-0.626190,0.158197,-0.001427,-0.124522,-0.055213,-0.108225,-0.148637,-0.004716,-0.000234,-0.074261,-0.060811,-0.083266,0.054011,-0.039503,-0.104761,-0.084088,0.050685,-0.066622,0.116738,-0.001048,0.079313,0.072753,-0.047771,-0.032693,-0.180802,0.013855,0.265978,0.132554,0.070504,0.022378,0.291817,0.267024,0.115816,0.137296,0.151768,0.192204,0.416426,0.344903,-0.558139,-0.253585,-0.573510,-0.568480,-0.525177,-0.528719,-0.208427,-0.401122,-0.111953,-0.050945,0.073974,-0.098261
0.616635,0.517471,0.069451,0.080972,0.269566,0.239799,0.124467,0.078121,0.137526,0.036037,0.457866,0.144984,0.037226,0.275331,0.186969,0.097598,-0.154235,0.237151,0.407003,0.816909,0.035493,-0.239433,-0.059215,-0.147276,-0.209266,-0.206797,0.148417,0.262486,-0.028246,0.007064,0.391716,0.586194,0.000000,1.204382,0.148442,0.165657,-0.446194,-0.353481,-0.518030,-0.381782,-0.618941,0.343680,0.014546,0.097764,0.060568,0.146851,-0.181005,0.085516,-0.052195,0.034136,-0.126401,-0.104349,0.285317,-0.006598,-0.204967,-0.168365,0.766952,0.455155,0.570752,0.345065,0.629587,0.397199,0.297833,0.412242,-0.297005,0.068715,0.659889,0.531315,0.531444,0.306834,0.504739,0.522083,0.434238,0.532392,0.198495,0.589978,0.413277,0.615922,-0.142733,0.002066,-0.216324,-0.215278,-0.508315,-0.398909,-0.160150,-0.186027,0.144530,0.195329,0.040769,0.075718
0.366400,0.545016,-0.229314,0.167253,0.136252,0.156998,-0.030775,0.221107,0.175275,-0.015449,0.217563,0.342245,-0.142346,0.224181,0.099743,0.091558,0.023105,0.420170,0.284769,0.930650,0.001724,-0.153168,-0.230705,-0.202202,-0.372892,-0.282233,0.074484,0.087839,0.120571,0.256593,0.237136,0.582661,1.204382,0.000000,0.210806,0.178343,-0.343710,-0.158803,-0.450943,-0.389495,-0.396904,0.227696,0.117234,0.190012,0.178759,0.330345,-0.023917,0.133833,0.003903,0.101773,-0.064503,-0.008837,0.318817,0.032483,-0.034507,-0.092408,0.542900,0.385103,0.481800,0.408133,0.484977,0.642928,0.587073,0.664012,-0.276815,0.252484,0.587515,0.676156,0.311234,0.446597,0.249271,0.312794,0.364041,0.647766,0.141718,0.460159,0.291505,0.422833,-0.045118,0.154787,0.022846,0.057418,-0.361648,-0.298885,-0.040883,0.016306,-0.064943,0.009453,-0.135106,0.056132
-0.070854,-0.176552,0.033344,-0.012752,0.091161,0.207582,0.008429,-0.064655,0.235705,0.136620,0.115087,-0.052294,0.040809,0.067491,0.406969,0.174098,0.321428,0.175648,0.127941,0.114580,0.370551,0.231204,0.111840,-0.117325,-0.187244,-0.195330,0.071428,0.048297,0.210699,0.221159,0.064038,0.148337,0.148442,0.210806,0.000000,0.553467,0.308952,0.182611,0.207241,0.219731,0.269395,0.208292,0.154404,0.075847,0.251646,0.204654,0.052151,-0.122253,-0.186031,-0.107971,-0.333127,-0.293760,-0.296291,-0.392424,-0.030906,-0.048251,-0.076400,0.084651,0.116120,0.019955,0.390159,0.185278,0.232282,0.061174,0.756060,0.477257,0.517826,0.334208,0.049141,0.236975,0.031085,0.023367,0.163337,0.123403,0.151902,0.102378,0.087581,0.094010,0.258687,0.096183,0.321802,0.256147,0.322141,0.338174,0.525037,0.338883,0.161497,0.349296,0.254251,0.083315
-0.013519,-0.006671,0.077627,0.083104,0.183848,0.332568,0.078057,0.060108,0.305021,0.189726,0.163628,-0.067001,0.030042,0.001261,0.350637,0.200900,-0.075759,-0.144945,0.074044,0.069154,0.231442,0.085015,0.081546,-0.010211,-0.042175,-0.059377,0.131604,0.199781,-0.053103,-0.070712,0.118554,0.170919,0.165657,0.178343,0.553467,0.000000,0.072996,0.030373,0.065551,0.049433,0.016969,0.192971,0.076353,0.116922,0.155296,0.157360,-0.011240,0.026970,-0.104659,-0.020233,-0.031989,-0.078734,-0.083637,-0.159973,-0.123716,-0.036921,-0.149449,-0.079173,0.145946,0.148051,0.367269,0.167751,0.044701,0.038695,0.386890,0.410794,0.435990,0.326643,0.050211,-0.044182,0.161100,0.193993,0.081879,0.038046,-0.019838,0.067751,0.152750,0.149671,-0.068292,-0.089865,0.018381,0.054925,-0.009054,0.021169,0.218687,0.220511,0.154465,0.176779,0.228293,0.205891
-0.401612,-0.284693,-0.147019,-0.246339,-0.056298,0.030221,-0.152806,-0.176975,0.045075,0.020505,-0.221298,-0.063047,-0.141459,-0.294594,0.039111,0.070983,0.599324,0.265541,-0.474590,-0.440941,0.404013,0.744196,-0.163872,-0.242084,-0.144702,-0.185744,-0.161499,-0.125028,0.562664,0.451534,-0.460231,-0.576603,-0.446194,-0.343710,0.308952,0.072996,0.000000,0.344458,1.031052,0.769021,1.237128,-0.203972,0.206340,0.198393,0.222333,0.268309,0.285512,-0.055198,-0.016857,0.049562,0.046324,0.084414,-0.227950,-0.179156,0.188591,0.068310,-0.226274,-0.000617,0.062800,0.053082,0.170105,0.103425,0.222615,0.130620,0.634071,0.362840,0.068041,0.120054,-0.213222,0.087203,-0.423827,-0.356560,-0.110786,-0.072134,-0.148374,-0.143361,-0.323236,-0.254395,0.680467,0.527140,0.782728,0.762891,0.744703,0.705543,0.585823,0.743919,0.201328,0.218653,0.135488,0.229351
-0.227191,-0.096423,-0.048293,0.111661,0.000355,-0.077430,0.037683,0.185771,-0.105518,-0.110203,-0.278866,0.158143,-0.047276,0.027083,-0.113223,0.015080,0.424560,0.111050,-0.026261,0.022747,0.072579,0.209552,0.019520,0.034403,0.036354,0.085958,-0.014957,-0.147926,0.182699,0.344130,-0.116620,-0.116402,-0.353481,-0.158803,0.182611,0.030373,0.344458,0.000000,0.308610,0.371380,0.531851,0.163245,0.192223,0.045748,0.073768,0.053267,0.393329,0.069176,-0.029645,-0.060086,0.189856,0.169913,-0.094446,0.151429,0.287166,0.358642,-0.322231,-0.027257,-0.139343,-0.136198,-0.317361,-0.069858,0.109070,-0.189425,0.309687,0.099844,-0.037573,-0.008077,-0.112043,0.156554,-0.354666,-0.262559,-0.027150,-0.020184,0.004578,-0.230703,-0.139790,-0.443962,0.423229,0.110958,0.501898,0.398349,0.600262,0.377277,0.462599,0.439594,-0.144845,-0.027811,-0.009547,-0.042520
-0.351270,-0.200643,0.037242,-0.230263,0.046868,0.069934,-0.006840,-0.162854,-0.078045,-0.085450,-0.187470,-0.154134,-0.086186,-0.193167,0.013478,-0.000376,0.366656,0.036502,-0.354136,-0.447688,0.621938,0.647759,-0.113923,-0.191976,-0.127983,-0.201905,-0.116556,0.104957,0.291816,0.173858,-0.387236,-0.509149,-0.518030,-0.450943,0.207241,0.065551,1.031052,0.308610,0.000000,1.456328,1.103064,-0.093778,0.278659,0.234822,0.188230,0.200814,0.248152,-0.003397,-0.022198,0.038767,0.071225,0.077099,-0.235354,-0.127105,0.396705,0.379963,-0.312789,-0.038977,0.025156,0.063335,0.119676,-0.020881,0.041389,-0.039132,0.571636,0.237484,0.058088,0.082344,-0.090212,-0.076786,-0.164452,-0.097825,-0.162116,-0.127923,-0.178274,-0.115007,-0.139189,-0.110945,0.552120,0.279654,0.478862,0.529244,0.586897,0.547072,0.506199,0.686248,0.521432,0.343344,0.492013,0.594712
-0.262374,-0.104220,0.102346,-0.223286,0.078636,0.049911,0.017706,-0.133302,-0.132561,-0.183024,-0.133467,-0.093919,-0.109388,-0.129709,-0.024472,-0.016140,0.350032,0.046985,-0.275233,-0.299314,0.671389,0.619393,-0.148636,-0.198378,-0.173506,-0.246419,-0.116771,0.155313,0.289554,0.176174,-0.380338,-0.448352,-0.381782,-0.389495,0.219731,0.049433,0.769021,0.371380,1.456328,0.000000,0.943536,0.044097,0.171109,0.135386,0.064935,0.140674,0.184697,-0.047363,-0.131684,-0.012347,0.075450,0.093278,-0.113707,-0.030282,0.437307,0.475408,-0.224543,-0.013108,0.135686,0.154209,0.168066,0.034787,0.057987,-0.026060,0.472099,0.219458,0.176800,0.167868,0.009483,-0.066836,-0.079009,-0.001670,-0.039755,-0.035900,-0.064975,-0.017876,-0.084646,-0.086573,0.607592,0.248390,0.434421,0.467964,0.588467,0.520418,0.521410,0.705474,0.642411,0.467975,0.624092,0.678590
-0.495376,-0.318622,-0.165455,-0.204037,-0.145307,-0.151654,-0.122860,-0.129804,-0.063453,-0.148334,-0.321963,-0.016509,-0.136836,-0.265002,-0.125322,-0.050029,0.702154,0.260992,-0.411696,-0.424407,0.345193,0.681933,-0.157304,-0.189007,-0.092880,-0.110956,-0.187020,-0.233529,0.529975,0.430501,-0.509520,-0.626190,-0.618941,-0.396904,0.269395,0.016969,1.237128,0.531851,1.103064,0.943536,0.000000,-0.190163,0.233450,0.132313,0.195099,0.205908,0.365436,-0.090548,-0.029592,0.027595,0.118238,0.161601,-0.244310,-0.085431,0.309225,0.229611,-0.380062,-0.111329,-0.027179,-0.050425,-0.015405,0.000235,0.228100,0.008602,0.638037,0.272350,0.008029,0.059594,-0.284015,0.057144,-0.576171,-0.519111,-0.140359,-0.117103,-0.103355,-0.213412,-0.390422,-0.430219,0.717580,0.364668,0.830503,0.808705,0.993083,0.771479,0.633984,0.768090,0.140794,0.137551,0.138039,0.180775
0.245825,0.242428,0.093794,-0.097643,0.201070,0.241485,0.106339,-0.057244,0.189030,0.102797,0.310111,-0.000179,0.187242,0.399794,0.249893,0.150351,-0.000850,0.033978,0.232034,0.313076,0.241821,-0.151063,-0.004184,-0.185145,-0.198810,-0.243839,-0.042010,0.196411,-0.060444,-0.002705,0.158808,0.158197,0.343680,0.227696,0.208292,0.192971,-0.203972,0.163245,-0.093778,0.044097,-0.190163,0.000000,-0.019502,0.078247,0.059472,0.085272,-0.000242,0.133539,-0.078797,0.037129,-0.070293,-0.110265,0.168801,0.103053,0.061733,0.208956,0.242688,0.258127,0.226612,0.145768,0.186665,0.037107,0.129796,0.018777,-0.043511,-0.083134,0.310632,0.206147,0.384423,0.106893,0.420558,0.403549,0.276479,0.251663,0.229518,0.327686,0.232760,0.219595,0.051406,-0.220497,-0.007603,-0.062333,-0.006512,0.084053,0.089906,0.080905,0.320798,0.318256,0.176117,0.275149
-0.055211,0.240621,0.082966,0.248674,0.275064,0.348025,0.156052,0.308271,0.037309,0.091550,-0.078974,0.182576,-0.014708,0.092678,0.156801,0.101656,0.171122,0.173580,0.053389,0.055718,0.110308,0.127546,0.134396,0.160700,0.063065,0.062298,0.114291,0.116215,0.148049,0.156449,0.030681,-0.001427,0.014546,0.117234,0.154404,0.076353,0.206340,0.192223,0.278659,0.171109,0.233450,-0.019502,0.000000,1.258379,0.938449,0.712566,1.169954,1.011363,0.665267,0.619906,0.535441,0.415865,0.236884,0.216663,0.595804,0.474686,0.027721,0.275198,0.185616,0.202616,0.051246,0.183370,0.103015,0.109125,0.105732,0.191355,0.332281,0.321740,-0.032131,0.122694,-0.271701,-0.167316,-0.125126,-0.008368,-0.244986,0.015365,-0.076488,0.021326,0.194845,0.219553,0.158382,0.242184,0.090980,0.077213,0.140423,0.220148,0.059331,-0.100833,0.013520,0.260188
-0.004721,0.395703,-0.108447,0.073333,0.235807,0.404061,-0.034189,0.151816,0.137867,0.207053,-0.021765,0.239135,-0.035761,0.135981,0.088186,0.124646,0.182023,0.294659,-0.044051,0.052171,0.141245,0.150984,-0.106887,-0.013137,-0.096851,-0.084664,0.019616,0.139504,0.190761,0.192127,-0.138171,-0.124522,0.097764,0.190012,0.075847,0.116922,0.198393,0.045748,0.234822,0.135386,0.132313,0.078247,1.258379,0.000000,1.015063,1.025556,0.938560,1.189338,0.758221,0.891192,0.520642,0.509814,0.367153,0.310799,0.556959,0.454224,0.273450,0.435933,0.353208,0.475906,0.108075,0.353320,0.206978,0.332067,-0.058569,0.201035,0.362926,0.459105,0.091457,0.209894,-0.169642,-0.063524,-0.100537,0.083611,-0.288018,0.056303,-0.095529,0.113689,0.219049,0.255197,0.231182,0.309245,0.095042,0.159693,0.166524,0.344742,0.167669,0.052657,-0.028741,0.387387
-0.054889,0.203097,-0.178233,0.002632,0.177591,0.245159,-0.078053,0.073652,0.224126,0.205611,-0.061562,0.198871,-0.032024,0.045871,0.126110,0.058519,0.303811,0.351987,-0.049428,-0.015857,0.082554,0.122687,-0.069404,-0.005283,-0.054065,-0.051631,0.083476,-0.030050,0.253995,0.260307,-0.050118,-0.055213,0.060568,0.178759,0.251646,0.155296,0.222333,0.073768,0.188230,0.064935,0.195099,0.059472,0.938449,1.015063,0.000000,1.367423,0.623655,0.668965,0.870721,0.983775,0.208982,0.403503,0.041347,-0.069170,0.446165,0.263716,0.128541,0.206257,0.223646,0.287064,0.021396,0.292269,0.237777,0.315380,0.035221,0.179862,0.257342,0.318254,-0.069145,0.125947,-0.239247,-0.187147,-0.090169,0.008504,-0.203886,-0.065129,-0.206233,-0.040019,0.235902,0.227405,0.276290,0.346284,0.197293,0.301728,0.263695,0.331988,0.031623,0.007141,-0.036093,0.199766
-0.024111,0.413356,-0.370950,-0.056161,0.097323,0.248603,-0.196510,0.098923,0.206246,0.144570,-0.038892,0.379552,-0.133300,0.065822,0.005905,0.102335,0.351312,0.515289,-0.182707,0.077849,0.142590,0.231940,-0.334851,-0.150773,-0.204650,-0.176822,-0.025528,-0.033383,0.380630,0.421834,-0.213145,-0.108225,0.146851,0.330345,0.204654,0.157360,0.268309,0.053267,0.200814,0.140674,0.205908,0.085272,0.712566,1.025556,1.367423,0.000000,0.541003,0.576655,0.739091,1.219513,0.237758,0.562053,0.238663,0.029635,0.501589,0.268145,0.286005,0.307288,0.488459,0.673941,0.189821,0.620653,0.452598,0.680736,-0.113297,0.308371,0.384665,0.602764,-0.014885,0.254907,-0.232277,-0.135008,-0.018141,0.217371,-0.218412,0.061631,-0.205824,0.056573,0.328615,0.400101,0.415007,0.522123,0.214818,0.325623,0.288890,0.542847,0.059034,0.055345,-0.047991,0.370711
-0.135695,0.235730,0.005950,0.233482,0.209409,0.265013,0.157793,0.342295,0.007559,0.047892,-0.161071,0.270665,-0.009669,0.079846,0.041106,0.050986,0.254902,0.183438,-0.042901,0.012662,0.028462,0.158603,0.081952,0.135628,0.070067,0.111178,0.061758,-0.010316,0.165233,0.208282,-0.138597,-0.148637,-0.181005,-0.023917,0.052151,-0.011240,0.285512,0.393329,0.248152,0.184697,0.365436,-0.000242,1.169954,0.938560,0.623655,0.541003,0.000000,1.104255,0.575919,0.549874,0.812075,0.598228,0.431837,0.556961,0.837404,0.721195,-0.031298,0.267003,0.185231,0.224444,-0.080880,0.157111,0.113120,0.043937,0.099634,0.159202,0.252741,0.269143,-0.081320,0.207667,-0.507692,-0.396064,-0.226247,-0.073664,-0.323418,-0.139891,-0.201566,-0.241709,0.225955,0.164201,0.273191,0.297536,0.249444,0.165091,0.229828,0.308559,-0.043216,-0.204334,-0.059933,0.206501
