0.000000,1.423584,0.920543,0.832328,0.339320,0.218241,0.854049,0.765457,0.403203,0.251973,0.988062,0.587192,0.919586,0.432116,0.729759,0.539782,0.622889,0.643943,1.035140,1.269043,0.287665,0.076476,0.637776,0.699555,0.319346,0.204181,0.502681,0.362420,0.597567,0.199545,0.748875,0.671961,1.127601,1.166141,0.875149,0.676903,0.058482,-0.187391,0.176042,0.163758,0.037316,0.084453,1.239453,0.959727,1.172408,1.240109,0.976826,0.882622,0.987981,0.968488,1.044597,0.856047,0.844349,0.813915,0.498992,0.702469,1.955620,1.254144,1.126127,0.636015,1.058430,0.804691,1.272373,1.020982,0.718592,0.749131,1.049538,0.989106,1.311338,1.158982,0.881683,0.713577,0.704766,0.612096,0.717061,0.486209,0.810432,0.663952,0.259425,0.372241,0.922843,0.714392,0.194200,0.025610,0.866829,0.883133,0.004801,0.325662,0.642165,0.726584
1.423584,0.000000,1.031608,0.936433,0.454382,0.400772,0.931520,0.938660,0.515714,0.442731,0.777420,0.801319,0.845659,0.671170,0.813926,0.773524,0.451265,0.632253,1.143686,1.379515,0.260400,0.084890,0.723606,0.791420,0.376641,0.273063,0.677129,0.469343,0.443176,0.276288,0.729633,0.750625,0.998832,1.083484,0.856871,0.638986,0.130339,0.001879,0.262886,0.277995,0.081816,0.170080,1.229171,1.106598,1.098456,1.295063,1.132774,1.162976,0.983447,1.085652,1.032553,1.020074,1.119880,1.037507,0.624437,0.894432,1.285398,1.769085,0.976525,0.660966,0.998081,0.835664,1.033974,1.039168,0.627134,0.730559,0.894386,0.914187,1.274095,1.218841,0.742665,0.721519,0.469991,0.655444,0.684283,0.628162,0.941470,0.851302,0.097087,0.363276,0.767881,0.873596,0.225459,0.165387,0.813592,0.998321,0.061861,0.321210,0.806796,0.891626
0.920543,1.031608,0.000000,1.435428,0.927928,0.697914,1.441990,1.170803,0.931337,0.677089,0.746225,0.868355,0.649912,0.794628,0.584737,0.715935,0.325333,0.452576,1.153277,1.238604,0.452715,0.155697,1.461833,1.425367,0.751204,0.681499,0.569292,0.556797,0.431081,0.288959,0.852909,0.859052,0.923627,1.009128,0.890576,0.790688,0.218183,0.075034,0.229615,0.291367,0.158289,0.253674,1.041628,1.031967,0.900421,1.056924,1.050757,1.041301,0.767372,0.882850,1.035413,1.004760,1.181458,1.223275,0.499984,0.770885,0.745116,0.871057,0.832623,0.583362,0.950739,0.897964,0.794866,0.951228,0.581233,0.745424,0.778790,0.855833,0.948352,0.969822,0.661270,0.804595,0.508292,0.630938,0.645895,0.563033,0.883543,0.812992,0.125339,0.410193,0.684594,0.827242,0.093129,0.223721,0.641186,0.895849,0.013996,0.094552,0.618262,0.865265
0.832328,0.936433,1.435428,0.000000,0.632411,0.578918,1.317663,1.287484,0.648162,0.539074,0.745588,0.933271,0.642036,0.835048,0.692429,0.702151,0.260174,0.352466,1.381120,1.249905,0.480323,0.179823,1.013073,1.420333,0.400994,0.518185,0.651106,0.618971,0.411226,0.239846,0.801607,0.803324,0.850116,1.056871,0.835796,0.749717,0.321920,0.171748,0.340881,0.447528,0.225678,0.334234,0.901302,0.902684,0.835972,0.903411,1.047751,0.938243,0.696716,0.761580,0.908738,0.928532,1.098459,1.052214,0.597093,0.828656,0.691341,0.903634,0.872633,0.799794,1.025111,1.152962,0.806564,1.017078,0.582236,0.946218,0.858112,0.994930,0.912895,0.890464,0.761828,0.763153,0.598395,0.742572,0.681577,0.687745,1.050452,0.935071,0.057067,0.288534,0.658945,0.706936,0.194154,0.186831,0.681709,0.917656,0.218415,0.311855,0.653945,0.994019
0.339320,0.454382,0.927928,0.632411,0.000000,1.160108,0.712181,0.557354,1.810685,1.078576,0.281417,0.419288,0.143301,0.517546,0.253157,0.493589,0.032008,0.161421,0.496841,0.440359,0.383194,0.075501,1.197642,0.871165,1.144083,1.044080,0.474729,0.526389,0.130519,0.240675,0.501322,0.565750,0.354083,0.359468,0.308720,0.272594,0.133453,0.127641,0.119578,0.209338,0.002860,0.138131,0.523105,0.635495,0.389045,0.560176,0.561361,0.603071,0.435430,0.510710,0.558697,0.642267,0.718653,0.702664,0.350758,0.440244,0.271722,0.386875,0.405608,0.365603,0.411641,0.439438,0.321246,0.520509,0.200116,0.338090,0.295821,0.340590,0.389182,0.419650,0.254685,0.420445,0.103459,0.226090,0.288936,0.236370,0.338875,0.392029,0.060140,0.265550,0.335064,0.519413,-0.116699,0.187173,0.244828,0.446199,-0.096724,-0.205419,0.436864,0.494088
0.218241,0.400772,0.697914,0.578918,1.160108,0.000000,0.655693,0.675657,1.029687,1.241932,0.187071,0.478285,0.062516,0.549723,0.211681,0.458087,-0.073402,0.056249,0.472619,0.417543,0.390522,0.155614,0.884939,0.699118,0.851412,1.190192,0.521977,0.731481,0.064852,0.202936,0.395888,0.461470,0.228708,0.243646,0.300878,0.231894,0.260103,0.190128,0.163808,0.248064,0.075293,0.225567,0.379297,0.543865,0.281376,0.403738,0.412461,0.575536,0.321832,0.402352,0.461704,0.563256,0.640251,0.644721,0.434254,0.413420,0.154179,0.292478,0.269486,0.350652,0.356470,0.436156,0.226146,0.483321,0.047906,0.257032,0.218749,0.282034,0.302256,0.330204,0.237561,0.419908,0.089694,0.294120,0.242101,0.206245,0.422263,0.518951,-0.100099,0.145668,0.238696,0.469844,-0.074814,0.175560,0.108469,0.366269,-0.003405,-0.107856,0.389781,0.453908
0.854049,0.931520,1.441990,1.317663,0.712181,0.655693,0.000000,1.429094,0.769817,0.525604,0.697811,1.000055,0.787905,0.859506,0.652124,0.715812,0.217717,0.419858,1.221884,1.080643,0.427198,0.104859,1.071684,1.201444,0.521767,0.525717,0.658376,0.611891,0.372964,0.261960,0.806597,0.767972,0.793366,0.913792,0.992917,0.794224,0.358466,0.143013,0.310170,0.303520,0.194058,0.304475,0.915222,0.981641,0.795557,0.831658,0.910124,1.010316,0.637259,0.667848,0.949155,0.875917,1.139112,1.093803,0.641496,0.715042,0.666990,0.778739,0.841200,0.652345,1.145002,1.017273,0.775577,0.924079,0.624806,0.906583,0.826001,0.890337,0.814723,0.810889,0.742545,0.832839,0.482435,0.661837,0.585975,0.536764,1.025199,0.992730,0.030906,0.391600,0.656618,0.823264,0.151206,0.113615,0.563768,0.906223,0.166988,0.225005,0.749295,0.824540
0.765457,0.938660,1.170803,1.287484,0.557354,0.675657,1.429094,0.000000,0.607371,0.542824,0.617872,1.200671,0.689949,0.952473,0.627341,0.723596,0.159059,0.364953,1.160382,1.158442,0.411582,0.129077,0.848011,1.048028,0.377232,0.404284,0.562551,0.606458,0.287555,0.187186,0.667606,0.661511,0.746590,0.852541,1.024342,0.739535,0.350575,0.181427,0.365719,0.405939,0.219447,0.323693,0.859071,0.942383,0.779300,0.841322,0.889894,1.055452,0.655682,0.762819,0.894843,0.892766,1.159822,1.152990,0.702917,0.814893,0.591510,0.783571,0.803009,0.773474,1.063861,1.230681,0.743744,1.013954,0.553554,0.866228,0.818419,0.955665,0.807029,0.832434,0.684474,0.768716,0.381252,0.648524,0.488597,0.535789,1.111704,1.074592,-0.102046,0.228784,0.538353,0.753564,0.156264,0.097974,0.496216,0.805341,0.218161,0.313180,0.795810,0.800041
0.403203,0.515714,0.931337,0.648162,1.810685,1.029687,0.769817,0.607371,0.000000,1.042483,0.319083,0.442320,0.236217,0.537670,0.357373,0.563158,0.073856,0.210698,0.551601,0.481481,0.419422,0.080064,1.117200,0.860220,1.052701,0.922064,0.550455,0.644353,0.143364,0.219080,0.578322,0.619651,0.354356,0.375599,0.348402,0.308385,0.137059,0.146704,0.165853,0.238770,0.024532,0.144077,0.600426,0.715531,0.446496,0.609151,0.598659,0.665479,0.484312,0.549545,0.614275,0.656619,0.781073,0.759944,0.395440,0.503980,0.335124,0.470082,0.481516,0.443436,0.485157,0.496070,0.362395,0.547407,0.301482,0.430736,0.364942,0.404360,0.453697,0.491011,0.342159,0.478761,0.138146,0.255356,0.311991,0.270193,0.378466,0.428378,0.131149,0.349999,0.418815,0.581091,-0.064262,0.143766,0.319920,0.500390,-0.054852,-0.127467,0.541224,0.534357
0.251973,0.442731,0.677089,0.539074,1.078576,1.241932,0.525604,0.542824,1.042483,0.000000,0.218774,0.493173,0.141516,0.630399,0.283451,0.522155,0.045276,0.170229,0.403127,0.341499,0.286873,0.096508,0.862529,0.666173,0.861859,0.961010,0.391851,0.570250,0.078609,0.207108,0.349151,0.467542,0.266078,0.272383,0.250159,0.214982,0.093092,0.193376,0.151590,0.302555,-0.004394,0.131733,0.416468,0.552943,0.331617,0.483491,0.482426,0.528240,0.374135,0.514968,0.482326,0.570299,0.664372,0.648055,0.379494,0.487084,0.237978,0.400508,0.354853,0.330266,0.336118,0.371311,0.197013,0.396480,0.134511,0.270512,0.203278,0.261456,0.321548,0.341644,0.214955,0.382813,0.051460,0.228968,0.332839,0.282366,0.355906,0.425385,0.000592,0.211845,0.235169,0.478643,-0.100501,0.243595,0.168834,0.433015,-0.043633,-0.156146,0.418415,0.465390
0.988062,0.777420,0.746225,0.745588,0.281417,0.187071,0.697811,0.617872,0.319083,0.218774,0.000000,0.699828,0.976896,0.575874,0.786503,0.623042,0.856982,0.690681,0.856988,0.838065,0.281530,0.125361,0.538755,0.589977,0.222017,0.193965,0.262411,0.248553,0.844413,0.327836,0.839278,0.868426,0.903058,0.960184,0.754480,0.509010,0.156788,-0.080969,0.183693,0.122037,0.223830,0.185019,0.944258,0.875750,0.843122,0.885500,0.848582,0.683443,0.724009,0.644247,0.860157,0.755670,0.715165,0.612299,0.367525,0.434792,0.923266,0.747475,0.764650,0.429744,0.806292,0.683803,1.040776,0.837190,0.700611,0.760969,0.775240,0.744857,0.776718,0.711676,0.846566,0.706969,0.898867,0.839115,0.912354,0.555055,0.749709,0.560788,0.486798,0.503665,0.967806,0.704609,0.313305,0.184999,0.789895,0.841034,0.102722,0.371529,0.436009,0.513587
0.587192,0.801319,0.868355,0.933271,0.419288,0.478285,1.000055,1.200671,0.442320,0.493173,0.699828,0.000000,0.867726,1.536013,0.656700,0.857018,0.305266,0.713831,0.905071,0.825436,0.193971,0.097100,0.669517,0.819018,0.335521,0.290495,0.368622,0.339131,0.395696,0.441863,0.674025,0.790190,0.688841,0.806750,0.776905,0.497432,0.259694,0.296238,0.311595,0.347948,0.242172,0.346313,0.673243,0.839994,0.568556,0.680158,0.821961,0.828481,0.529898,0.631131,0.739769,0.839810,0.933381,0.819688,0.533356,0.611631,0.442483,0.715098,0.605397,0.451096,0.777181,0.858668,0.625356,0.799240,0.565535,0.731122,0.531729,0.569134,0.540155,0.556689,0.538593,0.679635,0.374703,0.825304,0.634515,0.760625,0.892332,0.866640,0.050779,0.465936,0.474643,0.914097,0.199774,0.268780,0.383160,0.842804,0.213448,0.275956,0.626466,0.534905
0.919586,0.845659,0.649912,0.642036,0.143301,0.062516,0.787905,0.689949,0.236217,0.141516,0.976896,0.867726,0.000000,0.718621,0.915116,0.617671,0.614250,0.807616,0.812967,0.782459,0.122760,0.043008,0.462252,0.527759,0.155206,-0.021597,0.257844,0.141356,0.614737,0.309987,0.667628,0.630412,0.816469,0.858972,0.816876,0.598274,0.159684,-0.036641,0.240846,0.161454,0.166104,0.125957,0.837590,0.736716,0.735359,0.716591,0.787426,0.654115,0.609668,0.558215,0.754690,0.601603,0.746503,0.641846,0.369596,0.475972,0.808598,0.800628,0.821176,0.407154,0.869313,0.589973,0.918437,0.636207,0.726118,0.686754,0.802676,0.728963,0.765628,0.747687,0.746013,0.606807,0.582494,0.729772,0.758101,0.751313,0.779309,0.623492,0.263298,0.458162,0.665508,0.712273,0.274832,0.122598,0.607821,0.770208,0.174659,0.434523,0.561779,0.398820
0.432116,0.671170,0.794628,0.835048,0.517546,0.549723,0.859506,0.952473,0.537670,0.630399,0.575874,1.536013,0.718621,0.000000,0.680046,1.068618,0.271433,0.637745,0.789594,0.625068,0.232673,0.131625,0.676833,0.800346,0.383174,0.356183,0.351677,0.315247,0.391239,0.550517,0.628657,0.776281,0.510273,0.616839,0.653038,0.405141,0.263754,0.417680,0.361286,0.423735,0.276902,0.391648,0.610176,0.824798,0.504579,0.592688,0.785417,0.790450,0.473820,0.552307,0.697860,0.810169,0.951645,0.815773,0.517295,0.595615,0.353774,0.640966,0.527614,0.384146,0.625296,0.666021,0.433867,0.580932,0.546327,0.669037,0.473516,0.494928,0.469516,0.502096,0.473508,0.638254,0.350589,0.807313,0.698194,0.805788,0.760082,0.732297,0.096456,0.537932,0.487447,0.901081,0.261528,0.440094,0.416220,0.895372,0.238981,0.256526,0.571641,0.578272
0.729759,0.813926,0.584737,0.692429,0.253157,0.211681,0.652124,0.627341,0.357373,0.283451,0.786503,0.656700,0.915116,0.680046,0.000000,0.903389,0.486081,0.490876,0.992228,0.714194,0.357853,0.159100,0.341529,0.499727,0.069561,0.014936,0.545193,0.471180,0.643667,0.406197,0.763041,0.777744,0.584067,0.714251,0.659302,0.344982,0.344383,0.235776,0.567949,0.501603,0.388323,0.396766,0.870591,0.842214,0.755028,0.750973,0.917908,0.789296,0.693750,0.590840,0.739998,0.635810,0.805720,0.663693,0.735382,0.696690,0.728151,0.920836,0.917018,0.651463,0.791543,0.668322,0.686538,0.674053,0.651728,0.787614,0.916864,0.813113,0.899320,0.861044,0.943344,0.697250,0.638953,0.740555,0.878788,0.632789,0.855446,0.643704,0.370646,0.421635,0.885991,0.775543,0.634867,0.312011,0.912964,0.820437,0.462321,0.669991,0.870815,0.704015
0.539782,0.773524,0.715935,0.702151,0.493589,0.458087,0.715812,0.723596,0.563158,0.522155,0.623042,0.857018,0.617671,1.068618,0.903389,0.000000,0.285722,0.630262,0.786976,0.673682,0.386446,0.301586,0.496307,0.660230,0.321934,0.269085,0.493346,0.422881,0.486564,0.634596,0.698613,0.815787,0.489650,0.545073,0.629314,0.367789,0.289122,0.413920,0.520808,0.527179,0.397357,0.474277,0.754194,0.945701,0.610289,0.698786,0.801825,0.902734,0.574762,0.612258,0.777270,0.840243,1.002630,0.847832,0.653703,0.749611,0.500479,0.747563,0.555786,0.469303,0.605979,0.635883,0.541148,0.607260,0.572341,0.638131,0.595525,0.606748,0.602777,0.663395,0.602867,0.637476,0.442809,0.779287,0.698084,0.654656,0.720768,0.623658,0.213526,0.609298,0.708503,0.984595,0.484806,0.669868,0.641439,1.115424,0.312056,0.394674,0.682896,0.720861
0.622889,0.451265,0.325333,0.260174,0.032008,-0.073402,0.217717,0.159059,0.073856,0.045276,0.856982,0.305266,0.614250,0.271433,0.486081,0.285722,0.000000,0.845712,0.369878,0.401071,0.118338,0.116784,0.231062,0.186649,0.177588,0.039135,-0.068218,-0.060460,1.036291,0.509510,0.515928,0.548360,0.639188,0.588780,0.415058,0.267185,-0.119760,-0.162792,0.019328,-0.038070,0.109814,0.088962,0.624960,0.493631,0.562632,0.562004,0.511892,0.308453,0.533250,0.398519,0.562814,0.451512,0.301697,0.280856,0.064221,0.150150,0.699725,0.451745,0.390335,-0.018745,0.285890,0.150900,0.572242,0.362050,0.548963,0.284506,0.437667,0.328289,0.494339,0.436537,0.439471,0.363318,0.760275,0.613867,0.658458,0.381131,0.301524,0.138112,0.796143,0.646712,0.875368,0.555556,0.296981,0.146222,0.711338,0.559544,-0.077825,0.175131,0.090634,0.150241
0.643943,0.632253,0.452576,0.352466,0.161421,0.056249,0.419858,0.364953,0.210698,0.170229,0.690681,0.713831,0.807616,0.637745,0.490876,0.630262,0.845712,0.000000,0.440415,0.527515,0.016240,0.063817,0.325260,0.343129,0.252252,0.048900,0.092363,0.009440,0.607863,0.683511,0.640353,0.660593,0.668231,0.652530,0.418605,0.260043,-0.120810,-0.036644,0.029904,0.021795,0.046392,0.038791,0.590676,0.632941,0.467141,0.587378,0.542179,0.450534,0.481542,0.492724,0.638710,0.651132,0.520645,0.489466,0.181492,0.286243,0.628284,0.625586,0.346499,0.030456,0.397316,0.329303,0.655358,0.524988,0.647443,0.339421,0.326334,0.250737,0.432124,0.404722,0.409781,0.433482,0.444188,0.678262,0.635172,0.531907,0.357999,0.332062,0.448781,0.917211,0.600243,1.028660,0.148937,0.229909,0.382424,0.831170,-0.078634,0.112780,0.256451,0.153514
1.035140,1.143686,1.153277,1.381120,0.496841,0.472619,1.221884,1.160382,0.551601,0.403127,0.856988,0.905071,0.812967,0.789594,0.992228,0.786976,0.369878,0.440415,0.000000,1.402777,0.449716,0.164087,0.740236,0.940045,0.276269,0.330128,0.701595,0.639574,0.502132,0.279870,0.834489,0.865873,0.830136,1.039209,0.976072,0.744626,0.377106,0.199950,0.508914,0.487374,0.303550,0.368079,1.080725,1.047572,1.010183,1.038331,1.208638,1.183478,0.835445,0.774492,0.963178,0.927708,1.173317,1.068418,0.832290,0.987721,0.861791,1.082840,1.123816,0.901783,1.157374,1.127187,0.930454,1.038046,0.634071,0.995303,1.176338,1.198285,1.243380,1.161571,0.915086,0.845313,0.651920,0.786528,0.802141,0.710757,1.174318,1.032070,0.155908,0.366212,0.883681,0.834619,0.384288,0.222264,0.858822,0.984138,0.351727,0.522641,0.904836,1.039579
1.269043,1.379515,1.238604,1.249905,0.440359,0.417543,1.080643,1.158442,0.481481,0.341499,0.838065,0.825436,0.782459,0.625068,0.714194,0.673682,0.401071,0.527515,1.402777,0.000000,0.330827,0.167266,0.769034,0.939111,0.346795,0.334050,0.606972,0.512077,0.501195,0.261831,0.883172,0.805928,1.071709,1.253368,0.981907,0.786350,0.235519,0.012541,0.283127,0.288722,0.168136,0.247760,1.145223,0.964086,1.068272,1.185029,1.091221,1.119389,0.858211,0.956227,0.995227,0.966515,1.070785,1.120858,0.573828,0.867041,1.000459,1.124121,0.924011,0.700009,1.005664,1.008727,1.112399,1.146487,0.630646,0.798031,0.966901,1.041106,1.368666,1.300388,0.810533,0.755819,0.612111,0.776583,0.644262,0.608524,1.021316,0.901714,0.102202,0.346554,0.769485,0.839004,0.225075,0.146428,0.743753,0.932505,0.091787,0.353523,0.656161,0.874189
0.287665,0.260400,0.452715,0.480323,0.383194,0.390522,0.427198,0.411582,0.419422,0.286873,0.281530,0.193971,0.122760,0.232673,0.357853,0.386446,0.118338,0.016240,0.449716,0.330827,0.000000,0.740922,0.370117,0.381329,0.223844,0.372268,0.328632,0.529900,0.378720,0.353045,0.402071,0.417536,0.110753,0.188894,0.311103,0.249462,0.456903,0.285519,0.476237,0.433320,0.736486,0.500125,0.421331,0.488999,0.316064,0.339603,0.375521,0.484556,0.330018,0.228149,0.400268,0.301790,0.415827,0.373956,0.499195,0.356844,0.250267,0.256582,0.354120,0.371800,0.346085,0.319572,0.246865,0.358851,0.189907,0.297940,0.413790,0.409779,0.359647,0.367558,0.475956,0.547629,0.462592,0.408629,0.234056,0.131255,0.450144,0.326189,0.290563,0.245496,0.528849,0.380407,0.402261,0.295392,0.413256,0.350768,0.306047,0.218914,0.408493,0.465262
0.076476,0.084890,0.155697,0.179823,0.075501,0.155614,0.104859,0.129077,0.080064,0.096508,0.125361,0.097100,0.043008,0.131625,0.159100,0.301586,0.116784,0.063817,0.164087,0.167266,0.740922,0.000000,0.005743,0.149927,0.067631,0.092680,0.120538,0.283519,0.335809,0.453488,0.145045,0.240724,-0.097455,-0.019131,0.106439,0.122066,0.331145,0.393218,0.392183,0.405886,0.831749,0.576064,0.182602,0.206251,0.035650,0.090100,0.178589,0.300492,0.078351,0.047677,0.168385,0.105634,0.205714,0.181503,0.254573,0.193848,0.007263,0.037617,0.021203,0.044143,-0.030618,-0.022581,0.001391,0.038975,-0.069658,-0.007262,0.086827,0.081299,0.130360,0.190573,0.180746,0.256354,0.333968,0.351019,0.044628,0.051635,0.119337,0.024027,0.293709,0.288899,0.323281,0.274745,0.475539,0.529467,0.244750,0.292605,0.171677,0.177410,0.094101,0.181262
0.637776,0.723606,1.461833,1.013073,1.197642,0.884939,1.071684,0.848011,1.117200,0.862529,0.538755,0.669517,0.462252,0.676833,0.341529,0.496307,0.231062,0.325260,0.740236,0.769034,0.370117,0.005743,0.000000,1.218268,1.041302,1.020532,0.419818,0.423689,0.314183,0.245502,0.705980,0.707157,0.751409,0.735195,0.622594,0.603045,0.122075,-0.010029,0.047300,0.149058,-0.021805,0.068389,0.710377,0.732019,0.638095,0.758721,0.741910,0.672914,0.570925,0.658833,0.777635,0.787063,0.858361,0.863761,0.296252,0.496491,0.536933,0.606891,0.594322,0.400533,0.698690,0.614351,0.592706,0.704047,0.469516,0.516099,0.528327,0.591087,0.609129,0.645872,0.417786,0.576245,0.358214,0.451006,0.520406,0.473085,0.575370,0.576244,0.063233,0.313944,0.436710,0.573453,-0.158916,0.089436,0.392414,0.599778,-0.123535,-0.139013,0.407590,0.569335
0.699555,0.791420,1.425367,1.420333,0.871165,0.699118,1.201444,1.048028,0.860220,0.666173,0.589977,0.819018,0.527759,0.800346,0.499727,0.660230,0.186649,0.343129,0.940045,0.939111,0.381329,0.149927,1.218268,0.000000,0.690730,0.663425,0.618864,0.528226,0.351551,0.237092,0.750811,0.748254,0.778155,0.893630,0.690382,0.647696,0.178317,0.057130,0.139150,0.273705,0.066315,0.213682,0.765037,0.782910,0.687363,0.787966,0.869366,0.792688,0.612367,0.727052,0.809793,0.856734,1.023893,0.996466,0.411590,0.650377,0.569666,0.694850,0.662225,0.589020,0.825687,0.941096,0.661409,0.803551,0.522749,0.706004,0.633750,0.711004,0.708207,0.684888,0.566615,0.598148,0.440277,0.565721,0.536159,0.530086,0.738685,0.676494,0.041943,0.269693,0.528580,0.668637,0.066392,0.177553,0.510984,0.827679,-0.001290,0.036329,0.481567,0.758146
0.319346,0.376641,0.751204,0.400994,1.144083,0.851412,0.521767,0.377232,1.052701,0.861859,0.222017,0.335521,0.155206,0.383174,0.069561,0.321934,0.177588,0.252252,0.276269,0.346795,0.223844,0.067631,1.041302,0.690730,0.000000,1.002919,0.212975,0.249222,0.239022,0.316549,0.417728,0.514918,0.373645,0.313546,0.262540,0.237653,-0.123523,-0.069817,-0.164496,-0.103755,-0.148159,-0.041485,0.396159,0.429755,0.274929,0.414205,0.326378,0.340979,0.270612,0.430389,0.434862,0.474690,0.459485,0.457026,0.033482,0.148566,0.237708,0.252832,0.206229,0.001580,0.211188,0.184199,0.199992,0.294309,0.168474,0.165737,0.122002,0.124754,0.258431,0.312248,0.149696,0.350408,0.142422,0.198139,0.209272,0.131131,0.144934,0.150969,0.202146,0.364698,0.284657,0.422874,-0.192957,0.143614,0.168895,0.330699,-0.419531,-0.431441,0.120669,0.189242
0.204181,0.273063,0.681499,0.518185,1.044080,1.190192,0.525717,0.404284,0.922064,0.961010,0.193965,0.290495,-0.021597,0.356183,0.014936,0.269085,0.039135,0.048900,0.330128,0.334050,0.372268,0.092680,1.020532,0.663425,1.002919,0.000000,0.321339,0.492775,0.141123,0.217342,0.382651,0.412065,0.241459,0.227093,0.192409,0.265182,0.105857,0.053408,-0.050775,0.062243,-0.016937,0.116561,0.288856,0.358071,0.244076,0.337800,0.297722,0.337523,0.234832,0.284714,0.354621,0.427393,0.397380,0.425335,0.144515,0.233162,0.150423,0.182887,0.168498,0.150083,0.211096,0.254930,0.193548,0.355764,0.044481,0.150052,0.124662,0.182470,0.219174,0.241516,0.114639,0.297531,0.161284,0.237335,0.225155,0.173790,0.238275,0.274914,0.042187,0.221801,0.197066,0.312346,-0.197433,0.159695,0.072031,0.259770,-0.152531,-0.273562,0.114556,0.336173
0.502681,0.677129,0.569292,0.651106,0.474729,0.521977,0.658376,0.562551,0.550455,0.391851,0.262411,0.368622,0.257844,0.351677,0.545193,0.493346,-0.068218,0.092363,0.701595,0.606972,0.328632,0.120538,0.419818,0.618864,0.212975,0.321339,0.000000,0.901104,0.043427,0.020481,0.502290,0.438904,0.285355,0.432187,0.336788,0.210331,0.268587,0.109309,0.278404,0.327417,0.078824,0.239596,0.589187,0.661446,0.555736,0.583676,0.649086,0.798259,0.587058,0.601695,0.569285,0.627938,0.682818,0.610118,0.722460,0.781290,0.460755,0.707159,0.627325,0.841721,0.669001,0.686112,0.404836,0.602428,0.250953,0.586454,0.503056,0.549421,0.627076,0.529259,0.572658,0.500583,0.145244,0.287816,0.231518,0.320447,0.596825,0.681601,-0.081172,0.053673,0.406104,0.482425,0.182275,0.086529,0.413179,0.586102,0.132039,0.253009,0.777735,0.904234
0.362420,0.469343,0.556797,0.618971,0.526389,0.731481,0.611891,0.606458,0.644353,0.570250,0.248553,0.339131,0.141356,0.315247,0.471180,0.422881,-0.060460,0.009440,0.639574,0.512077,0.529900,0.283519,0.423689,0.528226,0.249222,0.492775,0.901104,0.000000,0.054263,0.015435,0.377175,0.390310,0.137744,0.255768,0.305187,0.233776,0.380717,0.245575,0.441226,0.488420,0.287282,0.417063,0.425228,0.530040,0.362280,0.416001,0.437954,0.636953,0.392590,0.386182,0.445667,0.413549,0.560116,0.571028,0.752847,0.692894,0.318363,0.494922,0.497826,0.751443,0.535230,0.563764,0.356263,0.549132,0.148074,0.445502,0.450389,0.485645,0.487609,0.513473,0.506658,0.532611,0.210843,0.274887,0.248339,0.242026,0.537650,0.619729,-0.046879,0.141481,0.385793,0.421224,0.180878,0.127754,0.339405,0.413834,0.299675,0.261906,0.709647,0.745248
0.597567,0.443176,0.431081,0.411226,0.130519,0.064852,0.372964,0.287555,0.143364,0.078609,0.844413,0.395696,0.614737,0.391239,0.643667,0.486564,1.036291,0.607863,0.502132,0.501195,0.378720,0.335809,0.314183,0.351551,0.239022,0.141123,0.043427,0.054263,0.000000,0.890410,0.718734,0.721916,0.654770,0.664337,0.485023,0.256977,0.146701,0.036144,0.256180,0.126233,0.348670,0.349866,0.620895,0.499681,0.559086,0.537303,0.552374,0.366507,0.474525,0.366155,0.557498,0.435964,0.363882,0.291165,0.223662,0.158070,0.594738,0.429028,0.429901,0.055233,0.384831,0.258893,0.564419,0.427839,0.626944,0.384210,0.545459,0.431644,0.527169,0.492497,0.577581,0.438360,1.063686,0.851551,0.687323,0.429165,0.423643,0.178119,0.831153,0.618132,0.983123,0.646493,0.578456,0.391816,0.789998,0.612027,0.075383,0.227770,0.198055,0.290882
0.199545,0.276288,0.288959,0.239846,0.240675,0.202936,0.261960,0.187186,0.219080,0.207108,0.327836,0.441863,0.309987,0.550517,0.406197,0.634596,0.509510,0.683511,0.279870,0.261831,0.353045,0.453488,0.245502,0.237092,0.316549,0.217342,0.020481,0.015435,0.890410,0.000000,0.576135,0.665302,0.294979,0.324512,0.182143,-0.000008,0.092146,0.346031,0.236233,0.172762,0.396463,0.361281,0.337058,0.396945,0.184519,0.267130,0.319115,0.298046,0.182252,0.172802,0.353299,0.390127,0.334323,0.247113,0.183751,0.062842,0.185784,0.263774,0.065754,-0.190783,0.065246,0.048191,0.191864,0.194812,0.358471,0.150747,0.119288,0.048815,0.183237,0.209103,0.264039,0.325357,0.485865,0.681708,0.412208,0.328128,0.175060,0.067108,0.678890,0.849387,0.531163,0.763393,0.469974,0.667921,0.349644,0.578396,0.039010,0.042648,0.102581,0.115781
0.748875,0.729633,0.852909,0.801607,0.501322,0.395888,0.806597,0.667606,0.578322,0.349151,0.839278,0.674025,0.667628,0.628657,0.763041,0.698613,0.515928,0.640353,0.834489,0.883172,0.402071,0.145045,0.705980,0.750811,0.417728,0.382651,0.502290,0.377175,0.718734,0.576135,0.000000,1.429108,0.803737,0.945941,0.572261,0.308848,0.243621,0.081293,0.172558,0.165631,0.172817,0.207017,0.775545,0.757591,0.667885,0.756755,0.853111,0.696245,0.593238,0.543660,0.758156,0.728169,0.760201,0.673842,0.412002,0.427112,0.673703,0.749060,0.569964,0.354151,0.668688,0.674420,0.730497,0.824273,0.784777,0.693257,0.588344,0.544104,0.727534,0.701538,0.902364,0.811921,0.706916,0.795167,0.731601,0.468801,0.666656,0.538752,0.546085,0.687592,0.822323,0.919426,0.251251,0.179308,0.633447,0.815870,0.052960,0.186587,0.472553,0.456535
0.671961,0.750625,0.859052,0.803324,0.565750,0.461470,0.767972,0.661511,0.619651,0.467542,0.868426,0.790190,0.630412,0.776281,0.777744,0.815787,0.548360,0.660593,0.865873,0.805928,0.417536,0.240724,0.707157,0.748254,0.514918,0.412065,0.438904,0.390310,0.721916,0.665302,1.429108,0.000000,0.707571,0.863235,0.595528,0.289930,0.265173,0.211254,0.251846,0.230480,0.284951,0.277659,0.766403,0.856949,0.660887,0.775760,0.806124,0.775948,0.605044,0.612567,0.818253,0.819733,0.786335,0.678381,0.535904,0.495943,0.589173,0.756436,0.556699,0.359155,0.629528,0.667511,0.660735,0.795229,0.712405,0.733765,0.570012,0.526984,0.686104,0.718593,0.819122,0.830593,0.692402,0.858620,0.751988,0.535157,0.693224,0.541375,0.504274,0.797933,0.842312,0.948223,0.362213,0.301019,0.681084,0.859410,0.120818,0.229444,0.540494,0.497347
1.127601,0.998832,0.923627,0.850116,0.354083,0.228708,0.793366,0.746590,0.354356,0.266078,0.903058,0.688841,0.816469,0.510273,0.584067,0.489650,0.639188,0.668231,0.830136,1.071709,0.110753,-0.097455,0.751409,0.778155,0.373645,0.241459,0.285355,0.137744,0.654770,0.294979,0.803737,0.707571,0.000000,1.794322,0.822526,0.636624,0.048615,-0.192913,0.079753,0.085193,-0.082172,0.000776,0.900847,0.732307,0.936500,1.012187,0.838358,0.634461,0.789264,0.845914,0.908194,0.874881,0.747776,0.705480,0.277031,0.457812,1.047575,0.931275,0.790764,0.395952,0.913490,0.793392,1.130027,0.968468,0.809344,0.698462,0.789226,0.794107,0.858509,0.813082,0.715557,0.587802,0.686250,0.665007,0.734185,0.588275,0.752116,0.584320,0.209075,0.332487,0.665917,0.681115,0.099562,0.011835,0.650895,0.772218,-0.067278,0.159643,0.397568,0.487747
1.166141,1.083484,1.009128,1.056871,0.359468,0.243646,0.913792,0.852541,0.375599,0.272383,0.960184,0.806750,0.858972,0.616839,0.714251,0.545073,0.588780,0.652530,1.039209,1.253368,0.188894,-0.019131,0.735195,0.893630,0.313546,0.227093,0.432187,0.255768,0.664337,0.324512,0.945941,0.863235,1.794322,0.000000,0.830995,0.621739,0.126828,-0.114778,0.158632,0.173041,0.016168,0.108827,0.981664,0.815502,1.027286,1.084611,0.974046,0.761286,0.849674,0.879970,0.954634,0.921655,0.822597,0.780014,0.404404,0.577040,1.046419,1.079596,0.886395,0.524503,1.053923,0.988522,1.128289,1.119871,0.904422,0.884273,0.874007,0.879281,0.987588,0.908499,0.872701,0.680492,0.745283,0.761848,0.786881,0.653758,0.893022,0.709161,0.235830,0.362199,0.740028,0.789286,0.213129,0.045790,0.730106,0.895856,0.043906,0.252831,0.522454,0.632417
0.875149,0.856871,0.890576,0.835796,0.308720,0.300878,0.992917,1.024342,0.348402,0.250159,0.754480,0.776905,0.816876,0.653038,0.659302,0.629314,0.415058,0.418605,0.976072,0.981907,0.311103,0.106439,0.622594,0.690382,0.262540,0.192409,0.336788,0.305187,0.485023,0.182143,0.572261,0.595528,0.822526,0.830995,0.000000,1.022434,0.317338,0.119463,0.339290,0.319331,0.261159,0.284328,0.859816,0.820683,0.828074,0.780231,0.780090,0.874362,0.615606,0.632671,0.812511,0.681389,0.847172,0.834240,0.544833,0.724554,0.750004,0.698978,0.825746,0.557022,0.966147,0.828193,0.763530,0.673403,0.739526,0.837356,0.974488,1.017830,0.861750,0.854342,0.672516,0.745838,0.522373,0.651114,0.638112,0.556913,1.096213,0.905782,0.072043,0.319739,0.724280,0.629277,0.276588,0.108839,0.725017,0.789175,0.238127,0.388191,0.624531,0.687902
0.676903,0.638986,0.790688,0.749717,0.272594,0.231894,0.794224,0.739535,0.308385,0.214982,0.509010,0.497432,0.598274,0.405141,0.344982,0.367789,0.267185,0.260043,0.744626,0.786350,0.249462,0.122066,0.603045,0.647696,0.237653,0.265182,0.210331,0.233776,0.256977,-0.000008,0.308848,0.289930,0.636624,0.621739,1.022434,0.000000,0.149433,-0.033901,0.198552,0.244984,0.094862,0.100923,0.613290,0.508106,0.587810,0.551168,0.550890,0.574494,0.390390,0.409682,0.505328,0.405032,0.609536,0.670198,0.236047,0.534051,0.576991,0.476499,0.618827,0.416758,0.664230,0.571006,0.613745,0.457982,0.405565,0.503014,0.685941,0.797605,0.709599,0.701216,0.377296,0.427998,0.331504,0.356706,0.401384,0.498657,0.698879,0.681326,-0.043027,0.139544,0.409239,0.390467,0.034176,0.035316,0.432640,0.526270,0.112458,0.291106,0.337289,0.542074
0.058482,0.130339,0.218183,0.321920,0.133453,0.260103,0.358466,0.350575,0.137059,0.093092,0.156788,0.259694,0.159684,0.263754,0.344383,0.289122,-0.119760,-0.120810,0.377106,0.235519,0.456903,0.331145,0.122075,0.178317,-0.123523,0.105857,0.268587,0.380717,0.146701,0.092146,0.243621,0.265173,0.048615,0.126828,0.317338,0.149433,0.000000,0.707623,0.896448,0.638836,0.767920,0.667817,0.187222,0.289378,0.194216,0.143902,0.279409,0.413258,0.165053,0.051584,0.211464,0.169761,0.272491,0.253928,0.717461,0.393496,-0.003448,0.127258,0.228942,0.413360,0.327594,0.269071,0.138188,0.249881,0.120801,0.283831,0.293918,0.305413,0.159634,0.201277,0.284819,0.318510,0.231292,0.327464,0.210838,0.185301,0.599126,0.502835,-0.140547,0.083374,0.267887,0.206241,0.446659,0.215261,0.223173,0.168494,0.837299,0.445278,0.500880,0.413646
-0.187391,0.001879,0.075034,0.171748,0.127641,0.190128,0.143013,0.181427,0.146704,0.193376,-0.080969,0.296238,-0.036641,0.417680,0.235776,0.413920,-0.162792,-0.036644,0.199950,0.012541,0.285519,0.393218,-0.010029,0.057130,-0.069817,0.053408,0.109309,0.245575,0.036144,0.346031,0.081293,0.211254,-0.192913,-0.114778,0.119463,-0.033901,0.707623,0.000000,0.770630,0.701081,0.661053,0.603506,-0.004943,0.170689,-0.067275,-0.026811,0.160346,0.287485,-0.053809,-0.041907,0.036934,0.120237,0.200213,0.139696,0.462163,0.305836,-0.244545,0.044301,-0.004549,0.156167,-0.008891,0.064769,-0.184987,-0.016203,-0.006931,0.145246,0.006669,0.029262,-0.073011,0.003746,0.008570,0.157521,0.000683,0.213788,0.103900,0.217663,0.250854,0.250874,-0.003128,0.252237,0.090763,0.214500,0.378619,0.505603,0.096727,0.190508,0.689989,0.323977,0.317347,0.261659
0.176042,0.262886,0.229615,0.340881,0.119578,0.163808,0.310170,0.365719,0.165853,0.151590,0.183693,0.311595,0.240846,0.361286,0.567949,0.520808,0.019328,0.029904,0.508914,0.283127,0.476237,0.392183,0.047300,0.139150,-0.164496,-0.050775,0.278404,0.441226,0.256180,0.236233,0.172558,0.251846,0.079753,0.158632,0.339290,0.198552,0.896448,0.770630,0.000000,1.242554,0.829466,0.888264,0.334125,0.404883,0.303913,0.277614,0.453944,0.566328,0.281568,0.192784,0.311109,0.260104,0.397148,0.357283,0.866863,0.662529,0.146118,0.310930,0.434009,0.539457,0.381892,0.324367,0.225488,0.242064,0.276932,0.404096,0.485423,0.469467,0.326427,0.377791,0.282017,0.242082,0.222303,0.277558,0.316390,0.346189,0.506407,0.435089,-0.003077,0.178949,0.404925,0.316476,0.729330,0.534378,0.427273,0.372045,1.026722,0.677937,0.711793,0.614188
0.163758,0.277995,0.291367,0.447528,0.209338,0.248064,0.303520,0.405939,0.238770,0.302555,0.122037,0.347948,0.161454,0.423735,0.501603,0.527179,-0.038070,0.021795,0.487374,0.288722,0.433320,0.405886,0.149058,0.273705,-0.103755,0.062243,0.327417,0.488420,0.126233,0.172762,0.165631,0.230480,0.085193,0.173041,0.319331,0.244984,0.638836,0.701081,1.242554,0.000000,0.660311,0.756726,0.288074,0.370620,0.270657,0.299152,0.479650,0.542797,0.314869,0.260542,0.279494,0.273150,0.412785,0.404908,0.743048,0.784000,0.141079,0.356512,0.435491,0.608520,0.339403,0.357945,0.191255,0.235177,0.227508,0.314091,0.430295,0.446774,0.311833,0.368592,0.242993,0.232774,0.135028,0.237968,0.286715,0.400497,0.467672,0.474624,-0.081220,0.076105,0.281532,0.275507,0.460099,0.449001,0.364305,0.377073,0.835224,0.636410,0.647680,0.644983
0.037316,0.081816,0.158289,0.225678,0.002860,0.075293,0.194058,0.219447,0.024532,-0.004394,0.223830,0.242172,0.166104,0.276902,0.388323,0.397357,0.109814,0.046392,0.303550,0.168136,0.736486,0.831749,-0.021805,0.066315,-0.148159,-0.016937,0.078824,0.287282,0.348670,0.396463,0.172817,0.284951,-0.082172,0.016168,0.261159,0.094862,0.767920,0.661053,0.829466,0.660311,0.000000,0.930683,0.202456,0.293599,0.100059,0.100642,0.238753,0.380143,0.111050,0.006174,0.197370,0.107285,0.226962,0.194140,0.512160,0.305379,-0.016159,0.079005,0.141406,0.169337,0.124812,0.089706,0.033623,0.080622,0.100613,0.176940,0.238287,0.207175,0.146096,0.214130,0.213509,0.249355,0.350356,0.457444,0.243669,0.211406,0.354419,0.201315,0.174524,0.275888,0.367939,0.238146,0.828686,0.581295,0.322246,0.260599,0.692660,0.489835,0.304547,0.339798
0.084453,0.170080,0.253674,0.334234,0.138131,0.225567,0.304475,0.323693,0.144077,0.131733,0.185019,0.346313,0.125957,0.391648,0.396766,0.474277,0.088962,0.038791,0.368079,0.247760,0.500125,0.576064,0.068389,0.213682,-0.041485,0.116561,0.239596,0.417063,0.349866,0.361281,0.207017,0.277659,0.000776,0.108827,0.284328,0.100923,0.667817,0.603506,0.888264,0.756726,0.930683,0.000000,0.295748,0.360363,0.211676,0.198764,0.390351,0.469324,0.221047,0.122991,0.271972,0.242372,0.323014,0.294911,0.587258,0.459433,0.039766,0.185929,0.217342,0.284684,0.208737,0.193731,0.100467,0.194877,0.159350,0.262372,0.296050,0.288834,0.207925,0.246401,0.225403,0.239943,0.324873,0.472992,0.326824,0.295855,0.423143,0.289641,0.102854,0.307226,0.458565,0.342179,0.792995,0.573857,0.432460,0.358208,0.708326,0.468731,0.413492,0.543357
1.239453,1.229171,1.041628,0.901302,0.523105,0.379297,0.915222,0.859071,0.600426,0.416468,0.944258,0.673243,0.837590,0.610176,0.870591,0.754194,0.624960,0.590676,1.080725,1.145223,0.421331,0.182602,0.710377,0.765037,0.396159,0.288856,0.589187,0.425228,0.620895,0.337058,0.775545,0.766403,0.900847,0.981664,0.859816,0.613290,0.187222,-0.004943,0.334125,0.288074,0.202456,0.295748,0.000000,1.594685,1.578969,1.711124,1.431866,1.302948,1.300036,1.215465,1.632252,1.263754,1.267575,1.162626,0.669752,0.910208,1.120598,1.110223,1.190408,0.692675,0.997732,0.773713,1.013886,0.983304,0.700341,0.797031,1.162776,1.133496,1.335179,1.201133,0.813164,0.706465,0.669815,0.713613,0.733996,0.547568,0.872329,0.677542,0.323561,0.476664,1.162672,0.937715,0.331411,0.222328,1.035018,1.099385,0.085550,0.314977,0.797147,0.915667
0.959727,1.106598,1.031967,0.902684,0.635495,0.543865,0.981641,0.942383,0.715531,0.552943,0.875750,0.839994,0.736716,0.824798,0.842214,0.945701,0.493631,0.632941,1.047572,0.964086,0.488999,0.206251,0.732019,0.782910,0.429755,0.358071,0.661446,0.530040,0.499681,0.396945,0.757591,0.856949,0.732307,0.815502,0.820683,0.508106,0.289378,0.170689,0.404883,0.370620,0.293599,0.360363,1.594685,0.000000,1.154249,1.353307,1.226716,1.490488,1.122066,1.111315,1.542528,1.407132,1.375374,1.201468,0.783295,0.943744,0.882443,1.013318,0.990330,0.689149,0.978611,0.812210,0.862616,0.949229,0.635906,0.808424,0.914266,0.893372,0.983339,0.924763,0.793103,0.860124,0.549650,0.790589,0.737060,0.571210,0.973729,0.860757,0.255254,0.544867,1.011451,1.043893,0.330589,0.298836,0.802038,1.169840,0.162297,0.322678,0.860226,0.937045
1.172408,1.098456,0.900421,0.835972,0.389045,0.281376,0.795557,0.779300,0.446496,0.331617,0.843122,0.568556,0.735359,0.504579,0.755028,0.610289,0.562632,0.467141,1.010183,1.068272,0.316064,0.035650,0.638095,0.687363,0.274929,0.244076,0.555736,0.362280,0.559086,0.184519,0.667885,0.660887,0.936500,1.027286,0.828074,0.587810,0.194216,-0.067275,0.303913,0.270657,0.100059,0.211676,1.578969,1.154249,0.000000,1.802821,1.202991,1.046479,1.552828,1.302289,1.416501,1.167477,0.933481,0.918830,0.636855,0.918771,1.100404,1.062474,1.246658,0.786690,1.119938,0.877701,1.043670,1.054121,0.780501,0.838519,1.351271,1.313006,1.282667,1.141358,0.763640,0.608439,0.641858,0.593380,0.671399,0.504037,0.884622,0.671629,0.198693,0.334024,0.932549,0.708452,0.301970,0.128935,0.976718,0.880149,0.139044,0.356891,0.751253,0.911375
1.240109,1.295063,1.056924,0.903411,0.560176,0.403738,0.831658,0.841322,0.609151,0.483491,0.885500,0.680158,0.716591,0.592688,0.750973,0.698786,0.562004,0.587378,1.038331,1.185029,0.339603,0.090100,0.758721,0.787966,0.414205,0.337800,0.583676,0.416001,0.537303,0.267130,0.756755,0.775760,1.012187,1.084611,0.780231,0.551168,0.143902,-0.026811,0.277614,0.299152,0.100642,0.198764,1.711124,1.353307,1.802821,0.000000,1.415954,1.241658,1.596332,1.624688,1.494478,1.366540,1.102735,1.072045,0.630502,0.966117,1.125225,1.208812,1.177511,0.742277,1.024582,0.883344,1.093696,1.204222,0.710306,0.756207,1.091791,1.085944,1.278128,1.187711,0.722364,0.667714,0.560099,0.627229,0.671431,0.541061,0.850822,0.691635,0.223729,0.399279,0.890333,0.863938,0.217239,0.151737,0.862824,0.956007,0.052534,0.264291,0.776446,0.867347
0.976826,1.132774,1.050757,1.047751,0.561361,0.412461,0.910124,0.889894,0.598659,0.482426,0.848582,0.821961,0.787426,0.785417,0.917908,0.801825,0.511892,0.542179,1.208638,1.091221,0.375521,0.178589,0.741910,0.869366,0.326378,0.297722,0.649086,0.437954,0.552374,0.319115,0.853111,0.806124,0.838358,0.974046,0.780090,0.550890,0.279409,0.160346,0.453944,0.479650,0.238753,0.390351,1.431866,1.226716,1.202991,1.415954,0.000000,1.352987,1.177851,1.064776,1.210532,1.138920,1.322453,1.163227,0.698484,1.079384,0.877133,1.091616,1.175038,0.769180,0.963132,0.837642,0.867621,0.954204,0.674605,0.793367,1.038938,1.036230,1.199743,1.083866,0.727510,0.692624,0.554194,0.684187,0.760157,0.692943,0.909306,0.743537,0.243570,0.430799,0.894969,0.898373,0.301242,0.281873,0.859394,1.059489,0.196229,0.328079,0.835052,0.952348
0.882622,1.162976,1.041301,0.938243,0.603071,0.575536,1.010316,1.055452,0.665479,0.528240,0.683443,0.828481,0.654115,0.790450,0.789296,0.902734,0.308453,0.450534,1.183478,1.119389,0.484556,0.300492,0.672914,0.792688,0.340979,0.337523,0.798259,0.636953,0.366507,0.298046,0.696245,0.775948,0.634461,0.761286,0.874362,0.574494,0.413258,0.287485,0.566328,0.542797,0.380143,0.469324,1.302948,1.490488,1.046479,1.241658,1.352987,0.000000,1.014752,1.042833,1.208273,1.167398,1.410119,1.357108,0.986955,1.324696,0.751506,1.000549,0.970117,0.850955,0.946829,0.877083,0.758319,0.910707,0.527016,0.772149,0.902589,0.952539,1.078591,1.043050,0.669429,0.742261,0.399839,0.642573,0.577132,0.563454,1.063687,0.946724,0.078413,0.398070,0.810048,0.942242,0.371275,0.321522,0.711045,1.065995,0.272195,0.389794,1.015636,1.104794
0.987981,0.983447,0.767372,0.696716,0.435430,0.321832,0.637259,0.655682,0.484312,0.374135,0.724009,0.529898,0.609668,0.473820,0.693750,0.574762,0.533250,0.481542,0.835445,0.858211,0.330018,0.078351,0.570925,0.612367,0.270612,0.234832,0.587058,0.392590,0.474525,0.182252,0.593238,0.605044,0.789264,0.849674,0.615606,0.390390,0.165053,-0.053809,0.281568,0.314869,0.111050,0.221047,1.300036,1.122066,1.552828,1.596332,1.177851,1.014752,0.000000,1.429748,1.349158,1.160733,0.886066,0.829396,0.646554,0.918192,0.952710,0.996263,1.101263,0.772671,0.961759,0.754206,0.925011,1.013121,0.623287,0.605105,1.048380,0.941006,1.081058,0.940312,0.647491,0.580740,0.544968,0.542609,0.584501,0.443723,0.741415,0.595256,0.184383,0.287441,0.844933,0.689989,0.244316,0.112055,0.827690,0.766019,0.087081,0.288937,0.786892,0.800595
