0.000000,1.273140,1.046958,1.036832,0.329421,0.419218,1.001710,0.886552,0.489732,0.375454,0.701165,0.721590,0.636822,0.595075,0.420911,0.583131,0.499239,0.614052,0.771457,0.949832,0.066964,0.186524,0.845716,0.841436,0.377427,0.404393,0.087607,0.108482,0.404842,0.425673,0.426070,0.530871,0.831452,0.856931,0.351394,0.456643,0.125604,0.193316,0.041782,0.132996,0.359437,0.205891,0.685588,0.402138,0.519210,0.501102,0.549795,0.519275,0.363767,0.388615,0.331200,0.388756,0.460276,0.520048,0.556155,0.401283,1.186988,1.067195,0.508117,0.617095,0.548189,0.688896,0.407311,0.696184,0.164933,0.355180,0.591044,0.647826,0.627638,0.589532,0.306720,0.338972,0.511989,0.451436,0.439623,0.464416,0.478410,0.548445,-0.039961,0.391203,0.369646,0.496213,0.358554,0.566143,0.569833,0.527265,0.374981,0.462438,0.672412,0.639853
1.273140,0.000000,0.804635,0.965019,0.280595,0.359033,0.745804,0.711983,0.378071,0.270144,0.484300,0.539045,0.446641,0.425353,0.321845,0.453756,0.372960,0.524787,0.691807,1.024239,0.063984,0.116034,0.750813,0.732161,0.325405,0.322490,0.100346,0.075055,0.296950,0.355148,0.431961,0.534089,0.840773,0.780592,0.368379,0.430608,0.002207,0.129069,-0.094748,0.043790,0.354319,0.120775,0.604531,0.359448,0.501780,0.534161,0.462589,0.473914,0.415192,0.415896,0.314189,0.311272,0.458697,0.493668,0.381165,0.333272,1.010738,1.332471,0.428719,0.603107,0.411793,0.637333,0.356163,0.747455,0.105396,0.266047,0.568915,0.598854,0.751585,0.774315,0.248117,0.263738,0.419173,0.453848,0.370909,0.448628,0.433061,0.523357,-0.062551,0.429613,0.343888,0.459555,0.284393,0.526624,0.460282,0.456412,0.257658,0.388777,0.468995,0.522575
1.046958,0.804635,0.000000,1.445324,0.283819,0.454619,1.334821,1.118779,0.424641,0.369926,0.574080,0.538220,0.553190,0.624667,0.394779,0.590242,0.240759,0.398936,0.783055,0.763377,-0.007313,0.152786,1.336377,1.239538,0.508541,0.688231,0.134647,0.229947,0.282679,0.259461,0.635084,0.805247,0.647546,0.774340,0.443553,0.510680,0.113786,0.237125,0.206098,0.298642,0.325220,0.143942,0.423548,0.209007,0.266013,0.322556,0.254067,0.283737,0.187480,0.281812,0.223303,0.329129,0.282507,0.262144,0.452580,0.385120,0.571787,0.622951,0.311679,0.279565,0.297851,0.336183,0.189198,0.397463,0.235539,0.429237,0.356330,0.370460,0.322683,0.348847,0.347706,0.490575,0.422699,0.369146,0.402517,0.509341,0.390365,0.431053,0.041149,0.334690,0.229419,0.318292,0.370709,0.279203,0.348639,0.472663,0.457662,0.481134,0.666333,0.699492
1.036832,0.965019,1.445324,0.000000,0.391683,0.597219,1.363207,1.305451,0.496963,0.491187,0.561948,0.657483,0.638047,0.667899,0.442613,0.648555,0.267660,0.391874,0.903226,1.029614,0.124251,0.235285,1.495691,1.431783,0.582918,0.690193,0.273649,0.296514,0.303759,0.290313,0.694452,0.836169,0.720558,0.832480,0.413872,0.570414,0.063699,0.148926,0.009503,0.097047,0.278128,0.070459,0.453076,0.193878,0.407102,0.376098,0.263868,0.309281,0.279524,0.333373,0.238026,0.299889,0.306673,0.308618,0.307779,0.238723,0.623523,0.730558,0.348655,0.411805,0.303035,0.452417,0.211960,0.470275,0.165329,0.419197,0.462213,0.525142,0.573773,0.562514,0.328794,0.378153,0.372514,0.394698,0.410430,0.502646,0.328239,0.417519,-0.098657,0.342161,0.184275,0.330013,0.362614,0.368246,0.332764,0.456353,0.312627,0.400719,0.470149,0.548145
0.329421,0.280595,0.283819,0.391683,0.000000,1.082920,0.405969,0.298402,1.140095,1.147059,0.361397,0.259358,0.489195,0.222579,0.886000,0.637871,0.272934,0.246659,0.428234,0.338504,0.786972,0.762234,0.369748,0.348583,0.689658,0.485573,1.065788,0.858645,0.346234,0.353266,0.392344,0.280304,0.192355,0.230080,0.255221,0.227507,-0.149583,-0.263100,-0.265181,-0.388269,-0.027317,-0.287415,0.230661,-0.095203,0.355694,0.268168,-0.029188,-0.037463,0.453274,0.336767,0.331971,0.268225,0.146939,0.112393,-0.015050,-0.179416,0.359935,0.309276,0.511268,0.429274,0.444643,0.395820,0.372626,0.294466,0.498259,0.449359,0.477176,0.380099,0.267708,0.233427,0.583498,0.427024,0.265872,0.261844,0.504306,0.210940,0.304464,0.295464,0.014601,0.322808,0.428322,0.296915,0.503133,0.357042,0.367397,0.150778,0.160386,0.109683,0.339673,0.249996
0.419218,0.359033,0.454619,0.597219,1.082920,0.000000,0.598378,0.517093,1.073368,1.340300,0.365160,0.282117,0.599923,0.332311,0.624942,0.649060,0.196432,0.215533,0.456945,0.394418,0.565284,0.750247,0.572265,0.561598,0.995913,0.848659,0.856545,0.898307,0.187677,0.244393,0.629569,0.523521,0.211358,0.297857,0.227355,0.311538,-0.118624,-0.255551,-0.188137,-0.260202,-0.024835,-0.212410,0.342667,0.041876,0.400876,0.336143,0.050961,0.085399,0.483447,0.360736,0.454857,0.275095,0.307524,0.250931,0.071315,-0.072315,0.378631,0.372567,0.460286,0.397073,0.351055,0.306444,0.269552,0.242120,0.413092,0.391477,0.476774,0.395841,0.399061,0.331741,0.396315,0.304208,0.165056,0.214082,0.438757,0.321578,0.133244,0.246793,-0.076359,0.287165,0.270230,0.255063,0.324362,0.294026,0.286712,0.127185,0.096929,0.145003,0.253031,0.329404
1.001710,0.745804,1.334821,1.363207,0.405969,0.598378,0.000000,1.199026,0.566489,0.550237,0.668734,0.703580,0.878232,0.775196,0.434464,0.591122,0.283900,0.490165,0.928186,0.827753,0.107720,0.249282,1.393350,1.199541,0.626105,0.678445,0.256367,0.242053,0.286697,0.337159,0.741675,0.847667,0.650573,0.806182,0.267069,0.349212,-0.003101,0.104492,0.058261,0.087673,0.304345,0.074742,0.416979,0.223833,0.310749,0.385854,0.236273,0.274601,0.276148,0.363687,0.262163,0.357055,0.309048,0.273782,0.351782,0.282636,0.550697,0.592448,0.419934,0.432469,0.384326,0.483232,0.280615,0.456590,0.253270,0.458468,0.476583,0.468355,0.449706,0.365248,0.363007,0.453586,0.304883,0.296999,0.298935,0.372874,0.266326,0.335449,-0.067712,0.318269,0.185446,0.389931,0.302449,0.330618,0.318057,0.411092,0.393028,0.398444,0.508475,0.555464
0.886552,0.711983,1.118779,1.305451,0.298402,0.517093,1.199026,0.000000,0.489438,0.488828,0.610782,0.755522,0.569651,0.869507,0.331846,0.639508,0.128886,0.247649,0.818890,0.768772,0.103515,0.217483,1.214076,1.204172,0.560685,0.732177,0.158393,0.177301,0.266345,0.325037,0.785484,1.014129,0.637623,0.798506,0.299119,0.387520,0.097580,0.150915,0.008752,0.104239,0.333038,0.213249,0.289440,0.135049,0.243565,0.267376,0.174338,0.210045,0.143071,0.196200,0.117410,0.161718,0.196418,0.163296,0.275246,0.222732,0.449264,0.498534,0.158074,0.244304,0.164559,0.356115,0.037358,0.319097,0.029547,0.280075,0.224490,0.341432,0.376391,0.444752,0.346597,0.436967,0.311108,0.361360,0.310893,0.346510,0.224416,0.221895,-0.092372,0.249391,0.124190,0.272783,0.290065,0.254527,0.209264,0.315668,0.305498,0.318473,0.369361,0.361297
0.489732,0.378071,0.424641,0.496963,1.140095,1.073368,0.566489,0.489438,0.000000,1.075480,0.451520,0.331233,0.617279,0.313003,0.738443,0.650109,0.195395,0.229617,0.424488,0.322769,0.523419,0.647484,0.521435,0.531216,0.911859,0.652372,0.549674,0.480758,0.275693,0.333485,0.565946,0.456219,0.255303,0.330582,0.278673,0.258253,-0.148622,-0.217514,-0.199004,-0.268931,0.029318,-0.184431,0.359992,0.055594,0.358037,0.364933,0.090218,0.111482,0.457657,0.342395,0.397636,0.278251,0.268577,0.203951,0.147884,-0.005613,0.447826,0.426093,0.550234,0.487398,0.443515,0.489188,0.234040,0.353068,0.460275,0.524951,0.465152,0.397343,0.286950,0.254326,0.616421,0.477138,0.339643,0.309138,0.541068,0.212150,0.278318,0.325208,-0.028410,0.294029,0.381331,0.326816,0.349097,0.249137,0.329644,0.141059,0.099722,0.098532,0.418519,0.343829
0.375454,0.270144,0.369926,0.491187,1.147059,1.340300,0.550237,0.488828,1.075480,0.000000,0.377091,0.346173,0.628118,0.412418,0.717855,0.720681,0.177461,0.222411,0.453040,0.330891,0.625424,0.630702,0.483069,0.455914,0.803733,0.735060,0.839831,0.876500,0.200088,0.202038,0.503030,0.464731,0.191152,0.244182,0.153025,0.264168,-0.116363,-0.287453,-0.259984,-0.315065,-0.026063,-0.267280,0.305023,-0.047522,0.382296,0.267167,0.056887,0.030355,0.466873,0.324642,0.425476,0.270987,0.309342,0.230466,0.036266,-0.120546,0.342430,0.302990,0.533278,0.412971,0.436459,0.369950,0.320317,0.253418,0.418690,0.384950,0.484713,0.419125,0.343386,0.256951,0.437651,0.340319,0.135177,0.163244,0.439467,0.255497,0.134254,0.160509,-0.137280,0.106173,0.233351,0.156365,0.384959,0.287359,0.356542,0.071239,0.179635,0.153561,0.308317,0.281037
0.701165,0.484300,0.574080,0.561948,0.361397,0.365160,0.668734,0.610782,0.451520,0.377091,0.000000,0.842074,1.102263,0.810250,0.665754,0.702416,0.607460,0.555366,0.503346,0.468445,0.148019,0.194970,0.605577,0.536894,0.542290,0.353094,0.102227,0.031033,0.840455,0.708538,0.841606,0.714790,1.033623,1.135601,0.283207,0.272306,0.105423,0.076615,-0.186226,-0.083303,0.348682,0.246097,0.148211,0.063265,0.218083,0.307676,0.005533,0.032056,0.130354,0.230353,-0.015689,0.073183,-0.047946,0.074515,0.111349,0.039262,0.577282,0.550054,0.320487,0.504165,0.573239,0.711473,0.523390,0.726607,0.128444,0.318915,0.380382,0.429209,0.196960,0.157355,0.888922,0.746669,0.845194,0.821870,0.659343,0.549972,0.724029,0.498453,0.195408,0.479263,0.579961,0.643573,0.534048,0.451361,0.335495,0.247359,0.394526,0.331646,0.317197,0.206148
0.721590,0.539045,0.538220,0.657483,0.259358,0.282117,0.703580,0.755522,0.331233,0.346173,0.842074,0.000000,0.721114,1.192480,0.436250,0.605803,0.547746,0.629862,0.594955,0.590490,0.176695,0.223805,0.572336,0.552762,0.307451,0.250223,0.070177,0.004409,0.623066,0.592165,0.466400,0.562236,0.848164,0.870214,0.150372,0.276161,0.138315,0.087748,-0.198692,-0.071817,0.448428,0.275002,0.343754,0.249692,0.438367,0.406416,0.357267,0.364072,0.298538,0.422850,0.179922,0.290241,0.166483,0.299302,0.197435,0.186170,0.522289,0.504584,0.287095,0.601020,0.497742,0.819697,0.464589,0.683969,0.065282,0.298258,0.466340,0.668863,0.268757,0.252797,0.432451,0.362590,0.490319,0.528839,0.467021,0.300086,0.447994,0.379522,-0.090916,0.270921,0.331452,0.480876,0.390596,0.537560,0.404385,0.327993,0.361944,0.349828,0.248339,0.325786
0.636822,0.446641,0.553190,0.638047,0.489195,0.599923,0.878232,0.569651,0.617279,0.628118,1.102263,0.721114,0.000000,0.784648,0.690065,0.687363,0.555237,0.594676,0.572640,0.515406,0.218653,0.289765,0.659468,0.557656,0.685803,0.500955,0.265022,0.185451,0.576559,0.500602,0.770608,0.639422,0.692466,0.772113,0.184479,0.241413,-0.062953,-0.100358,-0.214770,-0.180440,0.205936,-0.010456,0.282097,0.138593,0.346123,0.408285,0.096253,0.137078,0.338770,0.374441,0.201054,0.264231,0.172081,0.256317,0.150102,0.051186,0.536630,0.539912,0.475926,0.622790,0.649154,0.686790,0.611153,0.655764,0.323074,0.424629,0.575747,0.545612,0.369623,0.188377,0.626356,0.533145,0.490242,0.467073,0.466790,0.428499,0.372494,0.354230,0.035071,0.352746,0.407708,0.528655,0.415805,0.409126,0.364251,0.225722,0.302515,0.251057,0.324459,0.305608
0.595075,0.425353,0.624667,0.667899,0.222579,0.332311,0.775196,0.869507,0.313003,0.412418,0.810250,1.192480,0.784648,0.000000,0.353576,0.656129,0.315605,0.422355,0.567163,0.473397,0.007689,0.047172,0.615241,0.608862,0.412337,0.482781,0.034057,0.054429,0.454988,0.429206,0.585662,0.718543,0.720690,0.777084,0.148468,0.218938,0.083299,0.055358,-0.114050,0.071065,0.325700,0.224373,0.203712,0.203040,0.211735,0.306019,0.237492,0.266035,0.177518,0.272196,0.097102,0.188190,0.142158,0.182513,0.246879,0.274717,0.334176,0.324428,0.105415,0.305970,0.311102,0.476135,0.317557,0.454830,0.014639,0.189628,0.256745,0.404527,0.172312,0.155489,0.419245,0.486819,0.394538,0.436701,0.438440,0.330743,0.287212,0.167018,-0.028874,0.197970,0.166550,0.286052,0.332187,0.330073,0.258246,0.228477,0.410181,0.320262,0.282255,0.324988
0.420911,0.321845,0.394779,0.442613,0.886000,0.624942,0.434464,0.331846,0.738443,0.717855,0.665754,0.436250,0.690065,0.353576,0.000000,1.103350,0.532001,0.446439,0.384646,0.352115,0.735007,0.566299,0.391061,0.324731,0.589013,0.456187,0.709357,0.586850,0.738120,0.506087,0.457304,0.287842,0.397682,0.430789,0.521934,0.473981,0.108538,-0.018175,-0.199138,-0.238936,0.186991,-0.140161,0.294670,-0.000702,0.489877,0.396565,0.076921,0.040252,0.436174,0.413819,0.242999,0.342876,0.027525,0.065593,0.056514,-0.172858,0.513042,0.445524,0.595617,0.524789,0.731588,0.611625,0.559407,0.483930,0.540172,0.607804,0.549888,0.541159,0.260534,0.164234,0.868212,0.608726,0.660441,0.486410,0.844192,0.418206,0.745596,0.650379,0.142758,0.394919,0.734713,0.495157,1.003032,0.579114,0.674048,0.391398,0.435056,0.387725,0.419911,0.249581
0.583131,0.453756,0.590242,0.648555,0.637871,0.649060,0.591122,0.639508,0.650109,0.720681,0.702416,0.605803,0.687363,0.656129,1.103350,0.000000,0.466390,0.499702,0.457557,0.417021,0.495252,0.426615,0.522012,0.503503,0.462336,0.587672,0.434364,0.463431,0.802530,0.668329,0.569083,0.540683,0.535089,0.605894,0.454394,0.482168,0.309230,0.199984,-0.119054,0.006752,0.264813,0.046936,0.398145,0.130611,0.470505,0.452616,0.225340,0.209440,0.387311,0.399932,0.274687,0.378411,0.170222,0.158917,0.279710,0.144838,0.484487,0.470458,0.294955,0.362731,0.479576,0.614531,0.404207,0.544745,0.297223,0.488946,0.378922,0.534278,0.277498,0.205719,0.707771,0.700726,0.702758,0.626645,0.832457,0.605813,0.619468,0.497167,0.181027,0.417479,0.616135,0.505349,0.883761,0.648546,0.592615,0.489826,0.526885,0.562123,0.498343,0.372885
0.499239,0.372960,0.240759,0.267660,0.272934,0.196432,0.283900,0.128886,0.195395,0.177461,0.607460,0.547746,0.555237,0.315605,0.532001,0.466390,0.000000,1.054640,0.380636,0.485538,0.246765,0.242731,0.194051,0.150442,0.113974,0.000268,0.165062,0.115128,0.909004,0.750650,0.139005,0.086488,0.548513,0.531154,0.285758,0.283417,0.217269,0.224330,-0.152489,-0.090630,0.256435,0.093667,0.450519,0.325132,0.552175,0.526832,0.343217,0.340936,0.469116,0.511227,0.308575,0.469423,0.150875,0.357241,0.262349,0.169312,0.669577,0.563363,0.460934,0.745326,0.788505,0.747385,1.138755,0.781256,0.411624,0.457581,0.756510,0.779091,0.319524,0.227117,0.410608,0.299219,0.719479,0.644467,0.638200,0.417571,0.666871,0.499436,0.258173,0.589296,0.860815,0.696388,0.378158,0.583124,0.675074,0.449518,0.308670,0.299709,0.282723,0.341105
0.614052,0.524787,0.398936,0.391874,0.246659,0.215533,0.490165,0.247649,0.229617,0.222411,0.555366,0.629862,0.594676,0.422355,0.446439,0.499702,1.054640,0.000000,0.522956,0.607390,0.175244,0.141978,0.332894,0.270777,0.118210,0.051396,0.134784,0.051163,0.668848,0.845581,0.205731,0.247878,0.638634,0.617594,0.203944,0.216931,0.249217,0.290063,-0.155257,-0.009269,0.291602,0.187506,0.546480,0.426675,0.613545,0.635316,0.449810,0.470378,0.549368,0.660194,0.443740,0.590122,0.319946,0.421471,0.368738,0.313658,0.690650,0.674911,0.459992,0.723264,0.703679,0.782106,0.898715,0.924073,0.383924,0.478198,0.792323,0.789384,0.347159,0.265201,0.273993,0.229824,0.590946,0.605369,0.456903,0.393114,0.443445,0.423112,0.138644,0.630949,0.628661,0.825187,0.299215,0.657627,0.643022,0.592415,0.338463,0.499683,0.320411,0.400899
0.771457,0.691807,0.783055,0.903226,0.428234,0.456945,0.928186,0.818890,0.424488,0.453040,0.503346,0.594955,0.572640,0.567163,0.384646,0.457557,0.380636,0.522956,0.000000,1.398850,0.236724,0.229471,0.939489,0.889838,0.341488,0.385033,0.328272,0.224177,0.301576,0.424151,0.472736,0.567692,0.571791,0.671088,0.169320,0.190206,-0.039950,0.035481,-0.145553,-0.123838,0.254263,0.003975,0.324215,0.191645,0.351297,0.404240,0.215909,0.230198,0.363067,0.413737,0.226407,0.330897,0.268096,0.238750,0.170585,0.140982,0.439184,0.493680,0.260390,0.319004,0.254692,0.400026,0.334469,0.427230,0.199183,0.281341,0.409977,0.410616,0.378050,0.377884,0.300775,0.278106,0.291424,0.333164,0.291102,0.254217,0.238431,0.239795,-0.102270,0.361927,0.202859,0.381294,0.250585,0.361694,0.362689,0.379006,0.167023,0.260548,0.324559,0.295540
0.949832,1.024239,0.763377,1.029614,0.338504,0.394418,0.827753,0.768772,0.322769,0.330891,0.468445,0.590490,0.515406,0.473397,0.352115,0.417021,0.485538,0.607390,1.398850,0.000000,0.161145,0.150531,0.851549,0.816610,0.256792,0.273235,0.259958,0.163290,0.340127,0.404151,0.379204,0.474222,0.706875,0.725804,0.215364,0.311030,0.009562,0.113318,-0.163048,-0.134279,0.283943,0.022776,0.471468,0.272610,0.533470,0.477625,0.333959,0.336845,0.422259,0.437389,0.255622,0.329410,0.355860,0.406548,0.201582,0.137183,0.703308,0.783593,0.312758,0.500478,0.341889,0.514201,0.453399,0.622413,0.110809,0.224607,0.578824,0.613853,0.738403,0.723752,0.231356,0.178895,0.323137,0.386206,0.315859,0.361822,0.304375,0.321968,-0.097675,0.438156,0.274141,0.441360,0.287525,0.553242,0.436516,0.466997,0.174250,0.308723,0.296891,0.329062
0.066964,0.063984,-0.007313,0.124251,0.786972,0.565284,0.107720,0.103515,0.523419,0.625424,0.148019,0.176695,0.218653,0.007689,0.735007,0.495252,0.246765,0.175244,0.236724,0.161145,0.000000,0.885913,0.129677,0.093156,0.372270,0.220431,1.010371,0.666428,0.253063,0.290490,0.186451,0.090995,0.040020,0.061608,0.191088,0.181859,-0.074136,-0.227502,-0.391810,-0.489691,0.009477,-0.140563,0.074876,-0.147555,0.436247,0.204343,-0.062899,-0.107503,0.352378,0.289581,0.155740,0.179314,-0.097595,-0.116153,-0.271274,-0.386055,0.191301,0.152228,0.313623,0.239673,0.285979,0.256651,0.226670,0.169392,0.356625,0.302948,0.325905,0.328162,0.093462,0.042829,0.409228,0.220053,0.256120,0.218850,0.420397,0.048903,0.307447,0.366556,-0.112431,0.156348,0.407051,0.335712,0.370923,0.320713,0.349780,0.152646,-0.022197,0.113273,-0.049942,-0.049074
0.186524,0.116034,0.152786,0.235285,0.762234,0.750247,0.249282,0.217483,0.647484,0.630702,0.194970,0.223805,0.289765,0.047172,0.566299,0.426615,0.242731,0.141978,0.229471,0.150531,0.885913,0.000000,0.212093,0.167884,0.414689,0.314893,0.779757,0.702559,0.208075,0.257358,0.260695,0.159548,0.078797,0.128960,0.340980,0.283095,-0.092032,-0.076019,-0.141466,-0.285293,0.056587,-0.102989,0.242309,0.055955,0.429732,0.391171,-0.041533,-0.018019,0.427339,0.390194,0.325907,0.310471,-0.031479,-0.036066,-0.125955,-0.247344,0.253826,0.225811,0.428307,0.385976,0.353641,0.329847,0.229499,0.151919,0.500466,0.501665,0.418557,0.380086,0.183175,0.133312,0.340301,0.224544,0.224146,0.207638,0.355445,0.070646,0.315772,0.367991,-0.020355,0.284596,0.473810,0.390057,0.310587,0.302742,0.278747,0.220093,0.018064,0.104077,0.018531,0.086062
0.845716,0.750813,1.336377,1.495691,0.369748,0.572265,1.393350,1.214076,0.521435,0.483069,0.605577,0.572336,0.659468,0.615241,0.391061,0.522012,0.194051,0.332894,0.939489,0.851549,0.129677,0.212093,0.000000,1.896030,0.700331,0.714994,0.248749,0.222499,0.237854,0.272151,0.845922,1.027745,0.682299,0.846350,0.375471,0.435507,-0.034033,0.033035,0.033895,0.021531,0.326323,0.080034,0.247929,0.053392,0.244678,0.266783,0.092128,0.119413,0.161122,0.248749,0.136315,0.172559,0.181232,0.176601,0.195748,0.160960,0.498015,0.597383,0.333089,0.323620,0.248711,0.356347,0.165071,0.366729,0.249428,0.388397,0.362250,0.360423,0.371267,0.371064,0.408523,0.437649,0.307211,0.310770,0.284904,0.405009,0.258714,0.348768,-0.057910,0.338543,0.159657,0.306702,0.265082,0.208862,0.234075,0.267196,0.293540,0.300066,0.360348,0.399099
0.841436,0.732161,1.239538,1.431783,0.348583,0.561598,1.199541,1.204172,0.531216,0.455914,0.536894,0.552762,0.557656,0.608862,0.324731,0.503503,0.150442,0.270777,0.889838,0.816610,0.093156,0.167884,1.896030,0.000000,0.657689,0.663923,0.188346,0.191012,0.191580,0.213230,0.741888,0.962224,0.601675,0.771136,0.343936,0.419988,-0.068547,0.012607,0.032168,0.043386,0.306152,0.074470,0.275215,0.076217,0.216107,0.233947,0.157803,0.179264,0.138094,0.205303,0.152228,0.151437,0.257822,0.227155,0.244950,0.229439,0.459862,0.532964,0.292172,0.285717,0.181513,0.328676,0.081905,0.301805,0.176713,0.343692,0.311712,0.337464,0.333733,0.385141,0.356156,0.385146,0.280439,0.271029,0.286083,0.353414,0.232581,0.330831,-0.108228,0.277382,0.096038,0.214283,0.231445,0.165119,0.220032,0.228541,0.227114,0.278662,0.407939,0.460212
0.377427,0.325405,0.508541,0.582918,0.689658,0.995913,0.626105,0.560685,0.911859,0.803733,0.542290,0.307451,0.685803,0.412337,0.589013,0.462336,0.113974,0.118210,0.341488,0.256792,0.372270,0.414689,0.700331,0.657689,0.000000,1.060760,0.561832,0.485208,0.165072,0.157249,1.021748,0.797585,0.355275,0.475457,0.345437,0.331732,-0.216751,-0.318605,-0.170893,-0.231178,0.032694,-0.082877,0.125500,-0.049253,0.210534,0.228148,-0.074443,-0.023530,0.271887,0.216689,0.201198,0.080932,0.076387,0.066117,0.005849,-0.128616,0.362433,0.382202,0.449502,0.337112,0.333843,0.247084,0.152200,0.190515,0.416337,0.403983,0.349221,0.241285,0.197483,0.157039,0.611085,0.477402,0.286966,0.258947,0.432862,0.262874,0.228898,0.338747,-0.074869,0.223092,0.184707,0.204375,0.206767,0.098438,0.116268,-0.017762,0.084974,0.049621,0.193834,0.215524
0.404393,0.322490,0.688231,0.690193,0.485573,0.848659,0.678445,0.732177,0.652372,0.735060,0.353094,0.250223,0.500955,0.482781,0.456187,0.587672,0.000268,0.051396,0.385033,0.273235,0.220431,0.314893,0.714994,0.663923,1.060760,0.000000,0.472163,0.597913,0.111275,0.114704,0.826756,0.826878,0.237243,0.370855,0.416201,0.507540,0.021536,-0.064522,0.048330,0.057341,0.006078,-0.116534,0.218754,0.070245,0.201049,0.231910,0.048247,0.071134,0.222257,0.192500,0.240300,0.175929,0.131682,0.074187,0.163726,0.015983,0.231803,0.262020,0.195285,0.111848,0.136385,0.119743,0.006729,0.073057,0.346751,0.414276,0.213610,0.204496,0.199555,0.197763,0.378024,0.469551,0.198023,0.183899,0.330973,0.407483,0.127968,0.165277,0.021562,0.162848,0.062320,0.061584,0.256124,0.083697,0.124573,0.131582,0.231526,0.130845,0.288104,0.277559
0.087607,0.100346,0.134647,0.273649,1.065788,0.856545,0.256367,0.158393,0.549674,0.839831,0.102227,0.070177,0.265022,0.034057,0.709357,0.434364,0.165062,0.134784,0.328272,0.259958,1.010371,0.779757,0.248749,0.188346,0.561832,0.472163,0.000000,1.263707,0.107340,0.118577,0.221300,0.124463,-0.019551,0.038786,0.224527,0.259681,-0.146822,-0.262572,-0.221340,-0.388927,-0.054049,-0.283154,0.091884,-0.155531,0.374625,0.162755,-0.116806,-0.118509,0.380201,0.270858,0.224310,0.204165,-0.034407,-0.079281,-0.230795,-0.382753,0.156635,0.125526,0.374036,0.198582,0.261211,0.098443,0.247179,0.046271,0.440067,0.325105,0.385459,0.275235,0.237292,0.171861,0.295024,0.139284,0.042334,0.034110,0.313516,0.091979,0.174616,0.293197,-0.148594,0.131268,0.251925,0.189251,0.375220,0.312187,0.318456,0.181377,0.077210,0.150679,0.023009,0.044156
0.108482,0.075055,0.229947,0.296514,0.858645,0.898307,0.242053,0.177301,0.480758,0.876500,0.031033,0.004409,0.185451,0.054429,0.586850,0.463431,0.115128,0.051163,0.224177,0.163290,0.666428,0.702559,0.222499,0.191012,0.485208,0.597913,1.263707,0.000000,0.042748,-0.059107,0.163540,0.130348,-0.089474,-0.020485,0.323462,0.403719,-0.088668,-0.183460,-0.077210,-0.148005,-0.188843,-0.376630,0.197425,-0.087682,0.316786,0.127150,-0.061892,-0.057639,0.309672,0.179531,0.317446,0.220904,0.062090,0.026972,-0.085688,-0.248201,0.165469,0.102624,0.387911,0.161532,0.262616,0.023443,0.203748,-0.035653,0.459345,0.342924,0.403872,0.279195,0.268307,0.232499,0.156467,0.084091,-0.018021,-0.011028,0.313432,0.305866,0.130872,0.154507,-0.040885,0.035606,0.163831,0.001735,0.390298,0.188082,0.271583,0.156588,0.122289,0.113841,0.137101,0.190680
0.404842,0.296950,0.282679,0.303759,0.346234,0.187677,0.286697,0.266345,0.275693,0.200088,0.840455,0.623066,0.576559,0.454988,0.738120,0.802530,0.909004,0.668848,0.301576,0.340127,0.253063,0.208075,0.237854,0.191580,0.165072,0.111275,0.107340,0.042748,0.000000,1.096328,0.403733,0.276257,0.638296,0.618308,0.318827,0.306222,0.427235,0.267258,-0.099192,-0.052345,0.290062,0.087939,0.229011,0.071166,0.271574,0.366526,0.136841,0.099499,0.242135,0.332985,0.096852,0.285677,-0.008852,0.070950,0.239955,0.108607,0.431340,0.405201,0.232067,0.477315,0.528542,0.768166,0.662199,0.757065,0.234534,0.420163,0.362165,0.478204,0.124510,0.082596,0.787682,0.694578,0.915908,0.839550,0.658804,0.559551,0.831300,0.453600,0.524807,0.616832,0.892669,0.636295,0.757896,0.619778,0.505428,0.347711,0.465339,0.341302,0.373621,0.224260
0.425673,0.355148,0.259461,0.290313,0.353266,0.244393,0.337159,0.325037,0.333485,0.202038,0.708538,0.592165,0.500602,0.429206,0.506087,0.668329,0.750650,0.845581,0.424151,0.404151,0.290490,0.257358,0.272151,0.213230,0.157249,0.114704,0.118577,-0.059107,1.096328,0.000000,0.425171,0.339413,0.645415,0.656382,0.153928,0.062968,0.434820,0.367483,-0.220317,-0.056122,0.352405,0.267819,0.239390,0.217318,0.368747,0.524379,0.169466,0.201717,0.402535,0.535697,0.195860,0.361030,0.050082,0.072507,0.243549,0.185094,0.379911,0.397694,0.098940,0.392172,0.358692,0.694495,0.519884,0.782417,0.192326,0.393154,0.288061,0.407854,0.087373,0.085368,0.616186,0.621651,0.832086,0.986383,0.525769,0.365586,0.562624,0.389506,0.367612,0.951372,0.826813,1.055411,0.378100,0.632278,0.398790,0.470177,0.305436,0.378673,0.252475,0.137029
0.426070,0.431961,0.635084,0.694452,0.392344,0.629569,0.741675,0.785484,0.565946,0.503030,0.841606,0.466400,0.770608,0.585662,0.457304,0.569083,0.139005,0.205731,0.472736,0.379204,0.186451,0.260695,0.845922,0.741888,1.021748,0.826756,0.221300,0.163540,0.403733,0.425171,0.000000,1.454898,0.716771,0.854637,0.257212,0.212591,-0.023374,-0.095813,-0.155603,-0.124137,0.179977,0.077299,0.003778,-0.068376,0.050050,0.214332,-0.194682,-0.129802,0.099522,0.150486,-0.012733,-0.043966,-0.036257,-0.048175,-0.013292,-0.053956,0.300185,0.424438,0.155211,0.266053,0.208841,0.369617,0.129488,0.388464,0.139999,0.287698,0.166822,0.141095,0.141698,0.133794,0.761183,0.734407,0.459929,0.523605,0.349131,0.458500,0.328822,0.282086,0.130573,0.451289,0.255066,0.373613,0.269715,0.171475,-0.028149,0.015408,0.203407,0.108889,0.165102,0.138202
0.530871,0.534089,0.805247,0.836169,0.280304,0.523521,0.847667,1.014129,0.456219,0.464731,0.714790,0.562236,0.639422,0.718543,0.287842,0.540683,0.086488,0.247878,0.567692,0.474222,0.090995,0.159548,1.027745,0.962224,0.797585,0.826878,0.124463,0.130348,0.276257,0.339413,1.454898,0.000000,0.727215,0.899898,0.223930,0.264651,0.004457,-0.005392,-0.081194,-0.008435,0.281762,0.163826,0.062055,-0.021004,0.068595,0.164420,-0.054855,-0.014206,0.033514,0.105066,0.005823,-0.040502,0.084356,0.069943,0.090648,0.113713,0.308856,0.452478,0.084265,0.209736,0.110380,0.315627,0.066083,0.380400,0.050300,0.209522,0.159577,0.190554,0.176422,0.234833,0.505088,0.593556,0.380415,0.481402,0.286680,0.427944,0.209679,0.184419,0.003440,0.346999,0.102097,0.249999,0.191828,0.140488,-0.006274,0.046508,0.251980,0.157149,0.221100,0.246667
0.831452,0.840773,0.647546,0.720558,0.192355,0.211358,0.650573,0.637623,0.255303,0.191152,1.033623,0.848164,0.692466,0.720690,0.397682,0.535089,0.548513,0.638634,0.571791,0.706875,0.040020,0.078797,0.682299,0.601675,0.355275,0.237243,-0.019551,-0.089474,0.638296,0.645415,0.716771,0.727215,0.000000,1.756569,0.344217,0.321976,0.152457,0.182024,-0.197618,-0.042567,0.383201,0.303285,0.284993,0.219381,0.383785,0.487423,0.208663,0.223554,0.248371,0.370795,0.073250,0.169747,0.089429,0.214885,0.166707,0.169877,0.849210,0.996064,0.315693,0.672547,0.569354,0.909161,0.556303,1.049612,0.087991,0.331076,0.498904,0.608012,0.392067,0.423019,0.602432,0.570630,0.782671,0.833874,0.503236,0.554214,0.645601,0.517922,0.123173,0.554731,0.504354,0.707353,0.336798,0.498974,0.293360,0.377979,0.334633,0.346753,0.233590,0.269887
0.856931,0.780592,0.774340,0.832480,0.230080,0.297857,0.806182,0.798506,0.330582,0.244182,1.135601,0.870214,0.772113,0.777084,0.430789,0.605894,0.531154,0.617594,0.671088,0.725804,0.061608,0.128960,0.846350,0.771136,0.475457,0.370855,0.038786,-0.020485,0.618308,0.656382,0.854637,0.899898,1.756569,0.000000,0.383990,0.364476,0.156273,0.196008,-0.129410,0.013567,0.422166,0.341870,0.247586,0.219812,0.338744,0.443008,0.152367,0.194335,0.197503,0.331569,0.047546,0.155868,0.039493,0.137931,0.168932,0.178223,0.723185,0.845481,0.258273,0.547558,0.486055,0.808966,0.457288,0.899376,0.124688,0.414021,0.431775,0.535429,0.327999,0.343102,0.640266,0.612705,0.755222,0.821162,0.496805,0.559329,0.662779,0.547733,0.113099,0.578011,0.472008,0.711121,0.338802,0.457251,0.264934,0.388415,0.346166,0.367011,0.256133,0.294889
0.351394,0.368379,0.443553,0.413872,0.255221,0.227355,0.267069,0.299119,0.278673,0.153025,0.283207,0.150372,0.184479,0.148468,0.521934,0.454394,0.285758,0.203944,0.169320,0.215364,0.191088,0.340980,0.375471,0.343936,0.345437,0.416201,0.224527,0.323462,0.318827,0.153928,0.257212,0.223930,0.344217,0.383990,0.000000,1.199480,0.223441,0.230880,0.179714,0.182629,0.052684,-0.012654,0.342498,0.200850,0.374480,0.404752,0.146972,0.137012,0.250104,0.246142,0.261926,0.309787,-0.072780,-0.003193,0.159286,0.014535,0.514820,0.474750,0.442556,0.342000,0.477926,0.306023,0.259786,0.175016,0.662887,0.700901,0.438695,0.454603,0.237681,0.230447,0.392459,0.373385,0.496777,0.328702,0.446928,0.337716,0.666436,0.529419,0.235714,0.319936,0.448962,0.211997,0.412864,0.178460,0.320407,0.332422,0.220152,0.191226,0.203615,0.168616
0.456643,0.430608,0.510680,0.570414,0.227507,0.311538,0.349212,0.387520,0.258253,0.264168,0.272306,0.276161,0.241413,0.218938,0.473981,0.482168,0.283417,0.216931,0.190206,0.311030,0.181859,0.283095,0.435507,0.419988,0.331732,0.507540,0.259681,0.403719,0.306222,0.062968,0.212591,0.264651,0.321976,0.364476,1.199480,0.000000,0.296657,0.180540,0.175323,0.165947,0.017190,-0.079379,0.475912,0.162291,0.510140,0.295395,0.292349,0.250396,0.224039,0.199943,0.286159,0.303202,0.102869,0.197377,0.230965,0.043545,0.541494,0.519976,0.462974,0.384270,0.434406,0.356863,0.259183,0.228642,0.438986,0.607298,0.542406,0.666654,0.445601,0.378591,0.239759,0.226735,0.383033,0.265489,0.426204,0.423235,0.520718,0.475478,0.045022,0.152732,0.272155,0.080717,0.459410,0.233701,0.425455,0.317173,0.246875,0.210018,0.272264,0.310609
0.125604,0.002207,0.113786,0.063699,-0.149583,-0.118624,-0.003101,0.097580,-0.148622,-0.116363,0.105423,0.138315,-0.062953,0.083299,0.108538,0.309230,0.217269,0.249217,-0.039950,0.009562,-0.074136,-0.092032,-0.034033,-0.068547,-0.216751,0.021536,-0.146822,-0.088668,0.427235,0.434820,-0.023374,0.004457,0.152457,0.156273,0.223441,0.296657,0.000000,0.818956,0.398679,0.501221,0.101094,0.379700,0.212377,0.191921,0.177814,0.080445,0.300325,0.274367,0.026856,0.087918,0.116195,0.197157,0.093089,0.017166,0.480904,0.287118,0.127317,0.062550,-0.041394,-0.057929,0.116464,0.174599,0.086104,0.173034,-0.003557,0.176216,-0.056495,0.111671,0.026334,-0.005401,-0.012662,0.126370,0.319626,0.272778,0.140085,0.249044,0.193591,0.114746,0.214691,0.307073,0.234901,0.227698,0.289374,0.316219,0.230367,0.392245,0.358414,0.407592,0.286414,0.069143
0.193316,0.129069,0.237125,0.148926,-0.263100,-0.255551,0.104492,0.150915,-0.217514,-0.287453,0.076615,0.087748,-0.100358,0.055358,-0.018175,0.199984,0.224330,0.290063,0.035481,0.113318,-0.227502,-0.076019,0.033035,0.012607,-0.318605,-0.064522,-0.262572,-0.183460,0.267258,0.367483,-0.095813,-0.005392,0.182024,0.196008,0.230880,0.180540,0.818956,0.000000,0.509690,0.761050,0.263631,0.525841,0.288367,0.457963,0.196310,0.266256,0.319341,0.401959,0.054777,0.211011,0.128615,0.345476,0.067003,0.075692,0.537284,0.541565,0.154511,0.130201,-0.064997,-0.018855,0.077223,0.141407,0.104714,0.203668,0.018153,0.225608,0.012508,0.154135,0.013230,0.067728,-0.118071,0.075382,0.319182,0.349255,0.117618,0.297095,0.257115,0.146855,0.243910,0.359298,0.302546,0.370435,0.167640,0.292854,0.198747,0.810779,0.474530,0.489314,0.283029,0.217762
0.041782,-0.094748,0.206098,0.009503,-0.265181,-0.188137,0.058261,0.008752,-0.199004,-0.259984,-0.186226,-0.198692,-0.214770,-0.114050,-0.199138,-0.119054,-0.152489,-0.155257,-0.145553,-0.163048,-0.391810,-0.141466,0.033895,0.032168,-0.170893,0.048330,-0.221340,-0.077210,-0.099192,-0.220317,-0.155603,-0.081194,-0.197618,-0.129410,0.179714,0.175323,0.398679,0.509690,0.000000,0.890824,0.207652,0.252627,0.142084,0.214262,-0.166421,-0.099704,0.195243,0.161878,-0.245117,-0.170193,0.014746,0.061946,0.059851,0.040028,0.492351,0.477367,-0.063052,-0.136344,-0.046767,-0.249919,-0.086839,-0.211964,-0.097595,-0.190518,0.055389,0.030254,-0.176545,-0.165112,-0.145553,-0.150327,-0.318172,-0.149242,-0.126295,-0.265746,-0.206956,0.080045,-0.006199,0.046330,0.210471,0.001855,-0.047961,-0.143910,0.085295,-0.037892,0.074811,0.207924,0.509361,0.284661,0.375614,0.354213
0.132996,0.043790,0.298642,0.097047,-0.388269,-0.260202,0.087673,0.104239,-0.268931,-0.315065,-0.083303,-0.071817,-0.180440,0.071065,-0.238936,0.006752,-0.090630,-0.009269,-0.123838,-0.134279,-0.489691,-0.285293,0.021531,0.043386,-0.231178,0.057341,-0.388927,-0.148005,-0.052345,-0.056122,-0.124137,-0.008435,-0.042567,0.013567,0.182629,0.165947,0.501221,0.761050,0.890824,0.000000,0.188078,0.482523,0.219387,0.410273,-0.096392,0.030408,0.324670,0.441154,-0.149893,-0.054129,0.063602,0.167970,0.143641,0.063064,0.667120,0.846912,-0.014998,-0.040565,-0.147215,-0.251119,-0.100719,-0.111836,-0.138272,-0.054677,-0.069540,0.088282,-0.185325,-0.150711,-0.158546,-0.140800,-0.309053,-0.050699,0.033028,0.023382,-0.097789,0.188615,0.046264,0.039461,0.179721,0.043549,-0.044195,0.010284,-0.010201,-0.079431,-0.011765,0.425074,0.398149,0.356291,0.384103,0.443691
0.359437,0.354319,0.325220,0.278128,-0.027317,-0.024835,0.304345,0.333038,0.029318,-0.026063,0.348682,0.448428,0.205936,0.325700,0.186991,0.264813,0.256435,0.291602,0.254263,0.283943,0.009477,0.056587,0.326323,0.306152,0.032694,0.006078,-0.054049,-0.188843,0.290062,0.352405,0.179977,0.281762,0.383201,0.422166,0.052684,0.017190,0.101094,0.263631,0.207652,0.188078,0.000000,0.607900,0.134347,0.215867,0.143494,0.183761,0.235726,0.222068,0.046876,0.183531,-0.035530,0.075794,0.063448,0.164743,0.135936,0.275043,0.188128,0.254411,-0.042188,0.115665,0.068701,0.258980,0.201111,0.314430,-0.105804,-0.048485,-0.015384,0.115455,0.021560,0.004527,0.139949,0.135418,0.349012,0.287934,0.231377,0.029167,0.374574,0.414184,-0.003167,0.245359,0.322591,0.381106,0.159235,0.355313,0.400352,0.416248,0.477977,0.492775,0.224689,0.269172
0.205891,0.120775,0.143942,0.070459,-0.287415,-0.212410,0.074742,0.213249,-0.184431,-0.267280,0.246097,0.275002,-0.010456,0.224373,-0.140161,0.046936,0.093667,0.187506,0.003975,0.022776,-0.140563,-0.102989,0.080034,0.074470,-0.082877,-0.116534,-0.283154,-0.376630,0.087939,0.267819,0.077299,0.163826,0.303285,0.341870,-0.012654,-0.079379,0.379700,0.525841,0.252627,0.482523,0.607900,0.000000,0.011667,0.244992,0.046836,0.027228,0.182217,0.245320,-0.143159,-0.000167,-0.133447,-0.066036,-0.069369,-0.020396,0.248227,0.379232,0.146181,0.142086,-0.209499,-0.105440,-0.025487,0.062508,-0.031356,0.138556,-0.234952,-0.122788,-0.178001,-0.039694,-0.133757,-0.116922,-0.091552,-0.060178,0.291705,0.328048,0.088164,-0.014006,0.148191,0.204977,0.004312,0.208614,0.220567,0.427761,-0.072813,0.212400,0.117948,0.385691,0.194475,0.412150,0.033909,0.074445
0.685588,0.604531,0.423548,0.453076,0.230661,0.342667,0.416979,0.289440,0.359992,0.305023,0.148211,0.343754,0.282097,0.203712,0.294670,0.398145,0.450519,0.546480,0.324215,0.471468,0.074876,0.242309,0.247929,0.275215,0.125500,0.218754,0.091884,0.197425,0.229011,0.239390,0.003778,0.062055,0.284993,0.247586,0.342498,0.475912,0.212377,0.288367,0.142084,0.219387,0.134347,0.011667,0.000000,1.026386,0.979787,0.912771,1.200739,1.187687,0.910476,0.804215,1.168447,0.990522,0.923785,1.002569,0.731999,0.554761,0.660999,0.636687,0.599846,0.702628,0.585394,0.585337,0.500607,0.471270,0.395469,0.471635,0.814370,0.913452,0.644767,0.591986,-0.072253,-0.019743,0.197804,0.237790,0.304938,0.373576,0.247986,0.304072,0.066810,0.220578,0.341400,0.295080,0.319399,0.489951,0.744830,0.611670,0.315826,0.406883,0.570468,0.692698
0.402138,0.359448,0.209007,0.193878,-0.095203,0.041876,0.223833,0.135049,0.055594,-0.047522,0.063265,0.249692,0.138593,0.203040,-0.000702,0.130611,0.325132,0.426675,0.191645,0.272610,-0.147555,0.055955,0.053392,0.076217,-0.049253,0.070245,-0.155531,-0.087682,0.071166,0.217318,-0.068376,-0.021004,0.219381,0.219812,0.200850,0.162291,0.191921,0.457963,0.214262,0.410273,0.215867,0.244992,1.026386,0.000000,0.667263,0.999053,0.930817,1.201988,0.735819,0.791763,0.832498,0.864950,0.512467,0.566417,0.556371,0.647224,0.352819,0.338083,0.182798,0.395984,0.318714,0.348015,0.337292,0.350951,0.244573,0.351129,0.430476,0.497878,0.287051,0.265780,-0.223031,-0.126396,0.131747,0.234632,0.126611,0.246806,0.161550,0.168902,0.152611,0.274817,0.235177,0.342950,0.023651,0.324516,0.370002,0.672832,0.287415,0.354394,0.215862,0.406692
0.519210,0.501780,0.266013,0.407102,0.355694,0.400876,0.310749,0.243565,0.358037,0.382296,0.218083,0.438367,0.346123,0.211735,0.489877,0.470505,0.552175,0.613545,0.351297,0.533470,0.436247,0.429732,0.244678,0.216107,0.210534,0.201049,0.374625,0.316786,0.271574,0.368747,0.050050,0.068595,0.383785,0.338744,0.374480,0.510140,0.177814,0.196310,-0.166421,-0.096392,0.143494,0.046836,0.979787,0.667263,0.000000,1.008992,0.746388,0.742283,1.132200,1.029066,0.839756,0.789486,0.436841,0.597077,0.288876,0.124663,0.685025,0.626047,0.571640,0.699275,0.650945,0.609020,0.581629,0.542835,0.450797,0.500071,0.973918,1.196035,0.608410,0.535165,0.077889,-0.029703,0.324760,0.350758,0.441667,0.287190,0.352755,0.445798,-0.056045,0.349839,0.522311,0.571140,0.323333,0.694472,0.793203,0.667667,0.218300,0.428086,0.184684,0.312181
0.501102,0.534161,0.322556,0.376098,0.268168,0.336143,0.385854,0.267376,0.364933,0.267167,0.307676,0.406416,0.408285,0.306019,0.396565,0.452616,0.526832,0.635316,0.404240,0.477625,0.204343,0.391171,0.266783,0.233947,0.228148,0.231910,0.162755,0.127150,0.366526,0.524379,0.214332,0.164420,0.487423,0.443008,0.404752,0.295395,0.080445,0.266256,-0.099704,0.030408,0.183761,0.027228,0.912771,0.999053,1.008992,0.000000,0.643418,0.726601,1.312239,1.531671,0.957284,1.089907,0.387839,0.434279,0.357270,0.313580,0.569198,0.613082,0.429479,0.719331,0.580742,0.678432,0.577226,0.650526,0.540216,0.684860,0.771435,0.829852,0.386233,0.352716,0.225007,0.208717,0.396288,0.448036,0.392369,0.358464,0.443266,0.378711,0.240549,0.562839,0.606317,0.704810,0.262807,0.591033,0.548010,0.720166,0.322948,0.443175,0.200557,0.347869
0.549795,0.462589,0.254067,0.263868,-0.029188,0.050961,0.236273,0.174338,0.090218,0.056887,0.005533,0.357267,0.096253,0.237492,0.076921,0.225340,0.343217,0.449810,0.215909,0.333959,-0.062899,-0.041533,0.092128,0.157803,-0.074443,0.048247,-0.116806,-0.061892,0.136841,0.169466,-0.194682,-0.054855,0.208663,0.152367,0.146972,0.292349,0.300325,0.319341,0.195243,0.324670,0.235726,0.182217,1.200739,0.930817,0.746388,0.643418,0.000000,1.580045,0.657783,0.630196,0.804674,0.779058,0.929712,0.945316,0.893749,0.736972,0.493901,0.440358,0.317973,0.420922,0.358614,0.436183,0.315811,0.335867,0.135814,0.223119,0.472508,0.639973,0.398755,0.389228,-0.234161,-0.147494,0.121609,0.105631,0.172189,0.106708,0.105279,0.206740,-0.092940,0.077891,0.123668,0.148538,0.115276,0.395216,0.607793,0.545614,0.294681,0.472325,0.488735,0.637167
0.519275,0.473914,0.283737,0.309281,-0.037463,0.085399,0.274601,0.210045,0.111482,0.030355,0.032056,0.364072,0.137078,0.266035,0.040252,0.209440,0.340936,0.470378,0.230198,0.336845,-0.107503,-0.018019,0.119413,0.179264,-0.023530,0.071134,-0.118509,-0.057639,0.099499,0.201717,-0.129802,-0.014206,0.223554,0.194335,0.137012,0.250396,0.274367,0.401959,0.161878,0.441154,0.222068,0.245320,1.187687,1.201988,0.742283,0.726601,1.580045,0.000000,0.686968,0.693305,0.823270,0.823485,0.886182,0.883219,0.862208,0.876954,0.436250,0.438457,0.293404,0.410184,0.308807,0.415874,0.274579,0.364105,0.134656,0.268669,0.468827,0.596207,0.372556,0.365060,-0.273379,-0.178008,0.140196,0.206875,0.181877,0.169365,0.085523,0.208755,-0.078263,0.157053,0.127324,0.253779,0.051819,0.325115,0.489984,0.637533,0.235225,0.401348,0.436908,0.655819
