0.000000,1.227995,0.384788,0.460200,0.624157,0.502288,0.552316,0.539827,0.595173,0.554425,0.733746,0.574567,0.745045,0.311091,0.802304,0.360543,1.002627,0.723843,1.056688,1.041564,0.602467,0.380208,0.349578,0.216734,0.229524,0.240686,0.414689,0.313304,0.447399,0.344358,0.288481,0.194875,0.823450,0.696735,0.245067,0.193652,0.513063,0.622443,0.734377,0.586597,0.019845,0.390465,0.790430,0.853366,0.896870,0.936670,0.724358,0.809163,1.151126,1.043572,1.056194,0.720182,0.922094,0.623380,1.091640,0.969593,0.860502,0.905229,1.204971,0.995442,1.167078,0.874152,0.980144,0.868662,0.519095,0.460784,0.870259,0.728506,0.835366,0.886700,0.288835,0.337286,0.500644,0.453782,0.585641,0.649990,0.368654,0.317406,0.268753,0.251940,0.938202,0.795392,0.642717,0.533964,0.989790,0.835732,0.742294,0.630106,1.207274,0.960509
1.227995,0.000000,0.351178,0.574350,0.574650,0.500472,0.426973,0.545192,0.507367,0.373191,0.607542,0.679244,0.562373,0.337502,0.765354,0.457936,0.990504,0.827599,1.095012,1.195114,0.642236,0.593223,0.430881,0.382597,0.272528,0.335025,0.507738,0.381244,0.501331,0.502331,0.388204,0.353963,0.814148,0.750980,0.107048,0.204096,0.498179,0.695144,0.809210,0.703370,0.042185,0.472682,0.671590,0.696241,0.789894,0.897570,0.742916,0.800885,0.762011,0.895452,0.850537,0.660644,0.791738,0.550830,1.006585,0.991102,0.877689,1.169925,0.848486,1.072981,0.874792,0.782665,0.812471,0.882437,0.299562,0.279658,0.619988,0.623042,0.949498,0.873419,0.347312,0.372457,0.605769,0.646094,0.640409,0.650301,0.282030,0.295851,0.293311,0.236303,0.860791,0.775669,0.736670,0.614523,0.836743,0.810089,0.613469,0.759468,0.875827,0.904637
0.384788,0.351178,0.000000,0.565538,0.583610,0.610839,1.126337,0.747684,0.694866,0.547406,0.311828,0.539589,0.531384,0.291014,0.603453,0.321090,0.447711,0.312551,0.390781,0.340395,0.535227,0.343655,1.181899,0.543018,0.422480,0.500956,0.467216,0.233114,0.605066,0.427177,0.660512,0.492894,0.288391,0.320942,0.264251,0.116399,0.374918,0.373402,0.286216,0.267087,-0.121760,0.298803,0.152092,0.146600,0.314262,0.309536,0.135592,0.188108,0.393765,0.254575,0.524563,0.133811,0.425253,0.341794,0.191610,0.180001,0.064479,0.172798,0.233068,0.171542,0.238403,0.177134,0.197990,0.259954,0.377565,0.185282,0.330919,0.238802,0.207802,0.227872,0.578478,0.582798,0.585860,0.478151,0.401452,0.308644,0.259046,0.222648,-0.042495,-0.003574,0.137514,0.221730,0.161830,0.219471,0.223967,0.283689,0.337039,0.522868,0.427484,0.425702
0.460200,0.574350,0.565538,0.000000,0.152730,0.218675,0.275968,0.783633,0.105744,0.352648,0.396407,0.497750,0.381261,0.294616,0.404349,0.636576,0.436699,0.337622,0.619094,0.544812,0.526236,0.648225,0.643161,0.860485,0.635200,0.432688,0.406839,0.418299,0.132525,0.266316,0.545640,0.711384,0.361077,0.369519,0.114720,0.278649,0.170860,0.297962,0.306975,0.373002,-0.100081,0.322738,0.233566,0.375330,0.356303,0.395901,0.245040,0.307799,0.408693,0.470870,0.590208,0.563522,0.391396,0.343860,0.381239,0.431509,0.415171,0.424173,0.300723,0.450201,0.209358,0.193354,0.309049,0.280830,0.002849,0.223178,0.140769,0.299848,0.467029,0.391203,0.501981,0.547357,0.365062,0.505705,0.225224,0.242651,0.060241,0.111080,0.058797,0.037795,0.343826,0.284327,0.231615,0.259521,0.415885,0.546728,0.506994,0.515189,0.437807,0.490097
0.624157,0.574650,0.583610,0.152730,0.000000,1.295487,0.869524,0.784174,1.484124,0.733716,0.375029,0.587792,0.501024,0.394418,0.939416,0.263811,0.475470,0.280757,0.418069,0.614940,0.320627,0.082118,0.543027,0.286792,0.439884,0.702133,0.535562,0.498859,0.532590,0.273970,0.302172,0.178620,0.545563,0.673571,0.607858,0.436778,0.739957,0.865161,0.651453,0.429831,0.100541,0.258975,0.510245,0.380378,0.593760,0.693395,0.412102,0.565787,0.540030,0.473497,0.775694,0.586247,0.617022,0.523831,0.656728,0.493129,0.063576,0.228600,0.480336,0.358949,0.431543,0.573099,0.336383,0.354298,0.792983,0.538600,0.919628,0.719974,0.214552,0.330509,0.236395,0.312237,0.579330,0.460891,0.753155,0.834202,0.783375,0.698806,0.177002,0.146650,0.256866,0.251823,0.526878,0.312921,0.298134,0.311504,0.319634,0.354173,0.706112,0.756796
0.502288,0.500472,0.610839,0.218675,1.295487,0.000000,0.743137,0.867914,1.125447,0.760986,0.105758,0.607667,0.308023,0.423502,0.825265,0.387011,0.468739,0.303438,0.331129,0.608838,0.369457,0.184040,0.565483,0.404279,0.482635,0.968787,0.661413,0.597575,0.573648,0.345659,0.332410,0.287420,0.490774,0.675944,0.592427,0.522086,0.798992,0.782957,0.593636,0.407498,0.125991,0.353202,0.478390,0.347950,0.556166,0.705642,0.318907,0.498050,0.474137,0.431668,0.725090,0.566948,0.659709,0.573348,0.609140,0.405684,0.105932,0.237935,0.368424,0.271542,0.294324,0.466566,0.260871,0.302876,0.588644,0.491728,0.761802,0.733285,0.206193,0.329890,0.194503,0.321672,0.549884,0.510828,0.892744,0.849394,0.798755,0.741842,0.175204,0.138871,0.227723,0.226881,0.425141,0.342678,0.225312,0.328520,0.328788,0.362501,0.555952,0.577718
0.552316,0.426973,1.126337,0.275968,0.869524,0.743137,0.000000,0.854376,1.076434,0.761102,0.370742,0.487282,0.601146,0.345810,0.659409,0.279436,0.518830,0.344427,0.513002,0.556986,0.446780,0.248248,0.792358,0.272220,0.329116,0.423470,0.387817,0.282423,0.632049,0.333698,0.597433,0.349688,0.591446,0.635709,0.468121,0.247750,0.456519,0.438125,0.327129,0.251017,-0.002946,0.218531,0.226263,0.176410,0.499060,0.510744,0.183739,0.313883,0.463745,0.377805,0.604755,0.218675,0.423079,0.326884,0.308466,0.300296,0.047176,0.149464,0.382421,0.233297,0.440286,0.426030,0.310451,0.356206,0.852341,0.451210,0.661891,0.453418,0.154824,0.260044,0.468901,0.573529,0.755268,0.599925,0.632978,0.648481,0.591454,0.517911,0.031027,0.031895,0.191366,0.300334,0.257913,0.207665,0.263441,0.271595,0.308464,0.288129,0.603145,0.530745
0.539827,0.545192,0.747684,0.783633,0.784174,0.867914,0.854376,0.000000,0.704198,0.751224,0.407027,0.789930,0.544250,0.630387,0.815488,0.650804,0.520942,0.302480,0.574424,0.703117,0.473487,0.421589,0.809990,0.757245,0.649970,0.814205,0.536193,0.551685,0.391906,0.316172,0.556069,0.617977,0.559570,0.726149,0.526452,0.578268,0.508998,0.583867,0.435559,0.457027,-0.008797,0.345444,0.264620,0.285341,0.463171,0.580830,0.230856,0.375740,0.428098,0.464692,0.780343,0.709050,0.529927,0.424748,0.498230,0.424999,0.153214,0.184742,0.330572,0.278995,0.279613,0.366685,0.293849,0.258714,0.528649,0.665947,0.543245,0.659047,0.296497,0.371245,0.479036,0.639156,0.721167,0.710382,0.643125,0.709853,0.591905,0.618459,0.149994,0.059996,0.271856,0.264079,0.377816,0.327384,0.357618,0.495573,0.398439,0.344944,0.677145,0.746323
0.595173,0.507367,0.694866,0.105744,1.484124,1.125447,1.076434,0.704198,0.000000,0.924412,0.321031,0.614971,0.612952,0.443670,0.951989,0.264479,0.542922,0.370566,0.347232,0.532985,0.378898,0.043714,0.569529,0.237676,0.209912,0.585297,0.494944,0.321656,0.559884,0.281504,0.345427,0.149472,0.498657,0.581216,0.500946,0.321659,0.679704,0.680023,0.506107,0.346025,0.022553,0.225285,0.467805,0.343377,0.561512,0.652070,0.301617,0.458223,0.541004,0.504867,0.724373,0.482278,0.627245,0.561954,0.608248,0.503472,0.049530,0.191788,0.472548,0.314242,0.460833,0.545900,0.348452,0.379401,0.861105,0.521120,0.792854,0.591260,0.120384,0.256764,0.214505,0.254917,0.525749,0.396866,0.710550,0.693208,0.694697,0.560159,0.176209,0.146267,0.222038,0.300179,0.390597,0.240663,0.282682,0.322884,0.245153,0.349124,0.701150,0.690231
0.554425,0.373191,0.547406,0.352648,0.733716,0.760986,0.761102,0.751224,0.924412,0.000000,0.336481,0.463421,0.573087,0.453216,0.616478,0.407076,0.426161,0.284015,0.353185,0.527207,0.278147,0.049017,0.365823,0.211160,0.258766,0.420710,0.337624,0.295556,0.233967,0.111216,0.329348,0.143979,0.490453,0.498452,0.367742,0.267018,0.286850,0.359240,0.300098,0.253417,-0.121638,0.177864,0.383880,0.324196,0.574216,0.568035,0.192325,0.362096,0.597232,0.615427,0.712580,0.548948,0.575144,0.520555,0.528173,0.523320,0.162492,0.172060,0.511580,0.333059,0.421825,0.431798,0.307855,0.290405,0.652075,0.594541,0.627975,0.538542,0.199370,0.280457,0.157315,0.219071,0.275665,0.238865,0.416266,0.460260,0.437745,0.345027,0.077254,0.059793,0.174091,0.221385,0.213457,0.116394,0.239993,0.307043,0.241939,0.261270,0.576386,0.609069
0.733746,0.607542,0.311828,0.396407,0.375029,0.105758,0.370742,0.407027,0.321031,0.336481,0.000000,0.539476,1.059678,0.351567,0.655135,0.317269,0.417961,0.332888,0.544236,0.391575,0.457279,0.307227,0.265825,0.161969,0.107133,0.030615,0.269533,0.051377,0.200938,0.264220,0.247612,0.163026,0.383199,0.317900,0.144843,0.039596,0.093125,0.339397,0.280839,0.358787,-0.221412,0.121726,0.414192,0.455239,0.429221,0.399871,0.470179,0.418665,0.655870,0.558380,0.595150,0.467162,0.449874,0.256009,0.509048,0.585782,0.384330,0.385409,0.555549,0.515802,0.634336,0.436866,0.419291,0.476247,0.357070,0.364993,0.397570,0.359782,0.513052,0.504154,0.337395,0.272545,0.371796,0.252070,0.153320,0.212958,0.071272,0.058373,0.113183,0.119645,0.492407,0.464596,0.343097,0.320561,0.703510,0.560695,0.357924,0.474527,0.769954,0.806179
0.574567,0.679244,0.539589,0.497750,0.587792,0.607667,0.487282,0.789930,0.614971,0.463421,0.539476,0.000000,0.728025,0.911720,0.997463,0.777030,0.745719,0.719027,0.423787,0.465910,0.712727,0.386860,0.767388,0.709778,0.256812,0.659253,0.403949,0.144692,0.589208,0.599117,0.507637,0.510201,0.382652,0.493839,0.237438,0.407651,0.476418,0.553502,0.459115,0.362878,-0.112865,0.262991,0.284698,0.300126,0.380772,0.449527,0.183612,0.300549,0.360928,0.508161,0.591631,0.585137,0.562512,0.501441,0.512147,0.436078,0.401376,0.385252,0.297262,0.309327,0.353286,0.297912,0.401516,0.409874,0.321913,0.409077,0.284745,0.356231,0.292320,0.186631,0.308483,0.329886,0.428555,0.396091,0.427659,0.388114,0.203878,0.219070,0.182065,0.150689,0.332786,0.417049,0.409346,0.427657,0.450213,0.567077,0.321030,0.514339,0.621366,0.543824
0.745045,0.562373,0.531384,0.381261,0.501024,0.308023,0.601146,0.544250,0.612952,0.573087,1.059678,0.728025,0.000000,0.707726,0.753542,0.364750,0.546897,0.468449,0.456871,0.348031,0.554446,0.227866,0.411537,0.168945,0.084920,0.144113,0.324495,0.077012,0.233795,0.264816,0.346803,0.206211,0.370344,0.326922,0.242295,0.073925,0.205389,0.296915,0.320323,0.325250,-0.114248,0.076756,0.336467,0.425336,0.373405,0.422522,0.309194,0.316142,0.595690,0.637642,0.626782,0.515643,0.512844,0.372662,0.415394,0.492807,0.368754,0.347069,0.475547,0.425154,0.642114,0.496693,0.451404,0.477918,0.469785,0.448655,0.379938,0.327833,0.350225,0.370995,0.412537,0.332308,0.336402,0.227637,0.243992,0.213893,0.161804,0.131647,0.170477,0.192837,0.407790,0.423506,0.250272,0.256255,0.553057,0.448132,0.234967,0.395592,0.785628,0.795187
0.311091,0.337502,0.291014,0.294616,0.394418,0.423502,0.345810,0.630387,0.443670,0.453216,0.351567,0.911720,0.707726,0.000000,0.576636,0.795770,0.377304,0.407317,0.265404,0.274467,0.346417,0.212349,0.395573,0.354979,0.156179,0.421150,0.290973,0.149798,0.209171,0.261788,0.325197,0.377153,0.244997,0.336445,0.251547,0.299865,0.268925,0.252200,0.301155,0.305067,0.054800,0.047601,0.144287,0.155366,0.214627,0.280894,0.108419,0.189914,0.199442,0.396265,0.394467,0.512739,0.298121,0.300442,0.238410,0.330952,0.224640,0.141351,0.101960,0.123141,0.185628,0.175762,0.101834,0.144771,0.220718,0.311710,0.126574,0.195096,0.140405,0.052384,0.269003,0.238183,0.250992,0.253337,0.329165,0.255529,0.253578,0.272174,0.275110,0.201724,0.140057,0.143453,0.181611,0.226920,0.144781,0.154822,0.042651,0.074086,0.307697,0.433779
0.802304,0.765354,0.603453,0.404349,0.939416,0.825265,0.659409,0.815488,0.951989,0.616478,0.655135,0.997463,0.753542,0.576636,0.000000,0.689910,0.800998,0.585655,0.544430,0.691751,0.682510,0.317395,0.704482,0.602791,0.301990,0.713558,0.591957,0.422032,0.646684,0.567406,0.350724,0.347379,0.485269,0.568813,0.427745,0.445865,0.740198,0.880462,0.612838,0.564409,0.010312,0.497980,0.480217,0.473522,0.550838,0.623365,0.388704,0.467453,0.654114,0.575553,0.860919,0.695680,0.755430,0.596277,0.785749,0.637671,0.322320,0.430576,0.526083,0.458646,0.553287,0.550095,0.513736,0.540883,0.648224,0.559514,0.601426,0.591739,0.482609,0.477348,0.307716,0.356376,0.589783,0.529788,0.686598,0.644462,0.524454,0.485592,0.427900,0.384017,0.561710,0.636208,0.630997,0.579459,0.701478,0.756821,0.544121,0.767382,1.035758,0.937802
0.360543,0.457936,0.321090,0.636576,0.263811,0.387011,0.279436,0.650804,0.264479,0.407076,0.317269,0.777030,0.364750,0.795770,0.689910,0.000000,0.535917,0.587550,0.436437,0.553265,0.584292,0.538471,0.515849,0.728877,0.398039,0.675577,0.343597,0.434257,0.357035,0.454773,0.492617,0.673589,0.463451,0.536987,0.287217,0.532016,0.341376,0.416672,0.344434,0.359629,-0.001805,0.354538,0.196043,0.236942,0.442304,0.374661,0.111901,0.258374,0.303928,0.402869,0.466000,0.490953,0.338834,0.313363,0.350778,0.433215,0.413885,0.371395,0.192010,0.302912,0.235535,0.220462,0.260764,0.308175,0.201225,0.303108,0.163543,0.293958,0.378094,0.202020,0.223618,0.286636,0.309631,0.459548,0.428699,0.388339,0.216727,0.274773,0.284081,0.286261,0.309075,0.393792,0.309876,0.338217,0.324404,0.411371,0.376663,0.387976,0.423785,0.430015
1.002627,0.990504,0.447711,0.436699,0.475470,0.468739,0.518830,0.520942,0.542922,0.426161,0.417961,0.745719,0.546897,0.377304,0.800998,0.535917,0.000000,1.188816,0.834875,0.923366,0.708029,0.488012,0.592666,0.451523,0.255079,0.395989,0.282469,0.209290,0.776760,0.623292,0.435386,0.383885,0.730718,0.670396,0.150460,0.263448,0.651682,0.646928,0.716283,0.584153,0.109799,0.545365,0.601005,0.615059,0.705477,0.687384,0.595449,0.681785,0.586920,0.614031,0.663620,0.447646,0.652638,0.404127,0.701924,0.631269,0.792522,0.827612,0.655863,0.659292,0.720914,0.535459,0.926665,0.757206,0.368590,0.255011,0.529311,0.500028,0.639479,0.576460,0.432773,0.456336,0.668775,0.609114,0.628001,0.586517,0.391301,0.367045,0.442834,0.388092,0.981205,0.972854,0.808803,0.754554,0.822262,0.815351,0.602496,0.636213,0.735518,0.594468
0.723843,0.827599,0.312551,0.337622,0.280757,0.303438,0.344427,0.302480,0.370566,0.284015,0.332888,0.719027,0.468449,0.407317,0.585655,0.587550,1.188816,0.000000,0.586248,0.655609,0.816289,0.451620,0.464955,0.371153,0.154485,0.342216,0.244360,0.106364,0.562282,0.695913,0.489875,0.472562,0.653215,0.597976,0.124336,0.241436,0.401967,0.403562,0.475318,0.317390,0.014563,0.299631,0.464915,0.515705,0.663431,0.570651,0.390832,0.488982,0.509344,0.603330,0.498411,0.327337,0.522979,0.332498,0.509646,0.527987,0.889983,0.872139,0.563839,0.643276,0.722448,0.534747,0.812669,0.882506,0.233706,0.176729,0.378387,0.379305,0.519194,0.397674,0.251047,0.242408,0.287568,0.412772,0.379846,0.367396,0.128014,0.120790,0.372211,0.503555,0.750532,0.973953,0.468827,0.512461,0.638908,0.592389,0.444376,0.556455,0.540178,0.396230
1.056688,1.095012,0.390781,0.619094,0.418069,0.331129,0.513002,0.574424,0.347232,0.353185,0.544236,0.423787,0.456871,0.265404,0.544430,0.436437,0.834875,0.586248,0.000000,1.324324,0.438939,0.499961,0.444581,0.346946,0.308507,0.203948,0.306010,0.402151,0.430515,0.284331,0.454017,0.389626,0.902636,0.803472,0.224575,0.278150,0.411128,0.515983,0.661726,0.582772,0.070048,0.351727,0.472556,0.486047,0.756455,0.695968,0.576072,0.727005,0.611844,0.643013,0.591993,0.393706,0.389433,0.208757,0.616668,0.674227,0.661022,0.758907,0.660761,0.722203,0.645766,0.515367,0.679998,0.544045,0.329262,0.263654,0.612102,0.513668,0.884480,0.783916,0.371798,0.456890,0.660117,0.665534,0.581418,0.654189,0.330529,0.319613,0.129262,0.110432,0.661767,0.541617,0.622649,0.396589,0.609117,0.507699,0.572531,0.475288,0.672634,0.606953
1.041564,1.195114,0.340395,0.544812,0.614940,0.608838,0.556986,0.703117,0.532985,0.527207,0.391575,0.465910,0.348031,0.274467,0.691751,0.553265,0.923366,0.655609,1.324324,0.000000,0.455250,0.453491,0.403075,0.374733,0.404203,0.424596,0.467497,0.609833,0.536080,0.393501,0.432381,0.387818,1.153355,1.127713,0.328691,0.439125,0.543438,0.662806,0.698858,0.643086,0.117351,0.490584,0.675097,0.630739,0.948471,0.988361,0.648263,0.895011,0.697540,0.741678,0.775445,0.585252,0.617642,0.459757,0.865196,0.842790,0.638260,0.799599,0.749243,0.825453,0.674963,0.736380,0.694161,0.673205,0.463366,0.389660,0.841673,0.832745,0.805517,0.881487,0.252133,0.385700,0.679733,0.778960,0.789997,0.971500,0.568143,0.558841,0.296515,0.236408,0.794786,0.672981,0.807136,0.515504,0.662554,0.630220,0.627982,0.522535,0.802050,0.714612
0.602467,0.642236,0.535227,0.526236,0.320627,0.369457,0.446780,0.473487,0.378898,0.278147,0.457279,0.712727,0.554446,0.346417,0.682510,0.584292,0.708029,0.816289,0.438939,0.455250,0.000000,0.596787,0.611605,0.526928,0.402720,0.481808,0.449628,0.196863,0.554489,0.648758,0.581919,0.581683,0.454087,0.479022,0.229224,0.234382,0.337475,0.413621,0.296761,0.305706,-0.059323,0.434852,0.357525,0.420255,0.492843,0.466890,0.256981,0.309931,0.531922,0.510049,0.620130,0.407248,0.507530,0.437490,0.472076,0.437777,0.577046,0.598897,0.465063,0.464388,0.536703,0.392042,0.535910,0.645994,0.235370,0.188109,0.348987,0.358187,0.387303,0.333856,0.385450,0.389029,0.373575,0.402352,0.420202,0.306092,0.129317,0.132727,0.283406,0.373876,0.542389,0.716396,0.343230,0.527069,0.644426,0.674964,0.487465,0.562501,0.675451,0.416286
0.380208,0.593223,0.343655,0.648225,0.082118,0.184040,0.248248,0.421589,0.043714,0.049017,0.307227,0.386860,0.227866,0.212349,0.317395,0.538471,0.488012,0.451620,0.499961,0.453491,0.596787,0.000000,0.557472,0.573085,0.513241,0.359394,0.402051,0.344099,0.479678,0.493387,0.396462,0.607508,0.380325,0.365636,0.089925,0.235267,0.285570,0.351905,0.370668,0.492140,0.218478,0.540874,0.285159,0.430141,0.357354,0.418746,0.372597,0.410446,0.300341,0.379714,0.442356,0.327546,0.330580,0.270055,0.377968,0.452069,0.464069,0.498806,0.190500,0.340879,0.242888,0.138987,0.238457,0.284365,0.033589,0.007164,0.127435,0.257119,0.556076,0.392896,0.653641,0.604704,0.598406,0.695845,0.388332,0.311260,0.203072,0.300300,0.258508,0.204395,0.505214,0.548850,0.434740,0.595173,0.527904,0.618658,0.548735,0.452841,0.317797,0.364803
0.349578,0.430881,1.181899,0.643161,0.543027,0.565483,0.792358,0.809990,0.569529,0.365823,0.265825,0.767388,0.411537,0.395573,0.704482,0.515849,0.592666,0.464955,0.444581,0.403075,0.611605,0.557472,0.000000,1.103078,0.646962,0.765552,0.397431,0.282355,0.784025,0.635710,0.800652,0.835000,0.358790,0.457960,0.356030,0.404549,0.493804,0.469991,0.358752,0.316314,0.053841,0.388098,0.123107,0.162893,0.307603,0.330976,0.108546,0.233216,0.216261,0.211497,0.432185,0.228843,0.296826,0.228951,0.234817,0.190402,0.150672,0.232213,0.136439,0.158287,0.175785,0.148006,0.284949,0.279313,0.339234,0.237495,0.270616,0.274085,0.173403,0.118403,0.613473,0.636500,0.648557,0.685100,0.484269,0.411211,0.359177,0.362401,0.151827,0.180963,0.241902,0.376972,0.358369,0.396491,0.317796,0.426374,0.422659,0.509355,0.397955,0.359079
0.216734,0.382597,0.543018,0.860485,0.286792,0.404279,0.272220,0.757245,0.237676,0.211160,0.161969,0.709778,0.168945,0.354979,0.602791,0.728877,0.451523,0.371153,0.346946,0.374733,0.526928,0.573085,1.103078,0.000000,0.714399,0.979852,0.318199,0.321239,0.463500,0.503212,0.607517,1.005380,0.265604,0.394607,0.306281,0.601441,0.396558,0.438571,0.284041,0.314881,0.018224,0.424891,0.095595,0.169224,0.213169,0.267605,0.045914,0.187316,0.092845,0.169462,0.351132,0.427198,0.235059,0.237354,0.276012,0.215078,0.204495,0.221574,0.033295,0.140927,0.010754,0.055419,0.244821,0.187728,0.068769,0.274152,0.102421,0.286196,0.209815,0.076359,0.419882,0.490310,0.441858,0.619813,0.391979,0.339172,0.247126,0.309242,0.167286,0.151933,0.206851,0.278847,0.314758,0.355965,0.284566,0.508975,0.406390,0.495568,0.276284,0.303646
0.229524,0.272528,0.422480,0.635200,0.439884,0.482635,0.329116,0.649970,0.209912,0.258766,0.107133,0.256812,0.084920,0.156179,0.301990,0.398039,0.255079,0.154485,0.308507,0.404203,0.402720,0.513241,0.646962,0.714399,0.000000,0.819323,0.414247,0.661050,0.336190,0.323989,0.514066,0.728838,0.357058,0.468523,0.502854,0.533462,0.311419,0.361956,0.320207,0.228129,0.236578,0.274705,0.231289,0.287468,0.327629,0.362676,0.225180,0.341929,0.170595,0.137625,0.420114,0.382800,0.216728,0.219283,0.215479,0.129266,0.132734,0.188096,0.122687,0.147609,0.061204,0.167467,0.179091,0.155331,0.171571,0.195814,0.360886,0.442141,0.207322,0.202637,0.517062,0.614605,0.425575,0.529397,0.427728,0.459442,0.474734,0.539849,0.212929,0.200023,0.246623,0.192253,0.397629,0.366100,0.212745,0.265029,0.455636,0.229364,0.277862,0.243424
0.240686,0.335025,0.500956,0.432688,0.702133,0.968787,0.423470,0.814205,0.585297,0.420710,0.030615,0.659253,0.144113,0.421150,0.713558,0.675577,0.395989,0.342216,0.203948,0.424596,0.481808,0.359394,0.765552,0.979852,0.819323,0.000000,0.450092,0.490765,0.528800,0.442625,0.520798,0.754841,0.366846,0.557464,0.640996,0.795198,0.634545,0.683641,0.433004,0.354265,0.120652,0.390385,0.276844,0.236499,0.353645,0.449509,0.128173,0.315513,0.195167,0.181811,0.487243,0.499374,0.374618,0.392789,0.373298,0.232635,0.097925,0.130912,0.082685,0.090835,0.054770,0.174812,0.164228,0.187189,0.319680,0.352092,0.377340,0.492225,0.111546,0.094204,0.339310,0.452949,0.469403,0.521466,0.654521,0.554398,0.591429,0.618122,0.232748,0.200133,0.137674,0.186395,0.339733,0.351826,0.164834,0.337342,0.353618,0.366535,0.354396,0.344442
0.414689,0.507738,0.467216,0.406839,0.535562,0.661413,0.387817,0.536193,0.494944,0.337624,0.269533,0.403949,0.324495,0.290973,0.591957,0.343597,0.282469,0.244360,0.306010,0.467497,0.449628,0.402051,0.397431,0.318199,0.414247,0.450092,0.000000,0.850288,0.338529,0.405752,0.258308,0.283500,0.252436,0.311473,0.167685,0.206693,0.391950,0.394271,0.222005,0.385488,0.067518,0.308120,0.529099,0.446977,0.417418,0.621833,0.354460,0.380440,0.564760,0.564611,0.636731,0.530048,0.643970,0.676230,0.589867,0.508830,0.216091,0.367136,0.352985,0.396549,0.273727,0.416208,0.183715,0.402292,0.149389,0.171883,0.410873,0.539316,0.375522,0.559422,0.215078,0.186762,0.376417,0.471807,0.638255,0.515908,0.351236,0.356567,0.333497,0.310009,0.363950,0.317595,0.307930,0.300646,0.390618,0.494855,0.376299,0.444622,0.555984,0.592746
0.313304,0.381244,0.233114,0.418299,0.498859,0.597575,0.282423,0.551685,0.321656,0.295556,0.051377,0.144692,0.077012,0.149798,0.422032,0.434257,0.209290,0.106364,0.402151,0.609833,0.196863,0.344099,0.282355,0.321239,0.661050,0.490765,0.850288,0.000000,0.261022,0.287200,0.228737,0.316221,0.424914,0.496653,0.402969,0.487117,0.439473,0.390567,0.334558,0.343446,0.267178,0.324983,0.326936,0.293609,0.499508,0.549068,0.249836,0.383930,0.374751,0.378706,0.456749,0.458612,0.338110,0.309108,0.454985,0.406247,0.171942,0.337808,0.263916,0.385569,0.195522,0.474265,0.228319,0.313291,0.261376,0.322397,0.465221,0.591289,0.420268,0.498670,0.115003,0.182392,0.317142,0.569354,0.659862,0.706199,0.498754,0.557988,0.314512,0.332321,0.296645,0.270597,0.364123,0.185206,0.220523,0.266600,0.495596,0.284117,0.433232,0.483621
0.447399,0.501331,0.605066,0.132525,0.532590,0.573648,0.632049,0.391906,0.559884,0.233967,0.200938,0.589208,0.233795,0.209171,0.646684,0.357035,0.776760,0.562282,0.430515,0.536080,0.554489,0.479678,0.784025,0.463500,0.336190,0.528800,0.338529,0.261022,0.000000,0.972768,0.458360,0.399610,0.467174,0.538792,0.285927,0.343141,0.675067,0.580491,0.449516,0.378328,0.163144,0.544450,0.340796,0.258165,0.443021,0.445191,0.331343,0.473198,0.293501,0.205837,0.381765,0.112101,0.387484,0.327516,0.394079,0.300021,0.237480,0.369444,0.240301,0.215211,0.291408,0.263593,0.411002,0.436049,0.393425,0.106068,0.426002,0.357852,0.311415,0.242038,0.352804,0.355788,0.777710,0.671880,0.703003,0.607485,0.505557,0.475521,0.287746,0.251245,0.444490,0.592999,0.658116,0.634461,0.390047,0.415735,0.465405,0.503004,0.381084,0.277651
0.344358,0.502331,0.427177,0.266316,0.273970,0.345659,0.333698,0.316172,0.281504,0.111216,0.264220,0.599117,0.264816,0.261788,0.567406,0.454773,0.623292,0.695913,0.284331,0.393501,0.648758,0.493387,0.635710,0.503212,0.323989,0.442625,0.405752,0.287200,0.972768,0.000000,0.480608,0.523378,0.406598,0.455054,0.196713,0.339161,0.431338,0.383950,0.271752,0.261151,0.016076,0.329641,0.226209,0.262948,0.375424,0.392520,0.196640,0.290092,0.287346,0.294043,0.309618,0.210991,0.376438,0.282417,0.339374,0.311927,0.406979,0.488918,0.268127,0.355030,0.394968,0.402073,0.463578,0.684328,0.216759,0.186155,0.252357,0.349887,0.337988,0.269465,0.252302,0.253225,0.412609,0.552799,0.457822,0.381468,0.207942,0.194578,0.523100,0.595026,0.515022,0.820935,0.422076,0.651869,0.454951,0.480236,0.537033,0.566614,0.361062,0.305837
0.288481,0.388204,0.660512,0.545640,0.302172,0.332410,0.597433,0.556069,0.345427,0.329348,0.247612,0.507637,0.346803,0.325197,0.350724,0.492617,0.435386,0.489875,0.454017,0.432381,0.581919,0.396462,0.800652,0.607517,0.514066,0.520798,0.258308,0.228737,0.458360,0.480608,0.000000,1.313876,0.723949,0.763542,0.296100,0.437345,0.214741,0.206556,0.224006,0.116029,-0.106292,0.022737,0.116561,0.089867,0.437035,0.359349,0.028244,0.213661,0.131616,0.249303,0.204540,0.103473,0.129251,0.095111,0.117443,0.195757,0.336289,0.325169,0.135017,0.262294,0.217782,0.242790,0.300208,0.402104,0.165280,0.197700,0.237652,0.264774,0.087850,0.078723,0.314342,0.381402,0.439299,0.610661,0.419524,0.360161,0.145916,0.131240,-0.162201,-0.042738,0.139771,0.257452,0.116408,0.059763,0.150070,0.192677,0.258913,0.223794,0.287387,0.181347
0.194875,0.353963,0.492894,0.711384,0.178620,0.287420,0.349688,0.617977,0.149472,0.143979,0.163026,0.510201,0.206211,0.377153,0.347379,0.673589,0.383885,0.472562,0.389626,0.387818,0.581683,0.607508,0.835000,1.005380,0.728838,0.754841,0.283500,0.316221,0.399610,0.523378,1.313876,0.000000,0.543356,0.654233,0.367573,0.621596,0.269556,0.270367,0.239261,0.214129,0.038648,0.158363,0.089991,0.130064,0.318761,0.309797,0.045271,0.209553,0.055625,0.173344,0.220985,0.240236,0.082370,0.078532,0.116247,0.185738,0.310999,0.270220,0.007001,0.170418,0.084095,0.139789,0.230349,0.299897,0.040246,0.197134,0.116165,0.271984,0.134388,0.063116,0.424787,0.519631,0.444926,0.731441,0.426119,0.353436,0.224107,0.271746,0.037289,0.104500,0.181888,0.273488,0.152363,0.194770,0.182926,0.286232,0.340014,0.243279,0.208870,0.180623
0.823450,0.814148,0.288391,0.361077,0.545563,0.490774,0.591446,0.559570,0.498657,0.490453,0.383199,0.382652,0.370344,0.244997,0.485269,0.463451,0.730718,0.653215,0.902636,1.153355,0.454087,0.380325,0.358790,0.265604,0.357058,0.366846,0.252436,0.424914,0.467174,0.406598,0.723949,0.543356,0.000000,1.794326,0.521609,0.553906,0.439248,0.453914,0.584090,0.391011,0.067782,0.243880,0.584273,0.541029,1.126648,0.947327,0.459017,0.800009,0.594760,0.687400,0.576521,0.446123,0.402023,0.254753,0.628805,0.682372,0.650596,0.693287,0.698808,0.784646,0.767315,0.870481,0.703464,0.783785,0.575518,0.535367,0.887450,0.849130,0.452850,0.522843,0.126453,0.277378,0.545610,0.737814,0.684830,0.884706,0.520385,0.465808,0.136864,0.180015,0.602221,0.648931,0.492155,0.306245,0.502204,0.475328,0.524637,0.284517,0.702331,0.539621
0.696735,0.750980,0.320942,0.369519,0.673571,0.675944,0.635709,0.726149,0.581216,0.498452,0.317900,0.493839,0.326922,0.336445,0.568813,0.536987,0.670396,0.597976,0.803472,1.127713,0.479022,0.365636,0.457960,0.394607,0.468523,0.557464,0.311473,0.496653,0.538792,0.455054,0.763542,0.654233,1.794326,0.000000,0.691493,0.809336,0.563102,0.568469,0.596869,0.392133,0.107380,0.233482,0.514588,0.455022,0.959431,0.931223,0.387594,0.741975,0.468100,0.557305,0.552819,0.507150,0.356132,0.244466,0.575864,0.581075,0.478674,0.545263,0.555494,0.622940,0.596140,0.795789,0.598900,0.650384,0.618833,0.641114,0.907599,0.949932,0.331219,0.409506,0.123809,0.314985,0.593238,0.841725,0.786850,1.073534,0.680169,0.627665,0.149327,0.188687,0.492872,0.549795,0.514545,0.317419,0.405623,0.411164,0.491308,0.245724,0.652604,0.500652
0.245067,0.107048,0.264251,0.114720,0.607858,0.592427,0.468121,0.526452,0.500946,0.367742,0.144843,0.237438,0.242295,0.251547,0.427745,0.287217,0.150460,0.124336,0.224575,0.328691,0.229224,0.089925,0.356030,0.306281,0.502854,0.640996,0.167685,0.402969,0.285927,0.196713,0.296100,0.367573,0.521609,0.691493,0.000000,1.036246,0.550987,0.416462,0.312400,0.167912,0.199917,0.039694,0.294196,0.304953,0.498705,0.495747,0.112687,0.407416,0.260071,0.163701,0.379472,0.385309,0.050460,0.035704,0.206840,0.164025,-0.047044,-0.031039,0.151107,0.064262,0.219841,0.402875,0.197894,0.175118,0.794926,0.736721,0.701375,0.678203,-0.050354,0.045546,0.065650,0.211390,0.271557,0.341043,0.505252,0.566854,0.800176,0.703086,0.190831,0.259573,0.108471,0.192366,0.187794,0.115488,0.129173,0.133114,0.318292,0.013728,0.410842,0.268009
0.193652,0.204096,0.116399,0.278649,0.436778,0.522086,0.247750,0.578268,0.321659,0.267018,0.039596,0.407651,0.073925,0.299865,0.445865,0.532016,0.263448,0.241436,0.278150,0.439125,0.234382,0.235267,0.404549,0.601441,0.533462,0.795198,0.206693,0.487117,0.343141,0.339161,0.437345,0.621596,0.553906,0.809336,1.036246,0.000000,0.505132,0.441182,0.318825,0.201931,0.245574,0.112638,0.210193,0.220246,0.426623,0.518826,0.040528,0.359611,0.070525,0.188809,0.231042,0.504322,0.036211,0.076435,0.259622,0.223276,0.089215,0.053526,0.048004,0.078275,0.097195,0.284483,0.205466,0.142687,0.425434,0.666565,0.431344,0.646918,-0.003773,-0.000206,0.000642,0.163218,0.309349,0.492436,0.541098,0.652178,0.661155,0.662673,0.216047,0.256242,0.127080,0.211921,0.306139,0.156155,0.099418,0.219482,0.324035,0.033659,0.305229,0.213715
0.513063,0.498179,0.374918,0.170860,0.739957,0.798992,0.456519,0.508998,0.679704,0.286850,0.093125,0.476418,0.205389,0.268925,0.740198,0.341376,0.651682,0.401967,0.411128,0.543438,0.337475,0.285570,0.493804,0.396558,0.311419,0.634545,0.391950,0.439473,0.675067,0.431338,0.214741,0.269556,0.439248,0.563102,0.550987,0.505132,0.000000,1.125217,0.916246,0.721715,0.222653,0.501050,0.543850,0.459811,0.504799,0.568991,0.490451,0.607564,0.417733,0.285315,0.573153,0.391915,0.453283,0.398943,0.574607,0.431272,0.156051,0.296490,0.301173,0.289534,0.290975,0.407767,0.385723,0.337236,0.541197,0.354434,0.544698,0.497460,0.239148,0.279720,0.202749,0.295641,0.605755,0.592862,0.856890,0.755028,0.819245,0.713978,0.364545,0.306904,0.433898,0.456395,0.556445,0.485716,0.403848,0.452605,0.610024,0.429412,0.544278,0.491467
0.622443,0.695144,0.373402,0.297962,0.865161,0.782957,0.438125,0.583867,0.680023,0.359240,0.339397,0.553502,0.296915,0.252200,0.880462,0.416672,0.646928,0.403562,0.515983,0.662806,0.413621,0.351905,0.469991,0.438571,0.361956,0.683641,0.394271,0.390567,0.580491,0.383950,0.206556,0.270367,0.453914,0.568469,0.416462,0.441182,1.125217,0.000000,0.899292,0.799635,0.156010,0.544880,0.543700,0.470502,0.480936,0.572267,0.568049,0.625912,0.496478,0.334769,0.688708,0.502984,0.589535,0.451057,0.775387,0.567070,0.191249,0.326025,0.389112,0.355965,0.327151,0.331255,0.362053,0.301436,0.430752,0.263809,0.554157,0.519825,0.388958,0.427743,0.306429,0.432968,0.714477,0.584295,0.730860,0.758395,0.685872,0.667055,0.324493,0.222226,0.486857,0.442565,0.695999,0.642318,0.506261,0.546203,0.594793,0.552600,0.638207,0.680314
0.734377,0.809210,0.286216,0.306975,0.651453,0.593636,0.327129,0.435559,0.506107,0.300098,0.280839,0.459115,0.320323,0.301155,0.612838,0.344434,0.716283,0.475318,0.661726,0.698858,0.296761,0.370668,0.358752,0.284041,0.320207,0.433004,0.222005,0.334558,0.449516,0.271752,0.224006,0.239261,0.584090,0.596869,0.312400,0.318825,0.916246,0.899292,0.000000,0.794531,0.339724,0.407921,0.621032,0.604172,0.599429,0.602926,0.756435,0.823174,0.487680,0.421639,0.615433,0.444253,0.494037,0.365745,0.665658,0.616048,0.420045,0.579076,0.454653,0.542139,0.451718,0.452391,0.458039,0.359110,0.366061,0.210116,0.526801,0.428315,0.556664,0.471722,0.308467,0.368152,0.596165,0.487816,0.629544,0.588837,0.507422,0.465827,0.235612,0.173461,0.542937,0.434789,0.745468,0.547844,0.456905,0.427944,0.595043,0.515437,0.541992,0.579735
0.586597,0.703370,0.267087,0.373002,0.429831,0.407498,0.251017,0.457027,0.346025,0.253417,0.358787,0.362878,0.325250,0.305067,0.564409,0.359629,0.584153,0.317390,0.582772,0.643086,0.305706,0.492140,0.316314,0.314881,0.228129,0.354265,0.385488,0.343446,0.378328,0.261151,0.116029,0.214129,0.391011,0.392133,0.167912,0.201931,0.721715,0.799635,0.794531,0.000000,0.228052,0.759740,0.678992,0.634138,0.491181,0.594797,0.856934,0.742964,0.533679,0.394380,0.637597,0.457022,0.539341,0.460315,0.668815,0.778635,0.387835,0.465778,0.390667,0.509130,0.368425,0.335718,0.280418,0.312018,0.259716,0.150688,0.428303,0.459235,0.645198,0.596343,0.416727,0.398911,0.544899,0.489352,0.541260,0.409142,0.490559,0.492336,0.470027,0.303349,0.636351,0.459162,0.694327,0.624205,0.605546,0.597122,0.690847,0.529177,0.499699,0.689061
0.019845,0.042185,-0.121760,-0.100081,0.100541,0.125991,-0.002946,-0.008797,0.022553,-0.121638,-0.221412,-0.112865,-0.114248,0.054800,0.010312,-0.001805,0.109799,0.014563,0.070048,0.117351,-0.059323,0.218478,0.053841,0.018224,0.236578,0.120652,0.067518,0.267178,0.163144,0.016076,-0.106292,0.038648,0.067782,0.107380,0.199917,0.245574,0.222653,0.156010,0.339724,0.228052,0.000000,0.083162,0.219125,0.223993,0.076031,0.160085,0.272913,0.342423,-0.086842,-0.034925,0.001927,0.086627,-0.156117,-0.083238,0.063120,0.088818,-0.016131,0.023254,-0.164769,-0.066959,-0.102555,-0.033083,-0.077573,-0.143043,0.074345,-0.086828,0.084648,0.069958,0.075973,-0.006824,0.273519,0.246547,0.250314,0.315031,0.385131,0.273899,0.560797,0.612141,0.416494,0.320513,0.172865,0.089211,0.422892,0.315298,0.011274,0.019129,0.126643,-0.167159,-0.109355,-0.060758
0.390465,0.472682,0.298803,0.322738,0.258975,0.353202,0.218531,0.345444,0.225285,0.177864,0.121726,0.262991,0.076756,0.047601,0.497980,0.354538,0.545365,0.299631,0.351727,0.490584,0.434852,0.540874,0.388098,0.424891,0.274705,0.390385,0.308120,0.324983,0.544450,0.329641,0.022737,0.158363,0.243880,0.233482,0.039694,0.112638,0.501050,0.544880,0.407921,0.759740,0.083162,0.000000,0.330453,0.299206,0.255114,0.297942,0.402373,0.347246,0.364804,0.216187,0.462853,0.246656,0.501384,0.434670,0.498369,0.407325,0.274010,0.352354,0.317828,0.312897,0.245918,0.185715,0.265533,0.276747,0.202747,0.069213,0.229916,0.261387,0.496916,0.402960,0.339728,0.347890,0.488782,0.498703,0.381271,0.370652,0.357423,0.417683,0.430415,0.277450,0.515611,0.497752,0.586915,0.651248,0.506286,0.603981,0.496887,0.602595,0.429435,0.436488
0.790430,0.671590,0.152092,0.233566,0.510245,0.478390,0.226263,0.264620,0.467805,0.383880,0.414192,0.284698,0.336467,0.144287,0.480217,0.196043,0.601005,0.464915,0.472556,0.675097,0.357525,0.285159,0.123107,0.095595,0.231289,0.276844,0.529099,0.326936,0.340796,0.226209,0.116561,0.089991,0.584273,0.514588,0.294196,0.210193,0.543850,0.543700,0.621032,0.678992,0.219125,0.330453,0.000000,1.447635,0.989999,1.073475,1.210514,1.470377,0.941249,0.748321,0.878507,0.636025,0.728300,0.631321,0.982727,0.953978,0.508954,0.602035,0.705588,0.723884,0.562193,0.584957,0.432889,0.526573,0.288089,0.185971,0.796701,0.753477,0.532707,0.649972,0.203107,0.146149,0.383223,0.350648,0.544140,0.519043,0.528644,0.459510,0.358996,0.300101,0.784252,0.581460,0.600433,0.494079,0.696204,0.672744,0.533947,0.455190,0.601748,0.581108
0.853366,0.696241,0.146600,0.375330,0.380378,0.347950,0.176410,0.285341,0.343377,0.324196,0.455239,0.300126,0.425336,0.155366,0.473522,0.236942,0.615059,0.515705,0.486047,0.630739,0.420255,0.430141,0.162893,0.169224,0.287468,0.236499,0.446977,0.293609,0.258165,0.262948,0.089867,0.130064,0.541029,0.455022,0.304953,0.220246,0.459811,0.470502,0.604172,0.634138,0.223993,0.299206,1.447635,0.000000,0.904405,1.062049,1.026840,1.180707,0.999564,0.848770,0.966884,0.766189,0.762398,0.660466,0.899256,0.921753,0.605652,0.662801,0.742028,0.724379,0.658449,0.588295,0.510170,0.533733,0.278729,0.237526,0.695149,0.753729,0.606620,0.699376,0.284802,0.243537,0.300315,0.298827,0.363271,0.383262,0.416240,0.363718,0.462846,0.416388,0.972947,0.736745,0.603277,0.630231,0.914463,0.859178,0.717541,0.543869,0.639148,0.601498
0.896870,0.789894,0.314262,0.356303,0.593760,0.556166,0.499060,0.463171,0.561512,0.574216,0.429221,0.380772,0.373405,0.214627,0.550838,0.442304,0.705477,0.663431,0.756455,0.948471,0.492843,0.357354,0.307603,0.213169,0.327629,0.353645,0.417418,0.499508,0.443021,0.375424,0.437035,0.318761,1.126648,0.959431,0.498705,0.426623,0.504799,0.480936,0.599429,0.491181,0.076031,0.255114,0.989999,0.904405,0.000000,1.386279,0.716551,1.050521,1.034295,0.944004,0.901238,0.551692,0.625719,0.414683,0.859496,0.933321,0.709341,0.800548,0.887490,0.899370,0.864473,0.849075,0.694640,0.793608,0.535278,0.442462,1.036585,0.937763,0.615575,0.674290,0.156570,0.176682,0.394629,0.497181,0.645404,0.694366,0.471366,0.398716,0.223428,0.286781,0.695621,0.722236,0.491789,0.353171,0.636323,0.631438,0.705158,0.451869,0.729860,0.611761
0.936670,0.897570,0.309536,0.395901,0.693395,0.705642,0.510744,0.580830,0.652070,0.568035,0.399871,0.449527,0.422522,0.280894,0.623365,0.374661,0.687384,0.570651,0.695968,0.988361,0.466890,0.418746,0.330976,0.267605,0.362676,0.449509,0.621833,0.549068,0.445191,0.392520,0.359349,0.309797,0.947327,0.931223,0.495747,0.518826,0.568991,0.572267,0.602926,0.594797,0.160085,0.297942,1.073475,1.062049,1.386279,0.000000,0.825943,1.106379,0.926905,0.995668,0.980083,0.820405,0.743765,0.633705,1.014097,1.046278,0.598503,0.693492,0.899032,0.860357,0.815868,0.871808,0.641964,0.735394,0.510356,0.510610,1.101485,1.208968,0.536228,0.704000,0.234264,0.264014,0.510937,0.573186,0.716569,0.785059,0.635904,0.580301,0.344823,0.305807,0.736200,0.646208,0.571748,0.482610,0.707849,0.753600,0.660689,0.445548,0.778643,0.753159
0.724358,0.742916,0.135592,0.245040,0.412102,0.318907,0.183739,0.230856,0.301617,0.192325,0.470179,0.183612,0.309194,0.108419,0.388704,0.111901,0.595449,0.390832,0.576072,0.648263,0.256981,0.372597,0.108546,0.045914,0.225180,0.128173,0.354460,0.249836,0.331343,0.196640,0.028244,0.045271,0.459017,0.387594,0.112687,0.040528,0.490451,0.568049,0.756435,0.856934,0.272913,0.402373,1.210514,1.026840,0.716551,0.825943,0.000000,1.295750,0.710683,0.500869,0.720692,0.480572,0.599294,0.425578,0.830293,0.822830,0.475498,0.625166,0.645884,0.692233,0.531699,0.477909,0.409360,0.447252,0.202459,0.043831,0.664663,0.589939,0.671843,0.774625,0.374376,0.290329,0.509055,0.389027,0.440668,0.410630,0.448558,0.431840,0.387072,0.243958,0.916557,0.549587,0.796863,0.670064,0.764890,0.612067,0.523541,0.438393,0.514553,0.643539
0.809163,0.800885,0.188108,0.307799,0.565787,0.498050,0.313883,0.375740,0.458223,0.362096,0.418665,0.300549,0.316142,0.189914,0.467453,0.258374,0.681785,0.488982,0.727005,0.895011,0.309931,0.410446,0.233216,0.187316,0.341929,0.315513,0.380440,0.383930,0.473198,0.290092,0.213661,0.209553,0.800009,0.741975,0.407416,0.359611,0.607564,0.625912,0.823174,0.742964,0.342423,0.347246,1.470377,1.180707,1.050521,1.106379,1.295750,0.000000,0.752804,0.677364,0.789031,0.616012,0.527709,0.441761,0.875295,0.942296,0.465321,0.599565,0.615556,0.696615,0.516136,0.577986,0.451227,0.472546,0.361372,0.226876,0.856193,0.792556,0.577101,0.612678,0.298517,0.286181,0.595675,0.575764,0.669740,0.711915,0.680046,0.624068,0.334988,0.255640,0.762144,0.569027,0.773996,0.547938,0.602192,0.560249,0.557325,0.386340,0.531609,0.608591
1.151126,0.762011,0.393765,0.408693,0.540030,0.474137,0.463745,0.428098,0.541004,0.597232,0.655870,0.360928,0.595690,0.199442,0.654114,0.303928,0.586920,0.509344,0.611844,0.697540,0.531922,0.300341,0.216261,0.092845,0.170595,0.195167,0.564760,0.374751,0.293501,0.287346,0.131616,0.055625,0.594760,0.468100,0.260071,0.070525,0.417733,0.496478,0.487680,0.533679,-0.086842,0.364804,0.941249,0.999564,1.034295,0.926905,0.710683,0.752804,0.000000,1.150576,1.397605,0.676978,1.094616,0.708190,1.048672,0.975705,0.600854,0.686383,1.153219,0.890664,0.967942,0.781177,0.628286,0.741900,0.489111,0.393912,0.815445,0.723162,0.743099,0.879246,0.215671,0.209487,0.314245,0.295903,0.417900,0.478934,0.314694,0.244173,0.280829,0.327093,0.754303,0.715481,0.346567,0.426439,0.847723,0.769880,0.759223,0.664651,0.978450,0.906312
