0.000000,0.511207,0.379038,0.198091,0.177273,0.282243,0.190109,0.098894,-0.017750,0.151119,0.299376,0.235240,0.342947,-0.149335,0.177635,0.068063,0.451893,0.238289,0.315213,0.233275,0.109071,0.173205,0.305758,0.238173,0.202841,0.246679,0.292872,0.282507,0.129467,-0.001835,0.263989,0.193648,0.542295,0.347494,0.353875,0.331328,0.297884,0.380515,0.174215,0.156728,0.100682,0.043572,0.384392,0.368958,0.409043,0.365859,0.341588,0.380090,0.389846,0.295996,0.387239,0.336987,0.353986,0.285869,0.439363,0.293574,0.812195,0.407997,0.158754,0.172419,0.170899,0.155543,0.232207,0.119472,0.297630,0.156700,0.300605,0.403362,0.593292,0.388012,0.256880,0.172509,0.365561,0.306374,0.150058,0.267620,0.499880,0.366218,0.231134,-0.058815,0.361854,0.287074,0.318116,0.172697,0.379153,0.357515,0.264850,0.187724,0.321549,0.250489
0.511207,0.000000,0.454890,0.484725,0.373637,0.314647,0.449954,0.445623,0.256032,0.208830,0.098887,0.392389,0.412405,0.161878,0.303878,0.211415,0.288712,0.233598,0.722962,0.869572,0.035249,-0.008607,0.445798,0.406725,0.269717,0.253775,0.311030,0.321986,0.132048,-0.041238,0.272388,0.424412,0.581392,0.567221,0.251934,0.270693,0.216375,0.243680,0.143491,0.090254,0.061111,0.122953,0.437484,0.501014,0.393125,0.333033,0.404202,0.490868,0.496811,0.389817,0.448720,0.363868,0.491055,0.450290,0.530602,0.308265,0.454540,1.015816,0.154953,0.434337,0.201395,0.228473,0.314221,0.332788,0.234083,0.067784,0.405810,0.476670,0.813120,0.811310,0.127149,0.124210,0.402862,0.485077,0.257855,0.380307,0.506287,0.434247,0.293876,-0.046809,0.628083,0.469186,0.366620,0.059774,0.372436,0.363205,0.165710,0.027590,0.373724,0.303296
0.379038,0.454890,0.000000,1.196747,0.588800,0.672966,1.210100,0.933532,0.501219,0.608941,0.074347,0.483252,0.541414,0.595999,0.768700,0.544149,0.091946,0.307158,0.813036,0.453013,0.025597,0.110617,1.395200,0.947620,0.705969,0.674210,0.302217,0.273742,0.164427,-0.089051,0.377153,0.412501,0.619122,0.403342,0.834799,0.819300,0.496465,0.353324,0.353756,0.319175,0.195853,0.074290,0.809249,0.641171,0.571490,0.498997,0.600186,0.690291,0.452767,0.396890,0.846085,0.458100,0.672773,0.546282,0.824059,0.386042,0.181262,0.423606,0.139702,0.109668,0.372053,0.186504,0.036000,-0.010773,1.011467,0.596961,0.671970,0.742894,0.882400,0.654338,0.307923,0.424276,0.495121,0.506191,0.444408,0.521012,0.753471,0.777278,0.461568,-0.041900,0.532467,0.462234,0.369889,0.288167,1.039153,0.774193,0.305684,0.212208,0.715487,0.547442
0.198091,0.484725,1.196747,0.000000,0.516305,0.517979,1.215829,1.622158,0.480721,0.494484,0.080400,0.563396,0.568149,0.720432,0.702458,0.541575,-0.055859,0.313543,0.749274,0.692147,-0.077343,0.051042,1.280019,1.130602,0.504129,0.502182,0.223323,0.188913,0.199234,0.008421,0.311638,0.435628,0.458370,0.494067,0.641504,0.729088,0.440716,0.286655,0.331719,0.337609,0.122849,0.013039,0.615622,0.500386,0.418310,0.396942,0.475018,0.578289,0.421523,0.315097,0.722110,0.450458,0.564633,0.436496,0.637061,0.376785,0.041397,0.428428,0.186627,0.203506,0.409108,0.318277,-0.007899,0.173206,0.760337,0.594977,0.590760,0.689724,0.731862,0.630945,0.293786,0.346970,0.423782,0.498943,0.442616,0.469218,0.586626,0.609655,0.502666,-0.095196,0.535741,0.352977,0.313867,0.318607,0.834837,0.659116,0.152053,0.203611,0.630991,0.473991
0.177273,0.373637,0.588800,0.516305,0.000000,0.856049,0.493508,0.387665,0.654009,0.417768,0.009821,0.200700,0.309729,0.317801,0.493752,0.607456,0.145446,0.176259,0.674398,0.420244,0.126071,0.299108,0.444047,0.306893,1.185073,0.950618,0.800811,0.886884,0.228325,0.051069,0.438547,0.420140,0.263977,0.184001,0.233113,0.273361,0.233689,0.269648,-0.047019,-0.060395,-0.083617,0.103910,0.697193,0.574906,0.483835,0.352274,0.636037,0.686020,0.451538,0.354966,0.607609,0.379600,0.768197,0.704980,0.640936,0.245302,0.250835,0.449892,-0.087525,0.124274,0.218355,0.030673,0.030640,0.152452,0.329114,0.116643,0.313497,0.312707,0.545305,0.467612,0.346636,0.353444,0.383266,0.452045,0.280216,0.183473,0.499359,0.483035,0.278485,0.129487,0.469574,0.328840,0.124231,-0.137216,0.555268,0.269477,0.061288,-0.298967,0.251843,0.346168
0.282243,0.314647,0.672966,0.517979,0.856049,0.000000,0.487922,0.397069,0.358189,0.737100,0.103923,0.218902,0.290518,0.328214,0.420992,0.584055,0.100363,0.412750,0.587697,0.294062,0.136242,0.373133,0.566984,0.431893,0.909470,1.199904,0.765175,0.803204,0.206084,0.099673,0.415026,0.459117,0.206774,0.109064,0.187414,0.232167,0.275720,0.188101,-0.075564,-0.135831,-0.122704,0.088953,0.761727,0.542800,0.396351,0.236384,0.664036,0.726673,0.327875,0.169202,0.562028,0.236835,0.786119,0.675819,0.656337,0.195961,0.323582,0.401963,-0.286676,-0.154711,0.008214,-0.091563,-0.050649,0.028648,0.345735,0.044857,0.143819,0.172967,0.510316,0.441754,0.339153,0.384002,0.309093,0.473135,0.146064,0.229120,0.507461,0.567782,0.348816,-0.099676,0.478179,0.327202,0.097392,0.083270,0.599657,0.291973,-0.120711,-0.395348,0.272055,0.205012
0.190109,0.449954,1.210100,1.215829,0.493508,0.487922,0.000000,1.084773,0.547710,0.492364,0.104864,0.571843,0.603710,0.719703,0.751044,0.482498,0.140732,0.385925,0.794980,0.695039,-0.003793,-0.012009,1.228011,0.766913,0.554728,0.466065,0.112797,0.124892,0.265864,-0.090877,0.414652,0.484533,0.487999,0.490964,0.606922,0.677472,0.482434,0.384411,0.359158,0.376985,0.216148,0.084560,0.653887,0.538900,0.468662,0.399352,0.595853,0.598426,0.464611,0.323638,0.758713,0.429148,0.586038,0.415887,0.708149,0.463846,0.117255,0.377892,0.219495,0.112820,0.426532,0.162422,0.164610,0.083807,0.755646,0.501029,0.622075,0.640118,0.687623,0.699440,0.192186,0.347037,0.521445,0.447828,0.538964,0.498083,0.593851,0.597756,0.461312,-0.029269,0.536718,0.484036,0.476938,0.350663,0.907233,0.708655,0.219319,0.231279,0.668902,0.628566
0.098894,0.445623,0.933532,1.622158,0.387665,0.397069,1.084773,0.000000,0.423520,0.442152,0.107928,0.631783,0.532102,0.690328,0.661155,0.558460,-0.085865,0.301900,0.596329,0.656519,-0.052924,0.045682,1.038209,1.136840,0.389787,0.420616,0.165183,0.133594,0.231325,0.069758,0.282200,0.397327,0.358636,0.481198,0.532176,0.692724,0.396246,0.318385,0.343924,0.378343,0.114176,0.060503,0.535086,0.454464,0.375690,0.416335,0.439421,0.520779,0.438197,0.338055,0.661381,0.497728,0.511199,0.387649,0.567319,0.420700,-0.043466,0.315744,0.160768,0.144924,0.388725,0.316022,-0.032485,0.198530,0.675992,0.634359,0.496949,0.632732,0.605363,0.583819,0.310395,0.354917,0.424418,0.519548,0.466990,0.496701,0.536390,0.604315,0.511004,-0.137040,0.523908,0.359367,0.334029,0.397295,0.772941,0.695171,0.174891,0.267129,0.647198,0.509051
-0.017750,0.256032,0.501219,0.480721,0.654009,0.358189,0.547710,0.423520,0.000000,0.604414,-0.336720,0.403022,0.099150,0.451274,0.714251,0.472434,-0.062512,0.230402,0.411727,0.423162,-0.003679,-0.073332,0.518553,0.384209,0.407828,0.250957,0.050998,0.106609,-0.058333,0.012797,0.097125,0.145800,0.408443,0.334892,0.301291,0.288493,0.226747,0.120306,0.095785,0.030677,0.158220,-0.026993,0.426287,0.406778,0.420200,0.386366,0.325527,0.345875,0.399493,0.404250,0.494955,0.406602,0.456333,0.329575,0.449834,0.274208,0.058485,0.287165,0.346813,0.385164,0.447776,0.237244,0.124091,0.198577,0.348210,0.299684,0.464670,0.502460,0.439338,0.426125,0.161284,0.124674,0.160210,0.242454,0.119838,0.213717,0.228934,0.288263,0.011364,0.096508,0.263574,0.253029,-0.054606,0.048683,0.398160,0.350672,0.006821,-0.006334,0.357594,0.301762
0.151119,0.208830,0.608941,0.494484,0.417768,0.737100,0.492364,0.442152,0.604414,0.000000,-0.286590,0.266847,0.008505,0.314974,0.343657,0.338163,0.020836,0.527955,0.373228,0.320080,-0.043264,0.051472,0.627326,0.613255,0.375662,0.555742,0.154949,0.134217,-0.059682,-0.110763,0.140524,0.202178,0.308269,0.239606,0.382851,0.442021,0.297893,-0.007926,0.068318,-0.077030,0.026981,-0.006206,0.418488,0.316337,0.334852,0.261884,0.287619,0.350775,0.258679,0.140589,0.411168,0.165769,0.397259,0.249778,0.361813,0.086017,0.223754,0.330260,0.123797,0.052217,0.263801,0.167919,0.074337,0.059743,0.559833,0.417187,0.371942,0.416376,0.480276,0.468649,0.115710,0.088347,0.006063,0.199160,-0.097760,0.209638,0.300970,0.362029,0.204801,-0.066990,0.387627,0.234397,0.021270,0.101805,0.574650,0.418599,-0.117109,-0.161581,0.325453,0.122205
0.299376,0.098887,0.074347,0.080400,0.009821,0.103923,0.104864,0.107928,-0.336720,-0.286590,0.000000,0.098268,0.600979,-0.059364,0.059254,0.128726,0.178744,-0.000573,0.041827,-0.031078,0.277123,0.206185,-0.005169,-0.055157,0.124461,0.182674,0.262789,0.260317,0.276303,0.223746,0.250188,0.142146,0.030047,0.066678,0.065621,0.111218,-0.039717,0.167713,-0.090443,-0.000036,-0.104399,-0.070849,0.083644,0.060933,-0.015667,-0.005212,0.102827,0.177305,0.099993,0.020913,0.101290,0.158446,0.057465,0.200264,0.061679,0.121858,0.123646,-0.046405,-0.209278,-0.254651,0.010123,-0.139189,0.040189,0.072701,0.042814,-0.032427,-0.070998,-0.043000,0.065898,-0.008597,0.233048,0.301121,0.238573,0.220627,0.222625,0.136262,0.239262,0.161527,0.142493,0.029377,0.065459,0.194698,0.246508,0.286350,0.026747,0.095809,0.193419,0.148296,0.108151,0.150427
0.235240,0.392389,0.483252,0.563396,0.200700,0.218902,0.571843,0.631783,0.403022,0.266847,0.098268,0.000000,0.460578,0.659351,0.561825,0.422750,0.098112,0.305326,0.311510,0.442597,0.142982,-0.006664,0.471250,0.503995,0.262116,0.217793,0.046137,0.026443,0.124547,0.256975,0.393803,0.426706,0.404910,0.527192,0.322138,0.379698,0.407735,0.245494,0.394380,0.252839,0.280460,0.041764,0.347976,0.413328,0.238876,0.338866,0.301284,0.421200,0.321480,0.328474,0.427712,0.381370,0.375740,0.244653,0.464108,0.447995,-0.012968,0.209250,0.190394,0.170814,0.184125,0.225451,0.177639,0.127517,0.295736,0.348341,0.296757,0.469143,0.425883,0.426411,0.373039,0.372335,0.392905,0.459221,0.320300,0.404575,0.496955,0.505561,0.273238,-0.107785,0.319413,0.261186,0.297128,0.410828,0.408968,0.528457,0.083654,0.359494,0.382043,0.365602
0.342947,0.412405,0.541414,0.568149,0.309729,0.290518,0.603710,0.532102,0.099150,0.008505,0.600979,0.460578,0.000000,0.476921,0.478265,0.512230,0.160810,0.065072,0.434294,0.283563,0.184867,0.103581,0.470538,0.423264,0.373133,0.367127,0.318689,0.284416,0.258721,-0.004992,0.433910,0.408215,0.290211,0.252701,0.433907,0.456507,0.312823,0.382808,0.164712,0.228974,0.091488,-0.020895,0.494102,0.494296,0.375548,0.307581,0.413151,0.539840,0.363923,0.277176,0.605643,0.433445,0.424366,0.526119,0.488161,0.393170,0.131920,0.347410,-0.003386,0.039711,0.162198,0.008989,0.081597,0.046171,0.431475,0.205806,0.332837,0.386761,0.456055,0.427224,0.303921,0.477710,0.535230,0.416702,0.643818,0.329499,0.608456,0.470267,0.353637,-0.059122,0.361143,0.317381,0.440672,0.216619,0.584622,0.510589,0.380393,0.264829,0.408884,0.520178
-0.149335,0.161878,0.595999,0.720432,0.317801,0.328214,0.719703,0.690328,0.451274,0.314974,-0.059364,0.659351,0.476921,0.000000,0.656516,0.778308,-0.141537,0.116722,0.463004,0.319003,-0.021653,-0.108606,0.587017,0.525053,0.360035,0.308279,-0.007698,-0.025676,0.049449,0.036764,0.375200,0.487270,0.124541,0.149586,0.380602,0.328634,0.262258,0.165074,0.270714,0.219429,0.256936,0.065226,0.391408,0.312515,0.218274,0.192633,0.324507,0.336691,0.192472,0.226070,0.465514,0.229544,0.427356,0.258046,0.445740,0.341030,-0.134317,0.221631,0.072385,0.063964,0.218166,0.023145,-0.088003,-0.155600,0.473065,0.308060,0.345975,0.359327,0.361029,0.410800,0.063308,0.295148,0.301898,0.266632,0.439065,0.319003,0.308432,0.372056,0.225042,-0.044760,0.207466,0.222031,0.164711,0.209273,0.568344,0.410459,0.153240,0.216200,0.506594,0.462546
0.177635,0.303878,0.768700,0.702458,0.493752,0.420992,0.751044,0.661155,0.714251,0.343657,0.059254,0.561825,0.478265,0.656516,0.000000,0.857110,0.058591,0.156952,0.569082,0.365469,0.267061,0.027986,0.703702,0.643590,0.444694,0.329809,0.208515,0.216238,0.241687,0.166363,0.281674,0.321819,0.489129,0.326241,0.667468,0.611015,0.462888,0.418153,0.295382,0.307762,0.221260,0.013039,0.608008,0.614881,0.638125,0.611422,0.473783,0.542820,0.540001,0.541279,0.761748,0.595292,0.522983,0.428836,0.659588,0.596614,0.116627,0.246025,0.345127,0.299110,0.509182,0.216635,0.145887,0.111240,0.693109,0.508397,0.635958,0.673746,0.624718,0.503037,0.317206,0.397500,0.632762,0.571353,0.620626,0.616068,0.663709,0.581116,0.257329,0.153554,0.337976,0.472899,0.307469,0.400512,0.775402,0.685395,0.380457,0.365652,0.574690,0.657238
0.068063,0.211415,0.544149,0.541575,0.607456,0.584055,0.482498,0.558460,0.472434,0.338163,0.128726,0.422750,0.512230,0.778308,0.857110,0.000000,-0.053072,0.202782,0.564910,0.318773,0.244272,0.111645,0.466723,0.452181,0.568525,0.546943,0.402439,0.424854,0.153307,0.292937,0.414098,0.422883,0.267206,0.188271,0.359600,0.361085,0.262864,0.352390,0.096082,0.122028,0.080063,0.145423,0.645857,0.510918,0.482432,0.431079,0.562080,0.604830,0.490825,0.437817,0.719344,0.469091,0.675973,0.613455,0.590534,0.410711,0.074653,0.309424,0.061506,0.122455,0.313579,0.065846,-0.136348,0.050460,0.530026,0.272179,0.402662,0.433274,0.556168,0.498481,0.284790,0.361132,0.450254,0.587620,0.425664,0.532656,0.530259,0.567750,0.243707,-0.013326,0.389540,0.280609,0.137748,0.230916,0.663636,0.433212,0.293502,-0.001062,0.405526,0.517814
0.451893,0.288712,0.091946,-0.055859,0.145446,0.100363,0.140732,-0.085865,-0.062512,0.020836,0.178744,0.098112,0.160810,-0.141537,0.058591,-0.053072,0.000000,0.392976,0.194234,0.112911,0.283688,-0.067096,0.034102,-0.026974,0.146081,0.102674,0.181618,0.194534,0.401651,-0.040948,0.055957,0.090827,0.137326,0.018223,0.145357,0.132877,0.229818,0.324278,0.031028,0.037516,0.103525,0.313991,0.290734,0.383679,0.316959,0.267067,0.360722,0.342330,0.269649,0.200306,0.239498,0.175968,0.199615,0.193904,0.276919,0.147316,0.762564,0.306386,-0.031710,-0.054643,0.071431,-0.081993,0.652444,0.168719,0.084579,-0.044860,0.086486,0.135074,0.266090,0.282336,0.030955,0.135989,0.388808,0.189473,0.312523,0.068432,0.313630,0.183941,0.184139,0.516674,0.453230,0.571915,0.458951,0.247957,0.277356,0.204537,0.117791,0.060884,0.048755,0.192205
0.238289,0.233598,0.307158,0.313543,0.176259,0.412750,0.385925,0.301900,0.230402,0.527955,-0.000573,0.305326,0.065072,0.116722,0.156952,0.202782,0.392976,0.000000,0.263842,0.370882,0.092988,0.141442,0.406661,0.263654,0.312034,0.391462,0.137588,0.131222,0.202062,0.354343,0.160729,0.213951,0.275370,0.354159,0.116771,0.272032,0.198261,0.236317,0.023314,0.032699,-0.025374,0.207360,0.349817,0.227056,0.131868,0.075454,0.309835,0.321790,0.129861,-0.075212,0.266100,-0.013426,0.268684,0.142999,0.285246,0.039809,0.448826,0.368368,0.024792,-0.067818,0.137878,0.137164,0.083139,0.388265,0.264254,0.115759,0.148635,0.236756,0.374692,0.480998,0.309403,0.164767,0.161933,0.194544,0.044892,0.120709,0.200626,0.272159,0.168394,0.123818,0.546810,0.311782,0.107284,0.487162,0.349330,0.193781,-0.088928,-0.136772,0.191136,0.102496
0.315213,0.722962,0.813036,0.749274,0.674398,0.587697,0.794980,0.596329,0.411727,0.373228,0.041827,0.311510,0.434294,0.463004,0.569082,0.564910,0.194234,0.263842,0.000000,0.964206,-0.065066,-0.037008,0.781408,0.498169,0.589142,0.559205,0.370476,0.390141,0.162110,0.003143,0.358827,0.453196,0.576607,0.391927,0.405034,0.331310,0.317391,0.344630,0.138000,0.101386,0.151877,0.000714,0.517293,0.503398,0.437070,0.308069,0.479648,0.546600,0.519827,0.407156,0.551273,0.315333,0.562116,0.429380,0.543613,0.295322,0.310064,0.744722,0.100343,0.258343,0.389967,0.152556,0.203513,0.191549,0.522296,0.185907,0.578668,0.554783,0.914449,0.899363,0.176198,0.312151,0.618530,0.639562,0.396274,0.481197,0.634460,0.562867,0.365049,0.115435,0.674990,0.632459,0.356025,0.110662,0.620121,0.383414,0.141597,-0.074647,0.398672,0.396914
0.233275,0.869572,0.453013,0.692147,0.420244,0.294062,0.695039,0.656519,0.423162,0.320080,-0.031078,0.442597,0.283563,0.319003,0.365469,0.318773,0.112911,0.370882,0.964206,0.000000,-0.185940,-0.132802,0.609853,0.468514,0.282036,0.254266,0.154220,0.148495,0.209219,0.075145,0.241369,0.418196,0.581002,0.775010,0.236732,0.304400,0.282930,0.287760,0.248014,0.175458,0.133506,0.032951,0.352328,0.361636,0.316417,0.280491,0.386937,0.385416,0.563006,0.346200,0.421805,0.342823,0.419284,0.281104,0.438133,0.362276,0.265943,0.776107,0.311270,0.505648,0.437047,0.459684,0.250124,0.511225,0.311224,0.223339,0.582339,0.591613,0.749653,0.980983,0.128256,0.122333,0.453844,0.491804,0.287683,0.390407,0.395137,0.375767,0.373621,-0.070455,0.680123,0.478932,0.336719,0.195565,0.426608,0.371877,0.018690,0.019727,0.366840,0.361006
0.109071,0.035249,0.025597,-0.077343,0.126071,0.136242,-0.003793,-0.052924,-0.003679,-0.043264,0.277123,0.142982,0.184867,-0.021653,0.267061,0.244272,0.283688,0.092988,-0.065066,-0.185940,0.000000,0.565990,-0.069702,-0.029134,0.241545,0.195669,0.405006,0.430439,0.228755,0.097697,0.303279,0.203659,-0.039486,-0.148102,0.082348,0.100736,0.236593,0.159299,0.071920,0.057244,0.103851,0.298032,0.137514,0.268621,0.170791,0.191982,0.158752,0.284926,0.110938,0.129114,0.177481,0.206557,0.122864,0.204219,0.154523,0.193984,0.059604,-0.145411,-0.121928,-0.176116,-0.038235,-0.190989,0.285701,-0.102636,0.050714,0.001174,-0.086503,-0.037380,0.030629,-0.107061,0.516766,0.475180,0.210665,0.387667,0.231172,0.170991,0.461404,0.318531,0.140429,0.193847,0.128566,0.033641,0.386583,0.046579,0.119726,0.088356,0.234872,0.110244,-0.028954,0.099862
0.173205,-0.008607,0.110617,0.051042,0.299108,0.373133,-0.012009,0.045682,-0.073332,0.051472,0.206185,-0.006664,0.103581,-0.108606,0.027986,0.111645,-0.067096,0.141442,-0.037008,-0.132802,0.565990,0.000000,0.003503,0.042138,0.411636,0.556561,0.735378,0.709421,0.279727,0.196853,0.411715,0.202805,-0.139562,-0.076346,-0.093384,0.049339,0.199041,0.205046,-0.058440,0.115922,-0.126477,0.239029,0.134253,0.135469,-0.036294,-0.019257,0.094137,0.262757,-0.095138,-0.106937,0.060821,-0.016288,0.133637,0.183847,0.126756,0.033260,-0.086466,-0.146423,-0.355692,-0.314798,-0.273217,-0.214992,-0.218902,-0.111133,-0.057651,-0.048948,-0.229371,-0.110371,0.003917,-0.099366,0.712429,0.370943,0.065599,0.251466,0.014829,-0.060545,0.318882,0.309506,0.246070,-0.123951,0.153687,-0.098344,0.111102,-0.063222,0.082089,-0.023767,0.082360,-0.150894,-0.042790,-0.049532
0.305758,0.445798,1.395200,1.280019,0.444047,0.566984,1.228011,1.038209,0.518553,0.627326,-0.005169,0.471250,0.470538,0.587017,0.703702,0.466723,0.034102,0.406661,0.781408,0.609853,-0.069702,0.003503,0.000000,1.175402,0.526333,0.489106,0.122834,0.129665,0.111043,-0.027717,0.350011,0.503573,0.599574,0.506201,0.646062,0.662242,0.318821,0.183019,0.223268,0.162528,0.073814,-0.009553,0.585922,0.436914,0.433551,0.333578,0.473564,0.500056,0.385631,0.300101,0.607295,0.348707,0.496392,0.330651,0.557262,0.206721,0.158129,0.432471,0.177638,0.168641,0.394570,0.274552,0.053564,0.115112,0.825827,0.555284,0.595715,0.657546,0.734513,0.715021,0.198698,0.300731,0.353064,0.430698,0.334097,0.471134,0.545992,0.583126,0.392816,-0.063891,0.483985,0.488276,0.309563,0.321458,0.824873,0.586118,0.060974,0.104913,0.512748,0.345367
0.238173,0.406725,0.947620,1.130602,0.306893,0.431893,0.766913,1.136840,0.384209,0.613255,-0.055157,0.503995,0.423264,0.525053,0.643590,0.452181,-0.026974,0.263654,0.498169,0.468514,-0.029134,0.042138,1.175402,0.000000,0.351011,0.430512,0.157691,0.110299,0.104816,-0.051658,0.191390,0.355965,0.421385,0.379134,0.633985,0.680857,0.430058,0.208243,0.289661,0.212149,0.096805,0.020141,0.555933,0.508275,0.468767,0.440747,0.420097,0.486847,0.415977,0.319625,0.635692,0.442979,0.488264,0.376987,0.557720,0.304930,0.060777,0.362445,0.146420,0.176157,0.281835,0.358397,0.030158,0.147264,0.767241,0.667689,0.485488,0.617740,0.599005,0.550541,0.228181,0.288118,0.344536,0.407508,0.362818,0.377582,0.542033,0.543655,0.443530,-0.079041,0.460905,0.394643,0.261174,0.328976,0.859670,0.704135,0.100393,0.220557,0.534918,0.356131
0.202841,0.269717,0.705969,0.504129,1.185073,0.909470,0.554728,0.389787,0.407828,0.375662,0.124461,0.262116,0.373133,0.360035,0.444694,0.568525,0.146081,0.312034,0.589142,0.282036,0.241545,0.411636,0.526333,0.351011,0.000000,1.357059,0.806908,0.901580,0.138345,0.057076,0.640216,0.515348,0.313891,0.175709,0.254768,0.340042,0.249831,0.333421,-0.021699,-0.060410,-0.079554,0.103707,0.659140,0.533921,0.346107,0.253680,0.660649,0.711826,0.295840,0.193320,0.558095,0.277222,0.681562,0.671356,0.655693,0.214972,0.232207,0.274353,-0.238405,-0.092722,0.094478,-0.083150,-0.019670,0.057878,0.373562,0.125973,0.236650,0.248129,0.528636,0.417512,0.471888,0.473688,0.404299,0.363834,0.325675,0.139313,0.575622,0.545251,0.260179,0.098002,0.409409,0.284753,0.198399,-0.033462,0.565333,0.292284,0.108731,-0.240993,0.264997,0.331379
0.246679,0.253775,0.674210,0.502182,0.950618,1.199904,0.466065,0.420616,0.250957,0.555742,0.182674,0.217793,0.367127,0.308279,0.329809,0.546943,0.102674,0.391462,0.559205,0.254266,0.195669,0.556561,0.489106,0.430512,1.357059,0.000000,0.988876,0.993675,0.211407,0.109323,0.550751,0.462404,0.188129,0.117896,0.231621,0.333689,0.243567,0.310411,-0.044675,-0.045237,-0.150861,0.126250,0.629976,0.471211,0.275565,0.188317,0.569768,0.708730,0.228894,0.101573,0.495397,0.197363,0.631510,0.634003,0.589308,0.199669,0.229754,0.292363,-0.337317,-0.241254,0.005381,-0.101503,-0.119016,0.038400,0.379620,0.115452,0.138044,0.187726,0.493942,0.410186,0.536635,0.506903,0.338937,0.397951,0.220626,0.143610,0.570326,0.594522,0.363820,0.016629,0.484083,0.267333,0.159615,0.029774,0.579818,0.281006,0.050321,-0.311044,0.279293,0.266117
0.292872,0.311030,0.302217,0.223323,0.800811,0.765175,0.112797,0.165183,0.050998,0.154949,0.262789,0.046137,0.318689,-0.007698,0.208515,0.402439,0.181618,0.137588,0.370476,0.154220,0.405006,0.735378,0.122834,0.157691,0.806908,0.988876,0.000000,1.747458,0.368785,0.156387,0.462347,0.343974,0.080167,0.000091,0.104966,0.183618,0.272459,0.425023,-0.054975,-0.010287,-0.177968,0.199289,0.513236,0.497848,0.286565,0.229216,0.477770,0.701201,0.253605,0.155968,0.389187,0.254670,0.483634,0.655616,0.463910,0.209605,0.212907,0.309470,-0.407109,-0.169385,-0.111167,-0.104512,-0.048718,0.097238,0.127629,-0.054707,-0.003745,0.081240,0.363307,0.268047,0.707039,0.523305,0.450051,0.571557,0.267655,0.108023,0.638003,0.577359,0.426913,0.105133,0.465629,0.181532,0.258000,-0.172589,0.344948,0.190692,0.107147,-0.332892,0.106364,0.218182
0.282507,0.321986,0.273742,0.188913,0.886884,0.803204,0.124892,0.133594,0.106609,0.134217,0.260317,0.026443,0.284416,-0.025676,0.216238,0.424854,0.194534,0.131222,0.390141,0.148495,0.430439,0.709421,0.129665,0.110299,0.901580,0.993675,1.747458,0.000000,0.305393,0.168290,0.497378,0.378950,0.106840,0.038242,0.013958,0.101802,0.160263,0.382332,-0.179593,-0.113446,-0.264064,0.181310,0.479590,0.464582,0.249910,0.186384,0.463257,0.671821,0.235824,0.143345,0.336495,0.230302,0.479449,0.654161,0.415449,0.124788,0.227892,0.268300,-0.434466,-0.161088,-0.129069,-0.145357,-0.022115,0.119878,0.046883,-0.134354,-0.044738,0.013787,0.320710,0.226490,0.615303,0.456323,0.364508,0.470483,0.209694,0.061992,0.554847,0.485558,0.265519,0.162397,0.421759,0.201845,0.170535,-0.185728,0.265684,0.101621,0.067295,-0.452157,0.008701,0.131675
0.129467,0.132048,0.164427,0.199234,0.228325,0.206084,0.265864,0.231325,-0.058333,-0.059682,0.276303,0.124547,0.258721,0.049449,0.241687,0.153307,0.401651,0.202062,0.162110,0.209219,0.228755,0.279727,0.111043,0.104816,0.138345,0.211407,0.368785,0.305393,0.000000,0.313446,0.004603,0.096146,-0.049649,0.067554,0.137292,0.174287,0.325053,0.497676,0.271887,0.483150,0.183609,0.663570,0.408571,0.368038,0.346046,0.357462,0.432367,0.425314,0.309418,0.346281,0.278493,0.342230,0.281694,0.281476,0.337762,0.359712,0.173056,0.106567,-0.098136,-0.122632,-0.006197,0.045256,0.082756,0.153003,0.089700,0.073605,0.033798,0.146964,0.140393,0.179405,0.241503,0.337501,0.536971,0.496140,0.532898,0.170916,0.387374,0.414118,0.794796,0.076738,0.628164,0.522984,0.578420,0.444836,0.279348,0.331349,0.181391,0.165647,0.098337,0.331204
-0.001835,-0.041238,-0.089051,0.008421,0.051069,0.099673,-0.090877,0.069758,0.012797,-0.110763,0.223746,0.256975,-0.004992,0.036764,0.166363,0.292937,-0.040948,0.354343,0.003143,0.075145,0.097697,0.196853,-0.027717,-0.051658,0.057076,0.109323,0.156387,0.168290,0.313446,0.000000,-0.010319,0.052400,-0.056371,0.149694,-0.179540,-0.133410,-0.007638,0.113993,-0.051852,0.011394,-0.103656,0.094049,0.073034,0.006592,-0.051714,-0.005294,0.044937,0.086013,0.001610,0.074927,-0.026055,0.028104,0.046726,0.039739,-0.012616,0.037374,-0.085902,-0.051189,-0.110329,-0.068819,-0.075649,0.029490,-0.262096,0.224359,-0.171559,-0.110790,-0.172262,-0.068502,-0.049359,-0.019761,0.262564,0.126696,0.072942,0.229810,-0.058964,0.085041,-0.035771,0.165352,-0.056157,0.068426,0.053349,0.123408,-0.200713,0.538363,-0.093098,-0.109340,-0.135642,-0.098764,-0.112991,-0.064431
0.263989,0.272388,0.377153,0.311638,0.438547,0.415026,0.414652,0.282200,0.097125,0.140524,0.250188,0.393803,0.433910,0.375200,0.281674,0.414098,0.055957,0.160729,0.358827,0.241369,0.303279,0.411715,0.350011,0.191390,0.640216,0.550751,0.462347,0.497378,0.004603,-0.010319,0.000000,1.202402,0.295459,0.326715,0.124453,0.237259,0.111558,0.248671,0.049832,0.041918,-0.072768,0.006098,0.266117,0.213354,0.097926,0.057984,0.299040,0.386572,0.152580,0.068069,0.281592,0.095582,0.338647,0.271725,0.365396,0.154746,0.072159,0.123480,-0.167722,-0.144039,-0.016594,-0.206480,-0.009560,-0.143901,0.183571,0.047650,0.127570,0.175047,0.324470,0.361905,0.424692,0.406705,0.311937,0.387633,0.295875,0.336383,0.489047,0.404144,0.146976,-0.079755,0.194216,0.105369,0.274179,-0.038521,0.303698,0.158311,0.135602,-0.038940,0.178594,0.231970
0.193648,0.424412,0.412501,0.435628,0.420140,0.459117,0.484533,0.397327,0.145800,0.202178,0.142146,0.426706,0.408215,0.487270,0.321819,0.422883,0.090827,0.213951,0.453196,0.418196,0.203659,0.202805,0.503573,0.355965,0.515348,0.462404,0.343974,0.378950,0.096146,0.052400,1.202402,0.000000,0.314765,0.400740,0.120426,0.182871,0.137795,0.122476,0.019656,-0.070283,-0.083258,0.000750,0.358579,0.363808,0.264030,0.189739,0.404227,0.454096,0.324479,0.252132,0.348881,0.262597,0.438760,0.337202,0.410482,0.145541,0.111914,0.286348,-0.180642,-0.058584,-0.021054,-0.126625,0.148961,-0.032705,0.188032,0.063898,0.134937,0.200363,0.310729,0.455546,0.202555,0.340237,0.307314,0.433582,0.317796,0.366128,0.477642,0.435862,0.215768,-0.062459,0.308412,0.335119,0.296629,0.057290,0.362932,0.255418,-0.010003,-0.115927,0.162097,0.209162
0.542295,0.581392,0.619122,0.458370,0.263977,0.206774,0.487999,0.358636,0.408443,0.308269,0.030047,0.404910,0.290211,0.124541,0.489129,0.267206,0.137326,0.275370,0.576607,0.581002,-0.039486,-0.139562,0.599574,0.421385,0.313891,0.188129,0.080167,0.106840,-0.049649,-0.056371,0.295459,0.314765,0.000000,1.095550,0.703474,0.673539,0.224742,0.301796,0.259069,0.161499,0.209989,-0.053047,0.397340,0.409265,0.488257,0.527504,0.313019,0.316201,0.501599,0.438971,0.499283,0.422332,0.311614,0.254543,0.457885,0.260985,0.424074,0.599532,0.617674,0.710392,0.671952,0.598753,0.315531,0.442232,0.618693,0.498762,1.012350,1.055083,0.878242,0.755683,0.248360,0.163614,0.434905,0.381912,0.279172,0.478292,0.649176,0.510703,0.142107,0.044613,0.426191,0.487385,0.257689,0.243804,0.457047,0.575045,0.346753,0.197038,0.366136,0.391760
0.347494,0.567221,0.403342,0.494067,0.184001,0.109064,0.490964,0.481198,0.334892,0.239606,0.066678,0.527192,0.252701,0.149586,0.326241,0.188271,0.018223,0.354159,0.391927,0.775010,-0.148102,-0.076346,0.506201,0.379134,0.175709,0.117896,0.000091,0.038242,0.067554,0.149694,0.326715,0.400740,1.095550,0.000000,0.416211,0.580907,0.133709,0.299694,0.269775,0.228841,0.075017,0.005759,0.285781,0.249283,0.214123,0.301185,0.183889,0.262482,0.338199,0.232172,0.333618,0.288506,0.203209,0.166890,0.326865,0.193164,0.175143,0.464882,0.552954,0.586981,0.427772,0.552131,0.110240,0.465217,0.355418,0.386021,0.688605,0.786425,0.626412,0.705694,0.273007,0.078357,0.288537,0.269081,0.167577,0.382337,0.398291,0.401458,0.101643,-0.102804,0.442417,0.342470,0.152514,0.340410,0.266406,0.438164,0.168065,0.141127,0.256611,0.279473
0.353875,0.251934,0.834799,0.641504,0.233113,0.187414,0.606922,0.532176,0.301291,0.382851,0.065621,0.322138,0.433907,0.380602,0.667468,0.359600,0.145357,0.116771,0.405034,0.236732,0.082348,-0.093384,0.646062,0.633985,0.254768,0.231621,0.104966,0.013958,0.137292,-0.179540,0.124453,0.120426,0.703474,0.416211,0.000000,1.334358,0.461869,0.372275,0.503615,0.452079,0.398565,0.051239,0.516536,0.495907,0.587050,0.674607,0.317522,0.370053,0.513749,0.478349,0.767593,0.551672,0.315587,0.252504,0.501675,0.413648,0.203358,0.368638,0.600332,0.423440,0.738984,0.453935,0.196627,0.081743,1.430393,1.043886,1.167713,1.183832,0.795820,0.573850,0.257698,0.270119,0.546559,0.371759,0.490439,0.487450,0.762178,0.582908,0.395307,0.139904,0.361379,0.417249,0.439183,0.301152,0.863756,0.932043,0.557802,0.549845,0.638345,0.631241
0.331328,0.270693,0.819300,0.729088,0.273361,0.232167,0.677472,0.692724,0.288493,0.442021,0.111218,0.379698,0.456507,0.328634,0.611015,0.361085,0.132877,0.272032,0.331310,0.304400,0.100736,0.049339,0.662242,0.680857,0.340042,0.333689,0.183618,0.101802,0.174287,-0.133410,0.237259,0.182871,0.673539,0.580907,1.334358,0.000000,0.442167,0.465376,0.473372,0.478616,0.220567,0.072778,0.519042,0.487951,0.462961,0.594030,0.312542,0.469248,0.418953,0.328125,0.725385,0.506248,0.285066,0.272658,0.525231,0.394789,0.201727,0.298425,0.495822,0.310032,0.601833,0.450021,0.083929,0.151885,1.167115,1.005294,0.976537,1.136502,0.784017,0.639961,0.411720,0.295699,0.546847,0.363816,0.497141,0.481922,0.757199,0.597598,0.376824,0.067707,0.448800,0.321981,0.432410,0.371753,0.797294,0.958572,0.521376,0.521906,0.617725,0.629082
0.297884,0.216375,0.496465,0.440716,0.233689,0.275720,0.482434,0.396246,0.226747,0.297893,-0.039717,0.407735,0.312823,0.262258,0.462888,0.262864,0.229818,0.198261,0.317391,0.282930,0.236593,0.199041,0.318821,0.430058,0.249831,0.243567,0.272459,0.160263,0.325053,-0.007638,0.111558,0.137795,0.224742,0.133709,0.461869,0.442167,0.000000,0.574405,0.645722,0.526918,0.605370,0.132824,0.663122,0.887715,0.698552,0.740973,0.572377,0.662923,0.595004,0.438519,0.789611,0.588253,0.530480,0.454201,0.670400,0.780904,0.125043,0.216039,0.148637,0.106147,0.189346,0.182898,0.296620,0.022807,0.429456,0.400442,0.370060,0.492632,0.427556,0.288312,0.333671,0.324820,0.601358,0.474757,0.468473,0.282816,0.684599,0.586172,0.515848,-0.019167,0.466439,0.240625,0.431328,0.212367,0.797833,0.781065,0.263692,0.334307,0.458205,0.555252
0.380515,0.243680,0.353324,0.286655,0.269648,0.188101,0.384411,0.318385,0.120306,-0.007926,0.167713,0.245494,0.382808,0.165074,0.418153,0.352390,0.324278,0.236317,0.344630,0.287760,0.159299,0.205046,0.183019,0.208243,0.333421,0.310411,0.425023,0.382332,0.497676,0.113993,0.248671,0.122476,0.301796,0.299694,0.372275,0.465376,0.574405,0.000000,0.380507,0.614644,0.322581,0.381719,0.559708,0.532237,0.487153,0.589530,0.543655,0.552953,0.445097,0.378180,0.556071,0.515596,0.407521,0.475669,0.656593,0.617875,0.287671,0.270874,0.065115,0.052814,0.184940,0.109449,0.013917,0.119475,0.349011,0.253477,0.319599,0.452393,0.466325,0.436159,0.493134,0.337415,0.814562,0.414535,0.724089,0.282317,0.610054,0.600607,0.396791,0.166986,0.592288,0.370038,0.424894,0.269327,0.509125,0.616663,0.495108,0.212735,0.444575,0.707962
0.174215,0.143491,0.353756,0.331719,-0.047019,-0.075564,0.359158,0.343924,0.095785,0.068318,-0.090443,0.394380,0.164712,0.270714,0.295382,0.096082,0.031028,0.023314,0.138000,0.248014,0.071920,-0.058440,0.223268,0.289661,-0.021699,-0.044675,-0.054975,-0.179593,0.271887,-0.051852,0.049832,0.019656,0.259069,0.269775,0.503615,0.473372,0.645722,0.380507,0.000000,1.087881,0.969067,0.352712,0.350188,0.352155,0.329648,0.441679,0.261186,0.286258,0.321006,0.339067,0.489131,0.334291,0.305719,0.195401,0.515982,0.825024,-0.046618,0.120518,0.365315,0.219947,0.300291,0.352059,0.094762,-0.024920,0.393178,0.509646,0.429712,0.517759,0.312262,0.222038,0.221189,0.250589,0.465415,0.304466,0.416377,0.394217,0.343708,0.394932,0.367954,-0.241548,0.269917,0.026497,0.471636,0.287605,0.464157,0.480802,0.497757,0.776788,0.585713,0.633237
0.156728,0.090254,0.319175,0.337609,-0.060395,-0.135831,0.376985,0.378343,0.030677,-0.077030,-0.000036,0.252839,0.228974,0.219429,0.307762,0.122028,0.037516,0.032699,0.101386,0.175458,0.057244,0.115922,0.162528,0.212149,-0.060410,-0.045237,-0.010287,-0.113446,0.483150,0.011394,0.041918,-0.070283,0.161499,0.228841,0.452079,0.478616,0.526918,0.614644,1.087881,0.000000,0.661283,0.494362,0.287874,0.234907,0.241723,0.371731,0.189297,0.215310,0.186469,0.246545,0.396788,0.254905,0.162368,0.128081,0.410457,0.762277,-0.029804,0.071148,0.387422,0.163883,0.277750,0.255408,-0.106798,-0.062602,0.360654,0.423007,0.401287,0.488806,0.295666,0.211451,0.237367,0.167772,0.460627,0.252821,0.535418,0.366089,0.313514,0.371799,0.471414,-0.168845,0.275281,0.020862,0.447106,0.410976,0.390069,0.416216,0.741718,0.790563,0.585530,0.704310
0.100682,0.061111,0.195853,0.122849,-0.083617,-0.122704,0.216148,0.114176,0.158220,0.026981,-0.104399,0.280460,0.091488,0.256936,0.221260,0.080063,0.103525,-0.025374,0.151877,0.133506,0.103851,-0.126477,0.073814,0.096805,-0.079554,-0.150861,-0.177968,-0.264064,0.183609,-0.103656,-0.072768,-0.083258,0.209989,0.075017,0.398565,0.220567,0.605370,0.322581,0.969067,0.661283,0.000000,0.247595,0.249608,0.338917,0.387490,0.471772,0.218072,0.178617,0.392394,0.499902,0.395930,0.363549,0.261952,0.106842,0.364128,0.646612,-0.034361,0.090813,0.367479,0.255417,0.348760,0.249095,0.241306,-0.064430,0.278007,0.385483,0.358759,0.411895,0.190358,0.131711,0.087000,0.178508,0.393496,0.229342,0.346600,0.287540,0.297059,0.290472,0.268079,-0.132913,0.190464,0.150583,0.385556,0.210387,0.316088,0.353045,0.378743,0.593307,0.342556,0.410220
0.043572,0.122953,0.074290,0.013039,0.103910,0.088953,0.084560,0.060503,-0.026993,-0.006206,-0.070849,0.041764,-0.020895,0.065226,0.013039,0.145423,0.313991,0.207360,0.000714,0.032951,0.298032,0.239029,-0.009553,0.020141,0.103707,0.126250,0.199289,0.181310,0.663570,0.094049,0.006098,0.000750,-0.053047,0.005759,0.051239,0.072778,0.132824,0.381719,0.352712,0.494362,0.247595,0.000000,0.286154,0.169814,0.199994,0.203334,0.326964,0.243565,0.105673,0.178789,0.151548,0.121386,0.231113,0.206115,0.288218,0.223758,0.173785,0.154098,-0.063931,-0.076891,-0.038288,-0.020032,-0.041961,-0.031709,0.053917,0.041769,0.004410,0.098487,0.163597,0.175069,0.134001,0.085619,0.227852,0.257339,0.217274,0.117609,0.180769,0.316691,0.424452,-0.000350,0.496478,0.181926,0.371951,0.196245,0.172888,0.146283,0.236794,0.038150,0.084731,0.215741
0.384392,0.437484,0.809249,0.615622,0.697193,0.761727,0.653887,0.535086,0.426287,0.418488,0.083644,0.347976,0.494102,0.391408,0.608008,0.645857,0.290734,0.349817,0.517293,0.352328,0.137514,0.134253,0.585922,0.555933,0.659140,0.629976,0.513236,0.479590,0.408571,0.073034,0.266117,0.358579,0.397340,0.285781,0.516536,0.519042,0.663122,0.559708,0.350188,0.287874,0.249608,0.286154,0.000000,1.383592,1.035177,0.802433,1.453622,1.462144,0.819339,0.549777,1.453633,0.745499,1.361042,1.247293,1.396221,0.698549,0.384113,0.528519,-0.001570,0.066609,0.162599,0.100121,0.030060,0.050801,0.553825,0.239303,0.428497,0.525858,0.697505,0.569600,0.285953,0.355076,0.609255,0.568345,0.544618,0.346184,0.693374,0.716420,0.508744,-0.046823,0.676986,0.417694,0.315717,0.258503,1.080190,0.712422,0.188016,0.060633,0.597365,0.705897
0.368958,0.501014,0.641171,0.500386,0.574906,0.542800,0.538900,0.454464,0.406778,0.316337,0.060933,0.413328,0.494296,0.312515,0.614881,0.510918,0.383679,0.227056,0.503398,0.361636,0.268621,0.135469,0.436914,0.508275,0.533921,0.471211,0.497848,0.464582,0.368038,0.006592,0.213354,0.363808,0.409265,0.249283,0.495907,0.487951,0.887715,0.532237,0.352155,0.234907,0.338917,0.169814,1.383592,0.000000,1.133819,1.000746,1.085069,1.439327,0.980760,0.677735,1.406472,0.969701,1.012694,1.073134,1.076579,0.730217,0.349064,0.474930,0.015731,0.121545,0.133265,0.125252,0.312546,0.124038,0.453303,0.242971,0.408479,0.518869,0.596058,0.475889,0.306857,0.382699,0.688690,0.599867,0.579166,0.321373,0.837379,0.647819,0.464564,0.066451,0.676931,0.484944,0.413384,0.189861,0.928180,0.840316,0.214748,0.140145,0.433316,0.610290
0.409043,0.393125,0.571490,0.418310,0.483835,0.396351,0.468662,0.375690,0.420200,0.334852,-0.015667,0.238876,0.375548,0.218274,0.638125,0.482432,0.316959,0.131868,0.437070,0.316417,0.170791,-0.036294,0.433551,0.468767,0.346107,0.275565,0.286565,0.249910,0.346046,-0.051714,0.097926,0.264030,0.488257,0.214123,0.587050,0.462961,0.698552,0.487153,0.329648,0.241723,0.387490,0.199994,1.035177,1.133819,0.000000,1.533779,1.035923,0.805686,1.262856,1.117073,1.130105,1.160150,0.846859,0.743989,0.869066,0.692153,0.417602,0.468473,0.220345,0.299719,0.429039,0.260084,0.402102,0.180493,0.601268,0.439474,0.571410,0.657240,0.555244,0.442149,0.122883,0.275479,0.604332,0.612724,0.553908,0.476181,0.726396,0.626498,0.484795,0.020041,0.560441,0.586725,0.423975,0.172892,0.902875,0.830770,0.301009,0.187916,0.429581,0.669289
0.365859,0.333033,0.498997,0.396942,0.352274,0.236384,0.399352,0.416335,0.386366,0.261884,-0.005212,0.338866,0.307581,0.192633,0.611422,0.431079,0.267067,0.075454,0.308069,0.280491,0.191982,-0.019257,0.333578,0.440747,0.253680,0.188317,0.229216,0.186384,0.357462,-0.005294,0.057984,0.189739,0.527504,0.301185,0.674607,0.594030,0.740973,0.589530,0.441679,0.371731,0.471772,0.203334,0.802433,1.000746,1.533779,0.000000,0.776554,0.657563,1.117988,1.257251,1.001779,1.451541,0.655107,0.581900,0.772140,0.742965,0.312188,0.377591,0.334074,0.398981,0.485112,0.403774,0.399966,0.252522,0.608087,0.613655,0.624121,0.811291,0.527413,0.406773,0.242176,0.329949,0.656043,0.624110,0.589106,0.472732,0.775128,0.676722,0.482900,0.032525,0.537569,0.578082,0.434895,0.263290,0.776914,1.091578,0.405600,0.334960,0.470404,0.747896
0.341588,0.404202,0.600186,0.475018,0.636037,0.664036,0.595853,0.439421,0.325527,0.287619,0.102827,0.301284,0.413151,0.324507,0.473783,0.562080,0.360722,0.309835,0.479648,0.386937,0.158752,0.094137,0.473564,0.420097,0.660649,0.569768,0.477770,0.463257,0.432367,0.044937,0.299040,0.404227,0.313019,0.183889,0.317522,0.312542,0.572377,0.543655,0.261186,0.189297,0.218072,0.326964,1.453622,1.085069,1.035923,0.776554,0.000000,1.173208,0.852955,0.605909,1.044045,0.750183,1.299980,1.051362,1.231470,0.704860,0.442665,0.457160,-0.080597,0.014330,0.156142,0.062051,0.172179,0.131452,0.373445,0.148953,0.299403,0.368870,0.540080,0.503719,0.207792,0.371328,0.595722,0.584820,0.554065,0.297676,0.612375,0.635849,0.559155,-0.055030,0.638566,0.465604,0.442760,0.205131,0.912791,0.600887,0.118217,-0.020310,0.462747,0.683794
0.380090,0.490868,0.690291,0.578289,0.686020,0.726673,0.598426,0.520779,0.345875,0.350775,0.177305,0.421200,0.539840,0.336691,0.542820,0.604830,0.342330,0.321790,0.546600,0.385416,0.284926,0.262757,0.500056,0.486847,0.711826,0.708730,0.701201,0.671821,0.425314,0.086013,0.386572,0.454096,0.316201,0.262482,0.370053,0.469248,0.662923,0.552953,0.286258,0.215310,0.178617,0.243565,1.462144,1.439327,0.805686,0.657563,1.173208,0.000000,0.733243,0.483590,1.129495,0.718089,1.086357,1.250194,1.106350,0.640091,0.315080,0.406372,-0.135187,-0.060969,0.036851,-0.010938,0.099287,0.042973,0.363047,0.126174,0.278984,0.414264,0.631349,0.535818,0.403108,0.416421,0.623103,0.639575,0.535499,0.326399,0.797546,0.720665,0.517462,-0.026701,0.731317,0.357846,0.445645,0.184624,0.797902,0.611554,0.118580,0.023404,0.403823,0.535526
