0.000000,0.834496,0.698169,0.677426,0.282562,0.186994,1.273419,0.719996,0.428293,0.083866,1.180852,0.971991,1.090731,0.680864,0.587311,0.215722,0.752492,0.302806,0.913552,0.748214,0.339410,0.153285,0.738383,0.728024,0.431233,0.484239,0.089114,-0.006390,0.522555,0.335324,0.604923,0.465235,0.703567,0.762836,0.533492,0.477680,0.389137,0.437766,0.461441,0.500485,0.280007,0.245840,0.503203,0.597580,0.408962,0.278926,0.437996,0.670976,0.189662,0.342804,0.542791,0.492619,0.409175,0.497635,0.663741,0.585503,0.728438,0.485126,0.522451,0.429161,1.005232,0.810139,0.429396,0.551258,0.857668,0.910734,0.376010,0.144567,0.350612,0.458144,0.235196,0.180993,0.666497,0.540797,0.607297,0.541722,0.766937,0.731592,0.535267,0.313335,0.593173,0.455018,0.431008,0.428147,0.635978,0.563603,0.444832,0.519488,0.565620,0.461710
0.834496,0.000000,0.430908,0.715087,0.211095,0.284554,0.720031,0.709075,0.277351,0.159414,0.482580,0.657689,0.458586,0.493362,0.331499,0.194793,0.631887,0.555366,0.639774,0.719660,0.147782,0.221615,0.274061,0.465929,0.212221,0.381251,0.053716,0.059551,0.449340,0.424958,0.394837,0.451160,0.783386,0.860249,0.226848,0.266099,0.314529,0.492864,0.367800,0.534615,0.344733,0.334937,0.553153,0.646527,0.549748,0.505891,0.632006,0.679619,0.544679,0.724904,0.672565,0.580976,0.600309,0.645413,0.736630,0.629870,0.886506,0.958561,0.872892,0.997767,0.923273,1.098185,0.646968,0.934480,0.329970,0.616743,0.451941,0.317137,0.043978,0.608399,0.260846,0.350986,0.365139,0.422719,0.265217,0.320934,0.622271,0.825731,0.396811,0.558619,0.678598,0.699411,0.443316,0.436961,0.580305,0.600076,0.396491,0.492988,0.493514,0.789415
0.698169,0.430908,0.000000,0.863403,0.458653,0.246319,1.098157,0.565775,0.354280,0.127775,0.593093,0.412127,0.485835,0.332647,0.461931,0.209909,0.315876,0.087275,0.866671,0.491949,0.367013,0.237150,0.936866,0.932714,0.585774,0.606893,0.040207,-0.116061,0.211046,0.041613,0.549275,0.375060,0.389134,0.436462,0.844275,0.666819,0.386388,0.400400,0.469925,0.466491,0.209990,0.049126,0.671211,0.454652,0.564902,0.243453,0.567131,0.480172,0.253238,0.227551,0.663157,0.552342,0.503957,0.635156,0.644583,0.437212,0.458264,0.400757,0.484587,0.228900,0.635645,0.419761,0.284708,0.241207,0.668294,0.511066,0.643669,0.557794,0.229001,0.498770,0.198566,0.197811,0.364130,0.193899,0.363952,0.280249,0.512902,0.434126,0.329527,0.173141,0.356226,0.225057,0.281192,0.236754,0.448989,0.446002,0.476899,0.383643,0.530278,0.505660
0.677426,0.715087,0.863403,0.000000,0.416912,0.348587,1.010009,1.277924,0.400632,0.301111,0.526272,0.574980,0.371911,0.373355,0.333381,0.389289,0.309626,0.161901,0.730684,0.723945,0.217993,0.204516,0.529029,0.984282,0.388870,0.551820,0.089569,-0.013888,0.230374,0.174958,0.431920,0.498050,0.455297,0.620017,0.550660,0.636187,0.269458,0.329498,0.385555,0.416559,0.093996,0.157330,0.496698,0.419120,0.469328,0.387587,0.489146,0.417623,0.254106,0.286379,0.523180,0.475749,0.412079,0.408367,0.580466,0.372761,0.373361,0.333470,0.479663,0.529446,0.687956,0.791086,0.325841,0.350610,0.675717,0.895043,0.552764,0.482643,0.167777,0.440325,0.167497,0.264316,0.314560,0.218173,0.272625,0.258738,0.453403,0.533332,0.244231,0.173754,0.353788,0.259459,0.276331,0.384855,0.463309,0.533913,0.457206,0.532843,0.546530,0.660880
0.282562,0.211095,0.458653,0.416912,0.000000,1.303280,0.420079,0.363834,0.867272,0.443824,0.451416,0.236292,0.320131,0.347197,0.406000,0.127008,0.292415,0.120006,0.399804,0.261592,0.975135,0.993892,0.597889,0.702897,1.247031,0.681986,0.624904,0.412636,0.012256,-0.070350,0.203432,0.067060,0.139379,0.136432,0.614526,0.521355,0.283588,0.291276,0.507990,0.236187,0.066283,-0.030724,0.564934,0.384225,0.350274,0.201901,0.497115,0.239454,0.239117,0.090554,0.518192,0.306876,0.463829,0.415791,0.427625,0.089852,0.380462,0.260001,0.507117,0.108603,0.539845,0.238959,0.224581,0.255323,0.533259,0.396616,0.642579,0.590073,0.429263,0.559017,0.681597,0.473129,0.048264,-0.095177,0.051780,-0.053591,0.340773,0.285402,0.190452,0.224203,0.275248,0.075308,0.133326,-0.019237,0.221426,0.173557,0.359097,0.045076,0.852784,0.510899
0.186994,0.284554,0.246319,0.348587,1.303280,0.000000,0.266490,0.323965,0.922799,0.601306,0.366438,0.184700,0.239093,0.337343,0.303709,0.101167,0.226593,0.212031,0.228967,0.166559,0.790620,1.052885,0.309438,0.529749,1.026566,0.803631,0.606384,0.521280,-0.031075,-0.021393,0.084196,0.076117,0.091983,0.103546,0.479746,0.512191,0.180301,0.193605,0.388607,0.211155,0.025244,0.015060,0.503152,0.376351,0.369741,0.302030,0.409543,0.195014,0.332076,0.188687,0.490902,0.327227,0.414409,0.348264,0.320090,0.039924,0.428745,0.381558,0.591095,0.276888,0.529898,0.334682,0.286750,0.365200,0.427245,0.416007,0.564887,0.545875,0.202003,0.431799,0.644114,0.523509,-0.058389,-0.115289,-0.076618,-0.148583,0.288685,0.298180,0.161459,0.295927,0.277205,0.136126,0.095094,-0.015268,0.221572,0.231560,0.269384,0.034859,0.743693,0.556160
1.273419,0.720031,1.098157,1.010009,0.420079,0.266490,0.000000,0.971570,0.487285,0.172410,1.077172,0.865007,0.925652,0.635095,0.637741,0.321969,0.653413,0.331567,0.997438,0.821380,0.313545,0.173993,0.875424,1.008438,0.502552,0.588401,0.075047,-0.068553,0.490755,0.311620,0.614945,0.519569,0.637365,0.793558,0.675560,0.627819,0.336526,0.416919,0.451819,0.500039,0.208937,0.241811,0.570538,0.538920,0.521836,0.353335,0.557048,0.630298,0.187369,0.261025,0.563825,0.472334,0.468789,0.508722,0.754787,0.576244,0.649446,0.486941,0.493739,0.351990,1.034601,0.913494,0.527033,0.537932,1.058228,1.068091,0.490550,0.283456,0.351818,0.518676,0.242175,0.210382,0.647310,0.475591,0.588984,0.519729,0.696360,0.680624,0.485799,0.316884,0.612710,0.460610,0.434006,0.461543,0.713789,0.653782,0.506452,0.565470,0.631863,0.565517
0.719996,0.709075,0.565775,1.277924,0.363834,0.323965,0.971570,0.000000,0.415121,0.290407,0.633067,0.805765,0.496481,0.526027,0.264601,0.377105,0.383833,0.234801,0.664543,0.707836,0.141040,0.141255,0.374226,0.808438,0.268510,0.381149,0.117534,0.013082,0.280383,0.280099,0.314583,0.444335,0.421640,0.628476,0.383039,0.544433,0.173184,0.269889,0.266634,0.387481,0.077786,0.246966,0.380820,0.396540,0.355575,0.355616,0.413958,0.382533,0.152172,0.219950,0.320526,0.319576,0.337029,0.355923,0.505885,0.313692,0.379579,0.312094,0.433087,0.436531,0.776110,0.968664,0.306670,0.431510,0.738512,1.103086,0.319875,0.302218,0.179890,0.384063,0.088682,0.183637,0.330806,0.322312,0.300769,0.327715,0.453226,0.516252,0.308997,0.218967,0.354996,0.281247,0.353846,0.421018,0.395395,0.446692,0.334243,0.515155,0.523310,0.609996
0.428293,0.277351,0.354280,0.400632,0.867272,0.922799,0.487285,0.415121,0.000000,0.871903,0.644902,0.333042,0.437276,0.322131,0.641248,0.354109,0.276028,0.127416,0.378206,0.296645,0.521452,0.445987,0.534505,0.608915,0.881404,0.751977,0.560930,0.605939,0.093803,0.003860,0.243079,0.198317,0.152760,0.142471,0.518435,0.483288,0.247557,0.154808,0.277937,0.173149,0.007411,0.060664,0.369761,0.260327,0.266603,0.201721,0.329958,0.156917,0.137089,0.101785,0.460799,0.284636,0.400186,0.246332,0.344431,0.082720,0.379054,0.251925,0.498031,0.198368,0.661792,0.399882,0.246803,0.226121,0.771208,0.634965,0.402700,0.303379,0.381112,0.426445,0.450831,0.228666,0.045362,-0.039274,0.044302,-0.105885,0.330459,0.298447,0.198474,0.175808,0.310726,0.128962,0.188251,0.217288,0.379399,0.314345,0.367215,0.291840,0.802845,0.475816
0.083866,0.159414,0.127775,0.301111,0.443824,0.601306,0.172410,0.290407,0.871903,0.000000,0.172806,-0.049613,-0.039265,-0.134687,0.364891,0.503243,0.018373,0.032306,0.144113,0.043371,0.130643,0.201566,0.131116,0.277979,0.443993,0.432504,0.423552,0.531777,-0.087790,-0.104511,0.038189,0.120194,-0.011895,0.009130,0.245084,0.283694,0.076307,0.051037,0.066332,0.035215,-0.057452,0.073814,0.146322,0.074074,0.151117,0.136581,0.206573,-0.011494,0.139318,0.077727,0.314618,0.188297,0.295949,0.175926,0.128387,-0.020540,0.181095,0.214256,0.405871,0.265347,0.452412,0.315533,0.192400,0.145361,0.376482,0.343960,0.240004,0.271577,0.029272,0.262373,0.188688,0.141666,-0.207046,-0.246141,-0.180816,-0.306908,0.074845,0.146152,0.008909,0.126454,0.138422,0.057955,0.197757,0.261322,0.306728,0.283213,0.174343,0.334192,0.600813,0.466051
1.180852,0.482580,0.593093,0.526272,0.451416,0.366438,1.077172,0.633067,0.644902,0.172806,0.000000,1.018215,1.470111,0.882764,0.748504,0.176359,0.711097,0.371923,0.885515,0.785869,0.504832,0.296678,0.866373,0.858204,0.676230,0.673727,0.243359,0.135743,0.555777,0.354850,0.621237,0.480975,0.559694,0.575976,0.601274,0.534634,0.297800,0.340464,0.436531,0.419471,0.196458,0.285869,0.467162,0.484959,0.358709,0.248791,0.437271,0.453585,0.004044,0.081944,0.366026,0.252660,0.288311,0.303558,0.559095,0.393169,0.660730,0.414918,0.314943,0.140987,0.881128,0.685154,0.466609,0.495270,1.145553,0.891561,0.344775,0.177396,0.536990,0.508902,0.388827,0.226179,0.631565,0.483251,0.574793,0.483322,0.698511,0.587122,0.575612,0.381411,0.659260,0.429220,0.387530,0.366168,0.639423,0.511481,0.446694,0.392160,0.597506,0.370001
0.971991,0.657689,0.412127,0.574980,0.236292,0.184700,0.865007,0.805765,0.333042,-0.049613,1.018215,0.000000,1.011716,1.231480,0.342606,-0.027047,0.611074,0.379224,0.590516,0.768491,0.280463,0.143479,0.527284,0.663359,0.284059,0.390205,0.066742,-0.030524,0.576484,0.483927,0.543511,0.567775,0.669645,0.772157,0.328422,0.407130,0.257812,0.267888,0.345353,0.411420,0.164368,0.303443,0.279773,0.402052,0.246936,0.321400,0.368356,0.446611,0.036040,0.234460,0.251754,0.278849,0.224452,0.240369,0.536293,0.426248,0.535068,0.366963,0.255826,0.298963,0.638925,0.861525,0.381877,0.550637,0.718061,0.960224,0.188715,0.053133,0.364660,0.355238,0.208052,0.160892,0.650319,0.660958,0.557933,0.593678,0.602875,0.632434,0.543240,0.379707,0.553246,0.451305,0.353705,0.266423,0.510428,0.498310,0.369303,0.321288,0.311036,0.291280
1.090731,0.458586,0.485835,0.371911,0.320131,0.239093,0.925652,0.496481,0.437276,-0.039265,1.470111,1.011716,0.000000,1.144873,0.646016,0.050537,0.873123,0.510368,0.635011,0.649092,0.453834,0.211039,0.707404,0.652956,0.512478,0.553832,0.154398,0.023132,0.764038,0.556690,0.658124,0.486526,0.663824,0.690225,0.463149,0.400223,0.330937,0.360262,0.449190,0.495738,0.225777,0.332275,0.371023,0.526601,0.382754,0.332980,0.365299,0.570334,0.041377,0.179898,0.310887,0.280022,0.237175,0.312671,0.556990,0.511422,0.676563,0.431328,0.244845,0.165098,0.751434,0.666143,0.550554,0.591168,0.905629,0.770925,0.239562,0.053039,0.481819,0.353692,0.357566,0.200649,0.808773,0.728130,0.724714,0.687280,0.782437,0.638926,0.714260,0.441988,0.718187,0.556958,0.343932,0.335502,0.620444,0.510852,0.310257,0.313388,0.368093,0.249113
0.680864,0.493362,0.332647,0.373355,0.347197,0.337343,0.635095,0.526027,0.322131,-0.134687,0.882764,1.231480,1.144873,0.000000,0.260809,-0.181347,0.662907,0.538336,0.450857,0.601526,0.424852,0.298380,0.490477,0.601415,0.399767,0.479145,0.117469,0.013616,0.573754,0.527346,0.496960,0.468980,0.637901,0.671045,0.325213,0.341765,0.238380,0.269142,0.421048,0.415326,0.181014,0.308730,0.319702,0.469972,0.315149,0.399451,0.372414,0.485733,0.107198,0.231508,0.243378,0.245670,0.225301,0.274751,0.486678,0.395580,0.607181,0.423011,0.252149,0.230510,0.535601,0.664913,0.464400,0.623335,0.579330,0.670230,0.229941,0.100594,0.380205,0.332990,0.402505,0.285621,0.629078,0.684611,0.522015,0.588055,0.609006,0.625823,0.587114,0.493572,0.598951,0.501895,0.243120,0.116600,0.446615,0.436636,0.216238,0.102054,0.244123,0.230973
0.587311,0.331499,0.461931,0.333381,0.406000,0.303709,0.637741,0.264601,0.641248,0.364891,0.748504,0.342606,0.646016,0.260809,0.000000,0.578951,0.603491,0.347256,0.499308,0.432177,0.403206,0.203775,0.643413,0.518472,0.606746,0.711948,0.436881,0.391376,0.618684,0.369610,0.735249,0.553241,0.482084,0.494804,0.611511,0.364873,0.353726,0.493101,0.382218,0.427204,0.390588,0.449081,0.386169,0.501628,0.484578,0.401258,0.471231,0.472388,0.212819,0.281823,0.647682,0.511697,0.409164,0.316801,0.538579,0.556927,0.469478,0.393698,0.423722,0.252672,0.737969,0.468485,0.666827,0.424852,0.759522,0.508179,0.524893,0.325877,0.420741,0.512521,0.409645,0.308617,0.432470,0.289570,0.419991,0.277188,0.549152,0.520788,0.489934,0.354956,0.733529,0.528372,0.655180,0.770280,1.009620,0.802873,0.674622,0.745134,0.573104,0.437725
0.215722,0.194793,0.209909,0.389289,0.127008,0.101167,0.321969,0.377105,0.354109,0.503243,0.176359,-0.027047,0.050537,-0.181347,0.578951,0.000000,0.213403,0.131173,0.328804,0.328602,-0.080398,-0.080420,0.183697,0.279259,0.136263,0.264283,0.164094,0.267736,0.186743,0.144284,0.239979,0.302786,0.142736,0.216951,0.262198,0.209832,0.075138,0.194982,0.009212,0.174675,0.101749,0.238668,0.242240,0.269521,0.254089,0.287695,0.229184,0.221203,0.099312,0.142986,0.296457,0.274985,0.231729,0.170601,0.243042,0.238724,0.123513,0.096668,0.240451,0.193094,0.380381,0.327177,0.245621,0.119882,0.366925,0.366505,0.327831,0.228031,0.156950,0.261408,0.065392,0.147867,0.059067,0.024004,0.097547,0.014097,0.077668,0.174739,0.136909,0.039691,0.263503,0.182808,0.474907,0.845554,0.397255,0.368415,0.307111,0.765586,0.375063,0.381164
0.752492,0.631887,0.315876,0.309626,0.292415,0.226593,0.653413,0.383833,0.276028,0.018373,0.711097,0.611074,0.873123,0.662907,0.603491,0.213403,0.000000,1.131047,0.510155,0.730728,0.402137,0.258118,0.600558,0.538869,0.363726,0.493090,-0.040432,-0.057145,1.181697,0.834072,0.675878,0.537870,1.098071,1.008786,0.259869,0.149661,0.623581,0.678509,0.730879,0.794021,0.499237,0.538612,0.419375,0.690223,0.363606,0.422463,0.600255,0.833573,0.176484,0.361204,0.399946,0.399357,0.347865,0.388618,0.826543,0.872123,1.018313,0.681751,0.350395,0.309456,0.679123,0.734826,0.933808,1.043166,0.419080,0.482645,0.334838,0.118604,0.566649,0.574477,0.453980,0.290411,1.092483,1.014374,0.842726,0.844140,0.875021,0.874890,1.239050,0.897687,1.358375,1.161556,0.641370,0.712011,0.796977,0.689177,0.400982,0.429329,0.406968,0.425089
0.302806,0.555366,0.087275,0.161901,0.120006,0.212031,0.331567,0.234801,0.127416,0.032306,0.371923,0.379224,0.510368,0.538336,0.347256,0.131173,1.131047,0.000000,0.305698,0.558316,0.181247,0.215703,0.247929,0.296610,0.170667,0.375382,-0.078898,-0.065523,1.004243,0.983462,0.515728,0.521574,0.884864,0.834152,0.074781,0.008600,0.358913,0.534863,0.490092,0.650539,0.401850,0.589833,0.266288,0.489760,0.307447,0.446867,0.541132,0.602617,0.144467,0.287495,0.192950,0.184577,0.236817,0.245011,0.552228,0.665755,0.971252,0.871296,0.232021,0.284236,0.432261,0.661544,1.023812,1.252864,0.160284,0.240684,0.195691,0.063505,0.258838,0.431691,0.381025,0.355999,0.728634,0.896148,0.545434,0.628611,0.554940,0.686174,0.893793,1.150592,1.185275,1.428068,0.486005,0.634595,0.638229,0.652285,0.199554,0.314359,0.181023,0.351685
0.913552,0.639774,0.866671,0.730684,0.399804,0.228967,0.997438,0.664543,0.378206,0.144113,0.885515,0.590516,0.635011,0.450857,0.499308,0.328804,0.510155,0.305698,0.000000,1.066130,0.283033,0.211788,0.803094,0.863321,0.508114,0.501991,0.169489,0.081394,0.363214,0.200935,0.617895,0.485504,0.639878,0.672504,0.685571,0.549126,0.228882,0.379966,0.361819,0.381605,0.185120,0.151849,0.818032,0.635461,0.568734,0.347553,0.693759,0.581910,0.185325,0.201227,0.510123,0.349231,0.527914,0.556356,0.659487,0.427374,0.656816,0.530397,0.472253,0.208498,0.790883,0.591620,0.391391,0.413489,0.699533,0.552271,0.609094,0.504072,0.436609,0.775925,0.244468,0.243883,0.404087,0.307193,0.386776,0.281906,0.564077,0.530778,0.374173,0.328823,0.535654,0.365603,0.315533,0.382396,0.485429,0.405269,0.404445,0.488217,0.595839,0.512382
0.748214,0.719660,0.491949,0.723945,0.261592,0.166559,0.821380,0.707836,0.296645,0.043371,0.785869,0.768491,0.649092,0.601526,0.432177,0.328602,0.730728,0.558316,1.066130,0.000000,0.223173,0.173280,0.688022,0.810810,0.335814,0.457617,0.019860,0.015012,0.638957,0.471530,0.733889,0.707891,0.843764,0.918149,0.404403,0.366972,0.334724,0.420672,0.444069,0.488535,0.201642,0.293176,0.593810,0.628522,0.464417,0.458784,0.606027,0.629573,0.098970,0.195071,0.350232,0.222018,0.365092,0.338459,0.729726,0.541288,0.713288,0.519037,0.280196,0.229277,0.586202,0.780985,0.515980,0.575818,0.585720,0.642733,0.430294,0.305798,0.582096,0.784086,0.300692,0.276197,0.615125,0.570649,0.488376,0.451743,0.602263,0.637829,0.552804,0.485685,0.747060,0.587143,0.398765,0.501452,0.546334,0.485786,0.440932,0.484306,0.469549,0.434167
0.339410,0.147782,0.367013,0.217993,0.975135,0.790620,0.313545,0.141040,0.521452,0.130643,0.504832,0.280463,0.453834,0.424852,0.403206,-0.080398,0.402137,0.181247,0.283033,0.223173,0.000000,1.190358,0.599333,0.573338,1.011825,0.700837,0.442312,0.278123,0.194567,0.072460,0.373306,0.189039,0.237774,0.175351,0.492992,0.336764,0.348750,0.305820,0.652293,0.400520,0.155977,0.004040,0.418747,0.374658,0.263245,0.113354,0.365252,0.284614,0.098570,0.057846,0.393525,0.269028,0.246211,0.299222,0.421056,0.217372,0.431079,0.290660,0.354360,0.053159,0.406646,0.156834,0.223500,0.286976,0.432078,0.270085,0.474616,0.360473,0.413874,0.440158,0.619649,0.400515,0.303011,0.142463,0.299400,0.258572,0.418164,0.290890,0.445816,0.363908,0.386546,0.232650,0.168270,-0.024089,0.231321,0.178637,0.423833,0.012113,0.563275,0.291261
0.153285,0.221615,0.237150,0.204516,0.993892,1.052885,0.173993,0.141255,0.445987,0.201566,0.296678,0.143479,0.211039,0.298380,0.203775,-0.080420,0.258118,0.215703,0.211788,0.173280,1.190358,0.000000,0.350385,0.437331,0.868767,0.584628,0.368430,0.259922,0.023996,0.017144,0.132317,0.041727,0.101312,0.070358,0.344895,0.330930,0.251393,0.279496,0.575983,0.362917,0.140022,0.023622,0.451493,0.379246,0.297568,0.167639,0.376360,0.225823,0.217665,0.127186,0.389057,0.231810,0.256979,0.335031,0.352363,0.128729,0.393716,0.340267,0.427067,0.160879,0.313086,0.154059,0.182420,0.321586,0.236247,0.181128,0.507982,0.472446,0.215654,0.450571,0.622141,0.530637,0.081564,0.001270,0.048746,0.033671,0.325814,0.293439,0.256396,0.392741,0.298091,0.184902,0.124966,-0.070524,0.115312,0.089991,0.340952,-0.036385,0.604947,0.440828
0.738383,0.274061,0.936866,0.529029,0.597889,0.309438,0.875424,0.374226,0.534505,0.131116,0.866373,0.527284,0.707404,0.490477,0.643413,0.183697,0.600558,0.247929,0.803094,0.688022,0.599333,0.350385,0.000000,1.264047,0.875479,0.669902,0.163396,0.019934,0.401435,0.136107,0.827853,0.480318,0.568373,0.486982,0.800940,0.555958,0.614755,0.543268,0.767768,0.543756,0.235810,0.094032,0.606698,0.495184,0.384444,0.211607,0.597043,0.535914,-0.012522,0.067472,0.553585,0.404844,0.521474,0.508616,0.845669,0.558522,0.588292,0.319234,0.242442,-0.018625,0.554152,0.371471,0.351308,0.283964,0.768777,0.521203,0.589934,0.395579,0.967685,0.760810,0.534702,0.266025,0.583314,0.325275,0.515000,0.367373,0.644578,0.510996,0.559710,0.338612,0.573649,0.310074,0.349394,0.280326,0.566941,0.424293,0.566324,0.362453,0.723551,0.397485
0.728024,0.465929,0.932714,0.984282,0.702897,0.529749,1.008438,0.808438,0.608915,0.277979,0.858204,0.663359,0.652956,0.601415,0.518472,0.279259,0.538869,0.296610,0.863321,0.810810,0.573338,0.437331,1.264047,0.000000,0.875103,0.873302,0.248504,0.092505,0.358742,0.201083,0.739101,0.616387,0.579926,0.632310,0.884174,0.826805,0.503384,0.506763,0.711382,0.579551,0.186974,0.130295,0.676428,0.538383,0.481348,0.356823,0.672679,0.514624,0.063819,0.104786,0.556489,0.447736,0.507007,0.516172,0.820214,0.478503,0.632248,0.425431,0.353702,0.174080,0.711923,0.659695,0.382948,0.418216,0.895834,0.830348,0.669194,0.566955,0.665080,0.787241,0.532189,0.403572,0.467531,0.283892,0.388337,0.324535,0.610915,0.586363,0.512802,0.407401,0.562804,0.340903,0.337529,0.322528,0.560207,0.520983,0.510276,0.424866,0.806457,0.605895
0.431233,0.212221,0.585774,0.388870,1.247031,1.026566,0.502552,0.268510,0.881404,0.443993,0.676230,0.284059,0.512478,0.399767,0.606746,0.136263,0.363726,0.170667,0.508114,0.335814,1.011825,0.868767,0.875479,0.875103,0.000000,1.034984,0.612599,0.409236,0.129016,-0.014406,0.444269,0.232150,0.250260,0.204471,0.873742,0.662070,0.404888,0.424950,0.647226,0.389640,0.136267,-0.000727,0.682590,0.521389,0.491652,0.273445,0.552834,0.394989,0.194581,0.112433,0.652290,0.422277,0.519396,0.533205,0.555469,0.259782,0.518144,0.370538,0.476437,0.091366,0.611008,0.273987,0.328314,0.287736,0.686848,0.443489,0.773928,0.645827,0.545005,0.665709,0.712837,0.458908,0.159369,-0.014768,0.164226,0.023453,0.421414,0.346136,0.335743,0.333261,0.424535,0.180232,0.219383,0.079783,0.428165,0.322541,0.447591,0.188873,0.897233,0.518442
0.484239,0.381251,0.606893,0.551820,0.681986,0.803631,0.588401,0.381149,0.751977,0.432504,0.673727,0.390205,0.553832,0.479145,0.711948,0.264283,0.493090,0.375382,0.501991,0.457617,0.700837,0.584628,0.669902,0.873302,1.034984,0.000000,0.372207,0.295908,0.407210,0.303807,0.670243,0.597716,0.463875,0.479970,0.893665,0.750888,0.438273,0.421211,0.663832,0.595585,0.243133,0.215280,0.591149,0.593054,0.641695,0.544411,0.539179,0.544477,0.256197,0.293835,0.690559,0.632157,0.447014,0.445304,0.629843,0.502738,0.629041,0.563907,0.511101,0.340161,0.653288,0.534073,0.570851,0.478234,0.743689,0.603182,0.782824,0.600872,0.348437,0.555545,0.496557,0.416324,0.372841,0.238688,0.342545,0.208770,0.481916,0.484685,0.557290,0.529299,0.642603,0.487449,0.403310,0.351513,0.749597,0.772820,0.612271,0.453011,0.621460,0.576788
0.089114,0.053716,0.040207,0.089569,0.624904,0.606384,0.075047,0.117534,0.560930,0.423552,0.243359,0.066742,0.154398,0.117469,0.436881,0.164094,-0.040432,-0.078898,0.169489,0.019860,0.442312,0.368430,0.163396,0.248504,0.612599,0.372207,0.000000,1.294659,-0.118750,-0.135843,0.187300,0.129973,0.016885,-0.003803,0.418948,0.320854,-0.106559,0.024664,0.102929,-0.073831,0.083286,0.052507,0.326532,0.258561,0.312130,0.245160,0.283855,0.128942,0.213834,0.085169,0.339948,0.199275,0.396693,0.240596,0.144891,-0.038880,0.152319,0.158060,0.370014,0.094165,0.386216,0.104480,0.135813,0.062367,0.322707,0.186572,0.402746,0.402574,0.219250,0.330104,0.285612,0.288699,-0.282959,-0.325542,-0.188025,-0.308098,0.083408,0.105948,-0.082815,0.050320,0.081800,-0.054391,0.126577,-0.015753,0.220609,0.160412,0.122294,0.057443,0.530472,0.302186
-0.006390,0.059551,-0.116061,-0.013888,0.412636,0.521280,-0.068553,0.013082,0.605939,0.531777,0.135743,-0.030524,0.023132,0.013616,0.391376,0.267736,-0.057145,-0.065523,0.081394,0.015012,0.278123,0.259922,0.019934,0.092505,0.409236,0.295908,1.294659,0.000000,-0.105827,-0.108149,0.100610,0.135422,0.004332,-0.043631,0.225075,0.148677,-0.110391,-0.059249,-0.016384,-0.119690,0.092824,0.103955,0.261876,0.221088,0.284812,0.281280,0.260192,0.060813,0.262921,0.121698,0.290382,0.151902,0.337580,0.157283,0.083773,-0.080782,0.131757,0.158430,0.382794,0.121981,0.316694,0.093823,0.131554,0.044661,0.195453,0.111144,0.339058,0.341906,0.175795,0.331963,0.225713,0.156137,-0.376777,-0.342833,-0.337229,-0.445517,0.000636,0.076168,-0.084839,0.065961,0.091530,-0.019479,0.137250,0.072130,0.194963,0.144834,0.089430,0.101097,0.460627,0.294679
0.522555,0.449340,0.211046,0.230374,0.012256,-0.031075,0.490755,0.280383,0.093803,-0.087790,0.555777,0.576484,0.764038,0.573754,0.618684,0.186743,1.181697,1.004243,0.363214,0.638957,0.194567,0.023996,0.401435,0.358742,0.129016,0.407210,-0.118750,-0.105827,0.000000,1.456119,0.864363,0.824332,1.004001,1.026136,0.146651,0.014854,0.488019,0.537938,0.490211,0.723527,0.513808,0.638593,0.170389,0.470391,0.301472,0.434793,0.422439,0.628079,0.037762,0.252119,0.203436,0.265488,0.141750,0.167236,0.585208,0.798076,0.686798,0.561109,0.084234,0.217440,0.417017,0.635467,0.909799,0.819000,0.356258,0.368536,0.134287,-0.027679,0.380193,0.351614,0.251023,0.136392,1.103330,1.171320,0.797016,0.851898,0.582199,0.620133,1.182042,0.829307,1.216562,1.274392,0.672863,0.789604,0.837176,0.828542,0.397735,0.459877,0.107862,0.202487
0.335324,0.424958,0.041613,0.174958,-0.070350,-0.021393,0.311620,0.280099,0.003860,-0.104511,0.354850,0.483927,0.556690,0.527346,0.369610,0.144284,0.834072,0.983462,0.200935,0.471530,0.072460,0.017144,0.136107,0.201083,-0.014406,0.303807,-0.135843,-0.108149,1.456119,0.000000,0.593933,0.714114,0.756445,0.827842,-0.003859,-0.045706,0.340014,0.360591,0.330295,0.645688,0.363659,0.618306,0.039433,0.374212,0.241380,0.445606,0.290569,0.477906,0.040434,0.265715,0.074129,0.177841,0.073554,0.097828,0.416488,0.616645,0.556269,0.517740,0.058212,0.251410,0.318570,0.614065,0.748739,0.791001,0.218967,0.312817,0.004591,-0.094516,0.150872,0.200260,0.135852,0.109765,0.781658,0.988673,0.604728,0.675242,0.419376,0.509596,0.895741,0.769513,0.891512,1.115935,0.565419,0.701696,0.596954,0.694807,0.243137,0.360388,-0.011279,0.154757
0.604923,0.394837,0.549275,0.431920,0.203432,0.084196,0.614945,0.314583,0.243079,0.038189,0.621237,0.543511,0.658124,0.496960,0.735249,0.239979,0.675878,0.515728,0.617895,0.733889,0.373306,0.132317,0.827853,0.739101,0.444269,0.670243,0.187300,0.100610,0.864363,0.593933,0.000000,1.428808,0.981311,0.942034,0.686781,0.425572,0.528073,0.636219,0.676410,0.728103,0.459491,0.409574,0.424566,0.609534,0.574490,0.579337,0.581880,0.746978,0.076984,0.268770,0.497327,0.492696,0.410596,0.361493,0.787085,0.844349,0.633524,0.549871,0.180020,0.208680,0.484957,0.556627,0.683601,0.526948,0.599682,0.431004,0.494095,0.315073,0.547186,0.570420,0.382201,0.309117,0.790940,0.656558,0.702479,0.604006,0.685283,0.685738,0.760651,0.582101,0.876150,0.738984,0.599621,0.563244,0.953259,0.926798,0.582934,0.568029,0.369295,0.319456
0.465235,0.451160,0.375060,0.498050,0.067060,0.076117,0.519569,0.444335,0.198317,0.120194,0.480975,0.567775,0.486526,0.468980,0.553241,0.302786,0.537870,0.521574,0.485504,0.707891,0.189039,0.041727,0.480318,0.616387,0.232150,0.597716,0.129973,0.135422,0.824332,0.714114,1.428808,0.000000,0.915634,1.019616,0.508869,0.393828,0.326890,0.460796,0.429992,0.612623,0.403896,0.483480,0.283682,0.475008,0.530408,0.689561,0.489437,0.579532,0.096549,0.277127,0.355890,0.398094,0.289188,0.209921,0.607905,0.675087,0.543500,0.551588,0.176558,0.307647,0.452467,0.730657,0.683011,0.576455,0.547839,0.521485,0.382456,0.261632,0.329637,0.458694,0.236030,0.242479,0.647722,0.662797,0.555876,0.524544,0.525956,0.643465,0.661939,0.577866,0.808776,0.775168,0.594746,0.623194,0.876385,1.003339,0.500934,0.625283,0.250769,0.306638
0.703567,0.783386,0.389134,0.455297,0.139379,0.091983,0.637365,0.421640,0.152760,-0.011895,0.559694,0.669645,0.663824,0.637901,0.482084,0.142736,1.098071,0.884864,0.639878,0.843764,0.237774,0.101312,0.568373,0.579926,0.250260,0.463875,0.016885,0.004332,1.004001,0.756445,0.981311,0.915634,0.000000,1.667498,0.352928,0.265778,0.521781,0.641719,0.598877,0.758573,0.494047,0.553465,0.507149,0.798227,0.597280,0.705094,0.785976,0.989430,0.324803,0.557957,0.526771,0.567732,0.527367,0.503592,0.928497,0.938605,0.945354,0.795555,0.406013,0.509987,0.675946,0.905191,1.023938,0.970458,0.380937,0.503703,0.504616,0.301101,0.511330,0.687610,0.325498,0.268940,0.909774,0.926803,0.721030,0.687882,0.927279,1.011846,0.923500,0.813280,1.124185,1.109644,0.595727,0.612803,0.904414,0.881112,0.434008,0.512562,0.343903,0.507093
0.762836,0.860249,0.436462,0.620017,0.136432,0.103546,0.793558,0.628476,0.142471,0.009130,0.575976,0.772157,0.690225,0.671045,0.494804,0.216951,1.008786,0.834152,0.672504,0.918149,0.175351,0.070358,0.486982,0.632310,0.204471,0.479970,-0.003803,-0.043631,1.026136,0.827842,0.942034,1.019616,1.667498,0.000000,0.396517,0.364306,0.445999,0.605325,0.540377,0.724834,0.467864,0.550786,0.469954,0.765608,0.637497,0.791505,0.682719,0.937033,0.335492,0.544205,0.495658,0.543423,0.445752,0.435048,0.821261,0.864762,0.833673,0.748694,0.419227,0.553221,0.737863,1.122335,0.949358,0.995999,0.503674,0.675670,0.461975,0.299854,0.360636,0.575370,0.242377,0.265070,0.904235,0.942463,0.723364,0.721381,0.811840,0.977348,0.829857,0.746240,1.056860,1.070973,0.612083,0.685355,0.912153,0.977777,0.423292,0.592765,0.323016,0.490778
0.533492,0.226848,0.844275,0.550660,0.614526,0.479746,0.675560,0.383039,0.518435,0.245084,0.601274,0.328422,0.463149,0.325213,0.611511,0.262198,0.259869,0.074781,0.685571,0.404403,0.492992,0.344895,0.800940,0.884174,0.873742,0.893665,0.418948,0.225075,0.146651,-0.003859,0.686781,0.508869,0.352928,0.396517,0.000000,1.273986,0.274731,0.417673,0.453148,0.408893,0.216814,0.120677,0.719284,0.562956,0.788712,0.501307,0.568153,0.499864,0.317611,0.230026,0.764863,0.599035,0.538724,0.494433,0.558566,0.364856,0.412235,0.313405,0.446970,0.123354,0.592845,0.331498,0.290569,0.199409,0.828769,0.533401,0.891401,0.779292,0.357910,0.502260,0.362300,0.384250,0.233374,0.084038,0.312488,0.115970,0.437496,0.383326,0.230410,0.146361,0.327082,0.135739,0.301280,0.210159,0.549409,0.517421,0.514461,0.428478,0.573739,0.427833
0.477680,0.266099,0.666819,0.636187,0.521355,0.512191,0.627819,0.544433,0.483288,0.283694,0.534634,0.407130,0.400223,0.341765,0.364873,0.209832,0.149661,0.008600,0.549126,0.366972,0.336764,0.330930,0.555958,0.826805,0.662070,0.750888,0.320854,0.148677,0.014854,-0.045706,0.425572,0.393828,0.265778,0.364306,1.273986,0.000000,0.165610,0.270474,0.339900,0.311620,0.049748,0.053372,0.604290,0.479310,0.698437,0.511022,0.388889,0.369161,0.267785,0.209018,0.578166,0.500191,0.439959,0.431438,0.433151,0.211711,0.326337,0.259624,0.391867,0.215423,0.589455,0.452295,0.205165,0.193558,0.828602,0.744061,0.686236,0.730866,0.222953,0.388259,0.220750,0.287577,0.097903,-0.005830,0.144978,0.001631,0.371055,0.349067,0.128592,0.086803,0.185337,0.035164,0.163814,0.105803,0.396410,0.402794,0.359999,0.362955,0.531480,0.446222
0.389137,0.314529,0.386388,0.269458,0.283588,0.180301,0.336526,0.173184,0.247557,0.076307,0.297800,0.257812,0.330937,0.238380,0.353726,0.075138,0.623581,0.358913,0.228882,0.334724,0.348750,0.251393,0.614755,0.503384,0.404888,0.438273,-0.106559,-0.110391,0.488019,0.340014,0.528073,0.326890,0.521781,0.445999,0.274731,0.165610,0.000000,0.829107,0.999451,0.824578,0.432193,0.288125,0.309121,0.399650,0.268395,0.246894,0.420334,0.430361,0.130209,0.266696,0.446353,0.470549,0.340163,0.414194,0.666695,0.641675,0.461480,0.319969,0.237750,0.196517,0.296258,0.299047,0.319885,0.342227,0.273605,0.251569,0.334585,0.238301,0.437525,0.428821,0.467428,0.266504,0.508584,0.396957,0.337087,0.296127,0.596888,0.489833,0.655000,0.510017,0.515256,0.435426,0.399978,0.378059,0.411440,0.383415,0.357504,0.280863,0.388958,0.370731
0.437766,0.492864,0.400400,0.329498,0.291276,0.193605,0.416919,0.269889,0.154808,0.051037,0.340464,0.267888,0.360262,0.269142,0.493101,0.194982,0.678509,0.534863,0.379966,0.420672,0.305820,0.279496,0.543268,0.506763,0.424950,0.421211,0.024664,-0.059249,0.537938,0.360591,0.636219,0.460796,0.641719,0.605325,0.417673,0.270474,0.829107,0.000000,0.865014,0.999475,0.714509,0.410693,0.404766,0.540514,0.476195,0.409188,0.650582,0.617725,0.248713,0.347230,0.563501,0.511162,0.457458,0.528079,0.742117,0.829534,0.637280,0.567990,0.378701,0.364362,0.494338,0.499976,0.579344,0.651927,0.311754,0.315313,0.569474,0.429797,0.377937,0.598489,0.616527,0.606378,0.502749,0.477406,0.337263,0.346971,0.609193,0.699206,0.562644,0.641916,0.718261,0.616230,0.601194,0.483923,0.658002,0.596284,0.460295,0.466540,0.476652,0.568743
0.461441,0.367800,0.469925,0.385555,0.507990,0.388607,0.451819,0.266634,0.277937,0.066332,0.436531,0.345353,0.449190,0.421048,0.382218,0.009212,0.730879,0.490092,0.361819,0.444069,0.652293,0.575983,0.767768,0.711382,0.647226,0.663832,0.102929,-0.016384,0.490211,0.330295,0.676410,0.429992,0.598877,0.540377,0.453148,0.339900,0.999451,0.865014,0.000000,0.994343,0.540406,0.274795,0.469465,0.585527,0.409505,0.361586,0.534749,0.673091,0.113527,0.231957,0.509678,0.485127,0.378126,0.449493,0.842984,0.764353,0.618731,0.443200,0.310803,0.214715,0.400383,0.387325,0.474370,0.489117,0.378315,0.345638,0.552138,0.353635,0.581628,0.568776,0.573124,0.386078,0.647525,0.487776,0.476177,0.456477,0.640924,0.635164,0.735273,0.678800,0.725836,0.553504,0.497501,0.308869,0.588580,0.514544,0.479766,0.226142,0.573201,0.459306
0.500485,0.534615,0.466491,0.416559,0.236187,0.211155,0.500039,0.387481,0.173149,0.035215,0.419471,0.411420,0.495738,0.415326,0.427204,0.174675,0.794021,0.650539,0.381605,0.488535,0.400520,0.362917,0.543756,0.579551,0.389640,0.595585,-0.073831,-0.119690,0.723527,0.645688,0.728103,0.612623,0.758573,0.724834,0.408893,0.311620,0.824578,0.999475,0.994343,0.000000,0.585192,0.519509,0.405071,0.653478,0.549466,0.551417,0.636734,0.773862,0.225222,0.441637,0.546502,0.617552,0.416363,0.548669,0.929381,1.056594,0.703400,0.618045,0.368462,0.367123,0.494258,0.619854,0.622610,0.703110,0.387660,0.447948,0.503123,0.360101,0.362620,0.541071,0.360768,0.359638,0.724495,0.724344,0.592170,0.589618,0.675943,0.676427,0.959288,0.790227,0.879477,0.816473,0.754897,0.581731,0.718365,0.694197,0.535116,0.526597,0.427506,0.593297
0.280007,0.344733,0.209990,0.093996,0.066283,0.025244,0.208937,0.077786,0.007411,-0.057452,0.196458,0.164368,0.225777,0.181014,0.390588,0.101749,0.499237,0.401850,0.185120,0.201642,0.155977,0.140022,0.235810,0.186974,0.136267,0.243133,0.083286,0.092824,0.513808,0.363659,0.459491,0.403896,0.494047,0.467864,0.216814,0.049748,0.432193,0.714509,0.540406,0.585192,0.000000,0.557292,0.249123,0.388993,0.330216,0.283960,0.480924,0.478121,0.297066,0.330413,0.385579,0.342465,0.273467,0.276036,0.458101,0.559512,0.439958,0.432237,0.330135,0.303375,0.313966,0.297487,0.509428,0.497370,0.069239,0.064214,0.321666,0.246008,0.179985,0.360921,0.190318,0.189129,0.387991,0.433537,0.313255,0.313705,0.394029,0.549802,0.463427,0.509629,0.615237,0.575381,0.876499,0.490368,0.575179,0.567432,0.425449,0.298934,0.261241,0.394271
0.245840,0.334937,0.049126,0.157330,-0.030724,0.015060,0.241811,0.246966,0.060664,0.073814,0.285869,0.303443,0.332275,0.308730,0.449081,0.238668,0.538612,0.589833,0.151849,0.293176,0.004040,0.023622,0.094032,0.130295,-0.000727,0.215280,0.052507,0.103955,0.638593,0.618306,0.409574,0.483480,0.553465,0.550786,0.120677,0.053372,0.288125,0.410693,0.274795,0.519509,0.557292,0.000000,0.105371,0.352777,0.320411,0.430591,0.402847,0.368524,0.253093,0.319020,0.235580,0.221542,0.150323,0.122350,0.359266,0.511121,0.386314,0.361932,0.213314,0.329381,0.350848,0.454477,0.651233,0.543136,0.166119,0.229794,0.179098,0.106610,0.109122,0.268052,0.158707,0.253989,0.475856,0.613159,0.427531,0.429174,0.490388,0.648094,0.441361,0.404721,0.605924,0.634565,0.687961,0.762220,0.608902,0.607663,0.428197,0.505322,0.115484,0.363507
0.503203,0.553153,0.671211,0.496698,0.564934,0.503152,0.570538,0.380820,0.369761,0.146322,0.467162,0.279773,0.371023,0.319702,0.386169,0.242240,0.419375,0.266288,0.818032,0.593810,0.418747,0.451493,0.606698,0.676428,0.682590,0.591149,0.326532,0.261876,0.170389,0.039433,0.424566,0.283682,0.507149,0.469954,0.719284,0.604290,0.309121,0.404766,0.469465,0.405071,0.249123,0.105371,0.000000,1.181968,0.992505,0.628486,1.070257,0.897543,0.684308,0.543867,0.863289,0.650315,0.922084,0.945172,0.914396,0.489947,0.658533,0.591895,0.738872,0.279590,0.655786,0.435245,0.428350,0.367792,0.352027,0.338423,0.931636,0.929272,0.411437,0.824651,0.381146,0.349168,0.177444,0.122003,0.189938,0.087023,0.509834,0.448281,0.303827,0.311248,0.476109,0.279832,0.282176,0.196537,0.378633,0.284417,0.468619,0.256045,0.749704,0.702544
0.597580,0.646527,0.454652,0.419120,0.384225,0.376351,0.538920,0.396540,0.260327,0.074074,0.484959,0.402052,0.526601,0.469972,0.501628,0.269521,0.690223,0.489760,0.635461,0.628522,0.374658,0.379246,0.495184,0.538383,0.521389,0.593054,0.258561,0.221088,0.470391,0.374212,0.609534,0.475008,0.798227,0.765608,0.562956,0.479310,0.399650,0.540514,0.585527,0.653478,0.388993,0.352777,1.181968,0.000000,1.135218,0.959935,0.929455,1.433661,0.761251,0.847071,0.918656,0.849226,0.832166,0.933731,1.020693,0.780123,0.738947,0.630869,0.724264,0.442953,0.687681,0.597873,0.650893,0.592007,0.366995,0.427987,0.860478,0.723404,0.432835,0.713685,0.356368,0.375014,0.399005,0.403492,0.383749,0.299919,0.709756,0.685796,0.562176,0.503115,0.729835,0.551346,0.525506,0.425851,0.634314,0.546735,0.475550,0.432594,0.614923,0.667730
0.408962,0.549748,0.564902,0.469328,0.350274,0.369741,0.521836,0.355575,0.266603,0.151117,0.358709,0.246936,0.382754,0.315149,0.484578,0.254089,0.363606,0.307447,0.568734,0.464417,0.263245,0.297568,0.384444,0.481348,0.491652,0.641695,0.312130,0.284812,0.301472,0.241380,0.574490,0.530408,0.597280,0.637497,0.788712,0.698437,0.268395,0.476195,0.409505,0.549466,0.330216,0.320411,0.992505,1.135218,0.000000,1.301792,0.855821,0.950108,0.937869,0.810100,1.003954,0.824780,0.851510,0.872353,0.826759,0.621220,0.541727,0.609452,0.750340,0.471973,0.660896,0.546305,0.628565,0.457546,0.428326,0.412197,1.010023,0.940960,0.209221,0.616418,0.306577,0.379654,0.209230,0.238307,0.211012,0.105561,0.586788,0.610209,0.291135,0.348466,0.543536,0.426522,0.405007,0.328764,0.634886,0.583508,0.433842,0.466405,0.483805,0.651695
0.278926,0.505891,0.243453,0.387587,0.201901,0.302030,0.353335,0.355616,0.201721,0.136581,0.248791,0.321400,0.332980,0.399451,0.401258,0.287695,0.422463,0.446867,0.347553,0.458784,0.113354,0.167639,0.211607,0.356823,0.273445,0.544411,0.245160,0.281280,0.434793,0.445606,0.579337,0.689561,0.705094,0.791505,0.501307,0.511022,0.246894,0.409188,0.361586,0.551417,0.283960,0.430591,0.628486,0.959935,1.301792,0.000000,0.670307,0.860492,0.755928,0.900831,0.726112,0.785844,0.639455,0.556764,0.691998,0.641210,0.440288,0.501813,0.549167,0.550087,0.508771,0.666401,0.702820,0.535468,0.358324,0.468122,0.764324,0.655243,0.228516,0.430026,0.275272,0.352345,0.280340,0.390842,0.258886,0.173862,0.509475,0.646211,0.392988,0.454527,0.614141,0.547923,0.462656,0.431208,0.696248,0.701341,0.339578,0.468288,0.309084,0.511741
0.437996,0.632006,0.567131,0.489146,0.497115,0.409543,0.557048,0.413958,0.329958,0.206573,0.437271,0.368356,0.365299,0.372414,0.471231,0.229184,0.600255,0.541132,0.693759,0.606027,0.365252,0.376360,0.597043,0.672679,0.552834,0.539179,0.283855,0.260192,0.422439,0.290569,0.581880,0.489437,0.785976,0.682719,0.568153,0.388889,0.420334,0.650582,0.534749,0.636734,0.480924,0.402847,1.070257,0.929455,0.855821,0.670307,0.000000,0.889641,0.557991,0.534648,0.721883,0.571517,0.849132,0.810187,1.125710,0.700120,0.839372,0.825454,0.686274,0.374727,0.717299,0.621235,0.684883,0.648804,0.314391,0.335232,0.878487,0.786729,0.457343,1.045306,0.455793,0.449186,0.341477,0.332911,0.289845,0.227955,0.627712,0.683858,0.517921,0.627054,0.770745,0.602077,0.515023,0.402911,0.611528,0.534861,0.537480,0.426988,0.701344,0.851058
0.670976,0.679619,0.480172,0.417623,0.239454,0.195014,0.630298,0.382533,0.156917,-0.011494,0.453585,0.446611,0.570334,0.485733,0.472388,0.221203,0.833573,0.602617,0.581910,0.629573,0.284614,0.225823,0.535914,0.514624,0.394989,0.544477,0.128942,0.060813,0.628079,0.477906,0.746978,0.579532,0.989430,0.937033,0.499864,0.369161,0.430361,0.617725,0.673091,0.773862,0.478121,0.368524,0.897543,1.433661,0.950108,0.860492,0.889641,0.000000,0.610985,0.785696,0.789798,0.813946,0.772276,0.869481,1.214247,1.164045,0.819200,0.692472,0.611351,0.473505,0.641735,0.658252,0.793928,0.686398,0.318554,0.423647,0.753365,0.489750,0.472676,0.663904,0.302668,0.320711,0.637736,0.623216,0.599394,0.525953,0.728708,0.767362,0.694679,0.584135,0.876855,0.740761,0.627976,0.493401,0.810834,0.721724,0.526541,0.510478,0.511216,0.628590
0.189662,0.544679,0.253238,0.254106,0.239117,0.332076,0.187369,0.152172,0.137089,0.139318,0.004044,0.036040,0.041377,0.107198,0.212819,0.099312,0.176484,0.144467,0.185325,0.098970,0.098570,0.217665,-0.012522,0.063819,0.194581,0.256197,0.213834,0.262921,0.037762,0.040434,0.076984,0.096549,0.324803,0.335492,0.317611,0.267785,0.130209,0.248713,0.113527,0.225222,0.297066,0.253093,0.684308,0.761251,0.937869,0.755928,0.557991,0.610985,0.000000,1.220962,0.959909,0.804316,0.708620,0.691514,0.464305,0.334128,0.315899,0.393946,1.012704,0.642352,0.437374,0.303454,0.374695,0.327865,-0.009409,0.136754,0.657830,0.682113,-0.117891,0.297007,0.165828,0.299559,-0.050967,0.050620,-0.010512,-0.066866,0.375715,0.436130,0.023723,0.105234,0.233238,0.214683,0.228931,0.155231,0.274456,0.284137,0.284790,0.202417,0.300333,0.560962
