0.000000,0.620000,0.373286,0.457897,0.386648,0.498095,0.269895,0.301501,0.259487,0.391634,0.617848,0.384970,0.467938,0.332154,0.285489,0.174797,0.384019,0.392381,0.684150,0.725265,-0.156613,0.227653,0.456313,0.095370,0.345679,0.387332,0.366811,0.510530,-0.233424,-0.394057,0.331472,0.512275,0.676341,0.697800,0.180247,0.310102,-0.117263,-0.366720,-0.130271,0.154267,-0.348088,-0.032271,0.423996,0.078674,0.444988,0.112160,0.507606,0.241267,0.128215,0.056695,0.221444,-0.062811,0.258992,0.188212,0.164170,0.098028,1.265864,0.571928,0.554793,0.433827,0.580100,0.177203,0.215361,0.218329,0.270100,0.114983,0.626421,0.689837,0.648638,0.926794,0.061785,0.101792,0.105631,0.084470,0.148297,0.047597,0.434258,0.400336,0.219487,-0.197972,0.471838,-0.030810,0.113507,0.234327,0.555485,0.056673,0.178093,0.234038,0.503847,0.483384
0.620000,0.000000,0.225206,0.428233,0.098467,0.232197,-0.177449,0.145696,-0.121313,0.116720,-0.112019,0.438376,0.092217,0.433509,0.232706,0.519612,0.058657,1.016623,0.519733,0.624271,0.085154,0.058164,0.332699,0.000458,0.287339,0.320820,0.458380,0.298628,-0.443522,0.086565,0.091255,0.266955,0.408103,0.405876,0.069106,0.161809,-0.326631,0.031620,-0.245613,0.350915,-0.187269,-0.057458,0.205833,0.210888,0.474114,0.389281,0.346321,0.389391,0.361382,0.405267,0.354412,0.203778,0.231154,0.386084,0.159094,0.586606,0.726955,1.251414,0.532992,0.766524,0.442380,0.406139,0.247875,0.492245,0.260248,0.031364,0.599722,0.484715,0.950091,0.496332,-0.013901,0.304579,-0.211137,0.251293,0.039899,0.017432,-0.020532,0.127704,0.148416,0.156731,0.220182,0.308249,0.067127,0.684297,0.240536,0.318464,-0.080576,0.288791,0.353801,0.634399
0.373286,0.225206,0.000000,0.535910,0.514325,0.199527,0.760524,0.139661,0.447590,0.270891,0.056290,0.016533,0.058597,-0.089285,0.164444,-0.019180,0.233200,0.105848,0.695937,0.349548,0.178127,-0.027970,0.971734,0.468249,0.785502,0.541096,0.569470,0.388435,0.036164,-0.129748,0.284666,0.225434,0.348817,0.170691,0.598705,0.308747,-0.040860,0.018767,-0.121685,-0.035001,-0.069848,0.076366,0.248822,-0.023570,0.096750,-0.094403,0.244021,0.231040,0.227746,-0.007651,0.525157,0.052520,0.197527,0.205914,0.116466,0.006085,0.186835,0.132226,0.039783,-0.125215,0.000317,-0.294376,-0.164647,-0.060650,0.601556,0.188552,0.453670,0.330529,0.384834,0.355791,-0.280107,-0.015217,-0.119085,-0.218782,0.005849,-0.071269,0.183654,0.100302,0.135627,0.047476,0.039644,0.254743,0.095708,0.049512,0.313715,0.289440,-0.135399,0.022904,0.196347,0.237489
0.457897,0.428233,0.535910,0.000000,0.424967,0.455634,0.544241,0.829963,0.514381,0.683270,0.191988,0.533970,-0.013298,0.238649,0.173321,0.282330,0.359291,0.149654,0.576169,0.734329,-0.039779,-0.178439,0.694398,0.856333,0.407017,0.492635,0.265320,0.254408,-0.246048,-0.165891,0.065152,0.326301,0.346123,0.425651,0.373112,0.585235,-0.260726,0.037192,-0.119823,0.094868,-0.147957,0.200677,0.614268,0.176542,0.445910,0.296026,0.496870,0.675105,0.334391,0.350557,0.415506,0.351619,0.457256,0.497642,0.297057,0.333686,0.286051,0.204551,0.094525,0.186189,0.097008,0.236068,-0.060403,0.059125,0.358044,0.496800,0.502683,0.662722,0.532838,0.576227,-0.303905,-0.191023,-0.056945,0.121610,0.169936,0.036405,0.356047,0.263590,0.282757,-0.176298,0.118822,0.171516,0.018614,0.155388,0.502357,0.624764,0.032811,0.272780,0.340888,0.735327
0.386648,0.098467,0.514325,0.424967,0.000000,0.511242,0.401459,0.222323,1.013213,0.550574,0.429608,0.152337,0.279603,0.010648,0.572168,0.093256,0.172791,-0.039684,0.248299,0.221988,-0.040490,0.062204,0.499615,0.361919,0.697152,0.584978,0.226187,0.182640,-0.044328,-0.329920,0.097002,0.120519,0.278938,0.287857,0.249600,0.277678,0.012353,-0.135577,0.172592,0.189048,-0.074394,0.135056,0.322706,0.125832,0.242422,-0.046958,0.339381,0.113344,0.179306,0.003688,0.415008,0.156948,0.265170,0.206909,0.301035,0.049884,0.271425,0.069338,0.302206,0.135347,0.279429,0.030270,-0.029200,-0.066322,0.452454,0.374505,0.371361,0.410009,0.097391,0.314295,-0.143727,-0.021190,0.082813,-0.076158,0.297397,0.192243,0.390256,0.252206,0.197769,-0.160767,0.211838,-0.093362,0.247496,0.047154,0.409965,0.219134,0.257145,0.288839,0.529289,0.380636
0.498095,0.232197,0.199527,0.455634,0.511242,0.000000,0.210339,0.434463,0.414644,0.763240,0.424392,0.401979,0.193349,0.294499,0.364604,0.262376,0.096471,0.127069,0.398396,0.370093,-0.041798,0.369680,0.365244,0.143215,0.325524,0.329682,0.232480,0.433386,-0.139652,-0.301568,0.195482,0.345931,0.423264,0.575384,0.177269,0.326247,-0.088273,-0.253653,0.010048,0.417341,-0.212213,0.006700,0.327948,0.244364,0.143289,0.065503,0.555455,0.259815,-0.030595,-0.078848,0.153990,-0.086165,0.157865,0.266289,0.074816,0.274862,0.356790,0.168403,0.553619,0.434092,0.403037,0.306914,0.130081,0.087226,0.295015,0.472353,0.438605,0.557913,0.161225,0.259471,0.181586,0.142523,0.363678,0.352426,0.318539,0.250178,0.406677,0.412979,0.109688,-0.229138,0.341396,-0.105150,0.222458,0.183041,0.420212,0.078913,0.366488,0.341448,0.448105,0.548552
0.269895,-0.177449,0.760524,0.544241,0.401459,0.210339,0.000000,0.671148,0.740361,0.486204,0.294731,0.097728,0.114811,0.018589,-0.097445,-0.191119,0.386257,-0.333317,0.509133,0.347301,-0.223040,-0.149577,0.613036,0.521473,0.298423,0.209641,0.058677,0.167755,-0.008622,-0.349588,0.233990,0.332966,0.336901,0.309715,0.221071,0.299943,-0.111156,-0.255839,-0.233471,-0.350413,-0.319326,0.034482,0.496382,0.030183,0.200988,-0.025563,0.367320,0.324726,0.134236,0.018255,0.135763,-0.058087,0.314068,-0.063839,0.109898,-0.304908,-0.001927,-0.405014,-0.196846,-0.463877,-0.001490,-0.149999,-0.041645,-0.131260,0.220420,0.229959,0.129282,0.324069,0.087899,0.425311,-0.262008,-0.211823,0.053616,-0.160609,-0.014908,-0.134411,0.330255,0.194525,0.115829,-0.354002,-0.043589,-0.044455,-0.150178,-0.252820,0.215451,0.046766,-0.067442,-0.157358,-0.061003,0.027126
0.301501,0.145696,0.139661,0.829963,0.222323,0.434463,0.671148,0.000000,0.499662,0.800941,0.231357,0.639195,0.133861,0.557884,-0.024360,0.240190,0.252770,-0.040190,0.433732,0.593873,-0.266488,-0.027202,0.298020,0.357324,-0.050939,0.016159,-0.126244,0.035632,-0.229566,-0.167493,0.121041,0.497151,0.334683,0.619686,-0.048330,0.435128,-0.313808,-0.163757,-0.322339,-0.017676,-0.393781,0.034063,0.625734,0.320351,0.373126,0.369690,0.602450,0.637947,0.251332,0.309702,0.001283,0.103069,0.387004,0.126142,0.086701,0.139510,0.120752,-0.163867,0.072988,0.061672,0.283015,0.547641,0.188850,0.201182,0.041218,0.543218,0.165742,0.524803,0.183769,0.373411,-0.016490,-0.049033,0.116413,0.329256,0.116946,-0.005100,0.336218,0.350532,0.167651,-0.332812,0.098074,0.018387,-0.086105,0.040783,0.189819,0.183880,0.091941,0.029666,0.042669,0.433985
0.259487,-0.121313,0.447590,0.514381,1.013213,0.414644,0.740361,0.499662,0.000000,0.690746,0.567118,0.281407,0.324913,0.098578,0.430796,0.080255,0.336667,-0.248542,0.265014,0.267822,-0.214616,-0.079617,0.524994,0.543424,0.483987,0.384635,0.039200,0.113096,0.022461,-0.349205,0.072054,0.181470,0.268320,0.281753,0.153478,0.242555,-0.070271,-0.137093,0.019873,-0.107212,-0.096730,0.165460,0.391613,0.041380,0.182620,-0.110692,0.302218,0.157165,0.042372,-0.013166,0.143877,0.162494,0.224565,0.089551,0.157336,-0.195529,0.088148,-0.228976,0.071975,-0.120322,0.263372,0.056724,0.045155,-0.049003,0.306295,0.409821,0.198184,0.377791,0.024792,0.340626,-0.245377,-0.190743,0.087891,-0.063932,0.231122,0.149379,0.390911,0.236023,0.181411,-0.365074,0.043526,-0.150215,0.064414,-0.160044,0.338293,0.199465,0.118306,0.126648,0.229854,0.218050
0.391634,0.116720,0.270891,0.683270,0.550574,0.763240,0.486204,0.800941,0.690746,0.000000,0.469450,0.621777,0.279533,0.481250,0.264127,0.307876,0.275019,0.033668,0.388990,0.457057,-0.076860,0.098400,0.344458,0.342032,0.321017,0.307823,0.115957,0.318454,-0.070977,-0.315611,0.162796,0.344492,0.440224,0.627771,0.194247,0.479212,-0.205300,-0.239437,-0.187607,0.110900,-0.245738,0.023359,0.539727,0.305895,0.204634,0.217999,0.727840,0.381118,0.120514,0.071488,0.099737,-0.013303,0.273957,0.076433,0.170566,0.020975,0.239681,0.010223,0.272225,0.227322,0.383576,0.402630,0.263016,0.141826,0.137313,0.605559,0.341855,0.663822,0.133399,0.303441,-0.126959,-0.049293,0.151014,0.208501,0.365434,0.143343,0.388138,0.351775,0.248405,-0.280989,0.274017,-0.024180,0.045419,0.137557,0.273143,0.146451,0.095904,0.155820,0.248505,0.518836
0.617848,-0.112019,0.056290,0.191988,0.429608,0.424392,0.294731,0.231357,0.567118,0.469450,0.000000,0.441290,0.706682,0.237126,0.396272,0.034780,0.550665,-0.177891,0.239335,0.294936,-0.230398,0.091568,0.218318,0.178663,0.183839,0.213901,-0.033119,0.226355,0.124269,-0.415113,0.236602,0.303145,0.408947,0.433232,0.114020,0.194547,0.094703,-0.262352,0.026671,-0.011827,-0.079277,0.143486,0.293546,-0.023138,0.205752,-0.069405,0.280225,-0.028431,-0.119076,-0.167365,-0.032313,-0.083622,0.049986,-0.068189,0.100035,-0.220314,0.331827,-0.078472,0.268159,0.099214,0.400494,0.114477,0.196932,-0.035515,0.122152,0.246989,0.224270,0.403524,-0.023832,0.369572,0.029851,-0.162046,0.372620,0.024074,0.304157,0.153618,0.516099,0.344251,0.234211,-0.364116,0.383913,-0.225082,0.198762,-0.082757,0.576507,0.021049,0.251804,0.282197,0.307093,0.217328
0.384970,0.438376,0.016533,0.533970,0.152337,0.401979,0.097728,0.639195,0.281407,0.621777,0.441290,0.000000,0.468340,1.078883,0.288762,0.733477,0.360800,0.343289,0.358592,0.656453,-0.047773,-0.068318,0.166469,0.128860,0.039218,0.125978,0.030878,0.097303,-0.068031,0.094727,0.129648,0.412884,0.502218,0.678124,0.083653,0.336687,-0.296878,0.078351,-0.185564,0.156456,-0.135990,0.179541,0.389632,0.356453,0.392247,0.466537,0.472698,0.388178,0.221133,0.255673,0.090821,0.257629,0.136098,0.175554,0.093795,0.303159,0.288327,0.275885,0.363899,0.472482,0.602842,0.785404,0.461953,0.563496,0.086246,0.564131,0.412470,0.627709,0.258409,0.244472,-0.098254,0.078744,0.114033,0.520628,0.221506,0.128638,0.160850,0.257952,0.350004,-0.101106,0.350334,0.223083,0.148162,0.419820,0.309091,0.320902,0.003275,0.299985,0.170408,0.595959
0.467938,0.092217,0.058597,-0.013298,0.279603,0.193349,0.114811,0.133861,0.324913,0.279533,0.706682,0.468340,0.000000,0.578588,0.478534,0.407712,0.143526,0.091487,0.063736,0.136457,-0.060113,0.202212,0.032534,-0.101894,0.047801,0.023529,0.049846,0.217147,0.019598,-0.199593,0.341143,0.363037,0.337850,0.421726,0.075139,0.086190,-0.108561,-0.167878,0.073969,0.109540,-0.115036,-0.015224,0.075924,0.050400,0.158654,-0.035347,0.087218,-0.054943,-0.020368,-0.146686,-0.020177,-0.068579,-0.009131,-0.034802,0.052649,-0.104919,0.425724,0.144988,0.451873,0.263442,0.767945,0.201638,0.275289,0.163372,0.074474,0.203671,0.302167,0.323608,0.036816,0.295356,0.269094,0.256659,0.204122,0.061950,0.213568,0.129377,0.247626,0.329105,0.072679,-0.165980,0.236451,-0.063279,0.143696,0.140459,0.043765,-0.085384,0.091022,0.147000,0.126818,0.154819
0.332154,0.433509,-0.089285,0.238649,0.010648,0.294499,0.018589,0.557884,0.098578,0.481250,0.237126,1.078883,0.578588,0.000000,0.208604,0.776554,0.147573,0.441821,0.284800,0.522691,-0.012639,0.160563,-0.023162,-0.107351,-0.156972,-0.075431,-0.034003,0.134495,-0.160202,0.087382,0.149874,0.430108,0.409645,0.672378,-0.095450,0.194860,-0.377919,0.004909,-0.184267,0.146785,-0.316851,-0.011960,0.276465,0.389451,0.304441,0.462626,0.422505,0.346519,0.206313,0.235448,-0.047238,0.098127,0.083240,0.074446,0.068021,0.256842,0.322187,0.300219,0.448340,0.541536,0.748882,0.881820,0.573573,0.604324,-0.080062,0.384093,0.312703,0.461472,0.252997,0.194568,0.187430,0.345430,0.113318,0.596942,0.154206,0.134060,0.120874,0.328244,0.132102,-0.089152,0.271395,0.139606,-0.002674,0.456266,-0.001227,0.032157,-0.065215,0.129748,0.077925,0.444622
0.285489,0.232706,0.164444,0.173321,0.572168,0.364604,-0.097445,-0.024360,0.430796,0.264127,0.396272,0.288762,0.478534,0.208604,0.000000,0.716707,0.196081,0.287819,0.166792,0.243833,0.162411,0.205558,0.399921,0.263023,0.305426,0.351569,0.369965,0.299251,0.088936,-0.038526,0.373800,0.357657,0.257878,0.248707,0.352396,0.229114,0.077034,0.026535,0.250684,0.318896,0.273203,0.343041,-0.031306,-0.012474,-0.011305,-0.140967,0.106408,-0.139788,-0.130396,-0.198197,0.068593,-0.004500,-0.111858,0.199895,0.187271,0.152914,0.337730,0.328360,0.493347,0.445393,0.411201,0.113690,0.140371,0.141307,0.592691,0.235802,0.400175,0.344602,0.140832,0.133002,0.134644,0.232888,0.349119,0.263168,0.465349,0.593393,0.342209,0.280374,0.379015,0.118593,0.442806,0.125462,0.620238,0.376875,0.438389,0.385065,0.412099,0.671751,0.711920,0.530337
0.174797,0.519612,-0.019180,0.282330,0.093256,0.262376,-0.191119,0.240190,0.080255,0.307876,0.034780,0.733477,0.407712,0.776554,0.716707,0.000000,0.046941,0.622384,0.153637,0.481196,0.186373,0.137309,0.152959,0.126778,0.027468,0.109888,0.248997,0.153912,-0.109599,0.268887,0.251336,0.428064,0.287335,0.456733,0.137084,0.248611,-0.272923,0.142163,0.068334,0.364426,0.085846,0.173118,0.091105,0.270622,0.128563,0.243375,0.215308,0.165839,0.030122,0.053829,-0.049972,0.128797,-0.025976,0.224846,0.127066,0.373568,0.305958,0.480941,0.444754,0.640076,0.544370,0.520592,0.412355,0.623515,0.171092,0.312342,0.397141,0.399111,0.280506,0.134326,0.198398,0.396290,0.181584,0.584419,0.336563,0.408543,0.165115,0.324852,0.290019,0.150106,0.310814,0.337244,0.320914,0.762035,0.058520,0.337857,0.154541,0.504151,0.293055,0.643137
0.384019,0.058657,0.233200,0.359291,0.172791,0.096471,0.386257,0.252770,0.336667,0.275019,0.550665,0.360800,0.143526,0.147573,0.196081,0.046941,0.000000,0.168749,0.457380,0.588915,-0.102559,-0.270687,0.389768,0.511888,0.101170,0.183117,0.017664,0.134085,0.419573,0.087018,0.288933,0.341347,0.484686,0.355663,0.194713,0.221605,0.134673,0.035481,-0.215311,-0.307040,0.136573,0.572493,0.410423,0.125558,0.296871,0.190213,0.352052,0.251041,0.174838,0.102380,0.141416,0.111358,0.278493,0.053772,0.317078,-0.099554,0.289758,0.014711,-0.137940,-0.113233,0.115496,0.155607,0.478179,0.316778,0.136934,-0.003812,0.177466,0.289324,0.159836,0.250838,-0.361899,-0.295289,0.183083,0.105973,-0.005182,0.079306,0.239946,0.064931,0.762188,0.040161,0.518128,0.303132,0.172900,0.201042,0.647074,0.341036,-0.013402,0.150811,0.218360,0.192236
0.392381,1.016623,0.105848,0.149654,-0.039684,0.127069,-0.333317,-0.040190,-0.248542,0.033668,-0.177891,0.343289,0.091487,0.441821,0.287819,0.622384,0.168749,0.000000,0.312416,0.505069,0.315197,0.173197,0.157356,-0.133969,0.114449,0.104460,0.367267,0.169028,-0.059717,0.451995,0.208489,0.272755,0.379548,0.361080,0.052542,0.055808,-0.147263,0.162856,-0.194323,0.372849,0.058743,0.131951,0.061426,0.298519,0.308493,0.442125,0.191588,0.175564,0.297556,0.298320,0.221566,0.165091,0.108654,0.303083,0.162735,0.490221,0.661492,1.049671,0.419056,0.695807,0.396216,0.432734,0.453289,0.818748,0.118296,-0.079410,0.463156,0.311122,0.582847,0.193853,0.093176,0.444946,-0.132354,0.310668,-0.008343,0.126445,-0.110009,-0.048990,0.319970,0.496597,0.391245,0.622998,0.251982,1.139566,0.128223,0.271668,-0.053673,0.228832,0.296991,0.534796
0.684150,0.519733,0.695937,0.576169,0.248299,0.398396,0.509133,0.433732,0.265014,0.388990,0.239335,0.358592,0.063736,0.284800,0.166792,0.153637,0.457380,0.312416,0.000000,0.951340,-0.008064,0.136435,0.771483,0.238014,0.379389,0.314211,0.380137,0.382817,-0.102093,-0.091704,0.311729,0.508406,0.728349,0.571015,0.242025,0.295755,-0.104174,-0.073312,-0.341652,0.000798,-0.299975,0.095344,0.576371,0.288011,0.269577,0.170730,0.644873,0.514591,0.248492,0.135582,0.327065,0.017806,0.264321,0.190444,0.122100,0.189967,0.375457,0.269818,0.282165,0.139693,0.305901,0.082856,0.249160,0.210764,0.339330,0.150285,0.514951,0.565252,0.604272,0.502986,-0.142947,0.088536,0.107584,0.245113,0.032669,0.029339,0.371595,0.379118,0.206851,-0.029203,0.305609,0.207153,0.067414,0.205838,0.476086,0.179700,-0.057523,0.087627,0.245898,0.416394
0.725265,0.624271,0.349548,0.734329,0.221988,0.370093,0.347301,0.593873,0.267822,0.457057,0.294936,0.656453,0.136457,0.522691,0.243833,0.481196,0.588915,0.505069,0.951340,0.000000,-0.149651,-0.012590,0.594940,0.365299,0.218610,0.285169,0.234590,0.207958,-0.182415,0.003729,0.203165,0.550401,0.805783,0.814840,0.136144,0.382268,-0.307754,-0.106450,-0.270126,0.014247,-0.254734,0.207067,0.656315,0.363100,0.531361,0.338181,0.667952,0.549328,0.249299,0.190516,0.173349,0.122384,0.377646,0.253952,0.195419,0.267620,0.544276,0.386417,0.309477,0.315058,0.429709,0.326872,0.433699,0.490491,0.174101,0.171586,0.573924,0.683507,0.660361,0.733269,-0.128345,0.038470,0.178785,0.445039,0.163514,0.130483,0.430270,0.446945,0.376927,-0.064294,0.404646,0.247932,0.101465,0.456899,0.495351,0.307571,0.069929,0.255668,0.290052,0.658939
-0.156613,0.085154,0.178127,-0.039779,-0.040490,-0.041798,-0.223040,-0.266488,-0.214616,-0.076860,-0.230398,-0.047773,-0.060113,-0.012639,0.162411,0.186373,-0.102559,0.315197,-0.008064,-0.149651,0.000000,0.264732,-0.052035,-0.076887,0.086494,0.022077,0.353126,0.143389,0.547084,0.512792,0.197474,0.037793,-0.091677,-0.121104,0.185219,-0.100616,0.412407,0.436851,0.122670,0.203738,0.448388,0.217308,-0.290317,0.043652,-0.404339,0.093813,-0.122325,-0.103220,0.120920,0.052812,0.200074,0.161956,-0.204492,0.106780,0.110364,0.171232,-0.030592,0.209077,0.068558,0.231294,-0.090675,0.012252,-0.040453,0.150214,0.095373,0.110246,0.076067,-0.050233,-0.011905,-0.454807,0.167466,0.250819,-0.002831,-0.001875,-0.015448,0.078654,-0.115844,-0.122808,0.111673,0.551134,0.219804,0.576624,0.427427,0.397111,-0.037670,0.221705,0.000461,0.003201,0.197927,0.146223
0.227653,0.058164,-0.027970,-0.178439,0.062204,0.369680,-0.149577,-0.027202,-0.079617,0.098400,0.091568,-0.068318,0.202212,0.160563,0.205558,0.137309,-0.270687,0.173197,0.136435,-0.012590,0.264732,0.000000,-0.018715,-0.368799,0.046514,-0.021813,0.286040,0.346418,0.006834,-0.113309,0.346878,0.339398,0.127345,0.253374,-0.043788,-0.059704,0.182236,-0.240312,0.038674,0.363195,-0.177931,-0.289472,-0.123302,0.052613,-0.211496,-0.120756,0.126729,-0.173744,-0.178020,-0.257070,-0.149604,-0.312904,-0.211455,-0.073771,-0.254382,0.049092,0.255434,0.141062,0.476237,0.402165,0.316726,0.114790,0.139932,0.091656,0.042682,0.130352,0.121811,0.135614,0.000362,-0.024974,0.795319,0.586262,0.317442,0.209686,0.170982,0.019644,0.232570,0.288153,-0.159844,-0.015709,0.234793,-0.099045,0.227903,0.177895,-0.062711,-0.296379,0.315652,0.165535,0.174578,0.233823
0.456313,0.332699,0.971734,0.694398,0.499615,0.365244,0.613036,0.298020,0.524994,0.344458,0.218318,0.166469,0.032534,-0.023162,0.399921,0.152959,0.389768,0.157356,0.771483,0.594940,-0.052035,-0.018715,0.000000,0.681449,0.731566,0.486584,0.575137,0.419484,-0.159109,-0.272049,0.364816,0.468321,0.458176,0.304153,0.583729,0.421187,-0.153878,-0.116963,-0.218276,-0.003288,-0.140715,0.138351,0.266529,-0.147640,0.171104,-0.182221,0.287609,0.137177,-0.006235,-0.095472,0.197186,-0.068076,0.028403,0.129090,-0.044678,-0.023780,0.230294,0.124998,0.061119,-0.028561,0.028611,-0.147592,-0.051877,-0.009448,0.792061,0.198865,0.417105,0.457878,0.425955,0.613978,-0.218922,0.044434,0.056769,0.015807,0.137268,0.086752,0.269095,0.137941,0.238253,-0.148993,0.070407,0.081646,0.185103,0.082522,0.551404,0.416707,0.055754,0.299759,0.231751,0.383619
0.095370,0.000458,0.468249,0.856333,0.361919,0.143215,0.521473,0.357324,0.543424,0.342032,0.178663,0.128860,-0.101894,-0.107351,0.263023,0.126778,0.511888,-0.133969,0.238014,0.365299,-0.076887,-0.368799,0.681449,0.000000,0.341005,0.430447,0.156198,0.139839,0.031258,-0.108268,0.059886,0.150566,0.036550,0.032061,0.506961,0.401179,-0.032516,0.059240,0.125877,-0.201651,0.153995,0.400360,0.301407,-0.119731,0.130743,-0.054270,0.118397,0.290401,-0.000673,0.019673,0.181512,0.224843,0.246668,0.308217,0.275702,-0.019052,0.002327,-0.073399,-0.309332,-0.188080,-0.254866,-0.077279,-0.194300,-0.113200,0.391515,0.200963,0.151292,0.219549,0.193720,0.296943,-0.347197,-0.390680,0.081411,-0.060633,0.193531,0.077891,0.336807,0.144059,0.260363,-0.147118,-0.002978,0.089896,0.058104,-0.088675,0.474711,0.666993,0.082591,0.305832,0.260969,0.336983
0.345679,0.287339,0.785502,0.407017,0.697152,0.325524,0.298423,-0.050939,0.483987,0.321017,0.183839,0.039218,0.047801,-0.156972,0.305426,0.027468,0.101170,0.114449,0.379389,0.218610,0.086494,0.046514,0.731566,0.341005,0.000000,1.052936,0.590009,0.494818,-0.103380,-0.256932,0.213615,0.138131,0.453138,0.242731,0.579056,0.324511,-0.045365,0.008291,0.062791,0.231243,-0.074107,0.071207,0.220213,-0.038716,0.113630,-0.065664,0.262894,0.068443,0.074517,-0.043866,0.473701,0.100491,0.078793,0.220251,0.104996,0.022412,0.260540,0.286028,0.221603,0.142852,0.062936,-0.249708,-0.073817,-0.110193,0.450698,0.171477,0.590277,0.468384,0.455421,0.385669,-0.306689,0.009495,-0.142025,-0.242216,0.152530,0.022896,0.275702,0.132132,0.057990,-0.106575,0.007653,0.015772,0.036178,0.084395,0.309838,0.281749,-0.131578,0.258564,0.220531,0.310658
0.387332,0.320820,0.541096,0.492635,0.584978,0.329682,0.209641,0.016159,0.384635,0.307823,0.213901,0.125978,0.023529,-0.075431,0.351569,0.109888,0.183117,0.104460,0.314211,0.285169,0.022077,-0.021813,0.486584,0.430447,1.052936,0.000000,0.436663,0.537733,-0.104098,-0.267869,0.280680,0.252592,0.504060,0.361153,0.632678,0.434027,-0.032428,-0.043229,0.157722,0.240088,-0.009096,0.201975,0.304278,0.058951,0.203077,0.063278,0.348933,0.182206,0.110543,-0.004547,0.522038,0.131671,0.183272,0.344524,0.276405,0.152005,0.370442,0.385895,0.282844,0.230308,0.102438,-0.126804,-0.028686,-0.114686,0.449276,0.227642,0.729955,0.570243,0.476309,0.374028,-0.259946,-0.099756,0.000372,-0.108690,0.358421,0.161177,0.380615,0.289989,0.190201,-0.079222,0.171777,0.048285,0.092217,0.088132,0.436630,0.363426,0.050577,0.395116,0.397346,0.462571
0.366811,0.458380,0.569470,0.265320,0.226187,0.232480,0.058677,-0.126244,0.039200,0.115957,-0.033119,0.030878,0.049846,-0.034003,0.369965,0.248997,0.017664,0.367267,0.380137,0.234590,0.353126,0.286040,0.575137,0.156198,0.590009,0.436663,0.000000,0.659779,-0.036140,-0.009126,0.429958,0.329716,0.307459,0.180084,0.527669,0.149746,-0.000730,-0.075570,-0.141115,0.170608,0.033516,0.047322,-0.190787,-0.178154,-0.039228,-0.125277,0.050362,-0.131787,0.007183,-0.070442,0.224669,-0.018959,-0.090166,0.129040,-0.058522,0.165091,0.361541,0.471875,0.271862,0.222824,0.135525,-0.077569,0.049186,0.185169,0.641706,0.139813,0.373261,0.242352,0.400130,0.219015,0.023739,0.224099,0.039500,-0.036944,0.159595,0.009326,0.064594,-0.021604,0.196254,0.259729,0.335417,0.291153,0.389827,0.401262,0.377160,0.338980,0.080045,0.346333,0.373881,0.364727
0.510530,0.298628,0.388435,0.254408,0.182640,0.433386,0.167755,0.035632,0.113096,0.318454,0.226355,0.097303,0.217147,0.134495,0.299251,0.153912,0.134085,0.169028,0.382817,0.207958,0.143389,0.346418,0.419484,0.139839,0.494818,0.537733,0.659779,0.000000,-0.114506,-0.357526,0.558795,0.448538,0.482750,0.406032,0.512738,0.288085,-0.021557,-0.217650,-0.101457,0.115823,-0.220319,0.000168,0.096496,-0.066109,0.020305,-0.055236,0.278257,0.058079,-0.071920,-0.172188,0.086307,-0.221024,-0.165560,0.011473,-0.077415,0.039732,0.421753,0.334531,0.369183,0.267954,0.249718,-0.040218,0.091632,-0.022571,0.375578,0.152206,0.536962,0.518906,0.341823,0.308134,0.148829,0.227233,0.186733,0.033513,0.263003,0.135659,0.303776,0.278957,0.100233,-0.134915,0.242969,0.010893,0.014970,0.182533,0.290859,0.068557,0.047581,0.245429,0.288427,0.335186
-0.233424,-0.443522,0.036164,-0.246048,-0.044328,-0.139652,-0.008622,-0.229566,0.022461,-0.070977,0.124269,-0.068031,0.019598,-0.160202,0.088936,-0.109599,0.419573,-0.059717,-0.102093,-0.182415,0.547084,0.006834,-0.159109,0.031258,-0.103380,-0.104098,-0.036140,-0.114506,0.000000,0.536777,0.233300,0.013149,-0.071109,-0.149189,0.064420,-0.217969,0.679672,0.276697,0.139207,-0.200680,0.658485,0.509495,-0.262104,-0.033489,-0.410431,-0.061701,-0.129772,-0.245488,-0.047065,-0.128486,-0.015570,0.021447,-0.142818,-0.117049,0.151269,-0.200880,-0.171167,-0.233867,-0.309303,-0.258929,-0.178140,-0.031268,0.156614,0.143868,-0.069509,-0.018446,-0.266543,-0.278552,-0.377462,-0.622032,-0.036210,-0.159300,0.205320,-0.027360,-0.052402,0.035422,-0.087638,-0.252576,0.426858,0.458297,0.419673,0.427731,0.504113,0.069028,0.123836,0.109074,0.055090,-0.110610,0.053649,-0.176577
-0.394057,0.086565,-0.129748,-0.165891,-0.329920,-0.301568,-0.349588,-0.167493,-0.349205,-0.315611,-0.415113,0.094727,-0.199593,0.087382,-0.038526,0.268887,0.087018,0.451995,-0.091704,0.003729,0.512792,-0.113309,-0.272049,-0.108268,-0.256932,-0.267869,-0.009126,-0.357526,0.536777,0.000000,-0.035071,-0.110975,-0.142214,-0.159303,-0.184406,-0.342409,0.282520,0.676599,0.005530,-0.007056,0.614180,0.436548,-0.246795,0.235313,-0.105504,0.351186,-0.262553,0.014826,0.251140,0.315942,0.128364,0.402985,0.000951,0.186588,0.103505,0.333044,-0.216821,0.114689,-0.261804,-0.025199,-0.149501,0.246633,0.203278,0.605365,-0.239709,-0.177144,-0.248784,-0.399585,-0.102832,-0.539348,-0.036284,0.059708,-0.095149,0.167064,-0.184720,-0.004623,-0.336865,-0.375529,0.268498,0.892854,0.169941,0.955316,0.355724,0.579845,-0.109689,0.263319,-0.074215,-0.023400,-0.097620,0.002946
0.331472,0.091255,0.284666,0.065152,0.097002,0.195482,0.233990,0.121041,0.072054,0.162796,0.236602,0.129648,0.341143,0.149874,0.373800,0.251336,0.288933,0.208489,0.311729,0.203165,0.197474,0.346878,0.364816,0.059886,0.213615,0.280680,0.429958,0.558795,0.233300,-0.035071,0.000000,1.220953,0.649863,0.642133,0.394695,0.381096,0.108640,-0.240324,-0.125218,0.118718,0.028357,0.201083,-0.006065,0.003289,-0.069793,-0.001018,0.138022,-0.165508,-0.077474,-0.232826,-0.024195,-0.326758,-0.200875,-0.127816,-0.056253,-0.135631,0.344327,0.092076,0.168353,0.076937,0.237632,0.029965,0.358487,0.192848,0.345731,0.128500,0.344364,0.438651,0.062675,0.155676,0.341976,0.439381,0.495491,0.173442,0.324327,0.248595,0.333622,0.252328,0.376717,0.095806,0.517466,0.226951,0.363878,0.298652,0.258438,0.019755,0.259547,0.276617,0.208715,0.225107
0.512275,0.266955,0.225434,0.326301,0.120519,0.345931,0.332966,0.497151,0.181470,0.344492,0.303145,0.412884,0.363037,0.430108,0.357657,0.428064,0.341347,0.272755,0.508406,0.550401,0.037793,0.339398,0.468321,0.150566,0.138131,0.252592,0.329716,0.448538,0.013149,-0.110975,1.220953,0.000000,0.777794,0.989052,0.273949,0.485206,-0.113528,-0.318651,-0.232300,0.140180,-0.190077,0.137140,0.208763,0.107717,0.105631,0.119818,0.369251,0.066238,-0.019658,-0.092415,-0.073642,-0.246524,-0.087576,-0.034247,-0.039459,-0.008672,0.470453,0.152324,0.265801,0.197912,0.398877,0.266361,0.436914,0.325877,0.334295,0.235051,0.429688,0.668149,0.230683,0.399179,0.308096,0.392820,0.437898,0.361077,0.289603,0.247260,0.371465,0.383980,0.366166,-0.074662,0.503898,0.157394,0.276945,0.338033,0.318794,0.097377,0.240250,0.294141,0.212530,0.414934
0.676341,0.408103,0.348817,0.346123,0.278938,0.423264,0.336901,0.334683,0.268320,0.440224,0.408947,0.502218,0.337850,0.409645,0.257878,0.287335,0.484686,0.379548,0.728349,0.805783,-0.091677,0.127345,0.458176,0.036550,0.453138,0.504060,0.307459,0.482750,-0.071109,-0.142214,0.649863,0.777794,0.000000,1.277931,0.283385,0.493199,-0.182821,-0.229123,-0.301551,0.117440,-0.256827,0.159352,0.540907,0.336054,0.408683,0.290718,0.686832,0.290667,0.207849,-0.025654,0.240573,-0.107951,0.189330,0.034176,0.133546,0.085387,0.555211,0.289845,0.452803,0.261626,0.601409,0.171277,0.634067,0.385283,0.211183,0.170225,0.817773,0.928426,0.447350,0.547872,-0.077630,0.182496,0.287909,0.272270,0.285430,0.202334,0.472774,0.433513,0.454201,-0.086833,0.488225,0.173969,0.080640,0.404295,0.385704,0.039335,0.043415,0.246794,0.190687,0.396751
0.697800,0.405876,0.170691,0.425651,0.287857,0.575384,0.309715,0.619686,0.281753,0.627771,0.433232,0.678124,0.421726,0.672378,0.248707,0.456733,0.355663,0.361080,0.571015,0.814840,-0.121104,0.253374,0.304153,0.032061,0.242731,0.361153,0.180084,0.406032,-0.149189,-0.159303,0.642133,0.989052,1.277931,0.000000,0.146218,0.562174,-0.239498,-0.331485,-0.241762,0.273524,-0.327277,0.094319,0.574024,0.440751,0.403236,0.356964,0.764906,0.372940,0.172112,0.012895,0.121658,-0.118523,0.229196,0.117957,0.109239,0.199317,0.622985,0.266797,0.550226,0.422468,0.731763,0.484150,0.655842,0.457890,0.148606,0.399958,0.706307,1.036782,0.360487,0.534952,0.140486,0.274200,0.385507,0.460494,0.391004,0.237390,0.545451,0.617885,0.394271,-0.144720,0.545448,0.106292,0.077473,0.468863,0.317039,0.015133,0.161000,0.304396,0.241477,0.592019
0.180247,0.069106,0.598705,0.373112,0.249600,0.177269,0.221071,-0.048330,0.153478,0.194247,0.114020,0.083653,0.075139,-0.095450,0.352396,0.137084,0.194713,0.052542,0.242025,0.136144,0.185219,-0.043788,0.583729,0.506961,0.579056,0.632678,0.527669,0.512738,0.064420,-0.184406,0.394695,0.273949,0.283385,0.146218,0.000000,0.647750,0.059720,0.068135,0.162694,0.160193,0.159557,0.308920,0.051236,-0.128502,-0.059425,-0.122634,0.072339,0.014930,-0.047092,-0.235324,0.363815,-0.008387,-0.055961,0.230971,0.167404,0.047229,0.137663,0.182026,0.096554,0.068925,-0.097623,-0.230030,-0.240414,-0.196386,0.742023,0.367223,0.580613,0.421988,0.237875,0.158331,-0.194209,-0.108453,0.045590,-0.130768,0.189871,0.101335,0.232769,0.131628,0.235029,0.108190,0.154573,0.183526,0.204318,0.017618,0.389923,0.542887,0.023763,0.373783,0.315961,0.323048
0.310102,0.161809,0.308747,0.585235,0.277678,0.326247,0.299943,0.435128,0.242555,0.479212,0.194547,0.336687,0.086190,0.194860,0.229114,0.248611,0.221605,0.055808,0.295755,0.382268,-0.100616,-0.059704,0.421187,0.401179,0.324511,0.434027,0.149746,0.288085,-0.217969,-0.342409,0.381096,0.485206,0.493199,0.562174,0.647750,0.000000,-0.250803,-0.187706,-0.022971,0.210954,-0.144071,0.145049,0.396798,0.140067,0.218445,0.124136,0.417387,0.291292,0.017483,-0.111303,0.230039,-0.087719,0.191127,0.186497,0.195558,0.095184,0.255199,0.121187,0.234939,0.190751,0.160359,0.090062,0.047027,-0.047776,0.416198,0.520974,0.631344,0.736741,0.247811,0.376501,-0.154339,-0.031434,0.165607,0.189667,0.315444,0.196897,0.371119,0.376865,0.312919,-0.133820,0.197139,0.034345,0.014066,0.071747,0.316944,0.319213,0.147935,0.343837,0.283380,0.503381
-0.117263,-0.326631,-0.040860,-0.260726,0.012353,-0.088273,-0.111156,-0.313808,-0.070271,-0.205300,0.094703,-0.296878,-0.108561,-0.377919,0.077034,-0.272923,0.134673,-0.147263,-0.104174,-0.307754,0.412407,0.182236,-0.153878,-0.032516,-0.045365,-0.032428,-0.000730,-0.021557,0.679672,0.282520,0.108640,-0.113528,-0.182821,-0.239498,0.059720,-0.250803,0.000000,0.373044,0.391783,-0.009354,0.584061,0.469084,-0.181800,-0.028984,-0.279412,-0.031682,-0.168818,-0.193773,0.055653,-0.070216,0.175942,0.074084,-0.044169,0.030996,0.190275,-0.018921,-0.110003,-0.169224,-0.167356,-0.181992,-0.269188,-0.131703,-0.126201,-0.082482,-0.015910,-0.117304,-0.186764,-0.252247,-0.253934,-0.473088,0.014393,-0.102497,0.196921,-0.136032,0.005085,0.073074,0.043209,-0.130013,0.176500,0.357068,0.314877,0.234558,0.449078,-0.020400,0.183572,0.074791,0.322993,0.079341,0.212605,-0.173308
-0.366720,0.031620,0.018767,0.037192,-0.135577,-0.253653,-0.255839,-0.163757,-0.137093,-0.239437,-0.262352,0.078351,-0.167878,0.004909,0.026535,0.142163,0.035481,0.162856,-0.073312,-0.106450,0.436851,-0.240312,-0.116963,0.059240,0.008291,-0.043229,-0.075570,-0.217650,0.276697,0.676599,-0.240324,-0.318651,-0.229123,-0.331485,0.068135,-0.187706,0.373044,0.000000,0.246408,0.128513,0.493275,0.578478,-0.010040,0.171009,-0.089864,0.326082,-0.196112,0.191343,0.354968,0.361576,0.352927,0.599342,0.003638,0.356994,0.218743,0.408385,-0.307905,0.051315,-0.147628,0.019184,-0.223098,0.039267,-0.142077,0.091720,-0.143276,-0.078430,-0.019429,-0.207538,0.053084,-0.405782,-0.267062,-0.120607,-0.287340,0.024850,-0.269881,0.084534,-0.161069,-0.204063,0.037186,0.445200,-0.108620,0.519321,0.101400,0.206343,-0.102947,0.417438,-0.207028,0.018687,-0.023607,-0.006859
-0.130271,-0.245613,-0.121685,-0.119823,0.172592,0.010048,-0.233471,-0.322339,0.019873,-0.187607,0.026671,-0.185564,0.073969,-0.184267,0.250684,0.068334,-0.215311,-0.194323,-0.341652,-0.270126,0.122670,0.038674,-0.218276,0.125877,0.062791,0.157722,-0.141115,-0.101457,0.139207,0.005530,-0.125218,-0.232300,-0.301551,-0.241762,0.162694,-0.022971,0.391783,0.246408,0.000000,0.347686,0.323983,0.204607,-0.069624,0.037622,-0.162412,-0.094837,-0.221540,-0.081721,-0.144784,-0.139229,0.156125,0.167141,-0.031454,0.238375,0.369897,0.115946,-0.033460,0.012982,0.071286,0.123850,-0.118982,-0.169356,-0.385076,-0.355963,-0.000469,0.045783,0.076374,-0.106857,-0.094127,-0.212582,0.111919,-0.046411,0.076940,-0.023487,0.150861,0.276911,0.262168,0.201316,-0.156565,0.072752,-0.035346,-0.177789,0.109696,-0.158988,-0.031053,0.091467,0.247108,0.247070,0.361086,-0.006207
0.154267,0.350915,-0.035001,0.094868,0.189048,0.417341,-0.350413,-0.017676,-0.107212,0.110900,-0.011827,0.156456,0.109540,0.146785,0.318896,0.364426,-0.307040,0.372849,0.000798,0.014247,0.203738,0.363195,-0.003288,-0.201651,0.231243,0.240088,0.170608,0.115823,-0.200680,-0.007056,0.118718,0.140180,0.117440,0.273524,0.160193,0.210954,-0.009354,0.128513,0.347686,0.000000,0.070973,-0.001483,0.055399,0.304072,0.060457,0.219432,0.175164,0.107319,0.084250,0.052966,0.251028,0.008308,0.031615,0.371423,0.169298,0.623022,0.285831,0.422128,0.629957,0.748102,0.272169,0.299317,-0.034249,0.023836,0.236891,0.385632,0.437175,0.348754,0.217062,-0.052576,0.334468,0.410454,0.045015,0.255432,0.255193,0.213611,0.167929,0.252090,-0.021888,0.211554,0.206874,0.060754,0.243470,0.371122,0.070424,0.209414,0.233559,0.481243,0.429348,0.573772
-0.348088,-0.187269,-0.069848,-0.147957,-0.074394,-0.212213,-0.319326,-0.393781,-0.096730,-0.245738,-0.079277,-0.135990,-0.115036,-0.316851,0.273203,0.085846,0.136573,0.058743,-0.299975,-0.254734,0.448388,-0.177931,-0.140715,0.153995,-0.074107,-0.009096,0.033516,-0.220319,0.658485,0.614180,0.028357,-0.190077,-0.256827,-0.327277,0.159557,-0.144071,0.584061,0.493275,0.323983,0.070973,0.000000,0.697332,-0.362083,-0.053809,-0.216050,0.016788,-0.308033,-0.190913,-0.035053,-0.059137,0.116761,0.164750,-0.101928,0.150536,0.278491,0.132910,-0.210785,-0.024634,-0.212781,-0.117407,-0.318949,-0.119589,-0.112537,0.017008,0.046825,-0.081765,-0.157635,-0.311334,-0.227544,-0.549875,-0.131046,-0.158048,0.144368,-0.040135,0.083408,0.255302,-0.066770,-0.192452,0.402536,0.688312,0.253684,0.535365,0.575024,0.172159,0.135128,0.379945,0.263786,0.268529,0.213672,0.017565
-0.032271,-0.057458,0.076366,0.200677,0.135056,0.006700,0.034482,0.034063,0.165460,0.023359,0.143486,0.179541,-0.015224,-0.011960,0.343041,0.173118,0.572493,0.131951,0.095344,0.207067,0.217308,-0.289472,0.138351,0.400360,0.071207,0.201975,0.047322,0.000168,0.509495,0.436548,0.201083,0.137140,0.159352,0.094319,0.308920,0.145049,0.469084,0.578478,0.204607,-0.001483,0.697332,0.000000,0.128242,0.187465,0.101543,0.267002,0.038566,0.132784,0.171588,0.097142,0.269286,0.329580,0.100283,0.287320,0.394899,0.206640,-0.033674,-0.031814,-0.135964,-0.108344,-0.127915,0.059102,0.111416,0.159647,0.133847,0.046178,0.125167,0.062222,0.007305,-0.141928,-0.270984,-0.190051,0.290375,0.178332,0.154173,0.423206,0.206904,-0.008106,0.617956,0.395801,0.434062,0.560085,0.439227,0.281109,0.451306,0.569595,0.226966,0.367140,0.339134,0.184663
0.423996,0.205833,0.248822,0.614268,0.322706,0.327948,0.496382,0.625734,0.391613,0.539727,0.293546,0.389632,0.075924,0.276465,-0.031306,0.091105,0.410423,0.061426,0.576371,0.656315,-0.290317,-0.123302,0.266529,0.301407,0.220213,0.304278,-0.190787,0.096496,-0.262104,-0.246795,-0.006065,0.208763,0.540907,0.574024,0.051236,0.396798,-0.181800,-0.010040,-0.069624,0.055399,-0.362083,0.128242,0.000000,0.813078,0.642827,0.538122,0.920773,1.095772,0.495058,0.352680,0.393890,0.225833,0.648935,0.194958,0.486331,0.173732,0.261287,0.026192,0.273238,0.126958,0.308307,0.137237,0.188812,0.027546,-0.041317,0.188375,0.546769,0.710836,0.391769,0.537060,-0.240850,-0.144318,0.012449,0.132316,0.100904,0.107644,0.594529,0.585509,0.116369,-0.307983,0.029704,-0.089683,-0.385606,-0.000675,0.131559,0.000485,-0.097939,-0.001825,0.099660,0.257730
0.078674,0.210888,-0.023570,0.176542,0.125832,0.244364,0.030183,0.320351,0.041380,0.305895,-0.023138,0.356453,0.050400,0.389451,-0.012474,0.270622,0.125558,0.298519,0.288011,0.363100,0.043652,0.052613,-0.147640,-0.119731,-0.038716,0.058951,-0.178154,-0.066109,-0.033489,0.235313,0.003289,0.107717,0.336054,0.440751,-0.128502,0.140067,-0.028984,0.171009,0.037622,0.304072,-0.053809,0.187465,0.813078,0.000000,0.440494,0.866539,0.583186,0.839259,0.589013,0.452810,0.426721,0.285434,0.501538,0.241614,0.509974,0.481299,0.080365,0.104978,0.345377,0.262015,0.299673,0.349978,0.305125,0.252254,-0.168247,0.197700,0.351028,0.362516,0.093489,-0.025279,0.027685,0.204315,0.105743,0.361877,0.109323,0.171203,0.288512,0.420781,0.139889,0.182357,0.202464,0.225528,-0.104995,0.327684,-0.075776,-0.025059,-0.022841,0.022851,0.095156,0.262375
0.444988,0.474114,0.096750,0.445910,0.242422,0.143289,0.200988,0.373126,0.182620,0.204634,0.205752,0.392247,0.158654,0.304441,-0.011305,0.128563,0.296871,0.308493,0.269577,0.531361,-0.404339,-0.211496,0.171104,0.130743,0.113630,0.203077,-0.039228,0.020305,-0.410431,-0.105504,-0.069793,0.105631,0.408683,0.403236,-0.059425,0.218445,-0.279412,-0.089864,-0.162412,0.060457,-0.216050,0.101543,0.642827,0.440494,0.000000,0.703713,0.426779,0.636083,0.669010,0.654312,0.411312,0.372790,0.551553,0.222034,0.412832,0.375629,0.377796,0.279730,0.261667,0.183281,0.303321,0.314645,0.183258,0.247749,0.035038,0.035720,0.442353,0.449650,0.378845,0.560278,-0.261462,-0.058303,-0.056649,0.087380,0.090673,-0.071344,0.173646,0.132603,0.255095,-0.125018,0.092696,0.027750,-0.144215,0.222540,0.262847,0.109230,0.046944,0.189725,0.179110,0.313471
0.112160,0.389281,-0.094403,0.296026,-0.046958,0.065503,-0.025563,0.369690,-0.110692,0.217999,-0.069405,0.466537,-0.035347,0.462626,-0.140967,0.243375,0.190213,0.442125,0.170730,0.338181,0.093813,-0.120756,-0.182221,-0.054270,-0.065664,0.063278,-0.125277,-0.055236,-0.061701,0.351186,-0.001018,0.119818,0.290718,0.356964,-0.122634,0.124136,-0.031682,0.326082,-0.094837,0.219432,0.016788,0.267002,0.538122,0.866539,0.703713,0.000000,0.425940,0.739966,0.896722,1.009873,0.450399,0.538841,0.385606,0.265897,0.523558,0.558762,0.154063,0.258838,0.141424,0.284384,0.158426,0.535018,0.271566,0.408544,-0.266726,0.079441,0.301589,0.353907,0.256286,-0.024677,-0.139169,0.089247,-0.132536,0.184749,-0.047412,0.005051,0.073569,0.083034,0.240751,0.235032,0.197081,0.456282,-0.058332,0.464991,0.047385,0.216756,-0.081416,0.088252,0.092836,0.325757
0.507606,0.346321,0.244021,0.496870,0.339381,0.555455,0.367320,0.602450,0.302218,0.727840,0.280225,0.472698,0.087218,0.422505,0.106408,0.215308,0.352052,0.191588,0.644873,0.667952,-0.122325,0.126729,0.287609,0.118397,0.262894,0.348933,0.050362,0.278257,-0.129772,-0.262553,0.138022,0.369251,0.686832,0.764906,0.072339,0.417387,-0.168818,-0.196112,-0.221540,0.175164,-0.308033,0.038566,0.920773,0.583186,0.426779,0.425940,0.000000,0.764992,0.355031,0.167597,0.253430,-0.039294,0.455375,0.106554,0.370960,0.225689,0.400121,0.175875,0.519121,0.355392,0.527605,0.287595,0.418981,0.187645,0.111738,0.316557,0.590413,0.828384,0.410758,0.359051,-0.090354,0.018724,0.163198,0.326069,0.219083,0.137090,0.451709,0.598425,0.288794,-0.237051,0.315993,-0.066748,-0.104575,0.176178,0.228864,0.001369,0.010581,0.099839,0.258210,0.430300
0.241267,0.389391,0.231040,0.675105,0.113344,0.259815,0.324726,0.637947,0.157165,0.381118,-0.028431,0.388178,-0.054943,0.346519,-0.139788,0.165839,0.251041,0.175564,0.514591,0.549328,-0.103220,-0.173744,0.137177,0.290401,0.068443,0.182206,-0.131787,0.058079,-0.245488,0.014826,-0.165508,0.066238,0.290667,0.372940,0.014930,0.291292,-0.193773,0.191343,-0.081721,0.107319,-0.190913,0.132784,1.095772,0.839259,0.636083,0.739966,0.764992,0.000000,0.602769,0.569889,0.471774,0.378759,0.686304,0.464250,0.514785,0.551236,0.157586,0.163795,0.235685,0.202394,0.226131,0.284091,0.080715,0.125133,-0.057576,0.187440,0.455407,0.476661,0.466245,0.270887,-0.203612,-0.102474,-0.096247,0.208174,0.020379,0.004352,0.348400,0.468073,0.092237,-0.084686,-0.026309,0.121109,-0.347207,0.130348,0.056956,0.178922,-0.182154,-0.027196,0.073344,0.361267
