0.000000,0.831628,0.462321,0.738200,0.408628,0.431240,0.705681,0.564097,0.158698,0.297867,0.529731,0.398012,0.289366,0.441582,0.576081,0.418298,0.410195,0.616910,0.641669,0.847777,0.472642,0.499213,0.215281,0.489444,0.192231,0.118147,0.477933,0.282996,0.480698,0.442836,0.394138,0.287345,0.604078,0.843095,0.202372,0.331499,0.235768,0.397375,0.379932,0.532214,0.559899,0.193180,0.688023,0.493825,0.411137,0.595613,0.737215,0.702985,0.808820,0.747825,0.625675,0.397725,0.692750,0.572521,0.508741,0.523917,1.546238,1.526540,0.687620,0.537801,0.513441,0.260784,0.605188,0.863477,-0.045037,0.404966,0.439943,0.337856,0.885353,0.716243,0.213473,0.353055,0.376396,0.472385,0.394247,0.423105,0.719051,0.761149,-0.061322,0.299844,0.700155,0.778445,0.655089,0.856784,0.268288,0.489143,0.455008,0.388950,0.379498,0.333059
0.831628,0.000000,0.361941,1.206440,0.301284,0.490382,0.699493,1.096919,0.122984,0.350313,0.389938,0.491540,0.161252,0.602727,0.615318,0.494988,0.410071,0.616741,0.529540,0.920026,0.455059,0.382264,0.327793,0.621742,0.084361,0.056146,0.550435,0.462006,0.471028,0.623577,0.398566,0.231817,1.008595,0.986898,-0.018610,0.315181,0.011678,0.374215,0.267817,0.363589,0.439922,0.152559,0.608955,0.520617,0.381564,0.784367,0.679650,0.727561,0.761042,0.881708,0.684055,0.668497,0.718770,0.572404,0.586561,0.653306,1.015256,0.907517,1.324331,1.103362,1.191060,0.938113,1.029834,1.181341,0.290927,0.969276,0.832274,0.902111,0.700884,0.793454,0.227469,0.138008,0.290868,0.564207,0.243456,0.662772,0.645301,0.746237,-0.110337,0.136267,0.694508,0.731347,0.640421,0.884120,0.391837,0.604251,0.559096,0.490389,0.417119,0.403049
0.462321,0.361941,0.000000,0.542449,0.602274,0.201877,1.092989,0.514697,0.475795,0.341406,0.471002,0.120061,0.452136,0.202958,0.547798,0.300986,0.128282,0.073210,0.620668,0.383699,0.230237,0.257259,0.918617,0.725112,0.434406,0.221177,0.671139,0.327429,0.253752,0.091789,0.362135,0.329513,0.464671,0.419792,0.358092,0.387042,0.014656,0.047904,0.371573,0.312849,0.177225,0.142881,0.307975,0.225426,0.309898,0.172488,0.325350,0.262448,0.280441,0.295790,0.321928,0.184150,0.193652,0.103437,0.245996,0.097038,0.298162,0.280740,0.365950,0.222100,0.383757,0.230164,0.137814,0.200339,0.727220,0.412083,0.482825,0.205898,0.390798,0.384649,0.099622,0.387633,0.226725,0.248382,0.185777,0.120657,0.375271,0.315012,-0.143758,0.046574,0.194181,0.197559,0.575994,0.290751,0.632707,0.319916,0.452153,0.348655,0.901491,0.435209
0.738200,1.206440,0.542449,0.000000,0.408938,0.754872,0.973723,1.792161,0.250435,0.585245,0.458905,0.666803,0.189872,0.529719,0.595808,0.642656,0.281390,0.501397,0.502567,0.808573,0.324495,0.278635,0.394521,0.900242,0.138581,0.075425,0.535760,0.442748,0.369448,0.538468,0.426064,0.251577,0.915509,0.951701,0.033882,0.487060,-0.110527,0.251865,0.192830,0.270173,0.295736,0.062894,0.489974,0.402124,0.360208,0.832219,0.539536,0.538861,0.680929,0.963493,0.561471,0.690129,0.610922,0.413613,0.379443,0.389478,0.828605,0.712904,1.139699,1.188300,1.117880,1.055070,0.787426,0.991363,0.481913,1.403656,0.746696,0.849325,0.615037,0.710828,0.313783,0.118125,0.240776,0.488516,0.251947,0.576299,0.615782,0.683818,-0.151578,0.078017,0.536352,0.598081,0.501516,0.797616,0.381607,0.524168,0.407565,0.446511,0.547472,0.580134
0.408628,0.301284,0.602274,0.408938,0.000000,0.585696,0.617973,0.386359,0.699641,0.501705,0.203058,0.278807,0.202178,0.180114,0.447781,0.260075,0.105986,0.249842,0.407510,0.383956,0.355961,0.426381,0.412854,0.391313,0.392857,0.306614,0.593409,0.501310,0.236490,0.280301,0.449545,0.349732,0.218928,0.259803,0.384447,0.262285,-0.027794,0.085925,0.139208,0.154678,0.277152,0.058200,0.461242,0.362666,0.479511,0.453074,0.394856,0.393368,0.426673,0.357599,0.468286,0.334829,0.340161,0.209740,0.104860,0.106455,0.313548,0.308220,0.340821,0.229913,0.171555,0.124803,0.111105,0.179760,0.306406,0.231970,0.403416,0.319275,0.435977,0.483590,0.317205,0.462284,0.331303,0.420919,0.320789,0.189685,0.377845,0.495406,-0.059465,0.093083,0.263860,0.332098,0.352832,0.288916,0.435201,0.343423,0.214040,0.278031,0.492100,0.408572
0.431240,0.490382,0.201877,0.754872,0.585696,0.000000,0.416002,0.628250,0.465640,0.746320,0.184844,0.569091,0.096213,0.297354,0.353961,0.519397,0.183961,0.519317,0.285368,0.565265,0.262233,0.201888,0.167527,0.504924,0.236099,0.264027,0.333229,0.484369,0.175188,0.467133,0.404779,0.304926,0.291404,0.352295,0.186017,0.428545,-0.061606,0.234062,0.120161,0.157534,0.177476,0.038290,0.469857,0.390660,0.422772,0.710197,0.436980,0.521094,0.597928,0.671026,0.531551,0.613618,0.504560,0.418796,0.152598,0.222629,0.473574,0.438258,0.513521,0.655146,0.337761,0.429263,0.261274,0.391164,0.139461,0.503031,0.411779,0.543457,0.468443,0.574997,0.343734,0.140465,0.300632,0.468733,0.342247,0.419159,0.490814,0.581882,0.004292,0.192648,0.428108,0.471389,0.164510,0.431338,0.238792,0.315483,0.072830,0.228918,0.289182,0.422874
0.705681,0.699493,1.092989,0.973723,0.617973,0.416002,0.000000,0.973882,0.405031,0.404943,0.667063,0.329317,0.379837,0.338709,0.659922,0.415760,0.169584,0.250316,0.451381,0.454113,0.263704,0.281979,0.599389,0.804336,0.190593,0.036830,0.575725,0.402038,0.356762,0.292429,0.392553,0.193231,0.888093,0.941374,0.095870,0.233970,-0.069390,0.043257,0.210707,0.202527,0.230122,-0.027282,0.286673,0.179564,0.301943,0.408217,0.334995,0.306196,0.519732,0.549709,0.449130,0.292815,0.419793,0.297165,0.308925,0.204488,0.603201,0.595337,0.782170,0.588811,0.845926,0.568603,0.514096,0.691145,0.717187,0.886995,0.546625,0.370537,0.408377,0.456953,0.070730,0.236609,0.232694,0.283328,0.228140,0.309693,0.440103,0.378834,-0.076712,0.060947,0.288687,0.353886,0.543740,0.469097,0.449538,0.365158,0.364014,0.256636,0.731693,0.397565
0.564097,1.096919,0.514697,1.792161,0.386359,0.628250,0.973882,0.000000,0.322702,0.628412,0.508961,0.766810,0.227588,0.595756,0.611256,0.668691,0.213301,0.395459,0.391475,0.606247,0.207706,0.212436,0.327841,0.845663,-0.007302,-0.064099,0.420668,0.329430,0.297297,0.472202,0.240212,0.061627,0.840284,0.828716,-0.108758,0.343854,-0.165154,0.185386,0.094956,0.135575,0.244045,-0.056902,0.343163,0.330590,0.251533,0.747426,0.391100,0.391853,0.565586,0.895568,0.472525,0.671608,0.575648,0.376289,0.342803,0.354030,0.597945,0.516014,1.111605,1.247672,1.225861,1.214791,0.788711,0.911455,0.609245,1.647074,0.648850,0.809627,0.432397,0.581338,0.207120,0.002941,0.146281,0.386306,0.184959,0.488499,0.452689,0.507746,-0.175016,-0.009367,0.412362,0.444153,0.462686,0.703708,0.360889,0.423157,0.354550,0.377864,0.539977,0.562155
0.158698,0.122984,0.475795,0.250435,0.699641,0.465640,0.405031,0.322702,0.000000,0.820492,0.403214,0.466912,0.554587,0.342014,0.577681,0.536948,0.164183,0.228696,0.197613,0.209685,0.153003,0.059671,0.235815,0.356598,0.133417,0.095984,0.204201,0.145227,0.252323,0.235362,-0.020416,0.027483,-0.067470,-0.049179,0.112956,0.173176,0.126710,0.014347,0.186496,0.076907,-0.000485,0.093344,0.212356,0.233704,0.260186,0.267921,0.219370,0.292890,0.324107,0.326528,0.400188,0.367532,0.308319,0.190469,0.082139,0.088860,0.017303,0.046524,0.223374,0.242413,0.106224,0.106595,-0.012253,-0.065706,0.410260,0.189287,0.151735,0.122968,0.220726,0.271032,0.136270,0.304977,0.251923,0.241870,0.175301,0.040978,0.170032,0.320473,0.006802,0.307858,0.215418,0.206528,0.263762,0.141215,0.414014,0.179614,0.156763,0.133716,0.544097,0.465824
0.297867,0.350313,0.341406,0.585245,0.501705,0.746320,0.404943,0.628412,0.820492,0.000000,0.374152,0.713310,0.411078,0.527342,0.647119,0.916705,0.178962,0.338380,0.299056,0.372628,0.205803,0.120657,0.195260,0.640386,0.154165,0.114535,0.234396,0.133012,0.154353,0.278737,0.056112,0.101000,0.094240,0.129475,0.078884,0.306118,-0.009329,0.146425,0.093882,0.170406,0.078760,0.068875,0.258231,0.275718,0.184541,0.393197,0.246213,0.325705,0.336815,0.502170,0.360248,0.550957,0.439527,0.313698,0.053651,0.159758,0.207364,0.217263,0.334040,0.504244,0.262188,0.321400,0.124574,0.193424,0.323066,0.436558,0.193922,0.262393,0.338698,0.370477,0.223006,0.185632,0.229653,0.385948,0.193420,0.262032,0.281781,0.464259,-0.049273,0.228799,0.329819,0.331718,0.315904,0.428034,0.331368,0.272329,0.198312,0.289744,0.521844,0.575119
0.529731,0.389938,0.471002,0.458905,0.203058,0.184844,0.667063,0.508961,0.403214,0.374152,0.000000,0.614715,1.076469,0.501095,0.738765,0.396997,0.442261,0.334690,0.218319,0.216767,0.141841,0.034673,0.066353,0.298453,-0.221957,-0.342757,0.119721,0.019018,0.529535,0.231454,-0.024720,-0.104478,0.336987,0.397250,-0.110341,-0.030850,0.032937,-0.066437,0.127907,-0.013237,0.119925,0.026922,-0.001756,0.007096,0.107739,0.205584,0.108847,0.152895,0.416148,0.365486,0.293115,0.146533,0.389210,0.217203,0.115524,0.140222,0.358820,0.443114,0.502442,0.387458,0.558908,0.343610,0.469323,0.432146,0.435547,0.463421,0.152931,0.065411,0.259624,0.272998,0.006836,0.090677,0.286747,0.247935,0.319469,0.340043,0.276340,0.221924,0.078111,0.166733,0.350432,0.317361,0.404604,0.331435,0.246423,0.156948,0.209125,-0.041296,0.574432,0.191436
0.398012,0.491540,0.120061,0.666803,0.278807,0.569091,0.329317,0.766810,0.466912,0.713310,0.614715,0.000000,0.471006,0.856341,0.513631,0.757371,0.283183,0.489570,0.236807,0.409173,0.161385,0.041739,-0.151662,0.315468,-0.257481,-0.271476,0.011620,0.045650,0.277273,0.415382,-0.103049,-0.101970,0.159309,0.216034,-0.104669,0.284429,0.004906,0.121520,0.076477,0.008299,0.104357,0.080909,0.243252,0.343200,0.216619,0.689457,0.277883,0.339529,0.569765,0.828278,0.441798,0.649092,0.562760,0.333153,0.142851,0.323908,0.357477,0.350992,0.551231,0.693877,0.477906,0.506545,0.389017,0.400156,0.175049,0.543342,0.215618,0.374134,0.290392,0.353562,0.279136,-0.010463,0.229660,0.444861,0.288223,0.444563,0.368927,0.464011,-0.130309,0.121372,0.403185,0.394864,0.201318,0.460634,0.159120,0.264384,0.100014,0.092012,0.349121,0.442985
0.289366,0.161252,0.452136,0.189872,0.202178,0.096213,0.379837,0.227588,0.554587,0.411078,1.076469,0.471006,0.000000,0.516217,0.717984,0.436810,0.333738,0.215524,0.223206,0.128864,0.160021,0.032143,0.087190,0.181860,-0.140655,-0.188271,0.078448,-0.004068,0.437414,0.136744,-0.082697,-0.068489,0.087837,0.054996,0.079910,0.051527,0.101313,-0.106091,0.274479,-0.021865,-0.007680,0.175416,0.057152,0.032087,0.177829,0.055844,0.096231,0.160621,0.265665,0.176152,0.276170,0.073892,0.245208,0.088510,0.057156,0.030505,0.138432,0.210264,0.237862,0.174824,0.265038,0.121506,0.183514,0.067402,0.376931,0.171050,0.080826,-0.036037,0.249346,0.272524,-0.043633,0.143963,0.230508,0.192119,0.242731,0.184862,0.203371,0.179490,0.059269,0.194568,0.311743,0.247122,0.381986,0.240596,0.312481,0.132351,0.228901,-0.011793,0.634973,0.134349
0.441582,0.602727,0.202958,0.529719,0.180114,0.297354,0.338709,0.595756,0.342014,0.527342,0.501095,0.856341,0.516217,0.000000,0.731627,0.937815,0.430571,0.553540,0.483212,0.611273,0.237599,0.107943,0.153829,0.485061,-0.038751,-0.105859,0.093438,0.043259,0.395696,0.441047,0.073392,0.022143,0.253033,0.240539,-0.000623,0.279726,0.163120,0.210856,0.298996,0.238345,0.278564,0.257239,0.405013,0.431672,0.324636,0.579641,0.453657,0.513415,0.575728,0.685929,0.582398,0.605512,0.661781,0.528465,0.282064,0.454919,0.430254,0.445649,0.522479,0.607008,0.434991,0.411889,0.490188,0.446705,0.184614,0.420787,0.387134,0.431520,0.420491,0.447262,0.143687,0.043598,0.327432,0.486478,0.257117,0.493077,0.545668,0.510381,-0.094596,0.196569,0.506723,0.487816,0.579204,0.707216,0.408706,0.587245,0.457087,0.394671,0.501156,0.578863
0.576081,0.615318,0.547798,0.595808,0.447781,0.353961,0.659922,0.611256,0.577681,0.647119,0.738765,0.513631,0.717984,0.731627,0.000000,0.796687,0.491408,0.487674,0.565925,0.526198,0.330757,0.258127,0.404396,0.636089,0.210578,0.098220,0.345668,0.185403,0.604177,0.462674,0.211552,0.094504,0.387138,0.389333,0.019498,0.164095,0.117463,0.099210,0.327074,0.247276,0.271140,0.255613,0.288513,0.285648,0.173938,0.311955,0.344026,0.394422,0.359649,0.426442,0.383040,0.340319,0.513124,0.345015,0.225867,0.262913,0.488192,0.526050,0.494628,0.527779,0.494372,0.377807,0.518977,0.452652,0.417146,0.481569,0.375565,0.329063,0.561365,0.532069,0.129051,0.256479,0.334058,0.462855,0.300350,0.355235,0.519417,0.493754,0.072201,0.289526,0.597869,0.574015,0.861897,0.684474,0.589849,0.544285,0.593423,0.422842,0.664665,0.506932
0.418298,0.494988,0.300986,0.642656,0.260075,0.519397,0.415760,0.668691,0.536948,0.916705,0.396997,0.757371,0.436810,0.937815,0.796687,0.000000,0.255263,0.484223,0.468441,0.586336,0.161377,0.115781,0.193843,0.707870,0.126303,0.089591,0.144393,0.051901,0.332301,0.476603,0.027343,0.042399,0.175366,0.196067,0.010991,0.275453,0.132259,0.262001,0.211793,0.331687,0.220403,0.240161,0.358281,0.360010,0.188478,0.444677,0.346862,0.402979,0.440409,0.659170,0.510839,0.635687,0.594061,0.490006,0.243643,0.352205,0.387978,0.391568,0.412119,0.617877,0.360774,0.369866,0.266762,0.330432,0.254841,0.476296,0.241335,0.335800,0.439814,0.380287,0.172936,0.184629,0.253402,0.441046,0.156999,0.304226,0.462323,0.529910,-0.145992,0.259080,0.453330,0.497019,0.529045,0.771740,0.430577,0.483825,0.422475,0.396290,0.586617,0.778452
0.410195,0.410071,0.128282,0.281390,0.105986,0.183961,0.169584,0.213301,0.164183,0.178962,0.442261,0.283183,0.333738,0.430571,0.491408,0.255263,0.000000,0.788913,0.405565,0.530656,0.244550,0.105035,0.101153,0.099095,0.144566,0.142202,0.231705,0.131070,0.834027,0.641839,0.285566,0.274068,0.175367,0.208895,0.040051,0.125298,0.063116,0.199138,0.332887,0.220296,0.227938,0.344603,0.331893,0.405188,0.334249,0.323156,0.460320,0.537980,0.381881,0.263326,0.346675,0.268801,0.331277,0.211869,0.248717,0.359660,0.439692,0.433103,0.301573,0.237539,0.212753,0.138017,0.469916,0.314081,0.013603,0.105814,0.331468,0.258956,0.474430,0.416540,0.019719,0.051995,0.491605,0.542393,0.495123,0.472511,0.439786,0.365074,0.248312,0.507531,0.863956,0.721824,0.495698,0.397188,0.449248,0.487413,0.366625,0.212962,0.197602,0.184843
0.616910,0.616741,0.073210,0.501397,0.249842,0.519317,0.250316,0.395459,0.228696,0.338380,0.334690,0.489570,0.215524,0.553540,0.487674,0.484223,0.788913,0.000000,0.401902,0.771170,0.264589,0.162712,-0.006269,0.184622,0.123231,0.104999,0.207276,0.164001,0.653739,1.016112,0.332140,0.239108,0.272504,0.374731,0.039178,0.253370,0.155035,0.349346,0.204233,0.324989,0.431050,0.249901,0.502575,0.552484,0.404181,0.671043,0.584902,0.637197,0.636790,0.544762,0.528934,0.466534,0.557845,0.444790,0.309234,0.498672,0.686267,0.701671,0.532859,0.500573,0.318656,0.287665,0.569901,0.590522,-0.080941,0.282599,0.326542,0.455199,0.636219,0.480774,0.199148,0.160649,0.398844,0.606510,0.344050,0.484220,0.620404,0.672190,0.076652,0.574957,1.062189,1.185317,0.480102,0.712856,0.380463,0.598785,0.335126,0.237885,0.224169,0.287438
0.641669,0.529540,0.620668,0.502567,0.407510,0.285368,0.451381,0.391475,0.197613,0.299056,0.218319,0.236807,0.223206,0.483212,0.565925,0.468441,0.405565,0.401902,0.000000,1.051054,0.339331,0.331513,0.664474,0.535446,0.494332,0.394422,0.522911,0.345854,0.457915,0.286114,0.535285,0.524125,0.317787,0.267345,0.432557,0.542228,0.152470,0.313641,0.533641,0.639044,0.326069,0.411222,0.720620,0.579802,0.508787,0.480577,0.693179,0.676992,0.362260,0.449797,0.432586,0.414454,0.362390,0.242222,0.348002,0.338047,0.575326,0.493301,0.319246,0.304130,0.235677,0.161938,0.298778,0.229799,0.264464,0.228921,0.724704,0.525969,0.910632,0.696179,0.267774,0.422462,0.449176,0.516920,0.396321,0.338078,0.879067,0.791755,-0.132002,0.233415,0.586091,0.592905,1.021096,0.686816,0.825241,0.734030,0.811119,0.670647,0.521945,0.634561
0.847777,0.920026,0.383699,0.808573,0.383956,0.565265,0.454113,0.606247,0.209685,0.372628,0.216767,0.409173,0.128864,0.611273,0.526198,0.586336,0.530656,0.771170,1.051054,0.000000,0.388668,0.339536,0.464717,0.641587,0.403963,0.346650,0.568202,0.437126,0.487843,0.601910,0.639107,0.497150,0.475806,0.489548,0.317682,0.662161,0.245464,0.527069,0.516287,0.702560,0.540593,0.318991,0.986636,0.801433,0.647170,0.876777,1.052325,1.069048,0.789747,0.818655,0.787925,0.707178,0.730122,0.545555,0.565037,0.646099,0.960551,0.845056,0.680225,0.666826,0.453132,0.419110,0.535611,0.569183,0.110475,0.423805,0.866379,0.856295,1.184561,1.020967,0.350774,0.317514,0.450587,0.612703,0.400783,0.525886,1.112340,1.174537,-0.151155,0.295009,0.771642,0.911416,0.772746,0.980934,0.665404,0.861632,0.693057,0.697721,0.495605,0.690773
0.472642,0.455059,0.230237,0.324495,0.355961,0.262233,0.263704,0.207706,0.153003,0.205803,0.141841,0.161385,0.160021,0.237599,0.330757,0.161377,0.244550,0.264589,0.339331,0.388668,0.000000,0.706274,0.320443,0.276602,0.322687,0.301434,0.496968,0.542048,0.238833,0.245321,0.497461,0.583167,0.402752,0.407199,0.309172,0.247338,0.163754,0.302147,0.515952,0.387911,0.288215,0.457777,0.462484,0.300678,0.306764,0.256393,0.401678,0.528167,0.347326,0.241568,0.306037,0.126896,0.227934,0.145752,0.231006,0.224078,0.554853,0.547942,0.300847,0.191552,0.245075,0.092199,0.313585,0.321854,0.020203,0.168489,0.368177,0.216056,0.407570,0.405889,0.452322,0.513091,0.399348,0.522454,0.234196,0.383288,0.346887,0.399519,-0.003020,0.308110,0.334191,0.353471,0.348646,0.327642,0.218080,0.299718,0.390297,0.389950,0.267273,0.131604
0.499213,0.382264,0.257259,0.278635,0.426381,0.201888,0.281979,0.212436,0.059671,0.120657,0.034673,0.041739,0.032143,0.107943,0.258127,0.115781,0.105035,0.162712,0.331513,0.339536,0.706274,0.000000,0.317221,0.298946,0.276687,0.275982,0.585273,0.590020,0.068400,0.072582,0.378421,0.343613,0.328376,0.390163,0.311007,0.213562,0.149331,0.385076,0.345202,0.508509,0.542846,0.302618,0.452710,0.313089,0.257391,0.259538,0.379010,0.461464,0.244341,0.244861,0.306231,0.178667,0.299226,0.292018,0.277779,0.293986,0.485493,0.503790,0.249284,0.191193,0.151124,0.053844,0.227583,0.300017,-0.004974,0.150919,0.330496,0.199407,0.482848,0.426358,0.211843,0.381002,0.286282,0.370908,0.191962,0.209465,0.305279,0.363214,-0.250115,0.068065,0.197043,0.228766,0.387355,0.398558,0.216622,0.322125,0.427952,0.442475,0.247045,0.239994
0.215281,0.327793,0.918617,0.394521,0.412854,0.167527,0.599389,0.327841,0.235815,0.195260,0.066353,-0.151662,0.087190,0.153829,0.404396,0.193843,0.101153,-0.006269,0.664474,0.464717,0.320443,0.317221,0.000000,0.851796,0.801130,0.561191,0.719361,0.517633,0.122588,-0.008594,0.723030,0.579587,0.450070,0.309450,0.521281,0.447282,0.077816,0.165534,0.471851,0.408649,0.279112,0.271711,0.348953,0.184581,0.324337,0.097652,0.329155,0.287244,0.089562,0.107206,0.198751,0.094576,0.077702,0.050636,0.155637,0.062502,0.228464,0.169700,0.205456,0.120779,0.216504,0.166114,0.096881,0.096987,0.666298,0.305504,0.690842,0.357808,0.452521,0.463946,0.122374,0.363641,0.210693,0.164823,0.112850,0.121389,0.446771,0.302556,-0.107416,0.012639,0.119797,0.138833,0.629201,0.286022,0.784439,0.499452,0.709435,0.681120,0.627658,0.515001
0.489444,0.621742,0.725112,0.900242,0.391313,0.504924,0.804336,0.845663,0.356598,0.640386,0.298453,0.315468,0.181860,0.485061,0.636089,0.707870,0.099095,0.184622,0.535446,0.641587,0.276602,0.298946,0.851796,0.000000,0.483238,0.316569,0.605433,0.377430,0.117149,0.188710,0.439897,0.342724,0.534683,0.537692,0.221065,0.510340,0.063478,0.273699,0.319311,0.438354,0.381908,0.132063,0.351251,0.187663,0.239432,0.345618,0.438171,0.392490,0.334364,0.505924,0.369129,0.410844,0.440118,0.374037,0.268605,0.253284,0.471616,0.432762,0.461332,0.558920,0.491331,0.448591,0.294162,0.447548,0.500514,0.684473,0.546410,0.451336,0.527616,0.581401,0.199954,0.288428,0.195897,0.288951,0.139448,0.273435,0.509736,0.489447,-0.156556,0.004701,0.211311,0.265896,0.588886,0.647887,0.522024,0.500318,0.530398,0.690094,0.747916,0.856361
0.192231,0.084361,0.434406,0.138581,0.392857,0.236099,0.190593,-0.007302,0.133417,0.154165,-0.221957,-0.257481,-0.140655,-0.038751,0.210578,0.126303,0.144566,0.123231,0.494332,0.403963,0.322687,0.276687,0.801130,0.483238,0.000000,1.218769,0.573192,0.421691,0.138337,0.071472,0.732999,0.857268,0.090465,0.099990,0.681723,0.495838,0.174654,0.286331,0.398234,0.524359,0.263918,0.382522,0.400060,0.265941,0.328892,0.068405,0.335274,0.301440,0.031367,-0.029073,0.111518,0.022591,-0.002921,-0.002420,0.060660,0.037078,0.205889,0.136167,-0.119840,-0.132727,-0.196009,-0.211413,-0.141327,-0.119963,0.077749,-0.075057,0.347700,0.168659,0.399477,0.258992,0.213164,0.461310,0.275210,0.291280,0.166380,0.098530,0.363521,0.347029,-0.009801,0.236984,0.220516,0.249481,0.346676,0.183296,0.539662,0.505592,0.411381,0.553710,0.276139,0.382919
0.118147,0.056146,0.221177,0.075425,0.306614,0.264027,0.036830,-0.064099,0.095984,0.114535,-0.342757,-0.271476,-0.188271,-0.105859,0.098220,0.089591,0.142202,0.104999,0.394422,0.346650,0.301434,0.275982,0.561191,0.316569,1.218769,0.000000,0.479850,0.457733,0.107481,0.082836,0.617462,0.897716,0.047815,0.047350,0.661631,0.438253,0.172096,0.313127,0.353274,0.444871,0.151528,0.407676,0.415582,0.280440,0.342306,0.084218,0.331517,0.323797,0.018444,-0.018144,0.127857,0.014411,-0.030781,-0.065641,0.027477,0.020270,0.187772,0.112551,-0.152999,-0.132709,-0.243563,-0.231223,-0.157013,-0.156284,-0.053048,-0.129165,0.326256,0.181982,0.357120,0.267434,0.154154,0.368029,0.242270,0.246243,0.158298,0.084042,0.251558,0.332042,0.077069,0.197685,0.249574,0.236942,0.236440,0.139195,0.430694,0.431404,0.329843,0.525470,0.110292,0.323459
0.477933,0.550435,0.671139,0.535760,0.593409,0.333229,0.575725,0.420668,0.204201,0.234396,0.119721,0.011620,0.078448,0.093438,0.345668,0.144393,0.231705,0.207276,0.522911,0.568202,0.496968,0.585273,0.719361,0.605433,0.573192,0.479850,0.000000,1.002595,0.153424,0.165301,0.691208,0.636980,0.552478,0.475048,0.344030,0.421589,0.033089,0.311150,0.416068,0.404092,0.461758,0.230755,0.504359,0.343294,0.435860,0.323542,0.566040,0.580581,0.356628,0.318318,0.431057,0.308317,0.289872,0.198581,0.332389,0.279829,0.495174,0.424114,0.440446,0.285913,0.354072,0.233117,0.277159,0.332447,0.346946,0.340615,0.734975,0.495963,0.623636,0.703301,0.186944,0.372012,0.203357,0.364341,0.170852,0.277613,0.444078,0.566445,-0.137752,0.024268,0.265374,0.331317,0.468310,0.435951,0.473683,0.528205,0.497006,0.579895,0.547527,0.383425
0.282996,0.462006,0.327429,0.442748,0.501310,0.484369,0.402038,0.329430,0.145227,0.133012,0.019018,0.045650,-0.004068,0.043259,0.185403,0.051901,0.131070,0.164001,0.345854,0.437126,0.542048,0.590020,0.517633,0.377430,0.421691,0.457733,1.002595,0.000000,0.049026,0.106199,0.737790,0.635034,0.506215,0.415136,0.410550,0.417973,0.003223,0.279398,0.382554,0.268062,0.289263,0.322074,0.484092,0.278607,0.472335,0.388096,0.444430,0.529752,0.360009,0.318481,0.468269,0.305878,0.221925,0.136148,0.209175,0.181210,0.391295,0.346823,0.385674,0.261627,0.288138,0.207843,0.176810,0.236895,0.263069,0.298708,0.674505,0.499037,0.479589,0.634868,0.244196,0.357478,0.359342,0.375892,0.344991,0.416575,0.406199,0.433032,-0.115186,0.002543,0.178894,0.233002,0.232003,0.259542,0.342311,0.487959,0.379432,0.439636,0.288459,0.239269
0.480698,0.471028,0.253752,0.369448,0.236490,0.175188,0.356762,0.297297,0.252323,0.154353,0.529535,0.277273,0.437414,0.395696,0.604177,0.332301,0.834027,0.653739,0.457915,0.487843,0.238833,0.068400,0.122588,0.117149,0.138337,0.107481,0.153424,0.049026,0.000000,0.832531,0.249877,0.219211,0.273977,0.303629,-0.010670,0.076873,0.036658,0.059001,0.176117,0.170331,0.157745,0.262140,0.281468,0.399609,0.328112,0.353630,0.333670,0.377497,0.378645,0.266426,0.328091,0.244574,0.250835,0.177000,0.157392,0.271940,0.446624,0.439209,0.427245,0.305324,0.383621,0.280300,0.571341,0.384767,0.176745,0.253919,0.285720,0.279857,0.462467,0.323979,0.080127,0.168489,0.510358,0.542695,0.310703,0.408879,0.360513,0.369887,0.287156,0.621614,1.020782,0.838956,0.577741,0.405218,0.446264,0.432119,0.332553,0.050982,0.201563,0.122029
0.442836,0.623577,0.091789,0.538468,0.280301,0.467133,0.292429,0.472202,0.235362,0.278737,0.231454,0.415382,0.136744,0.441047,0.462674,0.476603,0.641839,1.016112,0.286114,0.601910,0.245321,0.072582,-0.008594,0.188710,0.071472,0.082836,0.165301,0.106199,0.832531,0.000000,0.233591,0.174196,0.339540,0.396412,-0.106307,0.196213,0.007049,0.256378,0.055507,0.239345,0.264025,0.163312,0.329537,0.523122,0.245014,0.534521,0.384727,0.436091,0.491312,0.455459,0.393379,0.429197,0.384927,0.302712,0.260380,0.402974,0.535796,0.500442,0.587524,0.553878,0.463001,0.481094,0.582579,0.578338,0.045385,0.394932,0.289438,0.472975,0.440256,0.348384,0.168517,0.076006,0.298696,0.528553,0.198239,0.365650,0.394989,0.462862,0.175821,0.604323,1.016010,1.071577,0.422283,0.632880,0.337422,0.452199,0.248992,0.095206,0.186092,0.216700
0.394138,0.398566,0.362135,0.426064,0.449545,0.404779,0.392553,0.240212,-0.020416,0.056112,-0.024720,-0.103049,-0.082697,0.073392,0.211552,0.027343,0.285566,0.332140,0.535285,0.639107,0.497461,0.378421,0.723030,0.439897,0.732999,0.617462,0.691208,0.737790,0.249877,0.233591,0.000000,1.017338,0.487557,0.458145,0.538305,0.446157,0.112598,0.228869,0.461779,0.415368,0.353899,0.189298,0.597741,0.335200,0.544280,0.349683,0.529669,0.501925,0.307677,0.160754,0.311442,0.138646,0.185318,0.090280,0.185940,0.122985,0.543319,0.478695,0.280305,0.159327,0.169081,0.126064,0.218015,0.297276,0.146501,0.216351,0.667350,0.444999,0.610115,0.602985,0.300276,0.337720,0.364545,0.302537,0.403602,0.306891,0.610201,0.484853,0.046681,0.130862,0.348412,0.419891,0.343938,0.320205,0.406142,0.573867,0.412731,0.482131,0.231479,0.216252
0.287345,0.231817,0.329513,0.251577,0.349732,0.304926,0.193231,0.061627,0.027483,0.101000,-0.104478,-0.101970,-0.068489,0.022143,0.094504,0.042399,0.274068,0.239108,0.524125,0.497150,0.583167,0.343613,0.579587,0.342724,0.857268,0.897716,0.636980,0.635034,0.219211,0.174196,1.017338,0.000000,0.255626,0.270832,0.667572,0.469273,0.074440,0.206011,0.463039,0.453024,0.170631,0.494444,0.502928,0.296245,0.461786,0.186715,0.431772,0.464876,0.170131,0.019822,0.195902,0.029982,0.022465,-0.109900,0.037550,-0.022508,0.391011,0.315312,0.056876,-0.092520,-0.018291,-0.093997,-0.001210,0.052034,0.027535,0.009255,0.438284,0.210368,0.478256,0.360728,0.315199,0.458974,0.484557,0.453209,0.386869,0.317329,0.420091,0.432010,0.029444,0.239355,0.325757,0.346464,0.280996,0.193170,0.373054,0.462484,0.411456,0.457381,0.184641,0.204645
0.604078,1.008595,0.464671,0.915509,0.218928,0.291404,0.888093,0.840284,-0.067470,0.094240,0.336987,0.159309,0.087837,0.253033,0.387138,0.175366,0.175367,0.272504,0.317787,0.475806,0.402752,0.328376,0.450070,0.534683,0.090465,0.047815,0.552478,0.506215,0.273977,0.339540,0.487557,0.255626,0.000000,1.375928,0.053401,0.216978,-0.098723,0.151378,0.228710,0.193056,0.311577,0.003088,0.331066,0.222317,0.225865,0.397554,0.348086,0.356613,0.455648,0.477501,0.354422,0.217220,0.343562,0.224671,0.349817,0.261202,0.753337,0.675421,0.937621,0.670921,1.152033,0.837849,0.811131,1.041316,0.456289,1.017861,0.691743,0.589467,0.371050,0.457705,0.082776,0.074807,0.087945,0.219279,0.141601,0.418455,0.379373,0.325368,-0.029382,-0.045697,0.358427,0.395253,0.433549,0.499353,0.237303,0.396839,0.353029,0.348365,0.373587,0.180704
0.843095,0.986898,0.419792,0.951701,0.259803,0.352295,0.941374,0.828716,-0.049179,0.129475,0.397250,0.216034,0.054996,0.240539,0.389333,0.196067,0.208895,0.374731,0.267345,0.489548,0.407199,0.390163,0.309450,0.537692,0.099990,0.047350,0.475048,0.415136,0.303629,0.396412,0.458145,0.270832,1.375928,0.000000,0.058004,0.212666,-0.086585,0.202606,0.131628,0.227065,0.343964,0.011781,0.282500,0.187305,0.229960,0.458240,0.351149,0.348910,0.523257,0.526505,0.306982,0.164183,0.344296,0.272551,0.304705,0.243172,0.980707,0.960039,0.860109,0.629595,0.948458,0.655263,0.781933,1.290073,0.228923,0.910336,0.492347,0.418647,0.370516,0.418703,0.076009,0.116774,0.237706,0.321958,0.239493,0.509384,0.358836,0.345939,0.014264,0.069175,0.398294,0.468885,0.381514,0.528437,0.135000,0.324787,0.292727,0.274100,0.259018,0.121645
0.202372,-0.018610,0.358092,0.033882,0.384447,0.186017,0.095870,-0.108758,0.112956,0.078884,-0.110341,-0.104669,0.079910,-0.000623,0.019498,0.010991,0.040051,0.039178,0.432557,0.317682,0.309172,0.311007,0.521281,0.221065,0.681723,0.661631,0.344030,0.410550,-0.010670,-0.106307,0.538305,0.667572,0.053401,0.058004,0.000000,0.716952,0.299308,0.240076,0.442622,0.420313,0.216710,0.384752,0.516425,0.326580,0.583331,0.164742,0.387328,0.336183,0.154130,0.063762,0.178260,-0.070332,-0.003083,-0.090419,-0.019062,-0.037474,0.213249,0.191492,-0.136089,-0.196371,-0.258832,-0.277444,-0.311028,-0.205527,0.005858,-0.175589,0.302466,0.064175,0.401856,0.293350,0.239962,0.403260,0.267992,0.184870,0.317880,0.119425,0.319334,0.321672,-0.083461,0.082987,0.106180,0.138655,0.175204,0.084897,0.365770,0.354077,0.272443,0.447337,0.342978,0.246893
0.331499,0.315181,0.387042,0.487060,0.262285,0.428545,0.233970,0.343854,0.173176,0.306118,-0.030850,0.284429,0.051527,0.279726,0.164095,0.275453,0.125298,0.253370,0.542228,0.662161,0.247338,0.213562,0.447282,0.510340,0.495838,0.438253,0.421589,0.417973,0.076873,0.196213,0.446157,0.469273,0.216978,0.212666,0.716952,0.000000,0.259811,0.378465,0.430625,0.451868,0.225978,0.285103,0.602735,0.520710,0.617215,0.601795,0.590851,0.543923,0.430015,0.519338,0.372875,0.383106,0.219789,0.145566,0.204576,0.253677,0.386414,0.296754,0.229986,0.306306,0.106616,0.170363,0.023200,0.101617,0.123866,0.234164,0.588875,0.518872,0.522487,0.504481,0.361752,0.250018,0.209758,0.264703,0.229282,0.241870,0.482357,0.546198,-0.176114,0.170480,0.301694,0.349179,0.246922,0.338457,0.405340,0.534438,0.274597,0.462543,0.382115,0.509906
0.235768,0.011678,0.014656,-0.110527,-0.027794,-0.061606,-0.069390,-0.165154,0.126710,-0.009329,0.032937,0.004906,0.101313,0.163120,0.117463,0.132259,0.063116,0.155035,0.152470,0.245464,0.163754,0.149331,0.077816,0.063478,0.174654,0.172096,0.033089,0.003223,0.036658,0.007049,0.112598,0.074440,-0.098723,-0.086585,0.299308,0.259811,0.000000,0.462574,0.537048,0.477904,0.374020,0.215764,0.389194,0.307287,0.236370,0.123170,0.333081,0.366726,0.294697,0.176062,0.298195,0.102405,0.322861,0.334881,0.384789,0.385257,0.212917,0.238293,-0.041945,-0.021830,-0.168025,-0.263706,-0.070403,-0.041483,-0.240761,-0.236230,0.086037,-0.020043,0.264962,0.161989,0.145738,0.217231,0.108939,-0.003998,0.134998,-0.122961,0.245052,0.283399,-0.058178,0.128979,0.063591,0.135723,0.137202,0.183540,0.054883,0.244354,0.147919,0.264380,0.145137,0.224496
0.397375,0.374215,0.047904,0.251865,0.085925,0.234062,0.043257,0.185386,0.014347,0.146425,-0.066437,0.121520,-0.106091,0.210856,0.099210,0.262001,0.199138,0.349346,0.313641,0.527069,0.302147,0.385076,0.165534,0.273699,0.286331,0.313127,0.311150,0.279398,0.059001,0.256378,0.228869,0.206011,0.151378,0.202606,0.240076,0.378465,0.462574,0.000000,0.389999,0.658830,0.446653,0.336773,0.516132,0.525513,0.234714,0.389254,0.578537,0.588689,0.391587,0.443011,0.393385,0.381952,0.477634,0.490008,0.521012,0.583490,0.441927,0.406444,0.225731,0.310383,0.058080,0.059486,0.142155,0.237158,-0.189665,0.079328,0.260033,0.282269,0.451617,0.381848,0.158188,0.145222,0.243755,0.255411,0.228823,0.214335,0.367884,0.438054,-0.191487,0.223785,0.312359,0.358113,0.263193,0.435463,0.214366,0.341183,0.312821,0.436888,0.162317,0.340733
0.379932,0.267817,0.371573,0.192830,0.139208,0.120161,0.210707,0.094956,0.186496,0.093882,0.127907,0.076477,0.274479,0.298996,0.327074,0.211793,0.332887,0.204233,0.533641,0.516287,0.515952,0.345202,0.471851,0.319311,0.398234,0.353274,0.416068,0.382554,0.176117,0.055507,0.461779,0.463039,0.228710,0.131628,0.442622,0.430625,0.537048,0.389999,0.000000,0.631192,0.217506,0.475684,0.619017,0.420309,0.463404,0.217552,0.597313,0.619862,0.340613,0.255921,0.457278,0.231637,0.304678,0.186658,0.500308,0.351513,0.402892,0.390177,0.132083,0.114366,0.079593,-0.045980,0.122685,0.061410,0.089036,-0.000188,0.518930,0.244955,0.530365,0.589189,0.309457,0.309613,0.284094,0.272316,0.317236,0.198041,0.612466,0.472710,0.014956,0.214720,0.236082,0.262941,0.389773,0.304907,0.439248,0.509045,0.452106,0.634630,0.436523,0.380679
0.532214,0.363589,0.312849,0.270173,0.154678,0.157534,0.202527,0.135575,0.076907,0.170406,-0.013237,0.008299,-0.021865,0.238345,0.247276,0.331687,0.220296,0.324989,0.639044,0.702560,0.387911,0.508509,0.408649,0.438354,0.524359,0.444871,0.404092,0.268062,0.170331,0.239345,0.415368,0.453024,0.193056,0.227065,0.420313,0.451868,0.477904,0.658830,0.631192,0.000000,0.551151,0.413630,0.665370,0.553089,0.290104,0.275010,0.608293,0.583783,0.281264,0.293418,0.353879,0.261623,0.335357,0.341644,0.485985,0.504416,0.544877,0.528702,0.140920,0.166231,0.035773,-0.036711,0.108118,0.173351,-0.091407,0.017307,0.341327,0.218703,0.712703,0.437336,0.189590,0.367796,0.283678,0.313376,0.167256,0.098350,0.600342,0.585450,-0.257967,0.339489,0.408122,0.504531,0.584166,0.650355,0.463435,0.617136,0.622544,0.617406,0.398499,0.516975
0.559899,0.439922,0.177225,0.295736,0.277152,0.177476,0.230122,0.244045,-0.000485,0.078760,0.119925,0.104357,-0.007680,0.278564,0.271140,0.220403,0.227938,0.431050,0.326069,0.540593,0.288215,0.542846,0.279112,0.381908,0.263918,0.151528,0.461758,0.289263,0.157745,0.264025,0.353899,0.170631,0.311577,0.343964,0.216710,0.225978,0.374020,0.446653,0.217506,0.551151,0.000000,0.101353,0.468945,0.349134,0.195708,0.293830,0.493782,0.451955,0.333875,0.305751,0.331930,0.206079,0.449843,0.426077,0.396958,0.478509,0.587263,0.569656,0.329638,0.247689,0.179819,0.111963,0.291366,0.413728,-0.065683,0.151534,0.263088,0.275239,0.558172,0.442653,0.110591,0.216758,0.197722,0.274508,0.125510,0.169293,0.459187,0.458513,-0.255237,0.040461,0.333192,0.463574,0.502505,0.747659,0.245783,0.416946,0.461530,0.515603,0.276262,0.314548
0.193180,0.152559,0.142881,0.062894,0.058200,0.038290,-0.027282,-0.056902,0.093344,0.068875,0.026922,0.080909,0.175416,0.257239,0.255613,0.240161,0.344603,0.249901,0.411222,0.318991,0.457777,0.302618,0.271711,0.132063,0.382522,0.407676,0.230755,0.322074,0.262140,0.163312,0.189298,0.494444,0.003088,0.011781,0.384752,0.285103,0.215764,0.336773,0.475684,0.413630,0.101353,0.000000,0.304322,0.237985,0.231523,0.097378,0.292763,0.356333,0.154971,0.102599,0.240022,0.121437,0.062892,0.023000,0.087522,0.139347,0.253431,0.240914,-0.005240,-0.027797,-0.069859,-0.165786,0.023778,-0.036221,-0.074637,-0.133530,0.207053,0.064845,0.397942,0.285985,0.159556,0.358992,0.466196,0.618603,0.299463,0.326865,0.313296,0.262111,0.040518,0.319769,0.361011,0.295773,0.356005,0.234280,0.287408,0.385585,0.464304,0.359214,0.152489,0.195836
0.688023,0.608955,0.307975,0.489974,0.461242,0.469857,0.286673,0.343163,0.212356,0.258231,-0.001756,0.243252,0.057152,0.405013,0.288513,0.358281,0.331893,0.502575,0.720620,0.986636,0.462484,0.452710,0.348953,0.351251,0.400060,0.415582,0.504359,0.484092,0.281468,0.329537,0.597741,0.502928,0.331066,0.282500,0.516425,0.602735,0.389194,0.516132,0.619017,0.665370,0.468945,0.304322,0.000000,1.166723,0.928185,0.867155,1.444953,1.277247,0.820176,0.739467,0.932798,0.686904,0.686779,0.534753,0.673505,0.619309,0.713246,0.616205,0.469214,0.413388,0.231352,0.174811,0.303722,0.323430,-0.047674,0.176779,0.751682,0.656067,0.905403,0.818897,0.380104,0.383710,0.329582,0.469524,0.323922,0.325591,0.810318,0.886037,-0.200912,0.166187,0.548943,0.598296,0.502992,0.631526,0.461606,0.734224,0.531470,0.641059,0.351081,0.505536
0.493825,0.520617,0.225426,0.402124,0.362666,0.390660,0.179564,0.330590,0.233704,0.275718,0.007096,0.343200,0.032087,0.431672,0.285648,0.360010,0.405188,0.552484,0.579802,0.801433,0.300678,0.313089,0.184581,0.187663,0.265941,0.280440,0.343294,0.278607,0.399609,0.523122,0.335200,0.296245,0.222317,0.187305,0.326580,0.520710,0.307287,0.525513,0.420309,0.553089,0.349134,0.237985,1.166723,0.000000,0.691365,0.862427,1.007284,0.992630,0.645268,0.674301,0.719911,0.705552,0.553702,0.469149,0.532415,0.671387,0.477756,0.404217,0.431432,0.415214,0.205967,0.231521,0.335802,0.290028,-0.032044,0.162364,0.578055,0.599622,0.625211,0.513514,0.309994,0.238995,0.311083,0.463940,0.288815,0.282477,0.539817,0.624902,-0.137940,0.252228,0.640269,0.604230,0.455316,0.520307,0.460418,0.650058,0.423445,0.434147,0.297342,0.456584
0.411137,0.381564,0.309898,0.360208,0.479511,0.422772,0.301943,0.251533,0.260186,0.184541,0.107739,0.216619,0.177829,0.324636,0.173938,0.188478,0.334249,0.404181,0.508787,0.647170,0.306764,0.257391,0.324337,0.239432,0.328892,0.342306,0.435860,0.472335,0.328112,0.245014,0.544280,0.461786,0.225865,0.229960,0.583331,0.617215,0.236370,0.234714,0.463404,0.290104,0.195708,0.231523,0.928185,0.691365,0.000000,0.879565,0.896714,0.862689,0.778009,0.537236,0.741448,0.389280,0.380353,0.249446,0.289445,0.334076,0.459191,0.410945,0.382373,0.283682,0.193333,0.140535,0.239379,0.180937,0.141103,0.165700,0.772118,0.595749,0.580477,0.678719,0.285032,0.313701,0.364990,0.465583,0.345473,0.332598,0.581255,0.604084,0.051270,0.130879,0.401209,0.422858,0.293149,0.286636,0.447451,0.615822,0.253095,0.368460,0.357139,0.338021
0.595613,0.784367,0.172488,0.832219,0.453074,0.710197,0.408217,0.747426,0.267921,0.393197,0.205584,0.689457,0.055844,0.579641,0.311955,0.444677,0.323156,0.671043,0.480577,0.876777,0.256393,0.259538,0.097652,0.345618,0.068405,0.084218,0.323542,0.388096,0.353630,0.534521,0.349683,0.186715,0.397554,0.458240,0.164742,0.601795,0.123170,0.389254,0.217552,0.275010,0.293830,0.097378,0.867155,0.862427,0.879565,0.000000,0.897032,0.898220,1.082572,1.287017,0.846862,0.925937,0.686765,0.574662,0.398644,0.592261,0.676591,0.594978,0.829641,0.914327,0.524194,0.582516,0.600011,0.632805,0.086832,0.577509,0.758331,1.000774,0.605831,0.671737,0.383721,0.137808,0.315282,0.550985,0.328681,0.563591,0.641087,0.785079,-0.134477,0.168462,0.570377,0.611335,0.337485,0.599184,0.353920,0.634344,0.248285,0.335539,0.265270,0.482284
0.737215,0.679650,0.325350,0.539536,0.394856,0.436980,0.334995,0.391100,0.219370,0.246213,0.108847,0.277883,0.096231,0.453657,0.344026,0.346862,0.460320,0.584902,0.693179,1.052325,0.401678,0.379010,0.329155,0.438171,0.335274,0.331517,0.566040,0.444430,0.333670,0.384727,0.529669,0.431772,0.348086,0.351149,0.387328,0.590851,0.333081,0.578537,0.597313,0.608293,0.493782,0.292763,1.444953,1.007284,0.896714,0.897032,0.000000,1.664312,0.899162,0.795940,0.952270,0.695618,0.795913,0.639770,0.790724,0.744596,0.757555,0.659842,0.519579,0.486579,0.288014,0.233294,0.406499,0.429806,-0.027110,0.219212,0.765349,0.658983,0.914229,0.859666,0.323151,0.345536,0.375239,0.494721,0.311645,0.435213,0.839012,0.915349,-0.078085,0.162563,0.562051,0.600868,0.544795,0.658343,0.463370,0.711300,0.519420,0.599121,0.409120,0.536210
0.702985,0.727561,0.262448,0.538861,0.393368,0.521094,0.306196,0.391853,0.292890,0.325705,0.152895,0.339529,0.160621,0.513415,0.394422,0.402979,0.537980,0.637197,0.676992,1.069048,0.528167,0.461464,0.287244,0.392490,0.301440,0.323797,0.580581,0.529752,0.377497,0.436091,0.501925,0.464876,0.356613,0.348910,0.336183,0.543923,0.366726,0.588689,0.619862,0.583783,0.451955,0.356333,1.277247,0.992630,0.862689,0.898220,1.664312,0.000000,0.946205,0.826638,0.999355,0.753347,0.858494,0.690485,0.715246,0.772467,0.756274,0.682261,0.559187,0.522277,0.324276,0.256446,0.451458,0.425821,-0.013865,0.236739,0.762497,0.671780,0.881083,0.838501,0.295630,0.331618,0.468592,0.595865,0.350454,0.502030,0.789356,0.926403,-0.087144,0.230439,0.615555,0.647614,0.558074,0.649502,0.453904,0.686178,0.527872,0.530729,0.390388,0.505269
0.808820,0.761042,0.280441,0.680929,0.426673,0.597928,0.519732,0.565586,0.324107,0.336815,0.416148,0.569765,0.265665,0.575728,0.359649,0.440409,0.381881,0.636790,0.362260,0.789747,0.347326,0.244341,0.089562,0.334364,0.031367,0.018444,0.356628,0.360009,0.378645,0.491312,0.307677,0.170131,0.455648,0.523257,0.154130,0.430015,0.294697,0.391587,0.340613,0.281264,0.333875,0.154971,0.820176,0.645268,0.778009,1.082572,0.899162,0.946205,0.000000,1.226592,1.347224,0.818723,0.974999,0.798980,0.647002,0.726197,0.834149,0.831350,0.928756,0.763468,0.548855,0.414079,0.539374,0.694813,0.042007,0.426106,0.646061,0.605940,0.588875,0.638765,0.263806,0.178074,0.362586,0.518096,0.372195,0.559110,0.630172,0.732744,-0.079481,0.219369,0.498397,0.582083,0.290077,0.533639,0.222567,0.468797,0.188104,0.219106,0.393416,0.355277
