0.000000,0.582730,0.196806,0.321426,0.259773,0.293443,0.691529,0.409085,0.166047,0.222247,0.224375,0.278315,0.652557,0.261357,0.276313,0.182639,0.178095,0.116670,0.467160,0.482645,0.331977,0.045509,0.145442,0.231994,0.026224,0.174221,0.286307,0.075865,0.459772,0.155695,0.218227,0.226849,0.002092,0.074481,0.344951,0.211158,0.280384,-0.044243,0.184850,0.081203,0.219710,0.180130,0.028739,-0.062118,0.124853,0.071428,0.140671,0.047783,0.084631,0.138841,0.318393,0.278309,0.144392,0.116086,0.205691,-0.067632,0.430855,0.115328,0.178700,0.015298,0.297534,0.130640,0.052876,-0.059714,0.637037,0.254568,0.167079,0.192764,0.211972,0.118627,0.248633,0.322337,0.170088,0.165131,0.161514,0.183364,0.372558,0.338709,0.202682,0.043277,0.134142,0.209454,0.285340,0.205636,0.450074,0.549171,0.193745,0.293210,0.585823,0.404028
0.582730,0.000000,-0.013952,0.452301,0.372120,0.585469,0.313060,0.753021,0.397271,0.194201,-0.192895,0.455993,0.216065,0.460220,-0.047218,0.240566,-0.029992,0.408177,-0.005678,0.435290,0.327352,0.102635,-0.118547,0.100944,0.204210,0.361335,0.358714,0.175609,0.086344,0.117278,0.048805,0.097044,-0.019554,0.246552,-0.028240,0.138466,-0.011517,-0.177320,0.071892,0.019826,0.093016,-0.013251,-0.024870,0.224800,0.243039,0.659119,0.200677,0.496829,0.485145,0.799481,0.282811,0.722044,0.537418,0.461593,0.613651,0.498193,0.450289,0.413972,0.328863,0.313322,0.301206,0.490471,0.223842,0.302734,0.288894,0.749243,0.066188,0.399836,0.067642,0.252554,0.249789,0.325984,-0.020271,0.299814,0.039884,0.137947,0.414373,0.532678,0.086284,0.068971,0.222802,0.395303,0.166523,0.133764,0.084313,0.750668,0.009315,0.162751,0.502360,0.895601
0.196806,-0.013952,0.000000,0.838270,0.129300,-0.170862,0.816269,0.507376,0.069551,0.056467,0.504773,0.489506,0.433777,0.273019,0.143664,0.136626,0.067234,0.104595,0.951094,0.772713,-0.012658,0.126517,1.266863,1.152945,-0.077039,0.279314,0.295736,0.189517,0.348500,0.272773,0.438720,0.559256,0.423236,0.422712,0.390347,0.307632,-0.162431,-0.142813,0.074911,0.134741,-0.026980,0.137455,-0.152577,-0.198366,0.183288,-0.036577,-0.391422,-0.236208,-0.057519,-0.035504,0.363505,0.353126,-0.196681,-0.130992,-0.331277,-0.420429,-0.399897,-0.459318,-0.261364,-0.211322,-0.279370,0.048076,-0.443075,-0.316235,0.170347,0.198554,0.010582,-0.018149,0.226081,-0.198607,0.556102,0.494480,0.492321,0.331401,0.408312,0.332897,0.146703,-0.045895,0.183831,0.197289,-0.056582,-0.302316,-0.189093,-0.128304,0.472137,0.108813,-0.172877,-0.346561,-0.077788,0.054678
0.321426,0.452301,0.838270,0.000000,0.241267,0.169059,0.932666,1.336253,0.328936,0.244313,0.355442,0.718891,0.382900,0.402937,-0.006314,0.078395,0.093246,0.223028,0.576859,1.020081,0.019820,0.028318,0.635367,1.078158,-0.003417,0.308670,0.304402,0.139843,0.245382,0.226646,0.489702,0.630328,0.449619,0.757082,0.333144,0.414854,-0.311612,-0.336699,-0.124603,-0.052945,-0.073781,-0.046171,-0.097466,-0.016459,0.294742,0.265078,-0.156133,0.076432,0.114751,0.211805,0.393028,0.629333,0.062544,0.101164,-0.131824,-0.127178,-0.153292,-0.229509,-0.050700,-0.044720,-0.027530,0.254436,-0.117257,-0.066569,0.422373,0.673580,0.085616,0.243514,0.043521,-0.005690,0.614247,0.577908,0.274914,0.328336,0.178287,0.164745,0.150410,0.180839,0.131954,0.178052,0.142555,-0.019806,-0.179600,-0.197297,0.416622,0.456897,-0.252618,-0.314178,-0.010420,0.275896
0.259773,0.372120,0.129300,0.241267,0.000000,0.850286,0.221138,0.271506,0.500484,0.160193,-0.012148,0.254740,0.257207,0.354114,0.372725,0.570619,-0.023722,0.111123,0.163300,0.220070,0.235995,-0.101310,0.004265,0.065806,0.366455,0.416146,0.433457,0.234611,0.195411,0.130215,-0.203709,-0.111848,0.011830,0.142851,0.094211,0.134303,0.035910,-0.063217,0.210520,0.259984,0.073051,0.081566,0.021944,0.102207,0.202082,0.218533,0.320084,0.240117,0.261327,0.273231,0.263999,0.308749,0.246678,0.221120,0.409004,0.457479,0.104610,0.086822,0.291014,0.207065,-0.035898,0.116742,-0.093139,-0.034746,0.213119,0.306705,0.057430,0.109270,0.014350,0.087351,0.352228,0.393119,0.233133,0.374982,0.088392,0.272730,0.319228,0.393820,0.182228,0.023264,0.157697,0.154427,0.055332,0.069983,0.105198,0.342205,-0.102748,-0.056931,0.399429,0.451270
0.293443,0.585469,-0.170862,0.169059,0.850286,0.000000,0.101682,0.265379,0.605145,0.278321,-0.112220,0.215043,0.164224,0.370863,0.231222,0.471977,0.132524,0.292104,-0.094942,0.127212,0.309901,-0.095167,-0.242136,-0.103201,0.254484,0.302689,0.366871,0.375626,0.179042,0.190719,-0.159914,-0.115053,-0.049704,0.160688,-0.081203,0.040824,0.030151,-0.121386,0.091566,0.125632,0.107577,-0.029178,0.179730,0.277887,0.136490,0.407361,0.489541,0.339482,0.433425,0.488141,0.173163,0.307253,0.574795,0.474671,0.730407,0.622383,0.468971,0.403293,0.392893,0.316494,0.215331,0.247812,0.302828,0.280404,0.185886,0.277712,0.046930,0.271035,-0.005606,0.350420,0.150914,0.248888,-0.014351,0.312991,-0.075893,0.130105,0.257198,0.353575,0.186487,0.142879,0.387330,0.432462,0.192339,0.178646,-0.026603,0.442901,0.037272,0.134015,0.386806,0.578131
0.691529,0.313060,0.816269,0.932666,0.221138,0.101682,0.000000,0.901369,0.126825,0.146588,0.297405,0.494187,0.643641,0.374947,0.049133,0.175883,0.092170,0.011651,0.744106,0.708365,-0.032097,-0.129215,0.688293,0.944280,-0.131544,0.185173,0.252671,0.077124,0.321022,0.196952,0.591791,0.683382,0.433682,0.590744,0.501253,0.411962,-0.009395,-0.163671,-0.035817,0.028137,-0.026336,-0.010527,-0.050582,-0.161410,0.349572,0.100021,-0.185115,-0.128685,-0.018393,0.021808,0.370053,0.432073,-0.142319,-0.107699,-0.177834,-0.326563,-0.053223,-0.228962,-0.068430,-0.045829,0.068391,0.167233,-0.181068,-0.167913,0.528713,0.449119,0.223557,0.259989,0.042426,0.015945,0.630819,0.617701,0.354761,0.243427,0.251647,0.231191,0.240509,0.198331,0.179000,0.006636,-0.000981,-0.080158,-0.062257,-0.012343,0.430909,0.319073,-0.087501,-0.124256,0.225514,0.167035
0.409085,0.753021,0.507376,1.336253,0.271506,0.265379,0.901369,0.000000,0.261139,0.191665,0.128094,0.744539,0.360785,0.527466,-0.086831,0.146543,0.123276,0.374534,0.304669,0.750422,0.051179,-0.024171,0.347582,0.736530,-0.078774,0.272164,0.265443,0.090444,0.186212,0.250019,0.319922,0.415911,0.358723,0.706048,0.219311,0.350015,-0.226621,-0.344102,-0.089719,0.022224,0.011474,0.024141,-0.061584,0.034315,0.420774,0.434921,-0.107550,0.186850,0.262028,0.364584,0.408793,0.733568,0.166244,0.135624,0.067720,-0.011129,0.000437,-0.061193,0.081155,0.123541,0.176478,0.478972,0.061614,0.148400,0.519878,1.012095,0.172655,0.431969,0.052806,0.151129,0.437567,0.436798,0.197067,0.365586,0.114930,0.225893,0.289492,0.304694,0.174104,0.150707,0.223061,0.158495,-0.051039,-0.065838,0.288268,0.536675,-0.205609,-0.162253,0.192739,0.444467
0.166047,0.397271,0.069551,0.328936,0.500484,0.605145,0.126825,0.261139,0.000000,0.525231,0.065713,0.326900,0.192949,0.293091,0.125804,0.259418,0.012551,0.067295,0.095686,0.327607,0.116435,-0.185184,-0.052725,0.102779,0.355464,0.183146,0.245355,0.150739,0.187712,0.053898,0.001383,0.072398,-0.047490,0.141479,-0.020770,0.135240,-0.076443,-0.118412,-0.011132,-0.018616,-0.023433,-0.030795,-0.027706,0.150853,-0.078599,0.159530,0.309931,0.254272,0.166440,0.258290,0.095725,0.230013,0.261055,0.245278,0.361641,0.330422,0.131211,0.091264,0.101961,0.084239,-0.071501,0.094901,-0.031886,-0.033479,0.103893,0.259145,-0.174800,-0.028499,0.019624,0.063630,0.288200,0.326638,-0.015506,0.210751,-0.055713,0.034352,0.168271,0.316482,0.128490,0.078917,0.118475,0.020181,-0.042592,-0.048357,-0.050718,0.199424,-0.110714,-0.062419,0.111092,0.256297
0.222247,0.194201,0.056467,0.244313,0.160193,0.278321,0.146588,0.191665,0.525231,0.000000,0.163137,0.236941,0.231755,0.143961,-0.031908,0.051480,0.095652,-0.023216,0.158057,0.213055,0.051694,-0.099475,0.034461,0.141422,-0.029446,-0.053985,0.044452,0.104881,0.246262,0.080882,0.050550,0.030672,0.086425,0.143503,0.113608,0.074284,0.052056,0.031604,0.023465,0.125156,-0.012075,0.109565,-0.011019,-0.052063,0.022314,0.033471,0.048473,0.082722,0.074448,0.096890,0.129250,0.160213,0.000464,0.006976,0.062334,-0.022664,0.081157,0.003148,0.069097,0.009737,0.089822,0.087161,-0.031624,-0.068877,0.170385,0.160991,-0.005927,0.031398,-0.006186,0.025963,0.064480,0.229492,-0.009371,0.155170,-0.003414,0.042780,0.110547,0.223178,0.199533,0.223231,0.110764,0.020565,-0.063151,0.027639,0.076344,0.090407,-0.151977,-0.046477,0.144817,0.083408
0.224375,-0.192895,0.504773,0.355442,-0.012148,-0.112220,0.297405,0.128094,0.065713,0.163137,0.000000,0.239793,0.637101,0.088324,0.381513,-0.102330,0.434796,0.118015,0.539115,0.419970,0.028260,-0.075593,0.461616,0.393926,-0.188813,-0.160074,0.126020,0.036594,0.585331,0.192980,0.165972,0.173794,0.283519,0.218544,0.284052,0.184454,-0.150004,-0.227210,-0.036766,-0.066499,0.082973,0.117861,0.174349,0.061352,-0.012025,-0.056211,0.035733,0.023402,0.025842,-0.011876,0.246510,0.173239,0.074418,0.101009,-0.237981,-0.264612,-0.044895,-0.300389,0.092358,-0.071677,0.092870,0.080654,-0.025903,-0.131152,0.344026,-0.001538,0.184426,0.067432,0.273217,0.065190,0.242671,0.084847,0.406247,0.061314,0.188658,0.092325,0.099039,-0.129967,0.272921,0.283877,0.274427,-0.157469,-0.050627,-0.264839,0.584602,0.074134,-0.110058,-0.388723,-0.255579,0.015931
0.278315,0.455993,0.489506,0.718891,0.254740,0.215043,0.494187,0.744539,0.326900,0.236941,0.239793,0.000000,0.580352,1.170688,0.068304,0.535223,-0.050546,0.350558,0.380894,0.598920,0.088299,-0.104906,0.505728,0.565945,0.109204,0.324231,0.280737,0.240358,0.189733,0.333167,0.226705,0.250629,0.215744,0.418137,0.092640,0.096886,-0.292550,-0.298002,-0.098952,0.016717,0.015801,0.134316,-0.010582,0.005667,0.035623,0.110525,-0.171338,0.031422,0.113709,0.200495,0.254540,0.337137,0.198582,0.125914,0.000898,0.043571,-0.192337,-0.176106,-0.206111,-0.078040,-0.159454,0.190227,-0.251512,-0.103017,0.204979,0.456465,-0.216049,-0.028532,0.068590,-0.167420,0.430724,0.466737,0.105620,0.376035,0.164013,0.210191,0.158366,0.142873,0.147066,0.230899,-0.037024,0.009580,-0.182078,0.227824,0.302998,0.276960,-0.122757,-0.099994,-0.002363,0.197800
0.652557,0.216065,0.433777,0.382900,0.257207,0.164224,0.643641,0.360785,0.192949,0.231755,0.637101,0.580352,0.000000,0.615353,0.448064,0.382121,0.240562,0.097187,0.623456,0.456955,0.233866,-0.139326,0.484456,0.496907,-0.093849,-0.000794,0.208734,0.052506,0.557101,0.266523,0.352051,0.313065,0.129541,0.147617,0.426340,0.239897,0.023282,-0.263609,0.027508,0.061095,0.186254,0.162449,0.068417,-0.099202,0.001385,-0.088625,-0.102070,-0.078577,-0.030777,0.034599,0.284018,0.190303,0.073047,0.041178,-0.065338,-0.123219,0.126383,-0.116801,0.086181,-0.016449,0.110482,0.096316,-0.111931,-0.122586,0.407917,0.129671,0.106899,0.090082,0.154926,0.015015,0.352765,0.338777,0.252060,0.144983,0.197268,0.276403,0.181129,0.154612,0.372086,0.192030,0.172403,-0.038506,-0.025868,0.080949,0.502758,0.177644,0.028099,-0.101263,0.143115,0.146201
0.261357,0.460220,0.273019,0.402937,0.354114,0.370863,0.374947,0.527466,0.293091,0.143961,0.088324,1.170688,0.615353,0.000000,0.077129,0.796986,-0.127091,0.229403,0.202345,0.362145,0.194482,-0.244420,0.327079,0.357740,0.115024,0.372544,0.290657,0.288483,0.126768,0.275218,0.041441,0.067730,0.011413,0.179652,-0.097790,-0.132538,-0.238382,-0.232925,-0.136042,0.075828,-0.108471,0.024845,0.031483,0.068380,0.012105,0.181256,-0.059871,0.118190,0.276304,0.369417,0.304845,0.373704,0.356420,0.305147,0.190724,0.201310,-0.119733,-0.161252,-0.075416,0.046507,-0.129787,0.148276,-0.238910,-0.079962,0.096088,0.344156,-0.175237,0.043745,0.016797,-0.158159,0.319324,0.305022,-0.054623,0.254147,0.077809,0.115123,0.102667,0.134917,0.154084,0.126660,-0.071772,-0.026289,-0.308461,0.233642,0.094999,0.193193,-0.196624,-0.169851,0.113967,0.308059
0.276313,-0.047218,0.143664,-0.006314,0.372725,0.231222,0.049133,-0.086831,0.125804,-0.031908,0.381513,0.068304,0.448064,0.077129,0.000000,0.419666,0.299811,0.246769,0.362527,0.251373,0.300459,0.142803,0.105557,-0.015610,-0.028733,0.088197,0.250843,0.137533,0.458049,0.208412,-0.072181,-0.060910,-0.052362,-0.113345,0.179082,0.128155,0.151589,-0.227707,0.359555,0.126456,0.412619,0.299770,0.106629,0.040680,-0.097723,-0.090729,0.105620,-0.120365,-0.047087,-0.043194,-0.016206,-0.089145,0.120515,0.035978,0.142587,0.030093,0.184119,0.043128,0.198139,0.117523,0.035482,-0.019660,0.088391,-0.019734,0.346466,-0.040946,-0.012086,-0.045697,0.197979,0.094364,0.164472,0.102498,0.299244,0.316896,0.084062,0.251274,0.243569,0.046898,0.274717,0.230434,0.278491,0.054513,0.570071,0.210441,0.545685,0.140065,0.518097,0.218302,0.216994,0.114706
0.182639,0.240566,0.136626,0.078395,0.570619,0.471977,0.175883,0.146543,0.259418,0.051480,-0.102330,0.535223,0.382121,0.796986,0.419666,0.000000,-0.045315,0.253669,0.166224,0.141422,0.301131,-0.130066,0.112612,0.055621,0.165489,0.381856,0.425207,0.375413,0.171726,0.288558,-0.111520,-0.099777,-0.145895,-0.061630,0.022180,0.009798,0.089579,-0.104917,0.215874,0.286403,0.069541,0.192991,0.085696,0.019440,0.019331,0.120514,0.046618,0.024693,0.144929,0.235197,0.145955,0.199770,0.188494,0.170348,0.312521,0.236359,-0.006842,0.030517,0.003237,0.082632,-0.142483,0.082333,-0.163098,-0.049504,0.113890,0.207977,-0.140065,0.015336,-0.041578,-0.008381,0.231733,0.244758,0.086012,0.309922,0.079500,0.128954,0.178555,0.197814,0.143771,0.130971,0.040566,0.169757,0.064168,0.641083,0.108594,0.279751,0.116958,0.190009,0.370689,0.336287
0.178095,-0.029992,0.067234,0.093246,-0.023722,0.132524,0.092170,0.123276,0.012551,0.095652,0.434796,-0.050546,0.240562,-0.127091,0.299811,-0.045315,0.000000,0.698607,0.144050,0.185606,0.225870,0.132180,-0.044572,-0.059788,-0.243955,-0.182968,0.159878,0.126460,0.744319,0.402510,-0.037083,-0.091983,0.200204,0.239500,0.142631,0.199623,0.059311,-0.143733,0.102966,0.080757,0.246151,0.177388,0.408892,0.219062,0.274213,0.210075,0.252423,0.166623,0.075101,0.023574,0.060466,0.004866,0.056570,-0.009954,0.078786,-0.146204,0.652067,0.471645,0.533855,0.362352,0.587641,0.599668,0.816959,0.663533,0.579940,0.246411,0.564698,0.515486,0.605249,0.914846,-0.066896,-0.126161,0.335907,0.284157,0.078538,0.230979,0.317375,0.113470,0.489517,0.540269,1.001558,0.567553,0.305560,-0.019253,0.396290,0.302659,0.053475,0.035502,0.063378,0.181477
0.116670,0.408177,0.104595,0.223028,0.111123,0.292104,0.011651,0.374534,0.067295,-0.023216,0.118015,0.350558,0.097187,0.229403,0.246769,0.253669,0.698607,0.000000,-0.016565,0.212138,0.323424,0.352870,-0.056149,-0.016341,-0.103812,0.091571,0.327744,0.341822,0.345529,0.533001,-0.184192,-0.201279,0.228949,0.323687,-0.033508,0.123714,-0.062113,-0.272947,0.262732,0.169831,0.383468,0.332924,0.308939,0.344543,0.258068,0.467645,0.152742,0.304959,0.284939,0.368453,0.152743,0.268341,0.402043,0.269629,0.354528,0.131628,0.538830,0.643489,0.495273,0.520970,0.503994,0.936902,0.690401,0.905280,0.370586,0.477545,0.318655,0.502294,0.504595,0.689513,-0.004633,-0.024184,0.244028,0.550929,0.121617,0.419735,0.446637,0.191126,0.248197,0.690218,0.819232,0.821631,0.443096,0.272447,0.276779,0.542884,0.141579,0.157519,0.142090,0.473849
0.467160,-0.005678,0.951094,0.576859,0.163300,-0.094942,0.744106,0.304669,0.095686,0.158057,0.539115,0.380894,0.623456,0.202345,0.362527,0.166224,0.144050,-0.016565,0.000000,1.003088,0.086202,0.056785,1.052637,0.835041,-0.041256,0.239102,0.165635,0.017011,0.529297,0.176115,0.461097,0.581402,0.326846,0.376251,0.605122,0.326361,-0.003497,-0.147848,0.086741,0.106838,0.043684,0.157577,-0.126188,-0.296420,0.104817,-0.192600,-0.220900,-0.299867,-0.235417,-0.208273,0.271281,0.148364,-0.281105,-0.219210,-0.335222,-0.375530,-0.172057,-0.283931,-0.109218,-0.092856,-0.153317,-0.025916,-0.312660,-0.350889,0.417943,0.058937,0.151895,0.056088,0.303558,-0.065297,0.482342,0.569285,0.503318,0.268224,0.411351,0.300257,0.258622,0.185728,0.277158,0.116452,-0.043628,-0.263782,-0.071529,-0.067499,0.685520,0.139062,-0.050077,-0.153808,0.101451,-0.021527
0.482645,0.435290,0.772713,1.020081,0.220070,0.127212,0.708365,0.750422,0.327607,0.213055,0.419970,0.598920,0.456955,0.362145,0.251373,0.141422,0.185606,0.212138,1.003088,0.000000,0.152302,0.034206,0.663554,0.826196,0.100859,0.415352,0.246847,0.127605,0.480697,0.188989,0.376176,0.549538,0.214240,0.492879,0.330636,0.296192,-0.242584,-0.360204,-0.043657,-0.076929,-0.029069,-0.007738,-0.121094,-0.048150,0.159423,0.180821,-0.086000,0.012941,0.053346,0.174279,0.300664,0.453861,0.046798,0.068164,-0.085041,-0.084974,-0.055742,-0.163582,-0.040533,-0.018861,-0.116345,0.160076,-0.134200,-0.153873,0.486920,0.480571,0.032178,0.197615,0.304623,0.040076,0.559745,0.562000,0.318692,0.420266,0.266574,0.181941,0.286782,0.230836,0.297015,0.161571,0.113046,-0.098411,-0.081783,-0.195102,0.620809,0.457640,-0.115350,-0.198657,0.079849,0.289894
0.331977,0.327352,-0.012658,0.019820,0.235995,0.309901,-0.032097,0.051179,0.116435,0.051694,0.028260,0.088299,0.233866,0.194482,0.300459,0.301131,0.225870,0.323424,0.086202,0.152302,0.000000,0.278563,-0.072256,-0.097293,0.048958,0.232169,0.577040,0.385411,0.440948,0.213184,0.032574,-0.012835,-0.280052,-0.161427,0.075949,0.046157,0.158320,-0.063723,0.185762,0.244814,0.007852,0.240769,-0.038999,-0.028556,-0.057836,0.144439,0.064104,0.047232,0.038449,0.198233,0.005328,0.140638,0.223481,0.186639,0.371897,0.161755,0.426017,0.295131,0.228156,0.161752,0.181874,0.175713,0.121294,0.106607,0.155550,0.102436,0.041309,0.126302,0.308108,0.175908,0.062188,0.087865,0.029319,0.292842,0.050827,0.082330,0.135177,0.298525,0.332649,0.281753,0.285509,0.283097,0.222171,0.154287,0.189216,0.320077,0.217582,0.263402,0.465319,0.459174
0.045509,0.102635,0.126517,0.028318,-0.101310,-0.095167,-0.129215,-0.024171,-0.185184,-0.099475,-0.075593,-0.104906,-0.139326,-0.244420,0.142803,-0.130066,0.132180,0.352870,0.056785,0.034206,0.278563,0.000000,0.025740,-0.043629,0.025764,-0.074519,0.136720,0.083128,0.035715,0.105779,-0.072963,-0.067760,0.153975,-0.020464,-0.040217,0.025516,0.116826,-0.034936,0.298197,0.060627,0.375920,0.222047,-0.054847,-0.031628,-0.021400,0.006577,-0.125743,-0.063476,-0.040394,0.033636,-0.032894,-0.008730,0.043410,0.027884,-0.011070,-0.184520,0.202660,0.253688,0.104142,0.043379,0.173965,0.193680,0.155316,0.227895,-0.053055,-0.043760,0.020857,-0.004746,0.228192,0.143228,-0.090408,-0.026015,0.115888,0.113730,0.099992,0.283761,0.183286,-0.006999,-0.121278,0.269524,0.126069,0.141208,0.323861,0.090723,0.040086,0.099103,0.172988,0.189642,-0.010643,0.058310
0.145442,-0.118547,1.266863,0.635367,0.004265,-0.242136,0.688293,0.347582,-0.052725,0.034461,0.461616,0.505728,0.484456,0.327079,0.105557,0.112612,-0.044572,-0.056149,1.052637,0.663554,-0.072256,0.025740,0.000000,1.244423,-0.077491,0.249671,0.058319,0.086682,0.231105,0.154305,0.549036,0.645154,0.477082,0.439343,0.384801,0.171826,-0.139128,-0.068865,-0.044259,0.055994,-0.068106,0.094169,-0.156543,-0.266760,0.040098,-0.218643,-0.460744,-0.332658,-0.194634,-0.179988,0.264889,0.164913,-0.240927,-0.157402,-0.455973,-0.424794,-0.496983,-0.506448,-0.333744,-0.160691,-0.342250,-0.040258,-0.500323,-0.408821,0.074497,0.017163,-0.012642,-0.083275,0.130771,-0.305222,0.519669,0.514313,0.371954,0.224964,0.381567,0.220058,0.049906,-0.018761,0.128597,0.033210,-0.216232,-0.395681,-0.284529,-0.062799,0.454222,-0.054980,-0.154431,-0.258529,-0.192002,-0.121526
0.231994,0.100944,1.152945,1.078158,0.065806,-0.103201,0.944280,0.736530,0.102779,0.141422,0.393926,0.565945,0.496907,0.357740,-0.015610,0.055621,-0.059788,-0.016341,0.835041,0.826196,-0.097293,-0.043629,1.244423,0.000000,-0.088658,0.223640,0.079523,0.044415,0.186157,0.133090,0.606604,0.780720,0.460486,0.559505,0.448617,0.345909,-0.188233,-0.176358,-0.077456,-0.007414,-0.067472,0.063364,-0.156189,-0.197451,0.152382,-0.043044,-0.391595,-0.193626,-0.048929,-0.014302,0.427835,0.398343,-0.135164,-0.048476,-0.355144,-0.340077,-0.404896,-0.462324,-0.237832,-0.124487,-0.205785,0.059687,-0.398833,-0.311336,0.182880,0.239512,0.035374,0.066865,0.010580,-0.220149,0.533595,0.534679,0.290957,0.207407,0.261321,0.165693,0.034258,0.032772,0.119945,0.074369,-0.099270,-0.261246,-0.284873,-0.181030,0.365458,0.138417,-0.254347,-0.361894,-0.116351,0.012186
0.026224,0.204210,-0.077039,-0.003417,0.366455,0.254484,-0.131544,-0.078774,0.355464,-0.029446,-0.188813,0.109204,-0.093849,0.115024,-0.028733,0.165489,-0.243955,-0.103812,-0.041256,0.100859,0.048958,0.025764,-0.077491,-0.088658,0.000000,0.581206,0.134377,0.188557,-0.142692,-0.034343,-0.131799,-0.090686,-0.148223,-0.122747,-0.166541,-0.109848,-0.172216,0.214289,-0.093487,-0.165491,-0.265778,-0.238170,-0.023292,0.205585,-0.216826,0.017262,0.254262,0.274586,0.032308,0.128379,0.020548,0.010373,0.242274,0.292938,0.143770,0.455559,-0.022708,0.069619,-0.093604,-0.056834,-0.356094,-0.159452,-0.211711,-0.135358,-0.267710,0.007366,-0.285040,-0.240524,-0.041982,-0.181844,0.239011,0.120510,-0.140714,-0.011204,0.013219,-0.108098,-0.149615,0.003330,-0.149115,-0.076137,-0.206981,0.078717,-0.233623,-0.035409,-0.071373,0.138620,-0.176577,-0.025645,-0.124602,0.157946
0.174221,0.361335,0.279314,0.308670,0.416146,0.302689,0.185173,0.272164,0.183146,-0.053985,-0.160074,0.324231,-0.000794,0.372544,0.088197,0.381856,-0.182968,0.091571,0.239102,0.415352,0.232169,-0.074519,0.249671,0.223640,0.581206,0.000000,0.431921,0.421074,-0.020862,0.089750,0.131116,0.233676,-0.120190,0.095766,-0.000572,-0.030907,-0.163881,-0.000775,-0.030796,0.050001,-0.252895,-0.105167,-0.195618,0.010333,-0.031418,0.122463,0.004042,0.103849,0.104676,0.202887,0.165497,0.265058,0.171227,0.252797,0.225964,0.305423,-0.133750,-0.050239,-0.068207,0.044659,-0.309689,-0.056804,-0.226452,-0.130830,0.014238,0.219590,-0.130992,0.002953,0.046663,-0.172560,0.429772,0.480300,-0.033323,0.246093,0.055756,0.047868,-0.014907,0.116572,0.020349,0.006182,-0.082360,0.095714,-0.194747,0.021056,0.156649,0.324988,-0.154512,-0.041636,0.205963,0.388977
0.286307,0.358714,0.295736,0.304402,0.433457,0.366871,0.252671,0.265443,0.245355,0.044452,0.126020,0.280737,0.208734,0.290657,0.250843,0.425207,0.159878,0.327744,0.165635,0.246847,0.577040,0.136720,0.058319,0.079523,0.134377,0.431921,0.000000,0.600653,0.284693,0.362133,0.044492,0.094833,-0.041141,0.106322,0.035947,0.210169,-0.115432,-0.293007,0.091602,0.088878,-0.093533,-0.007352,0.030680,0.057353,0.069990,0.259829,0.118675,0.104413,0.169965,0.300733,0.146369,0.338094,0.207117,0.239876,0.265481,0.132778,0.137650,0.130639,0.118889,0.030144,0.014068,0.160457,-0.077001,0.061554,0.127046,0.265071,-0.052165,0.067300,0.142358,0.118476,0.351580,0.310114,0.015113,0.286362,0.025283,0.179518,0.035343,0.061814,0.057903,0.309090,0.172296,0.271981,0.091875,0.103066,0.155016,0.440757,-0.032288,-0.006866,0.329232,0.513768
0.075865,0.175609,0.189517,0.139843,0.234611,0.375626,0.077124,0.090444,0.150739,0.104881,0.036594,0.240358,0.052506,0.288483,0.137533,0.375413,0.126460,0.341822,0.017011,0.127605,0.385411,0.083128,0.086682,0.044415,0.188557,0.421074,0.600653,0.000000,0.215714,0.244672,0.017626,-0.034175,-0.069685,0.029967,-0.133560,-0.173795,-0.012573,0.044115,0.025681,0.176635,-0.138425,0.162237,0.154204,0.245391,-0.026307,0.251132,0.162565,0.133282,0.290033,0.283982,0.069838,0.176082,0.336075,0.317710,0.293926,0.252051,0.112487,0.104727,0.085359,0.100478,-0.036111,0.085993,0.041969,0.090037,-0.010315,0.081237,-0.056104,0.079800,0.186028,0.049151,0.212377,0.231286,-0.035187,0.385942,-0.073595,0.068395,0.094410,0.079109,0.102775,0.203754,0.181419,0.248967,-0.004542,0.214476,0.062412,0.214615,-0.044564,0.074808,0.079091,0.371694
0.459772,0.086344,0.348500,0.245382,0.195411,0.179042,0.321022,0.186212,0.187712,0.246262,0.585331,0.189733,0.557101,0.126768,0.458049,0.171726,0.744319,0.345529,0.529297,0.480697,0.440948,0.035715,0.231105,0.186157,-0.142692,-0.020862,0.284693,0.215714,0.000000,0.766181,0.056581,0.007149,0.005143,0.066051,0.209976,0.123433,0.108312,-0.101188,0.161446,0.206677,0.195900,0.269224,0.126860,-0.024696,0.084755,0.043932,0.070717,-0.033285,0.017896,-0.002453,0.113405,0.099999,-0.051901,-0.099499,0.019281,-0.172842,0.303276,0.024544,0.158801,0.038531,0.141057,0.225656,0.153101,0.011166,0.451000,0.198606,0.169662,0.186054,0.523660,0.288952,0.089414,0.077250,0.471032,0.459344,0.331203,0.185618,0.336313,0.159624,0.879638,0.618952,0.524564,0.214938,0.202416,0.058807,0.548908,0.353946,0.043886,0.055746,0.244315,0.191025
0.155695,0.117278,0.272773,0.226646,0.130215,0.190719,0.196952,0.250019,0.053898,0.080882,0.192980,0.333167,0.266523,0.275218,0.208412,0.288558,0.402510,0.533001,0.176115,0.188989,0.213184,0.105779,0.154305,0.133090,-0.034343,0.089750,0.362133,0.244672,0.766181,0.000000,-0.073968,-0.149627,0.134784,0.139160,0.004341,0.020214,-0.056173,-0.059216,0.134547,0.184884,0.208658,0.200458,0.216703,0.070075,0.068230,0.071780,0.005002,-0.041206,0.059153,0.029839,0.141933,0.096254,0.037363,-0.062945,0.018207,-0.138834,0.078808,0.040001,-0.053067,-0.028646,0.011654,0.279861,0.071818,0.157247,0.132439,0.245410,-0.019258,0.082816,0.218536,0.155917,-0.044123,-0.052748,0.201774,0.392123,0.285704,0.220195,0.052010,-0.105959,0.455079,0.931024,0.387884,0.414188,0.152881,0.246387,0.288808,0.380052,-0.003496,0.065076,0.074525,0.109233
0.218227,0.048805,0.438720,0.489702,-0.203709,-0.159914,0.591791,0.319922,0.001383,0.050550,0.165972,0.226705,0.352051,0.041441,-0.072181,-0.111520,-0.037083,-0.184192,0.461097,0.376176,0.032574,-0.072963,0.549036,0.606604,-0.131799,0.131116,0.044492,0.017626,0.056581,-0.073968,0.000000,1.573160,0.232737,0.339085,0.618023,0.416903,0.005001,-0.070423,-0.188617,-0.142816,-0.105231,-0.108658,-0.156796,-0.201395,0.018415,-0.156791,-0.341967,-0.189087,-0.331825,-0.241973,-0.057318,0.036513,-0.312288,-0.215678,-0.331794,-0.234417,-0.099064,-0.155441,-0.239615,-0.157675,-0.124875,-0.111716,-0.163584,-0.208089,0.107826,0.008056,0.009852,-0.053739,-0.148719,-0.212352,0.481057,0.542663,0.120477,0.009899,0.161238,0.131011,-0.042580,0.138355,0.147420,-0.161591,-0.048743,-0.132080,-0.150108,-0.081846,0.272958,0.021128,0.099909,0.049057,-0.074812,-0.151605
0.226849,0.097044,0.559256,0.630328,-0.111848,-0.115053,0.683382,0.415911,0.072398,0.030672,0.173794,0.250629,0.313065,0.067730,-0.060910,-0.099777,-0.091983,-0.201279,0.581402,0.549538,-0.012835,-0.067760,0.645154,0.780720,-0.090686,0.233676,0.094833,-0.034175,0.007149,-0.149627,1.573160,0.000000,0.306261,0.464534,0.673578,0.520517,-0.034239,-0.186889,-0.118509,-0.144186,-0.069744,-0.136593,-0.179018,-0.186858,0.112525,-0.066845,-0.320585,-0.174832,-0.252636,-0.141678,0.036230,0.176015,-0.280876,-0.149330,-0.279623,-0.207416,-0.170688,-0.222421,-0.208149,-0.136788,-0.153498,-0.100242,-0.247823,-0.260320,0.141903,0.111901,0.015752,-0.013535,-0.144694,-0.208923,0.558316,0.669029,0.140090,0.029811,0.157307,0.098662,-0.023320,0.149989,0.098323,-0.191768,-0.096408,-0.205823,-0.165038,-0.142070,0.272223,0.073670,0.041593,-0.041763,-0.061172,-0.076004
0.002092,-0.019554,0.423236,0.449619,0.011830,-0.049704,0.433682,0.358723,-0.047490,0.086425,0.283519,0.215744,0.129541,0.011413,-0.052362,-0.145895,0.200204,0.228949,0.326846,0.214240,-0.280052,0.153975,0.477082,0.460486,-0.148223,-0.120190,-0.041141,-0.069685,0.005143,0.134784,0.232737,0.306261,0.000000,1.232619,0.330968,0.235536,-0.053857,-0.030123,0.090191,0.060978,0.159539,0.064655,0.261595,0.201244,0.466661,0.174907,-0.022290,0.105026,0.023376,-0.001909,0.226353,0.235219,-0.061460,-0.072233,-0.172024,-0.195537,0.008650,0.053051,0.252449,0.338901,0.302637,0.483811,0.095524,0.201374,0.202947,0.278585,0.491068,0.344973,0.083929,0.254721,0.329927,0.323245,0.402216,0.195113,0.299790,0.275831,0.188092,0.149665,-0.031019,0.137674,0.170489,0.103101,0.044796,-0.066094,0.266451,0.137086,-0.132116,-0.162068,-0.174556,-0.034638
0.074481,0.246552,0.422712,0.757082,0.142851,0.160688,0.590744,0.706048,0.141479,0.143503,0.218544,0.418137,0.147617,0.179652,-0.113345,-0.061630,0.239500,0.323687,0.376251,0.492879,-0.161427,-0.020464,0.439343,0.559505,-0.122747,0.095766,0.106322,0.029967,0.066051,0.139160,0.339085,0.464534,1.232619,0.000000,0.323390,0.362965,-0.203720,-0.210892,-0.062969,0.002327,0.042891,-0.029804,0.192979,0.205558,0.578488,0.379253,0.029825,0.171058,0.116065,0.134535,0.257033,0.402969,0.024742,0.004137,-0.039263,-0.026190,0.050161,0.100657,0.279477,0.409230,0.290647,0.595076,0.170135,0.266625,0.365258,0.563950,0.491019,0.540281,0.128079,0.359707,0.456070,0.514991,0.331045,0.349090,0.211913,0.235316,0.227296,0.291530,0.058424,0.115397,0.278010,0.185447,-0.000185,-0.152601,0.310727,0.339666,-0.198333,-0.220677,-0.030124,0.153672
0.344951,-0.028240,0.390347,0.333144,0.094211,-0.081203,0.501253,0.219311,-0.020770,0.113608,0.284052,0.092640,0.426340,-0.097790,0.179082,0.022180,0.142631,-0.033508,0.605122,0.330636,0.075949,-0.040217,0.384801,0.448617,-0.166541,-0.000572,0.035947,-0.133560,0.209976,0.004341,0.618023,0.673578,0.330968,0.323390,0.000000,0.941593,0.353878,-0.006685,0.207685,0.223821,0.244276,0.236057,0.157824,-0.027316,0.438353,-0.020527,-0.026998,-0.047847,-0.135129,-0.182909,0.352062,0.176213,-0.230503,-0.208546,-0.114803,-0.143458,0.051717,-0.025396,0.122138,0.053712,0.186081,0.061731,-0.015589,-0.039168,0.543922,0.166548,0.386745,0.183090,-0.086044,-0.006850,0.244054,0.351199,0.405894,0.034009,0.216082,0.228422,0.210985,0.345329,0.325437,-0.021702,0.226238,0.066557,0.088949,0.106800,0.545291,0.231413,0.187828,0.130138,0.208780,0.005017
0.211158,0.138466,0.307632,0.414854,0.134303,0.040824,0.411962,0.350015,0.135240,0.074284,0.184454,0.096886,0.239897,-0.132538,0.128155,0.009798,0.199623,0.123714,0.326361,0.296192,0.046157,0.025516,0.171826,0.345909,-0.109848,-0.030907,0.210169,-0.173795,0.123433,0.020214,0.416903,0.520517,0.235536,0.362965,0.941593,0.000000,0.229628,-0.191466,0.199825,0.056995,0.312375,0.127997,0.106193,-0.013630,0.508047,0.194789,-0.002225,0.037696,-0.036079,-0.013605,0.238541,0.294799,-0.197756,-0.172014,-0.001500,-0.051001,0.100422,0.091352,0.153071,0.067119,0.199496,0.207586,0.070092,0.098383,0.444206,0.409866,0.270224,0.216448,-0.094175,0.125943,0.239548,0.302729,0.437754,0.153604,0.163007,0.287277,0.215293,0.277121,0.208845,0.060099,0.306159,0.163816,0.228815,0.065349,0.292844,0.346509,0.246862,0.125570,0.195868,0.116289
0.280384,-0.011517,-0.162431,-0.311612,0.035910,0.030151,-0.009395,-0.226621,-0.076443,0.052056,-0.150004,-0.292550,0.023282,-0.238382,0.151589,0.089579,0.059311,-0.062113,-0.003497,-0.242584,0.158320,0.116826,-0.139128,-0.188233,-0.172216,-0.163881,-0.115432,-0.012573,0.108312,-0.056173,0.005001,-0.034239,-0.053857,-0.203720,0.353878,0.229628,0.000000,0.556323,0.741508,0.605120,0.515541,0.590442,0.179580,0.003299,0.253007,0.054249,0.223326,0.001573,0.093482,0.009278,0.074798,0.021355,-0.114401,-0.127380,0.377520,0.041918,0.322793,0.168011,0.255816,0.143726,0.320915,0.016243,0.131259,-0.004228,0.197712,-0.052297,0.255180,0.154303,-0.026964,0.069441,-0.387600,-0.107673,0.132583,-0.078097,-0.085984,-0.032427,0.370128,0.369649,0.093091,-0.069894,0.132040,0.124770,0.454191,0.573900,0.078969,0.128294,0.486423,0.659086,0.571210,0.097321
-0.044243,-0.177320,-0.142813,-0.336699,-0.063217,-0.121386,-0.163671,-0.344102,-0.118412,0.031604,-0.227210,-0.298002,-0.263609,-0.232925,-0.227707,-0.104917,-0.143733,-0.272947,-0.147848,-0.360204,-0.063723,-0.034936,-0.068865,-0.176358,0.214289,-0.000775,-0.293007,0.044115,-0.101188,-0.059216,-0.070423,-0.186889,-0.030123,-0.210892,-0.006685,-0.191466,0.556323,0.000000,0.198549,0.456593,-0.183726,0.329988,0.142410,0.079644,0.124670,-0.028848,0.156592,0.050982,0.061914,-0.056935,0.083098,-0.081019,-0.093899,-0.129910,0.088077,0.078831,0.070467,0.033360,-0.016364,0.028372,-0.014884,-0.101761,-0.060634,-0.118646,-0.178603,-0.227426,0.120794,-0.009546,0.027719,-0.114945,-0.318037,-0.178480,0.054143,-0.070186,0.115990,-0.179308,0.002759,0.167480,-0.081540,-0.130833,-0.185464,-0.035045,-0.088282,0.208722,-0.057884,-0.090411,-0.024441,0.217309,0.143979,-0.018057
0.184850,0.071892,0.074911,-0.124603,0.210520,0.091566,-0.035817,-0.089719,-0.011132,0.023465,-0.036766,-0.098952,0.027508,-0.136042,0.359555,0.215874,0.102966,0.262732,0.086741,-0.043657,0.185762,0.298197,-0.044259,-0.077456,-0.093487,-0.030796,0.091602,0.025681,0.161446,0.134547,-0.188617,-0.118509,0.090191,-0.062969,0.207685,0.199825,0.741508,0.198549,0.000000,0.714711,0.710171,0.729176,0.174461,0.086045,0.222071,0.153141,0.176753,0.064043,0.122590,0.153466,0.127764,0.171227,0.056788,0.038860,0.422899,0.105161,0.215437,0.189622,0.222727,0.134611,0.164165,0.155760,0.061627,0.030849,0.135446,0.056753,0.125378,0.110519,0.151142,0.137369,-0.240931,-0.061794,0.252722,0.146366,0.086805,0.099541,0.358701,0.175959,0.048997,0.205803,0.189712,0.191054,0.745545,0.480516,0.186959,0.281626,0.491211,0.447108,0.436433,0.279666
0.081203,0.019826,0.134741,-0.052945,0.259984,0.125632,0.028137,0.022224,-0.018616,0.125156,-0.066499,0.016717,0.061095,0.075828,0.126456,0.286403,0.080757,0.169831,0.106838,-0.076929,0.244814,0.060627,0.055994,-0.007414,-0.165491,0.050001,0.088878,0.176635,0.206677,0.184884,-0.142816,-0.144186,0.060978,0.002327,0.223821,0.056995,0.605120,0.456593,0.714711,0.000000,0.203979,0.717182,0.091956,-0.030652,0.432373,0.187110,0.065944,0.049568,0.216310,0.111152,0.272558,0.219770,-0.014255,-0.091356,0.344668,0.184216,0.108179,0.041635,0.252939,0.248378,0.202238,0.216391,0.067797,0.064783,0.193069,0.135483,0.333108,0.305736,0.262838,0.089136,-0.301777,-0.078537,0.228321,0.202152,0.085963,0.089682,0.325389,0.387916,0.137162,0.152927,0.219394,0.162995,0.232628,0.406284,0.215617,0.226535,0.132292,0.246435,0.565172,0.358187
0.219710,0.093016,-0.026980,-0.073781,0.073051,0.107577,-0.026336,0.011474,-0.023433,-0.012075,0.082973,0.015801,0.186254,-0.108471,0.412619,0.069541,0.246151,0.383468,0.043684,-0.029069,0.007852,0.375920,-0.068106,-0.067472,-0.265778,-0.252895,-0.093533,-0.138425,0.195900,0.208658,-0.105231,-0.069744,0.159539,0.042891,0.244276,0.312375,0.515541,-0.183726,0.710171,0.203979,0.000000,0.571845,0.210396,0.083436,0.181887,0.081239,0.058481,-0.019707,0.120610,0.051610,0.010876,0.018663,0.054101,-0.041836,0.255717,-0.019731,0.293873,0.210970,0.269917,0.102743,0.373194,0.249684,0.250603,0.245784,0.243525,0.107892,0.098144,0.096751,0.081843,0.214335,-0.289714,-0.091218,0.210062,0.101689,0.009615,0.308437,0.350783,0.115231,0.191262,0.245459,0.407027,0.253243,0.793016,0.416623,0.201318,0.167738,0.583363,0.463883,0.156282,-0.010506
0.180130,-0.013251,0.137455,-0.046171,0.081566,-0.029178,-0.010527,0.024141,-0.030795,0.109565,0.117861,0.134316,0.162449,0.024845,0.299770,0.192991,0.177388,0.332924,0.157577,-0.007738,0.240769,0.222047,0.094169,0.063364,-0.238170,-0.105167,-0.007352,0.162237,0.269224,0.200458,-0.108658,-0.136593,0.064655,-0.029804,0.236057,0.127997,0.590442,0.329988,0.729176,0.717182,0.571845,0.000000,0.143016,0.003515,0.170663,0.023940,-0.043582,-0.108565,0.083267,0.000646,0.141968,0.071617,0.000760,-0.115214,0.223822,-0.047138,0.124558,0.049984,0.149489,0.146448,0.211985,0.228408,0.048229,0.031261,0.211072,0.047415,0.147800,0.102593,0.273659,0.091744,-0.315448,-0.058388,0.344560,0.333241,0.193254,0.240404,0.329777,0.241955,0.194045,0.267885,0.200524,0.137894,0.446491,0.434201,0.268189,0.082642,0.347245,0.354392,0.306419,0.129606
0.028739,-0.024870,-0.152577,-0.097466,0.021944,0.179730,-0.050582,-0.061584,-0.027706,-0.011019,0.174349,-0.010582,0.068417,0.031483,0.106629,0.085696,0.408892,0.308939,-0.126188,-0.121094,-0.038999,-0.054847,-0.156543,-0.156189,-0.023292,-0.195618,0.030680,0.154204,0.126860,0.216703,-0.156796,-0.179018,0.261595,0.192979,0.157824,0.106193,0.179580,0.142410,0.174461,0.091956,0.210396,0.143016,0.000000,1.132624,0.458882,0.517982,0.879473,0.555115,0.561370,0.378184,0.476585,0.255836,0.527631,0.371145,0.332083,0.228240,0.370365,0.335275,0.392861,0.261287,0.419306,0.348373,0.420403,0.419686,0.249485,0.138756,0.368482,0.357845,0.069499,0.388490,-0.138737,-0.196231,0.129222,0.069657,0.130397,0.096521,0.129495,0.063837,0.111798,0.147360,0.429757,0.440926,0.174722,0.248615,0.213922,0.304304,0.045837,0.083973,-0.095593,0.178647
-0.062118,0.224800,-0.198366,-0.016459,0.102207,0.277887,-0.161410,0.034315,0.150853,-0.052063,0.061352,0.005667,-0.099202,0.068380,0.040680,0.019440,0.219062,0.344543,-0.296420,-0.048150,-0.028556,-0.031628,-0.266760,-0.197451,0.205585,0.010333,0.057353,0.245391,-0.024696,0.070075,-0.201395,-0.186858,0.201244,0.205558,-0.027316,-0.013630,0.003299,0.079644,0.086045,-0.030652,0.083436,0.003515,1.132624,0.000000,0.376509,0.817091,0.937108,1.001341,0.770131,0.705667,0.404333,0.444394,0.870616,0.729035,0.556678,0.595979,0.361268,0.385981,0.469381,0.381058,0.318294,0.379526,0.427100,0.460222,0.103749,0.264834,0.253132,0.352705,0.013503,0.330869,-0.023820,-0.167599,0.041080,0.081318,0.015820,0.009995,0.134017,0.103090,0.065790,0.086041,0.391028,0.427189,0.094964,0.051483,0.103799,0.391504,-0.011074,-0.028800,-0.125060,0.401380
0.124853,0.243039,0.183288,0.294742,0.202082,0.136490,0.349572,0.420774,-0.078599,0.022314,-0.012025,0.035623,0.001385,0.012105,-0.097723,0.019331,0.274213,0.258068,0.104817,0.159423,-0.057836,-0.021400,0.040098,0.152382,-0.216826,-0.031418,0.069990,-0.026307,0.084755,0.068230,0.018415,0.112525,0.466661,0.578488,0.438353,0.508047,0.253007,0.124670,0.222071,0.432373,0.181887,0.170663,0.458882,0.376509,0.000000,0.866978,0.270466,0.371452,0.584532,0.407766,0.554212,0.633370,0.060761,-0.013017,0.229307,0.161618,0.255684,0.199874,0.530260,0.404976,0.540488,0.568442,0.323096,0.374386,0.562557,0.715034,0.718156,0.764096,0.144283,0.388842,-0.001644,0.048006,0.339759,0.226339,0.156697,0.183183,0.301239,0.416941,0.194411,0.017487,0.429548,0.257082,0.151231,0.108238,0.308362,0.477259,-0.052553,0.036792,0.365198,0.373201
0.071428,0.659119,-0.036577,0.265078,0.218533,0.407361,0.100021,0.434921,0.159530,0.033471,-0.056211,0.110525,-0.088625,0.181256,-0.090729,0.120514,0.210075,0.467645,-0.192600,0.180821,0.144439,0.006577,-0.218643,-0.043044,0.017262,0.122463,0.259829,0.251132,0.043932,0.071780,-0.156791,-0.066845,0.174907,0.379253,-0.020527,0.194789,0.054249,-0.028848,0.153141,0.187110,0.081239,0.023940,0.517982,0.817091,0.866978,0.000000,0.521241,0.880533,1.084935,1.275204,0.447858,1.038837,0.618839,0.559035,0.686777,0.606447,0.416949,0.379294,0.624401,0.504850,0.495967,0.684152,0.448949,0.527945,0.307837,0.848306,0.411035,0.799735,0.113437,0.480500,0.020698,-0.033658,0.099736,0.248837,-0.007576,0.016323,0.266774,0.330869,0.121376,0.080721,0.496421,0.396917,0.150034,0.089692,0.148712,0.711273,-0.043516,0.007607,0.281876,0.871840
0.140671,0.200677,-0.391422,-0.156133,0.320084,0.489541,-0.185115,-0.107550,0.309931,0.048473,0.035733,-0.171338,-0.102070,-0.059871,0.105620,0.046618,0.252423,0.152742,-0.220900,-0.086000,0.064104,-0.125743,-0.460744,-0.391595,0.254262,0.004042,0.118675,0.162565,0.070717,0.005002,-0.341967,-0.320585,-0.022290,0.029825,-0.026998,-0.002225,0.223326,0.156592,0.176753,0.065944,0.058481,-0.043582,0.879473,0.937108,0.270466,0.521241,0.000000,0.844889,0.634799,0.480356,0.397205,0.283718,0.689348,0.601718,0.673087,0.594087,0.496049,0.410415,0.524756,0.303037,0.358067,0.192053,0.434935,0.325717,0.213553,0.110960,0.279007,0.327154,0.059902,0.369781,-0.147612,-0.183484,-0.034507,-0.052029,-0.161847,-0.072771,0.217249,0.234548,0.021853,-0.049722,0.368192,0.408080,0.180840,0.050908,0.027524,0.403650,-0.037318,0.059956,0.114340,0.380655
