0.000000,0.713506,0.199782,0.541535,-0.127416,-0.022605,0.482594,0.435579,0.066704,-0.090157,0.646619,0.476586,0.583260,0.528235,0.579428,0.335852,0.262055,0.296081,0.585751,0.640660,0.160523,0.106256,0.142868,0.370091,-0.069393,0.043253,-0.110131,-0.178524,0.415578,0.143015,0.460981,0.533220,0.651594,0.483662,0.349018,0.289639,0.207065,0.110183,0.166311,0.306839,-0.037114,0.138373,0.392467,0.349919,0.086854,0.651870,0.512301,0.666244,0.138052,0.351020,0.427242,0.307518,0.343959,0.300703,0.515696,0.504737,0.613544,0.702020,0.510192,0.715684,0.624759,0.538912,0.475353,0.394135,0.226702,0.216769,0.513227,0.420702,0.558619,0.367158,0.057657,-0.005071,0.256645,0.342918,-0.018105,-0.109116,0.125164,0.377613,0.408518,0.353502,0.324500,0.628148,0.029931,0.246874,0.326700,0.488091,0.261205,0.116071,0.227116,0.437590
0.713506,0.000000,0.329829,0.505101,0.195874,0.249130,0.609262,0.704891,0.244564,0.147075,0.590937,0.509806,0.724693,0.711102,0.442784,0.491747,0.381288,0.543610,0.429762,0.773155,0.047797,0.137727,0.338967,0.430984,0.130463,0.311172,-0.022147,0.060285,0.268906,0.377475,0.425585,0.509323,0.713144,0.618806,0.067717,0.091573,0.116446,0.191476,0.197832,0.227904,0.028869,0.172310,0.390603,0.614537,0.078939,0.776922,0.685492,0.665674,0.218596,0.347283,0.469867,0.429156,0.436025,0.469639,0.409499,0.452583,0.862968,0.723692,0.540258,0.661846,0.772769,0.741932,0.613426,0.648290,0.266395,0.372877,0.611106,0.413030,0.349139,0.672532,-0.012914,0.029178,0.023550,0.299576,0.025400,0.114658,0.141847,0.354049,0.429842,0.254393,0.486097,0.614087,0.188932,0.282292,0.459711,0.581170,0.059399,0.185237,0.271175,0.650438
0.199782,0.329829,0.000000,0.609053,0.250165,0.264629,0.825188,0.783180,0.285442,0.348715,0.257342,0.317482,0.460318,0.322842,0.199538,0.332953,0.123379,0.144215,0.458588,0.432521,0.131064,0.034579,0.751176,0.459263,0.127368,0.249889,0.025499,0.136277,-0.022818,0.266716,0.447440,0.417576,0.365948,0.266124,-0.000129,0.025239,0.048917,0.122730,0.023436,0.017621,0.043260,0.092935,0.271130,0.144395,0.112371,0.201720,0.281521,0.122042,0.122856,0.220878,0.272339,0.205421,0.368901,0.235709,0.125261,-0.058316,0.232831,0.158889,0.327716,0.186802,0.323229,0.348140,0.206568,0.166037,0.243362,0.356192,0.359203,0.330586,0.159235,0.395295,0.152337,0.237017,-0.028770,-0.057989,0.065731,0.042038,0.269205,0.214694,0.101114,-0.052248,0.199491,0.063257,0.146643,0.161932,0.370688,0.359623,-0.019556,0.209059,0.386214,0.295669
0.541535,0.505101,0.609053,0.000000,0.066299,0.323937,0.825557,0.846450,0.233498,0.264271,0.491469,0.581931,0.784400,0.561434,0.509438,0.614942,0.177034,0.242492,0.512736,0.645993,0.143272,0.013651,0.675307,0.895482,0.173656,0.313289,0.088169,0.074683,0.282128,0.236208,0.704373,0.808014,0.494888,0.500461,0.241997,0.179647,0.126161,0.098765,0.157662,0.158304,-0.122094,0.177293,0.299359,0.238721,0.176790,0.388723,0.314774,0.326836,0.191992,0.219601,0.325158,0.242772,0.324555,0.228849,0.284719,0.219701,0.338470,0.331767,0.372722,0.383893,0.459894,0.528306,0.335059,0.284033,0.319745,0.451441,0.408043,0.447507,0.380096,0.266449,0.164923,0.230861,0.155228,0.276741,0.111749,0.008304,0.245966,0.458789,0.209042,0.150425,0.281755,0.266885,0.075517,0.148979,0.396777,0.521300,0.245871,0.234465,0.320307,0.486240
-0.127416,0.195874,0.250165,0.066299,0.000000,0.413142,0.157161,0.280543,0.450909,0.349083,0.004890,0.116983,0.187602,0.183902,0.068225,0.233809,0.059054,0.148484,-0.140669,0.050837,-0.061530,0.009627,0.409472,0.062788,0.493636,0.428959,0.130320,0.165790,-0.075563,0.219469,0.039684,0.050386,0.052336,0.105932,-0.223087,-0.161496,-0.132132,0.033561,-0.008275,-0.028299,0.023361,-0.021219,0.078422,0.279554,0.042719,0.103130,0.127003,0.040679,0.100031,0.114603,0.050140,0.142199,0.130976,0.112162,-0.067163,0.002898,0.125308,-0.049610,-0.007433,-0.105666,0.120092,0.135039,0.148898,0.159230,0.056134,0.144326,0.072221,0.052779,-0.135261,0.102631,-0.094012,0.071587,-0.130993,-0.069461,0.035688,0.186745,0.005692,-0.038104,0.032971,-0.058474,0.080127,0.012114,0.153885,0.020461,0.140532,0.056752,-0.139288,0.108313,0.113800,0.230923
-0.022605,0.249130,0.264629,0.323937,0.413142,0.000000,0.341647,0.409230,0.334833,0.699692,0.142236,0.205088,0.397772,0.271400,0.117048,0.380648,0.110159,0.276273,-0.037262,0.170660,-0.072729,0.023046,0.485716,0.420392,0.572577,0.624035,0.205673,0.323251,0.044012,0.410923,0.139376,0.218872,0.203629,0.235211,-0.166154,-0.307639,-0.026302,0.085442,0.214241,0.091988,-0.014174,0.010170,0.042170,0.327441,0.030451,0.105908,0.166994,0.007801,0.270488,0.023494,0.079570,0.153325,0.043665,0.130690,0.026910,0.058593,0.027834,-0.074972,-0.006646,-0.175581,0.182346,0.156651,0.181424,0.211021,0.065609,0.292796,0.010933,-0.020396,-0.200893,0.192863,-0.087089,-0.033037,-0.113765,0.190521,0.030074,0.156066,-0.026378,0.123781,0.026516,-0.009334,0.158449,0.018322,0.134140,-0.008566,0.181449,0.134932,0.037087,0.134805,0.057602,0.236569
0.482594,0.609262,0.825188,0.825557,0.157161,0.341647,0.000000,1.032407,0.272902,0.281213,0.527357,0.473568,0.892140,0.548585,0.360100,0.466618,0.206826,0.261378,0.525648,0.674543,0.105841,0.072376,0.692732,0.701337,0.227507,0.312555,0.063071,0.058784,0.178077,0.334612,0.513737,0.587623,0.506387,0.463919,0.042806,-0.012141,0.042126,0.122758,0.115818,0.147093,-0.007475,0.086520,0.369933,0.394269,0.132112,0.401571,0.505318,0.331361,0.260829,0.320332,0.441479,0.330213,0.441356,0.383483,0.336748,0.146585,0.347622,0.237369,0.444352,0.312420,0.570964,0.528899,0.422332,0.257111,0.299536,0.465284,0.407548,0.348590,0.162742,0.522924,0.067117,0.072972,0.049970,0.200881,0.093057,0.007459,0.123943,0.308753,0.212444,0.138702,0.249398,0.199785,0.146844,0.148684,0.478003,0.500362,0.128635,0.173359,0.344575,0.465798
0.435579,0.704891,0.783180,0.846450,0.280543,0.409230,1.032407,0.000000,0.421157,0.385788,0.504073,0.630991,0.819119,0.675385,0.427498,0.713494,0.209697,0.385955,0.468792,0.705701,0.100287,0.134460,0.668159,0.690705,0.230423,0.420707,0.038398,0.148139,0.130238,0.448150,0.565721,0.704244,0.541096,0.595848,0.050777,0.033280,0.109214,0.165863,0.193469,0.213967,0.018090,0.069593,0.400396,0.402648,0.115798,0.532128,0.544323,0.331090,0.235450,0.373421,0.463765,0.391821,0.483823,0.342753,0.354684,0.179467,0.457878,0.328945,0.451432,0.388858,0.694795,0.731105,0.523049,0.418120,0.416064,0.600916,0.564004,0.531623,0.207433,0.508197,0.029189,0.104159,-0.026540,0.201323,0.098538,0.134024,0.173535,0.279619,0.283124,0.139935,0.410968,0.310550,0.218276,0.210700,0.616826,0.687478,0.032203,0.207272,0.463828,0.583673
0.066704,0.244564,0.285442,0.233498,0.450909,0.334833,0.272902,0.421157,0.000000,0.392338,0.096512,0.316285,0.253136,0.337892,0.241315,0.379117,0.079365,0.146120,0.062855,0.190537,0.005838,-0.032035,0.363793,0.296048,0.375773,0.420951,0.189146,0.207520,-0.083615,0.189363,0.147208,0.219490,0.163371,0.180936,-0.062226,-0.129707,-0.068028,0.053653,0.026158,0.051655,0.006687,-0.104899,0.046147,0.252544,0.110747,0.154477,0.088692,0.071807,0.109367,0.079717,0.070958,0.015491,0.074547,-0.001933,0.051765,0.103808,0.116775,-0.014334,0.042150,-0.058764,0.295438,0.185778,0.218808,0.165884,0.176402,0.212806,0.141006,0.113409,-0.120975,0.121904,0.023257,0.055450,-0.008416,0.119135,0.101019,0.148567,0.020915,0.064359,0.119740,0.071806,0.170153,0.045979,0.205312,0.179687,0.198207,0.158805,-0.049928,0.144576,0.093133,0.198337
-0.090157,0.147075,0.348715,0.264271,0.349083,0.699692,0.281213,0.385788,0.392338,0.000000,-0.010502,0.157819,0.235676,0.133778,0.068192,0.295237,0.079743,0.119592,-0.019339,0.149141,-0.078726,0.031851,0.398072,0.328862,0.344426,0.619028,0.040432,0.274194,-0.142804,0.255604,0.059246,0.148233,0.182085,0.158746,-0.233460,-0.292834,-0.124348,0.003108,-0.038499,-0.070515,-0.030663,-0.125191,0.141640,0.261178,0.252070,0.065721,0.166844,-0.068528,0.256348,0.140925,0.112747,0.114649,0.130225,0.194996,0.061904,0.011329,0.009204,-0.132394,0.059782,-0.188894,0.157612,0.100389,0.111667,0.072036,0.186328,0.301842,0.078238,0.075735,-0.267688,0.172881,-0.028155,0.001359,-0.100248,0.046089,0.023559,0.152771,-0.110184,0.074507,0.086821,-0.041485,0.134928,-0.032821,0.153903,0.098781,0.199739,0.196767,-0.031173,0.118760,0.115781,0.275467
0.646619,0.590937,0.257342,0.491469,0.004890,0.142236,0.527357,0.504073,0.096512,-0.010502,0.000000,0.597054,0.648716,0.667978,0.575765,0.440608,0.376057,0.374864,0.494038,0.558880,0.114691,0.090942,0.261509,0.426747,0.112140,0.132349,0.075304,-0.063516,0.369705,0.332261,0.452799,0.502145,0.489217,0.467630,0.303926,0.257519,0.215545,0.200996,0.231474,0.388668,0.072428,0.178583,0.218101,0.312532,-0.063808,0.539477,0.361581,0.476459,0.156478,0.224801,0.319648,0.295146,0.226615,0.194481,0.367938,0.455841,0.509766,0.482851,0.315895,0.469532,0.592087,0.521737,0.597979,0.450333,0.272148,0.288488,0.461870,0.307589,0.414123,0.296366,0.140569,0.191681,0.152142,0.262453,0.025005,0.058814,0.204231,0.285938,0.383839,0.271022,0.422642,0.548995,0.166788,0.310758,0.401887,0.475034,0.125771,0.165928,0.265983,0.345580
0.476586,0.509806,0.317482,0.581931,0.116983,0.205088,0.473568,0.630991,0.316285,0.157819,0.597054,0.000000,0.551465,0.699595,0.573305,0.591807,0.250313,0.329910,0.407284,0.491483,0.132446,0.020586,0.377243,0.553786,0.156959,0.230709,0.019781,-0.007324,0.284612,0.317443,0.423035,0.535713,0.403886,0.395448,0.198605,0.121264,0.181112,0.168468,0.190165,0.268726,-0.017907,0.127135,0.161627,0.304001,0.027747,0.437117,0.267329,0.282801,0.151831,0.179197,0.229848,0.229970,0.150858,0.095153,0.292714,0.374643,0.333799,0.278480,0.217582,0.321229,0.469933,0.510736,0.500271,0.387173,0.321079,0.404445,0.345926,0.291806,0.244941,0.148103,0.064567,0.182856,0.091056,0.247910,0.021150,0.134416,0.145811,0.231032,0.274436,0.216144,0.374017,0.384410,0.153335,0.312680,0.366845,0.455203,0.117573,0.207011,0.265332,0.336620
0.583260,0.724693,0.460318,0.784400,0.187602,0.397772,0.892140,0.819119,0.253136,0.235676,0.648716,0.551465,0.000000,0.752628,0.507531,0.547621,0.281930,0.381785,0.382364,0.639819,0.105624,0.041853,0.575816,0.737079,0.296413,0.415751,0.068466,0.091474,0.293087,0.362860,0.547769,0.629897,0.563224,0.556575,0.076760,0.006362,0.089897,0.232221,0.242059,0.224104,-0.009380,0.134765,0.366993,0.574529,0.144933,0.507694,0.599400,0.472376,0.290200,0.300195,0.422598,0.424580,0.369402,0.427670,0.437154,0.386367,0.471352,0.347745,0.439459,0.378516,0.659885,0.586973,0.526050,0.390522,0.271002,0.450196,0.423063,0.339354,0.231899,0.467295,0.046270,0.079403,0.048934,0.325289,0.045180,0.075501,0.073200,0.385116,0.322435,0.235322,0.364070,0.385343,0.115897,0.150396,0.563736,0.536143,0.270987,0.173445,0.296788,0.559102
0.528235,0.711102,0.322842,0.561434,0.183902,0.271400,0.548585,0.675385,0.337892,0.133778,0.667978,0.699595,0.752628,0.000000,0.581799,0.564118,0.251986,0.381031,0.318278,0.576700,0.121897,-0.003059,0.420724,0.519981,0.279681,0.312616,0.090194,0.073458,0.233809,0.335818,0.472708,0.583547,0.522679,0.514609,0.156347,0.092628,0.136713,0.260971,0.245365,0.291198,-0.026202,0.149359,0.285460,0.470008,0.049456,0.565582,0.421038,0.452950,0.193586,0.237321,0.338440,0.329361,0.269085,0.202880,0.398151,0.410753,0.440065,0.338633,0.331211,0.383269,0.639072,0.609868,0.553241,0.467184,0.263268,0.376268,0.462594,0.335821,0.268386,0.295053,-0.006816,0.118179,0.090023,0.236650,0.023034,0.100936,0.162454,0.273013,0.300746,0.220840,0.347538,0.408750,0.097520,0.263518,0.394658,0.475273,0.141119,0.141770,0.222485,0.411439
0.579428,0.442784,0.199538,0.509438,0.068225,0.117048,0.360100,0.427498,0.241315,0.068192,0.575765,0.573305,0.507531,0.581799,0.000000,0.521901,0.221729,0.232405,0.471372,0.451888,0.279018,0.002606,0.295238,0.474268,0.088560,0.142499,-0.016695,-0.112047,0.413815,0.165492,0.509202,0.553589,0.463327,0.313819,0.309085,0.165504,0.280931,0.112820,0.151011,0.406121,-0.172678,0.211128,0.116251,0.311196,-0.083814,0.449767,0.277465,0.323284,0.069691,0.165347,0.202894,0.217749,0.077988,0.061931,0.324285,0.417497,0.250340,0.374969,0.143902,0.342552,0.444357,0.410459,0.403738,0.285835,0.186870,0.273346,0.318508,0.248748,0.353424,0.141479,0.117703,0.151713,0.121048,0.347670,0.041918,0.015117,0.165307,0.250773,0.268052,0.305057,0.261333,0.460243,0.045863,0.340345,0.268975,0.417054,0.307562,0.154741,0.177634,0.303578
0.335852,0.491747,0.332953,0.614942,0.233809,0.380648,0.466618,0.713494,0.379117,0.295237,0.440608,0.591807,0.547621,0.564118,0.521901,0.000000,0.255813,0.338277,0.256218,0.484082,0.011423,0.129843,0.457442,0.698080,0.195860,0.374582,0.131864,0.229433,0.306130,0.521640,0.569758,0.705061,0.337343,0.478789,0.132132,0.084305,0.158019,0.181299,0.208565,0.169532,0.033946,0.214788,0.072191,0.282412,-0.065454,0.408897,0.258137,0.249496,0.054338,0.090259,0.180234,0.145774,0.160913,0.097095,0.241420,0.215762,0.365788,0.329100,0.170973,0.246478,0.376284,0.439720,0.351658,0.379021,0.306376,0.377625,0.347081,0.317048,0.234797,0.267942,0.075108,0.132673,0.063439,0.349051,0.149162,0.247377,0.141451,0.271056,0.299843,0.080677,0.396608,0.323703,0.382867,0.168813,0.382346,0.484229,0.072095,0.123741,0.339404,0.428535
0.262055,0.381288,0.123379,0.177034,0.059054,0.110159,0.206826,0.209697,0.079365,0.079743,0.376057,0.250313,0.281930,0.251986,0.221729,0.255813,0.000000,0.458771,0.181304,0.223746,-0.006712,0.147288,0.137537,0.107904,0.038667,0.127807,0.008014,0.125548,0.295964,0.386917,0.245240,0.227676,0.282621,0.288010,0.037471,0.016013,0.182191,0.229640,0.209713,0.224320,0.201354,0.181758,0.021310,0.222564,-0.145343,0.240461,0.229705,0.255386,0.058438,0.072933,0.187078,0.161497,0.129128,0.102079,0.212628,0.220878,0.411957,0.368024,0.126262,0.217860,0.284449,0.234753,0.385883,0.332815,0.170004,0.218003,0.206795,0.133606,0.164246,0.233574,0.041303,0.135156,-0.058050,0.113586,0.048049,0.065519,0.060148,0.113661,0.391056,0.203281,0.494815,0.432947,0.200204,0.235898,0.301857,0.214714,-0.012972,0.122304,0.152342,0.163082
0.296081,0.543610,0.144215,0.242492,0.148484,0.276273,0.261378,0.385955,0.146120,0.119592,0.374864,0.329910,0.381785,0.381031,0.232405,0.338277,0.458771,0.000000,0.175573,0.339217,0.027222,0.165466,0.268627,0.239504,0.135313,0.196430,0.051678,0.168982,0.202445,0.487562,0.273660,0.310934,0.369484,0.444850,0.004400,0.039864,0.197601,0.240909,0.406719,0.289953,0.186270,0.243587,0.080377,0.313727,-0.136082,0.344454,0.255801,0.254417,0.075216,0.110313,0.197134,0.269029,0.154104,0.118718,0.155378,0.220599,0.506162,0.486364,0.139228,0.197004,0.325051,0.338536,0.429389,0.559081,0.130148,0.193715,0.217520,0.156513,0.134678,0.325918,-0.056283,0.095302,-0.070097,0.263707,0.079416,0.201441,0.190784,0.144942,0.451492,0.244192,0.518653,0.480570,0.190697,0.214076,0.309718,0.237826,-0.005840,0.151252,0.086626,0.280545
0.585751,0.429762,0.458588,0.512736,-0.140669,-0.037262,0.525648,0.468792,0.062855,-0.019339,0.494038,0.407284,0.382364,0.318278,0.471372,0.256218,0.181304,0.175573,0.000000,0.486990,0.225665,0.065079,0.283215,0.357099,-0.071204,0.030711,-0.123191,-0.156809,0.176203,0.117822,0.397085,0.408080,0.560639,0.285693,0.257520,0.107029,0.252123,0.054640,0.044656,0.355654,-0.045182,0.077916,0.257842,0.121675,0.073643,0.329804,0.342075,0.297151,0.139842,0.171639,0.254282,0.159458,0.245189,0.158028,0.319675,0.270450,0.286744,0.392459,0.348426,0.459110,0.416063,0.405145,0.310553,0.227658,0.229116,0.241211,0.382490,0.291101,0.307284,0.383414,0.126335,0.116849,0.057498,0.162411,-0.029082,-0.123476,0.169925,0.329738,0.260152,0.207167,0.300264,0.349276,0.026388,0.335953,0.300732,0.431823,0.250239,0.246202,0.249004,0.217105
0.640660,0.773155,0.432521,0.645993,0.050837,0.170660,0.674543,0.705701,0.190537,0.149141,0.558880,0.491483,0.639819,0.576700,0.451888,0.484082,0.223746,0.339217,0.486990,0.000000,0.011020,-0.008738,0.351938,0.503461,0.106738,0.179324,0.000328,0.026346,0.199806,0.243130,0.478424,0.649829,0.644133,0.563654,0.264895,0.321435,-0.071574,0.166205,0.063142,0.028626,-0.112115,0.106432,0.428432,0.413271,0.236427,0.678631,0.500220,0.636368,0.174506,0.310310,0.375012,0.220275,0.438680,0.398204,0.322546,0.370377,0.708174,0.540246,0.582720,0.668355,0.637946,0.686383,0.441039,0.573656,0.301999,0.314163,0.667048,0.613937,0.535556,0.489292,0.044690,0.133353,0.234573,0.242215,0.148176,-0.028969,0.279462,0.454793,0.373200,0.277297,0.325496,0.444644,0.139061,0.277715,0.320571,0.466485,0.135163,0.145805,0.238424,0.591088
0.160523,0.047797,0.131064,0.143272,-0.061530,-0.072729,0.105841,0.100287,0.005838,-0.078726,0.114691,0.132446,0.105624,0.121897,0.279018,0.011423,-0.006712,0.027222,0.225665,0.011020,0.000000,0.077449,0.111395,0.079690,0.028637,0.000956,-0.073512,-0.096113,0.061309,-0.098296,0.172136,0.156671,0.130529,0.016725,0.113446,0.021798,0.181434,0.046091,0.031702,0.260484,-0.143097,0.016181,0.007704,0.013712,-0.027992,0.065288,0.063914,0.031225,0.031273,0.049663,0.068716,0.066492,-0.040868,-0.027465,0.140249,0.146400,-0.025117,0.076406,-0.003833,0.055000,0.130294,0.094902,0.138128,-0.018789,0.009639,0.117746,0.012383,0.041373,0.064788,-0.041778,0.108773,0.074210,0.005863,0.015116,-0.087099,-0.055630,0.008321,-0.060468,0.082517,0.117588,0.027341,0.127896,-0.153802,0.183757,0.065294,0.141948,0.237222,0.086788,0.088171,0.015931
0.106256,0.137727,0.034579,0.013651,0.009627,0.023046,0.072376,0.134460,-0.032035,0.031851,0.090942,0.020586,0.041853,-0.003059,0.002606,0.129843,0.147288,0.165466,0.065079,-0.008738,0.077449,0.000000,0.000791,0.042036,-0.051522,0.035202,0.038079,0.084992,0.130959,0.216923,0.080086,0.031008,0.055405,0.073433,-0.087696,-0.109823,0.192092,0.042973,0.122645,0.122184,0.177122,0.047325,0.001613,-0.005492,-0.151508,0.092075,0.144002,-0.017187,-0.038939,0.075902,0.083990,0.065652,0.100545,0.041493,0.150572,-0.037774,0.110689,0.102902,0.055174,0.030811,0.111128,0.043199,0.117046,0.034450,0.149546,0.077989,0.037593,0.006193,-0.026311,0.175709,0.059503,-0.008255,-0.153307,0.082881,-0.050415,0.027919,-0.163716,-0.123376,0.103517,0.015732,0.144134,0.124252,0.171121,-0.043444,0.114677,0.125423,-0.088345,-0.140142,0.224720,0.061392
0.142868,0.338967,0.751176,0.675307,0.409472,0.485716,0.692732,0.668159,0.363793,0.398072,0.261509,0.377243,0.575816,0.420724,0.295238,0.457442,0.137537,0.268627,0.283215,0.351938,0.111395,0.000791,0.000000,0.636224,0.375034,0.449726,0.124154,0.151184,0.061821,0.317045,0.540854,0.498115,0.316813,0.287697,-0.035879,-0.098778,0.010927,0.094153,0.099414,0.113173,-0.104442,0.129937,0.139747,0.256034,0.079429,0.116658,0.180451,0.062893,0.156388,0.054369,0.101119,0.145352,0.150520,0.101915,0.031159,-0.017991,0.137760,0.084263,0.126872,0.011933,0.245659,0.252472,0.238377,0.163517,0.136785,0.263275,0.163661,0.133885,0.056680,0.264555,0.157224,0.250808,-0.033143,0.082680,0.112158,0.104875,0.251429,0.271492,0.078907,0.007493,0.226450,0.017848,0.095031,0.076927,0.278968,0.240349,0.056907,0.187628,0.243158,0.214887
0.370091,0.430984,0.459263,0.895482,0.062788,0.420392,0.701337,0.690705,0.296048,0.328862,0.426747,0.553786,0.737079,0.519981,0.474268,0.698080,0.107904,0.239504,0.357099,0.503461,0.079690,0.042036,0.636224,0.000000,0.275351,0.425306,0.168873,0.155870,0.272191,0.237652,0.638382,0.795770,0.360946,0.401061,0.094024,-0.012303,0.073162,0.117525,0.195558,0.170552,-0.051228,0.134350,0.160393,0.220313,0.090486,0.295503,0.256771,0.136784,0.130960,0.075461,0.173928,0.129681,0.131226,0.111377,0.193933,0.167963,0.174039,0.139007,0.149613,0.124041,0.293921,0.325028,0.256306,0.176455,0.256785,0.354958,0.204709,0.209245,0.146272,0.263709,0.076559,0.051499,0.134595,0.386113,0.097598,0.077148,0.108224,0.349193,0.180804,0.117977,0.250093,0.183792,0.143727,0.087141,0.288315,0.420552,0.256364,0.149704,0.223533,0.418369
-0.069393,0.130463,0.127368,0.173656,0.493636,0.572577,0.227507,0.230423,0.375773,0.344426,0.112140,0.156959,0.296413,0.279681,0.088560,0.195860,0.038667,0.135313,-0.071204,0.106738,0.028637,-0.051522,0.375034,0.275351,0.000000,0.689222,0.366076,0.265517,-0.045751,0.156269,0.101025,0.143839,0.144200,0.159206,-0.053341,-0.229433,-0.112512,0.029088,0.047445,0.089379,-0.105019,-0.107976,0.052667,0.259336,0.101522,0.049180,0.055709,0.022149,0.269009,0.019822,0.040058,0.083953,0.001283,0.083313,0.040757,0.076070,-0.028030,-0.165327,-0.048834,-0.247646,0.123836,0.076642,0.153810,0.048606,0.080395,0.191968,-0.018301,-0.048246,-0.172630,0.036737,-0.016641,-0.011476,-0.069597,0.074555,0.010086,0.109327,-0.017522,0.019056,0.020752,-0.017629,0.075164,-0.034454,0.052517,-0.079850,0.104546,0.045946,0.045953,0.092889,0.050020,0.146594
0.043253,0.311172,0.249889,0.313289,0.428959,0.624035,0.312555,0.420707,0.420951,0.619028,0.132349,0.230709,0.415751,0.312616,0.142499,0.374582,0.127807,0.196430,0.030711,0.179324,0.000956,0.035202,0.449726,0.425306,0.689222,0.000000,0.107049,0.284831,-0.000565,0.281424,0.224353,0.319466,0.284606,0.230702,-0.154025,-0.292102,-0.071798,0.056702,0.034207,0.120880,-0.063570,-0.094199,0.109421,0.408942,0.157423,0.154755,0.201622,0.081535,0.336723,0.085740,0.130470,0.218903,0.092337,0.173966,0.117235,0.152229,0.121817,-0.052137,0.050175,-0.123172,0.244163,0.166959,0.228702,0.116022,0.188744,0.323714,0.110651,0.057621,-0.194763,0.170906,-0.035619,-0.018388,-0.114672,0.100209,-0.022608,0.160207,-0.082582,0.031338,0.145396,0.040845,0.234493,0.099383,0.161037,0.123967,0.267009,0.270309,0.035262,0.199052,0.097484,0.317136
-0.110131,-0.022147,0.025499,0.088169,0.130320,0.205673,0.063071,0.038398,0.189146,0.040432,0.075304,0.019781,0.068466,0.090194,-0.016695,0.131864,0.008014,0.051678,-0.123191,0.000328,-0.073512,0.038079,0.124154,0.168873,0.366076,0.107049,0.000000,0.297343,0.088606,0.114874,0.111307,0.040244,-0.115859,0.060970,0.045359,-0.007681,-0.063595,0.067589,0.035805,-0.016795,-0.038247,0.038555,-0.129642,-0.069816,-0.047664,-0.041704,-0.121658,-0.019687,-0.046454,-0.139005,-0.056404,-0.038504,-0.120235,-0.113825,-0.124113,-0.014349,-0.074227,-0.135369,-0.102748,-0.162300,-0.012180,-0.030759,-0.002086,0.021552,-0.034527,-0.037955,-0.081314,-0.082320,-0.021707,-0.091499,0.053021,0.112033,0.071475,0.036944,0.167395,0.012682,0.131264,0.107774,-0.061046,-0.053652,-0.007402,-0.098987,0.066860,-0.227647,-0.042687,-0.135893,-0.066077,-0.007354,-0.085786,-0.046274
-0.178524,0.060285,0.136277,0.074683,0.165790,0.323251,0.058784,0.148139,0.207520,0.274194,-0.063516,-0.007324,0.091474,0.073458,-0.112047,0.229433,0.125548,0.168982,-0.156809,0.026346,-0.096113,0.084992,0.151184,0.155870,0.265517,0.284831,0.297343,0.000000,-0.081744,0.228654,0.089201,0.090080,0.019902,0.151386,-0.102480,-0.141980,-0.036713,0.122220,0.155479,-0.094119,0.082438,0.065272,-0.127114,0.048252,-0.043198,-0.059960,-0.059591,-0.092929,0.014700,-0.085416,-0.086171,0.007546,-0.007286,-0.020136,-0.100475,-0.083564,0.038355,-0.058148,-0.060029,-0.145248,-0.011978,0.014200,0.017482,0.100611,-0.007197,0.082167,-0.041822,-0.007850,-0.130881,0.109928,0.011182,0.098180,-0.062403,-0.030149,0.070088,0.122837,0.060701,0.021180,0.018979,-0.151071,0.131134,-0.092167,0.199046,-0.120020,0.070830,-0.013092,-0.040388,0.013283,0.017251,0.131671
0.415578,0.268906,-0.022818,0.282128,-0.075563,0.044012,0.178077,0.130238,-0.083615,-0.142804,0.369705,0.284612,0.293087,0.233809,0.413815,0.306130,0.295964,0.202445,0.176203,0.199806,0.061309,0.130959,0.061821,0.272191,-0.045751,-0.000565,0.088606,-0.081744,0.000000,0.316017,0.332109,0.288461,0.258608,0.214069,0.263073,0.189836,0.387705,0.064737,0.193805,0.224549,0.098731,0.408577,-0.082004,0.101734,-0.378055,0.303861,0.170302,0.321873,-0.243766,-0.026576,0.124397,0.115137,-0.045587,-0.048786,0.303992,0.202839,0.175362,0.301018,0.016024,0.201195,0.143091,0.128393,0.193876,0.116614,0.021886,0.061626,0.106071,0.016565,0.417023,0.066817,0.064618,0.033298,0.129723,0.322265,0.076645,0.034508,0.028286,0.172750,0.185665,0.118951,0.221024,0.433438,-0.040975,-0.017774,0.130799,0.167207,0.132609,0.158319,0.144100,0.166142
0.143015,0.377475,0.266716,0.236208,0.219469,0.410923,0.334612,0.448150,0.189363,0.255604,0.332261,0.317443,0.362860,0.335818,0.165492,0.521640,0.386917,0.487562,0.117822,0.243130,-0.098296,0.216923,0.317045,0.237652,0.156269,0.281424,0.114874,0.228654,0.316017,0.000000,0.323994,0.291625,0.288366,0.346299,-0.082694,-0.074568,0.152523,0.170984,0.182477,0.169115,0.172530,0.159236,-0.017867,0.228903,-0.241900,0.239126,0.226555,0.208315,-0.019146,-0.014109,0.067938,0.129737,0.064365,0.023867,0.101039,0.051058,0.273481,0.242827,0.010515,0.049220,0.208476,0.190932,0.334212,0.328994,0.075617,0.210412,0.132983,0.057148,0.091312,0.271736,0.072083,0.155595,-0.083794,0.121962,0.105101,0.100994,0.088078,0.154552,0.276177,0.129913,0.380862,0.360421,0.207479,0.134345,0.294196,0.252697,-0.102812,0.133024,0.163114,0.136281
0.460981,0.425585,0.447440,0.704373,0.039684,0.139376,0.513737,0.565721,0.147208,0.059246,0.452799,0.423035,0.547769,0.472708,0.509202,0.569758,0.245240,0.273660,0.397085,0.478424,0.172136,0.080086,0.540854,0.638382,0.101025,0.224353,0.111307,0.089201,0.332109,0.323994,0.000000,0.946300,0.498116,0.475866,0.250854,0.221201,0.219382,0.170288,0.289476,0.252739,0.012564,0.281026,0.147371,0.162466,-0.049853,0.331104,0.215211,0.293514,-0.014907,0.043434,0.187852,0.152124,0.187247,0.027236,0.213158,0.118686,0.396169,0.483451,0.207119,0.339340,0.346871,0.377274,0.339452,0.300619,0.245942,0.275985,0.386513,0.365854,0.433548,0.249860,0.206321,0.244656,0.106377,0.220260,0.118487,0.073102,0.299211,0.251016,0.284005,0.113774,0.451003,0.418736,0.148173,0.267059,0.395541,0.508485,0.124037,0.267534,0.283830,0.316316
0.533220,0.509323,0.417576,0.808014,0.050386,0.218872,0.587623,0.704244,0.219490,0.148233,0.502145,0.535713,0.629897,0.583547,0.553589,0.705061,0.227676,0.310934,0.408080,0.649829,0.156671,0.031008,0.498115,0.795770,0.143839,0.319466,0.040244,0.090080,0.288461,0.291625,0.946300,0.000000,0.535630,0.608075,0.307195,0.241158,0.149886,0.169457,0.268174,0.241952,-0.038770,0.189931,0.172259,0.235660,0.027093,0.423510,0.233670,0.350246,0.085424,0.078515,0.197925,0.145415,0.224444,0.099470,0.209294,0.213952,0.465457,0.486576,0.225823,0.380074,0.392248,0.487063,0.385898,0.379734,0.264818,0.323534,0.427794,0.426054,0.436144,0.246396,0.117049,0.200447,0.174067,0.266924,0.098249,0.021254,0.310442,0.319619,0.350027,0.192922,0.423675,0.455362,0.176289,0.290657,0.394546,0.562123,0.206782,0.263511,0.250820,0.400221
0.651594,0.713144,0.365948,0.494888,0.052336,0.203629,0.506387,0.541096,0.163371,0.182085,0.489217,0.403886,0.563224,0.522679,0.463327,0.337343,0.282621,0.369484,0.560639,0.644133,0.130529,0.055405,0.316813,0.360946,0.144200,0.284606,-0.115859,0.019902,0.258608,0.288366,0.498116,0.535630,0.000000,0.661395,0.189624,0.097361,0.127214,0.208930,0.160995,0.277121,-0.019656,0.170229,0.443594,0.489824,0.129614,0.558622,0.549836,0.538634,0.250231,0.315802,0.401252,0.369494,0.399801,0.346011,0.379678,0.358931,0.583039,0.551535,0.476075,0.530108,0.605803,0.527839,0.498542,0.463587,0.233679,0.301162,0.561808,0.455047,0.390662,0.552638,-0.024012,0.018795,0.045703,0.204468,-0.012508,0.038972,0.136147,0.311716,0.490388,0.261669,0.469724,0.613709,0.087722,0.313754,0.430153,0.554700,0.230545,0.286500,0.210643,0.538218
0.483662,0.618806,0.266124,0.500461,0.105932,0.235211,0.463919,0.595848,0.180936,0.158746,0.467630,0.395448,0.556575,0.514609,0.313819,0.478789,0.288010,0.444850,0.285693,0.563654,0.016725,0.073433,0.287697,0.401061,0.159206,0.230702,0.060970,0.151386,0.214069,0.346299,0.475866,0.608075,0.661395,0.000000,0.187268,0.146913,0.149501,0.282054,0.347493,0.273002,0.008856,0.076638,0.404213,0.457854,0.173184,0.493911,0.459999,0.469268,0.294458,0.265991,0.386015,0.325168,0.428992,0.309972,0.343606,0.337125,0.650106,0.564987,0.434657,0.515945,0.583658,0.625508,0.543981,0.579074,0.320518,0.362439,0.549936,0.515921,0.316332,0.437115,0.012105,0.133187,0.068298,0.196701,0.081213,0.100232,0.191049,0.294492,0.485628,0.326956,0.620238,0.557152,0.253322,0.190101,0.540482,0.517873,0.148954,0.238657,0.210859,0.515505
0.349018,0.067717,-0.000129,0.241997,-0.223087,-0.166154,0.042806,0.050777,-0.062226,-0.233460,0.303926,0.198605,0.076760,0.156347,0.309085,0.132132,0.037471,0.004400,0.257520,0.264895,0.113446,-0.087696,-0.035879,0.094024,-0.053341,-0.154025,0.045359,-0.102480,0.263073,-0.082694,0.250854,0.307195,0.189624,0.187268,0.000000,0.660936,0.149136,0.023421,0.033250,0.057138,-0.110236,0.182653,0.055114,-0.128782,-0.018084,0.173022,-0.092179,0.294709,-0.072383,0.090083,0.107879,0.037549,0.087056,-0.067388,0.117420,0.171318,0.175741,0.380959,0.178942,0.364563,0.142148,0.203257,0.056131,0.134216,0.129519,0.074802,0.372133,0.353449,0.648691,-0.119749,0.247224,0.234184,0.302728,0.024952,0.052186,-0.087432,0.398006,0.221173,0.127907,0.098759,0.027995,0.274653,-0.018312,0.070601,0.082650,0.258711,0.152820,0.067664,0.067718,0.102471
0.289639,0.091573,0.025239,0.179647,-0.161496,-0.307639,-0.012141,0.033280,-0.129707,-0.292834,0.257519,0.121264,0.006362,0.092628,0.165504,0.084305,0.016013,0.039864,0.107029,0.321435,0.021798,-0.109823,-0.098778,-0.012303,-0.229433,-0.292102,-0.007681,-0.141980,0.189836,-0.074568,0.221201,0.241158,0.097361,0.146913,0.660936,0.000000,-0.027938,0.053828,-0.097911,-0.170462,-0.104420,0.325035,0.041124,-0.186228,-0.061325,0.249868,-0.145979,0.377149,-0.276197,0.180439,0.035524,-0.039681,0.154162,-0.015609,-0.041159,0.067744,0.313658,0.479142,0.198724,0.496954,0.070386,0.210402,-0.008129,0.187504,0.118531,-0.032762,0.408565,0.485603,0.946468,-0.175761,0.183644,0.273691,0.424668,-0.064517,0.182085,-0.087911,0.588844,0.327171,0.137383,0.066855,-0.000651,0.252788,0.008827,0.020879,-0.043884,0.177988,-0.078692,0.079514,0.014689,0.145211
0.207065,0.116446,0.048917,0.126161,-0.132132,-0.026302,0.042126,0.109214,-0.068028,-0.124348,0.215545,0.181112,0.089897,0.136713,0.280931,0.158019,0.182191,0.197601,0.252123,-0.071574,0.181434,0.192092,0.010927,0.073162,-0.112512,-0.071798,-0.063595,-0.036713,0.387705,0.152523,0.219382,0.149886,0.127214,0.149501,0.149136,-0.027938,0.000000,0.063276,0.490835,0.341552,0.251954,0.302799,-0.065884,0.022546,-0.280629,0.110466,0.106033,0.021086,0.006578,0.009470,0.217203,0.196049,0.014317,-0.046403,0.339571,0.110414,0.043447,0.228609,0.046440,0.137083,0.169857,0.135145,0.172772,0.089528,0.193117,0.237200,0.112802,0.012766,0.116908,0.061895,0.094941,0.105320,-0.104772,0.233309,-0.133722,0.162435,-0.008482,-0.181418,0.084028,0.054563,0.291685,0.248522,0.085606,0.121910,0.305265,0.273339,0.178495,0.189810,0.260126,0.025841
0.110183,0.191476,0.122730,0.098765,0.033561,0.085442,0.122758,0.165863,0.053653,0.003108,0.200996,0.168468,0.232221,0.260971,0.112820,0.181299,0.229640,0.240909,0.054640,0.166205,0.046091,0.042973,0.094153,0.117525,0.029088,0.056702,0.067589,0.122220,0.064737,0.170984,0.170288,0.169457,0.208930,0.282054,0.023421,0.053828,0.063276,0.000000,0.241961,0.215608,0.130843,0.197148,0.194606,0.215286,0.016950,0.259448,0.299442,0.235031,0.108534,0.145285,0.231890,0.209599,0.173505,0.117806,0.237875,0.181917,0.283473,0.195801,0.195547,0.205253,0.218410,0.237599,0.313930,0.314772,0.128596,0.182256,0.260748,0.235613,0.094059,0.204806,-0.018633,0.089875,-0.064089,0.069425,0.002283,-0.014353,0.055236,0.026577,0.252128,0.142601,0.289184,0.231523,0.083274,0.049670,0.251845,0.161512,-0.037605,-0.016268,0.058948,0.226110
0.166311,0.197832,0.023436,0.157662,-0.008275,0.214241,0.115818,0.193469,0.026158,-0.038499,0.231474,0.190165,0.242059,0.245365,0.151011,0.208565,0.209713,0.406719,0.044656,0.063142,0.031702,0.122645,0.099414,0.195558,0.047445,0.034207,0.035805,0.155479,0.193805,0.182477,0.289476,0.268174,0.160995,0.347493,0.033250,-0.097911,0.490835,0.241961,0.000000,0.370987,0.447040,0.178494,-0.026097,0.178625,-0.172988,0.163704,0.169912,0.033028,0.076917,-0.006358,0.202381,0.211727,0.051932,0.022892,0.275635,0.160174,0.192168,0.251515,0.063188,0.145169,0.204370,0.222154,0.246653,0.290504,0.153919,0.196213,0.158568,0.050941,0.030023,0.203965,-0.068872,0.018172,-0.162662,0.250258,-0.086907,0.229030,0.017104,-0.151137,0.131457,0.094376,0.404317,0.241787,0.120391,0.190711,0.397402,0.207797,0.190784,0.167418,0.150039,0.160699
0.306839,0.227904,0.017621,0.158304,-0.028299,0.091988,0.147093,0.213967,0.051655,-0.070515,0.388668,0.268726,0.224104,0.291198,0.406121,0.169532,0.224320,0.289953,0.355654,0.028626,0.260484,0.122184,0.113173,0.170552,0.089379,0.120880,-0.016795,-0.094119,0.224549,0.169115,0.252739,0.241952,0.277121,0.273002,0.057138,-0.170462,0.341552,0.215608,0.370987,0.000000,0.066814,0.060390,0.073896,0.198736,-0.239980,0.194607,0.285590,0.153811,0.123045,0.076297,0.176897,0.241494,0.003365,-0.057081,0.245484,0.299532,0.126162,0.221140,0.034474,0.145611,0.324047,0.223188,0.502556,0.187077,0.151882,0.228569,0.103108,0.044461,0.000039,0.219262,-0.006432,0.022595,-0.286033,0.216636,-0.098087,-0.014429,0.021982,-0.019375,0.203653,0.239422,0.400239,0.391869,-0.023695,0.220789,0.314555,0.293235,0.151204,0.137416,0.203010,0.046661
-0.037114,0.028869,0.043260,-0.122094,0.023361,-0.014174,-0.007475,0.018090,0.006687,-0.030663,0.072428,-0.017907,-0.009380,-0.026202,-0.172678,0.033946,0.201354,0.186270,-0.045182,-0.112115,-0.143097,0.177122,-0.104442,-0.051228,-0.105019,-0.063570,-0.038247,0.082438,0.098731,0.172530,0.012564,-0.038770,-0.019656,0.008856,-0.110236,-0.104420,0.251954,0.130843,0.447040,0.066814,0.000000,0.128288,-0.085024,-0.034179,-0.232428,0.009348,0.063992,-0.062291,-0.086675,-0.044012,0.083750,0.106073,0.078440,0.007307,0.152481,-0.067424,0.109521,0.120813,0.022727,-0.004943,0.032163,-0.021471,0.093211,0.079109,0.091046,0.056848,0.066701,-0.031542,-0.037692,0.126883,-0.058543,-0.078317,-0.187750,0.054396,-0.014878,0.283871,-0.169092,-0.237028,0.061142,-0.057078,0.250977,0.104555,0.291263,0.132264,0.241199,0.088319,-0.179369,0.131887,0.132433,0.043953
0.138373,0.172310,0.092935,0.177293,-0.021219,0.010170,0.086520,0.069593,-0.104899,-0.125191,0.178583,0.127135,0.134765,0.149359,0.211128,0.214788,0.181758,0.243587,0.077916,0.106432,0.016181,0.047325,0.129937,0.134350,-0.107976,-0.094199,0.038555,0.065272,0.408577,0.159236,0.281026,0.189931,0.170229,0.076638,0.182653,0.325035,0.302799,0.197148,0.178494,0.060390,0.128288,0.000000,-0.229914,0.054820,-0.471272,0.169435,-0.055770,0.101676,-0.163061,0.061081,0.126484,0.180240,-0.023089,-0.004358,0.079055,-0.082958,0.093993,0.240919,0.063006,0.143695,0.052950,0.072795,-0.020143,0.094886,0.075651,0.083607,0.102232,0.060002,0.361555,0.017932,0.020635,0.193790,0.127654,0.294719,0.195734,0.232505,0.286374,0.104826,0.019943,-0.176910,0.067700,0.152794,0.196991,-0.080421,0.022846,0.123115,-0.020748,-0.054275,0.039422,0.142545
0.392467,0.390603,0.271130,0.299359,0.078422,0.042170,0.369933,0.400396,0.046147,0.141640,0.218101,0.161627,0.366993,0.285460,0.116251,0.072191,0.021310,0.080377,0.257842,0.428432,0.007704,0.001613,0.139747,0.160393,0.052667,0.109421,-0.129642,-0.127114,-0.082004,-0.017867,0.147371,0.172259,0.443594,0.404213,0.055114,0.041124,-0.065884,0.194606,-0.026097,0.073896,-0.085024,-0.229914,0.000000,0.437513,0.640906,0.492414,0.779723,0.489613,0.435769,0.608027,0.588402,0.427991,0.691037,0.554340,0.458157,0.378357,0.436486,0.264833,0.762420,0.576507,0.596221,0.472941,0.374407,0.239588,0.320895,0.338082,0.632857,0.576581,0.144074,0.418958,-0.041017,-0.102095,-0.006034,-0.026408,-0.071238,-0.060115,-0.006752,0.252022,0.280299,0.212952,0.248564,0.242649,-0.030420,0.109798,0.420604,0.423535,0.053876,0.050579,0.243234,0.526287
0.349919,0.614537,0.144395,0.238721,0.279554,0.327441,0.394269,0.402648,0.252544,0.261178,0.312532,0.304001,0.574529,0.470008,0.311196,0.282412,0.222564,0.313727,0.121675,0.413271,0.013712,-0.005492,0.256034,0.220313,0.259336,0.408942,-0.069816,0.048252,0.101734,0.228903,0.162466,0.235660,0.489824,0.457854,-0.128782,-0.186228,0.022546,0.215286,0.178625,0.198736,-0.034179,0.054820,0.437513,0.000000,0.271351,0.579640,0.688329,0.526819,0.533526,0.366040,0.532924,0.565639,0.368427,0.520430,0.432393,0.478485,0.433930,0.247407,0.416995,0.334643,0.603528,0.447255,0.457683,0.392889,0.241531,0.365097,0.377928,0.252660,-0.020368,0.398025,-0.132182,-0.020563,-0.038493,0.256248,0.000821,0.090212,-0.108618,0.143946,0.297113,0.229544,0.340795,0.318245,0.156491,0.134207,0.404478,0.357631,0.104691,0.069406,0.161898,0.519882
0.086854,0.078939,0.112371,0.176790,0.042719,0.030451,0.132112,0.115798,0.110747,0.252070,-0.063808,0.027747,0.144933,0.049456,-0.083814,-0.065454,-0.145343,-0.136082,0.073643,0.236427,-0.027992,-0.151508,0.079429,0.090486,0.101522,0.157423,-0.047664,-0.043198,-0.378055,-0.241900,-0.049853,0.027093,0.129614,0.173184,-0.018084,-0.061325,-0.280629,0.016950,-0.172988,-0.239980,-0.232428,-0.471272,0.640906,0.271351,0.000000,0.135191,0.302757,0.187648,0.545679,0.326907,0.327985,0.148953,0.506136,0.448029,0.160991,0.287975,0.173064,-0.017240,0.463375,0.269829,0.267522,0.229056,0.013494,0.124951,0.211381,0.159019,0.309304,0.370697,-0.076731,0.103656,0.017846,-0.004658,0.130414,-0.113348,-0.065795,-0.058783,-0.073151,0.194084,0.115694,0.150282,0.024302,-0.039630,0.044668,0.131586,0.152434,0.145179,0.178063,0.021511,0.081646,0.311770
0.651870,0.776922,0.201720,0.388723,0.103130,0.105908,0.401571,0.532128,0.154477,0.065721,0.539477,0.437117,0.507694,0.565582,0.449767,0.408897,0.240461,0.344454,0.329804,0.678631,0.065288,0.092075,0.116658,0.295503,0.049180,0.154755,-0.041704,-0.059960,0.303861,0.239126,0.331104,0.423510,0.558622,0.493911,0.173022,0.249868,0.110466,0.259448,0.163704,0.194607,0.009348,0.169435,0.492414,0.579640,0.135191,0.000000,0.715185,0.807134,0.178570,0.501031,0.540374,0.507668,0.461920,0.418814,0.514610,0.501614,0.717187,0.601555,0.558916,0.708990,0.702487,0.707786,0.537836,0.574586,0.339956,0.370088,0.728547,0.569298,0.440806,0.435749,-0.009942,0.091157,0.080660,0.221586,0.017098,0.033830,0.116454,0.296229,0.395176,0.270399,0.441002,0.622249,0.153713,0.258272,0.454195,0.566319,0.020908,0.129510,0.316997,0.642676
0.512301,0.685492,0.281521,0.314774,0.127003,0.166994,0.505318,0.544323,0.088692,0.166844,0.361581,0.267329,0.599400,0.421038,0.277465,0.258137,0.229705,0.255801,0.342075,0.500220,0.063914,0.144002,0.180451,0.256771,0.055709,0.201622,-0.121658,-0.059591,0.170302,0.226555,0.215211,0.233670,0.549836,0.459999,-0.092179,-0.145979,0.106033,0.299442,0.169912,0.285590,0.063992,-0.055770,0.779723,0.688329,0.302757,0.715185,0.000000,0.619132,0.415127,0.562730,0.713428,0.569032,0.670645,0.631551,0.744580,0.517739,0.572727,0.349772,0.705354,0.581446,0.813896,0.643020,0.599283,0.365182,0.369170,0.426979,0.624444,0.452970,0.069002,0.674411,-0.106137,-0.100666,-0.186988,0.202741,-0.092176,0.006430,-0.191789,0.179993,0.329693,0.198763,0.434020,0.409993,0.104318,0.155809,0.630793,0.534362,0.089381,0.027883,0.419757,0.626212
0.666244,0.665674,0.122042,0.326836,0.040679,0.007801,0.331361,0.331090,0.071807,-0.068528,0.476459,0.282801,0.472376,0.452950,0.323284,0.249496,0.255386,0.254417,0.297151,0.636368,0.031225,-0.017187,0.062893,0.136784,0.022149,0.081535,-0.019687,-0.092929,0.321873,0.208315,0.293514,0.350246,0.538634,0.469268,0.294709,0.377149,0.021086,0.235031,0.033028,0.153811,-0.062291,0.101676,0.489613,0.526819,0.187648,0.807134,0.619132,0.000000,0.173183,0.436728,0.467414,0.413622,0.454092,0.393009,0.417086,0.568186,0.760956,0.685001,0.606741,0.813254,0.608965,0.597477,0.472013,0.559694,0.252786,0.189864,0.692053,0.556609,0.577583,0.368544,0.065889,0.156268,0.132615,0.154022,0.085342,-0.088243,0.194199,0.379272,0.478660,0.289770,0.377447,0.657460,0.077762,0.201765,0.365262,0.428709,0.052693,0.158226,0.217659,0.491587
