0.000000,1.253815,0.276552,0.330870,0.035127,0.320707,0.374288,0.403355,0.013751,0.223544,0.818995,0.490658,0.629303,0.407059,0.296101,0.399209,0.586721,0.517499,0.899624,0.876886,-0.054833,-0.142141,0.406305,0.560965,0.504484,0.237381,0.286208,0.211476,0.369015,0.218980,0.444724,0.506983,0.817153,0.731735,0.349359,0.449073,0.188998,0.351779,0.407820,0.259572,0.002883,0.190536,0.688124,0.776362,0.656194,0.680117,0.806045,0.788361,0.582463,0.601899,0.572696,0.529996,0.600742,0.425885,0.639123,0.746689,1.338261,1.069057,0.748089,0.538080,0.755727,0.390550,0.501555,0.498232,0.228914,0.236658,0.568359,0.651369,0.979034,0.573511,-0.009571,-0.111745,0.470650,0.348844,0.548154,0.456556,0.288342,0.194162,0.224110,0.206526,0.440224,0.385491,0.366320,0.438996,0.747438,0.665208,0.857949,0.667612,0.908164,0.820754
1.253815,0.000000,0.458350,0.517399,0.272572,0.309521,0.637194,0.652989,0.304833,0.450221,0.702299,0.767662,0.815209,0.606308,0.453023,0.562088,0.772901,0.827484,0.909460,0.971391,-0.094380,-0.252894,0.521402,0.632776,0.574032,0.235620,0.186761,0.062236,0.451486,0.389294,0.433418,0.519474,0.889592,0.768088,0.332238,0.390085,0.115304,0.316251,0.249921,0.226103,-0.116089,0.209021,0.729307,0.821163,0.687132,0.826125,0.829599,0.889970,0.686466,0.755818,0.726326,0.668870,0.714529,0.587568,0.649715,0.780114,1.163672,1.278671,0.930421,0.557552,0.823989,0.550229,0.629126,0.731281,0.280547,0.284030,0.592231,0.657284,0.844557,0.578368,-0.001538,-0.243820,0.458923,0.427899,0.504463,0.449008,0.157881,0.093760,0.240735,0.232430,0.508114,0.523877,0.337023,0.497613,0.732458,0.776673,0.736603,0.633254,0.908415,0.950260
0.276552,0.458350,0.000000,0.865966,0.861046,0.278409,1.296804,0.692683,1.129478,0.711568,0.317836,0.588980,0.511591,0.588338,0.752870,0.622475,0.277211,0.390140,0.438109,0.238898,-0.179159,-0.170156,1.207865,0.714072,0.725558,0.318800,-0.149685,-0.163995,0.036273,0.129572,0.247959,0.456933,0.293559,0.296315,0.290751,0.148828,-0.068531,-0.014708,-0.132411,-0.069140,-0.254313,-0.179931,0.673327,0.500498,0.323675,0.452296,0.506866,0.552546,0.510581,0.440758,0.616193,0.539738,0.577776,0.477490,0.202486,0.354852,0.152213,0.275811,0.438132,0.130076,0.452044,0.209891,0.253627,0.319479,0.507754,0.344195,0.360983,0.370364,0.193175,0.186877,-0.134781,-0.190824,0.174702,0.105412,0.200006,0.267418,-0.036579,-0.093873,-0.089338,-0.021745,0.053364,0.279550,0.055917,0.163602,0.415281,0.616494,0.259820,0.203054,0.460743,0.725435
0.330870,0.517399,0.865966,0.000000,0.464610,0.568226,0.784558,1.404675,0.712004,1.016291,0.305983,0.816954,0.457815,0.916732,0.641863,1.081127,0.233180,0.348068,0.595753,0.490344,-0.011391,-0.054720,0.971518,1.183502,0.652038,0.456543,-0.070614,-0.028670,0.313338,0.397624,0.450222,0.821941,0.490033,0.594364,0.391889,0.387704,0.092002,0.245613,0.026748,0.049612,-0.142179,-0.010467,0.472626,0.397861,0.382906,0.554359,0.425779,0.573820,0.384369,0.315948,0.508358,0.485459,0.483640,0.389438,0.256699,0.377400,0.219124,0.309752,0.416896,0.158151,0.465817,0.366204,0.321200,0.594492,0.560040,0.510188,0.470702,0.590580,0.353930,0.325997,-0.001103,-0.132893,0.337193,0.413352,0.418681,0.525586,0.093853,0.024340,0.111180,0.120616,0.387203,0.608852,0.310930,0.403738,0.612113,0.886573,0.414990,0.388396,0.612047,0.737660
0.035127,0.272572,0.861046,0.464610,0.000000,0.291636,0.730826,0.487800,1.288091,0.713884,0.116029,0.417346,0.222296,0.472590,0.608068,0.433822,0.184395,0.306585,0.290623,0.150554,-0.189042,-0.122078,0.562580,0.342061,0.558622,0.152185,-0.107097,-0.097208,0.016623,0.168666,0.171034,0.293852,0.229993,0.283162,0.178140,0.128806,-0.188860,-0.031901,-0.179500,-0.223940,-0.222174,-0.263141,0.485772,0.406263,0.147870,0.318768,0.333847,0.388599,0.346754,0.257021,0.384493,0.312404,0.365609,0.295785,0.094512,0.256368,-0.019152,0.196193,0.367956,0.110159,0.427257,0.301713,0.219986,0.330845,0.302317,0.303725,0.298494,0.284170,0.104195,0.159251,-0.199034,-0.191294,0.106965,0.059399,0.136901,0.203159,-0.071800,-0.112649,-0.117443,0.067182,0.024003,0.164419,-0.045404,0.009641,0.125703,0.289121,-0.043515,-0.076313,0.227396,0.446810
0.320707,0.309521,0.278409,0.568226,0.291636,0.000000,0.262632,0.534716,0.267013,0.565877,0.308909,0.355131,0.259410,0.434598,0.178902,0.434985,0.116112,0.167697,0.396772,0.273822,0.099298,0.052457,0.376370,0.674721,0.411515,0.319042,0.200392,0.382694,0.107466,0.137629,0.090259,0.292687,0.284961,0.236711,0.228101,0.240648,0.035572,0.432908,0.210560,-0.009167,0.013323,-0.013832,0.421251,0.415280,0.319315,0.419326,0.451203,0.467709,0.374587,0.347306,0.427490,0.442632,0.395268,0.317296,0.354103,0.382323,0.117778,0.161263,0.277325,0.016821,0.294280,0.025325,0.144057,0.191990,0.240018,0.242651,0.290629,0.301812,0.205033,0.191112,0.156743,-0.114395,0.297588,0.358734,0.440174,0.460313,0.190061,0.175941,-0.110542,0.031793,0.193969,0.306197,0.282022,0.246114,0.350937,0.487530,0.308080,0.174359,0.391561,0.496244
0.374288,0.637194,1.296804,0.784558,0.730826,0.262632,0.000000,0.871094,0.914988,0.719398,0.443479,0.697996,0.836205,0.721331,0.676684,0.623411,0.505049,0.544876,0.559670,0.407566,-0.161050,-0.263843,0.792019,0.603066,0.627698,0.365539,-0.071627,-0.138730,0.229338,0.295667,0.305852,0.425523,0.402612,0.348192,0.339552,0.269515,-0.014091,0.114155,-0.001378,0.035471,-0.121314,0.016532,0.674803,0.562375,0.340155,0.573954,0.526081,0.653467,0.530635,0.500465,0.747815,0.637916,0.668126,0.614902,0.360467,0.479473,0.297179,0.431948,0.587226,0.216499,0.622492,0.341856,0.493667,0.563383,0.438480,0.389197,0.500132,0.466564,0.274695,0.238611,-0.101332,-0.216108,0.257872,0.266060,0.232140,0.348948,0.046001,-0.041044,0.018341,0.030886,0.208910,0.374420,0.180487,0.272144,0.446597,0.635021,0.293324,0.307587,0.574161,0.744935
0.403355,0.652989,0.692683,1.404675,0.487800,0.534716,0.871094,0.000000,0.654942,1.041950,0.321315,0.994848,0.550222,1.084841,0.578478,1.087457,0.322762,0.401633,0.534447,0.527444,-0.064638,-0.115835,0.642299,0.857487,0.507982,0.403701,-0.035576,-0.086256,0.377394,0.468889,0.384062,0.683260,0.541828,0.669085,0.308314,0.454837,0.090114,0.285204,0.043835,0.141486,-0.126176,0.102265,0.492250,0.454695,0.432128,0.717138,0.475943,0.655680,0.517653,0.473298,0.659817,0.659900,0.610529,0.560294,0.411737,0.516690,0.300006,0.408255,0.590418,0.215588,0.659598,0.560270,0.463060,0.854525,0.413362,0.607119,0.490069,0.605217,0.353113,0.291298,0.003376,-0.165865,0.330079,0.450613,0.429509,0.554062,0.130041,0.068354,0.130479,0.053995,0.438477,0.624305,0.332386,0.474477,0.555981,0.861559,0.428112,0.461797,0.670892,0.719140
0.013751,0.304833,1.129478,0.712004,1.288091,0.267013,0.914988,0.654942,0.000000,0.864056,0.043195,0.462770,0.271382,0.581747,0.831006,0.629328,0.187154,0.273376,0.265017,0.162464,-0.189117,-0.104355,0.702301,0.484823,0.559311,0.258290,-0.206070,-0.122009,0.080571,0.168380,0.257255,0.385407,0.199710,0.266491,0.098554,0.110311,-0.107630,-0.114748,-0.160802,-0.153022,-0.197433,-0.224882,0.499918,0.390604,0.151045,0.345808,0.353139,0.431167,0.337934,0.307411,0.409223,0.394246,0.443112,0.404442,0.147132,0.277220,0.022458,0.215316,0.334624,0.036332,0.379662,0.211792,0.211941,0.385629,0.270647,0.311404,0.258911,0.268179,0.096181,0.131471,-0.172541,-0.236956,0.101353,0.038840,0.158729,0.229126,-0.096877,-0.140188,-0.117312,-0.045356,0.063194,0.240638,0.032407,0.121684,0.137987,0.329002,0.049545,0.015985,0.264464,0.455004
0.223544,0.450221,0.711568,1.016291,0.713884,0.565877,0.719398,1.041950,0.864056,0.000000,0.158611,0.681888,0.393832,0.865272,0.555631,0.941484,0.234004,0.351366,0.418020,0.349556,-0.211666,-0.206782,0.605991,0.715553,0.547001,0.240699,-0.024822,-0.199995,0.228891,0.333718,0.241885,0.442289,0.323849,0.435823,0.201528,0.303993,-0.010318,0.197206,0.006709,0.033791,-0.214623,-0.077140,0.413114,0.377896,0.260943,0.450432,0.391223,0.525459,0.411338,0.386365,0.535519,0.506046,0.572302,0.486683,0.361564,0.447926,0.151664,0.269940,0.448097,0.069997,0.461698,0.268636,0.330906,0.541986,0.304494,0.309552,0.337886,0.391702,0.247972,0.226924,-0.140335,-0.281377,0.183983,0.288465,0.327587,0.407197,-0.002088,-0.008606,0.055426,-0.009294,0.274357,0.417168,0.201484,0.333307,0.342167,0.501622,0.370298,0.271272,0.564756,0.637297
0.818995,0.702299,0.317836,0.305983,0.116029,0.308909,0.443479,0.321315,0.043195,0.158611,0.000000,0.622765,0.943283,0.492706,0.415397,0.314501,0.687478,0.505808,0.647490,0.478832,0.137774,-0.100021,0.503797,0.474013,0.438692,0.255508,0.216302,0.155211,0.436951,0.371741,0.437277,0.482622,0.764949,0.530877,0.421091,0.332693,-0.024850,0.344948,0.294564,-0.011605,0.172295,0.114609,0.450405,0.506643,0.529168,0.434819,0.464310,0.426162,0.449394,0.430928,0.571050,0.464387,0.314000,0.283046,0.295435,0.421347,0.606476,0.554720,0.605152,0.385676,0.697515,0.365290,0.695767,0.392853,0.434410,0.273593,0.520809,0.494633,0.454970,0.272129,0.175041,0.078559,0.485133,0.442920,0.404720,0.438746,0.293611,0.089505,0.235887,0.389940,0.403402,0.326312,0.320606,0.198162,0.595851,0.490082,0.364101,0.308702,0.444090,0.486985
0.490658,0.767662,0.588980,0.816954,0.417346,0.355131,0.697996,0.994848,0.462770,0.681888,0.622765,0.000000,0.691239,1.317079,0.532374,0.936510,0.503348,0.608132,0.512220,0.486047,-0.079762,-0.242623,0.595734,0.631688,0.430480,0.288410,-0.043106,-0.144712,0.406183,0.545945,0.269229,0.558089,0.706527,0.734721,0.294971,0.345226,0.047938,0.278915,0.007790,0.045664,-0.083636,0.085020,0.564243,0.544846,0.617588,0.734822,0.568775,0.618321,0.743090,0.663795,0.871122,0.799889,0.626857,0.568854,0.381061,0.552980,0.350734,0.422681,0.748062,0.335740,0.776126,0.689236,0.626323,0.806957,0.475377,0.604369,0.460621,0.499656,0.286591,0.235805,-0.014539,-0.163261,0.210870,0.371044,0.322465,0.439672,0.010642,-0.084409,0.216931,0.306712,0.473476,0.666043,0.356051,0.462835,0.571364,0.847787,0.364867,0.391395,0.571975,0.681645
0.629303,0.815209,0.511591,0.457815,0.222296,0.259410,0.836205,0.550222,0.271382,0.393832,0.943283,0.691239,0.000000,0.581731,0.491904,0.413295,0.723846,0.562052,0.548374,0.399363,-0.017942,-0.275284,0.520054,0.501959,0.520058,0.284947,0.112273,-0.048206,0.332467,0.254006,0.298868,0.344228,0.465318,0.309122,0.249194,0.203721,-0.019792,0.181225,0.199173,0.070415,0.025398,0.113603,0.419830,0.394102,0.366882,0.389721,0.385171,0.471456,0.442399,0.481892,0.636207,0.530384,0.490259,0.444029,0.357501,0.449760,0.518216,0.505694,0.551832,0.193279,0.669282,0.272067,0.639767,0.436616,0.324376,0.197031,0.300272,0.320248,0.318546,0.140515,-0.001738,-0.212676,0.304422,0.336732,0.199459,0.221457,-0.019925,-0.136735,0.111649,0.100403,0.292805,0.268255,0.219021,0.221555,0.521109,0.485933,0.407398,0.403622,0.574104,0.563344
0.407059,0.606308,0.588338,0.916732,0.472590,0.434598,0.721331,1.084841,0.581747,0.865272,0.492706,1.317079,0.581731,0.000000,0.615624,1.107320,0.443661,0.512077,0.550584,0.513801,-0.076695,-0.131401,0.595091,0.685872,0.453320,0.338536,-0.061949,-0.111725,0.488394,0.584831,0.420856,0.681609,0.689569,0.773481,0.311302,0.438360,0.144223,0.347626,0.104383,0.186924,0.037301,0.205408,0.538541,0.572456,0.520797,0.697322,0.551061,0.643831,0.552561,0.509537,0.731093,0.680808,0.581702,0.526385,0.452942,0.593809,0.323635,0.399970,0.640888,0.281823,0.778501,0.591752,0.664971,0.919581,0.392287,0.523773,0.530008,0.550828,0.339491,0.311852,-0.021248,-0.073474,0.332429,0.460315,0.460764,0.633595,0.144764,0.040045,0.212924,0.234413,0.494418,0.666852,0.393219,0.545306,0.477268,0.684507,0.420730,0.400443,0.609455,0.668185
0.296101,0.453023,0.752870,0.641863,0.608068,0.178902,0.676684,0.578478,0.831006,0.555631,0.415397,0.532374,0.491904,0.615624,0.000000,0.854938,0.417233,0.263094,0.417570,0.330692,0.109882,0.017810,0.785537,0.576936,0.680736,0.471816,0.145016,0.152948,0.520463,0.379214,0.760592,0.818446,0.469489,0.532345,0.303774,0.401272,0.079386,0.039358,0.056239,0.011581,0.110554,-0.026722,0.423637,0.380487,0.314005,0.362225,0.327811,0.402190,0.264993,0.209965,0.336977,0.336074,0.272622,0.293444,0.196417,0.318200,0.331839,0.402758,0.317903,0.108553,0.474701,0.335286,0.487390,0.469267,0.459622,0.416439,0.361283,0.440718,0.327822,0.196917,0.078159,-0.050038,0.364865,0.207505,0.338926,0.364908,0.074687,-0.098589,0.254078,0.227113,0.323380,0.332826,0.292135,0.157260,0.393296,0.367626,0.257304,0.283686,0.349152,0.419999
0.399209,0.562088,0.622475,1.081127,0.433822,0.434985,0.623411,1.087457,0.629328,0.941484,0.314501,0.936510,0.413295,1.107320,0.854938,0.000000,0.287225,0.391485,0.606018,0.584238,-0.031398,-0.073211,0.758789,0.878584,0.550544,0.374522,0.119257,0.049484,0.610362,0.592358,0.507907,0.828081,0.581890,0.717156,0.321555,0.491685,0.291210,0.296403,0.027583,0.196748,-0.011815,0.174107,0.486493,0.482908,0.433185,0.587619,0.441176,0.603597,0.388953,0.337244,0.485990,0.480837,0.462417,0.428357,0.346925,0.468838,0.333432,0.396122,0.488129,0.175390,0.552142,0.408656,0.487260,0.721826,0.448111,0.434954,0.496473,0.595942,0.433342,0.382730,0.072889,-0.107870,0.371910,0.435656,0.499722,0.651741,0.146378,0.080340,0.333282,0.213711,0.550812,0.791970,0.451052,0.615264,0.634324,0.723567,0.501761,0.479352,0.657044,0.677592
0.586721,0.772901,0.277211,0.233180,0.184395,0.116112,0.505049,0.322762,0.187154,0.234004,0.687478,0.503348,0.723846,0.443661,0.417233,0.287225,0.000000,0.999093,0.531985,0.556378,0.009327,-0.188663,0.285838,0.264779,0.407706,0.321301,0.193380,0.074672,0.659244,0.615766,0.358456,0.295639,0.622199,0.427651,0.284441,0.281794,-0.014381,0.286377,0.235589,-0.020806,0.093132,0.154057,0.378197,0.416639,0.401466,0.405537,0.397566,0.410796,0.413155,0.428650,0.497422,0.358217,0.362970,0.336787,0.343978,0.383961,0.789829,0.692361,0.585360,0.230432,0.653184,0.339223,0.820400,0.597784,0.291228,0.236290,0.396858,0.349637,0.429748,0.201004,0.150061,-0.158447,0.474833,0.468980,0.406734,0.408136,0.234230,0.098540,0.499258,0.397523,0.634859,0.461641,0.437238,0.323857,0.396554,0.336533,0.281324,0.225519,0.421784,0.415023
0.517499,0.827484,0.390140,0.348068,0.306585,0.167697,0.544876,0.401633,0.273376,0.351366,0.505808,0.608132,0.562052,0.512077,0.263094,0.391485,0.999093,0.000000,0.630304,0.606931,-0.088066,-0.266250,0.432597,0.380065,0.419364,0.208910,0.141564,-0.004371,0.529887,0.696270,0.262279,0.311123,0.656812,0.482343,0.397999,0.232680,-0.130154,0.301750,-0.060581,-0.037999,-0.103829,0.179685,0.490177,0.527976,0.520556,0.560573,0.494632,0.496234,0.455277,0.473446,0.542401,0.354213,0.457417,0.394570,0.300302,0.365101,0.667280,0.714810,0.598419,0.362795,0.566542,0.419115,0.721091,0.693958,0.415178,0.239123,0.534859,0.450453,0.431590,0.329640,0.102634,-0.185399,0.474756,0.577719,0.415227,0.494111,0.142490,0.073275,0.395524,0.431125,0.629782,0.647817,0.252612,0.398207,0.552325,0.524820,0.295398,0.212258,0.487151,0.637741
0.899624,0.909460,0.438109,0.595753,0.290623,0.396772,0.559670,0.534447,0.265017,0.418020,0.647490,0.512220,0.548374,0.550584,0.417570,0.606018,0.531985,0.630304,0.000000,1.308797,-0.091966,-0.186018,0.688884,0.807550,0.614170,0.304606,0.286608,0.243062,0.461685,0.411795,0.534912,0.655002,0.927137,0.780799,0.572949,0.438538,0.114245,0.397598,0.208066,0.069648,-0.098972,0.159222,0.627075,0.723616,0.439343,0.596142,0.585215,0.793934,0.267914,0.300325,0.378353,0.298419,0.421022,0.310147,0.349955,0.482045,0.750373,0.884065,0.645300,0.517087,0.625726,0.377879,0.484977,0.618159,0.471191,0.237329,0.892864,0.844462,1.140427,0.899845,-0.056663,-0.127098,0.573056,0.499936,0.547300,0.549298,0.255827,0.194518,0.257928,0.322739,0.549598,0.573823,0.327142,0.490560,0.822318,0.730336,0.490110,0.400432,0.875550,0.967291
0.876886,0.971391,0.238898,0.490344,0.150554,0.273822,0.407566,0.527444,0.162464,0.349556,0.478832,0.486047,0.399363,0.513801,0.330692,0.584238,0.556378,0.606931,1.308797,0.000000,-0.016018,-0.100423,0.390923,0.542864,0.392533,0.172268,0.266477,0.266801,0.655714,0.594900,0.518600,0.603318,0.953304,0.872772,0.433842,0.458933,0.226927,0.487771,0.283795,0.228805,0.015086,0.292096,0.538402,0.689282,0.422342,0.596841,0.548876,0.760242,0.265087,0.282458,0.325309,0.281278,0.371934,0.324053,0.421536,0.509488,0.896677,1.030062,0.646637,0.663433,0.583173,0.524872,0.587639,0.775534,0.242944,0.212364,0.835684,0.825863,1.170279,1.062455,0.045541,-0.082038,0.565340,0.521503,0.570119,0.602783,0.366191,0.325903,0.437090,0.417565,0.794496,0.761982,0.483623,0.631516,0.636602,0.626054,0.494113,0.471691,0.756754,0.770817
-0.054833,-0.094380,-0.179159,-0.011391,-0.189042,0.099298,-0.161050,-0.064638,-0.189117,-0.211666,0.137774,-0.079762,-0.017942,-0.076695,0.109882,-0.031398,0.009327,-0.088066,-0.091966,-0.016018,0.000000,0.838077,-0.103162,-0.119745,-0.123380,-0.057811,-0.093057,0.243859,0.241671,0.144588,0.214597,0.143931,0.203521,0.043806,0.212801,0.208920,0.025324,0.394536,0.299156,-0.071904,0.727581,0.042158,-0.082872,-0.029436,0.294649,0.002054,-0.020834,-0.198244,-0.060454,-0.206925,-0.038565,-0.023792,-0.316893,-0.091594,-0.035304,-0.040936,-0.033249,-0.131393,-0.161844,0.035541,-0.077902,0.073000,0.183038,-0.047905,0.010332,0.160882,0.063938,0.084026,-0.119151,-0.184422,1.015568,0.775784,0.503420,0.507258,0.366928,0.334400,0.504760,0.329140,0.128406,0.290561,0.153343,0.017782,0.092634,-0.217362,-0.070163,0.068843,-0.229366,-0.067176,-0.214833,-0.099923
-0.142141,-0.252894,-0.170156,-0.054720,-0.122078,0.052457,-0.263843,-0.115835,-0.104355,-0.206782,-0.100021,-0.242623,-0.275284,-0.131401,0.017810,-0.073211,-0.188663,-0.266250,-0.186018,-0.100423,0.838077,0.000000,-0.152988,-0.164446,-0.084103,-0.068358,-0.086478,0.252839,0.119846,0.052284,0.137998,0.100461,-0.015675,-0.016857,0.059900,0.140387,0.215259,0.274431,0.271587,0.024232,0.526621,0.092534,-0.081219,-0.061176,0.094652,-0.048880,-0.069297,-0.162942,-0.135315,-0.235318,-0.155760,-0.091407,-0.279778,-0.205137,-0.102617,-0.108325,-0.163585,-0.224040,-0.298975,-0.096703,-0.136179,-0.102560,-0.051941,-0.151030,-0.110599,0.024902,-0.065349,-0.019481,-0.120623,-0.146927,0.553419,0.736572,0.289768,0.192255,0.248208,0.263895,0.529216,0.448823,-0.056638,0.182835,0.059507,-0.036946,0.087485,-0.101270,-0.176333,-0.045199,-0.223790,-0.165703,-0.257795,-0.246346
0.406305,0.521402,1.207865,0.971518,0.562580,0.376370,0.792019,0.642299,0.702301,0.605991,0.503797,0.595734,0.520054,0.595091,0.785537,0.758789,0.285838,0.432597,0.688884,0.390923,-0.103162,-0.152988,0.000000,1.282938,0.922590,0.443566,0.058584,0.050821,0.138087,0.205070,0.453351,0.733403,0.480381,0.452951,0.529721,0.285418,-0.027537,0.127425,-0.043434,-0.054972,-0.212211,-0.086329,0.601056,0.520259,0.340978,0.459437,0.495835,0.600684,0.345412,0.338146,0.451082,0.408611,0.458199,0.324735,0.167949,0.320460,0.287133,0.409112,0.413433,0.177133,0.400550,0.191859,0.238769,0.313553,0.780012,0.306806,0.526124,0.554782,0.413058,0.376713,-0.053981,-0.163432,0.296315,0.264760,0.299372,0.378721,0.040596,-0.015328,0.045044,0.105211,0.188000,0.396400,0.164281,0.285379,0.763937,0.760461,0.411354,0.322616,0.594038,0.782250
0.560965,0.632776,0.714072,1.183502,0.342061,0.674721,0.603066,0.857487,0.484823,0.715553,0.474013,0.631688,0.501959,0.685872,0.576936,0.878584,0.264779,0.380065,0.807550,0.542864,-0.119745,-0.164446,1.282938,0.000000,0.890084,0.633115,0.222328,0.205665,0.224020,0.251757,0.460569,0.807421,0.567239,0.599017,0.548327,0.461498,0.087660,0.303775,0.125205,0.087472,-0.185825,0.010201,0.610088,0.575762,0.389288,0.623174,0.620937,0.789703,0.396473,0.427298,0.516006,0.518384,0.580458,0.389006,0.357614,0.479332,0.431683,0.525400,0.488805,0.171639,0.441800,0.199037,0.207993,0.425617,0.679306,0.376568,0.607607,0.711627,0.618542,0.497116,-0.077353,-0.240157,0.326425,0.365062,0.458485,0.520655,0.118342,0.094746,0.070857,0.108117,0.332344,0.538140,0.347083,0.493901,0.972955,0.983178,0.660449,0.561350,0.826479,0.882636
0.504484,0.574032,0.725558,0.652038,0.558622,0.411515,0.627698,0.507982,0.559311,0.547001,0.438692,0.430480,0.520058,0.453320,0.680736,0.550544,0.407706,0.419364,0.614170,0.392533,-0.123380,-0.084103,0.922590,0.890084,0.000000,0.644065,0.262728,0.213146,0.211627,0.227056,0.547999,0.690715,0.416037,0.449247,0.388703,0.318511,-0.000548,0.204796,0.193242,-0.003813,-0.130791,-0.127477,0.574238,0.559530,0.234077,0.451794,0.563130,0.666815,0.322994,0.335200,0.355489,0.373941,0.424542,0.240752,0.270138,0.398909,0.435926,0.561039,0.411887,0.180061,0.430323,0.187652,0.213069,0.357608,0.510976,0.247658,0.420563,0.486113,0.528703,0.414278,-0.143714,-0.207720,0.204159,0.186876,0.353569,0.295717,0.081465,0.083779,0.112801,0.249896,0.274552,0.334984,0.315585,0.269071,0.653845,0.579882,0.489858,0.418039,0.539216,0.622635
0.237381,0.235620,0.318800,0.456543,0.152185,0.319042,0.365539,0.403701,0.258290,0.240699,0.255508,0.288410,0.284947,0.338536,0.471816,0.374522,0.321301,0.208910,0.304606,0.172268,-0.057811,-0.068358,0.443566,0.633115,0.644065,0.000000,0.461917,0.546951,0.264178,0.214766,0.530806,0.605182,0.307792,0.386640,0.458486,0.577941,0.190415,0.234201,0.107725,0.179149,0.029018,0.038298,0.395016,0.354333,0.205648,0.479714,0.365098,0.515819,0.246805,0.261615,0.312471,0.349407,0.332379,0.175591,0.311316,0.341805,0.302875,0.336898,0.260799,0.114659,0.290821,0.195554,0.088931,0.311005,0.478895,0.523952,0.400944,0.470773,0.310440,0.191246,-0.083132,-0.101654,0.148983,0.124795,0.268867,0.330351,0.134986,0.101050,0.222085,0.209173,0.245447,0.301521,0.384491,0.261174,0.491941,0.430920,0.360384,0.493506,0.348080,0.296629
0.286208,0.186761,-0.149685,-0.070614,-0.107097,0.200392,-0.071627,-0.035576,-0.206070,-0.024822,0.216302,-0.043106,0.112273,-0.061949,0.145016,0.119257,0.193380,0.141564,0.286608,0.266477,-0.093057,-0.086478,0.058584,0.222328,0.262728,0.461917,0.000000,0.808759,0.272159,0.180927,0.204405,0.154553,0.196166,0.199956,0.257886,0.287378,0.199673,0.281299,0.039845,0.275807,0.049173,0.282873,0.199054,0.201686,0.026992,0.180102,0.174053,0.323087,0.022528,0.080245,0.029881,0.013682,0.119157,0.101096,0.200598,0.188753,0.354588,0.309510,0.158468,0.037547,0.106902,0.029917,0.099115,0.067426,0.163142,0.046995,0.238510,0.215595,0.342068,0.242970,-0.039884,-0.130709,0.173258,0.129693,0.169135,0.175060,0.090775,0.172360,0.296647,0.146105,0.251865,0.157853,0.236663,0.278762,0.292065,0.056266,0.221083,0.299622,0.210688,0.109456
0.211476,0.062236,-0.163995,-0.028670,-0.097208,0.382694,-0.138730,-0.086256,-0.122009,-0.199995,0.155211,-0.144712,-0.048206,-0.111725,0.152948,0.049484,0.074672,-0.004371,0.243062,0.266801,0.243859,0.252839,0.050821,0.205665,0.213146,0.546951,0.808759,0.000000,0.244327,0.113078,0.371909,0.292281,0.240072,0.186056,0.221814,0.293633,0.199323,0.312646,0.214085,0.125671,0.303904,0.161563,0.214702,0.228403,0.045516,0.159199,0.159074,0.253108,-0.081507,-0.043909,-0.083806,-0.037128,-0.024448,-0.055362,0.115608,0.130128,0.265143,0.254789,0.054393,0.131099,0.053509,-0.007781,0.038161,0.026876,0.071312,0.113623,0.275556,0.254235,0.293187,0.243798,0.211494,0.068592,0.295765,0.178768,0.252414,0.294981,0.276648,0.257115,0.152203,0.261585,0.234698,0.173746,0.307832,0.155279,0.171947,0.069429,0.061390,0.136247,0.062098,0.044570
0.369015,0.451486,0.036273,0.313338,0.016623,0.107466,0.229338,0.377394,0.080571,0.228891,0.436951,0.406183,0.332467,0.488394,0.520463,0.610362,0.659244,0.529887,0.461685,0.655714,0.241671,0.119846,0.138087,0.224020,0.211627,0.264178,0.272159,0.244327,0.000000,1.270567,0.554406,0.564661,0.576250,0.544445,0.285697,0.495032,0.342808,0.406810,0.234586,0.213421,0.395397,0.419640,0.127265,0.225238,0.340032,0.341405,0.145064,0.236728,0.116825,0.075971,0.204954,0.156054,0.042803,0.126293,0.190829,0.188726,0.519220,0.429372,0.273373,0.216254,0.384338,0.351015,0.793956,0.650489,0.220415,0.272083,0.418987,0.442262,0.458502,0.297262,0.408028,0.099488,0.574985,0.544434,0.492203,0.613867,0.412752,0.204592,0.837309,0.673656,1.069755,0.867323,0.773447,0.468792,0.438354,0.313930,0.286453,0.287436,0.217585,0.231773
0.218980,0.389294,0.129572,0.397624,0.168666,0.137629,0.295667,0.468889,0.168380,0.333718,0.371741,0.545945,0.254006,0.584831,0.379214,0.592358,0.615766,0.696270,0.411795,0.594900,0.144588,0.052284,0.205070,0.251757,0.227056,0.214766,0.180927,0.113078,1.270567,0.000000,0.373224,0.476168,0.554528,0.519024,0.347101,0.384343,0.138080,0.450506,0.112232,0.036407,0.226063,0.306990,0.177068,0.261763,0.291584,0.393004,0.190986,0.281095,0.193699,0.117645,0.284198,0.174966,0.112372,0.163880,0.145665,0.146034,0.322488,0.382100,0.329393,0.265761,0.359862,0.477900,0.780789,0.802166,0.342679,0.313314,0.496214,0.429115,0.327958,0.314006,0.294400,0.017529,0.432512,0.586042,0.418837,0.616970,0.351991,0.206015,0.744490,0.771680,1.163977,1.109199,0.701024,0.491777,0.473876,0.418949,0.161529,0.174735,0.190315,0.253579
0.444724,0.433418,0.247959,0.450222,0.171034,0.090259,0.305852,0.384062,0.257255,0.241885,0.437277,0.269229,0.298868,0.420856,0.760592,0.507907,0.358456,0.262279,0.534912,0.518600,0.214597,0.137998,0.453351,0.460569,0.547999,0.530806,0.204405,0.371909,0.554406,0.373224,0.000000,1.342457,0.717040,0.770798,0.509092,0.725961,0.142856,0.214536,0.243436,0.205014,0.245618,0.190170,0.297440,0.409018,0.322302,0.393444,0.274838,0.379429,0.010237,-0.007858,0.100320,0.120362,0.106290,0.061317,0.239966,0.296427,0.600852,0.629877,0.306266,0.366698,0.472455,0.470094,0.492709,0.559755,0.319575,0.316699,0.635138,0.780254,0.560565,0.531377,0.109138,0.249359,0.612424,0.417996,0.535939,0.560269,0.356624,0.149645,0.315231,0.327723,0.422744,0.316593,0.310806,0.167209,0.389730,0.310870,0.366915,0.386213,0.396320,0.334634
0.506983,0.519474,0.456933,0.821941,0.293852,0.292687,0.425523,0.683260,0.385407,0.442289,0.482622,0.558089,0.344228,0.681609,0.818446,0.828081,0.295639,0.311123,0.655002,0.603318,0.143931,0.100461,0.733403,0.807421,0.690715,0.605182,0.154553,0.292281,0.564661,0.476168,1.342457,0.000000,0.853430,1.009311,0.622040,0.778592,0.194732,0.269498,0.159515,0.217118,0.121088,0.170047,0.425870,0.512954,0.440318,0.586581,0.402294,0.536288,0.189657,0.131580,0.282134,0.302146,0.216783,0.132089,0.236168,0.348447,0.526250,0.590701,0.413265,0.403822,0.557844,0.574892,0.456242,0.662445,0.524866,0.523732,0.755468,0.990219,0.611793,0.593750,0.098053,0.188324,0.577867,0.442766,0.602570,0.692933,0.326532,0.153800,0.319213,0.352086,0.509423,0.567062,0.389316,0.334778,0.652933,0.678595,0.484676,0.482146,0.524317,0.566164
0.817153,0.889592,0.293559,0.490033,0.229993,0.284961,0.402612,0.541828,0.199710,0.323849,0.764949,0.706527,0.465318,0.689569,0.469489,0.581890,0.622199,0.656812,0.927137,0.953304,0.203521,-0.015675,0.480381,0.567239,0.416037,0.307792,0.196166,0.240072,0.576250,0.554528,0.717040,0.853430,0.000000,1.451186,0.735348,0.757772,0.068573,0.501218,0.218761,0.122091,0.131522,0.182230,0.599029,0.768599,0.786197,0.815094,0.640776,0.693484,0.429150,0.400428,0.525286,0.456847,0.336956,0.367922,0.415410,0.593422,0.889151,0.912810,0.851168,0.745456,0.872240,0.823402,0.806688,0.882320,0.497388,0.553912,1.107484,1.117633,0.786687,0.632675,0.193219,0.193617,0.771640,0.752046,0.810949,0.840895,0.464444,0.298611,0.382562,0.468393,0.639827,0.631944,0.320700,0.378583,0.632748,0.750345,0.399746,0.396233,0.661799,0.773887
0.731735,0.768088,0.296315,0.594364,0.283162,0.236711,0.348192,0.669085,0.266491,0.435823,0.530877,0.734721,0.309122,0.773481,0.532345,0.717156,0.427651,0.482343,0.780799,0.872772,0.043806,-0.016857,0.452951,0.599017,0.449247,0.386640,0.199956,0.186056,0.544445,0.519024,0.770798,1.009311,1.451186,0.000000,0.624142,0.848735,0.154002,0.363372,0.098257,0.236190,0.051612,0.195142,0.505434,0.646534,0.664650,0.781691,0.572749,0.644985,0.400968,0.348592,0.437965,0.435671,0.337520,0.286971,0.354716,0.531972,0.782734,0.842632,0.720612,0.715434,0.824442,0.974178,0.632942,1.041225,0.470890,0.695035,0.876822,1.119298,0.841939,0.672591,-0.006419,0.153886,0.551575,0.517161,0.669540,0.708665,0.317716,0.199311,0.421210,0.460526,0.656266,0.659292,0.314212,0.450891,0.638347,0.751779,0.469959,0.506819,0.672925,0.741444
0.349359,0.332238,0.290751,0.391889,0.178140,0.228101,0.339552,0.308314,0.098554,0.201528,0.421091,0.294971,0.249194,0.311302,0.303774,0.321555,0.284441,0.397999,0.572949,0.433842,0.212801,0.059900,0.529721,0.548327,0.388703,0.458486,0.257886,0.221814,0.285697,0.347101,0.509092,0.622040,0.735348,0.624142,0.000000,0.993695,-0.046566,0.412860,0.027924,0.025021,0.062953,0.095435,0.318467,0.380858,0.441612,0.496117,0.304870,0.392179,0.107065,0.014658,0.231766,0.133449,0.139456,0.152558,0.130629,0.155210,0.387340,0.442299,0.250313,0.403087,0.364232,0.529173,0.351096,0.428366,1.029644,0.612668,0.982581,0.915487,0.422822,0.471541,0.105892,0.238804,0.548038,0.575832,0.422346,0.602569,0.375044,0.274319,0.291530,0.359431,0.290142,0.342870,0.087620,0.069414,0.671941,0.626732,0.170869,0.229438,0.392139,0.463478
0.449073,0.390085,0.148828,0.387704,0.128806,0.240648,0.269515,0.454837,0.110311,0.303993,0.332693,0.345226,0.203721,0.438360,0.401272,0.491685,0.281794,0.232680,0.438538,0.458933,0.208920,0.140387,0.285418,0.461498,0.318511,0.577941,0.287378,0.293633,0.495032,0.384343,0.725961,0.778592,0.757772,0.848735,0.993695,0.000000,0.165939,0.379436,0.177878,0.253059,0.157504,0.199422,0.315234,0.421471,0.497162,0.589684,0.342255,0.452098,0.190721,0.122199,0.307828,0.315184,0.232002,0.227186,0.350649,0.363281,0.524393,0.508941,0.367867,0.411883,0.554154,0.574042,0.451442,0.615034,0.525461,0.667671,0.847198,1.058207,0.535628,0.455000,0.149877,0.258433,0.569123,0.547106,0.573041,0.776454,0.485973,0.308769,0.301005,0.251971,0.378127,0.373798,0.262021,0.188761,0.510640,0.530242,0.354681,0.444473,0.522770,0.470659
0.188998,0.115304,-0.068531,0.092002,-0.188860,0.035572,-0.014091,0.090114,-0.107630,-0.010318,-0.024850,0.047938,-0.019792,0.144223,0.079386,0.291210,-0.014381,-0.130154,0.114245,0.226927,0.025324,0.215259,-0.027537,0.087660,-0.000548,0.190415,0.199673,0.199323,0.342808,0.138080,0.142856,0.194732,0.068573,0.154002,-0.046566,0.165939,0.000000,0.386622,0.335185,0.903411,0.397750,0.629257,0.161020,0.209405,0.099269,0.203791,0.158751,0.244621,0.117922,0.139526,0.097464,0.152005,0.132308,0.076967,0.377855,0.321386,0.202766,0.106164,0.088599,0.133058,0.017131,-0.046801,0.040973,0.049167,-0.165637,-0.070102,0.046693,0.098684,0.224918,0.162222,0.089403,0.136892,0.051116,-0.021921,0.148341,0.160647,0.270977,0.292177,0.254400,0.043721,0.232865,0.296789,0.519870,0.674118,0.205420,0.126734,0.519223,0.547955,0.218154,0.055657
0.351779,0.316251,-0.014708,0.245613,-0.031901,0.432908,0.114155,0.285204,-0.114748,0.197206,0.344948,0.278915,0.181225,0.347626,0.039358,0.296403,0.286377,0.301750,0.397598,0.487771,0.394536,0.274431,0.127425,0.303775,0.204796,0.234201,0.281299,0.312646,0.406810,0.450506,0.214536,0.269498,0.501218,0.363372,0.412860,0.379436,0.386622,0.000000,0.593621,0.325846,0.520226,0.389242,0.391067,0.505353,0.427727,0.463445,0.481268,0.480040,0.302615,0.269486,0.367258,0.373309,0.240927,0.313256,0.536541,0.496211,0.340033,0.299861,0.264856,0.280585,0.155334,0.216083,0.318582,0.289629,0.117160,0.154742,0.410829,0.346220,0.333838,0.312596,0.368262,0.244928,0.455049,0.663179,0.609807,0.670046,0.605196,0.627781,0.305364,0.418626,0.488888,0.468603,0.496365,0.477568,0.365714,0.412425,0.337085,0.349533,0.299698,0.285726
0.407820,0.249921,-0.132411,0.026748,-0.179500,0.210560,-0.001378,0.043835,-0.160802,0.006709,0.294564,0.007790,0.199173,0.104383,0.056239,0.027583,0.235589,-0.060581,0.208066,0.283795,0.299156,0.271587,-0.043434,0.125205,0.193242,0.107725,0.039845,0.214085,0.234586,0.112232,0.243436,0.159515,0.218761,0.098257,0.027924,0.177878,0.335185,0.593621,0.000000,0.228839,0.442576,0.090082,0.201308,0.294476,0.105313,0.152560,0.304990,0.309453,0.143175,0.194068,0.202526,0.277391,0.205841,0.190689,0.557565,0.405362,0.356489,0.288829,0.233431,0.235287,0.131980,-0.052545,0.247070,0.092827,-0.253410,-0.119664,0.185542,0.161237,0.347575,0.210276,0.237822,0.124756,0.201929,0.197751,0.406026,0.270222,0.550021,0.463986,0.007591,0.092018,0.241900,0.116806,0.637419,0.268123,0.120075,0.090183,0.401595,0.269342,0.233162,0.089171
0.259572,0.226103,-0.069140,0.049612,-0.223940,-0.009167,0.035471,0.141486,-0.153022,0.033791,-0.011605,0.045664,0.070415,0.186924,0.011581,0.196748,-0.020806,-0.037999,0.069648,0.228805,-0.071904,0.024232,-0.054972,0.087472,-0.003813,0.179149,0.275807,0.125671,0.213421,0.036407,0.205014,0.217118,0.122091,0.236190,0.025021,0.253059,0.903411,0.325846,0.228839,0.000000,0.317218,0.887052,0.168537,0.231936,0.142900,0.255328,0.218069,0.310562,0.136582,0.208883,0.178018,0.262422,0.230058,0.206182,0.536639,0.428920,0.319261,0.230838,0.177277,0.227877,0.083044,0.115448,0.139563,0.159403,-0.216919,-0.080259,0.078297,0.178790,0.236388,0.230059,0.027285,0.088511,0.071796,0.029152,0.154066,0.147821,0.168013,0.246784,0.220145,-0.101063,0.108398,0.169382,0.275026,0.593289,0.143346,0.112217,0.613699,0.765592,0.320443,0.172095
0.002883,-0.116089,-0.254313,-0.142179,-0.222174,0.013323,-0.121314,-0.126176,-0.197433,-0.214623,0.172295,-0.083636,0.025398,0.037301,0.110554,-0.011815,0.093132,-0.103829,-0.098972,0.015086,0.727581,0.526621,-0.212211,-0.185825,-0.130791,0.029018,0.049173,0.303904,0.395397,0.226063,0.245618,0.121088,0.131522,0.051612,0.062953,0.157504,0.397750,0.520226,0.442576,0.317218,0.000000,0.478353,-0.023776,0.030857,0.163847,0.014346,0.032475,-0.080261,-0.016807,-0.097480,0.023797,0.056291,-0.165811,0.045968,0.174319,0.089911,0.084107,-0.084784,-0.143449,0.007145,-0.090216,0.017721,0.276213,0.008223,-0.159344,0.052413,0.019148,-0.018787,-0.105437,-0.163267,0.590815,0.533844,0.326405,0.297648,0.273837,0.281919,0.434780,0.265377,0.229566,0.291183,0.254413,0.116619,0.358212,0.129966,-0.074069,-0.101154,-0.034614,0.093272,-0.239040,-0.237865
0.190536,0.209021,-0.179931,-0.010467,-0.263141,-0.013832,0.016532,0.102265,-0.224882,-0.077140,0.114609,0.085020,0.113603,0.205408,-0.026722,0.174107,0.154057,0.179685,0.159222,0.292096,0.042158,0.092534,-0.086329,0.010201,-0.127477,0.038298,0.282873,0.161563,0.419640,0.306990,0.190170,0.170047,0.182230,0.195142,0.095435,0.199422,0.629257,0.389242,0.090082,0.887052,0.478353,0.000000,0.073044,0.183681,0.154888,0.237010,0.104643,0.183903,0.008372,0.107451,0.092041,0.134173,0.046154,0.127929,0.249454,0.155655,0.259793,0.188139,0.037713,0.121938,0.055876,0.150586,0.249527,0.258955,-0.109056,-0.062890,0.146871,0.166989,0.134936,0.171244,0.259349,0.157579,0.287012,0.314732,0.152340,0.261493,0.236462,0.247614,0.330320,0.070206,0.279856,0.297456,0.208225,0.531563,0.165852,0.085600,0.288818,0.347708,0.110689,0.028288
0.688124,0.729307,0.673327,0.472626,0.485772,0.421251,0.674803,0.492250,0.499918,0.413114,0.450405,0.564243,0.419830,0.538541,0.423637,0.486493,0.378197,0.490177,0.627075,0.538402,-0.082872,-0.081219,0.601056,0.610088,0.574238,0.395016,0.199054,0.214702,0.127265,0.177068,0.297440,0.425870,0.599029,0.505434,0.318467,0.315234,0.161020,0.391067,0.201308,0.168537,-0.023776,0.073044,0.000000,1.579637,0.682419,0.971742,1.328254,1.363944,0.950288,0.855037,0.922811,0.777812,0.908555,0.678041,0.771558,1.034364,0.540930,0.628071,0.794466,0.376215,0.617272,0.258510,0.357700,0.428714,0.235316,0.235280,0.634892,0.612037,0.469007,0.398352,-0.043653,-0.113267,0.313588,0.239825,0.478931,0.524937,0.243564,0.207641,-0.024118,0.085645,0.246295,0.365710,0.276016,0.454338,0.477171,0.676478,0.549400,0.497808,0.717496,0.852269
0.776362,0.821163,0.500498,0.397861,0.406263,0.415280,0.562375,0.454695,0.390604,0.377896,0.506643,0.544846,0.394102,0.572456,0.380487,0.482908,0.416639,0.527976,0.723616,0.689282,-0.029436,-0.061176,0.520259,0.575762,0.559530,0.354333,0.201686,0.228403,0.225238,0.261763,0.409018,0.512954,0.768599,0.646534,0.380858,0.421471,0.209405,0.505353,0.294476,0.231936,0.030857,0.183681,1.579637,0.000000,0.800920,1.207371,1.479355,1.432835,0.842539,0.849506,0.808994,0.783834,0.748704,0.611601,0.796800,1.056697,0.661660,0.815632,0.877119,0.552780,0.663532,0.374439,0.403112,0.540519,0.210766,0.241464,0.841721,0.807378,0.623130,0.598182,0.023155,0.010174,0.383828,0.336300,0.573789,0.603348,0.337483,0.292532,0.099492,0.181906,0.333048,0.426994,0.315937,0.517539,0.510440,0.675409,0.624393,0.561403,0.707728,0.863355
0.656194,0.687132,0.323675,0.382906,0.147870,0.319315,0.340155,0.432128,0.151045,0.260943,0.529168,0.617588,0.366882,0.520797,0.314005,0.433185,0.401466,0.520556,0.439343,0.422342,0.294649,0.094652,0.340978,0.389288,0.234077,0.205648,0.026992,0.045516,0.340032,0.291584,0.322302,0.440318,0.786197,0.664650,0.441612,0.497162,0.099269,0.427727,0.105313,0.142900,0.163847,0.154888,0.682419,0.800920,0.000000,1.081000,0.882625,0.560313,0.919159,0.720444,0.781629,0.708777,0.428816,0.480181,0.512975,0.721204,0.513800,0.439983,0.575535,0.362677,0.584757,0.474148,0.445512,0.437999,0.379235,0.530703,0.555121,0.594384,0.288560,0.153691,0.309401,0.188557,0.571127,0.562239,0.639646,0.607634,0.267567,0.093212,0.176528,0.260554,0.254006,0.326650,0.135528,0.225013,0.451559,0.685232,0.433159,0.418487,0.420496,0.640048
0.680117,0.826125,0.452296,0.554359,0.318768,0.419326,0.573954,0.717138,0.345808,0.450432,0.434819,0.734822,0.389721,0.697322,0.362225,0.587619,0.405537,0.560573,0.596142,0.596841,0.002054,-0.048880,0.459437,0.623174,0.451794,0.479714,0.180102,0.159199,0.341405,0.393004,0.393444,0.586581,0.815094,0.781691,0.496117,0.589684,0.203791,0.463445,0.152560,0.255328,0.014346,0.237010,0.971742,1.207371,1.081000,0.000000,1.183400,1.162687,0.969815,0.942528,0.952520,0.932324,0.720816,0.656542,0.710878,0.930371,0.581774,0.689689,0.843049,0.448529,0.692266,0.569114,0.397401,0.682659,0.399570,0.601506,0.878519,0.898285,0.479840,0.419146,0.072019,0.010290,0.388985,0.433318,0.573169,0.625969,0.326303,0.252586,0.222852,0.224960,0.391638,0.563687,0.328243,0.531778,0.638531,0.936626,0.599141,0.637753,0.616954,0.780077
0.806045,0.829599,0.506866,0.425779,0.333847,0.451203,0.526081,0.475943,0.353139,0.391223,0.464310,0.568775,0.385171,0.551061,0.327811,0.441176,0.397566,0.494632,0.585215,0.548876,-0.020834,-0.069297,0.495835,0.620937,0.563130,0.365098,0.174053,0.159074,0.145064,0.190986,0.274838,0.402294,0.640776,0.572749,0.304870,0.342255,0.158751,0.481268,0.304990,0.218069,0.032475,0.104643,1.328254,1.479355,0.882625,1.183400,0.000000,1.261267,1.121725,1.105384,0.982503,0.982235,0.940970,0.832644,0.976368,1.244708,0.629137,0.712062,0.848767,0.381344,0.595060,0.308895,0.320198,0.476066,0.204972,0.296075,0.605174,0.587125,0.511786,0.401100,-0.016771,-0.074177,0.327420,0.328840,0.626237,0.526295,0.277894,0.248840,0.023948,0.133606,0.258627,0.365256,0.295031,0.480878,0.527973,0.734642,0.681248,0.627365,0.698437,0.888489
0.788361,0.889970,0.552546,0.573820,0.388599,0.467709,0.653467,0.655680,0.431167,0.525459,0.426162,0.618321,0.471456,0.643831,0.402190,0.603597,0.410796,0.496234,0.793934,0.760242,-0.198244,-0.162942,0.600684,0.789703,0.666815,0.515819,0.323087,0.253108,0.236728,0.281095,0.379429,0.536288,0.693484,0.644985,0.392179,0.452098,0.244621,0.480040,0.309453,0.310562,-0.080261,0.183903,1.363944,1.432835,0.560313,1.162687,1.261267,0.000000,0.759757,0.837766,0.832672,0.817317,0.997533,0.756020,0.879378,1.085954,0.676376,0.858141,0.912720,0.456438,0.629124,0.357825,0.341019,0.579401,0.259780,0.263692,0.799466,0.795234,0.688941,0.668067,-0.143737,-0.216321,0.253666,0.255427,0.484714,0.505344,0.254930,0.288838,0.119460,0.144747,0.388618,0.543806,0.440588,0.692859,0.628894,0.789015,0.739820,0.703672,0.894189,0.938019
