0.000000,0.755916,0.767366,0.518757,0.382192,0.210996,0.933475,0.356008,0.292186,0.109769,1.017716,0.405597,1.016269,0.302893,0.834629,0.419229,1.148591,0.512324,0.922047,0.800842,0.360348,0.275641,0.596216,0.499403,0.443602,0.344161,0.363279,0.062106,0.947361,0.444702,0.627788,0.592726,1.123591,0.917312,0.388809,0.142994,0.633311,0.535629,0.824784,0.689472,0.264852,0.466277,0.398405,0.176788,0.359633,0.066909,0.398722,0.259105,0.518640,0.253419,0.577571,0.358002,0.360605,0.129511,0.623593,0.349656,1.357042,0.766906,0.876477,0.494667,0.881807,0.355056,0.916401,0.759730,0.501659,0.415434,0.767197,0.364207,1.110068,0.681521,0.229985,0.130232,0.753495,0.429208,0.474549,0.170350,0.237095,0.024735,0.668019,0.481234,0.895385,0.745930,0.719678,0.464835,1.055263,0.684758,0.642734,0.247836,0.838079,0.496122
0.755916,0.000000,0.515833,0.774313,0.178099,0.312087,0.431355,0.880111,0.226310,0.376292,0.361518,1.124986,0.435054,0.913131,0.505804,0.793752,0.491533,1.023038,0.816642,0.918875,0.442923,0.384513,0.618877,0.416689,0.527226,0.502680,0.210992,0.237960,0.442950,0.847798,0.786420,0.874633,0.975799,1.025399,0.198347,0.100324,0.203598,0.725809,0.516788,0.967020,0.097105,0.645003,0.166260,0.281045,0.168806,0.165691,0.318834,0.262957,0.376806,0.397623,0.476046,0.450348,0.418638,0.019570,0.505664,0.493738,0.844653,1.176092,0.700949,0.725486,0.535451,0.520605,0.686949,0.928347,0.281573,0.404465,0.489351,0.494652,0.940319,0.718038,0.104721,0.342545,0.392792,0.876333,0.310856,0.383574,0.172530,0.123718,0.385775,0.693796,0.493931,0.877700,0.371604,0.865561,0.492147,0.995830,0.286552,0.607239,0.505244,0.725070
0.767366,0.515833,0.000000,1.166338,1.061732,0.296429,1.300658,0.747460,0.357553,0.183915,0.655070,0.435736,0.769932,0.470470,1.000109,0.567745,0.629816,0.431127,0.845527,0.779902,0.347195,0.250033,1.573078,1.205634,0.657697,0.193546,0.338284,0.013627,0.623029,0.414881,0.465850,0.406858,0.858366,0.797650,0.581485,0.317857,0.347393,0.457197,0.545446,0.551182,0.153477,0.310257,0.425778,0.297806,0.364230,0.283162,0.418202,0.398366,0.464045,0.377708,0.572835,0.418235,0.436117,0.276422,0.483014,0.469722,0.665664,0.584706,0.621686,0.402982,0.856074,0.572073,0.525240,0.630806,0.659550,0.721394,0.672336,0.544284,0.591627,0.475841,0.126305,0.081574,0.417574,0.292784,0.316647,0.120266,0.296762,0.260328,0.566214,0.488845,0.626884,0.627283,0.663098,0.393625,0.762619,0.710330,0.593427,0.329635,0.879091,0.637310
0.518757,0.774313,1.166338,0.000000,0.719726,0.398298,0.815612,1.381687,0.306180,0.390458,0.398477,0.810040,0.524229,0.852626,0.752826,0.814680,0.432216,0.650434,0.694509,0.836766,0.387804,0.278942,1.272926,1.114208,0.659709,0.272716,0.290300,0.106022,0.442860,0.640051,0.481449,0.483556,0.751119,0.820400,0.430372,0.301695,0.145451,0.538572,0.400658,0.600715,0.082729,0.363221,0.272340,0.346551,0.277351,0.362233,0.354841,0.398170,0.373951,0.465676,0.504836,0.449829,0.429292,0.220517,0.393572,0.496603,0.528074,0.693024,0.546315,0.541003,0.649402,0.791933,0.500812,0.740644,0.542435,0.797899,0.501289,0.626542,0.497260,0.463288,0.068543,0.171250,0.241328,0.429039,0.202952,0.202648,0.206496,0.300074,0.435755,0.606596,0.474967,0.680943,0.521323,0.607171,0.503729,0.877019,0.444500,0.456420,0.637097,0.773280
0.382192,0.178099,1.061732,0.719726,0.000000,0.190730,0.705460,0.423891,0.201996,-0.064135,0.280775,0.145444,0.349764,0.145683,0.523732,0.214611,0.348721,0.101937,0.352775,0.408456,0.180428,0.081925,0.941904,0.858818,0.450769,-0.081381,0.178306,-0.105713,0.326380,0.117433,0.091860,0.037261,0.441073,0.397802,0.457384,0.273599,0.222541,0.247371,0.317260,0.234629,0.083471,0.117023,0.445886,0.289891,0.358318,0.342545,0.406016,0.455058,0.414713,0.368411,0.468431,0.386073,0.424013,0.407683,0.349907,0.408676,0.330736,0.276251,0.385813,0.269690,0.476216,0.346190,0.211900,0.345108,0.418885,0.474524,0.519067,0.460212,0.267091,0.253700,0.038020,-0.105579,0.163174,-0.007348,0.152617,-0.027107,0.208602,0.281351,0.366788,0.228245,0.362689,0.297562,0.430373,0.116134,0.412647,0.360533,0.368381,0.187753,0.564317,0.414908
0.210996,0.312087,0.296429,0.398298,0.190730,0.000000,0.392741,0.534035,0.740410,0.848162,0.272850,0.405575,0.314962,0.477859,0.488718,0.584278,0.188471,0.287576,0.421270,0.447161,0.361219,0.407534,0.368967,0.368844,0.685460,0.669740,0.477801,0.488769,0.209704,0.293454,0.436337,0.453962,0.375834,0.426298,0.319680,0.260743,-0.040047,0.170173,0.127105,0.165371,-0.000336,0.061278,0.165204,0.203893,0.134391,0.168663,0.082439,0.170111,0.103613,0.140008,0.146963,0.079279,0.134705,0.048703,0.057804,0.105139,0.242813,0.374466,0.296852,0.287945,0.331837,0.455845,0.270344,0.324564,0.369455,0.326327,0.316005,0.362982,0.277158,0.320114,0.154423,0.277531,0.005269,0.190645,0.044635,0.075446,0.195433,0.172050,0.173986,0.274847,0.165107,0.291584,0.207007,0.236316,0.205584,0.328397,0.097499,0.082994,0.225527,0.317018
0.933475,0.431355,1.300658,0.815612,0.705460,0.392741,0.000000,0.633795,0.535065,0.272588,0.991917,0.379852,1.158304,0.410231,1.181517,0.584492,0.790871,0.371275,0.884138,0.785828,0.289208,0.220413,0.897399,0.792765,0.523604,0.266682,0.361456,0.024240,0.835124,0.409613,0.549163,0.482095,0.869454,0.803779,0.602788,0.295888,0.412390,0.307077,0.542338,0.416766,0.203914,0.249547,0.402782,0.214369,0.355682,0.175346,0.327134,0.290521,0.395960,0.211194,0.476024,0.252342,0.244674,0.139366,0.378062,0.254351,0.701985,0.461494,0.677604,0.369595,1.144119,0.650133,0.660506,0.666307,0.818813,0.732348,0.683358,0.432811,0.599065,0.472132,0.248747,0.108223,0.512747,0.275373,0.347496,0.138419,0.372559,0.203219,0.583332,0.430844,0.698269,0.613427,0.684834,0.326666,0.892485,0.619360,0.555295,0.176655,0.763869,0.433741
0.356008,0.880111,0.747460,1.381687,0.423891,0.534035,0.633795,0.000000,0.467419,0.687006,0.279170,1.093407,0.411977,1.230689,0.647742,1.145222,0.262910,0.756070,0.659248,0.822858,0.402868,0.335021,0.863850,0.719319,0.635617,0.442808,0.268905,0.261144,0.314270,0.791335,0.603211,0.632039,0.658761,0.790619,0.364965,0.305560,-0.001416,0.474124,0.271057,0.541680,-0.008690,0.316547,0.193084,0.383196,0.199289,0.376318,0.282821,0.357917,0.273726,0.408085,0.385874,0.381618,0.349317,0.100378,0.298149,0.442260,0.386569,0.663391,0.480637,0.555101,0.567519,0.957837,0.473293,0.766453,0.485588,0.787524,0.404622,0.627586,0.443085,0.466048,0.109236,0.318077,0.116775,0.552806,0.146365,0.284715,0.269432,0.344826,0.307844,0.635394,0.325301,0.668544,0.337574,0.665197,0.335547,0.892617,0.234680,0.436582,0.434378,0.706599
0.292186,0.226310,0.357553,0.306180,0.201996,0.740410,0.535065,0.467419,0.000000,0.759766,0.455349,0.315457,0.448275,0.348104,0.619091,0.562368,0.220156,0.211563,0.469180,0.420183,0.340092,0.383417,0.305313,0.245207,0.562966,0.622771,0.406665,0.439904,0.269781,0.247733,0.454285,0.468998,0.361846,0.398717,0.308231,0.271388,-0.021418,0.043262,0.168570,0.111580,-0.037303,-0.029907,0.192302,0.167457,0.134791,0.116911,0.106468,0.102908,0.168953,0.099182,0.176218,0.105089,0.070609,-0.034371,0.068704,0.042953,0.209542,0.196176,0.294863,0.208628,0.491981,0.535593,0.300732,0.331554,0.419851,0.429046,0.279804,0.224766,0.256592,0.283500,0.301053,0.400407,0.128568,0.224746,0.107506,0.107653,0.341453,0.194573,0.188398,0.168978,0.179765,0.223507,0.199409,0.153843,0.250804,0.274692,0.134747,-0.073960,0.236304,0.183968
0.109769,0.376292,0.183915,0.390458,-0.064135,0.848162,0.272588,0.687006,0.759766,0.000000,0.229761,0.613783,0.249115,0.717772,0.442911,0.884489,0.068857,0.401206,0.409251,0.409714,0.378055,0.385744,0.240140,0.223728,0.499702,0.667226,0.470383,0.490186,0.127299,0.436803,0.458075,0.491171,0.292905,0.379728,0.224011,0.212423,-0.172051,0.141427,0.031389,0.146046,-0.075419,0.070492,-0.008595,0.169140,-0.011283,0.123976,-0.005739,0.081304,0.005817,0.104063,0.056688,0.055730,0.074821,-0.064627,-0.006633,0.060758,0.107511,0.312010,0.215041,0.275170,0.303731,0.608928,0.267151,0.346080,0.332781,0.390459,0.126233,0.279471,0.189296,0.259058,0.187070,0.469105,-0.003461,0.339925,0.032360,0.202427,0.245942,0.206818,0.076541,0.324872,0.064206,0.299421,0.102800,0.337323,0.090046,0.361395,-0.027442,0.072746,0.094619,0.314275
1.017716,0.361518,0.655070,0.398477,0.280775,0.272850,0.991917,0.279170,0.455349,0.229761,0.000000,0.335594,1.502323,0.328888,0.965155,0.452377,0.923929,0.367363,0.875055,0.641489,0.309482,0.250265,0.481654,0.441231,0.361933,0.317705,0.363968,0.034141,1.135845,0.467012,0.614166,0.550957,0.779091,0.719506,0.432258,0.184842,0.465045,0.262045,0.548367,0.368473,0.351713,0.336918,0.234283,0.070920,0.246212,-0.014697,0.161765,0.077937,0.215390,0.022799,0.297015,0.115656,0.061737,-0.064124,0.299874,0.088911,0.670728,0.307664,0.411468,0.178460,0.943594,0.385999,0.760409,0.539709,0.715749,0.476542,0.379486,0.136881,0.552945,0.351733,0.222969,0.094422,0.719003,0.356792,0.444012,0.195438,0.261724,0.023053,0.514027,0.335170,0.629573,0.547128,0.585681,0.284181,0.933760,0.463404,0.569470,0.060016,0.584927,0.170664
0.405597,1.124986,0.435736,0.810040,0.145444,0.405575,0.379852,1.093407,0.315457,0.613783,0.335594,0.000000,0.376099,1.474819,0.445562,1.096780,0.249211,1.013881,0.696071,0.772167,0.393420,0.311331,0.561479,0.416299,0.428987,0.416974,0.131381,0.203954,0.352407,1.046682,0.673673,0.770229,0.631308,0.747426,0.147379,0.109387,0.015766,0.520889,0.251406,0.584424,0.077580,0.530964,-0.005609,0.196570,0.017542,0.126638,0.115006,0.137144,0.126048,0.245936,0.239063,0.280654,0.204394,-0.108013,0.228369,0.299687,0.404578,0.637904,0.337629,0.474475,0.426109,0.610011,0.481507,0.815758,0.347810,0.490545,0.169804,0.344563,0.446150,0.391952,0.096123,0.391146,0.236323,0.860838,0.181756,0.423059,0.139062,0.168479,0.174931,0.597947,0.237097,0.722632,0.193149,0.799006,0.331634,0.824407,0.203478,0.508866,0.297266,0.479683
1.016269,0.435054,0.769932,0.524229,0.349764,0.314962,1.158304,0.411977,0.448275,0.249115,1.502323,0.376099,0.000000,0.434446,1.108975,0.533265,0.961576,0.433448,0.865838,0.677277,0.328212,0.314456,0.613395,0.584019,0.457858,0.383349,0.426572,0.105249,1.163388,0.502229,0.659583,0.599887,0.880820,0.824195,0.496966,0.267387,0.461666,0.305885,0.612108,0.466281,0.264182,0.352085,0.379918,0.193926,0.379263,0.103057,0.293379,0.187498,0.323277,0.136277,0.400936,0.200480,0.146355,-0.024468,0.421690,0.192671,0.763301,0.421418,0.516729,0.294443,0.974452,0.438864,0.830494,0.642205,0.687476,0.544062,0.559122,0.309412,0.612787,0.415065,0.230638,0.077601,0.726471,0.386218,0.513842,0.200760,0.306795,0.039800,0.585520,0.409728,0.691380,0.607224,0.702761,0.345451,0.972716,0.570198,0.649137,0.116355,0.704697,0.297722
0.302893,0.913131,0.470470,0.852626,0.145683,0.477859,0.410231,1.230689,0.348104,0.717772,0.328888,1.474819,0.434446,0.000000,0.528876,1.203938,0.197037,0.923803,0.653212,0.680069,0.418663,0.356636,0.636842,0.508115,0.531118,0.497558,0.234813,0.275251,0.332700,0.990288,0.679992,0.747823,0.585040,0.708019,0.235256,0.185834,-0.062906,0.449964,0.210676,0.544248,0.014725,0.440498,0.015825,0.244818,0.046854,0.189470,0.112118,0.141997,0.106651,0.258430,0.233375,0.263464,0.198788,-0.093963,0.213697,0.299939,0.347580,0.602599,0.307227,0.432418,0.442959,0.660726,0.439175,0.710600,0.408939,0.553976,0.172496,0.367859,0.362489,0.322703,0.080571,0.344576,0.184341,0.764679,0.180561,0.399699,0.140860,0.170164,0.160066,0.622836,0.199704,0.670220,0.195535,0.739806,0.302494,0.826855,0.189077,0.474963,0.298745,0.517263
0.834629,0.505804,1.000109,0.752826,0.523732,0.488718,1.181517,0.647742,0.619091,0.442911,0.965155,0.445562,1.108975,0.528876,0.000000,0.811805,0.786211,0.477956,1.000953,0.893450,0.414923,0.343628,0.919133,0.804626,0.674359,0.485664,0.541609,0.232719,0.807779,0.503166,0.789067,0.684173,0.939238,0.894649,0.551160,0.308570,0.365848,0.374279,0.613038,0.516347,0.180271,0.331912,0.331822,0.230996,0.325987,0.172107,0.285819,0.291748,0.326768,0.183089,0.422032,0.215868,0.254329,0.097197,0.368651,0.291505,0.739854,0.631898,0.647963,0.406231,0.903165,0.646021,0.751327,0.675413,0.758902,0.699653,0.692134,0.523859,0.752749,0.666696,0.247602,0.185384,0.490144,0.349857,0.346778,0.128704,0.344167,0.187602,0.602817,0.500617,0.729441,0.692981,0.799011,0.460564,0.901597,0.708401,0.583843,0.252680,0.823378,0.571260
0.419229,0.793752,0.567745,0.814680,0.214611,0.584278,0.584492,1.145222,0.562368,0.884489,0.452377,1.096780,0.533265,1.203938,0.811805,0.000000,0.319590,0.816136,0.806326,0.857321,0.388251,0.342943,0.650395,0.521316,0.554370,0.541712,0.353929,0.336823,0.409464,0.891354,0.814540,0.843983,0.685923,0.807728,0.303691,0.251979,0.076583,0.425494,0.315044,0.519492,0.064833,0.403254,0.094586,0.230687,0.104932,0.184750,0.144071,0.202967,0.163623,0.219810,0.270385,0.225256,0.217271,-0.032380,0.227130,0.294544,0.430752,0.647046,0.450856,0.493276,0.580503,0.855479,0.525264,0.759178,0.526433,0.662091,0.329606,0.473818,0.519607,0.538662,0.167220,0.383868,0.232295,0.659837,0.200244,0.322963,0.254299,0.226640,0.269972,0.618577,0.335177,0.703283,0.344024,0.743948,0.453317,0.809359,0.247581,0.481724,0.429875,0.597751
1.148591,0.491533,0.629816,0.432216,0.348721,0.188471,0.790871,0.262910,0.220156,0.068857,0.923929,0.249211,0.961576,0.197037,0.786211,0.319590,0.000000,0.554124,0.607609,0.591927,0.358968,0.340563,0.514024,0.485999,0.431449,0.314259,0.421606,0.096379,1.244558,0.497061,0.565617,0.491479,0.956450,0.818866,0.423590,0.229846,0.549924,0.552690,0.727460,0.593212,0.389202,0.422234,0.575440,0.403133,0.615593,0.297350,0.586033,0.455514,0.564489,0.356578,0.627704,0.381502,0.396551,0.243086,0.666202,0.425029,1.106197,0.668876,0.780333,0.472824,0.781779,0.315659,1.144324,0.735574,0.436763,0.373980,0.759647,0.433542,0.808244,0.577524,0.206008,0.056155,0.671782,0.290311,0.522173,0.121011,0.292332,0.086856,1.167261,0.661871,1.294782,0.803387,0.978567,0.508323,0.987277,0.617610,0.712924,0.233992,0.742678,0.473854
0.512324,1.023038,0.431127,0.650434,0.101937,0.287576,0.371275,0.756070,0.211563,0.401206,0.367363,1.013881,0.433448,0.923803,0.477956,0.816136,0.554124,0.000000,0.579028,0.618237,0.443207,0.407555,0.533785,0.400677,0.518865,0.488126,0.273034,0.258394,0.555990,1.248079,0.734585,0.770257,0.825332,0.854825,0.199826,0.181421,0.062304,0.725008,0.386936,0.768439,0.155700,0.572560,0.201286,0.411986,0.290680,0.313534,0.340969,0.285815,0.299988,0.417608,0.426902,0.395123,0.347202,0.034661,0.452946,0.478391,0.691271,0.899592,0.488371,0.575732,0.462512,0.476793,0.770546,1.013764,0.307963,0.435115,0.335391,0.433254,0.606113,0.479533,0.040109,0.276433,0.361082,0.798698,0.347678,0.417084,0.146766,0.119729,0.545933,1.128358,0.618362,1.190035,0.436625,1.078801,0.515461,0.975851,0.386432,0.581210,0.438954,0.601147
0.922047,0.816642,0.845527,0.694509,0.352775,0.421270,0.884138,0.659248,0.469180,0.409251,0.875055,0.696071,0.865838,0.653212,1.000953,0.806326,0.607609,0.579028,0.000000,1.324537,0.357432,0.306561,0.810918,0.610903,0.551199,0.481901,0.304127,0.140739,0.617328,0.571202,0.885226,0.804818,1.061422,1.021952,0.432390,0.185002,0.300939,0.419506,0.504624,0.568688,0.095889,0.402220,0.205655,0.128807,0.145477,0.022934,0.172192,0.181994,0.191292,0.111355,0.289246,0.172718,0.199769,-0.010266,0.294035,0.242379,0.748304,0.705193,0.506179,0.334233,0.789669,0.549656,0.664796,0.707140,0.667007,0.534600,0.502588,0.390207,0.931464,0.752217,0.194018,0.292202,0.541835,0.587819,0.347256,0.266995,0.302592,0.157844,0.387920,0.456103,0.516560,0.687667,0.487018,0.509077,0.753005,0.703181,0.381283,0.296684,0.633304,0.504612
0.800842,0.918875,0.779902,0.836766,0.408456,0.447161,0.785828,0.822858,0.420183,0.409714,0.641489,0.772167,0.677277,0.680069,0.893450,0.857321,0.591927,0.618237,1.324537,0.000000,0.384975,0.342655,0.837555,0.696007,0.589283,0.446090,0.322018,0.193235,0.592537,0.675833,0.889835,0.825602,1.081139,1.169759,0.412831,0.214648,0.274064,0.490882,0.415709,0.556731,0.167334,0.386934,0.295083,0.292327,0.291391,0.228608,0.289840,0.355860,0.279495,0.248111,0.369880,0.252438,0.303091,0.108412,0.318968,0.344786,0.671127,0.723187,0.570029,0.472478,0.695089,0.674433,0.677234,0.824318,0.596239,0.610048,0.566755,0.555805,0.869052,0.897965,0.234851,0.334343,0.384130,0.540170,0.284744,0.248720,0.333580,0.276273,0.469835,0.550621,0.576683,0.783881,0.553101,0.595846,0.639784,0.810734,0.310299,0.307541,0.561687,0.602885
0.360348,0.442923,0.347195,0.387804,0.180428,0.361219,0.289208,0.402868,0.340092,0.378055,0.309482,0.393420,0.328212,0.418663,0.414923,0.388251,0.358968,0.443207,0.357432,0.384975,0.000000,0.632746,0.435736,0.378935,0.690244,0.678650,0.514325,0.403611,0.400880,0.451562,0.554581,0.576310,0.502766,0.552565,0.248529,0.255961,0.083428,0.453620,0.346599,0.474618,0.053272,0.230116,0.176982,0.223300,0.209951,0.156471,0.216169,0.135444,0.259562,0.241488,0.280739,0.289654,0.206562,-0.005258,0.265900,0.241141,0.382905,0.440862,0.363362,0.324636,0.333317,0.276263,0.417718,0.379259,0.256100,0.312468,0.313037,0.300191,0.385171,0.322897,0.161483,0.242509,0.264979,0.377371,0.256336,0.172180,0.087106,0.064039,0.333663,0.368453,0.325293,0.454423,0.349416,0.387270,0.326707,0.484402,0.335250,0.135669,0.369748,0.350546
0.275641,0.384513,0.250033,0.278942,0.081925,0.407534,0.220413,0.335021,0.383417,0.385744,0.250265,0.311331,0.314456,0.356636,0.343628,0.342943,0.340563,0.407555,0.306561,0.342655,0.632746,0.000000,0.347744,0.327365,0.645704,0.727594,0.536087,0.586783,0.339312,0.377118,0.459736,0.493469,0.437243,0.465719,0.260431,0.316573,0.021022,0.391229,0.277122,0.437670,0.011832,0.245299,0.306690,0.333929,0.318223,0.223923,0.292549,0.198954,0.242574,0.261041,0.246533,0.245390,0.228809,0.004611,0.278412,0.247476,0.341218,0.424607,0.292918,0.318976,0.225235,0.218603,0.382262,0.373663,0.166339,0.228933,0.351520,0.371230,0.368349,0.281086,0.124999,0.263102,0.206612,0.354679,0.290577,0.185461,0.116423,0.006966,0.315852,0.350174,0.271209,0.374871,0.285089,0.320065,0.220982,0.363703,0.195936,0.074041,0.264482,0.323686
0.596216,0.618877,1.573078,1.272926,0.941904,0.368967,0.897399,0.863850,0.305313,0.240140,0.481654,0.561479,0.613395,0.636842,0.919133,0.650395,0.514024,0.533785,0.810918,0.837555,0.435736,0.347744,0.000000,1.576778,0.823523,0.295229,0.353089,0.111890,0.516150,0.504565,0.569175,0.503962,0.870036,0.842429,0.524834,0.320828,0.216485,0.525509,0.459255,0.624916,0.114481,0.373477,0.358890,0.330745,0.315567,0.300814,0.383013,0.401545,0.381334,0.392761,0.501535,0.404839,0.464665,0.267519,0.426996,0.496763,0.615063,0.710173,0.550464,0.432586,0.634013,0.516065,0.501796,0.629107,0.564983,0.641845,0.624887,0.633110,0.603213,0.538445,0.084064,0.123430,0.322647,0.355408,0.277762,0.133531,0.226083,0.250929,0.504832,0.544982,0.550575,0.679802,0.610695,0.511313,0.624347,0.789079,0.517674,0.419615,0.761684,0.738422
0.499403,0.416689,1.205634,1.114208,0.858818,0.368844,0.792765,0.719319,0.245207,0.223728,0.441231,0.416299,0.584019,0.508115,0.804626,0.521316,0.485999,0.400677,0.610903,0.696007,0.378935,0.327365,1.576778,0.000000,0.742493,0.258109,0.409561,0.099080,0.469800,0.385870,0.399467,0.348488,0.681060,0.669060,0.544165,0.367662,0.210311,0.445559,0.372514,0.461336,0.137900,0.255507,0.397591,0.332670,0.359139,0.331368,0.380431,0.424110,0.340240,0.372726,0.439253,0.343382,0.432040,0.343649,0.378596,0.447752,0.479656,0.529987,0.436480,0.363167,0.473730,0.412756,0.408020,0.501473,0.484931,0.587289,0.578262,0.607606,0.441376,0.446119,0.062743,0.049829,0.249182,0.210086,0.239665,0.053082,0.172996,0.225718,0.497761,0.448226,0.512731,0.561534,0.625941,0.385243,0.538702,0.619650,0.522582,0.273901,0.676455,0.630930
0.443602,0.527226,0.657697,0.659709,0.450769,0.685460,0.523604,0.635617,0.562966,0.499702,0.361933,0.428987,0.457858,0.531118,0.674359,0.554370,0.431449,0.518865,0.551199,0.589283,0.690244,0.645704,0.823523,0.742493,0.000000,0.873229,0.745863,0.582997,0.399372,0.426345,0.648793,0.636512,0.705527,0.722727,0.443399,0.343529,0.051216,0.501139,0.414415,0.562828,0.078241,0.271954,0.349909,0.376625,0.374005,0.327603,0.341673,0.311179,0.352371,0.373712,0.422594,0.348007,0.370847,0.162919,0.363403,0.409375,0.538662,0.670720,0.510071,0.425307,0.458978,0.415992,0.513629,0.499861,0.425157,0.468676,0.567528,0.553925,0.536182,0.472186,0.115796,0.234913,0.197004,0.320074,0.219589,0.110083,0.189360,0.166951,0.462516,0.515488,0.455876,0.580774,0.488902,0.459515,0.451496,0.645283,0.365257,0.248945,0.534035,0.620267
0.344161,0.502680,0.193546,0.272716,-0.081381,0.669740,0.266682,0.442808,0.622771,0.667226,0.317705,0.416974,0.383349,0.497558,0.485664,0.541712,0.314259,0.488126,0.481901,0.446090,0.678650,0.727594,0.295229,0.258109,0.873229,0.000000,0.634358,0.826239,0.299711,0.416822,0.799280,0.873457,0.537958,0.587982,0.233945,0.284322,0.021468,0.356080,0.324652,0.474067,-0.045718,0.250659,0.174524,0.237283,0.208030,0.119223,0.145467,0.091747,0.162201,0.144029,0.175338,0.144139,0.105752,-0.132202,0.200710,0.148378,0.435105,0.565187,0.370924,0.367286,0.308000,0.331043,0.463901,0.375357,0.260113,0.291380,0.387015,0.375221,0.532296,0.446350,0.163617,0.361232,0.195856,0.430546,0.211124,0.164826,0.152750,-0.017259,0.276905,0.379590,0.294270,0.449947,0.283296,0.427012,0.317049,0.485551,0.177177,0.162510,0.304636,0.363670
0.363279,0.210992,0.338284,0.290300,0.178306,0.477801,0.361456,0.268905,0.406665,0.470383,0.363968,0.131381,0.426572,0.234813,0.541609,0.353929,0.421606,0.273034,0.304127,0.322018,0.514325,0.536087,0.353089,0.409561,0.745863,0.634358,0.000000,0.586041,0.369934,0.204635,0.358524,0.339991,0.445701,0.425670,0.384973,0.324748,0.130141,0.313706,0.342274,0.330729,0.097526,0.090411,0.325618,0.278655,0.334115,0.237935,0.246245,0.210439,0.295851,0.248263,0.343984,0.214610,0.265196,0.155383,0.316494,0.265916,0.372734,0.375088,0.395411,0.274838,0.345788,0.276800,0.418931,0.334211,0.316929,0.333702,0.467022,0.365548,0.369819,0.336389,0.189825,0.172851,0.209102,0.103768,0.253154,0.032701,0.146219,0.130121,0.408354,0.330871,0.406415,0.379331,0.467682,0.234814,0.387586,0.356931,0.263598,0.016920,0.431470,0.454609
0.062106,0.237960,0.013627,0.106022,-0.105713,0.488769,0.024240,0.261144,0.439904,0.490186,0.034141,0.203954,0.105249,0.275251,0.232719,0.336823,0.096379,0.258394,0.140739,0.193235,0.403611,0.586783,0.111890,0.099080,0.582997,0.826239,0.586041,0.000000,0.069102,0.190029,0.343005,0.388990,0.205729,0.255631,0.091052,0.186869,-0.116439,0.200641,0.131988,0.236620,-0.036139,0.052487,0.125416,0.215465,0.178961,0.192465,0.089702,0.117107,0.129761,0.150738,0.107385,0.111730,0.117869,-0.022814,0.110826,0.137973,0.158809,0.329178,0.265912,0.306213,0.063680,0.226897,0.220942,0.157299,0.049682,0.124953,0.280566,0.347392,0.246004,0.280870,0.135665,0.297904,-0.034030,0.175006,0.056557,0.058254,0.032731,0.021678,0.162692,0.230490,0.101766,0.170541,0.135612,0.202094,0.029956,0.224453,-0.000011,0.038150,0.113782,0.319691
0.947361,0.442950,0.623029,0.442860,0.326380,0.209704,0.835124,0.314270,0.269781,0.127299,1.135845,0.352407,1.163388,0.332700,0.807779,0.409464,1.244558,0.555990,0.617328,0.592537,0.400880,0.339312,0.516150,0.469800,0.399372,0.299711,0.369934,0.069102,0.000000,0.739644,0.692232,0.614912,0.941540,0.873722,0.416461,0.217672,0.511460,0.482827,0.632159,0.519919,0.462429,0.459842,0.440853,0.344788,0.504777,0.228421,0.421236,0.290695,0.421910,0.248014,0.523691,0.314205,0.265664,0.114400,0.504409,0.285867,0.841698,0.443655,0.562580,0.366527,0.855986,0.368049,0.954243,0.689384,0.550792,0.442294,0.500169,0.275720,0.575511,0.398621,0.224336,0.039229,0.727971,0.377523,0.530447,0.231155,0.269486,0.056320,0.852444,0.615133,0.918046,0.792491,0.811222,0.504427,0.944953,0.621330,0.706001,0.215274,0.621388,0.313229
0.444702,0.847798,0.414881,0.640051,0.117433,0.293454,0.409613,0.791335,0.247733,0.436803,0.467012,1.046682,0.502229,0.990288,0.503166,0.891354,0.497061,1.248079,0.571202,0.675833,0.451562,0.377118,0.504565,0.385870,0.426345,0.416822,0.204635,0.190029,0.739644,0.000000,0.873354,0.884852,0.803649,0.930691,0.230410,0.199209,0.115206,0.641709,0.329361,0.633109,0.261228,0.567173,0.159610,0.404417,0.274026,0.315227,0.276225,0.249016,0.230456,0.315596,0.373405,0.342645,0.263849,0.008726,0.344744,0.378878,0.519832,0.600557,0.371540,0.471596,0.545103,0.591658,0.674674,0.891130,0.417891,0.529502,0.209925,0.323196,0.451444,0.408163,0.086757,0.261520,0.340966,0.783756,0.321294,0.444102,0.194008,0.162138,0.504462,0.997912,0.524747,1.064744,0.417641,0.990867,0.502914,0.909927,0.349978,0.515380,0.355952,0.461598
0.627788,0.786420,0.465850,0.481449,0.091860,0.436337,0.549163,0.603211,0.454285,0.458075,0.614166,0.673673,0.659583,0.679992,0.789067,0.814540,0.565617,0.734585,0.885226,0.889835,0.554581,0.459736,0.569175,0.399467,0.648793,0.799280,0.358524,0.343005,0.692232,0.873354,0.000000,1.687715,1.019993,1.116559,0.294708,0.203226,0.251809,0.525480,0.472141,0.696157,0.181394,0.494435,0.143935,0.230927,0.217951,0.092499,0.181969,0.117331,0.172868,0.102616,0.253930,0.146743,0.115655,-0.151951,0.247532,0.195318,0.707071,0.733350,0.485326,0.385813,0.645258,0.532644,0.741252,0.670266,0.529401,0.486805,0.401324,0.363156,0.762899,0.668875,0.230128,0.338301,0.393061,0.640750,0.326445,0.251638,0.256860,0.064205,0.456717,0.600979,0.571141,0.863127,0.497366,0.742842,0.684335,0.818530,0.349511,0.420283,0.472698,0.430643
0.592726,0.874633,0.406858,0.483556,0.037261,0.453962,0.482095,0.632039,0.468998,0.491171,0.550957,0.770229,0.599887,0.747823,0.684173,0.843983,0.491479,0.770257,0.804818,0.825602,0.576310,0.493469,0.503962,0.348488,0.636512,0.873457,0.339991,0.388990,0.614912,0.884852,1.687715,0.000000,0.954514,1.084069,0.253991,0.204118,0.238838,0.542522,0.467833,0.755365,0.158491,0.556186,0.127146,0.229998,0.193818,0.096284,0.190057,0.112737,0.212586,0.157085,0.276341,0.215195,0.127223,-0.176026,0.268785,0.219213,0.667961,0.738775,0.487741,0.456627,0.589843,0.529645,0.661876,0.664921,0.443088,0.478936,0.377148,0.366928,0.724687,0.628975,0.199122,0.373237,0.384687,0.720440,0.302475,0.285763,0.226692,0.043419,0.380833,0.577325,0.491210,0.817872,0.411739,0.757248,0.626159,0.855934,0.315778,0.457964,0.441707,0.439806
1.123591,0.975799,0.858366,0.751119,0.441073,0.375834,0.869454,0.658761,0.361846,0.292905,0.779091,0.631308,0.880820,0.585040,0.939238,0.685923,0.956450,0.825332,1.061422,1.081139,0.502766,0.437243,0.870036,0.681060,0.705527,0.537958,0.445701,0.205729,0.941540,0.803649,1.019993,0.954514,0.000000,1.668845,0.519341,0.318633,0.414293,0.691543,0.703281,0.862167,0.220934,0.522707,0.462800,0.415258,0.477285,0.287123,0.498520,0.393120,0.507941,0.385487,0.613145,0.435854,0.421075,0.136831,0.590588,0.482551,1.160337,1.004400,0.829104,0.597012,0.935831,0.584851,0.980447,1.013691,0.586784,0.613686,0.808098,0.601752,1.125561,0.829067,0.188660,0.199507,0.633153,0.614313,0.492972,0.267552,0.348321,0.167400,0.748983,0.770502,0.923083,1.100844,0.732680,0.707937,0.969219,1.029383,0.542378,0.426738,0.839106,0.676756
0.917312,1.025399,0.797650,0.820400,0.397802,0.426298,0.803779,0.790619,0.398717,0.379728,0.719506,0.747426,0.824195,0.708019,0.894649,0.807728,0.818866,0.854825,1.021952,1.169759,0.552565,0.465719,0.842429,0.669060,0.722727,0.587982,0.425670,0.255631,0.873722,0.930691,1.116559,1.084069,1.668845,0.000000,0.537572,0.368529,0.344470,0.678316,0.609880,0.805159,0.214451,0.526406,0.438694,0.461741,0.474734,0.346626,0.481098,0.403831,0.470710,0.408862,0.592385,0.448394,0.393398,0.111340,0.527521,0.485505,0.931520,0.920609,0.722552,0.600505,0.908739,0.716845,0.903514,1.038209,0.634444,0.724610,0.694352,0.615625,0.969837,0.780508,0.193162,0.234656,0.552262,0.679248,0.470199,0.306440,0.383567,0.225996,0.690781,0.792814,0.812251,1.118063,0.637422,0.733641,0.876015,1.084055,0.458150,0.418906,0.724314,0.666641
0.388809,0.198347,0.581485,0.430372,0.457384,0.319680,0.602788,0.364965,0.308231,0.224011,0.432258,0.147379,0.496966,0.235256,0.551160,0.303691,0.423590,0.199826,0.432390,0.412831,0.248529,0.260431,0.524834,0.544165,0.443399,0.233945,0.384973,0.091052,0.416461,0.230410,0.294708,0.253991,0.519341,0.537572,0.000000,0.594545,0.206250,0.197014,0.299645,0.225268,0.073001,0.052725,0.475128,0.355326,0.370316,0.291615,0.355083,0.325795,0.305352,0.255603,0.375818,0.236403,0.222456,0.174753,0.300120,0.271498,0.323463,0.257705,0.301726,0.166440,0.555191,0.429557,0.378860,0.414216,0.687126,0.619981,0.497377,0.394453,0.318439,0.232362,0.106239,0.003889,0.200047,0.082738,0.279957,-0.010232,0.417907,0.320928,0.408197,0.287713,0.404779,0.382246,0.362601,0.150690,0.536848,0.414603,0.301791,0.033712,0.506466,0.317428
0.142994,0.100324,0.317857,0.301695,0.273599,0.260743,0.295888,0.305560,0.271388,0.212423,0.184842,0.109387,0.267387,0.185834,0.308570,0.251979,0.229846,0.181421,0.185002,0.214648,0.255961,0.316573,0.320828,0.367662,0.343529,0.284322,0.324748,0.186869,0.217672,0.199209,0.203226,0.204118,0.318633,0.368529,0.594545,0.000000,0.074761,0.148388,0.194038,0.186181,-0.003631,0.059422,0.484749,0.471797,0.442465,0.472318,0.411477,0.390895,0.348790,0.368819,0.354450,0.318452,0.256439,0.205193,0.273212,0.325576,0.145083,0.178252,0.225456,0.208499,0.309258,0.355158,0.217675,0.268258,0.315022,0.504810,0.397950,0.448018,0.169227,0.160405,0.016154,-0.006522,0.098088,0.066558,0.197742,0.022073,0.317080,0.244035,0.324951,0.225642,0.253650,0.244795,0.242179,0.113499,0.263027,0.314718,0.165127,0.061873,0.333111,0.268226
0.633311,0.203598,0.347393,0.145451,0.222541,-0.040047,0.412390,-0.001416,-0.021418,-0.172051,0.465045,0.015766,0.461666,-0.062906,0.365848,0.076583,0.549924,0.062304,0.300939,0.274064,0.083428,0.021022,0.216485,0.210311,0.051216,0.021468,0.130141,-0.116439,0.511460,0.115206,0.251809,0.238838,0.414293,0.344470,0.206250,0.074761,0.000000,0.356573,0.687470,0.371293,0.381397,0.351254,0.302358,0.085003,0.265979,0.054046,0.300245,0.220604,0.403193,0.167997,0.405492,0.254244,0.226554,0.155493,0.436818,0.276219,0.498351,0.238603,0.398346,0.214559,0.375203,0.094619,0.321930,0.237001,0.218436,0.214885,0.449833,0.203621,0.400754,0.284705,0.214246,-0.041606,0.552773,0.134537,0.309146,0.001999,0.179083,0.038425,0.370357,0.109127,0.461968,0.278958,0.404641,0.168620,0.617146,0.291824,0.411836,0.189809,0.513178,0.217809
0.535629,0.725809,0.457197,0.538572,0.247371,0.170173,0.307077,0.474124,0.043262,0.141427,0.262045,0.520889,0.305885,0.449964,0.374279,0.425494,0.552690,0.725008,0.419506,0.490882,0.453620,0.391229,0.525509,0.445559,0.501139,0.356080,0.313706,0.200641,0.482827,0.641709,0.525480,0.542522,0.691543,0.678316,0.197014,0.148388,0.356573,0.000000,0.589123,0.907009,0.219799,0.633932,0.292730,0.370451,0.339984,0.289703,0.439140,0.353151,0.445850,0.463739,0.548529,0.512811,0.512159,0.206610,0.613098,0.614952,0.650251,0.770678,0.522899,0.514047,0.326495,0.263794,0.561261,0.621689,0.193819,0.304798,0.478308,0.478023,0.610009,0.473638,0.074371,0.192965,0.403920,0.553881,0.385841,0.260287,0.137462,0.174787,0.527276,0.692899,0.610356,0.817788,0.471646,0.715937,0.528663,0.788250,0.419273,0.470608,0.574780,0.674993
0.824784,0.516788,0.545446,0.400658,0.317260,0.127105,0.542338,0.271057,0.168570,0.031389,0.548367,0.251406,0.612108,0.210676,0.613038,0.315044,0.727460,0.386936,0.504624,0.415709,0.346599,0.277122,0.459255,0.372514,0.414415,0.324652,0.342274,0.131988,0.632159,0.329361,0.472141,0.467833,0.703281,0.609880,0.299645,0.194038,0.687470,0.589123,0.000000,0.809044,0.223613,0.519618,0.375289,0.222578,0.348087,0.108824,0.448896,0.272788,0.546814,0.311628,0.574314,0.440815,0.360794,0.074466,0.708485,0.466295,0.820122,0.617619,0.628112,0.395673,0.543402,0.236801,0.577426,0.500441,0.261239,0.327332,0.632024,0.326307,0.702049,0.426263,0.144557,0.007859,0.610377,0.383810,0.462767,0.122185,0.227051,0.040697,0.551269,0.363879,0.658761,0.534806,0.584966,0.398644,0.777692,0.556358,0.576289,0.321447,0.806597,0.474022
0.689472,0.967020,0.551182,0.600715,0.234629,0.165371,0.416766,0.541680,0.111580,0.146046,0.368473,0.584424,0.466281,0.544248,0.516347,0.519492,0.593212,0.768439,0.568688,0.556731,0.474618,0.437670,0.624916,0.461336,0.562828,0.474067,0.330729,0.236620,0.519919,0.633109,0.696157,0.755365,0.862167,0.805159,0.225268,0.186181,0.371293,0.907009,0.809044,0.000000,0.185933,0.765610,0.313982,0.341207,0.332990,0.208703,0.468183,0.320303,0.524213,0.446958,0.582032,0.539261,0.450637,0.036643,0.711048,0.642387,0.866441,0.997276,0.699570,0.581279,0.495683,0.324108,0.659759,0.669009,0.213748,0.362373,0.602281,0.491374,0.806196,0.543926,0.041024,0.158319,0.513705,0.702986,0.470756,0.283535,0.143562,0.056386,0.539802,0.621495,0.633506,0.794113,0.517588,0.757453,0.652367,0.870071,0.482894,0.618753,0.697165,0.708751
0.264852,0.097105,0.153477,0.082729,0.083471,-0.000336,0.203914,-0.008690,-0.037303,-0.075419,0.351713,0.077580,0.264182,0.014725,0.180271,0.064833,0.389202,0.155700,0.095889,0.167334,0.053272,0.011832,0.114481,0.137900,0.078241,-0.045718,0.097526,-0.036139,0.462429,0.261228,0.181394,0.158491,0.220934,0.214451,0.073001,-0.003631,0.381397,0.219799,0.223613,0.185933,0.000000,0.295904,0.092048,0.142224,0.201916,0.113982,0.175899,0.226985,0.163775,0.104550,0.252515,0.122971,0.112864,0.183693,0.161658,0.172626,0.211021,0.072241,0.186187,0.104058,0.244048,0.041132,0.281851,0.189991,0.167891,0.100943,0.044195,-0.056843,0.058876,0.020805,0.039770,-0.117558,0.183102,0.034891,0.118804,-0.030045,0.029053,0.061425,0.403480,0.257129,0.331144,0.287572,0.229292,0.168269,0.322479,0.192818,0.187076,0.179686,0.094547,0.029844
0.466277,0.645003,0.310257,0.363221,0.117023,0.061278,0.249547,0.316547,-0.029907,0.070492,0.336918,0.530964,0.352085,0.440498,0.331912,0.403254,0.422234,0.572560,0.402220,0.386934,0.230116,0.245299,0.373477,0.255507,0.271954,0.250659,0.090411,0.052487,0.459842,0.567173,0.494435,0.556186,0.522707,0.526406,0.052725,0.059422,0.351254,0.633932,0.519618,0.765610,0.295904,0.000000,0.094637,0.172970,0.139286,0.046787,0.234843,0.164061,0.250474,0.224429,0.326606,0.304557,0.267670,-0.018572,0.415406,0.362685,0.542277,0.558610,0.355066,0.365504,0.356547,0.198676,0.462995,0.469065,0.159143,0.227867,0.230570,0.215279,0.485531,0.333530,-0.009895,0.046488,0.413178,0.563061,0.283338,0.243937,0.043590,-0.059070,0.314793,0.413748,0.400255,0.564355,0.322806,0.630240,0.475711,0.575116,0.267767,0.577674,0.386045,0.377140
0.398405,0.166260,0.425778,0.272340,0.445886,0.165204,0.402782,0.193084,0.192302,-0.008595,0.234283,-0.005609,0.379918,0.015825,0.331822,0.094586,0.575440,0.201286,0.205655,0.295083,0.176982,0.306690,0.358890,0.397591,0.349909,0.174524,0.325618,0.125416,0.440853,0.159610,0.143935,0.127146,0.462800,0.438694,0.475128,0.484749,0.302358,0.292730,0.375289,0.313982,0.092048,0.094637,0.000000,1.150795,1.185182,0.893943,1.365313,1.042657,0.981071,0.856955,0.875520,0.707720,0.702831,0.587642,0.810126,0.767756,0.421231,0.342447,0.503934,0.401518,0.386035,0.223730,0.416231,0.429776,0.144945,0.310802,0.841918,0.626398,0.339374,0.318024,0.165895,-0.020761,0.255496,0.058441,0.385593,0.054672,0.541285,0.326020,0.680062,0.391412,0.585929,0.346705,0.492233,0.139196,0.410441,0.346086,0.301314,0.053942,0.480495,0.420898
0.176788,0.281045,0.297806,0.346551,0.289891,0.203893,0.214369,0.383196,0.167457,0.169140,0.070920,0.196570,0.193926,0.244818,0.230996,0.230687,0.403133,0.411986,0.128807,0.292327,0.223300,0.333929,0.330745,0.332670,0.376625,0.237283,0.278655,0.215465,0.344788,0.404417,0.230927,0.229998,0.415258,0.461741,0.355326,0.471797,0.085003,0.370451,0.222578,0.341207,0.142224,0.172970,1.150795,0.000000,1.101807,1.335104,1.250416,1.278376,0.780180,1.021136,0.765573,0.736748,0.686714,0.561703,0.646518,0.862792,0.285993,0.386901,0.411338,0.449203,0.291694,0.338518,0.385312,0.479370,0.104293,0.365584,0.550678,0.630650,0.213399,0.247506,0.047686,0.027232,0.058086,0.134774,0.266930,0.119941,0.500426,0.437403,0.655545,0.622004,0.490669,0.468953,0.382621,0.338534,0.235550,0.490635,0.162309,0.200671,0.272573,0.452490
0.359633,0.168806,0.364230,0.277351,0.358318,0.134391,0.355682,0.199289,0.134791,-0.011283,0.246212,0.017542,0.379263,0.046854,0.325987,0.104932,0.615593,0.290680,0.145477,0.291391,0.209951,0.318223,0.315567,0.359139,0.374005,0.208030,0.334115,0.178961,0.504777,0.274026,0.217951,0.193818,0.477285,0.474734,0.370316,0.442465,0.265979,0.339984,0.348087,0.332990,0.201916,0.139286,1.185182,1.101807,0.000000,1.169864,1.115214,0.958849,0.788888,0.720991,0.706617,0.576295,0.464478,0.388314,0.655836,0.645521,0.395724,0.321361,0.483731,0.386633,0.389621,0.248258,0.509569,0.461100,0.194552,0.327004,0.757505,0.640998,0.301462,0.270734,0.108581,-0.066181,0.247262,0.069549,0.414449,0.096738,0.413890,0.285353,0.775013,0.484810,0.636914,0.414336,0.525792,0.222135,0.413206,0.390724,0.319404,0.066877,0.421507,0.346817
0.066909,0.165691,0.283162,0.362233,0.342545,0.168663,0.175346,0.376318,0.116911,0.123976,-0.014697,0.126638,0.103057,0.189470,0.172107,0.184750,0.297350,0.313534,0.022934,0.228608,0.156471,0.223923,0.300814,0.331368,0.327603,0.119223,0.237935,0.192465,0.228421,0.315227,0.092499,0.096284,0.287123,0.346626,0.291615,0.472318,0.054046,0.289703,0.108824,0.208703,0.113982,0.046787,0.893943,1.335104,1.169864,0.000000,0.954219,1.148163,0.722542,1.034183,0.726683,0.759631,0.611363,0.610945,0.546799,0.822086,0.144479,0.257089,0.348198,0.460517,0.219261,0.369645,0.266025,0.386290,0.134672,0.411178,0.518015,0.730621,0.085363,0.183163,0.060743,0.021543,-0.007825,0.044975,0.183598,0.093322,0.431388,0.478739,0.540459,0.536342,0.404049,0.371514,0.333337,0.255816,0.178127,0.439584,0.131397,0.162889,0.245852,0.471735
0.398722,0.318834,0.418202,0.354841,0.406016,0.082439,0.327134,0.282821,0.106468,-0.005739,0.161765,0.115006,0.293379,0.112118,0.285819,0.144071,0.586033,0.340969,0.172192,0.289840,0.216169,0.292549,0.383013,0.380431,0.341673,0.145467,0.246245,0.089702,0.421236,0.276225,0.181969,0.190057,0.498520,0.481098,0.355083,0.411477,0.300245,0.439140,0.448896,0.468183,0.175899,0.234843,1.365313,1.250416,1.115214,0.954219,0.000000,1.245029,1.217045,1.114727,1.105681,0.962744,0.893980,0.643011,1.035455,1.096859,0.465380,0.457611,0.600588,0.524580,0.374796,0.232304,0.475929,0.513063,0.053406,0.286688,0.776756,0.609238,0.339794,0.283504,0.099484,-0.001071,0.259616,0.157858,0.411318,0.101243,0.524832,0.391698,0.773678,0.538347,0.662235,0.454442,0.494013,0.312744,0.405137,0.481622,0.297978,0.202186,0.473263,0.514467
0.259105,0.262957,0.398366,0.398170,0.455058,0.170111,0.290521,0.357917,0.102908,0.081304,0.077937,0.137144,0.187498,0.141997,0.291748,0.202967,0.455514,0.285815,0.181994,0.355860,0.135444,0.198954,0.401545,0.424110,0.311179,0.091747,0.210439,0.117107,0.290695,0.249016,0.117331,0.112737,0.393120,0.403831,0.325795,0.390895,0.220604,0.353151,0.272788,0.320303,0.226985,0.164061,1.042657,1.278376,0.958849,1.148163,1.245029,0.000000,0.875564,1.004835,0.845995,0.769135,0.821866,0.813452,0.685402,1.005955,0.315325,0.423914,0.550273,0.530446,0.299661,0.320873,0.355661,0.430892,0.095732,0.339285,0.713980,0.761538,0.275871,0.366955,0.053232,-0.017472,0.071849,0.043562,0.235716,0.011465,0.479737,0.477997,0.652212,0.524872,0.538554,0.401911,0.462636,0.272840,0.281354,0.458770,0.170357,0.219108,0.346967,0.572466
0.518640,0.376806,0.464045,0.373951,0.414713,0.103613,0.395960,0.273726,0.168953,0.005817,0.215390,0.126048,0.323277,0.106651,0.326768,0.163623,0.564489,0.299988,0.191292,0.279495,0.259562,0.242574,0.381334,0.340240,0.352371,0.162201,0.295851,0.129761,0.421910,0.230456,0.172868,0.212586,0.507941,0.470710,0.305352,0.348790,0.403193,0.445850,0.546814,0.524213,0.163775,0.250474,0.981071,0.780180,0.788888,0.722542,1.217045,0.875564,0.000000,1.267351,1.628756,1.321272,1.041637,0.661402,1.104153,1.059738,0.516827,0.489859,0.889091,0.782677,0.459250,0.263832,0.439624,0.512924,0.045373,0.293233,0.860315,0.565614,0.395526,0.330175,0.177302,0.076234,0.347754,0.209030,0.392417,0.112378,0.484235,0.351096,0.651993,0.477263,0.639995,0.416152,0.494523,0.301588,0.498043,0.524100,0.356821,0.265520,0.597744,0.648765
