0.000000,1.174512,0.108004,0.462072,0.060635,0.300011,0.278737,0.484019,0.102611,0.220066,0.456247,0.472192,0.187059,0.258078,0.187024,0.185882,0.330826,0.336828,0.847218,0.837023,-0.007525,-0.193047,-0.147700,-0.006365,-0.147938,-0.039400,-0.004811,0.070851,0.161225,0.125278,-0.271830,-0.211755,0.466593,0.480736,-0.006482,0.226708,0.060882,0.192295,0.164320,0.198900,0.009116,0.271358,0.464318,0.423231,0.223647,0.394357,0.351607,0.589913,0.204299,0.179692,0.095368,0.210396,0.653431,0.599563,0.389543,0.402438,1.495820,0.992014,0.178134,0.573429,0.194134,0.317530,0.377830,0.551798,-0.123764,-0.050583,0.391009,0.441081,0.862935,0.628088,0.011422,0.045839,0.529651,0.635273,0.480381,0.170922,0.495191,0.485034,-0.062434,0.010609,0.240445,0.411271,0.251911,0.191597,0.380586,0.350947,0.299226,0.415942,0.410571,0.421424
1.174512,0.000000,0.168347,0.509402,0.157553,0.326426,0.296174,0.439805,0.187511,0.181633,0.403779,0.488826,0.260532,0.224078,0.256949,0.058676,0.493965,0.412360,0.983360,0.959531,-0.015404,-0.173064,-0.009018,0.120877,-0.023546,-0.023054,-0.021005,0.159797,0.266113,0.121875,-0.116249,-0.022136,0.465227,0.486279,-0.000049,0.148608,0.132959,0.152751,0.038542,0.151664,0.238943,0.193423,0.398704,0.391339,0.257639,0.459181,0.382199,0.477972,0.254497,0.294262,0.148228,0.182337,0.561142,0.625744,0.443747,0.368659,1.298610,1.371172,0.123305,0.572441,0.122900,0.345059,0.408035,0.614612,-0.040825,-0.024634,0.428843,0.464908,0.936195,0.658141,0.246688,0.184956,0.711855,0.610002,0.443787,0.303761,0.496165,0.364513,0.012152,-0.000050,0.265246,0.496177,0.110702,-0.039771,0.430385,0.164541,0.316745,0.222888,0.485433,0.336245
0.108004,0.168347,0.000000,1.100785,0.788973,0.796924,0.957518,0.584341,0.937835,0.770140,0.451060,0.254685,0.567110,0.560161,0.897677,0.693198,0.251609,0.067309,0.490161,0.446729,0.170156,0.200846,1.144036,1.110680,0.391471,0.378788,0.617845,0.681422,0.342571,0.107641,0.436577,0.461114,0.319507,0.293898,0.436884,0.255560,0.081207,-0.061858,0.194605,0.043673,0.174092,0.033718,0.329753,0.333711,0.361648,0.523591,0.066572,0.257782,0.259531,0.532400,0.367205,0.448617,0.107517,0.191380,0.212742,0.204252,0.153761,0.045687,0.621487,0.516032,0.486941,0.394411,0.123895,-0.065819,0.650404,0.568710,0.674990,0.751384,0.309143,0.380937,0.086395,0.091130,0.562924,0.294772,0.264202,0.057940,0.257553,0.254032,0.093106,0.109192,0.161600,0.126035,0.285703,-0.004444,0.259491,0.098502,0.281245,0.186163,0.585486,0.409378
0.462072,0.509402,1.100785,0.000000,0.677619,0.839135,0.976078,1.066751,0.814107,0.860222,0.678692,0.516056,0.617033,0.667970,0.821125,0.581158,0.341352,0.148740,0.875528,0.830500,0.052465,0.112787,0.722720,0.996638,0.289704,0.305135,0.441751,0.480718,0.326182,0.051358,0.220119,0.302843,0.506909,0.528352,0.283022,0.266317,0.067971,-0.036222,0.182232,0.072123,0.162558,0.140132,0.353811,0.319301,0.348059,0.530932,0.105331,0.326100,0.278369,0.428868,0.310525,0.337573,0.303320,0.320580,0.295801,0.223899,0.494402,0.311275,0.640351,0.736354,0.575448,0.550519,0.302584,0.150233,0.497944,0.429674,0.723757,0.818145,0.594581,0.599343,0.115931,0.082244,0.759426,0.460010,0.485016,0.065391,0.478742,0.397025,0.007325,0.057705,0.224623,0.215664,0.321317,0.024043,0.415017,0.176708,0.404274,0.224900,0.640245,0.425760
0.060635,0.157553,0.788973,0.677619,0.000000,0.806144,0.477310,0.401688,1.092753,0.666896,0.247845,0.205629,0.435936,0.467925,0.784908,0.597165,0.262586,0.083770,0.411132,0.411109,0.238235,0.427547,0.418382,0.702592,0.519862,0.658777,0.736840,0.727320,0.388237,0.140499,0.276974,0.278841,0.112307,0.111318,0.374699,0.211356,0.058679,-0.073769,0.158635,0.011476,0.184066,0.122357,0.287739,0.247257,0.366322,0.462612,0.065862,0.230404,0.319007,0.498480,0.506159,0.484038,0.244033,0.281179,0.280906,0.191176,0.116687,0.103669,0.394168,0.404615,0.344703,0.387061,0.117568,-0.020397,0.498393,0.519898,0.528132,0.634746,0.290822,0.374957,0.055059,0.126347,0.371548,0.112769,0.290810,0.073099,0.144048,0.101005,0.222099,0.249027,0.256268,0.214134,0.234712,-0.002709,0.234055,0.182161,0.230733,0.174151,0.483949,0.341870
0.300011,0.326426,0.796924,0.839135,0.806144,0.000000,0.569469,0.461976,0.733053,0.816355,0.522216,0.282443,0.322359,0.444982,0.867075,0.697429,0.480178,0.334024,0.676781,0.636792,0.125189,0.174399,0.423200,0.621967,0.120656,0.232665,0.653785,0.745508,0.442461,0.202234,-0.031437,0.003808,0.236003,0.284865,0.486791,0.385248,0.265097,0.170108,0.443035,0.314951,0.109039,0.010304,0.491946,0.373744,0.291262,0.445103,0.225435,0.477861,0.277726,0.384594,0.363755,0.432150,0.403752,0.396709,0.526131,0.524637,0.336130,0.180748,0.438626,0.469219,0.489430,0.542142,0.227406,0.165370,0.565027,0.631443,0.648222,0.839597,0.345722,0.470778,-0.208451,-0.130885,0.628179,0.484369,0.563992,0.144007,0.498861,0.548896,0.262081,0.409950,0.362595,0.356864,0.317929,0.057615,0.397521,0.405487,0.379630,0.358644,0.812942,0.750925
0.278737,0.296174,0.957518,0.976078,0.477310,0.569469,0.000000,1.034103,0.726384,0.714700,0.885646,0.613713,0.974114,0.790543,0.780577,0.433166,0.361449,0.111403,0.584978,0.486092,-0.081365,0.012040,0.686354,0.700885,0.235522,0.143465,0.301206,0.302107,0.301769,-0.056079,0.297120,0.376261,0.473726,0.411146,0.237068,0.200612,0.167779,-0.095462,0.077038,-0.017883,0.172603,0.041603,0.418079,0.410302,0.304721,0.490478,0.152719,0.200789,0.306482,0.433194,0.315220,0.300084,0.221438,0.149356,0.183621,0.145857,0.363472,0.109173,0.704111,0.663490,0.614525,0.558641,0.411917,0.177178,0.513636,0.348714,0.687219,0.691648,0.366509,0.308976,0.137090,0.117457,0.653036,0.354080,0.288558,0.086605,0.303984,0.230191,-0.076594,-0.141311,0.021505,0.012767,0.198066,-0.119205,0.318937,-0.052074,0.387592,0.152633,0.458930,0.319696
0.484019,0.439805,0.584341,1.066751,0.401688,0.461976,1.034103,0.000000,0.553536,0.672011,0.772623,0.815313,0.720687,0.917516,0.539309,0.386316,0.232197,0.073218,0.590335,0.585853,-0.166160,0.014043,0.329437,0.505079,0.116799,0.158345,0.160313,0.128790,0.138760,-0.066899,0.116775,0.250843,0.501958,0.508157,0.055145,0.150245,0.004565,-0.149395,0.020751,-0.066631,0.068632,0.193195,0.303510,0.300928,0.333315,0.508725,0.094609,0.190468,0.370997,0.405556,0.297087,0.258595,0.338217,0.216014,0.105169,0.054835,0.575026,0.311867,0.658311,0.856073,0.651047,0.668714,0.531361,0.366880,0.361422,0.226423,0.678335,0.690806,0.526534,0.449227,0.177015,0.143074,0.601584,0.400150,0.391557,-0.050759,0.375760,0.287828,-0.187363,-0.196830,0.051556,0.072187,0.226593,-0.002496,0.364443,0.058688,0.351802,0.192025,0.320507,0.206366
0.102611,0.187511,0.937835,0.814107,1.092753,0.733053,0.726384,0.553536,0.000000,0.730436,0.453989,0.326741,0.720734,0.588609,0.930191,0.649730,0.326752,0.075207,0.457069,0.412899,0.102238,0.306310,0.610370,0.753583,0.462901,0.460323,0.561494,0.601028,0.416073,0.092094,0.457167,0.453500,0.150542,0.153700,0.261107,0.145299,0.017291,-0.185319,0.049025,-0.066071,0.199169,0.094974,0.221964,0.247031,0.304147,0.391595,-0.042830,0.147652,0.265993,0.468342,0.373338,0.464809,0.122307,0.217451,0.136761,0.131770,0.154133,0.070373,0.478837,0.481341,0.374452,0.378273,0.196410,-0.017984,0.512730,0.460696,0.487829,0.541205,0.324076,0.339747,0.099256,0.183952,0.503253,0.212239,0.324885,0.104217,0.094194,0.092712,0.164569,0.113597,0.175254,0.092567,0.132032,-0.130509,0.164358,0.017358,0.232193,0.150403,0.508935,0.316405
0.220066,0.181633,0.770140,0.860222,0.666896,0.816355,0.714700,0.672011,0.730436,0.000000,0.585121,0.446412,0.642164,0.868882,0.851692,0.895789,0.223656,0.203580,0.383178,0.413462,0.168342,0.326784,0.539460,0.686933,0.398913,0.542723,0.686311,0.587348,0.296290,0.175348,0.312191,0.336676,0.284987,0.283443,0.298927,0.244309,0.141806,0.107289,0.132187,0.213187,0.143789,0.174823,0.432132,0.418653,0.414344,0.500245,0.157741,0.381406,0.304594,0.442270,0.492418,0.627775,0.332306,0.298972,0.223773,0.254271,0.252811,0.110331,0.450627,0.440374,0.511832,0.591453,0.197030,0.153063,0.559986,0.733790,0.597918,0.726548,0.328182,0.360803,-0.033901,-0.010788,0.464370,0.410852,0.418324,0.115407,0.327623,0.337057,0.109927,0.074819,0.151843,0.185760,0.314479,0.140106,0.353244,0.451865,0.314279,0.497055,0.481119,0.549239
0.456247,0.403779,0.451060,0.678692,0.247845,0.522216,0.885646,0.772623,0.453989,0.585121,0.000000,0.808901,0.934972,0.720848,0.521371,0.355029,0.615879,0.370356,0.510930,0.393247,-0.257967,-0.118348,0.375964,0.453997,-0.053758,-0.089124,0.189646,0.161681,0.274309,-0.131041,0.187250,0.297342,0.467682,0.423908,0.192072,0.141720,0.316285,0.138280,0.164597,0.164802,0.122538,-0.028490,0.502290,0.422897,0.354294,0.491223,0.346232,0.298457,0.380650,0.319309,0.279920,0.287004,0.351988,0.212289,0.365330,0.279116,0.511612,0.278806,0.438549,0.514312,0.606965,0.622692,0.771161,0.487643,0.443474,0.382037,0.621053,0.569925,0.354418,0.241326,0.112478,0.005604,0.752116,0.649330,0.548969,0.203084,0.483369,0.409503,-0.104646,-0.116568,-0.024068,0.058577,0.013780,-0.205288,0.317640,0.117946,0.401359,0.286926,0.426379,0.380548
0.472192,0.488826,0.254685,0.516056,0.205629,0.282443,0.613713,0.815313,0.326741,0.446412,0.808901,0.000000,0.716882,0.930959,0.313299,0.259754,0.462856,0.486660,0.465621,0.448186,-0.151816,-0.138187,0.186981,0.301796,-0.057011,0.007803,0.056393,0.053587,0.308126,0.100985,0.207384,0.292000,0.421381,0.374821,0.046926,0.035155,0.104289,0.147420,-0.154014,0.136230,0.309345,-0.011667,0.250401,0.417233,0.230217,0.460476,0.193530,0.224189,0.272016,0.265816,0.094683,0.283639,0.266363,0.204663,0.199968,0.210308,0.535022,0.411851,0.330016,0.581189,0.280857,0.611320,0.513469,0.825961,0.129388,0.200884,0.394231,0.410659,0.302018,0.203135,0.327239,0.230566,0.534329,0.719294,0.330247,0.349305,0.395544,0.313966,0.025921,-0.089101,-0.002669,0.230014,-0.126926,-0.281309,0.156698,0.157396,0.104192,0.181588,0.216253,0.243819
0.187059,0.260532,0.567110,0.617033,0.435936,0.322359,0.974114,0.720687,0.720734,0.642164,0.934972,0.716882,0.000000,0.937467,0.666735,0.455318,0.570093,0.277241,0.368180,0.339359,-0.000213,0.104829,0.523344,0.559332,0.343825,0.320021,0.254876,0.221046,0.507898,0.086337,0.566786,0.628835,0.196338,0.132379,0.071216,-0.036631,0.151379,-0.095748,-0.203823,-0.143128,0.246634,-0.091400,0.327182,0.357546,0.440026,0.479543,0.186700,0.152961,0.427394,0.394207,0.430010,0.403193,0.215007,0.206981,0.135960,0.050731,0.309716,0.159912,0.430966,0.484651,0.403933,0.434939,0.485925,0.228138,0.390107,0.286709,0.518774,0.426299,0.319844,0.204557,0.194448,0.123032,0.534000,0.353676,0.284859,0.303782,0.154142,0.036711,0.120272,-0.152533,0.057238,0.062415,-0.032253,-0.269277,0.270100,-0.013322,0.238024,0.124690,0.356338,0.216229
0.258078,0.224078,0.560161,0.667970,0.467925,0.444982,0.790543,0.917516,0.588609,0.868882,0.720848,0.930959,0.937467,0.000000,0.638058,0.676202,0.344777,0.247736,0.288146,0.334028,0.061224,0.124576,0.400591,0.551642,0.281025,0.369320,0.295852,0.273278,0.355622,0.175470,0.322023,0.421489,0.329126,0.273453,0.161840,0.144882,0.164625,0.024387,-0.014056,0.099557,0.193999,0.104293,0.403678,0.458785,0.436566,0.521992,0.203523,0.319879,0.416528,0.403247,0.482955,0.597330,0.324821,0.273428,0.180744,0.178981,0.335067,0.169562,0.528193,0.592625,0.605080,0.643979,0.428257,0.338486,0.474752,0.500228,0.642275,0.654628,0.314324,0.276839,0.125520,0.082435,0.466523,0.501823,0.277123,0.159256,0.298788,0.212860,0.103416,-0.065161,0.137296,0.180619,0.152548,-0.002954,0.360899,0.261695,0.177406,0.326926,0.317479,0.383685
0.187024,0.256949,0.897677,0.821125,0.784908,0.867075,0.780577,0.539309,0.930191,0.851692,0.521371,0.313299,0.666735,0.638058,0.000000,0.909527,0.371965,0.155649,0.562797,0.505203,0.217339,0.401401,0.625889,0.804389,0.550321,0.486526,0.621467,0.655707,0.535000,0.214911,0.260443,0.298191,0.214290,0.214533,0.427467,0.262499,0.157661,-0.067640,0.260422,0.142137,0.263201,0.172838,0.408514,0.399096,0.249048,0.368932,0.103268,0.323457,0.204852,0.376082,0.477932,0.607869,0.259886,0.271128,0.316750,0.276485,0.237884,0.070443,0.401737,0.476182,0.449506,0.493165,0.137579,0.012145,0.635896,0.603952,0.599033,0.724846,0.372690,0.429351,-0.018794,0.032317,0.651060,0.365030,0.488921,0.026459,0.351528,0.296385,0.250591,0.257396,0.379286,0.271306,0.463027,0.088106,0.469393,0.262003,0.458426,0.304303,0.841826,0.543555
0.185882,0.058676,0.693198,0.581158,0.597165,0.697429,0.433166,0.386316,0.649730,0.895789,0.355029,0.259754,0.455318,0.676202,0.909527,0.000000,0.205605,0.145641,0.282238,0.365916,0.334314,0.486551,0.398020,0.562188,0.375307,0.522149,0.737737,0.590455,0.462137,0.448717,0.220696,0.212579,0.090981,0.136034,0.258694,0.250676,0.020486,0.027259,0.225158,0.183205,0.094128,0.214483,0.369563,0.412195,0.238982,0.298105,0.057721,0.439015,0.162015,0.280296,0.365374,0.687068,0.274699,0.329185,0.190723,0.305735,0.154769,0.017996,0.299478,0.389935,0.321047,0.415600,0.029050,0.024865,0.352056,0.538643,0.394460,0.535340,0.250991,0.372878,-0.170914,-0.109627,0.315737,0.380177,0.408372,0.032702,0.330531,0.367580,0.301354,0.369285,0.417962,0.386900,0.587938,0.391875,0.322542,0.623199,0.252504,0.630050,0.543287,0.681091
0.330826,0.493965,0.251609,0.341352,0.262586,0.480178,0.361449,0.232197,0.326752,0.223656,0.615879,0.462856,0.570093,0.344777,0.371965,0.205605,0.000000,0.965465,0.572829,0.543116,0.122616,0.159008,0.171115,0.242006,0.061512,0.104744,0.063327,0.269502,1.104134,0.428799,0.146069,0.230093,0.114307,0.149594,0.167067,-0.051360,0.529202,0.292159,0.025534,0.173151,0.441395,-0.223773,0.475660,0.466020,0.422766,0.478688,0.546197,0.398395,0.371476,0.248198,0.302141,0.209024,0.338432,0.326423,0.655906,0.424774,0.490202,0.434774,0.122641,0.304016,0.139975,0.237785,0.619587,0.380140,0.233968,0.147440,0.429494,0.414622,0.431229,0.339495,-0.043618,-0.142885,0.611754,0.507367,0.469145,0.659546,0.238321,0.118849,0.642107,0.441777,0.552229,0.588233,-0.059490,-0.330795,0.423031,0.148193,0.275052,0.113426,0.471484,0.361683
0.336828,0.412360,0.067309,0.148740,0.083770,0.334024,0.111403,0.073218,0.075207,0.203580,0.370356,0.486660,0.277241,0.247736,0.155649,0.145641,0.965465,0.000000,0.361884,0.321378,0.235131,-0.000954,-0.018201,0.009279,-0.025269,0.054710,0.032512,0.147525,0.772857,0.635434,0.102105,0.083358,0.169641,0.230176,0.110640,-0.023512,0.657143,0.832397,0.068571,0.488414,0.414258,-0.016314,0.586996,0.655807,0.361068,0.374823,0.713614,0.712444,0.248468,0.059228,0.221575,0.217321,0.428659,0.460411,0.730048,0.649580,0.385719,0.423307,-0.115916,0.111883,0.001540,0.213081,0.322584,0.592773,0.028528,0.127282,0.231572,0.239929,0.270577,0.130009,-0.066605,-0.152413,0.334393,0.633912,0.273381,0.744063,0.283467,0.272834,0.597362,0.388642,0.427670,0.769003,-0.039925,-0.128175,0.480837,0.486297,0.019321,0.224196,0.411438,0.454943
0.847218,0.983360,0.490161,0.875528,0.411132,0.676781,0.584978,0.590335,0.457069,0.383178,0.510930,0.465621,0.368180,0.288146,0.562797,0.282238,0.572829,0.361884,0.000000,1.526535,0.049619,0.072593,0.239787,0.402734,0.030730,0.051880,0.194471,0.286987,0.427924,0.201529,-0.110899,-0.063622,0.433181,0.458384,0.155917,0.180717,0.079994,0.071568,0.165527,0.128188,0.190135,0.106044,0.403498,0.399395,0.180582,0.406335,0.207136,0.397468,0.153733,0.261703,0.090498,0.164414,0.420423,0.352281,0.419814,0.328290,0.920640,0.690012,0.370375,0.676726,0.277654,0.380192,0.367813,0.384299,0.151046,0.083245,0.542072,0.620407,0.858518,0.775833,0.050421,0.160313,0.831682,0.553148,0.632887,0.190043,0.529942,0.442213,0.162353,0.243431,0.410726,0.511716,0.252316,-0.020541,0.379292,0.174370,0.345500,0.208644,0.562852,0.415504
0.837023,0.959531,0.446729,0.830500,0.411109,0.636792,0.486092,0.585853,0.412899,0.413462,0.393247,0.448186,0.339359,0.334028,0.505203,0.365916,0.543116,0.321378,1.526535,0.000000,0.166287,0.123847,0.154878,0.324908,0.093909,0.163594,0.293167,0.393427,0.488168,0.311374,-0.152868,-0.088446,0.247764,0.297059,0.007760,0.134378,-0.009589,0.000592,0.083863,0.047291,0.114786,0.039084,0.355520,0.339430,0.211543,0.411614,0.125972,0.405778,0.171626,0.300008,0.098203,0.287897,0.403994,0.427237,0.328195,0.285788,0.943324,0.718042,0.326625,0.802504,0.166315,0.315405,0.284023,0.337907,0.095502,0.061609,0.533766,0.645632,0.974459,1.070517,-0.036023,0.085733,0.655520,0.463185,0.525997,0.202461,0.495418,0.414242,0.240688,0.260322,0.466421,0.519854,0.295989,0.078058,0.317181,0.228598,0.252729,0.291633,0.506167,0.418551
-0.007525,-0.015404,0.170156,0.052465,0.238235,0.125189,-0.081365,-0.166160,0.102238,0.168342,-0.257967,-0.151816,-0.000213,0.061224,0.217339,0.334314,0.122616,0.235131,0.049619,0.166287,0.000000,0.341996,0.023774,0.002644,0.440753,0.572324,0.326447,0.383569,0.514730,0.868779,0.145784,-0.055994,-0.281149,-0.219621,-0.109133,-0.077872,0.052800,0.149108,0.137126,0.009646,-0.120984,0.123941,0.241250,0.289133,0.192317,0.092899,0.014473,0.468303,0.067448,0.022703,0.229781,0.472087,0.064749,0.281436,0.067641,0.198313,0.001316,-0.028835,-0.160219,0.055922,-0.175766,-0.323092,-0.316423,-0.238045,0.029765,0.005750,0.041128,0.147781,0.158768,0.204132,-0.378101,-0.198701,-0.265045,-0.170795,-0.231560,0.156464,-0.181989,-0.121712,0.772639,0.336658,0.687374,0.433413,0.523082,0.568504,0.280599,0.393795,-0.257902,0.232059,0.142606,0.282175
-0.193047,-0.173064,0.200846,0.112787,0.427547,0.174399,0.012040,0.014043,0.306310,0.326784,-0.118348,-0.138187,0.104829,0.124576,0.401401,0.486551,0.159008,-0.000954,0.072593,0.123847,0.341996,0.000000,0.130356,0.255688,0.546299,0.662179,0.340226,0.370879,0.389479,0.395602,0.206187,0.198622,-0.275683,-0.267052,0.135190,-0.088487,-0.093822,-0.160221,0.032424,0.063745,0.167582,0.184594,0.029160,0.067592,0.081472,0.080674,0.000621,0.031502,-0.005448,0.069000,0.266577,0.232756,0.013723,-0.093957,0.085619,-0.014000,-0.145698,-0.093498,0.059461,0.049012,-0.026067,-0.025887,-0.037726,-0.214423,0.164157,0.166184,0.127997,0.153283,0.142123,0.234128,-0.136348,-0.024509,0.049916,-0.100706,0.337758,-0.028443,-0.089632,-0.167069,0.483945,0.613267,0.497394,0.335969,0.275979,0.148533,0.124336,0.243873,0.174461,0.090212,0.077349,0.112819
-0.147700,-0.009018,1.144036,0.722720,0.418382,0.423200,0.686354,0.329437,0.610370,0.539460,0.375964,0.186981,0.523344,0.400591,0.625889,0.398020,0.171115,-0.018201,0.239787,0.154878,0.023774,0.130356,0.000000,1.329877,0.436707,0.248553,0.437861,0.496867,0.177834,-0.090400,0.681792,0.758913,0.245495,0.176135,0.424968,0.169498,0.038101,-0.131309,0.014937,-0.013549,0.266961,-0.125239,0.087407,0.141386,0.273390,0.369465,-0.023207,-0.032215,0.183030,0.411453,0.243675,0.310000,-0.149576,-0.050868,0.039799,0.028143,-0.092159,-0.139785,0.524529,0.224208,0.372400,0.237085,0.079745,-0.184227,0.722309,0.600904,0.430446,0.424168,0.050812,0.100607,0.220050,0.135782,0.426238,0.136480,0.138515,0.083498,0.138327,0.093000,-0.017049,-0.023825,-0.045684,-0.070211,0.005735,-0.244040,0.073718,-0.074398,0.235941,-0.018874,0.350600,0.187549
-0.006365,0.120877,1.110680,0.996638,0.702592,0.621967,0.700885,0.505079,0.753583,0.686933,0.453997,0.301796,0.559332,0.551642,0.804389,0.562188,0.242006,0.009279,0.402734,0.324908,0.002644,0.255688,1.329877,0.000000,0.498225,0.420120,0.555358,0.621120,0.213807,-0.105077,0.546701,0.685092,0.339803,0.279365,0.577004,0.293833,0.024519,-0.131602,0.102257,0.030590,0.271011,0.016443,0.088778,0.110627,0.234518,0.375570,-0.003013,0.033706,0.165140,0.391403,0.323967,0.343319,0.043521,0.047719,0.190020,0.114715,0.043889,0.017934,0.546043,0.297750,0.478624,0.440131,0.182645,-0.064865,0.799346,0.793115,0.529074,0.577175,0.194096,0.265872,0.229454,0.132529,0.581070,0.268868,0.357266,0.113708,0.303026,0.230869,0.014507,0.093234,0.043224,0.080511,0.066369,-0.188022,0.172765,0.103126,0.377272,0.083571,0.519909,0.322544
-0.147938,-0.023546,0.391471,0.289704,0.519862,0.120656,0.235522,0.116799,0.462901,0.398913,-0.053758,-0.057011,0.343825,0.281025,0.550321,0.375307,0.061512,-0.025269,0.030730,0.093909,0.440753,0.546299,0.436707,0.498225,0.000000,1.171859,0.390183,0.482232,0.268011,0.194611,0.486708,0.463040,-0.003073,-0.047401,0.223499,0.190055,0.061513,-0.117333,-0.103983,-0.062372,0.248460,0.215776,0.157288,0.167813,0.264501,0.183018,0.115915,0.172862,0.120871,0.180991,0.546938,0.432470,0.127549,0.176108,0.119445,0.066153,-0.079982,-0.032907,0.107467,0.052175,0.116514,0.089791,-0.122721,-0.246607,0.415766,0.367568,0.294569,0.267166,0.188594,0.158168,0.092875,0.111653,0.108999,-0.151110,0.000035,0.117559,-0.040175,-0.149819,0.248475,0.047214,0.245611,0.160898,0.240203,0.076305,0.376509,0.154926,0.198910,0.056730,0.369022,0.205815
-0.039400,-0.023054,0.378788,0.305135,0.658777,0.232665,0.143465,0.158345,0.460323,0.542723,-0.089124,0.007803,0.320021,0.369320,0.486526,0.522149,0.104744,0.054710,0.051880,0.163594,0.572324,0.662179,0.248553,0.420120,1.171859,0.000000,0.440559,0.507627,0.363105,0.334120,0.430729,0.381926,-0.068536,-0.099767,0.263613,0.161051,0.009665,-0.050600,-0.060544,-0.064295,0.141241,0.218906,0.188753,0.187913,0.370179,0.303372,0.123375,0.268213,0.221451,0.287804,0.645380,0.558248,0.215578,0.233499,0.163970,0.072342,-0.000522,0.040931,0.113238,0.089349,0.134236,0.154681,-0.093685,-0.167545,0.392322,0.435310,0.361568,0.357468,0.249323,0.272800,-0.046530,0.006996,0.066164,-0.040634,0.088404,0.208879,-0.098948,-0.147843,0.405873,0.192137,0.315150,0.258100,0.243868,0.149862,0.346434,0.333546,0.142617,0.146148,0.336005,0.223712
-0.004811,-0.021005,0.617845,0.441751,0.736840,0.653785,0.301206,0.160313,0.561494,0.686311,0.189646,0.056393,0.254876,0.295852,0.621467,0.737737,0.063327,0.032512,0.194471,0.293167,0.326447,0.340226,0.437861,0.555358,0.390183,0.440559,0.000000,0.971059,0.204193,0.159341,0.207315,0.176639,-0.079841,-0.049845,0.300567,0.291418,-0.102209,-0.029260,0.184435,0.006980,-0.099345,-0.028797,0.117747,0.083615,0.135174,0.213415,-0.168213,0.206598,-0.002729,0.193642,0.191372,0.470025,0.060244,0.161707,0.031051,0.136248,-0.029756,-0.059788,0.279284,0.205414,0.119217,0.159058,-0.190231,-0.178481,0.416221,0.606710,0.262796,0.462281,0.105502,0.299066,-0.140556,-0.044750,0.145082,0.044017,0.196708,-0.027284,0.216242,0.317774,0.192205,0.252341,0.155300,0.130769,0.300562,0.230181,0.026620,0.457511,0.082831,0.389464,0.397731,0.440336
0.070851,0.159797,0.681422,0.480718,0.727320,0.745508,0.302107,0.128790,0.601028,0.587348,0.161681,0.053587,0.221046,0.273278,0.655707,0.590455,0.269502,0.147525,0.286987,0.393427,0.383569,0.370879,0.496867,0.621120,0.482232,0.507627,0.971059,0.000000,0.325069,0.182030,0.192851,0.263276,-0.052191,-0.046562,0.374388,0.352065,0.016537,-0.047840,0.077400,0.018752,0.164055,-0.037430,0.200209,0.156327,0.311772,0.412769,-0.003144,0.247404,0.209805,0.395551,0.347962,0.576517,0.100151,0.253227,0.202591,0.278814,0.057721,0.063125,0.235218,0.180646,0.135076,0.129441,-0.033658,-0.124712,0.546374,0.634610,0.408286,0.576381,0.215881,0.409129,-0.043777,0.027005,0.290213,0.097180,0.182004,0.197546,0.239947,0.242379,0.321699,0.328486,0.294511,0.298080,0.204455,0.037905,0.131240,0.333735,0.193562,0.261760,0.551539,0.471602
0.161225,0.266113,0.342571,0.326182,0.388237,0.442461,0.301769,0.138760,0.416073,0.296290,0.274309,0.308126,0.507898,0.355622,0.535000,0.462137,1.104134,0.772857,0.427924,0.488168,0.514730,0.389479,0.177834,0.213807,0.268011,0.363105,0.204193,0.325069,0.000000,0.961952,0.219476,0.191078,-0.076188,-0.001015,0.032241,-0.165040,0.434095,0.251950,0.025681,0.142437,0.434562,-0.124646,0.447765,0.508831,0.366317,0.353039,0.366438,0.454750,0.276848,0.182008,0.314677,0.328384,0.212628,0.299114,0.490235,0.314232,0.250828,0.191866,0.039388,0.304492,-0.021583,0.073573,0.180926,0.107964,0.096579,0.073547,0.282858,0.304276,0.322239,0.314724,-0.174126,-0.199510,0.345420,0.320503,0.276514,0.521996,0.083440,-0.035631,1.160622,0.674561,0.902156,0.674906,0.220751,-0.046512,0.457277,0.233587,0.081923,0.122138,0.434552,0.353149
0.125278,0.121875,0.107641,0.051358,0.140499,0.202234,-0.056079,-0.066899,0.092094,0.175348,-0.131041,0.100985,0.086337,0.175470,0.214911,0.448717,0.428799,0.635434,0.201529,0.311374,0.868779,0.395602,-0.090400,-0.105077,0.194611,0.334120,0.159341,0.182030,0.961952,0.000000,0.035162,-0.112147,-0.148747,-0.032091,-0.173623,-0.201599,0.219569,0.366412,0.036713,0.250160,0.213489,0.072084,0.343557,0.488388,0.166324,0.103227,0.239658,0.542071,0.032700,-0.055192,0.123745,0.295512,0.190097,0.321497,0.246171,0.317513,0.159549,0.157705,-0.145836,0.160053,-0.234721,-0.132361,-0.152312,0.069747,-0.229211,-0.131965,0.005051,0.092466,0.191620,0.195585,-0.302484,-0.201646,-0.042232,0.171348,0.057498,0.286761,0.036313,0.023775,1.126925,0.704877,1.018716,0.894812,0.447090,0.389083,0.353476,0.495793,-0.245100,0.275104,0.160089,0.342813
-0.271830,-0.116249,0.436577,0.220119,0.276974,-0.031437,0.297120,0.116775,0.457167,0.312191,0.187250,0.207384,0.566786,0.322023,0.260443,0.220696,0.146069,0.102105,-0.110899,-0.152868,0.145784,0.206187,0.681792,0.546701,0.486708,0.430729,0.207315,0.192851,0.219476,0.035162,0.000000,1.465040,-0.025037,-0.064935,0.127173,-0.158882,-0.039298,-0.086744,-0.214720,-0.150649,0.173942,0.011191,-0.047594,0.057259,0.309052,0.283620,-0.016986,-0.096746,0.208125,0.316626,0.305896,0.301979,-0.127566,-0.059530,-0.097280,-0.106957,-0.168877,-0.047227,0.091738,-0.004233,0.066333,0.040227,0.130134,-0.038405,0.387057,0.343451,0.142885,0.048597,-0.030599,-0.077651,0.284091,0.176947,0.096069,0.045235,-0.064124,0.318209,-0.280548,-0.266128,0.067959,-0.162456,-0.156364,-0.077866,-0.253324,-0.279040,-0.038051,-0.102686,-0.005646,-0.112108,0.047416,-0.049910
-0.211755,-0.022136,0.461114,0.302843,0.278841,0.003808,0.376261,0.250843,0.453500,0.336676,0.297342,0.292000,0.628835,0.421489,0.298191,0.212579,0.230093,0.083358,-0.063622,-0.088446,-0.055994,0.198622,0.758913,0.685092,0.463040,0.381926,0.176639,0.263276,0.191078,-0.112147,1.465040,0.000000,0.070196,0.006323,0.184423,-0.091860,0.019714,-0.153639,-0.307408,-0.181847,0.355118,-0.005542,-0.058482,0.025594,0.389863,0.390854,0.042908,-0.144697,0.342324,0.435186,0.379807,0.297526,-0.080665,-0.044447,-0.027296,-0.116073,-0.089021,0.018301,0.202888,0.067391,0.204720,0.206517,0.313265,0.065859,0.532493,0.440369,0.280320,0.156965,0.042353,-0.007699,0.437565,0.225515,0.279905,0.123164,0.030510,0.323160,-0.156956,-0.228491,-0.012034,-0.200874,-0.201623,-0.104218,-0.318709,-0.448151,0.018372,-0.164987,0.131750,-0.146265,0.121575,-0.071491
0.466593,0.465227,0.319507,0.506909,0.112307,0.236003,0.473726,0.501958,0.150542,0.284987,0.467682,0.421381,0.196338,0.329126,0.214290,0.090981,0.114307,0.169641,0.433181,0.247764,-0.281149,-0.275683,0.245495,0.339803,-0.003073,-0.068536,-0.079841,-0.052191,-0.076188,-0.148747,-0.025037,0.070196,0.000000,1.653649,0.336647,0.361255,0.318050,0.297724,0.133364,0.365869,0.395715,0.290787,0.384846,0.425164,0.154709,0.272420,0.369027,0.291114,0.139808,0.198959,0.160536,0.039943,0.292051,0.200407,0.382227,0.314289,0.466766,0.329634,0.369119,0.245996,0.585140,0.673177,0.363258,0.434068,0.226462,0.300154,0.406257,0.453167,0.252772,0.081033,0.454030,0.266734,0.647716,0.516182,0.302477,0.097713,0.568440,0.423337,-0.311158,-0.152918,-0.035127,0.201079,0.168181,-0.030721,0.444920,0.101875,0.342781,0.194276,0.383838,0.251016
0.480736,0.486279,0.293898,0.528352,0.111318,0.284865,0.411146,0.508157,0.153700,0.283443,0.423908,0.374821,0.132379,0.273453,0.214533,0.136034,0.149594,0.230176,0.458384,0.297059,-0.219621,-0.267052,0.176135,0.279365,-0.047401,-0.099767,-0.049845,-0.046562,-0.001015,-0.032091,-0.064935,0.006323,1.653649,0.000000,0.287219,0.343065,0.344594,0.367631,0.255395,0.384023,0.313619,0.352179,0.427260,0.449950,0.137793,0.264602,0.360492,0.375587,0.094407,0.162984,0.106588,0.005603,0.321344,0.248766,0.389361,0.364002,0.478058,0.359169,0.294913,0.260297,0.477019,0.645044,0.303405,0.435809,0.157590,0.254684,0.330508,0.452373,0.245338,0.129639,0.324963,0.189502,0.564926,0.506006,0.333018,0.068268,0.568837,0.490381,-0.244027,-0.075807,0.051387,0.264784,0.261824,0.087268,0.480549,0.199408,0.295697,0.285554,0.382875,0.288629
-0.006482,-0.000049,0.436884,0.283022,0.374699,0.486791,0.237068,0.055145,0.261107,0.298927,0.192072,0.046926,0.071216,0.161840,0.427467,0.258694,0.167067,0.110640,0.155917,0.007760,-0.109133,0.135190,0.424968,0.577004,0.223499,0.263613,0.300567,0.374388,0.032241,-0.173623,0.127173,0.184423,0.336647,0.287219,0.000000,0.639198,0.306498,0.198492,0.459475,0.432536,0.222967,0.037428,0.221429,0.159928,0.115553,0.250530,0.277124,0.186820,0.046282,0.214743,0.331311,0.184815,0.214806,0.068872,0.485471,0.412510,-0.052115,-0.031903,0.300881,-0.018464,0.397593,0.460445,0.060147,0.003206,0.599439,0.784075,0.443985,0.520509,-0.031668,0.071714,0.058197,-0.000182,0.380177,0.359063,0.384069,0.139468,0.352228,0.421240,-0.012956,0.237423,-0.033482,0.100499,-0.035444,-0.173260,0.171158,0.260590,0.406627,0.082907,0.531668,0.346954
0.226708,0.148608,0.255560,0.266317,0.211356,0.385248,0.200612,0.150245,0.145299,0.244309,0.141720,0.035155,-0.036631,0.144882,0.262499,0.250676,-0.051360,-0.023512,0.180717,0.134378,-0.077872,-0.088487,0.169498,0.293833,0.190055,0.161051,0.291418,0.352065,-0.165040,-0.201599,-0.158882,-0.091860,0.361255,0.343065,0.639198,0.000000,0.190409,0.176034,0.277390,0.276189,0.057765,0.138508,0.270552,0.217381,0.076169,0.183836,0.205447,0.336541,0.031337,0.157198,0.136878,0.235727,0.202359,0.286100,0.308203,0.450982,0.121489,0.043761,0.248903,0.089158,0.330001,0.456433,-0.004339,0.062303,0.364020,0.517246,0.345115,0.512449,0.047614,0.116218,0.038211,0.049665,0.315685,0.244232,0.208591,0.065638,0.539755,0.598073,-0.235212,-0.043860,-0.105336,0.063229,0.148197,0.072131,0.233667,0.376480,0.393664,0.339027,0.536814,0.495781
0.060882,0.132959,0.081207,0.067971,0.058679,0.265097,0.167779,0.004565,0.017291,0.141806,0.316285,0.104289,0.151379,0.164625,0.157661,0.020486,0.529202,0.657143,0.079994,-0.009589,0.052800,-0.093822,0.038101,0.024519,0.061513,0.009665,-0.102209,0.016537,0.434095,0.219569,-0.039298,0.019714,0.318050,0.344594,0.306498,0.190409,0.000000,0.911248,0.349027,0.628593,0.429269,0.072586,0.759863,0.543348,0.308346,0.227410,0.961000,0.600292,0.304080,0.116495,0.379428,0.112185,0.362395,0.290514,0.928093,0.644740,0.103693,0.114063,0.012442,0.018711,0.259260,0.322876,0.283489,0.285346,0.201027,0.280611,0.330484,0.311973,0.075642,-0.062207,-0.019386,-0.284896,0.360196,0.389446,0.206193,0.372530,0.349210,0.244159,0.241212,0.132161,0.196443,0.246211,0.071163,-0.094729,0.626953,0.214565,0.328228,0.259205,0.402044,0.403218
0.192295,0.152751,-0.061858,-0.036222,-0.073769,0.170108,-0.095462,-0.149395,-0.185319,0.107289,0.138280,0.147420,-0.095748,0.024387,-0.067640,0.027259,0.292159,0.832397,0.071568,0.000592,0.149108,-0.160221,-0.131309,-0.131602,-0.117333,-0.050600,-0.029260,-0.047840,0.251950,0.366412,-0.086744,-0.153639,0.297724,0.367631,0.198492,0.176034,0.911248,0.000000,0.319821,0.903830,0.271885,0.124480,0.613674,0.559241,0.140447,0.097534,0.797438,0.768849,0.046741,-0.087942,0.082757,0.069286,0.384111,0.400227,0.820239,0.827626,0.120050,0.187535,-0.251948,-0.141354,-0.026875,0.206313,0.039503,0.441822,-0.089104,0.181798,0.021241,0.095351,-0.039019,-0.146605,-0.027248,-0.157750,0.161103,0.561839,0.196434,0.530726,0.402419,0.485777,0.224570,0.181988,0.085297,0.400842,0.028640,0.062440,0.401858,0.593367,0.031764,0.417982,0.254306,0.518938
0.164320,0.038542,0.194605,0.182232,0.158635,0.443035,0.077038,0.020751,0.049025,0.132187,0.164597,-0.154014,-0.203823,-0.014056,0.260422,0.225158,0.025534,0.068571,0.165527,0.083863,0.137126,0.032424,0.014937,0.102257,-0.103983,-0.060544,0.184435,0.077400,0.025681,0.036713,-0.214720,-0.307408,0.133364,0.255395,0.459475,0.277390,0.349027,0.319821,0.000000,0.624846,-0.397309,0.408508,0.403234,0.166632,-0.053084,0.022797,0.240867,0.430646,-0.084231,-0.003850,0.152370,0.118436,0.350401,0.152664,0.460624,0.464420,0.132276,0.050473,0.139314,0.168223,0.308730,0.160911,0.052551,-0.027356,0.232313,0.293606,0.240266,0.365669,0.145978,0.239170,-0.464404,-0.376875,0.082350,0.206505,0.313405,-0.259424,0.245275,0.436864,-0.024498,0.260181,0.178952,0.092416,0.491802,0.526879,0.307245,0.384821,0.259353,0.394994,0.327061,0.446396
0.198900,0.151664,0.043673,0.072123,0.011476,0.314951,-0.017883,-0.066631,-0.066071,0.213187,0.164802,0.136230,-0.143128,0.099557,0.142137,0.183205,0.173151,0.488414,0.128188,0.047291,0.009646,0.063745,-0.013549,0.030590,-0.062372,-0.064295,0.006980,0.018752,0.142437,0.250160,-0.150649,-0.181847,0.365869,0.384023,0.432536,0.276189,0.628593,0.903830,0.624846,0.000000,0.284579,0.323603,0.496181,0.453269,-0.011039,0.043017,0.634004,0.594990,-0.035759,-0.042132,0.150766,0.149700,0.498401,0.352179,0.814539,0.959105,0.130174,0.151490,-0.037674,0.036317,0.159230,0.328683,0.066081,0.341100,0.000805,0.274191,0.140933,0.220350,0.030039,-0.005928,-0.066517,-0.141611,0.241614,0.607871,0.389586,0.218594,0.563303,0.643357,0.094663,0.370283,0.149317,0.425635,0.210841,0.173005,0.395156,0.565825,0.265037,0.457970,0.388385,0.688883
0.009116,0.238943,0.174092,0.162558,0.184066,0.109039,0.172603,0.068632,0.199169,0.143789,0.122538,0.309345,0.246634,0.193999,0.263201,0.094128,0.441395,0.414258,0.190135,0.114786,-0.120984,0.167582,0.266961,0.271011,0.248460,0.141241,-0.099345,0.164055,0.434562,0.213489,0.173942,0.355118,0.395715,0.313619,0.222967,0.057765,0.429269,0.271885,-0.397309,0.284579,0.000000,-0.021353,0.215216,0.389670,0.204650,0.238680,0.413946,0.117278,0.220702,0.212400,0.184943,0.080789,0.078121,0.128893,0.424351,0.259948,0.035347,0.109943,0.010883,0.010345,0.033053,0.329032,0.151737,0.279507,0.062147,0.153025,0.148297,0.122457,0.010131,-0.106073,0.554976,0.275292,0.536365,0.346734,0.231961,0.495709,0.309808,0.054123,0.270721,0.238681,0.182101,0.404711,-0.134559,-0.496031,0.264969,-0.057377,0.245143,-0.087590,0.323682,0.141355
0.271358,0.193423,0.033718,0.140132,0.122357,0.010304,0.041603,0.193195,0.094974,0.174823,-0.028490,-0.011667,-0.091400,0.104293,0.172838,0.214483,-0.223773,-0.016314,0.106044,0.039084,0.123941,0.184594,-0.125239,0.016443,0.215776,0.218906,-0.028797,-0.037430,-0.124646,0.072084,0.011191,-0.005542,0.290787,0.352179,0.037428,0.138508,0.072586,0.124480,0.408508,0.323603,-0.021353,0.000000,0.255875,0.263350,-0.037904,0.019373,0.157580,0.398892,-0.019015,0.011075,0.198246,0.206936,0.365704,0.248413,0.145874,0.216400,0.239416,0.244047,-0.012382,0.190228,0.228974,0.195650,0.056172,0.190526,0.007513,0.059786,0.117111,0.169059,0.292101,0.194258,-0.083816,-0.053532,0.058790,0.100259,0.124109,-0.187668,0.084391,0.186320,-0.152554,-0.042971,0.085498,0.227844,0.532713,0.605267,0.377223,0.276557,0.209940,0.337288,0.219446,0.244332
0.464318,0.398704,0.329753,0.353811,0.287739,0.491946,0.418079,0.303510,0.221964,0.432132,0.502290,0.250401,0.327182,0.403678,0.408514,0.369563,0.475660,0.586996,0.403498,0.355520,0.241250,0.029160,0.087407,0.088778,0.157288,0.188753,0.117747,0.200209,0.447765,0.343557,-0.047594,-0.058482,0.384846,0.427260,0.221429,0.270552,0.759863,0.613674,0.403234,0.496181,0.215216,0.255875,0.000000,1.347527,0.729660,0.668327,1.072359,1.180119,0.610412,0.412800,0.678500,0.527419,0.641452,0.566775,0.795612,0.674051,0.475253,0.317553,0.219611,0.389970,0.461406,0.456532,0.373796,0.355976,0.302802,0.304542,0.748778,0.701754,0.391751,0.300528,-0.130642,-0.117337,0.463171,0.481293,0.412360,0.287222,0.444554,0.374521,0.183726,0.097005,0.348830,0.452551,0.375355,0.188655,0.836242,0.453360,0.282601,0.489145,0.503387,0.573061
0.423231,0.391339,0.333711,0.319301,0.247257,0.373744,0.410302,0.300928,0.247031,0.418653,0.422897,0.417233,0.357546,0.458785,0.399096,0.412195,0.466020,0.655807,0.399395,0.339430,0.289133,0.067592,0.141386,0.110627,0.167813,0.187913,0.083615,0.156327,0.508831,0.488388,0.057259,0.025594,0.425164,0.449950,0.159928,0.217381,0.543348,0.559241,0.166632,0.453269,0.389670,0.263350,1.347527,0.000000,0.655983,0.708654,0.781017,1.040552,0.547381,0.459763,0.511254,0.606706,0.468235,0.502562,0.565725,0.618442,0.433101,0.303413,0.109925,0.388262,0.257996,0.436193,0.274251,0.458281,0.177496,0.239502,0.580554,0.581693,0.347144,0.239294,0.025839,0.041607,0.428383,0.502763,0.346653,0.363050,0.383854,0.344742,0.280369,0.155216,0.386406,0.614427,0.338982,0.133178,0.663290,0.462339,0.146135,0.403714,0.438787,0.543222
0.223647,0.257639,0.361648,0.348059,0.366322,0.291262,0.304721,0.333315,0.304147,0.414344,0.354294,0.230217,0.440026,0.436566,0.249048,0.238982,0.422766,0.361068,0.180582,0.211543,0.192317,0.081472,0.273390,0.234518,0.264501,0.370179,0.135174,0.311772,0.366317,0.166324,0.309052,0.389863,0.154709,0.137793,0.115553,0.076169,0.308346,0.140447,-0.053084,-0.011039,0.204650,-0.037904,0.729660,0.655983,0.000000,1.416379,0.619147,0.474614,1.447401,0.974887,0.997701,0.629256,0.324483,0.311734,0.322404,0.180353,0.305723,0.272842,0.329245,0.377341,0.448322,0.304260,0.520104,0.183736,0.493988,0.353159,0.881058,0.634590,0.350426,0.315033,0.125789,0.096960,0.311476,0.195535,0.190559,0.258093,0.075049,-0.071618,0.127088,-0.066374,0.214823,0.199113,0.032156,-0.105292,0.475086,0.163198,0.182088,0.130374,0.247415,0.108451
0.394357,0.459181,0.523591,0.530932,0.462612,0.445103,0.490478,0.508725,0.391595,0.500245,0.491223,0.460476,0.479543,0.521992,0.368932,0.298105,0.478688,0.374823,0.406335,0.411614,0.092899,0.080674,0.369465,0.375570,0.183018,0.303372,0.213415,0.412769,0.353039,0.103227,0.283620,0.390854,0.272420,0.264602,0.250530,0.183836,0.227410,0.097534,0.022797,0.043017,0.238680,0.019373,0.668327,0.708654,1.416379,0.000000,0.520583,0.483058,1.169583,1.285973,0.763996,0.672731,0.361083,0.324929,0.341963,0.250230,0.471932,0.449998,0.412985,0.596299,0.456134,0.500165,0.587277,0.373493,0.511893,0.456535,1.032235,0.880573,0.480012,0.480913,0.206565,0.160945,0.487497,0.370976,0.332272,0.254313,0.204638,0.103035,0.061762,-0.015210,0.178101,0.258247,0.031014,-0.163442,0.402063,0.204226,0.306324,0.181265,0.353322,0.228637
0.351607,0.382199,0.066572,0.105331,0.065862,0.225435,0.152719,0.094609,-0.042830,0.157741,0.346232,0.193530,0.186700,0.203523,0.103268,0.057721,0.546197,0.713614,0.207136,0.125972,0.014473,0.000621,-0.023207,-0.003013,0.115915,0.123375,-0.168213,-0.003144,0.366438,0.239658,-0.016986,0.042908,0.369027,0.360492,0.277124,0.205447,0.961000,0.797438,0.240867,0.634004,0.413946,0.157580,1.072359,0.781017,0.619147,0.520583,0.000000,0.841339,0.545822,0.256734,0.609369,0.211642,0.742896,0.500598,1.158179,0.758344,0.386235,0.434179,0.052970,0.128840,0.320739,0.405091,0.481124,0.497800,0.141291,0.191633,0.507962,0.369098,0.249664,0.091549,0.044241,-0.078772,0.443459,0.515149,0.390606,0.463837,0.393343,0.234219,0.142203,0.097528,0.215227,0.431127,0.030965,-0.094104,0.795638,0.360793,0.354674,0.282823,0.419977,0.450036
0.589913,0.477972,0.257782,0.326100,0.230404,0.477861,0.200789,0.190468,0.147652,0.381406,0.298457,0.224189,0.152961,0.319879,0.323457,0.439015,0.398395,0.712444,0.397468,0.405778,0.468303,0.031502,-0.032215,0.033706,0.172862,0.268213,0.206598,0.247404,0.454750,0.542071,-0.096746,-0.144697,0.291114,0.375587,0.186820,0.336541,0.600292,0.768849,0.430646,0.594990,0.117278,0.398892,1.180119,1.040552,0.474614,0.483058,0.841339,0.000000,0.360405,0.223845,0.482756,0.555666,0.744549,0.899329,0.810887,0.941370,0.540495,0.454612,-0.012272,0.312905,0.228515,0.328504,0.154624,0.395731,0.099529,0.243422,0.493784,0.564146,0.469989,0.381583,-0.217958,-0.178594,0.325860,0.561117,0.316226,0.330982,0.450984,0.500901,0.315117,0.205274,0.480334,0.662534,0.498017,0.413267,0.888334,0.841103,0.169971,0.619351,0.645798,0.876664
