0.000000,0.704310,0.497962,0.412070,0.326246,0.071736,0.720982,0.565794,0.399412,0.176868,0.483858,0.376382,0.519827,0.483054,0.347947,0.286824,0.253949,0.415719,0.545106,0.606331,-0.010310,0.118597,0.166997,0.183046,-0.102010,-0.114333,0.227300,0.176360,0.197231,0.320485,0.138741,0.357470,0.496980,0.616058,-0.045088,0.134736,0.098386,0.136123,0.174193,-0.000749,0.369788,0.021962,0.309668,0.365633,0.344174,0.468713,0.341885,0.359170,0.466952,0.309020,0.494899,0.361037,0.033510,0.058281,0.011004,0.072759,0.809358,0.733224,0.540059,0.439573,1.075250,0.667730,0.496276,0.480662,0.544773,0.464491,0.537934,0.597173,0.307271,0.454292,-0.201438,-0.138398,0.232468,0.299983,0.277336,0.500090,0.310566,0.370578,0.193148,0.247702,0.283867,0.348994,0.060111,0.098913,0.070003,0.379668,-0.058345,0.009980,0.256829,0.216906
0.704310,0.000000,0.477794,1.006751,0.355909,0.177376,0.699845,0.826866,0.429060,0.311957,0.235870,0.357611,0.347143,0.329681,0.396207,0.369180,0.167703,0.421959,0.540945,0.849464,0.068666,0.235005,0.271190,0.365574,0.079201,0.033104,0.200384,0.212241,0.040710,0.158916,0.235454,0.394927,0.708448,0.920853,-0.012397,0.107908,0.114069,0.259310,0.179670,0.130718,0.251554,0.248963,0.162709,0.204331,0.237826,0.546361,0.235152,0.295051,0.357126,0.466934,0.230299,0.451117,0.299399,0.284717,0.310498,0.142052,0.831593,1.129378,0.622992,0.674706,0.808786,0.923825,0.386803,0.804934,0.377959,0.616982,0.636177,0.785579,0.723023,0.757052,-0.008559,0.046441,0.235991,0.375048,0.344306,0.504002,0.135089,0.224732,0.215404,0.126569,0.236169,0.377967,0.111314,0.250033,0.199197,0.593064,0.189575,0.209017,0.566491,0.408590
0.497962,0.477794,0.000000,0.548628,0.150899,-0.103034,0.674257,0.319876,0.035477,-0.154791,0.242695,-0.025848,0.234644,0.041140,0.002625,-0.101902,-0.103205,0.067023,0.685355,0.515146,0.027766,0.066768,0.717993,0.672766,0.359445,0.149439,0.096211,0.133781,-0.098219,-0.001820,0.430935,0.510024,0.470350,0.461998,0.241006,0.114149,0.216123,0.265182,0.222055,-0.021135,0.242060,0.080203,0.122360,0.023037,0.136023,0.145636,0.083306,0.041364,0.097534,0.172641,0.142065,0.228774,0.237310,0.195168,0.245089,0.016279,0.541470,0.675737,0.225566,0.180985,0.317025,0.197527,0.082098,0.273967,0.202753,0.184434,0.540093,0.408876,0.355035,0.411615,0.143790,0.216404,0.130754,0.186843,0.218859,0.234253,0.137838,0.200787,-0.067379,0.183366,0.039942,0.188673,-0.017690,-0.025006,0.166150,0.194352,0.219464,0.033694,0.311188,0.241144
0.412070,1.006751,0.548628,0.000000,0.234912,0.107173,0.821470,0.980695,0.308175,0.416941,0.176543,0.291656,0.241241,0.257104,0.245347,0.372667,0.151091,0.363645,0.482868,0.873187,0.077009,0.195543,0.546214,0.725472,0.313647,0.181874,0.095802,0.115933,-0.028605,0.179742,0.401417,0.614423,0.679092,0.834568,0.134258,0.010607,0.189241,0.350702,0.221016,0.284952,0.180342,0.332805,0.161748,0.174873,0.245206,0.518420,0.172427,0.274327,0.241190,0.394451,0.175779,0.466147,0.405963,0.459782,0.308713,0.074034,0.598812,0.739655,0.325035,0.454138,0.493219,0.639097,0.245478,0.671355,0.337980,0.650258,0.534432,0.764686,0.571949,0.718753,0.095181,0.137170,0.224102,0.343492,0.299246,0.427851,0.087336,0.195825,0.230045,0.229905,0.237124,0.497465,-0.058301,0.262990,0.314786,0.757468,0.278250,0.091588,0.454080,0.407286
0.326246,0.355909,0.150899,0.234912,0.000000,0.418955,0.086343,0.150222,0.567064,0.240913,0.102703,-0.106675,0.105918,0.033812,0.760960,0.462782,0.084443,0.187844,0.074618,0.043919,0.162307,0.276283,0.117860,0.091250,0.221577,0.130207,0.789513,0.586736,-0.017462,-0.007797,0.069943,0.222855,-0.027760,0.050197,0.189282,0.136389,0.068265,0.003390,0.162543,0.122528,-0.017812,0.090008,0.386638,0.406527,0.162544,0.344398,0.525854,0.534305,0.267765,0.356710,0.258938,0.264508,0.272787,0.317020,0.303839,0.452536,0.590909,0.304560,0.348261,0.484393,0.298144,0.242576,0.306583,0.215074,0.215138,0.341454,0.201646,0.312296,0.279319,0.330312,-0.117099,-0.040910,0.244293,0.185654,0.355697,0.287221,0.128294,0.047332,0.049164,-0.158853,0.218645,0.328051,0.471918,0.373625,0.401363,0.334391,-0.036722,0.292278,0.361298,0.442536
0.071736,0.177376,-0.103034,0.107173,0.418955,0.000000,-0.148520,-0.107478,0.586519,0.618838,-0.176632,-0.084595,0.061223,-0.110323,0.252538,0.334775,-0.136909,0.085550,-0.107107,-0.125494,-0.047562,-0.014799,-0.315806,-0.198751,-0.169112,0.634493,0.057109,0.260850,-0.126477,-0.076765,-0.193206,-0.060709,-0.110859,-0.030656,-0.060605,0.196819,-0.086201,-0.277587,-0.099575,-0.105131,-0.196397,-0.249054,0.000399,0.125135,-0.068531,0.134180,0.160629,0.184489,0.059495,0.063518,0.040567,0.080651,0.059535,-0.008286,0.186908,-0.010815,0.268610,0.009820,0.278393,0.375468,0.070342,0.119924,0.034802,0.114032,-0.005931,0.147979,-0.047617,0.038277,0.163882,0.157204,-0.170613,-0.121086,-0.078742,-0.141330,-0.178564,0.023985,0.072030,0.029442,-0.238354,-0.232903,-0.186538,-0.041515,0.208861,0.040816,-0.007238,0.012586,-0.127767,0.093464,0.158509,0.158594
0.720982,0.699845,0.674257,0.821470,0.086343,-0.148520,0.000000,0.941839,0.240027,0.233594,0.447985,0.510985,0.454791,0.543190,0.215090,0.227642,0.327693,0.520571,0.608273,0.846369,0.056246,0.194805,0.571611,0.635615,0.240345,0.062350,0.046192,0.024273,0.193647,0.388276,0.535185,0.716535,0.785549,0.860510,0.111080,0.024247,0.221797,0.381893,0.247223,0.222872,0.397791,0.350321,0.230967,0.190363,0.339653,0.505876,0.172801,0.202033,0.337636,0.314382,0.265041,0.430485,0.207377,0.240598,0.151724,-0.023816,0.565308,0.790540,0.353759,0.273817,0.891535,0.552484,0.532356,0.719460,0.583512,0.450274,0.716080,0.795482,0.233469,0.494766,0.048470,0.051573,0.192097,0.466193,0.332893,0.371383,0.253889,0.411242,0.341657,0.481702,0.401480,0.565479,-0.138900,0.188826,0.222705,0.624750,0.183007,-0.028257,0.280314,0.213549
0.565794,0.826866,0.319876,0.980695,0.150222,-0.107478,0.941839,0.000000,0.268656,0.366418,0.296101,0.757663,0.360774,0.753548,0.240458,0.287083,0.350646,0.454261,0.350666,0.863890,0.061901,0.283274,0.357088,0.414523,0.208803,-0.152831,0.162715,0.083027,0.193304,0.341677,0.223517,0.385832,0.793269,0.899050,-0.002720,-0.030600,0.141750,0.306086,0.225196,0.309601,0.244229,0.379607,0.278584,0.256542,0.368994,0.677331,0.231710,0.334354,0.392990,0.466294,0.357155,0.472804,0.358829,0.311077,0.148280,-0.033088,0.441492,0.679902,0.281402,0.381664,0.749388,0.770452,0.372665,0.712379,0.523270,0.728761,0.484017,0.984257,0.304774,0.588223,-0.062081,-0.064469,0.188472,0.430814,0.349895,0.471898,0.213498,0.372387,0.415020,0.253717,0.402338,0.386198,-0.148342,0.149703,0.191608,0.757884,0.115481,-0.083719,0.250705,0.152076
0.399412,0.429060,0.035477,0.308175,0.567064,0.586519,0.240027,0.268656,0.000000,0.783606,0.037318,0.164426,0.377925,0.241209,0.642894,0.530870,0.164319,0.296440,0.087078,0.207387,-0.148315,0.338063,0.063965,0.129568,0.094606,0.347092,0.262275,0.549662,-0.064996,0.067738,0.048359,0.166381,0.015519,0.213543,-0.180005,-0.028390,-0.090615,0.043416,-0.025488,0.208485,0.189550,0.135418,0.051397,0.180869,0.081418,0.342218,0.177664,0.217866,0.168882,0.223366,0.109099,0.277301,0.127856,0.236277,0.150306,0.017824,0.340597,0.229905,0.204318,0.379872,0.427511,0.369773,0.135308,0.436957,0.202591,0.477420,0.149040,0.236810,0.203605,0.388535,-0.333285,-0.251009,-0.017796,0.153953,0.225172,0.434709,0.130870,0.233319,-0.045941,0.067561,-0.000032,0.161421,0.086693,0.120062,-0.024143,0.288599,0.214185,0.115418,0.367044,0.181994
0.176868,0.311957,-0.154791,0.416941,0.240913,0.618838,0.233594,0.366418,0.783606,0.000000,-0.021531,0.261458,0.257030,0.243595,0.460853,0.592762,0.262779,0.406401,-0.060119,0.185583,0.078899,0.190755,0.007692,0.100518,-0.021981,0.470563,-0.036680,0.175450,0.014196,0.235949,0.102326,0.269405,0.114878,0.305872,-0.006815,0.074463,0.020486,0.000959,0.026947,0.089653,0.024470,0.158619,-0.020000,0.145248,0.156809,0.431638,0.045625,0.232093,0.093322,0.130312,0.018161,0.214489,0.084275,0.198085,0.151663,-0.041404,0.252059,0.160047,0.115233,0.334782,0.280281,0.372867,0.200875,0.498663,0.338152,0.398350,0.141890,0.330300,0.153388,0.352954,-0.166458,-0.138916,0.150055,0.207834,0.146706,0.328083,0.097409,0.237523,0.157459,0.280274,0.162812,0.280469,0.070850,0.204942,0.107118,0.329580,0.084930,-0.086864,0.136803,0.180836
0.483858,0.235870,0.242695,0.176543,0.102703,-0.176632,0.447985,0.296101,0.037318,-0.021531,0.000000,0.386616,0.765014,0.496971,0.259680,0.160317,0.358036,0.498108,0.374968,0.248164,0.166801,0.029907,0.158184,0.092367,0.076229,-0.069507,0.038923,-0.216385,0.506124,0.442179,0.360400,0.398528,0.278326,0.267908,0.235912,0.099697,0.384395,0.288465,0.348570,0.074560,0.304123,0.298096,0.380118,0.412192,0.310358,0.168433,0.284250,0.090716,0.195308,0.079653,0.383455,0.157050,0.096924,0.045668,0.084125,0.045795,0.234978,0.270996,0.036031,-0.100129,0.297757,0.130003,0.489275,0.063880,0.490389,0.169687,0.170131,0.214584,-0.093812,-0.048114,0.091589,0.082757,0.472002,0.483873,0.379606,0.413921,0.417435,0.184434,0.268440,0.339580,0.481100,0.458020,0.096550,0.293093,0.331234,0.452128,-0.092403,0.146886,0.016709,-0.030215
0.376382,0.357611,-0.025848,0.291656,-0.106675,-0.084595,0.510985,0.757663,0.164426,0.261458,0.386616,0.000000,0.333357,1.265567,0.112244,0.237080,0.364954,0.455259,0.368268,0.592223,-0.089518,0.328064,0.005459,0.124542,0.028557,-0.094316,0.036347,0.083264,0.254963,0.418323,-0.049679,0.026526,0.493165,0.413920,-0.148584,-0.038294,0.000051,0.136158,-0.062099,0.200227,0.190577,0.105291,0.216999,0.176578,0.084460,0.252217,0.133552,0.142764,0.100643,-0.005680,0.255759,0.153021,0.079577,0.105134,-0.103395,-0.236631,0.048147,0.376212,-0.014529,0.017166,0.425509,0.379353,0.296321,0.189705,0.342473,0.279472,0.171024,0.452837,-0.067544,0.215731,-0.360088,-0.457590,0.024441,0.193634,0.245193,0.423048,0.449063,0.559497,0.211603,0.232238,0.182516,0.085249,-0.235401,0.016521,-0.127447,0.302831,0.026909,-0.129864,-0.015142,-0.219402
0.519827,0.347143,0.234644,0.241241,0.105918,0.061223,0.454791,0.360774,0.377925,0.257030,0.765014,0.333357,0.000000,0.488663,0.454485,0.236339,0.376375,0.461714,0.241387,0.265334,0.230829,0.180340,0.044876,0.116376,0.123149,0.005813,0.105865,-0.028419,0.334335,0.337445,0.287769,0.321881,0.250559,0.249440,0.037814,0.042994,0.307780,0.250549,0.330601,0.068700,0.297329,0.274338,0.288795,0.277581,0.273394,0.241257,0.288918,0.140480,0.298949,0.179238,0.421439,0.208892,0.197314,0.092666,0.264089,-0.020256,0.276796,0.259341,0.117926,0.103920,0.430737,0.204193,0.461083,0.306055,0.401324,0.174795,0.168120,0.172435,0.028664,0.170044,0.101884,0.144016,0.323181,0.357395,0.278761,0.354298,0.273875,0.236874,0.150226,0.296051,0.356898,0.328773,0.131378,0.209775,0.165686,0.329128,0.106131,0.133605,0.137741,0.106238
0.483054,0.329681,0.041140,0.257104,0.033812,-0.110323,0.543190,0.753548,0.241209,0.243595,0.496971,1.265567,0.488663,0.000000,0.238974,0.282841,0.357943,0.605333,0.320137,0.526250,-0.060521,0.340750,0.084102,0.189962,0.093793,-0.127295,0.163256,0.139772,0.257998,0.477731,0.049173,0.128424,0.357082,0.342488,-0.049835,0.024421,0.006799,0.073340,0.082444,0.159473,0.294169,0.118530,0.311993,0.294845,0.201253,0.369186,0.269519,0.250883,0.258691,0.155333,0.414700,0.290414,0.145891,0.170391,-0.053499,-0.208008,0.139383,0.387000,0.072871,0.080738,0.561092,0.353757,0.423126,0.259919,0.411952,0.337246,0.277911,0.561076,-0.049191,0.276916,-0.415964,-0.472048,0.042452,0.206442,0.266826,0.387533,0.428657,0.562888,0.206497,0.323727,0.199347,0.150773,-0.192060,-0.005490,-0.054069,0.348867,-0.037396,-0.182509,0.026979,-0.148872
0.347947,0.396207,0.002625,0.245347,0.760960,0.252538,0.215090,0.240458,0.642894,0.460853,0.259680,0.112244,0.454485,0.238974,0.000000,0.721128,0.466938,0.419893,0.094704,0.106640,0.141932,0.233089,0.095888,0.092418,0.238236,0.190308,0.539809,0.361921,0.185518,0.218007,0.254497,0.380289,0.014900,0.093391,-0.026305,-0.055148,0.114704,0.149546,0.277928,0.307495,0.046737,0.282781,0.343745,0.345297,0.039058,0.277541,0.481294,0.470556,0.215655,0.250228,0.246229,0.243634,0.210041,0.340375,0.233851,0.378239,0.373987,0.360782,0.224318,0.412140,0.323476,0.179742,0.413385,0.294540,0.325807,0.283216,0.168291,0.254402,0.250627,0.377047,-0.155534,-0.123788,0.280433,0.269297,0.355361,0.283167,-0.024069,-0.045627,0.318368,0.031765,0.340122,0.543623,0.566235,0.686137,0.446063,0.458185,0.009879,0.431372,0.366267,0.390679
0.286824,0.369180,-0.101902,0.372667,0.462782,0.334775,0.227642,0.287083,0.530870,0.592762,0.160317,0.237080,0.236339,0.282841,0.721128,0.000000,0.427957,0.659644,0.170048,0.294997,-0.107588,0.328410,0.182415,0.252571,0.203639,0.386384,0.249708,0.350032,0.245665,0.587657,0.276243,0.350830,0.080942,0.193045,-0.011317,0.047097,0.001486,0.127530,0.135356,0.310281,0.291471,0.292396,0.240750,0.342185,0.074668,0.372946,0.359146,0.437034,0.216268,0.214782,0.111206,0.312080,0.145034,0.393055,0.036888,0.188989,0.289367,0.358268,0.278413,0.433762,0.344351,0.320784,0.452337,0.404720,0.226534,0.358153,0.258903,0.361513,0.264776,0.387875,-0.408987,-0.366537,0.114294,0.286825,0.155618,0.455529,0.104083,0.119189,0.255441,0.158168,0.275857,0.632545,0.245453,0.638870,0.172475,0.570244,0.084363,0.236128,0.319867,0.305739
0.253949,0.167703,-0.103205,0.151091,0.084443,-0.136909,0.327693,0.350646,0.164319,0.262779,0.358036,0.364954,0.376375,0.357943,0.466938,0.427957,0.000000,0.479915,0.145438,0.228200,0.092262,0.210346,0.095161,0.089775,0.117906,-0.035067,0.104007,-0.025794,0.894324,0.635084,0.275695,0.197553,0.253138,0.195245,-0.073154,-0.054803,0.331424,0.382610,0.355335,0.318897,0.323748,0.417898,0.413831,0.396144,0.296904,0.284910,0.349318,0.347008,0.242302,0.081889,0.265948,0.061106,0.086034,0.146668,0.074723,0.022397,0.118822,0.243192,0.052501,0.033530,0.303260,0.135175,0.543284,0.195779,0.353041,0.033390,0.173057,0.252833,0.012793,0.150715,-0.171147,-0.211691,0.399435,0.408524,0.349090,0.333785,0.199790,0.179802,0.661459,0.367587,0.733595,0.466246,0.186966,0.475877,0.242339,0.369508,-0.004084,0.095602,0.008095,0.004313
0.415719,0.421959,0.067023,0.363645,0.187844,0.085550,0.520571,0.454261,0.296440,0.406401,0.498108,0.455259,0.461714,0.605333,0.419893,0.659644,0.479915,0.000000,0.197068,0.402958,0.120312,0.194618,0.151237,0.211161,0.026210,0.135109,0.088112,0.016818,0.404515,0.914386,0.428252,0.559521,0.281929,0.364439,0.183932,0.202719,0.111797,0.132394,0.322921,0.124111,0.429005,0.479649,0.297773,0.429434,0.343493,0.501469,0.327873,0.364062,0.314194,0.238460,0.295147,0.309551,0.076509,0.276059,-0.022098,-0.029766,0.422435,0.467568,0.241617,0.212374,0.500911,0.346516,0.646526,0.413459,0.475143,0.288681,0.378316,0.581493,0.176488,0.364483,-0.235807,-0.208164,0.313872,0.507044,0.310722,0.453439,0.166001,0.209326,0.440526,0.569526,0.556515,0.793689,0.037256,0.349407,0.208309,0.633814,-0.151741,-0.045836,0.081661,0.057411
0.545106,0.540945,0.685355,0.482868,0.074618,-0.107107,0.608273,0.350666,0.087078,-0.060119,0.374968,0.368268,0.241387,0.320137,0.094704,0.170048,0.145438,0.197068,0.000000,1.074214,-0.224080,0.195935,0.473217,0.667501,0.192890,0.083361,0.068620,0.190968,0.102924,0.197425,0.207169,0.307024,0.654701,0.492716,-0.068348,0.011374,0.150438,0.175711,-0.033490,0.111208,0.353756,0.119338,0.191657,0.083884,0.012624,0.091559,0.155882,-0.036055,0.039149,-0.014757,0.117562,0.143604,0.166522,0.197378,0.083434,-0.100647,0.346021,0.750936,0.185617,0.048659,0.368289,0.241386,0.266157,0.137194,0.186520,0.110277,0.399402,0.336234,0.238779,0.353717,-0.189423,-0.180508,-0.012398,0.172747,0.287125,0.405465,0.239419,0.174297,0.053247,0.126513,0.061903,0.129228,-0.209077,0.032677,-0.037826,0.178121,0.162123,0.145132,0.259754,-0.025086
0.606331,0.849464,0.515146,0.873187,0.043919,-0.125494,0.846369,0.863890,0.207387,0.185583,0.248164,0.592223,0.265334,0.526250,0.106640,0.294997,0.228200,0.402958,1.074214,0.000000,-0.135197,0.304275,0.464801,0.706790,0.177174,-0.015828,0.062182,0.214975,0.064176,0.307527,0.212207,0.362975,0.887663,0.857250,-0.101900,-0.004566,0.175110,0.286242,0.036379,0.242133,0.405128,0.294702,0.178526,0.119705,0.178720,0.399324,0.127320,0.094719,0.170606,0.187480,0.156446,0.314152,0.238851,0.274404,0.108981,-0.123777,0.412279,0.938585,0.261983,0.240592,0.607287,0.632833,0.312195,0.486890,0.277696,0.461784,0.570237,0.745350,0.347391,0.587690,-0.185930,-0.173367,0.069360,0.355153,0.362596,0.611880,0.251464,0.326120,0.247342,0.244559,0.192045,0.262523,-0.313449,0.029849,-0.040770,0.464745,0.228357,0.006088,0.283327,0.038293
-0.010310,0.068666,0.027766,0.077009,0.162307,-0.047562,0.056246,0.061901,-0.148315,0.078899,0.166801,-0.089518,0.230829,-0.060521,0.141932,-0.107588,0.092262,0.120312,-0.224080,-0.135197,0.000000,0.137142,-0.001647,-0.041699,0.023310,-0.066882,0.145128,-0.180916,0.065880,0.039019,0.224281,0.294934,0.061183,0.036368,0.438592,0.073323,0.231219,0.013563,0.340169,-0.219885,-0.177332,0.103679,0.214633,0.232201,0.396794,0.206576,0.091138,0.159171,0.231089,0.213508,0.236710,0.151142,0.217195,-0.022929,0.323259,0.191389,0.264409,-0.000450,0.081735,0.095003,0.051395,0.090244,0.230702,0.101918,0.328710,-0.043542,0.137337,0.102573,0.000552,-0.012077,0.769563,0.717631,0.620324,0.184301,0.262904,-0.065788,-0.084963,-0.087964,0.308462,0.099501,0.459308,0.284922,0.293710,0.267153,0.505643,0.171205,-0.064436,-0.069060,-0.084152,0.243388
0.118597,0.235005,0.066768,0.195543,0.276283,-0.014799,0.194805,0.283274,0.338063,0.190755,0.029907,0.328064,0.180340,0.340750,0.233089,0.328410,0.210346,0.194618,0.195935,0.304275,0.137142,0.000000,0.167869,0.272215,0.482983,0.131872,0.519012,0.800344,-0.021807,0.218961,0.090678,0.086392,0.277031,0.205257,-0.031140,-0.137346,0.069077,0.207832,0.117361,0.377488,0.425869,0.272199,0.227497,0.103942,0.100083,0.296365,0.240030,0.306250,0.120602,0.188991,0.070699,0.211178,0.272165,0.283054,0.244968,0.085547,0.143478,0.252100,0.151539,0.274085,0.250740,0.283062,0.170272,0.203803,0.022452,0.249692,0.331011,0.321898,0.117470,0.243021,-0.230149,-0.204045,-0.021031,0.197204,0.421039,0.403062,0.310134,0.382490,0.168587,0.119241,0.126707,0.108587,-0.068073,0.046546,-0.061705,0.259759,0.519644,0.127276,0.319094,0.118813
0.166997,0.271190,0.717993,0.546214,0.117860,-0.315806,0.571611,0.357088,0.063965,0.007692,0.158184,0.005459,0.044876,0.084102,0.095888,0.182415,0.095161,0.151237,0.473217,0.464801,-0.001647,0.167869,0.000000,1.185157,0.646470,0.198159,0.072344,0.153701,-0.020554,0.117240,0.721144,0.624421,0.316193,0.456435,0.333796,-0.136096,0.191644,0.424631,0.086051,0.130088,0.264768,0.328379,0.078008,0.011247,0.083779,0.179936,-0.021765,-0.002872,-0.006650,0.189839,-0.018032,0.324131,0.224923,0.369489,0.102762,-0.054821,0.294793,0.489983,-0.043981,-0.018227,0.187467,0.088886,0.009499,0.328102,0.201160,0.233614,0.431350,0.361013,0.141387,0.325035,0.066326,0.099353,0.162344,0.268887,0.439795,0.283906,-0.018219,0.126053,0.181215,0.326239,0.150746,0.366031,-0.107193,0.206113,0.220839,0.306881,0.303970,-0.051926,0.250662,0.153154
0.183046,0.365574,0.672766,0.725472,0.091250,-0.198751,0.635615,0.414523,0.129568,0.100518,0.092367,0.124542,0.116376,0.189962,0.092418,0.252571,0.089775,0.211161,0.667501,0.706790,-0.041699,0.272215,1.185157,0.000000,0.650276,0.303920,0.067787,0.257230,-0.102014,0.125215,0.573893,0.625085,0.375847,0.450051,0.180406,-0.144360,0.208476,0.386412,0.060307,0.232340,0.255987,0.260161,0.111864,-0.028849,-0.021212,0.113741,0.027806,0.007712,-0.033987,0.063413,-0.014793,0.249858,0.298708,0.441948,0.202116,-0.144127,0.300707,0.524872,0.006607,0.031724,0.255492,0.084702,0.137425,0.292773,0.075860,0.147339,0.470247,0.403030,0.162414,0.407438,-0.003669,0.010659,0.039307,0.179446,0.348719,0.293642,0.068068,0.197365,0.133328,0.318658,0.101858,0.345601,-0.257297,0.122030,0.169739,0.330209,0.379837,-0.010909,0.325015,0.126908
-0.102010,0.079201,0.359445,0.313647,0.221577,-0.169112,0.240345,0.208803,0.094606,-0.021981,0.076229,0.028557,0.123149,0.093793,0.238236,0.203639,0.117906,0.026210,0.192890,0.177174,0.023310,0.482983,0.646470,0.650276,0.000000,0.387009,0.502509,0.486534,-0.097858,0.099355,0.542100,0.381452,0.193758,0.106864,0.151568,-0.383036,0.162593,0.324301,0.236616,0.517847,0.201387,0.409727,0.239536,-0.013038,-0.080997,0.038678,0.197570,0.218675,-0.021976,0.149025,0.061699,0.210620,0.413854,0.551843,0.309074,0.146942,0.009349,0.211337,-0.059455,0.133880,-0.031963,-0.086450,0.002291,0.030610,-0.044513,0.104540,0.280101,0.247736,0.079108,0.262935,-0.049801,-0.032233,-0.071595,0.174202,0.377049,0.192091,-0.049356,0.002568,0.197014,0.045425,0.076002,0.273389,0.015992,0.335571,0.217095,0.366995,0.449522,0.240102,0.402157,0.219602
-0.114333,0.033104,0.149439,0.181874,0.130207,0.634493,0.062350,-0.152831,0.347092,0.470563,-0.069507,-0.094316,0.005813,-0.127295,0.190308,0.386384,-0.035067,0.135109,0.083361,-0.015828,-0.066882,0.131872,0.198159,0.303920,0.387009,0.000000,-0.036028,0.309929,-0.134166,0.126276,0.363824,0.322250,-0.045370,-0.018325,0.119066,-0.050158,0.086711,-0.008215,0.037773,0.165689,-0.040524,0.013823,0.041221,-0.038281,-0.184460,-0.036604,0.103004,0.106363,-0.148902,-0.102979,-0.120078,0.079462,0.166552,0.245747,0.185311,-0.028001,0.057193,0.073421,-0.000578,0.119903,-0.119573,-0.126184,0.013289,0.004153,-0.050287,-0.032665,0.116883,0.039672,0.044560,0.172364,-0.161749,-0.151581,-0.043569,0.021009,0.022586,0.051126,0.060152,0.030046,-0.079039,0.113470,-0.139790,0.208336,0.049595,0.227895,0.075690,0.082478,0.136525,0.089524,0.238157,0.131404
0.227300,0.200384,0.096211,0.095802,0.789513,0.057109,0.046192,0.162715,0.262275,-0.036680,0.038923,0.036347,0.105865,0.163256,0.539809,0.249708,0.104007,0.088112,0.068620,0.062182,0.145128,0.519012,0.072344,0.067787,0.502509,-0.036028,0.000000,0.694786,0.019496,0.074972,0.095096,0.171410,0.152667,0.062453,0.063219,-0.103266,-0.119746,0.015530,0.168567,0.216759,0.148720,0.269301,0.328418,0.213137,0.068775,0.270262,0.439896,0.511538,0.243640,0.322701,0.292965,0.200388,0.236767,0.305201,0.192182,0.448629,0.313809,0.250284,0.284667,0.463814,0.225098,0.154860,0.200281,0.089746,0.028600,0.239814,0.285675,0.274347,0.232941,0.324509,-0.187617,-0.066994,-0.006521,0.185177,0.373027,0.271877,-0.116339,-0.060723,0.107406,-0.226459,0.225404,0.186388,0.392031,0.325154,0.188854,0.310640,0.113621,0.430583,0.376273,0.380422
0.176360,0.212241,0.133781,0.115933,0.586736,0.260850,0.024273,0.083027,0.549662,0.175450,-0.216385,0.083264,-0.028419,0.139772,0.361921,0.350032,-0.025794,0.016818,0.190968,0.214975,-0.180916,0.800344,0.153701,0.257230,0.486534,0.309929,0.694786,0.000000,-0.309015,-0.090042,-0.110292,-0.036946,0.048285,0.003799,-0.171166,-0.193565,-0.031274,0.045344,-0.020092,0.405841,0.200632,0.002511,0.204491,0.008236,-0.184271,0.073251,0.282134,0.360187,-0.013591,0.080895,0.014017,0.108823,0.205328,0.398992,0.224358,0.223736,0.239944,0.287135,0.167707,0.343410,0.169104,0.158484,-0.031477,0.066922,-0.182333,0.204675,0.212935,0.206161,0.213399,0.363759,-0.518014,-0.443485,-0.248177,-0.071496,0.254936,0.331071,0.155325,0.192701,-0.015447,-0.147305,-0.106482,0.012933,0.020785,0.044068,-0.093318,0.083433,0.357585,0.251845,0.538009,0.165604
0.197231,0.040710,-0.098219,-0.028605,-0.017462,-0.126477,0.193647,0.193304,-0.064996,0.014196,0.506124,0.254963,0.334335,0.257998,0.185518,0.245665,0.894324,0.404515,0.102924,0.064176,0.065880,-0.021807,-0.020554,-0.102014,-0.097858,-0.134166,0.019496,-0.309015,0.000000,0.743379,0.213024,0.085885,0.225227,0.192441,0.107266,0.232945,0.246774,0.223203,0.312716,0.021721,0.290994,0.365336,0.336743,0.408716,0.465800,0.262153,0.240932,0.155150,0.291681,0.085783,0.311626,-0.025493,-0.074792,-0.223843,-0.106602,-0.110350,0.065785,0.101498,0.138198,-0.063255,0.250182,0.088332,0.559291,0.111384,0.423684,0.003154,0.154204,0.144768,-0.066808,-0.043232,-0.060070,-0.077134,0.406753,0.433360,0.178799,0.261224,0.223701,0.107104,0.374482,0.285462,0.680101,0.330206,0.278402,0.443216,0.206955,0.335487,-0.181412,0.018655,-0.191776,-0.124505
0.320485,0.158916,-0.001820,0.179742,-0.007797,-0.076765,0.388276,0.341677,0.067738,0.235949,0.442179,0.418323,0.337445,0.477731,0.218007,0.587657,0.635084,0.914386,0.197425,0.307527,0.039019,0.218961,0.117240,0.125215,0.099355,0.126276,0.074972,-0.090042,0.743379,0.000000,0.470280,0.413516,0.300499,0.294889,0.102702,0.174851,0.064765,0.095850,0.306184,0.179591,0.547383,0.493599,0.336693,0.435912,0.471414,0.484265,0.304278,0.333263,0.355177,0.190972,0.364421,0.216610,-0.011560,0.087020,-0.181597,-0.116193,0.131001,0.251474,0.149466,0.142926,0.300381,0.207401,0.593666,0.228531,0.433057,0.113050,0.326347,0.438559,0.044533,0.218496,-0.313989,-0.297743,0.299867,0.627184,0.263414,0.439461,0.130331,0.136084,0.460072,0.517128,0.519263,0.647281,-0.021329,0.428838,0.077363,0.586039,-0.146514,-0.115536,-0.136596,-0.048959
0.138741,0.235454,0.430935,0.401417,0.069943,-0.193206,0.535185,0.223517,0.048359,0.102326,0.360400,-0.049679,0.287769,0.049173,0.254497,0.276243,0.275695,0.428252,0.207169,0.212207,0.224281,0.090678,0.721144,0.573893,0.542100,0.363824,0.095096,-0.110292,0.213024,0.470280,0.000000,1.196978,0.249623,0.363631,0.275313,-0.129847,0.151145,0.390369,0.302733,0.148916,0.273515,0.519227,0.193104,0.149536,0.240840,0.313407,0.134388,0.126814,0.189391,0.283365,0.076642,0.331616,0.204363,0.268933,0.112484,0.030900,0.209932,0.304783,0.041926,0.104486,0.181621,0.078394,0.234155,0.334633,0.207410,0.059023,0.371045,0.315323,0.041235,0.196642,0.226270,0.281227,0.368440,0.556048,0.400671,0.196475,-0.125287,-0.065493,0.363779,0.481627,0.378181,0.695803,0.125668,0.545199,0.332642,0.490219,0.101275,0.078960,0.143533,0.252967
0.357470,0.394927,0.510024,0.614423,0.222855,-0.060709,0.716535,0.385832,0.166381,0.269405,0.398528,0.026526,0.321881,0.128424,0.380289,0.350830,0.197553,0.559521,0.307024,0.362975,0.294934,0.086392,0.624421,0.625085,0.381452,0.322250,0.171410,-0.036946,0.085885,0.413516,1.196978,0.000000,0.330606,0.477185,0.301045,-0.032008,0.134462,0.274678,0.329666,0.125384,0.196336,0.463327,0.243834,0.238324,0.257223,0.383551,0.180792,0.230189,0.208844,0.270921,0.142011,0.369766,0.161790,0.333181,0.120064,0.119912,0.501919,0.473285,0.113597,0.200401,0.334379,0.202015,0.323932,0.413514,0.318104,0.221972,0.448077,0.452616,0.152234,0.316025,0.224946,0.302497,0.384960,0.577821,0.399964,0.287429,-0.090281,-0.033116,0.373462,0.478103,0.487234,0.835075,0.112925,0.487027,0.429014,0.580087,0.020183,0.079863,0.182566,0.316743
0.496980,0.708448,0.470350,0.679092,-0.027760,-0.110859,0.785549,0.793269,0.015519,0.114878,0.278326,0.493165,0.250559,0.357082,0.014900,0.080942,0.253138,0.281929,0.654701,0.887663,0.061183,0.277031,0.316193,0.375847,0.193758,-0.045370,0.152667,0.048285,0.225227,0.300499,0.249623,0.330606,0.000000,1.157481,0.005962,-0.036410,0.106263,0.248363,0.075941,0.130093,0.318664,0.406464,0.143676,0.087190,0.268376,0.403051,0.084999,0.084524,0.283103,0.225614,0.220878,0.230619,0.236951,0.089046,0.150423,-0.139359,0.393183,0.739651,0.491006,0.336400,0.624737,0.625032,0.414555,0.569159,0.376635,0.293249,0.657316,0.694232,0.297581,0.430962,0.029973,0.047414,0.087484,0.330656,0.316885,0.410739,0.124538,0.177303,0.272660,0.165394,0.335811,0.253004,-0.191578,0.060151,0.047922,0.496038,0.216379,-0.008589,0.272976,0.068576
0.616058,0.920853,0.461998,0.834568,0.050197,-0.030656,0.860510,0.899050,0.213543,0.305872,0.267908,0.413920,0.249440,0.342488,0.093391,0.193045,0.195245,0.364439,0.492716,0.857250,0.036368,0.205257,0.456435,0.450051,0.106864,-0.018325,0.062453,0.003799,0.192441,0.294889,0.363631,0.477185,1.157481,0.000000,0.040264,0.051753,0.074933,0.330137,0.044026,0.027846,0.347559,0.358618,-0.065685,0.011613,0.278910,0.491277,-0.081405,0.006284,0.213405,0.290369,0.072109,0.297256,0.046035,0.035408,0.054690,-0.206876,0.556116,0.799670,0.439533,0.388997,0.786466,0.886956,0.304708,0.906999,0.453206,0.568500,0.673939,0.788623,0.346067,0.489722,0.034456,0.084465,0.198663,0.467082,0.363918,0.572337,0.128016,0.307781,0.260946,0.345647,0.319521,0.303146,-0.105472,0.084465,0.053755,0.582192,0.199641,-0.079966,0.263059,0.104341
-0.045088,-0.012397,0.241006,0.134258,0.189282,-0.060605,0.111080,-0.002720,-0.180005,-0.006815,0.235912,-0.148584,0.037814,-0.049835,-0.026305,-0.011317,-0.073154,0.183932,-0.068348,-0.101900,0.438592,-0.031140,0.333796,0.180406,0.151568,0.119066,0.063219,-0.171166,0.107266,0.102702,0.275313,0.301045,0.005962,0.040264,0.000000,0.350869,0.281888,0.023385,0.366364,-0.245067,-0.043346,0.110047,0.144998,0.183622,0.428583,0.218879,0.105865,0.195031,0.111193,0.206659,0.201042,0.157770,0.212111,0.159267,0.237295,0.247862,0.266443,0.083675,0.127810,0.043627,0.006578,0.021991,0.281687,0.102731,0.500830,0.161239,0.441537,0.232558,0.118255,0.218758,0.345339,0.376935,0.409508,0.119568,0.102864,-0.014432,0.051745,0.060559,-0.006219,0.168590,0.222321,0.365091,0.275641,0.191670,0.590286,0.192452,-0.065630,-0.123061,0.096762,0.329095
0.134736,0.107908,0.114149,0.010607,0.136389,0.196819,0.024247,-0.030600,-0.028390,0.074463,0.099697,-0.038294,0.042994,0.024421,-0.055148,0.047097,-0.054803,0.202719,0.011374,-0.004566,0.073323,-0.137346,-0.136096,-0.144360,-0.383036,-0.050158,-0.103266,-0.193565,0.232945,0.174851,-0.129847,-0.032008,-0.036410,0.051753,0.350869,0.000000,-0.002224,-0.213484,0.007861,-0.550326,-0.041191,-0.151690,0.048179,0.278752,0.379115,0.231197,0.055666,-0.005087,0.159049,0.116568,0.137452,0.085197,-0.039447,-0.169126,0.040795,-0.012688,0.273726,0.101052,0.161643,0.069233,0.124167,0.087281,0.231275,0.150865,0.317577,0.113942,0.244507,0.206400,0.096036,0.018990,0.019402,0.084154,0.252881,0.020369,-0.101245,0.108004,0.242178,0.208444,-0.205923,0.204349,0.001071,0.007331,0.176459,-0.114247,0.069779,0.040465,-0.233797,-0.209576,-0.127246,0.125121
0.098386,0.114069,0.216123,0.189241,0.068265,-0.086201,0.221797,0.141750,-0.090615,0.020486,0.384395,0.000051,0.307780,0.006799,0.114704,0.001486,0.331424,0.111797,0.150438,0.175110,0.231219,0.069077,0.191644,0.208476,0.162593,0.086711,-0.119746,-0.031274,0.246774,0.064765,0.151145,0.134462,0.106263,0.074933,0.281888,-0.002224,0.000000,0.603103,0.647532,0.306428,0.125614,0.242226,0.252106,0.010942,0.235530,0.077497,0.233989,0.125233,-0.092136,-0.061627,0.122100,-0.144352,0.193959,0.103399,0.535713,0.181973,0.181037,0.232323,-0.014126,-0.130437,0.084983,0.040676,0.310777,0.004250,0.308267,0.113881,0.172555,0.180466,0.142846,0.127043,0.262163,0.205776,0.610121,0.336558,0.404635,0.232896,0.470878,0.229296,0.391178,0.328023,0.407784,0.372786,0.171293,0.226311,0.564972,0.244771,0.089787,0.214681,0.170008,0.070532
0.136123,0.259310,0.265182,0.350702,0.003390,-0.277587,0.381893,0.306086,0.043416,0.000959,0.288465,0.136158,0.250549,0.073340,0.149546,0.127530,0.382610,0.132394,0.175711,0.286242,0.013563,0.207832,0.424631,0.386412,0.324301,-0.008215,0.015530,0.045344,0.223203,0.095850,0.390369,0.274678,0.248363,0.330137,0.023385,-0.213484,0.603103,0.000000,0.273430,0.435456,0.383099,0.370702,0.077731,-0.033769,0.061207,0.168188,0.007152,0.020116,-0.045750,0.023148,-0.055845,-0.004670,0.082221,0.093651,0.288651,0.049274,0.141071,0.349886,0.001123,-0.061898,0.227924,0.171567,0.132237,0.229240,0.053105,0.168882,0.232151,0.265273,0.168776,0.122174,0.161962,0.154645,0.359976,0.348412,0.477611,0.355772,0.313670,0.377099,0.301239,0.350907,0.378721,0.356093,0.109018,0.337172,0.260971,0.346517,0.417832,0.289573,0.271194,0.109835
0.174193,0.179670,0.222055,0.221016,0.162543,-0.099575,0.247223,0.225196,-0.025488,0.026947,0.348570,-0.062099,0.330601,0.082444,0.277928,0.135356,0.355335,0.322921,-0.033490,0.036379,0.340169,0.117361,0.086051,0.060307,0.236616,0.037773,0.168567,-0.020092,0.312716,0.306184,0.302733,0.329666,0.075941,0.044026,0.366364,0.007861,0.647532,0.273430,0.000000,0.418443,0.251544,0.365037,0.399775,0.184095,0.471897,0.287841,0.421148,0.505196,0.194344,0.280267,0.392887,0.103293,0.219407,0.207908,0.448143,0.491053,0.283422,0.237039,0.195115,0.197679,0.154685,0.128599,0.392440,0.136221,0.372747,0.249782,0.310109,0.338207,0.384921,0.353232,0.219637,0.206631,0.534059,0.439125,0.289211,0.169095,0.131366,0.026187,0.488920,0.268922,0.587661,0.495811,0.452537,0.400510,0.659191,0.414075,0.023804,0.254302,0.241082,0.283695
-0.000749,0.130718,-0.021135,0.284952,0.122528,-0.105131,0.222872,0.309601,0.208485,0.089653,0.074560,0.200227,0.068700,0.159473,0.307495,0.310281,0.318897,0.124111,0.111208,0.242133,-0.219885,0.377488,0.130088,0.232340,0.517847,0.165689,0.216759,0.405841,0.021721,0.179591,0.148916,0.125384,0.130093,0.027846,-0.245067,-0.550326,0.306428,0.435456,0.418443,0.000000,0.266732,0.421685,0.357554,0.041252,-0.022121,0.120678,0.362995,0.392802,0.002404,0.092423,0.105603,0.105173,0.263497,0.437659,0.201031,0.285248,-0.064608,0.185209,-0.033733,0.130648,0.021295,0.107602,0.086913,-0.021902,-0.066974,0.259264,0.033792,0.202732,0.205903,0.259924,-0.248335,-0.337746,-0.040979,0.303129,0.253958,0.227633,0.103681,-0.003202,0.478370,0.006179,0.199894,0.353711,-0.077490,0.307379,0.168100,0.418067,0.304654,0.384430,0.369176,0.070649
0.369788,0.251554,0.242060,0.180342,-0.017812,-0.196397,0.397791,0.244229,0.189550,0.024470,0.304123,0.190577,0.297329,0.294169,0.046737,0.291471,0.323748,0.429005,0.353756,0.405128,-0.177332,0.425869,0.264768,0.255987,0.201387,-0.040524,0.148720,0.200632,0.290994,0.547383,0.273515,0.196336,0.318664,0.347559,-0.043346,-0.041191,0.125614,0.383099,0.251544,0.266732,0.000000,0.451204,0.129255,0.209689,0.315214,0.402822,0.179653,0.193614,0.267948,0.236010,0.138319,0.187039,-0.009295,0.155270,0.042491,0.004764,0.237620,0.350208,0.276581,0.163248,0.410529,0.309725,0.337091,0.301673,0.179664,0.283787,0.457529,0.358388,0.247739,0.207979,-0.309117,-0.221322,0.056860,0.461693,0.274745,0.546335,0.177633,0.311259,0.153611,0.366017,0.251714,0.307473,-0.091001,0.083061,-0.106291,0.367491,0.424711,0.105461,0.194951,0.049844
0.021962,0.248963,0.080203,0.332805,0.090008,-0.249054,0.350321,0.379607,0.135418,0.158619,0.298096,0.105291,0.274338,0.118530,0.282781,0.292396,0.417898,0.479649,0.119338,0.294702,0.103679,0.272199,0.328379,0.260161,0.409727,0.013823,0.269301,0.002511,0.365336,0.493599,0.519227,0.463327,0.406464,0.358618,0.110047,-0.151690,0.242226,0.370702,0.365037,0.421685,0.451204,0.000000,0.215112,0.197565,0.310604,0.361006,0.207094,0.236114,0.223542,0.305100,0.161676,0.200254,0.224780,0.338128,0.150652,0.167873,0.057828,0.273863,0.087975,0.123138,0.158605,0.137429,0.322478,0.363652,0.204536,0.255447,0.281172,0.324010,0.142185,0.239682,0.024715,0.082872,0.253056,0.787239,0.439859,0.461766,-0.119825,-0.107342,0.455027,0.288310,0.605601,0.617999,0.081555,0.474676,0.308054,0.740803,0.324898,0.279150,0.253605,0.214333
0.309668,0.162709,0.122360,0.161748,0.386638,0.000399,0.230967,0.278584,0.051397,-0.020000,0.380118,0.216999,0.288795,0.311993,0.343745,0.240750,0.413831,0.297773,0.191657,0.178526,0.214633,0.227497,0.078008,0.111864,0.239536,0.041221,0.328418,0.204491,0.336743,0.336693,0.193104,0.243834,0.143676,-0.065685,0.144998,0.048179,0.252106,0.077731,0.399775,0.357554,0.129255,0.215112,0.000000,1.083497,0.525500,0.448712,1.342633,0.879839,0.693749,0.480710,0.916794,0.482322,0.643997,0.403433,0.317748,0.395887,0.261546,0.230602,0.181290,0.227249,0.223804,0.058380,0.512483,-0.024383,0.280511,0.111091,0.186478,0.326647,-0.002921,0.114372,-0.084915,-0.108753,0.359328,0.362906,0.287246,0.173589,0.269216,0.064666,0.438056,-0.030531,0.487953,0.447681,0.120720,0.358789,0.396845,0.431293,-0.148089,0.163013,0.180246,0.266843
0.365633,0.204331,0.023037,0.174873,0.406527,0.125135,0.190363,0.256542,0.180869,0.145248,0.412192,0.176578,0.277581,0.294845,0.345297,0.342185,0.396144,0.429434,0.083884,0.119705,0.232201,0.103942,0.011247,-0.028849,-0.013038,-0.038281,0.213137,0.008236,0.408716,0.435912,0.149536,0.238324,0.087190,0.011613,0.183622,0.278752,0.010942,-0.033769,0.184095,0.041252,0.209689,0.197565,1.083497,0.000000,0.659975,0.638677,0.943486,0.711604,0.944435,0.631382,0.825117,0.647694,0.445793,0.280105,0.153820,0.261475,0.370844,0.175669,0.276288,0.294108,0.286235,0.158414,0.528937,0.128918,0.373687,0.191661,0.173541,0.310080,-0.035788,0.040066,-0.087024,-0.078109,0.371024,0.325535,0.134129,0.218868,0.156995,0.068051,0.226802,0.001355,0.374957,0.438774,0.127569,0.292038,0.263816,0.470344,-0.195451,0.001628,0.024617,0.307046
0.344174,0.237826,0.136023,0.245206,0.162544,-0.068531,0.339653,0.368994,0.081418,0.156809,0.310358,0.084460,0.273394,0.201253,0.039058,0.074668,0.296904,0.343493,0.012624,0.178720,0.396794,0.100083,0.083779,-0.021212,-0.080997,-0.184460,0.068775,-0.184271,0.465800,0.471414,0.240840,0.257223,0.268376,0.278910,0.428583,0.379115,0.235530,0.061207,0.471897,-0.022121,0.315214,0.310604,0.525500,0.659975,0.000000,0.964170,0.425550,0.408092,0.713670,0.590376,0.653962,0.384491,0.238277,-0.014962,0.225401,0.182138,0.377424,0.169093,0.301222,0.230051,0.410413,0.410471,0.514047,0.345228,0.760559,0.369873,0.455077,0.521199,0.152124,0.183392,0.222343,0.249048,0.594323,0.565263,0.287700,0.301312,0.211224,0.234877,0.363675,0.336316,0.573420,0.433636,0.105590,0.172386,0.377446,0.536304,-0.095522,-0.150746,0.004920,0.249273
0.468713,0.546361,0.145636,0.518420,0.344398,0.134180,0.505876,0.677331,0.342218,0.431638,0.168433,0.252217,0.241257,0.369186,0.277541,0.372946,0.284910,0.501469,0.091559,0.399324,0.206576,0.296365,0.179936,0.113741,0.038678,-0.036604,0.270262,0.073251,0.262153,0.484265,0.313407,0.383551,0.403051,0.491277,0.218879,0.231197,0.077497,0.168188,0.287841,0.120678,0.402822,0.361006,0.448712,0.638677,0.964170,0.000000,0.498533,0.640901,0.868760,1.012717,0.548859,0.748952,0.355247,0.237736,0.253981,0.229187,0.516947,0.430477,0.564228,0.680202,0.634422,0.769847,0.508770,0.672274,0.634747,0.696916,0.624771,0.933698,0.345597,0.458623,-0.044343,0.028530,0.323880,0.549923,0.326900,0.371900,0.147206,0.285745,0.290635,0.200596,0.424520,0.476688,0.128461,0.260748,0.245501,0.691707,0.011466,-0.011984,0.229203,0.450101
0.341885,0.235152,0.083306,0.172427,0.525854,0.160629,0.172801,0.231710,0.177664,0.045625,0.284250,0.133552,0.288918,0.269519,0.481294,0.359146,0.349318,0.327873,0.155882,0.127320,0.091138,0.240030,-0.021765,0.027806,0.197570,0.103004,0.439896,0.282134,0.240932,0.304278,0.134388,0.180792,0.084999,-0.081405,0.105865,0.055666,0.233989,0.007152,0.421148,0.362995,0.179653,0.207094,1.342633,0.943486,0.425550,0.498533,0.000000,1.042151,0.746176,0.611857,0.865633,0.512582,0.664225,0.499693,0.394392,0.555494,0.351945,0.244164,0.330208,0.432145,0.260885,0.108230,0.566153,0.050341,0.286189,0.190202,0.188032,0.327622,0.166308,0.246004,-0.219146,-0.184138,0.245316,0.318491,0.212678,0.180034,0.185396,0.010368,0.327265,-0.085203,0.327930,0.436690,0.239338,0.320692,0.375976,0.428282,-0.158361,0.286669,0.323604,0.435646
0.359170,0.295051,0.041364,0.274327,0.534305,0.184489,0.202033,0.334354,0.217866,0.232093,0.090716,0.142764,0.140480,0.250883,0.470556,0.437034,0.347008,0.364062,-0.036055,0.094719,0.159171,0.306250,-0.002872,0.007712,0.218675,0.106363,0.511538,0.360187,0.155150,0.333263,0.126814,0.230189,0.084524,0.006284,0.195031,-0.005087,0.125233,0.020116,0.505196,0.392802,0.193614,0.236114,0.879839,0.711604,0.408092,0.640901,1.042151,0.000000,0.708070,0.702790,0.706865,0.568104,0.439790,0.526081,0.220343,0.661257,0.445295,0.339697,0.464151,0.726375,0.329870,0.296297,0.444295,0.204185,0.231091,0.357295,0.345510,0.501365,0.378178,0.479192,-0.277710,-0.229380,0.203932,0.289393,0.151334,0.145947,0.071500,0.069601,0.361211,-0.025065,0.378910,0.517213,0.346567,0.426299,0.383769,0.465820,-0.037891,0.194897,0.312562,0.656352
