0.000000,1.139890,0.429247,0.428473,0.417533,0.475987,0.554469,0.500440,0.640981,0.574292,0.614658,0.683607,0.520400,0.496645,0.469102,0.529659,0.478163,0.792837,0.996220,1.061605,0.306347,0.183995,0.461292,0.309450,0.419291,0.221457,0.449263,0.337104,0.263672,0.440529,0.109302,0.107853,0.711862,0.724485,0.356121,0.564086,0.503055,0.447844,0.409534,0.317687,0.356436,0.221070,0.652630,0.560014,0.303672,0.302104,0.528462,0.497155,0.516201,0.378634,0.543040,0.486366,0.513162,0.385652,0.532340,0.462327,0.900368,0.882829,0.843569,0.812784,1.021950,0.797496,0.517786,0.792828,0.344304,0.373085,0.700515,0.564685,0.750623,0.719623,-0.272087,-0.254555,0.319269,0.328741,0.222944,0.287105,-0.110127,0.088299,0.370795,-0.088431,0.299937,0.598558,0.035609,0.263995,0.605491,0.414403,0.090131,0.304349,0.538143,0.558286
1.139890,0.000000,0.524275,0.578557,0.454512,0.556787,0.447118,0.661996,0.694645,0.446233,0.359427,0.681859,0.296577,0.469507,0.411529,0.533451,0.356237,0.770102,0.826147,1.089989,0.423462,0.348553,0.560597,0.478500,0.516475,0.400441,0.585804,0.420711,0.189372,0.475463,0.206834,0.192557,0.796331,0.945994,0.473502,0.711795,0.467613,0.537287,0.479537,0.493060,0.381982,0.353163,0.789028,0.740435,0.402756,0.469589,0.638983,0.677022,0.550205,0.478031,0.580819,0.613550,0.661876,0.529675,0.696472,0.483017,1.097927,1.353300,0.848883,0.983592,0.742851,0.809300,0.278845,0.783366,0.191782,0.407177,0.816292,0.777254,0.980470,0.943485,-0.260780,-0.257600,0.297076,0.394414,0.212923,0.305957,-0.163244,0.104999,0.472659,-0.117089,0.203811,0.626804,-0.047487,0.207876,0.778812,0.603909,0.092610,0.173678,0.483704,0.699526
0.429247,0.524275,0.000000,1.212942,0.562886,0.401653,0.805292,0.852464,0.746812,0.277300,0.105302,0.509384,0.337004,0.357963,0.467804,0.558548,-0.168386,0.104300,0.659629,0.684236,0.338868,0.371519,1.473513,1.149514,1.153234,0.748444,0.848662,0.328568,0.026794,0.126115,0.461531,0.347628,0.478913,0.544085,0.673366,0.666698,0.270608,0.453508,0.156128,0.280560,0.287094,0.151674,0.533604,0.487473,0.278840,0.285221,0.374230,0.579994,0.166840,0.189638,0.419026,0.485639,0.302207,0.248200,0.422172,0.330452,0.206942,0.273405,0.312370,0.299571,0.333434,0.446950,-0.001634,0.222003,0.397659,0.315721,0.447216,0.444818,0.511106,0.363895,-0.014362,-0.030736,0.394775,0.361922,0.251853,0.412884,0.122284,0.394861,0.138106,-0.187420,-0.092132,0.070967,-0.051593,0.087222,0.549750,0.558181,0.013246,-0.027126,0.370652,0.487863
0.428473,0.578557,1.212942,0.000000,0.461978,0.631488,0.491078,0.975970,0.687737,0.458303,0.119239,0.507230,0.316359,0.423209,0.532755,0.578727,-0.150078,0.140393,0.525411,0.668416,0.297056,0.324948,1.091724,1.294140,1.206035,0.838402,0.672139,0.386706,0.039425,0.152321,0.434985,0.407982,0.434986,0.569132,0.798429,0.820476,0.371411,0.450425,0.306716,0.382024,0.327858,0.246887,0.701455,0.667240,0.515901,0.542482,0.490642,0.655258,0.313661,0.402746,0.645953,0.816200,0.462358,0.402065,0.602505,0.509201,0.307345,0.395755,0.423590,0.461679,0.414567,0.554810,0.092545,0.334472,0.477371,0.510732,0.614596,0.672494,0.490589,0.444510,-0.007161,-0.047728,0.340736,0.395626,0.253254,0.427944,0.035918,0.209862,0.258060,-0.115343,0.068422,0.215967,0.067806,0.132957,0.798664,0.893084,0.187882,0.096024,0.629422,0.713069
0.417533,0.454512,0.562886,0.461978,0.000000,0.552838,0.791640,0.695548,1.128015,0.538952,0.156753,0.335172,0.068589,-0.089941,0.254270,0.270753,0.166881,0.158755,0.426086,0.518425,0.270789,0.050866,0.495643,0.535552,0.671227,0.513476,0.677178,0.111201,-0.090283,0.033109,0.148400,0.100918,0.346438,0.487236,0.363004,0.424784,0.150905,0.152776,-0.118169,0.172539,0.111373,-0.136396,0.378695,0.381482,0.227161,0.460499,0.306214,0.381718,0.484984,0.354470,0.458104,0.362902,0.436321,0.145158,0.182234,0.155391,0.264839,0.236506,0.698227,0.560506,0.472107,0.389815,0.195834,0.185311,0.263770,0.513337,0.708765,0.677942,0.327752,0.355614,-0.393740,-0.369187,0.158766,0.160473,0.174628,0.160943,-0.000185,0.269992,-0.111293,-0.181419,0.026893,0.219746,-0.125371,0.036563,0.453187,0.394907,-0.138698,0.240229,0.313336,0.549717
0.475987,0.556787,0.401653,0.631488,0.552838,0.000000,0.395601,0.597005,0.790705,0.861094,0.195327,0.323113,0.158628,0.269108,0.486910,0.422494,0.258817,0.328324,0.391361,0.539047,0.432691,0.243391,0.459704,0.473031,0.524711,0.504382,0.547336,0.642393,0.023674,0.171497,0.281485,0.214535,0.436516,0.428054,0.636550,0.663929,0.310156,0.194453,0.231916,0.227348,0.184010,0.044250,0.517293,0.499936,0.420126,0.627101,0.486522,0.413142,0.580476,0.552840,0.684907,0.650501,0.656455,0.520163,0.458453,0.467852,0.587691,0.586884,0.645415,0.623148,0.488883,0.338678,0.373493,0.406192,0.354547,0.370331,0.901573,0.893947,0.431912,0.756498,-0.026578,-0.027710,0.134057,0.159420,0.175022,0.196164,-0.057412,0.037761,0.161498,0.036148,0.297797,0.487041,0.039793,0.100741,0.722905,0.724745,0.231297,0.190797,0.711063,0.839140
0.554469,0.447118,0.805292,0.491078,0.791640,0.395601,0.000000,1.000844,0.807791,0.470492,0.346418,0.655830,0.385312,0.329100,0.332075,0.625648,0.281793,0.326125,0.755061,0.710915,0.374370,0.288440,0.704323,0.619237,0.477858,0.334078,0.522581,0.158583,0.215654,0.328351,0.410978,0.304157,0.697111,0.691568,0.448809,0.495326,0.265374,0.375377,0.041833,0.128508,0.270565,0.093008,0.329181,0.321094,0.186476,0.285048,0.203945,0.336268,0.218063,0.145786,0.247656,0.205848,0.106275,-0.072258,0.124527,0.071509,0.202890,0.170560,0.395591,0.289334,0.394441,0.364123,0.346246,0.193641,0.478929,0.526456,0.602735,0.530149,0.389288,0.302258,-0.069256,-0.057068,0.490464,0.424952,0.387699,0.513916,0.223045,0.558076,0.082694,-0.018955,0.114347,0.268859,-0.169229,0.114866,0.387787,0.333286,-0.126602,0.012775,0.221929,0.250319
0.500440,0.661996,0.852464,0.975970,0.695548,0.597005,1.000844,0.000000,0.822268,0.651741,0.262230,0.814402,0.353062,0.466452,0.402897,0.806919,0.184778,0.346477,0.719434,0.811103,0.398999,0.359240,0.830575,1.106451,0.689299,0.561166,0.571436,0.282729,0.216716,0.403216,0.547971,0.524337,0.704704,0.900425,0.713337,0.867783,0.385954,0.606265,0.225954,0.373190,0.334965,0.309496,0.576494,0.604550,0.422492,0.589604,0.377549,0.560287,0.379538,0.419279,0.479556,0.586916,0.313545,0.132869,0.380556,0.263687,0.335051,0.361367,0.519096,0.492804,0.434895,0.543812,0.258863,0.306431,0.499626,0.850616,0.744784,0.852930,0.446156,0.398820,-0.028969,-0.041688,0.486284,0.567403,0.474347,0.637178,0.172424,0.462652,0.271208,-0.023644,0.199884,0.391218,-0.107531,0.174344,0.722712,0.734226,-0.018878,0.033483,0.414083,0.472920
0.640981,0.694645,0.746812,0.687737,1.128015,0.790705,0.807791,0.822268,0.000000,0.861154,0.234515,0.426534,0.306109,0.216233,0.554058,0.510578,0.160758,0.295739,0.633941,0.727449,0.374985,0.203245,0.776602,0.662604,0.768064,0.589357,0.794442,0.379730,0.009709,0.143667,0.222105,0.140913,0.415645,0.496681,0.497236,0.600776,0.215515,0.321854,0.095531,0.194546,0.184091,-0.077454,0.576434,0.550035,0.347724,0.544857,0.513260,0.577870,0.575804,0.498077,0.666676,0.565313,0.623806,0.366880,0.438679,0.367676,0.420566,0.464137,0.859552,0.680430,0.642944,0.556280,0.238649,0.392778,0.474031,0.472772,0.804605,0.708561,0.497257,0.590168,-0.267776,-0.276432,0.158894,0.116563,0.134662,0.175964,-0.049208,0.178485,0.083824,-0.124972,0.075714,0.370542,0.010088,0.141667,0.697272,0.535119,0.035096,0.304937,0.646189,0.831805
0.574292,0.446233,0.277300,0.458303,0.538952,0.861094,0.470492,0.651741,0.861154,0.000000,0.381582,0.355615,0.434806,0.225743,0.479739,0.506542,0.228384,0.326426,0.458187,0.561948,0.182918,-0.009657,0.360462,0.389189,0.357895,0.347797,0.302237,0.307841,0.083323,0.172481,0.173324,0.200106,0.256017,0.350290,0.384993,0.530654,0.196790,0.310561,0.090792,0.191013,0.183175,0.065322,0.423856,0.391673,0.314595,0.450431,0.325245,0.264716,0.513306,0.474016,0.590741,0.534692,0.409418,0.237650,0.280020,0.326532,0.326850,0.355865,0.669656,0.553085,0.622714,0.527084,0.278646,0.364710,0.720252,0.653193,0.627180,0.553801,0.256633,0.449472,-0.212299,-0.228025,0.108056,0.119038,0.162575,0.169672,-0.124960,-0.056350,0.070240,0.028966,0.200639,0.365707,0.038984,0.168944,0.505204,0.428600,0.050292,0.449472,0.535357,0.556129
0.614658,0.359427,0.105302,0.119239,0.156753,0.195327,0.346418,0.262230,0.234515,0.381582,0.000000,0.725749,0.782509,0.539083,0.626861,0.488906,0.395325,0.660347,0.554966,0.439603,0.172379,0.026684,0.186918,0.084164,0.040654,0.007502,-0.053625,0.012705,0.428190,0.570660,0.317232,0.248576,0.359741,0.335935,0.122366,0.130473,0.674796,0.288734,0.424665,0.108552,0.529989,0.393576,0.265978,0.199217,0.257604,0.123471,0.129603,0.133501,0.185481,0.209677,0.163107,0.209998,0.040572,0.039257,0.086756,0.227159,0.221337,0.280606,0.184784,0.286675,0.440103,0.395667,0.443497,0.406466,0.431794,0.345399,0.256213,0.195890,0.254529,0.218895,-0.042778,-0.052355,0.458594,0.480542,0.394114,0.462840,0.044816,0.047017,0.178335,0.086802,0.299032,0.401819,-0.007255,0.214834,0.275091,0.202702,-0.140301,0.165066,0.188408,0.097460
0.683607,0.681859,0.509384,0.507230,0.335172,0.323113,0.655830,0.814402,0.426534,0.355615,0.725749,0.000000,0.595571,0.816874,0.488943,0.937070,0.337759,0.619253,0.832405,0.805500,0.476480,0.360237,0.518937,0.526659,0.312219,0.155694,0.263375,0.130733,0.361698,0.618403,0.397930,0.428403,0.749375,0.836678,0.445444,0.597054,0.538807,0.542873,0.433985,0.379792,0.429391,0.534420,0.427893,0.412164,0.287227,0.277428,0.251836,0.376314,0.168842,0.266815,0.245832,0.399144,0.203143,0.136490,0.329576,0.234734,0.398677,0.382516,0.269450,0.403807,0.436427,0.596315,0.399634,0.455603,0.318448,0.591371,0.416516,0.520189,0.468229,0.357717,-0.009351,-0.025465,0.575877,0.670863,0.481927,0.598698,0.122023,0.397485,0.331882,-0.023656,0.259167,0.399710,-0.095502,0.190170,0.599665,0.551104,-0.043514,0.033685,0.278565,0.289423
0.520400,0.296577,0.337004,0.316359,0.068589,0.158628,0.385312,0.353062,0.306109,0.434806,0.782509,0.595571,0.000000,0.690997,0.635630,0.484552,0.092128,0.416456,0.522737,0.380118,0.043223,-0.041510,0.382251,0.273611,0.186888,0.026897,-0.000175,0.085616,0.351139,0.326159,0.324324,0.328802,0.212917,0.178935,0.232377,0.324136,0.461661,0.434592,0.403544,0.215355,0.447431,0.389652,0.371197,0.283172,0.328139,0.176397,0.219526,0.214531,0.114954,0.263502,0.266923,0.324956,0.072395,0.075195,0.198899,0.353484,0.134174,0.204977,0.127263,0.156422,0.357847,0.339758,0.158019,0.327172,0.686746,0.347144,0.114220,0.065900,0.215754,0.154688,0.251389,0.212030,0.452449,0.434559,0.358301,0.470561,0.199723,0.091085,0.190278,0.039620,0.128154,0.126810,0.167450,0.251631,0.232977,0.247806,0.065584,0.140673,0.234738,0.180131
0.496645,0.469507,0.357963,0.423209,-0.089941,0.269108,0.329100,0.466452,0.216233,0.225743,0.539083,0.816874,0.690997,0.000000,0.455947,0.671889,0.277857,0.594559,0.460738,0.384128,0.269358,0.287357,0.367784,0.317230,0.180162,0.074929,0.079873,0.325723,0.361577,0.547068,0.464102,0.446162,0.471673,0.421046,0.420727,0.506335,0.679467,0.603711,0.745195,0.201453,0.463424,0.510071,0.477285,0.434947,0.418309,0.315542,0.323783,0.414034,0.183177,0.359307,0.328908,0.497843,0.207628,0.270427,0.504483,0.523610,0.433203,0.457252,0.151409,0.238535,0.309546,0.307699,0.361846,0.541093,0.276200,0.291025,0.289038,0.323611,0.395003,0.337639,0.388253,0.369282,0.495083,0.554241,0.385771,0.561778,0.207588,0.169027,0.502941,0.089779,0.355269,0.386527,0.006348,0.157694,0.482219,0.512840,0.144039,-0.139808,0.357678,0.263397
0.469102,0.411529,0.467804,0.532755,0.254270,0.486910,0.332075,0.402897,0.554058,0.479739,0.626861,0.488943,0.635630,0.455947,0.000000,0.682331,0.099245,0.291316,0.675337,0.562597,0.202629,0.080461,0.584681,0.376851,0.446025,0.315232,0.319938,0.320097,0.516778,0.491652,0.324368,0.264159,0.322685,0.348621,0.370150,0.285113,0.407734,0.332275,0.281296,0.175102,0.420395,0.177432,0.436995,0.337626,0.325622,0.287309,0.386735,0.289445,0.219439,0.324791,0.333299,0.447852,0.236233,0.258937,0.244258,0.294672,0.169536,0.324751,0.331736,0.354905,0.324295,0.392781,0.215563,0.365885,0.480718,0.236900,0.407406,0.319233,0.328228,0.337459,0.056366,0.015189,0.303818,0.301067,0.295280,0.335453,0.122726,0.063501,0.461414,0.099672,0.354860,0.466178,0.400507,0.588433,0.630255,0.446096,0.098882,0.138416,0.502646,0.463292
0.529659,0.533451,0.558548,0.578727,0.270753,0.422494,0.625648,0.806919,0.510578,0.506542,0.488906,0.937070,0.484552,0.671889,0.682331,0.000000,0.339617,0.477448,0.756170,0.849414,0.436506,0.363069,0.595848,0.650409,0.422862,0.442825,0.467044,0.349021,0.499915,0.690445,0.460434,0.491858,0.746298,0.824605,0.620126,0.621080,0.351840,0.485713,0.251309,0.287750,0.294745,0.321996,0.370595,0.347797,0.244090,0.260951,0.223069,0.304765,0.086349,0.161277,0.211059,0.309802,0.094150,0.072664,0.217731,0.104296,0.290296,0.331511,0.249461,0.281977,0.316174,0.467114,0.396087,0.356327,0.484112,0.520330,0.491940,0.494422,0.395568,0.324546,-0.031953,-0.062039,0.433528,0.494289,0.331815,0.411626,0.169195,0.351076,0.498644,0.162170,0.344401,0.560336,-0.055108,0.401041,0.567023,0.499601,-0.144596,0.038326,0.249411,0.233403
0.478163,0.356237,-0.168386,-0.150078,0.166881,0.258817,0.281793,0.184778,0.160758,0.228384,0.395325,0.337759,0.092128,0.277857,0.099245,0.339617,0.000000,0.953475,0.344583,0.316636,0.225745,0.081520,-0.152836,-0.085174,-0.046752,0.054830,0.140464,0.372620,0.581669,0.703651,0.307760,0.334532,0.564445,0.503878,0.199385,0.237760,0.400245,0.254643,0.243212,0.108124,0.241680,0.128190,0.212989,0.288209,0.187804,0.348374,0.232430,0.143104,0.337617,0.217752,0.099987,0.013925,0.108267,-0.024844,-0.016815,0.061961,0.571965,0.446802,0.375735,0.301065,0.370656,-0.000925,0.868426,0.496087,0.042787,0.209756,0.522776,0.434246,0.359013,0.344546,-0.025649,0.021734,0.335133,0.286065,0.314515,0.224608,0.183929,0.160557,0.436280,0.445841,0.864714,0.950772,-0.064037,0.249013,0.226182,0.128406,-0.162877,0.021443,0.117930,0.072449
0.792837,0.770102,0.104300,0.140393,0.158755,0.328324,0.326125,0.346477,0.295739,0.326426,0.660347,0.619253,0.416456,0.594559,0.291316,0.477448,0.953475,0.000000,0.540533,0.526108,0.189098,0.073343,0.130668,0.141475,0.175701,0.187489,0.285861,0.420340,0.599848,0.864014,0.455746,0.495026,0.627942,0.628950,0.364572,0.439426,0.680935,0.506199,0.490659,0.376876,0.469516,0.442615,0.476574,0.487341,0.358174,0.374014,0.361719,0.356546,0.381794,0.325921,0.258005,0.253611,0.273127,0.206619,0.276724,0.307752,0.761423,0.794937,0.416692,0.472022,0.550378,0.288606,0.653496,0.909053,0.246563,0.335228,0.485780,0.407098,0.584384,0.454442,-0.018614,-0.008119,0.422128,0.473062,0.303248,0.342752,0.078614,0.035400,0.508822,0.358893,0.598635,0.792417,-0.065678,0.277793,0.418990,0.366512,-0.096175,0.069483,0.217982,0.242761
0.996220,0.826147,0.659629,0.525411,0.426086,0.391361,0.755061,0.719434,0.633941,0.458187,0.554966,0.832405,0.522737,0.460738,0.675337,0.756170,0.344583,0.540533,0.000000,1.242605,0.430960,0.366737,0.765859,0.538042,0.473874,0.247314,0.586855,0.350307,0.428933,0.553249,0.303827,0.275789,0.910056,0.903875,0.453863,0.546724,0.385543,0.469736,0.311400,0.310403,0.304006,0.206570,0.504310,0.414274,0.165449,0.199922,0.439133,0.418083,0.148321,0.173186,0.228331,0.290227,0.173478,0.115952,0.300980,0.189393,0.438690,0.474106,0.435109,0.454785,0.450000,0.525246,0.302154,0.388137,0.433733,0.398896,0.541530,0.481355,0.645346,0.496588,-0.081181,-0.078405,0.469943,0.449931,0.368190,0.452726,0.137995,0.428263,0.403195,0.032733,0.252952,0.470748,0.100466,0.334175,0.585047,0.367084,0.002247,0.054140,0.400975,0.368452
1.061605,1.089989,0.684236,0.668416,0.518425,0.539047,0.710915,0.811103,0.727449,0.561948,0.439603,0.805500,0.380118,0.384128,0.562597,0.849414,0.316636,0.526108,1.242605,0.000000,0.601754,0.483838,0.738427,0.632889,0.575782,0.415227,0.668295,0.374612,0.261190,0.487336,0.188886,0.201240,0.958826,1.154618,0.464118,0.659458,0.299280,0.502531,0.282548,0.324036,0.348446,0.270043,0.539754,0.447021,0.195994,0.235140,0.377177,0.391804,0.269686,0.197387,0.390964,0.381282,0.362012,0.295890,0.421675,0.195441,0.611687,0.641378,0.626364,0.643781,0.606655,0.800075,0.315904,0.476098,0.334610,0.425020,0.713046,0.646473,0.837484,0.715827,-0.316907,-0.326728,0.380830,0.426985,0.251129,0.376311,-0.107853,0.286162,0.405791,-0.071472,0.163783,0.566446,-0.058256,0.260171,0.691422,0.461623,-0.056276,0.134250,0.421097,0.495221
0.306347,0.423462,0.338868,0.297056,0.270789,0.432691,0.374370,0.398999,0.374985,0.182918,0.172379,0.476480,0.043223,0.269358,0.202629,0.436506,0.225745,0.189098,0.430960,0.601754,0.000000,1.047020,0.375529,0.316866,0.215950,0.197823,0.361677,0.315259,0.085762,0.312037,0.095456,-0.013565,0.614346,0.499704,0.217745,0.308287,0.209113,0.246217,0.328561,0.087641,0.232181,0.170813,0.224003,0.192353,0.042878,0.171900,0.143027,0.236268,0.182093,0.176672,0.151220,0.154715,0.247286,0.207071,0.242842,0.071862,0.317658,0.284116,0.268630,0.360409,0.208203,0.345411,0.285784,0.188230,-0.062679,0.108734,0.397574,0.460531,0.397263,0.443448,0.017092,0.000755,0.395165,0.340350,0.312950,0.357837,-0.008865,0.408855,0.253367,-0.038417,0.073052,0.345053,-0.234353,-0.029829,0.319372,0.212546,-0.030577,-0.098768,0.346345,0.325797
0.183995,0.348553,0.371519,0.324948,0.050866,0.243391,0.288440,0.359240,0.203245,-0.009657,0.026684,0.360237,-0.041510,0.287357,0.080461,0.363069,0.081520,0.073343,0.366737,0.483838,1.047020,0.000000,0.391518,0.375912,0.154527,0.194919,0.300041,0.335936,0.015166,0.269930,0.104159,-0.050380,0.546108,0.428294,0.190398,0.257640,0.093634,0.193851,0.366551,-0.038800,0.082519,0.087950,0.148504,0.152746,-0.024822,0.111017,0.089178,0.254070,-0.008562,0.058170,0.040757,0.110088,0.069435,0.120181,0.220715,0.009461,0.245495,0.247713,0.092869,0.186423,0.050636,0.235696,0.056689,0.008730,-0.100779,0.022168,0.253993,0.319805,0.377108,0.357192,0.061453,0.046932,0.265484,0.212579,0.165034,0.286229,-0.099718,0.363888,0.264007,-0.114203,-0.079417,0.247327,-0.220138,-0.127245,0.219374,0.122516,-0.004219,-0.272758,0.279480,0.213356
0.461292,0.560597,1.473513,1.091724,0.495643,0.459704,0.704323,0.830575,0.776602,0.360462,0.186918,0.518937,0.382251,0.367784,0.584681,0.595848,-0.152836,0.130668,0.765859,0.738427,0.375529,0.391518,0.000000,1.256612,1.030030,0.610763,0.745097,0.322492,0.086860,0.162241,0.475705,0.343688,0.564144,0.575059,0.687604,0.641404,0.256645,0.440488,0.211055,0.297266,0.251859,0.231472,0.511834,0.416450,0.305811,0.260794,0.376857,0.496052,0.213177,0.277115,0.435523,0.515389,0.385036,0.348111,0.496234,0.326757,0.206773,0.299707,0.349833,0.367182,0.416379,0.546514,0.072684,0.301927,0.500152,0.358976,0.399484,0.388348,0.472927,0.366601,0.038294,0.011379,0.346015,0.347563,0.247082,0.386297,0.108790,0.332412,0.167069,-0.163433,-0.044317,0.080334,0.068618,0.104104,0.601131,0.525623,0.127839,0.040219,0.526475,0.555795
0.309450,0.478500,1.149514,1.294140,0.535552,0.473031,0.619237,1.106451,0.662604,0.389189,0.084164,0.526659,0.273611,0.317230,0.376851,0.650409,-0.085174,0.141475,0.538042,0.632889,0.316866,0.375912,1.256612,0.000000,1.032246,0.839466,0.684066,0.317716,0.104658,0.194245,0.606334,0.554896,0.501846,0.628672,0.804489,0.753277,0.282340,0.471096,0.211688,0.366919,0.249096,0.278160,0.527806,0.504846,0.375481,0.443727,0.343629,0.523612,0.219246,0.309054,0.442120,0.575946,0.315627,0.262873,0.403016,0.283636,0.187170,0.225073,0.302503,0.316984,0.300251,0.475226,0.052595,0.216018,0.532081,0.610095,0.439934,0.510290,0.341869,0.246133,0.042782,0.018392,0.348264,0.419532,0.278456,0.433869,0.176431,0.356326,0.190531,-0.072429,0.040972,0.151610,0.009650,0.119277,0.562562,0.660598,0.077320,0.022006,0.408724,0.481101
0.419291,0.516475,1.153234,1.206035,0.671227,0.524711,0.477858,0.689299,0.768064,0.357895,0.040654,0.312219,0.186888,0.180162,0.446025,0.422862,-0.046752,0.175701,0.473874,0.575782,0.215950,0.154527,1.030030,1.032246,0.000000,1.057652,0.938937,0.373053,0.083047,0.141291,0.468845,0.410687,0.432366,0.528480,0.760408,0.758246,0.323241,0.387767,0.151306,0.434223,0.313164,0.137798,0.699212,0.651256,0.476056,0.507071,0.556861,0.657115,0.401900,0.372710,0.667265,0.661258,0.563814,0.441897,0.562285,0.446768,0.328028,0.389925,0.483054,0.443115,0.465122,0.438053,0.152519,0.379221,0.399669,0.372904,0.588957,0.563348,0.536728,0.438224,-0.109956,-0.116704,0.287608,0.298243,0.173758,0.271848,0.063003,0.174891,0.221721,-0.037651,0.113443,0.204899,0.032110,0.151109,0.674410,0.716810,0.065693,0.097580,0.500328,0.671801
0.221457,0.400441,0.748444,0.838402,0.513476,0.504382,0.334078,0.561166,0.589357,0.347797,0.007502,0.155694,0.026897,0.074929,0.315232,0.442825,0.054830,0.187489,0.247314,0.415227,0.197823,0.194919,0.610763,0.839466,1.057652,0.000000,0.882204,0.595700,0.141507,0.252464,0.584193,0.566046,0.255314,0.417484,0.555481,0.501938,0.251927,0.358847,0.065991,0.262940,0.344338,0.070171,0.569235,0.581386,0.412053,0.522069,0.433968,0.529627,0.312047,0.274910,0.455143,0.457544,0.332613,0.266742,0.236519,0.242928,0.265184,0.360734,0.358075,0.296508,0.280391,0.256617,0.073311,0.271322,0.299040,0.284594,0.523902,0.482818,0.376355,0.311969,-0.186063,-0.185284,0.263532,0.275152,0.099017,0.188145,-0.062115,-0.003309,0.236183,0.128080,0.096370,0.323450,-0.128914,0.160991,0.421396,0.508283,-0.205352,0.007137,0.238225,0.396851
0.449263,0.585804,0.848662,0.672139,0.677178,0.547336,0.522581,0.571436,0.794442,0.302237,-0.053625,0.263375,-0.000175,0.079873,0.319938,0.467044,0.140464,0.285861,0.586855,0.668295,0.361677,0.300041,0.745097,0.684066,0.938937,0.882204,0.000000,0.738871,0.117222,0.214713,0.328846,0.320782,0.513706,0.606457,0.634201,0.606382,0.131363,0.261451,-0.028914,0.254055,0.083568,-0.093118,0.474877,0.480640,0.189107,0.383106,0.439803,0.532518,0.235534,0.182821,0.293590,0.285053,0.315229,0.212820,0.295510,0.136993,0.395952,0.438102,0.471451,0.399138,0.343934,0.273503,0.173899,0.318364,0.222203,0.253977,0.581990,0.542223,0.578034,0.449089,-0.189769,-0.196029,0.182437,0.151890,0.027616,0.083904,0.016213,0.247564,0.225138,0.074144,0.071400,0.317874,-0.062241,0.180166,0.493052,0.440767,-0.128125,-0.051158,0.324305,0.481418
0.337104,0.420711,0.328568,0.386706,0.111201,0.642393,0.158583,0.282729,0.379730,0.307841,0.012705,0.130733,0.085616,0.325723,0.320097,0.349021,0.372620,0.420340,0.350307,0.374612,0.315259,0.335936,0.322492,0.317716,0.373053,0.595700,0.738871,0.000000,0.284779,0.365890,0.396176,0.426218,0.338908,0.323118,0.488187,0.422229,0.258697,0.352767,0.274116,0.083653,0.228312,0.016468,0.521489,0.510087,0.318029,0.486120,0.527514,0.449838,0.298443,0.308065,0.306739,0.324577,0.283679,0.278943,0.240909,0.286976,0.482169,0.574258,0.362248,0.336768,0.269018,0.060430,0.254686,0.408842,0.150991,0.060963,0.508407,0.436711,0.489405,0.467858,0.117937,0.114992,0.212808,0.159416,0.102768,0.210080,-0.036549,-0.067165,0.359054,0.266749,0.335310,0.561151,0.129407,0.240776,0.411514,0.393878,0.052290,-0.124234,0.388907,0.380224
0.263672,0.189372,0.026794,0.039425,-0.090283,0.023674,0.215654,0.216716,0.009709,0.083323,0.428190,0.361698,0.351139,0.361577,0.516778,0.499915,0.581669,0.599848,0.428933,0.261190,0.085762,0.015166,0.086860,0.104658,0.083047,0.141507,0.117222,0.284779,0.000000,1.297567,0.535982,0.547705,0.465752,0.383580,0.160845,0.102446,0.434119,0.482506,0.248373,0.283977,0.412862,0.381104,0.258781,0.229100,0.230444,0.221150,0.232469,0.118340,0.093081,0.166180,-0.037716,0.075699,-0.124885,-0.101121,-0.057267,-0.012629,0.122491,0.185824,0.061741,0.101204,0.092031,0.064361,0.442443,0.385404,0.201003,0.146324,0.191573,0.123255,0.176468,0.036303,0.230253,0.223727,0.447150,0.442820,0.408889,0.370914,0.361886,0.087292,0.796058,0.644985,0.743756,0.617567,0.310784,0.836193,0.161147,0.155335,-0.072229,-0.098750,0.029050,-0.049184
0.440529,0.475463,0.126115,0.152321,0.033109,0.171497,0.328351,0.403216,0.143667,0.172481,0.570660,0.618403,0.326159,0.547068,0.491652,0.690445,0.703651,0.864014,0.553249,0.487336,0.312037,0.269930,0.162241,0.194245,0.141291,0.252464,0.214713,0.365890,1.297567,0.000000,0.623927,0.584814,0.660737,0.628487,0.231845,0.247236,0.572104,0.538350,0.431255,0.258007,0.500990,0.456999,0.388621,0.367718,0.285739,0.312521,0.289834,0.282356,0.219169,0.257147,0.065495,0.190599,0.011733,-0.001771,0.075799,0.103666,0.387464,0.439435,0.209665,0.297678,0.268109,0.262377,0.473249,0.541503,0.150957,0.260022,0.365931,0.336955,0.344922,0.248332,0.113554,0.113968,0.518024,0.579312,0.420237,0.444831,0.167461,0.091740,0.796327,0.471388,0.679360,0.855256,0.024780,0.600799,0.307871,0.284407,-0.201702,-0.178684,0.115248,0.079601
0.109302,0.206834,0.461531,0.434985,0.148400,0.281485,0.410978,0.547971,0.222105,0.173324,0.317232,0.397930,0.324324,0.464102,0.324368,0.460434,0.307760,0.455746,0.303827,0.188886,0.095456,0.104159,0.475705,0.606334,0.468845,0.584193,0.328846,0.396176,0.535982,0.623927,0.000000,1.441153,0.372730,0.350688,0.574831,0.414047,0.501455,0.466426,0.273423,0.166333,0.423792,0.357764,0.450879,0.470557,0.497141,0.445523,0.339409,0.408090,0.175188,0.258119,0.176866,0.300795,0.043005,0.027881,0.118416,0.259781,0.133166,0.196371,0.012826,0.050680,0.112373,-0.010653,0.212328,0.297554,0.391578,0.348309,0.239246,0.263810,0.182364,0.075674,0.411596,0.402480,0.552239,0.573462,0.388758,0.542506,0.391680,0.209858,0.315297,0.379618,0.321199,0.271225,-0.098926,0.166235,0.204188,0.379332,-0.137649,-0.274413,0.071304,0.070665
0.107853,0.192557,0.347628,0.407982,0.100918,0.214535,0.304157,0.524337,0.140913,0.200106,0.248576,0.428403,0.328802,0.446162,0.264159,0.491858,0.334532,0.495026,0.275789,0.201240,-0.013565,-0.050380,0.343688,0.554896,0.410687,0.566046,0.320782,0.426218,0.547705,0.584814,1.441153,0.000000,0.305127,0.393762,0.542080,0.431958,0.420152,0.523488,0.180893,0.249853,0.456752,0.430854,0.435391,0.459453,0.507367,0.435499,0.310586,0.334844,0.128755,0.233569,0.152553,0.283574,0.006297,0.000544,0.077356,0.196593,0.129636,0.183510,0.002869,0.021372,0.091931,-0.026038,0.218159,0.341069,0.378424,0.412374,0.199397,0.223205,0.169696,0.009641,0.344100,0.335487,0.545551,0.644710,0.368727,0.488701,0.358889,0.131266,0.346404,0.461769,0.361758,0.280769,-0.092911,0.188915,0.216074,0.398235,-0.167099,-0.227919,-0.013204,-0.000666
0.711862,0.796331,0.478913,0.434986,0.346438,0.436516,0.697111,0.704704,0.415645,0.256017,0.359741,0.749375,0.212917,0.471673,0.322685,0.746298,0.564445,0.627942,0.910056,0.958826,0.614346,0.546108,0.564144,0.501846,0.432366,0.255314,0.513706,0.338908,0.465752,0.660737,0.372730,0.305127,0.000000,1.428303,0.574388,0.694203,0.469448,0.441958,0.389124,0.428640,0.328888,0.384064,0.462066,0.440631,0.289525,0.331852,0.374408,0.391818,0.240172,0.220146,0.225571,0.252561,0.217160,0.163864,0.407527,0.143355,0.627352,0.582384,0.391783,0.463493,0.409251,0.440179,0.553693,0.454214,0.227353,0.415013,0.693172,0.686011,0.790494,0.630983,-0.013075,-0.015469,0.550530,0.600363,0.478048,0.530497,0.177756,0.513813,0.609269,0.124511,0.393556,0.615172,-0.052052,0.217938,0.547292,0.445799,0.083599,-0.051218,0.306223,0.311492
0.724485,0.945994,0.544085,0.569132,0.487236,0.428054,0.691568,0.900425,0.496681,0.350290,0.335935,0.836678,0.178935,0.421046,0.348621,0.824605,0.503878,0.628950,0.903875,1.154618,0.499704,0.428294,0.575059,0.628672,0.528480,0.417484,0.606457,0.323118,0.383580,0.628487,0.350688,0.393762,1.428303,0.000000,0.552393,0.739580,0.449224,0.553986,0.301922,0.491201,0.373718,0.407389,0.541466,0.527630,0.316609,0.394854,0.383224,0.429810,0.290101,0.245864,0.297134,0.359053,0.230724,0.158075,0.372237,0.134916,0.625204,0.639807,0.508689,0.573265,0.450219,0.601153,0.422436,0.475220,0.218561,0.549634,0.781695,0.811786,0.743716,0.575304,-0.207219,-0.190721,0.486944,0.625495,0.400528,0.496203,0.080392,0.441022,0.568378,0.057107,0.326043,0.631715,-0.152554,0.195018,0.627395,0.508398,-0.100105,-0.021425,0.235178,0.339271
0.356121,0.473502,0.673366,0.798429,0.363004,0.636550,0.448809,0.713337,0.497236,0.384993,0.122366,0.445444,0.232377,0.420727,0.370150,0.620126,0.199385,0.364572,0.453863,0.464118,0.217745,0.190398,0.687604,0.804489,0.760408,0.555481,0.634201,0.488187,0.160845,0.231845,0.574831,0.542080,0.574388,0.552393,0.000000,1.214098,0.446989,0.391958,0.325600,0.390567,0.185376,0.260717,0.529402,0.568667,0.477831,0.544198,0.388456,0.478126,0.250731,0.270420,0.454141,0.483130,0.367193,0.293489,0.455638,0.395184,0.391618,0.416482,0.292638,0.270645,0.288098,0.183683,0.285583,0.290896,0.642699,0.582615,0.670493,0.699449,0.385239,0.398005,0.219676,0.197772,0.396085,0.420012,0.411436,0.427667,0.348276,0.410308,0.290310,0.059958,0.360398,0.355381,0.036775,0.231455,0.690883,0.804839,0.181314,0.042369,0.382280,0.398010
0.564086,0.711795,0.666698,0.820476,0.424784,0.663929,0.495326,0.867783,0.600776,0.530654,0.130473,0.597054,0.324136,0.506335,0.285113,0.621080,0.237760,0.439426,0.546724,0.659458,0.308287,0.257640,0.641404,0.753277,0.758246,0.501938,0.606382,0.422229,0.102446,0.247236,0.414047,0.431958,0.694203,0.739580,1.214098,0.000000,0.468097,0.563813,0.465137,0.567202,0.306030,0.346658,0.685002,0.738681,0.503034,0.577662,0.514825,0.635285,0.384381,0.357608,0.589237,0.601490,0.514711,0.410883,0.664169,0.521114,0.595173,0.583354,0.454416,0.404078,0.427728,0.359116,0.282851,0.420860,0.495370,0.612916,0.723606,0.796132,0.602853,0.601869,0.053731,0.052101,0.450367,0.463086,0.373868,0.413910,0.175003,0.370265,0.325542,-0.128735,0.281570,0.335396,-0.134835,0.122557,0.767809,0.840379,0.152327,0.067164,0.393842,0.502854
0.503055,0.467613,0.270608,0.371411,0.150905,0.310156,0.265374,0.385954,0.215515,0.196790,0.674796,0.538807,0.461661,0.679467,0.407734,0.351840,0.400245,0.680935,0.385543,0.299280,0.209113,0.093634,0.256645,0.282340,0.323241,0.251927,0.131363,0.258697,0.434119,0.572104,0.501455,0.420152,0.469448,0.449224,0.446989,0.468097,0.000000,0.601513,0.933175,0.485451,0.775988,0.618688,0.653699,0.660843,0.598426,0.489137,0.449068,0.527607,0.407872,0.391526,0.372907,0.457783,0.258529,0.288909,0.428273,0.672726,0.485633,0.554429,0.250578,0.351018,0.341679,0.272627,0.382583,0.490255,0.265508,0.302221,0.483864,0.475614,0.454299,0.424757,0.211331,0.272974,0.643129,0.736891,0.592084,0.668306,0.283220,0.157487,0.479520,0.065690,0.533467,0.493291,0.010117,0.259386,0.455702,0.564967,0.088842,0.025164,0.281785,0.265425
0.447844,0.537287,0.453508,0.450425,0.152776,0.194453,0.375377,0.606265,0.321854,0.310561,0.288734,0.542873,0.434592,0.603711,0.332275,0.485713,0.254643,0.506199,0.469736,0.502531,0.246217,0.193851,0.440488,0.471096,0.387767,0.358847,0.261451,0.352767,0.482506,0.538350,0.466426,0.523488,0.441958,0.553986,0.391958,0.563813,0.601513,0.000000,0.536522,0.502340,0.655301,0.742467,0.658201,0.602162,0.474647,0.385402,0.394066,0.462583,0.322640,0.332202,0.399539,0.488769,0.244969,0.309157,0.390929,0.401913,0.295098,0.463063,0.291912,0.320667,0.273680,0.341745,0.186237,0.500435,0.223174,0.251010,0.344090,0.329898,0.461177,0.293993,0.055167,0.105954,0.564583,0.677376,0.419338,0.621269,0.135428,0.136561,0.444190,0.055874,0.252884,0.335276,-0.044374,0.297255,0.451754,0.461367,-0.093128,0.031528,0.175640,0.235123
0.409534,0.479537,0.156128,0.306716,-0.118169,0.231916,0.041833,0.225954,0.095531,0.090792,0.424665,0.433985,0.403544,0.745195,0.281296,0.251309,0.243212,0.490659,0.311400,0.282548,0.328561,0.366551,0.211055,0.211688,0.151306,0.065991,-0.028914,0.274116,0.248373,0.431255,0.273423,0.180893,0.389124,0.301922,0.325600,0.465137,0.933175,0.536522,0.000000,0.381809,0.610759,0.550695,0.529223,0.513959,0.409512,0.342569,0.412286,0.461619,0.288110,0.319917,0.357569,0.399802,0.323862,0.421201,0.570651,0.707791,0.490646,0.562247,0.182431,0.278925,0.252935,0.250386,0.208920,0.428121,0.166342,0.169577,0.299329,0.291278,0.414072,0.430489,0.327475,0.367962,0.437689,0.491036,0.367888,0.524569,0.188000,0.120194,0.459314,-0.154638,0.391198,0.379799,0.090015,0.171709,0.428944,0.454283,0.315782,-0.014791,0.409431,0.324463
0.317687,0.493060,0.280560,0.382024,0.172539,0.227348,0.128508,0.373190,0.194546,0.191013,0.108552,0.379792,0.215355,0.201453,0.175102,0.287750,0.108124,0.376876,0.310403,0.324036,0.087641,-0.038800,0.297266,0.366919,0.434223,0.262940,0.254055,0.083653,0.283977,0.258007,0.166333,0.249853,0.428640,0.491201,0.390567,0.567202,0.485451,0.502340,0.381809,0.000000,0.376119,0.654605,0.468119,0.517690,0.374843,0.352892,0.435537,0.419317,0.258291,0.283741,0.311623,0.376085,0.362359,0.344761,0.534025,0.391875,0.391413,0.455168,0.231090,0.325891,0.156948,0.314051,0.144323,0.344996,0.160126,0.289300,0.318923,0.378286,0.430840,0.406974,-0.061133,-0.011800,0.241966,0.400522,0.262771,0.245176,0.172806,0.135699,0.429894,0.099861,0.311829,0.207146,0.159063,0.342607,0.498081,0.600299,0.241817,0.284136,0.139168,0.341290
0.356436,0.381982,0.287094,0.327858,0.111373,0.184010,0.270565,0.334965,0.184091,0.183175,0.529989,0.429391,0.447431,0.463424,0.420395,0.294745,0.241680,0.469516,0.304006,0.348446,0.232181,0.082519,0.251859,0.249096,0.313164,0.344338,0.083568,0.228312,0.412862,0.500990,0.423792,0.456752,0.328888,0.373718,0.185376,0.306030,0.775988,0.655301,0.610759,0.376119,0.000000,0.720441,0.491295,0.440695,0.439204,0.273353,0.322651,0.347519,0.278780,0.252189,0.314954,0.344432,0.199521,0.278188,0.269044,0.393970,0.255745,0.382315,0.181514,0.185927,0.249237,0.280833,0.238479,0.449742,0.229583,0.183607,0.299251,0.197660,0.451115,0.291461,0.112094,0.123047,0.816931,0.823954,0.595269,0.695439,0.132822,0.041383,0.430784,0.007915,0.332498,0.377913,-0.043317,0.241737,0.394211,0.349979,-0.098497,-0.056480,0.105176,0.124892
0.221070,0.353163,0.151674,0.246887,-0.136396,0.044250,0.093008,0.309496,-0.077454,0.065322,0.393576,0.534420,0.389652,0.510071,0.177432,0.321996,0.128190,0.442615,0.206570,0.270043,0.170813,0.087950,0.231472,0.278160,0.137798,0.070171,-0.093118,0.016468,0.381104,0.456999,0.357764,0.430854,0.384064,0.407389,0.260717,0.346658,0.618688,0.742467,0.550695,0.654605,0.720441,0.000000,0.340882,0.303259,0.417399,0.167066,0.132702,0.189442,0.142584,0.228147,0.158295,0.306161,0.118009,0.249774,0.317918,0.293283,0.205772,0.314435,-0.009471,0.151066,0.153337,0.308289,0.168623,0.376773,0.186493,0.266644,0.071718,0.140273,0.286303,0.160460,0.118471,0.118826,0.531515,0.812803,0.461316,0.563913,0.113529,0.031837,0.330081,0.115101,0.206406,0.153404,0.028011,0.196466,0.270692,0.370090,0.078661,0.109620,0.004229,0.027257
0.652630,0.789028,0.533604,0.701455,0.378695,0.517293,0.329181,0.576494,0.576434,0.423856,0.265978,0.427893,0.371197,0.477285,0.436995,0.370595,0.212989,0.476574,0.504310,0.539754,0.224003,0.148504,0.511834,0.527806,0.699212,0.569235,0.474877,0.521489,0.258781,0.388621,0.450879,0.435391,0.462066,0.541466,0.529402,0.685002,0.653699,0.658201,0.529223,0.468119,0.491295,0.340882,0.000000,1.640562,1.160479,0.927414,1.455121,1.225553,0.714084,0.763507,0.779612,0.888415,0.655007,0.570431,0.828102,0.890723,0.725867,0.886264,0.618082,0.684983,0.521934,0.467270,0.206730,0.564786,0.227204,0.316521,0.656324,0.689401,0.610985,0.603633,0.003391,0.013254,0.400752,0.458875,0.319765,0.468626,-0.032865,-0.022639,0.443855,-0.031085,0.273702,0.457701,0.079577,0.208868,0.640174,0.771761,0.200267,0.109203,0.472776,0.645571
0.560014,0.740435,0.487473,0.667240,0.381482,0.499936,0.321094,0.604550,0.550035,0.391673,0.199217,0.412164,0.283172,0.434947,0.337626,0.347797,0.288209,0.487341,0.414274,0.447021,0.192353,0.152746,0.416450,0.504846,0.651256,0.581386,0.480640,0.510087,0.229100,0.367718,0.470557,0.459453,0.440631,0.527630,0.568667,0.738681,0.660843,0.602162,0.513959,0.517690,0.440695,0.303259,1.640562,0.000000,1.115749,1.144933,1.365683,1.541424,0.675637,0.762042,0.670977,0.799453,0.567421,0.462588,0.732316,0.882023,0.757362,0.865550,0.579027,0.629060,0.447296,0.327332,0.223256,0.494393,0.187447,0.331612,0.718442,0.807791,0.638140,0.630105,-0.012656,0.013333,0.418695,0.439837,0.330894,0.446494,0.004428,0.046028,0.470408,0.035967,0.323331,0.491944,0.018800,0.172836,0.620441,0.787645,0.150230,0.083300,0.403601,0.597633
0.303672,0.402756,0.278840,0.515901,0.227161,0.420126,0.186476,0.422492,0.347724,0.314595,0.257604,0.287227,0.328139,0.418309,0.325622,0.244090,0.187804,0.358174,0.165449,0.195994,0.042878,-0.024822,0.305811,0.375481,0.476056,0.412053,0.189107,0.318029,0.230444,0.285739,0.497141,0.507367,0.289525,0.316609,0.477831,0.503034,0.598426,0.474647,0.409512,0.374843,0.439204,0.417399,1.160479,1.115749,0.000000,1.082514,0.948862,0.886402,0.744176,0.907754,0.720312,0.814930,0.520305,0.482701,0.686034,0.837224,0.461410,0.574638,0.385009,0.455555,0.374551,0.239785,0.279804,0.470560,0.264294,0.313782,0.465875,0.530055,0.358441,0.376613,0.142184,0.123169,0.381547,0.451979,0.347500,0.428526,0.025550,-0.126570,0.362821,0.099311,0.322352,0.334151,0.075982,0.092223,0.465860,0.686279,0.251083,0.138071,0.376810,0.476071
0.302104,0.469589,0.285221,0.542482,0.460499,0.627101,0.285048,0.589604,0.544857,0.450431,0.123471,0.277428,0.176397,0.315542,0.287309,0.260951,0.348374,0.374014,0.199922,0.235140,0.171900,0.111017,0.260794,0.443727,0.507071,0.522069,0.383106,0.486120,0.221150,0.312521,0.445523,0.435499,0.331852,0.394854,0.544198,0.577662,0.489137,0.385402,0.342569,0.352892,0.273353,0.167066,0.927414,1.144933,1.082514,0.000000,0.886641,0.920641,0.884084,1.110749,0.727015,0.825382,0.532116,0.334722,0.513943,0.658900,0.567216,0.570539,0.639921,0.635366,0.399716,0.212920,0.347008,0.415275,0.248894,0.529885,0.793789,0.944675,0.365894,0.477169,0.071261,0.079276,0.272024,0.306940,0.304194,0.334931,0.046061,-0.000234,0.359301,0.192888,0.439666,0.537065,0.054921,0.142172,0.570461,0.802138,0.183498,0.080040,0.514409,0.690706
0.528462,0.638983,0.374230,0.490642,0.306214,0.486522,0.203945,0.377549,0.513260,0.325245,0.129603,0.251836,0.219526,0.323783,0.386735,0.223069,0.232430,0.361719,0.439133,0.377177,0.143027,0.089178,0.376857,0.343629,0.556861,0.433968,0.439803,0.527514,0.232469,0.289834,0.339409,0.310586,0.374408,0.383224,0.388456,0.514825,0.449068,0.394066,0.412286,0.435537,0.322651,0.132702,1.455121,1.365683,0.948862,0.886641,0.000000,1.282914,0.655896,0.737492,0.634212,0.722921,0.627659,0.528096,0.779445,0.828971,0.698151,0.791638,0.561190,0.604310,0.394104,0.281502,0.209420,0.477764,0.109507,0.159955,0.563538,0.597332,0.560155,0.605823,0.029581,0.044545,0.241155,0.244685,0.204557,0.272402,-0.007092,-0.030139,0.449136,0.052136,0.325616,0.467072,0.219482,0.252449,0.555399,0.665935,0.321903,0.131575,0.465334,0.654763
0.497155,0.677022,0.579994,0.655258,0.381718,0.413142,0.336268,0.560287,0.577870,0.264716,0.133501,0.376314,0.214531,0.414034,0.289445,0.304765,0.143104,0.356546,0.418083,0.391804,0.236268,0.254070,0.496052,0.523612,0.657115,0.529627,0.532518,0.449838,0.118340,0.282356,0.408090,0.334844,0.391818,0.429810,0.478126,0.635285,0.527607,0.462583,0.461619,0.419317,0.347519,0.189442,1.225553,1.541424,0.886402,0.920641,1.282914,0.000000,0.582275,0.714464,0.561269,0.710839,0.545467,0.465920,0.795777,0.903472,0.671960,0.714130,0.494146,0.563696,0.368574,0.313982,0.143831,0.424522,0.105027,0.232810,0.576022,0.667253,0.608785,0.565532,0.018820,0.041386,0.359172,0.336691,0.245873,0.332324,0.009627,0.105344,0.381429,-0.066326,0.192455,0.365271,-0.030163,0.085694,0.539839,0.711967,0.149168,-0.035156,0.410628,0.600645
0.516201,0.550205,0.166840,0.313661,0.484984,0.580476,0.218063,0.379538,0.575804,0.513306,0.185481,0.168842,0.114954,0.183177,0.219439,0.086349,0.337617,0.381794,0.148321,0.269686,0.182093,-0.008562,0.213177,0.219246,0.401900,0.312047,0.235534,0.298443,0.093081,0.219169,0.175188,0.128755,0.240172,0.290101,0.250731,0.384381,0.407872,0.322640,0.288110,0.258291,0.278780,0.142584,0.714084,0.675637,0.744176,0.884084,0.655896,0.582275,0.000000,1.247947,1.098440,0.892003,0.909869,0.530331,0.598133,0.673184,0.652727,0.689156,1.169067,1.066750,0.901634,0.551586,0.464885,0.716533,0.106444,0.348456,0.713519,0.706397,0.312513,0.511945,-0.148512,-0.136608,0.113772,0.147009,0.232665,0.178328,-0.128152,-0.168033,0.182710,-0.085122,0.337818,0.454414,0.033372,0.106633,0.468818,0.475188,0.223145,0.313921,0.653941,0.790836
