0.000000,0.617828,0.628521,0.610760,0.658750,0.669658,0.636574,0.536322,0.425182,0.531476,0.421531,0.303404,0.343402,0.296537,0.561375,0.484966,0.308566,0.042789,0.752519,0.610434,0.017470,0.093333,0.541953,0.426791,0.248669,0.256440,0.459697,0.534685,0.158070,0.060590,-0.069819,-0.050752,0.663951,0.577847,0.224611,0.155456,0.463576,0.010848,0.469403,0.390183,-0.117038,-0.134515,0.487399,0.306684,0.366683,0.341390,0.541533,0.538640,0.502325,0.388223,0.601124,0.421061,0.562851,0.498624,0.724146,0.701791,0.803013,0.710871,0.716663,0.644462,0.722998,0.417964,0.483701,0.238002,0.401440,0.239209,0.516695,0.449088,0.549811,0.529767,-0.118772,-0.146766,0.308023,0.184083,0.380058,0.414430,0.231407,0.216839,0.220551,0.035049,0.237035,0.263899,0.293388,0.367352,0.606516,0.443973,0.201621,0.439285,0.560009,0.534511
0.617828,0.000000,0.326282,0.332448,0.254673,0.164024,0.247153,0.220775,0.207707,0.108657,0.183067,0.086968,0.034567,0.020661,0.373999,0.245450,0.078778,0.149883,0.426201,0.419808,0.140018,0.042987,0.189322,0.128669,0.210833,-0.004328,0.368790,0.324986,0.192917,0.129178,-0.107994,0.000032,0.435276,0.444098,-0.040832,0.009866,0.200684,-0.063973,0.336723,0.284408,-0.071545,-0.120148,0.318127,0.291291,0.256779,0.225746,0.375681,0.341027,0.405835,0.314546,0.328304,0.206592,0.377030,0.365730,0.328862,0.361204,0.381868,0.863136,0.625758,0.591683,0.266260,0.037354,0.329038,0.113271,-0.005931,-0.144087,0.317651,0.261527,0.438145,0.408873,-0.049253,-0.087455,0.104258,0.132527,0.169993,0.284128,0.026432,0.094867,0.210055,0.014943,0.268765,0.223150,0.115882,0.429463,0.289855,0.302120,0.039205,0.223948,0.174876,0.172356
0.628521,0.326282,0.000000,0.959079,0.844828,0.715892,1.185064,0.790646,0.514284,0.594057,0.438414,0.171568,0.587196,0.320716,0.737803,0.629688,0.071616,-0.127420,1.134433,0.683833,-0.097099,0.205674,1.209719,0.971290,0.568174,0.507958,0.374788,0.444640,0.151770,0.084833,-0.019890,0.063485,0.602944,0.575679,0.416701,0.214727,0.356876,0.086000,0.373055,0.277791,-0.034844,-0.082885,0.415779,0.234429,0.476380,0.394440,0.373816,0.400236,0.476001,0.261290,0.569413,0.303576,0.365603,0.296141,0.386995,0.277482,0.164860,0.316832,0.350548,0.401535,0.604170,0.534671,0.408779,0.220941,0.616393,0.438526,0.704037,0.504399,0.243767,0.268681,-0.058874,-0.029938,0.263483,0.131647,0.284855,0.286134,0.249936,0.174551,0.118534,-0.061994,0.168772,0.125908,0.417937,0.330159,0.629533,0.268555,0.309384,0.436242,0.513604,0.485262
0.610760,0.332448,0.959079,0.000000,0.780776,0.781863,0.769512,1.261291,0.518458,0.596078,0.353108,0.447111,0.499499,0.518817,0.649735,0.822692,0.231319,0.097119,0.802390,0.986034,-0.112743,0.223794,0.749474,1.059965,0.562206,0.592844,0.390170,0.445804,0.238295,0.280416,-0.021452,0.076625,0.496665,0.697915,0.324956,0.369062,0.390738,0.155252,0.345136,0.305161,-0.090652,-0.046052,0.597355,0.498750,0.623970,0.749102,0.532552,0.601639,0.532777,0.496355,0.560075,0.610406,0.376829,0.277870,0.479276,0.511296,0.264657,0.499155,0.478481,0.598589,0.542118,0.777156,0.526672,0.575754,0.413578,0.631675,0.557536,0.795078,0.309412,0.376694,0.055364,0.080205,0.340673,0.346798,0.275459,0.276244,0.319135,0.391924,0.184128,0.000244,0.360185,0.385061,0.334024,0.374978,0.674892,0.710924,0.201025,0.426164,0.440654,0.649345
0.658750,0.254673,0.844828,0.780776,0.000000,1.381900,0.691328,0.594867,0.937686,1.153328,0.237631,0.165454,0.316626,0.234004,0.612899,0.697519,0.106555,-0.112490,0.822601,0.712384,-0.172949,0.156761,0.665896,0.617643,0.454675,0.479163,0.610702,0.706991,-0.004510,0.001243,-0.170308,-0.110092,0.567271,0.569654,0.347313,0.256032,0.507608,0.217492,0.586523,0.376118,-0.173881,-0.190913,0.532502,0.347294,0.355458,0.349130,0.502114,0.695115,0.484669,0.309086,0.501244,0.330130,0.534316,0.611211,0.692722,0.654057,0.306507,0.406395,0.448867,0.613031,0.538203,0.507770,0.334002,0.236994,0.471784,0.429297,0.542626,0.586951,0.550215,0.569003,-0.314539,-0.318518,0.210800,0.130005,0.573741,0.562805,0.219600,0.185101,0.057654,-0.155199,0.169356,0.214741,0.412170,0.432489,0.698722,0.459373,0.322973,0.471030,0.492002,0.694591
0.669658,0.164024,0.715892,0.781863,1.381900,0.000000,0.753000,0.704907,0.913811,1.241319,0.276947,0.256511,0.349440,0.337979,0.631841,0.792531,0.176822,-0.146431,0.754125,0.701866,-0.101362,0.176704,0.627210,0.664930,0.374688,0.572387,0.580830,0.780935,0.042397,0.031197,-0.093698,-0.051297,0.489413,0.548066,0.280305,0.253328,0.553862,0.251395,0.572389,0.428921,-0.212033,-0.175081,0.519284,0.303735,0.262216,0.315437,0.467171,0.651017,0.407739,0.314119,0.413258,0.336566,0.536567,0.500077,0.654776,0.711201,0.348883,0.365095,0.374360,0.497046,0.517755,0.635928,0.288106,0.279315,0.482620,0.568471,0.378994,0.486734,0.467895,0.492915,-0.233809,-0.262630,0.196923,0.117848,0.478406,0.457680,0.205838,0.199714,0.096352,-0.132809,0.186522,0.201182,0.439329,0.412919,0.643446,0.504631,0.355660,0.495425,0.572750,0.779646
0.636574,0.247153,1.185064,0.769512,0.691328,0.753000,0.000000,0.964884,0.591566,0.637193,0.643077,0.385837,0.703208,0.452412,0.778897,0.589286,0.071089,-0.088895,0.711490,0.391621,-0.175395,0.018928,1.078004,0.831095,0.404218,0.456878,0.319519,0.360505,0.102123,0.011609,-0.018969,0.060968,0.708258,0.671911,0.269042,0.103917,0.355083,0.074367,0.365909,0.328747,-0.098466,-0.148053,0.365725,0.235716,0.321264,0.271504,0.332734,0.409572,0.515260,0.296820,0.558755,0.379315,0.352582,0.212467,0.400798,0.335004,0.215892,0.284773,0.269497,0.308001,0.874745,0.826634,0.307815,0.339830,0.887213,0.655168,0.437500,0.346269,0.046612,0.078130,-0.095995,-0.077390,0.103072,-0.031260,0.139399,0.195471,0.183274,0.131190,0.056381,-0.077938,0.085232,0.072915,0.397749,0.302423,0.534629,0.233643,0.215574,0.347616,0.586753,0.444718
0.536322,0.220775,0.790646,1.261291,0.594867,0.704907,0.964884,0.000000,0.603476,0.595498,0.666019,0.757361,0.760406,0.705875,0.760214,0.755211,0.192673,0.008539,0.582474,0.653239,-0.031013,0.147611,0.975658,1.279243,0.464659,0.570620,0.297781,0.416109,0.214759,0.222817,0.141977,0.218607,0.500691,0.727824,0.273435,0.317657,0.213559,0.081755,0.244844,0.248717,-0.039916,-0.031149,0.392850,0.436311,0.398534,0.624463,0.412524,0.507267,0.388787,0.575468,0.451150,0.650887,0.313023,0.292068,0.304552,0.407811,0.181545,0.337950,0.263930,0.355505,0.675737,1.122313,0.451919,0.648484,0.529990,0.980742,0.309459,0.540365,0.078402,0.165000,0.090159,0.124365,0.154168,0.185267,0.125347,0.152112,0.121263,0.173433,0.145038,-0.016460,0.236780,0.201324,0.296429,0.276484,0.523845,0.465437,0.143819,0.242031,0.376585,0.602451
0.425182,0.207707,0.514284,0.518458,0.937686,0.913811,0.591566,0.603476,0.000000,1.416442,0.390844,0.428168,0.436693,0.393610,0.780844,0.805676,0.160939,0.076927,0.448637,0.515682,-0.009047,0.113009,0.502540,0.454597,0.362132,0.394307,0.447272,0.544474,0.063029,0.083894,-0.010878,-0.088118,0.358939,0.399346,0.206534,0.193120,0.211130,0.223776,0.398243,0.171340,-0.205696,-0.299340,0.519920,0.575164,0.311174,0.437878,0.493898,0.727580,0.671162,0.611704,0.487492,0.536164,0.412021,0.465358,0.386963,0.547571,0.119239,0.294991,0.459515,0.586167,0.581784,0.471775,0.271634,0.370405,0.417234,0.504062,0.281624,0.463928,0.367786,0.320322,-0.155357,-0.168521,0.016892,0.092994,0.390300,0.555096,0.188294,0.132857,0.137682,-0.091395,0.217079,0.210008,0.388237,0.314612,0.515278,0.514056,0.262573,0.139203,0.265659,0.526797
0.531476,0.108657,0.594057,0.596078,1.153328,1.241319,0.637193,0.595498,1.416442,0.000000,0.285949,0.286289,0.322010,0.310862,0.589375,0.780170,0.100846,-0.034549,0.539279,0.549808,-0.139035,0.050601,0.513352,0.530033,0.303223,0.363400,0.536635,0.654621,-0.081616,-0.070756,-0.128176,-0.160993,0.436715,0.479278,0.227473,0.157196,0.293847,0.256283,0.435245,0.213150,-0.233204,-0.349550,0.477908,0.369205,0.262746,0.335104,0.481588,0.661139,0.510984,0.437792,0.421947,0.399508,0.420158,0.509874,0.522074,0.636221,0.259524,0.258375,0.422397,0.546571,0.554595,0.543511,0.262759,0.315468,0.459435,0.532822,0.335543,0.466556,0.386198,0.363387,-0.294755,-0.291139,0.008719,0.026241,0.415146,0.508495,0.138792,0.095488,0.058124,-0.169162,0.096535,0.106312,0.497700,0.318198,0.597840,0.462926,0.405506,0.292351,0.414603,0.692409
0.421531,0.183067,0.438414,0.353108,0.237631,0.276947,0.643077,0.666019,0.390844,0.285949,0.000000,0.905058,1.178423,0.921102,0.728575,0.471176,0.310945,0.179348,0.269019,0.161552,0.127758,0.130229,0.516036,0.424249,0.258765,0.352061,0.038035,0.215612,0.297781,0.278404,0.219169,0.254228,0.195223,0.223640,0.129539,0.172186,-0.026081,-0.100809,0.138678,0.116160,0.019084,-0.109476,0.194496,0.358069,0.210133,0.316667,0.275581,0.264516,0.372427,0.539924,0.496671,0.604382,0.329132,0.331504,0.171726,0.264776,0.079126,0.213618,0.159930,0.157392,0.636118,0.465226,0.622619,0.545574,0.494778,0.495784,0.140132,0.191700,0.016945,-0.075053,0.412449,0.399508,0.255648,0.254761,0.177233,0.244145,0.201673,0.124614,0.188842,0.114469,0.252975,0.200123,0.112408,0.252541,0.320196,0.225852,0.014950,0.029423,0.286901,0.379984
0.303404,0.086968,0.171568,0.447111,0.165454,0.256511,0.385837,0.757361,0.428168,0.286289,0.905058,0.000000,0.816778,1.224446,0.580606,0.555733,0.391318,0.330091,0.008062,0.188652,0.178894,0.107086,0.276467,0.373789,0.151296,0.329707,0.062489,0.186020,0.341953,0.441430,0.284589,0.240011,0.118713,0.311601,0.060627,0.235012,-0.053207,0.029789,0.093002,0.036087,0.015963,-0.028077,0.227177,0.554646,0.252594,0.548980,0.340168,0.409220,0.377263,0.745355,0.376437,0.833311,0.289158,0.275182,0.151054,0.436041,0.095438,0.314510,0.272657,0.290378,0.637281,0.585334,0.557899,1.009413,0.223699,0.558989,-0.005202,0.288376,-0.073511,-0.136149,0.357970,0.374166,0.203879,0.330408,0.150942,0.151981,0.144567,0.136206,0.191869,0.171261,0.379650,0.355291,0.136947,0.218339,0.248195,0.500187,-0.061495,-0.052362,0.114571,0.359759
0.343402,0.034567,0.587196,0.499499,0.316626,0.349440,0.703208,0.760406,0.436693,0.322010,1.178423,0.816778,0.000000,1.094912,0.791565,0.541096,0.413958,0.151299,0.378326,0.251234,0.104306,0.220735,0.707580,0.636267,0.369811,0.536515,-0.017948,0.153418,0.364045,0.360835,0.266660,0.227334,0.095233,0.128911,0.451814,0.401722,0.096508,0.040204,0.137856,0.110202,0.104947,0.065857,0.253882,0.371096,0.436703,0.504938,0.282810,0.312055,0.427309,0.451392,0.670608,0.693063,0.438508,0.285144,0.230157,0.279636,0.016961,0.180191,0.145245,0.123691,0.648944,0.610124,0.678152,0.572455,0.745098,0.732624,0.322481,0.347495,0.082388,-0.013513,0.489940,0.468275,0.389936,0.368863,0.245204,0.253090,0.393938,0.271376,0.226861,0.199698,0.289764,0.341028,0.144385,0.128617,0.488360,0.346008,0.076392,0.062496,0.399554,0.457786
0.296537,0.020661,0.320716,0.518817,0.234004,0.337979,0.452412,0.705875,0.393610,0.310862,0.921102,1.224446,1.094912,0.000000,0.554775,0.616232,0.497681,0.342756,0.186778,0.289081,0.148916,0.142060,0.358019,0.457328,0.298658,0.557904,0.072036,0.173805,0.455321,0.508934,0.258066,0.282000,0.037828,0.175693,0.362871,0.447007,0.068471,0.046203,0.219960,0.133251,-0.057738,-0.087169,0.348016,0.486159,0.445509,0.691678,0.315473,0.428410,0.443384,0.544160,0.587578,0.832996,0.380722,0.251206,0.267504,0.443820,0.140031,0.325683,0.213008,0.230824,0.601866,0.642318,0.731318,0.891924,0.446884,0.725968,0.210529,0.476827,0.075523,-0.014976,0.588983,0.570139,0.437035,0.460158,0.340036,0.288170,0.475039,0.438645,0.343979,0.305633,0.505544,0.503996,0.104633,0.314843,0.421535,0.589020,-0.077161,0.042487,0.286549,0.500720
0.561375,0.373999,0.737803,0.649735,0.612899,0.631841,0.778897,0.760214,0.780844,0.589375,0.728575,0.580606,0.791565,0.554775,0.000000,1.077221,0.281820,0.077226,0.594923,0.460008,0.144491,0.402091,0.725360,0.668697,0.659634,0.563023,0.367294,0.465042,0.386888,0.403510,0.127775,0.135821,0.368458,0.411594,0.128518,0.207238,0.314798,0.098164,0.352798,0.287169,0.045891,-0.021213,0.524915,0.627144,0.390383,0.438376,0.555918,0.583403,0.600450,0.641179,0.612699,0.559650,0.427822,0.427752,0.313592,0.398629,0.152198,0.357795,0.449030,0.464224,0.669347,0.490086,0.547304,0.449052,0.485499,0.437461,0.317835,0.325444,0.226926,0.202838,0.069491,0.038081,0.336052,0.281998,0.319389,0.369065,0.208929,0.192050,0.176852,-0.005750,0.471842,0.408068,0.430279,0.394487,0.635317,0.502445,0.165824,0.225889,0.354080,0.439117
0.484966,0.245450,0.629688,0.822692,0.697519,0.792531,0.589286,0.755211,0.805676,0.780170,0.471176,0.555733,0.541096,0.616232,1.077221,0.000000,0.318910,0.228335,0.515516,0.608919,0.028447,0.383023,0.504368,0.608512,0.550236,0.542505,0.472908,0.612660,0.257256,0.360309,0.034176,0.063021,0.384711,0.467104,0.205245,0.281749,0.386426,0.210953,0.530244,0.390354,-0.109760,-0.157989,0.617471,0.628172,0.460900,0.567537,0.608989,0.666814,0.659028,0.625298,0.591161,0.585903,0.401083,0.432061,0.445353,0.565929,0.200367,0.413999,0.507515,0.596704,0.670137,0.531762,0.662196,0.669387,0.433191,0.508357,0.372693,0.539086,0.309681,0.322894,0.086588,0.062807,0.369029,0.359288,0.362995,0.453973,0.325195,0.322186,0.164672,-0.057672,0.539533,0.417182,0.447897,0.592739,0.839845,0.842396,0.262498,0.424752,0.426821,0.693282
0.308566,0.078778,0.071616,0.231319,0.106555,0.176822,0.071089,0.192673,0.160939,0.100846,0.310945,0.391318,0.413958,0.497681,0.281820,0.318910,0.000000,0.761183,0.171046,0.169677,0.242727,0.165394,0.044162,0.060208,0.170411,0.289556,-0.220698,-0.100700,0.434587,0.580766,0.272205,-0.207001,-0.033356,-0.084401,0.064825,0.188294,0.290665,0.048455,0.129221,0.219525,-0.234709,0.054324,0.416407,0.440734,0.336122,0.392513,0.378548,0.439125,0.384235,0.366084,0.365170,0.402528,0.344723,0.340233,0.249440,0.438573,0.284183,0.292254,0.304703,0.273127,0.168397,0.093013,0.449447,0.272784,0.035335,0.084329,0.089029,0.287240,0.226245,0.146642,0.325714,0.234603,0.540978,0.608187,0.303427,0.282677,0.598944,0.492219,0.399036,0.607175,0.540790,0.641507,-0.035040,-0.002104,0.328731,0.518073,0.143155,0.225624,0.084722,0.188704
0.042789,0.149883,-0.127420,0.097119,-0.112490,-0.146431,-0.088895,0.008539,0.076927,-0.034549,0.179348,0.330091,0.151299,0.342756,0.077226,0.228335,0.761183,0.000000,-0.102060,0.025426,0.090020,-0.064060,-0.255766,-0.219672,0.051641,-0.078061,-0.217108,-0.287625,0.270492,0.432321,0.165223,-0.178368,-0.122303,-0.150380,-0.110836,-0.017079,-0.043223,0.020866,-0.060801,0.001828,-0.285184,-0.167702,0.264187,0.365286,0.276304,0.279000,0.298645,0.271579,0.425284,0.310557,0.273544,0.345888,0.151579,0.120692,0.154039,0.266740,0.102646,0.311098,0.259916,0.307861,0.086724,-0.076276,0.345504,0.414251,-0.045099,-0.069940,-0.002777,0.212542,0.109633,0.033925,0.354575,0.306344,0.203076,0.424506,0.106611,0.220355,0.429727,0.454788,0.265243,0.522193,0.367689,0.492858,-0.103194,-0.008683,0.141362,0.496047,0.045055,0.079322,-0.032155,0.062371
0.752519,0.426201,1.134433,0.802390,0.822601,0.754125,0.711490,0.582474,0.448637,0.539279,0.269019,0.008062,0.378326,0.186778,0.594923,0.515516,0.171046,-0.102060,0.000000,1.088219,-0.014970,0.205346,0.838077,0.779211,0.530532,0.549050,0.315116,0.422787,0.250626,0.148206,-0.129296,-0.000166,0.387056,0.375192,0.406861,0.303913,0.498077,0.051535,0.338182,0.290099,-0.084461,-0.051582,0.473193,0.233548,0.411758,0.334155,0.389140,0.484739,0.338225,0.205850,0.423076,0.196729,0.447149,0.421336,0.463813,0.325216,0.338968,0.400921,0.340939,0.406518,0.308465,0.376669,0.353601,0.024628,0.442435,0.334721,0.550713,0.421052,0.641033,0.695113,-0.088314,-0.102629,0.383865,0.220571,0.432185,0.412299,0.346207,0.361766,0.255101,0.023469,0.254407,0.284927,0.243600,0.368748,0.604920,0.284168,0.201295,0.401231,0.481157,0.485682
0.610434,0.419808,0.683833,0.986034,0.712384,0.701866,0.391621,0.653239,0.515682,0.549808,0.161552,0.188652,0.251234,0.289081,0.460008,0.608919,0.169677,0.025426,1.088219,0.000000,0.070330,0.224352,0.496911,0.681083,0.358855,0.483444,0.376894,0.460861,0.291348,0.254733,-0.114523,0.070040,0.252609,0.404522,0.352010,0.406071,0.296277,0.180098,0.264957,0.129985,-0.026461,-0.003906,0.509829,0.431788,0.446373,0.573308,0.425472,0.583928,0.351827,0.370089,0.332007,0.319030,0.400843,0.376237,0.398605,0.437135,0.267878,0.504316,0.437107,0.565332,0.253852,0.380633,0.376722,0.258694,0.185879,0.373331,0.389389,0.538803,0.748230,0.779890,0.035108,0.043981,0.321957,0.386956,0.416905,0.408142,0.293480,0.370640,0.305407,0.065848,0.387502,0.399829,0.235394,0.426125,0.494476,0.541519,0.058037,0.182220,0.254082,0.514634
0.017470,0.140018,-0.097099,-0.112743,-0.172949,-0.101362,-0.175395,-0.031013,-0.009047,-0.139035,0.127758,0.178894,0.104306,0.148916,0.144491,0.028447,0.242727,0.090020,-0.014970,0.070330,0.000000,0.483171,-0.064650,-0.041205,0.201474,0.250082,-0.012420,0.012213,0.635791,0.571144,0.696164,0.384990,-0.186274,-0.132970,0.043482,0.249303,-0.116470,-0.031380,-0.207408,-0.137090,0.176577,0.190808,-0.017550,0.136587,0.041338,0.141426,0.028627,0.018526,-0.113014,0.181706,-0.070258,0.086990,0.030026,0.059488,-0.232131,-0.038541,-0.085711,0.037920,-0.038381,-0.060525,-0.063267,-0.066190,0.171395,0.012245,-0.200801,-0.052568,-0.151515,-0.097193,0.045491,0.062705,0.437121,0.340451,0.342311,0.318397,0.168589,0.255030,-0.035348,0.016389,0.333105,0.293471,0.341321,0.189954,-0.200635,-0.017631,-0.003701,0.084316,-0.172599,-0.180537,-0.118870,-0.029992
0.093333,0.042987,0.205674,0.223794,0.156761,0.176704,0.018928,0.147611,0.113009,0.050601,0.130229,0.107086,0.220735,0.142060,0.402091,0.383023,0.165394,-0.064060,0.205346,0.224352,0.483171,0.000000,0.131841,0.128137,0.369238,0.398982,0.155145,0.255635,0.338391,0.419697,0.423761,0.243149,-0.018501,0.000370,0.086894,0.244791,0.170273,0.157867,-0.036701,-0.009585,0.230106,0.336625,0.169574,0.286507,0.163572,0.227852,0.258714,0.150251,0.065033,0.204702,0.122955,0.130182,0.016600,0.078752,-0.075412,0.006423,-0.049692,-0.036872,0.083428,0.013479,0.069236,0.037151,0.190214,0.076562,-0.002610,0.058289,0.101014,0.082052,0.190629,0.145756,0.331153,0.287158,0.580986,0.633733,0.392332,0.329526,0.152209,0.104438,0.163295,0.071628,0.270144,0.147762,0.064099,-0.008760,0.259699,0.202243,0.146408,0.117993,0.040740,0.122954
0.541953,0.189322,1.209719,0.749474,0.665896,0.627210,1.078004,0.975658,0.502540,0.513352,0.516036,0.276467,0.707580,0.358019,0.725360,0.504368,0.044162,-0.255766,0.838077,0.496911,-0.064650,0.131841,0.000000,1.331761,0.564528,0.579311,0.309302,0.418938,0.117624,0.015004,0.108427,0.234069,0.616854,0.578694,0.437561,0.202728,0.322296,-0.055932,0.318456,0.336542,-0.019558,-0.000830,0.320564,0.180349,0.358763,0.329391,0.300150,0.361661,0.281494,0.256844,0.461169,0.316068,0.318542,0.332281,0.321796,0.202124,0.141270,0.198645,0.194618,0.228626,0.576060,0.693655,0.341823,0.168069,0.697547,0.650886,0.554364,0.418685,0.120670,0.232883,-0.081215,-0.058830,0.124459,-0.014631,0.107812,0.108251,0.124131,0.092429,0.050056,-0.079468,0.062293,0.055786,0.197973,0.223791,0.500678,0.162242,0.206725,0.336506,0.443301,0.451505
0.426791,0.128669,0.971290,1.059965,0.617643,0.664930,0.831095,1.279243,0.454597,0.530033,0.424249,0.373789,0.636267,0.457328,0.668697,0.608512,0.060208,-0.219672,0.779211,0.681083,-0.041205,0.128137,1.331761,0.000000,0.555056,0.647089,0.309546,0.391309,0.171645,0.117448,0.104067,0.264584,0.451436,0.623362,0.369498,0.329358,0.282714,0.052543,0.206856,0.231223,0.032059,0.048450,0.293385,0.221540,0.360429,0.468391,0.284589,0.393790,0.192841,0.327408,0.344212,0.404613,0.278924,0.291886,0.277815,0.246798,0.144334,0.199332,0.153471,0.245339,0.426942,0.929785,0.362104,0.350811,0.539144,0.867437,0.404090,0.497979,0.093914,0.227310,-0.026699,0.006956,0.120754,0.040539,0.068341,0.043609,0.070142,0.128045,0.078590,-0.080679,0.129398,0.139771,0.278745,0.231781,0.524774,0.324941,0.147232,0.282066,0.355176,0.539382
0.248669,0.210833,0.568174,0.562206,0.454675,0.374688,0.404218,0.464659,0.362132,0.303223,0.258765,0.151296,0.369811,0.298658,0.659634,0.550236,0.170411,0.051641,0.530532,0.358855,0.201474,0.369238,0.564528,0.555056,0.000000,0.843036,0.243199,0.220023,0.518024,0.505435,0.245790,0.307689,0.260866,0.226546,0.280461,0.306879,0.395579,-0.149809,0.304709,0.452842,-0.189085,-0.075328,0.478317,0.323646,0.495519,0.419548,0.326898,0.345385,0.346194,0.269011,0.393977,0.314220,0.270307,0.177972,0.248583,0.181809,0.036449,0.206781,0.248476,0.275607,0.232129,0.358356,0.405414,0.193247,0.322571,0.333863,0.441658,0.454958,0.165393,0.303609,0.144140,0.045204,0.537193,0.234251,0.349941,0.383388,0.358942,0.442215,0.317681,0.118087,0.511796,0.418679,-0.003745,0.290200,0.495782,0.373916,0.113334,0.381617,0.327045,0.362217
0.256440,-0.004328,0.507958,0.592844,0.479163,0.572387,0.456878,0.570620,0.394307,0.363400,0.352061,0.329707,0.536515,0.557904,0.563023,0.542505,0.289556,-0.078061,0.549050,0.483444,0.250082,0.398982,0.579311,0.647089,0.843036,0.000000,0.053632,0.232730,0.714477,0.573275,0.221094,0.348509,0.111638,0.176157,0.390927,0.478690,0.445404,-0.099649,0.293146,0.375503,-0.044369,0.136315,0.486605,0.373229,0.491060,0.550943,0.253277,0.402074,0.270799,0.329493,0.386650,0.463219,0.256194,0.254960,0.321296,0.286214,0.078026,0.088100,0.159001,0.184412,0.241898,0.470065,0.373011,0.147630,0.311231,0.490916,0.377904,0.470397,0.198823,0.261536,0.204874,0.104076,0.668777,0.363775,0.446710,0.344076,0.450191,0.452188,0.505274,0.267702,0.635942,0.575105,-0.013406,0.340084,0.373210,0.432089,-0.055373,0.223976,0.281421,0.406230
0.459697,0.368790,0.374788,0.390170,0.610702,0.580830,0.319519,0.297781,0.447272,0.536635,0.038035,0.062489,-0.017948,0.072036,0.367294,0.472908,-0.220698,-0.217108,0.315116,0.376894,-0.012420,0.155145,0.309302,0.309546,0.243199,0.053632,0.000000,0.981911,-0.084205,-0.118472,-0.078676,0.087641,0.531637,0.615848,0.149260,0.149382,0.155252,0.029677,0.535692,0.261025,-0.107723,-0.334281,0.273710,0.125249,0.191559,0.199172,0.361787,0.350991,0.239161,0.160887,0.264638,0.117759,0.234659,0.291571,0.360585,0.371702,0.291342,0.362773,0.324926,0.339554,0.404245,0.304392,0.171580,0.203253,0.288362,0.262952,0.319486,0.326686,0.364130,0.372930,-0.208670,-0.170578,-0.053604,-0.120612,0.173882,0.243947,-0.112923,-0.038044,-0.014977,-0.227281,0.060573,-0.051169,0.311212,0.547821,0.422171,0.240520,0.118019,0.381431,0.410896,0.461852
0.534685,0.324986,0.444640,0.445804,0.706991,0.780935,0.360505,0.416109,0.544474,0.654621,0.215612,0.186020,0.153418,0.173805,0.465042,0.612660,-0.100700,-0.287625,0.422787,0.460861,0.012213,0.255635,0.418938,0.391309,0.220023,0.232730,0.981911,0.000000,-0.014194,-0.024517,-0.157833,0.047553,0.446938,0.579378,0.304832,0.377369,0.264141,0.042808,0.686189,0.369281,0.052107,-0.140842,0.309395,0.232311,0.234736,0.304264,0.421069,0.370246,0.232554,0.350685,0.316942,0.235757,0.313290,0.574599,0.454157,0.528949,0.230563,0.320138,0.365226,0.388133,0.412191,0.245177,0.310542,0.168457,0.273437,0.280741,0.413631,0.424283,0.482888,0.478247,-0.158082,-0.142685,0.098742,0.015674,0.266479,0.315259,-0.076657,-0.097393,0.048828,-0.267441,0.178066,0.001695,0.366702,0.614480,0.440218,0.262528,0.337032,0.449081,0.461369,0.710812
0.158070,0.192917,0.151770,0.238295,-0.004510,0.042397,0.102123,0.214759,0.063029,-0.081616,0.297781,0.341953,0.364045,0.455321,0.386888,0.257256,0.434587,0.270492,0.250626,0.291348,0.635791,0.338391,0.117624,0.171645,0.518024,0.714477,-0.084205,-0.014194,0.000000,1.276552,0.408619,0.420068,-0.096901,-0.023063,0.205629,0.420715,0.127111,-0.262393,0.000713,0.073448,0.098909,0.139924,0.322026,0.424803,0.469027,0.528882,0.229568,0.290946,0.268155,0.387237,0.275159,0.382799,0.173651,0.109444,0.059466,0.123765,0.057606,0.175689,0.167519,0.101572,0.068491,0.113204,0.416764,0.130147,0.008122,0.119224,0.099488,0.187263,0.203644,0.117567,0.521264,0.382839,0.639083,0.489993,0.285430,0.274827,0.322479,0.376612,1.030038,0.679866,0.964234,0.739251,-0.092144,0.255588,0.109540,0.281395,-0.288105,-0.072755,-0.004997,0.025238
0.060590,0.129178,0.084833,0.280416,0.001243,0.031197,0.011609,0.222817,0.083894,-0.070756,0.278404,0.441430,0.360835,0.508934,0.403510,0.360309,0.580766,0.432321,0.148206,0.254733,0.571144,0.419697,0.015004,0.117448,0.505435,0.573275,-0.118472,-0.024517,1.276552,0.000000,0.401345,0.198574,-0.191436,-0.088783,0.154087,0.407489,0.098075,-0.086773,-0.014677,0.059209,0.010314,0.110982,0.354380,0.519969,0.430230,0.520825,0.239340,0.300033,0.262694,0.418868,0.192701,0.337766,0.104821,0.131776,-0.019982,0.187176,-0.007190,0.196510,0.162629,0.146623,0.038349,0.083229,0.445451,0.305856,-0.079883,0.085284,0.006630,0.173800,0.114667,0.057037,0.554569,0.392996,0.710306,0.655733,0.302436,0.253040,0.340906,0.384406,0.693523,0.621506,1.052567,0.886009,0.017436,0.244265,0.181788,0.412643,-0.104679,0.019574,-0.026938,0.053426
-0.069819,-0.107994,-0.019890,-0.021452,-0.170308,-0.093698,-0.018969,0.141977,-0.010878,-0.128176,0.219169,0.284589,0.266660,0.258066,0.127775,0.034176,0.272205,0.165223,-0.129296,-0.114523,0.696164,0.423761,0.108427,0.104067,0.245790,0.221094,-0.078676,-0.157833,0.408619,0.401345,0.000000,0.751335,-0.056827,-0.065769,0.002020,0.061738,-0.085513,0.035149,-0.294861,-0.116741,0.057036,0.089074,-0.102042,0.028927,0.033164,0.111778,0.078577,0.017562,-0.072378,0.107420,0.025280,0.147793,-0.065926,-0.088844,-0.251723,-0.117065,-0.099830,-0.128173,-0.126662,-0.178370,0.068772,0.208374,0.105842,0.148129,0.051559,0.176845,-0.118787,-0.061801,-0.191015,-0.206597,0.493557,0.439358,0.200022,0.270579,0.028665,0.116316,0.020023,0.059229,0.188786,0.283096,0.064028,-0.004174,-0.231545,-0.317665,0.039556,0.046675,-0.048233,-0.086658,-0.092788,-0.051531
-0.050752,0.000032,0.063485,0.076625,-0.110092,-0.051297,0.060968,0.218607,-0.088118,-0.160993,0.254228,0.240011,0.227334,0.282000,0.135821,0.063021,-0.207001,-0.178368,-0.000166,0.070040,0.384990,0.243149,0.234069,0.264584,0.307689,0.348509,0.087641,0.047553,0.420068,0.198574,0.751335,0.000000,-0.017384,0.047323,0.102271,0.142862,-0.053015,-0.116365,-0.143916,-0.046902,0.222076,0.080399,-0.179570,-0.092969,-0.000941,0.086508,-0.053438,-0.088372,-0.164376,0.018485,0.025773,0.133876,-0.030726,-0.165167,-0.165564,-0.226869,-0.086902,-0.047788,-0.143127,-0.164770,0.088476,0.228778,0.186223,0.129900,0.120304,0.251726,-0.000963,-0.022867,-0.099869,-0.071427,0.508104,0.508947,0.143624,0.092904,0.012884,0.034704,0.000747,0.100772,0.155084,0.042870,0.053759,-0.050417,-0.299446,0.042880,-0.038442,-0.040143,-0.377192,-0.196992,-0.042781,-0.014060
0.663951,0.435276,0.602944,0.496665,0.567271,0.489413,0.708258,0.500691,0.358939,0.436715,0.195223,0.118713,0.095233,0.037828,0.368458,0.384711,-0.033356,-0.122303,0.387056,0.252609,-0.186274,-0.018501,0.616854,0.451436,0.260866,0.111638,0.531637,0.446938,-0.096901,-0.191436,-0.056827,-0.017384,0.000000,1.308563,0.112483,-0.059949,0.362405,-0.043317,0.448523,0.430160,-0.236082,-0.225994,0.312445,0.125453,0.286868,0.181380,0.345315,0.340029,0.423847,0.198642,0.419944,0.225786,0.337083,0.202764,0.422008,0.351193,0.256572,0.352333,0.501440,0.430363,0.716124,0.516163,0.187257,0.174613,0.423547,0.234827,0.499339,0.398871,0.102257,0.157661,-0.463121,-0.431226,-0.071998,-0.172944,-0.020181,0.075465,-0.059953,-0.035844,-0.061705,-0.227803,-0.061018,-0.107882,0.193124,0.258546,0.401398,0.204453,0.222628,0.445348,0.340143,0.296515
0.577847,0.444098,0.575679,0.697915,0.569654,0.548066,0.671911,0.727824,0.399346,0.479278,0.223640,0.311601,0.128911,0.175693,0.411594,0.467104,-0.084401,-0.150380,0.375192,0.404522,-0.132970,0.000370,0.578694,0.623362,0.226546,0.176157,0.615848,0.579378,-0.023063,-0.088783,-0.065769,0.047323,1.308563,0.000000,0.101632,0.099911,0.266879,-0.024334,0.370254,0.312870,-0.114762,-0.131453,0.260453,0.208236,0.259038,0.323151,0.356860,0.400804,0.315555,0.347665,0.305176,0.347916,0.254085,0.277618,0.386054,0.453626,0.268497,0.391291,0.435629,0.469129,0.603071,0.672468,0.194377,0.338359,0.282972,0.367807,0.350948,0.439720,0.090275,0.149137,-0.391999,-0.341299,-0.079885,-0.141789,-0.041446,0.020208,-0.137816,-0.072487,-0.040932,-0.237686,0.071609,-0.019310,0.290092,0.354528,0.346865,0.298360,0.153441,0.318375,0.275337,0.402898
0.224611,-0.040832,0.416701,0.324956,0.347313,0.280305,0.269042,0.273435,0.206534,0.227473,0.129539,0.060627,0.451814,0.362871,0.128518,0.205245,0.064825,-0.110836,0.406861,0.352010,0.043482,0.086894,0.437561,0.369498,0.280461,0.390927,0.149260,0.304832,0.205629,0.154087,0.002020,0.102271,0.112483,0.101632,0.000000,0.865186,0.199838,0.161083,0.342071,0.138655,0.121703,0.081180,0.253164,0.114471,0.657983,0.529464,0.160772,0.215536,0.216856,-0.009873,0.544162,0.285260,0.379032,0.225305,0.334008,0.225323,-0.019325,0.162551,0.045627,0.030438,0.318393,0.323821,0.420938,0.157496,0.656954,0.490399,0.762768,0.629568,0.324980,0.306158,0.181771,0.211146,0.340151,0.235242,0.411880,0.375016,0.434312,0.304733,0.242097,0.109803,0.227681,0.236668,0.108385,0.198343,0.503052,0.225616,0.142910,0.163070,0.441213,0.458978
0.155456,0.009866,0.214727,0.369062,0.256032,0.253328,0.103917,0.317657,0.193120,0.157196,0.172186,0.235012,0.401722,0.447007,0.207238,0.281749,0.188294,-0.017079,0.303913,0.406071,0.249303,0.244791,0.202728,0.329358,0.306879,0.478690,0.149382,0.377369,0.420715,0.407489,0.061738,0.142862,-0.059949,0.099911,0.865186,0.000000,0.094947,0.135886,0.195116,0.075104,0.239860,0.160412,0.192921,0.221759,0.523440,0.585558,0.172349,0.238008,0.090217,0.163810,0.352062,0.341420,0.308820,0.339223,0.214944,0.290772,0.048855,0.133681,0.055544,0.033764,0.173282,0.298589,0.409130,0.204677,0.305759,0.469250,0.402315,0.563020,0.366941,0.388089,0.340202,0.303430,0.467152,0.392897,0.358431,0.347715,0.331636,0.272355,0.382217,0.210381,0.487592,0.397746,0.069841,0.262291,0.353689,0.287001,0.016996,0.079249,0.302825,0.458953
0.463576,0.200684,0.356876,0.390738,0.507608,0.553862,0.355083,0.213559,0.211130,0.293847,-0.026081,-0.053207,0.096508,0.068471,0.314798,0.386426,0.290665,-0.043223,0.498077,0.296277,-0.116470,0.170273,0.322296,0.282714,0.395579,0.445404,0.155252,0.264141,0.127111,0.098075,-0.085513,-0.053015,0.362405,0.266879,0.199838,0.094947,0.000000,0.227634,0.610084,0.791069,-0.119396,0.155598,0.453568,0.167763,0.224880,0.140188,0.361181,0.466817,0.341057,0.070299,0.399189,0.185120,0.437361,0.205116,0.588934,0.412642,0.398078,0.391731,0.366800,0.428616,0.259444,0.193688,0.222901,0.027871,0.233248,0.094941,0.432374,0.369720,0.316223,0.449708,-0.195644,-0.294820,0.425682,0.154507,0.333443,0.265501,0.446069,0.401189,0.007586,-0.136228,0.249262,0.349614,0.078244,0.263731,0.533885,0.507847,0.093693,0.562865,0.283237,0.251089
0.010848,-0.063973,0.086000,0.155252,0.217492,0.251395,0.074367,0.081755,0.223776,0.256283,-0.100809,0.029789,0.040204,0.046203,0.098164,0.210953,0.048455,0.020866,0.051535,0.180098,-0.031380,0.157867,-0.055932,0.052543,-0.149809,-0.099649,0.029677,0.042808,-0.262393,-0.086773,0.035149,-0.116365,-0.043317,-0.024334,0.161083,0.135886,0.227634,0.000000,-0.036041,-0.198787,0.301815,0.237182,0.067421,0.113940,-0.059245,-0.023035,0.159796,0.232400,0.103617,-0.025832,0.098139,0.017422,0.223395,0.024972,0.019943,0.158786,-0.043097,0.183769,0.057729,0.189684,0.147558,0.176891,-0.027276,0.272347,0.116138,0.147605,0.041877,0.105078,0.064525,0.083489,-0.045313,0.023507,0.025537,0.313402,0.259534,0.278597,0.151365,-0.005192,-0.296422,-0.262289,-0.123608,-0.057951,0.534948,-0.168400,0.364560,0.284593,0.232968,-0.025400,-0.032805,0.058828
0.469403,0.336723,0.373055,0.345136,0.586523,0.572389,0.365909,0.244844,0.398243,0.435245,0.138678,0.093002,0.137856,0.219960,0.352798,0.530244,0.129221,-0.060801,0.338182,0.264957,-0.207408,-0.036701,0.318456,0.206856,0.304709,0.293146,0.535692,0.686189,0.000713,-0.014677,-0.294861,-0.143916,0.448523,0.370254,0.342071,0.195116,0.610084,-0.036041,0.000000,1.011664,-0.285155,-0.260844,0.605072,0.272401,0.407026,0.315279,0.418599,0.443984,0.507334,0.172225,0.528631,0.225137,0.418858,0.413160,0.728905,0.603167,0.283064,0.476780,0.409113,0.424255,0.427435,0.158898,0.365530,0.172728,0.336474,0.166580,0.600765,0.577081,0.393487,0.437483,-0.203963,-0.238673,0.201536,0.016032,0.310013,0.368106,0.288691,0.221803,0.099374,-0.137032,0.344579,0.222799,0.251767,0.791851,0.524264,0.426650,0.232883,0.628527,0.548567,0.592418
0.390183,0.284408,0.277791,0.305161,0.376118,0.428921,0.328747,0.248717,0.171340,0.213150,0.116160,0.036087,0.110202,0.133251,0.287169,0.390354,0.219525,0.001828,0.290099,0.129985,-0.137090,-0.009585,0.336542,0.231223,0.452842,0.375503,0.261025,0.369281,0.073448,0.059209,-0.116741,-0.046902,0.430160,0.312870,0.138655,0.075104,0.791069,-0.198787,1.011664,0.000000,-0.392463,-0.122684,0.478613,0.155398,0.328589,0.215357,0.302266,0.322167,0.357446,0.155128,0.363673,0.191280,0.320502,0.243515,0.591080,0.470373,0.308486,0.387298,0.337366,0.348568,0.264839,0.186110,0.266209,0.058655,0.210286,0.120894,0.393109,0.387270,0.158622,0.340843,-0.136998,-0.240606,0.274673,-0.072549,0.094404,0.111107,0.263679,0.341417,0.054707,-0.066110,0.318747,0.285526,-0.038417,0.573261,0.347848,0.367232,0.109769,0.723394,0.420787,0.398672
-0.117038,-0.071545,-0.034844,-0.090652,-0.173881,-0.212033,-0.098466,-0.039916,-0.205696,-0.233204,0.019084,0.015963,0.104947,-0.057738,0.045891,-0.109760,-0.234709,-0.285184,-0.084461,-0.026461,0.176577,0.230106,-0.019558,0.032059,-0.189085,-0.044369,-0.107723,0.052107,0.098909,0.010314,0.057036,0.222076,-0.236082,-0.114762,0.121703,0.239860,-0.119396,0.301815,-0.285155,-0.392463,0.000000,0.876288,-0.281917,-0.014752,-0.048043,0.002225,-0.067074,-0.198083,-0.234255,0.008753,0.013897,-0.007920,-0.114114,-0.003931,-0.147210,-0.208450,-0.140686,-0.140133,-0.159425,-0.178374,-0.024510,-0.133198,-0.000021,-0.112819,-0.035130,-0.031847,0.015581,-0.119646,-0.048739,-0.051643,0.145192,0.255653,0.083371,0.163620,-0.010068,-0.080286,-0.217434,-0.351423,-0.085158,-0.116492,-0.056464,-0.102758,0.153672,-0.156035,-0.081406,-0.177671,-0.119617,-0.342141,-0.172981,-0.138867
-0.134515,-0.120148,-0.082885,-0.046052,-0.190913,-0.175081,-0.148053,-0.031149,-0.299340,-0.349550,-0.109476,-0.028077,0.065857,-0.087169,-0.021213,-0.157989,0.054324,-0.167702,-0.051582,-0.003906,0.190808,0.336625,-0.000830,0.048450,-0.075328,0.136315,-0.334281,-0.140842,0.139924,0.110982,0.089074,0.080399,-0.225994,-0.131453,0.081180,0.160412,0.155598,0.237182,-0.260844,-0.122684,0.876288,0.000000,-0.164315,-0.006820,-0.031319,0.019381,-0.081526,-0.093055,-0.226615,0.007502,-0.057011,-0.026615,-0.069169,-0.015484,-0.071048,-0.085347,-0.120225,-0.083396,-0.131432,-0.111966,-0.154470,-0.122989,-0.085078,-0.158205,-0.169518,-0.080440,-0.030251,-0.083121,-0.081907,0.049251,0.087040,0.110359,0.259758,0.258683,-0.007388,-0.175550,-0.050780,-0.122435,-0.063002,0.013611,0.058410,0.112035,-0.026543,-0.233152,-0.119530,-0.012487,-0.067098,-0.146825,-0.228119,-0.147651
0.487399,0.318127,0.415779,0.597355,0.532502,0.519284,0.365725,0.392850,0.519920,0.477908,0.194496,0.227177,0.253882,0.348016,0.524915,0.617471,0.416407,0.264187,0.473193,0.509829,-0.017550,0.169574,0.320564,0.293385,0.478317,0.486605,0.273710,0.309395,0.322026,0.354380,-0.102042,-0.179570,0.312445,0.260453,0.253164,0.192921,0.453568,0.067421,0.605072,0.478613,-0.281917,-0.164315,0.000000,1.023090,0.896670,0.736550,1.012677,1.068081,0.906696,0.554756,0.723848,0.483609,0.398455,0.332899,0.590418,0.612844,0.279352,0.401057,0.637029,0.543831,0.354940,0.246145,0.331598,0.230252,0.251677,0.192146,0.529847,0.693602,0.471947,0.429669,-0.018984,-0.074681,0.377383,0.366933,0.359649,0.420920,0.427516,0.419422,0.422334,0.208323,0.546662,0.537259,0.273302,0.413492,0.546173,0.635587,0.125978,0.363003,0.282530,0.355635
0.306684,0.291291,0.234429,0.498750,0.347294,0.303735,0.235716,0.436311,0.575164,0.369205,0.358069,0.554646,0.371096,0.486159,0.627144,0.628172,0.440734,0.365286,0.233548,0.431788,0.136587,0.286507,0.180349,0.221540,0.323646,0.373229,0.125249,0.232311,0.424803,0.519969,0.028927,-0.092969,0.125453,0.208236,0.114471,0.221759,0.167763,0.113940,0.272401,0.155398,-0.014752,-0.006820,1.023090,0.000000,0.695596,0.899788,0.974473,1.027557,0.842757,1.010075,0.594966,0.726662,0.276603,0.321689,0.288064,0.517214,0.080283,0.295361,0.607114,0.472664,0.346810,0.212363,0.339944,0.411230,0.097219,0.190724,0.215988,0.466739,0.339565,0.187097,0.142660,0.143486,0.345230,0.526755,0.325561,0.433487,0.317785,0.287274,0.376051,0.166818,0.623806,0.558592,0.239283,0.266391,0.385789,0.636305,-0.012226,0.006508,-0.038479,0.203808
0.366683,0.256779,0.476380,0.623970,0.355458,0.262216,0.321264,0.398534,0.311174,0.262746,0.210133,0.252594,0.436703,0.445509,0.390383,0.460900,0.336122,0.276304,0.411758,0.446373,0.041338,0.163572,0.358763,0.360429,0.495519,0.491060,0.191559,0.234736,0.469027,0.430230,0.033164,-0.000941,0.286868,0.259038,0.657983,0.523440,0.224880,-0.059245,0.407026,0.328589,-0.048043,-0.031319,0.896670,0.695596,0.000000,1.219657,0.670602,0.597076,0.858421,0.494993,0.972180,0.663091,0.397385,0.218944,0.493855,0.464596,0.121362,0.305816,0.560701,0.362906,0.430317,0.299493,0.553326,0.269171,0.425932,0.281394,0.869853,0.917026,0.379413,0.261871,0.222258,0.225748,0.474190,0.427393,0.304111,0.350360,0.494120,0.494961,0.500193,0.338498,0.525630,0.565556,0.125638,0.297401,0.544022,0.563290,0.087518,0.305579,0.331409,0.394733
0.341390,0.225746,0.394440,0.749102,0.349130,0.315437,0.271504,0.624463,0.437878,0.335104,0.316667,0.548980,0.504938,0.691678,0.438376,0.567537,0.392513,0.279000,0.334155,0.573308,0.141426,0.227852,0.329391,0.468391,0.419548,0.550943,0.199172,0.304264,0.528882,0.520825,0.111778,0.086508,0.181380,0.323151,0.529464,0.585558,0.140188,-0.023035,0.315279,0.215357,0.002225,0.019381,0.736550,0.899788,1.219657,0.000000,0.657561,0.707060,0.739858,0.833097,0.763680,0.948810,0.308328,0.263415,0.383944,0.547047,0.087392,0.348737,0.554647,0.448658,0.423431,0.432010,0.599206,0.500307,0.250114,0.452581,0.555166,0.910798,0.337034,0.202250,0.291069,0.338737,0.411388,0.508349,0.333195,0.339608,0.394471,0.401836,0.553006,0.338078,0.617635,0.606982,0.138692,0.330178,0.433444,0.681565,-0.012988,0.130983,0.152649,0.421916
0.541533,0.375681,0.373816,0.532552,0.502114,0.467171,0.332734,0.412524,0.493898,0.481588,0.275581,0.340168,0.282810,0.315473,0.555918,0.608989,0.378548,0.298645,0.389140,0.425472,0.028627,0.258714,0.300150,0.284589,0.326898,0.253277,0.361787,0.421069,0.229568,0.239340,0.078577,-0.053438,0.345315,0.356860,0.160772,0.172349,0.361181,0.159796,0.418599,0.302266,-0.067074,-0.081526,1.012677,0.974473,0.670602,0.657561,0.000000,1.176459,0.778846,0.694032,0.751466,0.613301,0.401517,0.482191,0.619818,0.663214,0.318727,0.441060,0.717976,0.562075,0.453768,0.281270,0.414546,0.346624,0.247143,0.166938,0.436168,0.583134,0.508738,0.342456,-0.002170,0.019334,0.247664,0.381214,0.314168,0.452551,0.243047,0.249558,0.296555,0.102221,0.337786,0.306242,0.293472,0.244514,0.556933,0.585619,0.180110,0.309699,0.245562,0.385594
0.538640,0.341027,0.400236,0.601639,0.695115,0.651017,0.409572,0.507267,0.727580,0.661139,0.264516,0.409220,0.312055,0.428410,0.583403,0.666814,0.439125,0.271579,0.484739,0.583928,0.018526,0.150251,0.361661,0.393790,0.345385,0.402074,0.350991,0.370246,0.290946,0.300033,0.017562,-0.088372,0.340029,0.400804,0.215536,0.238008,0.466817,0.232400,0.443984,0.322167,-0.198083,-0.093055,1.068081,1.027557,0.597076,0.707060,1.176459,0.000000,0.792822,0.732424,0.614959,0.596307,0.504712,0.569852,0.586485,0.810851,0.368597,0.526954,0.639677,0.680432,0.425011,0.421687,0.367854,0.374269,0.234995,0.313930,0.332655,0.602299,0.517826,0.440856,-0.079280,-0.096268,0.226274,0.344750,0.360979,0.469673,0.328806,0.325242,0.374488,0.153910,0.467791,0.525354,0.330397,0.392953,0.561839,0.718144,0.055399,0.234686,0.128809,0.366692
