0.000000,0.489980,0.698632,0.398519,0.096422,0.185475,0.783906,0.433921,0.346990,0.250810,0.824791,0.411788,1.345734,0.438525,0.596144,0.557958,0.867238,0.486309,0.762068,0.683960,0.390854,0.232640,0.322628,0.098328,0.274769,0.373977,0.197812,0.373563,0.503512,0.205220,0.500577,0.483616,1.048376,0.782123,0.593635,0.539120,0.435121,0.036404,0.513361,0.444676,0.157516,-0.074027,0.489910,0.455821,0.494219,0.442445,0.574900,0.515785,0.907180,0.546696,0.800356,0.658106,0.771194,0.735818,0.765743,0.670932,0.982090,0.542839,0.994001,0.654183,1.147913,0.205886,1.054704,0.472066,0.363718,0.463860,0.808247,0.682852,0.763613,0.726204,0.512720,0.450056,0.682708,0.462277,0.266612,0.197987,0.145627,0.161026,0.727606,0.320875,0.846375,0.510997,0.477639,0.324487,0.735633,0.619548,0.432118,0.489040,0.519382,0.881769
0.489980,0.000000,-0.038104,0.226967,-0.024142,0.736962,-0.003155,0.705818,-0.004112,0.707312,-0.097670,1.184347,0.470600,1.192822,0.129421,0.940819,0.081021,0.914114,0.329490,0.802678,0.091209,0.087423,-0.190449,-0.281040,0.143548,0.583265,0.130735,0.201390,-0.022660,0.527011,0.109346,0.467056,0.682707,1.018365,-0.069018,0.101229,-0.155073,0.382414,0.247065,0.537537,0.554802,0.475384,0.200954,0.385870,0.206403,0.342435,0.444389,0.243724,0.444837,0.520637,0.557103,0.742967,0.778123,0.204899,0.848198,0.496129,0.896896,1.686050,0.883170,1.142382,0.824973,0.739792,0.350974,1.222212,-0.351823,0.483304,0.833051,0.663819,0.764987,1.096898,0.044244,0.163452,0.000306,0.977201,-0.343060,0.213132,-0.505351,-0.292863,0.222694,0.748064,0.288820,0.959996,0.535720,0.499515,0.105928,0.559764,0.258960,0.739128,0.017762,0.436844
0.698632,-0.038104,0.000000,0.790331,0.354412,0.175260,1.249684,0.483184,0.669987,0.277902,0.931026,0.066336,0.827198,0.177989,0.651638,0.323823,0.513460,-0.019002,0.916189,0.395057,0.311407,0.260595,1.138545,0.717258,0.626122,0.446120,0.477970,0.505468,0.397204,0.012864,0.655147,0.566578,0.431489,0.272285,0.532259,0.426149,0.341214,-0.221755,0.353153,0.118716,0.027027,-0.294457,0.210172,0.111197,0.162598,0.121641,0.194599,0.330107,0.333946,0.119488,0.318524,0.122075,0.250162,0.530532,0.264725,0.338310,0.188201,-0.035329,0.167435,0.046485,0.157953,-0.140867,0.329861,-0.115894,0.466711,0.102091,0.189218,0.171020,0.268416,0.125269,0.529868,0.503074,0.536840,0.030667,0.359926,0.159925,0.435077,0.421197,0.383255,0.021579,0.387867,-0.051195,0.230662,0.134776,0.498623,0.115767,0.189591,0.148486,0.564440,0.408224
0.398519,0.226967,0.790331,0.000000,0.292280,0.328614,0.827027,0.940751,0.587637,0.485252,0.389788,0.319456,0.538743,0.325042,0.464346,0.501816,0.225676,0.018461,0.576145,0.551822,0.261961,0.360026,0.624788,0.744169,0.430494,0.539788,0.534620,0.441754,0.134663,0.162044,0.624778,1.034011,0.449789,0.508932,0.264166,0.343494,0.014464,-0.000270,0.256582,0.215798,0.312486,-0.072206,0.198770,0.176721,0.194539,0.213994,0.283264,0.351490,0.297777,0.289854,0.352668,0.312041,0.411901,0.476140,0.454942,0.473581,0.235830,0.194235,0.298663,0.353111,0.175185,0.267136,0.173663,0.163762,0.274326,0.365153,0.356912,0.427215,0.315772,0.222922,0.508831,0.650914,0.245763,0.341435,0.086566,0.277895,0.206585,0.286289,0.134695,0.176507,0.245980,0.122274,0.257503,0.151976,0.272288,0.220806,0.260658,0.346319,0.400918,0.495334
0.096422,-0.024142,0.354412,0.292280,0.000000,0.484547,0.318539,0.277045,0.642701,0.387654,0.323110,0.179469,0.090337,0.183750,0.425495,0.192634,0.156460,-0.049740,0.521641,0.341502,0.257205,0.317217,0.517909,0.291971,0.627479,0.520408,0.517114,0.560828,0.194072,0.190945,0.305059,0.205542,0.107827,0.061798,0.327563,0.354076,0.290509,0.024905,0.403490,0.256117,-0.240901,-0.112685,0.230382,0.282730,0.249380,0.337419,0.254269,0.459723,0.161328,0.238002,0.047190,0.117251,0.174899,0.259851,0.252796,0.389679,-0.103137,-0.106272,-0.080340,0.065844,-0.162844,0.098147,-0.074256,-0.027050,0.274112,0.030448,0.064695,0.240042,0.216101,0.070438,-0.112603,0.158162,0.304493,0.174618,0.300856,0.432895,0.629804,0.741394,-0.010842,-0.013373,0.078852,-0.151350,0.132337,0.222287,0.106970,-0.067481,0.219794,0.116235,0.440886,0.281545
0.185475,0.736962,0.175260,0.328614,0.484547,0.000000,0.143199,0.840069,0.270567,1.448228,-0.023414,0.839320,0.245412,1.099362,0.173154,0.828098,-0.038236,0.343541,0.432590,0.614075,0.097560,0.143967,0.163269,0.052711,0.659761,1.227252,0.357525,0.443038,-0.075806,0.464192,0.224606,0.532509,0.257148,0.448877,-0.149684,0.042221,-0.120538,0.235171,0.180524,0.376379,0.195757,0.282357,-0.004461,0.170844,-0.036480,0.137652,0.156401,0.195939,0.063743,0.241468,0.098876,0.303002,0.376794,0.076258,0.454456,0.378275,0.273734,0.556941,0.202274,0.465466,0.159305,0.531186,-0.007235,0.459918,-0.374122,0.186980,0.280486,0.288804,0.480962,0.494857,-0.132826,0.074642,-0.033409,0.520954,-0.173916,0.325360,-0.159827,0.005407,0.015972,0.409624,0.076000,0.257726,0.401266,0.374193,-0.012740,0.136893,0.202666,0.459248,0.083555,0.196743
0.783906,-0.003155,1.249684,0.827027,0.318539,0.143199,0.000000,0.612315,0.564210,0.224250,0.906762,0.121836,0.794183,0.167972,0.579729,0.280099,0.688040,-0.064804,0.770986,0.506155,0.277070,0.244093,0.915825,0.702438,0.530333,0.407518,0.338426,0.384750,0.497331,0.028986,0.812990,0.719134,0.585081,0.448160,0.526092,0.476133,0.263162,-0.194343,0.386496,0.143798,0.100251,-0.261629,0.380207,0.216047,0.339865,0.278280,0.326520,0.433010,0.446830,0.284698,0.360658,0.295604,0.375252,0.693563,0.303132,0.462705,0.316790,0.020305,0.292813,0.139303,0.311532,-0.033768,0.516549,0.007121,0.454886,0.131706,0.299642,0.312233,0.339619,0.220213,0.652824,0.639512,0.676630,0.174578,0.380572,0.224161,0.438849,0.450208,0.408898,0.015244,0.547742,-0.002418,0.323418,0.105107,0.559541,0.198555,0.292118,0.170226,0.416604,0.511523
0.433921,0.705818,0.483184,0.940751,0.277045,0.840069,0.612315,0.000000,0.336918,0.894525,0.205591,0.888460,0.571366,0.884796,0.336254,0.773770,0.132310,0.274177,0.593404,0.838614,0.202473,0.219106,0.361217,0.354460,0.453163,0.773643,0.379550,0.368281,0.096298,0.409087,0.483822,1.008837,0.541462,0.789797,0.041445,0.211982,-0.186022,0.054945,0.283536,0.295272,0.484211,0.145900,0.167366,0.222061,0.137435,0.241045,0.336826,0.292835,0.278757,0.330767,0.279933,0.408972,0.512428,0.293420,0.543800,0.453956,0.394296,0.535952,0.409794,0.567376,0.356104,0.650276,0.171992,0.499081,-0.070050,0.385796,0.415488,0.413318,0.445914,0.463680,0.277910,0.489008,0.156206,0.662181,-0.033855,0.393882,-0.077558,0.084153,0.104847,0.369489,0.211126,0.290024,0.417260,0.315301,0.118267,0.205357,0.233699,0.502119,0.168741,0.380404
0.346990,-0.004112,0.669987,0.587637,0.642701,0.270567,0.564210,0.336918,0.000000,0.471920,0.457689,0.153919,0.412460,0.095306,0.951209,0.476605,0.358449,0.018038,0.670668,0.343734,0.511409,0.638725,0.493094,0.371786,0.542548,0.494056,0.863042,0.873372,0.236766,0.193837,0.479751,0.377707,0.322905,0.195927,0.401743,0.343527,0.366774,-0.010535,0.418731,0.309904,-0.011096,-0.194691,0.162863,0.132870,0.188176,0.175215,0.195344,0.377930,0.274691,0.226577,0.239391,0.152943,0.280584,0.488907,0.464429,0.516981,0.154739,0.045213,0.122647,0.112372,0.034496,0.056604,0.146377,0.032556,0.433120,0.183916,0.284682,0.326052,0.396824,0.228648,0.317948,0.365484,0.364439,0.209133,0.085071,0.251004,0.540866,0.616784,0.235747,0.098274,0.342861,0.007984,0.304187,0.288105,0.330669,0.137225,0.433590,0.307285,0.797671,0.586023
0.250810,0.707312,0.277902,0.485252,0.387654,1.448228,0.224250,0.894525,0.471920,0.000000,0.041874,0.813128,0.362594,1.010246,0.329872,1.220606,0.021126,0.330099,0.461033,0.588129,0.237087,0.266726,0.130727,0.069364,0.601907,1.093942,0.520497,0.524076,-0.045283,0.479268,0.271513,0.587150,0.335552,0.489727,-0.144851,0.032026,-0.068417,0.216232,0.227977,0.404033,0.311767,0.255851,-0.056697,0.054221,-0.082800,0.037646,0.110963,0.125750,0.045382,0.198926,0.130770,0.273867,0.369622,0.167210,0.533678,0.425406,0.340110,0.583110,0.258411,0.495179,0.187136,0.479122,0.043145,0.406067,-0.289544,0.194098,0.316723,0.279177,0.485726,0.513219,0.061949,0.165811,0.026936,0.520959,-0.206513,0.306996,-0.130363,0.009919,0.072540,0.444441,0.151268,0.270605,0.385994,0.457338,0.058822,0.185918,0.234498,0.602993,0.181065,0.290659
0.824791,-0.097670,0.931026,0.389788,0.323110,-0.023414,0.906762,0.205591,0.457689,0.041874,0.000000,0.058611,0.824776,0.075213,0.655523,0.182295,0.904174,0.057400,0.716603,0.327026,0.534479,0.270675,0.655790,0.316748,0.306027,0.192354,0.322182,0.447205,0.651432,0.016075,0.696748,0.396425,0.491985,0.261840,0.614922,0.482993,0.659369,-0.150451,0.603722,0.214941,-0.063722,-0.332893,0.442997,0.274430,0.404535,0.302079,0.361092,0.417395,0.471179,0.216453,0.413155,0.223862,0.293535,0.626707,0.311514,0.425548,0.320696,-0.047936,0.319949,0.065802,0.344853,-0.170124,0.625300,-0.059811,0.683061,0.100457,0.270030,0.295669,0.312379,0.157404,0.431453,0.352439,0.860636,0.050245,0.492602,0.176631,0.630596,0.530088,0.535361,0.036773,0.613114,0.018113,0.289833,0.069188,0.819462,0.234358,0.303872,0.198444,0.520019,0.515103
0.411788,1.184347,0.066336,0.319456,0.179469,0.839320,0.121836,0.888460,0.153919,0.813128,0.058611,0.000000,0.456458,1.197426,0.170889,0.858684,0.121408,0.788290,0.401291,0.748649,0.277896,0.204931,-0.033231,-0.137895,0.210845,0.656962,0.232569,0.330740,0.090354,0.693090,0.336416,0.672379,0.606566,0.881088,-0.049357,0.190386,-0.075296,0.332344,0.387701,0.451112,0.453678,0.394615,0.074638,0.223154,0.110534,0.224488,0.299130,0.203875,0.306665,0.386181,0.335856,0.507876,0.583776,0.181826,0.664270,0.420328,0.590487,0.899751,0.595138,0.772390,0.543657,0.936301,0.236364,0.972083,-0.206640,0.503339,0.558360,0.526800,0.599530,0.695241,0.094507,0.299089,0.160761,0.904210,-0.219970,0.420353,-0.188083,0.028199,0.169614,0.661285,0.216452,0.641290,0.408745,0.475021,0.077765,0.375644,0.197715,0.640556,0.081077,0.402709
1.345734,0.470600,0.827198,0.538743,0.090337,0.245412,0.794183,0.571366,0.412460,0.362594,0.824776,0.456458,0.000000,0.526978,0.739071,0.671141,0.740480,0.486650,0.757676,0.649566,0.353901,0.223752,0.394232,0.141287,0.318222,0.411680,0.290367,0.399567,0.485988,0.232470,0.553572,0.593889,0.975543,0.724763,0.450017,0.366645,0.393754,0.004431,0.481433,0.394904,0.246195,-0.087520,0.385677,0.323087,0.344286,0.318872,0.439557,0.363010,0.681229,0.432241,0.759495,0.539579,0.707879,0.722677,0.701357,0.605241,0.872153,0.544940,0.790314,0.504076,0.863410,0.171724,0.820751,0.401679,0.324015,0.357705,0.703699,0.540390,0.698245,0.645530,0.511844,0.390637,0.597703,0.397883,0.177954,0.167984,0.055202,0.075660,0.694662,0.369440,0.787327,0.526128,0.528854,0.404133,0.753552,0.602172,0.441987,0.529575,0.480633,0.768485
0.438525,1.192822,0.177989,0.325042,0.183750,1.099362,0.167972,0.884796,0.095306,1.010246,0.075213,1.197426,0.526978,0.000000,0.175089,1.026291,0.040062,0.670266,0.449856,0.703626,0.109875,-0.009780,0.101474,-0.058883,0.296294,0.756047,0.151735,0.232162,0.007670,0.462645,0.231743,0.594525,0.514950,0.720502,-0.081627,0.114064,-0.097086,0.203591,0.324762,0.439344,0.401532,0.276250,0.083569,0.233487,0.042675,0.191211,0.259465,0.158607,0.281059,0.315953,0.391696,0.499752,0.572359,0.207169,0.608880,0.389605,0.573336,0.941225,0.530265,0.696549,0.532038,0.625455,0.191586,0.711086,-0.298945,0.400541,0.538517,0.479239,0.534508,0.788096,-0.023767,0.171253,0.048180,0.623459,-0.235706,0.314833,-0.333051,-0.143298,0.200579,0.540928,0.204087,0.603178,0.516126,0.442988,0.134409,0.367571,0.204661,0.620259,-0.007333,0.309380
0.596144,0.129421,0.651638,0.464346,0.425495,0.173154,0.579729,0.336254,0.951209,0.329872,0.655523,0.170889,0.739071,0.175089,0.000000,0.582292,0.716877,0.181136,0.697085,0.488290,0.710197,0.691645,0.387742,0.143990,0.311759,0.325991,0.796876,0.904847,0.547445,0.254037,0.465898,0.343078,0.587576,0.357230,0.554878,0.383134,0.547685,0.001779,0.584579,0.431391,0.068370,-0.142205,0.444290,0.259204,0.362423,0.322783,0.391106,0.462346,0.512769,0.375383,0.598874,0.377063,0.555524,0.793619,0.700414,0.706962,0.500836,0.276493,0.444117,0.271607,0.337608,0.006875,0.462442,0.181180,0.498252,0.208290,0.584751,0.524635,0.663757,0.450521,0.310155,0.235631,0.532604,0.273080,0.187618,0.211599,0.373184,0.393797,0.583509,0.256130,0.794484,0.280460,0.642576,0.390584,0.791252,0.459524,0.751771,0.501269,0.976018,0.871240
0.557958,0.940819,0.323823,0.501816,0.192634,0.828098,0.280099,0.773770,0.476605,1.220606,0.182295,0.858684,0.671141,1.026291,0.582292,0.000000,0.285557,0.568399,0.521776,0.750186,0.353735,0.356673,0.066619,-0.037202,0.401427,0.772479,0.552092,0.595877,0.156972,0.547023,0.304952,0.567687,0.673430,0.760047,0.039770,0.137816,0.077289,0.275791,0.373834,0.625514,0.450074,0.272060,0.148787,0.219925,0.110112,0.194677,0.318973,0.265288,0.368810,0.389843,0.513390,0.575494,0.678012,0.415877,0.894815,0.635301,0.764080,0.970941,0.674502,0.794587,0.587459,0.496244,0.387235,0.703097,-0.101939,0.387120,0.734401,0.591327,0.766205,0.896741,0.191939,0.225870,0.196002,0.723737,-0.232624,0.285228,-0.191801,-0.031214,0.381293,0.649457,0.462035,0.668657,0.612661,0.584423,0.337856,0.546369,0.428753,0.908348,0.326031,0.606433
0.867238,0.081021,0.513460,0.225676,0.156460,-0.038236,0.688040,0.132310,0.358449,0.021126,0.904174,0.121408,0.740480,0.040062,0.716877,0.285557,0.000000,0.319162,0.445189,0.516500,0.556688,0.445034,0.297329,0.052896,0.213430,0.186864,0.275750,0.485937,1.000066,0.222848,0.629970,0.345202,0.880825,0.524971,0.584727,0.398847,0.765109,0.078487,0.658599,0.423998,0.067812,-0.045290,0.668896,0.443051,0.546534,0.465030,0.592182,0.549812,0.646102,0.452168,0.664117,0.552523,0.612219,0.914784,0.555081,0.754171,0.778596,0.261112,0.616199,0.253489,0.587261,-0.143971,1.185436,0.214644,0.439261,0.089729,0.582674,0.513989,0.688340,0.457065,0.445494,0.229627,1.031262,0.336533,0.451621,0.232091,0.430023,0.391414,1.071839,0.355441,1.401551,0.370388,0.513415,0.240432,1.081829,0.603767,0.549913,0.404889,0.502334,0.831161
0.486309,0.914114,-0.019002,0.018461,-0.049740,0.343541,-0.064804,0.274177,0.018038,0.330099,0.057400,0.788290,0.486650,0.670266,0.181136,0.568399,0.319162,0.000000,0.224546,0.491925,0.272339,0.175298,-0.175120,-0.345811,0.021841,0.354416,0.097635,0.215726,0.203124,0.597449,0.162494,0.273164,0.651265,0.673309,0.111728,0.197819,0.178275,0.388994,0.388398,0.523898,0.348885,0.338086,0.250661,0.379859,0.223129,0.327823,0.399745,0.208583,0.435692,0.451691,0.585902,0.570799,0.615421,0.281398,0.679659,0.464387,0.851894,0.998972,0.797360,0.681697,0.786494,0.465546,0.499879,0.955134,-0.121464,0.478007,0.674871,0.562478,0.641203,0.778489,0.056612,0.152538,0.250172,0.773494,-0.100552,0.296118,-0.244318,-0.093827,0.525079,0.803702,0.414679,1.031316,0.404464,0.465284,0.254745,0.632288,0.230521,0.601561,0.090966,0.527627
0.762068,0.329490,0.916189,0.576145,0.521641,0.432590,0.770986,0.593404,0.670668,0.461033,0.716603,0.401291,0.757676,0.449856,0.697085,0.521776,0.445189,0.224546,0.000000,0.958374,0.382612,0.341682,0.772325,0.422944,0.476633,0.565485,0.622346,0.614037,0.440987,0.318234,0.589129,0.612030,0.652845,0.559592,0.665391,0.633960,0.348585,0.064502,0.579047,0.325945,0.168327,-0.147850,0.432033,0.465003,0.423901,0.489447,0.526705,0.649473,0.589083,0.430641,0.528980,0.394784,0.536758,0.540008,0.564022,0.511445,0.370505,0.277324,0.396231,0.321671,0.342059,0.167806,0.284798,0.221538,0.440093,0.374769,0.570957,0.577842,0.679113,0.529913,0.246118,0.460308,0.536214,0.391492,0.243384,0.291017,0.351565,0.449572,0.353216,0.300721,0.390239,0.255681,0.422311,0.239350,0.401648,0.273076,0.330782,0.250566,0.557523,0.576438
0.683960,0.802678,0.395057,0.551822,0.341502,0.614075,0.506155,0.838614,0.343734,0.588129,0.327026,0.748649,0.649566,0.703626,0.488290,0.750186,0.516500,0.491925,0.958374,0.000000,0.302675,0.308239,0.355274,0.158762,0.320887,0.636448,0.438257,0.461334,0.422064,0.507647,0.573266,0.778953,1.078571,1.212142,0.353032,0.415536,0.211111,0.355074,0.557717,0.546717,0.475390,0.149206,0.600525,0.705826,0.534242,0.692780,0.818473,0.733753,0.698852,0.699076,0.754831,0.822117,0.944522,0.591364,0.854727,0.767716,0.772945,0.768425,0.727613,0.701764,0.628975,0.418896,0.488918,0.712055,0.143574,0.419964,0.951559,0.895350,1.048088,0.995485,0.190763,0.352386,0.440501,0.868903,0.107231,0.388093,0.039336,0.203210,0.431381,0.656063,0.584838,0.693634,0.647159,0.363462,0.400195,0.625592,0.479972,0.541226,0.304359,0.743939
0.390854,0.091209,0.311407,0.261961,0.257205,0.097560,0.277070,0.202473,0.511409,0.237087,0.534479,0.277896,0.353901,0.109875,0.710197,0.353735,0.556688,0.272339,0.382612,0.302675,0.000000,0.747058,0.167427,0.036482,0.097203,0.240384,0.548962,0.712091,0.490081,0.402230,0.640279,0.382881,0.402562,0.268898,0.313371,0.306787,0.556566,0.160599,0.557664,0.403099,0.019469,0.059753,0.247197,0.187124,0.251246,0.215962,0.286003,0.325224,0.265995,0.233521,0.298514,0.217323,0.291578,0.448935,0.471337,0.515293,0.325030,0.145780,0.339903,0.220805,0.253281,0.074751,0.372520,0.185517,0.348168,0.168771,0.301182,0.334332,0.378786,0.224808,0.333276,0.327522,0.551579,0.326912,0.263055,0.367445,0.472023,0.513288,0.377613,0.296795,0.470508,0.157644,0.250149,0.244650,0.490266,0.318358,0.384589,0.455857,0.594928,0.633216
0.232640,0.087423,0.260595,0.360026,0.317217,0.143967,0.244093,0.219106,0.638725,0.266726,0.270675,0.204931,0.223752,-0.009780,0.691645,0.356673,0.445034,0.175298,0.341682,0.308239,0.747058,0.000000,0.072626,0.037007,0.191699,0.304220,0.659862,0.971070,0.354505,0.324145,0.285167,0.291838,0.362283,0.293697,0.245994,0.289525,0.335450,0.294723,0.391262,0.360357,0.172054,0.134832,0.266671,0.225331,0.221914,0.252804,0.324236,0.379101,0.229063,0.257132,0.220171,0.147570,0.286041,0.303528,0.531783,0.538784,0.266579,0.186255,0.274036,0.262303,0.121920,0.206710,0.252920,0.217921,0.283701,0.143331,0.322599,0.372017,0.474888,0.186454,0.296810,0.268422,0.439890,0.362506,0.095576,0.175754,0.452709,0.556470,0.304901,0.363860,0.404104,0.142264,0.307529,0.389895,0.329932,0.271806,0.374820,0.452793,0.762012,0.578606
0.322628,-0.190449,1.138545,0.624788,0.517909,0.163269,0.915825,0.361217,0.493094,0.130727,0.655790,-0.033231,0.394232,0.101474,0.387742,0.066619,0.297329,-0.175120,0.772325,0.355274,0.167427,0.072626,0.000000,1.099564,0.584726,0.387382,0.312016,0.310902,0.343437,-0.040323,0.713726,0.550251,0.262095,0.150503,0.525250,0.460786,0.299584,-0.219259,0.314983,0.025782,-0.069908,-0.353066,0.224962,0.153832,0.198163,0.206708,0.165873,0.349780,0.225585,0.100596,0.206798,0.059134,0.147999,0.435479,0.056777,0.201782,-0.060775,-0.225107,-0.044652,-0.124077,-0.074719,-0.225397,0.083306,-0.209341,0.409416,0.025217,0.041228,0.126632,0.111592,-0.011479,0.246379,0.424233,0.441110,-0.050407,0.478556,0.253876,0.552496,0.530520,0.156767,-0.137803,0.169548,-0.174759,0.124726,-0.021152,0.288913,-0.025962,0.112857,-0.066640,0.327273,0.235409
0.098328,-0.281040,0.717258,0.744169,0.291971,0.052711,0.702438,0.354460,0.371786,0.069364,0.316748,-0.137895,0.141287,-0.058883,0.143990,-0.037202,0.052896,-0.345811,0.422944,0.158762,0.036482,0.037007,1.099564,0.000000,0.434725,0.259881,0.181472,0.096427,0.085503,-0.095259,0.466924,0.519510,0.041512,0.052066,0.362514,0.408837,0.005631,-0.238755,0.056939,-0.046919,0.014461,-0.257056,0.050614,0.014478,0.040621,0.037119,0.028969,0.217327,0.069582,-0.010816,0.033650,-0.051089,0.009634,0.247203,-0.074543,0.057331,-0.224988,-0.333227,-0.161324,-0.152699,-0.217181,-0.129408,-0.125812,-0.316874,0.275160,0.112542,-0.101643,0.006982,-0.093906,-0.191098,0.315474,0.467030,0.184284,-0.063551,0.328842,0.209469,0.401377,0.374763,-0.078856,-0.255739,-0.069278,-0.341963,-0.035944,-0.152534,0.012588,-0.211817,0.016167,-0.173735,0.139514,0.067621
0.274769,0.143548,0.626122,0.430494,0.627479,0.659761,0.530333,0.453163,0.542548,0.601907,0.306027,0.210845,0.318222,0.296294,0.311759,0.401427,0.213430,0.021841,0.476633,0.320887,0.097203,0.191699,0.584726,0.434725,0.000000,1.152607,0.570822,0.515580,0.097057,0.178433,0.428033,0.448543,0.223665,0.233380,0.198199,0.208429,0.134417,0.041026,0.162613,0.235279,-0.042525,0.048738,0.079395,0.072871,0.044169,0.085037,0.107945,0.251821,0.083232,0.166207,0.063707,0.154218,0.236861,0.283219,0.248653,0.386779,0.110799,0.091519,0.037796,0.170624,0.011267,0.015459,0.132705,0.035048,-0.063375,-0.029220,0.083912,0.095736,0.323295,0.178907,0.200613,0.269394,0.219871,0.202344,0.129141,0.139246,0.227121,0.274474,0.077112,0.119161,0.187588,-0.051727,0.261381,0.276462,0.196776,0.018118,0.153104,0.218963,0.333068,0.249116
0.373977,0.583265,0.446120,0.539788,0.520408,1.227252,0.407518,0.773643,0.494056,1.093942,0.192354,0.656962,0.411680,0.756047,0.325991,0.772479,0.186864,0.354416,0.565485,0.636448,0.240384,0.304220,0.387382,0.259881,1.152607,0.000000,0.557134,0.616323,0.030437,0.402954,0.529389,0.784754,0.456765,0.569410,0.106009,0.228139,0.058250,0.263632,0.250227,0.437480,0.157276,0.220109,0.091876,0.195706,0.073031,0.186149,0.227386,0.287661,0.168121,0.339759,0.244834,0.375469,0.472137,0.317515,0.539884,0.568308,0.390550,0.502352,0.316676,0.498851,0.237124,0.315428,0.195440,0.395822,-0.216292,0.198267,0.364570,0.371671,0.595493,0.523732,0.196018,0.363044,0.186994,0.558299,-0.040710,0.274538,0.037484,0.153820,0.120753,0.421714,0.258481,0.262631,0.446244,0.421891,0.201992,0.263150,0.301927,0.538154,0.281314,0.437349
0.197812,0.130735,0.477970,0.534620,0.517114,0.357525,0.338426,0.379550,0.863042,0.520497,0.322182,0.232569,0.290367,0.151735,0.796876,0.552092,0.275750,0.097635,0.622346,0.438257,0.548962,0.659862,0.312016,0.181472,0.570822,0.557134,0.000000,1.093120,0.325987,0.459883,0.445212,0.420936,0.266751,0.223459,0.334463,0.316225,0.263891,0.136107,0.308861,0.186941,0.112251,-0.071936,0.176376,0.123009,0.150542,0.178596,0.237687,0.332563,0.147037,0.207184,0.195686,0.150483,0.275445,0.318612,0.453180,0.422750,0.141401,0.146349,0.140104,0.190549,0.011704,0.102678,0.066716,0.086363,0.256765,0.180863,0.282564,0.297948,0.412722,0.260395,0.248728,0.288512,0.306112,0.282641,0.061684,0.189640,0.282346,0.391333,0.217864,0.347322,0.239953,0.110532,0.233325,0.147266,0.233805,0.148546,0.204045,0.273874,0.625975,0.419892
0.373563,0.201390,0.505468,0.441754,0.560828,0.443038,0.384750,0.368281,0.873372,0.524076,0.447205,0.330740,0.399567,0.232162,0.904847,0.595877,0.485937,0.215726,0.614037,0.461334,0.712091,0.971070,0.310902,0.096427,0.515580,0.616323,1.093120,0.000000,0.387987,0.389759,0.457487,0.428717,0.399328,0.308152,0.306162,0.382821,0.364805,0.095227,0.410365,0.298789,-0.029201,-0.052954,0.269887,0.291239,0.231357,0.305334,0.379710,0.477720,0.261455,0.292962,0.279287,0.249252,0.405909,0.400529,0.629705,0.639451,0.302765,0.248675,0.289531,0.305970,0.160102,0.148562,0.290084,0.233248,0.218182,0.153727,0.384074,0.449490,0.583636,0.348748,0.232905,0.237179,0.450586,0.374271,0.085111,0.268794,0.427821,0.572394,0.386459,0.444776,0.465832,0.195052,0.348532,0.258110,0.403850,0.225321,0.339101,0.389488,0.775622,0.592510
0.503512,-0.022660,0.397204,0.134663,0.194072,-0.075806,0.497331,0.096298,0.236766,-0.045283,0.651432,0.090354,0.485988,0.007670,0.547445,0.156972,1.000066,0.203124,0.440987,0.422064,0.490081,0.354505,0.343437,0.085503,0.097057,0.030437,0.325987,0.387987,0.000000,0.581240,0.530742,0.256427,0.537164,0.325241,0.526684,0.433458,0.728057,0.116869,0.641000,0.246222,0.089331,-0.003255,0.588189,0.381876,0.546201,0.464541,0.516767,0.503862,0.499196,0.325707,0.430922,0.334883,0.346864,0.538841,0.316586,0.402181,0.369363,0.077596,0.336317,0.094352,0.346272,-0.120554,0.616483,0.085867,0.511014,0.065509,0.353985,0.337457,0.406203,0.241029,0.185995,0.068532,0.862265,0.190651,0.583005,0.254924,0.353718,0.353905,0.967671,0.325101,0.684116,0.229867,0.290991,0.113627,0.590941,0.364305,0.236094,0.152395,0.386305,0.442181
0.205220,0.527011,0.012864,0.162044,0.190945,0.464192,0.028986,0.409087,0.193837,0.479268,0.016075,0.693090,0.232470,0.462645,0.254037,0.547023,0.222848,0.597449,0.318234,0.507647,0.402230,0.324145,-0.040323,-0.095259,0.178433,0.402954,0.459883,0.389759,0.581240,0.000000,0.304376,0.383787,0.343242,0.448969,0.128781,0.287392,0.215642,0.428288,0.459259,0.438455,0.300462,0.406627,0.210453,0.272077,0.234504,0.302391,0.360136,0.326801,0.277793,0.354956,0.241096,0.335580,0.339980,0.146958,0.476585,0.325400,0.337825,0.471890,0.337150,0.434108,0.286304,0.483264,0.144564,0.501408,0.017143,0.403435,0.397479,0.378914,0.463420,0.432283,-0.046381,0.048769,0.255246,0.585857,0.048345,0.362604,-0.110951,0.041788,0.443734,0.698070,0.187534,0.433416,0.282036,0.284283,0.057423,0.283040,0.156883,0.372302,0.196066,0.284375
0.500577,0.109346,0.655147,0.624778,0.305059,0.224606,0.812990,0.483822,0.479751,0.271513,0.696748,0.336416,0.553572,0.231743,0.465898,0.304952,0.629970,0.162494,0.589129,0.573266,0.640279,0.285167,0.713726,0.466924,0.428033,0.529389,0.445212,0.457487,0.530742,0.304376,0.000000,1.059841,0.624101,0.500626,0.367841,0.364652,0.386435,0.048673,0.429312,0.237269,0.098885,-0.115998,0.308539,0.207293,0.333180,0.304649,0.316499,0.355296,0.317555,0.340452,0.370244,0.331522,0.405150,0.628573,0.360480,0.514346,0.359383,0.126297,0.329610,0.200118,0.278175,-0.001588,0.433913,0.180995,0.280713,0.107962,0.301365,0.343101,0.402358,0.276846,0.607298,0.646122,0.693524,0.382400,0.350819,0.394952,0.386375,0.433895,0.336495,0.204940,0.469244,0.148621,0.257019,0.082370,0.456200,0.317837,0.312569,0.272046,0.318853,0.559384
0.483616,0.467056,0.566578,1.034011,0.205542,0.532509,0.719134,1.008837,0.377707,0.587150,0.396425,0.672379,0.593889,0.594525,0.343078,0.567687,0.345202,0.273164,0.612030,0.778953,0.382881,0.291838,0.550251,0.519510,0.448543,0.784754,0.420936,0.428717,0.256427,0.383787,1.059841,0.000000,0.697376,0.818348,0.237210,0.377498,0.068065,0.110895,0.337096,0.237645,0.369513,0.045331,0.221300,0.179182,0.216588,0.266753,0.332366,0.304836,0.290278,0.394740,0.401205,0.440833,0.569023,0.502023,0.532139,0.527710,0.471293,0.415346,0.497270,0.502290,0.367313,0.317865,0.292860,0.379717,0.040437,0.367458,0.447573,0.495204,0.501154,0.422761,0.510092,0.674004,0.378372,0.603360,0.085842,0.349683,0.098666,0.211874,0.214872,0.350171,0.339767,0.304290,0.343238,0.174268,0.298933,0.347496,0.248817,0.416864,0.201887,0.523632
1.048376,0.682707,0.431489,0.449789,0.107827,0.257148,0.585081,0.541462,0.322905,0.335552,0.491985,0.606566,0.975543,0.514950,0.587576,0.673430,0.880825,0.651265,0.652845,1.078571,0.402562,0.362283,0.262095,0.041512,0.223665,0.456765,0.266751,0.399328,0.537164,0.343242,0.624101,0.697376,0.000000,1.536705,0.467106,0.428681,0.376551,0.288608,0.634131,0.608441,0.406901,0.124919,0.684706,0.619490,0.623638,0.655899,0.789786,0.603992,0.925829,0.808218,1.085426,1.035251,1.134766,0.912842,0.939242,0.891303,1.356608,0.847285,1.210385,0.758968,1.063083,0.255525,1.024634,0.746229,0.223717,0.397023,1.226532,0.990950,1.191492,1.088351,0.407766,0.378988,0.690087,0.775006,0.156754,0.274387,0.070284,0.158740,0.708288,0.606379,1.060004,0.889808,0.713905,0.518852,0.726599,0.954554,0.589917,0.696802,0.363708,1.089702
0.782123,1.018365,0.272285,0.508932,0.061798,0.448877,0.448160,0.789797,0.195927,0.489727,0.261840,0.881088,0.724763,0.720502,0.357230,0.760047,0.524971,0.673309,0.559592,1.212142,0.268898,0.293697,0.150503,0.052066,0.233380,0.569410,0.223459,0.308152,0.325241,0.448969,0.500626,0.818348,1.536705,0.000000,0.270189,0.396632,0.107838,0.379992,0.514056,0.625040,0.607606,0.312444,0.586473,0.626004,0.550661,0.631508,0.778448,0.568037,0.806362,0.808813,0.912117,1.073688,1.109786,0.623396,0.954152,0.790388,1.152299,1.060682,1.120758,0.970927,0.968588,0.504013,0.714832,0.979862,0.043635,0.488981,1.155377,0.981187,1.059518,1.132384,0.332775,0.365687,0.454667,1.028388,0.001769,0.290305,-0.096420,0.043475,0.464550,0.703655,0.689153,0.884755,0.704713,0.499909,0.435251,0.807077,0.464408,0.741506,0.194765,0.807602
0.593635,-0.069018,0.532259,0.264166,0.327563,-0.149684,0.526092,0.041445,0.401743,-0.144851,0.614922,-0.049357,0.450017,-0.081627,0.554878,0.039770,0.584727,0.111728,0.665391,0.353032,0.313371,0.245994,0.525250,0.362514,0.198199,0.106009,0.334463,0.306162,0.526684,0.128781,0.367841,0.237210,0.467106,0.270189,0.000000,1.079719,0.608228,-0.020110,0.462592,0.227488,-0.167171,-0.305129,0.524375,0.395586,0.577296,0.486180,0.459993,0.574230,0.708633,0.477277,0.555543,0.340582,0.435430,0.574509,0.388906,0.424870,0.255535,-0.020104,0.372964,0.204218,0.294844,-0.063157,0.344825,0.010125,0.774452,0.501500,0.469996,0.554695,0.358462,0.231487,0.208379,0.388746,0.610302,0.169597,0.470059,0.218573,0.585930,0.529024,0.436366,0.012340,0.397608,0.130842,0.156229,0.040872,0.496356,0.291042,0.338063,0.052085,0.637930,0.595697
0.539120,0.101229,0.426149,0.343494,0.354076,0.042221,0.476133,0.211982,0.343527,0.032026,0.482993,0.190386,0.366645,0.114064,0.383134,0.137816,0.398847,0.197819,0.633960,0.415536,0.306787,0.289525,0.460786,0.408837,0.208429,0.228139,0.316225,0.382821,0.433458,0.287392,0.364652,0.377498,0.428681,0.396632,1.079719,0.000000,0.360928,0.021821,0.501135,0.225601,-0.073680,-0.209760,0.497651,0.475717,0.595143,0.563854,0.550836,0.651774,0.669675,0.538923,0.509141,0.398984,0.486660,0.481334,0.478699,0.455335,0.218727,0.072162,0.388373,0.352314,0.317098,0.195398,0.264833,0.146493,0.591167,0.674447,0.455868,0.663816,0.342497,0.289377,0.173610,0.323071,0.652627,0.298469,0.390358,0.390211,0.487998,0.542193,0.350239,0.196662,0.278771,0.152223,0.158587,-0.011977,0.315436,0.212443,0.219241,0.054036,0.490171,0.524020
0.435121,-0.155073,0.341214,0.014464,0.290509,-0.120538,0.263162,-0.186022,0.366774,-0.068417,0.659369,-0.075296,0.393754,-0.097086,0.547685,0.077289,0.765109,0.178275,0.348585,0.211111,0.556566,0.335450,0.299584,0.005631,0.134417,0.058250,0.263891,0.364805,0.728057,0.215642,0.386435,0.068065,0.376551,0.107838,0.608228,0.360928,0.000000,0.264959,0.811580,0.414524,-0.098010,-0.046635,0.473943,0.334736,0.439743,0.350164,0.384846,0.465169,0.472937,0.306875,0.456657,0.243557,0.273621,0.547325,0.368957,0.434602,0.294554,-0.024983,0.254763,0.025796,0.205798,-0.307982,0.466625,-0.052033,0.559921,0.015099,0.319580,0.328771,0.385081,0.189907,0.074486,0.039677,0.700294,0.033600,0.539824,0.167217,0.586948,0.445759,0.607179,0.105590,0.591513,0.122644,0.229865,0.251826,0.688979,0.401494,0.373171,0.223513,0.599651,0.572514
0.036404,0.382414,-0.221755,-0.000270,0.024905,0.235171,-0.194343,0.054945,-0.010535,0.216232,-0.150451,0.332344,0.004431,0.203591,0.001779,0.275791,0.078487,0.388994,0.064502,0.355074,0.160599,0.294723,-0.219259,-0.238755,0.041026,0.263632,0.136107,0.095227,0.116869,0.428288,0.048673,0.110895,0.288608,0.379992,-0.020110,0.021821,0.264959,0.000000,0.324273,0.722761,0.364134,0.747172,0.305592,0.415017,0.325872,0.354440,0.382389,0.378464,0.281528,0.429410,0.345470,0.412873,0.291291,0.099026,0.371667,0.347425,0.326578,0.414891,0.289561,0.346022,0.229729,0.266381,0.168387,0.426176,0.048761,0.168475,0.439336,0.403367,0.451640,0.416391,-0.151987,-0.034303,0.119694,0.393122,-0.061460,0.063119,-0.100895,-0.041970,0.111355,0.480890,0.188499,0.470375,0.370292,0.533325,0.190278,0.625465,0.316153,0.441177,0.087589,0.339348
0.513361,0.247065,0.353153,0.256582,0.403490,0.180524,0.386496,0.283536,0.418731,0.227977,0.603722,0.387701,0.481433,0.324762,0.584579,0.373834,0.658599,0.388398,0.579047,0.557717,0.557664,0.391262,0.314983,0.056939,0.162613,0.250227,0.308861,0.410365,0.641000,0.459259,0.429312,0.337096,0.634131,0.514056,0.462592,0.501135,0.811580,0.324273,0.000000,0.738872,0.254722,0.150620,0.665166,0.588743,0.642327,0.625498,0.735070,0.726458,0.696737,0.553541,0.663647,0.537834,0.560999,0.682799,0.728324,0.729512,0.480155,0.317422,0.462738,0.328302,0.371683,0.169521,0.454848,0.278786,0.471261,0.282497,0.595334,0.627473,0.612814,0.461306,0.003103,0.149006,0.770196,0.385615,0.348695,0.395765,0.427329,0.480136,0.573758,0.423330,0.642272,0.363196,0.599417,0.472774,0.660132,0.469755,0.521745,0.537719,0.506011,0.734120
0.444676,0.537537,0.118716,0.215798,0.256117,0.376379,0.143798,0.295272,0.309904,0.404033,0.214941,0.451112,0.394904,0.439344,0.431391,0.625514,0.423998,0.523898,0.325945,0.546717,0.403099,0.360357,0.025782,-0.046919,0.235279,0.437480,0.186941,0.298789,0.246222,0.438455,0.237269,0.237645,0.608441,0.625040,0.227488,0.225601,0.414524,0.722761,0.738872,0.000000,0.339438,0.551590,0.563443,0.644834,0.539156,0.579246,0.663247,0.682680,0.722710,0.722857,0.757078,0.825687,0.683686,0.580185,0.864362,0.924189,0.676600,0.634108,0.582990,0.597196,0.500198,0.316640,0.473894,0.568510,0.183351,0.311685,0.787958,0.730225,0.741763,0.701869,0.002624,0.104160,0.357608,0.638959,0.041735,0.338800,0.101380,0.149781,0.407725,0.505264,0.570007,0.603531,0.758054,0.845825,0.515956,0.751348,0.825080,0.957210,0.381981,0.801793
0.157516,0.554802,0.027027,0.312486,-0.240901,0.195757,0.100251,0.484211,-0.011096,0.311767,-0.063722,0.453678,0.246195,0.401532,0.068370,0.450074,0.067812,0.348885,0.168327,0.475390,0.019469,0.172054,-0.069908,0.014461,-0.042525,0.157276,0.112251,-0.029201,0.089331,0.300462,0.098885,0.369513,0.406901,0.607606,-0.167171,-0.073680,-0.098010,0.364134,0.254722,0.339438,0.000000,0.583706,0.146374,0.134388,0.065204,0.116228,0.228441,0.074554,0.208132,0.211062,0.331495,0.356109,0.347483,0.134527,0.376593,0.206771,0.412187,0.586537,0.337244,0.362016,0.316539,0.369329,0.144734,0.429801,-0.175380,0.172448,0.360524,0.238663,0.298247,0.397402,0.204541,0.176724,0.049724,0.493263,-0.140902,0.076660,-0.285347,-0.218920,0.096267,0.385304,0.143793,0.394031,0.345702,0.351894,0.012067,0.316120,0.091780,0.453374,-0.131067,0.180171
-0.074027,0.475384,-0.294457,-0.072206,-0.112685,0.282357,-0.261629,0.145900,-0.194691,0.255851,-0.332893,0.394615,-0.087520,0.276250,-0.142205,0.272060,-0.045290,0.338086,-0.147850,0.149206,0.059753,0.134832,-0.353066,-0.257056,0.048738,0.220109,-0.071936,-0.052954,-0.003255,0.406627,-0.115998,0.045331,0.124919,0.312444,-0.305129,-0.209760,-0.046635,0.747172,0.150620,0.551590,0.583706,0.000000,0.075985,0.139017,0.066545,0.088143,0.153830,0.088928,0.101177,0.230517,0.150163,0.339133,0.194651,-0.043474,0.251892,0.196751,0.258069,0.456910,0.173499,0.337899,0.116489,0.301919,0.058485,0.378039,-0.342194,0.005245,0.212794,0.128193,0.217390,0.264694,-0.103817,-0.132247,-0.085356,0.425684,-0.172355,0.057370,-0.293784,-0.247507,0.006292,0.338093,0.050654,0.288085,0.281891,0.558897,-0.036160,0.318331,0.096368,0.483553,-0.181187,0.088067
0.489910,0.200954,0.210172,0.198770,0.230382,-0.004461,0.380207,0.167366,0.162863,-0.056697,0.442997,0.074638,0.385677,0.083569,0.444290,0.148787,0.668896,0.250661,0.432033,0.600525,0.247197,0.266671,0.224962,0.050614,0.079395,0.091876,0.176376,0.269887,0.588189,0.210453,0.308539,0.221300,0.684706,0.586473,0.524375,0.497651,0.473943,0.305592,0.665166,0.563443,0.146374,0.075985,0.000000,1.236644,1.576622,1.485600,1.431821,1.158079,1.067487,1.057646,0.900206,0.893560,0.801606,0.762925,0.630090,0.823835,0.548471,0.314210,0.570719,0.399606,0.517640,0.021814,0.640130,0.308483,0.476804,0.182450,0.770080,0.845200,0.635555,0.571566,0.060362,0.059124,0.670686,0.399190,0.362454,0.193474,0.230861,0.272400,0.529360,0.334999,0.737494,0.414863,0.658732,0.243471,0.660115,0.596952,0.625392,0.313305,0.291995,0.699626
0.455821,0.385870,0.111197,0.176721,0.282730,0.170844,0.216047,0.222061,0.132870,0.054221,0.274430,0.223154,0.323087,0.233487,0.259204,0.219925,0.443051,0.379859,0.465003,0.705826,0.187124,0.225331,0.153832,0.014478,0.072871,0.195706,0.123009,0.291239,0.381876,0.272077,0.207293,0.179182,0.619490,0.626004,0.395586,0.475717,0.334736,0.415017,0.588743,0.644834,0.134388,0.139017,1.236644,0.000000,1.192753,1.633190,1.626003,1.412072,1.005927,0.955069,0.818386,0.871800,0.706460,0.496953,0.655622,0.740037,0.510200,0.434281,0.543890,0.490067,0.506660,0.229009,0.501891,0.480231,0.376000,0.330974,0.834037,0.969819,0.685185,0.693223,-0.103137,0.031062,0.506366,0.530851,0.255266,0.330627,0.178179,0.271140,0.412495,0.526888,0.528936,0.546676,0.543703,0.268085,0.427484,0.565246,0.479530,0.307281,0.257411,0.615376
0.494219,0.206403,0.162598,0.194539,0.249380,-0.036480,0.339865,0.137435,0.188176,-0.082800,0.404535,0.110534,0.344286,0.042675,0.362423,0.110112,0.546534,0.223129,0.423901,0.534242,0.251246,0.221914,0.198163,0.040621,0.044169,0.073031,0.150542,0.231357,0.546201,0.234504,0.333180,0.216588,0.623638,0.550661,0.577296,0.595143,0.439743,0.325872,0.642327,0.539156,0.065204,0.066545,1.576622,1.192753,0.000000,1.715376,1.366915,1.239876,1.192562,1.240268,0.865310,0.929937,0.767641,0.701835,0.646585,0.810519,0.475987,0.279217,0.608760,0.506738,0.547334,0.111223,0.624292,0.368841,0.557430,0.264162,0.770058,0.927428,0.573452,0.514468,0.052980,0.119731,0.660990,0.421475,0.368662,0.254350,0.287755,0.318630,0.424885,0.274375,0.596933,0.397013,0.474982,0.209755,0.541557,0.575687,0.552433,0.256075,0.369165,0.728487
0.442445,0.342435,0.121641,0.213994,0.337419,0.137652,0.278280,0.241045,0.175215,0.037646,0.302079,0.224488,0.318872,0.191211,0.322783,0.194677,0.465030,0.327823,0.489447,0.692780,0.215962,0.252804,0.206708,0.037119,0.085037,0.186149,0.178596,0.305334,0.464541,0.302391,0.304649,0.266753,0.655899,0.631508,0.486180,0.563854,0.350164,0.354440,0.625498,0.579246,0.116228,0.088143,1.485600,1.633190,1.715376,0.000000,1.613174,1.393088,1.061632,1.313507,0.818577,0.966144,0.813872,0.617828,0.693438,0.839667,0.502826,0.393653,0.601960,0.551606,0.524397,0.219159,0.522886,0.481093,0.402841,0.322620,0.836312,1.048424,0.681226,0.640946,-0.081249,0.081957,0.576474,0.541995,0.258874,0.314553,0.223442,0.314151,0.381827,0.425898,0.544234,0.495573,0.541853,0.238650,0.435380,0.542312,0.537205,0.280984,0.293550,0.677397
0.574900,0.444389,0.194599,0.283264,0.254269,0.156401,0.326520,0.336826,0.195344,0.110963,0.361092,0.299130,0.439557,0.259465,0.391106,0.318973,0.592182,0.399745,0.526705,0.818473,0.286003,0.324236,0.165873,0.028969,0.107945,0.227386,0.237687,0.379710,0.516767,0.360136,0.316499,0.332366,0.789786,0.778448,0.459993,0.550836,0.384846,0.382389,0.735070,0.663247,0.228441,0.153830,1.431821,1.626003,1.366915,1.613174,0.000000,1.489522,1.110164,1.069162,0.937737,0.981021,0.864843,0.636687,0.867111,0.905800,0.654330,0.506795,0.720348,0.632834,0.623150,0.249066,0.625780,0.506062,0.386728,0.347044,0.946122,1.053002,0.793349,0.737832,0.046520,0.126136,0.651052,0.642793,0.301644,0.323514,0.189312,0.272715,0.504316,0.570527,0.663665,0.570084,0.587602,0.289478,0.534114,0.609628,0.525632,0.408041,0.353205,0.749822
0.515785,0.243724,0.330107,0.351490,0.459723,0.195939,0.433010,0.292835,0.377930,0.125750,0.417395,0.203875,0.363010,0.158607,0.462346,0.265288,0.549812,0.208583,0.649473,0.733753,0.325224,0.379101,0.349780,0.217327,0.251821,0.287661,0.332563,0.477720,0.503862,0.326801,0.355296,0.304836,0.603992,0.568037,0.574230,0.651774,0.465169,0.378464,0.726458,0.682680,0.074554,0.088928,1.158079,1.412072,1.239876,1.393088,1.489522,0.000000,1.032305,0.964313,0.772805,0.811393,0.712925,0.676846,0.742324,0.892383,0.426981,0.290303,0.486235,0.477968,0.389578,0.193079,0.483873,0.351417,0.544226,0.331245,0.788757,0.983509,0.727875,0.572834,0.008903,0.160407,0.670270,0.493781,0.361788,0.412163,0.417976,0.506115,0.404360,0.385394,0.568563,0.366282,0.526310,0.281577,0.493922,0.484282,0.552311,0.275959,0.540142,0.756273
0.907180,0.444837,0.333946,0.297777,0.161328,0.063743,0.446830,0.278757,0.274691,0.045382,0.471179,0.306665,0.681229,0.281059,0.512769,0.368810,0.646102,0.435692,0.589083,0.698852,0.265995,0.229063,0.225585,0.069582,0.083232,0.168121,0.147037,0.261455,0.499196,0.277793,0.317555,0.290278,0.925829,0.806362,0.708633,0.669675,0.472937,0.281528,0.696737,0.722710,0.208132,0.101177,1.067487,1.005927,1.192562,1.061632,1.110164,1.032305,0.000000,1.175068,1.353291,1.192727,1.062270,0.851236,0.937924,0.892135,0.780985,0.529961,0.907556,0.696741,0.872812,0.259361,0.790578,0.545729,0.552540,0.525749,1.213908,1.197283,0.805333,0.813649,0.157240,0.214219,0.610901,0.532312,0.239242,0.229221,0.177934,0.217724,0.625174,0.364816,0.745869,0.622908,0.618064,0.373093,0.634012,0.775066,0.637722,0.443811,0.497084,0.950485
