0.000000,0.581392,0.793378,0.231289,0.802973,0.567302,1.157058,0.423826,0.618222,0.600422,1.010893,0.580875,0.943692,0.467842,0.677425,0.340708,0.129318,0.031560,0.848725,0.511441,0.272841,0.153537,0.598843,0.238156,0.296736,0.102089,0.282332,0.560264,0.229657,-0.106774,0.161892,0.035561,0.397435,0.267876,0.119606,0.098062,0.141766,0.034649,0.007957,0.110244,0.295168,0.409274,0.295753,0.224710,0.219091,0.264420,0.317097,0.341505,0.358710,0.304433,0.298736,0.188948,0.556502,0.210157,0.511598,0.410838,0.384340,0.262208,1.115122,0.555824,0.980835,0.225217,0.219133,-0.043080,0.469672,0.054832,0.690545,0.423297,0.528378,0.495284,0.435392,0.652543,0.554364,0.364371,0.406153,0.251296,0.467003,0.475108,-0.150933,-0.163690,-0.067678,-0.156973,-0.009687,-0.076964,0.380274,0.108807,0.236120,-0.106258,0.637599,0.591917
0.581392,0.000000,0.366541,0.527572,0.407843,0.510656,0.353519,0.613110,0.415214,0.388267,0.428924,0.708000,0.404902,0.517491,0.479097,0.371402,0.472559,0.576593,0.463740,0.770327,0.379762,0.359127,0.472403,0.476238,0.260764,0.289500,0.385209,0.544063,0.361795,0.242233,0.496584,0.449107,0.844459,0.750847,0.189849,0.280187,0.291185,0.111872,0.007183,0.121481,0.296931,0.519606,0.416611,0.354248,0.274397,0.458311,0.574066,0.522593,0.192986,0.362993,0.064341,0.188270,0.325357,0.235055,0.358097,0.354647,1.130046,0.878647,0.446728,0.859214,0.411330,0.464977,0.335584,0.338057,0.192649,0.227351,0.565347,0.680530,0.643242,0.696654,0.666852,0.495911,0.368415,0.486945,0.277104,0.400929,0.432971,0.621941,0.118282,-0.125122,0.283519,0.047383,0.095141,-0.004772,0.308745,0.291065,0.258669,0.032454,0.489546,0.548096
0.793378,0.366541,0.000000,0.477584,0.996463,0.836548,1.037354,0.610553,1.073034,0.977928,0.800573,0.518251,0.752809,0.464930,1.139027,0.762243,0.281942,0.067424,0.965167,0.679629,0.376647,0.273272,1.128328,0.574205,0.497248,0.251759,0.610109,0.749083,0.265045,0.074537,0.580896,0.353193,0.446626,0.407113,0.402829,0.317206,0.256766,-0.076035,0.033853,0.156795,0.415319,0.300143,0.267796,0.184427,0.184616,0.273793,0.361429,0.389297,0.209754,0.297520,0.179683,0.273059,0.378663,0.097893,0.443847,0.384563,0.213996,0.023396,0.774934,0.518108,0.627683,0.370930,0.324832,0.115968,0.907377,0.411289,0.684253,0.537958,0.605966,0.363855,0.558060,0.493233,0.461253,0.459969,0.529785,0.349192,0.551590,0.589348,0.013795,0.000448,0.153058,0.112502,0.175388,0.082414,0.778837,0.337595,0.365346,0.140062,1.030998,0.789370
0.231289,0.527572,0.477584,0.000000,0.453703,0.901369,0.255304,1.415080,0.559833,0.608698,0.127275,0.710975,0.082038,0.335420,0.420549,0.758544,0.421869,0.376196,0.423687,1.159909,0.391651,0.376273,0.526972,1.385942,0.256344,0.328592,0.682113,0.586046,0.234938,0.320493,0.687531,0.906407,0.606124,1.102290,0.505448,0.805667,0.137973,0.239723,0.185463,0.277311,0.317800,0.324651,0.436091,0.336109,0.272810,0.601073,0.595699,0.589202,-0.142950,0.356956,-0.050769,0.455849,0.123291,0.085866,0.233714,0.333579,0.354759,-0.011164,0.123883,0.512529,0.076442,0.531867,0.462041,0.422431,0.369492,0.630127,0.467004,0.969712,0.257340,0.357181,0.529916,0.165262,0.260585,0.518260,0.396150,0.433511,0.533627,0.623140,0.091353,0.007582,0.349164,0.525609,0.145136,0.415985,0.654608,0.945007,0.496211,0.664178,0.384499,0.675887
0.802973,0.407843,0.996463,0.453703,0.000000,0.945118,1.011241,0.684179,1.196748,0.906955,0.747901,0.686994,0.877074,0.593396,0.962389,0.591518,0.321845,0.151321,0.763521,0.593829,0.398532,0.273425,0.689211,0.433581,0.404649,0.169024,0.481851,0.555626,0.420214,0.079693,0.354789,0.227257,0.438794,0.419221,0.145136,0.106751,0.297271,-0.053041,-0.014921,0.036069,0.465966,0.374485,0.318590,0.230584,0.195010,0.332988,0.432144,0.347632,0.288038,0.412236,0.277657,0.365577,0.538691,0.180906,0.591363,0.405660,0.206612,0.019142,0.707930,0.633562,0.705259,0.403629,0.502251,0.265727,0.692227,0.250166,0.588076,0.521095,0.440991,0.247403,0.551035,0.572471,0.498829,0.496169,0.553210,0.404629,0.387976,0.514758,0.048152,-0.000377,0.248397,0.155196,0.161006,0.095714,0.535580,0.299323,0.238554,-0.035970,0.665457,0.661680
0.567302,0.510656,0.836548,0.901369,0.945118,0.000000,0.650866,1.020685,0.929902,1.298821,0.489594,0.849100,0.492425,0.541922,0.846587,1.042835,0.336788,0.228309,0.677420,0.949991,0.498398,0.397174,0.771037,0.966963,0.432578,0.327360,0.714866,0.898535,0.309697,0.199530,0.527756,0.488646,0.440834,0.617532,0.333919,0.413447,0.272588,-0.015549,0.185020,0.246818,0.454919,0.364778,0.360626,0.249854,0.174387,0.426882,0.606343,0.445846,0.084907,0.407585,0.201198,0.547172,0.419171,0.259242,0.575440,0.524058,0.298986,0.052052,0.523020,0.730224,0.448460,0.509416,0.417915,0.266014,0.644600,0.535331,0.621337,0.864866,0.469602,0.417873,0.646315,0.400578,0.408072,0.610041,0.569258,0.428367,0.660951,0.766466,0.112451,0.106951,0.349413,0.427681,0.248179,0.277560,0.752378,0.701779,0.461084,0.350970,0.689278,0.824631
1.157058,0.353519,1.037354,0.255304,1.011241,0.650866,0.000000,0.588829,0.936293,0.763404,1.170755,0.632370,1.272973,0.419845,0.890409,0.466116,0.210060,0.068671,0.989943,0.503361,0.240730,0.109624,0.520884,0.256205,0.192018,-0.001070,0.313795,0.483632,0.369280,0.016089,0.179837,0.020217,0.333411,0.214788,-0.006240,0.005052,0.149203,0.014361,0.002879,0.068987,0.339401,0.277122,0.211305,0.159909,0.155241,0.212402,0.222414,0.268424,0.307379,0.271289,0.152836,0.112155,0.432760,0.083276,0.391033,0.266812,0.151757,-0.022785,0.927836,0.558641,0.993242,0.383339,0.279512,-0.025983,0.808978,0.214024,0.466194,0.274181,0.482238,0.334375,0.348396,0.474726,0.638844,0.388001,0.416976,0.350216,0.358006,0.348362,-0.024319,0.021536,-0.030561,-0.102600,0.147526,0.000852,0.331642,0.050219,0.175579,-0.138562,0.738966,0.576119
0.423826,0.613110,0.610553,1.415080,0.684179,1.020685,0.588829,0.000000,0.834952,0.810031,0.409440,0.996107,0.394799,0.464011,0.634078,0.850293,0.521628,0.424562,0.647697,1.201300,0.434801,0.360771,0.461583,0.939250,0.110370,0.130329,0.592411,0.626333,0.451810,0.392643,0.593646,0.673560,0.721276,0.997375,0.256081,0.487164,0.173890,0.132880,0.087552,0.202705,0.371304,0.361151,0.398501,0.308599,0.285112,0.569909,0.546632,0.495497,-0.005864,0.365537,-0.085911,0.297462,0.157504,-0.004433,0.271610,0.263319,0.396710,-0.011770,0.312708,0.822786,0.396003,0.855572,0.579625,0.415994,0.599829,0.699769,0.431854,0.764908,0.368436,0.349083,0.606962,0.262951,0.469485,0.616282,0.445643,0.500131,0.472371,0.558091,0.156134,0.056393,0.327461,0.321535,0.240972,0.292038,0.500297,0.608802,0.425352,0.354197,0.552826,0.731772
0.618222,0.415214,1.073034,0.559833,1.196748,0.929902,0.936293,0.834952,0.000000,1.024038,0.806885,0.700627,0.820560,0.559501,1.258706,0.769340,0.447749,0.222699,0.934786,0.739216,0.405494,0.284452,0.747175,0.545423,0.250683,0.092291,0.572418,0.603844,0.509695,0.229199,0.603865,0.388433,0.581778,0.527894,0.140293,0.144327,0.205685,-0.133901,-0.067104,0.005021,0.329935,0.234195,0.339371,0.248934,0.211855,0.356569,0.417256,0.390502,0.222097,0.335289,0.078227,0.173052,0.296508,0.021058,0.413098,0.251488,0.276325,-0.005467,0.583047,0.675503,0.676407,0.640646,0.456615,0.242113,1.019279,0.496663,0.459294,0.441257,0.520885,0.277373,0.585756,0.443025,0.518856,0.549155,0.575732,0.472640,0.379151,0.443633,0.124232,0.084084,0.253361,0.085506,0.238119,0.034864,0.496956,0.257199,0.331878,0.010807,0.772825,0.654150
0.600422,0.388267,0.977928,0.608698,0.906955,1.298821,0.763404,0.810031,1.024038,0.000000,0.610362,0.681140,0.642547,0.531866,1.050689,1.118468,0.358369,0.195331,0.723972,0.726851,0.390671,0.232857,0.751794,0.690887,0.351194,0.167820,0.629388,0.757944,0.422795,0.283800,0.555313,0.392227,0.459991,0.487018,0.298355,0.272013,0.268221,-0.093083,0.062555,0.175607,0.332956,0.265613,0.280451,0.245762,0.155304,0.354441,0.447034,0.372298,0.173532,0.382922,0.212540,0.417444,0.366863,0.153015,0.519131,0.413210,0.233997,0.034301,0.630997,0.758656,0.579580,0.571885,0.434519,0.217288,0.878748,0.586140,0.578059,0.618462,0.537783,0.330087,0.534473,0.289602,0.409207,0.552822,0.498839,0.464049,0.585384,0.610962,0.188167,0.191980,0.353645,0.299210,0.360529,0.147980,0.726760,0.474561,0.425898,0.248825,0.705102,0.781063
1.010893,0.428924,0.800573,0.127275,0.747901,0.489594,1.170755,0.409440,0.806885,0.610362,0.000000,0.703537,1.387838,0.609913,0.984537,0.430161,0.295992,0.110895,0.888458,0.417033,0.169550,0.075955,0.600541,0.200170,0.255445,0.063763,0.360520,0.486339,0.514875,0.131981,0.314040,0.075504,0.387981,0.188258,0.067702,-0.016832,0.162149,-0.083271,-0.193723,-0.122651,0.221746,0.231119,0.181764,0.093828,0.071861,0.135644,0.164391,0.203257,0.300121,0.184865,0.068604,-0.029175,0.326206,0.093352,0.339065,0.121026,0.294884,0.200033,0.905706,0.532362,1.087138,0.404680,0.225880,-0.071944,0.851011,0.235752,0.480270,0.211969,0.610358,0.282529,0.410786,0.537022,0.647325,0.333108,0.366063,0.309204,0.219646,0.286233,0.043369,0.004562,-0.055013,-0.166646,0.226483,-0.166764,0.339339,-0.017117,0.205623,-0.205364,0.741441,0.373343
0.580875,0.708000,0.518251,0.710975,0.686994,0.849100,0.632370,0.996107,0.700627,0.681140,0.703537,0.000000,0.600502,0.958881,0.722407,0.767916,0.607727,0.422785,0.568156,0.864313,0.441185,0.331313,0.484859,0.620761,0.266313,0.267659,0.482752,0.586457,0.600871,0.392932,0.469012,0.444858,0.576016,0.595764,0.228136,0.271598,0.240811,0.035943,0.034681,-0.005819,0.360510,0.403785,0.303638,0.211187,0.141494,0.363124,0.487136,0.344732,0.085013,0.292465,0.065321,0.310080,0.303006,0.171814,0.431416,0.265357,0.443025,0.211501,0.524055,0.782917,0.617700,0.631267,0.547518,0.370907,0.602014,0.484275,0.519027,0.626298,0.517433,0.220313,0.659029,0.423227,0.594104,0.625807,0.482205,0.498229,0.293902,0.508042,0.276193,0.130297,0.424264,0.331066,0.355169,0.188882,0.545182,0.550359,0.342769,0.125849,0.564768,0.514491
0.943692,0.404902,0.752809,0.082038,0.877074,0.492425,1.272973,0.394799,0.820560,0.642547,1.387838,0.600502,0.000000,0.513902,0.948145,0.371020,0.278013,0.142982,0.893519,0.361330,0.210475,0.096910,0.448762,0.102885,0.194845,-0.000242,0.209346,0.399006,0.558852,0.128871,0.206384,-0.035560,0.379744,0.171329,-0.096700,-0.125466,0.238260,-0.088260,-0.122454,-0.100597,0.275690,0.273817,0.235718,0.186482,0.139938,0.176183,0.224433,0.241030,0.415363,0.311092,0.125262,0.035009,0.404988,0.084021,0.415267,0.236081,0.215986,0.142127,0.835714,0.585070,1.034338,0.404696,0.352690,0.048599,0.689920,0.137884,0.359889,0.156067,0.448579,0.265843,0.372976,0.506328,0.574306,0.344459,0.354177,0.331506,0.223594,0.308875,0.067273,0.070984,0.026202,-0.178531,0.209951,-0.167163,0.236803,-0.127283,0.105474,-0.312618,0.672487,0.372502
0.467842,0.517491,0.464930,0.335420,0.593396,0.541922,0.419845,0.464011,0.559501,0.531866,0.609913,0.958881,0.513902,0.000000,0.539948,0.513671,0.317493,0.194741,0.337847,0.472575,0.364163,0.311934,0.599267,0.374804,0.406626,0.406446,0.266193,0.520668,0.291170,0.135768,0.501267,0.475801,0.515041,0.415302,0.332618,0.151106,0.239727,-0.101328,-0.156160,-0.013945,0.286334,0.517321,0.216542,0.173792,0.085585,0.212993,0.356075,0.230392,0.139346,0.290762,0.255935,0.339197,0.408514,0.214827,0.467320,0.299081,0.430595,0.369133,0.508576,0.582886,0.531426,0.391964,0.534577,0.395108,0.377925,0.217369,0.591675,0.480092,0.354700,-0.022918,0.593111,0.480746,0.535741,0.544839,0.495421,0.337557,0.236661,0.525526,0.064694,-0.094319,0.303094,0.154429,0.113119,0.025893,0.476927,0.443101,0.241117,0.063616,0.466275,0.309730
0.677425,0.479097,1.139027,0.420549,0.962389,0.846587,0.890409,0.634078,1.258706,1.050689,0.984537,0.722407,0.948145,0.539948,0.000000,0.860996,0.505525,0.305912,0.912736,0.661330,0.425835,0.268944,0.848896,0.483895,0.351252,0.159215,0.648631,0.700355,0.652614,0.346935,0.633219,0.308371,0.533269,0.441173,0.229172,0.144239,0.291148,-0.197130,-0.071402,-0.041574,0.337077,0.261341,0.335306,0.239912,0.203260,0.328722,0.431231,0.399329,0.319197,0.384301,0.127907,0.191721,0.299783,0.105416,0.516914,0.335231,0.325095,0.166896,0.703230,0.709413,0.713017,0.505272,0.387638,0.205521,1.007064,0.476790,0.544584,0.485319,0.779099,0.372433,0.620376,0.482874,0.488940,0.507867,0.541825,0.446666,0.430804,0.508723,0.258248,0.213762,0.329182,0.124261,0.415131,-0.002805,0.647877,0.221665,0.458545,0.040689,0.926657,0.667605
0.340708,0.371402,0.762243,0.758544,0.591518,1.042835,0.466116,0.850293,0.769340,1.118468,0.430161,0.767916,0.371020,0.513671,0.860996,0.000000,0.479987,0.342064,0.542172,0.770458,0.530931,0.377917,0.666866,0.779389,0.294003,0.241340,0.725310,0.723116,0.518349,0.534550,0.754533,0.572110,0.538635,0.658685,0.395696,0.423133,0.270688,-0.045345,0.136217,0.185231,0.462936,0.304033,0.318633,0.276910,0.200165,0.400457,0.480162,0.391956,0.069531,0.339473,0.046439,0.357896,0.124814,0.042081,0.355057,0.302939,0.247861,0.027764,0.385878,0.625690,0.358480,0.598978,0.409961,0.350828,0.844046,0.822923,0.461498,0.657102,0.466033,0.224466,0.502146,0.208219,0.345013,0.556376,0.380754,0.433789,0.523246,0.477250,0.339477,0.310922,0.440050,0.469896,0.534626,0.294938,0.778017,0.642417,0.591168,0.417319,0.633890,0.666077
0.129318,0.472559,0.281942,0.421869,0.321845,0.336788,0.210060,0.521628,0.447749,0.358369,0.295992,0.607727,0.278013,0.317493,0.505525,0.479987,0.000000,0.992930,0.267190,0.473099,0.379359,0.286335,0.221704,0.282413,0.068206,0.117804,0.490797,0.294499,0.821425,0.778447,0.597701,0.465666,0.734059,0.648385,0.220030,0.294321,0.479746,-0.026094,0.045262,-0.095602,0.155564,0.157949,0.408154,0.405608,0.420985,0.490989,0.491887,0.418578,0.279954,0.320465,-0.149673,0.032629,-0.126526,-0.212412,0.212498,0.049739,0.532849,0.301182,0.175071,0.511150,0.317562,0.588701,0.647411,0.663263,0.436409,0.549658,0.291239,0.372073,0.499443,0.087407,0.492851,0.212482,0.400059,0.557592,0.205383,0.317624,0.179187,0.250810,0.846071,0.394128,0.783679,0.301600,0.528918,0.096014,0.260663,0.248416,0.352877,0.077770,0.367071,0.237888
0.031560,0.576593,0.067424,0.376196,0.151321,0.228309,0.068671,0.424562,0.222699,0.195331,0.110895,0.422785,0.142982,0.194741,0.305912,0.342064,0.992930,0.000000,0.089604,0.358831,0.323748,0.269071,0.067202,0.245124,0.020545,0.150958,0.412231,0.184795,0.614938,0.745249,0.472238,0.420804,0.692129,0.669813,0.174251,0.326553,0.464725,0.093198,0.141701,-0.001278,0.139278,0.196209,0.523773,0.599010,0.592034,0.681967,0.564732,0.578747,0.360567,0.493952,-0.075289,0.081283,-0.077972,-0.203966,0.269847,0.124339,0.541319,0.449039,0.074118,0.464039,0.118727,0.429491,0.479089,0.679498,0.193646,0.350425,0.296097,0.420228,0.298297,0.181770,0.347636,0.112720,0.293025,0.538955,0.113855,0.218508,0.176789,0.253972,0.739100,0.498321,0.711127,0.357409,0.408309,0.204764,0.122143,0.186363,0.295167,0.152171,0.207843,0.164434
0.848725,0.463740,0.965167,0.423687,0.763521,0.677420,0.989943,0.647697,0.934786,0.723972,0.888458,0.568156,0.893519,0.337847,0.912736,0.542172,0.267190,0.089604,0.000000,0.942552,0.428403,0.301315,0.640009,0.418397,0.097039,-0.058163,0.366275,0.541142,0.328113,0.011195,0.371208,0.173517,0.445771,0.399624,0.067357,0.175626,0.101149,-0.018364,-0.000574,0.197993,0.331560,0.300632,0.245207,0.184506,0.232879,0.257290,0.327091,0.326526,0.190579,0.151380,-0.008073,-0.031955,0.254837,-0.036120,0.352050,0.239695,0.235388,-0.046164,0.596045,0.554265,0.660046,0.483381,0.295915,-0.029840,0.737152,0.266571,0.325504,0.284616,0.485323,0.499321,0.491138,0.530210,0.610532,0.385753,0.500738,0.440629,0.465212,0.490369,-0.075840,-0.099148,-0.031111,-0.086349,0.023013,0.087086,0.414609,0.073069,0.304672,0.018936,0.974016,0.701757
0.511441,0.770327,0.679629,1.159909,0.593829,0.949991,0.503361,1.201300,0.739216,0.726851,0.417033,0.864313,0.361330,0.472575,0.661330,0.770458,0.473099,0.358831,0.942552,0.000000,0.502837,0.472683,0.668999,1.021498,0.211044,0.174314,0.603325,0.706075,0.287146,0.215318,0.622867,0.618845,0.689577,0.978064,0.333797,0.576729,0.189948,0.132879,0.114016,0.329044,0.356606,0.415220,0.425296,0.343790,0.329911,0.522627,0.640768,0.564586,0.009341,0.294957,-0.028328,0.246001,0.223934,0.075039,0.367962,0.379844,0.503930,0.106874,0.338896,0.694886,0.295066,0.580929,0.465828,0.324081,0.464269,0.470314,0.463559,0.772339,0.515511,0.555299,0.689145,0.400672,0.511351,0.563254,0.548922,0.531055,0.620704,0.767051,0.041843,-0.084896,0.268282,0.275907,0.085455,0.301323,0.604626,0.602234,0.506160,0.405504,0.711469,0.861861
0.272841,0.379762,0.376647,0.391651,0.398532,0.498398,0.240730,0.434801,0.405494,0.390671,0.169550,0.441185,0.210475,0.364163,0.425835,0.530931,0.379359,0.323748,0.428403,0.502837,0.000000,0.874097,0.373682,0.368925,0.174961,0.291892,0.401380,0.449206,0.298199,0.202624,0.455713,0.363768,0.476268,0.553580,0.199464,0.224484,0.195494,-0.101676,0.153676,0.098549,0.475991,0.503489,0.231677,0.265117,0.395444,0.433829,0.473158,0.213224,0.282813,0.328752,0.106405,0.207516,0.060121,-0.042246,0.430386,0.343494,0.322079,0.180316,0.280772,0.461965,0.237322,0.353252,0.328608,0.379651,0.313697,0.365479,0.347595,0.514454,0.206277,0.217097,0.506786,0.476965,0.372785,0.547206,0.526422,0.425548,0.432740,0.566602,0.224922,0.039324,0.468652,0.241586,0.107817,0.144732,0.328490,0.306371,0.387571,0.213725,0.495185,0.421907
0.153537,0.359127,0.273272,0.376273,0.273425,0.397174,0.109624,0.360771,0.284452,0.232857,0.075955,0.331313,0.096910,0.311934,0.268944,0.377917,0.286335,0.269071,0.301315,0.472683,0.874097,0.000000,0.316582,0.343234,0.146709,0.292202,0.243994,0.388581,0.073095,0.027744,0.399888,0.381348,0.446462,0.586816,0.159730,0.276444,0.252720,0.023475,0.204682,0.153588,0.495560,0.443987,0.189467,0.193589,0.325093,0.379203,0.410369,0.172273,0.157465,0.268302,0.099532,0.214552,0.074298,-0.026883,0.337097,0.282688,0.299032,0.188508,0.169835,0.368431,0.088486,0.313162,0.315403,0.431034,0.151249,0.271101,0.297316,0.484506,0.170295,0.157344,0.487196,0.526446,0.287742,0.530342,0.329333,0.267035,0.378921,0.555268,0.048011,-0.114798,0.333029,0.215458,-0.007998,0.192770,0.236599,0.328090,0.319219,0.228047,0.435558,0.277009
0.598843,0.472403,1.128328,0.526972,0.689211,0.771037,0.520884,0.461583,0.747175,0.751794,0.600541,0.484859,0.448762,0.599267,0.848896,0.666866,0.221704,0.067202,0.640009,0.668999,0.373682,0.316582,0.000000,0.866564,0.930388,0.619017,0.701434,0.781481,0.071626,-0.029980,0.856065,0.636779,0.405237,0.481916,0.752971,0.520613,0.204644,0.034453,0.063963,0.191290,0.418797,0.454631,0.277224,0.138879,0.087490,0.176866,0.408208,0.397070,-0.013297,0.187414,0.183278,0.303811,0.399067,0.321055,0.363890,0.375254,0.398536,0.234777,0.521662,0.364948,0.314261,0.153416,0.178851,0.062083,0.554226,0.309567,0.752266,0.683815,0.633560,0.440725,0.645076,0.594244,0.379934,0.477987,0.557601,0.390719,0.590514,0.715062,-0.048985,-0.125154,0.131260,0.187716,0.036681,0.090214,0.966796,0.514347,0.399465,0.319812,0.768690,0.598884
0.238156,0.476238,0.574205,1.385942,0.433581,0.966963,0.256205,0.939250,0.545423,0.690887,0.200170,0.620761,0.102885,0.374804,0.483895,0.779389,0.282413,0.245124,0.418397,1.021498,0.368925,0.343234,0.866564,0.000000,0.548788,0.553751,0.777228,0.688219,0.085481,0.178132,0.762309,0.914734,0.409726,0.807835,0.657362,0.874346,0.140963,0.228814,0.212177,0.306039,0.344909,0.321728,0.384034,0.238586,0.145286,0.407315,0.568855,0.530147,-0.216183,0.249764,0.026674,0.470194,0.215884,0.278527,0.258526,0.368886,0.353396,0.040081,0.168832,0.386427,0.021816,0.329407,0.242896,0.194623,0.395405,0.554904,0.522523,0.966057,0.370689,0.469417,0.513949,0.213054,0.239911,0.462867,0.455895,0.448595,0.611516,0.711907,0.011988,-0.018437,0.238981,0.529019,0.117157,0.374365,0.822017,0.994443,0.502409,0.766532,0.444052,0.644203
0.296736,0.260764,0.497248,0.256344,0.404649,0.432578,0.192018,0.110370,0.250683,0.351194,0.255445,0.266313,0.194845,0.406626,0.351252,0.294003,0.068206,0.020545,0.097039,0.211044,0.174961,0.146709,0.930388,0.548788,0.000000,1.066531,0.561159,0.517439,-0.035483,-0.061319,0.453317,0.380300,0.076515,0.181248,0.694962,0.371691,0.221558,0.157336,0.166873,0.084089,0.399991,0.340540,0.079449,-0.023948,-0.125861,-0.020823,0.184830,0.182579,-0.075220,0.123699,0.273534,0.445080,0.502383,0.574350,0.324584,0.333589,0.197470,0.292511,0.309027,0.107109,0.048951,-0.189190,0.045537,0.085733,0.162475,0.051575,0.541371,0.522571,0.355471,0.234236,0.340436,0.366057,0.148424,0.370730,0.343340,0.237687,0.292946,0.520083,0.056207,-0.030826,0.234883,0.351033,-0.001129,0.097793,0.745990,0.497059,0.064536,0.245462,0.309792,0.257091
0.102089,0.289500,0.251759,0.328592,0.169024,0.327360,-0.001070,0.130329,0.092291,0.167820,0.063763,0.267659,-0.000242,0.406446,0.159215,0.241340,0.117804,0.150958,-0.058163,0.174314,0.291892,0.292202,0.619017,0.553751,1.066531,0.000000,0.466324,0.376296,-0.069679,-0.010451,0.514123,0.534110,0.130035,0.283685,0.723408,0.534515,0.202695,0.199966,0.235642,0.095136,0.374434,0.452967,0.078928,-0.015445,-0.071516,0.080102,0.228228,0.159812,-0.102264,0.108708,0.181128,0.401068,0.274167,0.410218,0.244318,0.226941,0.279615,0.328460,0.122867,0.046014,-0.076486,-0.136026,0.008442,0.138490,0.045661,0.122408,0.438457,0.536590,0.166306,0.175686,0.239171,0.285019,0.138462,0.379218,0.232056,0.235602,0.218933,0.464513,0.055327,-0.066517,0.291189,0.397874,-0.010381,0.179469,0.505154,0.579024,0.119488,0.404355,0.185817,0.077463
0.282332,0.385209,0.610109,0.682113,0.481851,0.714866,0.313795,0.592411,0.572418,0.629388,0.360520,0.482752,0.209346,0.266193,0.648631,0.725310,0.490797,0.412231,0.366275,0.603325,0.401380,0.243994,0.701434,0.777228,0.561159,0.466324,0.000000,0.730321,0.365922,0.439084,0.700217,0.594749,0.456156,0.592134,0.569990,0.532090,0.195995,0.073256,0.137680,0.095912,0.381329,0.168533,0.363064,0.222355,0.258272,0.448901,0.436545,0.423254,0.088294,0.311185,0.034868,0.295882,0.179584,0.117748,0.343546,0.277927,0.312720,0.160583,0.367896,0.377561,0.222882,0.320563,0.221280,0.265380,0.551276,0.554055,0.623148,0.737727,0.420234,0.352502,0.415154,0.269979,0.324130,0.557208,0.424611,0.387035,0.421606,0.522768,0.346968,0.205314,0.402170,0.418410,0.346574,0.147523,0.721332,0.554484,0.434001,0.372740,0.561621,0.521282
0.560264,0.544063,0.749083,0.586046,0.555626,0.898535,0.483632,0.626333,0.603844,0.757944,0.486339,0.586457,0.399006,0.520668,0.700355,0.723116,0.294499,0.184795,0.541142,0.706075,0.449206,0.388581,0.781481,0.688219,0.517439,0.376296,0.730321,0.000000,0.261670,0.212336,0.497670,0.455976,0.422754,0.528590,0.361090,0.391990,0.238491,-0.067133,0.091028,0.212840,0.363224,0.335941,0.297754,0.168507,0.151671,0.352876,0.436103,0.378633,0.099119,0.300805,0.105922,0.336217,0.382577,0.216989,0.450311,0.424763,0.385289,0.250812,0.591527,0.627167,0.425692,0.358505,0.285043,0.247905,0.475607,0.407764,0.605134,0.704236,0.545393,0.457108,0.673015,0.445477,0.388964,0.543828,0.516760,0.274148,0.574657,0.716363,0.141341,-0.020166,0.231774,0.226041,0.198325,0.084147,0.677155,0.508341,0.308701,0.309104,0.708884,0.689633
0.229657,0.361795,0.265045,0.234938,0.420214,0.309697,0.369280,0.451810,0.509695,0.422795,0.514875,0.600871,0.558852,0.291170,0.652614,0.518349,0.821425,0.614938,0.328113,0.287146,0.298199,0.073095,0.071626,0.085481,-0.035483,-0.069679,0.365922,0.261670,0.000000,1.101499,0.399920,0.198708,0.589643,0.398815,-0.025949,0.000519,0.330092,-0.190801,-0.187052,-0.364532,0.074050,0.022573,0.260859,0.273175,0.191994,0.363977,0.289664,0.306732,0.336673,0.337153,-0.137976,0.007215,-0.044460,-0.090541,0.222800,0.051370,0.306677,0.182507,0.329130,0.625205,0.574632,0.651362,0.481375,0.477385,0.572160,0.463991,0.194688,0.232499,0.368277,0.033088,0.336988,0.129022,0.340791,0.296375,0.196659,0.287963,0.058332,0.107691,0.706072,0.494814,0.521879,0.168864,0.762306,-0.153716,0.149744,0.018204,0.130337,-0.156861,0.273589,0.286597
-0.106774,0.242233,0.074537,0.320493,0.079693,0.199530,0.016089,0.392643,0.229199,0.283800,0.131981,0.392932,0.128871,0.135768,0.346935,0.534550,0.778447,0.745249,0.011195,0.215318,0.202624,0.027744,-0.029980,0.178132,-0.061319,-0.010451,0.439084,0.212336,1.101499,0.000000,0.431595,0.347467,0.502108,0.454358,0.113404,0.193907,0.298380,-0.145309,-0.158616,-0.259252,-0.017418,-0.096694,0.300585,0.279217,0.188806,0.417437,0.286521,0.330676,0.180011,0.293324,-0.255475,0.017277,-0.235173,-0.173591,0.043874,-0.029631,0.278581,0.171108,0.050676,0.470977,0.192619,0.601023,0.365683,0.588956,0.395915,0.626333,0.110200,0.270993,0.223951,-0.011454,0.237137,-0.106063,0.122636,0.265913,0.064134,0.218103,0.019891,0.064173,0.910047,0.699998,0.634104,0.350831,0.911985,-0.054290,0.119206,0.140308,0.160513,0.071906,0.081888,0.198243
0.161892,0.496584,0.580896,0.687531,0.354789,0.527756,0.179837,0.593646,0.603865,0.555313,0.314040,0.469012,0.206384,0.501267,0.633219,0.754533,0.597701,0.472238,0.371208,0.622867,0.455713,0.399888,0.856065,0.762309,0.453317,0.514123,0.700217,0.497670,0.399920,0.431595,0.000000,1.306697,0.838309,0.909598,0.751309,0.702644,0.237376,-0.014763,-0.026399,-0.006465,0.309158,0.358102,0.326316,0.247752,0.235457,0.380346,0.439320,0.436093,-0.032249,0.206653,-0.141876,0.129422,-0.050734,0.008504,0.136647,0.173567,0.591714,0.276456,0.175878,0.499361,0.207032,0.546683,0.377497,0.400030,0.549251,0.677669,0.487506,0.652854,0.402946,0.230078,0.635835,0.356978,0.301691,0.552832,0.346631,0.438199,0.468206,0.500743,0.259977,0.044971,0.376967,0.276693,0.222337,0.035713,0.567545,0.499552,0.422034,0.407155,0.537403,0.419984
0.035561,0.449107,0.353193,0.906407,0.227257,0.488646,0.020217,0.673560,0.388433,0.392227,0.075504,0.444858,-0.035560,0.475801,0.308371,0.572110,0.465666,0.420804,0.173517,0.618845,0.363768,0.381348,0.636779,0.914734,0.380300,0.534110,0.594749,0.455976,0.198708,0.347467,1.306697,0.000000,0.688587,0.986058,0.818241,0.929278,0.178677,0.098626,0.035279,0.106243,0.249005,0.357591,0.322049,0.233958,0.201558,0.390208,0.444832,0.441268,-0.205516,0.167475,-0.195707,0.187866,-0.052724,0.029522,0.070513,0.149534,0.566270,0.210039,0.003596,0.416861,0.017117,0.495397,0.365646,0.441188,0.281763,0.614949,0.457133,0.722041,0.219409,0.171976,0.550809,0.235271,0.255239,0.528055,0.345489,0.365441,0.457698,0.504861,0.120951,-0.027326,0.313309,0.386177,0.095788,0.158842,0.484163,0.705566,0.380400,0.615138,0.330456,0.345000
0.397435,0.844459,0.446626,0.606124,0.438794,0.440834,0.333411,0.721276,0.581778,0.459991,0.387981,0.576016,0.379744,0.515041,0.533269,0.538635,0.734059,0.692129,0.445771,0.689577,0.476268,0.446462,0.405237,0.409726,0.076515,0.130035,0.456156,0.422754,0.589643,0.502108,0.838309,0.688587,0.000000,1.225040,0.268804,0.388561,0.391647,0.006897,-0.135976,-0.057027,0.292107,0.460304,0.574008,0.594080,0.588885,0.792482,0.644782,0.658129,0.317524,0.548580,-0.019619,0.162117,0.044401,-0.103671,0.309512,0.314087,0.872809,0.492196,0.369717,0.834564,0.477520,0.777917,0.689445,0.724625,0.388586,0.466057,0.643975,0.717935,0.364631,0.259426,0.628942,0.410941,0.390911,0.532667,0.303405,0.298779,0.466284,0.498906,0.252838,-0.032218,0.435193,0.076777,0.185512,-0.042174,0.271678,0.272098,0.343614,0.069052,0.454021,0.431347
0.267876,0.750847,0.407113,1.102290,0.419221,0.617532,0.214788,0.997375,0.527894,0.487018,0.188258,0.595764,0.171329,0.415302,0.441173,0.658685,0.648385,0.669813,0.399624,0.978064,0.553580,0.586816,0.481916,0.807835,0.181248,0.283685,0.592134,0.528590,0.398815,0.454358,0.909598,0.986058,1.225040,0.000000,0.430057,0.685227,0.317486,0.196164,0.032663,0.121301,0.360195,0.510886,0.556656,0.540392,0.502484,0.831892,0.689408,0.678591,0.080279,0.498099,-0.081554,0.277892,0.015178,-0.041782,0.246249,0.308630,0.704322,0.298500,0.189119,0.693463,0.190354,0.646830,0.600784,0.703860,0.318116,0.584371,0.548401,0.966333,0.296264,0.368665,0.605581,0.360824,0.342294,0.627948,0.355332,0.334999,0.535476,0.624638,0.168163,-0.038794,0.440210,0.304675,0.119444,0.174332,0.437238,0.584416,0.456557,0.402012,0.399026,0.497714
0.119606,0.189849,0.402829,0.505448,0.145136,0.333919,-0.006240,0.256081,0.140293,0.298355,0.067702,0.228136,-0.096700,0.332618,0.229172,0.395696,0.220030,0.174251,0.067357,0.333797,0.199464,0.159730,0.752971,0.657362,0.694962,0.723408,0.569990,0.361090,-0.025949,0.113404,0.751309,0.818241,0.268804,0.430057,0.000000,1.014837,0.139427,0.170351,0.151152,0.149639,0.201204,0.260488,0.229833,0.181678,0.148921,0.217810,0.266060,0.380401,-0.195380,0.135193,0.078244,0.339028,0.081204,0.169790,0.131765,0.250712,0.281072,0.201773,0.133005,0.064140,-0.046854,0.004416,0.193777,0.174078,0.195873,0.328261,0.656099,0.656665,0.245312,0.125611,0.319384,0.183189,0.103374,0.333088,0.246211,0.212302,0.463281,0.518457,0.065924,0.030610,0.255100,0.436290,0.065991,0.261989,0.773146,0.732329,0.378202,0.655725,0.252501,0.287948
0.098062,0.280187,0.317206,0.805667,0.106751,0.413447,0.005052,0.487164,0.144327,0.272013,-0.016832,0.271598,-0.125466,0.151106,0.144239,0.423133,0.294321,0.326553,0.175626,0.576729,0.224484,0.276444,0.520613,0.874346,0.371691,0.534515,0.532090,0.391990,0.000519,0.193907,0.702644,0.929278,0.388561,0.685227,1.014837,0.000000,0.129089,0.298380,0.329788,0.337606,0.195522,0.271488,0.352693,0.269403,0.251932,0.411063,0.417775,0.542411,-0.211397,0.159043,-0.079061,0.280021,0.029693,0.061923,0.111286,0.240766,0.322992,0.053366,0.032368,0.183957,-0.081545,0.196040,0.268914,0.263632,0.157523,0.419881,0.467664,0.711279,0.170047,0.280906,0.299603,0.108232,0.162622,0.330536,0.178459,0.203606,0.524083,0.513508,0.060588,0.024183,0.216833,0.478105,0.044231,0.353808,0.547960,0.752597,0.374816,0.859408,0.254240,0.397211
0.141766,0.291185,0.256766,0.137973,0.297271,0.272588,0.149203,0.173890,0.205685,0.268221,0.162149,0.240811,0.238260,0.239727,0.291148,0.270688,0.479746,0.464725,0.101149,0.189948,0.195494,0.252720,0.204644,0.140963,0.221558,0.202695,0.195995,0.238491,0.330092,0.298380,0.237376,0.178677,0.391647,0.317486,0.139427,0.129089,0.000000,0.077869,0.101436,0.086445,0.228165,0.191332,0.248949,0.279642,0.154811,0.194092,0.310252,0.272268,0.265568,0.275797,-0.001948,0.109609,0.169999,0.049202,0.300472,0.085937,0.342165,0.338751,0.188850,0.315592,0.168403,0.237478,0.315031,0.400563,0.179686,0.185779,0.255363,0.283854,0.384416,0.027390,0.448612,0.258294,0.300333,0.365118,0.193023,0.091447,0.267406,0.309613,0.374991,0.273362,0.539630,0.298926,0.316172,0.200649,0.237005,0.177991,0.171936,0.084836,0.248984,0.083302
0.034649,0.111872,-0.076035,0.239723,-0.053041,-0.015549,0.014361,0.132880,-0.133901,-0.093083,-0.083271,0.035943,-0.088260,-0.101328,-0.197130,-0.045345,-0.026094,0.093198,-0.018364,0.132879,-0.101676,0.023475,0.034453,0.228814,0.157336,0.199966,0.073256,-0.067133,-0.190801,-0.145309,-0.014763,0.098626,0.006897,0.196164,0.170351,0.298380,0.077869,0.000000,0.345039,0.414916,0.302479,0.352706,-0.005084,0.059149,-0.065517,0.002487,-0.024515,0.114536,-0.331387,-0.058034,-0.129880,0.028674,0.164202,0.254195,-0.131365,-0.064506,-0.001158,-0.058072,-0.181053,-0.089873,-0.219891,-0.126959,-0.004877,-0.019232,-0.145603,-0.131017,-0.037981,0.098896,-0.038135,0.194784,-0.152972,-0.092138,0.167205,0.178756,-0.091053,0.194375,0.026476,0.075542,-0.090066,-0.121105,-0.109414,0.228241,-0.170239,0.481436,0.164881,0.241845,-0.000392,0.265046,-0.157360,0.003728
0.007957,0.007183,0.033853,0.185463,-0.014921,0.185020,0.002879,0.087552,-0.067104,0.062555,-0.193723,0.034681,-0.122454,-0.156160,-0.071402,0.136217,0.045262,0.141701,-0.000574,0.114016,0.153676,0.204682,0.063963,0.212177,0.166873,0.235642,0.137680,0.091028,-0.187052,-0.158616,-0.026399,0.035279,-0.135976,0.032663,0.151152,0.329788,0.101436,0.345039,0.000000,0.525199,0.312116,0.054347,-0.007331,0.032524,0.040599,0.028648,0.098538,0.055980,-0.097100,-0.014936,0.065115,0.146556,0.147870,0.076645,0.132349,0.158032,-0.118245,-0.135655,-0.005541,-0.094387,-0.151390,-0.117141,0.003409,-0.023099,-0.018250,0.051811,-0.007468,0.080070,0.009359,0.126853,-0.069628,-0.139293,0.109394,0.267404,0.040326,0.121979,0.195184,0.099565,0.102318,0.153536,0.143932,0.324061,0.095920,0.502987,0.258654,0.283992,0.223102,0.435379,0.143042,0.104863
0.110244,0.121481,0.156795,0.277311,0.036069,0.246818,0.068987,0.202705,0.005021,0.175607,-0.122651,-0.005819,-0.100597,-0.013945,-0.041574,0.185231,-0.095602,-0.001278,0.197993,0.329044,0.098549,0.153588,0.191290,0.306039,0.084089,0.095136,0.095912,0.212840,-0.364532,-0.259252,-0.006465,0.106243,-0.057027,0.121301,0.149639,0.337606,0.086445,0.414916,0.525199,0.000000,0.207024,0.324010,0.149267,0.137656,0.105586,0.068950,0.210686,0.232974,-0.094468,0.062986,0.173166,0.213585,0.330894,0.081879,0.136417,0.244438,-0.023225,-0.113379,0.037937,0.031042,-0.180449,-0.123426,0.088815,-0.016217,-0.093150,-0.121059,0.099344,0.204043,0.090298,0.248841,-0.020294,-0.075915,0.177409,0.161528,-0.014662,0.171535,0.343845,0.303984,-0.122153,-0.037541,0.032233,0.287703,-0.164262,0.673211,0.273708,0.301160,0.235213,0.566051,0.152349,0.306886
0.295168,0.296931,0.415319,0.317800,0.465966,0.454919,0.339401,0.371304,0.329935,0.332956,0.221746,0.360510,0.275690,0.286334,0.337077,0.462936,0.155564,0.139278,0.331560,0.356606,0.475991,0.495560,0.418797,0.344909,0.399991,0.374434,0.381329,0.363224,0.074050,-0.017418,0.309158,0.249005,0.292107,0.360195,0.201204,0.195522,0.228165,0.302479,0.312116,0.207024,0.000000,0.576610,0.057049,0.082555,0.100845,0.149546,0.234858,0.114603,-0.055732,0.095363,0.040897,0.229524,0.253804,0.275196,0.234603,0.252936,0.192571,0.080683,0.204917,0.303810,0.169029,0.219525,0.229585,0.221580,0.278856,0.199529,0.251089,0.384675,0.132433,0.162660,0.295616,0.426341,0.377221,0.550467,0.284094,0.413499,0.299747,0.326487,0.059260,-0.089409,0.183381,0.273204,0.078874,0.345342,0.501780,0.365628,0.261496,0.132217,0.441681,0.274100
0.409274,0.519606,0.300143,0.324651,0.374485,0.364778,0.277122,0.361151,0.234195,0.265613,0.231119,0.403785,0.273817,0.517321,0.261341,0.304033,0.157949,0.196209,0.300632,0.415220,0.503489,0.443987,0.454631,0.321728,0.340540,0.452967,0.168533,0.335941,0.022573,-0.096694,0.358102,0.357591,0.460304,0.510886,0.260488,0.271488,0.191332,0.352706,0.054347,0.324010,0.576610,0.000000,0.149664,0.188386,0.178059,0.232445,0.338087,0.222465,0.021924,0.227475,0.118620,0.215336,0.283992,0.214972,0.258954,0.276963,0.431780,0.324463,0.219324,0.386216,0.176442,0.125485,0.278264,0.307094,0.048874,0.029023,0.391859,0.502159,0.149176,0.288188,0.405794,0.587339,0.419347,0.506993,0.238507,0.327467,0.347555,0.493717,-0.055846,-0.311713,0.184033,0.106639,-0.204424,0.211804,0.291926,0.306470,0.164981,0.118564,0.317996,0.266320
0.295753,0.416611,0.267796,0.436091,0.318590,0.360626,0.211305,0.398501,0.339371,0.280451,0.181764,0.303638,0.235718,0.216542,0.335306,0.318633,0.408154,0.523773,0.245207,0.425296,0.231677,0.189467,0.277224,0.384034,0.079449,0.078928,0.363064,0.297754,0.260859,0.300585,0.326316,0.322049,0.574008,0.556656,0.229833,0.352693,0.248949,-0.005084,-0.007331,0.149267,0.057049,0.149664,0.000000,1.122679,1.025279,1.029669,1.298917,1.284869,0.560920,0.925708,0.365747,0.424860,0.130917,-0.066081,0.494935,0.586263,0.404769,0.209615,0.261902,0.281523,0.094670,0.110542,0.360466,0.353712,0.075190,0.042967,0.615269,0.615584,0.220342,0.240525,0.301160,0.226713,0.241325,0.285104,0.187036,0.145244,0.474264,0.437047,0.053692,0.124710,0.277981,0.100856,0.229464,0.061594,0.187675,0.170036,0.412226,0.152514,0.122901,0.234328
0.224710,0.354248,0.184427,0.336109,0.230584,0.249854,0.159909,0.308599,0.248934,0.245762,0.093828,0.211187,0.186482,0.173792,0.239912,0.276910,0.405608,0.599010,0.184506,0.343790,0.265117,0.193589,0.138879,0.238586,-0.023948,-0.015445,0.222355,0.168507,0.273175,0.279217,0.247752,0.233958,0.594080,0.540392,0.181678,0.269403,0.279642,0.059149,0.032524,0.137656,0.082555,0.188386,1.122679,0.000000,1.176010,1.179009,1.039059,1.189227,0.685271,1.148672,0.400014,0.471659,0.077083,-0.142149,0.576184,0.640183,0.296079,0.224726,0.243108,0.266935,0.111493,0.124976,0.438801,0.486141,0.074718,0.075635,0.509943,0.499672,0.141161,0.153881,0.165450,0.129867,0.201254,0.267775,0.200800,0.085121,0.497242,0.385360,0.140794,0.164926,0.365165,0.147418,0.220369,0.184630,0.184661,0.192737,0.488344,0.198346,0.124559,0.236028
0.219091,0.274397,0.184616,0.272810,0.195010,0.174387,0.155241,0.285112,0.211855,0.155304,0.071861,0.141494,0.139938,0.085585,0.203260,0.200165,0.420985,0.592034,0.232879,0.329911,0.395444,0.325093,0.087490,0.145286,-0.125861,-0.071516,0.258272,0.151671,0.191994,0.188806,0.235457,0.201558,0.588885,0.502484,0.148921,0.251932,0.154811,-0.065517,0.040599,0.105586,0.100845,0.178059,1.025279,1.176010,0.000000,1.226861,0.867437,0.836619,0.795107,0.930929,0.346235,0.307810,-0.022899,-0.348280,0.525373,0.528397,0.256708,0.133094,0.228369,0.183412,0.108502,0.130122,0.418278,0.424331,0.039844,0.069649,0.517201,0.449268,0.006185,0.129820,0.158810,0.184222,0.213184,0.282109,0.156079,0.049733,0.429588,0.327304,0.113121,0.073585,0.308708,0.022557,0.052040,0.086306,0.069780,0.066523,0.419097,0.109548,0.193798,0.174945
0.264420,0.458311,0.273793,0.601073,0.332988,0.426882,0.212402,0.569909,0.356569,0.354441,0.135644,0.363124,0.176183,0.212993,0.328722,0.400457,0.490989,0.681967,0.257290,0.522627,0.433829,0.379203,0.176866,0.407315,-0.020823,0.080102,0.448901,0.352876,0.363977,0.417437,0.380346,0.390208,0.792482,0.831892,0.217810,0.411063,0.194092,0.002487,0.028648,0.068950,0.149546,0.232445,1.029669,1.179009,1.226861,0.000000,1.007344,1.030598,0.676607,1.271963,0.328800,0.547910,0.053524,-0.228167,0.591570,0.631867,0.348953,0.198824,0.361334,0.450960,0.216459,0.334667,0.538374,0.603037,0.198717,0.281329,0.688491,0.794587,0.070971,0.214932,0.261863,0.166756,0.227928,0.424620,0.263324,0.168147,0.495312,0.470075,0.179362,0.113926,0.436365,0.221409,0.223932,0.117655,0.249470,0.331052,0.459459,0.273628,0.240837,0.350686
0.317097,0.574066,0.361429,0.595699,0.432144,0.606343,0.222414,0.546632,0.417256,0.447034,0.164391,0.487136,0.224433,0.356075,0.431231,0.480162,0.491887,0.564732,0.327091,0.640768,0.473158,0.410369,0.408208,0.568855,0.184830,0.228228,0.436545,0.436103,0.289664,0.286521,0.439320,0.444832,0.644782,0.689408,0.266060,0.417775,0.310252,-0.024515,0.098538,0.210686,0.234858,0.338087,1.298917,1.039059,0.867437,1.007344,0.000000,1.169194,0.495109,0.890892,0.408354,0.587871,0.216904,0.093516,0.696411,0.766086,0.504307,0.276226,0.300185,0.465958,0.141486,0.217436,0.416666,0.498137,0.123809,0.148972,0.690438,0.849757,0.299565,0.318886,0.483484,0.363178,0.320541,0.455596,0.380263,0.271837,0.611314,0.659453,0.129562,0.094869,0.458986,0.279342,0.247640,0.162989,0.335316,0.378132,0.497768,0.241787,0.272857,0.392178
0.341505,0.522593,0.389297,0.589202,0.347632,0.445846,0.268424,0.495497,0.390502,0.372298,0.203257,0.344732,0.241030,0.230392,0.399329,0.391956,0.418578,0.578747,0.326526,0.564586,0.213224,0.172273,0.397070,0.530147,0.182579,0.159812,0.423254,0.378633,0.306732,0.330676,0.436093,0.441268,0.658129,0.678591,0.380401,0.542411,0.272268,0.114536,0.055980,0.232974,0.114603,0.222465,1.284869,1.189227,0.836619,1.030598,1.169194,0.000000,0.425953,0.908240,0.315139,0.507547,0.239833,0.059879,0.534961,0.701964,0.470954,0.279810,0.314301,0.368836,0.153518,0.167531,0.473276,0.440005,0.140870,0.083899,0.723689,0.765021,0.299628,0.368524,0.332755,0.192060,0.231258,0.336808,0.266397,0.184000,0.641865,0.579125,0.096334,0.125093,0.334235,0.223535,0.211623,0.170443,0.350544,0.336297,0.411085,0.314809,0.207366,0.437129
