0.000000,1.034416,0.526958,0.666411,0.538813,0.460668,0.722465,0.665552,0.481526,0.372377,0.896909,0.757511,0.820008,0.645528,0.750476,0.630228,0.706840,0.598294,1.234459,0.942346,0.678120,0.379941,0.517416,0.532060,0.492212,0.537123,0.441172,0.425082,0.671316,0.633824,0.408368,0.672311,0.726689,0.870339,0.432179,0.457495,0.685635,0.746037,0.410110,0.599585,0.407787,0.610865,0.535621,0.642734,0.623923,0.618784,0.694510,0.695219,0.629995,0.689883,0.606367,0.615759,0.629833,0.749565,0.528778,0.624564,1.013702,0.734721,0.991270,0.770531,1.069206,0.583860,0.719274,0.642248,0.349422,0.433229,0.618984,0.602068,0.859198,0.846225,0.145965,0.149890,0.615466,0.574510,0.634039,0.527081,0.499373,0.406253,0.598618,0.258154,0.729186,0.594754,0.636975,0.525516,0.684119,0.590218,0.251456,0.325091,0.752521,0.829347
1.034416,0.000000,0.374500,0.568809,0.236674,0.251272,0.378259,0.413349,0.292351,0.232301,0.505644,0.443367,0.466460,0.584292,0.524755,0.523164,0.885986,0.846146,1.006316,1.139490,0.519425,0.372650,0.393958,0.325238,0.366168,0.351513,0.345251,0.451328,0.752304,0.816149,0.440898,0.537952,0.771035,0.783256,0.312131,0.299450,0.559326,0.631498,0.353388,0.655800,0.331390,0.505270,0.447512,0.609526,0.585567,0.690189,0.668317,0.599234,0.625229,0.580791,0.540867,0.583305,0.661313,0.599443,0.561814,0.638187,1.081303,1.164633,0.671331,0.516298,0.638437,0.346719,0.518458,0.558704,0.060182,0.124586,0.631823,0.559309,1.029890,0.964118,0.035285,0.040511,0.526699,0.497930,0.446975,0.431054,0.401966,0.307484,0.772677,0.272072,0.848279,0.872962,0.578435,0.548979,0.678516,0.803916,0.284731,0.369119,0.600076,0.695850
0.526958,0.374500,0.000000,1.280290,0.913663,0.574210,1.076646,0.698859,0.633178,0.402589,0.587040,0.314955,0.845415,0.543420,1.028562,0.786363,0.348748,0.248745,0.772433,0.548752,0.676853,0.518898,1.654690,1.119807,1.024644,0.878458,0.673966,0.755097,0.511548,0.323404,0.879616,0.890448,0.943668,0.734952,1.002645,0.812624,0.665893,0.685242,0.611773,0.707210,0.461717,0.564004,0.614404,0.666019,0.827530,0.791419,0.654015,0.619459,0.679667,0.575359,0.729307,0.489833,0.532546,0.651105,0.662339,0.622287,0.344021,0.295974,0.661165,0.545622,0.677589,0.371040,0.467661,0.397233,0.786680,0.691128,1.152236,0.966337,0.399385,0.477683,0.326193,0.223017,0.780441,0.659095,0.864575,0.712164,0.802059,0.706335,0.396176,0.193905,0.504919,0.410087,0.591949,0.404826,0.930241,0.540863,0.404728,0.334139,0.780859,0.826761
0.666411,0.568809,1.280290,0.000000,0.788837,0.686504,0.988691,1.086067,0.681372,0.618372,0.648624,0.590161,0.917256,0.902531,1.198972,1.186307,0.464041,0.387120,0.945628,0.814431,0.811717,0.674109,1.180991,1.390278,0.781171,0.849620,0.698609,0.796037,0.666141,0.535542,0.829979,1.185597,1.046516,1.013045,0.833708,0.780283,0.708223,0.868588,0.579309,0.796851,0.517305,0.790914,0.720441,0.809856,0.848515,0.838225,0.745525,0.716272,0.761219,0.717592,0.791992,0.647280,0.645548,0.738751,0.756004,0.757367,0.469438,0.461459,0.867637,0.846431,0.782622,0.636418,0.586501,0.638231,0.599278,0.791517,1.125210,1.242343,0.562046,0.695855,0.380436,0.302989,0.937146,0.837638,1.025027,0.917369,0.893264,0.810745,0.517487,0.239411,0.724671,0.595404,0.685725,0.567195,1.038896,0.759103,0.377886,0.369117,0.895191,1.048027
0.538813,0.236674,0.913663,0.788837,0.000000,0.924620,0.781087,0.699478,0.834087,0.515885,0.415454,0.361640,0.656741,0.463284,0.905131,0.691241,0.231631,0.120591,0.624749,0.490565,0.640417,0.505955,0.929385,0.820079,1.050463,1.047425,0.900818,0.680837,0.327739,0.209500,0.538930,0.603893,0.642041,0.605075,0.771146,0.688545,0.483967,0.528270,0.400233,0.461582,0.386527,0.477366,0.662996,0.658161,0.714662,0.653650,0.671740,0.668696,0.661703,0.622749,0.641573,0.369136,0.498501,0.648616,0.552117,0.555422,0.344062,0.268624,0.760012,0.575949,0.699331,0.510143,0.419512,0.384984,0.734226,0.691879,0.845280,0.861241,0.377538,0.536853,0.337838,0.208613,0.570950,0.521335,0.703311,0.560907,0.694807,0.654046,0.297682,0.124996,0.356084,0.263041,0.472077,0.322345,0.652789,0.327564,0.158746,0.206162,0.770581,0.720634
0.460668,0.251272,0.574210,0.686504,0.924620,0.000000,0.749497,0.922962,0.761032,0.835426,0.429476,0.597325,0.668420,0.679195,0.860381,0.794738,0.184578,0.128353,0.577105,0.543221,0.519063,0.610614,0.660885,0.813987,0.603781,0.858488,0.533272,0.712319,0.341096,0.339049,0.507082,0.622158,0.536370,0.708714,0.492608,0.502446,0.410306,0.474451,0.209170,0.365949,0.317631,0.497858,0.542204,0.557308,0.501806,0.509096,0.554279,0.525331,0.574443,0.631719,0.583462,0.456498,0.410349,0.502762,0.461558,0.506116,0.243676,0.219366,0.607954,0.671881,0.608143,0.788236,0.317393,0.440095,0.656078,0.721974,0.519581,0.731516,0.306793,0.478218,0.459764,0.377528,0.615251,0.621791,0.747094,0.629832,0.583053,0.627393,0.184758,0.056413,0.264605,0.213647,0.366907,0.320384,0.513466,0.376689,0.066820,0.151909,0.549347,0.577523
0.722465,0.378259,1.076646,0.988691,0.781087,0.749497,0.000000,1.163734,0.765397,0.656445,0.847384,0.687444,1.049843,0.645348,1.025127,0.752346,0.325973,0.228585,0.885684,0.556338,0.654670,0.403746,0.997450,1.000297,0.645092,0.664510,0.551046,0.608785,0.485511,0.361341,0.650503,0.864593,0.773750,0.843639,0.821484,0.709571,0.735127,0.762842,0.516005,0.629804,0.427769,0.560741,0.485603,0.573263,0.611322,0.594661,0.583284,0.560016,0.658797,0.644018,0.602129,0.514226,0.477285,0.644119,0.525580,0.592971,0.296417,0.257991,0.719421,0.775417,0.946947,0.786312,0.590123,0.598243,1.018834,0.892957,0.831329,0.857966,0.343977,0.489057,0.308450,0.218938,0.733070,0.652121,0.916683,0.740843,0.689133,0.696331,0.278027,0.137748,0.409846,0.284109,0.506370,0.400297,0.697604,0.420295,0.376166,0.332868,0.828707,0.879866
0.665552,0.413349,0.698859,1.086067,0.699478,0.922962,1.163734,0.000000,0.694125,0.861847,0.735346,1.030094,0.894653,1.095348,0.986040,1.161563,0.354027,0.232282,0.785003,0.701169,0.717790,0.564185,0.737608,1.143623,0.498448,0.722938,0.527754,0.546016,0.570023,0.516569,0.558974,1.033180,0.734662,1.057973,0.634981,0.669307,0.593742,0.797844,0.415710,0.576843,0.388846,0.638387,0.560157,0.642859,0.577888,0.595651,0.601287,0.570877,0.651204,0.764217,0.614176,0.585167,0.493775,0.614271,0.568913,0.608637,0.328350,0.293818,0.773463,0.949377,0.865339,1.281055,0.587698,0.788363,0.716171,1.040249,0.666796,1.000546,0.364619,0.567049,0.344868,0.279451,0.760932,0.742331,0.906293,0.832487,0.723358,0.764525,0.356973,0.171255,0.539895,0.405577,0.581876,0.555647,0.768504,0.611955,0.268000,0.316999,0.745589,0.866616
0.481526,0.292351,0.633178,0.681372,0.834087,0.761032,0.765397,0.694125,0.000000,0.768354,0.329554,0.485832,0.567517,0.524826,0.902818,0.662147,0.259726,0.264565,0.610850,0.523472,0.461338,0.387306,0.725167,0.650523,0.554260,0.588359,0.521977,0.704927,0.331651,0.286945,0.549231,0.513781,0.546931,0.581368,0.552188,0.471416,0.441026,0.429853,0.225011,0.327676,0.310761,0.353178,0.525332,0.543524,0.429033,0.490385,0.565419,0.511042,0.530790,0.507133,0.471278,0.393430,0.553146,0.586442,0.436052,0.512540,0.320933,0.370715,0.588156,0.601194,0.671121,0.684772,0.408275,0.502397,0.611062,0.570273,0.631472,0.663046,0.419472,0.558630,0.291609,0.152238,0.531911,0.475161,0.667732,0.561767,0.527487,0.499098,0.276760,0.032833,0.364866,0.276408,0.329887,0.274433,0.584056,0.351288,0.085125,0.186082,0.721990,0.747873
0.372377,0.232301,0.402589,0.618372,0.515885,0.835426,0.656445,0.861847,0.768354,0.000000,0.337526,0.631149,0.609979,0.570660,0.774248,0.677447,0.048337,0.044915,0.505609,0.474512,0.413370,0.435019,0.533960,0.691716,0.317305,0.478015,0.423418,0.480946,0.196914,0.235549,0.307469,0.495334,0.343482,0.556175,0.375873,0.288966,0.309165,0.416585,0.164091,0.292183,0.218230,0.373211,0.412717,0.388376,0.269604,0.323283,0.393537,0.381121,0.372603,0.498243,0.405801,0.374980,0.370479,0.384123,0.303725,0.347068,0.059394,0.141010,0.418273,0.608978,0.468666,0.850020,0.123819,0.337694,0.624970,0.764458,0.378300,0.568706,0.247315,0.466810,0.232294,0.172928,0.492923,0.468004,0.599960,0.539423,0.406905,0.445589,0.113596,0.031280,0.172212,0.137937,0.247792,0.240834,0.432614,0.274202,0.118586,0.148983,0.540531,0.469827
0.896909,0.505644,0.587040,0.648624,0.415454,0.429476,0.847384,0.735346,0.329554,0.337526,0.000000,0.789931,1.061563,0.686828,0.719749,0.654209,0.386460,0.264978,0.799495,0.501706,0.522097,0.171423,0.559249,0.610530,0.406824,0.482890,0.277077,0.215962,0.406167,0.419608,0.332920,0.658336,0.457152,0.582652,0.418306,0.315879,0.653262,0.656790,0.329413,0.527692,0.316716,0.477030,0.288208,0.391240,0.442519,0.392711,0.427846,0.368836,0.498640,0.445511,0.443252,0.550426,0.505008,0.553294,0.280764,0.439803,0.345838,0.286514,0.547131,0.604515,0.669531,0.567483,0.504725,0.481695,0.491989,0.552967,0.504025,0.441530,0.353180,0.472669,0.104804,0.117101,0.470535,0.421601,0.521840,0.391954,0.321846,0.320276,0.298171,0.183276,0.458392,0.352815,0.517684,0.382700,0.731349,0.569736,0.272470,0.296327,0.624733,0.682468
0.757511,0.443367,0.314955,0.590161,0.361640,0.597325,0.687444,1.030094,0.485832,0.631149,0.789931,0.000000,0.883614,1.075205,0.720626,0.822509,0.315015,0.331883,0.661427,0.648454,0.574522,0.418109,0.388264,0.650412,0.237562,0.386948,0.220744,0.263012,0.456649,0.586186,0.280379,0.669769,0.455879,0.793671,0.218619,0.289807,0.527487,0.661518,0.260107,0.454836,0.293485,0.592320,0.387364,0.453330,0.328381,0.357094,0.410886,0.397993,0.422844,0.601404,0.422805,0.604024,0.451230,0.520926,0.351768,0.421966,0.299739,0.329816,0.661969,0.937471,0.786276,1.216371,0.597174,0.861411,0.388912,0.674044,0.349980,0.540303,0.379670,0.563712,0.146981,0.180046,0.546636,0.589256,0.669468,0.654187,0.473827,0.461918,0.331639,0.161503,0.452969,0.333463,0.510301,0.482923,0.485118,0.470624,0.126326,0.230509,0.598021,0.636723
0.820008,0.466460,0.845415,0.917256,0.656741,0.668420,1.049843,0.894653,0.567517,0.609979,1.061563,0.883614,0.000000,0.930903,1.336054,0.969605,0.264258,0.195297,0.812084,0.570723,0.702869,0.424793,1.003829,1.054472,0.712131,0.784562,0.476785,0.482787,0.461804,0.384225,0.503731,0.854904,0.633140,0.758119,0.555943,0.527776,0.611137,0.787665,0.461212,0.659275,0.391200,0.637713,0.545772,0.629414,0.635622,0.571336,0.640700,0.642594,0.632806,0.689097,0.730452,0.651609,0.521439,0.740432,0.536280,0.577006,0.295488,0.252177,0.696525,0.733958,0.793553,0.645018,0.476223,0.440915,0.762199,0.853447,0.658824,0.678457,0.403290,0.585392,0.232648,0.236145,0.711261,0.649833,0.835671,0.736604,0.594497,0.557601,0.298926,0.208307,0.420973,0.324163,0.566999,0.380655,0.784984,0.526284,0.272573,0.234058,0.764355,0.749383
0.645528,0.584292,0.543420,0.902531,0.463284,0.679195,0.645348,1.095348,0.524826,0.570660,0.686828,1.075205,0.930903,0.000000,0.964511,1.218030,0.504651,0.439876,0.750614,0.815086,0.631898,0.499478,0.654688,0.866875,0.484992,0.696875,0.396099,0.424277,0.658132,0.799842,0.634271,1.057762,0.752889,1.004536,0.435892,0.436987,0.547666,0.662235,0.267315,0.516515,0.380053,0.601092,0.532992,0.657142,0.545218,0.531605,0.553146,0.492000,0.597758,0.638706,0.566658,0.594736,0.543299,0.576041,0.512980,0.550018,0.425896,0.468324,0.773397,0.781168,0.711236,0.877197,0.577921,0.752151,0.354825,0.600540,0.593514,0.764238,0.531729,0.672032,0.310783,0.278556,0.680328,0.721014,0.764443,0.770389,0.601642,0.615564,0.416231,0.195607,0.689582,0.653914,0.620731,0.574415,0.809118,0.804566,0.174030,0.283283,0.646057,0.765682
0.750476,0.524755,1.028562,1.198972,0.905131,0.860381,1.025127,0.986040,0.902818,0.774248,0.719749,0.720626,1.336054,0.964511,0.000000,1.273767,0.370413,0.318038,0.938004,0.734363,0.830725,0.607061,1.386328,1.285176,0.903065,0.956938,0.727790,0.730946,0.600492,0.502179,0.714100,0.962485,0.876189,0.935781,0.809071,0.698982,0.664143,0.853360,0.468333,0.724752,0.432683,0.704851,0.772764,0.893588,0.824202,0.788162,0.925909,0.867906,0.875994,0.828361,0.909029,0.739955,0.738869,0.984404,0.726980,0.804026,0.406594,0.402887,0.828738,0.809932,0.845400,0.716470,0.459110,0.515066,0.792157,0.856758,0.978763,1.036339,0.523804,0.780037,0.347767,0.236546,0.879278,0.791243,1.006995,0.888797,0.797097,0.730718,0.383052,0.167834,0.564702,0.488676,0.626756,0.495939,1.017202,0.604985,0.292206,0.325592,0.948530,1.035448
0.630228,0.523164,0.786363,1.186307,0.691241,0.794738,0.752346,1.161563,0.662147,0.677447,0.654209,0.822509,0.969605,1.218030,1.273767,0.000000,0.374102,0.288081,0.764536,0.755220,0.806711,0.665704,0.952625,1.292927,0.711322,0.883340,0.597777,0.637704,0.693180,0.600970,0.648349,1.139465,0.800498,1.017750,0.651594,0.638513,0.560584,0.863715,0.356782,0.655489,0.442805,0.768107,0.746024,0.872833,0.789942,0.737519,0.769095,0.699484,0.798831,0.806809,0.808987,0.733326,0.701332,0.753481,0.675223,0.710038,0.409312,0.392062,0.741601,0.766357,0.682101,0.810093,0.488357,0.655766,0.542306,0.851050,0.764095,1.016078,0.494574,0.670748,0.232656,0.190156,0.862831,0.842346,0.923053,0.831359,0.712963,0.685039,0.543605,0.308817,0.685163,0.600425,0.660891,0.698602,1.038208,0.823153,0.268413,0.297652,0.758998,0.859475
0.706840,0.885986,0.348748,0.464041,0.231631,0.184578,0.325973,0.354027,0.259726,0.048337,0.386460,0.315015,0.264258,0.504651,0.370413,0.374102,0.000000,1.297919,0.765447,0.822956,0.472502,0.377232,0.287460,0.227004,0.281875,0.310351,0.350768,0.381704,1.008424,1.223510,0.646221,0.574996,0.815573,0.729605,0.342491,0.286372,0.646160,0.536217,0.386717,0.478874,0.592502,0.530539,0.319319,0.421596,0.392758,0.453036,0.470161,0.375454,0.469406,0.345093,0.338748,0.399456,0.540670,0.412659,0.435079,0.511538,1.149182,1.060079,0.724341,0.466181,0.661043,0.357493,0.833264,0.758065,-0.017634,-0.009598,0.538065,0.465343,0.679172,0.612669,0.250913,0.205852,0.553218,0.576496,0.473654,0.467532,0.497546,0.357872,0.771484,0.252685,1.044972,1.031583,0.589899,0.544569,0.571330,0.659830,0.248185,0.292159,0.474015,0.626138
0.598294,0.846146,0.248745,0.387120,0.120591,0.128353,0.228585,0.232282,0.264565,0.044915,0.264978,0.331883,0.195297,0.439876,0.318038,0.288081,1.297919,0.000000,0.674451,0.831362,0.349279,0.331015,0.214531,0.135973,0.173948,0.165234,0.233365,0.326842,0.808847,1.133258,0.515290,0.435706,0.694045,0.620388,0.239832,0.213321,0.510235,0.424335,0.220060,0.360096,0.504516,0.511104,0.298003,0.362962,0.291452,0.382440,0.411981,0.332434,0.373296,0.294071,0.301063,0.354739,0.500209,0.344568,0.340958,0.394570,0.952918,1.166536,0.662603,0.478278,0.593946,0.329158,0.770707,0.788349,-0.083785,-0.082475,0.461901,0.389607,0.770866,0.645510,0.246203,0.207693,0.476081,0.516019,0.423917,0.408954,0.450246,0.362361,0.680300,0.057352,0.907179,0.992071,0.476573,0.492189,0.460650,0.550717,0.111627,0.277452,0.408364,0.564170
1.234459,1.006316,0.772433,0.945628,0.624749,0.577105,0.885684,0.785003,0.610850,0.505609,0.799495,0.661427,0.812084,0.750614,0.938004,0.764536,0.765447,0.674451,0.000000,1.373599,0.749043,0.551963,0.757015,0.671174,0.546420,0.550763,0.540845,0.615018,0.799980,0.779739,0.720994,0.809184,1.000392,1.014888,0.549716,0.478210,0.718275,0.764358,0.442035,0.658075,0.420382,0.647432,0.554977,0.670820,0.634263,0.720153,0.697953,0.645215,0.653611,0.678668,0.593183,0.557297,0.670510,0.682908,0.616753,0.688827,0.819505,0.814277,0.986773,0.822732,0.947640,0.628933,0.608110,0.651810,0.394126,0.439626,0.884190,0.846043,1.014020,1.035753,0.343461,0.288314,0.759941,0.690769,0.778415,0.684213,0.638400,0.580985,0.593193,0.203266,0.768762,0.663600,0.538852,0.459468,0.846557,0.651088,0.275583,0.367660,0.889528,0.974242
0.942346,1.139490,0.548752,0.814431,0.490565,0.543221,0.556338,0.701169,0.523472,0.474512,0.501706,0.648454,0.570723,0.815086,0.734363,0.755220,0.822956,0.831362,1.373599,0.000000,0.639727,0.648642,0.562796,0.551444,0.398358,0.466508,0.486869,0.599804,0.832313,0.917145,0.627148,0.733836,1.022816,1.138785,0.408647,0.406998,0.532447,0.657864,0.290035,0.542852,0.411718,0.626684,0.605904,0.674604,0.553775,0.719326,0.675901,0.633451,0.599000,0.754596,0.615785,0.519436,0.670533,0.572635,0.666392,0.654166,0.872409,0.959228,0.963726,0.740505,0.769184,0.635753,0.605258,0.741883,0.218327,0.336254,0.720431,0.802296,1.177658,1.041562,0.296438,0.276148,0.738617,0.723601,0.755286,0.738363,0.690478,0.628554,0.693704,0.134328,0.852561,0.783179,0.540945,0.529572,0.767211,0.773242,0.167994,0.315038,0.743925,0.826400
0.678120,0.519425,0.676853,0.811717,0.640417,0.519063,0.654670,0.717790,0.461338,0.413370,0.522097,0.574522,0.702869,0.631898,0.830725,0.806711,0.472502,0.349279,0.749043,0.639727,0.000000,1.006287,0.714775,0.749822,0.645328,0.654846,0.800944,0.661621,0.553113,0.550755,0.635681,0.843573,0.788570,0.868743,0.622960,0.639438,0.515931,0.741959,0.462335,0.653182,0.476378,0.778215,0.489059,0.582378,0.658327,0.587107,0.586524,0.569588,0.568142,0.583135,0.544469,0.448968,0.470000,0.599423,0.484965,0.509810,0.482592,0.430787,0.692832,0.653731,0.685824,0.521744,0.490170,0.598244,0.376853,0.562553,0.762059,0.822882,0.409540,0.617612,0.457186,0.401923,0.986684,0.906358,0.855206,0.900046,0.795781,0.703422,0.458500,0.212069,0.526460,0.402795,0.415311,0.341248,0.628611,0.478989,0.200061,0.194672,0.688163,0.727863
0.379941,0.372650,0.518898,0.674109,0.505955,0.610614,0.403746,0.564185,0.387306,0.435019,0.171423,0.418109,0.424793,0.499478,0.607061,0.665704,0.377232,0.331015,0.551963,0.648642,1.006287,0.000000,0.574263,0.661748,0.432635,0.509192,0.548033,0.803212,0.559185,0.510339,0.676519,0.670125,0.665375,0.712001,0.371749,0.420542,0.291414,0.465006,0.353216,0.447479,0.375481,0.617956,0.475628,0.421785,0.454867,0.509222,0.395280,0.403898,0.344217,0.508494,0.462757,0.289052,0.307961,0.301090,0.506345,0.396232,0.381943,0.338504,0.552242,0.485716,0.500994,0.482170,0.360230,0.462500,0.273816,0.458135,0.502226,0.685124,0.351268,0.444893,0.672516,0.700636,0.896041,0.880329,0.782777,0.881136,0.817313,0.727239,0.431235,0.101470,0.348228,0.315876,0.259144,0.228511,0.417538,0.375948,0.076547,0.069571,0.446813,0.460867
0.517416,0.393958,1.654690,1.180991,0.929385,0.660885,0.997450,0.737608,0.725167,0.533960,0.559249,0.388264,1.003829,0.654688,1.386328,0.952625,0.287460,0.214531,0.757015,0.562796,0.714775,0.574263,0.000000,1.276825,1.134453,0.981331,0.733633,0.771133,0.505643,0.330021,0.832745,0.884417,0.850244,0.721958,0.962126,0.786894,0.592436,0.720432,0.563021,0.731819,0.389279,0.569692,0.687855,0.747235,0.839036,0.828069,0.767777,0.732474,0.753821,0.664887,0.850668,0.567173,0.618502,0.806476,0.726062,0.700169,0.312912,0.284824,0.601280,0.500655,0.606159,0.406858,0.332061,0.324017,0.793291,0.740681,1.106959,0.990226,0.410828,0.578124,0.335222,0.222289,0.786303,0.680169,0.891034,0.755345,0.805212,0.718841,0.362073,0.147857,0.457657,0.408388,0.582207,0.414509,0.971746,0.528274,0.379798,0.341358,0.821057,0.845690
0.532060,0.325238,1.119807,1.390278,0.820079,0.813987,1.000297,1.143623,0.650523,0.691716,0.610530,0.650412,1.054472,0.866875,1.285176,1.292927,0.227004,0.135973,0.671174,0.551444,0.749822,0.661748,1.276825,0.000000,0.839369,0.977790,0.616511,0.730721,0.515055,0.333429,0.680411,1.081109,0.786213,0.858376,0.845258,0.860416,0.598915,0.862682,0.518451,0.697920,0.434100,0.774879,0.670967,0.742364,0.794263,0.759966,0.697486,0.699480,0.710501,0.769415,0.819253,0.598437,0.504387,0.729746,0.702729,0.657326,0.254206,0.173422,0.662698,0.719136,0.654374,0.667751,0.369988,0.448715,0.828857,1.222086,0.828459,1.065819,0.314510,0.506413,0.355121,0.278100,0.837830,0.779665,0.996447,0.886835,0.817814,0.812274,0.324280,0.191685,0.437111,0.332365,0.555956,0.438786,0.895550,0.572898,0.376833,0.289305,0.711952,0.834532
0.492212,0.366168,1.024644,0.781171,1.050463,0.603781,0.645092,0.498448,0.554260,0.317305,0.406824,0.237562,0.712131,0.484992,0.903065,0.711322,0.281875,0.173948,0.546420,0.398358,0.645328,0.432635,1.134453,0.839369,0.000000,1.219589,0.723154,0.614046,0.393304,0.258279,0.561349,0.653852,0.684853,0.578520,0.950121,0.796989,0.532097,0.611149,0.548614,0.672041,0.388193,0.502228,0.747546,0.821015,1.065752,0.908442,0.800234,0.747751,0.877178,0.650700,0.806527,0.535074,0.587379,0.758287,0.688413,0.661771,0.375345,0.310542,0.571359,0.402526,0.532293,0.250775,0.289712,0.250787,0.579660,0.562215,1.070441,0.912606,0.383532,0.530392,0.195531,0.112635,0.603024,0.543606,0.671871,0.560057,0.682507,0.573978,0.335070,0.177463,0.423885,0.399851,0.535647,0.365474,0.792868,0.454803,0.304292,0.270887,0.670910,0.688860
0.537123,0.351513,0.878458,0.849620,1.047425,0.858488,0.664510,0.722938,0.588359,0.478015,0.482890,0.386948,0.784562,0.696875,0.956938,0.883340,0.310351,0.165234,0.550763,0.466508,0.654846,0.509192,0.981331,0.977790,1.219589,0.000000,0.704363,0.628319,0.470261,0.341032,0.605287,0.804160,0.693764,0.740619,0.847412,0.843398,0.541605,0.612783,0.476682,0.584484,0.508346,0.564144,0.686816,0.759709,0.891786,0.801746,0.761693,0.755448,0.843458,0.730687,0.803764,0.542175,0.513889,0.698295,0.592520,0.577126,0.368745,0.261210,0.641353,0.452820,0.587507,0.433259,0.368418,0.328466,0.674587,0.725042,0.749415,0.833189,0.335273,0.475552,0.305064,0.223578,0.634312,0.624574,0.691500,0.552617,0.612825,0.533544,0.380269,0.279321,0.452099,0.422541,0.549397,0.457480,0.825621,0.560459,0.207540,0.170329,0.546146,0.622710
0.441172,0.345251,0.673966,0.698609,0.900818,0.533272,0.551046,0.527754,0.521977,0.423418,0.277077,0.220744,0.476785,0.396099,0.727790,0.597777,0.350768,0.233365,0.540845,0.486869,0.800944,0.548033,0.733633,0.616511,0.723154,0.704363,0.000000,0.699635,0.339127,0.301712,0.532319,0.608870,0.714942,0.612985,0.691945,0.598195,0.401349,0.545304,0.369347,0.491204,0.391971,0.575366,0.576919,0.612603,0.581754,0.522998,0.638765,0.632477,0.588916,0.523722,0.557057,0.258508,0.516838,0.645777,0.520661,0.521470,0.407072,0.423735,0.762240,0.449602,0.573967,0.350248,0.374183,0.384117,0.398481,0.444617,0.845856,0.787555,0.416228,0.565162,0.322312,0.181916,0.566207,0.493631,0.606623,0.578589,0.652065,0.608370,0.389450,0.120815,0.473119,0.385900,0.423434,0.330792,0.566981,0.369622,0.287748,0.233916,0.814036,0.757734
0.425082,0.451328,0.755097,0.796037,0.680837,0.712319,0.608785,0.546016,0.704927,0.480946,0.215962,0.263012,0.482787,0.424277,0.730946,0.637704,0.381704,0.326842,0.615018,0.599804,0.661621,0.803212,0.771133,0.730721,0.614046,0.628319,0.699635,0.000000,0.578157,0.385956,0.740699,0.632185,0.768774,0.718726,0.526755,0.561865,0.436625,0.554384,0.382629,0.593502,0.331107,0.577746,0.568987,0.590505,0.614479,0.674535,0.609155,0.560013,0.604694,0.556488,0.615041,0.399081,0.480835,0.497817,0.694282,0.630510,0.439357,0.448088,0.577879,0.479729,0.515296,0.366755,0.369846,0.416943,0.376413,0.441480,0.707437,0.749548,0.474311,0.542803,0.433139,0.328462,0.754998,0.689795,0.761798,0.718267,0.660106,0.614312,0.520809,0.225628,0.465491,0.407524,0.410142,0.362855,0.590513,0.520894,0.258635,0.234284,0.641389,0.679820
0.671316,0.752304,0.511548,0.666141,0.327739,0.341096,0.485511,0.570023,0.331651,0.196914,0.406167,0.456649,0.461804,0.658132,0.600492,0.693180,1.008424,0.808847,0.799980,0.832313,0.553113,0.559185,0.505643,0.515055,0.393304,0.470261,0.339127,0.578157,0.000000,1.166974,0.745361,0.782664,0.885480,0.881068,0.394202,0.423568,0.604603,0.721002,0.417909,0.586035,0.525006,0.632572,0.490309,0.612752,0.584705,0.588565,0.596213,0.496084,0.591038,0.490493,0.498105,0.502944,0.522841,0.447838,0.602152,0.577517,0.771477,0.700442,0.679548,0.516695,0.680439,0.444077,0.750637,0.688916,0.161377,0.220161,0.568232,0.624931,0.565735,0.547485,0.270120,0.253398,0.747213,0.769824,0.660660,0.660252,0.595455,0.449053,0.996883,0.423576,1.046162,1.041850,0.681154,0.799309,0.679252,0.718548,0.271700,0.330711,0.468391,0.571258
0.633824,0.816149,0.323404,0.535542,0.209500,0.339049,0.361341,0.516569,0.286945,0.235549,0.419608,0.586186,0.384225,0.799842,0.502179,0.600970,1.223510,1.133258,0.779739,0.917145,0.550755,0.510339,0.330021,0.333429,0.258279,0.341032,0.301712,0.385956,1.166974,0.000000,0.716443,0.742109,0.796580,0.868904,0.293467,0.255564,0.581366,0.589319,0.256455,0.444403,0.542337,0.601533,0.369362,0.474889,0.399443,0.407456,0.463494,0.355009,0.467918,0.389418,0.340431,0.459051,0.552124,0.374289,0.411163,0.481796,0.765921,0.890120,0.684641,0.542954,0.636133,0.550007,0.774325,0.885278,0.024953,0.103046,0.497518,0.516068,0.604474,0.631487,0.265518,0.272114,0.655671,0.747671,0.591651,0.627317,0.547808,0.423120,0.740564,0.284860,0.930963,1.069501,0.510711,0.631569,0.541308,0.666781,0.107463,0.248026,0.472834,0.570962
0.408368,0.440898,0.879616,0.829979,0.538930,0.507082,0.650503,0.558974,0.549231,0.307469,0.332920,0.280379,0.503731,0.634271,0.714100,0.648349,0.646221,0.515290,0.720994,0.627148,0.635681,0.676519,0.832745,0.680411,0.561349,0.605287,0.532319,0.740699,0.745361,0.716443,0.000000,1.134507,1.062714,0.821088,0.656217,0.509614,0.591232,0.527021,0.427198,0.557821,0.485537,0.512927,0.459603,0.503602,0.535510,0.517418,0.492818,0.404318,0.508767,0.382466,0.434108,0.325739,0.482345,0.370597,0.584544,0.576760,0.500653,0.502259,0.594862,0.395009,0.558723,0.378392,0.510695,0.479763,0.336684,0.329307,0.721778,0.649708,0.424172,0.448192,0.664635,0.555426,0.785433,0.754407,0.742889,0.721272,0.709054,0.584840,0.453784,0.209103,0.523962,0.520007,0.408921,0.328428,0.604002,0.516069,0.270817,0.236897,0.576563,0.632506
0.672311,0.537952,0.890448,1.185597,0.603893,0.622158,0.864593,1.033180,0.513781,0.495334,0.658336,0.669769,0.854904,1.057762,0.962485,1.139465,0.574996,0.435706,0.809184,0.733836,0.843573,0.670125,0.884417,1.081109,0.653852,0.804160,0.608870,0.632185,0.782664,0.742109,1.134507,0.000000,1.102923,1.224907,0.801074,0.730493,0.697919,0.843394,0.434658,0.658847,0.583922,0.811698,0.634771,0.725366,0.743826,0.652666,0.644775,0.578084,0.702554,0.697638,0.650287,0.541894,0.559480,0.568982,0.674710,0.663474,0.531009,0.451328,0.842196,0.667417,0.771954,0.667211,0.662898,0.695952,0.486560,0.725694,0.787945,0.906866,0.453907,0.533877,0.462828,0.407088,0.976959,0.954221,1.037754,0.948269,0.830975,0.759423,0.492617,0.267715,0.689817,0.575783,0.567574,0.530981,0.812303,0.719988,0.295509,0.243244,0.667253,0.845186
0.726689,0.771035,0.943668,1.046516,0.642041,0.536370,0.773750,0.734662,0.546931,0.343482,0.457152,0.455879,0.633140,0.752889,0.876189,0.800498,0.815573,0.694045,1.000392,1.022816,0.788570,0.665375,0.850244,0.786213,0.684853,0.693764,0.714942,0.768774,0.885480,0.796580,1.062714,1.102923,0.000000,1.551707,0.854788,0.818047,0.767927,0.848723,0.615022,0.860456,0.662646,0.733748,0.669866,0.800463,0.823284,0.890859,0.827439,0.775305,0.834835,0.780945,0.742548,0.574104,0.717657,0.725770,0.857034,0.825729,0.791296,0.797743,1.113026,0.768510,0.940031,0.554842,0.764528,0.757197,0.424805,0.474442,1.138899,1.133728,0.780840,0.788768,0.391216,0.300649,0.913536,0.873280,0.914364,0.901726,0.948876,0.756649,0.715496,0.277217,0.921251,0.729556,0.659680,0.578217,0.864518,0.744802,0.339060,0.374221,0.787193,1.008754
0.870339,0.783256,0.734952,1.013045,0.605075,0.708714,0.843639,1.057973,0.581368,0.556175,0.582652,0.793671,0.758119,1.004536,0.935781,1.017750,0.729605,0.620388,1.014888,1.138785,0.868743,0.712001,0.721958,0.858376,0.578520,0.740619,0.612985,0.718726,0.881068,0.868904,0.821088,1.224907,1.551707,0.000000,0.723977,0.777670,0.733164,0.956594,0.494345,0.801453,0.644569,0.828701,0.730567,0.855712,0.786613,0.838649,0.852771,0.814362,0.875546,0.993155,0.803806,0.712807,0.755507,0.758959,0.832242,0.817017,0.730957,0.710857,1.152581,0.941251,0.994260,0.863846,0.799603,0.947695,0.446986,0.635094,0.864248,1.096682,0.741520,0.804218,0.348007,0.297930,0.998631,1.021744,1.054582,1.007392,0.907178,0.780799,0.692990,0.280323,0.917707,0.699957,0.695051,0.723346,0.824089,0.795004,0.266679,0.356243,0.754446,0.953536
0.432179,0.312131,1.002645,0.833708,0.771146,0.492608,0.821484,0.634981,0.552188,0.375873,0.418306,0.218619,0.555943,0.435892,0.809071,0.651594,0.342491,0.239832,0.549716,0.408647,0.622960,0.371749,0.962126,0.845258,0.950121,0.847412,0.691945,0.526755,0.394202,0.293467,0.656217,0.801074,0.854788,0.723977,0.000000,1.279492,0.700100,0.694956,0.532301,0.615307,0.617878,0.559871,0.618954,0.700150,0.895755,0.784723,0.644596,0.620695,0.804273,0.637915,0.666956,0.473686,0.478588,0.620559,0.565031,0.578656,0.334522,0.252012,0.540852,0.422141,0.579888,0.394263,0.366951,0.342924,0.849558,0.783398,1.044458,0.972130,0.264773,0.371706,0.272321,0.129744,0.754385,0.703987,0.848090,0.687925,0.839743,0.737799,0.232151,0.128954,0.408459,0.316206,0.452879,0.361470,0.793373,0.441788,0.344381,0.233079,0.585577,0.733605
0.457495,0.299450,0.812624,0.780283,0.688545,0.502446,0.709571,0.669307,0.471416,0.288966,0.315879,0.289807,0.527776,0.436987,0.698982,0.638513,0.286372,0.213321,0.478210,0.406998,0.639438,0.420542,0.786894,0.860416,0.796989,0.843398,0.598195,0.561865,0.423568,0.255564,0.509614,0.730493,0.818047,0.777670,1.279492,0.000000,0.566421,0.759219,0.569101,0.613251,0.552990,0.576279,0.623597,0.730703,0.909059,0.865436,0.671641,0.728765,0.793616,0.784336,0.742548,0.519813,0.368614,0.680976,0.605596,0.585828,0.376475,0.246372,0.570932,0.454009,0.559044,0.405492,0.421452,0.398238,0.706681,0.820542,0.816222,0.953318,0.285930,0.375624,0.224062,0.121480,0.660950,0.617205,0.751754,0.675976,0.767490,0.678376,0.303359,0.227311,0.430885,0.281384,0.478966,0.415311,0.668392,0.413665,0.279389,0.190052,0.471297,0.647597
0.685635,0.559326,0.665893,0.708223,0.483967,0.410306,0.735127,0.593742,0.441026,0.309165,0.653262,0.527487,0.611137,0.547666,0.664143,0.560584,0.646160,0.510235,0.718275,0.532447,0.515931,0.291414,0.592436,0.598915,0.532097,0.541605,0.401349,0.436625,0.604603,0.581366,0.591232,0.697919,0.767927,0.733164,0.700100,0.566421,0.000000,1.061554,0.746606,0.917508,0.757332,0.798804,0.550216,0.689469,0.687451,0.585122,0.700691,0.612558,0.770949,0.491609,0.551536,0.709561,0.698658,0.661299,0.568439,0.759332,0.545838,0.533204,0.654385,0.661393,0.789188,0.513149,0.718527,0.670751,0.413664,0.416750,0.817748,0.717848,0.420478,0.573623,0.131651,0.025514,0.651288,0.673022,0.723370,0.616679,0.704239,0.513094,0.455271,0.313371,0.614980,0.430362,0.660758,0.490564,0.646574,0.450182,0.449054,0.351602,0.664303,0.769072
0.746037,0.631498,0.685242,0.868588,0.528270,0.474451,0.762842,0.797844,0.429853,0.416585,0.656790,0.661518,0.787665,0.662235,0.853360,0.863715,0.536217,0.424335,0.764358,0.657864,0.741959,0.465006,0.720432,0.862682,0.611149,0.612783,0.545304,0.554384,0.721002,0.589319,0.527021,0.843394,0.848723,0.956594,0.694956,0.759219,1.061554,0.000000,0.677046,1.095628,0.635294,1.027836,0.708696,0.919790,0.870940,0.751632,0.957617,0.899754,0.909984,0.781194,0.824212,0.802045,0.711036,0.873740,0.730047,0.863397,0.500616,0.472181,0.725404,0.757565,0.707709,0.557843,0.616878,0.683044,0.395794,0.577427,0.830214,0.895717,0.463643,0.643845,0.123039,0.045809,0.813186,0.791768,0.885601,0.910553,0.847946,0.696751,0.587490,0.304630,0.721918,0.483555,0.777472,0.681906,0.772674,0.599771,0.408714,0.365798,0.757982,0.824734
0.410110,0.353388,0.611773,0.579309,0.400233,0.209170,0.516005,0.415710,0.225011,0.164091,0.329413,0.260107,0.461212,0.267315,0.468333,0.356782,0.386717,0.220060,0.442035,0.290035,0.462335,0.353216,0.563021,0.518451,0.548614,0.476682,0.369347,0.382629,0.417909,0.256455,0.427198,0.434658,0.615022,0.494345,0.532301,0.569101,0.746606,0.677046,0.000000,1.129906,0.344136,0.438827,0.422458,0.459259,0.562937,0.614862,0.521790,0.605342,0.533243,0.405955,0.468082,0.538057,0.474713,0.564193,0.692076,0.650695,0.385327,0.343186,0.424628,0.442545,0.503700,0.281573,0.364238,0.300327,0.347668,0.356592,0.716815,0.668454,0.298779,0.428962,0.057057,0.055943,0.370448,0.344890,0.405421,0.423734,0.536945,0.316917,0.486909,0.447936,0.401567,0.254315,0.634034,0.384821,0.478023,0.299429,0.652879,0.586876,0.590572,0.562570
0.599585,0.655800,0.707210,0.796851,0.461582,0.365949,0.629804,0.576843,0.327676,0.292183,0.527692,0.454836,0.659275,0.516515,0.724752,0.655489,0.478874,0.360096,0.658075,0.542852,0.653182,0.447479,0.731819,0.697920,0.672041,0.584484,0.491204,0.593502,0.586035,0.444403,0.557821,0.658847,0.860456,0.801453,0.615307,0.613251,0.917508,1.095628,1.129906,0.000000,0.414888,0.663078,0.616846,0.766551,0.824932,0.898931,0.916598,0.930763,0.910687,0.680842,0.758033,0.882387,0.807888,0.905911,0.890816,1.037984,0.505517,0.543150,0.581918,0.606475,0.578848,0.374887,0.448013,0.455310,0.310610,0.400434,0.958528,0.909043,0.530641,0.748066,0.102366,0.065974,0.585272,0.542035,0.587002,0.599615,0.618317,0.427305,0.637814,0.412114,0.642231,0.469284,0.877372,0.677160,0.707879,0.602196,0.648910,0.652811,0.809012,0.841904
0.407787,0.331390,0.461717,0.517305,0.386527,0.317631,0.427769,0.388846,0.310761,0.218230,0.316716,0.293485,0.391200,0.380053,0.432683,0.442805,0.592502,0.504516,0.420382,0.411718,0.476378,0.375481,0.389279,0.434100,0.388193,0.508346,0.391971,0.331107,0.525006,0.542337,0.485537,0.583922,0.662646,0.644569,0.617878,0.552990,0.757332,0.635294,0.344136,0.414888,0.000000,0.848547,0.416495,0.468539,0.486966,0.345934,0.417459,0.400151,0.438807,0.369517,0.387670,0.337842,0.383730,0.324934,0.284174,0.320950,0.420326,0.380524,0.587925,0.455345,0.613848,0.360368,0.710335,0.634734,0.368021,0.353593,0.485133,0.495438,0.241159,0.245318,0.284269,0.185540,0.788730,0.849901,0.730660,0.618740,0.719128,0.543591,0.404505,0.217077,0.525772,0.422606,0.342467,0.366798,0.420779,0.367659,0.098545,-0.003430,0.292784,0.373539
0.610865,0.505270,0.564004,0.790914,0.477366,0.497858,0.560741,0.638387,0.353178,0.373211,0.477030,0.592320,0.637713,0.601092,0.704851,0.768107,0.530539,0.511104,0.647432,0.626684,0.778215,0.617956,0.569692,0.774879,0.502228,0.564144,0.575366,0.577746,0.632572,0.601533,0.512927,0.811698,0.733748,0.828701,0.559871,0.576279,0.798804,1.027836,0.438827,0.663078,0.848547,0.000000,0.528644,0.624246,0.600010,0.512927,0.600900,0.583195,0.556214,0.587922,0.571691,0.487462,0.462628,0.565926,0.480956,0.513635,0.498240,0.451604,0.755724,0.737304,0.706627,0.515014,0.610879,0.710033,0.323309,0.553812,0.654441,0.763618,0.431858,0.537662,0.331240,0.235851,0.985101,1.066730,1.000929,0.969362,0.904601,0.840694,0.464978,0.132065,0.694037,0.524105,0.508341,0.464483,0.602494,0.521167,0.350238,0.290528,0.566254,0.682872
0.535621,0.447512,0.614404,0.720441,0.662996,0.542204,0.485603,0.560157,0.525332,0.412717,0.288208,0.387364,0.545772,0.532992,0.772764,0.746024,0.319319,0.298003,0.554977,0.605904,0.489059,0.475628,0.687855,0.670967,0.747546,0.686816,0.576919,0.568987,0.490309,0.369362,0.459603,0.634771,0.669866,0.730567,0.618954,0.623597,0.550216,0.708696,0.422458,0.616846,0.416495,0.528644,0.000000,1.672232,1.202594,0.947984,1.139448,1.160327,1.162674,1.127594,1.240861,0.835784,0.863178,0.762698,1.142083,1.031546,0.472752,0.390317,0.672680,0.523892,0.502215,0.382963,0.383521,0.403367,0.350355,0.476053,0.733291,0.859645,0.492642,0.569087,0.172788,0.119914,0.642830,0.594396,0.769507,0.642941,0.778059,0.662131,0.378270,0.122669,0.480443,0.396414,0.536691,0.509748,0.517472,0.388000,0.191819,0.282332,0.545234,0.513226
0.642734,0.609526,0.666019,0.809856,0.658161,0.557308,0.573263,0.642859,0.543524,0.388376,0.391240,0.453330,0.629414,0.657142,0.893588,0.872833,0.421596,0.362962,0.670820,0.674604,0.582378,0.421785,0.747235,0.742364,0.821015,0.759709,0.612603,0.590505,0.612752,0.474889,0.503602,0.725366,0.800463,0.855712,0.700150,0.730703,0.689469,0.919790,0.459259,0.766551,0.468539,0.624246,1.672232,0.000000,1.522737,1.115127,1.399013,1.279056,1.531488,1.163459,1.221361,0.923787,0.871767,0.908285,1.082435,1.116870,0.546345,0.477518,0.716663,0.603085,0.561493,0.405201,0.445233,0.491976,0.361538,0.493183,0.873834,0.997851,0.540153,0.672040,0.120227,0.032661,0.680142,0.622594,0.799280,0.692260,0.755616,0.638993,0.480770,0.212223,0.627241,0.524391,0.650182,0.623601,0.673284,0.540787,0.286888,0.364955,0.622566,0.665941
0.623923,0.585567,0.827530,0.848515,0.714662,0.501806,0.611322,0.577888,0.429033,0.269604,0.442519,0.328381,0.635622,0.545218,0.824202,0.789942,0.392758,0.291452,0.634263,0.553775,0.658327,0.454867,0.839036,0.794263,1.065752,0.891786,0.581754,0.614479,0.584705,0.399443,0.535510,0.743826,0.823284,0.786613,0.895755,0.909059,0.687451,0.870940,0.562937,0.824932,0.486966,0.600010,1.202594,1.522737,0.000000,1.347632,1.117702,1.013712,1.486202,1.038946,1.187613,0.843204,0.697971,0.773537,0.981206,0.950103,0.505954,0.391883,0.607441,0.502578,0.538278,0.286940,0.405711,0.375630,0.486634,0.566569,1.017664,1.022759,0.441715,0.554825,0.131767,0.070309,0.711747,0.628219,0.774876,0.653583,0.752644,0.623541,0.462159,0.276841,0.534859,0.488893,0.604727,0.533807,0.728721,0.559131,0.307494,0.297179,0.560802,0.619731
0.618784,0.690189,0.791419,0.838225,0.653650,0.509096,0.594661,0.595651,0.490385,0.323283,0.392711,0.357094,0.571336,0.531605,0.788162,0.737519,0.453036,0.382440,0.720153,0.719326,0.587107,0.509222,0.828069,0.759966,0.908442,0.801746,0.522998,0.674535,0.588565,0.407456,0.517418,0.652666,0.890859,0.838649,0.784723,0.865436,0.585122,0.751632,0.614862,0.898931,0.345934,0.512927,0.947984,1.115127,1.347632,0.000000,1.037881,1.009108,1.270459,1.251525,1.226822,0.990527,0.683380,0.844775,1.061920,1.047643,0.593093,0.506038,0.588053,0.543634,0.538294,0.374474,0.337525,0.358802,0.471759,0.550897,0.982323,1.105030,0.600546,0.719654,0.156030,0.124535,0.629696,0.548677,0.697062,0.611640,0.661455,0.582226,0.509767,0.183346,0.566788,0.519990,0.629677,0.498319,0.822753,0.697932,0.347626,0.360107,0.546920,0.739103
0.694510,0.668317,0.654015,0.745525,0.671740,0.554279,0.583284,0.601287,0.565419,0.393537,0.427846,0.410886,0.640700,0.553146,0.925909,0.769095,0.470161,0.411981,0.697953,0.675901,0.586524,0.395280,0.767777,0.697486,0.800234,0.761693,0.638765,0.609155,0.596213,0.463494,0.492818,0.644775,0.827439,0.852771,0.644596,0.671641,0.700691,0.957617,0.521790,0.916598,0.417459,0.600900,1.139448,1.399013,1.117702,1.037881,0.000000,1.790386,1.414375,1.047808,1.245110,0.978280,1.041577,1.257152,1.146736,1.375479,0.628552,0.575123,0.757493,0.619194,0.615552,0.373728,0.433563,0.454245,0.357775,0.390998,0.888276,0.953529,0.622308,0.867354,0.185137,0.064920,0.592636,0.551560,0.640481,0.611154,0.665543,0.550583,0.530983,0.148300,0.683252,0.524708,0.675601,0.629777,0.691513,0.508438,0.297909,0.398734,0.678067,0.781165
0.695219,0.599234,0.619459,0.716272,0.668696,0.525331,0.560016,0.570877,0.511042,0.381121,0.368836,0.397993,0.642594,0.492000,0.867906,0.699484,0.375454,0.332434,0.645215,0.633451,0.569588,0.403898,0.732474,0.699480,0.747751,0.755448,0.632477,0.560013,0.496084,0.355009,0.404318,0.578084,0.775305,0.814362,0.620695,0.728765,0.612558,0.899754,0.605342,0.930763,0.400151,0.583195,1.160327,1.279056,1.013712,1.009108,1.790386,0.000000,1.170922,1.125646,1.250818,0.911140,0.910369,1.322660,1.117327,1.222712,0.601026,0.493180,0.766885,0.583749,0.591979,0.341915,0.388377,0.372487,0.377383,0.441589,0.814959,0.926881,0.641908,0.824930,0.146923,0.048639,0.527189,0.485894,0.591538,0.555969,0.639664,0.528078,0.507495,0.175388,0.594995,0.422953,0.634209,0.601119,0.587553,0.416300,0.286436,0.417706,0.648488,0.715577
0.629995,0.625229,0.679667,0.761219,0.661703,0.574443,0.658797,0.651204,0.530790,0.372603,0.498640,0.422844,0.632806,0.597758,0.875994,0.798831,0.469406,0.373296,0.653611,0.599000,0.568142,0.344217,0.753821,0.710501,0.877178,0.843458,0.588916,0.604694,0.591038,0.467918,0.508767,0.702554,0.834835,0.875546,0.804273,0.793616,0.770949,0.909984,0.533243,0.910687,0.438807,0.556214,1.162674,1.531488,1.486202,1.270459,1.414375,1.170922,0.000000,1.193583,1.300148,1.096124,0.991320,1.010330,1.041333,1.236356,0.543305,0.491791,0.653654,0.570347,0.556247,0.416988,0.429227,0.473213,0.440050,0.490613,0.937214,0.977537,0.474285,0.674750,0.079421,0.001262,0.605899,0.558255,0.686114,0.574753,0.613473,0.502234,0.474754,0.265594,0.607772,0.526037,0.677071,0.645951,0.739474,0.590832,0.324037,0.377113,0.628084,0.726489
