0.000000,0.918103,0.733304,0.663318,0.728088,0.538855,1.037053,0.807804,0.805096,0.657061,0.773701,0.604133,0.798527,0.539815,0.748990,0.475277,0.166202,0.417169,1.105456,0.687487,0.149801,0.347038,0.493753,0.540630,0.006438,0.117012,0.258476,0.085954,0.337864,-0.003438,-0.000171,0.162253,0.644797,0.649918,0.532100,0.392446,0.279645,0.438662,0.192771,0.595786,-0.153900,0.077150,0.483022,0.412985,0.385143,0.504944,0.467993,0.611461,0.431484,0.415282,0.567678,0.518338,0.459683,0.341684,0.345649,0.510845,0.885240,0.703730,0.602559,0.601326,0.872745,0.700605,0.468172,0.503015,0.799368,0.585000,0.868492,0.717327,0.623892,0.577803,0.328876,0.375926,0.608348,0.623555,0.646184,0.689258,0.884230,0.792919,0.376728,-0.009028,0.277454,0.281275,0.516749,0.451880,0.464064,0.298535,0.406907,0.089374,0.501223,0.368569
0.918103,0.000000,0.447003,0.844906,0.574168,0.600462,0.717909,1.040177,0.591622,0.535111,0.242702,0.796545,0.398840,0.595912,0.509850,0.370615,0.272760,0.705092,0.734272,1.122047,0.081515,0.380272,0.237372,0.390230,-0.130255,0.062090,0.175140,0.226907,0.407950,0.213478,0.026699,0.072365,0.859023,1.005893,0.396075,0.600927,0.286796,0.509770,0.112979,0.509756,-0.006538,0.261392,0.560417,0.542795,0.438807,0.828780,0.704318,0.823180,0.700643,0.706141,0.747718,0.828321,0.897599,0.699413,0.548985,0.741974,1.037082,1.189412,0.987022,1.130248,1.057154,1.028268,0.680616,1.145626,0.247078,0.513868,0.824164,0.942492,0.857332,1.055199,0.252099,0.194250,0.580257,0.818246,0.636416,0.680743,0.714995,0.930120,0.332648,-0.001340,0.580758,0.531968,0.451876,0.716488,0.363675,0.468609,0.226623,0.092571,0.330019,0.527793
0.733304,0.447003,0.000000,0.686195,0.622191,0.441480,1.122637,0.537992,0.708703,0.482129,0.519098,0.345691,0.688609,0.271336,0.745561,0.483097,0.134273,0.330833,0.862180,0.547871,0.360941,0.419300,0.755252,0.593297,0.229137,0.357887,0.484327,0.319339,0.267113,0.045267,0.371152,0.557192,0.529806,0.496766,0.427484,0.301745,0.536461,0.442245,0.537593,0.662877,0.038633,0.233607,0.548517,0.416909,0.516735,0.455991,0.517848,0.634732,0.427589,0.395803,0.540607,0.444264,0.366542,0.347919,0.611704,0.550396,0.408351,0.394423,0.528208,0.475413,0.403794,0.452650,0.296474,0.292283,0.637540,0.448388,0.778276,0.530239,0.507735,0.419021,0.360417,0.479351,0.462518,0.413178,0.506206,0.483279,0.706782,0.647013,0.134112,0.028135,0.255031,0.330940,0.537534,0.359843,0.385699,0.172997,0.599610,0.110032,0.776414,0.473838
0.663318,0.844906,0.686195,0.000000,0.851593,0.890013,0.903395,1.481770,0.824986,0.769414,0.301536,0.626867,0.445061,0.595703,0.638428,0.538609,0.199521,0.278618,0.781558,0.825007,0.192614,0.320054,0.710664,1.019329,0.165744,0.469561,0.392880,0.355960,0.328296,0.160065,0.417765,0.549430,0.812188,0.895971,0.570000,0.627026,0.410119,0.482748,0.296403,0.519099,-0.002630,0.251815,0.597319,0.555885,0.477968,0.832888,0.681529,0.833604,0.516970,0.509315,0.609005,0.628175,0.590046,0.448444,0.604809,0.587521,0.443487,0.495554,0.516081,0.624100,0.510248,0.837350,0.457159,0.608769,0.535482,1.013873,0.878113,1.220070,0.459252,0.623996,0.206082,0.240457,0.434785,0.573607,0.472140,0.435365,0.587375,0.807114,0.205077,0.006675,0.486582,0.447143,0.556766,0.619336,0.571602,0.583342,0.486230,0.280233,0.627299,0.699582
0.728088,0.574168,0.622191,0.851593,0.000000,0.759355,0.816597,0.751466,1.034188,0.948336,0.384427,0.403300,0.556567,0.391232,0.936664,0.678604,0.054942,0.220999,0.844122,0.637330,0.275096,0.347147,0.570240,0.694497,0.131925,0.505933,0.455350,0.292687,0.397100,0.212621,0.319903,0.371728,0.602808,0.577319,0.475334,0.404999,0.328809,0.486822,0.350799,0.402617,-0.007401,0.196399,0.549362,0.620423,0.417940,0.643197,0.627397,0.774558,0.439829,0.507981,0.625560,0.583919,0.461204,0.375744,0.444738,0.522753,0.360336,0.385790,0.502181,0.593250,0.402710,0.643119,0.392860,0.434861,0.741460,0.724809,0.784801,0.789352,0.411335,0.499581,0.152197,0.145254,0.349034,0.432399,0.406741,0.436202,0.414508,0.550792,0.203236,0.066156,0.381364,0.380412,0.582073,0.416100,0.646951,0.480026,0.486743,0.151286,0.705517,0.677656
0.538855,0.600462,0.441480,0.890013,0.759355,0.000000,0.684489,0.929808,0.944220,0.727245,0.310899,0.544168,0.412618,0.670847,0.677778,0.683887,0.241844,0.228544,0.527968,0.468510,0.280843,0.244223,0.535428,0.756445,0.320217,0.494899,0.489754,0.597765,0.493555,0.301735,0.385514,0.413446,0.503838,0.576098,0.390375,0.372093,0.417634,0.408634,0.222704,0.340745,-0.053659,0.347787,0.445075,0.423370,0.356137,0.553134,0.516847,0.605491,0.431314,0.452552,0.490323,0.528017,0.492273,0.419034,0.467920,0.557909,0.336563,0.353355,0.415445,0.468073,0.385101,0.524287,0.309726,0.437574,0.382548,0.629241,0.541463,0.664872,0.292701,0.458970,0.236806,0.221996,0.388411,0.515989,0.497022,0.284806,0.479673,0.573737,0.221652,0.114748,0.650673,0.500097,0.553201,0.600802,0.506612,0.496161,0.370320,0.332176,0.455028,0.494992
1.037053,0.717909,1.122637,0.903395,0.816597,0.684489,0.000000,0.983257,0.890892,0.613313,0.796410,0.660816,0.914151,0.569957,0.842110,0.537065,0.309833,0.376105,0.903969,0.586606,0.375812,0.464165,0.770974,0.673911,0.240420,0.314054,0.399444,0.225077,0.420376,0.123014,0.410430,0.562215,0.668989,0.648180,0.421804,0.315879,0.487984,0.414296,0.336959,0.483108,-0.011445,0.257034,0.613797,0.540765,0.476515,0.583049,0.603544,0.741464,0.479236,0.459132,0.671234,0.542045,0.440214,0.366830,0.541828,0.496981,0.550629,0.503216,0.508108,0.505313,0.625193,0.619749,0.487190,0.421143,0.705872,0.583359,0.914574,0.716384,0.487752,0.485229,0.470978,0.575121,0.692127,0.688444,0.670630,0.564875,0.798536,0.840285,0.262855,0.068824,0.391971,0.385577,0.430746,0.433364,0.454912,0.333071,0.363816,0.090061,0.525352,0.402674
0.807804,1.040177,0.537992,1.481770,0.751466,0.929808,0.983257,0.000000,0.847361,0.800539,0.482103,0.892049,0.560582,0.921394,0.671629,0.546853,0.335656,0.365833,0.704056,0.741004,0.168433,0.304849,0.614243,0.907600,0.123894,0.397895,0.260799,0.255968,0.458789,0.225526,0.347815,0.463420,0.820924,0.908230,0.515330,0.529225,0.416566,0.463899,0.146073,0.443516,-0.084143,0.283927,0.563196,0.551826,0.454050,0.814501,0.634361,0.779876,0.565365,0.547378,0.637375,0.672955,0.616040,0.484612,0.493599,0.509277,0.554804,0.563055,0.495345,0.584120,0.657728,0.881387,0.561140,0.686284,0.530995,0.917497,0.825655,1.063808,0.429786,0.626119,0.320291,0.309118,0.541408,0.711447,0.541108,0.534077,0.676314,0.864118,0.355369,0.086468,0.584327,0.540082,0.501606,0.666368,0.587707,0.604797,0.305626,0.273440,0.417099,0.519782
0.805096,0.591622,0.708703,0.824986,1.034188,0.944220,0.890892,0.847361,0.000000,0.832677,0.577235,0.578834,0.715253,0.604423,1.097038,0.766865,0.215248,0.243895,0.724800,0.459869,0.260624,0.324415,0.600184,0.704318,0.151945,0.391072,0.377670,0.331532,0.464975,0.290390,0.292804,0.382582,0.470353,0.481804,0.407939,0.277538,0.345304,0.444672,0.313346,0.360114,-0.108024,0.281493,0.416356,0.432612,0.387326,0.505346,0.518075,0.597169,0.490600,0.483620,0.670850,0.560067,0.456798,0.377908,0.437542,0.550837,0.335136,0.345071,0.423379,0.464447,0.453962,0.702699,0.400807,0.454199,0.840355,0.728423,0.587258,0.585943,0.257601,0.392434,0.239764,0.303979,0.397684,0.518660,0.501962,0.413265,0.523866,0.637922,0.298601,0.236189,0.432499,0.431199,0.616517,0.434623,0.580034,0.493885,0.467758,0.293793,0.620746,0.630436
0.657061,0.535111,0.482129,0.769414,0.948336,0.727245,0.613313,0.800539,0.832677,0.000000,0.444531,0.479373,0.503728,0.540690,0.747066,0.801145,0.085058,0.238949,0.709901,0.597514,0.206519,0.305496,0.558912,0.874717,-0.003944,0.528428,0.175602,0.279535,0.410426,0.264266,0.244711,0.396737,0.510361,0.491785,0.456645,0.329447,0.377476,0.500363,0.341106,0.444570,-0.030101,0.182960,0.297552,0.416957,0.300393,0.500685,0.421998,0.540026,0.352888,0.452263,0.434269,0.503132,0.380475,0.339193,0.342061,0.468084,0.353069,0.354105,0.320307,0.412970,0.299765,0.717428,0.391199,0.353294,0.741785,1.044211,0.542648,0.661991,0.328567,0.428739,0.171739,0.140139,0.261448,0.368026,0.414715,0.357165,0.394498,0.419102,0.310345,0.050492,0.422765,0.407402,0.626164,0.496259,0.807414,0.562294,0.592613,0.380810,0.670831,0.731185
0.773701,0.242702,0.519098,0.301536,0.384427,0.310899,0.796410,0.482103,0.577235,0.444531,0.000000,0.604750,1.037369,0.567912,0.701621,0.422691,0.395653,0.194919,0.465840,0.079473,0.293832,0.330609,0.481042,0.405328,0.217279,0.227146,0.138212,-0.046035,0.383680,0.118561,0.243846,0.372163,0.260335,0.212431,0.226164,-0.128086,0.282652,0.212645,0.188182,0.297792,-0.152129,0.158331,0.341192,0.299847,0.321554,0.252133,0.269259,0.332614,0.236869,0.170531,0.379586,0.211991,0.097888,0.023424,0.155471,0.197592,0.271746,0.114298,0.082076,0.058982,0.358555,0.302598,0.286193,0.058667,0.829262,0.375389,0.393679,0.219637,0.121286,0.074475,0.486453,0.580117,0.489837,0.392235,0.411558,0.372010,0.515932,0.392843,0.370739,0.164793,0.201368,0.122540,0.260558,0.114998,0.388231,0.194937,0.244388,0.090437,0.290911,0.084871
0.604133,0.796545,0.345691,0.626867,0.403300,0.544168,0.660816,0.892049,0.578834,0.479373,0.604750,0.000000,0.627929,0.920440,0.560239,0.424287,0.436609,0.523572,0.317503,0.387361,0.222625,0.349545,0.225622,0.363657,-0.017410,0.164364,0.026029,0.055514,0.484488,0.339959,0.214120,0.256956,0.439768,0.522459,0.158944,0.156283,0.421732,0.426481,0.084059,0.286305,-0.047337,0.453308,0.409394,0.457847,0.349198,0.599449,0.534742,0.530917,0.561214,0.479549,0.681629,0.572392,0.599452,0.372091,0.437176,0.448191,0.463537,0.372304,0.398381,0.468540,0.643021,0.878569,0.554813,0.723111,0.313829,0.546992,0.467036,0.491170,0.276702,0.408670,0.498164,0.396876,0.496834,0.665946,0.449963,0.480873,0.497857,0.644380,0.373819,0.219832,0.547727,0.437052,0.340095,0.420027,0.386514,0.516807,0.167377,0.180658,0.225452,0.346809
0.798527,0.398840,0.688609,0.445061,0.556567,0.412618,0.914151,0.560582,0.715253,0.503728,1.037369,0.627929,0.000000,0.631690,0.978933,0.453788,0.451382,0.407659,0.532789,0.230483,0.393470,0.442131,0.429822,0.353089,0.081251,0.223332,0.168993,0.063803,0.547196,0.311643,0.290047,0.386264,0.428970,0.360713,0.178248,0.055076,0.388475,0.394850,0.323278,0.348776,-0.057627,0.229677,0.394753,0.400821,0.276841,0.365004,0.459179,0.479661,0.407638,0.369115,0.559365,0.406444,0.288307,0.201535,0.395663,0.354970,0.411766,0.277426,0.365701,0.307363,0.617718,0.506954,0.555916,0.312793,0.685083,0.369000,0.494392,0.292441,0.255853,0.236635,0.479728,0.544397,0.599316,0.559591,0.527101,0.494587,0.532264,0.526241,0.458094,0.261654,0.385658,0.253917,0.334278,0.208231,0.417207,0.240901,0.264733,0.020511,0.527428,0.297012
0.539815,0.595912,0.271336,0.595703,0.391232,0.670847,0.569957,0.921394,0.604423,0.540690,0.567912,0.920440,0.631690,0.000000,0.688563,0.665654,0.574293,0.393728,0.295211,0.267456,0.234483,0.351670,0.467513,0.636412,0.217919,0.313654,0.151861,0.185389,0.679336,0.442393,0.335515,0.344285,0.430266,0.487749,0.363217,0.263546,0.379426,0.425440,0.056686,0.294966,-0.113020,0.395176,0.354205,0.342150,0.362973,0.430960,0.393707,0.427423,0.491484,0.380814,0.461036,0.448504,0.436441,0.347071,0.338800,0.371509,0.383264,0.290684,0.253625,0.256776,0.495306,0.511503,0.528825,0.557562,0.382678,0.526483,0.416134,0.490446,0.076120,0.225764,0.483832,0.383756,0.490004,0.660869,0.456358,0.401731,0.534252,0.587190,0.506357,0.317405,0.643897,0.512797,0.441997,0.543065,0.594328,0.647267,0.223455,0.479969,0.292174,0.319335
0.748990,0.509850,0.745561,0.638428,0.936664,0.677778,0.842110,0.671629,1.097038,0.747066,0.701621,0.560239,0.978933,0.688563,0.000000,0.890692,0.398075,0.448626,0.777805,0.434734,0.465433,0.490141,0.613804,0.635771,0.155631,0.404157,0.424300,0.413064,0.801695,0.554418,0.445332,0.436386,0.511863,0.489247,0.288481,0.202438,0.469226,0.631063,0.574738,0.459070,0.074466,0.446864,0.549123,0.571673,0.435322,0.527171,0.659370,0.692769,0.533302,0.535062,0.720171,0.590512,0.479229,0.426579,0.601798,0.637855,0.378536,0.333698,0.440837,0.443973,0.426844,0.596289,0.500279,0.446322,0.778150,0.576550,0.547486,0.490039,0.325110,0.354674,0.245979,0.299470,0.482766,0.519256,0.458040,0.412663,0.459692,0.565732,0.458096,0.403978,0.623111,0.502310,0.847469,0.487196,0.829341,0.590426,0.571325,0.324807,0.871718,0.700031
0.475277,0.370615,0.483097,0.538609,0.678604,0.683887,0.537065,0.546853,0.766865,0.801145,0.422691,0.424287,0.453788,0.665654,0.890692,0.000000,0.121680,0.214250,0.471330,0.351959,0.336071,0.386861,0.602308,0.792266,0.308243,0.488462,0.383538,0.553644,0.535072,0.441953,0.406935,0.453745,0.233453,0.274024,0.327989,0.126409,0.515688,0.421569,0.427200,0.388917,0.119077,0.478736,0.325225,0.369357,0.275050,0.331052,0.366628,0.403773,0.287824,0.341663,0.429979,0.393776,0.336214,0.265261,0.454217,0.583210,0.178781,0.169660,0.192374,0.252866,0.091406,0.427547,0.180870,0.265518,0.523596,0.629147,0.344219,0.456953,0.110201,0.171062,0.251893,0.192153,0.197185,0.301480,0.232108,0.080177,0.330926,0.369315,0.180110,0.304256,0.487105,0.458792,0.772700,0.573872,0.803641,0.773071,0.619913,0.735789,0.690818,0.676814
0.166202,0.272760,0.134273,0.199521,0.054942,0.241844,0.309833,0.335656,0.215248,0.085058,0.395653,0.436609,0.451382,0.574293,0.398075,0.121680,0.000000,0.603127,0.118319,0.143218,0.301667,0.373834,0.188869,0.149907,0.221809,0.233685,0.178637,0.100950,0.741330,0.703581,0.450310,0.324865,0.426625,0.424275,0.032818,0.029579,0.192942,0.239226,0.103005,0.061889,-0.018388,0.345801,0.393192,0.282093,0.275784,0.286273,0.423778,0.335208,0.410045,0.325546,0.298203,0.257772,0.248744,0.260394,0.266979,0.203494,0.423986,0.329246,0.241097,0.209813,0.391748,0.153964,0.620681,0.310169,0.047268,0.023317,0.159419,0.151777,0.235897,0.257093,0.380964,0.412653,0.609626,0.647064,0.455960,0.358437,0.358604,0.481171,0.478586,0.408631,0.817062,0.529330,0.176402,0.297005,0.282445,0.211962,-0.033445,0.046841,0.023791,0.087230
0.417169,0.705092,0.330833,0.278618,0.220999,0.228544,0.376105,0.365833,0.243895,0.238949,0.194919,0.523572,0.407659,0.393728,0.448626,0.214250,0.603127,0.000000,0.394885,0.610421,0.305781,0.557610,0.095820,0.084980,-0.146715,0.044795,0.076043,0.203212,0.678982,0.577738,0.184779,0.131757,0.592755,0.624648,0.104573,0.260686,0.390402,0.613602,0.290634,0.381096,0.127090,0.434066,0.430738,0.436519,0.365625,0.547472,0.610994,0.581690,0.642421,0.652272,0.518945,0.568153,0.662858,0.599250,0.517213,0.559224,0.846295,0.841458,0.719935,0.715054,0.615167,0.462520,0.748311,0.811606,0.021586,0.119788,0.356264,0.364530,0.671740,0.637031,0.251194,0.200568,0.623416,0.866044,0.586242,0.552796,0.458794,0.616676,0.527970,0.319329,0.713170,0.680049,0.308119,0.424251,0.309129,0.315994,0.168262,0.047547,0.256238,0.376685
1.105456,0.734272,0.862180,0.781558,0.844122,0.527968,0.903969,0.704056,0.724800,0.709901,0.465840,0.317503,0.532789,0.295211,0.777805,0.471330,0.118319,0.394885,0.000000,1.003713,0.225989,0.393787,0.703148,0.683478,0.066961,0.291184,0.458507,0.293302,0.431870,0.062139,0.172150,0.322399,0.873392,0.790757,0.593655,0.581466,0.352098,0.470670,0.422766,0.687055,-0.077800,0.094019,0.515622,0.444388,0.446523,0.560616,0.550001,0.732097,0.426704,0.465027,0.487829,0.492950,0.425985,0.396136,0.392286,0.509917,0.708608,0.642208,0.618044,0.624421,0.540671,0.571737,0.420008,0.425052,0.701057,0.620371,0.911625,0.839278,0.806840,0.698219,0.132901,0.221117,0.596840,0.552359,0.663677,0.606994,0.763296,0.731195,0.355038,-0.000793,0.333143,0.295612,0.725901,0.517818,0.582600,0.304453,0.605001,0.156239,0.707097,0.554327
0.687487,1.122047,0.547871,0.825007,0.637330,0.468510,0.586606,0.741004,0.459869,0.597514,0.079473,0.387361,0.230483,0.267456,0.434734,0.351959,0.143218,0.610421,1.003713,0.000000,0.111405,0.398024,0.377381,0.490341,-0.121472,0.195600,0.256276,0.265988,0.380965,0.177345,0.100539,0.203815,1.037232,1.056862,0.487816,0.783055,0.353987,0.535295,0.269504,0.656220,0.032120,0.182415,0.453974,0.442423,0.413738,0.694501,0.586220,0.742965,0.528455,0.568180,0.479280,0.558983,0.658023,0.524148,0.511751,0.609050,0.900481,1.047959,0.856151,0.923366,0.643809,0.669434,0.554022,0.754147,0.212956,0.498390,0.818585,0.994442,1.133363,1.203048,0.094535,0.096589,0.514128,0.721529,0.567866,0.640067,0.676840,0.782880,0.274541,-0.091637,0.496147,0.518021,0.516111,0.688474,0.389860,0.349190,0.392917,0.110303,0.479619,0.562223
0.149801,0.081515,0.360941,0.192614,0.275096,0.280843,0.375812,0.168433,0.260624,0.206519,0.293832,0.222625,0.393470,0.234483,0.465433,0.336071,0.301667,0.305781,0.225989,0.111405,0.000000,0.707822,0.360056,0.250421,0.354122,0.480478,0.386858,0.515557,0.508043,0.454745,0.714778,0.611440,0.210054,0.200744,-0.082594,-0.181678,0.656691,0.404544,0.728212,0.221610,0.107877,0.406897,0.385212,0.529826,0.314343,0.345014,0.462199,0.411256,0.307896,0.298429,0.380296,0.241640,0.188277,0.160882,0.420516,0.362495,0.225209,0.199303,0.156691,0.133785,0.083362,0.072286,0.283045,0.051725,0.224633,0.177091,0.263324,0.241925,0.153714,0.085062,0.266048,0.321139,0.452673,0.255522,0.332006,0.086852,0.109216,0.146900,0.420142,0.370367,0.462514,0.398484,0.346523,0.028607,0.485205,0.382427,0.380798,0.265390,0.412232,0.433904
0.347038,0.380272,0.419300,0.320054,0.347147,0.244223,0.464165,0.304849,0.324415,0.305496,0.330609,0.349545,0.442131,0.351670,0.490141,0.386861,0.373834,0.557610,0.393787,0.398024,0.707822,0.000000,0.342364,0.258434,0.202880,0.431976,0.276122,0.376466,0.585657,0.499587,0.559219,0.551524,0.442209,0.421952,0.032857,0.066761,0.480911,0.409596,0.433805,0.305173,0.143906,0.495352,0.477396,0.528312,0.437463,0.502788,0.549544,0.563242,0.559128,0.479638,0.495801,0.373033,0.387919,0.327650,0.397951,0.456160,0.503578,0.465303,0.407918,0.390877,0.258088,0.240038,0.421171,0.286562,0.143853,0.140650,0.365118,0.397078,0.361779,0.374263,0.429053,0.474543,0.493483,0.537267,0.444116,0.339268,0.309483,0.427270,0.429981,0.291771,0.525497,0.450013,0.380614,0.313804,0.469498,0.350209,0.363600,0.264349,0.295360,0.434124
0.493753,0.237372,0.755252,0.710664,0.570240,0.535428,0.770974,0.614243,0.600184,0.558912,0.481042,0.225622,0.429822,0.467513,0.613804,0.602308,0.188869,0.095820,0.703148,0.377381,0.360056,0.342364,0.000000,1.307816,0.626157,0.633605,0.645836,0.408400,0.352910,0.092178,0.723809,0.892275,0.537869,0.431491,0.629562,0.296459,0.480032,0.360767,0.338350,0.511808,-0.146789,0.228813,0.384491,0.331547,0.473388,0.350380,0.330964,0.458751,0.261838,0.245706,0.244115,0.252256,0.172476,0.208715,0.300360,0.302878,0.193557,0.149323,0.140025,0.127985,0.077005,0.160302,0.202458,0.089823,0.665372,0.581810,0.615233,0.612973,0.193690,0.153548,0.349233,0.461758,0.409532,0.359249,0.328073,0.200995,0.503233,0.470520,0.209992,0.144509,0.276188,0.268262,0.589473,0.362430,0.680833,0.378482,0.716302,0.483629,0.613157,0.371517
0.540630,0.390230,0.593297,1.019329,0.694497,0.756445,0.673911,0.907600,0.704318,0.874717,0.405328,0.363657,0.353089,0.636412,0.635771,0.792266,0.149907,0.084980,0.683478,0.490341,0.250421,0.258434,1.307816,0.000000,0.445745,0.672416,0.526829,0.446412,0.338835,0.134999,0.524471,0.709383,0.536248,0.522326,0.677409,0.403209,0.446422,0.420519,0.303290,0.489919,-0.097860,0.223936,0.377032,0.347565,0.395842,0.462717,0.378340,0.493568,0.294437,0.329580,0.286263,0.364024,0.267206,0.273301,0.340050,0.386219,0.221712,0.203635,0.152734,0.209476,0.122903,0.358252,0.210525,0.197779,0.689634,0.961137,0.594908,0.811912,0.192141,0.267313,0.240554,0.260936,0.326236,0.319538,0.309270,0.184657,0.485186,0.489912,0.214949,0.072131,0.392761,0.382109,0.704098,0.581515,0.864871,0.636512,0.723965,0.680967,0.679072,0.595967
0.006438,-0.130255,0.229137,0.165744,0.131925,0.320217,0.240420,0.123894,0.151945,-0.003944,0.217279,-0.017410,0.081251,0.217919,0.155631,0.308243,0.221809,-0.146715,0.066961,-0.121472,0.354122,0.202880,0.626157,0.445745,0.000000,0.703349,0.809997,0.428132,0.140001,0.139716,0.679216,0.518649,0.089050,0.071969,0.288995,-0.086241,0.243197,0.014153,0.149557,0.115700,-0.093436,0.207842,0.388627,0.265359,0.384028,0.108031,0.164026,0.201099,0.055972,0.020806,0.029447,0.025144,-0.099262,-0.013336,0.067286,0.079605,-0.133977,-0.151339,-0.116958,-0.176585,-0.189340,-0.262405,-0.148554,-0.226208,0.170899,0.072968,0.272608,0.185351,-0.096595,-0.123470,0.208001,0.297090,0.167868,0.048977,0.064103,-0.120313,0.156003,0.122557,-0.039163,0.193434,0.152984,0.091782,0.181928,0.064887,0.209866,0.192863,0.131865,0.246847,0.122558,0.002885
0.117012,0.062090,0.357887,0.469561,0.505933,0.494899,0.314054,0.397895,0.391072,0.528428,0.227146,0.164364,0.223332,0.313654,0.404157,0.488462,0.233685,0.044795,0.291184,0.195600,0.480478,0.431976,0.633605,0.672416,0.703349,0.000000,0.538115,0.514237,0.444665,0.406771,0.844772,0.840027,0.405697,0.365530,0.317188,0.068925,0.483780,0.357157,0.421512,0.215534,-0.043397,0.330467,0.498054,0.584739,0.526298,0.470359,0.470816,0.521920,0.333607,0.340294,0.262657,0.304070,0.124319,0.129785,0.224739,0.247127,0.028733,0.016457,0.097996,0.130946,-0.081671,0.068592,0.117760,-0.005510,0.369327,0.438241,0.413854,0.472713,0.077939,0.124050,0.190442,0.241073,0.279687,0.209726,0.258387,0.167176,0.231471,0.312200,0.218927,0.313480,0.424671,0.397147,0.458358,0.223932,0.697156,0.451440,0.430278,0.340243,0.375421,0.422907
0.258476,0.175140,0.484327,0.392880,0.455350,0.489754,0.399444,0.260799,0.377670,0.175602,0.138212,0.026029,0.168993,0.151861,0.424300,0.383538,0.178637,0.076043,0.458507,0.256276,0.386858,0.276122,0.645836,0.526829,0.809997,0.538115,0.000000,0.749785,0.261607,0.202189,0.566255,0.446000,0.365914,0.361016,0.325022,0.192780,0.266123,0.243408,0.348748,0.337597,-0.110761,0.227850,0.536884,0.416156,0.432353,0.365462,0.468650,0.524756,0.262721,0.305962,0.270820,0.307207,0.196168,0.326675,0.350632,0.469248,0.206660,0.223219,0.224989,0.216447,0.096938,0.039021,0.074961,0.100198,0.235859,0.174492,0.475576,0.398104,0.324595,0.274503,0.094475,0.168609,0.294739,0.213064,0.202912,0.119422,0.274418,0.367561,0.062784,0.107709,0.307526,0.207255,0.464122,0.321014,0.324275,0.228401,0.374437,0.173353,0.441300,0.284666
0.085954,0.226907,0.319339,0.355960,0.292687,0.597765,0.225077,0.255968,0.331532,0.279535,-0.046035,0.055514,0.063803,0.185389,0.413064,0.553644,0.100950,0.203212,0.293302,0.265988,0.515557,0.376466,0.408400,0.446412,0.428132,0.514237,0.749785,0.000000,0.395366,0.442948,0.568002,0.443378,0.276909,0.316973,0.089315,0.130090,0.443105,0.305109,0.528847,0.281024,0.145378,0.384816,0.422985,0.462965,0.344611,0.433360,0.472141,0.491917,0.320297,0.417374,0.331403,0.382612,0.304910,0.413200,0.491713,0.589077,0.115312,0.234721,0.258336,0.282898,0.009440,0.155301,0.130160,0.172749,0.066078,0.265975,0.284506,0.377067,0.263013,0.274569,0.004499,0.019737,0.145639,0.124597,0.163399,-0.076057,0.074899,0.224447,0.065032,0.249810,0.551095,0.407165,0.581820,0.465675,0.477009,0.441597,0.438646,0.409287,0.498265,0.575173
0.337864,0.407950,0.267113,0.328296,0.397100,0.493555,0.420376,0.458789,0.464975,0.410426,0.383680,0.484488,0.547196,0.679336,0.801695,0.535072,0.741330,0.678982,0.431870,0.380965,0.508043,0.585657,0.352910,0.338835,0.140001,0.444665,0.261607,0.395366,0.000000,1.119330,0.585689,0.461114,0.568808,0.550152,0.100999,0.138084,0.474626,0.541778,0.455064,0.268475,0.008934,0.556384,0.445492,0.532638,0.381302,0.481029,0.612906,0.579962,0.558595,0.518881,0.469425,0.444675,0.450498,0.365334,0.448109,0.404021,0.450696,0.374583,0.388386,0.363766,0.344161,0.309582,0.620314,0.489332,0.202435,0.258189,0.289068,0.349268,0.300536,0.320047,0.224220,0.245824,0.633390,0.742173,0.519499,0.438549,0.313062,0.484302,0.679485,0.637969,0.953742,0.643972,0.578418,0.455047,0.719736,0.523711,0.306884,0.285846,0.371999,0.384434
-0.003438,0.213478,0.045267,0.160065,0.212621,0.301735,0.123014,0.225526,0.290390,0.264266,0.118561,0.339959,0.311643,0.442393,0.554418,0.441953,0.703581,0.577738,0.062139,0.177345,0.454745,0.499587,0.092178,0.134999,0.139716,0.406771,0.202189,0.442948,1.119330,0.000000,0.596226,0.341511,0.301345,0.343293,-0.133845,-0.065989,0.309519,0.490514,0.424736,0.094407,0.163063,0.630291,0.329714,0.457467,0.244699,0.380336,0.537649,0.416175,0.486848,0.483138,0.422137,0.386097,0.365612,0.323254,0.439406,0.385580,0.209811,0.228708,0.247545,0.239919,0.132733,0.224608,0.436267,0.376901,-0.007335,0.110055,0.050453,0.134310,0.146451,0.234935,0.098034,0.096856,0.297392,0.424542,0.215941,0.146474,-0.005006,0.260465,0.532220,0.849209,0.858381,0.692316,0.416382,0.374604,0.507731,0.509707,0.148843,0.258739,0.235991,0.421949
-0.000171,0.026699,0.371152,0.417765,0.319903,0.385514,0.410430,0.347815,0.292804,0.244711,0.243846,0.214120,0.290047,0.335515,0.445332,0.406935,0.450310,0.184779,0.172150,0.100539,0.714778,0.559219,0.723809,0.524471,0.679216,0.844772,0.566255,0.568002,0.585689,0.596226,0.000000,1.268429,0.420075,0.372502,0.122877,-0.001655,0.546232,0.376805,0.442608,0.202170,0.006739,0.548989,0.448575,0.490704,0.435494,0.383679,0.477887,0.476889,0.304030,0.256669,0.273975,0.194263,0.147886,0.139158,0.371070,0.215816,0.025792,0.050030,0.062163,0.050965,-0.055769,0.038060,0.251510,0.066709,0.190702,0.263071,0.287030,0.336008,0.036668,0.065269,0.303540,0.415331,0.345580,0.349299,0.201642,0.066702,0.108203,0.294086,0.285279,0.476880,0.487058,0.404813,0.305937,0.155915,0.520687,0.373447,0.358612,0.290497,0.327699,0.281089
0.162253,0.072365,0.557192,0.549430,0.371728,0.413446,0.562215,0.463420,0.382582,0.396737,0.372163,0.256956,0.386264,0.344285,0.436386,0.453745,0.324865,0.131757,0.322399,0.203815,0.611440,0.551524,0.892275,0.709383,0.518649,0.840027,0.446000,0.443378,0.461114,0.341511,1.268429,0.000000,0.470911,0.424480,0.218260,0.055798,0.651936,0.379426,0.432845,0.334117,-0.055940,0.435425,0.338969,0.421844,0.333186,0.372143,0.357597,0.408582,0.211121,0.171658,0.198401,0.112484,0.114730,0.029615,0.342715,0.197933,0.088040,0.077102,0.038056,0.037298,-0.019277,0.088706,0.216874,0.013366,0.306915,0.393340,0.351490,0.412642,0.067356,0.077771,0.459553,0.592668,0.433697,0.396815,0.326744,0.187971,0.321592,0.430580,0.279311,0.363778,0.397266,0.414677,0.320596,0.218075,0.560780,0.346550,0.492764,0.361808,0.403687,0.289539
0.644797,0.859023,0.529806,0.812188,0.602808,0.503838,0.668989,0.820924,0.470353,0.510361,0.260335,0.439768,0.428970,0.430266,0.511863,0.233453,0.426625,0.592755,0.873392,1.037232,0.210054,0.442209,0.537869,0.536248,0.089050,0.405697,0.365914,0.276909,0.568808,0.301345,0.420075,0.470911,0.000000,1.600897,0.583131,0.754818,0.359239,0.538804,0.198883,0.565125,-0.171762,0.216293,0.567506,0.512562,0.619425,0.809877,0.665342,0.835264,0.585641,0.560358,0.465829,0.507497,0.525742,0.415297,0.385884,0.436185,0.798762,0.870894,0.752723,0.765411,0.782965,0.555516,0.754258,0.707341,0.341271,0.447668,0.971510,0.972471,0.830394,0.917121,0.220085,0.291705,0.741252,0.921929,0.736231,0.785791,0.675298,0.920708,0.488019,0.097354,0.588147,0.526189,0.393755,0.487509,0.476484,0.278632,0.308044,0.036138,0.396594,0.380547
0.649918,1.005893,0.496766,0.895971,0.577319,0.576098,0.648180,0.908230,0.481804,0.491785,0.212431,0.522459,0.360713,0.487749,0.489247,0.274024,0.424275,0.624648,0.790757,1.056862,0.200744,0.421952,0.431491,0.522326,0.071969,0.365530,0.361016,0.316973,0.550152,0.343293,0.372502,0.424480,1.600897,0.000000,0.534071,0.729258,0.353875,0.585224,0.210294,0.586382,-0.123808,0.293565,0.590030,0.564841,0.544410,0.823439,0.698603,0.851347,0.575941,0.527199,0.505572,0.530253,0.642611,0.470296,0.484690,0.559162,0.827479,0.942240,0.828761,0.838345,0.787943,0.658276,0.682583,0.849379,0.286142,0.500108,0.928185,1.036064,0.860058,0.966127,0.173341,0.213739,0.692151,0.923691,0.737891,0.766017,0.643764,0.978922,0.451272,0.116889,0.624313,0.585005,0.403051,0.556315,0.477732,0.368350,0.293054,0.037546,0.399481,0.433705
0.532100,0.396075,0.427484,0.570000,0.475334,0.390375,0.421804,0.515330,0.407939,0.456645,0.226164,0.158944,0.178248,0.363217,0.288481,0.327989,0.032818,0.104573,0.593655,0.487816,-0.082594,0.032857,0.629562,0.677409,0.288995,0.317188,0.325022,0.089315,0.100999,-0.133845,0.122877,0.218260,0.583131,0.534071,0.000000,0.658403,0.116678,0.223476,-0.010341,0.487655,-0.324812,-0.167961,0.310450,0.202009,0.543838,0.361357,0.212990,0.411316,0.236078,0.185526,0.164652,0.232409,0.208369,0.156009,0.111935,0.296075,0.306171,0.328452,0.334486,0.298117,0.309439,0.283217,0.268343,0.289762,0.534011,0.513879,0.752421,0.707084,0.298589,0.307837,0.184233,0.159081,0.245853,0.388382,0.355399,0.425727,0.608225,0.519414,0.115377,-0.122435,0.062441,0.100144,0.322473,0.242047,0.329465,0.152015,0.423796,0.172241,0.357848,0.252712
0.392446,0.600927,0.301745,0.627026,0.404999,0.372093,0.315879,0.529225,0.277538,0.329447,-0.128086,0.156283,0.055076,0.263546,0.202438,0.126409,0.029579,0.260686,0.581466,0.783055,-0.181678,0.066761,0.296459,0.403209,-0.086241,0.068925,0.192780,0.130090,0.138084,-0.065989,-0.001655,0.055798,0.754818,0.729258,0.658403,0.000000,0.093456,0.258220,-0.028708,0.377547,-0.122394,-0.037140,0.213437,0.091796,0.287476,0.361129,0.251364,0.338499,0.270669,0.270804,0.172636,0.280049,0.373658,0.295529,0.229465,0.237609,0.449622,0.539637,0.498066,0.549031,0.469082,0.404401,0.345818,0.579368,0.154582,0.391712,0.574048,0.703385,0.489228,0.608506,-0.002060,0.011153,0.229757,0.485930,0.409416,0.413478,0.504949,0.564025,0.140413,-0.204610,0.264617,0.291092,0.292774,0.461865,0.205897,0.149900,0.253183,0.105644,0.296175,0.293726
0.279645,0.286796,0.536461,0.410119,0.328809,0.417634,0.487984,0.416566,0.345304,0.377476,0.282652,0.421732,0.388475,0.379426,0.469226,0.515688,0.192942,0.390402,0.352098,0.353987,0.656691,0.480911,0.480032,0.446422,0.243197,0.483780,0.266123,0.443105,0.474626,0.309519,0.546232,0.651936,0.359239,0.353875,0.116678,0.093456,0.000000,0.551947,0.641108,0.491701,0.204967,0.665231,0.354750,0.477304,0.350259,0.400763,0.404141,0.418959,0.286052,0.253543,0.348581,0.243759,0.283946,0.188108,0.487214,0.395209,0.259968,0.224004,0.188059,0.187214,0.148087,0.249827,0.233101,0.203992,0.236116,0.421521,0.381995,0.426729,0.196466,0.200039,0.291534,0.337116,0.432341,0.406612,0.320697,0.185379,0.312430,0.322288,0.259638,0.194116,0.532567,0.534208,0.462760,0.320714,0.579879,0.541905,0.385111,0.403346,0.425840,0.410408
0.438662,0.509770,0.442245,0.482748,0.486822,0.408634,0.414296,0.463899,0.444672,0.500363,0.212645,0.426481,0.394850,0.425440,0.631063,0.421569,0.239226,0.613602,0.470670,0.535295,0.404544,0.409596,0.360767,0.420519,0.014153,0.357157,0.243408,0.305109,0.541778,0.490514,0.376805,0.379426,0.538804,0.585224,0.223476,0.258220,0.551947,0.000000,0.585652,0.795842,0.210402,0.623714,0.423494,0.591210,0.309677,0.490893,0.637101,0.659825,0.514905,0.495453,0.544717,0.459151,0.523980,0.438993,0.648009,0.646789,0.471407,0.482044,0.521344,0.486009,0.360267,0.445987,0.437351,0.510591,0.344451,0.443218,0.449330,0.465256,0.363353,0.401128,0.218544,0.246637,0.436914,0.494001,0.412565,0.321906,0.496040,0.604097,0.473090,0.401841,0.585846,0.729890,0.633341,0.515863,0.713712,0.630421,0.689310,0.350888,0.641946,0.653686
0.192771,0.112979,0.537593,0.296403,0.350799,0.222704,0.336959,0.146073,0.313346,0.341106,0.188182,0.084059,0.323278,0.056686,0.574738,0.427200,0.103005,0.290634,0.422766,0.269504,0.728212,0.433805,0.338350,0.303290,0.149557,0.421512,0.348748,0.528847,0.455064,0.424736,0.442608,0.432845,0.198883,0.210294,-0.010341,-0.028708,0.641108,0.585652,0.000000,0.486852,0.479719,0.463008,0.501353,0.586273,0.251856,0.331189,0.607035,0.516858,0.297722,0.330489,0.460243,0.297199,0.271074,0.253627,0.769786,0.530366,0.145828,0.184978,0.229070,0.220265,-0.009024,0.232311,0.183062,0.080680,0.356802,0.349777,0.271055,0.258919,0.248471,0.145419,-0.021722,0.063795,0.201718,0.089951,0.142859,0.013315,0.133081,0.177155,0.161005,0.268812,0.431052,0.392640,0.694977,0.240544,0.678504,0.505321,0.623774,0.263204,0.855909,0.714144
0.595786,0.509756,0.662877,0.519099,0.402617,0.340745,0.483108,0.443516,0.360114,0.444570,0.297792,0.286305,0.348776,0.294966,0.459070,0.388917,0.061889,0.381096,0.687055,0.656220,0.221610,0.305173,0.511808,0.489919,0.115700,0.215534,0.337597,0.281024,0.268475,0.094407,0.202170,0.334117,0.565125,0.586382,0.487655,0.377547,0.491701,0.795842,0.486852,0.000000,0.147558,0.296027,0.363433,0.334102,0.266747,0.320713,0.361253,0.494135,0.224476,0.172512,0.292300,0.224388,0.311885,0.246418,0.495854,0.570432,0.456692,0.515350,0.458475,0.423384,0.343121,0.402549,0.276034,0.364662,0.401417,0.445206,0.623620,0.533937,0.478580,0.414968,0.280256,0.308451,0.432640,0.412751,0.419337,0.330416,0.697565,0.638443,0.211148,0.034396,0.263300,0.302232,0.639138,0.541145,0.462980,0.340538,0.681094,0.232521,0.679047,0.397168
-0.153900,-0.006538,0.038633,-0.002630,-0.007401,-0.053659,-0.011445,-0.084143,-0.108024,-0.030101,-0.152129,-0.047337,-0.057627,-0.113020,0.074466,0.119077,-0.018388,0.127090,-0.077800,0.032120,0.107877,0.143906,-0.146789,-0.097860,-0.093436,-0.043397,-0.110761,0.145378,0.008934,0.163063,0.006739,-0.055940,-0.171762,-0.123808,-0.324812,-0.122394,0.204967,0.210402,0.479719,0.147558,0.000000,0.333518,0.160192,0.189911,-0.200641,-0.064963,0.133684,0.032788,-0.030768,-0.019656,0.108537,-0.004239,0.032724,0.119998,0.353596,0.195254,-0.086250,-0.000211,0.001211,0.041132,-0.203419,0.038274,-0.063935,-0.034559,-0.147532,-0.031781,-0.110151,-0.102019,-0.008103,-0.058362,-0.092238,-0.071146,-0.117463,-0.212437,-0.146952,-0.358370,-0.134067,-0.068931,-0.294079,0.002095,0.211336,0.200247,0.236821,0.281724,0.234431,0.337143,0.067546,0.116369,0.211517,0.305972
0.077150,0.261392,0.233607,0.251815,0.196399,0.347787,0.257034,0.283927,0.281493,0.182960,0.158331,0.453308,0.229677,0.395176,0.446864,0.478736,0.345801,0.434066,0.094019,0.182415,0.406897,0.495352,0.228813,0.223936,0.207842,0.330467,0.227850,0.384816,0.556384,0.630291,0.548989,0.435425,0.216293,0.293565,-0.167961,-0.037140,0.665231,0.623714,0.463008,0.296027,0.333518,0.000000,0.326967,0.413713,0.150173,0.250469,0.441393,0.294093,0.287647,0.255624,0.361402,0.237096,0.348813,0.257203,0.528531,0.400902,0.166638,0.170553,0.165014,0.220270,0.038109,0.258759,0.140578,0.319487,0.056682,0.168863,0.074562,0.165818,0.105384,0.155420,0.279534,0.327839,0.311922,0.352882,0.197113,0.054877,0.162545,0.334194,0.190282,0.404704,0.588503,0.566419,0.367522,0.370424,0.493517,0.576935,0.252786,0.384593,0.256858,0.354101
0.483022,0.560417,0.548517,0.597319,0.549362,0.445075,0.613797,0.563196,0.416356,0.297552,0.341192,0.409394,0.394753,0.354205,0.549123,0.325225,0.393192,0.430738,0.515622,0.453974,0.385212,0.477396,0.384491,0.377032,0.388627,0.498054,0.536884,0.422985,0.445492,0.329714,0.448575,0.338969,0.567506,0.590030,0.310450,0.213437,0.354750,0.423494,0.501353,0.363433,0.160192,0.326967,0.000000,1.137169,0.860866,0.898649,1.319880,1.216403,0.803106,0.714488,0.872146,0.797946,0.624669,0.613436,0.661620,0.626008,0.471993,0.455680,0.601362,0.610817,0.454867,0.422510,0.381979,0.400950,0.342691,0.303596,0.776200,0.676274,0.516087,0.490868,0.161812,0.183488,0.383854,0.364586,0.292555,0.410556,0.428731,0.539847,0.132004,0.112016,0.607860,0.433991,0.476293,0.373568,0.464338,0.455030,0.288959,0.031601,0.456218,0.512557
0.412985,0.542795,0.416909,0.555885,0.620423,0.423370,0.540765,0.551826,0.432612,0.416957,0.299847,0.457847,0.400821,0.342150,0.571673,0.369357,0.282093,0.436519,0.444388,0.442423,0.529826,0.528312,0.331547,0.347565,0.265359,0.584739,0.416156,0.462965,0.532638,0.457467,0.490704,0.421844,0.512562,0.564841,0.202009,0.091796,0.477304,0.591210,0.586273,0.334102,0.189911,0.413713,1.137169,0.000000,0.702244,1.073341,1.112778,1.137670,0.685867,0.705251,0.806317,0.748095,0.567419,0.489630,0.613609,0.644569,0.426583,0.451497,0.537985,0.567008,0.411910,0.471921,0.430763,0.436395,0.347431,0.412691,0.729801,0.700202,0.428280,0.396593,0.155784,0.149490,0.420693,0.407408,0.303812,0.354514,0.293261,0.465849,0.278589,0.306713,0.586255,0.515823,0.463944,0.285329,0.610059,0.645258,0.341855,0.100803,0.446490,0.589277
0.385143,0.438807,0.516735,0.477968,0.417940,0.356137,0.476515,0.454050,0.387326,0.300393,0.321554,0.349198,0.276841,0.362973,0.435322,0.275050,0.275784,0.365625,0.446523,0.413738,0.314343,0.437463,0.473388,0.395842,0.384028,0.526298,0.432353,0.344611,0.381302,0.244699,0.435494,0.333186,0.619425,0.544410,0.543838,0.287476,0.350259,0.309677,0.251856,0.266747,-0.200641,0.150173,0.860866,0.702244,0.000000,0.955087,0.759335,0.923709,0.914671,0.728251,0.648213,0.683816,0.498869,0.459585,0.372988,0.487371,0.416189,0.396026,0.516238,0.488183,0.422904,0.350411,0.403527,0.401143,0.403501,0.334695,0.785749,0.648898,0.386480,0.371394,0.186354,0.208271,0.296067,0.418217,0.292836,0.455232,0.392255,0.400818,0.277095,0.102432,0.354096,0.320984,0.350858,0.180197,0.366070,0.226372,0.305404,0.103945,0.282312,0.343325
0.504944,0.828780,0.455991,0.832888,0.643197,0.553134,0.583049,0.814501,0.505346,0.500685,0.252133,0.599449,0.365004,0.430960,0.527171,0.331052,0.286273,0.547472,0.560616,0.694501,0.345014,0.502788,0.350380,0.462717,0.108031,0.470359,0.365462,0.433360,0.481029,0.380336,0.383679,0.372143,0.809877,0.823439,0.361357,0.361129,0.400763,0.490893,0.331189,0.320713,-0.064963,0.250469,0.898649,1.073341,0.955087,0.000000,1.070244,1.389049,1.019223,1.042395,0.929348,1.050636,0.811840,0.639206,0.602923,0.696664,0.618847,0.672660,0.745978,0.860645,0.648065,0.732124,0.580178,0.680493,0.331712,0.567810,0.888428,1.041097,0.606667,0.721790,0.185377,0.125521,0.443167,0.555689,0.392566,0.513596,0.378373,0.582153,0.416267,0.183906,0.605843,0.556594,0.441335,0.395562,0.476405,0.476478,0.341127,0.089773,0.416680,0.633991
0.467993,0.704318,0.517848,0.681529,0.627397,0.516847,0.603544,0.634361,0.518075,0.421998,0.269259,0.534742,0.459179,0.393707,0.659370,0.366628,0.423778,0.610994,0.550001,0.586220,0.462199,0.549544,0.330964,0.378340,0.164026,0.470816,0.468650,0.472141,0.612906,0.537649,0.477887,0.357597,0.665342,0.698603,0.212990,0.251364,0.404141,0.637101,0.607035,0.361253,0.133684,0.441393,1.319880,1.112778,0.759335,1.070244,0.000000,1.531154,1.133278,1.134091,1.189920,1.156411,0.932238,0.851082,0.914893,0.832207,0.570399,0.590319,0.773750,0.829801,0.518040,0.602785,0.540623,0.598550,0.304290,0.365393,0.645187,0.650931,0.585419,0.619731,0.192273,0.164418,0.435920,0.518170,0.382074,0.459221,0.425610,0.646070,0.267110,0.229982,0.780705,0.586961,0.541998,0.457888,0.560659,0.528524,0.416499,0.086692,0.559326,0.755198
0.611461,0.823180,0.634732,0.833604,0.774558,0.605491,0.741464,0.779876,0.597169,0.540026,0.332614,0.530917,0.479661,0.427423,0.692769,0.403773,0.335208,0.581690,0.732097,0.742965,0.411256,0.563242,0.458751,0.493568,0.201099,0.521920,0.524756,0.491917,0.579962,0.416175,0.476889,0.408582,0.835264,0.851347,0.411316,0.338499,0.418959,0.659825,0.516858,0.494135,0.032788,0.294093,1.216403,1.137670,0.923709,1.389049,1.531154,0.000000,1.074349,1.094356,1.115593,1.139260,0.917507,0.811229,0.806062,0.893162,0.659894,0.700346,0.878999,0.891182,0.627474,0.665082,0.605524,0.632939,0.398259,0.479458,0.937782,0.899376,0.723347,0.768437,0.183790,0.172038,0.492483,0.584612,0.472463,0.602667,0.519673,0.722539,0.325762,0.172928,0.683477,0.553161,0.583890,0.484044,0.563264,0.472124,0.481543,0.056462,0.615148,0.715794
0.431484,0.700643,0.427589,0.516970,0.439829,0.431314,0.479236,0.565365,0.490600,0.352888,0.236869,0.561214,0.407638,0.491484,0.533302,0.287824,0.410045,0.642421,0.426704,0.528455,0.307896,0.559128,0.261838,0.294437,0.055972,0.333607,0.262721,0.320297,0.558595,0.486848,0.304030,0.211121,0.585641,0.575941,0.236078,0.270669,0.286052,0.514905,0.297722,0.224476,-0.030768,0.287647,0.803106,0.685867,0.914671,1.019223,1.133278,1.074349,0.000000,1.478821,1.213259,1.280083,1.023908,0.888074,0.700762,0.720878,0.609001,0.554491,0.866663,0.865470,0.608537,0.608493,0.659290,0.734397,0.233660,0.276789,0.554550,0.541059,0.480268,0.555462,0.251606,0.179580,0.378850,0.509897,0.363025,0.480390,0.416909,0.530554,0.402902,0.230848,0.639157,0.537985,0.475391,0.430143,0.407616,0.387266,0.328365,0.118917,0.348299,0.576063
