0.000000,1.024825,1.008299,1.011766,0.560074,0.506994,1.005813,1.081563,0.483432,0.465012,0.954852,0.952496,1.043632,0.873529,0.776536,0.680935,0.608264,0.732033,1.014819,1.043931,0.081802,0.224052,0.862625,0.697549,0.649948,0.351358,0.488918,0.278862,0.503823,0.573351,0.542328,0.607810,0.799529,0.840728,0.309708,0.300828,0.345924,0.231076,0.513748,0.529833,0.304091,0.123089,0.715164,0.752752,0.724501,0.718220,0.733974,0.754474,0.689244,0.500751,0.814459,0.613671,0.692208,0.710344,0.734732,0.788165,1.010282,1.091977,1.025911,0.792654,1.033193,0.885261,0.680794,0.924304,0.473307,0.505219,0.983489,0.837355,0.881811,0.782676,0.273214,0.308765,0.497710,0.288128,0.223027,0.155303,0.409050,0.400653,0.257735,0.385145,0.782514,0.809344,0.692910,0.386384,0.939786,0.847026,0.502735,0.348654,0.852070,0.843570
1.024825,0.000000,0.752127,0.788729,0.385396,0.386658,0.639926,0.768255,0.309723,0.294488,0.717299,0.819707,0.714763,0.707249,0.678775,0.607416,0.595129,0.837816,0.842124,0.981472,0.023730,0.195170,0.632031,0.513093,0.596589,0.334314,0.431561,0.248288,0.555394,0.579501,0.564784,0.709801,0.758564,0.845118,0.232649,0.290034,0.282168,0.241658,0.536049,0.552245,0.309424,0.103697,0.661105,0.635335,0.616399,0.732077,0.630026,0.558785,0.599037,0.483410,0.593179,0.465296,0.481510,0.421741,0.698693,0.759858,1.293160,1.216632,0.924816,0.729568,0.724995,0.703397,0.636519,0.835976,0.372738,0.342133,0.759950,0.623987,1.006303,0.760869,0.186573,0.221478,0.406854,0.288047,0.159716,0.193778,0.292843,0.340594,0.286916,0.368870,0.744595,0.836546,0.598478,0.450368,0.793181,0.763388,0.528163,0.478925,0.720063,0.704852
1.008299,0.752127,0.000000,0.973327,0.390464,0.420724,1.129020,0.952121,0.322819,0.290013,0.737676,0.722377,0.863811,0.708761,0.613584,0.522114,0.478897,0.606371,0.823803,0.802160,0.086973,0.206783,0.990541,0.757430,0.557176,0.267663,0.401891,0.179276,0.512150,0.527909,0.434964,0.507747,0.667649,0.756069,0.361022,0.330457,0.268502,0.190961,0.401834,0.406204,0.225747,0.124064,0.578515,0.581075,0.556996,0.566241,0.622243,0.607965,0.553843,0.401452,0.679886,0.493464,0.558467,0.623198,0.589021,0.606905,0.660722,0.760093,0.717489,0.562465,0.870689,0.761384,0.545445,0.720304,0.550273,0.518499,0.761285,0.696659,0.683030,0.621646,0.232005,0.249926,0.419641,0.253941,0.238374,0.138414,0.374397,0.312685,0.230099,0.383407,0.643803,0.655922,0.578768,0.353620,0.821467,0.738790,0.445597,0.325729,0.742410,0.701924
1.011766,0.788729,0.973327,0.000000,0.625690,0.623159,0.980305,1.223476,0.534280,0.548460,0.757171,0.933965,0.855612,0.901087,0.795383,0.827576,0.590885,0.706995,0.931123,0.974360,0.113247,0.283196,1.052621,1.062202,0.763061,0.438050,0.545338,0.352220,0.473404,0.625617,0.658132,0.735717,0.866816,0.966771,0.399639,0.356624,0.264690,0.243165,0.532170,0.553309,0.271066,0.111792,0.851770,0.830021,0.758622,0.757663,0.880102,0.891269,0.787775,0.557689,0.939423,0.702805,0.771570,0.750479,0.841194,0.868756,0.775239,1.010798,0.964632,0.889973,0.823708,1.000263,0.659343,0.988881,0.508100,0.663965,1.046970,1.095819,0.820249,0.894082,0.320194,0.363225,0.506955,0.308852,0.228078,0.216853,0.438444,0.416944,0.303117,0.438653,0.891036,0.900966,0.758980,0.412901,0.966020,1.039399,0.606255,0.405087,0.893166,0.991447
0.560074,0.385396,0.390464,0.625690,0.000000,0.773435,0.484113,0.730823,0.845961,0.939950,0.670139,0.675582,0.643637,0.773163,0.772728,0.770859,0.548008,0.504706,0.768091,0.663733,0.059851,0.302538,0.550823,0.533907,0.586316,0.591622,0.484843,0.604574,0.233586,0.420864,0.632671,0.624636,0.636716,0.621251,0.215454,0.216714,0.251367,0.221128,0.376543,0.441235,0.339498,0.021217,0.635048,0.723087,0.591378,0.605998,0.644967,0.791201,0.546411,0.423490,0.689124,0.471107,0.545895,0.530593,0.620275,0.691971,0.422289,0.659032,0.665884,0.732146,0.485361,0.564243,0.501198,0.751677,0.225771,0.277403,0.781841,0.775174,0.445598,0.628490,0.400804,0.368847,0.391309,0.256766,0.060751,0.170972,0.409205,0.470804,0.315779,0.301133,0.677138,0.656087,0.614758,0.248034,0.584111,0.552011,0.442366,0.216219,0.543227,0.740173
0.506994,0.386658,0.420724,0.623159,0.773435,0.000000,0.537151,0.752172,0.768366,0.788649,0.513850,0.719002,0.560028,0.705251,0.637834,0.776529,0.523567,0.565710,0.646888,0.675112,0.116109,0.282387,0.545861,0.552190,0.642039,0.526618,0.520821,0.470175,0.326073,0.466034,0.626980,0.632226,0.640965,0.672391,0.183564,0.211113,0.234707,0.109370,0.343225,0.370091,0.269798,0.052502,0.648154,0.716032,0.523201,0.574703,0.658295,0.750762,0.548365,0.461735,0.695943,0.496806,0.527192,0.542973,0.538306,0.587856,0.454530,0.621584,0.617693,0.575035,0.439172,0.588594,0.508667,0.748432,0.265125,0.285524,0.685307,0.714756,0.505461,0.596306,0.324515,0.407637,0.443369,0.242619,0.100988,0.155009,0.380017,0.336605,0.328220,0.383798,0.736095,0.667602,0.645113,0.298213,0.568961,0.531087,0.392342,0.259986,0.456974,0.632622
1.005813,0.639926,1.129020,0.980305,0.484113,0.537151,0.000000,1.212447,0.454414,0.422102,0.768797,0.846265,0.948078,0.832096,0.680302,0.586636,0.519500,0.630134,0.829512,0.793595,0.070365,0.214362,0.959611,0.814705,0.610989,0.316254,0.436657,0.249459,0.509418,0.482070,0.524074,0.533657,0.744475,0.765747,0.304836,0.288089,0.268076,0.213008,0.392046,0.403331,0.232475,0.171250,0.649520,0.655412,0.595727,0.599310,0.686900,0.680583,0.588774,0.444459,0.740990,0.557093,0.631243,0.742335,0.587342,0.624565,0.636916,0.705933,0.683568,0.546837,0.853165,0.825250,0.544063,0.785982,0.503837,0.549280,0.751100,0.725183,0.636961,0.607730,0.241702,0.287485,0.424947,0.230658,0.184576,0.136244,0.373085,0.350091,0.228757,0.420196,0.672926,0.661824,0.658480,0.359139,0.800506,0.729818,0.407909,0.231358,0.696269,0.706227
1.081563,0.768255,0.952121,1.223476,0.730823,0.752172,1.212447,0.000000,0.655117,0.682727,0.862262,1.130519,1.022564,1.061666,0.895661,0.876312,0.659005,0.753166,0.979276,1.023904,0.092143,0.286203,1.026898,0.997433,0.741646,0.477201,0.550669,0.385988,0.574865,0.624684,0.732645,0.822083,0.908831,1.011248,0.304370,0.337756,0.282407,0.216770,0.446413,0.506577,0.245078,0.083763,0.909147,0.927201,0.784953,0.839658,0.918956,0.961691,0.778863,0.601550,0.932841,0.659705,0.813073,0.834395,0.781866,0.844003,0.835984,0.963405,0.896728,0.774690,0.837577,1.007955,0.615458,1.036349,0.407102,0.549845,0.974671,0.988924,0.754880,0.825792,0.374087,0.409407,0.553663,0.298490,0.218380,0.186072,0.486052,0.428190,0.340450,0.460712,0.909146,0.879693,0.822407,0.372532,0.861862,0.885761,0.520442,0.299532,0.797664,0.963036
0.483432,0.309723,0.322819,0.534280,0.845961,0.768366,0.454414,0.655117,0.000000,1.160518,0.498996,0.594331,0.588768,0.709869,0.659714,0.771848,0.446584,0.448851,0.643243,0.533586,0.000170,0.303206,0.477455,0.442899,0.503790,0.472978,0.256019,0.421591,0.187750,0.374377,0.495495,0.496856,0.568565,0.535934,0.166485,0.165502,0.166739,0.171330,0.278749,0.344164,0.229797,0.015564,0.538634,0.622087,0.419896,0.477893,0.533453,0.622665,0.497003,0.401605,0.619803,0.431145,0.529171,0.510102,0.529093,0.621163,0.389825,0.535646,0.518743,0.604011,0.456042,0.479477,0.410368,0.647472,0.179640,0.181332,0.570460,0.594143,0.327867,0.449125,0.311930,0.409685,0.352328,0.234863,0.105434,0.201595,0.396543,0.397700,0.290394,0.251578,0.528563,0.512950,0.557728,0.208832,0.397384,0.404927,0.375478,0.139594,0.432794,0.605123
0.465012,0.294488,0.290013,0.548460,0.939950,0.788649,0.422102,0.682727,1.160518,0.000000,0.547384,0.608772,0.593927,0.769175,0.720729,0.835431,0.442729,0.445192,0.680801,0.555125,-0.013984,0.313494,0.497305,0.527823,0.547922,0.558281,0.298304,0.563197,0.122624,0.335488,0.529213,0.554289,0.511956,0.529278,0.206304,0.171006,0.177990,0.183356,0.305589,0.385665,0.282307,-0.021456,0.573633,0.641548,0.481951,0.468251,0.569703,0.691187,0.485497,0.385211,0.660955,0.472088,0.602527,0.547649,0.603248,0.677632,0.372472,0.557678,0.518176,0.642386,0.450808,0.519617,0.383368,0.624954,0.153817,0.244558,0.617683,0.633438,0.287078,0.483878,0.365365,0.376875,0.350440,0.206117,0.104544,0.176225,0.411909,0.471675,0.301062,0.213941,0.533892,0.537086,0.575087,0.161235,0.423874,0.442721,0.389721,0.163324,0.460440,0.702739
0.954852,0.717299,0.737676,0.757171,0.670139,0.513850,0.768797,0.862262,0.498996,0.547384,0.000000,0.832210,0.912009,0.871118,0.811837,0.742873,0.591587,0.702196,0.992409,0.874466,-0.010333,0.307378,0.736072,0.637929,0.630157,0.536298,0.476883,0.441356,0.449172,0.567167,0.599297,0.670050,0.710425,0.743082,0.346929,0.315401,0.265391,0.226944,0.486707,0.553259,0.344222,0.055251,0.685155,0.674246,0.663531,0.658766,0.651880,0.698493,0.547855,0.442470,0.679113,0.471485,0.550455,0.538825,0.731480,0.826667,0.696676,0.859405,0.756351,0.748198,0.773654,0.750289,0.614649,0.813412,0.391080,0.415987,0.879720,0.763880,0.685610,0.703159,0.330646,0.317782,0.437943,0.233580,0.177473,0.201762,0.428204,0.525048,0.305995,0.347734,0.755848,0.761577,0.649972,0.336515,0.828956,0.757395,0.578234,0.409783,0.767863,0.881328
0.952496,0.819707,0.722377,0.933965,0.675582,0.719002,0.846265,1.130519,0.594331,0.608772,0.832210,0.000000,0.924947,1.094650,0.841664,0.886196,0.665237,0.867857,0.883923,0.962152,0.076931,0.292265,0.771691,0.772760,0.725890,0.575871,0.547962,0.409981,0.552046,0.701742,0.828799,0.883854,0.948614,0.948313,0.215251,0.321047,0.307673,0.214070,0.498710,0.560031,0.303868,-0.003347,0.926951,0.894588,0.747973,0.827068,0.948735,0.904808,0.836372,0.723672,0.993476,0.752382,0.828304,0.736653,0.878231,0.968236,0.829307,0.961806,0.890407,0.837187,0.753064,0.921436,0.641234,1.132237,0.296326,0.445039,0.913310,0.898452,0.687619,0.786042,0.402436,0.389571,0.500565,0.271184,0.198695,0.257557,0.451980,0.448938,0.394606,0.473581,0.959628,0.948000,0.810758,0.409940,0.788272,0.898093,0.501230,0.337988,0.755654,0.884591
1.043632,0.714763,0.863811,0.855612,0.643637,0.560028,0.948078,1.022564,0.588768,0.593927,0.912009,0.924947,0.000000,0.919570,0.911584,0.742671,0.568796,0.702855,0.975986,0.857966,0.037335,0.290062,0.841571,0.724695,0.622294,0.398327,0.442675,0.316162,0.452175,0.563135,0.578287,0.648480,0.713119,0.743455,0.338650,0.330873,0.286167,0.248374,0.490611,0.525331,0.310655,0.099155,0.695429,0.690013,0.637390,0.668844,0.714199,0.740179,0.627927,0.452409,0.769358,0.512684,0.622251,0.640428,0.725269,0.774457,0.700683,0.852023,0.770699,0.714586,0.978887,0.861459,0.591465,0.847948,0.424932,0.436837,0.820732,0.741939,0.625038,0.667578,0.326485,0.342980,0.439944,0.250584,0.158590,0.191539,0.435307,0.488077,0.277026,0.358108,0.747655,0.706562,0.729108,0.339235,0.784615,0.711151,0.529504,0.339529,0.818494,0.859581
0.873529,0.707249,0.708761,0.901087,0.773163,0.705251,0.832096,1.061666,0.709869,0.769175,0.871118,1.094650,0.919570,0.000000,0.886693,0.890437,0.650200,0.776460,0.927026,0.900454,0.047500,0.314850,0.810929,0.805301,0.706136,0.546388,0.480793,0.442894,0.442576,0.569464,0.738827,0.797872,0.847228,0.879135,0.285648,0.288047,0.278334,0.240234,0.496474,0.552107,0.331570,0.083619,0.861969,0.839331,0.706617,0.725866,0.839365,0.878622,0.743815,0.588675,0.935042,0.657678,0.770667,0.718358,0.902532,0.961906,0.725423,0.936441,0.824157,0.866353,0.796278,0.891047,0.627301,0.982692,0.340858,0.446119,0.908583,0.897203,0.636219,0.744476,0.406728,0.364043,0.456166,0.307545,0.179032,0.230554,0.458992,0.504897,0.320407,0.401429,0.846767,0.858813,0.789374,0.383500,0.772419,0.788557,0.555160,0.295051,0.779968,0.897269
0.776536,0.678775,0.613584,0.795383,0.772728,0.637834,0.680302,0.895661,0.659714,0.720729,0.811837,0.841664,0.911584,0.886693,0.000000,0.967562,0.617267,0.696943,0.919732,0.847408,-0.007698,0.310340,0.746941,0.710984,0.684870,0.544124,0.486599,0.464696,0.444303,0.591499,0.724909,0.796921,0.717790,0.760142,0.330407,0.290724,0.231395,0.225098,0.477734,0.577595,0.355001,0.048614,0.743784,0.765488,0.668144,0.723521,0.755131,0.769565,0.591325,0.509321,0.727700,0.533448,0.549637,0.554987,0.746825,0.857920,0.691019,0.931118,0.824042,0.800092,0.704979,0.778885,0.613414,0.881259,0.431552,0.407303,0.861538,0.826421,0.684282,0.766462,0.401225,0.311583,0.452120,0.216856,0.117238,0.205589,0.390579,0.484859,0.332078,0.352420,0.778505,0.830687,0.759601,0.364923,0.803273,0.765365,0.635583,0.451757,0.749207,0.913489
0.680935,0.607416,0.522114,0.827576,0.770859,0.776529,0.586636,0.876312,0.771848,0.835431,0.742873,0.886196,0.742671,0.890437,0.967562,0.000000,0.639822,0.748177,0.870861,0.840220,0.031447,0.332301,0.727007,0.745958,0.751153,0.662132,0.477436,0.557301,0.397204,0.642120,0.814612,0.839239,0.796752,0.770986,0.273659,0.307595,0.231934,0.220316,0.532641,0.595882,0.334316,-0.005966,0.836681,0.786637,0.664708,0.735385,0.799857,0.851566,0.654800,0.567933,0.770959,0.507934,0.606601,0.552589,0.795526,0.880681,0.670736,0.862389,0.800261,0.844689,0.621558,0.747425,0.609677,0.945267,0.379904,0.386256,0.862316,0.855223,0.622114,0.781483,0.426995,0.388095,0.504737,0.225213,0.157786,0.272404,0.424699,0.516318,0.399030,0.387859,0.868330,0.907658,0.811100,0.392364,0.736080,0.774371,0.640469,0.444351,0.694018,0.923023
0.608264,0.595129,0.478897,0.590885,0.548008,0.523567,0.519500,0.659005,0.446584,0.442729,0.591587,0.665237,0.568796,0.650200,0.617267,0.639822,0.000000,0.727965,0.640017,0.684028,0.090776,0.203158,0.571365,0.502773,0.584394,0.382738,0.446500,0.394032,0.514515,0.606998,0.704729,0.620870,0.683466,0.691021,0.134157,0.174285,0.204719,0.244509,0.480795,0.542042,0.348085,0.192571,0.650633,0.681354,0.541166,0.696346,0.679658,0.662790,0.617368,0.489229,0.625468,0.456682,0.487244,0.461050,0.566903,0.628883,0.687792,0.676848,0.658827,0.577120,0.536734,0.572522,0.595110,0.736751,0.320998,0.294954,0.622422,0.639195,0.586245,0.562348,0.201627,0.271273,0.371375,0.188459,0.135685,0.176668,0.378454,0.365437,0.412908,0.487676,0.817541,0.773346,0.692643,0.462652,0.670455,0.658859,0.448417,0.300156,0.489619,0.620351
0.732033,0.837816,0.606371,0.706995,0.504706,0.565710,0.630134,0.753166,0.448851,0.445192,0.702196,0.867857,0.702855,0.776460,0.696943,0.748177,0.727965,0.000000,0.808023,0.885956,0.117504,0.266733,0.594469,0.558698,0.649402,0.476716,0.464596,0.400618,0.540202,0.758482,0.777138,0.791706,0.848694,0.819249,0.174627,0.234490,0.232206,0.195282,0.552984,0.597813,0.391897,0.111304,0.712382,0.718758,0.570190,0.695046,0.740397,0.636787,0.615900,0.531856,0.674669,0.471609,0.532707,0.474464,0.694248,0.769154,0.889853,0.926036,0.820319,0.692013,0.662479,0.720679,0.653284,0.945077,0.395507,0.326699,0.693224,0.671048,0.730566,0.678674,0.232681,0.274189,0.388254,0.235733,0.123574,0.310805,0.392373,0.435204,0.412254,0.506742,0.943943,1.016516,0.789860,0.565539,0.757906,0.796122,0.620167,0.436901,0.591853,0.723269
1.014819,0.842124,0.823803,0.931123,0.768091,0.646888,0.829512,0.979276,0.643243,0.680801,0.992409,0.883923,0.975986,0.927026,0.919732,0.870861,0.640017,0.808023,0.000000,1.224997,-0.008342,0.319452,0.863577,0.728218,0.730879,0.531288,0.510390,0.446794,0.415362,0.623101,0.754595,0.798981,0.827097,0.872592,0.293467,0.307638,0.295831,0.257616,0.576610,0.595465,0.409307,0.080469,0.811821,0.840257,0.732200,0.765460,0.797606,0.866922,0.641501,0.526967,0.809481,0.567287,0.644326,0.673886,0.866352,0.956374,0.824235,1.089123,0.915040,0.890851,0.809380,0.813816,0.703451,1.001309,0.429290,0.407533,0.997203,0.882309,0.823571,0.893440,0.337780,0.318696,0.493790,0.313198,0.135610,0.205741,0.548289,0.599528,0.344686,0.394107,0.921706,0.944299,0.808151,0.363885,0.868974,0.815566,0.657499,0.385817,0.796420,0.986628
1.043931,0.981472,0.802160,0.974360,0.663733,0.675112,0.793595,1.023904,0.533586,0.555125,0.874466,0.962152,0.857966,0.900454,0.847408,0.840220,0.684028,0.885956,1.224997,0.000000,0.045314,0.273400,0.861378,0.784003,0.775577,0.517137,0.580832,0.462637,0.509919,0.667002,0.808456,0.853623,0.871785,0.993248,0.286366,0.317173,0.337893,0.277519,0.543462,0.607488,0.385669,0.115989,0.868396,0.909720,0.778481,0.829024,0.904580,0.901048,0.674589,0.523986,0.829658,0.613676,0.698833,0.699980,0.859804,0.886312,0.954304,1.208867,1.049092,0.882312,0.765885,0.825053,0.695500,1.113639,0.393316,0.420464,1.097666,0.930520,1.029249,1.009943,0.346176,0.336744,0.487791,0.298870,0.156610,0.136983,0.469078,0.445706,0.343967,0.424470,1.022807,1.010811,0.810940,0.394245,0.889085,0.846642,0.610627,0.423736,0.814270,0.969729
0.081802,0.023730,0.086973,0.113247,0.059851,0.116109,0.070365,0.092143,0.000170,-0.013984,-0.010333,0.076931,0.037335,0.047500,-0.007698,0.031447,0.090776,0.117504,-0.008342,0.045314,0.000000,0.074297,0.052320,0.089703,0.120830,0.012798,0.227272,0.066151,0.101923,0.151389,0.112867,0.094111,0.156290,0.060797,-0.054958,0.026822,-0.038533,-0.038774,0.138220,0.106691,0.032846,0.081839,0.035388,0.073063,-0.001904,0.061353,0.090510,0.099349,0.096349,0.040837,0.129344,0.117418,0.041227,0.084132,-0.046443,-0.045292,0.035802,0.033901,0.066930,-0.002920,0.042625,0.036909,0.115350,0.118070,0.143844,0.080220,0.053382,0.078901,0.074860,0.053990,0.012000,0.149056,0.010939,0.049070,0.088003,0.008526,0.001194,-0.015021,0.010245,0.183757,0.168204,0.138769,0.191559,0.171341,0.135144,0.104458,-0.004969,-0.035483,0.020099,-0.000661
0.224052,0.195170,0.206783,0.283196,0.302538,0.282387,0.214362,0.286203,0.303206,0.313494,0.307378,0.292265,0.290062,0.314850,0.310340,0.332301,0.203158,0.266733,0.319452,0.273400,0.074297,0.000000,0.263107,0.268004,0.237494,0.291427,0.209696,0.252840,0.121771,0.315430,0.321557,0.324330,0.358573,0.253562,0.115436,0.143504,0.019791,0.017349,0.165509,0.257148,0.116581,-0.116191,0.308101,0.309406,0.242147,0.310760,0.296706,0.357776,0.250078,0.203959,0.257928,0.174635,0.266777,0.257302,0.278037,0.325782,0.204047,0.336852,0.290697,0.286402,0.210348,0.227345,0.280298,0.359349,0.100527,0.041673,0.317258,0.292588,0.235430,0.336987,0.270564,0.201220,0.195871,0.077483,0.018822,0.225854,0.172257,0.229300,0.084962,0.128283,0.354469,0.315199,0.292571,0.103388,0.223545,0.200672,0.173018,0.135700,0.276897,0.335501
0.862625,0.632031,0.990541,1.052621,0.550823,0.545861,0.959611,1.026898,0.477455,0.497305,0.736072,0.771691,0.841571,0.810929,0.746941,0.727007,0.571365,0.594469,0.863577,0.861378,0.052320,0.263107,0.000000,1.098732,0.727323,0.398842,0.399681,0.306712,0.495361,0.513656,0.600778,0.650378,0.775092,0.836913,0.364435,0.299544,0.235583,0.224679,0.424650,0.440121,0.220230,0.078684,0.737219,0.728904,0.667475,0.618560,0.784475,0.799880,0.649648,0.469936,0.785941,0.539523,0.673547,0.766277,0.710705,0.689239,0.609521,0.770745,0.664487,0.658215,0.784211,0.766835,0.514708,0.789315,0.540615,0.512003,0.835660,0.850028,0.635196,0.679383,0.324766,0.360311,0.441646,0.224681,0.210319,0.190737,0.473418,0.379236,0.304804,0.401670,0.746847,0.796757,0.717437,0.302058,0.880172,0.760119,0.485882,0.299240,0.780452,0.797139
0.697549,0.513093,0.757430,1.062202,0.533907,0.552190,0.814705,0.997433,0.442899,0.527823,0.637929,0.772760,0.724695,0.805301,0.710984,0.745958,0.502773,0.558698,0.728218,0.784003,0.089703,0.268004,1.098732,0.000000,0.715863,0.459384,0.486258,0.384534,0.421079,0.514427,0.655968,0.684849,0.686478,0.775200,0.341564,0.293693,0.223125,0.183292,0.422094,0.461105,0.252431,0.091665,0.769943,0.736664,0.648272,0.606322,0.818684,0.825485,0.663219,0.465002,0.786603,0.599147,0.709260,0.747997,0.716095,0.692934,0.541735,0.723108,0.604095,0.648550,0.652815,0.809625,0.482077,0.777264,0.450686,0.583695,0.748850,0.825445,0.540948,0.653153,0.359260,0.325518,0.427101,0.187885,0.206202,0.171440,0.417869,0.360821,0.288836,0.382806,0.725707,0.787920,0.729330,0.317362,0.753180,0.807584,0.444990,0.286191,0.670812,0.835795
0.649948,0.596589,0.557176,0.763061,0.586316,0.642039,0.610989,0.741646,0.503790,0.547922,0.630157,0.725890,0.622294,0.706136,0.684870,0.751153,0.584394,0.649402,0.730879,0.775577,0.120830,0.237494,0.727323,0.715863,0.000000,0.448385,0.637871,0.423463,0.371365,0.548047,0.776967,0.750837,0.702495,0.738537,0.259107,0.238493,0.242623,0.207840,0.616408,0.611015,0.393864,0.156368,0.623158,0.629657,0.584266,0.582611,0.660146,0.667569,0.600689,0.380396,0.755080,0.560929,0.476826,0.527774,0.631726,0.614206,0.609599,0.753675,0.701097,0.648001,0.548538,0.644376,0.500833,0.711134,0.504109,0.515349,0.778815,0.790797,0.698465,0.725562,0.283547,0.349532,0.388271,0.132465,0.148045,0.170150,0.422664,0.365535,0.328510,0.467596,0.803028,0.824571,0.835642,0.485588,0.833419,0.864552,0.609377,0.443441,0.672152,0.723996
0.351358,0.334314,0.267663,0.438050,0.591622,0.526618,0.316254,0.477201,0.472978,0.558281,0.536298,0.575871,0.398327,0.546388,0.544124,0.662132,0.382738,0.476716,0.531288,0.517137,0.012798,0.291427,0.398842,0.459384,0.448385,0.000000,0.465825,0.605514,0.246236,0.409964,0.590738,0.549619,0.530171,0.483123,0.194872,0.206856,0.212442,0.133095,0.340211,0.400602,0.283665,-0.078553,0.532053,0.537943,0.509119,0.475061,0.520507,0.544186,0.393267,0.343336,0.538895,0.382256,0.445995,0.417581,0.568408,0.640750,0.366927,0.537370,0.520444,0.547851,0.351293,0.408447,0.419976,0.583191,0.184030,0.222533,0.567107,0.554684,0.337605,0.480145,0.335937,0.288686,0.345465,0.160435,0.073511,0.225844,0.274900,0.374659,0.299985,0.265879,0.592665,0.597027,0.527461,0.199570,0.492010,0.496320,0.348284,0.180805,0.436855,0.575467
0.488918,0.431561,0.401891,0.545338,0.484843,0.520821,0.436657,0.550669,0.256019,0.298304,0.476883,0.547962,0.442675,0.480793,0.486599,0.477436,0.446500,0.464596,0.510390,0.580832,0.227272,0.209696,0.399681,0.486258,0.637871,0.465825,0.000000,0.433035,0.304990,0.429768,0.617000,0.580731,0.479190,0.551483,0.152602,0.173949,0.213811,0.153619,0.407808,0.462869,0.354500,0.167945,0.472463,0.527560,0.517596,0.544460,0.509872,0.568791,0.411306,0.301139,0.489999,0.474742,0.331333,0.400887,0.387064,0.444522,0.463053,0.588184,0.600246,0.457767,0.391432,0.482446,0.407681,0.552851,0.372282,0.411084,0.615627,0.568609,0.527553,0.584251,0.259441,0.321905,0.319519,0.149156,0.084945,-0.022269,0.265773,0.243192,0.138698,0.409800,0.678889,0.609763,0.608353,0.404241,0.623148,0.630708,0.390106,0.357320,0.443802,0.559174
0.278862,0.248288,0.179276,0.352220,0.604574,0.470175,0.249459,0.385988,0.421591,0.563197,0.441356,0.409981,0.316162,0.442894,0.464696,0.557301,0.394032,0.400618,0.446794,0.462637,0.066151,0.252840,0.306712,0.384534,0.423463,0.605514,0.433035,0.000000,0.116308,0.338356,0.560500,0.491621,0.364789,0.376665,0.133796,0.121728,0.183821,0.122455,0.286419,0.381833,0.304779,-0.046298,0.491445,0.488047,0.541867,0.452094,0.481096,0.537100,0.353647,0.299189,0.455255,0.299658,0.360334,0.317351,0.444753,0.494008,0.296524,0.441109,0.392306,0.472675,0.256736,0.305960,0.314166,0.466069,0.110007,0.212315,0.521877,0.506693,0.232344,0.364080,0.306620,0.346258,0.317486,0.128166,-0.075094,0.132548,0.306454,0.376011,0.249489,0.236624,0.481850,0.463014,0.412221,0.155550,0.393678,0.416145,0.242419,0.196486,0.370273,0.522638
0.503823,0.555394,0.512150,0.473404,0.233586,0.326073,0.509418,0.574865,0.187750,0.122624,0.449172,0.552046,0.452175,0.442576,0.444303,0.397204,0.514515,0.540202,0.415362,0.509919,0.101923,0.121771,0.495361,0.421079,0.371365,0.246236,0.304990,0.116308,0.000000,0.556326,0.510839,0.509353,0.551378,0.602809,0.147430,0.234316,0.181946,0.060997,0.236138,0.348668,0.081940,0.013236,0.528215,0.520546,0.454164,0.539994,0.569335,0.450602,0.484228,0.410639,0.461063,0.342779,0.408323,0.348147,0.415257,0.396792,0.584321,0.510692,0.511829,0.353897,0.495752,0.489580,0.420664,0.535545,0.307240,0.267841,0.453496,0.467473,0.472702,0.423105,0.242518,0.212058,0.262585,0.094460,0.164695,0.187177,0.261056,0.217099,0.308349,0.423707,0.632101,0.563720,0.458063,0.379220,0.541446,0.518370,0.287691,0.228438,0.359714,0.408402
0.573351,0.579501,0.527909,0.625617,0.420864,0.466034,0.482070,0.624684,0.374377,0.335488,0.567167,0.701742,0.563135,0.569464,0.591499,0.642120,0.606998,0.758482,0.623101,0.667002,0.151389,0.315430,0.513656,0.514427,0.548047,0.409964,0.429768,0.338356,0.556326,0.000000,0.770734,0.705578,0.775713,0.697564,0.149847,0.212317,0.177849,0.159196,0.488621,0.628743,0.301387,-0.057693,0.644476,0.669817,0.551245,0.701861,0.752470,0.652613,0.605309,0.492502,0.605865,0.430180,0.522113,0.419027,0.575852,0.637160,0.627522,0.698808,0.669466,0.593788,0.531201,0.563469,0.628286,0.809443,0.316200,0.277021,0.615042,0.663940,0.589950,0.616315,0.331697,0.302146,0.345299,0.109107,0.157338,0.321257,0.349317,0.385803,0.428300,0.499017,0.907464,0.880700,0.677925,0.524686,0.643049,0.722650,0.492396,0.397512,0.518686,0.609175
0.542328,0.564784,0.434964,0.658132,0.632671,0.626980,0.524074,0.732645,0.495495,0.529213,0.599297,0.828799,0.578287,0.738827,0.724909,0.814612,0.704729,0.777138,0.754595,0.808456,0.112867,0.321557,0.600778,0.655968,0.776967,0.590738,0.617000,0.560500,0.510839,0.770734,0.000000,1.029335,0.859255,0.777273,0.136064,0.209210,0.226790,0.229329,0.611345,0.713056,0.469338,0.013492,0.832224,0.879576,0.701008,0.842949,0.874388,0.879892,0.689367,0.593711,0.761474,0.568500,0.622425,0.581203,0.708514,0.762774,0.632818,0.783707,0.671659,0.705985,0.461566,0.585109,0.547401,0.893331,0.240584,0.259388,0.710748,0.784881,0.556927,0.713131,0.358099,0.383657,0.424715,0.124950,0.125768,0.256638,0.437627,0.524115,0.417966,0.543032,1.033895,0.987011,0.920337,0.508362,0.635944,0.709412,0.484309,0.319632,0.498750,0.682485
0.607810,0.709801,0.507747,0.735717,0.624636,0.632226,0.533657,0.822083,0.496856,0.554289,0.670050,0.883854,0.648480,0.797872,0.796921,0.839239,0.620870,0.791706,0.798981,0.853623,0.094111,0.324330,0.650378,0.684849,0.750837,0.549619,0.580731,0.491621,0.509353,0.705578,1.029335,0.000000,0.794621,0.842515,0.203222,0.312454,0.225063,0.180233,0.520424,0.673015,0.351012,-0.027474,0.876175,0.874873,0.724389,0.847360,0.896359,0.891073,0.712810,0.587581,0.760964,0.562409,0.622947,0.538959,0.821770,0.839818,0.739771,0.919779,0.780687,0.817074,0.516939,0.688088,0.564244,0.905722,0.257500,0.330466,0.817932,0.859272,0.667208,0.794073,0.401158,0.364199,0.449338,0.191151,0.106434,0.240698,0.436619,0.494430,0.410272,0.429052,0.966084,0.977346,0.815676,0.457437,0.701707,0.762285,0.573861,0.445895,0.666468,0.845035
0.799529,0.758564,0.667649,0.866816,0.636716,0.640965,0.744475,0.908831,0.568565,0.511956,0.710425,0.948614,0.713119,0.847228,0.717790,0.796752,0.683466,0.848694,0.827097,0.871785,0.156290,0.358573,0.775092,0.686478,0.702495,0.530171,0.479190,0.364789,0.551378,0.775713,0.859255,0.794621,0.000000,1.006665,0.200084,0.251817,0.217370,0.171060,0.610671,0.587020,0.320272,0.077013,0.809029,0.843126,0.663525,0.800301,0.872230,0.773002,0.784139,0.608792,0.893947,0.659020,0.665757,0.642679,0.681460,0.776974,0.815494,0.898390,0.793565,0.700639,0.709545,0.749500,0.712139,1.028049,0.401291,0.350462,0.784896,0.817621,0.746344,0.710640,0.278336,0.367762,0.464074,0.223820,0.210147,0.305980,0.463882,0.424605,0.415967,0.525950,0.983859,0.961659,0.827587,0.500500,0.812671,0.797245,0.489032,0.253687,0.594543,0.653979
0.840728,0.845118,0.756069,0.966771,0.621251,0.672391,0.765747,1.011248,0.535934,0.529278,0.743082,0.948313,0.743455,0.879135,0.760142,0.770986,0.691021,0.819249,0.872592,0.993248,0.060797,0.253562,0.836913,0.775200,0.738537,0.483123,0.551483,0.376665,0.602809,0.697564,0.777273,0.842515,1.006665,0.000000,0.283393,0.261142,0.276980,0.212115,0.520009,0.566807,0.337417,0.111264,0.886219,0.893279,0.720884,0.839904,0.921470,0.811961,0.740769,0.616696,0.859864,0.651852,0.681172,0.633247,0.754839,0.784510,0.980415,1.011499,0.876662,0.734455,0.731557,0.802050,0.645201,1.004534,0.400642,0.436280,0.853318,0.872264,0.833225,0.787794,0.278250,0.348742,0.441829,0.287517,0.180774,0.200989,0.390792,0.391232,0.354408,0.479796,0.947232,0.952404,0.780383,0.456250,0.830295,0.864433,0.527348,0.360003,0.674695,0.751991
0.309708,0.232649,0.361022,0.399639,0.215454,0.183564,0.304836,0.304370,0.166485,0.206304,0.346929,0.215251,0.338650,0.285648,0.330407,0.273659,0.134157,0.174627,0.293467,0.286366,-0.054958,0.115436,0.364435,0.341564,0.259107,0.194872,0.152602,0.133796,0.147430,0.149847,0.136064,0.203222,0.200084,0.283393,0.000000,0.229143,0.125212,0.084831,0.148883,0.168510,0.020458,-0.007183,0.228546,0.187181,0.294201,0.197050,0.210223,0.246105,0.211556,0.113028,0.275112,0.156211,0.211298,0.153643,0.299848,0.264923,0.205157,0.328744,0.326502,0.301675,0.354437,0.320749,0.207876,0.237067,0.306232,0.309202,0.415165,0.364007,0.264093,0.300797,0.132560,0.103863,0.178788,0.112897,0.128989,0.071691,0.131850,0.174981,0.058583,0.120981,0.206157,0.247307,0.166119,0.091177,0.388317,0.341199,0.249117,0.202024,0.364143,0.356855
0.300828,0.290034,0.330457,0.356624,0.216714,0.211113,0.288089,0.337756,0.165502,0.171006,0.315401,0.321047,0.330873,0.288047,0.290724,0.307595,0.174285,0.234490,0.307638,0.317173,0.026822,0.143504,0.299544,0.293693,0.238493,0.206856,0.173949,0.121728,0.234316,0.212317,0.209210,0.312454,0.251817,0.261142,0.229143,0.000000,0.076529,0.066358,0.159814,0.187528,-0.007151,-0.064939,0.284187,0.255279,0.312253,0.299058,0.280292,0.310319,0.247657,0.224687,0.297730,0.215608,0.253008,0.205736,0.353690,0.331865,0.266439,0.357545,0.363724,0.320991,0.295550,0.327828,0.200759,0.313323,0.169500,0.231548,0.404926,0.378001,0.269598,0.363956,0.191171,0.154318,0.158584,0.119326,-0.005341,0.096519,0.212590,0.256401,0.127310,0.134219,0.274887,0.286338,0.189567,0.053759,0.303918,0.349748,0.224042,0.222324,0.357947,0.391403
0.345924,0.282168,0.268502,0.264690,0.251367,0.234707,0.268076,0.282407,0.166739,0.177990,0.265391,0.307673,0.286167,0.278334,0.231395,0.231934,0.204719,0.232206,0.295831,0.337893,-0.038533,0.019791,0.235583,0.223125,0.242623,0.212442,0.213811,0.183821,0.181946,0.177849,0.226790,0.225063,0.217370,0.276980,0.125212,0.076529,0.000000,0.167262,0.194531,0.127113,0.255907,0.014286,0.304341,0.281717,0.295745,0.290756,0.312074,0.324085,0.254271,0.204806,0.278023,0.194351,0.257855,0.210872,0.251288,0.259925,0.280609,0.302990,0.305665,0.271443,0.261204,0.227474,0.191847,0.278910,0.135178,0.119439,0.318016,0.295424,0.276666,0.262908,0.165289,0.133532,0.254972,0.079670,0.029360,0.010481,0.204828,0.197016,0.047863,0.115291,0.305041,0.249743,0.256514,0.101763,0.288627,0.263230,0.176746,0.136640,0.275381,0.288112
0.231076,0.241658,0.190961,0.243165,0.221128,0.109370,0.213008,0.216770,0.171330,0.183356,0.226944,0.214070,0.248374,0.240234,0.225098,0.220316,0.244509,0.195282,0.257616,0.277519,-0.038774,0.017349,0.224679,0.183292,0.207840,0.133095,0.153619,0.122455,0.060997,0.159196,0.229329,0.180233,0.171060,0.212115,0.084831,0.066358,0.167262,0.000000,0.224886,0.293231,0.236904,0.240270,0.216710,0.206604,0.189458,0.200818,0.206284,0.241702,0.186418,0.140875,0.207843,0.235555,0.189493,0.222546,0.238451,0.270452,0.235799,0.268521,0.253963,0.257701,0.155479,0.171543,0.152013,0.243394,0.079535,0.134405,0.240933,0.238669,0.203122,0.202990,0.082737,0.171547,0.149203,0.150462,0.085748,-0.043452,0.184641,0.227536,0.073497,0.105584,0.245706,0.257558,0.258687,0.129833,0.193458,0.256285,0.188493,0.115816,0.242278,0.259917
0.513748,0.536049,0.401834,0.532170,0.376543,0.343225,0.392046,0.446413,0.278749,0.305589,0.486707,0.498710,0.490611,0.496474,0.477734,0.532641,0.480795,0.552984,0.576610,0.543462,0.138220,0.165509,0.424650,0.422094,0.616408,0.340211,0.407808,0.286419,0.236138,0.488621,0.611345,0.520424,0.610671,0.520009,0.148883,0.159814,0.194531,0.224886,0.000000,0.682347,0.571181,0.225095,0.445034,0.436939,0.368502,0.489273,0.481858,0.450846,0.465285,0.327817,0.551351,0.402302,0.355164,0.341680,0.565215,0.501324,0.580896,0.574222,0.516344,0.526625,0.484937,0.514319,0.518671,0.538789,0.377472,0.371863,0.457501,0.530362,0.546977,0.473994,0.103921,0.175790,0.260604,0.126613,0.164987,0.209170,0.367905,0.409996,0.275538,0.361454,0.621728,0.673073,0.733864,0.637713,0.565811,0.648846,0.533956,0.324788,0.420694,0.480012
0.529833,0.552245,0.406204,0.553309,0.441235,0.370091,0.403331,0.506577,0.344164,0.385665,0.553259,0.560031,0.525331,0.552107,0.577595,0.595882,0.542042,0.597813,0.595465,0.607488,0.106691,0.257148,0.440121,0.461105,0.611015,0.400602,0.462869,0.381833,0.348668,0.628743,0.713056,0.673015,0.587020,0.566807,0.168510,0.187528,0.127113,0.293231,0.682347,0.000000,0.492411,0.089049,0.518074,0.538543,0.508743,0.602768,0.583229,0.556945,0.499683,0.389802,0.567140,0.418630,0.419547,0.351706,0.617159,0.649957,0.582376,0.685693,0.646954,0.669280,0.469027,0.580701,0.543962,0.631460,0.310958,0.349471,0.630724,0.641924,0.600948,0.599160,0.206064,0.278530,0.314546,0.062520,0.161160,0.264128,0.338344,0.420516,0.323844,0.405618,0.752052,0.781457,0.710643,0.592354,0.630436,0.739153,0.607940,0.474652,0.545059,0.655323
0.304091,0.309424,0.225747,0.271066,0.339498,0.269798,0.232475,0.245078,0.229797,0.282307,0.344222,0.303868,0.310655,0.331570,0.355001,0.334316,0.348085,0.391897,0.409307,0.385669,0.032846,0.116581,0.220230,0.252431,0.393864,0.283665,0.354500,0.304779,0.081940,0.301387,0.469338,0.351012,0.320272,0.337417,0.020458,-0.007151,0.255907,0.236904,0.571181,0.492411,0.000000,0.297787,0.323817,0.376972,0.238063,0.372893,0.347287,0.369664,0.312402,0.208872,0.375875,0.356388,0.248147,0.281508,0.369726,0.346750,0.325168,0.372304,0.337415,0.370396,0.270322,0.291933,0.299106,0.369179,0.194997,0.166182,0.305103,0.311011,0.307500,0.318416,0.085360,0.113197,0.201947,0.043821,0.082989,0.040184,0.259191,0.357826,0.166548,0.229798,0.417464,0.472876,0.479949,0.439862,0.374002,0.354220,0.330975,0.189371,0.233616,0.325975
0.123089,0.103697,0.124064,0.111792,0.021217,0.052502,0.171250,0.083763,0.015564,-0.021456,0.055251,-0.003347,0.099155,0.083619,0.048614,-0.005966,0.192571,0.111304,0.080469,0.115989,0.081839,-0.116191,0.078684,0.091665,0.156368,-0.078553,0.167945,-0.046298,0.013236,-0.057693,0.013492,-0.027474,0.077013,0.111264,-0.007183,-0.064939,0.014286,0.240270,0.225095,0.089049,0.297787,0.000000,-0.020395,0.026317,-0.054407,0.025122,-0.040231,-0.005147,0.062890,-0.138584,0.076207,0.094689,-0.059197,0.105203,0.016933,-0.056625,0.139785,0.040674,0.082084,-0.011895,0.142158,0.075584,0.107667,0.027485,0.270264,0.189642,0.011253,0.028087,0.141407,0.002643,-0.169064,-0.036293,-0.029699,0.216921,0.102389,-0.232822,0.038518,-0.024900,-0.115722,0.046810,0.055917,0.107003,0.207943,0.283949,0.125688,0.130983,0.120701,0.000115,0.001944,-0.024247
0.715164,0.661105,0.578515,0.851770,0.635048,0.648154,0.649520,0.909147,0.538634,0.573633,0.685155,0.926951,0.695429,0.861969,0.743784,0.836681,0.650633,0.712382,0.811821,0.868396,0.035388,0.308101,0.737219,0.769943,0.623158,0.532053,0.472463,0.491445,0.528215,0.644476,0.832224,0.876175,0.809029,0.886219,0.228546,0.284187,0.304341,0.216710,0.445034,0.518074,0.323817,-0.020395,0.000000,1.389439,1.010270,1.199532,1.427156,1.260681,1.061354,1.024796,1.129719,0.880370,1.067887,0.858257,1.018141,1.029262,0.788721,0.969220,0.836709,0.993509,0.608559,0.768816,0.663520,1.057406,0.222972,0.352764,0.950542,1.036301,0.598809,0.802779,0.386837,0.347867,0.518724,0.284018,0.137791,0.230784,0.480275,0.502387,0.424032,0.388848,0.957096,0.880916,0.741099,0.307726,0.713507,0.743264,0.461149,0.285083,0.661420,0.845879
0.752752,0.635335,0.581075,0.830021,0.723087,0.716032,0.655412,0.927201,0.622087,0.641548,0.674246,0.894588,0.690013,0.839331,0.765488,0.786637,0.681354,0.718758,0.840257,0.909720,0.073063,0.309406,0.728904,0.736664,0.629657,0.537943,0.527560,0.488047,0.520546,0.669817,0.879576,0.874873,0.843126,0.893279,0.187181,0.255279,0.281717,0.206604,0.436939,0.538543,0.376972,0.026317,1.389439,0.000000,0.944866,1.188814,1.321104,1.385532,1.002607,0.936375,1.153528,0.932092,1.040294,0.904467,0.892541,0.970224,0.741577,0.988563,0.888020,0.971164,0.625254,0.733643,0.641598,1.087633,0.228060,0.328770,0.975509,1.104341,0.607670,0.788625,0.392678,0.377633,0.503030,0.231261,0.172101,0.207202,0.481102,0.473641,0.406507,0.409355,1.021024,0.941378,0.811077,0.377364,0.722128,0.716526,0.452310,0.230887,0.635283,0.814697
0.724501,0.616399,0.556996,0.758622,0.591378,0.523201,0.595727,0.784953,0.419896,0.481951,0.663531,0.747973,0.637390,0.706617,0.668144,0.664708,0.541166,0.570190,0.732200,0.778481,-0.001904,0.242147,0.667475,0.648272,0.584266,0.509119,0.517596,0.541867,0.454164,0.551245,0.701008,0.724389,0.663525,0.720884,0.294201,0.312253,0.295745,0.189458,0.368502,0.508743,0.238063,-0.054407,1.010270,0.944866,0.000000,1.049556,0.951654,0.967242,0.816539,0.685682,0.874980,0.660540,0.765142,0.636857,0.756295,0.791100,0.670167,0.848879,0.778677,0.815866,0.595041,0.682079,0.552263,0.810610,0.278845,0.384537,0.955033,0.936952,0.535818,0.690355,0.400360,0.321031,0.484164,0.192771,0.088851,0.159442,0.451004,0.451625,0.278944,0.385943,0.807255,0.724242,0.601136,0.239121,0.727314,0.736865,0.395187,0.300941,0.686556,0.755482
0.718220,0.732077,0.566241,0.757663,0.605998,0.574703,0.599310,0.839658,0.477893,0.468251,0.658766,0.827068,0.668844,0.725866,0.723521,0.735385,0.696346,0.695046,0.765460,0.829024,0.061353,0.310760,0.618560,0.606322,0.582611,0.475061,0.544460,0.452094,0.539994,0.701861,0.842949,0.847360,0.800301,0.839904,0.197050,0.299058,0.290756,0.200818,0.489273,0.602768,0.372893,0.025122,1.199532,1.188814,1.049556,0.000000,1.105778,1.065959,0.944128,0.891954,0.904473,0.720093,0.795435,0.670157,0.795994,0.885444,0.819267,0.979486,0.874379,0.892375,0.606563,0.727923,0.650340,0.998298,0.230397,0.314308,0.879690,0.916110,0.664186,0.773347,0.339143,0.371058,0.497059,0.195314,0.152637,0.167394,0.442699,0.475001,0.371740,0.469444,0.959512,0.882175,0.710065,0.416509,0.716329,0.739880,0.491891,0.353845,0.687595,0.774698
0.733974,0.630026,0.622243,0.880102,0.644967,0.658295,0.686900,0.918956,0.533453,0.569703,0.651880,0.948735,0.714199,0.839365,0.755131,0.799857,0.679658,0.740397,0.797606,0.904580,0.090510,0.296706,0.784475,0.818684,0.660146,0.520507,0.509872,0.481096,0.569335,0.752470,0.874388,0.896359,0.872230,0.921470,0.210223,0.280292,0.312074,0.206284,0.481858,0.583229,0.347287,-0.040231,1.427156,1.321104,0.951654,1.105778,0.000000,1.255211,1.016109,0.938640,1.133736,0.880585,1.107185,0.885451,0.919763,0.961217,0.755884,0.945253,0.823916,0.882356,0.648755,0.769958,0.640008,1.076410,0.286174,0.376457,0.938985,1.069191,0.619808,0.800794,0.386882,0.356271,0.487986,0.214260,0.181817,0.228488,0.509497,0.482564,0.442957,0.433516,1.077380,0.964873,0.810847,0.361427,0.771544,0.801350,0.461802,0.278276,0.648887,0.828874
0.754474,0.558785,0.607965,0.891269,0.791201,0.750762,0.680583,0.961691,0.622665,0.691187,0.698493,0.904808,0.740179,0.878622,0.769565,0.851566,0.662790,0.636787,0.866922,0.901048,0.099349,0.357776,0.799880,0.825485,0.667569,0.544186,0.568791,0.537100,0.450602,0.652613,0.879892,0.891073,0.773002,0.811961,0.246105,0.310319,0.324085,0.241702,0.450846,0.556945,0.369664,-0.005147,1.260681,1.385532,0.967242,1.065959,1.255211,0.000000,0.915642,0.820364,1.115943,0.841356,1.065754,0.975564,0.933979,0.972552,0.624956,0.920393,0.859070,0.977466,0.617865,0.719021,0.618401,1.077241,0.207926,0.321370,1.090582,1.231418,0.585330,0.858258,0.476771,0.426978,0.555036,0.238231,0.169052,0.181979,0.539195,0.503941,0.338919,0.375750,1.022125,0.903955,0.799957,0.273383,0.708238,0.716797,0.431195,0.225076,0.697720,0.925197
0.689244,0.599037,0.553843,0.787775,0.546411,0.548365,0.588774,0.778863,0.497003,0.485497,0.547855,0.836372,0.627927,0.743815,0.591325,0.654800,0.617368,0.615900,0.641501,0.674589,0.096349,0.250078,0.649648,0.663219,0.600689,0.393267,0.411306,0.353647,0.484228,0.605309,0.689367,0.712810,0.784139,0.740769,0.211556,0.247657,0.254271,0.186418,0.465285,0.499683,0.312402,0.062890,1.061354,1.002607,0.816539,0.944128,1.016109,0.915642,0.000000,0.874347,1.129839,0.907720,0.938146,0.743664,0.815629,0.850663,0.691131,0.801360,0.777606,0.820506,0.605066,0.714239,0.589281,0.891504,0.246722,0.364389,0.778551,0.890761,0.530979,0.643411,0.295077,0.318066,0.427360,0.226060,0.164267,0.225552,0.442570,0.400229,0.414460,0.438802,0.822342,0.773903,0.662440,0.383482,0.648013,0.746418,0.418388,0.274496,0.601556,0.667015
