0.000000,0.966473,0.494104,0.255359,0.044277,-0.010572,0.479750,0.334972,0.034474,-0.091936,0.225942,0.203932,0.127701,0.035965,0.054007,-0.026247,0.152938,0.286016,0.754650,0.755564,0.017292,0.240147,0.221541,0.150636,0.069040,0.145866,0.135688,0.096350,0.186950,0.033115,0.037488,0.126068,0.602697,0.509502,0.291765,0.254964,0.146099,0.009926,-0.237473,-0.093088,0.362810,0.161167,0.481006,0.377891,0.358875,0.389589,0.418938,0.496961,0.446042,0.442263,0.520670,0.481533,0.348139,0.582441,0.287347,0.322250,0.976522,0.692038,0.694031,0.597960,0.686345,0.307305,0.232814,0.284166,0.316747,0.386898,0.651579,0.578097,0.794216,0.562492,-0.098622,-0.042882,0.308239,0.266337,0.440449,0.349211,0.202898,0.197265,0.299581,0.144287,0.161635,0.233369,0.103238,-0.071583,0.218729,0.448161,-0.118984,-0.085869,0.063645,0.558345
0.966473,0.000000,0.243917,0.275462,0.204288,0.148756,0.245912,0.380218,0.112176,0.008521,0.070589,0.388764,0.237853,0.224145,0.075542,0.146233,0.364314,0.553584,0.886932,1.141547,0.152005,0.506979,0.141522,0.240610,0.184466,0.299604,0.256023,0.290789,0.391175,0.254477,0.087625,0.238504,0.780595,0.820825,0.197140,0.151777,0.091765,0.031848,-0.391958,-0.245218,0.312714,0.303656,0.528405,0.514635,0.328118,0.368356,0.351994,0.529045,0.448777,0.464613,0.563749,0.514566,0.212149,0.504541,0.273608,0.179288,1.153893,1.234271,0.649212,0.629322,0.682879,0.466018,0.353318,0.570486,0.106394,0.386773,0.712418,0.804045,0.643423,0.755524,0.101518,0.110357,0.565555,0.568331,0.589180,0.670832,0.220114,0.256894,0.580177,0.384502,0.358025,0.467988,0.151180,-0.001003,0.114124,0.510877,-0.226038,-0.096994,-0.038563,0.569302
0.494104,0.243917,0.000000,0.862368,0.279867,0.267621,0.784231,0.573028,0.137401,0.040924,0.388633,0.398610,0.312948,0.439320,0.406645,0.165795,0.005361,0.115952,0.339476,0.171517,0.318224,0.353602,0.658635,0.452141,0.461502,0.440720,0.270667,0.236120,0.162014,0.164597,0.492696,0.521348,0.373747,0.315720,0.381001,0.038970,0.462018,0.226689,0.085848,0.201532,0.383437,0.283407,0.546459,0.412913,0.466171,0.389747,0.614754,0.486621,0.461214,0.394717,0.478718,0.397693,0.524116,0.372110,0.557774,0.640034,0.371189,0.150520,0.230291,0.128787,0.224608,0.096349,0.066288,-0.079121,0.557176,0.507260,0.327672,0.180652,0.309617,0.198850,0.135330,0.223552,0.200092,0.178358,0.302159,0.205279,0.072901,-0.024856,0.202316,0.104785,0.161220,0.226221,0.345852,0.199790,0.352286,0.447988,0.166578,0.212903,0.383482,0.657794
0.255359,0.275462,0.862368,0.000000,0.353353,0.411915,0.434537,0.919301,0.138209,0.106800,0.306429,0.485440,0.252670,0.528995,0.455944,0.257137,-0.031472,0.157988,0.245951,0.207373,0.535199,0.403438,0.408851,0.550655,0.632575,0.562178,0.434999,0.410680,0.244461,0.253061,0.540724,0.829432,0.405123,0.454436,0.348489,0.071618,0.606580,0.151795,0.051498,0.222636,0.294266,0.489472,0.457553,0.364299,0.398195,0.388202,0.525102,0.464579,0.368942,0.374165,0.420472,0.377642,0.494803,0.344632,0.684591,0.568939,0.441546,0.260243,0.146105,0.199746,0.149596,0.431151,0.160121,0.044236,0.487737,0.657889,0.257128,0.317356,0.263372,0.372418,0.328577,0.394605,0.295998,0.313941,0.353512,0.336070,0.127545,0.013290,0.387137,0.175551,0.191054,0.260228,0.478189,0.249149,0.437666,0.527814,0.179318,0.319939,0.358861,0.705975
0.044277,0.204288,0.279867,0.353353,0.000000,1.339441,0.028444,0.330658,1.464329,1.141290,-0.071702,0.372410,0.290869,0.572721,1.268034,1.079814,0.207688,0.229063,0.187097,0.124524,0.565801,0.620420,-0.042755,0.016075,0.703568,0.750661,0.884018,0.917353,0.324053,0.422247,0.421276,0.335408,0.139807,0.202132,-0.076101,-0.206950,0.209595,0.154951,-0.089768,-0.015740,0.100697,0.360228,0.246558,0.285026,0.334662,0.371838,0.222963,0.098270,0.340329,0.300968,0.229449,0.153884,0.172601,-0.050235,0.433693,0.286497,0.169432,0.035002,0.216460,0.171296,0.182037,0.257119,0.290296,0.253874,0.060300,0.118828,-0.004036,0.045060,-0.187989,-0.069060,0.336120,0.322953,0.365953,0.380581,0.264717,0.397552,-0.204592,-0.253669,0.231893,0.261612,0.348134,0.322505,0.541015,0.349237,0.148396,0.241261,0.005953,0.163192,0.275784,0.290189
-0.010572,0.148756,0.267621,0.411915,1.339441,0.000000,-0.030416,0.347267,0.996789,1.355481,-0.025843,0.439822,0.354724,0.679570,1.180726,1.220507,0.221664,0.232534,0.136619,0.076223,0.714085,0.582034,-0.141990,0.058823,0.666271,0.789855,0.708627,0.936690,0.408518,0.482054,0.460235,0.394760,0.168285,0.226549,-0.130265,-0.221513,0.330746,0.170653,-0.044580,0.049182,0.016844,0.452677,0.189585,0.270100,0.275351,0.343934,0.173871,0.120725,0.280889,0.260801,0.234957,0.152853,0.204927,-0.042474,0.539640,0.313055,0.172759,0.032883,0.212084,0.131131,0.210480,0.327787,0.382242,0.270175,0.076699,0.149430,-0.046233,0.064610,-0.191304,-0.005138,0.474561,0.379371,0.329047,0.398717,0.268982,0.431603,-0.173941,-0.296475,0.361959,0.280748,0.406278,0.345251,0.656888,0.425389,0.191822,0.266099,0.059955,0.265425,0.354692,0.320936
0.479750,0.245912,0.784231,0.434537,0.028444,-0.030416,0.000000,0.690099,-0.071611,-0.108594,0.459943,0.321312,0.373088,0.217734,0.125193,0.052755,0.013436,0.140538,0.513265,0.328655,0.009754,0.152135,0.626109,0.383912,0.147579,0.209012,0.045355,-0.000002,0.226493,0.141150,0.285409,0.356184,0.549175,0.431754,0.191343,-0.026707,0.144372,0.090030,-0.051464,0.016032,0.328822,0.111198,0.308734,0.213344,0.224172,0.127228,0.312942,0.247359,0.221999,0.160116,0.230889,0.134990,0.162599,0.236711,0.121007,0.247480,0.318477,0.187122,0.024514,-0.001039,0.224656,0.218542,0.141633,0.042362,0.594450,0.468679,0.330000,0.118304,0.370470,0.167218,0.088913,0.151975,0.197075,0.108360,0.315574,0.039269,0.091358,0.045433,0.118404,0.207016,0.147182,0.244606,0.231253,0.092025,0.452933,0.383170,0.084902,0.154131,0.126895,0.354789
0.334972,0.380218,0.573028,0.919301,0.330658,0.347267,0.690099,0.000000,0.185038,0.171679,0.263367,0.705593,0.400870,0.598002,0.406901,0.386246,0.126806,0.279960,0.337943,0.367237,0.296688,0.330692,0.263834,0.402779,0.317720,0.491067,0.290613,0.238343,0.357020,0.326231,0.318322,0.595259,0.499513,0.612122,0.063688,-0.032205,0.388857,0.181512,-0.068624,0.057631,0.356144,0.326891,0.409259,0.351704,0.404063,0.421752,0.479432,0.405351,0.451490,0.429465,0.380822,0.394263,0.440282,0.356601,0.488930,0.459853,0.426633,0.262269,0.215924,0.380610,0.351486,0.799065,0.412863,0.390091,0.427966,0.521082,0.205900,0.302648,0.271927,0.325938,0.347514,0.380030,0.315445,0.357012,0.276231,0.292586,0.084505,0.094470,0.278957,0.232978,0.265842,0.340874,0.434941,0.264176,0.478037,0.591681,0.061495,0.246418,0.263318,0.538373
0.034474,0.112176,0.137401,0.138209,1.464329,0.996789,-0.071611,0.185038,0.000000,1.266268,-0.294307,0.161869,0.100925,0.332479,1.000175,0.901017,0.134154,0.131536,0.105670,0.080269,0.296689,0.369802,-0.127551,-0.113133,0.370659,0.487909,0.506971,0.572459,0.144932,0.212190,0.151574,0.061360,0.012425,0.059695,-0.119255,-0.125025,-0.001362,0.049097,-0.157555,-0.118193,-0.014252,0.142286,0.164571,0.230346,0.288415,0.382275,0.160179,0.039042,0.306428,0.273878,0.164254,0.110810,0.166095,-0.051331,0.269121,0.168839,0.062808,-0.086039,0.259784,0.215290,0.106047,0.174439,0.203687,0.200624,-0.031461,0.024751,-0.088616,0.014889,-0.239374,-0.133388,0.153796,0.168685,0.201286,0.199185,0.114600,0.275994,-0.212413,-0.230521,0.081750,0.162770,0.221473,0.164178,0.274654,0.167746,-0.005147,0.081081,-0.130362,-0.059245,0.147772,0.141331
-0.091936,0.008521,0.040924,0.106800,1.141290,1.355481,-0.108594,0.171679,1.266268,0.000000,-0.206361,0.263369,0.240078,0.452629,1.022282,1.321285,0.195922,0.162581,0.044670,0.005684,0.378714,0.382786,-0.201568,-0.052623,0.370862,0.545596,0.449518,0.632379,0.278035,0.367004,0.230245,0.125480,0.018137,0.068807,-0.290097,-0.272676,0.071095,0.086278,-0.111812,-0.078292,-0.070063,0.227678,0.053444,0.176351,0.181805,0.270944,0.072590,-0.043334,0.210953,0.194595,0.081657,0.020332,0.106948,-0.141700,0.294989,0.131100,-0.023799,-0.136917,0.151882,0.100305,0.095904,0.230978,0.291648,0.242448,0.007666,-0.006757,-0.230763,-0.096028,-0.340131,-0.192664,0.311648,0.231825,0.195594,0.241560,0.117911,0.290553,-0.272085,-0.321562,0.145098,0.267594,0.321625,0.244067,0.417770,0.314850,0.057484,0.087965,-0.086386,0.056009,0.204452,0.059482
0.225942,0.070589,0.388633,0.306429,-0.071702,-0.025843,0.459943,0.263367,-0.294307,-0.206361,0.000000,0.519457,0.663757,0.415445,0.148891,-0.018174,0.159930,0.133719,0.156034,-0.025718,0.335299,0.222538,0.295502,0.238357,0.289703,0.126714,0.116433,0.029826,0.392894,0.326404,0.484146,0.413179,0.362933,0.248870,0.128393,-0.141550,0.397375,0.203668,0.135154,0.181888,0.254957,0.382841,0.117850,0.019833,0.088430,-0.048025,0.045646,0.029331,0.066464,-0.035788,0.137559,-0.003007,-0.058616,0.033704,0.085237,0.098941,0.112887,0.135434,-0.091136,-0.114925,0.371606,0.058344,0.178946,0.040974,0.444875,0.319067,0.201036,-0.058089,0.121947,0.034819,0.343670,0.317563,0.369649,0.242758,0.435539,0.112874,0.114065,0.006595,0.256891,0.283256,0.224567,0.282932,0.419030,0.268883,0.649083,0.426087,0.260413,0.361331,0.243528,0.236128
0.203932,0.388764,0.398610,0.485440,0.372410,0.439822,0.321312,0.705593,0.161869,0.263369,0.519457,0.000000,0.656146,1.144156,0.485507,0.619539,0.406398,0.441675,0.224535,0.305301,0.457147,0.516946,0.152572,0.355874,0.432550,0.492213,0.372295,0.362393,0.677365,0.711594,0.547293,0.646236,0.549488,0.677209,-0.154537,-0.297303,0.434919,0.272226,-0.069082,0.016539,0.383706,0.544191,0.256767,0.232892,0.177759,0.168006,0.296831,0.197709,0.268514,0.186361,0.257984,0.212382,0.253111,0.143865,0.411061,0.249783,0.352264,0.270738,0.078692,0.212891,0.629294,0.697507,0.620649,0.681575,0.303802,0.397891,0.095156,0.138034,0.155820,0.193738,0.493495,0.449713,0.466553,0.563781,0.358785,0.466273,-0.065176,-0.024115,0.406298,0.542030,0.566568,0.622209,0.598071,0.499421,0.553405,0.681868,0.035034,0.254723,0.251523,0.432476
0.127701,0.237853,0.312948,0.252670,0.290869,0.354724,0.373088,0.400870,0.100925,0.240078,0.663757,0.656146,0.000000,0.780546,0.337138,0.452799,0.637782,0.273044,0.339345,0.165252,0.520601,0.822754,0.382979,0.660654,0.328315,0.705184,0.219326,0.443374,0.768874,0.723923,0.517344,0.492848,0.326154,0.293305,-0.231103,-0.538232,0.247353,0.234649,0.079784,0.066972,0.152314,0.369589,0.192126,0.305410,0.147099,0.070044,0.076085,0.143050,0.132766,0.162122,0.255940,0.114063,-0.050764,0.048721,0.141108,-0.003532,0.150042,0.234483,0.073994,0.020181,0.348821,0.310533,0.166883,0.174447,0.120096,0.303625,0.132833,0.073802,0.035471,0.106798,0.846500,0.704726,0.693230,0.636163,0.495047,0.375924,0.160841,0.133702,0.346522,0.532396,0.568785,0.586075,0.543959,0.501865,0.359977,0.573575,0.199353,0.412409,0.279413,0.312663
0.035965,0.224145,0.439320,0.528995,0.572721,0.679570,0.217734,0.598002,0.332479,0.452629,0.415445,1.144156,0.780546,0.000000,0.687790,0.806361,0.311016,0.287578,0.114637,0.074824,0.493528,0.707163,0.254828,0.481075,0.468800,0.807201,0.410337,0.598320,0.611667,0.688297,0.577089,0.715881,0.365132,0.481141,-0.111470,-0.308289,0.388333,0.260155,-0.085461,0.005256,0.276221,0.388458,0.314503,0.337138,0.251030,0.205539,0.282000,0.168870,0.301517,0.224303,0.344408,0.256622,0.261316,0.141052,0.423276,0.304043,0.205973,0.136059,0.014408,0.079424,0.358934,0.462067,0.280316,0.312078,0.309682,0.455708,0.020691,0.052419,-0.020513,0.047527,0.698508,0.618070,0.504022,0.522032,0.297273,0.403232,-0.085791,-0.102933,0.361105,0.611559,0.436180,0.538702,0.607140,0.493777,0.404920,0.587874,0.023944,0.271651,0.341697,0.384532
0.054007,0.075542,0.406645,0.455944,1.268034,1.180726,0.125193,0.406901,1.000175,1.022282,0.148891,0.485507,0.337138,0.687790,0.000000,1.212650,0.183521,0.275178,0.156784,0.046071,0.659038,0.499475,-0.004524,0.040978,0.602497,0.641580,0.675649,0.668649,0.417383,0.501856,0.596863,0.458296,0.213035,0.241837,-0.127809,-0.262397,0.449528,0.278265,0.035301,0.149978,0.240405,0.505612,0.192693,0.176776,0.277090,0.295220,0.261490,0.063469,0.275261,0.159159,0.079652,0.048714,0.250672,-0.083381,0.533916,0.428862,0.153086,-0.026678,0.099309,0.079514,0.214599,0.197510,0.402234,0.240623,0.201396,0.102755,-0.109784,-0.112092,-0.195524,-0.133629,0.360622,0.359203,0.328380,0.350442,0.271418,0.327962,-0.250878,-0.351865,0.277955,0.299566,0.407327,0.346194,0.845228,0.546546,0.325632,0.260173,0.134900,0.291124,0.436300,0.323827
-0.026247,0.146233,0.165795,0.257137,1.079814,1.220507,0.052755,0.386246,0.901017,1.321285,-0.018174,0.619539,0.452799,0.806361,1.212650,0.000000,0.374147,0.391103,0.132818,0.136956,0.476892,0.558635,-0.043447,0.166963,0.458380,0.768688,0.545588,0.726877,0.577222,0.719355,0.495675,0.433411,0.231312,0.325474,-0.374790,-0.389701,0.299916,0.320832,-0.003634,0.066688,0.182099,0.417632,0.140833,0.224487,0.152022,0.195775,0.213052,0.034067,0.215599,0.133845,0.087846,0.044437,0.216858,-0.074134,0.425602,0.272914,0.114909,0.026401,0.060212,0.099147,0.232725,0.351642,0.464668,0.430540,0.050306,0.029974,-0.177816,-0.067873,-0.190554,-0.111516,0.447888,0.409784,0.370850,0.481174,0.230458,0.396066,-0.278086,-0.260511,0.238175,0.493183,0.586072,0.528870,0.749959,0.659830,0.251452,0.318160,0.044419,0.263095,0.290154,0.197495
0.152938,0.364314,0.005361,-0.031472,0.207688,0.221664,0.013436,0.126806,0.134154,0.195922,0.159930,0.406398,0.637782,0.311016,0.183521,0.374147,0.000000,0.899562,0.368767,0.432028,0.338166,0.519679,0.143110,0.397065,0.215260,0.486000,0.227709,0.362663,0.834329,0.862719,0.466180,0.341851,0.280754,0.342146,-0.336008,-0.368183,0.261477,0.490985,0.269100,0.242628,0.274927,0.477395,0.252393,0.396413,0.138833,0.162961,0.175113,0.259953,0.154814,0.152634,0.210294,0.176919,-0.002807,0.018370,0.108047,0.068305,0.234854,0.391439,0.277112,0.207371,0.344146,0.151479,0.411036,0.438653,-0.372607,-0.121839,0.285775,0.364881,0.086207,0.173362,0.488407,0.463980,0.732160,0.856392,0.496324,0.597012,0.199743,0.283761,0.326446,0.519987,1.167747,0.986766,0.460524,0.676588,0.257580,0.580881,0.331148,0.415660,0.041634,0.187600
0.286016,0.553584,0.115952,0.157988,0.229063,0.232534,0.140538,0.279960,0.131536,0.162581,0.133719,0.441675,0.273044,0.287578,0.275178,0.391103,0.899562,0.000000,0.398042,0.599456,0.237571,0.352900,0.197521,0.288668,0.317789,0.374947,0.312686,0.301508,0.762872,0.787995,0.552070,0.541629,0.594189,0.708037,-0.058990,-0.076904,0.401922,0.554437,0.164823,0.267868,0.531713,0.630564,0.393761,0.407005,0.250798,0.254280,0.317069,0.349677,0.273757,0.169935,0.235571,0.198826,0.101507,0.117653,0.176612,0.227391,0.489307,0.668952,0.240892,0.243485,0.359233,0.144871,0.649674,0.645038,-0.099942,-0.028560,0.478049,0.518454,0.287682,0.378849,0.287873,0.388206,0.663290,0.796021,0.597390,0.606845,0.203918,0.270555,0.412241,0.620828,1.038136,1.154300,0.512004,0.596666,0.373205,0.616777,0.222017,0.348998,-0.068933,0.259939
0.754650,0.886932,0.339476,0.245951,0.187097,0.136619,0.513265,0.337943,0.105670,0.044670,0.156034,0.224535,0.339345,0.114637,0.156784,0.132818,0.368767,0.398042,0.000000,1.196523,0.315874,0.549148,0.280624,0.305058,0.151059,0.273595,0.175816,0.287203,0.421372,0.272535,0.199959,0.188050,0.650108,0.528342,0.154687,0.015141,0.110660,0.034142,-0.200228,-0.119222,0.186443,0.303471,0.449969,0.497339,0.271707,0.282768,0.327426,0.484355,0.272142,0.315892,0.350223,0.265560,0.072570,0.284054,0.264634,0.181606,0.787744,0.767625,0.447068,0.276271,0.390020,0.261420,0.180386,0.205307,0.106254,0.329922,0.613175,0.536209,0.570743,0.588093,0.173684,0.191423,0.625924,0.535444,0.655679,0.638885,0.237894,0.141940,0.516922,0.320957,0.427921,0.419093,0.302363,0.085437,0.200797,0.410268,0.006851,0.061876,0.164087,0.588111
0.755564,1.141547,0.171517,0.207373,0.124524,0.076223,0.328655,0.367237,0.080269,0.005684,-0.025718,0.305301,0.165252,0.074824,0.046071,0.136956,0.432028,0.599456,1.196523,0.000000,0.141448,0.430012,0.126789,0.232446,0.103046,0.221003,0.118431,0.189818,0.416938,0.289173,0.065149,0.161904,0.767830,0.792133,0.071233,0.107584,0.056851,0.095849,-0.266244,-0.158822,0.318373,0.301555,0.458212,0.447607,0.261158,0.310430,0.344794,0.485460,0.317731,0.323618,0.328419,0.309346,0.117257,0.320565,0.196122,0.137956,0.845844,0.901030,0.496845,0.448279,0.450305,0.372369,0.357427,0.491867,-0.018364,0.233053,0.677887,0.764150,0.692907,0.774534,0.033070,0.096754,0.539311,0.612590,0.574144,0.669578,0.207932,0.260718,0.466361,0.360349,0.457950,0.501281,0.181990,0.044875,0.126779,0.433350,-0.142946,-0.084996,-0.006696,0.481291
0.017292,0.152005,0.318224,0.535199,0.565801,0.714085,0.009754,0.296688,0.296689,0.378714,0.335299,0.457147,0.520601,0.493528,0.659038,0.476892,0.338166,0.237571,0.315874,0.141448,0.000000,0.641510,-0.040049,0.207966,0.703407,0.550024,0.601498,0.630207,0.624286,0.682094,0.790856,0.538727,0.206408,0.140347,-0.099832,-0.352195,0.566917,0.264214,0.260376,0.389058,0.040677,0.859156,0.110472,0.198397,0.168311,0.190275,0.149294,0.230531,0.043549,0.087157,0.077771,0.010760,0.044924,-0.078096,0.574014,0.266832,0.316781,0.209662,0.168261,0.020125,0.249132,0.234234,0.341728,0.144807,-0.043400,0.117162,0.108744,0.125796,-0.000953,0.188695,0.620481,0.565734,0.435490,0.527561,0.409879,0.475836,0.062068,-0.138138,0.606372,0.235805,0.583618,0.422528,0.871713,0.606903,0.346238,0.367448,0.413868,0.630011,0.476894,0.554285
0.240147,0.506979,0.353602,0.403438,0.620420,0.582034,0.152135,0.330692,0.369802,0.382786,0.222538,0.516946,0.822754,0.707163,0.499475,0.558635,0.519679,0.352900,0.549148,0.430012,0.641510,0.000000,0.326874,0.584006,0.480058,0.933659,0.492680,0.892512,0.664935,0.633086,0.474291,0.534344,0.419949,0.447719,-0.002870,-0.244195,0.274143,0.123543,-0.106894,-0.027289,0.263948,0.434742,0.456766,0.538007,0.358464,0.285268,0.279897,0.298312,0.323491,0.346368,0.425176,0.269975,0.072789,0.109279,0.348743,0.104057,0.394759,0.428936,0.239203,0.115048,0.280625,0.278981,0.097045,0.191167,0.083567,0.337946,0.307814,0.308416,0.120723,0.247746,0.682473,0.675133,0.880212,0.891680,0.667749,0.745905,0.189015,0.123434,0.523590,0.547460,0.521384,0.523077,0.471242,0.341707,0.113761,0.446686,-0.009191,0.221707,0.210365,0.416106
0.221541,0.141522,0.658635,0.408851,-0.042755,-0.141990,0.626109,0.263834,-0.127551,-0.201568,0.295502,0.152572,0.382979,0.254828,-0.004524,-0.043447,0.143110,0.197521,0.280624,0.126789,-0.040049,0.326874,0.000000,1.092631,0.255857,0.461601,0.006998,0.150586,0.151740,0.182409,0.397950,0.486145,0.282194,0.227262,0.434508,0.046052,0.150089,0.261319,0.173237,0.164952,0.303592,0.031117,0.450246,0.396512,0.248152,0.092424,0.376855,0.327128,0.215074,0.201994,0.359663,0.179634,0.122825,0.240513,0.025222,0.173349,0.121566,0.162728,-0.119613,-0.165144,-0.172301,-0.143689,-0.336766,-0.323995,0.351486,0.395999,0.386282,0.184860,0.321731,0.196000,0.230408,0.396800,0.358513,0.235643,0.369268,0.168426,0.311096,0.331472,0.013239,0.260158,0.158543,0.330645,0.098039,0.150383,0.285101,0.375917,0.238080,0.185793,0.116140,0.227972
0.150636,0.240610,0.452141,0.550655,0.016075,0.058823,0.383912,0.402779,-0.113133,-0.052623,0.238357,0.355874,0.660654,0.481075,0.040978,0.166963,0.397065,0.288668,0.305058,0.232446,0.207966,0.584006,1.092631,0.000000,0.319567,0.719280,0.075185,0.324974,0.436892,0.466628,0.503051,0.699853,0.308447,0.339724,0.150383,-0.147634,0.260611,0.266871,0.182465,0.197738,0.251865,0.237523,0.460944,0.545958,0.228751,0.134868,0.370392,0.470229,0.211578,0.292818,0.438016,0.298777,0.173604,0.327691,0.184698,0.168673,0.240637,0.321746,-0.017662,0.005254,-0.077927,0.189827,-0.184155,-0.112513,0.172368,0.473774,0.335682,0.351177,0.337923,0.365671,0.558289,0.639950,0.536800,0.529150,0.420681,0.362032,0.341351,0.343728,0.236494,0.463597,0.403845,0.539917,0.269940,0.351470,0.332232,0.591030,0.268481,0.370128,0.166230,0.378628
0.069040,0.184466,0.461502,0.632575,0.703568,0.666271,0.147579,0.317720,0.370659,0.370862,0.289703,0.432550,0.328315,0.468800,0.602497,0.458380,0.215260,0.317789,0.151059,0.103046,0.703407,0.480058,0.255857,0.319567,0.000000,0.737238,1.005931,0.702525,0.456748,0.531655,0.864599,0.802261,0.309524,0.315072,0.209841,-0.186914,0.514288,0.248349,0.173218,0.292675,0.231101,0.644996,0.356893,0.308002,0.385874,0.301250,0.300047,0.303848,0.285213,0.256489,0.316903,0.157381,0.159261,0.025945,0.438105,0.339401,0.287254,0.196522,0.123994,0.022609,0.136462,0.143522,0.246080,0.118948,0.266499,0.304216,0.251888,0.185930,0.003691,0.143777,0.451134,0.412106,0.378853,0.389056,0.473689,0.391001,-0.040093,-0.133387,0.450975,0.270265,0.421912,0.470334,0.558135,0.420415,0.471675,0.404760,0.332107,0.554474,0.211592,0.422631
0.145866,0.299604,0.440720,0.562178,0.750661,0.789855,0.209012,0.491067,0.487909,0.545596,0.126714,0.492213,0.705184,0.807201,0.641580,0.768688,0.486000,0.374947,0.273595,0.221003,0.550024,0.933659,0.461601,0.719280,0.737238,0.000000,0.651633,1.088844,0.632046,0.731484,0.716021,0.846387,0.318890,0.410713,0.012254,-0.258325,0.400776,0.373886,0.151137,0.234466,0.264854,0.429031,0.481497,0.547765,0.451658,0.400914,0.416595,0.352603,0.407818,0.401868,0.471070,0.326289,0.257114,0.132181,0.449558,0.358127,0.256582,0.220463,0.186999,0.110774,0.103584,0.259078,0.074313,0.103604,0.113959,0.307927,0.232703,0.273565,0.076503,0.152247,0.717413,0.742152,0.676138,0.699626,0.461206,0.531543,0.040281,0.071329,0.323571,0.478640,0.563405,0.677778,0.624762,0.594685,0.305680,0.558840,0.270969,0.481779,0.279644,0.363889
0.135688,0.256023,0.270667,0.434999,0.884018,0.708627,0.045355,0.290613,0.506971,0.449518,0.116433,0.372295,0.219326,0.410337,0.675649,0.545588,0.227709,0.312686,0.175816,0.118431,0.601498,0.492680,0.006998,0.075185,1.005931,0.651633,0.000000,1.061360,0.376988,0.475578,0.603424,0.608606,0.138628,0.236105,0.001453,-0.208920,0.339903,0.152936,0.110768,0.212028,0.162978,0.424824,0.236435,0.214692,0.293542,0.314049,0.261246,0.154125,0.228713,0.271513,0.203708,0.172666,0.201507,-0.023391,0.447036,0.330957,0.265054,0.193114,0.218346,0.190773,0.266763,0.234620,0.292711,0.217334,0.111364,0.151492,0.084884,0.110292,-0.076006,0.038311,0.309693,0.313491,0.336316,0.348662,0.280558,0.312285,-0.137050,-0.153695,0.292754,0.203136,0.335920,0.342494,0.532737,0.394033,0.236349,0.323381,0.246857,0.430619,0.166298,0.310366
0.096350,0.290789,0.236120,0.410680,0.917353,0.936690,-0.000002,0.238343,0.572459,0.632379,0.029826,0.362393,0.443374,0.598320,0.668649,0.726877,0.362663,0.301508,0.287203,0.189818,0.630207,0.892512,0.150586,0.324974,0.702525,1.088844,1.061360,0.000000,0.436441,0.519202,0.502216,0.573767,0.133459,0.240648,-0.022687,-0.187637,0.272323,0.176938,0.051578,0.118696,0.061428,0.313071,0.298154,0.372227,0.262183,0.279379,0.229959,0.163832,0.217011,0.289743,0.313266,0.215765,0.148733,-0.010776,0.426552,0.245164,0.235395,0.220541,0.195284,0.087429,0.166000,0.215948,0.111335,0.104006,0.020793,0.174546,0.104969,0.184583,-0.021190,0.108922,0.528615,0.531835,0.574786,0.539533,0.429544,0.497911,0.019060,-0.006472,0.304645,0.333967,0.394785,0.417539,0.525913,0.413103,0.106584,0.368588,0.154108,0.340734,0.251616,0.279396
0.186950,0.391175,0.162014,0.244461,0.324053,0.408518,0.226493,0.357020,0.144932,0.278035,0.392894,0.677365,0.768874,0.611667,0.417383,0.577222,0.834329,0.762872,0.421372,0.416938,0.624286,0.664935,0.151740,0.436892,0.456748,0.632046,0.376988,0.436441,0.000000,1.453148,0.844111,0.772922,0.617963,0.587430,-0.336510,-0.543970,0.455552,0.355078,0.080217,0.187437,0.435724,0.767672,0.232369,0.325737,0.227625,0.197878,0.179426,0.234385,0.197003,0.123856,0.185624,0.091956,0.059307,0.010655,0.263399,0.130798,0.430577,0.396355,0.205368,0.115028,0.460604,0.318542,0.610107,0.568275,-0.010896,0.148088,0.229583,0.240451,0.069223,0.159982,0.798498,0.711068,0.773290,0.924291,0.566634,0.587780,0.029685,-0.009298,0.696859,0.876907,1.154542,1.118575,0.767849,0.711622,0.494400,0.567776,0.236299,0.525844,0.066790,0.350662
0.033115,0.254477,0.164597,0.253061,0.422247,0.482054,0.141150,0.326231,0.212190,0.367004,0.326404,0.711594,0.723923,0.688297,0.501856,0.719355,0.862719,0.787995,0.272535,0.289173,0.682094,0.633086,0.182409,0.466628,0.531655,0.731484,0.475578,0.519202,1.453148,0.000000,1.064686,0.783235,0.446641,0.450121,-0.451143,-0.648584,0.433691,0.476400,0.239786,0.339280,0.383525,0.774871,0.186623,0.278124,0.186232,0.164893,0.223987,0.169052,0.165265,0.080693,0.117546,0.034496,0.052671,-0.077101,0.292178,0.195523,0.255077,0.260802,0.087778,0.052564,0.356233,0.242155,0.554916,0.501667,-0.075045,0.034709,0.108796,0.120624,-0.004021,0.059365,0.717887,0.709553,0.626072,0.855632,0.439687,0.486634,-0.070892,-0.080785,0.458585,0.871400,1.280213,1.256525,0.891341,1.053406,0.496637,0.572867,0.362176,0.651056,0.150057,0.294149
0.037488,0.087625,0.492696,0.540724,0.421276,0.460235,0.285409,0.318322,0.151574,0.230245,0.484146,0.547293,0.517344,0.577089,0.596863,0.495675,0.466180,0.552070,0.199959,0.065149,0.790856,0.474291,0.397950,0.503051,0.864599,0.716021,0.603424,0.502216,0.844111,1.064686,0.000000,1.141642,0.419706,0.345969,-0.038163,-0.418424,0.744506,0.494153,0.429815,0.580609,0.396692,0.909409,0.265527,0.264190,0.253066,0.164585,0.324651,0.268469,0.157425,0.052637,0.138314,0.037214,0.136048,-0.047701,0.443240,0.418952,0.289249,0.171824,-0.018245,-0.111448,0.178101,0.076769,0.340980,0.166723,0.148636,0.189978,0.182005,0.073042,0.028038,0.028626,0.603375,0.624310,0.457049,0.525266,0.424269,0.354681,-0.033559,-0.135177,0.475458,0.555583,0.870872,0.866432,0.985452,0.952929,0.701308,0.513480,0.625680,0.901888,0.273809,0.387231
0.126068,0.238504,0.521348,0.829432,0.335408,0.394760,0.356184,0.595259,0.061360,0.125480,0.413179,0.646236,0.492848,0.715881,0.458296,0.433411,0.341851,0.541629,0.188050,0.161904,0.538727,0.534344,0.486145,0.699853,0.802261,0.846387,0.608606,0.573767,0.772922,0.783235,1.141642,0.000000,0.570147,0.656874,0.127730,-0.204424,0.692278,0.328459,0.179537,0.336743,0.490361,0.689948,0.431634,0.372054,0.357051,0.238081,0.404243,0.346888,0.283811,0.204323,0.302692,0.202482,0.276621,0.162742,0.420787,0.388082,0.397798,0.298399,-0.018706,-0.028675,0.151688,0.306845,0.276360,0.215680,0.339929,0.442806,0.242951,0.250290,0.142090,0.202402,0.689071,0.738121,0.564793,0.629579,0.480065,0.418971,0.077083,0.037748,0.525763,0.552341,0.592426,0.750859,0.676721,0.574535,0.591255,0.584069,0.341335,0.646587,0.099999,0.379446
0.602697,0.780595,0.373747,0.405123,0.139807,0.168285,0.549175,0.499513,0.012425,0.018137,0.362933,0.549488,0.326154,0.365132,0.213035,0.231312,0.280754,0.594189,0.650108,0.767830,0.206408,0.419949,0.282194,0.308447,0.309524,0.318890,0.138628,0.133459,0.617963,0.446641,0.419706,0.570147,0.000000,1.412986,0.222866,0.063643,0.327903,0.077702,-0.278902,-0.116898,0.539248,0.566085,0.421444,0.303081,0.284955,0.192867,0.246964,0.314094,0.335365,0.136945,0.312698,0.172139,0.065207,0.231719,0.150766,0.100437,0.865489,0.708896,0.169710,0.137662,0.579425,0.366706,0.542789,0.551729,0.418648,0.534947,0.681533,0.553457,0.480028,0.443415,0.195974,0.200195,0.532174,0.559875,0.677356,0.573623,0.086761,0.052135,0.656496,0.633292,0.503956,0.633247,0.364284,0.134008,0.448876,0.461171,-0.120043,0.073708,-0.034395,0.407273
0.509502,0.820825,0.315720,0.454436,0.202132,0.226549,0.431754,0.612122,0.059695,0.068807,0.248870,0.677209,0.293305,0.481141,0.241837,0.325474,0.342146,0.708037,0.528342,0.792133,0.140347,0.447719,0.227262,0.339724,0.315072,0.410713,0.236105,0.240648,0.587430,0.450121,0.345969,0.656874,1.412986,0.000000,0.202527,0.109130,0.323539,0.129354,-0.276927,-0.130889,0.590569,0.515904,0.508282,0.396992,0.329869,0.255571,0.322126,0.375477,0.393124,0.229511,0.361640,0.291750,0.164863,0.275004,0.183149,0.167386,0.773727,0.766334,0.153411,0.203594,0.515329,0.476225,0.545721,0.667612,0.341602,0.502504,0.550786,0.617710,0.437706,0.494834,0.243907,0.236853,0.574024,0.654085,0.602822,0.629228,0.107570,0.146864,0.632213,0.598283,0.486496,0.639620,0.341266,0.151777,0.366284,0.530044,-0.152177,0.055159,-0.107051,0.362487
0.291765,0.197140,0.381001,0.348489,-0.076101,-0.130265,0.191343,0.063688,-0.119255,-0.290097,0.128393,-0.154537,-0.231103,-0.111470,-0.127809,-0.374790,-0.336008,-0.058990,0.154687,0.071233,-0.099832,-0.002870,0.434508,0.150383,0.209841,0.012254,0.001453,-0.022687,-0.336510,-0.451143,-0.038163,0.127730,0.222866,0.202527,0.000000,0.895308,0.166821,-0.006852,-0.066817,-0.019112,0.057297,-0.016001,0.466500,0.309486,0.297786,0.167776,0.245282,0.357978,0.253150,0.227631,0.441540,0.267863,0.132753,0.352449,0.089753,0.198404,0.260588,0.256299,0.019477,-0.107216,-0.191321,-0.174834,-0.348904,-0.338856,0.469263,0.465755,0.595660,0.420822,0.345319,0.322440,-0.153202,-0.070479,0.107872,-0.063271,0.305711,0.181764,0.435711,0.318430,0.151379,-0.206821,-0.319612,-0.167820,-0.243083,-0.401810,0.117530,0.096900,-0.057254,-0.128250,-0.019353,0.154635
0.254964,0.151777,0.038970,0.071618,-0.206950,-0.221513,-0.026707,-0.032205,-0.125025,-0.272676,-0.141550,-0.297303,-0.538232,-0.308289,-0.262397,-0.389701,-0.368183,-0.076904,0.015141,0.107584,-0.352195,-0.244195,0.046052,-0.147634,-0.186914,-0.258325,-0.208920,-0.187637,-0.543970,-0.648584,-0.418424,-0.204424,0.063643,0.109130,0.895308,0.000000,-0.003287,0.011621,-0.079103,-0.055169,-0.065897,-0.271177,0.309535,0.187227,0.092184,0.125787,0.198170,0.217486,0.140467,0.130037,0.268191,0.214946,0.134149,0.304672,-0.020456,0.096969,0.144721,0.172448,0.032477,0.046966,-0.179434,-0.159697,-0.262182,-0.262484,0.132191,0.126310,0.427128,0.450762,0.351758,0.288268,-0.444039,-0.280510,-0.106724,-0.194354,0.058338,0.001108,0.367278,0.453764,-0.126336,-0.354816,-0.428328,-0.340906,-0.426348,-0.501962,-0.121631,-0.016187,-0.213495,-0.342950,-0.066308,0.022926
0.146099,0.091765,0.462018,0.606580,0.209595,0.330746,0.144372,0.388857,-0.001362,0.071095,0.397375,0.434919,0.247353,0.388333,0.449528,0.299916,0.261477,0.401922,0.110660,0.056851,0.566917,0.274143,0.150089,0.260611,0.514288,0.400776,0.339903,0.272323,0.455552,0.433691,0.744506,0.692278,0.327903,0.323539,0.166821,-0.003287,0.000000,0.642953,0.563067,0.756160,0.572326,0.792244,0.361370,0.286215,0.236617,0.200396,0.507106,0.432444,0.200943,0.088041,0.233894,0.180148,0.405560,0.156989,0.760278,0.618437,0.327990,0.230410,0.083704,0.076189,0.173208,0.159885,0.348142,0.127456,0.178761,0.106606,0.253368,0.209074,0.227487,0.155837,0.289911,0.313139,0.323062,0.369749,0.395696,0.378663,0.119688,0.075370,0.388233,0.175684,0.520456,0.451682,0.772832,0.696749,0.684414,0.568187,0.512931,0.672292,0.482629,0.456296
0.009926,0.031848,0.226689,0.151795,0.154951,0.170653,0.090030,0.181512,0.049097,0.086278,0.203668,0.272226,0.234649,0.260155,0.278265,0.320832,0.490985,0.554437,0.034142,0.095849,0.264214,0.123543,0.261319,0.266871,0.248349,0.373886,0.152936,0.176938,0.355078,0.476400,0.494153,0.328459,0.077702,0.129354,-0.006852,0.011621,0.642953,0.000000,0.773398,0.797925,0.357035,0.411467,0.303549,0.300491,0.108525,0.106095,0.408014,0.328568,0.143843,0.038675,0.124975,0.090789,0.218330,0.025054,0.352770,0.487248,0.010918,0.127088,0.016013,0.052816,-0.023893,-0.154874,0.207330,0.067031,-0.232685,-0.277454,0.236041,0.145995,0.188143,0.084807,0.164210,0.338995,0.365139,0.405702,0.290852,0.315794,0.178068,0.339284,-0.026738,0.164473,0.582573,0.592648,0.582041,0.864499,0.437803,0.496634,0.640508,0.516601,0.448566,0.203523
-0.237473,-0.391958,0.085848,0.051498,-0.089768,-0.044580,-0.051464,-0.068624,-0.157555,-0.111812,0.135154,-0.069082,0.079784,-0.085461,0.035301,-0.003634,0.269100,0.164823,-0.200228,-0.266244,0.260376,-0.106894,0.173237,0.182465,0.173218,0.151137,0.110768,0.051578,0.080217,0.239786,0.429815,0.179537,-0.278902,-0.276927,-0.066817,-0.079103,0.563067,0.773398,0.000000,1.600484,0.058462,0.260803,-0.047851,0.009794,-0.121102,-0.103496,0.173257,0.112416,-0.239677,-0.200504,-0.149864,-0.148314,0.027414,-0.187010,0.209314,0.242461,-0.271788,-0.133489,-0.192424,-0.196884,-0.287740,-0.284747,-0.074261,-0.336995,-0.351596,-0.419576,0.011694,-0.035999,0.034374,-0.097813,0.045096,0.167980,-0.034782,0.012323,-0.024851,-0.122076,0.138154,0.235885,-0.231327,-0.167616,0.338537,0.198380,0.418295,0.746623,0.312003,0.209845,1.189093,0.808327,0.444672,0.036034
-0.093088,-0.245218,0.201532,0.222636,-0.015740,0.049182,0.016032,0.057631,-0.118193,-0.078292,0.181888,0.016539,0.066972,0.005256,0.149978,0.066688,0.242628,0.267868,-0.119222,-0.158822,0.389058,-0.027289,0.164952,0.197738,0.292675,0.234466,0.212028,0.118696,0.187437,0.339280,0.580609,0.336743,-0.116898,-0.130889,-0.019112,-0.055169,0.756160,0.797925,1.600484,0.000000,0.206345,0.451759,0.071872,0.064861,0.021873,0.030428,0.318474,0.211863,-0.100571,-0.110977,-0.052955,-0.031665,0.134933,-0.097280,0.365564,0.397973,-0.082230,-0.025593,-0.072943,-0.082619,-0.162755,-0.180933,0.035687,-0.206142,-0.225315,-0.300721,0.122166,0.068811,0.125283,0.014800,0.085480,0.233220,0.039451,0.100375,0.098038,-0.034800,0.121027,0.153438,-0.079283,-0.116365,0.406788,0.291738,0.551644,0.843384,0.426125,0.318762,1.111789,0.927438,0.416526,0.166660
0.362810,0.312714,0.383437,0.294266,0.100697,0.016844,0.328822,0.356144,-0.014252,-0.070063,0.254957,0.383706,0.152314,0.276221,0.240405,0.182099,0.274927,0.531713,0.186443,0.318373,0.040677,0.263948,0.303592,0.251865,0.231101,0.264854,0.162978,0.061428,0.435724,0.383525,0.396692,0.490361,0.539248,0.590569,0.057297,-0.065897,0.572326,0.357035,0.058462,0.206345,0.000000,0.448079,0.457531,0.275665,0.382437,0.287628,0.444437,0.307756,0.442467,0.217479,0.292017,0.280606,0.360270,0.222061,0.243624,0.321510,0.326787,0.254705,0.113317,0.233936,0.276562,0.135838,0.344980,0.354018,0.333280,0.171387,0.331677,0.248855,0.280356,0.125935,0.013015,0.091430,0.419960,0.401530,0.364879,0.330027,-0.137250,-0.002407,0.193801,0.384837,0.412804,0.534614,0.339715,0.358439,0.472181,0.458982,0.064821,0.194784,0.011737,0.198626
0.161167,0.303656,0.283407,0.489472,0.360228,0.452677,0.111198,0.326891,0.142286,0.227678,0.382841,0.544191,0.369589,0.388458,0.505612,0.417632,0.477395,0.630564,0.303471,0.301555,0.859156,0.434742,0.031117,0.237523,0.644996,0.429031,0.424824,0.313071,0.767672,0.774871,0.909409,0.689948,0.566085,0.515904,-0.016001,-0.271177,0.792244,0.411467,0.260803,0.451759,0.448079,0.000000,0.235745,0.208054,0.230599,0.182901,0.231182,0.301719,0.164253,0.080842,0.129413,0.075923,0.070110,-0.022320,0.430895,0.274933,0.468631,0.393488,0.119686,0.083238,0.313463,0.255487,0.600830,0.421259,0.066047,0.170490,0.296124,0.272606,0.182576,0.257582,0.438798,0.389817,0.507899,0.676322,0.530864,0.558241,-0.015031,-0.098140,0.615903,0.422336,0.825099,0.767646,0.861213,0.714644,0.591747,0.531055,0.393364,0.683075,0.155374,0.402504
0.481006,0.528405,0.546459,0.457553,0.246558,0.189585,0.308734,0.409259,0.164571,0.053444,0.117850,0.256767,0.192126,0.314503,0.192693,0.140833,0.252393,0.393761,0.449969,0.458212,0.110472,0.456766,0.450246,0.460944,0.356893,0.481497,0.236435,0.298154,0.232369,0.186623,0.265527,0.431634,0.421444,0.508282,0.466500,0.309535,0.361370,0.303549,-0.047851,0.071872,0.457531,0.235745,0.000000,1.479562,1.160407,1.006781,1.181582,1.184313,1.179903,1.051668,1.143562,0.964586,0.599432,0.736639,0.577812,0.675755,0.456031,0.458185,0.498148,0.469011,0.159935,0.166938,0.020601,0.134892,0.243658,0.357811,0.764953,0.804784,0.449344,0.472065,0.161626,0.257721,0.545396,0.459276,0.521381,0.560284,0.302451,0.314294,0.295680,0.231840,0.244851,0.418129,0.140729,0.106548,0.267028,0.538649,-0.007021,0.105780,0.116177,0.516190
0.377891,0.514635,0.412913,0.364299,0.285026,0.270100,0.213344,0.351704,0.230346,0.176351,0.019833,0.232892,0.305410,0.337138,0.176776,0.224487,0.396413,0.407005,0.497339,0.447607,0.198397,0.538007,0.396512,0.545958,0.308002,0.547765,0.214692,0.372227,0.325737,0.278124,0.264190,0.372054,0.303081,0.396992,0.309486,0.187227,0.286215,0.300491,0.009794,0.064861,0.275665,0.208054,1.479562,0.000000,0.876103,0.897956,0.982299,1.249487,0.909962,1.029871,1.150051,0.936555,0.563734,0.712130,0.599336,0.592687,0.425634,0.496642,0.547912,0.451092,0.109082,0.207773,-0.008183,0.092149,0.070744,0.302122,0.634695,0.808099,0.348914,0.462015,0.297256,0.361331,0.629885,0.534026,0.498161,0.617015,0.352076,0.365262,0.357298,0.267426,0.366489,0.465965,0.167512,0.173415,0.191395,0.576643,0.041617,0.153382,0.140261,0.519932
0.358875,0.328118,0.466171,0.398195,0.334662,0.275351,0.224172,0.404063,0.288415,0.181805,0.088430,0.177759,0.147099,0.251030,0.277090,0.152022,0.138833,0.250798,0.271707,0.261158,0.168311,0.358464,0.248152,0.228751,0.385874,0.451658,0.293542,0.262183,0.227625,0.186232,0.253066,0.357051,0.284955,0.329869,0.297786,0.092184,0.236617,0.108525,-0.121102,0.021873,0.382437,0.230599,1.160407,0.876103,0.000000,1.610963,0.816664,0.740844,1.480208,1.158728,0.838434,0.832859,0.458980,0.418530,0.487724,0.580535,0.276770,0.173465,0.592951,0.499979,0.167389,0.179120,0.065508,0.175897,0.269814,0.294829,0.524495,0.526302,0.133087,0.223484,0.223541,0.272451,0.403781,0.339706,0.344415,0.394463,0.095477,0.021958,0.272555,0.141225,0.128041,0.264063,0.118657,0.043856,0.202228,0.290157,-0.039459,0.097708,0.057866,0.374666
0.389589,0.368356,0.389747,0.388202,0.371838,0.343934,0.127228,0.421752,0.382275,0.270944,-0.048025,0.168006,0.070044,0.205539,0.295220,0.195775,0.162961,0.254280,0.282768,0.310430,0.190275,0.285268,0.092424,0.134868,0.301250,0.400914,0.314049,0.279379,0.197878,0.164893,0.164585,0.238081,0.192867,0.255571,0.167776,0.125787,0.200396,0.106095,-0.103496,0.030428,0.287628,0.182901,1.006781,0.897956,1.610963,0.000000,0.850669,0.777576,1.395085,1.360341,0.858453,0.970725,0.595268,0.461234,0.624884,0.618109,0.306722,0.185585,0.796115,0.746157,0.225661,0.268734,0.139017,0.232706,0.134992,0.220437,0.458466,0.601387,0.135540,0.273506,0.138181,0.199762,0.326144,0.285705,0.233220,0.388895,0.069448,0.031878,0.222988,0.083920,0.155874,0.236033,0.120566,0.063661,0.132752,0.329508,-0.047407,0.071832,0.112062,0.450395
0.418938,0.351994,0.614754,0.525102,0.222963,0.173871,0.312942,0.479432,0.160179,0.072590,0.045646,0.296831,0.076085,0.282000,0.261490,0.213052,0.175113,0.317069,0.327426,0.344794,0.149294,0.279897,0.376855,0.370392,0.300047,0.416595,0.261246,0.229959,0.179426,0.223987,0.324651,0.404243,0.246964,0.322126,0.245282,0.198170,0.507106,0.408014,0.173257,0.318474,0.444437,0.231182,1.181582,0.982299,0.816664,0.850669,0.000000,1.089029,0.843175,0.814981,0.741656,0.769019,0.871902,0.640402,0.890709,1.029894,0.364965,0.268447,0.420126,0.462792,0.122359,0.176501,0.071496,0.107375,0.177809,0.172377,0.389291,0.476373,0.414791,0.332148,0.074745,0.245965,0.293778,0.335091,0.281539,0.377949,0.183028,0.217067,0.153723,0.094715,0.276678,0.330457,0.240469,0.282907,0.279882,0.492539,0.140179,0.196921,0.235659,0.549654
0.496961,0.529045,0.486621,0.464579,0.098270,0.120725,0.247359,0.405351,0.039042,-0.043334,0.029331,0.197709,0.143050,0.168870,0.063469,0.034067,0.259953,0.349677,0.484355,0.485460,0.230531,0.298312,0.327128,0.470229,0.303848,0.352603,0.154125,0.163832,0.234385,0.169052,0.268469,0.346888,0.314094,0.375477,0.357978,0.217486,0.432444,0.328568,0.112416,0.211863,0.307756,0.301719,1.184313,1.249487,0.740844,0.777576,1.089029,0.000000,0.714130,0.847168,0.855013,0.854419,0.661287,0.900734,0.706570,0.745540,0.625881,0.611438,0.551816,0.551032,0.169976,0.254908,0.093581,0.132110,0.073065,0.314501,0.688328,0.883220,0.632356,0.735146,0.155677,0.210719,0.382958,0.384655,0.385744,0.478795,0.404415,0.373951,0.409528,0.130564,0.336681,0.376035,0.183788,0.154889,0.293568,0.546689,0.153832,0.208333,0.210073,0.782990
