0.000000,0.434149,0.060388,0.208817,0.359958,0.222883,-0.031739,0.208503,0.294861,0.324015,0.240032,0.323453,-0.104398,0.131412,0.167378,0.257737,0.433629,0.471282,0.564129,0.641094,0.138611,0.224798,0.013846,-0.013425,0.245845,0.126866,0.391484,0.444358,-0.088440,0.105836,0.000151,-0.036251,0.164080,0.045685,-0.322818,0.179166,0.090144,0.099574,0.140669,0.237452,0.169856,0.306256,-0.012348,-0.028092,-0.207583,-0.108900,0.173113,0.373103,0.063986,-0.010101,0.050273,-0.123428,0.307980,0.240774,0.423472,0.433101,0.684168,0.078050,-0.156810,-0.085126,-0.224126,-0.234472,0.184391,-0.289337,-0.293791,-0.392215,0.087941,0.122475,0.743545,0.827223,-0.188843,0.015441,0.391673,0.249140,0.581478,0.215335,0.584171,0.552035,0.391519,-0.087620,0.557927,0.255551,-0.030809,-0.002960,0.368215,0.241792,-0.170567,-0.052523,0.192873,0.432396
0.434149,0.000000,0.321144,0.556291,0.119493,0.221064,0.174041,0.667150,0.107155,0.268214,0.159568,0.763935,0.054275,0.622435,0.043794,0.260598,0.263989,0.438165,0.244362,0.522140,0.005197,0.141332,0.281972,0.372355,0.190840,0.374845,0.167756,0.294970,-0.153689,0.284336,0.279804,0.351989,0.467367,0.551238,-0.004472,0.107757,0.021047,0.310593,0.114712,0.026780,0.205653,-0.198509,0.021795,0.089971,-0.071585,-0.070919,0.012396,0.232776,-0.007696,-0.069956,0.052142,0.007285,0.225688,0.258172,0.217396,0.236720,0.416174,0.752049,0.147284,0.250336,0.091752,0.234357,0.345937,0.291132,-0.064210,-0.050805,0.227861,0.203164,0.752037,0.679931,0.130853,0.322012,0.223529,0.600921,0.308818,0.406685,0.433840,0.468906,0.139313,0.078702,0.433933,0.429344,-0.223167,-0.106974,0.153642,0.286091,0.109504,-0.035803,0.075715,0.222114
0.060388,0.321144,0.000000,1.481918,0.376623,0.800634,1.261950,0.952901,0.303099,0.560637,0.225278,0.061042,0.518864,0.313588,0.470744,0.176155,-0.068956,-0.129281,0.093983,0.075603,-0.003301,0.117751,1.653457,1.734953,0.901209,0.941075,0.033753,-0.072491,0.148106,0.038311,0.945269,0.958795,0.415628,0.622557,0.419226,0.377446,-0.115135,-0.120192,0.009294,-0.023285,0.022870,-0.035561,0.452212,0.381856,0.279225,0.416775,0.216682,0.393778,0.323536,0.359674,0.527277,0.352902,0.124700,0.297065,0.114089,0.099587,0.243102,0.509658,0.646732,0.689599,0.403121,0.408614,-0.004480,0.249507,0.489583,0.493466,0.879117,0.836630,0.281245,0.320151,0.354543,0.191652,0.080157,0.038837,-0.088952,0.040889,-0.027275,0.084861,-0.059041,-0.088872,0.094384,0.013721,0.272294,0.062153,0.545078,0.645767,0.582318,0.280766,0.370397,0.296194
0.208817,0.556291,1.481918,0.000000,0.540232,0.948802,0.906776,1.256344,0.455576,0.775883,0.182555,0.317391,0.387194,0.503599,0.471627,0.258355,0.049877,0.101820,0.245326,0.265097,0.014397,0.223402,1.384601,1.647532,0.924585,0.992407,0.188199,0.097166,0.116714,0.192471,0.856588,0.868991,0.416924,0.580352,0.222936,0.290808,-0.174907,-0.071657,-0.047177,0.004050,-0.050536,-0.023478,0.506992,0.425796,0.309686,0.436578,0.341345,0.534510,0.384989,0.443404,0.548237,0.408105,0.235136,0.446552,0.184742,0.209227,0.265039,0.516666,0.449165,0.574998,0.252816,0.301822,0.064905,0.181369,0.317053,0.347410,0.705717,0.739329,0.504272,0.465811,0.295329,0.263242,0.093571,0.218334,0.042689,0.163688,0.081499,0.226573,-0.000221,-0.026944,0.221543,0.189178,0.235323,0.079449,0.540621,0.693028,0.549829,0.244012,0.326469,0.358281
0.359958,0.119493,0.376623,0.540232,0.000000,0.932499,0.153975,0.456875,1.292863,1.235581,0.020556,0.334156,-0.077482,0.315488,0.615867,0.627505,0.038420,0.194937,0.539404,0.406065,0.067961,0.268714,0.316544,0.301126,0.833734,0.515195,0.655777,0.556791,-0.066742,0.114138,0.047346,-0.012348,-0.091432,-0.146265,-0.205659,0.062000,-0.299437,-0.237824,-0.104039,0.031237,-0.059923,0.062267,0.646391,0.511932,0.270281,0.335596,0.656207,0.839687,0.534107,0.555697,0.622715,0.455710,0.686875,0.827500,0.466797,0.442846,0.072109,-0.190943,-0.146544,-0.065648,-0.298477,-0.292299,-0.082125,-0.417323,-0.161788,-0.151201,0.141947,0.243311,0.421015,0.395591,-0.254889,0.071058,0.010896,0.054158,0.151958,0.229568,0.138078,0.174445,-0.153724,-0.033972,0.184300,0.079068,0.274041,0.116692,0.374574,0.348350,0.287066,0.248597,0.438654,0.568165
0.222883,0.221064,0.800634,0.948802,0.932499,0.000000,0.571348,0.727545,0.930686,1.265807,0.026092,0.185602,0.156234,0.361327,0.623121,0.266428,-0.084804,-0.009667,0.266204,0.249511,-0.054582,0.189937,0.717147,0.758861,1.128813,0.958243,0.469723,0.240079,-0.060292,0.040062,0.379845,0.360627,0.139146,0.118332,0.085351,0.275499,-0.308235,-0.255665,-0.156728,-0.089940,-0.021729,-0.026715,0.540624,0.422768,0.340128,0.442100,0.406511,0.550901,0.442926,0.543735,0.611368,0.446418,0.385177,0.526215,0.179641,0.214945,0.156534,0.125247,0.175562,0.238410,0.051992,0.034718,-0.062547,-0.096975,0.191050,0.198900,0.429054,0.516066,0.319786,0.336356,0.064892,0.076617,-0.074574,-0.021158,-0.049542,0.176477,-0.011895,0.097857,-0.129002,-0.035318,0.083811,0.018536,0.245952,0.039072,0.413432,0.458666,0.403618,0.222380,0.311586,0.390737
-0.031739,0.174041,1.261950,0.906776,0.153975,0.571348,0.000000,0.892495,0.231726,0.393499,0.507200,0.024455,0.884683,0.408191,0.493238,0.033543,0.014342,-0.176235,-0.118183,-0.084015,-0.064432,0.139037,1.039697,1.139739,0.562313,0.724313,-0.097112,-0.254674,0.313881,0.107102,0.919606,0.920074,0.414095,0.704860,0.436056,0.296768,-0.221119,-0.230092,-0.143398,-0.196016,0.045950,0.003612,0.256722,0.279263,0.302670,0.434512,0.022064,0.149437,0.227265,0.321365,0.395507,0.355321,-0.010649,0.112393,-0.155104,-0.087942,0.102992,0.539586,0.870347,0.904473,0.604352,0.787059,-0.054444,0.503421,0.774554,0.923484,0.837703,0.780511,0.020193,0.128851,0.580929,0.278349,0.063631,0.065249,-0.152871,-0.024293,-0.243509,-0.134600,-0.146188,-0.041721,-0.042411,0.084650,0.421411,0.046619,0.278140,0.519001,0.543149,0.091087,0.146553,0.160267
0.208503,0.667150,0.952901,1.256344,0.456875,0.727545,0.892495,0.000000,0.510208,0.805754,0.285952,0.576438,0.353002,0.890016,0.451061,0.343007,0.188368,0.247284,0.199365,0.328579,-0.107477,0.177221,0.915611,0.995204,0.620348,0.864262,0.256919,0.118584,0.068700,0.350638,0.648926,0.714909,0.552510,0.728456,0.196659,0.304219,-0.364037,-0.065423,-0.166064,-0.103484,0.025490,-0.079661,0.330896,0.273163,0.257776,0.296111,0.299963,0.504046,0.298264,0.337022,0.465110,0.345893,0.350313,0.497096,0.207804,0.276986,0.185010,0.574869,0.478663,0.663883,0.292103,0.482289,0.175208,0.355670,0.324035,0.437470,0.736724,0.781741,0.389551,0.519453,0.259788,0.301923,0.083606,0.429398,0.153438,0.376818,0.091908,0.225083,-0.077646,0.083688,0.264963,0.437098,0.213586,0.027475,0.415554,0.650997,0.450469,0.092963,0.271678,0.464954
0.294861,0.107155,0.303099,0.455576,1.292863,0.930686,0.231726,0.510208,0.000000,1.170107,0.115813,0.371297,0.062718,0.470219,0.701887,0.543643,0.102410,0.264971,0.443615,0.377203,-0.049527,0.181830,0.259188,0.246837,0.711532,0.491323,0.766328,0.464698,-0.070958,0.138756,0.031010,-0.051511,-0.038400,-0.075878,-0.096817,0.153011,-0.440645,-0.297377,-0.266819,-0.099688,-0.139131,0.102813,0.585113,0.444376,0.315379,0.369710,0.616733,0.693037,0.515144,0.557220,0.603862,0.473309,0.631074,0.741635,0.348647,0.389804,0.010213,-0.118618,-0.039415,0.072405,-0.172303,-0.078087,-0.031051,-0.228670,-0.034045,0.049895,0.216251,0.311680,0.312340,0.346287,-0.191895,0.083713,-0.010447,0.121265,0.070716,0.260957,0.081804,0.138845,-0.117144,0.069687,0.175747,0.256190,0.328549,0.123180,0.306718,0.413700,0.303267,0.179816,0.266253,0.509063
0.324015,0.268214,0.560637,0.775883,1.235581,1.265807,0.393499,0.805754,1.170107,0.000000,0.056409,0.365924,0.037613,0.495345,0.691435,0.571621,0.076038,0.197698,0.438306,0.406194,-0.056990,0.164155,0.536561,0.528646,0.995639,0.818421,0.625578,0.466336,-0.033655,0.203983,0.229650,0.184648,0.125338,0.114762,-0.012911,0.279455,-0.397878,-0.185931,-0.169122,-0.016121,-0.117569,-0.018680,0.490378,0.390254,0.275728,0.322066,0.586633,0.764881,0.424053,0.507725,0.601547,0.416254,0.630509,0.771289,0.409461,0.435643,0.167931,0.080719,0.111550,0.203934,-0.034942,-0.012744,0.062879,-0.140543,0.068388,0.103212,0.388750,0.501336,0.432694,0.459269,-0.095609,0.108453,-0.044988,0.095551,0.191492,0.276744,0.117731,0.252751,-0.058814,0.081158,0.244968,0.226700,0.304192,0.150708,0.452850,0.507613,0.379540,0.238857,0.425578,0.629457
0.240032,0.159568,0.225278,0.182555,0.020556,0.026092,0.507200,0.285952,0.115813,0.056409,0.000000,0.368015,0.900429,0.510019,0.323306,0.302706,0.651589,0.264179,0.155912,0.236890,0.254174,0.416027,0.174101,0.165053,0.063142,0.137358,-0.065240,0.080831,0.487183,0.326388,0.404461,0.338114,0.261574,0.391178,0.109035,0.093589,0.056342,0.031634,0.024969,0.034595,0.223825,0.177780,0.104403,0.283049,0.022920,0.192411,-0.022987,0.234181,0.241477,0.202453,0.246150,0.288885,0.146809,0.236820,0.087266,0.220458,0.028690,0.224501,0.315777,0.380709,0.223442,0.480832,0.182645,0.392027,0.258880,0.351242,0.292293,0.301239,0.148547,0.270485,0.431738,0.370022,0.473805,0.426017,0.191618,0.142567,0.062503,0.053716,0.091043,-0.026540,0.290748,0.317786,0.363054,0.018030,0.237048,0.387837,0.192362,-0.098351,0.175563,0.325484
0.323453,0.763935,0.061042,0.317391,0.334156,0.185602,0.024455,0.576438,0.371297,0.365924,0.368015,0.000000,0.087539,1.163104,0.106555,0.526104,0.625750,0.847393,0.357280,0.656837,0.077841,0.406370,0.055258,0.085452,0.101660,0.251960,0.343022,0.403496,0.009638,0.533043,0.138909,0.166739,0.304148,0.297366,-0.203482,-0.042805,-0.059679,0.288450,-0.068769,0.091044,0.256487,0.143914,0.190994,0.249556,-0.020195,0.087876,0.145049,0.511878,0.274338,0.261216,0.248431,0.304791,0.588417,0.658817,0.373161,0.514455,0.091297,0.245260,-0.049940,0.132310,-0.120425,0.094890,0.433950,0.190662,-0.222767,-0.130594,0.109958,0.193002,0.391600,0.542995,-0.043597,0.408241,0.273254,1.003991,0.344854,0.614334,0.416730,0.459497,0.109894,0.085044,0.652590,0.739878,0.051834,0.000781,0.238092,0.383009,0.098746,-0.107207,0.070174,0.456043
-0.104398,0.054275,0.518864,0.387194,-0.077482,0.156234,0.884683,0.353002,0.062718,0.037613,0.900429,0.087539,0.000000,0.466639,0.358363,0.133273,0.112892,-0.123360,-0.222973,-0.192621,0.184051,0.254344,0.510981,0.543178,0.246962,0.393806,-0.295892,-0.262339,0.598697,0.201870,0.892100,0.769847,0.284191,0.556353,0.413785,0.192477,0.108834,-0.018075,-0.014310,0.032113,0.011354,0.079587,0.175852,0.334735,0.183429,0.368842,-0.143011,0.031327,0.156137,0.235740,0.275693,0.353370,-0.145299,0.015486,-0.202605,-0.089504,0.009000,0.469437,0.714738,0.766297,0.568142,0.784043,-0.008965,0.608003,0.662186,0.881028,0.481066,0.473735,-0.056406,-0.002522,0.590319,0.268305,0.195130,0.120737,-0.210508,-0.253802,-0.223866,-0.176418,-0.068254,-0.036879,-0.062642,0.067478,0.416610,0.091270,0.146769,0.385006,0.424503,0.036217,0.028829,0.037016
0.131412,0.622435,0.313588,0.503599,0.315488,0.361327,0.408191,0.890016,0.470219,0.495345,0.510019,1.163104,0.466639,0.000000,0.334031,0.570358,0.406518,0.486253,0.144889,0.379903,0.091832,0.329511,0.331025,0.367478,0.236912,0.428332,0.252127,0.212534,0.150656,0.550515,0.392930,0.430556,0.449897,0.522892,0.045033,0.149543,-0.194904,0.107427,-0.144351,0.016430,0.085269,-0.019389,0.236631,0.328404,0.130372,0.224164,0.170661,0.479723,0.284888,0.323507,0.368012,0.409541,0.409192,0.539668,0.254833,0.392138,0.051107,0.445225,0.317017,0.519698,0.201971,0.476716,0.352283,0.437186,0.162207,0.321451,0.383786,0.473743,0.290336,0.459480,0.155312,0.358489,0.166623,0.674829,0.145342,0.399105,0.141861,0.249337,-0.047994,0.160471,0.345274,0.627503,0.139488,0.012287,0.219354,0.448131,0.248880,-0.088267,0.106995,0.457924
0.167378,0.043794,0.470744,0.471627,0.615867,0.623121,0.493238,0.451061,0.701887,0.691435,0.323306,0.106555,0.358363,0.334031,0.000000,0.520129,0.037615,0.090458,0.279408,0.210189,0.222436,0.398810,0.433688,0.413009,0.516538,0.431942,0.384159,0.156968,0.175339,0.177205,0.243734,0.221819,-0.007253,0.061568,0.114517,0.268331,-0.326240,-0.219335,-0.252398,0.025479,-0.132622,0.087419,0.511063,0.487600,0.385485,0.460478,0.440697,0.512498,0.431904,0.512872,0.677318,0.521594,0.390389,0.522292,0.214034,0.267253,0.029278,0.008980,0.086500,0.199880,-0.056066,0.083469,-0.075648,-0.037031,0.215706,0.318520,0.239345,0.373950,0.224361,0.228775,0.202986,0.299510,0.008022,0.034629,0.099877,0.099400,-0.141087,-0.036088,0.002453,0.185883,0.101556,0.196792,0.461636,0.175176,0.372659,0.468361,0.382782,0.151899,0.299424,0.501653
0.257737,0.260598,0.176155,0.258355,0.627505,0.266428,0.033543,0.343007,0.543643,0.571621,0.302706,0.526104,0.133273,0.570358,0.520129,0.000000,0.369375,0.474122,0.439958,0.477070,0.241747,0.223823,0.192271,0.119539,0.420213,0.294008,0.509523,0.666159,0.214827,0.377169,0.132719,0.114475,0.109251,0.094188,-0.044646,0.208004,-0.089910,0.078774,0.087940,0.277573,-0.052027,-0.068725,0.317693,0.329995,0.015572,0.006491,0.568754,0.795757,0.220141,0.189294,0.320749,0.222010,0.668600,0.712320,0.701195,0.642589,0.174505,0.109019,0.010983,0.115165,-0.175846,-0.021604,0.227392,-0.009729,-0.184044,-0.091050,0.143681,0.265132,0.451880,0.494389,-0.127345,0.148714,0.195054,0.270829,0.291498,0.337561,0.294634,0.291202,0.158837,0.208813,0.420325,0.372174,0.234879,0.171391,0.365976,0.439291,0.103341,0.177139,0.477181,0.782195
0.433629,0.263989,-0.068956,0.049877,0.038420,-0.084804,0.014342,0.188368,0.102410,0.076038,0.651589,0.625750,0.112892,0.406518,0.037615,0.369375,0.000000,1.058149,0.495252,0.739758,0.106645,0.341576,-0.090381,-0.115785,-0.074715,-0.025745,0.288638,0.358378,0.369935,0.674880,0.101422,0.053010,0.393696,0.264350,-0.117561,0.031812,-0.038984,0.152234,-0.116402,0.154266,0.138272,0.294714,-0.000925,0.074570,-0.085561,-0.010802,0.114722,0.379642,0.246871,0.152189,0.084222,0.148165,0.393430,0.443361,0.383204,0.542710,0.163994,0.075731,-0.006792,0.118200,-0.080534,0.120008,0.654078,0.225752,-0.124642,-0.149221,0.131397,0.182645,0.343869,0.497948,0.039344,0.213184,0.652911,0.784145,0.506410,0.536219,0.396654,0.377582,0.429653,0.319332,0.923893,0.909429,0.162771,-0.030853,0.332642,0.416822,-0.163991,-0.240753,0.072553,0.433928
0.471282,0.438165,-0.129281,0.101820,0.194937,-0.009667,-0.176235,0.247284,0.264971,0.197698,0.264179,0.847393,-0.123360,0.486253,0.090458,0.474122,1.058149,0.000000,0.530729,0.828077,0.046558,0.261207,-0.116831,-0.123443,0.009192,0.038250,0.549408,0.453732,0.174833,0.724939,0.000762,-0.010307,0.383561,0.186684,-0.146146,0.101245,-0.213047,0.126524,-0.225391,0.143603,-0.036200,0.205669,0.040636,0.081135,0.024543,0.018435,0.215350,0.446473,0.264895,0.208316,0.075147,0.127432,0.427844,0.523859,0.431606,0.567865,0.229365,0.151310,-0.089863,0.048288,-0.169667,-0.003737,0.580426,0.165906,-0.268430,-0.268544,0.073110,0.150434,0.509708,0.599854,-0.208153,0.146119,0.420669,0.832183,0.505169,0.621146,0.428390,0.465306,0.455403,0.433813,0.854118,1.111097,0.028519,-0.013880,0.228007,0.435951,-0.199572,-0.167668,-0.041426,0.432859
0.564129,0.244362,0.093983,0.245326,0.539404,0.266204,-0.118183,0.199365,0.443615,0.438306,0.155912,0.357280,-0.222973,0.144889,0.279408,0.439958,0.495252,0.530729,0.000000,1.188780,0.202924,0.316696,0.092001,-0.006284,0.267249,0.097588,0.628104,0.680811,-0.158528,0.217938,-0.071324,-0.108543,0.162263,0.013934,-0.160060,0.291387,0.026123,0.109662,0.176923,0.355293,-0.008651,0.215461,0.231315,0.193539,-0.116135,-0.012553,0.482692,0.791163,0.338439,0.178644,0.355208,0.093521,0.577040,0.729082,1.007011,1.010186,0.329769,-0.162786,-0.304237,-0.188858,-0.320864,-0.370435,0.214004,-0.403973,-0.376032,-0.423121,0.130247,0.178928,0.789737,0.711142,-0.379154,-0.089820,0.468476,0.363043,0.656735,0.446017,0.746980,0.698209,0.145090,0.042930,0.648208,0.314929,-0.137674,-0.070310,0.762341,0.469745,-0.019246,0.174768,0.668419,0.840468
0.641094,0.522140,0.075603,0.265097,0.406065,0.249511,-0.084015,0.328579,0.377203,0.406194,0.236890,0.656837,-0.192621,0.379903,0.210189,0.477070,0.739758,0.828077,1.188780,0.000000,0.219299,0.327053,0.027255,-0.007781,0.184769,0.144709,0.589819,0.706886,-0.180505,0.326392,-0.072610,-0.066195,0.359198,0.181901,-0.092377,0.279737,0.043340,0.260319,0.133467,0.239757,0.241297,0.161106,0.177351,0.182999,-0.106409,-0.038107,0.356629,0.682171,0.304855,0.132437,0.268567,0.106284,0.731941,0.690877,0.860777,0.854259,0.384062,0.026443,-0.160589,-0.062589,-0.175632,-0.137838,0.545758,-0.124996,-0.276849,-0.361565,0.189436,0.208754,0.797320,0.970554,-0.280671,0.028141,0.600130,0.709743,0.693333,0.655565,0.935985,0.803972,0.277293,0.176197,1.024638,0.658012,-0.218784,-0.083532,0.628557,0.497440,-0.147525,-0.051319,0.354983,0.736799
0.138611,0.005197,-0.003301,0.014397,0.067961,-0.054582,-0.064432,-0.107477,-0.049527,-0.056990,0.254174,0.077841,0.184051,0.091832,0.222436,0.241747,0.106645,0.046558,0.202924,0.219299,0.000000,0.663772,0.016328,-0.019175,-0.134892,-0.155322,0.063959,0.307756,0.172245,0.092311,0.140755,0.084715,0.037646,-0.011512,-0.015645,0.040873,0.413428,0.367539,0.384608,0.535507,0.072599,0.129987,0.155792,0.189957,-0.135226,0.016012,0.146788,0.209035,0.102490,0.046830,0.113675,0.096472,0.071030,0.066937,0.323213,0.297233,-0.028571,-0.172298,-0.108468,-0.021223,-0.115667,-0.081116,0.042506,-0.209176,-0.096253,-0.071358,-0.031687,0.032792,0.185065,0.142355,0.114074,0.171481,0.410114,0.161473,0.267485,0.067625,0.253013,0.322657,0.144062,-0.077489,0.185214,-0.003698,0.041676,0.081245,0.213561,0.070376,0.040533,0.005924,0.257596,0.339780
0.224798,0.141332,0.117751,0.223402,0.268714,0.189937,0.139037,0.177221,0.181830,0.164155,0.416027,0.406370,0.254344,0.329511,0.398810,0.223823,0.341576,0.261207,0.316696,0.327053,0.663772,0.000000,0.105185,0.122511,0.021214,0.078713,0.269103,0.376483,0.140432,0.179155,0.243849,0.233080,0.053831,0.038186,-0.160696,-0.123339,0.131172,0.191882,0.076091,0.260427,0.195393,0.277543,0.190402,0.200329,-0.055262,0.104280,0.084820,0.315039,0.171021,0.213115,0.215274,0.214793,0.240706,0.290109,0.208018,0.307826,-0.054027,-0.108636,-0.161012,0.014993,-0.228058,-0.049752,0.016349,-0.096313,-0.149078,-0.051353,-0.007448,0.099102,0.205062,0.214900,0.178557,0.455817,0.364423,0.380742,0.402368,0.219828,0.157685,0.218987,0.103840,-0.036681,0.341517,0.243632,0.187567,-0.015215,0.265855,0.216849,0.138229,-0.065160,0.215092,0.412969
0.013846,0.281972,1.653457,1.384601,0.316544,0.717147,1.039697,0.915611,0.259188,0.536561,0.174101,0.055258,0.510981,0.331025,0.433688,0.192271,-0.090381,-0.116831,0.092001,0.027255,0.016328,0.105185,0.000000,1.831580,0.837504,0.840781,0.070004,-0.052003,0.218950,0.102009,1.138826,1.140280,0.469927,0.659843,0.451096,0.456417,-0.138631,-0.058788,-0.018198,0.115586,-0.187384,-0.006709,0.366623,0.280832,0.292475,0.369635,0.253407,0.373673,0.259324,0.318177,0.464705,0.288062,-0.009200,0.247002,0.101138,0.117699,0.212757,0.536304,0.637812,0.736167,0.403007,0.406659,-0.046223,0.265495,0.462864,0.530826,0.897534,0.909416,0.253897,0.245324,0.377764,0.130291,-0.000888,-0.004850,-0.086135,-0.003928,-0.054136,0.123991,-0.008396,-0.067047,0.042590,0.012912,0.274943,0.129020,0.563308,0.662287,0.610702,0.362604,0.419239,0.292812
-0.013425,0.372355,1.734953,1.647532,0.301126,0.758861,1.139739,0.995204,0.246837,0.528646,0.165053,0.085452,0.543178,0.367478,0.413009,0.119539,-0.115785,-0.123443,-0.006284,-0.007781,-0.019175,0.122511,1.831580,0.000000,0.804877,0.940815,-0.029276,-0.127540,0.208233,0.110059,1.076881,1.118999,0.428144,0.656646,0.437040,0.327869,-0.141592,-0.103153,-0.056122,-0.049749,-0.104800,-0.116667,0.410146,0.357101,0.344348,0.438494,0.193275,0.311628,0.266100,0.358263,0.470268,0.360698,-0.005265,0.218103,-0.013932,0.003773,0.194028,0.592221,0.654772,0.727879,0.445036,0.474103,-0.022042,0.328078,0.543462,0.591740,0.782953,0.773676,0.262869,0.234941,0.446226,0.228866,-0.008382,0.035495,-0.122545,-0.029215,-0.103384,0.060661,-0.063383,-0.048063,0.025843,0.019585,0.270738,0.105313,0.430003,0.587796,0.660618,0.288822,0.259587,0.183024
0.245845,0.190840,0.901209,0.924585,0.833734,1.128813,0.562313,0.620348,0.711532,0.995639,0.063142,0.101660,0.246962,0.236912,0.516538,0.420213,-0.074715,0.009192,0.267249,0.184769,-0.134892,0.021214,0.837504,0.804877,0.000000,1.210259,0.345990,0.214668,0.112792,0.061910,0.543730,0.472590,0.197993,0.209153,0.225048,0.426811,-0.208484,-0.164557,-0.040392,0.025078,-0.120570,0.033587,0.514400,0.462245,0.375042,0.418438,0.402889,0.601678,0.416213,0.478472,0.581313,0.395046,0.347925,0.561170,0.261411,0.247137,0.324965,0.263289,0.292897,0.288942,0.108045,0.012406,-0.072698,-0.046269,0.179282,0.170494,0.507117,0.565877,0.421753,0.375937,0.009131,0.033947,0.062534,-0.114365,-0.063475,0.027646,0.009694,0.075507,-0.033167,-0.035775,0.127832,-0.000051,0.257464,0.117994,0.505674,0.637874,0.373983,0.384482,0.385108,0.358860
0.126866,0.374845,0.941075,0.992407,0.515195,0.958243,0.724313,0.864262,0.491323,0.818421,0.137358,0.251960,0.393806,0.428332,0.431942,0.294008,-0.025745,0.038250,0.097588,0.144709,-0.155322,0.078713,0.840781,0.940815,1.210259,0.000000,0.173182,0.081061,0.128047,0.197043,0.758278,0.723722,0.351866,0.418523,0.342772,0.388945,-0.190911,-0.059452,-0.177167,-0.111366,0.008893,-0.070740,0.401601,0.394898,0.359419,0.437420,0.183176,0.432360,0.334381,0.461109,0.484694,0.423816,0.311489,0.510251,0.089076,0.164462,0.267604,0.473915,0.428926,0.489688,0.270362,0.255170,0.055487,0.232711,0.290431,0.353433,0.597347,0.672274,0.316390,0.321185,0.173169,0.185099,0.072310,0.109176,-0.051732,0.142743,-0.011584,0.067612,-0.105761,0.049890,0.180972,0.191250,0.268053,0.034208,0.421918,0.689619,0.427506,0.196208,0.190182,0.306099
0.391484,0.167756,0.033753,0.188199,0.655777,0.469723,-0.097112,0.256919,0.766328,0.625578,-0.065240,0.343022,-0.295892,0.252127,0.384159,0.509523,0.288638,0.549408,0.628104,0.589819,0.063959,0.269103,0.070004,-0.029276,0.345990,0.173182,0.000000,0.860956,-0.068046,0.231257,-0.075211,-0.091453,0.164777,-0.054204,-0.164780,0.199984,-0.382541,-0.030630,-0.167436,0.197249,-0.209762,0.173264,0.125008,0.016649,0.010997,-0.031990,0.490349,0.552762,0.201279,0.187586,0.121600,0.011633,0.465236,0.491009,0.553821,0.575816,0.126124,-0.043127,-0.179279,-0.014461,-0.309008,-0.195261,0.045764,-0.199945,-0.377916,-0.266621,0.130450,0.215966,0.440895,0.432831,-0.354255,-0.091016,0.017465,0.134119,0.280584,0.429348,0.280949,0.334453,0.151683,0.247860,0.374833,0.437348,0.089884,-0.002338,0.223354,0.275850,-0.124979,0.035147,0.290290,0.570475
0.444358,0.294970,-0.072491,0.097166,0.556791,0.240079,-0.254674,0.118584,0.464698,0.466336,0.080831,0.403496,-0.262339,0.212534,0.156968,0.666159,0.358378,0.453732,0.680811,0.706886,0.307756,0.376483,-0.052003,-0.127540,0.214668,0.081061,0.860956,0.000000,-0.104647,0.109673,-0.128877,-0.169846,-0.003558,-0.136346,-0.352623,0.001671,0.023002,0.210936,0.180621,0.296473,0.033000,0.018027,0.151738,0.088925,-0.158841,-0.162871,0.533674,0.567037,0.132063,0.044947,0.058290,-0.038970,0.633322,0.495723,0.716500,0.628409,0.104344,-0.120402,-0.320631,-0.184050,-0.480742,-0.311671,0.080951,-0.347935,-0.604758,-0.527216,-0.049715,0.018179,0.596520,0.533498,-0.262734,0.087509,0.198779,0.261937,0.501821,0.380182,0.516172,0.501412,0.215495,0.070220,0.518997,0.329731,-0.037433,-0.031038,0.225296,0.149169,-0.181170,-0.000920,0.397462,0.604529
-0.088440,-0.153689,0.148106,0.116714,-0.066742,-0.060292,0.313881,0.068700,-0.070958,-0.033655,0.487183,0.009638,0.598697,0.150656,0.175339,0.214827,0.369935,0.174833,-0.158528,-0.180505,0.172245,0.140432,0.218950,0.208233,0.112792,0.128047,-0.068046,-0.104647,0.000000,0.782477,0.553448,0.457348,0.225310,0.307377,0.155980,0.026049,-0.173177,-0.106180,-0.263855,0.144368,-0.335315,0.066707,-0.016280,0.147827,0.243025,0.188198,-0.044990,0.028967,0.131908,0.237998,0.044740,0.268451,-0.137189,0.050607,-0.120212,-0.026232,-0.028937,0.212968,0.345670,0.392373,0.211323,0.340868,0.038699,0.396836,0.270454,0.362236,0.143675,0.236354,-0.096455,-0.107202,0.381813,0.223682,0.138866,-0.010227,-0.144436,-0.176845,-0.372609,-0.328258,0.211856,0.303150,-0.004268,0.159265,0.649081,0.261353,-0.028810,0.178611,0.107610,0.027772,-0.000638,-0.021315
0.105836,0.284336,0.038311,0.192471,0.114138,0.040062,0.107102,0.350638,0.138756,0.203983,0.326388,0.533043,0.201870,0.550515,0.177205,0.377169,0.674880,0.724939,0.217938,0.326392,0.092311,0.179155,0.102009,0.110059,0.061910,0.197043,0.231257,0.109673,0.782477,0.000000,0.313512,0.309910,0.512844,0.443390,0.110069,0.181678,-0.356067,0.036453,-0.362733,0.143007,-0.266576,-0.020691,0.028833,0.188152,0.303117,0.194772,0.034497,0.302123,0.297343,0.335068,0.200922,0.370230,0.156985,0.429317,0.175002,0.383781,0.106990,0.267819,0.175746,0.322434,0.133119,0.245884,0.441386,0.399986,0.113220,0.166261,0.195501,0.341488,0.199954,0.235080,0.085230,0.188326,0.284269,0.497256,0.181904,0.336065,-0.006525,0.058432,0.155470,0.623137,0.311158,0.679115,0.260084,0.162676,0.131415,0.394354,0.028987,-0.030724,0.046847,0.281957
0.000151,0.279804,0.945269,0.856588,0.047346,0.379845,0.919606,0.648926,0.031010,0.229650,0.404461,0.138909,0.892100,0.392930,0.243734,0.132719,0.101422,0.000762,-0.071324,-0.072610,0.140755,0.243849,1.138826,1.076881,0.543730,0.758278,-0.075211,-0.128877,0.553448,0.313512,0.000000,1.821204,0.623716,0.852087,0.499946,0.359812,0.028522,0.153368,0.002747,0.255402,-0.149944,0.093217,0.176357,0.215479,0.199244,0.343981,-0.014430,0.185611,0.166619,0.269744,0.270287,0.269758,-0.174111,0.114396,-0.055232,0.055221,0.204924,0.704630,0.751857,0.932585,0.512875,0.581459,0.062361,0.535585,0.500138,0.623168,0.800985,0.838128,0.164155,0.148713,0.506773,0.222609,0.196633,0.143687,-0.085881,-0.107896,-0.071968,0.069947,0.075025,-0.015750,0.094071,0.132458,0.363331,0.109082,0.388571,0.637690,0.521295,0.235465,0.208318,0.167294
-0.036251,0.351989,0.958795,0.868991,-0.012348,0.360627,0.920074,0.714909,-0.051511,0.184648,0.338114,0.166739,0.769847,0.430556,0.221819,0.114475,0.053010,-0.010307,-0.108543,-0.066195,0.084715,0.233080,1.140280,1.118999,0.472590,0.723722,-0.091453,-0.169846,0.457348,0.309910,1.821204,0.000000,0.634889,0.861333,0.487350,0.385011,-0.006169,0.159286,-0.006037,0.205097,-0.090677,-0.015049,0.131376,0.157943,0.219962,0.303320,-0.085322,0.147426,0.124631,0.225812,0.234577,0.227646,-0.202943,0.074316,-0.099811,0.002321,0.225092,0.769091,0.711823,0.878051,0.516430,0.590371,0.064751,0.595221,0.488908,0.635714,0.745637,0.790571,0.116559,0.129935,0.575783,0.240031,0.148788,0.182370,-0.076400,-0.025073,-0.076621,0.050068,0.076187,0.034283,0.082113,0.134977,0.263397,0.082942,0.353817,0.573251,0.480947,0.224711,0.170022,0.137345
0.164080,0.467367,0.415628,0.416924,-0.091432,0.139146,0.414095,0.552510,-0.038400,0.125338,0.261574,0.304148,0.284191,0.449897,-0.007253,0.109251,0.393696,0.383561,0.162263,0.359198,0.037646,0.053831,0.469927,0.428144,0.197993,0.351866,0.164777,-0.003558,0.225310,0.512844,0.623716,0.634889,0.000000,1.263562,0.672309,0.642328,-0.052949,0.256978,0.015238,0.292568,-0.107751,-0.009132,-0.118717,-0.026113,0.034950,0.040354,-0.130041,0.193589,0.094110,0.015400,0.096018,0.006319,-0.061195,0.135585,0.246917,0.355360,0.445305,0.821172,0.794732,0.923605,0.704910,0.676054,0.620526,0.732591,0.448280,0.393530,0.982604,0.915488,0.359398,0.512834,0.033412,-0.145690,0.380017,0.360428,0.217329,0.184734,0.265783,0.370852,0.164940,0.257399,0.360496,0.463611,-0.142025,-0.078357,0.388971,0.573879,0.052925,0.010547,0.179851,0.292970
0.045685,0.551238,0.622557,0.580352,-0.146265,0.118332,0.704860,0.728456,-0.075878,0.114762,0.391178,0.297366,0.556353,0.522892,0.061568,0.094188,0.264350,0.186684,0.013934,0.181901,-0.011512,0.038186,0.659843,0.656646,0.209153,0.418523,-0.054204,-0.136346,0.307377,0.443390,0.852087,0.861333,1.263562,0.000000,0.683222,0.482202,-0.008142,0.235317,0.075019,0.172137,-0.042111,-0.021928,-0.041437,0.067031,0.063196,0.095141,-0.112515,0.130374,0.011157,-0.016412,0.118397,0.040492,-0.083295,0.068212,0.109663,0.181256,0.393031,1.089031,1.088834,1.166257,0.915263,0.947588,0.411383,0.885561,0.639303,0.606439,1.067697,0.909830,0.251760,0.376230,0.272349,0.080967,0.274959,0.342924,0.105319,0.071984,0.179860,0.232106,0.076373,0.124703,0.225443,0.361258,0.009216,0.054684,0.330115,0.563052,0.258629,0.075878,0.167100,0.195246
-0.322818,-0.004472,0.419226,0.222936,-0.205659,0.085351,0.436056,0.196659,-0.096817,-0.012911,0.109035,-0.203482,0.413785,0.045033,0.114517,-0.044646,-0.117561,-0.146146,-0.160060,-0.092377,-0.015645,-0.160696,0.451096,0.437040,0.225048,0.342772,-0.164780,-0.352623,0.155980,0.110069,0.499946,0.487350,0.672309,0.683222,0.000000,0.747275,0.009630,0.134003,0.018067,0.078996,-0.213091,-0.165811,0.084297,0.158534,0.309059,0.229744,-0.165975,0.003004,0.093800,0.078230,0.249613,0.153226,-0.306233,-0.031457,-0.053663,-0.001793,0.193610,0.472282,0.811779,0.643969,0.927153,0.621363,0.296261,0.614325,0.902905,0.755663,0.781032,0.674207,-0.051524,-0.007663,0.117982,-0.186512,0.114384,-0.030396,-0.163825,-0.123751,-0.018629,0.058641,0.015067,0.201029,-0.038389,0.024398,-0.064869,0.067479,0.275373,0.501098,0.267553,0.240600,0.058138,-0.005827
0.179166,0.107757,0.377446,0.290808,0.062000,0.275499,0.296768,0.304219,0.153011,0.279455,0.093589,-0.042805,0.192477,0.149543,0.268331,0.208004,0.031812,0.101245,0.291387,0.279737,0.040873,-0.123339,0.456417,0.327869,0.426811,0.388945,0.199984,0.001671,0.026049,0.181678,0.359812,0.385011,0.642328,0.482202,0.747275,0.000000,-0.044012,0.132757,0.096473,0.318183,-0.199019,-0.003231,0.034536,0.013058,0.169109,0.113353,0.059827,0.270882,0.128550,0.054020,0.267655,0.039720,-0.032116,0.177815,0.351082,0.385731,0.495380,0.387248,0.473776,0.446408,0.519732,0.292314,0.242567,0.221285,0.397460,0.380600,0.726254,0.749790,0.283519,0.404999,-0.099009,-0.311984,0.233760,0.019845,0.170446,0.122226,0.228999,0.315028,0.198722,0.229780,0.173750,0.145086,-0.122750,0.000718,0.599472,0.645876,0.115893,0.225598,0.346303,0.434079
0.090144,0.021047,-0.115135,-0.174907,-0.299437,-0.308235,-0.221119,-0.364037,-0.440645,-0.397878,0.056342,-0.059679,0.108834,-0.194904,-0.326240,-0.089910,-0.038984,-0.213047,0.026123,0.043340,0.413428,0.131172,-0.138631,-0.141592,-0.208484,-0.190911,-0.382541,0.023002,-0.173177,-0.356067,0.028522,-0.006169,-0.052949,-0.008142,0.009630,-0.044012,0.000000,0.768241,0.980441,0.527439,0.508603,0.256030,-0.111657,-0.092104,-0.597908,-0.249872,-0.227827,-0.096088,-0.242369,-0.354092,-0.157715,-0.297544,-0.079762,-0.209621,0.181465,0.065680,0.264701,-0.032886,-0.047326,-0.087598,0.052447,-0.142767,0.091211,-0.170247,-0.131864,-0.233209,-0.048786,-0.128897,0.068650,0.059469,-0.019752,-0.054467,0.295178,0.005992,0.157654,-0.263797,0.544376,0.401476,0.110118,-0.523000,0.197068,-0.280238,-0.173440,0.070702,0.197058,-0.099680,0.014610,0.105923,0.125707,0.020866
0.099574,0.310593,-0.120192,-0.071657,-0.237824,-0.255665,-0.230092,-0.065423,-0.297377,-0.185931,0.031634,0.288450,-0.018075,0.107427,-0.219335,0.078774,0.152234,0.126524,0.109662,0.260319,0.367539,0.191882,-0.058788,-0.103153,-0.164557,-0.059452,-0.030630,0.210936,-0.106180,0.036453,0.153368,0.159286,0.256978,0.235317,0.134003,0.132757,0.768241,0.000000,0.637978,0.800006,0.323040,0.270904,-0.098787,-0.102386,-0.371457,-0.195783,-0.079104,0.081410,-0.091048,-0.176812,-0.076727,-0.147286,0.043904,0.044090,0.316757,0.293764,0.210133,0.120923,-0.028983,0.080055,0.041094,-0.041323,0.316066,0.044702,-0.203553,-0.161659,0.108248,0.113768,0.098469,0.128205,0.005815,0.103055,0.282403,0.336318,0.374239,0.086810,0.622768,0.619788,0.288626,-0.133170,0.457538,0.195523,-0.111345,0.199424,0.260156,0.154794,0.050122,0.181379,0.160547,0.221580
0.140669,0.114712,0.009294,-0.047177,-0.104039,-0.156728,-0.143398,-0.166064,-0.266819,-0.169122,0.024969,-0.068769,-0.014310,-0.144351,-0.252398,0.087940,-0.116402,-0.225391,0.176923,0.133467,0.384608,0.076091,-0.018198,-0.056122,-0.040392,-0.177167,-0.167436,0.180621,-0.263855,-0.362733,0.002747,-0.006037,0.015238,0.075019,0.018067,0.096473,0.980441,0.637978,0.000000,0.585700,0.431728,0.081250,-0.118448,-0.116709,-0.638687,-0.371365,-0.011922,0.043494,-0.283979,-0.429055,-0.116105,-0.371610,-0.038745,-0.161410,0.409483,0.211358,0.268607,0.014550,-0.012507,-0.048115,0.042444,-0.119462,-0.003119,-0.208745,-0.157896,-0.236402,0.058113,-0.044031,0.189799,0.179902,-0.091950,-0.101012,0.238860,-0.052034,0.234988,-0.142580,0.583858,0.485748,0.041887,-0.611819,0.114895,-0.369265,-0.252262,0.137300,0.226360,-0.048423,0.091081,0.323206,0.508909,0.239313
0.237452,0.026780,-0.023285,0.004050,0.031237,-0.089940,-0.196016,-0.103484,-0.099688,-0.016121,0.034595,0.091044,0.032113,0.016430,0.025479,0.277573,0.154266,0.143603,0.355293,0.239757,0.535507,0.260427,0.115586,-0.049749,0.025078,-0.111366,0.197249,0.296473,0.144368,0.143007,0.255402,0.205097,0.292568,0.172137,0.078996,0.318183,0.527439,0.800006,0.585700,0.000000,-0.126559,0.402755,0.015388,-0.009040,-0.258484,-0.089386,0.121010,0.299497,0.068689,-0.013671,0.096484,-0.073712,-0.018176,0.139565,0.561500,0.563399,0.309079,-0.003993,-0.024346,0.122000,-0.032610,-0.181191,0.159629,-0.135479,-0.173006,-0.161003,0.210033,0.304642,0.215064,0.197529,-0.165327,-0.178001,0.256932,0.063871,0.332520,-0.042831,0.454485,0.543463,0.371118,-0.075442,0.289841,0.036957,0.012953,0.315840,0.472622,0.262233,0.050410,0.382576,0.507885,0.431511
0.169856,0.205653,0.022870,-0.050536,-0.059923,-0.021729,0.045950,0.025490,-0.139131,-0.117569,0.223825,0.256487,0.011354,0.085269,-0.132622,-0.052027,0.138272,-0.036200,-0.008651,0.241297,0.072599,0.195393,-0.187384,-0.104800,-0.120570,0.008893,-0.209762,0.033000,-0.335315,-0.266576,-0.149944,-0.090677,-0.107751,-0.042111,-0.213091,-0.199019,0.508603,0.323040,0.431728,-0.126559,0.000000,0.151588,-0.016319,-0.020612,-0.430494,-0.175114,-0.174669,-0.032204,-0.087069,-0.179900,-0.047450,-0.080863,0.370797,0.024661,0.093554,-0.001269,0.047465,-0.066198,-0.095958,-0.124391,-0.060312,-0.001902,0.130861,-0.037721,-0.174395,-0.210453,-0.080806,-0.173070,-0.038846,0.198208,0.109756,0.230522,0.236184,0.298954,0.154301,0.188920,0.370184,0.168768,-0.105961,-0.415175,0.352004,0.011060,-0.066369,-0.120440,0.106200,-0.052787,0.026718,-0.183942,0.043888,0.150265
0.306256,-0.198509,-0.035561,-0.023478,0.062267,-0.026715,0.003612,-0.079661,0.102813,-0.018680,0.177780,0.143914,0.079587,-0.019389,0.087419,-0.068725,0.294714,0.205669,0.215461,0.161106,0.129987,0.277543,-0.006709,-0.116667,0.033587,-0.070740,0.173264,0.018027,0.066707,-0.020691,0.093217,-0.015049,-0.009132,-0.021928,-0.165811,-0.003231,0.256030,0.270904,0.081250,0.402755,0.151588,0.000000,0.035948,-0.046256,-0.176464,0.078230,0.023203,0.100863,0.124803,0.109586,0.044066,-0.009188,0.117285,0.110935,0.167206,0.210890,0.099098,-0.177734,-0.067425,0.018655,-0.092610,-0.170610,-0.033414,-0.199729,-0.155200,-0.157275,0.113448,0.115382,-0.012965,0.101335,-0.118030,-0.004940,0.191905,0.125881,0.122236,0.009680,0.216089,0.181862,0.149970,-0.292036,0.323657,0.175336,0.305995,0.237290,0.304536,0.220520,-0.022624,0.073551,0.033575,0.171892
-0.012348,0.021795,0.452212,0.506992,0.646391,0.540624,0.256722,0.330896,0.585113,0.490378,0.104403,0.190994,0.175852,0.236631,0.511063,0.317693,-0.000925,0.040636,0.231315,0.177351,0.155792,0.190402,0.366623,0.410146,0.514400,0.401601,0.125008,0.151738,-0.016280,0.028833,0.176357,0.131376,-0.118717,-0.041437,0.084297,0.034536,-0.111657,-0.098787,-0.118448,0.015388,-0.016319,0.035948,0.000000,1.415713,0.725843,1.010330,0.711278,0.833834,1.100550,1.073790,1.208758,1.065095,0.485279,0.775127,0.267376,0.319909,-0.116933,-0.230054,-0.049620,0.012702,-0.124073,-0.137425,0.013893,-0.204681,0.137096,0.109842,0.194086,0.309588,0.132075,0.100450,0.029341,0.147591,0.109236,0.171787,-0.032414,0.141710,0.035576,0.087565,-0.085897,0.010469,0.151502,0.112374,0.209537,0.188693,0.501461,0.529998,0.442720,0.250958,0.188477,0.317206
-0.028092,0.089971,0.381856,0.425796,0.511932,0.422768,0.279263,0.273163,0.444376,0.390254,0.283049,0.249556,0.334735,0.328404,0.487600,0.329995,0.074570,0.081135,0.193539,0.182999,0.189957,0.200329,0.280832,0.357101,0.462245,0.394898,0.016649,0.088925,0.147827,0.188152,0.215479,0.157943,-0.026113,0.067031,0.158534,0.013058,-0.092104,-0.102386,-0.116709,-0.009040,-0.020612,-0.046256,1.415713,0.000000,0.750242,1.089890,0.471696,0.773079,1.101813,1.083531,1.205136,1.265000,0.403017,0.750003,0.218491,0.333579,-0.088333,-0.106733,0.051011,0.062540,-0.027808,-0.025076,0.059202,-0.041976,0.250989,0.178298,0.177151,0.278758,0.182663,0.135716,0.067722,0.171969,0.216537,0.212731,-0.110432,0.086525,-0.017039,0.044577,-0.108283,0.063652,0.137595,0.124819,0.152286,0.138822,0.389458,0.516947,0.396180,0.185504,0.137186,0.255634
-0.207583,-0.071585,0.279225,0.309686,0.270281,0.340128,0.302670,0.257776,0.315379,0.275728,0.022920,-0.020195,0.183429,0.130372,0.385485,0.015572,-0.085561,0.024543,-0.116135,-0.106409,-0.135226,-0.055262,0.292475,0.344348,0.375042,0.359419,0.010997,-0.158841,0.243025,0.303117,0.199244,0.219962,0.034950,0.063196,0.309059,0.169109,-0.597908,-0.371457,-0.638687,-0.258484,-0.430494,-0.176464,0.725843,0.750242,0.000000,1.085196,0.230977,0.242353,0.787979,0.917141,0.691640,0.911045,0.007990,0.331885,-0.242389,-0.078355,-0.150708,-0.019671,0.138320,0.099519,0.130700,0.092727,-0.012999,0.133360,0.452074,0.414299,0.145798,0.261378,-0.112015,-0.181022,0.140299,0.069488,-0.053308,0.044416,-0.250038,0.070863,-0.437877,-0.364962,-0.045903,0.489296,-0.183114,0.173053,0.138777,0.139933,0.080207,0.368820,0.215587,0.132699,-0.202220,-0.119660
-0.108900,-0.070919,0.416775,0.436578,0.335596,0.442100,0.434512,0.296111,0.369710,0.322066,0.192411,0.087876,0.368842,0.224164,0.460478,0.006491,-0.010802,0.018435,-0.012553,-0.038107,0.016012,0.104280,0.369635,0.438494,0.418438,0.437420,-0.031990,-0.162871,0.188198,0.194772,0.343981,0.303320,0.040354,0.095141,0.229744,0.113353,-0.249872,-0.195783,-0.371365,-0.089386,-0.175114,0.078230,1.010330,1.089890,1.085196,0.000000,0.239941,0.424885,1.203390,1.516746,1.074173,1.353721,0.109944,0.481971,-0.094130,0.120211,-0.189650,-0.080467,0.165089,0.221668,0.114871,0.101167,-0.019821,0.067012,0.471664,0.431315,0.296859,0.430463,-0.031881,-0.047965,0.163203,0.086623,0.062317,0.113301,-0.221967,0.016886,-0.278831,-0.130764,-0.130552,0.114293,-0.029817,0.154149,0.289557,0.171177,0.308979,0.501204,0.446110,0.169446,-0.057358,0.078848
0.173113,0.012396,0.216682,0.341345,0.656207,0.406511,0.022064,0.299963,0.616733,0.586633,-0.022987,0.145049,-0.143011,0.170661,0.440697,0.568754,0.114722,0.215350,0.482692,0.356629,0.146788,0.084820,0.253407,0.193275,0.402889,0.183176,0.490349,0.533674,-0.044990,0.034497,-0.014430,-0.085322,-0.130041,-0.112515,-0.165975,0.059827,-0.227827,-0.079104,-0.011922,0.121010,-0.174669,0.023203,0.711278,0.471696,0.230977,0.239941,0.000000,0.880344,0.440426,0.414707,0.467962,0.294926,0.667265,0.621295,0.656259,0.520812,-0.043450,-0.243956,-0.152268,-0.063660,-0.313678,-0.228755,-0.025401,-0.336245,-0.180456,-0.159618,0.120304,0.209104,0.350097,0.284773,-0.124283,0.038303,-0.031398,0.063876,0.240553,0.248398,0.226978,0.280764,-0.003840,0.036985,0.225285,0.199926,0.168956,0.153767,0.393456,0.345297,0.141780,0.229175,0.401907,0.578636
0.373103,0.232776,0.393778,0.534510,0.839687,0.550901,0.149437,0.504046,0.693037,0.764881,0.234181,0.511878,0.031327,0.479723,0.512498,0.795757,0.379642,0.446473,0.791163,0.682171,0.209035,0.315039,0.373673,0.311628,0.601678,0.432360,0.552762,0.567037,0.028967,0.302123,0.185611,0.147426,0.193589,0.130374,0.003004,0.270882,-0.096088,0.081410,0.043494,0.299497,-0.032204,0.100863,0.833834,0.773079,0.242353,0.424885,0.880344,0.000000,0.798928,0.678201,0.872805,0.567033,0.800351,1.333985,1.004709,1.165201,0.221255,-0.081637,-0.057405,0.073143,-0.209308,-0.199071,0.215186,-0.220383,-0.129983,-0.129938,0.371403,0.533607,0.563200,0.626252,-0.208551,0.056319,0.334430,0.354846,0.343360,0.433763,0.433486,0.557298,0.053740,0.044465,0.555606,0.382314,0.139425,0.098826,0.845300,0.771844,0.234868,0.244047,0.628307,1.025627
