0.000000,0.720917,0.506119,0.353129,0.145880,0.035635,0.352285,0.585237,0.072426,0.008114,0.662992,0.634694,0.241113,0.334689,0.061179,-0.042779,0.192905,0.027578,0.712049,0.612958,0.235313,0.135393,-0.008668,0.174194,0.058783,0.019821,0.135127,0.131068,0.030470,-0.113836,0.094851,0.245594,0.608196,0.475513,-0.070279,-0.335550,-0.255492,0.016603,-0.096172,0.256461,0.110295,0.300395,0.076876,-0.050445,-0.087977,-0.158272,0.142574,0.040180,0.050209,0.076537,0.280054,0.270688,0.354790,0.418794,0.250440,0.137975,0.853667,0.655920,0.570006,0.311251,0.466771,0.289023,0.298918,0.150918,0.148123,-0.022224,0.190108,0.212606,0.601717,0.614622,0.312117,0.407628,0.245523,0.087484,0.244067,0.361196,0.437550,0.216863,-0.037776,-0.237493,0.135629,0.067645,-0.204556,-0.021787,0.038536,-0.053878,0.237643,0.268451,0.295479,0.324864
0.720917,0.000000,0.513657,0.650337,0.070364,-0.000797,0.394807,0.447930,0.052996,-0.154888,0.353938,0.670415,0.230511,0.220224,0.115528,-0.002668,0.019901,0.089219,0.565815,0.718148,0.005415,0.082684,0.223190,0.123429,0.147502,0.036777,-0.040830,0.112589,-0.001903,-0.012893,0.273300,0.089397,0.599457,0.612242,-0.084837,-0.068593,-0.075708,-0.090251,0.080448,0.158562,-0.284447,-0.005287,-0.245007,-0.242541,-0.304972,-0.276534,-0.119774,-0.103628,-0.208890,-0.140096,-0.002764,-0.049539,0.028829,0.211325,0.071855,-0.002807,0.280315,1.436227,0.335791,0.513323,0.250709,0.451239,0.116614,0.376469,0.013052,0.155482,0.138250,0.155228,0.521290,0.373789,0.356650,0.052185,0.075634,0.282121,0.199218,0.238787,0.376149,0.313664,-0.108593,-0.044476,-0.005863,-0.063376,-0.135478,0.004039,-0.026948,-0.108357,0.238720,0.199162,0.094120,0.146443
0.506119,0.513657,0.000000,0.885667,0.218130,0.105825,0.656035,0.558936,0.205581,-0.115687,0.279746,0.167211,0.045311,0.058744,0.212068,-0.159046,0.285001,0.176915,0.732671,0.663331,0.057946,0.106457,0.594533,0.360325,0.262394,0.273323,0.106307,0.407035,0.045626,0.001742,0.266159,0.022158,0.443434,0.282449,0.172861,-0.106519,0.046007,-0.163823,0.223422,0.080512,-0.170728,-0.104773,-0.034933,-0.031731,-0.040000,0.051944,0.126452,0.156727,-0.084617,-0.027040,0.125830,0.041527,0.235659,0.417443,0.186119,0.055600,0.468250,0.440951,0.325622,0.346489,0.429890,0.186464,0.373926,0.191123,0.300590,0.224068,0.454340,0.350663,0.515346,0.527000,0.308974,0.112403,0.167856,0.122004,0.186614,0.232811,0.540351,0.297120,0.187021,0.109889,0.267523,0.147562,-0.059270,0.192188,0.379482,0.071940,0.276757,0.006025,0.515368,0.325888
0.353129,0.650337,0.885667,0.000000,0.322996,0.177279,0.606312,0.626697,0.325490,0.048830,0.264331,0.270048,0.311775,0.258523,0.225863,0.066906,0.227805,0.005167,0.589898,0.589371,0.059101,0.155317,0.617654,0.584452,0.411089,0.417397,0.121804,0.418298,0.077014,0.073408,0.457023,0.167775,0.467223,0.489894,0.273732,0.146980,0.268795,-0.122105,0.243002,0.160938,-0.287622,-0.243469,0.060902,0.058630,0.105407,0.115642,0.165901,0.183285,0.115275,0.065939,0.239299,0.089050,0.217208,0.348545,0.184111,0.121948,0.180685,0.464583,0.138204,0.137377,0.293302,0.111556,0.213229,0.084621,0.247743,0.243310,0.310709,0.192729,0.357353,0.416707,0.183320,0.034884,-0.011790,0.278253,0.133233,0.230365,0.293751,0.230768,0.024605,0.081604,0.106804,-0.072905,-0.133811,0.212137,0.272831,0.149860,0.229688,-0.118706,0.337304,0.102037
0.145880,0.070364,0.218130,0.322996,0.000000,0.367574,0.394288,0.047215,1.206667,0.770051,0.216560,-0.055795,0.585375,0.250882,0.540421,0.610886,0.288814,-0.055744,0.159160,0.169064,0.181220,-0.011945,0.499369,0.581656,0.966932,0.631702,0.789660,0.394515,0.001634,0.104305,0.249535,0.320049,0.124320,0.240929,0.293839,0.230733,-0.011010,-0.313357,0.018959,0.045237,0.097444,-0.035792,0.263791,0.170850,0.408392,0.317341,0.190658,0.126901,0.341240,0.274540,0.252955,0.215583,0.195518,0.131548,0.117011,0.061552,0.162753,0.078210,0.238463,-0.066677,0.174548,-0.041668,0.269427,0.056562,0.330613,0.124256,0.370227,0.217098,0.184145,0.152253,0.070684,0.159427,-0.076107,0.118304,0.140426,0.171126,0.115898,0.110602,0.062503,0.146694,0.357433,0.117305,0.077014,0.412802,0.290527,0.145702,0.059208,-0.074569,0.252918,0.146076
0.035635,-0.000797,0.105825,0.177279,0.367574,0.000000,0.392806,0.248575,0.229519,0.488817,0.155816,-0.041297,0.165708,-0.018235,0.502933,0.391558,0.301177,-0.092545,0.103687,0.061384,0.071550,0.022645,0.294530,0.306877,0.409461,0.517732,0.370833,0.479502,0.022751,0.071090,0.191378,0.226211,0.086695,0.192589,0.248799,0.198110,-0.035184,-0.104345,-0.104250,-0.010615,-0.009967,0.083056,0.089790,0.107082,0.183212,0.445884,0.153967,0.199337,0.143762,0.204445,0.262598,0.222032,0.155291,0.053797,0.121559,0.106308,0.035063,0.001355,0.295075,0.228373,0.356280,0.255889,0.291116,0.092017,0.296434,0.442948,0.270844,0.290891,0.065431,-0.061226,-0.019724,-0.124637,-0.132574,-0.041812,0.274984,0.144972,-0.075551,-0.094478,0.069028,0.186250,0.296788,0.089967,0.239146,0.216130,0.205172,0.170561,0.142990,-0.052033,0.003074,0.249920
0.352285,0.394807,0.656035,0.606312,0.394288,0.392806,0.000000,0.561355,0.384432,0.136384,0.560451,0.399894,0.627741,0.147209,0.644329,0.203055,0.373137,0.082760,0.442822,0.380400,0.135671,0.108382,0.823196,0.495276,0.569508,0.376550,0.171409,0.196084,0.212057,0.150998,0.692552,0.416025,0.524083,0.433527,0.280273,0.045885,-0.091614,-0.311005,0.049632,-0.049179,-0.122137,0.059594,-0.115613,-0.176480,-0.044157,0.046618,-0.075674,-0.000535,-0.129504,-0.126369,0.014476,-0.091678,-0.019624,0.073899,0.018451,-0.283115,0.216528,0.348820,0.302520,0.318621,0.439068,0.335363,0.376231,0.295562,0.411876,0.321126,0.406597,0.192980,0.215425,0.053084,0.521352,0.129367,0.196667,0.262258,0.276043,0.365297,0.259976,0.004999,-0.033919,0.013702,0.281335,0.058606,0.168867,0.218637,0.425718,0.091261,0.413420,-0.147497,0.097627,0.076141
0.585237,0.447930,0.558936,0.626697,0.047215,0.248575,0.561355,0.000000,0.000606,-0.047909,0.553077,0.577858,0.210783,0.533985,0.088970,-0.165452,0.223102,-0.036821,0.576490,0.458408,0.220274,0.216325,0.157560,0.486209,0.017461,0.144379,0.054273,0.327355,0.013503,-0.121627,0.312237,0.315688,0.550137,0.489607,0.107643,-0.187917,-0.066358,-0.157762,-0.039123,-0.020244,-0.007063,0.182270,0.042849,-0.010250,-0.067783,-0.048792,0.144329,0.060214,-0.004321,-0.081470,0.217272,0.030594,0.155300,0.223616,0.109314,-0.013816,0.378813,0.252274,0.145055,0.165137,0.315866,0.194709,0.307804,-0.095698,0.295093,0.112791,0.116738,0.145286,0.357025,0.344258,0.213296,0.217620,0.299955,-0.013553,0.228937,0.376854,0.199844,-0.062571,-0.221497,-0.260847,0.061252,-0.224943,-0.138107,-0.025037,0.278210,-0.125466,0.359172,0.037723,0.269013,-0.068243
0.072426,0.052996,0.205581,0.325490,1.206667,0.229519,0.384432,0.000606,0.000000,0.639794,0.281429,0.015109,0.694258,0.305972,0.537687,0.612164,0.274716,0.078327,0.127073,0.111706,0.099143,-0.075888,0.489410,0.490770,0.779449,0.505039,0.600348,0.255781,0.067788,0.181115,0.344705,0.330812,0.141866,0.199179,0.213641,0.215995,-0.023853,-0.349599,-0.014780,-0.067170,0.031552,-0.146809,0.224052,0.114454,0.353393,0.218425,0.157518,0.064091,0.320208,0.246157,0.220988,0.139356,0.148394,0.115943,0.032416,-0.025371,0.098113,0.045933,0.183868,-0.052512,0.152580,-0.014457,0.220125,0.133479,0.281039,0.134240,0.412495,0.175215,0.112090,0.223931,0.123832,0.124788,-0.156921,0.121858,0.046492,0.229473,0.134842,0.096956,0.151160,0.136541,0.306503,0.112305,0.052151,0.310728,0.323853,0.139630,-0.070966,-0.236032,0.185710,0.102916
0.008114,-0.154888,-0.115687,0.048830,0.770051,0.488817,0.136384,-0.047909,0.639794,0.000000,0.026198,-0.265744,0.303053,0.171088,0.369243,0.777358,0.257384,-0.100066,-0.036540,0.025473,0.149031,-0.107700,0.177627,0.590700,0.575296,0.493687,0.827011,0.268323,-0.040644,0.029703,0.001600,0.397115,0.052067,0.291145,0.512055,0.327315,-0.081448,-0.073507,-0.158605,-0.013073,0.322159,0.223707,0.466304,0.322623,0.624093,0.387420,0.284060,0.273997,0.340952,0.380935,0.248793,0.235903,0.178876,0.128315,0.015379,0.174143,0.179107,-0.079958,0.254906,-0.255042,0.264502,-0.126766,0.475524,-0.001152,0.504299,0.084686,0.374235,0.281422,0.071282,0.179382,-0.096811,0.142206,-0.253387,0.051039,0.015294,0.035512,-0.035306,-0.022843,-0.013261,0.059976,0.280373,0.129453,0.024426,0.317992,0.297147,0.220117,-0.188474,-0.114606,0.034362,0.196245
0.662992,0.353938,0.279746,0.264331,0.216560,0.155816,0.560451,0.553077,0.281429,0.026198,0.000000,0.725081,0.816893,0.488697,0.457193,0.173200,0.535912,0.200701,0.519914,0.250290,0.053569,0.134966,0.043917,0.223375,0.259010,0.194070,0.037389,0.097684,0.342657,0.179732,0.264782,0.506186,0.635512,0.537471,0.062733,-0.180870,-0.143560,-0.155580,-0.216885,0.039691,0.099165,0.133310,0.100651,0.013777,-0.004209,-0.005841,0.102985,-0.057877,0.096632,0.059875,0.326002,0.178634,0.181696,-0.001948,0.145667,-0.257802,0.358864,0.314299,0.293561,0.249274,0.412607,0.371213,0.299205,0.171986,0.280747,0.192221,0.166842,0.142962,0.110595,0.171048,0.196206,0.064154,0.336788,0.118066,0.157331,0.383913,0.206599,-0.113973,0.027673,-0.183330,0.175844,0.007338,-0.005974,0.020027,0.181823,-0.073964,0.201092,-0.034336,0.084418,-0.037646
0.634694,0.670415,0.167211,0.270048,-0.055795,-0.041297,0.399894,0.577858,0.015109,-0.265744,0.725081,0.000000,0.536938,0.595037,0.181657,-0.038283,0.028444,0.231163,0.334434,0.276845,0.056789,0.150623,0.038180,0.069231,0.030768,-0.052341,-0.268518,-0.128341,0.158638,0.082334,0.432364,0.352236,0.626360,0.465460,-0.190468,-0.272697,-0.110322,-0.210039,-0.112240,0.007024,-0.244745,0.010793,-0.311154,-0.327863,-0.413714,-0.343690,-0.246164,-0.322453,-0.141748,-0.180610,0.052825,-0.002671,-0.040486,-0.027973,-0.002286,-0.271946,0.150678,0.563151,0.319095,0.528080,0.207030,0.612629,-0.089429,0.279679,-0.066344,0.244763,0.083240,0.096277,0.139020,0.085591,0.275323,0.043026,0.301936,0.252536,0.324309,0.285203,0.170820,-0.004704,-0.159965,-0.282624,-0.147555,-0.226539,-0.180075,-0.202372,-0.185798,-0.205010,0.267373,0.071253,-0.074740,-0.148321
0.241113,0.230511,0.045311,0.311775,0.585375,0.165708,0.627741,0.210783,0.694258,0.303053,0.816893,0.536938,0.000000,0.521798,0.692562,0.543189,0.319581,0.103761,0.116097,0.063015,0.040169,0.152881,0.366305,0.372403,0.767455,0.382369,0.159050,-0.030987,0.321006,0.249552,0.579682,0.628906,0.355257,0.382269,0.132416,0.047999,-0.019367,-0.348975,-0.117951,0.062691,-0.052207,-0.074494,0.010078,-0.082256,0.112513,0.031066,-0.052410,-0.192854,0.188291,0.075049,0.200236,0.122893,0.005429,-0.218263,0.011056,-0.293328,-0.062342,0.185059,0.159376,0.034292,0.161268,0.237840,0.020703,0.229607,0.198398,0.196247,0.147234,-0.019394,-0.106740,-0.073572,0.236760,0.108219,0.121690,0.240927,0.124933,0.260645,0.032107,-0.045132,-0.076452,-0.111942,0.042102,-0.099777,0.080153,0.203909,0.102002,0.049520,0.202168,-0.217323,-0.052690,-0.123208
0.334689,0.220224,0.058744,0.258523,0.250882,-0.018235,0.147209,0.533985,0.305972,0.171088,0.488697,0.595037,0.521798,0.000000,0.121044,0.119219,0.158470,0.175735,0.074089,0.061979,0.177046,0.273502,0.009313,0.374883,0.205994,0.210727,0.125894,0.188042,0.144815,0.129751,0.367132,0.500835,0.289352,0.398956,0.050921,-0.067663,0.169353,-0.044876,-0.081513,0.158586,-0.024385,0.004457,0.265194,0.250266,0.212731,0.029597,0.318189,0.137094,0.332205,0.294349,0.459722,0.347080,0.301929,0.183819,0.282309,0.123701,0.077030,0.091930,0.067107,-0.064155,0.048238,0.050079,0.028853,-0.109823,0.033640,0.013468,0.037941,0.100020,-0.027118,0.123615,0.037747,0.231463,0.157528,0.105121,0.056146,0.258097,0.173807,0.123553,-0.144124,-0.128405,0.032483,-0.170427,-0.221050,0.046987,0.130471,0.070477,0.051502,-0.036496,0.196839,-0.126766
0.061179,0.115528,0.212068,0.225863,0.540421,0.502933,0.644329,0.088970,0.537687,0.369243,0.457193,0.181657,0.692562,0.121044,0.000000,0.645227,0.571292,0.234436,-0.014395,-0.038391,0.204165,0.152180,0.447631,0.353587,0.701747,0.451086,0.227435,0.169791,0.465096,0.449931,0.485251,0.522408,0.331980,0.360765,0.346135,0.220885,-0.009655,-0.239256,-0.009522,0.043406,-0.021289,0.022008,-0.037755,-0.075674,0.127185,0.263461,-0.046765,-0.101981,0.081849,0.124224,0.119221,0.081328,0.005273,-0.139100,0.033845,-0.257943,0.020360,0.195205,0.370958,0.300021,0.443678,0.377460,0.385943,0.414627,0.464955,0.558588,0.341704,0.250587,-0.098527,-0.188842,0.212145,0.025973,0.218456,0.265936,0.326683,0.211352,0.153686,0.068684,0.150253,0.264734,0.416129,0.278371,0.408023,0.543389,0.264903,0.313988,0.326029,-0.049997,-0.074188,0.137931
-0.042779,-0.002668,-0.159046,0.066906,0.610886,0.391558,0.203055,-0.165452,0.612164,0.777358,0.173200,-0.038283,0.543189,0.119219,0.645227,0.000000,0.179197,0.014259,-0.146140,-0.000836,0.065615,-0.082139,0.172012,0.333120,0.627402,0.430626,0.510340,0.023381,0.068700,0.241478,0.099249,0.327911,0.081318,0.323814,0.329864,0.428024,-0.166703,-0.178016,-0.173764,-0.062165,0.145263,0.149927,0.214111,0.166888,0.436214,0.350381,0.051084,0.044618,0.317408,0.389421,0.180291,0.233405,0.032308,-0.019324,0.000899,0.034077,-0.080329,0.081085,0.223927,-0.042284,0.176068,0.173358,0.199255,0.338791,0.379261,0.373107,0.387187,0.297834,-0.019363,-0.024882,0.076128,0.090385,-0.241118,0.336084,0.219945,0.266343,0.003275,0.086103,0.125991,0.041125,0.307228,0.298122,0.227741,0.401481,0.104976,0.273459,-0.069104,-0.132643,-0.192892,0.247564
0.192905,0.019901,0.285001,0.227805,0.288814,0.301177,0.373137,0.223102,0.274716,0.257384,0.535912,0.028444,0.319581,0.158470,0.571292,0.179197,0.000000,0.505982,0.295679,0.044286,0.143731,0.308790,0.194420,0.354772,0.342240,0.397544,0.069199,0.365354,0.632382,0.550675,0.261209,0.511038,0.471254,0.473809,0.507488,0.194869,0.259670,0.156802,0.143886,0.248826,0.212704,0.244491,0.489102,0.483743,0.453032,0.576633,0.543786,0.442275,0.292536,0.402852,0.505240,0.296051,0.356877,0.110936,0.433822,0.105748,0.419653,0.088637,0.167039,0.040266,0.532620,0.101259,0.788789,0.180921,0.557181,0.232230,0.227960,0.265691,-0.085292,0.006658,-0.036946,0.066818,0.366788,0.104657,-0.047366,0.154341,0.361408,-0.004882,0.447498,0.348287,0.728684,0.536536,0.172995,0.564774,0.632404,0.485639,0.146170,-0.096917,0.240283,0.179303
0.027578,0.089219,0.176915,0.005167,-0.055744,-0.092545,0.082760,-0.036821,0.078327,-0.100066,0.200701,0.231163,0.103761,0.175735,0.234436,0.014259,0.505982,0.000000,0.005978,-0.059185,-0.077165,0.246321,0.044563,-0.183564,-0.041679,0.133656,-0.267791,-0.072529,0.547150,0.767286,0.182220,0.211417,0.370910,0.256686,0.245251,0.167936,0.375123,0.195186,0.273181,0.205377,-0.159668,-0.005098,0.176301,0.276759,0.075491,0.263237,0.245483,0.206944,0.063507,0.299940,0.227949,0.150221,0.105814,0.028963,0.380142,0.102062,0.166376,0.232752,0.283291,0.380799,0.368740,0.419532,0.344198,0.613045,0.237004,0.416506,0.357963,0.420712,-0.139621,-0.072560,-0.126382,-0.164451,0.252380,0.222387,-0.088243,0.057466,0.339108,0.221493,0.409229,0.417511,0.369212,0.496522,0.133920,0.205554,0.291820,0.338329,0.049109,-0.076073,0.147706,0.268958
0.712049,0.565815,0.732671,0.589898,0.159160,0.103687,0.442822,0.576490,0.127073,-0.036540,0.519914,0.334434,0.116097,0.074089,-0.014395,-0.146140,0.295679,0.005978,0.000000,0.914420,0.002722,0.079284,0.296139,0.366360,0.148158,0.176320,0.144591,0.425283,0.074660,-0.092492,0.045303,0.073090,0.550427,0.465987,0.070900,-0.205810,-0.133409,-0.109954,-0.046239,0.002377,0.072234,0.105842,0.145568,0.063059,0.001785,0.000738,0.218707,0.217335,0.022128,-0.008979,0.198262,0.016126,0.236821,0.252648,0.082768,-0.012265,0.660833,0.453137,0.231590,0.200477,0.301144,0.040876,0.366083,-0.034354,0.187445,-0.080776,0.237413,0.167575,0.757176,0.644376,0.202918,0.154250,0.077029,-0.039343,0.092972,0.170735,0.300582,0.001460,0.043780,-0.062633,0.197771,-0.004500,-0.173653,0.038429,0.242803,-0.178702,0.058350,-0.001744,0.251499,0.006141
0.612958,0.718148,0.663331,0.589371,0.169064,0.061384,0.380400,0.458408,0.111706,0.025473,0.250290,0.276845,0.063015,0.061979,-0.038391,-0.000836,0.044286,-0.059185,0.914420,0.000000,0.008916,-0.187746,0.286165,0.408737,0.187860,0.066127,0.114096,0.236133,-0.246417,-0.275710,0.056139,-0.062467,0.502573,0.543821,0.136690,-0.103440,-0.294848,-0.214559,-0.060255,0.132247,-0.009168,0.202227,-0.041824,-0.112437,-0.021991,-0.075935,0.036433,0.069405,-0.157468,-0.085974,0.002278,-0.022694,0.018443,0.200295,0.022261,0.007917,0.590061,0.651860,0.335849,0.296665,0.171575,0.097044,0.272705,0.120950,0.180419,-0.029274,0.394418,0.357782,1.194333,0.876710,0.321798,0.214059,0.062889,0.145739,0.225013,0.172198,0.309109,0.212287,-0.155609,-0.118563,0.060892,-0.055277,-0.281206,-0.008403,0.135439,-0.136657,0.246364,0.157598,0.178076,0.122543
0.235313,0.005415,0.057946,0.059101,0.181220,0.071550,0.135671,0.220274,0.099143,0.149031,0.053569,0.056789,0.040169,0.177046,0.204165,0.065615,0.143731,-0.077165,0.002722,0.008916,0.000000,0.215569,0.001225,0.262897,0.119395,0.156460,0.367791,0.256932,0.170955,0.020003,0.163826,0.337051,0.113047,0.133376,0.079745,0.110460,-0.162621,0.113450,-0.063522,0.101820,0.428061,0.514789,0.202483,0.110898,0.171320,0.001446,0.169462,0.014377,0.127403,0.063083,0.058663,0.012905,0.189784,0.126712,0.166372,0.043628,0.305284,0.095144,0.158716,-0.059103,0.036853,-0.144281,0.242690,-0.077128,0.152249,-0.090833,-0.012824,0.040041,0.050485,0.046556,0.419333,0.716461,0.271914,0.164846,0.172569,0.408745,0.265213,0.214951,-0.083738,-0.116215,0.251339,0.130411,0.246817,0.308564,0.279142,0.071084,0.391735,0.396652,0.149392,0.068745
0.135393,0.082684,0.106457,0.155317,-0.011945,0.022645,0.108382,0.216325,-0.075888,-0.107700,0.134966,0.150623,0.152881,0.273502,0.152180,-0.082139,0.308790,0.246321,0.079284,-0.187746,0.215569,0.000000,0.144851,0.127344,0.135569,0.310674,-0.110227,0.322263,0.763619,0.552612,0.282629,0.475948,0.124416,0.120512,-0.058649,-0.079971,0.320728,0.109405,0.153655,0.201528,-0.040888,0.089102,0.199320,0.206438,0.061593,0.084181,0.247004,0.103764,0.148059,0.096642,0.193486,0.106189,0.134516,-0.011175,0.166172,0.075103,0.037933,0.004369,-0.189169,-0.157101,-0.053449,-0.080690,-0.014939,-0.039865,-0.113412,-0.061116,-0.313234,-0.217201,-0.236478,-0.294680,-0.026496,0.173456,0.254778,0.092093,-0.113666,0.107036,0.084385,0.117608,0.111808,0.264168,0.146138,0.151333,0.303460,0.327920,0.098037,0.165855,0.154828,-0.147480,0.097879,-0.058014
-0.008668,0.223190,0.594533,0.617654,0.499369,0.294530,0.823196,0.157560,0.489410,0.177627,0.043917,0.038180,0.366305,0.009313,0.447631,0.172012,0.194420,0.044563,0.296139,0.286165,0.001225,0.144851,0.000000,0.598582,0.812579,0.521301,0.192601,0.327290,0.215626,0.160176,0.722322,0.220561,0.128421,0.095507,0.232697,0.158865,0.146803,-0.298551,0.265881,-0.111967,-0.287474,-0.278946,-0.086231,-0.059425,0.030379,0.087302,-0.001900,0.123602,-0.114235,-0.077191,-0.077751,-0.202659,-0.101020,0.006155,-0.068147,-0.161881,-0.015257,0.126856,-0.002137,0.009094,0.090481,-0.035449,0.127113,0.111802,0.159456,0.135750,0.219572,0.010203,0.175830,0.009887,0.314917,0.042623,-0.125572,0.075839,0.047900,0.084334,0.169053,0.096336,0.122808,0.229311,0.246235,0.044937,0.183407,0.344170,0.308254,0.166427,0.105909,-0.295747,0.107243,0.042608
0.174194,0.123429,0.360325,0.584452,0.581656,0.306877,0.495276,0.486209,0.490770,0.590700,0.223375,0.069231,0.372403,0.374883,0.353587,0.333120,0.354772,-0.183564,0.366360,0.408737,0.262897,0.127344,0.598582,0.000000,0.700176,0.579735,0.482825,0.552540,0.041271,-0.059474,0.354914,0.503412,0.249112,0.468066,0.435018,0.129153,-0.097902,-0.325425,-0.078433,-0.092484,0.206201,0.150283,0.275140,0.175338,0.429273,0.141509,0.240573,0.221719,0.132257,0.091052,0.151851,0.020194,0.117110,0.110843,-0.053036,-0.037738,0.312678,0.032462,-0.004509,-0.272864,0.078794,-0.282389,0.362007,-0.249088,0.424666,-0.034098,0.216831,0.123001,0.302411,0.284965,0.136560,0.293604,0.010635,0.032824,0.076559,0.240682,0.102846,-0.059129,-0.088584,-0.061778,0.212415,-0.093850,-0.102515,0.383439,0.316420,0.081686,0.077938,-0.168778,0.123861,-0.094784
0.058783,0.147502,0.262394,0.411089,0.966932,0.409461,0.569508,0.017461,0.779449,0.575296,0.259010,0.030768,0.767455,0.205994,0.701747,0.627402,0.342240,-0.041679,0.148158,0.187860,0.119395,0.135569,0.812579,0.700176,0.000000,0.865174,0.473956,0.403668,0.227793,0.207440,0.539770,0.454988,0.159258,0.262351,0.204168,0.188706,0.004187,-0.339082,-0.074120,0.025571,-0.038834,-0.039985,0.099280,0.062280,0.267781,0.222445,0.076588,0.044747,0.203051,0.182631,0.183827,0.178369,0.090405,-0.079268,0.037024,-0.094696,-0.012170,0.147416,0.156091,-0.081744,0.096798,-0.013376,0.143643,0.156860,0.163655,0.160731,0.177393,0.019467,0.046176,-0.037427,0.249135,0.133584,-0.090505,0.178260,0.124394,0.093520,0.083194,0.076572,0.104571,0.134487,0.251447,0.076698,0.187112,0.526479,0.162520,0.167190,0.135600,-0.184218,0.048954,0.059957
0.019821,0.036777,0.273323,0.417397,0.631702,0.517732,0.376550,0.144379,0.505039,0.493687,0.194070,-0.052341,0.382369,0.210727,0.451086,0.430626,0.397544,0.133656,0.176320,0.066127,0.156460,0.310674,0.521301,0.579735,0.865174,0.000000,0.504715,0.689122,0.320755,0.317203,0.338426,0.508515,0.140711,0.301289,0.283722,0.374209,0.110783,-0.120172,-0.069591,-0.077220,0.005628,-0.014359,0.277919,0.310738,0.325490,0.388965,0.239589,0.173153,0.223684,0.333049,0.256741,0.259267,0.116596,-0.021445,0.102917,0.021901,0.033483,0.034428,0.140860,-0.072073,0.123355,0.022318,0.274880,0.210318,0.199105,0.302126,0.234366,0.199182,-0.004618,-0.041369,0.062843,0.125575,-0.207666,0.173520,0.022817,0.120808,0.173539,0.158530,0.215414,0.242373,0.356327,0.198517,0.293224,0.425523,0.230144,0.166655,0.055293,-0.140953,0.036307,0.181456
0.135127,-0.040830,0.106307,0.121804,0.789660,0.370833,0.171409,0.054273,0.600348,0.827011,0.037389,-0.268518,0.159050,0.125894,0.227435,0.510340,0.069199,-0.267791,0.144591,0.114096,0.367791,-0.110227,0.192601,0.482825,0.473956,0.504715,0.000000,0.497530,-0.112431,-0.109334,-0.122922,0.166393,-0.113146,0.097157,0.300204,0.250069,-0.230130,-0.146079,-0.157986,-0.160569,0.462714,0.166600,0.363110,0.253544,0.440489,0.197919,0.256964,0.199856,0.291519,0.319151,0.187763,0.205801,0.267041,0.187154,0.038268,0.143821,0.210012,-0.028911,0.191412,-0.218378,0.143367,-0.238805,0.340447,-0.115107,0.294109,-0.043099,0.325817,0.225416,0.264378,0.267585,0.198060,0.324536,-0.258602,-0.071940,0.086777,0.276080,0.110028,0.104985,0.007103,-0.020344,0.413112,0.170101,0.170938,0.225006,0.273252,-0.014468,-0.152184,0.048482,0.157675,0.242172
0.131068,0.112589,0.407035,0.418298,0.394515,0.479502,0.196084,0.327355,0.255781,0.268323,0.097684,-0.128341,-0.030987,0.188042,0.169791,0.023381,0.365354,-0.072529,0.425283,0.236133,0.256932,0.322263,0.327290,0.552540,0.403668,0.689122,0.497530,0.000000,0.179588,0.116127,0.104909,0.199828,0.073541,0.240781,0.149860,0.169485,0.069966,-0.107425,-0.016386,-0.040220,0.076509,0.019575,0.341429,0.327688,0.288936,0.320334,0.454341,0.418306,0.250363,0.230478,0.301476,0.212189,0.283332,0.230886,0.147662,0.192396,0.259447,0.023313,0.069598,-0.053115,0.120124,-0.211275,0.354255,-0.265232,0.157006,0.022696,0.103085,0.168020,0.165392,0.160596,-0.009678,0.069933,-0.084444,-0.041090,0.045498,0.132643,0.191364,0.112678,0.180641,0.342131,0.446276,0.071344,0.095523,0.321730,0.302576,0.043512,-0.035603,-0.009568,0.161354,0.034477
0.030470,-0.001903,0.045626,0.077014,0.001634,0.022751,0.212057,0.013503,0.067788,-0.040644,0.342657,0.158638,0.321006,0.144815,0.465096,0.068700,0.632382,0.547150,0.074660,-0.246417,0.170955,0.763619,0.215626,0.041271,0.227793,0.320755,-0.112431,0.179588,0.000000,1.116384,0.420593,0.544569,0.255967,0.229697,0.191329,0.188429,0.429805,0.281270,0.169458,0.131897,0.020295,0.005165,0.265927,0.318255,0.139653,0.240157,0.268184,0.115381,0.150327,0.274134,0.213266,0.110718,0.066217,-0.244432,0.175777,-0.141367,0.019485,0.024128,-0.050610,-0.025798,0.140090,0.041989,0.207226,0.210168,0.112473,0.120948,-0.138339,-0.116687,-0.275924,-0.275233,0.034224,0.052301,0.258094,0.135041,-0.241862,-0.011818,0.185310,0.082172,0.397208,0.471142,0.480477,0.437649,0.502543,0.443387,0.258113,0.305773,0.027736,-0.186163,-0.074451,-0.033581
-0.113836,-0.012893,0.001742,0.073408,0.104305,0.071090,0.150998,-0.121627,0.181115,0.029703,0.179732,0.082334,0.249552,0.129751,0.449931,0.241478,0.550675,0.767286,-0.092492,-0.275710,0.020003,0.552612,0.160176,-0.059474,0.207440,0.317203,-0.109334,0.116127,1.116384,0.000000,0.352034,0.384430,0.236279,0.240423,0.312826,0.428676,0.545148,0.265834,0.190458,0.203624,-0.167798,-0.077521,0.309658,0.381687,0.276180,0.423733,0.300709,0.185318,0.228904,0.384455,0.287266,0.178903,0.068747,-0.057787,0.308438,0.055992,-0.050811,0.059113,-0.006078,0.058945,0.215508,0.207580,0.231107,0.400055,0.192479,0.394456,0.082390,0.116915,-0.240584,-0.306432,-0.115074,-0.119120,0.158981,0.320367,-0.170659,-0.040280,0.186774,0.202090,0.432646,0.757804,0.534652,0.562889,0.357624,0.476781,0.355588,0.524419,-0.045823,-0.310719,-0.048946,0.124026
0.094851,0.273300,0.266159,0.457023,0.249535,0.191378,0.692552,0.312237,0.344705,0.001600,0.264782,0.432364,0.579682,0.367132,0.485251,0.099249,0.261209,0.182220,0.045303,0.056139,0.163826,0.282629,0.722322,0.354914,0.539770,0.338426,-0.122922,0.104909,0.420593,0.352034,0.000000,0.682083,0.466505,0.366166,0.154798,0.151805,0.286083,-0.069851,0.174941,0.109243,-0.368545,-0.151116,-0.135909,-0.089277,-0.073483,0.038818,-0.058712,-0.076734,-0.036490,-0.039294,0.019394,-0.080135,-0.115582,-0.096788,0.019339,-0.142401,-0.036919,0.193091,-0.014350,0.119896,0.091310,0.195394,0.015031,0.256726,0.030358,0.263919,-0.019842,-0.097923,-0.119065,-0.195938,0.315507,0.135748,0.157564,0.304985,0.061302,0.090594,0.225686,0.199922,0.026205,0.132216,0.093812,0.012002,0.066310,0.211810,0.179457,0.319267,0.293814,-0.112742,0.024456,-0.062161
0.245594,0.089397,0.022158,0.167775,0.320049,0.226211,0.416025,0.315688,0.330812,0.397115,0.506186,0.352236,0.628906,0.500835,0.522408,0.327911,0.511038,0.211417,0.073090,-0.062467,0.337051,0.475948,0.220561,0.503412,0.454988,0.508515,0.166393,0.199828,0.544569,0.384430,0.682083,0.000000,0.504189,0.635507,0.344651,0.190673,0.100868,-0.037856,-0.058748,0.074317,0.139363,0.250061,0.181360,0.126909,0.198834,0.100857,0.137469,-0.038160,0.139237,0.164685,0.177695,0.068799,0.027093,-0.154326,0.033706,-0.129273,0.250940,0.083266,0.079527,-0.079631,0.183502,0.062744,0.280671,0.168920,0.245810,0.152791,0.030179,0.048128,-0.152645,-0.134593,0.213337,0.362075,0.283453,0.271597,0.082035,0.207056,0.272696,0.151106,-0.010403,0.015692,0.207109,0.098336,0.118317,0.254996,0.182320,0.220046,0.167642,-0.035411,-0.086386,-0.047534
0.608196,0.599457,0.443434,0.467223,0.124320,0.086695,0.524083,0.550137,0.141866,0.052067,0.635512,0.626360,0.355257,0.289352,0.331980,0.081318,0.471254,0.370910,0.550427,0.502573,0.113047,0.124416,0.128421,0.249112,0.159258,0.140711,-0.113146,0.073541,0.255967,0.236279,0.466505,0.504189,0.000000,1.087375,0.367298,0.069462,0.013014,0.079911,-0.025268,0.252909,-0.042026,0.242471,0.028289,-0.005798,-0.011310,0.093210,0.037406,0.023944,-0.037821,-0.020891,0.162438,0.008909,0.063079,0.172882,0.152817,-0.054386,0.588752,0.748765,0.431019,0.496363,0.671128,0.622592,0.550620,0.495063,0.500152,0.459181,0.377839,0.418391,0.350619,0.276545,0.159037,0.066138,0.315198,0.397476,0.198473,0.216564,0.476429,0.189232,0.027285,0.052132,0.220174,0.191300,-0.131513,0.084396,0.307798,0.233548,0.269454,0.125263,0.145664,0.112598
0.475513,0.612242,0.282449,0.489894,0.240929,0.192589,0.433527,0.489607,0.199179,0.291145,0.537471,0.465460,0.382269,0.398956,0.360765,0.323814,0.473809,0.256686,0.465987,0.543821,0.133376,0.120512,0.095507,0.468066,0.262351,0.301289,0.097157,0.240781,0.229697,0.240423,0.366166,0.635507,1.087375,0.000000,0.561040,0.271415,0.011449,0.028085,-0.063276,0.276656,0.073288,0.299640,0.181310,0.168615,0.237185,0.165712,0.160577,0.114721,0.084349,0.173493,0.239382,0.149163,0.060638,0.069187,0.124741,-0.002128,0.479940,0.660777,0.372414,0.311758,0.461538,0.343248,0.532456,0.365370,0.513270,0.396120,0.397462,0.502444,0.340699,0.275612,0.122104,0.162872,0.288183,0.550647,0.176717,0.293813,0.433386,0.264726,-0.074487,0.126905,0.265719,0.157640,-0.121821,0.214820,0.273229,0.219594,0.240237,0.128479,-0.025125,0.062377
-0.070279,-0.084837,0.172861,0.273732,0.293839,0.248799,0.280273,0.107643,0.213641,0.512055,0.062733,-0.190468,0.132416,0.050921,0.346135,0.329864,0.507488,0.245251,0.070900,0.136690,0.079745,-0.058649,0.232697,0.435018,0.204168,0.283722,0.300204,0.149860,0.191329,0.312826,0.154798,0.344651,0.367298,0.561040,0.000000,0.762151,0.325830,0.163615,0.231380,0.210347,0.266735,0.109552,0.486170,0.466343,0.716671,0.567989,0.387971,0.380350,0.163763,0.303836,0.273798,0.058277,0.106970,0.066581,0.224459,0.176160,0.263112,0.042496,0.083180,-0.083644,0.412741,-0.006181,0.680700,0.198204,0.900804,0.409712,0.562558,0.602336,0.107716,0.124245,-0.110101,0.026674,0.184639,0.316887,-0.014333,0.084150,0.363704,0.246581,0.090863,0.355871,0.453794,0.376270,-0.012274,0.253864,0.718560,0.597959,-0.018550,-0.083579,0.112719,0.257237
-0.335550,-0.068593,-0.106519,0.146980,0.230733,0.198110,0.045885,-0.187917,0.215995,0.327315,-0.180870,-0.272697,0.047999,-0.067663,0.220885,0.428024,0.194869,0.167936,-0.205810,-0.103440,0.110460,-0.079971,0.158865,0.129153,0.188706,0.374209,0.250069,0.169485,0.188429,0.428676,0.151805,0.190673,0.069462,0.271415,0.762151,0.000000,0.368182,0.241039,0.171456,0.064321,-0.007542,-0.058122,0.277649,0.358150,0.495887,0.507782,0.172691,0.169744,0.134640,0.320117,0.091756,0.005257,-0.077045,-0.122163,0.089285,0.128939,-0.113953,0.024031,-0.087173,-0.115150,0.080005,-0.023274,0.296582,0.302458,0.368091,0.383575,0.261395,0.314863,-0.062143,-0.074258,-0.042839,-0.002171,-0.155643,0.423539,-0.013536,0.059915,0.266972,0.359725,0.104579,0.381085,0.356725,0.326213,0.143666,0.240922,0.420955,0.488356,-0.141110,-0.064856,-0.165712,0.180192
-0.255492,-0.075708,0.046007,0.268795,-0.011010,-0.035184,-0.091614,-0.066358,-0.023853,-0.081448,-0.143560,-0.110322,-0.019367,0.169353,-0.009655,-0.166703,0.259670,0.375123,-0.133409,-0.294848,-0.162621,0.320728,0.146803,-0.097902,0.004187,0.110783,-0.230130,0.069966,0.429805,0.545148,0.286083,0.100868,0.013014,0.011449,0.325830,0.368182,0.000000,0.479881,0.727774,0.353798,-0.340393,-0.503367,0.369856,0.514146,0.344627,0.492437,0.474019,0.473803,0.357586,0.395718,0.428896,0.221111,0.281919,0.124707,0.504649,0.478188,-0.218599,-0.127265,-0.323771,-0.183921,-0.003949,-0.091785,-0.032068,0.005585,-0.031122,0.108722,-0.074266,-0.034409,-0.349507,-0.199980,-0.416390,-0.297240,0.088202,0.076942,-0.194634,-0.259910,0.202956,0.263399,0.315449,0.539765,0.163367,0.178490,-0.037219,0.178663,0.300080,0.581471,-0.073473,-0.222303,0.284082,0.086750
0.016603,-0.090251,-0.163823,-0.122105,-0.313357,-0.104345,-0.311005,-0.157762,-0.349599,-0.073507,-0.155580,-0.210039,-0.348975,-0.044876,-0.239256,-0.178016,0.156802,0.195186,-0.109954,-0.214559,0.113450,0.109405,-0.298551,-0.325425,-0.339082,-0.120172,-0.146079,-0.107425,0.281270,0.265834,-0.069851,-0.037856,0.079911,0.028085,0.163615,0.241039,0.479881,0.000000,0.316957,0.485438,0.133546,0.194754,0.403347,0.589557,0.259601,0.304111,0.443872,0.485933,0.209633,0.426696,0.282588,0.275721,0.313322,0.243864,0.434052,0.512472,0.104374,-0.012007,-0.027608,-0.103877,0.115768,-0.066516,0.191796,0.061036,-0.002784,-0.053011,-0.132738,0.020096,-0.125120,-0.083558,-0.127851,0.090633,-0.032233,-0.038951,-0.178670,-0.124531,0.139603,0.175188,0.230325,0.205509,0.272589,0.440433,0.151958,0.152325,0.259967,0.497600,-0.041263,0.340310,0.287768,0.411215
-0.096172,0.080448,0.223422,0.243002,0.018959,-0.104250,0.049632,-0.039123,-0.014780,-0.158605,-0.216885,-0.112240,-0.117951,-0.081513,-0.009522,-0.173764,0.143886,0.273181,-0.046239,-0.060255,-0.063522,0.153655,0.265881,-0.078433,-0.074120,-0.069591,-0.157986,-0.016386,0.169458,0.190458,0.174941,-0.058748,-0.025268,-0.063276,0.231380,0.171456,0.727774,0.316957,0.000000,0.172393,-0.191555,-0.290843,0.132255,0.223353,0.076987,0.159224,0.241909,0.401841,0.028859,0.075658,0.099486,-0.041312,0.090514,0.213043,0.349079,0.407710,-0.022973,0.014062,-0.109015,0.010639,0.020172,-0.036093,0.011480,0.022155,0.064213,-0.002525,0.100218,0.075929,-0.190967,-0.077674,-0.154533,-0.186511,0.142852,0.065309,-0.047097,0.029752,0.296394,0.267702,0.381924,0.312720,0.236612,0.202497,0.045138,0.100821,0.266906,0.322492,0.127285,0.071296,0.409791,0.306057
0.256461,0.158562,0.080512,0.160938,0.045237,-0.010615,-0.049179,-0.020244,-0.067170,-0.013073,0.039691,0.007024,0.062691,0.158586,0.043406,-0.062165,0.248826,0.205377,0.002377,0.132247,0.101820,0.201528,-0.111967,-0.092484,0.025571,-0.077220,-0.160569,-0.040220,0.131897,0.203624,0.109243,0.074317,0.252909,0.276656,0.210347,0.064321,0.353798,0.485438,0.172393,0.000000,-0.049372,0.164122,0.236840,0.356374,0.325469,0.248295,0.400991,0.303827,0.380657,0.412310,0.509740,0.525033,0.423723,0.216213,0.618298,0.453132,0.181662,0.263379,0.213507,0.060472,0.220826,0.051782,0.083295,0.152712,-0.007467,0.071491,-0.028459,0.099582,0.093038,0.002110,-0.042937,0.156479,0.329840,0.236647,0.016094,-0.073596,0.201017,0.346529,-0.091235,0.255051,0.058325,0.216637,-0.108211,0.216082,0.120794,0.484591,0.430466,0.285681,0.370275,0.313535
0.110295,-0.284447,-0.170728,-0.287622,0.097444,-0.009967,-0.122137,-0.007063,0.031552,0.322159,0.099165,-0.244745,-0.052207,-0.024385,-0.021289,0.145263,0.212704,-0.159668,0.072234,-0.009168,0.428061,-0.040888,-0.287474,0.206201,-0.038834,0.005628,0.462714,0.076509,0.020295,-0.167798,-0.368545,0.139363,-0.042026,0.073288,0.266735,-0.007542,-0.340393,0.133546,-0.191555,-0.049372,0.000000,0.622068,0.546586,0.384421,0.429410,0.139461,0.398633,0.245657,0.275859,0.247890,0.213420,0.160812,0.337951,0.083610,0.180510,0.101929,0.401623,-0.164750,0.041014,-0.275377,0.086670,-0.329599,0.426320,-0.209142,0.312832,-0.253772,0.070641,0.090939,0.062617,0.127346,0.138099,0.445393,0.164968,-0.140861,-0.085287,0.252751,0.112994,-0.093652,0.128904,-0.164214,0.368715,0.329760,0.258077,0.179053,0.304173,0.069038,-0.098751,0.228721,0.120906,0.063899
0.300395,-0.005287,-0.104773,-0.243469,-0.035792,0.083056,0.059594,0.182270,-0.146809,0.223707,0.133310,0.010793,-0.074494,0.004457,0.022008,0.149927,0.244491,-0.005098,0.105842,0.202227,0.514789,0.089102,-0.278946,0.150283,-0.039985,-0.014359,0.166600,0.019575,0.005165,-0.077521,-0.151116,0.250061,0.242471,0.299640,0.109552,-0.058122,-0.503367,0.194754,-0.290843,0.164122,0.622068,0.000000,0.225434,0.186338,0.155217,0.056806,0.157709,0.062550,0.026229,0.109344,0.052511,0.132631,0.101283,0.053419,0.107241,0.038896,0.519793,0.160843,0.251672,0.063632,0.122782,0.022440,0.400487,0.130829,0.196026,-0.068300,0.078172,0.228464,0.207115,0.091778,0.311839,0.567083,0.194968,0.105636,0.150338,0.230250,0.062119,-0.001920,-0.181408,-0.196146,0.206001,0.272384,0.206839,0.191965,0.198665,0.024492,0.320091,0.408479,0.011250,0.146664
0.076876,-0.245007,-0.034933,0.060902,0.263791,0.089790,-0.115613,0.042849,0.224052,0.466304,0.100651,-0.311154,0.010078,0.265194,-0.037755,0.214111,0.489102,0.176301,0.145568,-0.041824,0.202483,0.199320,-0.086231,0.275140,0.099280,0.277919,0.363110,0.341429,0.265927,0.309658,-0.135909,0.181360,0.028289,0.181310,0.486170,0.277649,0.369856,0.403347,0.132255,0.236840,0.546586,0.225434,0.000000,1.476937,1.209941,0.796420,1.515721,0.953656,0.881132,0.910200,0.920069,0.569828,0.769279,0.447074,0.664381,0.661401,0.324650,-0.223620,-0.078777,-0.458905,0.133349,-0.364543,0.503143,-0.183757,0.367877,-0.143151,0.136555,0.204961,0.019766,0.198111,-0.290110,0.195499,-0.040229,-0.021440,-0.231117,0.082464,0.200533,0.104063,0.338120,0.256656,0.588384,0.497443,0.022751,0.367021,0.702703,0.582114,-0.292702,-0.135751,0.372002,0.241886
-0.050445,-0.242541,-0.031731,0.058630,0.170850,0.107082,-0.176480,-0.010250,0.114454,0.322623,0.013777,-0.327863,-0.082256,0.250266,-0.075674,0.166888,0.483743,0.276759,0.063059,-0.112437,0.110898,0.206438,-0.059425,0.175338,0.062280,0.310738,0.253544,0.327688,0.318255,0.381687,-0.089277,0.126909,-0.005798,0.168615,0.466343,0.358150,0.514146,0.589557,0.223353,0.356374,0.384421,0.186338,1.476937,0.000000,1.044269,0.858448,1.336035,1.065398,0.837043,1.066300,0.900535,0.654820,0.708035,0.356912,0.705638,0.693364,0.170331,-0.222817,-0.110938,-0.362259,0.093594,-0.295475,0.392143,-0.114077,0.256359,-0.011940,0.092677,0.212127,-0.058072,0.053134,-0.321023,0.092269,-0.088100,0.027225,-0.263409,-0.005728,0.178445,0.114768,0.428840,0.366385,0.609626,0.573696,0.132664,0.423516,0.596107,0.630602,-0.199347,-0.049394,0.363749,0.264200
-0.087977,-0.304972,-0.040000,0.105407,0.408392,0.183212,-0.044157,-0.067783,0.353393,0.624093,-0.004209,-0.413714,0.112513,0.212731,0.127185,0.436214,0.453032,0.075491,0.001785,-0.021991,0.171320,0.061593,0.030379,0.429273,0.267781,0.325490,0.440489,0.288936,0.139653,0.276180,-0.073483,0.198834,-0.011310,0.237185,0.716671,0.495887,0.344627,0.259601,0.076987,0.325469,0.429410,0.155217,1.209941,1.044269,0.000000,0.970063,0.969398,0.700234,0.855396,0.900620,0.734673,0.554286,0.532884,0.281773,0.488601,0.521870,0.153872,-0.253624,-0.075190,-0.492014,0.091656,-0.390540,0.405399,-0.136395,0.468558,-0.018871,0.277690,0.309649,0.031898,0.152537,-0.188096,0.211282,-0.052675,0.074701,-0.183734,0.071898,0.197711,0.194384,0.231058,0.314299,0.506369,0.400403,-0.021939,0.448280,0.637393,0.699783,-0.203247,-0.197190,0.216370,0.215624
-0.158272,-0.276534,0.051944,0.115642,0.317341,0.445884,0.046618,-0.048792,0.218425,0.387420,-0.005841,-0.343690,0.031066,0.029597,0.263461,0.350381,0.576633,0.263237,0.000738,-0.075935,0.001446,0.084181,0.087302,0.141509,0.222445,0.388965,0.197919,0.320334,0.240157,0.423733,0.038818,0.100857,0.093210,0.165712,0.567989,0.507782,0.492437,0.304111,0.159224,0.248295,0.139461,0.056806,0.796420,0.858448,0.970063,0.000000,0.733045,0.611683,0.801292,0.924156,0.730495,0.620391,0.471366,0.220709,0.548404,0.479274,0.039606,-0.228475,0.054394,-0.073786,0.234512,-0.020979,0.425216,0.131698,0.400503,0.294680,0.352139,0.426216,-0.056909,0.004670,-0.260955,-0.058207,-0.103080,0.122556,0.003301,-0.034395,0.177570,0.155285,0.500834,0.483580,0.659703,0.624840,0.202793,0.505408,0.617219,0.886500,-0.095853,-0.131423,0.177176,0.260535
0.142574,-0.119774,0.126452,0.165901,0.190658,0.153967,-0.075674,0.144329,0.157518,0.284060,0.102985,-0.246164,-0.052410,0.318189,-0.046765,0.051084,0.543786,0.245483,0.218707,0.036433,0.169462,0.247004,-0.001900,0.240573,0.076588,0.239589,0.256964,0.454341,0.268184,0.300709,-0.058712,0.137469,0.037406,0.160577,0.387971,0.172691,0.474019,0.443872,0.241909,0.400991,0.398633,0.157709,1.515721,1.336035,0.969398,0.733045,0.000000,1.206011,0.867869,0.947653,1.114990,0.669804,0.999145,0.563241,0.977240,0.827421,0.352530,-0.136427,-0.032654,-0.313890,0.178169,-0.328504,0.473472,-0.196412,0.248703,-0.154435,0.104207,0.185361,0.046132,0.218366,-0.208710,0.184311,0.014068,-0.112179,-0.219182,0.037526,0.336040,0.222091,0.387516,0.331648,0.630301,0.449191,0.001985,0.373495,0.728017,0.585559,-0.185753,-0.076701,0.498732,0.315430
0.040180,-0.103628,0.156727,0.183285,0.126901,0.199337,-0.000535,0.060214,0.064091,0.273997,-0.057877,-0.322453,-0.192854,0.137094,-0.101981,0.044618,0.442275,0.206944,0.217335,0.069405,0.014377,0.103764,0.123602,0.221719,0.044747,0.173153,0.199856,0.418306,0.115381,0.185318,-0.076734,-0.038160,0.023944,0.114721,0.380350,0.169744,0.473803,0.485933,0.401841,0.303827,0.245657,0.062550,0.953656,1.065398,0.700234,0.611683,1.206011,0.000000,0.566394,0.641870,0.694445,0.442210,0.734869,0.676512,0.776270,0.892557,0.293617,-0.108624,-0.028677,-0.231594,0.248230,-0.249097,0.507913,-0.245751,0.283165,-0.093273,0.170042,0.205787,0.036045,0.140159,-0.272891,-0.007748,-0.084922,-0.102089,-0.125382,0.028151,0.257155,0.091179,0.477917,0.392701,0.638758,0.438404,-0.011680,0.343123,0.646035,0.531543,-0.173633,-0.050927,0.488855,0.349000
