0.000000,0.757228,0.413048,0.305444,0.202144,0.320971,0.330464,0.273009,0.238207,0.339939,0.441181,0.374226,0.273083,0.291248,0.427942,0.262773,0.238049,0.277795,0.535843,0.482247,0.372190,0.477382,0.324027,0.265689,0.051043,0.052968,0.215364,0.207150,0.386313,0.386766,0.169922,0.311819,0.252337,0.423425,0.129169,0.078375,0.199789,0.154344,0.253019,0.325875,0.194039,0.084912,0.245510,0.136434,0.070595,-0.028649,0.206319,0.169881,0.134860,0.232100,0.174788,0.278227,0.248704,0.311987,0.268015,0.323679,0.746859,0.599736,0.577068,0.610681,0.544804,0.513826,0.111325,0.138290,0.434214,0.226891,0.215377,0.029464,0.497967,0.248149,0.270000,0.206561,0.251580,0.197117,0.014757,0.291541,0.446549,0.438591,0.134183,0.203856,0.315710,0.408438,0.523442,0.367303,0.425487,0.276851,0.467215,0.350883,0.519604,0.354340
0.757228,0.000000,0.385539,0.265064,0.387681,0.478411,0.329366,0.543296,0.461058,0.441895,0.404395,0.444681,0.380547,0.553244,0.611904,0.679165,0.409285,0.542059,0.654303,0.946921,0.275971,0.436285,0.342565,0.137636,-0.019018,-0.038692,0.199354,0.225752,0.512379,0.634957,0.179338,0.225992,0.671768,0.762573,-0.106867,-0.045635,0.222720,0.363337,0.185598,0.340308,0.351333,0.308258,0.403168,0.354134,0.264474,0.161586,0.414133,0.335704,0.402721,0.459402,0.422327,0.499191,0.592322,0.655102,0.526062,0.541847,0.835438,1.004962,0.558007,0.793924,0.504531,0.532288,0.308345,0.567936,0.066968,0.091235,0.270469,0.184635,0.591318,0.472472,0.243859,0.091518,0.347133,0.385218,0.190934,0.464570,0.549411,0.547585,0.196833,0.237338,0.639879,0.664202,0.695505,0.693402,0.417047,0.319328,0.523290,0.218574,0.573368,0.345690
0.413048,0.385539,0.000000,0.768189,0.424114,0.405670,0.934141,0.302009,0.315854,0.279641,0.228672,-0.063973,0.206133,-0.012940,0.482528,0.175335,0.135485,0.046001,0.379687,0.358668,0.275670,0.174311,1.091592,0.722924,0.557352,0.516868,0.558445,0.397816,0.162716,-0.061411,0.532725,0.463086,0.203581,0.258189,0.519750,0.332869,0.014078,0.005099,0.122151,0.254805,0.041896,-0.138622,0.235088,0.176699,0.176643,0.233911,0.191708,0.239012,0.157589,0.378128,0.250830,0.343066,0.154336,0.294477,0.164157,0.075216,0.170576,0.473393,0.291905,0.467651,0.201185,0.202844,-0.039902,-0.169501,0.550053,0.394287,0.800316,0.586618,0.628999,0.472685,0.169976,0.284800,0.196318,0.077382,0.053384,0.158356,0.378811,0.313643,-0.003528,0.102623,-0.012589,0.131951,0.418070,0.117412,0.600636,0.406098,0.568001,0.305512,0.529516,0.420221
0.305444,0.265064,0.768189,0.000000,0.515740,0.701760,0.815144,0.758560,0.510862,0.563756,0.152718,0.147648,0.270109,0.120915,0.331603,0.190203,0.023489,-0.024327,0.153822,0.228715,0.357216,0.322215,0.830932,1.176834,0.605156,0.713304,0.509419,0.430392,-0.001197,-0.129314,0.596817,0.442506,0.170072,0.173309,0.436426,0.553717,-0.115510,0.021275,0.041271,0.188972,-0.030000,-0.139246,0.197849,0.198877,0.088262,0.245397,0.178592,0.202898,0.054888,0.199856,0.221849,0.319567,0.160056,0.240488,0.110820,0.108591,0.051195,0.283354,0.287836,0.369525,0.221732,0.413502,0.005663,-0.039325,0.430761,0.712283,0.577686,0.690873,0.462488,0.374166,0.282171,0.208264,0.163524,0.075168,0.009638,0.159307,0.243038,0.310185,0.066179,0.119976,-0.031652,0.000693,0.302586,0.088300,0.495105,0.628554,0.487317,0.374395,0.432506,0.532330
0.202144,0.387681,0.424114,0.515740,0.000000,1.051167,0.354498,0.486778,1.256079,1.005955,-0.075246,0.088379,0.259750,0.224743,0.506378,0.303909,-0.061564,-0.048405,0.107595,0.301878,0.353947,0.301219,0.392263,0.258126,0.541642,0.528958,0.632239,0.573163,0.003381,0.067127,0.206770,0.132722,0.282109,0.266030,0.042284,0.035409,0.081527,0.084361,0.085470,0.104850,0.046789,0.013676,0.457039,0.312799,0.087059,0.079565,0.344945,0.289539,0.272606,0.253043,0.282351,0.432676,0.344568,0.434375,0.242649,0.269152,0.202862,0.369325,0.261579,0.481247,0.064228,0.330456,0.091369,0.178856,0.012152,0.124417,0.181939,0.288199,0.404759,0.371199,0.183216,-0.007876,0.025706,0.083824,0.000841,0.216973,0.094931,0.143219,-0.052358,0.040715,0.149175,0.122469,0.450765,0.233444,0.123201,0.209212,0.485207,0.360416,0.504537,0.436462
0.320971,0.478411,0.405670,0.701760,1.051167,0.000000,0.437279,0.734719,1.047500,1.437417,0.105944,0.192296,0.383793,0.310112,0.572227,0.456688,0.028339,0.004646,0.294740,0.452140,0.357007,0.407878,0.506278,0.410432,0.397025,0.597465,0.550097,0.713734,0.143328,0.157340,0.305028,0.265165,0.414723,0.360948,0.033326,0.155373,0.071408,0.133715,0.091655,0.101672,0.128682,0.056426,0.377352,0.260598,0.072822,0.090485,0.267262,0.184912,0.202759,0.227974,0.172104,0.316689,0.282324,0.389318,0.131929,0.223505,0.257799,0.465829,0.230101,0.415247,0.163992,0.414551,0.132866,0.214897,0.107271,0.218084,0.272157,0.336730,0.466042,0.407273,0.271046,0.081387,0.110687,0.105404,0.034591,0.325988,0.177281,0.189842,-0.034728,0.110761,0.257225,0.184412,0.555853,0.331956,0.258917,0.350423,0.487926,0.357678,0.488110,0.419718
0.330464,0.329366,0.934141,0.815144,0.354498,0.437279,0.000000,0.715176,0.378427,0.319420,0.395113,0.126513,0.509806,0.189544,0.442413,0.198956,0.150895,0.153325,0.403733,0.434617,0.274702,0.104719,0.868979,0.712157,0.446707,0.421920,0.264714,0.182805,0.250983,0.079699,0.554099,0.399087,0.367015,0.330549,0.403727,0.422721,-0.057430,0.069396,0.043805,0.125052,0.064813,-0.186846,0.378614,0.374062,0.413027,0.508828,0.390374,0.388656,0.280443,0.443053,0.460485,0.451622,0.324815,0.403030,0.187927,0.154463,0.163355,0.403003,0.305256,0.368991,0.458557,0.398373,0.174711,0.106441,0.443385,0.486949,0.941597,0.735959,0.692302,0.546158,0.143780,0.145894,0.093085,0.122292,0.110379,0.159952,0.288641,0.353345,0.116752,0.157801,0.145496,0.164597,0.341147,0.112287,0.474900,0.459409,0.338172,0.125707,0.341667,0.444589
0.273009,0.543296,0.302009,0.758560,0.486778,0.734719,0.715176,0.000000,0.651809,0.638558,0.437747,0.541431,0.616500,0.590596,0.436774,0.504963,0.245079,0.250604,0.414343,0.619147,0.163594,0.246537,0.422014,0.480480,0.195914,0.294326,0.097584,0.180433,0.237116,0.301800,0.259937,0.134502,0.610805,0.531003,0.025199,0.244068,-0.059628,0.282402,-0.006935,0.072018,0.132511,0.069804,0.461521,0.496358,0.427514,0.546797,0.537926,0.435398,0.349730,0.478135,0.537301,0.587340,0.555846,0.568188,0.360078,0.367617,0.262762,0.389181,0.242603,0.428063,0.459596,0.706021,0.336005,0.548428,0.110923,0.511884,0.474502,0.662976,0.530314,0.656655,0.092292,-0.092493,0.069139,0.218511,0.192845,0.303250,0.204370,0.382174,0.133305,0.151126,0.403597,0.232269,0.393406,0.387161,0.285891,0.454519,0.294946,0.032159,0.271979,0.386325
0.238207,0.461058,0.315854,0.510862,1.256079,1.047500,0.378427,0.651809,0.000000,1.231019,0.058685,0.234918,0.441467,0.441302,0.611495,0.473646,-0.009201,0.058054,0.204678,0.441025,0.384425,0.353541,0.330710,0.249080,0.366165,0.451952,0.392524,0.424674,0.166765,0.195081,0.206424,0.111932,0.406256,0.407624,-0.092113,0.042690,0.110270,0.142559,0.076568,0.104519,0.137741,0.090453,0.477352,0.344899,0.129040,0.117118,0.423248,0.308431,0.310467,0.273390,0.332867,0.465123,0.439069,0.477939,0.296301,0.333983,0.163284,0.341411,0.248748,0.470259,0.159197,0.456198,0.193777,0.300198,-0.021671,0.149991,0.158198,0.267650,0.390628,0.439016,0.198956,-0.029386,0.007459,0.147166,0.117368,0.249934,0.183177,0.191542,-0.078555,0.154906,0.304431,0.226849,0.442871,0.307724,0.165880,0.268293,0.417188,0.360215,0.462153,0.430462
0.339939,0.441895,0.279641,0.563756,1.005955,1.437417,0.319420,0.638558,1.231019,0.000000,0.099258,0.293360,0.430873,0.416662,0.535229,0.377851,-0.040113,0.007006,0.250365,0.390864,0.349394,0.393382,0.348165,0.305234,0.310914,0.455213,0.487605,0.597466,0.106155,0.153827,0.185413,0.170776,0.331248,0.288040,-0.025420,0.068846,0.147742,0.072524,0.072570,0.054658,0.131369,0.014277,0.348891,0.197349,0.029331,0.029799,0.224908,0.104617,0.201055,0.169573,0.151513,0.328991,0.278410,0.357410,0.121826,0.214926,0.204894,0.374131,0.187406,0.391075,0.164629,0.467089,0.140284,0.242139,0.129062,0.193580,0.143476,0.204577,0.347339,0.323643,0.271462,0.084497,-0.015599,0.084500,0.025788,0.268642,0.106136,0.097758,-0.105883,0.097074,0.218294,0.153723,0.451368,0.227502,0.191403,0.228937,0.370333,0.350903,0.477957,0.374310
0.441181,0.404395,0.228672,0.152718,-0.075246,0.105944,0.395113,0.437747,0.058685,0.099258,0.000000,0.754905,0.772297,0.547375,0.373981,0.361989,0.651800,0.350130,0.575695,0.531347,0.016461,0.077050,0.170459,0.171026,0.038498,0.045193,-0.076798,-0.041847,0.549063,0.501772,0.130118,0.010556,0.352986,0.311928,0.163985,0.205323,0.138142,0.256846,0.117615,0.230178,0.269894,0.199481,0.224697,0.256573,0.299075,0.239634,0.303299,0.316753,0.170608,0.312888,0.361449,0.235232,0.302524,0.312295,0.353620,0.350662,0.360284,0.311537,0.142549,0.175876,0.604559,0.548407,0.374727,0.391697,0.351159,0.347307,0.219760,0.157031,0.430329,0.400674,-0.012498,-0.071631,0.193285,0.196053,0.287871,0.058362,0.408685,0.452475,0.233733,0.198865,0.444920,0.367659,0.354696,0.439028,0.393282,0.265194,0.155422,-0.017582,0.159807,0.314840
0.374226,0.444681,-0.063973,0.147648,0.088379,0.192296,0.126513,0.541431,0.234918,0.293360,0.754905,0.000000,0.694387,1.010678,0.284610,0.367763,0.405198,0.359709,0.286382,0.420639,0.143630,0.244471,0.013380,0.092660,-0.012675,-0.058351,-0.092815,0.049132,0.382644,0.407845,0.073949,0.094095,0.339530,0.308558,-0.011304,0.086522,0.296622,0.452337,0.164386,0.282013,0.268776,0.244633,0.272586,0.285258,0.195657,0.220176,0.371404,0.274993,0.220984,0.310815,0.450741,0.345433,0.361816,0.319162,0.517737,0.519741,0.256100,0.166724,0.219957,0.247507,0.587966,0.701549,0.521867,0.666178,0.142856,0.370492,-0.041815,0.016169,0.249274,0.205710,0.152123,0.016553,0.148508,0.204656,0.151920,0.139845,0.304069,0.452456,0.195512,0.155706,0.421264,0.348233,0.249639,0.363191,0.274088,0.261617,0.111333,-0.022143,0.337376,0.298284
0.273083,0.380547,0.206133,0.270109,0.259750,0.383793,0.509806,0.616500,0.441467,0.430873,0.772297,0.694387,0.000000,0.785572,0.590454,0.420232,0.330046,0.319590,0.304205,0.450931,0.203195,0.224421,0.222245,0.111880,0.081940,0.125491,-0.018632,0.167747,0.484902,0.407151,0.210976,0.163103,0.581829,0.419548,0.094492,0.147491,0.239647,0.242679,0.117142,0.144626,0.263015,0.131948,0.470989,0.457097,0.445074,0.374654,0.475331,0.410295,0.409533,0.401753,0.533564,0.393876,0.430557,0.400456,0.422228,0.470456,0.226801,0.265667,0.287855,0.199748,0.794339,0.614488,0.726384,0.703762,0.084236,0.187966,0.203711,0.194871,0.479763,0.385358,0.199168,0.081376,0.162464,0.246291,0.174360,0.097401,0.376576,0.435025,0.119543,0.172569,0.555948,0.466070,0.382553,0.288208,0.183661,0.151278,0.174317,-0.001946,0.265435,0.272114
0.291248,0.553244,-0.012940,0.120915,0.224743,0.310112,0.189544,0.590596,0.441302,0.416662,0.547375,1.010678,0.785572,0.000000,0.389321,0.593071,0.367732,0.401729,0.313265,0.681248,0.270810,0.290697,0.035508,0.001815,-0.087815,-0.097484,0.025506,0.186033,0.523583,0.482756,0.127353,0.103012,0.480401,0.443001,-0.133792,0.011778,0.441200,0.565563,0.257400,0.386619,0.453276,0.356134,0.550977,0.565415,0.359692,0.286791,0.546927,0.453535,0.489578,0.454323,0.575351,0.491302,0.604688,0.559578,0.671466,0.744908,0.296600,0.241092,0.305617,0.386792,0.437855,0.499333,0.469461,0.910403,-0.134905,0.103543,0.058530,0.074276,0.376674,0.281566,0.259018,0.044036,0.091482,0.237591,0.136747,0.177038,0.352500,0.455147,0.154715,0.179450,0.600092,0.574618,0.412792,0.504403,0.258654,0.284718,0.220517,0.098235,0.436655,0.232460
0.427942,0.611904,0.482528,0.331603,0.506378,0.572227,0.442413,0.436774,0.611495,0.535229,0.373981,0.284610,0.590454,0.389321,0.000000,0.687748,0.291466,0.264537,0.472972,0.621908,0.438985,0.464092,0.439307,0.175051,0.209060,0.286679,0.248941,0.250302,0.525244,0.455555,0.276794,0.218740,0.527893,0.527858,-0.015660,0.049338,0.286106,0.416574,0.360870,0.334052,0.339750,0.271058,0.510412,0.437015,0.216924,0.224392,0.528008,0.484045,0.335794,0.381965,0.373888,0.405818,0.387737,0.511815,0.360366,0.432849,0.324404,0.452536,0.380789,0.415471,0.320455,0.363464,0.163272,0.274309,0.198652,0.078818,0.360964,0.227931,0.573458,0.377595,0.088112,0.146204,0.280031,0.205159,0.133496,0.328355,0.318983,0.298842,-0.057304,0.203559,0.424891,0.476415,0.681426,0.470660,0.445973,0.435939,0.251198,0.268158,0.525976,0.457089
0.262773,0.679165,0.175335,0.190203,0.303909,0.456688,0.198956,0.504963,0.473646,0.377851,0.361989,0.367763,0.420232,0.593071,0.687748,0.000000,0.440281,0.386578,0.480299,0.741678,0.274424,0.391070,0.215497,0.024810,-0.039318,0.101764,0.018386,0.121064,0.671778,0.789171,0.240992,0.133627,0.752279,0.734050,-0.302095,-0.074163,0.248734,0.524505,0.151694,0.228471,0.333428,0.330552,0.568852,0.559844,0.323962,0.224853,0.623143,0.542979,0.387101,0.354650,0.421386,0.420727,0.578366,0.605334,0.479744,0.502672,0.314261,0.318571,0.274173,0.326465,0.182750,0.202244,0.417324,0.500916,-0.194378,-0.084706,0.155368,0.116474,0.367090,0.321299,0.091930,-0.013628,0.327832,0.416722,0.335451,0.386104,0.421544,0.450001,0.189929,0.383344,0.816213,0.641791,0.689440,0.962603,0.373443,0.368386,0.220468,0.139098,0.244696,0.261150
0.238049,0.409285,0.135485,0.023489,-0.061564,0.028339,0.150895,0.245079,-0.009201,-0.040113,0.651800,0.405198,0.330046,0.367732,0.291466,0.440281,0.000000,0.624988,0.566843,0.602050,-0.029307,0.092706,0.009069,-0.081492,-0.157258,-0.114055,-0.140999,-0.038670,0.754406,0.406379,0.054248,-0.070507,0.245341,0.293481,-0.039537,0.003944,0.257623,0.392096,0.280676,0.365331,0.485219,0.514763,0.269405,0.260560,0.209911,0.303553,0.304647,0.378944,0.146447,0.243445,0.253721,0.176241,0.289085,0.297344,0.400530,0.346796,0.362171,0.322737,0.129496,0.060426,0.167464,0.183040,0.268472,0.457556,-0.043417,0.087318,0.184143,0.094773,0.405703,0.152864,0.006294,-0.081749,0.405621,0.272727,0.361142,0.171353,0.399455,0.500759,0.463165,0.280471,0.706813,0.531695,0.374463,0.591319,0.387670,0.258315,0.153274,0.089058,0.239660,0.190439
0.277795,0.542059,0.046001,-0.024327,-0.048405,0.004646,0.153325,0.250604,0.058054,0.007006,0.350130,0.359709,0.319590,0.401729,0.264537,0.386578,0.624988,0.000000,0.385977,0.589434,0.142980,0.307110,0.078571,-0.100350,-0.229771,-0.240027,-0.133766,-0.054790,0.757728,0.622501,0.184355,0.160807,0.420691,0.475673,-0.043011,-0.060880,0.208718,0.362382,0.126018,0.183392,0.361146,0.438851,0.248948,0.291335,0.354240,0.295411,0.280577,0.244549,0.257081,0.325084,0.337340,0.333813,0.363599,0.428196,0.299218,0.336586,0.503135,0.529636,0.220891,0.227388,0.310251,0.238008,0.350966,0.642850,-0.100011,-0.052289,0.132336,-0.003256,0.334865,0.131572,0.114613,0.124037,0.418927,0.448891,0.379951,0.312815,0.463150,0.580556,0.409785,0.654862,0.804554,0.765884,0.188879,0.401675,0.335670,0.191364,0.120661,0.093165,0.263140,0.161715
0.535843,0.654303,0.379687,0.153822,0.107595,0.294740,0.403733,0.414343,0.204678,0.250365,0.575695,0.286382,0.304205,0.313265,0.472972,0.480299,0.566843,0.385977,0.000000,1.039977,0.016619,0.140426,0.216063,0.029405,-0.153601,-0.089571,-0.007734,0.012256,0.494773,0.467746,0.068182,0.058307,0.304920,0.368687,-0.168121,-0.078047,0.113264,0.288688,0.098027,0.205105,0.289905,0.198298,0.327713,0.290250,0.257174,0.302361,0.307556,0.324251,0.180470,0.370896,0.194617,0.282500,0.311665,0.346379,0.215119,0.215030,0.531422,0.584355,0.182311,0.362933,0.286158,0.258323,0.043788,0.216211,0.144120,0.020181,0.355649,0.222016,0.670996,0.567005,0.103349,0.046913,0.102596,0.233109,0.272188,0.357403,0.390905,0.439778,0.163189,0.212840,0.528143,0.422364,0.465193,0.523073,0.393780,0.164752,0.280067,0.056683,0.222396,0.231690
0.482247,0.946921,0.358668,0.228715,0.301878,0.452140,0.434617,0.619147,0.441025,0.390864,0.531347,0.420639,0.450931,0.681248,0.621908,0.741678,0.602050,0.589434,1.039977,0.000000,0.210410,0.328147,0.287656,0.067494,-0.064985,-0.037653,0.106630,0.130578,0.657952,0.695975,0.168761,0.168151,0.582365,0.628426,-0.117754,0.035868,0.294945,0.568058,0.270937,0.385752,0.461953,0.404163,0.698679,0.672616,0.437074,0.429777,0.622053,0.599843,0.501652,0.640092,0.521934,0.620468,0.700259,0.805935,0.545525,0.585063,0.598145,0.657650,0.298119,0.552003,0.303422,0.347758,0.212011,0.543407,-0.015272,0.056848,0.441750,0.349075,0.907782,0.694482,0.155895,0.004864,0.212609,0.326176,0.225911,0.432283,0.485894,0.586818,0.240760,0.292360,0.793170,0.702539,0.627654,0.769215,0.550968,0.399806,0.363669,0.169328,0.424163,0.359837
0.372190,0.275971,0.275670,0.357216,0.353947,0.357007,0.274702,0.163594,0.384425,0.349394,0.016461,0.143630,0.203195,0.270810,0.438985,0.274424,-0.029307,0.142980,0.016619,0.210410,0.000000,0.562228,0.389807,0.281406,0.331409,0.265344,0.401661,0.418136,0.284521,0.183969,0.543854,0.569383,0.185603,0.200587,0.155869,0.093176,0.230997,0.258992,0.357410,0.419295,0.280675,0.182301,0.331296,0.278613,-0.037003,0.025052,0.203863,0.249053,0.103340,0.143182,0.205493,0.247606,0.166393,0.286789,0.181240,0.316165,0.166839,0.232753,0.327858,0.293840,0.044974,0.098521,-0.080576,0.096040,0.144456,0.045115,0.149621,-0.083781,0.281000,-0.056292,0.352684,0.344553,0.221015,0.066479,-0.158287,0.106352,0.222228,0.209484,-0.071249,0.270759,0.213181,0.435152,0.287062,0.120972,0.396780,0.551497,0.214377,0.405222,0.537011,0.348230
0.477382,0.436285,0.174311,0.322215,0.301219,0.407878,0.104719,0.246537,0.353541,0.393382,0.077050,0.244471,0.224421,0.290697,0.464092,0.391070,0.092706,0.307110,0.140426,0.328147,0.562228,0.000000,0.231792,0.120544,0.078871,0.122733,0.248162,0.398702,0.277803,0.321437,0.344547,0.432248,0.273519,0.222939,-0.011401,0.055299,0.116991,0.250895,0.102400,0.151549,0.079797,0.130674,0.318615,0.271034,0.114066,0.022812,0.217357,0.203789,0.260963,0.196151,0.249333,0.361689,0.326359,0.401289,0.197472,0.378891,0.345160,0.265314,0.490838,0.473387,0.207976,0.150604,0.051144,0.230441,-0.010237,-0.028705,0.001978,-0.083297,0.159977,0.125656,0.371503,0.396515,0.371807,0.354177,-0.010924,0.312619,0.330207,0.355145,-0.030385,0.326681,0.324985,0.486885,0.315921,0.325340,0.217554,0.351787,0.311028,0.421108,0.502301,0.252489
0.324027,0.342565,1.091592,0.830932,0.392263,0.506278,0.868979,0.422014,0.330710,0.348165,0.170459,0.013380,0.222245,0.035508,0.439307,0.215497,0.009069,0.078571,0.216063,0.287656,0.389807,0.231792,0.000000,1.071558,0.746563,0.659492,0.486064,0.297611,0.153859,0.011455,1.005005,0.752996,0.412742,0.397099,0.621331,0.475436,0.005001,0.092159,0.073758,0.178006,0.049290,-0.065773,0.256871,0.233164,0.200470,0.352304,0.210958,0.203396,0.129212,0.369662,0.270405,0.319140,0.138964,0.292885,0.046787,0.054733,0.128143,0.426502,0.241709,0.364969,0.154653,0.224854,0.035747,-0.135363,0.538464,0.445652,0.916506,0.684084,0.585595,0.480938,0.211660,0.367965,0.241411,0.079732,0.063133,0.185670,0.322058,0.291583,-0.031743,0.161061,-0.005954,0.088416,0.318120,0.095130,0.580426,0.543901,0.406586,0.331142,0.361846,0.459556
0.265689,0.137636,0.722924,1.176834,0.258126,0.410432,0.712157,0.480480,0.249080,0.305234,0.171026,0.092660,0.111880,0.001815,0.175051,0.024810,-0.081492,-0.100350,0.029405,0.067494,0.281406,0.120544,1.071558,0.000000,0.774229,0.751080,0.452148,0.241329,-0.053808,-0.205726,0.749407,0.581347,0.197950,0.175244,0.699913,0.679041,-0.126404,-0.016372,0.091556,0.179169,0.009780,-0.128511,0.012445,0.020546,-0.015014,0.186141,0.038506,0.037189,-0.133570,0.053252,0.064226,0.091766,-0.013714,0.044532,-0.011943,-0.064310,-0.054917,0.208276,0.125875,0.217764,0.127828,0.321968,-0.028192,-0.242809,0.625177,0.812665,0.652518,0.701183,0.327372,0.343126,0.172563,0.217320,0.136575,-0.013809,0.040336,-0.021696,0.205941,0.256126,-0.023034,-0.001171,-0.214964,-0.166549,0.158872,-0.052068,0.493775,0.570797,0.329512,0.291983,0.261649,0.439435
0.051043,-0.019018,0.557352,0.605156,0.541642,0.397025,0.446707,0.195914,0.366165,0.310914,0.038498,-0.012675,0.081940,-0.087815,0.209060,-0.039318,-0.157258,-0.229771,-0.153601,-0.064985,0.331409,0.078871,0.746563,0.774229,0.000000,1.161240,0.684019,0.358607,-0.133646,-0.191126,0.644424,0.337367,0.083952,0.011963,0.773316,0.532440,-0.007358,0.068421,0.108862,0.107885,-0.123215,-0.071064,0.222359,0.153701,-0.016216,0.139787,0.206806,0.206796,-0.074484,0.043029,0.199344,0.130001,0.073708,0.108355,0.018090,0.015171,-0.102108,0.083965,-0.001366,0.117195,-0.041669,0.162624,-0.050535,-0.292909,0.470766,0.453591,0.403062,0.470061,0.266019,0.234364,0.038028,0.078360,-0.023624,-0.146291,-0.041292,-0.131632,-0.041192,0.046313,-0.127656,-0.008484,-0.276813,-0.202656,0.160115,-0.095819,0.326808,0.381686,0.261411,0.274926,0.219166,0.629029
0.052968,-0.038692,0.516868,0.713304,0.528958,0.597465,0.421920,0.294326,0.451952,0.455213,0.045193,-0.058351,0.125491,-0.097484,0.286679,0.101764,-0.114055,-0.240027,-0.089571,-0.037653,0.265344,0.122733,0.659492,0.751080,1.161240,0.000000,0.612860,0.388587,-0.078336,-0.155724,0.541528,0.288365,0.126423,0.048069,0.580860,0.517721,-0.046003,0.002647,0.141091,0.102238,-0.073863,-0.010517,0.197006,0.111484,-0.086058,0.068946,0.155318,0.178642,-0.162232,-0.051313,0.065235,0.017358,-0.003210,0.054029,-0.058775,-0.050138,-0.142292,0.092304,-0.079848,0.043680,-0.098049,0.145685,-0.023228,-0.298268,0.429815,0.459832,0.347089,0.460593,0.238596,0.232416,0.012120,0.020671,0.022224,-0.110037,-0.006787,-0.040559,-0.024675,0.076369,-0.136575,0.039836,-0.191614,-0.194931,0.232339,-0.040826,0.341687,0.407433,0.226716,0.300229,0.152049,0.632708
0.215364,0.199354,0.558445,0.509419,0.632239,0.550097,0.264714,0.097584,0.392524,0.487605,-0.076798,-0.092815,-0.018632,0.025506,0.248941,0.018386,-0.140999,-0.133766,-0.007734,0.106630,0.401661,0.248162,0.486064,0.452148,0.684019,0.612860,0.000000,0.815782,-0.102225,-0.175495,0.368266,0.300802,-0.049587,-0.049238,0.421585,0.225326,0.108408,-0.010010,0.244598,0.298886,-0.007885,-0.021026,0.149184,0.079885,-0.105381,-0.101690,-0.019252,0.057846,-0.011613,0.016336,0.022503,0.083762,0.003492,0.148216,0.042712,0.096045,0.190627,0.343328,0.156071,0.355557,-0.093327,0.106414,-0.185720,-0.198843,0.274726,0.210646,0.233468,0.219911,0.263440,0.204574,0.321326,0.273351,0.024593,-0.077799,-0.164815,-0.029440,0.105941,0.098955,-0.085543,-0.076965,-0.167875,-0.054123,0.382156,0.073860,0.353246,0.375666,0.524461,0.454162,0.558389,0.463329
0.207150,0.225752,0.397816,0.430392,0.573163,0.713734,0.182805,0.180433,0.424674,0.597466,-0.041847,0.049132,0.167747,0.186033,0.250302,0.121064,-0.038670,-0.054790,0.012256,0.130578,0.418136,0.398702,0.297611,0.241329,0.358607,0.388587,0.815782,0.000000,0.036929,-0.049847,0.273176,0.267577,0.044161,0.014571,0.192961,0.147508,0.154944,0.079373,0.176309,0.238426,0.016357,-0.012923,0.152271,0.066612,-0.064053,-0.116030,-0.002544,-0.023267,0.088640,0.029318,0.061210,0.093766,0.040204,0.140021,0.070655,0.092619,0.179818,0.319315,0.240658,0.292276,0.026744,0.207322,-0.034301,0.092472,0.094576,0.115594,0.080315,0.022495,0.207412,0.037322,0.402600,0.285399,0.100490,0.026482,-0.187478,0.019528,0.156447,0.125433,-0.032908,0.059344,0.063862,0.183891,0.355578,0.109037,0.235625,0.259542,0.524516,0.445088,0.601144,0.239411
0.386313,0.512379,0.162716,-0.001197,0.003381,0.143328,0.250983,0.237116,0.166765,0.106155,0.549063,0.382644,0.484902,0.523583,0.525244,0.671778,0.754406,0.757728,0.494773,0.657952,0.284521,0.277803,0.153859,-0.053808,-0.133646,-0.078336,-0.102225,0.036929,0.000000,0.827590,0.320570,0.306859,0.569214,0.609038,-0.061348,0.012355,0.458327,0.490566,0.417724,0.474492,0.682349,0.475809,0.364617,0.335500,0.190405,0.182471,0.366309,0.395644,0.157619,0.232321,0.290576,0.209573,0.287136,0.354763,0.416568,0.469596,0.439153,0.418073,0.222475,0.151669,0.283126,0.172204,0.310683,0.495560,-0.033853,-0.043724,0.140725,-0.058617,0.387309,0.073842,0.233264,0.242849,0.514462,0.403956,0.303640,0.293969,0.615762,0.629679,0.428969,0.470020,1.009325,1.015231,0.543139,0.638488,0.561210,0.376804,0.210496,0.155264,0.365375,0.170400
0.386766,0.634957,-0.061411,-0.129314,0.067127,0.157340,0.079699,0.301800,0.195081,0.153827,0.501772,0.407845,0.407151,0.482756,0.455555,0.789171,0.406379,0.622501,0.467746,0.695975,0.183969,0.321437,0.011455,-0.205726,-0.191126,-0.155724,-0.175495,-0.049847,0.827590,0.000000,0.106115,0.096796,0.730982,0.684214,-0.187932,-0.072616,0.289576,0.470683,0.111972,0.151118,0.288219,0.323999,0.471261,0.448175,0.322862,0.230886,0.425626,0.348691,0.309418,0.358354,0.416300,0.385254,0.425427,0.507957,0.327215,0.431648,0.503267,0.372301,0.172586,0.187784,0.307306,0.234808,0.384520,0.570647,-0.104553,-0.124826,0.075607,-0.063279,0.319162,0.236507,0.011094,-0.026074,0.357702,0.491460,0.318627,0.390982,0.365688,0.421048,0.343190,0.604379,0.908322,0.855620,0.441087,0.731598,0.339443,0.277346,0.093767,-0.024811,0.112892,0.173491
0.169922,0.179338,0.532725,0.596817,0.206770,0.305028,0.554099,0.259937,0.206424,0.185413,0.130118,0.073949,0.210976,0.127353,0.276794,0.240992,0.054248,0.184355,0.068182,0.168761,0.543854,0.344547,1.005005,0.749407,0.644424,0.541528,0.368266,0.273176,0.320570,0.106115,0.000000,0.968410,0.361032,0.307466,0.520748,0.384578,0.083498,0.299345,0.131893,0.246929,0.136760,0.087859,0.174949,0.225205,0.099226,0.233596,0.159090,0.169594,-0.010188,0.131877,0.237028,0.185209,0.069369,0.148882,0.020092,0.126227,0.088831,0.269903,0.199010,0.197569,0.097119,0.035146,0.072888,-0.009944,0.284642,0.300468,0.505810,0.358404,0.351495,0.194616,0.419722,0.561935,0.318845,0.173132,0.038388,0.094850,0.415214,0.424381,0.077534,0.305730,0.090097,0.240823,0.176068,0.102783,0.539424,0.646339,0.241423,0.410694,0.306504,0.421061
0.311819,0.225992,0.463086,0.442506,0.132722,0.265165,0.399087,0.134502,0.111932,0.170776,0.010556,0.094095,0.163103,0.103012,0.218740,0.133627,-0.070507,0.160807,0.058307,0.168151,0.569383,0.432248,0.752996,0.581347,0.337367,0.288365,0.300802,0.267577,0.306859,0.096796,0.968410,0.000000,0.285366,0.266778,0.424366,0.325523,0.181609,0.189285,0.189168,0.335702,0.178202,0.059521,0.115179,0.106554,0.003488,0.114903,0.005290,0.029232,-0.021859,0.145603,0.100922,0.170267,-0.005080,0.058300,0.027406,0.104377,0.122114,0.279371,0.258599,0.281696,0.154235,0.066535,0.009588,-0.042583,0.289568,0.269584,0.335252,0.172313,0.275152,0.112556,0.586924,0.742519,0.372467,0.123881,-0.069751,0.188590,0.482432,0.457321,0.140321,0.197381,0.122312,0.288101,0.166548,0.051042,0.493518,0.432122,0.254543,0.351540,0.353827,0.209239
0.252337,0.671768,0.203581,0.170072,0.282109,0.414723,0.367015,0.610805,0.406256,0.331248,0.352986,0.339530,0.581829,0.480401,0.527893,0.752279,0.245341,0.420691,0.304920,0.582365,0.185603,0.273519,0.412742,0.197950,0.083952,0.126423,-0.049587,0.044161,0.569214,0.730982,0.361032,0.285366,0.000000,1.154436,-0.007479,0.031273,0.191284,0.287006,0.078638,0.090886,0.353938,0.292145,0.421379,0.425676,0.435587,0.377956,0.509443,0.359521,0.406216,0.429689,0.513900,0.418530,0.503054,0.497872,0.366014,0.374700,0.333156,0.467177,0.264231,0.298647,0.429072,0.400450,0.609170,0.586226,-0.056647,0.076966,0.335739,0.316556,0.337503,0.427038,0.125659,0.069864,0.344383,0.439270,0.428488,0.298252,0.396221,0.476951,0.067491,0.240725,0.697429,0.559087,0.462985,0.492486,0.285074,0.250210,0.175448,-0.020380,0.138185,0.187251
0.423425,0.762573,0.258189,0.173309,0.266030,0.360948,0.330549,0.531003,0.407624,0.288040,0.311928,0.308558,0.419548,0.443001,0.527858,0.734050,0.293481,0.475673,0.368687,0.628426,0.200587,0.222939,0.397099,0.175244,0.011963,0.048069,-0.049238,0.014571,0.609038,0.684214,0.307466,0.266778,1.154436,0.000000,-0.064406,-0.030314,0.221228,0.351588,0.137567,0.142393,0.366126,0.313741,0.424472,0.421241,0.354915,0.272986,0.511970,0.373413,0.369478,0.390431,0.428942,0.408268,0.477305,0.487657,0.426745,0.407421,0.397700,0.500208,0.322573,0.353764,0.402520,0.398878,0.515797,0.498586,-0.060382,0.056274,0.322972,0.269118,0.377013,0.404210,0.132352,0.046491,0.371233,0.456619,0.407112,0.444135,0.416986,0.504085,0.125006,0.272678,0.697972,0.558549,0.509479,0.547118,0.320908,0.289926,0.212280,0.032899,0.181021,0.223492
0.129169,-0.106867,0.519750,0.436426,0.042284,0.033326,0.403727,0.025199,-0.092113,-0.025420,0.163985,-0.011304,0.094492,-0.133792,-0.015660,-0.302095,-0.039537,-0.043011,-0.168121,-0.117754,0.155869,-0.011401,0.621331,0.699913,0.773316,0.580860,0.421585,0.192961,-0.061348,-0.187932,0.520748,0.424366,-0.007479,-0.064406,0.000000,0.767053,0.133563,0.034565,0.198701,0.235693,-0.062645,-0.029214,0.052028,-0.012627,0.021764,0.179726,-0.084108,0.022491,-0.135647,0.040636,0.075828,-0.005083,-0.159551,-0.087570,-0.004963,-0.052370,-0.069515,0.034054,-0.031875,-0.021015,0.081184,0.095643,-0.072626,-0.320953,0.748750,0.567512,0.511205,0.409553,0.181087,0.142085,0.091901,0.225601,0.057311,-0.156316,-0.097690,-0.299761,0.085093,0.140361,0.078578,-0.000208,-0.271257,-0.136714,0.016204,-0.212034,0.484717,0.313452,0.231898,0.125440,0.171807,0.347036
0.078375,-0.045635,0.332869,0.553717,0.035409,0.155373,0.422721,0.244068,0.042690,0.068846,0.205323,0.086522,0.147491,0.011778,0.049338,-0.074163,0.003944,-0.060880,-0.078047,0.035868,0.093176,0.055299,0.475436,0.679041,0.532440,0.517721,0.225326,0.147508,0.012355,-0.072616,0.384578,0.325523,0.031273,-0.030314,0.767053,0.000000,0.111260,0.118309,0.195294,0.243868,0.006098,0.045720,0.101630,0.111043,0.038941,0.199119,0.033689,0.102827,-0.047454,0.058469,0.113554,0.075168,-0.028261,0.028078,0.018920,0.013803,-0.057229,0.032947,-0.013360,0.034147,0.112493,0.206432,0.000276,-0.230412,0.528603,0.708598,0.491853,0.523391,0.250858,0.184661,0.051157,0.067276,0.024571,-0.084705,-0.073851,-0.139774,0.172780,0.245018,0.221846,-0.005447,-0.125996,-0.118667,0.093998,-0.005496,0.489573,0.516301,0.236597,0.266178,0.121017,0.456103
0.199789,0.222720,0.014078,-0.115510,0.081527,0.071408,-0.057430,-0.059628,0.110270,0.147742,0.138142,0.296622,0.239647,0.441200,0.286106,0.248734,0.257623,0.208718,0.113264,0.294945,0.230997,0.116991,0.005001,-0.126404,-0.007358,-0.046003,0.108408,0.154944,0.458327,0.289576,0.083498,0.181609,0.191284,0.221228,0.133563,0.111260,0.000000,0.511333,0.685082,0.672885,0.557909,0.419682,0.363046,0.249390,0.019820,0.024172,0.216287,0.259184,0.165173,0.108817,0.128404,0.041118,0.148225,0.106130,0.525062,0.420018,0.147904,0.104557,0.153921,0.067425,0.070871,0.007581,0.197164,0.183835,0.023694,-0.022427,0.005874,-0.064946,0.171374,-0.116592,0.243621,0.216628,0.221487,0.146886,-0.057855,0.076918,0.356889,0.338741,0.168376,0.004866,0.299262,0.371792,0.304500,0.189796,0.359679,0.152541,0.080321,0.009045,0.374872,0.103422
0.154344,0.363337,0.005099,0.021275,0.084361,0.133715,0.069396,0.282402,0.142559,0.072524,0.256846,0.452337,0.242679,0.565563,0.416574,0.524505,0.392096,0.362382,0.288688,0.568058,0.258992,0.250895,0.092159,-0.016372,0.068421,0.002647,-0.010010,0.079373,0.490566,0.470683,0.299345,0.189285,0.287006,0.351588,0.034565,0.118309,0.511333,0.000000,0.476711,0.516033,0.352416,0.453363,0.546160,0.583817,0.266224,0.364767,0.548682,0.516906,0.254552,0.309839,0.395186,0.322271,0.433517,0.421113,0.585577,0.596114,0.258239,0.178197,0.212583,0.208755,0.138394,0.075170,0.222848,0.415931,-0.079452,0.046734,0.192555,0.188072,0.422747,0.236228,0.049306,0.025768,0.159227,0.144084,0.008709,0.248654,0.277326,0.459429,0.240118,0.174254,0.432569,0.461288,0.390358,0.537556,0.350547,0.434728,0.118699,0.054760,0.316634,0.293440
0.253019,0.185598,0.122151,0.041271,0.085470,0.091655,0.043805,-0.006935,0.076568,0.072570,0.117615,0.164386,0.117142,0.257400,0.360870,0.151694,0.280676,0.126018,0.098027,0.270937,0.357410,0.102400,0.073758,0.091556,0.108862,0.141091,0.244598,0.176309,0.417724,0.111972,0.131893,0.189168,0.078638,0.137567,0.198701,0.195294,0.685082,0.476711,0.000000,1.251169,0.916615,0.657019,0.243739,0.162343,-0.202364,-0.133824,0.184203,0.303554,-0.091734,-0.083699,-0.056978,-0.108462,0.075206,0.095489,0.440155,0.398254,0.204287,0.169266,0.229369,0.143617,0.026935,0.074099,-0.043532,0.048075,0.133124,0.135600,0.087290,-0.031361,0.269993,-0.130366,0.094574,0.066314,0.115194,-0.090980,-0.215710,-0.068551,0.271437,0.303315,0.073769,-0.184010,0.196794,0.245042,0.565835,0.266052,0.411381,0.399913,0.169509,0.144627,0.490025,0.229272
0.325875,0.340308,0.254805,0.188972,0.104850,0.101672,0.125052,0.072018,0.104519,0.054658,0.230178,0.282013,0.144626,0.386619,0.334052,0.228471,0.365331,0.183392,0.205105,0.385752,0.419295,0.151549,0.178006,0.179169,0.107885,0.102238,0.298886,0.238426,0.474492,0.151118,0.246929,0.335702,0.090886,0.142393,0.235693,0.243868,0.672885,0.516033,1.251169,0.000000,0.736122,0.532518,0.254009,0.217634,-0.135024,-0.050213,0.179563,0.349705,-0.019008,0.052103,0.061280,0.036204,0.143509,0.130990,0.590679,0.495855,0.288206,0.295239,0.353813,0.291733,0.078413,0.168264,-0.039235,0.120341,0.158474,0.254926,0.166907,0.058735,0.363197,-0.024106,0.252524,0.209818,0.245844,0.046886,-0.184794,0.064108,0.526954,0.525458,0.235745,-0.053672,0.267756,0.382119,0.599474,0.339153,0.598655,0.521504,0.397396,0.251814,0.645266,0.295016
0.194039,0.351333,0.041896,-0.030000,0.046789,0.128682,0.064813,0.132511,0.137741,0.131369,0.269894,0.268776,0.263015,0.453276,0.339750,0.333428,0.485219,0.361146,0.289905,0.461953,0.280675,0.079797,0.049290,0.009780,-0.123215,-0.073863,-0.007885,0.016357,0.682349,0.288219,0.136760,0.178202,0.353938,0.366126,-0.062645,0.006098,0.557909,0.352416,0.916615,0.736122,0.000000,0.809916,0.173663,0.120652,-0.084886,-0.031292,0.184493,0.223162,-0.002809,0.051483,-0.007957,-0.027929,0.143393,0.157750,0.365615,0.360207,0.241775,0.248550,0.121942,0.088382,0.076457,0.078559,0.146192,0.324554,-0.045895,0.056159,0.067982,-0.071541,0.284019,-0.060855,0.165358,0.058976,0.191471,0.073333,0.092031,0.088285,0.397201,0.342219,0.110920,-0.068527,0.486581,0.482053,0.496208,0.413102,0.393554,0.355372,0.099516,0.108745,0.373611,0.066961
0.084912,0.308258,-0.138622,-0.139246,0.013676,0.056426,-0.186846,0.069804,0.090453,0.014277,0.199481,0.244633,0.131948,0.356134,0.271058,0.330552,0.514763,0.438851,0.198298,0.404163,0.182301,0.130674,-0.065773,-0.128511,-0.071064,-0.010517,-0.021026,-0.012923,0.475809,0.323999,0.087859,0.059521,0.292145,0.313741,-0.029214,0.045720,0.419682,0.453363,0.657019,0.532518,0.809916,0.000000,0.218062,0.241870,-0.032571,0.013752,0.215533,0.289999,0.042141,0.030605,0.111361,0.018208,0.207945,0.213508,0.241351,0.348577,0.253747,0.245219,0.103078,0.081337,0.014690,0.096741,0.119185,0.370919,-0.105389,-0.023413,0.006673,-0.044228,0.201577,-0.026428,0.089855,-0.072337,0.183975,0.085045,0.129189,0.007556,0.234952,0.323054,0.100868,0.063387,0.479818,0.385054,0.387327,0.486048,0.288673,0.286559,0.062580,0.171117,0.153588,0.203910
0.245510,0.403168,0.235088,0.197849,0.457039,0.377352,0.378614,0.461521,0.477352,0.348891,0.224697,0.272586,0.470989,0.550977,0.510412,0.568852,0.269405,0.248948,0.327713,0.698679,0.331296,0.318615,0.256871,0.012445,0.222359,0.197006,0.149184,0.152271,0.364617,0.471261,0.174949,0.115179,0.421379,0.424472,0.052028,0.101630,0.363046,0.546160,0.243739,0.254009,0.173663,0.218062,0.000000,1.439276,0.779138,0.651538,1.253326,1.239701,0.815743,0.693759,0.888597,0.821860,0.966573,1.010046,0.705432,0.841025,0.264432,0.186737,0.330825,0.430018,0.267905,0.258594,0.237472,0.424378,-0.099476,-0.082942,0.392903,0.325377,0.571858,0.436402,0.014953,-0.140709,0.056636,0.279689,0.070757,0.255535,0.145810,0.363585,0.140606,0.182521,0.473223,0.404450,0.504361,0.422446,0.241656,0.257137,0.212406,-0.003449,0.304978,0.465432
0.136434,0.354134,0.176699,0.198877,0.312799,0.260598,0.374062,0.496358,0.344899,0.197349,0.256573,0.285258,0.457097,0.565415,0.437015,0.559844,0.260560,0.291335,0.290250,0.672616,0.278613,0.271034,0.233164,0.020546,0.153701,0.111484,0.079885,0.066612,0.335500,0.448175,0.225205,0.106554,0.425676,0.421241,-0.012627,0.111043,0.249390,0.583817,0.162343,0.217634,0.120652,0.241870,1.439276,0.000000,0.882551,0.764667,1.217794,1.227447,0.907573,0.766160,1.056248,0.896225,1.002331,1.010170,0.656277,0.866834,0.269693,0.167925,0.348782,0.408584,0.294777,0.228188,0.280069,0.508157,-0.160910,-0.061829,0.384725,0.368024,0.567052,0.413318,0.041072,-0.110871,0.098333,0.366622,0.107541,0.266100,0.182005,0.386806,0.122643,0.202980,0.447430,0.378290,0.369312,0.401815,0.221934,0.337082,0.117517,-0.025411,0.218951,0.465760
0.070595,0.264474,0.176643,0.088262,0.087059,0.072822,0.413027,0.427514,0.129040,0.029331,0.299075,0.195657,0.445074,0.359692,0.216924,0.323962,0.209911,0.354240,0.257174,0.437074,-0.037003,0.114066,0.200470,-0.015014,-0.016216,-0.086058,-0.105381,-0.064053,0.190405,0.322862,0.099226,0.003488,0.435587,0.354915,0.021764,0.038941,0.019820,0.266224,-0.202364,-0.135024,-0.084886,-0.032571,0.779138,0.882551,0.000000,1.069409,0.786023,0.683026,1.094903,0.969794,0.900064,0.849202,0.726071,0.733566,0.458951,0.511470,0.216766,0.157334,0.251253,0.352956,0.397961,0.244599,0.327214,0.487118,-0.113595,-0.027600,0.480354,0.421014,0.343749,0.449599,-0.090861,-0.152527,0.036789,0.337931,0.278368,0.216818,0.119965,0.254962,0.103643,0.172416,0.323969,0.253985,0.092186,0.204758,0.018210,0.036868,0.028819,-0.233483,-0.007408,0.157231
-0.028649,0.161586,0.233911,0.245397,0.079565,0.090485,0.508828,0.546797,0.117118,0.029799,0.239634,0.220176,0.374654,0.286791,0.224392,0.224853,0.303553,0.295411,0.302361,0.429777,0.025052,0.022812,0.352304,0.186141,0.139787,0.068946,-0.101690,-0.116030,0.182471,0.230886,0.233596,0.114903,0.377956,0.272986,0.179726,0.199119,0.024172,0.364767,-0.133824,-0.050213,-0.031292,0.013752,0.651538,0.764667,1.069409,0.000000,0.642349,0.589404,0.625682,0.866182,0.800928,0.731259,0.493686,0.494116,0.327103,0.313476,0.060573,0.124853,0.068540,0.192381,0.209610,0.210763,0.214267,0.340086,0.037565,0.204744,0.689261,0.719615,0.423923,0.487599,-0.059248,-0.086782,0.054898,0.270011,0.225471,0.177244,0.057597,0.260181,0.153492,0.192196,0.236193,0.187424,-0.003182,0.102181,0.208481,0.232892,-0.014675,-0.178983,0.001807,0.216523
0.206319,0.414133,0.191708,0.178592,0.344945,0.267262,0.390374,0.537926,0.423248,0.224908,0.303299,0.371404,0.475331,0.546927,0.528008,0.623143,0.304647,0.280577,0.307556,0.622053,0.203863,0.217357,0.210958,0.038506,0.206806,0.155318,-0.019252,-0.002544,0.366309,0.425626,0.159090,0.005290,0.509443,0.511970,-0.084108,0.033689,0.216287,0.548682,0.184203,0.179563,0.184493,0.215533,1.253326,1.217794,0.786023,0.642349,0.000000,1.475779,0.793990,0.650644,1.035874,0.805461,1.267563,1.069970,0.839748,0.923138,0.215805,0.144478,0.312087,0.420670,0.363453,0.404906,0.360161,0.535126,-0.123453,-0.014440,0.298421,0.353391,0.513854,0.381054,-0.135106,-0.281748,0.020371,0.244675,0.160300,0.236937,0.044384,0.315896,0.022992,0.169224,0.425844,0.314703,0.391162,0.408644,0.137356,0.238925,0.076061,-0.054981,0.229620,0.519061
0.169881,0.335704,0.239012,0.202898,0.289539,0.184912,0.388656,0.435398,0.308431,0.104617,0.316753,0.274993,0.410295,0.453535,0.484045,0.542979,0.378944,0.244549,0.324251,0.599843,0.249053,0.203789,0.203396,0.037189,0.206796,0.178642,0.057846,-0.023267,0.395644,0.348691,0.169594,0.029232,0.359521,0.373413,0.022491,0.102827,0.259184,0.516906,0.303554,0.349705,0.223162,0.289999,1.239701,1.227447,0.683026,0.589404,1.475779,0.000000,0.652947,0.562414,0.895615,0.690075,0.953727,0.921122,0.848241,0.971890,0.208172,0.113091,0.320763,0.356735,0.236968,0.252088,0.214027,0.389531,-0.128611,-0.038068,0.334120,0.329017,0.542673,0.370223,-0.090831,-0.195472,0.116247,0.233494,0.102043,0.147433,0.125012,0.388473,0.042421,0.130624,0.398421,0.309992,0.430065,0.358887,0.191891,0.322545,0.086183,-0.069394,0.244589,0.522488
