0.000000,0.654402,0.398963,0.150477,0.335592,0.182170,0.539132,0.345514,0.385457,0.347467,0.823920,0.558512,0.700127,0.474996,0.198575,0.096282,0.615776,0.392799,0.810833,0.582521,0.256518,0.386723,-0.128578,-0.122068,-0.167009,-0.065390,0.219972,0.224898,0.379355,0.224685,0.131272,0.123579,0.487325,0.416653,0.026919,-0.012093,0.436970,-0.048428,0.118085,0.020823,0.156363,0.162450,0.161766,0.537917,0.177546,0.389125,0.267020,0.204907,0.374176,0.442730,0.138918,0.343181,0.180079,0.130426,0.207013,0.438122,0.857244,0.423696,0.768312,0.465603,1.081760,0.483208,0.399555,0.499066,0.142834,0.178218,0.324793,0.379803,0.381394,0.098792,0.232924,0.192305,0.481708,0.410439,0.533417,0.626675,0.586318,0.470016,0.388881,0.151480,0.276272,0.221565,0.141834,-0.081015,-0.036857,0.076951,0.126769,-0.095310,0.416783,0.443737
0.654402,0.000000,0.641471,0.610211,0.294949,0.409669,0.458064,0.585921,0.180367,0.423291,0.249950,0.479970,0.284501,0.680457,0.300447,0.317884,0.407464,0.471173,0.742851,0.990611,0.233280,0.269318,0.349225,0.343865,0.215560,0.260049,0.328944,0.404082,0.092245,0.114793,0.165340,0.231785,0.420076,0.706551,0.165545,0.288352,0.107399,-0.145637,-0.036597,0.034079,-0.024291,0.007191,0.314245,0.384607,0.325516,0.538066,0.386503,0.444825,0.342957,0.457342,0.364532,0.453106,0.686109,0.333255,0.490153,0.597413,0.567857,1.241504,0.724511,0.782495,0.498631,0.474205,0.327697,0.668415,-0.134623,0.119620,0.625390,0.694164,0.421939,0.299889,0.211897,0.224521,0.373796,0.422872,0.485442,0.679281,0.539774,0.524255,0.258891,0.167104,0.301746,0.219823,0.347192,-0.112323,0.281572,0.308339,0.024209,-0.079367,0.539922,0.460429
0.398963,0.641471,0.000000,0.965498,0.591168,0.493910,1.213409,0.763105,0.542411,0.586825,0.167289,0.251548,0.469918,0.447231,0.377175,0.331266,0.246020,0.236948,0.623753,0.698641,0.280531,0.276506,0.720443,0.630644,0.251492,0.160015,0.430261,0.344847,0.137576,0.072966,0.158989,0.234365,0.546027,0.769607,0.424963,0.263625,0.081764,0.135814,-0.040924,0.052777,-0.059638,0.097941,0.576853,0.460808,0.597682,0.609051,0.631367,0.563037,0.554946,0.597681,0.759917,0.544492,0.746885,0.689061,0.557675,0.603519,0.372262,0.644217,0.466322,0.486107,0.365001,0.246665,0.331437,0.411864,0.233110,0.330598,0.737848,0.828356,0.424575,0.369507,0.117319,0.244287,0.269615,0.355773,0.383850,0.464556,0.523290,0.553894,0.205525,0.113156,0.172871,0.180591,0.242453,0.009069,0.371350,0.410460,-0.112460,0.000520,0.804072,0.652961
0.150477,0.610211,0.965498,0.000000,0.464073,0.839702,0.703487,1.174156,0.301022,0.689422,0.038103,0.374003,0.100138,0.534034,0.288230,0.543709,0.152976,0.134009,0.496404,0.678750,0.190632,0.244161,0.782640,1.125306,0.290818,0.455273,0.404032,0.527791,0.042546,0.050337,0.171142,0.307185,0.275908,0.634142,0.234868,0.244425,-0.115324,-0.022345,-0.056953,0.118609,-0.182271,0.007027,0.446145,0.387076,0.335526,0.483456,0.422238,0.462687,0.293203,0.337672,0.510258,0.334267,0.689992,0.411415,0.433651,0.512413,0.094452,0.504663,0.329984,0.522824,0.117828,0.410406,0.158180,0.331200,0.116435,0.500439,0.521658,0.683189,0.158602,0.177298,0.064481,0.259775,0.236124,0.422640,0.429036,0.440133,0.434724,0.526135,0.063621,0.179196,0.264690,0.201306,0.305783,-0.022407,0.414585,0.489207,-0.116656,-0.071184,0.524064,0.656777
0.335592,0.294949,0.591168,0.464073,0.000000,0.424700,0.883410,0.568230,1.324670,0.682096,0.214502,0.241328,0.354717,0.242027,-0.060991,0.174569,0.079695,0.078013,0.221592,0.271188,0.113977,0.157233,0.150607,0.247125,-0.092556,-0.042990,0.297639,0.239469,0.070681,0.164565,-0.007886,0.034107,0.109706,0.271631,0.083239,0.032802,0.016335,0.026734,0.106733,-0.045163,-0.086228,-0.095400,0.440942,0.356935,0.435795,0.515897,0.430489,0.411466,0.558960,0.577210,0.307854,0.355183,0.341056,0.500349,0.359909,0.306465,0.307122,0.223947,0.405143,0.455584,0.423147,0.418149,0.106049,0.220850,0.215304,0.322980,0.401097,0.476658,0.236540,0.257334,0.050228,0.051284,-0.064628,0.022084,0.241440,0.272195,0.308356,0.404289,0.111349,0.203895,0.138241,0.147194,0.184881,-0.073761,0.059772,0.234192,-0.143172,-0.096629,0.759449,0.585866
0.182170,0.409669,0.493910,0.839702,0.424700,0.000000,0.503472,0.934981,0.292243,0.956599,0.245366,0.586641,0.134415,0.731276,0.291873,0.533411,0.096673,0.165909,0.290581,0.314083,0.147296,0.174759,0.358773,0.572247,0.171390,0.471054,0.169652,0.458652,0.057246,0.161294,0.220920,0.290074,0.225253,0.418474,0.009680,0.126813,-0.134384,-0.196548,-0.133250,-0.129086,-0.102866,-0.041225,0.241264,0.343291,0.068440,0.332338,0.169740,0.380255,0.179102,0.225607,0.283755,0.303237,0.477446,0.226683,0.194146,0.427342,-0.036086,0.247391,0.347054,0.605031,0.362859,0.749972,0.140794,0.383360,0.233660,0.537563,0.243308,0.449562,-0.158424,-0.096186,-0.004263,0.124086,0.251222,0.508243,0.427058,0.396002,0.486428,0.554535,-0.129187,0.319237,0.129499,0.243775,0.089561,-0.247040,0.181185,0.353667,-0.146847,-0.338630,0.363985,0.760384
0.539132,0.458064,1.213409,0.703487,0.883410,0.503472,0.000000,0.849552,0.953374,0.800957,0.332850,0.276855,0.636027,0.380359,0.235330,0.203264,0.250215,0.156714,0.452143,0.488493,0.207192,0.211553,0.261355,0.346930,-0.039310,-0.058028,0.215172,0.198361,0.192840,0.126080,0.061265,0.135825,0.456235,0.605398,0.130879,0.087545,0.102296,0.072972,0.040697,0.014675,-0.053825,0.037103,0.533525,0.538527,0.484500,0.659468,0.564006,0.496678,0.663230,0.762996,0.537154,0.547611,0.514540,0.638546,0.433894,0.534030,0.369653,0.356687,0.627594,0.571038,0.646621,0.488710,0.293481,0.395219,0.433190,0.426341,0.578842,0.757534,0.316035,0.278333,0.056495,0.114110,0.217588,0.308162,0.384783,0.499169,0.512455,0.495907,0.152533,0.136530,0.115549,0.121107,0.173673,-0.080971,0.099515,0.263814,-0.152117,-0.060068,0.867082,0.779610
0.345514,0.585921,0.763105,1.174156,0.568230,0.934981,0.849552,0.000000,0.412843,0.984663,0.140497,0.565493,0.179952,0.777898,0.214056,0.498090,0.180620,0.161909,0.427176,0.626334,0.095370,0.144705,0.403457,0.617064,0.074087,0.321544,0.184507,0.418752,0.064035,0.072527,0.135032,0.215795,0.245795,0.545067,-0.008124,0.230783,-0.004027,-0.126112,-0.016856,0.057455,-0.176483,0.044816,0.343078,0.460263,0.200480,0.475661,0.370972,0.416319,0.316063,0.422106,0.387187,0.438764,0.584952,0.346070,0.390793,0.561607,0.109001,0.335814,0.618360,0.774730,0.402235,0.822905,0.203818,0.479808,0.169288,0.564980,0.442946,0.639204,0.068024,0.098588,0.079176,0.227783,0.250873,0.473263,0.570585,0.504640,0.533212,0.555038,0.044449,0.211393,0.276285,0.148194,0.214279,-0.154717,0.109927,0.287141,-0.138700,-0.151346,0.577937,0.869481
0.385457,0.180367,0.542411,0.301022,1.324670,0.292243,0.953374,0.412843,0.000000,0.562715,0.327732,0.171024,0.549030,0.101784,0.039143,-0.019972,0.150307,-0.004363,0.206180,0.144217,0.042216,0.148194,-0.084546,0.048688,-0.163226,-0.237476,0.121750,0.006778,0.217396,0.185399,-0.084474,-0.085444,0.120468,0.203949,-0.064257,-0.108296,0.084214,0.186848,0.039942,-0.053770,0.024221,-0.075225,0.503200,0.394615,0.379356,0.416959,0.418922,0.273372,0.572127,0.611618,0.330964,0.377819,0.295717,0.535980,0.330728,0.185538,0.328085,0.087653,0.402022,0.352909,0.535145,0.339768,0.166977,0.166352,0.322656,0.206475,0.306075,0.414101,0.262030,0.200309,-0.073349,-0.052374,-0.058145,0.034404,0.168342,0.235481,0.225088,0.281384,0.155351,0.168954,0.040028,0.080036,0.142753,0.007990,-0.039947,0.152825,-0.223509,-0.150935,0.835831,0.487459
0.347467,0.423291,0.586825,0.689422,0.682096,0.956599,0.800957,0.984663,0.562715,0.000000,0.241651,0.392499,0.212729,0.537267,0.064180,0.356489,0.129627,0.057098,0.335749,0.397108,0.139605,0.143045,0.206336,0.387299,-0.003026,0.159649,0.065393,0.358765,-0.008625,0.091810,0.070979,0.134872,0.179389,0.408622,0.044720,0.165693,-0.025499,-0.183965,-0.115777,-0.140828,-0.130958,-0.109591,0.396225,0.376212,0.258499,0.517646,0.334631,0.466245,0.574550,0.535550,0.276948,0.376490,0.436461,0.364567,0.322637,0.475113,0.141980,0.272842,0.579929,0.737212,0.519374,0.810941,0.133387,0.336420,0.317945,0.486623,0.396057,0.544060,0.039751,0.126657,0.086589,0.176920,0.157846,0.367144,0.469523,0.409848,0.506245,0.517655,0.017072,0.162927,0.176622,0.101872,0.083667,-0.196437,0.083138,0.214363,-0.089901,-0.182663,0.629025,0.838310
0.823920,0.249950,0.167289,0.038103,0.214502,0.245366,0.332850,0.140497,0.327732,0.241651,0.000000,0.602930,1.020899,0.350129,0.256625,0.149503,0.549365,0.349224,0.507538,0.173566,0.276948,0.360166,-0.218548,-0.094100,-0.028816,0.068241,0.095128,0.098697,0.657239,0.553414,0.265491,0.222663,0.391001,0.257024,0.012426,-0.185855,0.196547,0.085947,0.039186,-0.017194,0.337686,0.160771,0.195636,0.521507,0.132554,0.340683,0.160926,0.100668,0.335380,0.306614,0.130140,0.272832,0.022312,0.012705,-0.016000,0.256254,0.343818,0.113972,0.226061,0.136235,0.834227,0.329815,0.417896,0.246240,0.509223,0.291429,-0.008292,0.113939,0.042231,-0.209125,0.045420,0.019195,0.458340,0.448700,0.392553,0.519888,0.415917,0.366198,0.242981,0.377907,0.179770,0.367590,0.017159,0.055284,0.021252,0.107564,0.174261,-0.129493,0.155119,0.312537
0.558512,0.479970,0.251548,0.374003,0.241328,0.586641,0.276855,0.565493,0.171024,0.392499,0.602930,0.000000,0.394711,1.091586,0.262339,0.653626,0.357832,0.552804,0.366237,0.382417,0.394062,0.360293,0.160447,0.267698,0.096058,0.415934,0.228135,0.302624,0.418912,0.540752,0.579154,0.671283,0.519274,0.562546,-0.085455,0.025137,0.152865,-0.125321,0.035744,-0.021467,0.199367,0.130001,0.022176,0.482707,0.100270,0.369950,0.105591,0.092383,0.196947,0.246386,0.210128,0.397819,0.300114,-0.079786,0.055195,0.380910,0.301690,0.264104,0.331563,0.349644,0.579100,0.702872,0.347389,0.745911,0.115440,0.639472,0.006358,0.259061,-0.126256,-0.267638,0.110831,0.248641,0.359396,0.642840,0.500006,0.542372,0.450699,0.522783,0.156998,0.545718,0.234815,0.633735,0.128360,-0.152153,0.078851,0.411837,0.000403,-0.260826,0.189183,0.419580
0.700127,0.284501,0.469918,0.100138,0.354717,0.134415,0.636027,0.179952,0.549030,0.212729,1.020899,0.394711,0.000000,0.340790,0.435770,0.173549,0.518242,0.535506,0.476848,0.237173,0.320202,0.391168,-0.054647,-0.051816,0.119890,0.019140,0.279085,0.043794,0.631189,0.587322,0.368188,0.301647,0.644780,0.479629,0.194531,-0.218321,0.222237,0.228711,0.005160,-0.009798,0.405238,0.144203,0.334467,0.589046,0.484867,0.587501,0.381450,0.188941,0.601705,0.586485,0.418086,0.518183,0.189557,0.229819,0.154458,0.379588,0.542893,0.265623,0.258978,0.185277,0.846674,0.249774,0.506238,0.383875,0.619653,0.389515,0.194861,0.338549,0.264870,-0.004944,0.037379,0.003022,0.326034,0.329587,0.329210,0.476320,0.347188,0.351797,0.342737,0.383772,0.058761,0.426150,0.119656,0.178276,0.110610,0.174714,0.180985,0.001076,0.425815,0.372500
0.474996,0.680457,0.447231,0.534034,0.242027,0.731276,0.380359,0.777898,0.101784,0.537267,0.350129,1.091586,0.340790,0.000000,0.367513,0.780044,0.266444,0.627221,0.420688,0.605524,0.316339,0.230489,0.387481,0.404481,0.164671,0.481501,0.306703,0.445774,0.196854,0.322643,0.512695,0.596406,0.569457,0.760697,0.098261,0.182312,0.098508,-0.259874,-0.044430,-0.042723,0.058266,0.091068,0.053862,0.451277,0.183140,0.429362,0.182789,0.223178,0.201770,0.279598,0.286252,0.428520,0.481592,-0.017797,0.180774,0.509119,0.245915,0.492958,0.460104,0.566049,0.528827,0.754303,0.306615,0.874540,0.066109,0.643947,0.220722,0.410461,-0.046236,-0.074503,0.149320,0.298118,0.419881,0.675892,0.610615,0.601899,0.538379,0.623295,0.091380,0.413726,0.178467,0.469730,0.166271,-0.252217,0.123605,0.306102,0.018448,-0.252187,0.294887,0.523788
0.198575,0.300447,0.377175,0.288230,-0.060991,0.291873,0.235330,0.214056,0.039143,0.064180,0.256625,0.262339,0.435770,0.367513,0.000000,0.593727,0.419896,0.460890,0.397680,0.273474,0.157827,0.354588,0.320058,0.226214,0.400700,0.281508,0.410167,0.281552,0.558286,0.361286,0.336462,0.389406,0.361752,0.341519,0.220164,-0.020971,0.187520,0.246048,-0.130745,0.208494,0.276590,0.252960,0.277896,0.412843,0.340045,0.303658,0.317538,0.244604,0.199888,0.217518,0.584523,0.410092,0.415280,0.222494,0.337802,0.450799,0.147923,0.301676,0.193984,0.215732,0.184453,0.127772,0.397401,0.373006,0.261376,0.309335,0.297576,0.354539,0.151883,-0.041910,-0.221812,-0.093747,0.244499,0.316956,0.272327,0.395120,0.319784,0.255822,0.367535,0.411802,0.223733,0.430018,0.428232,0.257532,0.442170,0.462932,0.170673,0.089992,0.310359,0.315356
0.096282,0.317884,0.331266,0.543709,0.174569,0.533411,0.203264,0.498090,-0.019972,0.356489,0.149503,0.653626,0.173549,0.780044,0.593727,0.000000,0.267884,0.600163,0.194441,0.296747,0.409256,0.345504,0.593793,0.628748,0.465586,0.780657,0.554756,0.583284,0.383948,0.560433,0.752200,0.938739,0.377674,0.512551,0.335752,0.108706,0.027645,-0.072085,-0.031301,0.092452,0.220314,0.186603,0.154581,0.464406,0.350708,0.485065,0.264803,0.231362,0.237688,0.233736,0.450390,0.466741,0.429935,0.026903,0.244074,0.494940,0.072525,0.300125,0.155579,0.293239,0.110481,0.392016,0.343240,0.532983,0.205439,0.832585,0.182944,0.341794,-0.107364,-0.178551,0.046029,0.223400,0.294508,0.463753,0.504358,0.403621,0.380403,0.478133,0.268647,0.604348,0.420492,0.833173,0.300700,0.119613,0.475821,0.719834,0.269027,0.078837,0.180731,0.464773
0.615776,0.407464,0.246020,0.152976,0.079695,0.096673,0.250215,0.180620,0.150307,0.129627,0.549365,0.357832,0.518242,0.266444,0.419896,0.267884,0.000000,0.629257,0.601646,0.421677,0.148890,0.374984,-0.068829,-0.032076,0.195243,0.137275,0.138387,0.134287,0.868269,0.678594,0.387167,0.301071,0.409473,0.466018,0.065975,-0.039621,0.166547,0.182429,0.130058,0.247896,0.347048,0.179549,0.375796,0.633929,0.342973,0.342564,0.375563,0.163758,0.373022,0.298381,0.365835,0.439802,0.349249,0.125379,0.312205,0.351077,0.666487,0.332867,0.406180,0.300768,0.581522,0.289049,0.892209,0.579596,0.213742,0.213136,0.234634,0.389878,0.382800,0.006312,-0.018009,0.080108,0.314129,0.358516,0.325599,0.397045,0.229852,0.204450,1.059012,0.457579,0.642478,0.635483,0.509539,0.337310,0.296758,0.387680,0.147473,0.019855,0.242682,0.351988
0.392799,0.471173,0.236948,0.134009,0.078013,0.165909,0.156714,0.161909,-0.004363,0.057098,0.349224,0.552804,0.535506,0.627221,0.460890,0.600163,0.629257,0.000000,0.304481,0.342379,0.241764,0.252449,0.168954,0.063466,0.436898,0.447039,0.481905,0.266170,0.471721,0.692856,0.842350,0.773003,0.718667,0.647251,0.282827,-0.102376,0.104299,-0.083841,-0.000387,-0.063967,0.519158,0.126505,0.131169,0.597244,0.413349,0.493045,0.304719,0.271888,0.300807,0.316773,0.393742,0.529738,0.386478,0.006317,0.163369,0.464668,0.611080,0.529358,0.275763,0.326556,0.490295,0.324875,0.612955,0.948117,0.132248,0.469391,0.194748,0.373993,0.170323,-0.090103,0.042632,0.092221,0.259908,0.279283,0.282942,0.391794,0.241803,0.232960,0.453264,0.727198,0.256729,0.922262,0.375338,0.171347,0.277113,0.430282,0.372894,0.030802,0.166240,0.287045
0.810833,0.742851,0.623753,0.496404,0.221592,0.290581,0.452143,0.427176,0.206180,0.335749,0.507538,0.366237,0.476848,0.420688,0.397680,0.194441,0.601646,0.304481,0.000000,1.087509,0.246983,0.532852,0.273605,0.264657,0.144873,0.108852,0.336612,0.378767,0.308933,0.133309,0.040659,0.124409,0.438815,0.587796,0.287381,0.248106,0.357615,0.128160,0.027086,0.195070,0.015290,0.111221,0.414708,0.445065,0.347765,0.402678,0.384539,0.390523,0.358829,0.363965,0.354260,0.252131,0.390010,0.280213,0.347069,0.463316,0.580883,0.626151,0.461288,0.389177,0.447968,0.235010,0.398738,0.403284,0.035990,0.147164,0.556476,0.512091,0.542552,0.213366,0.141279,0.258176,0.463194,0.466071,0.512216,0.646496,0.559495,0.563708,0.448551,0.067743,0.371215,0.166482,0.329091,0.093505,0.308037,0.174522,-0.002486,0.022701,0.406069,0.380756
0.582521,0.990611,0.698641,0.678750,0.271188,0.314083,0.488493,0.626334,0.144217,0.397108,0.173566,0.382417,0.237173,0.605524,0.273474,0.296747,0.421677,0.342379,1.087509,0.000000,0.226524,0.323538,0.447732,0.379550,0.150967,0.161540,0.333920,0.363574,0.088643,0.051288,0.089289,0.191563,0.471195,0.806704,0.236248,0.374988,0.164317,-0.022789,0.030908,0.113667,-0.135895,-0.027141,0.281569,0.327101,0.312179,0.423786,0.342754,0.464131,0.308158,0.369817,0.312403,0.283776,0.493342,0.277188,0.381239,0.466207,0.536102,0.825588,0.593695,0.563530,0.342617,0.340024,0.330290,0.589895,-0.167389,0.199329,0.643764,0.682604,0.465973,0.334458,0.173739,0.312111,0.279985,0.387451,0.462909,0.545206,0.497279,0.507866,0.332869,0.017632,0.252864,0.105003,0.325366,-0.108386,0.185823,0.173033,-0.034795,-0.036582,0.443988,0.379856
0.256518,0.233280,0.280531,0.190632,0.113977,0.147296,0.207192,0.095370,0.042216,0.139605,0.276948,0.394062,0.320202,0.316339,0.157827,0.409256,0.148890,0.241764,0.246983,0.226524,0.000000,0.818428,0.308876,0.234132,0.227803,0.344262,0.408192,0.274142,0.257888,0.455573,0.442566,0.527228,0.422653,0.420689,0.324427,0.141432,0.188468,0.232471,-0.072359,0.029894,-0.042789,0.165015,0.038838,0.107352,0.251678,0.329538,0.100900,0.070983,0.196722,0.193582,0.230040,0.196009,0.207503,0.091505,0.073675,0.189733,0.242193,0.303827,0.073045,0.042752,0.219196,0.114167,0.273206,0.248176,0.202693,0.396515,0.161855,0.247460,0.074973,0.047280,0.301329,0.234250,0.360692,0.406940,0.340699,0.300860,0.340304,0.405940,0.103994,0.106839,0.102797,0.368620,-0.064291,0.043010,0.234846,0.285570,-0.086266,-0.069419,0.128238,0.095715
0.386723,0.269318,0.276506,0.244161,0.157233,0.174759,0.211553,0.144705,0.148194,0.143045,0.360166,0.360293,0.391168,0.230489,0.354588,0.345504,0.374984,0.252449,0.532852,0.323538,0.818428,0.000000,0.229059,0.206800,0.237114,0.289505,0.435493,0.315302,0.400665,0.435545,0.390659,0.456874,0.440405,0.389617,0.213801,0.025092,0.241710,0.290822,-0.081376,0.109386,0.131630,0.202659,0.070357,0.163045,0.263176,0.265388,0.134181,0.102634,0.211737,0.147383,0.268116,0.185679,0.159386,0.085078,0.114616,0.301564,0.353068,0.275626,0.097205,0.088161,0.240234,0.145510,0.361236,0.282880,0.231205,0.378588,0.225959,0.303539,0.199068,0.000715,0.187428,0.217340,0.409490,0.485713,0.419268,0.471591,0.380241,0.436781,0.376970,0.208289,0.244732,0.416941,0.090049,0.161653,0.338057,0.368300,0.000745,0.025598,0.238613,0.123246
-0.128578,0.349225,0.720443,0.782640,0.150607,0.358773,0.261355,0.403457,-0.084546,0.206336,-0.218548,0.160447,-0.054647,0.387481,0.320058,0.593793,-0.068829,0.168954,0.273605,0.447732,0.308876,0.229059,0.000000,1.152651,0.531666,0.556026,0.534398,0.542203,-0.104609,-0.040818,0.327127,0.471885,0.340373,0.514780,0.609367,0.414109,-0.074044,0.047010,-0.037988,0.116532,-0.133600,0.085345,0.185268,0.022779,0.432222,0.309352,0.262290,0.270987,0.149742,0.125402,0.502142,0.186078,0.506720,0.312462,0.328333,0.400892,-0.004288,0.498223,-0.017966,0.118700,-0.260190,-0.059311,0.065706,0.180984,-0.003676,0.322183,0.454428,0.405770,0.109987,0.231244,0.177804,0.376470,0.101802,0.207664,0.161289,0.177373,0.210843,0.403342,0.021181,0.108046,0.197396,0.248115,0.223922,0.033319,0.643490,0.522389,0.000531,0.181914,0.189986,0.225321
-0.122068,0.343865,0.630644,1.125306,0.247125,0.572247,0.346930,0.617064,0.048688,0.387299,-0.094100,0.267698,-0.051816,0.404481,0.226214,0.628748,-0.032076,0.063466,0.264657,0.379550,0.234132,0.206800,1.152651,0.000000,0.331325,0.546166,0.428036,0.652531,-0.032771,0.034782,0.280106,0.445122,0.216866,0.488514,0.352807,0.366439,-0.122403,-0.007813,0.054216,0.233902,-0.191711,0.080458,0.302719,0.118222,0.413285,0.391167,0.306561,0.240104,0.179961,0.188227,0.452277,0.182515,0.510564,0.269260,0.388208,0.379919,-0.107726,0.404115,-0.038998,0.167679,-0.211613,0.103459,0.061125,0.097898,0.155427,0.463469,0.362886,0.383790,0.067831,0.152505,0.182642,0.396175,0.183915,0.351850,0.276379,0.283222,0.187838,0.457138,-0.001338,0.196084,0.388188,0.279176,0.295115,0.094918,0.696531,0.623882,-0.004248,0.190135,0.223925,0.388858
-0.167009,0.215560,0.251492,0.290818,-0.092556,0.171390,-0.039310,0.074087,-0.163226,-0.003026,-0.028816,0.096058,0.119890,0.164671,0.400700,0.465586,0.195243,0.436898,0.144873,0.150967,0.227803,0.237114,0.531666,0.331325,0.000000,0.860808,0.356425,0.093901,0.153656,0.289018,0.509190,0.450686,0.238353,0.293437,0.576153,0.161124,-0.137958,0.181864,-0.188224,-0.130525,0.331140,0.168949,0.291280,0.266100,0.369576,0.370058,0.363874,0.302832,0.235743,0.188307,0.557283,0.430605,0.462586,0.231647,0.249563,0.354208,0.033429,0.303303,-0.053080,0.127142,-0.098502,-0.020738,0.370614,0.249771,0.146972,0.306324,0.261567,0.335023,0.098098,0.038828,0.044411,0.071545,0.162182,0.204122,0.082954,0.163717,0.253443,0.220584,0.230562,0.274277,0.134854,0.463671,0.145761,0.263416,0.512930,0.514010,0.224538,0.148858,0.035548,0.191967
-0.065390,0.260049,0.160015,0.455273,-0.042990,0.471054,-0.058028,0.321544,-0.237476,0.159649,0.068241,0.415934,0.019140,0.481501,0.281508,0.780657,0.137275,0.447039,0.108852,0.161540,0.344262,0.289505,0.556026,0.546166,0.860808,0.000000,0.437116,0.304701,0.134303,0.379878,0.740980,0.727711,0.252173,0.324672,0.330915,0.109768,-0.140587,-0.004603,-0.097424,-0.060623,0.162908,0.216591,0.063139,0.214286,0.118608,0.272761,0.105676,0.095618,0.042584,0.028687,0.309905,0.227145,0.328109,-0.062893,0.101575,0.319858,-0.081879,0.244891,-0.045821,0.176601,-0.022723,0.241303,0.278469,0.293663,0.187736,0.524379,0.073940,0.210405,-0.181178,-0.198016,0.196455,0.231501,0.346713,0.467781,0.300339,0.216827,0.332985,0.433879,0.046090,0.454557,0.216579,0.559965,0.059339,0.051594,0.370896,0.485090,0.164417,-0.039198,-0.035995,0.282220
0.219972,0.328944,0.430261,0.404032,0.297639,0.169652,0.215172,0.184507,0.121750,0.065393,0.095128,0.228135,0.279085,0.306703,0.410167,0.554756,0.138387,0.481905,0.336612,0.333920,0.408192,0.435493,0.534398,0.428036,0.356425,0.437116,0.000000,0.776737,0.243379,0.290816,0.432773,0.465745,0.441850,0.404276,0.531037,0.035224,0.224814,0.127951,0.044748,0.113233,0.181768,0.239949,0.263116,0.383487,0.535002,0.515147,0.384691,0.254780,0.316115,0.350924,0.531375,0.327948,0.379063,0.160606,0.283523,0.400318,0.419447,0.517128,0.078084,0.131812,0.090027,0.005622,0.236598,0.280606,0.119871,0.407100,0.407454,0.360896,0.332492,0.160544,0.105125,0.186691,0.200353,0.148138,0.237535,0.201573,0.286743,0.343162,0.197331,0.301551,0.192522,0.491116,0.365032,0.208916,0.476358,0.491736,0.207833,0.200704,0.335624,0.263942
0.224898,0.404082,0.344847,0.527791,0.239469,0.458652,0.198361,0.418752,0.006778,0.358765,0.098697,0.302624,0.043794,0.445774,0.281552,0.583284,0.134287,0.266170,0.378767,0.363574,0.274142,0.315302,0.542203,0.652531,0.093901,0.304701,0.776737,0.000000,0.150142,0.172399,0.297999,0.365025,0.233603,0.335756,0.314572,0.228153,0.189990,-0.102639,0.113146,0.261983,0.019414,0.212067,0.225920,0.279055,0.369678,0.376236,0.286534,0.249750,0.209181,0.200526,0.335198,0.221192,0.386281,0.080007,0.308986,0.450525,0.220834,0.469829,0.141712,0.218606,0.077729,0.163956,0.157496,0.219653,0.063656,0.332463,0.348681,0.262326,0.132744,0.058006,0.221202,0.362996,0.252635,0.286138,0.377896,0.301614,0.301219,0.406848,0.160692,0.252078,0.503847,0.391258,0.429110,0.171527,0.546878,0.475564,0.214208,0.213394,0.219660,0.359312
0.379355,0.092245,0.137576,0.042546,0.070681,0.057246,0.192840,0.064035,0.217396,-0.008625,0.657239,0.418912,0.631189,0.196854,0.558286,0.383948,0.868269,0.471721,0.308933,0.088643,0.257888,0.400665,-0.104609,-0.032771,0.153656,0.134303,0.243379,0.150142,0.000000,1.100558,0.472286,0.366914,0.283417,0.208675,0.018255,-0.303705,0.164331,0.361349,0.148784,0.317609,0.452554,0.287134,0.337181,0.690934,0.303617,0.304330,0.282842,-0.025353,0.318405,0.254758,0.408345,0.417953,0.247824,0.022868,0.179604,0.200676,0.352856,0.010477,0.128062,-0.012447,0.431921,0.098283,0.756898,0.322630,0.395248,0.274395,-0.041913,0.126799,0.090070,-0.296926,-0.152280,-0.050732,0.337294,0.386039,0.300956,0.355332,0.129790,0.101336,0.646807,0.651411,0.430582,0.736238,0.408716,0.512873,0.245333,0.429873,0.108359,0.023032,0.161143,0.249238
0.224685,0.114793,0.072966,0.050337,0.164565,0.161294,0.126080,0.072527,0.185399,0.091810,0.553414,0.540752,0.587322,0.322643,0.361286,0.560433,0.678594,0.692856,0.133309,0.051288,0.455573,0.435545,-0.040818,0.034782,0.289018,0.379878,0.290816,0.172399,1.100558,0.000000,0.864212,0.699930,0.324008,0.299315,0.057815,-0.255829,0.008220,0.256380,0.101741,0.112532,0.495160,0.120800,0.238181,0.575667,0.337236,0.396595,0.261601,0.037532,0.361662,0.275762,0.331819,0.444433,0.228827,-0.069990,0.100840,0.172135,0.332852,0.079921,0.052576,0.042161,0.415094,0.199765,0.641505,0.427471,0.397960,0.474844,-0.125889,0.128414,-0.044776,-0.358543,0.013612,0.075608,0.233194,0.371470,0.287350,0.322908,0.112283,0.172365,0.521747,0.851030,0.300621,1.042049,0.256234,0.402960,0.214527,0.473202,0.143832,-0.026003,0.143216,0.241790
0.131272,0.165340,0.158989,0.171142,-0.007886,0.220920,0.061265,0.135032,-0.084474,0.070979,0.265491,0.579154,0.368188,0.512695,0.336462,0.752200,0.387167,0.842350,0.040659,0.089289,0.442566,0.390659,0.327127,0.280106,0.509190,0.740980,0.432773,0.297999,0.472286,0.864212,0.000000,1.394350,0.689792,0.490438,0.232578,-0.129021,-0.031681,-0.037144,0.000595,-0.099684,0.604416,0.165584,0.042746,0.427449,0.340897,0.408076,0.177100,-0.035831,0.283955,0.231859,0.390300,0.526937,0.288634,-0.194363,0.063705,0.322441,0.247890,0.211240,-0.005323,0.054754,0.268064,0.205189,0.528161,0.549026,0.357078,0.651265,-0.105113,0.137881,-0.157401,-0.363170,0.218384,0.362109,0.320123,0.473286,0.293023,0.267693,0.163805,0.258673,0.330400,0.831897,0.258805,1.146112,0.144713,0.152301,0.345582,0.593742,0.325222,0.125490,0.089814,0.231815
0.123579,0.231785,0.234365,0.307185,0.034107,0.290074,0.135825,0.215795,-0.085444,0.134872,0.222663,0.671283,0.301647,0.596406,0.389406,0.938739,0.301071,0.773003,0.124409,0.191563,0.527228,0.456874,0.471885,0.445122,0.450686,0.727711,0.465745,0.365025,0.366914,0.699930,1.394350,0.000000,0.689275,0.646570,0.231990,-0.037198,0.005949,-0.093431,-0.015037,-0.040847,0.442520,0.144441,-0.025490,0.384096,0.315636,0.409569,0.123836,0.055269,0.212893,0.181839,0.341388,0.448645,0.260579,-0.192111,0.076449,0.386903,0.187714,0.238827,0.053168,0.122700,0.202335,0.274296,0.412361,0.627656,0.270814,0.819610,-0.000798,0.227575,-0.226136,-0.369745,0.190837,0.388587,0.360558,0.510649,0.322205,0.354442,0.243878,0.381156,0.298768,0.632409,0.255541,1.036229,0.129845,0.072184,0.370372,0.688123,0.275618,0.122529,0.066578,0.247280
0.487325,0.420076,0.546027,0.275908,0.109706,0.225253,0.456235,0.245795,0.120468,0.179389,0.391001,0.519274,0.644780,0.569457,0.361752,0.377674,0.409473,0.718667,0.438815,0.471195,0.422653,0.440405,0.340373,0.216866,0.238353,0.252173,0.441850,0.233603,0.283417,0.324008,0.689792,0.689275,0.000000,1.113942,0.363400,0.037783,0.168340,-0.063077,-0.005341,-0.124971,0.345990,0.168127,0.123767,0.481184,0.446680,0.540552,0.229381,0.184561,0.419607,0.449380,0.477610,0.537060,0.324110,0.095386,0.074723,0.483695,0.582965,0.568045,0.223138,0.203983,0.501630,0.254872,0.459724,0.741763,0.284945,0.477012,0.310455,0.464789,0.215295,0.055460,0.076155,0.192165,0.317204,0.400720,0.287884,0.339887,0.353200,0.353064,0.270379,0.357924,0.109791,0.570507,0.134546,-0.077696,0.262965,0.369743,0.117615,0.067465,0.231653,0.286996
0.416653,0.706551,0.769607,0.634142,0.271631,0.418474,0.605398,0.545067,0.203949,0.408622,0.257024,0.562546,0.479629,0.760697,0.341519,0.512551,0.466018,0.647251,0.587796,0.806704,0.420689,0.389617,0.514780,0.488514,0.293437,0.324672,0.404276,0.335756,0.208675,0.299315,0.490438,0.646570,1.113942,0.000000,0.344999,0.273527,0.074287,-0.047706,-0.021730,0.048819,0.056027,0.090288,0.224276,0.450793,0.504250,0.584730,0.319011,0.341553,0.411261,0.447249,0.487894,0.522908,0.515956,0.223098,0.271906,0.558665,0.532061,0.771154,0.383489,0.500068,0.471976,0.464454,0.516799,0.963927,0.120025,0.563065,0.526680,0.797473,0.276512,0.202802,0.176603,0.313850,0.268698,0.432305,0.387845,0.443817,0.410100,0.474563,0.356936,0.256447,0.260632,0.477434,0.300981,-0.079347,0.314946,0.419867,-0.020327,-0.022640,0.341997,0.432274
0.026919,0.165545,0.424963,0.234868,0.083239,0.009680,0.130879,-0.008124,-0.064257,0.044720,0.012426,-0.085455,0.194531,0.098261,0.220164,0.335752,0.065975,0.282827,0.287381,0.236248,0.324427,0.213801,0.609367,0.352807,0.576153,0.330915,0.531037,0.314572,0.018255,0.057815,0.232578,0.231990,0.363400,0.344999,0.000000,0.363596,0.123693,0.113922,0.061050,0.056114,0.069139,0.142718,0.322788,0.186355,0.614815,0.419464,0.346977,0.321545,0.373976,0.264093,0.503178,0.233944,0.312296,0.323752,0.253669,0.350081,0.192886,0.403160,-0.104066,-0.033748,-0.091807,-0.225986,0.206614,0.033125,0.166922,0.226037,0.430352,0.295029,0.328780,0.278681,0.076923,0.077703,0.156090,0.027992,0.132676,0.122702,0.259636,0.234885,0.198573,-0.012507,0.162807,0.269216,0.170159,0.240557,0.639825,0.328389,0.222449,0.358321,0.101868,0.151406
-0.012093,0.288352,0.263625,0.244425,0.032802,0.126813,0.087545,0.230783,-0.108296,0.165693,-0.185855,0.025137,-0.218321,0.182312,-0.020971,0.108706,-0.039621,-0.102376,0.248106,0.374988,0.141432,0.025092,0.414109,0.366439,0.161124,0.109768,0.035224,0.228153,-0.303705,-0.255829,-0.129021,-0.037198,0.037783,0.273527,0.363596,0.000000,0.181117,0.001182,0.084187,0.145699,-0.273740,0.036317,0.169068,-0.107105,0.234301,0.142611,0.194551,0.259887,0.033492,0.033819,0.169369,0.016499,0.275442,0.289968,0.322516,0.182811,-0.033021,0.320782,0.145382,0.250226,-0.134062,0.055846,0.017047,0.074567,-0.223548,0.056694,0.523416,0.381857,0.276764,0.393804,0.118949,0.149610,0.020167,-0.016508,0.188977,0.070626,0.208314,0.232372,0.086253,-0.222469,0.230703,-0.149159,0.144633,-0.119088,0.259984,0.116334,-0.099804,0.129670,0.086929,0.120439
0.436970,0.107399,0.081764,-0.115324,0.016335,-0.134384,0.102296,-0.004027,0.084214,-0.025499,0.196547,0.152865,0.222237,0.098508,0.187520,0.027645,0.166547,0.104299,0.357615,0.164317,0.188468,0.241710,-0.074044,-0.122403,-0.137958,-0.140587,0.224814,0.189990,0.164331,0.008220,-0.031681,0.005949,0.168340,0.074287,0.123693,0.181117,0.000000,0.189340,0.266477,0.274379,0.058495,0.419221,0.072939,0.207216,0.215395,0.188588,0.148480,0.088605,0.180906,0.160668,0.189311,0.154442,-0.012447,0.086723,0.100164,0.228853,0.290181,0.105375,0.285306,0.068147,0.216888,0.025166,0.195194,0.078384,0.072502,0.065223,0.303365,0.189096,0.322282,0.208220,0.130211,0.067238,0.246432,0.160771,0.250338,0.272520,0.217012,0.217408,0.207814,-0.087123,0.150982,0.074589,0.101554,0.128458,0.051009,0.087141,0.084676,0.176548,0.053142,0.109573
-0.048428,-0.145637,0.135814,-0.022345,0.026734,-0.196548,0.072972,-0.126112,0.186848,-0.183965,0.085947,-0.125321,0.228711,-0.259874,0.246048,-0.072085,0.182429,-0.083841,0.128160,-0.022789,0.232471,0.290822,0.047010,-0.007813,0.181864,-0.004603,0.127951,-0.102639,0.361349,0.256380,-0.037144,-0.093431,-0.063077,-0.047706,0.113922,0.001182,0.189340,0.000000,0.172162,0.476292,0.031492,0.297981,0.381692,0.066676,0.279725,0.036524,0.218506,0.029297,0.100712,0.038055,0.357737,-0.019196,0.133105,0.313693,0.281422,0.006472,0.090265,-0.047824,-0.160334,-0.245033,-0.128665,-0.347410,0.148988,-0.206813,0.076952,-0.150458,0.105279,0.079835,0.259042,0.105448,-0.010077,-0.012290,-0.022112,-0.004629,-0.002611,-0.010181,0.017026,0.171168,0.228140,-0.028294,0.053269,0.083117,0.150240,0.600175,0.189637,0.173439,-0.148380,0.276421,0.163211,-0.012473
0.118085,-0.036597,-0.040924,-0.056953,0.106733,-0.133250,0.040697,-0.016856,0.039942,-0.115777,0.039186,0.035744,0.005160,-0.044430,-0.130745,-0.031301,0.130058,-0.000387,0.027086,0.030908,-0.072359,-0.081376,-0.037988,0.054216,-0.188224,-0.097424,0.044748,0.113146,0.148784,0.101741,0.000595,-0.015037,-0.005341,-0.021730,0.061050,0.084187,0.266477,0.172162,0.000000,0.510284,-0.075204,0.350273,0.097379,0.081978,0.219153,0.139677,0.157584,-0.044893,0.119705,0.049457,0.071133,-0.038537,-0.050581,0.068540,0.100347,0.168972,0.165891,-0.015761,-0.007348,-0.150455,-0.050731,-0.136552,-0.003652,-0.137662,-0.009643,-0.054158,0.060482,0.044055,0.205546,0.192501,0.073973,0.072659,-0.109276,-0.008452,0.007350,0.031251,-0.036200,0.029629,0.128249,-0.022211,0.244366,0.119952,0.437560,0.162781,0.074117,0.151158,0.088830,0.341549,-0.087150,0.166450
0.020823,0.034079,0.052777,0.118609,-0.045163,-0.129086,0.014675,0.057455,-0.053770,-0.140828,-0.017194,-0.021467,-0.009798,-0.042723,0.208494,0.092452,0.247896,-0.063967,0.195070,0.113667,0.029894,0.109386,0.116532,0.233902,-0.130525,-0.060623,0.113233,0.261983,0.317609,0.112532,-0.099684,-0.040847,-0.124971,0.048819,0.056114,0.145699,0.274379,0.476292,0.510284,0.000000,-0.282011,0.460054,0.208057,0.053549,0.282431,0.086977,0.151087,-0.064377,0.001340,-0.001781,0.181991,-0.078104,0.114394,0.130064,0.290151,0.183409,0.015244,0.050350,-0.060536,-0.127344,-0.193342,-0.167034,0.097792,-0.111811,-0.039331,-0.083966,0.146955,0.090544,0.276643,0.178479,0.105694,0.211276,0.028192,0.049263,0.142259,0.070192,-0.070831,0.103619,0.320251,-0.087460,0.518490,0.112973,0.555543,0.500784,0.331393,0.235486,-0.071466,0.328380,-0.010158,0.083003
0.156363,-0.024291,-0.059638,-0.182271,-0.086228,-0.102866,-0.053825,-0.176483,0.024221,-0.130958,0.337686,0.199367,0.405238,0.058266,0.276590,0.220314,0.347048,0.519158,0.015290,-0.135895,-0.042789,0.131630,-0.133600,-0.191711,0.331140,0.162908,0.181768,0.019414,0.452554,0.495160,0.604416,0.442520,0.345990,0.056027,0.069139,-0.273740,0.058495,0.031492,-0.075204,-0.282011,0.000000,0.137791,0.161231,0.502851,0.221632,0.194137,0.231731,-0.009818,0.235813,0.152658,0.283570,0.435353,0.123681,-0.174714,0.009235,0.169732,0.236641,-0.009794,-0.054296,-0.050733,0.269115,0.025963,0.366673,0.276965,0.244752,0.186482,-0.152797,-0.037443,-0.093346,-0.394503,-0.094750,-0.049260,0.163905,0.166351,0.047812,0.149166,0.135420,0.042961,0.388773,0.537213,0.123757,0.599718,0.080347,0.263649,0.198608,0.332069,0.497952,0.212389,0.072225,0.107591
0.162450,0.007191,0.097941,0.007027,-0.095400,-0.041225,0.037103,0.044816,-0.075225,-0.109591,0.160771,0.130001,0.144203,0.091068,0.252960,0.186603,0.179549,0.126505,0.111221,-0.027141,0.165015,0.202659,0.085345,0.080458,0.168949,0.216591,0.239949,0.212067,0.287134,0.120800,0.165584,0.144441,0.168127,0.090288,0.142718,0.036317,0.419221,0.297981,0.350273,0.460054,0.137791,0.000000,0.144434,0.298397,0.268053,0.217999,0.228193,0.009958,0.089483,0.087564,0.363835,0.226097,0.135386,0.064691,0.218154,0.336759,-0.002405,-0.001347,0.025879,-0.064487,0.048381,-0.009209,0.315846,0.061930,0.211103,0.095788,0.198661,0.167173,0.164211,0.120574,0.209486,0.119058,0.366966,0.344057,0.296682,0.200660,0.353764,0.228739,0.216713,0.073002,0.355966,0.233411,0.189283,0.167711,0.243298,0.345799,0.156966,0.278300,-0.126714,0.248655
0.161766,0.314245,0.576853,0.446145,0.440942,0.241264,0.533525,0.343078,0.503200,0.396225,0.195636,0.022176,0.334467,0.053862,0.277896,0.154581,0.375796,0.131169,0.414708,0.281569,0.038838,0.070357,0.185268,0.302719,0.291280,0.063139,0.263116,0.225920,0.337181,0.238181,0.042746,-0.025490,0.123767,0.224276,0.322788,0.169068,0.072939,0.381692,0.097379,0.208057,0.161231,0.144434,0.000000,0.727235,0.836363,0.747022,1.070164,0.601576,0.772179,0.772202,0.862070,0.577199,0.773426,0.733846,0.856670,0.423792,0.253331,0.355799,0.220405,0.270115,0.197517,0.050049,0.396689,0.097839,0.240991,0.072020,0.531315,0.540894,0.506607,0.314830,-0.088257,-0.030456,0.115044,0.096886,0.288395,0.309472,0.285368,0.306643,0.311510,0.231846,0.431839,0.240258,0.477401,0.477619,0.529027,0.450274,0.040001,0.267344,0.618171,0.567615
0.537917,0.384607,0.460808,0.387076,0.356935,0.343291,0.538527,0.460263,0.394615,0.376212,0.521507,0.482707,0.589046,0.451277,0.412843,0.464406,0.633929,0.597244,0.445065,0.327101,0.107352,0.163045,0.022779,0.118222,0.266100,0.214286,0.383487,0.279055,0.690934,0.575667,0.427449,0.384096,0.481184,0.450793,0.186355,-0.107105,0.207216,0.066676,0.081978,0.053549,0.502851,0.298397,0.727235,0.000000,0.553927,0.843595,0.750973,0.455585,0.656708,0.769114,0.717614,0.936160,0.611697,0.258727,0.444960,0.646435,0.412298,0.249481,0.448484,0.403200,0.605375,0.389310,0.619121,0.555329,0.290129,0.425862,0.308848,0.501048,0.204769,-0.101458,-0.080703,0.013100,0.406869,0.408731,0.506520,0.525822,0.554908,0.412769,0.469697,0.521750,0.379653,0.663362,0.385197,0.238427,0.264479,0.517617,0.227863,0.092941,0.398114,0.731401
0.177546,0.325516,0.597682,0.335526,0.435795,0.068440,0.484500,0.200480,0.379356,0.258499,0.132554,0.100270,0.484867,0.183140,0.340045,0.350708,0.342973,0.413349,0.347765,0.312179,0.251678,0.263176,0.432222,0.413285,0.369576,0.118608,0.535002,0.369678,0.303617,0.337236,0.340897,0.315636,0.446680,0.504250,0.614815,0.234301,0.215395,0.279725,0.219153,0.282431,0.221632,0.268053,0.836363,0.553927,0.000000,1.087916,1.042765,0.511999,1.084785,0.885474,1.010204,0.699128,0.673397,0.647883,0.721551,0.709929,0.472851,0.532016,0.166850,0.195263,0.161362,-0.009428,0.415107,0.263005,0.309479,0.313548,0.713037,0.679543,0.633953,0.464359,-0.007601,0.057131,0.007548,0.047288,0.187672,0.263916,0.235876,0.298918,0.475469,0.258902,0.419579,0.540326,0.588761,0.456271,0.806034,0.703394,0.213192,0.486754,0.524097,0.448521
0.389125,0.538066,0.609051,0.483456,0.515897,0.332338,0.659468,0.475661,0.416959,0.517646,0.340683,0.369950,0.587501,0.429362,0.303658,0.485065,0.342564,0.493045,0.402678,0.423786,0.329538,0.265388,0.309352,0.391167,0.370058,0.272761,0.515147,0.376236,0.304330,0.396595,0.408076,0.409569,0.540552,0.584730,0.419464,0.142611,0.188588,0.036524,0.139677,0.086977,0.194137,0.217999,0.747022,0.843595,1.087916,0.000000,1.001038,0.643624,1.172407,1.354179,0.810268,0.903937,0.659001,0.573196,0.593303,0.867510,0.442674,0.568205,0.408602,0.444682,0.409566,0.315522,0.407597,0.407059,0.391021,0.498773,0.669121,0.778772,0.458159,0.343799,0.033158,0.048281,0.229929,0.274809,0.420916,0.500965,0.519071,0.500641,0.276158,0.365958,0.341250,0.538172,0.408096,0.152213,0.449827,0.587233,0.262300,0.273145,0.533260,0.716972
0.267020,0.386503,0.631367,0.422238,0.430489,0.169740,0.564006,0.370972,0.418922,0.334631,0.160926,0.105591,0.381450,0.182789,0.317538,0.264803,0.375563,0.304719,0.384539,0.342754,0.100900,0.134181,0.262290,0.306561,0.363874,0.105676,0.384691,0.286534,0.282842,0.261601,0.177100,0.123836,0.229381,0.319011,0.346977,0.194551,0.148480,0.218506,0.157584,0.151087,0.231731,0.228193,1.070164,0.750973,1.042765,1.001038,0.000000,0.779813,0.907900,0.938791,1.004797,0.840700,0.829597,0.852190,0.838189,0.725638,0.387780,0.438542,0.380050,0.417411,0.232527,0.124494,0.413509,0.276204,0.236038,0.228742,0.742128,0.775973,0.592846,0.455839,-0.052822,-0.027065,0.075330,0.072818,0.242484,0.314827,0.397264,0.320399,0.425922,0.190541,0.434049,0.369118,0.558133,0.360313,0.558324,0.605346,0.241500,0.362181,0.637194,0.645078
0.204907,0.444825,0.563037,0.462687,0.411466,0.380255,0.496678,0.416319,0.273372,0.466245,0.100668,0.092383,0.188941,0.223178,0.244604,0.231362,0.163758,0.271888,0.390523,0.464131,0.070983,0.102634,0.270987,0.240104,0.302832,0.095618,0.254780,0.249750,-0.025353,0.037532,-0.035831,0.055269,0.184561,0.341553,0.321545,0.259887,0.088605,0.029297,-0.044893,-0.064377,-0.009818,0.009958,0.601576,0.455585,0.511999,0.643624,0.779813,0.000000,0.527785,0.538191,0.521336,0.454607,0.507866,0.777305,0.455819,0.624581,0.241096,0.473762,0.448297,0.631109,0.187813,0.248423,0.176314,0.298263,0.027116,0.162136,0.786334,0.812712,0.353040,0.427380,-0.163631,-0.190100,0.033684,-0.005164,0.153185,0.283739,0.419708,0.308952,0.123325,-0.007014,0.155955,0.105910,0.265825,0.101078,0.289570,0.352958,0.190942,0.105362,0.413806,0.547289
