0.000000,1.164458,0.432748,0.279311,0.612303,0.460281,0.946561,0.331060,0.628543,0.458499,0.791930,0.863520,0.932516,0.781535,0.701381,0.621563,0.834218,0.810893,0.699204,0.802065,0.042702,-0.141235,0.232254,0.251101,0.283083,0.390511,0.450346,0.150543,0.276178,0.338222,0.233710,0.161012,1.142981,0.837592,0.066501,0.230434,-0.323607,-0.041569,-0.055708,0.009185,-0.007087,-0.020077,0.750352,0.672104,0.445533,0.500468,0.513654,0.650945,0.393940,0.336067,0.403079,0.439208,0.761468,0.581589,0.523219,0.436018,1.001078,1.089458,1.198313,0.817013,1.289192,1.090383,0.910061,0.950668,0.667532,0.433063,0.627193,0.489735,0.868626,0.776320,0.263447,0.120658,0.395744,0.578714,0.325526,0.411741,0.848572,0.685895,0.194492,0.120714,0.855493,0.650878,0.336982,0.494927,0.670539,0.468870,0.040770,0.201959,0.576597,0.713903
1.164458,0.000000,0.410986,0.646739,0.551289,0.407474,0.730480,0.701765,0.620278,0.405445,0.637605,0.954635,0.671472,0.738310,0.434559,0.438501,0.568752,0.716733,0.829484,1.152131,0.092189,-0.183496,0.184703,0.397563,0.408425,0.399431,0.556959,0.196927,0.186643,0.374493,0.301667,0.236987,0.886562,0.938970,0.087705,0.218491,-0.352617,0.012929,-0.053317,-0.059397,0.012853,-0.127529,0.590014,0.513543,0.499537,0.595391,0.305235,0.465204,0.375679,0.408901,0.332378,0.415994,0.620292,0.311650,0.448095,0.297275,0.667924,1.122123,0.972501,0.844371,0.810284,1.052372,0.598693,0.827991,0.547469,0.625952,0.663619,0.518940,0.924389,0.839072,0.329648,0.177947,0.130757,0.537645,0.198448,0.292324,0.595945,0.712980,0.193703,0.106478,0.629074,0.595893,0.350060,0.417470,0.595146,0.421063,-0.033814,0.059211,0.524741,0.554712
0.432748,0.410986,0.000000,0.579871,0.358662,0.182444,0.675887,0.200540,0.172591,0.052817,0.295767,0.081317,0.199880,-0.039674,0.266990,0.062975,0.136538,0.206523,0.642654,0.336101,0.048106,-0.048489,0.998930,0.814539,0.550859,0.632758,0.275739,0.114200,0.060099,0.027879,0.601758,0.355030,0.430854,0.477217,0.472790,0.413764,-0.231850,0.176065,0.033290,0.014667,0.213893,-0.099994,0.238356,0.236928,0.284866,0.272842,0.119126,0.273975,0.165881,0.168257,0.235317,0.190450,0.300372,0.079102,0.141646,0.139226,0.156096,0.298128,0.343869,0.306612,0.152200,0.210938,0.135238,0.242787,0.141351,0.019185,0.615254,0.585786,0.525105,0.292213,0.208547,0.225112,0.012650,0.285682,0.096767,0.242584,0.357337,0.421606,0.097406,0.001439,0.185542,0.302241,0.202700,0.265947,0.432912,0.507343,0.070631,0.100887,0.151272,0.225113
0.279311,0.646739,0.579871,0.000000,0.209459,0.273683,0.389451,0.973973,0.216395,0.192006,0.412933,0.314288,0.126465,0.126818,0.114336,0.019369,0.176783,0.286895,0.803828,0.781354,0.150683,0.011643,0.386808,0.953903,0.554674,0.448880,0.532272,0.297750,0.158386,0.302691,0.573884,0.502823,0.373914,0.630450,0.215465,0.265895,-0.315567,0.011194,-0.104449,-0.275798,0.024812,-0.179047,0.152978,0.112168,0.283115,0.385478,-0.082427,0.105113,0.069443,0.184479,0.096431,0.129235,0.139286,-0.112329,0.060721,0.001434,0.138584,0.397424,0.328295,0.310197,0.100844,0.308033,0.108416,0.250199,0.127876,0.371083,0.441701,0.388558,0.465178,0.303946,0.345421,0.167839,-0.011196,0.332990,0.150753,0.161377,0.123958,0.336533,0.302326,0.123427,0.243198,0.364054,0.136151,0.139996,0.445608,0.517572,-0.198644,-0.052298,0.078631,0.164125
0.612303,0.551289,0.358662,0.209459,0.000000,0.809059,0.611066,0.158924,0.625871,0.378233,0.348032,0.345169,0.336376,0.297038,0.245641,0.282332,0.419192,0.490528,0.235805,0.314808,-0.099541,-0.081498,0.375544,0.205038,0.728520,0.513833,0.437037,-0.015648,0.250402,0.287704,-0.033054,-0.101081,0.568857,0.261877,0.006800,0.323879,-0.286048,0.029658,0.016647,-0.106263,-0.315913,-0.008411,0.517785,0.448448,0.441770,0.413220,0.224670,0.252732,0.321993,0.413127,0.449499,0.579197,0.602531,0.449922,0.191914,-0.022703,0.331944,0.318783,0.469416,0.367470,0.630617,0.486593,0.454252,0.428791,0.509535,0.239672,0.337123,0.278021,0.434404,0.330026,-0.000105,0.240878,0.219941,0.210424,0.131311,0.145977,0.368123,0.308116,-0.077646,0.206221,0.354714,0.330475,-0.050686,0.122857,0.323354,0.248264,-0.093185,-0.147362,0.012193,0.095874
0.460281,0.407474,0.182444,0.273683,0.809059,0.000000,0.369269,0.284876,0.456739,0.621702,0.288995,0.341125,0.188073,0.376424,0.189193,0.441706,0.413444,0.458712,0.240453,0.319815,0.019571,0.113048,0.263791,0.228712,0.521370,0.559952,0.508612,0.214674,0.223361,0.332184,-0.058703,-0.080296,0.395451,0.198332,-0.062273,0.240500,-0.239590,0.150067,0.068050,-0.194196,-0.213788,0.052788,0.511023,0.446894,0.205511,0.295058,0.290713,0.248612,0.226143,0.274864,0.388846,0.488046,0.554421,0.408279,0.201450,0.012490,0.261736,0.199277,0.424065,0.409345,0.504824,0.485026,0.445733,0.358846,0.426945,0.419856,0.258971,0.258778,0.334559,0.232667,0.012980,0.250966,0.165094,0.206064,0.116116,0.166897,0.201097,0.052406,0.092901,0.213158,0.426675,0.368679,-0.022743,0.174802,0.349527,0.267554,-0.192356,-0.056584,0.087926,0.216572
0.946561,0.730480,0.675887,0.389451,0.611066,0.369269,0.000000,0.397367,0.426437,0.362094,0.872767,0.665183,0.837915,0.466103,0.632419,0.354162,0.376422,0.467606,0.715395,0.521139,0.050945,-0.065068,0.441801,0.354561,0.484837,0.475135,0.366423,0.114738,0.319677,0.256792,0.227242,0.115763,0.700216,0.552214,0.159060,0.331031,-0.190305,0.130650,0.108870,0.083725,0.051541,-0.058164,0.449912,0.462718,0.493400,0.503957,0.307865,0.395289,0.341147,0.352363,0.377617,0.502070,0.496207,0.382067,0.368563,0.335212,0.376283,0.474234,0.708426,0.483749,0.582140,0.661995,0.386077,0.429290,0.793181,0.432151,0.606661,0.474347,0.536314,0.486758,0.248630,0.201118,0.229616,0.447480,0.241973,0.328120,0.592832,0.553694,0.142856,0.065767,0.476888,0.468951,0.155784,0.425918,0.676660,0.495254,0.080050,0.099677,0.352156,0.450564
0.331060,0.701765,0.200540,0.973973,0.158924,0.284876,0.397367,0.000000,0.302548,0.293924,0.478380,0.683714,0.345511,0.472608,0.051604,0.076381,0.146582,0.165966,0.599339,0.737521,0.092520,-0.077865,0.028750,0.511251,0.346040,0.208277,0.342682,0.262690,0.092385,0.237516,0.166892,0.181024,0.260478,0.555344,0.035916,0.169509,-0.266537,0.037828,-0.049498,-0.194710,0.055806,-0.207526,0.229428,0.195344,0.257090,0.427318,0.057862,0.168489,0.241975,0.279198,0.244187,0.318324,0.227731,0.056887,0.157199,0.125302,0.199049,0.360572,0.328370,0.206820,0.145726,0.344507,0.086430,0.124031,0.262869,0.791493,0.167792,0.109471,0.222891,0.250265,0.241101,0.062619,-0.111585,0.216031,0.098378,0.107637,0.144784,0.320893,0.376986,0.028299,0.186078,0.244106,0.159659,0.107299,0.342077,0.216107,-0.177765,-0.027784,0.193315,0.269631
0.628543,0.620278,0.172591,0.216395,0.625871,0.456739,0.426437,0.302548,0.000000,0.507407,0.377249,0.562934,0.541868,0.423550,0.406725,0.296871,0.530288,0.480978,0.397151,0.605831,0.055303,0.018259,-0.060897,0.049441,0.172806,0.021851,0.611944,0.155847,0.192736,0.242221,0.078791,0.032478,0.445105,0.314333,-0.069989,0.108652,-0.102721,0.043202,-0.028113,0.044874,-0.130552,0.116622,0.296811,0.186231,0.221723,0.187800,0.105329,0.218824,0.178416,0.184996,0.170838,0.171224,0.456261,0.235633,0.275746,0.213864,0.419694,0.538671,0.480102,0.371749,0.538201,0.525750,0.370215,0.442338,0.386623,0.394681,0.320328,0.236907,0.463040,0.558097,0.133042,0.166099,0.223467,0.298255,0.145534,0.239285,0.284483,0.245504,0.102421,0.139971,0.536505,0.403002,0.414708,0.337278,0.347936,0.381819,0.062972,0.250416,0.273828,0.427220
0.458499,0.405445,0.052817,0.192006,0.378233,0.621702,0.362094,0.293924,0.507407,0.000000,0.413157,0.450714,0.297223,0.405499,0.347301,0.502905,0.373995,0.358900,0.340635,0.298995,0.128731,-0.017078,0.068033,-0.026786,0.194297,0.230547,0.355641,0.194215,0.236832,0.276820,0.034969,0.066081,0.387678,0.235171,-0.036844,0.057194,-0.176295,0.038675,-0.185279,-0.075530,-0.162788,0.054708,0.343314,0.333172,0.088161,0.087749,0.223120,0.270169,0.120571,0.023909,0.194004,0.200926,0.425344,0.332026,0.269823,0.174842,0.290680,0.247383,0.416460,0.355849,0.444812,0.408274,0.355118,0.318214,0.469792,0.257096,0.214063,0.121951,0.260111,0.271644,0.298447,0.368827,0.191341,0.280175,0.187230,0.094282,0.206458,0.140974,0.094233,0.107455,0.370332,0.215119,0.032897,0.153275,0.260736,0.142631,-0.093481,0.016299,0.300109,0.271083
0.791930,0.637605,0.295767,0.412933,0.348032,0.288995,0.872767,0.478380,0.377249,0.413157,0.000000,0.852342,1.076517,0.582020,0.735880,0.294098,0.634728,0.646579,0.703237,0.620897,0.118256,0.078244,0.212060,0.266054,0.277038,0.207758,0.334487,0.269398,0.725420,0.569834,0.223352,0.215164,0.714592,0.504711,-0.083055,0.112147,0.000232,0.033043,-0.002190,0.071216,0.020634,0.168611,0.361842,0.430512,0.281145,0.376466,0.232926,0.334498,0.184950,0.283991,0.183720,0.262888,0.271001,0.310427,0.264357,0.244625,0.450211,0.549402,0.553575,0.389636,0.564199,0.724516,0.500699,0.475496,0.625154,0.483790,0.312626,0.198564,0.467354,0.465613,0.292934,0.027254,0.435207,0.593983,0.420560,0.382727,0.583507,0.475197,0.190013,0.211232,0.644072,0.608046,0.292707,0.555690,0.722493,0.562910,0.049139,0.247282,0.378023,0.475888
0.863520,0.954635,0.081317,0.314288,0.345169,0.341125,0.665183,0.683714,0.562934,0.450714,0.852342,0.000000,0.985894,1.165180,0.562369,0.510582,0.538578,0.574832,0.610206,0.820603,0.201928,-0.068389,-0.034552,0.151469,0.188864,0.145690,0.356890,0.246839,0.354685,0.451696,0.036850,0.049180,0.591811,0.565985,-0.081742,0.137419,-0.135134,0.042207,0.049654,0.110756,0.081600,-0.031549,0.505323,0.482977,0.371519,0.492685,0.347523,0.436752,0.418930,0.372490,0.353208,0.424400,0.519748,0.396976,0.437418,0.357253,0.547880,0.702312,0.645142,0.496831,0.624064,0.831335,0.447394,0.536572,0.678231,0.816020,0.298340,0.251490,0.459753,0.619869,0.199599,0.079901,0.246095,0.514846,0.284697,0.329195,0.520136,0.510361,0.293429,0.073644,0.590697,0.448659,0.360176,0.487014,0.581216,0.263412,0.025436,0.199015,0.541816,0.648717
0.932516,0.671472,0.199880,0.126465,0.336376,0.188073,0.837915,0.345511,0.541868,0.297223,1.076517,0.985894,0.000000,0.885597,0.813674,0.435084,0.554489,0.498517,0.530803,0.526349,0.149518,-0.058219,0.062021,0.078279,0.038257,0.044424,0.211822,0.130557,0.482052,0.367970,0.170370,0.164347,0.648515,0.497830,-0.019258,0.141575,0.032509,-0.033314,0.093838,0.234138,0.089600,0.132270,0.405529,0.487564,0.316859,0.380713,0.336437,0.439907,0.322062,0.395482,0.259873,0.354000,0.388746,0.465770,0.449949,0.384338,0.610694,0.676600,0.642193,0.393791,0.641387,0.701508,0.492220,0.478101,0.634104,0.505666,0.283090,0.214600,0.395480,0.522803,0.216929,-0.008280,0.410861,0.491640,0.365254,0.413330,0.692246,0.627920,0.193174,0.138496,0.624104,0.435438,0.394211,0.410473,0.551282,0.348233,0.235706,0.333044,0.650718,0.573256
0.781535,0.738310,-0.039674,0.126818,0.297038,0.376424,0.466103,0.472608,0.423550,0.405499,0.582020,1.165180,0.885597,0.000000,0.494435,0.650019,0.504064,0.488739,0.346160,0.593680,0.229514,-0.121199,-0.109498,0.029952,0.020854,0.131459,0.200438,0.184151,0.298218,0.352175,0.094362,0.109217,0.573734,0.476688,-0.048073,0.073491,-0.069100,-0.049652,0.035834,0.033351,-0.060855,-0.013741,0.569599,0.530892,0.251399,0.353387,0.423373,0.472061,0.403644,0.365147,0.463224,0.451332,0.574311,0.575426,0.482541,0.314358,0.638854,0.600368,0.675564,0.457000,0.686413,0.741103,0.578653,0.549853,0.593192,0.632978,0.281959,0.242439,0.349049,0.490762,0.131556,0.033599,0.274715,0.343693,0.269700,0.334762,0.532180,0.501268,0.259407,0.097557,0.565749,0.280897,0.175958,0.192618,0.456256,0.128812,0.024073,0.076513,0.576483,0.588003
0.701381,0.434559,0.266990,0.114336,0.245641,0.189193,0.632419,0.051604,0.406725,0.347301,0.735880,0.562369,0.813674,0.494435,0.000000,0.583754,0.647137,0.589727,0.479110,0.432655,0.352751,0.131719,0.212756,0.154281,0.007322,0.181830,0.234208,0.259933,0.593343,0.431547,0.362481,0.349419,0.624972,0.414239,0.109710,0.126486,0.185903,0.013492,0.116416,0.319699,0.109571,0.270888,0.363603,0.404693,0.154361,0.139094,0.308904,0.434062,0.077427,0.100005,0.114019,0.071840,0.304964,0.330064,0.486042,0.382603,0.526532,0.548358,0.556923,0.441263,0.572837,0.551640,0.522340,0.536078,0.505091,0.148370,0.396195,0.374876,0.493597,0.494901,0.344743,0.222925,0.587935,0.623644,0.462220,0.568367,0.679297,0.576085,0.225099,0.194517,0.665254,0.460745,0.439141,0.500310,0.692302,0.502354,0.424306,0.410959,0.561230,0.557610
0.621563,0.438501,0.062975,0.019369,0.282332,0.441706,0.354162,0.076381,0.296871,0.502905,0.294098,0.510582,0.435084,0.650019,0.583754,0.000000,0.529483,0.440644,0.153513,0.288129,0.159817,0.006278,0.094082,0.099887,0.024371,0.323354,0.125427,0.184874,0.152941,0.242082,-0.029786,-0.015650,0.506964,0.337661,0.143423,0.155238,-0.089522,-0.224364,0.088200,0.139489,0.004888,-0.050113,0.662972,0.664429,0.278496,0.271980,0.619727,0.605996,0.395910,0.225187,0.489239,0.410317,0.735783,0.653678,0.613372,0.497427,0.585815,0.495463,0.593367,0.583017,0.634474,0.585672,0.651767,0.599543,0.468189,0.310552,0.399023,0.473759,0.316389,0.309381,0.104989,0.030743,0.219664,0.356621,0.316214,0.425630,0.488527,0.272691,0.258786,0.106264,0.617784,0.325458,0.129014,0.189964,0.475760,0.226474,0.084514,0.070013,0.426434,0.634787
0.834218,0.568752,0.136538,0.176783,0.419192,0.413444,0.376422,0.146582,0.530288,0.373995,0.634728,0.538578,0.554489,0.504064,0.647137,0.529483,0.000000,1.285736,0.323514,0.540540,0.402061,0.208121,0.055112,0.075864,0.022126,0.150296,0.350168,0.149402,0.729786,0.746165,0.216729,0.222706,0.972245,0.551440,-0.130750,0.043919,0.058018,0.044848,0.101212,0.187110,-0.081454,0.337556,0.509525,0.467720,0.268673,0.288108,0.402716,0.501055,0.072494,0.179870,0.113239,0.142559,0.406957,0.325202,0.399939,0.309874,0.970846,0.891554,0.710996,0.730674,1.045305,1.017869,1.169758,1.093543,0.464192,0.382020,0.436539,0.398493,0.714200,0.544461,0.348248,0.193832,0.782207,0.659696,0.522597,0.463532,0.564530,0.352308,0.293513,0.441950,1.315980,0.901518,0.432707,0.538647,0.533338,0.584808,0.148006,0.290992,0.383654,0.479563
0.810893,0.716733,0.206523,0.286895,0.490528,0.458712,0.467606,0.165966,0.480978,0.358900,0.646579,0.574832,0.498517,0.488739,0.589727,0.440644,1.285736,0.000000,0.456993,0.668530,0.417931,0.247376,0.191332,0.161179,0.236374,0.302976,0.495537,0.224256,0.772267,0.925730,0.326958,0.278292,0.960258,0.576337,-0.088091,0.033185,0.034439,0.161386,0.026443,0.087714,-0.149692,0.352607,0.521388,0.449500,0.359108,0.386035,0.334230,0.425616,0.072352,0.248058,0.097007,0.162522,0.376895,0.231682,0.321654,0.230158,0.692715,0.843296,0.724602,0.824734,0.913452,1.088698,0.940938,1.282045,0.552341,0.421381,0.584915,0.543196,0.806422,0.685803,0.280205,0.241768,0.636894,0.669892,0.432729,0.421934,0.582560,0.444001,0.157303,0.512554,1.015089,1.004078,0.363259,0.651584,0.547344,0.627445,0.077208,0.175682,0.368123,0.449023
0.699204,0.829484,0.642654,0.803828,0.235805,0.240453,0.715395,0.599339,0.397151,0.340635,0.703237,0.610206,0.530803,0.346160,0.479110,0.153513,0.323514,0.456993,0.000000,1.013146,0.162977,0.094803,0.367833,0.508842,0.367390,0.348808,0.621750,0.442505,0.294390,0.336071,0.553451,0.391283,0.563426,0.676074,0.119809,0.151723,-0.311404,0.032604,-0.211413,-0.162648,0.103588,0.002723,0.214361,0.164740,0.227090,0.302642,-0.027061,0.172747,0.107228,0.109791,0.059888,0.112989,0.230844,0.034414,0.178361,0.111488,0.315050,0.619667,0.526938,0.412210,0.314030,0.532211,0.224697,0.425908,0.403654,0.424871,0.511341,0.424366,0.730648,0.690807,0.305047,0.180256,0.111506,0.463654,0.114290,0.202970,0.390808,0.454549,0.254158,0.183202,0.387980,0.527119,0.363425,0.473471,0.708804,0.524630,-0.010810,0.156193,0.388565,0.418690
0.802065,1.152131,0.336101,0.781354,0.314808,0.319815,0.521139,0.737521,0.605831,0.298995,0.620897,0.820603,0.526349,0.593680,0.432655,0.288129,0.540540,0.668530,1.013146,0.000000,0.163492,-0.009367,0.057683,0.530449,0.253800,0.223973,0.800966,0.423563,0.203186,0.359362,0.420070,0.432743,0.724022,0.833117,0.040696,0.155680,-0.252615,-0.002542,-0.171747,-0.164895,-0.057592,-0.061898,0.395228,0.265916,0.262325,0.400472,0.080191,0.277868,0.141164,0.171132,0.131614,0.145671,0.354991,0.142187,0.242137,0.186541,0.507763,0.908817,0.646645,0.611767,0.483241,0.716890,0.387667,0.652426,0.333144,0.533683,0.540500,0.458127,0.779201,1.016732,0.253871,0.113298,0.200257,0.465328,0.204388,0.302632,0.436068,0.485566,0.185295,0.137295,0.520578,0.539320,0.445902,0.438929,0.603705,0.559010,-0.007055,0.168164,0.398249,0.553221
0.042702,0.092189,0.048106,0.150683,-0.099541,0.019571,0.050945,0.092520,0.055303,0.128731,0.118256,0.201928,0.149518,0.229514,0.352751,0.159817,0.402061,0.417931,0.162977,0.163492,0.000000,0.401514,0.005108,0.047119,-0.186395,-0.018867,0.174244,0.282807,0.599262,0.598845,0.454632,0.504267,0.163733,0.140809,0.086587,-0.086707,0.396935,0.172956,0.098395,0.335159,0.006700,0.470320,0.028081,0.043590,0.076429,0.041695,-0.025000,0.088124,-0.160082,0.051181,-0.124355,-0.100228,-0.109020,-0.113475,0.100554,0.054242,0.123447,0.245428,0.057804,0.140604,0.056077,0.268375,0.174355,0.375292,0.288005,0.246773,0.178794,0.277738,0.166466,0.156351,0.357831,0.415870,0.385775,0.284098,0.294785,0.259281,0.076008,0.139884,0.333373,0.529577,0.387445,0.295427,0.261118,0.199311,0.235256,0.331172,0.248550,0.230209,0.158237,0.055951
-0.141235,-0.183496,-0.048489,0.011643,-0.081498,0.113048,-0.065068,-0.077865,0.018259,-0.017078,0.078244,-0.068389,-0.058219,-0.121199,0.131719,0.006278,0.208121,0.247376,0.094803,-0.009367,0.401514,0.000000,0.042712,-0.028208,-0.063855,-0.018385,0.238776,0.413660,0.543305,0.425755,0.068846,-0.016728,-0.112027,-0.245639,-0.107464,-0.338089,0.363993,0.194325,0.059173,0.075656,-0.167637,0.898163,-0.091583,-0.138318,-0.112812,-0.168153,-0.231850,-0.219483,-0.180062,-0.096860,-0.118667,-0.095582,-0.229289,-0.080262,-0.269052,-0.103062,-0.093763,-0.030645,-0.231325,-0.127825,-0.102181,0.016742,0.005916,0.145045,0.120803,0.182105,-0.053219,0.086452,-0.047522,0.028003,-0.151992,0.008045,0.176908,0.041290,0.021686,-0.053045,-0.167230,-0.393430,-0.029887,0.786240,0.238881,0.526421,0.126807,0.343309,0.226312,0.416379,0.053291,0.201232,-0.234047,0.038057
0.232254,0.184703,0.998930,0.386808,0.375544,0.263791,0.441801,0.028750,-0.060897,0.068033,0.212060,-0.034552,0.062021,-0.109498,0.212756,0.094082,0.055112,0.191332,0.367833,0.057683,0.005108,0.042712,0.000000,0.720638,0.704118,0.821185,0.074798,-0.024559,0.177341,0.157648,0.423663,0.165026,0.281942,0.234594,0.451519,0.332949,-0.202963,0.128956,0.078594,-0.053524,0.133948,-0.066171,0.252806,0.308789,0.222525,0.238534,0.164595,0.224562,0.143815,0.157725,0.238625,0.243132,0.202177,0.101581,0.074610,-0.012135,0.000738,0.041281,0.209636,0.235633,0.097610,0.126472,0.110101,0.145267,0.097007,-0.047275,0.425095,0.475094,0.312394,0.039070,0.016472,0.135093,0.043545,0.232497,0.110745,0.119906,0.176289,0.297377,0.065213,0.074067,0.070548,0.228931,-0.041869,0.096042,0.330246,0.275273,-0.032656,-0.130927,-0.005770,0.084498
0.251101,0.397563,0.814539,0.953903,0.205038,0.228712,0.354561,0.511251,0.049441,-0.026786,0.266054,0.151469,0.078279,0.029952,0.154281,0.099887,0.075864,0.161179,0.508842,0.530449,0.047119,-0.028208,0.720638,0.000000,0.650621,0.723481,0.372648,0.321652,-0.033874,0.057842,0.541336,0.445344,0.314913,0.482140,0.441335,0.360418,-0.277957,0.027114,-0.054654,-0.164336,0.111258,-0.218708,0.290344,0.277904,0.285559,0.404006,0.082043,0.249415,0.220068,0.247284,0.265123,0.260007,0.248233,0.085346,0.075622,0.081669,0.090423,0.259690,0.283732,0.296890,0.037327,0.123969,0.051114,0.181808,-0.018549,0.150618,0.463868,0.501530,0.310765,0.268034,0.148398,0.049852,-0.063481,0.183140,0.128753,0.212885,0.158981,0.318564,0.177218,0.001655,0.118190,0.232053,0.099512,0.156927,0.349758,0.482833,-0.111920,0.040595,0.003863,0.261446
0.283083,0.408425,0.550859,0.554674,0.728520,0.521370,0.484837,0.346040,0.172806,0.194297,0.277038,0.188864,0.038257,0.020854,0.007322,0.024371,0.022126,0.236374,0.367390,0.253800,-0.186395,-0.063855,0.704118,0.650621,0.000000,1.059109,0.376251,0.101964,0.055632,0.134679,0.141668,-0.029467,0.230770,0.179582,0.102117,0.302726,-0.403212,0.123575,-0.117335,-0.399538,-0.218398,-0.217035,0.306724,0.277561,0.373464,0.396654,0.121158,0.117849,0.327654,0.390256,0.399784,0.510437,0.416456,0.197253,0.039839,-0.115787,-0.030180,0.049337,0.242531,0.172628,0.195953,0.156017,0.092728,0.122163,0.270671,0.206975,0.278642,0.240866,0.269414,0.102628,-0.003176,0.121019,-0.168554,0.115629,0.014219,0.010442,0.091167,0.191540,-0.031482,0.047674,0.022519,0.226596,-0.264230,0.075498,0.305417,0.261429,-0.451530,-0.280386,-0.142112,0.038019
0.390511,0.399431,0.632758,0.448880,0.513833,0.559952,0.475135,0.208277,0.021851,0.230547,0.207758,0.145690,0.044424,0.131459,0.181830,0.323354,0.150296,0.302976,0.348808,0.223973,-0.018867,-0.018385,0.821185,0.723481,1.059109,0.000000,0.262503,0.148599,0.086916,0.128674,0.330093,0.153497,0.331660,0.291535,0.307432,0.258156,-0.312299,0.043374,-0.064113,-0.294275,-0.178558,-0.181865,0.495328,0.471373,0.337647,0.333407,0.352069,0.316094,0.374541,0.346303,0.542864,0.542798,0.572998,0.357170,0.222805,0.050838,0.133346,0.138832,0.416464,0.380932,0.286885,0.212368,0.301523,0.263659,0.304963,0.109862,0.472307,0.471702,0.366479,0.131931,0.128985,0.166120,-0.061501,0.182040,0.121920,0.165112,0.225206,0.249628,0.085548,0.049709,0.208058,0.260218,-0.229333,0.060643,0.412596,0.278566,-0.270727,-0.170657,0.068189,0.215917
0.450346,0.556959,0.275739,0.532272,0.437037,0.508612,0.366423,0.342682,0.611944,0.355641,0.334487,0.356890,0.211822,0.200438,0.234208,0.125427,0.350168,0.495537,0.621750,0.800966,0.174244,0.238776,0.074798,0.372648,0.376251,0.262503,0.000000,0.575788,0.143632,0.244730,0.270947,0.185674,0.358329,0.296386,-0.028532,0.041014,-0.241548,0.085721,-0.234903,-0.276855,-0.220115,0.109421,0.237894,0.110701,0.203606,0.258734,-0.054608,0.098741,0.066977,0.155500,0.078126,0.125024,0.225270,0.090828,0.029794,0.069938,0.189704,0.453970,0.374830,0.374932,0.328073,0.404444,0.241971,0.487476,0.230052,0.319590,0.347270,0.321041,0.410871,0.547874,0.180179,0.131858,0.134461,0.258113,0.090789,0.043428,0.124814,0.069509,-0.021671,0.216612,0.415020,0.524170,0.343024,0.378424,0.326686,0.558290,-0.099775,0.135581,0.097798,0.344358
0.150543,0.196927,0.114200,0.297750,-0.015648,0.214674,0.114738,0.262690,0.155847,0.194215,0.269398,0.246839,0.130557,0.184151,0.259933,0.184874,0.149402,0.224256,0.442505,0.423563,0.282807,0.413660,-0.024559,0.321652,0.101964,0.148599,0.575788,0.000000,0.222680,0.251394,0.208393,0.236950,0.019776,0.053297,0.060215,-0.101747,0.013713,-0.014592,-0.292492,-0.076641,-0.126861,0.304654,0.153327,0.111184,-0.039222,0.110033,-0.060221,0.047992,0.135985,0.118137,0.126895,0.118719,0.139993,0.120931,-0.000680,0.124040,0.026025,0.199812,0.065984,0.054610,-0.007035,0.128707,0.025338,0.254519,0.194045,0.262664,0.058080,0.127734,0.050012,0.312532,0.102008,0.053766,-0.035110,0.110101,-0.013603,0.052404,0.016783,-0.027470,0.042565,0.324716,0.188171,0.292556,0.163199,0.379870,0.271173,0.418477,-0.025950,0.303030,0.071646,0.279100
0.276178,0.186643,0.060099,0.158386,0.250402,0.223361,0.319677,0.092385,0.192736,0.236832,0.725420,0.354685,0.482052,0.298218,0.593343,0.152941,0.729786,0.772267,0.294390,0.203186,0.599262,0.543305,0.177341,-0.033874,0.055632,0.086916,0.143632,0.222680,0.000000,1.257914,0.287285,0.265672,0.413149,0.153357,-0.109004,-0.096476,0.409992,0.161554,0.131410,0.254948,-0.127795,0.687263,0.194774,0.229579,0.195272,0.181719,0.080103,0.134733,-0.077460,0.202608,-0.017097,0.051146,-0.014263,0.061271,0.078751,-0.006788,0.235505,0.269340,0.193747,0.210435,0.341866,0.463556,0.489910,0.456990,0.528484,0.302409,0.190230,0.211293,0.293810,0.235053,0.221912,0.229050,0.667764,0.482386,0.435459,0.309858,0.272386,0.216015,0.227872,0.742820,0.648522,0.639239,0.204465,0.401872,0.455428,0.466747,0.145204,0.172226,0.134966,0.080772
0.338222,0.374493,0.027879,0.302691,0.287704,0.332184,0.256792,0.237516,0.242221,0.276820,0.569834,0.451696,0.367970,0.352175,0.431547,0.242082,0.746165,0.925730,0.336071,0.359362,0.598845,0.425755,0.157648,0.057842,0.134679,0.128674,0.244730,0.251394,1.257914,0.000000,0.234148,0.223359,0.480991,0.301513,-0.055933,-0.081360,0.244001,0.153894,0.160766,0.215930,-0.109053,0.517186,0.332473,0.307900,0.306769,0.314891,0.153038,0.212456,-0.010910,0.289620,0.052586,0.146194,0.098012,0.032831,0.109396,0.007176,0.269551,0.396663,0.298869,0.380909,0.404050,0.651580,0.525634,0.608227,0.571826,0.499170,0.292378,0.333202,0.380417,0.310275,0.237427,0.297238,0.554917,0.532829,0.354392,0.291075,0.223361,0.222548,0.303104,0.826584,0.685403,0.778245,0.219699,0.437891,0.460298,0.455970,0.039800,0.116890,0.149206,0.093540
0.233710,0.301667,0.601758,0.573884,-0.033054,-0.058703,0.227242,0.166892,0.078791,0.034969,0.223352,0.036850,0.170370,0.094362,0.362481,-0.029786,0.216729,0.326958,0.553451,0.420070,0.454632,0.068846,0.423663,0.541336,0.141668,0.330093,0.270947,0.208393,0.287285,0.234148,0.000000,1.353948,0.399035,0.489738,0.434919,0.116671,0.051902,0.128332,-0.182764,-0.053388,-0.083100,0.178398,0.025702,-0.017462,0.046354,0.020697,-0.073730,0.094602,-0.219604,-0.056857,-0.137808,-0.251611,-0.028392,-0.198615,0.140645,0.034381,0.171375,0.381513,0.284112,0.276172,0.089372,0.165199,0.194221,0.335632,0.048978,-0.108501,0.467553,0.434741,0.442657,0.303991,0.495875,0.327129,0.302221,0.408944,0.259105,0.322670,0.306662,0.484474,0.061933,0.131221,0.252883,0.194570,0.222388,0.067923,0.358687,0.510920,0.185841,0.210426,0.361062,0.151314
0.161012,0.236987,0.355030,0.502823,-0.101081,-0.080296,0.115763,0.181024,0.032478,0.066081,0.215164,0.049180,0.164347,0.109217,0.349419,-0.015650,0.222706,0.278292,0.391283,0.432743,0.504267,-0.016728,0.165026,0.445344,-0.029467,0.153497,0.185674,0.236950,0.265672,0.223359,1.353948,0.000000,0.376711,0.507255,0.364090,0.195497,0.136415,0.059757,-0.207276,0.012914,-0.129999,0.165432,-0.031589,-0.031678,-0.001636,-0.026094,-0.118260,0.033030,-0.301364,-0.105242,-0.246587,-0.315136,-0.103599,-0.233880,0.098856,-0.008564,0.161318,0.339952,0.200834,0.228462,0.045953,0.135644,0.129477,0.250654,0.036170,-0.130663,0.322897,0.296150,0.373684,0.323257,0.521894,0.412632,0.354636,0.330415,0.247018,0.312155,0.260386,0.430496,0.037940,0.129322,0.216988,0.065007,0.189939,0.013997,0.264619,0.441204,0.241808,0.282866,0.335621,0.055042
1.142981,0.886562,0.430854,0.373914,0.568857,0.395451,0.700216,0.260478,0.445105,0.387678,0.714592,0.591811,0.648515,0.573734,0.624972,0.506964,0.972245,0.960258,0.563426,0.724022,0.163733,-0.112027,0.281942,0.314913,0.230770,0.331660,0.358329,0.019776,0.413149,0.480991,0.399035,0.376711,0.000000,1.180110,0.143591,0.365649,-0.169739,0.026712,0.015848,0.073268,0.002997,-0.018859,0.696518,0.641070,0.500442,0.470702,0.469183,0.669924,0.144566,0.201939,0.221002,0.233952,0.476830,0.348385,0.491814,0.314206,0.954108,0.992355,1.080724,0.968097,1.129845,1.027524,0.969946,0.916773,0.493374,0.257621,0.816750,0.607329,0.967890,0.710316,0.395404,0.203986,0.613197,0.685503,0.406494,0.510799,0.883727,0.714304,0.159913,0.153771,0.878780,0.656743,0.295945,0.437625,0.624019,0.498986,0.074282,0.081985,0.448467,0.457267
0.837592,0.938970,0.477217,0.630450,0.261877,0.198332,0.552214,0.555344,0.314333,0.235171,0.504711,0.565985,0.497830,0.476688,0.414239,0.337661,0.551440,0.576337,0.676074,0.833117,0.140809,-0.245639,0.234594,0.482140,0.179582,0.291535,0.296386,0.053297,0.153357,0.301513,0.489738,0.507255,1.180110,0.000000,0.261271,0.428465,-0.244626,0.025817,-0.014471,0.012049,0.171017,-0.226330,0.553626,0.537715,0.471838,0.494951,0.424503,0.657384,0.179637,0.185782,0.173621,0.162937,0.367761,0.185476,0.447639,0.373690,0.786437,0.973218,0.867533,0.739328,0.666229,0.736402,0.563747,0.628949,0.268562,0.290565,0.661305,0.510957,0.775312,0.563883,0.427705,0.130528,0.327025,0.598919,0.314357,0.434526,0.710498,0.818921,0.308990,-0.008413,0.567580,0.451978,0.343208,0.318976,0.532333,0.355201,0.025733,0.107870,0.480131,0.476600
0.066501,0.087705,0.472790,0.215465,0.006800,-0.062273,0.159060,0.035916,-0.069989,-0.036844,-0.083055,-0.081742,-0.019258,-0.048073,0.109710,0.143423,-0.130750,-0.088091,0.119809,0.040696,0.086587,-0.107464,0.451519,0.441335,0.102117,0.307432,-0.028532,0.060215,-0.109004,-0.055933,0.434919,0.364090,0.143591,0.261271,0.000000,0.454237,-0.054813,-0.108689,-0.120762,0.006560,0.021979,-0.150593,0.292110,0.274983,0.285172,0.248364,0.202762,0.279765,0.180402,0.114926,0.317637,0.115657,0.173185,0.026632,0.307019,0.194157,-0.063507,0.046912,0.120255,0.103651,-0.053360,-0.025515,-0.083035,0.005209,0.021950,-0.066490,0.427192,0.497620,0.029393,0.084843,0.061391,0.020337,-0.127797,0.089126,-0.049054,0.137602,0.123701,0.290025,0.050735,-0.008107,-0.026873,-0.031588,-0.016698,-0.082663,0.157976,0.154415,0.042059,-0.074981,0.062222,0.135222
0.230434,0.218491,0.413764,0.265895,0.323879,0.240500,0.331031,0.169509,0.108652,0.057194,0.112147,0.137419,0.141575,0.073491,0.126486,0.155238,0.043919,0.033185,0.151723,0.155680,-0.086707,-0.338089,0.332949,0.360418,0.302726,0.258156,0.041014,-0.101747,-0.096476,-0.081360,0.116671,0.195497,0.365649,0.428465,0.454237,0.000000,-0.237474,0.028806,0.081923,0.028154,0.179004,-0.382881,0.255889,0.306274,0.341252,0.360812,0.229298,0.289295,0.072642,0.047291,0.131151,0.111319,0.193851,0.002723,0.206522,0.125942,0.135289,0.096426,0.226381,0.198364,0.223161,0.135909,0.109794,0.026624,0.051000,0.018110,0.288684,0.318707,0.241137,0.101027,0.117381,0.116291,0.091801,0.299395,0.048662,0.350504,0.249746,0.379813,0.009262,-0.252194,0.029031,-0.026563,0.031841,0.000089,0.173622,0.074801,0.011003,-0.083261,0.030520,0.128743
-0.323607,-0.352617,-0.231850,-0.315567,-0.286048,-0.239590,-0.190305,-0.266537,-0.102721,-0.176295,0.000232,-0.135134,0.032509,-0.069100,0.185903,-0.089522,0.058018,0.034439,-0.311404,-0.252615,0.396935,0.363993,-0.202963,-0.277957,-0.403212,-0.312299,-0.241548,0.013713,0.409992,0.244001,0.051902,0.136415,-0.169739,-0.244626,-0.054813,-0.237474,0.000000,0.364109,0.396905,0.647877,-0.013439,0.688751,-0.266293,-0.178921,-0.187988,-0.252050,-0.108919,-0.181399,-0.239191,-0.002130,-0.209751,-0.209455,-0.343556,-0.117916,-0.036443,0.013650,-0.166392,-0.150257,-0.348997,-0.167707,-0.264557,-0.075983,-0.119214,-0.070398,0.041073,0.008572,-0.186601,-0.019713,-0.213513,-0.185256,0.144464,0.059367,0.293206,0.081830,0.282895,0.164600,0.047410,0.012318,-0.060690,0.295906,0.057237,0.081515,0.210662,0.172495,0.061992,0.207565,0.526525,0.405482,0.023847,-0.121821
-0.041569,0.012929,0.176065,0.011194,0.029658,0.150067,0.130650,0.037828,0.043202,0.038675,0.033043,0.042207,-0.033314,-0.049652,0.013492,-0.224364,0.044848,0.161386,0.032604,-0.002542,0.172956,0.194325,0.128956,0.027114,0.123575,0.043374,0.085721,-0.014592,0.161554,0.153894,0.128332,0.059757,0.026712,0.025817,-0.108689,0.028806,0.364109,0.000000,0.465872,0.292260,0.084923,0.337194,-0.100547,-0.067805,0.032188,0.046773,0.048424,-0.007685,-0.138539,0.009396,-0.173552,-0.055442,-0.085777,-0.155495,-0.084829,0.093825,-0.092608,-0.004984,-0.039298,0.104482,0.005762,0.096875,-0.039454,0.024116,0.125532,0.145084,0.022126,0.039010,0.041335,0.004589,0.180966,0.395888,0.249378,0.143317,0.115658,0.044609,0.121118,0.109530,-0.148278,0.025003,0.047779,0.177629,0.217346,0.407138,0.033697,0.179054,0.223810,0.361907,0.076769,0.049357
-0.055708,-0.053317,0.033290,-0.104449,0.016647,0.068050,0.108870,-0.049498,-0.028113,-0.185279,-0.002190,0.049654,0.093838,0.035834,0.116416,0.088200,0.101212,0.026443,-0.211413,-0.171747,0.098395,0.059173,0.078594,-0.054654,-0.117335,-0.064113,-0.234903,-0.292492,0.131410,0.160766,-0.182764,-0.207276,0.015848,-0.014471,-0.120762,0.081923,0.396905,0.465872,0.000000,0.665372,0.448353,0.046176,0.028863,0.110429,0.155899,0.104163,0.206335,0.153447,0.079500,0.185731,0.071133,0.145675,0.060475,0.027618,0.162781,0.218300,0.066577,-0.000459,0.052051,0.153949,0.032494,0.118994,0.048617,-0.001779,0.063077,0.155079,0.073516,0.109087,0.035318,-0.181891,0.075813,0.086521,0.219376,0.149646,0.244527,0.221066,0.128658,0.124336,0.160679,-0.035782,0.140758,0.136835,0.213500,0.213166,0.119836,0.028166,0.409728,0.236059,0.132786,0.089457
0.009185,-0.059397,0.014667,-0.275798,-0.106263,-0.194196,0.083725,-0.194710,0.044874,-0.075530,0.071216,0.110756,0.234138,0.033351,0.319699,0.139489,0.187110,0.087714,-0.162648,-0.164895,0.335159,0.075656,-0.053524,-0.164336,-0.399538,-0.294275,-0.276855,-0.076641,0.254948,0.215930,-0.053388,0.012914,0.073268,0.012049,0.006560,0.028154,0.647877,0.292260,0.665372,0.000000,0.458793,0.362033,-0.032523,0.116991,0.125559,0.048839,0.179135,0.195873,0.047113,0.134437,-0.066033,-0.004222,-0.012464,0.014521,0.269237,0.441897,0.153079,0.152769,0.010922,0.183283,0.007546,0.164958,0.019355,0.133260,0.090729,0.114653,0.095330,0.203609,0.073467,-0.001656,0.230634,0.264359,0.345134,0.241648,0.305406,0.269299,0.239269,0.254289,0.107503,0.131772,0.211591,0.129492,0.504890,0.401017,0.063830,0.172776,0.736478,0.588523,0.272002,0.149799
-0.007087,0.012853,0.213893,0.024812,-0.315913,-0.213788,0.051541,0.055806,-0.130552,-0.162788,0.020634,0.081600,0.089600,-0.060855,0.109571,0.004888,-0.081454,-0.149692,0.103588,-0.057592,0.006700,-0.167637,0.133948,0.111258,-0.218398,-0.178558,-0.220115,-0.126861,-0.127795,-0.109053,-0.083100,-0.129999,0.002997,0.171017,0.021979,0.179004,-0.013439,0.084923,0.448353,0.458793,0.000000,-0.235163,-0.037968,0.071524,0.080647,0.143364,0.147682,0.245826,0.102919,-0.004042,-0.114401,-0.117431,-0.075484,-0.106294,0.155026,0.301970,0.094846,0.091487,0.083185,0.164047,-0.067962,0.035785,-0.109093,-0.084289,-0.233912,0.033901,0.122109,0.085966,0.059837,0.012916,-0.018173,-0.118488,-0.135891,0.088962,-0.006943,0.117394,0.058288,0.155084,0.448213,-0.254156,-0.029170,-0.013414,0.473502,0.291038,-0.003214,-0.147536,0.203941,0.156203,0.149837,0.158943
-0.020077,-0.127529,-0.099994,-0.179047,-0.008411,0.052788,-0.058164,-0.207526,0.116622,0.054708,0.168611,-0.031549,0.132270,-0.013741,0.270888,-0.050113,0.337556,0.352607,0.002723,-0.061898,0.470320,0.898163,-0.066171,-0.218708,-0.217035,-0.181865,0.109421,0.304654,0.687263,0.517186,0.178398,0.165432,-0.018859,-0.226330,-0.150593,-0.382881,0.688751,0.337194,0.046176,0.362033,-0.235163,0.000000,-0.166385,-0.178075,-0.180395,-0.230569,-0.235309,-0.260649,-0.236850,-0.031111,-0.228935,-0.180919,-0.211408,-0.049013,-0.147717,-0.070016,0.010492,0.077864,-0.156675,-0.067666,0.038177,0.133419,0.133721,0.266072,0.266019,0.123208,-0.111356,0.025578,-0.010355,0.075709,0.091871,0.283252,0.430415,0.124519,0.175795,0.010499,0.085082,-0.100875,-0.151161,0.763434,0.323045,0.430261,0.287852,0.371759,0.155801,0.412159,0.368943,0.453757,-0.010748,-0.017529
0.750352,0.590014,0.238356,0.152978,0.517785,0.511023,0.449912,0.229428,0.296811,0.343314,0.361842,0.505323,0.405529,0.569599,0.363603,0.662972,0.509525,0.521388,0.214361,0.395228,0.028081,-0.091583,0.252806,0.290344,0.306724,0.495328,0.237894,0.153327,0.194774,0.332473,0.025702,-0.031589,0.696518,0.553626,0.292110,0.255889,-0.266293,-0.100547,0.028863,-0.032523,-0.037968,-0.166385,0.000000,1.487428,0.698060,0.794417,1.015706,1.186283,0.679367,0.596733,0.919454,0.779047,0.988686,0.832096,0.464740,0.454016,0.585532,0.520281,0.831247,0.671175,0.728992,0.555588,0.675297,0.586356,0.425334,0.293608,0.613751,0.551799,0.324751,0.432724,-0.005667,-0.026859,0.201876,0.299712,0.223246,0.330621,0.503212,0.429748,0.197670,0.128058,0.495466,0.407763,0.016790,0.261994,0.391904,0.174024,-0.154448,-0.058800,0.236560,0.510558
0.672104,0.513543,0.236928,0.112168,0.448448,0.446894,0.462718,0.195344,0.186231,0.333172,0.430512,0.482977,0.487564,0.530892,0.404693,0.664429,0.467720,0.449500,0.164740,0.265916,0.043590,-0.138318,0.308789,0.277904,0.277561,0.471373,0.110701,0.111184,0.229579,0.307900,-0.017462,-0.031678,0.641070,0.537715,0.274983,0.306274,-0.178921,-0.067805,0.110429,0.116991,0.071524,-0.178075,1.487428,0.000000,0.705018,0.836846,1.192484,1.443537,0.777324,0.731081,0.865973,0.881912,0.916232,0.958454,0.547537,0.592542,0.631031,0.488946,0.745151,0.618281,0.643181,0.522089,0.572672,0.516088,0.368895,0.320810,0.488079,0.480684,0.277583,0.318418,0.048353,-0.076710,0.266353,0.374673,0.365300,0.378462,0.500627,0.490394,0.265786,0.125217,0.480896,0.393343,0.057748,0.289624,0.342418,0.178071,-0.089498,0.041376,0.313165,0.546276
0.445533,0.499537,0.284866,0.283115,0.441770,0.205511,0.493400,0.257090,0.221723,0.088161,0.281145,0.371519,0.316859,0.251399,0.154361,0.278496,0.268673,0.359108,0.227090,0.262325,0.076429,-0.112812,0.222525,0.285559,0.373464,0.337647,0.203606,-0.039222,0.195272,0.306769,0.046354,-0.001636,0.500442,0.471838,0.285172,0.341252,-0.187988,0.032188,0.155899,0.125559,0.080647,-0.180395,0.698060,0.705018,0.000000,1.264706,0.544485,0.624243,0.814512,0.924441,0.618097,0.733590,0.553646,0.307919,0.358985,0.334703,0.263840,0.394819,0.541081,0.494565,0.427332,0.390784,0.299898,0.365114,0.492949,0.395882,0.670412,0.592900,0.323836,0.293517,0.062608,0.069104,0.060091,0.141594,0.081521,0.181332,0.257374,0.398910,0.285939,0.165010,0.352062,0.350286,0.055012,0.250968,0.307706,0.240731,-0.069425,-0.078716,0.110253,0.274800
0.500468,0.595391,0.272842,0.385478,0.413220,0.295058,0.503957,0.427318,0.187800,0.087749,0.376466,0.492685,0.380713,0.353387,0.139094,0.271980,0.288108,0.386035,0.302642,0.400472,0.041695,-0.168153,0.238534,0.404006,0.396654,0.333407,0.258734,0.110033,0.181719,0.314891,0.020697,-0.026094,0.470702,0.494951,0.248364,0.360812,-0.252050,0.046773,0.104163,0.048839,0.143364,-0.230569,0.794417,0.836846,1.264706,0.000000,0.574090,0.706346,0.855709,1.045052,0.601256,0.835272,0.593512,0.395275,0.328264,0.384928,0.312151,0.463521,0.614707,0.565682,0.411302,0.487052,0.287793,0.419929,0.379186,0.563933,0.572435,0.575235,0.257632,0.321660,0.001118,-0.016912,0.066642,0.225692,0.165875,0.226761,0.276973,0.488054,0.324455,0.119721,0.308080,0.369115,0.104340,0.301765,0.280278,0.242544,-0.119119,-0.049892,0.165316,0.364582
0.513654,0.305235,0.119126,-0.082427,0.224670,0.290713,0.307865,0.057862,0.105329,0.223120,0.232926,0.347523,0.336437,0.423373,0.308904,0.619727,0.402716,0.334230,-0.027061,0.080191,-0.025000,-0.231850,0.164595,0.082043,0.121158,0.352069,-0.054608,-0.060221,0.080103,0.153038,-0.073730,-0.118260,0.469183,0.424503,0.202762,0.229298,-0.108919,0.048424,0.206335,0.179135,0.147682,-0.235309,1.015706,1.192484,0.544485,0.574090,0.000000,1.418260,0.658795,0.504040,0.626229,0.566228,0.832045,0.791513,0.746574,0.842196,0.606981,0.400686,0.660429,0.587068,0.571906,0.400459,0.528605,0.389004,0.243745,0.198493,0.339261,0.322779,0.162227,0.107440,0.079919,-0.073584,0.242593,0.347428,0.360249,0.402752,0.496717,0.412514,0.309516,-0.074948,0.414758,0.235542,0.124148,0.247740,0.243427,0.009017,0.042887,0.129445,0.442289,0.589660
0.650945,0.465204,0.273975,0.105113,0.252732,0.248612,0.395289,0.168489,0.218824,0.270169,0.334498,0.436752,0.439907,0.472061,0.434062,0.605996,0.501055,0.425616,0.172747,0.277868,0.088124,-0.219483,0.224562,0.249415,0.117849,0.316094,0.098741,0.047992,0.134733,0.212456,0.094602,0.033030,0.669924,0.657384,0.279765,0.289295,-0.181399,-0.007685,0.153447,0.195873,0.245826,-0.260649,1.186283,1.443537,0.624243,0.706346,1.418260,0.000000,0.626359,0.517494,0.636175,0.541363,0.830915,0.764355,0.670574,0.889825,0.805215,0.615469,0.793079,0.686376,0.648669,0.487363,0.587511,0.547640,0.202686,0.216775,0.508236,0.460512,0.313503,0.310463,0.140492,-0.079346,0.310892,0.428288,0.399384,0.450413,0.559250,0.571663,0.385337,-0.007588,0.496281,0.364641,0.218050,0.351355,0.292086,0.162371,-0.003917,0.175837,0.443114,0.708656
