0.000000,0.945408,0.475732,0.580615,0.212999,0.265005,0.866545,0.736431,0.379878,0.266680,0.258538,0.366041,0.595565,0.281988,0.385567,0.168195,0.775552,0.752458,0.735839,0.836539,0.145959,0.167011,0.340415,0.244462,0.153709,0.223245,0.099897,0.104068,0.703600,0.663657,0.292302,0.172980,0.803976,0.697594,0.294392,0.222929,0.282850,0.263236,0.237416,0.266493,0.280145,0.246053,0.557098,0.539404,0.614190,0.697542,0.561925,0.582547,1.011455,0.761180,0.746074,0.575981,0.697536,0.436692,0.434795,0.417861,0.811491,0.727250,0.888394,0.815397,0.934977,0.822850,0.926716,0.746649,0.318668,0.401630,0.785523,0.674537,0.758670,0.465485,0.299669,0.262062,0.286547,0.347777,0.184116,0.220106,0.518712,0.487395,0.507903,0.569414,0.814622,0.657812,0.490167,0.537504,0.471291,0.557348,0.157476,0.252882,0.725712,0.772762
0.945408,0.000000,0.361613,0.549164,0.130907,0.218763,0.562867,0.597016,0.225663,0.192341,0.240270,0.429424,0.396075,0.261007,0.364765,0.208282,0.712354,0.886886,0.697927,0.930044,0.163208,0.295403,0.347643,0.316240,0.172021,0.250512,0.107834,0.116957,0.626893,0.699044,0.308324,0.267011,0.803510,0.816404,0.264138,0.276173,0.255368,0.286350,0.191612,0.377603,0.248053,0.308208,0.586108,0.577889,0.509833,0.635428,0.553834,0.617332,0.739554,0.624255,0.613581,0.516253,0.695214,0.408254,0.427696,0.506409,0.808080,1.232574,0.894699,1.054516,0.789927,0.831665,0.772827,0.936222,0.160510,0.291187,0.713808,0.622669,0.740789,0.538592,0.316406,0.326424,0.385796,0.462637,0.215472,0.190467,0.518364,0.553833,0.556874,0.676099,0.734873,0.714246,0.390651,0.473269,0.432699,0.572250,0.171529,0.268548,0.609637,0.701602
0.475732,0.361613,0.000000,1.121795,0.173125,0.107029,0.861355,0.866653,0.287152,0.287523,0.603934,0.620656,0.470894,0.175692,0.589232,0.314279,0.411855,0.357448,0.613694,0.450421,0.114408,0.206974,0.844606,0.794079,0.426859,0.218919,0.095739,0.117723,0.415368,0.469185,0.603464,0.230205,0.441811,0.434243,0.383983,0.162502,0.217061,0.083828,0.211007,0.264496,0.119612,0.183159,0.474135,0.288405,0.430319,0.341750,0.373538,0.320680,0.313327,0.247317,0.516960,0.528955,0.312272,0.284662,0.260209,0.141697,0.276762,0.327413,0.234570,0.186116,0.262771,0.337346,0.297360,0.223129,0.487948,0.657358,0.397479,0.421787,0.182318,0.086378,0.300886,0.179807,0.184437,0.132992,0.004616,0.135142,0.269320,0.249372,0.192985,0.232759,0.281515,0.217575,0.446871,0.463232,0.590353,0.418016,0.320627,0.344784,0.463396,0.345571
0.580615,0.549164,1.121795,0.000000,0.221839,0.223256,0.803030,1.097920,0.298455,0.372310,0.552334,0.751381,0.446704,0.286083,0.625274,0.414365,0.440361,0.480624,0.761499,0.628450,0.186404,0.281656,0.846512,0.861568,0.452366,0.322174,0.188100,0.202677,0.458000,0.587103,0.628066,0.322589,0.562048,0.585142,0.469814,0.243145,0.238088,0.149846,0.273275,0.358374,0.138736,0.269400,0.550007,0.373961,0.531751,0.449651,0.469772,0.406483,0.432684,0.332756,0.606045,0.570678,0.452247,0.295495,0.310637,0.216822,0.358187,0.514812,0.383744,0.360479,0.399918,0.517285,0.386444,0.411811,0.589681,0.737389,0.563587,0.572665,0.286931,0.213308,0.301737,0.227848,0.252906,0.225230,0.060839,0.112700,0.328111,0.279970,0.277019,0.365457,0.399492,0.370813,0.477547,0.469520,0.731833,0.625802,0.322448,0.338587,0.564702,0.459725
0.212999,0.130907,0.173125,0.221839,0.000000,0.743801,0.228218,0.185601,0.463584,0.520939,0.160452,0.131397,0.085897,-0.015446,0.331458,0.131097,0.230649,0.271324,0.251755,0.341911,0.100153,0.115816,0.212462,0.086102,0.446953,0.595429,0.264322,0.160563,0.355505,0.383735,0.306618,0.303843,0.325153,0.357893,0.185635,0.126504,0.164389,0.055425,0.219034,0.155233,0.073778,0.034964,0.245932,0.261684,0.354481,0.324456,0.333179,0.291170,0.266613,0.198864,0.324710,0.190744,0.216770,0.118596,0.345191,0.364616,0.191149,0.190126,0.213783,0.201328,0.265864,0.222911,0.315698,0.295216,0.220538,0.255358,0.333893,0.316384,0.219023,0.152357,0.189202,0.136974,0.113244,0.131115,0.132764,0.103876,0.250110,0.242062,0.189017,0.300687,0.338325,0.361216,0.354914,0.263580,0.314586,0.360982,0.372207,0.360329,0.222634,0.347858
0.265005,0.218763,0.107029,0.223256,0.743801,0.000000,0.244757,0.286617,0.444366,0.731873,0.054885,0.162951,0.186388,0.221112,0.244005,0.291251,0.196135,0.278873,0.192709,0.361230,0.164138,0.141404,0.157691,0.023458,0.342310,0.584322,0.196682,0.211523,0.290839,0.345745,0.263510,0.281287,0.268837,0.317760,0.126975,0.083615,0.142373,0.155771,0.193658,0.175389,0.110927,0.065788,0.174938,0.230291,0.297868,0.330229,0.263321,0.267993,0.283084,0.270579,0.316816,0.236905,0.282587,0.185876,0.326228,0.408805,0.183242,0.202865,0.223077,0.238989,0.272756,0.252566,0.351718,0.320899,0.158051,0.198200,0.327057,0.332633,0.223882,0.194220,0.151396,0.134663,0.164850,0.104336,0.221176,0.146060,0.238164,0.248399,0.171514,0.273174,0.371651,0.372998,0.300671,0.241655,0.305467,0.316134,0.253781,0.292634,0.330980,0.370516
0.866545,0.562867,0.861355,0.803030,0.228218,0.244757,0.000000,1.077017,0.585910,0.421649,0.307958,0.426424,0.672865,0.241870,0.455557,0.220515,0.627086,0.586060,0.621944,0.586759,0.140322,0.149253,0.442835,0.318077,0.210462,0.155966,0.036846,0.045396,0.549494,0.526801,0.288415,0.021696,0.590872,0.533837,0.393015,0.208425,0.248920,0.174610,0.132497,0.213349,0.185406,0.182696,0.493432,0.417078,0.566120,0.610778,0.416430,0.505761,0.663502,0.542697,0.581552,0.586736,0.453177,0.423627,0.286479,0.284942,0.433787,0.453909,0.502446,0.448511,0.484826,0.529875,0.556979,0.466631,0.318285,0.524003,0.630936,0.655898,0.438874,0.276277,0.280208,0.200233,0.230215,0.279016,0.112830,0.210387,0.423421,0.384517,0.300948,0.389769,0.570016,0.517105,0.567033,0.623964,0.445883,0.423723,0.229277,0.312911,0.664149,0.632108
0.736431,0.597016,0.866653,1.097920,0.185601,0.286617,1.077017,0.000000,0.487319,0.574564,0.293941,0.584836,0.607461,0.480081,0.432564,0.431704,0.492304,0.557676,0.661864,0.590220,0.166855,0.245616,0.484034,0.430356,0.209413,0.190844,0.047369,0.145202,0.506452,0.572990,0.386123,0.126520,0.563278,0.538919,0.439225,0.219011,0.210643,0.177420,0.176890,0.303906,0.127751,0.215696,0.460226,0.336303,0.511933,0.530258,0.377022,0.423034,0.536578,0.466854,0.542062,0.496467,0.472192,0.313381,0.241505,0.219301,0.381468,0.519900,0.489970,0.474905,0.548136,0.659475,0.526609,0.535963,0.451423,0.635109,0.606301,0.676959,0.362161,0.260821,0.270433,0.206605,0.224201,0.238865,0.116237,0.174165,0.349061,0.299528,0.299905,0.391330,0.550250,0.495851,0.476767,0.522352,0.558729,0.482857,0.245602,0.281006,0.756692,0.572526
0.379878,0.225663,0.287152,0.298455,0.463584,0.444366,0.585910,0.487319,0.000000,0.679975,0.018358,0.188070,0.336347,0.102253,0.384244,0.114856,0.362242,0.343861,0.223021,0.253219,0.036279,0.002180,0.128253,0.015465,0.177832,0.210557,0.072560,-0.041315,0.266303,0.279068,0.099012,-0.090035,0.298622,0.264287,0.182366,0.100450,0.106203,0.061451,0.124751,0.024019,0.091668,0.026237,0.227898,0.256030,0.340842,0.414911,0.215303,0.339302,0.395459,0.402680,0.344329,0.315275,0.249548,0.242513,0.178069,0.237039,0.227424,0.147642,0.324548,0.258500,0.366105,0.213154,0.344997,0.302384,0.161436,0.286265,0.367430,0.410654,0.154127,0.089471,0.041109,0.017791,0.052369,0.026813,0.102559,0.079465,0.294482,0.178861,0.143774,0.199608,0.338177,0.337248,0.398431,0.436513,0.133825,0.258588,0.276901,0.308018,0.374964,0.483466
0.266680,0.192341,0.287523,0.372310,0.520939,0.731873,0.421649,0.574564,0.679975,0.000000,0.046044,0.273349,0.262331,0.226255,0.281864,0.305920,0.244696,0.301021,0.246006,0.314879,0.089465,0.070323,0.171138,0.061185,0.169234,0.287641,0.028809,0.079570,0.223084,0.298670,0.157071,0.007762,0.215092,0.201395,0.182546,0.075730,0.130685,0.085821,0.151982,0.077051,0.014669,-0.033381,0.170279,0.160131,0.225655,0.251602,0.165040,0.248319,0.240662,0.204529,0.232823,0.169202,0.232719,0.167182,0.180257,0.242803,0.126526,0.170981,0.251987,0.222414,0.316458,0.273990,0.301239,0.284605,0.148405,0.233025,0.277054,0.347823,0.160039,0.136622,0.047760,0.033115,0.019785,0.023935,0.163440,0.099140,0.214144,0.149929,0.139761,0.214766,0.314599,0.320041,0.371763,0.403424,0.203656,0.249491,0.265384,0.299285,0.402766,0.445812
0.258538,0.240270,0.603934,0.552334,0.160452,0.054885,0.307958,0.293941,0.018358,0.046044,0.000000,0.837357,0.438052,0.143875,0.667497,0.343512,0.453158,0.240788,0.637806,0.404297,0.143280,0.232044,0.872291,0.827273,0.462046,0.190828,0.196071,0.173458,0.407376,0.480992,0.675244,0.384881,0.334850,0.321764,0.222273,0.141757,0.299058,0.134653,0.328827,0.245411,0.256816,0.255742,0.319917,0.232222,0.232763,0.108605,0.296875,0.179281,0.108432,0.067088,0.380110,0.310451,0.202638,0.232703,0.275036,0.142854,0.124542,0.270350,0.014045,0.085121,0.048366,0.191254,0.108241,0.063808,0.567041,0.487627,0.167218,0.126450,0.141301,0.097972,0.279414,0.234188,0.221736,0.181414,-0.004983,0.052868,0.198288,0.191662,0.149306,0.206034,0.189843,0.167203,0.398472,0.304751,0.833315,0.562328,0.395696,0.323554,0.178482,0.161635
0.366041,0.429424,0.620656,0.751381,0.131397,0.162951,0.426424,0.584836,0.188070,0.273349,0.837357,0.000000,0.648004,0.526786,0.729544,0.692383,0.436613,0.388399,0.646700,0.464323,0.209024,0.372104,0.770657,0.776432,0.313785,0.111601,0.216862,0.266557,0.365993,0.563866,0.562208,0.244286,0.389294,0.314214,0.315541,0.171026,0.310951,0.277342,0.334052,0.437869,0.176357,0.335121,0.362874,0.250093,0.281960,0.166842,0.291076,0.227853,0.241482,0.150644,0.380462,0.324525,0.284258,0.200481,0.256983,0.227803,0.171113,0.403866,0.158182,0.212858,0.219435,0.394337,0.224827,0.260828,0.545942,0.514016,0.237318,0.262148,0.200152,0.159556,0.263814,0.227479,0.143460,0.181416,0.035949,0.090720,0.242288,0.182101,0.243294,0.356391,0.285406,0.293011,0.471702,0.444866,0.752853,0.699949,0.302729,0.308806,0.425798,0.401509
0.595565,0.396075,0.470894,0.446704,0.085897,0.186388,0.672865,0.607461,0.336347,0.262331,0.438052,0.648004,0.000000,0.843763,0.510136,0.675065,0.565534,0.417002,0.460958,0.442549,0.186084,0.285291,0.421967,0.323127,0.131952,0.016420,0.077875,0.178563,0.516307,0.487064,0.299946,0.111374,0.431595,0.343723,0.280976,0.128061,0.239495,0.270324,0.260418,0.308132,0.266481,0.285212,0.370840,0.332162,0.329223,0.336496,0.317633,0.271458,0.486261,0.431235,0.517111,0.422510,0.429148,0.398321,0.341839,0.322584,0.315805,0.352432,0.270274,0.290941,0.338302,0.392491,0.487388,0.406193,0.333624,0.308155,0.318337,0.312825,0.321170,0.203266,0.297528,0.235006,0.249066,0.312379,0.189262,0.186069,0.307507,0.307134,0.333472,0.390137,0.510360,0.384778,0.450593,0.317697,0.471449,0.477068,0.139158,0.103318,0.428081,0.465734
0.281988,0.261007,0.175692,0.286083,-0.015446,0.221112,0.241870,0.480081,0.102253,0.226255,0.143875,0.526786,0.843763,0.000000,0.216528,1.100049,0.168265,0.144268,0.223083,0.232568,0.247163,0.392640,0.146109,0.131448,0.046866,0.015742,0.110587,0.342837,0.198811,0.263137,0.211394,0.143169,0.244367,0.217717,0.180479,0.061366,0.134050,0.319207,0.150974,0.433246,0.105670,0.248980,0.166888,0.154251,0.164254,0.169752,0.133060,0.090357,0.235800,0.235895,0.246585,0.190204,0.249507,0.127238,0.140066,0.231793,0.067007,0.226923,0.135635,0.228201,0.177233,0.286850,0.231668,0.295534,0.202570,0.170409,0.175580,0.221288,0.131527,0.141896,0.254445,0.237302,0.206344,0.246260,0.172130,0.128276,0.127114,0.152375,0.180016,0.268280,0.277646,0.218656,0.176957,-0.003598,0.291201,0.328970,-0.022742,-0.111291,0.328377,0.271504
0.385567,0.364765,0.589232,0.625274,0.331458,0.244005,0.455557,0.432564,0.384244,0.281864,0.667497,0.729544,0.510136,0.216528,0.000000,0.462302,0.530382,0.399684,0.588578,0.417842,0.164204,0.258513,0.751878,0.676494,0.489097,0.290160,0.327414,0.167061,0.486814,0.558334,0.576604,0.294861,0.456328,0.394220,0.339753,0.097065,0.318653,0.200429,0.384370,0.288642,0.255888,0.262311,0.382717,0.276259,0.274626,0.230328,0.375631,0.265461,0.267930,0.215658,0.455639,0.387888,0.341289,0.215367,0.299287,0.246377,0.257266,0.368088,0.210265,0.206108,0.271222,0.307534,0.316141,0.294482,0.608009,0.505991,0.287624,0.246492,0.166608,0.122516,0.202504,0.182657,0.189996,0.157147,0.027469,0.089019,0.267233,0.204571,0.320167,0.369096,0.372418,0.306297,0.602096,0.468382,0.693916,0.620153,0.462386,0.346601,0.396267,0.383292
0.168195,0.208282,0.314279,0.414365,0.131097,0.291251,0.220515,0.431704,0.114856,0.305920,0.343512,0.692383,0.675065,1.100049,0.462302,0.000000,0.207222,0.177166,0.282060,0.218313,0.243275,0.419920,0.357853,0.357748,0.239029,0.116626,0.177647,0.440178,0.251914,0.368741,0.408166,0.260430,0.260319,0.215991,0.245255,0.075914,0.146641,0.280440,0.269499,0.492366,0.112389,0.279709,0.210121,0.189279,0.178054,0.122322,0.187767,0.103907,0.129530,0.146052,0.287649,0.215645,0.256019,0.131553,0.229099,0.276038,0.052864,0.193438,0.044268,0.104341,0.106678,0.209954,0.152387,0.214170,0.362670,0.295725,0.120764,0.184217,0.034629,0.025646,0.268222,0.230793,0.206057,0.244589,0.117660,0.122160,0.125935,0.138139,0.208225,0.296201,0.235049,0.191871,0.289611,0.111659,0.448773,0.448389,0.193624,0.068779,0.303105,0.208453
0.775552,0.712354,0.411855,0.440361,0.230649,0.196135,0.627086,0.492304,0.362242,0.244696,0.453158,0.436613,0.565534,0.168265,0.530382,0.207222,0.000000,1.015443,0.647846,0.709617,0.168095,0.270558,0.404174,0.263556,0.251272,0.188513,0.104749,0.049002,0.904722,0.867074,0.369292,0.162337,0.832991,0.682391,0.219142,0.162425,0.412844,0.294070,0.357066,0.263209,0.373611,0.328039,0.627272,0.592040,0.603798,0.608465,0.612259,0.601177,0.609231,0.547090,0.692866,0.500268,0.691159,0.519583,0.553245,0.501217,0.811175,0.706148,0.712335,0.650707,0.672933,0.567132,0.799678,0.647456,0.193852,0.248609,0.622115,0.511308,0.653083,0.364551,0.304098,0.283594,0.351139,0.359211,0.167521,0.173172,0.521026,0.516678,0.716062,0.718844,1.012684,0.812160,0.752113,0.737938,0.599263,0.592610,0.313105,0.348716,0.493632,0.638453
0.752458,0.886886,0.357448,0.480624,0.271324,0.278873,0.586060,0.557676,0.343861,0.301021,0.240788,0.388399,0.417002,0.144268,0.399684,0.177166,1.015443,0.000000,0.513978,0.746155,0.122534,0.269626,0.298800,0.196743,0.197447,0.226248,0.081788,0.053948,0.855745,0.939803,0.342343,0.167143,0.898142,0.764221,0.205579,0.231230,0.373397,0.324888,0.331399,0.329383,0.323667,0.342287,0.644536,0.695298,0.635069,0.709446,0.635076,0.682155,0.676665,0.648882,0.722039,0.559119,0.753765,0.562202,0.597669,0.617281,0.939157,0.951118,0.882138,0.792260,0.769346,0.711648,0.930769,0.927428,0.111173,0.244381,0.770917,0.658557,0.698712,0.429225,0.277869,0.302050,0.355554,0.430150,0.223330,0.207721,0.555365,0.539421,0.758505,0.888569,1.065850,1.083296,0.569485,0.743506,0.489975,0.593954,0.278803,0.390189,0.564997,0.781921
0.735839,0.697927,0.613694,0.761499,0.251755,0.192709,0.621944,0.661864,0.223021,0.246006,0.637806,0.646700,0.460958,0.223083,0.588578,0.282060,0.647846,0.513978,0.000000,0.867597,0.135465,0.265397,0.724748,0.612465,0.384916,0.292720,0.143107,0.161050,0.555511,0.632795,0.550645,0.346390,0.610823,0.595429,0.405246,0.224426,0.284529,0.137464,0.244205,0.272193,0.273984,0.176156,0.488322,0.369933,0.407682,0.345262,0.443142,0.424856,0.496411,0.322407,0.507992,0.361757,0.444984,0.277223,0.350692,0.304812,0.439976,0.618780,0.449318,0.512183,0.558543,0.634981,0.513393,0.455408,0.560869,0.510599,0.516130,0.457697,0.540544,0.392983,0.412241,0.344368,0.282055,0.328391,0.118473,0.142873,0.392792,0.400569,0.361963,0.407166,0.469840,0.424242,0.462686,0.408123,0.671719,0.617371,0.205991,0.253709,0.463017,0.439051
0.836539,0.930044,0.450421,0.628450,0.341911,0.361230,0.586759,0.590220,0.253219,0.314879,0.404297,0.464323,0.442549,0.232568,0.417842,0.218313,0.709617,0.746155,0.867597,0.000000,0.143915,0.242794,0.474208,0.395740,0.301479,0.348220,0.072636,0.158693,0.679477,0.695751,0.436459,0.325806,0.760883,0.863768,0.302669,0.244088,0.262885,0.192051,0.267543,0.272536,0.231572,0.205808,0.518593,0.502747,0.537628,0.538509,0.536429,0.585633,0.630226,0.471603,0.594983,0.418628,0.552814,0.364934,0.404371,0.446508,0.681430,0.901863,0.681933,0.743207,0.627784,0.710621,0.630784,0.682076,0.266713,0.367599,0.700435,0.604831,0.804577,0.562131,0.446163,0.396319,0.469608,0.470593,0.293009,0.303305,0.488745,0.498931,0.429304,0.583188,0.655085,0.666076,0.447520,0.431216,0.542597,0.593946,0.227795,0.267274,0.448854,0.574940
0.145959,0.163208,0.114408,0.186404,0.100153,0.164138,0.140322,0.166855,0.036279,0.089465,0.143280,0.209024,0.186084,0.247163,0.164204,0.243275,0.168095,0.122534,0.135465,0.143915,0.000000,0.377651,0.108542,0.109893,0.223505,0.209326,0.266375,0.126687,0.153184,0.224664,0.246959,0.169088,0.210752,0.267424,0.133738,0.084535,0.159718,0.254149,0.153076,0.293891,0.204462,0.174526,0.132480,0.106079,0.160268,0.125000,0.106126,0.091126,0.066192,0.084463,0.122736,0.094940,0.125956,0.072880,0.120039,0.190850,0.113153,0.209242,0.166388,0.154570,0.099120,0.164404,0.127288,0.116639,0.072726,0.116544,0.114419,0.140843,0.095273,0.106037,0.328521,0.288698,0.234572,0.223583,0.076495,0.052552,0.224919,0.201254,0.199870,0.220665,0.173172,0.144992,0.204965,0.121454,0.220991,0.241629,-0.011767,0.018624,0.170821,0.175765
0.167011,0.295403,0.206974,0.281656,0.115816,0.141404,0.149253,0.245616,0.002180,0.070323,0.232044,0.372104,0.285291,0.392640,0.258513,0.419920,0.270558,0.269626,0.265397,0.242794,0.377651,0.000000,0.240647,0.252588,0.259796,0.205877,0.304796,0.276477,0.317809,0.449676,0.370309,0.282730,0.360721,0.332734,0.264256,0.107049,0.160493,0.319752,0.259600,0.494326,0.228285,0.291861,0.298321,0.196129,0.349817,0.224152,0.244429,0.151345,0.148693,0.142196,0.208777,0.193650,0.155115,0.055651,0.253806,0.243116,0.188042,0.332449,0.192778,0.233871,0.185655,0.337836,0.237101,0.319434,0.193106,0.206330,0.168143,0.191971,0.107707,0.026559,0.316852,0.308063,0.191395,0.238290,0.035562,0.115938,0.129505,0.215027,0.341492,0.461186,0.282690,0.279043,0.348002,0.197842,0.356493,0.384841,0.079608,-0.021732,0.241706,0.223554
0.340415,0.347643,0.844606,0.846512,0.212462,0.157691,0.442835,0.484034,0.128253,0.171138,0.872291,0.770657,0.421967,0.146109,0.751878,0.357853,0.404174,0.298800,0.724748,0.474208,0.108542,0.240647,0.000000,1.143596,0.634769,0.284060,0.206567,0.211158,0.432203,0.495174,0.818688,0.471027,0.389961,0.393017,0.367801,0.165503,0.233468,0.110771,0.376404,0.295395,0.212220,0.275124,0.390291,0.214310,0.248631,0.152588,0.347924,0.235737,0.200634,0.135981,0.466846,0.422782,0.300211,0.310075,0.291424,0.188134,0.210248,0.360896,0.089903,0.109833,0.208474,0.294157,0.212846,0.180715,0.658746,0.572780,0.201689,0.195298,0.189353,0.127682,0.270480,0.228569,0.213787,0.182813,0.043603,0.090615,0.195137,0.213364,0.190262,0.230598,0.219063,0.176410,0.421940,0.343423,0.734800,0.561225,0.411801,0.419969,0.281897,0.217129
0.244462,0.316240,0.794079,0.861568,0.086102,0.023458,0.318077,0.430356,0.015465,0.061185,0.827273,0.776432,0.323127,0.131448,0.676494,0.357748,0.263556,0.196743,0.612465,0.395740,0.109893,0.252588,1.143596,0.000000,0.592599,0.298048,0.224287,0.204189,0.307481,0.427381,0.760584,0.539394,0.309338,0.344165,0.389389,0.154587,0.156964,0.063194,0.334003,0.339235,0.187778,0.255180,0.338909,0.147648,0.201885,0.079412,0.288001,0.160531,0.095048,0.022547,0.387829,0.355523,0.246697,0.190869,0.229772,0.085192,0.137106,0.324178,0.017848,0.066299,0.096236,0.240604,0.120004,0.132545,0.695255,0.603941,0.139992,0.119751,0.082979,0.065490,0.265107,0.183910,0.217711,0.190673,-0.026000,0.056580,0.145321,0.152873,0.159852,0.195145,0.110788,0.063790,0.299261,0.226080,0.691970,0.538374,0.346928,0.331421,0.175634,0.113033
0.153709,0.172021,0.426859,0.452366,0.446953,0.342310,0.210462,0.209413,0.177832,0.169234,0.462046,0.313785,0.131952,0.046866,0.489097,0.239029,0.251272,0.197447,0.384916,0.301479,0.223505,0.259796,0.634769,0.592599,0.000000,0.769366,0.369067,0.229366,0.361769,0.411151,0.728882,0.639824,0.351761,0.484315,0.285978,0.167881,0.211529,0.103315,0.372458,0.270896,0.216320,0.137842,0.346962,0.271395,0.304420,0.213217,0.388356,0.298623,0.109091,0.116863,0.387563,0.379381,0.236600,0.238216,0.322397,0.291963,0.140442,0.201262,0.034988,0.103690,0.103993,0.139395,0.155593,0.144083,0.417726,0.391628,0.226503,0.189383,0.086125,0.083594,0.385358,0.302232,0.276561,0.218222,0.115428,0.129148,0.241635,0.255936,0.168667,0.223134,0.214016,0.174966,0.306443,0.148367,0.529865,0.484180,0.352748,0.258813,0.089995,0.124768
0.223245,0.250512,0.218919,0.322174,0.595429,0.584322,0.155966,0.190844,0.210557,0.287641,0.190828,0.111601,0.016420,0.015742,0.290160,0.116626,0.188513,0.226248,0.292720,0.348220,0.209326,0.205877,0.284060,0.298048,0.769366,0.000000,0.342139,0.246965,0.326587,0.421548,0.536855,0.704088,0.358499,0.521912,0.221112,0.122105,0.157129,0.134904,0.252262,0.272495,0.134486,0.119731,0.333436,0.304070,0.354172,0.312864,0.418071,0.322608,0.204856,0.209065,0.323702,0.331322,0.309106,0.129710,0.357567,0.341819,0.172736,0.266984,0.192033,0.294619,0.216485,0.262648,0.281231,0.314224,0.271766,0.322455,0.325535,0.281992,0.142587,0.108907,0.307395,0.303293,0.284054,0.256218,0.167917,0.132370,0.237353,0.245965,0.183533,0.270169,0.266040,0.264877,0.205058,0.050568,0.362536,0.366655,0.222450,0.216707,0.155392,0.193404
0.099897,0.107834,0.095739,0.188100,0.264322,0.196682,0.036846,0.047369,0.072560,0.028809,0.196071,0.216862,0.077875,0.110587,0.327414,0.177647,0.104749,0.081788,0.143107,0.072636,0.266375,0.304796,0.206567,0.224287,0.369067,0.342139,0.000000,0.302856,0.111530,0.235392,0.289633,0.292745,0.227784,0.216195,0.174817,0.083330,0.122453,0.232965,0.294645,0.373802,0.199724,0.187209,0.198852,0.130118,0.199223,0.093658,0.191277,0.069985,0.086666,0.097960,0.144660,0.197400,0.110387,0.062346,0.200062,0.156383,0.050006,0.120295,0.032384,0.118616,0.075618,0.099638,0.110200,0.146279,0.246305,0.189924,0.112465,0.023629,-0.030341,-0.039576,0.079986,0.062617,-0.003940,0.055355,-0.114894,-0.063827,0.028572,0.085103,0.243235,0.248356,0.130790,0.101799,0.257324,0.085192,0.282584,0.345728,0.171927,0.057005,0.108653,0.172080
0.104068,0.116957,0.117723,0.202677,0.160563,0.211523,0.045396,0.145202,-0.041315,0.079570,0.173458,0.266557,0.178563,0.342837,0.167061,0.440178,0.049002,0.053948,0.161050,0.158693,0.126687,0.276477,0.211158,0.204189,0.229366,0.246965,0.302856,0.000000,0.132710,0.195986,0.277238,0.283401,0.201119,0.165286,0.205903,-0.006247,0.145160,0.197238,0.269949,0.387548,0.113523,0.183991,0.120237,0.067998,0.085260,0.038871,0.145880,0.057975,0.074798,0.029022,0.118998,0.103606,0.129699,0.024014,0.126502,0.140147,0.019298,0.132975,-0.012558,0.056051,0.038129,0.123433,0.070667,0.118238,0.221942,0.152282,0.049075,0.030752,0.001300,-0.019209,0.196603,0.164221,0.133601,0.172734,0.090674,0.086814,-0.028372,0.061789,0.143758,0.211624,0.097702,0.091283,0.091100,-0.043111,0.253171,0.248055,0.122944,0.016631,0.105809,0.080572
0.703600,0.626893,0.415368,0.458000,0.355505,0.290839,0.549494,0.506452,0.266303,0.223084,0.407376,0.365993,0.516307,0.198811,0.486814,0.251914,0.904722,0.855745,0.555511,0.679477,0.153184,0.317809,0.432203,0.307481,0.361769,0.326587,0.111530,0.132710,0.000000,1.103034,0.586115,0.429823,0.889414,0.749929,0.193004,0.173132,0.332298,0.206341,0.502835,0.334284,0.364972,0.364260,0.597696,0.559011,0.579637,0.592213,0.624565,0.494344,0.607704,0.548837,0.760340,0.502030,0.668642,0.464433,0.627162,0.469104,0.706382,0.705094,0.573299,0.566791,0.674835,0.715564,0.904408,0.776474,0.331037,0.364509,0.559619,0.463226,0.480768,0.263501,0.360264,0.316448,0.455259,0.419455,0.224327,0.239224,0.402463,0.414962,0.648220,0.787501,0.930378,0.811430,0.652352,0.527535,0.607765,0.571620,0.406123,0.396027,0.449771,0.493786
0.663657,0.699044,0.469185,0.587103,0.383735,0.345745,0.526801,0.572990,0.279068,0.298670,0.480992,0.563866,0.487064,0.263137,0.558334,0.368741,0.867074,0.939803,0.632795,0.695751,0.224664,0.449676,0.495174,0.427381,0.411151,0.421548,0.235392,0.195986,1.103034,0.000000,0.645650,0.442329,0.929617,0.800547,0.299814,0.182176,0.384556,0.340913,0.565092,0.527510,0.339084,0.425265,0.658542,0.650649,0.715640,0.635058,0.690389,0.581524,0.579681,0.527665,0.744243,0.590660,0.634263,0.491273,0.672386,0.594785,0.602806,0.782107,0.576988,0.658763,0.660048,0.851365,0.846737,0.896291,0.417442,0.502046,0.586896,0.530226,0.445843,0.297774,0.360003,0.314653,0.337690,0.368287,0.114143,0.160403,0.410524,0.451458,0.633471,1.000363,0.919664,0.937438,0.772913,0.645861,0.742726,0.836976,0.372777,0.376485,0.538202,0.607802
0.292302,0.308324,0.603464,0.628066,0.306618,0.263510,0.288415,0.386123,0.099012,0.157071,0.675244,0.562208,0.299946,0.211394,0.576604,0.408166,0.369292,0.342343,0.550645,0.436459,0.246959,0.370309,0.818688,0.760584,0.728882,0.536855,0.289633,0.277238,0.586115,0.645650,0.000000,0.728131,0.482083,0.564980,0.343240,0.172343,0.250712,0.168978,0.443919,0.434284,0.223738,0.274238,0.454125,0.344362,0.381694,0.266021,0.499623,0.303266,0.204005,0.195668,0.508886,0.415841,0.360955,0.294651,0.406203,0.312587,0.269527,0.376280,0.150587,0.190567,0.250513,0.346618,0.317506,0.288079,0.538597,0.508494,0.309578,0.264148,0.142547,0.100728,0.426879,0.364207,0.331234,0.295293,0.134881,0.158911,0.224733,0.255682,0.264772,0.383877,0.312559,0.299490,0.361097,0.223334,0.716781,0.550360,0.374188,0.313464,0.244846,0.180819
0.172980,0.267011,0.230205,0.322589,0.303843,0.281287,0.021696,0.126520,-0.090035,0.007762,0.384881,0.244286,0.111374,0.143169,0.294861,0.260430,0.162337,0.167143,0.346390,0.325806,0.169088,0.282730,0.471027,0.539394,0.639824,0.704088,0.292745,0.283401,0.429823,0.442329,0.728131,0.000000,0.346781,0.469608,0.192801,0.137926,0.128537,0.121095,0.294417,0.319967,0.182697,0.191870,0.336481,0.250084,0.261553,0.180477,0.386236,0.186134,0.155112,0.128554,0.368144,0.269758,0.297082,0.100539,0.428157,0.308807,0.191021,0.308805,0.092219,0.181952,0.195295,0.284813,0.256243,0.268990,0.432544,0.324747,0.164952,0.077079,0.093198,0.053918,0.328084,0.355912,0.346141,0.343422,0.151693,0.130513,0.171489,0.179067,0.230170,0.267504,0.192851,0.124952,0.069222,-0.097211,0.450641,0.369923,0.199236,0.188472,0.044399,-0.006013
0.803976,0.803510,0.441811,0.562048,0.325153,0.268837,0.590872,0.563278,0.298622,0.215092,0.334850,0.389294,0.431595,0.244367,0.456328,0.260319,0.832991,0.898142,0.610823,0.760883,0.210752,0.360721,0.389961,0.309338,0.351761,0.358499,0.227784,0.201119,0.889414,0.929617,0.482083,0.346781,0.000000,0.996862,0.284428,0.200799,0.389397,0.395230,0.400218,0.444652,0.362007,0.394577,0.664804,0.675720,0.692934,0.715554,0.706473,0.674779,0.648170,0.544024,0.714118,0.567589,0.659785,0.471477,0.512023,0.561743,0.848397,0.877833,0.831992,0.763820,0.637019,0.691248,0.767264,0.819917,0.218109,0.329928,0.760193,0.618989,0.610686,0.391278,0.417404,0.398627,0.431059,0.456489,0.217001,0.234316,0.540838,0.545648,0.679378,0.928855,0.939133,0.907264,0.617262,0.538457,0.599904,0.754504,0.291895,0.265180,0.502584,0.633319
0.697594,0.816404,0.434243,0.585142,0.357893,0.317760,0.533837,0.538919,0.264287,0.201395,0.321764,0.314214,0.343723,0.217717,0.394220,0.215991,0.682391,0.764221,0.595429,0.863768,0.267424,0.332734,0.393017,0.344165,0.484315,0.521912,0.216195,0.165286,0.749929,0.800547,0.564980,0.469608,0.996862,0.000000,0.311964,0.275435,0.290622,0.306459,0.309158,0.394375,0.268942,0.294292,0.660994,0.639289,0.662135,0.696087,0.665105,0.681567,0.563939,0.520224,0.675256,0.561121,0.593328,0.405278,0.471304,0.566294,0.696000,0.895348,0.702557,0.816103,0.550542,0.614544,0.652726,0.747469,0.234659,0.408644,0.799272,0.690805,0.572867,0.422842,0.476222,0.485518,0.570088,0.532115,0.286071,0.291823,0.651743,0.629752,0.515445,0.668524,0.725076,0.704996,0.452836,0.394626,0.543467,0.655949,0.264126,0.284650,0.409183,0.543970
0.294392,0.264138,0.383983,0.469814,0.185635,0.126975,0.393015,0.439225,0.182366,0.182546,0.222273,0.315541,0.280976,0.180479,0.339753,0.245255,0.219142,0.205579,0.405246,0.302669,0.133738,0.264256,0.367801,0.389389,0.285978,0.221112,0.174817,0.205903,0.193004,0.299814,0.343240,0.192801,0.284428,0.311964,0.000000,0.228459,0.183713,0.110892,0.152224,0.232189,0.096863,0.155364,0.303288,0.209581,0.292580,0.245678,0.293161,0.301597,0.244504,0.183896,0.283085,0.298603,0.263372,0.147840,0.217994,0.159171,0.147081,0.229374,0.189141,0.216280,0.231137,0.337641,0.226566,0.242164,0.390802,0.405705,0.295748,0.288085,0.118773,0.085566,0.225496,0.179341,0.108288,0.163629,0.038554,0.099466,0.200295,0.211442,0.181831,0.188744,0.190062,0.183944,0.196258,0.165156,0.343866,0.339589,0.168389,0.174101,0.295335,0.184195
0.222929,0.276173,0.162502,0.243145,0.126504,0.083615,0.208425,0.219011,0.100450,0.075730,0.141757,0.171026,0.128061,0.061366,0.097065,0.075914,0.162425,0.231230,0.224426,0.244088,0.084535,0.107049,0.165503,0.154587,0.167881,0.122105,0.083330,-0.006247,0.173132,0.182176,0.172343,0.137926,0.200799,0.275435,0.228459,0.000000,0.101834,0.147173,0.099449,0.105404,0.048060,0.095770,0.245318,0.253181,0.201405,0.232673,0.241298,0.263104,0.211914,0.213943,0.240638,0.250139,0.202232,0.192920,0.259985,0.206177,0.147875,0.281466,0.206098,0.238000,0.182715,0.202964,0.196847,0.227707,0.104302,0.165208,0.252011,0.257725,0.175193,0.166506,0.195830,0.143384,0.154688,0.200121,0.095826,0.124125,0.150409,0.207340,0.080675,0.169042,0.177421,0.207593,0.080334,0.143505,0.152327,0.227031,0.112456,0.145263,0.153258,0.198761
0.282850,0.255368,0.217061,0.238088,0.164389,0.142373,0.248920,0.210643,0.106203,0.130685,0.299058,0.310951,0.239495,0.134050,0.318653,0.146641,0.412844,0.373397,0.284529,0.262885,0.159718,0.160493,0.233468,0.156964,0.211529,0.157129,0.122453,0.145160,0.332298,0.384556,0.250712,0.128537,0.389397,0.290622,0.183713,0.101834,0.000000,0.272886,0.289088,0.272563,0.363525,0.223203,0.299549,0.292428,0.233113,0.200202,0.334184,0.282821,0.259538,0.208286,0.313957,0.252868,0.304065,0.243842,0.330827,0.287089,0.291576,0.282870,0.277106,0.230523,0.223097,0.245475,0.279120,0.255718,0.096943,0.088181,0.236868,0.191775,0.299516,0.201421,0.252646,0.281013,0.228669,0.188532,0.028303,0.058234,0.286617,0.286811,0.345733,0.394144,0.417142,0.369899,0.296664,0.331819,0.372407,0.353443,0.151009,0.166584,0.286667,0.390735
0.263236,0.286350,0.083828,0.149846,0.055425,0.155771,0.174610,0.177420,0.061451,0.085821,0.134653,0.277342,0.270324,0.319207,0.200429,0.280440,0.294070,0.324888,0.137464,0.192051,0.254149,0.319752,0.110771,0.063194,0.103315,0.134904,0.232965,0.197238,0.206341,0.340913,0.168978,0.121095,0.395230,0.306459,0.110892,0.147173,0.272886,0.000000,0.225319,0.468447,0.210017,0.263375,0.282972,0.344591,0.265133,0.243739,0.305332,0.273796,0.275034,0.271912,0.245516,0.308414,0.265824,0.224499,0.285057,0.410216,0.223096,0.303801,0.281964,0.294072,0.180857,0.260833,0.239903,0.312053,0.001168,0.060966,0.240742,0.210473,0.225280,0.208216,0.168948,0.258072,0.103229,0.177269,0.032974,0.035133,0.222174,0.244714,0.313861,0.406456,0.367865,0.414075,0.287410,0.262988,0.257470,0.388698,0.089337,0.021020,0.294238,0.392104
0.237416,0.191612,0.211007,0.273275,0.219034,0.193658,0.132497,0.176890,0.124751,0.151982,0.328827,0.334052,0.260418,0.150974,0.384370,0.269499,0.357066,0.331399,0.244205,0.267543,0.153076,0.259600,0.376404,0.334003,0.372458,0.252262,0.294645,0.269949,0.502835,0.565092,0.443919,0.294417,0.400218,0.309158,0.152224,0.099449,0.289088,0.225319,0.000000,0.383485,0.329975,0.338369,0.351836,0.393975,0.331053,0.248269,0.401711,0.272611,0.283268,0.296865,0.451760,0.446998,0.338553,0.344958,0.473139,0.348041,0.254018,0.262909,0.125324,0.139205,0.222988,0.292150,0.319390,0.308409,0.279110,0.265086,0.208150,0.134332,0.132403,0.065446,0.148936,0.133315,0.111706,0.112360,0.009976,0.069254,0.130303,0.183966,0.336821,0.471665,0.350108,0.367360,0.500334,0.335929,0.427720,0.501645,0.333246,0.207283,0.171435,0.249072
0.266493,0.377603,0.264496,0.358374,0.155233,0.175389,0.213349,0.303906,0.024019,0.077051,0.245411,0.437869,0.308132,0.433246,0.288642,0.492366,0.263209,0.329383,0.272193,0.272536,0.293891,0.494326,0.295395,0.339235,0.270896,0.272495,0.373802,0.387548,0.334284,0.527510,0.434284,0.319967,0.444652,0.394375,0.232189,0.105404,0.272563,0.468447,0.383485,0.000000,0.242657,0.412747,0.414055,0.356832,0.342595,0.265397,0.356639,0.243150,0.240842,0.254857,0.332620,0.377247,0.297186,0.231739,0.316054,0.407187,0.261521,0.411703,0.212191,0.270280,0.243315,0.381412,0.300983,0.393996,0.181233,0.237148,0.229220,0.186057,0.149351,0.092656,0.333069,0.285716,0.212761,0.292560,0.008080,0.045571,0.181846,0.283401,0.374983,0.479566,0.325028,0.327961,0.329927,0.233073,0.391381,0.489438,0.162581,0.074310,0.313523,0.322202
0.280145,0.248053,0.119612,0.138736,0.073778,0.110927,0.185406,0.127751,0.091668,0.014669,0.256816,0.176357,0.266481,0.105670,0.255888,0.112389,0.373611,0.323667,0.273984,0.231572,0.204462,0.228285,0.212220,0.187778,0.216320,0.134486,0.199724,0.113523,0.364972,0.339084,0.223738,0.182697,0.362007,0.268942,0.096863,0.048060,0.363525,0.210017,0.329975,0.242657,0.000000,0.246485,0.303518,0.267760,0.249276,0.236788,0.320822,0.227470,0.266221,0.287639,0.367711,0.292415,0.323964,0.295632,0.335910,0.281126,0.288660,0.254109,0.196270,0.220842,0.211470,0.191284,0.298293,0.217658,0.167377,0.115409,0.217006,0.135011,0.211639,0.107713,0.249734,0.212504,0.211608,0.206416,-0.021910,0.033223,0.163338,0.267535,0.375248,0.351141,0.390840,0.304198,0.345202,0.257188,0.357707,0.345033,0.160127,0.135207,0.140024,0.215144
0.246053,0.308208,0.183159,0.269400,0.034964,0.065788,0.182696,0.215696,0.026237,-0.033381,0.255742,0.335121,0.285212,0.248980,0.262311,0.279709,0.328039,0.342287,0.176156,0.205808,0.174526,0.291861,0.275124,0.255180,0.137842,0.119731,0.187209,0.183991,0.364260,0.425265,0.274238,0.191870,0.394577,0.294292,0.155364,0.095770,0.223203,0.263375,0.338369,0.412747,0.246485,0.000000,0.265474,0.238779,0.262972,0.244556,0.275886,0.203753,0.238402,0.262890,0.339001,0.330443,0.299175,0.256837,0.299334,0.243699,0.264233,0.340865,0.197374,0.194010,0.221579,0.264572,0.268210,0.318568,0.200174,0.241848,0.188397,0.175897,0.163919,0.078311,0.189154,0.173714,0.214340,0.199779,0.007234,0.087599,0.153262,0.228742,0.283591,0.386172,0.315409,0.362217,0.327659,0.231648,0.377869,0.404690,0.200422,0.111820,0.252845,0.253039
0.557098,0.586108,0.474135,0.550007,0.245932,0.174938,0.493432,0.460226,0.227898,0.170279,0.319917,0.362874,0.370840,0.166888,0.382717,0.210121,0.627272,0.644536,0.488322,0.518593,0.132480,0.298321,0.390291,0.338909,0.346962,0.333436,0.198852,0.120237,0.597696,0.658542,0.454125,0.336481,0.664804,0.660994,0.303288,0.245318,0.299549,0.282972,0.351836,0.414055,0.303518,0.265474,0.000000,1.090914,1.031872,0.906137,1.140216,0.950160,0.783906,0.630303,0.875629,0.669300,0.622769,0.358702,0.686387,0.564960,0.585409,0.576159,0.548171,0.558109,0.495655,0.479047,0.643924,0.590604,0.259370,0.245637,0.693814,0.610540,0.381442,0.188792,0.280979,0.234226,0.275176,0.300176,0.089100,0.080233,0.399103,0.441298,0.557470,0.515078,0.690829,0.556336,0.478607,0.438575,0.554534,0.567745,0.253118,0.255385,0.337742,0.455927
0.539404,0.577889,0.288405,0.373961,0.261684,0.230291,0.417078,0.336303,0.256030,0.160131,0.232222,0.250093,0.332162,0.154251,0.276259,0.189279,0.592040,0.695298,0.369933,0.502747,0.106079,0.196129,0.214310,0.147648,0.271395,0.304070,0.130118,0.067998,0.559011,0.650649,0.344362,0.250084,0.675720,0.639289,0.209581,0.253181,0.292428,0.344591,0.393975,0.356832,0.267760,0.238779,1.090914,0.000000,0.936513,1.056511,1.066744,1.139307,0.797910,0.812833,0.840487,0.793979,0.615207,0.478172,0.706290,0.709300,0.624072,0.581074,0.582654,0.635898,0.448516,0.420331,0.604291,0.632411,0.105468,0.194069,0.766289,0.700432,0.454016,0.298575,0.238984,0.272337,0.228171,0.298501,0.085611,0.125988,0.412050,0.454647,0.450446,0.561135,0.696027,0.720324,0.466409,0.456825,0.419111,0.574425,0.215325,0.151839,0.309334,0.530612
0.614190,0.509833,0.430319,0.531751,0.354481,0.297868,0.566120,0.511933,0.340842,0.225655,0.232763,0.281960,0.329223,0.164254,0.274626,0.178054,0.603798,0.635069,0.407682,0.537628,0.160268,0.349817,0.248631,0.201885,0.304420,0.354172,0.199223,0.085260,0.579637,0.715640,0.381694,0.261553,0.692934,0.662135,0.292580,0.201405,0.233113,0.265133,0.331053,0.342595,0.249276,0.262972,1.031872,0.936513,0.000000,1.230429,0.969933,0.887742,0.870279,0.774401,0.899135,0.736214,0.526922,0.362143,0.615277,0.531444,0.560786,0.480368,0.586484,0.599124,0.486496,0.531707,0.631534,0.615547,0.249976,0.385742,0.832335,0.815754,0.381088,0.193592,0.196558,0.181655,0.183249,0.221067,0.056713,0.081493,0.360245,0.421122,0.451189,0.598493,0.709227,0.660621,0.605696,0.537018,0.542708,0.582356,0.198322,0.217391,0.394844,0.523273
0.697542,0.635428,0.341750,0.449651,0.324456,0.330229,0.610778,0.530258,0.414911,0.251602,0.108605,0.166842,0.336496,0.169752,0.230328,0.122322,0.608465,0.709446,0.345262,0.538509,0.125000,0.224152,0.152588,0.079412,0.213217,0.312864,0.093658,0.038871,0.592213,0.635058,0.266021,0.180477,0.715554,0.696087,0.245678,0.232673,0.200202,0.243739,0.248269,0.265397,0.236788,0.244556,0.906137,1.056511,1.230429,0.000000,0.873478,0.980122,0.976069,1.010012,0.870509,0.826694,0.623457,0.456690,0.551233,0.569216,0.647549,0.580845,0.713765,0.777865,0.572856,0.532223,0.711726,0.706744,0.134117,0.337435,0.961707,1.012814,0.458815,0.324477,0.220885,0.193537,0.226986,0.257271,0.136156,0.117331,0.434060,0.470812,0.408798,0.560505,0.792735,0.769041,0.519223,0.511726,0.400254,0.511438,0.217177,0.211530,0.473101,0.638142
0.561925,0.553834,0.373538,0.469772,0.333179,0.263321,0.416430,0.377022,0.215303,0.165040,0.296875,0.291076,0.317633,0.133060,0.375631,0.187767,0.612259,0.635076,0.443142,0.536429,0.106126,0.244429,0.347924,0.288001,0.388356,0.418071,0.191277,0.145880,0.624565,0.690389,0.499623,0.386236,0.706473,0.665105,0.293161,0.241298,0.334184,0.305332,0.401711,0.356639,0.320822,0.275886,1.140216,1.066744,0.969933,0.873478,0.000000,1.048077,0.745465,0.660569,0.876894,0.742090,0.664509,0.483184,0.782517,0.642439,0.613856,0.548372,0.543666,0.546064,0.500484,0.447489,0.642799,0.572623,0.273973,0.267033,0.689377,0.595022,0.450284,0.276162,0.277314,0.270137,0.275755,0.302186,0.117065,0.104801,0.397379,0.489263,0.499305,0.589603,0.755090,0.661247,0.461561,0.407430,0.587864,0.606780,0.306685,0.246473,0.327013,0.448951
0.582547,0.617332,0.320680,0.406483,0.291170,0.267993,0.505761,0.423034,0.339302,0.248319,0.179281,0.227853,0.271458,0.090357,0.265461,0.103907,0.601177,0.682155,0.424856,0.585633,0.091126,0.151345,0.235737,0.160531,0.298623,0.322608,0.069985,0.057975,0.494344,0.581524,0.303266,0.186134,0.674779,0.681567,0.301597,0.263104,0.282821,0.273796,0.272611,0.243150,0.227470,0.203753,0.950160,1.139307,0.887742,0.980122,1.048077,0.000000,0.751945,0.706343,0.674549,0.726688,0.537606,0.480156,0.512495,0.623388,0.600129,0.628682,0.673948,0.710398,0.466478,0.440645,0.578264,0.589747,0.071666,0.223791,0.836970,0.809869,0.532852,0.393693,0.232760,0.251427,0.237902,0.273708,0.127143,0.155590,0.460252,0.509393,0.399978,0.495078,0.695732,0.725653,0.463190,0.524570,0.356822,0.506799,0.229974,0.245353,0.329541,0.568162
1.011455,0.739554,0.313327,0.432684,0.266613,0.283084,0.663502,0.536578,0.395459,0.240662,0.108432,0.241482,0.486261,0.235800,0.267930,0.129530,0.609231,0.676665,0.496411,0.630226,0.066192,0.148693,0.200634,0.095048,0.109091,0.204856,0.086666,0.074798,0.607704,0.579681,0.204005,0.155112,0.648170,0.563939,0.244504,0.211914,0.259538,0.275034,0.283268,0.240842,0.266221,0.238402,0.783906,0.797910,0.870279,0.976069,0.745465,0.751945,0.000000,1.110339,1.022964,0.722482,0.796697,0.425535,0.610467,0.537611,0.655852,0.565121,0.728766,0.745077,0.750263,0.640821,0.834496,0.763352,0.225816,0.260786,0.872911,0.748534,0.603349,0.385875,0.194518,0.169461,0.240682,0.292032,0.126060,0.132592,0.434354,0.451894,0.466187,0.521168,0.753540,0.673284,0.440717,0.452034,0.378997,0.498253,0.150356,0.190205,0.576571,0.719532
