0.000000,1.482378,0.995939,0.758599,0.770568,0.769898,0.924946,0.898883,0.668166,0.649869,0.682608,0.769028,0.826416,0.684891,0.703088,0.608467,1.078910,0.778320,1.081357,1.035436,0.216696,0.356649,0.509533,0.520626,0.424032,0.520700,0.441793,0.407072,0.409706,0.222035,0.510550,0.424909,1.147991,1.051329,0.486000,0.539969,0.403293,0.643711,0.441122,0.309211,0.317982,0.384723,0.626659,0.792747,0.784641,0.742556,0.772718,0.865780,0.753344,0.705280,0.866027,0.684582,0.797552,0.694233,0.775249,0.835217,1.489054,1.014418,1.191484,0.823500,1.081209,0.812138,1.149172,0.920969,0.551318,0.768510,1.157691,0.758370,1.317304,1.063981,0.299070,0.534371,0.765461,0.654688,0.619946,0.497156,0.934429,0.919977,0.382011,0.144225,0.914687,0.756375,0.454867,0.342391,0.926941,0.618761,0.760005,0.559314,0.807838,0.924494
1.482378,0.000000,0.884869,0.794607,0.723509,0.764168,0.889171,0.974047,0.640973,0.547430,0.658483,0.909352,0.834915,0.834360,0.653477,0.685279,1.013982,0.968555,1.218231,1.195337,0.211629,0.385324,0.493605,0.495456,0.322784,0.487119,0.363410,0.365461,0.453563,0.340754,0.536169,0.443730,1.317300,1.224011,0.409218,0.524569,0.372666,0.717991,0.440122,0.304312,0.301400,0.489401,0.622880,0.880679,0.929216,0.999200,0.801642,0.865009,0.786054,0.827532,0.822540,0.801879,0.706259,0.697710,0.693139,0.919799,1.142065,1.009159,0.973434,0.904098,1.019066,0.907622,1.215089,1.198195,0.502573,0.945912,1.091259,0.954082,1.169675,1.127784,0.393941,0.491336,0.634413,0.719771,0.708142,0.441579,0.967560,1.114937,0.416177,0.248558,0.885959,0.877659,0.377486,0.326067,0.832349,0.710526,0.699415,0.490313,0.668416,0.902683
0.995939,0.884869,0.000000,1.274833,0.903035,0.677396,1.174026,1.041265,0.799926,0.659924,0.638655,0.631785,0.720389,0.738384,0.764727,0.791030,0.640439,0.574739,1.106001,1.075055,0.367613,0.478908,1.016717,0.980915,0.765869,0.745570,0.415896,0.441381,0.402240,0.275810,0.874242,0.697644,0.971203,0.971954,0.803160,0.689846,0.313307,0.465628,0.396178,0.282940,0.243283,0.219399,0.516835,0.620282,0.673740,0.508344,0.578443,0.695363,0.493084,0.466735,0.822184,0.675224,0.659350,0.744716,0.532733,0.573277,0.794114,0.626912,0.801803,0.517407,0.750429,0.667539,0.784117,0.722589,0.875421,0.789283,1.104201,0.731109,0.900748,1.015954,0.388032,0.758041,0.582462,0.508542,0.579531,0.492324,0.791844,0.789975,0.391786,0.187476,0.714473,0.623252,0.296426,0.159281,1.039439,0.692178,0.606679,0.352055,1.075174,1.182268
0.758599,0.794607,1.274833,0.000000,0.707487,0.621760,1.041666,1.303620,0.724800,0.564461,0.649969,0.678363,0.783364,0.900358,0.659026,0.900005,0.593429,0.587089,1.006710,1.114833,0.167039,0.358918,1.029052,1.102480,0.697799,0.770972,0.233226,0.248487,0.422576,0.340823,0.852996,0.775034,0.836981,0.999240,0.878610,0.864607,0.260946,0.320773,0.293548,0.209974,0.176635,0.154889,0.408357,0.474395,0.717943,0.511237,0.409605,0.465027,0.339109,0.351411,0.608612,0.614534,0.420582,0.529732,0.318831,0.371665,0.624558,0.530843,0.586945,0.481695,0.770420,0.895847,0.719433,0.707088,1.013266,1.087482,0.864861,0.759153,0.688985,0.801620,0.419725,0.568113,0.393960,0.456493,0.468309,0.445866,0.707923,0.801170,0.364546,0.250738,0.639866,0.540557,0.215827,0.089614,0.991426,0.740190,0.527019,0.253777,0.856150,1.058770
0.770568,0.723509,0.903035,0.707487,0.000000,0.909653,0.772795,0.724014,0.865209,0.787072,0.704943,0.647688,0.654738,0.655416,0.811962,0.757244,0.638571,0.616948,0.745656,0.819052,0.383192,0.430823,0.585001,0.547130,0.568526,0.609399,0.503566,0.525324,0.547764,0.451840,0.717533,0.581466,0.650147,0.664263,0.331925,0.310142,0.139808,0.348358,0.309190,0.216837,0.134673,0.087340,0.454129,0.635793,0.535480,0.545126,0.627119,0.790130,0.604871,0.610562,0.786206,0.661447,0.764060,0.861966,0.679007,0.744444,0.566121,0.430746,0.732605,0.675713,0.616723,0.528966,0.583302,0.618944,0.564095,0.622960,0.734869,0.610297,0.570969,0.769653,0.343109,0.662367,0.465465,0.493544,0.366442,0.352475,0.542068,0.595484,0.514161,0.426399,0.728310,0.733874,0.161871,0.018098,0.839001,0.702094,0.404380,0.288363,0.919382,0.902986
0.769898,0.764168,0.677396,0.621760,0.909653,0.000000,0.805748,0.789500,0.732712,0.688370,0.684344,0.583913,0.694452,0.658571,0.666922,0.510695,0.603273,0.507908,0.778904,0.851107,0.262348,0.337104,0.331362,0.315152,0.268368,0.447682,0.484665,0.703136,0.356845,0.250768,0.395995,0.307931,0.641998,0.651722,0.193061,0.234106,0.321191,0.348919,0.322683,0.205443,0.124731,0.118845,0.496950,0.636656,0.724790,0.755588,0.703385,0.827062,0.806262,0.774794,0.778087,0.664236,0.886319,0.797610,0.749777,0.727862,0.509159,0.319174,0.885225,0.838366,0.778002,0.747792,0.691649,0.643699,0.453789,0.717092,0.877677,0.741330,0.570406,0.826717,0.436169,0.594724,0.416792,0.437630,0.458819,0.313793,0.737480,0.702782,0.268655,0.182771,0.548115,0.493000,0.212193,0.074937,0.696825,0.456159,0.451277,0.241263,0.823623,0.875659
0.924946,0.889171,1.174026,1.041666,0.772795,0.805748,0.000000,1.440050,0.737119,0.533635,1.105270,0.849384,1.112760,1.026939,0.781624,0.632867,0.836311,0.735900,1.212398,1.005706,0.240850,0.419458,0.642730,0.589178,0.384683,0.536973,0.311811,0.331910,0.640689,0.478603,0.737622,0.614863,1.106123,1.146112,0.538859,0.465754,0.359439,0.410434,0.358809,0.120047,0.229287,0.200922,0.519713,0.655131,0.783319,0.634455,0.589833,0.647102,0.582266,0.565306,0.851814,0.703631,0.649580,0.697216,0.517460,0.581243,0.587788,0.486371,0.811054,0.578781,1.176916,1.151316,1.010637,0.867392,0.920331,0.959765,1.038560,0.723227,0.663109,0.794671,0.569314,0.770603,0.659129,0.556452,0.629555,0.423184,0.800112,0.923092,0.391355,0.287097,0.800304,0.634875,0.276817,0.083649,1.074691,0.673086,0.460181,0.170739,0.904670,0.915947
0.898883,0.974047,1.041265,1.303620,0.724014,0.789500,1.440050,0.000000,0.740878,0.664632,0.936679,0.959333,1.049845,1.152070,0.790291,0.780675,0.779678,0.866791,1.098344,1.149792,0.146041,0.425241,0.681873,0.741912,0.464605,0.668493,0.170465,0.229140,0.535466,0.469616,0.765971,0.736964,1.124810,1.267929,0.627036,0.655127,0.311533,0.464535,0.333650,0.198636,0.260544,0.306434,0.470779,0.591955,0.853487,0.703977,0.510372,0.549832,0.492619,0.503893,0.660455,0.695744,0.497449,0.529473,0.403363,0.492127,0.656638,0.544267,0.768328,0.578129,1.061998,1.369028,1.024200,1.026025,0.946709,1.403897,0.961293,0.829647,0.636542,0.858469,0.505023,0.649361,0.565068,0.725850,0.579352,0.460839,0.780775,0.972011,0.360504,0.293363,0.779669,0.718296,0.326150,0.167090,0.992033,0.799737,0.534535,0.281037,0.821215,1.028386
0.668166,0.640973,0.799926,0.724800,0.865209,0.732712,0.737119,0.740878,0.000000,0.506640,0.611911,0.663870,0.602870,0.583630,0.696046,0.560972,0.560466,0.468254,0.659086,0.740523,0.290690,0.233188,0.425969,0.421895,0.485003,0.715935,0.148338,0.276380,0.395752,0.339535,0.530414,0.420927,0.599989,0.626155,0.408491,0.486338,0.308314,0.371500,0.355566,0.260810,0.183903,0.243827,0.491491,0.551450,0.668880,0.529342,0.613632,0.683908,0.576743,0.469615,0.653817,0.493527,0.665491,0.662976,0.602624,0.643480,0.466784,0.352863,0.749174,0.550658,0.647832,0.559349,0.629181,0.536557,0.620238,0.716636,0.783189,0.626573,0.474178,0.780759,0.224497,0.548407,0.374283,0.345760,0.339147,0.434242,0.540748,0.568308,0.337368,0.244521,0.666153,0.614832,0.312926,0.148570,0.727720,0.531988,0.499601,0.333017,0.831584,0.831437
0.649869,0.547430,0.659924,0.564461,0.787072,0.688370,0.533635,0.664632,0.506640,0.000000,0.521076,0.608448,0.568503,0.483036,1.014043,0.714594,0.376354,0.387397,0.567718,0.804872,0.081827,0.285203,0.551923,0.590032,0.642096,0.433762,0.165466,0.356029,0.177428,0.081508,0.397310,0.384613,0.446270,0.447091,0.447562,0.450879,0.257854,0.378709,0.355171,0.375739,0.178190,0.160353,0.327898,0.401497,0.416320,0.378658,0.430028,0.566335,0.458195,0.416365,0.547390,0.473569,0.627032,0.465204,0.640416,0.571877,0.531916,0.361126,0.693186,0.518345,0.481646,0.453320,0.488530,0.414186,0.663809,0.707294,0.662073,0.571580,0.485498,0.798370,0.057778,0.343294,0.289389,0.429957,0.346421,0.193334,0.491467,0.458965,0.243444,0.083126,0.426314,0.439506,0.298047,0.199846,0.684728,0.574895,0.644043,0.575116,0.896898,0.912032
0.682608,0.658483,0.638655,0.649969,0.704943,0.684344,1.105270,0.936679,0.611911,0.521076,0.000000,1.107312,1.570652,1.069749,0.929627,0.662229,0.835511,0.769404,0.884412,0.795717,0.157298,0.358324,0.567428,0.476017,0.332587,0.357065,0.206133,0.208281,0.843805,0.602945,0.701607,0.637383,0.767565,0.844742,0.347897,0.278657,0.238475,0.295826,0.301189,0.036176,0.084173,0.093213,0.483971,0.568746,0.564414,0.549837,0.618978,0.635646,0.611903,0.657048,0.878273,0.739970,0.688118,0.692312,0.605896,0.611696,0.398744,0.357984,0.620197,0.527392,1.028709,0.935925,0.797432,0.747963,0.795204,0.798866,0.648588,0.512513,0.416388,0.581639,0.612752,0.657469,0.547809,0.573538,0.545139,0.347557,0.592908,0.787938,0.497287,0.505152,0.806884,0.602619,0.141929,-0.079331,1.001110,0.749394,0.334409,0.137646,0.820467,0.716181
0.769028,0.909352,0.631785,0.678363,0.647688,0.583913,0.849384,0.959333,0.663870,0.608448,1.107312,0.000000,1.248294,1.285702,0.966087,0.869834,0.768405,0.900634,0.817250,0.895348,0.058264,0.342526,0.621094,0.602754,0.469604,0.524692,0.104405,0.178531,0.621975,0.515589,0.662606,0.634178,0.869082,0.922790,0.402707,0.477078,0.259907,0.474852,0.345097,0.191352,0.162577,0.319298,0.626925,0.817286,0.735749,0.792542,0.783893,0.828943,0.772756,0.850262,0.947822,0.967327,0.749322,0.725968,0.746731,0.872951,0.519701,0.503074,0.694677,0.693624,0.932467,0.817472,0.841673,0.849631,0.659760,1.016756,0.771132,0.795036,0.520903,0.810631,0.392574,0.494274,0.526844,0.728718,0.589752,0.300606,0.606740,0.844690,0.445188,0.424742,0.752763,0.698690,0.190611,0.082835,0.932376,0.943566,0.514568,0.393366,0.683165,0.838713
0.826416,0.834915,0.720389,0.783364,0.654738,0.694452,1.112760,1.049845,0.602870,0.568503,1.570652,1.248294,0.000000,1.313300,1.001693,0.759623,0.813156,0.832921,0.965843,0.914575,0.096797,0.333440,0.685235,0.593754,0.436396,0.457478,0.259352,0.238981,0.666064,0.487385,0.672512,0.620618,0.867384,0.989951,0.464191,0.412422,0.310496,0.378964,0.321144,0.078107,0.145132,0.142537,0.513214,0.641420,0.655146,0.610758,0.662748,0.670503,0.646775,0.724845,0.929114,0.855957,0.760352,0.751290,0.657841,0.687820,0.539837,0.492246,0.730240,0.660989,1.187555,1.043209,0.898798,0.836924,0.826096,0.974372,0.768624,0.659204,0.573047,0.712137,0.527196,0.606032,0.596127,0.616668,0.589138,0.378219,0.740820,0.933026,0.419260,0.389612,0.781777,0.602441,0.199403,0.032262,1.093641,0.805842,0.503871,0.261284,0.852354,0.848457
0.684891,0.834360,0.738384,0.900358,0.655416,0.658571,1.026939,1.152070,0.583630,0.483036,1.069749,1.285702,1.313300,0.000000,0.778572,0.977951,0.747059,1.001901,0.923242,0.901225,0.112197,0.431303,0.724010,0.663689,0.464754,0.572410,0.169354,0.184331,0.742237,0.690411,0.845477,0.784580,0.938484,1.091286,0.516941,0.452463,0.232234,0.433874,0.377677,0.162399,0.174682,0.202786,0.516044,0.684623,0.708265,0.672231,0.623711,0.666979,0.515082,0.651175,0.799067,0.909936,0.566634,0.714568,0.528541,0.656670,0.478350,0.502284,0.543927,0.615088,0.918353,1.013073,0.780220,0.967319,0.720165,1.010053,0.748810,0.818240,0.524634,0.714063,0.580453,0.580693,0.421423,0.720746,0.589948,0.328202,0.681097,0.994940,0.470519,0.567280,0.764916,0.705681,0.078775,-0.030481,0.957107,1.059889,0.402459,0.250009,0.662749,0.866097
0.703088,0.653477,0.764727,0.659026,0.811962,0.666922,0.781624,0.790291,0.696046,1.014043,0.929627,0.966087,1.001693,0.778572,0.000000,0.851485,0.471194,0.518437,0.726190,0.877808,0.232007,0.397337,0.801341,0.738525,0.717249,0.579495,0.252624,0.412152,0.355435,0.224132,0.625055,0.551154,0.590871,0.626846,0.486395,0.467398,0.337848,0.397510,0.415825,0.304728,0.195703,0.180947,0.391940,0.541326,0.491206,0.495470,0.535296,0.662730,0.615114,0.635645,0.801477,0.756741,0.812891,0.680851,0.755680,0.700485,0.461749,0.356315,0.700487,0.609717,0.707349,0.587973,0.566369,0.512843,0.833592,0.820758,0.733732,0.638335,0.508254,0.829403,0.281939,0.531316,0.478075,0.532752,0.439473,0.227483,0.591455,0.599029,0.307274,0.197399,0.558140,0.502669,0.302548,0.124867,0.917363,0.692970,0.692154,0.495900,1.105059,1.013194
0.608467,0.685279,0.791030,0.900005,0.757244,0.510695,0.632867,0.780675,0.560972,0.714594,0.662229,0.869834,0.759623,0.977951,0.851485,0.000000,0.449767,0.728584,0.702002,0.866221,0.196543,0.477072,0.898285,0.968443,0.822134,0.748951,0.148113,0.250001,0.516691,0.474275,0.950189,0.922323,0.697350,0.780078,0.672474,0.581503,0.137515,0.401918,0.369926,0.352141,0.166957,0.186025,0.417504,0.533627,0.541362,0.527145,0.476864,0.566403,0.391815,0.497864,0.653983,0.821977,0.440862,0.571977,0.497563,0.574385,0.511136,0.517442,0.437688,0.479074,0.491461,0.550940,0.473614,0.628204,0.672783,0.820419,0.649369,0.741359,0.521121,0.748592,0.321527,0.446276,0.330411,0.603693,0.457762,0.177091,0.498988,0.631312,0.411107,0.506064,0.577546,0.668453,0.090567,0.011972,0.791513,1.079665,0.508593,0.432538,0.721649,0.922041
1.078910,1.013982,0.640439,0.593429,0.638571,0.603273,0.836311,0.779678,0.560466,0.376354,0.835511,0.768405,0.813156,0.747059,0.471194,0.449767,0.000000,1.035950,0.881602,0.814075,0.270516,0.416475,0.328767,0.289565,0.178850,0.337053,0.314869,0.221702,0.834177,0.587582,0.561916,0.499904,1.036167,1.015184,0.327568,0.345027,0.337609,0.514810,0.436810,0.198490,0.305446,0.359848,0.676917,0.838374,0.833493,0.750743,0.836936,0.786582,0.643296,0.629060,0.768040,0.608685,0.619028,0.634575,0.639774,0.736881,0.891983,0.835980,0.724525,0.639716,0.955596,0.775493,1.158552,0.981539,0.437548,0.651431,0.782199,0.622264,0.818492,0.723769,0.532012,0.579399,0.609765,0.590031,0.554050,0.434412,0.642425,0.854253,0.658536,0.488964,1.400896,0.985081,0.335408,0.182538,0.931097,0.701716,0.420729,0.293494,0.533246,0.595933
0.778320,0.968555,0.574739,0.587089,0.616948,0.507908,0.735900,0.866791,0.468254,0.387397,0.769404,0.900634,0.832921,1.001901,0.518437,0.728584,1.035950,0.000000,0.780175,0.776237,0.185489,0.512628,0.392306,0.350943,0.249855,0.442460,0.148576,0.162520,0.860878,0.876985,0.780097,0.783348,1.085206,1.116237,0.387630,0.334800,0.130842,0.689677,0.416877,0.256597,0.290372,0.449822,0.560997,0.786500,0.740718,0.768905,0.641119,0.628526,0.485554,0.632229,0.615782,0.750593,0.412054,0.537731,0.490525,0.679271,0.692762,0.862334,0.515898,0.531198,0.787495,0.829865,0.895656,1.423108,0.410524,0.751761,0.617219,0.707944,0.602804,0.664708,0.621410,0.583227,0.564982,0.889862,0.571614,0.340049,0.555160,0.898120,0.558974,0.753821,1.054605,1.317907,0.225021,0.165292,0.712480,0.972994,0.361563,0.306559,0.402338,0.555231
1.081357,1.218231,1.106001,1.006710,0.745656,0.778904,1.212398,1.098344,0.659086,0.567718,0.884412,0.817250,0.965843,0.923242,0.726190,0.702002,0.881602,0.780175,0.000000,1.570135,0.230619,0.357638,0.708188,0.628052,0.381806,0.417496,0.300560,0.352563,0.604332,0.434672,0.695589,0.588687,1.142974,1.229178,0.479146,0.515364,0.361245,0.482603,0.345540,0.162125,0.113470,0.237124,0.516093,0.699941,0.883933,0.763178,0.667137,0.767698,0.618036,0.637244,0.864009,0.725827,0.665054,0.760217,0.606117,0.671088,0.788322,0.695928,0.779319,0.658275,1.004224,0.976981,1.152315,1.000900,0.823457,0.947451,1.148432,0.968271,0.972418,1.043838,0.544070,0.651746,0.620961,0.615762,0.724013,0.481933,0.997250,1.021567,0.555503,0.348304,0.876189,0.707802,0.207198,0.075773,1.051467,0.727755,0.552833,0.255555,0.853227,1.019862
1.035436,1.195337,1.075055,1.114833,0.819052,0.851107,1.005706,1.149792,0.740523,0.804872,0.795717,0.895348,0.914575,0.901225,0.877808,0.866221,0.814075,0.776237,1.570135,0.000000,0.191335,0.383799,0.767916,0.744119,0.543011,0.560557,0.262829,0.364697,0.490747,0.353270,0.693090,0.620156,1.029913,1.129629,0.617967,0.691798,0.395694,0.505293,0.414874,0.282412,0.152320,0.274321,0.536446,0.730148,0.915519,0.785717,0.665123,0.774174,0.603427,0.612709,0.814508,0.722298,0.658882,0.686268,0.661890,0.693322,0.797869,0.713059,0.823455,0.756087,0.925097,0.944135,1.064940,0.958113,0.894252,1.184496,1.184415,1.140313,0.961673,1.291607,0.437960,0.601492,0.535085,0.578069,0.618218,0.432005,0.951968,0.999035,0.522095,0.307818,0.834238,0.735006,0.268057,0.150971,1.073952,0.771805,0.719098,0.408739,0.962622,1.254150
0.216696,0.211629,0.367613,0.167039,0.383192,0.262348,0.240850,0.146041,0.290690,0.081827,0.157298,0.058264,0.096797,0.112197,0.232007,0.196543,0.270516,0.185489,0.230619,0.191335,0.000000,0.638747,0.216940,0.258868,0.254191,0.413126,0.392040,0.507503,0.372113,0.266219,0.543903,0.447830,0.335286,0.292691,0.112195,0.075617,0.119961,0.166299,0.342947,0.197081,0.271082,0.131490,0.293758,0.338125,0.169108,0.176710,0.364424,0.352703,0.172039,0.166007,0.332292,0.253233,0.274421,0.405375,0.253632,0.246346,0.206140,0.206886,0.108312,0.103114,0.029660,-0.004808,0.160180,0.146265,0.068473,0.029227,0.229198,0.094548,0.254662,0.293451,0.378847,0.516590,0.235947,0.177348,0.110374,0.126735,0.123115,0.189078,0.309067,0.296479,0.420696,0.328186,0.080108,-0.105733,0.347141,0.267548,0.120282,-0.020778,0.289104,0.225198
0.356649,0.385324,0.478908,0.358918,0.430823,0.337104,0.419458,0.425241,0.233188,0.285203,0.358324,0.342526,0.333440,0.431303,0.397337,0.477072,0.416475,0.512628,0.357638,0.383799,0.638747,0.000000,0.486630,0.466108,0.469309,0.595092,0.257176,0.451337,0.477170,0.409369,0.756029,0.736298,0.543620,0.532940,0.364366,0.195466,0.179496,0.463467,0.528849,0.400546,0.360225,0.331615,0.506090,0.543145,0.325860,0.316453,0.504909,0.466867,0.251241,0.354154,0.448598,0.487005,0.327853,0.367199,0.383520,0.402436,0.337191,0.402615,0.201529,0.150900,0.233712,0.231585,0.337270,0.393938,0.227142,0.248749,0.373557,0.299617,0.358667,0.402852,0.537965,0.794750,0.443370,0.555323,0.443654,0.140857,0.322675,0.502846,0.307135,0.405572,0.492294,0.484263,0.043767,-0.070634,0.449886,0.528425,0.293726,0.174787,0.417431,0.400430
0.509533,0.493605,1.016717,1.029052,0.585001,0.331362,0.642730,0.681873,0.425969,0.551923,0.567428,0.621094,0.685235,0.724010,0.801341,0.898285,0.328767,0.392306,0.708188,0.767916,0.216940,0.486630,0.000000,1.608161,1.033372,0.617900,0.237053,0.292719,0.319024,0.214963,0.895609,0.826096,0.535335,0.645068,0.802237,0.632534,0.224720,0.241618,0.283803,0.217489,0.090132,0.068991,0.362386,0.389646,0.337532,0.216544,0.389110,0.446529,0.256827,0.302760,0.637359,0.586726,0.451845,0.537783,0.371426,0.355415,0.440998,0.423783,0.340170,0.255981,0.407785,0.379520,0.368565,0.388887,0.882919,0.586239,0.525249,0.440555,0.538877,0.597112,0.326592,0.523595,0.345370,0.406453,0.406653,0.275364,0.511349,0.565087,0.367847,0.265256,0.419262,0.318528,0.025403,-0.066623,0.889674,0.699003,0.462533,0.266123,0.865045,0.851928
0.520626,0.495456,0.980915,1.102480,0.547130,0.315152,0.589178,0.741912,0.421895,0.590032,0.476017,0.602754,0.593754,0.663689,0.738525,0.968443,0.289565,0.350943,0.628052,0.744119,0.258868,0.466108,1.608161,0.000000,1.117683,0.757554,0.210587,0.281139,0.265865,0.183752,0.868501,0.862461,0.525487,0.626188,0.848634,0.784158,0.207595,0.238653,0.241278,0.260951,0.128955,0.117979,0.341914,0.361892,0.361197,0.256575,0.339331,0.390422,0.230243,0.265460,0.562480,0.576913,0.382278,0.448941,0.291091,0.287420,0.472190,0.404152,0.355135,0.268423,0.387445,0.389983,0.357864,0.370629,0.827715,0.649383,0.553396,0.452606,0.530018,0.621188,0.244397,0.472327,0.355844,0.430289,0.406609,0.255509,0.475494,0.533697,0.343778,0.183097,0.400957,0.312821,0.085062,0.005594,0.818952,0.682855,0.495690,0.336877,0.808346,0.883325
0.424032,0.322784,0.765869,0.697799,0.568526,0.268368,0.384683,0.464605,0.485003,0.642096,0.332587,0.469604,0.436396,0.464754,0.717249,0.822134,0.178850,0.249855,0.381806,0.543011,0.254191,0.469309,1.033372,1.117683,0.000000,0.886744,0.246790,0.288083,0.141968,0.047703,0.741696,0.674786,0.364988,0.426744,0.910294,0.791219,0.239637,0.290487,0.398701,0.468736,0.180405,0.109954,0.322416,0.290490,0.231559,0.094452,0.326371,0.379670,0.220415,0.224449,0.522648,0.480079,0.400916,0.375384,0.420368,0.346146,0.411507,0.367032,0.399773,0.280876,0.291571,0.211900,0.207694,0.199201,0.628408,0.443507,0.505563,0.375963,0.445664,0.603732,0.112743,0.483243,0.339839,0.344157,0.303904,0.215868,0.363278,0.410638,0.203579,0.100461,0.306470,0.230804,0.143971,0.095851,0.619269,0.545705,0.567979,0.526278,0.772170,0.731471
0.520700,0.487119,0.745570,0.770972,0.609399,0.447682,0.536973,0.668493,0.715935,0.433762,0.357065,0.524692,0.457478,0.572410,0.579495,0.748951,0.337053,0.442460,0.417496,0.560557,0.413126,0.595092,0.617900,0.757554,0.886744,0.000000,0.240808,0.291853,0.325254,0.301234,0.836054,0.780867,0.595274,0.664949,0.783258,0.754214,0.200187,0.359362,0.369807,0.350054,0.254374,0.230558,0.472437,0.515386,0.518659,0.385612,0.441464,0.461971,0.303815,0.328378,0.519324,0.567133,0.376875,0.400359,0.391105,0.408316,0.459338,0.435424,0.494808,0.397267,0.435337,0.440029,0.400249,0.414948,0.551038,0.641909,0.654596,0.565160,0.490162,0.661529,0.301864,0.626208,0.453589,0.440073,0.353365,0.366692,0.453746,0.556851,0.281985,0.219474,0.476233,0.465776,0.179032,0.086717,0.599627,0.586432,0.422910,0.373189,0.629243,0.719609
0.441793,0.363410,0.415896,0.233226,0.503566,0.484665,0.311811,0.170465,0.148338,0.165466,0.206133,0.104405,0.259352,0.169354,0.252624,0.148113,0.314869,0.148576,0.300560,0.262829,0.392040,0.257176,0.237053,0.210587,0.246790,0.240808,0.000000,0.687627,0.086274,-0.031309,0.253793,0.100209,0.280740,0.245825,0.136578,0.042937,0.116764,0.119257,0.131995,0.043900,0.103730,-0.027464,0.286320,0.368035,0.220451,0.259585,0.382097,0.359686,0.433101,0.416043,0.439599,0.402190,0.465927,0.446083,0.334228,0.309044,0.404645,0.283781,0.464258,0.593659,0.342082,0.189088,0.230932,0.213030,0.037466,0.085246,0.396486,0.192387,0.531970,0.331479,0.288656,0.406238,0.446931,0.130292,0.197444,0.213810,0.423727,0.358182,0.109609,-0.048455,0.267091,0.148695,0.144267,0.121539,0.349636,0.088551,0.203429,0.127766,0.344202,0.255311
0.407072,0.365461,0.441381,0.248487,0.525324,0.703136,0.331910,0.229140,0.276380,0.356029,0.208281,0.178531,0.238981,0.184331,0.412152,0.250001,0.221702,0.162520,0.352563,0.364697,0.507503,0.451337,0.292719,0.281139,0.288083,0.291853,0.687627,0.000000,0.067929,-0.045887,0.297013,0.212533,0.293992,0.261491,0.061532,0.073541,0.193220,0.163609,0.224985,0.170656,0.121143,-0.000171,0.295115,0.390605,0.216898,0.289668,0.453388,0.521622,0.437038,0.449663,0.497631,0.406323,0.620492,0.592249,0.487036,0.411185,0.308183,0.211367,0.433214,0.439496,0.293526,0.183478,0.233772,0.185663,0.169755,0.177757,0.414341,0.257966,0.429806,0.408281,0.343707,0.546751,0.389472,0.158007,0.336907,0.059593,0.417556,0.349111,0.103201,0.003169,0.220665,0.149274,0.045100,-0.063046,0.394322,0.196161,0.293401,0.086436,0.554933,0.441806
0.409706,0.453563,0.402240,0.422576,0.547764,0.356845,0.640689,0.535466,0.395752,0.177428,0.843805,0.621975,0.666064,0.742237,0.355435,0.516691,0.834177,0.860878,0.604332,0.490747,0.372113,0.477170,0.319024,0.265865,0.141968,0.325254,0.086274,0.067929,0.000000,1.429107,0.848913,0.843755,0.638925,0.697420,0.194193,0.122836,0.017106,0.271230,0.226719,-0.008903,0.000950,0.071824,0.509725,0.582352,0.511222,0.466485,0.559875,0.505462,0.316166,0.377584,0.564021,0.469128,0.303918,0.498970,0.369472,0.440148,0.271172,0.367595,0.217845,0.221966,0.482337,0.463696,0.582277,0.660562,0.364491,0.404716,0.393862,0.387202,0.312126,0.351207,0.703461,0.650082,0.371201,0.482439,0.361799,0.253666,0.276970,0.534724,1.013089,1.163874,1.092796,0.858056,-0.068016,-0.273146,0.682721,0.771051,0.020090,-0.073623,0.330709,0.346509
0.222035,0.340754,0.275810,0.340823,0.451840,0.250768,0.478603,0.469616,0.339535,0.081508,0.602945,0.515589,0.487385,0.690411,0.224132,0.474275,0.587582,0.876985,0.434672,0.353270,0.266219,0.409369,0.214963,0.183752,0.047703,0.301234,-0.031309,-0.045887,1.429107,0.000000,0.732944,0.749578,0.515280,0.579349,0.127318,0.026512,-0.096924,0.262505,0.145214,-0.044000,-0.002747,0.169499,0.327868,0.424921,0.389742,0.390161,0.357517,0.315053,0.165642,0.277113,0.336253,0.387302,0.120176,0.355574,0.163647,0.307335,0.145341,0.308539,0.097642,0.168205,0.338590,0.411257,0.436243,0.667157,0.243278,0.347664,0.248611,0.336563,0.146077,0.224015,0.597343,0.493332,0.215760,0.495059,0.253534,0.206145,0.180952,0.422613,0.853480,1.314576,0.839108,0.886380,-0.090897,-0.230680,0.424632,0.650946,-0.080224,-0.100411,0.144836,0.223524
0.510550,0.536169,0.874242,0.852996,0.717533,0.395995,0.737622,0.765971,0.530414,0.397310,0.701607,0.662606,0.672512,0.845477,0.625055,0.950189,0.561916,0.780097,0.695589,0.693090,0.543903,0.756029,0.895609,0.868501,0.741696,0.836054,0.253793,0.297013,0.848913,0.732944,0.000000,1.895287,0.806735,0.914233,0.750614,0.572741,0.028364,0.351994,0.318531,0.178435,0.117511,0.095460,0.471636,0.584455,0.471873,0.368503,0.476050,0.496881,0.216876,0.327145,0.619478,0.676644,0.327243,0.532987,0.334829,0.372741,0.453621,0.522548,0.305526,0.244203,0.469931,0.513695,0.467309,0.646548,0.664883,0.622669,0.545256,0.486215,0.505844,0.577996,0.750637,0.965844,0.526479,0.676939,0.511741,0.339726,0.435035,0.668356,0.633136,0.720333,0.807247,0.728076,0.000983,-0.157189,0.861536,1.028018,0.231992,0.121880,0.593437,0.644871
0.424909,0.443730,0.697644,0.775034,0.581466,0.307931,0.614863,0.736964,0.420927,0.384613,0.637383,0.634178,0.620618,0.784580,0.551154,0.922323,0.499904,0.783348,0.588687,0.620156,0.447830,0.736298,0.826096,0.862461,0.674786,0.780867,0.100209,0.212533,0.843755,0.749578,1.895287,0.000000,0.728014,0.861652,0.723632,0.582986,-0.034039,0.309372,0.259855,0.177327,0.107934,0.107693,0.463115,0.547829,0.448041,0.342084,0.424474,0.420451,0.139446,0.256705,0.513231,0.593246,0.230369,0.422940,0.259486,0.279770,0.404215,0.497688,0.205333,0.146575,0.387658,0.464696,0.418347,0.605397,0.637131,0.610336,0.438059,0.446523,0.396765,0.483370,0.708385,0.838797,0.486260,0.691241,0.445943,0.275223,0.354343,0.584756,0.641008,0.777991,0.743476,0.695669,-0.046832,-0.200556,0.763314,1.065672,0.202787,0.104287,0.493708,0.569464
1.147991,1.317300,0.971203,0.836981,0.650147,0.641998,1.106123,1.124810,0.599989,0.446270,0.767565,0.869082,0.867384,0.938484,0.590871,0.697350,1.036167,1.085206,1.142974,1.029913,0.335286,0.543620,0.535335,0.525487,0.364988,0.595274,0.280740,0.293992,0.638925,0.515280,0.806735,0.728014,0.000000,2.041084,0.565043,0.556880,0.318475,0.641330,0.445218,0.244552,0.322869,0.389525,0.636784,0.847442,0.868586,0.751736,0.703414,0.720744,0.584150,0.616626,0.802760,0.764741,0.532905,0.601832,0.525262,0.675352,0.993560,0.987190,0.807105,0.632537,1.042746,1.009286,1.256539,1.321767,0.649639,0.957797,1.037960,0.825669,0.946036,0.929721,0.608667,0.671690,0.713291,0.783549,0.711131,0.423458,0.901772,1.076935,0.483848,0.412618,1.001280,0.908007,0.304326,0.166709,0.893612,0.812815,0.502021,0.355111,0.604982,0.764952
1.051329,1.224011,0.971954,0.999240,0.664263,0.651722,1.146112,1.267929,0.626155,0.447091,0.844742,0.922790,0.989951,1.091286,0.626846,0.780078,1.015184,1.116237,1.229178,1.129629,0.292691,0.532940,0.645068,0.626188,0.426744,0.664949,0.245825,0.261491,0.697420,0.579349,0.914233,0.861652,2.041084,0.000000,0.670754,0.672516,0.281736,0.559643,0.403339,0.186196,0.255347,0.330449,0.633834,0.809131,0.907273,0.726619,0.682720,0.680225,0.525274,0.575481,0.806489,0.766666,0.501700,0.597194,0.476601,0.598087,0.892968,0.931806,0.724693,0.603946,1.065315,1.124573,1.166629,1.277994,0.793115,1.102603,0.997630,0.859154,0.906930,0.903980,0.658944,0.715909,0.682117,0.775869,0.716307,0.445235,0.932443,1.179692,0.539867,0.488707,1.015898,0.871152,0.254616,0.103748,0.992729,0.889939,0.473779,0.301589,0.640303,0.807339
0.486000,0.409218,0.803160,0.878610,0.331925,0.193061,0.538859,0.627036,0.408491,0.447562,0.347897,0.402707,0.464191,0.516941,0.486395,0.672474,0.327568,0.387630,0.479146,0.617967,0.112195,0.364366,0.802237,0.848634,0.910294,0.783258,0.136578,0.061532,0.194193,0.127318,0.750614,0.723632,0.565043,0.670754,0.000000,1.213675,0.177127,0.281567,0.345093,0.238256,0.146423,0.076296,0.379308,0.355871,0.414561,0.172584,0.244815,0.250100,0.083548,0.104658,0.391191,0.393151,0.173204,0.194724,0.189078,0.148877,0.539538,0.582856,0.352007,0.257988,0.440693,0.452700,0.343813,0.364264,0.819154,0.630515,0.575591,0.471836,0.569968,0.557826,0.276364,0.473624,0.344625,0.331172,0.376153,0.263124,0.495472,0.574187,0.218473,0.159318,0.369845,0.288355,0.148550,0.100344,0.602599,0.543675,0.468877,0.354220,0.538884,0.587395
0.539969,0.524569,0.689846,0.864607,0.310142,0.234106,0.465754,0.655127,0.486338,0.450879,0.278657,0.477078,0.412422,0.452463,0.467398,0.581503,0.345027,0.334800,0.515364,0.691798,0.075617,0.195466,0.632534,0.784158,0.791219,0.754214,0.042937,0.073541,0.122836,0.026512,0.572741,0.582986,0.556880,0.672516,1.213675,0.000000,0.201592,0.253810,0.228829,0.220837,0.116676,0.151206,0.379105,0.367181,0.569753,0.307323,0.278556,0.287017,0.155027,0.129321,0.378944,0.338001,0.190189,0.160545,0.210244,0.173268,0.599688,0.558933,0.438397,0.295745,0.457466,0.472958,0.441754,0.365068,0.829029,0.829906,0.645934,0.572128,0.643812,0.652424,0.172708,0.382898,0.390091,0.346731,0.421422,0.335688,0.533174,0.543936,0.226620,0.045105,0.393612,0.295734,0.233629,0.183749,0.616016,0.536258,0.529159,0.418366,0.521062,0.638974
0.403293,0.372666,0.313307,0.260946,0.139808,0.321191,0.359439,0.311533,0.308314,0.257854,0.238475,0.259907,0.310496,0.232234,0.337848,0.137515,0.337609,0.130842,0.361245,0.395694,0.119961,0.179496,0.224720,0.207595,0.239637,0.200187,0.116764,0.193220,0.017106,-0.096924,0.028364,-0.034039,0.318475,0.281736,0.177127,0.201592,0.000000,0.496189,0.716383,0.557149,0.506151,0.438942,0.160419,0.210169,0.302069,0.229052,0.330318,0.352313,0.397286,0.281292,0.335163,0.277012,0.414476,0.309896,0.522669,0.485904,0.297489,0.239460,0.455565,0.349095,0.393324,0.262890,0.452130,0.193226,0.195595,0.231396,0.464132,0.308377,0.336813,0.463951,0.049920,0.102242,0.209390,0.005736,0.229643,0.115178,0.363020,0.315234,-0.021536,-0.183444,0.238484,0.128546,0.426620,0.396475,0.320560,0.048595,0.664243,0.476117,0.407896,0.395491
0.643711,0.717991,0.465628,0.320773,0.348358,0.348919,0.410434,0.464535,0.371500,0.378709,0.295826,0.474852,0.378964,0.433874,0.397510,0.401918,0.514810,0.689677,0.482603,0.505293,0.166299,0.463467,0.241618,0.238653,0.290487,0.359362,0.119257,0.163609,0.271230,0.262505,0.351994,0.309372,0.641330,0.559643,0.281567,0.253810,0.496189,0.000000,0.757707,0.726788,0.598957,0.842394,0.402032,0.516789,0.381957,0.426918,0.474737,0.493214,0.347423,0.403476,0.352958,0.447850,0.365730,0.318122,0.542527,0.669778,0.645149,0.686051,0.469904,0.368008,0.448802,0.367063,0.570084,0.637540,0.116381,0.361249,0.504840,0.447012,0.562430,0.633391,0.186509,0.300895,0.390290,0.531688,0.434349,0.198496,0.426424,0.585543,0.147827,0.151351,0.506086,0.665532,0.494653,0.538461,0.345546,0.435380,0.707920,0.709931,0.269876,0.411290
0.441122,0.440122,0.396178,0.293548,0.309190,0.322683,0.358809,0.333650,0.355566,0.355171,0.301189,0.345097,0.321144,0.377677,0.415825,0.369926,0.436810,0.416877,0.345540,0.414874,0.342947,0.528849,0.283803,0.241278,0.398701,0.369807,0.131995,0.224985,0.226719,0.145214,0.318531,0.259855,0.445218,0.403339,0.345093,0.228829,0.716383,0.757707,0.000000,0.992348,0.894779,0.601287,0.310940,0.338997,0.273315,0.268444,0.443704,0.487905,0.361009,0.372877,0.432345,0.440799,0.451648,0.406107,0.660671,0.662887,0.349414,0.421814,0.350119,0.363837,0.337247,0.278548,0.344260,0.340100,0.164198,0.235242,0.418177,0.354811,0.357231,0.553821,0.152154,0.211845,0.119059,0.209596,0.212461,0.000415,0.231331,0.366749,-0.008407,0.136463,0.402885,0.412287,0.482353,0.389046,0.390762,0.340906,0.715888,0.652392,0.412537,0.430090
0.309211,0.304312,0.282940,0.209974,0.216837,0.205443,0.120047,0.198636,0.260810,0.375739,0.036176,0.191352,0.078107,0.162399,0.304728,0.352141,0.198490,0.256597,0.162125,0.282412,0.197081,0.400546,0.217489,0.260951,0.468736,0.350054,0.043900,0.170656,-0.008903,-0.044000,0.178435,0.177327,0.244552,0.186196,0.238256,0.220837,0.557149,0.726788,0.992348,0.000000,0.797824,0.707715,0.119452,0.180201,0.146550,0.164919,0.232616,0.297926,0.216440,0.227909,0.177551,0.287707,0.283903,0.195612,0.483099,0.494150,0.299315,0.314112,0.269679,0.254463,0.138332,0.089419,0.185147,0.198148,-0.009712,0.137966,0.274348,0.280925,0.237016,0.440201,-0.030756,0.071890,0.102766,0.202913,0.131683,-0.070717,0.093288,0.175694,-0.133684,-0.096988,0.185197,0.323387,0.517630,0.594838,0.133601,0.199521,0.770750,0.816581,0.274205,0.349864
0.317982,0.301400,0.243283,0.176635,0.134673,0.124731,0.229287,0.260544,0.183903,0.178190,0.084173,0.162577,0.145132,0.174682,0.195703,0.166957,0.305446,0.290372,0.113470,0.152320,0.271082,0.360225,0.090132,0.128955,0.180405,0.254374,0.103730,0.121143,0.000950,-0.002747,0.117511,0.107934,0.322869,0.255347,0.146423,0.116676,0.506151,0.598957,0.894779,0.797824,0.000000,0.749430,0.204299,0.227171,0.175545,0.161445,0.277316,0.254836,0.211577,0.182602,0.173317,0.250938,0.225753,0.169116,0.305967,0.387007,0.311467,0.314425,0.237489,0.158404,0.217980,0.178742,0.257516,0.253447,-0.018376,0.126985,0.182569,0.110270,0.208310,0.250780,-0.005804,0.068563,0.150923,0.173305,0.072373,-0.000173,0.066543,0.159309,-0.207613,-0.104654,0.257097,0.358192,0.702924,0.647364,0.169669,0.181369,0.524226,0.534776,0.115755,0.192165
0.384723,0.489401,0.219399,0.154889,0.087340,0.118845,0.200922,0.306434,0.243827,0.160353,0.093213,0.319298,0.142537,0.202786,0.180947,0.186025,0.359848,0.449822,0.237124,0.274321,0.131490,0.331615,0.068991,0.117979,0.109954,0.230558,-0.027464,-0.000171,0.071824,0.169499,0.095460,0.107693,0.389525,0.330449,0.076296,0.151206,0.438942,0.842394,0.601287,0.707715,0.749430,0.000000,0.225446,0.252345,0.289687,0.346867,0.293359,0.240564,0.301051,0.311716,0.160782,0.287888,0.203689,0.118997,0.311387,0.449744,0.428590,0.495740,0.362751,0.289107,0.275164,0.240743,0.428494,0.464880,-0.059416,0.221067,0.303738,0.269529,0.294567,0.361183,0.012947,0.061433,0.274478,0.424688,0.286790,0.149898,0.222609,0.301393,0.006680,0.008879,0.364665,0.502428,0.698945,0.742890,0.116055,0.172698,0.579934,0.608506,0.063544,0.207531
0.626659,0.622880,0.516835,0.408357,0.454129,0.496950,0.519713,0.470779,0.491491,0.327898,0.483971,0.626925,0.513214,0.516044,0.391940,0.417504,0.676917,0.560997,0.516093,0.536446,0.293758,0.506090,0.362386,0.341914,0.322416,0.472437,0.286320,0.295115,0.509725,0.327868,0.471636,0.463115,0.636784,0.633834,0.379308,0.379105,0.160419,0.402032,0.310940,0.119452,0.204299,0.225446,0.000000,1.357637,0.849316,0.666240,1.424587,1.031975,0.763168,0.654172,0.918874,0.601885,0.605922,0.507421,0.703741,0.668944,0.540610,0.508489,0.425622,0.405521,0.433523,0.324795,0.595746,0.481008,0.353362,0.437917,0.592714,0.475032,0.568888,0.537581,0.378475,0.566720,0.483216,0.394268,0.467366,0.285419,0.564694,0.722033,0.444141,0.349906,0.651850,0.521764,0.099649,0.006690,0.637848,0.612807,0.327270,0.195943,0.460199,0.484486
0.792747,0.880679,0.620282,0.474395,0.635793,0.636656,0.655131,0.591955,0.551450,0.401497,0.568746,0.817286,0.641420,0.684623,0.541326,0.533627,0.838374,0.786500,0.699941,0.730148,0.338125,0.543145,0.389646,0.361892,0.290490,0.515386,0.368035,0.390605,0.582352,0.424921,0.584455,0.547829,0.847442,0.809131,0.355871,0.367181,0.210169,0.516789,0.338997,0.180201,0.227171,0.252345,1.357637,0.000000,1.013007,1.015180,1.430420,1.388933,0.896274,0.933607,1.048389,0.874950,0.785795,0.780586,0.871179,0.954976,0.659589,0.620290,0.558536,0.613218,0.596839,0.459812,0.772108,0.742662,0.354411,0.583066,0.790097,0.754246,0.701215,0.780076,0.510744,0.666150,0.604961,0.569658,0.545722,0.262571,0.668365,0.847435,0.506738,0.400820,0.795878,0.749651,0.085889,0.025772,0.732508,0.748751,0.398614,0.249987,0.513725,0.659016
0.784641,0.929216,0.673740,0.717943,0.535480,0.724790,0.783319,0.853487,0.668880,0.416320,0.564414,0.735749,0.655146,0.708265,0.491206,0.541362,0.833493,0.740718,0.883933,0.915519,0.169108,0.325860,0.337532,0.361197,0.231559,0.518659,0.220451,0.216898,0.511222,0.389742,0.471873,0.448041,0.868586,0.907273,0.414561,0.569753,0.302069,0.381957,0.273315,0.146550,0.175545,0.289687,0.849316,1.013007,0.000000,1.362959,0.904360,0.863399,0.883523,0.776968,0.847243,0.747206,0.605883,0.588539,0.624409,0.681627,0.593307,0.529222,0.717958,0.699679,0.752769,0.735895,0.997039,0.845707,0.552424,0.960035,1.114696,1.170353,0.685937,0.862506,0.437274,0.524616,0.526933,0.518362,0.557102,0.431254,0.755110,0.841715,0.407502,0.289677,0.779241,0.770695,0.256190,0.156667,0.763795,0.652878,0.416288,0.274614,0.565518,0.781606
0.742556,0.999200,0.508344,0.511237,0.545126,0.755588,0.634455,0.703977,0.529342,0.378658,0.549837,0.792542,0.610758,0.672231,0.495470,0.527145,0.750743,0.768905,0.763178,0.785717,0.176710,0.316453,0.216544,0.256575,0.094452,0.385612,0.259585,0.289668,0.466485,0.390161,0.368503,0.342084,0.751736,0.726619,0.172584,0.307323,0.229052,0.426918,0.268444,0.164919,0.161445,0.346867,0.666240,1.015180,1.362959,0.000000,0.832811,0.918619,1.046533,1.197972,0.814238,0.968222,0.715087,0.742321,0.707424,0.869969,0.515690,0.456776,0.696768,0.885116,0.679970,0.657681,0.825202,0.843704,0.283201,0.769902,0.928743,1.139706,0.569830,0.829632,0.442373,0.418134,0.444554,0.554834,0.524152,0.321582,0.580157,0.717381,0.331017,0.283216,0.646659,0.744359,0.198083,0.142759,0.580336,0.583125,0.373762,0.249362,0.471123,0.716247
0.772718,0.801642,0.578443,0.409605,0.627119,0.703385,0.589833,0.510372,0.613632,0.430028,0.618978,0.783893,0.662748,0.623711,0.535296,0.476864,0.836936,0.641119,0.667137,0.665123,0.364424,0.504909,0.389110,0.339331,0.326371,0.441464,0.382097,0.453388,0.559875,0.357517,0.476050,0.424474,0.703414,0.682720,0.244815,0.278556,0.330318,0.474737,0.443704,0.232616,0.277316,0.293359,1.424587,1.430420,0.904360,0.832811,0.000000,1.588219,1.089215,0.943336,1.217664,0.784377,0.995861,0.866846,1.106747,1.078717,0.594611,0.521015,0.617179,0.606237,0.580927,0.385031,0.729096,0.597985,0.336918,0.477859,0.753412,0.614149,0.681056,0.749352,0.401894,0.621095,0.537496,0.429450,0.560438,0.287612,0.655388,0.790429,0.466291,0.358007,0.779730,0.629289,0.155755,0.056819,0.776152,0.652337,0.440932,0.326668,0.620281,0.673484
0.865780,0.865009,0.695363,0.465027,0.790130,0.827062,0.647102,0.549832,0.683908,0.566335,0.635646,0.828943,0.670503,0.666979,0.662730,0.566403,0.786582,0.628526,0.767698,0.774174,0.352703,0.466867,0.446529,0.390422,0.379670,0.461971,0.359686,0.521622,0.505462,0.315053,0.496881,0.420451,0.720744,0.680225,0.250100,0.287017,0.352313,0.493214,0.487905,0.297926,0.254836,0.240564,1.031975,1.388933,0.863399,0.918619,1.588219,0.000000,1.143548,1.095161,1.341719,0.934613,1.257101,1.174649,1.332972,1.389734,0.610898,0.480355,0.693891,0.675887,0.608020,0.419882,0.720494,0.629022,0.372170,0.530334,0.870268,0.765314,0.689303,0.956225,0.383161,0.599518,0.462870,0.460446,0.510638,0.266063,0.624737,0.715882,0.427803,0.329269,0.746200,0.671274,0.140996,0.030233,0.831940,0.714382,0.508219,0.364319,0.781918,0.919213
0.753344,0.786054,0.493084,0.339109,0.604871,0.806262,0.582266,0.492619,0.576743,0.458195,0.611903,0.772756,0.646775,0.515082,0.615114,0.391815,0.643296,0.485554,0.618036,0.603427,0.172039,0.251241,0.256827,0.230243,0.220415,0.303815,0.433101,0.437038,0.316166,0.165642,0.216876,0.139446,0.584150,0.525274,0.083548,0.155027,0.397286,0.347423,0.361009,0.216440,0.211577,0.301051,0.763168,0.896274,0.883523,1.046533,1.089215,1.143548,0.000000,1.558547,1.264640,0.975001,1.300540,0.918599,1.165351,1.169581,0.446309,0.302662,0.894578,0.927028,0.711642,0.474274,0.714379,0.583513,0.237957,0.494306,0.862188,0.701466,0.516805,0.749640,0.261598,0.363541,0.475486,0.338110,0.481300,0.210100,0.563961,0.578976,0.199993,0.086912,0.528564,0.469666,0.304950,0.209264,0.570503,0.351220,0.437829,0.337789,0.634537,0.648771
