0.000000,1.491625,0.814903,0.918280,0.622818,0.849335,0.886010,1.010925,0.656242,0.869031,0.876412,0.834026,0.896357,0.910188,0.819968,0.935385,0.568252,0.752940,1.054117,1.347515,0.022642,0.025398,0.664038,0.700720,0.478154,0.546960,0.619779,0.628089,0.536360,0.337269,0.644643,0.621665,1.142542,1.184953,0.657147,0.648653,0.460080,0.464451,0.281044,-0.010370,0.321040,0.128152,1.069370,0.891919,1.055271,1.026211,1.051359,0.946030,0.743386,0.889536,0.935208,0.804605,1.012052,0.566535,0.878271,0.762867,1.335693,0.895090,0.832121,0.635385,1.059745,1.027454,0.910480,1.005784,0.683184,0.737749,0.980926,0.936597,0.962230,0.790075,0.581735,0.342041,0.913652,0.785427,0.884875,0.834376,1.115813,0.954585,0.645167,0.540335,0.770527,0.729858,0.322116,0.516236,1.003227,1.010517,0.704105,0.857835,0.817306,1.030070
1.491625,0.000000,0.642103,0.799868,0.516331,0.748674,0.682929,0.812457,0.557807,0.726491,0.720636,0.791081,0.770002,0.837286,0.624885,0.740404,0.584129,0.916822,0.817301,1.204012,0.059250,0.054683,0.511117,0.565410,0.402161,0.476370,0.546949,0.542314,0.509412,0.390580,0.531742,0.548944,0.948735,1.012873,0.510180,0.546828,0.486792,0.556270,0.355984,0.073446,0.432925,0.200483,0.979296,0.791224,0.980886,0.882311,1.017116,0.970002,0.769707,0.854207,0.834740,0.761082,0.937334,0.542256,0.846542,0.795034,1.366715,1.155474,0.694698,0.745672,1.001963,0.970525,0.864146,1.121655,0.480982,0.572790,0.920967,0.918609,0.916989,0.822969,0.590662,0.402218,0.830967,0.819929,0.857908,0.749534,1.064011,0.924271,0.646710,0.613579,0.799945,0.842573,0.259392,0.498197,0.869988,0.949775,0.505005,0.650263,0.751134,0.871577
0.814903,0.642103,0.000000,1.146411,0.884981,0.712347,1.710731,1.050887,0.785928,0.764647,0.695306,0.614094,0.769418,0.698863,0.742270,0.849339,0.272308,0.387167,1.050350,1.011518,0.090652,0.102417,1.470276,1.191397,0.810410,0.689734,0.626758,0.627920,0.318302,0.082983,0.787239,0.879484,0.930664,0.906935,0.850242,0.809351,0.409378,0.432631,0.316787,-0.060115,0.317348,0.100616,0.800175,0.671606,0.707476,0.733167,0.737465,0.709645,0.439023,0.579624,0.874104,0.649181,0.487864,0.494655,0.518496,0.510944,0.441226,0.337885,0.591650,0.139408,0.636741,0.498891,0.457114,0.429747,1.079974,0.881435,1.015690,0.908815,0.582133,0.587371,0.509672,0.387798,0.710594,0.536953,0.752827,0.616083,0.809310,0.755874,0.461505,0.378172,0.390319,0.398318,0.273796,0.381822,0.795480,0.839525,0.549166,0.729467,0.762891,0.961267
0.918280,0.799868,1.146411,0.000000,0.710236,0.777381,1.019144,1.579804,0.619690,1.049853,0.597364,0.705230,0.646847,0.888935,0.585537,0.845663,0.308082,0.561039,0.960630,1.127287,-0.013056,0.025357,1.046376,1.367490,0.582949,0.613521,0.485267,0.537170,0.338719,0.128093,0.753256,0.832955,0.883588,1.059544,0.625152,0.632602,0.289091,0.367243,0.228281,-0.133351,0.193935,0.013620,0.791658,0.667265,0.770712,0.875435,0.832066,0.812342,0.551790,0.753069,0.814247,0.690170,0.651776,0.453714,0.627588,0.518744,0.593075,0.420675,0.525427,0.417292,0.635918,0.690961,0.662812,0.708600,0.766127,0.841853,0.866325,0.960419,0.599648,0.635956,0.415010,0.209982,0.622447,0.537377,0.600445,0.478875,0.750516,0.662578,0.434221,0.357062,0.519321,0.482790,0.163637,0.375120,0.781386,0.941829,0.531060,0.586893,0.722918,0.987149
0.622818,0.516331,0.884981,0.710236,0.000000,0.780981,1.078265,0.725638,1.243130,0.740380,0.759983,0.615165,0.779200,0.544345,0.778691,0.701271,0.384298,0.453533,0.781712,0.716629,0.367348,0.398197,0.855265,0.776163,0.926393,0.724819,0.787316,0.690531,0.418227,0.316362,0.723614,0.765717,0.768250,0.741077,0.695542,0.677910,0.585954,0.625579,0.461743,0.190486,0.378436,0.313760,0.737336,0.640655,0.613823,0.649469,0.718632,0.678269,0.416129,0.540136,0.724755,0.658769,0.525572,0.515236,0.581012,0.718598,0.393500,0.385908,0.445498,0.203068,0.612781,0.500987,0.452252,0.414990,0.876412,0.849098,0.822192,0.799338,0.527677,0.638528,0.500190,0.498562,0.725436,0.630512,0.766623,0.764437,0.768827,0.780681,0.448758,0.479190,0.419839,0.505970,0.286026,0.501067,0.760947,0.835030,0.542296,0.821401,0.784420,0.963515
0.849335,0.748674,0.712347,0.777381,0.780981,0.000000,0.874282,0.838039,1.083203,1.117793,0.897155,0.952022,0.958997,0.919422,1.085290,1.117461,0.647216,0.707700,0.768063,0.861695,0.239989,0.173321,0.681201,0.662493,0.725293,0.944916,1.062510,1.142245,0.517639,0.399499,0.606883,0.708548,0.900435,0.925495,0.752077,0.606506,0.738593,0.705616,0.587013,0.262059,0.378327,0.405358,1.101753,1.010175,1.023125,1.064488,1.070565,1.004466,0.653033,0.834468,1.046837,0.827769,0.924969,0.820196,0.756286,0.762164,0.774953,0.630341,0.573792,0.505534,0.893375,0.907456,0.746258,0.810439,0.860695,0.958997,1.020726,0.927209,0.811871,0.853043,0.553417,0.323935,0.743451,0.678144,0.838252,0.756518,1.032814,0.955913,0.734053,0.656835,0.784092,0.823495,0.446566,0.722902,1.142204,1.146789,0.796758,0.852842,1.058379,1.276474
0.886010,0.682929,1.710731,1.019144,1.078265,0.874282,0.000000,1.096051,1.063462,0.827863,0.954039,0.825870,1.058780,0.766573,0.883396,0.894009,0.384177,0.462969,1.023612,0.984146,0.203539,0.174448,1.159364,0.943126,0.825549,0.738809,0.749983,0.699030,0.419429,0.239977,0.819242,0.881826,1.040512,1.007648,0.846568,0.838039,0.537993,0.528469,0.396485,0.043011,0.320554,0.201705,0.903238,0.769774,0.764134,0.780197,0.862775,0.791835,0.486152,0.596469,0.931133,0.692401,0.577247,0.558592,0.628778,0.684761,0.541944,0.404683,0.685070,0.205462,0.856115,0.676317,0.592730,0.542768,1.135761,0.972548,1.103099,0.921685,0.653216,0.632195,0.534368,0.438475,0.827610,0.669518,0.885603,0.773693,0.957604,0.876867,0.528935,0.467453,0.474900,0.529974,0.348249,0.498707,0.907342,0.962107,0.593395,0.866533,0.897791,1.140435
1.010925,0.812457,1.050887,1.579804,0.725638,0.838039,1.096051,0.000000,0.669068,1.175604,0.782922,0.997588,0.853399,1.132547,0.628460,0.850862,0.410748,0.637554,0.911486,1.088488,-0.018660,-0.004001,0.866079,1.101517,0.440979,0.525805,0.435631,0.488422,0.460688,0.232948,0.726397,0.766171,0.965092,1.208236,0.542917,0.607326,0.330713,0.359112,0.181975,-0.120294,0.176560,0.071719,0.867692,0.738007,0.806811,0.940599,0.945549,0.892531,0.600827,0.808660,0.812457,0.736691,0.769332,0.550511,0.689896,0.581028,0.674742,0.390613,0.642126,0.473818,0.880544,0.872933,0.840566,0.885329,0.693443,0.826798,0.824951,0.906948,0.569579,0.590819,0.418377,0.208058,0.725859,0.600542,0.655841,0.565272,0.864116,0.715881,0.465450,0.326617,0.587845,0.552925,0.230572,0.450516,0.817927,1.029956,0.565580,0.597195,0.733350,1.048950
0.656242,0.557807,0.785928,0.619690,1.243130,1.083203,1.063462,0.669068,0.000000,0.761481,1.091713,0.850828,1.092051,0.680828,0.995486,0.816594,0.583688,0.610700,0.646088,0.652207,0.440728,0.410074,0.636297,0.535621,0.856228,0.801896,0.962283,0.858730,0.542864,0.444407,0.586843,0.616949,0.764728,0.753305,0.663384,0.627046,0.759118,0.742897,0.542107,0.307804,0.440530,0.438864,0.859001,0.814770,0.760406,0.732456,0.865449,0.768933,0.593028,0.607454,0.874012,0.754508,0.631736,0.571237,0.704617,0.893804,0.529915,0.412675,0.570663,0.274570,0.791094,0.663820,0.588364,0.521857,0.874543,0.889484,0.926250,0.772066,0.613082,0.662267,0.548963,0.494621,0.748001,0.720638,0.823801,0.839782,0.879399,0.855092,0.590389,0.654135,0.536635,0.696008,0.389672,0.637367,0.886156,0.937483,0.535167,0.897005,0.951271,1.028973
0.869031,0.726491,0.764647,1.049853,0.740380,1.117793,0.827863,1.175604,0.761481,0.000000,0.668211,0.872609,0.776582,1.114680,0.690218,0.961052,0.397959,0.609228,0.847453,0.886302,0.021892,0.032736,0.753751,0.846712,0.540466,0.676130,0.593499,0.715252,0.344026,0.259543,0.682928,0.709326,0.840535,0.956444,0.554620,0.515201,0.395644,0.481358,0.266285,0.001197,0.175096,0.155117,0.856973,0.801084,0.836787,1.049552,0.926323,0.960554,0.638115,0.932669,0.841510,0.851698,0.799814,0.661699,0.611916,0.600715,0.619664,0.439734,0.482163,0.536731,0.734694,0.853025,0.657031,0.804022,0.696170,0.921376,0.758041,0.833603,0.601975,0.665388,0.387940,0.209430,0.641541,0.612414,0.673436,0.572282,0.820058,0.740791,0.480724,0.376160,0.549953,0.592433,0.232339,0.472621,0.787352,1.026474,0.563528,0.573244,0.770849,1.115509
0.876412,0.720636,0.695306,0.597364,0.759983,0.897155,0.954039,0.782922,1.091713,0.668211,0.000000,1.273656,1.828409,0.953888,1.019899,0.890127,0.954689,0.846636,0.718958,0.796217,0.345403,0.322376,0.491273,0.462773,0.587115,0.656438,0.823423,0.725027,0.866572,0.643955,0.538612,0.575204,0.917686,0.930655,0.560964,0.525915,0.753468,0.701799,0.545764,0.340226,0.498815,0.467158,1.039309,0.936120,0.909310,0.784895,1.009652,0.865383,0.746129,0.635040,0.942185,0.766267,0.871361,0.583795,0.894106,0.838803,0.813108,0.515765,0.849536,0.423062,1.294987,0.940184,1.012878,0.870735,0.708550,0.746660,0.921930,0.653419,0.718879,0.586349,0.521794,0.423971,0.890774,0.775212,0.855441,0.897402,1.050625,0.874352,0.885255,0.706771,0.870526,1.042781,0.588401,0.901610,1.083854,1.054610,0.616703,0.864401,0.929743,0.938934
0.834026,0.791081,0.614094,0.705230,0.615165,0.952022,0.825870,0.997588,0.850828,0.872609,1.273656,0.000000,1.279181,1.240087,0.834601,0.894073,0.793956,0.961238,0.641636,0.791093,0.284289,0.242133,0.451203,0.503946,0.448259,0.585738,0.687065,0.668148,0.750062,0.751142,0.630325,0.646522,0.936673,1.085611,0.504919,0.544513,0.614397,0.654628,0.419982,0.256371,0.371019,0.407869,1.095050,1.044374,0.978721,0.881584,1.039234,0.996014,0.764455,0.761056,0.837725,0.823545,0.872260,0.658656,0.838966,0.818351,0.820430,0.489761,0.769524,0.546528,1.196383,1.203487,0.977923,1.118615,0.577050,0.794333,0.782097,0.685574,0.553648,0.512498,0.417297,0.283380,0.807806,0.831622,0.822210,0.784930,0.928438,0.782438,0.729791,0.675993,0.817410,0.999917,0.490450,0.816731,0.920091,1.142220,0.565836,0.691042,0.855541,0.994030
0.896357,0.770002,0.769418,0.646847,0.779200,0.958997,1.058780,0.853399,1.092051,0.776582,1.828409,1.279181,0.000000,1.085576,1.021982,0.884162,0.764615,0.868386,0.741754,0.814574,0.248410,0.231549,0.543233,0.492121,0.523162,0.633467,0.783231,0.690703,0.712869,0.578220,0.559552,0.594463,0.958069,0.997263,0.532184,0.549250,0.702368,0.665268,0.488140,0.253916,0.465789,0.401207,1.071028,1.016942,0.939432,0.863715,1.119790,0.970475,0.813293,0.727534,0.945575,0.804284,0.866878,0.692378,0.861287,0.947641,0.772488,0.487207,0.925009,0.426667,1.393075,0.905912,1.009616,0.905449,0.665599,0.732344,0.970027,0.719539,0.708471,0.586155,0.531897,0.446106,0.964833,0.837113,0.984425,0.934513,1.105220,0.927662,0.717791,0.659333,0.751502,0.931487,0.505681,0.814760,0.977787,1.087565,0.602086,0.854457,0.916479,1.077316
0.910188,0.837286,0.698863,0.888935,0.544345,0.919422,0.766573,1.132547,0.680828,1.114680,0.953888,1.240087,1.085576,0.000000,0.808149,1.070160,0.683489,0.907604,0.715548,0.856060,0.092867,0.114374,0.616529,0.715497,0.448579,0.656653,0.589253,0.637509,0.601904,0.446425,0.665099,0.733480,0.960754,1.095762,0.529962,0.537133,0.534335,0.529393,0.347657,0.090619,0.351617,0.242390,1.040575,0.928131,0.958512,0.951117,1.084280,1.040024,0.795410,0.893125,0.988306,0.845047,0.984418,0.755762,0.768474,0.665643,0.802426,0.466430,0.636523,0.577527,1.005771,0.970223,1.006940,1.118585,0.604325,0.755386,0.801354,0.768556,0.580760,0.581840,0.415891,0.184809,0.822283,0.715213,0.788816,0.647663,0.914978,0.767733,0.670781,0.504481,0.764374,0.787423,0.353283,0.687134,0.949138,1.153047,0.610732,0.626920,0.849152,1.033733
0.819968,0.624885,0.742270,0.585537,0.778691,1.085290,0.883396,0.628460,0.995486,0.690218,1.019899,0.834601,1.021982,0.808149,0.000000,1.418606,0.684698,0.567908,0.856525,0.805606,0.377955,0.316616,0.769298,0.651192,0.881611,1.009460,1.301326,1.206244,0.681993,0.527358,0.710618,0.775229,0.942490,0.879315,1.062316,0.842855,0.799869,0.651663,0.714293,0.437555,0.444594,0.511663,1.056571,0.903404,0.936614,0.779824,0.926225,0.813451,0.525829,0.540692,0.955811,0.648323,0.762880,0.674914,0.758147,0.805201,0.720970,0.615693,0.541630,0.277303,0.728159,0.764760,0.622240,0.615638,1.093563,0.937146,0.867974,0.766371,0.667790,0.704223,0.622660,0.418973,0.805454,0.706796,0.944846,0.965734,1.045267,0.969520,0.780787,0.780862,0.746800,0.795640,0.684781,0.838521,1.194040,0.929340,0.939123,1.162461,1.061480,1.160400
0.935385,0.740404,0.849339,0.845663,0.701271,1.117461,0.894009,0.850862,0.816594,0.961052,0.890127,0.894073,0.884162,1.070160,1.418606,0.000000,0.638625,0.627940,0.925434,0.991826,0.257200,0.255727,0.928279,0.929866,0.878507,1.070961,1.049933,1.181499,0.616916,0.482915,0.900477,1.012654,1.101495,1.075377,1.063079,0.832517,0.650226,0.583316,0.553806,0.243402,0.357142,0.327693,1.101728,0.923974,1.047813,0.889389,1.003890,0.910000,0.586877,0.684496,1.122373,0.789615,0.856724,0.644215,0.797612,0.697796,0.741446,0.600011,0.478066,0.349976,0.692663,0.786814,0.710145,0.733410,1.093003,1.009703,0.916488,0.863638,0.683578,0.747592,0.605507,0.407274,0.880252,0.769232,0.932930,0.885866,1.041334,0.930304,0.813523,0.686927,0.768035,0.783192,0.493796,0.762691,1.224571,1.138219,0.862788,1.049004,0.998652,1.286981
0.568252,0.584129,0.272308,0.308082,0.384298,0.647216,0.384177,0.410748,0.583688,0.397959,0.954689,0.793956,0.764615,0.683489,0.684698,0.638625,0.000000,0.917634,0.400843,0.560695,0.323669,0.322250,0.187109,0.258989,0.426540,0.572918,0.603168,0.545311,1.195141,0.752897,0.358821,0.455107,0.702535,0.680678,0.421897,0.376689,0.852096,0.745600,0.656509,0.531893,0.599652,0.599015,0.852403,0.681254,0.765744,0.597825,0.830290,0.653771,0.583903,0.492564,0.764142,0.595938,0.840438,0.543338,0.770638,0.538581,0.828580,0.499833,0.506075,0.434470,0.752864,0.681966,0.873516,0.782091,0.407288,0.436166,0.646114,0.494622,0.545782,0.427369,0.360706,0.207759,0.678842,0.632580,0.648207,0.595918,0.782499,0.663591,1.180054,0.729418,1.256438,1.171977,0.651460,1.023576,1.009403,0.862861,0.554399,0.606169,0.627553,0.545400
0.752940,0.916822,0.387167,0.561039,0.453533,0.707700,0.462969,0.637554,0.610700,0.609228,0.846636,0.961238,0.868386,0.907604,0.567908,0.627940,0.917634,0.000000,0.419180,0.734205,0.219058,0.192310,0.267101,0.399365,0.328756,0.487031,0.512397,0.495112,0.769800,0.714186,0.382056,0.464518,0.701065,0.869375,0.270285,0.353716,0.666141,0.679096,0.472578,0.290599,0.608615,0.453912,0.958284,0.894750,0.972251,0.835181,0.980470,0.932483,0.926478,0.860294,0.765951,0.780277,0.855190,0.610056,0.915992,0.794392,0.868186,0.591171,0.677158,0.709712,0.886876,0.755603,1.035998,1.132231,0.271755,0.460162,0.776507,0.746543,0.563703,0.537830,0.490246,0.376500,0.780999,0.730658,0.749055,0.642442,0.882920,0.766140,0.785091,0.757020,1.017418,1.110671,0.434682,0.779393,0.811307,1.091046,0.466686,0.547965,0.635439,0.752768
1.054117,0.817301,1.050350,0.960630,0.781712,0.768063,1.023612,0.911486,0.646088,0.847453,0.718958,0.641636,0.741754,0.715548,0.856525,0.925434,0.400843,0.419180,0.000000,1.405846,0.032539,-0.036167,1.090078,0.923141,0.647862,0.610239,0.669870,0.627911,0.374252,0.142717,0.739851,0.707004,1.000006,0.943705,0.845118,0.720079,0.472824,0.431270,0.356318,0.061726,0.189439,0.165802,0.861796,0.666121,0.707734,0.775296,0.751521,0.828518,0.355262,0.574318,0.710766,0.498420,0.608517,0.445476,0.567916,0.516367,0.718060,0.626595,0.555358,0.318311,0.730790,0.762097,0.528026,0.590898,0.993848,0.830292,0.798359,0.831675,0.911541,0.817557,0.489426,0.302729,0.735076,0.571476,0.743372,0.718542,0.963141,0.924424,0.573100,0.433143,0.582321,0.543156,0.402056,0.423504,0.937345,0.757456,0.723356,0.764913,0.882658,0.923389
1.347515,1.204012,1.011518,1.127287,0.716629,0.861695,0.984146,1.088488,0.652207,0.886302,0.796217,0.791093,0.814574,0.856060,0.805606,0.991826,0.560695,0.734205,1.405846,0.000000,0.041266,-0.029740,0.903928,0.964520,0.576368,0.629557,0.653778,0.650280,0.567381,0.295565,0.749326,0.790354,1.211929,1.302578,0.719622,0.700353,0.540806,0.521017,0.375841,0.035573,0.319358,0.188471,1.025399,0.802234,0.935445,0.920910,1.010391,1.006389,0.557087,0.733325,0.878257,0.653468,0.850068,0.528185,0.816934,0.621843,0.967223,0.755471,0.712245,0.520251,0.922823,0.870886,0.846201,0.928169,0.781037,0.725385,1.055432,1.083930,1.045371,0.962037,0.618046,0.358410,0.937462,0.719258,0.878396,0.794547,1.154242,1.046728,0.746535,0.586758,0.879991,0.803155,0.389831,0.565727,1.082292,1.079491,0.707114,0.802861,0.885495,1.072217
0.022642,0.059250,0.090652,-0.013056,0.367348,0.239989,0.203539,-0.018660,0.440728,0.021892,0.345403,0.284289,0.248410,0.092867,0.377955,0.257200,0.323669,0.219058,0.032539,0.041266,0.000000,1.112422,0.037380,0.025614,0.548451,0.560852,0.570510,0.469876,0.516040,0.704584,0.339902,0.381423,0.243097,0.195979,0.321293,0.257561,0.478903,0.428401,0.721316,0.687126,0.514516,0.536147,0.253458,0.292407,0.235835,0.041793,0.218399,0.129590,0.100799,-0.034876,0.243043,0.271636,0.082866,0.110280,0.216206,0.327571,0.042758,0.242809,0.038828,-0.011731,0.105691,0.153006,0.096509,0.024188,0.260271,0.291163,0.213656,0.078147,0.064512,0.199365,0.368284,0.406374,0.324798,0.299683,0.341974,0.310684,0.175679,0.171182,0.375138,0.543870,0.274785,0.368541,0.442612,0.559145,0.279507,0.263206,0.211838,0.314267,0.248587,0.179837
0.025398,0.054683,0.102417,0.025357,0.398197,0.173321,0.174448,-0.004001,0.410074,0.032736,0.322376,0.242133,0.231549,0.114374,0.316616,0.255727,0.322250,0.192310,-0.036167,-0.029740,1.112422,0.000000,0.081950,0.118864,0.634948,0.609409,0.453844,0.404326,0.441473,0.686134,0.347573,0.408450,0.229157,0.169967,0.320890,0.242507,0.380554,0.445198,0.472888,0.482340,0.444874,0.367384,0.234134,0.263465,0.234947,0.059105,0.183532,0.102956,0.161019,0.016166,0.267078,0.330908,0.076331,0.066410,0.192231,0.297337,0.039697,0.175347,0.007452,-0.006633,0.029028,0.125425,0.058861,0.025988,0.277291,0.337304,0.206771,0.067680,-0.023954,0.055138,0.309162,0.428497,0.314669,0.326255,0.298077,0.259324,0.132505,0.104905,0.337202,0.485594,0.163929,0.326193,0.268139,0.509111,0.236505,0.270832,0.145090,0.334486,0.178460,0.144104
0.664038,0.511117,1.470276,1.046376,0.855265,0.681201,1.159364,0.866079,0.636297,0.753751,0.491273,0.451203,0.543233,0.616529,0.769298,0.928279,0.187109,0.267101,1.090078,0.903928,0.037380,0.081950,0.000000,1.554510,0.933676,0.775929,0.645100,0.686290,0.179837,-0.000251,0.857989,0.955737,0.753612,0.739014,0.988363,0.849135,0.359272,0.401577,0.304214,-0.055482,0.213640,0.072303,0.698347,0.549950,0.589868,0.638988,0.589441,0.652768,0.267777,0.487986,0.724614,0.466756,0.407457,0.427727,0.372240,0.368078,0.355995,0.344034,0.334486,0.090495,0.413019,0.421357,0.312515,0.334335,1.253904,0.915771,0.790240,0.831653,0.524871,0.629577,0.408587,0.333343,0.559018,0.413180,0.592319,0.508897,0.714039,0.713938,0.379517,0.319276,0.315419,0.305556,0.203413,0.314597,0.758610,0.718762,0.552589,0.677143,0.742912,0.912635
0.700720,0.565410,1.191397,1.367490,0.776163,0.662493,0.943126,1.101517,0.535621,0.846712,0.462773,0.503946,0.492121,0.715497,0.651192,0.929866,0.258989,0.399365,0.923141,0.964520,0.025614,0.118864,1.554510,0.000000,0.778796,0.750965,0.521642,0.593208,0.308918,0.105491,0.805663,0.975924,0.789243,0.866550,0.797708,0.752434,0.307234,0.359757,0.261382,-0.088599,0.177117,0.049055,0.704331,0.547183,0.634150,0.703267,0.669978,0.662623,0.348354,0.565225,0.735081,0.546127,0.508578,0.425170,0.485074,0.366388,0.400180,0.351849,0.330198,0.211434,0.391893,0.464882,0.437171,0.454393,0.987058,0.875298,0.755852,0.861692,0.468520,0.607839,0.417111,0.265087,0.576651,0.450976,0.549297,0.438578,0.688819,0.628726,0.439197,0.331165,0.423864,0.373581,0.181184,0.376087,0.770719,0.841617,0.565247,0.606317,0.669350,0.927316
0.478154,0.402161,0.810410,0.582949,0.926393,0.725293,0.825549,0.440979,0.856228,0.540466,0.587115,0.448259,0.523162,0.448579,0.881611,0.878507,0.426540,0.328756,0.647862,0.576368,0.548451,0.634948,0.933676,0.778796,0.000000,1.443088,1.077778,1.069159,0.430619,0.320072,0.880644,1.061901,0.730011,0.611769,1.084917,0.748037,0.650349,0.718994,0.629928,0.371916,0.447528,0.416913,0.701561,0.571973,0.594656,0.520473,0.585015,0.587284,0.304350,0.355366,0.834993,0.552100,0.400064,0.402576,0.437821,0.491329,0.370502,0.425689,0.202462,0.021129,0.324970,0.366067,0.260315,0.252453,1.133572,0.884347,0.767693,0.636353,0.458367,0.523710,0.541448,0.479950,0.633718,0.493766,0.680161,0.588398,0.635582,0.656973,0.636249,0.604717,0.441191,0.509932,0.420792,0.592837,0.834587,0.741093,0.573450,0.855935,0.779973,0.721552
0.546960,0.476370,0.689734,0.613521,0.724819,0.944916,0.738809,0.525805,0.801896,0.676130,0.656438,0.585738,0.633467,0.656653,1.009460,1.070961,0.572918,0.487031,0.610239,0.629557,0.560852,0.609409,0.775929,0.750965,1.443088,0.000000,1.102528,1.232260,0.530908,0.471785,0.931830,1.189158,0.872264,0.792519,1.022113,0.790455,0.683779,0.684036,0.672331,0.429722,0.433882,0.467302,0.869176,0.781409,0.799232,0.665959,0.740183,0.727744,0.447646,0.450186,0.950178,0.684736,0.526310,0.552370,0.503100,0.540002,0.483360,0.470029,0.270180,0.156046,0.412230,0.518829,0.412154,0.423132,0.991245,0.889205,0.747993,0.633393,0.512538,0.529844,0.608712,0.463149,0.725149,0.567524,0.777656,0.607648,0.700592,0.692809,0.745030,0.727660,0.591935,0.675840,0.511034,0.794117,0.927326,0.896406,0.629872,0.851170,0.774841,0.838445
0.619779,0.546949,0.626758,0.485267,0.787316,1.062510,0.749983,0.435631,0.962283,0.593499,0.823423,0.687065,0.783231,0.589253,1.301326,1.049933,0.603168,0.512397,0.669870,0.653778,0.570510,0.453844,0.645100,0.521642,1.077778,1.102528,0.000000,1.719068,0.545344,0.492286,0.675599,0.774290,0.818543,0.682031,1.027792,0.721588,0.817109,0.782450,0.857255,0.531298,0.477780,0.588379,0.920516,0.814623,0.783360,0.675221,0.760406,0.735890,0.447390,0.481609,0.852752,0.582083,0.625047,0.613083,0.638811,0.718807,0.608222,0.644536,0.372622,0.268477,0.599302,0.599476,0.471122,0.482332,0.906494,0.808814,0.821788,0.674776,0.681096,0.728001,0.544882,0.446997,0.698457,0.619087,0.854623,0.830996,0.865840,0.825229,0.737850,0.782449,0.697656,0.789129,0.574486,0.810184,1.015642,0.849473,0.722912,0.989653,0.989890,0.929169
0.628089,0.542314,0.627920,0.537170,0.690531,1.142245,0.699030,0.488422,0.858730,0.715252,0.725027,0.668148,0.690703,0.637509,1.206244,1.181499,0.545311,0.495112,0.627911,0.650280,0.469876,0.404326,0.686290,0.593208,1.069159,1.232260,1.719068,0.000000,0.468462,0.435419,0.685879,0.826300,0.805917,0.715313,1.073228,0.775765,0.717131,0.729782,0.712904,0.463887,0.417931,0.531075,0.943903,0.874308,0.862081,0.786514,0.791542,0.782649,0.535402,0.607938,0.961574,0.709616,0.655918,0.656258,0.618995,0.724874,0.561996,0.544480,0.333020,0.244130,0.525292,0.576175,0.422355,0.454373,0.931960,0.930878,0.788940,0.714895,0.650146,0.702420,0.535566,0.428957,0.676670,0.611892,0.807567,0.810697,0.830424,0.818895,0.679408,0.739919,0.625496,0.700046,0.503134,0.744002,0.996417,0.912802,0.700286,0.972394,0.931755,0.991947
0.536360,0.509412,0.318302,0.338719,0.418227,0.517639,0.419429,0.460688,0.542864,0.344026,0.866572,0.750062,0.712869,0.601904,0.681993,0.616916,1.195141,0.769800,0.374252,0.567381,0.516040,0.441473,0.179837,0.308918,0.430619,0.530908,0.545344,0.468462,0.000000,0.944798,0.399292,0.502182,0.715772,0.722577,0.365824,0.328116,0.800323,0.594463,0.661509,0.499954,0.553250,0.580510,0.691485,0.559180,0.626645,0.435297,0.759634,0.506379,0.456978,0.320124,0.630330,0.510771,0.673215,0.419116,0.814330,0.516360,0.652441,0.438629,0.497696,0.291347,0.627875,0.554181,0.798867,0.667013,0.370723,0.355951,0.572234,0.439345,0.395519,0.390615,0.543453,0.268364,0.756720,0.634772,0.645174,0.633522,0.711643,0.569943,1.163017,0.746461,1.196477,1.024488,0.811127,1.074324,0.843916,0.772781,0.624249,0.608813,0.498888,0.494658
0.337269,0.390580,0.082983,0.128093,0.316362,0.399499,0.239977,0.232948,0.444407,0.259543,0.643955,0.751142,0.578220,0.446425,0.527358,0.482915,0.752897,0.714186,0.142717,0.295565,0.704584,0.686134,-0.000251,0.105491,0.320072,0.471785,0.492286,0.435419,0.944798,0.000000,0.382967,0.414628,0.509045,0.507830,0.269879,0.294145,0.534411,0.589788,0.506505,0.542253,0.401013,0.519279,0.586634,0.648947,0.600441,0.359235,0.527135,0.386827,0.460926,0.270181,0.421664,0.561265,0.448376,0.382409,0.564693,0.576140,0.421240,0.378421,0.393447,0.297511,0.437132,0.510078,0.541578,0.545167,0.202291,0.320596,0.334773,0.215469,0.181382,0.198642,0.486691,0.440018,0.604856,0.784052,0.589870,0.620513,0.490563,0.398559,0.685643,0.884614,0.640755,0.897472,0.540572,0.890852,0.468176,0.618506,0.315643,0.436693,0.300897,0.412904
0.644643,0.531742,0.787239,0.753256,0.723614,0.606883,0.819242,0.726397,0.586843,0.682928,0.538612,0.630325,0.559552,0.665099,0.710618,0.900477,0.358821,0.382056,0.739851,0.749326,0.339902,0.347573,0.857989,0.805663,0.880644,0.931830,0.675599,0.685879,0.399292,0.382967,0.000000,1.641100,1.071646,0.991952,0.886114,0.771292,0.263357,0.328140,0.269909,0.042170,0.250257,0.067455,0.709864,0.623494,0.683268,0.583412,0.547248,0.642500,0.285692,0.369010,0.702226,0.545302,0.416332,0.392009,0.318494,0.383416,0.463013,0.384949,0.267097,0.060565,0.438104,0.512063,0.474545,0.487538,0.798068,0.663778,0.577860,0.531631,0.382711,0.388650,0.481023,0.355732,0.824556,0.640199,0.745306,0.568881,0.561183,0.568537,0.479686,0.449102,0.422110,0.477060,0.225259,0.465370,0.641127,0.750928,0.414957,0.635005,0.489537,0.682609
0.621665,0.548944,0.879484,0.832955,0.765717,0.708548,0.881826,0.766171,0.616949,0.709326,0.575204,0.646522,0.594463,0.733480,0.775229,1.012654,0.455107,0.464518,0.707004,0.790354,0.381423,0.408450,0.955737,0.975924,1.061901,1.189158,0.774290,0.826300,0.502182,0.414628,1.641100,0.000000,1.071030,1.045357,0.961527,0.858194,0.422520,0.461569,0.414483,0.122378,0.353481,0.185445,0.818947,0.702271,0.784106,0.651265,0.672485,0.697124,0.349685,0.425748,0.860138,0.620224,0.473880,0.482189,0.423255,0.435289,0.453819,0.396714,0.283263,0.086090,0.454099,0.479950,0.498829,0.488619,0.876872,0.758574,0.722952,0.680915,0.404562,0.468909,0.525831,0.410735,0.865616,0.668043,0.813083,0.621064,0.660709,0.628921,0.614456,0.536996,0.540295,0.559800,0.320495,0.611762,0.786672,0.911570,0.514225,0.715779,0.587521,0.789786
1.142542,0.948735,0.930664,0.883588,0.768250,0.900435,1.040512,0.965092,0.764728,0.840535,0.917686,0.936673,0.958069,0.960754,0.942490,1.101495,0.702535,0.701065,1.000006,1.211929,0.243097,0.229157,0.753612,0.789243,0.730011,0.872264,0.818543,0.805917,0.715772,0.509045,1.071646,1.071030,0.000000,1.854588,0.946145,0.855355,0.550235,0.523498,0.421822,0.125355,0.382445,0.210175,1.155409,0.934257,1.038251,0.935221,1.010396,0.915138,0.576407,0.670329,1.093020,0.829441,0.803433,0.642157,0.755402,0.694235,0.916375,0.586844,0.648079,0.289200,0.876093,0.846687,0.852542,0.829134,0.891851,0.861056,0.984723,0.846250,0.736163,0.633159,0.577865,0.343187,1.311762,0.968047,1.238771,0.911698,1.059390,0.936788,0.829108,0.693359,0.823002,0.824672,0.407871,0.763030,1.117296,1.237614,0.735985,0.944744,0.795036,1.041745
1.184953,1.012873,0.906935,1.059544,0.741077,0.925495,1.007648,1.208236,0.753305,0.956444,0.930655,1.085611,0.997263,1.095762,0.879315,1.075377,0.680678,0.869375,0.943705,1.302578,0.195979,0.169967,0.739014,0.866550,0.611769,0.792519,0.682031,0.715313,0.722577,0.507830,0.991952,1.045357,1.854588,0.000000,0.789158,0.850858,0.521056,0.496099,0.371663,0.080092,0.400274,0.180681,1.196240,0.990517,1.134648,1.031865,1.131988,1.003522,0.660521,0.765820,1.054172,0.862270,0.844498,0.624897,0.829538,0.733432,0.912720,0.564607,0.712374,0.371626,0.951699,0.936521,0.969980,0.984575,0.787778,0.892130,0.990686,0.968472,0.676045,0.652247,0.552433,0.326071,1.247652,0.954558,1.158747,0.879288,1.077760,0.935966,0.767366,0.685999,0.857783,0.828651,0.374080,0.727237,1.073639,1.351052,0.726180,0.866372,0.806887,1.129799
0.657147,0.510180,0.850242,0.625152,0.695542,0.752077,0.846568,0.542917,0.663384,0.554620,0.560964,0.504919,0.532184,0.529962,1.062316,1.063079,0.421897,0.270285,0.845118,0.719622,0.321293,0.320890,0.988363,0.797708,1.084917,1.022113,1.027792,1.073228,0.365824,0.269879,0.886114,0.961527,0.946145,0.789158,0.000000,1.380811,0.578209,0.580463,0.487536,0.223862,0.281795,0.246469,0.806495,0.657251,0.716034,0.637827,0.602288,0.579051,0.282119,0.393316,0.840411,0.541310,0.432456,0.550978,0.449510,0.512141,0.516273,0.482866,0.291409,0.041875,0.415047,0.522018,0.292634,0.324281,1.338157,1.084451,0.771943,0.779760,0.520312,0.575847,0.515628,0.356865,0.730576,0.656361,0.878112,0.813812,0.819093,0.868685,0.568129,0.622875,0.456723,0.442887,0.365500,0.467296,0.922421,0.739625,0.779178,1.009554,0.804716,0.856515
0.648653,0.546828,0.809351,0.632602,0.677910,0.606506,0.838039,0.607326,0.627046,0.515201,0.525915,0.544513,0.549250,0.537133,0.842855,0.832517,0.376689,0.353716,0.720079,0.700353,0.257561,0.242507,0.849135,0.752434,0.748037,0.790455,0.721588,0.775765,0.328116,0.294145,0.771292,0.858194,0.855355,0.850858,1.380811,0.000000,0.542623,0.569611,0.363461,0.116806,0.282501,0.150515,0.794843,0.687976,0.695465,0.639437,0.629900,0.584767,0.340939,0.433488,0.693304,0.581672,0.358910,0.559473,0.448460,0.577310,0.485581,0.391100,0.390525,0.071716,0.474092,0.540477,0.274979,0.342913,0.945067,1.030666,0.716790,0.853185,0.442451,0.547539,0.512731,0.400828,0.690705,0.704345,0.912304,0.810803,0.826940,0.865622,0.417053,0.668443,0.384693,0.377297,0.267645,0.369621,0.738299,0.728285,0.621219,0.877897,0.698961,0.844424
0.460080,0.486792,0.409378,0.289091,0.585954,0.738593,0.537993,0.330713,0.759118,0.395644,0.753468,0.614397,0.702368,0.534335,0.799869,0.650226,0.852096,0.666141,0.472824,0.540806,0.478903,0.380554,0.359272,0.307234,0.650349,0.683779,0.817109,0.717131,0.800323,0.534411,0.263357,0.422520,0.550235,0.521056,0.578209,0.542623,0.000000,1.080300,0.966655,0.640627,0.607021,0.800717,0.769830,0.627140,0.625710,0.523968,0.814964,0.674410,0.442070,0.449744,0.675851,0.507763,0.593986,0.581855,0.776395,0.664246,0.587686,0.547516,0.476381,0.382940,0.654181,0.552378,0.476737,0.509822,0.579443,0.606348,0.787689,0.717113,0.566271,0.626494,0.599616,0.408504,0.601591,0.525532,0.753786,0.737897,0.919200,0.862918,0.901540,0.796471,0.886181,0.843350,0.830475,0.813684,0.975702,0.766673,0.791833,0.861569,0.841832,0.666205
0.464451,0.556270,0.432631,0.367243,0.625579,0.705616,0.528469,0.359112,0.742897,0.481358,0.701799,0.654628,0.665268,0.529393,0.651663,0.583316,0.745600,0.679096,0.431270,0.521017,0.428401,0.445198,0.401577,0.359757,0.718994,0.684036,0.782450,0.729782,0.594463,0.589788,0.328140,0.461569,0.523498,0.496099,0.580463,0.569611,1.080300,0.000000,0.817839,0.552133,0.601187,0.756308,0.751745,0.701912,0.653793,0.581657,0.800299,0.711983,0.522438,0.555572,0.695235,0.677149,0.595801,0.557064,0.688846,0.706943,0.536366,0.520099,0.423380,0.438604,0.593472,0.577858,0.436707,0.571798,0.524807,0.679530,0.813158,0.744618,0.531907,0.604680,0.548140,0.495580,0.582513,0.638690,0.713761,0.717151,0.875009,0.923910,0.698645,0.903143,0.717397,0.844981,0.477406,0.731515,0.829189,0.844156,0.518082,0.712480,0.831256,0.682141
0.281044,0.355984,0.316787,0.228281,0.461743,0.587013,0.396485,0.181975,0.542107,0.266285,0.545764,0.419982,0.488140,0.347657,0.714293,0.553806,0.656509,0.472578,0.356318,0.375841,0.721316,0.472888,0.304214,0.261382,0.629928,0.672331,0.857255,0.712904,0.661509,0.506505,0.269909,0.414483,0.421822,0.371663,0.487536,0.363461,0.966655,0.817839,0.000000,0.935161,0.750537,0.832761,0.576417,0.481975,0.493194,0.359778,0.659611,0.470928,0.313748,0.273538,0.550506,0.407059,0.478007,0.447191,0.600118,0.543772,0.350316,0.559032,0.263262,0.276950,0.400522,0.373262,0.357397,0.335008,0.487486,0.464022,0.571122,0.437285,0.410130,0.598586,0.491090,0.376375,0.419161,0.366959,0.564939,0.485817,0.601314,0.575002,0.688902,0.702300,0.744274,0.681752,0.754515,0.922638,0.752339,0.554725,0.574198,0.566721,0.700938,0.521442
-0.010370,0.073446,-0.060115,-0.133351,0.190486,0.262059,0.043011,-0.120294,0.307804,0.001197,0.340226,0.256371,0.253916,0.090619,0.437555,0.243402,0.531893,0.290599,0.061726,0.035573,0.687126,0.482340,-0.055482,-0.088599,0.371916,0.429722,0.531298,0.463887,0.499954,0.542253,0.042170,0.122378,0.125355,0.080092,0.223862,0.116806,0.640627,0.552133,0.935161,0.000000,0.375225,1.301592,0.304940,0.278669,0.243243,0.149549,0.287362,0.216884,0.170531,0.056326,0.207015,0.185242,0.238286,0.221993,0.305714,0.379880,0.161845,0.310736,0.034109,0.121072,0.115153,0.196468,0.086519,0.123392,0.188166,0.200585,0.092285,0.035277,0.152844,0.117005,0.233191,0.292535,0.114022,0.147958,0.214394,0.287405,0.219508,0.247989,0.479841,0.527185,0.475612,0.561679,0.920916,0.743186,0.369574,0.257566,0.284887,0.326210,0.341499,0.224428
0.321040,0.432925,0.317348,0.193935,0.378436,0.378327,0.320554,0.176560,0.440530,0.175096,0.498815,0.371019,0.465789,0.351617,0.444594,0.357142,0.599652,0.608615,0.189439,0.319358,0.514516,0.444874,0.213640,0.177117,0.447528,0.433882,0.477780,0.417931,0.553250,0.401013,0.250257,0.353481,0.382445,0.400274,0.281795,0.282501,0.607021,0.601187,0.750537,0.375225,0.000000,0.394252,0.510305,0.458994,0.518881,0.312580,0.550243,0.385007,0.447049,0.337780,0.564160,0.504348,0.407641,0.420970,0.499113,0.484586,0.337667,0.400311,0.413665,0.203998,0.417102,0.243287,0.368949,0.340949,0.232783,0.297729,0.616071,0.473306,0.262450,0.439705,0.495350,0.396868,0.562507,0.402453,0.573159,0.391115,0.466530,0.480841,0.553054,0.565864,0.514997,0.469646,0.339698,0.623711,0.483815,0.486353,0.408784,0.486920,0.385311,0.338526
0.128152,0.200483,0.100616,0.013620,0.313760,0.405358,0.201705,0.071719,0.438864,0.155117,0.467158,0.407869,0.401207,0.242390,0.511663,0.327693,0.599015,0.453912,0.165802,0.188471,0.536147,0.367384,0.072303,0.049055,0.416913,0.467302,0.588379,0.531075,0.580510,0.519279,0.067455,0.185445,0.210175,0.180681,0.246469,0.150515,0.800717,0.756308,0.832761,1.301592,0.394252,0.000000,0.444000,0.415243,0.370415,0.315164,0.435552,0.412350,0.300385,0.239608,0.351039,0.276964,0.390634,0.331215,0.438553,0.458627,0.275564,0.328541,0.167247,0.262914,0.282551,0.286693,0.231319,0.295747,0.257698,0.277287,0.290908,0.262673,0.300735,0.227470,0.301116,0.312453,0.240277,0.222944,0.312150,0.388428,0.399273,0.407874,0.565842,0.500515,0.599220,0.703516,0.959387,0.796806,0.524571,0.438083,0.355468,0.435609,0.490753,0.377157
1.069370,0.979296,0.800175,0.791658,0.737336,1.101753,0.903238,0.867692,0.859001,0.856973,1.039309,1.095050,1.071028,1.040575,1.056571,1.101728,0.852403,0.958284,0.861796,1.025399,0.253458,0.234134,0.698347,0.704331,0.701561,0.869176,0.920516,0.943903,0.691485,0.586634,0.709864,0.818947,1.155409,1.196240,0.806495,0.794843,0.769830,0.751745,0.576417,0.304940,0.510305,0.444000,0.000000,1.625117,1.639809,1.334161,1.457144,1.442305,0.965671,1.049527,1.330375,1.058931,1.111415,0.899254,1.064533,0.986535,0.918810,0.632922,0.799374,0.524110,1.002318,0.908124,0.875354,0.934919,0.790470,0.881187,1.131007,0.998388,0.731266,0.664514,0.538102,0.335174,0.957990,0.909291,1.136301,1.017869,1.263638,1.061680,0.881725,0.753302,0.951923,1.044939,0.509565,0.837980,1.255468,1.364117,0.683310,0.881715,1.035648,1.216737
0.891919,0.791224,0.671606,0.667265,0.640655,1.010175,0.769774,0.738007,0.814770,0.801084,0.936120,1.044374,1.016942,0.928131,0.903404,0.923974,0.681254,0.894750,0.666121,0.802234,0.292407,0.263465,0.549950,0.547183,0.571973,0.781409,0.814623,0.874308,0.559180,0.648947,0.623494,0.702271,0.934257,0.990517,0.657251,0.687976,0.627140,0.701912,0.481975,0.278669,0.458994,0.415243,1.625117,0.000000,1.669845,1.314156,1.160236,1.198095,1.099494,1.088013,1.124557,1.213990,0.899645,0.862555,0.820508,0.989134,0.715274,0.491290,0.896073,0.478472,0.904839,0.801864,0.788792,0.796454,0.631296,0.800522,0.961006,0.829541,0.650310,0.554177,0.490561,0.361722,0.847357,0.900692,0.983239,0.992255,0.947737,0.872171,0.651332,0.798682,0.732770,0.884371,0.445025,0.746357,0.913839,1.160720,0.569490,0.791320,0.770901,1.062420
1.055271,0.980886,0.707476,0.770712,0.613823,1.023125,0.764134,0.806811,0.760406,0.836787,0.909310,0.978721,0.939432,0.958512,0.936614,1.047813,0.765744,0.972251,0.707734,0.935445,0.235835,0.234947,0.589868,0.634150,0.594656,0.799232,0.783360,0.862081,0.626645,0.600441,0.683268,0.784106,1.038251,1.134648,0.716034,0.695465,0.625710,0.653793,0.493194,0.243243,0.518881,0.370415,1.639809,1.669845,0.000000,1.496053,1.249803,1.223656,1.171239,1.143760,1.351750,1.264227,1.053935,0.822365,0.950859,0.954048,0.839913,0.620841,0.822687,0.516501,0.873375,0.798857,0.894187,0.893476,0.680081,0.802832,1.094529,0.957689,0.652870,0.584355,0.527953,0.354348,0.929888,0.901564,1.010078,0.945987,1.020688,0.908203,0.762583,0.739268,0.839471,0.950563,0.440977,0.743462,1.048881,1.292443,0.665862,0.812574,0.791157,1.081481
1.026211,0.882311,0.733167,0.875435,0.649469,1.064488,0.780197,0.940599,0.732456,1.049552,0.784895,0.881584,0.863715,0.951117,0.779824,0.889389,0.597825,0.835181,0.775296,0.920910,0.041793,0.059105,0.638988,0.703267,0.520473,0.665959,0.675221,0.786514,0.435297,0.359235,0.583412,0.651265,0.935221,1.031865,0.637827,0.639437,0.523968,0.581657,0.359778,0.149549,0.312580,0.315164,1.334161,1.314156,1.496053,0.000000,1.153727,1.294612,1.055136,1.516042,1.158437,1.136953,1.045178,0.922447,0.792438,0.867750,0.774154,0.528349,0.741187,0.569699,0.860969,0.780739,0.794127,0.833923,0.673130,0.868497,1.000008,1.015476,0.719731,0.644187,0.408844,0.231679,0.797206,0.756406,0.856169,0.785297,0.972629,0.885124,0.584781,0.512467,0.722978,0.759221,0.372622,0.584036,0.976773,1.254783,0.649508,0.697545,0.827698,1.160134
1.051359,1.017116,0.737465,0.832066,0.718632,1.070565,0.862775,0.945549,0.865449,0.926323,1.009652,1.039234,1.119790,1.084280,0.926225,1.003890,0.830290,0.980470,0.751521,1.010391,0.218399,0.183532,0.589441,0.669978,0.585015,0.740183,0.760406,0.791542,0.759634,0.527135,0.547248,0.672485,1.010396,1.131988,0.602288,0.629900,0.814964,0.800299,0.659611,0.287362,0.550243,0.435552,1.457144,1.160236,1.249803,1.153727,0.000000,1.377224,1.047664,1.066135,1.303563,1.073151,1.306371,0.901650,1.317875,1.111660,0.903055,0.650155,0.785838,0.609723,1.083139,0.886371,1.045572,1.023852,0.664935,0.795859,1.177335,1.045424,0.699620,0.793644,0.578305,0.345508,0.950369,0.865268,1.093799,0.895213,1.267298,1.069391,0.790158,0.680925,1.007450,0.965394,0.466906,0.873318,1.256898,1.424429,0.726187,0.864973,1.114733,1.264850
0.946030,0.970002,0.709645,0.812342,0.678269,1.004466,0.791835,0.892531,0.768933,0.960554,0.865383,0.996014,0.970475,1.040024,0.813451,0.910000,0.653771,0.932483,0.828518,1.006389,0.129590,0.102956,0.652768,0.662623,0.587284,0.727744,0.735890,0.782649,0.506379,0.386827,0.642500,0.697124,0.915138,1.003522,0.579051,0.584767,0.674410,0.711983,0.470928,0.216884,0.385007,0.412350,1.442305,1.198095,1.223656,1.294612,1.377224,0.000000,0.976414,1.207757,1.101593,0.936191,1.060411,0.796898,0.907079,0.949529,0.845508,0.590457,0.637032,0.647484,0.988780,0.862102,0.875677,0.996101,0.627989,0.733145,1.039915,1.021336,0.767738,0.707863,0.458349,0.307862,0.800248,0.720789,0.875643,0.791215,1.131993,1.055129,0.645435,0.513369,0.836941,0.915054,0.388618,0.641645,1.037822,1.204675,0.543707,0.699910,1.010922,1.107682
0.743386,0.769707,0.439023,0.551790,0.416129,0.653033,0.486152,0.600827,0.593028,0.638115,0.746129,0.764455,0.813293,0.795410,0.525829,0.586877,0.583903,0.926478,0.355262,0.557087,0.100799,0.161019,0.267777,0.348354,0.304350,0.447646,0.447390,0.535402,0.456978,0.460926,0.285692,0.349685,0.576407,0.660521,0.282119,0.340939,0.442070,0.522438,0.313748,0.170531,0.447049,0.300385,0.965671,1.099494,1.171239,1.055136,1.047664,0.976414,0.000000,1.308692,0.994500,1.244718,0.985363,0.778710,0.901122,0.936672,0.622417,0.380720,0.889631,0.612896,0.798558,0.581696,0.808807,0.742302,0.287104,0.469943,0.795125,0.652786,0.480454,0.378595,0.349543,0.246935,0.590851,0.616404,0.634493,0.664284,0.675884,0.602063,0.459405,0.483459,0.565997,0.695714,0.271495,0.551729,0.621324,0.891982,0.335897,0.492474,0.552680,0.733232
