0.000000,1.060815,0.348141,0.126249,0.075425,-0.056141,0.418835,0.162238,0.012948,-0.111354,0.764416,0.493224,0.735468,0.459700,0.464334,0.208215,0.978402,0.877140,0.913392,0.848404,0.456993,0.385367,0.401422,0.219571,0.307741,0.258937,0.408346,0.070005,0.594237,0.409519,0.427676,0.430299,0.967714,0.873718,0.194589,0.002049,0.477651,0.563065,0.477517,0.715588,0.468878,0.571407,0.335294,0.298015,0.355051,0.381793,0.441887,0.368325,0.322497,0.545271,0.473165,0.548356,0.542637,0.532145,0.804908,0.716915,1.233034,1.043021,0.932989,0.891467,0.967822,0.453104,0.628836,0.619778,0.268599,0.112600,0.554104,0.468461,0.938233,0.746648,0.270773,0.107687,0.445313,0.551992,0.245915,0.149727,0.060706,0.015831,0.585673,0.393218,0.547071,0.578340,0.690713,0.538211,0.554841,0.575823,0.626962,0.617248,0.566452,0.773815
1.060815,0.000000,0.253640,0.390301,-0.016361,0.186286,0.199374,0.401095,-0.052399,0.091418,0.402077,0.551323,0.446530,0.554562,0.334397,0.416674,0.791669,1.060774,0.777169,1.355473,0.394173,0.574845,0.375562,0.218665,0.122577,0.340539,0.302004,0.196415,0.386667,0.463651,0.450069,0.552930,1.070057,1.099738,0.101183,-0.131394,0.187871,0.381132,0.352922,0.542995,0.309953,0.389891,0.455009,0.423356,0.470740,0.586105,0.582893,0.496342,0.514758,0.548492,0.604498,0.621133,0.740127,0.524681,1.055287,1.040601,1.448119,1.951389,0.927017,1.019600,0.686764,0.540711,0.568975,0.751966,0.333854,0.054471,0.668804,0.690319,1.359948,1.367508,-0.007371,-0.080816,0.147915,0.518854,0.001891,0.023175,0.007337,-0.019299,0.698999,0.414109,0.800956,0.928988,0.586563,0.739180,0.723017,0.755267,0.655840,0.733973,0.725216,1.040367
0.348141,0.253640,0.000000,0.401342,0.627424,0.134045,0.709059,0.114070,0.631714,0.059441,0.452149,0.054252,0.395839,-0.079245,0.574639,0.206265,0.092079,0.034850,0.375419,0.246430,0.263689,0.315168,1.053044,0.616796,0.523244,0.498130,0.350277,-0.039545,0.123182,0.011661,0.631195,0.514730,0.300594,0.221327,0.350789,0.064855,0.183007,0.087639,0.473505,0.397032,0.372953,0.117532,0.094103,0.121619,0.098407,0.127504,0.110322,0.164585,0.113217,0.317846,0.280902,0.387089,0.134516,0.154478,0.227614,0.199423,0.206564,0.183727,0.225157,0.255912,0.255195,0.113382,0.025426,-0.023830,0.512387,0.266780,0.231379,0.123609,0.250426,0.149253,0.101312,-0.074883,0.046659,-0.103829,-0.040437,-0.255745,-0.204384,-0.250358,0.007238,-0.030409,0.071265,0.087665,0.341187,0.339126,0.478722,0.457764,0.512773,0.347011,0.640238,0.383975
0.126249,0.390301,0.401342,0.000000,0.222487,1.268968,0.147402,0.842619,0.194088,0.959988,-0.067193,0.232489,-0.010506,0.203806,0.014454,0.445511,-0.044327,0.181921,0.044784,0.466401,0.143299,0.573594,0.415843,0.708674,0.018217,0.602063,0.009646,0.265367,-0.152889,0.219307,0.356493,0.546753,0.240955,0.292760,0.017254,-0.196387,-0.275713,0.041014,0.156748,0.169102,-0.036739,0.009068,0.358202,0.243705,0.409715,0.374355,0.320171,0.267011,0.599641,0.501520,0.628489,0.634619,0.504308,0.301690,0.368394,0.368634,0.149437,0.354534,0.262998,0.464491,0.075847,0.511205,-0.008629,0.291596,0.396134,0.354156,0.389077,0.474873,0.276958,0.411035,-0.134239,-0.078614,-0.382185,0.066345,-0.303823,-0.231172,-0.236170,-0.239704,0.118174,0.092567,0.092912,0.210765,-0.036712,0.292770,0.484372,0.543619,0.244649,0.302348,0.584387,0.511709
0.075425,-0.016361,0.627424,0.222487,0.000000,0.223427,0.669240,0.317657,1.239006,0.210919,0.162957,0.136195,0.284348,0.129111,0.374038,0.132358,0.067713,0.040099,0.289238,0.178778,0.262076,0.230210,0.501295,0.436286,0.491935,0.340857,0.180905,0.043115,0.150697,0.169393,0.553576,0.422212,0.157261,0.164616,0.333082,0.240342,0.182122,0.193122,0.128304,0.087722,0.199764,-0.005976,0.335891,0.349841,0.300536,0.275815,0.302927,0.326316,0.297251,0.431418,0.322953,0.296426,0.119433,0.105329,0.057098,0.088387,-0.020797,-0.094754,0.163994,0.147833,0.247540,0.242252,0.012011,0.008555,0.434391,0.489551,0.238697,0.210549,0.009924,0.077469,0.316423,0.223951,0.169097,0.060590,0.124952,0.040544,0.132711,0.114767,-0.016187,0.017506,-0.067900,-0.038258,0.182043,0.107825,0.140113,0.113676,0.111078,0.049774,0.212534,0.206086
-0.056141,0.186286,0.134045,1.268968,0.223427,0.000000,0.040114,0.795968,0.184625,1.639853,-0.241631,0.092698,-0.116544,0.163105,-0.079220,0.445330,-0.103306,0.103202,-0.146761,0.246836,-0.008946,0.348248,0.130574,0.559259,-0.088218,0.491499,0.038256,0.409922,-0.253518,0.158452,0.113995,0.265420,0.040738,0.096579,-0.077364,-0.195648,-0.457237,-0.104183,-0.099876,-0.116032,-0.212556,-0.086443,0.359377,0.189177,0.315918,0.246629,0.304348,0.202746,0.556043,0.452438,0.542798,0.472403,0.560517,0.404768,0.284826,0.253084,-0.016748,0.205003,0.174541,0.310779,0.036518,0.512025,-0.065944,0.208825,0.252677,0.383082,0.216316,0.296090,0.069034,0.227318,-0.279221,-0.185803,-0.540819,-0.072024,-0.374300,-0.242102,-0.104905,-0.081307,0.104159,0.107675,-0.009370,0.074307,-0.123278,0.126539,0.190573,0.212820,0.016441,0.050103,0.327871,0.285598
0.418835,0.199374,0.709059,0.147402,0.669240,0.040114,0.000000,0.385275,0.568431,0.086705,0.524395,0.287488,0.872068,0.254321,0.844733,0.244501,0.328096,0.276727,0.714053,0.431508,0.199496,0.128294,0.583039,0.318711,0.686839,0.365790,0.371035,0.171236,0.338320,0.197256,0.507606,0.467090,0.480582,0.490984,0.553309,0.324308,0.349446,0.322065,0.396740,0.283891,0.390912,0.119692,0.209298,0.208640,0.231839,0.208786,0.194676,0.220996,0.107465,0.266615,0.207198,0.360143,0.032389,0.092675,0.162527,0.169346,0.218840,0.184698,0.378112,0.350149,0.625002,0.375612,0.217385,0.246403,0.685287,0.501496,0.459106,0.303837,0.217581,0.194689,0.419325,0.183282,0.364656,0.205774,0.397731,0.236895,0.400841,0.340732,0.101777,0.091605,0.139741,0.115170,0.596329,0.369112,0.367375,0.292407,0.498512,0.306705,0.475807,0.422381
0.162238,0.401095,0.114070,0.842619,0.317657,0.795968,0.385275,0.000000,0.299196,0.669440,-0.034368,0.566022,0.244203,0.758303,0.210095,0.541440,0.166262,0.403373,0.313695,0.698050,0.036001,0.417416,0.194872,0.358058,0.005157,0.361118,0.013238,0.337514,-0.023869,0.410171,0.238312,0.519981,0.344267,0.525490,0.005174,-0.179496,-0.289833,0.040353,-0.067732,-0.045029,-0.192313,-0.062795,0.481116,0.362399,0.457230,0.419221,0.438844,0.335446,0.531158,0.434332,0.514505,0.572983,0.488991,0.273064,0.336613,0.355039,0.216388,0.338788,0.278646,0.472410,0.292020,1.105854,0.023986,0.436292,0.476311,0.603943,0.426823,0.549005,0.328237,0.454636,-0.041188,-0.005840,-0.213100,0.301992,-0.034117,0.077898,0.114574,0.145715,0.182836,0.137423,0.156045,0.227170,0.104920,0.297952,0.384763,0.361707,0.166422,0.207687,0.436589,0.582409
0.012948,-0.052399,0.631714,0.194088,1.239006,0.184625,0.568431,0.299196,0.000000,0.173898,0.131661,0.100384,0.230208,0.101771,0.455630,0.197402,-0.032628,-0.048945,0.189066,0.089712,0.171014,0.179933,0.425144,0.386270,0.263781,0.157534,-0.025529,-0.062603,0.033135,0.083268,0.386754,0.312117,0.031447,0.050124,0.212141,0.101944,0.113333,0.018338,0.075874,-0.013936,0.059209,-0.047329,0.208602,0.190316,0.120481,0.100441,0.175974,0.157555,0.174700,0.308472,0.212287,0.224424,0.058616,0.037109,0.008169,-0.007229,-0.051864,-0.140452,0.093644,0.113583,0.240162,0.279051,-0.117640,-0.055546,0.463460,0.542029,0.081399,0.068476,-0.039067,-0.019943,0.116118,0.004154,0.061018,-0.045128,0.040185,-0.029978,0.101409,0.090721,-0.107323,-0.078572,-0.139273,-0.135864,0.120162,0.075147,0.127319,0.058579,0.093993,-0.004818,0.205446,0.168041
-0.111354,0.091418,0.059441,0.959988,0.210919,1.639853,0.086705,0.669440,0.173898,0.000000,-0.264274,0.093650,-0.111827,0.166760,-0.097606,0.519597,-0.151506,0.039220,-0.182308,0.177628,-0.023101,0.270185,0.045952,0.376197,-0.002515,0.440003,0.030832,0.565992,-0.271575,0.147027,0.095231,0.224314,-0.019807,0.051694,-0.039697,-0.122749,-0.375744,-0.069122,-0.103623,-0.115909,-0.218747,-0.113906,0.295538,0.142940,0.292277,0.212976,0.240386,0.145455,0.482241,0.376772,0.426722,0.402131,0.430923,0.297837,0.220479,0.189329,-0.122154,0.125616,0.154863,0.281145,0.024812,0.448436,-0.090148,0.220959,0.214936,0.378707,0.177614,0.253168,-0.030172,0.135421,-0.180661,-0.072071,-0.467316,-0.044371,-0.301545,-0.159448,-0.017791,0.005193,0.047858,0.049240,-0.064514,0.023147,-0.150483,0.064421,0.108828,0.126917,-0.023868,0.029130,0.219403,0.217119
0.764416,0.402077,0.452149,-0.067193,0.162957,-0.241631,0.524395,-0.034368,0.131661,-0.264274,0.000000,0.613841,1.283740,0.379048,0.775529,0.289476,0.576421,0.449380,0.800983,0.367611,0.399490,0.170214,0.562541,0.194615,0.432176,0.223039,0.515759,-0.020562,0.444087,0.211088,0.375537,0.357765,0.450339,0.401535,0.322386,0.080407,0.676395,0.494169,0.596668,0.602995,0.476460,0.439738,-0.020648,-0.031875,-0.026434,-0.033989,0.082367,0.044178,-0.098287,0.171622,0.098691,0.253385,0.097436,0.198554,0.337150,0.252521,0.507718,0.432786,0.432718,0.367605,0.698269,0.197323,0.329065,0.288212,0.525994,0.217773,0.252748,0.071545,0.345537,0.215392,0.421214,0.214260,0.516455,0.309188,0.358883,0.167834,0.136561,0.092229,0.296504,0.187503,0.262493,0.256112,0.723650,0.532660,0.598311,0.438217,0.856388,0.580253,0.524211,0.392338
0.493224,0.551323,0.054252,0.232489,0.136195,0.092698,0.287488,0.566022,0.100384,0.093650,0.613841,0.000000,0.692568,1.311346,0.416128,0.685540,0.451788,0.633786,0.626918,0.715843,0.379946,0.431797,0.272867,0.101686,0.171935,0.284340,0.192124,0.282704,0.337148,0.574506,0.345002,0.549780,0.500980,0.626054,0.087918,-0.118838,0.322092,0.393117,0.292057,0.378276,0.193275,0.272038,0.230188,0.189803,0.263847,0.271871,0.327632,0.214265,0.216677,0.305511,0.317336,0.478739,0.333831,0.252272,0.538138,0.474199,0.473766,0.513791,0.419757,0.555053,0.494720,0.716704,0.201720,0.600675,0.533396,0.387775,0.418868,0.419810,0.454965,0.447110,0.317452,0.279041,0.289976,0.656310,0.240721,0.257732,0.158364,0.161888,0.350424,0.163748,0.334228,0.406056,0.468611,0.616242,0.703495,0.605873,0.595555,0.600589,0.421178,0.600475
0.735468,0.446530,0.395839,-0.010506,0.284348,-0.116544,0.872068,0.244203,0.230208,-0.111827,1.283740,0.692568,0.000000,0.610526,1.052876,0.435099,0.563031,0.524068,0.947827,0.532571,0.257101,0.138415,0.486336,0.177356,0.499728,0.283937,0.486261,0.118347,0.413716,0.268995,0.363723,0.411181,0.505006,0.522967,0.393114,0.132176,0.532793,0.452964,0.505077,0.441144,0.400735,0.288204,0.073939,0.049922,0.057297,0.058462,0.154438,0.111155,-0.023285,0.209120,0.142168,0.346591,0.129237,0.188877,0.356325,0.266546,0.497989,0.454169,0.522678,0.429970,0.991837,0.424702,0.340637,0.340877,0.675343,0.463725,0.354494,0.199515,0.353004,0.285610,0.443376,0.224552,0.449493,0.357904,0.413944,0.276221,0.313892,0.250557,0.304001,0.172853,0.285134,0.267290,0.852218,0.594224,0.547443,0.408485,0.812773,0.513337,0.577281,0.502201
0.459700,0.554562,-0.079245,0.203806,0.129111,0.163105,0.254321,0.758303,0.101771,0.166760,0.379048,1.311346,0.610526,0.000000,0.356638,0.765160,0.413781,0.608534,0.536230,0.721841,0.209481,0.335515,0.122074,0.062709,0.059817,0.208769,0.113359,0.249705,0.234510,0.575201,0.245064,0.497718,0.432632,0.610946,-0.008538,-0.154507,0.139928,0.298376,0.143079,0.206595,0.023125,0.189210,0.245991,0.184639,0.246981,0.252198,0.311476,0.183726,0.246625,0.285410,0.279155,0.408723,0.371721,0.208552,0.465439,0.401898,0.434379,0.481726,0.412409,0.523673,0.583485,0.892122,0.176502,0.523184,0.334181,0.444942,0.310546,0.371033,0.393266,0.445035,0.226180,0.244756,0.167003,0.656049,0.205955,0.287215,0.161628,0.156194,0.305557,0.137391,0.242346,0.311763,0.300351,0.401449,0.397023,0.358308,0.308013,0.345847,0.333505,0.600947
0.464334,0.334397,0.574639,0.014454,0.374038,-0.079220,0.844733,0.210095,0.455630,-0.097606,0.775529,0.416128,1.052876,0.356638,0.000000,0.500423,0.325327,0.306387,0.764540,0.421366,0.268595,0.219883,0.755732,0.376375,0.667311,0.465690,0.631474,0.222089,0.269374,0.135981,0.430696,0.464430,0.412385,0.396739,0.590941,0.264524,0.374201,0.317127,0.388137,0.312881,0.319206,0.080253,0.140587,0.094739,0.049693,0.067412,0.210278,0.165036,-0.028523,0.166549,0.206984,0.402804,0.196290,0.215893,0.367963,0.264462,0.407603,0.322217,0.375157,0.304014,0.705905,0.308545,0.108241,0.097779,0.903609,0.530200,0.356524,0.195985,0.328146,0.263533,0.210385,-0.015971,0.173958,0.075133,0.211710,0.086946,0.245664,0.229719,0.168734,0.094252,0.201455,0.220771,0.783334,0.590459,0.548675,0.460707,0.804825,0.555860,0.798982,0.574063
0.208215,0.416674,0.206265,0.445511,0.132358,0.445330,0.244501,0.541440,0.197402,0.519597,0.289476,0.685540,0.435099,0.765160,0.500423,0.000000,0.038128,0.230113,0.251534,0.486081,0.213428,0.400036,0.375998,0.304092,0.184971,0.539135,0.262929,0.435033,-0.049557,0.322238,0.384348,0.647626,0.182707,0.288238,0.142708,-0.070094,-0.037193,0.112051,0.216333,0.147993,-0.020993,0.044559,0.034801,-0.082704,0.016346,0.004720,0.109362,-0.036622,0.095072,0.131156,0.198341,0.364892,0.356345,0.198814,0.424483,0.287467,0.217097,0.379322,0.243510,0.356021,0.348700,0.550909,-0.131025,0.163786,0.549754,0.616127,0.179885,0.153849,0.220765,0.296657,-0.069775,-0.040343,-0.221843,0.146078,-0.167411,-0.114406,-0.043883,-0.041171,0.137301,0.021394,0.059888,0.163257,0.226556,0.435468,0.395665,0.356034,0.445818,0.400601,0.540286,0.533546
0.978402,0.791669,0.092079,-0.044327,0.067713,-0.103306,0.328096,0.166262,-0.032628,-0.151506,0.576421,0.451788,0.563031,0.413781,0.325327,0.038128,0.000000,1.510027,0.945401,0.803860,0.531087,0.309834,0.178521,0.049967,0.189141,0.158224,0.340527,0.137543,0.915746,0.685455,0.354797,0.308222,0.975379,1.008433,0.169379,0.047448,0.443899,0.514456,0.314990,0.510026,0.408476,0.613572,0.452160,0.427088,0.423438,0.460406,0.519849,0.482350,0.342762,0.493498,0.352246,0.401335,0.378759,0.386961,0.627707,0.642156,1.095022,0.914861,0.757528,0.676789,0.712087,0.441946,0.878222,0.851907,0.201940,0.025654,0.559163,0.490387,0.851353,0.741486,0.219336,0.076503,0.567551,0.684429,0.374811,0.281192,0.396789,0.341554,1.146395,0.860150,0.956299,0.875386,0.867902,0.586813,0.436514,0.379331,0.513124,0.448073,0.268231,0.503160
0.877140,1.060774,0.034850,0.181921,0.040099,0.103202,0.276727,0.403373,-0.048945,0.039220,0.449380,0.633786,0.524068,0.608534,0.306387,0.230113,1.510027,0.000000,0.868013,1.085368,0.480020,0.437482,0.184789,0.069602,0.117238,0.232575,0.289809,0.268543,0.724203,0.786348,0.377105,0.409792,1.060310,1.181176,0.120928,-0.040505,0.291033,0.509339,0.280315,0.454118,0.351299,0.504218,0.564417,0.494661,0.534554,0.592511,0.634052,0.546127,0.492208,0.542898,0.497522,0.523840,0.528613,0.429746,0.809827,0.838374,1.199721,1.223388,0.835762,0.831657,0.712616,0.573624,0.876959,1.152561,0.321092,0.065646,0.698438,0.674891,0.966879,0.998557,0.118669,0.039927,0.407006,0.781449,0.285269,0.273331,0.363620,0.325315,1.182093,0.858932,1.074373,1.113339,0.818311,0.754563,0.597861,0.547025,0.572784,0.569190,0.425706,0.700679
0.913392,0.777169,0.375419,0.044784,0.289238,-0.146761,0.714053,0.313695,0.189066,-0.182308,0.800983,0.626918,0.947827,0.536230,0.764540,0.251534,0.945401,0.868013,0.000000,1.049409,0.472708,0.353779,0.590114,0.212805,0.515585,0.320243,0.459296,0.186836,0.613149,0.459432,0.533505,0.568710,1.054232,1.085178,0.399547,0.146657,0.566036,0.664951,0.459042,0.599970,0.493719,0.372917,0.405958,0.410314,0.402613,0.434834,0.508603,0.475241,0.227235,0.361879,0.338320,0.453082,0.333618,0.310796,0.576150,0.595651,0.889562,0.740321,0.740212,0.646787,0.774902,0.439871,0.530742,0.534702,0.574138,0.200943,0.727673,0.572822,0.871813,0.738690,0.385322,0.186475,0.524281,0.567525,0.399515,0.308549,0.380980,0.332895,0.567565,0.401827,0.658925,0.678958,0.899804,0.724001,0.699010,0.580989,0.791034,0.685444,0.625410,0.734513
0.848404,1.355473,0.246430,0.466401,0.178778,0.246836,0.431508,0.698050,0.089712,0.177628,0.367611,0.715843,0.532571,0.721841,0.421366,0.486081,0.803860,1.085368,1.049409,0.000000,0.450324,0.618982,0.434682,0.294278,0.249063,0.452257,0.282555,0.289668,0.456877,0.635211,0.570458,0.782492,1.173106,1.451306,0.225983,0.002074,0.231962,0.507439,0.339248,0.485547,0.321592,0.297874,0.539571,0.488669,0.600158,0.679345,0.623338,0.538167,0.534389,0.526318,0.566957,0.671446,0.602000,0.386638,0.842170,0.855445,1.121216,1.243366,0.844018,0.928627,0.666381,0.744758,0.495494,0.766759,0.530059,0.293297,0.897192,0.922640,1.310860,1.498649,0.143430,0.060729,0.203614,0.626362,0.095503,0.118910,0.175634,0.157273,0.721392,0.484899,0.789918,0.914596,0.639045,0.840012,0.777264,0.771730,0.664859,0.749123,0.701835,1.085897
0.456993,0.394173,0.263689,0.143299,0.262076,-0.008946,0.199496,0.036001,0.171014,-0.023101,0.399490,0.379946,0.257101,0.209481,0.268595,0.213428,0.531087,0.480020,0.472708,0.450324,0.000000,0.992456,0.518251,0.419865,0.458171,0.562339,0.240302,0.127542,0.531404,0.562052,0.901238,0.800893,0.589423,0.539111,0.455111,0.310919,0.632568,0.711862,0.465252,0.659135,0.524468,0.500925,0.306027,0.300752,0.401601,0.397150,0.322933,0.296663,0.294481,0.369459,0.324898,0.416536,0.150545,0.082057,0.305180,0.280868,0.522288,0.429077,0.424914,0.408885,0.254593,0.183513,0.228040,0.308068,0.395932,0.251185,0.535011,0.462729,0.424973,0.494697,0.406061,0.266457,0.490608,0.486915,0.284621,0.136012,0.229635,0.204989,0.606818,0.467887,0.480520,0.580913,0.389555,0.553418,0.499212,0.515290,0.464363,0.560411,0.254090,0.294411
0.385367,0.574845,0.315168,0.573594,0.230210,0.348248,0.128294,0.417416,0.179933,0.270185,0.170214,0.431797,0.138415,0.335515,0.219883,0.400036,0.309834,0.437482,0.353779,0.618982,0.992456,0.000000,0.616416,0.592471,0.301805,0.711910,0.167571,0.250885,0.177205,0.485262,0.867868,0.978544,0.580284,0.546560,0.363470,0.121792,0.188602,0.426701,0.269317,0.497171,0.212680,0.307423,0.419317,0.399169,0.522358,0.544765,0.446422,0.394677,0.498550,0.462901,0.573943,0.645203,0.404271,0.202703,0.436209,0.421090,0.507805,0.535395,0.382412,0.503936,0.135041,0.354216,0.034357,0.302100,0.476158,0.288922,0.604661,0.624496,0.540195,0.657470,0.149839,0.132695,0.071616,0.395664,0.002798,-0.035848,0.040725,0.028135,0.388424,0.223159,0.363775,0.531088,0.213239,0.513710,0.635117,0.708792,0.386691,0.582186,0.485670,0.518031
0.401422,0.375562,1.053044,0.415843,0.501295,0.130574,0.583039,0.194872,0.425144,0.045952,0.562541,0.272867,0.486336,0.122074,0.755732,0.375998,0.178521,0.184789,0.590114,0.434682,0.518251,0.616416,0.000000,0.930495,0.747967,0.827678,0.519135,0.215903,0.147824,0.125489,0.833049,0.839388,0.541862,0.424715,0.649944,0.266103,0.323583,0.388863,0.561893,0.609681,0.436711,0.226771,0.274503,0.265330,0.303902,0.307133,0.343023,0.334208,0.229129,0.371665,0.481477,0.571184,0.275672,0.257574,0.405072,0.376650,0.356728,0.338040,0.394352,0.398898,0.344755,0.178220,0.013897,0.054050,0.769541,0.311389,0.574723,0.401919,0.424238,0.375256,0.168732,0.026732,0.064060,0.046006,0.009031,-0.141039,-0.059530,-0.090046,0.137888,0.062573,0.165451,0.259984,0.423477,0.475289,0.647304,0.681568,0.655327,0.562613,0.904434,0.598093
0.219571,0.218665,0.616796,0.708674,0.436286,0.559259,0.318711,0.358058,0.386270,0.376197,0.194615,0.101686,0.177356,0.062709,0.376375,0.304092,0.049967,0.069602,0.212805,0.294278,0.419865,0.592471,0.930495,0.000000,0.417521,0.893939,0.297558,0.207700,-0.053589,0.036706,0.518180,0.656357,0.293695,0.223027,0.518285,0.291576,0.066251,0.217748,0.309329,0.325464,0.193465,0.136203,0.304557,0.184164,0.302474,0.249468,0.294825,0.223614,0.362306,0.446042,0.584460,0.603149,0.381879,0.314037,0.316698,0.231017,0.203015,0.220987,0.296181,0.310911,0.226759,0.286853,-0.132404,-0.055326,0.561977,0.555288,0.460246,0.396863,0.256360,0.317204,0.001698,-0.086484,-0.204497,-0.120815,-0.209183,-0.265871,-0.123294,-0.130041,0.114972,0.042116,0.016573,0.080989,0.115172,0.228020,0.358412,0.476532,0.317485,0.344572,0.632270,0.470102
0.307741,0.122577,0.523244,0.018217,0.491935,-0.088218,0.686839,0.005157,0.263781,-0.002515,0.432176,0.171935,0.499728,0.059817,0.667311,0.184971,0.189141,0.117238,0.515585,0.249063,0.458171,0.301805,0.747967,0.417521,0.000000,0.859459,0.785898,0.488747,0.196542,0.034410,0.558652,0.502922,0.416074,0.335790,0.973695,0.677408,0.508111,0.530862,0.421665,0.478240,0.467183,0.060429,0.266407,0.280965,0.324527,0.301168,0.305919,0.336311,0.125860,0.287901,0.291167,0.466137,0.114020,0.182924,0.227933,0.221785,0.198066,0.128594,0.369929,0.297790,0.342866,0.051292,0.010715,-0.044182,0.573404,0.359124,0.533050,0.376406,0.202622,0.187438,0.459853,0.254748,0.325857,0.095248,0.328334,0.180606,0.284887,0.255063,0.123699,0.114325,0.146439,0.187744,0.445088,0.366524,0.367040,0.434259,0.492955,0.568917,0.449250,0.383079
0.258937,0.340539,0.498130,0.602063,0.340857,0.491499,0.365790,0.361118,0.157534,0.440003,0.223039,0.284340,0.283937,0.208769,0.465690,0.539135,0.158224,0.232575,0.320243,0.452257,0.562339,0.711910,0.827678,0.893939,0.859459,0.000000,0.644268,0.609849,0.080256,0.240180,0.720045,0.890640,0.424825,0.402175,0.647692,0.355606,0.141932,0.348633,0.409491,0.433692,0.279488,0.100182,0.352276,0.271759,0.385216,0.366575,0.389183,0.339860,0.341656,0.440255,0.555718,0.762502,0.433500,0.395808,0.451972,0.393205,0.293590,0.362912,0.343898,0.399909,0.211386,0.311947,-0.038388,0.058310,0.606075,0.536543,0.552357,0.491866,0.307730,0.412901,0.114070,0.009523,-0.061401,0.071874,-0.011881,-0.098568,0.070406,0.054222,0.301597,0.242458,0.238982,0.340390,0.319590,0.546049,0.552554,0.707395,0.538932,0.628663,0.646910,0.569252
0.408346,0.302004,0.350277,0.009646,0.180905,0.038256,0.371035,0.013238,-0.025529,0.030832,0.515759,0.192124,0.486261,0.113359,0.631474,0.262929,0.340527,0.289809,0.459296,0.282555,0.240302,0.167571,0.519135,0.297558,0.785898,0.644268,0.000000,0.617631,0.214520,-0.014643,0.272693,0.282189,0.432144,0.332722,0.529173,0.244267,0.146595,0.265376,0.178968,0.325123,0.185266,0.145423,0.306489,0.227340,0.194814,0.192634,0.395048,0.331519,0.110918,0.257399,0.333514,0.365819,0.404594,0.496778,0.485441,0.437462,0.379369,0.374548,0.391668,0.289863,0.421683,0.125448,0.192767,0.084169,0.443650,0.166698,0.377421,0.232622,0.321514,0.261556,0.094242,-0.070887,0.060776,-0.074588,0.069140,-0.010543,0.139768,0.181096,0.282322,0.205518,0.295529,0.294736,0.562694,0.394162,0.378251,0.435789,0.579467,0.561001,0.576327,0.494516
0.070005,0.196415,-0.039545,0.265367,0.043115,0.409922,0.171236,0.337514,-0.062603,0.565992,-0.020562,0.282704,0.118347,0.249705,0.222089,0.435033,0.137543,0.268543,0.186836,0.289668,0.127542,0.250885,0.215903,0.207700,0.488747,0.609849,0.617631,0.000000,-0.030401,0.110286,0.093220,0.213271,0.278271,0.272499,0.347301,0.184247,-0.083280,0.185175,-0.098682,0.047398,-0.059008,-0.034240,0.480231,0.341038,0.432955,0.381146,0.534775,0.404690,0.376353,0.321289,0.464115,0.493451,0.438499,0.404144,0.464316,0.464028,0.143973,0.278173,0.398890,0.382220,0.203055,0.276097,0.016165,0.232341,0.368897,0.181129,0.485910,0.460990,0.206447,0.276012,-0.036387,0.001712,-0.171817,0.045953,0.012370,0.139652,0.287321,0.343515,0.249061,0.194684,0.208779,0.290980,0.249603,0.239592,0.232445,0.320935,0.249520,0.373079,0.372157,0.461344
0.594237,0.386667,0.123182,-0.152889,0.150697,-0.253518,0.338320,-0.023869,0.033135,-0.271575,0.444087,0.337148,0.413716,0.234510,0.269374,-0.049557,0.915746,0.724203,0.613149,0.456877,0.531404,0.177205,0.147824,-0.053589,0.196542,0.080256,0.214520,-0.030401,0.000000,0.952306,0.508552,0.301874,0.650756,0.673314,0.132409,0.082066,0.609691,0.536155,0.420507,0.514339,0.709524,0.510705,0.322001,0.344987,0.305696,0.363490,0.300477,0.352663,0.173681,0.287931,0.133080,0.147015,0.042198,0.070492,0.293135,0.317477,0.550641,0.414162,0.451706,0.369782,0.494823,0.211369,0.940737,0.646186,0.090698,-0.049399,0.392035,0.324451,0.442595,0.385303,0.371165,0.153694,0.856755,0.645651,0.508623,0.277118,0.282626,0.205007,0.838536,0.800552,0.699313,0.625762,0.848827,0.555389,0.320139,0.267663,0.412052,0.297676,0.036183,0.164234
0.409519,0.463651,0.011661,0.219307,0.169393,0.158452,0.197256,0.410171,0.083268,0.147027,0.211088,0.574506,0.268995,0.575201,0.135981,0.322238,0.685455,0.786348,0.459432,0.635211,0.562052,0.485262,0.125489,0.036706,0.034410,0.240180,-0.014643,0.110286,0.952306,0.000000,0.619779,0.583439,0.543745,0.724824,-0.020683,-0.063147,0.271492,0.431088,0.274846,0.352331,0.385418,0.363408,0.342749,0.331514,0.360629,0.389294,0.320338,0.311372,0.334965,0.348586,0.212083,0.283429,0.170004,0.081149,0.300564,0.326695,0.438739,0.451261,0.358055,0.446380,0.350142,0.538164,0.531771,0.746277,0.130441,0.161955,0.369032,0.392930,0.400299,0.465896,0.277190,0.217518,0.475566,0.937976,0.364076,0.239282,0.229187,0.140174,0.789569,0.787281,0.521056,0.586308,0.531897,0.576784,0.310634,0.238951,0.274028,0.218554,0.062795,0.222847
0.427676,0.450069,0.631195,0.356493,0.553576,0.113995,0.507606,0.238312,0.386754,0.095231,0.375537,0.345002,0.363723,0.245064,0.430696,0.384348,0.354797,0.377105,0.533505,0.570458,0.901238,0.867868,0.833049,0.518180,0.558652,0.720045,0.272693,0.093220,0.508552,0.619779,0.000000,1.431816,0.661024,0.616892,0.520879,0.275606,0.382166,0.488530,0.573280,0.623829,0.544452,0.346281,0.291732,0.312659,0.360085,0.386040,0.287660,0.313031,0.253269,0.345667,0.336480,0.424022,0.126567,0.052639,0.254362,0.290734,0.430813,0.387870,0.336497,0.393214,0.282725,0.264619,0.202172,0.274391,0.517130,0.344041,0.518911,0.417810,0.394265,0.472181,0.338099,0.156643,0.347668,0.426155,0.186777,-0.009324,0.124471,0.055516,0.380671,0.339695,0.295991,0.404704,0.460036,0.569878,0.514142,0.530646,0.484358,0.469185,0.405432,0.391361
0.430299,0.552930,0.514730,0.546753,0.422212,0.265420,0.467090,0.519981,0.312117,0.224314,0.357765,0.549780,0.411181,0.497718,0.464430,0.647626,0.308222,0.409792,0.568710,0.782492,0.800893,0.978544,0.839388,0.656357,0.502922,0.890640,0.282189,0.213271,0.301874,0.583439,1.431816,0.000000,0.676896,0.720734,0.500358,0.225092,0.241066,0.458128,0.498918,0.573210,0.338180,0.275463,0.324547,0.291307,0.382898,0.385811,0.336027,0.297476,0.301054,0.352144,0.402731,0.547085,0.266697,0.131946,0.358356,0.342011,0.480389,0.490189,0.359246,0.471758,0.314659,0.520129,0.059129,0.264438,0.639175,0.563132,0.574090,0.523322,0.485521,0.590052,0.262689,0.124024,0.161344,0.422390,0.083508,-0.016721,0.085804,0.057219,0.358341,0.271552,0.296645,0.413569,0.378198,0.631297,0.620258,0.671660,0.529087,0.567372,0.550091,0.589654
0.967714,1.070057,0.300594,0.240955,0.157261,0.040738,0.480582,0.344267,0.031447,-0.019807,0.450339,0.500980,0.505006,0.432632,0.412385,0.182707,0.975379,1.060310,1.054232,1.173106,0.589423,0.580284,0.541862,0.293695,0.416074,0.424825,0.432144,0.278271,0.650756,0.543745,0.661024,0.676896,0.000000,1.797962,0.380853,0.139907,0.400677,0.643471,0.483275,0.731029,0.533835,0.531939,0.742853,0.751971,0.855312,0.908994,0.825881,0.803373,0.637786,0.684244,0.696372,0.689634,0.475807,0.421242,0.790509,0.947380,1.222778,1.112948,1.034540,1.025863,0.713131,0.504983,0.674765,0.790500,0.439619,0.049718,1.200677,0.998533,1.301649,1.157847,0.207219,0.027898,0.433819,0.637818,0.262856,0.214937,0.301289,0.270982,0.787020,0.586542,0.872688,0.962169,0.718556,0.711698,0.683800,0.739942,0.615583,0.692131,0.583825,0.829026
0.873718,1.099738,0.221327,0.292760,0.164616,0.096579,0.490984,0.525490,0.050124,0.051694,0.401535,0.626054,0.522967,0.610946,0.396739,0.288238,1.008433,1.181176,1.085178,1.451306,0.539111,0.546560,0.424715,0.223027,0.335790,0.402175,0.332722,0.272499,0.673314,0.724824,0.616892,0.720734,1.797962,0.000000,0.310594,0.115384,0.351220,0.590557,0.437425,0.610808,0.430361,0.452718,0.687628,0.701050,0.801786,0.878944,0.753017,0.721770,0.616291,0.643775,0.592172,0.669562,0.449486,0.342174,0.742705,0.876285,1.103721,1.090218,0.941317,1.011370,0.715192,0.688154,0.652368,0.873320,0.434179,0.165555,1.067270,1.005781,1.233981,1.182483,0.236952,0.091312,0.431207,0.781344,0.304719,0.269231,0.343134,0.312090,0.872685,0.653620,0.932201,1.003558,0.700048,0.750480,0.670735,0.681160,0.609412,0.651190,0.538561,0.834875
0.194589,0.101183,0.350789,0.017254,0.333082,-0.077364,0.553309,0.005174,0.212141,-0.039697,0.322386,0.087918,0.393114,-0.008538,0.590941,0.142708,0.169379,0.120928,0.399547,0.225983,0.455111,0.363470,0.649944,0.518285,0.973695,0.647692,0.529173,0.347301,0.132409,-0.020683,0.520879,0.500358,0.380853,0.310594,0.000000,1.274536,0.392140,0.404226,0.292746,0.281104,0.299179,0.084861,0.180627,0.148042,0.226040,0.216801,0.183872,0.158078,0.049037,0.123061,0.206404,0.320476,0.001517,0.034506,0.103669,0.085223,0.174377,0.129679,0.272975,0.183665,0.259140,-0.006102,-0.082984,-0.056771,0.718067,0.435034,0.535802,0.370841,0.196963,0.220292,0.377485,0.186727,0.249554,0.069228,0.221595,0.153934,0.404730,0.382660,0.130624,0.075141,0.135318,0.151634,0.344216,0.248594,0.281474,0.344697,0.401635,0.422283,0.376079,0.306651
0.002049,-0.131394,0.064855,-0.196387,0.240342,-0.195648,0.324308,-0.179496,0.101944,-0.122749,0.080407,-0.118838,0.132176,-0.154507,0.264524,-0.070094,0.047448,-0.040505,0.146657,0.002074,0.310919,0.121792,0.266103,0.291576,0.677408,0.355606,0.244267,0.184247,0.082066,-0.063147,0.275606,0.225092,0.139907,0.115384,1.274536,0.000000,0.394843,0.384738,0.166311,0.109703,0.264832,-0.040740,0.034246,0.041449,0.111373,0.100801,0.017851,0.020219,-0.050317,-0.029421,-0.016339,0.059713,-0.184183,-0.127848,-0.119704,-0.116495,-0.018527,-0.095694,0.084786,-0.051375,0.087281,-0.202020,-0.165474,-0.221932,0.329834,0.293286,0.311750,0.214332,-0.007541,0.046610,0.400578,0.307435,0.295529,0.056574,0.285252,0.229648,0.407833,0.377606,0.042140,0.045153,-0.016734,-0.024451,0.145271,0.016750,-0.055337,0.003570,0.117280,0.143371,0.043572,0.008176
0.477651,0.187871,0.183007,-0.275713,0.182122,-0.457237,0.349446,-0.289833,0.113333,-0.375744,0.676395,0.322092,0.532793,0.139928,0.374201,-0.037193,0.443899,0.291033,0.566036,0.231962,0.632568,0.188602,0.323583,0.066251,0.508111,0.141932,0.146595,-0.083280,0.609691,0.271492,0.382166,0.241066,0.400677,0.351220,0.392140,0.394843,0.000000,1.061391,0.816581,0.763352,0.982628,0.466523,-0.013607,0.065961,0.133071,0.157166,0.049219,0.080842,-0.028307,0.145119,0.033800,0.176524,-0.120294,-0.038796,0.166539,0.127478,0.332517,0.215989,0.359174,0.244113,0.412308,-0.051196,0.325141,0.179632,0.218592,0.087468,0.335490,0.229261,0.251809,0.197538,0.673692,0.460057,0.986947,0.450439,0.558609,0.310834,0.235037,0.166008,0.287787,0.191088,0.284466,0.279852,0.463816,0.387624,0.319367,0.289056,0.463797,0.407133,0.110997,0.116116
0.563065,0.381132,0.087639,0.041014,0.193122,-0.104183,0.322065,0.040353,0.018338,-0.069122,0.494169,0.393117,0.452964,0.298376,0.317127,0.112051,0.514456,0.509339,0.664951,0.507439,0.711862,0.426701,0.388863,0.217748,0.530862,0.348633,0.265376,0.185175,0.536155,0.431088,0.488530,0.458128,0.643471,0.590557,0.404226,0.384738,1.061391,0.000000,0.667470,0.817181,0.843551,0.382221,0.283171,0.295331,0.436696,0.424449,0.332752,0.337184,0.277015,0.339254,0.321025,0.420067,0.153534,0.136356,0.361803,0.386324,0.509335,0.442250,0.552838,0.459129,0.450865,0.162284,0.391609,0.367243,0.277662,0.135276,0.646003,0.564080,0.455442,0.508685,0.592117,0.489687,0.665663,0.589849,0.474242,0.410769,0.287652,0.229696,0.410775,0.360909,0.354508,0.441986,0.467637,0.479880,0.422446,0.436737,0.449053,0.524299,0.316131,0.372338
0.477517,0.352922,0.473505,0.156748,0.128304,-0.099876,0.396740,-0.067732,0.075874,-0.103623,0.596668,0.292057,0.505077,0.143079,0.388137,0.216333,0.314990,0.280315,0.459042,0.339248,0.465252,0.269317,0.561893,0.309329,0.421665,0.409491,0.178968,-0.098682,0.420507,0.274846,0.573280,0.498918,0.483275,0.437425,0.292746,0.166311,0.816581,0.667470,0.000000,1.130080,1.050595,0.509899,-0.038469,0.031124,0.140077,0.193112,0.042119,0.076462,0.062661,0.236670,0.205088,0.379798,0.009312,0.077251,0.359255,0.315776,0.376908,0.374780,0.371543,0.370251,0.361195,0.093700,0.304130,0.199518,0.275583,0.154565,0.396508,0.299127,0.316846,0.284100,0.342675,0.136256,0.510301,0.314439,0.282803,0.098923,0.013002,-0.092555,0.278441,0.196606,0.303467,0.305596,0.490473,0.601105,0.543849,0.560362,0.725850,0.530956,0.380918,0.290701
0.715588,0.542995,0.397032,0.169102,0.087722,-0.116032,0.283891,-0.045029,-0.013936,-0.115909,0.602995,0.378276,0.441144,0.206595,0.312881,0.147993,0.510026,0.454118,0.599970,0.485547,0.659135,0.497171,0.609681,0.325464,0.478240,0.433692,0.325123,0.047398,0.514339,0.352331,0.623829,0.573210,0.731029,0.610808,0.281104,0.109703,0.763352,0.817181,1.130080,0.000000,0.821264,0.732428,0.184699,0.229602,0.342697,0.377035,0.285936,0.296242,0.247185,0.403019,0.390129,0.482236,0.234455,0.273441,0.536193,0.510235,0.597947,0.564450,0.534981,0.548522,0.410265,0.164234,0.396686,0.346918,0.210734,0.007714,0.545946,0.465773,0.552502,0.461692,0.371799,0.195069,0.498783,0.431670,0.249703,0.083308,-0.001078,-0.097964,0.410223,0.233453,0.487032,0.498401,0.513186,0.571380,0.614686,0.702927,0.662509,0.646340,0.396141,0.432036
0.468878,0.309953,0.372953,-0.036739,0.199764,-0.212556,0.390912,-0.192313,0.059209,-0.218747,0.476460,0.193275,0.400735,0.023125,0.319206,-0.020993,0.408476,0.351299,0.493719,0.321592,0.524468,0.212680,0.436711,0.193465,0.467183,0.279488,0.185266,-0.059008,0.709524,0.385418,0.544452,0.338180,0.533835,0.430361,0.299179,0.264832,0.982628,0.843551,1.050595,0.821264,0.000000,0.368181,0.112546,0.193082,0.261171,0.326717,0.139840,0.239408,0.128124,0.253077,0.180649,0.241208,-0.046749,0.038585,0.265992,0.277648,0.405221,0.339633,0.408363,0.313424,0.349303,-0.047937,0.474909,0.258656,0.172756,-0.037378,0.446458,0.329060,0.355550,0.329461,0.440749,0.205569,0.760514,0.413383,0.459861,0.207554,0.102049,-0.010083,0.368146,0.334835,0.353333,0.365774,0.652084,0.604049,0.383539,0.371348,0.531698,0.448027,0.212179,0.154259
0.571407,0.389891,0.117532,0.009068,-0.005976,-0.086443,0.119692,-0.062795,-0.047329,-0.113906,0.439738,0.272038,0.288204,0.189210,0.080253,0.044559,0.613572,0.504218,0.372917,0.297874,0.500925,0.307423,0.226771,0.136203,0.060429,0.100182,0.145423,-0.034240,0.510705,0.363408,0.346281,0.275463,0.531939,0.452718,0.084861,-0.040740,0.466523,0.382221,0.509899,0.732428,0.368181,0.000000,0.169678,0.174772,0.219652,0.219828,0.195615,0.150004,0.177779,0.308318,0.207771,0.159262,0.198315,0.219577,0.380827,0.330195,0.432953,0.435332,0.388440,0.392958,0.374418,0.169060,0.494197,0.453621,0.024628,-0.069943,0.277923,0.209396,0.361322,0.277279,0.193611,0.121902,0.469270,0.458176,0.221310,0.097508,0.184276,0.156584,0.464857,0.352319,0.439953,0.418098,0.308635,0.260578,0.234488,0.280817,0.270503,0.206329,0.117483,0.202599
0.335294,0.455009,0.094103,0.358202,0.335891,0.359377,0.209298,0.481116,0.208602,0.295538,-0.020648,0.230188,0.073939,0.245991,0.140587,0.034801,0.452160,0.564417,0.405958,0.539571,0.306027,0.419317,0.274503,0.304557,0.266407,0.352276,0.306489,0.480231,0.322001,0.342749,0.291732,0.324547,0.742853,0.687628,0.180627,0.034246,-0.013607,0.283171,-0.038469,0.184699,0.112546,0.169678,0.000000,1.714033,1.442902,1.251696,1.875047,1.675319,1.293063,1.031697,1.060056,0.636194,0.604412,0.495894,0.585393,0.779358,0.490491,0.465460,0.728410,0.718994,0.366382,0.425966,0.438889,0.522994,0.281236,0.025943,0.778470,0.843017,0.579110,0.626357,0.007817,-0.027654,0.084259,0.305746,0.125316,0.187293,0.263869,0.295224,0.515380,0.490021,0.511534,0.615125,0.293793,0.316679,0.351046,0.431870,0.175686,0.320787,0.342255,0.544733
0.298015,0.423356,0.121619,0.243705,0.349841,0.189177,0.208640,0.362399,0.190316,0.142940,-0.031875,0.189803,0.049922,0.184639,0.094739,-0.082704,0.427088,0.494661,0.410314,0.488669,0.300752,0.399169,0.265330,0.184164,0.280965,0.271759,0.227340,0.341038,0.344987,0.331514,0.312659,0.291307,0.751971,0.701050,0.148042,0.041449,0.065961,0.295331,0.031124,0.229602,0.193082,0.174772,1.714033,0.000000,1.523942,1.504047,1.454930,2.026327,1.186804,1.013373,0.888979,0.560677,0.409209,0.337627,0.478908,0.719941,0.448854,0.403661,0.651412,0.650266,0.284086,0.319814,0.455246,0.482741,0.188496,-0.088065,0.739653,0.813138,0.578248,0.582536,0.085934,0.047399,0.185795,0.348024,0.200507,0.230089,0.248459,0.271246,0.437811,0.419902,0.518233,0.612239,0.264992,0.288933,0.326273,0.396973,0.155458,0.275422,0.256221,0.434916
0.355051,0.470740,0.098407,0.409715,0.300536,0.315918,0.231839,0.457230,0.120481,0.292277,-0.026434,0.263847,0.057297,0.246981,0.049693,0.016346,0.423438,0.534554,0.402613,0.600158,0.401601,0.522358,0.303902,0.302474,0.324527,0.385216,0.194814,0.432955,0.305696,0.360629,0.360085,0.382898,0.855312,0.801786,0.226040,0.111373,0.133071,0.436696,0.140077,0.342697,0.261171,0.219652,1.442902,1.523942,0.000000,2.028287,1.332161,1.414801,1.563464,1.132854,1.113825,0.766326,0.464492,0.363013,0.573230,0.793968,0.507012,0.491303,0.804827,0.835480,0.317333,0.391670,0.397462,0.545555,0.271511,-0.001666,1.086029,1.219496,0.675254,0.727021,0.124188,0.112584,0.174322,0.399672,0.182747,0.217598,0.222152,0.229682,0.495558,0.427331,0.528408,0.656553,0.248689,0.349073,0.428009,0.529513,0.218861,0.415468,0.313792,0.539965
0.381793,0.586105,0.127504,0.374355,0.275815,0.246629,0.208786,0.419221,0.100441,0.212976,-0.033989,0.271871,0.058462,0.252198,0.067412,0.004720,0.460406,0.592511,0.434834,0.679345,0.397150,0.544765,0.307133,0.249468,0.301168,0.366575,0.192634,0.381146,0.363490,0.389294,0.386040,0.385811,0.908994,0.878944,0.216801,0.100801,0.157166,0.424449,0.193112,0.377035,0.326717,0.219828,1.251696,1.504047,2.028287,0.000000,1.222963,1.391804,1.389364,1.057515,1.047727,0.757048,0.462805,0.327016,0.638066,0.868008,0.586818,0.581047,0.808532,0.825058,0.318307,0.363028,0.473493,0.586675,0.247454,-0.051949,1.084361,1.322102,0.781932,0.847852,0.106654,0.085665,0.203454,0.424665,0.177105,0.196265,0.191154,0.195926,0.548904,0.429135,0.650134,0.779916,0.309483,0.429836,0.488038,0.602305,0.271542,0.463392,0.342139,0.573998
0.441887,0.582893,0.110322,0.320171,0.302927,0.304348,0.194676,0.438844,0.175974,0.240386,0.082367,0.327632,0.154438,0.311476,0.210278,0.109362,0.519849,0.634052,0.508603,0.623338,0.322933,0.446422,0.343023,0.294825,0.305919,0.389183,0.395048,0.534775,0.300477,0.320338,0.287660,0.336027,0.825881,0.753017,0.183872,0.017851,0.049219,0.332752,0.042119,0.285936,0.139840,0.195615,1.875047,1.454930,1.332161,1.222963,0.000000,1.709671,1.236634,1.076537,1.241229,0.767922,0.772591,0.681108,0.812560,1.041118,0.628538,0.594174,0.855522,0.838442,0.433254,0.437979,0.417386,0.509872,0.307421,0.008017,0.850251,0.897776,0.693471,0.716916,-0.013969,-0.051819,0.082830,0.300319,0.097012,0.151437,0.207387,0.227561,0.550726,0.456548,0.553605,0.670566,0.372570,0.393737,0.443377,0.533232,0.294989,0.423913,0.449492,0.684821
0.368325,0.496342,0.164585,0.267011,0.326316,0.202746,0.220996,0.335446,0.157555,0.145455,0.044178,0.214265,0.111155,0.183726,0.165036,-0.036622,0.482350,0.546127,0.475241,0.538167,0.296663,0.394677,0.334208,0.223614,0.336311,0.339860,0.331519,0.404690,0.352663,0.311372,0.313031,0.297476,0.803373,0.721770,0.158078,0.020219,0.080842,0.337184,0.076462,0.296242,0.239408,0.150004,1.675319,2.026327,1.414801,1.391804,1.709671,0.000000,1.181976,1.075332,1.013318,0.657545,0.513858,0.469848,0.599314,0.883908,0.540178,0.491266,0.728760,0.717616,0.334152,0.312976,0.469481,0.475499,0.217967,-0.104740,0.780387,0.817525,0.640381,0.639867,0.049020,-0.000925,0.152544,0.298897,0.168809,0.194299,0.205866,0.214498,0.480864,0.454061,0.536276,0.644556,0.351408,0.354899,0.387612,0.466054,0.243897,0.352148,0.358067,0.532779
