0.000000,0.981340,0.687097,0.555554,0.324689,0.363378,1.048004,0.483992,0.671942,0.240415,0.956278,0.449291,0.833308,0.386893,0.922347,0.671706,0.490178,0.550159,0.793283,0.532333,0.463570,0.330678,0.415472,0.365885,0.327490,0.421219,0.397386,0.527251,0.448697,0.406633,0.511236,0.438018,0.927649,0.693806,0.590778,0.303835,0.504356,0.469898,0.535998,0.622720,0.491394,0.631445,0.448937,0.421078,0.652200,0.482343,0.554676,0.580373,0.342797,0.315439,0.432059,0.212708,0.412175,0.197699,0.572159,0.493942,0.827088,0.755009,0.917536,0.642810,1.007726,0.585432,0.768343,0.433922,0.682499,0.588205,0.888760,0.523531,0.997939,0.614834,0.440268,0.449530,0.610812,0.564332,0.355433,0.475573,0.449343,0.255355,0.633754,0.406704,0.718629,0.710584,0.648384,0.694780,0.981447,0.530977,0.785208,0.747789,0.670441,0.674164
0.981340,0.000000,0.235411,0.390458,0.240005,0.343499,0.512860,0.424392,0.528314,0.239474,0.544619,0.471924,0.549901,0.473249,0.508807,0.465633,0.793923,0.938919,0.328430,0.718027,0.231549,0.340519,0.095420,0.190215,0.082592,0.194224,0.140480,0.260866,0.444411,0.550234,0.208452,0.224023,1.025761,0.890726,0.152006,0.014429,0.328092,0.482347,0.388540,0.580452,0.420125,0.713892,0.409287,0.469419,0.700510,0.661514,0.704448,0.686740,0.617752,0.664053,0.582984,0.536313,0.773384,0.440712,0.795210,0.795981,1.185360,1.199870,0.890145,1.076941,0.614182,0.546284,0.796279,0.689223,0.168325,0.333919,0.592274,0.422407,1.283763,0.787566,0.226220,0.147381,0.424883,0.592155,0.090703,0.346357,0.304034,0.204491,0.734437,0.555218,0.971943,1.108898,0.542081,0.776156,0.724597,0.563801,0.639977,0.856697,0.605231,0.777598
0.687097,0.235411,0.000000,0.871630,0.293254,0.419054,1.355510,0.663964,0.751641,0.497958,0.642693,0.261819,0.747414,0.342642,1.049977,0.777770,0.194220,0.098170,1.109236,0.318485,0.604884,0.490341,1.401161,1.039625,0.713846,0.957505,0.689513,0.697514,0.312923,0.241722,1.121815,0.827186,0.375554,0.384502,0.787122,0.666501,0.327351,0.249772,0.354431,0.309670,0.417184,0.258757,0.411203,0.317746,0.343515,0.305287,0.362908,0.344061,0.199942,0.185704,0.303761,0.102106,0.251784,0.312804,0.292022,0.168993,0.070877,-0.009999,0.296312,0.143185,0.385129,0.282653,0.255949,0.128848,0.837137,0.629740,0.507715,0.446260,0.256243,0.211567,0.446881,0.524939,0.561488,0.452448,0.482870,0.395901,0.627808,0.481443,0.166180,0.076918,0.173116,0.183227,0.429374,0.409616,0.623338,0.363100,0.472235,0.278467,0.346079,0.239288
0.555554,0.390458,0.871630,0.000000,0.291525,0.655448,0.999574,1.533839,0.698409,0.777847,0.471076,0.706731,0.607541,0.772100,0.740114,0.797944,0.335343,0.420439,0.583047,0.750460,0.743495,0.606825,0.909788,1.200842,0.534454,0.866106,0.497748,0.596816,0.429800,0.476544,1.022999,1.124499,0.650093,0.877905,0.696849,0.898850,0.218525,0.239221,0.490406,0.548356,0.404990,0.402562,0.643400,0.570317,0.489258,0.519601,0.688050,0.646067,0.423298,0.349103,0.651943,0.424159,0.556276,0.564153,0.511031,0.503516,0.192369,0.136775,0.504373,0.408791,0.439320,0.595853,0.384964,0.465143,0.527409,1.166076,0.721474,0.850438,0.372713,0.324901,0.228654,0.291136,0.551573,0.816831,0.531407,0.578612,0.779237,0.823924,0.447208,0.325543,0.416211,0.449669,0.463774,0.508043,0.809099,0.858697,0.527991,0.359915,0.533087,0.476632
0.324689,0.240005,0.293254,0.291525,0.000000,0.590407,0.318677,0.244563,0.699776,0.422752,0.188687,0.067396,0.357842,0.112949,0.234955,0.063395,0.089417,0.181531,0.256864,0.349280,0.197711,0.328076,0.350719,0.189342,0.632978,0.411609,0.589765,0.318637,0.260613,0.259667,0.287203,0.282657,0.296370,0.299811,0.168334,0.147424,0.065731,0.096478,0.177546,0.179068,0.082650,0.140185,0.118819,0.063474,0.059320,0.048736,0.150025,0.185312,0.053851,0.057902,0.219453,0.119173,0.263873,0.248464,0.029686,0.044410,0.172906,0.242908,0.386151,0.154788,0.236848,0.081663,0.147181,0.039083,0.209954,0.131597,0.273778,0.135534,0.284847,0.305566,-0.182820,-0.051449,0.269890,0.223528,0.089936,0.203691,0.221094,0.279149,0.207215,0.288003,0.139748,0.140189,0.150582,0.063550,0.153006,0.113879,0.054540,0.096835,0.161017,0.143971
0.363378,0.343499,0.419054,0.655448,0.590407,0.000000,0.465879,0.653837,0.772549,0.919326,0.063580,0.235548,0.247230,0.386228,0.363275,0.465757,0.249945,0.262883,0.276140,0.377259,0.333624,0.308655,0.343025,0.467714,0.577503,0.746158,0.539197,0.459281,0.180453,0.283666,0.422382,0.507446,0.390913,0.553343,0.279149,0.504021,0.057248,0.296675,0.316835,0.283039,0.449763,0.299743,0.259417,0.206805,0.270289,0.326028,0.383498,0.337865,0.291004,0.221753,0.458480,0.272600,0.466168,0.451980,0.419686,0.420303,0.161697,0.167590,0.528459,0.429713,0.378336,0.616992,0.222218,0.358596,0.113651,0.490721,0.431327,0.503132,0.284027,0.216159,0.141876,0.178782,0.419099,0.552197,0.265840,0.321853,0.460450,0.470519,0.347408,0.183710,0.336993,0.329499,0.226596,0.337816,0.265050,0.383503,0.346169,0.285103,0.575970,0.507487
1.048004,0.512860,1.355510,0.999574,0.318677,0.465879,0.000000,0.911143,0.817141,0.500636,0.888706,0.481221,0.971017,0.543805,1.093673,0.816939,0.363391,0.358762,0.920683,0.529417,0.645099,0.515619,0.928493,0.860310,0.584892,0.806790,0.582674,0.642479,0.532518,0.466868,0.983067,0.928534,0.701378,0.688373,0.815298,0.643026,0.418712,0.301027,0.476647,0.522727,0.455265,0.424125,0.556555,0.472007,0.557792,0.465150,0.535118,0.565065,0.326349,0.274845,0.419184,0.191398,0.343197,0.322906,0.414741,0.350249,0.334525,0.286540,0.636731,0.383662,0.705094,0.529050,0.502465,0.355617,0.857241,0.810452,0.840845,0.640905,0.491050,0.374859,0.356743,0.469432,0.690491,0.638848,0.554577,0.553061,0.668486,0.485990,0.432414,0.337645,0.466675,0.446363,0.566962,0.549261,0.894144,0.532641,0.683770,0.459912,0.521314,0.431297
0.483992,0.424392,0.663964,1.533839,0.244563,0.653837,0.911143,0.000000,0.633036,0.980839,0.448193,0.800845,0.602239,0.978681,0.593444,0.677789,0.459933,0.512570,0.421324,0.783208,0.627779,0.682325,0.682884,0.888467,0.334777,0.665860,0.363189,0.410634,0.584601,0.649790,0.873534,1.057639,0.686611,1.056731,0.537592,0.792155,0.095193,0.149082,0.447281,0.496955,0.359783,0.332764,0.672124,0.625335,0.535448,0.580828,0.697349,0.701264,0.469190,0.369021,0.651089,0.418544,0.505818,0.552450,0.497365,0.532528,0.189534,0.134529,0.531866,0.406539,0.419971,0.687682,0.448748,0.616862,0.359791,1.064097,0.691779,0.889144,0.348061,0.397819,0.113010,0.166524,0.521360,0.888835,0.520411,0.567854,0.729188,0.824793,0.437347,0.441179,0.498152,0.559564,0.534636,0.560799,0.701505,0.859090,0.497486,0.355873,0.479698,0.422055
0.671942,0.528314,0.751641,0.698409,0.699776,0.772549,0.817141,0.633036,0.000000,0.672513,0.417960,0.224314,0.666303,0.354315,0.752808,0.715056,0.259961,0.232135,0.628722,0.431810,0.507481,0.498660,0.587443,0.618024,0.643944,0.823885,0.628111,0.625235,0.320940,0.300472,0.675644,0.646371,0.513776,0.560674,0.492597,0.436133,0.195670,0.389381,0.247668,0.352302,0.400293,0.453393,0.282435,0.220915,0.328066,0.288529,0.377779,0.329622,0.186138,0.167405,0.339998,0.126645,0.367300,0.289763,0.364620,0.295804,0.310401,0.323859,0.438687,0.357295,0.549184,0.491822,0.366597,0.298021,0.589788,0.576293,0.488664,0.382854,0.498820,0.368216,0.324766,0.350470,0.477629,0.462487,0.296763,0.339508,0.390311,0.343202,0.359777,0.207870,0.345001,0.384348,0.447273,0.517041,0.554575,0.462499,0.563622,0.456318,0.507840,0.406399
0.240415,0.239474,0.497958,0.777847,0.422752,0.919326,0.500636,0.980839,0.672513,0.000000,0.133184,0.355638,0.346796,0.586884,0.384821,0.473254,0.339698,0.266259,0.296941,0.486416,0.438291,0.621591,0.450862,0.544209,0.336167,0.708396,0.399405,0.364726,0.326376,0.409408,0.666831,0.715438,0.359887,0.697407,0.312161,0.602330,-0.093086,0.134557,0.354570,0.270708,0.349751,0.174711,0.436435,0.348673,0.343886,0.401973,0.476560,0.445435,0.342493,0.228361,0.463230,0.224732,0.376974,0.429081,0.358545,0.352436,0.026269,-0.026224,0.314597,0.228169,0.203952,0.505548,0.209921,0.344506,0.208815,0.587251,0.412490,0.574205,0.236940,0.367695,0.030575,0.048376,0.359446,0.616519,0.332383,0.308275,0.479060,0.679716,0.225846,0.229486,0.260508,0.372110,0.321558,0.433242,0.352098,0.539136,0.284464,0.232899,0.440867,0.277151
0.956278,0.544619,0.642693,0.471076,0.188687,0.063580,0.888706,0.448193,0.417960,0.133184,0.000000,0.559883,1.107618,0.534866,0.871016,0.546414,0.481794,0.454093,0.613451,0.437854,0.470480,0.356584,0.570914,0.453212,0.320063,0.380000,0.357867,0.410245,0.749700,0.609963,0.609393,0.550377,0.583050,0.459422,0.500319,0.232582,0.378428,0.227229,0.438623,0.486005,0.229198,0.392253,0.412432,0.398249,0.523664,0.401584,0.504842,0.485997,0.329817,0.333221,0.363938,0.233111,0.299965,0.211213,0.381873,0.315618,0.451032,0.386906,0.490539,0.343659,0.549017,0.231177,0.552819,0.310342,0.603586,0.475980,0.585971,0.407301,0.518124,0.433051,0.250187,0.296163,0.449159,0.434971,0.306701,0.410047,0.376357,0.288895,0.458180,0.377280,0.599286,0.543119,0.779411,0.543256,0.825832,0.501990,0.564494,0.520417,0.344229,0.342613
0.449291,0.471924,0.261819,0.706731,0.067396,0.235548,0.481221,0.800845,0.224314,0.355638,0.559883,0.000000,0.485221,1.213968,0.444195,0.528782,0.370545,0.554398,0.178178,0.641338,0.523028,0.476225,0.348455,0.490992,0.185400,0.316670,0.216656,0.291565,0.536582,0.607312,0.449622,0.565699,0.513095,0.673749,0.246442,0.330314,0.257492,0.154175,0.392963,0.548626,0.315656,0.425803,0.497911,0.549231,0.434582,0.446944,0.611754,0.613234,0.468367,0.423214,0.752137,0.714446,0.554699,0.482027,0.551525,0.622111,0.256270,0.193004,0.503166,0.446957,0.338316,0.439890,0.362715,0.573993,0.113845,0.736564,0.426870,0.556012,0.315472,0.283224,0.061432,0.102741,0.344030,0.616632,0.336923,0.676403,0.476694,0.490446,0.405173,0.384528,0.592507,0.576004,0.478057,0.407339,0.619571,0.965847,0.412058,0.273948,0.360651,0.426870
0.833308,0.549901,0.747414,0.607541,0.357842,0.247230,0.971017,0.602239,0.666303,0.346796,1.107618,0.485221,0.000000,0.682482,0.852286,0.574226,0.479930,0.419610,0.705509,0.553509,0.404032,0.435087,0.691148,0.541034,0.314776,0.463514,0.407650,0.380350,0.674865,0.579385,0.679449,0.637063,0.599704,0.524701,0.404389,0.240857,0.292614,0.175620,0.254440,0.344764,0.308733,0.413567,0.325273,0.308314,0.358986,0.291600,0.397373,0.389030,0.260747,0.243461,0.320762,0.190361,0.305985,0.300560,0.259492,0.185496,0.408346,0.389964,0.499382,0.252841,0.575836,0.255870,0.578888,0.320002,0.669349,0.449642,0.439058,0.282155,0.494717,0.472054,0.226973,0.229718,0.570516,0.585178,0.371211,0.423471,0.393132,0.344451,0.464270,0.462194,0.545136,0.540526,0.569536,0.476138,0.715572,0.435052,0.452473,0.443198,0.341396,0.244380
0.386893,0.473249,0.342642,0.772100,0.112949,0.386228,0.543805,0.978681,0.354315,0.586884,0.534866,1.213968,0.682482,0.000000,0.531846,0.636933,0.572795,0.652016,0.258830,0.766354,0.498034,0.480093,0.444006,0.614355,0.202330,0.417257,0.263761,0.257969,0.612724,0.765178,0.553121,0.665737,0.558943,0.739968,0.202577,0.338062,0.133174,0.080326,0.330682,0.449227,0.278924,0.387287,0.476918,0.512042,0.440349,0.525429,0.611182,0.604864,0.552127,0.473884,0.649049,0.611978,0.606781,0.602479,0.552368,0.595041,0.258660,0.180827,0.477436,0.409515,0.334420,0.530059,0.508972,0.719819,0.129565,0.673936,0.372558,0.544181,0.345650,0.378506,0.087738,0.053468,0.414407,0.755556,0.366246,0.590188,0.577632,0.599552,0.482738,0.474562,0.659097,0.641556,0.490491,0.477066,0.587067,0.811886,0.397185,0.313691,0.454146,0.436494
0.922347,0.508807,1.049977,0.740114,0.234955,0.363275,1.093673,0.593444,0.752808,0.384821,0.871016,0.444195,0.852286,0.531846,0.000000,1.202771,0.435726,0.370228,1.058665,0.487411,0.656281,0.459886,0.781840,0.764721,0.502953,0.798495,0.576741,0.742556,0.474479,0.451019,0.896919,0.735951,0.563840,0.480049,0.811284,0.521610,0.456116,0.467153,0.557277,0.608876,0.437648,0.526560,0.570130,0.507557,0.590087,0.494221,0.605044,0.582291,0.372099,0.328292,0.409014,0.232194,0.425435,0.363560,0.607222,0.473910,0.306892,0.236019,0.469700,0.390762,0.569318,0.446175,0.515059,0.378571,0.870089,0.729597,0.650041,0.551216,0.529149,0.365040,0.448026,0.454264,0.573095,0.570591,0.490211,0.516218,0.662412,0.481649,0.445885,0.237040,0.500271,0.462517,0.682181,0.728188,1.037185,0.596686,0.825819,0.633836,0.670363,0.542378
0.671706,0.465633,0.777770,0.797944,0.063395,0.465757,0.816939,0.677789,0.715056,0.473254,0.546414,0.528782,0.574226,0.636933,1.202771,0.000000,0.369849,0.283400,0.741357,0.375481,0.626141,0.384519,0.615651,0.935361,0.461711,0.877129,0.502790,0.710041,0.257139,0.312188,0.776885,0.711462,0.466148,0.485433,0.624093,0.643660,0.437902,0.615724,0.415267,0.581902,0.539751,0.671303,0.448619,0.417767,0.508285,0.491814,0.545473,0.472888,0.360674,0.315223,0.409787,0.301252,0.483350,0.358357,0.811093,0.624606,0.222207,0.137484,0.389515,0.477876,0.543864,0.737351,0.461274,0.503469,0.602228,0.902467,0.478012,0.595989,0.411640,0.224760,0.655309,0.611162,0.533114,0.636104,0.493155,0.532538,0.555583,0.423262,0.385413,0.082762,0.530693,0.485133,0.572304,0.787042,0.886975,0.811638,0.955337,0.684973,0.840059,0.703237
0.490178,0.793923,0.194220,0.335343,0.089417,0.249945,0.363391,0.459933,0.259961,0.339698,0.481794,0.370545,0.479930,0.572795,0.435726,0.369849,0.000000,1.137838,0.267532,0.782686,0.245936,0.410287,0.174580,0.224639,-0.020262,0.181963,0.085843,0.109618,0.904095,1.019606,0.350379,0.351159,0.882726,0.820070,0.097039,0.069955,0.155862,0.186742,0.336472,0.447385,0.199233,0.319023,0.602933,0.672806,0.773656,0.801189,0.814478,0.842063,0.833805,0.777333,0.556652,0.528788,0.665095,0.513609,0.692455,0.719795,0.711993,0.541722,0.563088,0.606078,0.319622,0.320783,0.859372,0.800259,0.018760,0.193096,0.439993,0.495798,0.728468,0.771049,0.111605,-0.055482,0.487844,0.616772,0.132057,0.193833,0.438982,0.440248,0.733216,0.737697,1.094410,1.044328,0.786991,0.944138,0.547830,0.473758,0.466118,0.597587,0.406458,0.486342
0.550159,0.938919,0.098170,0.420439,0.181531,0.262883,0.358762,0.512570,0.232135,0.266259,0.454093,0.554398,0.419610,0.652016,0.370228,0.283400,1.137838,0.000000,0.183728,1.036074,0.312911,0.368330,0.088136,0.151382,0.009751,0.081301,0.081571,0.174046,0.779149,1.016063,0.295187,0.364570,1.183235,1.059618,0.147812,0.065822,0.193548,0.196367,0.501770,0.550800,0.188001,0.443711,0.567443,0.668350,0.763692,0.844676,0.828832,0.932681,0.800760,0.770407,0.627769,0.624437,0.792324,0.592020,0.673884,0.838361,0.854554,0.824563,0.771162,0.821615,0.435061,0.451890,0.942172,1.025924,0.018987,0.323208,0.597972,0.552483,0.872686,0.721861,-0.015740,-0.116137,0.455386,0.681858,0.153722,0.325196,0.436274,0.433443,1.031523,1.103989,1.211564,1.296618,0.584064,0.703095,0.669456,0.576713,0.465214,0.606732,0.478916,0.656594
0.793283,0.328430,1.109236,0.583047,0.256864,0.276140,0.920683,0.421324,0.628722,0.296941,0.613451,0.178178,0.705509,0.258830,1.058665,0.741357,0.267532,0.183728,0.000000,0.470391,0.382106,0.240033,0.827879,0.697694,0.371374,0.608305,0.298407,0.361940,0.218578,0.143734,0.723472,0.493463,0.464997,0.376544,0.824540,0.569427,0.382637,0.295480,0.297550,0.310361,0.304625,0.358668,0.510893,0.448857,0.490545,0.418054,0.421401,0.439513,0.209785,0.201220,0.221170,0.034961,0.205504,0.188622,0.312183,0.190286,0.167454,0.128619,0.338836,0.155222,0.478784,0.314861,0.437496,0.197165,0.864818,0.538889,0.567971,0.460636,0.424108,0.383665,0.477163,0.505752,0.551905,0.417428,0.568086,0.396054,0.673073,0.448476,0.238270,0.123425,0.229567,0.197155,0.331753,0.402571,0.656338,0.253831,0.598979,0.386049,0.396725,0.295705
0.532333,0.718027,0.318485,0.750460,0.349280,0.377259,0.529417,0.783208,0.431810,0.486416,0.437854,0.641338,0.553509,0.766354,0.487411,0.375481,0.782686,1.036074,0.470391,0.000000,0.350105,0.418277,0.403186,0.454923,0.108263,0.284866,0.085509,0.122003,0.670782,0.813217,0.495392,0.558338,1.027513,1.106295,0.338833,0.308865,0.119525,0.043933,0.385290,0.456085,0.133894,0.347121,0.701128,0.745757,0.678676,0.728772,0.860958,0.957818,0.625350,0.577443,0.630575,0.546551,0.688973,0.639010,0.505452,0.609790,0.492133,0.541020,0.707050,0.579119,0.358071,0.423979,0.668811,0.759030,0.181058,0.490669,0.686761,0.689329,0.724263,0.770923,-0.076567,-0.073784,0.419471,0.729224,0.298463,0.446095,0.586577,0.656750,0.672762,0.815041,0.699387,0.748472,0.449101,0.546123,0.652673,0.592491,0.444680,0.452628,0.402379,0.478913
0.463570,0.231549,0.604884,0.743495,0.197711,0.333624,0.645099,0.627779,0.507481,0.438291,0.470480,0.523028,0.404032,0.498034,0.656281,0.626141,0.245936,0.312911,0.382106,0.350105,0.000000,0.614449,0.556218,0.619012,0.439559,0.623971,0.618522,0.736807,0.366303,0.376020,0.784033,0.750690,0.424605,0.478066,0.581216,0.591207,0.225988,0.296308,0.545452,0.617678,0.316845,0.407583,0.397379,0.369069,0.352916,0.362932,0.476326,0.430673,0.249692,0.221012,0.433458,0.281875,0.350876,0.276177,0.484849,0.437758,0.168491,0.096160,0.394006,0.273822,0.429463,0.370651,0.319317,0.333029,0.535553,0.771836,0.505046,0.554699,0.247034,0.178635,0.299813,0.356814,0.549566,0.419490,0.404275,0.435122,0.543100,0.542539,0.389605,0.300135,0.406451,0.378006,0.487928,0.448722,0.671469,0.705135,0.507468,0.280093,0.521809,0.469680
0.330678,0.340519,0.490341,0.606825,0.328076,0.308655,0.515619,0.682325,0.498660,0.621591,0.356584,0.476225,0.435087,0.480093,0.459886,0.384519,0.410287,0.368330,0.240033,0.418277,0.614449,0.000000,0.497296,0.436129,0.337567,0.531838,0.462301,0.422937,0.554451,0.599988,0.663376,0.628485,0.401250,0.570382,0.349715,0.386538,0.074517,0.228790,0.473819,0.454003,0.294247,0.211557,0.486574,0.441304,0.367608,0.372962,0.504298,0.485998,0.294930,0.237413,0.471067,0.304113,0.362006,0.345635,0.375781,0.327392,0.154414,0.101563,0.268550,0.191141,0.130131,0.185372,0.216152,0.246675,0.288398,0.492615,0.396602,0.441266,0.299190,0.394161,0.052372,0.092164,0.456148,0.550175,0.295232,0.260752,0.505773,0.608139,0.323063,0.352686,0.346823,0.467801,0.530970,0.511343,0.445649,0.598613,0.241027,0.249935,0.270652,0.226220
0.415472,0.095420,1.401161,0.909788,0.350719,0.343025,0.928493,0.682884,0.587443,0.450862,0.570914,0.348455,0.691148,0.444006,0.781840,0.615651,0.174580,0.088136,0.827879,0.403186,0.556218,0.497296,0.000000,1.237438,0.755369,0.863368,0.607747,0.516935,0.341955,0.280004,1.046176,0.785498,0.272370,0.325730,0.603768,0.600628,0.215169,0.073004,0.253057,0.234494,0.250029,0.111184,0.381073,0.313556,0.232499,0.254717,0.335913,0.319250,0.184635,0.188541,0.304254,0.196900,0.266269,0.393480,0.206805,0.112401,-0.079853,-0.123854,0.193265,0.042446,0.167388,0.134466,0.137895,0.087234,0.594244,0.578549,0.372839,0.419525,0.109622,0.193118,0.294445,0.389814,0.448457,0.424632,0.428425,0.352767,0.629875,0.591930,0.097517,0.115686,0.092282,0.097051,0.348434,0.257520,0.489501,0.361102,0.316765,0.131774,0.207681,0.145330
0.365885,0.190215,1.039625,1.200842,0.189342,0.467714,0.860310,0.888467,0.618024,0.544209,0.453212,0.490992,0.541034,0.614355,0.764721,0.935361,0.224639,0.151382,0.697694,0.454923,0.619012,0.436129,1.237438,0.000000,0.636389,0.977189,0.501909,0.559264,0.266731,0.274658,0.983271,0.953752,0.372853,0.461775,0.593915,0.788838,0.278988,0.224333,0.231336,0.348547,0.297682,0.316327,0.439516,0.388970,0.320537,0.401156,0.458765,0.386624,0.352686,0.338107,0.448844,0.352307,0.418384,0.453211,0.425448,0.320460,-0.013217,-0.111903,0.228283,0.211441,0.264751,0.398069,0.228721,0.297006,0.516960,0.798910,0.393042,0.567922,0.132548,0.118977,0.392000,0.476971,0.488002,0.547478,0.507508,0.474074,0.657354,0.604036,0.158629,0.076832,0.229482,0.207404,0.341273,0.389734,0.579645,0.601480,0.492202,0.265855,0.375772,0.356358
0.327490,0.082592,0.713846,0.534454,0.632978,0.577503,0.584892,0.334777,0.643944,0.336167,0.320063,0.185400,0.314776,0.202330,0.502953,0.461711,-0.020262,0.009751,0.371374,0.108263,0.439559,0.337567,0.755369,0.636389,0.000000,1.043495,1.140024,0.781145,0.144641,0.158771,0.612396,0.522140,0.143726,0.150289,0.410109,0.376665,0.256575,0.210425,0.245214,0.207449,0.293789,0.165081,0.134672,0.059153,0.059645,0.082406,0.141064,0.118982,0.062907,0.098186,0.250355,0.188303,0.335227,0.310871,0.227489,0.140745,-0.047512,-0.033757,0.245663,0.224534,0.207522,0.205595,-0.011263,0.043283,0.353139,0.385357,0.270586,0.234800,0.073460,-0.023532,0.248328,0.398703,0.331103,0.191505,0.218851,0.296832,0.379823,0.296942,0.120802,-0.048942,0.060113,0.019614,0.227241,0.143577,0.235278,0.195410,0.192116,0.064381,0.279279,0.305655
0.421219,0.194224,0.957505,0.866106,0.411609,0.746158,0.806790,0.665860,0.823885,0.708396,0.380000,0.316670,0.463514,0.417257,0.798495,0.877129,0.181963,0.081301,0.608305,0.284866,0.623971,0.531838,0.863368,0.977189,1.043495,0.000000,0.825349,0.816018,0.212570,0.239836,0.961683,0.824610,0.276976,0.419646,0.666963,0.750043,0.247423,0.348834,0.359158,0.416836,0.426229,0.354572,0.426443,0.333520,0.325402,0.342140,0.426669,0.355887,0.240214,0.203706,0.406736,0.225235,0.386655,0.395916,0.446592,0.317079,-0.025625,-0.060936,0.295878,0.269699,0.272049,0.380292,0.100537,0.183299,0.499872,0.696400,0.474029,0.554014,0.189570,0.156496,0.353459,0.466538,0.523536,0.499061,0.461123,0.361439,0.617269,0.593897,0.219943,-0.027099,0.199898,0.213455,0.361068,0.440468,0.506547,0.484823,0.493615,0.263440,0.511035,0.377600
0.397386,0.140480,0.689513,0.497748,0.589765,0.539197,0.582674,0.363189,0.628111,0.399405,0.357867,0.216656,0.407650,0.263761,0.576741,0.502790,0.085843,0.081571,0.298407,0.085509,0.618522,0.462301,0.607747,0.501909,1.140024,0.825349,0.000000,1.070642,0.294628,0.306602,0.636781,0.590203,0.184236,0.197419,0.389960,0.360449,0.234770,0.236594,0.288131,0.261273,0.328755,0.215691,0.031249,-0.038069,0.018884,0.015075,0.086920,0.060840,0.008246,0.026736,0.203718,0.130823,0.278150,0.276327,0.228280,0.139315,0.058891,0.029434,0.281592,0.199939,0.330635,0.275106,0.158895,0.141074,0.427866,0.385034,0.234713,0.187372,0.117452,0.002777,0.220696,0.296903,0.393481,0.261919,0.214578,0.322951,0.276549,0.270427,0.158652,0.069176,0.198541,0.164378,0.407863,0.300793,0.337506,0.343729,0.183472,0.117927,0.380141,0.306697
0.527251,0.260866,0.697514,0.596816,0.318637,0.459281,0.642479,0.410634,0.625235,0.364726,0.410245,0.291565,0.380350,0.257969,0.742556,0.710041,0.109618,0.174046,0.361940,0.122003,0.736807,0.422937,0.516935,0.559264,0.781145,0.816018,1.070642,0.000000,0.207514,0.232889,0.660266,0.620222,0.288536,0.285047,0.516549,0.463440,0.350057,0.473131,0.441077,0.502854,0.409165,0.421563,0.202862,0.128957,0.238595,0.232234,0.279009,0.200949,0.193613,0.174616,0.339159,0.188755,0.346122,0.234570,0.432106,0.336245,0.192281,0.120441,0.310334,0.327909,0.366352,0.338351,0.171731,0.190583,0.504152,0.545689,0.403927,0.359605,0.274644,0.018803,0.384922,0.456574,0.360857,0.317944,0.277734,0.315260,0.283615,0.254913,0.306015,0.078322,0.323171,0.318532,0.465695,0.472065,0.597882,0.511237,0.483885,0.341355,0.540968,0.470010
0.448697,0.444411,0.312923,0.429800,0.260613,0.180453,0.532518,0.584601,0.320940,0.326376,0.749700,0.536582,0.674865,0.612724,0.474479,0.257139,0.904095,0.779149,0.218578,0.670782,0.366303,0.554451,0.341955,0.266731,0.144641,0.212570,0.294628,0.207514,0.000000,1.601033,0.524890,0.629944,0.723757,0.704082,0.272518,0.153667,0.157294,-0.003368,0.350070,0.410778,0.112803,0.154180,0.525219,0.560964,0.514223,0.450231,0.577092,0.652294,0.434635,0.391100,0.474387,0.351891,0.344660,0.406119,0.308465,0.386368,0.412709,0.347088,0.486531,0.314102,0.352429,0.197962,0.623288,0.581228,0.241233,0.300713,0.481166,0.433006,0.386115,0.483137,-0.140330,-0.172124,0.475622,0.554695,0.251872,0.320531,0.406983,0.464201,0.583236,0.798155,0.789609,0.714029,0.975726,0.638033,0.525918,0.511003,0.321708,0.355300,0.153643,0.174289
0.406633,0.550234,0.241722,0.476544,0.259667,0.283666,0.466868,0.649790,0.300472,0.409408,0.609963,0.607312,0.579385,0.765178,0.451019,0.312188,1.019606,1.016063,0.143734,0.813217,0.376020,0.599988,0.280004,0.274658,0.158771,0.239836,0.306602,0.232889,1.601033,0.000000,0.497046,0.631308,0.780189,0.809447,0.202861,0.153703,0.105696,0.050246,0.403324,0.459815,0.110047,0.234565,0.520996,0.580069,0.546512,0.544786,0.671170,0.737908,0.565183,0.509421,0.540317,0.481410,0.552533,0.570287,0.464595,0.548116,0.433434,0.396264,0.544267,0.475197,0.289790,0.309548,0.639394,0.784848,0.105110,0.333614,0.462866,0.479509,0.449850,0.483352,-0.149355,-0.180341,0.427632,0.630146,0.181105,0.313276,0.434653,0.515672,0.690817,0.866228,0.925214,0.902294,0.934268,0.717092,0.524792,0.580598,0.335799,0.422046,0.264642,0.316646
0.511236,0.208452,1.121815,1.022999,0.287203,0.422382,0.983067,0.873534,0.675644,0.666831,0.609393,0.449622,0.679449,0.553121,0.896919,0.776885,0.350379,0.295187,0.723472,0.495392,0.784033,0.663376,1.046176,0.983271,0.612396,0.961683,0.636781,0.660266,0.524890,0.497046,0.000000,1.543955,0.509488,0.598584,0.793346,0.799065,0.181646,0.151402,0.453405,0.417087,0.412937,0.295993,0.552657,0.464074,0.424617,0.386065,0.489856,0.465110,0.254597,0.197364,0.396284,0.168897,0.307555,0.329207,0.380450,0.266039,0.043335,-0.020029,0.291509,0.156519,0.376817,0.383411,0.333625,0.350929,0.672687,0.756015,0.516787,0.579552,0.214892,0.236851,0.363321,0.418295,0.625179,0.611529,0.576593,0.488516,0.683316,0.672103,0.363278,0.269520,0.357072,0.369179,0.588486,0.531013,0.713612,0.600348,0.486712,0.311905,0.363437,0.238664
0.438018,0.224023,0.827186,1.124499,0.282657,0.507446,0.928534,1.057639,0.646371,0.715438,0.550377,0.565699,0.637063,0.665737,0.735951,0.711462,0.351159,0.364570,0.493463,0.558338,0.750690,0.628485,0.785498,0.953752,0.522140,0.824610,0.590203,0.620222,0.629944,0.631308,1.543955,0.000000,0.586690,0.693681,0.670409,0.777879,0.181465,0.132499,0.411337,0.435719,0.331131,0.346998,0.509025,0.433155,0.406996,0.375161,0.494816,0.478129,0.290449,0.208822,0.425246,0.207382,0.339249,0.359068,0.366814,0.299885,0.089517,0.038457,0.351950,0.206214,0.437388,0.497400,0.373921,0.450642,0.583569,0.784997,0.516199,0.599623,0.197993,0.194924,0.217954,0.314996,0.587052,0.676518,0.536196,0.506975,0.580383,0.609545,0.426390,0.394993,0.466403,0.445283,0.569036,0.517048,0.689289,0.710378,0.490575,0.338140,0.375383,0.262420
0.927649,1.025761,0.375554,0.650093,0.296370,0.390913,0.701378,0.686611,0.513776,0.359887,0.583050,0.513095,0.599704,0.558943,0.563840,0.466148,0.882726,1.183235,0.464997,1.027513,0.424605,0.401250,0.272370,0.372853,0.143726,0.276976,0.184236,0.288536,0.723757,0.780189,0.509488,0.586690,0.000000,1.407402,0.439810,0.312780,0.329511,0.285125,0.476789,0.660960,0.312606,0.615918,0.639995,0.710612,0.876093,0.826722,0.840285,0.956316,0.658702,0.618645,0.673965,0.491086,0.689576,0.460469,0.685078,0.736584,0.990775,0.900648,1.027156,0.801625,0.821787,0.649637,1.115117,0.887029,0.366539,0.545562,0.919514,0.726915,1.022027,0.796223,0.180955,0.140602,0.702140,0.790185,0.371055,0.440095,0.548645,0.458690,0.985957,0.956676,1.167393,1.175986,0.625063,0.782723,0.921434,0.671559,0.718723,0.790277,0.559395,0.690425
0.693806,0.890726,0.384502,0.877905,0.299811,0.553343,0.688373,1.056731,0.560674,0.697407,0.459422,0.673749,0.524701,0.739968,0.480049,0.485433,0.820070,1.059618,0.376544,1.106295,0.478066,0.570382,0.325730,0.461775,0.150289,0.419646,0.197419,0.285047,0.704082,0.809447,0.598584,0.693681,1.407402,0.000000,0.453022,0.488264,0.175043,0.251493,0.525748,0.652746,0.360358,0.560061,0.739759,0.769415,0.838411,0.851756,0.926966,0.987435,0.638646,0.570591,0.767410,0.526503,0.693630,0.572407,0.684593,0.753360,0.671130,0.637761,0.866852,0.752258,0.624510,0.725252,0.855424,0.928402,0.259282,0.736081,0.930015,0.932211,0.811980,0.805313,0.094024,0.067527,0.659780,0.930069,0.411201,0.475779,0.632919,0.677151,0.821705,0.790326,0.941757,1.115582,0.598470,0.766045,0.874276,0.860770,0.627005,0.618879,0.566924,0.601337
0.590778,0.152006,0.787122,0.696849,0.168334,0.279149,0.815298,0.537592,0.492597,0.312161,0.500319,0.246442,0.404389,0.202577,0.811284,0.624093,0.097039,0.147812,0.824540,0.338833,0.581216,0.349715,0.603768,0.593915,0.410109,0.666963,0.389960,0.516549,0.272518,0.202861,0.793346,0.670409,0.439810,0.453022,0.000000,1.032429,0.375950,0.295859,0.543857,0.549338,0.271095,0.351208,0.646340,0.532785,0.601233,0.463864,0.476663,0.479578,0.144255,0.091137,0.313179,0.000808,0.121010,0.117163,0.298576,0.263233,0.047021,0.059605,0.361817,0.178809,0.475348,0.407498,0.283883,0.208746,1.008039,0.903493,0.971544,0.803097,0.260482,0.203683,0.251697,0.357135,0.528419,0.385641,0.629573,0.387371,0.640049,0.523769,0.277107,0.165685,0.193041,0.202931,0.470022,0.464054,0.765305,0.452615,0.598999,0.380947,0.417178,0.298356
0.303835,0.014429,0.666501,0.898850,0.147424,0.504021,0.643026,0.792155,0.436133,0.602330,0.232582,0.330314,0.240857,0.338062,0.521610,0.643660,0.069955,0.065822,0.569427,0.308865,0.591207,0.386538,0.600628,0.788838,0.376665,0.750043,0.360449,0.463440,0.153667,0.153703,0.799065,0.777879,0.312780,0.488264,1.032429,0.000000,0.243706,0.259286,0.381622,0.438628,0.321505,0.241147,0.595484,0.500222,0.428001,0.427735,0.459711,0.426800,0.197646,0.120433,0.382384,0.139285,0.190710,0.239126,0.337371,0.291966,-0.148667,-0.189583,0.264781,0.103123,0.318127,0.502545,0.155009,0.220365,0.565867,1.053520,0.662299,0.871254,0.051787,0.086232,0.224861,0.351046,0.516230,0.488415,0.647612,0.414208,0.705274,0.721213,0.138006,0.081982,0.132863,0.137204,0.321960,0.350085,0.517222,0.545437,0.446549,0.197427,0.369998,0.253518
0.504356,0.328092,0.327351,0.218525,0.065731,0.057248,0.418712,0.095193,0.195670,-0.093086,0.378428,0.257492,0.292614,0.133174,0.456116,0.437902,0.155862,0.193548,0.382637,0.119525,0.225988,0.074517,0.215169,0.278988,0.256575,0.247423,0.234770,0.350057,0.157294,0.105696,0.181646,0.181465,0.329511,0.175043,0.375950,0.243706,0.000000,0.597944,0.330918,0.514871,0.470527,0.516788,0.249412,0.255065,0.369062,0.305536,0.321769,0.301554,0.271287,0.323784,0.299891,0.271646,0.281551,0.164803,0.411166,0.358261,0.284398,0.219658,0.379395,0.349115,0.452071,0.221250,0.261913,0.144797,0.433220,0.274760,0.377584,0.261117,0.269546,0.024468,0.338716,0.459974,0.441581,0.337780,0.183236,0.354406,0.272132,0.109067,0.243685,0.122615,0.351677,0.280700,0.255088,0.324196,0.464412,0.313303,0.482105,0.386419,0.338162,0.421677
0.469898,0.482347,0.249772,0.239221,0.096478,0.296675,0.301027,0.149082,0.389381,0.134557,0.227229,0.154175,0.175620,0.080326,0.467153,0.615724,0.186742,0.196367,0.295480,0.043933,0.296308,0.228790,0.073004,0.224333,0.210425,0.348834,0.236594,0.473131,-0.003368,0.050246,0.151402,0.132499,0.285125,0.251493,0.295859,0.259286,0.597944,0.000000,0.469245,0.703782,0.579643,0.721654,0.337194,0.322014,0.471436,0.388820,0.483748,0.385157,0.351364,0.356182,0.424965,0.334652,0.454044,0.250013,0.757493,0.616114,0.312779,0.247509,0.322986,0.526886,0.330841,0.374489,0.277462,0.231664,0.265802,0.373967,0.357213,0.374186,0.405515,0.131206,0.446519,0.429760,0.334059,0.307938,0.127425,0.315976,0.212683,0.107486,0.287081,-0.011182,0.389441,0.373220,0.352016,0.617770,0.510370,0.447507,0.683551,0.675498,0.634391,0.669835
0.535998,0.388540,0.354431,0.490406,0.177546,0.316835,0.476647,0.447281,0.247668,0.354570,0.438623,0.392963,0.254440,0.330682,0.557277,0.415267,0.336472,0.501770,0.297550,0.385290,0.545452,0.473819,0.253057,0.231336,0.245214,0.359158,0.288131,0.441077,0.350070,0.403324,0.453405,0.411337,0.476789,0.525748,0.543857,0.381622,0.330918,0.469245,0.000000,1.009251,0.452316,0.439076,0.678316,0.593394,0.679997,0.607043,0.740233,0.735930,0.418149,0.325155,0.506298,0.246413,0.418449,0.255867,0.607898,0.648528,0.312610,0.282735,0.453260,0.438544,0.314990,0.322865,0.340099,0.288986,0.291581,0.538240,0.720176,0.683220,0.449441,0.337379,0.097586,0.144326,0.417202,0.437694,0.262285,0.291848,0.416230,0.420306,0.571071,0.311628,0.467546,0.502837,0.507518,0.556242,0.682292,0.562273,0.555899,0.568504,0.664546,0.638913
0.622720,0.580452,0.309670,0.548356,0.179068,0.283039,0.522727,0.496955,0.352302,0.270708,0.486005,0.548626,0.344764,0.449227,0.608876,0.581902,0.447385,0.550800,0.310361,0.456085,0.617678,0.454003,0.234494,0.348547,0.207449,0.416836,0.261273,0.502854,0.410778,0.459815,0.417087,0.435719,0.660960,0.652746,0.549338,0.438628,0.514871,0.703782,1.009251,0.000000,0.406387,0.796389,0.757092,0.717124,0.841207,0.756426,0.924498,0.834123,0.565252,0.504805,0.710231,0.461256,0.577792,0.329395,0.837561,0.866399,0.462809,0.403393,0.559170,0.554128,0.403927,0.365527,0.428232,0.372385,0.370592,0.624506,0.787066,0.773840,0.553806,0.379830,0.121435,0.219410,0.602285,0.529557,0.326754,0.421399,0.489933,0.448564,0.633106,0.409953,0.722594,0.666016,0.665081,0.767959,0.931066,0.767814,0.858410,0.773319,0.695830,0.710435
0.491394,0.420125,0.417184,0.404990,0.082650,0.449763,0.455265,0.359783,0.400293,0.349751,0.229198,0.315656,0.308733,0.278924,0.437648,0.539751,0.199233,0.188001,0.304625,0.133894,0.316845,0.294247,0.250029,0.297682,0.293789,0.426229,0.328755,0.409165,0.112803,0.110047,0.412937,0.331131,0.312606,0.360358,0.271095,0.321505,0.470527,0.579643,0.452316,0.406387,0.000000,0.500906,0.313973,0.300490,0.316711,0.241476,0.364058,0.329655,0.184631,0.165932,0.393238,0.252646,0.297648,0.255036,0.478351,0.437981,0.227733,0.183550,0.355629,0.367427,0.400904,0.405761,0.209438,0.206695,0.268555,0.401600,0.311318,0.319303,0.274897,0.130798,0.440706,0.342751,0.574647,0.596230,0.345860,0.570121,0.311224,0.245462,0.277621,0.053606,0.316049,0.335554,0.296852,0.437995,0.449046,0.453371,0.478164,0.388749,0.433356,0.422680
0.631445,0.713892,0.258757,0.402562,0.140185,0.299743,0.424125,0.332764,0.453393,0.174711,0.392253,0.425803,0.413567,0.387287,0.526560,0.671303,0.319023,0.443711,0.358668,0.347121,0.407583,0.211557,0.111184,0.316327,0.165081,0.354572,0.215691,0.421563,0.154180,0.234565,0.295993,0.346998,0.615918,0.560061,0.351208,0.241147,0.516788,0.721654,0.439076,0.796389,0.500906,0.000000,0.326665,0.346716,0.511594,0.485405,0.497238,0.420525,0.384115,0.381745,0.458042,0.362565,0.513418,0.286897,0.691032,0.571285,0.559296,0.525826,0.504704,0.582333,0.576069,0.490015,0.539427,0.446674,0.355268,0.480540,0.422509,0.384512,0.609646,0.326256,0.337012,0.337125,0.575958,0.548014,0.235660,0.401207,0.262090,0.166749,0.534030,0.292505,0.745058,0.730584,0.383876,0.617056,0.758747,0.638000,0.836537,0.854736,0.588018,0.633038
0.448937,0.409287,0.411203,0.643400,0.118819,0.259417,0.556555,0.672124,0.282435,0.436435,0.412432,0.497911,0.325273,0.476918,0.570130,0.448619,0.602933,0.567443,0.510893,0.701128,0.397379,0.486574,0.381073,0.439516,0.134672,0.426443,0.031249,0.202862,0.525219,0.520996,0.552657,0.509025,0.639995,0.739759,0.646340,0.595484,0.249412,0.337194,0.678316,0.757092,0.313973,0.326665,0.000000,1.948841,1.263026,1.109006,1.277479,1.447966,0.713821,0.618954,0.693177,0.441812,0.426574,0.344517,0.604250,0.722067,0.217353,0.156930,0.410413,0.373461,0.185067,0.323602,0.421010,0.434306,0.280799,0.621339,0.876635,1.089244,0.413274,0.465457,0.098953,0.093368,0.535671,0.633465,0.428693,0.446983,0.734270,0.722424,0.451540,0.399015,0.450443,0.474905,0.555140,0.658544,0.630355,0.507266,0.554298,0.442907,0.359382,0.379378
0.421078,0.469419,0.317746,0.570317,0.063474,0.206805,0.472007,0.625335,0.220915,0.348673,0.398249,0.549231,0.308314,0.512042,0.507557,0.417767,0.672806,0.668350,0.448857,0.745757,0.369069,0.441304,0.313556,0.388970,0.059153,0.333520,-0.038069,0.128957,0.560964,0.580069,0.464074,0.433155,0.710612,0.769415,0.532785,0.500222,0.255065,0.322014,0.593394,0.717124,0.300490,0.346716,1.948841,0.000000,1.229778,1.174479,1.356065,1.620876,0.795061,0.741698,0.763940,0.588222,0.489211,0.415793,0.661508,0.834155,0.268811,0.211533,0.465338,0.451821,0.202317,0.329861,0.479344,0.538182,0.188658,0.586333,0.802940,1.038425,0.419189,0.475314,0.083889,0.044359,0.533250,0.673243,0.423987,0.468608,0.742496,0.702722,0.472097,0.466351,0.530842,0.555974,0.554559,0.661468,0.599371,0.536955,0.570602,0.469340,0.317610,0.397012
0.652200,0.700510,0.343515,0.489258,0.059320,0.270289,0.557792,0.535448,0.328066,0.343886,0.523664,0.434582,0.358986,0.440349,0.590087,0.508285,0.773656,0.763692,0.490545,0.678676,0.352916,0.367608,0.232499,0.320537,0.059645,0.325402,0.018884,0.238595,0.514223,0.546512,0.424617,0.406996,0.876093,0.838411,0.601233,0.428001,0.369062,0.471436,0.679997,0.841207,0.316711,0.511594,1.263026,1.229778,0.000000,1.586678,1.237911,1.311186,0.925662,0.835243,0.716783,0.480655,0.592226,0.356627,0.817378,0.949403,0.555564,0.460334,0.625983,0.647823,0.378256,0.460747,0.640202,0.573051,0.289375,0.551619,1.047272,1.093260,0.746387,0.648796,0.234121,0.197835,0.481911,0.566236,0.298721,0.326362,0.550265,0.473215,0.655037,0.483308,0.750517,0.772804,0.666129,0.870767,0.793515,0.569008,0.813120,0.743474,0.574440,0.636044
0.482343,0.661514,0.305287,0.519601,0.048736,0.326028,0.465150,0.580828,0.288529,0.401973,0.401584,0.446944,0.291600,0.525429,0.494221,0.491814,0.801189,0.844676,0.418054,0.728772,0.362932,0.372962,0.254717,0.401156,0.082406,0.342140,0.015075,0.232234,0.450231,0.544786,0.386065,0.375161,0.826722,0.851756,0.463864,0.427735,0.305536,0.388820,0.607043,0.756426,0.241476,0.485405,1.109006,1.174479,1.586678,0.000000,1.296035,1.259352,1.184122,1.132210,0.755386,0.626846,0.723496,0.472355,0.878726,1.045724,0.490058,0.399123,0.594695,0.688470,0.285808,0.463508,0.596545,0.667278,0.135370,0.536185,0.868851,1.071682,0.661241,0.584835,0.182367,0.143617,0.437966,0.581661,0.270135,0.316356,0.580608,0.539445,0.619552,0.487546,0.730180,0.791724,0.535969,0.755968,0.667986,0.547579,0.749071,0.700892,0.570522,0.699062
0.554676,0.704448,0.362908,0.688050,0.150025,0.383498,0.535118,0.697349,0.377779,0.476560,0.504842,0.611754,0.397373,0.611182,0.605044,0.545473,0.814478,0.828832,0.421401,0.860958,0.476326,0.504298,0.335913,0.458765,0.141064,0.426669,0.086920,0.279009,0.577092,0.671170,0.489856,0.494816,0.840285,0.926966,0.476663,0.459711,0.321769,0.483748,0.740233,0.924498,0.364058,0.497238,1.277479,1.356065,1.237911,1.296035,0.000000,1.720339,1.149592,1.053809,1.061744,0.812781,0.889159,0.663347,1.041943,1.200887,0.456889,0.373627,0.662857,0.704474,0.302499,0.396354,0.537276,0.620025,0.192573,0.617147,0.843891,1.027467,0.636230,0.606199,0.128067,0.102843,0.509693,0.707529,0.266791,0.442402,0.642762,0.643015,0.614635,0.490812,0.727861,0.787721,0.665587,0.857545,0.770791,0.729984,0.705321,0.706597,0.549401,0.661225
0.580373,0.686740,0.344061,0.646067,0.185312,0.337865,0.565065,0.701264,0.329622,0.445435,0.485997,0.613234,0.389030,0.604864,0.582291,0.472888,0.842063,0.932681,0.439513,0.957818,0.430673,0.485998,0.319250,0.386624,0.118982,0.355887,0.060840,0.200949,0.652294,0.737908,0.465110,0.478129,0.956316,0.987435,0.479578,0.426800,0.301554,0.385157,0.735930,0.834123,0.329655,0.420525,1.447966,1.620876,1.311186,1.259352,1.720339,0.000000,0.995187,0.880244,0.898664,0.696799,0.727791,0.569397,0.860641,1.077543,0.477854,0.421811,0.713447,0.663581,0.325535,0.427114,0.615229,0.656903,0.189731,0.599582,0.952003,1.102732,0.672627,0.687368,0.078288,0.040226,0.542777,0.738996,0.356587,0.461935,0.692094,0.690244,0.661626,0.630934,0.738616,0.773593,0.601916,0.775748,0.728454,0.665318,0.645834,0.622872,0.497580,0.605484
0.342797,0.617752,0.199942,0.423298,0.053851,0.291004,0.326349,0.469190,0.186138,0.342493,0.329817,0.468367,0.260747,0.552127,0.372099,0.360674,0.833805,0.800760,0.209785,0.625350,0.249692,0.294930,0.184635,0.352686,0.062907,0.240214,0.008246,0.193613,0.434635,0.565183,0.254597,0.290449,0.658702,0.638646,0.144255,0.197646,0.271287,0.351364,0.418149,0.565252,0.184631,0.384115,0.713821,0.795061,0.925662,1.184122,1.149592,0.995187,0.000000,1.819948,1.033470,1.039500,1.036613,0.744123,0.887934,1.010221,0.513022,0.318696,0.588332,0.668198,0.185678,0.268352,0.459410,0.565217,-0.058346,0.316678,0.490943,0.632999,0.585085,0.526613,0.072730,0.010635,0.242237,0.419283,0.010810,0.234489,0.385466,0.351075,0.473495,0.422898,0.707722,0.726025,0.463406,0.617031,0.483194,0.505789,0.496952,0.540812,0.390117,0.586063
