0.000000,1.386934,0.654455,0.635718,0.315018,0.359348,0.786544,0.499053,0.415668,0.577532,0.764470,0.845466,0.719609,0.687157,0.825632,0.776145,0.967320,0.786108,0.823376,1.085822,0.332849,0.266064,0.481539,0.354666,0.428068,0.476322,0.396439,0.292401,0.769946,0.694446,0.633646,0.534899,1.004384,0.888637,0.254940,0.219738,0.343729,0.403635,0.412698,0.377037,0.263477,0.005025,0.359073,0.429016,0.548302,0.653153,0.501129,0.599474,0.904613,0.810981,0.736551,0.778883,0.702605,0.620141,0.666354,0.739765,1.242662,1.130691,1.039132,0.851339,1.461862,0.872735,0.897145,0.831914,0.546629,0.452425,0.593234,0.545777,1.017367,0.790439,0.156408,0.134717,0.827776,0.549204,0.362236,0.479628,0.390244,0.572939,0.557069,0.817342,0.921000,0.925421,0.814383,0.746268,0.736868,0.747046,0.571654,0.518581,0.831925,0.751206
1.386934,0.000000,0.589376,0.647242,0.335984,0.410667,0.695774,0.495139,0.466083,0.562145,0.626950,0.894551,0.608002,0.671851,0.637659,0.678061,0.717063,0.771177,0.596903,0.950906,0.304043,0.199217,0.423816,0.328156,0.364283,0.461849,0.388884,0.271940,0.595449,0.667546,0.580024,0.482609,0.783661,0.748562,0.266080,0.204374,0.315277,0.332775,0.369985,0.257152,0.289640,-0.000255,0.416899,0.429855,0.584820,0.686107,0.474571,0.569579,0.866392,0.845222,0.735202,0.770776,0.626300,0.684759,0.544854,0.674130,1.008477,1.091475,0.863617,0.845370,1.119456,0.851283,0.791373,0.797191,0.485704,0.473635,0.565089,0.549871,0.823328,0.787275,0.158036,0.115330,0.623732,0.474952,0.325401,0.469538,0.294586,0.449627,0.498358,0.747114,0.793116,0.838934,0.656071,0.750271,0.597332,0.736401,0.488997,0.520203,0.729307,0.707050
0.654455,0.589376,0.000000,0.958730,0.829494,0.539783,1.509406,0.942426,1.099976,0.831122,0.711169,0.565724,0.894324,0.450685,0.862212,0.489682,0.419002,0.149779,1.235285,0.942346,0.306714,0.289864,1.561456,1.043289,0.928013,0.869656,0.520563,0.376407,0.464718,0.237945,0.873779,0.816752,0.763324,0.613366,0.764032,0.508597,0.320300,0.315591,0.521493,0.365143,0.325813,-0.024856,0.569870,0.538895,0.620596,0.443200,0.566936,0.692593,0.670918,0.395504,0.869600,0.476955,0.316982,0.288386,0.501854,0.548664,0.428685,0.533198,0.313538,0.234391,0.586786,0.347911,0.558987,0.377812,1.134780,0.852192,1.022437,0.751312,0.681332,0.606955,0.038165,0.325477,0.654343,0.283395,0.285539,0.332523,0.432957,0.584241,0.321663,0.379778,0.482419,0.424191,1.004435,0.545927,1.033316,0.744495,1.156813,0.794961,1.027445,0.977314
0.635718,0.647242,0.958730,0.000000,0.811587,0.789940,0.997514,1.724182,0.706185,1.138336,0.391270,0.760684,0.685049,0.865963,0.561418,0.626414,0.330148,0.163380,0.807921,0.896286,0.310364,0.385521,0.963983,1.216568,0.663439,0.976294,0.552218,0.513524,0.368921,0.429955,0.768883,0.984336,0.849796,0.786323,0.779892,0.885076,0.381135,0.357439,0.539737,0.466802,0.445995,0.078185,0.783009,0.773175,0.747054,0.867236,0.761155,0.969304,0.743631,0.391840,1.079193,0.737392,0.428407,0.244024,0.643554,0.680553,0.519299,0.582471,0.347376,0.256843,0.639129,0.640390,0.605428,0.673520,0.916236,1.379964,1.098682,1.023364,0.760313,0.678078,0.181435,0.237584,0.608944,0.419190,0.403520,0.478682,0.419818,0.589165,0.339936,0.461475,0.631652,0.634959,0.795856,0.795729,0.896796,1.165953,0.809117,0.835857,0.958231,1.348260
0.315018,0.335984,0.829494,0.811587,0.000000,0.876358,0.636255,0.784089,0.957679,0.887913,0.292012,0.340576,0.556296,0.359397,0.465394,0.317228,0.129008,0.092317,0.595053,0.611822,0.466785,0.450520,0.949607,0.929985,0.925287,0.974691,0.939234,0.734239,0.287756,0.142424,0.735085,0.692537,0.534390,0.525179,0.780695,0.573363,0.235358,0.431066,0.290755,0.501301,0.208576,-0.065805,0.610101,0.510399,0.535542,0.396215,0.437645,0.547346,0.417813,0.104629,0.565650,0.271004,0.224063,0.123304,0.346760,0.326494,0.293996,0.377593,0.053381,0.047043,0.326762,0.261793,0.348112,0.277183,0.669194,0.887617,0.739459,0.558649,0.519778,0.457821,0.122601,0.322780,0.406739,0.286431,0.327291,0.361369,0.245348,0.432214,0.274171,0.248294,0.316157,0.292588,0.506994,0.312713,0.621234,0.573456,0.714947,0.498665,0.666275,0.769023
0.359348,0.410667,0.539783,0.789940,0.876358,0.000000,0.471901,0.779441,0.629222,0.848978,0.267609,0.394166,0.511658,0.562418,0.417400,0.500108,0.085853,0.134162,0.363254,0.524438,0.512286,0.614484,0.633474,0.804646,0.734653,1.105422,1.000962,1.155297,0.335732,0.240228,0.753642,0.789538,0.517039,0.481334,0.763425,0.495070,0.257454,0.524764,0.296185,0.593750,0.186477,-0.119167,0.540038,0.507237,0.511902,0.471872,0.441040,0.549030,0.349977,0.079194,0.465247,0.221046,0.173326,0.127815,0.329464,0.244684,0.378930,0.404636,0.113739,0.134156,0.379231,0.372159,0.366055,0.374069,0.526924,0.831403,0.633153,0.588431,0.449647,0.583353,-0.012979,0.367009,0.391979,0.507298,0.406209,0.430463,0.122772,0.317038,0.307565,0.297528,0.334934,0.397097,0.457188,0.523469,0.528945,0.669388,0.539725,0.457052,0.600856,0.740722
0.786544,0.695774,1.509406,0.997514,0.636255,0.471901,0.000000,1.037144,0.897334,0.765079,0.828000,0.748192,1.005322,0.687197,0.832366,0.585028,0.493264,0.248124,1.183284,1.026386,0.281008,0.249979,0.989566,0.774124,0.737267,0.720013,0.386506,0.306936,0.513651,0.362083,0.811262,0.750427,0.895902,0.717054,0.579835,0.488566,0.340946,0.324305,0.555685,0.371186,0.299330,0.023733,0.567370,0.636676,0.608746,0.607539,0.656061,0.772588,0.883690,0.557873,1.105522,0.716250,0.459513,0.388199,0.699027,0.689173,0.501774,0.582991,0.517108,0.388794,0.766287,0.538154,0.706017,0.573516,1.033230,0.835222,1.115488,0.824749,0.703259,0.630259,0.127372,0.237938,0.715595,0.304053,0.266382,0.322732,0.462770,0.578937,0.317035,0.428241,0.552880,0.509303,0.972575,0.629486,0.960798,0.815054,0.907879,0.700391,1.007837,0.973202
0.499053,0.495139,0.942426,1.724182,0.784089,0.779441,1.037144,0.000000,0.698635,1.044363,0.367955,0.610782,0.659684,0.741775,0.502427,0.509574,0.267912,0.096890,0.801230,0.831592,0.264888,0.366651,1.009344,1.277078,0.685131,1.005182,0.476478,0.470993,0.331193,0.343428,0.833196,1.118525,0.832058,0.733996,0.912080,0.951806,0.331408,0.377680,0.560392,0.458052,0.437479,0.073864,0.864337,0.877170,0.698257,0.756957,0.815990,0.997644,0.616976,0.250147,0.902400,0.591312,0.347692,0.190977,0.602356,0.618835,0.436631,0.476876,0.206757,0.142196,0.495205,0.465738,0.453669,0.494851,0.871053,1.338532,1.158276,1.075221,0.691252,0.590896,0.104916,0.235360,0.578700,0.401995,0.383013,0.427561,0.484583,0.635734,0.257442,0.400986,0.523516,0.511203,0.735692,0.657880,0.846365,1.070275,0.776663,0.804770,0.838429,1.182750
0.415668,0.466083,1.099976,0.706185,0.957679,0.629222,0.897334,0.698635,0.000000,0.990364,0.587779,0.533022,0.683731,0.408473,0.719877,0.465297,0.264772,0.130341,0.823952,0.708894,0.256165,0.228306,1.064695,0.773076,0.997529,0.901324,0.539802,0.398256,0.417347,0.201990,0.669848,0.567590,0.552141,0.453468,0.747381,0.427355,0.207963,0.306082,0.255467,0.389417,0.125273,-0.181583,0.595725,0.506929,0.655646,0.429189,0.519783,0.590713,0.573524,0.316835,0.663894,0.373151,0.284585,0.233595,0.376927,0.366611,0.280885,0.462598,0.139607,0.165449,0.398543,0.301986,0.386173,0.357652,0.865886,0.793027,0.793118,0.631144,0.506171,0.527267,0.033480,0.310581,0.476633,0.149233,0.364776,0.344512,0.294193,0.462636,0.306917,0.229335,0.317327,0.283881,0.757867,0.384744,0.791043,0.580901,0.930153,0.473332,0.842190,0.813154
0.577532,0.562145,0.831122,1.138336,0.887913,0.848978,0.765079,1.044363,0.990364,0.000000,0.561548,0.780162,0.751929,0.717772,0.728600,0.752843,0.356843,0.241335,0.820555,0.922934,0.258849,0.341649,0.927751,0.944486,0.987053,1.190038,0.567642,0.480211,0.448022,0.328477,0.679015,0.765420,0.737730,0.725856,0.896139,0.658747,0.252271,0.434230,0.313273,0.560758,0.198902,-0.229788,0.676592,0.623571,0.744486,0.733337,0.644482,0.769224,0.653671,0.311639,0.797146,0.551376,0.346127,0.214739,0.467388,0.419704,0.527195,0.642974,0.264796,0.243451,0.583524,0.625710,0.535709,0.657244,0.891101,1.212241,0.943950,0.820232,0.751221,0.786310,0.121230,0.226479,0.508999,0.314748,0.541044,0.457022,0.382236,0.581754,0.317250,0.362114,0.500692,0.528738,0.801531,0.580423,0.884989,0.951871,0.828940,0.545222,1.012677,1.238569
0.764470,0.626950,0.711169,0.391270,0.292012,0.267609,0.828000,0.367955,0.587779,0.561548,0.000000,0.848582,1.226880,0.700343,1.117040,0.790973,0.754994,0.487306,0.791447,0.787270,0.303582,0.289636,0.491132,0.280011,0.629749,0.481004,0.265034,0.190144,0.787035,0.431494,0.599353,0.424539,0.718447,0.604532,0.405588,0.180148,0.216437,0.447967,0.330932,0.452532,0.107680,-0.205568,0.187606,0.270427,0.346802,0.397388,0.346464,0.435413,0.590849,0.440946,0.618247,0.417523,0.388959,0.337259,0.483431,0.396417,0.676597,0.638599,0.543496,0.452461,0.847393,0.600815,0.777800,0.679180,0.801032,0.431465,0.530323,0.333675,0.550701,0.503970,0.012602,0.059042,0.718887,0.332308,0.337962,0.336909,0.372837,0.488462,0.422609,0.430035,0.549508,0.522608,0.859359,0.473004,0.786426,0.539745,0.548952,0.290089,0.840594,0.636518
0.845466,0.894551,0.565724,0.760684,0.340576,0.394166,0.748192,0.610782,0.533022,0.780162,0.848582,0.000000,0.891980,1.163015,0.885787,1.143465,0.720562,0.590573,0.666383,0.895855,0.313734,0.277790,0.479689,0.425003,0.468522,0.552732,0.319344,0.231011,0.656797,0.677026,0.580655,0.584595,0.788294,0.793568,0.388483,0.367086,0.341622,0.428642,0.433002,0.393245,0.308860,-0.054451,0.303687,0.353202,0.517207,0.759689,0.445036,0.556181,0.711134,0.577918,0.816557,0.673335,0.478126,0.341488,0.540775,0.525739,0.759530,0.770777,0.567186,0.513872,0.891845,0.987315,0.926850,1.220829,0.711614,0.613970,0.575498,0.481087,0.711986,0.541967,0.145091,0.071739,0.725882,0.444892,0.421918,0.485532,0.429940,0.514473,0.427247,0.551792,0.813758,0.857976,0.846658,0.842913,0.855515,0.980380,0.560056,0.480835,0.953678,0.979252
0.719609,0.608002,0.894324,0.685049,0.556296,0.511658,1.005322,0.659684,0.683731,0.751929,1.226880,0.891980,0.000000,0.931039,1.273310,0.954152,0.748796,0.445320,0.837096,0.905504,0.496711,0.596985,0.734498,0.607733,0.648767,0.724821,0.576890,0.424991,0.897521,0.515820,0.888427,0.760834,1.005583,0.864953,0.684381,0.441414,0.321825,0.568173,0.482697,0.625892,0.304446,-0.110485,0.372353,0.431015,0.466904,0.488160,0.529888,0.628848,0.575372,0.311918,0.853553,0.404131,0.358339,0.257701,0.584268,0.425336,0.675340,0.641550,0.390105,0.282094,0.855446,0.559164,1.011927,0.759226,1.191595,0.675175,0.740765,0.460266,0.685910,0.532110,0.014602,0.122922,0.945175,0.506030,0.422221,0.439973,0.486209,0.583120,0.556489,0.571106,0.786919,0.741622,1.069418,0.709198,1.069924,0.856317,0.714005,0.501891,1.022933,0.888690
0.687157,0.671851,0.450685,0.865963,0.359397,0.562418,0.687197,0.741775,0.408473,0.717772,0.700343,1.163015,0.931039,0.000000,0.702290,1.023385,0.584954,0.451876,0.506666,0.753597,0.363687,0.428899,0.389578,0.446983,0.367786,0.586415,0.427102,0.412243,0.626957,0.691705,0.607133,0.632098,0.875663,0.825270,0.431455,0.466130,0.419985,0.512740,0.496153,0.518392,0.426603,0.067006,0.381999,0.457703,0.478992,0.817882,0.541288,0.690318,0.618778,0.397824,0.823731,0.644056,0.498573,0.247076,0.630316,0.497899,0.701371,0.665636,0.479922,0.386043,0.824570,0.909121,0.928152,1.232686,0.717676,0.739507,0.575837,0.482306,0.658178,0.497002,0.155050,0.078198,0.732338,0.518962,0.387206,0.531082,0.402167,0.474213,0.481160,0.549153,0.842191,0.938186,0.700683,0.925764,0.753870,0.967199,0.397112,0.464275,0.796830,0.920259
0.825632,0.637659,0.862212,0.561418,0.465394,0.417400,0.832366,0.502427,0.719877,0.728600,1.117040,0.885787,1.273310,0.702290,0.000000,1.069132,0.940294,0.539712,0.987280,0.982244,0.421599,0.448594,0.774330,0.536603,0.612031,0.613632,0.505599,0.333909,1.090009,0.574475,0.779157,0.677121,0.879160,0.802301,0.592263,0.360702,0.364941,0.554726,0.472456,0.521213,0.317670,-0.071192,0.318234,0.361186,0.525138,0.475308,0.541191,0.600528,0.596945,0.420635,0.719879,0.417831,0.471746,0.357806,0.569276,0.492553,0.724306,0.757311,0.439801,0.353939,0.833342,0.521026,0.938619,0.691166,0.996577,0.554801,0.626003,0.422683,0.840630,0.548592,0.052129,0.208071,0.975045,0.473942,0.487660,0.466779,0.518311,0.578260,0.647993,0.627946,0.910546,0.797240,1.329419,0.739731,1.218606,0.806238,0.791114,0.553381,1.049676,0.888346
0.776145,0.678061,0.489682,0.626414,0.317228,0.500108,0.585028,0.509574,0.465297,0.752843,0.790973,1.143465,0.954152,1.023385,1.069132,0.000000,0.754330,0.620781,0.621818,0.843676,0.480162,0.478441,0.460167,0.444983,0.449378,0.648069,0.509044,0.414472,0.928469,0.848879,0.642957,0.626465,0.820636,0.853442,0.469802,0.311938,0.360783,0.504026,0.369588,0.670285,0.306793,-0.135865,0.301728,0.343277,0.481605,0.572160,0.437565,0.525911,0.527022,0.438062,0.667234,0.463650,0.485318,0.324052,0.485327,0.386391,0.785228,0.733096,0.495059,0.391248,0.822623,0.720901,0.939466,0.997426,0.697742,0.585124,0.500837,0.353638,0.763642,0.567477,0.098220,0.121748,0.809756,0.646232,0.536407,0.605603,0.318828,0.420782,0.587008,0.622519,0.947978,1.028178,0.980793,1.041887,0.919096,0.979687,0.598954,0.403168,0.847258,0.821935
0.967320,0.717063,0.419002,0.330148,0.129008,0.085853,0.493264,0.267912,0.264772,0.356843,0.754994,0.720562,0.748796,0.584954,0.940294,0.754330,0.000000,0.885453,0.715792,0.844976,0.265693,0.261623,0.356749,0.231595,0.235820,0.274643,0.238414,0.128376,1.090009,0.851836,0.523606,0.434725,0.931461,0.952374,0.282823,0.248914,0.273936,0.456490,0.295777,0.443597,0.253603,-0.028372,0.196640,0.274768,0.378092,0.444611,0.453279,0.501055,0.552938,0.580451,0.503689,0.475239,0.541758,0.412769,0.571224,0.568111,1.026628,0.870301,0.645984,0.538873,0.930300,0.602703,0.848009,0.723838,0.552574,0.233239,0.386698,0.290340,0.811596,0.400266,0.124753,0.057939,0.951051,0.546282,0.445966,0.484827,0.512826,0.546688,0.826741,0.835685,1.104031,0.953072,0.860830,0.629902,0.756800,0.626864,0.403002,0.341563,0.614644,0.547247
0.786108,0.771177,0.149779,0.163380,0.092317,0.134162,0.248124,0.096890,0.130341,0.241335,0.487306,0.590573,0.445320,0.451876,0.539712,0.620781,0.885453,0.000000,0.348210,0.650562,0.265855,0.259051,0.070422,0.005590,0.085335,0.159617,0.242069,0.194445,0.764601,0.982378,0.320535,0.205519,0.623717,0.733575,0.087788,0.020248,0.103166,0.425469,0.074482,0.432316,0.108019,-0.035396,0.125890,0.159596,0.345962,0.432318,0.204505,0.223109,0.448752,0.562999,0.322676,0.366166,0.471143,0.428463,0.396930,0.336071,0.888959,0.800778,0.630052,0.597135,0.746065,0.547278,0.714585,0.672206,0.275989,0.110265,0.195575,0.090376,0.600129,0.351031,0.199955,0.162145,0.532466,0.574653,0.320019,0.468557,0.159612,0.278871,0.697196,0.777079,0.789040,0.854297,0.470898,0.533589,0.381798,0.438050,0.229816,0.103541,0.392442,0.335540
0.823376,0.596903,1.235285,0.807921,0.595053,0.363254,1.183284,0.801230,0.823952,0.820555,0.791447,0.666383,0.837096,0.506666,0.987280,0.621818,0.715792,0.348210,0.000000,1.284460,0.248849,0.242833,1.132884,0.801660,0.804374,0.752602,0.385697,0.263301,0.690272,0.432905,0.761782,0.697987,0.965683,0.853931,0.676483,0.577776,0.278919,0.336583,0.350997,0.450452,0.228400,-0.059760,0.604466,0.619858,0.689442,0.600547,0.703474,0.776108,0.763248,0.523274,0.839675,0.640362,0.419010,0.349156,0.581920,0.641669,0.617097,0.758018,0.447002,0.348140,0.672725,0.462225,0.577591,0.513896,0.967501,0.689501,0.988310,0.758004,0.987376,0.596278,0.118084,0.205021,0.798256,0.289596,0.416457,0.447272,0.561452,0.683556,0.412572,0.534693,0.667487,0.587151,1.138838,0.586507,1.175180,0.809291,0.987143,0.636734,0.946086,0.956605
1.085822,0.950906,0.942346,0.896286,0.611822,0.524438,1.026386,0.831592,0.708894,0.922934,0.787270,0.895855,0.905504,0.753597,0.982244,0.843676,0.844976,0.650562,1.284460,0.000000,0.344258,0.341188,0.852203,0.675893,0.735215,0.813845,0.509510,0.393891,0.855416,0.748364,0.914758,0.812756,1.267546,1.277042,0.661080,0.486801,0.272877,0.504246,0.410080,0.560123,0.284464,-0.082587,0.606405,0.607993,0.808041,0.806859,0.676854,0.794248,0.839528,0.605312,0.834807,0.657125,0.499646,0.458086,0.597666,0.594045,1.029754,1.226773,0.590803,0.548576,0.926093,0.740474,0.831563,0.815966,0.924589,0.772060,0.966251,0.748154,1.450804,0.907025,0.132472,0.213735,0.822139,0.532850,0.409123,0.595294,0.490568,0.736467,0.577077,0.879311,0.991989,1.010971,1.084677,0.853552,1.075396,1.033849,0.843159,0.666350,0.952076,1.050845
0.332849,0.304043,0.306714,0.310364,0.466785,0.512286,0.281008,0.264888,0.256165,0.258849,0.303582,0.313734,0.496711,0.363687,0.421599,0.480162,0.265693,0.265855,0.248849,0.344258,0.000000,0.849599,0.283785,0.339214,0.282493,0.460921,0.912990,0.712467,0.519065,0.341179,0.621743,0.508770,0.445116,0.417229,0.342373,0.212907,0.291496,0.508787,0.255164,0.499282,0.240037,-0.034210,0.127396,0.169588,0.178125,0.125941,0.134273,0.216030,0.126215,0.046845,0.274235,0.051823,0.123138,0.124886,0.209972,0.194428,0.401656,0.311007,0.181950,0.112244,0.400467,0.280313,0.544174,0.336274,0.316660,0.316521,0.220180,0.110908,0.355946,0.235488,-0.032078,0.189208,0.612086,0.634827,0.262653,0.317637,0.141327,0.265239,0.420357,0.312084,0.431890,0.422697,0.350485,0.387398,0.396968,0.369618,0.268163,0.168753,0.369201,0.387755
0.266064,0.199217,0.289864,0.385521,0.450520,0.614484,0.249979,0.366651,0.228306,0.341649,0.289636,0.277790,0.596985,0.428899,0.448594,0.478441,0.261623,0.259051,0.242833,0.341188,0.849599,0.000000,0.336062,0.475629,0.320003,0.598303,0.869944,0.882948,0.531361,0.363126,0.668773,0.669961,0.536768,0.539270,0.544037,0.305900,0.278426,0.581672,0.222160,0.639297,0.288259,-0.038850,0.221721,0.207679,0.179842,0.150235,0.240269,0.335364,0.071095,-0.081051,0.263293,-0.007559,0.016110,-0.015364,0.211835,0.126117,0.412078,0.300061,0.040706,0.009407,0.354143,0.194447,0.461184,0.330979,0.426338,0.399264,0.301944,0.171898,0.387253,0.300101,-0.069108,0.305353,0.512239,0.701845,0.340217,0.443081,0.190052,0.332976,0.395778,0.415433,0.485126,0.472003,0.423082,0.431597,0.465290,0.485732,0.303353,0.186004,0.351301,0.387118
0.481539,0.423816,1.561456,0.963983,0.949607,0.633474,0.989566,1.009344,1.064695,0.927751,0.491132,0.479689,0.734498,0.389578,0.774330,0.460167,0.356749,0.070422,1.132884,0.852203,0.283785,0.336062,0.000000,1.482989,0.997549,1.060572,0.587123,0.422893,0.415536,0.193822,0.897573,0.954052,0.729928,0.610316,1.079427,0.707648,0.292941,0.372886,0.451841,0.392374,0.369717,-0.039586,0.711731,0.605905,0.691667,0.455773,0.608499,0.757257,0.527120,0.202633,0.714354,0.349281,0.215879,0.150496,0.422206,0.460522,0.377202,0.511206,0.091396,0.060873,0.389254,0.235086,0.357753,0.280070,1.102489,0.915466,1.005523,0.811698,0.697654,0.556769,-0.030890,0.299590,0.590191,0.275359,0.348564,0.381389,0.456882,0.600823,0.279772,0.382466,0.466169,0.410449,0.966023,0.529317,1.101771,0.818234,1.172308,0.895208,0.949196,1.048643
0.354666,0.328156,1.043289,1.216568,0.929985,0.804646,0.774124,1.277078,0.773076,0.944486,0.280011,0.425003,0.607733,0.446983,0.536603,0.444983,0.231595,0.005590,0.801660,0.675893,0.339214,0.475629,1.482989,0.000000,0.773216,1.154047,0.668971,0.566076,0.312798,0.221707,0.849789,1.113015,0.688819,0.593812,1.199856,0.913114,0.283777,0.345368,0.426192,0.509684,0.385077,-0.022381,0.776461,0.689469,0.637245,0.485554,0.624051,0.808229,0.417744,0.084992,0.716092,0.326298,0.157732,0.032417,0.413419,0.425165,0.333974,0.379121,0.001949,-0.058688,0.307608,0.218370,0.310580,0.277695,0.970594,1.105751,0.983264,0.853257,0.582455,0.485687,-0.018489,0.323211,0.518202,0.367209,0.396584,0.399683,0.365286,0.530999,0.274579,0.353033,0.449150,0.417716,0.780895,0.574114,0.933783,0.955905,0.966407,0.873549,0.809447,1.042401
0.428068,0.364283,0.928013,0.663439,0.925287,0.734653,0.737267,0.685131,0.997529,0.987053,0.629749,0.468522,0.648767,0.367786,0.612031,0.449378,0.235820,0.085335,0.804374,0.735215,0.282493,0.320003,0.997549,0.773216,0.000000,1.240876,0.563810,0.486153,0.409943,0.085652,0.814903,0.704575,0.577779,0.526149,0.817917,0.427515,0.208678,0.452030,0.331850,0.419702,0.071968,-0.268729,0.389682,0.325381,0.397383,0.304879,0.335881,0.450710,0.395198,0.086098,0.432822,0.208490,0.121658,0.055749,0.233000,0.201412,0.391205,0.494823,0.132400,0.173648,0.372895,0.354355,0.317580,0.338997,0.716404,0.757389,0.715669,0.553616,0.536594,0.584313,0.019579,0.232497,0.405683,0.214929,0.397742,0.379062,0.360852,0.615353,0.165980,0.230177,0.251247,0.267413,0.616782,0.300827,0.673042,0.541027,0.759529,0.428995,0.751135,0.750783
0.476322,0.461849,0.869656,0.976294,0.974691,1.105422,0.720013,1.005182,0.901324,1.190038,0.481004,0.552732,0.724821,0.586415,0.613632,0.648069,0.274643,0.159617,0.752602,0.813845,0.460921,0.598303,1.060572,1.154047,1.240876,0.000000,0.843160,0.769832,0.502276,0.314279,1.030936,1.049304,0.783833,0.728392,1.091504,0.615876,0.303695,0.554430,0.362666,0.650705,0.256883,-0.211549,0.610617,0.534834,0.551679,0.468005,0.534718,0.683384,0.415685,0.109626,0.562534,0.272420,0.200932,0.099481,0.340968,0.311807,0.488133,0.531521,0.119989,0.099971,0.436950,0.405958,0.417842,0.476639,0.808361,1.067167,0.827039,0.675520,0.652448,0.631088,-0.058209,0.300228,0.541480,0.461555,0.481268,0.528888,0.328853,0.599867,0.332546,0.404943,0.481291,0.505811,0.766659,0.609736,0.859670,0.883698,0.873920,0.592470,0.832150,0.985823
0.396439,0.388884,0.520563,0.552218,0.939234,1.000962,0.386506,0.476478,0.539802,0.567642,0.265034,0.319344,0.576890,0.427102,0.505599,0.509044,0.238414,0.242069,0.385697,0.509510,0.912990,0.869944,0.587123,0.668971,0.563810,0.843160,0.000000,1.271847,0.490902,0.320338,0.773668,0.715220,0.512642,0.525344,0.631572,0.361548,0.278178,0.498178,0.262580,0.624646,0.218477,-0.095415,0.369890,0.338565,0.398773,0.287179,0.314745,0.398359,0.226351,0.096684,0.392796,0.123703,0.167570,0.106211,0.268646,0.229300,0.425835,0.394097,0.115271,0.101975,0.431301,0.262673,0.457611,0.346168,0.517957,0.553969,0.415519,0.285363,0.504780,0.403529,0.044250,0.358676,0.526153,0.626632,0.332137,0.485021,0.172307,0.329637,0.474429,0.386601,0.466510,0.473530,0.453420,0.486678,0.564512,0.557422,0.522326,0.408054,0.541131,0.560176
0.292401,0.271940,0.376407,0.513524,0.734239,1.155297,0.306936,0.470993,0.398256,0.480211,0.190144,0.231011,0.424991,0.412243,0.333909,0.414472,0.128376,0.194445,0.263301,0.393891,0.712467,0.882948,0.422893,0.566076,0.486153,0.769832,1.271847,0.000000,0.397028,0.328150,0.659992,0.638437,0.452867,0.476691,0.518800,0.334773,0.165042,0.416751,0.166408,0.685785,0.154371,-0.082561,0.314083,0.289367,0.278687,0.254579,0.252491,0.376386,0.162671,0.040167,0.295557,0.080238,0.108640,0.050092,0.282998,0.223357,0.323899,0.300408,0.100192,0.081748,0.320218,0.242854,0.357210,0.308615,0.381166,0.497244,0.369284,0.279221,0.374852,0.353751,-0.021996,0.346786,0.388615,0.701477,0.322306,0.478244,0.084704,0.235571,0.400977,0.343681,0.357138,0.391599,0.353620,0.454397,0.419712,0.467736,0.399334,0.292437,0.398728,0.468036
0.769946,0.595449,0.464718,0.368921,0.287756,0.335732,0.513651,0.331193,0.417347,0.448022,0.787035,0.656797,0.897521,0.626957,1.090009,0.928469,1.090009,0.764601,0.690272,0.855416,0.519065,0.531361,0.415536,0.312798,0.409943,0.502276,0.490902,0.397028,0.000000,0.933228,0.790227,0.625970,0.980213,0.955004,0.426001,0.269102,0.269980,0.618131,0.336740,0.585125,0.282802,-0.105365,0.186140,0.249341,0.329684,0.319135,0.457383,0.491726,0.368009,0.349284,0.406167,0.259974,0.437597,0.326100,0.508741,0.437376,0.853660,0.728389,0.440450,0.330962,0.764421,0.421251,0.896624,0.655813,0.626475,0.357878,0.372957,0.207907,0.795932,0.354382,0.050590,0.173394,1.129206,0.772997,0.560141,0.689335,0.521142,0.569598,0.988129,0.835825,1.109665,0.960795,0.960005,0.752281,0.827288,0.644194,0.482501,0.331671,0.604561,0.556505
0.694446,0.667546,0.237945,0.429955,0.142424,0.240228,0.362083,0.343428,0.201990,0.328477,0.431494,0.677026,0.515820,0.691705,0.574475,0.848879,0.851836,0.982378,0.432905,0.748364,0.341179,0.363126,0.193822,0.221707,0.085652,0.314279,0.320338,0.328150,0.933228,0.000000,0.454509,0.432878,0.828086,0.989133,0.224878,0.261909,0.203975,0.402863,0.212782,0.574552,0.324715,0.032581,0.275452,0.325463,0.482901,0.582651,0.408023,0.457887,0.474186,0.548564,0.471950,0.433925,0.478263,0.372975,0.473879,0.460835,0.842451,0.723518,0.541982,0.428591,0.677460,0.559270,0.843912,0.786127,0.443987,0.332530,0.374721,0.268586,0.731366,0.381711,0.198793,0.187973,0.707139,0.812366,0.385534,0.601812,0.199326,0.308286,0.936569,0.966997,1.121993,1.138339,0.713220,0.950865,0.568320,0.671643,0.357752,0.300791,0.418236,0.495146
0.633646,0.580024,0.873779,0.768883,0.735085,0.753642,0.811262,0.833196,0.669848,0.679015,0.599353,0.580655,0.888427,0.607133,0.779157,0.642957,0.523606,0.320535,0.761782,0.914758,0.621743,0.668773,0.897573,0.849789,0.814903,1.030936,0.773668,0.659992,0.790227,0.454509,0.000000,1.454252,1.038560,0.897837,0.879738,0.496709,0.346050,0.795704,0.590662,0.596475,0.428640,-0.028870,0.476593,0.504383,0.495633,0.419951,0.552886,0.681624,0.406692,0.183404,0.533900,0.262033,0.289831,0.260085,0.463417,0.454353,0.714762,0.652268,0.235625,0.211973,0.607922,0.421201,0.614647,0.503577,0.807635,0.746276,0.680954,0.558574,0.741661,0.538351,-0.019400,0.297329,0.867168,0.764984,0.456497,0.518956,0.529456,0.776702,0.496968,0.681784,0.751844,0.739249,0.857825,0.697690,0.941272,0.826335,0.749610,0.650409,0.802475,0.852090
0.534899,0.482609,0.816752,0.984336,0.692537,0.789538,0.750427,1.118525,0.567590,0.765420,0.424539,0.584595,0.760834,0.632098,0.677121,0.626465,0.434725,0.205519,0.697987,0.812756,0.508770,0.669961,0.954052,1.113015,0.704575,1.049304,0.715220,0.638437,0.625970,0.432878,1.454252,0.000000,0.926725,0.822710,0.988128,0.730615,0.385918,0.667088,0.683054,0.536508,0.525715,0.057806,0.571637,0.570942,0.536363,0.492114,0.646588,0.811677,0.379317,0.121119,0.573430,0.261839,0.265854,0.167876,0.471980,0.482874,0.605965,0.552670,0.149622,0.143665,0.527436,0.394839,0.533106,0.487996,0.827334,0.904148,0.754836,0.694421,0.776412,0.524699,-0.009923,0.256174,0.771202,0.719566,0.447275,0.501462,0.636325,0.808576,0.412694,0.589416,0.721916,0.681726,0.879736,0.772370,0.931862,1.012079,0.754238,0.797914,0.806807,0.987613
1.004384,0.783661,0.763324,0.849796,0.534390,0.517039,0.895902,0.832058,0.552141,0.737730,0.718447,0.788294,1.005583,0.875663,0.879160,0.820636,0.931461,0.623717,0.965683,1.267546,0.445116,0.536768,0.729928,0.688819,0.577779,0.783833,0.512642,0.452867,0.980213,0.828086,1.038560,0.926725,0.000000,1.590740,0.666405,0.614468,0.344607,0.654187,0.448310,0.693300,0.377048,0.003003,0.518625,0.610609,0.594049,0.669981,0.668403,0.822772,0.665482,0.401250,0.809049,0.550837,0.489368,0.337143,0.706349,0.628395,1.072995,0.980955,0.515146,0.395105,0.935522,0.643101,0.871639,0.848696,0.900169,0.722125,0.833456,0.635857,1.119021,0.631866,0.067926,0.208070,1.031110,0.711562,0.502979,0.674105,0.520342,0.706661,0.734689,0.970712,1.203180,1.173715,1.017615,0.858867,1.113714,1.095412,0.715236,0.587531,0.887157,0.988247
0.888637,0.748562,0.613366,0.786323,0.525179,0.481334,0.717054,0.733996,0.453468,0.725856,0.604532,0.793568,0.864953,0.825270,0.802301,0.853442,0.952374,0.733575,0.853931,1.277042,0.417229,0.539270,0.610316,0.593812,0.526149,0.728392,0.525344,0.476691,0.955004,0.989133,0.897837,0.822710,1.590740,0.000000,0.626362,0.578402,0.310993,0.681391,0.382679,0.741301,0.371856,0.000733,0.513039,0.560494,0.636521,0.734811,0.619538,0.734707,0.648823,0.450860,0.733833,0.557725,0.461943,0.310864,0.591961,0.576850,1.127706,1.049586,0.517510,0.417010,0.855201,0.674043,0.874551,0.881706,0.752690,0.673097,0.761346,0.577650,1.159414,0.623615,0.153230,0.175793,0.890387,0.766905,0.555233,0.724351,0.476787,0.652879,0.752983,1.003543,1.262640,1.262592,0.935669,0.847542,0.988224,1.047799,0.621039,0.522616,0.766984,0.896555
0.254940,0.266080,0.764032,0.779892,0.780695,0.763425,0.579835,0.912080,0.747381,0.896139,0.405588,0.388483,0.684381,0.431455,0.592263,0.469802,0.282823,0.087788,0.676483,0.661080,0.342373,0.544037,1.079427,1.199856,0.817917,1.091504,0.631572,0.518800,0.426001,0.224878,0.879738,0.988128,0.666405,0.626362,0.000000,0.820973,0.149932,0.522004,0.309841,0.588405,0.215987,-0.209739,0.756444,0.636130,0.662968,0.489049,0.591963,0.718951,0.324799,-0.022247,0.523059,0.169573,0.089864,-0.012416,0.305265,0.256814,0.391687,0.445490,-0.092387,-0.077058,0.257281,0.207880,0.264184,0.279394,0.919138,0.907797,0.907562,0.766501,0.573852,0.515561,-0.080152,0.216085,0.463268,0.371352,0.482274,0.418316,0.414380,0.598717,0.297369,0.360504,0.412033,0.407986,0.698731,0.447840,0.849466,0.805845,0.710457,0.589304,0.705774,0.866445
0.219738,0.204374,0.508597,0.885076,0.573363,0.495070,0.488566,0.951806,0.427355,0.658747,0.180148,0.367086,0.441414,0.466130,0.360702,0.311938,0.248914,0.020248,0.577776,0.486801,0.212907,0.305900,0.707648,0.913114,0.427515,0.615876,0.361548,0.334773,0.269102,0.261909,0.496709,0.730615,0.614468,0.578402,0.820973,0.000000,0.198581,0.275585,0.294863,0.392501,0.217393,0.106079,0.717788,0.739857,0.538845,0.642874,0.698517,0.791278,0.354767,0.064500,0.624387,0.381551,0.200944,0.000634,0.442501,0.481335,0.254900,0.314423,0.002166,-0.049025,0.221920,0.201584,0.219054,0.309155,0.613381,0.757991,0.723512,0.747274,0.502028,0.234799,0.122363,0.091937,0.498888,0.290733,0.475759,0.471913,0.501021,0.538007,0.270380,0.309173,0.416430,0.366121,0.516678,0.393261,0.642394,0.745729,0.487803,0.557855,0.519050,0.764114
0.343729,0.315277,0.320300,0.381135,0.235358,0.257454,0.340946,0.331408,0.207963,0.252271,0.216437,0.341622,0.321825,0.419985,0.364941,0.360783,0.273936,0.103166,0.278919,0.272877,0.291496,0.278426,0.292941,0.283777,0.208678,0.303695,0.278178,0.165042,0.269980,0.203975,0.346050,0.385918,0.344607,0.310993,0.149932,0.198581,0.000000,0.465938,0.715534,0.057607,0.656112,0.667551,0.123734,0.180239,0.140870,0.178123,0.271119,0.311109,0.236340,0.155161,0.352199,0.284915,0.254496,0.175077,0.211712,0.289663,0.273401,0.330215,0.177176,0.129062,0.309442,0.291818,0.371334,0.312981,0.322985,0.276836,0.226886,0.256295,0.325645,0.336781,0.150078,0.144728,0.399269,0.215574,0.184177,0.173122,0.327198,0.259697,0.158702,0.315232,0.358374,0.345996,0.315404,0.491278,0.397905,0.380254,0.285303,0.535795,0.360550,0.382694
0.403635,0.332775,0.315591,0.357439,0.431066,0.524764,0.324305,0.377680,0.306082,0.434230,0.447967,0.428642,0.568173,0.512740,0.554726,0.504026,0.456490,0.425469,0.336583,0.504246,0.508787,0.581672,0.372886,0.345368,0.452030,0.554430,0.498178,0.416751,0.618131,0.402863,0.795704,0.667088,0.654187,0.681391,0.522004,0.275585,0.465938,0.000000,0.394390,0.493747,0.358486,0.138459,0.255763,0.347487,0.383646,0.379144,0.334623,0.422361,0.305133,0.138118,0.294315,0.199208,0.290780,0.229232,0.329562,0.272814,0.633964,0.543503,0.217307,0.215916,0.474338,0.417019,0.455314,0.443674,0.444304,0.393800,0.371243,0.335748,0.495050,0.386059,0.025896,0.199724,0.623849,0.655992,0.361935,0.372216,0.359023,0.468305,0.420801,0.497828,0.546429,0.573095,0.496203,0.497298,0.563359,0.509553,0.347417,0.332790,0.465881,0.538067
0.412698,0.369985,0.521493,0.539737,0.290755,0.296185,0.555685,0.560392,0.255467,0.313273,0.330932,0.433002,0.482697,0.496153,0.472456,0.369588,0.295777,0.074482,0.350997,0.410080,0.255164,0.222160,0.451841,0.426192,0.331850,0.362666,0.262580,0.166408,0.336740,0.212782,0.590662,0.683054,0.448310,0.382679,0.309841,0.294863,0.715534,0.394390,0.000000,0.103000,0.725528,0.465420,0.207117,0.244743,0.207397,0.270536,0.317483,0.394027,0.265514,0.111212,0.420333,0.256021,0.259447,0.138243,0.358020,0.383683,0.339293,0.317076,0.186754,0.167906,0.384289,0.324855,0.455656,0.363631,0.467747,0.428582,0.375953,0.344325,0.400250,0.351668,0.057997,0.056510,0.508128,0.348793,0.224459,0.173618,0.534333,0.490413,0.185354,0.424422,0.443237,0.466053,0.379709,0.526378,0.485023,0.542704,0.379932,0.677067,0.487777,0.539230
0.377037,0.257152,0.365143,0.466802,0.501301,0.593750,0.371186,0.458052,0.389417,0.560758,0.452532,0.393245,0.625892,0.518392,0.521213,0.670285,0.443597,0.432316,0.450452,0.560123,0.499282,0.639297,0.392374,0.509684,0.419702,0.650705,0.624646,0.685785,0.585125,0.574552,0.596475,0.536508,0.693300,0.741301,0.588405,0.392501,0.057607,0.493747,0.103000,0.000000,0.098716,-0.286330,0.398309,0.450370,0.436879,0.425450,0.358172,0.405633,0.336777,0.174852,0.473997,0.228662,0.254983,0.075470,0.457993,0.265669,0.537778,0.441989,0.236978,0.156635,0.443075,0.335388,0.490186,0.488784,0.543039,0.523899,0.511671,0.297194,0.463962,0.343740,0.061861,0.185612,0.518525,0.582089,0.518084,0.504686,0.119203,0.299721,0.621901,0.494778,0.618965,0.622585,0.605294,0.488554,0.693866,0.682487,0.567300,0.200393,0.584051,0.562489
0.263477,0.289640,0.325813,0.445995,0.208576,0.186477,0.299330,0.437479,0.125273,0.198902,0.107680,0.308860,0.304446,0.426603,0.317670,0.306793,0.253603,0.108019,0.228400,0.284464,0.240037,0.288259,0.369717,0.385077,0.071968,0.256883,0.218477,0.154371,0.282802,0.324715,0.428640,0.525715,0.377048,0.371856,0.215987,0.217393,0.656112,0.358486,0.725528,0.098716,0.000000,0.583193,0.182204,0.226733,0.193644,0.160886,0.277151,0.326965,0.164508,0.055397,0.301241,0.187913,0.189970,0.095580,0.247036,0.327432,0.286054,0.232124,0.052639,-0.040636,0.246832,0.164545,0.368825,0.241837,0.368110,0.334992,0.223330,0.205719,0.337224,0.194625,0.016544,0.118779,0.476163,0.425029,0.164969,0.222766,0.312716,0.244610,0.260537,0.402571,0.563415,0.496019,0.395646,0.570262,0.469272,0.491581,0.299459,0.593049,0.336011,0.436414
0.005025,-0.000255,-0.024856,0.078185,-0.065805,-0.119167,0.023733,0.073864,-0.181583,-0.229788,-0.205568,-0.054451,-0.110485,0.067006,-0.071192,-0.135865,-0.028372,-0.035396,-0.059760,-0.082587,-0.034210,-0.038850,-0.039586,-0.022381,-0.268729,-0.211549,-0.095415,-0.082561,-0.105365,0.032581,-0.028870,0.057806,0.003003,0.000733,-0.209739,0.106079,0.667551,0.138459,0.465420,-0.286330,0.583193,0.000000,-0.002425,0.088341,-0.009304,0.074469,-0.004939,0.025828,0.027270,0.022989,0.099839,0.157435,0.087432,0.029871,0.067294,0.172661,-0.098579,-0.001469,-0.004950,-0.007816,-0.037356,-0.017081,0.022072,0.010258,-0.019216,-0.053179,-0.058508,0.044628,0.028508,-0.070629,0.139941,-0.011968,0.105293,0.049894,-0.124238,-0.013884,0.093588,-0.107056,-0.000071,0.160502,0.115610,0.113988,-0.076435,0.178016,0.040248,0.085276,0.004903,0.341366,-0.054280,0.039287
0.359073,0.416899,0.569870,0.783009,0.610101,0.540038,0.567370,0.864337,0.595725,0.676592,0.187606,0.303687,0.372353,0.381999,0.318234,0.301728,0.196640,0.125890,0.604466,0.606405,0.127396,0.221721,0.711731,0.776461,0.389682,0.610617,0.369890,0.314083,0.186140,0.275452,0.476593,0.571637,0.518625,0.513039,0.756444,0.717788,0.123734,0.255763,0.207117,0.398309,0.182204,-0.002425,0.000000,1.413426,1.176357,0.863457,1.073911,1.112497,0.728835,0.391116,0.756255,0.644498,0.477669,0.435285,0.518511,0.553729,0.345248,0.492132,0.150791,0.147307,0.324406,0.234345,0.151186,0.234881,0.551283,0.777148,0.976584,1.023821,0.568893,0.604612,-0.003544,0.061244,0.366364,0.201080,0.302681,0.320268,0.244587,0.363313,0.193650,0.286379,0.319061,0.327987,0.462759,0.402365,0.552430,0.670919,0.487358,0.469293,0.487313,0.662475
0.429016,0.429855,0.538895,0.773175,0.510399,0.507237,0.636676,0.877170,0.506929,0.623571,0.270427,0.353202,0.431015,0.457703,0.361186,0.343277,0.274768,0.159596,0.619858,0.607993,0.169588,0.207679,0.605905,0.689469,0.325381,0.534834,0.338565,0.289367,0.249341,0.325463,0.504383,0.570942,0.610609,0.560494,0.636130,0.739857,0.180239,0.347487,0.244743,0.450370,0.226733,0.088341,1.413426,0.000000,0.998951,0.898923,1.092080,1.109647,0.794227,0.472129,0.877902,0.799957,0.550530,0.524635,0.696929,0.689785,0.401050,0.458126,0.282942,0.213446,0.418457,0.306435,0.232347,0.298628,0.529401,0.739168,0.959661,1.027776,0.544214,0.568752,-0.008970,0.083837,0.498504,0.287401,0.368046,0.342754,0.225590,0.343114,0.267519,0.360916,0.404445,0.383993,0.471654,0.412736,0.626981,0.729573,0.511803,0.455595,0.552586,0.692396
0.548302,0.584820,0.620596,0.747054,0.535542,0.511902,0.608746,0.698257,0.655646,0.744486,0.346802,0.517207,0.466904,0.478992,0.525138,0.481605,0.378092,0.345962,0.689442,0.808041,0.178125,0.179842,0.691667,0.637245,0.397383,0.551679,0.398773,0.278687,0.329684,0.482901,0.495633,0.536363,0.594049,0.636521,0.662968,0.538845,0.140870,0.383646,0.207397,0.436879,0.193644,-0.009304,1.176357,0.998951,0.000000,1.179088,0.856669,0.929256,1.006497,0.651441,0.856296,0.748587,0.613262,0.563033,0.582869,0.634512,0.524295,0.742527,0.332572,0.351280,0.528321,0.449636,0.374013,0.461583,0.698046,0.711394,0.956853,0.963645,0.722334,0.748116,0.090058,0.204515,0.452916,0.303197,0.330456,0.338797,0.248462,0.386205,0.385692,0.459463,0.494673,0.532101,0.658688,0.570782,0.691242,0.731719,0.575418,0.532371,0.661385,0.822022
0.653153,0.686107,0.443200,0.867236,0.396215,0.471872,0.607539,0.756957,0.429189,0.733337,0.397388,0.759689,0.488160,0.817882,0.475308,0.572160,0.444611,0.432318,0.600547,0.806859,0.125941,0.150235,0.455773,0.485554,0.304879,0.468005,0.287179,0.254579,0.319135,0.582651,0.419951,0.492114,0.669981,0.734811,0.489049,0.642874,0.178123,0.379144,0.270536,0.425450,0.160886,0.074469,0.863457,0.898923,1.179088,0.000000,0.760414,0.879274,1.098544,0.738307,0.997446,1.077255,0.628387,0.497903,0.708200,0.685010,0.601545,0.765140,0.560502,0.576482,0.671523,0.809356,0.512045,0.791560,0.607581,0.742956,0.883228,0.956036,0.719354,0.677655,0.236543,0.088788,0.453569,0.323313,0.329419,0.427904,0.267806,0.360433,0.325171,0.519964,0.596443,0.681534,0.584590,0.677992,0.652758,0.882189,0.453199,0.523218,0.717335,0.921957
0.501129,0.474571,0.566936,0.761155,0.437645,0.441040,0.656061,0.815990,0.519783,0.644482,0.346464,0.445036,0.529888,0.541288,0.541191,0.437565,0.453279,0.204505,0.703474,0.676854,0.134273,0.240269,0.608499,0.624051,0.335881,0.534718,0.314745,0.252491,0.457383,0.408023,0.552886,0.646588,0.668403,0.619538,0.591963,0.698517,0.271119,0.334623,0.317483,0.358172,0.277151,-0.004939,1.073911,1.092080,0.856669,0.760414,0.000000,1.538240,0.771417,0.509074,0.775533,0.717581,0.685765,0.646285,0.826483,0.867538,0.479322,0.535685,0.332803,0.231116,0.545179,0.346222,0.410658,0.378865,0.596861,0.687191,0.828845,0.848291,0.694471,0.494159,0.060063,0.073730,0.608350,0.273427,0.382407,0.334707,0.537301,0.560859,0.365724,0.373666,0.538830,0.450128,0.645508,0.469998,0.611932,0.661545,0.405904,0.431012,0.574585,0.697417
0.599474,0.569579,0.692593,0.969304,0.547346,0.549030,0.772588,0.997644,0.590713,0.769224,0.435413,0.556181,0.628848,0.690318,0.600528,0.525911,0.501055,0.223109,0.776108,0.794248,0.216030,0.335364,0.757257,0.808229,0.450710,0.683384,0.398359,0.376386,0.491726,0.457887,0.681624,0.811677,0.822772,0.734707,0.718951,0.791278,0.311109,0.422361,0.394027,0.405633,0.326965,0.025828,1.112497,1.109647,0.929256,0.879274,1.538240,0.000000,0.838677,0.515619,0.887737,0.796669,0.674821,0.580765,0.835101,0.947362,0.583867,0.636313,0.360023,0.277580,0.627607,0.448431,0.464895,0.472828,0.756685,0.885652,0.994309,1.036131,0.783116,0.625422,0.031151,0.153324,0.668782,0.410529,0.428059,0.462028,0.565320,0.670791,0.385390,0.459254,0.594886,0.537417,0.769789,0.621064,0.737939,0.844609,0.498691,0.617246,0.664872,0.899503
0.904613,0.866392,0.670918,0.743631,0.417813,0.349977,0.883690,0.616976,0.573524,0.653671,0.590849,0.711134,0.575372,0.618778,0.596945,0.527022,0.552938,0.448752,0.763248,0.839528,0.126215,0.071095,0.527120,0.417744,0.395198,0.415685,0.226351,0.162671,0.368009,0.474186,0.406692,0.379317,0.665482,0.648823,0.324799,0.354767,0.236340,0.305133,0.265514,0.336777,0.164508,0.027270,0.728835,0.794227,1.006497,1.098544,0.771417,0.838677,0.000000,1.158768,1.242261,1.341397,0.859078,0.837051,0.883814,0.979933,0.649480,0.819263,0.974823,0.830582,0.955959,0.805717,0.632569,0.678237,0.635054,0.609284,1.010532,0.947553,0.713722,0.824469,0.229040,0.130848,0.506388,0.222072,0.250257,0.274922,0.263800,0.344000,0.350907,0.418963,0.527098,0.534415,0.710202,0.565265,0.634588,0.696882,0.548373,0.488716,0.851061,0.841696
