0.000000,1.565986,0.657387,0.674427,0.008534,0.317854,0.725461,0.737399,0.044885,0.203433,0.908661,0.823512,0.834264,1.026053,0.590064,0.459853,0.672087,0.491177,1.056508,1.271449,0.141929,0.152765,0.501181,0.511232,0.141276,0.133929,0.485468,0.650478,0.255975,0.096848,0.448080,0.395520,0.571779,0.716040,0.102381,0.240687,-0.015510,0.266180,0.237777,0.199290,0.052647,0.022649,0.327432,0.237058,0.672724,0.618107,0.525110,0.623419,0.772714,0.605878,0.747500,0.796375,0.546847,0.774199,0.730509,0.663255,1.509746,1.512624,0.796102,0.725549,0.775270,0.607409,0.692035,1.035431,0.344923,0.429469,0.583278,0.541415,1.220679,1.146950,0.373400,0.481909,0.136451,0.350904,0.564762,0.368579,0.452166,0.478817,0.181836,0.299250,0.280720,0.621863,0.318319,0.065371,0.572963,1.073630,0.259401,0.214274,0.470658,0.839528
1.565986,0.000000,0.510338,0.595522,0.017069,0.196800,0.567736,0.740644,0.086424,0.157616,0.819776,0.976798,0.837393,1.068079,0.545505,0.483006,0.713176,0.683377,1.031533,1.261251,0.212360,0.166601,0.394323,0.411515,0.106551,0.046674,0.386737,0.575729,0.363644,0.200386,0.429262,0.422895,0.580796,0.791748,0.146616,0.247885,0.050873,0.297319,0.214338,0.293727,0.118639,0.102264,0.283623,0.215139,0.669389,0.663851,0.486953,0.522365,0.736566,0.668466,0.725311,0.898244,0.486218,0.782688,0.688621,0.729529,1.392623,1.884778,0.686098,0.659688,0.706993,0.628763,0.693434,1.168356,0.325523,0.428189,0.535483,0.512909,1.137773,1.125906,0.393437,0.512071,0.129896,0.521652,0.550527,0.273802,0.491834,0.494630,0.263978,0.354481,0.380902,0.770884,0.301968,0.072751,0.552739,1.198678,0.216358,0.299094,0.395593,0.706612
0.657387,0.510338,0.000000,1.088878,-0.093356,0.637986,1.485080,0.858044,0.046368,0.503717,0.605175,0.362720,0.339409,0.555266,0.745577,0.454375,0.237447,0.009916,0.805270,0.574745,0.166418,0.209393,1.590531,1.193609,0.588665,0.561986,0.849071,0.587693,-0.010686,0.032713,0.696733,0.435832,0.482033,0.511117,0.383397,0.434310,-0.121355,0.093670,0.295952,0.256934,-0.090395,-0.194050,0.471098,0.335469,0.767939,0.507582,0.698164,0.594210,0.674906,0.578977,0.749449,0.677663,0.731291,0.685560,0.720179,0.500536,0.572216,0.565879,0.932512,0.635852,0.917398,0.423609,0.349743,0.509197,0.719326,0.509573,0.964350,0.703653,0.763331,0.599698,0.318913,0.511735,0.221667,0.064535,0.533662,0.353505,0.384979,0.468693,0.213698,0.284469,0.263689,0.273419,0.491544,0.209551,0.760407,0.549763,0.221234,0.019564,0.836894,1.088947
0.674427,0.595522,1.088878,0.000000,0.064717,0.908436,1.333887,1.532883,0.179899,0.720313,0.614149,0.489698,0.389445,0.702246,0.788184,0.470441,0.395761,-0.023053,0.741782,0.688107,0.320796,0.159969,1.044732,1.151878,0.412792,0.579380,0.875732,0.464331,0.128641,0.107564,0.694621,0.359600,0.672743,0.699654,0.340235,0.455839,-0.037944,0.226254,0.155968,0.317493,-0.025976,-0.075170,0.561681,0.478680,0.773704,0.597817,0.907289,0.707216,0.741554,0.648036,0.922742,0.750731,1.038349,0.567451,0.866394,0.522277,0.619911,0.616707,0.931262,0.788787,0.972025,0.691839,0.422375,0.700122,0.469701,0.739122,0.871498,0.815145,0.798234,0.762925,0.302350,0.484633,0.084759,0.123285,0.612689,0.490004,0.504799,0.650618,0.152792,0.340859,0.388101,0.348461,0.503769,0.299523,0.771401,0.550645,0.193099,0.031085,1.025427,0.989772
0.008534,0.017069,-0.093356,0.064717,0.000000,0.138783,0.072922,0.074080,1.378636,0.378834,0.034982,0.031195,0.465378,-0.059785,0.244248,0.335365,-0.010444,0.139541,0.105715,-0.039338,0.091680,0.260370,-0.024540,0.015040,0.280211,0.354027,0.052497,0.191933,0.236152,-0.048418,0.061859,0.105386,0.009577,0.101813,0.065958,0.111574,0.308030,0.304390,0.200795,0.012143,0.211001,0.328875,0.046581,0.044840,-0.103455,0.018752,-0.058339,0.004127,-0.112344,0.102281,-0.146064,-0.102904,-0.005090,-0.032526,0.211868,0.270737,-0.035695,-0.012639,0.147644,0.173373,-0.004417,0.153511,-0.189912,-0.044931,-0.137932,0.142016,0.091940,0.104883,-0.050160,-0.090957,0.162488,0.145998,0.363212,0.145657,0.188701,0.139942,0.249760,0.352628,-0.043350,-0.114126,0.082095,0.002137,0.046962,0.171162,0.031660,-0.099439,0.485447,0.375749,0.172110,0.157522
0.317854,0.196800,0.637986,0.908436,0.138783,0.000000,0.791588,0.708916,0.193509,1.045739,0.401498,0.112207,0.180662,0.440527,0.609791,0.418549,0.274313,-0.337639,0.364776,0.270450,0.216201,0.130279,0.644195,0.869168,0.549929,0.798901,0.966084,0.411590,-0.072173,-0.085401,0.499227,0.174619,0.404032,0.315225,0.112619,0.353665,-0.120541,0.170030,0.093520,0.181823,-0.249689,-0.131263,0.545002,0.414451,0.486819,0.270325,0.685135,0.497983,0.520803,0.289214,0.695044,0.338618,0.798112,0.187776,0.618146,0.250791,0.359738,0.270237,0.569037,0.526494,0.570562,0.328849,0.234388,0.351637,0.326341,0.345024,0.573370,0.466242,0.480752,0.332950,0.052875,0.254225,0.027823,-0.189230,0.356337,0.586429,0.345542,0.422340,0.007994,0.019925,0.217017,0.076415,0.421530,0.487255,0.666919,0.106720,0.153388,-0.235074,0.846494,0.663420
0.725461,0.567736,1.485080,1.333887,0.072922,0.791588,0.000000,1.075126,0.227412,0.604908,0.698790,0.402139,0.510113,0.613500,0.805014,0.499649,0.279961,-0.014296,0.784461,0.559476,0.170596,0.194122,1.208068,1.142538,0.495499,0.559399,0.837310,0.493528,0.055833,0.013066,0.668440,0.389813,0.611688,0.602807,0.352444,0.435191,-0.105423,0.121983,0.213729,0.227877,-0.150950,-0.163095,0.479080,0.315318,0.746884,0.512726,0.733897,0.573186,0.729327,0.614155,0.852585,0.693462,0.837364,0.618853,0.780843,0.523194,0.659397,0.590550,0.948125,0.710702,1.120579,0.575478,0.431485,0.630906,0.590707,0.667950,0.854326,0.681641,0.727914,0.594495,0.342456,0.535941,0.180835,0.003452,0.530473,0.349858,0.402014,0.525145,0.177295,0.249236,0.317563,0.288145,0.457258,0.267554,0.784122,0.555766,0.215391,0.019474,0.962901,1.112383
0.737399,0.740644,0.858044,1.532883,0.074080,0.708916,1.075126,0.000000,0.174182,0.611846,0.710724,0.604559,0.488691,0.733239,0.823027,0.489643,0.580200,0.029092,0.785248,0.698733,0.312310,0.218790,0.802114,1.055104,0.286244,0.404765,0.746945,0.392911,0.336806,0.107022,0.788791,0.479967,0.760945,0.921043,0.344323,0.495973,-0.081120,0.150192,0.142278,0.176555,-0.019069,-0.141278,0.652435,0.510114,0.817942,0.737411,0.874918,0.692568,0.877540,0.732662,0.961875,0.729277,0.891053,0.595940,0.829453,0.514386,0.749167,0.710882,0.958721,0.839589,1.076822,0.884238,0.510191,0.769396,0.505385,0.809163,0.850731,0.859524,0.798143,0.756670,0.428696,0.610581,0.134992,0.175354,0.643447,0.442964,0.515540,0.655443,0.306250,0.289978,0.446681,0.278563,0.446296,0.126426,0.810753,0.540907,0.214339,0.121926,0.921290,0.821338
0.044885,0.086424,0.046368,0.179899,1.378636,0.193509,0.227412,0.174182,0.000000,0.446005,0.060007,0.072744,0.511201,-0.040371,0.430124,0.361877,0.021725,0.159045,0.213739,0.008261,0.162614,0.344591,0.135501,0.170939,0.383982,0.377628,0.103926,0.144223,0.292703,-0.030129,0.216429,0.259184,0.163696,0.185181,0.219561,0.211510,0.329739,0.325434,0.266830,0.156820,0.216418,0.306269,0.167953,0.172817,0.036344,0.161452,0.103014,0.102003,0.012183,0.235744,0.011295,0.053399,0.125257,0.074940,0.334713,0.419249,0.034283,0.033188,0.268438,0.265200,0.152717,0.200283,-0.167289,0.024296,-0.014314,0.277617,0.244887,0.238276,0.056387,-0.017689,0.211230,0.196015,0.455077,0.202771,0.314141,0.127835,0.321300,0.416468,0.045318,-0.092799,0.232481,0.067758,0.147059,0.217333,0.203210,-0.009466,0.572726,0.428886,0.320416,0.250684
0.203433,0.157616,0.503717,0.720313,0.378834,1.045739,0.604908,0.611846,0.446005,0.000000,0.398987,0.079728,0.245593,0.283430,0.682092,0.566440,0.227578,-0.263427,0.295323,0.081837,0.267367,0.313998,0.602452,0.802565,0.715878,0.806978,0.682726,0.202950,0.089965,-0.066752,0.477978,0.171697,0.293481,0.280041,0.170502,0.393923,0.091598,0.096959,0.157292,0.141865,0.006127,-0.158875,0.481360,0.322203,0.474325,0.286187,0.579475,0.281950,0.390050,0.322118,0.521754,0.318546,0.520501,0.145538,0.605353,0.343473,0.228223,0.172860,0.404238,0.404153,0.527208,0.257856,0.119086,0.273937,0.372132,0.372087,0.510859,0.399683,0.300446,0.132395,0.096170,0.286715,0.085024,-0.115673,0.313666,0.436535,0.415472,0.471788,0.126438,-0.048316,0.316202,0.111971,0.315851,0.460125,0.687235,0.069027,0.374051,0.089078,0.828390,0.554536
0.908661,0.819776,0.605175,0.614149,0.034982,0.401498,0.698790,0.710724,0.060007,0.398987,0.000000,0.657256,0.953571,0.932486,0.661418,0.610550,0.723961,0.196735,0.659851,0.675632,0.252634,0.385715,0.539213,0.590966,0.199479,0.234000,0.461922,0.487729,0.355726,0.007344,0.548392,0.415362,0.669045,0.670209,0.196438,0.262788,0.160687,0.205916,0.209995,0.153218,-0.005350,-0.020014,0.157529,0.019680,0.496186,0.393905,0.348144,0.307134,0.602020,0.429288,0.615344,0.559230,0.357124,0.510772,0.549930,0.444456,0.892012,0.849322,0.542094,0.440138,0.772815,0.518007,0.759784,0.823675,0.405297,0.357160,0.402162,0.274684,0.655715,0.562432,0.419928,0.622093,0.160016,0.262968,0.491406,0.321699,0.543859,0.522789,0.175925,0.055271,0.240452,0.312386,0.169500,0.125539,0.505173,0.622090,0.252519,0.088673,0.501352,0.648986
0.823512,0.976798,0.362720,0.489698,0.031195,0.112207,0.402139,0.604559,0.072744,0.079728,0.657256,0.000000,0.660256,1.138196,0.372707,0.522144,0.658030,0.691126,0.640940,0.897320,0.095751,0.128465,0.339809,0.331179,0.023611,0.115904,0.174179,0.477753,0.461240,0.582431,0.449339,0.506193,0.541838,0.773510,0.217803,0.112056,0.131290,0.399721,0.145154,0.191402,0.138701,0.135874,0.041024,0.007585,0.439359,0.469722,0.176876,0.317026,0.392961,0.486220,0.401453,0.624733,0.210172,0.426121,0.304602,0.415910,0.712198,0.985497,0.401858,0.300214,0.480786,0.519280,0.506877,0.886922,0.174966,0.329944,0.226995,0.196859,0.583289,0.723317,0.385322,0.576424,0.057817,0.555591,0.386981,0.335471,0.318732,0.317679,0.358630,0.502442,0.340563,0.574806,0.232757,0.090651,0.248572,0.815758,0.105398,0.155676,0.167021,0.487121
0.834264,0.837393,0.339409,0.389445,0.465378,0.180662,0.510113,0.488691,0.511201,0.245593,0.953571,0.660256,0.000000,0.693799,0.672033,0.667758,0.584727,0.472874,0.773385,0.681459,0.224079,0.473162,0.317592,0.353664,0.169756,0.220147,0.259592,0.604484,0.484765,-0.000531,0.400071,0.449706,0.604227,0.669628,0.238655,0.236931,0.265517,0.381873,0.379624,0.213018,0.131797,0.237843,0.137449,0.077182,0.322233,0.346884,0.185031,0.326010,0.392716,0.387662,0.355529,0.410697,0.255800,0.549007,0.588736,0.713114,0.794257,0.834818,0.599338,0.481316,0.570318,0.514597,0.387712,0.661387,0.226422,0.390293,0.394281,0.307369,0.550556,0.533730,0.422988,0.502623,0.344628,0.402612,0.527405,0.189112,0.436491,0.488909,0.144661,0.098608,0.204439,0.340407,0.185938,0.111200,0.357097,0.614720,0.491409,0.408345,0.419425,0.673180
1.026053,1.068079,0.555266,0.702246,-0.059785,0.440527,0.613500,0.733239,-0.040371,0.283430,0.932486,1.138196,0.693799,0.000000,0.481503,0.605896,0.716968,0.402545,0.737770,0.976752,0.226284,0.145364,0.474685,0.504386,0.168332,0.242256,0.531710,0.652260,0.263132,0.269318,0.542333,0.419745,0.625520,0.710122,0.158971,0.174623,0.058903,0.381995,0.118071,0.263421,0.021038,0.049996,0.222221,0.158770,0.602995,0.537099,0.430942,0.500887,0.655439,0.522348,0.711325,0.731497,0.519649,0.562160,0.514965,0.493696,0.910021,1.151429,0.595838,0.501184,0.687738,0.531648,0.625611,1.062421,0.296079,0.359289,0.422658,0.337056,0.907840,0.887371,0.272262,0.551219,0.032110,0.349516,0.447510,0.384786,0.462620,0.464237,0.218327,0.309915,0.246752,0.569195,0.237097,0.194229,0.428728,0.852364,0.051430,-0.029948,0.422288,0.691878
0.590064,0.545505,0.745577,0.788184,0.244248,0.609791,0.805014,0.823027,0.430124,0.682092,0.661418,0.372707,0.672033,0.481503,0.000000,0.678620,0.426916,0.057408,0.798543,0.472636,0.574992,0.604754,0.823853,0.987468,0.666492,0.743468,0.772653,0.534609,0.399296,-0.044842,0.925589,0.747393,0.617599,0.589857,0.477509,0.318075,0.148467,0.302203,0.545672,0.488874,0.168332,-0.028768,0.662171,0.523711,0.685670,0.661212,0.817278,0.568893,0.800300,0.716446,0.877992,0.658466,0.729242,0.642036,1.028600,0.777609,0.563858,0.586474,0.917770,0.900591,0.881774,0.587570,0.334805,0.616537,0.660953,0.745475,0.923397,0.785418,0.650090,0.517125,0.512272,0.633154,0.472417,0.232104,0.634698,0.434165,0.509114,0.754440,0.374690,0.083451,0.617416,0.356448,0.728465,0.202115,1.027834,0.518261,0.491686,0.319648,1.036958,0.922750
0.459853,0.483006,0.454375,0.470441,0.335365,0.418549,0.499649,0.489643,0.361877,0.566440,0.610550,0.522144,0.667758,0.605896,0.678620,0.000000,0.324659,0.259075,0.417473,0.400869,0.418055,0.485314,0.459929,0.502576,0.441958,0.562678,0.414705,0.642486,0.393362,0.400836,0.456064,0.470477,0.452167,0.560700,0.368807,0.356463,0.275295,0.455235,0.175620,0.304980,0.322933,0.211075,0.150812,0.059020,0.478335,0.324697,0.185655,0.102888,0.305848,0.374746,0.369918,0.428813,0.140997,0.258132,0.453737,0.459437,0.352066,0.512412,0.371751,0.315498,0.508030,0.385049,0.123147,0.401937,0.442855,0.408712,0.364574,0.276867,0.323823,0.336570,0.255766,0.435218,0.251065,0.380544,0.471956,0.317931,0.386597,0.462188,0.272393,0.200366,0.296643,0.355804,0.286633,0.360578,0.417706,0.401216,0.314518,0.123072,0.509209,0.639208
0.672087,0.713176,0.237447,0.395761,-0.010444,0.274313,0.279961,0.580200,0.021725,0.227578,0.723961,0.658030,0.584727,0.716968,0.426916,0.324659,0.000000,0.285801,0.476896,0.621635,0.216517,0.092145,0.151078,0.293506,-0.012616,0.091512,0.255474,0.249011,0.839238,0.113982,0.416390,0.461314,0.516348,0.578673,0.048324,0.265024,0.118324,0.208141,0.218351,0.029865,0.124587,0.016136,0.289365,0.216371,0.380454,0.506546,0.359588,0.561358,0.452219,0.341080,0.484333,0.361073,0.412217,0.393713,0.412002,0.344871,0.775335,0.774125,0.488949,0.444431,0.471596,0.479572,0.760165,0.705305,0.193775,0.315551,0.391706,0.384321,0.614010,0.652963,0.245549,0.354676,0.130993,0.455477,0.508662,0.446641,0.370270,0.407584,0.493872,0.179441,0.557898,0.240798,0.293894,-0.129702,0.420857,0.393592,0.266728,0.066169,0.325734,0.303302
0.491177,0.683377,0.009916,-0.023053,0.139541,-0.337639,-0.014296,0.029092,0.159045,-0.263427,0.196735,0.691126,0.472874,0.402545,0.057408,0.259075,0.285801,0.000000,0.371752,0.504109,0.080167,0.046788,-0.028221,-0.133249,-0.013604,-0.163424,-0.101811,0.313608,0.307070,0.473411,0.023438,0.209163,0.164583,0.330976,0.079719,-0.077069,0.312395,0.374139,0.224957,0.298595,0.367997,0.368578,-0.132493,-0.085950,0.088066,0.268262,-0.067008,0.057782,0.093689,0.272098,0.051132,0.336446,-0.090196,0.292185,0.100266,0.438592,0.408320,0.662530,0.111252,0.126020,0.102183,0.219346,0.215191,0.461044,-0.017850,0.098362,0.042402,0.041476,0.317521,0.382833,0.182690,0.180084,0.141473,0.692102,0.190875,0.077760,0.196747,0.133646,0.139494,0.476043,0.196248,0.781243,0.041124,0.074664,0.001181,0.672693,0.067970,0.364032,-0.135390,0.213683
1.056508,1.031533,0.805270,0.741782,0.105715,0.364776,0.784461,0.785248,0.213739,0.295323,0.659851,0.640940,0.773385,0.737770,0.798543,0.417473,0.476896,0.371752,0.000000,0.980211,0.218437,0.301053,0.738723,0.751005,0.347284,0.252475,0.629636,0.661185,0.177277,-0.069926,0.602479,0.484017,0.720894,0.755476,0.336508,0.376526,-0.010684,0.275691,0.360675,0.366595,0.082142,-0.002400,0.568661,0.539380,0.796848,0.640452,0.692855,0.744570,0.823842,0.657671,0.725080,0.754378,0.694834,1.041513,0.887262,0.842797,0.992213,1.023184,0.960731,0.826021,0.776469,0.591299,0.462624,0.824266,0.460435,0.438886,0.879309,0.760234,1.154499,0.965890,0.380488,0.514658,0.305191,0.327200,0.619678,0.389677,0.526646,0.559822,0.171048,0.270893,0.268163,0.501375,0.372389,0.125516,0.710836,0.865396,0.315304,0.337395,0.662224,1.061312
1.271449,1.261251,0.574745,0.688107,-0.039338,0.270450,0.559476,0.698733,0.008261,0.081837,0.675632,0.897320,0.681459,0.976752,0.472636,0.400869,0.621635,0.504109,0.980211,0.000000,0.176524,0.086398,0.454759,0.421865,0.006772,0.063480,0.369864,0.703892,0.246759,0.210181,0.410696,0.348147,0.606066,0.699868,0.155616,0.253192,0.113427,0.462964,0.150558,0.330853,0.052196,0.211902,0.250781,0.296229,0.523199,0.533070,0.408775,0.707653,0.501844,0.492754,0.547921,0.697675,0.530480,0.684617,0.571240,0.577892,0.973757,1.269667,0.719147,0.584748,0.536165,0.628091,0.572248,0.856840,0.271520,0.337173,0.495201,0.501746,1.115236,1.528263,0.246054,0.361654,0.095690,0.493206,0.578075,0.352918,0.439038,0.468791,0.081406,0.363551,0.214994,0.587488,0.262423,0.146534,0.372442,0.950781,0.186831,0.127954,0.367575,0.766780
0.141929,0.212360,0.166418,0.320796,0.091680,0.216201,0.170596,0.312310,0.162614,0.267367,0.252634,0.095751,0.224079,0.226284,0.574992,0.418055,0.216517,0.080167,0.218437,0.176524,0.000000,0.511540,0.192384,0.248877,0.351869,0.387182,0.413175,0.237788,0.437133,-0.044203,0.548685,0.452241,0.380079,0.248428,0.367618,0.207577,0.343515,0.464340,0.284589,0.747740,0.550138,0.157891,0.347413,0.442840,0.186211,0.376959,0.376638,0.229476,0.273892,0.363759,0.375880,0.312386,0.345247,0.265467,0.412705,0.403539,0.098425,0.229678,0.285306,0.442303,0.278356,0.406319,0.139742,0.292467,0.324828,0.405128,0.377772,0.395348,0.210527,0.236789,0.400438,0.390553,0.386378,0.364412,0.293117,0.245240,0.557073,0.656015,0.154806,-0.013489,0.412830,0.285221,0.348054,0.063653,0.375662,0.264662,0.156200,0.182551,0.466719,0.270395
0.152765,0.166601,0.209393,0.159969,0.260370,0.130279,0.194122,0.218790,0.344591,0.313998,0.385715,0.128465,0.473162,0.145364,0.604754,0.485314,0.092145,0.046788,0.301053,0.086398,0.511540,0.000000,0.267090,0.336476,0.423133,0.306534,0.284143,0.255875,0.350989,-0.144921,0.442708,0.510290,0.256354,0.170814,0.419980,0.261406,0.196711,0.096192,0.389937,0.303409,0.195732,-0.021689,0.324251,0.268368,0.243561,0.259348,0.236877,0.141052,0.362098,0.319400,0.255855,0.191663,0.125597,0.329463,0.458955,0.484635,0.198413,0.176033,0.339333,0.376319,0.338267,0.255802,0.018583,0.207263,0.332017,0.340536,0.394562,0.307094,0.164482,0.061369,0.556070,0.541920,0.468249,0.221009,0.347518,0.190512,0.430490,0.378486,0.249991,-0.216442,0.238267,0.019422,0.240822,0.013768,0.364325,0.187462,0.506514,0.437517,0.426318,0.332469
0.501181,0.394323,1.590531,1.044732,-0.024540,0.644195,1.208068,0.802114,0.135501,0.602452,0.539213,0.339809,0.317592,0.474685,0.823853,0.459929,0.151078,-0.028221,0.738723,0.454759,0.192384,0.267090,0.000000,1.544736,0.793265,0.704706,0.897372,0.563884,-0.064402,0.013551,0.874801,0.496566,0.496864,0.493126,0.491064,0.426584,-0.048016,0.104230,0.268137,0.309920,-0.035474,-0.147684,0.457686,0.360215,0.731444,0.446843,0.650333,0.495818,0.611961,0.499445,0.683913,0.629289,0.666352,0.542573,0.643503,0.430285,0.437917,0.441392,0.766263,0.518756,0.820980,0.339186,0.250388,0.408763,0.772223,0.495218,0.888033,0.631704,0.595488,0.464150,0.350303,0.545254,0.213293,0.011023,0.432761,0.325609,0.351189,0.475625,0.174261,0.220107,0.238500,0.266344,0.484876,0.256470,0.746992,0.460630,0.197421,0.057175,0.840452,1.005050
0.511232,0.411515,1.193609,1.151878,0.015040,0.869168,1.142538,1.055104,0.170939,0.802565,0.590966,0.331179,0.353664,0.504386,0.987468,0.502576,0.293506,-0.133249,0.751005,0.421865,0.248877,0.336476,1.544736,0.000000,0.765066,0.715782,1.083805,0.536298,0.051919,-0.099522,0.981325,0.564578,0.557347,0.531462,0.495200,0.526701,-0.106970,0.051905,0.230169,0.215431,-0.091783,-0.221015,0.678097,0.509839,0.849540,0.514441,0.807730,0.602815,0.767067,0.511472,0.845202,0.596966,0.817692,0.517285,0.748114,0.414280,0.496342,0.446742,0.855452,0.649646,0.924744,0.493614,0.277412,0.460220,0.801204,0.641691,1.011982,0.799247,0.638054,0.466896,0.360437,0.593722,0.174655,-0.031248,0.475613,0.441217,0.397340,0.507413,0.252985,0.128095,0.317104,0.168821,0.509635,0.213938,0.907708,0.379398,0.237069,0.048843,1.043832,1.007778
0.141276,0.106551,0.588665,0.412792,0.280211,0.549929,0.495499,0.286244,0.383982,0.715878,0.199479,0.023611,0.169756,0.168332,0.666492,0.441958,-0.012616,-0.013604,0.347284,0.006772,0.351869,0.423133,0.793265,0.765066,0.000000,0.928855,0.817264,0.440283,-0.028177,-0.143981,0.611851,0.413791,0.106868,0.105999,0.388440,0.304979,0.032384,0.096810,0.347878,0.344603,0.120318,-0.138464,0.443619,0.382811,0.368006,0.244326,0.474321,0.243929,0.374307,0.293445,0.431790,0.347394,0.415115,0.241406,0.524750,0.346638,0.112396,0.146137,0.425198,0.409731,0.409709,0.076189,-0.045679,0.095841,0.564232,0.325439,0.663997,0.474115,0.255001,0.031688,0.230758,0.407354,0.422547,-0.038217,0.271112,0.305812,0.262574,0.411969,0.195828,-0.070344,0.291269,0.163678,0.510768,0.284129,0.635578,0.162246,0.290169,0.127920,0.667925,0.553627
0.133929,0.046674,0.561986,0.579380,0.354027,0.798901,0.559399,0.404765,0.377628,0.806978,0.234000,0.115904,0.220147,0.242256,0.743468,0.562678,0.091512,-0.163424,0.252475,0.063480,0.387182,0.306534,0.704706,0.715782,0.928855,0.000000,0.698082,0.448600,0.068749,0.045840,0.588531,0.455264,0.273373,0.277636,0.326086,0.176934,0.022535,0.196279,0.357975,0.329332,0.084877,0.000986,0.357777,0.256267,0.311739,0.182949,0.408246,0.221442,0.283872,0.268301,0.422272,0.297957,0.420688,0.142260,0.501721,0.294953,0.099351,0.110152,0.416064,0.358468,0.397958,0.143024,0.020458,0.178537,0.418116,0.387237,0.516791,0.345898,0.182781,0.077708,0.220645,0.389484,0.242231,-0.066219,0.242121,0.430244,0.204354,0.403443,0.205818,0.101121,0.367366,0.123944,0.680656,0.300975,0.617748,0.112609,0.367364,0.042230,0.659756,0.567210
0.485468,0.386737,0.849071,0.875732,0.052497,0.966084,0.837310,0.746945,0.103926,0.682726,0.461922,0.174179,0.259592,0.531710,0.772653,0.414705,0.255474,-0.101811,0.629636,0.369864,0.413175,0.284143,0.897372,1.083805,0.817264,0.698082,0.000000,0.626411,-0.050805,-0.178761,0.742944,0.377571,0.379293,0.322695,0.313751,0.414353,-0.134752,0.127850,0.209885,0.291303,-0.016541,-0.224760,0.880410,0.701716,0.669408,0.574030,0.965013,0.653829,0.851254,0.495397,0.863056,0.494884,0.952305,0.470199,0.791967,0.403058,0.457197,0.456378,0.814360,0.729168,0.784208,0.393859,0.240077,0.442650,0.664357,0.508443,0.941130,0.759439,0.737515,0.429732,0.274849,0.421027,0.197997,-0.088657,0.416824,0.524860,0.419880,0.548106,0.172541,0.132509,0.288590,0.249937,0.546934,0.279108,0.844065,0.358179,0.054806,-0.105249,1.051424,0.834400
0.650478,0.575729,0.587693,0.464331,0.191933,0.411590,0.493528,0.392911,0.144223,0.202950,0.487729,0.477753,0.604484,0.652260,0.534609,0.642486,0.249011,0.313608,0.661185,0.703892,0.237788,0.255875,0.563884,0.536298,0.440283,0.448600,0.626411,0.000000,0.001330,0.041828,0.469578,0.474799,0.255865,0.309018,0.267876,0.221677,0.037553,0.394016,0.329996,0.249126,0.029185,0.264487,0.142130,0.134612,0.375052,0.260171,0.199488,0.396688,0.358843,0.320019,0.354290,0.422717,0.324853,0.517640,0.467093,0.444813,0.511065,0.684397,0.679226,0.506177,0.379086,0.399615,0.072269,0.391794,0.400343,0.306774,0.502399,0.401906,0.561103,0.551275,0.310219,0.462225,0.206306,0.332222,0.460574,0.399564,0.305171,0.387507,0.002174,0.201681,-0.005356,0.331977,0.327925,0.201980,0.293941,0.535497,0.226621,0.067387,0.447536,0.907133
0.255975,0.363644,-0.010686,0.128641,0.236152,-0.072173,0.055833,0.336806,0.292703,0.089965,0.355726,0.461240,0.484765,0.263132,0.399296,0.393362,0.839238,0.307070,0.177277,0.246759,0.437133,0.350989,-0.064402,0.051919,-0.028177,0.068749,-0.050805,0.001330,0.000000,0.246620,0.368708,0.656265,0.321032,0.413325,0.265822,0.304605,0.284975,0.262704,0.238543,0.103717,0.357027,0.110586,0.202060,0.154939,0.146545,0.355513,0.149268,0.279049,0.159035,0.286151,0.154417,0.136933,0.102274,0.179534,0.261206,0.329682,0.286409,0.364686,0.257809,0.287327,0.226488,0.417320,0.370103,0.330627,0.085695,0.332781,0.244608,0.285345,0.175977,0.271281,0.366310,0.373802,0.319667,0.650363,0.461948,0.275327,0.288775,0.385096,0.693728,0.061703,0.778946,0.086625,0.333565,-0.184891,0.202453,0.203041,0.376100,0.302235,0.186373,0.048895
0.096848,0.200386,0.032713,0.107564,-0.048418,-0.085401,0.013066,0.107022,-0.030129,-0.066752,0.007344,0.582431,-0.000531,0.269318,-0.044842,0.400836,0.113982,0.473411,-0.069926,0.210181,-0.044203,-0.144921,0.013551,-0.099522,-0.143981,0.045840,-0.178761,0.041828,0.246620,0.000000,-0.047723,0.075688,0.093709,0.299291,0.049851,-0.036227,0.211158,0.299162,-0.129742,0.121216,0.250654,0.207311,-0.242560,-0.275699,0.077673,0.136366,-0.136153,-0.144285,-0.091435,0.142348,-0.022808,0.152448,-0.180232,-0.116864,-0.102733,-0.003859,0.027443,0.221700,-0.104408,-0.155519,0.052092,0.054227,0.070937,0.202133,0.001349,0.027718,-0.158463,-0.138620,-0.011238,0.160568,-0.059424,-0.028430,-0.161595,0.377006,0.096875,0.083502,-0.082071,-0.095578,0.234319,0.704943,0.249899,0.402768,0.115573,0.321950,-0.092805,0.211816,-0.114522,-0.117093,-0.144198,-0.013954
0.448080,0.429262,0.696733,0.694621,0.061859,0.499227,0.668440,0.788791,0.216429,0.477978,0.548392,0.449339,0.400071,0.542333,0.925589,0.456064,0.416390,0.023438,0.602479,0.410696,0.548685,0.442708,0.874801,0.981325,0.611851,0.588531,0.742944,0.469578,0.368708,-0.047723,0.000000,1.066793,0.613790,0.537624,0.555181,0.388969,0.097868,0.224882,0.405316,0.357554,0.085578,-0.125180,0.567675,0.505797,0.595704,0.579138,0.590904,0.523973,0.655251,0.573754,0.662859,0.526356,0.553397,0.486538,0.531424,0.459893,0.472599,0.478519,0.697875,0.604757,0.616281,0.531528,0.334088,0.473743,0.647089,0.532468,0.746679,0.620838,0.515922,0.436309,0.635124,0.880510,0.262210,0.174911,0.422001,0.338465,0.514659,0.679348,0.336645,-0.038215,0.428426,0.187495,0.468800,0.089353,0.625525,0.401588,0.290112,0.149243,0.685330,0.632012
0.395520,0.422895,0.435832,0.359600,0.105386,0.174619,0.389813,0.479967,0.259184,0.171697,0.415362,0.506193,0.449706,0.419745,0.747393,0.470477,0.461314,0.209163,0.484017,0.348147,0.452241,0.510290,0.496566,0.564578,0.413791,0.455264,0.377571,0.474799,0.656265,0.075688,1.066793,0.000000,0.489190,0.456887,0.630098,0.353680,0.151226,0.286592,0.494205,0.321009,0.182010,0.024003,0.365436,0.326544,0.474366,0.512191,0.335839,0.429116,0.476070,0.540221,0.446290,0.463827,0.317710,0.445463,0.441479,0.440416,0.409193,0.475326,0.570269,0.513442,0.424629,0.499690,0.271321,0.415863,0.489528,0.499184,0.609597,0.495416,0.368343,0.351968,0.652804,0.823123,0.331846,0.469622,0.499266,0.334895,0.384383,0.496994,0.499352,0.054027,0.592148,0.178743,0.608968,-0.091467,0.439980,0.442818,0.398135,0.277910,0.425048,0.439510
0.571779,0.580796,0.482033,0.672743,0.009577,0.404032,0.611688,0.760945,0.163696,0.293481,0.669045,0.541838,0.604227,0.625520,0.617599,0.452167,0.516348,0.164583,0.720894,0.606066,0.380079,0.256354,0.496864,0.557347,0.106868,0.273373,0.379293,0.255865,0.321032,0.093709,0.613790,0.489190,0.000000,1.303325,0.473963,0.454944,0.207687,0.430580,0.130061,0.412152,0.186396,0.156462,0.432868,0.407184,0.544529,0.551163,0.495381,0.417022,0.559953,0.582585,0.684390,0.666546,0.489642,0.460478,0.568189,0.500671,0.611235,0.603525,0.556162,0.458887,0.789175,0.625817,0.611871,0.748083,0.513709,0.523714,0.577889,0.457483,0.556990,0.592000,0.256167,0.409231,0.215204,0.213672,0.423393,0.235940,0.559606,0.544357,0.132632,0.117954,0.227364,0.328387,0.169581,0.100543,0.593294,0.556480,0.191658,0.122997,0.513030,0.594539
0.716040,0.791748,0.511117,0.699654,0.101813,0.315225,0.602807,0.921043,0.185181,0.280041,0.670209,0.773510,0.669628,0.710122,0.589857,0.560700,0.578673,0.330976,0.755476,0.699868,0.248428,0.170814,0.493126,0.531462,0.105999,0.277636,0.322695,0.309018,0.413325,0.299291,0.537624,0.456887,1.303325,0.000000,0.415975,0.438014,0.135314,0.398012,0.140617,0.287872,0.229695,0.171900,0.361419,0.291305,0.549374,0.573152,0.445363,0.364656,0.547743,0.576078,0.631019,0.669275,0.410423,0.468745,0.588517,0.517183,0.739501,0.760353,0.595122,0.488847,0.822294,0.680165,0.593393,0.751034,0.481130,0.556544,0.572372,0.490670,0.618773,0.674527,0.300292,0.424009,0.247648,0.311222,0.512387,0.197700,0.494766,0.518209,0.245830,0.278705,0.279118,0.401500,0.224353,0.094156,0.608423,0.634584,0.234500,0.203474,0.469141,0.589164
0.102381,0.146616,0.383397,0.340235,0.065958,0.112619,0.352444,0.344323,0.219561,0.170502,0.196438,0.217803,0.238655,0.158971,0.477509,0.368807,0.048324,0.079719,0.336508,0.155616,0.367618,0.419980,0.491064,0.495200,0.388440,0.326086,0.313751,0.267876,0.265822,0.049851,0.555181,0.630098,0.473963,0.415975,0.000000,0.614530,0.207931,0.222856,0.238248,0.362187,0.180995,0.096373,0.285371,0.268402,0.287529,0.208782,0.242670,0.267034,0.228955,0.368187,0.274590,0.353683,0.249929,0.337112,0.311427,0.362626,0.065733,0.143306,0.391850,0.336745,0.393127,0.436873,0.082805,0.216789,0.594787,0.545531,0.588074,0.461273,0.116973,0.109603,0.429190,0.436834,0.284482,0.181274,0.343338,0.129506,0.343164,0.366371,0.153144,0.051997,0.254189,0.127208,0.260324,0.010204,0.330384,0.243393,0.214737,0.260733,0.438031,0.431046
0.240687,0.247885,0.434310,0.455839,0.111574,0.353665,0.435191,0.495973,0.211510,0.393923,0.262788,0.112056,0.236931,0.174623,0.318075,0.356463,0.265024,-0.077069,0.376526,0.253192,0.207577,0.261406,0.426584,0.526701,0.304979,0.176934,0.414353,0.221677,0.304605,-0.036227,0.388969,0.353680,0.454944,0.438014,0.614530,0.000000,0.099189,0.099966,-0.060928,-0.004368,0.091058,-0.044202,0.459618,0.380856,0.359944,0.231127,0.322973,0.457761,0.196974,0.161196,0.257877,0.171531,0.380816,0.262454,0.407932,0.212245,0.271517,0.244538,0.487455,0.288167,0.449023,0.379594,0.213131,0.115192,0.583176,0.387098,0.759763,0.625534,0.331795,0.258687,0.146568,0.217010,0.232814,0.185138,0.528932,0.293873,0.375241,0.355698,0.201768,-0.017525,0.148842,-0.121023,0.129634,0.026516,0.343858,0.102314,0.181030,0.059474,0.563489,0.405666
-0.015510,0.050873,-0.121355,-0.037944,0.308030,-0.120541,-0.105423,-0.081120,0.329739,0.091598,0.160687,0.131290,0.265517,0.058903,0.148467,0.275295,0.118324,0.312395,-0.010684,0.113427,0.343515,0.196711,-0.048016,-0.106970,0.032384,0.022535,-0.134752,0.037553,0.284975,0.211158,0.097868,0.151226,0.207687,0.135314,0.207931,0.099189,0.000000,0.737482,0.184953,0.464475,0.491067,0.590853,-0.191259,-0.046381,-0.143022,0.039600,-0.180611,-0.057593,-0.232888,0.089640,-0.132690,0.059786,-0.091753,-0.067890,0.040081,0.174482,-0.066702,0.082236,-0.034400,-0.028990,-0.069769,0.243425,0.104891,0.067657,0.030922,0.043431,-0.069912,-0.077520,-0.047648,0.086472,0.024503,0.040979,0.244937,0.391595,0.128073,0.025223,0.372126,0.406110,-0.138234,0.000550,0.110580,0.261784,-0.147133,0.272293,-0.123402,0.120486,0.139259,0.150329,0.042186,0.023558
0.266180,0.297319,0.093670,0.226254,0.304390,0.170030,0.121983,0.150192,0.325434,0.096959,0.205916,0.399721,0.381873,0.381995,0.302203,0.455235,0.208141,0.374139,0.275691,0.462964,0.464340,0.096192,0.104230,0.051905,0.096810,0.196279,0.127850,0.394016,0.262704,0.299162,0.224882,0.286592,0.430580,0.398012,0.222856,0.099966,0.737482,0.000000,0.232142,0.747411,0.449738,0.795383,0.029605,0.215093,0.134811,0.262184,0.064190,0.226696,0.036780,0.317684,0.143704,0.323796,0.159969,0.099436,0.254288,0.366273,0.145061,0.359600,0.202108,0.236811,0.100853,0.373833,0.090824,0.314433,0.043065,0.154770,0.132188,0.133631,0.276796,0.431096,0.072513,0.125325,0.346674,0.509760,0.323466,0.261814,0.501743,0.623846,-0.097295,0.140966,0.149428,0.478420,0.110271,0.444644,0.064908,0.397849,0.131461,0.041968,0.147292,0.321900
0.237777,0.214338,0.295952,0.155968,0.200795,0.093520,0.213729,0.142278,0.266830,0.157292,0.209995,0.145154,0.379624,0.118071,0.545672,0.175620,0.218351,0.224957,0.360675,0.150558,0.284589,0.389937,0.268137,0.230169,0.347878,0.357975,0.209885,0.329996,0.238543,-0.129742,0.405316,0.494205,0.130061,0.140617,0.238248,-0.060928,0.184953,0.232142,0.000000,0.398769,0.152634,0.002246,0.195229,0.188592,0.224509,0.324199,0.274046,0.298977,0.372842,0.457259,0.304546,0.317845,0.229072,0.531019,0.522114,0.702947,0.325505,0.277018,0.485953,0.536940,0.257630,0.276430,0.003698,0.291424,0.185386,0.298689,0.385599,0.296892,0.215857,0.196629,0.475097,0.472202,0.410938,0.251823,0.266358,0.155259,0.202120,0.351975,0.256121,0.058911,0.362428,0.214764,0.448649,0.009426,0.351816,0.338269,0.595658,0.554906,0.383255,0.390817
0.199290,0.293727,0.256934,0.317493,0.012143,0.181823,0.227877,0.176555,0.156820,0.141865,0.153218,0.191402,0.213018,0.263421,0.488874,0.304980,0.029865,0.298595,0.366595,0.330853,0.747740,0.303409,0.309920,0.215431,0.344603,0.329332,0.291303,0.249126,0.103717,0.121216,0.357554,0.321009,0.412152,0.287872,0.362187,-0.004368,0.464475,0.747411,0.398769,0.000000,0.370533,0.359731,0.192042,0.369110,0.189797,0.275916,0.315612,0.214508,0.240691,0.411073,0.359766,0.524043,0.352587,0.353877,0.443475,0.600181,0.133928,0.311502,0.218524,0.398515,0.183179,0.282416,0.118215,0.389262,0.185737,0.263278,0.308383,0.270833,0.320000,0.381171,0.132869,0.166267,0.245966,0.280892,0.185554,0.136013,0.456309,0.501588,-0.072739,0.149813,0.350811,0.703680,0.399561,0.411495,0.334331,0.602862,0.130683,0.276178,0.377166,0.431362
0.052647,0.118639,-0.090395,-0.025976,0.211001,-0.249689,-0.150950,-0.019069,0.216418,0.006127,-0.005350,0.138701,0.131797,0.021038,0.168332,0.322933,0.124587,0.367997,0.082142,0.052196,0.550138,0.195732,-0.035474,-0.091783,0.120318,0.084877,-0.016541,0.029185,0.357027,0.250654,0.085578,0.182010,0.186396,0.229695,0.180995,0.091058,0.491067,0.449738,0.152634,0.370533,0.000000,0.409128,0.076788,0.160345,0.041491,0.381683,0.033618,-0.087497,-0.033395,0.259095,0.040645,0.163106,-0.092002,0.053171,0.118972,0.222282,-0.067750,0.106478,-0.012396,0.094228,0.060615,0.168827,-0.075854,0.036777,0.196826,0.246628,0.099549,0.158551,0.029987,0.063150,0.081158,-0.004055,0.403231,0.442350,0.159856,0.102362,0.340188,0.384500,0.170362,0.263873,0.167748,0.369907,-0.062403,-0.118866,0.107393,0.155390,0.108756,0.374504,0.069707,0.017395
0.022649,0.102264,-0.194050,-0.075170,0.328875,-0.131263,-0.163095,-0.141278,0.306269,-0.158875,-0.020014,0.135874,0.237843,0.049996,-0.028768,0.211075,0.016136,0.368578,-0.002400,0.211902,0.157891,-0.021689,-0.147684,-0.221015,-0.138464,0.000986,-0.224760,0.264487,0.110586,0.207311,-0.125180,0.024003,0.156462,0.171900,0.096373,-0.044202,0.590853,0.795383,0.002246,0.359731,0.409128,0.000000,-0.280344,-0.131889,-0.154150,-0.050663,-0.283895,-0.171861,-0.275657,0.048429,-0.154356,0.072013,-0.182927,-0.085931,-0.078045,0.075236,-0.071722,0.108309,-0.059907,-0.049699,-0.159400,0.153902,-0.122771,0.040794,-0.082479,0.022629,-0.130800,-0.129152,-0.059689,0.117173,0.007362,-0.021704,0.248834,0.446658,0.059618,0.012930,0.310165,0.283357,-0.211654,0.078070,-0.119380,0.294425,-0.202710,0.191658,-0.150413,0.114220,0.092279,0.060854,-0.146087,0.048567
0.327432,0.283623,0.471098,0.561681,0.046581,0.545002,0.479080,0.652435,0.167953,0.481360,0.157529,0.041024,0.137449,0.222221,0.662171,0.150812,0.289365,-0.132493,0.568661,0.250781,0.347413,0.324251,0.457686,0.678097,0.443619,0.357777,0.880410,0.142130,0.202060,-0.242560,0.567675,0.365436,0.432868,0.361419,0.285371,0.459618,-0.191259,0.029605,0.195229,0.192042,0.076788,-0.280344,0.000000,1.458488,0.722054,0.831693,1.207848,0.778960,0.872341,0.575401,0.799938,0.398255,0.889371,0.473285,0.803391,0.439300,0.366453,0.283613,0.710637,0.704475,0.686323,0.375143,0.180482,0.324435,0.529358,0.535836,0.974769,0.925827,0.619363,0.367756,0.237298,0.268553,0.309156,-0.032827,0.434045,0.474291,0.368059,0.470984,0.389563,0.057991,0.435666,0.070660,0.512154,-0.020319,0.898753,0.203012,0.156691,0.080873,0.819580,0.452497
0.237058,0.215139,0.335469,0.478680,0.044840,0.414451,0.315318,0.510114,0.172817,0.322203,0.019680,0.007585,0.077182,0.158770,0.523711,0.059020,0.216371,-0.085950,0.539380,0.296229,0.442840,0.268368,0.360215,0.509839,0.382811,0.256267,0.701716,0.134612,0.154939,-0.275699,0.505797,0.326544,0.407184,0.291305,0.268402,0.380856,-0.046381,0.215093,0.188592,0.369110,0.160345,-0.131889,1.458488,0.000000,0.509501,0.691907,0.918909,0.845634,0.617346,0.460015,0.568830,0.346329,0.825289,0.427883,0.671703,0.403478,0.252171,0.215581,0.608502,0.646022,0.438338,0.343044,0.092861,0.216431,0.339111,0.404159,0.825345,0.873814,0.571874,0.417584,0.155883,0.162969,0.366056,0.088762,0.471775,0.392544,0.411275,0.521033,0.165416,0.009978,0.322254,0.083313,0.442193,0.020050,0.579379,0.205494,0.112616,0.087283,0.633291,0.364348
0.672724,0.669389,0.767939,0.773704,-0.103455,0.486819,0.746884,0.817942,0.036344,0.474325,0.496186,0.439359,0.322233,0.602995,0.685670,0.478335,0.380454,0.088066,0.796848,0.523199,0.186211,0.243561,0.731444,0.849540,0.368006,0.311739,0.669408,0.375052,0.146545,0.077673,0.595704,0.474366,0.544529,0.549374,0.287529,0.359944,-0.143022,0.134811,0.224509,0.189797,0.041491,-0.154150,0.722054,0.509501,0.000000,0.932933,0.846652,0.522436,1.112694,0.904972,1.032084,0.915566,0.623109,0.687254,0.793376,0.610112,0.700625,0.647988,0.685746,0.599377,0.889973,0.445689,0.383754,0.692845,0.579558,0.505319,0.779479,0.671276,0.781747,0.658793,0.352960,0.531502,0.159817,0.199577,0.490699,0.429031,0.389672,0.514113,0.436384,0.243435,0.419730,0.389455,0.433671,0.085832,0.917743,0.572118,0.211330,0.082041,0.665547,0.701627
0.618107,0.663851,0.507582,0.597817,0.018752,0.270325,0.512726,0.737411,0.161452,0.286187,0.393905,0.469722,0.346884,0.537099,0.661212,0.324697,0.506546,0.268262,0.640452,0.533070,0.376959,0.259348,0.446843,0.514441,0.244326,0.182949,0.574030,0.260171,0.355513,0.136366,0.579138,0.512191,0.551163,0.573152,0.208782,0.231127,0.039600,0.262184,0.324199,0.275916,0.381683,-0.050663,0.831693,0.691907,0.932933,0.000000,0.839611,0.584199,0.974243,1.204364,0.929114,0.823240,0.661612,0.699448,0.754359,0.622747,0.562362,0.659281,0.715515,0.743310,0.875068,0.594677,0.359656,0.686779,0.536591,0.651882,0.733016,0.773285,0.735064,0.602227,0.407174,0.436326,0.397009,0.343568,0.550306,0.425985,0.554102,0.642027,0.476731,0.301433,0.505845,0.450151,0.366382,-0.081389,0.792150,0.553528,0.141339,0.193928,0.605277,0.467093
0.525110,0.486953,0.698164,0.907289,-0.058339,0.685135,0.733897,0.874918,0.103014,0.579475,0.348144,0.176876,0.185031,0.430942,0.817278,0.185655,0.359588,-0.067008,0.692855,0.408775,0.376638,0.236877,0.650333,0.807730,0.474321,0.408246,0.965013,0.199488,0.149268,-0.136153,0.590904,0.335839,0.495381,0.445363,0.242670,0.322973,-0.180611,0.064190,0.274046,0.315612,0.033618,-0.283895,1.207848,0.918909,0.846652,0.839611,0.000000,0.843475,1.194956,0.754079,1.237695,0.678408,1.271634,0.577278,1.082267,0.571153,0.576063,0.493577,0.876891,0.978492,0.905088,0.492611,0.361963,0.611867,0.535185,0.642997,1.006116,0.960369,0.857605,0.594050,0.229387,0.331119,0.169398,-0.015322,0.445363,0.430734,0.400398,0.513819,0.336388,0.182514,0.583035,0.320112,0.599422,0.132185,1.168318,0.430512,0.154009,0.070153,0.982327,0.647209
0.623419,0.522365,0.594210,0.707216,0.004127,0.497983,0.573186,0.692568,0.102003,0.281950,0.307134,0.317026,0.326010,0.500887,0.568893,0.102888,0.561358,0.057782,0.744570,0.707653,0.229476,0.141052,0.495818,0.602815,0.243929,0.221442,0.653829,0.396688,0.279049,-0.144285,0.523973,0.429116,0.417022,0.364656,0.267034,0.457761,-0.057593,0.226696,0.298977,0.214508,-0.087497,-0.171861,0.778960,0.845634,0.522436,0.584199,0.843475,0.000000,0.643184,0.449978,0.606668,0.417791,1.172077,0.646667,0.789305,0.527296,0.626512,0.586115,1.016081,0.863699,0.561892,0.551349,0.438102,0.524802,0.287015,0.418732,0.975859,1.025788,0.976683,0.881927,0.172179,0.241399,0.198901,0.209474,0.652962,0.531845,0.326653,0.455043,0.179266,0.158476,0.396334,0.165946,0.550389,0.012020,0.517165,0.441661,0.261628,0.085048,0.670964,0.636060
0.772714,0.736566,0.674906,0.741554,-0.112344,0.520803,0.729327,0.877540,0.012183,0.390050,0.602020,0.392961,0.392716,0.655439,0.800300,0.305848,0.452219,0.093689,0.823842,0.501844,0.273892,0.362098,0.611961,0.767067,0.374307,0.283872,0.851254,0.358843,0.159035,-0.091435,0.655251,0.476070,0.559953,0.547743,0.228955,0.196974,-0.232888,0.036780,0.372842,0.240691,-0.033395,-0.275657,0.872341,0.617346,1.112694,0.974243,1.194956,0.643184,0.000000,1.024221,1.518972,0.949427,0.876456,0.745802,0.971895,0.664404,0.885473,0.744663,0.873369,0.977687,1.081084,0.578541,0.477404,0.900802,0.525397,0.648404,0.828451,0.754488,0.879295,0.647303,0.485909,0.602190,0.209245,0.090567,0.469421,0.382865,0.410438,0.502627,0.403106,0.151028,0.478528,0.408704,0.526918,0.031206,1.082089,0.674353,0.183716,0.154197,0.770636,0.693635
