0.000000,1.321410,0.708386,0.601702,0.545411,0.796143,0.924133,0.878436,0.585788,0.668204,1.148070,0.916413,0.949294,0.718760,0.893796,0.696891,0.602486,0.803118,0.963030,0.959046,0.176106,0.047409,0.313958,0.061957,0.643910,0.515951,0.727991,0.581333,0.339399,0.364593,0.256790,0.490928,0.686813,0.656188,0.158168,-0.047261,-0.359272,-0.174502,0.345475,-0.193925,0.385041,-0.001031,0.243950,0.601667,0.551664,0.682297,0.312141,0.421442,0.788439,0.686626,0.521921,0.272393,1.018047,0.741977,0.657585,0.557403,0.926174,0.957174,1.281797,0.840544,0.959334,0.783959,0.767129,0.708934,0.316361,0.129826,0.625443,0.401687,1.035701,1.048620,0.370023,0.454591,0.449027,0.567507,0.566158,0.518515,0.540237,0.302936,0.385683,0.053032,0.438693,0.352734,0.523440,0.421086,0.491235,0.136140,0.371395,0.366099,0.777716,0.569067
1.321410,0.000000,0.450929,0.643589,0.460278,0.737065,0.682434,0.875685,0.462750,0.659830,0.735509,0.747764,0.584773,0.629147,0.679670,0.624160,0.553806,0.876185,0.621441,0.966180,0.131744,0.002521,0.164562,0.065712,0.666686,0.671071,0.759644,0.789995,0.214939,0.380183,0.086925,0.386686,0.512407,0.560693,0.220812,0.104351,-0.399441,-0.114691,0.363790,-0.186374,0.384202,0.000315,0.175812,0.520492,0.577006,0.808265,0.420782,0.424969,0.657676,0.657730,0.319380,0.175532,1.254298,0.820732,0.772075,0.690513,1.040464,1.238095,1.136555,1.038488,0.549740,0.779912,0.677187,0.807259,0.080291,0.054292,0.808568,0.531432,1.391486,1.056837,0.544160,0.612314,0.418232,0.627467,0.638991,0.475012,0.543030,0.389735,0.383472,0.048781,0.542030,0.410974,0.470138,0.552898,0.459973,0.265218,0.559902,0.514615,0.659020,0.666869
0.708386,0.450929,0.000000,0.739486,0.529105,0.338410,1.049970,0.587745,0.352252,0.407434,0.564506,0.348336,0.633537,0.338408,0.527370,0.357269,0.039884,0.102900,0.849548,0.626728,-0.124891,-0.275757,0.792350,0.429849,0.238326,0.190213,0.292915,0.127396,-0.078828,-0.098836,0.042313,0.185911,0.335440,0.289460,0.319478,0.061768,-0.370515,-0.228479,-0.034378,-0.499362,-0.031837,-0.392312,-0.076911,0.057214,0.129519,0.157870,-0.065643,0.015745,0.451456,0.208133,0.531477,0.177920,0.393246,0.342491,0.156844,0.043163,0.185688,0.236669,0.443998,0.261317,0.663648,0.261264,0.188695,0.053920,0.256681,0.095136,0.436913,0.227097,0.365705,0.605369,0.121178,0.217358,0.158488,0.162557,0.220093,0.296724,0.655431,0.472049,-0.121524,-0.310757,-0.100240,-0.168439,0.049228,-0.091909,0.164898,-0.125971,-0.033521,-0.091809,0.342091,0.202262
0.601702,0.643589,0.739486,0.000000,0.629970,0.519979,0.963219,1.298700,0.198552,0.320461,0.477079,0.648994,0.445348,0.451877,0.376957,0.498179,0.027338,0.214337,0.711948,0.906017,-0.094069,-0.182803,0.601311,0.660986,0.290605,0.451711,0.391233,0.329310,-0.095462,0.033467,-0.001121,0.339839,0.355524,0.475870,0.515075,0.380801,-0.528716,-0.218966,0.021132,-0.388783,-0.006347,-0.341692,-0.212486,0.055461,0.263814,0.458491,-0.011441,0.024963,0.153137,0.281628,0.166285,0.167835,0.458996,0.302110,0.191752,0.179565,0.193287,0.296536,0.440145,0.631055,0.469092,0.720048,0.299254,0.336234,0.289226,0.521683,0.725996,0.709596,0.564237,0.716629,0.425766,0.519614,0.144870,0.350372,0.462280,0.252095,0.529062,0.542324,-0.050731,-0.380185,0.044792,-0.067193,0.081177,0.074353,0.254275,0.251193,0.124046,0.116187,0.324510,0.536759
0.545411,0.460278,0.529105,0.629970,0.000000,0.727949,0.753569,0.759109,0.514223,0.356452,0.408647,0.462698,0.419363,0.183118,0.297152,0.268053,0.167533,0.242744,0.388522,0.303910,0.075988,-0.013612,0.334821,0.128723,0.091328,0.167455,0.459560,0.215323,0.086235,0.144496,0.005759,0.083120,0.112257,0.164051,0.076450,0.170155,-0.248114,-0.208752,0.147937,-0.004553,0.123760,-0.116574,-0.023844,0.103412,0.023730,0.135776,0.018978,0.093454,0.292347,0.363443,0.234276,0.189362,0.367627,0.247250,0.408739,0.267955,0.154223,0.241328,0.549773,0.429047,0.660235,0.428202,0.367182,0.334047,0.244246,0.146452,0.180775,0.095740,0.357311,0.341607,0.348575,0.360004,0.094026,0.116110,0.493727,0.213160,0.315636,0.342922,0.002388,-0.121323,0.065444,0.104586,0.022919,0.147003,0.134457,0.009559,-0.090502,0.024959,0.514629,0.580546
0.796143,0.737065,0.338410,0.519979,0.727949,0.000000,0.594416,0.810399,0.534345,0.595854,0.658031,0.788289,0.532402,0.526509,0.692045,0.704114,0.569405,0.683455,0.497234,0.552510,0.384693,0.291572,0.160215,0.017727,0.601826,0.567486,0.832015,0.741017,0.418016,0.542050,0.285954,0.441444,0.434280,0.512618,0.019270,-0.017211,-0.292541,-0.016371,0.498171,0.076448,0.426939,0.096208,0.153257,0.449989,0.370288,0.503075,0.176987,0.346141,0.500025,0.631766,0.293970,0.269115,0.692823,0.508932,0.666613,0.597094,0.610828,0.619981,0.770107,0.771329,0.616364,0.689939,0.692111,0.715554,0.329278,0.285672,0.379254,0.390027,0.630124,0.673463,0.394039,0.459704,0.342166,0.417017,0.625137,0.272027,0.230702,0.162269,0.400931,0.172239,0.456410,0.415679,0.501212,0.455633,0.412592,0.264291,0.282938,0.367475,0.773521,0.790121
0.924133,0.682434,1.049970,0.963219,0.753569,0.594416,0.000000,1.159690,0.447354,0.522170,0.907114,0.756376,0.979546,0.639204,0.612462,0.617012,0.294269,0.424302,1.027678,0.960375,-0.060389,-0.154629,0.658796,0.447313,0.330178,0.355702,0.496967,0.341423,0.194609,0.223693,0.117910,0.408554,0.502892,0.533170,0.419799,0.198558,-0.460252,-0.227957,0.141776,-0.367221,0.163788,-0.182329,-0.062128,0.217410,0.382352,0.468436,0.006996,0.120919,0.406214,0.353385,0.416274,0.137115,0.561206,0.438465,0.310580,0.247056,0.329898,0.396587,0.703517,0.537216,0.876728,0.726888,0.600407,0.481615,0.427311,0.286699,0.644310,0.425930,0.648215,0.790542,0.410769,0.465519,0.325511,0.454308,0.407848,0.367814,0.572180,0.423064,0.079444,-0.206346,0.159339,0.073644,0.247181,0.191355,0.325858,0.118014,0.190951,0.173397,0.492695,0.407707
0.878436,0.875685,0.587745,1.298700,0.759109,0.810399,1.159690,0.000000,0.446929,0.471667,0.835035,1.148353,0.745865,0.742374,0.612062,0.759439,0.360691,0.552648,0.826303,1.040796,0.056795,-0.050923,0.440442,0.384118,0.475934,0.538356,0.662745,0.568055,0.212006,0.352015,0.174599,0.532156,0.527607,0.692308,0.414034,0.331516,-0.493917,-0.181040,0.219492,-0.243478,0.182209,-0.152747,-0.156820,0.193919,0.357000,0.575564,0.063111,0.133731,0.285575,0.462442,0.223089,0.127132,0.720548,0.507664,0.425461,0.421890,0.422403,0.487126,0.821166,1.001208,0.794558,1.255518,0.681242,0.745920,0.455953,0.509146,0.670452,0.680385,0.734430,0.896245,0.541387,0.590651,0.323781,0.534167,0.602199,0.330689,0.448885,0.410798,0.198119,-0.153517,0.294892,0.194322,0.324317,0.336298,0.379591,0.299831,0.288183,0.331457,0.553620,0.785843
0.585788,0.462750,0.352252,0.198552,0.514223,0.534345,0.447354,0.446929,0.000000,0.507998,0.581611,0.475980,0.635065,0.545710,0.710576,0.576327,0.616950,0.626939,0.471342,0.374550,0.304431,0.300396,0.123671,-0.065380,0.343981,0.247023,0.775125,0.396680,0.362131,0.423920,0.378577,0.418384,0.443259,0.402599,-0.057186,-0.154297,-0.010799,0.019483,0.381439,0.142457,0.380623,0.196409,0.298080,0.448906,0.226228,0.241009,0.060422,0.186936,0.581969,0.516971,0.537817,0.061823,0.495628,0.380824,0.575531,0.541464,0.627349,0.586280,0.584482,0.505710,0.718405,0.409767,0.634391,0.506057,0.381680,0.164316,0.118420,0.139816,0.493675,0.615083,0.113762,0.136549,0.275928,0.259834,0.238797,0.245924,0.075738,-0.082125,0.477986,0.332508,0.449093,0.474420,0.531163,0.455089,0.476224,0.253470,0.283107,0.362944,0.703355,0.536667
0.668204,0.659830,0.407434,0.320461,0.356452,0.595854,0.522170,0.471667,0.507998,0.000000,0.478134,0.423903,0.555907,0.438649,0.755744,0.676499,0.433531,0.560132,0.381618,0.505496,0.234758,0.223292,0.235016,0.071674,0.487511,0.451045,0.454861,0.627210,0.202256,0.276005,0.152706,0.322534,0.314086,0.325790,0.105422,0.014690,-0.116163,0.110094,0.382896,0.008273,0.510063,0.231480,0.257954,0.348412,0.376267,0.384320,0.218160,0.258911,0.685612,0.476874,0.484204,0.207585,0.657399,0.590765,0.686442,0.594141,0.662239,0.667637,0.591855,0.517337,0.385764,0.366194,0.516696,0.467145,0.133171,0.006044,0.410163,0.259630,0.739955,0.649949,0.433875,0.494535,0.368652,0.466948,0.376769,0.183497,0.325924,0.205498,0.297921,0.092809,0.445136,0.384386,0.473540,0.575382,0.485925,0.278745,0.434123,0.514409,0.610513,0.489170
1.148070,0.735509,0.564506,0.477079,0.408647,0.658031,0.907114,0.835035,0.581611,0.478134,0.000000,1.207659,1.525445,1.156446,1.045775,0.901970,0.816633,0.819129,1.230121,0.951393,0.271451,0.156554,0.477781,0.207234,0.670846,0.469960,0.700522,0.460419,0.673462,0.581164,0.572174,0.819016,0.928419,0.893323,0.237605,-0.047133,-0.168872,-0.062327,0.344235,-0.110396,0.435123,0.086713,0.171034,0.554711,0.553317,0.592040,0.126152,0.320495,0.530634,0.533098,0.561454,0.125339,0.698719,0.635631,0.444307,0.498328,0.680754,0.663711,0.929868,0.696210,0.973293,0.949281,0.917486,0.795748,0.766292,0.430828,0.448900,0.420304,0.707170,0.947970,0.191818,0.342480,0.515144,0.581850,0.372471,0.364837,0.289741,0.094505,0.535738,0.216047,0.519043,0.445387,0.723674,0.433115,0.678474,0.296327,0.408140,0.402579,0.670929,0.477881
0.916413,0.747764,0.348336,0.648994,0.462698,0.788289,0.756376,1.148353,0.475980,0.423903,1.207659,0.000000,0.945028,1.138473,0.788539,0.876171,0.687827,0.802906,0.859545,0.785077,0.350113,0.255034,0.253611,0.151734,0.724459,0.650976,0.779570,0.620059,0.612402,0.676606,0.522256,0.797675,0.714780,0.845624,0.239929,0.109849,-0.222672,-0.013261,0.403459,0.009238,0.376571,0.100904,0.009603,0.397138,0.410266,0.551358,0.069702,0.241648,0.384920,0.612068,0.375797,0.215052,0.664714,0.525981,0.475846,0.574387,0.574361,0.576200,0.879091,0.999398,0.891070,1.460734,0.888985,0.989561,0.742829,0.660256,0.428712,0.595430,0.616023,0.771575,0.322617,0.456945,0.453312,0.568639,0.475620,0.250321,0.178806,0.121685,0.519269,0.210337,0.537635,0.479077,0.697478,0.525077,0.629528,0.444180,0.470741,0.496949,0.747390,0.794605
0.949294,0.584773,0.633537,0.445348,0.419363,0.532402,0.979546,0.745865,0.635065,0.555907,1.525445,0.945028,0.000000,1.081400,1.055324,0.888846,0.719720,0.688837,1.164167,0.845595,0.295079,0.224506,0.625421,0.302639,0.615873,0.460800,0.558337,0.398296,0.620595,0.493537,0.549304,0.786149,0.810154,0.770800,0.339453,0.051610,-0.100534,-0.009727,0.369269,-0.063974,0.487131,0.177047,0.194965,0.515770,0.518176,0.511820,0.106969,0.311947,0.573174,0.513642,0.734084,0.140954,0.586333,0.629575,0.462740,0.489525,0.577911,0.566952,0.727971,0.538094,0.930305,0.764408,0.812712,0.658897,0.779071,0.450246,0.374168,0.320980,0.611994,0.823715,0.289495,0.418674,0.565894,0.532709,0.309997,0.296492,0.271633,0.084349,0.466272,0.187185,0.467804,0.439569,0.730507,0.488244,0.749396,0.348979,0.454619,0.436570,0.703140,0.440069
0.718760,0.629147,0.338408,0.451877,0.183118,0.526509,0.639204,0.742374,0.545710,0.438649,1.156446,1.138473,1.081400,0.000000,0.987991,1.234218,0.797090,0.831096,0.968134,0.950106,0.369208,0.295895,0.392379,0.351395,0.793084,0.600889,0.683914,0.522815,0.758809,0.775624,0.743464,1.136977,0.985121,1.062668,0.301893,0.042966,-0.107915,0.074057,0.434710,0.016961,0.482944,0.249587,0.135723,0.549538,0.666351,0.698151,0.048006,0.288414,0.396597,0.517288,0.522911,0.071232,0.612633,0.625766,0.430426,0.654568,0.667515,0.625980,0.664993,0.762653,0.620269,0.961265,1.027035,0.969604,0.843541,0.639435,0.522157,0.715495,0.671586,0.958008,0.257181,0.391709,0.580037,0.606553,0.279907,0.227659,0.098963,-0.048134,0.673273,0.322365,0.697357,0.605848,0.963884,0.651330,0.924131,0.730014,0.647249,0.666126,0.629672,0.613097
0.893796,0.679670,0.527370,0.376957,0.297152,0.692045,0.612462,0.612062,0.710576,0.755744,1.045775,0.788539,1.055324,0.987991,0.000000,1.342735,0.999706,0.935702,0.790975,0.781881,0.462430,0.399783,0.371512,0.153191,0.897215,0.615381,0.771616,0.689009,0.662827,0.670442,0.558075,0.731657,0.734540,0.674357,0.189496,-0.038434,0.055696,0.253274,0.714008,0.158405,0.743369,0.335921,0.388296,0.647967,0.566995,0.515400,0.282560,0.535285,0.729618,0.612673,0.816395,0.175670,0.818119,0.847323,0.786455,0.873431,0.897551,0.753528,0.730180,0.719623,0.674252,0.682201,0.899652,0.747592,0.568088,0.357291,0.424682,0.417863,0.782560,0.917217,0.220855,0.324699,0.605574,0.544658,0.388453,0.284973,0.293016,0.065625,0.777651,0.425944,0.826270,0.678621,1.034084,0.717985,1.009051,0.548183,0.605297,0.679977,0.934402,0.713128
0.696891,0.624160,0.357269,0.498179,0.268053,0.704114,0.617012,0.759439,0.576327,0.676499,0.901970,0.876171,0.888846,1.234218,1.342735,0.000000,0.814717,0.819309,0.786269,0.909362,0.491375,0.410087,0.451917,0.395576,0.836038,0.749539,0.738471,0.708492,0.698191,0.777370,0.673738,1.020835,0.846122,0.927687,0.348143,0.109220,-0.102214,0.166208,0.653976,0.128055,0.658128,0.276755,0.201128,0.542421,0.673776,0.647806,0.126478,0.401197,0.453136,0.484204,0.543291,0.085575,0.681039,0.758374,0.661562,0.827400,0.718500,0.610823,0.628766,0.759394,0.543634,0.801075,1.042448,0.917591,0.716758,0.548241,0.534733,0.688289,0.745662,0.952360,0.387488,0.445400,0.577998,0.576783,0.403071,0.221788,0.208524,0.055620,0.700543,0.317102,0.776838,0.631499,0.956507,0.800455,0.936302,0.777299,0.603283,0.830609,0.739881,0.790355
0.602486,0.553806,0.039884,0.027338,0.167533,0.569405,0.294269,0.360691,0.616950,0.433531,0.816633,0.687827,0.719720,0.797090,0.999706,0.814717,0.000000,1.534577,0.451456,0.447272,0.622033,0.585168,0.003056,-0.132974,0.801550,0.506106,0.778879,0.635388,1.176346,1.178743,0.600324,0.646596,0.607229,0.562631,0.014027,-0.135770,0.290471,0.392736,0.811558,0.444410,0.956305,0.602518,0.546352,0.821616,0.548404,0.457248,0.502160,0.745930,0.532144,0.559677,0.529099,0.029398,0.669107,0.729252,0.782066,1.041706,0.960399,0.785829,0.615399,0.633710,0.460874,0.648052,1.120843,1.073443,0.457274,0.227664,0.233106,0.253048,0.682085,0.584198,0.170332,0.220596,0.640123,0.517347,0.327173,0.190658,0.037882,-0.163610,1.500055,0.965541,1.490601,1.350278,1.155007,0.902634,0.963249,0.588410,0.692045,0.723214,0.831125,0.575363
0.803118,0.876185,0.102900,0.214337,0.242744,0.683455,0.424302,0.552648,0.626939,0.560132,0.819129,0.802906,0.688837,0.831096,0.935702,0.819309,1.534577,0.000000,0.473145,0.622218,0.441885,0.433439,-0.021294,-0.113037,0.819012,0.574213,0.851631,0.761317,0.823558,1.039439,0.423726,0.586008,0.594597,0.593385,0.060281,-0.072333,0.086212,0.286002,0.701278,0.257613,0.803859,0.446867,0.442883,0.796756,0.662138,0.672561,0.556680,0.674293,0.609038,0.662456,0.460786,0.074285,0.968170,0.829145,0.900703,1.079767,1.224984,1.108234,0.833479,0.929674,0.526426,0.834686,1.167083,1.335922,0.326016,0.182617,0.461550,0.412545,1.008470,0.777328,0.333043,0.362166,0.620935,0.662306,0.447894,0.313766,0.173142,-0.013314,1.147705,0.701279,1.344143,1.146674,0.940109,0.916525,0.847156,0.560466,0.733828,0.739382,0.839289,0.668384
0.963030,0.621441,0.849548,0.711948,0.388522,0.497234,1.027678,0.826303,0.471342,0.381618,1.230121,0.859545,1.164167,0.968134,0.790975,0.786269,0.451456,0.473145,0.000000,1.159369,0.117168,0.035342,0.792995,0.523167,0.510376,0.407084,0.528464,0.293183,0.396198,0.307678,0.528029,0.832172,1.037664,0.996746,0.384132,0.027932,-0.307382,-0.231513,0.126454,-0.290950,0.190439,-0.091309,0.102066,0.424758,0.507220,0.522563,-0.027430,0.183348,0.420709,0.379954,0.515814,0.049970,0.508750,0.494817,0.223489,0.300784,0.447783,0.457966,0.678477,0.511067,0.849869,0.692835,0.657870,0.525080,0.778592,0.478893,0.523305,0.491352,0.583073,1.003740,0.178944,0.346595,0.470064,0.456989,0.298463,0.327374,0.363664,0.160981,0.309085,-0.007305,0.272193,0.222535,0.508135,0.219856,0.518483,0.233773,0.245108,0.217000,0.492520,0.352634
0.959046,0.966180,0.626728,0.906017,0.303910,0.552510,0.960375,1.040796,0.374550,0.505496,0.951393,0.785077,0.845595,0.950106,0.781881,0.909362,0.447272,0.622218,1.159369,0.000000,-0.001251,-0.082398,0.623170,0.567632,0.579796,0.564129,0.536662,0.544845,0.255101,0.352595,0.271581,0.742032,0.899336,0.964869,0.526603,0.170130,-0.445648,-0.175733,0.148737,-0.431582,0.235968,-0.112448,0.012395,0.402031,0.762044,0.957485,0.159998,0.253777,0.332313,0.328938,0.274568,-0.032089,0.841841,0.667521,0.341798,0.404223,0.611536,0.634508,0.726523,0.710875,0.518691,0.877599,0.709361,0.700012,0.394858,0.335480,1.050528,0.776268,1.053715,1.342072,0.406596,0.575449,0.508039,0.696544,0.423201,0.494343,0.548543,0.355236,0.312939,-0.129769,0.400970,0.212733,0.448479,0.348105,0.518174,0.368783,0.430837,0.411642,0.366838,0.400410
0.176106,0.131744,-0.124891,-0.094069,0.075988,0.384693,-0.060389,0.056795,0.304431,0.234758,0.271451,0.350113,0.295079,0.369208,0.462430,0.491375,0.622033,0.441885,0.117168,-0.001251,0.000000,1.005885,0.010326,-0.056594,0.647447,0.498993,0.452445,0.394172,0.750258,0.658022,0.761840,0.534633,0.331167,0.330845,0.029268,0.067203,0.323455,0.338225,0.687685,0.690827,0.716139,0.577148,0.373091,0.438813,0.259467,0.150661,0.169142,0.336281,0.352471,0.390251,0.430039,0.265431,0.149166,0.244347,0.566754,0.681449,0.440480,0.357792,0.216376,0.284249,0.192534,0.219924,0.387643,0.426350,0.486878,0.444125,-0.080645,0.145535,0.133174,0.186106,0.207469,0.252216,0.419065,0.140063,0.249854,-0.182057,-0.244505,-0.295011,0.615333,0.682363,0.604124,0.733446,0.749952,0.702140,0.642248,0.551674,0.444887,0.605722,0.609578,0.529706
0.047409,0.002521,-0.275757,-0.182803,-0.013612,0.291572,-0.154629,-0.050923,0.300396,0.223292,0.156554,0.255034,0.224506,0.295895,0.399783,0.410087,0.585168,0.433439,0.035342,-0.082398,1.005885,0.000000,-0.099417,-0.109848,0.460490,0.363071,0.352643,0.338111,0.690475,0.629290,0.662149,0.488145,0.272528,0.247386,-0.097952,-0.030474,0.471279,0.477871,0.800084,0.982837,0.726226,0.903398,0.539214,0.548006,0.214350,0.083438,0.208601,0.424620,0.338054,0.434128,0.435502,0.276734,0.073802,0.224353,0.533542,0.712332,0.365860,0.270641,0.060182,0.172185,0.068858,0.159096,0.371491,0.388177,0.402089,0.415697,-0.187900,0.082928,0.055073,0.067838,0.158673,0.172292,0.379037,0.209705,0.133237,-0.183001,-0.337876,-0.400195,0.724747,0.782431,0.652552,0.785012,0.808037,0.740657,0.695046,0.665205,0.435978,0.604979,0.602181,0.459330
0.313958,0.164562,0.792350,0.601311,0.334821,0.160215,0.658796,0.440442,0.123671,0.235016,0.477781,0.253611,0.625421,0.392379,0.371512,0.451917,0.003056,-0.021294,0.792995,0.623170,0.010326,-0.099417,0.000000,1.200243,0.145090,0.224587,0.039925,-0.025958,0.081559,-0.007264,0.308567,0.454076,0.499845,0.503827,0.537943,0.235200,-0.286130,-0.209408,-0.132264,-0.419024,-0.001356,-0.287464,-0.183608,0.012633,0.236969,0.215328,-0.216356,-0.037524,0.129777,0.014348,0.327254,-0.007210,0.186052,0.329076,-0.010346,-0.020783,-0.028396,-0.005533,0.121332,0.045096,0.270058,0.174123,0.177478,0.060969,0.520062,0.324101,0.312669,0.265684,0.185807,0.486425,0.245956,0.319724,0.235558,0.204695,0.144195,0.260826,0.321572,0.275763,-0.078001,-0.312557,-0.081388,-0.126413,0.065957,-0.021833,0.224186,0.083432,-0.067416,0.021140,0.054884,0.045153
0.061957,0.065712,0.429849,0.660986,0.128723,0.017727,0.447313,0.384118,-0.065380,0.071674,0.207234,0.151734,0.302639,0.351395,0.153191,0.395576,-0.132974,-0.113037,0.523167,0.567632,-0.056594,-0.109848,1.200243,0.000000,0.071208,0.283133,-0.066769,-0.063394,0.011343,0.015922,0.258796,0.491148,0.437041,0.516664,0.656299,0.405399,-0.365146,-0.174865,-0.136351,-0.375271,-0.056931,-0.285177,-0.250715,-0.028874,0.339421,0.333787,-0.284739,-0.099876,-0.054545,-0.029821,0.126712,0.034269,0.065667,0.167193,-0.118785,-0.056704,-0.131607,-0.111654,-0.085534,0.012950,0.001438,0.153866,0.118151,0.050734,0.450457,0.493746,0.449820,0.560967,0.127737,0.388564,0.296382,0.291168,0.118437,0.178692,0.052527,0.125086,0.151228,0.212765,-0.125543,-0.376091,-0.097534,-0.180242,0.030240,-0.010975,0.178561,0.294970,-0.005551,0.115935,-0.110097,0.044078
0.643910,0.666686,0.238326,0.290605,0.091328,0.601826,0.330178,0.475934,0.343981,0.487511,0.670846,0.724459,0.615873,0.793084,0.897215,0.836038,0.801550,0.819012,0.510376,0.579796,0.647447,0.460490,0.145090,0.071208,0.000000,0.979499,0.643484,0.819184,0.679779,0.755416,0.568502,0.712880,0.615941,0.655162,0.266262,0.126092,-0.048224,0.253516,0.709104,0.173146,0.615480,0.307576,0.219498,0.529752,0.575270,0.559135,0.313937,0.500944,0.528971,0.562464,0.543183,0.230236,0.647836,0.642300,0.643839,0.732340,0.840342,0.741076,0.636824,0.710204,0.403154,0.645928,0.663722,0.749758,0.442815,0.428793,0.483761,0.568239,0.605187,0.692507,0.351259,0.485821,0.596788,0.506779,0.432729,0.148636,0.105715,-0.015600,0.724098,0.438161,0.833589,0.722512,0.949665,0.771370,0.805434,0.635715,0.785307,0.762160,0.691747,0.638953
0.515951,0.671071,0.190213,0.451711,0.167455,0.567486,0.355702,0.538356,0.247023,0.451045,0.469960,0.650976,0.460800,0.600889,0.615381,0.749539,0.506106,0.574213,0.407084,0.564129,0.498993,0.363071,0.224587,0.283133,0.979499,0.000000,0.560360,0.905420,0.412775,0.568316,0.339017,0.621882,0.441728,0.552355,0.436690,0.333092,-0.209296,0.220817,0.572605,0.067794,0.465738,0.119372,0.089530,0.371232,0.509083,0.582834,0.228626,0.388015,0.416410,0.496839,0.359815,0.238105,0.562175,0.565420,0.584647,0.601246,0.601432,0.603732,0.406742,0.603108,0.206937,0.550758,0.493602,0.594481,0.294313,0.424590,0.547300,0.632976,0.596643,0.596822,0.656174,0.706554,0.384540,0.374521,0.467764,0.159183,0.163452,0.184748,0.456439,0.235238,0.578333,0.483683,0.646516,0.745177,0.587925,0.596208,0.800279,0.865425,0.521603,0.586251
0.727991,0.759644,0.292915,0.391233,0.459560,0.832015,0.496967,0.662745,0.775125,0.454861,0.700522,0.779570,0.558337,0.683914,0.771616,0.738471,0.778879,0.851631,0.528464,0.536662,0.452445,0.352643,0.039925,-0.066769,0.643484,0.560360,0.000000,0.845474,0.466566,0.580894,0.328873,0.486931,0.423417,0.471014,0.014073,-0.094423,-0.039314,0.091061,0.508337,0.189091,0.497087,0.215887,0.216914,0.408522,0.304418,0.351104,0.186163,0.301761,0.411776,0.488565,0.363032,0.042035,0.594278,0.412985,0.608765,0.705979,0.778019,0.810816,0.726604,0.832069,0.629524,0.732080,0.753007,0.803939,0.371311,0.309555,0.326316,0.361683,0.702848,0.712855,0.231429,0.322372,0.264190,0.299098,0.421530,0.193939,0.171846,0.018154,0.556904,0.384759,0.624164,0.584039,0.687611,0.533586,0.627751,0.423942,0.570778,0.471954,0.878749,0.833651
0.581333,0.789995,0.127396,0.329310,0.215323,0.741017,0.341423,0.568055,0.396680,0.627210,0.460419,0.620059,0.398296,0.522815,0.689009,0.708492,0.635388,0.761317,0.293183,0.544845,0.394172,0.338111,-0.025958,-0.063394,0.819184,0.905420,0.845474,0.000000,0.337470,0.550313,0.138158,0.390118,0.264387,0.354252,0.197798,0.154069,-0.095680,0.282268,0.587980,0.136773,0.564172,0.279393,0.141095,0.328740,0.405061,0.505860,0.343399,0.415872,0.432822,0.461935,0.221118,0.034971,0.691352,0.544050,0.674541,0.745167,0.777777,0.769246,0.596071,0.768982,0.239760,0.636205,0.540397,0.696838,0.075971,0.168353,0.508504,0.458264,0.754897,0.606605,0.562330,0.617109,0.478291,0.498557,0.515555,0.201893,0.243008,0.160853,0.512937,0.276029,0.696684,0.569957,0.640425,0.842456,0.556748,0.463223,0.920684,0.820728,0.630279,0.679182
0.339399,0.214939,-0.078828,-0.095462,0.086235,0.418016,0.194609,0.212006,0.362131,0.202256,0.673462,0.612402,0.620595,0.758809,0.662827,0.698191,1.176346,0.823558,0.396198,0.255101,0.750258,0.690475,0.081559,0.011343,0.679779,0.412775,0.466566,0.337470,0.000000,1.461996,1.008240,0.836106,0.686829,0.658543,0.002753,-0.123668,0.213113,0.268438,0.721821,0.511467,0.748012,0.591138,0.368572,0.692904,0.499719,0.360090,0.173330,0.527623,0.317561,0.448910,0.437039,0.108920,0.334612,0.453482,0.476175,0.671075,0.522703,0.383544,0.387926,0.352968,0.388526,0.476171,0.948568,0.842967,0.768578,0.425847,0.071210,0.250522,0.271624,0.337779,0.102019,0.142689,0.610551,0.394101,0.224556,0.063331,-0.246601,-0.366778,1.086568,0.848928,0.912770,0.969801,1.020041,0.719092,0.724183,0.567064,0.449080,0.606238,0.568696,0.417997
0.364593,0.380183,-0.098836,0.033467,0.144496,0.542050,0.223693,0.352015,0.423920,0.276005,0.581164,0.676606,0.493537,0.775624,0.670442,0.777370,1.178743,1.039439,0.307678,0.352595,0.658022,0.629290,-0.007264,0.015922,0.755416,0.568316,0.580894,0.550313,1.461996,0.000000,0.726793,0.748549,0.587292,0.628870,0.030554,-0.007283,0.108062,0.332334,0.772110,0.438990,0.705200,0.501656,0.291496,0.656228,0.555371,0.496230,0.250807,0.544175,0.314241,0.491976,0.316752,0.078274,0.532610,0.541356,0.610884,0.814273,0.626909,0.495935,0.456854,0.548113,0.313683,0.614652,1.039650,1.064789,0.547555,0.371614,0.244823,0.422699,0.444955,0.439163,0.249125,0.263374,0.587601,0.491671,0.305970,0.145950,-0.184150,-0.222928,1.130088,0.801056,1.105235,1.050490,0.955302,0.877863,0.727452,0.705675,0.567378,0.773727,0.571440,0.563794
0.256790,0.086925,0.042313,-0.001121,0.005759,0.285954,0.117910,0.174599,0.378577,0.152706,0.572174,0.522256,0.549304,0.743464,0.558075,0.673738,0.600324,0.423726,0.528029,0.271581,0.761840,0.662149,0.308567,0.258796,0.568502,0.339017,0.328873,0.138158,1.008240,0.726793,0.000000,1.337069,1.041462,1.001781,0.099251,-0.109297,0.092371,0.055718,0.369923,0.309543,0.412523,0.326994,0.197644,0.469100,0.389900,0.262943,-0.169015,0.151801,0.288902,0.380010,0.478943,0.185679,0.180534,0.327651,0.274108,0.455756,0.372692,0.247540,0.297335,0.271253,0.411100,0.355308,0.566499,0.519391,1.119469,0.662583,0.015908,0.358722,0.074106,0.422712,-0.011701,0.071766,0.481549,0.303742,0.106246,0.017515,-0.317917,-0.439563,0.660508,0.516533,0.477916,0.556153,0.808677,0.451662,0.569032,0.493518,0.237880,0.429676,0.440805,0.351310
0.490928,0.386686,0.185911,0.339839,0.083120,0.441444,0.408554,0.532156,0.418384,0.322534,0.819016,0.797675,0.786149,1.136977,0.731657,1.020835,0.646596,0.586008,0.832172,0.742032,0.534633,0.488145,0.454076,0.491148,0.712880,0.621882,0.486931,0.390118,0.836106,0.748549,1.337069,0.000000,1.471428,1.671137,0.342231,0.062339,-0.152347,-0.027345,0.377450,0.076191,0.438560,0.224427,0.122266,0.514037,0.674415,0.624445,-0.083746,0.191294,0.318014,0.441086,0.426103,0.133360,0.401178,0.476928,0.347097,0.541196,0.547055,0.451525,0.465289,0.497076,0.464011,0.680631,0.775649,0.765997,1.054522,0.777030,0.403363,0.718416,0.404004,0.817129,0.256396,0.372022,0.568546,0.541315,0.257511,0.175514,-0.096319,-0.214549,0.644193,0.297154,0.553581,0.516034,0.902793,0.577214,0.706247,0.648877,0.458531,0.618040,0.491588,0.461291
0.686813,0.512407,0.335440,0.355524,0.112257,0.434280,0.502892,0.527607,0.443259,0.314086,0.928419,0.714780,0.810154,0.985121,0.734540,0.846122,0.607229,0.594597,1.037664,0.899336,0.331167,0.272528,0.499845,0.437041,0.615941,0.441728,0.423417,0.264387,0.686829,0.587292,1.041462,1.471428,0.000000,1.871540,0.258292,-0.081865,-0.272837,-0.208707,0.235279,-0.104962,0.309574,0.086231,0.179975,0.610140,0.787670,0.723420,-0.048856,0.203580,0.450402,0.452744,0.470594,0.139682,0.535750,0.520717,0.314993,0.445738,0.617722,0.524220,0.617217,0.504009,0.596397,0.623292,0.797558,0.727564,0.856735,0.489638,0.510453,0.685004,0.502661,1.012714,0.131755,0.233954,0.529084,0.571486,0.253086,0.336123,0.037856,-0.157241,0.566948,0.187588,0.463414,0.404918,0.732150,0.395148,0.557641,0.394828,0.267365,0.396960,0.453794,0.338485
0.656188,0.560693,0.289460,0.475870,0.164051,0.512618,0.533170,0.692308,0.402599,0.325790,0.893323,0.845624,0.770800,1.062668,0.674357,0.927687,0.562631,0.593385,0.996746,0.964869,0.330845,0.247386,0.503827,0.516664,0.655162,0.552355,0.471014,0.354252,0.658543,0.628870,1.001781,1.671137,1.871540,0.000000,0.354978,0.059246,-0.365378,-0.223214,0.236640,-0.142585,0.271391,0.026943,0.042094,0.484639,0.750878,0.775166,-0.092225,0.149801,0.351223,0.439296,0.344630,0.115340,0.562897,0.546535,0.321695,0.458681,0.584494,0.508338,0.645791,0.597274,0.577907,0.766872,0.819413,0.825421,0.888644,0.609770,0.565742,0.812872,0.521392,1.047752,0.266865,0.353633,0.516287,0.637106,0.331098,0.349703,0.027934,-0.101518,0.526880,0.121309,0.455940,0.383424,0.703915,0.432113,0.518923,0.445057,0.329685,0.473586,0.432345,0.422920
0.158168,0.220812,0.319478,0.515075,0.076450,0.019270,0.419799,0.414034,-0.057186,0.105422,0.237605,0.239929,0.339453,0.301893,0.189496,0.348143,0.014027,0.060281,0.384132,0.526603,0.029268,-0.097952,0.537943,0.656299,0.266262,0.436690,0.014073,0.197798,0.002753,0.030554,0.099251,0.342231,0.258292,0.354978,0.000000,0.840195,-0.167322,0.094797,0.051243,-0.277906,0.089806,-0.148095,-0.169785,-0.039182,0.398395,0.382045,0.060705,0.014393,0.037854,-0.035657,0.161899,-0.059131,0.182516,0.212024,0.100010,0.077280,0.022974,0.050708,0.082679,0.144987,0.080014,0.302193,0.100921,0.149312,0.248338,0.370068,0.537067,0.419497,0.269733,0.286776,0.524005,0.672802,0.350832,0.351301,0.302405,0.157626,0.466659,0.510579,-0.014115,-0.201338,0.087674,-0.023724,0.091847,0.226447,0.222066,0.286481,0.343217,0.370285,0.048068,0.096628
-0.047261,0.104351,0.061768,0.380801,0.170155,-0.017211,0.198558,0.331516,-0.154297,0.014690,-0.047133,0.109849,0.051610,0.042966,-0.038434,0.109220,-0.135770,-0.072333,0.027932,0.170130,0.067203,-0.030474,0.235200,0.405399,0.126092,0.333092,-0.094423,0.154069,-0.123668,-0.007283,-0.109297,0.062339,-0.081865,0.059246,0.840195,0.000000,-0.164056,0.061169,0.104577,-0.053200,0.046344,-0.075676,-0.243073,-0.170502,0.112698,0.192707,0.066936,0.001643,-0.089406,0.019223,-0.039830,0.058733,0.044036,0.090558,0.134655,0.091182,-0.184642,-0.125174,-0.024218,0.093143,-0.083577,0.185929,-0.014212,0.048847,0.073746,0.281658,0.264929,0.243554,0.065183,-0.042654,0.662825,0.581561,0.208332,0.186197,0.263668,-0.049149,0.280304,0.467916,-0.162639,-0.238328,-0.009807,-0.056994,-0.077652,0.205654,0.068527,0.251326,0.223613,0.288693,-0.003532,0.217497
-0.359272,-0.399441,-0.370515,-0.528716,-0.248114,-0.292541,-0.460252,-0.493917,-0.010799,-0.116163,-0.168872,-0.222672,-0.100534,-0.107915,0.055696,-0.102214,0.290471,0.086212,-0.307382,-0.445648,0.323455,0.471279,-0.286130,-0.365146,-0.048224,-0.209296,-0.039314,-0.095680,0.213113,0.108062,0.092371,-0.152347,-0.272837,-0.365378,-0.167322,-0.164056,0.000000,0.840159,0.207304,0.810000,0.431600,0.700042,0.534486,0.137291,-0.216036,-0.414669,0.364656,0.320482,-0.047371,-0.096473,0.205681,-0.120721,-0.237629,-0.035050,0.088047,0.250404,-0.075518,-0.138142,-0.365873,-0.199459,-0.249367,-0.194592,-0.077461,-0.088585,-0.046028,-0.042696,-0.518158,-0.446046,-0.214081,-0.431958,-0.331055,-0.233686,0.134194,-0.129693,-0.253173,-0.329049,-0.130385,-0.198318,0.362637,0.664546,0.347772,0.432115,0.191137,0.193904,0.336616,0.253893,0.162683,0.094337,0.095884,-0.032479
-0.174502,-0.114691,-0.228479,-0.218966,-0.208752,-0.016371,-0.227957,-0.181040,0.019483,0.110094,-0.062327,-0.013261,-0.009727,0.074057,0.253274,0.166208,0.392736,0.286002,-0.231513,-0.175733,0.338225,0.477871,-0.209408,-0.174865,0.253516,0.220817,0.091061,0.282268,0.268438,0.332334,0.055718,-0.027345,-0.208707,-0.223214,0.094797,0.061169,0.840159,0.000000,0.472172,0.631492,0.598781,0.575653,0.444041,0.227124,0.066864,-0.070679,0.441737,0.464145,0.145916,0.132460,0.266859,0.042992,0.029212,0.126892,0.303008,0.395498,0.107213,0.046366,-0.219422,0.073547,-0.251148,0.014218,0.086735,0.092534,-0.075042,0.086276,-0.089182,-0.002227,0.054039,-0.159534,0.039187,0.041409,0.284865,0.063030,0.004602,-0.191804,0.012528,0.049859,0.453254,0.664247,0.556656,0.512812,0.358260,0.483925,0.485021,0.510265,0.483045,0.443435,0.220777,0.201451
0.345475,0.363790,-0.034378,0.021132,0.147937,0.498171,0.141776,0.219492,0.381439,0.382896,0.344235,0.403459,0.369269,0.434710,0.714008,0.653976,0.811558,0.701278,0.126454,0.148737,0.687685,0.800084,-0.132264,-0.136351,0.709104,0.572605,0.508337,0.587980,0.721821,0.772110,0.369923,0.377450,0.235279,0.236640,0.051243,0.104577,0.207304,0.472172,0.000000,0.738534,0.931265,0.744362,0.524311,0.663351,0.431317,0.342300,0.391148,0.675212,0.554886,0.625617,0.529322,0.327978,0.411794,0.458484,0.941240,0.951495,0.654332,0.543174,0.369885,0.429211,0.230032,0.340643,0.620629,0.580261,0.267673,0.265237,0.140172,0.219310,0.422897,0.258364,0.347949,0.294176,0.504786,0.376480,0.385758,0.008485,-0.043250,-0.095752,0.802438,0.692867,0.906359,0.849120,0.943864,0.951051,0.744815,0.644124,0.674166,0.826885,0.820364,0.703536
-0.193925,-0.186374,-0.499362,-0.388783,-0.004553,0.076448,-0.367221,-0.243478,0.142457,0.008273,-0.110396,0.009238,-0.063974,0.016961,0.158405,0.128055,0.444410,0.257613,-0.290950,-0.431582,0.690827,0.982837,-0.419024,-0.375271,0.173146,0.067794,0.189091,0.136773,0.511467,0.438990,0.309543,0.076191,-0.104962,-0.142585,-0.277906,-0.053200,0.810000,0.631492,0.738534,0.000000,0.647543,1.062321,0.660510,0.411546,-0.021459,-0.164756,0.350461,0.525089,0.176108,0.326766,0.307424,0.223108,-0.083318,0.041649,0.477980,0.631933,0.147036,0.081595,-0.086814,0.080733,-0.077233,-0.012821,0.204667,0.209518,0.157034,0.208371,-0.404094,-0.134893,-0.109741,-0.291753,-0.034147,-0.087911,0.182636,-0.053517,0.034938,-0.417662,-0.395341,-0.375336,0.581664,0.885361,0.568956,0.752764,0.514597,0.582673,0.482786,0.555510,0.299508,0.405481,0.507123,0.446425
0.385041,0.384202,-0.031837,-0.006347,0.123760,0.426939,0.163788,0.182209,0.380623,0.510063,0.435123,0.376571,0.487131,0.482944,0.743369,0.658128,0.956305,0.803859,0.190439,0.235968,0.716139,0.726226,-0.001356,-0.056931,0.615480,0.465738,0.497087,0.564172,0.748012,0.705200,0.412523,0.438560,0.309574,0.271391,0.089806,0.046344,0.431600,0.598781,0.931265,0.647543,0.000000,0.857456,0.660856,0.732146,0.483657,0.353885,0.549487,0.761896,0.547297,0.550545,0.593147,0.255608,0.431094,0.542496,0.856399,0.985572,0.647496,0.554029,0.311166,0.402843,0.205261,0.377508,0.683899,0.627304,0.256897,0.216533,0.170204,0.196549,0.502625,0.290688,0.328916,0.333366,0.612352,0.409181,0.264650,0.028847,0.111674,-0.010113,0.807934,0.664266,1.004634,0.914752,0.882017,1.083118,1.006479,0.703065,0.730659,0.869439,0.737297,0.592750
-0.001031,0.000315,-0.392312,-0.341692,-0.116574,0.096208,-0.182329,-0.152747,0.196409,0.231480,0.086713,0.100904,0.177047,0.249587,0.335921,0.276755,0.602518,0.446867,-0.091309,-0.112448,0.577148,0.903398,-0.287464,-0.285177,0.307576,0.119372,0.215887,0.279393,0.591138,0.501656,0.326994,0.224427,0.086231,0.026943,-0.148095,-0.075676,0.700042,0.575653,0.744362,1.062321,0.857456,0.000000,0.678369,0.541185,0.221663,0.088317,0.378484,0.552520,0.277837,0.321449,0.362184,0.094708,0.080671,0.182438,0.472366,0.697241,0.351461,0.252483,0.047048,0.110458,-0.058559,0.092556,0.382867,0.371196,0.120733,0.122193,-0.151707,-0.043077,0.131563,-0.044183,0.103411,0.135616,0.370414,0.226637,0.049293,-0.221840,-0.279257,-0.370211,0.677910,0.729570,0.773796,0.877505,0.699464,0.797802,0.661829,0.636974,0.540268,0.622068,0.477589,0.308286
0.243950,0.175812,-0.076911,-0.212486,-0.023844,0.153257,-0.062128,-0.156820,0.298080,0.257954,0.171034,0.009603,0.194965,0.135723,0.388296,0.201128,0.546352,0.442883,0.102066,0.012395,0.373091,0.539214,-0.183608,-0.250715,0.219498,0.089530,0.216914,0.141095,0.368572,0.291496,0.197644,0.122266,0.179975,0.042094,-0.169785,-0.243073,0.534486,0.444041,0.524311,0.660510,0.660856,0.678369,0.000000,1.126602,0.406591,0.230987,0.730295,0.891037,0.661217,0.541547,0.574484,0.265475,0.231112,0.234843,0.560591,0.579147,0.487731,0.424137,0.130479,0.136292,0.069206,-0.009883,0.317470,0.202538,0.049638,-0.028310,0.013822,-0.046882,0.324304,0.093459,-0.042675,-0.037360,0.311255,0.122462,0.020080,0.038271,0.029822,-0.148805,0.550311,0.614830,0.592323,0.641943,0.524210,0.464569,0.550151,0.382035,0.354172,0.333908,0.531943,0.233321
0.601667,0.520492,0.057214,0.055461,0.103412,0.449989,0.217410,0.193919,0.448906,0.348412,0.554711,0.397138,0.515770,0.549538,0.647967,0.542421,0.821616,0.796756,0.424758,0.402031,0.438813,0.548006,0.012633,-0.028874,0.529752,0.371232,0.408522,0.328740,0.692904,0.656228,0.469100,0.514037,0.610140,0.484639,-0.039182,-0.170502,0.137291,0.227124,0.663351,0.411546,0.732146,0.541185,1.126602,0.000000,0.795562,0.697748,0.600653,0.999167,0.805966,0.886976,0.658723,0.387309,0.588748,0.558552,0.727664,0.790959,0.818272,0.731881,0.463426,0.447530,0.310443,0.360579,0.692351,0.579405,0.318612,0.203508,0.318241,0.301606,0.631762,0.471021,0.120202,0.155750,0.526430,0.427588,0.228424,0.251138,0.063014,-0.113568,0.804730,0.559256,0.826312,0.767677,0.867835,0.670080,0.786193,0.546242,0.509821,0.554305,0.683573,0.423739
0.551664,0.577006,0.129519,0.263814,0.023730,0.370288,0.382352,0.357000,0.226228,0.376267,0.553317,0.410266,0.518176,0.666351,0.566995,0.673776,0.548404,0.662138,0.507220,0.762044,0.259467,0.214350,0.236969,0.339421,0.575270,0.509083,0.304418,0.405061,0.499719,0.555371,0.389900,0.674415,0.787670,0.750878,0.398395,0.112698,-0.216036,0.066864,0.431317,-0.021459,0.483657,0.221663,0.406591,0.795562,0.000000,1.597323,0.331786,0.474034,0.559284,0.517773,0.401534,0.215214,0.583542,0.414202,0.474572,0.512786,0.744811,0.690656,0.537629,0.451022,0.205468,0.444304,0.676155,0.639775,0.336203,0.270464,0.984624,0.767310,0.835551,0.733605,0.388477,0.420124,0.509393,0.589442,0.306532,0.416163,0.167750,0.013950,0.508672,0.196869,0.627518,0.480172,0.638653,0.595988,0.633784,0.561316,0.581113,0.623267,0.379653,0.254192
0.682297,0.808265,0.157870,0.458491,0.135776,0.503075,0.468436,0.575564,0.241009,0.384320,0.592040,0.551358,0.511820,0.698151,0.515400,0.647806,0.457248,0.672561,0.522563,0.957485,0.150661,0.083438,0.215328,0.333787,0.559135,0.582834,0.351104,0.505860,0.360090,0.496230,0.262943,0.624445,0.723420,0.775166,0.382045,0.192707,-0.414669,-0.070679,0.342300,-0.164756,0.353885,0.088317,0.230987,0.697748,1.597323,0.000000,0.313892,0.406966,0.484316,0.579342,0.258744,0.224081,0.753610,0.480552,0.480149,0.490864,0.752738,0.762022,0.677766,0.626570,0.255119,0.628824,0.662174,0.698459,0.262703,0.293070,1.158312,0.871778,0.994192,0.837041,0.479562,0.533401,0.447722,0.639976,0.423900,0.472712,0.238991,0.142508,0.389567,0.033753,0.526986,0.365560,0.530308,0.535534,0.528671,0.504651,0.577690,0.587565,0.362469,0.345046
0.312141,0.420782,-0.065643,-0.011441,0.018978,0.176987,0.006996,0.063111,0.060422,0.218160,0.126152,0.069702,0.106969,0.048006,0.282560,0.126478,0.502160,0.556680,-0.027430,0.159998,0.169142,0.208601,-0.216356,-0.284739,0.313937,0.228626,0.186163,0.343399,0.173330,0.250807,-0.169015,-0.083746,-0.048856,-0.092225,0.060705,0.066936,0.364656,0.441737,0.391148,0.350461,0.549487,0.378484,0.730295,0.600653,0.331786,0.313892,0.000000,1.137526,0.386467,0.361141,0.245935,0.105790,0.530353,0.517562,0.696170,0.602867,0.486447,0.480165,0.250889,0.354457,-0.029113,0.206122,0.255786,0.307841,-0.273534,-0.191526,0.251955,-0.001202,0.545135,0.086243,0.272894,0.249266,0.347362,0.235918,0.254211,0.154793,0.444915,0.310121,0.458902,0.404939,0.638333,0.538009,0.258928,0.469632,0.416209,0.278983,0.470365,0.378765,0.377450,0.268602
0.421442,0.424969,0.015745,0.024963,0.093454,0.346141,0.120919,0.133731,0.186936,0.258911,0.320495,0.241648,0.311947,0.288414,0.535285,0.401197,0.745930,0.674293,0.183348,0.253777,0.336281,0.424620,-0.037524,-0.099876,0.500944,0.388015,0.301761,0.415872,0.527623,0.544175,0.151801,0.191294,0.203580,0.149801,0.014393,0.001643,0.320482,0.464145,0.675212,0.525089,0.761896,0.552520,0.891037,0.999167,0.474034,0.406966,1.137526,0.000000,0.550009,0.580681,0.481192,0.238831,0.600580,0.708933,0.792266,0.818776,0.560527,0.479672,0.318421,0.402290,0.101271,0.289131,0.534003,0.476423,0.043293,-0.002314,0.264331,0.147417,0.534947,0.200420,0.227610,0.189411,0.503604,0.333539,0.284583,0.192087,0.261835,0.115285,0.726166,0.539030,0.852634,0.740225,0.601602,0.676507,0.673093,0.486081,0.535260,0.560814,0.585312,0.431771
