0.000000,1.359905,0.367175,0.477114,0.198672,0.100287,0.523883,0.467564,0.127247,0.190468,0.947375,0.877540,0.517261,0.672620,0.433911,0.449303,0.859510,1.161757,0.557864,0.890286,0.361174,0.242867,0.103367,0.295849,0.015397,0.019138,0.403571,0.408587,0.416838,0.423822,0.346435,0.412293,1.053998,1.026977,0.093501,0.121870,0.106873,0.213055,0.381094,0.129623,0.146148,0.149708,0.592187,0.621076,0.705217,0.843199,0.643693,0.802728,0.738174,0.996590,0.807360,0.995252,0.687730,0.824814,0.650084,0.865300,1.611375,1.495330,0.788842,0.837687,0.037382,0.411702,-0.161852,0.461602,-0.142467,0.330731,0.609203,0.572592,1.334993,0.606404,0.229668,0.254902,0.277398,0.419475,0.320254,0.281263,0.499161,0.485447,0.697567,0.652939,0.657359,0.877451,0.393140,0.512795,0.159962,0.413975,0.456464,0.507737,0.313981,0.402329
1.359905,0.000000,0.472823,0.692517,0.316449,0.069762,0.550901,0.620282,0.243709,0.157773,0.844900,1.050773,0.564186,0.750817,0.497594,0.474076,0.540441,0.913080,0.658216,0.970606,0.318576,0.191725,0.236066,0.402014,0.111216,0.082885,0.387778,0.391948,0.218445,0.312457,0.456803,0.623266,0.809134,1.018444,0.073093,0.130001,-0.016233,0.229885,0.455036,0.154608,0.150830,0.342035,0.376816,0.444355,0.651251,0.744280,0.495479,0.693379,0.518948,0.836365,0.573793,0.809769,0.555876,0.578859,0.637443,1.115076,1.076730,1.598094,0.663420,0.809899,0.052356,0.405817,-0.191046,0.322192,-0.057581,0.363723,0.518318,0.541715,1.395395,0.710063,0.309909,0.327195,0.290213,0.619807,0.364492,0.354809,0.504280,0.474055,0.442109,0.478997,0.503946,0.698934,0.310183,0.391491,0.236542,0.347936,0.573160,0.704425,0.424653,0.517237
0.367175,0.472823,0.000000,1.011768,0.408986,0.302269,1.291759,0.708052,0.414197,0.403277,0.636684,0.500412,0.854855,0.628339,0.696258,0.571119,0.036604,0.242730,1.173623,0.784579,0.328292,0.473630,0.917948,1.031780,0.454795,0.358623,0.479071,0.450245,0.019583,0.078340,0.827102,0.896783,0.507927,0.688546,0.562544,0.565312,-0.014458,0.144699,0.290195,0.147575,0.305781,0.454601,0.302272,0.313092,0.204170,0.374471,0.329247,0.429558,0.201862,0.355855,0.447171,0.410720,0.414881,0.440663,0.371200,0.526661,0.234666,0.341897,0.274051,0.242817,0.576612,0.329743,-0.036256,0.218459,0.702052,0.670060,0.656320,0.739584,0.529231,0.482855,0.352718,0.664362,0.531492,0.531708,0.514774,0.396076,0.562950,0.529054,0.100672,0.132724,0.174065,0.492396,0.112806,0.117742,0.673925,0.609077,0.385549,0.538175,0.489263,0.837006
0.477114,0.692517,1.011768,0.000000,0.483635,0.444848,0.926065,1.109407,0.555731,0.569532,0.640827,0.661807,0.797581,0.718401,0.834739,0.750959,0.132665,0.320741,1.108476,0.944590,0.388798,0.525322,0.766435,1.112612,0.317150,0.449341,0.546235,0.663642,0.114943,0.259589,0.783067,0.934229,0.531332,0.799506,0.466136,0.527367,-0.078280,0.279917,0.289489,0.300118,0.287645,0.587742,0.315743,0.409445,0.269160,0.510256,0.417446,0.568670,0.234548,0.460263,0.546639,0.463344,0.548240,0.500525,0.563606,0.824350,0.357324,0.497539,0.344950,0.492464,0.512062,0.566953,-0.021814,0.332031,0.527176,0.825766,0.617428,0.807038,0.637435,0.613800,0.454579,0.589486,0.572780,0.638482,0.578441,0.425604,0.420701,0.462392,0.217867,0.223695,0.360052,0.695925,0.278671,0.383020,0.770930,0.618499,0.518326,0.860224,0.702137,0.921386
0.198672,0.316449,0.408986,0.483635,0.000000,0.638232,0.436352,0.530391,1.128023,0.476747,0.334181,0.586107,0.593608,0.630044,0.796373,0.490364,0.092025,0.204246,0.557372,0.435167,0.078225,0.244574,0.458478,0.479899,0.381942,0.347461,0.434092,0.629793,0.051771,0.117265,0.323682,0.327195,0.191799,0.315192,0.375481,0.315702,-0.130293,0.093409,0.294546,-0.037777,0.183209,0.259482,0.464414,0.487779,0.252671,0.358302,0.364792,0.524973,0.386877,0.341502,0.372923,0.381888,0.484712,0.417795,0.572375,0.455545,0.194626,0.300612,0.320615,0.365801,0.488909,0.369429,0.169281,0.203686,0.438651,0.381505,0.340826,0.512106,0.243342,0.116621,0.072139,0.331394,0.284287,0.373479,0.350122,0.253438,0.297753,0.200782,0.231054,0.119533,0.157548,0.249755,0.323182,0.249500,0.373457,0.228050,0.188659,0.232626,0.568563,0.306811
0.100287,0.069762,0.302269,0.444848,0.638232,0.000000,0.397812,0.506110,0.729926,1.202781,0.233517,0.204636,0.510604,0.331301,0.652843,0.586455,0.248113,0.263683,0.425767,0.368807,0.091636,0.239007,0.250443,0.487027,0.238703,0.481975,0.220095,0.580699,0.277012,0.308475,0.272894,0.188181,0.311971,0.370674,0.477964,0.503711,0.000026,0.099383,0.015396,0.111484,0.142247,0.151250,0.603822,0.654249,0.143416,0.381873,0.521493,0.591921,0.361413,0.271125,0.482090,0.144872,0.579336,0.515875,0.481469,0.253016,0.198973,0.135990,0.165942,0.264560,0.523405,0.422407,0.186102,0.331730,0.471598,0.481042,0.418666,0.528564,0.131334,0.093925,0.041675,0.171380,0.289786,0.319212,0.261280,0.284368,0.119040,0.088282,0.414744,0.253727,0.340728,0.461613,0.419247,0.392316,0.345732,0.266688,-0.009521,0.164712,0.409438,0.282811
0.523883,0.550901,1.291759,0.926065,0.436352,0.397812,0.000000,0.893010,0.443987,0.534741,0.819607,0.641636,0.957883,0.761012,0.684268,0.616690,0.193498,0.403886,1.051382,1.006285,0.270648,0.514122,0.625667,0.832177,0.256880,0.287330,0.436082,0.479298,0.077976,0.131050,0.595078,0.668586,0.634551,0.837718,0.352249,0.366500,-0.053525,0.108512,0.342943,0.080924,0.282591,0.352907,0.498012,0.532532,0.283922,0.505525,0.514590,0.682350,0.388069,0.475649,0.654974,0.502983,0.662244,0.589035,0.610809,0.652061,0.424067,0.520498,0.462417,0.491359,0.691966,0.607632,0.040777,0.491662,0.491407,0.656772,0.697086,0.774664,0.577153,0.400407,0.243662,0.581764,0.562590,0.565175,0.581068,0.461309,0.627785,0.551390,0.296280,0.227358,0.304691,0.638882,0.222971,0.187047,0.489083,0.458963,0.284345,0.415451,0.573765,0.629666
0.467564,0.620282,0.708052,1.109407,0.530391,0.506110,0.893010,0.000000,0.603903,0.587763,0.711015,0.665127,0.704437,0.875217,0.626207,0.743180,0.120589,0.315750,0.660668,0.833300,0.094476,0.259368,0.376232,0.683997,0.153054,0.465097,0.343301,0.575101,0.022410,0.154572,0.605028,0.653089,0.475975,0.829220,0.172518,0.369040,-0.135781,0.174421,0.330475,0.029807,0.057078,0.393755,0.507396,0.547684,0.268469,0.480788,0.498964,0.721553,0.378915,0.428682,0.615758,0.346516,0.723559,0.498699,0.723712,0.810376,0.337889,0.526142,0.550115,0.668267,0.647833,0.955795,0.126065,0.607669,0.307054,0.581177,0.520726,0.645764,0.475257,0.242828,0.230690,0.445171,0.500666,0.666284,0.569382,0.402207,0.454963,0.399169,0.240681,0.171529,0.323707,0.538422,0.289289,0.259528,0.366751,0.269540,0.256926,0.468993,0.682047,0.482196
0.127247,0.243709,0.414197,0.555731,1.128023,0.729926,0.443987,0.603903,0.000000,0.645492,0.330073,0.439285,0.682853,0.534196,0.802896,0.586435,0.081182,0.150495,0.493153,0.409310,0.103916,0.181880,0.418833,0.468980,0.444553,0.402763,0.303486,0.449685,0.068137,0.170523,0.381553,0.328354,0.227106,0.356638,0.471022,0.462402,-0.150766,0.154654,0.179667,0.102618,0.152263,0.327421,0.416985,0.514858,0.240412,0.363449,0.328560,0.523705,0.331083,0.263901,0.383482,0.246736,0.454838,0.278561,0.549634,0.437170,0.166486,0.223265,0.331540,0.386672,0.656251,0.506550,0.186262,0.275368,0.491757,0.565134,0.421046,0.569909,0.176263,0.022006,0.103400,0.230980,0.317991,0.436759,0.406210,0.378559,0.178360,0.115868,0.204892,0.095909,0.142115,0.319679,0.214648,0.236955,0.428093,0.196568,0.104132,0.165490,0.516346,0.280460
0.190468,0.157773,0.403277,0.569532,0.476747,1.202781,0.534741,0.587763,0.645492,0.000000,0.400044,0.200076,0.645434,0.334226,0.643382,0.740441,0.187720,0.278341,0.519369,0.564554,0.147723,0.300029,0.305684,0.604696,0.371435,0.488336,0.286003,0.457099,0.132092,0.251613,0.389411,0.304837,0.385499,0.463439,0.512383,0.476074,-0.102704,0.148138,0.084355,0.129225,0.136708,0.288357,0.509527,0.540422,0.059898,0.283677,0.429227,0.577820,0.268891,0.246321,0.425659,0.135975,0.565333,0.528245,0.483612,0.356977,0.258726,0.225922,0.213657,0.315809,0.645250,0.552579,0.114023,0.415488,0.566699,0.669512,0.466392,0.543831,0.242721,0.107536,0.177011,0.346872,0.423550,0.512778,0.445634,0.411121,0.256386,0.297186,0.319642,0.249394,0.285510,0.531892,0.290820,0.297197,0.376081,0.256648,0.040644,0.201685,0.449752,0.402382
0.947375,0.844900,0.636684,0.640827,0.334181,0.233517,0.819607,0.711015,0.330073,0.400044,0.000000,0.763238,0.988057,0.889568,0.705998,0.744407,0.579998,0.718076,0.804838,1.193539,0.402413,0.332365,0.286513,0.488450,0.298518,0.238920,0.543339,0.435027,0.327194,0.372520,0.621184,0.541723,0.889151,0.964532,0.256365,0.239841,-0.008926,0.360454,0.558901,0.207314,0.316715,0.452502,0.507652,0.534120,0.365966,0.508663,0.457335,0.710886,0.430147,0.595453,0.657147,0.577411,0.643337,0.619102,0.676202,0.797858,0.693951,0.834678,0.685509,0.732005,0.474688,0.679813,0.200399,0.742438,0.166063,0.597110,0.663907,0.552627,0.879328,0.409672,0.333914,0.418622,0.619559,0.698746,0.702332,0.473313,0.624334,0.589947,0.603257,0.442364,0.590973,0.781233,0.287294,0.407722,0.354104,0.366170,0.470472,0.511147,0.533368,0.442148
0.877540,1.050773,0.500412,0.661807,0.586107,0.204636,0.641636,0.665127,0.439285,0.200076,0.763238,0.000000,0.688885,1.252706,0.582943,0.516003,0.407853,0.774725,0.660868,0.838228,0.338636,0.345746,0.368865,0.472283,0.111862,0.063387,0.644668,0.618685,0.163333,0.314819,0.372833,0.587164,0.563579,0.719876,0.073570,0.094657,-0.074150,0.090720,0.493897,0.083451,0.344196,0.405629,0.340407,0.425505,0.656256,0.722159,0.348100,0.588507,0.626766,0.828490,0.655007,0.993064,0.528201,0.532074,0.609272,0.819340,0.687618,0.863910,0.670732,0.674477,0.289264,0.524927,-0.023133,0.359398,0.139014,0.562862,0.441473,0.538994,0.749355,0.475602,0.155555,0.486093,0.368952,0.576685,0.423657,0.349155,0.374095,0.325426,0.347749,0.368276,0.378011,0.622480,0.172915,0.352783,0.360511,0.473833,0.425267,0.576647,0.421649,0.551746
0.517261,0.564186,0.854855,0.797581,0.593608,0.510604,0.957883,0.704437,0.682853,0.645434,0.988057,0.688885,0.000000,0.947772,1.027982,0.759548,0.265790,0.410886,0.978723,0.912780,0.365818,0.513255,0.592967,0.736909,0.521811,0.366620,0.577324,0.502848,0.173828,0.231723,0.600734,0.527035,0.536457,0.656591,0.536132,0.412068,-0.007558,0.289271,0.438548,0.241630,0.467318,0.486338,0.445247,0.519338,0.243426,0.476344,0.428691,0.665149,0.369915,0.444003,0.582224,0.444621,0.646076,0.510195,0.643005,0.654215,0.420162,0.514751,0.424838,0.462825,0.640261,0.555122,0.136512,0.393221,0.533396,0.852589,0.596053,0.645924,0.568484,0.382326,0.369278,0.541901,0.661752,0.672260,0.716035,0.463002,0.581645,0.520090,0.381808,0.233432,0.388515,0.642678,0.271513,0.347404,0.688498,0.487604,0.446012,0.534939,0.778208,0.619817
0.672620,0.750817,0.628339,0.718401,0.630044,0.331301,0.761012,0.875217,0.534196,0.334226,0.889568,1.252706,0.947772,0.000000,0.732222,0.780250,0.293508,0.548794,0.700270,0.839820,0.286150,0.383882,0.392061,0.527761,0.192889,0.251468,0.701289,0.660706,0.125410,0.232924,0.521976,0.560241,0.562730,0.755768,0.184957,0.261991,-0.104674,0.217112,0.555791,0.054957,0.283284,0.400041,0.495620,0.569021,0.478611,0.669720,0.423746,0.716790,0.563230,0.726259,0.672813,0.730374,0.658426,0.573671,0.671399,0.773090,0.503721,0.662073,0.633731,0.647026,0.456634,0.657475,0.099023,0.472207,0.256501,0.625427,0.520320,0.638006,0.640954,0.339409,0.149461,0.511820,0.464638,0.596188,0.534140,0.350288,0.564255,0.513646,0.345522,0.274417,0.337851,0.631261,0.180725,0.333252,0.420127,0.452089,0.471555,0.550513,0.548614,0.521297
0.433911,0.497594,0.696258,0.834739,0.796373,0.652843,0.684268,0.626207,0.802896,0.643382,0.705998,0.582943,1.027982,0.732222,0.000000,1.082597,0.393026,0.438703,0.990158,0.851915,0.466267,0.519728,0.695149,0.687902,0.427631,0.515930,0.658734,0.700228,0.455856,0.542402,0.678207,0.630824,0.584272,0.648271,0.591072,0.501914,-0.085705,0.379767,0.408395,0.416961,0.453212,0.479145,0.445735,0.573430,0.359896,0.581991,0.442065,0.638564,0.387115,0.503549,0.582247,0.474009,0.659521,0.508424,0.661621,0.644292,0.394261,0.456240,0.406771,0.490495,0.541142,0.483480,0.318265,0.415094,0.543484,0.690360,0.634653,0.722203,0.536081,0.467309,0.302936,0.428846,0.560498,0.566874,0.572176,0.413635,0.361497,0.379028,0.521967,0.413827,0.547720,0.762679,0.384018,0.576486,0.908868,0.498108,0.481045,0.633511,0.816994,0.508971
0.449303,0.474076,0.571119,0.750959,0.490364,0.586455,0.616690,0.743180,0.586435,0.740441,0.744407,0.516003,0.759548,0.780250,1.082597,0.000000,0.393646,0.543711,0.669667,0.965048,0.413731,0.296485,0.416596,0.589285,0.396520,0.652593,0.701503,0.615219,0.362559,0.620887,0.760170,0.709751,0.699201,0.861599,0.515321,0.576270,-0.305733,0.471409,0.496452,0.374338,0.213875,0.510254,0.455307,0.584147,0.296636,0.507627,0.315177,0.698052,0.294831,0.490502,0.466070,0.368417,0.597582,0.497301,0.585726,0.636667,0.417840,0.501837,0.426853,0.572408,0.556375,0.777969,0.320849,0.691545,0.500138,0.761633,0.729752,0.703950,0.574074,0.257487,0.087880,0.305019,0.437149,0.617768,0.552095,0.423132,0.381308,0.443359,0.498821,0.531920,0.420696,0.856697,0.152194,0.486133,0.529979,0.347187,0.404457,0.553201,0.507495,0.419363
0.859510,0.540441,0.036604,0.132665,0.092025,0.248113,0.193498,0.120589,0.081182,0.187720,0.579998,0.407853,0.265790,0.293508,0.393026,0.393646,0.000000,1.189770,0.279253,0.521799,0.325883,0.128256,-0.104153,-0.009789,-0.056142,0.077666,0.232309,0.285868,1.143058,0.961481,0.184405,0.091369,0.911393,0.619974,0.149785,0.107322,0.195712,0.240720,0.155673,0.313756,0.204994,0.066799,0.579998,0.730350,0.594567,0.722404,0.591527,0.618649,0.631390,0.689597,0.683563,0.553560,0.514771,0.578596,0.491625,0.452166,1.017329,0.708293,0.480883,0.576234,0.013771,0.284163,0.212623,0.570541,-0.157095,0.204350,0.525284,0.365844,0.622294,0.324283,0.026981,-0.094491,0.152944,0.204073,0.163174,0.121063,0.128409,0.100193,1.376102,0.983701,1.088156,0.882531,0.580562,0.965401,0.147884,0.270619,0.223470,0.269080,0.170722,0.078351
1.161757,0.913080,0.242730,0.320741,0.204246,0.263683,0.403886,0.315750,0.150495,0.278341,0.718076,0.774725,0.410886,0.548794,0.438703,0.543711,1.189770,0.000000,0.425253,0.774460,0.337401,0.163804,0.038883,0.165709,0.052651,0.109861,0.386388,0.403736,0.672361,0.792142,0.328557,0.364890,1.141225,0.934681,0.127896,0.136713,0.028822,0.149926,0.310740,0.214918,0.214224,0.190994,0.555638,0.705443,0.687031,0.829073,0.529505,0.700904,0.674086,0.915703,0.686593,0.794876,0.540854,0.664841,0.511721,0.645466,1.359066,1.132412,0.603567,0.731958,0.062163,0.418389,0.049055,0.633570,-0.078252,0.388941,0.656479,0.548578,0.933874,0.463033,0.000723,0.100181,0.171154,0.389887,0.236212,0.275120,0.267393,0.223328,0.907631,0.924030,0.707800,1.020468,0.394601,0.687296,0.101410,0.354509,0.278765,0.357525,0.139199,0.307994
0.557864,0.658216,1.173623,1.108476,0.557372,0.425767,1.051382,0.660668,0.493153,0.519369,0.804838,0.660868,0.978723,0.700270,0.990158,0.669667,0.279253,0.425253,0.000000,0.997801,0.411082,0.668688,0.872564,1.047783,0.380531,0.334745,0.508761,0.548268,0.295278,0.333778,0.735825,0.701272,0.641526,0.757555,0.553851,0.445778,0.052085,0.292409,0.251661,0.305073,0.446374,0.525507,0.469130,0.510737,0.351545,0.587999,0.584697,0.644555,0.341278,0.604772,0.586469,0.604218,0.556728,0.697544,0.555310,0.736539,0.424240,0.510542,0.323925,0.362383,0.413671,0.329008,-0.055921,0.252962,0.549193,0.682122,0.643806,0.791588,0.696948,0.782258,0.468810,0.692210,0.637853,0.617346,0.583860,0.430473,0.498619,0.545957,0.335595,0.333948,0.448725,0.783567,0.388653,0.454719,0.800271,0.795368,0.548512,0.771041,0.630249,0.986343
0.890286,0.970606,0.784579,0.944590,0.435167,0.368807,1.006285,0.833300,0.409310,0.564554,1.193539,0.838228,0.912780,0.839820,0.851915,0.965048,0.521799,0.774460,0.997801,0.000000,0.463178,0.322812,0.373805,0.694357,0.302034,0.383610,0.632430,0.548130,0.288485,0.438661,0.682576,0.736884,0.994921,1.219552,0.298998,0.290655,-0.170003,0.314295,0.538512,0.312334,0.250203,0.553128,0.516398,0.643179,0.462330,0.711239,0.527831,0.934438,0.500910,0.744616,0.728951,0.692289,0.818068,0.759142,0.866016,1.073999,0.748227,0.931144,0.670590,0.888038,0.437093,0.776992,0.096493,0.685880,0.255693,0.677251,0.819518,0.824322,1.034764,0.518781,0.248567,0.407001,0.593616,0.793037,0.679029,0.529804,0.533991,0.550257,0.586502,0.498943,0.581450,1.001863,0.248762,0.441903,0.438966,0.422640,0.440385,0.652556,0.570128,0.592404
0.361174,0.318576,0.328292,0.388798,0.078225,0.091636,0.270648,0.094476,0.103916,0.147723,0.402413,0.338636,0.365818,0.286150,0.466267,0.413731,0.325883,0.337401,0.411082,0.463178,0.000000,0.442533,0.369335,0.379028,0.358766,0.111480,0.854752,0.368495,0.300914,0.407468,0.404742,0.464196,0.351397,0.304974,0.249360,0.125899,0.003079,0.323931,0.250565,0.679677,0.433176,0.499333,-0.025752,0.078813,0.294669,0.295207,-0.000453,0.114955,0.150709,0.346584,0.299892,0.461541,0.168186,0.200919,0.192164,0.327925,0.313561,0.243272,0.217235,0.225826,0.189592,0.179379,0.087030,0.151180,0.260183,0.469569,0.306455,0.307312,0.418616,0.514693,0.248648,0.282692,0.425780,0.211053,0.388004,0.187786,0.113191,0.281805,0.234683,0.250910,0.249307,0.497557,-0.099507,0.295112,0.546439,0.486883,0.391208,0.566827,0.185251,0.425926
0.242867,0.191725,0.473630,0.525322,0.244574,0.239007,0.514122,0.259368,0.181880,0.300029,0.332365,0.345746,0.513255,0.383882,0.519728,0.296485,0.128256,0.163804,0.668688,0.322812,0.442533,0.000000,0.647015,0.553598,0.026927,0.052743,0.421858,0.536665,0.249834,0.232472,0.288193,0.326684,0.231409,0.215698,0.332896,0.256502,0.228384,0.282583,0.038064,0.210670,0.537995,0.357152,0.190932,0.172461,0.099481,0.250602,0.246724,0.199961,0.140913,0.283425,0.386656,0.325805,0.243439,0.353044,0.164255,0.225649,0.145357,0.102280,0.039678,-0.008285,0.226878,0.072806,-0.040183,0.017772,0.443073,0.467569,0.192731,0.299926,0.184585,0.576060,0.512640,0.821357,0.687890,0.244636,0.267194,0.256824,0.251888,0.385908,0.132752,0.203602,0.323146,0.478804,0.348662,0.381871,0.734525,0.734613,0.403354,0.517862,0.372253,0.627725
0.103367,0.236066,0.917948,0.766435,0.458478,0.250443,0.625667,0.376232,0.418833,0.305684,0.286513,0.368865,0.592967,0.392061,0.695149,0.416596,-0.104153,0.038883,0.872564,0.373805,0.369335,0.647015,0.000000,1.195593,0.592661,0.323465,0.531525,0.423185,-0.011691,0.085733,0.777613,0.863774,0.164573,0.289128,0.637426,0.521718,-0.028610,0.166885,0.277714,0.190280,0.478431,0.448458,0.065993,0.056493,0.149842,0.203609,0.049747,0.115455,0.008008,0.196049,0.193428,0.336921,0.125582,0.215670,0.143484,0.271837,0.015310,0.100936,-0.026298,-0.062932,0.401427,0.127910,-0.010127,-0.058350,0.927074,0.623261,0.312998,0.451551,0.243203,0.432886,0.374631,0.693959,0.371409,0.240182,0.344699,0.247699,0.315652,0.364561,-0.043571,0.049747,0.008656,0.297730,0.016366,0.096024,0.919764,0.754035,0.482138,0.534005,0.443636,0.862537
0.295849,0.402014,1.031780,1.112612,0.479899,0.487027,0.832177,0.683997,0.468980,0.604696,0.488450,0.472283,0.736909,0.527761,0.687902,0.589285,-0.009789,0.165709,1.047783,0.694357,0.379028,0.553598,1.195593,0.000000,0.550836,0.484140,0.565675,0.573821,-0.017422,0.104475,0.828335,0.930987,0.343467,0.546808,0.654973,0.653521,-0.047492,0.208750,0.310860,0.205215,0.332577,0.519808,0.283489,0.260994,0.166934,0.339423,0.269153,0.412086,0.148617,0.356347,0.393521,0.437477,0.388024,0.539465,0.396666,0.522887,0.186243,0.280192,0.105609,0.141415,0.483939,0.421566,-0.119877,0.122782,0.880460,0.837930,0.446991,0.658794,0.408280,0.444997,0.405450,0.685664,0.492935,0.425411,0.454107,0.356177,0.403567,0.483158,0.087024,0.093604,0.154915,0.514417,0.105159,0.166224,0.777056,0.847188,0.460727,0.649034,0.513006,1.115270
0.015397,0.111216,0.454795,0.317150,0.381942,0.238703,0.256880,0.153054,0.444553,0.371435,0.298518,0.111862,0.521811,0.192889,0.427631,0.396520,-0.056142,0.052651,0.380531,0.302034,0.358766,0.026927,0.592661,0.550836,0.000000,0.590940,0.456493,0.107417,-0.073831,0.086700,0.706005,0.467705,0.134139,0.202107,0.671943,0.455962,-0.155918,0.230398,0.277046,0.340987,0.234075,0.383131,0.111549,0.108391,0.075445,0.079469,-0.029030,0.145840,-0.024645,0.093145,0.043880,0.119344,0.115650,0.151816,0.208350,0.274938,0.006389,0.089945,0.010956,0.041168,0.331928,0.210220,0.077184,0.094071,0.581834,0.449347,0.313930,0.334761,0.184571,0.089917,0.196561,0.223539,0.146660,0.276061,0.418603,0.254385,0.271925,0.298534,-0.014339,-0.016958,-0.135424,0.151172,-0.187594,-0.019130,0.375049,0.289687,0.245003,0.250033,0.209971,0.421976
0.019138,0.082885,0.358623,0.449341,0.347461,0.481975,0.287330,0.465097,0.402763,0.488336,0.238920,0.063387,0.366620,0.251468,0.515930,0.652593,0.077666,0.109861,0.334745,0.383610,0.111480,0.052743,0.323465,0.484140,0.590940,0.000000,0.225064,0.364202,0.146216,0.307664,0.671683,0.442146,0.272574,0.376073,0.536314,0.613090,-0.236768,0.296211,0.144135,0.291737,0.010432,0.264117,0.356436,0.401989,0.066356,0.240868,0.228259,0.382853,0.067445,0.196894,0.219070,0.037345,0.343171,0.306560,0.367160,0.365945,0.014996,0.091121,0.002827,0.182874,0.249867,0.404225,0.158249,0.334379,0.413962,0.370766,0.372468,0.412975,0.129504,-0.009309,0.166757,0.115761,0.178849,0.293818,0.352327,0.194341,0.174058,0.181302,0.229565,0.175355,0.164208,0.376574,0.110218,0.257573,0.319321,0.256685,0.212092,0.294345,0.298551,0.298451
0.403571,0.387778,0.479071,0.546235,0.434092,0.220095,0.436082,0.343301,0.303486,0.286003,0.543339,0.644668,0.577324,0.701289,0.658734,0.701503,0.232309,0.386388,0.508761,0.632430,0.854752,0.421858,0.531525,0.565675,0.456493,0.225064,0.000000,0.726526,0.118761,0.321694,0.520361,0.643480,0.355882,0.416393,0.360848,0.280394,-0.137090,0.299797,0.604595,0.402888,0.481873,0.555516,0.135239,0.211036,0.260990,0.317484,0.016707,0.279431,0.238443,0.378273,0.365684,0.558884,0.337759,0.358824,0.343764,0.404299,0.305319,0.340947,0.337861,0.344132,0.420733,0.440432,0.230381,0.302696,0.465485,0.682560,0.386511,0.458504,0.431051,0.316867,0.082494,0.438805,0.370371,0.283516,0.452536,0.221656,0.302436,0.431137,0.271912,0.233399,0.151263,0.507251,-0.144777,0.251338,0.533849,0.487737,0.476951,0.587734,0.357592,0.505561
0.408587,0.391948,0.450245,0.663642,0.629793,0.580699,0.479298,0.575101,0.449685,0.457099,0.435027,0.618685,0.502848,0.660706,0.700228,0.615219,0.285868,0.403736,0.548268,0.548130,0.368495,0.536665,0.423185,0.573821,0.107417,0.364202,0.726526,0.000000,0.255726,0.342339,0.393901,0.514129,0.447335,0.521504,0.400171,0.455628,-0.128908,0.152392,0.356031,0.174435,0.257542,0.285088,0.391431,0.455929,0.299827,0.471526,0.320078,0.490683,0.428788,0.435846,0.620849,0.531917,0.575457,0.544818,0.536103,0.428470,0.353037,0.378385,0.397361,0.449314,0.460987,0.482670,0.202086,0.363648,0.427698,0.604362,0.474006,0.607490,0.378842,0.282898,0.093670,0.398979,0.355334,0.263975,0.317230,0.250467,0.253260,0.257683,0.437779,0.358016,0.426846,0.597829,0.278262,0.447594,0.522272,0.478332,0.304125,0.538245,0.553194,0.428557
0.416838,0.218445,0.019583,0.114943,0.051771,0.277012,0.077976,0.022410,0.068137,0.132092,0.327194,0.163333,0.173828,0.125410,0.455856,0.362559,1.143058,0.672361,0.295278,0.288485,0.300914,0.249834,-0.011691,-0.017422,-0.073831,0.146216,0.118761,0.255726,0.000000,1.390881,0.156770,0.030229,0.611315,0.365478,0.219895,0.158792,0.213547,0.288448,-0.024010,0.519811,0.299662,0.076166,0.404376,0.545681,0.419905,0.561687,0.457635,0.384927,0.402899,0.473162,0.496903,0.327287,0.324787,0.379446,0.295694,0.233778,0.507426,0.294503,0.234249,0.289636,-0.013501,0.132860,0.317717,0.415770,-0.066313,0.166968,0.380889,0.263380,0.286090,0.350978,0.013790,-0.129413,0.150974,0.052804,0.054906,-0.010527,-0.136534,-0.100877,0.925166,0.851692,0.983244,0.774741,0.652391,1.125785,0.320848,0.320028,0.170253,0.293273,0.152730,0.066919
0.423822,0.312457,0.078340,0.259589,0.117265,0.308475,0.131050,0.154572,0.170523,0.251613,0.372520,0.314819,0.231723,0.232924,0.542402,0.620887,0.961481,0.792142,0.333778,0.438661,0.407468,0.232472,0.085733,0.104475,0.086700,0.307664,0.321694,0.342339,1.390881,0.000000,0.313014,0.250434,0.629082,0.462919,0.295571,0.234086,0.032916,0.377632,0.113638,0.664976,0.307991,0.269521,0.327329,0.504664,0.469601,0.560188,0.311195,0.397753,0.379505,0.533001,0.466076,0.376745,0.322703,0.354379,0.349528,0.356633,0.514231,0.368301,0.279159,0.374068,0.113017,0.351687,0.358731,0.566901,0.088571,0.392769,0.445484,0.322626,0.344101,0.326293,0.001004,-0.052173,0.187065,0.198293,0.214647,0.109461,-0.128136,-0.059632,0.778211,0.960322,0.829061,0.945530,0.422016,1.054943,0.398411,0.366811,0.238757,0.409189,0.192557,0.189372
0.346435,0.456803,0.827102,0.783067,0.323682,0.272894,0.595078,0.605028,0.381553,0.389411,0.621184,0.372833,0.600734,0.521976,0.678207,0.760170,0.184405,0.328557,0.735825,0.682576,0.404742,0.288193,0.777613,0.828335,0.706005,0.671683,0.520361,0.393901,0.156770,0.313014,0.000000,1.116111,0.629964,0.795064,0.578444,0.799347,-0.172224,0.341878,0.296726,0.256060,0.171409,0.464596,0.336594,0.374632,0.292095,0.415086,0.230322,0.376991,0.123511,0.385945,0.347063,0.345558,0.291395,0.381637,0.334758,0.508436,0.291544,0.394985,0.223931,0.293247,0.437643,0.403296,0.128571,0.390772,0.558763,0.558576,0.721273,0.720677,0.525640,0.391237,0.361231,0.444306,0.355515,0.434821,0.506664,0.302663,0.513031,0.558383,0.237484,0.198454,0.227629,0.546479,0.068358,0.234030,0.533570,0.547707,0.437107,0.522296,0.368122,0.625070
0.412293,0.623266,0.896783,0.934229,0.327195,0.188181,0.668586,0.653089,0.328354,0.304837,0.541723,0.587164,0.527035,0.560241,0.630824,0.709751,0.091369,0.364890,0.701272,0.736884,0.464196,0.326684,0.863774,0.930987,0.467705,0.442146,0.643480,0.514129,0.030229,0.250434,1.116111,0.000000,0.503101,0.771535,0.436131,0.606945,-0.268115,0.173188,0.428618,0.251113,0.187922,0.551892,0.125086,0.162555,0.324957,0.385957,0.060010,0.283701,0.102045,0.405847,0.299012,0.454367,0.249589,0.279087,0.262280,0.556497,0.302837,0.470942,0.249928,0.297479,0.374239,0.431995,0.014631,0.275427,0.546877,0.667477,0.528523,0.574854,0.582459,0.430908,0.221164,0.490872,0.285727,0.440838,0.383134,0.270728,0.344071,0.440777,0.101599,0.209335,0.142789,0.518999,-0.084937,0.133896,0.588779,0.573928,0.537344,0.676212,0.324493,0.759776
1.053998,0.809134,0.507927,0.531332,0.191799,0.311971,0.634551,0.475975,0.227106,0.385499,0.889151,0.563579,0.536457,0.562730,0.584272,0.699201,0.911393,1.141225,0.641526,0.994921,0.351397,0.231409,0.164573,0.343467,0.134139,0.272574,0.355882,0.447335,0.611315,0.629082,0.629964,0.503101,0.000000,1.502405,0.290764,0.366916,-0.020020,0.227601,0.241175,0.231273,0.067970,0.153918,0.721040,0.856153,0.593265,0.892183,0.687334,0.847443,0.621300,0.846914,0.846731,0.709435,0.668477,0.809265,0.596023,0.677308,1.183649,1.032194,0.710761,0.866330,0.230537,0.476398,0.104398,0.791474,0.040756,0.414721,1.183241,0.953972,1.124880,0.550240,0.082336,0.110156,0.264190,0.375095,0.318791,0.248764,0.466561,0.423823,0.871657,0.706527,0.767143,1.159402,0.388664,0.608469,0.240111,0.423328,0.343612,0.408368,0.256548,0.356093
1.026977,1.018444,0.688546,0.799506,0.315192,0.370674,0.837718,0.829220,0.356638,0.463439,0.964532,0.719876,0.656591,0.755768,0.648271,0.861599,0.619974,0.934681,0.757555,1.219552,0.304974,0.215698,0.289128,0.546808,0.202107,0.376073,0.416393,0.521504,0.365478,0.462919,0.795064,0.771535,1.502405,0.000000,0.333599,0.497991,-0.142918,0.240495,0.341135,0.152935,0.034397,0.254803,0.731693,0.830998,0.556473,0.868862,0.673054,0.987408,0.543076,0.820965,0.770278,0.664071,0.728619,0.802006,0.689932,0.867690,0.989726,1.141671,0.700217,0.911192,0.344254,0.687204,0.045768,0.772369,0.153698,0.519178,1.090909,1.058004,1.180924,0.531992,0.120752,0.227563,0.298489,0.526208,0.413794,0.339779,0.604625,0.520172,0.663067,0.557174,0.626545,1.052644,0.331276,0.481617,0.286695,0.424622,0.408650,0.538617,0.388284,0.486061
0.093501,0.073093,0.562544,0.466136,0.375481,0.477964,0.352249,0.172518,0.471022,0.512383,0.256365,0.073570,0.536132,0.184957,0.591072,0.515321,0.149785,0.127896,0.553851,0.298998,0.249360,0.332896,0.637426,0.654973,0.671943,0.536314,0.360848,0.400171,0.219895,0.295571,0.578444,0.436131,0.290764,0.333599,0.000000,1.096031,0.002387,0.339654,0.161285,0.336551,0.298555,0.241325,0.320195,0.307096,0.026789,0.183328,0.178223,0.295526,0.012944,0.123821,0.207044,0.086588,0.203473,0.329292,0.209541,0.183425,0.112477,0.085529,-0.069386,-0.012850,0.399090,0.160095,0.069835,0.095158,0.942896,0.639373,0.535058,0.521558,0.195766,0.141851,0.189428,0.209600,0.235794,0.188292,0.312983,0.268222,0.231824,0.271681,0.268975,0.268300,0.253577,0.443250,0.215489,0.360756,0.695870,0.578711,0.333986,0.418880,0.395114,0.494341
0.121870,0.130001,0.565312,0.527367,0.315702,0.503711,0.366500,0.369040,0.462402,0.476074,0.239841,0.094657,0.412068,0.261991,0.501914,0.576270,0.107322,0.136713,0.445778,0.290655,0.125899,0.256502,0.521718,0.653521,0.455962,0.613090,0.280394,0.455628,0.158792,0.234086,0.799347,0.606945,0.366916,0.497991,1.096031,0.000000,-0.074723,0.306900,0.126180,0.132509,0.105393,0.188347,0.417512,0.402451,0.072020,0.266145,0.230869,0.377032,0.028266,0.179025,0.246853,0.086343,0.248557,0.363385,0.212585,0.211613,0.126316,0.135491,-0.013825,0.057733,0.417623,0.239402,0.042059,0.176878,0.763782,0.538338,0.587548,0.641262,0.202791,0.103746,0.159454,0.244383,0.173946,0.203718,0.231776,0.269424,0.303181,0.356536,0.245148,0.207523,0.187197,0.412824,0.210940,0.268446,0.476050,0.499979,0.235869,0.350673,0.302103,0.456584
0.106873,-0.016233,-0.014458,-0.078280,-0.130293,0.000026,-0.053525,-0.135781,-0.150766,-0.102704,-0.008926,-0.074150,-0.007558,-0.104674,-0.085705,-0.305733,0.195712,0.028822,0.052085,-0.170003,0.003079,0.228384,-0.028610,-0.047492,-0.155918,-0.236768,-0.137090,-0.128908,0.213547,0.032916,-0.172224,-0.268115,-0.020020,-0.142918,0.002387,-0.074723,0.000000,0.155959,-0.199925,-0.025157,0.136715,-0.252336,0.190734,0.099705,0.041994,0.084773,0.303344,0.033949,0.105269,0.063708,0.177956,0.019749,0.060665,0.151678,-0.006953,-0.040488,0.099060,-0.035128,-0.099482,-0.163382,-0.161845,-0.256159,-0.176533,-0.191559,-0.100542,-0.135536,-0.128219,-0.063900,-0.005393,0.237576,0.223372,0.085349,0.080410,-0.076127,-0.165724,-0.059471,0.025425,-0.000393,0.064879,0.097026,0.159061,0.024790,0.420523,0.142637,0.085746,0.245200,0.062759,0.009575,0.056510,0.156567
0.213055,0.229885,0.144699,0.279917,0.093409,0.099383,0.108512,0.174421,0.154654,0.148138,0.360454,0.090720,0.289271,0.217112,0.379767,0.471409,0.240720,0.149926,0.292409,0.314295,0.323931,0.282583,0.166885,0.208750,0.230398,0.296211,0.299797,0.152392,0.288448,0.377632,0.341878,0.173188,0.227601,0.240495,0.339654,0.306900,0.155959,0.000000,0.235969,0.525884,0.413823,0.394487,0.227763,0.240490,0.087371,0.164528,0.173749,0.338036,-0.012348,0.176680,0.149856,0.053107,0.166602,0.218551,0.281062,0.385518,0.131042,0.172074,0.031959,0.092296,0.107025,0.185121,0.081109,0.191078,0.189559,0.230717,0.171227,0.146442,0.210079,0.213048,0.391468,0.182352,0.462580,0.419872,0.445794,0.362479,0.276631,0.495047,0.300845,0.385717,0.302661,0.376505,0.239164,0.417352,0.340859,0.250711,0.451788,0.433747,0.379395,0.245484
0.381094,0.455036,0.290195,0.289489,0.294546,0.015396,0.342943,0.330475,0.179667,0.084355,0.558901,0.493897,0.438548,0.555791,0.408395,0.496452,0.155673,0.310740,0.251661,0.538512,0.250565,0.038064,0.277714,0.310860,0.277046,0.144135,0.604595,0.356031,-0.024010,0.113638,0.296726,0.428618,0.241175,0.341135,0.161285,0.126180,-0.199925,0.235969,0.000000,0.038282,0.331761,0.319138,0.062422,0.068783,0.187963,0.147599,-0.096084,0.271308,0.154802,0.207708,0.170125,0.318513,0.277213,0.131118,0.385642,0.409126,0.271538,0.479665,0.370619,0.384067,0.329474,0.455903,0.312482,0.311283,0.246001,0.373480,0.297658,0.230725,0.428150,-0.015118,-0.004109,0.187376,0.206522,0.317596,0.355918,0.323223,0.332365,0.299914,0.269508,0.307577,0.111808,0.239614,-0.095337,0.001909,0.209867,0.063755,0.373306,0.261105,0.447969,0.166067
0.129623,0.154608,0.147575,0.300118,-0.037777,0.111484,0.080924,0.029807,0.102618,0.129225,0.207314,0.083451,0.241630,0.054957,0.416961,0.374338,0.313756,0.214918,0.305073,0.312334,0.679677,0.210670,0.190280,0.205215,0.340987,0.291737,0.402888,0.174435,0.519811,0.664976,0.256060,0.251113,0.231273,0.152935,0.336551,0.132509,-0.025157,0.525884,0.038282,0.000000,0.475863,0.487012,-0.016004,0.118838,0.282123,0.292140,0.063236,0.141696,0.089102,0.240580,0.207291,0.193028,0.150143,0.099069,0.243308,0.352647,0.123512,0.072239,0.046825,0.117771,0.029747,0.188792,0.087864,0.155972,0.168020,0.356644,0.155855,0.125999,0.149803,0.336525,0.148730,0.020779,0.314739,0.254643,0.359949,0.127937,-0.172781,0.076697,0.281926,0.308062,0.355741,0.510052,0.001262,0.541713,0.546235,0.372324,0.339969,0.627206,0.219180,0.291085
0.146148,0.150830,0.305781,0.287645,0.183209,0.142247,0.282591,0.057078,0.152263,0.136708,0.316715,0.344196,0.467318,0.283284,0.453212,0.213875,0.204994,0.214224,0.446374,0.250203,0.433176,0.537995,0.478431,0.332577,0.234075,0.010432,0.481873,0.257542,0.299662,0.307991,0.171409,0.187922,0.067970,0.034397,0.298555,0.105393,0.136715,0.413823,0.331761,0.475863,0.000000,0.499183,0.006658,0.054569,0.107619,0.146493,0.034209,0.110771,0.050385,0.136384,0.204572,0.242002,0.117438,0.108211,0.166006,0.233853,0.056586,0.064610,-0.004876,-0.061549,0.182380,0.003879,0.095800,-0.023306,0.361721,0.386612,0.062871,0.084101,0.063518,0.290246,0.301904,0.454598,0.551117,0.353532,0.367003,0.373948,0.134751,0.216209,0.250121,0.265664,0.250000,0.304074,0.167134,0.369266,0.573133,0.419593,0.260334,0.382042,0.364569,0.403263
0.149708,0.342035,0.454601,0.587742,0.259482,0.151250,0.352907,0.393755,0.327421,0.288357,0.452502,0.405629,0.486338,0.400041,0.479145,0.510254,0.066799,0.190994,0.525507,0.553128,0.499333,0.357152,0.448458,0.519808,0.383131,0.264117,0.555516,0.285088,0.076166,0.269521,0.464596,0.551892,0.153918,0.254803,0.241325,0.188347,-0.252336,0.394487,0.319138,0.487012,0.499183,0.000000,-0.102008,-0.025969,0.099169,0.109101,-0.092748,0.118042,-0.025481,0.186931,0.082420,0.196300,0.066125,0.048646,0.189191,0.467415,0.027854,0.146444,0.073941,0.124188,0.310360,0.343073,0.101446,0.147315,0.436635,0.666685,0.151798,0.163945,0.190992,0.251550,0.331650,0.499408,0.660733,0.677917,0.719386,0.424124,0.095967,0.248496,0.065298,0.116970,0.201998,0.339986,-0.073910,0.270759,0.529275,0.300138,0.364037,0.633833,0.340574,0.469340
0.592187,0.376816,0.302272,0.315743,0.464414,0.603822,0.498012,0.507396,0.416985,0.509527,0.507652,0.340407,0.445247,0.495620,0.445735,0.455307,0.579998,0.555638,0.469130,0.516398,-0.025752,0.190932,0.065993,0.283489,0.111549,0.356436,0.135239,0.391431,0.404376,0.327329,0.336594,0.125086,0.721040,0.731693,0.320195,0.417512,0.190734,0.227763,0.062422,-0.016004,0.006658,-0.102008,0.000000,1.699005,0.505524,0.839607,1.416982,1.346792,0.813144,0.752269,0.940902,0.506525,1.025068,1.108506,0.868360,0.618001,0.673777,0.574538,0.520874,0.599642,0.255745,0.488543,0.015907,0.583640,0.061242,0.165826,0.664974,0.820744,0.481901,0.219651,0.036748,0.120409,0.184296,0.242299,0.237453,0.259626,0.496792,0.432158,0.690347,0.453389,0.526089,0.717027,0.691955,0.548061,0.105741,0.351082,0.091617,0.141539,0.380783,0.272152
0.621076,0.444355,0.313092,0.409445,0.487779,0.654249,0.532532,0.547684,0.514858,0.540422,0.534120,0.425505,0.519338,0.569021,0.573430,0.584147,0.730350,0.705443,0.510737,0.643179,0.078813,0.172461,0.056493,0.260994,0.108391,0.401989,0.211036,0.455929,0.545681,0.504664,0.374632,0.162555,0.856153,0.830998,0.307096,0.402451,0.099705,0.240490,0.068783,0.118838,0.054569,-0.025969,1.699005,0.000000,0.573526,1.050884,1.367985,1.509436,0.867872,0.836945,1.021032,0.559353,1.089730,1.003452,0.942291,0.682476,0.774078,0.637750,0.558007,0.750644,0.294485,0.569507,0.082203,0.681317,0.048290,0.273491,0.756521,0.924581,0.542262,0.260278,0.013196,0.041728,0.194459,0.276949,0.281347,0.286274,0.398200,0.330376,0.861640,0.562196,0.605757,0.881995,0.669021,0.712065,0.148115,0.332527,0.070689,0.204557,0.391490,0.251101
0.705217,0.651251,0.204170,0.269160,0.252671,0.143416,0.283922,0.268469,0.240412,0.059898,0.365966,0.656256,0.243426,0.478611,0.359896,0.296636,0.594567,0.687031,0.351545,0.462330,0.294669,0.099481,0.149842,0.166934,0.075445,0.066356,0.260990,0.299827,0.419905,0.469601,0.292095,0.324957,0.593265,0.556473,0.026789,0.072020,0.041994,0.087371,0.187963,0.282123,0.107619,0.099169,0.505524,0.573526,0.000000,1.250827,0.491907,0.566467,1.131321,1.253339,0.757098,1.062697,0.570701,0.494732,0.599529,0.646708,0.727935,0.627680,0.634367,0.559408,-0.054066,0.252815,-0.102358,0.227211,-0.141684,0.139187,0.458744,0.566224,0.611139,0.402916,-0.006865,0.139601,0.109994,0.295119,0.200904,0.142255,0.098055,0.109994,0.359212,0.435748,0.412152,0.625935,0.169907,0.383240,0.205862,0.387727,0.268324,0.337839,0.138220,0.254313
0.843199,0.744280,0.374471,0.510256,0.358302,0.381873,0.505525,0.480788,0.363449,0.283677,0.508663,0.722159,0.476344,0.669720,0.581991,0.507627,0.722404,0.829073,0.587999,0.711239,0.295207,0.250602,0.203609,0.339423,0.079469,0.240868,0.317484,0.471526,0.561687,0.560188,0.415086,0.385957,0.892183,0.868862,0.183328,0.266145,0.084773,0.164528,0.147599,0.292140,0.146493,0.109101,0.839607,1.050884,1.250827,0.000000,0.872813,1.034742,1.099637,1.600645,1.059134,1.045102,0.872792,0.811030,0.801371,0.841834,0.903356,0.758171,0.596174,0.705462,0.047630,0.394690,-0.115675,0.371765,-0.029412,0.306588,0.651205,0.905907,0.753692,0.534242,0.062698,0.155482,0.188202,0.337723,0.232452,0.207809,0.257509,0.257038,0.605685,0.530399,0.601302,0.962435,0.386712,0.649494,0.309467,0.540375,0.274100,0.477275,0.285043,0.402664
0.643693,0.495479,0.329247,0.417446,0.364792,0.521493,0.514590,0.498964,0.328560,0.429227,0.457335,0.348100,0.428691,0.423746,0.442065,0.315177,0.591527,0.529505,0.584697,0.527831,-0.000453,0.246724,0.049747,0.269153,-0.029030,0.228259,0.016707,0.320078,0.457635,0.311195,0.230322,0.060010,0.687334,0.673054,0.178223,0.230869,0.303344,0.173749,-0.096084,0.063236,0.034209,-0.092748,1.416982,1.367985,0.491907,0.872813,0.000000,1.232638,0.783480,0.744824,0.960061,0.525052,1.029945,1.069525,0.871528,0.696818,0.718404,0.619160,0.496257,0.617945,0.115043,0.345354,-0.140145,0.413716,-0.079305,0.112634,0.533059,0.719542,0.554290,0.470356,0.189872,0.147236,0.217832,0.272384,0.194405,0.231181,0.447346,0.375116,0.630410,0.436539,0.618505,0.707055,0.893142,0.621631,0.147242,0.361223,0.111739,0.249851,0.427351,0.337727
0.802728,0.693379,0.429558,0.568670,0.524973,0.591921,0.682350,0.721553,0.523705,0.577820,0.710886,0.588507,0.665149,0.716790,0.638564,0.698052,0.618649,0.700904,0.644555,0.934438,0.114955,0.199961,0.115455,0.412086,0.145840,0.382853,0.279431,0.490683,0.384927,0.397753,0.376991,0.283701,0.847443,0.987408,0.295526,0.377032,0.033949,0.338036,0.271308,0.141696,0.110771,0.118042,1.346792,1.509436,0.566467,1.034742,1.232638,0.000000,0.806935,0.894556,1.014496,0.641492,1.315848,1.148112,1.226904,1.032530,0.825730,0.841264,0.634223,0.862420,0.287518,0.695894,-0.031283,0.627202,0.077409,0.350042,0.706294,0.903342,0.741405,0.325603,0.085586,0.171316,0.314801,0.488480,0.390422,0.440482,0.548577,0.486930,0.753598,0.579514,0.595542,0.907939,0.589836,0.606986,0.217118,0.353237,0.224345,0.383142,0.542629,0.382013
0.738174,0.518948,0.201862,0.234548,0.386877,0.361413,0.388069,0.378915,0.331083,0.268891,0.430147,0.626766,0.369915,0.563230,0.387115,0.294831,0.631390,0.674086,0.341278,0.500910,0.150709,0.140913,0.008008,0.148617,-0.024645,0.067445,0.238443,0.428788,0.402899,0.379505,0.123511,0.102045,0.621300,0.543076,0.012944,0.028266,0.105269,-0.012348,0.154802,0.089102,0.050385,-0.025481,0.813144,0.867872,1.131321,1.099637,0.783480,0.806935,0.000000,1.095562,1.162486,0.960639,0.990703,0.738821,0.901658,0.617701,0.788308,0.630477,0.933629,0.748553,0.157725,0.426074,-0.015005,0.417244,-0.130170,0.166436,0.523538,0.651593,0.525308,0.244993,-0.027359,0.102299,0.167895,0.261407,0.235613,0.191776,0.189774,0.133077,0.509546,0.400387,0.496191,0.665781,0.330621,0.396733,0.128604,0.278840,0.081745,0.163736,0.273075,0.165274
