0.000000,0.942844,0.482661,0.517960,0.557232,0.760626,0.576939,0.694136,0.457590,0.310526,0.634765,0.965737,0.691050,0.893433,0.514842,0.577318,0.295517,0.314696,0.695016,0.770457,0.164114,0.444913,0.379580,0.351812,0.303490,0.255238,0.365048,0.598305,0.172248,0.054099,0.147068,0.403109,0.433488,0.618135,0.434373,0.411771,0.384026,0.402354,0.348245,0.334653,0.207860,0.211362,-0.162106,0.377931,-0.244353,0.089757,-0.122467,0.499370,0.096359,-0.039043,0.717157,0.436364,0.780600,0.660302,0.335885,0.601527,1.005091,0.824561,0.888983,0.669029,0.760680,0.408148,0.378153,0.362150,0.107529,0.609239,0.647109,0.760617,0.910982,0.660744,0.123313,0.214379,0.516555,0.436899,0.641706,0.525695,0.742278,0.706478,0.072836,-0.104394,0.428455,0.334365,0.167980,0.336527,0.517012,0.572199,0.022818,0.224110,0.634241,0.845935
0.942844,0.000000,0.438272,0.528006,0.565779,0.698384,0.416208,0.562504,0.556655,0.437246,0.342255,0.724039,0.342562,0.578277,0.488373,0.454940,0.052875,0.307473,0.442959,0.661960,0.279969,0.514197,0.438109,0.345036,0.562920,0.478316,0.488799,0.475521,0.139449,0.120621,0.198632,0.275639,0.382183,0.533565,0.416208,0.309466,0.166877,0.328987,0.256846,0.388382,0.064318,0.147478,-0.158781,0.426387,-0.091339,0.290192,-0.078351,0.500538,0.239343,0.278680,0.610676,0.417552,0.548048,0.636325,0.145340,0.514944,0.874465,1.243732,0.847096,0.690609,0.681144,0.438308,0.304937,0.463716,0.201377,0.598564,0.715892,0.710222,0.923047,0.728947,0.021776,0.139636,0.229761,0.224217,0.495407,0.428636,0.561038,0.483411,0.037527,0.033295,0.323388,0.364446,0.340465,0.420134,0.410498,0.640300,0.157088,0.403286,0.618624,0.698533
0.482661,0.438272,0.000000,1.364532,0.699819,0.554584,1.485887,1.037662,0.898332,0.546738,0.449849,0.412023,0.377206,0.818422,1.052925,0.886543,0.050510,0.117639,0.872654,0.875205,0.235218,0.189521,1.355382,1.253718,0.491580,0.489414,0.772318,0.434215,0.328707,0.157566,0.581145,0.763758,0.555581,0.612131,0.736161,0.722705,0.112329,0.259699,0.592738,0.456016,0.017989,0.361154,-0.063230,0.406432,-0.095358,0.332985,0.028817,0.556912,-0.012777,0.091235,0.184619,-0.020783,0.349136,0.345128,0.180706,0.326238,0.400996,0.438995,0.359453,0.188412,0.507061,0.598049,0.174140,0.347105,0.670149,0.568194,0.690490,0.450697,0.729048,0.417457,0.631904,0.654344,0.460015,0.421616,0.473893,0.605799,0.677024,0.640334,-0.021000,-0.129317,0.450253,0.302404,0.510126,0.492576,0.708336,0.530687,0.404332,0.587036,0.950615,0.794631
0.517960,0.528006,1.364532,0.000000,0.894619,0.820032,1.275420,1.502640,1.065358,0.885857,0.407706,0.493035,0.337065,0.935492,1.071334,1.119590,0.062192,0.118911,0.702661,0.973567,0.275878,0.282915,1.177337,1.598097,0.616471,0.846454,0.990370,0.607894,0.358888,0.215830,0.612708,0.888350,0.703234,0.818435,0.858072,0.768697,0.119133,0.307480,0.559371,0.433293,0.066296,0.353116,-0.140672,0.580612,-0.117167,0.572309,-0.037382,0.672356,0.063514,0.223640,0.182328,-0.024352,0.338548,0.377413,0.185642,0.302552,0.574304,0.607824,0.458004,0.203797,0.649171,0.979847,0.258541,0.544858,0.750560,0.960177,0.737317,0.668145,0.955001,0.558060,0.385546,0.431970,0.421729,0.326165,0.492765,0.567608,0.635975,0.539052,0.003855,-0.031852,0.521774,0.485871,0.683877,0.687800,0.808909,0.867639,0.509609,0.697514,1.128095,0.940103
0.557232,0.565779,0.699819,0.894619,0.000000,0.899122,0.846523,0.854469,1.001477,0.604452,0.514170,0.489873,0.556268,0.865015,0.815788,0.981279,0.094351,0.273889,0.381613,0.551130,0.401954,0.316116,0.693477,0.815784,0.668204,0.793975,0.990818,0.649045,0.303907,0.219118,0.455021,0.506028,0.492861,0.596123,0.559250,0.455586,0.124477,0.221340,0.231507,0.210158,0.032862,0.195213,0.046696,0.522483,0.039483,0.488784,0.074117,0.548333,0.267845,0.219199,0.329021,0.116486,0.491649,0.476516,0.175328,0.301484,0.644440,0.708495,0.601973,0.292658,0.656688,0.685773,0.286068,0.522415,0.484277,0.659958,0.636564,0.620853,0.587973,0.339202,0.225589,0.193288,0.234626,0.211389,0.367921,0.376282,0.419461,0.396827,0.038809,0.067791,0.432987,0.410210,0.432892,0.576945,0.557519,0.736505,0.226440,0.480759,0.825165,0.816932
0.760626,0.698384,0.554584,0.820032,0.899122,0.000000,0.630090,0.906608,0.880030,0.893443,0.418081,0.712140,0.462694,0.727056,0.611662,0.924250,0.066574,0.076721,0.399804,0.618595,0.315042,0.652154,0.552848,0.663439,0.711067,0.699030,0.922382,1.033163,0.264259,0.160340,0.210014,0.431550,0.350083,0.460611,0.424546,0.406704,0.161182,0.359081,0.396759,0.344978,0.048026,0.208602,-0.067333,0.550439,-0.029937,0.453100,-0.004287,0.646479,0.385992,0.300995,0.500795,0.347916,0.648939,0.632788,0.439783,0.521558,0.669118,0.721213,0.758182,0.522502,0.656803,0.637256,0.179615,0.325756,0.246308,0.944879,0.655646,0.791193,0.779180,0.530473,0.089366,0.164380,0.264114,0.191124,0.575286,0.468757,0.586477,0.513063,0.116022,0.053642,0.405192,0.288745,0.525482,0.448112,0.520649,0.788729,0.362601,0.300681,0.870350,1.063945
0.576939,0.416208,1.485887,1.275420,0.846523,0.630090,0.000000,1.304354,0.952982,0.627045,0.630570,0.486213,0.542476,0.977017,0.981256,0.971747,0.072381,0.173784,0.784267,0.802812,0.255703,0.124113,1.083482,1.170005,0.413015,0.562861,0.789624,0.490686,0.350411,0.183379,0.609017,0.825064,0.615274,0.702575,0.754844,0.661368,0.129801,0.265675,0.467589,0.335361,0.023499,0.224184,0.026855,0.454000,-0.002326,0.403128,0.107223,0.549571,0.001364,0.068441,0.155102,-0.106791,0.322239,0.286508,0.133628,0.221224,0.471947,0.506536,0.466759,0.173647,0.735633,0.829865,0.239475,0.481808,0.825768,0.680207,0.725613,0.547088,0.690956,0.388255,0.460158,0.495231,0.428696,0.383282,0.402630,0.497407,0.675075,0.576530,-0.045973,-0.077054,0.428675,0.352727,0.453013,0.533682,0.811421,0.586600,0.350186,0.577638,1.031332,0.768630
0.694136,0.562504,1.037662,1.502640,0.854469,0.906608,1.304354,0.000000,0.919023,0.855128,0.547291,0.721044,0.501197,1.153507,0.900720,1.053851,0.102642,0.160077,0.715019,0.993902,0.295199,0.320535,0.849689,1.180892,0.492989,0.721087,0.829361,0.710907,0.414736,0.231115,0.599807,0.930435,0.697245,0.915674,0.785401,0.666791,0.186831,0.358816,0.498509,0.397324,0.153065,0.302316,-0.177113,0.634069,-0.146200,0.590118,-0.060590,0.731570,0.063743,0.185536,0.219295,-0.010849,0.391677,0.388169,0.193543,0.301943,0.639557,0.660921,0.587283,0.265452,0.811346,1.120882,0.315740,0.597190,0.657238,1.067598,0.678348,0.776586,0.908011,0.558983,0.301752,0.368747,0.464269,0.363221,0.525260,0.522306,0.717467,0.580681,0.045620,0.024890,0.556841,0.474479,0.580432,0.708721,0.897099,0.887905,0.404949,0.636878,1.132032,0.928198
0.457590,0.556655,0.898332,1.065358,1.001477,0.880030,0.952982,0.919023,0.000000,0.959135,0.408180,0.397242,0.364248,0.613130,0.982544,0.903452,-0.009025,0.062046,0.503884,0.633880,0.217854,0.304764,0.916528,0.827755,0.625978,0.762355,0.918145,0.612755,0.234423,0.130026,0.379572,0.465762,0.367962,0.461945,0.641789,0.586795,0.028311,0.252577,0.330047,0.255383,-0.108664,0.085292,0.038459,0.492022,0.117168,0.526350,0.082666,0.536016,0.245323,0.318441,0.225012,0.072543,0.301027,0.322187,0.139828,0.290031,0.493653,0.568414,0.560691,0.334174,0.640553,0.740047,0.130868,0.413422,0.653801,0.721659,0.763663,0.585675,0.735000,0.516325,0.283747,0.309305,0.141982,0.047750,0.353515,0.356759,0.538620,0.455062,-0.053505,-0.000701,0.235067,0.227860,0.603529,0.423340,0.511636,0.567634,0.350764,0.502872,0.798072,0.740459
0.310526,0.437246,0.546738,0.885857,0.604452,0.893443,0.627045,0.855128,0.959135,0.000000,0.159298,0.275939,0.022065,0.386436,0.522988,0.648868,-0.071639,-0.090425,0.385176,0.575011,0.159153,0.351679,0.527613,0.645726,0.519957,0.781336,0.793322,0.690003,0.214740,0.138874,0.187052,0.415963,0.482156,0.517133,0.550419,0.552022,-0.110580,0.171898,0.250096,0.204600,-0.044540,0.047104,0.018253,0.420863,0.174384,0.595637,0.065550,0.440907,0.179337,0.281505,0.019471,-0.095351,0.097549,0.152740,0.043261,0.071910,0.416007,0.486029,0.436562,0.213063,0.661900,1.029617,0.167706,0.549793,0.626417,0.905317,0.559203,0.547623,0.653655,0.538522,0.016733,0.121204,0.078767,-0.019887,0.269706,0.241189,0.380300,0.282138,-0.056005,0.082816,0.213968,0.309205,0.611524,0.384104,0.490702,0.642398,0.442787,0.432389,0.704745,0.492792
0.634765,0.342255,0.449849,0.407706,0.514170,0.418081,0.630570,0.547291,0.408180,0.159298,0.000000,0.674748,1.004559,0.782504,0.656878,0.694503,0.472807,0.253404,0.417336,0.379379,0.179217,0.078509,0.406378,0.416453,0.220075,0.246210,0.349543,0.364367,0.376298,0.173739,0.339154,0.373054,0.277603,0.327349,0.327061,0.257640,0.383634,0.410606,0.042850,0.046813,0.343066,0.208332,0.078276,0.199756,-0.064152,0.115395,0.012800,0.210069,-0.065088,-0.114131,0.302309,0.067872,0.334183,0.240371,0.198351,0.196919,0.470272,0.369788,0.365606,0.167819,0.589626,0.395130,0.407145,0.373426,0.377720,0.438950,0.332310,0.430544,0.301118,0.136643,0.169982,0.199506,0.344635,0.470682,0.308294,0.420397,0.308148,0.252805,0.069034,0.065890,0.364514,0.193124,0.117807,0.217569,0.488727,0.433973,0.040635,0.198419,0.458434,0.511888
0.965737,0.724039,0.412023,0.493035,0.489873,0.712140,0.486213,0.721044,0.397242,0.275939,0.674748,0.000000,0.652542,0.862664,0.457076,0.647938,0.260977,0.210652,0.510815,0.584475,0.416903,0.322545,0.333321,0.422700,0.393561,0.328388,0.434460,0.515526,0.545256,0.441312,0.328357,0.438923,0.324298,0.482886,0.258865,0.227611,0.340911,0.410549,0.318367,0.437546,0.340765,0.369727,-0.288622,0.414031,-0.418877,0.210617,-0.266055,0.533173,0.047990,0.077732,0.597898,0.392185,0.570178,0.575703,0.328713,0.505900,0.627995,0.697528,0.597945,0.454868,0.565012,0.441142,0.399644,0.393390,0.157084,0.640489,0.385720,0.643486,0.603375,0.433415,0.062457,0.201693,0.321196,0.400821,0.594023,0.492458,0.422280,0.424232,0.344767,0.224663,0.582689,0.479836,0.498028,0.549890,0.586795,0.685430,0.224052,0.174683,0.518706,0.784371
0.691050,0.342562,0.377206,0.337065,0.556268,0.462694,0.542476,0.501197,0.364248,0.022065,1.004559,0.652542,0.000000,0.821963,0.596291,0.628128,0.371793,0.384636,0.317442,0.337599,0.079435,0.181268,0.415543,0.377957,0.250468,0.161442,0.274646,0.389751,0.255633,0.009517,0.326608,0.353319,0.185819,0.323832,0.255995,0.175629,0.471593,0.342811,0.169355,0.115711,0.274865,0.136111,-0.052818,0.281577,-0.154891,0.128926,-0.046840,0.335072,0.084744,0.020469,0.359518,0.212998,0.519036,0.383912,0.313972,0.363773,0.505850,0.354629,0.427217,0.186904,0.528195,0.265354,0.335215,0.228795,0.228732,0.393636,0.277155,0.383902,0.312989,0.126431,0.215032,0.231533,0.428297,0.442990,0.365384,0.397063,0.354059,0.415810,0.156714,0.034393,0.360327,0.141245,-0.008277,0.199080,0.468638,0.331246,0.001059,0.129516,0.461468,0.567942
0.893433,0.578277,0.818422,0.935492,0.865015,0.727056,0.977017,1.153507,0.613130,0.386436,0.782504,0.862664,0.821963,0.000000,0.968276,1.069287,0.257481,0.326435,0.686373,0.780311,0.260336,0.286309,0.739120,0.945899,0.474133,0.505587,0.663905,0.575775,0.367763,0.187448,0.561741,0.795890,0.683360,0.833633,0.692909,0.553050,0.368747,0.367616,0.493488,0.393224,0.263421,0.392288,-0.206903,0.474365,-0.334492,0.314876,-0.112756,0.602305,-0.063717,0.002055,0.355658,0.096351,0.533965,0.474811,0.272337,0.395787,0.699378,0.595235,0.583448,0.270079,0.739160,0.757706,0.385259,0.466196,0.466304,0.806823,0.517623,0.643194,0.747596,0.406818,0.338219,0.362864,0.575256,0.591891,0.507116,0.580154,0.661866,0.617195,0.115198,0.010852,0.633585,0.478987,0.356181,0.602926,0.866173,0.819207,0.262498,0.498462,0.988371,0.917761
0.514842,0.488373,1.052925,1.071334,0.815788,0.611662,0.981256,0.900720,0.982544,0.522988,0.656878,0.457076,0.596291,0.968276,0.000000,1.171635,0.270985,0.191173,0.550102,0.676970,0.121741,0.241794,1.146610,1.109544,0.556013,0.581870,0.797206,0.521963,0.296088,0.119417,0.524466,0.613667,0.458218,0.549872,0.785566,0.668703,0.356771,0.453878,0.415430,0.335112,0.196484,0.315773,-0.074602,0.436898,-0.115475,0.358560,-0.007758,0.484976,-0.046302,0.139742,0.206955,0.008286,0.338771,0.304996,0.213000,0.320667,0.590208,0.499392,0.428285,0.179939,0.633485,0.677676,0.342908,0.413445,0.772546,0.704578,0.594565,0.499432,0.691077,0.373955,0.401845,0.423557,0.457936,0.425420,0.469374,0.539890,0.545570,0.480890,0.057955,0.024262,0.435294,0.328545,0.435829,0.451076,0.799748,0.668475,0.318410,0.572196,0.972121,0.861556
0.577318,0.454940,0.886543,1.119590,0.981279,0.924250,0.971747,1.053851,0.903452,0.648868,0.694503,0.647938,0.628128,1.069287,1.171635,0.000000,0.311605,0.285303,0.513030,0.633629,0.266892,0.288373,0.918610,1.161147,0.608841,0.729786,0.982566,0.746180,0.502189,0.305328,0.612964,0.736014,0.550625,0.644740,0.662628,0.562376,0.338448,0.495406,0.365234,0.314552,0.306092,0.330230,-0.015407,0.562211,-0.095486,0.512837,0.038586,0.651620,0.103956,0.169823,0.308533,0.046508,0.439239,0.392142,0.318603,0.354036,0.622774,0.558937,0.469209,0.163228,0.691539,0.802536,0.414020,0.534199,0.714615,0.879548,0.635539,0.655296,0.606462,0.303287,0.244480,0.303316,0.425318,0.441567,0.473248,0.561105,0.450786,0.409875,0.208302,0.161059,0.619416,0.472233,0.534752,0.639289,0.908848,0.855447,0.337254,0.470246,0.929583,0.945868
0.295517,0.052875,0.050510,0.062192,0.094351,0.066574,0.072381,0.102642,-0.009025,-0.071639,0.472807,0.260977,0.371793,0.257481,0.270985,0.311605,0.000000,0.686743,0.257523,0.335166,-0.138691,0.096306,0.069348,0.058870,-0.123130,-0.082178,-0.004774,0.118564,0.493013,0.277402,0.171805,0.181637,0.301395,0.342742,0.090107,0.067723,0.606943,0.555627,-0.175728,-0.091847,0.638204,0.183415,-0.147360,0.215572,-0.221597,0.075529,-0.210546,0.043126,-0.249072,-0.170726,0.102964,-0.051205,0.097953,-0.035533,0.036943,-0.016719,0.513049,0.184417,0.018221,-0.169398,0.193785,0.052376,0.840151,0.412817,0.169126,0.082426,-0.044920,0.079918,0.076845,0.136628,-0.172612,-0.051614,0.348391,0.358699,0.095392,0.245295,-0.035521,0.023634,0.583158,0.345333,0.607686,0.406054,-0.077380,0.234038,0.446234,0.314031,-0.278191,0.047181,-0.074377,0.075515
0.314696,0.307473,0.117639,0.118911,0.273889,0.076721,0.173784,0.160077,0.062046,-0.090425,0.253404,0.210652,0.384636,0.326435,0.191173,0.285303,0.686743,0.000000,0.252520,0.366993,-0.012279,0.084720,0.153139,0.084815,0.054738,0.092743,0.079397,0.101271,0.340220,0.254091,0.376561,0.304153,0.504408,0.568055,0.124580,-0.079289,0.399750,0.393051,-0.210405,-0.128649,0.410247,0.051580,-0.228925,0.335069,-0.207439,0.165132,-0.122883,0.192202,-0.098140,-0.101606,0.195980,-0.028050,0.127782,0.074325,-0.160465,0.021257,0.479506,0.448483,0.182014,-0.044151,0.336511,0.165535,0.794858,0.655937,0.271814,0.095021,0.123941,0.113774,0.106454,0.163074,-0.304302,-0.139136,0.250515,0.376462,0.071627,0.159696,-0.027662,0.107011,0.446014,0.326899,0.552195,0.540935,-0.111535,0.420081,0.417718,0.377543,-0.323986,0.149314,0.016672,0.095300
0.695016,0.442959,0.872654,0.702661,0.381613,0.399804,0.784267,0.715019,0.503884,0.385176,0.417336,0.510815,0.317442,0.686373,0.550102,0.513030,0.257523,0.252520,0.000000,1.041922,0.109394,0.208632,0.647884,0.574821,0.162104,0.223391,0.289136,0.468446,0.303006,0.186241,0.342312,0.715568,0.690913,0.784118,0.425927,0.507653,0.028709,0.177671,0.497712,0.359452,0.021923,0.214926,-0.147453,0.269731,-0.253716,0.127594,-0.121154,0.426512,-0.228082,-0.156168,0.185192,-0.067669,0.232101,0.167368,0.039854,0.222330,0.457410,0.387693,0.318322,0.141359,0.450082,0.461676,0.317857,0.387486,0.396884,0.440623,0.437599,0.314927,0.707754,0.572547,0.286152,0.403652,0.399747,0.307555,0.431162,0.389499,0.614711,0.616903,0.116986,-0.056896,0.524462,0.439912,0.308060,0.442070,0.608321,0.458998,0.228900,0.458915,0.517402,0.421845
0.770457,0.661960,0.875205,0.973567,0.551130,0.618595,0.802812,0.993902,0.633880,0.575011,0.379379,0.584475,0.337599,0.780311,0.676970,0.633629,0.335166,0.366993,1.041922,0.000000,0.036077,0.371355,0.652673,0.700593,0.261455,0.356294,0.479887,0.531699,0.343663,0.188064,0.359526,0.646090,0.763871,1.035563,0.607438,0.676753,0.182173,0.326673,0.466605,0.371123,0.103635,0.267365,-0.275317,0.496186,-0.246441,0.343052,-0.205700,0.521003,-0.074802,0.070050,0.190371,-0.006646,0.384675,0.300056,0.102047,0.285597,0.827652,0.695095,0.438906,0.215539,0.541021,0.661140,0.461681,0.644694,0.385879,0.612055,0.518181,0.538517,1.102016,1.067857,0.192634,0.388684,0.522453,0.352430,0.572340,0.521817,0.663747,0.620653,0.094473,-0.059899,0.651598,0.572416,0.407758,0.549201,0.718673,0.680601,0.184123,0.510560,0.673755,0.623539
0.164114,0.279969,0.235218,0.275878,0.401954,0.315042,0.255703,0.295199,0.217854,0.159153,0.179217,0.416903,0.079435,0.260336,0.121741,0.266892,-0.138691,-0.012279,0.109394,0.036077,0.000000,0.158273,0.194374,0.277098,0.494259,0.563184,0.489004,0.249987,0.394540,0.481610,0.475012,0.390444,0.199609,0.145446,-0.005499,-0.188400,-0.054655,0.069875,0.006597,0.236263,0.063841,0.407789,-0.012318,0.328499,-0.071407,0.323201,0.022615,0.389607,0.268258,0.182954,0.382416,0.225563,0.195952,0.345978,0.100335,0.218657,0.067856,0.310454,0.231500,0.176187,0.137555,0.132888,0.028300,0.151902,0.067127,0.204460,0.220007,0.234369,0.120076,-0.052474,0.084875,-0.034476,-0.072802,0.083322,0.207981,0.189611,-0.024759,-0.061517,0.159824,0.173084,0.258654,0.263769,0.412592,0.570708,0.144888,0.321554,0.234188,0.218299,0.176291,0.294814
0.444913,0.514197,0.189521,0.282915,0.316116,0.652154,0.124113,0.320535,0.304764,0.351679,0.078509,0.322545,0.181268,0.286309,0.241794,0.288373,0.096306,0.084720,0.208632,0.371355,0.158273,0.000000,0.174052,0.185562,0.289717,0.256221,0.284079,0.667341,0.043911,-0.028313,0.019282,0.118119,0.119809,0.221170,0.204746,0.248761,0.160027,0.265601,0.225347,0.180946,-0.051296,0.071370,-0.189459,0.282091,-0.112926,0.173447,-0.077308,0.270602,0.216426,0.139584,0.278088,0.266313,0.365378,0.336231,0.397078,0.308516,0.481567,0.390930,0.396802,0.350308,0.259327,0.204620,0.124253,0.120011,-0.061022,0.369272,0.315348,0.303142,0.427298,0.361410,-0.013760,0.065685,0.200104,0.064227,0.430219,0.266431,0.414828,0.421832,0.142090,0.031556,0.201893,0.208768,0.202403,0.222746,0.190873,0.368465,0.121211,0.338339,0.323767,0.439248
0.379580,0.438109,1.355382,1.177337,0.693477,0.552848,1.083482,0.849689,0.916528,0.527613,0.406378,0.333321,0.415543,0.739120,1.146610,0.918610,0.069348,0.153139,0.647884,0.652673,0.194374,0.174052,0.000000,1.305070,0.668186,0.638832,0.727780,0.453033,0.282981,0.102706,0.643116,0.718737,0.496864,0.561284,0.721157,0.620101,0.097548,0.284807,0.494877,0.348016,0.019712,0.257123,-0.078851,0.311456,-0.055615,0.377158,0.022501,0.435329,-0.033598,0.148339,0.092910,-0.069477,0.214683,0.256845,0.125000,0.223331,0.349941,0.370382,0.257376,0.131812,0.466753,0.599614,0.186411,0.347758,0.775045,0.628731,0.608746,0.392891,0.635432,0.315215,0.452869,0.418897,0.344143,0.320325,0.337962,0.493045,0.489504,0.494150,0.018723,-0.041969,0.377246,0.298179,0.479723,0.477483,0.645127,0.550437,0.430122,0.670934,0.908975,0.747831
0.351812,0.345036,1.253718,1.598097,0.815784,0.663439,1.170005,1.180892,0.827755,0.645726,0.416453,0.422700,0.377957,0.945899,1.109544,1.161147,0.058870,0.084815,0.574821,0.700593,0.277098,0.185562,1.305070,0.000000,0.589915,0.778049,0.937103,0.533587,0.383867,0.234512,0.753816,0.923905,0.602094,0.674660,0.767686,0.662333,0.164582,0.262865,0.589375,0.430892,0.147279,0.406178,-0.089739,0.524621,-0.136622,0.553418,-0.007171,0.623381,0.013497,0.225374,0.104559,-0.087798,0.282154,0.331441,0.222241,0.256414,0.401977,0.402283,0.283388,0.063821,0.479183,0.851056,0.198030,0.413304,0.799149,0.849377,0.556606,0.529046,0.654669,0.287231,0.436097,0.439843,0.418644,0.393316,0.406827,0.538670,0.500910,0.445598,0.074967,0.044402,0.532631,0.442855,0.640765,0.682273,0.843550,0.770905,0.579497,0.667749,1.121489,0.870055
0.303490,0.562920,0.491580,0.616471,0.668204,0.711067,0.413015,0.492989,0.625978,0.519957,0.220075,0.393561,0.250468,0.474133,0.556013,0.608841,-0.123130,0.054738,0.162104,0.261455,0.494259,0.289717,0.668186,0.589915,0.000000,0.901364,0.914033,0.418657,0.232291,0.108411,0.382292,0.348417,0.258180,0.313429,0.450618,0.288448,-0.005179,0.280588,0.189577,0.222673,0.015018,0.167822,-0.022892,0.351425,0.021054,0.444935,0.073210,0.402444,0.270147,0.325689,0.318358,0.244560,0.377659,0.520948,0.226176,0.316320,0.259412,0.488285,0.465003,0.371566,0.440350,0.416215,0.105615,0.298756,0.271522,0.623675,0.542181,0.569412,0.412006,0.259301,0.145477,0.054699,-0.013988,0.166754,0.294596,0.307925,0.206643,0.265096,0.010534,0.028338,0.195094,0.161793,0.409024,0.358139,0.232757,0.529396,0.323205,0.347898,0.625187,0.652835
0.255238,0.478316,0.489414,0.846454,0.793975,0.699030,0.562861,0.721087,0.762355,0.781336,0.246210,0.328388,0.161442,0.505587,0.581870,0.729786,-0.082178,0.092743,0.223391,0.356294,0.563184,0.256221,0.638832,0.778049,0.901364,0.000000,0.950065,0.547145,0.308090,0.288419,0.607050,0.622749,0.499222,0.535561,0.487439,0.273472,-0.027936,0.172238,0.180695,0.165302,0.001117,0.179249,-0.001918,0.537084,0.059356,0.741591,0.090785,0.526294,0.224888,0.391372,0.183744,0.015927,0.159391,0.331173,0.058440,0.136353,0.356978,0.575970,0.433384,0.198369,0.553447,0.749884,0.230553,0.581873,0.562041,0.768373,0.598841,0.602457,0.472035,0.257802,-0.005105,-0.056952,-0.010464,0.035061,0.197899,0.211012,0.201140,0.150537,0.050860,0.178744,0.323945,0.422028,0.646556,0.672653,0.414245,0.787261,0.402460,0.554544,0.638140,0.548452
0.365048,0.488799,0.772318,0.990370,0.990818,0.922382,0.789624,0.829361,0.918145,0.793322,0.349543,0.434460,0.274646,0.663905,0.797206,0.982566,-0.004774,0.079397,0.289136,0.479887,0.489004,0.284079,0.727780,0.937103,0.914033,0.950065,0.000000,0.606388,0.309133,0.231318,0.488321,0.515640,0.394175,0.437422,0.621867,0.451838,0.128875,0.335587,0.259889,0.274955,0.090509,0.215340,0.002642,0.585335,0.021564,0.603812,0.062380,0.596899,0.288795,0.350830,0.318119,0.142522,0.406241,0.504624,0.216645,0.337899,0.454960,0.612873,0.505597,0.284651,0.644490,0.738619,0.196656,0.445495,0.553054,0.779757,0.683779,0.648980,0.562324,0.318785,0.239879,0.245977,0.164210,0.254080,0.401021,0.453668,0.365281,0.312950,-0.015390,0.020722,0.302942,0.248174,0.589113,0.472455,0.549881,0.681083,0.348867,0.339268,0.760030,0.784520
0.598305,0.475521,0.434215,0.607894,0.649045,1.033163,0.490686,0.710907,0.612755,0.690003,0.364367,0.515526,0.389751,0.575775,0.521963,0.746180,0.118564,0.101271,0.468446,0.531699,0.249987,0.667341,0.453033,0.533587,0.418657,0.547145,0.606388,0.000000,0.151903,0.069755,0.212467,0.410575,0.360905,0.444013,0.408505,0.390319,0.075376,0.221714,0.220653,0.167859,0.007896,0.014867,-0.103245,0.388206,-0.049069,0.271297,-0.042296,0.397017,0.119519,0.019779,0.232006,0.053568,0.372074,0.295254,0.242307,0.255917,0.586839,0.492702,0.491941,0.253473,0.584338,0.635470,0.249437,0.376613,0.281533,0.736126,0.481736,0.410756,0.582871,0.362675,-0.010359,0.022026,0.185077,0.069991,0.421698,0.189691,0.456000,0.455910,0.085767,0.071817,0.314416,0.343501,0.323301,0.374933,0.457247,0.694386,0.206291,0.366299,0.624784,0.701862
0.172248,0.139449,0.328707,0.358888,0.303907,0.264259,0.350411,0.414736,0.234423,0.214740,0.376298,0.545256,0.255633,0.367763,0.296088,0.502189,0.493013,0.340220,0.303006,0.343663,0.394540,0.043911,0.282981,0.383867,0.232291,0.308090,0.309133,0.151903,0.000000,1.192841,0.447592,0.404994,0.369621,0.385534,0.078941,-0.042153,0.330142,0.420995,0.142335,0.313145,0.540284,0.419814,0.074159,0.445464,-0.069151,0.432845,0.098829,0.383292,-0.074513,0.072982,0.127803,-0.085368,0.097629,0.075311,0.136272,0.017523,0.206123,0.277410,0.028102,-0.154599,0.181913,0.248211,0.439136,0.489468,0.320267,0.251766,0.068842,0.218010,0.155835,0.063315,0.042700,0.191626,0.217697,0.352110,0.237581,0.416968,-0.009059,0.047756,0.769053,0.745033,0.898759,0.598372,0.685298,0.827060,0.543046,0.487635,0.284858,0.258012,0.196881,0.233543
0.054099,0.120621,0.157566,0.215830,0.219118,0.160340,0.183379,0.231115,0.130026,0.138874,0.173739,0.441312,0.009517,0.187448,0.119417,0.305328,0.277402,0.254091,0.186241,0.188064,0.481610,-0.028313,0.102706,0.234512,0.108411,0.288419,0.231318,0.069755,1.192841,0.000000,0.321500,0.293552,0.265458,0.217106,-0.158186,-0.254042,0.090515,0.168431,0.062351,0.342911,0.357142,0.410854,0.053412,0.376985,-0.123662,0.287867,0.066361,0.340178,-0.035388,0.041434,0.186821,-0.009969,-0.000796,0.058822,0.018913,-0.012193,0.100145,0.300948,0.024589,-0.095113,0.052179,0.175764,0.292019,0.341145,0.216122,0.164275,-0.010963,0.109675,0.029202,-0.015017,-0.115534,0.033058,0.039264,0.160740,0.111085,0.204694,-0.136585,-0.117823,0.707269,0.873126,0.638082,0.648463,0.735275,0.890037,0.350351,0.413634,0.297299,0.238666,0.058108,0.131221
0.147068,0.198632,0.581145,0.612708,0.455021,0.210014,0.609017,0.599807,0.379572,0.187052,0.339154,0.328357,0.326608,0.561741,0.524466,0.612964,0.171805,0.376561,0.342312,0.359526,0.475012,0.019282,0.643116,0.753816,0.382292,0.607050,0.488321,0.212467,0.447592,0.321500,0.000000,1.151783,0.592142,0.648225,0.443439,0.216433,0.177681,0.197710,0.104648,0.095383,0.241707,0.285518,-0.164298,0.530759,-0.238099,0.563208,-0.124265,0.458907,-0.087542,0.160141,0.065420,-0.196639,0.072015,0.092204,-0.070216,0.048464,0.204772,0.272035,0.111679,-0.146242,0.298241,0.464983,0.328372,0.515606,0.610169,0.352306,0.277931,0.282518,0.221222,0.026225,0.132230,0.184139,0.237576,0.346055,0.165162,0.272762,0.067589,0.098573,0.162752,0.183006,0.391652,0.404914,0.332867,0.671538,0.582823,0.464812,0.141556,0.440454,0.352441,0.300569
0.403109,0.275639,0.763758,0.888350,0.506028,0.431550,0.825064,0.930435,0.465762,0.415963,0.373054,0.438923,0.353319,0.795890,0.613667,0.736014,0.181637,0.304153,0.715568,0.646090,0.390444,0.118119,0.718737,0.923905,0.348417,0.622749,0.515640,0.410575,0.404994,0.293552,1.151783,0.000000,0.851700,0.962839,0.529711,0.357591,0.148687,0.241326,0.405166,0.286886,0.268252,0.396768,-0.170097,0.596495,-0.276723,0.504429,-0.107581,0.672647,-0.118949,0.036409,0.136089,-0.154439,0.183635,0.176033,0.051822,0.162462,0.315865,0.358397,0.287610,-0.020481,0.464295,0.663682,0.359119,0.508902,0.598818,0.581138,0.388430,0.437536,0.487901,0.249569,0.213719,0.274979,0.407764,0.429161,0.352712,0.379580,0.318003,0.311185,0.195883,0.112422,0.574992,0.553136,0.390994,0.779458,0.785583,0.609470,0.303035,0.570923,0.585524,0.468176
0.433488,0.382183,0.555581,0.703234,0.492861,0.350083,0.615274,0.697245,0.367962,0.482156,0.277603,0.324298,0.185819,0.683360,0.458218,0.550625,0.301395,0.504408,0.690913,0.763871,0.199609,0.119809,0.496864,0.602094,0.258180,0.499222,0.394175,0.360905,0.369621,0.265458,0.592142,0.851700,0.000000,1.387006,0.548095,0.355208,0.094375,0.115653,0.193383,0.142175,0.186517,0.243939,-0.177243,0.376237,-0.139598,0.423792,-0.091618,0.376003,-0.214995,-0.049145,-0.024515,-0.311486,0.039842,0.032071,-0.187850,-0.062947,0.528373,0.524157,0.245568,-0.096334,0.587040,0.755184,0.646491,0.929355,0.612852,0.415253,0.320547,0.310768,0.543958,0.425406,-0.021574,0.098711,0.369169,0.367898,0.273470,0.301151,0.284322,0.278406,0.186310,0.156795,0.612811,0.729754,0.263413,0.725547,0.763680,0.727963,0.112253,0.478191,0.430120,0.288261
0.618135,0.533565,0.612131,0.818435,0.596123,0.460611,0.702575,0.915674,0.461945,0.517133,0.327349,0.482886,0.323832,0.833633,0.549872,0.644740,0.342742,0.568055,0.784118,1.035563,0.145446,0.221170,0.561284,0.674660,0.313429,0.535561,0.437422,0.444013,0.385534,0.217106,0.648225,0.962839,1.387006,0.000000,0.691139,0.519865,0.204753,0.269606,0.279812,0.206644,0.248700,0.193967,-0.227954,0.574610,-0.197450,0.565231,-0.144846,0.547413,-0.123814,0.084920,0.077665,-0.183861,0.227719,0.178334,-0.037995,0.098684,0.672624,0.642917,0.400298,0.034103,0.671099,0.800208,0.671869,0.982094,0.567767,0.579464,0.462574,0.535918,0.725003,0.619218,0.008723,0.152312,0.468641,0.379309,0.348545,0.339473,0.414404,0.428895,0.181411,0.098211,0.687609,0.765152,0.282890,0.752853,0.859449,0.766851,0.093350,0.531637,0.573997,0.408516
0.434373,0.416208,0.736161,0.858072,0.559250,0.424546,0.754844,0.785401,0.641789,0.550419,0.327061,0.258865,0.255995,0.692909,0.785566,0.662628,0.090107,0.124580,0.425927,0.607438,-0.005499,0.204746,0.721157,0.767686,0.450618,0.487439,0.621867,0.408505,0.078941,-0.158186,0.443439,0.529711,0.548095,0.691139,0.000000,1.190662,0.285768,0.341614,0.360363,0.112443,0.103144,0.031033,-0.092400,0.261975,-0.016445,0.362712,0.000463,0.261200,-0.116284,0.034264,-0.013610,-0.182904,0.201417,0.172422,0.040846,0.125747,0.492303,0.408317,0.442115,0.205964,0.651340,0.724879,0.230134,0.439528,0.614524,0.629851,0.770587,0.643879,0.732543,0.446733,0.364658,0.361877,0.436378,0.371822,0.327055,0.384396,0.631795,0.598184,-0.212070,-0.164028,0.235755,0.266368,0.196114,0.219522,0.523784,0.482593,0.132601,0.450842,0.777429,0.545850
0.411771,0.309466,0.722705,0.768697,0.455586,0.406704,0.661368,0.666791,0.586795,0.552022,0.257640,0.227611,0.175629,0.553050,0.668703,0.562376,0.067723,-0.079289,0.507653,0.676753,-0.188400,0.248761,0.620101,0.662333,0.288448,0.273472,0.451838,0.390319,-0.042153,-0.254042,0.216433,0.357591,0.355208,0.519865,1.190662,0.000000,0.116265,0.199741,0.477141,0.174775,-0.056120,0.008198,-0.035316,0.167268,-0.016569,0.228691,-0.012165,0.237128,-0.127988,0.021560,-0.084831,-0.166617,0.229279,0.120726,0.127576,0.145564,0.455252,0.290594,0.331700,0.174475,0.467456,0.596627,0.136019,0.292736,0.436238,0.541707,0.603303,0.532521,0.691037,0.545546,0.438900,0.497411,0.435057,0.219256,0.345164,0.307335,0.691716,0.607306,-0.270131,-0.313826,0.149557,0.186664,0.179049,0.084860,0.414274,0.360136,0.143208,0.377864,0.699520,0.484785
0.384026,0.166877,0.112329,0.119133,0.124477,0.161182,0.129801,0.186831,0.028311,-0.110580,0.383634,0.340911,0.471593,0.368747,0.356771,0.338448,0.606943,0.399750,0.028709,0.182173,-0.054655,0.160027,0.097548,0.164582,-0.005179,-0.027936,0.128875,0.075376,0.330142,0.090515,0.177681,0.148687,0.094375,0.204753,0.285768,0.116265,0.000000,0.752653,0.161302,0.133281,0.819476,0.294501,-0.133836,0.279345,-0.228163,0.089883,-0.092907,0.256942,-0.043191,-0.011335,0.361927,0.234718,0.366319,0.315184,0.412333,0.338757,0.419192,0.233802,0.269052,0.159940,0.264275,0.044443,0.437938,0.175438,0.104453,0.169080,0.230389,0.359870,0.248320,0.049558,0.114239,0.212422,0.655225,0.774531,0.414749,0.570418,0.276252,0.283192,0.335051,0.145248,0.520367,0.181640,0.047402,0.159446,0.418383,0.253605,-0.080876,-0.027223,0.198047,0.365703
0.402354,0.328987,0.259699,0.307480,0.221340,0.359081,0.265675,0.358816,0.252577,0.171898,0.410606,0.410549,0.342811,0.367616,0.453878,0.495406,0.555627,0.393051,0.177671,0.326673,0.069875,0.265601,0.284807,0.262865,0.280588,0.172238,0.335587,0.221714,0.420995,0.168431,0.197710,0.241326,0.115653,0.269606,0.341614,0.199741,0.752653,0.000000,0.108750,0.242634,0.709691,0.308709,-0.179681,0.362385,-0.186136,0.238785,-0.143533,0.294401,0.013299,0.113812,0.357563,0.263947,0.263286,0.320477,0.215946,0.365131,0.457754,0.374027,0.317836,0.254279,0.390389,0.213565,0.488420,0.331392,0.215026,0.369224,0.271346,0.447232,0.328779,0.222232,0.047959,0.141106,0.398161,0.533318,0.395169,0.563744,0.240829,0.281603,0.327362,0.216597,0.467241,0.199753,0.214882,0.269799,0.407821,0.375427,0.094685,0.234860,0.290426,0.424239
0.348245,0.256846,0.592738,0.559371,0.231507,0.396759,0.467589,0.498509,0.330047,0.250096,0.042850,0.318367,0.169355,0.493488,0.415430,0.365234,-0.175728,-0.210405,0.497712,0.466605,0.006597,0.225347,0.494877,0.589375,0.189577,0.180695,0.259889,0.220653,0.142335,0.062351,0.104648,0.405166,0.193383,0.279812,0.360363,0.477141,0.161302,0.108750,0.000000,0.950189,-0.028182,0.428788,0.045986,0.242449,-0.112797,0.120897,0.138702,0.564987,0.016260,0.151008,0.204174,0.183497,0.419934,0.420175,0.493621,0.483926,0.106846,0.156362,0.263901,0.283917,0.102451,0.206494,-0.128728,-0.122227,0.071007,0.333897,0.387477,0.396219,0.624986,0.327526,0.644173,0.619358,0.425561,0.284368,0.459107,0.497146,0.741300,0.611917,0.061181,-0.116831,0.368636,0.145317,0.487670,0.306423,0.350038,0.236564,0.636102,0.331411,0.684262,0.539643
0.334653,0.388382,0.456016,0.433293,0.210158,0.344978,0.335361,0.397324,0.255383,0.204600,0.046813,0.437546,0.115711,0.393224,0.335112,0.314552,-0.091847,-0.128649,0.359452,0.371123,0.236263,0.180946,0.348016,0.430892,0.222673,0.165302,0.274955,0.167859,0.313145,0.342911,0.095383,0.286886,0.142175,0.206644,0.112443,0.174775,0.133281,0.242634,0.950189,0.000000,0.144267,0.619889,-0.010513,0.406841,-0.192003,0.239586,0.011433,0.677743,0.141489,0.323781,0.389009,0.356708,0.399154,0.496673,0.358245,0.608213,0.167098,0.315744,0.284685,0.332004,0.089450,0.127245,-0.026548,-0.031607,0.041801,0.308932,0.283738,0.375607,0.485776,0.285036,0.434585,0.506154,0.275161,0.258790,0.416703,0.472827,0.481303,0.415479,0.206197,0.126285,0.407110,0.258496,0.607130,0.485354,0.426838,0.355667,0.717987,0.393713,0.549673,0.516710
0.207860,0.064318,0.017989,0.066296,0.032862,0.048026,0.023499,0.153065,-0.108664,-0.044540,0.343066,0.340765,0.274865,0.263421,0.196484,0.306092,0.638204,0.410247,0.021923,0.103635,0.063841,-0.051296,0.019712,0.147279,0.015018,0.001117,0.090509,0.007896,0.540284,0.357142,0.241707,0.268252,0.186517,0.248700,0.103144,-0.056120,0.819476,0.709691,-0.028182,0.144267,0.000000,0.469213,-0.084036,0.317669,-0.191324,0.235832,-0.117075,0.293755,-0.094297,-0.015913,0.260420,0.120167,0.174858,0.194110,0.202076,0.143533,0.248343,0.165122,0.077808,-0.036526,0.189056,0.090626,0.527548,0.311738,0.166231,0.176191,0.003364,0.300676,0.028473,-0.088272,-0.043897,0.107133,0.496654,0.776474,0.305885,0.448277,0.000749,0.069186,0.571188,0.479118,0.597285,0.294283,0.139715,0.309394,0.433799,0.279802,0.036487,-0.008537,0.080443,0.171947
0.211362,0.147478,0.361154,0.353116,0.195213,0.208602,0.224184,0.302316,0.085292,0.047104,0.208332,0.369727,0.136111,0.392288,0.315773,0.330230,0.183415,0.051580,0.214926,0.267365,0.407789,0.071370,0.257123,0.406178,0.167822,0.179249,0.215340,0.014867,0.419814,0.410854,0.285518,0.396768,0.243939,0.193967,0.031033,0.008198,0.294501,0.308709,0.428788,0.619889,0.469213,0.000000,-0.186992,0.269800,-0.326789,0.180147,-0.166543,0.416929,-0.021620,0.070843,0.299221,0.262511,0.209984,0.334756,0.257542,0.407301,0.142138,0.140732,0.064081,0.079384,-0.033860,0.030157,0.143924,0.041248,0.007210,0.166463,0.011843,0.205688,0.225342,0.031385,0.322701,0.290899,0.442281,0.595928,0.388100,0.656050,0.139788,0.159348,0.351125,0.225408,0.609125,0.326359,0.428092,0.500334,0.367911,0.366998,0.498034,0.330480,0.318574,0.408781
-0.162106,-0.158781,-0.063230,-0.140672,0.046696,-0.067333,0.026855,-0.177113,0.038459,0.018253,0.078276,-0.288622,-0.052818,-0.206903,-0.074602,-0.015407,-0.147360,-0.228925,-0.147453,-0.275317,-0.012318,-0.189459,-0.078851,-0.089739,-0.022892,-0.001918,0.002642,-0.103245,0.074159,0.053412,-0.164298,-0.170097,-0.177243,-0.227954,-0.092400,-0.035316,-0.133836,-0.179681,0.045986,-0.010513,-0.084036,-0.186992,0.000000,-0.017359,1.101974,0.107613,1.419513,-0.001898,0.277004,0.066411,-0.106074,-0.149365,0.030518,-0.082869,0.127703,-0.093056,-0.210783,-0.096748,-0.122228,-0.141740,-0.099063,-0.130464,-0.254254,-0.139077,-0.015961,-0.184269,0.068484,0.002342,-0.136475,-0.186475,0.181307,0.127864,-0.107399,-0.092612,-0.107756,-0.070160,-0.010341,-0.121956,-0.109745,0.003054,-0.130469,-0.231036,-0.053690,-0.110381,-0.139392,-0.301728,0.000995,-0.098894,0.017993,-0.187581
0.377931,0.426387,0.406432,0.580612,0.522483,0.550439,0.454000,0.634069,0.492022,0.420863,0.199756,0.414031,0.281577,0.474365,0.436898,0.562211,0.215572,0.335069,0.269731,0.496186,0.328499,0.282091,0.311456,0.524621,0.351425,0.537084,0.585335,0.388206,0.445464,0.376985,0.530759,0.596495,0.376237,0.574610,0.261975,0.167268,0.279345,0.362385,0.242449,0.406841,0.317669,0.269800,-0.017359,0.000000,-0.119073,0.952763,0.004254,1.139764,0.342115,0.604925,0.415753,0.237983,0.491904,0.463271,0.286799,0.447852,0.534192,0.619091,0.450196,0.140607,0.425093,0.412712,0.335541,0.476176,0.345946,0.527529,0.406528,0.593289,0.481321,0.399556,-0.035285,0.173862,0.203982,0.209179,0.334786,0.322733,0.212837,0.220281,0.358229,0.296923,0.548199,0.514832,0.515090,0.735927,0.662946,0.674514,0.241372,0.333115,0.449516,0.481713
-0.244353,-0.091339,-0.095358,-0.117167,0.039483,-0.029937,-0.002326,-0.146200,0.117168,0.174384,-0.064152,-0.418877,-0.154891,-0.334492,-0.115475,-0.095486,-0.221597,-0.207439,-0.253716,-0.246441,-0.071407,-0.112926,-0.055615,-0.136622,0.021054,0.059356,0.021564,-0.049069,-0.069151,-0.123662,-0.238099,-0.276723,-0.139598,-0.197450,-0.016445,-0.016569,-0.228163,-0.186136,-0.112797,-0.192003,-0.191324,-0.326789,1.101974,-0.119073,0.000000,0.224273,1.093799,-0.148483,0.378398,0.190104,-0.339437,-0.285052,-0.159498,-0.222310,-0.095939,-0.261112,-0.174736,-0.045923,-0.111261,-0.158415,-0.019245,-0.053389,-0.242378,-0.029447,0.055240,-0.205822,0.115367,-0.051024,-0.108694,-0.107742,0.012246,-0.069695,-0.247331,-0.262114,-0.233034,-0.177770,-0.038063,-0.152931,-0.204538,0.002258,-0.276710,-0.271947,-0.108290,-0.173759,-0.195822,-0.276003,-0.064969,-0.062248,-0.011072,-0.207434
0.089757,0.290192,0.332985,0.572309,0.488784,0.453100,0.403128,0.590118,0.526350,0.595637,0.115395,0.210617,0.128926,0.314876,0.358560,0.512837,0.075529,0.165132,0.127594,0.343052,0.323201,0.173447,0.377158,0.553418,0.444935,0.741591,0.603812,0.271297,0.432845,0.287867,0.563208,0.504429,0.423792,0.565231,0.362712,0.228691,0.089883,0.238785,0.120897,0.239586,0.235832,0.180147,0.107613,0.952763,0.224273,0.000000,0.145300,0.670532,0.393170,0.892288,-0.008635,-0.083964,0.069243,0.137981,0.044702,0.083073,0.306292,0.436603,0.206958,-0.064762,0.360249,0.508883,0.285377,0.573023,0.498159,0.480460,0.371947,0.523723,0.344167,0.273771,-0.027929,0.124582,0.070511,0.084905,0.135329,0.247431,0.124397,0.104130,0.211849,0.335559,0.402789,0.405678,0.504813,0.633858,0.559016,0.573702,0.304800,0.411571,0.406790,0.272096
-0.122467,-0.078351,0.028817,-0.037382,0.074117,-0.004287,0.107223,-0.060590,0.082666,0.065550,0.012800,-0.266055,-0.046840,-0.112756,-0.007758,0.038586,-0.210546,-0.122883,-0.121154,-0.205700,0.022615,-0.077308,0.022501,-0.007171,0.073210,0.090785,0.062380,-0.042296,0.098829,0.066361,-0.124265,-0.107581,-0.091618,-0.144846,0.000463,-0.012165,-0.092907,-0.143533,0.138702,0.011433,-0.117075,-0.166543,1.419513,0.004254,1.093799,0.145300,0.000000,0.051338,0.246458,0.046121,-0.137159,-0.191793,0.023007,-0.064832,0.157420,-0.117110,-0.182619,-0.038775,-0.073454,-0.124431,-0.013715,-0.046710,-0.225034,-0.098717,0.053073,-0.121005,0.161362,0.010008,-0.077440,-0.159646,0.224742,0.106651,-0.064657,-0.031423,-0.076693,-0.052264,0.097655,-0.023288,-0.054891,0.021513,-0.051911,-0.137338,-0.008688,0.016442,-0.061687,-0.195892,-0.003918,0.008546,0.121059,-0.105038
0.499370,0.500538,0.556912,0.672356,0.548333,0.646479,0.549571,0.731570,0.536016,0.440907,0.210069,0.533173,0.335072,0.602305,0.484976,0.651620,0.043126,0.192202,0.426512,0.521003,0.389607,0.270602,0.435329,0.623381,0.402444,0.526294,0.596899,0.397017,0.383292,0.340178,0.458907,0.672647,0.376003,0.547413,0.261200,0.237128,0.256942,0.294401,0.564987,0.677743,0.293755,0.416929,-0.001898,1.139764,-0.148483,0.670532,0.051338,0.000000,0.419005,0.514093,0.594554,0.386772,0.633881,0.696723,0.399487,0.758999,0.403064,0.612461,0.603122,0.342534,0.397694,0.383004,0.166442,0.296385,0.294683,0.583510,0.556480,0.743867,0.557406,0.380333,0.204774,0.312549,0.360827,0.322864,0.476340,0.443609,0.438593,0.344584,0.294957,0.156879,0.558818,0.423936,0.574279,0.701093,0.687298,0.596195,0.410184,0.331525,0.650045,0.663753
