0.000000,0.842338,0.405399,0.675686,0.066577,0.206216,0.685922,0.284846,0.168992,0.284459,0.604321,0.733001,0.586966,0.711546,0.442985,0.330242,0.838272,0.596009,0.410647,0.334715,0.230332,0.194201,0.299901,0.045703,0.261415,0.164247,0.221596,0.151336,0.716229,0.467075,0.368279,0.265557,0.743854,0.587120,0.223086,0.313416,0.175071,0.033199,0.481975,0.186601,0.112272,0.055307,0.380618,0.373198,0.240990,0.263107,0.409107,0.402637,0.568863,0.460352,0.554371,0.533475,0.544912,0.511877,0.549804,0.582806,0.804953,0.591683,0.645251,0.471633,0.635882,0.474511,0.387301,0.317350,0.261409,0.275110,0.457207,0.161097,0.389832,0.050754,0.192370,0.043155,0.380047,0.198418,0.289718,0.186242,0.350643,0.221967,0.379592,0.387735,0.290261,0.440956,0.478846,0.369404,0.308780,0.153867,0.430163,0.184891,0.317550,0.392822
0.842338,0.000000,0.063986,0.506391,-0.180493,-0.023008,0.276371,0.187983,0.030363,0.045536,0.323765,0.592971,0.375125,0.512072,0.112243,0.050947,0.613740,0.509342,0.107340,0.220499,0.156875,0.143233,0.007381,-0.086970,0.086750,0.015518,0.042988,-0.065800,0.483236,0.375824,0.350303,0.313876,0.512058,0.477607,-0.026999,0.039232,-0.138099,-0.106934,0.175640,-0.005009,-0.029831,0.014001,0.130812,0.160406,0.101221,0.187362,0.145949,0.134487,0.379313,0.317357,0.203623,0.224172,0.365962,0.252196,0.280740,0.316558,0.637814,1.057236,0.348017,0.419825,0.347232,0.339804,0.249350,0.295882,-0.042582,-0.052382,0.113502,-0.043582,0.138482,-0.081335,0.216874,0.033179,0.139927,0.080494,0.059386,-0.071366,0.151320,0.040274,0.297188,0.266862,0.198033,0.193476,0.234128,0.156094,0.061415,-0.065590,0.240656,0.001174,0.068778,0.172649
0.405399,0.063986,0.000000,0.472805,0.651594,0.331040,0.811319,0.172247,0.465787,0.340339,0.711644,0.290948,0.687608,0.371232,0.904599,0.682771,0.260425,0.092639,0.700356,0.305091,0.058298,-0.028879,0.849016,0.471473,0.589379,0.727562,0.640273,0.383494,0.125194,-0.008564,0.260590,0.029999,0.351156,0.028846,0.389621,0.297914,0.373604,0.040648,0.613343,0.499359,0.563372,0.274516,0.188979,0.032244,-0.072957,-0.191081,0.326870,0.369849,0.249669,0.040167,0.679432,0.557564,0.479264,0.566051,0.460024,0.458345,-0.028678,-0.035296,0.411691,-0.009988,0.218123,0.170289,0.146766,0.086493,0.320235,0.082716,0.367054,0.069573,0.182332,0.188899,-0.032528,-0.179529,0.518844,0.370209,0.689355,0.480596,0.440260,0.332396,-0.090452,0.253569,0.027917,0.256944,0.340142,0.225310,0.175907,0.064069,0.224398,0.328354,0.807807,0.673857
0.675686,0.506391,0.472805,0.000000,0.402314,0.445446,0.741769,0.773292,0.502884,0.604269,0.486678,0.599730,0.581203,0.693106,0.501681,0.559321,0.535089,0.535546,0.492731,0.710504,0.382326,0.401598,0.379792,0.455334,0.531561,0.345967,0.297717,0.376518,0.426731,0.446868,0.435464,0.499014,0.772632,0.843073,0.508679,0.633874,0.318876,0.234504,0.366295,0.312649,0.264562,0.320408,0.527624,0.453917,0.477716,0.365359,0.433034,0.545659,0.454124,0.332630,0.514558,0.401030,0.491850,0.406173,0.397767,0.469884,0.415536,0.491963,0.555433,0.491999,0.632398,0.614677,0.514104,0.553287,0.521414,0.553033,0.646577,0.520445,0.582972,0.266959,0.096201,0.107199,0.575465,0.493488,0.536562,0.392308,0.489933,0.353418,0.203885,0.407067,0.358038,0.490816,0.355901,0.335255,0.482171,0.553038,0.297191,0.319712,0.600408,0.480207
0.066577,-0.180493,0.651594,0.402314,0.000000,0.582728,0.416687,0.414309,0.974275,0.539867,0.389797,0.135934,0.412785,0.168773,0.713268,0.601555,0.124288,0.168539,0.555540,0.443974,0.052570,0.081434,0.684307,0.690994,0.323418,0.482581,0.272202,0.444801,0.032475,0.073175,0.013083,0.097470,0.115571,0.079898,0.247496,0.342167,0.578868,0.126126,0.372666,0.456280,0.564058,0.363840,0.351932,0.178219,0.089815,-0.005915,0.429539,0.389519,0.230001,0.002981,0.422250,0.341156,0.394355,0.384375,0.360168,0.243869,-0.110348,-0.140299,0.152472,0.005574,0.210445,0.314109,0.243759,0.294525,0.433164,0.292515,0.316065,0.288266,0.339330,0.228633,-0.211711,-0.127051,0.601032,0.622859,0.609570,0.685427,0.560608,0.439643,-0.196692,0.155635,0.156259,0.246127,0.204833,0.225935,0.270868,0.244997,0.235420,0.340834,0.740150,0.469248
0.206216,-0.023008,0.331040,0.445446,0.582728,0.000000,0.548402,0.673918,0.472265,1.010780,0.251312,0.321413,0.318114,0.342855,0.548368,0.785467,0.139645,0.403950,0.420252,0.511497,0.275163,0.323854,0.492909,0.566712,0.262300,0.560662,0.194993,0.714300,0.195599,0.310737,0.218671,0.297625,0.264301,0.234485,0.250542,0.530429,0.602546,0.244606,0.375726,0.386069,0.445521,0.424651,0.465504,0.305553,0.423602,0.332867,0.516108,0.488380,0.238260,0.112701,0.305477,0.276522,0.341402,0.340190,0.294304,0.325383,0.133611,0.064461,0.156110,0.174434,0.309051,0.542838,0.371658,0.451454,0.494347,0.430853,0.427207,0.516825,0.404995,0.349957,0.015760,-0.006376,0.383768,0.502452,0.518670,0.722685,0.490524,0.516838,0.034443,0.231842,0.296484,0.447076,0.299618,0.406653,0.454890,0.421468,0.261200,0.567892,0.566345,0.433344
0.685922,0.276371,0.811319,0.741769,0.416687,0.548402,0.000000,0.630494,0.428352,0.595447,0.698452,0.504931,0.863536,0.665886,0.744493,0.819852,0.363644,0.404163,0.548518,0.487793,0.181366,0.134091,0.692937,0.536993,0.333138,0.583530,0.270399,0.474214,0.303379,0.227900,0.418601,0.311302,0.611059,0.407665,0.430585,0.476650,0.341672,0.083946,0.508217,0.336609,0.506964,0.397239,0.390614,0.219121,0.340628,0.224415,0.411085,0.421327,0.304352,0.202363,0.492972,0.398133,0.370111,0.467900,0.353627,0.462400,0.196776,0.197374,0.398050,0.181262,0.503657,0.602377,0.441818,0.424286,0.805938,0.411039,0.632048,0.386806,0.251301,0.190906,-0.068007,-0.183546,0.484410,0.388307,0.559757,0.570688,0.488596,0.386063,0.144748,0.294957,0.264925,0.477814,0.349205,0.412347,0.410434,0.304011,0.280843,0.457063,0.613649,0.579186
0.284846,0.187983,0.172247,0.773292,0.414309,0.673918,0.630494,0.000000,0.650971,0.750481,0.381732,0.565843,0.451712,0.655047,0.383195,0.599638,0.218607,0.458237,0.191573,0.499842,0.316859,0.315540,0.373572,0.618930,0.262618,0.301481,-0.041811,0.285781,0.328783,0.548565,0.323814,0.650007,0.459306,0.597130,0.365720,0.672106,0.402051,0.276187,0.214261,0.269141,0.315626,0.482903,0.657960,0.546648,0.609214,0.530560,0.495759,0.502537,0.375045,0.251139,0.287720,0.174833,0.296614,0.257761,0.261084,0.280586,0.205413,0.101197,0.122124,0.336754,0.362976,0.673558,0.465009,0.588158,0.693925,0.664557,0.593937,0.755220,0.389548,0.150288,0.038860,0.104840,0.488671,0.650364,0.424199,0.557924,0.542077,0.544640,0.150851,0.157255,0.453107,0.433990,0.215079,0.491022,0.558382,0.665607,0.177794,0.447176,0.368808,0.260804
0.168992,0.030363,0.465787,0.502884,0.974275,0.472265,0.428352,0.650971,0.000000,0.676184,0.453699,0.395671,0.575653,0.375608,0.739882,0.458781,0.266464,0.339180,0.418977,0.486295,0.021831,0.124617,0.523160,0.569848,0.296556,0.302096,0.022345,0.213651,0.293489,0.316458,0.166606,0.297166,0.342109,0.348219,0.199741,0.397191,0.588836,0.290187,0.348328,0.414150,0.306656,0.379376,0.485323,0.408362,0.228709,0.183040,0.551227,0.515285,0.405097,0.184843,0.447424,0.431145,0.413193,0.480924,0.478078,0.381809,0.096277,0.007768,0.218302,0.223434,0.293111,0.393250,0.307177,0.348278,0.379716,0.374706,0.433697,0.434546,0.467500,0.146221,-0.058727,0.022232,0.701751,0.659025,0.493116,0.581324,0.686585,0.582148,-0.025446,0.152817,0.292526,0.304578,0.223739,0.295186,0.467280,0.378357,0.342031,0.314078,0.606020,0.382377
0.284459,0.045536,0.340339,0.604269,0.539867,1.010780,0.595447,0.750481,0.676184,0.000000,0.372049,0.404212,0.426456,0.430822,0.593232,0.710033,0.184589,0.426116,0.313960,0.429674,0.296815,0.381529,0.500298,0.446129,0.345549,0.315598,0.131219,0.577975,0.330537,0.357249,0.261578,0.340784,0.389923,0.408970,0.357551,0.579636,0.450762,0.337114,0.254267,0.239132,0.254527,0.309908,0.538033,0.457223,0.435876,0.353898,0.428381,0.497179,0.331688,0.262203,0.354909,0.305427,0.229122,0.283120,0.297475,0.343544,0.193351,0.108329,0.310428,0.307075,0.446182,0.552966,0.331966,0.368379,0.567678,0.629646,0.590632,0.599390,0.465275,0.378756,0.180319,0.217241,0.423370,0.465541,0.373536,0.583535,0.524257,0.476571,0.186569,0.152105,0.303123,0.384733,0.249330,0.370349,0.549971,0.538536,0.286884,0.446705,0.486572,0.284242
0.604321,0.323765,0.711644,0.486678,0.389797,0.251312,0.698452,0.381732,0.453699,0.372049,0.000000,0.719243,1.081100,0.903115,0.747494,0.502345,0.446366,0.325338,0.360041,0.260931,0.186550,0.019007,0.472939,0.174067,0.263521,0.318306,0.292720,0.171175,0.319456,0.245523,0.226478,0.118574,0.525720,0.277895,0.253420,0.334725,0.273457,0.120257,0.401062,0.258020,0.304693,0.172602,0.493803,0.351136,0.022158,-0.012682,0.536423,0.536972,0.429997,0.184123,0.735858,0.576148,0.567051,0.695712,0.654242,0.591815,0.192400,0.150480,0.444557,0.272858,0.412680,0.388608,0.198625,0.237361,0.347063,0.250094,0.593546,0.297664,0.249713,0.078084,0.053668,-0.058395,0.406974,0.459700,0.545261,0.430846,0.609897,0.524870,0.041021,0.130786,0.057591,0.144542,0.325837,0.213505,0.160682,0.065355,0.176408,0.111123,0.492677,0.353492
0.733001,0.592971,0.290948,0.599730,0.135934,0.321413,0.504931,0.565843,0.395671,0.404212,0.719243,0.000000,0.741756,1.072019,0.418185,0.376755,0.620297,0.638054,0.119217,0.271867,0.227762,0.164539,0.113478,0.045367,0.174220,0.127542,-0.012038,0.055384,0.636862,0.701041,0.261228,0.303956,0.641607,0.610494,0.155402,0.436895,0.348042,0.221237,0.472458,0.300970,0.169991,0.254184,0.671374,0.697041,0.240450,0.314128,0.650680,0.628508,0.607212,0.414776,0.672226,0.650658,0.640601,0.577914,0.680761,0.679132,0.477043,0.350267,0.534805,0.557296,0.474381,0.581344,0.260275,0.420027,0.187959,0.455060,0.651203,0.425476,0.344698,0.037252,0.116636,0.017636,0.398163,0.445280,0.330244,0.328257,0.515553,0.584135,0.340027,0.200985,0.304446,0.396951,0.368747,0.500258,0.275810,0.355835,0.416217,0.240129,0.246717,0.311572
0.586966,0.375125,0.687608,0.581203,0.412785,0.318114,0.863536,0.451712,0.575653,0.426456,1.081100,0.741756,0.000000,0.957544,0.738628,0.499250,0.467193,0.417816,0.352288,0.335427,0.140488,0.076443,0.410298,0.170494,0.154000,0.285280,0.212693,0.145204,0.330146,0.260887,0.148757,0.082861,0.558698,0.364811,0.190719,0.340180,0.263548,0.113299,0.392149,0.296429,0.291375,0.194230,0.413730,0.251842,0.083534,0.060555,0.489663,0.464853,0.427214,0.229267,0.604739,0.531660,0.515974,0.631736,0.515365,0.591727,0.285619,0.269488,0.487805,0.316848,0.531919,0.525503,0.289077,0.357984,0.335228,0.250127,0.608064,0.245873,0.325531,0.033780,-0.071025,-0.187678,0.423891,0.461991,0.485298,0.492764,0.555832,0.468326,0.102901,0.116494,0.095780,0.238019,0.305979,0.289036,0.169924,0.093163,0.213130,0.112443,0.488249,0.460351
0.711546,0.512072,0.371232,0.693106,0.168773,0.342855,0.665886,0.655047,0.375608,0.430822,0.903115,1.072019,0.957544,0.000000,0.451081,0.448087,0.476602,0.598608,0.277649,0.403314,0.252536,0.193100,0.193562,0.171011,0.136414,0.238358,0.008420,0.071502,0.398925,0.469450,0.256712,0.298223,0.754455,0.558310,0.194071,0.434247,0.223524,0.171176,0.385682,0.227677,0.200639,0.291537,0.520410,0.467272,0.230321,0.221656,0.553690,0.533106,0.486899,0.289458,0.567558,0.501901,0.499667,0.604780,0.558106,0.577916,0.475064,0.334671,0.479482,0.432786,0.599354,0.595912,0.328886,0.475110,0.350198,0.423091,0.714097,0.389473,0.467575,0.037939,0.039594,-0.019755,0.372251,0.474706,0.393609,0.351964,0.512109,0.445233,0.145626,0.151734,0.251958,0.336150,0.281120,0.324328,0.208246,0.253680,0.160246,0.119283,0.355762,0.326479
0.442985,0.112243,0.904599,0.501681,0.713268,0.548368,0.744493,0.383195,0.739882,0.593232,0.747494,0.418185,0.738628,0.451081,0.000000,0.814631,0.455082,0.385858,0.659277,0.429843,0.236714,0.032787,0.909108,0.515798,0.566504,0.653938,0.460507,0.509049,0.449589,0.349043,0.390537,0.206651,0.406914,0.215239,0.522351,0.489216,0.607103,0.211819,0.738758,0.490068,0.535749,0.390070,0.426215,0.277398,0.226833,0.146148,0.557914,0.555519,0.447214,0.262253,0.674773,0.604726,0.557628,0.636015,0.590669,0.628332,0.158279,0.080798,0.494791,0.233641,0.428454,0.374751,0.394267,0.310418,0.553738,0.251559,0.545112,0.356740,0.391962,0.309364,0.012411,-0.077860,0.689263,0.560131,0.702588,0.712604,0.644309,0.537069,0.095048,0.387985,0.325208,0.470030,0.625730,0.462884,0.585508,0.293015,0.486989,0.562459,0.887832,0.650539
0.330242,0.050947,0.682771,0.559321,0.601555,0.785467,0.819852,0.599638,0.458781,0.710033,0.502345,0.376755,0.499250,0.448087,0.814631,0.000000,0.348775,0.375116,0.642462,0.596276,0.355385,0.197507,0.752235,0.721676,0.537985,0.753795,0.393638,0.592194,0.334221,0.445527,0.553909,0.422154,0.499795,0.334650,0.508043,0.513908,0.410815,0.137784,0.620280,0.526441,0.769230,0.602936,0.439280,0.281567,0.352574,0.279421,0.435554,0.492655,0.220350,0.102835,0.393155,0.237633,0.370635,0.390322,0.297332,0.359598,0.089857,0.078063,0.316317,0.048994,0.361899,0.565831,0.631576,0.629172,0.586584,0.326416,0.518848,0.490269,0.350288,0.407516,-0.013196,-0.122492,0.632290,0.652132,0.840751,0.889971,0.598304,0.506345,0.106002,0.415931,0.456029,0.701392,0.558164,0.636933,0.408712,0.446741,0.275201,0.780067,0.598278,0.564050
0.838272,0.613740,0.260425,0.535089,0.124288,0.139645,0.363644,0.218607,0.266464,0.184589,0.446366,0.620297,0.467193,0.476602,0.455082,0.348775,0.000000,0.682423,0.356725,0.374330,0.252310,0.087007,0.159992,-0.002850,0.275911,0.118709,0.206099,0.124623,0.807714,0.611597,0.313836,0.230515,0.638802,0.543883,0.244567,0.182230,0.231483,0.036922,0.596029,0.279520,0.167227,0.136451,0.321278,0.354144,0.300641,0.311216,0.387124,0.423509,0.520104,0.365688,0.548026,0.473225,0.643535,0.450110,0.487070,0.532240,0.669654,0.647120,0.737658,0.528368,0.730102,0.587856,0.693847,0.536605,0.141603,0.245006,0.417379,0.228059,0.472247,0.243646,0.135529,-0.016395,0.423922,0.269534,0.348779,0.305297,0.306949,0.227335,0.551598,0.477549,0.565783,0.577174,0.825867,0.587694,0.353537,0.195675,0.557583,0.299962,0.237279,0.346198
0.596009,0.509342,0.092639,0.535546,0.168539,0.403950,0.404163,0.458237,0.339180,0.426116,0.325338,0.638054,0.417816,0.598608,0.385858,0.375116,0.682423,0.000000,0.149140,0.352604,0.362518,0.217193,0.076828,0.018477,0.210761,0.160057,0.014444,0.128388,0.713986,0.842001,0.242781,0.355092,0.703330,0.629937,0.280836,0.436896,0.192128,0.006153,0.441975,0.158157,0.081559,0.212505,0.419824,0.371603,0.592920,0.629444,0.398183,0.372837,0.359455,0.349715,0.254207,0.247394,0.390342,0.336268,0.304626,0.400282,0.896280,0.750879,0.598956,0.547570,0.794395,0.902635,0.768002,0.857174,0.338439,0.445310,0.587547,0.577821,0.536349,0.139496,0.039500,-0.037263,0.342020,0.338987,0.252735,0.394284,0.433700,0.358508,0.448766,0.257671,0.532934,0.604537,0.481651,0.512568,0.408013,0.330565,0.436493,0.339269,0.240786,0.262917
0.410647,0.107340,0.700356,0.492731,0.555540,0.420252,0.548518,0.191573,0.418977,0.313960,0.360041,0.119217,0.352288,0.277649,0.659277,0.642462,0.356725,0.149140,0.000000,1.005167,0.142130,0.128989,0.592818,0.701737,0.279711,0.558436,0.341535,0.414662,0.146315,0.063521,0.367661,0.194006,0.451147,0.238511,0.231272,0.189536,0.409751,0.104667,0.530954,0.452361,0.536633,0.347826,0.165814,0.051737,0.109918,-0.029427,0.345340,0.347303,0.198849,-0.055710,0.380561,0.362610,0.453400,0.512034,0.381508,0.299699,0.102696,0.174320,0.402722,0.036163,0.326874,0.325401,0.483271,0.344718,0.277086,0.049928,0.297014,0.149313,0.607532,0.480255,-0.144541,-0.229829,0.605032,0.405935,0.641348,0.508908,0.413925,0.222921,-0.183195,0.518942,0.282564,0.410011,0.475847,0.262823,0.239447,0.133608,0.168932,0.364653,0.949366,0.689410
0.334715,0.220499,0.305091,0.710504,0.443974,0.511497,0.487793,0.499842,0.486295,0.429674,0.260931,0.271867,0.335427,0.403314,0.429843,0.596276,0.374330,0.352604,1.005167,0.000000,0.289690,0.352753,0.325244,0.624540,0.141942,0.313169,0.094261,0.363890,0.234055,0.303470,0.327862,0.391613,0.530655,0.580878,0.164282,0.281422,0.430777,0.251619,0.337290,0.399070,0.441973,0.514445,0.343777,0.275084,0.343131,0.240959,0.423353,0.470598,0.208978,0.018605,0.253548,0.230416,0.407548,0.434219,0.310481,0.318219,0.198655,0.337010,0.322170,0.221353,0.374610,0.485082,0.559118,0.563301,0.282660,0.235510,0.400734,0.438111,0.778034,0.609876,-0.071461,-0.100558,0.603385,0.570349,0.487642,0.530122,0.430220,0.325510,-0.003374,0.434239,0.457487,0.509779,0.411970,0.316056,0.355126,0.337226,0.150991,0.378517,0.672711,0.540187
0.230332,0.156875,0.058298,0.382326,0.052570,0.275163,0.181366,0.316859,0.021831,0.296815,0.186550,0.227762,0.140488,0.252536,0.236714,0.355385,0.252310,0.362518,0.142130,0.289690,0.000000,0.597605,0.116008,0.152069,0.292772,0.104957,0.258573,0.379274,0.430647,0.499468,0.376556,0.375008,0.342746,0.380909,0.283674,0.352676,0.143042,0.343456,0.172326,0.264606,0.129675,0.252559,0.306060,0.315642,0.409192,0.366774,0.278303,0.331629,0.190327,0.168917,0.144757,0.071642,0.159085,0.177305,0.167054,0.224933,0.335584,0.290421,0.197720,0.203061,0.307658,0.244900,0.408161,0.410273,0.146545,0.168918,0.291037,0.327883,0.399312,0.227852,0.313520,0.286107,0.281962,0.350943,0.282670,0.233997,0.266824,0.200135,0.164429,0.310710,0.378525,0.463400,0.419651,0.413348,0.274039,0.421202,0.132876,0.271274,0.199948,0.268337
0.194201,0.143233,-0.028879,0.401598,0.081434,0.323854,0.134091,0.315540,0.124617,0.381529,0.019007,0.164539,0.076443,0.193100,0.032787,0.197507,0.087007,0.217193,0.128989,0.352753,0.597605,0.000000,0.013277,0.209485,0.081176,-0.111472,0.012068,0.282565,0.259999,0.335160,0.196375,0.289253,0.262205,0.408116,0.053994,0.295996,0.251044,0.545990,-0.068947,0.252288,-0.105944,0.102246,0.276736,0.394146,0.294231,0.259194,0.244291,0.289599,0.267582,0.239641,0.121849,0.128136,0.093169,0.135277,0.226985,0.178721,0.325123,0.173756,0.074895,0.223566,0.195731,0.132379,0.082796,0.151071,0.047971,0.260226,0.160746,0.150918,0.386060,0.140581,0.528987,0.557767,0.163318,0.224391,0.058264,0.105959,0.281229,0.314448,0.109219,0.139365,0.207989,0.219253,0.046835,0.073640,0.198026,0.406182,0.105800,0.074284,0.228699,0.267121
0.299901,0.007381,0.849016,0.379792,0.684307,0.492909,0.692937,0.373572,0.523160,0.500298,0.472939,0.113478,0.410298,0.193562,0.909108,0.752235,0.159992,0.076828,0.592818,0.325244,0.116008,0.013277,0.000000,0.778518,0.688223,0.718883,0.511098,0.455902,0.224550,0.137929,0.512243,0.334252,0.201147,0.093081,0.534570,0.446102,0.382940,0.035342,0.464030,0.360069,0.527630,0.327625,0.302917,0.133131,0.125099,0.070930,0.340161,0.338123,0.206554,0.147200,0.324224,0.252112,0.274285,0.347466,0.308259,0.360415,-0.046188,-0.085322,0.082883,-0.147911,0.071128,0.148492,0.228205,0.210880,0.510726,0.116145,0.204452,0.169773,0.074613,0.192062,-0.013021,-0.076354,0.694587,0.478909,0.655064,0.594953,0.505862,0.299133,-0.098807,0.330263,0.137716,0.300200,0.341171,0.306995,0.431104,0.194357,0.379543,0.544416,0.629436,0.539818
0.045703,-0.086970,0.471473,0.455334,0.690994,0.566712,0.536993,0.618930,0.569848,0.446129,0.174067,0.045367,0.170494,0.171011,0.515798,0.721676,-0.002850,0.018477,0.701737,0.624540,0.152069,0.209485,0.778518,0.000000,0.372675,0.826005,0.149985,0.605588,0.017366,0.126058,0.513352,0.620361,0.262971,0.189534,0.380688,0.428576,0.358209,0.134118,0.354093,0.442063,0.707665,0.650149,0.204929,0.103524,0.290132,0.158267,0.226411,0.234929,0.049282,-0.036420,0.110364,0.035109,0.123162,0.145041,0.096313,0.050602,-0.146112,-0.138777,-0.079221,-0.225390,0.014534,0.230877,0.325723,0.395203,0.583101,0.207573,0.138614,0.277319,0.195836,0.196657,-0.097923,-0.139205,0.675723,0.643809,0.652176,0.567232,0.411191,0.290352,-0.245425,0.381122,0.373559,0.445871,0.160045,0.321467,0.397700,0.443781,0.093345,0.613788,0.633239,0.534200
0.261415,0.086750,0.589379,0.531561,0.323418,0.262300,0.333138,0.262618,0.296556,0.345549,0.263521,0.174220,0.154000,0.136414,0.566504,0.537985,0.275911,0.210761,0.279711,0.141942,0.292772,0.081176,0.688223,0.372675,0.000000,0.557817,0.725138,0.292429,0.460131,0.408499,0.633997,0.448489,0.295889,0.264144,0.771916,0.523294,0.284067,0.123052,0.455610,0.416656,0.266284,0.257734,0.272077,0.237149,0.261909,0.201205,0.193586,0.321049,0.279606,0.295568,0.356401,0.220378,0.271244,0.214598,0.246140,0.349731,0.154757,0.116930,0.318984,0.104460,0.163994,0.044744,0.302243,0.181801,0.306226,0.114852,0.298650,0.253832,0.233910,0.191070,0.209198,0.202285,0.546024,0.364602,0.461012,0.303040,0.317317,0.249123,0.225503,0.409217,0.340547,0.451737,0.553949,0.485540,0.524335,0.436780,0.554422,0.609077,0.426998,0.313809
0.164247,0.015518,0.727562,0.345967,0.482581,0.560662,0.583530,0.301481,0.302096,0.315598,0.318306,0.127542,0.285280,0.238358,0.653938,0.753795,0.118709,0.160057,0.558436,0.313169,0.104957,-0.111472,0.718883,0.826005,0.557817,0.000000,0.353894,0.617688,0.050101,0.124735,0.475509,0.351276,0.263989,-0.010964,0.464673,0.342000,0.268502,-0.080952,0.645263,0.420195,0.932410,0.594596,0.099433,-0.079732,0.180676,0.082904,0.163344,0.199142,-0.010133,-0.038534,0.185749,0.134534,0.216831,0.224834,0.110328,0.190443,-0.044016,0.042312,0.146166,-0.206310,0.099467,0.250444,0.393837,0.403642,0.459227,0.036202,0.169329,0.187002,0.080743,0.150529,-0.152045,-0.347370,0.482457,0.475542,0.717294,0.538011,0.370458,0.266709,-0.074189,0.411463,0.279168,0.493641,0.351833,0.393074,0.263303,0.207696,0.183619,0.692661,0.601603,0.609779
0.221596,0.042988,0.640273,0.297717,0.272202,0.194993,0.270399,-0.041811,0.022345,0.131219,0.292720,-0.012038,0.212693,0.008420,0.460507,0.393638,0.206099,0.014444,0.341535,0.094261,0.258573,0.012068,0.511098,0.149985,0.725138,0.353894,0.000000,0.337830,0.098089,-0.000680,0.312370,0.049525,0.099648,0.017674,0.456421,0.216241,0.181731,0.093509,0.245800,0.284944,0.256785,0.039464,-0.036782,-0.067054,-0.044678,-0.095634,0.070198,0.145645,0.128861,0.051988,0.376571,0.201386,0.247891,0.219899,0.181594,0.188734,-0.039462,0.123415,0.321799,0.054699,0.095386,0.025671,0.144943,0.046103,0.142376,0.019021,0.114238,0.009383,0.072061,0.275314,0.126170,-0.004359,0.235168,0.125919,0.368049,0.225981,0.069040,0.025080,0.069003,0.392405,0.106820,0.258568,0.529515,0.256882,0.213708,0.102128,0.200730,0.301602,0.417453,0.333776
0.151336,-0.065800,0.383494,0.376518,0.444801,0.714300,0.474214,0.285781,0.213651,0.577975,0.171175,0.055384,0.145204,0.071502,0.509049,0.592194,0.124623,0.128388,0.414662,0.363890,0.379274,0.282565,0.455902,0.605588,0.292429,0.617688,0.337830,0.000000,0.089428,0.101294,0.301428,0.241377,0.129767,0.123473,0.362571,0.376541,0.340311,0.203433,0.321444,0.332289,0.476508,0.322246,0.087537,0.031690,0.301152,0.142513,0.107818,0.178660,0.030612,0.009977,0.241561,0.139942,0.111773,0.068281,0.063018,0.112868,-0.022530,0.045899,0.118950,-0.006647,0.183656,0.269915,0.241684,0.253673,0.408911,0.299470,0.194749,0.272584,0.171471,0.364520,0.117550,0.033113,0.319381,0.261026,0.430694,0.442803,0.247820,0.160008,0.080043,0.346612,0.266820,0.413000,0.282948,0.312977,0.433494,0.376352,0.159693,0.533521,0.467511,0.464559
0.716229,0.483236,0.125194,0.426731,0.032475,0.195599,0.303379,0.328783,0.293489,0.330537,0.319456,0.636862,0.330146,0.398925,0.449589,0.334221,0.807714,0.713986,0.146315,0.234055,0.430647,0.259999,0.224550,0.017366,0.460131,0.050101,0.098089,0.089428,0.000000,1.161261,0.549763,0.552490,0.596666,0.692974,0.336938,0.395182,0.251801,0.170809,0.442417,0.305851,-0.007139,0.165244,0.425939,0.511909,0.467359,0.528881,0.351931,0.395903,0.487457,0.525745,0.321570,0.297851,0.323578,0.269444,0.358513,0.488068,0.774633,0.497250,0.478935,0.452836,0.474162,0.315346,0.544458,0.387315,0.140957,0.207695,0.386221,0.327821,0.393162,0.066918,0.388190,0.245880,0.541330,0.345653,0.227704,0.261396,0.398692,0.386461,0.651176,0.398350,0.593414,0.619631,0.662818,0.707899,0.615791,0.381371,0.694818,0.403161,0.088666,0.178952
0.467075,0.375824,-0.008564,0.446868,0.073175,0.310737,0.227900,0.548565,0.316458,0.357249,0.245523,0.701041,0.260887,0.469450,0.349043,0.445527,0.611597,0.842001,0.063521,0.303470,0.499468,0.335160,0.137929,0.126058,0.408499,0.124735,-0.000680,0.101294,1.161261,0.000000,0.491318,0.669187,0.595189,0.676329,0.318140,0.449818,0.276406,0.170639,0.384089,0.307461,0.120384,0.340147,0.467351,0.529988,0.613948,0.697524,0.337127,0.359354,0.386913,0.434441,0.190421,0.138807,0.249782,0.180227,0.251038,0.315791,0.583000,0.393715,0.340739,0.367622,0.365137,0.427461,0.661306,0.645442,0.182474,0.298774,0.418478,0.484703,0.403266,0.086199,0.302110,0.237023,0.528248,0.524218,0.279560,0.374935,0.412220,0.519884,0.558317,0.369287,0.770620,0.774266,0.576528,0.900044,0.549703,0.615304,0.571364,0.520081,0.114059,0.170207
0.368279,0.350303,0.260590,0.435464,0.013083,0.218671,0.418601,0.323814,0.166606,0.261578,0.226478,0.261228,0.148757,0.256712,0.390537,0.553909,0.313836,0.242781,0.367661,0.327862,0.376556,0.196375,0.512243,0.513352,0.633997,0.475509,0.312370,0.301428,0.549763,0.491318,0.000000,0.981869,0.610586,0.503978,0.443594,0.291235,0.052381,0.132462,0.305327,0.218543,0.225970,0.321027,0.075989,0.151438,0.322547,0.291910,0.068207,0.143333,0.132599,0.249261,0.076408,0.034513,0.037332,0.051719,0.084914,0.124356,0.253579,0.292843,0.175790,0.043655,0.171674,0.190183,0.429600,0.379170,0.315555,0.044529,0.162669,0.217829,0.086433,0.119884,0.286094,0.128198,0.491212,0.331576,0.358547,0.248920,0.248958,0.131574,0.238437,0.498939,0.448250,0.554769,0.391350,0.414588,0.433258,0.369301,0.239409,0.496532,0.225406,0.239552
0.265557,0.313876,0.029999,0.499014,0.097470,0.297625,0.311302,0.650007,0.297166,0.340784,0.118574,0.303956,0.082861,0.298223,0.206651,0.422154,0.230515,0.355092,0.194006,0.391613,0.375008,0.289253,0.334252,0.620361,0.448489,0.351276,0.049525,0.241377,0.552490,0.669187,0.981869,0.000000,0.579197,0.681088,0.407440,0.515720,0.021319,0.101445,0.125737,0.109368,0.169823,0.388667,0.246282,0.283746,0.538439,0.521643,0.108095,0.154601,0.112910,0.207688,-0.062038,-0.169188,-0.032989,-0.095243,-0.016313,0.007449,0.318610,0.289691,0.056254,0.072127,0.170288,0.253311,0.454182,0.532767,0.355867,0.218974,0.212367,0.450083,0.139109,0.027874,0.271956,0.175590,0.556756,0.504447,0.322221,0.269973,0.386131,0.292675,0.219337,0.378134,0.530414,0.548665,0.213883,0.426938,0.506670,0.510890,0.171395,0.428512,0.124380,0.093921
0.743854,0.512058,0.351156,0.772632,0.115571,0.264301,0.611059,0.459306,0.342109,0.389923,0.525720,0.641607,0.558698,0.754455,0.406914,0.499795,0.638802,0.703330,0.451147,0.530655,0.342746,0.262205,0.201147,0.262971,0.295889,0.263989,0.099648,0.129767,0.596666,0.595189,0.610586,0.579197,0.000000,0.909001,0.397865,0.371913,0.132257,0.091825,0.399624,0.178308,0.151825,0.259780,0.343808,0.333144,0.429162,0.378907,0.347579,0.417822,0.383572,0.323794,0.364346,0.325963,0.310220,0.315753,0.332784,0.364263,0.660711,0.507929,0.673834,0.389562,0.796342,0.685267,0.667163,0.703652,0.399272,0.381578,0.671668,0.473825,0.529531,0.128475,0.184462,0.026471,0.495127,0.404039,0.428897,0.353986,0.447278,0.329453,0.298221,0.339823,0.412764,0.568801,0.348489,0.399162,0.323909,0.336446,0.165591,0.250263,0.323864,0.268690
0.587120,0.477607,0.028846,0.843073,0.079898,0.234485,0.407665,0.597130,0.348219,0.408970,0.277895,0.610494,0.364811,0.558310,0.215239,0.334650,0.543883,0.629937,0.238511,0.580878,0.380909,0.408116,0.093081,0.189534,0.264144,-0.010964,0.017674,0.123473,0.692974,0.676329,0.503978,0.681088,0.909001,0.000000,0.363180,0.564770,0.205122,0.340110,0.183805,0.188276,-0.039335,0.255304,0.484735,0.575420,0.558879,0.542229,0.383905,0.466706,0.467833,0.464804,0.311605,0.252849,0.222644,0.182742,0.312822,0.350035,0.599104,0.537428,0.526300,0.591929,0.661668,0.579531,0.518788,0.573375,0.355302,0.610940,0.637219,0.603189,0.534009,0.185376,0.238633,0.231481,0.459383,0.380204,0.215428,0.264618,0.415396,0.316963,0.397444,0.438529,0.455919,0.533005,0.310848,0.359875,0.557912,0.573231,0.260922,0.246089,0.206233,0.156065
0.223086,-0.026999,0.389621,0.508679,0.247496,0.250542,0.430585,0.365720,0.199741,0.357551,0.253420,0.155402,0.190719,0.194071,0.522351,0.508043,0.244567,0.280836,0.231272,0.164282,0.283674,0.053994,0.534570,0.380688,0.771916,0.464673,0.456421,0.362571,0.336938,0.318140,0.443594,0.407440,0.397865,0.363180,0.000000,0.904988,0.243052,0.111743,0.400891,0.233678,0.294083,0.307005,0.447638,0.344500,0.570647,0.495689,0.314778,0.425932,0.256514,0.386635,0.357988,0.188818,0.143690,0.122343,0.171796,0.353470,0.146985,0.100372,0.393748,0.152521,0.353404,0.303602,0.432938,0.387707,0.711470,0.491614,0.602861,0.662631,0.250776,0.198550,-0.008931,-0.026994,0.423981,0.327499,0.445048,0.457911,0.348458,0.282046,0.241057,0.407267,0.349092,0.528518,0.402020,0.391816,0.746211,0.605660,0.327435,0.574461,0.335346,0.311269
0.313416,0.039232,0.297914,0.633874,0.342167,0.530429,0.476650,0.672106,0.397191,0.579636,0.334725,0.436895,0.340180,0.434247,0.489216,0.513908,0.182230,0.436896,0.189536,0.281422,0.352676,0.295996,0.446102,0.428576,0.523294,0.342000,0.216241,0.376541,0.395182,0.449818,0.291235,0.515720,0.371913,0.564770,0.904988,0.000000,0.377597,0.306826,0.303762,0.358346,0.219525,0.395986,0.840867,0.703907,0.584621,0.603777,0.675897,0.711059,0.428506,0.447733,0.480191,0.318390,0.285611,0.304673,0.419696,0.545147,0.281148,0.091418,0.296759,0.292513,0.368069,0.414600,0.310212,0.442556,0.613705,0.727690,0.743781,0.865655,0.359769,0.143715,0.023999,0.094295,0.564624,0.630397,0.473792,0.581178,0.694563,0.525006,0.190591,0.349149,0.317313,0.488951,0.231854,0.364958,0.729153,0.776991,0.320028,0.492859,0.396212,0.398732
0.175071,-0.138099,0.373604,0.318876,0.578868,0.602546,0.341672,0.402051,0.588836,0.450762,0.273457,0.348042,0.263548,0.223524,0.607103,0.410815,0.231483,0.192128,0.409751,0.430777,0.143042,0.251044,0.382940,0.358209,0.284067,0.268502,0.181731,0.340311,0.251801,0.276406,0.052381,0.021319,0.132257,0.205122,0.243052,0.377597,0.000000,0.584143,0.487250,0.687815,0.352586,0.445771,0.548673,0.468713,0.239402,0.155677,0.697743,0.649829,0.404387,0.178154,0.592718,0.587944,0.524744,0.529251,0.629931,0.568387,-0.015451,-0.136094,0.242075,0.247673,0.184961,0.270644,0.208630,0.133434,0.302041,0.387662,0.438322,0.402365,0.460453,0.429075,0.051764,0.114267,0.449997,0.460552,0.383919,0.598373,0.496549,0.582973,0.064009,0.331856,0.315514,0.356291,0.389834,0.382585,0.509616,0.464481,0.449686,0.468298,0.651910,0.473794
0.033199,-0.106934,0.040648,0.234504,0.126126,0.244606,0.083946,0.276187,0.290187,0.337114,0.120257,0.221237,0.113299,0.171176,0.211819,0.137784,0.036922,0.006153,0.104667,0.251619,0.343456,0.545990,0.035342,0.134118,0.123052,-0.080952,0.093509,0.203433,0.170809,0.170639,0.132462,0.101445,0.091825,0.340110,0.111743,0.306826,0.584143,0.000000,0.044135,0.555831,-0.057399,0.254606,0.404466,0.630424,0.235787,0.205613,0.508772,0.583230,0.490506,0.396842,0.414157,0.455483,0.157467,0.334356,0.515584,0.419357,0.013533,-0.106454,0.115773,0.425584,0.156610,0.029187,-0.062568,-0.091170,0.104838,0.416134,0.316322,0.281578,0.368057,0.314080,0.362880,0.529455,0.097021,0.244659,-0.042707,0.105071,0.215304,0.327549,0.132068,0.276957,0.292280,0.226638,0.204687,0.153049,0.450250,0.692391,0.163002,0.174878,0.331198,0.251121
0.481975,0.175640,0.613343,0.366295,0.372666,0.375726,0.508217,0.214261,0.348328,0.254267,0.401062,0.472458,0.392149,0.385682,0.738758,0.620280,0.596029,0.441975,0.530954,0.337290,0.172326,-0.068947,0.464030,0.354093,0.455610,0.645263,0.245800,0.321444,0.442417,0.384089,0.305327,0.125737,0.399624,0.183805,0.400891,0.303762,0.487250,0.044135,0.000000,0.626007,0.668611,0.483615,0.350567,0.256483,0.189999,0.153133,0.462269,0.467653,0.264674,0.165476,0.530658,0.575359,0.652572,0.569747,0.498453,0.607946,0.256716,0.198071,0.473488,0.144562,0.356592,0.404839,0.502520,0.394186,0.314826,0.180389,0.348651,0.223300,0.400068,0.206468,-0.186686,-0.328778,0.537512,0.365184,0.660762,0.564026,0.435554,0.418595,0.101866,0.447085,0.444977,0.636901,0.775810,0.636578,0.392741,0.265389,0.619881,0.650964,0.526134,0.671704
0.186601,-0.005009,0.499359,0.312649,0.456280,0.386069,0.336609,0.269141,0.414150,0.239132,0.258020,0.300970,0.296429,0.227677,0.490068,0.526441,0.279520,0.158157,0.452361,0.399070,0.264606,0.252288,0.360069,0.442063,0.416656,0.420195,0.284944,0.332289,0.305851,0.307461,0.218543,0.109368,0.178308,0.188276,0.233678,0.358346,0.687815,0.555831,0.626007,0.000000,0.531835,0.697792,0.367319,0.362939,0.139381,0.091253,0.576515,0.597417,0.340097,0.149542,0.529771,0.515736,0.465066,0.586229,0.581120,0.571522,0.016712,-0.042126,0.131102,0.057321,0.053064,0.138043,0.229417,0.185929,0.123540,0.133321,0.217947,0.134511,0.391696,0.286489,0.063175,0.036075,0.550044,0.603245,0.449007,0.504269,0.420390,0.443501,0.039755,0.518731,0.550857,0.595050,0.524389,0.590855,0.389794,0.542111,0.474699,0.644396,0.628252,0.723406
0.112272,-0.029831,0.563372,0.264562,0.564058,0.445521,0.506964,0.315626,0.306656,0.254527,0.304693,0.169991,0.291375,0.200639,0.535749,0.769230,0.167227,0.081559,0.536633,0.441973,0.129675,-0.105944,0.527630,0.707665,0.266284,0.932410,0.256785,0.476508,-0.007139,0.120384,0.225970,0.169823,0.151825,-0.039335,0.294083,0.219525,0.352586,-0.057399,0.668611,0.531835,0.000000,0.874292,0.190062,0.003744,0.070031,0.020976,0.270712,0.281001,-0.031950,-0.142064,0.253554,0.173218,0.347029,0.343524,0.169734,0.227634,-0.214194,-0.031682,0.058306,-0.237807,-0.005634,0.288640,0.376914,0.413561,0.437183,0.046031,0.141210,0.158354,0.135901,0.269970,-0.351438,-0.494346,0.630246,0.649141,0.889583,0.783901,0.366214,0.319114,-0.102787,0.365664,0.347671,0.493546,0.400695,0.478430,0.168671,0.199579,0.126408,0.627487,0.551017,0.649814
0.055307,0.014001,0.274516,0.320408,0.363840,0.424651,0.397239,0.482903,0.379376,0.309908,0.172602,0.254184,0.194230,0.291537,0.390070,0.602936,0.136451,0.212505,0.347826,0.514445,0.252559,0.102246,0.327625,0.650149,0.257734,0.594596,0.039464,0.322246,0.165244,0.340147,0.321027,0.388667,0.259780,0.255304,0.307005,0.395986,0.445771,0.254606,0.483615,0.697792,0.874292,0.000000,0.352607,0.288136,0.313489,0.273166,0.384919,0.410222,0.062679,-0.001014,0.189456,0.140388,0.221375,0.285299,0.203515,0.309292,-0.071917,0.011089,0.016818,-0.084086,0.045520,0.280155,0.392775,0.473968,0.412425,0.216572,0.261472,0.387774,0.269766,0.303827,-0.127492,-0.204374,0.633151,0.778284,0.662095,0.675224,0.439304,0.438874,0.065653,0.456137,0.632064,0.668412,0.331509,0.530272,0.436803,0.538612,0.198912,0.676376,0.438642,0.495194
0.380618,0.130812,0.188979,0.527624,0.351932,0.465504,0.390614,0.657960,0.485323,0.538033,0.493803,0.671374,0.413730,0.520410,0.426215,0.439280,0.321278,0.419824,0.165814,0.343777,0.306060,0.276736,0.302917,0.204929,0.272077,0.099433,-0.036782,0.087537,0.425939,0.467351,0.075989,0.246282,0.343808,0.484735,0.447638,0.840867,0.548673,0.404466,0.350567,0.367319,0.190062,0.352607,0.000000,1.397622,0.515953,0.632582,1.312062,1.265827,0.700164,0.558290,0.595937,0.541474,0.580971,0.607655,0.749155,0.853464,0.309004,0.073093,0.267216,0.428357,0.381889,0.428614,0.248664,0.360607,0.426836,0.638100,0.808182,0.833723,0.480350,0.188394,-0.006521,0.122846,0.425862,0.565695,0.387232,0.514650,0.756686,0.681039,0.189701,0.198138,0.269128,0.341448,0.314841,0.363065,0.484448,0.574254,0.415981,0.346194,0.338848,0.317175
0.373198,0.160406,0.032244,0.453917,0.178219,0.305553,0.219121,0.546648,0.408362,0.457223,0.351136,0.697041,0.251842,0.467272,0.277398,0.281567,0.354144,0.371603,0.051737,0.275084,0.315642,0.394146,0.133131,0.103524,0.237149,-0.079732,-0.067054,0.031690,0.511909,0.529988,0.151438,0.283746,0.333144,0.575420,0.344500,0.703907,0.468713,0.630424,0.256483,0.362939,0.003744,0.288136,1.397622,0.000000,0.509707,0.666189,1.067831,1.135810,0.819579,0.765992,0.587766,0.594101,0.467816,0.520422,0.766758,0.798513,0.370870,0.064128,0.265458,0.568685,0.376521,0.318032,0.165456,0.241808,0.297138,0.704296,0.694301,0.701056,0.477641,0.164248,0.155525,0.317274,0.348211,0.446771,0.186733,0.308288,0.573194,0.594806,0.283550,0.198631,0.365051,0.342689,0.316242,0.356173,0.523347,0.730932,0.421239,0.265970,0.202113,0.223288
0.240990,0.101221,-0.072957,0.477716,0.089815,0.423602,0.340628,0.609214,0.228709,0.435876,0.022158,0.240450,0.083534,0.230321,0.226833,0.352574,0.300641,0.592920,0.109918,0.343131,0.409192,0.294231,0.125099,0.290132,0.261909,0.180676,-0.044678,0.301152,0.467359,0.613948,0.322547,0.538439,0.429162,0.558879,0.570647,0.584621,0.239402,0.235787,0.189999,0.139381,0.070031,0.313489,0.515953,0.509707,0.000000,1.612769,0.364789,0.411038,0.365456,0.580106,0.040541,0.013324,-0.013529,-0.003054,0.039327,0.190124,0.445918,0.238503,0.207860,0.309962,0.447577,0.451298,0.660001,0.584979,0.539645,0.481063,0.569204,0.840275,0.362846,0.155460,0.100650,0.140538,0.230256,0.327964,0.148286,0.318799,0.256726,0.231259,0.373836,0.282787,0.629056,0.633876,0.337945,0.528954,0.647862,0.823348,0.250408,0.475311,0.152222,0.175361
0.263107,0.187362,-0.191081,0.365359,-0.005915,0.332867,0.224415,0.530560,0.183040,0.353898,-0.012682,0.314128,0.060555,0.221656,0.146148,0.279421,0.311216,0.629444,-0.029427,0.240959,0.366774,0.259194,0.070930,0.158267,0.201205,0.082904,-0.095634,0.142513,0.528881,0.697524,0.291910,0.521643,0.378907,0.542229,0.495689,0.603777,0.155677,0.205613,0.153133,0.091253,0.020976,0.273166,0.632582,0.666189,1.612769,0.000000,0.441477,0.462954,0.442586,0.756918,0.015253,0.017255,0.011089,0.021371,0.093204,0.273934,0.527469,0.288800,0.157727,0.318456,0.365460,0.410126,0.568912,0.588034,0.384032,0.458341,0.489865,0.787775,0.290731,0.046265,0.086549,0.120158,0.217726,0.329747,0.075723,0.267964,0.270462,0.225796,0.463640,0.256699,0.612144,0.628055,0.323379,0.540919,0.581066,0.758537,0.300213,0.462722,0.010549,0.130643
0.409107,0.145949,0.326870,0.433034,0.429539,0.516108,0.411085,0.495759,0.551227,0.428381,0.536423,0.650680,0.489663,0.553690,0.557914,0.435554,0.387124,0.398183,0.345340,0.423353,0.278303,0.244291,0.340161,0.226411,0.193586,0.163344,0.070198,0.107818,0.351931,0.337127,0.068207,0.108095,0.347579,0.383905,0.314778,0.675897,0.697743,0.508772,0.462269,0.576515,0.270712,0.384919,1.312062,1.067831,0.364789,0.441477,0.000000,1.645068,0.894145,0.537201,0.881066,0.901735,0.848711,1.038843,1.221596,1.148671,0.284232,0.061173,0.353171,0.474116,0.395823,0.413444,0.217573,0.331204,0.337334,0.503905,0.746005,0.605127,0.577453,0.218427,-0.064839,0.036518,0.448602,0.578454,0.425206,0.559913,0.722669,0.617900,0.021923,0.278368,0.248219,0.349268,0.392512,0.335982,0.423866,0.447011,0.399683,0.334423,0.538992,0.557809
0.402637,0.134487,0.369849,0.545659,0.389519,0.488380,0.421327,0.502537,0.515285,0.497179,0.536972,0.628508,0.464853,0.533106,0.555519,0.492655,0.423509,0.372837,0.347303,0.470598,0.331629,0.289599,0.338123,0.234929,0.321049,0.199142,0.145645,0.178660,0.395903,0.359354,0.143333,0.154601,0.417822,0.466706,0.425932,0.711059,0.649829,0.583230,0.467653,0.597417,0.281001,0.410222,1.265827,1.135810,0.411038,0.462954,1.645068,0.000000,0.848937,0.607242,0.914248,0.923146,0.827642,0.989049,1.063603,1.257437,0.298581,0.085116,0.458505,0.534151,0.465275,0.413434,0.249079,0.330129,0.380369,0.574723,0.835318,0.690067,0.629292,0.327924,0.009232,0.096101,0.442293,0.577717,0.436616,0.572884,0.657156,0.596924,0.138265,0.341292,0.316570,0.425379,0.471968,0.383830,0.494385,0.552547,0.380532,0.406763,0.519029,0.561641
0.568863,0.379313,0.249669,0.454124,0.230001,0.238260,0.304352,0.375045,0.405097,0.331688,0.429997,0.607212,0.427214,0.486899,0.447214,0.220350,0.520104,0.359455,0.198849,0.208978,0.190327,0.267582,0.206554,0.049282,0.279606,-0.010133,0.128861,0.030612,0.487457,0.386913,0.132599,0.112910,0.383572,0.467833,0.256514,0.428506,0.404387,0.490506,0.264674,0.340097,-0.031950,0.062679,0.700164,0.819579,0.365456,0.442586,0.894145,0.848937,0.000000,1.054502,0.914489,0.929126,0.661769,0.655698,1.005836,0.846094,0.480177,0.181418,0.525297,0.811529,0.547789,0.289642,0.132884,0.109669,0.222340,0.440970,0.678003,0.305320,0.494211,0.019106,0.180294,0.276900,0.281375,0.264129,0.095757,0.152400,0.319166,0.287638,0.232033,0.203035,0.270035,0.277082,0.406822,0.311411,0.418284,0.400526,0.399065,0.200335,0.377070,0.374210
