0.000000,1.504207,1.108856,1.122367,0.396550,0.289157,1.131445,0.825930,0.218742,0.115718,1.026912,0.799001,0.621605,0.649879,0.466997,0.504375,0.340473,0.268640,1.607220,1.715924,0.283468,0.656936,0.959430,0.913607,0.238418,0.189095,0.314441,0.278479,0.388511,0.353751,0.384425,0.444888,0.778626,0.622111,0.027641,0.035596,0.584431,0.452144,0.452417,0.288085,0.423994,0.320392,0.361942,0.334015,0.510604,0.544629,0.508029,0.551349,0.966615,0.612267,0.357404,0.437582,0.516140,0.092959,0.611161,0.594014,1.548056,1.470336,1.298124,0.842942,1.121424,0.843299,0.394273,0.397828,0.465259,0.613706,0.664358,0.771225,0.881108,0.820977,0.431454,0.500736,0.105306,0.182863,0.037346,0.058599,0.500924,0.470031,0.307489,0.202705,0.398949,0.475540,0.808783,0.918534,0.466833,0.569433,0.327208,0.635748,0.753998,0.671480
1.504207,0.000000,0.914911,1.145891,0.435023,0.347277,1.065228,1.030357,0.284169,0.171399,0.981462,0.918118,0.722397,0.738426,0.442290,0.585374,0.465228,0.452503,1.387682,1.624291,0.044410,0.388662,0.749180,0.795303,0.192810,0.177448,0.263405,0.309869,0.419364,0.372530,0.378968,0.493032,0.915383,0.797170,0.041623,0.094977,0.399199,0.265944,0.342130,0.235966,0.449724,0.371735,0.530702,0.446327,0.643583,0.691937,0.659690,0.628781,1.013481,0.792303,0.494126,0.563009,0.707358,0.169266,0.745460,0.673566,1.644859,1.609806,1.346479,0.903821,1.250439,1.002466,0.597250,0.647023,0.532643,0.669963,0.697636,0.822629,0.843760,0.707960,0.193072,0.263830,0.175885,0.293479,0.158172,0.135128,0.227209,0.203888,0.254529,0.181278,0.447579,0.491026,0.674489,0.902924,0.550648,0.669643,0.168710,0.516338,0.834448,0.755936
1.108856,0.914911,0.000000,1.391617,0.375675,0.273339,1.424579,0.879500,0.299228,0.070585,1.038986,0.722302,0.717334,0.817913,0.648432,0.568080,0.395845,0.393626,1.153180,1.106599,0.140646,0.534352,1.699163,1.452653,0.465180,0.385775,0.300205,0.397271,0.440520,0.376417,0.555718,0.709483,0.980107,0.750040,0.472340,0.299168,0.496121,0.282565,0.234829,0.107731,0.486430,0.318280,0.458689,0.374733,0.613460,0.579277,0.467327,0.385172,0.842070,0.614509,0.532002,0.528777,0.474200,-0.067216,0.480533,0.441964,1.038066,1.182901,0.896522,0.535926,1.035367,0.862663,0.424369,0.431794,0.837448,0.968376,0.817071,0.833083,0.632169,0.475502,0.425490,0.419090,0.317667,0.345446,0.221804,0.196983,0.358511,0.339114,0.316647,0.236054,0.439308,0.555886,0.639258,0.684449,0.633834,0.690832,0.080534,0.343302,0.764136,0.701592
1.122367,1.145891,1.391617,0.000000,0.583544,0.548952,1.410647,1.450816,0.453704,0.311000,0.984366,0.931404,0.868155,0.959958,0.657878,0.728131,0.445605,0.444330,1.091036,1.206359,0.043537,0.353006,1.042050,1.279150,0.386103,0.358965,0.332365,0.444474,0.401017,0.336105,0.451305,0.664161,1.000548,0.885113,0.380127,0.318688,0.435475,0.264176,0.317767,0.237389,0.601296,0.471928,0.547528,0.458442,0.554375,0.613243,0.594257,0.524825,0.783136,0.671569,0.596969,0.546871,0.627739,0.146287,0.651554,0.555108,1.092435,1.104150,1.102949,0.919139,1.155147,1.267238,0.540447,0.584441,0.830031,1.046727,0.865304,1.006529,0.656163,0.591332,0.317232,0.344901,0.343765,0.423913,0.331481,0.328576,0.228980,0.185403,0.302007,0.186359,0.453429,0.500128,0.617231,0.716421,0.643270,0.742564,0.104070,0.381207,0.987615,0.994134
0.396550,0.435023,0.375675,0.583544,0.000000,0.953119,0.487699,0.633263,0.943087,0.663546,0.357557,0.521842,0.566119,0.439143,0.545017,0.515744,0.313802,0.312027,0.257818,0.320523,-0.078377,0.027380,0.277790,0.451479,0.506886,0.308833,0.203974,0.345179,0.265390,0.179169,0.089160,0.204353,0.434871,0.442363,0.285148,0.248718,0.260957,0.157535,0.201302,0.320097,0.459314,0.447687,0.539317,0.505892,0.325481,0.420512,0.536363,0.498954,0.327543,0.400466,0.544253,0.410372,0.403774,0.353362,0.458421,0.369818,0.311222,0.304234,0.450244,0.704761,0.345070,0.497993,0.371715,0.426380,0.363557,0.416760,0.609650,0.567550,0.343293,0.343421,-0.007086,0.043270,0.370693,0.432116,0.412721,0.452545,-0.037740,-0.081871,0.182187,0.088151,0.332356,0.246478,0.204768,0.214742,0.449688,0.418817,-0.032016,0.058782,0.495492,0.502585
0.289157,0.347277,0.273339,0.548952,0.953119,0.000000,0.460351,0.705240,0.691943,0.687063,0.341690,0.599047,0.650751,0.487439,0.585616,0.731015,0.500072,0.420261,0.130094,0.202630,-0.087678,-0.010465,0.143005,0.324591,0.477086,0.486686,0.329336,0.538983,0.288995,0.212841,0.104316,0.255718,0.436485,0.505932,0.300803,0.419792,0.288732,0.172591,0.179488,0.325638,0.514022,0.537910,0.547358,0.515277,0.285307,0.437806,0.499241,0.432713,0.228244,0.346744,0.567410,0.378919,0.390171,0.500721,0.377323,0.245859,0.265742,0.177849,0.431615,0.811238,0.351979,0.561782,0.542583,0.540852,0.406177,0.457370,0.564280,0.562194,0.269997,0.266711,0.051025,0.075520,0.600397,0.644902,0.616222,0.674915,-0.074102,-0.151828,0.243524,0.119709,0.412072,0.286803,0.176578,0.132895,0.530459,0.487821,-0.045448,0.084225,0.503683,0.579954
1.131445,1.065228,1.424579,1.410647,0.487699,0.460351,0.000000,1.324590,0.443870,0.269437,1.167547,0.996517,0.957452,0.942810,0.739885,0.685650,0.562985,0.477485,1.136393,1.107823,0.050859,0.434963,1.130117,1.174375,0.389433,0.320766,0.343991,0.389188,0.500595,0.386490,0.461612,0.682074,1.031967,0.877180,0.390515,0.383600,0.516139,0.307983,0.155727,0.041688,0.597649,0.409808,0.511059,0.436781,0.675351,0.644114,0.504938,0.383811,0.891984,0.678461,0.579537,0.579796,0.479932,-0.061524,0.446396,0.397401,1.019090,1.037126,1.093883,0.729457,1.153658,1.030294,0.617616,0.574199,0.791503,1.081505,0.829640,0.939815,0.589660,0.379394,0.432518,0.404090,0.418957,0.475204,0.344539,0.318188,0.410469,0.364176,0.365858,0.222425,0.534195,0.585837,0.607608,0.648924,0.690019,0.783968,0.084844,0.330427,0.716330,0.683124
0.825930,1.030357,0.879500,1.450816,0.633263,0.705240,1.324590,0.000000,0.639022,0.546256,0.905439,1.202909,1.085561,1.034905,0.712722,0.843623,0.604321,0.597366,0.775198,0.850230,-0.164491,0.175653,0.677745,0.908721,0.318429,0.295461,0.305124,0.377974,0.458936,0.365309,0.366522,0.640290,0.967610,0.976711,0.368455,0.430246,0.371011,0.252406,0.195504,0.162034,0.744599,0.619217,0.674886,0.555051,0.639663,0.712835,0.638474,0.499105,0.754743,0.740408,0.715246,0.655196,0.664442,0.178826,0.601640,0.467488,0.809632,0.774749,1.028921,0.938373,1.030361,1.236611,0.749160,0.752907,0.774512,1.024639,0.829101,1.027010,0.492091,0.335317,0.174885,0.199943,0.474055,0.612115,0.511277,0.499580,0.136294,0.081037,0.305500,0.191064,0.516231,0.506124,0.477174,0.561783,0.724078,0.833912,0.027857,0.280732,0.822388,0.839674
0.218742,0.284169,0.299228,0.453704,0.943087,0.691943,0.443870,0.639022,0.000000,0.781987,0.366383,0.595232,0.613004,0.567113,0.719108,0.536124,0.420736,0.464389,0.134911,0.153082,-0.244863,-0.088340,0.239677,0.439469,0.449016,0.293963,0.207910,0.177226,0.396645,0.299585,0.234065,0.371506,0.495948,0.521754,0.406192,0.351169,0.229297,0.125134,0.154860,0.184122,0.553822,0.520614,0.602525,0.618880,0.448968,0.506154,0.556792,0.441256,0.300190,0.396411,0.579430,0.428742,0.359752,0.334223,0.362707,0.289154,0.174220,0.154253,0.278218,0.423607,0.301283,0.439402,0.504807,0.537661,0.465544,0.468243,0.488511,0.465855,0.171691,0.070205,-0.105636,-0.065515,0.505646,0.520641,0.515981,0.553049,-0.111502,-0.165261,0.304497,0.244872,0.503597,0.380533,0.174931,0.167209,0.552841,0.500122,-0.075940,-0.089682,0.404098,0.383469
0.115718,0.171399,0.070585,0.311000,0.663546,0.687063,0.269437,0.546256,0.781987,0.000000,0.245060,0.568258,0.570766,0.485925,0.448299,0.432188,0.331061,0.355526,-0.006065,0.056428,-0.294253,-0.181011,0.045895,0.244748,0.127151,0.063019,0.137075,0.127673,0.225644,0.153896,0.066120,0.242020,0.311949,0.427810,0.156352,0.198574,0.142077,0.122890,0.151534,0.201066,0.423958,0.480901,0.440556,0.477223,0.240077,0.355612,0.407115,0.344005,0.196806,0.274687,0.403812,0.311969,0.260542,0.432041,0.289040,0.206003,0.082433,0.007155,0.174965,0.403378,0.232241,0.375161,0.420380,0.440620,0.295726,0.314839,0.231430,0.279232,0.030729,0.047064,-0.133163,-0.105031,0.357248,0.398486,0.434934,0.460861,-0.062619,-0.134319,0.246077,0.156646,0.307819,0.214698,0.050524,0.022962,0.345400,0.362543,-0.015796,-0.026687,0.335230,0.330166
1.026912,0.981462,1.038986,0.984366,0.357557,0.341690,1.167547,0.905439,0.366383,0.245060,0.000000,1.100778,1.113533,1.183109,0.759482,0.733815,0.708383,0.616569,1.016979,0.972934,0.098496,0.509043,0.916209,0.890745,0.375677,0.337770,0.270273,0.292287,0.692067,0.615343,0.751919,0.867124,1.013632,0.932510,0.194400,0.159468,0.454645,0.264199,0.238026,0.115550,0.554892,0.352817,0.535254,0.582795,0.869344,0.866683,0.597351,0.477251,1.060885,0.819816,0.515984,0.593866,0.463935,0.051102,0.444010,0.417357,1.059368,1.020924,0.829939,0.562407,1.218072,0.832383,0.790137,0.732540,0.815353,0.868518,0.544114,0.637567,0.475355,0.364324,0.314418,0.392242,0.331307,0.382661,0.257881,0.239001,0.326884,0.288370,0.450292,0.435748,0.703261,0.725942,0.749932,0.784494,0.622010,0.709770,0.057491,0.279487,0.644961,0.601869
0.799001,0.918118,0.722302,0.931404,0.521842,0.599047,0.996517,1.202909,0.595232,0.568258,1.100778,0.000000,1.226481,1.247308,0.804700,0.829067,0.715708,0.791475,0.724080,0.759269,-0.089272,0.350383,0.655002,0.886546,0.302445,0.233773,0.304636,0.220218,0.697615,0.566184,0.531732,0.751435,0.914648,0.935601,0.178134,0.189436,0.439319,0.348876,0.237504,0.147478,0.689116,0.594321,0.667326,0.649811,0.836414,0.863595,0.702509,0.566138,0.891730,0.837122,0.598676,0.678564,0.538469,0.205493,0.509738,0.422612,0.809848,0.727204,0.780736,0.705119,0.939392,0.867190,0.839876,0.891750,0.624491,0.773788,0.568873,0.691571,0.446607,0.261137,0.200132,0.281897,0.502619,0.601346,0.460938,0.407206,0.224997,0.194931,0.484182,0.424635,0.694390,0.654613,0.542965,0.537002,0.712761,0.830343,0.045038,0.225349,0.647057,0.626331
0.621605,0.722397,0.717334,0.868155,0.566119,0.650751,0.957452,1.085561,0.613004,0.570766,1.113533,1.226481,0.000000,1.343112,0.943514,0.951569,0.916381,0.955795,0.529431,0.555033,-0.256833,0.129953,0.579518,0.707402,0.402583,0.385492,0.262253,0.447969,0.727405,0.555578,0.514118,0.777095,1.061441,1.121949,0.389964,0.383059,0.374226,0.167218,0.128943,0.138528,0.876255,0.656890,0.949474,0.896623,0.952666,1.032244,0.834401,0.584623,0.776664,0.988881,0.905262,0.905536,0.665626,0.293469,0.587810,0.475331,0.670664,0.621355,0.716011,0.682367,0.975834,0.924181,1.204971,1.146491,0.878734,0.922196,0.699028,0.740295,0.324347,0.200895,0.081733,0.130389,0.772794,0.889250,0.756433,0.685744,0.074549,-0.017877,0.447151,0.398235,0.787136,0.714633,0.375230,0.392740,0.961440,1.042414,-0.182323,0.077907,0.717786,0.745833
0.649879,0.738426,0.817913,0.959958,0.439143,0.487439,0.942810,1.034905,0.567113,0.485925,1.183109,1.247308,1.343112,0.000000,1.085172,1.084964,0.802102,0.902030,0.624106,0.657497,-0.081080,0.260413,0.771326,0.967147,0.542853,0.521279,0.374269,0.371177,0.820207,0.720837,0.785317,1.043717,1.094378,1.120142,0.367146,0.301121,0.512169,0.308738,0.268364,0.223386,0.823252,0.636154,0.803412,0.873614,1.057984,1.055195,0.823276,0.614420,0.921764,0.951823,0.807320,0.824849,0.635190,0.225224,0.569879,0.519774,0.761663,0.719759,0.635806,0.581021,0.948018,0.851476,0.973244,0.979242,0.852298,0.978634,0.586151,0.665966,0.334108,0.199181,0.104718,0.186329,0.629535,0.671347,0.517025,0.517492,0.130363,0.072157,0.516685,0.519729,0.837922,0.873593,0.532180,0.596277,0.908476,1.048839,-0.058201,0.164869,0.707768,0.666614
0.466997,0.442290,0.648432,0.657878,0.545017,0.585616,0.739885,0.712722,0.719108,0.448299,0.759482,0.804700,0.943514,1.085172,0.000000,1.280290,0.802253,0.813416,0.408358,0.385968,0.037731,0.293612,0.644214,0.767623,0.860009,0.832158,0.585661,0.464065,1.074269,0.960297,0.766653,0.937303,0.746042,0.745803,0.467989,0.336641,0.800614,0.504847,0.339903,0.340664,1.002946,0.816649,0.778376,1.054133,0.977911,0.937103,0.881807,0.669668,0.732822,0.736648,0.835168,0.807667,0.509834,0.240432,0.501635,0.498349,0.458836,0.433108,0.404287,0.511410,0.509397,0.478671,0.749994,0.743025,0.591427,0.625355,0.588459,0.565493,0.301294,0.120310,0.181328,0.222188,0.816299,0.850425,0.593066,0.701041,0.242141,0.142646,0.768062,0.686327,1.135450,1.235079,0.560768,0.521406,1.123026,1.150216,0.089307,0.099659,0.548647,0.484476
0.504375,0.585374,0.568080,0.728131,0.515744,0.731015,0.685650,0.843623,0.536124,0.432188,0.733815,0.829067,0.951569,1.084964,1.280290,0.000000,0.773398,0.748384,0.417866,0.450432,-0.037913,0.189265,0.516833,0.623883,0.778327,0.927683,0.638109,0.712033,0.808602,0.849697,0.661972,0.809642,0.722367,0.765190,0.346657,0.342812,0.667869,0.445075,0.415815,0.485047,0.874456,0.860655,0.902256,1.060800,0.880659,0.990724,0.969390,0.776657,0.775166,0.779920,0.930856,0.849835,0.740828,0.419524,0.667384,0.617364,0.562168,0.501953,0.519831,0.700050,0.589175,0.583445,0.861587,0.777102,0.539024,0.636801,0.596985,0.637018,0.401835,0.234489,0.073675,0.126658,0.627027,0.715891,0.488488,0.591181,0.103916,-0.011305,0.563360,0.521673,0.857461,0.962078,0.591573,0.633114,1.050906,1.149435,0.102585,0.266012,0.686732,0.645372
0.340473,0.465228,0.395845,0.445605,0.313802,0.500072,0.562985,0.604321,0.420736,0.331061,0.708383,0.715708,0.916381,0.802102,0.802253,0.773398,0.000000,1.228972,0.289945,0.293835,-0.186293,0.079432,0.338815,0.420927,0.460138,0.497672,0.386221,0.369535,1.036339,0.786462,0.638411,0.812667,0.752381,0.751232,0.372563,0.430665,0.404870,0.162514,0.121110,0.173001,0.698294,0.559329,0.797497,0.879454,1.055289,1.015206,0.708054,0.478425,0.611458,0.812348,0.783761,0.805739,0.479770,0.234166,0.435937,0.378629,0.495343,0.393802,0.390794,0.433943,0.567981,0.470078,1.281932,1.177065,0.646825,0.544767,0.535123,0.529127,0.212126,-0.010887,0.099129,0.114048,0.844270,0.878441,0.715806,0.614316,0.082651,-0.039325,0.679140,0.551915,1.196202,0.884189,0.302481,0.341838,0.975102,0.895570,-0.170643,-0.042017,0.398724,0.414485
0.268640,0.452503,0.393626,0.444330,0.312027,0.420261,0.477485,0.597366,0.464389,0.355526,0.616569,0.791475,0.955795,0.902030,0.813416,0.748384,1.228972,0.000000,0.250163,0.269128,-0.285655,0.043874,0.351415,0.496440,0.395691,0.396827,0.343810,0.303438,1.001234,0.770759,0.666783,0.868514,0.863288,0.892871,0.375091,0.347576,0.320125,0.180235,0.135166,0.119913,0.716269,0.581037,0.949538,1.008964,1.246269,1.195275,0.869277,0.559702,0.674688,0.959509,0.887421,0.962973,0.575593,0.283371,0.548437,0.457085,0.439387,0.390562,0.348167,0.382795,0.587175,0.525348,1.205015,1.377531,0.666368,0.537875,0.504129,0.523833,0.157922,-0.053801,-0.052859,0.058506,0.878899,0.977066,0.771482,0.624703,-0.002225,-0.097735,0.599828,0.646093,1.018478,0.904387,0.193646,0.269643,1.000201,1.011852,-0.242858,-0.114562,0.450212,0.451744
1.607220,1.387682,1.153180,1.091036,0.257818,0.130094,1.136393,0.775198,0.134911,-0.006065,1.016979,0.724080,0.529431,0.624106,0.408358,0.417866,0.289945,0.250163,0.000000,2.061801,0.238443,0.699334,1.080526,0.991237,0.188837,0.134257,0.309407,0.207865,0.416038,0.385472,0.475951,0.527985,0.733171,0.581564,0.029968,-0.004518,0.477851,0.380829,0.349313,0.138527,0.346738,0.262106,0.260455,0.246019,0.517800,0.484538,0.398051,0.416937,0.980850,0.556030,0.259595,0.364514,0.419483,-0.098948,0.476448,0.481568,1.373476,1.520763,1.085058,0.618461,1.018102,0.736908,0.328567,0.353833,0.444418,0.597926,0.569510,0.696738,0.811128,0.610075,0.447872,0.487252,0.037464,0.122880,-0.031342,-0.032260,0.517643,0.533521,0.319437,0.231525,0.373399,0.480515,0.813416,0.964144,0.380036,0.491158,0.295049,0.528498,0.628230,0.549220
1.715924,1.624291,1.106599,1.206359,0.320523,0.202630,1.107823,0.850230,0.153082,0.056428,0.972934,0.759269,0.555033,0.657497,0.385968,0.450432,0.293835,0.269128,2.061801,0.000000,0.229096,0.610651,0.986852,0.970120,0.161359,0.131517,0.279762,0.236073,0.345543,0.312294,0.403796,0.477013,0.786722,0.650423,0.033787,0.027053,0.464787,0.346213,0.355806,0.193771,0.354213,0.260293,0.306952,0.266753,0.490852,0.506620,0.442778,0.468493,0.938887,0.604524,0.303606,0.389973,0.475397,0.002192,0.532764,0.518975,1.570179,1.615126,1.220216,0.763769,1.095512,0.872374,0.353746,0.407641,0.471151,0.638677,0.617969,0.768147,0.818358,0.758042,0.399122,0.468031,0.054374,0.141794,0.009862,0.007667,0.448551,0.454648,0.239985,0.146554,0.340557,0.435653,0.779129,0.960585,0.382858,0.504290,0.272512,0.545861,0.676027,0.599317
0.283468,0.044410,0.140646,0.043537,-0.078377,-0.087678,0.050859,-0.164491,-0.244863,-0.294253,0.098496,-0.089272,-0.256833,-0.081080,0.037731,-0.037913,-0.186293,-0.285655,0.238443,0.229096,0.000000,0.955905,0.249845,0.119646,0.161425,0.227227,0.144735,-0.057582,0.040886,0.133855,0.170018,-0.038150,-0.117454,-0.182135,-0.283814,-0.330910,0.449702,0.478107,0.233003,0.174644,-0.108413,-0.155210,-0.316637,-0.217034,-0.115841,-0.078203,-0.158756,0.019369,0.119333,-0.115036,-0.286137,-0.206069,-0.233252,-0.146712,-0.124107,-0.070937,0.166867,0.125200,0.027261,0.037641,-0.037657,-0.157509,-0.359795,-0.376050,-0.232475,-0.177287,-0.109937,-0.054949,0.194442,0.323130,0.725199,0.777752,-0.207795,-0.281387,-0.387106,-0.242044,0.587178,0.658244,0.120529,0.076995,-0.034217,0.046518,0.337714,0.232484,-0.198187,-0.165328,0.388879,0.265501,-0.124098,-0.150174
0.656936,0.388662,0.534352,0.353006,0.027380,-0.010465,0.434963,0.175653,-0.088340,-0.181011,0.509043,0.350383,0.129953,0.260413,0.293612,0.189265,0.079432,0.043874,0.699334,0.610651,0.955905,0.000000,0.653389,0.536927,0.173175,0.154421,0.253114,-0.016105,0.411059,0.433497,0.479749,0.337736,0.210622,0.110241,-0.152072,-0.237980,0.601072,0.656347,0.276496,0.092744,0.108727,0.061298,-0.081768,0.011778,0.245075,0.227244,0.063627,0.160191,0.524140,0.167613,-0.089856,0.061422,-0.060701,-0.221847,0.028634,0.072357,0.504936,0.509702,0.344072,0.175121,0.309246,0.110965,-0.082059,-0.061329,0.027435,0.100082,0.172238,0.252643,0.464725,0.355970,0.877180,1.041891,-0.026573,-0.031040,-0.226553,-0.168126,0.891415,1.026675,0.371246,0.371815,0.236637,0.344707,0.607703,0.490223,0.058877,0.132808,0.342617,0.260868,0.083916,0.045922
0.959430,0.749180,1.699163,1.042050,0.277790,0.143005,1.130117,0.677745,0.239677,0.045895,0.916209,0.655002,0.579518,0.771326,0.644214,0.516833,0.338815,0.351415,1.080526,0.986852,0.249845,0.653389,0.000000,1.601541,0.523640,0.413622,0.381013,0.286263,0.506397,0.470718,0.662186,0.753995,0.809703,0.609888,0.380237,0.172314,0.553560,0.410311,0.292849,0.124640,0.445272,0.316636,0.351704,0.319657,0.592972,0.508530,0.382791,0.336606,0.809770,0.519474,0.406505,0.440055,0.362540,-0.123261,0.386091,0.391345,0.875748,0.981376,0.652497,0.385111,0.763476,0.592948,0.310775,0.320757,0.595181,0.718644,0.618140,0.650457,0.573100,0.390464,0.549528,0.519181,0.262733,0.266184,0.110431,0.104677,0.468403,0.466421,0.411330,0.324406,0.443261,0.608439,0.640478,0.679744,0.560540,0.632249,0.172195,0.325349,0.590602,0.515387
0.913607,0.795303,1.452653,1.279150,0.451479,0.324591,1.174375,0.908721,0.439469,0.244748,0.890745,0.886546,0.707402,0.967147,0.767623,0.623883,0.420927,0.496440,0.991237,0.970120,0.119646,0.536927,1.601541,0.000000,0.507831,0.359560,0.405301,0.259169,0.573820,0.487728,0.650258,0.831318,0.936142,0.765178,0.418979,0.228081,0.554840,0.442956,0.349038,0.191435,0.551151,0.458904,0.455435,0.441946,0.654313,0.589308,0.494804,0.439187,0.825098,0.590409,0.499959,0.512598,0.436517,-0.006486,0.470364,0.449688,0.859919,0.912740,0.709578,0.539562,0.811572,0.753528,0.419806,0.489213,0.664761,0.835035,0.694228,0.768475,0.530779,0.373490,0.436372,0.443629,0.367397,0.396577,0.256541,0.249188,0.398779,0.394329,0.488762,0.381265,0.558467,0.666091,0.624136,0.664099,0.646563,0.739684,0.170170,0.300408,0.685068,0.624113
0.238418,0.192810,0.465180,0.386103,0.506886,0.477086,0.389433,0.318429,0.449016,0.127151,0.375677,0.302445,0.402583,0.542853,0.860009,0.778327,0.460138,0.395691,0.188837,0.161359,0.161425,0.173175,0.523640,0.507831,0.000000,1.341771,0.542103,0.534279,0.598076,0.643657,0.477406,0.468804,0.383637,0.326443,0.508973,0.354719,0.612791,0.358815,0.383055,0.498792,0.580096,0.518769,0.592463,0.668955,0.565724,0.534919,0.610526,0.545602,0.410987,0.423026,0.676846,0.527591,0.454839,0.214786,0.432890,0.424808,0.239016,0.251895,0.194417,0.343244,0.188476,0.156923,0.404489,0.305558,0.378949,0.389763,0.568250,0.447666,0.345839,0.114189,0.063087,0.052384,0.540545,0.489815,0.371986,0.483128,0.027189,-0.030254,0.463419,0.421590,0.627462,0.689575,0.379014,0.380349,0.803422,0.688997,0.044147,0.102827,0.438723,0.362360
0.189095,0.177448,0.385775,0.358965,0.308833,0.486686,0.320766,0.295461,0.293963,0.063019,0.337770,0.233773,0.385492,0.521279,0.832158,0.927683,0.497672,0.396827,0.134257,0.131517,0.227227,0.154421,0.413622,0.359560,1.341771,0.000000,0.529374,0.699865,0.524784,0.609921,0.476517,0.462366,0.376384,0.351969,0.462869,0.371686,0.638657,0.304570,0.317559,0.476984,0.585154,0.525729,0.587002,0.639775,0.527214,0.572199,0.602508,0.527002,0.377399,0.472190,0.706197,0.560908,0.479795,0.276566,0.409646,0.384740,0.246688,0.217630,0.169951,0.336596,0.201599,0.173539,0.444164,0.334105,0.351061,0.378169,0.469312,0.395302,0.281559,0.121902,0.090774,0.059207,0.541860,0.507413,0.389934,0.519739,-0.013043,-0.103339,0.366847,0.313278,0.567673,0.645543,0.312006,0.334443,0.791713,0.704765,-0.006855,0.104297,0.392200,0.346911
0.314441,0.263405,0.300205,0.332365,0.203974,0.329336,0.343991,0.305124,0.207910,0.137075,0.270273,0.304636,0.262253,0.374269,0.585661,0.638109,0.386221,0.343810,0.309407,0.279762,0.144735,0.253114,0.381013,0.405301,0.542103,0.529374,0.000000,0.581926,0.604132,0.643748,0.505267,0.553457,0.202849,0.135222,0.091764,0.125250,0.502241,0.550289,0.553792,0.428068,0.427717,0.494918,0.280157,0.466744,0.417628,0.353747,0.459737,0.421784,0.458761,0.226526,0.344898,0.346840,0.352422,0.207832,0.464199,0.501941,0.258506,0.259381,0.197120,0.380545,0.140278,0.081306,0.250641,0.197981,0.088542,0.116520,0.336164,0.326020,0.507548,0.179775,0.210556,0.272468,0.299605,0.308295,0.078040,0.186568,0.307777,0.230946,0.652239,0.602953,0.555287,0.637019,0.463985,0.490347,0.493356,0.472665,0.442538,0.275756,0.419938,0.351709
0.278479,0.309869,0.397271,0.444474,0.345179,0.538983,0.389188,0.377974,0.177226,0.127673,0.292287,0.220218,0.447969,0.371177,0.464065,0.712033,0.369535,0.303438,0.207865,0.236073,-0.057582,-0.016105,0.286263,0.259169,0.534279,0.699865,0.581926,0.000000,0.290183,0.305660,0.196701,0.305153,0.330061,0.314678,0.374579,0.418742,0.287009,0.042497,0.163893,0.292102,0.404289,0.381672,0.488456,0.494954,0.338562,0.423403,0.526038,0.413454,0.297048,0.370028,0.580601,0.482994,0.478146,0.324386,0.489226,0.406050,0.302604,0.310686,0.322613,0.509268,0.345161,0.368647,0.417635,0.311167,0.375495,0.429062,0.529570,0.471809,0.443821,0.304489,0.021329,0.000331,0.414505,0.425192,0.325643,0.364410,-0.053302,-0.170278,0.203248,0.176512,0.326798,0.371203,0.252068,0.245332,0.571703,0.522428,-0.017306,0.153181,0.585077,0.559970
0.388511,0.419364,0.440520,0.401017,0.265390,0.288995,0.500595,0.458936,0.396645,0.225644,0.692067,0.697615,0.727405,0.820207,1.074269,0.808602,1.036339,1.001234,0.416038,0.345543,0.040886,0.411059,0.506397,0.573820,0.598076,0.524784,0.604132,0.290183,0.000000,1.755963,1.083835,1.105221,0.590630,0.562273,0.204557,0.142852,0.622756,0.481768,0.327394,0.242215,0.731011,0.632546,0.622208,0.943462,1.187154,0.991288,0.746158,0.581336,0.783966,0.685224,0.575501,0.695326,0.396640,0.151393,0.431236,0.450751,0.453670,0.424236,0.285902,0.307136,0.418579,0.244785,0.780284,0.770924,0.402987,0.334189,0.424247,0.420261,0.330240,-0.005028,0.168908,0.267281,0.669387,0.700892,0.390802,0.407355,0.271769,0.203853,1.171857,1.211250,1.511939,1.439855,0.547511,0.542876,0.882901,0.871015,0.077679,0.006847,0.360203,0.306532
0.353751,0.372530,0.376417,0.336105,0.179169,0.212841,0.386490,0.365309,0.299585,0.153896,0.615343,0.566184,0.555578,0.720837,0.960297,0.849697,0.786462,0.770759,0.385472,0.312294,0.133855,0.433497,0.470718,0.487728,0.643657,0.609921,0.643748,0.305660,1.755963,0.000000,1.295977,1.105296,0.469599,0.457465,0.095739,-0.000038,0.627334,0.599158,0.460742,0.369449,0.676239,0.673246,0.550930,0.906018,0.998460,0.897688,0.723869,0.646311,0.779179,0.578836,0.479757,0.595910,0.430813,0.223138,0.471745,0.511358,0.388013,0.380112,0.222952,0.271093,0.324808,0.150628,0.626687,0.593440,0.279608,0.205528,0.305245,0.325351,0.329040,0.017610,0.138227,0.253271,0.457406,0.499623,0.196423,0.266159,0.240751,0.180489,1.165592,1.403470,1.219427,1.400978,0.645350,0.672448,0.749826,0.770959,0.226652,0.127229,0.390695,0.287352
0.384425,0.378968,0.555718,0.451305,0.089160,0.104316,0.461612,0.366522,0.234065,0.066120,0.751919,0.531732,0.514118,0.785317,0.766653,0.661972,0.638411,0.666783,0.475951,0.403796,0.170018,0.479749,0.662186,0.650258,0.477406,0.476517,0.505267,0.196701,1.083835,1.295977,0.000000,1.610662,0.630939,0.589754,0.136248,-0.030094,0.468444,0.497556,0.399207,0.214148,0.490266,0.432589,0.413581,0.662078,0.886760,0.792922,0.514743,0.461340,0.777490,0.508449,0.376379,0.450144,0.336495,0.118815,0.376605,0.416920,0.471417,0.479621,0.240256,0.165923,0.459523,0.265715,0.549801,0.551027,0.460345,0.332827,0.231515,0.278181,0.222749,0.034318,0.241922,0.357626,0.314114,0.309550,0.068174,0.099043,0.246427,0.210008,0.928036,1.143584,0.878271,1.033627,0.614221,0.694473,0.545064,0.601573,0.224542,0.152715,0.407506,0.334989
0.444888,0.493032,0.709483,0.664161,0.204353,0.255718,0.682074,0.640290,0.371506,0.242020,0.867124,0.751435,0.777095,1.043717,0.937303,0.809642,0.812667,0.868514,0.527985,0.477013,-0.038150,0.337736,0.753995,0.831318,0.468804,0.462366,0.553457,0.305153,1.105221,1.105296,1.610662,0.000000,0.840693,0.818304,0.316682,0.186590,0.454404,0.421309,0.310531,0.146057,0.678185,0.580304,0.597435,0.785057,1.036420,0.915234,0.651656,0.511646,0.835780,0.658669,0.573518,0.642176,0.465477,0.140357,0.478848,0.477628,0.544645,0.555601,0.374059,0.305356,0.609145,0.466448,0.746700,0.756114,0.656755,0.572273,0.416834,0.478427,0.259168,0.023816,0.215014,0.297833,0.513339,0.543125,0.303238,0.301549,0.196737,0.148570,0.884789,0.978620,0.968211,1.095720,0.520228,0.612024,0.753235,0.834521,0.107643,0.095932,0.542482,0.488644
0.778626,0.915383,0.980107,1.000548,0.434871,0.436485,1.031967,0.967610,0.495948,0.311949,1.013632,0.914648,1.061441,1.094378,0.746042,0.722367,0.752381,0.863288,0.733171,0.786722,-0.117454,0.210622,0.809703,0.936142,0.383637,0.376384,0.202849,0.330061,0.590630,0.469599,0.630939,0.840693,0.000000,1.969943,0.484480,0.437002,0.408913,0.200642,0.145799,0.076751,0.636522,0.436240,0.916083,0.774082,1.038483,1.118977,0.794993,0.603024,0.921726,1.130120,0.894302,0.915182,0.708588,0.213237,0.643516,0.521450,0.993952,0.925505,0.929647,0.622845,1.345025,1.192241,0.992364,1.087629,1.091760,1.113964,0.786982,0.898907,0.310755,0.258282,0.110828,0.158366,0.553186,0.601811,0.530602,0.446645,0.105702,0.051130,0.358743,0.293286,0.653553,0.686434,0.349419,0.505032,0.877118,0.979879,-0.142498,0.154853,0.722320,0.717093
0.622111,0.797170,0.750040,0.885113,0.442363,0.505932,0.877180,0.976711,0.521754,0.427810,0.932510,0.935601,1.121949,1.120142,0.745803,0.765190,0.751232,0.892871,0.581564,0.650423,-0.182135,0.110241,0.609888,0.765178,0.326443,0.351969,0.135222,0.314678,0.562273,0.457465,0.589754,0.818304,1.969943,0.000000,0.433922,0.438631,0.338756,0.145543,0.092465,0.042255,0.657020,0.474207,0.946297,0.830812,0.963457,1.129526,0.810606,0.606417,0.804641,1.116296,0.874722,0.901630,0.665081,0.289982,0.578650,0.441053,0.803273,0.716285,0.796501,0.618097,1.176293,1.179932,1.082274,1.243938,1.021308,1.026246,0.654576,0.795595,0.159397,0.188216,0.030437,0.083114,0.574891,0.654031,0.597177,0.534364,0.018871,-0.035442,0.338226,0.279114,0.655507,0.663384,0.284833,0.422245,0.813543,0.934592,-0.184845,0.084244,0.638815,0.658871
0.027641,0.041623,0.472340,0.380127,0.285148,0.300803,0.390515,0.368455,0.406192,0.156352,0.194400,0.178134,0.389964,0.367146,0.467989,0.346657,0.372563,0.375091,0.029968,0.033787,-0.283814,-0.152072,0.380237,0.418979,0.508973,0.462869,0.091764,0.374579,0.204557,0.095739,0.136248,0.316682,0.484480,0.433922,0.000000,1.101487,0.157812,-0.111022,-0.142213,-0.044308,0.368197,0.241689,0.510663,0.385257,0.363543,0.340468,0.309277,0.118722,0.084833,0.345986,0.660043,0.456364,0.206245,-0.024705,0.148561,0.046814,0.122998,0.141180,0.204346,0.165826,0.270656,0.407793,0.373727,0.346414,0.826456,0.752411,0.780832,0.632221,0.051972,-0.065743,-0.034295,-0.144078,0.628019,0.518985,0.623144,0.526836,-0.114260,-0.181490,0.053069,-0.014637,0.288483,0.266997,-0.018675,-0.069241,0.626753,0.504773,-0.415290,-0.324975,0.257576,0.291864
0.035596,0.094977,0.299168,0.318688,0.248718,0.419792,0.383600,0.430246,0.351169,0.198574,0.159468,0.189436,0.383059,0.301121,0.336641,0.342812,0.430665,0.347576,-0.004518,0.027053,-0.330910,-0.237980,0.172314,0.228081,0.354719,0.371686,0.125250,0.418742,0.142852,-0.000038,-0.030094,0.186590,0.437002,0.438631,1.101487,0.000000,0.147014,-0.166799,-0.179092,-0.086066,0.379781,0.212977,0.499238,0.332672,0.289367,0.324119,0.270249,0.082679,0.059079,0.348423,0.643826,0.481394,0.253692,0.063897,0.131984,0.009688,0.118918,0.084606,0.299453,0.291490,0.290729,0.421065,0.472110,0.377103,0.644201,0.711803,0.736181,0.681497,0.046359,-0.090849,-0.045755,-0.139510,0.641723,0.584950,0.701888,0.569414,-0.150283,-0.228435,-0.050297,-0.139861,0.198866,0.146431,-0.095628,-0.133349,0.531611,0.432781,-0.426702,-0.254815,0.203384,0.273013
0.584431,0.399199,0.496121,0.435475,0.260957,0.288732,0.516139,0.371011,0.229297,0.142077,0.454645,0.439319,0.374226,0.512169,0.800614,0.667869,0.404870,0.320125,0.477851,0.464787,0.449702,0.601072,0.553560,0.554840,0.612791,0.638657,0.502241,0.287009,0.622756,0.627334,0.468444,0.454404,0.408913,0.338756,0.157812,0.147014,0.000000,1.022910,0.586162,0.531274,0.775423,0.637364,0.405345,0.508542,0.578943,0.549160,0.575199,0.637065,0.718776,0.470990,0.478384,0.537078,0.404906,0.153711,0.451059,0.548745,0.490556,0.442110,0.441169,0.501642,0.341736,0.216281,0.310133,0.251558,0.182359,0.314937,0.461681,0.465574,0.491893,0.253968,0.405735,0.427211,0.404272,0.403840,0.187289,0.313330,0.640458,0.537556,0.569667,0.427590,0.588499,0.773321,0.555174,0.551583,0.688553,0.730250,0.405262,0.441441,0.353258,0.246742
0.452144,0.265944,0.282565,0.264176,0.157535,0.172591,0.307983,0.252406,0.125134,0.122890,0.264199,0.348876,0.167218,0.308738,0.504847,0.445075,0.162514,0.180235,0.380829,0.346213,0.478107,0.656347,0.410311,0.442956,0.358815,0.304570,0.550289,0.042497,0.481768,0.599158,0.497556,0.421309,0.200642,0.145543,-0.111022,-0.166799,1.022910,0.000000,0.674089,0.536569,0.508927,0.585009,0.160418,0.271578,0.328459,0.317514,0.307260,0.445354,0.567029,0.201121,0.180826,0.277938,0.272987,0.164952,0.357246,0.440055,0.265785,0.253567,0.292272,0.370526,0.126774,0.036125,0.076777,0.046814,-0.097635,0.007820,0.189161,0.285699,0.342300,0.156628,0.458271,0.568020,0.139593,0.172758,-0.070395,0.080649,0.718138,0.661682,0.575209,0.556202,0.340854,0.537236,0.493646,0.488620,0.330302,0.430822,0.676240,0.537045,0.244009,0.134685
0.452417,0.342130,0.234829,0.317767,0.201302,0.179488,0.155727,0.195504,0.154860,0.151534,0.238026,0.237504,0.128943,0.268364,0.339903,0.415815,0.121110,0.135166,0.349313,0.355806,0.233003,0.276496,0.292849,0.349038,0.383055,0.317559,0.553792,0.163893,0.327394,0.460742,0.399207,0.310531,0.145799,0.092465,-0.142213,-0.179092,0.586162,0.674089,0.000000,1.248731,0.368685,0.520775,0.251101,0.403179,0.221485,0.245597,0.520099,0.717374,0.429238,0.125836,0.200037,0.149916,0.468467,0.528487,0.778784,0.899600,0.356716,0.334390,0.329598,0.524638,0.181305,0.130020,0.133071,0.112099,-0.025036,0.000746,0.248184,0.241964,0.605977,0.505341,0.092911,0.214963,0.008361,0.047559,-0.124936,-0.028495,0.213136,0.146133,0.544361,0.511082,0.378106,0.473686,0.574494,0.712461,0.346710,0.378271,0.835951,0.688552,0.626436,0.505902
0.288085,0.235966,0.107731,0.237389,0.320097,0.325638,0.041688,0.162034,0.184122,0.201066,0.115550,0.147478,0.138528,0.223386,0.340664,0.485047,0.173001,0.119913,0.138527,0.193771,0.174644,0.092744,0.124640,0.191435,0.498792,0.476984,0.428068,0.292102,0.242215,0.369449,0.214148,0.146057,0.076751,0.042255,-0.044308,-0.086066,0.531274,0.536569,1.248731,0.000000,0.388443,0.563098,0.331967,0.440632,0.170229,0.245000,0.521825,0.695304,0.278642,0.146150,0.315319,0.194147,0.517681,0.669011,0.730892,0.781624,0.231435,0.205967,0.226141,0.531637,0.069664,0.092734,0.158671,0.115715,-0.023549,-0.008194,0.263733,0.228593,0.467932,0.490258,-0.060191,0.024912,0.079501,0.123291,0.021181,0.141328,0.029869,-0.060442,0.369520,0.316707,0.324464,0.375153,0.445969,0.533940,0.382441,0.384866,0.553430,0.549075,0.554098,0.452813
0.423994,0.449724,0.486430,0.601296,0.459314,0.514022,0.597649,0.744599,0.553822,0.423958,0.554892,0.689116,0.876255,0.823252,1.002946,0.874456,0.698294,0.716269,0.346738,0.354213,-0.108413,0.108727,0.445272,0.551151,0.580096,0.585154,0.427717,0.404289,0.731011,0.676239,0.490266,0.678185,0.636522,0.657020,0.368197,0.379781,0.775423,0.508927,0.368685,0.388443,0.000000,1.326719,0.796077,0.869437,0.795006,0.816400,0.859882,0.748484,0.680068,0.777610,0.913235,0.956197,0.753680,0.349473,0.700263,0.643137,0.383274,0.371221,0.492325,0.637012,0.484338,0.486234,0.740311,0.697993,0.464710,0.536879,0.673127,0.689031,0.335690,0.066997,0.058573,0.080383,0.790438,0.925036,0.711484,0.746567,0.109923,0.004259,0.586993,0.470143,0.748351,0.803808,0.339508,0.386044,1.068479,1.133544,0.046093,0.215376,0.600448,0.558113
0.320392,0.371735,0.318280,0.471928,0.447687,0.537910,0.409808,0.619217,0.520614,0.480901,0.352817,0.594321,0.656890,0.636154,0.816649,0.860655,0.559329,0.581037,0.262106,0.260293,-0.155210,0.061298,0.316636,0.458904,0.518769,0.525729,0.494918,0.381672,0.632546,0.673246,0.432589,0.580304,0.436240,0.474207,0.241689,0.212977,0.637364,0.585009,0.520775,0.563098,1.326719,0.000000,0.744093,0.814207,0.610470,0.675938,0.834228,0.828901,0.568605,0.580652,0.747021,0.750951,0.771302,0.523233,0.739455,0.674542,0.259534,0.251464,0.376329,0.613036,0.294034,0.333863,0.585792,0.560060,0.244304,0.316772,0.532557,0.574182,0.356915,0.075454,0.010153,0.026582,0.645205,0.790861,0.573889,0.663504,0.055310,-0.041986,0.624144,0.509792,0.676582,0.720202,0.364675,0.401355,0.899150,0.960809,0.178351,0.282473,0.596645,0.532144
0.361942,0.530702,0.458689,0.547528,0.539317,0.547358,0.511059,0.674886,0.602525,0.440556,0.535254,0.667326,0.949474,0.803412,0.778376,0.902256,0.797497,0.949538,0.260455,0.306952,-0.316637,-0.081768,0.351704,0.455435,0.592463,0.587002,0.280157,0.488456,0.622208,0.550930,0.413581,0.597435,0.916083,0.946297,0.510663,0.499238,0.405345,0.160418,0.251101,0.331967,0.796077,0.744093,0.000000,1.397429,1.040871,1.277473,1.402375,1.023874,0.727917,1.178433,1.590162,1.361144,1.125593,0.570190,0.913067,0.700885,0.496155,0.458874,0.563133,0.603147,0.628614,0.614744,1.074482,1.045439,0.699823,0.660277,0.805293,0.777792,0.303724,0.141420,-0.196204,-0.148434,0.761254,0.819438,0.766850,0.720103,-0.168242,-0.265480,0.370717,0.326132,0.740244,0.726177,0.179700,0.310525,1.316992,1.271204,-0.248893,0.006083,0.698873,0.654995
0.334015,0.446327,0.374733,0.458442,0.505892,0.515277,0.436781,0.555051,0.618880,0.477223,0.582795,0.649811,0.896623,0.873614,1.054133,1.060800,0.879454,1.008964,0.246019,0.266753,-0.217034,0.011778,0.319657,0.441946,0.668955,0.639775,0.466744,0.494954,0.943462,0.906018,0.662078,0.785057,0.774082,0.830812,0.385257,0.332672,0.508542,0.271578,0.403179,0.440632,0.869437,0.814207,1.397429,0.000000,1.161403,1.352132,1.510715,1.126138,0.767063,1.010843,1.179810,1.127581,0.830179,0.593605,0.827949,0.750102,0.435365,0.392496,0.403134,0.548369,0.530419,0.478978,1.023499,1.036178,0.599549,0.502288,0.615833,0.584589,0.270077,0.142804,-0.176576,-0.072391,0.712806,0.782922,0.611102,0.645038,-0.033404,-0.142259,0.689048,0.652773,1.140956,1.132106,0.336901,0.455227,1.240314,1.230875,-0.044132,0.017592,0.630930,0.566331
0.510604,0.643583,0.613460,0.554375,0.325481,0.285307,0.675351,0.639663,0.448968,0.240077,0.869344,0.836414,0.952666,1.057984,0.977911,0.880659,1.055289,1.246269,0.517800,0.490852,-0.115841,0.245075,0.592972,0.654313,0.565724,0.527214,0.417628,0.338562,1.187154,0.998460,0.886760,1.036420,1.038483,0.963457,0.363543,0.289367,0.578943,0.328459,0.221485,0.170229,0.795006,0.610470,1.040871,1.161403,0.000000,1.711005,1.059013,0.765448,1.171524,1.320085,0.988380,1.228530,0.723320,0.170323,0.647158,0.621378,0.689898,0.667977,0.539170,0.407339,0.755422,0.523401,1.070376,1.075739,0.705202,0.654470,0.629706,0.640171,0.339242,0.043773,0.019666,0.099196,0.662466,0.726333,0.501938,0.454810,0.149983,0.079390,0.674042,0.686124,1.107429,1.181655,0.406516,0.545949,1.134124,1.200291,-0.101254,0.054654,0.511832,0.433878
0.544629,0.691937,0.579277,0.613243,0.420512,0.437806,0.644114,0.712835,0.506154,0.355612,0.866683,0.863595,1.032244,1.055195,0.937103,0.990724,1.015206,1.195275,0.484538,0.506620,-0.078203,0.227244,0.508530,0.589308,0.534919,0.572199,0.353747,0.423403,0.991288,0.897688,0.792922,0.915234,1.118977,1.129526,0.340468,0.324119,0.549160,0.317514,0.245597,0.245000,0.816400,0.675938,1.277473,1.352132,1.711005,0.000000,1.204885,0.923519,1.136537,1.572831,1.135940,1.367210,0.843165,0.366526,0.739928,0.621290,0.719789,0.649480,0.623624,0.553683,0.845375,0.639580,1.153577,1.162450,0.742869,0.677988,0.679710,0.759777,0.334148,0.152990,0.012779,0.114461,0.644927,0.733359,0.554854,0.528400,0.096095,0.015339,0.571226,0.566866,0.988823,1.028385,0.399060,0.528053,1.132139,1.222769,-0.134611,0.067797,0.590312,0.527222
0.508029,0.659690,0.467327,0.594257,0.536363,0.499241,0.504938,0.638474,0.556792,0.407115,0.597351,0.702509,0.834401,0.823276,0.881807,0.969390,0.708054,0.869277,0.398051,0.442778,-0.158756,0.063627,0.382791,0.494804,0.610526,0.602508,0.459737,0.526038,0.746158,0.723869,0.514743,0.651656,0.794993,0.810606,0.309277,0.270249,0.575199,0.307260,0.520099,0.521825,0.859882,0.834228,1.402375,1.510715,1.059013,1.204885,0.000000,1.600393,0.900636,1.100896,1.157620,1.151348,1.119914,0.657654,1.210978,1.057140,0.611868,0.590206,0.594951,0.711647,0.636164,0.575655,0.861369,0.927238,0.532539,0.502254,0.732723,0.691585,0.487970,0.336332,-0.189120,-0.075701,0.579414,0.661694,0.516841,0.525714,-0.037312,-0.128168,0.553546,0.520499,0.893810,0.955264,0.398591,0.575964,1.234377,1.246028,0.028034,0.181092,0.846593,0.736631
0.551349,0.628781,0.385172,0.524825,0.498954,0.432713,0.383811,0.499105,0.441256,0.344005,0.477251,0.566138,0.584623,0.614420,0.669668,0.776657,0.478425,0.559702,0.416937,0.468493,0.019369,0.160191,0.336606,0.439187,0.545602,0.527002,0.421784,0.413454,0.581336,0.646311,0.461340,0.511646,0.603024,0.606417,0.118722,0.082679,0.637065,0.445354,0.717374,0.695304,0.748484,0.828901,1.023874,1.126138,0.765448,0.923519,1.600393,0.000000,0.840620,0.854741,0.815004,0.863800,1.086058,0.779933,1.252328,1.212137,0.597128,0.565073,0.596433,0.785832,0.514702,0.450293,0.597495,0.634605,0.319065,0.312451,0.610984,0.613531,0.568042,0.478947,-0.098870,0.020110,0.371566,0.461913,0.302272,0.370997,0.039164,-0.029488,0.561367,0.485543,0.697694,0.793196,0.422413,0.630885,0.909910,0.932973,0.217925,0.346731,0.821181,0.677832
0.966615,1.013481,0.842070,0.783136,0.327543,0.228244,0.891984,0.754743,0.300190,0.196806,1.060885,0.891730,0.776664,0.921764,0.732822,0.775166,0.611458,0.674688,0.980850,0.938887,0.119333,0.524140,0.809770,0.825098,0.410987,0.377399,0.458761,0.297048,0.783966,0.779179,0.777490,0.835780,0.921726,0.804641,0.084833,0.059079,0.718776,0.567029,0.429238,0.278642,0.680068,0.568605,0.727917,0.767063,1.171524,1.136537,0.900636,0.840620,0.000000,1.085212,0.745071,0.970435,0.806707,0.143251,0.777806,0.765004,0.996474,1.030581,0.863256,0.582190,0.949108,0.589353,0.672666,0.653614,0.519243,0.609505,0.574955,0.675328,0.585991,0.296995,0.185283,0.286835,0.262819,0.363911,0.153860,0.165689,0.391963,0.352040,0.562165,0.523118,0.713005,0.902649,0.687823,0.925997,0.786754,0.954456,0.219774,0.463359,0.667222,0.525349
