0.000000,1.133767,0.848821,0.869687,0.478995,0.631935,0.794786,0.837631,0.659761,0.547643,0.908136,0.829297,0.715065,0.707119,0.543504,0.574778,0.609473,0.716929,1.007749,1.189383,0.139324,0.259544,0.642847,0.618282,0.413945,0.392318,0.365595,0.467726,0.545111,0.558618,0.476730,0.588616,0.648227,0.682520,0.436926,0.520642,0.120044,0.263782,0.258703,0.184147,0.292871,0.237313,0.548093,0.450016,0.334705,0.583676,0.681518,0.576406,0.746861,0.894289,0.701346,0.686175,0.856683,0.936906,0.684117,0.698499,1.035746,0.773072,1.114086,0.977659,0.711074,0.800880,0.703083,0.716726,0.451408,0.604354,0.734693,0.745644,0.754455,0.625380,0.290712,0.306587,0.593046,0.608509,0.360213,0.370476,0.280148,0.197169,0.183169,0.146529,0.498370,0.430151,0.550235,0.491772,0.400339,0.445936,0.386492,0.306230,0.603559,0.944954
1.133767,0.000000,0.643586,0.715478,0.365718,0.488484,0.485258,0.499377,0.443314,0.271067,0.569074,0.477096,0.486643,0.406964,0.413983,0.458962,0.680354,0.986657,0.753712,0.882158,0.071313,0.194072,0.540662,0.460240,0.460023,0.343629,0.273563,0.467924,0.451226,0.404336,0.305698,0.368148,0.444125,0.470052,0.327388,0.385148,0.136290,0.283871,0.265363,0.254251,0.230413,0.166559,0.647714,0.613567,0.407430,0.652793,0.747399,0.725946,0.657344,0.712113,0.515161,0.492497,0.680558,0.712798,0.619114,0.851277,1.210063,1.492043,0.742273,1.087652,0.368159,0.577701,0.588107,0.715507,0.306200,0.372178,0.730076,0.817262,0.959426,0.804247,0.213933,0.197523,0.494344,0.513990,0.262821,0.331186,0.333826,0.269055,0.271906,0.191082,0.495149,0.348651,0.573667,0.409466,0.356896,0.440520,0.337000,0.312094,0.542156,0.832890
0.848821,0.643586,0.000000,1.364030,0.881835,0.944980,1.535120,1.023795,0.955292,0.775672,0.785268,0.746907,0.987708,0.821637,1.044517,0.936136,0.407428,0.499165,1.273155,1.018511,0.210047,0.329258,1.246708,1.080816,0.724309,0.706192,0.632613,0.693008,0.596915,0.629257,0.724987,0.927920,0.741743,0.732633,0.711285,0.754673,0.339339,0.287465,0.320547,0.196855,0.371091,0.266984,0.634608,0.446044,0.408978,0.624059,0.726456,0.606014,0.639023,0.632113,0.828512,0.780635,0.902271,0.984021,0.754938,0.636019,0.573329,0.567577,0.751392,0.727547,0.536722,0.689481,0.596821,0.601951,0.860235,0.844239,0.937587,0.840079,0.466957,0.480767,0.354251,0.491381,0.901460,0.860378,0.606588,0.797698,0.421959,0.242698,0.129387,0.170110,0.652818,0.599977,0.819699,0.691624,0.637822,0.647642,0.499387,0.399583,0.920257,1.017276
0.869687,0.715478,1.364030,0.000000,0.841181,1.101943,1.178185,1.271351,0.844729,0.849576,0.755948,0.818663,0.893476,0.889236,0.947693,1.101859,0.460172,0.527542,1.302110,1.292935,0.254732,0.448658,1.354214,1.531223,0.765436,0.876648,0.667348,0.771251,0.557055,0.541976,0.673567,0.958453,0.652198,0.703710,0.765413,0.802861,0.311288,0.305884,0.335510,0.286394,0.362208,0.321727,0.645547,0.462647,0.359814,0.668841,0.845497,0.690058,0.629876,0.776096,0.811184,0.830426,1.082078,1.087604,0.851416,0.739361,0.615366,0.617778,0.710194,0.836972,0.477023,0.744050,0.606792,0.645137,0.709392,1.045016,0.981158,1.045889,0.533435,0.541756,0.452130,0.451597,0.881482,0.795972,0.598784,0.801804,0.463976,0.320552,0.228869,0.208720,0.717185,0.574900,0.903736,0.805139,0.735100,0.693059,0.571909,0.411890,0.926367,1.251271
0.478995,0.365718,0.881835,0.841181,0.000000,1.192331,0.869812,0.834881,1.075636,1.057389,0.685781,0.766940,0.872549,0.851421,1.022715,0.996614,0.314217,0.361983,0.759196,0.721943,0.150715,0.270005,0.893169,0.797585,0.809301,0.922527,0.635924,0.630148,0.431083,0.523811,0.615342,0.730107,0.673172,0.676870,0.594352,0.640773,0.331119,0.133599,0.191159,0.102272,0.246264,-0.011834,0.526567,0.348330,0.274326,0.525904,0.564324,0.419841,0.553717,0.615292,0.742421,0.696137,0.676350,0.744403,0.483608,0.425091,0.383271,0.369670,0.557507,0.505122,0.417200,0.701159,0.477087,0.611994,0.597251,0.715730,0.635929,0.572077,0.212411,0.290142,0.441487,0.452674,0.730039,0.762779,0.726617,0.681348,0.345813,0.177876,0.122159,0.323790,0.526602,0.532728,0.805246,0.665121,0.479099,0.487848,0.375971,0.347802,0.567532,0.715645
0.631935,0.488484,0.944980,1.101943,1.192331,0.000000,0.873139,0.930907,0.865316,1.137135,0.765050,0.821544,0.893269,0.957383,1.071954,1.086338,0.379105,0.412749,0.845319,0.920916,0.266333,0.413493,1.012231,1.073677,0.827431,1.125894,0.864396,0.855746,0.543637,0.632597,0.770159,0.977236,0.719449,0.779456,0.698563,0.795070,0.463115,0.228626,0.388933,0.191242,0.311896,0.102494,0.650459,0.450269,0.373334,0.602646,0.705403,0.556560,0.620896,0.711827,0.801241,0.819004,0.810419,0.777060,0.637392,0.596701,0.508015,0.442751,0.614376,0.623216,0.408710,0.732415,0.453820,0.579590,0.597972,0.800147,0.660766,0.677486,0.323165,0.442472,0.540679,0.541632,0.757774,0.818554,0.603336,0.808402,0.402163,0.212789,0.150056,0.226512,0.659568,0.630570,1.065213,0.790648,0.642845,0.657347,0.553460,0.506862,0.745907,0.931405
0.794786,0.485258,1.535120,1.178185,0.869812,0.873139,0.000000,1.365931,1.144977,0.929373,0.952214,0.963164,1.078117,0.835126,1.073982,0.919034,0.461742,0.473441,1.209443,0.949512,0.289421,0.447005,1.006027,0.945118,0.588494,0.657006,0.554714,0.591106,0.692701,0.687176,0.725157,0.909224,0.758377,0.738274,0.699175,0.724889,0.309494,0.366555,0.353661,0.286012,0.535391,0.383921,0.530021,0.379295,0.350128,0.578787,0.623335,0.530701,0.591362,0.718961,0.822074,0.874980,0.796835,0.951084,0.793199,0.580380,0.441900,0.389807,0.790609,0.650117,0.781332,0.823387,0.758200,0.646497,0.781609,0.964954,0.839260,0.796633,0.403226,0.364231,0.427028,0.481139,0.968048,0.973240,0.713405,0.776583,0.432232,0.304988,0.223291,0.274769,0.667645,0.606654,0.766311,0.691665,0.602967,0.571636,0.428038,0.384784,0.751738,0.957723
0.837631,0.499377,1.023795,1.271351,0.834881,0.930907,1.365931,0.000000,1.106963,1.273864,0.915827,1.216697,0.853626,0.875411,0.783200,0.850178,0.411804,0.406171,0.981704,1.019998,0.231847,0.439292,0.819787,0.945553,0.475282,0.624051,0.474779,0.514406,0.521359,0.574294,0.579361,0.781522,0.668620,0.744367,0.620357,0.733541,0.169664,0.238393,0.223971,0.224754,0.377771,0.243901,0.458695,0.290819,0.213730,0.532354,0.603746,0.469645,0.581733,0.945573,0.734436,0.829902,0.894624,0.978456,0.716812,0.523697,0.444580,0.365497,0.831739,0.732501,0.832997,1.147291,0.687609,0.741790,0.523134,1.009188,0.695768,0.750756,0.355188,0.349304,0.459605,0.418077,0.757988,0.720386,0.617146,0.617222,0.390781,0.299025,0.153444,0.221644,0.495655,0.420541,0.659990,0.613416,0.441175,0.409867,0.343557,0.232968,0.668794,0.971487
0.659761,0.443314,0.955292,0.844729,1.075636,0.865316,1.144977,1.106963,0.000000,1.098004,0.787393,0.921761,0.802324,0.777071,0.811920,0.741001,0.338040,0.460804,0.819246,0.721840,0.188688,0.356060,0.741896,0.699427,0.560333,0.631962,0.351606,0.484819,0.480491,0.605802,0.482796,0.595729,0.628194,0.633110,0.518635,0.640431,0.264573,0.278756,0.194371,0.157286,0.295418,0.100425,0.506904,0.384822,0.230797,0.481117,0.545930,0.461719,0.493247,0.701126,0.695424,0.786127,0.686400,0.815099,0.512437,0.428728,0.420645,0.369410,0.655538,0.526297,0.676812,0.839678,0.535944,0.677171,0.524935,0.797119,0.630663,0.622581,0.288550,0.318811,0.338807,0.381895,0.635695,0.687939,0.519516,0.477553,0.379048,0.257775,0.119933,0.246114,0.461110,0.476839,0.617647,0.547478,0.340063,0.428242,0.224914,0.265110,0.575153,0.734532
0.547643,0.271067,0.775672,0.849576,1.057389,1.137135,0.929373,1.273864,1.098004,0.000000,0.804381,1.051442,0.828499,0.870353,0.865969,0.835992,0.298075,0.278804,0.632519,0.682557,0.158301,0.332044,0.689267,0.784296,0.537631,0.752541,0.538632,0.486766,0.415469,0.585813,0.580626,0.737515,0.693468,0.769548,0.596165,0.725175,0.217057,0.081816,0.195392,0.032265,0.254321,-0.025915,0.410840,0.219853,0.182678,0.448245,0.472523,0.322143,0.488307,0.765740,0.666924,0.740580,0.673656,0.685241,0.487069,0.337647,0.324507,0.230467,0.638555,0.542117,0.644212,0.975938,0.474752,0.654468,0.503566,0.793037,0.456011,0.482028,0.087815,0.207554,0.453266,0.449180,0.658733,0.644219,0.633336,0.601554,0.309074,0.173498,0.016131,0.183402,0.370193,0.374212,0.690044,0.500998,0.308947,0.315582,0.239896,0.184468,0.521740,0.704724
0.908136,0.569074,0.785268,0.755948,0.685781,0.765050,0.952214,0.915827,0.787393,0.804381,0.000000,1.452047,1.436439,1.160948,0.934373,0.910812,0.695349,0.751337,0.862187,0.849425,0.196174,0.382902,0.800634,0.764207,0.667012,0.679076,0.575457,0.505885,0.713756,1.103974,0.830360,0.892262,1.032610,1.026863,0.704707,0.835620,0.242528,0.304548,0.441721,0.213798,0.520563,0.325116,0.471143,0.348460,0.351928,0.623623,0.436690,0.399335,0.674473,0.983037,0.978466,1.185189,0.674700,0.838273,0.603078,0.563657,0.640135,0.412230,0.811330,0.644044,1.064899,1.009841,1.127985,1.025913,0.784611,0.974046,0.672835,0.669243,0.322489,0.311112,0.372450,0.372382,0.691331,0.873907,0.528233,0.553733,0.171405,0.060854,0.189212,0.510790,0.776083,0.875305,0.676760,0.624778,0.626034,0.760155,0.504328,0.428098,0.486537,0.898845
0.829297,0.477096,0.746907,0.818663,0.766940,0.821544,0.963164,1.216697,0.921761,1.051442,1.452047,0.000000,1.066205,1.185673,0.746728,0.803436,0.464110,0.550163,0.754994,0.806508,0.140551,0.375025,0.697791,0.738612,0.539409,0.639159,0.492458,0.423002,0.498784,0.850454,0.642703,0.775271,0.828968,0.950829,0.547849,0.759963,0.128630,0.142178,0.268625,0.097649,0.346866,0.164213,0.367470,0.235059,0.218290,0.535591,0.400868,0.299514,0.593492,1.087654,0.889545,1.084612,0.707151,0.803062,0.519622,0.419118,0.510375,0.320017,0.804701,0.639255,1.076162,1.338311,0.845429,1.019216,0.550781,1.002811,0.567404,0.605828,0.215135,0.241285,0.389006,0.341708,0.604434,0.704771,0.495857,0.546851,0.180560,0.061952,0.030347,0.374355,0.533142,0.611050,0.556149,0.465387,0.432031,0.538923,0.341881,0.236443,0.472730,0.815101
0.715065,0.486643,0.987708,0.893476,0.872549,0.893269,1.078117,0.853626,0.802324,0.828499,1.436439,1.066205,0.000000,1.173502,1.400492,1.174203,0.628579,0.700878,0.991252,0.809742,0.178491,0.346510,1.136784,0.984991,0.874338,0.915479,0.784400,0.646462,0.676423,1.023599,0.933410,1.053065,1.051686,0.981669,0.855179,0.903775,0.298476,0.275732,0.418849,0.163016,0.497593,0.319257,0.541788,0.381973,0.402800,0.647975,0.510948,0.451110,0.625565,0.762377,0.944779,1.028250,0.691523,0.862041,0.599351,0.548174,0.551298,0.447291,0.646341,0.617464,0.752352,0.815119,0.943900,0.907343,1.080049,1.064828,0.748461,0.700689,0.268134,0.304963,0.366233,0.395860,0.835652,1.032229,0.631426,0.726998,0.162094,0.062673,0.185822,0.562035,0.839500,0.931158,0.836167,0.669803,0.762219,0.827209,0.590221,0.472434,0.574237,0.938342
0.707119,0.406964,0.821637,0.889236,0.851421,0.957383,0.835126,0.875411,0.777071,0.870353,1.160948,1.185673,1.173502,0.000000,0.894545,1.125109,0.362293,0.446684,0.765882,0.806534,0.168907,0.345165,0.953378,0.998150,0.763973,0.888619,0.652687,0.563197,0.457879,0.847604,0.733431,0.931554,0.884250,0.953171,0.754898,0.958362,0.231069,0.094899,0.320379,0.024184,0.279488,0.153455,0.450459,0.300636,0.310552,0.556208,0.436469,0.345997,0.589804,0.789696,1.055190,1.076242,0.700345,0.732786,0.456737,0.474480,0.504449,0.287830,0.621933,0.496941,0.655463,0.837158,0.649942,0.748714,0.833820,1.094904,0.655137,0.598482,0.175931,0.261288,0.430571,0.544403,0.598648,0.731468,0.437721,0.610085,0.186115,-0.024739,0.004931,0.366979,0.644795,0.832897,0.631527,0.571422,0.685781,0.875252,0.610129,0.408116,0.583093,0.804684
0.543504,0.413983,1.044517,0.947693,1.022715,1.071954,1.073982,0.783200,0.811920,0.865969,0.934373,0.746728,1.400492,0.894545,0.000000,1.293246,0.567625,0.570110,0.956136,0.772051,0.332003,0.437045,1.207274,1.072837,1.013153,1.054385,0.795035,0.777164,0.799217,0.805092,0.913394,1.052192,0.825196,0.739131,0.937937,0.815842,0.525317,0.408109,0.589873,0.327382,0.585664,0.346232,0.603629,0.429153,0.429356,0.584005,0.617710,0.555082,0.575102,0.581153,0.861697,0.851517,0.737457,0.790513,0.741153,0.624420,0.482890,0.442068,0.568865,0.575828,0.478714,0.619173,0.745129,0.700284,0.951763,0.835977,0.718681,0.662713,0.272041,0.281059,0.510437,0.555624,1.038948,1.108056,0.815209,0.909264,0.400122,0.274464,0.329276,0.481169,0.961110,0.876634,1.234011,0.908104,0.933297,0.838246,0.699434,0.683401,0.822111,0.955209
0.574778,0.458962,0.936136,1.101859,0.996614,1.086338,0.919034,0.850178,0.741001,0.835992,0.910812,0.803436,1.174203,1.125109,1.293246,0.000000,0.566222,0.558802,0.925148,0.868781,0.294983,0.439110,1.348127,1.289277,1.018157,1.119241,0.836479,0.733712,0.670504,0.853450,0.908441,1.173563,0.891227,0.889084,0.886019,0.881027,0.382386,0.294269,0.402858,0.214753,0.491140,0.267059,0.590944,0.418991,0.382523,0.625235,0.578229,0.519650,0.593616,0.660101,0.942919,0.940099,0.750744,0.821717,0.640390,0.660544,0.550024,0.433786,0.528128,0.529435,0.511321,0.688172,0.751293,0.771819,0.941959,1.052562,0.768617,0.743755,0.257734,0.347569,0.444022,0.535992,0.892118,1.006460,0.716299,0.860486,0.273534,0.113467,0.248646,0.473323,0.911823,0.928438,1.035373,0.910930,0.949201,0.975447,0.737719,0.599855,0.678462,0.965436
0.609473,0.680354,0.407428,0.460172,0.314217,0.379105,0.461742,0.411804,0.338040,0.298075,0.695349,0.464110,0.628579,0.362293,0.567625,0.566222,0.000000,1.160999,0.551685,0.577670,0.216452,0.276301,0.493606,0.432141,0.552677,0.499125,0.343480,0.354278,1.025705,0.678574,0.627987,0.529832,0.652479,0.566465,0.620794,0.515132,0.347120,0.584457,0.426283,0.497609,0.589866,0.384123,0.705970,0.723854,0.571596,0.659886,0.679916,0.761091,0.533896,0.561678,0.519499,0.588450,0.464428,0.635701,0.646520,0.745125,0.917882,0.801367,0.464374,0.537500,0.425526,0.421987,0.878891,0.732034,0.534591,0.498156,0.750859,0.824635,0.693004,0.611846,0.241268,0.167006,0.640632,0.772437,0.428397,0.326431,0.181501,0.167849,0.790152,0.684877,0.878976,0.655573,0.662749,0.597788,0.541310,0.493777,0.413783,0.475253,0.276514,0.610947
0.716929,0.986657,0.499165,0.527542,0.361983,0.412749,0.473441,0.406171,0.460804,0.278804,0.751337,0.550163,0.700878,0.446684,0.570110,0.558802,1.160999,0.000000,0.633086,0.596018,0.062083,0.204186,0.528750,0.428914,0.561800,0.443346,0.296550,0.349221,0.668994,0.750304,0.479005,0.453682,0.597037,0.563729,0.512117,0.557220,0.269748,0.502587,0.315339,0.269118,0.383907,0.243877,0.730102,0.749118,0.572282,0.787873,0.653346,0.717745,0.560640,0.677688,0.517877,0.677056,0.459755,0.609556,0.508911,0.730191,1.116408,1.119803,0.483794,0.674319,0.440121,0.534194,0.837838,1.052606,0.524948,0.568404,0.736651,0.876068,0.677376,0.605310,0.194664,0.134544,0.572502,0.735251,0.360676,0.343196,0.203372,0.189276,0.446985,0.658480,0.758281,0.699413,0.604556,0.437878,0.450059,0.579713,0.314048,0.366697,0.298888,0.629367
1.007749,0.753712,1.273155,1.302110,0.759196,0.845319,1.209443,0.981704,0.819246,0.632519,0.862187,0.754994,0.991252,0.765882,0.956136,0.925148,0.551685,0.633086,0.000000,1.549096,0.255900,0.390244,1.201469,1.006703,0.631386,0.677066,0.564471,0.687259,0.625510,0.547640,0.678546,0.904213,0.764003,0.739062,0.734643,0.722319,0.267083,0.407863,0.316269,0.312594,0.447796,0.406144,0.546229,0.417132,0.304776,0.558140,0.691936,0.590337,0.561472,0.674541,0.709242,0.752995,0.870094,1.010831,0.778505,0.674755,0.605446,0.590384,0.712236,0.706483,0.555281,0.640045,0.691873,0.602301,0.793924,0.931370,0.993021,0.932091,0.633968,0.535868,0.284662,0.318597,0.905714,0.882748,0.588601,0.681753,0.410183,0.327825,0.319979,0.274584,0.779470,0.655688,0.790529,0.772189,0.725927,0.657412,0.536540,0.437584,0.732629,1.002714
1.189383,0.882158,1.018511,1.292935,0.721943,0.920916,0.949512,1.019998,0.721840,0.682557,0.849425,0.806508,0.809742,0.806534,0.772051,0.868781,0.577670,0.596018,1.549096,0.000000,0.240668,0.332749,0.988779,0.968433,0.552570,0.654765,0.553497,0.659701,0.578936,0.497005,0.602465,0.849415,0.740625,0.798439,0.680373,0.725847,0.216301,0.326999,0.287603,0.285730,0.355007,0.313390,0.539169,0.418864,0.300309,0.566300,0.758869,0.609297,0.595437,0.752652,0.732570,0.723624,0.971554,1.009341,0.779278,0.686233,0.718205,0.642697,0.828738,0.788972,0.562092,0.704569,0.614084,0.612542,0.618246,0.857387,0.971647,0.952754,0.745320,0.714236,0.310918,0.309024,0.796751,0.723972,0.511254,0.574702,0.366897,0.261682,0.310280,0.211467,0.670044,0.549388,0.744706,0.749287,0.633922,0.572908,0.520191,0.379892,0.732694,1.006946
0.139324,0.071313,0.210047,0.254732,0.150715,0.266333,0.289421,0.231847,0.188688,0.158301,0.196174,0.140551,0.178491,0.168907,0.332003,0.294983,0.216452,0.062083,0.255900,0.240668,0.000000,0.892933,0.232414,0.266165,0.142479,0.294279,0.355072,0.509266,0.521209,0.328417,0.451883,0.406797,0.231535,0.165682,0.312933,0.199424,0.407260,0.457102,0.609582,0.552187,0.497960,0.559144,0.271096,0.298824,0.232850,0.170638,0.321529,0.406177,0.263880,0.158003,0.358233,0.327745,0.300438,0.260950,0.396733,0.395988,0.046344,0.012995,0.227694,0.147156,0.060153,0.100059,0.138904,0.031966,0.121282,0.128395,0.226935,0.246824,0.208998,0.173433,0.767978,0.705861,0.379476,0.413954,0.206589,0.309326,0.464057,0.351144,0.523711,0.274841,0.503059,0.392685,0.442113,0.524002,0.468406,0.343525,0.530504,0.567937,0.370041,0.304209
0.259544,0.194072,0.329258,0.448658,0.270005,0.413493,0.447005,0.439292,0.356060,0.332044,0.382902,0.375025,0.346510,0.345165,0.437045,0.439110,0.276301,0.204186,0.390244,0.332749,0.892933,0.000000,0.344777,0.409590,0.240193,0.402898,0.425227,0.638335,0.546705,0.441672,0.465026,0.473817,0.261123,0.224282,0.441645,0.293441,0.444024,0.510734,0.523894,0.576040,0.581668,0.558747,0.296507,0.338466,0.200743,0.308235,0.332847,0.417593,0.328198,0.381486,0.377187,0.500243,0.365958,0.318982,0.458449,0.481921,0.140648,0.104522,0.327118,0.265139,0.223756,0.279633,0.329210,0.205751,0.182050,0.327752,0.333557,0.399199,0.257524,0.151246,0.758590,0.570951,0.497359,0.585196,0.350617,0.536961,0.592639,0.464454,0.455055,0.364161,0.562614,0.458903,0.493835,0.564116,0.481226,0.438861,0.388572,0.525378,0.414618,0.447303
0.642847,0.540662,1.246708,1.354214,0.893169,1.012231,1.006027,0.819787,0.741896,0.689267,0.800634,0.697791,1.136784,0.953378,1.207274,1.348127,0.493606,0.528750,1.201469,0.988779,0.232414,0.344777,0.000000,1.666258,1.180110,1.173960,0.900546,0.766643,0.606358,0.650281,0.918890,1.201506,0.839166,0.826380,0.841975,0.844218,0.401231,0.329039,0.409416,0.285405,0.439774,0.336924,0.624058,0.431176,0.356208,0.573171,0.668697,0.588169,0.543529,0.563393,0.922129,0.868426,0.941038,1.008270,0.757458,0.653339,0.538784,0.499824,0.516001,0.569573,0.419045,0.569713,0.616120,0.624252,0.974153,1.013485,0.923924,0.848879,0.380601,0.440655,0.319028,0.385390,0.855283,0.847563,0.586680,0.771222,0.246849,0.140684,0.205454,0.316848,0.838203,0.820715,0.999320,0.908115,1.019569,0.979601,0.741187,0.580480,0.851068,1.057088
0.618282,0.460240,1.080816,1.531223,0.797585,1.073677,0.945118,0.945553,0.699427,0.784296,0.764207,0.738612,0.984991,0.998150,1.072837,1.289277,0.432141,0.428914,1.006703,0.968433,0.266165,0.409590,1.666258,0.000000,1.014026,1.175640,0.798503,0.745074,0.558146,0.601679,0.795396,1.103950,0.683223,0.726613,0.850518,0.888801,0.413969,0.312496,0.434926,0.278200,0.386870,0.344732,0.512933,0.338996,0.267280,0.487748,0.615963,0.520056,0.458793,0.578032,0.883786,0.885745,0.959910,0.962760,0.736343,0.582146,0.468155,0.393995,0.478141,0.549552,0.409334,0.610208,0.575151,0.554430,0.878017,1.175373,0.781980,0.781258,0.305666,0.360459,0.442158,0.439855,0.750688,0.715697,0.509805,0.724083,0.299261,0.175200,0.203509,0.272647,0.822555,0.760261,0.924035,0.863600,1.004503,0.955384,0.747075,0.542079,0.852541,1.130866
0.413945,0.460023,0.724309,0.765436,0.809301,0.827431,0.588494,0.475282,0.560333,0.537631,0.667012,0.539409,0.874338,0.763973,1.013153,1.018157,0.552677,0.561800,0.631386,0.552570,0.142479,0.240193,1.180110,1.014026,0.000000,1.319018,0.727955,0.581443,0.529905,0.571502,0.656402,0.736977,0.611271,0.593342,0.720413,0.717982,0.437405,0.268443,0.418934,0.283610,0.358965,0.165708,0.551761,0.404951,0.345249,0.488574,0.500052,0.487138,0.433800,0.447862,0.770428,0.713185,0.655536,0.698455,0.588935,0.564665,0.529043,0.511039,0.363086,0.471899,0.304424,0.457145,0.571482,0.607967,0.791170,0.710623,0.680164,0.636779,0.270629,0.287147,0.302893,0.309045,0.611535,0.638021,0.481864,0.552165,0.207522,0.112924,0.244736,0.404972,0.800667,0.778372,0.851466,0.753519,0.957755,0.972640,0.659990,0.606723,0.671232,0.835754
0.392318,0.343629,0.706192,0.876648,0.922527,1.125894,0.657006,0.624051,0.631962,0.752541,0.679076,0.639159,0.915479,0.888619,1.054385,1.119241,0.499125,0.443346,0.677066,0.654765,0.294279,0.402898,1.173960,1.175640,1.319018,0.000000,0.904418,0.750809,0.579566,0.639512,0.799558,0.940115,0.690047,0.700729,0.771017,0.799676,0.462103,0.266219,0.419078,0.251682,0.381673,0.185296,0.530034,0.383079,0.292917,0.454390,0.534994,0.476761,0.401247,0.500886,0.813341,0.813781,0.662342,0.694878,0.544004,0.483512,0.397422,0.358364,0.338577,0.431275,0.313250,0.521904,0.476920,0.549986,0.734823,0.852695,0.657299,0.652606,0.211494,0.315362,0.460576,0.405510,0.651839,0.709960,0.468663,0.613373,0.213194,0.103995,0.273621,0.432502,0.810500,0.817797,0.956953,0.795109,0.916553,0.889826,0.623602,0.560913,0.614626,0.798704
0.365595,0.273563,0.632613,0.667348,0.635924,0.864396,0.554714,0.474779,0.351606,0.538632,0.575457,0.492458,0.784400,0.652687,0.795035,0.836479,0.343480,0.296550,0.564471,0.553497,0.355072,0.425227,0.900546,0.798503,0.727955,0.904418,0.000000,0.932906,0.484600,0.596135,1.001658,1.083519,0.689623,0.678566,0.574584,0.578690,0.372339,0.159288,0.444334,0.238310,0.435772,0.238034,0.539442,0.382419,0.415835,0.513905,0.506498,0.467574,0.484334,0.405631,0.728254,0.639738,0.617741,0.594654,0.516699,0.515524,0.358260,0.303863,0.355663,0.384566,0.263808,0.425816,0.360274,0.404593,0.564119,0.510448,0.522509,0.509463,0.194704,0.353492,0.458798,0.481800,0.538469,0.629213,0.421768,0.676609,0.083682,-0.043353,0.145310,0.349599,0.607769,0.663878,0.804388,0.699130,0.720890,0.682109,0.652955,0.535291,0.564216,0.627171
0.467726,0.467924,0.693008,0.771251,0.630148,0.855746,0.591106,0.514406,0.484819,0.486766,0.505885,0.423002,0.646462,0.563197,0.777164,0.733712,0.354278,0.349221,0.687259,0.659701,0.509266,0.638335,0.766643,0.745074,0.581443,0.750809,0.932906,0.000000,0.592247,0.470883,0.792479,0.844816,0.519165,0.442042,0.577237,0.527273,0.540871,0.378848,0.545413,0.435872,0.426281,0.375132,0.550753,0.492789,0.335491,0.435480,0.621747,0.663487,0.457716,0.373990,0.628641,0.557030,0.694679,0.629914,0.613360,0.649801,0.436341,0.442383,0.413400,0.488036,0.170914,0.396369,0.321384,0.340812,0.409142,0.427154,0.576681,0.592333,0.407805,0.434592,0.589416,0.649692,0.554184,0.680333,0.430283,0.756580,0.489986,0.318890,0.357391,0.301519,0.764899,0.650657,0.865977,0.841075,0.712621,0.675361,0.639205,0.765029,0.798804,0.780746
0.545111,0.451226,0.596915,0.557055,0.431083,0.543637,0.692701,0.521359,0.480491,0.415469,0.713756,0.498784,0.676423,0.457879,0.799217,0.670504,1.025705,0.668994,0.625510,0.578936,0.521209,0.546705,0.606358,0.558146,0.529905,0.579566,0.484600,0.592247,0.000000,0.900557,1.030952,0.810168,0.687041,0.560771,0.664385,0.505632,0.703030,0.701714,0.737995,0.730934,0.940942,0.596565,0.794636,0.743813,0.615272,0.619795,0.700895,0.831937,0.639408,0.523276,0.697276,0.717200,0.550369,0.630512,0.773317,0.782795,0.607113,0.476339,0.506767,0.468402,0.367111,0.410507,0.750690,0.510658,0.541710,0.459521,0.704076,0.714063,0.573655,0.498065,0.453122,0.463252,0.785894,0.949983,0.524500,0.526763,0.385981,0.259428,0.796257,0.534375,1.027979,0.765023,0.910655,0.903791,0.705427,0.618132,0.572686,0.818432,0.551437,0.695194
0.558618,0.404336,0.629257,0.541976,0.523811,0.632597,0.687176,0.574294,0.605802,0.585813,1.103974,0.850454,1.023599,0.847604,0.805092,0.853450,0.678574,0.750304,0.547640,0.497005,0.328417,0.441672,0.650281,0.601679,0.571502,0.639512,0.596135,0.470883,0.900557,0.000000,1.039071,0.938034,1.034683,0.966745,0.657088,0.752544,0.402596,0.317519,0.544117,0.177757,0.523934,0.289809,0.619978,0.526328,0.563052,0.731479,0.429587,0.471769,0.719970,0.792540,0.935726,1.129165,0.453030,0.587452,0.393320,0.563106,0.589093,0.378018,0.561356,0.469193,0.654061,0.724238,0.795164,0.847083,0.751182,0.699427,0.569117,0.581759,0.196241,0.330683,0.416438,0.483160,0.583009,0.851184,0.414906,0.495539,0.069252,-0.106379,0.230351,0.668493,0.795318,1.028372,0.691181,0.583011,0.573417,0.802167,0.514893,0.531774,0.388742,0.668993
0.476730,0.305698,0.724987,0.673567,0.615342,0.770159,0.725157,0.579361,0.482796,0.580626,0.830360,0.642703,0.933410,0.733431,0.913394,0.908441,0.627987,0.479005,0.678546,0.602465,0.451883,0.465026,0.918890,0.795396,0.656402,0.799558,1.001658,0.792479,1.030952,1.039071,0.000000,1.616779,1.132404,0.965826,0.711395,0.708318,0.526753,0.359371,0.679372,0.386089,0.671815,0.418946,0.684450,0.516945,0.526106,0.606033,0.559812,0.578697,0.658451,0.522501,0.967419,0.861054,0.631470,0.699696,0.592495,0.611637,0.506057,0.322353,0.488302,0.391041,0.439327,0.544179,0.573205,0.540055,0.685616,0.619107,0.631233,0.598359,0.270844,0.421831,0.449701,0.568171,0.695078,0.918410,0.516014,0.692054,0.131514,-0.025231,0.380859,0.510085,0.962261,1.017554,0.981519,0.906833,0.812391,0.792407,0.760082,0.775140,0.576892,0.698156
0.588616,0.368148,0.927920,0.958453,0.730107,0.977236,0.909224,0.781522,0.595729,0.737515,0.892262,0.775271,1.053065,0.931554,1.052192,1.173563,0.529832,0.453682,0.904213,0.849415,0.406797,0.473817,1.201506,1.103950,0.736977,0.940115,1.083519,0.844816,0.810168,0.938034,1.616779,0.000000,1.208132,1.147626,0.845718,0.908291,0.446089,0.290705,0.549457,0.284773,0.561125,0.371064,0.613880,0.441361,0.446667,0.599926,0.576347,0.537358,0.610128,0.561782,0.973757,0.910926,0.729501,0.753163,0.610508,0.582389,0.499546,0.337287,0.551853,0.456781,0.515678,0.649688,0.568407,0.588695,0.800661,0.834545,0.732605,0.698279,0.272147,0.432583,0.428419,0.555448,0.831469,0.938925,0.614229,0.835477,0.179876,0.007199,0.245077,0.386259,0.899483,0.955262,0.985936,0.885484,0.877413,0.853213,0.755119,0.636970,0.679892,0.793467
0.648227,0.444125,0.741743,0.652198,0.673172,0.719449,0.758377,0.668620,0.628194,0.693468,1.032610,0.828968,1.051686,0.884250,0.825196,0.891227,0.652479,0.597037,0.764003,0.740625,0.231535,0.261123,0.839166,0.683223,0.611271,0.690047,0.689623,0.519165,0.687041,1.034683,1.132404,1.208132,0.000000,1.928402,0.751778,0.867042,0.248925,0.143740,0.422882,0.093298,0.409655,0.174117,0.620077,0.463091,0.514367,0.693225,0.507411,0.463119,0.703810,0.701971,0.953425,0.907744,0.544570,0.683548,0.421451,0.556201,0.666525,0.425261,0.610810,0.473275,0.712439,0.766766,0.657744,0.745875,0.826428,0.743468,0.747767,0.671975,0.275326,0.506714,0.246265,0.389462,0.708847,0.873669,0.500439,0.579047,0.005295,-0.201358,0.168957,0.468817,0.706966,0.829215,0.709193,0.571554,0.550853,0.643918,0.519059,0.404959,0.407746,0.626959
0.682520,0.470052,0.732633,0.703710,0.676870,0.779456,0.738274,0.744367,0.633110,0.769548,1.026863,0.950829,0.981669,0.953171,0.739131,0.889084,0.566465,0.563729,0.739062,0.798439,0.165682,0.224282,0.826380,0.726613,0.593342,0.700729,0.678566,0.442042,0.560771,0.966745,0.965826,1.147626,1.928402,0.000000,0.698611,0.915145,0.163434,0.064926,0.303480,-0.012510,0.293314,0.089399,0.581819,0.406517,0.473122,0.708491,0.486686,0.399957,0.668464,0.763323,0.922502,0.935474,0.522444,0.649113,0.382307,0.495614,0.643462,0.412394,0.581097,0.478492,0.756198,0.863750,0.592096,0.780954,0.751151,0.804923,0.701114,0.663815,0.237395,0.498289,0.213959,0.330546,0.639826,0.772937,0.472957,0.556997,-0.053726,-0.259977,0.061336,0.378629,0.588700,0.730862,0.634592,0.464192,0.484093,0.598904,0.429757,0.277337,0.357004,0.605554
0.436926,0.327388,0.711285,0.765413,0.594352,0.698563,0.699175,0.620357,0.518635,0.596165,0.704707,0.547849,0.855179,0.754898,0.937937,0.886019,0.620794,0.512117,0.734643,0.680373,0.312933,0.441645,0.841975,0.850518,0.720413,0.771017,0.574584,0.577237,0.664385,0.657088,0.711395,0.845718,0.751778,0.698611,0.000000,1.216971,0.416518,0.363895,0.499281,0.278892,0.357529,0.341484,0.532814,0.441349,0.509191,0.607559,0.553049,0.526152,0.401374,0.459916,0.583407,0.663678,0.458559,0.537619,0.483189,0.512677,0.436037,0.355021,0.421129,0.396814,0.359326,0.460003,0.554470,0.542598,0.987633,0.842178,0.839226,0.718754,0.306091,0.328997,0.415204,0.465437,0.664132,0.729064,0.590245,0.632681,0.375997,0.221590,0.383302,0.496800,0.836969,0.760413,0.733099,0.667172,0.801124,0.704367,0.618963,0.508230,0.558193,0.667088
0.520642,0.385148,0.754673,0.802861,0.640773,0.795070,0.724889,0.733541,0.640431,0.725175,0.835620,0.759963,0.903775,0.958362,0.815842,0.881027,0.515132,0.557220,0.722319,0.725847,0.199424,0.293441,0.844218,0.888801,0.717982,0.799676,0.578690,0.527273,0.505632,0.752544,0.708318,0.908291,0.867042,0.915145,1.216971,0.000000,0.305083,0.197493,0.358674,0.088132,0.208341,0.178625,0.532350,0.393924,0.471869,0.627818,0.515773,0.452371,0.414337,0.561303,0.682037,0.784902,0.475669,0.565402,0.395841,0.445920,0.526389,0.399989,0.440989,0.432774,0.512911,0.711713,0.497881,0.680499,0.953817,1.023100,0.837059,0.770570,0.280613,0.401599,0.337450,0.441348,0.561099,0.642363,0.497126,0.513181,0.232602,0.050090,0.175611,0.497745,0.767536,0.811851,0.637656,0.530434,0.671333,0.752261,0.557285,0.405133,0.548209,0.683112
0.120044,0.136290,0.339339,0.311288,0.331119,0.463115,0.309494,0.169664,0.264573,0.217057,0.242528,0.128630,0.298476,0.231069,0.525317,0.382386,0.347120,0.269748,0.267083,0.216301,0.407260,0.444024,0.401231,0.413969,0.437405,0.462103,0.372339,0.540871,0.703030,0.402596,0.526753,0.446089,0.248925,0.163434,0.416518,0.305083,0.000000,0.735149,0.756827,0.684202,0.561875,0.455113,0.529633,0.553228,0.395527,0.297436,0.413968,0.555914,0.324804,0.152955,0.384645,0.399724,0.333609,0.262952,0.480427,0.454331,0.191968,0.178252,0.195006,0.171892,-0.043987,0.024025,0.169656,0.085184,0.301100,0.205229,0.291227,0.317953,0.229100,0.182519,0.372118,0.341883,0.434067,0.517968,0.302136,0.400463,0.455580,0.355918,0.494159,0.173637,0.594749,0.495358,0.670734,0.728171,0.585642,0.514610,0.414083,0.761354,0.539299,0.412258
0.263782,0.283871,0.287465,0.305884,0.133599,0.228626,0.366555,0.238393,0.278756,0.081816,0.304548,0.142178,0.275732,0.094899,0.408109,0.294269,0.584457,0.502587,0.407863,0.326999,0.457102,0.510734,0.329039,0.312496,0.268443,0.266219,0.159288,0.378848,0.701714,0.317519,0.359371,0.290705,0.143740,0.064926,0.363895,0.197493,0.735149,0.000000,0.549990,0.995779,0.723552,0.826559,0.409006,0.561538,0.287335,0.243433,0.393125,0.591508,0.160335,0.147607,0.220945,0.374181,0.312222,0.354044,0.621753,0.502985,0.248302,0.252932,0.175257,0.148753,0.084293,0.024953,0.350320,0.201727,0.233214,0.296203,0.379927,0.442554,0.536731,0.258795,0.305171,0.144432,0.389539,0.520564,0.211334,0.195455,0.491179,0.704038,0.898075,0.376058,0.641857,0.481539,0.523813,0.674720,0.591460,0.442986,0.288603,0.652220,0.393322,0.432794
0.258703,0.265363,0.320547,0.335510,0.191159,0.388933,0.353661,0.223971,0.194371,0.195392,0.441721,0.268625,0.418849,0.320379,0.589873,0.402858,0.426283,0.315339,0.316269,0.287603,0.609582,0.523894,0.409416,0.434926,0.418934,0.419078,0.444334,0.545413,0.737995,0.544117,0.679372,0.549457,0.422882,0.303480,0.499281,0.358674,0.756827,0.549990,0.000000,0.778375,0.632804,0.630987,0.416280,0.401166,0.430893,0.329380,0.399221,0.504907,0.397859,0.306176,0.613034,0.543557,0.436082,0.396805,0.623151,0.663572,0.341284,0.238042,0.357292,0.335513,0.168492,0.229786,0.411360,0.222700,0.343045,0.233713,0.334579,0.319789,0.265903,0.204709,0.655808,0.588364,0.363599,0.504732,0.238224,0.389587,0.403253,0.305619,0.545924,0.386626,0.819650,0.656202,0.824654,0.748607,0.776138,0.685775,0.811744,1.101435,0.686081,0.630299
0.184147,0.254251,0.196855,0.286394,0.102272,0.191242,0.286012,0.224754,0.157286,0.032265,0.213798,0.097649,0.163016,0.024184,0.327382,0.214753,0.497609,0.269118,0.312594,0.285730,0.552187,0.576040,0.285405,0.278200,0.283610,0.251682,0.238310,0.435872,0.730934,0.177757,0.386089,0.284773,0.093298,-0.012510,0.278892,0.088132,0.684202,0.995779,0.778375,0.000000,0.872599,0.877642,0.319321,0.392830,0.215997,0.160310,0.365410,0.542339,0.199829,0.137813,0.257608,0.270734,0.386922,0.366634,0.773033,0.571831,0.202912,0.216866,0.224612,0.222598,0.038874,0.031052,0.360862,0.079164,0.097222,0.150407,0.319666,0.354972,0.518634,0.200273,0.373125,0.192924,0.335958,0.392939,0.208764,0.205895,0.504840,0.660079,1.017790,0.320454,0.634400,0.332217,0.556986,0.810700,0.623654,0.363214,0.433081,0.778978,0.540946,0.483151
0.292871,0.230413,0.371091,0.362208,0.246264,0.311896,0.535391,0.377771,0.295418,0.254321,0.520563,0.346866,0.497593,0.279488,0.585664,0.491140,0.589866,0.383907,0.447796,0.355007,0.497960,0.581668,0.439774,0.386870,0.358965,0.381673,0.435772,0.426281,0.940942,0.523934,0.671815,0.561125,0.409655,0.293314,0.357529,0.208341,0.561875,0.723552,0.632804,0.872599,0.000000,0.732003,0.415024,0.397855,0.315883,0.335057,0.334743,0.457238,0.406715,0.329507,0.489158,0.524823,0.412830,0.445376,0.742876,0.564004,0.248200,0.198407,0.373690,0.296671,0.321579,0.231020,0.598857,0.296847,0.321905,0.352816,0.414267,0.438250,0.356438,0.216216,0.357408,0.287023,0.643183,0.724291,0.393291,0.470543,0.320195,0.342994,0.685355,0.392232,0.718779,0.550089,0.657660,0.787589,0.693468,0.478295,0.419571,0.669205,0.465375,0.499450
0.237313,0.166559,0.266984,0.321727,-0.011834,0.102494,0.383921,0.243901,0.100425,-0.025915,0.325116,0.164213,0.319257,0.153455,0.346232,0.267059,0.384123,0.243877,0.406144,0.313390,0.559144,0.558747,0.336924,0.344732,0.165708,0.185296,0.238034,0.375132,0.596565,0.289809,0.418946,0.371064,0.174117,0.089399,0.341484,0.178625,0.455113,0.826559,0.630987,0.877642,0.732003,0.000000,0.221256,0.299671,0.215129,0.172797,0.259128,0.400364,0.211906,0.145232,0.303634,0.367144,0.292038,0.326613,0.581746,0.449369,0.119487,0.082075,0.239048,0.164007,0.198328,0.047250,0.370867,0.088186,0.240489,0.291487,0.333137,0.359519,0.363992,0.112332,0.323939,0.252231,0.355971,0.444739,0.198006,0.253485,0.335616,0.460918,0.680870,0.314386,0.589903,0.466279,0.348339,0.591527,0.653939,0.502308,0.474022,0.632692,0.385628,0.405447
0.548093,0.647714,0.634608,0.645547,0.526567,0.650459,0.530021,0.458695,0.506904,0.410840,0.471143,0.367470,0.541788,0.450459,0.603629,0.590944,0.705970,0.730102,0.546229,0.539169,0.271096,0.296507,0.624058,0.512933,0.551761,0.530034,0.539442,0.550753,0.794636,0.619978,0.684450,0.613880,0.620077,0.581819,0.532814,0.532350,0.529633,0.409006,0.416280,0.319321,0.415024,0.221256,0.000000,1.658305,1.307491,1.354669,1.448703,1.496833,0.960519,0.628502,0.626737,0.644809,0.576413,0.617485,0.697878,1.062354,0.829932,0.866811,0.455556,0.598932,0.135188,0.358498,0.405304,0.519315,0.420931,0.365359,0.958187,1.027738,0.762778,0.901759,0.333198,0.388692,0.665835,0.802416,0.479076,0.525435,0.332219,0.140183,0.401469,0.309191,0.644696,0.520173,0.807542,0.597161,0.450198,0.481352,0.399019,0.485012,0.502313,0.618625
0.450016,0.613567,0.446044,0.462647,0.348330,0.450269,0.379295,0.290819,0.384822,0.219853,0.348460,0.235059,0.381973,0.300636,0.429153,0.418991,0.723854,0.749118,0.417132,0.418864,0.298824,0.338466,0.431176,0.338996,0.404951,0.383079,0.382419,0.492789,0.743813,0.526328,0.516945,0.441361,0.463091,0.406517,0.441349,0.393924,0.553228,0.561538,0.401166,0.392830,0.397855,0.299671,1.658305,0.000000,1.210250,1.089117,1.236924,1.650516,0.736470,0.461184,0.476485,0.526171,0.432278,0.469705,0.586872,0.974676,0.756437,0.796435,0.334687,0.432226,0.045086,0.193525,0.305520,0.404165,0.290322,0.248758,0.855290,0.958056,0.849164,0.896798,0.301669,0.316590,0.526070,0.684880,0.343219,0.388852,0.382828,0.228240,0.531614,0.363290,0.603677,0.494635,0.617749,0.517556,0.392383,0.427438,0.309706,0.463653,0.357814,0.454406
0.334705,0.407430,0.408978,0.359814,0.274326,0.373334,0.350128,0.213730,0.230797,0.182678,0.351928,0.218290,0.402800,0.310552,0.429356,0.382523,0.571596,0.572282,0.304776,0.300309,0.232850,0.200743,0.356208,0.267280,0.345249,0.292917,0.415835,0.335491,0.615272,0.563052,0.526106,0.446667,0.514367,0.473122,0.509191,0.471869,0.395527,0.287335,0.430893,0.215997,0.315883,0.215129,1.307491,1.210250,0.000000,1.389777,0.918450,1.000881,0.809375,0.458610,0.479999,0.479365,0.264712,0.312469,0.457961,0.809526,0.641019,0.605364,0.341459,0.394225,0.069165,0.192195,0.314814,0.367531,0.385909,0.226833,0.788517,0.764663,0.574883,0.668283,0.275086,0.346316,0.423710,0.584328,0.360532,0.420381,0.217380,0.026384,0.333371,0.353448,0.530961,0.466598,0.512870,0.370671,0.371235,0.393172,0.322600,0.392616,0.313555,0.383821
0.583676,0.652793,0.624059,0.668841,0.525904,0.602646,0.578787,0.532354,0.481117,0.448245,0.623623,0.535591,0.647975,0.556208,0.584005,0.625235,0.659886,0.787873,0.558140,0.566300,0.170638,0.308235,0.573171,0.487748,0.488574,0.454390,0.513905,0.435480,0.619795,0.731479,0.606033,0.599926,0.693225,0.708491,0.607559,0.627818,0.297436,0.243433,0.329380,0.160310,0.335057,0.172797,1.354669,1.089117,1.389777,0.000000,1.058864,1.001803,1.101184,0.906213,0.681035,0.785117,0.501956,0.579895,0.610897,1.005113,0.829921,0.814522,0.595848,0.743390,0.330764,0.541252,0.581224,0.722607,0.497275,0.493308,0.986965,1.086115,0.614153,0.721353,0.344882,0.352132,0.641743,0.808282,0.555714,0.585385,0.252970,0.056502,0.244132,0.381730,0.591332,0.542142,0.635574,0.466305,0.397208,0.499406,0.344918,0.322012,0.403672,0.652663
0.681518,0.747399,0.726456,0.845497,0.564324,0.705403,0.623335,0.603746,0.545930,0.472523,0.436690,0.400868,0.510948,0.436469,0.617710,0.578229,0.679916,0.653346,0.691936,0.758869,0.321529,0.332847,0.668697,0.615963,0.500052,0.534994,0.506498,0.621747,0.700895,0.429587,0.559812,0.576347,0.507411,0.486686,0.553049,0.515773,0.413968,0.393125,0.399221,0.365410,0.334743,0.259128,1.448703,1.236924,0.918450,1.058864,0.000000,1.711449,0.855160,0.655000,0.600707,0.573433,0.801633,0.805437,0.886654,1.123847,0.819619,0.917888,0.578973,0.749660,0.147380,0.409209,0.395941,0.504308,0.356880,0.402864,1.054703,1.167047,0.925515,0.997629,0.425720,0.426993,0.779857,0.775715,0.567460,0.578732,0.478016,0.307679,0.438964,0.258488,0.614890,0.411815,0.844887,0.647156,0.431654,0.395123,0.423150,0.414346,0.640076,0.749577
0.576406,0.725946,0.606014,0.690058,0.419841,0.556560,0.530701,0.469645,0.461719,0.322143,0.399335,0.299514,0.451110,0.345997,0.555082,0.519650,0.761091,0.717745,0.590337,0.609297,0.406177,0.417593,0.588169,0.520056,0.487138,0.476761,0.467574,0.663487,0.831937,0.471769,0.578697,0.537358,0.463119,0.399957,0.526152,0.452371,0.555914,0.591508,0.504907,0.542339,0.457238,0.400364,1.496833,1.650516,1.000881,1.001803,1.711449,0.000000,0.773042,0.529231,0.562901,0.552243,0.679214,0.684654,0.860342,1.235328,0.801732,0.885049,0.471220,0.610680,0.092284,0.291094,0.382883,0.447247,0.317040,0.329873,0.996218,1.125331,0.992527,0.960332,0.422783,0.429212,0.684979,0.758367,0.466580,0.515709,0.528986,0.369233,0.622465,0.335812,0.717675,0.500687,0.807486,0.714209,0.517447,0.479694,0.437367,0.551290,0.600303,0.684933
0.746861,0.657344,0.639023,0.629876,0.553717,0.620896,0.591362,0.581733,0.493247,0.488307,0.674473,0.593492,0.625565,0.589804,0.575102,0.593616,0.533896,0.560640,0.561472,0.595437,0.263880,0.328198,0.543529,0.458793,0.433800,0.401247,0.484334,0.457716,0.639408,0.719970,0.658451,0.610128,0.703810,0.668464,0.401374,0.414337,0.324804,0.160335,0.397859,0.199829,0.406715,0.211906,0.960519,0.736470,0.809375,1.101184,0.855160,0.773042,0.000000,1.164459,0.945535,0.782787,0.763704,0.735263,0.690893,1.013957,0.761967,0.648891,1.026142,0.908659,0.454449,0.672729,0.585503,0.644027,0.354461,0.360419,0.667531,0.679488,0.478980,0.558089,0.416637,0.460190,0.669769,0.746101,0.528295,0.630477,0.239859,0.032646,0.202552,0.241104,0.493045,0.467822,0.665782,0.534228,0.359639,0.432346,0.444820,0.396757,0.546103,0.743065
