0.000000,0.916864,0.137234,0.217370,0.356422,0.395230,0.308590,0.259114,0.522937,0.355117,0.452010,0.300108,0.367506,0.416462,0.487580,0.159029,0.792450,0.686185,0.396287,0.594702,0.152054,0.061382,0.000519,-0.059585,-0.062199,0.002429,-0.025158,0.180838,0.398589,0.234184,0.181645,0.138291,0.782599,0.494319,-0.077200,-0.177433,0.046621,0.252549,0.252467,0.380107,0.061485,0.329055,0.297719,0.436748,0.181662,0.398902,0.459709,0.614409,0.583823,0.556917,0.396056,0.340709,0.314705,0.572931,0.618692,0.549196,0.857309,0.837528,0.785226,0.427242,0.404449,0.344508,0.322008,0.401745,-0.035093,-0.096414,0.162488,0.082217,0.625545,0.661910,0.149689,0.160359,0.332337,0.238894,0.207202,0.272998,0.069072,0.102945,0.446465,0.230102,0.441777,0.300418,0.238208,0.291031,0.402481,0.320027,-0.041519,0.127989,0.458914,0.605338
0.916864,0.000000,-0.023448,0.075037,0.214288,0.192256,0.018867,0.039082,0.332166,0.279116,0.303209,0.056381,0.179474,0.343858,0.352576,0.097706,0.587480,0.818119,0.461626,0.775266,0.066613,0.082063,-0.115978,-0.154643,-0.112675,-0.102858,-0.242780,-0.183305,0.266631,0.443161,0.078937,0.192803,0.619584,0.619286,-0.241007,-0.259134,0.052198,0.312356,0.146126,0.205826,0.044568,0.430274,0.275944,0.422298,0.110529,0.494747,0.527395,0.649947,0.684487,0.822624,0.195463,0.238735,0.120082,0.521326,0.512557,0.699761,0.737644,0.756752,0.683621,0.629093,0.222759,0.225896,0.153774,0.390298,-0.309491,-0.357971,-0.051613,-0.091573,0.408649,0.381155,-0.128294,-0.074910,0.420435,0.414414,0.250447,0.223507,-0.053862,-0.122871,0.342211,0.137406,0.428325,0.350405,0.110347,0.243223,0.349564,0.401275,-0.100481,0.278268,0.173728,0.510870
0.137234,-0.023448,0.000000,0.589561,0.519237,0.512625,0.750712,0.318812,0.226281,-0.033244,0.221768,-0.070501,0.174317,-0.199815,0.406341,0.229527,0.151614,-0.040257,0.665913,0.161438,0.159787,0.110039,1.469389,0.756697,0.982412,0.855031,0.953474,0.589912,0.173743,-0.059573,0.648462,0.504093,0.384843,0.270396,1.000774,0.604552,0.297005,0.263756,0.475606,0.330082,0.326900,0.120071,0.606908,0.338002,0.248455,0.165554,0.133727,0.222725,-0.134805,-0.110108,0.365358,-0.010697,-0.037197,0.167017,0.198780,0.102899,0.197708,0.225510,0.028454,-0.053412,0.007915,-0.054316,-0.020676,-0.415907,0.993692,0.541471,0.908904,0.786303,0.357286,0.392553,0.568345,0.391053,0.073047,-0.061587,0.236774,0.442704,0.375913,0.292051,0.253364,0.177314,0.140269,0.412349,0.177270,0.082045,0.610973,0.325234,0.089483,0.317096,0.449760,0.407374
0.217370,0.075037,0.589561,0.000000,0.500984,0.768758,0.618523,0.989023,0.416124,0.330728,0.100544,0.491387,0.133136,0.209973,0.377685,0.463620,0.188422,0.046836,0.388775,0.382010,0.185717,0.183365,0.775753,0.969307,0.530240,0.834036,0.487212,0.438715,0.271670,0.063909,0.456559,0.629390,0.362061,0.294483,0.618666,0.476745,0.174608,0.433929,0.351197,0.341406,0.281746,0.333965,0.647947,0.475217,0.379868,0.359282,0.244237,0.311037,0.091804,-0.015936,0.325783,0.129700,0.196565,0.284130,0.181987,0.084234,0.037214,0.015865,0.000446,-0.007642,0.013274,0.507898,0.144447,0.003472,0.692912,0.871045,0.554714,0.532816,0.304439,0.161274,0.420410,0.576127,0.124287,0.165836,0.336896,0.364353,0.227521,0.340634,0.143302,0.046348,0.178677,0.222498,0.265091,0.164219,0.642679,0.583936,0.128750,0.345937,0.403119,0.514958
0.356422,0.214288,0.519237,0.500984,0.000000,1.048683,0.658324,0.495435,0.902617,0.479788,0.308332,0.175100,0.397698,0.372939,0.636090,0.439698,0.150763,0.147137,0.589025,0.398651,0.085260,0.203586,0.405769,0.281227,0.298737,0.353487,0.223518,0.402677,0.145167,0.047245,0.168305,0.192259,0.281503,0.338428,0.235722,0.166498,0.077797,0.266950,0.126058,0.107036,0.078406,0.122453,0.374955,0.321397,0.246925,0.322485,0.275449,0.297164,0.210563,0.092073,0.277250,0.018373,0.161468,0.226663,0.324192,0.249044,0.110611,0.088021,0.284641,0.204396,0.146590,0.169932,0.227153,0.000517,0.417695,0.200839,0.380800,0.243135,0.214759,0.338926,0.292910,0.238314,0.266258,0.194129,0.405649,0.452896,0.317037,0.213877,0.091776,0.096508,0.175654,0.229019,0.090338,0.032222,0.390237,0.251276,-0.082249,0.050201,0.471796,0.432881
0.395230,0.192256,0.512625,0.768758,1.048683,0.000000,0.793430,0.866435,1.043143,0.631102,0.185454,0.358388,0.312780,0.356532,0.577128,0.473578,0.207419,0.158377,0.528219,0.477854,0.174964,0.180207,0.441898,0.422671,0.299202,0.486825,0.318178,0.481224,0.239615,0.116746,0.312450,0.369056,0.367604,0.401449,0.301812,0.241096,0.151619,0.343178,0.218260,0.280257,0.112539,0.209549,0.494870,0.399360,0.384686,0.414793,0.404587,0.441904,0.224102,0.126338,0.355221,0.109545,0.336643,0.423056,0.461626,0.310566,0.182721,0.124686,0.275389,0.181265,0.211096,0.384822,0.204399,0.081314,0.483800,0.396954,0.431178,0.346052,0.372504,0.498223,0.368641,0.443829,0.236084,0.203026,0.399560,0.450223,0.266693,0.311098,0.224175,0.133254,0.283141,0.298167,0.242034,0.221561,0.498490,0.384187,0.045402,0.160021,0.437804,0.554153
0.308590,0.018867,0.750712,0.618523,0.658324,0.793430,0.000000,0.895597,0.779504,0.436218,0.416099,0.331919,0.654534,0.307854,0.602102,0.366146,0.207797,-0.047751,0.390758,0.292567,0.256087,0.128013,0.570328,0.357937,0.373012,0.430624,0.405920,0.423954,0.274545,0.042648,0.426917,0.335650,0.451123,0.474895,0.442835,0.289017,0.090986,0.230977,0.324696,0.327021,0.166873,0.079124,0.406413,0.257058,0.295467,0.132583,0.149990,0.237477,-0.014852,-0.080930,0.313407,0.019263,0.125493,0.303758,0.310259,0.108797,0.011694,0.010912,0.117601,-0.051783,0.359609,0.285873,0.371190,0.104970,0.814636,0.431537,0.714157,0.586699,0.257591,0.440023,0.438003,0.310665,0.106206,0.008795,0.241040,0.429016,0.366904,0.316208,0.117979,0.074408,0.167916,0.253632,0.323709,0.201416,0.389772,0.270205,0.068667,0.109490,0.500998,0.365456
0.259114,0.039082,0.318812,0.989023,0.495435,0.866435,0.895597,0.000000,0.750131,0.781936,0.268180,0.776681,0.438943,0.609468,0.430105,0.539909,0.206784,0.105863,0.239148,0.346241,0.183731,0.096928,0.353680,0.518085,0.167544,0.354428,0.185390,0.283475,0.302461,0.155525,0.259829,0.397867,0.276608,0.400635,0.283064,0.287608,0.061335,0.315827,0.217330,0.290504,0.153454,0.246055,0.456991,0.373015,0.345570,0.342947,0.278759,0.313266,0.157482,0.073212,0.309998,0.162670,0.321317,0.411582,0.286031,0.172167,-0.066173,-0.104853,0.072974,0.040092,0.370541,0.734798,0.353321,0.334117,0.556877,0.639999,0.333507,0.336986,0.200187,0.221748,0.327867,0.480772,0.136999,0.200214,0.366271,0.389037,0.195701,0.285904,0.002609,-0.041061,0.171988,0.143335,0.349658,0.249226,0.319452,0.371925,0.117808,0.124621,0.419286,0.470765
0.522937,0.332166,0.226281,0.416124,0.902617,1.043143,0.779504,0.750131,0.000000,0.841463,0.280360,0.405767,0.418617,0.617119,0.842661,0.350809,0.254310,0.303046,0.435510,0.658398,0.169198,0.177971,0.119615,0.016300,-0.035904,0.122114,0.004121,0.285862,0.375125,0.239241,0.214248,0.178157,0.467256,0.435583,-0.033871,-0.035031,-0.008830,0.261145,0.066047,0.235528,0.084578,0.188411,0.324388,0.404099,0.386486,0.387429,0.496763,0.487392,0.439997,0.298841,0.249787,0.197196,0.387623,0.586065,0.526211,0.453367,0.146349,0.091710,0.341335,0.255481,0.211133,0.325988,0.471938,0.398476,0.190030,0.010388,0.244824,0.132609,0.234273,0.441959,0.243676,0.268517,0.351634,0.258397,0.367206,0.413043,0.163044,0.229205,0.057784,0.109413,0.294810,0.162134,0.321875,0.274211,0.294242,0.246663,0.053081,0.044692,0.283605,0.435677
0.355117,0.279116,-0.033244,0.330728,0.479788,0.631102,0.436218,0.781936,0.841463,0.000000,0.411943,0.525153,0.537114,0.902128,0.560443,0.623267,0.233335,0.259027,0.254111,0.387465,0.089047,0.036519,-0.080478,0.139409,-0.196782,-0.124212,-0.166660,-0.010410,0.173792,0.230818,-0.096235,0.064332,0.135970,0.338693,-0.200224,-0.121566,0.109306,0.359621,0.122055,0.144312,0.001616,0.249867,0.175435,0.242056,0.003644,0.236711,0.365740,0.381325,0.312269,0.343940,0.141241,0.150641,0.329021,0.468418,0.367447,0.423178,0.005881,0.009959,0.337270,0.378664,0.518736,0.459841,0.410997,0.496108,0.035212,0.054492,-0.012384,-0.076288,0.141397,0.249951,0.065386,0.181247,0.123510,0.153376,0.286997,0.233466,0.109166,0.135885,-0.051318,-0.018078,0.189623,0.106576,0.290183,0.312560,0.136997,0.205529,0.102512,0.112837,0.422806,0.563372
0.452010,0.303209,0.221768,0.100544,0.308332,0.185454,0.416099,0.268180,0.280360,0.411943,0.000000,0.158246,1.103057,0.575666,0.640304,0.322258,0.633244,0.343960,0.419069,0.151558,0.122939,-0.104675,0.124891,0.111199,0.064503,-0.040868,0.031842,0.034328,0.311213,0.246837,0.191166,0.240009,0.378690,0.519004,-0.041202,-0.121309,0.078992,0.332062,0.274401,0.283024,0.126703,0.338081,0.182558,0.157732,-0.246810,0.051714,0.124697,0.284427,0.094708,0.170315,0.088259,0.029994,-0.230355,0.078485,0.181859,0.210867,0.087585,0.168150,0.402084,0.302832,0.527657,0.169478,0.381819,0.247438,0.112823,-0.051585,0.222946,0.166783,0.041540,0.262083,0.178150,0.119611,0.203026,0.148951,0.244995,0.287321,0.261124,0.149749,0.000602,0.186688,0.129177,0.181523,0.308560,0.198056,0.118495,0.132235,-0.069389,0.020342,0.488068,0.397086
0.300108,0.056381,-0.070501,0.491387,0.175100,0.358388,0.331919,0.776681,0.405767,0.525153,0.158246,0.000000,0.233208,0.658987,0.199452,0.380034,0.087501,0.202069,-0.164382,0.222830,-0.008928,-0.082116,0.008735,0.185112,-0.012614,0.123277,0.029649,0.165345,0.314729,0.132995,-0.048748,-0.035653,0.050541,0.021612,0.035769,0.106564,-0.045038,0.107422,0.044457,0.198732,0.142269,0.155587,0.273154,0.348558,0.305647,0.228351,0.277079,0.220161,0.322702,0.192225,0.482558,0.538005,0.689111,0.417643,0.350937,0.126081,-0.017779,-0.117782,0.075124,0.017273,0.286025,0.568077,0.186702,0.487422,0.188770,0.384279,0.017036,0.052589,0.214782,0.040511,0.024403,0.178796,0.000458,0.078206,0.188223,0.094285,-0.039860,0.090961,0.001763,-0.028217,0.141364,0.019133,0.289850,0.231467,0.096075,0.243947,0.044048,-0.140923,0.184346,0.259579
0.367506,0.179474,0.174317,0.133136,0.397698,0.312780,0.654534,0.438943,0.418617,0.537114,1.103057,0.233208,0.000000,0.777492,0.592049,0.382974,0.456257,0.178486,0.192937,0.029743,0.214596,-0.002635,0.043417,0.081392,-0.043654,-0.089031,0.024724,0.079687,0.209451,0.115942,0.024736,0.077248,0.257185,0.522673,-0.075966,-0.125669,0.006272,0.247280,0.256063,0.286774,0.098391,0.255973,0.055254,0.012316,-0.161193,-0.028613,0.076757,0.211183,0.012765,0.108567,0.144919,0.039187,-0.138901,0.131181,0.210365,0.201228,-0.028901,0.027970,0.315370,0.233873,0.732824,0.295630,0.420975,0.392400,0.222704,0.026926,0.217478,0.171787,-0.050604,0.295141,0.177329,0.107923,0.169428,0.114953,0.128233,0.168539,0.339517,0.243513,0.044158,0.147525,0.047296,0.050303,0.296971,0.240474,0.155299,0.136073,0.043567,0.006930,0.546204,0.347498
0.416462,0.343858,-0.199815,0.209973,0.372939,0.356532,0.307854,0.609468,0.617119,0.902128,0.575666,0.658987,0.777492,0.000000,0.517319,0.437134,0.309233,0.426885,0.155548,0.341399,0.084683,0.028137,-0.251108,-0.019011,-0.260179,-0.186598,-0.249275,0.020549,0.294675,0.311893,-0.109749,0.045143,0.205916,0.403234,-0.276802,-0.144349,-0.044255,0.258679,0.051992,0.215028,-0.045227,0.295208,0.151460,0.256187,0.067192,0.358168,0.373841,0.365410,0.459841,0.440964,0.191877,0.226765,0.237908,0.325429,0.326023,0.403260,-0.046648,-0.090361,0.334876,0.309765,0.482580,0.538216,0.441720,0.717767,-0.113384,-0.059754,-0.080147,-0.094264,-0.096762,0.051627,-0.030085,0.143952,0.199797,0.292746,0.251637,0.145755,0.111559,0.144025,-0.110062,0.067047,0.142034,-0.040298,0.240827,0.282317,0.072973,0.259295,0.061537,-0.002497,0.374074,0.388913
0.487580,0.352576,0.406341,0.377685,0.636090,0.577128,0.602102,0.430105,0.842661,0.560443,0.640304,0.199452,0.592049,0.517319,0.000000,0.484857,0.547520,0.364896,0.655639,0.492774,0.125833,0.073972,0.332498,0.202308,0.108792,0.182756,0.191778,0.308912,0.697948,0.398723,0.433693,0.372033,0.509771,0.438281,0.006900,-0.144035,0.037277,0.275620,0.162253,0.271379,0.215083,0.298523,0.389991,0.399833,0.145210,0.243821,0.406760,0.453202,0.238103,0.208678,0.107790,0.052104,0.041509,0.370094,0.292016,0.313188,0.223832,0.214059,0.307488,0.224284,0.133044,0.143955,0.432553,0.182534,0.250115,-0.042762,0.298730,0.161650,0.175862,0.328241,0.357274,0.347628,0.327433,0.155527,0.263508,0.306009,0.270928,0.238499,0.162040,0.345601,0.347888,0.242916,0.522363,0.424172,0.489958,0.348663,0.240823,0.206219,0.328034,0.537286
0.159029,0.097706,0.229527,0.463620,0.439698,0.473578,0.366146,0.539909,0.350809,0.623267,0.322258,0.380034,0.382974,0.437134,0.484857,0.000000,0.173066,-0.016220,0.371505,0.265412,-0.099448,0.034102,0.242784,0.560604,0.191637,0.143254,0.199622,0.095718,0.117322,0.448126,-0.096355,0.212083,0.079261,0.409238,0.070725,0.114229,0.480463,0.118895,0.359955,-0.123494,0.112920,-0.024895,0.387158,0.311460,0.074723,0.187324,0.167978,0.113224,0.089656,0.071056,0.235758,0.026237,0.207186,0.166999,0.225064,0.207375,0.152538,0.113145,0.191435,0.150529,0.369525,0.369922,0.217904,0.055294,0.355807,0.427104,0.210160,0.145520,0.193784,0.134590,-0.052009,0.093439,-0.116357,-0.085257,0.229202,0.348822,0.283469,-0.062737,0.116514,0.046444,0.456345,0.513331,0.146703,0.298980,0.433488,0.459366,0.297470,0.494302,0.553036,0.568898
0.792450,0.587480,0.151614,0.188422,0.150763,0.207419,0.207797,0.206784,0.254310,0.233335,0.633244,0.087501,0.456257,0.309233,0.547520,0.173066,0.000000,0.623915,0.382462,0.340815,0.192660,0.120641,0.103320,0.088646,0.041883,0.084404,0.147644,0.224587,0.634476,0.396471,0.379292,0.303027,0.671585,0.462255,-0.064055,-0.210746,0.162135,0.295063,0.441838,0.438811,0.241357,0.465197,0.208441,0.259822,-0.021699,0.207810,0.265886,0.417657,0.262020,0.323685,0.269863,0.228254,-0.049012,0.369999,0.302799,0.353552,0.615433,0.654467,0.564680,0.408722,0.424092,0.248601,0.309780,0.259516,0.017904,-0.048659,0.204712,0.143003,0.381598,0.484459,0.199833,0.265478,0.415520,0.300600,0.276540,0.294051,0.168151,0.230278,0.458819,0.394051,0.467642,0.291766,0.417287,0.398592,0.423959,0.355439,0.193852,0.269776,0.445866,0.591913
0.686185,0.818119,-0.040257,0.046836,0.147137,0.158377,-0.047751,0.105863,0.303046,0.259027,0.343960,0.202069,0.178486,0.426885,0.364896,-0.016220,0.623915,0.000000,0.277744,0.437176,0.037758,0.019003,-0.108989,-0.119356,-0.130503,-0.086119,-0.097454,0.076832,0.590672,0.398883,0.189773,0.141712,0.387699,0.268697,-0.197690,-0.257795,-0.011211,0.252522,0.051578,0.380186,0.103923,0.517461,0.215850,0.382916,0.102497,0.468792,0.474075,0.644889,0.615236,0.773190,0.265413,0.365897,0.175731,0.505713,0.379420,0.604116,0.559861,0.530636,0.509584,0.481696,0.246976,0.244469,0.084078,0.404152,-0.256877,-0.257857,-0.128719,-0.132716,0.291520,0.315073,0.014352,0.104706,0.449730,0.436381,0.312518,0.201336,-0.085043,0.037519,0.271471,0.444042,0.343647,0.095023,0.261049,0.309203,0.282601,0.244397,0.010324,0.068576,0.125721,0.451084
0.396287,0.461626,0.665913,0.388775,0.589025,0.528219,0.390758,0.239148,0.435510,0.254111,0.419069,-0.164382,0.192937,0.155548,0.655639,0.371505,0.382462,0.277744,0.000000,0.738469,0.143079,0.220760,0.512853,0.348251,0.468092,0.413383,0.282767,0.251557,0.232345,0.393091,0.444329,0.610008,0.638479,0.699535,0.327190,0.266514,0.440205,0.442737,0.423442,0.202537,0.081082,0.205958,0.679266,0.565820,0.149895,0.482922,0.400119,0.472130,0.248553,0.270749,0.100473,-0.094573,-0.066325,0.236364,0.286983,0.422403,0.327162,0.316858,0.359787,0.274004,-0.011743,-0.030473,0.172021,-0.201936,0.212316,0.039826,0.511913,0.382928,0.266456,0.302796,0.312031,0.321072,0.290046,0.211219,0.453230,0.674502,0.406782,0.163209,0.126309,0.122707,0.401293,0.565879,0.154841,0.198429,0.462611,0.397703,0.052805,0.540863,0.393506,0.522268
0.594702,0.775266,0.161438,0.382010,0.398651,0.477854,0.292567,0.346241,0.658398,0.387465,0.151558,0.222830,0.029743,0.341399,0.492774,0.265412,0.340815,0.437176,0.738469,0.000000,0.208382,0.338784,0.135721,0.056131,0.121930,0.213726,-0.019861,0.072934,0.372076,0.540228,0.252344,0.348023,0.668409,0.602855,0.027138,0.060226,0.314741,0.330885,0.194936,0.159810,0.081759,0.245628,0.668666,0.779696,0.438300,0.603138,0.727172,0.639143,0.622388,0.549049,0.204176,0.195082,0.368920,0.620383,0.537419,0.588325,0.387760,0.286497,0.312645,0.231226,-0.016033,0.107231,0.301962,0.227400,-0.073337,-0.127187,0.239806,0.140762,0.438092,0.295858,0.055248,0.182324,0.334956,0.383443,0.418035,0.519236,0.128248,0.071807,0.111301,0.032001,0.546652,0.444103,0.120653,0.225338,0.318691,0.463561,-0.036050,0.361740,0.111448,0.427126
0.152054,0.066613,0.159787,0.185717,0.085260,0.174964,0.256087,0.183731,0.169198,0.089047,0.122939,-0.008928,0.214596,0.084683,0.125833,-0.099448,0.192660,0.037758,0.143079,0.208382,0.000000,0.662298,0.129526,0.100778,-0.045388,0.090227,0.109139,0.231839,0.082798,-0.072343,0.107724,0.095657,0.231093,0.236362,0.177166,0.083324,0.209335,0.289247,0.337374,0.398444,0.253582,0.290788,0.120466,0.151921,0.053591,0.042303,0.191624,0.295233,-0.006020,0.041389,0.065630,0.071485,-0.068049,0.138260,0.271824,0.221113,0.009832,-0.030026,-0.036678,-0.009696,0.011494,-0.043890,0.065711,0.051429,0.084692,0.025940,0.201462,0.191467,0.107016,0.288251,0.595117,0.557938,0.485574,0.424449,0.355641,0.237850,0.536988,0.737263,0.097227,-0.069117,-0.083832,-0.085398,0.243572,0.246761,0.103429,0.129964,0.244283,0.166162,0.093250,0.162209
0.061382,0.082063,0.110039,0.183365,0.203586,0.180207,0.128013,0.096928,0.177971,0.036519,-0.104675,-0.082116,-0.002635,0.028137,0.073972,0.034102,0.120641,0.019003,0.220760,0.338784,0.662298,0.000000,0.100223,0.096259,-0.007199,0.108235,0.165320,0.257752,0.046598,0.073786,0.039717,0.064995,0.100853,0.158975,0.128476,0.063083,0.451365,0.154936,0.332292,0.110649,0.181513,0.072894,0.185513,0.235136,0.168553,0.100005,0.216675,0.182591,0.058000,0.029566,0.109383,0.057651,0.113780,0.174152,0.234574,0.214052,0.047777,-0.037740,0.033669,0.074244,-0.003693,-0.036522,0.176317,0.070669,0.046300,0.014766,0.191138,0.093079,0.092147,0.146552,0.281239,0.384553,0.368761,0.432284,0.382233,0.350637,0.481598,0.438075,-0.004666,-0.075827,0.093519,0.028962,0.027307,0.139844,0.243902,0.254680,0.241218,0.254617,0.107085,0.223594
0.000519,-0.115978,1.469389,0.775753,0.405769,0.441898,0.570328,0.353680,0.119615,-0.080478,0.124891,0.008735,0.043417,-0.251108,0.332498,0.242784,0.103320,-0.108989,0.512853,0.135721,0.129526,0.100223,0.000000,1.097650,1.080996,1.119953,1.010299,0.538445,0.168317,-0.094321,0.708774,0.607902,0.313392,0.154211,1.053393,0.660438,0.274588,0.272775,0.424891,0.309926,0.442758,0.170410,0.599376,0.326122,0.241993,0.147999,0.087060,0.147279,-0.205964,-0.186184,0.282940,0.005748,-0.045088,0.097297,0.048866,-0.060750,0.115291,0.113023,-0.151647,-0.137271,-0.090336,0.011750,-0.072707,-0.455594,1.045226,0.726790,0.738066,0.680259,0.362832,0.210789,0.557425,0.491309,0.039387,-0.056032,0.204334,0.316233,0.254871,0.236029,0.154625,0.113122,0.049324,0.291986,0.156603,0.011453,0.531211,0.309724,0.079481,0.283373,0.299504,0.348380
-0.059585,-0.154643,0.756697,0.969307,0.281227,0.422671,0.357937,0.518085,0.016300,0.139409,0.111199,0.185112,0.081392,-0.019011,0.202308,0.560604,0.088646,-0.119356,0.348251,0.056131,0.100778,0.096259,1.097650,0.000000,0.771458,0.871693,0.757812,0.436400,0.074591,-0.040411,0.372239,0.556207,0.120852,0.136703,0.779737,0.635748,0.388208,0.308977,0.483939,0.247598,0.384112,0.204561,0.543534,0.283904,0.096433,0.172474,0.079826,0.127266,-0.186954,-0.149739,0.265261,0.010431,0.039953,0.056726,0.030959,-0.055176,0.044119,0.034024,-0.144745,-0.093317,0.050049,0.260633,-0.071177,-0.308148,0.807335,1.021709,0.485540,0.489464,0.296475,0.085688,0.388433,0.538044,-0.042197,-0.027352,0.267334,0.285512,0.219926,0.229900,0.110398,0.089944,0.061316,0.242843,0.132050,0.075869,0.467915,0.434235,0.174072,0.379915,0.389160,0.483284
-0.062199,-0.112675,0.982412,0.530240,0.298737,0.299202,0.373012,0.167544,-0.035904,-0.196782,0.064503,-0.012614,-0.043654,-0.260179,0.108792,0.191637,0.041883,-0.130503,0.468092,0.121930,-0.045388,-0.007199,1.080996,0.771458,0.000000,1.362879,1.048552,0.525045,0.074193,0.025620,0.503113,0.438909,0.277572,0.164454,0.974348,0.822021,0.419111,0.270036,0.569481,0.286481,0.189921,0.010608,0.689653,0.345194,0.211092,0.168138,0.090306,0.132402,-0.106678,-0.126282,0.392664,0.084105,0.006791,0.043945,0.169089,-0.034546,0.116480,0.076355,-0.059564,-0.107766,-0.163819,-0.146220,-0.169570,-0.562971,0.703106,0.524831,0.954511,0.917128,0.328647,0.136119,0.237720,0.192905,-0.151517,-0.223984,0.182415,0.326863,0.242342,0.107856,0.187091,0.194744,0.219951,0.481363,0.112884,0.048819,0.379566,0.323226,0.068589,0.336708,0.304294,0.208376
0.002429,-0.102858,0.855031,0.834036,0.353487,0.486825,0.430624,0.354428,0.122114,-0.124212,-0.040868,0.123277,-0.089031,-0.186598,0.182756,0.143254,0.084404,-0.086119,0.413383,0.213726,0.090227,0.108235,1.119953,0.871693,1.362879,0.000000,0.995648,0.719778,0.179913,-0.010684,0.663308,0.589159,0.397116,0.135403,0.959263,0.800770,0.331610,0.309964,0.485497,0.371515,0.274509,0.084613,0.690500,0.382059,0.347544,0.244560,0.150474,0.146772,-0.044950,-0.159754,0.335951,0.075547,0.112159,0.087770,0.131900,-0.097929,0.104963,0.069443,-0.085671,-0.149032,-0.230438,0.008477,-0.009632,-0.341472,0.722668,0.638323,0.902602,0.882033,0.309249,0.127778,0.365945,0.391383,-0.010174,-0.089134,0.226548,0.318571,0.226416,0.281229,0.194847,0.174899,0.198243,0.344931,0.152790,0.061640,0.443870,0.414429,0.111235,0.292390,0.234259,0.241963
-0.025158,-0.242780,0.953474,0.487212,0.223518,0.318178,0.405920,0.185390,0.004121,-0.166660,0.031842,0.029649,0.024724,-0.249275,0.191778,0.199622,0.147644,-0.097454,0.282767,-0.019861,0.109139,0.165320,1.010299,0.757812,1.048552,0.995648,0.000000,0.905102,0.231148,0.027106,0.514530,0.359759,0.153911,-0.017046,0.865169,0.558435,0.411341,0.124473,0.539528,0.377878,0.317238,0.005249,0.489164,0.300619,0.234662,0.052817,0.110305,0.114749,-0.174845,-0.182505,0.494220,0.134367,0.085714,0.095206,0.152469,-0.015091,0.117299,0.098904,-0.086179,-0.125934,-0.065859,-0.128005,-0.095853,-0.471257,0.762037,0.561221,0.778992,0.680719,0.280683,0.215738,0.422043,0.390547,-0.092544,-0.235195,0.117618,0.254631,0.362003,0.348701,0.266951,0.259128,0.201546,0.323681,0.265103,0.266813,0.513758,0.341670,0.406669,0.334255,0.402214,0.336453
0.180838,-0.183305,0.589912,0.438715,0.402677,0.481224,0.423954,0.283475,0.285862,-0.010410,0.034328,0.165345,0.079687,0.020549,0.308912,0.095718,0.224587,0.076832,0.251557,0.072934,0.231839,0.257752,0.538445,0.436400,0.525045,0.719778,0.905102,0.000000,0.358833,-0.021049,0.546420,0.263888,0.288679,-0.040927,0.508889,0.348483,0.217394,0.096168,0.343014,0.449063,0.219763,0.043367,0.368134,0.303205,0.245406,0.123450,0.230628,0.212859,0.042142,-0.131648,0.417362,0.154016,0.190099,0.098649,0.222051,0.038548,0.095937,0.086273,0.049941,-0.107083,-0.101835,-0.050495,0.090109,-0.217542,0.447439,0.359951,0.627718,0.548779,0.192910,0.334150,0.537986,0.518965,0.157395,-0.031480,0.227816,0.313408,0.337990,0.613460,0.232672,0.394159,0.197462,0.105394,0.325797,0.279038,0.365764,0.261744,0.357261,0.067048,0.376326,0.258976
0.398589,0.266631,0.173743,0.271670,0.145167,0.239615,0.274545,0.302461,0.375125,0.173792,0.311213,0.314729,0.209451,0.294675,0.697948,0.117322,0.634476,0.590672,0.232345,0.372076,0.082798,0.046598,0.168317,0.074591,0.074193,0.179913,0.231148,0.358833,0.000000,0.612442,0.463357,0.184586,0.425294,0.166533,-0.018974,-0.135353,-0.063850,0.109933,0.044148,0.401421,0.165745,0.314703,0.259530,0.363400,0.269007,0.261594,0.344021,0.435636,0.254681,0.218427,0.164757,0.236937,0.141227,0.391420,0.195479,0.186430,0.246879,0.238435,0.142235,0.111265,0.045425,0.169110,0.221468,0.222528,0.087339,-0.008778,0.175734,0.144803,0.237908,0.260345,0.284184,0.272477,0.387581,0.257321,0.198601,0.145873,0.104797,0.268932,0.430520,0.699286,0.438225,0.100928,0.684702,0.561778,0.415836,0.335683,0.351824,0.120545,0.103063,0.323458
0.234184,0.443161,-0.059573,0.063909,0.047245,0.116746,0.042648,0.155525,0.239241,0.230818,0.246837,0.132995,0.115942,0.311893,0.398723,0.448126,0.396471,0.398883,0.393091,0.540228,-0.072343,0.073786,-0.094321,-0.040411,0.025620,-0.010684,0.027106,-0.021049,0.612442,0.000000,0.039722,0.217259,0.296730,0.474472,-0.183430,-0.110803,0.314360,0.119784,0.176522,0.013422,-0.030545,0.084196,0.345782,0.437974,0.197728,0.338676,0.366929,0.301886,0.380239,0.345708,0.083932,0.054934,0.132145,0.242933,0.229108,0.348086,0.222563,0.209061,0.298869,0.295615,0.090316,0.084822,0.266387,0.222105,-0.181469,-0.186812,0.088006,0.049115,0.042710,0.026902,-0.176610,-0.065132,0.205068,0.187632,0.229485,0.290772,0.273668,-0.000367,0.259125,0.272173,0.795947,0.540578,0.376321,0.660325,0.295782,0.459285,0.419312,0.510671,0.159244,0.354157
0.181645,0.078937,0.648462,0.456559,0.168305,0.312450,0.426917,0.259829,0.214248,-0.096235,0.191166,-0.048748,0.024736,-0.109749,0.433693,-0.096355,0.379292,0.189773,0.444329,0.252344,0.107724,0.039717,0.708774,0.372239,0.503113,0.663308,0.514530,0.546420,0.463357,0.039722,0.000000,0.957844,0.684997,0.273232,0.499862,0.265753,0.025309,0.305237,0.314961,0.537717,0.185210,0.280822,0.400817,0.288055,0.200841,0.191178,0.188277,0.280658,-0.017202,-0.064599,0.050017,-0.036850,-0.146163,0.133495,0.022890,0.003044,0.188411,0.262894,0.075155,-0.022119,-0.074128,0.143023,0.135659,-0.096281,0.416227,0.232496,0.559971,0.537648,0.216321,0.245254,0.488830,0.466439,0.216752,0.027370,0.139978,0.137394,0.012816,0.256150,0.176965,0.303228,0.148311,0.139485,0.271879,0.122247,0.370614,0.227382,0.038197,0.137105,0.160272,0.238393
0.138291,0.192803,0.504093,0.629390,0.192259,0.369056,0.335650,0.397867,0.178157,0.064332,0.240009,-0.035653,0.077248,0.045143,0.372033,0.212083,0.303027,0.141712,0.610008,0.348023,0.095657,0.064995,0.607902,0.556207,0.438909,0.589159,0.359759,0.263888,0.184586,0.217259,0.957844,0.000000,0.574748,0.555842,0.510949,0.390931,0.163674,0.449519,0.418163,0.367930,0.080532,0.252262,0.430197,0.242162,0.155822,0.283450,0.118553,0.195194,-0.003465,-0.030500,-0.032819,-0.224194,-0.200314,0.091413,-0.029374,0.023869,0.141043,0.211701,0.134215,0.067084,0.047226,0.333041,0.234916,-0.044325,0.364961,0.355941,0.515990,0.510043,0.113241,0.062827,0.297283,0.454916,0.103872,0.046608,0.221132,0.254487,0.060230,0.120349,0.007417,0.046455,0.267749,0.407973,0.168770,0.139419,0.477529,0.462391,0.060791,0.410782,0.323100,0.378987
0.782599,0.619584,0.384843,0.362061,0.281503,0.367604,0.451123,0.276608,0.467256,0.135970,0.378690,0.050541,0.257185,0.205916,0.509771,0.079261,0.671585,0.387699,0.638479,0.668409,0.231093,0.100853,0.313392,0.120852,0.277572,0.397116,0.153911,0.288679,0.425294,0.296730,0.684997,0.574748,0.000000,0.803931,0.188230,0.116952,0.205101,0.442889,0.505817,0.475577,0.161369,0.285497,0.453453,0.405351,0.230682,0.357680,0.364457,0.429394,0.359592,0.259430,0.184258,0.112351,0.039811,0.348591,0.366332,0.327756,0.585150,0.636735,0.463993,0.216115,0.130784,0.168081,0.437770,0.245598,0.123268,-0.027434,0.579880,0.491589,0.398815,0.476493,0.289929,0.256629,0.367836,0.215744,0.252597,0.357123,0.188241,0.193590,0.390189,0.253352,0.517203,0.445463,0.206843,0.220357,0.447022,0.445739,0.025419,0.386413,0.355260,0.427114
0.494319,0.619286,0.270396,0.294483,0.338428,0.401449,0.474895,0.400635,0.435583,0.338693,0.519004,0.021612,0.522673,0.403234,0.438281,0.409238,0.462255,0.268697,0.699535,0.602855,0.236362,0.158975,0.154211,0.136703,0.164454,0.135403,-0.017046,-0.040927,0.166533,0.474472,0.273232,0.555842,0.803931,0.000000,0.076150,0.104362,0.303844,0.441965,0.572543,0.273464,0.002993,0.258210,0.442474,0.356339,0.104431,0.374395,0.313464,0.407282,0.215891,0.295739,0.083842,-0.045990,-0.150247,0.227504,0.390971,0.419710,0.365836,0.348980,0.498742,0.407747,0.412289,0.357717,0.347013,0.276297,0.090161,0.050962,0.421973,0.434018,0.174879,0.366551,0.077320,0.092363,0.280896,0.307818,0.395833,0.447151,0.316760,0.065309,0.233502,0.017165,0.494316,0.588193,0.153603,0.276499,0.394660,0.516058,0.047711,0.506880,0.386400,0.426294
-0.077200,-0.241007,1.000774,0.618666,0.235722,0.301812,0.442835,0.283064,-0.033871,-0.200224,-0.041202,0.035769,-0.075966,-0.276802,0.006900,0.070725,-0.064055,-0.197690,0.327190,0.027138,0.177166,0.128476,1.053393,0.779737,0.974348,0.959263,0.865169,0.508889,-0.018974,-0.183430,0.499862,0.510949,0.188230,0.076150,0.000000,1.201272,0.205075,0.240907,0.394339,0.310937,0.218055,0.008224,0.504996,0.220356,0.388417,0.188384,0.000660,0.054257,-0.227643,-0.204423,0.401087,0.052464,0.029085,0.031651,0.064607,-0.070457,0.004788,0.004659,-0.211165,-0.235060,-0.079609,0.031892,-0.173292,-0.417025,0.978601,0.775676,0.790459,0.806237,0.270599,0.118474,0.489261,0.416059,-0.099275,-0.141381,0.189085,0.296262,0.283196,0.258967,0.060372,-0.083894,-0.042647,0.253241,0.013986,-0.069270,0.437071,0.297673,0.040471,0.267441,0.311641,0.184540
-0.177433,-0.259134,0.604552,0.476745,0.166498,0.241096,0.289017,0.287608,-0.035031,-0.121566,-0.121309,0.106564,-0.125669,-0.144349,-0.144035,0.114229,-0.210746,-0.257795,0.266514,0.060226,0.083324,0.063083,0.660438,0.635748,0.822021,0.800770,0.558435,0.348483,-0.135353,-0.110803,0.265753,0.390931,0.116952,0.104362,1.201272,0.000000,0.265338,0.191337,0.343641,0.207131,0.090230,-0.115168,0.501804,0.233452,0.375252,0.310989,0.034418,0.019339,-0.098076,-0.113975,0.382840,0.091912,0.160732,0.043730,0.118097,-0.079099,-0.111351,-0.122786,-0.200788,-0.186674,-0.118957,0.043883,-0.128457,-0.326710,0.621235,0.683384,0.678482,0.809778,0.186803,-0.013628,0.286680,0.251807,-0.149593,-0.142660,0.168040,0.284272,0.190186,0.142161,-0.121561,-0.205935,-0.018755,0.269835,-0.048444,-0.107394,0.218174,0.274956,0.003013,0.242794,0.215148,0.075175
0.046621,0.052198,0.297005,0.174608,0.077797,0.151619,0.090986,0.061335,-0.008830,0.109306,0.078992,-0.045038,0.006272,-0.044255,0.037277,0.480463,0.162135,-0.011211,0.440205,0.314741,0.209335,0.451365,0.274588,0.388208,0.419111,0.331610,0.411341,0.217394,-0.063850,0.314360,0.025309,0.163674,0.205101,0.303844,0.205075,0.265338,0.000000,0.228655,0.776444,0.041541,0.173147,-0.069242,0.467389,0.370355,0.029305,0.125041,0.183515,0.084595,0.056516,0.083973,0.211388,0.062016,0.129645,0.087986,0.266094,0.231664,0.260934,0.167629,0.085561,0.073092,0.063419,-0.128659,0.090853,-0.170802,0.152709,0.188320,0.358778,0.312013,0.266258,0.134898,-0.032241,0.093583,-0.016447,-0.013520,0.343872,0.480764,0.446016,0.165757,0.155322,0.036442,0.420404,0.550267,-0.076664,0.160289,0.266528,0.390452,0.255617,0.625314,0.314290,0.363621
0.252549,0.312356,0.263756,0.433929,0.266950,0.343178,0.230977,0.315827,0.261145,0.359621,0.332062,0.107422,0.247280,0.258679,0.275620,0.118895,0.295063,0.252522,0.442737,0.330885,0.289247,0.154936,0.272775,0.308977,0.270036,0.309964,0.124473,0.096168,0.109933,0.119784,0.305237,0.449519,0.442889,0.441965,0.240907,0.191337,0.228655,0.000000,0.557062,0.647253,0.200273,0.613890,0.357168,0.295303,-0.004611,0.255101,0.346882,0.452584,0.199315,0.275051,0.198076,0.134355,-0.033782,0.305631,0.246254,0.446235,0.046906,0.150631,0.233275,0.295014,0.205225,0.273277,0.090420,0.138816,0.137040,0.153485,0.303004,0.240969,0.190573,0.140684,0.256431,0.358962,0.255614,0.237496,0.305125,0.170075,0.198348,0.334864,0.096087,0.062296,0.094693,0.183687,0.212578,0.234953,0.291590,0.258749,0.012193,0.432869,0.475732,0.523933
0.252467,0.146126,0.475606,0.351197,0.126058,0.218260,0.324696,0.217330,0.066047,0.122055,0.274401,0.044457,0.256063,0.051992,0.162253,0.359955,0.441838,0.051578,0.423442,0.194936,0.337374,0.332292,0.424891,0.483939,0.569481,0.485497,0.539528,0.343014,0.044148,0.176522,0.314961,0.418163,0.505817,0.572543,0.394339,0.343641,0.776444,0.557062,0.000000,0.602144,0.222674,0.210285,0.411476,0.256703,-0.076040,0.045151,0.139361,0.251116,-0.004890,0.031221,0.364422,0.141098,0.000911,0.212842,0.424368,0.262275,0.354575,0.359102,0.337360,0.236408,0.327919,0.119520,0.161244,-0.042566,0.310621,0.306495,0.723093,0.675918,0.331164,0.371634,0.247109,0.316207,0.061579,-0.005660,0.312978,0.398657,0.437531,0.320137,0.319395,0.141082,0.401614,0.545999,0.247048,0.388113,0.432435,0.497345,0.350784,0.632538,0.637838,0.546912
0.380107,0.205826,0.330082,0.341406,0.107036,0.280257,0.327021,0.290504,0.235528,0.144312,0.283024,0.198732,0.286774,0.215028,0.271379,-0.123494,0.438811,0.380186,0.202537,0.159810,0.398444,0.110649,0.309926,0.247598,0.286481,0.371515,0.377878,0.449063,0.401421,0.013422,0.537717,0.367930,0.475577,0.273464,0.310937,0.207131,0.041541,0.647253,0.602144,0.000000,0.210912,0.591016,0.287286,0.256392,-0.019210,0.175712,0.337219,0.640523,0.145920,0.225034,0.323600,0.315135,0.069489,0.380769,0.453614,0.337586,0.167069,0.211224,0.254786,0.260159,0.226389,0.256767,0.019052,0.127704,0.155250,0.142670,0.415591,0.443893,0.266298,0.395614,0.565140,0.554006,0.265250,0.133981,0.168427,0.119507,0.177098,0.571209,0.245628,0.372378,0.087550,0.003394,0.660415,0.585863,0.287786,0.225896,0.292827,0.140435,0.355356,0.433968
0.061485,0.044568,0.326900,0.281746,0.078406,0.112539,0.166873,0.153454,0.084578,0.001616,0.126703,0.142269,0.098391,-0.045227,0.215083,0.112920,0.241357,0.103923,0.081082,0.081759,0.253582,0.181513,0.442758,0.384112,0.189921,0.274509,0.317238,0.219763,0.165745,-0.030545,0.185210,0.080532,0.161369,0.002993,0.218055,0.090230,0.173147,0.200273,0.222674,0.210912,0.000000,0.557666,0.209884,0.176616,-0.018987,-0.031851,0.129987,0.100197,-0.077399,0.007912,0.222368,0.277403,0.052567,0.144993,0.150885,0.110867,0.139358,0.049222,-0.138219,-0.004916,-0.025459,-0.048957,-0.033690,-0.042797,0.315468,0.218514,0.090612,0.052761,0.264832,0.130609,0.353186,0.328297,0.425386,0.342327,0.265591,0.223073,0.162513,0.222969,0.122813,0.024420,-0.033054,0.057683,0.112078,0.055841,0.190425,0.177807,0.087205,0.059433,-0.011990,0.274212
0.329055,0.430274,0.120071,0.333965,0.122453,0.209549,0.079124,0.246055,0.188411,0.249867,0.338081,0.155587,0.255973,0.295208,0.298523,-0.024895,0.465197,0.517461,0.205958,0.245628,0.290788,0.072894,0.170410,0.204561,0.010608,0.084613,0.005249,0.043367,0.314703,0.084196,0.280822,0.252262,0.285497,0.258210,0.008224,-0.115168,-0.069242,0.613890,0.210285,0.591016,0.557666,0.000000,0.264223,0.310908,-0.091815,0.249759,0.453265,0.586445,0.274182,0.418460,0.146051,0.322481,-0.052152,0.286300,0.314094,0.453058,0.111282,0.140093,0.232427,0.442612,0.181821,0.268208,-0.043174,0.196987,-0.028708,0.022703,-0.026751,-0.007801,0.194338,0.236578,0.332472,0.394417,0.630469,0.637497,0.374758,0.106828,0.104935,0.348409,0.173967,0.190739,-0.045699,-0.062276,0.309917,0.248491,0.179526,0.181716,0.002058,0.082688,0.128702,0.442632
0.297719,0.275944,0.606908,0.647947,0.374955,0.494870,0.406413,0.456991,0.324388,0.175435,0.182558,0.273154,0.055254,0.151460,0.389991,0.387158,0.208441,0.215850,0.679266,0.668666,0.120466,0.185513,0.599376,0.543534,0.689653,0.690500,0.489164,0.368134,0.259530,0.345782,0.400817,0.430197,0.453453,0.442474,0.504996,0.501804,0.467389,0.357168,0.411476,0.287286,0.209884,0.264223,0.000000,1.408361,0.500541,0.683448,0.854788,0.707187,0.458485,0.373636,0.505703,0.276721,0.322783,0.371660,0.551025,0.431299,0.222370,0.145127,0.193021,0.142921,-0.027857,0.124940,-0.004247,-0.103769,0.369375,0.344390,0.526518,0.503004,0.363934,0.265068,0.286465,0.316704,0.147904,0.160255,0.471946,0.560867,0.360342,0.217432,0.169033,0.095580,0.356139,0.431138,0.202339,0.245908,0.390872,0.442494,0.095013,0.397649,0.253737,0.471612
0.436748,0.422298,0.338002,0.475217,0.321397,0.399360,0.257058,0.373015,0.404099,0.242056,0.157732,0.348558,0.012316,0.256187,0.399833,0.311460,0.259822,0.382916,0.565820,0.779696,0.151921,0.235136,0.326122,0.283904,0.345194,0.382059,0.300619,0.303205,0.363400,0.437974,0.288055,0.242162,0.405351,0.356339,0.220356,0.233452,0.370355,0.295303,0.256703,0.256392,0.176616,0.310908,1.408361,0.000000,0.520491,0.817944,1.132036,0.912974,0.706296,0.634545,0.491389,0.421805,0.410515,0.477069,0.619795,0.619669,0.251651,0.166476,0.268209,0.276294,-0.010530,0.146676,-0.003628,0.021460,0.118805,0.140016,0.243667,0.213192,0.347920,0.267110,0.189901,0.241718,0.247959,0.259632,0.476781,0.482282,0.294466,0.194303,0.184698,0.089214,0.362213,0.300809,0.258346,0.338911,0.329364,0.373943,0.150180,0.334482,0.159723,0.489198
0.181662,0.110529,0.248455,0.379868,0.246925,0.384686,0.295467,0.345570,0.386486,0.003644,-0.246810,0.305647,-0.161193,0.067192,0.145210,0.074723,-0.021699,0.102497,0.149895,0.438300,0.053591,0.168553,0.241993,0.096433,0.211092,0.347544,0.234662,0.245406,0.269007,0.197728,0.200841,0.155822,0.230682,0.104431,0.388417,0.375252,0.029305,-0.004611,-0.076040,-0.019210,-0.018987,-0.091815,0.500541,0.520491,0.000000,0.801644,0.483265,0.295703,0.437204,0.338458,0.493401,0.309857,0.461263,0.364895,0.270715,0.284850,0.162547,0.088951,-0.016547,-0.062568,-0.105630,0.223308,-0.039217,0.027576,0.402347,0.292550,0.185957,0.185435,0.263361,0.094575,0.055133,0.083223,0.103884,0.050577,0.134918,0.196043,-0.007732,0.018507,0.110082,-0.013921,0.180463,0.138546,-0.017448,-0.010419,0.363762,0.294227,-0.013366,0.135684,0.011633,0.103494
0.398902,0.494747,0.165554,0.359282,0.322485,0.414793,0.132583,0.342947,0.387429,0.236711,0.051714,0.228351,-0.028613,0.358168,0.243821,0.187324,0.207810,0.468792,0.482922,0.603138,0.042303,0.100005,0.147999,0.172474,0.168138,0.244560,0.052817,0.123450,0.261594,0.338676,0.191178,0.283450,0.357680,0.374395,0.188384,0.310989,0.125041,0.255101,0.045151,0.175712,-0.031851,0.249759,0.683448,0.817944,0.801644,0.000000,0.785132,0.714776,0.824651,0.919891,0.456732,0.415138,0.366661,0.426491,0.475222,0.656069,0.249856,0.221806,0.357740,0.427292,0.056886,0.414839,-0.087692,0.084591,0.095828,0.157289,0.033459,0.079688,0.251141,0.104012,0.051627,0.123747,0.317867,0.301848,0.393283,0.344146,0.023552,-0.019235,0.100302,0.029982,0.201027,0.186830,0.061612,0.111093,0.328257,0.355000,-0.059655,0.249616,0.146814,0.428586
0.459709,0.527395,0.133727,0.244237,0.275449,0.404587,0.149990,0.278759,0.496763,0.365740,0.124697,0.277079,0.076757,0.373841,0.406760,0.167978,0.265886,0.474075,0.400119,0.727172,0.191624,0.216675,0.087060,0.079826,0.090306,0.150474,0.110305,0.230628,0.344021,0.366929,0.188277,0.118553,0.364457,0.313464,0.000660,0.034418,0.183515,0.346882,0.139361,0.337219,0.129987,0.453265,0.854788,1.132036,0.483265,0.785132,0.000000,1.190421,0.973657,0.925672,0.517929,0.551729,0.521190,0.654727,0.845802,1.000878,0.230104,0.187948,0.396899,0.433565,0.078080,0.140044,-0.049109,0.177356,-0.110665,-0.105877,0.038650,-0.015452,0.277372,0.282130,0.177422,0.227553,0.398331,0.350040,0.401223,0.299837,0.163975,0.233395,0.202297,0.150963,0.239624,0.101560,0.252212,0.366545,0.200630,0.233531,0.104702,0.209899,0.128668,0.526172
0.614409,0.649947,0.222725,0.311037,0.297164,0.441904,0.237477,0.313266,0.487392,0.381325,0.284427,0.220161,0.211183,0.365410,0.453202,0.113224,0.417657,0.644889,0.472130,0.639143,0.295233,0.182591,0.147279,0.127266,0.132402,0.146772,0.114749,0.212859,0.435636,0.301886,0.280658,0.195194,0.429394,0.407282,0.054257,0.019339,0.084595,0.452584,0.251116,0.640523,0.100197,0.586445,0.707187,0.912974,0.295703,0.714776,1.190421,0.000000,0.753429,0.886609,0.443157,0.460381,0.298229,0.698721,0.868088,0.938511,0.315088,0.302724,0.514870,0.510143,0.173267,0.256868,-0.132842,0.103483,-0.056470,-0.074436,0.120700,0.094522,0.379567,0.520336,0.332650,0.328279,0.410185,0.332183,0.390030,0.275018,0.164997,0.279961,0.309632,0.325506,0.245152,0.092998,0.552319,0.555792,0.284016,0.219686,0.122818,0.217253,0.190629,0.559225
