0.000000,0.771624,-0.046201,-0.017301,0.303219,0.068423,0.361955,0.064197,-0.005764,-0.005640,0.793804,0.458066,0.464118,0.315687,0.061342,0.063207,0.426919,0.207900,0.560405,0.624737,0.125134,0.270008,0.062801,0.052318,0.121264,-0.108738,0.375949,0.079591,0.261188,0.109943,0.281193,0.280187,0.736872,0.657681,-0.141512,-0.247703,-0.029107,0.208893,-0.283111,0.225928,-0.207803,0.008429,-0.056709,-0.218414,-0.087087,-0.182032,-0.023854,0.067711,-0.039395,-0.091967,0.095340,-0.009168,-0.113688,0.116820,-0.088821,0.038305,0.899659,0.735901,0.541194,0.333512,0.667780,0.117796,0.179082,0.130189,-0.260644,-0.110557,0.448007,0.115409,0.865009,0.336057,0.242894,0.278184,0.266309,-0.049260,0.006963,0.325935,-0.032315,-0.002329,0.063750,0.140902,0.144614,0.176845,0.253533,0.180555,0.321447,0.411533,-0.087326,0.071250,0.031634,0.136702
0.771624,0.000000,-0.048614,-0.040246,0.278801,-0.000640,-0.178409,-0.176369,-0.159753,-0.391171,0.080683,0.068432,-0.074118,-0.033435,-0.204464,-0.330213,0.342818,0.387408,0.260460,0.490710,0.237056,0.417795,-0.164496,-0.183738,0.097663,-0.122983,0.448865,0.049328,0.063251,0.250042,0.141311,0.063137,0.697349,0.536385,-0.305243,-0.346788,-0.200271,0.083411,-0.103352,0.291571,-0.198348,-0.063744,-0.101620,-0.213399,0.005711,-0.119282,-0.057683,-0.050986,-0.124740,-0.192830,-0.138412,-0.213818,-0.253715,-0.102939,-0.201026,-0.141783,1.310179,1.567263,0.375697,0.626781,0.456501,0.137033,0.045902,-0.133351,-0.517253,-0.547063,0.344211,-0.051023,0.911776,0.585644,-0.015746,0.044310,-0.061544,-0.095335,-0.126924,0.100088,-0.045880,0.003189,0.224702,0.450293,0.145394,0.224811,0.120273,0.146463,0.178416,0.151559,-0.094493,-0.086228,-0.004240,-0.020818
-0.046201,-0.048614,0.000000,1.350326,0.052541,0.353764,0.692937,0.854458,0.480571,0.256930,0.155345,0.097672,0.577076,0.365080,0.450355,0.373813,-0.160387,-0.087260,0.249087,0.118475,0.012322,0.011927,1.017575,0.706258,0.354533,0.498375,0.088874,0.209959,-0.113957,-0.128046,0.554986,0.642232,0.127670,0.107808,0.500213,0.419366,-0.191448,-0.200260,0.051217,0.075434,0.303266,0.069612,0.152010,0.113492,0.010676,0.117271,0.167292,0.117149,-0.020265,0.092128,0.076164,-0.011897,0.205902,0.257347,0.134303,0.202728,-0.369240,-0.259070,0.001429,-0.099193,-0.082107,0.517627,0.128608,0.349295,0.556648,0.418158,0.225124,0.327020,-0.219513,-0.081661,0.393167,0.301613,0.386795,0.410254,0.456249,0.328595,0.374250,0.205711,-0.244051,-0.238002,-0.233668,-0.230567,0.131947,-0.201857,-0.002983,-0.292597,0.101869,0.136236,0.534388,0.459041
-0.017301,-0.040246,1.350326,0.000000,0.198920,0.617198,0.791305,1.192320,0.550825,0.284689,0.193067,0.258632,0.617278,0.602983,0.556179,0.513417,-0.015117,-0.025104,0.392600,0.345291,0.001035,0.002589,1.097606,0.952786,0.394751,0.712757,0.084150,0.334310,0.048312,-0.024093,0.717874,0.833451,0.317841,0.312686,0.659729,0.632847,-0.185811,-0.232099,-0.048062,0.091462,0.259757,0.037149,0.283724,0.188310,0.105361,0.233519,0.288802,0.216737,-0.046934,0.131889,0.016386,-0.076235,0.156513,0.308202,0.082392,0.159317,-0.272851,-0.175886,0.022362,-0.139244,0.052622,0.627161,0.279480,0.555250,0.620409,0.472945,0.324469,0.501199,-0.089330,-0.012859,0.435301,0.298456,0.456131,0.379284,0.541402,0.356524,0.325674,0.131501,-0.192650,-0.198652,-0.166238,-0.179043,0.207396,-0.141607,0.061304,-0.298620,0.086840,0.144732,0.453494,0.425419
0.303219,0.278801,0.052541,0.198920,0.000000,0.723297,0.244142,0.206368,0.510675,0.217824,0.248734,0.187051,0.208074,0.227657,0.553149,0.344487,0.412957,0.220115,0.322137,0.440157,0.148763,0.390904,0.165931,0.240827,0.219018,0.307167,0.522310,0.421198,0.427029,0.338500,0.302032,0.249637,0.474262,0.555975,0.104833,0.129472,0.258303,0.477207,-0.069227,0.499826,0.130897,0.265361,0.276208,0.171256,0.277046,0.237727,0.263524,0.216208,0.101068,0.117528,0.116782,0.022288,0.200975,0.330522,0.139602,0.163601,0.367677,0.334801,0.189541,0.134781,0.357678,0.168775,0.418254,0.232810,-0.039406,-0.102089,0.421980,0.364044,0.436245,0.278612,0.454877,0.436818,0.413208,0.219512,0.207730,0.224306,0.113227,0.098217,0.273630,0.225208,0.347275,0.220408,0.267602,0.285503,0.309562,0.209861,-0.007214,0.210480,0.103197,0.331051
0.068423,-0.000640,0.353764,0.617198,0.723297,0.000000,0.446383,0.696221,0.497745,0.311657,0.223848,0.425670,0.358639,0.497872,0.569518,0.456552,0.351609,0.244568,0.305949,0.490240,0.173642,0.163446,0.365772,0.375009,0.207321,0.577592,0.298296,0.631790,0.399173,0.316453,0.473551,0.500333,0.537114,0.640459,0.458074,0.522761,-0.019600,0.092044,-0.130672,0.191296,0.164637,0.037526,0.239137,0.177037,0.324696,0.342097,0.305087,0.332130,0.062287,0.126568,0.057706,-0.041752,0.193072,0.364220,0.105011,0.116337,0.052407,0.049805,0.174350,0.017624,0.452889,0.619416,0.737363,0.715756,0.349846,0.332925,0.475450,0.757602,0.137379,0.122229,0.339072,0.179907,0.355245,0.276740,0.394807,0.344618,0.198702,0.040493,0.089505,0.056894,0.292268,0.272583,0.217960,0.250379,0.313160,0.014792,-0.023197,0.208945,0.146280,0.371003
0.361955,-0.178409,0.692937,0.791305,0.244142,0.446383,0.000000,1.076314,0.519024,0.596356,0.766378,0.579936,1.213856,0.791973,0.634780,0.667294,0.027782,-0.135890,0.563911,0.350605,-0.107078,-0.113626,1.019864,0.957124,0.283462,0.409603,0.005207,0.134799,0.219409,-0.082913,0.617002,0.755103,0.296049,0.371670,0.452392,0.361374,0.040924,-0.008302,-0.146985,0.021088,0.188748,0.183149,0.221732,0.111433,0.022423,0.130656,0.200675,0.178274,0.102592,0.243417,0.276344,0.180453,0.225093,0.454517,0.137511,0.251105,-0.225293,-0.278868,0.146466,-0.231252,0.182875,0.349627,0.268693,0.620784,0.538299,0.660814,0.301453,0.474057,-0.047789,-0.169358,0.619127,0.478074,0.642216,0.382670,0.509114,0.443182,0.333089,0.183786,-0.205624,-0.345799,-0.089504,-0.101875,0.255247,-0.021538,0.198289,0.085312,0.113461,0.197761,0.303526,0.398299
0.064197,-0.176369,0.854458,1.192320,0.206368,0.696221,1.076314,0.000000,0.532304,0.425579,0.409069,0.608653,0.785217,0.820405,0.446152,0.456878,0.085540,0.059269,0.360508,0.329558,-0.057456,-0.122468,0.828436,0.776669,0.197798,0.584365,-0.126670,0.219009,0.219441,0.067421,0.629532,0.842990,0.339586,0.431366,0.509160,0.622436,-0.223183,-0.238983,-0.211993,-0.104659,0.093725,0.061958,0.159599,0.068944,0.166973,0.254771,0.180312,0.193359,-0.012695,0.185034,0.043423,0.006217,0.117695,0.303169,0.032689,0.087822,-0.298176,-0.311606,-0.006069,-0.231425,0.171155,0.610712,0.414573,0.883692,0.599975,0.705855,0.232697,0.611679,-0.191705,-0.205006,0.454373,0.222600,0.474640,0.429286,0.515672,0.400330,0.196306,0.040401,-0.187930,-0.247252,0.019912,0.050365,0.135230,0.017947,0.105700,-0.100238,0.031583,0.170969,0.265083,0.274533
-0.005764,-0.159753,0.480571,0.550825,0.510675,0.497745,0.519024,0.532304,0.000000,0.623946,0.176361,0.086901,0.484709,0.342010,0.768610,0.496019,0.101209,0.015368,0.135580,0.104901,-0.391280,-0.257488,0.508627,0.447117,0.231894,0.431254,-0.092731,0.004421,0.217973,0.010879,0.249157,0.272160,0.128441,0.193103,0.379144,0.463903,0.038274,0.046334,-0.082000,0.115327,0.425062,0.199849,0.252594,0.202415,0.204352,0.286409,0.283511,0.253022,0.164033,0.236211,0.174464,0.057518,0.264197,0.386610,0.146937,0.168894,-0.230719,-0.218693,0.098617,-0.086103,0.188036,0.470966,0.447552,0.543092,0.505548,0.421653,0.338883,0.446684,-0.116423,-0.098638,0.255129,0.255595,0.432587,0.429772,0.396869,0.314160,0.172834,0.164047,-0.104904,-0.127808,0.054234,0.007449,0.201898,0.034877,0.162694,-0.018660,-0.110989,0.024357,0.260993,0.391371
-0.005640,-0.391171,0.256930,0.284689,0.217824,0.311657,0.596356,0.425579,0.623946,0.000000,0.320378,0.301274,0.610913,0.387997,0.588152,0.647437,0.137930,-0.145500,0.244230,0.110491,-0.373225,-0.336515,0.466875,0.452379,0.174863,0.300915,-0.256069,-0.162723,0.333922,-0.024084,0.203699,0.258182,0.023370,0.113464,0.257526,0.323997,0.289403,0.164655,-0.068447,0.188949,0.378523,0.391131,0.407201,0.297785,0.189108,0.279755,0.370271,0.216089,0.251466,0.337583,0.391251,0.244745,0.403018,0.383407,0.304510,0.331504,-0.330079,-0.461302,0.118368,-0.261747,0.028006,0.074946,0.395317,0.506898,0.355662,0.394404,0.202493,0.442720,-0.236076,-0.225469,0.354912,0.249701,0.643217,0.380909,0.628247,0.467680,0.341797,0.256733,-0.172025,-0.312644,0.081651,0.000806,0.219587,-0.057877,0.171180,0.122553,0.076169,0.100860,0.146078,0.329772
0.793804,0.080683,0.155345,0.193067,0.248734,0.223848,0.766378,0.409069,0.176361,0.320378,0.000000,0.726546,0.973238,0.529235,0.393301,0.430152,0.447953,0.131931,0.478389,0.368004,0.093046,-0.005113,0.313428,0.273242,0.188360,0.179145,0.193122,0.213734,0.433639,0.026972,0.521237,0.537007,0.455250,0.539413,0.153324,0.057623,-0.038794,0.142139,-0.465842,-0.001341,-0.209609,-0.083645,-0.118066,-0.184999,-0.102878,-0.126469,-0.130791,0.180767,0.026047,0.009243,0.116057,0.103535,0.006516,0.331122,-0.045711,0.026097,0.203247,0.051452,0.185733,-0.129674,0.416640,0.145347,0.323519,0.369943,0.146097,0.336654,0.264393,0.210383,0.235703,-0.053395,0.576267,0.318641,0.430438,0.119524,0.158356,0.299121,-0.039370,-0.072773,-0.060268,-0.152948,0.106762,0.108525,0.026521,0.237237,0.167240,0.246198,-0.156474,0.250528,-0.007236,0.134507
0.458066,0.068432,0.097672,0.258632,0.187051,0.425670,0.579936,0.608653,0.086901,0.301274,0.726546,0.000000,0.722317,1.002506,0.245171,0.355391,0.427604,0.264173,0.560236,0.540473,-0.003877,-0.067140,0.221900,0.268514,-0.024570,0.157191,-0.037741,0.187035,0.449026,0.276545,0.345916,0.448647,0.468602,0.590042,0.054269,0.194650,-0.137875,-0.058772,-0.335825,-0.036412,-0.132989,0.001832,-0.023525,-0.109247,-0.008415,-0.006024,-0.009299,0.121395,-0.078206,-0.007003,0.026376,0.058638,-0.017348,0.180399,-0.034718,0.001457,0.160506,0.023324,0.130884,-0.119942,0.406262,0.255870,0.453287,0.672934,0.083954,0.365903,0.166626,0.414264,0.170585,-0.022748,0.214950,-0.040842,0.293695,0.199681,0.229606,0.435181,0.015600,-0.044079,-0.029517,-0.095461,0.260688,0.349937,0.224563,0.279139,0.200472,0.286651,0.022815,0.237545,-0.005360,0.090818
0.464118,-0.074118,0.577076,0.617278,0.208074,0.358639,1.213856,0.785217,0.484709,0.610913,0.973238,0.722317,0.000000,0.889309,0.630391,0.634435,0.198451,-0.083066,0.610899,0.392257,-0.182806,-0.137832,0.766222,0.635206,0.287025,0.292830,-0.028399,0.103537,0.288332,-0.057740,0.510361,0.632216,0.350375,0.417848,0.288991,0.272192,0.012428,-0.018311,-0.236671,0.103364,0.193857,0.096703,0.166723,0.067070,-0.074187,0.024270,0.176864,0.217177,0.082951,0.188087,0.285220,0.217926,0.230531,0.458069,0.178457,0.263550,-0.112502,-0.207341,0.193387,-0.159174,0.225316,0.324392,0.346032,0.650236,0.350852,0.515095,0.292393,0.430173,0.036575,-0.123364,0.532260,0.317323,0.686072,0.345259,0.512023,0.510710,0.328768,0.165318,-0.218786,-0.388028,-0.054276,-0.072993,0.299575,0.024528,0.162637,0.081918,0.049395,0.192089,0.332878,0.403843
0.315687,-0.033435,0.365080,0.602983,0.227657,0.497872,0.791973,0.820405,0.342010,0.387997,0.529235,1.002506,0.889309,0.000000,0.388297,0.530397,0.053804,-0.013930,0.566552,0.485955,-0.122366,-0.119312,0.591130,0.686499,0.058585,0.266742,-0.061996,0.175783,0.134829,0.043347,0.408605,0.583287,0.332404,0.408070,0.225695,0.336315,-0.087318,-0.187199,-0.176857,0.039049,0.127249,0.018241,0.188793,0.043864,-0.093745,0.004138,0.235047,0.142192,-0.125932,0.034229,0.074148,0.050957,0.078270,0.305520,0.059427,0.136080,-0.079367,-0.112831,0.104869,-0.211962,0.210590,0.432059,0.267221,0.720424,0.251690,0.459970,0.181607,0.445769,0.079538,-0.152216,0.162148,0.000735,0.402398,0.178205,0.402989,0.486930,0.106865,-0.041863,-0.307298,-0.388064,-0.111558,-0.039597,0.383125,-0.001287,0.105839,0.051815,0.065485,0.094714,0.260255,0.271161
0.061342,-0.204464,0.450355,0.556179,0.553149,0.569518,0.634780,0.446152,0.768610,0.588152,0.393301,0.245171,0.630391,0.388297,0.000000,0.833606,0.224000,-0.019503,0.360916,0.278714,-0.107723,-0.043241,0.631523,0.579636,0.415758,0.564229,0.247473,0.408672,0.493747,0.279791,0.539174,0.462931,0.217448,0.290151,0.558011,0.416702,0.276227,0.259100,-0.002905,0.337658,0.387453,0.232875,0.312389,0.302545,0.239320,0.271969,0.329151,0.451047,0.247152,0.276332,0.256700,0.162935,0.393861,0.502967,0.262111,0.348073,-0.147812,-0.181364,0.118949,-0.108233,0.124585,0.217955,0.441815,0.397572,0.459753,0.316527,0.435518,0.485812,0.049179,0.078102,0.567108,0.484080,0.581545,0.510283,0.479767,0.418904,0.331848,0.280816,0.092704,-0.067828,0.183020,0.069366,0.373661,0.247418,0.329960,0.105542,0.043967,0.254244,0.299337,0.566883
0.063207,-0.330213,0.373813,0.513417,0.344487,0.456552,0.667294,0.456878,0.496019,0.647437,0.430152,0.355391,0.634435,0.530397,0.833606,0.000000,0.120744,-0.102319,0.399511,0.277824,0.005678,0.107317,0.640527,0.767441,0.286525,0.425331,0.223059,0.362905,0.239945,0.063578,0.375523,0.424378,0.061732,0.122315,0.575513,0.410351,0.284096,0.301359,-0.018989,0.302150,0.184504,0.227286,0.289566,0.248732,0.000884,0.134305,0.327859,0.270973,0.098835,0.162826,0.200447,0.142987,0.289243,0.491087,0.256761,0.366697,-0.279737,-0.309799,0.075703,-0.301281,0.084750,0.139805,0.282817,0.357739,0.521839,0.447049,0.223677,0.363496,-0.048194,-0.029318,0.494890,0.446425,0.537162,0.309190,0.477751,0.408313,0.310223,0.225671,-0.095412,-0.152718,-0.006746,-0.089052,0.297116,-0.000625,0.168706,0.127050,0.096558,0.381062,0.352274,0.588079
0.426919,0.342818,-0.160387,-0.015117,0.412957,0.351609,0.027782,0.085540,0.101209,0.137930,0.447953,0.427604,0.198451,0.053804,0.224000,0.120744,0.000000,0.658366,0.218045,0.397725,0.058392,0.100021,-0.266041,-0.287313,0.143374,0.201638,0.209833,0.238279,0.981833,0.530846,0.304810,0.227362,0.636996,0.756477,0.000843,0.106275,0.023770,0.266637,-0.432167,0.200239,-0.183974,-0.058059,-0.002785,-0.047602,0.344656,0.198401,-0.022540,0.255620,0.129014,0.081724,-0.055437,-0.064407,-0.063367,0.032427,-0.093743,-0.080331,0.620820,0.392836,0.205932,0.186512,0.592129,0.140616,0.791221,0.317207,-0.152845,-0.122571,0.371364,0.252371,0.407461,0.306194,0.404959,0.141630,0.332325,0.147984,0.153249,0.209442,-0.031700,0.017586,0.551483,0.406632,0.806431,0.680994,0.059166,0.590683,0.325860,0.236828,-0.182361,0.199673,-0.254049,-0.033330
0.207900,0.387408,-0.087260,-0.025104,0.220115,0.244568,-0.135890,0.059269,0.015368,-0.145500,0.131931,0.264173,-0.083066,-0.013930,-0.019503,-0.102319,0.658366,0.000000,-0.031751,0.227446,0.213866,0.110449,-0.311768,-0.270286,0.009854,0.155767,0.224756,0.251228,0.397999,0.635431,0.263325,0.177127,0.517316,0.525844,-0.073840,0.084287,-0.420445,0.035343,-0.449538,0.024489,-0.410839,-0.215548,-0.344157,-0.228782,0.182405,0.123117,-0.221418,0.090524,-0.066560,-0.038500,-0.364116,-0.184148,-0.309212,-0.075789,-0.291437,-0.255267,0.482740,0.442174,0.082603,0.321244,0.513561,0.434937,0.463715,0.349907,-0.121615,-0.062435,0.141572,0.155231,0.256356,0.196054,0.081821,-0.125625,-0.161181,0.056401,-0.141928,-0.008919,-0.200567,-0.142210,0.357709,0.552273,0.490418,0.701566,-0.203124,0.458574,0.023398,0.150210,-0.375523,0.116505,-0.278426,-0.083658
0.560405,0.260460,0.249087,0.392600,0.322137,0.305949,0.563911,0.360508,0.135580,0.244230,0.478389,0.560236,0.610899,0.566552,0.360916,0.399511,0.218045,-0.031751,0.000000,1.209246,-0.074038,0.215700,0.487504,0.513963,0.151414,0.014003,0.193638,0.094910,0.300864,0.184723,0.193258,0.327216,0.459480,0.532419,0.074499,0.018244,0.186967,0.173142,0.103277,0.394317,0.190070,0.366504,0.259189,0.182987,0.041418,0.024279,0.249153,0.154001,-0.096441,-0.051034,0.131403,0.000002,0.182841,0.165947,0.202267,0.343440,0.255279,0.207744,0.212287,-0.021023,0.159639,-0.000579,0.180128,0.185503,-0.083940,-0.007841,0.300096,0.346500,0.602244,0.539560,0.298437,0.293205,0.429589,0.152098,0.236998,0.326892,0.305477,0.259074,0.074589,0.077212,0.203521,0.113245,0.743342,0.098039,0.475355,0.332590,0.431151,0.203753,0.260992,0.464419
0.624737,0.490710,0.118475,0.345291,0.440157,0.490240,0.350605,0.329558,0.104901,0.110491,0.368004,0.540473,0.392257,0.485955,0.278714,0.277824,0.397725,0.227446,1.209246,0.000000,0.089139,0.346706,0.273711,0.351759,0.165014,0.134275,0.309760,0.249760,0.430177,0.426149,0.286446,0.368736,0.828014,0.909673,0.107514,0.105182,0.003829,0.157522,-0.037928,0.365632,-0.018283,0.202661,0.202088,0.163857,0.146476,0.108343,0.274044,0.337648,-0.088458,-0.063121,0.037729,-0.066163,0.066575,0.189534,0.105728,0.216741,0.580659,0.533950,0.367268,0.162096,0.427928,0.140890,0.330797,0.269581,-0.156451,-0.055280,0.480775,0.483078,1.004811,0.792195,0.217062,0.155367,0.247682,0.080857,0.145526,0.367426,0.210320,0.182155,0.189432,0.326492,0.372352,0.366780,0.568152,0.255867,0.490008,0.371899,0.210019,0.130082,0.167285,0.370843
0.125134,0.237056,0.012322,0.001035,0.148763,0.173642,-0.107078,-0.057456,-0.391280,-0.373225,0.093046,-0.003877,-0.182806,-0.122366,-0.107723,0.005678,0.058392,0.213866,-0.074038,0.089139,0.000000,0.730608,-0.088960,-0.048873,0.159212,0.158567,0.679400,0.730496,-0.105603,0.153086,0.151724,0.083185,0.170479,0.115917,0.069311,-0.055094,-0.053576,0.250878,0.051287,0.066256,-0.313419,-0.157580,-0.168726,-0.164169,-0.085349,-0.132775,-0.134785,0.038142,-0.116624,-0.192782,-0.166146,-0.132211,-0.106561,-0.014758,-0.058486,-0.084218,0.224229,0.287008,0.041400,0.078344,0.114544,0.005326,-0.048262,-0.194812,-0.031301,-0.092472,0.056171,-0.053657,0.227582,0.134816,0.186946,0.257902,-0.103666,-0.158061,-0.113798,-0.002662,0.017455,0.024575,0.071673,0.294049,0.049078,0.091765,-0.220313,0.029511,0.033475,0.037604,-0.026607,0.222668,0.105263,-0.016646
0.270008,0.417795,0.011927,0.002589,0.390904,0.163446,-0.113626,-0.122468,-0.257488,-0.336515,-0.005113,-0.067140,-0.137832,-0.119312,-0.043241,0.107317,0.100021,0.110449,0.215700,0.346706,0.730608,0.000000,-0.060718,-0.009986,0.154175,-0.024164,0.824581,0.494250,-0.058145,0.189155,0.016007,0.007123,0.170871,0.126015,-0.076067,-0.246791,0.204836,0.386543,0.200406,0.435517,-0.178393,0.203008,0.023377,0.068951,-0.043100,-0.076118,0.087472,0.117104,-0.084053,-0.126132,0.009479,-0.029978,0.124770,0.082344,0.165026,0.264416,0.387256,0.466888,0.203948,0.250330,0.068483,-0.145387,-0.132815,-0.332685,-0.312145,-0.383685,0.173585,-0.021841,0.543053,0.509249,0.179737,0.304819,-0.011706,-0.119170,-0.019279,0.036459,0.064385,0.094326,0.252838,0.363759,0.134406,0.048619,0.242215,0.067869,0.172361,0.221332,0.185300,0.206310,0.301979,0.345998
0.062801,-0.164496,1.017575,1.097606,0.165931,0.365772,1.019864,0.828436,0.508627,0.466875,0.313428,0.221900,0.766222,0.591130,0.631523,0.640527,-0.266041,-0.311768,0.487504,0.273711,-0.088960,-0.060718,0.000000,1.470440,0.473029,0.513489,0.068912,0.195130,-0.054640,-0.215118,0.580909,0.691158,0.167524,0.164911,0.662393,0.457497,0.065734,-0.049852,0.061229,0.122711,0.359200,0.235357,0.423403,0.294330,-0.001903,0.151638,0.374981,0.235050,0.099997,0.208840,0.309447,0.167356,0.337145,0.503378,0.236872,0.347695,-0.394193,-0.312344,0.117004,-0.190766,-0.032932,0.297127,0.060026,0.349473,0.624455,0.535688,0.316784,0.451939,-0.114883,-0.085084,0.394954,0.477138,0.505805,0.232386,0.569079,0.333197,0.463929,0.292585,-0.366305,-0.406223,-0.339775,-0.395872,0.307973,-0.215143,0.054993,-0.184560,0.211597,0.088542,0.405458,0.460304
0.052318,-0.183738,0.706258,0.952786,0.240827,0.375009,0.957124,0.776669,0.447117,0.452379,0.273242,0.268514,0.635206,0.686499,0.579636,0.767441,-0.287313,-0.270286,0.513963,0.351759,-0.048873,-0.009986,1.470440,0.000000,0.348832,0.472958,0.080703,0.182452,-0.046259,-0.146921,0.558370,0.694136,0.154099,0.160163,0.568158,0.410159,0.075608,-0.066759,0.030521,0.119253,0.280674,0.200375,0.384944,0.247639,-0.046658,0.119693,0.354140,0.162087,0.005577,0.161991,0.170458,0.090187,0.209893,0.439899,0.141637,0.270471,-0.359102,-0.272857,0.034855,-0.266504,-0.089280,0.212433,-0.010319,0.334365,0.511159,0.441461,0.197457,0.362729,-0.053320,-0.109265,0.383296,0.437276,0.421419,0.202636,0.489884,0.290510,0.361589,0.193677,-0.364814,-0.357250,-0.349940,-0.362017,0.294207,-0.231905,0.008254,-0.138756,0.165117,0.100682,0.350334,0.408454
0.121264,0.097663,0.354533,0.394751,0.219018,0.207321,0.283462,0.197798,0.231894,0.174863,0.188360,-0.024570,0.287025,0.058585,0.415758,0.286525,0.143374,0.009854,0.151414,0.165014,0.159212,0.154175,0.473029,0.348832,0.000000,0.755855,0.407480,0.342379,0.195830,-0.027565,0.604145,0.449511,0.398601,0.360149,0.593126,0.529530,0.131025,0.274392,-0.071935,0.251595,0.202309,0.031429,0.505997,0.464422,0.237192,0.264451,0.442100,0.566003,0.387704,0.314110,0.429702,0.269313,0.318468,0.540280,0.271316,0.289867,0.065867,0.072759,0.266451,0.062563,0.160282,0.074191,0.085329,0.067902,0.312135,0.175041,0.677314,0.468805,0.161481,0.177475,0.365513,0.400303,0.372631,0.000140,0.509156,0.263309,0.438037,0.408280,0.008342,0.015619,-0.041759,-0.167113,0.130392,-0.025635,0.033783,-0.127144,0.052034,0.064295,0.139545,0.205796
-0.108738,-0.122983,0.498375,0.712757,0.307167,0.577592,0.409603,0.584365,0.431254,0.300915,0.179145,0.157191,0.292830,0.266742,0.564229,0.425331,0.201638,0.155767,0.014003,0.134275,0.158567,-0.024164,0.513489,0.472958,0.755855,0.000000,0.254227,0.609244,0.346439,0.153169,0.892298,0.748759,0.395847,0.404311,0.924398,1.034123,-0.054415,0.063008,-0.228628,0.130752,0.094886,-0.063361,0.338555,0.312451,0.340086,0.422604,0.314072,0.502355,0.255324,0.312419,0.167097,0.081080,0.224799,0.421383,0.113866,0.063887,-0.118517,-0.111995,0.062348,-0.095639,0.232565,0.436631,0.366111,0.454124,0.700446,0.496221,0.534870,0.637519,-0.059590,0.003435,0.445037,0.220057,0.315274,0.154033,0.379670,0.261843,0.235287,0.112905,0.019165,0.024325,0.065971,0.046608,-0.058876,0.106734,0.012216,-0.183039,-0.098441,0.228620,0.115981,0.153984
0.375949,0.448865,0.088874,0.084150,0.522310,0.298296,0.005207,-0.126670,-0.092731,-0.256069,0.193122,-0.037741,-0.028399,-0.061996,0.247473,0.223059,0.209833,0.224756,0.193638,0.309760,0.679400,0.824581,0.068912,0.080703,0.407480,0.254227,0.000000,0.812155,0.075184,0.161701,0.340973,0.207132,0.357807,0.295714,0.249752,0.009857,0.131503,0.461012,-0.004685,0.471260,-0.121612,-0.041724,0.005627,0.021458,-0.034111,-0.103835,0.034485,0.208195,-0.020180,-0.149430,0.026129,-0.055539,0.060561,0.199852,0.076378,0.139325,0.474910,0.558264,0.261978,0.267750,0.291931,0.059812,0.012048,-0.218104,-0.032143,-0.164449,0.466219,0.097731,0.553033,0.467924,0.313834,0.383078,0.055987,-0.093066,-0.024364,0.122096,-0.005118,0.017830,0.191658,0.305959,0.073134,0.026438,0.110713,0.092495,0.198400,0.142300,-0.021410,0.285520,0.212498,0.317582
0.079591,0.049328,0.209959,0.334310,0.421198,0.631790,0.134799,0.219009,0.004421,-0.162723,0.213734,0.187035,0.103537,0.175783,0.408672,0.362905,0.238279,0.251228,0.094910,0.249760,0.730496,0.494250,0.195130,0.182452,0.342379,0.609244,0.812155,0.000000,0.212275,0.269366,0.479895,0.372857,0.299936,0.307500,0.540255,0.403822,0.041636,0.235205,-0.078225,0.250590,-0.131022,-0.159215,0.036654,0.005829,0.051348,-0.007094,0.057699,0.277428,-0.066267,-0.119197,-0.078591,-0.140715,0.049888,0.197431,0.038000,0.023519,0.145557,0.178596,0.080601,-0.007773,0.332904,0.314071,0.312482,0.160882,0.365106,0.221669,0.342841,0.309400,0.205869,0.206355,0.324465,0.258353,0.129667,-0.029872,0.062943,0.077658,0.029105,-0.066416,0.187571,0.172107,0.160810,0.101886,0.000821,0.191184,0.126792,-0.029994,-0.047000,0.368552,0.166848,0.219903
0.261188,0.063251,-0.113957,0.048312,0.427029,0.399173,0.219409,0.219441,0.217973,0.333922,0.433639,0.449026,0.288332,0.134829,0.493747,0.239945,0.981833,0.397999,0.300864,0.430177,-0.105603,-0.058145,-0.054640,-0.046259,0.195830,0.346439,0.075184,0.212275,0.000000,0.732904,0.411788,0.367822,0.540572,0.735735,0.149467,0.250894,0.222694,0.338810,-0.239239,0.255958,0.048447,0.230558,0.168678,0.164053,0.586778,0.391296,0.145064,0.414141,0.291970,0.253455,0.109717,0.063670,0.095062,0.060197,0.039892,0.054146,0.359110,0.137379,0.115528,0.005947,0.404429,0.001067,0.728702,0.389749,-0.005014,-0.025408,0.373701,0.405542,0.285929,0.293224,0.535087,0.195174,0.461195,0.286344,0.210373,0.246018,0.100439,0.110136,0.620984,0.391580,1.027125,0.772802,0.211964,0.796285,0.478321,0.346601,0.040981,0.290884,-0.262726,0.023875
0.109943,0.250042,-0.128046,-0.024093,0.338500,0.316453,-0.082913,0.067421,0.010879,-0.024084,0.026972,0.276545,-0.057740,0.043347,0.279791,0.063578,0.530846,0.635431,0.184723,0.426149,0.153086,0.189155,-0.215118,-0.146921,-0.027565,0.153169,0.161701,0.269366,0.732904,0.000000,0.224801,0.167277,0.444068,0.533027,-0.031776,0.051987,-0.036113,0.291621,-0.023611,0.169662,-0.109373,0.232220,-0.104699,0.068694,0.494966,0.306602,0.037441,0.306332,0.095990,0.082578,-0.182015,-0.080098,-0.047752,-0.100791,-0.067235,-0.012574,0.413647,0.310225,-0.020506,0.144022,0.232475,0.007442,0.383232,0.137966,-0.191657,-0.226068,0.122935,0.224255,0.364720,0.398466,0.182975,0.040802,0.039122,0.366835,-0.064386,0.162770,0.061653,0.173786,0.708440,0.727773,0.948947,1.080316,0.255714,0.903997,0.407821,0.415641,0.076995,0.313250,-0.207102,0.080911
0.281193,0.141311,0.554986,0.717874,0.302032,0.473551,0.617002,0.629532,0.249157,0.203699,0.521237,0.345916,0.510361,0.408605,0.539174,0.375523,0.304810,0.263325,0.193258,0.286446,0.151724,0.016007,0.580909,0.558370,0.604145,0.892298,0.340973,0.479895,0.411788,0.224801,0.000000,1.575036,0.742205,0.687076,0.606581,0.505508,-0.242353,-0.052493,-0.484761,0.073131,-0.102481,-0.140233,0.141012,0.061155,0.180362,0.198257,0.145337,0.334930,0.112442,0.199333,0.020991,0.006045,-0.018110,0.362121,-0.102786,-0.030070,0.111640,0.109982,0.118680,0.019080,0.297757,0.418349,0.250440,0.463586,0.363496,0.267173,0.477116,0.423470,0.120002,-0.034001,0.618005,0.316424,0.402692,0.286908,0.402544,0.368918,0.130103,-0.027131,-0.044032,-0.017171,0.002258,0.052787,-0.025111,0.180189,-0.030144,-0.194134,-0.226412,0.158466,0.012944,0.108630
0.280187,0.063137,0.642232,0.833451,0.249637,0.500333,0.755103,0.842990,0.272160,0.258182,0.537007,0.448647,0.632216,0.583287,0.462931,0.424378,0.227362,0.177127,0.327216,0.368736,0.083185,0.007123,0.691158,0.694136,0.449511,0.748759,0.207132,0.372857,0.367822,0.167277,1.575036,0.000000,0.678829,0.696091,0.575393,0.520755,-0.250407,-0.132378,-0.471486,0.040364,-0.060541,-0.093763,0.152912,0.066369,0.153261,0.191003,0.166684,0.305038,0.035690,0.164825,0.012440,0.016901,-0.002268,0.349971,-0.084411,0.020476,0.007141,0.001800,0.084968,-0.087824,0.245286,0.434110,0.231271,0.573391,0.351952,0.332247,0.398437,0.480962,0.083243,-0.067432,0.616996,0.304982,0.431394,0.274238,0.431503,0.439324,0.131671,-0.050284,-0.135914,-0.118231,-0.028251,0.014294,0.076635,0.130654,-0.009386,-0.193237,-0.140063,0.174115,0.073433,0.155676
0.736872,0.697349,0.127670,0.317841,0.474262,0.537114,0.296049,0.339586,0.128441,0.023370,0.455250,0.468602,0.350375,0.332404,0.217448,0.061732,0.636996,0.517316,0.459480,0.828014,0.170479,0.170871,0.167524,0.154099,0.398601,0.395847,0.357807,0.299936,0.540572,0.444068,0.742205,0.678829,0.000000,1.693087,0.187758,0.224993,-0.236209,0.102194,-0.387814,0.207616,-0.162053,-0.054802,0.118335,0.023350,0.244248,0.189939,0.192388,0.390566,0.090700,0.073793,0.041911,-0.017463,-0.062693,0.280576,-0.075267,-0.024370,0.784577,0.714238,0.439007,0.351456,0.789034,0.434066,0.481605,0.447744,-0.094169,-0.029513,0.725875,0.539165,0.780954,0.436753,0.299125,0.183366,0.283438,0.113864,0.206157,0.342249,0.138867,0.085309,0.189922,0.323146,0.356282,0.436727,0.187856,0.399594,0.268901,0.136919,-0.171025,0.042479,-0.075849,0.091428
0.657681,0.536385,0.107808,0.312686,0.555975,0.640459,0.371670,0.431366,0.193103,0.113464,0.539413,0.590042,0.417848,0.408070,0.290151,0.122315,0.756477,0.525844,0.532419,0.909673,0.115917,0.126015,0.164911,0.160163,0.360149,0.404311,0.295714,0.307500,0.735735,0.533027,0.687076,0.696091,1.693087,0.000000,0.196558,0.294928,-0.188203,0.135108,-0.451484,0.171077,-0.143612,-0.010493,0.118523,0.060215,0.338146,0.251763,0.167872,0.433744,0.133919,0.117381,0.063586,0.026857,-0.028147,0.311631,-0.069245,-0.012261,0.691997,0.580213,0.364753,0.238076,0.751401,0.392568,0.597653,0.540086,-0.071950,0.042123,0.691520,0.629925,0.701433,0.440778,0.397559,0.193449,0.330662,0.130021,0.226831,0.393759,0.100426,0.078794,0.229805,0.323340,0.513938,0.562046,0.226997,0.512717,0.316943,0.189503,-0.154034,0.059389,-0.140351,0.091353
-0.141512,-0.305243,0.500213,0.659729,0.104833,0.458074,0.452392,0.509160,0.379144,0.257526,0.153324,0.054269,0.288991,0.225695,0.558011,0.575513,0.000843,-0.073840,0.074499,0.107514,0.069311,-0.076067,0.662393,0.568158,0.593126,0.924398,0.249752,0.540255,0.149467,-0.031776,0.606581,0.575393,0.187758,0.196558,0.000000,1.102614,-0.015871,0.085714,-0.116900,0.055016,0.056463,-0.017961,0.337395,0.327539,0.232323,0.323189,0.320120,0.515911,0.206628,0.231192,0.217898,0.112472,0.217372,0.426858,0.158306,0.160462,-0.316668,-0.254762,0.118752,-0.167512,0.267978,0.389356,0.226356,0.280554,1.081815,0.701381,0.544119,0.571723,-0.156672,-0.006978,0.309763,0.304264,0.208657,0.091420,0.332319,0.128438,0.225244,0.161583,-0.083739,-0.072318,-0.099054,-0.121970,0.020627,0.006760,0.093395,-0.173987,-0.021235,0.192057,0.156892,0.230663
-0.247703,-0.346788,0.419366,0.632847,0.129472,0.522761,0.361374,0.622436,0.463903,0.323997,0.057623,0.194650,0.272192,0.336315,0.416702,0.410351,0.106275,0.084287,0.018244,0.105182,-0.055094,-0.246791,0.457497,0.410159,0.529530,1.034123,0.009857,0.403822,0.250894,0.051987,0.505508,0.520755,0.224993,0.294928,1.102614,0.000000,-0.109383,-0.027980,-0.187851,0.031758,0.113642,-0.037216,0.392486,0.376533,0.315249,0.441258,0.370886,0.520188,0.221003,0.341242,0.191618,0.180208,0.217693,0.430948,0.183296,0.150541,-0.308157,-0.302152,0.021674,-0.167032,0.255561,0.526233,0.353755,0.543261,0.803635,0.804672,0.444223,0.783483,-0.230741,-0.070220,0.213156,0.103511,0.227149,0.167198,0.438736,0.215090,0.219746,0.149198,-0.050797,-0.043914,0.053966,0.041934,0.009089,0.077784,0.002319,-0.144362,-0.066676,0.179290,0.110444,0.192205
-0.029107,-0.200271,-0.191448,-0.185811,0.258303,-0.019600,0.040924,-0.223183,0.038274,0.289403,-0.038794,-0.137875,0.012428,-0.087318,0.276227,0.284096,0.023770,-0.420445,0.186967,0.003829,-0.053576,0.204836,0.065734,0.075608,0.131025,-0.054415,0.131503,0.041636,0.222694,-0.036113,-0.242353,-0.250407,-0.236209,-0.188203,-0.015871,-0.109383,0.000000,0.744907,0.572497,0.587980,0.513791,0.659748,0.522657,0.471127,0.178075,0.193047,0.387979,0.173560,0.333773,0.258134,0.538758,0.314900,0.626367,0.086572,0.549929,0.602815,-0.064804,-0.163001,0.169510,-0.002920,-0.132852,-0.475452,0.016293,-0.256734,-0.065809,-0.176060,0.130949,0.072899,0.070853,0.195131,0.200961,0.424676,0.438769,0.007134,0.236126,0.043295,0.370246,0.381822,0.334277,-0.012567,0.212471,-0.113626,0.478886,0.103667,0.422483,0.342707,0.552925,0.263831,0.134477,0.306402
0.208893,0.083411,-0.200260,-0.232099,0.477207,0.092044,-0.008302,-0.238983,0.046334,0.164655,0.142139,-0.058772,-0.018311,-0.187199,0.259100,0.301359,0.266637,0.035343,0.173142,0.157522,0.250878,0.386543,-0.049852,-0.066759,0.274392,0.063008,0.461012,0.235205,0.338810,0.291621,-0.052493,-0.132378,0.102194,0.135108,0.085714,-0.027980,0.744907,0.000000,0.322809,0.660935,0.203894,0.551873,0.238591,0.329792,0.287403,0.258226,0.247590,0.341833,0.398817,0.248597,0.392695,0.268199,0.440216,0.149778,0.420250,0.411424,0.239072,0.149215,0.321283,0.205759,0.228699,-0.286882,0.177285,-0.243851,-0.050928,-0.177375,0.329244,0.151874,0.304072,0.420920,0.364279,0.619558,0.349501,0.128412,0.150091,0.155927,0.319029,0.470854,0.524437,0.399732,0.454635,0.213596,0.245447,0.334627,0.483744,0.519845,0.309094,0.413197,0.052538,0.287002
-0.283111,-0.103352,0.051217,-0.048062,-0.069227,-0.130672,-0.146985,-0.211993,-0.082000,-0.068447,-0.465842,-0.335825,-0.236671,-0.176857,-0.002905,-0.018989,-0.432167,-0.449538,0.103277,-0.037928,0.051287,0.200406,0.061229,0.030521,-0.071935,-0.228628,-0.004685,-0.078225,-0.239239,-0.023611,-0.484761,-0.471486,-0.387814,-0.451484,-0.116900,-0.187851,0.572497,0.322809,0.000000,0.385766,0.616719,0.621080,0.226035,0.349774,-0.008502,0.005264,0.262022,-0.025943,0.040938,0.000484,0.228027,0.083916,0.421262,-0.213824,0.484295,0.476233,-0.202577,-0.153407,-0.045045,0.017197,-0.365630,-0.269128,-0.184205,-0.400814,-0.026437,-0.203306,-0.117051,-0.106928,-0.030457,0.247566,-0.168237,0.069427,0.061870,0.047180,0.022981,-0.128192,0.429380,0.406118,0.226597,0.097919,0.024262,-0.117591,0.464242,-0.054432,0.386495,0.246379,0.938285,0.244372,0.377946,0.320084
0.225928,0.291571,0.075434,0.091462,0.499826,0.191296,0.021088,-0.104659,0.115327,0.188949,-0.001341,-0.036412,0.103364,0.039049,0.337658,0.302150,0.200239,0.024489,0.394317,0.365632,0.066256,0.435517,0.122711,0.119253,0.251595,0.130752,0.471260,0.250590,0.255958,0.169662,0.073131,0.040364,0.207616,0.171077,0.055016,0.031758,0.587980,0.660935,0.385766,0.000000,0.363411,0.510083,0.412324,0.389732,0.133006,0.144336,0.440876,0.240716,0.130064,0.119367,0.323113,0.123660,0.487188,0.100579,0.554295,0.630517,0.289572,0.303649,0.382474,0.395410,0.199167,0.022497,0.242193,0.000921,-0.083177,-0.254415,0.459456,0.296583,0.426489,0.578632,0.284864,0.296427,0.437727,0.133543,0.296095,0.226460,0.324764,0.239677,0.326143,0.264641,0.246856,0.033220,0.496673,0.077132,0.401902,0.324856,0.372391,0.369036,0.461392,0.628153
-0.207803,-0.198348,0.303266,0.259757,0.130897,0.164637,0.188748,0.093725,0.425062,0.378523,-0.209609,-0.132989,0.193857,0.127249,0.387453,0.184504,-0.183974,-0.410839,0.190070,-0.018283,-0.313419,-0.178393,0.359200,0.280674,0.202309,0.094886,-0.121612,-0.131022,0.048447,-0.109373,-0.102481,-0.060541,-0.162053,-0.143612,0.056463,0.113642,0.513791,0.203894,0.616719,0.363411,0.000000,0.501744,0.574721,0.469679,0.234648,0.273837,0.562682,0.142397,0.296814,0.266829,0.414662,0.182868,0.543328,0.080454,0.515336,0.420553,-0.290093,-0.295998,0.078784,0.008396,-0.260564,0.008153,0.064253,0.067790,0.147183,-0.030226,0.179973,0.208461,-0.131127,0.039518,0.098206,0.205758,0.471504,0.264291,0.487211,0.186027,0.539945,0.470885,0.014543,-0.257810,-0.002190,-0.192328,0.541739,-0.076931,0.349630,-0.002759,0.513807,0.092434,0.402947,0.349861
0.008429,-0.063744,0.069612,0.037149,0.265361,0.037526,0.183149,0.061958,0.199849,0.391131,-0.083645,0.001832,0.096703,0.018241,0.232875,0.227286,-0.058059,-0.215548,0.366504,0.202661,-0.157580,0.203008,0.235357,0.200375,0.031429,-0.063361,-0.041724,-0.159215,0.230558,0.232220,-0.140233,-0.093763,-0.054802,-0.010493,-0.017961,-0.037216,0.659748,0.551873,0.621080,0.510083,0.501744,0.000000,0.388473,0.454601,0.324328,0.328660,0.379224,0.163713,0.291975,0.285812,0.432351,0.288125,0.554597,0.034567,0.522419,0.617436,-0.085413,-0.127091,0.158267,0.108718,-0.117050,-0.245500,0.043366,-0.076387,-0.067519,-0.133291,0.147735,0.223589,0.063943,0.247459,0.220807,0.412659,0.452055,0.319929,0.327820,0.187724,0.435399,0.514476,0.310917,0.166745,0.343684,0.188453,0.643240,0.237823,0.560466,0.582850,0.768298,0.340037,0.197024,0.479218
-0.056709,-0.101620,0.152010,0.283724,0.276208,0.239137,0.221732,0.159599,0.252594,0.407201,-0.118066,-0.023525,0.166723,0.188793,0.312389,0.289566,-0.002785,-0.344157,0.259189,0.202088,-0.168726,0.023377,0.423403,0.384944,0.505997,0.338555,0.005627,0.036654,0.168678,-0.104699,0.141012,0.152912,0.118335,0.118523,0.337395,0.392486,0.522657,0.238591,0.226035,0.412324,0.574721,0.388473,0.000000,1.112423,0.540820,0.684027,1.435539,0.500293,0.637313,0.667011,0.821865,0.504230,0.730705,0.498296,0.779924,0.683626,-0.096312,-0.115184,0.342570,0.105670,0.027353,-0.053154,0.101867,0.080558,0.109979,0.047005,0.556167,0.572896,0.084908,0.188818,0.071460,0.271474,0.420317,-0.009497,0.673514,0.250943,0.636365,0.557336,0.026630,-0.156286,0.023250,-0.197478,0.483114,-0.119888,0.191562,-0.039760,0.384967,-0.036093,0.269501,0.301426
-0.218414,-0.213399,0.113492,0.188310,0.171256,0.177037,0.111433,0.068944,0.202415,0.297785,-0.184999,-0.109247,0.067070,0.043864,0.302545,0.248732,-0.047602,-0.228782,0.182987,0.163857,-0.164169,0.068951,0.294330,0.247639,0.464422,0.312451,0.021458,0.005829,0.164053,0.068694,0.061155,0.066369,0.023350,0.060215,0.327539,0.376533,0.471127,0.329792,0.349774,0.389732,0.469679,0.454601,1.112423,0.000000,0.575728,0.877511,1.077729,0.764384,0.791497,0.821655,0.892212,0.744729,0.999164,0.481801,0.967352,0.964303,-0.177165,-0.190613,0.279860,0.162924,-0.034969,-0.107667,0.090117,-0.010072,0.100495,0.070119,0.470740,0.578738,0.051656,0.317288,0.024965,0.128326,0.200452,0.042208,0.437668,0.195242,0.589331,0.656818,0.214740,0.033039,0.143510,-0.041398,0.469770,0.067419,0.216586,0.121749,0.480068,0.105212,0.224346,0.430849
-0.087087,0.005711,0.010676,0.105361,0.277046,0.324696,0.022423,0.166973,0.204352,0.189108,-0.102878,-0.008415,-0.074187,-0.093745,0.239320,0.000884,0.344656,0.182405,0.041418,0.146476,-0.085349,-0.043100,-0.001903,-0.046658,0.237192,0.340086,-0.034111,0.051348,0.586778,0.494966,0.180362,0.153261,0.244248,0.338146,0.232323,0.315249,0.178075,0.287403,-0.008502,0.133006,0.234648,0.324328,0.540820,0.575728,0.000000,1.314645,0.478970,0.505803,0.716030,0.639589,0.298563,0.220655,0.310484,0.082230,0.249453,0.194659,0.100924,0.010012,0.168798,0.271937,0.160451,0.004909,0.338869,0.123935,0.043313,-0.094291,0.441678,0.532702,0.050134,0.195438,0.134848,0.180416,0.173781,0.169372,0.249964,0.162391,0.198833,0.378270,0.440644,0.359248,0.675962,0.500706,0.181779,0.477838,0.434155,0.200629,0.187767,0.149387,-0.188358,0.035952
-0.182032,-0.119282,0.117271,0.233519,0.237727,0.342097,0.130656,0.254771,0.286409,0.279755,-0.126469,-0.006024,0.024270,0.004138,0.271969,0.134305,0.198401,0.123117,0.024279,0.108343,-0.132775,-0.076118,0.151638,0.119693,0.264451,0.422604,-0.103835,-0.007094,0.391296,0.306602,0.198257,0.191003,0.189939,0.251763,0.323189,0.441258,0.193047,0.258226,0.005264,0.144336,0.273837,0.328660,0.684027,0.877511,1.314645,0.000000,0.648732,0.608796,0.893900,1.084956,0.487946,0.482597,0.520555,0.302284,0.439466,0.402807,-0.092477,-0.142725,0.244558,0.284900,0.145999,0.098915,0.307961,0.203714,0.141266,0.060623,0.441953,0.626111,-0.060312,0.145117,0.114943,0.184425,0.173642,0.215653,0.369096,0.228403,0.340932,0.453428,0.299410,0.244096,0.392976,0.285212,0.167344,0.320717,0.235247,0.122183,0.154090,0.115766,-0.061557,0.174322
-0.023854,-0.057683,0.167292,0.288802,0.263524,0.305087,0.200675,0.180312,0.283511,0.370271,-0.130791,-0.009299,0.176864,0.235047,0.329151,0.327859,-0.022540,-0.221418,0.249153,0.274044,-0.134785,0.087472,0.374981,0.354140,0.442100,0.314072,0.034485,0.057699,0.145064,0.037441,0.145337,0.166684,0.192388,0.167872,0.320120,0.370886,0.387979,0.247590,0.262022,0.440876,0.562682,0.379224,1.435539,1.077729,0.478970,0.648732,0.000000,0.696245,0.584197,0.646632,0.734964,0.501460,0.727369,0.515757,0.884236,0.757174,-0.048848,-0.064076,0.433640,0.180751,0.110060,0.072391,0.120919,0.151780,0.084396,0.038213,0.609349,0.640660,0.173364,0.263529,0.025290,0.182860,0.373036,0.068651,0.611818,0.293926,0.622321,0.600652,0.013202,-0.073500,0.052623,-0.108972,0.555488,-0.094516,0.203798,0.031255,0.314966,-0.041196,0.404250,0.440199
0.067711,-0.050986,0.117149,0.216737,0.216208,0.332130,0.178274,0.193359,0.253022,0.216089,0.180767,0.121395,0.217177,0.142192,0.451047,0.270973,0.255620,0.090524,0.154001,0.337648,0.038142,0.117104,0.235050,0.162087,0.566003,0.502355,0.208195,0.277428,0.414141,0.306332,0.334930,0.305038,0.390566,0.433744,0.515911,0.520188,0.173560,0.341833,-0.025943,0.240716,0.142397,0.163713,0.500293,0.764384,0.505803,0.608796,0.696245,0.000000,0.669495,0.542687,0.617419,0.594958,0.669334,0.655044,0.618108,0.603809,0.075156,0.015205,0.535448,0.239695,0.376753,0.110766,0.312383,0.181472,0.163411,0.256422,0.846151,0.833314,0.303466,0.382010,0.152918,0.178718,0.172864,0.069055,0.325534,0.279280,0.322264,0.472095,0.210840,0.113827,0.329382,0.221507,0.277607,0.352588,0.233257,0.222382,0.036415,0.051173,0.173871,0.430455
