0.000000,1.251146,0.640600,0.726006,0.260693,0.216679,0.732826,0.698907,0.376688,0.283056,0.754571,0.993272,0.727067,0.992829,0.516545,0.734027,0.702489,0.872466,1.035312,0.778008,0.507149,0.517088,0.525342,0.589429,0.368113,0.554751,0.201899,0.192346,0.439132,0.707322,0.545911,0.539781,1.000642,1.026785,0.375536,0.603630,0.605864,0.815686,0.356959,0.595748,0.523464,0.440671,0.757573,0.780868,0.624606,0.620859,0.553555,0.649898,0.684041,0.365367,0.645028,0.622926,0.726612,0.693206,0.594403,0.659267,1.176736,1.071732,0.630200,0.429112,0.813286,0.678292,0.535749,0.738558,0.374552,0.500578,0.501307,0.621177,0.703049,0.689304,0.259258,0.428854,0.500060,0.535480,0.617402,0.513848,0.684181,0.792430,0.298851,0.428867,0.668879,0.640596,0.430355,0.843187,0.860174,0.698715,0.281350,0.536245,0.646093,0.707107
1.251146,0.000000,0.473888,0.712795,0.276559,0.353296,0.568883,0.902044,0.417655,0.358853,0.467368,0.933900,0.590027,0.936745,0.335712,0.690119,0.472744,0.733041,0.731795,1.014204,0.388111,0.389852,0.363523,0.552290,0.275969,0.532459,0.270485,0.276923,0.237049,0.609709,0.319967,0.377552,0.766065,0.968812,0.351968,0.695110,0.581541,0.711734,0.433686,0.660199,0.423605,0.303481,1.048224,1.079964,0.949560,0.989490,0.829906,0.946855,0.959936,0.629632,0.784017,0.958644,0.956581,0.850135,0.763780,0.872854,1.114348,1.147964,0.683218,0.608902,0.836997,0.932741,0.418626,0.808476,0.295235,0.645328,0.483597,0.776632,0.950510,1.007432,0.198318,0.330980,0.375094,0.423728,0.500619,0.428318,0.757093,0.994126,0.237245,0.317235,0.617201,0.614397,0.315111,0.914587,0.693390,0.766698,0.286985,0.501334,0.776680,0.891264
0.640600,0.473888,0.000000,0.979162,0.577569,0.294616,1.277659,0.602166,0.919345,0.732812,0.922417,0.571691,0.615370,0.387594,0.870122,0.673444,0.378171,0.341107,0.864290,0.293279,0.443016,0.413348,1.810791,1.221738,1.024015,0.693812,0.523633,0.254219,0.219511,0.282005,0.867580,0.866384,0.773515,0.355312,1.173383,0.738545,0.573657,0.728520,0.447265,0.598624,0.560237,0.508071,0.537222,0.375273,0.358751,0.311097,0.389573,0.425660,0.401490,0.338092,0.744696,0.443622,0.613881,0.595744,0.423887,0.427174,0.369028,0.339098,0.399417,0.101127,0.411653,0.185748,0.086589,0.005085,1.219478,0.508434,0.806829,0.588018,0.705319,0.562423,0.346046,0.499012,0.410895,0.236487,0.584897,0.363691,0.690786,0.620318,0.262072,0.317276,0.180720,0.263878,0.585161,0.456622,1.163715,0.656874,0.552553,0.942864,0.720136,0.613615
0.726006,0.712795,0.979162,0.000000,0.523468,0.421546,0.917332,1.136334,0.750249,0.638079,0.658150,0.850939,0.500354,0.665760,0.628700,0.870804,0.475792,0.642265,0.795067,0.653077,0.387854,0.433280,0.876421,1.217567,0.548483,0.764497,0.364564,0.262607,0.327526,0.503764,0.653449,0.748576,0.853354,0.782942,0.629890,0.797861,0.510737,0.767201,0.312672,0.443591,0.541845,0.554202,0.639276,0.569218,0.485963,0.536972,0.624526,0.649478,0.650344,0.521124,0.677457,0.639702,0.640953,0.595822,0.442735,0.522615,0.606388,0.496834,0.486935,0.381373,0.517711,0.537766,0.257148,0.417200,0.704147,0.743568,0.582120,0.783092,0.711485,0.756249,0.243337,0.405055,0.461013,0.518934,0.593713,0.452052,0.612246,0.711426,0.233759,0.427113,0.432813,0.460479,0.454222,0.756864,0.983668,0.831737,0.409940,0.712995,0.658807,0.775889
0.260693,0.276559,0.577569,0.523468,0.000000,1.254110,0.626978,0.527148,1.328046,0.918491,0.443178,0.300309,0.445921,0.338549,0.699653,0.628786,0.296880,0.310526,0.375227,0.033747,0.204576,0.300954,0.516637,0.433479,0.668037,0.720196,0.951176,1.032878,0.222374,0.246612,0.398685,0.358737,0.394833,0.221025,0.521885,0.501771,0.403340,0.470636,0.056024,0.180249,0.394814,0.402924,0.249009,0.124332,0.090358,0.130920,0.075937,0.183201,0.086866,0.114085,0.364272,0.311177,0.237916,0.209469,0.097388,0.136370,0.013006,0.107555,0.309771,0.204875,0.369882,0.310225,0.038041,0.148113,0.472707,0.480350,0.575063,0.495871,0.301398,0.227194,0.176024,0.503377,0.366111,0.293293,0.490032,0.441817,0.345282,0.422072,0.169116,0.226123,0.075927,0.075854,0.386285,0.282416,0.447797,0.326734,0.284823,0.480369,0.354738,0.502015
0.216679,0.353296,0.294616,0.421546,1.254110,0.000000,0.342657,0.545837,0.993751,0.841818,0.260093,0.369960,0.388675,0.477029,0.516193,0.678272,0.253595,0.364766,0.221798,0.156021,0.181282,0.289685,0.238010,0.327754,0.404645,0.640322,1.012679,1.188899,0.235089,0.317719,0.172236,0.185362,0.204836,0.278365,0.243133,0.379254,0.394704,0.435792,0.048805,0.175234,0.309822,0.329193,0.270084,0.198254,0.190228,0.206352,0.170017,0.222575,0.145846,0.151720,0.263506,0.348210,0.222583,0.199969,0.130371,0.181080,0.095107,0.094799,0.235113,0.212627,0.357985,0.455693,0.011144,0.278528,0.175206,0.463644,0.274186,0.392421,0.251332,0.226059,0.131184,0.413061,0.334653,0.343189,0.445592,0.441051,0.305373,0.402825,0.137415,0.088802,0.153432,0.148482,0.284369,0.413221,0.326896,0.280394,0.211183,0.290627,0.310487,0.429947
0.732826,0.568883,1.277659,0.917332,0.626978,0.342657,0.000000,0.868623,0.771004,0.488820,0.692605,0.498821,0.820234,0.554313,0.597814,0.514733,0.478892,0.443031,0.862191,0.336110,0.444085,0.426123,0.994713,0.775419,0.610883,0.592904,0.405663,0.228084,0.378367,0.420672,0.661388,0.578104,0.919943,0.520319,0.772516,0.653128,0.593043,0.754620,0.361631,0.520030,0.500412,0.456803,0.623061,0.421482,0.390052,0.383772,0.421307,0.471795,0.531549,0.385038,0.882752,0.539455,0.656048,0.546575,0.315396,0.340055,0.470827,0.430725,0.688259,0.313310,0.684873,0.359587,0.329363,0.262842,0.735444,0.553775,1.000656,0.715142,0.701146,0.696797,0.333321,0.589959,0.434196,0.379670,0.627411,0.361257,0.740199,0.692605,0.230169,0.372296,0.353681,0.333026,0.508779,0.584162,0.828462,0.539056,0.343125,0.778498,0.659100,0.612449
0.698907,0.902044,0.602166,1.136334,0.527148,0.545837,0.868623,0.000000,0.625131,0.531392,0.417468,0.770946,0.651434,0.935849,0.333029,0.667553,0.446070,0.632214,0.563644,0.568383,0.317913,0.392030,0.463916,0.743675,0.247146,0.579303,0.314717,0.278800,0.244731,0.428769,0.263193,0.281310,0.603505,0.741085,0.404407,0.738761,0.456465,0.607801,0.281405,0.404062,0.316226,0.314630,0.731685,0.592167,0.526044,0.631811,0.675512,0.656703,0.757484,0.597919,0.816603,0.934690,0.716040,0.533871,0.355246,0.397465,0.619837,0.475183,0.811998,0.741968,0.860159,1.034808,0.370645,0.693543,0.402630,1.082602,0.608733,0.974401,0.686424,0.843393,0.244477,0.455613,0.359370,0.489178,0.549567,0.365866,0.667540,0.829561,0.111257,0.239537,0.402955,0.335687,0.274314,0.805095,0.567460,0.557811,0.230677,0.484009,0.680362,0.729910
0.376688,0.417655,0.919345,0.750249,1.328046,0.993751,0.771004,0.625131,0.000000,1.297316,0.670148,0.500043,0.633318,0.447059,0.975080,0.901545,0.302691,0.359216,0.460499,0.163253,0.249204,0.335506,0.793792,0.776444,0.882867,0.830081,1.018095,0.871243,0.159315,0.259226,0.490112,0.522046,0.422542,0.219981,0.729020,0.587172,0.594079,0.694152,0.268796,0.418881,0.505961,0.521532,0.353664,0.222114,0.220060,0.210696,0.179042,0.277412,0.199293,0.217483,0.525454,0.428318,0.386404,0.357724,0.245933,0.299524,0.128759,0.190479,0.385756,0.177833,0.453852,0.331285,0.032193,0.097448,0.740671,0.615410,0.628158,0.574545,0.496175,0.385854,0.221313,0.497944,0.392489,0.289266,0.584585,0.460539,0.534507,0.612067,0.198406,0.224898,0.090202,0.145566,0.500958,0.440946,0.698006,0.481436,0.444567,0.657348,0.593146,0.696557
0.283056,0.358853,0.732812,0.638079,0.918491,0.841818,0.488820,0.531392,1.297316,0.000000,0.569219,0.523791,0.443836,0.449114,0.811273,1.002900,0.173608,0.307489,0.355009,0.135382,0.129322,0.293653,0.742005,0.868326,0.830028,0.710485,0.890889,0.849338,-0.006798,0.119307,0.322381,0.425613,0.217571,0.111378,0.709148,0.650803,0.534331,0.553612,0.319117,0.426687,0.409147,0.436697,0.294249,0.226249,0.200715,0.243726,0.201077,0.305360,0.221237,0.277164,0.515596,0.510090,0.385701,0.390468,0.307632,0.328698,0.070367,0.112849,0.343066,0.212092,0.341154,0.357612,-0.090949,0.024030,0.667687,0.750557,0.524476,0.617630,0.422061,0.324908,0.144343,0.369413,0.291172,0.199791,0.456767,0.385105,0.470100,0.561131,0.126985,0.116972,-0.056581,0.021543,0.401040,0.365070,0.605446,0.429170,0.507944,0.592205,0.555278,0.679278
0.754571,0.467368,0.922417,0.658150,0.443178,0.260093,0.692605,0.417468,0.670148,0.569219,0.000000,0.900215,0.843436,0.576454,1.164020,0.874205,0.429850,0.409432,0.899370,0.352587,0.498308,0.442283,0.858066,0.750811,0.644474,0.494835,0.381963,0.285913,0.367367,0.302817,0.737907,0.696566,0.627090,0.413965,0.597111,0.503993,0.576653,0.596626,0.269729,0.404485,0.557946,0.609050,0.353446,0.323744,0.247712,0.225268,0.277276,0.249969,0.214737,0.171775,0.391610,0.295923,0.418706,0.344992,0.274098,0.316503,0.394973,0.302320,0.370053,0.076386,0.486607,0.306546,0.191188,0.148547,0.807499,0.473408,0.442872,0.403702,0.506378,0.272000,0.402690,0.530678,0.570737,0.391431,0.698260,0.554541,0.598219,0.508636,0.150449,0.304027,0.197596,0.194874,0.428136,0.374358,1.041920,0.528457,0.282222,0.457065,0.512072,0.444184
0.993272,0.933900,0.571691,0.850939,0.300309,0.369960,0.498821,0.770946,0.500043,0.523791,0.900215,0.000000,0.687199,1.133601,0.715661,1.221384,0.466199,0.751950,0.793634,0.780314,0.547808,0.592656,0.534469,0.846988,0.370760,0.603524,0.306896,0.288638,0.339260,0.550407,0.544178,0.617667,0.594110,0.864397,0.325853,0.667114,0.494758,0.625270,0.248041,0.436515,0.486155,0.588070,0.519314,0.592268,0.486197,0.481342,0.515136,0.459762,0.485352,0.257053,0.402705,0.517025,0.488450,0.440410,0.428949,0.484944,0.766954,0.528863,0.449026,0.274817,0.633754,0.796531,0.266640,0.624159,0.438906,0.750535,0.279755,0.573965,0.583925,0.486317,0.295513,0.450662,0.567149,0.570486,0.672085,0.625582,0.583937,0.642472,0.123408,0.136713,0.423258,0.468325,0.340313,0.740971,0.906873,0.804416,0.269753,0.348820,0.502900,0.562542
0.727067,0.590027,0.615370,0.500354,0.445921,0.388675,0.820234,0.651434,0.633318,0.443836,0.843436,0.687199,0.000000,0.914405,0.612072,0.659650,0.591601,0.555022,0.566712,0.267026,0.472668,0.418671,0.452404,0.476265,0.329525,0.426242,0.323452,0.305576,0.347823,0.392017,0.292733,0.239628,0.481646,0.453779,0.347105,0.430940,0.685909,0.687529,0.264623,0.445463,0.477399,0.469247,0.472606,0.363999,0.313728,0.312430,0.308929,0.289602,0.312545,0.182795,0.558102,0.443522,0.455793,0.302204,0.248498,0.259970,0.440008,0.367002,0.758741,0.306615,1.065468,0.588511,0.448196,0.477731,0.363465,0.580978,0.532266,0.492383,0.476837,0.395358,0.354987,0.548065,0.527047,0.485214,0.693222,0.535152,0.742765,0.679800,0.097480,0.165433,0.307453,0.230685,0.369757,0.547064,0.566021,0.310058,0.131444,0.306098,0.666700,0.455092
0.992829,0.936745,0.387594,0.665760,0.338549,0.477029,0.554313,0.935849,0.447059,0.449114,0.576454,1.133601,0.914405,0.000000,0.429924,0.906765,0.669293,0.896365,0.593450,0.527912,0.394093,0.495975,0.304574,0.568787,0.213174,0.599083,0.288130,0.381420,0.365550,0.587106,0.215715,0.224899,0.510033,0.822187,0.191666,0.597211,0.568375,0.722928,0.237666,0.422482,0.422755,0.397921,0.568227,0.612074,0.474175,0.557085,0.463353,0.518694,0.539828,0.327658,0.536161,0.643773,0.492303,0.403609,0.317531,0.399132,0.724201,0.539947,0.656628,0.463237,0.896265,1.046264,0.384592,0.834412,0.197176,0.858128,0.364093,0.685859,0.501629,0.488025,0.225245,0.492363,0.496734,0.666326,0.640633,0.535376,0.622131,0.806408,0.159661,0.257440,0.489588,0.390418,0.251427,0.800179,0.548694,0.447191,0.186766,0.322148,0.521989,0.557994
0.516545,0.335712,0.870122,0.628700,0.699653,0.516193,0.597814,0.333029,0.975080,0.811273,1.164020,0.715661,0.612072,0.429924,0.000000,1.090228,0.313768,0.392755,0.721218,0.231374,0.389841,0.449472,0.915804,0.723575,0.804155,0.593032,0.740521,0.576354,0.405944,0.368746,0.820137,0.851704,0.496100,0.288286,0.567976,0.394001,0.539793,0.617562,0.233647,0.359885,0.536038,0.635441,0.248584,0.230969,0.168601,0.110283,0.161577,0.189317,0.104225,0.112448,0.318180,0.225694,0.341736,0.308891,0.264960,0.310846,0.248336,0.243080,0.245183,0.030555,0.335211,0.171487,0.133834,0.080301,0.800362,0.335299,0.364276,0.286432,0.406337,0.234864,0.290782,0.486546,0.473991,0.343929,0.596365,0.500990,0.480058,0.400323,0.194233,0.207399,0.204683,0.298923,0.772500,0.440877,1.026519,0.574920,0.445496,0.486235,0.481870,0.493394
0.734027,0.690119,0.673444,0.870804,0.628786,0.678272,0.514733,0.667553,0.901545,1.002900,0.874205,1.221384,0.659650,0.906765,1.090228,0.000000,0.423336,0.694912,0.653576,0.485945,0.369892,0.485109,0.669725,0.927109,0.578084,0.767750,0.610764,0.623475,0.314498,0.521173,0.534542,0.643757,0.448855,0.515086,0.435877,0.601332,0.582303,0.732545,0.258296,0.424695,0.529508,0.634690,0.450846,0.492081,0.396647,0.394519,0.391164,0.455303,0.371427,0.287814,0.440485,0.521856,0.495331,0.479299,0.415293,0.476395,0.475900,0.422915,0.412307,0.247189,0.575866,0.635428,0.178275,0.430635,0.548587,0.724276,0.334222,0.531139,0.551662,0.447141,0.193216,0.424293,0.501625,0.526634,0.631423,0.605438,0.543043,0.655024,0.178689,0.221147,0.303616,0.355212,0.536573,0.740660,0.917177,0.652887,0.412744,0.490030,0.582455,0.700188
0.702489,0.472744,0.378171,0.475792,0.296880,0.253595,0.478892,0.446070,0.302691,0.173608,0.429850,0.466199,0.591601,0.669293,0.313768,0.423336,0.000000,1.066287,0.490020,0.301280,0.331671,0.365629,0.318625,0.378540,0.204104,0.419345,0.126440,0.180289,0.771224,0.907803,0.254796,0.263831,0.628100,0.705316,0.209442,0.320810,0.471841,0.754194,0.240019,0.434666,0.486647,0.340282,0.336856,0.319507,0.256704,0.282860,0.224190,0.330549,0.329530,0.199024,0.407852,0.328728,0.373199,0.346477,0.319471,0.354030,0.534769,0.526034,0.367353,0.242898,0.538405,0.355218,0.520093,0.568281,0.173809,0.308446,0.357172,0.374877,0.341037,0.320794,0.252696,0.448217,0.457860,0.628896,0.463296,0.427555,0.481133,0.602212,0.490473,0.472750,0.651212,0.541642,0.443157,0.589343,0.498346,0.338711,0.275759,0.437361,0.375480,0.471022
0.872466,0.733041,0.341107,0.642265,0.310526,0.364766,0.443031,0.632214,0.359216,0.307489,0.409432,0.751950,0.555022,0.896365,0.392755,0.694912,1.066287,0.000000,0.619168,0.630377,0.386416,0.433957,0.322977,0.450372,0.103853,0.384134,0.141303,0.196802,0.666721,1.054782,0.315786,0.369930,0.667302,0.913373,0.130058,0.390316,0.505048,0.799351,0.257610,0.432653,0.518924,0.453191,0.441252,0.482030,0.373619,0.416691,0.362749,0.493646,0.492771,0.312461,0.417912,0.524534,0.502552,0.516153,0.446091,0.541828,0.829354,0.764114,0.513897,0.435388,0.649440,0.637207,0.648517,0.941101,0.160679,0.424526,0.281089,0.447364,0.500690,0.533178,0.288888,0.452353,0.544883,0.746391,0.596231,0.514184,0.550171,0.722677,0.402313,0.396307,0.781427,0.763716,0.507233,0.925834,0.556283,0.509309,0.314977,0.414156,0.457653,0.640712
1.035312,0.731795,0.864290,0.795067,0.375227,0.221798,0.862191,0.563644,0.460499,0.355009,0.899370,0.793634,0.566712,0.593450,0.721218,0.653576,0.490020,0.619168,0.000000,0.786315,0.554713,0.475948,0.874471,0.691894,0.461371,0.404774,0.275093,0.149757,0.459007,0.555189,0.764295,0.695715,1.046613,0.777191,0.515088,0.553061,0.593800,0.647022,0.343840,0.485432,0.533243,0.494208,0.551899,0.556761,0.467567,0.463351,0.449898,0.504453,0.491278,0.345466,0.488555,0.434457,0.605856,0.633773,0.469805,0.526587,0.742807,0.634149,0.414069,0.241446,0.457285,0.384298,0.324031,0.360332,0.590302,0.388944,0.500985,0.498970,0.813386,0.647469,0.393344,0.472547,0.560710,0.442708,0.643382,0.496414,0.679555,0.576216,0.266424,0.353388,0.525648,0.543802,0.496037,0.611245,1.024487,0.642169,0.274835,0.599548,0.586126,0.518095
0.778008,1.014204,0.293279,0.653077,0.033747,0.156021,0.336110,0.568383,0.163253,0.135382,0.352587,0.780314,0.267026,0.527912,0.231374,0.485945,0.301280,0.630377,0.786315,0.000000,0.373980,0.262779,0.254489,0.429755,0.087374,0.248802,0.064903,0.023836,0.317069,0.613247,0.338179,0.407500,0.670871,0.934856,0.146550,0.421050,0.407195,0.441292,0.309046,0.422043,0.377063,0.335779,0.594696,0.661243,0.645298,0.616375,0.655652,0.613329,0.674162,0.409830,0.350031,0.528757,0.595017,0.611561,0.579201,0.623968,1.053501,0.819839,0.335720,0.353165,0.412883,0.555317,0.364478,0.628764,0.121705,0.323793,0.174473,0.437926,0.768245,0.793091,0.220744,0.122452,0.361316,0.415283,0.390765,0.393597,0.530226,0.544124,0.203539,0.202203,0.722041,0.773337,0.250754,0.754682,0.596150,0.726329,0.146655,0.270408,0.427939,0.518136
0.507149,0.388111,0.443016,0.387854,0.204576,0.181282,0.444085,0.317913,0.249204,0.129322,0.498308,0.547808,0.472668,0.394093,0.389841,0.369892,0.331671,0.386416,0.554713,0.373980,0.000000,1.119793,0.401453,0.368906,0.251430,0.296383,0.198053,0.078210,0.411447,0.399141,0.563532,0.483651,0.531568,0.558908,0.239880,0.291730,0.332305,0.394298,0.201618,0.299429,0.502726,0.515166,0.338134,0.300664,0.305797,0.205059,0.292773,0.156659,0.286914,0.082188,0.196478,0.135323,0.269387,0.175413,0.157788,0.178400,0.490675,0.270973,0.208551,-0.023343,0.307128,0.216510,0.197253,0.267585,0.196438,0.160079,0.191315,0.170968,0.314118,0.246642,0.793763,0.740474,0.839307,0.580355,0.692605,0.591673,0.446797,0.277376,0.177573,0.075871,0.405401,0.387498,0.262288,0.372959,0.528613,0.412056,0.070190,0.204215,0.255000,0.094457
0.517088,0.389852,0.413348,0.433280,0.300954,0.289685,0.426123,0.392030,0.335506,0.293653,0.442283,0.592656,0.418671,0.495975,0.449472,0.485109,0.365629,0.433957,0.475948,0.262779,1.119793,0.000000,0.410025,0.440271,0.301306,0.396611,0.248232,0.232529,0.392719,0.463251,0.510938,0.491129,0.457377,0.536291,0.299171,0.401506,0.404351,0.486186,0.136957,0.309993,0.505769,0.609144,0.338651,0.352034,0.310466,0.252469,0.307031,0.206083,0.349210,0.158700,0.304955,0.222005,0.264104,0.212981,0.168386,0.218830,0.432291,0.285395,0.288534,0.089982,0.302429,0.277933,0.126789,0.272428,0.214123,0.304759,0.283042,0.314380,0.224456,0.197750,0.609028,0.933171,0.809988,0.671612,0.751001,0.636708,0.403397,0.324101,0.201425,0.058515,0.329629,0.330428,0.287227,0.398278,0.498067,0.423453,0.126870,0.217687,0.200936,0.185101
0.525342,0.363523,1.810791,0.876421,0.516637,0.238010,0.994713,0.463916,0.793792,0.742005,0.858066,0.534469,0.452404,0.304574,0.915804,0.669725,0.318625,0.322977,0.874471,0.254489,0.401453,0.410025,0.000000,1.269821,1.050849,0.622673,0.480048,0.223327,0.198598,0.247090,0.942686,0.973449,0.704207,0.309830,1.158514,0.714879,0.535081,0.649789,0.432487,0.550151,0.540462,0.498581,0.429997,0.321545,0.294308,0.263464,0.314597,0.382130,0.339194,0.315279,0.621992,0.370684,0.536060,0.562206,0.383065,0.395186,0.302257,0.267146,0.311560,0.040512,0.275327,0.096995,0.048946,-0.071233,1.267325,0.441757,0.702936,0.509090,0.661392,0.477725,0.360336,0.477588,0.374397,0.203963,0.515698,0.338033,0.608791,0.510640,0.228238,0.278319,0.123813,0.242155,0.585208,0.391100,1.091533,0.616210,0.557031,0.898094,0.625456,0.552926
0.589429,0.552290,1.221738,1.217567,0.433479,0.327754,0.775419,0.743675,0.776444,0.868326,0.750811,0.846988,0.476265,0.568787,0.723575,0.927109,0.378540,0.450372,0.691894,0.429755,0.368906,0.440271,1.269821,0.000000,0.795321,0.769371,0.427377,0.261404,0.112506,0.295548,0.619137,0.753128,0.562402,0.447067,0.866021,0.920680,0.469182,0.666708,0.373679,0.502469,0.459091,0.497010,0.514956,0.449324,0.420645,0.446130,0.511985,0.525274,0.504078,0.448761,0.652239,0.531805,0.571220,0.595088,0.444259,0.473992,0.420127,0.285664,0.377875,0.182354,0.401034,0.394579,0.008958,0.105952,0.925662,0.813240,0.569434,0.729835,0.689586,0.585828,0.235837,0.407330,0.377763,0.305528,0.519077,0.391089,0.573848,0.632222,0.198582,0.236400,0.167280,0.271976,0.423472,0.535684,1.088614,0.767211,0.570018,0.815640,0.658068,0.688921
0.368113,0.275969,1.024015,0.548483,0.668037,0.404645,0.610883,0.247146,0.882867,0.830028,0.644474,0.370760,0.329525,0.213174,0.804155,0.578084,0.204104,0.103853,0.461371,0.087374,0.251430,0.301306,1.050849,0.795321,0.000000,1.069560,0.817946,0.630202,0.086412,0.116058,0.813707,0.802043,0.508440,0.163371,1.199086,0.715921,0.469692,0.491493,0.356940,0.483924,0.496750,0.391307,0.347771,0.231463,0.223120,0.182424,0.132589,0.243313,0.124592,0.082482,0.453507,0.230395,0.288527,0.362417,0.301277,0.279000,0.084195,0.178252,0.109296,-0.101019,0.147886,-0.025975,-0.145684,-0.203837,0.929151,0.349647,0.656748,0.484831,0.378357,0.216906,0.145977,0.269922,0.243425,0.093662,0.386310,0.344531,0.399190,0.417352,0.301635,0.326810,0.020450,0.118949,0.446918,0.192330,0.724370,0.505228,0.536744,0.720651,0.398648,0.458721
0.554751,0.532459,0.693812,0.764497,0.720196,0.640322,0.592904,0.579303,0.830081,0.710485,0.494835,0.603524,0.426242,0.599083,0.593032,0.767750,0.419345,0.384134,0.404774,0.248802,0.296383,0.396611,0.622673,0.769371,1.069560,0.000000,0.745854,0.764447,0.221094,0.389841,0.659970,0.674917,0.622336,0.492771,0.759296,0.888181,0.436772,0.636105,0.220256,0.389274,0.458957,0.383723,0.503968,0.423122,0.356283,0.371646,0.268158,0.389654,0.264406,0.143404,0.469660,0.366429,0.322949,0.349229,0.300270,0.324124,0.291371,0.352591,0.242272,0.116318,0.384317,0.359558,-0.004208,0.204868,0.603217,0.603690,0.598881,0.696240,0.398006,0.333694,0.040426,0.277822,0.322637,0.350913,0.462367,0.464011,0.378888,0.608126,0.412922,0.466478,0.257646,0.280012,0.377868,0.449073,0.687853,0.641810,0.510711,0.646249,0.403971,0.607419
0.201899,0.270485,0.523633,0.364564,0.951176,1.012679,0.405663,0.314717,1.018095,0.890889,0.381963,0.306896,0.323452,0.288130,0.740521,0.610764,0.126440,0.141303,0.275093,0.064903,0.198053,0.248232,0.480048,0.427377,0.817946,0.745854,0.000000,1.245244,0.154061,0.167188,0.385534,0.392069,0.265080,0.130710,0.535215,0.411249,0.400400,0.437919,0.206923,0.305839,0.349989,0.343968,0.259946,0.173496,0.177834,0.157252,0.120678,0.162466,0.068065,0.112250,0.336115,0.252532,0.206574,0.211541,0.175045,0.189635,0.001176,0.097991,0.136738,0.047749,0.213695,0.123757,-0.081179,-0.026779,0.432029,0.313976,0.408454,0.391095,0.303097,0.201286,0.086957,0.328354,0.284634,0.159036,0.392190,0.351782,0.286649,0.327751,0.170932,0.146232,0.104202,0.154842,0.470462,0.272138,0.499165,0.415134,0.391993,0.491277,0.376667,0.469746
0.192346,0.276923,0.254219,0.262607,1.032878,1.188899,0.228084,0.278800,0.871243,0.849338,0.285913,0.288638,0.305576,0.381420,0.576354,0.623475,0.180289,0.196802,0.149757,0.023836,0.078210,0.232529,0.223327,0.261404,0.630202,0.764447,1.245244,0.000000,0.092801,0.186948,0.191613,0.207067,0.168601,0.155117,0.329430,0.393222,0.340711,0.392740,0.015737,0.150129,0.254707,0.248093,0.160096,0.139046,0.109176,0.143197,0.010971,0.122050,-0.004061,0.028064,0.222393,0.220535,0.098040,0.100986,0.100099,0.136595,-0.047368,0.120522,0.159275,0.146637,0.265062,0.263507,-0.053601,0.120026,0.209964,0.380167,0.324490,0.393162,0.171379,0.101730,0.001523,0.295674,0.196881,0.216692,0.314442,0.340730,0.187575,0.327753,0.144096,0.191628,0.059615,0.073053,0.300629,0.232340,0.290199,0.265261,0.280280,0.291280,0.265457,0.445997
0.439132,0.237049,0.219511,0.327526,0.222374,0.235089,0.378367,0.244731,0.159315,-0.006798,0.367367,0.339260,0.347823,0.365550,0.405944,0.314498,0.771224,0.666721,0.459007,0.317069,0.411447,0.392719,0.198598,0.112506,0.086412,0.221094,0.154061,0.092801,0.000000,1.109851,0.463258,0.391395,0.584171,0.639743,0.035940,0.056040,0.404987,0.515859,0.213893,0.290396,0.454858,0.456970,0.227100,0.234227,0.198619,0.147149,0.185954,0.188428,0.233515,0.123601,0.215742,0.167795,0.272192,0.211494,0.230290,0.245147,0.433674,0.349923,0.216742,0.150456,0.257752,0.088768,0.542990,0.442670,0.039118,-0.037780,0.191681,0.128682,0.163448,0.181035,0.244797,0.361715,0.538261,0.698171,0.470044,0.388973,0.357522,0.293738,0.563170,0.383140,0.906459,0.751918,0.609361,0.573920,0.450588,0.356127,0.147441,0.229807,0.169683,0.221187
0.707322,0.609709,0.282005,0.503764,0.246612,0.317719,0.420672,0.428769,0.259226,0.119307,0.302817,0.550407,0.392017,0.587106,0.368746,0.521173,0.907803,1.054782,0.555189,0.613247,0.399141,0.463251,0.247090,0.295548,0.116058,0.389841,0.167188,0.186948,1.109851,0.000000,0.431052,0.472587,0.696901,0.868011,0.080241,0.231074,0.521528,0.780853,0.330879,0.495493,0.552085,0.505102,0.443338,0.489600,0.432009,0.371663,0.352035,0.451676,0.467939,0.260504,0.343909,0.338837,0.477961,0.464702,0.495993,0.529190,0.745416,0.737361,0.326529,0.280796,0.416491,0.323791,0.560917,0.690899,0.041127,0.136384,0.232070,0.291343,0.407316,0.477224,0.173553,0.312164,0.502908,0.688421,0.469794,0.423711,0.469726,0.542631,0.683620,0.460320,1.152092,1.100619,0.686060,1.035996,0.567263,0.569019,0.350046,0.405138,0.354631,0.514832
0.545911,0.319967,0.867580,0.653449,0.398685,0.172236,0.661388,0.263193,0.490112,0.322381,0.737907,0.544178,0.292733,0.215715,0.820137,0.534542,0.254796,0.315786,0.764295,0.338179,0.563532,0.510938,0.942686,0.619137,0.813707,0.659970,0.385534,0.191613,0.463258,0.431052,0.000000,1.733324,0.886785,0.535435,0.638443,0.432015,0.362882,0.482799,0.225209,0.345941,0.505828,0.563980,0.353189,0.327378,0.283488,0.176781,0.207078,0.241178,0.200475,0.053709,0.248488,0.116676,0.306944,0.356299,0.305999,0.343571,0.379469,0.366725,0.087596,-0.100801,0.155402,-0.000766,0.145166,0.096529,0.761143,0.106878,0.384825,0.229309,0.365276,0.239686,0.301991,0.350856,0.440966,0.300305,0.503956,0.407617,0.346944,0.269164,0.330735,0.354666,0.367092,0.487727,0.600941,0.363112,0.891269,0.710717,0.414014,0.526628,0.287098,0.307676
0.539781,0.377552,0.866384,0.748576,0.358737,0.185362,0.578104,0.281310,0.522046,0.425613,0.696566,0.617667,0.239628,0.224899,0.851704,0.643757,0.263831,0.369930,0.695715,0.407500,0.483651,0.491129,0.973449,0.753128,0.802043,0.674917,0.392069,0.207067,0.391395,0.472587,1.733324,0.000000,0.818313,0.534810,0.653034,0.465736,0.332440,0.526559,0.267720,0.402708,0.498339,0.572368,0.370112,0.384359,0.339476,0.234496,0.267902,0.321065,0.283704,0.132095,0.294370,0.170684,0.360209,0.439498,0.401316,0.474323,0.411839,0.416085,0.095270,-0.076078,0.150169,0.016975,0.126625,0.094065,0.810038,0.153867,0.359821,0.273985,0.400446,0.313948,0.258148,0.332003,0.400185,0.264356,0.433368,0.371011,0.320756,0.285891,0.357571,0.345673,0.347033,0.538831,0.623880,0.422849,0.992711,0.884257,0.516310,0.563971,0.335325,0.437652
1.000642,0.766065,0.773515,0.853354,0.394833,0.204836,0.919943,0.603505,0.422542,0.217571,0.627090,0.594110,0.481646,0.510033,0.496100,0.448855,0.628100,0.667302,1.046613,0.670871,0.531568,0.457377,0.704207,0.562402,0.508440,0.622336,0.265080,0.168601,0.584171,0.696901,0.886785,0.818313,0.000000,1.127083,0.604433,0.662804,0.597778,0.836775,0.391086,0.581866,0.624326,0.427854,0.698535,0.610551,0.529397,0.535591,0.452763,0.561300,0.554164,0.328050,0.626934,0.470620,0.623734,0.578771,0.508176,0.567505,0.784600,0.865027,0.474220,0.326749,0.546044,0.309600,0.577809,0.488375,0.519187,0.276426,0.739061,0.638950,0.742459,0.707438,0.323391,0.411032,0.478886,0.466896,0.577847,0.426743,0.655041,0.697357,0.492056,0.661804,0.755491,0.757021,0.527175,0.661774,0.906746,0.872126,0.351027,0.690231,0.586551,0.693972
1.026785,0.968812,0.355312,0.782942,0.221025,0.278365,0.520319,0.741085,0.219981,0.111378,0.413965,0.864397,0.453779,0.822187,0.288286,0.515086,0.705316,0.913373,0.777191,0.934856,0.558908,0.536291,0.309830,0.447067,0.163371,0.492771,0.130710,0.155117,0.639743,0.868011,0.535435,0.534810,1.127083,0.000000,0.167185,0.527444,0.492403,0.697105,0.238167,0.435524,0.492866,0.444846,0.666858,0.731300,0.636676,0.667443,0.592476,0.594940,0.696947,0.340004,0.448230,0.538549,0.535176,0.457475,0.492906,0.589452,1.023808,0.849151,0.491401,0.453279,0.624885,0.621239,0.651823,0.991765,0.144373,0.356610,0.352230,0.559662,0.562892,0.615763,0.283751,0.373676,0.541271,0.674418,0.569689,0.508318,0.537718,0.611638,0.310390,0.372612,0.944753,0.903175,0.347072,0.816947,0.645057,0.802562,0.162113,0.343564,0.454550,0.542505
0.375536,0.351968,1.173383,0.629890,0.521885,0.243133,0.772516,0.404407,0.729020,0.709148,0.597111,0.325853,0.347105,0.191666,0.567976,0.435877,0.209442,0.130058,0.515088,0.146550,0.239880,0.299171,1.158514,0.866021,1.199086,0.759296,0.535215,0.329430,0.035940,0.080241,0.638443,0.653034,0.604433,0.167185,0.000000,1.062118,0.460483,0.493356,0.440759,0.551703,0.381755,0.234904,0.530504,0.352505,0.338742,0.339828,0.321503,0.407310,0.323450,0.352319,0.821668,0.468199,0.535978,0.557072,0.407450,0.370824,0.172150,0.281296,0.315546,0.108307,0.263541,0.071509,-0.036625,-0.184454,1.140163,0.489234,1.007523,0.729764,0.604890,0.444531,0.251689,0.355545,0.186257,0.055362,0.356960,0.224745,0.568396,0.579582,0.272675,0.320250,-0.016674,0.084857,0.379726,0.231758,0.743161,0.550420,0.533331,0.856885,0.614689,0.609796
0.603630,0.695110,0.738545,0.797861,0.501771,0.379254,0.653128,0.738761,0.587172,0.650803,0.503993,0.667114,0.430940,0.597211,0.394001,0.601332,0.320810,0.390316,0.553061,0.421050,0.291730,0.401506,0.714879,0.920680,0.715921,0.888181,0.411249,0.393222,0.056040,0.231074,0.432015,0.465736,0.662804,0.527444,1.062118,0.000000,0.427034,0.547602,0.297019,0.451951,0.349850,0.269931,0.693737,0.575161,0.504525,0.627757,0.535114,0.622328,0.547068,0.467663,0.851769,0.705993,0.591433,0.598678,0.457026,0.459001,0.436353,0.450905,0.537382,0.396410,0.538220,0.542958,0.083216,0.210740,0.658415,0.903771,0.916380,1.206135,0.683150,0.602986,0.200712,0.350958,0.276048,0.258953,0.429043,0.359998,0.632944,0.776780,0.250622,0.309185,0.151074,0.215930,0.203895,0.424071,0.714309,0.737062,0.405036,0.690853,0.634801,0.778330
0.605864,0.581541,0.573657,0.510737,0.403340,0.394704,0.593043,0.456465,0.594079,0.534331,0.576653,0.494758,0.685909,0.568375,0.539793,0.582303,0.471841,0.505048,0.593800,0.407195,0.332305,0.404351,0.535081,0.469182,0.469692,0.436772,0.400400,0.340711,0.404987,0.521528,0.362882,0.332440,0.597778,0.492403,0.460483,0.427034,0.000000,0.984934,0.916632,1.060815,1.026775,0.671477,0.585964,0.504495,0.494055,0.449285,0.357819,0.513337,0.409940,0.337959,0.594717,0.513178,0.600818,0.523363,0.557670,0.541173,0.475347,0.521621,0.502550,0.265104,0.492100,0.284389,0.384397,0.318250,0.321881,0.321280,0.567636,0.495021,0.662319,0.539423,0.277976,0.373985,0.540815,0.444500,0.710043,0.541656,0.999477,0.888474,0.374578,0.352176,0.446005,0.408892,0.608816,0.741605,0.544088,0.403464,0.323878,0.524813,0.674856,0.621351
0.815686,0.711734,0.728520,0.767201,0.470636,0.435792,0.754620,0.607801,0.694152,0.553612,0.596626,0.625270,0.687529,0.722928,0.617562,0.732545,0.754194,0.799351,0.647022,0.441292,0.394298,0.486186,0.649789,0.666708,0.491493,0.636105,0.437919,0.392740,0.515859,0.780853,0.482799,0.526559,0.836775,0.697105,0.493356,0.547602,0.984934,0.000000,0.529227,0.821434,0.892097,0.719279,0.572180,0.540883,0.490201,0.481916,0.354191,0.545765,0.534093,0.418389,0.685489,0.545577,0.650517,0.618863,0.525579,0.641505,0.645806,0.708626,0.519545,0.298183,0.580135,0.358138,0.436249,0.425085,0.400435,0.393862,0.587232,0.563979,0.662512,0.635030,0.192490,0.485450,0.541570,0.613385,0.700026,0.548761,0.794598,1.013781,0.470583,0.547885,0.621554,0.621844,0.683951,0.918843,0.781892,0.622983,0.508210,0.784025,0.691008,0.833007
0.356959,0.433686,0.447265,0.312672,0.056024,0.048805,0.361631,0.281405,0.268796,0.319117,0.269729,0.248041,0.264623,0.237666,0.233647,0.258296,0.240019,0.257610,0.343840,0.309046,0.201618,0.136957,0.432487,0.373679,0.356940,0.220256,0.206923,0.015737,0.213893,0.330879,0.225209,0.267720,0.391086,0.238167,0.440759,0.297019,0.916632,0.529227,0.000000,1.509876,0.617651,0.330765,0.565471,0.460152,0.525485,0.435507,0.329565,0.541728,0.450718,0.413147,0.534786,0.471112,0.549458,0.548907,0.593697,0.531006,0.361099,0.417250,0.289914,0.196989,0.215787,0.065852,0.255514,0.073031,0.289753,0.173029,0.431125,0.388740,0.532218,0.544681,0.162900,0.068537,0.189442,0.045672,0.263034,0.121001,0.667444,0.578575,0.450798,0.316895,0.311464,0.321566,0.542774,0.635570,0.380922,0.354901,0.469093,0.612912,0.618472,0.513741
0.595748,0.660199,0.598624,0.443591,0.180249,0.175234,0.520030,0.404062,0.418881,0.426687,0.404485,0.436515,0.445463,0.422482,0.359885,0.424695,0.434666,0.432653,0.485432,0.422043,0.299429,0.309993,0.550151,0.502469,0.483924,0.389274,0.305839,0.150129,0.290396,0.495493,0.345941,0.402708,0.581866,0.435524,0.551703,0.451951,1.060815,0.821434,1.509876,0.000000,0.739076,0.426675,0.698241,0.574604,0.634152,0.523233,0.398780,0.608101,0.568418,0.419975,0.672297,0.576900,0.648816,0.656244,0.665464,0.682173,0.529254,0.590003,0.387859,0.231234,0.377704,0.183908,0.323970,0.215028,0.338297,0.280819,0.551083,0.522302,0.634573,0.648837,0.152844,0.199202,0.268860,0.159659,0.342516,0.207782,0.772946,0.728536,0.476192,0.325143,0.412321,0.439433,0.549484,0.765917,0.561629,0.515226,0.451461,0.695070,0.733993,0.694490
0.523464,0.423605,0.560237,0.541845,0.394814,0.309822,0.500412,0.316226,0.505961,0.409147,0.557946,0.486155,0.477399,0.422755,0.536038,0.529508,0.486647,0.518924,0.533243,0.377063,0.502726,0.505769,0.540462,0.459091,0.496750,0.458957,0.349989,0.254707,0.454858,0.552085,0.505828,0.498339,0.624326,0.492866,0.381755,0.349850,1.026775,0.892097,0.617651,0.739076,0.000000,1.153055,0.423212,0.357942,0.318255,0.282724,0.291664,0.400402,0.291327,0.196347,0.346046,0.263000,0.401957,0.406419,0.365708,0.413903,0.463538,0.425742,0.259986,0.012429,0.267744,0.106193,0.260269,0.241216,0.318553,0.157254,0.367145,0.292721,0.489186,0.389455,0.348689,0.419844,0.925381,0.669762,0.832069,0.801303,0.621896,0.589147,0.430553,0.460094,0.519869,0.477751,0.576153,0.578626,0.608423,0.501937,0.334629,0.537953,0.393392,0.449733
0.440671,0.303481,0.508071,0.554202,0.402924,0.329193,0.456803,0.314630,0.521532,0.436697,0.609050,0.588070,0.469247,0.397921,0.635441,0.634690,0.340282,0.453191,0.494208,0.335779,0.515166,0.609144,0.498581,0.497010,0.391307,0.383723,0.343968,0.248093,0.456970,0.505102,0.563980,0.572368,0.427854,0.444846,0.234904,0.269931,0.671477,0.719279,0.330765,0.426675,1.153055,0.000000,0.250095,0.256614,0.222817,0.197681,0.222682,0.243982,0.240608,0.127874,0.200696,0.156867,0.226307,0.270110,0.218857,0.278635,0.361320,0.249636,0.234018,-0.011893,0.239100,0.156799,0.125248,0.212682,0.302570,0.221346,0.237019,0.237316,0.289883,0.228889,0.259113,0.448560,1.038832,0.772943,0.912663,0.986841,0.391143,0.363788,0.237078,0.263274,0.379494,0.384546,0.501759,0.481695,0.582143,0.450110,0.255517,0.390241,0.214927,0.276297
0.757573,1.048224,0.537222,0.639276,0.249009,0.270084,0.623061,0.731685,0.353664,0.294249,0.353446,0.519314,0.472606,0.568227,0.248584,0.450846,0.336856,0.441252,0.551899,0.594696,0.338134,0.338651,0.429997,0.514956,0.347771,0.503968,0.259946,0.160096,0.227100,0.443338,0.353189,0.370112,0.698535,0.666858,0.530504,0.693737,0.585964,0.572180,0.565471,0.698241,0.423212,0.250095,0.000000,1.636771,1.576100,1.450865,1.338551,1.505149,1.250916,0.976700,1.010572,0.948114,1.145861,1.047732,0.954945,1.037562,0.730006,0.768117,0.595352,0.515921,0.591995,0.532507,0.305486,0.415861,0.352093,0.459362,0.629970,0.719925,0.779359,0.919907,0.152814,0.272883,0.307236,0.264507,0.438714,0.305692,0.751874,0.826896,0.263819,0.350882,0.430105,0.435305,0.392229,0.756803,0.576398,0.572974,0.367170,0.601580,0.765536,0.675856
0.780868,1.079964,0.375273,0.569218,0.124332,0.198254,0.421482,0.592167,0.222114,0.226249,0.323744,0.592268,0.363999,0.612074,0.230969,0.492081,0.319507,0.482030,0.556761,0.661243,0.300664,0.352034,0.321545,0.449324,0.231463,0.423122,0.173496,0.139046,0.234227,0.489600,0.327378,0.384359,0.610551,0.731300,0.352505,0.575161,0.504495,0.540883,0.460152,0.574604,0.357942,0.256614,1.636771,0.000000,1.738002,1.670550,1.286651,1.578425,1.295421,0.999617,0.772052,0.851070,1.002102,1.037527,0.985248,1.204743,0.803444,0.854000,0.473169,0.471219,0.490089,0.563487,0.254014,0.479608,0.269582,0.405633,0.396397,0.570161,0.695620,0.795256,0.074035,0.227488,0.298374,0.285841,0.392234,0.296247,0.604964,0.712168,0.218838,0.349223,0.456643,0.475060,0.338349,0.720271,0.530543,0.542301,0.318532,0.487834,0.601394,0.588643
0.624606,0.949560,0.358751,0.485963,0.090358,0.190228,0.390052,0.526044,0.220060,0.200715,0.247712,0.486197,0.313728,0.474175,0.168601,0.396647,0.256704,0.373619,0.467567,0.645298,0.305797,0.310466,0.294308,0.420645,0.223120,0.356283,0.177834,0.109176,0.198619,0.432009,0.283488,0.339476,0.529397,0.636676,0.338742,0.504525,0.494055,0.490201,0.525485,0.634152,0.318255,0.222817,1.576100,1.738002,0.000000,1.726318,1.260735,1.395797,1.311997,1.009598,0.729960,0.770602,0.963307,0.974070,0.993157,1.170846,0.715424,0.710469,0.420967,0.391907,0.440183,0.453914,0.221726,0.363599,0.218194,0.317558,0.369891,0.503755,0.651383,0.789378,0.105106,0.206459,0.256560,0.201948,0.334932,0.234701,0.608281,0.654242,0.199545,0.238401,0.427703,0.477063,0.331896,0.697354,0.484838,0.517143,0.325079,0.488328,0.592065,0.536556
0.620859,0.989490,0.311097,0.536972,0.130920,0.206352,0.383772,0.631811,0.210696,0.243726,0.225268,0.481342,0.312430,0.557085,0.110283,0.394519,0.282860,0.416691,0.463351,0.616375,0.205059,0.252469,0.263464,0.446130,0.182424,0.371646,0.157252,0.143197,0.147149,0.371663,0.176781,0.234496,0.535591,0.667443,0.339828,0.627757,0.449285,0.481916,0.435507,0.523233,0.282724,0.197681,1.450865,1.670550,1.726318,0.000000,1.278743,1.568748,1.320595,1.209197,0.835250,0.919753,0.952727,0.992848,0.897011,1.084565,0.677905,0.696839,0.517920,0.554363,0.499477,0.596942,0.210206,0.417409,0.223993,0.491480,0.467591,0.714758,0.722528,0.850615,0.028964,0.201426,0.254630,0.266904,0.347807,0.252758,0.562499,0.734193,0.194702,0.353228,0.399113,0.384382,0.223244,0.614864,0.438735,0.486409,0.292537,0.514973,0.606192,0.627027
0.553555,0.829906,0.389573,0.624526,0.075937,0.170017,0.421307,0.675512,0.179042,0.201077,0.277276,0.515136,0.308929,0.463353,0.161577,0.391164,0.224190,0.362749,0.449898,0.655652,0.292773,0.307031,0.314597,0.511985,0.132589,0.268158,0.120678,0.010971,0.185954,0.352035,0.207078,0.267902,0.452763,0.592476,0.321503,0.535114,0.357819,0.354191,0.329565,0.398780,0.291664,0.222682,1.338551,1.286651,1.260735,1.278743,0.000000,1.345385,1.258500,1.144650,0.788940,0.841051,1.021153,0.885630,0.874622,0.919487,0.696064,0.551523,0.469804,0.475261,0.428481,0.505548,0.190906,0.357368,0.251812,0.416609,0.341970,0.535116,0.684411,0.823625,0.176000,0.242394,0.342703,0.310408,0.402466,0.273690,0.601521,0.579558,0.101731,0.161021,0.374110,0.397021,0.238997,0.581458,0.528312,0.528507,0.244011,0.382397,0.586073,0.484989
0.649898,0.946855,0.425660,0.649478,0.183201,0.222575,0.471795,0.656703,0.277412,0.305360,0.249969,0.459762,0.289602,0.518694,0.189317,0.455303,0.330549,0.493646,0.504453,0.613329,0.156659,0.206083,0.382130,0.525274,0.243313,0.389654,0.162466,0.122050,0.188428,0.451676,0.241178,0.321065,0.561300,0.594940,0.407310,0.622328,0.513337,0.545765,0.541728,0.608101,0.400402,0.243982,1.505149,1.578425,1.395797,1.568748,1.345385,0.000000,1.375124,1.334889,0.929167,1.017158,1.209661,1.338368,1.064612,1.277927,0.726843,0.780458,0.523752,0.559799,0.459133,0.521310,0.238292,0.397344,0.302207,0.453969,0.479001,0.652255,0.771686,0.946909,0.047399,0.179322,0.261442,0.266534,0.361753,0.245250,0.667631,0.800296,0.292447,0.459117,0.419723,0.433917,0.362465,0.741609,0.500946,0.520643,0.429368,0.647456,0.672255,0.741665
0.684041,0.959936,0.401490,0.650344,0.086866,0.145846,0.531549,0.757484,0.199293,0.221237,0.214737,0.485352,0.312545,0.539828,0.104225,0.371427,0.329530,0.492771,0.491278,0.674162,0.286914,0.349210,0.339194,0.504078,0.124592,0.264406,0.068065,-0.004061,0.233515,0.467939,0.200475,0.283704,0.554164,0.696947,0.323450,0.547068,0.409940,0.534093,0.450718,0.568418,0.291327,0.240608,1.250916,1.295421,1.311997,1.320595,1.258500,1.375124,0.000000,1.271616,1.006512,1.123383,1.166497,1.054754,0.848490,1.000692,0.816925,0.745748,0.673001,0.627437,0.536908,0.553179,0.348583,0.468586,0.221664,0.443079,0.459254,0.635172,0.631959,0.872711,0.145696,0.271646,0.256563,0.273762,0.306703,0.199797,0.633330,0.687441,0.159405,0.284134,0.454804,0.475661,0.245690,0.728561,0.469322,0.524089,0.259453,0.520295,0.551558,0.618402
