0.000000,1.064903,0.368166,0.311691,0.176969,0.246845,0.398975,0.408615,0.342295,0.166666,0.508416,0.424419,0.591832,0.563082,0.416731,0.246915,0.425455,0.392876,0.658629,0.864142,0.132239,0.050156,0.080692,0.032782,-0.204981,-0.185926,0.066101,0.064928,0.340699,0.308145,0.010166,0.042190,0.391724,0.532243,-0.146496,-0.100083,0.301782,0.242460,0.247311,0.128646,0.155319,0.443858,0.386723,0.333390,0.310216,0.276461,0.285952,0.340861,0.457539,0.599178,0.417117,0.369856,0.300167,0.267849,0.436674,0.470072,0.585697,0.576259,0.684343,0.522160,0.761499,0.657297,0.570617,0.596632,0.330605,0.342163,0.287537,0.223180,0.497197,0.399264,0.020725,-0.066699,0.130657,0.394036,0.272615,0.205831,0.568566,0.469478,0.353633,0.270378,0.572347,0.518047,0.561149,0.547120,0.496721,0.313712,0.079257,0.143894,0.371372,0.409467
1.064903,0.000000,0.220044,0.354445,0.150449,0.122934,0.246700,0.460991,0.240059,-0.022381,0.336966,0.488996,0.414684,0.498508,0.231656,0.041724,0.573376,0.585139,0.636344,0.929061,0.162292,0.151391,-0.021249,0.028798,-0.269743,-0.234817,-0.004366,0.007526,0.372935,0.381329,0.019919,0.064779,0.497043,0.628879,-0.272316,-0.208191,0.252232,0.304218,0.208479,0.085411,0.086069,0.470096,0.476090,0.435167,0.367385,0.393673,0.323791,0.357428,0.554309,0.806328,0.506363,0.514304,0.446713,0.304502,0.469162,0.431485,0.728747,0.848289,0.730081,0.913048,0.752758,0.857244,0.765718,1.048286,0.100177,0.283572,0.265166,0.254370,0.549514,0.468242,0.070739,-0.025242,0.112181,0.496944,0.327832,0.337991,0.581746,0.516298,0.414612,0.313781,0.768215,0.720928,0.493745,0.538087,0.551717,0.381721,0.015790,0.081761,0.405235,0.467117
0.368166,0.220044,0.000000,1.042660,0.422896,0.419303,0.817819,0.505797,0.388914,0.268398,0.435306,0.260652,0.297071,0.262937,0.492883,0.383476,0.021938,0.036717,0.506768,0.591687,0.147648,0.204282,1.079097,1.097899,0.520693,0.533469,0.482927,0.486583,-0.143657,-0.185271,0.610512,0.710964,0.323320,0.346846,0.641677,0.371191,0.242415,0.184711,0.170106,0.109951,-0.097095,0.108540,0.258768,0.098425,0.339078,0.141404,0.245394,0.330930,0.078044,0.251296,0.234397,0.131238,0.081547,-0.008661,-0.028333,0.128576,0.081159,0.150995,0.135304,0.180917,0.066239,0.219088,-0.008107,0.069533,0.563491,0.486761,0.493732,0.588184,0.316109,0.203630,0.263671,0.094069,0.017738,0.157321,0.189842,0.262167,0.448948,0.312277,0.183016,0.155639,0.065453,0.172463,0.209629,0.222655,0.298024,0.488770,0.309221,-0.006359,0.472688,0.544777
0.311691,0.354445,1.042660,0.000000,0.364340,0.457753,0.578077,0.789795,0.311197,0.303774,0.368183,0.430108,0.260787,0.325619,0.173435,0.261798,0.021982,-0.036524,0.338067,0.612739,0.160359,0.344809,0.647059,1.017037,0.377441,0.415727,0.393481,0.424292,-0.194551,-0.111832,0.356608,0.556713,0.281027,0.402063,0.354992,0.260050,0.147344,0.180353,0.013521,0.077040,-0.176948,0.118576,0.247190,0.144404,0.309143,0.141617,0.107326,0.172345,0.023362,0.382977,0.272866,0.271933,0.070541,0.007159,-0.068950,0.113169,0.072949,0.165856,0.201090,0.288782,0.144149,0.479711,0.017599,0.215685,0.413631,0.756289,0.399021,0.669711,0.218962,0.072898,0.294506,0.021509,-0.093934,0.289520,0.132949,0.237120,0.413842,0.301306,0.160347,0.132089,0.089889,0.175257,0.116177,0.095979,0.220334,0.480283,0.206265,0.027278,0.493843,0.475296
0.176969,0.150449,0.422896,0.364340,0.000000,0.817644,0.432157,0.332826,0.529826,0.145982,0.448135,0.264172,0.222051,0.270272,0.417022,0.393108,0.138014,0.116205,0.342925,0.327582,0.283184,0.469861,0.496039,0.337398,0.297404,0.409561,0.692915,0.772152,-0.042898,0.008097,0.446108,0.544173,0.249508,0.215706,0.220507,0.056165,0.178206,0.205658,0.091446,0.091411,-0.088106,0.113549,0.295651,0.091389,0.347226,0.259309,0.209863,0.342330,0.198731,0.204853,0.272950,0.141956,0.262957,0.207706,0.048496,0.193174,0.175615,0.119847,0.211619,0.198552,0.132697,0.067628,0.096347,0.070684,0.354535,0.307679,0.456865,0.388900,0.479686,0.364447,0.329919,0.274846,0.086020,0.320540,0.186957,0.227508,0.313487,0.222041,0.190731,0.031041,0.197815,0.158075,0.192006,0.338064,0.305245,0.401169,0.294245,0.164924,0.441722,0.463077
0.246845,0.122934,0.419303,0.457753,0.817644,0.000000,0.498723,0.515181,0.632161,0.580837,0.367733,0.292887,0.394456,0.400932,0.442980,0.602569,0.166059,0.035968,0.177831,0.271343,0.302623,0.466885,0.320017,0.319235,0.202629,0.289452,0.479126,0.597827,0.096745,0.092843,0.306379,0.439929,0.135628,0.198877,0.092593,-0.064615,0.095307,0.094740,0.111565,0.046866,0.000149,0.079339,0.108152,-0.006411,0.131378,0.091158,0.015671,0.145121,0.045700,0.143188,0.230124,0.153471,0.196949,0.180438,0.039291,0.250100,0.080805,0.093084,0.172497,0.161566,0.195606,0.232448,0.021957,0.072445,0.387492,0.483518,0.291145,0.260746,0.205890,0.179038,0.374748,0.276313,0.117501,0.242322,0.142982,0.144287,0.164665,0.152587,0.262950,0.115262,0.138331,0.184023,0.302837,0.279519,0.231826,0.416721,0.426250,0.269514,0.302820,0.394087
0.398975,0.246700,0.817819,0.578077,0.432157,0.498723,0.000000,1.027991,0.853579,0.457528,0.445848,0.528748,0.789726,0.538370,0.650760,0.614805,0.340577,0.292582,0.700516,0.477983,0.012689,0.010881,0.593652,0.551656,0.083211,0.245233,0.277050,0.275649,0.067974,0.066420,0.526688,0.526075,0.348111,0.421705,0.305166,0.299744,0.090258,0.078188,0.331146,0.115045,0.130588,0.222902,0.297994,0.190685,0.384287,0.456857,0.355704,0.416349,0.278670,0.259309,0.403441,0.220098,0.254239,0.031760,0.168173,0.133103,0.102950,0.214407,0.073093,0.212735,0.297586,0.192167,0.276189,0.264344,0.699075,0.588947,0.560379,0.472230,0.253397,0.298525,0.299993,0.273034,0.153536,0.358599,0.190605,0.325281,0.484114,0.422031,0.287017,0.185888,0.300944,0.340763,0.387165,0.391227,0.630336,0.590592,0.393270,-0.042460,0.445607,0.448363
0.408615,0.460991,0.505797,0.789795,0.332826,0.515181,1.027991,0.000000,0.689410,0.433470,0.309674,0.818954,0.718747,0.747973,0.318696,0.453507,0.471230,0.358273,0.525051,0.538865,0.003175,0.106394,0.253387,0.478559,-0.120371,0.053129,0.082001,0.117849,0.138964,0.244124,0.345476,0.451447,0.319792,0.500561,-0.045126,0.078107,0.030910,0.103856,0.201272,0.095742,0.107509,0.239214,0.254764,0.207123,0.260743,0.407048,0.182667,0.231906,0.219038,0.462622,0.443161,0.417386,0.271426,0.095341,0.209547,0.229899,0.197807,0.286683,0.191868,0.408193,0.445348,0.503025,0.402838,0.566829,0.396686,0.843459,0.346291,0.414545,0.149775,0.220901,0.394257,0.307777,0.089664,0.484067,0.120000,0.301435,0.452718,0.477394,0.313048,0.255937,0.464462,0.542872,0.333503,0.398018,0.629350,0.649865,0.310488,0.049681,0.452077,0.369358
0.342295,0.240059,0.388914,0.311197,0.529826,0.632161,0.853579,0.689410,0.000000,0.654298,0.299490,0.397283,0.730044,0.565318,0.524172,0.521607,0.285500,0.328838,0.326139,0.273835,-0.186507,-0.093309,0.237740,0.152900,-0.105758,0.009856,0.225259,0.194772,0.017086,0.188669,0.179480,0.272060,0.197512,0.239329,0.067041,0.002843,-0.063630,-0.008369,0.221134,0.072283,0.062814,0.219537,0.190555,0.011626,0.138740,0.244306,0.185338,0.236222,0.174298,0.183186,0.267533,0.168551,0.205108,0.021899,0.291843,0.192729,0.094428,0.099103,0.133649,0.284857,0.334589,0.195079,0.261344,0.249645,0.595976,0.521010,0.270383,0.194860,0.185244,0.179865,0.136868,0.197615,-0.027346,0.395138,-0.043458,0.195319,0.238210,0.247385,0.218527,0.182907,0.260540,0.285864,0.257567,0.343176,0.503182,0.345976,0.218707,-0.136125,0.342564,0.269666
0.166666,-0.022381,0.268398,0.303774,0.145982,0.580837,0.457528,0.433470,0.654298,0.000000,0.218579,0.211669,0.411753,0.417964,0.153632,0.536525,0.031321,0.007430,0.056550,0.078780,-0.005547,-0.095833,0.104866,0.100474,0.052840,0.021744,0.109324,-0.002212,-0.026162,0.076572,0.014532,0.086106,0.027052,0.053305,0.073900,0.033934,-0.080682,-0.011376,0.003606,0.020475,0.038899,0.247711,0.014995,-0.067692,-0.050908,0.019424,0.028797,0.108479,-0.085689,-0.014299,0.089870,0.097745,0.023898,-0.000859,-0.014302,0.069002,-0.101910,-0.032223,-0.040720,0.040929,0.091540,0.168889,-0.033624,-0.001069,0.359836,0.408148,0.080860,0.117035,-0.001523,0.019385,0.017943,-0.001416,0.098577,0.162660,0.117979,0.094131,0.000710,-0.001809,0.145131,0.055062,0.019575,0.017223,0.045734,0.101994,0.143000,0.235694,0.140437,0.012506,0.056492,0.034163
0.508416,0.336966,0.435306,0.368183,0.448135,0.367733,0.445848,0.309674,0.299490,0.218579,0.000000,0.600070,0.546976,0.465950,0.449817,0.619634,0.281517,0.203065,0.352076,0.300317,0.056037,0.224830,0.448068,0.310283,0.245167,0.151568,0.418918,0.370855,0.049948,0.079468,0.229915,0.377163,0.233273,0.188589,0.269010,0.261996,0.338077,0.245217,0.030399,-0.052116,0.066265,0.140028,0.428926,0.400153,0.467976,0.325434,0.245546,0.365214,0.397951,0.369555,0.639327,0.377181,0.253325,0.286864,0.171906,0.232115,0.094788,0.170301,0.211388,0.103077,0.178121,0.175930,0.109277,0.132278,0.559087,0.364739,0.383550,0.296523,0.367582,0.272762,0.301871,0.125513,0.050189,0.340481,0.138609,0.230796,0.424580,0.261860,0.294817,0.164795,0.237850,0.246944,0.280572,0.295859,0.469609,0.462131,0.293188,-0.040149,0.290411,0.430004
0.424419,0.488996,0.260652,0.430108,0.264172,0.292887,0.528748,0.818954,0.397283,0.211669,0.600070,0.000000,0.588814,0.700922,0.211584,0.471774,0.406228,0.421100,0.287516,0.270904,-0.005784,0.152560,0.188764,0.260069,0.001695,0.075649,0.101413,0.140446,0.168361,0.367259,0.113544,0.351578,0.187710,0.242968,-0.005992,0.140672,0.239839,0.213509,0.112895,0.091035,0.104714,0.212364,0.402573,0.447607,0.467168,0.423824,0.131546,0.245267,0.411474,0.675785,0.654615,0.743983,0.263080,0.248741,0.329234,0.325831,0.155328,0.287055,0.218746,0.232544,0.283683,0.372112,0.281234,0.537212,0.329084,0.772229,0.246887,0.249704,0.129901,0.175748,0.417365,0.302802,0.042275,0.482299,0.027466,0.241543,0.493475,0.478495,0.162827,0.262780,0.452279,0.521238,0.284363,0.355963,0.672705,0.654621,0.264472,0.108516,0.351577,0.309512
0.591832,0.414684,0.297071,0.260787,0.222051,0.394456,0.789726,0.718747,0.730044,0.411753,0.546976,0.588814,0.000000,0.968611,0.587797,0.584029,0.579059,0.495930,0.406283,0.379415,-0.066666,-0.026746,0.113435,0.105942,-0.276829,-0.204260,0.045180,0.035038,0.338227,0.465689,0.134119,0.154734,0.232972,0.297345,-0.158357,-0.059845,0.145241,0.154019,0.218831,0.045005,0.180254,0.296697,0.293644,0.301143,0.200265,0.350855,0.269723,0.296114,0.346748,0.362366,0.559578,0.341736,0.410947,0.216051,0.406457,0.291415,0.091870,0.160901,0.239784,0.258677,0.541200,0.381837,0.431735,0.441838,0.475631,0.467150,0.189570,0.106400,0.162723,0.168011,0.225191,0.273469,0.115436,0.428080,0.031905,0.213463,0.382391,0.353072,0.351424,0.304534,0.541885,0.600783,0.499103,0.458326,0.670069,0.469770,0.218863,-0.079947,0.263527,0.254292
0.563082,0.498508,0.262937,0.325619,0.270272,0.400932,0.538370,0.747973,0.565318,0.417964,0.465950,0.700922,0.968611,0.000000,0.386229,0.675911,0.657787,0.746488,0.334273,0.359563,-0.089332,-0.020608,0.108952,0.170693,-0.201795,-0.181222,0.057716,0.024058,0.381158,0.566807,0.172291,0.262383,0.306605,0.347185,-0.234674,-0.188989,0.200662,0.293110,0.081517,-0.021854,0.254733,0.367225,0.294552,0.326298,0.229113,0.405808,0.204891,0.252424,0.367879,0.553744,0.732264,0.548550,0.412370,0.417299,0.375653,0.402162,0.185452,0.147854,0.259695,0.295462,0.515328,0.509797,0.521347,0.595295,0.363934,0.494202,0.131132,0.140887,0.200139,0.171413,0.349492,0.404453,0.171709,0.508438,0.100807,0.252299,0.414119,0.310124,0.445254,0.221848,0.649831,0.727131,0.357976,0.581134,0.745114,0.654078,0.083324,-0.000338,0.220476,0.320986
0.416731,0.231656,0.492883,0.173435,0.417022,0.442980,0.650760,0.318696,0.524172,0.153632,0.449817,0.211584,0.587797,0.386229,0.000000,0.626029,0.348804,0.371150,0.503166,0.386669,0.108265,0.061907,0.498588,0.307608,0.065733,0.126319,0.267507,0.295136,0.314073,0.210204,0.473988,0.371252,0.028469,0.052879,0.120998,0.051084,0.192643,0.188281,0.455571,0.164253,0.186657,0.270380,0.259045,0.153427,0.151026,0.156283,0.341397,0.351277,0.244372,0.253044,0.372614,0.151386,0.404130,0.234846,0.279703,0.333757,0.071729,0.097249,0.264592,0.181998,0.267910,0.198712,0.213195,0.181517,0.436069,0.258055,0.297244,0.116362,0.266328,0.243089,0.216753,0.134076,0.242022,0.135463,0.147798,0.072067,0.397172,0.264833,0.283842,0.197804,0.356268,0.349614,0.698581,0.576012,0.589498,0.508600,0.405263,0.130696,0.357601,0.464003
0.246915,0.041724,0.383476,0.261798,0.393108,0.602569,0.614805,0.453507,0.521607,0.536525,0.619634,0.471774,0.584029,0.675911,0.626029,0.000000,0.290200,0.362107,0.182669,0.124459,-0.001898,0.016885,0.417481,0.368681,0.161216,0.155638,0.349727,0.250030,0.133682,0.242508,0.354492,0.438080,0.053605,0.016086,0.198532,0.180983,0.177079,0.196121,0.064423,0.008167,0.167303,0.179034,0.202183,0.185571,0.197864,0.257446,0.106579,0.241680,0.193901,0.186421,0.466502,0.263663,0.195836,0.262972,0.109404,0.209991,-0.070228,-0.074032,0.012465,-0.031830,0.113082,0.087233,0.134155,0.060934,0.581723,0.450946,0.205859,0.186949,0.134540,0.137070,0.401641,0.348317,0.197038,0.204276,0.130404,0.168154,0.219032,0.145376,0.224643,0.050736,0.205945,0.211859,0.283811,0.428142,0.592364,0.617308,0.312360,0.067845,0.096871,0.345494
0.425455,0.573376,0.021938,0.021982,0.138014,0.166059,0.340577,0.471230,0.285500,0.031321,0.281517,0.406228,0.579059,0.657787,0.348804,0.290200,0.000000,0.892494,0.585629,0.475388,0.049000,-0.003650,-0.014816,-0.017045,-0.270339,-0.272550,-0.093990,-0.112971,0.669867,0.653161,0.294163,0.162611,0.362098,0.465385,-0.315307,-0.181347,0.324205,0.369999,0.296841,0.112328,0.395843,0.518856,0.438728,0.492630,0.293798,0.612205,0.391268,0.452745,0.536497,0.454567,0.598245,0.407152,0.629414,0.400288,0.490117,0.365908,0.467990,0.481929,0.278650,0.491452,0.499992,0.321962,0.871319,0.772308,0.045479,0.079415,0.248910,0.161485,0.438018,0.577820,0.313841,0.314224,0.506377,0.440437,0.351209,0.256298,0.413960,0.431385,0.594028,0.347320,1.090223,0.886308,0.486282,0.685979,0.749905,0.491261,0.027539,-0.046079,0.266821,0.308157
0.392876,0.585139,0.036717,-0.036524,0.116205,0.035968,0.292582,0.358273,0.328838,0.007430,0.203065,0.421100,0.495930,0.746488,0.371150,0.362107,0.892494,0.000000,0.396670,0.347143,-0.013062,-0.155794,0.014063,-0.005434,-0.303681,-0.263909,-0.109701,-0.141189,0.505405,0.586588,0.254460,0.147740,0.363483,0.392554,-0.294814,-0.205582,0.216351,0.338862,0.131423,0.046374,0.425190,0.553606,0.305078,0.343915,0.208519,0.460017,0.229825,0.277469,0.505867,0.502117,0.568829,0.486778,0.468865,0.442812,0.361865,0.249112,0.396635,0.364527,0.207880,0.443464,0.416939,0.307423,0.822975,0.812606,0.060984,0.065178,0.080862,0.053641,0.328091,0.369157,0.239081,0.355560,0.307236,0.433532,0.230434,0.367341,0.391482,0.320676,0.489434,0.273157,0.856579,0.865567,0.344396,0.665600,0.783873,0.516181,-0.058883,-0.100646,0.100470,0.253705
0.658629,0.636344,0.506768,0.338067,0.342925,0.177831,0.700516,0.525051,0.326139,0.056550,0.352076,0.287516,0.406283,0.334273,0.503166,0.182669,0.585629,0.396670,0.000000,1.130199,0.177478,0.033181,0.392474,0.285211,-0.065745,0.038478,0.224579,0.205395,0.280672,0.126999,0.533064,0.320670,0.586867,0.680821,0.077192,0.120597,0.305890,0.228853,0.443048,0.175855,0.240633,0.481014,0.614777,0.429190,0.489609,0.596405,0.722776,0.751043,0.465942,0.412359,0.361332,0.230264,0.460329,0.184543,0.292902,0.263993,0.712668,0.778333,0.394544,0.589334,0.497814,0.268933,0.640654,0.550990,0.225324,0.137258,0.729643,0.546158,0.845373,0.869836,0.137209,0.040163,0.350948,0.329123,0.509706,0.364305,0.774410,0.572948,0.398139,0.238284,0.688858,0.550916,0.447362,0.607821,0.601961,0.394057,0.203905,0.043265,0.536833,0.577973
0.864142,0.929061,0.591687,0.612739,0.327582,0.271343,0.477983,0.538865,0.273835,0.078780,0.300317,0.270904,0.379415,0.359563,0.386669,0.124459,0.475388,0.347143,1.130199,0.000000,0.354424,0.192690,0.324579,0.344236,-0.063447,-0.003617,0.203263,0.221905,0.311286,0.225196,0.337080,0.291368,0.496046,0.719171,-0.028055,-0.051868,0.406963,0.398260,0.352099,0.250291,0.149715,0.574268,0.520180,0.314801,0.375679,0.327798,0.471078,0.510905,0.317434,0.544125,0.297731,0.248247,0.414389,0.222616,0.258963,0.312469,0.721007,0.686282,0.681998,0.775527,0.633625,0.653248,0.631845,0.671876,0.193260,0.281087,0.504180,0.533456,0.804978,0.633639,0.089285,-0.082317,0.248306,0.423927,0.460778,0.351122,0.700423,0.540964,0.418208,0.332533,0.676257,0.620485,0.525534,0.610780,0.461998,0.374870,0.118876,0.141994,0.569895,0.606369
0.132239,0.162292,0.147648,0.160359,0.283184,0.302623,0.012689,0.003175,-0.186507,-0.005547,0.056037,-0.005784,-0.066666,-0.089332,0.108265,-0.001898,0.049000,-0.013062,0.177478,0.354424,0.000000,0.695206,0.103420,0.077053,0.243206,0.271943,0.282949,0.372358,0.219809,0.032798,0.256218,0.258157,0.061567,0.124502,0.049668,-0.003388,0.427135,0.302234,0.187136,0.299456,0.158650,0.387866,0.304033,0.187068,0.261163,0.075231,0.128420,0.244863,0.155441,0.168779,0.113571,0.118772,0.229672,0.256544,-0.075212,0.090052,0.200757,0.172058,0.288582,0.117720,0.112690,0.164744,0.050540,0.094050,-0.142709,-0.034423,0.208500,0.227600,0.259796,0.245819,0.189387,0.075943,0.262656,0.048413,0.422694,0.252107,0.195186,0.247177,0.054046,0.063348,0.186186,0.179377,0.304697,0.270870,-0.007952,0.232025,0.131755,0.352968,0.169305,0.262204
0.050156,0.151391,0.204282,0.344809,0.469861,0.466885,0.010881,0.106394,-0.093309,-0.095833,0.224830,0.152560,-0.026746,-0.020608,0.061907,0.016885,-0.003650,-0.155794,0.033181,0.192690,0.695206,0.000000,0.187932,0.199905,0.414041,0.409632,0.463485,0.625364,-0.008560,-0.003390,0.256782,0.404940,0.193262,0.191752,0.133900,-0.018054,0.456529,0.353349,0.002192,0.201085,-0.031795,0.043158,0.198650,0.133488,0.264806,0.046808,-0.012026,0.150441,0.050260,0.286869,0.221369,0.232434,0.150486,0.320975,-0.080597,0.255005,0.127773,0.127670,0.259882,0.130597,0.106082,0.190513,-0.040624,0.090417,0.015224,0.153313,0.165726,0.208189,0.179813,0.074161,0.474302,0.247634,0.069153,0.206655,0.186424,0.215817,0.260744,0.252889,0.016912,-0.075079,0.061655,0.125265,0.153298,0.066126,-0.063271,0.208630,0.144404,0.238596,0.231878,0.212798
0.080692,-0.021249,1.079097,0.647059,0.496039,0.320017,0.593652,0.253387,0.237740,0.104866,0.448068,0.188764,0.113435,0.108952,0.498588,0.417481,-0.014816,0.014063,0.392474,0.324579,0.103420,0.187932,0.000000,1.241289,0.690505,0.655181,0.588167,0.569016,-0.194476,-0.248869,0.704484,0.742073,0.224832,0.120040,0.711750,0.478762,0.226423,0.229060,0.056194,0.021393,-0.091844,0.038106,0.291616,0.105576,0.333170,0.176393,0.233385,0.318306,0.054335,0.176578,0.248830,0.119153,0.190414,0.125818,-0.149399,0.007109,-0.075572,0.005316,-0.054791,0.024944,-0.184033,-0.047793,-0.132168,-0.070834,0.532473,0.300310,0.462190,0.519511,0.300874,0.209224,0.315654,0.090401,0.103992,-0.005834,0.125904,0.051291,0.370409,0.178358,0.042822,0.020601,-0.041063,0.009129,0.061277,0.105837,0.292883,0.455256,0.290272,-0.076526,0.423805,0.559838
0.032782,0.028798,1.097899,1.017037,0.337398,0.319235,0.551656,0.478559,0.152900,0.100474,0.310283,0.260069,0.105942,0.170693,0.307608,0.368681,-0.017045,-0.005434,0.285211,0.344236,0.077053,0.199905,1.241289,0.000000,0.528676,0.545605,0.394497,0.404478,-0.198412,-0.233839,0.666196,0.773813,0.222429,0.183197,0.529573,0.403851,0.104828,0.182425,-0.030138,-0.025313,-0.149452,-0.046329,0.152386,0.068482,0.254301,0.113851,0.064706,0.110734,-0.041975,0.209569,0.193154,0.116690,0.063245,-0.005611,-0.217984,-0.031296,-0.101378,0.007257,-0.084762,0.044493,-0.174564,0.107615,-0.109765,0.008089,0.383011,0.438942,0.354389,0.569798,0.148142,0.056739,0.365385,0.133294,0.013538,0.007715,0.079902,0.085587,0.312447,0.156908,0.109152,0.086164,-0.010999,0.096728,0.059899,0.074125,0.279755,0.545122,0.327032,-0.011515,0.368419,0.470765
-0.204981,-0.269743,0.520693,0.377441,0.297404,0.202629,0.083211,-0.120371,-0.105758,0.052840,0.245167,0.001695,-0.276829,-0.201795,0.065733,0.161216,-0.270339,-0.303681,-0.065745,-0.063447,0.243206,0.414041,0.690505,0.528676,0.000000,1.259018,0.636353,0.577950,-0.240225,-0.266675,0.408530,0.541727,0.017619,-0.036518,0.931811,0.598745,0.288582,0.154451,-0.017633,0.171319,-0.168206,-0.064450,0.133053,0.012891,0.246714,-0.005685,0.036668,0.152491,-0.158550,-0.073161,0.002698,0.032234,-0.096329,0.065009,-0.196358,0.003987,-0.104016,-0.061333,-0.156019,-0.201919,-0.407193,-0.277700,-0.475460,-0.365063,0.208442,0.072703,0.302807,0.353110,0.143885,0.075452,0.293391,0.114655,0.062135,-0.078560,0.155504,0.039858,0.128166,0.094400,-0.094676,-0.127412,-0.323382,-0.247205,-0.134375,-0.150747,-0.200396,0.171670,0.135780,0.046307,0.114823,0.198713
-0.185926,-0.234817,0.533469,0.415727,0.409561,0.289452,0.245233,0.053129,0.009856,0.021744,0.151568,0.075649,-0.204260,-0.181222,0.126319,0.155638,-0.272550,-0.263909,0.038478,-0.003617,0.271943,0.409632,0.655181,0.545605,1.259018,0.000000,0.685769,0.698487,-0.223327,-0.276550,0.560333,0.641540,0.049002,0.012284,0.770607,0.591141,0.145180,0.038212,0.037037,0.150569,-0.156469,-0.061440,0.091728,-0.071051,0.214999,0.042123,0.069633,0.161395,-0.149346,-0.118869,-0.072237,-0.018588,-0.085503,0.007205,-0.207585,0.007487,-0.070941,0.001311,-0.179932,-0.186050,-0.369128,-0.271974,-0.423031,-0.314823,0.186871,0.121466,0.335413,0.380329,0.152682,0.141768,0.389931,0.236606,0.096674,-0.019585,0.184600,0.137619,0.155674,0.172694,-0.117482,-0.143580,-0.277385,-0.200319,-0.144791,-0.118228,-0.170551,0.208495,0.199258,0.086211,0.138418,0.281615
0.066101,-0.004366,0.482927,0.393481,0.692915,0.479126,0.277050,0.082001,0.225259,0.109324,0.418918,0.101413,0.045180,0.057716,0.267507,0.349727,-0.093990,-0.109701,0.224579,0.203263,0.282949,0.463485,0.588167,0.394497,0.636353,0.685769,0.000000,1.127276,-0.254563,-0.212007,0.475307,0.488682,0.262984,0.183247,0.629652,0.298793,0.225841,0.049976,-0.060400,0.031812,-0.052477,0.105733,0.370943,0.075649,0.424188,0.293872,0.231812,0.362579,0.148887,0.053140,0.224746,0.066399,0.092624,0.110303,-0.047412,0.012460,0.108077,0.034246,0.082552,0.070349,0.020902,-0.048402,-0.125084,-0.160218,0.372212,0.212283,0.498555,0.496478,0.437783,0.314374,0.384014,0.234712,0.058243,0.138319,0.127353,0.275268,0.235971,0.175557,-0.021739,-0.220904,-0.082962,-0.118921,-0.028779,0.067198,0.088975,0.210228,0.142611,-0.088415,0.292984,0.483296
0.064928,0.007526,0.486583,0.424292,0.772152,0.597827,0.275649,0.117849,0.194772,-0.002212,0.370855,0.140446,0.035038,0.024058,0.295136,0.250030,-0.112971,-0.141189,0.205395,0.221905,0.372358,0.625364,0.569016,0.404478,0.577950,0.698487,1.127276,0.000000,-0.173874,-0.265163,0.428626,0.479440,0.246936,0.189462,0.552575,0.224695,0.165155,0.079977,0.008071,0.030089,-0.139745,-0.047144,0.290134,0.067811,0.410296,0.256332,0.173182,0.309297,0.124783,0.106842,0.210241,0.119878,0.111703,0.103767,-0.083455,0.051980,0.107964,0.041863,0.129201,0.065283,0.021288,-0.046849,-0.133848,-0.136771,0.373127,0.272437,0.517710,0.500647,0.417044,0.277556,0.374532,0.216620,-0.030540,0.127680,0.084661,0.234014,0.273267,0.175955,-0.028649,-0.245237,-0.113177,-0.108422,-0.016293,0.024507,0.028538,0.210425,0.226434,0.064434,0.286192,0.536181
0.340699,0.372935,-0.143657,-0.194551,-0.042898,0.096745,0.067974,0.138964,0.017086,-0.026162,0.049948,0.168361,0.338227,0.381158,0.314073,0.133682,0.669867,0.505405,0.280672,0.311286,0.219809,-0.008560,-0.194476,-0.198412,-0.240225,-0.223327,-0.254563,-0.173874,0.000000,0.685206,0.127174,0.017102,0.090758,0.215347,-0.470711,-0.266844,0.285231,0.345022,0.310206,0.241326,0.437773,0.410048,0.062810,0.162187,0.024348,0.148442,0.158966,0.095202,0.247168,0.250551,0.164744,0.197324,0.357535,0.308427,0.313818,0.302909,0.351629,0.298215,0.302969,0.259115,0.380997,0.258272,0.427793,0.455560,-0.197195,-0.056720,0.023032,-0.067766,0.196227,0.245331,0.169779,0.136189,0.506852,0.250293,0.131072,0.148061,0.203844,0.229380,0.446407,0.428756,0.730106,0.664900,0.616446,0.611224,0.326433,0.245351,0.129743,0.321655,-0.012397,0.099422
0.308145,0.381329,-0.185271,-0.111832,0.008097,0.092843,0.066420,0.244124,0.188669,0.076572,0.079468,0.367259,0.465689,0.566807,0.210204,0.242508,0.653161,0.586588,0.126999,0.225196,0.032798,-0.003390,-0.248869,-0.233839,-0.266675,-0.276550,-0.212007,-0.265163,0.685206,0.000000,0.017139,0.006395,0.014903,0.130584,-0.537227,-0.346666,0.334183,0.315010,0.324751,0.341798,0.464056,0.547969,0.192470,0.218153,0.041947,0.161201,0.114547,0.150422,0.225715,0.333934,0.315525,0.388260,0.479426,0.501459,0.471579,0.443936,0.261753,0.149537,0.328318,0.281978,0.461073,0.383841,0.471158,0.531546,-0.104542,0.072468,-0.138428,-0.156833,0.120808,0.155034,0.174705,0.253442,0.275124,0.386510,0.106281,0.107835,0.221932,0.296882,0.303713,0.520139,0.774579,0.741871,0.548210,0.640905,0.469347,0.320171,-0.056135,0.065568,0.129594,0.060931
0.010166,0.019919,0.610512,0.356608,0.446108,0.306379,0.526688,0.345476,0.179480,0.014532,0.229915,0.113544,0.134119,0.172291,0.473988,0.354492,0.294163,0.254460,0.533064,0.337080,0.256218,0.256782,0.704484,0.666196,0.408530,0.560333,0.475307,0.428626,0.127174,0.017139,0.000000,1.142670,0.396276,0.358210,0.351590,0.254736,0.192392,0.214177,0.137165,0.091603,0.192901,0.275874,0.263454,0.144532,0.322689,0.326292,0.329708,0.405307,0.123815,0.099401,0.201081,0.078571,0.229222,0.150808,-0.085547,-0.004685,0.139407,0.176301,-0.098127,0.047731,-0.060486,-0.099576,0.110143,0.046536,0.096298,0.036371,0.366776,0.396641,0.372700,0.396540,0.592874,0.506241,0.404163,0.080559,0.410616,0.326682,0.306868,0.296694,0.307277,0.102113,0.300918,0.301054,0.146857,0.345499,0.307693,0.484099,0.196331,-0.090497,0.151879,0.335876
0.042190,0.064779,0.710964,0.556713,0.544173,0.439929,0.526075,0.451447,0.272060,0.086106,0.377163,0.351578,0.154734,0.262383,0.371252,0.438080,0.162611,0.147740,0.320670,0.291368,0.258157,0.404940,0.742073,0.773813,0.541727,0.641540,0.488682,0.479440,0.017102,0.006395,1.142670,0.000000,0.237299,0.226953,0.368651,0.286236,0.211111,0.248332,0.059362,0.091587,-0.004248,0.077717,0.294218,0.190861,0.369905,0.185164,0.180302,0.287445,0.098275,0.205411,0.262139,0.204530,0.167222,0.146201,-0.073676,0.071559,0.020637,0.055069,-0.019484,-0.015800,-0.099841,-0.001707,-0.025383,0.037161,0.239013,0.263506,0.293509,0.372155,0.225887,0.182315,0.607584,0.525507,0.202443,0.202373,0.263244,0.303023,0.321868,0.252170,0.219719,0.106920,0.183881,0.275007,0.104395,0.265274,0.245428,0.557683,0.241038,0.016852,0.220792,0.324398
0.391724,0.497043,0.323320,0.281027,0.249508,0.135628,0.348111,0.319792,0.197512,0.027052,0.233273,0.187710,0.232972,0.306605,0.028469,0.053605,0.362098,0.363483,0.586867,0.496046,0.061567,0.193262,0.224832,0.222429,0.017619,0.049002,0.262984,0.246936,0.090758,0.014903,0.396276,0.237299,0.000000,1.208994,0.098867,0.006904,0.228966,0.308550,-0.149877,-0.043791,0.123974,0.249318,0.270974,0.254624,0.434446,0.632806,0.282389,0.387740,0.437065,0.414908,0.311043,0.234135,0.182171,0.096803,0.028305,0.055386,0.568063,0.585441,0.189213,0.475307,0.465434,0.180414,0.685291,0.494048,0.172415,0.072255,0.498272,0.490749,0.626588,0.514510,0.216103,0.205252,0.221592,0.336425,0.360767,0.405796,0.501565,0.391935,0.296807,-0.078739,0.420494,0.306962,0.037393,0.288239,0.317124,0.241440,-0.023447,-0.179233,0.221090,0.317259
0.532243,0.628879,0.346846,0.402063,0.215706,0.198877,0.421705,0.500561,0.239329,0.053305,0.188589,0.242968,0.297345,0.347185,0.052879,0.016086,0.465385,0.392554,0.680821,0.719171,0.124502,0.191752,0.120040,0.183197,-0.036518,0.012284,0.183247,0.189462,0.215347,0.130584,0.358210,0.226953,1.208994,0.000000,0.031706,0.021122,0.270572,0.301143,0.012853,0.061685,0.231019,0.375176,0.298852,0.315991,0.487140,0.627529,0.300610,0.366858,0.418081,0.469102,0.311707,0.274397,0.176150,0.077841,0.172923,0.125748,0.734941,0.694754,0.368306,0.572515,0.664679,0.378038,0.675739,0.582577,0.143915,0.229013,0.580681,0.602893,0.646356,0.524739,0.169221,0.110782,0.244046,0.434623,0.333630,0.442663,0.550353,0.458507,0.440162,0.111874,0.504814,0.405468,0.167025,0.321260,0.300039,0.234842,-0.043663,-0.106627,0.274501,0.307861
-0.146496,-0.272316,0.641677,0.354992,0.220507,0.092593,0.305166,-0.045126,0.067041,0.073900,0.269010,-0.005992,-0.158357,-0.234674,0.120998,0.198532,-0.315307,-0.294814,0.077192,-0.028055,0.049668,0.133900,0.711750,0.529573,0.931811,0.770607,0.629652,0.552575,-0.470711,-0.537227,0.351590,0.368651,0.098867,0.031706,0.000000,0.782022,0.163980,-0.007325,0.044879,0.096194,-0.073820,-0.127187,0.204946,0.064398,0.398538,0.174466,0.177630,0.257357,0.028212,-0.089901,0.071204,-0.014971,-0.206070,-0.171751,-0.108896,-0.070073,-0.068082,-0.046060,-0.174137,-0.126719,-0.306394,-0.305989,-0.392037,-0.409686,0.491463,0.189904,0.532927,0.522109,0.175756,0.142547,0.130480,-0.027808,-0.093396,-0.146365,0.038705,0.102867,0.151057,0.111138,-0.119447,-0.170741,-0.444342,-0.357550,-0.179211,-0.179465,-0.068470,0.103035,0.109091,-0.173455,0.187181,0.254566
-0.100083,-0.208191,0.371191,0.260050,0.056165,-0.064615,0.299744,0.078107,0.002843,0.033934,0.261996,0.140672,-0.059845,-0.188989,0.051084,0.180983,-0.181347,-0.205582,0.120597,-0.051868,-0.003388,-0.018054,0.478762,0.403851,0.598745,0.591141,0.298793,0.224695,-0.266844,-0.346666,0.254736,0.286236,0.006904,0.021122,0.782022,0.000000,0.150648,0.039830,0.025006,0.192409,-0.011567,-0.061540,0.259900,0.181479,0.406554,0.265782,0.231171,0.244461,0.021593,-0.103562,0.075246,0.007489,-0.118068,-0.189504,-0.054646,-0.050632,-0.089300,0.031511,-0.186790,-0.174641,-0.308159,-0.331199,-0.331494,-0.303199,0.269270,0.133249,0.516926,0.554282,0.144245,0.107384,0.044862,-0.052542,0.016914,-0.151499,0.017569,0.023340,0.213129,0.193357,-0.206018,-0.128293,-0.314406,-0.256705,-0.098544,-0.053232,-0.005254,0.150422,0.230336,-0.005245,0.124852,0.203372
0.301782,0.252232,0.242415,0.147344,0.178206,0.095307,0.090258,0.030910,-0.063630,-0.080682,0.338077,0.239839,0.145241,0.200662,0.192643,0.177079,0.324205,0.216351,0.305890,0.406963,0.427135,0.456529,0.226423,0.104828,0.288582,0.145180,0.225841,0.165155,0.285231,0.334183,0.192392,0.211111,0.228966,0.270572,0.163980,0.150648,0.000000,0.796135,0.340036,0.553760,0.418587,0.436161,0.504299,0.433400,0.432211,0.266615,0.328338,0.454373,0.275238,0.401153,0.452094,0.332644,0.321803,0.489912,0.283830,0.445449,0.351844,0.198937,0.411372,0.240883,0.266603,0.200186,0.266087,0.280789,0.086745,0.084163,0.292958,0.279568,0.459420,0.284522,0.261498,0.115865,0.253320,0.276995,0.234840,0.167486,0.567415,0.430833,0.182537,0.225660,0.327942,0.351286,0.409563,0.435134,0.289511,0.309961,0.041544,0.084835,0.314979,0.291283
0.242460,0.304218,0.184711,0.180353,0.205658,0.094740,0.078188,0.103856,-0.008369,-0.011376,0.245217,0.213509,0.154019,0.293110,0.188281,0.196121,0.369999,0.338862,0.228853,0.398260,0.302234,0.353349,0.229060,0.182425,0.154451,0.038212,0.049976,0.079977,0.345022,0.315010,0.214177,0.248332,0.308550,0.301143,-0.007325,0.039830,0.796135,0.000000,0.112095,0.416146,0.208495,0.379932,0.308191,0.301835,0.243695,0.198089,0.155509,0.225067,0.195847,0.424019,0.424795,0.363227,0.356674,0.502869,0.182578,0.320326,0.277482,0.198520,0.337818,0.237670,0.214301,0.183766,0.367989,0.365912,0.064930,0.108547,0.168862,0.247887,0.442473,0.254810,0.194641,0.099205,0.258842,0.226765,0.255606,0.086863,0.328267,0.191356,0.257636,0.174317,0.428301,0.440007,0.298282,0.502760,0.277164,0.374171,-0.065245,0.151903,0.255770,0.231896
0.247311,0.208479,0.170106,0.013521,0.091446,0.111565,0.331146,0.201272,0.221134,0.003606,0.030399,0.112895,0.218831,0.081517,0.455571,0.064423,0.296841,0.131423,0.443048,0.352099,0.187136,0.002192,0.056194,-0.030138,-0.017633,0.037037,-0.060400,0.008071,0.310206,0.324751,0.137165,0.059362,-0.149877,0.012853,0.044879,0.025006,0.340036,0.112095,0.000000,0.612619,0.385138,0.293936,0.314371,0.192641,0.101435,0.164155,0.491554,0.439535,0.094882,0.105273,0.111996,0.061760,0.319837,0.122447,0.421369,0.445807,0.279313,0.177486,0.345715,0.305663,0.298176,0.161279,0.224417,0.217299,0.092400,0.079393,0.312249,0.163774,0.220866,0.312242,-0.038558,-0.052430,0.078682,0.059922,0.132476,0.026743,0.303746,0.371086,0.159954,0.385145,0.337311,0.312264,0.673378,0.436274,0.367770,0.253119,0.233856,0.215006,0.356629,0.281770
0.128646,0.085411,0.109951,0.077040,0.091411,0.046866,0.115045,0.095742,0.072283,0.020475,-0.052116,0.091035,0.045005,-0.021854,0.164253,0.008167,0.112328,0.046374,0.175855,0.250291,0.299456,0.201085,0.021393,-0.025313,0.171319,0.150569,0.031812,0.030089,0.241326,0.341798,0.091603,0.091587,-0.043791,0.061685,0.096194,0.192409,0.553760,0.416146,0.612619,0.000000,0.465270,0.432656,0.189810,0.020025,0.033644,-0.034210,0.166302,0.203555,-0.114759,0.072780,0.008836,0.077583,0.170325,0.177359,0.317205,0.396679,0.223153,0.086872,0.330437,0.162906,0.169277,0.058948,0.109389,0.130724,-0.063348,0.003361,0.161954,0.169485,0.253190,0.190691,0.020315,-0.028051,0.099460,0.091999,0.156925,0.073318,0.365487,0.471060,-0.005796,0.281275,0.200072,0.184537,0.508778,0.502247,0.150017,0.172355,0.110745,0.343356,0.372983,0.096177
0.155319,0.086069,-0.097095,-0.176948,-0.088106,0.000149,0.130588,0.107509,0.062814,0.038899,0.066265,0.104714,0.180254,0.254733,0.186657,0.167303,0.395843,0.425190,0.240633,0.149715,0.158650,-0.031795,-0.091844,-0.149452,-0.168206,-0.156469,-0.052477,-0.139745,0.437773,0.464056,0.192901,-0.004248,0.123974,0.231019,-0.073820,-0.011567,0.418587,0.208495,0.385138,0.465270,0.000000,0.551202,0.131195,0.136088,0.077511,0.219488,0.130136,0.216433,0.144079,0.109894,0.196968,0.100009,0.167642,0.206212,0.271538,0.187104,0.270830,0.139217,0.086529,0.138128,0.269516,0.087162,0.289300,0.240741,-0.083448,-0.071371,0.084910,0.007022,0.210351,0.259171,0.097710,0.087315,0.300177,0.249715,0.086094,0.216300,0.269227,0.366732,0.298290,0.271728,0.426373,0.341282,0.483584,0.480433,0.351495,0.191301,-0.006894,0.018100,-0.022965,0.063091
0.443858,0.470096,0.108540,0.118576,0.113549,0.079339,0.222902,0.239214,0.219537,0.247711,0.140028,0.212364,0.296697,0.367225,0.270380,0.179034,0.518856,0.553606,0.481014,0.574268,0.387866,0.043158,0.038106,-0.046329,-0.064450,-0.061440,0.105733,-0.047144,0.410048,0.547969,0.275874,0.077717,0.249318,0.375176,-0.127187,-0.061540,0.436161,0.379932,0.293936,0.432656,0.551202,0.000000,0.480661,0.295382,0.274036,0.318130,0.371991,0.502398,0.291634,0.412448,0.332931,0.360944,0.438944,0.466881,0.317443,0.252340,0.440718,0.342344,0.349777,0.440977,0.378378,0.341145,0.510502,0.489629,-0.009940,0.046705,0.208939,0.233513,0.487173,0.436928,0.110983,0.059086,0.412874,0.338575,0.545504,0.358895,0.426326,0.477430,0.306676,0.301801,0.660059,0.536243,0.451325,0.655474,0.461383,0.418162,-0.109370,-0.008303,0.262897,0.305352
0.386723,0.476090,0.258768,0.247190,0.295651,0.108152,0.297994,0.254764,0.190555,0.014995,0.428926,0.402573,0.293644,0.294552,0.259045,0.202183,0.438728,0.305078,0.614777,0.520180,0.304033,0.198650,0.291616,0.152386,0.133053,0.091728,0.370943,0.290134,0.062810,0.192470,0.263454,0.294218,0.270974,0.298852,0.204946,0.259900,0.504299,0.308191,0.314371,0.189810,0.131195,0.480661,0.000000,1.164647,0.984817,0.779094,0.910625,1.137948,0.815998,0.605731,0.738847,0.619099,0.625072,0.414964,0.458373,0.481362,0.495723,0.412247,0.331731,0.391489,0.235954,0.152473,0.321055,0.347664,0.158264,0.127826,0.573680,0.471483,0.585541,0.605931,0.248564,0.146509,0.185595,0.273356,0.419648,0.309283,0.613489,0.531948,0.129399,0.018281,0.433062,0.380163,0.219951,0.351807,0.492984,0.455536,0.067898,-0.062165,0.409240,0.509383
0.333390,0.435167,0.098425,0.144404,0.091389,-0.006411,0.190685,0.207123,0.011626,-0.067692,0.400153,0.447607,0.301143,0.326298,0.153427,0.185571,0.492630,0.343915,0.429190,0.314801,0.187068,0.133488,0.105576,0.068482,0.012891,-0.071051,0.075649,0.067811,0.162187,0.218153,0.144532,0.190861,0.254624,0.315991,0.064398,0.181479,0.433400,0.301835,0.192641,0.020025,0.136088,0.295382,1.164647,0.000000,0.949382,0.771359,0.659333,0.782273,0.930799,0.672550,0.815565,0.737331,0.494590,0.381561,0.444623,0.429771,0.382697,0.389281,0.220759,0.250668,0.197489,0.158587,0.360881,0.367664,0.054710,0.098833,0.411396,0.327481,0.355684,0.369586,0.212012,0.145409,0.110883,0.246189,0.257976,0.231612,0.506219,0.375010,0.259026,0.085470,0.461808,0.393375,0.190284,0.251404,0.429983,0.422910,-0.003287,-0.062949,0.186853,0.287282
0.310216,0.367385,0.339078,0.309143,0.347226,0.131378,0.384287,0.260743,0.138740,-0.050908,0.467976,0.467168,0.200265,0.229113,0.151026,0.197864,0.293798,0.208519,0.489609,0.375679,0.261163,0.264806,0.333170,0.254301,0.246714,0.214999,0.424188,0.410296,0.024348,0.041947,0.322689,0.369905,0.434446,0.487140,0.398538,0.406554,0.432211,0.243695,0.101435,0.033644,0.077511,0.274036,0.984817,0.949382,0.000000,0.999841,0.592932,0.774551,0.961415,0.638857,0.702983,0.585694,0.320411,0.178249,0.271467,0.214487,0.378444,0.354052,0.230001,0.249615,0.185904,0.094540,0.225333,0.224557,0.257842,0.264166,0.787866,0.707921,0.492608,0.437232,0.290708,0.155790,0.140324,0.275808,0.313258,0.404285,0.587633,0.441445,0.125089,-0.030192,0.282656,0.235680,0.121373,0.229734,0.415056,0.434486,0.129649,-0.113934,0.352384,0.427328
0.276461,0.393673,0.141404,0.141617,0.259309,0.091158,0.456857,0.407048,0.244306,0.019424,0.325434,0.423824,0.350855,0.405808,0.156283,0.257446,0.612205,0.460017,0.596405,0.327798,0.075231,0.046808,0.176393,0.113851,-0.005685,0.042123,0.293872,0.256332,0.148442,0.161201,0.326292,0.185164,0.632806,0.627529,0.174466,0.265782,0.266615,0.198089,0.164155,-0.034210,0.219488,0.318130,0.779094,0.771359,0.999841,0.000000,0.681060,0.796483,0.910312,0.483550,0.722492,0.487819,0.407732,0.217652,0.316837,0.208321,0.466636,0.435611,0.145762,0.412184,0.365566,0.078846,0.517532,0.414663,0.230504,0.166478,0.768237,0.651944,0.576609,0.649346,0.321642,0.269989,0.220919,0.308594,0.278148,0.369629,0.527372,0.438787,0.226896,-0.102601,0.470002,0.318866,0.105763,0.313052,0.624256,0.430897,0.073256,-0.236168,0.293273,0.459093
0.285952,0.323791,0.245394,0.107326,0.209863,0.015671,0.355704,0.182667,0.185338,0.028797,0.245546,0.131546,0.269723,0.204891,0.341397,0.106579,0.391268,0.229825,0.722776,0.471078,0.128420,-0.012026,0.233385,0.064706,0.036668,0.069633,0.231812,0.173182,0.158966,0.114547,0.329708,0.180302,0.282389,0.300610,0.177630,0.231171,0.328338,0.155509,0.491554,0.166302,0.130136,0.371991,0.910625,0.659333,0.592932,0.681060,0.000000,1.326118,0.532895,0.245259,0.392546,0.254198,0.543577,0.278115,0.334628,0.423632,0.476438,0.361972,0.206588,0.343576,0.227140,0.047359,0.326645,0.238328,0.039203,-0.085745,0.642058,0.480452,0.559740,0.593508,0.062546,0.063319,0.202290,0.173780,0.392772,0.286109,0.550590,0.436130,0.135531,-0.002693,0.358182,0.247780,0.228560,0.271201,0.419462,0.247661,0.158289,-0.072609,0.307827,0.468405
0.340861,0.357428,0.330930,0.172345,0.342330,0.145121,0.416349,0.231906,0.236222,0.108479,0.365214,0.245267,0.296114,0.252424,0.351277,0.241680,0.452745,0.277469,0.751043,0.510905,0.244863,0.150441,0.318306,0.110734,0.152491,0.161395,0.362579,0.309297,0.095202,0.150422,0.405307,0.287445,0.387740,0.366858,0.257357,0.244461,0.454373,0.225067,0.439535,0.203555,0.216433,0.502398,1.137948,0.782273,0.774551,0.796483,1.326118,0.000000,0.671800,0.430879,0.575563,0.431677,0.606145,0.375308,0.348780,0.458930,0.532010,0.423074,0.256577,0.412478,0.242042,0.057696,0.382449,0.297149,0.166824,0.017570,0.687711,0.524199,0.697039,0.745657,0.187086,0.153292,0.253360,0.250442,0.549978,0.364449,0.633893,0.562984,0.201277,-0.038517,0.439074,0.296392,0.194736,0.328112,0.536052,0.435469,0.125804,-0.096246,0.338660,0.565216
