0.000000,1.354024,0.806028,0.565077,0.469540,0.539820,0.954987,0.688476,0.286846,0.424015,1.163664,0.628910,0.854680,0.551401,0.774414,0.753409,0.650233,0.710826,1.519795,1.034757,0.527374,0.272127,0.761717,0.499460,0.390154,0.286891,0.495990,0.344069,0.534383,0.430144,0.691691,0.496212,1.048838,0.831786,0.500374,0.452296,0.724293,0.417355,0.269313,0.159149,0.535758,0.330820,0.631514,0.622136,0.511136,0.478869,0.670266,0.760496,0.746582,0.422824,0.690304,0.441194,0.912416,0.871339,0.748794,0.729862,1.011208,1.105832,0.707467,0.881943,0.776403,0.794744,0.502032,0.587865,0.666289,0.399929,0.820076,0.703655,0.955399,0.986008,0.118412,0.109674,0.863888,0.831581,0.771284,0.701338,1.089682,0.671592,0.785280,0.597189,0.858229,0.691732,0.726080,0.451719,0.767187,0.420168,0.619693,0.072570,0.930239,0.840757
1.354024,0.000000,0.645378,0.551803,0.489996,0.527189,0.680495,0.599483,0.301286,0.484204,0.850692,0.555452,0.748810,0.440024,0.698937,0.726901,0.683233,0.884807,1.100159,0.994910,0.676437,0.398569,0.560967,0.490262,0.349594,0.287149,0.652632,0.341149,0.458842,0.463569,0.681880,0.463456,0.998207,0.846050,0.496754,0.453344,0.513214,0.282144,0.284620,0.133953,0.559626,0.315014,0.529754,0.501607,0.396139,0.566176,0.583636,0.716697,0.839528,0.381263,0.694395,0.409969,0.820137,0.894783,0.802098,0.779367,1.248048,1.486090,0.800034,1.066688,0.791481,0.763562,0.402238,0.622709,0.575724,0.336739,0.924939,0.802820,1.072606,1.077369,0.033936,0.085652,0.807583,0.845585,0.804293,0.735861,0.887686,0.496006,0.649241,0.583053,0.785367,0.669490,0.754175,0.527411,0.658690,0.401569,0.764912,0.208463,0.996133,0.859547
0.806028,0.645378,0.000000,1.349014,0.645411,1.072256,1.488942,1.145264,0.386040,0.719928,0.606799,0.650885,0.556490,0.679940,0.642062,0.914672,0.405720,0.452561,0.751902,0.781879,0.380105,0.387351,1.315014,1.136653,0.796663,0.822918,0.411038,0.399096,0.389089,0.381751,0.940474,0.879087,0.728046,0.767591,0.579032,0.595172,0.473532,0.444087,0.252195,0.134082,0.403371,0.410293,0.649956,0.541501,0.402591,0.461782,0.668298,0.642276,0.683368,0.359877,0.975388,0.697702,0.823868,0.767996,0.754860,0.662769,0.452227,0.470200,0.346510,0.574545,0.332894,0.431085,0.283752,0.415225,0.485882,0.473890,0.553705,0.628110,0.447459,0.557041,0.394641,0.478610,0.575365,0.671656,0.603134,0.596339,0.643447,0.534042,0.437427,0.426128,0.582063,0.558825,0.474459,0.348344,0.610334,0.554550,0.429325,0.119753,0.759488,0.830201
0.565077,0.551803,1.349014,0.000000,0.767269,1.190133,1.187010,1.554801,0.512058,1.001558,0.524903,0.724695,0.549161,0.825654,0.519369,0.873487,0.351924,0.370777,0.499021,0.724354,0.232989,0.284201,1.013816,1.437667,0.729139,0.726440,0.380957,0.218070,0.294873,0.337901,0.774679,0.873148,0.610648,0.784278,0.522005,0.621070,0.339449,0.358697,0.226322,0.106972,0.294053,0.354727,0.546798,0.433071,0.237631,0.469386,0.569250,0.493279,0.596427,0.235570,1.079492,0.797005,0.751847,0.763482,0.730479,0.570951,0.317818,0.343028,0.238047,0.475612,0.241882,0.383368,0.178856,0.406232,0.416954,0.584196,0.419541,0.590980,0.283739,0.409670,0.336638,0.456379,0.387854,0.523180,0.482111,0.446295,0.419510,0.379560,0.232977,0.299906,0.475888,0.512608,0.399063,0.278893,0.573128,0.706142,0.526897,0.222434,0.712977,0.864183
0.469540,0.489996,0.645411,0.767269,0.000000,0.889349,0.720292,0.779306,1.298889,0.712283,0.456670,0.369345,0.655698,0.636485,0.716679,0.658228,0.323704,0.359979,0.527685,0.512563,0.322557,0.320565,0.650019,0.653389,0.850668,0.533998,0.375125,0.182694,0.395133,0.418102,0.774640,0.723061,0.574097,0.625716,0.382566,0.310915,0.127148,0.115563,0.045705,-0.042523,0.248401,0.205902,0.394241,0.357761,0.291579,0.492499,0.428100,0.489629,0.662370,0.478066,0.530650,0.465180,0.422186,0.728539,0.438479,0.531787,0.270932,0.407707,0.442270,0.568349,0.414167,0.406085,0.133058,0.300689,0.562195,0.509199,0.561992,0.621576,0.405880,0.443717,0.228328,0.423817,0.488344,0.651517,0.548495,0.566018,0.392232,0.270736,0.198335,0.321186,0.331596,0.326194,0.360537,0.232097,0.248269,0.310367,0.355074,-0.022101,0.374279,0.478810
0.539820,0.527189,1.072256,1.190133,0.889349,0.000000,0.997516,0.979141,0.502323,0.864268,0.463904,0.498513,0.474788,0.645810,0.589554,0.951549,0.325714,0.423615,0.500237,0.615736,0.356135,0.425437,0.956589,1.119437,0.898140,1.082470,0.337669,0.220339,0.400483,0.459264,1.000964,0.991533,0.642946,0.707507,0.414748,0.396136,0.212822,0.288074,0.058061,-0.018089,0.326908,0.389720,0.520907,0.408531,0.279587,0.570763,0.520547,0.466372,0.696225,0.359063,0.718304,0.557976,0.669272,0.721395,0.617337,0.557941,0.339329,0.391922,0.325756,0.535927,0.347530,0.400793,0.249464,0.508581,0.512137,0.408349,0.509789,0.597029,0.356001,0.456022,0.352369,0.544183,0.521908,0.667897,0.548757,0.504169,0.369004,0.287153,0.245317,0.315650,0.427433,0.432377,0.371090,0.261498,0.430765,0.505243,0.337490,0.096214,0.587304,0.762467
0.954987,0.680495,1.488942,1.187010,0.720292,0.997516,0.000000,1.395960,0.518822,0.741121,0.967477,0.735869,0.776388,0.872762,0.794449,0.916198,0.548827,0.550223,0.946732,0.952758,0.321099,0.260081,1.280513,0.945938,0.622573,0.624854,0.327792,0.298956,0.570346,0.493203,0.818636,0.798510,0.890970,0.897841,0.523196,0.541924,0.545961,0.518694,0.258212,0.169432,0.433227,0.441917,0.846985,0.744576,0.498204,0.552255,0.875279,0.781659,0.617395,0.357887,0.975624,0.734234,0.795240,0.846835,0.770828,0.777361,0.477853,0.525114,0.258062,0.493978,0.414259,0.456081,0.386119,0.533832,0.728527,0.560052,0.517301,0.597999,0.490380,0.589028,0.393224,0.415398,0.683825,0.783687,0.683991,0.609596,0.793421,0.656731,0.564124,0.584233,0.712948,0.712513,0.558598,0.382569,0.759320,0.651142,0.514613,0.079877,0.798454,0.836503
0.688476,0.599483,1.145264,1.554801,0.779306,0.979141,1.395960,0.000000,0.653793,0.997516,0.793397,1.019365,0.805290,1.162513,0.662553,0.924672,0.599183,0.528764,0.626390,0.953826,0.234847,0.154134,1.039034,1.232852,0.629970,0.539087,0.339800,0.197615,0.460939,0.508296,0.766324,0.882347,0.812673,0.989326,0.567289,0.691290,0.531390,0.500549,0.246437,0.149049,0.411339,0.476854,0.662210,0.593459,0.399282,0.502421,0.708155,0.663891,0.542623,0.219167,1.066934,0.824655,0.784637,0.847645,0.782504,0.681734,0.372146,0.477005,0.215176,0.492767,0.346810,0.499283,0.322020,0.575419,0.571625,0.683534,0.461303,0.645857,0.412026,0.562819,0.291983,0.330231,0.514416,0.645767,0.586978,0.487986,0.642717,0.548271,0.430490,0.483974,0.691025,0.755137,0.438797,0.345429,0.777235,0.827831,0.545979,0.096996,0.808435,0.932229
0.286846,0.301286,0.386040,0.512058,1.298889,0.502323,0.518822,0.653793,0.000000,0.574790,0.439320,0.396540,0.670763,0.629264,0.727862,0.539384,0.351332,0.338731,0.410001,0.386165,0.193997,0.154773,0.528968,0.484611,0.538217,0.293513,0.127970,0.062797,0.395772,0.465504,0.554715,0.617225,0.433625,0.462457,0.219579,0.168026,0.115425,0.060276,0.058081,-0.018265,0.159471,0.117814,0.342478,0.309131,0.217518,0.350187,0.311162,0.361355,0.373685,0.357382,0.295128,0.287617,0.194143,0.437239,0.241442,0.364107,0.149808,0.271703,0.328281,0.377601,0.287958,0.280918,0.040721,0.182119,0.460398,0.463964,0.315690,0.350818,0.205585,0.249034,0.166454,0.334732,0.371970,0.470145,0.435624,0.457258,0.307344,0.198458,0.202293,0.346864,0.255996,0.270762,0.329947,0.271337,0.085798,0.130316,0.294476,-0.054505,0.197031,0.228557
0.424015,0.484204,0.719928,1.001558,0.712283,0.864268,0.741121,0.997516,0.574790,0.000000,0.469894,0.674688,0.644494,0.745356,0.576233,0.834005,0.461850,0.554698,0.371361,0.455841,0.245654,0.278226,0.661113,0.810150,0.618923,0.600585,0.223321,-0.010742,0.402365,0.476205,0.588430,0.629540,0.487738,0.581596,0.424348,0.407751,0.270308,0.266889,0.224287,0.105289,0.346096,0.427867,0.464788,0.314130,0.144394,0.472849,0.392425,0.327596,0.550791,0.249976,0.767225,0.509291,0.546466,0.584331,0.553083,0.424344,0.333490,0.346532,0.281182,0.431269,0.310394,0.433390,0.171700,0.408875,0.483600,0.598676,0.375021,0.453840,0.250244,0.320894,0.249551,0.389004,0.414301,0.554131,0.504303,0.445311,0.388314,0.268766,0.220097,0.352476,0.437703,0.483839,0.364718,0.300740,0.423600,0.423510,0.529198,0.246290,0.522864,0.556850
1.163664,0.850692,0.606799,0.524903,0.456670,0.463904,0.967477,0.793397,0.439320,0.469894,0.000000,0.827421,1.144883,0.921706,1.016388,0.860027,0.734909,0.740653,1.175971,0.921785,0.393184,0.172759,0.787320,0.513721,0.225368,0.181879,0.235089,0.094616,0.809621,0.695433,0.621529,0.516043,0.903086,0.798051,0.404514,0.342396,0.802523,0.502449,0.239648,0.185248,0.626713,0.509358,0.709933,0.684817,0.496571,0.486868,0.753403,0.724719,0.530480,0.261731,0.656618,0.415638,0.616324,0.677141,0.641031,0.636877,0.566360,0.726328,0.300235,0.468452,0.515534,0.493444,0.441666,0.569629,0.767626,0.368020,0.477787,0.451962,0.606547,0.677273,0.197697,0.156330,0.838651,0.805865,0.697983,0.606716,0.969189,0.702113,0.845471,0.856711,0.885252,0.872799,0.841815,0.527796,0.861200,0.500890,0.590122,0.101554,0.695087,0.624216
0.628910,0.555452,0.650885,0.724695,0.369345,0.498513,0.735869,1.019365,0.396540,0.674688,0.827421,0.000000,0.794222,1.246082,0.598607,0.834011,0.886630,0.656755,0.510457,0.852105,0.207029,0.074539,0.657672,0.722270,0.348190,0.254756,0.149506,0.012044,0.670557,0.810668,0.559772,0.652144,0.683972,0.775585,0.413894,0.428237,0.770374,0.584170,0.243722,0.248405,0.601762,0.698799,0.554613,0.529733,0.421559,0.441524,0.559342,0.502021,0.430835,0.168626,0.801031,0.609242,0.711026,0.551387,0.660404,0.424870,0.378710,0.444229,0.225328,0.399531,0.322022,0.524636,0.502999,0.701426,0.342863,0.333761,0.326743,0.404501,0.305271,0.410223,0.252300,0.211288,0.518746,0.557468,0.540222,0.412298,0.663701,0.557254,0.612589,0.549719,0.936262,0.949922,0.500765,0.518725,0.803018,0.703663,0.460215,0.165430,0.613646,0.743941
0.854680,0.748810,0.556490,0.549161,0.655698,0.474788,0.776388,0.805290,0.670763,0.644494,1.144883,0.794222,0.000000,1.063011,1.032708,0.736210,0.842010,0.763587,0.769051,0.687057,0.425465,0.144937,0.631546,0.461125,0.387608,0.242947,0.229820,-0.004384,0.887696,0.793257,0.724563,0.624302,0.860155,0.831229,0.441359,0.304436,0.624332,0.356662,0.211869,0.101440,0.615509,0.483650,0.533129,0.524612,0.461594,0.448840,0.525962,0.588638,0.562117,0.225144,0.575154,0.347760,0.439978,0.556213,0.482193,0.465358,0.576580,0.687788,0.387842,0.457226,0.690544,0.624151,0.409632,0.534491,0.646801,0.484975,0.507447,0.436420,0.596615,0.592352,0.284434,0.272296,0.771920,0.774696,0.677031,0.486983,0.851137,0.580477,0.766641,0.749539,0.829254,0.724379,0.629937,0.409154,0.619944,0.364106,0.502178,-0.038360,0.590266,0.470047
0.551401,0.440024,0.679940,0.825654,0.636485,0.645810,0.872762,1.162513,0.629264,0.745356,0.921706,1.246082,1.063011,0.000000,0.754616,0.939006,0.694420,0.517037,0.489769,0.736336,0.210333,0.107394,0.761033,0.822428,0.484251,0.402867,0.094557,-0.075159,0.730817,0.810012,0.707716,0.791744,0.694738,0.823316,0.538346,0.477145,0.647364,0.490638,0.198176,0.158113,0.547606,0.645634,0.517026,0.484441,0.413979,0.441137,0.532120,0.500875,0.424350,0.110475,0.785306,0.582236,0.526767,0.554119,0.567078,0.422368,0.276549,0.374691,0.139316,0.279036,0.328462,0.441255,0.432600,0.575178,0.533652,0.501670,0.336311,0.427344,0.324790,0.403566,0.399571,0.380089,0.552324,0.617124,0.537412,0.396501,0.598421,0.557989,0.551792,0.573243,0.756813,0.813921,0.454799,0.371825,0.794467,0.773636,0.391266,0.085481,0.559890,0.624028
0.774414,0.698937,0.642062,0.519369,0.716679,0.589554,0.794449,0.662553,0.727862,0.576233,1.016388,0.598607,1.032708,0.754616,0.000000,1.140483,0.512868,0.585521,0.939944,0.654607,0.611647,0.489637,0.928903,0.544548,0.409941,0.407417,0.371509,0.207736,0.824105,0.837325,0.878274,0.719424,0.709885,0.603892,0.293739,0.155336,0.491702,0.297891,0.139415,-0.057807,0.509409,0.395300,0.546095,0.447935,0.407040,0.403172,0.459454,0.474400,0.542120,0.307954,0.444434,0.233156,0.387477,0.518429,0.400572,0.432839,0.437794,0.586887,0.416594,0.491050,0.502398,0.382443,0.171057,0.291996,0.718253,0.341428,0.428341,0.359974,0.497665,0.542145,0.360926,0.446342,0.817308,0.801716,0.649208,0.691917,0.638268,0.415171,0.640924,0.747325,0.610281,0.611058,0.890302,0.632100,0.493545,0.202484,0.532823,0.078205,0.492343,0.399068
0.753409,0.726901,0.914672,0.873487,0.658228,0.951549,0.916198,0.924672,0.539384,0.834005,0.860027,0.834011,0.736210,0.939006,1.140483,0.000000,0.449870,0.593992,0.736820,0.779002,0.516586,0.527549,1.034879,0.983733,0.611197,0.739346,0.354538,0.193836,0.584359,0.735084,0.993401,0.906347,0.729059,0.715865,0.497317,0.414956,0.494284,0.359747,0.208650,0.052439,0.518980,0.531120,0.555761,0.395433,0.319035,0.515473,0.458142,0.455419,0.654598,0.277190,0.738543,0.428844,0.653748,0.634341,0.648263,0.503474,0.437460,0.563183,0.447541,0.628924,0.417830,0.474426,0.277201,0.473783,0.708462,0.463361,0.538995,0.577862,0.446729,0.578253,0.307741,0.470254,0.638173,0.739829,0.586309,0.688298,0.541755,0.385841,0.472478,0.579758,0.618705,0.695048,0.718652,0.595337,0.668597,0.506317,0.597315,0.334559,0.694392,0.728367
0.650233,0.683233,0.405720,0.351924,0.323704,0.325714,0.548827,0.599183,0.351332,0.461850,0.734909,0.886630,0.842010,0.694420,0.512868,0.449870,0.000000,1.213595,0.550516,0.737999,0.351555,0.004924,0.389936,0.293366,0.306743,0.186247,0.104339,0.011756,1.014614,0.929532,0.447692,0.412635,0.840749,0.773911,0.394824,0.302043,0.670789,0.484148,0.255153,0.330181,0.689626,0.592258,0.679437,0.696573,0.599189,0.557917,0.677519,0.694401,0.522441,0.270718,0.557776,0.449481,0.521771,0.521431,0.598537,0.596552,0.738112,0.701684,0.284953,0.406775,0.556670,0.527226,0.782828,0.881834,0.400500,0.249577,0.492656,0.418152,0.520680,0.480484,0.163957,0.073901,0.835552,0.738902,0.856336,0.500888,0.905420,0.615000,0.903949,0.728362,1.268187,0.960001,0.477566,0.442815,0.615185,0.435929,0.386682,-0.034925,0.549788,0.534868
0.710826,0.884807,0.452561,0.370777,0.359979,0.423615,0.550223,0.528764,0.338731,0.554698,0.740653,0.656755,0.763587,0.517037,0.585521,0.593992,1.213595,0.000000,0.640322,0.693520,0.558435,0.246939,0.425096,0.335749,0.367709,0.329030,0.263250,0.149822,0.877774,0.804470,0.549638,0.431290,0.942450,0.821399,0.476392,0.362397,0.548768,0.437731,0.371382,0.348926,0.839883,0.603895,0.754385,0.697989,0.532886,0.726441,0.761410,0.778659,0.707928,0.330737,0.569050,0.352132,0.516534,0.617474,0.733546,0.758387,0.832245,0.886604,0.408951,0.603352,0.617792,0.543809,0.604110,0.834005,0.588549,0.295084,0.634706,0.547257,0.639147,0.621221,0.058920,0.099968,0.868192,0.867039,0.866733,0.682259,0.878011,0.522088,0.784041,0.919539,1.014098,0.934836,0.646506,0.530561,0.547876,0.348867,0.458907,0.134505,0.629136,0.534076
1.519795,1.100159,0.751902,0.499021,0.527685,0.500237,0.946732,0.626390,0.410001,0.371361,1.175971,0.510457,0.769051,0.489769,0.939944,0.736820,0.550516,0.640322,0.000000,1.085322,0.538588,0.335967,0.797456,0.442692,0.273780,0.212599,0.459311,0.385997,0.534269,0.424570,0.609884,0.431292,0.826983,0.625301,0.335385,0.288141,0.619318,0.370896,0.178149,0.070873,0.429764,0.238478,0.653883,0.633030,0.468547,0.425780,0.685225,0.737343,0.616502,0.415294,0.542990,0.337232,0.771853,0.814547,0.631558,0.705551,0.785652,0.910634,0.579884,0.738503,0.560736,0.492876,0.345993,0.372445,0.638006,0.264961,0.647096,0.532892,0.830783,0.841707,0.196121,0.188462,0.872869,0.840401,0.746997,0.778064,0.900322,0.606906,0.744769,0.687841,0.703968,0.606896,0.841895,0.542882,0.617803,0.268628,0.580261,0.092727,0.799415,0.661013
1.034757,0.994910,0.781879,0.724354,0.512563,0.615736,0.952758,0.953826,0.386165,0.455841,0.921785,0.852105,0.687057,0.736336,0.654607,0.779002,0.737999,0.693520,1.085322,0.000000,0.452645,0.216088,0.662452,0.657532,0.366761,0.290594,0.577181,0.429505,0.490375,0.499175,0.576803,0.505996,1.052053,0.990322,0.561986,0.631619,0.687047,0.492202,0.221670,0.137800,0.500295,0.392772,0.733755,0.767804,0.601243,0.546567,0.823269,0.934073,0.548548,0.247302,0.873735,0.640545,1.041547,1.030671,0.963646,0.835119,0.671345,0.927779,0.451669,0.783210,0.535185,0.568079,0.546137,0.687759,0.608068,0.412639,0.725200,0.824853,0.817073,0.977099,0.118206,0.076976,0.682457,0.754755,0.699970,0.641499,0.777603,0.567629,0.623686,0.606396,0.909168,0.886708,0.594845,0.532208,0.980168,0.760007,0.637057,0.132252,1.244604,1.189842
0.527374,0.676437,0.380105,0.232989,0.322557,0.356135,0.321099,0.234847,0.193997,0.245654,0.393184,0.207029,0.425465,0.210333,0.611647,0.516586,0.351555,0.558435,0.538588,0.452645,0.000000,1.086266,0.411966,0.313821,0.347989,0.395774,0.660687,0.508861,0.457695,0.534267,0.678130,0.463774,0.557764,0.445689,0.445250,0.292977,0.267036,0.139259,0.236182,-0.034726,0.645460,0.294094,0.304643,0.257363,0.441410,0.450601,0.305841,0.360391,0.677462,0.368809,0.340775,0.209837,0.327705,0.375315,0.428138,0.422267,0.517277,0.679765,0.553585,0.550709,0.553368,0.330316,0.249514,0.321399,0.490092,0.182773,0.648445,0.548476,0.741210,0.651567,0.313637,0.392759,0.660503,0.687859,0.633286,0.595407,0.568792,0.432792,0.421137,0.561299,0.364866,0.453055,0.558191,0.379262,0.381120,0.165556,0.264629,0.086732,0.441451,0.346016
0.272127,0.398569,0.387351,0.284201,0.320565,0.425437,0.260081,0.154134,0.154773,0.278226,0.172759,0.074539,0.144937,0.107394,0.489637,0.527549,0.004924,0.246939,0.335967,0.216088,1.086266,0.000000,0.404815,0.349986,0.368434,0.533058,0.487627,0.400316,0.244957,0.337475,0.564375,0.414870,0.261820,0.214482,0.245431,0.149770,0.003199,-0.016237,0.196901,-0.066416,0.395642,0.248701,0.145518,0.048801,0.161138,0.311209,0.128390,0.104641,0.486197,0.318023,0.256552,0.134423,0.203692,0.202250,0.275728,0.255185,0.199323,0.291157,0.406231,0.384357,0.234982,0.135409,-0.004440,0.068860,0.338204,0.106671,0.385953,0.371302,0.357819,0.316067,0.437392,0.638225,0.397995,0.518464,0.408950,0.590658,0.208299,0.204381,0.065728,0.305285,0.080447,0.213927,0.501446,0.372833,0.185452,0.074389,0.234473,0.310658,0.248597,0.226513
0.761717,0.560967,1.315014,1.013816,0.650019,0.956589,1.280513,1.039034,0.528968,0.661113,0.787320,0.657672,0.631546,0.761033,0.928903,1.034879,0.389936,0.425096,0.797456,0.662452,0.411966,0.404815,0.000000,1.174439,0.678737,0.717865,0.300907,0.360962,0.484733,0.566234,1.081330,1.152134,0.654724,0.626795,0.347330,0.325949,0.490373,0.446089,0.124253,0.008519,0.404352,0.399287,0.613259,0.517993,0.440312,0.477445,0.588828,0.541061,0.610231,0.435051,0.650300,0.507440,0.602966,0.643344,0.507342,0.549744,0.369448,0.404979,0.261779,0.399976,0.269582,0.298573,0.170357,0.315290,0.547613,0.382536,0.348777,0.398476,0.367585,0.470336,0.467023,0.546837,0.654040,0.681313,0.652783,0.645692,0.631121,0.497259,0.547997,0.572374,0.552010,0.573090,0.602570,0.415678,0.514684,0.400892,0.348031,0.021729,0.526589,0.578407
0.499460,0.490262,1.136653,1.437667,0.653389,1.119437,0.945938,1.232852,0.484611,0.810150,0.513721,0.722270,0.461125,0.822428,0.544548,0.983733,0.293366,0.335749,0.442692,0.657532,0.313821,0.349986,1.174439,0.000000,0.765224,0.802493,0.339635,0.235911,0.254206,0.423785,0.947638,1.130466,0.556461,0.673647,0.528887,0.569775,0.369267,0.392032,0.180505,0.079505,0.367082,0.438195,0.407929,0.314332,0.190697,0.386337,0.456628,0.429102,0.550889,0.196343,0.853974,0.650941,0.698918,0.696100,0.691054,0.537728,0.293454,0.344984,0.196873,0.433947,0.148203,0.294160,0.095261,0.333708,0.345687,0.423015,0.379191,0.551408,0.329821,0.464895,0.350110,0.462492,0.436291,0.530122,0.537926,0.465450,0.411376,0.368850,0.298245,0.345125,0.382265,0.495904,0.350016,0.252851,0.554504,0.716178,0.336118,0.133510,0.626260,0.832584
0.390154,0.349594,0.796663,0.729139,0.850668,0.898140,0.622573,0.629970,0.538217,0.618923,0.225368,0.348190,0.387608,0.484251,0.409941,0.611197,0.306743,0.367709,0.273780,0.366761,0.347989,0.368434,0.678737,0.765224,0.000000,1.106649,0.324708,0.347400,0.339098,0.396817,0.920890,0.873644,0.603499,0.649322,0.640443,0.518260,0.211619,0.222228,0.243461,0.173934,0.328789,0.371501,0.367003,0.323737,0.423558,0.509006,0.398381,0.460208,0.707560,0.540568,0.591069,0.576558,0.478547,0.565145,0.542627,0.510196,0.323883,0.327136,0.447631,0.540029,0.431701,0.492240,0.315368,0.406867,0.504847,0.611924,0.631451,0.721725,0.376336,0.396914,0.240124,0.460713,0.427934,0.537965,0.523711,0.505859,0.413535,0.346247,0.196884,0.249547,0.340403,0.360969,0.215141,0.161687,0.278481,0.396006,0.127962,-0.018818,0.378752,0.519269
0.286891,0.287149,0.822918,0.726440,0.533998,1.082470,0.624854,0.539087,0.293513,0.600585,0.181879,0.254756,0.242947,0.402867,0.407417,0.739346,0.186247,0.329030,0.212599,0.290594,0.395774,0.533058,0.717865,0.802493,1.106649,0.000000,0.184902,0.280796,0.350925,0.435347,0.932396,0.933100,0.511302,0.524286,0.508331,0.373055,0.103892,0.198557,0.162570,0.082124,0.349823,0.412884,0.400584,0.262003,0.230393,0.473729,0.335571,0.303570,0.559667,0.347004,0.520638,0.409339,0.399927,0.382924,0.485724,0.411843,0.268811,0.227986,0.281661,0.364005,0.314457,0.295989,0.252993,0.366248,0.458184,0.430655,0.446350,0.500513,0.224698,0.264460,0.378441,0.631473,0.390217,0.479230,0.447488,0.460835,0.239823,0.198846,0.157426,0.258761,0.275086,0.302805,0.218581,0.197549,0.289505,0.361141,0.141198,0.156380,0.369786,0.450739
0.495990,0.652632,0.411038,0.380957,0.375125,0.337669,0.327792,0.339800,0.127970,0.223321,0.235089,0.149506,0.229820,0.094557,0.371509,0.354538,0.104339,0.263250,0.459311,0.577181,0.660687,0.487627,0.300907,0.339635,0.324708,0.184902,0.000000,0.949317,0.048220,0.090996,0.364099,0.240977,0.548728,0.525677,0.412598,0.512352,0.193588,0.071971,0.172440,-0.115443,0.271733,0.053761,0.181873,0.248628,0.361793,0.304524,0.278819,0.458927,0.472791,0.218036,0.412139,0.362646,0.415815,0.605246,0.458214,0.458006,0.392703,0.686968,0.545592,0.789038,0.528591,0.469696,0.131697,0.315300,0.388411,0.372625,0.683511,0.764021,0.770846,0.789162,-0.021968,0.054128,0.278729,0.393825,0.235690,0.311197,0.289233,0.106556,0.175482,0.197288,0.276921,0.315959,0.410999,0.226039,0.424888,0.354739,0.383672,0.017501,0.719711,0.624539
0.344069,0.341149,0.399096,0.218070,0.182694,0.220339,0.298956,0.197615,0.062797,-0.010742,0.094616,0.012044,-0.004384,-0.075159,0.207736,0.193836,0.011756,0.149822,0.385997,0.429505,0.508861,0.400316,0.360962,0.235911,0.347400,0.280796,0.949317,0.000000,-0.023813,0.020384,0.271170,0.245923,0.423289,0.368931,0.261279,0.371599,0.096342,0.075836,0.072592,-0.119995,0.133240,-0.085730,0.236324,0.336483,0.500245,0.297561,0.316868,0.449960,0.288607,0.394145,0.209494,0.313685,0.273574,0.381205,0.279267,0.403096,0.246700,0.432022,0.403756,0.530732,0.379961,0.290945,0.195128,0.220540,0.344571,0.317375,0.462169,0.529275,0.504716,0.483181,0.055256,0.129491,0.156487,0.253799,0.130266,0.291091,0.211614,0.108709,0.168256,0.226011,0.174918,0.221833,0.253084,0.162621,0.236187,0.187969,0.075222,-0.113841,0.448174,0.370322
0.534383,0.458842,0.389089,0.294873,0.395133,0.400483,0.570346,0.460939,0.395772,0.402365,0.809621,0.670557,0.887696,0.730817,0.824105,0.584359,1.014614,0.877774,0.534269,0.490375,0.457695,0.244957,0.484733,0.254206,0.339098,0.350925,0.048220,-0.023813,0.000000,1.272631,0.586582,0.512946,0.715945,0.642443,0.209953,0.054034,0.563111,0.447657,0.242055,0.216517,0.796977,0.696276,0.640409,0.605928,0.502511,0.527698,0.589711,0.513139,0.462522,0.252435,0.381651,0.263459,0.270686,0.309651,0.395590,0.394576,0.416244,0.436113,0.156239,0.225131,0.500451,0.401437,0.610132,0.625442,0.471408,0.159463,0.303251,0.222428,0.354154,0.285874,0.426743,0.383636,0.857735,0.751114,0.654100,0.485623,0.654541,0.509981,0.835559,0.881535,0.954149,0.834797,0.717785,0.550284,0.527544,0.283085,0.269520,-0.008671,0.315524,0.279354
0.430144,0.463569,0.381751,0.337901,0.418102,0.459264,0.493203,0.508296,0.465504,0.476205,0.695433,0.810668,0.793257,0.810012,0.837325,0.735084,0.929532,0.804470,0.424570,0.499175,0.534267,0.337475,0.566234,0.423785,0.396817,0.435347,0.090996,0.020384,1.272631,0.000000,0.768687,0.756281,0.659315,0.607301,0.255906,0.082623,0.541057,0.466161,0.133558,0.168977,0.781766,0.738122,0.562737,0.533519,0.518563,0.614505,0.491192,0.468098,0.547356,0.345717,0.394342,0.333793,0.305840,0.336321,0.426155,0.399026,0.379484,0.432568,0.209376,0.269374,0.413705,0.329720,0.478821,0.633537,0.420214,0.144531,0.295401,0.265546,0.320998,0.320870,0.477677,0.458094,0.748681,0.716899,0.716640,0.501875,0.617001,0.482787,0.817509,0.865429,0.864676,0.877398,0.635665,0.610223,0.478412,0.334318,0.221969,0.029238,0.302779,0.328390
0.691691,0.681880,0.940474,0.774679,0.774640,1.000964,0.818636,0.766324,0.554715,0.588430,0.621529,0.559772,0.724563,0.707716,0.878274,0.993401,0.447692,0.549638,0.609884,0.576803,0.678130,0.564375,1.081330,0.947638,0.920890,0.932396,0.364099,0.271170,0.586582,0.768687,0.000000,1.649418,0.843817,0.808893,0.528071,0.396768,0.444605,0.390918,0.190663,0.058471,0.657057,0.578928,0.509058,0.434429,0.442912,0.592474,0.477778,0.521247,0.857535,0.450178,0.622611,0.440944,0.558054,0.589834,0.605772,0.559605,0.498812,0.566140,0.504042,0.592505,0.504646,0.469922,0.261342,0.444188,0.556097,0.369424,0.600825,0.593146,0.565984,0.634822,0.359983,0.534830,0.747786,0.823288,0.763179,0.700827,0.684515,0.518748,0.575574,0.609825,0.589408,0.625064,0.558000,0.443289,0.499518,0.398999,0.292068,0.079416,0.526336,0.579150
0.496212,0.463456,0.879087,0.873148,0.723061,0.991533,0.798510,0.882347,0.617225,0.629540,0.516043,0.652144,0.624302,0.791744,0.719424,0.906347,0.412635,0.431290,0.431292,0.505996,0.463774,0.414870,1.152134,1.130466,0.873644,0.933100,0.240977,0.245923,0.512946,0.756281,1.649418,0.000000,0.697691,0.729541,0.383544,0.320383,0.382281,0.401118,0.129191,0.055290,0.546548,0.533979,0.448771,0.392735,0.363754,0.521962,0.398810,0.405795,0.622459,0.372303,0.547591,0.466880,0.452181,0.472357,0.488057,0.435498,0.341869,0.361349,0.319010,0.393130,0.365062,0.362601,0.212910,0.407035,0.415607,0.371110,0.382192,0.432408,0.336958,0.407176,0.455936,0.626028,0.581338,0.654877,0.638653,0.558745,0.525654,0.443228,0.490377,0.509205,0.521739,0.569834,0.432605,0.346905,0.416221,0.434250,0.174071,0.030252,0.409197,0.499730
1.048838,0.998207,0.728046,0.610648,0.574097,0.642946,0.890970,0.812673,0.433625,0.487738,0.903086,0.683972,0.860155,0.694738,0.709885,0.729059,0.840749,0.942450,0.826983,1.052053,0.557764,0.261820,0.654724,0.556461,0.603499,0.511302,0.548728,0.423289,0.715945,0.659315,0.843817,0.697691,0.000000,1.790642,0.747420,0.728360,0.652151,0.492162,0.382062,0.256416,0.723499,0.519746,0.733644,0.787787,0.692917,0.639872,0.818336,1.011625,0.735366,0.325375,0.798926,0.580306,0.726734,0.902711,0.921969,0.902745,0.780429,1.125003,0.590988,0.883066,1.013210,0.923540,0.706119,0.993930,0.873990,0.637925,1.028050,1.005909,0.910249,0.996685,0.054213,0.082672,0.806560,0.914371,0.760385,0.623781,0.946417,0.593352,0.778739,0.720365,1.101536,1.001706,0.644199,0.488027,0.891397,0.682326,0.535598,0.041065,1.039134,0.885490
0.831786,0.846050,0.767591,0.784278,0.625716,0.707507,0.897841,0.989326,0.462457,0.581596,0.798051,0.775585,0.831229,0.823316,0.603892,0.715865,0.773911,0.821399,0.625301,0.990322,0.445689,0.214482,0.626795,0.673647,0.649322,0.524286,0.525677,0.368931,0.642443,0.607301,0.808893,0.729541,1.790642,0.000000,0.781026,0.833528,0.606557,0.479956,0.379328,0.253930,0.701938,0.546237,0.675813,0.726578,0.609894,0.637454,0.816437,0.937868,0.689625,0.257227,0.958127,0.719931,0.704698,0.889092,0.962898,0.854465,0.596251,0.872490,0.461164,0.777164,0.847146,0.892019,0.649395,1.007511,0.772405,0.702998,0.883199,1.026409,0.731531,0.841233,0.073992,0.111985,0.673349,0.818244,0.641592,0.551096,0.786260,0.527472,0.610077,0.606953,0.969623,0.954138,0.515301,0.380780,0.889141,0.852773,0.498755,0.052764,0.965145,0.942773
0.500374,0.496754,0.579032,0.522005,0.382566,0.414748,0.523196,0.567289,0.219579,0.424348,0.404514,0.413894,0.441359,0.538346,0.293739,0.497317,0.394824,0.476392,0.335385,0.561986,0.445250,0.245431,0.347330,0.528887,0.640443,0.508331,0.412598,0.261279,0.209953,0.255906,0.528071,0.383544,0.747420,0.781026,0.000000,1.363394,0.454762,0.299905,0.449917,0.323183,0.442765,0.404406,0.373745,0.344211,0.433991,0.359418,0.495372,0.574239,0.558945,0.216281,0.901394,0.660482,0.582073,0.654639,0.840971,0.648627,0.431199,0.583167,0.408382,0.600123,0.471124,0.498479,0.444213,0.497245,0.676507,0.756329,0.891755,1.034208,0.617734,0.728696,0.006853,0.061704,0.374320,0.486541,0.503219,0.363555,0.623489,0.578516,0.293443,0.338171,0.436332,0.514080,0.186207,0.159454,0.699406,0.759063,0.384901,0.173158,0.705335,0.697269
0.452296,0.453344,0.595172,0.621070,0.310915,0.396136,0.541924,0.691290,0.168026,0.407751,0.342396,0.428237,0.304436,0.477145,0.155336,0.414956,0.302043,0.362397,0.288141,0.631619,0.292977,0.149770,0.325949,0.569775,0.518260,0.373055,0.512352,0.371599,0.054034,0.082623,0.396768,0.320383,0.728360,0.833528,1.363394,0.000000,0.433650,0.384111,0.492433,0.312187,0.332642,0.331718,0.369826,0.386984,0.419850,0.327306,0.501463,0.650799,0.443301,0.110754,0.939656,0.771127,0.623872,0.695816,0.857162,0.687447,0.349506,0.562242,0.319882,0.622991,0.394717,0.526213,0.415142,0.522553,0.574553,0.867481,0.803378,1.148419,0.571699,0.770866,-0.124353,-0.079254,0.228445,0.378070,0.338880,0.307996,0.557413,0.514851,0.208271,0.233785,0.431745,0.554607,0.148176,0.140638,0.753702,0.939816,0.439614,0.162277,0.824134,0.829298
0.724293,0.513214,0.473532,0.339449,0.127148,0.212822,0.545961,0.531390,0.115425,0.270308,0.802523,0.770374,0.624332,0.647364,0.491702,0.494284,0.670789,0.548768,0.619318,0.687047,0.267036,0.003199,0.490373,0.369267,0.211619,0.103892,0.193588,0.096342,0.563111,0.541057,0.444605,0.382281,0.652151,0.606557,0.454762,0.433650,0.000000,0.990775,0.395635,0.508240,0.691125,0.644708,0.614706,0.679198,0.535237,0.359374,0.634263,0.694848,0.406761,0.226720,0.582072,0.480317,0.620898,0.522841,0.679505,0.554121,0.477038,0.505175,0.156268,0.366293,0.306637,0.397802,0.406828,0.421094,0.289420,0.248219,0.323410,0.377468,0.453466,0.590616,0.009363,-0.086935,0.558087,0.466531,0.498085,0.438737,0.964579,0.759487,0.760130,0.650873,0.899597,0.854421,0.569027,0.498660,0.783114,0.492251,0.313203,0.049123,0.524132,0.547190
0.417355,0.282144,0.444087,0.358697,0.115563,0.288074,0.518694,0.500549,0.060276,0.266889,0.502449,0.584170,0.356662,0.490638,0.297891,0.359747,0.484148,0.437731,0.370896,0.492202,0.139259,-0.016237,0.446089,0.392032,0.222228,0.198557,0.071971,0.075836,0.447657,0.466161,0.390918,0.401118,0.492162,0.479956,0.299905,0.384111,0.990775,0.000000,0.305051,0.527882,0.659850,0.835901,0.656043,0.736584,0.388888,0.341188,0.688725,0.701385,0.290882,0.169588,0.568055,0.522322,0.559267,0.513067,0.650444,0.634185,0.242145,0.282713,-0.122771,0.165350,0.091753,0.139897,0.288102,0.336382,0.179173,0.126728,0.149689,0.279632,0.255356,0.405219,0.051415,-0.049609,0.411773,0.450894,0.432724,0.453627,0.761307,0.710408,0.663208,0.676163,0.684580,0.858600,0.359057,0.407264,0.680561,0.614840,0.211975,0.126265,0.363910,0.495026
0.269313,0.284620,0.252195,0.226322,0.045705,0.058061,0.258212,0.246437,0.058081,0.224287,0.239648,0.243722,0.211869,0.198176,0.139415,0.208650,0.255153,0.371382,0.178149,0.221670,0.236182,0.196901,0.124253,0.180505,0.243461,0.162570,0.172440,0.072592,0.242055,0.133558,0.190663,0.129191,0.382062,0.379328,0.449917,0.492433,0.395635,0.305051,0.000000,0.809669,0.465960,0.331740,0.242760,0.211290,0.147204,0.143438,0.286273,0.329301,0.265264,0.039098,0.490164,0.351892,0.306796,0.273367,0.606439,0.442595,0.284691,0.329859,0.160638,0.329908,0.231170,0.291750,0.259242,0.258916,0.273863,0.283249,0.365173,0.406115,0.351707,0.356561,-0.104196,-0.091402,0.093543,0.173044,0.150251,0.173962,0.364263,0.314507,0.144391,0.254047,0.338480,0.452821,0.544078,0.471842,0.419042,0.354252,0.478107,0.348112,0.405088,0.354103
0.159149,0.133953,0.134082,0.106972,-0.042523,-0.018089,0.169432,0.149049,-0.018265,0.105289,0.185248,0.248405,0.101440,0.158113,-0.057807,0.052439,0.330181,0.348926,0.070873,0.137800,-0.034726,-0.066416,0.008519,0.079505,0.173934,0.082124,-0.115443,-0.119995,0.216517,0.168977,0.058471,0.055290,0.256416,0.253930,0.323183,0.312187,0.508240,0.527882,0.809669,0.000000,0.378830,0.459818,0.363659,0.370711,0.162588,0.209654,0.400071,0.386886,0.202546,0.168442,0.431296,0.495715,0.336973,0.285314,0.589916,0.532089,0.181207,0.128812,-0.097698,0.121148,-0.015469,0.077093,0.281686,0.241799,0.015600,0.098509,0.148883,0.246643,0.107896,0.153405,-0.196028,-0.187463,0.062864,0.152027,0.199359,0.241557,0.406748,0.443452,0.219882,0.232702,0.379620,0.429618,0.282394,0.317728,0.282865,0.352814,0.187663,0.281311,0.145882,0.263407
0.535758,0.559626,0.403371,0.294053,0.248401,0.326908,0.433227,0.411339,0.159471,0.346096,0.626713,0.601762,0.615509,0.547606,0.509409,0.518980,0.689626,0.839883,0.429764,0.500295,0.645460,0.395642,0.404352,0.367082,0.328789,0.349823,0.271733,0.133240,0.796977,0.781766,0.657057,0.546548,0.723499,0.701938,0.442765,0.332642,0.691125,0.659850,0.465960,0.378830,0.000000,1.140908,0.540074,0.547517,0.436760,0.536712,0.577717,0.620995,0.618768,0.249411,0.571970,0.388478,0.436722,0.444776,0.716933,0.606993,0.468628,0.570118,0.203926,0.370517,0.464638,0.393011,0.500359,0.622767,0.377289,0.148632,0.456918,0.453390,0.594726,0.567630,0.216989,0.178601,0.715351,0.805512,0.570079,0.579673,0.763557,0.543806,0.744634,0.828564,0.785811,0.920110,0.587322,0.443762,0.726880,0.504634,0.294068,0.148451,0.462847,0.479416
0.330820,0.315014,0.410293,0.354727,0.205902,0.389720,0.441917,0.476854,0.117814,0.427867,0.509358,0.698799,0.483650,0.645634,0.395300,0.531120,0.592258,0.603895,0.238478,0.392772,0.294094,0.248701,0.399287,0.438195,0.371501,0.412884,0.053761,-0.085730,0.696276,0.738122,0.578928,0.533979,0.519746,0.546237,0.404406,0.331718,0.644708,0.835901,0.331740,0.459818,1.140908,0.000000,0.516276,0.515884,0.333247,0.438652,0.542670,0.501784,0.418070,0.152480,0.587649,0.423376,0.427294,0.363698,0.634090,0.521291,0.214267,0.297050,-0.016288,0.204672,0.184165,0.268789,0.391539,0.517489,0.274874,0.131262,0.252280,0.329722,0.321464,0.380547,0.205847,0.158807,0.538890,0.666079,0.506289,0.500819,0.614956,0.541896,0.564385,0.674168,0.672334,0.882968,0.364854,0.384391,0.739475,0.624533,0.236760,0.239973,0.366930,0.492853
0.631514,0.529754,0.649956,0.546798,0.394241,0.520907,0.846985,0.662210,0.342478,0.464788,0.709933,0.554613,0.533129,0.517026,0.546095,0.555761,0.679437,0.754385,0.653883,0.733755,0.304643,0.145518,0.613259,0.407929,0.367003,0.400584,0.181873,0.236324,0.640409,0.562737,0.509058,0.448771,0.733644,0.675813,0.373745,0.369826,0.614706,0.656043,0.242760,0.363659,0.540074,0.516276,0.000000,1.745302,0.815860,1.040252,1.528146,1.091959,0.678368,0.571232,0.789428,0.697917,0.700270,0.706394,0.785421,0.955270,0.424444,0.436028,0.169472,0.386846,0.274423,0.283346,0.374916,0.533888,0.540074,0.353278,0.346951,0.437406,0.322676,0.414292,0.063410,0.105008,0.662094,0.667253,0.691608,0.740946,0.773534,0.581208,0.588148,0.771707,0.785869,0.788009,0.506917,0.485828,0.559115,0.415781,0.457936,0.165345,0.521677,0.548754
0.622136,0.501607,0.541501,0.433071,0.357761,0.408531,0.744576,0.593459,0.309131,0.314130,0.684817,0.529733,0.524612,0.484441,0.447935,0.395433,0.696573,0.697989,0.633030,0.767804,0.257363,0.048801,0.517993,0.314332,0.323737,0.262003,0.248628,0.336483,0.605928,0.533519,0.434429,0.392735,0.787787,0.726578,0.344211,0.386984,0.679198,0.736584,0.211290,0.370711,0.547517,0.515884,1.745302,0.000000,1.014663,1.026636,1.582483,1.368146,0.606351,0.581573,0.684028,0.723820,0.630909,0.717006,0.731246,1.002913,0.419382,0.494637,0.152369,0.395129,0.334095,0.335564,0.469811,0.595470,0.488560,0.327631,0.369056,0.464506,0.398854,0.479719,0.033957,0.004776,0.619839,0.630615,0.621970,0.634282,0.813314,0.604759,0.650945,0.751185,0.842365,0.825419,0.451494,0.425643,0.575950,0.469710,0.329193,0.023710,0.531951,0.558658
0.511136,0.396139,0.402591,0.237631,0.291579,0.279587,0.498204,0.399282,0.217518,0.144394,0.496571,0.421559,0.461594,0.413979,0.407040,0.319035,0.599189,0.532886,0.468547,0.601243,0.441410,0.161138,0.440312,0.190697,0.423558,0.230393,0.361793,0.500245,0.502511,0.518563,0.442912,0.363754,0.692917,0.609894,0.433991,0.419850,0.535237,0.388888,0.147204,0.162588,0.436760,0.333247,0.815860,1.014663,0.000000,0.941613,0.857397,0.916038,0.671764,0.673604,0.483332,0.595227,0.422268,0.484681,0.452200,0.607442,0.356062,0.487506,0.303014,0.398647,0.457633,0.376597,0.598243,0.605628,0.607321,0.377268,0.501742,0.531171,0.490548,0.514444,0.105900,0.069125,0.495170,0.463756,0.499920,0.433729,0.714788,0.577296,0.530842,0.551636,0.704949,0.699722,0.349432,0.368813,0.500658,0.350187,0.158654,-0.150548,0.410985,0.405527
0.478869,0.566176,0.461782,0.469386,0.492499,0.570763,0.552255,0.502421,0.350187,0.472849,0.486868,0.441524,0.448840,0.441137,0.403172,0.515473,0.557917,0.726441,0.425780,0.546567,0.450601,0.311209,0.477445,0.386337,0.509006,0.473729,0.304524,0.297561,0.527698,0.614505,0.592474,0.521962,0.639872,0.637454,0.359418,0.327306,0.359374,0.341188,0.143438,0.209654,0.536712,0.438652,1.040252,1.026636,0.941613,0.000000,0.923550,0.859739,1.018892,0.864609,0.631662,0.676762,0.488944,0.569306,0.604138,0.766700,0.438025,0.467770,0.341261,0.469634,0.402511,0.385046,0.460319,0.698646,0.582272,0.387751,0.460956,0.556384,0.375820,0.412690,0.107436,0.223035,0.513933,0.569244,0.581239,0.649571,0.566362,0.390614,0.395865,0.565756,0.616150,0.649712,0.435235,0.396756,0.387124,0.365824,0.322719,0.138674,0.425441,0.483866
0.670266,0.583636,0.668298,0.569250,0.428100,0.520547,0.875279,0.708155,0.311162,0.392425,0.753403,0.559342,0.525962,0.532120,0.459454,0.458142,0.677519,0.761410,0.685225,0.823269,0.305841,0.128390,0.588828,0.456628,0.398381,0.335571,0.278819,0.316868,0.589711,0.491192,0.477778,0.398810,0.818336,0.816437,0.495372,0.501463,0.634263,0.688725,0.286273,0.400071,0.577717,0.542670,1.528146,1.582483,0.857397,0.923550,0.000000,1.395420,0.693070,0.545647,0.912120,0.826309,0.812422,0.925158,0.986638,1.235696,0.419044,0.529647,0.133380,0.451242,0.282384,0.329391,0.432961,0.607293,0.542717,0.325581,0.444835,0.575154,0.456986,0.555859,0.059984,0.057887,0.645292,0.689826,0.691568,0.646879,0.826920,0.677169,0.570182,0.802314,0.760721,0.821568,0.485807,0.425852,0.674019,0.581458,0.386277,0.100171,0.594336,0.690475
0.760496,0.716697,0.642276,0.493279,0.489629,0.466372,0.781659,0.663891,0.361355,0.327596,0.724719,0.502021,0.588638,0.500875,0.474400,0.455419,0.694401,0.778659,0.737343,0.934073,0.360391,0.104641,0.541061,0.429102,0.460208,0.303570,0.458927,0.449960,0.513139,0.468098,0.521247,0.405795,1.011625,0.937868,0.574239,0.650799,0.694848,0.701385,0.329301,0.386886,0.620995,0.501784,1.091959,1.368146,0.916038,0.859739,1.395420,0.000000,0.750931,0.506480,0.815830,0.778084,0.777743,1.098109,0.991350,1.424824,0.578524,0.803967,0.257601,0.641231,0.463651,0.466743,0.523653,0.681827,0.588980,0.420374,0.667937,0.826106,0.733645,0.879154,-0.028026,-0.054637,0.640799,0.696882,0.663253,0.647563,0.949114,0.634110,0.671505,0.722181,0.885779,0.866763,0.514233,0.441153,0.694722,0.618757,0.414670,-0.041018,0.765634,0.798131
0.746582,0.839528,0.683368,0.596427,0.662370,0.696225,0.617395,0.542623,0.373685,0.550791,0.530480,0.430835,0.562117,0.424350,0.542120,0.654598,0.522441,0.707928,0.616502,0.548548,0.677462,0.486197,0.610231,0.550889,0.707560,0.559667,0.472791,0.288607,0.462522,0.547356,0.857535,0.622459,0.735366,0.689625,0.558945,0.443301,0.406761,0.290882,0.265264,0.202546,0.618768,0.418070,0.678368,0.606351,0.671764,1.018892,0.693070,0.750931,0.000000,0.866508,0.783462,0.686497,0.699245,0.777467,0.756305,0.808095,0.637987,0.700770,0.652893,0.802733,0.526219,0.519663,0.376489,0.565152,0.534156,0.345133,0.875055,0.818525,0.675698,0.704727,0.148509,0.273446,0.693612,0.757427,0.746169,0.707146,0.754301,0.513574,0.478351,0.489062,0.606475,0.577511,0.531225,0.412391,0.416265,0.325975,0.432505,0.113240,0.496916,0.612378
