0.000000,0.635134,0.380467,0.422487,-0.062419,0.021348,0.269559,0.365420,0.332073,0.386374,0.594312,0.795647,0.626880,0.587719,0.521128,0.694830,0.742087,0.638488,0.918282,0.856016,0.056728,0.266867,0.464257,0.474461,0.317073,0.101378,0.087419,0.173820,0.271640,0.474290,0.346029,0.342671,0.772838,0.784448,0.301821,0.219354,-0.060373,0.238932,0.242527,0.318644,0.214771,0.196789,-0.256817,-0.164240,0.292863,0.202309,-0.144046,-0.155941,-0.169245,0.127153,-0.000895,0.082391,0.378735,0.312276,0.644690,0.555212,0.756649,0.623082,0.828950,0.509211,0.736521,0.705704,0.818940,0.760599,0.599301,0.664434,0.546807,0.507104,0.679434,0.612509,0.078156,-0.002940,0.347655,0.324514,0.223734,0.360453,0.306033,0.273606,0.661031,0.415285,0.750858,0.795311,0.524883,0.571729,0.894908,0.638577,0.250566,0.277179,0.554336,0.603705
0.635134,0.000000,0.135812,0.520842,0.145795,0.165413,0.368433,0.570301,0.449848,0.444322,0.008286,0.528249,0.270676,0.253619,0.424609,0.543388,0.396505,0.415762,0.696400,0.829401,-0.138352,0.135800,0.260611,0.218272,0.346453,0.158952,0.109152,0.166647,-0.097013,0.094566,-0.038014,-0.070438,0.616425,0.508676,0.465603,0.244244,-0.442810,0.008204,0.201514,0.287916,0.076039,0.052075,-0.216533,-0.224559,0.318400,0.049192,-0.069334,-0.093904,0.054754,0.275955,0.044377,0.140507,0.736585,0.578386,0.684339,0.708505,0.796367,0.934426,0.784633,0.890607,0.531447,0.821835,0.467213,0.850107,0.460476,0.520486,0.961990,1.035292,1.035626,1.267324,-0.380588,-0.489320,-0.072224,-0.072437,-0.125602,-0.088467,0.055555,-0.072197,0.351046,0.246550,0.395709,0.754098,0.265930,0.268298,0.616744,0.758027,0.334529,0.278960,0.706592,0.874364
0.380467,0.135812,0.000000,0.900567,0.222189,0.148076,0.780596,0.569742,0.151011,-0.055935,0.401189,0.382256,0.546017,0.529448,0.160091,0.234567,0.073410,0.050106,0.258774,0.123881,0.294491,0.233509,1.022572,1.143710,0.550048,0.520807,0.520062,0.272803,0.211006,0.092619,0.666720,0.638601,0.083286,0.113248,0.108905,0.036630,-0.092496,-0.136305,-0.020164,-0.114940,-0.003893,-0.105055,-0.026393,0.024581,0.273806,0.282181,-0.070687,-0.057374,0.234347,0.327028,0.309103,0.406427,-0.006607,0.029654,0.017311,-0.015350,0.057586,-0.023401,0.062767,0.014904,-0.120588,-0.063740,-0.154722,-0.101841,0.133317,0.177528,0.046166,0.077061,-0.012779,-0.005964,0.473567,0.457654,0.061911,0.151813,0.100876,0.092087,-0.068065,0.056581,0.137596,0.056353,-0.023675,-0.013659,0.083091,0.102976,0.102747,0.275782,-0.159684,-0.185303,0.104272,0.158516
0.422487,0.520842,0.900567,0.000000,0.207626,0.112158,0.863066,0.878732,0.231008,0.168092,0.268410,0.551629,0.408776,0.536807,0.140663,0.411390,0.265058,0.260391,0.515066,0.514111,0.145262,0.167065,0.773489,1.032945,0.555677,0.474053,0.334165,0.160802,0.090626,0.081087,0.541578,0.474910,0.371372,0.379830,0.248338,0.125846,-0.511433,-0.124074,-0.077175,-0.114078,-0.104252,-0.069678,-0.026350,-0.050292,0.459607,0.314321,0.033576,-0.007634,0.126395,0.311578,0.106982,0.319239,0.135560,0.085808,0.121823,0.188319,0.297431,0.232844,0.315123,0.289232,0.085567,0.258556,0.005615,0.248576,0.274350,0.454537,0.373256,0.432576,0.247826,0.308739,0.160122,0.084141,0.019632,0.093682,0.116280,-0.035850,-0.039026,-0.056317,0.341950,0.122390,0.146728,0.248287,0.030989,0.067823,0.302710,0.492909,-0.067375,-0.089333,0.197283,0.382994
-0.062419,0.145795,0.222189,0.207626,0.000000,1.225811,0.471475,0.370111,0.436850,-0.009224,-0.151834,0.169284,0.152928,0.072819,0.519039,0.125995,-0.139257,-0.144819,0.005885,0.130542,0.202527,-0.014314,0.186510,0.138188,0.425494,0.730483,0.639553,0.619812,-0.061641,-0.150801,-0.074448,-0.180636,-0.084703,-0.170569,0.132332,0.251168,-0.106205,-0.345161,0.113299,0.071772,0.149256,-0.338858,0.438724,0.291393,0.175716,0.060333,0.475881,0.388786,0.394605,0.351982,0.534373,0.701881,0.437517,0.564389,0.207457,0.287521,-0.296830,-0.297986,-0.071746,-0.168014,-0.275966,-0.200254,-0.190583,-0.212164,0.195942,0.138952,0.097144,0.135334,-0.020168,0.136135,-0.003865,-0.001856,-0.027210,0.045268,0.079894,-0.058455,0.194625,0.235202,-0.108034,-0.031205,-0.128723,-0.063193,0.047969,-0.172802,-0.003490,0.170516,0.079382,-0.053577,0.347648,0.237857
0.021348,0.165413,0.148076,0.112158,1.225811,0.000000,0.284635,0.331832,0.372360,-0.013145,-0.152846,0.222676,0.142734,0.023131,0.544350,0.110471,-0.050498,0.009412,0.070063,0.209071,0.160249,0.020507,0.149357,0.131419,0.279138,0.562544,0.757253,0.679759,0.021150,-0.101964,-0.178115,-0.220102,0.026331,-0.060113,0.094694,0.291305,-0.071259,-0.466404,0.071707,0.069699,0.123696,-0.365820,0.534707,0.432347,0.176614,0.115148,0.582764,0.510129,0.306100,0.276543,0.473273,0.573151,0.438198,0.584063,0.262611,0.294990,-0.180565,-0.217806,0.000833,-0.123922,-0.165436,-0.169626,-0.110315,-0.190406,0.111596,0.074066,0.110935,0.153899,0.038585,0.195063,-0.084384,-0.057069,0.044384,0.130892,0.091152,0.039969,0.208143,0.268496,-0.070729,0.021147,-0.046404,-0.014434,-0.004148,-0.162249,-0.012277,0.099044,0.106016,-0.118518,0.352438,0.188509
0.269559,0.368433,0.780596,0.863066,0.471475,0.284635,0.000000,1.364795,0.240731,0.069572,0.372700,0.678483,0.773064,0.643508,0.250614,0.336346,0.094941,0.066336,0.126477,0.204593,0.171199,0.149531,0.763981,0.746210,0.529941,0.519169,0.376826,0.164915,0.139722,0.012957,0.408315,0.336946,0.080900,0.062993,0.094388,0.108996,-0.220659,-0.223343,-0.066952,-0.150025,0.050317,-0.155082,0.107707,0.010800,0.359619,0.219644,0.090168,0.062458,0.513156,0.701479,0.551205,0.763175,0.335768,0.389921,0.174784,0.205054,0.009259,-0.071728,0.143650,0.114477,-0.025632,0.136393,-0.054479,0.052559,0.327855,0.435217,0.203249,0.265781,0.002840,0.148571,0.296450,0.295116,0.027896,0.194296,0.152971,0.061367,0.007197,-0.001723,0.146017,-0.040327,0.002859,0.070934,0.082573,-0.018541,0.171872,0.431636,-0.078504,-0.129277,0.269642,0.377503
0.365420,0.570301,0.569742,0.878732,0.370111,0.331832,1.364795,0.000000,0.237394,0.079209,0.352049,0.860264,0.764193,0.664341,0.309799,0.431871,0.238398,0.253655,0.234209,0.389260,0.105754,0.242956,0.718490,0.752046,0.479156,0.420668,0.387709,0.183533,0.187068,0.089107,0.297914,0.313661,0.299626,0.258385,0.162535,0.220525,-0.291738,-0.236682,-0.044666,-0.065846,0.094943,-0.140553,0.110768,0.018602,0.390639,0.231679,0.127261,0.097457,0.339346,0.586207,0.430567,0.698805,0.410321,0.435003,0.293134,0.313156,0.181788,0.073316,0.279757,0.228067,0.126316,0.266736,0.065192,0.191360,0.347073,0.515321,0.328446,0.439951,0.179849,0.345563,0.172853,0.166158,0.090466,0.188778,0.127520,0.132258,0.075716,0.026096,0.230687,0.008307,0.161742,0.238125,0.072991,0.069499,0.276233,0.511393,0.031882,-0.037182,0.353676,0.464008
0.332073,0.449848,0.151011,0.231008,0.436850,0.372360,0.240731,0.237394,0.000000,0.429473,-0.109090,0.139897,0.062606,0.058590,0.393385,0.368540,0.088678,0.096976,0.332571,0.350774,-0.046468,0.008467,0.034451,0.000842,0.141202,0.153501,0.220740,0.308433,-0.169084,-0.033828,-0.120305,-0.200125,0.177622,0.147278,0.147182,0.083842,-0.168130,-0.133572,0.191060,0.134813,0.173139,-0.039867,-0.158415,-0.163466,0.092323,-0.027576,-0.028140,-0.094216,0.102252,0.149076,0.057220,0.152319,0.385006,0.319568,0.382119,0.327258,0.245264,0.238942,0.355702,0.237721,0.168242,0.265215,0.172179,0.279243,0.235781,0.297071,0.347122,0.301949,0.317507,0.376030,-0.134168,-0.248219,0.038826,-0.015003,0.050100,-0.101289,0.009000,-0.097611,0.113009,0.165834,0.114257,0.234177,0.220230,0.164172,0.264726,0.271467,0.334805,0.155682,0.485758,0.489361
0.386374,0.444322,-0.055935,0.168092,-0.009224,-0.013145,0.069572,0.079209,0.429473,0.000000,0.009232,0.148658,0.086465,0.134164,0.296959,0.543188,0.259594,0.284530,0.380984,0.332174,-0.009033,0.165286,-0.067940,-0.054486,0.165594,0.019261,-0.129493,0.114029,-0.001227,0.210809,0.004767,-0.039643,0.303661,0.312786,0.092615,-0.031433,-0.136326,0.252909,0.116626,0.182799,0.028287,0.124929,-0.339320,-0.308007,0.003041,-0.144318,-0.255423,-0.217784,-0.207700,-0.092728,-0.221170,-0.188396,0.240122,0.203827,0.315672,0.408903,0.453665,0.509362,0.433442,0.389197,0.414222,0.494485,0.364002,0.539900,0.223628,0.307194,0.332198,0.292498,0.368312,0.355846,-0.105485,-0.273550,0.031698,-0.018328,-0.045720,-0.058732,-0.018157,-0.041890,0.382612,0.329415,0.347353,0.451457,0.386522,0.338948,0.452314,0.361180,0.292838,0.366199,0.436386,0.602837
0.594312,0.008286,0.401189,0.268410,-0.151834,-0.152846,0.372700,0.352049,-0.109090,0.009232,0.000000,0.773133,0.988323,0.770597,0.323501,0.356184,0.742662,0.571834,0.334684,0.287093,0.312924,0.473106,0.659248,0.612112,0.349310,0.178386,0.053859,0.046312,0.730676,0.644979,0.898588,0.883183,0.384237,0.506072,0.145648,0.228350,0.321358,0.206346,0.222460,0.136063,0.390767,0.174323,0.046079,0.094523,0.309286,0.340385,0.010538,0.021174,-0.008692,0.157213,0.205531,0.208876,0.029999,0.005691,0.275635,0.190617,0.246999,0.053726,0.126134,-0.019073,0.272759,0.170419,0.379313,0.168802,0.332277,0.293215,0.058931,0.100084,0.105844,0.083694,0.614507,0.557042,0.722400,0.616436,0.556812,0.711735,0.453077,0.417404,0.388211,0.328026,0.517888,0.389412,0.385963,0.396543,0.469319,0.323599,0.085461,0.131680,0.164730,0.129255
0.795647,0.528249,0.382256,0.551629,0.169284,0.222676,0.678483,0.860264,0.139897,0.148658,0.773133,0.000000,1.054004,1.105139,0.566020,0.635172,0.901338,0.841934,0.612519,0.822207,0.172858,0.410878,0.711956,0.683556,0.550220,0.393706,0.237653,0.262249,0.588958,0.585048,0.614258,0.587438,0.723746,0.733520,0.304402,0.343655,-0.130000,0.038692,0.236986,0.192731,0.276494,0.122542,0.106511,0.078990,0.487555,0.375236,0.179784,0.124168,0.014729,0.272434,0.208164,0.357060,0.432093,0.390745,0.639845,0.587691,0.441642,0.267327,0.524699,0.238794,0.443470,0.442972,0.526165,0.523547,0.621441,0.661095,0.460599,0.512991,0.404745,0.502190,0.291449,0.242340,0.572062,0.602001,0.468532,0.466018,0.463426,0.380807,0.671228,0.418892,0.720923,0.696967,0.403202,0.362018,0.734940,0.697129,0.225160,0.238315,0.537395,0.554219
0.626880,0.270676,0.546017,0.408776,0.152928,0.142734,0.773064,0.764193,0.062606,0.086465,0.988323,1.054004,0.000000,1.219952,0.553079,0.580757,0.552089,0.475499,0.305480,0.327090,0.309867,0.464359,0.876215,0.751204,0.673305,0.470917,0.350186,0.254921,0.588662,0.490801,0.683432,0.671361,0.311320,0.341863,0.076649,0.184800,0.068591,-0.044173,0.136271,0.061982,0.365049,0.115113,-0.040407,-0.074185,0.246317,0.167013,-0.057785,-0.084687,0.101495,0.326489,0.320694,0.393741,0.254335,0.318714,0.387143,0.292762,0.235738,0.075594,0.277047,0.082686,0.239013,0.205741,0.299236,0.184886,0.409875,0.386883,0.168503,0.200492,0.199211,0.236489,0.565812,0.529500,0.519586,0.588197,0.389370,0.485402,0.310180,0.306946,0.379113,0.226496,0.435557,0.367578,0.472268,0.360870,0.479330,0.449368,0.125703,0.096163,0.350355,0.323118
0.587719,0.253619,0.529448,0.536807,0.072819,0.023131,0.643508,0.664341,0.058590,0.134164,0.770597,1.105139,1.219952,0.000000,0.486372,0.716532,0.630305,0.576466,0.355302,0.407145,0.250793,0.488311,0.688617,0.740329,0.690828,0.522619,0.282946,0.261811,0.635298,0.589599,0.877370,0.850116,0.369932,0.434672,0.029399,0.062481,-0.049371,0.118875,0.113462,0.006102,0.238855,0.247030,-0.105634,-0.118231,0.253614,0.217007,-0.097906,-0.141178,-0.049599,0.166162,0.095755,0.227638,0.090537,0.124479,0.291200,0.247101,0.321432,0.135002,0.337344,0.059058,0.241661,0.200542,0.268435,0.276843,0.393587,0.467664,0.169085,0.170368,0.205896,0.213611,0.655078,0.562733,0.579076,0.597687,0.468378,0.433480,0.246648,0.238384,0.588660,0.341195,0.544945,0.406753,0.503671,0.393877,0.504150,0.474897,0.110161,0.145970,0.271682,0.351505
0.521128,0.424609,0.160091,0.140663,0.519039,0.544350,0.250614,0.309799,0.393385,0.296959,0.323501,0.566020,0.553079,0.486372,0.000000,0.792504,0.480554,0.416869,0.479626,0.530422,0.345593,0.516294,0.323799,0.231650,0.625822,0.537065,0.475251,0.744066,0.341654,0.471649,0.257557,0.223287,0.411175,0.370991,0.370134,0.371806,0.124109,0.109309,0.541700,0.549329,0.532535,0.244023,0.197396,0.134091,0.304023,0.144545,0.250797,0.190801,-0.035519,0.146907,0.228897,0.341212,0.529726,0.545464,0.710433,0.650984,0.331503,0.207741,0.404916,0.160838,0.327006,0.253547,0.411696,0.257873,0.493484,0.338382,0.433193,0.474545,0.484394,0.577434,0.090230,0.031981,0.460903,0.418719,0.306138,0.423923,0.519922,0.481055,0.301481,0.353367,0.517041,0.561799,0.848755,0.584203,0.665224,0.623161,0.632790,0.574250,0.802758,0.618113
0.694830,0.543388,0.234567,0.411390,0.125995,0.110471,0.336346,0.431871,0.368540,0.543188,0.356184,0.635172,0.580757,0.716532,0.792504,0.000000,0.630243,0.602377,0.534702,0.554984,0.279584,0.630217,0.310806,0.360777,0.533408,0.294229,0.301789,0.364533,0.408716,0.609782,0.371400,0.359480,0.553226,0.526231,0.179674,0.167563,-0.049081,0.257412,0.277843,0.344717,0.348520,0.349554,-0.156331,-0.188282,0.324397,0.142805,-0.088358,-0.139670,-0.136391,0.089914,0.016486,0.084306,0.412134,0.319343,0.630039,0.534440,0.711936,0.492035,0.648202,0.381026,0.544593,0.485496,0.499732,0.512714,0.423260,0.432261,0.506639,0.481137,0.653287,0.600420,0.203289,0.067129,0.370665,0.359906,0.192879,0.339903,0.198946,0.173719,0.663067,0.454931,0.745408,0.722379,0.712124,0.872049,0.788868,0.712643,0.509261,0.458649,0.678838,0.757158
0.742087,0.396505,0.073410,0.265058,-0.139257,-0.050498,0.094941,0.238398,0.088678,0.259594,0.742662,0.901338,0.552089,0.630305,0.480554,0.630243,0.000000,1.686623,0.859544,0.951851,0.274608,0.518487,0.388896,0.387480,0.418393,0.187452,0.059541,0.177734,0.799318,0.987924,0.587535,0.555933,1.204919,1.369551,0.375837,0.323144,0.066834,0.364939,0.542879,0.505849,0.515007,0.393872,0.052484,0.128910,0.539862,0.432133,0.187836,0.157213,-0.256631,-0.037058,-0.062538,-0.017640,0.275983,0.185877,0.779025,0.673637,0.854077,0.554465,0.606439,0.330418,0.714071,0.536836,0.824175,0.714131,0.529828,0.480928,0.582757,0.562806,0.681234,0.608887,0.192871,0.084723,0.963188,0.727570,0.560255,0.547562,0.674334,0.517278,0.984586,0.831700,1.372506,1.175545,0.549139,0.655737,0.972255,0.652535,0.466755,0.426052,0.533174,0.488738
0.638488,0.415762,0.050106,0.260391,-0.144819,0.009412,0.066336,0.253655,0.096976,0.284530,0.571834,0.841934,0.475499,0.576466,0.416869,0.602377,1.686623,0.000000,0.712835,0.887883,0.224660,0.564524,0.344556,0.386600,0.339221,0.141758,0.075241,0.172066,0.780026,0.964858,0.500604,0.516036,1.206026,1.302747,0.306966,0.301008,0.083693,0.301856,0.445367,0.435775,0.436064,0.327479,0.035095,0.106242,0.490723,0.402335,0.159180,0.144434,-0.280968,-0.041793,-0.099472,-0.046302,0.285801,0.160478,0.751913,0.620473,0.888826,0.621632,0.607803,0.356604,0.715742,0.545769,0.793552,0.746768,0.461415,0.453407,0.576999,0.568731,0.727703,0.647774,0.174074,0.065628,0.870987,0.674204,0.483067,0.474812,0.597504,0.472335,1.043585,0.988893,1.371344,1.242832,0.423317,0.639996,0.848130,0.627175,0.456757,0.397214,0.548667,0.478167
0.918282,0.696400,0.258774,0.515066,0.005885,0.070063,0.126477,0.234209,0.332571,0.380984,0.334684,0.612519,0.305480,0.355302,0.479626,0.534702,0.859544,0.712835,0.000000,1.498265,-0.036773,0.239790,0.423985,0.375537,0.441054,0.241639,0.087042,0.286836,0.159020,0.382476,0.340112,0.279519,1.071799,1.019255,0.676225,0.461168,-0.342080,0.112700,0.426724,0.388976,0.160677,0.139813,-0.075394,-0.035139,0.444705,0.226798,0.141200,0.051891,-0.323196,-0.119287,-0.154512,-0.012123,0.362690,0.241121,0.736497,0.738853,0.730501,0.600629,0.683044,0.395157,0.539501,0.551092,0.538240,0.662870,0.657450,0.479870,0.798326,0.796724,0.798791,0.789163,-0.156010,-0.250996,0.383202,0.329775,0.321095,0.132147,0.434400,0.309562,0.557529,0.455567,0.640968,0.837139,0.370982,0.357811,0.910712,0.704736,0.400841,0.364937,0.619842,0.541658
0.856016,0.829401,0.123881,0.514111,0.130542,0.209071,0.204593,0.389260,0.350774,0.332174,0.287093,0.822207,0.327090,0.407145,0.530422,0.554984,0.951851,0.887883,1.498265,0.000000,-0.069221,0.211568,0.380601,0.369988,0.410608,0.265454,0.099376,0.262183,0.222330,0.433932,0.253083,0.213581,1.191617,1.093709,0.619646,0.487670,-0.375631,0.094036,0.379919,0.411571,0.198341,0.092527,0.016152,0.026293,0.467027,0.246548,0.245780,0.149887,-0.262738,-0.003980,-0.109542,0.074408,0.486363,0.362485,0.812692,0.857212,0.702574,0.626262,0.765004,0.453233,0.600556,0.638167,0.662413,0.825220,0.727069,0.633176,0.891064,0.921074,0.866090,0.972623,-0.204250,-0.284569,0.436778,0.399621,0.345447,0.174666,0.541758,0.374612,0.659938,0.527381,0.783103,1.008237,0.332720,0.337056,0.914791,0.755268,0.399808,0.361630,0.666507,0.636168
0.056728,-0.138352,0.294491,0.145262,0.202527,0.160249,0.171199,0.105754,-0.046468,-0.009033,0.312924,0.172858,0.309867,0.250793,0.345593,0.279584,0.274608,0.224660,-0.036773,-0.069221,0.000000,0.446197,0.282935,0.341060,0.461438,0.370392,0.583520,0.473457,0.680310,0.503186,0.474368,0.439153,0.055400,0.109261,-0.061602,-0.010341,0.417837,0.245573,0.319384,0.329479,0.583253,0.380653,0.199902,0.166409,0.172145,0.162022,0.116369,0.111137,0.055060,0.070905,0.238894,0.180610,0.047990,0.026061,0.104224,0.032523,0.069124,-0.105805,0.022447,-0.059455,0.013480,-0.121126,0.060664,-0.160577,-0.035974,-0.099112,-0.079009,-0.085729,-0.022384,-0.104737,0.459019,0.436096,0.377854,0.348233,0.286928,0.374416,0.164173,0.245396,0.306037,0.286635,0.273529,0.135574,0.328843,0.349826,0.202406,0.176335,0.179525,0.099131,0.132332,0.098591
0.266867,0.135800,0.233509,0.167065,-0.014314,0.020507,0.149531,0.242956,0.008467,0.165286,0.473106,0.410878,0.464359,0.488311,0.516294,0.630217,0.518487,0.564524,0.239790,0.211568,0.446197,0.000000,0.369895,0.383459,0.467323,0.300569,0.297028,0.378523,0.682035,0.785007,0.595524,0.693415,0.381794,0.433541,0.105415,0.127588,0.391143,0.257472,0.309806,0.283913,0.376846,0.368953,0.020926,0.047690,0.223791,0.212790,0.013025,0.060115,-0.184930,-0.046816,0.054435,0.063684,0.150356,0.037091,0.403132,0.268978,0.385653,0.173219,0.191906,0.054601,0.247378,0.097781,0.250380,0.112416,0.169259,0.062483,0.156132,0.199192,0.304620,0.233804,0.506415,0.425036,0.575535,0.439916,0.382382,0.551836,0.315325,0.328528,0.475413,0.543232,0.518379,0.456607,0.423049,0.666713,0.450077,0.439234,0.399352,0.402087,0.422652,0.306054
0.464257,0.260611,1.022572,0.773489,0.186510,0.149357,0.763981,0.718490,0.034451,-0.067940,0.659248,0.711956,0.876215,0.688617,0.323799,0.310806,0.388896,0.344556,0.423985,0.380601,0.282935,0.369895,0.000000,1.553124,0.858088,0.601006,0.499713,0.255300,0.367492,0.271474,0.812378,0.826615,0.394181,0.395155,0.396654,0.394624,-0.073905,-0.129525,0.136145,0.048553,0.219686,-0.058545,0.072821,0.065475,0.353294,0.277328,0.085785,0.066678,0.108103,0.275567,0.312619,0.430529,0.167996,0.210880,0.295909,0.278073,0.184646,0.067242,0.244482,0.094780,0.095912,0.111853,0.078780,0.070979,0.353380,0.290623,0.258811,0.329402,0.204435,0.236492,0.379107,0.391022,0.321413,0.358850,0.280923,0.275141,0.284830,0.297428,0.290591,0.174672,0.269439,0.294127,0.151170,0.217216,0.391139,0.494196,-0.032547,0.004090,0.323137,0.306685
0.474461,0.218272,1.143710,1.032945,0.138188,0.131419,0.746210,0.752046,0.000842,-0.054486,0.612112,0.683556,0.751204,0.740329,0.231650,0.360777,0.387480,0.386600,0.375537,0.369988,0.341060,0.383459,1.553124,0.000000,0.709107,0.548146,0.484504,0.203011,0.428039,0.309265,0.862336,0.931014,0.385627,0.430459,0.235980,0.258234,-0.083255,-0.061842,0.035945,-0.007645,0.148524,-0.004194,0.063529,0.095469,0.401148,0.383695,0.067303,0.073799,0.104515,0.314935,0.266051,0.396792,0.072576,0.099030,0.172477,0.164273,0.213401,0.081068,0.228478,0.119326,0.085158,0.109304,0.076135,0.086432,0.241641,0.357027,0.205260,0.264821,0.157746,0.173828,0.467306,0.440435,0.305288,0.373966,0.260006,0.290788,0.188685,0.258039,0.386893,0.223062,0.289223,0.272590,0.098276,0.237597,0.319385,0.456572,-0.090461,-0.099943,0.185786,0.239316
0.317073,0.346453,0.550048,0.555677,0.425494,0.279138,0.529941,0.479156,0.141202,0.165594,0.349310,0.550220,0.673305,0.690828,0.625822,0.533408,0.418393,0.339221,0.441054,0.410608,0.461438,0.467323,0.858088,0.709107,0.000000,1.233538,0.749132,0.618188,0.373271,0.356508,0.704022,0.592775,0.356344,0.342857,0.399382,0.393775,-0.104935,-0.032511,0.204309,0.094332,0.244954,0.094197,0.071749,-0.005576,0.303331,0.100445,0.132224,0.038399,-0.008042,0.119195,0.176493,0.342020,0.235531,0.294747,0.350831,0.338529,0.240970,0.108566,0.255150,0.075282,0.081016,0.084614,0.082020,0.097832,0.370078,0.254113,0.319876,0.357141,0.333444,0.372868,0.319245,0.278614,0.347861,0.357338,0.318273,0.240112,0.324559,0.320797,0.335426,0.234143,0.379525,0.373769,0.364991,0.255711,0.487876,0.575383,0.093540,0.122216,0.493103,0.453753
0.101378,0.158952,0.520807,0.474053,0.730483,0.562544,0.519169,0.420668,0.153501,0.019261,0.178386,0.393706,0.470917,0.522619,0.537065,0.294229,0.187452,0.141758,0.241639,0.265454,0.370392,0.300569,0.601006,0.548146,1.233538,0.000000,0.793042,0.727478,0.253512,0.164526,0.504576,0.398574,0.141723,0.131784,0.238369,0.282667,-0.163624,-0.218761,0.050330,-0.077782,0.076841,-0.114390,0.221090,0.118330,0.221118,0.122931,0.254328,0.161657,0.067624,0.122080,0.208917,0.408372,0.175763,0.237390,0.174631,0.162887,-0.035012,-0.141135,0.027139,-0.127082,-0.161257,-0.146550,-0.102253,-0.114207,0.246930,0.146410,0.116075,0.169214,0.096836,0.183636,0.370208,0.321068,0.240362,0.304485,0.343841,0.173668,0.269739,0.296981,0.155418,0.142283,0.143124,0.111861,0.177903,0.013348,0.192175,0.318092,-0.101475,-0.062832,0.341999,0.265945
0.087419,0.109152,0.520062,0.334165,0.639553,0.757253,0.376826,0.387709,0.220740,-0.129493,0.053859,0.237653,0.350186,0.282946,0.475251,0.301789,0.059541,0.075241,0.087042,0.099376,0.583520,0.297028,0.499713,0.484504,0.749132,0.793042,0.000000,0.878829,0.288786,0.096012,0.260425,0.250791,0.055797,0.000894,0.021469,0.189102,0.018674,-0.333340,0.048312,0.027749,0.187547,-0.113757,0.247735,0.168661,0.142320,0.061000,0.272411,0.176876,0.151535,0.143770,0.306529,0.375388,0.206159,0.297941,0.165418,0.079274,-0.014883,-0.136935,0.043397,-0.093779,-0.158202,-0.200875,-0.166327,-0.267663,0.046696,-0.048356,0.034139,0.050166,0.094552,0.121009,0.230268,0.290011,0.119553,0.186631,0.104741,0.195582,0.094979,0.172903,0.073228,0.013245,0.064718,-0.008599,0.044492,0.045207,0.060388,0.149205,0.026665,-0.178229,0.310665,0.220063
0.173820,0.166647,0.272803,0.160802,0.619812,0.679759,0.164915,0.183533,0.308433,0.114029,0.046312,0.262249,0.254921,0.261811,0.744066,0.364533,0.177734,0.172066,0.286836,0.262183,0.473457,0.378523,0.255300,0.203011,0.618188,0.727478,0.878829,0.000000,0.275043,0.288917,0.206237,0.156232,0.149702,0.124394,0.123267,0.184808,0.058736,-0.134134,0.265805,0.212130,0.267520,0.076942,0.226333,0.165755,0.110091,0.009330,0.259244,0.173748,-0.076574,-0.053559,0.166306,0.204165,0.272825,0.294418,0.331391,0.271773,0.044636,-0.029285,0.111180,-0.079264,-0.016274,-0.099688,0.060320,-0.065793,0.196823,-0.056487,0.141410,0.148171,0.204390,0.234921,0.077778,0.098451,0.221382,0.213151,0.277914,0.181396,0.253346,0.262105,0.172992,0.213281,0.216841,0.172819,0.331267,0.199116,0.302130,0.235401,0.286959,0.196605,0.525679,0.360172
0.271640,-0.097013,0.211006,0.090626,-0.061641,0.021150,0.139722,0.187068,-0.169084,-0.001227,0.730676,0.588958,0.588662,0.635298,0.341654,0.408716,0.799318,0.780026,0.159020,0.222330,0.680310,0.682035,0.367492,0.428039,0.373271,0.253512,0.288786,0.275043,0.000000,1.343036,0.772559,0.839989,0.452903,0.548106,-0.034636,0.056116,0.478802,0.397259,0.391150,0.340466,0.475536,0.372667,0.150055,0.249601,0.269741,0.351278,0.112524,0.152089,-0.123236,0.012379,0.076865,0.059161,-0.032352,-0.061825,0.286452,0.151706,0.308999,0.087851,0.167655,-0.042470,0.311051,0.079823,0.362662,0.147523,0.191538,0.144417,0.037848,0.037482,0.114620,0.043886,0.687240,0.665859,0.920413,0.740392,0.481611,0.584179,0.490930,0.576953,0.714242,0.708501,0.763976,0.453490,0.470114,0.577527,0.368922,0.267744,0.251764,0.208031,0.199296,0.123815
0.474290,0.094566,0.092619,0.081087,-0.150801,-0.101964,0.012957,0.089107,-0.033828,0.210809,0.644979,0.585048,0.490801,0.589599,0.471649,0.609782,0.987924,0.964858,0.382476,0.433932,0.503186,0.785007,0.271474,0.309265,0.356508,0.164526,0.096012,0.288917,1.343036,0.000000,0.651794,0.710680,0.665862,0.779466,0.098659,0.093192,0.401067,0.644347,0.510236,0.525304,0.466940,0.530898,-0.017714,0.083924,0.276934,0.305858,-0.001330,0.021450,-0.318479,-0.086067,-0.104273,-0.102621,0.102465,-0.018980,0.521409,0.358305,0.571777,0.384679,0.408513,0.192776,0.604050,0.350817,0.690498,0.474099,0.391207,0.286096,0.277465,0.242214,0.418016,0.298597,0.481600,0.421046,0.897244,0.651502,0.487137,0.548299,0.566334,0.601725,0.926409,1.017497,1.172694,0.817706,0.723227,0.963374,0.701507,0.451004,0.421797,0.505015,0.450428,0.373071
0.346029,-0.038014,0.666720,0.541578,-0.074448,-0.178115,0.408315,0.297914,-0.120305,0.004767,0.898588,0.614258,0.683432,0.877370,0.257557,0.371400,0.587535,0.500604,0.340112,0.253083,0.474368,0.595524,0.812378,0.862336,0.704022,0.504576,0.260425,0.206237,0.772559,0.651794,0.000000,1.802493,0.354700,0.471426,0.149116,0.135179,0.168614,0.210335,0.188399,0.036886,0.207190,0.248660,0.016177,0.058644,0.311768,0.336883,-0.002947,-0.017926,-0.161969,-0.020479,0.018021,0.086069,-0.178784,-0.236155,0.098891,0.030707,0.229072,0.010281,0.122019,-0.113093,0.077499,-0.004500,0.123513,0.074473,0.213029,0.179253,0.028632,0.048986,0.036354,-0.014014,0.857085,0.727741,0.621911,0.530167,0.482193,0.420993,0.305868,0.346558,0.504854,0.410546,0.440999,0.301310,0.331940,0.347519,0.377451,0.381404,-0.019521,0.094893,0.100450,0.115429
0.342671,-0.070438,0.638601,0.474910,-0.180636,-0.220102,0.336946,0.313661,-0.200125,-0.039643,0.883183,0.587438,0.671361,0.850116,0.223287,0.359480,0.555933,0.516036,0.279519,0.213581,0.439153,0.693415,0.826615,0.931014,0.592775,0.398574,0.250791,0.156232,0.839989,0.710680,1.802493,0.000000,0.364001,0.493958,0.100006,0.116223,0.240041,0.248703,0.170350,0.060510,0.198281,0.260215,-0.043671,0.020017,0.217905,0.289675,-0.079912,-0.055197,-0.228764,-0.057824,-0.029760,0.038448,-0.205631,-0.270141,0.090937,0.006532,0.233836,0.025152,0.112133,-0.099155,0.106776,0.003265,0.138079,0.059873,0.163212,0.159393,-0.020380,0.021010,0.031033,-0.034287,0.902264,0.824865,0.617328,0.517876,0.422569,0.502138,0.304983,0.377658,0.484613,0.407907,0.453115,0.302852,0.298687,0.420474,0.339127,0.351025,-0.015525,0.119108,0.083219,0.097412
0.772838,0.616425,0.083286,0.371372,-0.084703,0.026331,0.080900,0.299626,0.177622,0.303661,0.384237,0.723746,0.311320,0.369932,0.411175,0.553226,1.204919,1.206026,1.071799,1.191617,0.055400,0.381794,0.394181,0.385627,0.356344,0.141723,0.055797,0.149702,0.452903,0.665862,0.354700,0.364001,0.000000,1.951577,0.673002,0.547075,-0.112730,0.273539,0.484175,0.534158,0.257152,0.161535,0.027751,0.092885,0.625872,0.438255,0.214819,0.190820,-0.260936,-0.022188,-0.120613,-0.002137,0.398879,0.217800,0.902064,0.818531,1.061822,0.749686,0.890776,0.556427,0.934854,0.772666,0.852313,0.896891,0.697713,0.619805,0.971011,0.987540,0.950517,0.902243,-0.081753,-0.161231,0.534261,0.420239,0.306927,0.275906,0.624300,0.507220,0.902847,0.726091,1.155737,1.330775,0.341893,0.560068,0.987132,0.796857,0.423528,0.420960,0.733943,0.648003
0.784448,0.508676,0.113248,0.379830,-0.170569,-0.060113,0.062993,0.258385,0.147278,0.312786,0.506072,0.733520,0.341863,0.434672,0.370991,0.526231,1.369551,1.302747,1.019255,1.093709,0.109261,0.433541,0.395155,0.430459,0.342857,0.131784,0.000894,0.124394,0.548106,0.779466,0.471426,0.493958,1.951577,0.000000,0.553258,0.435747,-0.023006,0.359942,0.491200,0.515262,0.303731,0.273913,-0.006978,0.083565,0.568004,0.433853,0.160350,0.160909,-0.316522,-0.058513,-0.178748,-0.054507,0.280603,0.100556,0.775679,0.705071,1.004217,0.708749,0.771714,0.489629,0.858541,0.701891,0.847955,0.850328,0.582640,0.595597,0.769847,0.791494,0.803436,0.742134,0.029519,-0.062071,0.652594,0.502723,0.386480,0.365701,0.618039,0.521079,0.952580,0.787556,1.198071,1.259835,0.399111,0.602182,0.932453,0.720745,0.417232,0.415141,0.591481,0.565555
0.301821,0.465603,0.108905,0.248338,0.132332,0.094694,0.094388,0.162535,0.147182,0.092615,0.145648,0.304402,0.076649,0.029399,0.370134,0.179674,0.375837,0.306966,0.676225,0.619646,-0.061602,0.105415,0.396654,0.235980,0.399382,0.238369,0.021469,0.123267,-0.034636,0.098659,0.149116,0.100006,0.673002,0.553258,0.000000,1.136015,-0.154808,0.114367,0.519953,0.447243,0.156959,-0.042356,0.247497,0.214053,0.570614,0.342784,0.389440,0.344461,0.060877,0.125786,0.198228,0.271401,0.473941,0.338557,0.663742,0.736133,0.411925,0.329444,0.440452,0.339970,0.425133,0.411686,0.333299,0.385054,0.676003,0.370834,0.819241,0.965896,0.523270,0.642105,-0.359912,-0.381367,0.144454,0.116663,0.167245,0.000317,0.592000,0.415336,0.178433,0.211086,0.315557,0.551175,0.184966,0.211417,0.590538,0.717755,0.362359,0.446138,0.643233,0.505520
0.219354,0.244244,0.036630,0.125846,0.251168,0.291305,0.108996,0.220525,0.083842,-0.031433,0.228350,0.343655,0.184800,0.062481,0.371806,0.167563,0.323144,0.301008,0.461168,0.487670,-0.010341,0.127588,0.394624,0.258234,0.393775,0.282667,0.189102,0.184808,0.056116,0.093192,0.135179,0.116223,0.547075,0.435747,1.136015,0.000000,0.002668,-0.066823,0.317132,0.296821,0.187052,-0.171929,0.401675,0.331487,0.515681,0.332838,0.569915,0.480011,0.084964,0.148923,0.296948,0.389088,0.476870,0.386015,0.590743,0.618639,0.210155,0.086178,0.236967,0.128435,0.298736,0.273766,0.280476,0.205844,0.629486,0.347538,0.539066,0.653488,0.343363,0.477182,-0.224487,-0.214077,0.234899,0.255398,0.272756,0.167089,0.703586,0.595722,0.118182,0.139688,0.312860,0.426260,0.006558,0.133873,0.453880,0.565874,0.193913,0.225985,0.561546,0.337429
-0.060373,-0.442810,-0.092496,-0.511433,-0.106205,-0.071259,-0.220659,-0.291738,-0.168130,-0.136326,0.321358,-0.130000,0.068591,-0.049371,0.124109,-0.049081,0.066834,0.083693,-0.342080,-0.375631,0.417837,0.391143,-0.073905,-0.083255,-0.104935,-0.163624,0.018674,0.058736,0.478802,0.401067,0.168614,0.240041,-0.112730,-0.023006,-0.154808,0.002668,0.000000,0.519053,0.362221,0.358152,0.472217,0.359881,0.157366,0.267574,-0.048600,0.092208,0.062692,0.186333,0.049504,0.062603,0.277205,0.062285,-0.051717,-0.058088,0.090516,-0.031774,-0.041228,-0.134201,-0.167988,-0.173936,0.074391,-0.125923,0.175622,-0.169616,-0.085622,-0.127245,-0.248383,-0.261176,-0.155219,-0.231037,0.354426,0.406691,0.324822,0.209346,0.114226,0.425137,0.292758,0.428047,0.051794,0.249927,0.171735,0.047016,0.249895,0.338456,0.010118,0.008636,0.188798,0.174025,0.009298,-0.101228
0.238932,0.008204,-0.136305,-0.124074,-0.345161,-0.466404,-0.223343,-0.236682,-0.133572,0.252909,0.206346,0.038692,-0.044173,0.118875,0.109309,0.257412,0.364939,0.301856,0.112700,0.094036,0.245573,0.257472,-0.129525,-0.061842,-0.032511,-0.218761,-0.333340,-0.134134,0.397259,0.644347,0.210335,0.248703,0.273539,0.359942,0.114367,-0.066823,0.519053,0.000000,0.507369,0.612863,0.279294,0.744742,-0.167011,-0.030735,0.068501,0.115823,-0.138031,-0.052160,-0.219433,-0.059012,-0.144339,-0.209323,0.038780,-0.061519,0.281079,0.290091,0.410919,0.383897,0.299238,0.300342,0.505479,0.394268,0.502233,0.443232,0.218614,0.286477,0.206049,0.141128,0.231946,0.133862,0.126379,0.089888,0.280790,0.138271,0.109482,0.206237,0.277309,0.324195,0.518797,0.491063,0.515764,0.478871,0.547544,0.643836,0.418282,0.377553,0.300216,0.540309,0.157714,0.301771
0.242527,0.201514,-0.020164,-0.077175,0.113299,0.071707,-0.066952,-0.044666,0.191060,0.116626,0.222460,0.236986,0.136271,0.113462,0.541700,0.277843,0.542879,0.445367,0.426724,0.379919,0.319384,0.309806,0.136145,0.035945,0.204309,0.050330,0.048312,0.265805,0.391150,0.510236,0.188399,0.170350,0.484175,0.491200,0.519953,0.317132,0.362221,0.507369,0.000000,1.221471,0.823904,0.519384,0.209259,0.231275,0.349066,0.206377,0.292533,0.279419,-0.064688,-0.013619,0.159776,0.107984,0.364522,0.278943,0.783346,0.721412,0.406186,0.259758,0.327860,0.175474,0.372424,0.232060,0.388099,0.280879,0.331518,0.183366,0.452725,0.471725,0.401880,0.393332,-0.086129,-0.115695,0.495873,0.322920,0.214027,0.133601,0.650465,0.502629,0.316697,0.545608,0.476970,0.586517,0.647133,0.556954,0.490133,0.483814,0.921671,0.809037,0.553325,0.403758
0.318644,0.287916,-0.114940,-0.114078,0.071772,0.069699,-0.150025,-0.065846,0.134813,0.182799,0.136063,0.192731,0.061982,0.006102,0.549329,0.344717,0.505849,0.435775,0.388976,0.411571,0.329479,0.283913,0.048553,-0.007645,0.094332,-0.077782,0.027749,0.212130,0.340466,0.525304,0.036886,0.060510,0.534158,0.515262,0.447243,0.296821,0.358152,0.612863,1.221471,0.000000,0.790982,0.520255,0.136597,0.181396,0.287278,0.178720,0.214969,0.248588,-0.111874,0.001541,0.083569,0.046443,0.423665,0.319482,0.765672,0.748266,0.470528,0.406046,0.446047,0.360045,0.493070,0.369313,0.547161,0.376857,0.348919,0.240017,0.521417,0.519156,0.520714,0.512049,-0.208842,-0.228196,0.319821,0.220443,0.040943,0.181962,0.555634,0.492966,0.411972,0.570644,0.544210,0.676797,0.631053,0.692123,0.533607,0.500772,0.831512,0.807846,0.554656,0.469731
0.214771,0.076039,-0.003893,-0.104252,0.149256,0.123696,0.050317,0.094943,0.173139,0.028287,0.390767,0.276494,0.365049,0.238855,0.532535,0.348520,0.515007,0.436064,0.160677,0.198341,0.583253,0.376846,0.219686,0.148524,0.244954,0.076841,0.187547,0.267520,0.475536,0.466940,0.207190,0.198281,0.257152,0.303731,0.156959,0.187052,0.472217,0.279294,0.823904,0.790982,0.000000,0.498344,0.152081,0.131841,0.184381,0.081485,0.149932,0.139202,0.056288,0.098902,0.298923,0.225400,0.262425,0.304031,0.489502,0.432567,0.267433,0.080950,0.195997,0.023122,0.239812,0.074459,0.330921,0.093039,0.126050,0.058259,0.164574,0.166608,0.241043,0.214059,0.126930,0.079868,0.693436,0.538213,0.366727,0.438855,0.451414,0.322033,0.225032,0.374472,0.428258,0.393341,0.638920,0.527964,0.363479,0.284755,0.738035,0.462848,0.324438,0.186757
0.196789,0.052075,-0.105055,-0.069678,-0.338858,-0.365820,-0.155082,-0.140553,-0.039867,0.124929,0.174323,0.122542,0.115113,0.247030,0.244023,0.349554,0.393872,0.327479,0.139813,0.092527,0.380653,0.368953,-0.058545,-0.004194,0.094197,-0.114390,-0.113757,0.076942,0.372667,0.530898,0.248660,0.260215,0.161535,0.273913,-0.042356,-0.171929,0.359881,0.744742,0.519384,0.520255,0.498344,0.000000,-0.152265,-0.162475,-0.033022,-0.080668,-0.164052,-0.172015,-0.314733,-0.195153,-0.183930,-0.249947,0.006041,-0.042218,0.221480,0.181381,0.362481,0.241265,0.206282,0.146275,0.278039,0.168730,0.331302,0.242826,-0.055057,-0.018626,0.073529,0.048002,0.189798,0.101002,0.123618,0.080914,0.384747,0.261268,0.227725,0.306885,0.140180,0.083578,0.401242,0.297756,0.408390,0.337141,0.628508,0.563382,0.320917,0.226366,0.474710,0.481702,0.073210,0.137294
-0.256817,-0.216533,-0.026393,-0.026350,0.438724,0.534707,0.107707,0.110768,-0.158415,-0.339320,0.046079,0.106511,-0.040407,-0.105634,0.197396,-0.156331,0.052484,0.035095,-0.075394,0.016152,0.199902,0.020926,0.072821,0.063529,0.071749,0.221090,0.247735,0.226333,0.150055,-0.017714,0.016177,-0.043671,0.027751,-0.006978,0.247497,0.401675,0.157366,-0.167011,0.209259,0.136597,0.152081,-0.152265,0.000000,1.505310,0.634203,0.634852,1.599122,1.532883,0.388418,0.285326,0.537726,0.598831,0.108719,0.207866,0.091607,0.175955,-0.242671,-0.383415,-0.269981,-0.304272,-0.215242,-0.324295,-0.216560,-0.330533,0.030960,0.004744,0.076853,0.133559,-0.165204,-0.032170,-0.066453,-0.014058,0.151236,0.210838,0.191247,0.018691,0.385084,0.377541,-0.131144,0.026765,-0.057077,-0.077966,-0.138036,-0.183557,-0.069846,0.039737,0.110917,-0.004387,0.059570,-0.088560
-0.164240,-0.224559,0.024581,-0.050292,0.291393,0.432347,0.010800,0.018602,-0.163466,-0.308007,0.094523,0.078990,-0.074185,-0.118231,0.134091,-0.188282,0.128910,0.106242,-0.035139,0.026293,0.166409,0.047690,0.065475,0.095469,-0.005576,0.118330,0.168661,0.165755,0.249601,0.083924,0.058644,0.020017,0.092885,0.083565,0.214053,0.331487,0.267574,-0.030735,0.231275,0.181396,0.131841,-0.162475,1.505310,0.000000,0.707611,0.874231,1.300478,1.708994,0.432620,0.365358,0.547135,0.551780,0.044308,0.169656,0.102940,0.181637,-0.130877,-0.241961,-0.192584,-0.187365,-0.111331,-0.224232,-0.116166,-0.219578,0.041400,0.088879,0.110621,0.133151,-0.144892,-0.042923,-0.014292,0.016948,0.190894,0.218390,0.152903,0.049947,0.384385,0.443698,-0.028912,0.161146,0.021615,-0.015147,-0.086740,-0.087320,-0.037428,0.066198,0.089537,-0.027649,0.031685,-0.073924
0.292863,0.318400,0.273806,0.459607,0.175716,0.176614,0.359619,0.390639,0.092323,0.003041,0.309286,0.487555,0.246317,0.253614,0.304023,0.324397,0.539862,0.490723,0.444705,0.467027,0.172145,0.223791,0.353294,0.401148,0.303331,0.221118,0.142320,0.110091,0.269741,0.276934,0.311768,0.217905,0.625872,0.568004,0.570614,0.515681,-0.048600,0.068501,0.349066,0.287278,0.184381,-0.033022,0.634203,0.707611,0.000000,1.397540,0.742865,0.744042,0.460356,0.571096,0.433238,0.541484,0.354653,0.283895,0.538794,0.548179,0.474838,0.282914,0.342426,0.358204,0.367971,0.352559,0.290843,0.343132,0.528942,0.599093,0.791558,0.791594,0.408980,0.486738,-0.054742,-0.120017,0.254390,0.307001,0.177476,0.078170,0.421857,0.360238,0.395700,0.406107,0.436598,0.516098,0.186056,0.281637,0.508326,0.643392,0.304404,0.228514,0.471531,0.430849
0.202309,0.049192,0.282181,0.314321,0.060333,0.115148,0.219644,0.231679,-0.027576,-0.144318,0.340385,0.375236,0.167013,0.217007,0.144545,0.142805,0.432133,0.402335,0.226798,0.246548,0.162022,0.212790,0.277328,0.383695,0.100445,0.122931,0.061000,0.009330,0.351278,0.305858,0.336883,0.289675,0.438255,0.433853,0.342784,0.332838,0.092208,0.115823,0.206377,0.178720,0.081485,-0.080668,0.634852,0.874231,1.397540,0.000000,0.672907,0.762633,0.443612,0.530323,0.380743,0.449192,0.153832,0.087119,0.312867,0.292664,0.299688,0.142614,0.208685,0.222734,0.265641,0.218017,0.231861,0.214438,0.375356,0.531806,0.462151,0.436955,0.165124,0.201582,0.133404,0.067115,0.260785,0.298595,0.186063,0.151126,0.349619,0.375269,0.377079,0.421552,0.356198,0.329498,0.095333,0.254955,0.325198,0.397062,0.122151,0.108347,0.240704,0.229879
-0.144046,-0.069334,-0.070687,0.033576,0.475881,0.582764,0.090168,0.127261,-0.028140,-0.255423,0.010538,0.179784,-0.057785,-0.097906,0.250797,-0.088358,0.187836,0.159180,0.141200,0.245780,0.116369,0.013025,0.085785,0.067303,0.132224,0.254328,0.272411,0.259244,0.112524,-0.001330,-0.002947,-0.079912,0.214819,0.160350,0.389440,0.569915,0.062692,-0.138031,0.292533,0.214969,0.149932,-0.164052,1.599122,1.300478,0.742865,0.672907,0.000000,1.725201,0.313897,0.266206,0.463642,0.563902,0.267920,0.331953,0.290864,0.384322,-0.113630,-0.230052,-0.080872,-0.148230,-0.067705,-0.131779,-0.065184,-0.144383,0.224647,0.177943,0.277335,0.315160,-0.005661,0.145143,-0.179538,-0.134764,0.206475,0.266774,0.231990,0.008544,0.496513,0.455153,0.005019,0.109968,0.069565,0.083932,-0.130614,-0.152161,0.093723,0.187041,0.183143,0.037638,0.201109,0.059662
-0.155941,-0.093904,-0.057374,-0.007634,0.388786,0.510129,0.062458,0.097457,-0.094216,-0.217784,0.021174,0.124168,-0.084687,-0.141178,0.190801,-0.139670,0.157213,0.144434,0.051891,0.149887,0.111137,0.060115,0.066678,0.073799,0.038399,0.161657,0.176876,0.173748,0.152089,0.021450,-0.017926,-0.055197,0.190820,0.160909,0.344461,0.480011,0.186333,-0.052160,0.279419,0.248588,0.139202,-0.172015,1.532883,1.708994,0.744042,0.762633,1.725201,0.000000,0.398192,0.341647,0.521603,0.563690,0.206343,0.305045,0.241992,0.364552,-0.089352,-0.182953,-0.103820,-0.105238,-0.046688,-0.120653,-0.047970,-0.132615,0.154855,0.162770,0.235463,0.280205,-0.052443,0.086212,-0.126514,-0.089109,0.175853,0.230925,0.169477,0.033486,0.479256,0.498541,0.011167,0.147043,0.046232,0.071392,-0.119585,-0.117971,0.040623,0.179924,0.172587,0.039635,0.151006,0.047299
