0.000000,0.801457,0.639300,0.449842,0.334656,0.303072,0.762871,0.389000,0.217093,0.148111,0.971891,0.564980,0.620312,0.368004,0.466398,0.452791,0.538338,0.190951,1.080036,0.694906,0.224621,0.099145,0.439926,0.261972,0.225195,0.253648,0.208504,0.300281,0.506876,0.065478,0.390146,0.356989,0.724768,0.561144,0.552464,0.497946,0.300544,0.366945,0.005942,0.354062,0.056255,0.292990,0.391644,0.343421,0.338256,0.305148,0.400401,0.339893,0.415905,0.190973,0.611360,0.339305,0.481638,0.534368,0.408240,0.402226,0.888059,0.526002,0.673159,0.465776,1.007127,0.509289,0.752848,0.353968,0.643042,0.402288,0.711691,0.590099,0.700262,0.654716,0.112031,0.052297,0.688814,0.538159,0.709701,0.605739,0.652027,0.708075,0.214613,0.044629,0.325369,0.255956,0.565945,0.241027,0.750648,0.554133,0.434642,0.206124,0.658968,0.593556
0.801457,0.000000,0.291151,0.597150,0.331776,0.476134,0.406516,0.601851,0.161772,0.357522,0.589970,0.827208,0.382970,0.424613,0.243145,0.559135,0.623176,0.534836,0.621309,1.068224,0.277690,0.335784,0.246559,0.252361,0.223061,0.303483,0.138593,0.316464,0.353485,0.334737,0.288668,0.301394,0.784679,0.904820,0.481900,0.455325,0.391830,0.670367,0.050143,0.391296,0.157875,0.371837,0.619673,0.618605,0.471154,0.611992,0.748045,0.741903,0.511909,0.353231,0.676592,0.458892,0.728803,0.676963,0.693924,0.710652,1.007974,1.248465,0.601233,0.690776,0.733876,0.738015,0.687289,0.649861,0.285746,0.402946,0.713964,0.879176,0.924605,1.030591,0.038568,0.087598,0.405704,0.663147,0.490648,0.602330,0.662184,0.827297,0.448535,0.190951,0.411232,0.491530,0.394638,0.355229,0.707688,0.992716,0.492451,0.310623,0.681337,0.837883
0.639300,0.291151,0.000000,1.045256,0.877307,0.572997,1.878577,0.870518,0.822132,0.381229,0.822150,0.527990,1.039207,0.621218,0.960365,0.557288,0.120955,0.003474,0.612271,0.215606,0.704285,0.494659,1.638904,1.037778,1.009406,0.955606,0.856183,0.674020,0.639306,0.218349,1.165670,1.001776,0.514688,0.334906,0.411605,0.172002,0.242549,0.025434,-0.230099,-0.005628,0.115488,0.239343,0.505592,0.335542,0.690366,0.505319,0.240372,0.129628,0.634444,0.533477,0.750777,0.486298,0.206409,0.336671,0.120588,0.064173,0.212265,0.182307,0.778786,0.306578,0.849186,0.615028,0.041617,-0.190794,0.842270,0.860237,0.999559,0.589790,0.173393,0.257043,0.451681,0.331887,0.752261,0.508423,0.583853,0.324179,0.225765,0.222302,0.034247,-0.067612,-0.017061,0.031151,0.403807,0.052625,0.579585,0.268709,0.209058,-0.014668,0.483083,0.251701
0.449842,0.597150,1.045256,0.000000,0.976607,0.823725,1.126391,1.674693,0.741172,0.673598,0.721214,0.907955,0.946522,0.820125,0.870931,0.863974,0.225402,0.235478,0.289760,0.356746,0.716916,0.584847,1.116545,1.383121,1.076475,1.299261,0.702555,0.673845,0.575620,0.395182,1.016876,1.070902,0.475474,0.486859,0.396666,0.267533,0.308403,0.184965,-0.176433,0.107820,0.048531,0.279592,0.698793,0.583438,0.955660,0.888601,0.493713,0.414421,0.866527,0.896281,1.084751,0.831595,0.441170,0.496568,0.437396,0.362477,0.287780,0.452735,0.830817,0.655150,0.792680,0.994081,0.086072,0.058180,0.531617,1.132037,1.044246,0.998433,0.186264,0.386579,0.351107,0.293849,0.541118,0.586241,0.442777,0.333832,0.210384,0.278677,0.228327,-0.042367,0.032526,0.165820,0.321874,0.225619,0.553696,0.650912,0.426438,0.198171,0.600533,0.541309
0.334656,0.331776,0.877307,0.976607,0.000000,1.153036,0.868812,0.947892,0.791616,0.826805,0.780969,0.760779,0.784649,0.872475,0.639192,0.556178,0.230066,0.123871,0.295731,0.257731,0.538932,0.464388,0.959693,0.914271,1.006898,1.169915,0.811607,0.521712,0.529890,0.262471,0.728348,0.726952,0.278230,0.267273,0.249283,0.182335,0.318120,0.088612,-0.407455,-0.155289,-0.097031,0.133645,0.872194,0.685435,1.073637,0.925835,0.577119,0.519838,0.975217,0.914391,0.867661,0.767293,0.462399,0.580706,0.341686,0.311949,0.185901,0.279672,0.611808,0.623420,0.476554,0.701952,-0.027432,-0.067558,0.524610,0.750994,0.838414,0.736010,0.192308,0.296585,0.289161,0.210554,0.484680,0.354105,0.449079,0.372317,0.132715,0.140182,0.136468,-0.217298,0.033340,0.087878,0.305598,0.185802,0.575113,0.391801,0.114695,-0.107918,0.382925,0.261926
0.303072,0.476134,0.572997,0.823725,1.153036,0.000000,0.642993,0.878450,0.816514,1.494005,0.585018,0.799619,0.634222,0.683496,0.533556,0.664595,0.262184,0.156070,0.236285,0.308108,0.391367,0.481544,0.602110,0.656267,0.702579,0.946537,0.585115,0.632289,0.448214,0.310785,0.487708,0.465276,0.456471,0.565436,0.311393,0.268427,0.471681,0.256564,-0.249892,-0.059592,-0.080691,0.095028,0.829222,0.717402,0.900553,0.959638,0.654944,0.667449,0.816124,0.831194,0.948181,0.782128,0.720746,0.734002,0.572059,0.455630,0.280176,0.458489,0.505489,0.731508,0.444271,0.802528,0.034924,0.046653,0.392238,0.648969,0.771111,0.816150,0.232147,0.514113,0.008707,0.021920,0.399392,0.376700,0.423939,0.458111,0.243454,0.266968,0.221657,-0.073980,0.126570,0.164267,0.352286,0.274359,0.561453,0.483591,0.222677,-0.031609,0.554266,0.380442
0.762871,0.406516,1.878577,1.126391,0.868812,0.642993,0.000000,1.033401,0.734282,0.456803,0.879836,0.608977,1.066288,0.648783,0.972210,0.639957,0.187381,0.081603,0.687641,0.318546,0.587756,0.403227,1.472742,0.987961,0.883583,0.906534,0.773179,0.674826,0.647464,0.226271,1.194914,1.067495,0.620550,0.464582,0.481242,0.234142,0.247988,0.103939,-0.176426,0.110462,0.118222,0.325758,0.603666,0.438006,0.767570,0.590978,0.368624,0.246957,0.681772,0.559444,0.848084,0.562957,0.293640,0.362781,0.246282,0.200100,0.306998,0.288930,0.782173,0.416606,0.895697,0.750362,0.148164,-0.063630,0.869945,0.969785,1.129885,0.715456,0.230422,0.364715,0.419015,0.286485,0.787152,0.593191,0.639054,0.416262,0.315767,0.334776,0.101091,-0.103303,0.022337,0.092866,0.531178,0.188349,0.642297,0.372466,0.376455,0.134863,0.539451,0.338473
0.389000,0.601851,0.870518,1.674693,0.947892,0.878450,1.033401,0.000000,0.734728,0.809257,0.728736,1.068949,0.993753,1.011950,0.848786,0.996448,0.210031,0.265006,0.275584,0.370125,0.581592,0.538944,0.943970,1.113626,0.842579,1.058421,0.570232,0.597666,0.583959,0.479905,0.931233,1.022329,0.418344,0.488920,0.251474,0.165054,0.263527,0.174322,-0.225655,0.065398,0.079171,0.301248,0.815625,0.720380,1.041317,1.000163,0.627671,0.526989,0.972713,0.992363,1.024881,0.903663,0.498443,0.489472,0.436868,0.398717,0.249301,0.430472,0.677816,0.719026,0.692441,1.194346,0.087373,0.131329,0.423126,0.945944,0.884938,0.872839,0.131543,0.364537,0.373283,0.312933,0.490289,0.556358,0.407923,0.340441,0.177207,0.262000,0.209756,-0.061177,0.028193,0.139787,0.358421,0.318932,0.478740,0.570814,0.422647,0.202186,0.471221,0.473324
0.217093,0.161772,0.822132,0.741172,0.791616,0.816514,0.734282,0.734728,0.000000,0.750218,0.346257,0.424500,0.829242,0.689342,1.076997,0.724784,0.165907,0.118585,0.186843,0.165668,0.730219,0.680893,0.811370,0.833039,0.735212,0.969839,0.821752,0.698739,0.592681,0.470903,0.851789,0.777589,0.241637,0.189065,0.110301,0.020616,0.384463,0.149519,-0.234636,-0.083722,0.143583,0.162132,0.368361,0.312558,0.571062,0.487690,0.151928,0.134671,0.586678,0.634410,0.628964,0.489782,0.277155,0.417356,0.201414,0.088907,0.048276,0.115501,0.643080,0.400716,0.546043,0.598532,0.031246,-0.037370,0.381264,0.427062,0.460501,0.351548,0.005445,0.093706,0.397740,0.367039,0.604099,0.492960,0.513901,0.364741,0.114211,0.018805,-0.008746,-0.086622,-0.028633,0.050152,0.264023,0.183646,0.309329,0.239056,0.127148,0.016627,0.419012,0.236639
0.148111,0.357522,0.381229,0.673598,0.826805,1.494005,0.456803,0.809257,0.750218,0.000000,0.450469,0.701300,0.560803,0.656111,0.534974,0.770211,0.145364,0.114403,0.083552,0.162339,0.263209,0.418108,0.432149,0.530508,0.521407,0.716191,0.379357,0.479628,0.365913,0.341631,0.356012,0.364788,0.297845,0.410130,0.156131,0.146714,0.340757,0.205887,-0.266232,-0.101354,-0.104291,0.005570,0.707123,0.650236,0.744159,0.832756,0.583759,0.613388,0.738420,0.825022,0.824302,0.803573,0.724457,0.682769,0.581494,0.463142,0.180446,0.368068,0.334196,0.698715,0.312117,0.785839,-0.033748,0.051803,0.237567,0.553900,0.540174,0.578167,0.074178,0.366574,-0.019200,-0.004289,0.254785,0.296481,0.322065,0.385405,0.151964,0.173113,0.173139,-0.095533,0.076053,0.123600,0.308716,0.320576,0.427576,0.412572,0.281851,0.025752,0.512398,0.394708
0.971891,0.589970,0.822150,0.721214,0.780969,0.585018,0.879836,0.728736,0.346257,0.450469,0.000000,1.042233,1.015521,0.785065,0.555490,0.629703,0.286590,0.042561,0.613454,0.325619,0.336687,0.280456,0.648073,0.506054,0.506386,0.535079,0.345716,0.348085,0.573062,0.128984,0.480618,0.491566,0.389831,0.333399,0.297610,0.244863,0.132783,0.015327,-0.354156,-0.046501,-0.133602,0.132579,0.651517,0.544356,0.700773,0.613135,0.546039,0.441908,0.861738,0.631654,0.839343,0.726922,0.570689,0.642588,0.341473,0.333404,0.466063,0.318482,0.617176,0.601846,0.813889,0.714138,0.243968,0.057700,0.575014,0.610314,0.806341,0.652720,0.335524,0.426147,0.190456,0.086667,0.526591,0.372292,0.500962,0.354996,0.294899,0.382156,0.177561,-0.039446,0.174695,0.053824,0.416581,0.154789,0.636401,0.428506,0.217082,-0.085321,0.458341,0.417904
0.564980,0.827208,0.527990,0.907955,0.760779,0.799619,0.608977,1.068949,0.424500,0.701300,1.042233,0.000000,0.901243,1.140093,0.530659,0.969713,0.407380,0.311337,0.330063,0.454660,0.429425,0.472013,0.508814,0.636001,0.498057,0.650098,0.268714,0.368348,0.580325,0.374499,0.483601,0.550184,0.359221,0.496388,0.144290,0.192576,0.290668,0.200383,-0.286418,0.011028,-0.044808,0.226958,0.762281,0.759554,0.854959,0.949491,0.709690,0.640950,1.059074,0.916046,1.005241,0.965356,0.801047,0.751454,0.558302,0.542142,0.476099,0.511057,0.611200,0.850011,0.636499,0.961961,0.266315,0.286475,0.267104,0.593929,0.648049,0.781673,0.243863,0.441162,0.203764,0.162441,0.410752,0.465143,0.396931,0.325245,0.274651,0.340384,0.247514,-0.031262,0.168330,0.112571,0.299401,0.335606,0.548704,0.697864,0.297322,0.069538,0.404846,0.493274
0.620312,0.382970,1.039207,0.946522,0.784649,0.634222,1.066288,0.993753,0.829242,0.560803,1.015521,0.901243,0.000000,1.162516,1.179525,0.972559,0.289342,0.102823,0.356791,0.239744,0.614791,0.509841,0.840622,0.886224,0.641733,0.797587,0.554789,0.572522,0.858621,0.371797,0.894215,0.929119,0.247581,0.222869,0.077897,0.053849,0.211445,-0.004111,-0.343915,0.006007,0.011502,0.239140,0.586761,0.546348,0.809436,0.634947,0.398766,0.302795,0.971842,0.910285,0.939158,0.843839,0.450731,0.520005,0.302803,0.246167,0.189580,0.149217,0.884411,0.651103,0.935559,0.877414,0.224235,0.126233,0.392853,0.549415,0.656626,0.502929,0.055098,0.137913,0.443892,0.298815,0.675869,0.503877,0.492029,0.304938,0.152266,0.116058,0.032627,-0.065223,0.002228,-0.088930,0.378579,0.270163,0.347720,0.321190,0.298780,0.103954,0.413471,0.327466
0.368004,0.424613,0.621218,0.820125,0.872475,0.683496,0.648783,1.011950,0.689342,0.656111,0.785065,1.140093,1.162516,0.000000,0.840622,1.017936,0.348966,0.315210,0.255822,0.346022,0.516153,0.479777,0.617994,0.728801,0.533824,0.682897,0.373292,0.309423,0.772287,0.512691,0.656121,0.731864,0.112955,0.207843,-0.077069,-0.023528,0.249391,0.077846,-0.286863,-0.060399,0.042253,0.256926,0.698117,0.685752,0.852956,0.770519,0.532479,0.462355,1.061357,1.039287,0.823489,0.856964,0.551716,0.583920,0.378971,0.382093,0.238319,0.243991,0.647289,0.784117,0.569128,0.823947,0.208103,0.279160,0.194682,0.383952,0.462304,0.443518,0.073347,0.137257,0.405669,0.346914,0.494666,0.429979,0.425100,0.334280,0.063770,0.059454,0.092325,-0.118256,0.100690,0.030233,0.364039,0.423755,0.323442,0.381494,0.237400,0.068929,0.255355,0.315203
0.466398,0.243145,0.960365,0.870931,0.639192,0.533556,0.972210,0.848786,1.076997,0.534974,0.555490,0.530659,1.179525,0.840622,0.000000,1.079725,0.198279,0.101436,0.302957,0.190822,0.733443,0.561313,0.884687,0.906884,0.620225,0.783703,0.570399,0.587490,0.841691,0.433517,1.032640,1.052203,0.237428,0.170480,0.085384,0.066214,0.196558,0.035288,-0.196116,0.142960,0.114714,0.252517,0.473585,0.455701,0.693803,0.530930,0.270804,0.203109,0.762227,0.717375,0.813410,0.657083,0.376506,0.423989,0.357006,0.221327,0.124413,0.097834,0.750643,0.501533,0.723337,0.661434,0.147547,0.030692,0.443394,0.541108,0.547938,0.409260,-0.013725,0.078582,0.459870,0.353521,0.674012,0.519213,0.545084,0.364388,0.096342,0.066151,0.062238,-0.098139,-0.015641,0.012619,0.464170,0.324713,0.324174,0.343983,0.494038,0.294287,0.525629,0.409095
0.452791,0.559135,0.557288,0.863974,0.556178,0.664595,0.639957,0.996448,0.724784,0.770211,0.629703,0.969713,0.972559,1.017936,1.079725,0.000000,0.280423,0.234503,0.262555,0.320680,0.612175,0.634414,0.536539,0.677953,0.410669,0.615259,0.333610,0.498653,0.672355,0.565517,0.684142,0.759213,0.316181,0.393901,0.077188,0.187153,0.251294,0.227068,-0.147434,0.201188,0.081866,0.291710,0.590908,0.668676,0.694981,0.707233,0.502198,0.478426,0.874106,0.846238,0.890704,0.826442,0.660988,0.634051,0.606801,0.476284,0.304842,0.334926,0.643281,0.738473,0.657279,0.899613,0.235240,0.211562,0.343366,0.506547,0.478410,0.522982,0.098205,0.284561,0.329979,0.319773,0.587406,0.667703,0.481148,0.452876,0.271196,0.282125,0.208991,-0.005072,0.132796,0.196245,0.441075,0.488901,0.375944,0.589099,0.486247,0.321613,0.547084,0.630614
0.538338,0.623176,0.120955,0.225402,0.230066,0.262184,0.187381,0.210031,0.165907,0.145364,0.286590,0.407380,0.289342,0.348966,0.198279,0.280423,0.000000,0.750427,0.474164,0.868489,0.228629,0.192497,0.120005,0.177885,0.155634,0.220183,0.143665,0.130962,0.582751,0.308669,0.179173,0.175602,0.438595,0.561230,0.349951,0.480666,0.483962,0.658798,-0.009090,0.289742,0.165645,0.378651,0.341894,0.372522,0.221605,0.314526,0.417718,0.412611,0.244255,0.175894,0.352606,0.156714,0.368263,0.359307,0.396558,0.449058,0.820515,0.702984,0.383627,0.388115,0.413210,0.303723,0.970886,0.761475,0.165990,0.130444,0.329791,0.429805,0.763145,0.554065,0.046575,0.053076,0.535058,0.509478,0.531707,0.540242,0.530398,0.445180,0.561520,0.156613,0.585604,0.488012,0.169567,0.205304,0.505266,0.592142,0.234623,0.218048,0.395714,0.353102
0.190951,0.534836,0.003474,0.235478,0.123871,0.156070,0.081603,0.265006,0.118585,0.114403,0.042561,0.311337,0.102823,0.315210,0.101436,0.234503,0.750427,0.000000,0.322932,0.731530,0.241769,0.238773,0.040102,0.064724,0.106209,0.107703,0.097661,0.071081,0.274002,0.560781,0.221643,0.216116,0.275332,0.397755,0.262418,0.187460,0.292302,0.646935,0.179828,0.395951,0.398395,0.502815,0.250731,0.288590,0.130200,0.223719,0.357974,0.367018,0.102723,0.075368,0.179885,0.046587,0.137866,0.104828,0.306194,0.380190,0.513153,0.692194,0.137514,0.261669,0.182885,0.223840,0.638771,0.729597,0.097969,0.105554,0.196658,0.308731,0.467901,0.397134,0.256629,0.321186,0.381062,0.491150,0.378864,0.377024,0.450934,0.376208,0.446754,0.115413,0.327646,0.629200,0.147952,0.339357,0.236624,0.524913,0.257417,0.372336,0.237383,0.294000
1.080036,0.621309,0.612271,0.289760,0.295731,0.236285,0.687641,0.275584,0.186843,0.083552,0.613454,0.330063,0.356791,0.255822,0.302957,0.262555,0.474164,0.322932,0.000000,0.747390,0.185661,0.153786,0.463868,0.122545,0.182033,0.133638,0.237707,0.186389,0.381340,0.088130,0.382235,0.278306,0.827444,0.620288,0.602405,0.381016,0.245117,0.353228,-0.024940,0.209110,0.201597,0.304803,0.350972,0.241366,0.187893,0.186031,0.335512,0.248748,0.182102,-0.016957,0.291945,0.028374,0.218378,0.280414,0.179205,0.210647,0.811530,0.567884,0.353236,0.158181,0.590326,0.324735,0.548934,0.205766,0.780616,0.363838,0.632234,0.374902,0.834416,0.715935,0.148674,0.113917,0.705755,0.552403,0.752039,0.615426,0.663928,0.665516,0.256289,0.071320,0.337573,0.376960,0.552421,0.131125,0.724181,0.302186,0.233411,0.065671,0.493213,0.313452
0.694906,1.068224,0.215606,0.356746,0.257731,0.308108,0.318546,0.370125,0.165668,0.162339,0.325619,0.454660,0.239744,0.346022,0.190822,0.320680,0.868489,0.731530,0.747390,0.000000,0.228447,0.185023,0.195413,0.144459,0.107735,0.173395,0.169518,0.218443,0.397621,0.403355,0.292078,0.279887,0.590754,0.709133,0.396198,0.406879,0.429000,0.716667,0.110668,0.370580,0.235830,0.489621,0.459548,0.464536,0.282057,0.395924,0.564476,0.565614,0.279240,0.124927,0.342493,0.138958,0.378225,0.395203,0.423114,0.544362,0.980921,0.966035,0.476141,0.442898,0.532540,0.466578,0.932849,0.822643,0.241184,0.185236,0.467009,0.553832,1.134412,0.830913,0.120180,0.193554,0.490911,0.627698,0.554152,0.709356,0.653539,0.680374,0.392488,0.149466,0.443205,0.567728,0.328423,0.296397,0.577918,0.682657,0.343243,0.294673,0.449315,0.534894
0.224621,0.277690,0.704285,0.716916,0.538932,0.391367,0.587756,0.581592,0.730219,0.263209,0.336687,0.429425,0.614791,0.516153,0.733443,0.612175,0.228629,0.241769,0.185661,0.228447,0.000000,1.165208,0.667320,0.706300,0.710520,0.752172,0.688514,0.713540,0.645339,0.565222,0.895018,0.851718,0.200160,0.163048,0.129538,0.011880,0.195444,0.159005,-0.158817,0.052818,0.311883,0.406731,0.310002,0.291825,0.509037,0.393141,0.139471,0.096753,0.516168,0.446631,0.517624,0.367154,0.116614,0.234965,0.114282,0.067128,0.041241,0.104839,0.665614,0.256121,0.576176,0.405035,0.095519,-0.008881,0.333885,0.372060,0.475433,0.378897,0.110255,0.035819,0.727450,0.734594,0.704035,0.593381,0.505523,0.294455,0.130532,0.063248,0.196735,0.074888,0.003718,0.104309,0.049942,0.029899,0.213521,0.344913,0.057609,0.063837,0.341992,0.176061
0.099145,0.335784,0.494659,0.584847,0.464388,0.481544,0.403227,0.538944,0.680893,0.418108,0.280456,0.472013,0.509841,0.479777,0.561313,0.634414,0.192497,0.238773,0.153786,0.185023,1.165208,0.000000,0.455600,0.482995,0.493741,0.610975,0.587833,0.619288,0.514553,0.641925,0.616476,0.575723,0.243437,0.213876,0.083555,-0.044921,0.170875,0.168865,-0.332039,-0.043971,0.214803,0.307825,0.300357,0.315998,0.422566,0.371060,0.222243,0.166467,0.441022,0.422154,0.458272,0.339109,0.194350,0.237357,0.155231,0.036987,0.008095,0.182366,0.476431,0.240585,0.464073,0.432739,0.009889,-0.012919,0.223165,0.290617,0.389226,0.298210,0.094483,0.123400,0.495436,0.547479,0.586564,0.643909,0.363105,0.258193,0.221902,0.154375,0.316691,0.109832,0.096619,0.188322,-0.032229,0.053043,0.212793,0.321211,0.041283,0.021580,0.388018,0.147452
0.439926,0.246559,1.638904,1.116545,0.959693,0.602110,1.472742,0.943970,0.811370,0.432149,0.648073,0.508814,0.840622,0.617994,0.884687,0.536539,0.120005,0.040102,0.463868,0.195413,0.667320,0.455600,0.000000,1.332160,1.258395,1.172863,0.945997,0.637986,0.636841,0.277301,1.307351,1.161615,0.484032,0.352020,0.401666,0.132110,0.239771,0.008013,-0.268928,-0.069603,0.148666,0.258597,0.514594,0.338692,0.762038,0.574603,0.239868,0.128296,0.635278,0.550524,0.711323,0.481662,0.187255,0.296268,0.111958,0.064412,0.166240,0.218265,0.655947,0.264644,0.637222,0.585046,-0.029600,-0.225108,0.703013,0.942099,0.952657,0.601332,0.133525,0.233037,0.419420,0.305579,0.680181,0.491207,0.470884,0.242818,0.149673,0.164370,0.118883,-0.046031,0.015082,0.069802,0.315369,0.024402,0.584609,0.302483,0.193001,-0.016953,0.403032,0.205102
0.261972,0.252361,1.037778,1.383121,0.914271,0.656267,0.987961,1.113626,0.833039,0.530508,0.506054,0.636001,0.886224,0.728801,0.906884,0.677953,0.177885,0.064724,0.122545,0.144459,0.706300,0.482995,1.332160,0.000000,1.178789,1.434702,0.787603,0.645440,0.657653,0.321122,1.127791,1.185877,0.292553,0.289322,0.210924,0.143587,0.331701,0.027863,-0.254921,-0.057801,0.043242,0.194725,0.541404,0.437296,0.877328,0.739125,0.266137,0.198599,0.763798,0.786454,0.825976,0.666988,0.301407,0.375617,0.233241,0.163135,0.103940,0.191903,0.724501,0.391681,0.572148,0.658054,-0.023688,-0.101180,0.392293,0.872249,0.738735,0.646646,-0.026516,0.107825,0.371415,0.255296,0.502933,0.436458,0.340236,0.161290,0.046122,0.039827,0.105180,-0.080614,-0.042779,0.001466,0.196179,0.101770,0.439093,0.434700,0.245927,0.080107,0.337317,0.248783
0.225195,0.223061,1.009406,1.076475,1.006898,0.702579,0.883583,0.842579,0.735212,0.521407,0.506386,0.498057,0.641733,0.533824,0.620225,0.410669,0.155634,0.106209,0.182033,0.107735,0.710520,0.493741,1.258395,1.178789,0.000000,1.559499,0.816509,0.680306,0.509485,0.317191,0.893226,0.822597,0.361969,0.288821,0.408036,0.187297,0.265028,0.105324,-0.192663,-0.060563,0.071182,0.120589,0.521021,0.344483,0.819489,0.666223,0.263313,0.185163,0.610239,0.658745,0.726283,0.523322,0.194408,0.312898,0.176616,0.116272,0.134417,0.283656,0.610872,0.354033,0.508609,0.551213,-0.109142,-0.202922,0.504157,0.908621,0.929842,0.748661,0.120415,0.249727,0.277413,0.221467,0.459932,0.344292,0.350139,0.186387,0.030414,0.077221,0.196452,0.104515,0.066985,0.111413,0.161918,-0.043373,0.494216,0.349918,0.116010,-0.066322,0.475099,0.252547
0.253648,0.303483,0.955606,1.299261,1.169915,0.946537,0.906534,1.058421,0.969839,0.716191,0.535079,0.650098,0.797587,0.682897,0.783703,0.615259,0.220183,0.107703,0.133638,0.173395,0.752172,0.610975,1.172863,1.434702,1.559499,0.000000,0.890208,0.760905,0.620400,0.400491,1.017207,0.990914,0.375886,0.354304,0.342145,0.209806,0.382899,0.166934,-0.210002,-0.027593,0.043958,0.169154,0.580277,0.460529,0.941464,0.822998,0.332378,0.278819,0.756570,0.827821,0.884328,0.672400,0.323042,0.420025,0.300448,0.213578,0.124519,0.277071,0.748048,0.505196,0.587006,0.711714,-0.042903,-0.104498,0.443019,0.879257,0.901754,0.834259,0.090832,0.234937,0.343867,0.285850,0.570502,0.487655,0.431279,0.285445,0.135555,0.139449,0.195281,0.022731,0.067010,0.110292,0.208266,0.090882,0.510301,0.478076,0.190072,0.031347,0.476888,0.305810
0.208504,0.138593,0.856183,0.702555,0.811607,0.585115,0.773179,0.570232,0.821752,0.379357,0.345716,0.268714,0.554789,0.373292,0.570399,0.333610,0.143665,0.097661,0.237707,0.169518,0.688514,0.587833,0.945997,0.787603,0.816509,0.890208,0.000000,0.908437,0.410725,0.319051,0.854461,0.777106,0.291489,0.202867,0.326084,0.104332,0.298809,0.091358,-0.295483,-0.121546,0.196109,0.314181,0.324523,0.203738,0.495435,0.377764,0.131800,0.085919,0.415212,0.419361,0.437475,0.308535,0.011730,0.174990,-0.025552,-0.072496,0.020308,0.127880,0.517273,0.183014,0.432274,0.422746,-0.043712,-0.177435,0.521212,0.576584,0.572802,0.418106,0.140711,0.150298,0.438780,0.364081,0.646838,0.554230,0.380208,0.267282,0.187480,0.106465,0.133421,-0.163411,-0.019291,0.168771,0.115761,-0.029031,0.375464,0.194644,-0.071331,-0.104735,0.244535,0.082363
0.300281,0.316464,0.674020,0.673845,0.521712,0.632289,0.674826,0.597666,0.698739,0.479628,0.348085,0.368348,0.572522,0.309423,0.587490,0.498653,0.130962,0.071081,0.186389,0.218443,0.713540,0.619288,0.637986,0.645440,0.680306,0.760905,0.908437,0.000000,0.344619,0.293111,0.737124,0.735135,0.365601,0.325961,0.286686,0.232461,0.187663,0.227672,-0.168326,0.072346,0.101273,0.269615,0.413160,0.347365,0.560513,0.475989,0.297092,0.258637,0.478497,0.488758,0.550406,0.428055,0.207868,0.274131,0.205374,0.116648,0.125603,0.242501,0.688793,0.359367,0.593270,0.533376,0.048115,-0.024418,0.332060,0.539720,0.640625,0.559436,0.152950,0.260063,0.359461,0.340506,0.532644,0.572382,0.384437,0.280356,0.202913,0.229596,0.158228,0.001736,-0.053200,0.151094,0.203005,0.075623,0.266058,0.336434,0.138088,0.069601,0.424501,0.323823
0.506876,0.353485,0.639306,0.575620,0.529890,0.448214,0.647464,0.583959,0.592681,0.365913,0.573062,0.580325,0.858621,0.772287,0.841691,0.672355,0.582751,0.274002,0.381340,0.397621,0.645339,0.514553,0.636841,0.657653,0.509485,0.620400,0.410725,0.344619,0.000000,0.722819,0.708313,0.680454,0.359561,0.363863,0.115147,0.035015,0.454096,0.161216,-0.237460,-0.007717,0.219410,0.365409,0.481721,0.495048,0.632916,0.555650,0.321380,0.300276,0.652978,0.506883,0.721276,0.496275,0.532101,0.564814,0.363590,0.293222,0.342297,0.261206,0.552726,0.421186,0.589728,0.485928,0.426731,0.218579,0.245987,0.276513,0.510241,0.418719,0.261069,0.176803,0.350910,0.246909,0.884737,0.565850,0.553440,0.403934,0.280871,0.172812,0.441883,0.240555,0.531350,0.242357,0.250196,0.151636,0.588152,0.440207,0.223753,0.108053,0.376545,0.241861
0.065478,0.334737,0.218349,0.395182,0.262471,0.310785,0.226271,0.479905,0.470903,0.341631,0.128984,0.374499,0.371797,0.512691,0.433517,0.565517,0.308669,0.560781,0.088130,0.403355,0.565222,0.641925,0.277301,0.321122,0.317191,0.400491,0.319051,0.293111,0.722819,0.000000,0.508648,0.502544,0.233815,0.317906,0.021682,-0.091989,0.373574,0.358821,-0.063578,0.041422,0.472744,0.514240,0.253229,0.330057,0.386468,0.410391,0.208911,0.245924,0.340030,0.337087,0.378833,0.253799,0.249621,0.304321,0.218010,0.204853,0.149402,0.342735,0.308505,0.356471,0.296216,0.376824,0.267724,0.277520,-0.008088,0.025065,0.234830,0.274387,0.177655,0.139035,0.409023,0.482987,0.556493,0.609757,0.232247,0.301146,0.268974,0.212751,0.490408,0.438585,0.554612,0.580634,-0.011937,0.146301,0.295724,0.441106,0.088162,0.198771,0.273407,0.286389
0.390146,0.288668,1.165670,1.016876,0.728348,0.487708,1.194914,0.931233,0.851789,0.356012,0.480618,0.483601,0.894215,0.656121,1.032640,0.684142,0.179173,0.221643,0.382235,0.292078,0.895018,0.616476,1.307351,1.127791,0.893226,1.017207,0.854461,0.737124,0.708313,0.508648,0.000000,1.982694,0.425010,0.332917,0.283708,0.036479,0.239664,0.121081,-0.167067,0.119486,0.268318,0.448325,0.473466,0.391384,0.727460,0.545299,0.229002,0.126671,0.600276,0.513539,0.638328,0.423370,0.114583,0.175893,0.141661,0.097213,0.112775,0.206012,0.794837,0.301504,0.723950,0.594025,0.109512,-0.024467,0.482485,0.666818,0.757394,0.518750,0.100173,0.116052,0.775525,0.620638,0.819680,0.685887,0.565632,0.315185,0.285878,0.204880,0.143477,-0.069368,-0.032171,0.129235,0.339181,0.217635,0.412163,0.367251,0.319059,0.272799,0.329666,0.195844
0.356989,0.301394,1.001776,1.070902,0.726952,0.465276,1.067495,1.022329,0.777589,0.364788,0.491566,0.550184,0.929119,0.731864,1.052203,0.759213,0.175602,0.216116,0.278306,0.279887,0.851718,0.575723,1.161615,1.185877,0.822597,0.990914,0.777106,0.735135,0.680454,0.502544,1.982694,0.000000,0.314219,0.270428,0.211261,0.047554,0.146872,0.101832,-0.207462,0.118573,0.206118,0.446007,0.516216,0.453880,0.788476,0.603842,0.306077,0.186086,0.678437,0.601453,0.648861,0.500172,0.150993,0.192205,0.189996,0.134749,0.097017,0.176064,0.799468,0.364701,0.679828,0.632150,0.108604,0.025969,0.378882,0.650970,0.691342,0.519944,0.050892,0.069190,0.761711,0.622907,0.732514,0.670454,0.481119,0.261118,0.198965,0.155797,0.133320,-0.099422,-0.065386,0.089945,0.295016,0.242267,0.321317,0.393129,0.322554,0.269096,0.291305,0.237056
0.724768,0.784679,0.514688,0.475474,0.278230,0.456471,0.620550,0.418344,0.241637,0.297845,0.389831,0.359221,0.247581,0.112955,0.237428,0.316181,0.438595,0.275332,0.827444,0.590754,0.200160,0.243437,0.484032,0.292553,0.361969,0.375886,0.291489,0.365601,0.359561,0.233815,0.425010,0.314219,0.000000,1.491240,0.938561,0.537577,0.529072,0.541508,0.086038,0.294649,0.186957,0.253275,0.355903,0.253716,0.285166,0.358336,0.307995,0.298522,0.174843,0.065758,0.485087,0.133161,0.379028,0.379545,0.357023,0.263880,0.777016,0.868524,0.488477,0.284365,0.689615,0.516959,0.459516,0.192560,0.631457,0.546121,0.912628,0.751366,0.755857,0.962096,-0.032579,-0.025169,0.570897,0.642213,0.581442,0.528355,0.870554,0.890935,0.483887,0.221434,0.553349,0.600621,0.388920,0.160164,0.973846,0.589207,0.367227,0.198276,0.711696,0.479697
0.561144,0.904820,0.334906,0.486859,0.267273,0.565436,0.464582,0.488920,0.189065,0.410130,0.333399,0.496388,0.222869,0.207843,0.170480,0.393901,0.561230,0.397755,0.620288,0.709133,0.163048,0.213876,0.352020,0.289322,0.288821,0.354304,0.202867,0.325961,0.363863,0.317906,0.332917,0.270428,1.491240,0.000000,0.800556,0.603723,0.636023,0.638302,0.154802,0.299667,0.212216,0.308842,0.459197,0.399707,0.343938,0.511223,0.459155,0.491223,0.232035,0.162558,0.509478,0.210274,0.509559,0.450398,0.487392,0.447454,0.830390,1.055427,0.394979,0.410366,0.519348,0.550520,0.501677,0.358377,0.442168,0.505210,0.798696,0.852104,0.758699,1.091024,-0.115249,-0.053647,0.473675,0.638379,0.501994,0.540164,0.795348,0.865053,0.523964,0.255928,0.558216,0.658460,0.361112,0.237430,0.835223,0.716377,0.377950,0.237122,0.572920,0.522336
0.552464,0.481900,0.411605,0.396666,0.249283,0.311393,0.481242,0.251474,0.110301,0.156131,0.297610,0.144290,0.077897,-0.077069,0.085384,0.077188,0.349951,0.262418,0.602405,0.396198,0.129538,0.083555,0.401666,0.210924,0.408036,0.342145,0.326084,0.286686,0.115147,0.021682,0.283708,0.211261,0.938561,0.800556,0.000000,0.821329,0.344720,0.496538,0.196776,0.373853,0.147648,0.227749,0.230161,0.118299,0.167790,0.206191,0.237535,0.219641,-0.004213,-0.055756,0.336162,0.006018,0.112242,0.164499,0.249742,0.217204,0.609271,0.691532,0.250378,0.158727,0.391131,0.235049,0.328879,0.077649,0.729738,0.669806,0.818336,0.704822,0.675120,0.850023,-0.081171,-0.038315,0.457730,0.504921,0.485597,0.437343,0.675901,0.738000,0.432002,0.156393,0.337595,0.596849,0.310347,0.044374,0.660392,0.462993,0.294442,0.153375,0.645158,0.432653
0.497946,0.455325,0.172002,0.267533,0.182335,0.268427,0.234142,0.165054,0.020616,0.146714,0.244863,0.192576,0.053849,-0.023528,0.066214,0.187153,0.480666,0.187460,0.381016,0.406879,0.011880,-0.044921,0.132110,0.143587,0.187297,0.209806,0.104332,0.232461,0.035015,-0.091989,0.036479,0.047554,0.537577,0.603723,0.821329,0.000000,0.284698,0.567644,0.246570,0.477629,-0.079202,0.095708,0.260302,0.270541,0.135371,0.255991,0.351172,0.391745,0.047084,0.040694,0.276708,0.056177,0.272715,0.273798,0.419862,0.385032,0.645035,0.601087,0.228137,0.300887,0.277612,0.194034,0.396063,0.174796,0.533942,0.422108,0.489412,0.607207,0.621641,0.772911,-0.223165,-0.154970,0.310968,0.363328,0.370327,0.464808,0.518498,0.687173,0.296887,0.123353,0.320637,0.546773,0.320256,0.133998,0.473703,0.507793,0.270863,0.182438,0.595405,0.618192
0.300544,0.391830,0.242549,0.308403,0.318120,0.471681,0.247988,0.263527,0.384463,0.340757,0.132783,0.290668,0.211445,0.249391,0.196558,0.251294,0.483962,0.292302,0.245117,0.429000,0.195444,0.170875,0.239771,0.331701,0.265028,0.382899,0.298809,0.187663,0.454096,0.373574,0.239664,0.146872,0.529072,0.636023,0.344720,0.284698,0.000000,0.640607,0.141717,0.117443,0.269680,0.291416,0.219962,0.216212,0.232796,0.344947,0.106827,0.248579,0.182847,0.188484,0.422502,0.164259,0.382723,0.491984,0.289186,0.285132,0.431630,0.511179,0.316622,0.320089,0.257793,0.291824,0.381681,0.330608,0.293780,0.187749,0.304808,0.437282,0.357789,0.358257,-0.086109,-0.036704,0.433099,0.464271,0.355355,0.435097,0.463513,0.324559,0.294666,0.131405,0.432031,0.465639,0.119987,0.135745,0.604883,0.507614,0.115154,0.151421,0.305114,0.276469
0.366945,0.670367,0.025434,0.184965,0.088612,0.256564,0.103939,0.174322,0.149519,0.205887,0.015327,0.200383,-0.004111,0.077846,0.035288,0.227068,0.658798,0.646935,0.353228,0.716667,0.159005,0.168865,0.008013,0.027863,0.105324,0.166934,0.091358,0.227672,0.161216,0.358821,0.121081,0.101832,0.541508,0.638302,0.496538,0.567644,0.640607,0.000000,0.435984,0.596590,0.418909,0.510379,0.208612,0.219775,0.041842,0.174374,0.306707,0.385680,0.000954,-0.042581,0.226567,-0.032768,0.258197,0.288878,0.445197,0.487679,0.678623,0.792698,0.233896,0.289358,0.297392,0.273110,0.630409,0.646035,0.240975,0.119735,0.292593,0.431623,0.724618,0.656301,0.025895,0.187803,0.423939,0.661832,0.492738,0.753317,0.733351,0.738046,0.331089,0.181335,0.426259,0.806966,0.301688,0.346399,0.457237,0.671260,0.268457,0.363892,0.516087,0.577338
0.005942,0.050143,-0.230099,-0.176433,-0.407455,-0.249892,-0.176426,-0.225655,-0.234636,-0.266232,-0.354156,-0.286418,-0.343915,-0.286863,-0.196116,-0.147434,-0.009090,0.179828,-0.024940,0.110668,-0.158817,-0.332039,-0.268928,-0.254921,-0.192663,-0.210002,-0.295483,-0.168326,-0.237460,-0.063578,-0.167067,-0.207462,0.086038,0.154802,0.196776,0.246570,0.141717,0.435984,0.000000,0.784052,0.289086,0.107718,-0.274176,-0.229004,-0.341746,-0.263262,-0.192743,-0.089464,-0.404675,-0.379626,-0.202960,-0.309918,-0.153763,-0.174512,0.165868,0.248604,0.160504,0.115227,-0.106706,-0.075035,-0.056230,-0.155151,0.220975,0.273310,0.019701,-0.141836,-0.089326,0.025404,0.138876,0.159137,-0.091597,0.068521,-0.062609,0.031766,0.143395,0.266034,0.154950,0.197799,-0.169808,0.164177,0.019724,0.208360,0.401660,0.349674,-0.104702,0.094021,0.315410,0.474394,0.075854,0.232789
0.354062,0.391296,-0.005628,0.107820,-0.155289,-0.059592,0.110462,0.065398,-0.083722,-0.101354,-0.046501,0.011028,0.006007,-0.060399,0.142960,0.201188,0.289742,0.395951,0.209110,0.370580,0.052818,-0.043971,-0.069603,-0.057801,-0.060563,-0.027593,-0.121546,0.072346,-0.007717,0.041422,0.119486,0.118573,0.294649,0.299667,0.373853,0.477629,0.117443,0.596590,0.784052,0.000000,0.235829,0.379897,0.105674,0.208570,-0.001103,0.029536,0.233590,0.259583,-0.061257,-0.093860,0.126582,-0.019099,0.106559,-0.023638,0.500918,0.487915,0.358276,0.380233,0.194210,0.203009,0.272472,0.135690,0.484920,0.478042,0.197424,0.105850,0.163370,0.296014,0.305948,0.351987,0.118048,0.212011,0.223080,0.323142,0.320438,0.401795,0.439468,0.543264,0.074429,-0.000344,0.067195,0.325226,0.551080,0.704764,0.076224,0.417976,0.801501,0.965111,0.399955,0.484033
0.056255,0.157875,0.115488,0.048531,-0.097031,-0.080691,0.118222,0.079171,0.143583,-0.104291,-0.133602,-0.044808,0.011502,0.042253,0.114714,0.081866,0.165645,0.398395,0.201597,0.235830,0.311883,0.214803,0.148666,0.043242,0.071182,0.043958,0.196109,0.101273,0.219410,0.472744,0.268318,0.206118,0.186957,0.212216,0.147648,-0.079202,0.269680,0.418909,0.289086,0.235829,0.000000,0.821173,-0.037282,-0.026093,-0.001347,-0.021660,-0.056153,-0.067548,-0.053537,-0.136850,0.008454,-0.122727,-0.107477,-0.075209,-0.076777,0.034444,0.060732,0.157215,0.001508,-0.132255,0.059092,-0.061371,0.184374,0.186487,0.044065,-0.061431,0.051391,0.001288,0.132325,0.007295,0.361478,0.463701,0.361942,0.437317,0.169297,0.165842,0.188092,0.144311,0.094839,0.120842,0.138362,0.273134,0.054594,0.069670,0.072796,0.135646,0.033391,0.190477,-0.044206,-0.033972
0.292990,0.371837,0.239343,0.279592,0.133645,0.095028,0.325758,0.301248,0.162132,0.005570,0.132579,0.226958,0.239140,0.256926,0.252517,0.291710,0.378651,0.502815,0.304803,0.489621,0.406731,0.307825,0.258597,0.194725,0.120589,0.169154,0.314181,0.269615,0.365409,0.514240,0.448325,0.446007,0.253275,0.308842,0.227749,0.095708,0.291416,0.510379,0.107718,0.379897,0.821173,0.000000,0.220802,0.273037,0.228321,0.207751,0.245942,0.232957,0.199502,0.071645,0.258863,0.108272,0.104760,0.125634,0.160400,0.315398,0.241837,0.326586,0.247430,0.182887,0.266910,0.200768,0.341788,0.334302,0.156151,0.134812,0.209740,0.226319,0.261383,0.178423,0.500689,0.560706,0.540527,0.630148,0.207872,0.228043,0.333531,0.320626,0.368429,0.005229,0.203458,0.400275,0.123079,0.211875,0.253395,0.418170,0.231997,0.402417,0.151055,0.151285
0.391644,0.619673,0.505592,0.698793,0.872194,0.829222,0.603666,0.815625,0.368361,0.707123,0.651517,0.762281,0.586761,0.698117,0.473585,0.590908,0.341894,0.250731,0.350972,0.459548,0.310002,0.300357,0.514594,0.541404,0.521021,0.580277,0.324523,0.413160,0.481721,0.253229,0.473466,0.516216,0.355903,0.459197,0.230161,0.260302,0.219962,0.208612,-0.274176,0.105674,-0.037282,0.220802,0.000000,1.796218,1.322141,1.401683,1.546483,1.315987,1.171204,0.911050,0.877066,0.916670,0.853281,0.681007,0.770314,0.782347,0.454037,0.553761,0.459941,0.742885,0.378964,0.577067,0.177323,0.203603,0.245520,0.574811,0.831734,0.915475,0.371654,0.499444,0.131366,0.051086,0.311359,0.349973,0.389316,0.413869,0.232961,0.365729,0.308841,-0.096496,0.120531,0.213244,0.414760,0.388130,0.580676,0.604010,0.390951,0.179089,0.336152,0.390189
0.343421,0.618605,0.335542,0.583438,0.685435,0.717402,0.438006,0.720380,0.312558,0.650236,0.544356,0.759554,0.546348,0.685752,0.455701,0.668676,0.372522,0.288590,0.241366,0.464536,0.291825,0.315998,0.338692,0.437296,0.344483,0.460529,0.203738,0.347365,0.495048,0.330057,0.391384,0.453880,0.253716,0.399707,0.118299,0.270541,0.216212,0.219775,-0.229004,0.208570,-0.026093,0.273037,1.796218,0.000000,1.189384,1.381626,1.619734,1.515170,1.123379,0.905386,0.821144,0.943625,0.958854,0.696339,0.910456,0.927739,0.407985,0.514688,0.422981,0.827388,0.321035,0.506978,0.238784,0.293699,0.118165,0.401290,0.612031,0.805268,0.310966,0.416001,0.169394,0.103277,0.295401,0.350065,0.329317,0.374549,0.246742,0.383447,0.321512,-0.076243,0.146315,0.219470,0.377698,0.491428,0.457351,0.668835,0.453274,0.306333,0.305336,0.434693
0.338256,0.471154,0.690366,0.955660,1.073637,0.900553,0.767570,1.041317,0.571062,0.744159,0.700773,0.854959,0.809436,0.852956,0.693803,0.694981,0.221605,0.130200,0.187893,0.282057,0.509037,0.422566,0.762038,0.877328,0.819489,0.941464,0.495435,0.560513,0.632916,0.386468,0.727460,0.788476,0.285166,0.343938,0.167790,0.135371,0.232796,0.041842,-0.341746,-0.001103,-0.001347,0.228321,1.322141,1.189384,0.000000,1.671721,0.907785,0.793807,1.595645,1.256310,1.205855,1.224551,0.756900,0.667681,0.618082,0.583828,0.220188,0.366423,0.675972,0.811100,0.476028,0.646167,0.033850,0.051896,0.229684,0.638697,0.898013,0.942955,0.128841,0.269411,0.260658,0.146291,0.362324,0.328545,0.304378,0.236618,0.076887,0.163627,0.295450,-0.021783,0.076667,0.067478,0.279192,0.260657,0.512884,0.585639,0.351828,0.137437,0.347762,0.340822
0.305148,0.611992,0.505319,0.888601,0.925835,0.959638,0.590978,1.000163,0.487690,0.832756,0.613135,0.949491,0.634947,0.770519,0.530930,0.707233,0.314526,0.223719,0.186031,0.395924,0.393141,0.371060,0.574603,0.739125,0.666223,0.822998,0.377764,0.475989,0.555650,0.410391,0.545299,0.603842,0.358336,0.511223,0.206191,0.255991,0.344947,0.174374,-0.263262,0.029536,-0.021660,0.207751,1.401683,1.381626,1.671721,0.000000,1.065762,1.040953,1.327507,1.199438,1.084641,1.150206,0.936064,0.812209,0.767319,0.766219,0.390302,0.554590,0.554200,0.922366,0.368435,0.657369,0.102869,0.138283,0.204285,0.646254,0.844223,1.121738,0.243228,0.423282,0.140886,0.078227,0.313327,0.367888,0.324425,0.302047,0.166047,0.270048,0.355812,0.024256,0.172873,0.205360,0.256014,0.286252,0.601343,0.761236,0.359362,0.169963,0.362467,0.468468
0.400401,0.748045,0.240372,0.493713,0.577119,0.654944,0.368624,0.627671,0.151928,0.583759,0.546039,0.709690,0.398766,0.532479,0.270804,0.502198,0.417718,0.357974,0.335512,0.564476,0.139471,0.222243,0.239868,0.266137,0.263313,0.332378,0.131800,0.297092,0.321380,0.208911,0.229002,0.306077,0.307995,0.459155,0.237535,0.351172,0.106827,0.306707,-0.192743,0.233590,-0.056153,0.245942,1.546483,1.619734,0.907785,1.065762,0.000000,1.809544,0.863557,0.674405,0.671444,0.753547,0.857354,0.600729,0.899269,0.947497,0.533578,0.632507,0.313836,0.720558,0.293537,0.493488,0.284281,0.352798,0.146859,0.429130,0.645717,0.819447,0.473383,0.620295,0.031165,0.008721,0.240696,0.338996,0.292940,0.392166,0.285853,0.471409,0.389020,-0.032447,0.163688,0.287294,0.360917,0.408499,0.448623,0.653683,0.417049,0.227384,0.351600,0.477202
0.339893,0.741903,0.129628,0.414421,0.519838,0.667449,0.246957,0.526989,0.134671,0.613388,0.441908,0.640950,0.302795,0.462355,0.203109,0.478426,0.412611,0.367018,0.248748,0.565614,0.096753,0.166467,0.128296,0.198599,0.185163,0.278819,0.085919,0.258637,0.300276,0.245924,0.126671,0.186086,0.298522,0.491223,0.219641,0.391745,0.248579,0.385680,-0.089464,0.259583,-0.067548,0.232957,1.315987,1.515170,0.793807,1.040953,1.809544,0.000000,0.780829,0.636753,0.643757,0.732373,1.008826,0.766158,1.045921,1.177132,0.557102,0.668528,0.261775,0.815260,0.216536,0.473091,0.315162,0.392518,0.106212,0.349876,0.557670,0.825535,0.505608,0.657424,-0.033977,-0.027887,0.208856,0.338972,0.309604,0.473482,0.327850,0.506028,0.396094,0.009614,0.221931,0.384185,0.364129,0.460552,0.465429,0.731793,0.395147,0.261752,0.367131,0.579690
0.415905,0.511909,0.634444,0.866527,0.975217,0.816124,0.681772,0.972713,0.586678,0.738420,0.861738,1.059074,0.971842,1.061357,0.762227,0.874106,0.244255,0.102723,0.182102,0.279240,0.516168,0.441022,0.635278,0.763798,0.610239,0.756570,0.415212,0.478497,0.652978,0.340030,0.600276,0.678437,0.174843,0.232035,-0.004213,0.047084,0.182847,0.000954,-0.404675,-0.061257,-0.053537,0.199502,1.171204,1.123379,1.595645,1.327507,0.863557,0.780829,0.000000,1.512676,1.221229,1.588104,0.903808,0.848975,0.649064,0.626326,0.248848,0.281807,0.721002,0.930968,0.536079,0.701199,0.085203,0.107863,0.191595,0.523077,0.688465,0.749670,0.099494,0.215221,0.282499,0.160220,0.345140,0.318403,0.317307,0.259272,0.041010,0.113492,0.179448,-0.107193,0.032322,-0.028885,0.271240,0.295095,0.447233,0.560681,0.303478,0.086090,0.302475,0.396545
