0.000000,0.442304,0.212208,0.146715,-0.058026,-0.019859,0.159003,0.123102,-0.188599,-0.243277,0.322016,0.373721,0.239376,0.235318,0.267104,0.050222,0.336949,0.166399,0.554270,0.531529,-0.052638,-0.022205,0.013172,0.133807,0.009836,0.260966,-0.072833,-0.033445,0.181057,0.259670,0.400668,0.218401,0.493402,0.511559,-0.039833,-0.035361,0.082453,-0.007876,0.203118,0.037717,-0.074380,-0.018994,0.060699,0.093570,0.053818,0.139803,0.178432,0.094194,0.114231,0.180777,0.088803,0.092015,0.130621,0.039486,0.299298,0.040065,0.928830,0.328009,0.403974,0.201013,0.511412,0.287700,0.310782,0.424954,0.222457,0.305992,0.300508,0.175088,0.239369,0.238970,0.003004,0.098278,0.192042,0.250158,0.078155,0.050546,0.212031,0.166425,0.288259,0.172615,0.291399,0.276435,0.330461,0.231311,0.265322,0.148004,0.534476,0.221000,0.150878,0.104237
0.442304,0.000000,0.237850,0.395856,-0.023121,-0.015455,0.122247,0.592800,-0.073135,-0.296525,0.030173,0.654719,-0.001340,0.317931,0.293738,-0.018280,-0.119980,0.282747,0.675191,0.963135,0.108432,-0.082614,0.264279,0.315437,0.114316,0.044316,-0.073857,0.019234,-0.002142,0.131722,0.262299,0.245266,0.180938,0.431943,0.187756,0.190944,0.066248,0.017078,0.087300,0.182958,-0.026357,-0.032696,-0.154100,-0.076151,-0.011226,-0.065033,0.010768,0.010293,-0.040872,0.007586,-0.123224,-0.044199,-0.028132,-0.436556,0.206572,-0.228074,0.205585,0.519099,0.138612,0.112428,0.109540,0.424509,-0.184454,0.460603,0.003975,0.367616,0.181619,0.172677,0.697155,0.433477,0.052457,0.109618,0.006566,0.077698,-0.002045,-0.034764,0.266072,0.202655,-0.097563,0.143660,-0.106200,0.037336,0.283461,0.006806,0.087645,-0.165045,0.535365,0.216029,0.300522,-0.319442
0.212208,0.237850,0.000000,0.552172,-0.027362,0.123681,0.881970,0.552605,0.028383,-0.070086,-0.114527,-0.057149,-0.138832,-0.047063,0.097682,0.137368,0.000146,0.020454,0.387496,0.355163,-0.223891,-0.113219,0.885609,0.616403,0.155084,0.413716,-0.131105,0.176848,0.077996,0.042110,0.589964,0.467665,0.328154,0.341684,0.052268,0.032018,-0.014520,-0.023299,-0.059687,-0.065444,-0.099310,0.039449,0.081858,0.028422,0.254366,0.207971,0.088762,0.206653,0.313846,0.269477,0.152117,0.288564,0.137355,0.096999,-0.024456,-0.147743,-0.079214,-0.029733,0.103566,-0.052646,-0.051787,0.120514,0.004618,0.249898,0.124776,0.247416,0.232894,0.248883,0.109634,0.261766,0.214089,0.217106,0.025982,0.151730,0.055306,-0.138352,0.124571,0.034961,0.032814,-0.081268,0.038235,0.098165,0.177054,-0.087864,-0.161363,0.050215,0.142598,-0.026031,0.069118,-0.070329
0.146715,0.395856,0.552172,0.000000,0.126445,0.180457,0.404313,0.847447,0.211332,0.354310,-0.005200,0.186079,0.006544,0.434973,0.218924,-0.069906,-0.207483,0.180279,0.533377,0.607291,-0.023426,0.040166,0.717453,0.733053,0.046778,0.124870,0.346344,0.285308,-0.213591,0.151998,0.400495,0.538132,0.148379,0.256004,0.230747,0.216005,-0.033550,-0.185157,-0.067703,-0.129995,-0.044529,-0.233049,-0.029644,-0.148189,0.100751,0.105894,-0.071412,-0.228324,0.067901,0.047486,0.098780,-0.015947,0.165262,-0.151475,0.109631,-0.154861,-0.110045,0.034550,0.151550,-0.083439,-0.005684,0.137531,-0.082067,0.164482,0.247687,0.422555,0.249484,0.209962,0.209996,0.024931,0.155565,0.358360,-0.259872,-0.093702,-0.233116,-0.299960,0.065649,0.122345,-0.200068,-0.005410,-0.207508,-0.039606,-0.118862,-0.182584,0.120512,-0.152617,-0.004005,-0.182879,0.180191,-0.107892
-0.058026,-0.023121,-0.027362,0.126445,0.000000,0.292104,0.132452,0.161567,0.787235,0.542030,-0.098566,-0.316220,0.062514,-0.076781,0.585142,0.092292,-0.173875,-0.052763,0.050598,0.033807,0.089626,0.100193,-0.033276,-0.038278,0.671564,0.316169,0.347612,0.193730,0.003417,-0.207393,-0.039580,0.075270,0.053377,0.202927,0.010385,-0.038278,-0.300048,0.225786,-0.204479,0.144141,-0.120429,-0.230231,0.038297,-0.024595,0.014392,0.034345,0.108539,-0.003976,-0.069880,0.127816,0.061699,-0.104004,0.200818,0.116162,0.083177,0.369736,-0.051962,0.341298,0.306640,0.411373,0.056615,0.356717,-0.158201,0.104353,0.111394,0.069747,0.250400,0.140190,0.165139,0.008991,-0.042457,-0.099442,-0.063557,-0.097859,0.189261,0.390107,0.064663,-0.284641,-0.310479,0.019792,-0.220677,-0.227159,0.281735,0.115393,0.215897,-0.092633,0.158295,0.102391,0.506754,0.254520
-0.019859,-0.015455,0.123681,0.180457,0.292104,0.000000,0.015465,0.340745,0.677632,0.507094,-0.182734,-0.233111,-0.166710,0.056473,0.393707,0.367313,-0.233598,0.089041,-0.048733,-0.056178,0.096158,0.085510,0.084962,0.335297,0.231324,0.360532,0.512463,1.176266,-0.212958,-0.268693,0.094310,0.248331,-0.116231,0.009929,0.028356,-0.044282,-0.278218,0.345881,0.009515,0.367575,0.174026,-0.041884,0.195482,0.068002,0.221463,0.127277,0.293898,0.127805,0.171744,0.193633,0.306850,0.128262,0.402495,0.094328,0.145966,0.366091,-0.065696,0.209491,0.302891,0.305249,0.079458,0.227779,-0.065166,0.092074,0.282967,0.216623,0.226405,0.199381,0.203898,0.082150,0.162235,0.097946,-0.075457,-0.226469,-0.028948,0.337319,0.226147,-0.043128,-0.435474,-0.004737,-0.097882,-0.119837,0.225421,-0.071415,0.341584,0.234480,-0.079503,-0.013780,0.371558,0.023927
0.159003,0.122247,0.881970,0.404313,0.132452,0.015465,0.000000,0.635815,0.140729,0.093515,0.074194,0.083127,0.263166,0.107563,0.143123,-0.008634,0.043046,0.072339,0.216948,0.242256,-0.124109,-0.021131,0.804393,0.474830,0.114462,0.251592,-0.051956,-0.026924,0.281690,0.048474,0.551868,0.406324,0.402447,0.491390,0.170491,0.222693,-0.091216,-0.155340,-0.284481,-0.203865,-0.156498,-0.075535,-0.002579,-0.128467,0.160453,0.112835,0.092813,0.172341,0.148508,0.239826,0.078536,0.251134,0.157219,0.191139,-0.072328,-0.108831,-0.080312,-0.098225,0.127694,-0.077905,0.093844,0.045546,0.100367,0.201768,0.118155,0.100751,0.313672,0.385611,0.093388,0.158186,0.131239,0.041732,0.122692,0.095535,0.221565,-0.093274,-0.103638,-0.214793,0.005548,-0.018025,-0.081613,-0.008115,0.083557,-0.061353,-0.197360,-0.116352,0.093158,-0.201141,0.060985,-0.091404
0.123102,0.592800,0.552605,0.847447,0.161567,0.340745,0.635815,0.000000,0.242129,0.252171,-0.032694,0.354147,0.090388,0.549281,0.299132,0.135332,-0.222495,0.260695,0.359967,0.502791,0.079688,0.121859,0.769208,0.885258,0.181901,0.121151,0.221636,0.277176,-0.044100,0.079710,0.544659,0.612946,0.321026,0.539664,0.197551,0.119288,-0.136243,-0.006647,-0.133080,0.047097,0.051114,-0.165023,-0.053127,-0.179205,0.143233,0.074449,0.012445,-0.117417,0.092618,0.162884,0.124358,0.121852,0.172169,-0.137984,0.051815,-0.134963,-0.102807,0.162381,0.211106,0.046158,0.098425,0.349764,-0.034704,0.355284,0.285662,0.424424,0.263350,0.343812,0.317562,0.138132,0.224293,0.258167,-0.227801,-0.020532,-0.096664,-0.046083,0.071160,-0.097187,-0.365816,0.061878,-0.248672,-0.033867,0.101884,0.009989,0.086617,-0.017360,0.169308,-0.104585,0.279784,-0.214076
-0.188599,-0.073135,0.028383,0.211332,0.787235,0.677632,0.140729,0.242129,0.000000,0.792065,-0.142218,-0.346487,0.003417,-0.056435,0.559379,0.075771,-0.255104,-0.130910,0.032271,-0.037522,0.023226,0.097697,0.024401,0.109415,0.430966,0.279250,0.524289,0.474325,-0.076672,-0.353875,-0.089182,0.041116,-0.035255,0.170508,0.180691,0.089770,-0.370673,0.187056,-0.187970,0.066250,-0.111998,-0.405890,0.159923,0.059448,0.192404,0.142096,0.277672,0.140658,0.069669,0.139828,0.200477,-0.066024,0.342851,0.089305,0.188720,0.441727,-0.178511,0.247947,0.404607,0.505725,0.051923,0.351295,-0.167673,-0.018590,0.133662,0.064603,0.401117,0.318573,0.336527,-0.004435,-0.132746,-0.154144,-0.118490,-0.290149,0.171150,0.397092,0.108268,-0.182492,-0.400079,-0.107230,-0.206256,-0.350672,0.261163,-0.055488,0.260161,-0.166445,0.060012,-0.067431,0.638858,0.098869
-0.243277,-0.296525,-0.070086,0.354310,0.542030,0.507094,0.093515,0.252171,0.792065,0.000000,-0.125391,-0.252857,0.123599,0.197533,0.181199,0.020094,-0.280732,0.055927,-0.182007,-0.166495,0.092373,0.228978,0.095805,0.191068,0.217995,0.037460,0.458950,0.374744,-0.193995,-0.174171,-0.085488,0.056949,-0.096431,-0.028028,0.163255,0.104179,-0.263371,0.025246,-0.265171,-0.149545,-0.020087,-0.348941,0.135625,-0.018548,0.161313,0.146197,0.043022,-0.107949,0.061660,0.171042,0.269954,0.047577,0.376344,0.166877,0.008727,0.355674,-0.215344,0.070569,0.238052,0.220029,0.081353,0.200971,0.028242,-0.024022,0.348932,0.135566,0.288237,0.294347,-0.087178,-0.197332,-0.062091,0.022859,-0.300250,-0.320301,-0.024058,0.156753,-0.084081,-0.249220,-0.342706,-0.016145,-0.287064,-0.187714,-0.190394,-0.043429,0.248421,-0.048766,-0.269696,-0.350615,0.234602,0.142583
0.322016,0.030173,-0.114527,-0.005200,-0.098566,-0.182734,0.074194,-0.032694,-0.142218,-0.125391,0.000000,0.369504,0.779853,0.408846,0.201432,0.149991,0.735501,0.352059,0.035084,-0.004476,0.113775,0.180741,0.118810,0.069502,-0.171673,-0.043193,-0.013192,-0.168144,0.785515,0.553409,0.173782,0.142925,0.174362,0.164183,0.289900,0.166825,0.032809,0.117833,-0.222766,-0.024490,0.178790,0.164645,0.161944,0.046742,0.125195,0.088725,-0.068061,-0.143217,0.037304,-0.022181,0.140191,0.024736,0.053355,0.074573,0.041553,-0.154261,0.405942,0.034862,-0.012039,-0.131424,0.139626,-0.261690,0.377130,-0.053233,0.225586,-0.165151,0.047349,0.145517,-0.100560,-0.024631,0.109584,0.272293,0.476313,0.428909,0.177885,0.106861,0.337406,0.260189,0.372999,0.426684,0.295347,0.353171,0.031381,0.213504,0.097971,0.110602,0.018901,-0.124731,-0.056059,0.030309
0.373721,0.654719,-0.057149,0.186079,-0.316220,-0.233111,0.083127,0.354147,-0.346487,-0.252857,0.369504,0.000000,0.251680,0.897416,0.004843,0.002350,0.100019,0.527302,0.258972,0.384173,0.141960,-0.103168,0.194748,0.276419,-0.184758,-0.172610,-0.058308,-0.189278,0.145086,0.535468,0.245096,0.227483,0.191785,0.242368,0.202936,0.198503,0.228463,-0.126675,0.148267,0.071132,0.079121,0.050152,-0.336586,-0.317756,-0.210709,-0.212130,-0.212149,-0.265338,-0.216123,-0.150989,-0.173684,-0.039156,-0.137181,-0.302545,0.065980,-0.331598,0.264847,0.165218,-0.077428,-0.225238,0.207523,0.060036,0.098969,0.331362,0.156384,0.345483,-0.105970,0.040185,0.170990,0.123161,0.088185,0.095446,0.130741,0.194788,-0.075936,-0.192348,0.020648,0.111081,0.056235,0.255546,0.008082,0.208487,-0.010761,0.060709,0.009612,-0.056831,0.119004,0.004839,-0.018284,-0.315397
0.239376,-0.001340,-0.138832,0.006544,0.062514,-0.166710,0.263166,0.090388,0.003417,0.123599,0.779853,0.251680,0.000000,0.342629,0.221900,0.070601,0.508473,0.237317,0.131435,0.099116,0.219907,0.261470,0.102040,0.110608,-0.109448,0.054634,0.062854,-0.224678,0.719674,0.327187,0.139501,-0.005405,0.168092,0.178587,0.220881,0.220487,-0.014656,-0.046174,-0.202904,-0.171983,0.063335,0.012693,0.013671,-0.080120,0.027322,-0.009943,-0.025063,-0.038804,-0.095715,0.001016,0.002086,0.028799,0.038696,0.118143,-0.045241,-0.003433,0.252869,-0.016984,0.026036,-0.037595,0.199113,-0.138022,0.348933,-0.017978,0.222057,-0.114119,0.144584,0.219650,-0.053188,-0.091510,-0.018076,0.067349,0.245557,0.266616,0.244488,0.111244,0.056959,0.060556,0.172425,0.197481,0.039401,0.143603,-0.067144,0.262278,0.135783,-0.016352,-0.023202,-0.167590,-0.052124,0.147374
0.235318,0.317931,-0.047063,0.434973,-0.076781,0.056473,0.107563,0.549281,-0.056435,0.197533,0.408846,0.897416,0.342629,0.000000,0.148664,0.272022,0.122055,0.667197,0.155841,0.231756,0.185353,0.123671,0.356021,0.537769,-0.133519,-0.112800,0.224027,0.027410,0.072960,0.485597,0.396421,0.524843,0.230296,0.236799,0.171221,0.053535,0.015834,-0.065979,0.006219,0.090103,0.244682,-0.040979,-0.079210,-0.265077,-0.026693,-0.029106,-0.137607,-0.437984,-0.112503,0.005747,0.023052,0.037233,-0.012426,-0.019840,0.035585,-0.111396,0.183698,0.175556,-0.053037,-0.203105,0.192787,0.054841,0.284082,0.255942,0.409555,0.392175,-0.063611,0.097124,0.069890,-0.027268,0.146551,0.313266,-0.023324,0.148118,-0.218179,-0.099948,-0.033599,0.019384,-0.069737,0.358071,-0.032539,0.301652,-0.109730,0.133580,0.184678,0.168412,-0.007582,-0.131981,-0.038977,-0.119155
0.267104,0.293738,0.097682,0.218924,0.585142,0.393707,0.143123,0.299132,0.559379,0.181199,0.201432,0.004843,0.221900,0.148664,0.000000,0.395862,0.064750,0.129941,0.338816,0.285597,0.239756,0.258913,0.137480,0.261451,0.609095,0.421226,0.243571,0.158597,0.234018,-0.013100,0.343470,0.255128,0.160017,0.409469,0.263967,0.039878,-0.194702,0.446033,0.057175,0.520174,0.120963,0.139633,0.080405,0.038536,0.045017,0.030209,0.239483,0.193096,-0.083964,0.102010,0.049013,-0.055320,0.154867,0.228549,0.237678,0.393601,0.235422,0.503297,0.152842,0.423686,-0.084425,0.181108,-0.209108,0.026930,0.009972,0.110516,0.210672,0.154394,0.417362,0.237632,0.096390,0.006599,0.079238,0.156322,0.133775,0.443644,0.432430,0.172772,-0.066803,0.227841,0.122328,0.099376,0.839265,0.191068,0.461749,0.253399,0.570004,0.516571,0.697893,0.288476
0.050222,-0.018280,0.137368,-0.069906,0.092292,0.367313,-0.008634,0.135332,0.075771,0.020094,0.149991,0.002350,0.070601,0.272022,0.395862,0.000000,0.287761,0.286744,-0.017285,-0.078464,0.213455,0.211049,0.224769,0.361108,0.247011,0.342623,0.207378,0.240253,0.242342,0.296504,0.478907,0.485530,0.109190,0.033296,-0.115979,-0.290401,-0.134179,0.496149,0.226733,0.639874,0.644097,0.534000,0.126952,0.023142,0.104094,0.048820,0.003710,-0.037084,-0.048981,0.022645,0.031329,0.147607,-0.182359,0.281744,-0.168720,0.162896,0.067311,0.205932,-0.262669,-0.048985,-0.252689,-0.093904,0.098327,0.076121,0.093088,0.193844,-0.277157,-0.134248,0.020296,0.170976,0.394435,0.250357,0.161221,0.363363,-0.162296,0.153592,0.218021,0.168377,0.128678,0.275124,0.341709,0.488602,0.334191,0.341903,0.266330,0.905195,0.126121,0.379221,-0.018444,0.297868
0.336949,-0.119980,0.000146,-0.207483,-0.173875,-0.233598,0.043046,-0.222495,-0.255104,-0.280732,0.735501,0.100019,0.508473,0.122055,0.064750,0.287761,0.000000,0.160793,0.099206,-0.138869,-0.049116,-0.000094,0.052087,-0.001035,-0.060063,0.164945,-0.097374,-0.157814,0.867936,0.472765,0.135341,0.010254,0.389646,0.202486,0.084121,-0.077526,0.271771,0.218401,0.068812,0.022788,0.226873,0.355973,0.249125,0.176997,0.204388,0.171233,0.130259,0.042891,0.172506,0.060042,0.180149,0.084997,0.043437,0.186627,0.004603,-0.020208,0.472710,-0.027746,-0.092184,-0.067248,0.076816,-0.184041,0.614646,-0.002330,0.153817,-0.086744,-0.065995,0.003597,-0.291207,-0.117067,-0.001081,0.110288,0.507926,0.439443,0.349931,0.058867,0.234221,0.268164,0.684181,0.261899,0.670852,0.421888,0.165230,0.264600,0.194932,0.253355,0.084751,0.049165,-0.171479,0.240539
0.166399,0.282747,0.020454,0.180279,-0.052763,0.089041,0.072339,0.260695,-0.130910,0.055927,0.352059,0.527302,0.237317,0.667197,0.129941,0.286744,0.160793,0.000000,0.000745,0.104306,0.128876,-0.084258,0.332475,0.344127,-0.193688,0.000253,-0.054399,-0.025278,0.211420,0.495085,0.444724,0.526508,0.237747,0.209901,0.202822,0.142958,-0.100708,0.127853,-0.267838,0.150075,0.223333,0.051159,0.107592,0.139861,0.276403,0.319870,-0.070557,-0.219677,0.107405,0.309575,-0.005238,0.376342,-0.106794,0.027696,0.013949,-0.009603,0.263476,0.401281,-0.183524,-0.241970,0.071080,0.075385,0.137073,0.567639,0.427939,0.353004,0.005035,0.241221,0.068304,0.143585,0.060410,0.264335,0.147668,0.331173,-0.152344,0.029011,0.123605,-0.038731,0.021072,0.844357,-0.140735,0.736661,-0.124459,0.368545,-0.030401,0.349980,0.013659,-0.134255,-0.201507,-0.233027
0.554270,0.675191,0.387496,0.533377,0.050598,-0.048733,0.216948,0.359967,0.032271,-0.182007,0.035084,0.258972,0.131435,0.155841,0.338816,-0.017285,0.099206,0.000745,0.000000,1.166376,-0.101920,-0.098585,0.229675,0.271928,0.059926,0.238947,-0.035816,-0.024668,0.030427,0.178309,0.241361,0.170494,0.425546,0.440835,0.013299,0.025407,0.105885,-0.081575,0.296494,0.038440,-0.058594,-0.079470,-0.017623,0.040438,0.054786,0.068322,0.083028,0.044849,0.004191,-0.009256,-0.036294,-0.084032,0.045008,-0.142951,0.088230,-0.121359,0.231333,0.132067,0.160419,0.076519,0.095645,0.238600,-0.011146,0.220530,0.081824,0.367422,0.165132,0.076874,0.424745,0.084348,0.001316,-0.002131,-0.083066,0.138038,0.040566,-0.082783,0.159739,0.310976,0.125287,0.010958,0.117723,0.086107,0.287748,0.004720,0.202487,-0.111567,0.389340,0.135845,0.172224,0.046399
0.531529,0.963135,0.355163,0.607291,0.033807,-0.056178,0.242256,0.502791,-0.037522,-0.166495,-0.004476,0.384173,0.099116,0.231756,0.285597,-0.078464,-0.138869,0.104306,1.166376,0.000000,-0.049191,-0.112072,0.319862,0.362798,0.078298,0.173629,-0.081802,-0.063002,-0.089976,0.095921,0.248271,0.207943,0.227214,0.443679,0.135724,0.232628,0.030593,-0.204014,0.108928,-0.043617,-0.210516,-0.168599,-0.191957,-0.106671,-0.111035,-0.042441,-0.055653,0.038722,-0.168529,-0.108632,-0.259014,-0.152575,-0.024828,-0.279750,0.036087,-0.169870,0.194186,0.285262,0.110713,0.031458,0.049985,0.295014,-0.238479,0.271878,-0.004735,0.345480,0.197724,0.140364,0.598086,0.318314,-0.036203,0.026051,-0.095535,-0.002043,-0.123703,-0.184598,0.127029,0.252618,-0.009671,0.024627,-0.129564,0.006286,0.179386,-0.020979,0.095242,-0.189628,0.459758,0.113180,0.161690,-0.048641
-0.052638,0.108432,-0.223891,-0.023426,0.089626,0.096158,-0.124109,0.079688,0.023226,0.092373,0.113775,0.141960,0.219907,0.185353,0.239756,0.213455,-0.049116,0.128876,-0.101920,-0.049191,0.000000,0.356516,-0.026405,0.115047,0.103346,-0.101721,0.251810,0.098318,0.137534,0.083586,0.030985,0.001736,-0.345824,-0.310792,0.084312,0.049458,0.189090,0.278282,0.209118,0.387656,0.367425,0.229469,-0.205090,-0.262112,-0.275401,-0.388600,-0.294966,-0.173328,-0.458515,-0.277743,-0.161834,-0.120045,-0.175277,-0.082710,-0.065627,0.126381,-0.165279,-0.029800,-0.307286,-0.059752,-0.154005,-0.158239,-0.098862,-0.240895,0.046976,-0.203722,-0.238376,-0.174567,0.013974,-0.042075,0.421551,0.178824,0.212007,0.142093,-0.002036,0.161681,0.300143,0.123133,-0.166209,0.026902,-0.021100,-0.090949,0.124024,0.045942,0.314805,0.121315,-0.059470,0.154917,0.337792,0.071648
-0.022205,-0.082614,-0.113219,0.040166,0.100193,0.085510,-0.021131,0.121859,0.097697,0.228978,0.180741,-0.103168,0.261470,0.123671,0.258913,0.211049,-0.000094,-0.084258,-0.098585,-0.112072,0.356516,0.000000,0.007668,0.042563,0.108467,-0.087859,0.233273,0.004770,0.047563,0.074254,0.124070,-0.007894,-0.040341,-0.017758,0.032266,-0.155059,-0.160929,0.202530,-0.048850,0.140699,0.202815,0.209493,0.109175,0.006622,0.042325,-0.031352,-0.047081,-0.066831,-0.027840,0.016764,0.096841,-0.105359,-0.103366,0.171104,-0.002793,0.059679,-0.005318,0.001351,-0.033068,0.113033,-0.037369,-0.083747,0.040711,-0.233514,0.145509,-0.217253,0.056547,-0.018725,-0.050620,-0.162486,0.335356,0.450697,0.012745,0.183958,0.011140,0.270375,0.147173,0.096729,0.028676,-0.041037,0.028578,-0.001377,0.064152,0.125282,0.183863,0.137937,0.026092,0.083831,0.127367,0.216900
0.013172,0.264279,0.885609,0.717453,-0.033276,0.084962,0.804393,0.769208,0.024401,0.095805,0.118810,0.194748,0.102040,0.356021,0.137480,0.224769,0.052087,0.332475,0.229675,0.319862,-0.026405,0.007668,0.000000,1.189606,0.160974,0.250758,0.017726,0.072981,0.148040,0.203736,0.750283,0.691595,0.335982,0.353472,0.219545,0.120757,-0.000366,-0.067209,-0.217248,-0.104105,0.054562,0.043339,-0.042670,-0.157694,0.199523,0.092457,-0.085138,-0.081958,0.150314,0.112456,0.054518,0.119008,-0.006827,-0.034119,-0.162963,-0.225145,-0.111675,0.081154,-0.136075,-0.218662,-0.128984,0.006095,0.036255,0.209162,0.229307,0.172184,0.094089,0.206397,0.048602,0.201454,0.230637,0.298483,-0.019683,0.093658,-0.133975,-0.320507,-0.006024,-0.007701,0.045552,0.150731,-0.059185,0.172513,-0.031750,0.017208,-0.123477,0.056281,0.015000,-0.158068,-0.076703,-0.126390
0.133807,0.315437,0.616403,0.733053,-0.038278,0.335297,0.474830,0.885258,0.109415,0.191068,0.069502,0.276419,0.110608,0.537769,0.261451,0.361108,-0.001035,0.344127,0.271928,0.362798,0.115047,0.042563,1.189606,0.000000,0.152134,0.226473,0.192882,0.289052,-0.003416,0.060944,0.638115,0.688578,0.251998,0.327840,0.130093,0.011557,-0.036022,0.031476,0.013567,0.053412,0.148437,-0.017524,-0.077768,-0.211581,0.118464,0.003040,-0.079012,-0.160731,0.038461,0.038323,0.107526,0.053823,0.103360,-0.052291,-0.018880,-0.066519,0.006728,0.169122,-0.016558,-0.035336,-0.047875,0.105664,0.083220,0.206370,0.333159,0.272338,0.077331,0.149388,0.121264,0.195143,0.240474,0.259160,-0.207304,-0.105168,-0.235807,-0.231557,0.106883,0.029567,-0.098812,0.097384,-0.047372,0.130086,0.057190,0.054931,0.220042,0.191454,0.068685,-0.042737,0.124005,-0.023772
0.009836,0.114316,0.155084,0.046778,0.671564,0.231324,0.114462,0.181901,0.430966,0.217995,-0.171673,-0.184758,-0.109448,-0.133519,0.609095,0.247011,-0.060063,-0.193688,0.059926,0.078298,0.103346,0.108467,0.160974,0.152134,0.000000,0.564868,0.157242,0.164022,0.014376,-0.218472,0.102746,0.023395,0.059711,0.279563,0.202260,0.045652,-0.006391,0.281652,0.115794,0.274650,-0.075093,0.068868,-0.048203,-0.024760,-0.000179,-0.074653,0.258220,0.334531,0.006833,-0.001384,0.076330,-0.142196,0.158153,0.117646,0.133417,0.316273,0.031050,0.398752,0.241331,0.526165,-0.052972,0.370363,-0.151919,0.067504,-0.047155,0.075202,0.257827,0.189468,0.263181,0.266988,-0.003136,-0.192694,0.066576,-0.063331,0.301204,0.240892,0.260065,-0.061482,-0.038411,-0.158226,0.121092,-0.176299,0.595403,0.151495,0.268652,0.006627,0.388413,0.476780,0.509809,0.352270
0.260966,0.044316,0.413716,0.124870,0.316169,0.360532,0.251592,0.121151,0.279250,0.037460,-0.043193,-0.172610,0.054634,-0.112800,0.421226,0.342623,0.164945,0.000253,0.238947,0.173629,-0.101721,-0.087859,0.250758,0.226473,0.564868,0.000000,0.091122,0.238073,0.141454,0.016826,0.410460,0.225846,0.290661,0.348453,-0.005221,-0.032732,0.001788,0.036453,0.059334,0.062736,-0.115212,-0.014611,0.231625,0.235784,0.233847,0.224207,0.484110,0.458982,0.274825,0.240353,0.191374,0.185838,0.278202,0.168860,0.241758,0.188691,0.291406,0.202147,0.220296,0.208094,0.155049,0.141643,0.151844,0.250312,0.189895,0.209149,0.271145,0.208644,0.108125,0.240262,-0.057912,-0.081730,0.147738,0.075745,0.248667,0.032346,0.097023,-0.061805,0.085649,0.025047,0.159273,0.123712,0.393353,0.345810,0.201383,0.148676,0.286512,0.233149,0.200734,0.222662
-0.072833,-0.073857,-0.131105,0.346344,0.347612,0.512463,-0.051956,0.221636,0.524289,0.458950,-0.013192,-0.058308,0.062854,0.224027,0.243571,0.207378,-0.097374,-0.054399,-0.035816,-0.081802,0.251810,0.233273,0.017726,0.192882,0.157242,0.091122,0.000000,0.764119,-0.137815,-0.018194,0.006563,0.210120,-0.265683,-0.158508,0.100907,0.036757,-0.098533,0.294915,0.056736,0.268232,0.326834,-0.086626,-0.014989,-0.220050,-0.142839,-0.225039,0.021861,-0.252206,-0.207409,-0.217069,0.043447,-0.269901,-0.000856,0.091573,0.061742,0.293359,-0.150943,-0.024320,0.072300,0.006083,-0.033624,-0.082104,-0.041933,-0.141818,0.104408,0.069253,-0.071284,-0.062976,0.101213,-0.079943,0.111529,0.181971,-0.027891,-0.197114,-0.134456,0.179590,0.087493,0.056569,-0.309720,-0.229944,0.023169,-0.246415,-0.049407,-0.089483,0.442726,0.030329,-0.291950,0.040585,0.284736,0.242605
-0.033445,0.019234,0.176848,0.285308,0.193730,1.176266,-0.026924,0.277176,0.474325,0.374744,-0.168144,-0.189278,-0.224678,0.027410,0.158597,0.240253,-0.157814,-0.025278,-0.024668,-0.063002,0.098318,0.004770,0.072981,0.289052,0.164022,0.238073,0.764119,0.000000,-0.237549,-0.231599,0.000970,0.228976,-0.250099,-0.130801,0.063509,0.012086,-0.049326,0.346815,0.158130,0.356805,0.291185,0.018201,0.095021,-0.041048,0.120582,-0.022285,0.175875,0.035087,0.116414,0.000468,0.285303,0.026551,0.365953,0.044322,0.132520,0.259608,-0.168620,-0.015523,0.218515,0.108726,-0.011287,0.074325,-0.059761,0.014053,0.214647,0.243290,0.073235,0.116060,0.112415,0.051407,0.191113,0.188647,-0.011153,-0.214008,-0.003812,0.247679,0.270295,0.089574,-0.412883,-0.172693,0.024968,-0.193411,0.124177,-0.252439,0.377002,0.158204,-0.232046,-0.015147,0.365854,0.091145
0.181057,-0.002142,0.077996,-0.213591,0.003417,-0.212958,0.281690,-0.044100,-0.076672,-0.193995,0.785515,0.145086,0.719674,0.072960,0.234018,0.242342,0.867936,0.211420,0.030427,-0.089976,0.137534,0.047563,0.148040,-0.003416,0.014376,0.141454,-0.137815,-0.237549,0.000000,0.542697,0.228052,0.077317,0.207083,0.156748,0.207928,0.166541,0.153993,0.247977,-0.231761,0.008119,0.214329,0.314832,0.148141,0.036592,0.090188,0.055584,0.013161,0.053724,0.026282,0.039456,-0.000104,0.108282,-0.040608,0.083813,-0.054736,-0.123242,0.224977,0.024778,-0.084359,-0.019513,-0.001163,-0.137975,0.283602,-0.010220,-0.003215,-0.217872,0.029585,0.169076,-0.113828,-0.007967,0.098051,0.044439,0.698375,0.474560,0.408468,0.192623,0.241504,0.103479,0.329692,0.227037,0.301865,0.255461,0.215326,0.285579,-0.026070,0.059497,0.130336,0.036778,0.006322,-0.004402
0.259670,0.131722,0.042110,0.151998,-0.207393,-0.268693,0.048474,0.079710,-0.353875,-0.174171,0.553409,0.535468,0.327187,0.485597,-0.013100,0.296504,0.472765,0.495085,0.178309,0.095921,0.083586,0.074254,0.203736,0.060944,-0.218472,0.016826,-0.018194,-0.231599,0.542697,0.000000,0.421056,0.323966,0.268778,0.040284,0.007156,-0.011135,0.168885,0.151420,-0.012062,0.049560,0.301307,0.335369,0.050575,0.013711,0.002822,0.120522,-0.248136,-0.335786,-0.031339,0.032994,-0.094106,0.150215,-0.276317,-0.062650,-0.091193,-0.244612,0.176707,-0.053029,-0.210611,-0.384411,-0.012568,-0.182854,0.183057,0.180736,0.124338,0.197387,-0.135024,-0.038842,-0.113731,-0.112121,0.251658,0.370728,0.322745,0.713673,-0.055823,-0.219378,0.110048,0.265351,0.328937,0.418988,0.238375,0.596682,-0.127066,0.352780,-0.088261,0.219370,-0.014950,-0.026257,-0.253658,-0.139088
0.400668,0.262299,0.589964,0.400495,-0.039580,0.094310,0.551868,0.544659,-0.089182,-0.085488,0.173782,0.245096,0.139501,0.396421,0.343470,0.478907,0.135341,0.444724,0.241361,0.248271,0.030985,0.124070,0.750283,0.638115,0.102746,0.410460,0.006563,0.000970,0.228052,0.421056,0.000000,1.194602,0.534484,0.509558,-0.057344,-0.172013,-0.081436,0.023771,-0.039819,0.084990,0.226442,0.186233,0.014949,-0.015331,0.162321,0.185772,0.003946,-0.108764,0.158934,0.251323,0.021384,0.260592,-0.093258,0.170396,-0.018257,-0.068062,0.247783,0.121334,-0.057403,-0.175447,0.077739,-0.051641,0.181560,0.333141,0.265216,0.305503,0.017410,0.079053,0.056481,0.160234,0.293590,0.344354,0.088889,0.483083,-0.163297,-0.092191,0.010093,-0.028294,0.143155,0.364661,0.090615,0.550243,0.214483,0.321334,-0.006335,0.432141,0.342982,0.104507,-0.009205,-0.066109
0.218401,0.245266,0.467665,0.538132,0.075270,0.248331,0.406324,0.612946,0.041116,0.056949,0.142925,0.227483,-0.005405,0.524843,0.255128,0.485530,0.010254,0.526508,0.170494,0.207943,0.001736,-0.007894,0.691595,0.688578,0.023395,0.225846,0.210120,0.228976,0.077317,0.323966,1.194602,0.000000,0.340461,0.351856,-0.063326,-0.124426,-0.226322,0.057629,-0.094145,0.159182,0.265914,0.050297,-0.003145,-0.097338,0.101816,0.120449,-0.090000,-0.345732,0.071182,0.155685,0.013013,0.172108,-0.100448,0.041754,-0.034739,-0.109289,0.080091,0.145669,-0.057718,-0.180748,-0.032884,0.020587,0.094846,0.324030,0.213920,0.357550,-0.066204,0.014477,0.089488,0.083582,0.351267,0.366375,0.067587,0.283126,-0.269254,-0.071502,0.003851,-0.064694,-0.109108,0.327166,-0.068514,0.384365,0.050068,0.134774,-0.016549,0.335877,0.123520,0.009888,-0.019938,-0.183411
0.493402,0.180938,0.328154,0.148379,0.053377,-0.116231,0.402447,0.321026,-0.035255,-0.096431,0.174362,0.191785,0.168092,0.230296,0.160017,0.109190,0.389646,0.237747,0.425546,0.227214,-0.345824,-0.040341,0.335982,0.251998,0.059711,0.290661,-0.265683,-0.250099,0.207083,0.268778,0.534484,0.340461,0.000000,1.159461,-0.060724,-0.232104,0.055527,-0.085620,0.002051,-0.120897,-0.073709,-0.133746,0.300200,0.419361,0.555972,0.632331,0.271083,0.061918,0.499963,0.585816,0.336208,0.381068,0.199309,0.094515,0.207099,0.019181,0.450052,0.234292,0.238131,0.057106,0.424625,0.306297,0.443104,0.654865,0.406197,0.438106,0.362413,0.324117,0.035367,-0.079731,-0.116708,0.044564,-0.080316,0.359724,0.109080,-0.009866,-0.130225,-0.109650,0.271639,0.354278,0.201745,0.521906,0.186671,0.483527,0.073178,0.239763,0.433993,-0.063388,-0.108699,0.008000
0.511559,0.431943,0.341684,0.256004,0.202927,0.009929,0.491390,0.539664,0.170508,-0.028028,0.164183,0.242368,0.178587,0.236799,0.409469,0.033296,0.202486,0.209901,0.440835,0.443679,-0.310792,-0.017758,0.353472,0.327840,0.279563,0.348453,-0.158508,-0.130801,0.156748,0.040284,0.509558,0.351856,1.159461,0.000000,0.225158,0.060034,-0.080358,-0.072572,-0.104513,-0.091381,-0.285486,-0.234420,0.218803,0.308956,0.419884,0.485800,0.379611,0.213224,0.375680,0.456242,0.234366,0.229671,0.296347,0.091263,0.340481,0.117581,0.476180,0.473788,0.384426,0.294340,0.387593,0.470772,0.221190,0.634542,0.261334,0.414031,0.569817,0.541576,0.373324,0.166644,-0.213301,-0.057478,-0.036015,0.200554,0.223566,0.128712,0.015480,-0.083052,0.121037,0.289679,0.088936,0.312571,0.376106,0.390777,0.146464,0.070275,0.677319,0.033286,0.190965,0.051786
-0.039833,0.187756,0.052268,0.230747,0.010385,0.028356,0.170491,0.197551,0.180691,0.163255,0.289900,0.202936,0.220881,0.171221,0.263967,-0.115979,0.084121,0.202822,0.013299,0.135724,0.084312,0.032266,0.219545,0.130093,0.202260,-0.005221,0.100907,0.063509,0.207928,0.007156,-0.057344,-0.063326,-0.060724,0.225158,0.000000,0.983737,0.182407,0.085745,-0.157326,0.076296,-0.071274,-0.036379,0.103085,0.078718,0.174987,0.144982,0.197965,0.294195,0.085436,-0.062599,0.037063,-0.026874,0.225859,0.093191,0.202803,0.161472,0.106990,0.210193,0.083371,0.174876,-0.015922,0.065494,-0.103719,-0.003141,0.083437,0.064302,0.404469,0.716208,0.317016,0.226372,-0.109249,-0.133052,0.296022,0.018772,0.230303,0.169363,0.376208,0.289683,0.047177,-0.040368,0.081168,-0.025389,0.173568,-0.155620,0.159904,-0.156516,0.019861,-0.128289,0.232799,0.100980
-0.035361,0.190944,0.032018,0.216005,-0.038278,-0.044282,0.222693,0.119288,0.089770,0.104179,0.166825,0.198503,0.220487,0.053535,0.039878,-0.290401,-0.077526,0.142958,0.025407,0.232628,0.049458,-0.155059,0.120757,0.011557,0.045652,-0.032732,0.036757,0.012086,0.166541,-0.011135,-0.172013,-0.124426,-0.232104,0.060034,0.983737,0.000000,0.079526,-0.149819,-0.220463,-0.109351,-0.208279,-0.162297,-0.017696,-0.047594,-0.022393,0.003852,0.100886,0.336638,-0.092325,-0.123987,-0.143867,-0.011848,0.133352,-0.060037,0.158926,0.007864,-0.008895,0.141482,0.123279,0.142077,-0.046788,0.142151,-0.147195,0.102669,-0.133881,0.021230,0.362727,0.691235,0.344752,0.217387,-0.171291,-0.268562,0.326722,-0.103849,0.232197,0.078265,0.253630,0.180878,-0.077207,-0.144034,-0.073622,-0.199881,-0.001131,-0.256911,-0.053529,-0.432680,-0.009801,-0.147135,0.125666,-0.048876
0.082453,0.066248,-0.014520,-0.033550,-0.300048,-0.278218,-0.091216,-0.136243,-0.370673,-0.263371,0.032809,0.228463,-0.014656,0.015834,-0.194702,-0.134179,0.271771,-0.100708,0.105885,0.030593,0.189090,-0.160929,-0.000366,-0.036022,-0.006391,0.001788,-0.098533,-0.049326,0.153993,0.168885,-0.081436,-0.226322,0.055527,-0.080358,0.182407,0.079526,0.000000,-0.039657,0.541275,0.089159,0.216464,0.244357,0.009499,0.039828,-0.045470,-0.043641,0.095929,0.149260,0.044577,-0.106356,0.132583,0.049658,0.139718,0.023747,0.129367,0.037361,-0.026097,-0.235093,-0.181603,-0.221609,-0.035668,-0.213957,0.109646,-0.025877,0.059449,0.052185,-0.121437,-0.018342,-0.157158,-0.074223,0.084869,-0.077807,0.153719,0.199805,0.109074,-0.168103,0.103001,0.366308,0.311996,-0.175962,0.479194,0.088395,0.062294,-0.114765,0.254155,0.020345,-0.097401,0.062437,-0.007276,0.066579
-0.007876,0.017078,-0.023299,-0.185157,0.225786,0.345881,-0.155340,-0.006647,0.187056,0.025246,0.117833,-0.126675,-0.046174,-0.065979,0.446033,0.496149,0.218401,0.127853,-0.081575,-0.204014,0.278282,0.202530,-0.067209,0.031476,0.281652,0.036453,0.294915,0.346815,0.247977,0.151420,0.023771,0.057629,-0.085620,-0.072572,0.085745,-0.149819,-0.039657,0.000000,0.104572,0.932117,0.562918,0.526220,0.304371,0.232570,0.090237,0.034123,0.140891,0.108927,0.047058,0.144873,0.188683,0.155760,0.030772,0.312589,0.087467,0.436320,0.041468,0.189129,-0.067704,0.182950,-0.245254,-0.043085,-0.109318,-0.083324,-0.064995,-0.076064,-0.119004,-0.022853,0.073970,0.072356,0.277107,0.131141,0.230458,0.281105,0.153871,0.497343,0.651584,0.309131,0.044738,0.155777,0.427426,0.214247,0.399114,0.170663,0.369299,0.489229,0.001656,0.430691,0.338974,0.307464
0.203118,0.087300,-0.059687,-0.067703,-0.204479,0.009515,-0.284481,-0.133080,-0.187970,-0.265171,-0.222766,0.148267,-0.202904,0.006219,0.057175,0.226733,0.068812,-0.267838,0.296494,0.108928,0.209118,-0.048850,-0.217248,0.013567,0.115794,0.059334,0.056736,0.158130,-0.231761,-0.012062,-0.039819,-0.094145,0.002051,-0.104513,-0.157326,-0.220463,0.541275,0.104572,0.000000,0.490367,0.352871,0.366490,-0.177748,-0.119945,-0.232764,-0.316006,0.037684,0.073388,-0.183551,-0.307060,-0.029760,-0.204154,-0.053521,0.018815,0.061986,0.070134,0.009515,-0.109342,-0.118523,0.045956,-0.093509,-0.087450,0.005166,-0.112268,-0.098198,0.165656,-0.300843,-0.330481,0.048972,0.042774,0.215091,-0.115179,-0.059201,0.153084,-0.090494,-0.020290,0.182277,0.436393,0.082637,-0.248686,0.570423,-0.001978,0.411518,-0.155630,0.459487,0.241873,0.108548,0.516268,0.175871,0.281700
0.037717,0.182958,-0.065444,-0.129995,0.144141,0.367575,-0.203865,0.047097,0.066250,-0.149545,-0.024490,0.071132,-0.171983,0.090103,0.520174,0.639874,0.022788,0.150075,0.038440,-0.043617,0.387656,0.140699,-0.104105,0.053412,0.274650,0.062736,0.268232,0.356805,0.008119,0.049560,0.084990,0.159182,-0.120897,-0.091381,0.076296,-0.109351,0.089159,0.932117,0.490367,0.000000,0.697741,0.598718,0.109481,0.067466,-0.028139,-0.122641,0.158703,0.147776,-0.112052,-0.020634,0.059282,0.051683,-0.122967,0.240922,0.072046,0.349448,0.002027,0.228681,-0.175209,0.102696,-0.271078,-0.039629,-0.174957,-0.020148,-0.104065,0.092756,-0.250591,-0.121436,0.221987,0.187821,0.370869,0.073372,0.219739,0.301889,0.017692,0.475331,0.509630,0.337330,-0.065572,0.096644,0.390028,0.178620,0.588614,0.005745,0.425227,0.574860,0.100816,0.661620,0.284264,0.255500
-0.074380,-0.026357,-0.099310,-0.044529,-0.120429,0.174026,-0.156498,0.051114,-0.111998,-0.020087,0.178790,0.079121,0.063335,0.244682,0.120963,0.644097,0.226873,0.223333,-0.058594,-0.210516,0.367425,0.202815,0.054562,0.148437,-0.075093,-0.115212,0.326834,0.291185,0.214329,0.301307,0.226442,0.265914,-0.073709,-0.285486,-0.071274,-0.208279,0.216464,0.562918,0.352871,0.697741,0.000000,0.584170,0.090384,-0.057410,0.027794,-0.146367,-0.076555,-0.162631,-0.078652,-0.155989,0.066053,0.050270,-0.167533,0.172506,-0.191733,0.052411,-0.054762,-0.146795,-0.319479,-0.293321,-0.261015,-0.393217,0.117775,-0.138975,0.042507,-0.044067,-0.502775,-0.220556,-0.194205,-0.092208,0.546886,0.373604,0.183973,0.375597,-0.183814,0.244423,0.331222,0.326179,0.065553,0.101850,0.425092,0.315469,0.171779,0.078686,0.269924,0.618911,-0.162485,0.241174,-0.045579,0.179325
-0.018994,-0.032696,0.039449,-0.233049,-0.230231,-0.041884,-0.075535,-0.165023,-0.405890,-0.348941,0.164645,0.050152,0.012693,-0.040979,0.139633,0.534000,0.355973,0.051159,-0.079470,-0.168599,0.229469,0.209493,0.043339,-0.017524,0.068868,-0.014611,-0.086626,0.018201,0.314832,0.335369,0.186233,0.050297,-0.133746,-0.234420,-0.036379,-0.162297,0.244357,0.526220,0.366490,0.598718,0.584170,0.000000,-0.030669,-0.058565,-0.174163,-0.225196,-0.097735,0.048198,-0.122884,-0.149149,-0.092861,0.052041,-0.259656,0.245583,-0.262139,-0.072314,-0.036303,-0.119762,-0.536976,-0.272067,-0.445111,-0.467323,-0.096950,-0.271029,-0.239546,-0.148847,-0.484269,-0.338037,-0.182572,0.077619,0.542198,0.284207,0.331450,0.545753,0.003688,0.008340,0.310791,0.416633,0.338082,0.186423,0.531794,0.382421,0.255722,-0.001491,0.018095,0.548950,-0.086486,0.398428,-0.109140,0.199634
0.060699,-0.154100,0.081858,-0.029644,0.038297,0.195482,-0.002579,-0.053127,0.159923,0.135625,0.161944,-0.336586,0.013671,-0.079210,0.080405,0.126952,0.249125,0.107592,-0.017623,-0.191957,-0.205090,0.109175,-0.042670,-0.077768,-0.048203,0.231625,-0.014989,0.095021,0.148141,0.050575,0.014949,-0.003145,0.300200,0.218803,0.103085,-0.017696,0.009499,0.304371,-0.177748,0.109481,0.090384,-0.030669,0.000000,1.163367,0.876077,0.907627,0.846080,0.477378,0.920422,0.813278,0.886159,0.620460,0.431157,0.525128,0.468480,0.343217,0.231807,0.146161,0.261303,0.192491,0.179684,0.061046,0.431452,0.210081,0.344362,0.002447,0.419806,0.444137,-0.013695,-0.006349,-0.144511,0.010847,0.014680,0.179655,0.250941,0.259824,0.264083,0.109234,0.248030,0.255428,0.381055,0.376924,0.058505,0.265968,0.251833,0.246546,0.009874,-0.119765,-0.000892,0.144708
0.093570,-0.076151,0.028422,-0.148189,-0.024595,0.068002,-0.128467,-0.179205,0.059448,-0.018548,0.046742,-0.317756,-0.080120,-0.265077,0.038536,0.023142,0.176997,0.139861,0.040438,-0.106671,-0.262112,0.006622,-0.157694,-0.211581,-0.024760,0.235784,-0.220050,-0.041048,0.036592,0.013711,-0.015331,-0.097338,0.419361,0.308956,0.078718,-0.047594,0.039828,0.232570,-0.119945,0.067466,-0.057410,-0.058565,1.163367,0.000000,0.983889,1.142068,0.693807,0.537902,0.882277,0.816481,0.609506,0.628123,0.327116,0.338534,0.461947,0.383058,0.254756,0.184687,0.187504,0.146537,0.144090,0.132630,0.224632,0.349953,0.268719,0.120987,0.440520,0.437120,0.003929,-0.045251,-0.265209,-0.066143,-0.050993,0.221371,0.248412,0.214162,0.211779,0.104858,0.288515,0.354342,0.267777,0.514809,0.065435,0.419937,0.151476,0.288653,0.151335,-0.087958,-0.100797,0.099871
0.053818,-0.011226,0.254366,0.100751,0.014392,0.221463,0.160453,0.143233,0.192404,0.161313,0.125195,-0.210709,0.027322,-0.026693,0.045017,0.104094,0.204388,0.276403,0.054786,-0.111035,-0.275401,0.042325,0.199523,0.118464,-0.000179,0.233847,-0.142839,0.120582,0.090188,0.002822,0.162321,0.101816,0.555972,0.419884,0.174987,-0.022393,-0.045470,0.090237,-0.232764,-0.028139,0.027794,-0.174163,0.876077,0.983889,0.000000,1.228293,0.619664,0.339403,1.313128,0.915664,0.827159,0.633002,0.405309,0.201955,0.304112,0.184710,0.178702,0.133181,0.325962,0.119482,0.316200,0.193800,0.427725,0.451157,0.608469,0.235089,0.593088,0.619717,-0.028886,-0.121800,-0.075672,0.167310,-0.111973,0.177328,0.249165,0.157666,0.104682,-0.083941,0.167637,0.298949,0.070743,0.393955,0.002383,0.308148,0.096158,0.225563,0.102279,-0.331465,-0.115551,-0.030566
0.139803,-0.065033,0.207971,0.105894,0.034345,0.127277,0.112835,0.074449,0.142096,0.146197,0.088725,-0.212130,-0.009943,-0.029106,0.030209,0.048820,0.171233,0.319870,0.068322,-0.042441,-0.388600,-0.031352,0.092457,0.003040,-0.074653,0.224207,-0.225039,-0.022285,0.055584,0.120522,0.185772,0.120449,0.632331,0.485800,0.144982,0.003852,-0.043641,0.034123,-0.316006,-0.122641,-0.146367,-0.225196,0.907627,1.142068,1.228293,0.000000,0.541219,0.302027,0.979627,1.090889,0.614670,0.780465,0.381961,0.291466,0.390035,0.305387,0.248117,0.193351,0.331223,0.115275,0.301326,0.259764,0.325636,0.565292,0.484152,0.340308,0.656089,0.655582,0.051326,-0.141613,-0.244730,0.042780,-0.100172,0.237061,0.176022,0.084104,0.040691,-0.105368,0.190992,0.403593,0.040589,0.570575,-0.042526,0.409786,0.023135,0.270076,0.149837,-0.313834,-0.132799,-0.034468
0.178432,0.010768,0.088762,-0.071412,0.108539,0.293898,0.092813,0.012445,0.277672,0.043022,-0.068061,-0.212149,-0.025063,-0.137607,0.239483,0.003710,0.130259,-0.070557,0.083028,-0.055653,-0.294966,-0.047081,-0.085138,-0.079012,0.258220,0.484110,0.021861,0.175875,0.013161,-0.248136,0.003946,-0.090000,0.271083,0.379611,0.197965,0.100886,0.095929,0.140891,0.037684,0.158703,-0.076555,-0.097735,0.846080,0.693807,0.619664,0.541219,0.000000,0.908467,0.832836,0.550921,0.703395,0.336939,0.543076,0.434500,0.640483,0.361327,0.359779,0.268551,0.504320,0.454844,0.335470,0.207965,0.313406,0.245313,0.212253,0.043420,0.550152,0.515729,0.213817,0.177574,-0.238154,-0.238530,0.039477,-0.011736,0.425420,0.345361,0.169530,0.025779,0.220111,-0.017799,0.352861,0.091557,0.327172,0.150683,0.262795,0.026078,0.173024,0.103740,0.190432,0.240542
