0.000000,1.003192,-0.076269,0.265759,0.741104,0.719455,0.390119,0.351079,0.780866,0.713390,0.575373,0.471653,0.269085,0.297686,0.380713,0.255199,0.494835,0.468989,0.729863,0.871815,-0.152612,-0.049349,0.223618,0.357258,0.630507,0.683965,0.296142,0.131138,0.298242,0.291696,0.075881,0.259663,0.438897,0.475136,0.094017,0.157084,0.156455,0.337664,0.348644,0.333002,0.246337,0.320787,0.214352,0.347412,0.187229,0.289974,0.479872,0.388896,0.278047,0.275033,0.323218,0.252856,0.233498,0.070843,0.403142,0.373770,0.790694,0.434924,0.264459,0.348753,0.468802,0.474693,0.505960,0.330105,0.239650,0.454172,0.254454,0.321453,0.714633,0.452167,-0.255863,-0.311963,-0.017941,-0.007475,0.019154,0.125958,0.327724,-0.019242,0.216618,0.162655,0.527266,0.369957,0.599241,0.515763,0.264796,0.257481,0.318663,0.454416,0.337098,0.034722
1.003192,0.000000,-0.227055,0.101073,0.625131,0.702820,0.094326,0.166205,0.686703,0.681743,0.294485,0.278419,-0.020600,0.124166,0.307965,0.249320,0.485195,0.643219,0.637983,0.946489,-0.182057,-0.067800,0.033564,0.208088,0.470342,0.576966,0.168357,0.043507,0.202942,0.311258,0.002202,0.182327,0.343580,0.401416,-0.096956,0.067761,0.118439,0.369158,0.275520,0.248104,0.151661,0.295357,0.355474,0.464193,0.302953,0.511682,0.647897,0.616546,0.527534,0.513890,0.343319,0.494749,0.275051,0.139313,0.505987,0.452651,0.928195,0.744623,0.296307,0.570381,0.283981,0.329673,0.420708,0.277227,-0.039458,0.240096,0.200144,0.367719,0.909405,0.667598,-0.372487,-0.379850,-0.057000,-0.071523,-0.044464,0.106459,0.255426,-0.007377,0.259724,0.163885,0.592308,0.462845,0.705755,0.602851,0.142932,0.220128,0.396110,0.473211,0.206658,-0.029808
-0.076269,-0.227055,0.000000,0.825795,-0.425854,-0.479599,0.782273,0.606113,-0.348489,-0.320051,0.215476,0.283077,0.513578,0.278328,0.195042,0.213468,0.139613,0.039941,0.196731,-0.007118,0.429339,0.272744,0.758655,0.563591,-0.283258,-0.284782,0.108981,0.245825,0.298765,0.178594,0.617897,0.402627,0.445046,0.345592,0.478774,0.235283,0.126504,-0.028314,0.047912,0.119839,0.182336,0.013902,0.066118,-0.123640,0.092776,-0.141098,-0.034579,-0.091923,-0.265539,-0.238794,0.123318,-0.014752,0.311561,0.354858,-0.030638,0.059761,-0.137649,-0.111061,0.145614,-0.244407,0.295422,0.224428,0.249038,0.215041,0.329078,0.225452,0.363438,0.224255,-0.360950,-0.260423,0.717354,0.548179,0.330515,0.325634,0.222341,0.038999,0.027253,0.386715,0.109146,0.100873,0.125361,0.194115,-0.159730,-0.128531,0.463996,0.508183,-0.098120,-0.148919,0.297347,0.764662
0.265759,0.101073,0.825795,0.000000,0.048106,0.026857,1.089536,1.333470,0.128572,0.148262,0.319078,0.679078,0.553290,0.460524,0.387209,0.330473,0.265000,0.248606,0.484935,0.332560,0.235857,0.220458,0.920877,1.147947,0.149115,0.166211,0.316718,0.257740,0.280525,0.229759,0.534159,0.504587,0.496621,0.599057,0.477054,0.314068,0.080901,0.122247,0.125877,0.145165,0.207508,0.178276,0.091626,-0.045390,0.114520,-0.086139,0.119089,0.067397,-0.140394,-0.147506,0.212214,0.046860,0.352756,0.356775,0.067976,0.153993,0.043191,0.017844,0.105518,-0.112260,0.352330,0.524349,0.449608,0.450242,0.356369,0.594372,0.409019,0.445600,-0.162623,-0.240736,0.394374,0.302439,0.227782,0.283727,0.214359,0.089597,0.247667,0.381220,0.173302,0.135152,0.298076,0.299394,0.140359,0.087588,0.418895,0.678851,0.039301,0.020574,0.337827,0.606738
0.741104,0.625131,-0.425854,0.048106,0.000000,1.270210,0.086048,0.163276,1.679739,1.146533,0.276286,0.167835,-0.042897,0.066017,0.456614,0.147768,0.088155,0.156243,0.521258,0.603238,-0.396413,-0.195676,0.137349,0.272915,1.259282,0.900002,0.349225,-0.015486,-0.051865,0.076885,-0.182868,0.062074,0.016473,0.117946,-0.075169,0.004535,0.002434,0.240913,0.180824,0.099737,0.079213,0.168336,-0.049189,0.093256,-0.040037,0.028758,0.153095,0.181269,0.143048,0.113370,-0.019783,0.009822,-0.053379,-0.230421,0.194808,0.128690,0.232022,0.058481,-0.053875,0.255146,0.018018,0.198983,0.147690,0.070128,0.059371,0.282540,-0.167829,-0.031530,0.500632,0.231911,-0.563271,-0.536133,-0.274856,-0.147243,-0.102540,0.039578,0.271328,-0.195216,-0.030215,-0.084992,0.167691,0.057397,0.705539,0.456794,0.030444,-0.080193,0.309562,0.425941,0.117130,-0.364698
0.719455,0.702820,-0.479599,0.026857,1.270210,0.000000,0.048953,0.149556,1.314206,1.555398,0.236575,0.163896,-0.125603,0.035612,0.342522,0.169388,0.104301,0.204461,0.528678,0.662066,-0.460489,-0.219416,0.033317,0.238860,1.102194,1.066235,0.220643,-0.097983,-0.076930,0.057334,-0.303016,-0.035632,-0.015601,0.090828,-0.072220,0.040951,-0.037834,0.224549,0.147825,0.033310,-0.002632,0.145408,-0.017271,0.173500,-0.028172,0.130588,0.241127,0.255214,0.231690,0.219202,0.041861,0.113475,0.020200,-0.133650,0.253202,0.154682,0.279977,0.086178,-0.058168,0.326680,0.087973,0.269047,0.194507,0.118745,0.099152,0.363203,-0.160685,0.087143,0.507060,0.265039,-0.603844,-0.610306,-0.242747,-0.207546,-0.142732,0.030803,0.303759,-0.203266,-0.052538,-0.123482,0.169607,0.077657,0.691567,0.487083,-0.011689,-0.063170,0.319258,0.397046,0.067588,-0.407965
0.390119,0.094326,0.782273,1.089536,0.086048,0.048953,0.000000,1.321491,0.160279,0.183563,0.490147,0.757064,0.876056,0.616390,0.476851,0.381331,0.381559,0.231316,0.543230,0.349554,0.203259,0.236003,0.873515,0.996881,0.110175,0.169068,0.292028,0.304774,0.412500,0.325338,0.614469,0.671670,0.542537,0.650298,0.490123,0.339292,0.092900,0.131727,0.210456,0.234029,0.232304,0.173531,0.008361,-0.090309,0.040794,-0.185565,0.096871,0.000230,-0.208579,-0.231561,0.142325,-0.057525,0.280723,0.218951,0.139047,0.168048,0.074518,-0.065281,0.094376,-0.178553,0.432558,0.561116,0.523369,0.437867,0.415460,0.583412,0.325767,0.323719,-0.153159,-0.234297,0.315941,0.242987,0.265387,0.374845,0.219032,0.129276,0.335607,0.385559,0.190019,0.137126,0.363432,0.298325,0.175711,0.174902,0.542184,0.592248,0.136469,0.186138,0.426933,0.606185
0.351079,0.166205,0.606113,1.333470,0.163276,0.149556,1.321491,0.000000,0.253970,0.257796,0.442973,0.901870,0.717220,0.667747,0.513721,0.494590,0.413835,0.339956,0.567543,0.455716,0.204369,0.205547,0.793677,1.091522,0.172964,0.204661,0.259422,0.224692,0.368193,0.420929,0.556905,0.642647,0.549027,0.760150,0.472904,0.403688,0.053589,0.209334,0.191770,0.234249,0.187258,0.183869,0.051320,0.008359,0.067575,-0.072839,0.187960,0.128666,-0.078792,-0.098799,0.241902,0.065633,0.346731,0.293273,0.239022,0.282442,0.084167,0.024939,0.163889,-0.010121,0.417939,0.707702,0.566746,0.622816,0.377888,0.713985,0.385736,0.475812,-0.156098,-0.247753,0.275793,0.234785,0.256888,0.434900,0.276249,0.207113,0.430944,0.449972,0.151770,0.128755,0.352366,0.390414,0.244521,0.190047,0.437563,0.679851,0.167015,0.216118,0.462626,0.609500
0.780866,0.686703,-0.348489,0.128572,1.679739,1.314206,0.160279,0.253970,0.000000,1.273867,0.353339,0.246872,0.041109,0.162269,0.554671,0.250144,0.137384,0.195917,0.632630,0.732317,-0.356463,-0.197547,0.172584,0.359366,1.145030,0.997820,0.324796,-0.027870,0.021482,0.156864,-0.151206,0.125214,0.079163,0.208788,-0.042164,0.039744,0.007655,0.279996,0.233544,0.152882,0.064121,0.189456,-0.035005,0.142135,-0.011846,0.096962,0.231946,0.227870,0.209153,0.185268,0.046651,0.067762,-0.016172,-0.175783,0.306540,0.222138,0.281844,0.108554,-0.008921,0.300621,0.101796,0.333344,0.217765,0.174466,0.112237,0.387732,-0.112649,0.046016,0.510958,0.244030,-0.532736,-0.535490,-0.218751,-0.117050,-0.063345,0.081563,0.334665,-0.149868,-0.019851,-0.093363,0.217060,0.094817,0.798165,0.537355,0.086538,-0.014214,0.416530,0.508506,0.182564,-0.281419
0.713390,0.681743,-0.320051,0.148262,1.146533,1.555398,0.183563,0.257796,1.273867,0.000000,0.316339,0.296691,0.009676,0.205943,0.479091,0.357178,0.122007,0.234170,0.584569,0.732740,-0.403552,-0.175451,0.140928,0.353947,0.998575,0.973196,0.173040,-0.088349,0.031678,0.121687,-0.191017,0.098769,0.055970,0.194042,-0.010969,0.059475,-0.027003,0.315341,0.240210,0.122104,0.047220,0.210500,-0.004411,0.176272,-0.010161,0.090708,0.268687,0.247307,0.207765,0.192109,0.067972,0.127203,0.034568,-0.141166,0.321057,0.203127,0.225243,0.043449,-0.024677,0.327104,0.137208,0.358355,0.273876,0.191113,0.150379,0.454573,-0.132823,0.132117,0.393200,0.176704,-0.517299,-0.539477,-0.168351,-0.132772,-0.094096,0.041178,0.378180,-0.108063,0.003635,-0.098074,0.242138,0.129385,0.746546,0.553598,0.094410,0.031200,0.394858,0.454229,0.159051,-0.304634
0.575373,0.294485,0.215476,0.319078,0.276286,0.236575,0.490147,0.442973,0.353339,0.316339,0.000000,0.595455,0.753432,0.605653,0.692839,0.591268,0.483158,0.373948,0.559607,0.434614,0.017705,-0.025910,0.415840,0.405654,0.277496,0.322912,0.181029,0.140421,0.622587,0.488134,0.386107,0.529178,0.481555,0.492808,0.361484,0.219273,0.261012,0.408459,0.514524,0.505091,0.268176,0.318808,0.154869,0.217837,0.204479,0.065549,0.333416,0.225487,0.124823,0.070043,0.259196,0.062819,0.005470,-0.055864,0.485755,0.514069,0.289923,0.239273,0.256975,0.220566,0.465908,0.570349,0.575101,0.444175,0.522884,0.528917,0.321663,0.330650,0.105443,0.083645,0.009442,0.002297,0.178296,0.242832,0.223021,0.254450,0.440360,0.213730,0.242095,0.224974,0.539387,0.451996,0.435794,0.479008,0.692074,0.508446,0.406273,0.467685,0.634214,0.264302
0.471653,0.278419,0.283077,0.679078,0.167835,0.163896,0.757064,0.901870,0.246872,0.296691,0.595455,0.000000,0.817173,1.055825,0.488288,0.637219,0.439783,0.447540,0.501664,0.496931,0.124303,0.128532,0.441538,0.655792,0.148482,0.229975,0.144294,0.208881,0.496990,0.444527,0.442862,0.538903,0.526801,0.682365,0.241917,0.254669,0.148406,0.330005,0.306015,0.339139,0.254056,0.292736,0.151924,0.151319,0.158525,0.002187,0.300922,0.196629,0.057545,0.043445,0.246930,0.148474,0.192848,0.141574,0.327826,0.373045,0.177519,0.149571,0.228385,0.131997,0.456704,0.734455,0.600769,0.745409,0.263935,0.637707,0.311361,0.413778,-0.076784,-0.158750,0.107623,0.090726,0.196555,0.348985,0.227607,0.188882,0.431900,0.360278,0.236335,0.196493,0.478806,0.398012,0.300119,0.311165,0.371762,0.541763,0.264312,0.320089,0.451980,0.454900
0.269085,-0.020600,0.513578,0.553290,-0.042897,-0.125603,0.876056,0.717220,0.041109,0.009676,0.753432,0.817173,0.000000,0.885934,0.554316,0.554719,0.394740,0.236130,0.294353,0.194370,0.202295,0.143622,0.525473,0.545819,-0.073149,0.029915,0.206300,0.318466,0.623952,0.397114,0.640382,0.661276,0.525858,0.597542,0.381486,0.237377,0.208782,0.206866,0.350905,0.420015,0.304499,0.277409,0.021825,-0.033473,0.123487,-0.141591,0.085788,-0.010712,-0.099648,-0.147541,0.136390,-0.077423,0.012508,0.011393,0.258940,0.320606,0.067511,0.058410,0.186636,-0.033896,0.467789,0.587990,0.478256,0.512212,0.424625,0.462918,0.281362,0.233758,-0.237997,-0.205514,0.273872,0.252793,0.322499,0.406998,0.257837,0.194199,0.310280,0.321961,0.272014,0.269857,0.418868,0.334831,0.136623,0.190805,0.602289,0.525038,0.246214,0.302256,0.563088,0.570364
0.297686,0.124166,0.278328,0.460524,0.066017,0.035612,0.616390,0.667747,0.162269,0.205943,0.605653,1.055825,0.885934,0.000000,0.454045,0.851028,0.378036,0.302631,0.401251,0.359434,0.181035,0.100233,0.377620,0.471774,0.026217,0.143128,0.046655,0.206875,0.495682,0.469230,0.487829,0.613564,0.456213,0.546097,0.278414,0.242888,0.145762,0.312500,0.330980,0.405069,0.270774,0.213230,-0.021602,0.032341,0.000515,-0.120085,0.140661,0.023789,-0.067447,-0.055952,0.088053,0.016906,0.057423,-0.013850,0.332588,0.331160,0.037393,0.007603,0.099427,0.063093,0.214290,0.468455,0.394273,0.446021,0.187222,0.389158,0.163599,0.250036,-0.191993,-0.221971,0.181222,0.169286,0.232215,0.467409,0.227738,0.209558,0.466899,0.339543,0.105327,0.116542,0.356668,0.341571,0.215255,0.275777,0.334971,0.397664,0.291583,0.404499,0.446469,0.365799
0.380713,0.307965,0.195042,0.387209,0.456614,0.342522,0.476851,0.513721,0.554671,0.479091,0.692839,0.488288,0.554316,0.454045,0.000000,0.751611,0.282646,0.348822,0.543544,0.458684,-0.082609,-0.060375,0.531003,0.534684,0.376997,0.328033,0.164949,0.113566,0.536617,0.486654,0.433319,0.639050,0.429647,0.511751,0.338324,0.243477,0.173209,0.515058,0.532931,0.517778,0.209707,0.357879,0.096426,0.202214,0.224789,0.078328,0.343448,0.280337,0.195109,0.119491,0.224071,0.091749,-0.051854,-0.141672,0.577470,0.593482,0.115836,0.192578,0.238720,0.331202,0.372631,0.635660,0.486254,0.439106,0.475200,0.605535,0.251788,0.339859,0.004432,0.002428,-0.110683,-0.090910,0.161155,0.288371,0.222323,0.248244,0.513681,0.208198,0.218149,0.188149,0.463471,0.463584,0.685503,0.594395,0.765497,0.537981,0.698254,0.618017,0.726954,0.234260
0.255199,0.249320,0.213468,0.330473,0.147768,0.169388,0.381331,0.494590,0.250144,0.357178,0.591268,0.637219,0.554719,0.851028,0.751611,0.000000,0.312055,0.394231,0.434728,0.423822,0.031298,0.019561,0.326865,0.367163,0.057728,0.086947,-0.122362,0.026959,0.636580,0.619462,0.439848,0.662224,0.475341,0.567209,0.286752,0.228539,0.167732,0.520296,0.524914,0.571112,0.232580,0.276896,0.093383,0.212885,0.158290,0.089763,0.372309,0.247642,0.187471,0.172584,0.282071,0.198176,0.074365,-0.057659,0.655529,0.606484,0.048140,0.150616,0.312722,0.407410,0.321938,0.595803,0.495401,0.511026,0.349213,0.506926,0.254969,0.421784,-0.136526,-0.085277,0.053713,0.042705,0.314599,0.425257,0.282126,0.336133,0.541575,0.325742,0.139583,0.178247,0.434804,0.515211,0.478628,0.477115,0.540517,0.554262,0.664031,0.671363,0.662753,0.297427
0.494835,0.485195,0.139613,0.265000,0.088155,0.104301,0.381559,0.413835,0.137384,0.122007,0.483158,0.439783,0.394740,0.378036,0.282646,0.312055,0.000000,0.810497,0.447022,0.555973,0.148674,0.155901,0.186434,0.273338,0.061096,0.204016,0.149595,0.210583,0.626104,0.500484,0.567788,0.589212,0.694102,0.740194,0.173982,0.224633,0.296075,0.398885,0.418816,0.458037,0.390026,0.421952,0.433592,0.352368,0.389824,0.276333,0.510915,0.469586,0.240675,0.197018,0.384239,0.341726,0.247855,0.168083,0.493733,0.552380,0.680811,0.557652,0.335447,0.298393,0.427082,0.389988,0.759688,0.457565,0.131033,0.279010,0.448763,0.587721,0.263851,0.188000,0.046009,0.058271,0.221313,0.277357,0.169526,0.239105,0.341831,0.326221,0.662433,0.481705,0.913647,0.781699,0.420337,0.434287,0.337838,0.541608,0.252516,0.327132,0.366174,0.274777
0.468989,0.643219,0.039941,0.248606,0.156243,0.204461,0.231316,0.339956,0.195917,0.234170,0.373948,0.447540,0.236130,0.302631,0.348822,0.394231,0.810497,0.000000,0.472262,0.646837,0.055040,0.099533,0.175859,0.302220,0.111040,0.293016,0.059714,0.127537,0.591239,0.517684,0.372264,0.449935,0.661289,0.726488,0.139151,0.233554,0.287514,0.496657,0.402357,0.381526,0.255677,0.427481,0.527529,0.518246,0.505551,0.449980,0.742527,0.681857,0.477518,0.404271,0.506796,0.476079,0.283572,0.159448,0.550819,0.668134,0.726028,0.783789,0.451035,0.529968,0.454302,0.471164,0.701999,0.521075,0.103966,0.319045,0.514183,0.724689,0.324365,0.321571,-0.051116,-0.068607,0.238897,0.212614,0.192664,0.222556,0.384141,0.371609,0.588321,0.501533,0.870145,0.875933,0.457107,0.532735,0.362861,0.614233,0.356024,0.356479,0.348290,0.241943
0.729863,0.637983,0.196731,0.484935,0.521258,0.528678,0.543230,0.567543,0.632630,0.584569,0.559607,0.501664,0.294353,0.401251,0.543544,0.434728,0.447022,0.472262,0.000000,1.044050,0.018631,0.037600,0.578007,0.686568,0.500581,0.616078,0.254805,0.101372,0.349944,0.364505,0.333894,0.483355,0.521042,0.541351,0.212060,0.175271,0.171406,0.386228,0.406445,0.325603,0.292448,0.361645,0.186091,0.165528,0.175062,0.085094,0.373769,0.295392,0.135939,0.074004,0.131791,0.116061,0.207844,0.123123,0.370556,0.345328,0.354565,0.224312,0.113549,0.139910,0.261277,0.413725,0.490043,0.342019,0.215889,0.386971,0.190219,0.316927,0.326983,0.136056,-0.016651,-0.061767,0.119015,0.154624,0.147134,0.171399,0.366398,0.136167,0.156006,0.094838,0.518177,0.419233,0.674176,0.547695,0.429820,0.350536,0.396052,0.417229,0.299067,0.093201
0.871815,0.946489,-0.007118,0.332560,0.603238,0.662066,0.349554,0.455716,0.732317,0.732740,0.434614,0.496931,0.194370,0.359434,0.458684,0.423822,0.555973,0.646837,1.044050,0.000000,-0.046659,0.065342,0.291425,0.506576,0.499445,0.636065,0.233175,0.082588,0.389030,0.415677,0.208238,0.410162,0.525156,0.656727,0.076976,0.158081,0.220596,0.501364,0.380478,0.365425,0.228440,0.411329,0.256863,0.366027,0.221614,0.294896,0.578909,0.468339,0.347934,0.294536,0.250644,0.308998,0.232800,0.050983,0.530952,0.465214,0.582030,0.406319,0.260741,0.423743,0.330604,0.477435,0.586979,0.447770,0.063087,0.385812,0.221349,0.428181,0.519807,0.332492,-0.180247,-0.201190,0.072043,0.115347,0.076154,0.207781,0.464868,0.165871,0.243752,0.137477,0.610781,0.495950,0.720443,0.605894,0.249520,0.330379,0.422963,0.483845,0.257808,0.038842
-0.152612,-0.182057,0.429339,0.235857,-0.396413,-0.460489,0.203259,0.204369,-0.356463,-0.403552,0.017705,0.124303,0.202295,0.181035,-0.082609,0.031298,0.148674,0.055040,0.018631,-0.046659,0.000000,0.411598,0.232467,0.120739,-0.350160,-0.265591,-0.007887,0.144630,0.211960,0.175736,0.351705,0.239382,0.273004,0.208839,0.193056,0.094575,0.150212,-0.057924,0.050153,0.097346,0.195627,0.018111,-0.042551,-0.113563,-0.043873,-0.108017,-0.059817,-0.080699,-0.178440,-0.167626,0.013222,-0.055754,0.119862,0.184312,-0.047239,0.017221,-0.058941,-0.020846,0.064019,-0.201738,0.077991,0.040255,0.067327,0.117856,0.008261,-0.019010,0.163848,0.063584,-0.240957,-0.142804,0.554135,0.556722,0.262031,0.334348,0.168618,0.132711,-0.004817,0.269860,0.044974,0.072965,0.047439,0.121033,-0.233715,-0.158665,0.078220,0.183361,-0.153905,-0.157612,0.037925,0.314141
-0.049349,-0.067800,0.272744,0.220458,-0.195676,-0.219416,0.236003,0.205547,-0.197547,-0.175451,-0.025910,0.128532,0.143622,0.100233,-0.060375,0.019561,0.155901,0.099533,0.037600,0.065342,0.411598,0.000000,0.205966,0.166452,-0.189244,-0.124998,-0.008362,0.228806,0.187695,0.119455,0.326454,0.250855,0.186898,0.216692,0.109059,0.089613,0.077809,0.081333,0.039071,0.067802,0.166577,0.059756,-0.009009,-0.076602,-0.029466,-0.098901,-0.015837,-0.037966,-0.124016,-0.128361,-0.008955,-0.015548,0.135075,0.119818,-0.047580,-0.029299,-0.045722,-0.060979,0.036924,-0.123293,0.052425,0.034574,0.156277,0.115202,-0.038531,-0.015055,0.077405,0.073858,-0.163424,-0.136613,0.347336,0.435260,0.177447,0.265622,0.107074,0.123043,0.009165,0.227562,0.085043,0.111683,0.047551,0.097948,-0.156830,-0.103662,0.018968,0.096371,-0.111107,-0.130115,0.016125,0.166106
0.223618,0.033564,0.758655,0.920877,0.137349,0.033317,0.873515,0.793677,0.172584,0.140928,0.415840,0.441538,0.525473,0.377620,0.531003,0.326865,0.186434,0.175859,0.578007,0.291425,0.232467,0.205966,0.000000,1.146753,0.265898,0.194916,0.305009,0.245460,0.291298,0.219222,0.585470,0.544943,0.494060,0.427094,0.586202,0.260427,0.117241,0.165463,0.184919,0.196642,0.252250,0.219247,0.018031,-0.193987,0.103688,-0.244658,0.002483,-0.049923,-0.188459,-0.257675,0.048760,-0.159110,0.220346,0.199980,0.012943,0.111106,-0.068042,-0.067954,-0.004642,-0.227922,0.200723,0.294148,0.300615,0.187393,0.392971,0.331439,0.246279,0.196046,-0.135644,-0.207164,0.386698,0.294205,0.282168,0.295718,0.233566,0.106435,0.231775,0.227097,0.112915,0.113610,0.242443,0.287938,0.207961,0.123888,0.613345,0.500389,0.096852,0.050697,0.360164,0.422104
0.357258,0.208088,0.563591,1.147947,0.272915,0.238860,0.996881,1.091522,0.359366,0.353947,0.405654,0.655792,0.545819,0.471774,0.534684,0.367163,0.273338,0.302220,0.686568,0.506576,0.120739,0.166452,1.146753,0.000000,0.358606,0.388338,0.361070,0.235520,0.301841,0.239291,0.467128,0.563732,0.425076,0.541754,0.407948,0.264938,0.106679,0.211857,0.175247,0.143061,0.202397,0.227013,0.075851,-0.106597,0.110941,-0.180276,0.107261,0.042866,-0.128260,-0.192215,0.038544,-0.085203,0.191414,0.185297,0.070920,0.124672,0.069858,-0.007634,-0.021460,-0.151269,0.246854,0.463271,0.419576,0.343900,0.267121,0.516493,0.208756,0.281814,-0.048514,-0.202122,0.210141,0.131916,0.162485,0.222820,0.202855,0.067037,0.286963,0.240212,0.201663,0.083127,0.361664,0.286718,0.328075,0.246836,0.489350,0.577827,0.159339,0.134915,0.303455,0.397876
0.630507,0.470342,-0.283258,0.149115,1.259282,1.102194,0.110175,0.172964,1.145030,0.998575,0.277496,0.148482,-0.073149,0.026217,0.376997,0.057728,0.061096,0.111040,0.500581,0.499445,-0.350160,-0.189244,0.265898,0.358606,0.000000,1.065470,0.437016,0.003596,-0.119143,-0.023582,-0.143637,0.013748,0.014144,0.062293,0.075842,0.018773,0.037707,0.179625,0.149929,0.031631,0.110165,0.171976,0.056581,0.085172,0.038977,-0.001195,0.124278,0.161840,0.088816,0.055352,-0.029796,-0.018683,-0.008373,-0.133605,0.063717,0.045280,0.158139,-0.007670,-0.175536,0.098019,-0.016345,0.154044,0.099517,0.013683,0.132274,0.294148,-0.148975,-0.009193,0.402415,0.116378,-0.417254,-0.438924,-0.265155,-0.226587,-0.136919,-0.010892,0.212734,-0.183404,-0.014156,-0.096576,0.159161,0.050585,0.629604,0.402967,0.074622,-0.022008,0.161948,0.229901,0.050966,-0.339545
0.683965,0.576966,-0.284782,0.166211,0.900002,1.066235,0.169068,0.204661,0.997820,0.973196,0.322912,0.229975,0.029915,0.143128,0.328033,0.086947,0.204016,0.293016,0.616078,0.636065,-0.265591,-0.124998,0.194916,0.388338,1.065470,0.000000,0.407207,0.100747,0.047379,0.077525,-0.076175,0.105762,0.115139,0.156451,0.029533,0.032746,0.086893,0.215408,0.229453,0.080215,0.104349,0.225194,0.102850,0.145218,0.064385,0.060836,0.225771,0.227203,0.144397,0.100272,-0.012869,0.037462,0.001171,-0.120156,0.142340,0.120075,0.355433,0.146128,-0.171112,0.120685,0.020639,0.218842,0.185425,0.074166,0.040023,0.284909,-0.124591,0.107639,0.493415,0.229872,-0.381502,-0.412863,-0.185614,-0.188874,-0.136331,-0.006535,0.284976,-0.101173,0.108396,-0.012068,0.308373,0.128995,0.626921,0.510962,0.075898,0.034041,0.230926,0.287763,0.011102,-0.325894
0.296142,0.168357,0.108981,0.316718,0.349225,0.220643,0.292028,0.259422,0.324796,0.173040,0.181029,0.144294,0.206300,0.046655,0.164949,-0.122362,0.149595,0.059714,0.254805,0.233175,-0.007887,-0.008362,0.305009,0.361070,0.437016,0.407207,0.000000,0.410058,-0.019251,-0.111755,0.147346,0.142935,0.113341,0.127121,0.120760,0.022883,0.140596,0.007287,0.000879,-0.050687,0.111705,0.126959,0.118561,-0.008451,0.105484,-0.049012,0.023945,0.097548,-0.053300,-0.098379,0.000843,-0.055601,0.069708,0.040723,-0.114087,-0.051578,0.160814,0.039528,-0.081036,-0.124740,0.058951,0.104527,0.098134,0.004269,0.044957,0.125569,0.040687,0.023705,0.152138,0.036560,-0.013298,-0.028876,-0.135948,-0.056879,-0.119375,-0.069206,-0.003304,-0.070032,0.204200,0.016783,0.161117,0.029243,0.118366,0.038651,0.124328,0.136013,-0.152838,-0.072618,-0.030009,0.007876
0.131138,0.043507,0.245825,0.257740,-0.015486,-0.097983,0.304774,0.224692,-0.027870,-0.088349,0.140421,0.208881,0.318466,0.206875,0.113566,0.026959,0.210583,0.127537,0.101372,0.082588,0.144630,0.228806,0.245460,0.235520,0.003596,0.100747,0.410058,0.000000,0.137439,0.112923,0.351854,0.357194,0.213458,0.235948,0.134260,0.104036,0.112981,0.050743,0.008070,0.073806,0.143557,0.097651,0.006556,-0.030235,-0.020912,-0.092332,-0.018154,-0.001960,-0.139181,-0.132956,-0.014656,-0.024494,0.043495,0.052701,-0.009147,0.060444,0.122047,0.065731,-0.007873,-0.085924,0.031285,0.052656,0.132083,0.016704,-0.040647,0.004321,0.094779,0.083604,-0.042298,-0.035249,0.211438,0.189290,0.072605,0.170262,0.006253,0.033457,0.074956,0.112258,0.147898,0.078652,0.153861,0.095743,-0.051110,-0.003439,0.181956,0.210691,-0.040881,0.040722,0.098548,0.231743
0.298242,0.202942,0.298765,0.280525,-0.051865,-0.076930,0.412500,0.368193,0.021482,0.031678,0.622587,0.496990,0.623952,0.495682,0.536617,0.636580,0.626104,0.591239,0.349944,0.389030,0.211960,0.187695,0.291298,0.301841,-0.119143,0.047379,-0.019251,0.137439,0.000000,0.796824,0.658169,0.785300,0.738948,0.776564,0.293471,0.215411,0.353378,0.494371,0.632264,0.717467,0.346953,0.394348,0.274364,0.296351,0.330294,0.202328,0.449852,0.309798,0.193930,0.149679,0.314264,0.170509,0.035650,-0.089157,0.568364,0.592393,0.347755,0.392588,0.399031,0.315909,0.475784,0.517415,0.646032,0.506152,0.294891,0.362831,0.462240,0.528048,-0.012280,0.072959,0.150174,0.193682,0.388502,0.430799,0.330246,0.344388,0.430480,0.474885,0.456980,0.552095,0.705545,0.696289,0.343649,0.491813,0.582822,0.622097,0.500007,0.462822,0.563784,0.369012
0.291696,0.311258,0.178594,0.229759,0.076885,0.057334,0.325338,0.420929,0.156864,0.121687,0.488134,0.444527,0.397114,0.469230,0.486654,0.619462,0.500484,0.517684,0.364505,0.415677,0.175736,0.119455,0.219222,0.239291,-0.023582,0.077525,-0.111755,0.112923,0.796824,0.000000,0.463756,0.657852,0.613877,0.635181,0.219228,0.281715,0.189829,0.387488,0.434270,0.577150,0.216623,0.110710,0.096956,0.317629,0.064822,0.226273,0.405032,0.296361,0.180829,0.216220,0.268733,0.216566,0.162812,-0.018985,0.662417,0.631926,0.283368,0.343719,0.356431,0.415231,0.309536,0.467033,0.420862,0.517755,0.203841,0.343019,0.356259,0.438866,0.071862,0.128853,0.084405,0.087141,0.290251,0.562907,0.339628,0.466406,0.549751,0.511681,0.057966,0.261180,0.432490,0.642453,0.421675,0.503902,0.381590,0.510386,0.599119,0.696816,0.538960,0.380050
0.075881,0.002202,0.617897,0.534159,-0.182868,-0.303016,0.614469,0.556905,-0.151206,-0.191017,0.386107,0.442862,0.640382,0.487829,0.433319,0.439848,0.567788,0.372264,0.333894,0.208238,0.351705,0.326454,0.585470,0.467128,-0.143637,-0.076175,0.147346,0.351854,0.658169,0.463756,0.000000,1.116899,0.738241,0.657609,0.390127,0.208763,0.308021,0.338155,0.518233,0.639656,0.542328,0.457697,0.285992,0.020397,0.296358,-0.106242,0.200118,0.138774,-0.112723,-0.198365,0.115956,-0.005336,0.081421,0.028918,0.218179,0.371584,0.068472,0.162817,0.121123,-0.086086,0.180352,0.261879,0.392098,0.307125,0.205428,0.189379,0.314198,0.364352,-0.252908,-0.234066,0.443961,0.505854,0.383996,0.503380,0.323712,0.247664,0.225268,0.406611,0.450362,0.475133,0.577294,0.578577,0.254189,0.290505,0.501020,0.638092,0.219924,0.249402,0.446624,0.485833
0.259663,0.182327,0.402627,0.504587,0.062074,-0.035632,0.671670,0.642647,0.125214,0.098769,0.529178,0.538903,0.661276,0.613564,0.639050,0.662224,0.589212,0.449935,0.483355,0.410162,0.239382,0.250855,0.544943,0.563732,0.013748,0.105762,0.142935,0.357194,0.785300,0.657852,1.116899,0.000000,0.686387,0.823476,0.340524,0.277193,0.274101,0.483907,0.631263,0.680119,0.412877,0.434291,0.145638,0.084474,0.156963,-0.068860,0.293338,0.171183,-0.023479,-0.107647,0.139851,0.020582,0.042966,-0.079376,0.449680,0.506487,0.163023,0.166916,0.145243,0.071338,0.203128,0.388894,0.490587,0.348953,0.191527,0.308908,0.266170,0.400367,-0.155305,-0.161044,0.195178,0.244408,0.335662,0.581994,0.353880,0.337879,0.418219,0.412581,0.355233,0.351098,0.594789,0.588042,0.421387,0.450345,0.514727,0.617567,0.473902,0.515707,0.548220,0.368150
0.438897,0.343580,0.445046,0.496621,0.016473,-0.015601,0.542537,0.549027,0.079163,0.055970,0.481555,0.526801,0.525858,0.456213,0.429647,0.475341,0.694102,0.661289,0.521042,0.525156,0.273004,0.186898,0.494060,0.425076,0.014144,0.115139,0.113341,0.213458,0.738948,0.613877,0.738241,0.686387,0.000000,0.995496,0.416936,0.280722,0.341989,0.461450,0.511174,0.622682,0.451201,0.392277,0.361772,0.352987,0.380627,0.256969,0.517296,0.441870,0.203349,0.176248,0.454049,0.289229,0.378849,0.216078,0.516967,0.648668,0.426124,0.487754,0.508424,0.289971,0.590028,0.560750,0.681105,0.593354,0.370589,0.408666,0.683923,0.665323,0.100107,0.180980,0.266338,0.224793,0.385561,0.400130,0.325133,0.302387,0.387685,0.473465,0.403351,0.479052,0.720283,0.832606,0.354728,0.365146,0.563824,0.731104,0.266670,0.336823,0.618644,0.495752
0.475136,0.401416,0.345592,0.599057,0.117946,0.090828,0.650298,0.760150,0.208788,0.194042,0.492808,0.682365,0.597542,0.546097,0.511751,0.567209,0.740194,0.726488,0.541351,0.656727,0.208839,0.216692,0.427094,0.541754,0.062293,0.156451,0.127121,0.235948,0.776564,0.635181,0.657609,0.823476,0.995496,0.000000,0.368223,0.353927,0.270970,0.542544,0.560377,0.610675,0.324502,0.440429,0.335022,0.414512,0.341672,0.288495,0.592719,0.494993,0.263174,0.222685,0.473999,0.314951,0.276646,0.121651,0.613235,0.711485,0.441657,0.429968,0.466358,0.359887,0.582151,0.712054,0.819287,0.700464,0.289815,0.521580,0.595082,0.729593,0.067259,0.076472,0.143627,0.145631,0.306463,0.473320,0.331977,0.395759,0.527775,0.528176,0.414882,0.468935,0.724588,0.773594,0.389451,0.436878,0.444596,0.733788,0.364000,0.444670,0.581756,0.467341
0.094017,-0.096956,0.478774,0.477054,-0.075169,-0.072220,0.490123,0.472904,-0.042164,-0.010969,0.361484,0.241917,0.381486,0.278414,0.338324,0.286752,0.173982,0.139151,0.212060,0.076976,0.193056,0.109059,0.586202,0.407948,0.075842,0.029533,0.120760,0.134260,0.293471,0.219228,0.390127,0.340524,0.416936,0.368223,0.000000,0.541906,0.101088,0.171103,0.235071,0.255173,0.128231,0.059847,0.082513,0.129546,0.139391,0.005194,0.143339,0.097362,-0.052320,-0.105983,0.273112,-0.051757,0.190825,0.128787,0.154617,0.252340,-0.017155,0.005623,0.134783,-0.019285,0.354728,0.412509,0.331551,0.235570,0.723807,0.509118,0.464154,0.420520,-0.221915,-0.141712,0.323629,0.269816,0.254534,0.282970,0.250111,0.211557,0.261744,0.374738,0.083621,0.127485,0.140102,0.266358,-0.000381,0.014388,0.660787,0.607284,0.046756,0.067256,0.397160,0.405525
0.157084,0.067761,0.235283,0.314068,0.004535,0.040951,0.339292,0.403688,0.039744,0.059475,0.219273,0.254669,0.237377,0.242888,0.243477,0.228539,0.224633,0.233554,0.175271,0.158081,0.094575,0.089613,0.260427,0.264938,0.018773,0.032746,0.022883,0.104036,0.215411,0.281715,0.208763,0.277193,0.280722,0.353927,0.541906,0.000000,-0.020596,0.166595,0.139002,0.184275,0.027542,-0.000255,0.066770,0.248418,0.090245,0.120521,0.232070,0.187799,0.078208,0.042635,0.281484,0.069061,0.169975,0.127269,0.267142,0.292712,0.131450,0.106146,0.180661,0.135541,0.306461,0.396454,0.286865,0.284953,0.388553,0.462206,0.431341,0.468136,-0.068241,-0.034212,0.124565,0.113252,0.129143,0.283002,0.259644,0.232822,0.346869,0.280676,0.024490,0.082099,0.132216,0.279647,0.044123,0.099213,0.339643,0.444934,0.132162,0.158460,0.307921,0.264093
0.156455,0.118439,0.126504,0.080901,0.002434,-0.037834,0.092900,0.053589,0.007655,-0.027003,0.261012,0.148406,0.208782,0.145762,0.173209,0.167732,0.296075,0.287514,0.171406,0.220596,0.150212,0.077809,0.117241,0.106679,0.037707,0.086893,0.140596,0.112981,0.353378,0.189829,0.308021,0.274101,0.341989,0.270970,0.101088,-0.020596,0.000000,0.307474,0.346059,0.316036,0.283591,0.256362,0.287616,0.210989,0.292954,0.135393,0.306541,0.233362,0.159606,0.110780,0.136874,0.143304,0.000280,-0.031829,0.219013,0.241665,0.216187,0.210562,0.172929,0.114298,0.169964,0.150577,0.202238,0.152546,0.060959,0.099195,0.201495,0.199268,0.063576,0.067552,0.122851,0.111210,0.140801,0.079297,0.085887,0.153299,0.110814,0.128977,0.333011,0.183595,0.381116,0.294506,0.193610,0.219230,0.192507,0.249233,0.123651,0.147906,0.176145,0.093872
0.337664,0.369158,-0.028314,0.122247,0.240913,0.224549,0.131727,0.209334,0.279996,0.315341,0.408459,0.330005,0.206866,0.312500,0.515058,0.520296,0.398885,0.496657,0.386228,0.501364,-0.057924,0.081333,0.165463,0.211857,0.179625,0.215408,0.007287,0.050743,0.494371,0.387488,0.338155,0.483907,0.461450,0.542544,0.171103,0.166595,0.307474,0.000000,0.627427,0.634950,0.328128,0.549813,0.278964,0.382315,0.342497,0.268410,0.541467,0.427909,0.375428,0.307168,0.318413,0.271410,-0.018768,-0.102255,0.602314,0.668136,0.267535,0.345166,0.326334,0.419713,0.272119,0.413710,0.387070,0.350103,0.189302,0.327080,0.308707,0.463991,0.118834,0.138750,-0.089025,-0.030803,0.212708,0.288276,0.248193,0.324750,0.420880,0.173375,0.316776,0.348032,0.492695,0.593564,0.486591,0.529643,0.316513,0.412342,0.486647,0.465368,0.468041,0.078915
0.348644,0.275520,0.047912,0.125877,0.180824,0.147825,0.210456,0.191770,0.233544,0.240210,0.514524,0.306015,0.350905,0.330980,0.532931,0.524914,0.418816,0.402357,0.406445,0.380478,0.050153,0.039071,0.184919,0.175247,0.149929,0.229453,0.000879,0.008070,0.632264,0.434270,0.518233,0.631263,0.511174,0.560377,0.235071,0.139002,0.346059,0.627427,0.000000,1.008670,0.400971,0.602319,0.303413,0.295905,0.372130,0.187028,0.459243,0.356900,0.204788,0.148321,0.250436,0.122852,-0.078164,-0.201621,0.516609,0.588563,0.274617,0.312172,0.182599,0.255642,0.267307,0.392748,0.366804,0.284145,0.336372,0.356286,0.245000,0.386802,0.094309,0.081686,-0.081869,0.032613,0.178338,0.181801,0.279291,0.285606,0.267778,0.139930,0.371867,0.562172,0.562855,0.594346,0.659591,0.589079,0.396415,0.382263,0.575088,0.581108,0.517612,0.050772
0.333002,0.248104,0.119839,0.145165,0.099737,0.033310,0.234029,0.234249,0.152882,0.122104,0.505091,0.339139,0.420015,0.405069,0.517778,0.571112,0.458037,0.381526,0.325603,0.365425,0.097346,0.067802,0.196642,0.143061,0.031631,0.080215,-0.050687,0.073806,0.717467,0.577150,0.639656,0.680119,0.622682,0.610675,0.255173,0.184275,0.316036,0.634950,1.008670,0.000000,0.414656,0.610544,0.268626,0.284850,0.343699,0.189863,0.442627,0.329816,0.182844,0.157242,0.292960,0.144037,-0.030723,-0.182909,0.598330,0.689747,0.273655,0.348110,0.304655,0.296795,0.287338,0.420534,0.365823,0.345177,0.334655,0.344659,0.311239,0.412688,0.080305,0.108355,0.011868,0.110610,0.272031,0.357987,0.323957,0.395383,0.317651,0.174146,0.291425,0.563014,0.567713,0.660350,0.546781,0.599688,0.410279,0.454939,0.562951,0.693202,0.637558,0.193623
0.246337,0.151661,0.182336,0.207508,0.079213,-0.002632,0.232304,0.187258,0.064121,0.047220,0.268176,0.254056,0.304499,0.270774,0.209707,0.232580,0.390026,0.255677,0.292448,0.228440,0.195627,0.166577,0.252250,0.202397,0.110165,0.104349,0.111705,0.143557,0.346953,0.216623,0.542328,0.412877,0.451201,0.324502,0.128231,0.027542,0.283591,0.328128,0.400971,0.414656,0.000000,0.397352,0.159839,0.044958,0.160323,-0.059022,0.135618,0.070600,-0.063495,-0.086888,0.033751,-0.023941,-0.012116,-0.080935,0.136305,0.207126,0.107414,0.115692,0.068495,-0.007836,0.140004,0.162615,0.211617,0.191297,0.148343,0.125638,0.104086,0.177362,0.017801,-0.012760,0.187630,0.252313,0.199109,0.168355,0.188628,0.168729,0.073647,0.108033,0.259516,0.327841,0.362129,0.353145,0.233168,0.238658,0.230549,0.280172,0.103312,0.199538,0.253229,0.086829
0.320787,0.295357,0.013902,0.178276,0.168336,0.145408,0.173531,0.183869,0.189456,0.210500,0.318808,0.292736,0.277409,0.213230,0.357879,0.276896,0.421952,0.427481,0.361645,0.411329,0.018111,0.059756,0.219247,0.227013,0.171976,0.225194,0.126959,0.097651,0.394348,0.110710,0.457697,0.434291,0.392277,0.440429,0.059847,-0.000255,0.256362,0.549813,0.602319,0.610544,0.397352,0.000000,0.373685,0.140445,0.475683,0.098877,0.332417,0.322211,0.196774,0.092622,0.136912,0.108852,-0.122796,-0.132039,0.241771,0.411873,0.225505,0.284861,0.102750,0.122863,0.156254,0.239502,0.342360,0.258044,0.120333,0.184705,0.111105,0.257066,0.121869,0.031092,-0.029106,0.059877,0.274209,0.155385,0.156081,0.131101,0.129911,-0.016640,0.513511,0.477071,0.575706,0.472624,0.498821,0.523279,0.226927,0.301511,0.295154,0.292936,0.233184,-0.023184
0.214352,0.355474,0.066118,0.091626,-0.049189,-0.017271,0.008361,0.051320,-0.035005,-0.004411,0.154869,0.151924,0.021825,-0.021602,0.096426,0.093383,0.433592,0.527529,0.186091,0.256863,-0.042551,-0.009009,0.018031,0.075851,0.056581,0.102850,0.118561,0.006556,0.274364,0.096956,0.285992,0.145638,0.361772,0.335022,0.082513,0.066770,0.287616,0.278964,0.303413,0.268626,0.159839,0.373685,0.000000,0.802324,1.284643,0.632435,0.860304,0.897366,0.587434,0.472697,0.516055,0.578472,0.248728,0.227542,0.259732,0.367610,0.435636,0.566529,0.412910,0.355330,0.273629,0.200608,0.373529,0.291903,0.104863,0.154449,0.440687,0.576512,0.180957,0.211417,-0.049495,-0.048181,0.015131,-0.151125,0.043779,-0.009367,-0.020349,0.115261,0.630132,0.370068,0.627210,0.475193,0.326892,0.383830,0.194645,0.398080,0.068320,0.038445,0.108683,0.142739
0.347412,0.464193,-0.123640,-0.045390,0.093256,0.173500,-0.090309,0.008359,0.142135,0.176272,0.217837,0.151319,-0.033473,0.032341,0.202214,0.212885,0.352368,0.518246,0.165528,0.366027,-0.113563,-0.076602,-0.193987,-0.106597,0.085172,0.145218,-0.008451,-0.030235,0.296351,0.317629,0.020397,0.084474,0.352987,0.414512,0.129546,0.248418,0.210989,0.382315,0.295905,0.284850,0.044958,0.140445,0.802324,0.000000,0.593623,1.062262,1.058946,1.089422,0.798821,0.826750,0.732416,0.728704,0.230854,0.102473,0.619580,0.649609,0.514697,0.615214,0.644762,0.841455,0.427274,0.415616,0.420331,0.386200,0.226344,0.356397,0.591786,0.743724,0.297895,0.420046,-0.211466,-0.200829,-0.010805,-0.036554,0.099247,0.165334,0.248525,0.283150,0.247883,0.175206,0.389371,0.433895,0.265832,0.341498,0.209486,0.403150,0.263460,0.292838,0.297897,0.123305
0.187229,0.302953,0.092776,0.114520,-0.040037,-0.028172,0.040794,0.067575,-0.011846,-0.010161,0.204479,0.158525,0.123487,0.000515,0.224789,0.158290,0.389824,0.505551,0.175062,0.221614,-0.043873,-0.029466,0.103688,0.110941,0.038977,0.064385,0.105484,-0.020912,0.330294,0.064822,0.296358,0.156963,0.380627,0.341672,0.139391,0.090245,0.292954,0.342497,0.372130,0.343699,0.160323,0.475683,1.284643,0.593623,0.000000,0.678438,0.778851,0.814047,0.712373,0.583043,0.584174,0.574572,0.171550,0.187165,0.298324,0.443670,0.370693,0.587636,0.505956,0.394521,0.396213,0.311428,0.417094,0.361515,0.230916,0.219889,0.514966,0.570091,0.115027,0.170577,-0.025292,-0.024391,0.148394,-0.105633,0.096704,0.016025,-0.030880,0.070411,0.688839,0.412467,0.656014,0.517550,0.362790,0.428400,0.315413,0.431775,0.148034,0.059716,0.215693,0.172955
0.289974,0.511682,-0.141098,-0.086139,0.028758,0.130588,-0.185565,-0.072839,0.096962,0.090708,0.065549,0.002187,-0.141591,-0.120085,0.078328,0.089763,0.276333,0.449980,0.085094,0.294896,-0.108017,-0.098901,-0.244658,-0.180276,-0.001195,0.060836,-0.049012,-0.092332,0.202328,0.226273,-0.106242,-0.068860,0.256969,0.288495,0.005194,0.120521,0.135393,0.268410,0.187028,0.189863,-0.059022,0.098877,0.632435,1.062262,0.678438,0.000000,0.940372,1.000475,1.116923,1.415285,0.835941,1.013170,0.329652,0.273125,0.568735,0.614803,0.557714,0.758203,0.757201,0.953703,0.446138,0.360646,0.335063,0.357569,0.131103,0.210769,0.588953,0.628702,0.398216,0.528198,-0.161622,-0.176735,0.004207,-0.105640,0.053997,0.139669,0.068819,0.153723,0.206923,0.186432,0.308112,0.404736,0.204553,0.245870,0.093063,0.265648,0.202664,0.193518,0.218192,0.159206
0.479872,0.647897,-0.034579,0.119089,0.153095,0.241127,0.096871,0.187960,0.231946,0.268687,0.333416,0.300922,0.085788,0.140661,0.343448,0.372309,0.510915,0.742527,0.373769,0.578909,-0.059817,-0.015837,0.002483,0.107261,0.124278,0.225771,0.023945,-0.018154,0.449852,0.405032,0.200118,0.293338,0.517296,0.592719,0.143339,0.232070,0.306541,0.541467,0.459243,0.442627,0.135618,0.332417,0.860304,1.058946,0.778851,0.940372,0.000000,1.203265,0.959347,0.820257,0.826193,0.844466,0.389990,0.251035,0.804344,0.819193,0.632439,0.715630,0.684476,0.790107,0.502869,0.520536,0.591803,0.510137,0.196518,0.375946,0.607714,0.830217,0.345807,0.428137,-0.175838,-0.171730,0.105305,0.045667,0.155792,0.230713,0.277950,0.248141,0.383175,0.310704,0.628312,0.617797,0.461097,0.560738,0.306870,0.518507,0.387369,0.385136,0.382656,0.200753
0.388896,0.616546,-0.091923,0.067397,0.181269,0.255214,0.000230,0.128666,0.227870,0.247307,0.225487,0.196629,-0.010712,0.023789,0.280337,0.247642,0.469586,0.681857,0.295392,0.468339,-0.080699,-0.037966,-0.049923,0.042866,0.161840,0.227203,0.097548,-0.001960,0.309798,0.296361,0.138774,0.171183,0.441870,0.494993,0.097362,0.187799,0.233362,0.427909,0.356900,0.329816,0.070600,0.322211,0.897366,1.089422,0.814047,1.000475,1.203265,0.000000,0.860947,0.863882,0.794912,0.885054,0.375818,0.272492,0.632853,0.737374,0.577644,0.729805,0.689519,0.812255,0.462070,0.450932,0.551769,0.484539,0.154343,0.317636,0.553825,0.761799,0.336572,0.417628,-0.182600,-0.168591,0.048255,0.020731,0.144697,0.150299,0.204718,0.241987,0.436143,0.275045,0.597996,0.583279,0.412505,0.507573,0.225213,0.458046,0.249738,0.241055,0.305290,0.131096
