0.000000,1.117004,0.721313,0.707146,0.707840,0.407158,0.754986,0.595281,0.377993,0.321147,0.427328,0.084290,0.193339,0.244700,0.472747,0.337245,0.127464,0.004076,1.102278,0.963357,0.462834,0.349410,0.685143,0.856089,0.464790,0.357178,0.650405,0.471459,-0.005992,-0.122650,-0.050571,0.022988,0.830376,0.635313,0.470073,0.490341,0.242346,0.208420,0.397430,0.091848,0.085173,-0.126149,0.484839,0.366164,0.408354,0.347927,0.436475,0.399993,0.343050,0.206561,0.387178,0.071169,0.243916,0.570366,0.288318,0.322094,1.157279,0.851018,0.469837,0.513598,0.573788,0.325742,0.425063,0.115193,0.427720,0.385265,0.663755,0.573958,0.700514,0.668494,0.072495,0.054316,0.308340,0.156686,0.287351,0.275576,0.680565,0.528764,-0.050172,0.075322,0.301201,0.166620,0.447270,0.446640,0.573402,0.123999,0.323953,0.168634,0.588140,0.613695
1.117004,0.000000,0.585709,0.631544,0.549718,0.300552,0.569696,0.415331,0.429648,0.316281,0.332832,0.011021,0.171815,0.110762,0.404107,0.313174,0.132875,0.246535,0.838237,0.793197,0.342126,0.301802,0.483673,0.590712,0.233157,0.173758,0.378559,0.347472,-0.060005,-0.099924,-0.025044,0.010628,0.672988,0.491417,0.477086,0.445837,0.349636,0.308932,0.410280,0.112709,-0.052980,-0.080550,0.323119,0.315074,0.353479,0.307918,0.360129,0.467622,0.346590,0.286796,0.351417,0.149183,0.295699,0.557957,0.253945,0.329210,1.011440,1.179145,0.296937,0.342990,0.356453,0.217513,0.290171,0.007784,0.379649,0.267115,0.517885,0.394966,0.622657,0.533597,0.144035,0.110510,0.357491,0.218999,0.291387,0.321602,0.553635,0.419274,-0.017274,0.160794,0.392008,0.223929,0.361685,0.304900,0.541528,0.160406,0.254559,0.057636,0.562835,0.466906
0.721313,0.585709,0.000000,1.366903,0.863134,0.796531,1.679961,0.817875,0.877584,0.656080,0.366786,0.085973,0.262112,0.257753,0.537260,0.300846,-0.140104,-0.145993,1.048088,0.790788,0.596059,0.652826,1.129298,1.117450,0.527608,0.726034,0.627867,0.764475,0.042661,-0.018179,0.197684,0.272848,0.902032,0.777627,0.428855,0.492616,0.367970,0.290720,0.527145,0.289682,-0.158189,-0.126672,0.588542,0.410410,0.523207,0.332690,0.473694,0.419184,0.388822,0.239773,0.400819,0.122246,0.351074,0.502554,0.316152,0.275946,0.377026,0.388083,0.350026,0.258074,0.503621,0.302903,0.163853,-0.151137,0.527413,0.322957,0.634707,0.370939,0.567834,0.323718,0.422644,0.413807,0.426710,0.067415,0.356685,0.146876,0.786691,0.677856,0.016078,0.213112,0.332885,0.143476,0.586032,0.410864,0.537213,0.130875,0.440736,-0.050597,0.710923,0.502074
0.707146,0.631544,1.366903,0.000000,0.773725,0.833120,1.275971,1.080470,0.856927,0.888905,0.284266,0.172033,0.193611,0.314210,0.455663,0.386880,-0.084061,-0.012648,0.896259,0.726007,0.622776,0.743652,0.800101,0.999157,0.395868,0.684726,0.529827,0.692509,0.022631,0.001392,0.139848,0.235369,0.772167,0.732042,0.398320,0.583622,0.445350,0.419231,0.540410,0.398560,-0.196781,-0.053693,0.617973,0.557759,0.572075,0.463612,0.551930,0.514880,0.430411,0.390992,0.500565,0.292752,0.396492,0.590470,0.378989,0.438359,0.466794,0.536412,0.408429,0.394489,0.428051,0.452419,0.222596,-0.052628,0.437302,0.454179,0.584960,0.494967,0.662007,0.304684,0.475322,0.402622,0.491441,0.200542,0.335461,0.155318,0.864800,0.752417,0.023323,0.306524,0.430773,0.215414,0.585708,0.453508,0.700552,0.272450,0.500143,-0.021630,0.716410,0.644249
0.707840,0.549718,0.863134,0.773725,0.000000,0.762753,0.769051,0.536069,0.878266,0.665492,0.242485,-0.027504,0.142240,0.092437,0.630652,0.414607,0.034396,-0.128857,0.676874,0.605672,0.610412,0.605651,0.700475,0.726993,0.537316,0.537912,0.867865,1.024350,0.050934,-0.063794,0.124053,0.159441,0.443123,0.365798,0.386458,0.334778,0.314921,0.246419,0.552443,0.278967,-0.045932,-0.129794,0.556918,0.443528,0.383184,0.321351,0.507161,0.415758,0.362587,0.213289,0.435161,0.133619,0.504243,0.622910,0.526041,0.377545,0.449895,0.405027,0.212433,0.186745,0.212430,0.115479,0.033753,-0.206485,0.330135,0.118175,0.451786,0.280282,0.621412,0.286578,0.334824,0.254652,0.166149,-0.036546,0.231484,0.080199,0.575972,0.539758,0.066924,0.199378,0.462979,0.172362,0.638256,0.580584,0.551342,0.205198,0.262776,-0.002707,0.913837,0.680191
0.407158,0.300552,0.796531,0.833120,0.762753,0.000000,0.712053,0.494825,0.718397,1.141844,0.145726,-0.063126,0.142213,0.229153,0.475566,0.336826,-0.115428,-0.050637,0.400838,0.311573,0.599561,0.875096,0.458429,0.414620,0.319168,0.737146,0.489500,0.903172,0.096996,0.121566,0.237981,0.216322,0.336271,0.376345,0.204133,0.358111,0.362191,0.542401,0.464533,0.571098,-0.390134,0.031142,0.349108,0.220371,0.348426,0.151788,0.317174,0.292169,0.257782,0.112080,0.360911,0.076395,0.354583,0.547269,0.399651,0.402674,0.340438,0.333217,0.150833,0.081520,0.107086,0.139277,0.184006,-0.239925,0.202952,0.048111,0.264371,0.113784,0.423653,0.202247,0.456758,0.352179,0.458285,0.124678,0.266129,0.027104,0.479904,0.638744,0.189361,0.201968,0.505732,0.351009,0.657032,0.510426,0.668604,0.465359,0.571146,0.017004,0.488523,0.583292
0.754986,0.569696,1.679961,1.275971,0.769051,0.712053,0.000000,1.003019,0.803570,0.650934,0.370767,0.121132,0.254986,0.297582,0.437247,0.266717,-0.141626,-0.138592,1.123664,0.906832,0.536078,0.628564,1.114226,1.119636,0.450611,0.632877,0.521778,0.649015,0.043380,-0.025462,0.143961,0.243673,0.970116,0.870975,0.372886,0.443910,0.321660,0.252002,0.449952,0.234188,-0.126470,-0.167966,0.550813,0.408694,0.544647,0.383447,0.432808,0.414259,0.402535,0.283472,0.403609,0.149554,0.302102,0.499683,0.244774,0.217982,0.427587,0.422382,0.422571,0.346476,0.662227,0.443147,0.317397,-0.037646,0.549635,0.391399,0.712578,0.449694,0.582536,0.407082,0.380350,0.387345,0.429865,0.074485,0.310320,0.155639,0.771886,0.697888,0.007021,0.182416,0.290368,0.119707,0.517658,0.338865,0.518254,0.132422,0.376399,-0.108332,0.631063,0.477602
0.595281,0.415331,0.817875,1.080470,0.536069,0.494825,1.003019,0.000000,0.515316,0.626552,0.426653,0.478361,0.248796,0.604074,0.321667,0.457948,-0.044559,-0.015495,0.714638,0.632156,0.385434,0.472121,0.794897,0.885256,0.357505,0.517052,0.404184,0.357747,0.164290,0.100170,0.117064,0.209381,0.795002,0.863862,0.137052,0.334928,0.157258,0.175289,0.270987,0.179673,0.007303,-0.065639,0.410379,0.390122,0.436791,0.488420,0.374098,0.367315,0.427923,0.427323,0.386076,0.347048,0.258063,0.422451,0.244753,0.240608,0.416957,0.371488,0.562882,0.682218,0.525113,0.779343,0.453787,0.392494,0.195705,0.468753,0.448017,0.532752,0.394261,0.419120,0.390091,0.387718,0.364303,0.315184,0.182938,0.170526,0.619185,0.570970,0.053808,0.049993,0.273699,0.190820,0.458846,0.397589,0.428526,0.203692,0.212354,0.038124,0.421604,0.532625
0.377993,0.429648,0.877584,0.856927,0.878266,0.718397,0.803570,0.515316,0.000000,0.926834,0.234044,0.070579,0.265075,0.200747,0.711457,0.552751,0.014624,0.122529,0.476194,0.382805,0.522983,0.681265,0.529009,0.504226,0.508870,0.602333,0.608846,0.872192,0.169682,0.132521,0.184647,0.161934,0.315601,0.334390,0.316813,0.273545,0.531362,0.489391,0.762518,0.522210,-0.138647,-0.004382,0.622738,0.564774,0.464156,0.384285,0.607158,0.500526,0.388480,0.327144,0.537711,0.270478,0.642246,0.628386,0.588514,0.571289,0.227793,0.378148,0.167898,0.109104,0.258760,0.186643,0.027182,-0.261954,0.416728,0.220491,0.344779,0.209610,0.566996,0.007730,0.440086,0.355820,0.381169,0.117365,0.297186,0.078848,0.466798,0.413423,0.216797,0.494918,0.602515,0.360022,0.860498,0.657402,0.673474,0.383758,0.416139,0.043876,0.834846,0.628479
0.321147,0.316281,0.656080,0.888905,0.665492,1.141844,0.650934,0.626552,0.926834,0.000000,0.063801,0.062068,0.054485,0.299330,0.419124,0.441974,-0.091756,0.208230,0.332724,0.231869,0.581546,0.968775,0.367995,0.379282,0.249606,0.619152,0.401435,0.744239,0.135972,0.195132,0.222282,0.210611,0.280248,0.360653,0.143565,0.271676,0.406238,0.707907,0.616304,0.682975,-0.477590,0.045652,0.385735,0.351820,0.407890,0.310869,0.414457,0.384597,0.347280,0.336378,0.487086,0.334572,0.449205,0.725307,0.420896,0.536197,0.381011,0.464372,0.185568,0.188399,0.107192,0.339707,0.127231,-0.158580,0.200910,0.203923,0.232265,0.188200,0.518114,0.093188,0.576357,0.465229,0.426547,0.163738,0.152494,-0.020421,0.405554,0.497085,0.225296,0.391868,0.664100,0.494969,0.749308,0.547113,0.736220,0.691900,0.609107,-0.016899,0.561367,0.716664
0.427328,0.332832,0.366786,0.284266,0.242485,0.145726,0.370767,0.426653,0.234044,0.063801,0.000000,0.748962,1.181920,0.843061,0.675066,0.569294,0.557325,0.353283,0.285299,0.166351,0.281045,0.154653,0.439657,0.364172,0.185767,0.177774,0.189846,0.128512,0.408646,0.325549,0.197250,0.333756,0.443590,0.445640,0.166899,0.239841,0.148298,0.118894,0.163520,0.161837,0.245217,0.040707,0.152119,0.142681,-0.021189,0.062102,0.251614,0.178238,0.123565,-0.020617,0.175670,0.000723,0.211328,0.022160,0.465343,0.212615,0.245791,0.240488,0.160140,0.215371,0.121359,0.088067,0.256408,0.282819,0.018506,0.145066,0.086073,0.135394,0.110474,0.142857,0.328958,0.352357,0.272080,0.320177,0.118035,0.257867,0.219658,0.152644,0.167399,0.207904,0.308943,0.324209,0.223304,0.336545,0.362124,0.118679,0.071557,0.513551,0.265910,0.326389
0.084290,0.011021,0.085973,0.172033,-0.027504,-0.063126,0.121132,0.478361,0.070579,0.062068,0.748962,0.000000,0.628471,1.167665,0.296443,0.543489,0.413441,0.390478,0.029108,-0.083264,0.083622,0.008802,0.242486,0.231446,0.090477,0.115353,0.064556,-0.095657,0.370399,0.397258,0.157576,0.246456,0.202494,0.255065,0.015779,0.116993,-0.033033,0.103692,0.000329,0.041965,0.155914,0.007943,0.064133,0.195795,-0.026009,0.182471,0.188115,0.171237,0.161119,0.202020,0.199501,0.323297,0.149960,0.040967,0.264028,0.256198,-0.021424,0.049181,0.256510,0.446185,0.074202,0.336035,0.121316,0.577546,-0.121632,0.322300,-0.007245,0.300947,-0.097378,-0.010561,0.415352,0.467619,0.001736,0.312225,-0.087907,0.054174,0.040788,0.000831,0.068996,0.158734,0.103035,0.283017,0.113394,0.239505,0.108665,0.135815,-0.006412,0.547804,0.008945,0.315080
0.193339,0.171815,0.262112,0.193611,0.142240,0.142213,0.254986,0.248796,0.265075,0.054485,1.181920,0.628471,0.000000,0.812400,0.684948,0.620883,0.587229,0.343715,0.145974,0.088652,0.392645,0.207341,0.235023,0.149137,0.119381,0.151544,0.073718,0.154080,0.497782,0.464900,0.276540,0.390180,0.166040,0.255304,0.113749,0.170407,0.121620,0.095867,0.164029,0.357868,0.289616,0.147576,0.134035,0.148012,-0.119279,-0.071257,0.272888,0.147200,0.049388,-0.078899,0.165782,-0.012870,0.289562,-0.103771,0.566656,0.235735,0.040807,0.101326,-0.026830,-0.011685,-0.091078,-0.136381,0.106294,0.113229,-0.126538,-0.037144,-0.104656,-0.057727,0.120877,-0.046662,0.316135,0.346271,0.289751,0.298683,0.035775,0.223478,0.099603,0.084842,0.277813,0.448259,0.363597,0.399011,0.248616,0.393491,0.433312,0.227270,0.049082,0.494664,0.237961,0.259766
0.244700,0.110762,0.257753,0.314210,0.092437,0.229153,0.297582,0.604074,0.200747,0.299330,0.843061,1.167665,0.812400,0.000000,0.411526,0.697952,0.373772,0.396650,0.162503,0.054028,0.352851,0.302515,0.329862,0.281678,0.130784,0.238108,0.115438,0.085629,0.383185,0.442080,0.187088,0.304062,0.324465,0.404011,-0.017885,0.186858,0.104643,0.263340,0.184236,0.311264,0.057640,0.042446,0.153451,0.206702,0.039670,0.150345,0.294602,0.165356,0.225170,0.167673,0.267573,0.287141,0.240150,0.128964,0.394234,0.319869,0.154424,0.172669,0.264731,0.396732,0.071414,0.350779,0.188505,0.433191,-0.135596,0.248999,0.009393,0.227425,0.071875,0.075360,0.477691,0.552138,0.177448,0.330402,-0.025086,0.144194,0.166500,0.195509,0.134946,0.259021,0.269951,0.487886,0.239040,0.363412,0.351047,0.356947,0.205259,0.534056,0.065414,0.425396
0.472747,0.404107,0.537260,0.455663,0.630652,0.475566,0.437247,0.321667,0.711457,0.419124,0.675066,0.296443,0.684948,0.411526,0.000000,1.032524,0.374698,0.182488,0.363223,0.331303,0.598815,0.476209,0.396737,0.363918,0.554190,0.522808,0.688393,0.715692,0.499675,0.376481,0.293425,0.254140,0.263778,0.229254,0.375771,0.337415,0.354796,0.313990,0.602037,0.441638,0.202199,0.135830,0.554620,0.445723,0.199741,0.197449,0.566684,0.432912,0.215054,0.099008,0.449266,0.097645,0.593464,0.325388,0.779689,0.526704,0.252276,0.322544,0.108106,0.125646,0.066771,-0.044996,0.064781,-0.057066,0.171658,0.090912,0.224384,0.194888,0.440043,0.196629,0.264580,0.235288,0.323510,0.195386,0.253616,0.100785,0.310096,0.248276,0.338552,0.452352,0.617599,0.409982,0.916422,0.977287,0.656467,0.253902,0.205313,0.421349,0.708446,0.608644
0.337245,0.313174,0.300846,0.386880,0.414607,0.336826,0.266717,0.457948,0.552751,0.441974,0.569294,0.543489,0.620883,0.697952,1.032524,0.000000,0.466971,0.340532,0.254719,0.216821,0.538692,0.475555,0.240640,0.282705,0.434363,0.412915,0.480856,0.475615,0.577070,0.529704,0.296924,0.266861,0.192559,0.174467,0.225923,0.272622,0.237954,0.309719,0.444858,0.428297,0.187453,0.137717,0.484757,0.526628,0.195973,0.314735,0.593787,0.510590,0.288016,0.235330,0.478315,0.306730,0.571728,0.339692,0.683574,0.600854,0.282439,0.341743,0.195224,0.316306,-0.045002,0.110619,0.088570,0.197866,-0.089658,0.158623,0.105739,0.320306,0.409298,0.215910,0.300881,0.275068,0.203242,0.241012,0.012718,0.123696,0.163900,0.094277,0.342223,0.465771,0.660180,0.523926,0.789651,1.085800,0.576139,0.347690,0.103660,0.508988,0.383886,0.667447
0.127464,0.132875,-0.140104,-0.084061,0.034396,-0.115428,-0.141626,-0.044559,0.014624,-0.091756,0.557325,0.413441,0.587229,0.373772,0.374698,0.466971,0.000000,0.791366,-0.085013,-0.087709,0.179224,-0.014609,-0.020339,0.003929,0.015653,0.031502,-0.101909,-0.012568,0.689090,0.663897,0.408032,0.489868,-0.009045,0.013718,0.223769,0.248789,0.155482,0.110146,0.110479,0.269651,0.382392,0.306542,0.151397,0.315793,0.007243,0.157271,0.257999,0.329315,0.107521,0.036948,0.263121,0.111937,0.187497,-0.068759,0.432294,0.295335,0.211127,0.152329,-0.155931,-0.103888,-0.323470,-0.196709,0.054672,0.228351,-0.052621,0.057813,-0.101260,0.057915,0.064010,-0.046119,-0.022098,-0.006677,0.044236,0.195370,0.039450,0.264661,-0.310131,-0.354187,0.558001,0.482329,0.621949,0.444838,0.131837,0.316078,0.329767,0.216380,-0.214741,0.371325,0.054744,0.171139
0.004076,0.246535,-0.145993,-0.012648,-0.128857,-0.050637,-0.138592,-0.015495,0.122529,0.208230,0.353283,0.390478,0.343715,0.396650,0.182488,0.340532,0.791366,0.000000,-0.190558,-0.243304,0.100119,0.099313,-0.083167,-0.106356,-0.153979,-0.030985,-0.297588,-0.104329,0.426057,0.588496,0.269862,0.312410,0.009027,0.099098,0.135917,0.150728,0.333439,0.503132,0.271666,0.415819,-0.013671,0.399198,0.002156,0.195400,0.038134,0.174835,0.127133,0.256569,0.134190,0.209300,0.263325,0.280396,0.197527,0.106634,0.292551,0.386113,0.269428,0.391383,-0.149839,-0.035005,-0.189271,0.095560,0.091181,0.277959,0.047260,0.232655,-0.109163,0.025472,0.024958,-0.207095,0.173183,0.193036,0.230717,0.356122,0.065637,0.198993,-0.257641,-0.221054,0.513366,0.515218,0.674502,0.780868,0.132049,0.154273,0.441087,0.633147,0.001725,0.260976,0.033961,0.207411
1.102278,0.838237,1.048088,0.896259,0.676874,0.400838,1.123664,0.714638,0.476194,0.332724,0.285299,0.029108,0.145974,0.162503,0.363223,0.254719,-0.085013,-0.190558,0.000000,1.376489,0.518971,0.432310,0.932151,1.130978,0.426854,0.411861,0.533414,0.478704,-0.024782,-0.144509,0.043902,0.144435,0.965866,0.693991,0.358940,0.387106,0.185950,0.114222,0.396754,0.077974,0.015780,-0.214300,0.550692,0.404411,0.490969,0.391828,0.467944,0.463592,0.404465,0.282742,0.351416,0.113225,0.214350,0.492331,0.162323,0.197577,0.651008,0.528670,0.466689,0.389339,0.584159,0.263771,0.264886,-0.031054,0.419648,0.278085,0.713387,0.508700,0.749304,0.626091,0.153605,0.188115,0.272033,-0.014525,0.158033,0.115173,0.646304,0.488405,-0.088324,0.109428,0.193012,0.047534,0.407635,0.336713,0.405693,-0.014719,0.223502,-0.105290,0.568725,0.398806
0.963357,0.793197,0.790788,0.726007,0.605672,0.311573,0.906832,0.632156,0.382805,0.231869,0.166351,-0.083264,0.088652,0.054028,0.331303,0.216821,-0.087709,-0.243304,1.376489,0.000000,0.497764,0.391949,0.683445,0.830519,0.355685,0.306404,0.446750,0.419744,-0.077898,-0.206366,-0.047547,0.023361,0.773424,0.577118,0.401803,0.427882,0.201472,-0.011758,0.319849,0.029163,0.080569,-0.210785,0.577743,0.423788,0.508816,0.418877,0.508130,0.462196,0.419649,0.301576,0.375459,0.094787,0.239961,0.438164,0.096449,0.087884,0.606092,0.490935,0.479911,0.421097,0.576789,0.236643,0.334262,0.023064,0.386302,0.263574,0.777223,0.529302,0.801033,0.829118,-0.068306,-0.046322,0.237899,-0.017651,0.164278,0.213797,0.642241,0.504614,-0.127481,0.040089,0.165885,-0.068141,0.321865,0.292033,0.325896,-0.131775,0.125263,-0.200529,0.472825,0.283111
0.462834,0.342126,0.596059,0.622776,0.610412,0.599561,0.536078,0.385434,0.522983,0.581546,0.281045,0.083622,0.392645,0.352851,0.598815,0.538692,0.179224,0.100119,0.518971,0.497764,0.000000,1.121954,0.403226,0.421843,0.401788,0.557836,0.485594,0.821713,0.226323,0.204039,0.229034,0.345403,0.367831,0.362154,0.272921,0.378369,0.426251,0.382827,0.679605,0.661620,-0.005910,0.058150,0.688699,0.546693,0.324443,0.289243,0.699118,0.435514,0.331691,0.229381,0.499135,0.205137,0.500257,0.487334,0.604673,0.546927,0.349337,0.355649,0.198309,0.140158,0.022450,-0.046605,0.025201,-0.172407,0.107043,0.119966,0.342112,0.277939,0.629361,0.182035,0.307999,0.348941,0.439850,0.034072,0.179955,0.176482,0.407510,0.359728,0.136932,0.606908,0.559424,0.346557,0.587407,0.639582,0.638926,0.293184,0.436740,0.162015,0.641559,0.596702
0.349410,0.301802,0.652826,0.743652,0.605651,0.875096,0.628564,0.472121,0.681265,0.968775,0.154653,0.008802,0.207341,0.302515,0.476209,0.475555,-0.014609,0.099313,0.432310,0.391949,1.121954,0.000000,0.395985,0.410137,0.228567,0.497387,0.380468,0.867069,0.099824,0.168834,0.254628,0.326125,0.375502,0.401124,0.191488,0.362751,0.548484,0.612000,0.665160,0.670636,-0.372929,-0.082064,0.510105,0.375714,0.358743,0.265171,0.559333,0.411206,0.312194,0.255934,0.460926,0.218921,0.493482,0.620384,0.425985,0.460594,0.384645,0.464761,0.239325,0.195622,0.068994,0.113718,0.129679,-0.178305,0.115468,0.159833,0.358777,0.253916,0.702775,0.260828,0.529005,0.501262,0.487407,0.085082,0.178966,0.094439,0.488478,0.493265,0.054759,0.452927,0.537177,0.347898,0.538487,0.482930,0.637304,0.375585,0.603689,-0.020229,0.500410,0.556229
0.685143,0.483673,1.129298,0.800101,0.700475,0.458429,1.114226,0.794897,0.529009,0.367995,0.439657,0.242486,0.235023,0.329862,0.396737,0.240640,-0.020339,-0.083167,0.932151,0.683445,0.403226,0.395985,0.000000,1.480236,0.532299,0.550802,0.534600,0.504652,0.058772,-0.039202,0.143044,0.314836,1.103654,0.986772,0.393753,0.335900,0.198240,0.121298,0.362668,0.060850,0.016986,-0.172074,0.394437,0.262972,0.355982,0.271217,0.249186,0.237379,0.262976,0.152657,0.189385,0.019952,0.101543,0.285323,0.146630,0.065738,0.364144,0.274018,0.248140,0.257907,0.539359,0.412659,0.141690,0.036654,0.507301,0.321430,0.496380,0.320566,0.320910,0.285499,0.412021,0.471342,0.242523,0.057741,0.207362,0.170556,0.542039,0.483222,0.014293,0.066789,0.153112,0.118529,0.348582,0.241031,0.334280,0.020477,0.182075,-0.023414,0.482272,0.263683
0.856089,0.590712,1.117450,0.999157,0.726993,0.414620,1.119636,0.885256,0.504226,0.379282,0.364172,0.231446,0.149137,0.281678,0.363918,0.282705,0.003929,-0.106356,1.130978,0.830519,0.421843,0.410137,1.480236,0.000000,0.539315,0.586236,0.613160,0.534853,0.026101,-0.056697,0.138653,0.301745,1.078689,0.842295,0.514082,0.528129,0.207411,0.149680,0.334250,0.044033,0.006672,-0.227387,0.540421,0.424975,0.481950,0.402974,0.416573,0.420913,0.328185,0.223658,0.304815,0.078836,0.132486,0.356578,0.160168,0.155378,0.488901,0.414622,0.351060,0.397985,0.556216,0.475151,0.175766,0.072056,0.565823,0.529798,0.660873,0.560649,0.523475,0.430360,0.343737,0.361517,0.174586,0.024487,0.216195,0.153100,0.666760,0.501259,-0.045146,0.134036,0.215483,0.079980,0.376725,0.311562,0.421719,-0.029424,0.221518,-0.004149,0.529090,0.379234
0.464790,0.233157,0.527608,0.395868,0.537316,0.319168,0.450611,0.357505,0.508870,0.249606,0.185767,0.090477,0.119381,0.130784,0.554190,0.434363,0.015653,-0.153979,0.426854,0.355685,0.401788,0.228567,0.532299,0.539315,0.000000,0.961138,1.201914,0.599606,0.376654,0.179791,0.216379,0.120226,0.413176,0.285329,0.487562,0.345285,0.178823,0.151861,0.429240,0.126809,0.329159,0.090618,0.707725,0.479748,0.429297,0.375676,0.433176,0.378085,0.234908,0.127824,0.225522,0.000055,0.226642,0.329757,0.333520,0.279913,0.227975,0.131592,0.204764,0.214484,0.356518,0.176713,0.105900,0.008430,0.434586,0.291153,0.458191,0.461494,0.267344,0.199846,0.014812,0.071336,0.167462,0.044640,0.320440,0.064356,0.368995,0.303884,0.272901,0.157286,0.257902,0.185732,0.910375,0.832106,0.269423,0.050644,0.209858,0.315296,0.540968,0.473936
0.357178,0.173758,0.726034,0.684726,0.537912,0.737146,0.632877,0.517052,0.602333,0.619152,0.177774,0.115353,0.151544,0.238108,0.522808,0.412915,0.031502,-0.030985,0.411861,0.306404,0.557836,0.497387,0.550802,0.586236,0.961138,0.000000,0.701656,0.740463,0.497635,0.419529,0.533728,0.461980,0.445971,0.398341,0.478184,0.576524,0.366390,0.394624,0.565478,0.479564,0.078448,0.242569,0.702019,0.509088,0.543918,0.402214,0.496244,0.525998,0.314836,0.208676,0.360284,0.100346,0.316168,0.312280,0.454112,0.378274,0.160252,0.090214,0.130901,0.137362,0.196165,0.229124,0.124309,-0.065400,0.442829,0.341784,0.421040,0.415045,0.259749,0.178702,0.210357,0.225884,0.409926,0.206138,0.371808,0.088568,0.363430,0.390051,0.454216,0.290272,0.495082,0.377070,0.932374,0.803224,0.490114,0.312361,0.371575,0.207193,0.535325,0.565298
0.650405,0.378559,0.627867,0.529827,0.867865,0.489500,0.521778,0.404184,0.608846,0.401435,0.189846,0.064556,0.073718,0.115438,0.688393,0.480856,-0.101909,-0.297588,0.533414,0.446750,0.485594,0.380468,0.534600,0.613160,1.201914,0.701656,0.000000,0.876929,0.126913,-0.035222,0.042162,-0.018392,0.384301,0.250874,0.430027,0.309014,0.169352,0.212742,0.433181,0.109049,0.142880,-0.092926,0.646735,0.431945,0.342569,0.270035,0.477828,0.359333,0.196046,0.082679,0.284517,-0.011893,0.344158,0.505976,0.400683,0.364686,0.343685,0.296134,0.299793,0.308262,0.355338,0.176082,0.096197,-0.070935,0.327172,0.208459,0.456329,0.425428,0.450258,0.286979,0.211353,0.188130,0.145637,0.012398,0.315332,0.052718,0.598426,0.484020,0.008958,0.104830,0.216505,0.073056,0.883854,0.824299,0.343113,0.008285,0.367275,0.310001,0.705763,0.643246
0.471459,0.347472,0.764475,0.692509,1.024350,0.903172,0.649015,0.357747,0.872192,0.744239,0.128512,-0.095657,0.154080,0.085629,0.715692,0.475615,-0.012568,-0.104329,0.478704,0.419744,0.821713,0.867069,0.504652,0.534853,0.599606,0.740463,0.876929,0.000000,0.142456,0.108161,0.242158,0.253691,0.339080,0.326533,0.394276,0.377548,0.418159,0.353865,0.612823,0.456610,-0.079275,-0.055005,0.649979,0.455454,0.356852,0.223601,0.543095,0.433117,0.217862,0.099309,0.435608,0.039926,0.538941,0.513397,0.562848,0.471960,0.322024,0.315618,0.133818,0.055912,0.153659,0.071817,0.058322,-0.288796,0.353589,0.171399,0.374872,0.232248,0.599730,0.137830,0.365202,0.321713,0.329928,0.007026,0.320685,0.126461,0.475986,0.421224,0.173868,0.384172,0.528115,0.245465,0.816359,0.719423,0.665826,0.263897,0.413669,0.135588,0.835240,0.712629
-0.005992,-0.060005,0.042661,0.022631,0.050934,0.096996,0.043380,0.164290,0.169682,0.135972,0.408646,0.370399,0.497782,0.383185,0.499675,0.577070,0.689090,0.426057,-0.024782,-0.077898,0.226323,0.099824,0.058772,0.026101,0.376654,0.497635,0.126913,0.142456,0.000000,1.592188,1.021110,0.788803,0.054027,0.072719,0.048984,0.148153,0.073455,0.155939,0.239600,0.435259,0.451501,0.514172,0.226360,0.275999,0.078794,0.200739,0.263707,0.402094,0.174687,0.115238,0.285579,0.172425,0.230544,-0.043905,0.477266,0.282521,0.024642,-0.064436,-0.062367,-0.063804,-0.239095,-0.094245,0.144960,0.250659,-0.127006,0.008533,-0.103395,0.055886,-0.004602,0.026270,0.037896,0.125693,0.258395,0.304297,0.077074,0.094698,-0.325222,-0.265776,1.187024,0.377217,0.731079,0.625516,0.616507,0.714237,0.291511,0.405076,-0.185375,0.328486,0.181287,0.317504
-0.122650,-0.099924,-0.018179,0.001392,-0.063794,0.121566,-0.025462,0.100170,0.132521,0.195132,0.325549,0.397258,0.464900,0.442080,0.376481,0.529704,0.663897,0.588496,-0.144509,-0.206366,0.204039,0.168834,-0.039202,-0.056697,0.179791,0.419529,-0.035222,0.108161,1.592188,0.000000,1.172184,0.922230,-0.019275,0.007416,-0.008534,0.169580,0.138040,0.292874,0.235624,0.520668,0.223937,0.522507,0.104124,0.176906,0.020599,0.119385,0.205803,0.393225,0.131404,0.110643,0.257578,0.192461,0.213689,-0.048051,0.388617,0.315379,-0.026122,-0.036142,-0.129341,-0.103232,-0.352947,-0.114261,0.089678,0.218290,-0.155064,0.027329,-0.186643,-0.007074,-0.056005,-0.039069,0.128768,0.218175,0.286550,0.392602,0.090553,0.083891,-0.410663,-0.321271,1.043933,0.462576,0.759006,0.775181,0.473339,0.569230,0.327352,0.527884,-0.100543,0.358423,0.084246,0.298317
-0.050571,-0.025044,0.197684,0.139848,0.124053,0.237981,0.143961,0.117064,0.184647,0.222282,0.197250,0.157576,0.276540,0.187088,0.293425,0.296924,0.408032,0.269862,0.043902,-0.047547,0.229034,0.254628,0.143044,0.138653,0.216379,0.533728,0.042162,0.242158,1.021110,1.172184,0.000000,1.380964,0.159515,0.134415,0.088012,0.260402,0.131830,0.229754,0.261735,0.425929,0.025001,0.255106,0.070198,0.071550,0.011756,0.046384,0.144312,0.349847,0.105398,0.048197,0.181715,0.073782,0.143762,0.012473,0.274385,0.163589,-0.018192,-0.039648,-0.194740,-0.215936,-0.338182,-0.139548,-0.020060,0.009914,-0.007939,-0.005994,-0.082476,-0.044286,0.020555,0.063131,0.189258,0.247875,0.262765,0.230443,0.135187,0.014105,-0.256871,-0.180523,0.849704,0.304235,0.646881,0.579821,0.447751,0.441764,0.282650,0.378674,-0.001417,0.086271,0.202577,0.239901
0.022988,0.010628,0.272848,0.235369,0.159441,0.216322,0.243673,0.209381,0.161934,0.210611,0.333756,0.246456,0.390180,0.304062,0.254140,0.266861,0.489868,0.312410,0.144435,0.023361,0.345403,0.326125,0.314836,0.301745,0.120226,0.461980,-0.018392,0.253691,0.788803,0.922230,1.380964,0.000000,0.313196,0.337816,0.109836,0.300109,0.203477,0.243071,0.311773,0.529586,0.096591,0.243312,0.098540,0.118928,0.011605,0.067245,0.184040,0.330655,0.122802,0.065161,0.167626,0.092203,0.083003,-0.050208,0.340640,0.181972,0.008948,-0.043015,-0.210470,-0.247768,-0.304960,-0.091208,-0.071366,0.013662,0.013209,0.046486,-0.073946,-0.040270,0.047770,-0.035626,0.366621,0.433515,0.306907,0.275931,0.135516,0.211568,-0.159870,-0.091500,0.625116,0.472076,0.586496,0.537718,0.282791,0.310925,0.341996,0.345986,0.036387,0.110157,0.264002,0.234544
0.830376,0.672988,0.902032,0.772167,0.443123,0.336271,0.970116,0.795002,0.315601,0.280248,0.443590,0.202494,0.166040,0.324465,0.263778,0.192559,-0.009045,0.009027,0.965866,0.773424,0.367831,0.375502,1.103654,1.078689,0.413176,0.445971,0.384301,0.339080,0.054027,-0.019275,0.159515,0.313196,0.000000,1.342585,0.449821,0.509890,0.305741,0.230671,0.352964,0.035395,-0.021421,-0.205047,0.365978,0.258448,0.414257,0.380108,0.251411,0.311127,0.297062,0.252919,0.222231,0.089674,0.064639,0.385383,0.051316,0.083601,0.590522,0.489730,0.394521,0.416914,0.654073,0.541924,0.411015,0.258405,0.524007,0.506599,0.696759,0.543426,0.393916,0.528216,0.258686,0.330531,0.408972,0.234379,0.333859,0.257456,0.671544,0.580526,0.011819,-0.001575,0.198306,0.160179,0.282151,0.191842,0.352135,0.051864,0.237799,-0.011445,0.370476,0.294488
0.635313,0.491417,0.777627,0.732042,0.365798,0.376345,0.870975,0.863862,0.334390,0.360653,0.445640,0.255065,0.255304,0.404011,0.229254,0.174467,0.013718,0.099098,0.693991,0.577118,0.362154,0.401124,0.986772,0.842295,0.285329,0.398341,0.250874,0.326533,0.072719,0.007416,0.134415,0.337816,1.342585,0.000000,0.304731,0.350747,0.292046,0.267614,0.352530,0.206325,0.013425,-0.032221,0.280026,0.231047,0.315283,0.315560,0.183191,0.194259,0.265853,0.256904,0.241870,0.130431,0.117415,0.266014,0.151304,0.088526,0.477110,0.368091,0.301029,0.313237,0.591659,0.643776,0.437269,0.318112,0.390548,0.448261,0.458953,0.358873,0.297052,0.257567,0.385098,0.409372,0.511497,0.296038,0.336343,0.311024,0.578696,0.604283,0.097543,0.080708,0.229201,0.258100,0.279304,0.143394,0.447267,0.238093,0.214264,-0.056727,0.356503,0.284937
0.470073,0.477086,0.428855,0.398320,0.386458,0.204133,0.372886,0.137052,0.316813,0.143565,0.166899,0.015779,0.113749,-0.017885,0.375771,0.225923,0.223769,0.135917,0.358940,0.401803,0.272921,0.191488,0.393753,0.514082,0.487562,0.478184,0.430027,0.394276,0.048984,-0.008534,0.088012,0.109836,0.449821,0.304731,0.000000,0.994538,0.447616,0.231747,0.328970,0.091078,0.061244,-0.033219,0.669020,0.609873,0.508282,0.372217,0.488270,0.505248,0.157975,0.121225,0.291420,-0.068203,0.214947,0.212495,0.242297,0.198957,0.274222,0.345171,-0.028069,0.079108,0.296334,0.168474,0.142973,-0.014508,0.819080,0.553598,0.689780,0.596516,0.299857,0.252597,-0.000977,-0.056223,0.130572,0.038775,0.296673,0.261463,0.485926,0.339974,0.104256,0.251832,0.285803,0.076269,0.307261,0.287435,0.383695,-0.057871,0.138496,0.060786,0.359418,0.209467
0.490341,0.445837,0.492616,0.583622,0.334778,0.358111,0.443910,0.334928,0.273545,0.271676,0.239841,0.116993,0.170407,0.186858,0.337415,0.272622,0.248789,0.150728,0.387106,0.427882,0.378369,0.362751,0.335900,0.528129,0.345285,0.576524,0.309014,0.377548,0.148153,0.169580,0.260402,0.300109,0.509890,0.350747,0.994538,0.000000,0.452866,0.356834,0.294550,0.212487,-0.089966,0.020942,0.628858,0.550568,0.592571,0.422303,0.591769,0.659885,0.302862,0.197599,0.380885,0.048483,0.239059,0.241441,0.249077,0.290760,0.307021,0.394984,0.123979,0.217110,0.207870,0.276461,0.235145,0.111872,0.545261,0.602866,0.665021,0.690040,0.365603,0.386376,0.093415,0.056961,0.288272,0.189394,0.324152,0.246625,0.524362,0.393648,0.087110,0.262221,0.375238,0.115245,0.325107,0.326015,0.478525,0.033940,0.272101,0.116142,0.302949,0.319683
0.242346,0.349636,0.367970,0.445350,0.314921,0.362191,0.321660,0.157258,0.531362,0.406238,0.148298,-0.033033,0.121620,0.104643,0.354796,0.237954,0.155482,0.333439,0.185950,0.201472,0.426251,0.548484,0.198240,0.207411,0.178823,0.366390,0.169352,0.418159,0.073455,0.138040,0.131830,0.203477,0.305741,0.292046,0.447616,0.452866,0.000000,0.815245,0.926977,0.599666,-0.061722,0.234291,0.480220,0.532995,0.451593,0.426349,0.564029,0.507819,0.334789,0.361674,0.448925,0.260655,0.445962,0.483349,0.473144,0.602140,0.225229,0.369529,0.065730,0.068048,0.103083,0.094393,0.036027,-0.062068,0.431008,0.356222,0.407208,0.354207,0.343078,0.050612,0.221975,0.183283,0.528200,0.351041,0.485947,0.265663,0.321859,0.316819,0.190031,0.452900,0.523349,0.434767,0.304851,0.256930,0.614457,0.368712,0.397579,0.057628,0.433919,0.434763
0.208420,0.308932,0.290720,0.419231,0.246419,0.542401,0.252002,0.175289,0.489391,0.707907,0.118894,0.103692,0.095867,0.263340,0.313990,0.309719,0.110146,0.503132,0.114222,-0.011758,0.382827,0.612000,0.121298,0.149680,0.151861,0.394624,0.212742,0.353865,0.155939,0.292874,0.229754,0.243071,0.230671,0.267614,0.231747,0.356834,0.815245,0.000000,0.753624,0.681069,-0.369900,0.283950,0.271159,0.313917,0.340871,0.299197,0.371976,0.411244,0.295615,0.312938,0.378291,0.272226,0.315759,0.562340,0.382672,0.637979,0.295337,0.477202,0.066895,0.107309,0.035343,0.174093,0.061770,-0.020351,0.228076,0.307781,0.207827,0.259725,0.302703,-0.022193,0.511560,0.456166,0.490032,0.354231,0.335989,0.065676,0.226108,0.327113,0.209287,0.474015,0.608297,0.678967,0.479828,0.356463,0.678227,0.711559,0.644184,0.184324,0.341405,0.554925
0.397430,0.410280,0.527145,0.540410,0.552443,0.464533,0.449952,0.270987,0.762518,0.616304,0.163520,0.000329,0.164029,0.184236,0.602037,0.444858,0.110479,0.271666,0.396754,0.319849,0.679605,0.665160,0.362668,0.334250,0.429240,0.565478,0.433181,0.612823,0.239600,0.235624,0.261735,0.311773,0.352964,0.352530,0.328970,0.294550,0.926977,0.753624,0.000000,0.860832,0.011628,0.260466,0.599626,0.561605,0.413379,0.415286,0.582876,0.450307,0.372053,0.397434,0.443778,0.324844,0.439570,0.644954,0.630983,0.760279,0.308307,0.389807,0.074598,0.049631,0.138422,0.073697,-0.044308,-0.137392,0.357784,0.233054,0.346820,0.272841,0.471254,0.060768,0.308000,0.307308,0.473806,0.193328,0.325873,0.110322,0.292164,0.318306,0.302374,0.633826,0.650252,0.666612,0.689223,0.594267,0.650897,0.582569,0.517402,0.111406,0.712056,0.633294
0.091848,0.112709,0.289682,0.398560,0.278967,0.571098,0.234188,0.179673,0.522210,0.682975,0.161837,0.041965,0.357868,0.311264,0.441638,0.428297,0.269651,0.415819,0.077974,0.029163,0.661620,0.670636,0.060850,0.044033,0.126809,0.479564,0.109049,0.456610,0.435259,0.520668,0.425929,0.529586,0.035395,0.206325,0.091078,0.212487,0.599666,0.681069,0.860832,0.000000,0.013200,0.531053,0.375150,0.411985,0.164271,0.170249,0.462117,0.329477,0.184829,0.198683,0.378622,0.251423,0.391066,0.267233,0.710328,0.643089,0.111864,0.159422,-0.201755,-0.231404,-0.264401,-0.078733,-0.071281,-0.137877,-0.013012,0.009334,-0.093950,-0.057951,0.314152,-0.215351,0.422767,0.372633,0.555833,0.302486,0.190705,0.215001,0.088691,0.224260,0.525136,0.929526,0.860698,0.811519,0.576390,0.580474,0.783076,0.881012,0.416942,0.167516,0.436203,0.535726
0.085173,-0.052980,-0.158189,-0.196781,-0.045932,-0.390134,-0.126470,0.007303,-0.138647,-0.477590,0.245217,0.155914,0.289616,0.057640,0.202199,0.187453,0.382392,-0.013671,0.015780,0.080569,-0.005910,-0.372929,0.016986,0.006672,0.329159,0.078448,0.142880,-0.079275,0.451501,0.223937,0.025001,0.096591,-0.021421,0.013425,0.061244,-0.089966,-0.061722,-0.369900,0.011628,0.013200,0.000000,0.480564,0.215558,0.259589,-0.026070,0.118531,0.123548,0.061771,-0.012052,-0.037621,-0.014918,-0.060155,0.017875,-0.356862,0.333592,0.030947,-0.055427,-0.242673,-0.035328,-0.045629,0.043077,-0.105775,0.098803,0.300673,-0.052822,-0.030359,-0.053749,0.055493,-0.135863,-0.072405,-0.363701,-0.285856,0.050469,0.216355,0.162313,0.371778,-0.154536,-0.195442,0.310016,0.092512,0.011200,-0.005861,0.105005,0.250625,-0.058821,-0.152074,-0.436778,0.299346,0.099746,0.001573
-0.126149,-0.080550,-0.126672,-0.053693,-0.129794,0.031142,-0.167966,-0.065639,-0.004382,0.045652,0.040707,0.007943,0.147576,0.042446,0.135830,0.137717,0.306542,0.399198,-0.214300,-0.210785,0.058150,-0.082064,-0.172074,-0.227387,0.090618,0.242569,-0.092926,-0.055005,0.514172,0.522507,0.255106,0.243312,-0.205047,-0.032221,-0.033219,0.020942,0.234291,0.283950,0.260466,0.531053,0.480564,0.000000,0.092692,0.177296,0.067948,0.090808,0.059637,0.128147,0.049709,0.086251,0.072407,0.082105,0.067303,-0.215368,0.363135,0.212300,-0.077213,-0.137768,-0.250087,-0.226953,-0.187476,-0.067777,-0.011121,0.132583,-0.051968,-0.028135,-0.235477,-0.142151,-0.204147,-0.318100,-0.054145,-0.042654,0.443823,0.467189,0.271709,0.297423,-0.331406,-0.158839,0.621306,0.280540,0.378251,0.434699,0.250064,0.234270,0.218454,0.453664,-0.104101,0.199722,0.081347,0.114523
0.484839,0.323119,0.588542,0.617973,0.556918,0.349108,0.550813,0.410379,0.622738,0.385735,0.152119,0.064133,0.134035,0.153451,0.554620,0.484757,0.151397,0.002156,0.550692,0.577743,0.688699,0.510105,0.394437,0.540421,0.707725,0.702019,0.646735,0.649979,0.226360,0.104124,0.070198,0.098540,0.365978,0.280026,0.669020,0.628858,0.480220,0.271159,0.599626,0.375150,0.215558,0.092692,0.000000,1.487149,1.020068,0.916882,1.253042,0.857688,0.590101,0.529590,0.772098,0.307878,0.599861,0.432909,0.524895,0.485659,0.245654,0.226344,0.301558,0.287478,0.349826,0.197757,0.174088,-0.018481,0.557801,0.566207,0.752507,0.749698,0.595040,0.232051,-0.006979,-0.034819,0.231219,0.024232,0.335934,0.257012,0.530838,0.337111,0.156835,0.485280,0.474573,0.135806,0.633331,0.672455,0.483191,0.056668,0.159056,0.016031,0.564719,0.471076
0.366164,0.315074,0.410410,0.557759,0.443528,0.220371,0.408694,0.390122,0.564774,0.351820,0.142681,0.195795,0.148012,0.206702,0.445723,0.526628,0.315793,0.195400,0.404411,0.423788,0.546693,0.375714,0.262972,0.424975,0.479748,0.509088,0.431945,0.455454,0.275999,0.176906,0.071550,0.118928,0.258448,0.231047,0.609873,0.550568,0.532995,0.313917,0.561605,0.411985,0.259589,0.177296,1.487149,0.000000,0.964837,1.116407,1.290049,0.994454,0.710868,0.726387,0.976933,0.556252,0.670086,0.444051,0.622593,0.632281,0.220499,0.231549,0.312829,0.310805,0.251503,0.203566,0.147040,0.058468,0.437204,0.618404,0.630269,0.790400,0.500338,0.123267,0.029519,-0.005403,0.190013,0.072134,0.281180,0.287373,0.395286,0.223732,0.225347,0.575919,0.571475,0.238808,0.536777,0.590183,0.527734,0.176251,0.045634,0.016005,0.472007,0.491997
0.408354,0.353479,0.523207,0.572075,0.383184,0.348426,0.544647,0.436791,0.464156,0.407890,-0.021189,-0.026009,-0.119279,0.039670,0.199741,0.195973,0.007243,0.038134,0.490969,0.508816,0.324443,0.358743,0.355982,0.481950,0.429297,0.543918,0.342569,0.356852,0.078794,0.020599,0.011756,0.011605,0.414257,0.315283,0.508282,0.592571,0.451593,0.340871,0.413379,0.164271,-0.026070,0.067948,1.020068,0.964837,0.000000,1.358487,0.812561,0.903161,1.079303,0.939680,0.887774,0.537465,0.473422,0.570419,0.258712,0.402915,0.344938,0.264702,0.557723,0.461595,0.568306,0.390640,0.397722,0.061035,0.653618,0.704403,0.998402,0.869020,0.402387,0.382668,-0.078128,-0.117623,0.267695,0.102567,0.396476,0.246306,0.419110,0.310514,0.080882,0.140188,0.363816,0.107153,0.397609,0.298960,0.383476,0.104033,0.155749,-0.218877,0.330002,0.334822
0.347927,0.307918,0.332690,0.463612,0.321351,0.151788,0.383447,0.488420,0.384285,0.310869,0.062102,0.182471,-0.071257,0.150345,0.197449,0.314735,0.157271,0.174835,0.391828,0.418877,0.289243,0.265171,0.271217,0.402974,0.375676,0.402214,0.270035,0.223601,0.200739,0.119385,0.046384,0.067245,0.380108,0.315560,0.372217,0.422303,0.426349,0.299197,0.415286,0.170249,0.118531,0.090808,0.916882,1.116407,1.358487,0.000000,0.854876,0.944594,1.244023,1.388615,1.063580,0.887453,0.559119,0.597972,0.338406,0.503581,0.302537,0.210588,0.623844,0.581456,0.441903,0.395356,0.360626,0.253817,0.436320,0.720900,0.811901,0.979491,0.331583,0.318871,-0.064068,-0.090576,0.155824,0.133731,0.246236,0.208625,0.304508,0.198861,0.182421,0.186518,0.429346,0.222138,0.381112,0.350549,0.350123,0.177411,0.016981,-0.124922,0.340704,0.422630
0.436475,0.360129,0.473694,0.551930,0.507161,0.317174,0.432808,0.374098,0.607158,0.414457,0.251614,0.188115,0.272888,0.294602,0.566684,0.593787,0.257999,0.127133,0.467944,0.508130,0.699118,0.559333,0.249186,0.416573,0.433176,0.496244,0.477828,0.543095,0.263707,0.205803,0.144312,0.184040,0.251411,0.183191,0.488270,0.591769,0.564029,0.371976,0.582876,0.462117,0.123548,0.059637,1.253042,1.290049,0.812561,0.854876,0.000000,1.130642,0.760390,0.634505,1.032468,0.488922,0.806768,0.558025,0.739822,0.675480,0.254610,0.273541,0.367634,0.323925,0.141548,0.070206,0.137338,-0.019030,0.271430,0.436204,0.550602,0.665028,0.617400,0.245197,0.087637,0.073592,0.235741,0.121205,0.245535,0.265641,0.433825,0.247219,0.147567,0.540334,0.611909,0.262627,0.561538,0.665510,0.594124,0.157672,0.205068,0.089945,0.510578,0.560337
0.399993,0.467622,0.419184,0.514880,0.415758,0.292169,0.414259,0.367315,0.500526,0.384597,0.178238,0.171237,0.147200,0.165356,0.432912,0.510590,0.329315,0.256569,0.463592,0.462196,0.435514,0.411206,0.237379,0.420913,0.378085,0.525998,0.359333,0.433117,0.402094,0.393225,0.349847,0.330655,0.311127,0.194259,0.505248,0.659885,0.507819,0.411244,0.450307,0.329477,0.061771,0.128147,0.857688,0.994454,0.903161,0.944594,1.130642,0.000000,0.793194,0.724805,0.939974,0.505026,0.603345,0.515317,0.460341,0.572235,0.303350,0.334463,0.354549,0.301803,0.170764,0.128875,0.295801,0.064745,0.365470,0.502446,0.616555,0.728697,0.508030,0.369889,0.041848,0.036188,0.317201,0.249402,0.321266,0.256216,0.258709,0.113910,0.312886,0.427333,0.696324,0.296841,0.577173,0.598519,0.559849,0.203510,0.021284,-0.002498,0.447378,0.500959
