0.000000,1.370643,0.360933,0.647437,0.398791,0.215384,0.400308,0.490172,0.183016,0.210282,0.632894,0.361464,0.467449,0.522055,0.347602,0.309180,0.786595,0.757467,0.736272,0.854017,0.446730,0.408996,0.289820,0.344707,0.309702,0.190234,0.381899,0.332438,0.367421,0.317710,0.248034,0.359666,0.490619,0.470175,0.292734,0.299213,0.282270,0.423424,0.404433,0.457562,0.389040,0.474588,0.204634,0.386077,0.498933,0.551242,0.439701,0.518290,0.490134,0.609606,0.588447,0.570317,0.543143,0.541947,0.403453,0.500971,1.381955,1.090984,0.802009,0.671876,0.447455,0.367289,0.502234,0.500831,0.181967,0.301204,0.582830,0.512338,0.634457,0.695770,0.424028,0.367181,0.455498,0.480114,0.246980,0.293161,0.470740,0.361072,0.437294,0.249447,0.799354,0.773822,0.531735,0.491956,0.522295,0.792901,0.399088,0.252495,0.311000,0.581376
1.370643,0.000000,0.397085,0.810216,0.414712,0.251014,0.392616,0.594018,0.250575,0.283676,0.632846,0.483210,0.483192,0.649515,0.356208,0.342991,0.675401,0.750925,0.729575,0.854080,0.454762,0.446294,0.392358,0.462078,0.383744,0.219993,0.389277,0.342607,0.303817,0.356393,0.264335,0.366647,0.514470,0.479765,0.377017,0.341592,0.283796,0.337295,0.372515,0.507781,0.369012,0.509168,0.199985,0.391811,0.499891,0.593710,0.480896,0.573941,0.486630,0.717782,0.586924,0.652508,0.538842,0.568220,0.407913,0.549866,1.106584,1.243493,0.822934,0.799840,0.494781,0.500284,0.486610,0.558329,0.287122,0.399760,0.625251,0.584710,0.673345,0.734218,0.421883,0.342872,0.430831,0.559590,0.332389,0.367312,0.409192,0.356401,0.460677,0.324342,0.808916,0.780755,0.520891,0.492657,0.612123,0.930135,0.486814,0.211623,0.331187,0.729253
0.360933,0.397085,0.000000,0.976268,0.557569,0.314338,1.162311,0.860856,0.348463,0.181054,0.338747,0.244303,0.311586,0.389906,0.338301,0.382174,0.274131,0.237200,0.440870,0.431022,0.318263,0.240278,0.918701,0.730945,0.537474,0.329136,0.493004,0.357317,0.016282,-0.013873,0.700749,0.468521,0.738108,0.620876,0.580714,0.561866,0.320059,0.106828,0.242237,0.324902,0.058882,0.131888,0.228034,0.207991,0.173213,0.277430,0.465782,0.493747,0.207305,0.284814,0.480210,0.395647,0.418509,0.206743,0.307147,0.343765,0.300325,0.312725,0.653672,0.398579,0.645113,0.363156,0.097454,0.253761,0.695944,0.649467,0.874755,0.669396,0.306836,0.296149,0.393548,0.341198,0.343401,0.165316,0.300060,0.562099,0.414714,0.379185,0.211318,0.006029,0.387404,0.390535,0.392467,0.379174,0.788073,0.356799,0.398051,0.260348,0.518673,0.490454
0.647437,0.810216,0.976268,0.000000,0.607551,0.353203,0.820300,1.123889,0.259300,0.189151,0.544675,0.360076,0.563986,0.589476,0.391325,0.438548,0.391242,0.386607,0.549894,0.631011,0.394890,0.390852,1.034687,1.182724,0.563824,0.333707,0.565440,0.439022,0.028755,0.042637,0.586090,0.635145,0.778603,0.742321,0.825155,0.805906,0.356462,0.197316,0.333591,0.442215,0.123347,0.263934,0.312559,0.343080,0.431957,0.507631,0.630363,0.720708,0.407158,0.582478,0.723948,0.661598,0.598357,0.419969,0.452398,0.523169,0.504838,0.596732,0.718110,0.609968,0.622719,0.452876,0.190299,0.280043,0.871855,1.007205,0.963273,0.891317,0.436690,0.476410,0.439004,0.379673,0.378532,0.265362,0.285502,0.536856,0.470280,0.412872,0.251646,0.111071,0.506508,0.444594,0.387886,0.413138,0.905932,0.538632,0.444797,0.307997,0.626143,0.799228
0.398791,0.414712,0.557569,0.607551,0.000000,0.990588,0.520172,0.435896,0.853599,0.615230,0.392857,0.281696,0.365166,0.312085,0.492760,0.635621,0.344200,0.318226,0.204837,0.333828,0.627708,0.330179,0.742223,0.732463,0.930402,0.923851,1.200049,1.058110,0.231943,0.129973,0.546221,0.416088,0.379136,0.372268,0.325134,0.279425,0.231913,0.162182,0.325810,0.437253,0.200982,0.330129,0.181013,0.277144,0.407402,0.487454,0.460603,0.354397,0.424427,0.461800,0.505381,0.394535,0.499360,0.298767,0.368240,0.395849,0.318514,0.356375,0.559464,0.510064,0.491473,0.360751,0.145753,0.179014,0.573358,0.463219,0.517570,0.467504,0.268222,0.390048,0.369984,0.269226,0.470231,0.084725,0.105807,0.340381,0.248986,0.236093,0.315562,0.008435,0.408935,0.301955,0.420091,0.460821,0.673597,0.357251,0.468756,0.320032,0.376682,0.482881
0.215384,0.251014,0.314338,0.353203,0.990588,0.000000,0.313536,0.196503,0.983233,1.120686,0.196287,0.209154,0.101162,0.239945,0.271405,0.566711,0.213718,0.275914,0.110582,0.197110,0.472034,-0.023132,0.428300,0.463056,0.926511,1.526954,1.133854,1.234629,0.207904,0.122575,0.348667,0.221156,0.188772,0.271535,0.050780,0.066929,-0.051161,0.103023,0.111595,0.228503,0.169988,0.283667,0.035557,0.154502,0.248635,0.356981,0.247975,0.156565,0.295499,0.289488,0.223615,0.178016,0.227560,0.088947,0.153504,0.284975,0.144960,0.201331,0.324338,0.373971,0.284843,0.350947,0.183317,0.210676,0.277183,0.216096,0.278452,0.254161,0.010881,0.230014,0.429505,0.233819,0.520156,-0.006112,0.069231,0.204321,0.080701,0.134088,0.118014,0.019729,0.230863,0.143408,0.278181,0.348115,0.354856,0.195087,0.278291,0.211186,0.048123,0.205111
0.400308,0.392616,1.162311,0.820300,0.520172,0.313536,0.000000,0.990480,0.364276,0.162343,0.472819,0.393055,0.448393,0.416742,0.522723,0.509713,0.304701,0.235956,0.573617,0.547375,0.405848,0.251663,0.698939,0.590205,0.447947,0.332356,0.377548,0.375696,0.239967,0.093031,0.735794,0.481879,0.776344,0.783750,0.348778,0.361049,0.160816,0.127870,0.098505,0.158557,0.129606,0.193011,0.261680,0.223469,0.192540,0.283638,0.375056,0.321842,0.247158,0.291120,0.362597,0.304503,0.321776,0.107436,0.147388,0.167869,0.249074,0.273326,0.661932,0.407049,0.940682,0.582763,0.249757,0.453463,0.603760,0.524809,0.678795,0.505479,0.272799,0.344283,0.508380,0.469888,0.448412,0.245306,0.386008,0.414638,0.366954,0.339791,0.202360,-0.003499,0.401652,0.313856,0.442375,0.366353,0.696530,0.399727,0.263471,0.236691,0.387042,0.365644
0.490172,0.594018,0.860856,1.123889,0.435896,0.196503,0.990480,0.000000,0.226031,0.037815,0.499145,0.519992,0.637858,0.528913,0.455239,0.510248,0.290481,0.344196,0.412165,0.488237,0.416659,0.494418,0.728834,0.826121,0.374037,0.171064,0.368484,0.319814,0.108186,0.099082,0.598053,0.629277,0.765382,0.812293,0.633927,0.634690,0.319443,0.221275,0.198726,0.309906,0.140177,0.199613,0.344239,0.369186,0.341643,0.421936,0.558786,0.553649,0.387968,0.528770,0.636997,0.541597,0.515562,0.337669,0.357277,0.416854,0.353944,0.457839,0.785896,0.675803,0.931147,0.756253,0.203621,0.449149,0.691068,0.815613,0.852563,0.789920,0.366885,0.401022,0.514052,0.479067,0.353818,0.337315,0.431750,0.455300,0.476082,0.419175,0.258309,0.056933,0.488153,0.379327,0.454923,0.397015,0.776877,0.551818,0.379914,0.223741,0.596819,0.755895
0.183016,0.250575,0.348463,0.259300,0.853599,0.983233,0.364276,0.226031,0.000000,1.032972,0.251686,0.411823,0.100667,0.207678,0.352947,0.570579,0.174896,0.228663,0.208603,0.254921,0.345716,-0.008471,0.277567,0.335022,0.608727,0.880796,0.578479,0.654576,0.264826,0.160788,0.217937,0.013863,0.100631,0.128757,-0.098129,-0.107821,-0.061185,0.033589,-0.020877,0.048996,0.084278,0.127894,-0.003820,0.055671,0.065753,0.220673,0.178008,0.021122,0.206977,0.174451,0.129485,0.093966,0.236795,0.029056,0.053381,0.111406,0.095499,0.121931,0.370503,0.379878,0.308882,0.331816,0.246251,0.299978,0.142985,0.053606,0.174674,0.137675,-0.034408,0.144647,0.295984,0.148244,0.553860,0.076821,0.254297,0.208816,0.153727,0.131027,0.161357,0.065976,0.186208,0.125994,0.256054,0.326507,0.322399,0.128293,0.158557,0.084076,0.014936,0.173340
0.210282,0.283676,0.181054,0.189151,0.615230,1.120686,0.162343,0.037815,1.032972,0.000000,0.120520,0.193192,-0.060472,0.248856,0.108788,0.392773,0.152578,0.229724,0.128073,0.182586,0.242153,-0.201030,0.255414,0.295760,0.763542,1.011365,0.575598,0.627585,0.192176,0.096224,0.066520,-0.015431,0.025124,0.070862,-0.043949,-0.041730,-0.018848,0.138073,0.135826,0.176942,0.235616,0.277737,-0.061667,0.087789,0.090862,0.184608,0.081824,0.053831,0.104582,0.150938,0.075511,0.113317,0.059022,0.101579,0.082324,0.212773,0.151555,0.181960,0.271366,0.318960,0.139860,0.234160,0.204784,0.173180,0.131208,0.106695,0.188905,0.176052,0.001823,0.149526,0.303260,0.056031,0.497887,0.063112,0.168045,0.170767,0.033317,0.062726,0.128898,0.146749,0.194223,0.154291,0.175437,0.155398,0.189681,0.233930,0.124305,-0.037639,-0.029076,0.145800
0.632894,0.632846,0.338747,0.544675,0.392857,0.196287,0.472819,0.499145,0.251686,0.120520,0.000000,0.749764,0.795988,0.766818,0.823884,0.633568,0.550912,0.608685,0.745186,0.765997,0.283976,0.262681,0.290602,0.360986,0.190711,0.139848,0.212546,0.177734,0.381407,0.496151,0.241613,0.186548,0.449745,0.431404,0.148857,0.119648,0.281993,0.255310,0.164907,0.270548,0.268408,0.355867,0.263937,0.269327,0.204108,0.287155,0.396742,0.383325,0.334823,0.309710,0.317636,0.233139,0.452593,0.212761,0.256555,0.150138,0.501338,0.490368,0.648183,0.574641,0.530647,0.445841,0.671284,0.548623,0.154864,0.187346,0.337711,0.296461,0.307261,0.499411,0.257998,0.200091,0.320968,0.213743,0.206182,0.307737,0.215632,0.098880,0.275834,0.370269,0.507855,0.334684,0.523501,0.647194,0.562838,0.397980,0.136371,0.191805,0.340454,0.362674
0.361464,0.483210,0.244303,0.360076,0.281696,0.209154,0.393055,0.519992,0.411823,0.193192,0.749764,0.000000,0.505876,0.714426,0.565408,0.538961,0.303621,0.460419,0.450609,0.473927,0.211487,0.200978,0.097522,0.216553,0.100912,0.168149,0.096827,0.117999,0.379490,0.465592,0.196553,0.057449,0.328487,0.317927,0.035985,-0.039205,0.143062,0.178853,0.021105,0.141030,0.167678,0.255223,0.142872,0.136581,0.060017,0.167316,0.222190,0.139336,0.218614,0.198331,0.100411,0.099180,0.206046,0.035470,0.051256,0.019527,0.224757,0.303601,0.542416,0.608197,0.588418,0.706986,0.524293,0.690075,0.089493,0.085199,0.159708,0.140083,0.111073,0.228311,0.279884,0.222665,0.417885,0.415652,0.343492,0.229741,0.179122,0.192366,0.257917,0.304908,0.332012,0.214711,0.419537,0.476355,0.375834,0.343170,0.038075,0.043345,0.169529,0.330621
0.467449,0.483192,0.311586,0.563986,0.365166,0.101162,0.448393,0.637858,0.100667,-0.060472,0.795988,0.505876,0.000000,0.665023,0.534589,0.456930,0.397326,0.358516,0.346587,0.420287,0.300906,0.433411,0.401431,0.490615,0.244661,0.113369,0.230507,0.184560,0.208858,0.217798,0.225930,0.287975,0.464452,0.419906,0.371954,0.345372,0.270726,0.192483,0.197713,0.229391,0.185521,0.225945,0.264313,0.273795,0.274434,0.303041,0.409812,0.415349,0.345454,0.433771,0.541855,0.427000,0.468469,0.261471,0.376246,0.280550,0.327905,0.326237,0.524981,0.463351,0.641570,0.376166,0.231457,0.296046,0.389088,0.428303,0.382620,0.394003,0.225601,0.329398,0.275066,0.209998,0.268943,0.245031,0.246957,0.203496,0.305975,0.241140,0.272796,0.168089,0.327083,0.257814,0.303841,0.417918,0.534041,0.388436,0.181201,0.266114,0.487349,0.509982
0.522055,0.649515,0.389906,0.589476,0.312085,0.239945,0.416742,0.528913,0.207678,0.248856,0.766818,0.714426,0.665023,0.000000,0.407113,0.448464,0.362128,0.397098,0.510691,0.507847,0.230294,0.213402,0.367223,0.418161,0.335868,0.228917,0.223604,0.165118,0.172349,0.281381,0.215342,0.215223,0.518348,0.417854,0.349264,0.307199,0.300412,0.207355,0.186220,0.305986,0.317386,0.376584,0.137722,0.213374,0.133214,0.195545,0.275115,0.370753,0.140028,0.280883,0.283760,0.287841,0.228766,0.194282,0.282213,0.280389,0.393130,0.456271,0.655759,0.661297,0.591519,0.518837,0.329259,0.459170,0.295816,0.369785,0.465418,0.452273,0.245535,0.325755,0.341601,0.218682,0.358491,0.391639,0.324165,0.383457,0.199358,0.161400,0.304576,0.379549,0.430957,0.416036,0.300594,0.444728,0.512526,0.583930,0.225547,0.306808,0.411984,0.521603
0.347602,0.356208,0.338301,0.391325,0.492760,0.271405,0.522723,0.455239,0.352947,0.108788,0.823884,0.565408,0.534589,0.407113,0.000000,0.885455,0.341523,0.402245,0.516406,0.488545,0.489179,0.464226,0.268270,0.270931,0.197002,0.239078,0.287130,0.330144,0.389495,0.419013,0.473871,0.266228,0.364769,0.422729,-0.020098,0.048396,0.230971,0.189767,0.061736,0.133857,0.322321,0.274707,0.324828,0.260355,0.231258,0.305518,0.351097,0.237984,0.397836,0.240138,0.219045,0.060204,0.456459,0.147028,0.261497,0.124371,0.243884,0.302644,0.522528,0.440495,0.567251,0.451433,0.549183,0.502784,0.173801,0.104657,0.259427,0.183378,0.227486,0.369685,0.193614,0.173705,0.251952,0.099611,0.151981,0.247711,0.042719,0.008319,0.182666,0.178290,0.383758,0.152456,0.578896,0.620522,0.624910,0.251373,0.127147,0.170486,0.316586,0.222979
0.309180,0.342991,0.382174,0.438548,0.635621,0.566711,0.509713,0.510248,0.570579,0.392773,0.633568,0.538961,0.456930,0.448464,0.885455,0.000000,0.309149,0.314318,0.318544,0.356053,0.510999,0.249937,0.407701,0.438019,0.463284,0.526097,0.484130,0.530547,0.297599,0.405645,0.329971,0.176343,0.348414,0.366702,0.053284,0.082228,0.145373,0.015924,0.027905,0.171688,0.220955,0.456527,0.311368,0.282311,0.278684,0.385645,0.449682,0.214325,0.455823,0.359651,0.357389,0.202126,0.462324,0.290566,0.311864,0.267394,0.270625,0.320795,0.535155,0.499483,0.565441,0.517216,0.451794,0.489493,0.296164,0.256380,0.263407,0.245533,0.202862,0.233619,0.223786,0.078442,0.260715,0.000580,0.136407,0.262329,0.015611,0.036429,0.179508,0.167553,0.426350,0.256274,0.618642,0.764192,0.622243,0.334598,0.339820,0.345044,0.414238,0.372606
0.786595,0.675401,0.274131,0.391242,0.344200,0.213718,0.304701,0.290481,0.174896,0.152578,0.550912,0.303621,0.397326,0.362128,0.341523,0.309149,0.000000,0.914902,0.585120,0.609415,0.328306,0.212180,0.143233,0.184502,0.262810,0.213362,0.288917,0.284293,0.790116,0.622926,0.107614,0.075513,0.437240,0.314770,0.168207,0.153650,0.240866,0.262828,0.312151,0.400736,0.155224,0.471400,0.387627,0.551459,0.506268,0.574192,0.600740,0.491491,0.513723,0.534637,0.434781,0.450935,0.457777,0.403505,0.397051,0.473493,0.820767,0.725662,0.528972,0.542537,0.250605,0.275051,0.621879,0.499973,0.050065,0.102814,0.426021,0.376802,0.613331,0.657478,0.170321,0.128829,0.294749,0.301811,0.235343,0.225419,0.403130,0.302240,0.724046,0.369849,1.000224,0.687031,0.894359,0.787898,0.464988,0.546639,0.479342,0.348497,0.258954,0.488201
0.757467,0.750925,0.237200,0.386607,0.318226,0.275914,0.235956,0.344196,0.228663,0.229724,0.608685,0.460419,0.358516,0.397098,0.402245,0.314318,0.914902,0.000000,0.684516,0.777187,0.237483,0.195666,0.136733,0.215007,0.173226,0.194981,0.324507,0.291573,0.650988,0.743357,0.114936,0.092042,0.377832,0.344558,0.129679,0.095069,0.199033,0.364571,0.263842,0.374148,0.313467,0.482527,0.293226,0.422326,0.394527,0.463235,0.447622,0.461472,0.498657,0.457037,0.342892,0.317600,0.380663,0.304882,0.258160,0.374876,0.696001,0.765874,0.489047,0.548824,0.274622,0.356155,0.788843,0.684016,0.020995,0.058552,0.322125,0.290445,0.415904,0.659177,0.298295,0.215295,0.438678,0.417522,0.286560,0.245816,0.264872,0.173593,0.555031,0.566559,0.903019,0.689543,0.764987,0.707920,0.472464,0.519365,0.313526,0.139973,0.107249,0.405971
0.736272,0.729575,0.440870,0.549894,0.204837,0.110582,0.573617,0.412165,0.208603,0.128073,0.745186,0.450609,0.346587,0.510691,0.516406,0.318544,0.585120,0.684516,0.000000,1.459799,0.175024,0.169499,0.205088,0.195666,0.144054,0.071842,0.075928,0.082949,0.366304,0.305855,0.235312,0.096116,0.550170,0.533698,0.058525,0.115384,0.156338,0.257878,0.082689,0.251632,0.176737,0.313237,0.268110,0.208345,0.110222,0.221972,0.305453,0.410639,0.251294,0.200683,0.184380,0.118585,0.277817,0.141468,0.146627,0.126891,0.501267,0.549568,0.672420,0.494602,0.478099,0.359134,0.701451,0.665731,0.088853,0.071009,0.433912,0.319007,0.421083,0.578012,0.229478,0.158856,0.349793,0.348855,0.326744,0.327360,0.182281,0.185897,0.244814,0.268043,0.512922,0.358151,0.409985,0.409711,0.542598,0.436933,0.089511,0.122521,0.228663,0.287982
0.854017,0.854080,0.431022,0.631011,0.333828,0.197110,0.547375,0.488237,0.254921,0.182586,0.765997,0.473927,0.420287,0.507847,0.488545,0.356053,0.609415,0.777187,1.459799,0.000000,0.236916,0.182193,0.328208,0.334047,0.260705,0.158184,0.206423,0.184654,0.336098,0.306488,0.246659,0.205437,0.541220,0.533314,0.149718,0.147661,0.115870,0.195365,0.079970,0.229020,0.149342,0.327270,0.254196,0.223118,0.212969,0.301091,0.359611,0.440818,0.344713,0.342104,0.347718,0.227152,0.362277,0.224140,0.181667,0.189129,0.573274,0.635889,0.743009,0.596809,0.545755,0.428071,0.601164,0.614790,0.192043,0.152397,0.457719,0.330078,0.466057,0.788920,0.391539,0.259721,0.443876,0.371179,0.351729,0.423546,0.291481,0.261119,0.284528,0.223898,0.505341,0.343720,0.400070,0.441249,0.568333,0.500304,0.164347,0.154835,0.292888,0.407675
0.446730,0.454762,0.318263,0.394890,0.627708,0.472034,0.405848,0.416659,0.345716,0.242153,0.283976,0.211487,0.300906,0.230294,0.489179,0.510999,0.328306,0.237483,0.175024,0.236916,0.000000,0.612097,0.379893,0.294948,0.492097,0.495249,0.695610,0.728653,0.282856,0.291130,0.555101,0.433682,0.304811,0.334976,0.117196,0.092726,0.147580,0.218564,0.303721,0.386809,0.403141,0.476591,0.068065,0.236446,0.318773,0.357093,0.224329,0.084557,0.273953,0.341053,0.301538,0.239479,0.310768,0.154151,0.215340,0.338099,0.442242,0.511925,0.440271,0.427141,0.495689,0.447901,0.159522,0.274160,0.253177,0.241948,0.376625,0.323013,0.414784,0.389089,0.445311,0.409184,0.283297,0.158784,0.100662,0.121290,0.177336,0.228911,0.359771,-0.071843,0.484752,0.306987,0.461883,0.411113,0.390199,0.403575,0.508551,0.240094,0.215983,0.307776
0.408996,0.446294,0.240278,0.390852,0.330179,-0.023132,0.251663,0.494418,-0.008471,-0.201030,0.262681,0.200978,0.433411,0.213402,0.464226,0.249937,0.212180,0.195666,0.169499,0.182193,0.612097,0.000000,0.251947,0.234297,0.174856,0.039820,0.322036,0.302874,0.085957,0.178967,0.468927,0.494726,0.310038,0.335241,0.241451,0.279316,0.425825,0.494112,0.441792,0.488881,0.374428,0.370258,0.246190,0.376057,0.419537,0.417667,0.303445,0.359714,0.390016,0.508121,0.449717,0.452599,0.485489,0.360686,0.415293,0.399128,0.411099,0.443887,0.407536,0.378190,0.339578,0.301421,0.033996,0.164179,0.178241,0.370539,0.356310,0.387207,0.438533,0.357981,0.283644,0.367040,0.179225,0.342100,0.046814,0.227986,0.129118,0.143886,0.238935,-0.037914,0.382218,0.328801,0.327078,0.260976,0.379286,0.395292,0.355232,0.206800,0.338198,0.432955
0.289820,0.392358,0.918701,1.034687,0.742223,0.428300,0.698939,0.728834,0.277567,0.255414,0.290602,0.097522,0.401431,0.367223,0.268270,0.407701,0.143233,0.136733,0.205088,0.328208,0.379893,0.251947,0.000000,1.516399,0.782670,0.485277,0.698193,0.495701,-0.114290,-0.091259,0.614120,0.612028,0.607328,0.567012,0.801001,0.735040,0.362667,0.044134,0.341052,0.370261,0.086011,0.176617,0.267682,0.271654,0.354500,0.384244,0.517150,0.556799,0.267911,0.454454,0.667731,0.541324,0.449401,0.278361,0.425033,0.452557,0.189112,0.247521,0.451856,0.363854,0.507240,0.288427,-0.140101,-0.028589,1.156459,1.035078,0.764941,0.704224,0.314873,0.309943,0.369685,0.282777,0.246804,0.018239,0.124730,0.494477,0.364007,0.339361,0.197720,-0.040455,0.248671,0.260554,0.185131,0.228226,0.749295,0.322174,0.408727,0.273039,0.676536,0.622098
0.344707,0.462078,0.730945,1.182724,0.732463,0.463056,0.590205,0.826121,0.335022,0.295760,0.360986,0.216553,0.490615,0.418161,0.270931,0.438019,0.184502,0.215007,0.195666,0.334047,0.294948,0.234297,1.516399,0.000000,0.630938,0.431053,0.655690,0.470016,-0.074156,-0.082679,0.475393,0.574728,0.572535,0.579111,0.836160,0.811599,0.319704,0.056091,0.295117,0.336366,0.009526,0.126837,0.249122,0.272744,0.357876,0.422520,0.551762,0.580957,0.325101,0.496819,0.677271,0.597137,0.500807,0.318703,0.405510,0.479530,0.220517,0.297572,0.459433,0.432658,0.453454,0.312822,-0.049100,0.017654,1.031503,1.132113,0.724273,0.727859,0.257172,0.300195,0.338234,0.249168,0.286427,0.039430,0.153930,0.470969,0.448165,0.376803,0.187751,0.009418,0.289006,0.268569,0.220216,0.265017,0.772115,0.324646,0.408785,0.278998,0.622068,0.736738
0.309702,0.383744,0.537474,0.563824,0.930402,0.926511,0.447947,0.374037,0.608727,0.763542,0.190711,0.100912,0.244661,0.335868,0.197002,0.463284,0.262810,0.173226,0.144054,0.260705,0.492097,0.174856,0.782670,0.630938,0.000000,1.307927,1.032421,0.974994,0.016706,-0.016079,0.435353,0.317951,0.375265,0.380121,0.427506,0.415591,0.250533,0.144472,0.380106,0.430631,0.232142,0.392703,0.145859,0.265705,0.380071,0.413147,0.388082,0.340992,0.307714,0.469997,0.559028,0.485036,0.322293,0.303060,0.455057,0.511266,0.233670,0.231334,0.497351,0.420671,0.396046,0.322400,-0.047129,0.037419,0.650958,0.612549,0.610547,0.603278,0.312921,0.325483,0.418838,0.237480,0.419827,0.072689,0.139268,0.358895,0.192049,0.251889,0.250850,-0.048108,0.277028,0.242456,0.214728,0.251531,0.519197,0.395839,0.458259,0.234688,0.436722,0.472468
0.190234,0.219993,0.329136,0.333707,0.923851,1.526954,0.332356,0.171064,0.880796,1.011365,0.139848,0.168149,0.113369,0.228917,0.239078,0.526097,0.213362,0.194981,0.071842,0.158184,0.495249,0.039820,0.485277,0.431053,1.307927,0.000000,1.095939,1.185509,0.195664,0.115146,0.377434,0.189565,0.190917,0.248566,0.097410,0.106547,0.018769,0.109665,0.222693,0.252215,0.238382,0.371047,0.046213,0.163952,0.285979,0.343532,0.228816,0.107568,0.298220,0.319091,0.306935,0.247644,0.215652,0.093832,0.246955,0.298480,0.127413,0.133055,0.308647,0.304407,0.278384,0.291825,0.060266,0.103018,0.358659,0.287964,0.292656,0.271427,0.091174,0.191648,0.390221,0.222914,0.501490,0.001656,0.060804,0.196697,0.077713,0.125410,0.169570,-0.005541,0.203268,0.133523,0.234703,0.276246,0.320449,0.175458,0.297180,0.183322,0.141543,0.198983
0.381899,0.389277,0.493004,0.565440,1.200049,1.133854,0.377548,0.368484,0.578479,0.575598,0.212546,0.096827,0.230507,0.223604,0.287130,0.484130,0.288917,0.324507,0.075928,0.206423,0.695610,0.322036,0.698193,0.655690,1.032421,1.095939,0.000000,1.687646,0.116503,0.101528,0.551574,0.510437,0.316079,0.374077,0.366346,0.328318,0.160672,0.194512,0.410278,0.493076,0.242361,0.378341,0.048348,0.207855,0.414074,0.454442,0.345885,0.301661,0.345833,0.437058,0.452719,0.378648,0.355942,0.235749,0.369554,0.489338,0.363158,0.380827,0.418028,0.425066,0.345724,0.320672,0.053761,0.108808,0.509285,0.505584,0.492071,0.468880,0.264849,0.357087,0.421745,0.350068,0.456528,0.089547,0.028743,0.296215,0.167441,0.180590,0.217080,-0.018295,0.361404,0.319283,0.343786,0.376938,0.510131,0.345070,0.546906,0.312606,0.260493,0.431033
0.332438,0.342607,0.357317,0.439022,1.058110,1.234629,0.375696,0.319814,0.654576,0.627585,0.177734,0.117999,0.184560,0.165118,0.330144,0.530547,0.284293,0.291573,0.082949,0.184654,0.728653,0.302874,0.495701,0.470016,0.974994,1.185509,1.687646,0.000000,0.199683,0.117546,0.517001,0.412527,0.242943,0.341910,0.198940,0.188985,0.020620,0.154344,0.262570,0.366485,0.191091,0.350484,0.066058,0.228776,0.407450,0.469032,0.335089,0.212490,0.362483,0.429857,0.372870,0.311376,0.309158,0.216989,0.311004,0.446061,0.285531,0.340547,0.394496,0.445442,0.348173,0.373578,0.115498,0.197259,0.383336,0.357829,0.418801,0.409379,0.231424,0.338955,0.427395,0.372506,0.467369,0.076544,0.074837,0.231452,0.076898,0.138823,0.211294,-0.072944,0.338360,0.252902,0.334730,0.379854,0.438799,0.311913,0.526760,0.314346,0.163103,0.359277
0.367421,0.303817,0.016282,0.028755,0.231943,0.207904,0.239967,0.108186,0.264826,0.192176,0.381407,0.379490,0.208858,0.172349,0.389495,0.297599,0.790116,0.650988,0.366304,0.336098,0.282856,0.085957,-0.114290,-0.074156,0.016706,0.195664,0.116503,0.199683,0.000000,0.907619,0.075282,-0.068806,0.166176,0.118092,-0.211909,-0.222130,-0.058747,0.225919,0.061844,0.075873,0.220441,0.356236,0.221131,0.324839,0.214212,0.267456,0.215073,0.049400,0.309172,0.211615,0.047457,0.106681,0.115587,0.020697,-0.030214,0.071579,0.393714,0.394870,0.232981,0.248920,0.162324,0.260033,0.686066,0.603313,-0.221532,-0.244192,0.051334,-0.018365,0.249437,0.300695,0.148048,0.166830,0.382277,0.250333,0.321529,-0.033398,0.196242,0.120927,0.644190,0.414401,0.686139,0.412119,0.852606,0.525876,0.144003,0.261981,0.210224,0.059952,-0.146950,0.032689
0.317710,0.356393,-0.013873,0.042637,0.129973,0.122575,0.093031,0.099082,0.160788,0.096224,0.496151,0.465592,0.217798,0.281381,0.419013,0.405645,0.622926,0.743357,0.305855,0.306488,0.291130,0.178967,-0.091259,-0.082679,-0.016079,0.115146,0.101528,0.117546,0.907619,0.000000,-0.001515,-0.123778,0.161926,0.076029,-0.199281,-0.254531,0.027440,0.176025,0.052259,0.063944,0.395808,0.480294,0.213165,0.337623,0.209851,0.263906,0.167465,0.073585,0.277171,0.240203,-0.001572,0.065585,0.079286,0.071013,-0.035469,0.082577,0.420758,0.446682,0.156700,0.274657,0.099447,0.324373,0.723989,0.616068,-0.250340,-0.237562,-0.061476,-0.077304,0.155286,0.236509,0.043199,0.034052,0.243365,0.206981,0.118306,-0.020781,0.012821,-0.122396,0.548865,0.755019,0.690868,0.503332,0.762038,0.771639,0.094593,0.282928,0.168098,0.119351,-0.150603,0.029298
0.248034,0.264335,0.700749,0.586090,0.546221,0.348667,0.735794,0.598053,0.217937,0.066520,0.241613,0.196553,0.225930,0.215342,0.473871,0.329971,0.107614,0.114936,0.235312,0.246659,0.555101,0.468927,0.614120,0.475393,0.435353,0.377434,0.551574,0.517001,0.075282,-0.001515,0.000000,1.172074,0.668569,0.751050,0.392048,0.406258,0.279567,0.314568,0.217109,0.362215,0.243282,0.207024,0.143253,0.164238,0.281221,0.338259,0.285083,0.303159,0.292347,0.311785,0.340288,0.274017,0.383775,0.109043,0.210539,0.213194,0.207764,0.292789,0.455055,0.365825,0.659309,0.583042,0.109063,0.300302,0.502906,0.518318,0.592998,0.522020,0.244873,0.346765,0.588931,0.719452,0.339491,0.236234,0.228614,0.355540,0.242961,0.314209,0.165867,-0.173921,0.260635,0.214508,0.225930,0.125680,0.639609,0.392473,0.268432,0.139116,0.210380,0.305449
0.359666,0.366647,0.468521,0.635145,0.416088,0.221156,0.481879,0.629277,0.013863,-0.015431,0.186548,0.057449,0.287975,0.215223,0.266228,0.176343,0.075513,0.092042,0.096116,0.205437,0.433682,0.494726,0.612028,0.574728,0.317951,0.189565,0.510437,0.412527,-0.068806,-0.123778,1.172074,0.000000,0.499631,0.613047,0.548712,0.548896,0.278218,0.342711,0.253964,0.370046,0.261709,0.164347,0.091975,0.187870,0.409616,0.371881,0.266954,0.399247,0.298895,0.410224,0.462133,0.417764,0.410560,0.251749,0.261957,0.318320,0.361832,0.432877,0.403325,0.354707,0.509916,0.493928,0.008225,0.162630,0.506877,0.644237,0.575892,0.546242,0.256804,0.399392,0.680610,0.806083,0.324426,0.299902,0.241197,0.369065,0.385613,0.418217,0.139091,-0.143237,0.242772,0.251446,0.125506,0.022165,0.500593,0.467969,0.309379,0.152832,0.220973,0.394727
0.490619,0.514470,0.738108,0.778603,0.379136,0.188772,0.776344,0.765382,0.100631,0.025124,0.449745,0.328487,0.464452,0.518348,0.364769,0.348414,0.437240,0.377832,0.550170,0.541220,0.304811,0.310038,0.607328,0.572535,0.375265,0.190917,0.316079,0.242943,0.166176,0.161926,0.668569,0.499631,0.000000,1.519405,0.656685,0.624807,0.316029,0.246037,0.177235,0.325832,0.156894,0.319250,0.268043,0.282612,0.303638,0.377990,0.427513,0.475995,0.290928,0.401988,0.416922,0.459708,0.338278,0.189068,0.223376,0.278647,0.410837,0.524879,0.701396,0.569980,0.751135,0.562527,0.310199,0.506785,0.549503,0.624293,0.886045,0.782086,0.420941,0.529677,0.384665,0.329974,0.263755,0.319275,0.268251,0.404030,0.469704,0.508927,0.224937,-0.014395,0.509973,0.437356,0.428381,0.421468,0.790697,0.661623,0.305384,0.254683,0.427627,0.575713
0.470175,0.479765,0.620876,0.742321,0.372268,0.271535,0.783750,0.812293,0.128757,0.070862,0.431404,0.317927,0.419906,0.417854,0.422729,0.366702,0.314770,0.344558,0.533698,0.533314,0.334976,0.335241,0.567012,0.579111,0.380121,0.248566,0.374077,0.341910,0.118092,0.076029,0.751050,0.613047,1.519405,0.000000,0.546306,0.614679,0.231087,0.291746,0.169032,0.279731,0.191967,0.281455,0.278452,0.278014,0.361329,0.417634,0.379483,0.408419,0.374156,0.421739,0.391954,0.390645,0.324796,0.171461,0.234382,0.268192,0.339486,0.463259,0.661803,0.560087,0.777554,0.654129,0.318646,0.535485,0.525364,0.619420,0.776402,0.712647,0.323734,0.532162,0.497910,0.432568,0.326062,0.322685,0.247880,0.372449,0.403848,0.503981,0.102718,-0.137009,0.412789,0.342315,0.351374,0.313091,0.762587,0.589347,0.198424,0.173694,0.365927,0.526031
0.292734,0.377017,0.580714,0.825155,0.325134,0.050780,0.348778,0.633927,-0.098129,-0.043949,0.148857,0.035985,0.371954,0.349264,-0.020098,0.053284,0.168207,0.129679,0.058525,0.149718,0.117196,0.241451,0.801001,0.836160,0.427506,0.097410,0.366346,0.198940,-0.211909,-0.199281,0.392048,0.548712,0.656685,0.546306,0.000000,1.326488,0.498053,0.123677,0.447158,0.494411,-0.019523,0.069716,0.150204,0.205551,0.334551,0.290034,0.410498,0.522857,0.141999,0.397866,0.588435,0.625171,0.317373,0.321678,0.380532,0.457858,0.272569,0.339199,0.376281,0.313562,0.357987,0.206502,-0.177751,-0.082572,1.072827,1.286476,0.866419,0.871126,0.322675,0.198739,0.274241,0.293234,0.075036,0.227409,0.188157,0.491954,0.541187,0.473603,0.245083,0.000378,0.305163,0.355045,0.144303,0.139947,0.571343,0.456009,0.446390,0.198833,0.553699,0.717278
0.299213,0.341592,0.561866,0.805906,0.279425,0.066929,0.361049,0.634690,-0.107821,-0.041730,0.119648,-0.039205,0.345372,0.307199,0.048396,0.082228,0.153650,0.095069,0.115384,0.147661,0.092726,0.279316,0.735040,0.811599,0.415591,0.106547,0.328318,0.188985,-0.222130,-0.254531,0.406258,0.548896,0.624807,0.614679,1.326488,0.000000,0.512957,0.211091,0.433254,0.475319,-0.012152,0.076437,0.288226,0.319631,0.433781,0.408223,0.462764,0.647496,0.277623,0.437073,0.602442,0.578892,0.379359,0.413172,0.533829,0.602631,0.228753,0.262680,0.374836,0.292947,0.310981,0.193082,-0.196700,-0.103368,0.901605,1.187006,0.907232,0.975412,0.245300,0.161045,0.216690,0.200844,0.115870,0.153817,0.188500,0.395361,0.527925,0.531022,0.149295,-0.037701,0.260431,0.358873,0.143729,0.128005,0.645442,0.425235,0.396969,0.263943,0.607701,0.704276
0.282270,0.283796,0.320059,0.356462,0.231913,-0.051161,0.160816,0.319443,-0.061185,-0.018848,0.281993,0.143062,0.270726,0.300412,0.230971,0.145373,0.240866,0.199033,0.156338,0.115870,0.147580,0.425825,0.362667,0.319704,0.250533,0.018769,0.160672,0.020620,-0.058747,0.027440,0.279567,0.278218,0.316029,0.231087,0.498053,0.512957,0.000000,0.605441,0.834290,0.798052,0.416759,0.378143,0.295865,0.360613,0.266998,0.269576,0.369554,0.546068,0.207612,0.340377,0.460823,0.437883,0.457628,0.432170,0.653065,0.474674,0.292211,0.202293,0.381059,0.332339,0.274989,0.164989,-0.008256,-0.070528,0.392841,0.526691,0.461216,0.522623,0.329912,0.192372,0.053789,0.074304,-0.009949,0.220117,-0.024744,0.320643,0.219847,0.208918,0.226160,0.188857,0.323697,0.372371,0.287350,0.178005,0.520200,0.418692,0.284957,0.184373,0.631519,0.566047
0.423424,0.337295,0.106828,0.197316,0.162182,0.103023,0.127870,0.221275,0.033589,0.138073,0.255310,0.178853,0.192483,0.207355,0.189767,0.015924,0.262828,0.364571,0.257878,0.195365,0.218564,0.494112,0.044134,0.056091,0.144472,0.109665,0.194512,0.154344,0.225919,0.176025,0.314568,0.342711,0.246037,0.291746,0.123677,0.211091,0.605441,0.000000,0.704619,0.695328,0.676422,0.459730,0.074479,0.292857,0.212890,0.250249,0.088423,0.351597,0.201341,0.276188,0.205366,0.249481,0.256562,0.253063,0.310755,0.333986,0.395317,0.372501,0.350644,0.341316,0.230174,0.308077,0.176302,0.246554,0.042267,0.210841,0.316485,0.343952,0.174807,0.314009,0.358593,0.392443,0.394598,0.478405,0.174913,0.192258,0.225534,0.199868,0.237609,0.169155,0.378521,0.373748,0.239228,-0.012611,0.226557,0.488441,0.030773,-0.109479,0.065000,0.238037
0.404433,0.372515,0.242237,0.333591,0.325810,0.111595,0.098505,0.198726,-0.020877,0.135826,0.164907,0.021105,0.197713,0.186220,0.061736,0.027905,0.312151,0.263842,0.082689,0.079970,0.303721,0.441792,0.341052,0.295117,0.380106,0.222693,0.410278,0.262570,0.061844,0.052259,0.217109,0.253964,0.177235,0.169032,0.447158,0.433254,0.834290,0.704619,0.000000,1.043019,0.473931,0.399775,0.130795,0.313335,0.382197,0.302250,0.241012,0.358158,0.193340,0.337821,0.423593,0.433349,0.352419,0.410822,0.719319,0.587875,0.446876,0.324349,0.314733,0.252172,0.154234,0.069834,-0.076552,-0.115882,0.383832,0.510979,0.434066,0.445972,0.399980,0.266268,0.161624,0.138187,0.157026,0.327058,-0.048129,0.225094,0.220730,0.139458,0.319386,0.180383,0.394405,0.488601,0.280350,0.044712,0.370682,0.462270,0.271870,0.008764,0.471497,0.476439
0.457562,0.507781,0.324902,0.442215,0.437253,0.228503,0.158557,0.309906,0.048996,0.176942,0.270548,0.141030,0.229391,0.305986,0.133857,0.171688,0.400736,0.374148,0.251632,0.229020,0.386809,0.488881,0.370261,0.336366,0.430631,0.252215,0.493076,0.366485,0.075873,0.063944,0.362215,0.370046,0.325832,0.279731,0.494411,0.475319,0.798052,0.695328,1.043019,0.000000,0.363674,0.533157,0.164207,0.317833,0.360471,0.365697,0.385342,0.575027,0.286695,0.445504,0.469064,0.490002,0.477439,0.537186,0.643698,0.648424,0.501455,0.525356,0.480300,0.466933,0.322924,0.282678,0.061761,0.067178,0.406810,0.552427,0.558360,0.616227,0.582415,0.456513,0.208786,0.180342,0.116004,0.309092,0.069410,0.334875,0.164590,0.232364,0.366246,0.123944,0.543453,0.508720,0.403127,0.193176,0.535592,0.637417,0.477978,0.139214,0.466722,0.676724
0.389040,0.369012,0.058882,0.123347,0.200982,0.169988,0.129606,0.140177,0.084278,0.235616,0.268408,0.167678,0.185521,0.317386,0.322321,0.220955,0.155224,0.313467,0.176737,0.149342,0.403141,0.374428,0.086011,0.009526,0.232142,0.238382,0.242361,0.191091,0.220441,0.395808,0.243282,0.261709,0.156894,0.191967,-0.019523,-0.012152,0.416759,0.676422,0.473931,0.363674,0.000000,0.677586,0.005907,0.195110,0.244959,0.199192,-0.075134,0.042351,0.176619,0.209024,0.169340,0.153546,0.165303,0.182050,0.193759,0.174254,0.455271,0.388861,0.237118,0.213499,0.247065,0.288512,0.247051,0.289489,-0.005353,0.074180,0.130770,0.114662,0.166261,0.240638,0.358185,0.304364,0.401217,0.395131,0.022062,-0.006656,-0.011629,-0.060187,0.105157,0.329098,0.366965,0.428549,0.286780,0.137925,0.161687,0.445098,0.045565,-0.089223,0.033390,0.053506
0.474588,0.509168,0.131888,0.263934,0.330129,0.283667,0.193011,0.199613,0.127894,0.277737,0.355867,0.255223,0.225945,0.376584,0.274707,0.456527,0.471400,0.482527,0.313237,0.327270,0.476591,0.370258,0.176617,0.126837,0.392703,0.371047,0.378341,0.350484,0.356236,0.480294,0.207024,0.164347,0.319250,0.281455,0.069716,0.076437,0.378143,0.459730,0.399775,0.533157,0.677586,0.000000,0.166852,0.305395,0.371932,0.334111,0.167808,0.199984,0.317401,0.364814,0.242058,0.258972,0.192182,0.309701,0.278342,0.347916,0.575095,0.528429,0.337770,0.360779,0.285788,0.321281,0.418968,0.415459,0.032780,0.158470,0.203796,0.220660,0.387149,0.315271,0.228075,0.137508,0.299840,0.343979,0.104371,0.168797,-0.017087,0.059808,0.286981,0.253266,0.630667,0.549506,0.537949,0.421973,0.336411,0.562338,0.362791,0.236256,0.224612,0.332365
0.204634,0.199985,0.228034,0.312559,0.181013,0.035557,0.261680,0.344239,-0.003820,-0.061667,0.263937,0.142872,0.264313,0.137722,0.324828,0.311368,0.387627,0.293226,0.268110,0.254196,0.068065,0.246190,0.267682,0.249122,0.145859,0.046213,0.048348,0.066058,0.221131,0.213165,0.143253,0.091975,0.268043,0.278452,0.150204,0.288226,0.295865,0.074479,0.130795,0.164207,0.005907,0.166852,0.000000,1.407069,0.719388,0.769682,1.073740,0.763445,0.717222,0.674827,0.469692,0.443263,0.493614,0.456826,0.468563,0.501658,0.076741,0.079978,0.208825,0.223823,0.096981,0.150824,0.200260,0.107514,0.192101,0.216067,0.318227,0.373933,0.268460,0.197288,0.101824,0.054065,0.060954,-0.012543,0.163642,0.240056,0.213542,0.203440,0.300742,0.073575,0.334397,0.178008,0.439711,0.394060,0.345159,0.078116,0.198512,0.229817,0.420231,0.327812
0.386077,0.391811,0.207991,0.343080,0.277144,0.154502,0.223469,0.369186,0.055671,0.087789,0.269327,0.136581,0.273795,0.213374,0.260355,0.282311,0.551459,0.422326,0.208345,0.223118,0.236446,0.376057,0.271654,0.272744,0.265705,0.163952,0.207855,0.228776,0.324839,0.337623,0.164238,0.187870,0.282612,0.278014,0.205551,0.319631,0.360613,0.292857,0.313335,0.317833,0.195110,0.305395,1.407069,0.000000,0.930419,1.049803,1.054317,0.806715,0.801915,0.934666,0.572171,0.656464,0.558906,0.633520,0.555724,0.771529,0.291410,0.301001,0.278561,0.355315,0.096511,0.232210,0.180217,0.144779,0.183578,0.274917,0.421956,0.497221,0.375757,0.340136,0.251297,0.208434,0.180751,0.111963,0.189425,0.274503,0.331693,0.257999,0.460113,0.168315,0.540788,0.410601,0.541223,0.457697,0.302143,0.285688,0.360046,0.266535,0.354040,0.424508
0.498933,0.499891,0.173213,0.431957,0.407402,0.248635,0.192540,0.341643,0.065753,0.090862,0.204108,0.060017,0.274434,0.133214,0.231258,0.278684,0.506268,0.394527,0.110222,0.212969,0.318773,0.419537,0.354500,0.357876,0.380071,0.285979,0.414074,0.407450,0.214212,0.209851,0.281221,0.409616,0.303638,0.361329,0.334551,0.433781,0.266998,0.212890,0.382197,0.360471,0.244959,0.371932,0.719388,0.930419,0.000000,1.517469,0.792735,0.575913,1.247956,1.183360,0.782528,0.860679,0.672011,0.665956,0.652805,0.732963,0.473681,0.437571,0.231938,0.318780,0.145490,0.235364,0.158165,0.126752,0.317802,0.406023,0.399910,0.486461,0.391125,0.413512,0.365382,0.321141,0.276370,0.223373,0.041827,0.198657,0.387772,0.371967,0.355066,0.066594,0.526777,0.587062,0.446286,0.379739,0.461794,0.429559,0.468132,0.316236,0.288846,0.469312
0.551242,0.593710,0.277430,0.507631,0.487454,0.356981,0.283638,0.421936,0.220673,0.184608,0.287155,0.167316,0.303041,0.195545,0.305518,0.385645,0.574192,0.463235,0.221972,0.301091,0.357093,0.417667,0.384244,0.422520,0.413147,0.343532,0.454442,0.469032,0.267456,0.263906,0.338259,0.371881,0.377990,0.417634,0.290034,0.408223,0.269576,0.250249,0.302250,0.365697,0.199192,0.334111,0.769682,1.049803,1.517469,0.000000,1.033173,0.750633,1.485653,1.508678,0.793139,0.895057,0.818398,0.716431,0.630610,0.800251,0.469019,0.486563,0.381030,0.491395,0.217137,0.336402,0.232330,0.232300,0.302912,0.412332,0.502174,0.612549,0.396526,0.464245,0.355883,0.326917,0.289789,0.194338,0.105588,0.202443,0.406375,0.369153,0.376677,0.087866,0.572708,0.604324,0.527295,0.496109,0.554332,0.458684,0.542791,0.366704,0.272179,0.526192
0.439701,0.480896,0.465782,0.630363,0.460603,0.247975,0.375056,0.558786,0.178008,0.081824,0.396742,0.222190,0.409812,0.275115,0.351097,0.449682,0.600740,0.447622,0.305453,0.359611,0.224329,0.303445,0.517150,0.551762,0.388082,0.228816,0.345885,0.335089,0.215073,0.167465,0.285083,0.266954,0.427513,0.379483,0.410498,0.462764,0.369554,0.088423,0.241012,0.385342,-0.075134,0.167808,1.073740,1.054317,0.792735,1.033173,0.000000,1.151536,0.890370,1.015728,0.854667,0.803912,0.885502,0.721421,0.745166,0.862156,0.320567,0.366809,0.552481,0.572792,0.280662,0.276474,0.201295,0.183924,0.435218,0.505973,0.652939,0.731708,0.491003,0.427845,0.187092,0.142690,0.126818,0.054520,0.223847,0.338205,0.387063,0.363453,0.440802,0.060476,0.513511,0.388966,0.561317,0.603161,0.691330,0.320443,0.600364,0.462307,0.628924,0.739759
0.518290,0.573941,0.493747,0.720708,0.354397,0.156565,0.321842,0.553649,0.021122,0.053831,0.383325,0.139336,0.415349,0.370753,0.237984,0.214325,0.491491,0.461472,0.410639,0.440818,0.084557,0.359714,0.556799,0.580957,0.340992,0.107568,0.301661,0.212490,0.049400,0.073585,0.303159,0.399247,0.475995,0.408419,0.522857,0.647496,0.546068,0.351597,0.358158,0.575027,0.042351,0.199984,0.763445,0.806715,0.575913,0.750633,1.151536,0.000000,0.593120,0.811460,0.748373,0.703070,0.716493,0.720493,0.685364,0.841461,0.390145,0.448047,0.584335,0.585722,0.277335,0.261780,0.173353,0.129370,0.439110,0.594260,0.789905,0.901286,0.409530,0.477247,0.170800,0.111059,0.109161,0.116657,0.192717,0.440960,0.319890,0.300484,0.341828,0.206831,0.475409,0.403235,0.385317,0.390989,0.673736,0.440368,0.441204,0.366954,0.594618,0.760899
0.490134,0.486630,0.207305,0.407158,0.424427,0.295499,0.247158,0.387968,0.206977,0.104582,0.334823,0.218614,0.345454,0.140028,0.397836,0.455823,0.513723,0.498657,0.251294,0.344713,0.273953,0.390016,0.267911,0.325101,0.307714,0.298220,0.345833,0.362483,0.309172,0.277171,0.292347,0.298895,0.290928,0.374156,0.141999,0.277623,0.207612,0.201341,0.193340,0.286695,0.176619,0.317401,0.717222,0.801915,1.247956,1.485653,0.890370,0.593120,0.000000,1.271060,0.886559,0.787016,0.941132,0.679169,0.601468,0.596968,0.403501,0.407407,0.342553,0.411621,0.214257,0.280464,0.297832,0.276442,0.204583,0.280490,0.329344,0.400884,0.367216,0.487122,0.330376,0.265909,0.269086,0.151429,0.064163,0.140664,0.310772,0.297452,0.294727,0.043007,0.498205,0.465113,0.523239,0.486321,0.530177,0.326814,0.394899,0.292726,0.250603,0.420984
