0.000000,1.148684,0.853566,0.875681,0.981677,0.646482,1.061521,0.948636,0.943711,0.644582,0.912983,0.779792,0.869390,0.679667,1.071652,0.817410,0.711243,0.793636,0.923243,0.837100,0.361304,0.395439,0.521607,0.610869,0.371646,0.596132,0.362478,0.568633,0.571202,0.464010,0.384766,0.440002,1.089532,0.871655,0.535356,0.556428,0.748515,0.766856,0.303108,0.479987,0.382135,0.204480,0.893933,0.826337,0.754667,0.778039,0.918962,0.840131,0.775373,0.652338,0.840242,0.668127,0.828295,0.699140,0.946880,0.843460,1.136775,1.021992,0.999939,0.886552,1.084763,0.783365,0.705297,0.769988,0.528286,0.650165,0.921002,0.732300,0.814407,0.826586,0.062571,0.083291,0.770953,0.696382,0.709827,0.709641,0.813931,0.826325,0.369399,0.331660,0.475957,0.607325,0.724845,0.359804,0.868316,0.562051,0.758955,0.627223,1.040904,0.867426
1.148684,0.000000,0.777736,0.943027,0.762980,0.809095,0.807249,1.037024,0.547754,0.591653,0.648850,0.760197,0.547398,0.764706,0.759663,0.790785,0.671507,0.901389,0.898209,1.179305,0.420586,0.514756,0.689514,0.850404,0.377146,0.644796,0.431183,0.629753,0.624630,0.604507,0.644188,0.697467,1.047930,1.059788,0.666452,0.618468,0.777641,0.625979,0.240383,0.434427,0.336172,0.124921,0.891808,0.897102,0.963119,1.044109,1.020405,0.899533,0.985509,0.879881,0.797422,0.695216,0.781123,0.767077,0.902242,0.943522,1.424512,1.507580,0.803342,0.806088,0.637731,0.659612,0.699859,0.773037,0.249964,0.564742,0.792169,0.773728,1.085263,0.820726,0.025706,0.092708,0.765082,0.908387,0.656304,0.757334,0.803317,0.793949,0.326240,0.312995,0.587098,0.690953,0.629458,0.391679,0.750850,0.520023,0.696692,0.671704,0.743458,0.780844
0.853566,0.777736,0.000000,0.815771,0.809692,0.515462,1.239661,0.679964,0.583792,0.433884,0.526828,0.233518,0.386181,0.273870,0.727831,0.480645,0.345650,0.487285,0.921552,0.736537,0.202539,0.328097,1.221896,0.890117,0.560832,0.408086,0.358977,0.483785,0.227961,0.154558,0.363079,0.422797,0.711268,0.637343,0.584109,0.515657,0.489778,0.476338,0.318670,0.387220,0.395871,0.225539,0.592602,0.516794,0.449665,0.472037,0.667285,0.616177,0.496133,0.459736,0.568282,0.347181,0.634322,0.607464,0.753635,0.763246,0.892558,0.858640,0.615615,0.616267,0.575599,0.461657,0.306949,0.319574,0.423089,0.408051,0.688502,0.459738,0.715401,0.777782,0.140988,0.170130,0.570423,0.551413,0.494639,0.531458,0.583852,0.547959,0.056070,0.224529,0.235147,0.343712,0.559325,0.235460,0.656083,0.318533,0.838838,0.501278,0.745395,0.761142
0.875681,0.943027,0.815771,0.000000,0.942051,0.985133,0.830814,1.512049,0.805656,0.925324,0.366508,0.614682,0.568719,0.653434,0.774735,1.001242,0.292877,0.584460,0.658858,1.136695,0.203030,0.370743,0.670451,1.224332,0.330085,0.778550,0.331348,0.722021,0.346696,0.395909,0.391109,0.652723,0.953207,1.057948,0.562383,0.903165,0.706136,0.751928,0.306603,0.380452,0.461230,0.191016,0.799161,0.810376,0.653937,0.787791,0.895304,0.825781,0.654787,0.615650,0.835458,0.725372,0.870943,0.726075,0.930200,0.893785,0.974988,0.728493,0.934878,0.988870,0.799855,1.047514,0.509424,0.793094,0.247233,0.696341,1.015327,1.028292,0.871593,0.948894,0.003713,0.059690,0.465804,0.563954,0.458100,0.746071,0.579437,0.760702,0.169004,0.242091,0.500716,0.587712,0.609308,0.421512,0.740238,0.739822,0.624348,0.470557,0.983458,1.100715
0.981677,0.762980,0.809692,0.942051,0.000000,0.801938,1.114579,1.051849,1.237543,0.753980,0.488911,0.519081,0.613547,0.522751,1.127600,0.818499,0.601543,0.668739,0.827990,0.810501,0.184741,0.274973,0.709902,0.753068,0.439519,0.820435,0.318972,0.533248,0.492747,0.420950,0.310785,0.427494,0.952753,0.899907,0.472479,0.670925,0.738229,0.871565,0.289562,0.314736,0.544149,0.287500,0.817627,0.721484,0.581559,0.742480,0.923544,0.865372,0.673892,0.604261,0.828562,0.590118,0.756639,0.746711,0.962247,0.800979,0.915994,0.784365,0.952430,1.115385,0.804299,0.913940,0.476678,0.684706,0.375596,0.602024,1.078113,0.868403,0.858392,1.047804,-0.064106,-0.066150,0.633434,0.558912,0.562318,0.672395,0.654431,0.757135,0.307512,0.427157,0.557043,0.763472,0.771196,0.472561,0.911410,0.710030,0.777221,0.473228,0.902305,0.855886
0.646482,0.809095,0.515462,0.985133,0.801938,0.000000,0.568680,0.965153,0.698324,1.093470,0.298509,0.506270,0.435908,0.653025,0.723336,0.940928,0.287668,0.676947,0.633115,0.868689,0.190437,0.298251,0.518854,0.786071,0.250609,0.735371,0.357200,0.613881,0.428068,0.517856,0.361781,0.534401,0.695320,0.820026,0.450913,0.690022,0.629257,0.501104,0.243961,0.328622,0.333646,0.053126,0.769695,0.697082,0.479484,0.724311,0.784987,0.895131,0.588468,0.498203,0.594099,0.513957,0.694466,0.640301,0.702286,0.770234,0.740691,0.664394,0.675466,0.841050,0.532659,0.872669,0.551408,0.783965,0.069377,0.509869,0.699529,0.853168,0.837851,0.836124,-0.261439,-0.113493,0.347674,0.521635,0.369565,0.636348,0.494487,0.497384,0.193222,0.307259,0.583518,0.660108,0.620380,0.440136,0.588233,0.622162,0.465491,0.454203,0.728406,0.867720
1.061521,0.807249,1.239661,0.830814,1.114579,0.568680,0.000000,0.948234,0.988328,0.653505,0.743840,0.469667,0.826880,0.522651,0.956028,0.630988,0.571757,0.709543,0.850704,0.755673,0.265512,0.358492,0.829725,0.676861,0.402806,0.525033,0.197440,0.426457,0.453825,0.317042,0.390768,0.448558,1.050690,0.915023,0.528788,0.554427,0.646499,0.656654,0.334991,0.395592,0.441606,0.224066,0.686710,0.666017,0.573410,0.601277,0.739367,0.673720,0.583712,0.523909,0.723456,0.512101,0.762407,0.574280,0.844771,0.787265,1.014520,0.864314,0.773682,0.826350,0.954020,0.804111,0.551054,0.640765,0.576750,0.593076,0.986845,0.690023,0.677306,0.923296,0.203471,0.209099,0.727444,0.628837,0.558729,0.540787,0.769001,0.764200,0.166802,0.340745,0.412150,0.546901,0.697824,0.314634,0.889894,0.523508,0.810247,0.494138,0.921499,0.817575
0.948636,1.037024,0.679964,1.512049,1.051849,0.965153,0.948234,0.000000,0.876720,0.949050,0.490718,0.786048,0.730282,0.882080,0.811495,0.947097,0.516104,0.791899,0.680489,1.148220,0.309774,0.489336,0.621905,1.010904,0.314852,0.866505,0.269412,0.607465,0.590848,0.579578,0.523359,0.793610,1.166197,1.438069,0.586531,0.890618,0.798823,0.809599,0.394305,0.469109,0.500068,0.236277,0.902274,0.975719,0.854550,1.029504,0.932155,0.898210,0.791180,0.725126,0.876221,0.800239,0.875126,0.713761,1.036242,0.974923,1.099847,0.836718,0.879061,0.983461,0.880478,1.260275,0.681123,1.082700,0.321170,0.800405,1.106627,1.193624,0.822647,0.944900,0.036897,0.085918,0.651895,0.756710,0.585437,0.820564,0.735239,0.933576,0.239165,0.343424,0.660288,0.781446,0.701428,0.488440,0.884511,0.858812,0.694794,0.579062,0.966970,0.976740
0.943711,0.547754,0.583792,0.805656,1.237543,0.698324,0.988328,0.876720,0.000000,1.010124,0.457594,0.604121,0.906346,0.603792,1.058586,0.897193,0.476329,0.604383,0.576024,0.618202,0.194601,0.284763,0.353795,0.466655,0.306174,0.689898,0.163481,0.438606,0.441063,0.355402,0.132241,0.253988,0.818162,0.713193,0.349237,0.603161,0.636032,0.792695,0.347160,0.365523,0.436596,0.261080,0.686846,0.601627,0.400522,0.542826,0.703071,0.700624,0.458884,0.403067,0.730864,0.570393,0.757624,0.533937,0.798084,0.686274,0.710205,0.575189,0.980804,1.065084,1.117828,1.100435,0.515099,0.788942,0.505491,0.723320,1.059308,0.911169,0.667002,1.040038,0.011275,0.005223,0.544749,0.434079,0.511519,0.586344,0.601386,0.670662,0.242020,0.371651,0.532727,0.618045,0.690497,0.385686,0.850575,0.752718,0.601615,0.374007,1.040336,0.930568
0.644582,0.591653,0.433884,0.925324,0.753980,1.093470,0.653505,0.949050,1.010124,0.000000,0.321038,0.576328,0.701284,0.853229,0.825347,1.123035,0.267165,0.614028,0.560159,0.824456,0.176637,0.342665,0.361883,0.652236,0.194693,0.699926,0.149930,0.537565,0.400860,0.407850,0.227055,0.439199,0.726628,0.791429,0.420404,0.745388,0.593239,0.596677,0.376109,0.423386,0.307840,0.030665,0.719908,0.675642,0.421040,0.623029,0.753577,0.806005,0.526715,0.467008,0.736163,0.638958,1.001952,0.648651,0.782235,0.873269,0.674150,0.542971,0.738882,0.990179,0.686742,1.092639,0.497004,0.889366,0.151009,0.593576,0.848474,1.049861,0.654076,1.024899,-0.121838,-0.057632,0.336984,0.410198,0.373958,0.581015,0.519553,0.521479,0.100644,0.286314,0.587701,0.645818,0.669492,0.384710,0.813081,0.789366,0.519228,0.413366,0.897266,1.114694
0.912983,0.648850,0.526828,0.366508,0.488911,0.298509,0.743840,0.490718,0.457594,0.321038,0.000000,0.732382,0.839822,0.662366,0.678203,0.556185,0.759994,0.766654,0.520810,0.339395,0.543586,0.441155,0.356419,0.304325,0.390810,0.365392,0.451773,0.407772,0.702828,0.511111,0.537357,0.414787,0.697231,0.550288,0.464961,0.280051,0.550251,0.518004,0.236841,0.468031,0.199883,0.126141,0.630249,0.659598,0.691505,0.598750,0.643097,0.585777,0.639351,0.610784,0.628684,0.554978,0.588786,0.465916,0.647896,0.605373,0.626007,0.596473,0.535823,0.391974,0.654486,0.416977,0.680999,0.608864,0.610595,0.506514,0.511627,0.386188,0.307552,0.281863,0.224917,0.264303,0.685437,0.625391,0.611172,0.458401,0.741596,0.616451,0.362043,0.286704,0.379391,0.501678,0.547730,0.267548,0.620816,0.368573,0.512516,0.559849,0.537529,0.414393
0.779792,0.760197,0.233518,0.614682,0.519081,0.506270,0.469667,0.786048,0.604121,0.576328,0.732382,0.000000,0.887095,1.212386,0.572248,0.905273,0.789166,0.770645,0.224695,0.477713,0.610287,0.596000,0.141898,0.368522,0.316994,0.730907,0.351129,0.388079,0.891119,0.848324,0.619086,0.598666,0.879601,0.854412,0.414634,0.429760,0.789430,0.727666,0.325764,0.507470,0.278682,0.215493,0.638157,0.712269,0.757083,0.866738,0.692392,0.642639,0.687585,0.725373,0.727393,0.847767,0.641611,0.471664,0.683137,0.608545,0.712476,0.569085,0.686077,0.586125,0.793438,0.833645,0.934290,1.148214,0.487726,0.898740,0.590885,0.751155,0.427504,0.409438,0.082735,0.140639,0.590652,0.689781,0.512127,0.590843,0.623075,0.734265,0.575285,0.427383,0.699666,0.765444,0.522397,0.440504,0.598543,0.652495,0.370701,0.525034,0.595040,0.516474
0.869390,0.547398,0.386181,0.568719,0.613547,0.435908,0.826880,0.730282,0.906346,0.701284,0.839822,0.887095,0.000000,0.953572,0.748498,0.764578,0.644500,0.815842,0.304876,0.400449,0.463159,0.436964,0.194031,0.304227,0.328250,0.555784,0.165460,0.352288,0.740460,0.583305,0.391984,0.427307,0.915123,0.802242,0.478982,0.513693,0.754559,0.712352,0.367189,0.546518,0.329295,0.155700,0.574770,0.644705,0.616479,0.631984,0.598079,0.527528,0.541172,0.482806,0.736165,0.695774,0.714533,0.332059,0.665581,0.569082,0.625002,0.485613,0.792408,0.655728,1.277328,0.920917,0.951989,1.019194,0.720320,0.815818,0.866007,0.787118,0.351753,0.513222,0.328993,0.345473,0.676612,0.582983,0.548380,0.494437,0.800503,0.816537,0.441675,0.325757,0.597476,0.700470,0.640137,0.380563,0.791049,0.710593,0.435520,0.426281,0.822040,0.630031
0.679667,0.764706,0.273870,0.653434,0.522751,0.653025,0.522651,0.882080,0.603792,0.853229,0.662366,1.212386,0.953572,0.000000,0.663035,0.985262,0.700014,0.913024,0.372582,0.706720,0.560615,0.663895,0.278253,0.547539,0.366020,0.743305,0.350800,0.565553,0.903541,0.831253,0.669447,0.756251,0.894026,0.940963,0.575578,0.612709,0.815827,0.665961,0.431259,0.620589,0.353739,0.149618,0.773043,0.903074,0.835545,0.996776,0.823134,0.784525,0.839458,0.822066,0.838346,0.917794,0.869479,0.622801,0.818570,0.888002,0.752783,0.629078,0.708404,0.644893,0.690647,0.861097,0.911134,1.290108,0.328768,0.655917,0.707132,0.926872,0.520103,0.537047,0.131811,0.230424,0.671122,0.816662,0.613452,0.763064,0.746051,0.770468,0.368724,0.354998,0.823567,0.936042,0.698392,0.517534,0.859193,0.950648,0.461691,0.647703,0.606330,0.702242
1.071652,0.759663,0.727831,0.774735,1.127600,0.723336,0.956028,0.811495,1.058586,0.825347,0.678203,0.572248,0.748498,0.663035,0.000000,1.133695,0.528533,0.755604,0.739404,0.748599,0.321242,0.348457,0.600010,0.668919,0.357028,0.651633,0.382087,0.670330,0.634332,0.530143,0.326246,0.430265,0.890422,0.779257,0.434699,0.527895,0.836153,0.809461,0.340659,0.447137,0.440489,0.260965,0.863580,0.837231,0.639439,0.710876,0.923852,0.883782,0.765946,0.599867,0.838668,0.645350,0.926389,0.695016,0.952417,0.859263,0.890445,0.767018,0.803530,0.913661,0.809022,0.793280,0.661328,0.749510,0.336204,0.531301,0.812357,0.684076,0.711855,0.873903,-0.035310,-0.001933,0.619104,0.553448,0.550430,0.630155,0.654088,0.690202,0.356732,0.458868,0.756153,0.847711,1.031922,0.570015,1.139151,0.791503,0.793056,0.578253,0.948250,0.904415
0.817410,0.790785,0.480645,1.001242,0.818499,0.940928,0.630988,0.947097,0.897193,1.123035,0.556185,0.905273,0.764578,0.985262,1.133695,0.000000,0.475545,0.844155,0.466189,0.778582,0.364303,0.450340,0.378051,0.747419,0.364405,0.890495,0.464074,0.760081,0.724041,0.795530,0.396535,0.622591,0.871845,0.911010,0.502255,0.714350,0.935942,0.769968,0.395993,0.528753,0.397102,0.159966,0.822819,0.864035,0.697179,0.901916,0.928897,0.858036,0.755192,0.671786,0.912045,0.797125,0.977490,0.663907,0.885540,0.840469,0.875984,0.693370,0.813843,0.874884,0.781984,1.060597,0.767221,1.058284,0.326524,0.827571,0.840580,0.980345,0.724672,0.829997,-0.087932,-0.011155,0.474110,0.572106,0.456362,0.667726,0.595202,0.682834,0.463766,0.494577,0.930875,0.970233,0.919610,0.663174,0.979179,1.032210,0.573041,0.548807,0.934600,0.972473
0.711243,0.671507,0.345650,0.292877,0.601543,0.287668,0.571757,0.516104,0.476329,0.267165,0.759994,0.789166,0.644500,0.700014,0.528533,0.475545,0.000000,0.946872,0.432892,0.409555,0.571080,0.511909,0.327802,0.292126,0.478924,0.542747,0.304416,0.264724,1.015739,0.770090,0.631875,0.522644,0.818410,0.700851,0.464169,0.309105,0.624083,0.504731,0.378564,0.530673,0.320316,0.215770,0.547991,0.569480,0.802154,0.768959,0.586606,0.540072,0.712775,0.672137,0.542969,0.488169,0.421903,0.409095,0.577868,0.530652,0.758980,0.787621,0.437340,0.396520,0.556355,0.487918,0.756505,0.691611,0.625285,0.540199,0.498755,0.467453,0.419152,0.399358,0.246322,0.246323,0.885119,0.832921,0.621108,0.527501,0.746416,0.748995,0.622117,0.536381,0.626867,0.803440,0.573055,0.445464,0.665510,0.477000,0.562327,0.668272,0.392453,0.295755
0.793636,0.901389,0.487285,0.584460,0.668739,0.676947,0.709543,0.791899,0.604383,0.614028,0.766654,0.770645,0.815842,0.913024,0.755604,0.844155,0.946872,0.000000,0.510302,0.699025,0.575716,0.599406,0.448621,0.522317,0.466753,0.710662,0.521558,0.578917,1.174084,1.069507,0.726425,0.833719,1.026557,1.008835,0.592900,0.554319,0.920017,0.626593,0.564753,0.776727,0.464538,0.283742,0.752111,0.803797,0.860276,0.903318,0.791351,0.792178,0.789750,0.607300,0.654093,0.523347,0.690229,0.485227,0.772658,0.767063,1.002905,1.024517,0.530560,0.572363,0.701701,0.754910,1.006217,1.036747,0.478195,0.630218,0.664877,0.681923,0.635038,0.652017,0.175419,0.277613,0.843423,0.972031,0.626917,0.661293,0.973912,0.892403,0.564363,0.575264,1.044593,1.165557,0.872587,0.659241,0.976153,0.856798,0.671057,0.805929,0.689883,0.604858
0.923243,0.898209,0.921552,0.658858,0.827990,0.633115,0.850704,0.680489,0.576024,0.560159,0.520810,0.224695,0.304876,0.372582,0.739404,0.466189,0.432892,0.510302,0.000000,1.067775,0.065669,0.176771,0.840519,0.724989,0.295809,0.340757,0.251103,0.503605,0.223042,0.161124,0.255226,0.307795,0.601556,0.553900,0.509120,0.526999,0.383543,0.398212,0.184615,0.245756,0.300047,-0.006381,0.827895,0.648592,0.489523,0.550405,0.840234,0.829580,0.619129,0.559811,0.564885,0.381853,0.710481,0.866198,0.759326,0.899371,0.819586,0.962519,0.636493,0.737628,0.387282,0.409383,0.255422,0.360853,0.117900,0.195391,0.680800,0.525323,0.955446,0.904224,-0.068064,-0.062051,0.524577,0.504084,0.614729,0.653019,0.615363,0.500071,-0.050871,0.133246,0.209234,0.357578,0.577163,0.206005,0.675576,0.339978,0.754538,0.486326,0.648678,0.796311
0.837100,1.179305,0.736537,1.136695,0.810501,0.868689,0.755673,1.148220,0.618202,0.824456,0.339395,0.477713,0.400449,0.706720,0.748599,0.778582,0.409555,0.699025,1.067775,0.000000,0.176814,0.374859,0.765999,1.141374,0.263903,0.592384,0.274038,0.707211,0.368664,0.403190,0.492486,0.715895,0.884481,0.959568,0.631074,0.847113,0.591751,0.532925,0.264667,0.310357,0.378215,0.048268,0.904707,0.860916,0.729518,0.841161,0.933733,0.913106,0.806802,0.677243,0.676607,0.561636,0.816076,0.852293,0.818019,1.001967,1.138151,1.077908,0.691484,0.829489,0.498675,0.714480,0.446504,0.705326,0.077317,0.373834,0.826874,0.844816,1.205772,1.122218,-0.006550,0.052405,0.547137,0.680799,0.572587,0.839691,0.689023,0.733387,0.027857,0.208997,0.508944,0.595340,0.634914,0.376933,0.825918,0.683149,0.675084,0.551981,0.725172,0.969457
0.361304,0.420586,0.202539,0.203030,0.184741,0.190437,0.265512,0.309774,0.194601,0.176637,0.543586,0.610287,0.463159,0.560615,0.321242,0.364303,0.571080,0.575716,0.065669,0.176814,0.000000,1.373202,0.209074,0.223678,0.512901,0.475416,0.382185,0.328957,0.778570,0.568028,0.879266,0.643120,0.472216,0.499189,0.513261,0.284439,0.416984,0.369107,0.261001,0.553814,0.010548,0.270385,0.268693,0.327420,0.475063,0.411660,0.244597,0.289173,0.331301,0.327234,0.324556,0.384213,0.374028,0.195288,0.398638,0.357744,0.375812,0.381945,0.137945,0.092455,0.314022,0.269420,0.554222,0.496894,0.414428,0.426334,0.247470,0.295784,0.105738,0.104415,0.440505,0.564001,0.771084,0.774397,0.535559,0.479825,0.637077,0.631400,0.290365,0.151308,0.438792,0.444083,0.161068,0.076427,0.412881,0.299500,0.285910,0.562838,0.159754,0.206690
0.395439,0.514756,0.328097,0.370743,0.274973,0.298251,0.358492,0.489336,0.284763,0.342665,0.441155,0.596000,0.436964,0.663895,0.348457,0.450340,0.511909,0.599406,0.176771,0.374859,1.373202,0.000000,0.308045,0.398908,0.516746,0.576943,0.356747,0.421709,0.728023,0.553103,0.827606,0.792287,0.570894,0.666204,0.581999,0.453784,0.495423,0.439609,0.452805,0.662540,0.178936,0.379567,0.373224,0.444684,0.552338,0.526668,0.350270,0.401965,0.400169,0.380374,0.432267,0.463326,0.521022,0.291876,0.596990,0.556730,0.512866,0.491733,0.202929,0.206240,0.361065,0.408732,0.499697,0.589557,0.345582,0.528829,0.371077,0.476367,0.240870,0.275727,0.410098,0.544210,0.849294,0.904639,0.611768,0.618757,0.661526,0.702793,0.165912,0.242015,0.504542,0.470958,0.247869,0.160163,0.526849,0.423093,0.443202,0.619445,0.310541,0.372117
0.521607,0.689514,1.221896,0.670451,0.709902,0.518854,0.829725,0.621905,0.353795,0.361883,0.356419,0.141898,0.194031,0.278253,0.600010,0.378051,0.327802,0.448621,0.840519,0.765999,0.209074,0.308045,0.000000,1.163701,0.601472,0.395137,0.391913,0.465619,0.238960,0.172515,0.524142,0.574116,0.578351,0.623646,0.671618,0.577279,0.370385,0.400488,0.218825,0.310802,0.339275,0.162063,0.612793,0.535262,0.452355,0.503675,0.646762,0.667775,0.554217,0.534893,0.470022,0.300959,0.514346,0.672714,0.669032,0.744891,0.744609,0.781767,0.475309,0.572237,0.257042,0.327996,0.207525,0.236199,0.170564,0.195603,0.555633,0.424928,0.687103,0.680644,0.149815,0.174846,0.496611,0.528583,0.455227,0.558811,0.538413,0.507365,-0.013199,0.114558,0.240249,0.395338,0.520493,0.246411,0.563658,0.275203,0.787753,0.551286,0.417109,0.588707
0.610869,0.850404,0.890117,1.224332,0.753068,0.786071,0.676861,1.010904,0.466655,0.652236,0.304325,0.368522,0.304227,0.547539,0.668919,0.747419,0.292126,0.522317,0.724989,1.141374,0.223678,0.398908,1.163701,0.000000,0.453394,0.645849,0.390031,0.637955,0.314890,0.339055,0.545770,0.851376,0.753450,0.886598,0.760191,0.975964,0.517962,0.529304,0.270891,0.367924,0.407515,0.113714,0.775273,0.778800,0.665252,0.785501,0.817575,0.805698,0.702708,0.678613,0.663538,0.546566,0.672380,0.766247,0.796716,0.885155,0.901308,0.780807,0.650757,0.717866,0.409344,0.632383,0.335649,0.518101,0.118218,0.419200,0.778557,0.788928,0.802788,0.795911,0.084874,0.147583,0.468201,0.591996,0.471430,0.737880,0.541217,0.657402,0.070047,0.124404,0.411745,0.532739,0.578906,0.365422,0.699936,0.571046,0.727104,0.572941,0.570084,0.798676
0.371646,0.377146,0.560832,0.330085,0.439519,0.250609,0.402806,0.314852,0.306174,0.194693,0.390810,0.316994,0.328250,0.366020,0.357028,0.364405,0.478924,0.466753,0.295809,0.263903,0.512901,0.516746,0.601472,0.453394,0.000000,0.729794,0.678838,0.529604,0.471574,0.344258,0.515762,0.498765,0.405429,0.417966,0.812556,0.566110,0.400092,0.410119,0.321347,0.512970,0.248722,0.242902,0.507600,0.442242,0.485121,0.529507,0.473789,0.472502,0.486012,0.498130,0.570018,0.404266,0.463826,0.476999,0.553666,0.486072,0.413843,0.464619,0.397237,0.255500,0.244837,0.205077,0.248877,0.233693,0.561790,0.448276,0.526314,0.435564,0.369278,0.311342,0.219287,0.249884,0.654325,0.651715,0.613779,0.598844,0.633075,0.584459,0.300057,0.206992,0.292451,0.432474,0.372429,0.210148,0.429691,0.368996,0.395773,0.429247,0.281648,0.341272
0.596132,0.644796,0.408086,0.778550,0.820435,0.735371,0.525033,0.866505,0.689898,0.699926,0.365392,0.730907,0.555784,0.743305,0.651633,0.890495,0.542747,0.710662,0.340757,0.592384,0.475416,0.576943,0.395137,0.645849,0.729794,0.000000,0.486282,0.673118,0.753867,0.726673,0.592741,0.775460,0.884862,0.971453,0.666693,0.894854,0.710343,0.747371,0.323046,0.424600,0.400283,0.218420,0.798844,0.835834,0.743424,0.946358,0.753883,0.728525,0.711902,0.645535,0.919655,0.824522,0.733695,0.592526,0.812689,0.663958,0.708165,0.584072,0.668061,0.663977,0.560959,0.771437,0.553401,0.763088,0.379371,0.799857,0.919309,1.045307,0.540254,0.585126,-0.029866,0.035524,0.619982,0.713132,0.581496,0.759520,0.634534,0.793553,0.477099,0.461084,0.729114,0.812878,0.594121,0.487664,0.644943,0.809171,0.385538,0.406064,0.574601,0.584044
0.362478,0.431183,0.358977,0.331348,0.318972,0.357200,0.197440,0.269412,0.163481,0.149930,0.451773,0.351129,0.165460,0.350800,0.382087,0.464074,0.304416,0.521558,0.251103,0.274038,0.382185,0.356747,0.391913,0.390031,0.678838,0.486282,0.000000,0.930751,0.422744,0.415560,0.405444,0.420137,0.297696,0.281544,0.393441,0.294117,0.445626,0.458777,0.269957,0.492543,0.379941,0.386914,0.525668,0.476066,0.423361,0.485025,0.518805,0.591249,0.481073,0.457540,0.393246,0.360476,0.350461,0.459370,0.533900,0.500339,0.387901,0.434710,0.370125,0.212528,0.147618,0.135477,0.266073,0.255705,0.179709,0.222170,0.253828,0.234935,0.428922,0.195144,-0.010683,0.091457,0.347408,0.446127,0.437542,0.528876,0.383778,0.334142,0.286454,0.192863,0.439675,0.453009,0.444106,0.372088,0.341139,0.436251,0.376155,0.546601,0.276868,0.300381
0.568633,0.629753,0.483785,0.722021,0.533248,0.613881,0.426457,0.607465,0.438606,0.537565,0.407772,0.388079,0.352288,0.565553,0.670330,0.760081,0.264724,0.578917,0.503605,0.707211,0.328957,0.421709,0.465619,0.637955,0.529604,0.673118,0.930751,0.000000,0.382669,0.401062,0.384110,0.560957,0.535280,0.530127,0.549850,0.627144,0.595591,0.571828,0.378849,0.416482,0.446717,0.219609,0.765878,0.762370,0.583686,0.642347,0.746032,0.735161,0.676029,0.556429,0.664826,0.589592,0.727375,0.659434,0.760104,0.761470,0.615682,0.588643,0.572693,0.477124,0.343135,0.418091,0.337829,0.462081,0.143557,0.319220,0.587328,0.548569,0.726322,0.540627,0.048201,0.125570,0.465245,0.577215,0.554576,0.806076,0.562863,0.559535,0.134187,0.224297,0.527999,0.501739,0.647887,0.444323,0.611963,0.728653,0.455007,0.493619,0.570081,0.667113
0.571202,0.624630,0.227961,0.346696,0.492747,0.428068,0.453825,0.590848,0.441063,0.400860,0.702828,0.891119,0.740460,0.903541,0.634332,0.724041,1.015739,1.174084,0.223042,0.368664,0.778570,0.728023,0.238960,0.314890,0.471574,0.753867,0.422744,0.382669,0.000000,1.552237,0.780811,0.787407,0.786571,0.812947,0.460738,0.364294,0.830121,0.537843,0.475635,0.658811,0.369173,0.314777,0.576412,0.706611,0.810181,0.833012,0.555308,0.540065,0.707093,0.580485,0.589713,0.577256,0.527410,0.325341,0.622296,0.519947,0.674435,0.637774,0.355437,0.360912,0.550830,0.568487,1.037272,0.926396,0.472370,0.645003,0.463018,0.532795,0.318366,0.312189,0.137367,0.233083,0.824705,0.871312,0.562551,0.569962,0.680440,0.718059,0.774343,0.711632,1.121074,1.074117,0.731984,0.698643,0.693398,0.690759,0.445233,0.608434,0.424554,0.322874
0.464010,0.604507,0.154558,0.395909,0.420950,0.517856,0.317042,0.579578,0.355402,0.407850,0.511111,0.848324,0.583305,0.831253,0.530143,0.795530,0.770090,1.069507,0.161124,0.403190,0.568028,0.553103,0.172515,0.339055,0.344258,0.726673,0.415560,0.401062,1.552237,0.000000,0.723776,0.831365,0.708049,0.792439,0.402782,0.366768,0.811543,0.397463,0.405560,0.550568,0.314403,0.208766,0.506248,0.640276,0.700000,0.797892,0.511468,0.475228,0.619459,0.495078,0.471041,0.481376,0.424917,0.257685,0.471377,0.416292,0.614731,0.564363,0.313530,0.350589,0.476224,0.583835,1.089972,0.941106,0.355718,0.621289,0.389194,0.533251,0.347507,0.303602,0.038379,0.150239,0.534755,0.687363,0.361689,0.471963,0.496340,0.581054,0.884493,0.852382,1.304182,1.156357,0.727880,0.876580,0.580694,0.705258,0.320638,0.494718,0.385811,0.314346
0.384766,0.644188,0.363079,0.391109,0.310785,0.361781,0.390768,0.523359,0.132241,0.227055,0.537357,0.619086,0.391984,0.669447,0.326246,0.396535,0.631875,0.726425,0.255226,0.492486,0.879266,0.827606,0.524142,0.545770,0.515762,0.592741,0.405444,0.384110,0.780811,0.723776,0.000000,1.281722,0.776967,0.814946,0.691100,0.474374,0.429967,0.325008,0.206007,0.426572,0.131197,0.107705,0.466631,0.565006,0.660992,0.647714,0.436783,0.452708,0.566713,0.547858,0.369225,0.390455,0.377489,0.359493,0.427979,0.472268,0.590225,0.575595,0.207993,0.232461,0.309766,0.376613,0.720931,0.659439,0.308437,0.350852,0.311966,0.394139,0.290191,0.220178,0.367228,0.497962,0.680674,0.861640,0.538881,0.563967,0.695347,0.725673,0.287828,0.303430,0.541934,0.592070,0.357115,0.303955,0.431979,0.360672,0.413583,0.638759,0.175466,0.293595
0.440002,0.697467,0.422797,0.652723,0.427494,0.534401,0.448558,0.793610,0.253988,0.439199,0.414787,0.598666,0.427307,0.756251,0.430265,0.622591,0.522644,0.833719,0.307795,0.715895,0.643120,0.792287,0.574116,0.851376,0.498765,0.775460,0.420137,0.560957,0.787407,0.831365,1.281722,0.000000,0.901752,1.084793,0.795640,0.792769,0.603529,0.422764,0.433451,0.537073,0.353220,0.170492,0.612709,0.762448,0.812961,0.842723,0.552800,0.558866,0.653003,0.560383,0.499742,0.477747,0.507641,0.418459,0.580023,0.575292,0.749140,0.682422,0.299975,0.339934,0.397187,0.591135,0.666721,0.782840,0.282803,0.503164,0.500195,0.632579,0.424884,0.405732,0.337687,0.462255,0.704120,0.942371,0.571354,0.710635,0.741272,0.901016,0.328810,0.378393,0.716608,0.735923,0.523739,0.479030,0.628797,0.639553,0.488379,0.617305,0.369690,0.424100
1.089532,1.047930,0.711268,0.953207,0.952753,0.695320,1.050690,1.166197,0.818162,0.726628,0.697231,0.879601,0.915123,0.894026,0.890422,0.871845,0.818410,1.026557,0.601556,0.884481,0.472216,0.570894,0.578351,0.753450,0.405429,0.884862,0.297696,0.535280,0.786571,0.708049,0.776967,0.901752,0.000000,1.724643,0.662903,0.767251,0.853769,0.767176,0.372895,0.527848,0.433322,0.195025,0.809625,0.919261,0.951698,1.012854,0.860581,0.773024,0.812297,0.698141,0.835026,0.705775,0.784606,0.561047,0.878569,0.798378,1.247359,0.987036,0.808629,0.842103,1.087883,1.071875,0.933220,1.132492,0.549890,0.816991,0.995810,0.967998,0.656786,0.781914,0.207696,0.254667,0.819448,0.850839,0.599958,0.645058,0.907354,1.076996,0.482617,0.488931,0.770374,0.908023,0.766344,0.514956,0.985122,0.776746,0.741185,0.682216,0.868166,0.781545
0.871655,1.059788,0.637343,1.057948,0.899907,0.820026,0.915023,1.438069,0.713193,0.791429,0.550288,0.854412,0.802242,0.940963,0.779257,0.911010,0.700851,1.008835,0.553900,0.959568,0.499189,0.666204,0.623646,0.886598,0.417966,0.971453,0.281544,0.530127,0.812947,0.792439,0.814946,1.084793,1.724643,0.000000,0.734690,0.908215,0.903684,0.743579,0.412548,0.553172,0.445669,0.206534,0.775358,0.894325,0.962900,1.094590,0.817457,0.771763,0.767612,0.666903,0.796410,0.688169,0.796943,0.542981,0.900911,0.825686,1.175091,0.934569,0.692475,0.821025,0.871405,1.165194,0.902847,1.191818,0.443651,0.893955,1.000259,1.138680,0.686452,0.809680,0.160858,0.222019,0.791494,0.910910,0.575562,0.703975,0.886660,1.100131,0.422716,0.480249,0.845467,0.987370,0.712875,0.526383,0.936312,0.823853,0.707986,0.675371,0.828388,0.808688
0.535356,0.666452,0.584109,0.562383,0.472479,0.450913,0.528788,0.586531,0.349237,0.420404,0.464961,0.414634,0.478982,0.575578,0.434699,0.502255,0.464169,0.592900,0.509120,0.631074,0.513261,0.581999,0.671618,0.760191,0.812556,0.666693,0.393441,0.549850,0.460738,0.402782,0.691100,0.795640,0.662903,0.734690,0.000000,1.179908,0.466885,0.388572,0.289207,0.422278,0.160611,-0.080778,0.620506,0.617830,0.718105,0.726849,0.551823,0.514497,0.590813,0.526919,0.594214,0.471138,0.600037,0.485273,0.586060,0.588794,0.586141,0.649622,0.497060,0.433597,0.380990,0.430606,0.426178,0.494999,0.521344,0.549920,0.850867,0.790874,0.523615,0.494268,0.296535,0.340518,0.729990,0.797846,0.663026,0.759324,0.823970,0.763622,0.217866,0.060941,0.339312,0.474256,0.417769,0.207149,0.634074,0.480354,0.489414,0.517864,0.404359,0.537319
0.556428,0.618468,0.515657,0.903165,0.670925,0.690022,0.554427,0.890618,0.603161,0.745388,0.280051,0.429760,0.513693,0.612709,0.527895,0.714350,0.309105,0.554319,0.526999,0.847113,0.284439,0.453784,0.577279,0.975964,0.566110,0.894854,0.294117,0.627144,0.364294,0.366768,0.474374,0.792769,0.767251,0.908215,1.179908,0.000000,0.501677,0.546578,0.314747,0.327940,0.331192,-0.014922,0.746326,0.733446,0.652255,0.783937,0.629860,0.631639,0.561128,0.475788,0.689169,0.555821,0.667721,0.560316,0.683899,0.650292,0.644039,0.585764,0.640562,0.644388,0.497643,0.739665,0.354632,0.635904,0.361413,0.651798,1.158676,1.227324,0.638298,0.751771,0.146292,0.168612,0.571714,0.654812,0.577842,0.805781,0.735998,0.851090,0.115107,0.109036,0.393339,0.512184,0.483221,0.298435,0.657759,0.717735,0.486284,0.385593,0.607634,0.743534
0.748515,0.777641,0.489778,0.706136,0.738229,0.629257,0.646499,0.798823,0.636032,0.593239,0.550251,0.789430,0.754559,0.815827,0.836153,0.935942,0.624083,0.920017,0.383543,0.591751,0.416984,0.495423,0.370385,0.517962,0.400092,0.710343,0.445626,0.595591,0.830121,0.811543,0.429967,0.603529,0.853769,0.903684,0.466885,0.501677,0.000000,0.976942,0.583745,0.676058,0.633674,0.412289,0.733995,0.820209,0.840466,0.942644,0.895600,0.760723,0.824958,0.663302,0.910494,0.786063,0.800885,0.510818,0.935090,0.749337,0.844278,0.681348,0.658754,0.632308,0.685603,0.722050,0.827926,0.863505,0.355470,0.726501,0.711332,0.755087,0.624674,0.575610,0.005541,0.051052,0.649429,0.709503,0.462163,0.628127,0.715830,0.781238,0.618138,0.629714,0.924309,0.967033,0.891667,0.755984,0.874253,0.881121,0.552895,0.555020,0.808401,0.656107
0.766856,0.625979,0.476338,0.751928,0.871565,0.501104,0.656654,0.809599,0.792695,0.596677,0.518004,0.727666,0.712352,0.665961,0.809461,0.769968,0.504731,0.626593,0.398212,0.532925,0.369107,0.439609,0.400488,0.529304,0.410119,0.747371,0.458777,0.571828,0.537843,0.397463,0.325008,0.422764,0.767176,0.743579,0.388572,0.546578,0.976942,0.000000,0.473451,0.603618,0.671471,0.535280,0.787698,0.750780,0.639461,0.730935,0.901326,0.846983,0.691644,0.632523,0.953523,0.835921,0.825335,0.625133,1.094083,0.792851,0.717611,0.564484,0.847298,0.803869,0.685675,0.717108,0.498631,0.676506,0.321974,0.630289,0.825298,0.773489,0.588551,0.643562,0.053782,0.036275,0.626153,0.552491,0.637109,0.683961,0.733560,0.828499,0.341211,0.330777,0.565127,0.721202,0.734372,0.535354,0.820626,0.809682,0.678490,0.582458,0.861608,0.726356
0.303108,0.240383,0.318670,0.306603,0.289562,0.243961,0.334991,0.394305,0.347160,0.376109,0.236841,0.325764,0.367189,0.431259,0.340659,0.395993,0.378564,0.564753,0.184615,0.264667,0.261001,0.452805,0.218825,0.270891,0.321347,0.323046,0.269957,0.378849,0.475635,0.405560,0.206007,0.433451,0.372895,0.412548,0.289207,0.314747,0.583745,0.473451,0.000000,0.973041,0.805725,0.573588,0.333111,0.352347,0.337855,0.368955,0.376952,0.381596,0.271760,0.220947,0.391509,0.274431,0.517697,0.224362,0.631770,0.532684,0.402766,0.383143,0.231844,0.277927,0.366070,0.454560,0.345041,0.441645,0.371144,0.443370,0.332604,0.369620,0.223990,0.372931,0.247939,0.269697,0.504616,0.508738,0.446502,0.479934,0.488938,0.502889,0.185282,0.479024,0.556770,0.487775,0.705908,0.640652,0.639907,0.612702,0.682830,0.581936,0.571915,0.440386
0.479987,0.434427,0.387220,0.380452,0.314736,0.328622,0.395592,0.469109,0.365523,0.423386,0.468031,0.507470,0.546518,0.620589,0.447137,0.528753,0.530673,0.776727,0.245756,0.310357,0.553814,0.662540,0.310802,0.367924,0.512970,0.424600,0.492543,0.416482,0.658811,0.550568,0.426572,0.537073,0.527848,0.553172,0.422278,0.327940,0.676058,0.603618,0.973041,0.000000,0.505393,0.540281,0.461390,0.467421,0.545051,0.552008,0.521240,0.557922,0.437150,0.389594,0.489775,0.424984,0.583352,0.306776,0.729167,0.700682,0.519509,0.495389,0.336522,0.324846,0.478623,0.496220,0.580723,0.591994,0.432458,0.533910,0.387581,0.457760,0.260660,0.364202,0.277555,0.350950,0.581571,0.596488,0.509156,0.507783,0.635511,0.565730,0.391066,0.376041,0.684387,0.694525,0.706163,0.543867,0.800512,0.660865,0.826880,1.054386,0.568277,0.565117
0.382135,0.336172,0.395871,0.461230,0.544149,0.333646,0.441606,0.500068,0.436596,0.307840,0.199883,0.278682,0.329295,0.353739,0.440489,0.397102,0.320316,0.464538,0.300047,0.378215,0.010548,0.178936,0.339275,0.407515,0.248722,0.400283,0.379941,0.446717,0.369173,0.314403,0.131197,0.353220,0.433322,0.445669,0.160611,0.331192,0.633674,0.671471,0.805725,0.505393,0.000000,0.652059,0.498259,0.485887,0.364810,0.452481,0.550772,0.501028,0.369616,0.327327,0.456050,0.342739,0.393130,0.337021,0.686948,0.503411,0.470961,0.406842,0.473164,0.445901,0.408599,0.467098,0.279753,0.398759,0.193062,0.316338,0.452285,0.410414,0.425596,0.418459,0.105619,0.113656,0.434251,0.441695,0.482438,0.521226,0.397072,0.490730,0.148902,0.423942,0.502954,0.503784,0.760478,0.669871,0.539472,0.703063,0.548771,0.356675,0.560858,0.410285
0.204480,0.124921,0.225539,0.191016,0.287500,0.053126,0.224066,0.236277,0.261080,0.030665,0.126141,0.215493,0.155700,0.149618,0.260965,0.159966,0.215770,0.283742,-0.006381,0.048268,0.270385,0.379567,0.162063,0.113714,0.242902,0.218420,0.386914,0.219609,0.314777,0.208766,0.107705,0.170492,0.195025,0.206534,-0.080778,-0.014922,0.412289,0.535280,0.573588,0.540281,0.652059,0.000000,0.209913,0.180023,0.155700,0.159707,0.236217,0.306401,0.133501,0.112235,0.221588,0.177258,0.208969,0.130713,0.497173,0.319672,0.213174,0.197181,0.166428,0.186812,0.236018,0.205902,0.164077,0.188314,0.143600,0.188831,0.105557,0.098729,0.121270,0.183027,0.143899,0.143040,0.427363,0.355551,0.364005,0.351802,0.278681,0.362196,0.106808,0.394200,0.389723,0.338176,0.316596,0.374359,0.298184,0.353706,0.448092,0.422856,0.320029,0.200377
0.893933,0.891808,0.592602,0.799161,0.817627,0.769695,0.686710,0.902274,0.686846,0.719908,0.630249,0.638157,0.574770,0.773043,0.863580,0.822819,0.547991,0.752111,0.827895,0.904707,0.268693,0.373224,0.612793,0.775273,0.507600,0.798844,0.525668,0.765878,0.576412,0.506248,0.466631,0.612709,0.809625,0.775358,0.620506,0.746326,0.733995,0.787698,0.333111,0.461390,0.498259,0.209913,0.000000,1.793576,1.021240,1.201962,1.561954,1.696463,1.315433,1.108918,1.143731,0.982733,0.942778,1.149595,1.098579,1.190154,0.860399,0.834953,0.826874,0.759285,0.527440,0.589821,0.490732,0.661428,0.196846,0.445984,0.855104,0.830218,0.819542,0.732948,0.027156,0.046755,0.630104,0.685047,0.802659,0.950314,0.842634,0.821844,0.241548,0.254086,0.528295,0.655012,0.859613,0.488937,0.789340,0.689647,0.657630,0.611137,0.678742,0.737437
0.826337,0.897102,0.516794,0.810376,0.721484,0.697082,0.666017,0.975719,0.601627,0.675642,0.659598,0.712269,0.644705,0.903074,0.837231,0.864035,0.569480,0.803797,0.648592,0.860916,0.327420,0.444684,0.535262,0.778800,0.442242,0.835834,0.476066,0.762370,0.706611,0.640276,0.565006,0.762448,0.919261,0.894325,0.617830,0.733446,0.820209,0.750780,0.352347,0.467421,0.485887,0.180023,1.793576,0.000000,1.235697,1.394713,1.380117,1.284586,1.478790,1.203604,1.235920,1.173502,0.920912,0.972031,1.040352,1.073511,0.886212,0.777682,0.761761,0.667349,0.577758,0.643223,0.617431,0.784030,0.215506,0.505467,0.832016,0.848695,0.657703,0.576840,0.102986,0.140528,0.665179,0.736446,0.716386,0.858857,0.809486,0.870366,0.338111,0.318794,0.630675,0.712129,0.842270,0.564896,0.782334,0.743972,0.586381,0.577261,0.619765,0.634497
0.754667,0.963119,0.449665,0.653937,0.581559,0.479484,0.573410,0.854550,0.400522,0.421040,0.691505,0.757083,0.616479,0.835545,0.639439,0.697179,0.802154,0.860276,0.489523,0.729518,0.475063,0.552338,0.452355,0.665252,0.485121,0.743424,0.423361,0.583686,0.810181,0.700000,0.660992,0.812961,0.951698,0.962900,0.718105,0.652255,0.840466,0.639461,0.337855,0.545051,0.364810,0.155700,1.021240,1.235697,0.000000,1.650173,0.973450,0.842583,1.436637,1.148505,0.978439,0.954482,0.668995,0.632122,0.816023,0.815503,0.948968,0.848575,0.560264,0.447637,0.544333,0.566866,0.668952,0.762187,0.398443,0.635290,0.743663,0.749531,0.567100,0.450887,0.214671,0.237113,0.781635,0.855144,0.626960,0.696242,0.863748,0.921010,0.463772,0.297466,0.644888,0.740318,0.661608,0.449641,0.822934,0.681678,0.578232,0.680859,0.520949,0.449720
0.778039,1.044109,0.472037,0.787791,0.742480,0.724311,0.601277,1.029504,0.542826,0.623029,0.598750,0.866738,0.631984,0.996776,0.710876,0.901916,0.768959,0.903318,0.550405,0.841161,0.411660,0.526668,0.503675,0.785501,0.529507,0.946358,0.485025,0.642347,0.833012,0.797892,0.647714,0.842723,1.012854,1.094590,0.726849,0.783937,0.942644,0.730935,0.368955,0.552008,0.452481,0.159707,1.201962,1.394713,1.650173,0.000000,1.190427,1.062377,1.476606,1.313597,1.115699,1.030752,0.786056,0.792087,0.949464,0.951379,1.043414,0.902775,0.738125,0.652490,0.579314,0.727629,0.712696,0.897058,0.349865,0.726380,0.870273,0.992989,0.732973,0.594251,0.066758,0.106945,0.676845,0.809956,0.606295,0.772463,0.800170,0.887218,0.500352,0.402985,0.761796,0.903413,0.799675,0.592414,0.850144,0.795601,0.618391,0.673706,0.614037,0.606437
0.918962,1.020405,0.667285,0.895304,0.923544,0.784987,0.739367,0.932155,0.703071,0.753577,0.643097,0.692392,0.598079,0.823134,0.923852,0.928897,0.586606,0.791351,0.840234,0.933733,0.244597,0.350270,0.646762,0.817575,0.473789,0.753883,0.518805,0.746032,0.555308,0.511468,0.436783,0.552800,0.860581,0.817457,0.551823,0.629860,0.895600,0.901326,0.376952,0.521240,0.550772,0.236217,1.561954,1.380117,0.973450,1.190427,0.000000,1.664153,1.355639,1.312775,1.386754,1.074003,1.173269,1.339576,1.319127,1.432471,0.994856,0.920930,0.986197,0.917174,0.581792,0.639833,0.522785,0.684392,0.179818,0.473815,0.867888,0.821498,0.900319,0.790191,-0.001724,0.016199,0.613583,0.665080,0.707647,0.871605,0.803144,0.773250,0.320709,0.327386,0.588059,0.780440,0.915018,0.555350,0.926950,0.733060,0.753974,0.658337,0.786464,0.865141
0.840131,0.899533,0.616177,0.825781,0.865372,0.895131,0.673720,0.898210,0.700624,0.806005,0.585777,0.642639,0.527528,0.784525,0.883782,0.858036,0.540072,0.792178,0.829580,0.913106,0.289173,0.401965,0.667775,0.805698,0.472502,0.728525,0.591249,0.735161,0.540065,0.475228,0.452708,0.558866,0.773024,0.771763,0.514497,0.631639,0.760723,0.846983,0.381596,0.557922,0.501028,0.306401,1.696463,1.284586,0.842583,1.062377,1.664153,0.000000,1.106770,1.038357,1.045123,0.890705,1.010458,1.238939,1.226311,1.482340,0.863568,0.853965,0.830927,0.871160,0.499673,0.630451,0.488390,0.682545,0.123129,0.430833,0.764993,0.803441,0.845082,0.832211,-0.042543,-0.011488,0.557701,0.641112,0.727432,0.923377,0.807599,0.757554,0.199059,0.263819,0.577066,0.735022,0.829213,0.474043,0.837138,0.683348,0.783579,0.751357,0.741001,0.886302
0.775373,0.985509,0.496133,0.654787,0.673892,0.588468,0.583712,0.791180,0.458884,0.526715,0.639351,0.687585,0.541172,0.839458,0.765946,0.755192,0.712775,0.789750,0.619129,0.806802,0.331301,0.400169,0.554217,0.702708,0.486012,0.711902,0.481073,0.676029,0.707093,0.619459,0.566713,0.653003,0.812297,0.767612,0.590813,0.561128,0.824958,0.691644,0.271760,0.437150,0.369616,0.133501,1.315433,1.478790,1.436637,1.476606,1.355639,1.106770,0.000000,1.637369,1.232198,1.117099,0.836292,1.007535,0.913773,1.000848,0.967695,0.870018,0.684426,0.570175,0.450470,0.463073,0.559810,0.635926,0.194953,0.398770,0.676435,0.652116,0.718975,0.531901,0.064274,0.085231,0.656088,0.741223,0.616253,0.747529,0.759582,0.734479,0.410365,0.304653,0.585489,0.722016,0.780026,0.508067,0.759343,0.610856,0.575743,0.623462,0.511663,0.515482
