0.000000,0.998340,0.617806,0.697048,0.547579,0.613968,0.580080,0.510382,0.476638,0.607090,0.571096,0.525014,0.539228,0.549126,0.519134,0.560301,0.284893,0.414568,1.057431,0.646718,0.114890,0.365151,0.445799,0.314425,0.349050,0.474737,0.206389,0.388784,0.191391,0.172279,0.182314,0.276764,0.578181,0.636156,0.448209,0.477289,0.061091,0.251840,-0.013862,-0.064072,-0.025319,-0.079842,0.282588,0.322952,0.180274,0.248041,0.299665,0.255471,0.166914,0.313311,0.436920,0.427217,0.591082,0.641689,0.500402,0.538703,0.966157,1.008801,0.534192,0.546739,0.478008,0.693622,0.701258,0.423368,0.341689,0.346894,0.727615,0.475174,0.926974,0.607303,0.704758,0.763100,0.516848,0.590748,0.860253,0.623494,0.948573,0.802917,0.572250,-0.016288,0.287558,0.185097,-0.162411,-0.307869,0.690834,0.649323,0.233065,-0.035405,0.846256,0.591168
0.998340,0.000000,0.564803,0.670405,0.388273,0.519160,0.584070,0.557773,0.444726,0.479341,0.586445,0.573553,0.579334,0.488498,0.353377,0.379765,0.553866,0.632616,0.826272,0.923929,-0.063835,0.242695,0.461507,0.300987,0.326496,0.325748,0.158265,0.231169,0.380682,0.215613,0.035953,0.086974,0.739334,0.815636,0.344036,0.503595,-0.022463,0.162754,-0.158772,-0.116065,-0.114958,-0.060927,0.201328,0.268949,0.061916,0.106104,0.326937,0.254026,0.097564,0.238219,0.337340,0.301249,0.583816,0.457818,0.449473,0.401814,0.838625,1.342614,0.366118,0.382221,0.458776,0.504958,0.643301,0.665222,0.176835,0.244585,0.441586,0.373577,0.637960,0.608251,0.482648,0.493791,0.576021,0.731419,0.729172,0.589929,0.813424,0.664711,0.531099,0.076606,0.239951,0.164580,-0.289391,-0.371662,0.400982,0.524881,0.136882,-0.116388,0.577031,0.580769
0.617806,0.564803,0.000000,0.984144,0.391149,0.482468,0.989991,0.499730,0.473554,0.518982,0.402964,0.226767,0.702155,0.310065,0.607353,0.405945,0.206202,0.249571,0.773264,0.691752,-0.063671,0.307700,0.895751,0.689180,0.502455,0.461021,0.247284,0.250773,0.164689,0.060209,0.068440,0.083873,0.552794,0.527694,0.660686,0.684212,0.054175,0.139573,-0.095418,-0.049622,-0.010564,-0.118859,0.451311,0.463311,0.209419,0.276516,0.490795,0.438295,0.233529,0.286340,0.301416,0.189112,0.283337,0.333231,0.399403,0.392098,0.360581,0.466624,0.232316,0.170287,0.397416,0.349134,0.452122,0.305292,0.505105,0.267711,0.521648,0.337656,0.665214,0.512585,0.552497,0.605941,0.414136,0.366035,0.518613,0.463082,0.597109,0.460175,0.357307,0.064081,0.048213,0.046004,-0.110327,-0.213949,0.427690,0.463524,0.171597,-0.180128,0.493958,0.439118
0.697048,0.670405,0.984144,0.000000,0.541511,0.769494,0.984078,1.073338,0.792546,0.762297,0.401425,0.535749,0.695751,0.504417,0.661008,0.388017,0.320231,0.259268,0.569144,0.563310,0.026333,0.286678,0.995766,1.041868,0.594286,0.726367,0.155064,0.096838,0.280074,0.231598,0.091446,0.210237,0.564127,0.697430,0.517963,0.612318,0.055492,0.176711,0.034736,0.005312,-0.030522,-0.139449,0.377939,0.424887,0.184304,0.291195,0.480306,0.421102,0.246030,0.446033,0.587943,0.472444,0.556324,0.575251,0.522409,0.426488,0.567247,0.667448,0.540970,0.558961,0.674466,0.759804,0.516590,0.466341,0.515869,0.596808,0.754646,0.666648,0.716356,0.419402,0.538344,0.589290,0.471597,0.564262,0.498878,0.430609,0.756042,0.593629,0.457717,-0.007654,0.193082,0.121631,-0.038792,-0.222882,0.589438,0.644571,0.158757,-0.120370,0.636839,0.600320
0.547579,0.388273,0.391149,0.541511,0.000000,1.140470,0.309059,0.311670,1.073154,0.845709,0.271304,0.375164,0.342243,0.349054,0.753849,0.368587,-0.051725,0.062643,0.210458,0.080926,0.216987,0.470426,0.613099,0.419367,0.755919,1.067342,0.578577,0.469004,0.263188,0.247031,0.429054,0.463308,0.350952,0.254703,0.357153,0.214328,-0.077732,-0.025938,0.114652,-0.024059,-0.004655,-0.120337,0.415065,0.337116,0.256549,0.345687,0.276000,0.311332,0.326590,0.496292,0.561245,0.563771,0.484227,0.707630,0.460620,0.383091,0.674595,0.461690,0.665548,0.661654,0.465010,0.589540,0.276540,0.095627,0.440624,0.366650,0.596467,0.387226,0.706559,0.375350,0.386735,0.489740,0.089685,0.119085,0.247624,0.204868,0.340620,0.359851,0.236534,0.049345,0.175153,-0.011604,0.054216,-0.142028,0.454861,0.289723,0.007537,-0.074071,0.748287,0.330788
0.613968,0.519160,0.482468,0.769494,1.140470,0.000000,0.482880,0.502341,1.161569,1.092866,0.362782,0.463683,0.431920,0.446104,0.779052,0.542328,0.091160,0.175852,0.305651,0.245016,0.149724,0.400781,0.698397,0.596328,0.765493,1.108186,0.390653,0.420420,0.323156,0.242653,0.242768,0.332348,0.422979,0.356353,0.358556,0.254017,-0.020289,0.065052,0.099495,0.018008,-0.052866,-0.098580,0.431275,0.386589,0.218699,0.296534,0.353000,0.420073,0.302869,0.487377,0.633550,0.594322,0.636694,0.751397,0.541558,0.522372,0.731715,0.619918,0.638221,0.645525,0.509938,0.645545,0.391100,0.209990,0.398538,0.417981,0.622478,0.436099,0.683991,0.431758,0.473325,0.608574,0.268697,0.303311,0.414887,0.329990,0.493102,0.485192,0.308354,0.029396,0.190738,0.060177,0.038133,-0.159432,0.516786,0.378120,0.051034,-0.083175,0.780890,0.495959
0.580080,0.584070,0.989991,0.984078,0.309059,0.482880,0.000000,1.053320,0.485828,0.503426,0.490625,0.492420,0.759828,0.502489,0.527015,0.442799,0.306572,0.274928,0.644400,0.571879,0.055748,0.289180,0.755796,0.797020,0.139141,0.306693,0.142488,0.238711,0.298547,0.260900,0.153600,0.215692,0.613631,0.687352,0.529288,0.507485,0.028608,0.127932,-0.065279,0.000975,-0.098314,-0.248550,0.253529,0.347885,0.194534,0.228989,0.275724,0.272928,0.182695,0.274072,0.457518,0.334678,0.394261,0.350684,0.315736,0.288316,0.418423,0.512768,0.453904,0.341123,0.736192,0.590768,0.608297,0.438572,0.583463,0.585715,0.706452,0.455745,0.348364,0.191716,0.612544,0.645415,0.484869,0.472998,0.502126,0.465231,0.666468,0.502747,0.393728,0.070538,0.065682,0.036594,-0.083702,-0.308255,0.612475,0.530248,0.223241,0.003703,0.522380,0.438107
0.510382,0.557773,0.499730,1.073338,0.311670,0.502341,1.053320,0.000000,0.601001,0.527642,0.424247,0.790512,0.646080,0.606883,0.394488,0.395972,0.370965,0.260623,0.391863,0.446607,0.081687,0.200271,0.537043,0.726009,0.097537,0.308105,-0.005650,0.076425,0.370653,0.372658,0.087118,0.215867,0.436835,0.651369,0.210280,0.367457,-0.010355,0.120258,0.020701,0.053667,-0.122701,-0.266607,0.067702,0.174190,0.018885,0.096821,0.260233,0.170198,0.046571,0.272545,0.530443,0.495788,0.572506,0.483459,0.344444,0.218719,0.367030,0.535679,0.558512,0.593858,0.693156,0.776522,0.518617,0.577335,0.322079,0.706265,0.604956,0.633292,0.261161,0.082750,0.408905,0.409772,0.358182,0.513973,0.325542,0.365785,0.570627,0.453165,0.326653,0.037821,0.151723,0.085043,-0.018755,-0.231857,0.563023,0.554109,0.219145,0.098806,0.455920,0.553559
0.476638,0.444726,0.473554,0.792546,1.073154,1.161569,0.485828,0.601001,0.000000,0.845411,0.347087,0.494287,0.555846,0.308686,0.688526,0.320409,0.097086,0.136557,0.207779,0.205752,0.063330,0.250828,0.713350,0.520436,0.764871,0.876874,0.323081,0.226963,0.378342,0.246206,0.164963,0.278220,0.346653,0.330394,0.244262,0.211845,-0.120942,-0.018575,0.000195,-0.078456,-0.101987,-0.247116,0.272414,0.265645,0.052970,0.160269,0.353663,0.292736,0.131443,0.436804,0.562732,0.639642,0.617969,0.838108,0.437593,0.337999,0.477587,0.504989,0.643840,0.663956,0.557347,0.663361,0.369249,0.298375,0.372070,0.418398,0.554390,0.489572,0.529259,0.303841,0.338255,0.348217,0.114879,0.150222,0.266967,0.205642,0.337397,0.323288,0.192983,0.096177,0.069143,-0.012353,-0.031246,-0.218840,0.390056,0.332723,0.037109,-0.132541,0.669182,0.490111
0.607090,0.479341,0.518982,0.762297,0.845709,1.092866,0.503426,0.527642,0.845411,0.000000,0.379686,0.375848,0.459398,0.460088,0.623875,0.680518,0.149636,0.185804,0.446045,0.377225,0.142909,0.481438,0.595882,0.501397,0.630008,0.680824,0.294188,0.316708,0.231836,0.158185,0.148728,0.190336,0.362438,0.369110,0.360446,0.424435,0.114045,0.150196,0.009057,-0.018249,0.003803,-0.107270,0.482401,0.415390,0.230538,0.249798,0.461569,0.482691,0.254822,0.313756,0.404960,0.343611,0.485454,0.506086,0.507703,0.458655,0.594172,0.543955,0.419843,0.377514,0.361799,0.537221,0.434240,0.261169,0.330119,0.345074,0.514200,0.341784,0.657064,0.466172,0.488430,0.597725,0.346254,0.378030,0.464989,0.354516,0.590003,0.532114,0.323645,-0.086316,0.198407,0.041548,-0.062966,-0.179673,0.494458,0.346595,0.084319,-0.070270,0.717490,0.474187
0.571096,0.586445,0.402964,0.401425,0.271304,0.362782,0.490625,0.424247,0.347087,0.379686,0.000000,0.775689,1.153412,0.718192,0.486708,0.530452,0.410724,0.576904,0.495617,0.373656,0.273201,0.532942,0.308759,0.222096,0.175011,0.249682,0.159776,0.256944,0.531014,0.435272,0.237836,0.194982,0.310442,0.355603,0.302463,0.166946,0.151150,0.187358,0.001316,-0.076056,0.060149,-0.237360,0.187289,0.326707,0.043165,0.082357,0.247804,0.377639,0.044807,0.276345,0.397529,0.407508,0.529255,0.416919,0.391254,0.310587,0.420349,0.560957,0.299465,0.304569,0.352100,0.390276,0.612906,0.389347,0.211800,0.294272,0.364590,0.285249,0.304374,0.310665,0.405312,0.480126,0.396659,0.361953,0.405324,0.397558,0.539746,0.580168,0.373949,0.220861,0.351777,0.259122,-0.231232,-0.193973,0.675940,0.636197,0.411283,0.004138,0.528985,0.418505
0.525014,0.573553,0.226767,0.535749,0.375164,0.463683,0.492420,0.790512,0.494287,0.375848,0.775689,0.000000,0.745991,1.098420,0.531060,0.498505,0.343549,0.523330,0.253506,0.278383,0.253794,0.352435,0.319855,0.427226,0.045656,0.364370,0.093763,0.221153,0.724564,0.749463,0.361986,0.376480,0.482708,0.535897,0.061352,0.021348,-0.052622,0.020441,-0.041637,-0.171742,-0.034202,-0.314279,0.064790,0.255312,0.066580,0.164240,0.198337,0.192626,0.094327,0.471665,0.636240,0.757993,0.722060,0.617784,0.392443,0.283871,0.530364,0.708273,0.703658,0.755332,0.654771,0.762419,0.800431,0.708854,0.176943,0.529463,0.534055,0.619823,0.157984,0.140257,0.382435,0.373016,0.212892,0.329430,0.332111,0.374750,0.433049,0.455386,0.454901,0.236807,0.407485,0.349268,-0.121212,-0.213268,0.657822,0.614487,0.216353,0.090829,0.559347,0.523884
0.539228,0.579334,0.702155,0.695751,0.342243,0.431920,0.759828,0.646080,0.555846,0.459398,1.153412,0.745991,0.000000,0.722844,0.590864,0.505457,0.438556,0.511959,0.513033,0.477231,0.195528,0.349487,0.593389,0.490383,0.332837,0.360881,0.281136,0.221628,0.550069,0.428347,0.244624,0.254671,0.400436,0.441090,0.413483,0.344153,0.094319,0.153017,-0.022657,-0.078212,0.068307,-0.249346,0.229501,0.354616,0.027522,0.096165,0.332782,0.389295,0.037187,0.298032,0.342281,0.354201,0.441714,0.411116,0.354059,0.231382,0.330324,0.539693,0.308744,0.291027,0.482331,0.447181,0.679844,0.467070,0.419218,0.456423,0.447136,0.375908,0.365642,0.325175,0.474829,0.493824,0.411284,0.408576,0.372261,0.340607,0.519674,0.502400,0.338070,0.248796,0.281136,0.234951,-0.231523,-0.198881,0.698095,0.676892,0.358943,-0.025311,0.541406,0.435838
0.549126,0.488498,0.310065,0.504417,0.349054,0.446104,0.502489,0.606883,0.308686,0.460088,0.718192,1.098420,0.722844,0.000000,0.590864,0.737554,0.293353,0.402880,0.373024,0.235451,0.256270,0.424005,0.357358,0.492741,0.047674,0.360893,0.160024,0.237730,0.449419,0.592830,0.453016,0.446739,0.456749,0.501049,0.202695,0.126920,0.020304,0.052573,0.028573,-0.078909,0.040108,-0.215908,0.257769,0.418753,0.258842,0.305861,0.217801,0.290954,0.271445,0.473512,0.582841,0.499025,0.523129,0.382495,0.439391,0.337261,0.612240,0.586694,0.566420,0.528999,0.553891,0.541632,0.714690,0.470405,0.347043,0.481681,0.534536,0.378829,0.286049,0.217578,0.436724,0.496093,0.434043,0.464213,0.412476,0.431515,0.537747,0.400931,0.502506,0.057063,0.369022,0.255954,-0.083918,-0.209607,0.715135,0.545644,0.272584,0.173421,0.532541,0.366701
0.519134,0.353377,0.607353,0.661008,0.753849,0.779052,0.527015,0.394488,0.688526,0.623875,0.486708,0.531060,0.590864,0.590864,0.000000,0.654025,0.025933,0.150444,0.291164,0.167233,0.448915,0.564334,0.680409,0.641346,0.459926,0.838027,0.647807,0.555266,0.424408,0.414434,0.574528,0.509350,0.355265,0.225111,0.463296,0.212404,0.093417,0.095449,0.245656,0.140691,0.121052,-0.039912,0.524556,0.517040,0.312972,0.417196,0.283937,0.452024,0.379154,0.571767,0.636332,0.512725,0.523147,0.625930,0.523343,0.644424,0.586112,0.422979,0.646796,0.579153,0.448220,0.613582,0.436083,0.135324,0.551827,0.421802,0.617295,0.330770,0.562948,0.509337,0.595820,0.752592,0.291910,0.239494,0.435792,0.360698,0.440601,0.439306,0.396806,0.031172,0.213853,0.167664,0.255763,0.025453,0.783000,0.604908,0.305126,0.139453,0.927754,0.427188
0.560301,0.379765,0.405945,0.388017,0.368587,0.542328,0.442799,0.395972,0.320409,0.680518,0.530452,0.498505,0.505457,0.737554,0.654025,0.000000,0.184124,0.219982,0.468434,0.353697,0.312726,0.536730,0.272832,0.316141,0.077798,0.274418,0.362854,0.695565,0.273734,0.276638,0.299680,0.255256,0.232538,0.215110,0.313028,0.277213,0.174451,0.205248,0.145628,0.153484,0.060400,-0.022467,0.348253,0.379410,0.157170,0.144821,0.284014,0.376993,0.137745,0.192184,0.377877,0.245305,0.435686,0.322618,0.439612,0.477486,0.453591,0.421449,0.323216,0.266945,0.266143,0.398006,0.509053,0.198540,0.336586,0.377969,0.448678,0.175329,0.354852,0.472508,0.534181,0.636295,0.489125,0.430679,0.565713,0.532376,0.495851,0.427547,0.406950,-0.074647,0.256914,0.219510,0.031388,0.041430,0.681188,0.463859,0.334543,0.385328,0.661673,0.458893
0.284893,0.553866,0.206202,0.320231,-0.051725,0.091160,0.306572,0.370965,0.097086,0.149636,0.410724,0.343549,0.438556,0.293353,0.025933,0.184124,0.000000,0.516512,0.455734,0.679089,0.015746,0.080146,0.096315,0.149375,0.063823,-0.066851,-0.087386,-0.080005,0.556233,0.185925,-0.142934,-0.159530,0.190090,0.431973,0.003364,0.274960,0.214567,0.282762,-0.088972,0.041280,-0.043034,-0.044006,0.017038,0.155129,-0.082286,-0.114649,0.297217,0.304113,-0.079509,0.041338,0.118458,0.027663,0.259753,-0.078513,0.259900,0.132461,0.189552,0.464732,-0.015955,-0.025128,0.192018,0.009303,0.443559,0.598590,-0.080744,0.122947,0.138860,0.225307,0.098567,0.180085,0.107926,0.015093,0.628642,0.628934,0.230984,0.259445,0.369689,0.277115,0.332939,0.151515,0.542514,0.362930,-0.119291,-0.129255,0.319437,0.407599,0.028949,-0.149951,0.019620,0.359083
0.414568,0.632616,0.249571,0.259268,0.062643,0.175852,0.274928,0.260623,0.136557,0.185804,0.576904,0.523330,0.511959,0.402880,0.150444,0.219982,0.516512,0.000000,0.321021,0.468990,0.036229,0.156169,0.149049,0.129716,0.139741,0.129762,0.122000,0.206002,0.537938,0.472133,0.199063,0.142448,0.548671,0.531409,0.132485,0.150745,-0.117187,0.067117,-0.276336,-0.306750,-0.196941,-0.135180,0.179506,0.326146,0.213280,0.230314,0.205617,0.191798,0.179587,0.340516,0.148961,0.161083,0.215114,0.158874,0.118087,0.137332,0.437798,0.628873,0.090210,0.123359,0.185036,0.258751,0.632461,0.630439,0.003966,0.184040,0.186966,0.220955,0.162721,0.328505,0.257960,0.288706,0.370112,0.392599,0.413773,0.407775,0.443100,0.525776,0.675685,0.609216,0.506504,0.703660,-0.336088,-0.161035,0.400791,0.467111,0.114834,-0.087785,0.217529,0.190038
1.057431,0.826272,0.773264,0.569144,0.210458,0.305651,0.644400,0.391863,0.207779,0.446045,0.495617,0.253506,0.513033,0.373024,0.291164,0.468434,0.455734,0.321021,0.000000,1.036708,-0.072701,0.247039,0.370766,0.257038,0.167939,0.135887,0.076245,0.257537,0.115138,-0.040950,-0.121088,-0.073920,0.444818,0.550085,0.440420,0.604227,0.156747,0.366675,-0.146696,-0.034343,-0.018192,0.008969,0.273423,0.338672,0.110212,0.112253,0.373975,0.344429,0.083273,0.079325,0.204883,0.110637,0.390691,0.230067,0.425195,0.459105,0.493266,0.642324,0.183292,0.140702,0.264245,0.258731,0.561280,0.349631,0.213653,0.076534,0.430386,0.233380,0.689826,0.533119,0.538049,0.563643,0.699168,0.687876,0.739091,0.627701,0.884933,0.656547,0.393785,-0.115554,0.162081,0.061921,-0.190845,-0.260942,0.495176,0.541813,0.146536,-0.171184,0.470884,0.520956
0.646718,0.923929,0.691752,0.563310,0.080926,0.245016,0.571879,0.446607,0.205752,0.377225,0.373656,0.278383,0.477231,0.235451,0.167233,0.353697,0.679089,0.468990,1.036708,0.000000,-0.180926,0.129288,0.274115,0.207364,0.158877,-0.015759,-0.004183,0.153008,0.210008,-0.103781,-0.308483,-0.261997,0.425035,0.549280,0.226687,0.589371,0.179011,0.353745,-0.175181,-0.062397,0.004980,0.040331,0.083376,0.137931,-0.127467,-0.123022,0.380815,0.283527,-0.122828,-0.092312,0.005415,-0.032325,0.314757,0.139218,0.376906,0.328455,0.292336,0.686849,0.027480,0.003509,0.152283,0.160316,0.481456,0.540132,-0.029773,0.014172,0.219264,0.236076,0.474096,0.619628,0.445722,0.370858,0.626348,0.684251,0.628674,0.617231,0.700908,0.588517,0.309401,0.045005,0.215723,0.206568,-0.247241,-0.214626,0.251349,0.480267,0.155918,-0.160898,0.335121,0.650329
0.114890,-0.063835,-0.063671,0.026333,0.216987,0.149724,0.055748,0.081687,0.063330,0.142909,0.273201,0.253794,0.195528,0.256270,0.448915,0.312726,0.015746,0.036229,-0.072701,-0.180926,0.000000,0.661141,-0.083271,0.040810,-0.008339,0.218271,0.496319,0.426656,0.415966,0.319442,0.514994,0.391561,-0.196453,-0.200887,0.042871,-0.170145,0.490198,0.440348,0.560587,0.484923,0.388278,0.265120,0.100287,0.066267,0.024281,0.001982,-0.135291,0.234300,-0.021825,0.063222,0.131468,0.148512,0.146798,0.181277,0.055951,0.229075,0.051289,-0.085698,0.095340,0.137937,-0.096342,0.098601,-0.071446,-0.258282,0.060893,0.144974,0.066362,-0.073180,0.077189,0.036919,0.196235,0.405216,0.185728,0.123641,-0.025139,-0.064103,0.120132,0.313602,0.137736,-0.004086,0.445414,0.278493,0.444132,0.441370,0.595055,0.485118,0.311491,0.437465,0.253004,0.069627
0.365151,0.242695,0.307700,0.286678,0.470426,0.400781,0.289180,0.200271,0.250828,0.481438,0.532942,0.352435,0.349487,0.424005,0.564334,0.536730,0.080146,0.156169,0.247039,0.129288,0.661141,0.000000,0.177555,0.174131,0.175411,0.409841,0.366528,0.463243,0.338116,0.283187,0.471462,0.355070,0.158581,0.120878,0.284914,0.107775,0.260352,0.195515,0.139059,0.127481,0.118496,-0.049214,0.347251,0.336795,0.233354,0.228361,0.176009,0.370853,0.213321,0.222312,0.331437,0.255748,0.275667,0.254884,0.359296,0.409222,0.335612,0.252672,0.225695,0.211838,0.149298,0.261411,0.225323,0.042668,0.228110,0.206312,0.304459,0.125962,0.393228,0.293075,0.405701,0.591559,0.271829,0.264895,0.302576,0.302766,0.396484,0.470928,0.386340,0.003110,0.341130,0.188764,0.027436,0.008013,0.556935,0.331377,0.294594,0.211155,0.498193,0.247919
0.445799,0.461507,0.895751,0.995766,0.613099,0.698397,0.755796,0.537043,0.713350,0.595882,0.308759,0.319855,0.593389,0.357358,0.680409,0.272832,0.096315,0.149049,0.370766,0.274115,-0.083271,0.177555,0.000000,1.153981,0.725217,0.832833,0.268099,0.092576,0.208924,0.234600,0.331711,0.361568,0.693482,0.607908,0.765662,0.565087,-0.063205,-0.008051,-0.050624,-0.103090,-0.114222,-0.208504,0.500356,0.489357,0.355414,0.458512,0.461689,0.380478,0.437226,0.524491,0.496470,0.363887,0.320520,0.483712,0.355990,0.279685,0.572516,0.486159,0.522130,0.399826,0.769749,0.618597,0.421656,0.278369,0.846311,0.552566,0.702918,0.518969,0.577014,0.300390,0.410956,0.495810,0.227087,0.243942,0.335843,0.245561,0.416480,0.301290,0.372139,0.022500,-0.007913,-0.025705,-0.037120,-0.235486,0.387107,0.294955,0.048607,-0.265467,0.498513,0.241987
0.314425,0.300987,0.689180,1.041868,0.419367,0.596328,0.797020,0.726009,0.520436,0.501397,0.222096,0.427226,0.490383,0.492741,0.641346,0.316141,0.149375,0.129716,0.257038,0.207364,0.040810,0.174131,1.153981,0.000000,0.378676,0.659909,0.116635,0.014764,0.299820,0.359895,0.271216,0.328220,0.463990,0.490473,0.531281,0.366507,0.041953,0.094840,0.111498,0.056354,-0.038854,-0.103292,0.408103,0.455839,0.357785,0.423805,0.320594,0.368695,0.408733,0.529403,0.598806,0.438561,0.350122,0.385054,0.347979,0.331378,0.492787,0.364271,0.540141,0.475477,0.681140,0.589524,0.400044,0.247027,0.645417,0.636822,0.672051,0.505442,0.364777,0.184395,0.301768,0.389907,0.254717,0.298088,0.271202,0.207601,0.420522,0.302830,0.397496,0.045982,0.155089,0.109812,0.139922,-0.081956,0.531810,0.412297,0.103755,-0.079789,0.373368,0.262533
0.349050,0.326496,0.502455,0.594286,0.755919,0.765493,0.139141,0.097537,0.764871,0.630008,0.175011,0.045656,0.332837,0.047674,0.459926,0.077798,0.063823,0.139741,0.167939,0.158877,-0.008339,0.175411,0.725217,0.378676,0.000000,0.994262,0.389619,0.077552,0.164332,0.065040,0.166607,0.229779,0.320751,0.281257,0.372423,0.307685,0.015435,0.061169,0.064229,-0.056073,0.053804,-0.026928,0.539609,0.388307,0.164840,0.251769,0.477161,0.479598,0.279688,0.387043,0.274191,0.231222,0.265289,0.466366,0.355484,0.257244,0.393735,0.364742,0.200568,0.217252,0.218374,0.276938,0.086355,0.073800,0.320283,0.153140,0.284206,0.257544,0.779168,0.491421,0.211377,0.308264,0.176408,0.129684,0.142997,0.045090,0.271750,0.293592,0.217547,0.020534,0.165215,0.032463,-0.035359,-0.097899,0.157824,0.192864,-0.011172,-0.369667,0.371143,0.208375
0.474737,0.325748,0.461021,0.726367,1.067342,1.108186,0.306693,0.308105,0.876874,0.680824,0.249682,0.364370,0.360881,0.360893,0.838027,0.274418,-0.066851,0.129762,0.135887,-0.015759,0.218271,0.409841,0.832833,0.659909,0.994262,0.000000,0.468041,0.274234,0.264674,0.299434,0.478397,0.551087,0.422885,0.326050,0.424667,0.211433,-0.079533,-0.067146,0.087561,-0.053490,-0.074239,-0.128089,0.579860,0.524112,0.430882,0.553260,0.378000,0.409377,0.551658,0.767046,0.715756,0.644661,0.443723,0.714140,0.465191,0.429963,0.690773,0.440950,0.661438,0.693845,0.524666,0.627771,0.270328,0.113349,0.535446,0.420065,0.642384,0.482320,0.687811,0.319500,0.374655,0.538751,0.138018,0.142918,0.242640,0.143962,0.343280,0.358286,0.329212,0.044314,0.161535,0.066604,0.103485,-0.146101,0.460315,0.334417,-0.034886,-0.176943,0.592068,0.215015
0.206389,0.158265,0.247284,0.155064,0.578577,0.390653,0.142488,-0.005650,0.323081,0.294188,0.159776,0.093763,0.281136,0.160024,0.647807,0.362854,-0.087386,0.122000,0.076245,-0.004183,0.496319,0.366528,0.268099,0.116635,0.389619,0.468041,0.000000,0.924362,0.273227,0.270283,0.646083,0.520154,0.143634,-0.027636,0.346315,0.192275,0.023951,0.003328,0.196323,0.158224,0.161218,0.083902,0.441706,0.352985,0.280498,0.303146,0.131822,0.293971,0.295608,0.291567,0.154666,0.079998,0.097067,0.222726,0.183452,0.261796,0.223586,0.109405,0.138240,0.122533,0.051352,0.156195,0.072119,-0.154203,0.390181,0.234076,0.205326,-0.003457,0.390094,0.399288,0.306142,0.525760,0.241735,0.153734,0.093739,0.173398,0.166905,0.265707,0.186615,0.183135,0.196852,0.125255,0.183000,0.204895,0.416492,0.338028,0.195270,0.161733,0.504465,0.065909
0.388784,0.231169,0.250773,0.096838,0.469004,0.420420,0.238711,0.076425,0.226963,0.316708,0.256944,0.221153,0.221628,0.237730,0.555266,0.695565,-0.080005,0.206002,0.257537,0.153008,0.426656,0.463243,0.092576,0.014764,0.077552,0.274234,0.924362,0.000000,0.172287,0.141263,0.395295,0.289700,0.184042,0.025317,0.312414,0.231011,0.064639,0.071085,0.138051,0.125614,0.103369,0.092434,0.282191,0.221371,0.201589,0.199310,0.108483,0.198446,0.171619,0.165461,0.201821,0.165276,0.246828,0.315843,0.270714,0.386867,0.310764,0.254491,0.260737,0.228240,0.097689,0.265635,0.270006,-0.020601,0.257060,0.244806,0.338011,0.102745,0.334064,0.420941,0.529997,0.688546,0.256791,0.187950,0.375370,0.462118,0.336241,0.457199,0.221997,0.129973,0.214644,0.197015,0.084545,0.135680,0.547400,0.446889,0.228645,0.268795,0.688010,0.331002
0.191391,0.380682,0.164689,0.280074,0.263188,0.323156,0.298547,0.370653,0.378342,0.231836,0.531014,0.724564,0.550069,0.449419,0.424408,0.273734,0.556233,0.537938,0.115138,0.210008,0.415966,0.338116,0.208924,0.299820,0.164332,0.264674,0.273227,0.172287,0.000000,0.865339,0.315181,0.216105,0.232401,0.241357,-0.008312,-0.101092,0.036920,0.139106,0.042797,-0.018212,0.001299,-0.052351,0.107027,0.231382,0.010391,0.032030,0.131877,0.282278,0.020079,0.310939,0.341222,0.371839,0.366582,0.258909,0.177365,0.178062,0.247879,0.380314,0.222504,0.258668,0.233913,0.226202,0.442710,0.423434,0.010286,0.187739,0.172427,0.214701,0.048044,0.105172,0.092679,0.129293,0.242961,0.220513,0.122575,0.130847,0.206690,0.270568,0.484335,0.442186,0.610538,0.482356,0.113939,0.092001,0.476350,0.427247,0.192943,0.073516,0.207493,0.216850
0.172279,0.215613,0.060209,0.231598,0.247031,0.242653,0.260900,0.372658,0.246206,0.158185,0.435272,0.749463,0.428347,0.592830,0.414434,0.276638,0.185925,0.472133,-0.040950,-0.103781,0.319442,0.283187,0.234600,0.359895,0.065040,0.299434,0.270283,0.141263,0.865339,0.000000,0.619104,0.484695,0.240576,0.186356,0.001530,-0.261232,-0.105433,-0.052587,0.065069,0.013613,-0.025716,-0.221531,0.125851,0.257655,0.175279,0.217319,-0.040329,0.118487,0.186265,0.438728,0.416378,0.435397,0.280589,0.304825,0.063195,0.080309,0.317481,0.283364,0.283059,0.348341,0.313259,0.378779,0.438860,0.325285,0.220763,0.415504,0.181447,0.146357,-0.058384,-0.058462,0.021219,0.145556,0.095150,0.118759,-0.008906,0.031991,0.068306,0.100127,0.576928,0.416084,0.456383,0.453243,0.112527,0.123281,0.478466,0.261218,0.218986,0.170698,0.225074,-0.025653
0.182314,0.035953,0.068440,0.091446,0.429054,0.242768,0.153600,0.087118,0.164963,0.148728,0.237836,0.361986,0.244624,0.453016,0.574528,0.299680,-0.142934,0.199063,-0.121088,-0.308483,0.514994,0.471462,0.331711,0.271216,0.166607,0.478397,0.646083,0.395295,0.315181,0.619104,0.000000,1.496483,0.395351,0.206400,0.321748,-0.095075,-0.114465,-0.179026,0.163871,0.012945,-0.045058,-0.126649,0.421970,0.418191,0.585774,0.660322,0.012505,0.137945,0.585469,0.591058,0.337392,0.232027,0.021391,0.192467,0.057549,0.108798,0.395267,0.102710,0.383480,0.272859,0.413469,0.418260,0.280836,0.019302,0.620199,0.539963,0.361723,0.183239,0.158330,0.038149,0.271413,0.424314,0.044996,0.000210,0.034168,0.057183,0.028738,0.096015,0.431305,0.251695,0.275457,0.270162,0.145710,0.050519,0.436137,0.125651,0.170317,0.295778,0.352825,-0.169543
0.276764,0.086974,0.083873,0.210237,0.463308,0.332348,0.215692,0.215867,0.278220,0.190336,0.194982,0.376480,0.254671,0.446739,0.509350,0.255256,-0.159530,0.142448,-0.073920,-0.261997,0.391561,0.355070,0.361568,0.328220,0.229779,0.551087,0.520154,0.289700,0.216105,0.484695,1.496483,0.000000,0.409976,0.274059,0.325496,-0.046965,-0.239473,-0.238307,0.106548,-0.057537,-0.144210,-0.170493,0.366348,0.329790,0.518144,0.599755,-0.010955,0.037426,0.537472,0.588575,0.381841,0.294557,0.066243,0.249304,0.036616,0.035914,0.452164,0.136789,0.449883,0.366636,0.502677,0.566508,0.273964,0.051172,0.676277,0.661024,0.438236,0.279260,0.238745,0.024232,0.326251,0.454452,0.060247,0.057341,0.053043,0.053180,0.087833,0.119019,0.392156,0.207309,0.203724,0.189277,0.055714,-0.081080,0.391993,0.119243,0.121330,0.285042,0.337594,-0.117776
0.578181,0.739334,0.552794,0.564127,0.350952,0.422979,0.613631,0.436835,0.346653,0.362438,0.310442,0.482708,0.400436,0.456749,0.355265,0.232538,0.190090,0.548671,0.444818,0.425035,-0.196453,0.158581,0.693482,0.463990,0.320751,0.422885,0.143634,0.184042,0.232401,0.240576,0.395351,0.409976,0.000000,1.364568,0.466789,0.437071,-0.287254,-0.189891,-0.274084,-0.408124,-0.292123,-0.285169,0.463208,0.500694,0.492833,0.583737,0.343660,0.192388,0.529072,0.533241,0.366614,0.251918,0.224710,0.293054,0.272048,0.195655,0.758881,0.761574,0.485301,0.331159,0.851337,0.663983,0.754121,0.706047,0.482544,0.423023,0.603772,0.508120,0.442202,0.297510,0.516348,0.487072,0.266994,0.333568,0.535356,0.468658,0.546600,0.446985,0.546061,0.239717,0.113347,0.156592,-0.261503,-0.510071,0.283882,0.233504,0.081728,-0.164466,0.443589,0.193946
0.636156,0.815636,0.527694,0.697430,0.254703,0.356353,0.687352,0.651369,0.330394,0.369110,0.355603,0.535897,0.441090,0.501049,0.225111,0.215110,0.431973,0.531409,0.550085,0.549280,-0.200887,0.120878,0.607908,0.490473,0.281257,0.326050,-0.027636,0.025317,0.241357,0.186356,0.206400,0.274059,1.364568,0.000000,0.387189,0.519942,-0.167679,-0.048266,-0.246497,-0.340398,-0.252501,-0.329215,0.307478,0.402322,0.316435,0.383545,0.444088,0.253262,0.335600,0.431786,0.432425,0.304369,0.378055,0.293945,0.419304,0.209689,0.711171,0.884129,0.535195,0.403997,0.935623,0.658702,0.727524,0.850551,0.382961,0.490855,0.708310,0.721144,0.454324,0.282156,0.472232,0.393510,0.419086,0.492681,0.501206,0.520030,0.674678,0.510581,0.484703,0.149044,0.212506,0.141581,-0.314116,-0.600136,0.355632,0.355205,0.078022,-0.261625,0.400155,0.409217
0.448209,0.344036,0.660686,0.517963,0.357153,0.358556,0.529288,0.210280,0.244262,0.360446,0.302463,0.061352,0.413483,0.202695,0.463296,0.313028,0.003364,0.132485,0.440420,0.226687,0.042871,0.284914,0.765662,0.531281,0.372423,0.424667,0.346315,0.312414,-0.008312,0.001530,0.321748,0.325496,0.466789,0.387189,0.000000,0.797161,-0.027990,0.021311,-0.020646,-0.044478,-0.097994,-0.028708,0.454567,0.415960,0.437628,0.474043,0.161304,0.166232,0.435877,0.347682,0.279306,0.102837,0.095349,0.191831,0.199262,0.206959,0.501139,0.332555,0.279641,0.164123,0.460504,0.479685,0.273722,0.080486,1.067994,0.552478,0.615705,0.255279,0.627017,0.351071,0.487790,0.650868,0.318778,0.290184,0.500819,0.346708,0.597411,0.467282,0.419144,-0.052998,-0.021105,-0.044901,-0.173793,-0.187675,0.400749,0.269731,0.033804,-0.012444,0.502602,0.118838
0.477289,0.503595,0.684212,0.612318,0.214328,0.254017,0.507485,0.367457,0.211845,0.424435,0.166946,0.021348,0.344153,0.126920,0.212404,0.277213,0.274960,0.150745,0.604227,0.589371,-0.170145,0.107775,0.565087,0.366507,0.307685,0.211433,0.192275,0.231011,-0.101092,-0.261232,-0.095075,-0.046965,0.437071,0.519942,0.797161,0.000000,0.031095,0.109104,-0.179246,-0.101177,-0.098036,-0.053407,0.293708,0.279444,0.159904,0.178758,0.472010,0.265166,0.157911,0.118796,0.125775,-0.002965,0.164096,0.123207,0.357190,0.232438,0.362879,0.479764,0.158734,0.108539,0.331487,0.324806,0.276795,0.281780,0.460370,0.366554,0.536825,0.392930,0.621477,0.510291,0.519801,0.493102,0.412431,0.500287,0.528784,0.539523,0.682884,0.516467,0.201352,-0.113597,-0.027264,-0.103065,-0.255995,-0.340800,0.272332,0.322467,-0.009880,-0.202858,0.400789,0.359589
0.061091,-0.022463,0.054175,0.055492,-0.077732,-0.020289,0.028608,-0.010355,-0.120942,0.114045,0.151150,-0.052622,0.094319,0.020304,0.093417,0.174451,0.214567,-0.117187,0.156747,0.179011,0.490198,0.260352,-0.063205,0.041953,0.015435,-0.079533,0.023951,0.064639,0.036920,-0.105433,-0.114465,-0.239473,-0.287254,-0.167679,-0.027990,0.031095,0.000000,0.892808,0.590908,0.651687,0.770682,0.374763,0.007089,-0.035060,-0.240177,-0.327349,0.084455,0.405211,-0.297625,-0.369454,-0.153180,-0.164408,0.057881,0.008768,0.203114,0.359989,-0.124838,-0.038609,-0.206863,-0.191344,-0.262032,-0.217651,-0.147565,-0.228649,-0.184813,-0.160304,-0.137028,-0.171393,0.057854,0.116418,0.034940,0.149335,0.260059,0.209143,0.002332,0.002811,0.144343,0.290902,-0.006121,-0.306973,0.292992,0.113471,0.268954,0.414679,0.297233,0.349536,0.393586,0.081225,0.117507,0.214334
0.251840,0.162754,0.139573,0.176711,-0.025938,0.065052,0.127932,0.120258,-0.018575,0.150196,0.187358,0.020441,0.153017,0.052573,0.095449,0.205248,0.282762,0.067117,0.366675,0.353745,0.440348,0.195515,-0.008051,0.094840,0.061169,-0.067146,0.003328,0.071085,0.139106,-0.052587,-0.179026,-0.238307,-0.189891,-0.048266,0.021311,0.109104,0.892808,0.000000,0.590369,0.629798,0.572881,0.672868,-0.008969,0.015762,-0.256320,-0.291860,0.160948,0.440593,-0.279006,-0.297001,-0.065228,-0.059966,0.234813,0.131905,0.270923,0.462343,0.018162,0.129029,-0.137067,-0.083615,-0.241904,-0.080127,-0.092620,-0.144836,-0.197942,-0.111423,-0.067137,-0.096882,0.208389,0.259429,0.125323,0.247148,0.401467,0.387020,0.161106,0.055948,0.337865,0.461899,0.164557,-0.226617,0.380914,0.268501,0.345821,0.512716,0.324735,0.512557,0.340184,0.090602,0.142804,0.343657
-0.013862,-0.158772,-0.095418,0.034736,0.114652,0.099495,-0.065279,0.020701,0.000195,0.009057,0.001316,-0.041637,-0.022657,0.028573,0.245656,0.145628,-0.088972,-0.276336,-0.146696,-0.175181,0.560587,0.139059,-0.050624,0.111498,0.064229,0.087561,0.196323,0.138051,0.042797,0.065069,0.163871,0.106548,-0.274084,-0.246497,-0.020646,-0.179246,0.590908,0.590369,0.000000,1.106231,0.713602,0.598854,0.101555,-0.039977,-0.079850,-0.107879,-0.115374,0.225830,-0.096377,-0.145623,-0.000904,-0.035879,0.016068,0.085316,0.182669,0.323855,-0.025394,-0.146513,0.024197,0.080904,-0.138081,0.008087,-0.327308,-0.405742,-0.000924,0.045382,-0.040375,-0.161482,0.101737,0.052423,0.029346,0.131839,0.118002,0.152507,-0.092136,-0.034511,0.015314,0.137006,0.011174,-0.176379,0.356630,0.201716,0.852817,0.796269,0.246480,0.242215,0.570076,0.471969,0.211668,0.067291
-0.064072,-0.116065,-0.049622,0.005312,-0.024059,0.018008,0.000975,0.053667,-0.078456,-0.018249,-0.076056,-0.171742,-0.078212,-0.078909,0.140691,0.153484,0.041280,-0.306750,-0.034343,-0.062397,0.484923,0.127481,-0.103090,0.056354,-0.056073,-0.053490,0.158224,0.125614,-0.018212,0.013613,0.012945,-0.057537,-0.408124,-0.340398,-0.044478,-0.101177,0.651687,0.629798,1.106231,0.000000,0.503768,0.599363,0.052811,-0.077174,-0.138459,-0.221128,-0.101915,0.200014,-0.147638,-0.290244,-0.053299,-0.134573,0.014035,-0.026869,0.134318,0.300771,-0.155539,-0.229570,-0.147817,-0.086001,-0.251037,-0.183381,-0.364158,-0.456461,-0.063779,-0.041901,-0.141731,-0.299273,0.011186,0.006254,-0.056142,0.091377,0.276880,0.258766,-0.109985,-0.055364,0.001678,0.034299,-0.023404,-0.298112,0.197255,0.042230,0.814738,0.788866,0.167408,0.145071,0.322963,0.439664,0.036415,0.020749
-0.025319,-0.114958,-0.010564,-0.030522,-0.004655,-0.052866,-0.098314,-0.122701,-0.101987,0.003803,0.060149,-0.034202,0.068307,0.040108,0.121052,0.060400,-0.043034,-0.196941,-0.018192,0.004980,0.388278,0.118496,-0.114222,-0.038854,0.053804,-0.074239,0.161218,0.103369,0.001299,-0.025716,-0.045058,-0.144210,-0.292123,-0.252501,-0.097994,-0.098036,0.770682,0.572881,0.713602,0.503768,0.000000,0.378442,0.009181,-0.128495,-0.300454,-0.358708,-0.053051,0.219244,-0.348951,-0.401517,-0.260911,-0.202330,-0.016838,-0.000949,0.125584,0.209326,-0.164735,-0.100433,-0.186643,-0.148301,-0.309272,-0.201987,-0.293154,-0.369889,-0.141740,-0.160321,-0.231588,-0.265746,0.063185,0.122912,-0.030969,0.054202,0.156266,0.112805,-0.069899,-0.048666,0.058298,0.215246,-0.102212,-0.240416,0.315925,0.139460,0.343282,0.468612,0.181761,0.260631,0.559992,0.153071,0.149410,0.146569
-0.079842,-0.060927,-0.118859,-0.139449,-0.120337,-0.098580,-0.248550,-0.266607,-0.247116,-0.107270,-0.237360,-0.314279,-0.249346,-0.215908,-0.039912,-0.022467,-0.044006,-0.135180,0.008969,0.040331,0.265120,-0.049214,-0.208504,-0.103292,-0.026928,-0.128089,0.083902,0.092434,-0.052351,-0.221531,-0.126649,-0.170493,-0.285169,-0.329215,-0.028708,-0.053407,0.374763,0.672868,0.598854,0.599363,0.378442,0.000000,0.020195,-0.036870,-0.116609,-0.152370,-0.043950,0.164938,-0.103067,-0.285920,-0.228013,-0.281742,-0.090318,-0.119988,0.001816,0.237475,-0.130888,-0.139274,-0.250670,-0.197862,-0.417101,-0.268465,-0.393588,-0.428052,-0.244753,-0.318005,-0.272999,-0.362984,0.080369,0.173222,-0.026711,0.046457,0.126471,0.190458,-0.000214,-0.123969,-0.007582,0.094752,-0.020976,-0.281871,0.203722,0.134944,0.450108,0.785239,-0.072055,0.086865,0.146507,0.209595,-0.061960,-0.038533
0.282588,0.201328,0.451311,0.377939,0.415065,0.431275,0.253529,0.067702,0.272414,0.482401,0.187289,0.064790,0.229501,0.257769,0.524556,0.348253,0.017038,0.179506,0.273423,0.083376,0.100287,0.347251,0.500356,0.408103,0.539609,0.579860,0.441706,0.282191,0.107027,0.125851,0.421970,0.366348,0.463208,0.307478,0.454567,0.293708,0.007089,-0.008969,0.101555,0.052811,0.009181,0.020195,0.000000,1.260361,0.925926,0.848814,0.686114,0.773176,0.994997,0.628522,0.406862,0.143666,0.105948,0.139173,0.421491,0.537445,0.489283,0.207609,0.186303,0.109712,0.253998,0.171858,0.206634,0.023254,0.417269,0.172591,0.339489,0.118659,0.518313,0.401785,0.260568,0.402404,0.306404,0.227956,0.273050,0.236963,0.332569,0.259167,0.334836,-0.003222,0.199870,0.098707,0.074084,-0.003483,0.373422,0.171690,0.099472,-0.055574,0.307049,-0.019941
0.322952,0.268949,0.463311,0.424887,0.337116,0.386589,0.347885,0.174190,0.265645,0.415390,0.326707,0.255312,0.354616,0.418753,0.517040,0.379410,0.155129,0.326146,0.338672,0.137931,0.066267,0.336795,0.489357,0.455839,0.388307,0.524112,0.352985,0.221371,0.231382,0.257655,0.418191,0.329790,0.500694,0.402322,0.415960,0.279444,-0.035060,0.015762,-0.039977,-0.077174,-0.128495,-0.036870,1.260361,0.000000,0.844490,0.898308,0.748631,0.901409,0.903284,0.816042,0.568158,0.306476,0.260155,0.195199,0.459306,0.574091,0.497045,0.306157,0.246744,0.201282,0.373809,0.244215,0.400344,0.229505,0.374006,0.232550,0.398784,0.259009,0.368800,0.340354,0.273631,0.356384,0.284716,0.266728,0.271004,0.231344,0.391552,0.298721,0.402248,0.082373,0.197538,0.139887,-0.010025,-0.072362,0.442709,0.302674,0.052726,-0.131472,0.285415,0.058504
0.180274,0.061916,0.209419,0.184304,0.256549,0.218699,0.194534,0.018885,0.052970,0.230538,0.043165,0.066580,0.027522,0.258842,0.312972,0.157170,-0.082286,0.213280,0.110212,-0.127467,0.024281,0.233354,0.355414,0.357785,0.164840,0.430882,0.280498,0.201589,0.010391,0.175279,0.585774,0.518144,0.492833,0.316435,0.437628,0.159904,-0.240177,-0.256320,-0.079850,-0.138459,-0.300454,-0.116609,0.925926,0.844490,0.000000,1.754238,0.282373,0.242522,1.814249,0.878523,0.412155,0.176320,-0.089563,-0.001988,0.176436,0.266978,0.519234,0.114546,0.308311,0.188227,0.365826,0.219147,0.291100,0.084530,0.507390,0.282894,0.430478,0.201097,0.250871,0.054969,0.197214,0.305743,0.140284,0.137181,0.234940,0.208366,0.212888,0.092341,0.413245,0.125044,0.137272,0.127076,-0.034534,-0.136695,0.296363,0.018203,-0.127399,-0.007210,0.170745,-0.227942
0.248041,0.106104,0.276516,0.291195,0.345687,0.296534,0.228989,0.096821,0.160269,0.249798,0.082357,0.164240,0.096165,0.305861,0.417196,0.144821,-0.114649,0.230314,0.112253,-0.123022,0.001982,0.228361,0.458512,0.423805,0.251769,0.553260,0.303146,0.199310,0.032030,0.217319,0.660322,0.599755,0.583737,0.383545,0.474043,0.178758,-0.327349,-0.291860,-0.107879,-0.221128,-0.358708,-0.152370,0.848814,0.898308,1.754238,0.000000,0.311516,0.247400,1.729679,1.182045,0.532401,0.325603,0.022461,0.143139,0.216158,0.295162,0.580298,0.189933,0.457961,0.351720,0.485101,0.389336,0.357102,0.168059,0.554880,0.359128,0.544995,0.354501,0.329513,0.093089,0.268159,0.349085,0.062334,0.122580,0.223467,0.208148,0.227708,0.118148,0.442208,0.162380,0.086090,0.112031,-0.029217,-0.181040,0.304321,0.078062,-0.133928,-0.030156,0.272910,-0.128499
0.299665,0.326937,0.490795,0.480306,0.276000,0.353000,0.275724,0.260233,0.353663,0.461569,0.247804,0.198337,0.332782,0.217801,0.283937,0.284014,0.297217,0.205617,0.373975,0.380815,-0.135291,0.176009,0.461689,0.320594,0.477161,0.378000,0.131822,0.108483,0.131877,-0.040329,0.012505,-0.010955,0.343660,0.444088,0.161304,0.472010,0.084455,0.160948,-0.115374,-0.101915,-0.053051,-0.043950,0.686114,0.748631,0.282373,0.311516,0.000000,1.048648,0.378277,0.376202,0.423972,0.281564,0.421794,0.300974,0.796919,0.598252,0.308175,0.429213,0.249520,0.206849,0.284242,0.108529,0.307561,0.348609,0.057210,0.092836,0.389692,0.519003,0.375411,0.417637,0.223228,0.180485,0.227741,0.234926,0.188693,0.288486,0.323313,0.274313,0.146118,0.004229,0.188683,0.079417,-0.110742,-0.145994,0.249693,0.276832,0.002071,-0.404606,0.252626,0.416048
0.255471,0.254026,0.438295,0.421102,0.311332,0.420073,0.272928,0.170198,0.292736,0.482691,0.377639,0.192626,0.389295,0.290954,0.452024,0.376993,0.304113,0.191798,0.344429,0.283527,0.234300,0.370853,0.380478,0.368695,0.479598,0.409377,0.293971,0.198446,0.282278,0.118487,0.137945,0.037426,0.192388,0.253262,0.166232,0.265166,0.405211,0.440593,0.225830,0.200014,0.219244,0.164938,0.773176,0.901409,0.242522,0.247400,1.048648,0.000000,0.310825,0.346104,0.414955,0.269638,0.437987,0.276775,0.751289,0.799036,0.293204,0.323518,0.142566,0.137862,0.153436,0.063454,0.214474,0.120293,0.057411,0.073677,0.259298,0.275941,0.375741,0.468186,0.223848,0.299554,0.314166,0.255999,0.117118,0.175149,0.323428,0.370891,0.149329,0.030516,0.405828,0.190512,0.162322,0.127154,0.479679,0.485377,0.192499,-0.281039,0.299623,0.369351
