0.000000,1.258122,0.949554,1.009274,0.564164,0.643169,0.852850,0.839902,0.679111,0.542648,1.020930,0.885882,0.793512,0.889670,0.842710,0.848440,1.095854,0.774190,1.284309,1.229380,0.302835,0.549170,0.951115,0.909620,0.663462,0.711132,0.436594,0.455373,0.967664,0.920016,0.973675,0.915382,1.295793,1.155783,0.909384,0.832663,0.512905,0.590509,0.742123,0.767466,0.729691,0.555141,0.933353,0.928808,0.910012,0.898840,0.901531,0.948637,0.575274,0.669326,0.686968,0.636812,0.670496,0.762014,0.805267,0.744002,1.360073,1.163534,1.060657,0.873312,0.936332,0.779795,0.884958,0.890308,0.606521,0.612100,1.033667,0.894365,0.976485,0.707781,0.763739,0.510004,0.904427,0.727836,0.771192,0.622268,0.855727,0.893532,0.921419,0.789891,0.904005,0.942439,0.868776,0.824805,0.957108,0.995432,0.585300,0.606374,0.618114,0.678917
1.258122,0.000000,0.929375,1.089058,0.764562,0.885921,0.757105,0.855267,0.797427,0.628759,0.860126,0.825883,0.682578,0.935882,0.798795,0.891520,1.266693,0.856608,1.070584,1.243219,0.235831,0.742521,1.082966,1.057741,0.739459,0.783239,0.539247,0.642830,0.868866,0.940741,1.067030,0.985870,1.234995,1.245030,1.049102,0.874610,0.511046,0.425405,0.838650,0.654070,0.620474,0.499779,1.088235,0.919662,1.175066,1.059903,1.087519,1.013916,0.724408,0.746559,0.826371,0.619928,0.879854,0.970440,0.747518,0.734946,1.059146,1.491344,1.059561,1.088858,0.746143,0.778804,0.957245,0.859759,0.609006,0.657415,1.451471,1.151152,1.024555,1.100480,0.795634,0.541255,0.669640,0.618938,0.572145,0.558396,0.852930,0.753092,0.912510,0.719646,1.261444,1.209710,0.879055,0.988450,1.082745,0.984056,0.482923,0.522470,0.660863,0.832401
0.949554,0.929375,0.000000,1.382173,0.791939,0.848638,1.284260,1.154102,0.981331,0.843212,0.793997,0.731520,0.837509,0.902187,1.054220,0.908880,0.733940,0.556391,1.120661,1.080867,0.345076,0.683578,1.182678,1.111118,0.909333,1.062332,0.628241,0.568588,0.678506,0.567144,1.134978,0.973055,0.884532,0.907039,0.857360,0.729257,0.464248,0.497606,0.623726,0.717070,0.722745,0.494126,1.118251,0.861932,1.044428,0.979662,0.979057,0.941506,0.678286,0.751662,0.974964,0.737302,0.926959,1.116531,0.925055,0.779492,0.644744,0.784584,0.973453,0.744952,0.976191,0.809417,0.808672,0.784126,0.871213,0.737749,1.006733,0.896142,0.904128,0.674341,0.990286,0.600963,0.714786,0.573650,0.748362,0.488948,0.853924,0.873706,0.764110,0.536908,0.731512,0.808810,0.839366,0.791777,1.086499,1.002282,0.637223,0.614600,1.106421,1.010375
1.009274,1.089058,1.382173,0.000000,0.781330,0.971563,1.140908,1.557912,1.047535,0.961041,0.798407,0.860837,0.691562,1.024088,0.833548,0.900254,0.842431,0.578829,1.068174,1.153520,0.264764,0.720189,1.087712,1.288566,0.802172,0.964621,0.443485,0.579202,0.689818,0.692676,1.177949,1.113899,1.071326,1.183588,0.994843,0.910163,0.468070,0.500518,0.606444,0.768594,0.714550,0.429226,1.181232,0.927405,1.156686,1.116795,1.098534,1.020692,0.746959,0.804630,0.965205,0.651016,0.911694,1.205980,0.975814,0.862119,0.705424,0.914646,1.040886,0.989126,0.893674,1.075504,0.821887,0.965575,0.762100,0.842503,1.210356,1.177498,0.909900,0.763727,0.831574,0.526815,0.641082,0.570067,0.766406,0.429855,0.818280,0.928913,0.797778,0.533973,0.853987,0.904904,0.835736,0.897052,1.125662,1.046257,0.691383,0.638002,0.988085,1.046417
0.564164,0.764562,0.791939,0.781330,0.000000,1.045783,0.622117,0.804566,0.801751,0.784177,0.464402,0.462861,0.411524,0.724422,0.585474,0.638312,0.629533,0.466337,0.686894,0.781693,0.169677,0.667494,0.683016,0.803736,0.587338,0.704569,0.599929,0.552005,0.484795,0.530591,0.703880,0.678158,0.672758,0.713867,0.691754,0.569309,0.477598,0.369865,0.499409,0.455231,0.437512,0.418141,0.805609,0.632658,0.892695,0.825632,0.799176,0.719564,0.756969,0.746348,0.752608,0.627493,0.799571,0.833463,0.662672,0.588022,0.476766,0.694084,0.636742,0.764812,0.560386,0.641144,0.584267,0.570043,0.562106,0.658577,0.800488,0.752812,0.729789,0.741757,0.542612,0.357268,0.402476,0.381110,0.369694,0.359108,0.407673,0.555638,0.655992,0.390171,0.714015,0.707867,0.574889,0.667538,0.782186,0.743041,0.591271,0.485649,0.700199,0.796606
0.643169,0.885921,0.848638,0.971563,1.045783,0.000000,0.838664,1.068638,1.085256,1.199378,0.533965,0.545497,0.506680,0.774819,0.638233,0.689259,0.613697,0.360107,0.648301,0.726751,0.330688,0.770630,0.709838,0.897709,0.607721,0.774173,0.568171,0.750104,0.429207,0.468345,0.643703,0.603455,0.635553,0.683013,0.701113,0.651115,0.378388,0.175113,0.531152,0.365792,0.442650,0.300576,0.891818,0.588922,0.941964,0.877617,0.877619,0.741067,0.834403,0.819060,0.848416,0.682985,0.795347,1.171470,0.630172,0.686898,0.436715,0.612820,0.744638,0.923407,0.685976,0.724367,0.538717,0.503758,0.578232,0.703581,0.889251,0.781674,0.775960,0.888665,0.578464,0.423160,0.383814,0.245113,0.474943,0.299801,0.510501,0.495229,0.505134,0.361449,0.641475,0.638785,0.539299,0.704444,0.736872,0.676117,0.450536,0.378626,0.693811,0.962439
0.852850,0.757105,1.284260,1.140908,0.622117,0.838664,0.000000,1.328880,0.936993,1.020433,1.002644,0.848023,1.185553,0.982697,1.128925,0.960966,0.626782,0.328565,0.909431,0.788551,0.301692,0.492275,1.026781,1.007249,0.817580,0.851968,0.512375,0.503710,0.688714,0.515167,0.925736,0.800148,0.777814,0.781608,0.844665,0.715767,0.489100,0.422369,0.556543,0.625393,0.595208,0.451979,1.006076,0.843198,0.904426,0.924744,0.880151,0.998212,0.626154,0.709775,0.841961,0.602646,0.654297,0.996025,0.868216,0.841231,0.482384,0.583877,0.817919,0.672104,1.321647,1.017145,0.534518,0.612044,1.144721,0.881480,0.870251,0.773069,0.765904,0.558093,0.810046,0.531484,0.637112,0.417867,0.645912,0.419035,0.721683,0.817512,0.604489,0.564654,0.540622,0.645778,0.727354,0.666496,0.957086,0.880558,0.647046,0.567360,0.893986,0.802378
0.839902,0.855267,1.154102,1.557912,0.804566,1.068638,1.328880,0.000000,1.067299,1.267840,0.856917,0.921268,0.826843,1.159438,0.844725,1.003017,0.672967,0.424354,0.907766,0.921332,0.221838,0.592651,0.998430,1.231749,0.751023,0.925520,0.434880,0.501495,0.655051,0.624410,0.960786,0.947276,0.904830,0.999100,0.947067,0.898197,0.495147,0.468084,0.592672,0.698726,0.690338,0.496105,1.165749,0.934968,1.051773,1.110906,1.106324,1.112518,0.739672,0.877504,0.956641,0.698647,0.796663,1.299796,0.969467,0.949805,0.524787,0.694012,0.944749,0.961139,1.092824,1.366954,0.635228,0.839122,0.941817,1.093000,1.036000,1.067272,0.859784,0.744215,0.756110,0.477033,0.615567,0.484007,0.690279,0.438381,0.730658,0.923144,0.670497,0.518093,0.685455,0.773306,0.766424,0.826862,1.049917,0.998075,0.741913,0.665021,1.003474,1.086680
0.679111,0.797427,0.981331,1.047535,0.801751,1.085256,0.936993,1.067299,0.000000,0.972332,0.696646,0.709784,0.690399,0.865575,0.809925,0.715528,0.704527,0.422474,0.711722,0.754265,0.217597,0.655825,0.833532,0.986554,0.777322,0.846301,0.436264,0.569835,0.575057,0.487069,0.741906,0.736118,0.658943,0.719445,0.688490,0.615858,0.495436,0.306699,0.506359,0.406069,0.473326,0.272305,0.842138,0.618282,0.890178,0.754635,0.846909,0.749484,0.693694,0.722550,0.868202,0.665627,0.860483,0.977345,0.737977,0.699208,0.432501,0.639705,0.763815,0.796958,0.766732,0.780244,0.622857,0.619771,0.657118,0.763618,0.842861,0.766060,0.734305,0.754180,0.766730,0.510044,0.581446,0.435418,0.624126,0.381800,0.678304,0.574359,0.537496,0.304021,0.626116,0.613741,0.545003,0.612488,0.772453,0.696837,0.345433,0.334250,0.761298,0.818742
0.542648,0.628759,0.843212,0.961041,0.784177,1.199378,1.020433,1.267840,0.972332,0.000000,0.586138,0.601199,0.660249,0.843747,0.661112,0.777935,0.465649,0.270191,0.569069,0.623891,0.262286,0.575419,0.722549,0.887609,0.566820,0.822876,0.431708,0.510385,0.373841,0.377493,0.588598,0.541096,0.527885,0.624133,0.752452,0.704772,0.381425,0.243895,0.463520,0.470301,0.523555,0.323621,0.874664,0.678088,0.854804,0.911977,0.895390,0.796329,0.718613,0.785210,0.829053,0.605502,0.699198,0.999535,0.696261,0.753031,0.272218,0.463255,0.668217,0.799046,0.753011,0.894208,0.432472,0.485958,0.773558,0.830676,0.755976,0.759916,0.698492,0.673617,0.516948,0.296898,0.372931,0.256802,0.554320,0.243992,0.483477,0.577095,0.475377,0.310316,0.487852,0.528174,0.517682,0.584438,0.683304,0.658600,0.540323,0.426625,0.756590,0.845916
1.020930,0.860126,0.793997,0.798407,0.464402,0.533965,1.002644,0.856917,0.696646,0.586138,0.000000,1.146118,1.349259,1.100701,1.019101,0.882228,0.884448,0.599516,0.976028,0.885247,0.174043,0.375073,0.911380,0.815407,0.595675,0.628479,0.344128,0.374538,1.110708,0.798419,0.820532,0.768155,0.875570,0.842698,0.807293,0.687507,0.529406,0.514539,0.636737,0.633595,0.601127,0.540243,0.849438,0.895239,0.712277,0.815589,0.857709,0.967310,0.424392,0.548263,0.580389,0.480922,0.544643,0.632959,0.699453,0.781261,0.725422,0.777371,0.874485,0.779444,1.219352,0.907352,0.667127,0.756999,0.787345,0.730399,0.868199,0.783350,0.713529,0.563867,0.743520,0.556100,0.927189,0.688336,0.676305,0.490907,0.671921,0.762930,0.714654,0.652008,0.692303,0.746550,0.842866,0.694377,0.899177,0.858926,0.461969,0.524109,0.651847,0.567880
0.885882,0.825883,0.731520,0.860837,0.462861,0.545497,0.848023,0.921268,0.709784,0.601199,1.146118,0.000000,0.966449,1.285958,0.779863,0.866911,0.936340,0.737329,0.783721,0.775882,0.266957,0.469362,0.791681,0.813057,0.573112,0.571862,0.246324,0.327297,1.182348,1.031095,0.859154,0.795914,0.928205,0.913942,0.771739,0.719143,0.479314,0.539920,0.641748,0.642100,0.641070,0.588580,0.885249,1.001002,0.849301,1.006195,1.021605,1.012605,0.669932,0.741619,0.860505,0.647098,0.708325,0.781749,0.916759,0.868144,0.716007,0.778630,0.899976,0.919894,1.088373,1.045661,0.881611,1.084333,0.672290,0.779014,0.906832,0.897183,0.664348,0.613446,0.681120,0.578279,0.923463,0.826749,0.721877,0.665431,0.680835,0.793033,0.722903,0.604179,0.878933,0.887383,0.864925,0.833958,0.888011,0.933668,0.458822,0.508906,0.643232,0.692475
0.793512,0.682578,0.837509,0.691562,0.411524,0.506680,1.185553,0.826843,0.690399,0.660249,1.349259,0.966449,0.000000,1.081772,1.185567,1.009444,0.668037,0.404909,0.789097,0.667597,0.282021,0.298584,1.022671,0.865867,0.758429,0.700297,0.404817,0.393911,0.877560,0.600218,0.783855,0.712207,0.666453,0.625363,0.727098,0.568612,0.508939,0.451417,0.616781,0.603798,0.515870,0.530978,0.789298,0.805948,0.688467,0.779544,0.776141,0.955495,0.433325,0.555593,0.626322,0.550106,0.483179,0.633359,0.713457,0.841013,0.500558,0.533224,0.673744,0.573479,1.143468,0.773853,0.521462,0.572298,1.037365,0.798211,0.742277,0.656561,0.595922,0.490611,0.727141,0.499770,0.794056,0.520739,0.624755,0.474407,0.696483,0.754291,0.543397,0.610218,0.500321,0.585002,0.750559,0.582051,0.854527,0.809845,0.439854,0.481262,0.691837,0.577603
0.889670,0.935882,0.902187,1.024088,0.724422,0.774819,0.982697,1.159438,0.865575,0.843747,1.100701,1.285958,1.081772,0.000000,0.905569,1.093932,1.021040,0.635825,0.974377,0.971505,0.253714,0.561455,0.954620,0.978719,0.678843,0.761302,0.340458,0.379975,1.020421,0.896808,0.954429,0.915040,0.961133,1.003408,0.887419,0.774906,0.495015,0.613921,0.648389,0.809174,0.743219,0.664549,1.117579,1.078942,1.090119,1.229090,1.102403,1.170896,0.725344,0.837746,0.966253,0.736936,0.818669,0.961632,0.925317,0.954311,0.677262,0.786297,1.019169,1.014136,1.060622,1.181673,0.892305,1.071605,0.839449,0.966668,1.135653,1.110330,0.736965,0.720208,0.750068,0.492171,0.851356,0.736188,0.787673,0.488342,0.705156,0.888097,0.826056,0.659264,0.919147,0.931689,0.909055,0.861362,1.077220,1.159615,0.532254,0.640327,0.829304,0.817923
0.842710,0.798795,1.054220,0.833548,0.585474,0.638233,1.128925,0.844725,0.809925,0.661112,1.019101,0.779863,1.185567,0.905569,0.000000,1.094065,0.748516,0.519644,0.877622,0.785983,0.368671,0.502425,1.201202,1.014990,1.062686,0.944286,0.774998,0.734958,0.895968,0.675295,1.030327,0.850174,0.802401,0.740488,0.774804,0.661671,0.698572,0.457198,0.852423,0.630866,0.645801,0.519491,0.795200,0.733720,0.790557,0.805364,0.846063,0.889289,0.585293,0.607670,0.710007,0.651660,0.580612,0.709196,0.788006,0.819838,0.579356,0.714771,0.626277,0.574993,0.904986,0.711783,0.590501,0.592796,1.021849,0.806381,0.844452,0.750883,0.694458,0.623035,0.841149,0.676067,0.690027,0.583656,0.570684,0.596538,0.719099,0.762675,0.654333,0.637092,0.673884,0.718464,0.975439,0.762439,1.152711,0.990057,0.555784,0.518927,0.902594,0.726243
0.848440,0.891520,0.908880,0.900254,0.638312,0.689259,0.960966,1.003017,0.715528,0.777935,0.882228,0.866911,1.009444,1.093932,1.094065,0.000000,0.846098,0.628115,0.860776,0.847370,0.246388,0.502921,1.312594,1.232693,0.946021,0.905847,0.644621,0.582772,0.943302,0.916552,1.181173,1.109396,0.945740,0.977962,0.920954,0.857323,0.742723,0.521878,0.893130,0.682257,0.808754,0.648773,0.927301,0.872177,0.909803,1.010988,1.007725,1.086417,0.556695,0.637904,0.773293,0.617521,0.658130,0.852365,0.922131,0.921639,0.628897,0.775816,0.678343,0.690506,0.847062,0.886287,0.680858,0.776791,1.127435,0.957768,1.006268,1.051827,0.748013,0.711003,0.757069,0.531941,0.731393,0.653169,0.562873,0.656893,0.814749,0.916535,0.751363,0.858218,0.832510,0.962120,1.185134,0.992732,1.343427,1.275873,0.697841,0.689755,0.969194,0.870293
1.095854,1.266693,0.733940,0.842431,0.629533,0.613697,0.626782,0.672967,0.704527,0.465649,0.884448,0.936340,0.668037,1.021040,0.748516,0.846098,0.000000,1.101992,1.050241,1.132163,0.173319,0.629325,0.926730,0.881685,0.671380,0.706601,0.416030,0.450121,1.087341,1.123719,0.995303,0.913084,1.215352,1.186709,0.833114,0.747945,0.540173,0.471414,0.769609,0.695635,0.677152,0.553017,0.849257,0.836947,0.996602,0.936018,0.902410,0.928222,0.620105,0.652542,0.742018,0.574995,0.755784,0.721187,0.745032,0.752138,1.140744,1.335550,0.863512,0.888869,0.663125,0.737852,1.036336,0.948796,0.561534,0.588713,1.146384,1.015507,0.852058,0.823279,0.687665,0.499736,0.793946,0.798447,0.577010,0.525724,0.726435,0.680635,1.101142,0.846723,1.376115,1.231874,0.876287,0.901174,1.028638,1.017101,0.467649,0.508370,0.573085,0.641699
0.774190,0.856608,0.556391,0.578829,0.466337,0.360107,0.328565,0.424354,0.422474,0.270191,0.599516,0.737329,0.404909,0.635825,0.519644,0.628115,1.101992,0.000000,0.727120,0.835218,0.120625,0.559013,0.674976,0.650116,0.509320,0.507716,0.414916,0.340315,0.882051,1.122428,0.804228,0.736935,0.831720,0.874786,0.570861,0.556718,0.484203,0.553690,0.751533,0.640327,0.586953,0.570360,0.588590,0.701592,0.686015,0.701276,0.714106,0.641056,0.421458,0.452524,0.584229,0.484624,0.640491,0.475468,0.656417,0.599554,0.944307,1.105260,0.668024,0.685215,0.444689,0.523813,0.930532,0.882929,0.350839,0.437866,0.800445,0.785590,0.663162,0.632379,0.557227,0.411908,0.737504,0.972892,0.500450,0.531381,0.523869,0.602436,0.881020,0.676861,1.305159,1.159727,0.751613,0.804814,0.768076,0.804430,0.349597,0.418754,0.523162,0.566904
1.284309,1.070584,1.120661,1.068174,0.686894,0.648301,0.909431,0.907766,0.711722,0.569069,0.976028,0.783721,0.789097,0.974377,0.877622,0.860776,1.050241,0.727120,0.000000,1.842035,0.286026,0.603093,0.974147,0.894689,0.710726,0.811678,0.532981,0.381972,0.925214,0.769037,1.107475,0.927781,1.223324,1.248774,0.886212,0.744810,0.366586,0.569105,0.561704,0.840790,0.785840,0.552458,0.956607,0.887417,0.944399,0.832126,0.790967,0.933429,0.504138,0.670429,0.712374,0.587138,0.733851,0.851508,0.758806,0.691280,1.008181,1.068430,1.094114,0.781291,0.884988,0.912784,0.848711,0.904898,0.717566,0.628545,0.994177,0.874089,1.086736,0.610725,0.839268,0.460686,0.794853,0.722883,0.726267,0.466344,0.773130,0.915613,1.004363,0.836575,0.908261,0.971827,0.923001,0.886837,1.066190,1.037229,0.620071,0.634253,0.774019,0.690169
1.229380,1.243219,1.080867,1.153520,0.781693,0.726751,0.788551,0.921332,0.754265,0.623891,0.885247,0.775882,0.667597,0.971505,0.785983,0.847370,1.132163,0.835218,1.842035,0.000000,0.225438,0.628819,0.964497,0.941037,0.663957,0.807438,0.496841,0.411698,0.866662,0.824491,1.061510,0.893709,1.186805,1.322400,0.896278,0.763156,0.389920,0.547336,0.592183,0.778133,0.744336,0.515567,1.038255,0.897634,1.073405,0.937862,0.911792,0.936838,0.586817,0.726908,0.740498,0.611105,0.874558,0.943539,0.753923,0.686293,0.981758,1.240073,1.139944,0.917045,0.778254,0.894053,0.961999,0.962421,0.607585,0.590156,1.102207,0.966321,1.236936,0.776687,0.793319,0.402917,0.698449,0.743215,0.704923,0.488262,0.732170,0.838082,1.087371,0.802589,1.053198,1.071997,0.925723,0.937061,1.079788,1.016418,0.600524,0.602913,0.768260,0.743973
0.302835,0.235831,0.345076,0.264764,0.169677,0.330688,0.301692,0.221838,0.217597,0.262286,0.174043,0.266957,0.282021,0.253714,0.368671,0.246388,0.173319,0.120625,0.286026,0.225438,0.000000,0.444331,0.312188,0.247398,0.343236,0.325395,0.380937,0.292575,0.216380,0.194759,0.324035,0.176095,0.195315,0.165832,0.250615,0.198426,-0.004332,0.060843,0.171470,0.198144,0.312229,0.273039,0.177593,0.193779,0.178911,0.234627,0.170250,0.178371,0.286940,0.223277,0.315593,0.289220,0.185102,0.239242,0.207238,0.203921,0.295422,0.162967,0.210062,0.205008,0.215178,0.198429,0.216872,0.266549,0.229985,0.185089,0.226231,0.192488,0.159453,0.173442,0.442315,0.369097,0.295975,0.134489,0.434344,0.210662,0.219062,0.176253,0.165075,0.181526,0.128700,0.154979,0.375345,0.304017,0.222842,0.241060,0.159564,0.082312,0.231553,0.224643
0.549170,0.742521,0.683578,0.720189,0.667494,0.770630,0.492275,0.592651,0.655825,0.575419,0.375073,0.469362,0.298584,0.561455,0.502425,0.502921,0.629325,0.559013,0.603093,0.628819,0.444331,0.000000,0.595018,0.600927,0.546126,0.587745,0.600249,0.763518,0.485025,0.540984,0.710654,0.621317,0.649683,0.645511,0.599546,0.550274,0.338339,0.201124,0.522071,0.321294,0.631531,0.340928,0.574677,0.440559,0.748889,0.644356,0.626865,0.514485,0.697601,0.715441,0.801719,0.653444,0.725530,0.712314,0.535150,0.522735,0.552105,0.685696,0.591940,0.737212,0.367307,0.513997,0.545824,0.600858,0.359189,0.435653,0.703918,0.651927,0.611837,0.612005,0.700847,0.610413,0.490984,0.417540,0.450344,0.312449,0.505254,0.478046,0.457870,0.376104,0.697837,0.644114,0.628577,0.691427,0.631547,0.576690,0.319724,0.279913,0.605956,0.652278
0.951115,1.082966,1.182678,1.087712,0.683016,0.709838,1.026781,0.998430,0.833532,0.722549,0.911380,0.791681,1.022671,0.954620,1.201202,1.312594,0.926730,0.674976,0.974147,0.964497,0.312188,0.595018,0.000000,1.749707,1.242191,1.310154,0.782984,0.699512,0.889162,0.821047,1.573919,1.334599,1.017703,1.033131,1.069561,0.886565,0.695514,0.486844,0.895291,0.741570,0.737082,0.553138,1.041632,0.946043,1.009344,1.021711,1.056946,1.170790,0.626871,0.691000,0.849676,0.690733,0.739327,0.930967,0.932775,1.009839,0.704170,0.950302,0.684553,0.675623,0.791485,0.762345,0.732179,0.776568,1.142894,0.985634,1.175895,1.140596,0.860936,0.874279,0.971580,0.661033,0.755030,0.638430,0.638881,0.550826,0.951518,0.997351,0.844283,0.738650,0.849333,0.975961,1.076928,0.907237,1.388119,1.128883,0.723499,0.613312,0.950962,0.944084
0.909620,1.057741,1.111118,1.288566,0.803736,0.897709,1.007249,1.231749,0.986554,0.887609,0.815407,0.813057,0.865867,0.978719,1.014990,1.232693,0.881685,0.650116,0.894689,0.941037,0.247398,0.600927,1.749707,0.000000,1.111927,1.228974,0.678926,0.708922,0.737104,0.777877,1.370219,1.283051,1.003071,1.095604,1.046579,0.902871,0.690470,0.421027,0.821707,0.709966,0.675324,0.481112,1.128385,0.954864,1.084900,1.125090,1.183606,1.127083,0.717208,0.775905,0.915007,0.714522,0.804295,1.043584,0.991463,1.129198,0.622933,0.890745,0.721309,0.786623,0.770893,0.846171,0.751941,0.815354,0.992968,1.053434,1.218025,1.240234,0.911191,0.979097,0.792206,0.571972,0.666764,0.571484,0.626324,0.525616,0.893781,0.943623,0.804341,0.649759,0.859221,0.984395,0.934454,0.944332,1.249878,1.086883,0.715080,0.618380,0.984706,1.125348
0.663462,0.739459,0.909333,0.802172,0.587338,0.607721,0.817580,0.751023,0.777322,0.566820,0.595675,0.573112,0.758429,0.678843,1.062686,0.946021,0.671380,0.509320,0.710726,0.663957,0.343236,0.546126,1.242191,1.111927,0.000000,1.138844,0.889909,0.725095,0.694083,0.613924,1.122564,0.961635,0.733565,0.677872,0.643204,0.561295,0.648482,0.407368,0.783671,0.586736,0.509851,0.455253,0.671821,0.599684,0.736847,0.672219,0.722662,0.825239,0.515503,0.535959,0.714345,0.562507,0.573113,0.742594,0.745518,0.772941,0.488622,0.656238,0.474207,0.493627,0.587938,0.587275,0.472074,0.539672,0.972041,0.925608,0.791850,0.796040,0.665383,0.732949,0.834564,0.579198,0.501503,0.437537,0.454136,0.435066,0.720442,0.704612,0.568639,0.609733,0.599635,0.663650,0.778174,0.684676,1.071901,0.911873,0.573595,0.538475,0.887406,0.760639
0.711132,0.783239,1.062332,0.964621,0.704569,0.774173,0.851968,0.925520,0.846301,0.822876,0.628479,0.571862,0.700297,0.761302,0.944286,0.905847,0.706601,0.507716,0.811678,0.807438,0.325395,0.587745,1.310154,1.228974,1.138844,0.000000,0.686878,0.576998,0.615531,0.510659,1.089811,0.969115,0.764345,0.821155,0.831645,0.774488,0.487620,0.401132,0.677288,0.670869,0.635602,0.398268,0.882186,0.746357,0.913396,0.839228,0.827268,0.882372,0.645639,0.712856,0.855420,0.780299,0.710021,0.972189,0.800521,0.771091,0.492182,0.722453,0.591261,0.607452,0.592825,0.680574,0.596584,0.635217,0.944202,0.931113,0.968204,0.988874,0.799944,0.832932,0.753891,0.476447,0.551476,0.449476,0.649405,0.321763,0.678696,0.728480,0.777825,0.504896,0.655844,0.709406,0.746405,0.686748,1.120421,0.974503,0.691191,0.589577,0.895330,0.850293
0.436594,0.539247,0.628241,0.443485,0.599929,0.568171,0.512375,0.434880,0.436264,0.431708,0.344128,0.246324,0.404817,0.340458,0.774998,0.644621,0.416030,0.414916,0.532981,0.496841,0.380937,0.600249,0.782984,0.678926,0.889909,0.686878,0.000000,0.903907,0.447192,0.456160,0.726737,0.555758,0.448821,0.439471,0.428550,0.375726,0.535764,0.201569,0.692325,0.348516,0.437223,0.329796,0.467350,0.359159,0.498003,0.432171,0.500245,0.539161,0.413471,0.436287,0.491002,0.457284,0.397715,0.543658,0.479834,0.566346,0.374501,0.519528,0.269062,0.300406,0.325432,0.273804,0.263981,0.238458,0.589551,0.478705,0.487798,0.449239,0.556987,0.537531,0.547973,0.481992,0.265689,0.245454,0.170920,0.385412,0.408142,0.451141,0.441302,0.553585,0.474326,0.549515,0.696767,0.620874,0.723743,0.578349,0.534928,0.350563,0.621913,0.630992
0.455373,0.642830,0.568588,0.579202,0.552005,0.750104,0.503710,0.501495,0.569835,0.510385,0.374538,0.327297,0.393911,0.379975,0.734958,0.582772,0.450121,0.340315,0.381972,0.411698,0.292575,0.763518,0.699512,0.708922,0.725095,0.576998,0.903907,0.000000,0.353870,0.440827,0.659684,0.567308,0.504302,0.466104,0.533587,0.507661,0.572496,0.054656,0.698578,0.204408,0.334560,0.191099,0.446420,0.289150,0.552072,0.497935,0.622190,0.528608,0.579750,0.540859,0.542285,0.499737,0.430796,0.559699,0.501033,0.561667,0.375573,0.501451,0.284173,0.435450,0.350935,0.263171,0.304740,0.250424,0.429644,0.426003,0.541173,0.497109,0.450947,0.591729,0.502640,0.564959,0.249973,0.191981,0.158902,0.331524,0.458942,0.389599,0.266091,0.359001,0.492232,0.481175,0.609795,0.577728,0.661433,0.492881,0.382178,0.226998,0.563625,0.609202
0.967664,0.868866,0.678506,0.689818,0.484795,0.429207,0.688714,0.655051,0.575057,0.373841,1.110708,1.182348,0.877560,1.020421,0.895968,0.943302,1.087341,0.882051,0.925214,0.866662,0.216380,0.485025,0.889162,0.737104,0.694083,0.615531,0.447192,0.353870,0.000000,1.258703,0.992005,0.913639,1.024504,0.925275,0.678140,0.625058,0.561826,0.662375,0.734715,0.640089,0.681071,0.660623,0.703599,0.819165,0.732872,0.803241,0.817313,0.891279,0.503120,0.570572,0.685160,0.574075,0.631580,0.594579,0.746264,0.730650,0.920484,0.970156,0.775123,0.750023,0.812919,0.751610,0.817021,0.935542,0.674210,0.712195,0.878892,0.830968,0.691324,0.574730,0.755752,0.581275,0.983018,0.918797,0.657756,0.644037,0.650825,0.808677,0.855162,0.816066,1.017942,0.983130,1.032288,0.840854,0.980707,0.990075,0.456099,0.512388,0.625743,0.568749
0.920016,0.940741,0.567144,0.692676,0.530591,0.468345,0.515167,0.624410,0.487069,0.377493,0.798419,1.031095,0.600218,0.896808,0.675295,0.916552,1.123719,1.122428,0.769037,0.824491,0.194759,0.540984,0.821047,0.777877,0.613924,0.510659,0.456160,0.440827,1.258703,0.000000,1.011954,0.980911,1.032822,0.990343,0.716420,0.719041,0.665641,0.651241,0.903720,0.623863,0.701420,0.704783,0.737139,0.872760,0.782989,0.894607,0.927154,0.888094,0.552829,0.568829,0.656998,0.530573,0.652198,0.578063,0.775139,0.798510,0.968385,1.057652,0.698083,0.764880,0.654935,0.714351,0.901739,1.046337,0.554320,0.627304,0.910017,0.927585,0.627356,0.664741,0.641546,0.553716,0.857385,0.972187,0.513289,0.701492,0.680178,0.760110,0.869541,0.880330,1.294160,1.315814,1.033742,1.047866,0.976406,1.008513,0.504999,0.539411,0.589200,0.669195
0.973675,1.067030,1.134978,1.177949,0.703880,0.643703,0.925736,0.960786,0.741906,0.588598,0.820532,0.859154,0.783855,0.954429,1.030327,1.181173,0.995303,0.804228,1.107475,1.061510,0.324035,0.710654,1.573919,1.370219,1.122564,1.089811,0.726737,0.659684,0.992005,1.011954,0.000000,1.552451,1.224078,1.273630,1.041917,0.912049,0.636188,0.612943,0.839185,0.824192,0.797628,0.665709,1.010597,0.950087,1.009773,1.015711,1.028483,1.089202,0.626231,0.704950,0.921950,0.664306,0.791173,0.888910,1.043654,0.933742,0.805988,1.042538,0.761507,0.704989,0.780295,0.848557,0.858505,1.008125,0.996057,0.925376,1.147435,1.195094,0.812568,0.715522,0.945387,0.659752,0.828179,0.810863,0.668464,0.598841,0.899462,1.079217,0.950372,0.775774,1.021501,1.154369,1.138824,1.042464,1.440357,1.270484,0.714120,0.686778,0.978378,0.901072
0.915382,0.985870,0.973055,1.113899,0.678158,0.603455,0.800148,0.947276,0.736118,0.541096,0.768155,0.795914,0.712207,0.915040,0.850174,1.109396,0.913084,0.736935,0.927781,0.893709,0.176095,0.621317,1.334599,1.283051,0.961635,0.969115,0.555758,0.567308,0.913639,0.980911,1.552451,0.000000,1.167703,1.167517,0.934793,0.885529,0.642243,0.568989,0.771503,0.732682,0.675648,0.594328,0.902939,0.869978,0.899797,0.887962,0.936369,0.983670,0.514514,0.560586,0.773920,0.562982,0.693645,0.820496,0.926426,0.850453,0.795260,0.992456,0.716776,0.676741,0.708295,0.810256,0.782057,0.980923,0.879723,0.900194,1.087372,1.192621,0.705828,0.722607,0.807443,0.616142,0.798668,0.780179,0.592452,0.595550,0.938611,1.102845,0.822181,0.664853,0.958874,1.056738,0.949617,0.900536,1.229252,1.139146,0.628993,0.695562,0.896544,0.911672
1.295793,1.234995,0.884532,1.071326,0.672758,0.635553,0.777814,0.904830,0.658943,0.527885,0.875570,0.928205,0.666453,0.961133,0.802401,0.945740,1.215352,0.831720,1.223324,1.186805,0.195315,0.649683,1.017703,1.003071,0.733565,0.764345,0.448821,0.504302,1.024504,1.032822,1.224078,1.167703,0.000000,1.835706,1.256461,1.127978,0.528194,0.561597,0.737444,0.821660,0.762156,0.632962,0.942493,0.942317,0.980914,0.974009,0.949920,1.039456,0.635885,0.710532,0.777771,0.593249,0.687123,0.835698,0.876533,0.738839,1.221734,1.199705,0.976127,0.904183,0.815963,0.893489,0.986489,1.035585,0.721013,0.800139,1.336817,1.292048,0.928500,0.782294,0.751067,0.494099,0.812720,0.775384,0.636491,0.589267,0.873817,1.010470,0.990558,0.737117,1.129555,1.146145,0.880788,0.922753,1.132457,1.178850,0.671596,0.683031,0.706441,0.722366
1.155783,1.245030,0.907039,1.183588,0.713867,0.683013,0.781608,0.999100,0.719445,0.624133,0.842698,0.913942,0.625363,1.003408,0.740488,0.977962,1.186709,0.874786,1.248774,1.322400,0.165832,0.645511,1.033131,1.095604,0.677872,0.821155,0.439471,0.466104,0.925275,0.990343,1.273630,1.167517,1.835706,0.000000,1.335418,1.260655,0.509318,0.588547,0.691388,0.879052,0.828046,0.597616,1.046226,1.009275,1.045818,1.054662,1.010472,1.049169,0.616127,0.723225,0.812337,0.551032,0.797760,0.917691,0.939582,0.783370,1.029479,1.253894,1.025724,0.948359,0.777124,1.017030,1.080661,1.136681,0.730410,0.819295,1.400215,1.442167,1.027276,0.806677,0.733802,0.428478,0.775349,0.815465,0.690933,0.545815,0.860805,0.995125,1.108528,0.761865,1.240613,1.286986,0.926805,1.033046,1.196268,1.212006,0.702634,0.728754,0.768888,0.779662
0.909384,1.049102,0.857360,0.994843,0.691754,0.701113,0.844665,0.947067,0.688490,0.752452,0.807293,0.771739,0.727098,0.887419,0.774804,0.920954,0.833114,0.570861,0.886212,0.896278,0.250615,0.599546,1.069561,1.046579,0.643204,0.831645,0.428550,0.533587,0.678140,0.716420,1.041917,0.934793,1.256461,1.335418,0.000000,1.590167,0.461307,0.455243,0.609240,0.726973,0.674918,0.540229,1.028362,0.959957,0.954016,1.090825,1.023027,1.082073,0.674266,0.731053,0.769855,0.567370,0.711792,0.860562,0.887384,0.757607,0.763881,0.845248,0.865110,0.869300,0.799396,0.888627,0.835367,0.839509,0.847650,0.859835,1.305515,1.310908,0.781881,0.722671,0.694462,0.399908,0.735232,0.601928,0.624840,0.458020,0.757570,0.838067,0.822020,0.507594,0.840153,0.887679,0.774212,0.779356,1.023083,0.984827,0.667684,0.589120,0.671365,0.710239
0.832663,0.874610,0.729257,0.910163,0.569309,0.651115,0.715767,0.898197,0.615858,0.704772,0.687507,0.719143,0.568612,0.774906,0.661671,0.857323,0.747945,0.556718,0.744810,0.763156,0.198426,0.550274,0.886565,0.902871,0.561295,0.774488,0.375726,0.507661,0.625058,0.719041,0.912049,0.885529,1.127978,1.260655,1.590167,0.000000,0.478535,0.438330,0.612104,0.652048,0.696618,0.496035,0.847428,0.809594,0.794596,0.930170,0.914084,0.921713,0.583796,0.623026,0.670321,0.507595,0.597287,0.783274,0.848486,0.731913,0.701169,0.799004,0.744551,0.802330,0.713796,0.832518,0.761683,0.797126,0.760770,0.846211,1.107722,1.241159,0.723374,0.667660,0.558235,0.338084,0.646856,0.579572,0.552138,0.469783,0.670998,0.825057,0.804758,0.494486,0.792118,0.850699,0.696110,0.767023,0.959884,0.969247,0.726962,0.681886,0.672766,0.720361
0.512905,0.511046,0.464248,0.468070,0.477598,0.378388,0.489100,0.495147,0.495436,0.381425,0.529406,0.479314,0.508939,0.495015,0.698572,0.742723,0.540173,0.484203,0.366586,0.389920,-0.004332,0.338339,0.695514,0.690470,0.648482,0.487620,0.535764,0.572496,0.561826,0.665641,0.636188,0.642243,0.528194,0.509318,0.461307,0.478535,0.000000,0.391991,1.026392,0.380515,0.477718,0.451444,0.429707,0.482571,0.471097,0.524491,0.616389,0.629034,0.331828,0.335457,0.377504,0.371600,0.314783,0.330474,0.605677,0.664241,0.469359,0.610144,0.289876,0.444207,0.474768,0.428816,0.390622,0.402208,0.603437,0.620810,0.511542,0.563491,0.422514,0.563901,0.420497,0.522292,0.423224,0.518006,0.213245,0.631040,0.476667,0.580254,0.396843,0.470435,0.522074,0.568084,0.627224,0.583928,0.749727,0.691922,0.537191,0.538290,0.570241,0.591902
0.590509,0.425405,0.497606,0.500518,0.369865,0.175113,0.422369,0.468084,0.306699,0.243895,0.514539,0.539920,0.451417,0.613921,0.457198,0.521878,0.471414,0.553690,0.569105,0.547336,0.060843,0.201124,0.486844,0.421027,0.407368,0.401132,0.201569,0.054656,0.662375,0.651241,0.612943,0.568989,0.561597,0.588547,0.455243,0.438330,0.391991,0.000000,0.435551,0.934814,0.438511,0.775524,0.524087,0.667204,0.439779,0.524920,0.516915,0.656705,0.248580,0.299454,0.392431,0.317746,0.419167,0.330863,0.631878,0.465762,0.534065,0.547204,0.584658,0.471745,0.557983,0.587613,0.590777,0.715197,0.466161,0.561810,0.521841,0.558154,0.379563,0.233042,0.447176,0.243224,0.604027,0.791967,0.553430,0.374461,0.436584,0.689829,0.684836,0.408325,0.524951,0.556766,0.541710,0.439849,0.636504,0.778240,0.456247,0.562297,0.555900,0.415941
0.742123,0.838650,0.623726,0.606444,0.499409,0.531152,0.556543,0.592672,0.506359,0.463520,0.636737,0.641748,0.616781,0.648389,0.852423,0.893130,0.769609,0.751533,0.561704,0.592183,0.171470,0.522071,0.895291,0.821707,0.783671,0.677288,0.692325,0.698578,0.734715,0.903720,0.839185,0.771503,0.737444,0.691388,0.609240,0.612104,1.026392,0.435551,0.000000,0.628596,0.608055,0.508333,0.640041,0.672653,0.667044,0.713513,0.837058,0.863210,0.445259,0.467191,0.533909,0.528315,0.427160,0.550036,0.765883,0.747595,0.645546,0.850321,0.430730,0.546919,0.537661,0.510569,0.498685,0.510123,0.673536,0.612560,0.735011,0.727190,0.681371,0.814789,0.628431,0.711681,0.539046,0.615689,0.349771,0.762665,0.646662,0.701800,0.562573,0.760804,0.795091,0.865138,0.947756,0.977135,0.997397,0.942629,0.631741,0.661716,0.679826,0.744266
0.767466,0.654070,0.717070,0.768594,0.455231,0.365792,0.625393,0.698726,0.406069,0.470301,0.633595,0.642100,0.603798,0.809174,0.630866,0.682257,0.695635,0.640327,0.840790,0.778133,0.198144,0.321294,0.741570,0.709966,0.586736,0.670869,0.348516,0.204408,0.640089,0.623863,0.824192,0.732682,0.821660,0.879052,0.726973,0.652048,0.380515,0.934814,0.628596,0.000000,0.572700,0.708061,0.720580,0.837612,0.612253,0.704113,0.625991,0.857557,0.302331,0.387102,0.512885,0.359511,0.437848,0.563599,0.779736,0.606531,0.668748,0.703278,0.690199,0.545364,0.652390,0.744965,0.647931,0.716960,0.721045,0.759894,0.782625,0.816320,0.651594,0.449946,0.559274,0.320941,0.609632,0.644684,0.594258,0.343750,0.549379,0.819900,0.853332,0.581912,0.669422,0.735659,0.657814,0.670722,0.805038,0.952652,0.708871,0.707107,0.679700,0.555134
0.729691,0.620474,0.722745,0.714550,0.437512,0.442650,0.595208,0.690338,0.473326,0.523555,0.601127,0.641070,0.515870,0.743219,0.645801,0.808754,0.677152,0.586953,0.785840,0.744336,0.312229,0.631531,0.737082,0.675324,0.509851,0.635602,0.437223,0.334560,0.681071,0.701420,0.797628,0.675648,0.762156,0.828046,0.674918,0.696618,0.477718,0.438511,0.608055,0.572700,0.000000,0.501320,0.710076,0.767195,0.744149,0.763573,0.647043,0.652209,0.523330,0.624520,0.669064,0.595329,0.630652,0.627966,0.670985,0.589969,0.630808,0.663296,0.582923,0.570018,0.481990,0.750841,0.677381,0.791980,0.540957,0.561343,0.671856,0.742432,0.590476,0.434222,0.716711,0.504388,0.719530,0.677198,0.634828,0.476447,0.673583,0.714598,0.759200,0.691560,0.731281,0.797434,0.879070,0.828156,0.863735,0.872081,0.603190,0.558357,0.700627,0.555341
0.555141,0.499779,0.494126,0.429226,0.418141,0.300576,0.451979,0.496105,0.272305,0.323621,0.540243,0.588580,0.530978,0.664549,0.519491,0.648773,0.553017,0.570360,0.552458,0.515567,0.273039,0.340928,0.553138,0.481112,0.455253,0.398268,0.329796,0.191099,0.660623,0.704783,0.665709,0.594328,0.632962,0.597616,0.540229,0.496035,0.451444,0.775524,0.508333,0.708061,0.501320,0.000000,0.501252,0.556399,0.422162,0.580454,0.507865,0.617607,0.242659,0.265746,0.378934,0.278447,0.357087,0.323892,0.486474,0.474059,0.597510,0.536043,0.496695,0.470748,0.565404,0.581094,0.611302,0.638899,0.595509,0.651212,0.529037,0.579864,0.363139,0.294833,0.486709,0.405057,0.734414,0.828573,0.489351,0.574108,0.484232,0.602792,0.581041,0.432936,0.570940,0.584340,0.515011,0.445081,0.584347,0.734294,0.361257,0.418459,0.520791,0.444943
0.933353,1.088235,1.118251,1.181232,0.805609,0.891818,1.006076,1.165749,0.842138,0.874664,0.849438,0.885249,0.789298,1.117579,0.795200,0.927301,0.849257,0.588590,0.956607,1.038255,0.177593,0.574677,1.041632,1.128385,0.671821,0.882186,0.467350,0.446420,0.703599,0.737139,1.010597,0.902939,0.942493,1.046226,1.028362,0.847428,0.429707,0.524087,0.640041,0.720580,0.710076,0.501252,0.000000,1.544300,1.504249,1.580662,1.489612,1.330183,0.846996,1.000563,1.111002,0.817687,1.144531,1.297702,1.098935,0.834037,0.624104,0.827524,1.109309,0.986049,0.976096,1.001481,0.964955,0.947408,0.748918,0.800811,1.340575,1.191338,0.878576,0.870175,0.766336,0.517788,0.740526,0.636725,0.699740,0.500292,0.761794,0.816232,0.943056,0.619318,0.891795,1.029640,0.826543,0.952291,1.071196,1.082374,0.619764,0.650649,0.912783,0.984708
0.928808,0.919662,0.861932,0.927405,0.632658,0.588922,0.843198,0.934968,0.618282,0.678088,0.895239,1.001002,0.805948,1.078942,0.733720,0.872177,0.836947,0.701592,0.887417,0.897634,0.193779,0.440559,0.946043,0.954864,0.599684,0.746357,0.359159,0.289150,0.819165,0.872760,0.950087,0.869978,0.942317,1.009275,0.959957,0.809594,0.482571,0.667204,0.672653,0.837612,0.767195,0.556399,1.544300,0.000000,1.175259,1.434577,1.300746,1.346973,0.710763,0.858610,0.941523,0.741412,0.918046,0.911199,1.159982,0.828799,0.701679,0.844712,0.936632,0.885737,0.919426,1.028788,0.917475,1.020420,0.724987,0.826798,1.148455,1.152838,0.743585,0.740738,0.697168,0.514640,0.859593,0.778393,0.724961,0.507563,0.678392,0.880784,0.967773,0.688375,0.891553,1.073410,0.875653,0.932434,0.996732,1.089471,0.651742,0.699880,0.792699,0.795406
0.910012,1.175066,1.044428,1.156686,0.892695,0.941964,0.904426,1.051773,0.890178,0.854804,0.712277,0.849301,0.688467,1.090119,0.790557,0.909803,0.996602,0.686015,0.944399,1.073405,0.178911,0.748889,1.009344,1.084900,0.736847,0.913396,0.498003,0.552072,0.732872,0.782989,1.009773,0.899797,0.980914,1.045818,0.954016,0.794596,0.471097,0.439779,0.667044,0.612253,0.744149,0.422162,1.504249,1.175259,0.000000,1.597696,1.325195,1.173262,1.242901,1.305774,1.350613,0.998309,1.188107,1.289004,0.952177,0.883745,0.702025,0.938568,1.035313,1.076535,0.785609,0.918807,0.910160,0.923764,0.662219,0.750729,1.383931,1.207195,0.916531,1.019338,0.741428,0.545215,0.634079,0.568384,0.615683,0.465010,0.772687,0.752329,0.917656,0.653413,1.051770,1.100689,0.833209,0.941266,1.105658,1.014832,0.622803,0.536464,0.801241,0.875613
0.898840,1.059903,0.979662,1.116795,0.825632,0.877617,0.924744,1.110906,0.754635,0.911977,0.815589,1.006195,0.779544,1.229090,0.805364,1.010988,0.936018,0.701276,0.832126,0.937862,0.234627,0.644356,1.021711,1.125090,0.672219,0.839228,0.432171,0.497935,0.803241,0.894607,1.015711,0.887962,0.974009,1.054662,1.090825,0.930170,0.524491,0.524920,0.713513,0.704113,0.763573,0.580454,1.580662,1.434577,1.597696,0.000000,1.586522,1.256745,1.076343,1.149623,1.214048,0.871532,1.102188,1.081073,1.132405,0.998806,0.686412,0.873022,1.013077,1.165015,0.910406,1.025005,0.989594,1.015025,0.752611,0.886039,1.395123,1.402269,0.800056,0.905031,0.697049,0.520286,0.771691,0.656091,0.683225,0.515776,0.698152,0.822588,0.925545,0.658540,1.022687,1.147314,0.934646,1.004666,1.108331,1.137391,0.676807,0.640653,0.842919,0.927828
0.901531,1.087519,0.979057,1.098534,0.799176,0.877619,0.880151,1.106324,0.846909,0.895390,0.857709,1.021605,0.776141,1.102403,0.846063,1.007725,0.902410,0.714106,0.790967,0.911792,0.170250,0.626865,1.056946,1.183606,0.722662,0.827268,0.500245,0.622190,0.817313,0.927154,1.028483,0.936369,0.949920,1.010472,1.023027,0.914084,0.616389,0.516915,0.837058,0.625991,0.647043,0.507865,1.489612,1.300746,1.325195,1.586522,0.000000,1.456328,0.961493,1.053262,1.171472,0.881261,1.082915,1.124215,1.270512,1.086530,0.632956,0.893053,0.949210,1.079594,0.921187,0.892678,0.950120,0.949923,0.703079,0.819916,1.257023,1.219234,0.841642,0.939655,0.738304,0.569269,0.687187,0.685782,0.614677,0.614083,0.726783,0.852934,0.822858,0.612502,0.988206,1.093508,0.991646,1.080119,1.102538,1.097498,0.630390,0.661473,0.964604,1.150987
0.948637,1.013916,0.941506,1.020692,0.719564,0.741067,0.998212,1.112518,0.749484,0.796329,0.967310,1.012605,0.955495,1.170896,0.889289,1.086417,0.928222,0.641056,0.933429,0.936838,0.178371,0.514485,1.170790,1.127083,0.825239,0.882372,0.539161,0.528608,0.891279,0.888094,1.089202,0.983670,1.039456,1.049169,1.082073,0.921713,0.629034,0.656705,0.863210,0.857557,0.652209,0.617607,1.330183,1.346973,1.173262,1.256745,1.456328,0.000000,0.741029,0.874642,0.938339,0.773888,0.801834,1.083238,1.202454,1.069487,0.706497,0.858151,0.884318,0.876418,1.014909,0.957548,0.746481,0.824808,0.904776,0.935946,1.210774,1.152106,0.859483,0.839900,0.769815,0.558724,0.703625,0.667218,0.578221,0.581844,0.768488,0.965862,0.869926,0.741380,0.843157,0.960387,0.983458,0.936860,1.246020,1.172676,0.782277,0.676748,0.899068,0.933129
0.575274,0.724408,0.678286,0.746959,0.756969,0.834403,0.626154,0.739672,0.693694,0.718613,0.424392,0.669932,0.433325,0.725344,0.585293,0.556695,0.620105,0.421458,0.504138,0.586817,0.286940,0.697601,0.626871,0.717208,0.515503,0.645639,0.413471,0.579750,0.503120,0.552829,0.626231,0.514514,0.635885,0.616127,0.674266,0.583796,0.331828,0.248580,0.445259,0.302331,0.523330,0.242659,0.846996,0.710763,1.242901,1.076343,0.961493,0.741029,0.000000,1.596879,1.299108,1.191632,0.913677,0.934142,0.687699,0.753963,0.453495,0.582209,0.660105,0.877358,0.528434,0.592673,0.615230,0.646950,0.400524,0.554530,0.845810,0.779378,0.567953,0.818488,0.509858,0.476191,0.393852,0.301912,0.438029,0.364600,0.466680,0.427527,0.568303,0.340344,0.672354,0.662008,0.589485,0.634090,0.663061,0.622867,0.458698,0.275090,0.508403,0.637186
