0.000000,0.923376,0.468523,0.366962,0.207005,0.268588,0.806154,0.363339,0.467834,0.313785,0.453765,0.787864,0.525390,0.412025,0.724458,0.577947,0.447907,0.445949,0.954973,0.893886,0.361855,0.298816,0.417728,0.280649,0.153363,0.188464,-0.022361,0.152433,0.419255,0.294574,0.497420,0.415835,0.843489,0.500792,0.297020,0.291623,0.129884,0.338760,0.197722,0.401761,0.541411,0.605577,0.795210,0.572563,0.546440,0.555268,0.719944,0.779974,0.708945,0.673580,0.651945,0.566634,0.613691,0.737847,0.491645,0.605002,0.813979,0.656998,0.714454,0.639822,0.648983,0.529287,0.438628,0.463963,0.350091,0.256313,0.515604,0.284742,0.805314,0.695524,0.410224,0.395128,0.589347,0.605501,0.514373,0.463005,0.646479,0.429151,0.416330,0.184736,0.665629,0.515086,0.535561,0.351124,0.858551,0.670469,0.109248,0.285691,0.504334,0.574868
0.923376,0.000000,0.378434,0.505004,0.257307,0.180687,0.688712,0.518769,0.404988,0.208306,0.172598,0.695795,0.321410,0.220447,0.433882,0.289380,0.534133,0.539389,0.658179,1.008955,0.421215,0.514369,0.361741,0.248392,0.010614,0.171208,0.105698,0.212687,0.397916,0.220959,0.310212,0.207989,0.927449,0.631305,0.321029,0.206074,0.344528,0.464354,0.345434,0.606062,0.618448,0.702280,0.739799,0.584533,0.340156,0.571435,0.842509,0.892998,0.721890,0.595765,0.687501,0.524970,0.539512,0.696181,0.449172,0.502891,0.583289,0.969634,0.664751,0.777667,0.637380,0.671815,0.388205,0.449808,0.214290,0.390064,0.734541,0.507987,0.594293,0.633676,0.614034,0.506464,0.698924,0.684294,0.519031,0.507900,0.601146,0.682220,0.408529,0.265016,0.555092,0.519070,0.487682,0.490100,0.951753,0.605364,0.191050,0.219225,0.498922,0.508604
0.468523,0.378434,0.000000,0.643408,0.416599,0.160613,1.104481,0.424355,0.549069,0.306347,0.485490,0.439358,0.447347,0.342322,0.526118,0.612533,0.000263,-0.065220,0.630337,0.488973,0.056302,0.042419,1.620151,0.864033,0.327816,0.389834,0.041556,-0.145819,0.133360,0.003245,0.616392,0.365157,0.477395,0.304674,0.724929,0.280431,0.029814,0.300297,0.178247,0.414437,0.249074,0.340369,0.404129,0.382345,0.511174,0.493526,0.596125,0.753748,0.695125,0.790557,0.835594,0.789061,0.651247,0.764668,0.567594,0.794319,0.100845,0.075378,0.545769,0.355088,0.788110,0.286090,0.290935,-0.093482,0.982590,0.504597,0.569272,0.278599,0.264199,0.337180,0.300299,0.300617,0.170629,0.175938,0.261870,0.380970,0.373187,0.320210,0.041720,-0.043395,0.099004,-0.032776,0.498214,0.178226,0.733378,0.628204,0.252477,0.491264,0.743383,0.572451
0.366962,0.505004,0.643408,0.000000,0.153657,0.302932,0.657205,1.441665,0.352201,0.639062,0.018749,0.709175,0.020661,0.368626,-0.003592,0.421828,0.220747,0.211519,0.260115,0.780642,0.030096,0.070601,0.597549,1.321003,0.379246,0.329805,-0.146305,-0.249884,0.179450,0.128407,0.193636,0.541284,0.600779,0.807320,0.632895,0.686369,0.231213,0.358025,0.122434,0.507367,0.263312,0.384022,0.721642,0.576283,0.581036,0.924060,0.754199,0.774643,0.551515,0.564818,0.547074,0.458902,0.457123,0.619104,0.391718,0.497812,0.259910,0.104152,0.485340,0.741161,0.311412,0.761193,0.247844,0.262045,0.476266,1.218504,0.764633,1.021456,0.335722,0.511808,0.297268,0.345407,0.244535,0.381105,0.275885,0.479622,0.407690,0.557489,0.333809,0.137401,0.373350,0.347714,0.238718,0.286957,0.707233,1.007688,0.226596,0.273611,0.679701,0.749565
0.207005,0.257307,0.416599,0.153657,0.000000,0.549125,0.366299,0.133212,0.539803,0.580032,0.285341,0.241438,0.377268,0.183706,0.373958,0.297328,0.174462,0.176084,0.231362,0.195003,0.274644,0.389371,0.305045,0.200899,0.242494,0.366489,0.667027,0.371217,0.200817,0.127654,0.363457,0.069240,0.124288,0.057211,0.216784,-0.037017,0.017306,0.207906,0.024460,0.133933,0.235182,0.183359,0.207335,0.236519,0.351818,0.239330,0.388028,0.328851,0.385105,0.357789,0.524892,0.466139,0.397852,0.329104,0.162431,0.256112,0.097236,0.249061,0.167560,0.142656,0.349966,0.058112,0.131766,0.063365,0.216350,0.122344,0.316648,0.140192,0.047726,0.068610,0.285387,0.218202,0.193868,0.158065,0.185608,0.073094,0.223110,0.311320,0.137391,0.180165,0.119986,0.106916,0.130293,0.054503,0.369070,0.328263,-0.016574,-0.043512,0.221643,0.058597
0.268588,0.180687,0.160613,0.302932,0.549125,0.000000,0.233562,0.291188,0.631617,0.949471,0.207312,0.326971,0.230021,0.367392,0.200571,0.367782,0.340516,0.214462,0.080184,0.209316,0.325224,0.383659,0.052072,0.263873,0.348961,0.583108,0.415759,0.541423,0.250709,0.171556,0.269701,0.393355,0.178577,0.167790,0.116108,0.206997,0.034684,0.134319,-0.004592,0.104857,0.251827,0.233466,0.380556,0.310498,0.196487,0.290148,0.319424,0.285133,0.251689,0.186204,0.287154,0.180573,0.119268,0.185850,0.047047,0.087351,0.225302,0.131314,0.165411,0.311062,0.144775,0.193632,0.155290,0.200044,0.053927,0.241201,0.249986,0.280298,0.136716,0.158451,0.284885,0.357037,0.200794,0.198219,0.160077,0.136006,0.294284,0.313634,0.346475,0.178542,0.371181,0.255049,0.082024,0.096075,0.249096,0.389310,0.009465,-0.104673,0.146931,0.151823
0.806154,0.688712,1.104481,0.657205,0.366299,0.233562,0.000000,0.582211,0.693762,0.336073,0.490358,0.695555,0.566035,0.328601,0.680816,0.613830,0.253163,0.270394,0.796835,0.739365,0.227426,0.180678,0.979731,0.640080,0.227562,0.283407,-0.063425,0.011966,0.382897,0.165706,0.674679,0.511087,0.896848,0.542260,0.660114,0.360134,0.166121,0.360938,0.221066,0.485184,0.485716,0.539966,0.715360,0.555155,0.618866,0.698665,0.832193,0.923619,0.731227,0.717689,0.840691,0.654452,0.685562,0.840503,0.614132,0.726158,0.381801,0.388747,0.778424,0.658566,0.956098,0.563721,0.574172,0.250679,0.860309,0.544396,0.934600,0.458195,0.473262,0.572887,0.552647,0.492763,0.506352,0.448524,0.425741,0.576851,0.606312,0.561620,0.316033,0.124531,0.442313,0.321801,0.682155,0.319328,1.117220,0.806663,0.254906,0.306077,0.786202,0.678799
0.363339,0.518769,0.424355,1.441665,0.133212,0.291188,0.582211,0.000000,0.297160,0.659041,0.016727,0.876083,0.063958,0.414149,-0.093530,0.392215,0.346952,0.281740,0.134077,0.640571,-0.026124,0.080348,0.419430,0.940718,0.254941,0.167349,-0.201934,-0.235254,0.184104,0.165287,0.115763,0.535073,0.676940,0.998194,0.549257,0.727701,0.238769,0.400092,0.067760,0.498587,0.219232,0.423348,0.763630,0.635171,0.638050,1.047876,0.763153,0.741298,0.523058,0.534668,0.522065,0.410042,0.512211,0.592588,0.403105,0.435515,0.333965,0.105981,0.569911,0.813020,0.347107,1.029789,0.466162,0.529484,0.423742,1.411597,0.796007,1.127754,0.260481,0.519750,0.310605,0.315764,0.293367,0.437924,0.257651,0.569382,0.431040,0.609139,0.319807,0.115072,0.481047,0.475211,0.128188,0.327737,0.646869,0.930740,0.157997,0.258936,0.629916,0.717755
0.467834,0.404988,0.549069,0.352201,0.539803,0.631617,0.693762,0.297160,0.000000,0.623188,0.755376,0.485210,0.822331,0.556224,0.613504,0.447778,0.114759,0.086113,0.333942,0.370484,0.329898,0.371358,0.476593,0.411993,0.373032,0.468121,0.240228,0.217586,0.274348,0.036988,0.445614,0.379248,0.388135,0.215310,0.344536,0.200015,0.119019,0.265113,0.247162,0.299423,0.418773,0.291158,0.414484,0.279311,0.315084,0.332315,0.484113,0.502927,0.436051,0.411166,0.492732,0.405962,0.330740,0.450208,0.335663,0.356961,0.187745,0.325817,0.401329,0.446020,0.690355,0.311208,0.372132,0.179307,0.496900,0.293056,0.497099,0.215494,0.251071,0.247506,0.430917,0.474369,0.232273,0.123609,0.199883,0.219824,0.377599,0.371573,0.294487,0.137727,0.202345,0.079676,0.447148,0.157194,0.539074,0.489323,0.189196,0.008878,0.405013,0.201287
0.313785,0.208306,0.306347,0.639062,0.580032,0.949471,0.336073,0.659041,0.623188,0.000000,0.253479,0.479241,0.264751,0.558570,0.074434,0.452204,0.342134,0.204307,0.054514,0.308731,0.094934,0.176674,0.210474,0.603898,0.435833,0.512620,0.259651,0.130846,0.176082,0.183622,0.231629,0.480512,0.289620,0.401624,0.288970,0.487451,0.014132,0.167784,-0.027906,0.190172,0.134724,0.254133,0.425652,0.321662,0.465878,0.560836,0.412521,0.391607,0.325460,0.340484,0.330817,0.290437,0.262422,0.299278,0.119360,0.175795,0.301488,0.092609,0.239855,0.405115,0.163287,0.396678,0.205522,0.328082,0.208465,0.516495,0.357167,0.535060,0.106464,0.189986,0.179401,0.216731,0.103114,0.208682,0.136416,0.191786,0.233222,0.290236,0.319520,0.162354,0.379018,0.322784,0.046679,0.120422,0.293581,0.627819,-0.004575,-0.000681,0.257783,0.254557
0.453765,0.172598,0.485490,0.018749,0.285341,0.207312,0.490358,0.016727,0.755376,0.253479,0.000000,0.471845,1.360252,0.808379,0.688252,0.380913,-0.097642,-0.123153,0.329215,0.062464,0.180024,0.131092,0.464254,0.195902,0.102636,0.097736,0.116721,0.033988,-0.006177,-0.156068,0.423584,0.281046,0.248043,0.065566,0.246273,0.075501,-0.255331,-0.005506,0.060832,0.010652,0.152576,0.122729,0.166635,0.008558,0.227315,0.094903,0.181170,0.250428,0.349820,0.369220,0.370745,0.391682,0.293948,0.288564,0.233351,0.264829,0.137190,0.179978,0.258623,0.164623,0.790258,0.194434,0.390415,0.185918,0.514329,0.052238,0.178347,-0.101420,0.119238,0.076156,0.185421,0.258019,-0.001990,-0.052018,-0.011257,0.013669,0.182987,-0.007245,-0.006923,-0.114574,-0.024335,-0.165753,0.262888,-0.127179,0.186340,0.216097,-0.087559,-0.010983,0.163274,-0.043033
0.787864,0.695795,0.439358,0.709175,0.241438,0.326971,0.695555,0.876083,0.485210,0.479241,0.471845,0.000000,0.555835,0.813994,0.411145,0.610150,0.263919,0.246101,0.449652,0.687110,0.221417,0.262323,0.435718,0.601614,0.165550,0.138401,-0.047919,0.048751,0.228668,0.120154,0.339166,0.630446,0.668083,0.805745,0.536167,0.474810,0.132445,0.360789,0.114393,0.391017,0.379019,0.433390,0.901077,0.687861,0.657490,0.838660,0.869322,0.839139,0.738261,0.680047,0.694280,0.583759,0.652128,0.673443,0.496267,0.548134,0.474150,0.345652,0.645795,0.773612,0.626601,0.936144,0.497668,0.670385,0.456663,0.769974,0.658776,0.613578,0.467194,0.626042,0.460129,0.456019,0.394858,0.489305,0.345623,0.515840,0.591257,0.541839,0.337237,0.072622,0.407025,0.386143,0.263628,0.191686,0.722159,0.868300,0.021374,0.187806,0.518253,0.514259
0.525390,0.321410,0.447347,0.020661,0.377268,0.230021,0.566035,0.063958,0.822331,0.264751,1.360252,0.555835,0.000000,0.833653,0.871725,0.466732,-0.023106,-0.027430,0.366492,0.143565,0.257176,0.245822,0.408386,0.149324,0.083718,0.138435,0.220143,0.189512,0.120627,-0.055359,0.481821,0.306247,0.294657,0.112985,0.365343,0.086909,-0.084692,0.130667,0.135117,0.111993,0.211982,0.176815,0.272135,0.137191,0.258637,0.159459,0.302243,0.344480,0.328196,0.333195,0.377768,0.325284,0.321689,0.298946,0.208715,0.248114,0.191953,0.348349,0.331784,0.195416,0.901884,0.245636,0.484049,0.260385,0.580511,0.122286,0.301122,-0.018780,0.172421,0.166382,0.338764,0.318611,0.133370,0.057418,0.047971,0.089985,0.338222,0.170113,0.084120,0.020092,0.082366,-0.008420,0.295598,-0.009788,0.349684,0.276157,-0.077375,-0.002600,0.180495,0.006303
0.412025,0.220447,0.342322,0.368626,0.183706,0.367392,0.328601,0.414149,0.556224,0.558570,0.808379,0.813994,0.833653,0.000000,0.397934,0.574233,-0.058581,-0.189044,0.170442,0.160845,0.096736,0.154585,0.347113,0.454885,0.212313,0.175607,0.062404,-0.005781,-0.105277,-0.135052,0.220731,0.458423,0.241782,0.304278,0.436973,0.367506,-0.198868,0.108937,0.025930,0.124857,-0.002949,0.045440,0.350495,0.171396,0.324115,0.354795,0.289050,0.327553,0.285576,0.326031,0.252277,0.235825,0.268494,0.213077,0.115542,0.187013,0.160825,0.039857,0.302878,0.295913,0.441493,0.441320,0.274430,0.265768,0.488646,0.473600,0.262451,0.267966,0.084804,0.201047,0.193839,0.254406,-0.102841,-0.000866,-0.093998,0.081463,0.222287,0.121059,0.022852,-0.174575,0.043366,-0.010723,0.043234,-0.038613,0.181898,0.391966,-0.163666,0.032450,0.122131,0.071241
0.724458,0.433882,0.526118,-0.003592,0.373958,0.200571,0.680816,-0.093530,0.613504,0.074434,0.688252,0.411145,0.871725,0.397934,0.000000,0.723429,-0.017321,0.065188,0.804563,0.343719,0.483650,0.397142,0.534483,0.131334,0.179806,0.281767,0.268636,0.384617,0.403936,0.194566,0.781850,0.332524,0.284945,-0.020569,0.364153,-0.014958,0.050596,0.220878,0.238882,0.206944,0.387480,0.253568,0.310608,0.206794,0.282895,0.108394,0.382676,0.349286,0.376127,0.347930,0.384361,0.326656,0.364112,0.347829,0.259809,0.371445,0.231856,0.466187,0.313890,0.151616,0.679063,0.069223,0.162681,0.045954,0.499074,-0.056508,0.242541,-0.112831,0.346097,0.281404,0.509802,0.457310,0.354404,0.210643,0.279942,0.181391,0.430031,0.243166,0.158995,0.103239,0.141942,0.060191,0.739487,0.247984,0.599086,0.322338,0.128577,0.194752,0.225654,0.164456
0.577947,0.289380,0.612533,0.421828,0.297328,0.367782,0.613830,0.392215,0.447778,0.452204,0.380913,0.610150,0.466732,0.574233,0.723429,0.000000,0.131798,0.004151,0.408234,0.427540,0.274931,0.244214,0.657330,0.634190,0.527059,0.518204,0.111425,0.152328,0.394100,0.402238,0.604500,0.615036,0.323967,0.254987,0.612208,0.369787,0.153016,0.554806,0.163020,0.521366,0.295512,0.405372,0.487044,0.498950,0.508649,0.465140,0.563173,0.518798,0.527438,0.520963,0.479881,0.398506,0.467848,0.446298,0.396409,0.607834,0.329025,0.099588,0.503395,0.253689,0.492553,0.248499,0.291946,0.064738,0.592627,0.398262,0.351502,0.256976,0.339093,0.474675,0.478938,0.476325,0.375217,0.416585,0.411800,0.469033,0.536913,0.410714,0.162334,0.093136,0.300284,0.233657,0.541933,0.506930,0.614880,0.672845,0.219848,0.642711,0.486222,0.603148
0.447907,0.534133,0.000263,0.220747,0.174462,0.340516,0.253163,0.346952,0.114759,0.342134,-0.097642,0.263919,-0.023106,-0.058581,-0.017321,0.131798,0.000000,0.972604,0.078084,0.456352,0.232799,0.275501,-0.087283,-0.019024,-0.000644,0.196811,0.046576,0.258515,0.503588,0.450243,0.168537,0.152875,0.578603,0.421981,-0.069824,0.216097,0.358194,0.385746,0.189708,0.420174,0.471515,0.738899,0.409763,0.421795,0.192416,0.363982,0.350201,0.382044,0.263615,0.206862,0.246036,0.125361,0.268510,0.262912,0.285105,0.232227,0.901655,0.514733,0.500353,0.468179,0.153482,0.375480,0.438365,0.527159,-0.056387,0.167581,0.354195,0.353082,0.379979,0.337982,0.309333,0.247359,0.757541,0.750335,0.544174,0.550118,0.418662,0.424906,0.454908,0.279261,0.948119,0.788128,0.149785,0.349141,0.333360,0.306532,0.194966,0.189411,0.304363,0.416783
0.445949,0.539389,-0.065220,0.211519,0.176084,0.214462,0.270394,0.281740,0.086113,0.204307,-0.123153,0.246101,-0.027430,-0.189044,0.065188,0.004151,0.972604,0.000000,0.138331,0.506677,0.374368,0.349083,-0.134294,-0.053612,-0.071442,0.101414,-0.002616,0.271904,0.522269,0.482767,0.155903,0.221134,0.577410,0.474888,-0.051234,0.270055,0.320220,0.245585,0.137292,0.269214,0.541644,0.713888,0.429090,0.351143,0.220124,0.341563,0.360747,0.308710,0.181089,0.143001,0.163032,0.079403,0.196373,0.291008,0.169643,0.123597,0.914395,0.760047,0.346731,0.526474,0.137395,0.441610,0.331209,0.699805,-0.088192,0.112719,0.339301,0.322504,0.551508,0.394632,0.361011,0.337872,0.788292,0.709272,0.467010,0.351030,0.403847,0.393318,0.754189,0.487603,0.884699,0.873485,0.193548,0.229720,0.364008,0.350589,0.099757,-0.049188,0.195607,0.352797
0.954973,0.658179,0.630337,0.260115,0.231362,0.080184,0.796835,0.134077,0.333942,0.054514,0.329215,0.449652,0.366492,0.170442,0.804563,0.408234,0.078084,0.138331,0.000000,0.766140,0.261118,0.171376,0.563508,0.218592,0.098275,0.115114,0.019105,0.085263,0.228076,0.074975,0.460450,0.138117,0.501636,0.211977,0.270903,0.045215,0.061092,0.191678,0.197389,0.241065,0.367635,0.286063,0.465222,0.339568,0.413246,0.355125,0.519821,0.568492,0.598278,0.617739,0.601524,0.617764,0.511183,0.621328,0.448765,0.568890,0.266622,0.395936,0.408247,0.403337,0.524781,0.211008,0.128463,0.050187,0.336016,0.078649,0.372728,0.092138,0.511665,0.448571,0.314238,0.230262,0.348463,0.272162,0.317662,0.258791,0.419186,0.302121,0.107819,-0.031626,0.223033,0.127808,0.625159,0.254920,0.753063,0.376564,0.138519,0.237224,0.419361,0.359536
0.893886,1.008955,0.488973,0.780642,0.195003,0.209316,0.739365,0.640571,0.370484,0.308731,0.062464,0.687110,0.143565,0.160845,0.343719,0.427540,0.456352,0.506677,0.766140,0.000000,0.327709,0.253029,0.443306,0.478807,0.188879,0.218536,-0.083186,0.041951,0.459842,0.331917,0.336094,0.347836,0.862211,0.728378,0.397021,0.376360,0.339478,0.440541,0.207830,0.505111,0.619939,0.591194,0.845300,0.719444,0.546570,0.779569,0.835300,0.895736,0.752491,0.672262,0.696643,0.577840,0.498203,0.734557,0.497913,0.613138,0.634365,0.589763,0.639447,0.838179,0.450624,0.652674,0.362254,0.360088,0.294746,0.527451,0.744184,0.628244,0.894506,0.819885,0.498956,0.381902,0.721876,0.705123,0.590619,0.575822,0.662837,0.663823,0.463196,0.258247,0.635976,0.587302,0.475117,0.415582,0.980102,0.805099,0.224433,0.288093,0.614680,0.685294
0.361855,0.421215,0.056302,0.030096,0.274644,0.325224,0.227426,-0.026124,0.329898,0.094934,0.180024,0.221417,0.257176,0.096736,0.483650,0.274931,0.232799,0.374368,0.261118,0.327709,0.000000,1.106566,0.053306,-0.051009,0.018488,0.328500,0.420516,0.735797,0.304556,0.316414,0.469857,0.252570,0.261225,0.109542,0.070152,0.097591,0.253029,0.322098,0.235498,0.226292,0.610113,0.434247,0.353975,0.221594,0.014925,0.149434,0.277057,0.203907,0.181361,0.051148,0.163180,0.037311,0.101476,0.083643,-0.025822,0.026278,0.290693,0.595024,0.099689,0.249266,0.277512,0.112363,0.065724,0.142298,-0.014568,-0.032398,0.264008,0.112942,0.276720,0.236885,0.862677,0.793016,0.517401,0.437772,0.384392,0.208747,0.453794,0.427752,0.360821,0.298725,0.250718,0.170493,0.330658,0.321377,0.322786,0.238326,0.058155,0.004136,0.077818,0.115005
0.298816,0.514369,0.042419,0.070601,0.389371,0.383659,0.180678,0.080348,0.371358,0.176674,0.131092,0.262323,0.245822,0.154585,0.397142,0.244214,0.275501,0.349083,0.171376,0.253029,1.106566,0.000000,0.049148,-0.022339,-0.078942,0.367903,0.523651,0.786899,0.192370,0.197886,0.350740,0.160805,0.256007,0.127453,0.139524,0.073722,0.184261,0.316356,0.357386,0.386372,0.533664,0.469777,0.364427,0.220405,-0.007632,0.134918,0.346021,0.256452,0.207410,0.052239,0.204883,0.053243,0.167005,0.101527,0.042048,0.068850,0.242341,0.583143,0.173925,0.274932,0.280814,0.134219,0.017587,0.123746,-0.029931,0.055912,0.323936,0.199733,0.112254,0.175314,0.721664,0.733137,0.464640,0.448823,0.378144,0.313874,0.347834,0.443928,0.275346,0.185062,0.168253,0.103174,0.238062,0.362102,0.310588,0.183695,0.143340,-0.000536,0.069253,0.062444
0.417728,0.361741,1.620151,0.597549,0.305045,0.052072,0.979731,0.419430,0.476593,0.210474,0.464254,0.435718,0.408386,0.347113,0.534483,0.657330,-0.087283,-0.134294,0.563508,0.443306,0.053306,0.049148,0.000000,0.884330,0.294882,0.309640,-0.037075,-0.192596,0.058917,-0.039101,0.643937,0.386271,0.468742,0.307305,0.810259,0.291008,-0.001146,0.333668,0.127326,0.403173,0.199601,0.312717,0.385199,0.345858,0.460164,0.459567,0.574546,0.711358,0.658724,0.731471,0.736336,0.686365,0.658238,0.728321,0.494826,0.725139,0.076235,0.045320,0.549307,0.307492,0.777460,0.275635,0.260841,-0.129766,1.039032,0.524447,0.540962,0.268458,0.228973,0.369641,0.344943,0.336091,0.133901,0.173780,0.192324,0.393480,0.298514,0.285899,0.008268,-0.043907,0.031119,-0.074082,0.493345,0.221496,0.704463,0.567929,0.188696,0.556027,0.682047,0.582445
0.280649,0.248392,0.864033,1.321003,0.200899,0.263873,0.640080,0.940718,0.411993,0.603898,0.195902,0.601614,0.149324,0.454885,0.131334,0.634190,-0.019024,-0.053612,0.218592,0.478807,-0.051009,-0.022339,0.884330,0.000000,0.588254,0.435137,-0.049173,-0.277872,0.129038,0.090322,0.320384,0.635944,0.379708,0.547512,0.814523,0.647347,0.123707,0.346271,0.080519,0.439042,0.127202,0.256013,0.555741,0.457405,0.626054,0.684833,0.646919,0.657953,0.489230,0.571147,0.523646,0.492580,0.449634,0.571978,0.394484,0.525365,0.106783,-0.060694,0.345871,0.459982,0.340045,0.517725,0.154740,0.107165,0.676630,0.980084,0.554448,0.655744,0.232116,0.408280,0.243623,0.300695,0.092529,0.208486,0.178237,0.377027,0.311736,0.388374,0.219592,0.079641,0.163794,0.124144,0.277946,0.193877,0.581167,0.900314,0.224165,0.344360,0.610155,0.659744
0.153363,0.010614,0.327816,0.379246,0.242494,0.348961,0.227562,0.254941,0.373032,0.435833,0.102636,0.165550,0.083718,0.212313,0.179806,0.527059,-0.000644,-0.071442,0.098275,0.188879,0.018488,-0.078942,0.294882,0.588254,0.000000,0.668390,0.142857,-0.057618,0.369441,0.362676,0.169597,0.302266,0.054812,0.080384,0.323502,0.307173,0.249499,0.328053,0.138383,0.323275,0.158833,0.135449,0.227307,0.340594,0.330428,0.256994,0.326490,0.253592,0.149202,0.268527,0.172741,0.217023,0.100987,0.182977,0.214639,0.257520,0.070226,-0.047223,0.134262,0.171481,0.067097,0.049883,0.042570,-0.005911,0.242701,0.236133,0.195856,0.246441,0.240903,0.258405,0.055797,0.162244,0.138907,0.130690,0.216378,0.162876,0.300913,0.249943,0.222991,0.240086,0.202233,0.200970,0.283693,0.218159,0.297340,0.475556,0.212912,0.231382,0.350361,0.359415
0.188464,0.171208,0.389834,0.329805,0.366489,0.583108,0.283407,0.167349,0.468121,0.512620,0.097736,0.138401,0.138435,0.175607,0.281767,0.518204,0.196811,0.101414,0.115114,0.218536,0.328500,0.367903,0.309640,0.435137,0.668390,0.000000,0.514192,0.483449,0.328919,0.330965,0.466504,0.419458,0.170069,0.139263,0.407798,0.364467,0.127377,0.250768,0.156485,0.355533,0.249932,0.367314,0.285749,0.365040,0.171164,0.311406,0.352635,0.303162,0.198943,0.220868,0.259856,0.170635,0.070973,0.134049,0.163932,0.213294,0.189251,0.216013,0.153980,0.189079,0.093361,0.015355,-0.021988,-0.065578,0.183134,0.201618,0.348287,0.322694,0.173880,0.203522,0.225986,0.397141,0.299805,0.310324,0.314240,0.220725,0.348683,0.308411,0.246429,0.244668,0.229948,0.157870,0.239041,0.173212,0.289137,0.381349,0.198897,0.222329,0.218930,0.268714
-0.022361,0.105698,0.041556,-0.146305,0.667027,0.415759,-0.063425,-0.201934,0.240228,0.259651,0.116721,-0.047919,0.220143,0.062404,0.268636,0.111425,0.046576,-0.002616,0.019105,-0.083186,0.420516,0.523651,-0.037075,-0.049173,0.142857,0.514192,0.000000,0.834034,0.218969,0.266069,0.257160,-0.027334,-0.237080,-0.240418,0.046656,-0.198190,0.018893,0.069595,-0.028909,-0.045457,0.084585,-0.020424,0.057193,0.108262,-0.014743,-0.071442,0.177528,0.047449,0.044238,-0.043968,0.146777,0.116768,0.092259,-0.041887,-0.182241,-0.139058,-0.103420,0.280355,-0.261538,-0.060467,0.002940,-0.243321,-0.231014,-0.090023,-0.170369,-0.200661,0.022053,-0.014164,-0.100515,-0.042754,0.170812,0.173666,0.094539,0.014909,-0.005427,-0.174888,0.070825,0.182869,0.053103,0.271137,-0.029567,-0.022536,-0.052557,-0.045233,0.023550,0.058768,-0.139389,-0.199712,-0.214234,-0.280757
0.152433,0.212687,-0.145819,-0.249884,0.371217,0.541423,0.011966,-0.235254,0.217586,0.130846,0.033988,0.048751,0.189512,-0.005781,0.384617,0.152328,0.258515,0.271904,0.085263,0.041951,0.735797,0.786899,-0.192596,-0.277872,-0.057618,0.483449,0.834034,0.000000,0.305590,0.269416,0.413831,0.176685,0.002988,-0.079878,0.020822,-0.105974,0.130054,0.080061,0.024286,-0.021702,0.277744,0.183135,0.180458,0.188646,-0.116590,-0.033708,0.122297,0.009107,-0.017205,-0.185439,0.029883,-0.095475,-0.087788,-0.147560,-0.214850,-0.209744,0.176269,0.466470,-0.113698,0.014907,0.010975,-0.110982,-0.083985,0.084540,-0.217638,-0.219471,0.108945,0.013472,0.036248,0.023267,0.433807,0.372910,0.387245,0.282984,0.190845,0.015474,0.205113,0.229147,0.268522,0.323767,0.175230,0.161038,0.044544,0.052330,0.093788,-0.020000,-0.110528,-0.194241,-0.239185,-0.198006
0.419255,0.397916,0.133360,0.179450,0.200817,0.250709,0.382897,0.184104,0.274348,0.176082,-0.006177,0.228668,0.120627,-0.105277,0.403936,0.394100,0.503588,0.522269,0.228076,0.459842,0.304556,0.192370,0.058917,0.129038,0.369441,0.328919,0.218969,0.305590,0.000000,1.177967,0.443925,0.416591,0.334141,0.201017,0.106091,0.114600,0.594768,0.467679,0.161290,0.346057,0.507783,0.381811,0.378072,0.455556,0.321771,0.281449,0.496853,0.322843,0.221203,0.135262,0.239076,0.148938,0.218171,0.246340,0.228979,0.255696,0.452721,0.525181,0.215120,0.356803,0.221479,0.156351,0.257220,0.354767,0.008595,0.051172,0.311966,0.252678,0.579529,0.496069,0.417416,0.332200,0.855254,0.574875,0.563281,0.409028,0.540933,0.549142,0.715650,0.662065,0.835831,0.823982,0.464439,0.418812,0.595531,0.529832,0.293932,0.171406,0.346055,0.389962
0.294574,0.220959,0.003245,0.128407,0.127654,0.171556,0.165706,0.165287,0.036988,0.183622,-0.156068,0.120154,-0.055359,-0.135052,0.194566,0.402238,0.450243,0.482767,0.074975,0.331917,0.316414,0.197886,-0.039101,0.090322,0.362676,0.330965,0.266069,0.269416,1.177967,0.000000,0.368647,0.396218,0.192731,0.164124,0.064814,0.173232,0.433550,0.455054,0.004104,0.247829,0.306467,0.362375,0.288464,0.415641,0.327944,0.276864,0.407107,0.204832,0.146966,0.080733,0.116245,0.059202,0.186664,0.136620,0.084749,0.149698,0.427782,0.362099,0.136213,0.258210,0.038109,0.075908,0.125180,0.274336,-0.092891,0.006981,0.158521,0.235627,0.500071,0.439300,0.349818,0.318621,0.648076,0.567462,0.436787,0.322579,0.469245,0.473288,0.597883,0.661995,0.763592,0.794903,0.201381,0.382407,0.344843,0.468242,0.116831,0.268726,0.205273,0.363739
0.497420,0.310212,0.616392,0.193636,0.363457,0.269701,0.674679,0.115763,0.445614,0.231629,0.423584,0.339166,0.481821,0.220731,0.781850,0.604500,0.168537,0.155903,0.460450,0.336094,0.469857,0.350740,0.643937,0.320384,0.169597,0.466504,0.257160,0.413831,0.443925,0.368647,0.000000,0.824277,0.420227,0.236962,0.523867,0.158772,0.005790,0.292975,-0.037026,0.165681,0.293485,0.328615,0.358751,0.265696,0.321441,0.248044,0.383785,0.346988,0.293897,0.210601,0.361498,0.229726,0.288024,0.240701,0.099863,0.205841,0.313300,0.395734,0.255391,0.166793,0.539328,0.134682,0.168263,0.049019,0.510149,0.147545,0.408838,0.152048,0.263682,0.288075,0.573317,0.521551,0.435976,0.334041,0.320063,0.288692,0.324250,0.239862,0.324086,0.333810,0.298041,0.213982,0.376571,0.091781,0.493185,0.375994,-0.003644,0.239335,0.244594,0.220405
0.415835,0.207989,0.365157,0.541284,0.069240,0.393355,0.511087,0.535073,0.379248,0.480512,0.281046,0.630446,0.306247,0.458423,0.332524,0.615036,0.152875,0.221134,0.138117,0.347836,0.252570,0.160805,0.386271,0.635944,0.302266,0.419458,-0.027334,0.176685,0.416591,0.396218,0.824277,0.000000,0.481409,0.619178,0.638164,0.707345,0.053960,0.263355,-0.077843,0.191944,0.213086,0.327988,0.568509,0.403813,0.477874,0.536990,0.440386,0.345094,0.206518,0.143876,0.221368,0.072384,0.170427,0.188835,0.141053,0.146086,0.481492,0.264230,0.288428,0.361275,0.310622,0.503357,0.247885,0.441362,0.460488,0.569666,0.490903,0.542163,0.358168,0.417877,0.440754,0.521033,0.351306,0.372057,0.275613,0.341582,0.395245,0.305383,0.519752,0.339168,0.474447,0.451346,0.221513,0.034652,0.411097,0.681486,0.017839,0.123242,0.276612,0.378254
0.843489,0.927449,0.477395,0.600779,0.124288,0.178577,0.896848,0.676940,0.388135,0.289620,0.248043,0.668083,0.294657,0.241782,0.284945,0.323967,0.578603,0.577410,0.501636,0.862211,0.261225,0.256007,0.468742,0.379708,0.054812,0.170069,-0.237080,0.002988,0.334141,0.192731,0.420227,0.481409,0.000000,1.096053,0.509106,0.584595,0.176637,0.348646,0.249762,0.529091,0.521609,0.802417,0.713371,0.504970,0.461294,0.734443,0.583678,0.730573,0.548522,0.527191,0.589816,0.397634,0.422461,0.586264,0.482858,0.469546,0.812874,0.673951,0.876962,0.835316,0.657421,0.886871,0.702397,0.587291,0.522009,0.612932,1.051256,0.692696,0.598457,0.624914,0.511600,0.458767,0.722949,0.795538,0.614702,0.717504,0.620019,0.459778,0.460915,0.164415,0.758669,0.600887,0.401063,0.316482,0.779639,0.607381,0.193456,0.235169,0.584300,0.649420
0.500792,0.631305,0.304674,0.807320,0.057211,0.167790,0.542260,0.998194,0.215310,0.401624,0.065566,0.805745,0.112985,0.304278,-0.020569,0.254987,0.421981,0.474888,0.211977,0.728378,0.109542,0.127453,0.307305,0.547512,0.080384,0.139263,-0.240418,-0.079878,0.201017,0.164124,0.236962,0.619178,1.096053,0.000000,0.567518,0.793938,0.108077,0.246219,0.006026,0.384143,0.339424,0.505957,0.735140,0.557452,0.561730,0.989881,0.568792,0.628292,0.464503,0.420509,0.465802,0.320868,0.349674,0.481603,0.366601,0.324097,0.632738,0.435826,0.555915,0.776479,0.358016,1.128629,0.517172,0.734807,0.349137,0.911233,0.899368,1.050652,0.493892,0.574651,0.338860,0.306746,0.505614,0.634640,0.442124,0.539359,0.413842,0.404263,0.510914,0.218027,0.590892,0.611477,0.114232,0.070196,0.536364,0.670081,0.035262,0.121237,0.454284,0.555416
0.297020,0.321029,0.724929,0.632895,0.216784,0.116108,0.660114,0.549257,0.344536,0.288970,0.246273,0.536167,0.365343,0.436973,0.364153,0.612208,-0.069824,-0.051234,0.270903,0.397021,0.070152,0.139524,0.810259,0.814523,0.323502,0.407798,0.046656,0.020822,0.106091,0.064814,0.523867,0.638164,0.509106,0.567518,0.000000,0.709842,0.058107,0.373762,0.209814,0.464695,0.147824,0.289003,0.524571,0.467874,0.470354,0.593986,0.548470,0.530759,0.356386,0.360994,0.492879,0.342052,0.330338,0.378174,0.366992,0.400832,0.199727,0.200069,0.406404,0.372808,0.481741,0.492661,0.198888,0.138377,0.963639,0.889675,0.814216,0.688443,0.176664,0.320704,0.428383,0.437993,0.214774,0.319242,0.240240,0.397154,0.446748,0.420122,0.102133,0.064460,0.121416,0.131667,0.331998,0.181783,0.571835,0.613030,0.194725,0.328785,0.395861,0.477545
0.291623,0.206074,0.280431,0.686369,-0.037017,0.206997,0.360134,0.727701,0.200015,0.487451,0.075501,0.474810,0.086909,0.367506,-0.014958,0.369787,0.216097,0.270055,0.045215,0.376360,0.097591,0.073722,0.291008,0.647347,0.307173,0.364467,-0.198190,-0.105974,0.114600,0.173232,0.158772,0.707345,0.584595,0.793938,0.709842,0.000000,0.086820,0.200924,0.145980,0.334951,0.171752,0.402380,0.579716,0.421247,0.496479,0.712287,0.381822,0.372407,0.165767,0.242084,0.197041,0.099423,0.128219,0.261922,0.309977,0.252642,0.538913,0.186378,0.393520,0.519863,0.161626,0.699993,0.275185,0.527660,0.470616,0.857824,0.598566,0.832230,0.304500,0.343740,0.257802,0.382020,0.257115,0.405795,0.276418,0.421346,0.414944,0.328737,0.298204,0.055542,0.428464,0.392939,0.193404,0.147440,0.304752,0.640972,0.199240,0.170420,0.318884,0.558766
0.129884,0.344528,0.029814,0.231213,0.017306,0.034684,0.166121,0.238769,0.119019,0.014132,-0.255331,0.132445,-0.084692,-0.198868,0.050596,0.153016,0.358194,0.320220,0.061092,0.339478,0.253029,0.184261,-0.001146,0.123707,0.249499,0.127377,0.018893,0.130054,0.594768,0.433550,0.005790,0.053960,0.176637,0.108077,0.058107,0.086820,0.000000,0.664716,0.531073,0.595409,0.507609,0.346591,0.252648,0.390482,0.139551,0.228216,0.404672,0.313086,0.145318,0.107995,0.157697,0.096047,0.200177,0.233648,0.367935,0.299173,0.208524,0.294050,0.171854,0.273777,0.100689,0.152376,0.126357,0.191339,-0.007946,0.169335,0.196410,0.198683,0.274285,0.260008,0.443026,0.263545,0.470894,0.437974,0.382862,0.422746,0.458975,0.705265,0.426902,0.430639,0.346072,0.400158,0.397966,0.586558,0.494960,0.333223,0.484304,0.277328,0.453224,0.445840
0.338760,0.464354,0.300297,0.358025,0.207906,0.134319,0.360938,0.400092,0.265113,0.167784,-0.005506,0.360789,0.130667,0.108937,0.220878,0.554806,0.385746,0.245585,0.191678,0.440541,0.322098,0.316356,0.333668,0.346271,0.328053,0.250768,0.069595,0.080061,0.467679,0.455054,0.292975,0.263355,0.348646,0.246219,0.373762,0.200924,0.664716,0.000000,0.512468,0.859274,0.475811,0.601807,0.479832,0.562227,0.252286,0.365122,0.578642,0.500439,0.380785,0.341448,0.392984,0.304166,0.420129,0.377665,0.485410,0.517760,0.337012,0.255026,0.484985,0.437332,0.344537,0.256927,0.282896,0.151037,0.276949,0.393860,0.409594,0.332176,0.307781,0.446662,0.619400,0.467195,0.528932,0.562185,0.507371,0.498000,0.605130,0.709667,0.244952,0.279818,0.423972,0.392779,0.459412,0.799230,0.649447,0.489656,0.477184,0.559062,0.615269,0.668234
0.197722,0.345434,0.178247,0.122434,0.024460,-0.004592,0.221066,0.067760,0.247162,-0.027906,0.060832,0.114393,0.135117,0.025930,0.238882,0.163020,0.189708,0.137292,0.197389,0.207830,0.235498,0.357386,0.127326,0.080519,0.138383,0.156485,-0.028909,0.024286,0.161290,0.004104,-0.037026,-0.077843,0.249762,0.006026,0.209814,0.145980,0.531073,0.512468,0.000000,0.867504,0.588338,0.524188,0.184034,0.156542,-0.037724,0.066999,0.218684,0.270597,0.153308,0.210000,0.176377,0.128476,0.119410,0.175562,0.610967,0.453557,0.214031,0.319779,0.336133,0.296492,0.216192,0.108651,0.022573,0.070242,0.217488,0.117759,0.260259,0.097127,0.078136,0.061460,0.332789,0.334900,0.298800,0.284630,0.442592,0.406346,0.429646,0.365012,-0.029537,-0.133641,0.062920,-0.022205,0.741036,0.749901,0.330278,0.151258,1.019743,0.329680,0.414102,0.372256
0.401761,0.606062,0.414437,0.507367,0.133933,0.104857,0.485184,0.498587,0.299423,0.190172,0.010652,0.391017,0.111993,0.124857,0.206944,0.521366,0.420174,0.269214,0.241065,0.505111,0.226292,0.386372,0.403173,0.439042,0.323275,0.355533,-0.045457,-0.021702,0.346057,0.247829,0.165681,0.191944,0.529091,0.384143,0.464695,0.334951,0.595409,0.859274,0.867504,0.000000,0.574564,0.793913,0.486267,0.493228,0.255883,0.492402,0.642335,0.693619,0.490044,0.490784,0.509049,0.378990,0.465669,0.525794,0.816659,0.807579,0.397645,0.347047,0.664123,0.525916,0.392362,0.352359,0.235858,0.131625,0.368872,0.492525,0.573537,0.461841,0.312467,0.455108,0.454606,0.481284,0.531301,0.575280,0.613926,0.711464,0.629444,0.690530,0.216625,0.105617,0.344773,0.306308,0.659347,0.880543,0.694131,0.559229,0.816786,0.645299,0.848974,0.867352
0.541411,0.618448,0.249074,0.263312,0.235182,0.251827,0.485716,0.219232,0.418773,0.134724,0.152576,0.379019,0.211982,-0.002949,0.387480,0.295512,0.471515,0.541644,0.367635,0.619939,0.610113,0.533664,0.199601,0.127202,0.158833,0.249932,0.084585,0.277744,0.507783,0.306467,0.293485,0.213086,0.521609,0.339424,0.147824,0.171752,0.507609,0.475811,0.588338,0.574564,0.000000,0.742413,0.542521,0.488006,0.144846,0.345447,0.500623,0.461121,0.463851,0.333989,0.503872,0.354196,0.371693,0.399187,0.533315,0.442133,0.504352,0.673157,0.438246,0.535220,0.415715,0.311590,0.332015,0.339532,0.106759,0.141506,0.525851,0.289177,0.511527,0.429317,0.613703,0.523413,0.822483,0.686398,0.762688,0.584549,0.648774,0.599812,0.472353,0.308459,0.483557,0.414560,0.589633,0.433485,0.668793,0.485355,0.454137,0.201929,0.574201,0.466713
0.605577,0.702280,0.340369,0.384022,0.183359,0.233466,0.539966,0.423348,0.291158,0.254133,0.122729,0.433390,0.176815,0.045440,0.253568,0.405372,0.738899,0.713888,0.286063,0.591194,0.434247,0.469777,0.312717,0.256013,0.135449,0.367314,-0.020424,0.183135,0.381811,0.362375,0.328615,0.327988,0.802417,0.505957,0.289003,0.402380,0.346591,0.601807,0.524188,0.793913,0.742413,0.000000,0.515257,0.469687,0.275758,0.499656,0.511105,0.625808,0.484572,0.498733,0.497450,0.369356,0.402578,0.480195,0.584952,0.584451,0.777041,0.603125,0.706971,0.580243,0.501380,0.474595,0.437271,0.431924,0.266404,0.343222,0.572771,0.426324,0.459189,0.467474,0.550956,0.562725,0.915775,1.019213,0.814591,0.789652,0.771042,0.527363,0.348719,0.189806,0.629472,0.483926,0.468120,0.627783,0.663623,0.559633,0.391608,0.523582,0.637357,0.734686
0.795210,0.739799,0.404129,0.721642,0.207335,0.380556,0.715360,0.763630,0.414484,0.425652,0.166635,0.901077,0.272135,0.350495,0.310608,0.487044,0.409763,0.429090,0.465222,0.845300,0.353975,0.364427,0.385199,0.555741,0.227307,0.285749,0.057193,0.180458,0.378072,0.288464,0.358751,0.568509,0.713371,0.735140,0.524571,0.579716,0.252648,0.479832,0.184034,0.486267,0.542521,0.515257,0.000000,1.299530,0.638903,0.831881,1.217277,1.029505,0.680021,0.520332,0.701661,0.509244,0.641011,0.739846,0.523312,0.520446,0.595622,0.469886,0.650092,0.946388,0.439572,0.700197,0.424950,0.578198,0.365868,0.672620,0.890367,0.757115,0.688518,0.857175,0.528707,0.504707,0.516179,0.627911,0.438435,0.549345,0.651798,0.750355,0.465994,0.295647,0.661832,0.607008,0.349828,0.330973,0.839268,0.914121,0.196613,0.148207,0.554048,0.641986
0.572563,0.584533,0.382345,0.576283,0.236519,0.310498,0.555155,0.635171,0.279311,0.321662,0.008558,0.687861,0.137191,0.171396,0.206794,0.498950,0.421795,0.351143,0.339568,0.719444,0.221594,0.220405,0.345858,0.457405,0.340594,0.365040,0.108262,0.188646,0.455556,0.415641,0.265696,0.403813,0.504970,0.557452,0.467874,0.421247,0.390482,0.562227,0.156542,0.493228,0.488006,0.469687,1.299530,0.000000,0.624994,0.808115,1.194043,1.000970,0.719009,0.574588,0.745352,0.587207,0.667364,0.697217,0.603089,0.613572,0.481556,0.332706,0.649792,0.703733,0.330893,0.471316,0.393343,0.397290,0.298089,0.588322,0.731334,0.651051,0.645884,0.776112,0.429086,0.391754,0.519180,0.608597,0.459039,0.504796,0.638155,0.826635,0.381023,0.375244,0.603796,0.586428,0.262804,0.348580,0.769482,0.826575,0.214693,0.339786,0.566189,0.636976
0.546440,0.340156,0.511174,0.581036,0.351818,0.196487,0.618866,0.638050,0.315084,0.465878,0.227315,0.657490,0.258637,0.324115,0.282895,0.508649,0.192416,0.220124,0.413246,0.546570,0.014925,-0.007632,0.460164,0.626054,0.330428,0.171164,-0.014743,-0.116590,0.321771,0.327944,0.321441,0.477874,0.461294,0.561730,0.470354,0.496479,0.139551,0.252286,-0.037724,0.255883,0.144846,0.275758,0.638903,0.624994,0.000000,1.009978,0.759126,0.671601,0.734457,0.857821,0.691044,0.728130,0.650451,0.693302,0.568687,0.666791,0.333284,0.118250,0.442791,0.470148,0.413972,0.521214,0.316170,0.425331,0.498392,0.568609,0.461365,0.456044,0.421413,0.379281,0.192993,0.167454,0.229881,0.354184,0.301601,0.352987,0.354967,0.390164,0.319710,0.130735,0.359116,0.361990,0.215942,0.112203,0.642165,0.872470,0.121040,0.309555,0.510548,0.518735
0.555268,0.571435,0.493526,0.924060,0.239330,0.290148,0.698665,1.047876,0.332315,0.560836,0.094903,0.838660,0.159459,0.354795,0.108394,0.465140,0.363982,0.341563,0.355125,0.779569,0.149434,0.134918,0.459567,0.684833,0.256994,0.311406,-0.071442,-0.033708,0.281449,0.276864,0.248044,0.536990,0.734443,0.989881,0.593986,0.712287,0.228216,0.365122,0.066999,0.492402,0.345447,0.499656,0.831881,0.808115,1.009978,0.000000,0.915566,0.894192,0.805873,0.788696,0.765318,0.649537,0.684905,0.736474,0.567148,0.658024,0.460041,0.261220,0.618326,0.844763,0.426099,0.842021,0.442090,0.514193,0.418998,0.956267,0.871227,1.043912,0.474182,0.597291,0.371984,0.329974,0.402803,0.567688,0.412522,0.543752,0.555519,0.639600,0.424354,0.184643,0.523703,0.513916,0.214674,0.254252,0.798553,1.104016,0.147651,0.340704,0.705251,0.786743
0.719944,0.842509,0.596125,0.754199,0.388028,0.319424,0.832193,0.763153,0.484113,0.412521,0.181170,0.869322,0.302243,0.289050,0.382676,0.563173,0.350201,0.360747,0.519821,0.835300,0.277057,0.346021,0.574546,0.646919,0.326490,0.352635,0.177528,0.122297,0.496853,0.407107,0.383785,0.440386,0.583678,0.568792,0.548470,0.381822,0.404672,0.578642,0.218684,0.642335,0.500623,0.511105,1.217277,1.194043,0.759126,0.915566,0.000000,1.422542,1.000214,0.791803,0.998798,0.800803,1.001098,1.065979,0.699450,0.810748,0.427784,0.445157,0.731919,0.884855,0.602023,0.584945,0.382253,0.394256,0.393731,0.648651,0.821991,0.663613,0.633467,0.900270,0.544558,0.534917,0.479151,0.534887,0.414375,0.532944,0.709429,1.013850,0.419495,0.325513,0.541298,0.539307,0.427882,0.455996,1.104475,1.116688,0.251426,0.349074,0.797285,0.787080
0.779974,0.892998,0.753748,0.774643,0.328851,0.285133,0.923619,0.741298,0.502927,0.391607,0.250428,0.839139,0.344480,0.327553,0.349286,0.518798,0.382044,0.308710,0.568492,0.895736,0.203907,0.256452,0.711358,0.657953,0.253592,0.303162,0.047449,0.009107,0.322843,0.204832,0.346988,0.345094,0.730573,0.628292,0.530759,0.372407,0.313086,0.500439,0.270597,0.693619,0.461121,0.625808,1.029505,1.000970,0.671601,0.894192,1.422542,0.000000,0.988958,0.974540,1.033622,0.868133,0.970146,1.326677,0.747972,0.986430,0.477479,0.422273,0.917773,0.837671,0.684269,0.633739,0.460381,0.334450,0.527316,0.676903,0.825321,0.597086,0.665799,0.884431,0.464050,0.421432,0.457541,0.512209,0.421631,0.559533,0.641849,0.733936,0.310752,0.201201,0.495001,0.422532,0.446044,0.406595,1.015531,0.988180,0.234560,0.426497,0.856102,0.859350
0.708945,0.721890,0.695125,0.551515,0.385105,0.251689,0.731227,0.523058,0.436051,0.325460,0.349820,0.738261,0.328196,0.285576,0.376127,0.527438,0.263615,0.181089,0.598278,0.752491,0.181361,0.207410,0.658724,0.489230,0.149202,0.198943,0.044238,-0.017205,0.221203,0.146966,0.293897,0.206518,0.548522,0.464503,0.356386,0.165767,0.145318,0.380785,0.153308,0.490044,0.463851,0.484572,0.680021,0.719009,0.734457,0.805873,1.000214,0.988958,0.000000,1.325079,1.615593,1.402174,1.018371,1.138834,0.799691,1.060335,0.267744,0.235000,0.705896,0.616233,0.759950,0.435397,0.425251,0.194940,0.356013,0.432095,0.542568,0.360555,0.437272,0.489558,0.387430,0.362559,0.344484,0.427862,0.452164,0.466983,0.472500,0.550010,0.180437,0.034318,0.274692,0.191342,0.372554,0.325352,0.868040,0.799989,0.226552,0.510142,0.803358,0.639752
