0.000000,0.537636,0.073017,0.306521,0.303629,0.263368,0.343307,0.454605,0.416928,0.190974,0.662092,0.661174,0.739044,0.424469,0.484706,0.298153,0.369905,0.119469,0.532899,0.509226,-0.078991,-0.031653,-0.135067,-0.006448,0.079255,0.045329,0.208773,0.183591,-0.012078,0.087216,-0.162686,-0.134549,0.162966,0.133995,0.017110,0.125489,0.037925,0.100233,0.139795,0.224660,0.151027,-0.056987,0.236438,0.213787,0.074039,0.255131,0.399226,0.244634,0.311596,0.350725,0.332495,0.554943,0.304915,0.090860,0.346759,0.337424,0.548775,0.178157,0.752312,0.450764,0.710350,0.602113,0.392359,0.342042,0.163068,0.498281,0.307997,0.334805,0.409805,0.310324,0.110899,0.039821,0.169065,0.184640,0.223740,0.180079,0.342180,0.336730,0.020017,0.052164,0.220570,0.216423,0.049518,0.155580,0.363961,0.328149,0.089608,0.351975,0.617674,0.645332
0.537636,0.000000,-0.454080,-0.145700,-0.257258,-0.202263,-0.057212,0.002388,-0.084448,-0.163087,0.204308,0.408442,0.070196,0.114183,-0.003494,0.055578,0.685857,0.801795,0.165729,0.719570,0.088602,0.141956,-0.602306,-0.571222,-0.492573,-0.540360,0.046366,-0.244896,0.376944,0.424312,-0.133198,0.064608,0.593148,0.545744,-0.262090,-0.292444,0.005968,-0.090566,0.081185,0.209130,0.181930,0.148781,0.258007,0.170618,-0.041460,0.125556,0.375740,0.235153,0.518413,0.512134,0.269829,0.447870,0.361554,0.197302,0.371354,0.311602,0.926903,0.972567,0.811389,0.677242,0.573687,0.648229,0.478015,0.626858,-0.442125,-0.097626,0.130393,0.037670,1.212328,1.015980,0.040224,0.042151,-0.018839,0.236782,0.146272,0.066369,0.095354,0.034864,0.099898,0.082164,0.290663,0.221760,0.291397,0.287667,0.081479,0.046017,0.247311,0.264479,0.087934,0.337802
0.073017,-0.454080,0.000000,0.732814,0.336672,0.424822,0.707423,0.399874,0.311190,0.300949,0.288495,0.010953,0.446005,0.319084,0.762363,0.462016,-0.115163,-0.298050,0.556747,-0.076789,0.030624,-0.148400,0.883241,0.701819,0.549848,0.594974,0.271100,0.539474,-0.372430,-0.388767,0.446265,0.228251,-0.023085,-0.110121,0.502539,0.421338,0.099931,0.325326,0.173294,0.102419,0.000368,-0.192238,0.240687,0.281491,0.470209,0.187060,0.112127,0.150987,-0.058128,-0.145933,0.420353,0.095428,0.162969,0.209115,0.239067,0.227577,-0.092703,-0.195653,-0.106067,-0.131839,-0.091894,-0.124173,0.001358,-0.269966,1.141598,0.485343,0.578672,0.553415,-0.283989,-0.244660,0.007620,-0.040689,0.359248,0.081007,0.086768,0.305759,0.355547,0.377288,-0.022379,-0.183194,0.307685,0.337515,0.227989,0.216064,0.716190,0.689145,0.293385,0.235783,0.682676,0.317861
0.306521,-0.145700,0.732814,0.000000,0.425509,0.816030,0.770668,1.102294,0.397855,0.497668,0.621505,0.571123,0.693797,0.828885,0.848663,0.903519,0.141411,-0.059966,0.569107,0.347632,-0.039970,-0.119465,0.634875,0.810754,0.398192,0.553096,0.260305,0.520056,-0.053191,-0.170069,0.256848,0.151662,0.208716,0.268410,0.353987,0.451484,-0.025705,0.385991,0.198330,0.215822,0.108053,-0.220939,0.348116,0.461000,0.498829,0.620659,0.332719,0.430032,0.276652,0.279079,0.538207,0.544800,0.339359,0.301627,0.377553,0.463399,0.088072,-0.149166,0.195758,0.201595,0.226614,0.286102,0.369265,0.244414,0.504968,0.908378,0.415684,0.904297,-0.055110,-0.092929,0.046589,-0.092912,0.435754,0.208919,0.197187,0.345009,0.636288,0.601094,-0.120633,-0.303835,0.573394,0.581628,0.222324,0.335308,0.814462,0.861174,0.283408,0.374149,0.686007,0.621909
0.303629,-0.257258,0.336672,0.425509,0.000000,0.690089,0.026898,0.387116,1.369628,0.746276,0.065689,0.144449,0.599725,0.351600,0.368522,0.128073,-0.117866,-0.294498,0.080182,-0.163657,-0.107977,-0.148556,0.417452,0.519423,0.975928,0.980495,0.622009,0.741881,-0.296390,-0.053191,-0.125860,-0.389873,-0.253522,-0.245173,0.194467,0.323906,0.107161,0.245731,0.169600,0.198456,0.023882,-0.011580,-0.106731,0.012580,-0.049890,0.057171,-0.107580,0.072680,-0.099594,-0.012577,0.029734,0.144585,0.035081,-0.008018,0.007918,0.072265,-0.181120,-0.426564,0.141849,0.134568,0.051134,0.166684,0.124400,-0.039561,0.333054,0.384208,0.084151,0.207469,-0.313753,-0.292235,-0.221780,-0.271416,-0.048006,-0.160049,-0.047563,0.017938,0.080000,0.215984,0.004223,-0.037843,0.000505,0.023251,0.013825,0.024911,0.130976,0.115979,-0.000388,0.124504,0.223428,0.260477
0.263368,-0.202263,0.424822,0.816030,0.690089,0.000000,0.351736,0.701042,0.578304,0.677189,0.355195,0.292261,0.722986,0.614585,0.562962,0.539000,-0.073920,-0.249749,0.189446,0.023021,-0.167804,-0.245042,0.484265,0.740882,0.600247,0.767193,0.347908,0.607732,-0.217334,-0.214113,0.025499,-0.218425,-0.119731,-0.059255,0.238019,0.238118,-0.045831,0.254932,0.163186,0.187658,0.001321,-0.158618,0.179283,0.227757,0.155168,0.296701,0.238859,0.357581,0.146664,0.244903,0.271841,0.407500,0.241984,0.255043,0.202264,0.396725,-0.084631,-0.353920,0.140663,0.209196,0.141928,0.230278,0.209470,0.107998,0.325659,0.657152,0.121788,0.463877,-0.214794,-0.230505,-0.078710,-0.204719,0.151801,0.038586,0.069576,0.104651,0.225778,0.323621,-0.099155,-0.331184,0.219432,0.179918,0.022161,0.093793,0.376403,0.377555,0.129383,0.255063,0.394560,0.463093
0.343307,-0.057212,0.707423,0.770668,0.026898,0.351736,0.000000,0.886680,0.025593,0.057139,0.817453,0.556416,0.575360,0.600741,0.693806,0.701050,0.153646,0.018696,0.690491,0.425209,-0.038564,-0.155506,0.287634,0.353109,-0.022624,0.086846,-0.009418,0.247406,-0.046384,-0.267379,0.228109,0.128659,0.207799,0.106720,0.235663,0.260119,-0.008976,0.364287,0.271044,0.206094,0.094568,-0.267872,0.349995,0.361427,0.447690,0.523248,0.470407,0.339599,0.354712,0.288743,0.612469,0.505489,0.393060,0.372899,0.543845,0.523986,0.156578,-0.047122,0.335677,0.139444,0.472338,0.270097,0.444530,0.275163,0.476244,0.628870,0.439394,0.611344,-0.012410,0.006996,0.118966,0.016693,0.383414,0.239384,0.392026,0.306629,0.695610,0.669499,-0.112633,-0.301917,0.622623,0.458786,0.144945,0.311069,0.751836,0.727097,0.396138,0.347998,0.930254,0.737915
0.454605,0.002388,0.399874,1.102294,0.387116,0.701042,0.886680,0.000000,0.355565,0.351034,0.648472,0.875883,0.784478,0.863338,0.678782,0.867440,0.220239,0.030531,0.498320,0.480775,-0.033727,-0.093403,0.279024,0.484444,0.167217,0.313622,0.197080,0.438670,-0.046235,-0.112538,-0.008018,-0.064058,0.152454,0.190970,0.343902,0.433332,-0.033435,0.442600,0.286702,0.268030,0.057612,-0.213094,0.231877,0.322741,0.295223,0.656376,0.405153,0.424383,0.344933,0.442565,0.473925,0.692613,0.371057,0.316620,0.476585,0.524068,0.161303,-0.137438,0.417472,0.294563,0.583789,0.555393,0.634534,0.517417,0.307130,1.030207,0.215381,0.716693,-0.026110,-0.014378,0.014624,-0.153800,0.283619,0.173326,0.281444,0.312928,0.732885,0.688220,-0.061264,-0.339348,0.543744,0.471482,0.108859,0.343898,0.572263,0.675431,0.238571,0.319250,0.727887,0.882883
0.416928,-0.084448,0.311190,0.397855,1.369628,0.578304,0.025593,0.355565,0.000000,0.890764,0.110131,0.158026,0.597789,0.325795,0.509409,0.212078,-0.006959,-0.167682,0.180892,-0.054563,-0.159634,-0.091243,0.307947,0.346482,0.759914,0.651202,0.644562,0.608261,-0.270354,0.027351,-0.038626,-0.209584,-0.101459,-0.077403,0.169091,0.339431,0.113952,0.133275,0.265329,0.293847,0.092033,0.044293,-0.110379,-0.021464,-0.068750,0.016045,-0.098318,0.016245,-0.121792,-0.061246,0.080671,0.202794,0.015012,-0.026218,0.073859,0.100779,0.036043,-0.188062,0.225022,0.175704,0.131814,0.252577,0.149853,-0.020866,0.387678,0.436228,0.204732,0.251134,-0.086673,-0.085845,-0.142317,-0.151304,0.026180,-0.027225,-0.041825,0.095810,0.056276,0.156461,0.022583,-0.014963,0.031431,0.110155,0.058935,0.109778,0.234386,0.233631,0.109788,0.331019,0.295044,0.338278
0.190974,-0.163087,0.300949,0.497668,0.746276,0.677189,0.057139,0.351034,0.890764,0.000000,0.078902,0.065772,0.426281,0.380325,0.466747,0.246453,-0.079875,-0.199114,0.053868,-0.176511,-0.076002,-0.152477,0.401903,0.486040,0.712295,0.732456,0.509246,0.406443,-0.243869,-0.070315,0.104923,-0.140727,-0.070278,0.011480,0.188501,0.295363,0.101946,0.192412,0.132185,0.128241,-0.038176,0.068381,0.061487,0.171303,0.138781,0.204754,0.020883,0.112289,-0.066061,-0.015615,0.105350,0.215870,-0.059286,0.004856,0.090909,0.111259,-0.085391,-0.221544,0.088426,0.170540,-0.005582,0.083514,0.016858,-0.120029,0.376764,0.425691,0.306425,0.430559,-0.149179,-0.160887,-0.085617,-0.162223,0.140912,-0.014881,-0.127852,-0.003659,0.009357,-0.011523,0.026183,-0.106734,0.046531,0.131331,0.062777,0.039204,0.300201,0.252081,0.022351,0.205183,0.193995,0.205770
0.662092,0.204308,0.288495,0.621505,0.065689,0.355195,0.817453,0.648472,0.110131,0.078902,0.000000,0.856810,0.683403,0.755514,0.597633,0.719691,0.379776,0.115941,0.749553,0.655766,-0.161955,-0.041215,0.235688,0.349506,-0.050405,-0.008829,-0.030145,0.122777,0.190369,-0.000666,0.112836,0.146333,0.284831,0.319124,0.146238,0.188676,-0.074722,0.254887,0.173213,0.223513,0.262789,-0.318860,0.436764,0.417280,0.371645,0.584248,0.553865,0.450120,0.529140,0.479613,0.613514,0.714407,0.410752,0.297223,0.547405,0.531450,0.398976,0.119697,0.491504,0.312989,0.565682,0.454946,0.494218,0.445512,0.210063,0.555894,0.302883,0.529965,0.151825,0.039888,0.216845,0.224565,0.467493,0.462735,0.455407,0.266703,0.543129,0.569373,-0.131310,-0.180905,0.635309,0.605244,0.125810,0.238902,0.803816,0.699128,0.195080,0.396518,0.748547,0.811585
0.661174,0.408442,0.010953,0.571123,0.144449,0.292261,0.556416,0.875883,0.158026,0.065772,0.856810,0.000000,0.585531,0.865456,0.466929,0.684285,0.613577,0.332581,0.517197,0.924642,-0.109668,-0.073944,0.002725,0.158068,-0.120857,-0.076141,0.024681,0.093407,0.339675,0.236479,-0.127500,-0.001206,0.305579,0.352500,0.054153,0.151613,0.061534,0.336733,0.186475,0.245233,0.187018,-0.221702,0.368416,0.320787,0.244506,0.651692,0.557312,0.470056,0.648734,0.696901,0.506410,0.808299,0.502074,0.306349,0.522484,0.489404,0.495945,0.101724,0.701738,0.385869,0.937423,0.651744,0.797979,0.754322,-0.020375,0.617080,0.136066,0.451506,0.335930,0.275498,0.190912,0.025641,0.175645,0.281222,0.310336,0.154459,0.548851,0.565266,-0.001661,-0.146172,0.708523,0.566126,0.195355,0.357308,0.552050,0.516345,0.149029,0.354699,0.532499,0.763668
0.739044,0.070196,0.446005,0.693797,0.599725,0.722986,0.575360,0.784478,0.597789,0.426281,0.683403,0.585531,0.000000,0.891388,0.930695,0.705203,0.159074,0.001071,0.585924,0.286383,-0.064007,-0.091678,0.382290,0.591106,0.392157,0.463740,0.400271,0.511568,-0.227054,-0.158187,0.017252,-0.171705,0.028368,0.028230,0.259791,0.208863,0.083425,0.392444,0.276115,0.236533,0.096743,-0.128403,0.349545,0.410419,0.273074,0.473049,0.508119,0.530160,0.355118,0.407772,0.545290,0.649855,0.374764,0.350775,0.489394,0.598253,0.207639,-0.067100,0.513124,0.425620,0.486971,0.491751,0.475530,0.264774,0.451922,0.800388,0.371955,0.606512,-0.070385,-0.008990,-0.158210,-0.302107,0.068670,0.020547,0.170039,0.264002,0.370960,0.402558,-0.064307,-0.235597,0.373611,0.300149,0.191398,0.295259,0.659124,0.662991,0.251332,0.407402,0.765462,0.805330
0.424469,0.114183,0.319084,0.828885,0.351600,0.614585,0.600741,0.863338,0.325795,0.380325,0.755514,0.865456,0.891388,0.000000,0.665953,0.941275,0.282786,0.119958,0.534601,0.495699,-0.169722,-0.113612,0.418249,0.652991,0.231397,0.327042,0.232489,0.347960,-0.000187,-0.010648,0.118161,-0.027762,0.145245,0.180210,0.188541,0.223945,0.095472,0.483197,0.369534,0.337748,0.098950,-0.172974,0.552522,0.525066,0.408178,0.634047,0.675267,0.702103,0.655814,0.679412,0.743982,0.834810,0.601597,0.509610,0.663842,0.659031,0.280303,-0.065719,0.480153,0.435313,0.422136,0.455067,0.569909,0.410270,0.207954,0.686103,0.242100,0.614414,0.031486,0.000088,-0.056120,-0.170145,0.133847,0.143675,0.143222,0.112211,0.385956,0.401501,0.042560,-0.366910,0.724330,0.599204,0.382786,0.506230,0.793586,0.714633,0.317525,0.446823,0.683212,0.741654
0.484706,-0.003494,0.762363,0.848663,0.368522,0.562962,0.693806,0.678782,0.509409,0.466747,0.597633,0.466929,0.930695,0.665953,0.000000,0.885372,0.228039,0.039434,0.668291,0.264603,0.016511,-0.017113,0.600541,0.597586,0.368456,0.372267,0.310072,0.469560,-0.117674,-0.114615,0.219382,0.114003,0.221587,0.177625,0.362582,0.260586,0.151864,0.280622,0.294424,0.183897,0.095259,-0.103372,0.492380,0.470547,0.503925,0.501972,0.507057,0.463861,0.282350,0.248099,0.629401,0.524957,0.413236,0.339619,0.461856,0.547679,0.230911,0.058905,0.350992,0.237843,0.343166,0.285294,0.364034,0.103462,0.670346,0.821123,0.623684,0.770795,0.027939,0.048706,0.052455,-0.081069,0.331487,0.165799,0.167820,0.466045,0.412689,0.417297,-0.044963,-0.195151,0.477283,0.478968,0.309504,0.363806,0.957748,0.972331,0.246401,0.422644,0.766213,0.694657
0.298153,0.055578,0.462016,0.903519,0.128073,0.539000,0.701050,0.867440,0.212078,0.246453,0.719691,0.684285,0.705203,0.941275,0.885372,0.000000,0.282520,0.117677,0.621386,0.496488,-0.212807,-0.055431,0.483519,0.646943,0.073431,0.151652,0.110126,0.284048,0.072034,-0.162141,0.191628,0.201061,0.204615,0.301122,0.327290,0.321261,-0.001607,0.413022,0.355803,0.341736,0.313617,-0.278831,0.498883,0.475995,0.461605,0.618291,0.619574,0.675078,0.449279,0.415659,0.721296,0.640322,0.576415,0.566785,0.665607,0.751258,0.310176,0.104603,0.353432,0.244987,0.431115,0.402733,0.549858,0.310386,0.408495,0.825603,0.329165,0.722427,0.075367,0.137722,0.016308,-0.169140,0.324121,0.082931,0.189311,0.402338,0.515717,0.432398,-0.190260,-0.375869,0.686063,0.576347,0.308239,0.475222,1.010967,1.050623,0.414597,0.522844,0.781415,0.768902
0.369905,0.685857,-0.115163,0.141411,-0.117866,-0.073920,0.153646,0.220239,-0.006959,-0.079875,0.379776,0.613577,0.159074,0.282786,0.228039,0.282520,0.000000,0.883076,0.345542,0.675485,0.080162,0.160772,-0.168722,-0.181730,-0.281422,-0.335538,0.082118,-0.076731,0.516231,0.480352,-0.031439,0.177279,0.693473,0.587740,0.066776,0.007930,0.154432,0.202756,0.223247,0.227307,0.200695,0.095224,0.282189,0.259789,0.158833,0.353354,0.389827,0.286866,0.481718,0.443857,0.373932,0.446722,0.321083,0.202912,0.405589,0.351261,0.762619,0.573049,0.648217,0.412041,0.644895,0.446722,0.672251,0.516468,-0.123764,0.139946,0.226490,0.246789,0.673715,0.526936,0.246733,0.162484,0.138721,0.355483,0.173999,0.145256,0.190004,0.184858,0.285874,0.130431,0.804047,0.762608,0.469724,0.599903,0.418076,0.407595,0.233011,0.326638,0.271059,0.402117
0.119469,0.801795,-0.298050,-0.059966,-0.294498,-0.249749,0.018696,0.030531,-0.167682,-0.199114,0.115941,0.332581,0.001071,0.119958,0.039434,0.117677,0.883076,0.000000,0.169632,0.552566,0.106545,0.258101,-0.381065,-0.385824,-0.557828,-0.525701,0.043824,-0.156682,0.465136,0.613106,-0.025984,0.125369,0.727229,0.588491,-0.135371,-0.237423,0.108213,0.118732,0.221158,0.154726,0.129977,0.350744,0.156445,0.080272,-0.047016,0.106900,0.243067,0.192373,0.408148,0.384656,0.234226,0.289058,0.236136,0.200680,0.286202,0.264386,0.632397,0.793474,0.508554,0.521868,0.431643,0.527119,0.553944,0.685848,-0.323286,-0.081517,0.077224,0.044751,0.659259,0.680790,0.029165,0.033957,-0.044154,0.261069,0.147238,0.082751,0.051045,0.000692,0.317596,0.180427,0.486580,0.466268,0.526164,0.589959,0.143148,0.130929,0.267153,0.198223,0.034573,0.248061
0.532899,0.165729,0.556747,0.569107,0.080182,0.189446,0.690491,0.498320,0.180892,0.053868,0.749553,0.517197,0.585924,0.534601,0.668291,0.621386,0.345542,0.169632,0.000000,0.707674,-0.009232,-0.001607,0.348377,0.308768,-0.014990,0.012140,0.094274,0.196150,0.027001,-0.025013,0.348878,0.367504,0.249486,0.283908,0.237508,0.262069,0.008559,0.246565,0.232727,0.247005,0.197195,-0.121469,0.271283,0.169375,0.225059,0.212349,0.297233,0.195635,0.196245,0.130035,0.421936,0.297320,0.342242,0.188917,0.471004,0.369053,0.531412,0.197446,0.286874,0.169249,0.342864,0.351180,0.376600,0.236276,0.452713,0.508520,0.348068,0.392856,0.232427,0.191063,0.237103,0.053295,0.328675,0.305518,0.306177,0.387403,0.477910,0.570438,-0.045338,-0.091230,0.587005,0.559224,0.314928,0.408305,0.762470,0.729546,0.457413,0.423441,0.776339,0.575833
0.509226,0.719570,-0.076789,0.347632,-0.163657,0.023021,0.425209,0.480775,-0.054563,-0.176511,0.655766,0.924642,0.286383,0.495699,0.264603,0.496488,0.675485,0.552566,0.707674,0.000000,-0.049658,0.050902,-0.117188,-0.107371,-0.454894,-0.403655,-0.059555,-0.083144,0.365767,0.228181,0.098750,0.268509,0.533097,0.697525,-0.071493,0.019728,-0.154716,0.073424,0.226777,0.360332,0.369566,-0.118157,0.316774,0.241484,0.164713,0.393087,0.433936,0.314672,0.602439,0.541467,0.434431,0.559248,0.486500,0.283435,0.511991,0.461268,0.959926,0.474711,0.667536,0.443370,0.625690,0.581954,0.598884,0.747819,-0.216713,0.233219,0.125718,0.247632,0.723383,0.526024,0.208551,0.043413,0.222484,0.390746,0.362458,0.218593,0.479638,0.475800,-0.081438,-0.067750,0.678936,0.600190,0.285216,0.419250,0.376377,0.398127,0.358055,0.392547,0.393060,0.597167
-0.078991,0.088602,0.030624,-0.039970,-0.107977,-0.167804,-0.038564,-0.033727,-0.159634,-0.076002,-0.161955,-0.109668,-0.064007,-0.169722,0.016511,-0.212807,0.080162,0.106545,-0.009232,-0.049658,0.000000,0.266539,-0.118002,-0.201394,-0.020950,0.023543,0.317056,0.032015,0.064157,0.235193,0.228965,0.178878,0.167471,0.184307,0.183845,-0.123351,0.082672,0.084152,-0.073446,-0.204975,-0.287957,0.212759,-0.021031,0.026464,0.082923,-0.010668,-0.111585,-0.171770,-0.078163,-0.095876,-0.117814,-0.182052,-0.254193,-0.256563,-0.112374,-0.168272,-0.011300,0.114998,-0.072265,0.027254,-0.078508,0.021334,0.001224,0.020576,0.019175,-0.071265,0.076275,0.026873,0.108235,0.057627,-0.000929,0.055793,0.064199,0.109677,-0.017490,-0.006852,0.072103,0.016207,0.146868,0.088118,-0.047558,0.002419,0.168178,0.002407,-0.081722,-0.014185,0.011498,-0.179450,-0.044081,-0.156563
-0.031653,0.141956,-0.148400,-0.119465,-0.148556,-0.245042,-0.155506,-0.093403,-0.091243,-0.152477,-0.041215,-0.073944,-0.091678,-0.113612,-0.017113,-0.055431,0.160772,0.258101,-0.001607,0.050902,0.266539,0.000000,-0.067191,-0.166438,-0.140082,-0.187966,0.118172,0.049998,0.247395,0.329590,0.142307,0.216064,0.195585,0.258766,0.218383,0.028848,-0.007046,-0.082597,0.085470,0.066340,0.090480,0.204836,-0.142332,-0.049435,-0.138257,-0.122523,-0.096194,-0.110735,-0.074226,-0.075320,-0.041164,-0.014450,-0.132558,-0.093780,-0.090114,-0.063938,0.086738,0.298929,0.009096,0.160530,-0.050755,0.148528,0.065481,0.129576,-0.098101,-0.083493,-0.007376,-0.046457,0.138818,0.130145,0.011597,0.236913,-0.040132,0.162322,-0.029711,0.082942,0.077750,0.049006,0.122459,0.115424,0.038568,0.095302,0.141026,0.162509,-0.049327,0.066448,-0.039147,0.052654,-0.022408,0.056862
-0.135067,-0.602306,0.883241,0.634875,0.417452,0.484265,0.287634,0.279024,0.307947,0.401903,0.235688,0.002725,0.382290,0.418249,0.600541,0.483519,-0.168722,-0.381065,0.348377,-0.117188,-0.118002,-0.067191,0.000000,1.258720,0.679197,0.689044,0.231928,0.476288,-0.184240,-0.330252,0.424269,0.189164,-0.078326,-0.052476,0.420536,0.299578,0.063478,0.243456,0.161022,0.150336,0.121637,-0.253926,0.286822,0.324896,0.472941,0.211759,0.112223,0.257147,-0.011251,-0.068723,0.275507,0.045524,0.133537,0.206870,0.123192,0.190209,-0.241878,-0.331175,-0.271815,-0.142559,-0.316280,-0.240801,-0.069620,-0.306117,0.674426,0.375791,0.307604,0.373822,-0.430013,-0.465721,0.030240,-0.056308,0.318241,-0.015761,-0.006962,0.142089,0.148676,0.254173,-0.116898,-0.205101,0.278041,0.326899,0.155022,0.122020,0.606112,0.586364,0.131390,0.198744,0.331354,0.121853
-0.006448,-0.571222,0.701819,0.810754,0.519423,0.740882,0.353109,0.484444,0.346482,0.486040,0.349506,0.158068,0.591106,0.652991,0.597586,0.646943,-0.181730,-0.385824,0.308768,-0.107371,-0.201394,-0.166438,1.258720,0.000000,0.658226,0.824028,0.151672,0.510224,-0.283028,-0.362730,0.235414,0.017694,-0.156214,-0.119502,0.397362,0.349432,0.077330,0.390726,0.148606,0.083135,0.016978,-0.264497,0.322311,0.390946,0.459870,0.388106,0.242541,0.378310,0.113344,0.125587,0.350574,0.242320,0.221761,0.290696,0.246828,0.312055,-0.280726,-0.410951,-0.155344,-0.012095,-0.165172,-0.063144,0.028118,-0.151892,0.568204,0.550218,0.198348,0.504902,-0.540907,-0.516066,-0.122048,-0.211155,0.202582,-0.096853,-0.012578,0.141078,0.215237,0.218343,-0.063491,-0.335969,0.288990,0.271428,0.116588,0.124090,0.576582,0.566835,0.140832,0.187443,0.380340,0.284576
0.079255,-0.492573,0.549848,0.398192,0.975928,0.600247,-0.022624,0.167217,0.759914,0.712295,-0.050405,-0.120857,0.392157,0.231397,0.368456,0.073431,-0.281422,-0.557828,-0.014990,-0.454894,-0.020950,-0.140082,0.679197,0.658226,0.000000,1.374378,0.570128,0.615776,-0.425406,-0.240615,0.084537,-0.199364,-0.314087,-0.351487,0.376975,0.257640,0.247938,0.214030,0.063659,0.044495,-0.105618,-0.037526,0.057977,0.158800,0.199014,0.054329,-0.084585,0.084385,-0.182241,-0.149290,0.074520,-0.009035,-0.067201,-0.032512,-0.073872,-0.027569,-0.388339,-0.540538,-0.155089,-0.109492,-0.251775,-0.234874,-0.175826,-0.454743,0.544004,0.263125,0.256795,0.260438,-0.414150,-0.450791,-0.171655,-0.121925,0.079274,-0.171592,-0.195505,-0.004914,-0.014758,0.065209,0.016660,-0.015202,-0.112460,-0.032781,0.032576,-0.051349,0.219065,0.167302,-0.081228,0.085116,0.159232,0.015716
0.045329,-0.540360,0.594974,0.553096,0.980495,0.767193,0.086846,0.313622,0.651202,0.732456,-0.008829,-0.076141,0.463740,0.327042,0.372267,0.151652,-0.335538,-0.525701,0.012140,-0.403655,0.023543,-0.187966,0.689044,0.824028,1.374378,0.000000,0.489529,0.668139,-0.452290,-0.272473,0.083328,-0.253159,-0.274655,-0.332927,0.308396,0.291228,0.118236,0.320568,0.111068,0.024671,-0.148417,-0.090228,0.080597,0.212569,0.248680,0.178204,-0.047955,0.141163,-0.116789,-0.067413,0.119404,0.074839,0.005257,0.057607,0.011080,0.073392,-0.442831,-0.592305,-0.141629,-0.040107,-0.204780,-0.128249,-0.116999,-0.315225,0.545700,0.357229,0.208771,0.369474,-0.544682,-0.506334,-0.274867,-0.253230,0.064819,-0.194101,-0.168530,-0.021838,0.073833,0.110498,0.018600,-0.187912,-0.037772,-0.010525,0.052562,-0.021452,0.221023,0.202228,-0.048848,0.047058,0.197748,0.092881
0.208773,0.046366,0.271100,0.260305,0.622009,0.347908,-0.009418,0.197080,0.644562,0.509246,-0.030145,0.024681,0.400271,0.232489,0.310072,0.110126,0.082118,0.043824,0.094274,-0.059555,0.317056,0.118172,0.231928,0.151672,0.570128,0.489529,0.000000,0.686215,-0.046420,0.186363,0.225186,-0.007846,0.038736,0.037499,0.268629,0.106753,0.110968,0.156087,0.232780,0.236960,0.031520,0.140404,-0.060874,0.058028,-0.027566,-0.114496,-0.053148,-0.012258,-0.086080,-0.075624,0.067265,0.040383,-0.088646,-0.083097,0.076768,-0.002125,0.165560,-0.023263,0.102377,0.165875,-0.006914,0.175340,0.109614,-0.052956,0.302603,0.202643,0.227945,0.123800,0.115736,0.089320,-0.065210,-0.060413,-0.002742,-0.002995,-0.080473,0.040352,-0.020013,0.081026,0.145259,0.063728,0.106536,0.199120,0.341476,0.231382,0.184310,0.221445,0.178632,0.172208,0.266406,0.132135
0.183591,-0.244896,0.539474,0.520056,0.741881,0.607732,0.247406,0.438670,0.608261,0.406443,0.122777,0.093407,0.511568,0.347960,0.469560,0.284048,-0.076731,-0.156682,0.196150,-0.083144,0.032015,0.049998,0.476288,0.510224,0.615776,0.668139,0.686215,0.000000,-0.267928,-0.111567,0.094133,-0.076998,-0.109073,-0.079360,0.191777,0.236733,-0.018571,0.233690,0.258876,0.221415,0.034868,-0.017421,0.083859,0.239114,0.107407,0.089944,0.098178,0.204250,0.034653,0.042659,0.203374,0.152334,0.104124,0.158633,0.148631,0.249890,-0.099790,-0.304583,-0.002707,0.030653,-0.033260,0.089723,0.063278,-0.079825,0.447397,0.378604,0.110494,0.215938,-0.200072,-0.195904,-0.040383,-0.100897,0.060385,-0.165705,-0.045390,0.187947,0.119087,0.218627,0.058283,-0.204750,0.161373,0.180231,0.205560,0.197347,0.224796,0.297791,0.130902,0.182313,0.375008,0.313770
-0.012078,0.376944,-0.372430,-0.053191,-0.296390,-0.217334,-0.046384,-0.046235,-0.270354,-0.243869,0.190369,0.339675,-0.227054,-0.000187,-0.117674,0.072034,0.516231,0.465136,0.027001,0.365767,0.064157,0.247395,-0.184240,-0.283028,-0.425406,-0.452290,-0.046420,-0.267928,0.000000,0.723726,-0.048127,0.165981,0.525414,0.465808,-0.239707,-0.079371,-0.021834,-0.067039,0.126831,0.299334,0.410265,-0.107312,-0.013042,-0.106497,-0.103867,0.002573,0.052102,0.007260,0.133096,0.106083,-0.061324,0.016070,0.022949,-0.065756,0.000504,-0.022729,0.282111,0.325714,0.160477,0.084984,0.241062,0.257535,0.315172,0.438920,-0.351573,-0.093095,-0.070808,-0.109630,0.417710,0.324856,0.433932,0.273257,0.145271,0.255817,0.179473,-0.129439,0.047126,0.188830,-0.037256,0.151748,0.286261,0.325442,0.156690,0.154350,0.058755,0.004327,0.017372,0.152313,-0.062986,0.033038
0.087216,0.424312,-0.388767,-0.170069,-0.053191,-0.214113,-0.267379,-0.112538,0.027351,-0.070315,-0.000666,0.236479,-0.158187,-0.010648,-0.114615,-0.162141,0.480352,0.613106,-0.025013,0.228181,0.235193,0.329590,-0.330252,-0.362730,-0.240615,-0.272473,0.186363,-0.111567,0.723726,0.000000,-0.076809,0.118287,0.360501,0.298630,-0.165527,-0.106497,0.358795,0.070374,0.227988,0.134463,-0.026005,0.294709,-0.133572,-0.266171,-0.250198,-0.168876,-0.088946,-0.178961,-0.029347,-0.013035,-0.147389,-0.042333,-0.100150,-0.208941,-0.029065,-0.142779,0.287970,0.349575,0.150369,0.194030,0.175513,0.348765,0.174982,0.403388,-0.314624,-0.126102,-0.135651,-0.175667,0.383922,0.336282,0.208623,0.264138,-0.072375,0.292801,-0.030649,-0.181362,-0.058610,0.092375,0.520073,0.287488,0.166984,0.264150,0.357866,0.256863,-0.114158,-0.132787,-0.066088,0.013773,-0.140248,0.025653
-0.162686,-0.133198,0.446265,0.256848,-0.125860,0.025499,0.228109,-0.008018,-0.038626,0.104923,0.112836,-0.127500,0.017252,0.118161,0.219382,0.191628,-0.031439,-0.025984,0.348878,0.098750,0.228965,0.142307,0.424269,0.235414,0.084537,0.083328,0.225186,0.094133,-0.048127,-0.076809,0.000000,0.810313,0.251339,0.305971,0.357410,0.119981,-0.037235,0.157717,0.008778,0.016993,0.021754,0.113054,0.128859,0.113618,0.301544,-0.051378,-0.067608,-0.105069,-0.124171,-0.233880,0.036595,-0.171789,-0.143166,-0.119728,0.069863,-0.074868,0.080426,0.063081,-0.294322,-0.143489,-0.278827,-0.178997,-0.124686,-0.190633,0.401534,0.073807,0.333393,0.179349,0.061072,0.022068,0.193820,0.215369,0.369579,0.335152,0.174314,0.091980,-0.000238,0.102728,-0.030180,0.023481,0.240585,0.319696,0.196238,0.168028,0.401567,0.385387,0.368308,0.255951,0.247633,-0.079292
-0.134549,0.064608,0.228251,0.151662,-0.389873,-0.218425,0.128659,-0.064058,-0.209584,-0.140727,0.146333,-0.001206,-0.171705,-0.027762,0.114003,0.201061,0.177279,0.125369,0.367504,0.268509,0.178878,0.216064,0.189164,0.017694,-0.199364,-0.253159,-0.007846,-0.076998,0.165981,0.118287,0.810313,0.000000,0.434814,0.604439,0.214176,0.107972,-0.016511,0.054184,-0.047538,0.020712,0.109084,0.150043,0.167441,0.087220,0.274936,-0.011903,0.019214,-0.085413,-0.065872,-0.223905,0.050953,-0.169484,-0.097248,-0.076776,0.027578,-0.058747,0.243437,0.341317,-0.223579,-0.152332,-0.184062,-0.083590,-0.100758,-0.019946,0.216269,0.024953,0.273784,0.139562,0.297781,0.249600,0.279235,0.342876,0.462182,0.512034,0.047263,0.204691,0.063773,0.112906,0.015373,0.171981,0.238113,0.361139,0.217629,0.203838,0.350520,0.388485,0.266630,0.211335,0.119892,-0.043166
0.162966,0.593148,-0.023085,0.208716,-0.253522,-0.119731,0.207799,0.152454,-0.101459,-0.070278,0.284831,0.305579,0.028368,0.145245,0.221587,0.204615,0.693473,0.727229,0.249486,0.533097,0.167471,0.195585,-0.078326,-0.156214,-0.314087,-0.274655,0.038736,-0.109073,0.525414,0.360501,0.251339,0.434814,0.000000,0.930547,-0.005317,-0.097801,-0.030102,0.069210,0.233843,0.250981,0.181567,0.105351,0.282357,0.237806,0.267823,0.286985,0.226493,0.184396,0.286946,0.222813,0.289424,0.283812,0.157259,0.124459,0.301003,0.257037,0.510292,0.794685,0.407696,0.401203,0.338432,0.389572,0.464688,0.519840,-0.056722,0.052243,0.488441,0.365075,0.723463,0.577164,0.221356,0.231440,0.470471,0.550341,0.278527,0.234545,0.239821,0.193702,0.171503,0.065265,0.553971,0.623356,0.365316,0.414020,0.420544,0.397224,0.411504,0.461590,0.250753,0.360465
0.133995,0.545744,-0.110121,0.268410,-0.245173,-0.059255,0.106720,0.190970,-0.077403,0.011480,0.319124,0.352500,0.028230,0.180210,0.177625,0.301122,0.587740,0.588491,0.283908,0.697525,0.184307,0.258766,-0.052476,-0.119502,-0.351487,-0.332927,0.037499,-0.079360,0.465808,0.298630,0.305971,0.604439,0.930547,0.000000,0.037191,0.009575,-0.211172,0.012081,0.003908,0.244663,0.377419,0.131272,0.262049,0.301793,0.259747,0.341956,0.241117,0.229056,0.319512,0.254146,0.203999,0.258575,0.079960,0.099373,0.150811,0.221601,0.587852,0.652845,0.312434,0.397903,0.228230,0.411466,0.414535,0.583374,-0.151718,0.144305,0.307776,0.326734,0.651464,0.468491,0.219941,0.195409,0.414760,0.568315,0.258168,0.214383,0.217067,0.150333,-0.155243,0.174802,0.452362,0.594211,0.236351,0.274096,0.336661,0.338416,0.253809,0.299746,0.123161,0.271773
0.017110,-0.262090,0.502539,0.353987,0.194467,0.238019,0.235663,0.343902,0.169091,0.188501,0.146238,0.054153,0.259791,0.188541,0.362582,0.327290,0.066776,-0.135371,0.237508,-0.071493,0.183845,0.218383,0.420536,0.397362,0.376975,0.308396,0.268629,0.191777,-0.239707,-0.165527,0.357410,0.214176,-0.005317,0.037191,0.000000,0.521451,0.215880,0.345278,0.043010,-0.042060,-0.057653,0.088255,0.090039,0.167512,0.346179,0.207642,0.015665,0.045079,-0.144849,-0.101533,0.167229,0.041127,-0.105794,-0.072532,0.140399,0.053110,-0.105733,-0.039805,-0.063239,0.011698,-0.031809,0.056288,0.104196,-0.081260,0.625656,0.488111,0.384290,0.491531,-0.179958,-0.139776,0.036468,0.102688,0.340436,0.224158,0.100893,0.306577,0.271427,0.231979,0.118316,-0.013789,0.238273,0.307955,0.162784,0.221702,0.428544,0.466597,0.178070,0.087651,0.407972,0.197711
0.125489,-0.292444,0.421338,0.451484,0.323906,0.238118,0.260119,0.433332,0.339431,0.295363,0.188676,0.151613,0.208863,0.223945,0.260586,0.321261,0.007930,-0.237423,0.262069,0.019728,-0.123351,0.028848,0.299578,0.349432,0.257640,0.291228,0.106753,0.236733,-0.079371,-0.106497,0.119981,0.107972,-0.097801,0.009575,0.521451,0.000000,-0.062970,0.263037,0.080322,0.221430,0.215553,-0.096454,-0.108555,0.025737,0.117063,0.180524,-0.108502,-0.021594,-0.204137,-0.156344,0.037688,0.035220,-0.013222,-0.007619,0.044259,0.036849,-0.117193,-0.219897,-0.025891,-0.023696,0.050259,0.152075,0.128358,0.057707,0.537397,0.632720,0.215858,0.464300,-0.253034,-0.183730,0.096419,0.009909,0.283158,0.127175,0.127905,0.199840,0.237100,0.323738,-0.056095,0.049886,0.223223,0.312514,-0.049711,0.164881,0.302303,0.344268,0.089563,0.183590,0.412277,0.254066
0.037925,0.005968,0.099931,-0.025705,0.107161,-0.045831,-0.008976,-0.033435,0.113952,0.101946,-0.074722,0.061534,0.083425,0.095472,0.151864,-0.001607,0.154432,0.108213,0.008559,-0.154716,0.082672,-0.007046,0.063478,0.077330,0.247938,0.118236,0.110968,-0.018571,-0.021834,0.358795,-0.037235,-0.016511,-0.030102,-0.211172,0.215880,-0.062970,0.000000,0.261912,0.249609,-0.171752,-0.379958,0.219611,0.121642,0.029601,0.094726,0.017070,0.117963,0.015619,0.004811,0.000117,0.122797,0.012787,0.032911,-0.018441,0.189800,-0.037908,-0.095893,0.031250,0.044339,0.057494,0.073443,-0.011321,0.022089,-0.113145,0.155167,0.043231,0.127002,0.085126,-0.003313,0.047442,-0.024983,-0.087068,-0.138108,-0.054380,-0.303668,-0.077074,0.094696,0.015282,0.553643,0.056129,0.130240,0.053625,0.313934,0.243451,0.130691,0.043661,0.069302,0.011202,0.067731,0.002535
0.100233,-0.090566,0.325326,0.385991,0.245731,0.254932,0.364287,0.442600,0.133275,0.192412,0.254887,0.336733,0.392444,0.483197,0.280622,0.413022,0.202756,0.118732,0.246565,0.073424,0.084152,-0.082597,0.243456,0.390726,0.214030,0.320568,0.156087,0.233690,-0.067039,0.070374,0.157717,0.054184,0.069210,0.012081,0.345278,0.263037,0.261912,0.000000,0.289187,0.149417,-0.086780,0.047621,0.172139,0.219811,0.250294,0.325628,0.147939,0.222793,0.167189,0.161442,0.275434,0.201213,0.204925,0.237487,0.361239,0.248899,-0.082037,-0.140671,0.154401,0.214796,0.225153,0.265515,0.323700,0.212889,0.370612,0.428305,0.225849,0.418353,-0.136708,-0.041330,-0.058145,-0.082972,0.023425,0.060852,0.031473,0.079192,0.264111,0.223093,0.239657,-0.113508,0.473165,0.385025,0.306757,0.453673,0.492788,0.442720,0.285181,0.281520,0.408280,0.346548
0.139795,0.081185,0.173294,0.198330,0.169600,0.163186,0.271044,0.286702,0.265329,0.132185,0.173213,0.186475,0.276115,0.369534,0.294424,0.355803,0.223247,0.221158,0.232727,0.226777,-0.073446,0.085470,0.161022,0.148606,0.063659,0.111068,0.232780,0.258876,0.126831,0.227988,0.008778,-0.047538,0.233843,0.003908,0.043010,0.080322,0.249609,0.289187,0.000000,0.780045,0.167387,0.001940,0.039932,0.008574,0.018809,0.046949,0.097960,0.114888,0.112776,0.043460,0.307456,0.222604,0.245090,0.166299,0.535143,0.412797,0.165068,0.138701,0.325552,0.243945,0.249655,0.302764,0.281521,0.137708,0.175288,0.179219,0.234006,0.237306,0.117993,0.100229,0.063329,-0.031130,0.051351,0.010093,-0.012974,0.048008,0.257774,0.274382,0.401508,-0.344382,0.459399,0.348188,0.521331,0.645901,0.316620,0.347346,0.523530,0.599009,0.438222,0.408137
0.224660,0.209130,0.102419,0.215822,0.198456,0.187658,0.206094,0.268030,0.293847,0.128241,0.223513,0.245233,0.236533,0.337748,0.183897,0.341736,0.227307,0.154726,0.247005,0.360332,-0.204975,0.066340,0.150336,0.083135,0.044495,0.024671,0.236960,0.221415,0.299334,0.134463,0.016993,0.020712,0.250981,0.244663,-0.042060,0.221430,-0.171752,0.149417,0.780045,0.000000,0.649827,-0.110333,0.035259,0.043909,-0.053266,-0.010551,0.092242,0.177300,0.104940,0.075034,0.227777,0.216830,0.253247,0.214826,0.299019,0.414458,0.292796,0.167662,0.344528,0.320474,0.219301,0.418310,0.337145,0.298213,0.104571,0.240708,0.223889,0.183788,0.265680,0.202042,0.124103,0.028657,0.152036,0.100015,0.153288,-0.014249,0.154162,0.310807,-0.064571,-0.065527,0.370631,0.387233,0.313854,0.433746,0.312304,0.309826,0.410828,0.663931,0.392679,0.436643
0.151027,0.181930,0.000368,0.108053,0.023882,0.001321,0.094568,0.057612,0.092033,-0.038176,0.262789,0.187018,0.096743,0.098950,0.095259,0.313617,0.200695,0.129977,0.197195,0.369566,-0.287957,0.090480,0.121637,0.016978,-0.105618,-0.148417,0.031520,0.034868,0.410265,-0.026005,0.021754,0.109084,0.181567,0.377419,-0.057653,0.215553,-0.379958,-0.086780,0.167387,0.649827,0.000000,-0.144965,0.151868,0.132057,0.074601,0.087378,0.170522,0.196009,0.197182,0.130867,0.227449,0.171842,0.169696,0.262982,0.158785,0.291376,0.320317,0.209755,0.206703,0.116198,0.104317,0.147369,0.201383,0.154309,0.021999,0.087490,0.140800,0.052864,0.212792,0.146818,0.194833,0.042769,0.231002,0.037011,0.093041,0.002718,0.003735,0.074409,-0.541364,0.171203,0.220130,0.289997,0.074780,0.196965,0.252534,0.187180,0.219786,0.426869,0.148034,0.233648
-0.056987,0.148781,-0.192238,-0.220939,-0.011580,-0.158618,-0.267872,-0.213094,0.044293,0.068381,-0.318860,-0.221702,-0.128403,-0.172974,-0.103372,-0.278831,0.095224,0.350744,-0.121469,-0.118157,0.212759,0.204836,-0.253926,-0.264497,-0.037526,-0.090228,0.140404,-0.017421,-0.107312,0.294709,0.113054,0.150043,0.105351,0.131272,0.088255,-0.096454,0.219611,0.047621,0.001940,-0.110333,-0.144965,0.000000,-0.120731,-0.192890,-0.166299,-0.224661,-0.149639,-0.239769,-0.137627,-0.108403,-0.170313,-0.156319,-0.166549,-0.144469,-0.081305,-0.186709,-0.001814,0.177812,0.033146,0.089111,-0.012332,0.035398,0.015158,-0.001321,-0.044079,-0.085660,0.044140,-0.120028,0.131048,0.305877,-0.013118,0.062758,-0.127611,0.002090,-0.201864,-0.080748,-0.334673,-0.329772,0.321192,0.515297,-0.111927,-0.068584,0.244791,0.329072,-0.198004,-0.219500,0.038275,-0.093572,-0.216264,-0.174617
0.236438,0.258007,0.240687,0.348116,-0.106731,0.179283,0.349995,0.231877,-0.110379,0.061487,0.436764,0.368416,0.349545,0.552522,0.492380,0.498883,0.282189,0.156445,0.271283,0.316774,-0.021031,-0.142332,0.286822,0.322311,0.057977,0.080597,-0.060874,0.083859,-0.013042,-0.133572,0.128859,0.167441,0.282357,0.262049,0.090039,-0.108555,0.121642,0.172139,0.039932,0.035259,0.151868,-0.120731,0.000000,1.192623,1.078350,0.755725,1.189224,1.075566,0.980814,0.811261,0.991703,0.666513,0.672826,0.732992,0.546121,0.751654,0.330043,0.256709,0.342829,0.298524,0.144713,0.044702,0.154817,0.059693,0.120186,0.195015,0.393267,0.400230,0.220224,0.096179,-0.021788,-0.054534,0.342588,0.104228,0.090114,0.086365,0.144702,-0.004608,-0.017928,-0.189096,0.455730,0.416858,0.374639,0.285901,0.636632,0.509465,0.195840,0.318639,0.298313,0.338809
0.213787,0.170618,0.281491,0.461000,0.012580,0.227757,0.361427,0.322741,-0.021464,0.171303,0.417280,0.320787,0.410419,0.525066,0.470547,0.475995,0.259789,0.080272,0.169375,0.241484,0.026464,-0.049435,0.324896,0.390946,0.158800,0.212569,0.058028,0.239114,-0.106497,-0.266171,0.113618,0.087220,0.237806,0.301793,0.167512,0.025737,0.029601,0.219811,0.008574,0.043909,0.132057,-0.192890,1.192623,0.000000,1.071232,1.042123,0.959641,0.989712,0.907696,0.754469,0.894398,0.706803,0.464772,0.644341,0.483967,0.717998,0.221352,0.176560,0.344479,0.359270,0.133308,0.060721,0.166314,0.042044,0.159971,0.257877,0.466138,0.575203,0.159260,0.054964,-0.136864,-0.087666,0.280221,0.042591,0.074566,0.140700,0.221386,-0.000632,-0.078483,-0.247423,0.439417,0.370524,0.250981,0.207161,0.588684,0.548624,0.117818,0.241326,0.333295,0.370573
0.074039,-0.041460,0.470209,0.498829,-0.049890,0.155168,0.447690,0.295223,-0.068750,0.138781,0.371645,0.244506,0.273074,0.408178,0.503925,0.461605,0.158833,-0.047016,0.225059,0.164713,0.082923,-0.138257,0.472941,0.459870,0.199014,0.248680,-0.027566,0.107407,-0.103867,-0.250198,0.301544,0.274936,0.267823,0.259747,0.346179,0.117063,0.094726,0.250294,0.018809,-0.053266,0.074601,-0.166299,1.078350,1.071232,0.000000,1.009882,0.638304,0.650230,0.560448,0.423153,0.695265,0.419213,0.273736,0.405310,0.391806,0.450949,0.058514,0.082502,0.103877,0.104364,0.014687,-0.121826,0.052863,-0.074987,0.383764,0.305431,0.585553,0.627788,0.026178,-0.068497,0.053765,0.028465,0.490539,0.157869,0.066339,0.113712,0.251730,0.108679,-0.050711,-0.186687,0.474749,0.472982,0.273389,0.194425,0.690556,0.592079,0.134496,0.224344,0.333826,0.189128
0.255131,0.125556,0.187060,0.620659,0.057171,0.296701,0.523248,0.656376,0.016045,0.204754,0.584248,0.651692,0.473049,0.634047,0.501972,0.618291,0.353354,0.106900,0.212349,0.393087,-0.010668,-0.122523,0.211759,0.388106,0.054329,0.178204,-0.114496,0.089944,0.002573,-0.168876,-0.051378,-0.011903,0.286985,0.341956,0.207642,0.180524,0.017070,0.325628,0.046949,-0.010551,0.087378,-0.224661,0.755725,1.042123,1.009882,0.000000,0.781624,0.782845,0.796224,0.771033,0.733658,0.840727,0.408342,0.516544,0.496312,0.639172,0.138320,0.085452,0.451238,0.325330,0.412960,0.197653,0.410200,0.298808,0.105951,0.488441,0.405322,0.788814,0.063132,0.006530,-0.040915,-0.111876,0.286964,0.109407,0.146512,0.171360,0.449359,0.233255,-0.110972,-0.274813,0.572394,0.463939,0.123573,0.183996,0.578801,0.580870,0.043949,0.199430,0.352790,0.507172
0.399226,0.375740,0.112127,0.332719,-0.107580,0.238859,0.470407,0.405153,-0.098318,0.020883,0.553865,0.557312,0.508119,0.675267,0.507057,0.619574,0.389827,0.243067,0.297233,0.433936,-0.111585,-0.096194,0.112223,0.242541,-0.084585,-0.047955,-0.053148,0.098178,0.052102,-0.088946,-0.067608,0.019214,0.226493,0.241117,0.015665,-0.108502,0.117963,0.147939,0.097960,0.092242,0.170522,-0.149639,1.189224,0.959641,0.638304,0.781624,0.000000,1.144876,1.168954,1.025636,1.054468,0.925953,0.860766,0.882617,0.769162,1.002046,0.454302,0.271173,0.578530,0.368119,0.437936,0.232472,0.360284,0.226901,0.012290,0.301995,0.249050,0.352000,0.272852,0.209940,-0.082769,-0.182158,0.157117,0.013880,0.117107,0.074947,0.200450,0.047273,-0.051672,-0.255792,0.499951,0.366769,0.255293,0.263700,0.557997,0.489935,0.159413,0.249132,0.395428,0.571991
0.244634,0.235153,0.150987,0.430032,0.072680,0.357581,0.339599,0.424383,0.016245,0.112289,0.450120,0.470056,0.530160,0.702103,0.463861,0.675078,0.286866,0.192373,0.195635,0.314672,-0.171770,-0.110735,0.257147,0.378310,0.084385,0.141163,-0.012258,0.204250,0.007260,-0.178961,-0.105069,-0.085413,0.184396,0.229056,0.045079,-0.021594,0.015619,0.222793,0.114888,0.177300,0.196009,-0.239769,1.075566,0.989712,0.650230,0.782845,1.144876,0.000000,0.992857,0.944959,0.914170,0.812965,0.781970,0.956678,0.532412,1.030550,0.259496,0.149907,0.458589,0.358006,0.322593,0.243388,0.374547,0.240341,0.043896,0.333685,0.233073,0.447730,0.131871,0.113477,-0.169735,-0.236588,0.124853,-0.047613,0.058657,0.114652,0.251777,0.124611,-0.095210,-0.344344,0.467171,0.357905,0.253855,0.313926,0.563968,0.480670,0.145878,0.294873,0.318792,0.450361
