0.000000,1.245653,0.987064,0.782913,0.351551,0.312481,0.820839,0.514113,0.482792,0.371312,0.965243,0.671277,1.120779,0.717911,0.900245,0.683252,1.008423,0.563555,1.042861,0.851908,0.419004,0.518846,0.796144,0.503186,0.659216,0.476186,0.375824,0.383898,0.731181,0.591733,0.619835,0.659604,0.839342,0.761616,0.490655,0.263414,0.403453,0.477645,0.019180,0.292904,0.355602,0.028778,0.657160,0.665564,0.536066,0.515049,0.724756,0.696145,0.585013,0.529132,0.527250,0.359901,0.492031,0.523591,0.488023,0.461155,0.842757,0.767932,0.809943,0.512533,1.116028,0.583956,0.553092,0.552977,0.496375,0.471057,0.619595,0.406746,0.709341,0.569852,0.213250,0.221499,0.420747,0.363901,0.304546,0.277216,0.389037,0.331909,-0.013860,0.219440,0.582980,0.574639,0.656899,0.495264,0.651546,0.535953,0.389167,0.459098,0.576834,0.457980
1.245653,0.000000,0.714617,0.768633,0.271905,0.316584,0.708322,0.493491,0.383191,0.293132,0.685393,0.490855,0.758554,0.617402,0.630008,0.569354,1.018831,0.681254,1.041047,1.090340,0.336066,0.527346,0.682305,0.372354,0.488617,0.465062,0.283723,0.286454,0.645876,0.527846,0.658089,0.658941,1.005377,0.938624,0.472094,0.255009,0.502785,0.545518,0.132754,0.333654,0.393325,0.054215,0.717361,0.737877,0.642208,0.634317,0.805086,0.764649,0.688760,0.653475,0.537695,0.433349,0.490556,0.560857,0.573740,0.559680,0.962974,1.072329,0.693728,0.672182,0.818083,0.593402,0.550971,0.665392,0.363859,0.325583,0.767880,0.602517,0.828429,0.764229,0.215578,0.211685,0.489314,0.514211,0.372162,0.362129,0.495397,0.432963,0.114965,0.217633,0.700176,0.559976,0.691559,0.470310,0.490038,0.483803,0.493774,0.448994,0.443509,0.425331
0.987064,0.714617,0.000000,1.029441,0.768329,0.345253,1.155999,0.671644,0.827947,0.520803,0.780053,0.634353,0.771279,0.548226,0.789733,0.671841,0.547916,0.120329,1.003491,0.704836,0.396429,0.623593,1.139930,0.963598,0.955949,0.652800,0.588701,0.497768,0.469281,0.386620,0.570094,0.608555,0.561351,0.580538,0.571446,0.362729,0.413004,0.225709,0.271412,0.516472,0.294515,0.048745,0.752597,0.769677,0.688899,0.660230,0.910089,0.824095,0.720115,0.725275,0.761473,0.621461,0.602395,0.660419,0.688501,0.739421,0.499440,0.488759,0.801483,0.606723,0.616480,0.350426,0.282630,0.246371,0.559685,0.418995,0.665781,0.469778,0.448340,0.425922,0.537354,0.472478,0.207192,0.195380,0.107278,0.089018,0.263734,0.284957,-0.206389,0.134697,0.343224,0.456831,0.729389,0.540679,0.803108,0.663225,0.501815,0.611590,0.909799,0.787937
0.782913,0.768633,1.029441,0.000000,0.660138,0.576017,1.399008,1.424888,0.810828,0.654544,0.745158,0.860773,0.694000,0.659183,0.692399,0.813027,0.739662,0.283295,1.104412,1.143747,0.366077,0.497470,0.923516,0.861146,0.690691,0.905843,0.378107,0.298622,0.674873,0.632312,0.856670,0.960904,0.862895,1.048110,0.731252,0.579534,0.548976,0.448680,0.092570,0.450478,0.400336,0.064576,0.729188,0.786123,0.955962,0.976714,0.848682,0.852482,0.803474,0.759839,0.705774,0.560557,0.447462,0.503732,0.599601,0.664206,0.513726,0.507848,0.585394,0.596797,0.589007,0.550116,0.433505,0.488874,0.631001,0.611187,0.859349,0.803152,0.552311,0.498503,0.436396,0.436204,0.463457,0.562723,0.281040,0.339179,0.428799,0.454343,-0.046019,0.297424,0.626130,0.691417,0.761886,0.565859,0.682814,0.768346,0.421815,0.489267,0.558198,0.560932
0.351551,0.271905,0.768329,0.660138,0.000000,0.655136,0.608522,0.567921,1.438700,1.083657,0.372791,0.439520,0.391092,0.422378,0.665716,0.796247,0.233526,-0.061960,0.499828,0.337192,0.149907,0.272250,0.504116,0.675233,0.739787,0.713481,0.755219,0.681446,0.141651,0.205992,0.234787,0.241221,0.226190,0.275391,0.188533,0.107422,0.105099,-0.031013,0.218384,0.451914,0.136226,-0.095903,0.729113,0.735264,0.501341,0.490407,0.695181,0.715994,0.584917,0.665069,0.687773,0.703705,0.420606,0.474311,0.557704,0.627947,0.255427,0.239351,0.511908,0.502787,0.190660,0.217944,0.195719,0.106638,0.289371,0.298612,0.441833,0.374535,0.208746,0.222292,0.341439,0.269676,-0.095759,-0.045112,-0.072936,-0.042321,0.080972,0.116420,-0.236284,0.187784,0.173814,0.277084,0.385234,0.357121,0.547325,0.542696,0.327880,0.375222,0.665076,0.623687
0.312481,0.316584,0.345253,0.576017,0.655136,0.000000,0.367627,0.469241,0.676967,1.259300,0.407708,0.304203,0.360659,0.424167,0.567685,0.612531,0.390369,0.293175,0.459079,0.449779,0.121233,0.093058,0.312770,0.205145,0.411518,0.607705,0.314959,0.462808,0.176738,0.203351,0.213137,0.180010,0.459607,0.461543,0.132211,0.121941,-0.108355,0.392455,-0.093951,-0.020581,0.123445,0.056628,0.617770,0.610147,0.327180,0.407159,0.476446,0.563111,0.530955,0.496771,0.511598,0.521306,0.309686,0.365922,0.341900,0.338488,0.305146,0.293503,0.412633,0.454365,0.297929,0.352675,0.257338,0.366486,0.210880,0.403674,0.570189,0.516675,0.421791,0.462653,0.019918,-0.001832,0.180469,0.243715,0.305656,0.383975,0.309722,0.246818,-0.178266,0.027545,0.370198,0.257357,0.349123,0.171185,0.196637,0.310612,0.356329,0.205655,0.276957,0.207899
0.820839,0.708322,1.155999,1.399008,0.608522,0.367627,0.000000,1.334235,0.845643,0.531076,0.797319,0.956019,0.886660,0.764280,0.749077,0.792475,0.711646,0.262222,0.967251,0.804165,0.298396,0.508823,0.889249,0.774752,0.702093,0.648210,0.353700,0.275285,0.668961,0.578189,0.724611,0.793472,0.640390,0.767114,0.772816,0.558639,0.593427,0.412821,0.164594,0.474950,0.371170,0.002150,0.645229,0.708245,0.805768,0.799396,0.821381,0.767245,0.683026,0.654272,0.705988,0.528166,0.515932,0.550744,0.618969,0.705191,0.512622,0.504146,0.600562,0.499728,0.765741,0.704701,0.419433,0.448979,0.690860,0.752504,0.696446,0.612024,0.397117,0.354697,0.509147,0.476137,0.409898,0.444692,0.241482,0.279453,0.405144,0.419869,-0.040666,0.268804,0.507823,0.610715,0.632632,0.527287,0.653664,0.761244,0.379236,0.451209,0.681439,0.639032
0.514113,0.493491,0.671644,1.424888,0.567921,0.469241,1.334235,0.000000,0.780065,0.593316,0.563832,0.968101,0.639069,0.812638,0.617798,0.823731,0.589953,0.204175,0.742517,0.751229,0.263642,0.363693,0.553614,0.628899,0.486119,0.658286,0.280269,0.219476,0.672781,0.640557,0.645144,0.752898,0.543197,0.734362,0.594556,0.556775,0.571852,0.401516,0.039041,0.442912,0.312522,-0.042030,0.508945,0.574279,0.707393,0.741607,0.616432,0.624558,0.530490,0.516511,0.567097,0.437945,0.401905,0.414553,0.526066,0.601363,0.342065,0.318368,0.357094,0.369150,0.526652,0.691015,0.440868,0.440047,0.511179,0.796750,0.562423,0.630517,0.315233,0.245675,0.380985,0.370147,0.417242,0.519790,0.221899,0.293148,0.347790,0.356466,-0.003771,0.312381,0.521260,0.573615,0.514822,0.402951,0.486112,0.709336,0.301406,0.336205,0.512731,0.505601
0.482792,0.383191,0.827947,0.810828,1.438700,0.676967,0.845643,0.780065,0.000000,1.072538,0.431610,0.517759,0.603478,0.605532,0.819683,0.903629,0.348931,0.083605,0.556944,0.446845,0.067451,0.210103,0.464975,0.526302,0.639460,0.678033,0.503467,0.522784,0.226565,0.248935,0.303237,0.316700,0.362963,0.425824,0.342707,0.269268,0.175471,0.089839,0.203712,0.377976,0.184163,-0.040870,0.652479,0.662114,0.546568,0.522863,0.703422,0.683551,0.585574,0.589629,0.663767,0.646237,0.462622,0.495002,0.601331,0.673538,0.326093,0.308698,0.606065,0.547020,0.450613,0.519146,0.313903,0.296076,0.298709,0.540507,0.509325,0.426878,0.365741,0.315038,0.346115,0.323137,0.104732,0.122034,0.061117,0.082884,0.271900,0.269477,-0.264764,0.141394,0.235618,0.259307,0.333814,0.261034,0.421147,0.470057,0.295165,0.311446,0.714568,0.614650
0.371312,0.293132,0.520803,0.654544,1.083657,1.259300,0.531076,0.593316,1.072538,0.000000,0.501460,0.450677,0.499888,0.510602,0.783388,0.843873,0.387106,0.160328,0.477718,0.372020,0.133696,0.192143,0.420126,0.410379,0.553124,0.820117,0.492312,0.603747,0.187352,0.212978,0.234174,0.254529,0.330631,0.370893,0.174333,0.143340,-0.058470,0.285287,-0.010890,0.096504,0.128349,-0.004020,0.550871,0.585913,0.371555,0.394619,0.478874,0.546629,0.473695,0.475408,0.486976,0.493241,0.262656,0.305846,0.338093,0.374415,0.277941,0.259229,0.464750,0.440808,0.360004,0.395799,0.247255,0.281036,0.348214,0.512499,0.450293,0.372564,0.294641,0.287060,0.145680,0.123063,0.119116,0.159722,0.200903,0.278499,0.209861,0.157609,-0.212821,0.072612,0.258161,0.261528,0.344828,0.206277,0.349760,0.405306,0.296728,0.268692,0.437722,0.290803
0.965243,0.685393,0.780053,0.745158,0.372791,0.407708,0.797319,0.563832,0.431610,0.501460,0.000000,1.185933,1.205592,0.809441,0.999578,0.753475,0.817064,0.366668,0.816565,0.538598,0.518024,0.570577,0.868067,0.629045,0.782959,0.567585,0.452010,0.388711,0.718254,0.608940,0.523092,0.569733,0.516023,0.508179,0.370503,0.215897,0.192615,0.534275,-0.042751,0.156879,0.384727,0.146854,0.425412,0.447818,0.317679,0.315880,0.430332,0.432760,0.330631,0.292978,0.358903,0.208425,0.266577,0.321499,0.216917,0.247870,0.422117,0.414705,0.393294,0.268993,0.664264,0.358644,0.270420,0.305740,0.762702,0.455841,0.356789,0.218055,0.376791,0.299622,0.321060,0.298997,0.235150,0.258529,0.122381,0.190470,0.059770,0.045151,0.000648,0.300916,0.451410,0.681815,0.818448,0.561335,0.873199,0.609608,0.320703,0.406846,0.455617,0.203864
0.671277,0.490855,0.634353,0.860773,0.439520,0.304203,0.956019,0.968101,0.517759,0.450677,1.185933,0.000000,0.998289,1.029088,0.855310,0.897549,0.672672,0.247577,0.636201,0.480131,0.495763,0.521862,0.680282,0.752969,0.696784,0.559315,0.475903,0.322545,0.860060,0.831569,0.582485,0.652747,0.380659,0.463186,0.376783,0.263878,0.306572,0.458711,-0.086309,0.275877,0.349137,0.035948,0.394741,0.429809,0.384792,0.391808,0.402966,0.418535,0.284916,0.292792,0.403955,0.229826,0.308869,0.328301,0.268039,0.328754,0.310826,0.270168,0.227743,0.156246,0.522754,0.440182,0.383189,0.266312,0.669312,0.587741,0.271275,0.247595,0.186100,0.088164,0.380423,0.361862,0.201763,0.280075,0.028472,0.100841,0.027153,0.010972,0.029264,0.440621,0.456138,0.757807,0.646552,0.517006,0.788875,0.834210,0.238919,0.365924,0.473772,0.307945
1.120779,0.758554,0.771279,0.694000,0.391092,0.360659,0.886660,0.639069,0.603478,0.499888,1.205592,0.998289,0.000000,1.124227,1.218936,0.893690,0.863996,0.467788,0.672037,0.525818,0.384174,0.503873,0.677741,0.451721,0.678045,0.480786,0.376794,0.377075,0.780474,0.601094,0.520453,0.584891,0.534421,0.570525,0.377870,0.249390,0.280753,0.529294,-0.055049,0.166163,0.397249,0.158955,0.429102,0.451212,0.354259,0.336272,0.481896,0.451262,0.377102,0.314610,0.416041,0.261709,0.366606,0.355445,0.316469,0.343004,0.481150,0.464916,0.532397,0.322804,1.008150,0.693559,0.474080,0.442285,0.457899,0.686578,0.354697,0.200318,0.425495,0.310569,0.268749,0.264911,0.380712,0.354523,0.207188,0.242510,0.216920,0.123627,-0.087083,0.159997,0.397404,0.437549,0.553540,0.306141,0.533538,0.445371,0.250514,0.263071,0.548705,0.274321
0.717911,0.617402,0.548226,0.659183,0.422378,0.424167,0.764280,0.812638,0.605532,0.510602,0.809441,1.029088,1.124227,0.000000,1.013769,0.946535,0.613240,0.373415,0.527364,0.458789,0.253917,0.324586,0.459817,0.410682,0.516011,0.375114,0.373608,0.374161,0.644579,0.538820,0.394921,0.420460,0.371541,0.418120,0.226922,0.209924,0.299260,0.540287,-0.008381,0.290292,0.322212,0.026309,0.417157,0.410672,0.300660,0.306631,0.459039,0.415900,0.315986,0.288199,0.459348,0.324768,0.557068,0.546800,0.462124,0.510285,0.321873,0.269384,0.417787,0.308744,0.759590,0.809216,0.477729,0.456021,0.308096,0.652514,0.266210,0.226717,0.307965,0.156023,0.170286,0.149011,0.271863,0.314207,0.131549,0.194086,0.174852,0.107144,-0.099209,0.161357,0.348770,0.386535,0.424732,0.252859,0.432120,0.551355,0.302150,0.282424,0.565698,0.413364
0.900245,0.630008,0.789733,0.692399,0.665716,0.567685,0.749077,0.617798,0.819683,0.783388,0.999578,0.855310,1.218936,1.013769,0.000000,1.404210,0.802976,0.424200,0.695654,0.479795,0.475360,0.528862,0.703565,0.528654,0.899373,0.616161,0.717578,0.740561,0.667787,0.600297,0.457997,0.490815,0.470456,0.477999,0.391437,0.256907,0.208120,0.515791,0.053256,0.317217,0.360718,0.057641,0.534443,0.543909,0.362276,0.359375,0.543117,0.561602,0.401558,0.374565,0.449849,0.290293,0.376356,0.427288,0.407522,0.469268,0.533376,0.458886,0.529594,0.334268,0.789564,0.559668,0.548593,0.452311,0.574816,0.573869,0.387473,0.265061,0.374469,0.324093,0.292477,0.296852,0.294707,0.258325,0.226925,0.217921,0.195448,0.116639,-0.104241,0.256096,0.462318,0.547915,0.680321,0.462500,0.706663,0.663317,0.502066,0.523701,0.737937,0.477178
0.683252,0.569354,0.671841,0.813027,0.796247,0.612531,0.792475,0.823731,0.903629,0.843873,0.753475,0.897549,0.893690,0.946535,1.404210,0.000000,0.746602,0.383594,0.725619,0.520275,0.441800,0.467104,0.556999,0.511988,0.777261,0.654293,0.695374,0.721486,0.607952,0.648336,0.462866,0.502325,0.460586,0.508593,0.398564,0.308026,0.346590,0.419929,0.074982,0.464372,0.370623,-0.006082,0.604929,0.629115,0.453005,0.459580,0.639072,0.663493,0.438854,0.454703,0.524242,0.379581,0.378246,0.443743,0.487611,0.575751,0.520702,0.472665,0.425326,0.293389,0.587638,0.553926,0.566257,0.409762,0.561400,0.662740,0.425001,0.368524,0.383923,0.352895,0.276700,0.264843,0.280304,0.289713,0.225966,0.212111,0.251278,0.205244,-0.035744,0.404158,0.572903,0.640985,0.714927,0.529052,0.677436,0.786041,0.551658,0.568802,0.763193,0.593800
1.008423,1.018831,0.547916,0.739662,0.233526,0.390369,0.711646,0.589953,0.348931,0.387106,0.817064,0.672672,0.863996,0.613240,0.802976,0.746602,0.000000,1.048684,1.061424,1.008778,0.600381,0.651304,0.668342,0.362802,0.577324,0.623039,0.267955,0.207558,1.139505,1.012425,0.937263,0.903763,1.148115,1.070843,0.481524,0.268720,0.479971,0.816799,-0.058561,0.260446,0.533254,0.110240,0.625632,0.678253,0.580425,0.592316,0.642318,0.712624,0.617873,0.516185,0.406347,0.255349,0.208490,0.280627,0.310000,0.362484,1.070176,0.999249,0.516744,0.418206,0.802018,0.582336,0.916199,0.859844,0.490476,0.399941,0.767400,0.645703,0.778967,0.742749,0.324083,0.355141,0.737756,0.728730,0.533020,0.509494,0.485338,0.424087,0.196499,0.450938,0.964344,0.807242,0.758287,0.567280,0.471244,0.507972,0.453394,0.468403,0.291064,0.184775
0.563555,0.681254,0.120329,0.283295,-0.061960,0.293175,0.262222,0.204175,0.083605,0.160328,0.366668,0.247577,0.467788,0.373415,0.424200,0.383594,1.048684,0.000000,0.529064,0.669729,0.308837,0.229227,0.222926,-0.103415,0.175473,0.233240,-0.089769,-0.073837,0.627441,0.631549,0.594281,0.453089,0.957456,0.766330,0.305189,0.101788,0.216745,0.716923,-0.102039,0.050980,0.613777,0.153988,0.315117,0.312868,0.210318,0.225772,0.312448,0.376678,0.284503,0.206327,0.105096,0.032307,0.004267,0.123788,0.066468,0.128474,1.038521,0.983649,0.262805,0.230442,0.645558,0.544385,0.972123,1.197608,0.224287,0.220076,0.520454,0.459067,0.865997,0.768903,0.013652,0.032109,0.780601,0.731994,0.703311,0.668832,0.648354,0.525899,0.284823,0.419668,0.929676,0.536481,0.350886,0.329214,0.123091,0.169738,0.181381,0.180876,0.001799,-0.060898
1.042861,1.041047,1.003491,1.104412,0.499828,0.459079,0.967251,0.742517,0.556944,0.477718,0.816565,0.636201,0.672037,0.527364,0.695654,0.725619,1.061424,0.529064,0.000000,1.268635,0.448807,0.550361,0.872772,0.594042,0.672636,0.697693,0.366868,0.323899,0.685139,0.619832,0.788083,0.769591,0.996544,0.947402,0.539247,0.326459,0.523506,0.425249,0.130378,0.452791,0.423010,0.054348,0.747603,0.776597,0.668528,0.672115,0.848452,0.858323,0.665403,0.616050,0.532088,0.393946,0.370560,0.500457,0.511347,0.563848,0.847932,0.844262,0.533880,0.461641,0.595498,0.407225,0.578409,0.536991,0.550054,0.354588,0.787531,0.671422,0.818891,0.786920,0.366742,0.354386,0.505267,0.487186,0.384689,0.345249,0.473952,0.525763,0.059351,0.389990,0.792473,0.722716,0.868335,0.643737,0.677007,0.573436,0.542369,0.541216,0.544307,0.498383
0.851908,1.090340,0.704836,1.143747,0.337192,0.449779,0.804165,0.751229,0.446845,0.372020,0.538598,0.480131,0.525818,0.458789,0.479795,0.520275,1.008778,0.669729,1.268635,0.000000,0.353783,0.485275,0.734901,0.492065,0.419948,0.612009,0.108015,0.069369,0.710157,0.661065,0.978208,0.970416,1.459226,1.531022,0.601568,0.399116,0.548606,0.538344,0.060502,0.397787,0.486837,0.105226,0.716955,0.743123,0.864637,0.882315,0.784202,0.823681,0.819130,0.717073,0.508621,0.397335,0.329190,0.416612,0.479947,0.525194,0.846408,0.868015,0.566814,0.620457,0.590954,0.495565,0.685284,0.817305,0.386035,0.277926,1.037438,0.947384,1.005502,0.923665,0.299376,0.306437,0.712289,0.796382,0.524956,0.515790,0.630292,0.654163,0.096111,0.318957,0.923528,0.700606,0.717209,0.578961,0.455720,0.494929,0.448450,0.465095,0.280154,0.347169
0.419004,0.336066,0.396429,0.366077,0.149907,0.121233,0.298396,0.263642,0.067451,0.133696,0.518024,0.495763,0.384174,0.253917,0.475360,0.441800,0.600381,0.308837,0.448807,0.353783,0.000000,1.059624,0.517693,0.497699,0.616780,0.397324,0.578882,0.393842,0.843512,0.893884,0.602555,0.536056,0.398167,0.366804,0.193988,0.071338,0.180301,0.473908,-0.048781,0.258910,0.448041,0.227759,0.358350,0.390280,0.298495,0.298234,0.314076,0.398200,0.326132,0.341762,0.287482,0.160568,0.069352,0.115074,0.094644,0.156278,0.387379,0.361312,0.183191,0.127962,0.141698,-0.081902,0.276268,0.091292,0.369400,0.121531,0.308701,0.271951,0.205274,0.191380,0.481905,0.428722,0.214089,0.224056,0.114538,0.105715,-0.025149,-0.024145,0.193737,0.482951,0.485252,0.595296,0.714773,0.519676,0.512525,0.503805,0.369080,0.447195,0.218315,0.107095
0.518846,0.527346,0.623593,0.497470,0.272250,0.093058,0.508823,0.363693,0.210103,0.192143,0.570577,0.521862,0.503873,0.324586,0.528862,0.467104,0.651304,0.229227,0.550361,0.485275,1.059624,0.000000,0.775408,0.741615,0.757966,0.524127,0.599035,0.446725,0.705211,0.657421,0.646725,0.718726,0.410762,0.456714,0.346628,0.233607,0.430633,0.423337,0.161853,0.418227,0.337741,0.238317,0.419730,0.503950,0.496439,0.479932,0.464644,0.494242,0.478300,0.473810,0.380685,0.266144,0.192106,0.193998,0.274743,0.325624,0.407290,0.416854,0.351641,0.307203,0.256534,0.060485,0.266907,0.149078,0.406551,0.113463,0.428297,0.337895,0.166269,0.212558,0.709524,0.636097,0.312847,0.325312,0.189834,0.183573,0.159605,0.157371,0.069667,0.231930,0.378894,0.490267,0.756423,0.547932,0.567828,0.586843,0.471645,0.573488,0.322112,0.270994
0.796144,0.682305,1.139930,0.923516,0.504116,0.312770,0.889249,0.553614,0.464975,0.420126,0.868067,0.680282,0.677741,0.459817,0.703565,0.556999,0.668342,0.222926,0.872772,0.734901,0.517693,0.775408,0.000000,1.251145,1.084664,0.848454,0.596343,0.385077,0.575906,0.474445,0.834180,0.893653,0.629287,0.677653,0.555144,0.330048,0.328934,0.395117,0.114620,0.364111,0.348108,0.172357,0.581761,0.616205,0.710671,0.670605,0.643024,0.639760,0.654929,0.622327,0.486653,0.341406,0.314196,0.380578,0.345587,0.409994,0.494128,0.462262,0.494232,0.431550,0.453512,0.199443,0.292542,0.278950,0.627007,0.201740,0.587101,0.442549,0.330441,0.367797,0.579887,0.569370,0.282895,0.321645,0.158028,0.186963,0.149443,0.144845,-0.052687,0.182366,0.402865,0.583097,0.791513,0.576728,0.763520,0.647192,0.402495,0.510451,0.430732,0.400381
0.503186,0.372354,0.963598,0.861146,0.675233,0.205145,0.774752,0.628899,0.526302,0.410379,0.629045,0.752969,0.451721,0.410682,0.528654,0.511988,0.362802,-0.103415,0.594042,0.492065,0.497699,0.741615,1.251145,0.000000,0.923102,0.796729,0.699502,0.397247,0.469019,0.462248,0.647161,0.758601,0.305875,0.404471,0.410860,0.275875,0.279812,0.137391,0.094841,0.422896,0.192900,-0.003593,0.456854,0.493835,0.632566,0.586567,0.494337,0.489055,0.510039,0.542751,0.506387,0.380105,0.345453,0.355770,0.351499,0.419972,0.196558,0.145901,0.353090,0.327037,0.207531,0.072690,0.124310,0.035366,0.543660,0.161155,0.371676,0.309529,0.046848,0.054415,0.640371,0.589342,0.081634,0.163773,-0.027211,0.020468,-0.050705,-0.013997,-0.098561,0.225767,0.196816,0.498243,0.581394,0.530840,0.767110,0.767020,0.296057,0.474887,0.427121,0.476525
0.659216,0.488617,0.955949,0.690691,0.739787,0.411518,0.702093,0.486119,0.639460,0.553124,0.782959,0.696784,0.678045,0.516011,0.899373,0.777261,0.577324,0.175473,0.672636,0.419948,0.616780,0.757966,1.084664,0.923102,0.000000,0.960177,1.008878,0.700444,0.513107,0.489428,0.570360,0.564833,0.410900,0.417240,0.422483,0.274911,0.269665,0.303154,0.136833,0.393865,0.300004,0.166007,0.625250,0.635777,0.502106,0.484186,0.619049,0.637102,0.502991,0.515584,0.501212,0.361900,0.316231,0.382865,0.358634,0.433382,0.433953,0.385950,0.428343,0.325467,0.356622,0.150899,0.268280,0.151216,0.538870,0.311536,0.448035,0.316029,0.232547,0.258961,0.526487,0.508121,0.113119,0.115079,0.013157,0.046764,0.075758,0.074526,-0.130059,0.274344,0.297103,0.480039,0.683235,0.451264,0.731375,0.643302,0.424269,0.471975,0.628702,0.465138
0.476186,0.465062,0.652800,0.905843,0.713481,0.607705,0.648210,0.658286,0.678033,0.820117,0.567585,0.559315,0.480786,0.375114,0.616161,0.654293,0.623039,0.233240,0.697693,0.612009,0.397324,0.524127,0.848454,0.796729,0.960177,0.000000,0.551907,0.415517,0.475019,0.496959,0.748073,0.787052,0.608058,0.691974,0.477606,0.351223,0.215670,0.370577,-0.033104,0.204223,0.311488,0.166694,0.439570,0.502822,0.599753,0.570026,0.444577,0.524542,0.490150,0.461250,0.331488,0.274708,0.089246,0.180784,0.209201,0.292740,0.403979,0.393723,0.329525,0.378538,0.313536,0.242653,0.326757,0.300681,0.449317,0.358447,0.543427,0.498438,0.352413,0.377630,0.486356,0.540697,0.332591,0.412296,0.197508,0.298517,0.228660,0.201032,-0.015011,0.280302,0.374654,0.427327,0.519470,0.291525,0.428035,0.449051,0.288459,0.337953,0.325609,0.227532
0.375824,0.283723,0.588701,0.378107,0.755219,0.314959,0.353700,0.280269,0.503467,0.492312,0.452010,0.475903,0.376794,0.373608,0.717578,0.695374,0.267955,-0.089769,0.366868,0.108015,0.578882,0.599035,0.596343,0.699502,1.008878,0.551907,0.000000,1.344802,0.275365,0.299149,0.195130,0.239848,0.052505,0.063028,0.103228,-0.002377,0.140218,0.070983,0.214607,0.375969,0.103179,0.005750,0.500297,0.526393,0.282475,0.278233,0.452360,0.494128,0.334135,0.420576,0.455267,0.376884,0.335490,0.330181,0.394072,0.414325,0.193836,0.157428,0.324949,0.250973,0.084877,-0.034153,0.116243,-0.130180,0.337346,0.113806,0.195939,0.125961,-0.071757,-0.003542,0.343900,0.331547,-0.179766,-0.171839,-0.148799,-0.165747,-0.127720,-0.118038,-0.132920,0.170928,0.073262,0.280577,0.487907,0.342902,0.639477,0.625158,0.494124,0.472367,0.651642,0.567638
0.383898,0.286454,0.497768,0.298622,0.681446,0.462808,0.275285,0.219476,0.522784,0.603747,0.388711,0.322545,0.377075,0.374161,0.740561,0.721486,0.207558,-0.073837,0.323899,0.069369,0.393842,0.446725,0.385077,0.397247,0.700444,0.415517,1.344802,0.000000,0.132909,0.138853,0.045714,0.102207,0.023191,0.024847,0.078134,0.024784,0.121363,0.098623,0.290026,0.363033,0.037946,-0.047255,0.446217,0.472426,0.157582,0.171462,0.441739,0.461951,0.271168,0.341777,0.421544,0.371325,0.390185,0.372930,0.483491,0.441780,0.190709,0.165411,0.376355,0.233652,0.154434,0.035082,0.073270,-0.114428,0.245034,0.229307,0.168562,0.087584,-0.004404,0.060685,0.179851,0.179988,-0.140644,-0.164476,-0.046357,-0.081535,-0.013749,-0.039110,-0.162538,0.072102,0.065731,0.159823,0.404141,0.232296,0.488746,0.485201,0.565414,0.440245,0.761852,0.612927
0.731181,0.645876,0.469281,0.674873,0.141651,0.176738,0.668961,0.672781,0.226565,0.187352,0.718254,0.860060,0.780474,0.644579,0.667787,0.607952,1.139505,0.627441,0.685139,0.710157,0.843512,0.705211,0.575906,0.469019,0.513107,0.475019,0.275365,0.132909,0.000000,1.691115,0.962619,0.914311,0.722173,0.782752,0.366834,0.164917,0.473449,0.693642,-0.182924,0.287892,0.555077,0.100995,0.421995,0.452676,0.438016,0.448228,0.432432,0.491945,0.414520,0.383292,0.353183,0.191303,0.184761,0.203615,0.216809,0.250655,0.610236,0.545776,0.295027,0.237167,0.555328,0.393204,0.758189,0.534581,0.372931,0.337650,0.444397,0.430649,0.400267,0.328921,0.468042,0.459941,0.587075,0.603720,0.290133,0.290135,0.180358,0.130310,0.280405,0.572044,0.735145,0.768880,0.707310,0.514570,0.462889,0.527908,0.306428,0.358303,0.252842,0.138805
0.591733,0.527846,0.386620,0.632312,0.205992,0.203351,0.578189,0.640557,0.248935,0.212978,0.608940,0.831569,0.601094,0.538820,0.600297,0.648336,1.012425,0.631549,0.619832,0.661065,0.893884,0.657421,0.474445,0.462248,0.489428,0.496959,0.299149,0.138853,1.691115,0.000000,0.953668,0.878839,0.681707,0.729571,0.353096,0.139700,0.375123,0.572765,-0.223114,0.318690,0.563373,0.048167,0.415471,0.442679,0.417215,0.422136,0.386707,0.489235,0.376318,0.372729,0.324537,0.176991,0.105675,0.149863,0.153280,0.206162,0.618155,0.553506,0.206522,0.180539,0.425346,0.317249,0.748032,0.540895,0.428625,0.297485,0.421783,0.434371,0.392861,0.327231,0.440686,0.408812,0.489297,0.537980,0.259466,0.274614,0.151381,0.122341,0.329931,0.787534,0.826135,0.879930,0.715709,0.606307,0.481759,0.589694,0.278776,0.384454,0.185416,0.122529
0.619835,0.658089,0.570094,0.856670,0.234787,0.213137,0.724611,0.645144,0.303237,0.234174,0.523092,0.582485,0.520453,0.394921,0.457997,0.462866,0.937263,0.594281,0.788083,0.978208,0.602555,0.646725,0.834180,0.647161,0.570360,0.748073,0.195130,0.045714,0.962619,0.953668,0.000000,1.763242,1.057815,1.180579,0.568007,0.331828,0.506393,0.662463,0.070807,0.406715,0.679823,0.274985,0.474340,0.498019,0.678581,0.648649,0.538497,0.564641,0.567611,0.502939,0.334378,0.197652,0.128114,0.166487,0.219178,0.302310,0.661814,0.633967,0.297214,0.294237,0.435877,0.317971,0.563305,0.569882,0.365862,0.223460,0.611190,0.561852,0.559643,0.495937,0.559562,0.573825,0.708335,0.828500,0.373104,0.408030,0.378781,0.376861,0.094561,0.448906,0.688853,0.656140,0.564893,0.446847,0.401888,0.401040,0.247979,0.338336,0.178504,0.155974
0.659604,0.658941,0.608555,0.960904,0.241221,0.180010,0.793472,0.752898,0.316700,0.254529,0.569733,0.652747,0.584891,0.420460,0.490815,0.502325,0.903763,0.453089,0.769591,0.970416,0.536056,0.718726,0.893653,0.758601,0.564833,0.787052,0.239848,0.102207,0.914311,0.878839,1.763242,0.000000,0.931724,1.147441,0.676582,0.444204,0.608285,0.557292,0.057454,0.420329,0.547105,0.230096,0.403361,0.462120,0.739046,0.692590,0.481002,0.511168,0.530450,0.457720,0.286478,0.154742,0.084830,0.093874,0.211808,0.277736,0.566770,0.539918,0.321850,0.313871,0.476153,0.365405,0.508658,0.524431,0.453324,0.281902,0.595488,0.537339,0.455830,0.416255,0.547152,0.597073,0.743211,0.872676,0.399573,0.443620,0.386988,0.372104,0.063807,0.344979,0.603037,0.619370,0.591840,0.453717,0.446478,0.450006,0.274785,0.390746,0.192437,0.185617
0.839342,1.005377,0.561351,0.862895,0.226190,0.459607,0.640390,0.543197,0.362963,0.330631,0.516023,0.380659,0.534421,0.371541,0.470456,0.460586,1.148115,0.957456,0.996544,1.459226,0.398167,0.410762,0.629287,0.305875,0.410900,0.608058,0.052505,0.023191,0.722173,0.681707,1.057815,0.931724,0.000000,1.929766,0.599094,0.349945,0.404830,0.685785,0.027062,0.265291,0.643272,0.222752,0.697398,0.703659,0.745666,0.761570,0.707324,0.766805,0.791561,0.657566,0.449746,0.348367,0.202209,0.323968,0.336001,0.397237,1.040599,1.083914,0.600701,0.621415,0.656761,0.501962,0.708544,0.938895,0.343943,0.308358,1.152893,0.972728,1.298466,1.166247,0.242714,0.285559,0.764421,0.861483,0.563630,0.558829,0.676774,0.635422,0.136969,0.350466,1.020727,0.677995,0.636114,0.486536,0.347413,0.365212,0.386175,0.410301,0.197946,0.190383
0.761616,0.938624,0.580538,1.048110,0.275391,0.461543,0.767114,0.734362,0.425824,0.370893,0.508179,0.463186,0.570525,0.418120,0.477999,0.508593,1.070843,0.766330,0.947402,1.531022,0.366804,0.456714,0.677653,0.404471,0.417240,0.691974,0.063028,0.024847,0.782752,0.729571,1.180579,1.147441,1.929766,0.000000,0.677247,0.439905,0.513903,0.659161,0.033632,0.331812,0.615898,0.217038,0.649161,0.683918,0.839002,0.857717,0.706933,0.753091,0.791480,0.660241,0.473926,0.365134,0.214015,0.283720,0.363725,0.430876,0.843553,0.905877,0.525394,0.580664,0.639612,0.563325,0.676424,0.899920,0.345968,0.368908,1.087518,0.995191,1.012360,0.957254,0.312807,0.348657,0.796243,0.945799,0.529525,0.553198,0.642048,0.595343,0.112236,0.308022,0.912769,0.640423,0.638217,0.452960,0.336973,0.406684,0.366076,0.377475,0.201415,0.215942
0.490655,0.472094,0.571446,0.731252,0.188533,0.132211,0.772816,0.594556,0.342707,0.174333,0.370503,0.376783,0.377870,0.226922,0.391437,0.398564,0.481524,0.305189,0.539247,0.601568,0.193988,0.346628,0.555144,0.410860,0.422483,0.477606,0.103228,0.078134,0.366834,0.353096,0.568007,0.676582,0.599094,0.677247,0.000000,1.290869,0.529774,0.331615,0.202634,0.428316,0.321299,0.003460,0.286650,0.349546,0.667043,0.670602,0.421775,0.445713,0.367569,0.338842,0.242523,0.139042,0.124523,0.248894,0.337042,0.434766,0.506464,0.469888,0.344576,0.333833,0.638951,0.580712,0.321494,0.516352,0.850257,0.641653,0.650906,0.637038,0.375611,0.440939,0.320753,0.376008,0.597860,0.566143,0.492793,0.498774,0.602559,0.573970,0.193922,0.318563,0.600086,0.610035,0.443652,0.576848,0.502560,0.583953,0.360700,0.556070,0.411163,0.497339
0.263414,0.255009,0.362729,0.579534,0.107422,0.121941,0.558639,0.556775,0.269268,0.143340,0.215897,0.263878,0.249390,0.209924,0.256907,0.308026,0.268720,0.101788,0.326459,0.399116,0.071338,0.233607,0.330048,0.275875,0.274911,0.351223,-0.002377,0.024784,0.164917,0.139700,0.331828,0.444204,0.349945,0.439905,1.290869,0.000000,0.456394,0.276673,0.217688,0.358677,0.187599,0.055921,0.168970,0.230270,0.552060,0.584721,0.300056,0.285401,0.273795,0.217128,0.198676,0.108480,0.142294,0.220959,0.307079,0.404226,0.218464,0.174683,0.216518,0.197874,0.443356,0.512770,0.099598,0.307330,0.633366,0.759953,0.446938,0.487666,0.225649,0.246660,0.196115,0.240012,0.452572,0.424969,0.352055,0.364598,0.508514,0.483950,0.087501,0.097488,0.354640,0.351605,0.272876,0.325037,0.316483,0.437412,0.239253,0.366497,0.331532,0.407592
0.403453,0.502785,0.413004,0.548976,0.105099,-0.108355,0.593427,0.571852,0.175471,-0.058470,0.192615,0.306572,0.280753,0.299260,0.208120,0.346590,0.479971,0.216745,0.523506,0.548606,0.180301,0.430633,0.328934,0.279812,0.269665,0.215670,0.140218,0.121363,0.473449,0.375123,0.506393,0.608285,0.404830,0.513903,0.529774,0.456394,0.000000,0.281970,0.432493,0.739312,0.290907,0.022916,0.324378,0.362633,0.470642,0.476613,0.544044,0.442601,0.344472,0.317705,0.326468,0.225081,0.340405,0.295474,0.581954,0.562998,0.358196,0.367637,0.306735,0.225392,0.374122,0.370572,0.396465,0.335573,0.250382,0.231747,0.404609,0.384776,0.258590,0.266678,0.361093,0.373013,0.493580,0.485952,0.236761,0.180935,0.511986,0.594354,0.073825,0.194585,0.351545,0.323822,0.396459,0.340155,0.301441,0.367514,0.394488,0.360411,0.425011,0.520983
0.477645,0.545518,0.225709,0.448680,-0.031013,0.392455,0.412821,0.401516,0.089839,0.285287,0.534275,0.458711,0.529294,0.540287,0.515791,0.419929,0.816799,0.716923,0.425249,0.538344,0.473908,0.423337,0.395117,0.137391,0.303154,0.370577,0.070983,0.098623,0.693642,0.572765,0.662463,0.557292,0.685785,0.659161,0.331615,0.276673,0.281970,0.000000,-0.002478,0.113224,0.499083,0.358982,0.360622,0.386759,0.300576,0.372760,0.350030,0.380462,0.373931,0.290779,0.282624,0.153315,0.223846,0.258838,0.199100,0.255488,0.451071,0.449307,0.306920,0.281600,0.570508,0.481173,0.447731,0.573327,0.291237,0.421728,0.474988,0.439850,0.477504,0.412804,0.164199,0.225030,0.553996,0.636386,0.395392,0.475782,0.388267,0.308334,0.085738,0.175428,0.585354,0.471192,0.442208,0.248841,0.227891,0.341281,0.359632,0.317424,0.158875,0.024878
0.019180,0.132754,0.271412,0.092570,0.218384,-0.093951,0.164594,0.039041,0.203712,-0.010890,-0.042751,-0.086309,-0.055049,-0.008381,0.053256,0.074982,-0.058561,-0.102039,0.130378,0.060502,-0.048781,0.161853,0.114620,0.094841,0.136833,-0.033104,0.214607,0.290026,-0.182924,-0.223114,0.070807,0.057454,0.027062,0.033632,0.202634,0.217688,0.432493,-0.002478,0.000000,0.726222,0.215219,0.174834,0.199804,0.206400,0.159132,0.155597,0.363522,0.217643,0.149680,0.163804,0.198732,0.196573,0.212572,0.209679,0.494933,0.551097,0.050251,0.129392,0.171945,0.153736,-0.012962,-0.011620,-0.168686,-0.066289,0.028398,-0.047734,0.131590,0.085109,0.032631,0.090542,0.240565,0.225240,0.038836,0.010314,0.037114,-0.078032,0.266877,0.347397,-0.160310,-0.104064,-0.082313,-0.081803,0.091213,0.146303,0.183119,0.102113,0.380202,0.306202,0.464699,0.503335
0.292904,0.333654,0.516472,0.450478,0.451914,-0.020581,0.474950,0.442912,0.377976,0.096504,0.156879,0.275877,0.166163,0.290292,0.317217,0.464372,0.260446,0.050980,0.452791,0.397787,0.258910,0.418227,0.364111,0.422896,0.393865,0.204223,0.375969,0.363033,0.287892,0.318690,0.406715,0.420329,0.265291,0.331812,0.428316,0.358677,0.739312,0.113224,0.726222,0.000000,0.418555,-0.038180,0.455945,0.464049,0.448651,0.429253,0.662488,0.587143,0.373997,0.425522,0.429739,0.347500,0.375278,0.398502,0.675850,0.790323,0.306630,0.306856,0.276226,0.240564,0.161322,0.178714,0.198918,0.168555,0.235469,0.148602,0.346787,0.363368,0.232858,0.217306,0.368152,0.301229,0.145342,0.153496,0.035678,-0.040782,0.217222,0.289329,0.047184,0.378884,0.310531,0.339640,0.451466,0.535703,0.482523,0.498073,0.459468,0.573288,0.603297,0.783868
0.355602,0.393325,0.294515,0.400336,0.136226,0.123445,0.371170,0.312522,0.184163,0.128349,0.384727,0.349137,0.397249,0.322212,0.360718,0.370623,0.533254,0.613777,0.423010,0.486837,0.448041,0.337741,0.348108,0.192900,0.300004,0.311488,0.103179,0.037946,0.555077,0.563373,0.679823,0.547105,0.643272,0.615898,0.321299,0.187599,0.290907,0.499083,0.215219,0.418555,0.000000,0.550005,0.234042,0.225062,0.281101,0.247098,0.268456,0.294135,0.254000,0.224698,0.163134,0.082037,0.011910,0.108046,0.051135,0.183715,0.434602,0.497099,0.164719,0.192698,0.311960,0.224521,0.325055,0.461862,0.234066,0.207357,0.332866,0.323952,0.475852,0.382457,0.125088,0.121894,0.504216,0.574878,0.286403,0.323685,0.255446,0.255643,0.199517,0.419393,0.443992,0.374179,0.459256,0.326579,0.295428,0.240679,0.052947,0.204629,0.125619,0.072475
0.028778,0.054215,0.048745,0.064576,-0.095903,0.056628,0.002150,-0.042030,-0.040870,-0.004020,0.146854,0.035948,0.158955,0.026309,0.057641,-0.006082,0.110240,0.153988,0.054348,0.105226,0.227759,0.238317,0.172357,-0.003593,0.166007,0.166694,0.005750,-0.047255,0.100995,0.048167,0.274985,0.230096,0.222752,0.217038,0.003460,0.055921,0.022916,0.358982,0.174834,-0.038180,0.550005,0.000000,-0.075256,-0.080254,0.041892,0.023015,-0.095457,-0.114943,0.004455,-0.069363,-0.099806,-0.129092,-0.218424,-0.245106,-0.278228,-0.242734,-0.122048,-0.007877,-0.083067,-0.030668,-0.048021,-0.124323,-0.107330,-0.016527,-0.103764,-0.046320,-0.008684,-0.078322,0.148595,0.124527,0.038802,0.110451,0.230277,0.252980,0.042463,0.108513,0.086472,0.126501,-0.082487,-0.136931,-0.062359,-0.132800,0.179303,-0.149920,-0.012048,-0.172174,-0.131891,-0.143528,-0.139774,-0.276087
0.657160,0.717361,0.752597,0.729188,0.729113,0.617770,0.645229,0.508945,0.652479,0.550871,0.425412,0.394741,0.429102,0.417157,0.534443,0.604929,0.625632,0.315117,0.747603,0.716955,0.358350,0.419730,0.581761,0.456854,0.625250,0.439570,0.500297,0.446217,0.421995,0.415471,0.474340,0.403361,0.697398,0.649161,0.286650,0.168970,0.324378,0.360622,0.199804,0.455945,0.234042,-0.075256,0.000000,2.355981,0.858565,0.949516,1.690120,1.769586,1.375161,1.436706,1.240272,1.080640,0.724842,0.802961,0.917509,0.904660,0.714396,0.689373,0.890957,0.839638,0.385867,0.321976,0.407206,0.363069,0.243652,0.284130,1.078529,0.871203,0.616260,0.645952,0.280055,0.223903,0.089859,0.145035,0.085755,0.062864,0.325856,0.332445,-0.112836,0.189511,0.585323,0.540742,0.592218,0.521961,0.499398,0.597033,0.561456,0.543093,0.573333,0.586126
0.665564,0.737877,0.769677,0.786123,0.735264,0.610147,0.708245,0.574279,0.662114,0.585913,0.447818,0.429809,0.451212,0.410672,0.543909,0.629115,0.678253,0.312868,0.776597,0.743123,0.390280,0.503950,0.616205,0.493835,0.635777,0.502822,0.526393,0.472426,0.452676,0.442679,0.498019,0.462120,0.703659,0.683918,0.349546,0.230270,0.362633,0.386759,0.206400,0.464049,0.225062,-0.080254,2.355981,0.000000,0.953922,1.060860,1.702121,1.985290,1.435301,1.527790,1.210221,1.079576,0.665703,0.736594,0.908419,0.927519,0.728830,0.715566,0.902269,0.886038,0.405624,0.358632,0.416259,0.377135,0.294955,0.335952,1.156881,0.952191,0.578643,0.628320,0.315018,0.263564,0.126611,0.183718,0.118456,0.104527,0.364363,0.358387,-0.092709,0.182857,0.601298,0.562397,0.607954,0.545331,0.515304,0.646447,0.581373,0.586214,0.570462,0.586766
0.536066,0.642208,0.688899,0.955962,0.501341,0.327180,0.805768,0.707393,0.546568,0.371555,0.317679,0.384792,0.354259,0.300660,0.362276,0.453005,0.580425,0.210318,0.668528,0.864637,0.298495,0.496439,0.710671,0.632566,0.502106,0.599753,0.282475,0.157582,0.438016,0.417215,0.678581,0.739046,0.745666,0.839002,0.667043,0.552060,0.470642,0.300576,0.159132,0.448651,0.281101,0.041892,0.858565,0.953922,0.000000,2.197145,0.902517,0.923587,1.326507,1.182667,0.706493,0.601560,0.323495,0.361784,0.527266,0.636389,0.545924,0.543060,0.754898,0.842396,0.436542,0.441982,0.321495,0.399168,0.388358,0.380102,1.061193,0.910305,0.430850,0.438116,0.367361,0.374573,0.375903,0.472135,0.246734,0.281263,0.398580,0.421105,-0.076971,0.125888,0.473151,0.497550,0.510942,0.476226,0.421608,0.564957,0.345347,0.513849,0.294225,0.453387
0.515049,0.634317,0.660230,0.976714,0.490407,0.407159,0.799396,0.741607,0.522863,0.394619,0.315880,0.391808,0.336272,0.306631,0.359375,0.459580,0.592316,0.225772,0.672115,0.882315,0.298234,0.479932,0.670605,0.586567,0.484186,0.570026,0.278233,0.171462,0.448228,0.422136,0.648649,0.692590,0.761570,0.857717,0.670602,0.584721,0.476613,0.372760,0.155597,0.429253,0.247098,0.023015,0.949516,1.060860,2.197145,0.000000,0.975521,1.004813,1.385889,1.251932,0.759820,0.653626,0.366436,0.410969,0.585920,0.684589,0.555167,0.548352,0.757143,0.875585,0.432082,0.463136,0.328042,0.407793,0.388376,0.422789,1.182751,1.045246,0.442793,0.486653,0.345799,0.350975,0.370753,0.471950,0.263540,0.290645,0.429859,0.443837,-0.089740,0.124499,0.536905,0.545960,0.561575,0.514429,0.434700,0.603821,0.442862,0.553854,0.320953,0.483052
0.724756,0.805086,0.910089,0.848682,0.695181,0.476446,0.821381,0.616432,0.703422,0.478874,0.430332,0.402966,0.481896,0.459039,0.543117,0.639072,0.642318,0.312448,0.848452,0.784202,0.314076,0.464644,0.643024,0.494337,0.619049,0.444577,0.452360,0.441739,0.432432,0.386707,0.538497,0.481002,0.707324,0.706933,0.421775,0.300056,0.544044,0.350030,0.363522,0.662488,0.268456,-0.095457,1.690120,1.702121,0.902517,0.975521,0.000000,1.976743,1.289399,1.338864,1.225057,1.068112,0.816834,0.889066,1.218755,1.220468,0.734009,0.727101,0.898457,0.787079,0.468423,0.414847,0.404191,0.385221,0.267776,0.355158,1.061232,0.865087,0.647669,0.662813,0.380829,0.316093,0.179056,0.210892,0.117829,0.075516,0.444470,0.452610,-0.123281,0.191221,0.585068,0.515254,0.591069,0.527209,0.513437,0.592873,0.597048,0.557166,0.733992,0.765634
0.696145,0.764649,0.824095,0.852482,0.715994,0.563111,0.767245,0.624558,0.683551,0.546629,0.432760,0.418535,0.451262,0.415900,0.561602,0.663493,0.712624,0.376678,0.858323,0.823681,0.398200,0.494242,0.639760,0.489055,0.637102,0.524542,0.494128,0.461951,0.491945,0.489235,0.564641,0.511168,0.766805,0.753091,0.445713,0.285401,0.442601,0.380462,0.217643,0.587143,0.294135,-0.114943,1.769586,1.985290,0.923587,1.004813,1.976743,0.000000,1.319486,1.429907,1.137607,1.033951,0.679663,0.795354,1.013475,1.044838,0.818826,0.786084,0.860487,0.819767,0.443056,0.398182,0.504821,0.459450,0.321602,0.349948,1.198150,1.030463,0.669272,0.709402,0.337708,0.279856,0.195052,0.232814,0.164030,0.140348,0.435535,0.426224,-0.039889,0.268636,0.700181,0.606818,0.623034,0.592047,0.530879,0.659096,0.569560,0.592083,0.624188,0.671313
0.585013,0.688760,0.720115,0.803474,0.584917,0.530955,0.683026,0.530490,0.585574,0.473695,0.330631,0.284916,0.377102,0.315986,0.401558,0.438854,0.617873,0.284503,0.665403,0.819130,0.326132,0.478300,0.654929,0.510039,0.502991,0.490150,0.334135,0.271168,0.414520,0.376318,0.567611,0.530450,0.791561,0.791480,0.367569,0.273795,0.344472,0.373931,0.149680,0.373997,0.254000,0.004455,1.375161,1.435301,1.326507,1.385889,1.289399,1.319486,0.000000,1.982538,1.163074,1.076199,0.595138,0.608504,0.761543,0.791855,0.618638,0.611167,1.119395,1.150670,0.407914,0.371988,0.344663,0.415606,0.221233,0.277325,1.319386,1.018315,0.555087,0.580028,0.329598,0.288494,0.251582,0.336386,0.206261,0.217206,0.377302,0.380410,-0.143925,0.040449,0.469733,0.422699,0.533252,0.442694,0.358355,0.504555,0.446150,0.475814,0.364899,0.468434
