0.000000,1.126509,0.962834,0.722554,0.475289,0.353958,0.973623,0.636263,0.461311,0.372195,1.410235,0.986694,1.162229,1.019385,0.766766,0.679826,0.913470,0.808046,1.106770,0.929221,0.334217,0.178188,0.904633,0.727647,0.577519,0.541554,0.300129,0.308324,1.006896,0.868409,0.687033,0.754543,0.979547,0.976068,0.494666,0.388118,0.358095,0.255811,0.442073,0.519347,0.468737,0.333338,0.591703,0.620825,0.343075,0.521063,0.806791,0.501756,0.621874,0.499519,0.685448,0.520348,0.484701,0.352407,0.798555,0.673089,0.866957,0.752475,0.960107,0.702421,0.884950,0.688718,1.004312,0.846901,0.670374,0.372814,0.914037,0.655330,0.940388,0.601276,0.041122,0.065029,0.333650,0.333585,0.081116,0.243007,0.347707,0.307284,0.724169,0.667421,0.818882,0.846160,0.571193,0.602724,1.052537,1.043404,0.348689,0.467464,0.872707,0.700874
1.126509,0.000000,0.650541,0.363261,0.309590,0.240447,0.578551,0.333372,0.334958,0.334165,0.876994,0.637204,0.659401,0.797978,0.588523,0.478390,0.934187,1.054469,0.679779,0.643079,0.371379,0.174258,0.595701,0.454154,0.542083,0.519692,0.351213,0.383071,0.700510,0.711251,0.431870,0.522526,0.939360,0.869331,0.288257,0.253284,0.256620,0.219513,0.311828,0.433805,0.469333,0.347863,0.413047,0.465992,0.266560,0.583819,0.681521,0.334669,0.601721,0.535595,0.549706,0.476181,0.399155,0.115167,0.748251,0.592255,1.025607,1.089451,0.909115,0.844711,0.808528,0.559288,0.885092,0.846504,0.249649,0.001325,0.825638,0.499605,0.886072,0.565967,-0.008321,0.060359,0.403885,0.270015,0.057507,0.139845,0.172963,0.105589,0.685220,0.667134,0.687314,0.820101,0.368886,0.523974,0.661435,0.780605,0.192577,0.406696,0.498989,0.439509
0.962834,0.650541,0.000000,1.129627,0.747757,0.520393,1.266110,0.846807,0.686833,0.502315,0.868777,0.803400,0.840298,0.915234,0.652029,0.687353,0.599964,0.633594,1.047763,0.918700,0.263785,0.164144,1.285756,1.068479,0.642149,0.610911,0.244011,0.290747,0.911199,0.801217,0.792302,0.839535,0.804729,0.962487,0.511157,0.322901,0.199037,0.114714,0.386830,0.322478,0.268826,0.199578,0.616185,0.624685,0.361722,0.449278,0.742387,0.532430,0.538341,0.417117,0.677850,0.553090,0.551342,0.590508,0.562401,0.536364,0.462129,0.355591,0.501017,0.356292,0.454834,0.390824,0.650490,0.550296,0.675442,0.462990,0.602191,0.565823,0.634218,0.363937,0.132215,0.098030,0.280720,0.301130,0.015216,0.185587,0.442361,0.381648,0.530932,0.487144,0.594808,0.616029,0.462217,0.592211,0.756895,0.794156,0.293538,0.470341,0.692939,0.775112
0.722554,0.363261,1.129627,0.000000,0.734716,0.581104,1.167626,1.284642,0.598079,0.401129,0.644663,0.832309,0.802271,0.770640,0.593406,0.577902,0.428395,0.441643,0.855175,0.979198,0.207269,0.129232,0.792314,1.036621,0.414028,0.443304,0.169036,0.212492,0.783786,0.748252,0.771332,0.797038,0.618721,0.851504,0.452507,0.301324,0.152120,0.039575,0.290310,0.225448,0.170013,0.162267,0.625658,0.616946,0.350141,0.355499,0.654256,0.546258,0.456741,0.336124,0.563909,0.460593,0.480179,0.679293,0.370181,0.361629,0.259934,0.137049,0.339835,0.159333,0.272100,0.415898,0.507500,0.412676,0.809204,0.776310,0.408479,0.508343,0.446826,0.290247,0.197684,0.059255,0.184706,0.298367,0.022630,0.172101,0.479541,0.451073,0.409552,0.372357,0.504044,0.506592,0.373177,0.465935,0.575805,0.609116,0.191267,0.393514,0.542388,0.690210
0.475289,0.309590,0.747757,0.734716,0.000000,0.917547,0.783038,0.894695,0.943490,0.779665,0.431233,0.663097,0.569426,0.673792,0.552942,0.698775,0.309406,0.381718,0.747544,0.808209,0.261564,0.100062,0.672327,0.535393,0.870342,0.672275,0.288996,0.342204,0.519093,0.529895,0.327935,0.391582,0.451933,0.560582,0.356369,0.152393,0.091963,0.073826,0.244853,0.168417,0.171114,0.103017,0.523164,0.567386,0.270206,0.307680,0.561189,0.565127,0.290493,0.271306,0.390779,0.357607,0.424783,0.631952,0.371139,0.403243,0.142292,0.116581,0.241629,0.141057,0.195721,0.336096,0.439023,0.387602,0.501990,0.517073,0.320103,0.500866,0.318810,0.313538,0.167603,0.045180,0.116886,0.135979,0.088739,0.134844,0.476335,0.472887,0.340510,0.303239,0.391825,0.433882,0.286225,0.529364,0.341201,0.454239,0.136798,0.287323,0.355114,0.663249
0.353958,0.240447,0.520393,0.581104,0.917547,0.000000,0.685133,0.887671,0.967534,1.180569,0.303753,0.603810,0.479367,0.639351,0.623901,0.766953,0.200376,0.311010,0.545163,0.625418,0.187330,-0.014625,0.459415,0.426944,0.716444,1.006719,0.367074,0.415117,0.373164,0.429941,0.133653,0.176063,0.344742,0.422558,0.253895,0.155408,0.091738,0.094413,0.209744,0.156231,0.119323,0.032088,0.417823,0.484389,0.167889,0.257761,0.437554,0.500645,0.186405,0.189822,0.267275,0.270776,0.328507,0.478693,0.341232,0.310358,0.106574,0.076413,0.187515,0.080668,0.165897,0.394491,0.379536,0.394192,0.437829,0.506929,0.189273,0.409145,0.170332,0.233865,0.094228,-0.054530,0.013206,0.032692,0.077658,0.034716,0.419646,0.393241,0.268510,0.218409,0.340173,0.362925,0.308895,0.480985,0.245008,0.346328,0.133101,0.328219,0.267752,0.506064
0.973623,0.578551,1.266110,1.167626,0.783038,0.685133,0.000000,1.274363,0.835883,0.622642,0.922281,0.985307,1.053433,1.051050,0.843641,0.888392,0.610321,0.576779,1.010062,0.947586,0.254350,0.109494,0.971582,0.853673,0.575688,0.658011,0.255055,0.271135,0.967371,0.899314,0.695234,0.753031,0.789865,0.970871,0.439549,0.328014,0.233680,0.152993,0.413343,0.375723,0.325203,0.224345,0.648370,0.714347,0.347286,0.457063,0.782198,0.609377,0.495781,0.382472,0.608362,0.485238,0.529371,0.594530,0.572826,0.540128,0.424013,0.306072,0.526751,0.337722,0.472022,0.496806,0.748361,0.647048,0.760248,0.602639,0.608130,0.613635,0.572997,0.381150,0.108292,0.037801,0.261648,0.374707,0.108719,0.259970,0.548845,0.514231,0.559017,0.496643,0.712567,0.684296,0.566618,0.571543,0.750472,0.781422,0.381282,0.441778,0.749393,0.765792
0.636263,0.333372,0.846807,1.284642,0.894695,0.887671,1.274363,0.000000,0.864064,0.713168,0.601891,0.972144,0.821898,0.902038,0.693341,0.833486,0.428149,0.434732,0.764825,0.903433,0.183042,0.065276,0.628954,0.679245,0.462790,0.596533,0.172322,0.206513,0.711355,0.782015,0.525230,0.588601,0.565931,0.793050,0.390946,0.277502,0.169879,0.105056,0.334563,0.276974,0.207893,0.161094,0.651099,0.719954,0.350553,0.385832,0.697149,0.656430,0.404059,0.332208,0.512979,0.443000,0.542940,0.722110,0.453782,0.422745,0.214530,0.092917,0.362747,0.179552,0.289535,0.579611,0.595870,0.550293,0.801375,0.925052,0.385591,0.574532,0.347648,0.283028,0.138261,0.025706,0.137721,0.300624,0.103848,0.198862,0.588299,0.587873,0.435445,0.399743,0.581557,0.572309,0.418317,0.496852,0.490783,0.585115,0.237809,0.345213,0.545925,0.751954
0.461311,0.334958,0.686833,0.598079,0.943490,0.967534,0.835883,0.864064,0.000000,0.934686,0.428570,0.599265,0.575500,0.676340,0.650594,0.779911,0.334717,0.432566,0.657302,0.688134,0.235327,0.032900,0.639958,0.437164,0.695343,0.776514,0.268318,0.312196,0.488708,0.562016,0.262769,0.300107,0.490577,0.558186,0.308866,0.189239,0.120840,0.104686,0.337981,0.250187,0.194451,0.102138,0.530525,0.559334,0.339017,0.417390,0.564099,0.595766,0.325842,0.310616,0.411891,0.385811,0.462381,0.552089,0.446023,0.475949,0.173556,0.154407,0.318122,0.211311,0.275247,0.392697,0.461756,0.488046,0.459764,0.440600,0.368414,0.508073,0.332353,0.303833,0.093099,0.027931,0.118759,0.135287,0.027637,0.095473,0.461703,0.447631,0.394608,0.385029,0.455432,0.514961,0.372246,0.598674,0.332826,0.467797,0.192515,0.285857,0.389667,0.628716
0.372195,0.334165,0.502315,0.401129,0.779665,1.180569,0.622642,0.713168,0.934686,0.000000,0.335650,0.561945,0.413458,0.643408,0.597028,0.901034,0.241721,0.348070,0.535264,0.565342,0.205591,-0.036426,0.483983,0.356794,0.684112,0.996199,0.296130,0.327744,0.338849,0.402106,0.085593,0.170391,0.338553,0.404367,0.243052,0.144746,0.102654,0.077242,0.239572,0.191587,0.156743,0.030226,0.355881,0.427743,0.164249,0.282656,0.417336,0.411412,0.190860,0.198469,0.222104,0.260402,0.297671,0.349380,0.378434,0.346854,0.140901,0.119768,0.231980,0.127124,0.185282,0.374932,0.396026,0.399896,0.335127,0.382805,0.224353,0.376166,0.175477,0.217987,0.036570,-0.034136,0.019951,0.040635,0.082218,0.034572,0.376651,0.332125,0.294100,0.244736,0.316278,0.361694,0.370448,0.502193,0.219261,0.341313,0.209714,0.300439,0.274129,0.455686
1.410235,0.876994,0.868777,0.644663,0.431233,0.303753,0.922281,0.601891,0.428570,0.335650,0.000000,1.004630,1.400699,1.045841,0.806178,0.753524,0.865305,0.712143,1.059340,0.891774,0.331719,0.149635,0.914252,0.615496,0.465979,0.457543,0.209860,0.186315,1.074444,0.950908,0.759077,0.827961,0.955089,0.922879,0.553080,0.360947,0.356154,0.247979,0.512727,0.581929,0.496384,0.318804,0.562555,0.591008,0.316747,0.423519,0.715528,0.483943,0.451671,0.365802,0.544006,0.385048,0.411700,0.368946,0.660515,0.604749,0.818643,0.669739,0.820964,0.625908,0.807308,0.627101,0.879905,0.768515,0.686675,0.432323,0.868196,0.668204,0.877600,0.611357,0.047307,0.071149,0.312780,0.360068,0.110208,0.260117,0.417467,0.376010,0.773575,0.697400,0.856664,0.843829,0.713729,0.599789,1.158790,1.066526,0.468824,0.451707,0.864722,0.675842
0.986694,0.637204,0.803400,0.832309,0.663097,0.603810,0.985307,0.972144,0.599265,0.561945,1.004630,0.000000,1.082076,1.454463,0.713184,0.901469,0.652660,0.574447,1.019679,1.058198,0.255506,0.126382,0.747059,0.652203,0.448222,0.593275,0.142604,0.174523,0.948552,0.974463,0.595247,0.739664,0.718106,0.816117,0.512682,0.296827,0.248085,0.151613,0.411576,0.387515,0.310338,0.246649,0.614106,0.769692,0.260274,0.379431,0.787797,0.625423,0.457578,0.359345,0.572258,0.491470,0.483129,0.574512,0.621678,0.595745,0.513541,0.376454,0.622505,0.355651,0.570935,0.758769,0.807676,0.713992,0.788543,0.695095,0.614311,0.625898,0.588954,0.458530,0.016301,-0.014798,0.178989,0.300408,0.101792,0.223183,0.484419,0.481231,0.595030,0.514863,0.692456,0.658681,0.602873,0.544140,0.779148,0.807331,0.422644,0.402193,0.674380,0.789977
1.162229,0.659401,0.840298,0.802271,0.569426,0.479367,1.053433,0.821898,0.575500,0.413458,1.400699,1.082076,0.000000,1.087156,0.978858,0.796356,0.654405,0.592173,1.048460,0.929062,0.322402,0.130877,0.895471,0.644884,0.498257,0.489292,0.210722,0.204104,0.984098,0.916646,0.730232,0.771207,0.833151,0.855414,0.574916,0.370599,0.286723,0.232755,0.461286,0.503674,0.436573,0.287901,0.618695,0.693533,0.300113,0.397384,0.755905,0.604012,0.436147,0.363355,0.593755,0.423322,0.463577,0.527046,0.641269,0.583696,0.609683,0.505069,0.681590,0.508347,0.629966,0.601611,0.772534,0.674502,0.804879,0.577344,0.749774,0.695052,0.736596,0.582005,0.090233,0.019223,0.283787,0.343876,0.117137,0.250973,0.473335,0.440800,0.674743,0.625163,0.782950,0.784334,0.597059,0.582089,1.035279,0.969810,0.381750,0.457750,0.826285,0.740096
1.019385,0.797978,0.915234,0.770640,0.673792,0.639351,1.051050,0.902038,0.676340,0.643408,1.045841,1.454463,1.087156,0.000000,0.788381,1.005565,0.744005,0.751205,1.030941,1.059519,0.302569,0.153855,0.858881,0.671802,0.535332,0.673607,0.200976,0.237919,1.024152,1.126662,0.610960,0.781218,0.921970,0.998171,0.493897,0.360645,0.235513,0.175210,0.461354,0.433817,0.393867,0.286096,0.638462,0.800425,0.301472,0.467712,0.859947,0.645113,0.484633,0.393633,0.574898,0.485362,0.495931,0.530490,0.728429,0.648457,0.638301,0.507990,0.690296,0.462937,0.636068,0.710868,0.892593,0.805422,0.673261,0.547311,0.705917,0.685014,0.694227,0.530148,0.009058,-0.027544,0.272505,0.307658,0.091582,0.197979,0.473377,0.450406,0.708801,0.612671,0.817682,0.814854,0.619316,0.651331,0.822254,0.933453,0.453917,0.529878,0.680356,0.789891
0.766766,0.588523,0.652029,0.593406,0.552942,0.623901,0.843641,0.693341,0.650594,0.597028,0.806178,0.713184,0.978858,0.788381,0.000000,0.844093,0.448999,0.460346,0.794457,0.674760,0.278193,0.104079,0.731698,0.588184,0.682090,0.682909,0.406674,0.399818,0.625606,0.618925,0.485113,0.543761,0.646510,0.685580,0.409476,0.309429,0.209584,0.122578,0.340085,0.373068,0.385848,0.200252,0.437003,0.477613,0.225369,0.342462,0.531262,0.407111,0.315131,0.272090,0.381806,0.293507,0.290016,0.293706,0.429219,0.393863,0.418782,0.384140,0.449679,0.368771,0.403598,0.400192,0.548363,0.566146,0.458925,0.329361,0.521267,0.487267,0.479806,0.403010,0.077717,0.008989,0.221572,0.215304,0.105859,0.177619,0.353744,0.315784,0.493303,0.453097,0.535102,0.559482,0.517809,0.509978,0.589541,0.599943,0.280974,0.372212,0.505708,0.478634
0.679826,0.478390,0.687353,0.577902,0.698775,0.766953,0.888392,0.833486,0.779911,0.901034,0.753524,0.901469,0.796356,1.005565,0.844093,0.000000,0.484614,0.412448,0.897962,0.849238,0.248553,0.063758,0.784906,0.498693,0.572011,0.791581,0.198653,0.200724,0.697343,0.801264,0.470976,0.581648,0.622783,0.682855,0.462365,0.330330,0.268782,0.214135,0.521421,0.484833,0.413067,0.221117,0.559440,0.691891,0.302188,0.393049,0.659375,0.627043,0.333353,0.312575,0.382839,0.361201,0.380060,0.475168,0.547915,0.571986,0.371589,0.268090,0.495283,0.325374,0.407201,0.538258,0.550791,0.546182,0.510700,0.519812,0.509131,0.606524,0.447167,0.404382,0.091829,0.029346,0.095059,0.318517,0.194409,0.280000,0.589869,0.556845,0.575078,0.478970,0.612057,0.572345,0.714076,0.613668,0.548261,0.651691,0.486798,0.408207,0.549169,0.635701
0.913470,0.934187,0.599964,0.428395,0.309406,0.200376,0.610321,0.428149,0.334717,0.241721,0.865305,0.652660,0.654405,0.744005,0.448999,0.484614,0.000000,1.107790,0.608590,0.732937,0.256101,0.112144,0.617868,0.422540,0.347459,0.348385,0.080992,0.147029,0.960565,0.954409,0.575495,0.599838,1.120545,0.919198,0.350151,0.297430,0.314970,0.265812,0.482070,0.507103,0.438235,0.311975,0.527881,0.507694,0.368444,0.488254,0.670520,0.409984,0.416180,0.334386,0.438031,0.289420,0.400840,0.238098,0.644223,0.581377,1.228566,0.965252,0.912542,0.807053,1.023420,0.698236,1.005921,0.915441,0.334379,0.192586,0.926093,0.625381,1.064435,0.726074,-0.060236,-0.078854,0.373390,0.416287,0.076106,0.260499,0.308544,0.297835,1.000197,0.989057,1.129083,1.144851,0.646197,0.643752,0.851315,0.880869,0.439866,0.436595,0.653815,0.509386
0.808046,1.054469,0.633594,0.441643,0.381718,0.311010,0.576779,0.434732,0.432566,0.348070,0.712143,0.574447,0.592173,0.751205,0.460346,0.412448,1.107790,0.000000,0.558696,0.704655,0.340697,0.118418,0.612643,0.473001,0.451884,0.406164,0.168690,0.242141,0.763943,0.887145,0.437339,0.484152,1.089700,0.941389,0.300610,0.289509,0.219620,0.220836,0.349761,0.419170,0.368091,0.256728,0.457562,0.432013,0.312983,0.519117,0.593209,0.359796,0.402692,0.358109,0.438671,0.304901,0.390500,0.219059,0.647115,0.547344,1.129516,1.044137,0.780956,0.798042,0.866727,0.686094,0.986453,0.969078,0.343783,0.167199,0.792051,0.637080,0.982501,0.739512,-0.057547,-0.063844,0.370765,0.234458,-0.029928,0.078791,0.217154,0.193762,0.890052,0.902392,0.969707,1.180809,0.411534,0.776482,0.716878,0.844285,0.294777,0.614501,0.550431,0.560583
1.106770,0.679779,1.047763,0.855175,0.747544,0.545163,1.010062,0.764825,0.657302,0.535264,1.059340,1.019679,1.048460,1.030941,0.794457,0.897962,0.608590,0.558696,0.000000,1.335645,0.311207,0.149208,1.020464,0.709066,0.632471,0.629746,0.267233,0.267396,0.951847,0.855815,0.662393,0.780128,0.761146,0.836263,0.525518,0.300525,0.255764,0.193390,0.440316,0.436714,0.370442,0.219711,0.626288,0.648071,0.311770,0.397771,0.707568,0.576213,0.432109,0.374848,0.510169,0.419991,0.401347,0.518919,0.571798,0.596033,0.497846,0.402000,0.602661,0.408325,0.517378,0.510913,0.674583,0.581865,0.655756,0.494391,0.653010,0.683000,0.701865,0.564323,0.202122,0.150300,0.263722,0.296765,0.131198,0.240810,0.505257,0.466393,0.612785,0.531012,0.652546,0.653416,0.590958,0.610101,0.728116,0.775382,0.354528,0.405572,0.707901,0.811652
0.929221,0.643079,0.918700,0.979198,0.808209,0.625418,0.947586,0.903433,0.688134,0.565342,0.891774,1.058198,0.929062,1.059519,0.674760,0.849238,0.732937,0.704655,1.335645,0.000000,0.323109,0.142088,0.853848,0.687685,0.559263,0.613255,0.196891,0.188750,1.022709,1.061999,0.726296,0.809923,0.892694,0.961998,0.523501,0.297699,0.266792,0.193078,0.479712,0.458587,0.350544,0.213943,0.801989,0.823744,0.447935,0.478806,0.832831,0.745272,0.445140,0.382111,0.501605,0.411956,0.432506,0.620408,0.575166,0.628542,0.578560,0.486054,0.637920,0.454036,0.565455,0.633428,0.714163,0.632245,0.610828,0.569764,0.727446,0.867024,0.792019,0.756942,0.207065,0.084477,0.248281,0.341698,0.128701,0.226604,0.566284,0.553444,0.768604,0.699762,0.842104,0.860463,0.633358,0.750316,0.732808,0.826842,0.361849,0.483801,0.638513,0.891483
0.334217,0.371379,0.263785,0.207269,0.261564,0.187330,0.254350,0.183042,0.235327,0.205591,0.331719,0.255506,0.322402,0.302569,0.278193,0.248553,0.256101,0.340697,0.311207,0.323109,0.000000,0.151276,0.307026,0.200393,0.315061,0.265633,0.221701,0.207903,0.279856,0.300481,0.275497,0.296734,0.356998,0.355844,0.259995,0.087822,0.118761,0.126194,0.174390,0.289390,0.174333,0.114316,0.242844,0.244693,0.140599,0.227003,0.277370,0.242941,0.221217,0.233115,0.250652,0.212702,0.217084,0.179060,0.247589,0.241644,0.304184,0.319495,0.231927,0.268169,0.220131,0.208640,0.263959,0.267874,0.152915,0.049914,0.299838,0.295773,0.341858,0.288937,0.174180,0.131448,0.275825,0.108585,0.022038,0.039512,0.137392,0.112415,0.290453,0.243630,0.296189,0.327388,0.153372,0.260427,0.278672,0.310028,0.024268,0.137690,0.154274,0.224205
0.178188,0.174258,0.164144,0.129232,0.100062,-0.014625,0.109494,0.065276,0.032900,-0.036426,0.149635,0.126382,0.130877,0.153855,0.104079,0.063758,0.112144,0.118418,0.149208,0.142088,0.151276,0.000000,0.156637,0.115178,0.121624,0.114956,0.155650,0.046010,0.163890,0.178668,0.245731,0.257947,0.185043,0.206459,0.096136,0.045563,0.135086,0.130215,0.068972,0.165878,0.100525,0.108178,0.099980,0.127164,0.100219,0.098548,0.138402,0.118356,0.119012,0.109555,0.161835,0.134581,0.147221,0.131845,0.093946,0.106729,0.095148,0.115648,0.114956,0.134862,0.095571,0.065089,0.153878,0.125149,0.060510,0.002394,0.171161,0.106239,0.162846,0.098124,0.112223,0.270936,0.178335,0.188631,0.008626,0.051527,0.063850,0.096100,0.147331,0.089957,0.145323,0.135370,0.054693,0.045722,0.140677,0.149524,-0.060291,0.041210,0.112794,0.116422
0.904633,0.595701,1.285756,0.792314,0.672327,0.459415,0.971582,0.628954,0.639958,0.483983,0.914252,0.747059,0.895471,0.858881,0.731698,0.784906,0.617868,0.612643,1.020464,0.853848,0.307026,0.156637,0.000000,0.933255,0.672395,0.610175,0.195728,0.226813,0.883345,0.851403,0.860468,0.884187,0.828849,0.865571,0.659228,0.380475,0.260170,0.201555,0.504302,0.438517,0.421693,0.277071,0.582005,0.600235,0.334138,0.396528,0.708462,0.536231,0.436210,0.348963,0.595953,0.435337,0.495348,0.519379,0.591406,0.631472,0.541635,0.415944,0.528474,0.415825,0.513256,0.376117,0.623014,0.540367,0.628332,0.428146,0.670546,0.607936,0.715786,0.478411,0.128595,0.080422,0.232791,0.309050,0.057765,0.272199,0.489083,0.430238,0.628590,0.571898,0.684332,0.675978,0.601561,0.675493,0.901672,0.942413,0.436373,0.533235,0.778119,0.770147
0.727647,0.454154,1.068479,1.036621,0.535393,0.426944,0.853673,0.679245,0.437164,0.356794,0.615496,0.652203,0.644884,0.671802,0.588184,0.498693,0.422540,0.473001,0.709066,0.687685,0.200393,0.115178,0.933255,0.000000,0.547536,0.513798,0.252646,0.343174,0.673452,0.541961,0.682576,0.708317,0.554405,0.666192,0.467052,0.279038,0.143035,-0.022370,0.267435,0.189460,0.182461,0.159825,0.414779,0.362308,0.225156,0.247777,0.446972,0.268044,0.321439,0.186820,0.419805,0.303125,0.262959,0.327042,0.290605,0.237338,0.372390,0.275511,0.275293,0.150980,0.310018,0.304457,0.436404,0.362695,0.638315,0.456366,0.358647,0.308996,0.442740,0.245550,0.025059,-0.011588,0.117873,0.143854,-0.088224,0.095175,0.234235,0.174164,0.387269,0.357237,0.399881,0.416717,0.387065,0.519477,0.647498,0.607691,0.260461,0.518445,0.479104,0.462916
0.577519,0.542083,0.642149,0.414028,0.870342,0.716444,0.575688,0.462790,0.695343,0.684112,0.465979,0.448222,0.498257,0.535332,0.682090,0.572011,0.347459,0.451884,0.632471,0.559263,0.315061,0.121624,0.672395,0.547536,0.000000,0.967017,0.619947,0.648473,0.411564,0.393635,0.266038,0.292759,0.492154,0.487521,0.288836,0.200615,0.155330,0.089946,0.259757,0.288127,0.298242,0.149098,0.386451,0.320092,0.223931,0.336780,0.442078,0.354772,0.255662,0.249236,0.316727,0.275660,0.259338,0.250467,0.391247,0.337679,0.314747,0.365299,0.304939,0.291260,0.322439,0.290348,0.443202,0.463508,0.289746,0.149971,0.369309,0.396347,0.403311,0.359667,0.065504,0.018071,0.196868,0.007091,0.002724,0.037014,0.199142,0.142258,0.406650,0.370188,0.378538,0.451073,0.266926,0.582822,0.367839,0.473252,0.039097,0.313036,0.289126,0.425683
0.541554,0.519692,0.610911,0.443304,0.672275,1.006719,0.658011,0.596533,0.776514,0.996199,0.457543,0.593275,0.489292,0.673607,0.682909,0.791581,0.348385,0.406164,0.629746,0.613255,0.265633,0.114956,0.610175,0.513798,0.967017,0.000000,0.525557,0.540303,0.438489,0.463686,0.279565,0.342150,0.470682,0.489639,0.301369,0.203873,0.172585,0.103480,0.284700,0.276995,0.281152,0.118005,0.415754,0.444184,0.229187,0.359169,0.509597,0.445623,0.284981,0.278783,0.319527,0.331103,0.304646,0.293586,0.425257,0.369864,0.281040,0.289314,0.339150,0.256242,0.292456,0.357747,0.437074,0.477719,0.306104,0.247134,0.360355,0.442134,0.312943,0.296366,0.068526,-0.000133,0.139056,0.056055,0.071866,0.041618,0.308250,0.243260,0.358617,0.335345,0.384001,0.426952,0.388465,0.514597,0.346383,0.450463,0.107217,0.256897,0.277864,0.456955
0.300129,0.351213,0.244011,0.169036,0.288996,0.367074,0.255055,0.172322,0.268318,0.296130,0.209860,0.142604,0.210722,0.200976,0.406674,0.198653,0.080992,0.168690,0.267233,0.196891,0.221701,0.155650,0.195728,0.252646,0.619947,0.525557,0.000000,0.691181,0.146047,0.083755,0.085115,0.106543,0.176695,0.193363,0.071070,0.094457,0.052335,0.065491,0.017518,0.097146,0.188430,0.076457,0.077893,0.059695,0.060424,0.177578,0.148010,0.088769,0.166013,0.165828,0.142506,0.136905,0.075616,-0.021608,0.139389,0.072134,0.133103,0.223344,0.135252,0.155411,0.111054,0.096715,0.169027,0.216457,0.067615,-0.043800,0.141169,0.096277,0.165304,0.097315,0.163403,0.164757,0.172200,0.011721,0.043141,-0.062943,0.001074,-0.078635,0.126598,0.073683,0.071821,0.123505,-0.037936,0.122381,0.089776,0.134250,-0.234228,0.032533,0.018135,0.031080
0.308324,0.383071,0.290747,0.212492,0.342204,0.415117,0.271135,0.206513,0.312196,0.327744,0.186315,0.174523,0.204104,0.237919,0.399818,0.200724,0.147029,0.242141,0.267396,0.188750,0.207903,0.046010,0.226813,0.343174,0.648473,0.540303,0.691181,0.000000,0.136286,0.093308,0.096743,0.093788,0.235693,0.256980,0.081341,0.145096,0.050247,-0.001118,-0.029757,0.033417,0.179979,0.039397,0.100515,0.044042,-0.006502,0.130019,0.146316,0.054210,0.109651,0.087578,0.124973,0.106146,0.071269,-0.015419,0.119498,0.017628,0.178739,0.249908,0.113643,0.127412,0.148258,0.122382,0.223583,0.297215,0.091305,-0.020328,0.126024,0.074114,0.158887,0.086928,0.034090,0.050501,0.180121,-0.083458,0.021452,-0.133465,-0.010581,-0.059572,0.144375,0.101728,0.092481,0.165000,-0.020693,0.137192,0.104825,0.140717,-0.237873,0.059709,0.009392,0.048626
1.006896,0.700510,0.911199,0.783786,0.519093,0.373164,0.967371,0.711355,0.488708,0.338849,1.074444,0.948552,0.984098,1.024152,0.625606,0.697343,0.960565,0.763943,0.951847,1.022709,0.279856,0.163890,0.883345,0.673452,0.411564,0.438489,0.146047,0.136286,0.000000,1.267871,0.854363,0.946413,0.973851,1.036040,0.494110,0.362903,0.341524,0.267208,0.559690,0.518432,0.397353,0.287477,0.654055,0.696792,0.368769,0.444498,0.788595,0.596064,0.394553,0.301936,0.467323,0.330986,0.395666,0.444480,0.631734,0.593839,0.749936,0.546536,0.638704,0.471041,0.657716,0.548018,0.811254,0.681232,0.630594,0.468506,0.724387,0.643079,0.821914,0.595889,0.064534,0.048219,0.371217,0.515187,0.120564,0.287774,0.504053,0.464751,0.868324,0.731674,1.013598,0.956110,0.738732,0.669790,1.044332,1.018832,0.522287,0.549045,0.774670,0.698865
0.868409,0.711251,0.801217,0.748252,0.529895,0.429941,0.899314,0.782015,0.562016,0.402106,0.950908,0.974463,0.916646,1.126662,0.618925,0.801264,0.954409,0.887145,0.855815,1.061999,0.300481,0.178668,0.851403,0.541961,0.393635,0.463686,0.083755,0.093308,1.267871,0.000000,0.816407,0.926952,1.107270,1.164300,0.507855,0.383921,0.333657,0.260815,0.624736,0.594056,0.442418,0.351223,0.701516,0.827612,0.423916,0.532536,0.917581,0.748153,0.454941,0.382388,0.539748,0.417822,0.496751,0.543699,0.736588,0.723148,0.749917,0.548627,0.699800,0.545077,0.662321,0.641995,0.862909,0.780433,0.562789,0.469395,0.785915,0.770975,0.838374,0.644490,0.076582,0.027542,0.367089,0.542780,0.136314,0.318460,0.602124,0.564413,0.957286,0.845991,1.181394,1.122490,0.725670,0.739117,0.895279,1.037590,0.522495,0.566414,0.712281,0.765247
0.687033,0.431870,0.792302,0.771332,0.327935,0.133653,0.695234,0.525230,0.262769,0.085593,0.759077,0.595247,0.730232,0.610960,0.485113,0.470976,0.575495,0.437339,0.662393,0.726296,0.275497,0.245731,0.860468,0.682576,0.266038,0.279565,0.085115,0.096743,0.854363,0.816407,0.000000,1.392425,0.738437,0.823703,0.544476,0.364486,0.298683,0.179166,0.520909,0.535561,0.407328,0.278442,0.635679,0.577352,0.436879,0.351701,0.640981,0.525676,0.383573,0.296037,0.492225,0.337201,0.387089,0.466993,0.385988,0.411492,0.509843,0.366514,0.477868,0.381560,0.445313,0.327334,0.432183,0.409122,0.494408,0.409909,0.621299,0.559463,0.618646,0.434353,0.223305,0.173001,0.273787,0.452683,0.124543,0.301560,0.423723,0.414462,0.593260,0.592909,0.665402,0.638690,0.569594,0.466888,0.788852,0.773186,0.328696,0.337457,0.538855,0.522491
0.754543,0.522526,0.839535,0.797038,0.391582,0.176063,0.753031,0.588601,0.300107,0.170391,0.827961,0.739664,0.771207,0.781218,0.543761,0.581648,0.599838,0.484152,0.780128,0.809923,0.296734,0.257947,0.884187,0.708317,0.292759,0.342150,0.106543,0.093788,0.946413,0.926952,1.392425,0.000000,0.796900,0.919784,0.569946,0.379266,0.284119,0.179716,0.502090,0.504878,0.417423,0.306756,0.613005,0.649701,0.381321,0.358677,0.715133,0.539083,0.395607,0.299844,0.480218,0.360317,0.381779,0.475020,0.441117,0.458022,0.539549,0.364870,0.491292,0.337635,0.427062,0.358715,0.489463,0.443685,0.523911,0.455828,0.614885,0.574023,0.597841,0.423896,0.198822,0.181027,0.283832,0.479359,0.122729,0.275119,0.444830,0.424314,0.628791,0.544192,0.690024,0.633898,0.571557,0.457574,0.800354,0.811563,0.368562,0.350638,0.550822,0.582313
0.979547,0.939360,0.804729,0.618721,0.451933,0.344742,0.789865,0.565931,0.490577,0.338553,0.955089,0.718106,0.833151,0.921970,0.646510,0.622783,1.120545,1.089700,0.761146,0.892694,0.356998,0.185043,0.828849,0.554405,0.492154,0.470682,0.176695,0.235693,0.973851,1.107270,0.738437,0.796900,0.000000,1.326302,0.453764,0.356211,0.293392,0.255545,0.547874,0.560982,0.501414,0.341396,0.665534,0.656886,0.443419,0.611733,0.843378,0.547508,0.511800,0.427141,0.581967,0.422423,0.506425,0.391704,0.726395,0.667132,1.116429,0.910305,0.908636,0.791969,0.923399,0.661764,0.943405,0.904957,0.440928,0.266753,1.044896,0.795100,1.136423,0.805040,0.072380,-0.015422,0.349082,0.388543,0.052038,0.243328,0.369902,0.338537,1.026224,0.946923,1.184854,1.213602,0.647287,0.759106,0.918768,1.014787,0.430459,0.543366,0.663280,0.636150
0.976068,0.869331,0.962487,0.851504,0.560582,0.422558,0.970871,0.793050,0.558186,0.404367,0.922879,0.816117,0.855414,0.998171,0.685580,0.682855,0.919198,0.941389,0.836263,0.961998,0.355844,0.206459,0.865571,0.666192,0.487521,0.489639,0.193363,0.256980,1.036040,1.164300,0.823703,0.919784,1.326302,0.000000,0.483536,0.395894,0.265325,0.190433,0.494334,0.516386,0.424959,0.307733,0.674540,0.720678,0.443918,0.595450,0.889062,0.600358,0.543109,0.444470,0.622549,0.487447,0.554689,0.495144,0.676779,0.614718,0.798640,0.644111,0.756957,0.608830,0.687320,0.615791,0.855019,0.791510,0.563255,0.406216,0.848378,0.726393,0.896632,0.590738,0.105341,0.039317,0.375010,0.444996,0.074235,0.260752,0.467265,0.405735,0.853007,0.775592,0.991466,1.040282,0.567841,0.676755,0.832564,0.958852,0.348182,0.498253,0.632723,0.672363
0.494666,0.288257,0.511157,0.452507,0.356369,0.253895,0.439549,0.390946,0.308866,0.243052,0.553080,0.512682,0.574916,0.493897,0.409476,0.462365,0.350151,0.300610,0.525518,0.523501,0.259995,0.096136,0.659228,0.467052,0.288836,0.301369,0.071070,0.081341,0.494110,0.507855,0.544476,0.569946,0.453764,0.483536,0.000000,0.383146,0.249605,0.262711,0.316045,0.346830,0.276875,0.151570,0.413977,0.513005,0.247449,0.236862,0.468066,0.415580,0.224839,0.200972,0.342487,0.229030,0.291379,0.351340,0.408493,0.424075,0.382453,0.293428,0.405832,0.338110,0.394962,0.381095,0.334096,0.286295,0.573859,0.541907,0.526958,0.517207,0.470820,0.359590,0.067112,0.031383,0.121238,0.170568,0.105396,0.120131,0.394061,0.364830,0.332472,0.346004,0.409452,0.410734,0.347203,0.343469,0.650752,0.642291,0.297553,0.358264,0.549827,0.498965
0.388118,0.253284,0.322901,0.301324,0.152393,0.155408,0.328014,0.277502,0.189239,0.144746,0.360947,0.296827,0.370599,0.360645,0.309429,0.330330,0.297430,0.289509,0.300525,0.297699,0.087822,0.045563,0.380475,0.279038,0.200615,0.203873,0.094457,0.145096,0.362903,0.383921,0.364486,0.379266,0.356211,0.395894,0.383146,0.000000,0.235677,0.247366,0.243285,0.320949,0.234778,0.152231,0.281527,0.309616,0.216724,0.236701,0.315597,0.315737,0.201473,0.167542,0.276507,0.164354,0.250718,0.210942,0.348961,0.320841,0.324952,0.267129,0.358043,0.317048,0.358097,0.314932,0.325570,0.309792,0.355677,0.317524,0.403258,0.390113,0.372525,0.294059,-0.025731,-0.017953,0.153740,0.151100,0.067778,0.080452,0.237743,0.229787,0.311521,0.280368,0.383482,0.370243,0.237956,0.264134,0.454639,0.475330,0.183256,0.272864,0.411588,0.365544
0.358095,0.256620,0.199037,0.152120,0.091963,0.091738,0.233680,0.169879,0.120840,0.102654,0.356154,0.248085,0.286723,0.235513,0.209584,0.268782,0.314970,0.219620,0.255764,0.266792,0.118761,0.135086,0.260170,0.143035,0.155330,0.172585,0.052335,0.050247,0.341524,0.333657,0.298683,0.284119,0.293392,0.265325,0.249605,0.235677,0.000000,0.449840,0.404059,0.498661,0.405463,0.215050,0.293669,0.303138,0.264170,0.276498,0.307420,0.319369,0.159088,0.155118,0.203202,0.133687,0.177080,0.138042,0.383718,0.331509,0.292728,0.238809,0.357501,0.327888,0.367813,0.315013,0.303099,0.335563,0.242517,0.193685,0.370314,0.351380,0.318440,0.274916,0.093841,0.165190,0.159601,0.217572,0.198280,0.277227,0.307096,0.281705,0.314232,0.311582,0.415364,0.380474,0.333653,0.292530,0.427579,0.453820,0.250401,0.233244,0.406245,0.321413
0.255811,0.219513,0.114714,0.039575,0.073826,0.094413,0.152993,0.105056,0.104686,0.077242,0.247979,0.151613,0.232755,0.175210,0.122578,0.214135,0.265812,0.220836,0.193390,0.193078,0.126194,0.130215,0.201555,-0.022370,0.089946,0.103480,0.065491,-0.001118,0.267208,0.260815,0.179166,0.179716,0.255545,0.190433,0.262711,0.247366,0.449840,0.000000,0.276266,0.477161,0.295545,0.218769,0.240081,0.359050,0.203155,0.246993,0.284916,0.362765,0.138910,0.184487,0.200665,0.138487,0.233839,0.166793,0.444155,0.462988,0.307923,0.275593,0.366145,0.392504,0.353735,0.294082,0.240076,0.268686,0.211284,0.166452,0.379530,0.366697,0.335744,0.296718,0.128215,0.248473,0.235593,0.230049,0.142157,0.238916,0.356848,0.359007,0.222840,0.266132,0.381518,0.363041,0.167676,0.246606,0.362832,0.441432,0.171168,0.237453,0.395927,0.364026
0.442073,0.311828,0.386830,0.290310,0.244853,0.209744,0.413343,0.334563,0.337981,0.239572,0.512727,0.411576,0.461286,0.461354,0.340085,0.521421,0.482070,0.349761,0.440316,0.479712,0.174390,0.068972,0.504302,0.267435,0.259757,0.284700,0.017518,-0.029757,0.559690,0.624736,0.520909,0.502090,0.547874,0.494334,0.316045,0.243285,0.404059,0.276266,0.000000,0.855008,0.519606,0.246912,0.764176,0.541663,0.666148,0.550340,0.617190,0.596781,0.334647,0.302112,0.415502,0.349817,0.358473,0.313491,0.515085,0.500461,0.430559,0.275290,0.471808,0.386274,0.425546,0.410964,0.356784,0.447185,0.364979,0.311159,0.501456,0.522653,0.403897,0.320999,0.049796,0.007686,0.074378,0.383667,0.141687,0.375123,0.406282,0.335491,0.717371,0.670555,0.755368,0.674015,0.838191,0.678991,0.594777,0.694944,0.616520,0.378183,0.511369,0.422405
0.519347,0.433805,0.322478,0.225448,0.168417,0.156231,0.375723,0.276974,0.250187,0.191587,0.581929,0.387515,0.503674,0.433817,0.373068,0.484833,0.507103,0.419170,0.436714,0.458587,0.289390,0.165878,0.438517,0.189460,0.288127,0.276995,0.097146,0.033417,0.518432,0.594056,0.535561,0.504878,0.560982,0.516386,0.346830,0.320949,0.498661,0.477161,0.855008,0.000000,0.558731,0.371405,0.626533,0.510828,0.536207,0.468677,0.536633,0.571463,0.294752,0.306651,0.381059,0.284434,0.310470,0.274688,0.560077,0.561127,0.552443,0.448455,0.565402,0.563650,0.545165,0.504721,0.454897,0.548039,0.355838,0.264351,0.616676,0.620557,0.514602,0.484375,0.117984,0.140673,0.239091,0.344445,0.164733,0.315959,0.366084,0.349093,0.710785,0.642651,0.782414,0.736970,0.592243,0.589396,0.619672,0.753017,0.388208,0.398538,0.525718,0.485105
0.468737,0.469333,0.268826,0.170013,0.171114,0.119323,0.325203,0.207893,0.194451,0.156743,0.496384,0.310338,0.436573,0.393867,0.385848,0.413067,0.438235,0.368091,0.370442,0.350544,0.174333,0.100525,0.421693,0.182461,0.298242,0.281152,0.188430,0.179979,0.397353,0.442418,0.407328,0.417423,0.501414,0.424959,0.276875,0.234778,0.405463,0.295545,0.519606,0.558731,0.000000,0.309445,0.397622,0.351916,0.322610,0.366155,0.454927,0.363290,0.285908,0.281280,0.339191,0.256475,0.299092,0.158006,0.445113,0.422750,0.501491,0.453332,0.535501,0.515505,0.493084,0.358569,0.406034,0.494736,0.192999,0.115844,0.538739,0.422150,0.469864,0.358896,0.083211,0.106959,0.260026,0.298973,0.239739,0.263170,0.294281,0.244144,0.473544,0.459186,0.540065,0.526684,0.452066,0.374564,0.501047,0.577638,0.263192,0.247534,0.421845,0.293103
0.333338,0.347863,0.199578,0.162267,0.103017,0.032088,0.224345,0.161094,0.102138,0.030226,0.318804,0.246649,0.287901,0.286096,0.200252,0.221117,0.311975,0.256728,0.219711,0.213943,0.114316,0.108178,0.277071,0.159825,0.149098,0.118005,0.076457,0.039397,0.287477,0.351223,0.278442,0.306756,0.341396,0.307733,0.151570,0.152231,0.215050,0.218769,0.246912,0.371405,0.309445,0.000000,0.245238,0.281265,0.200618,0.261883,0.322840,0.252218,0.237143,0.203700,0.256220,0.220577,0.222071,0.162689,0.369183,0.298778,0.311894,0.260736,0.308470,0.282888,0.268423,0.204005,0.260607,0.266024,0.162531,0.083945,0.294369,0.212480,0.274607,0.203972,0.006552,0.081491,0.173675,0.220832,0.148209,0.185128,0.204482,0.162921,0.267978,0.274804,0.311554,0.314852,0.181773,0.202415,0.323145,0.381462,0.113473,0.204489,0.254521,0.214731
0.591703,0.413047,0.616185,0.625658,0.523164,0.417823,0.648370,0.651099,0.530525,0.355881,0.562555,0.614106,0.618695,0.638462,0.437003,0.559440,0.527881,0.457562,0.626288,0.801989,0.242844,0.099980,0.582005,0.414779,0.386451,0.415754,0.077893,0.100515,0.654055,0.701516,0.635679,0.613005,0.665534,0.674540,0.413977,0.281527,0.293669,0.240081,0.764176,0.626533,0.397622,0.245238,0.000000,1.088389,1.206978,0.991834,1.154616,1.067322,0.746427,0.676360,0.769757,0.651221,0.619912,0.616885,0.680854,0.696707,0.454328,0.353080,0.690707,0.527372,0.461276,0.534194,0.486514,0.500848,0.463550,0.494309,0.732552,0.896246,0.543698,0.495274,0.089616,-0.013402,0.140137,0.280045,0.123134,0.295676,0.469994,0.469668,0.642465,0.690179,0.743814,0.757250,0.561126,0.723325,0.618394,0.787376,0.320351,0.338422,0.515664,0.673031
0.620825,0.465992,0.624685,0.616946,0.567386,0.484389,0.714347,0.719954,0.559334,0.427743,0.591008,0.769692,0.693533,0.800425,0.477613,0.691891,0.507694,0.432013,0.648071,0.823744,0.244693,0.127164,0.600235,0.362308,0.320092,0.444184,0.059695,0.044042,0.696792,0.827612,0.577352,0.649701,0.656886,0.720678,0.513005,0.309616,0.303138,0.359050,0.541663,0.510828,0.351916,0.281265,1.088389,0.000000,0.699934,0.830936,1.410084,1.358931,0.805009,0.773832,0.867288,0.802880,0.795084,0.810891,0.878021,0.937588,0.419238,0.294533,0.709153,0.498965,0.420028,0.505365,0.556084,0.483027,0.473111,0.502731,0.728139,0.825262,0.552275,0.412119,0.117591,0.041901,0.218874,0.405070,0.230119,0.398922,0.652932,0.657673,0.515356,0.496846,0.679107,0.633919,0.452371,0.510512,0.607068,0.768019,0.350179,0.366036,0.570439,0.746412
0.343075,0.266560,0.361722,0.350141,0.270206,0.167889,0.347286,0.350553,0.339017,0.164249,0.316747,0.260274,0.300113,0.301472,0.225369,0.302188,0.368444,0.312983,0.311770,0.447935,0.140599,0.100219,0.334138,0.225156,0.223931,0.229187,0.060424,-0.006502,0.368769,0.423916,0.436879,0.381321,0.443419,0.443918,0.247449,0.216724,0.264170,0.203155,0.666148,0.536207,0.322610,0.200618,1.206978,0.699934,0.000000,1.180719,0.798645,0.771539,0.770954,0.752470,0.649293,0.572379,0.496558,0.359409,0.530737,0.572682,0.302845,0.259537,0.597790,0.527944,0.320722,0.349453,0.276673,0.289723,0.266373,0.279864,0.627708,0.736325,0.380714,0.333522,0.060734,0.041802,0.096873,0.204923,0.095293,0.246733,0.289195,0.287300,0.456819,0.550954,0.525654,0.566292,0.413754,0.556164,0.393191,0.555375,0.213675,0.193055,0.357867,0.410473
0.521063,0.583819,0.449278,0.355499,0.307680,0.257761,0.457063,0.385832,0.417390,0.282656,0.423519,0.379431,0.397384,0.467712,0.342462,0.393049,0.488254,0.519117,0.397771,0.478806,0.227003,0.098548,0.396528,0.247777,0.336780,0.359169,0.177578,0.130019,0.444498,0.532536,0.351701,0.358677,0.611733,0.595450,0.236862,0.236701,0.276498,0.246993,0.550340,0.468677,0.366155,0.261883,0.991834,0.830936,1.180719,0.000000,1.020701,0.825655,1.072416,1.086929,0.852429,0.832189,0.658485,0.347356,0.836365,0.811253,0.444650,0.432206,0.817219,0.721950,0.431694,0.433334,0.467875,0.458492,0.234965,0.152447,0.735098,0.727196,0.514720,0.357356,0.039392,0.061209,0.195423,0.237924,0.104524,0.271180,0.321953,0.265364,0.477711,0.526830,0.571466,0.634801,0.354506,0.572117,0.425961,0.624511,0.196882,0.281425,0.405134,0.449043
0.806791,0.681521,0.742387,0.654256,0.561189,0.437554,0.782198,0.697149,0.564099,0.417336,0.715528,0.787797,0.755905,0.859947,0.531262,0.659375,0.670520,0.593209,0.707568,0.832831,0.277370,0.138402,0.708462,0.446972,0.442078,0.509597,0.148010,0.146316,0.788595,0.917581,0.640981,0.715133,0.843378,0.889062,0.468066,0.315597,0.307420,0.284916,0.617190,0.536633,0.454927,0.322840,1.154616,1.410084,0.798645,1.020701,0.000000,1.231572,1.015336,0.883342,1.025493,0.907628,0.885368,0.685782,1.026075,0.990162,0.585598,0.460981,0.904060,0.650870,0.557932,0.557275,0.693393,0.613676,0.432842,0.394485,0.890230,0.844229,0.722868,0.473504,0.064572,0.019654,0.280474,0.401965,0.150814,0.345849,0.524518,0.487700,0.656797,0.658300,0.796528,0.793353,0.506619,0.597798,0.685977,0.883759,0.322498,0.355414,0.609598,0.713433
0.501756,0.334669,0.532430,0.546258,0.565127,0.500645,0.609377,0.656430,0.595766,0.411412,0.483943,0.625423,0.604012,0.645113,0.407111,0.627043,0.409984,0.359796,0.576213,0.745272,0.242941,0.118356,0.536231,0.268044,0.354772,0.445623,0.088769,0.054210,0.596064,0.748153,0.525676,0.539083,0.547508,0.600358,0.415580,0.315737,0.319369,0.362765,0.596781,0.571463,0.363290,0.252218,1.067322,1.358931,0.771539,0.825655,1.231572,0.000000,0.755645,0.772810,0.868394,0.827568,0.846919,0.924180,0.849838,0.964636,0.298115,0.226919,0.636096,0.500059,0.364602,0.491585,0.492925,0.475321,0.413611,0.473101,0.642490,0.861244,0.456235,0.432769,0.226024,0.125491,0.243622,0.390260,0.237086,0.381794,0.667311,0.661333,0.522760,0.491508,0.668297,0.623051,0.439003,0.536641,0.500726,0.686973,0.271921,0.299706,0.521733,0.799904
0.621874,0.601721,0.538341,0.456741,0.290493,0.186405,0.495781,0.404059,0.325842,0.190860,0.451671,0.457578,0.436147,0.484633,0.315131,0.333353,0.416180,0.402692,0.432109,0.445140,0.221217,0.119012,0.436210,0.321439,0.255662,0.284981,0.166013,0.109651,0.394553,0.454941,0.383573,0.395607,0.511800,0.543109,0.224839,0.201473,0.159088,0.138910,0.334647,0.294752,0.285908,0.237143,0.746427,0.805009,0.770954,1.072416,1.015336,0.755645,0.000000,1.572613,1.373325,1.345217,0.965552,0.498837,0.856997,0.830938,0.356183,0.332942,0.820111,0.612133,0.358078,0.345803,0.475493,0.371828,0.232488,0.151298,0.675545,0.557739,0.477592,0.228236,0.095845,0.098060,0.222724,0.286770,0.122578,0.272518,0.280594,0.229173,0.310288,0.343580,0.387698,0.410304,0.221090,0.303499,0.368230,0.501138,0.105080,0.143543,0.427233,0.466793
