0.000000,1.238002,0.639953,0.626944,-0.067458,-0.217828,0.770321,0.646958,-0.300478,-0.292428,0.575281,0.559813,0.496147,0.422320,-0.044435,0.091577,0.479604,0.518825,0.762985,0.744773,0.243269,0.313882,0.566750,0.516860,0.193694,0.395230,-0.083201,0.041698,0.486717,0.586681,0.540824,0.477169,0.738294,0.695131,0.343612,0.172915,0.233343,0.486935,0.289303,0.504709,0.264664,0.411888,0.772093,0.653949,0.726082,0.813692,0.891240,0.914250,0.605030,0.568426,0.633803,0.670682,0.778868,0.665376,0.467215,0.862224,1.115322,0.941458,0.882889,0.641372,0.816768,0.667333,0.510038,0.627684,0.580049,0.710036,0.916313,0.763157,0.674086,0.474556,0.298846,0.171555,0.276536,0.258828,0.187071,-0.025603,0.200593,0.240297,0.460126,0.519984,0.546333,0.598885,0.055941,-0.004523,0.696525,0.854364,-0.063534,0.094409,0.238448,0.466149
1.238002,0.000000,0.531700,0.647590,-0.004029,-0.186589,0.713194,0.628676,-0.259191,-0.278808,0.512655,0.593323,0.463999,0.517931,0.042365,0.204485,0.457037,0.612335,0.839299,0.943630,0.264328,0.366690,0.510792,0.530640,0.212224,0.448557,-0.004871,0.162070,0.508270,0.673216,0.595438,0.566219,0.752277,0.720008,0.351012,0.196972,0.291800,0.494031,0.274096,0.474598,0.286555,0.443179,0.807498,0.740331,0.816330,0.925412,0.830177,0.919773,0.665040,0.674715,0.706617,0.762085,0.828592,0.818837,0.437671,0.937795,1.006292,1.235371,0.909775,0.710131,0.738126,0.734395,0.540522,0.771818,0.462005,0.542230,1.056898,0.890795,0.711419,0.591369,0.340151,0.230445,0.273124,0.334564,0.210790,0.006689,0.258807,0.316783,0.425137,0.500198,0.589976,0.643155,0.089153,0.067447,0.635732,0.892721,-0.033582,0.110701,0.309055,0.605349
0.639953,0.531700,0.000000,1.303175,-0.302763,-0.473325,1.458539,1.296346,-0.388212,-0.465608,0.482607,0.385474,0.544757,0.509197,-0.271920,-0.247445,0.128651,0.098009,0.569435,0.483846,-0.045684,0.044305,1.260706,0.750171,0.004660,0.053914,-0.587423,-0.445336,0.312368,0.263245,0.089157,0.113327,0.217617,0.117351,0.292848,0.016399,0.279320,0.225884,0.173230,0.299828,0.195478,0.195143,0.234559,0.020946,0.143892,0.263553,0.502074,0.464309,0.326327,0.291714,0.391948,0.491633,0.665395,0.412542,0.355392,0.466376,0.349184,0.336055,0.606482,0.680163,0.583571,0.529592,0.300746,0.421443,0.670947,0.698472,0.423018,0.340629,0.559148,0.159286,-0.038080,0.060588,0.134438,0.006695,-0.053610,-0.197520,-0.119018,-0.173436,0.064381,0.141750,0.102546,0.117275,-0.138358,-0.260952,0.494724,0.412576,0.170459,0.059550,0.115686,0.303429
0.626944,0.647590,1.303175,0.000000,-0.258740,-0.327397,1.270603,1.491677,-0.253502,-0.306483,0.422176,0.426479,0.562302,0.622749,-0.122030,-0.034136,0.189193,0.208946,0.685283,0.720066,-0.034631,0.056453,1.247683,1.050066,-0.014418,0.162289,-0.435315,-0.349984,0.339507,0.292491,0.180417,0.303082,0.270213,0.252239,0.306169,0.047556,0.356878,0.279862,0.213435,0.341621,0.245530,0.195685,0.280335,0.109180,0.225568,0.320250,0.463529,0.526993,0.441276,0.385273,0.522487,0.566028,0.794093,0.564126,0.470005,0.528027,0.444548,0.508091,0.574285,0.725957,0.522328,0.636694,0.383189,0.510455,0.550284,0.604045,0.513519,0.496570,0.601454,0.363915,-0.001271,0.114228,0.146277,0.062731,0.011291,-0.193751,0.055258,-0.005418,0.130237,0.203772,0.243747,0.193397,0.019572,-0.104426,0.561966,0.519184,0.219610,0.126914,0.306613,0.513816
-0.067458,-0.004029,-0.302763,-0.258740,0.000000,0.813837,-0.165989,-0.223445,0.780707,0.678783,-0.043402,-0.071654,-0.231944,-0.210536,0.379848,0.238070,-0.100696,0.008462,-0.093802,-0.095567,0.255297,0.347293,-0.131744,-0.083650,0.702187,0.519496,0.909590,0.865796,-0.209056,-0.055907,0.327602,0.137872,0.160466,0.070949,0.097261,0.221740,-0.057903,0.071459,-0.051204,0.008801,-0.096877,0.038050,-0.011915,0.257727,0.236265,0.156289,-0.021494,0.013841,-0.052382,0.102082,-0.045897,-0.027314,0.026307,0.049810,0.057557,0.032662,0.050966,0.082675,-0.153835,-0.239648,0.009356,-0.142206,-0.028497,-0.184348,-0.055663,-0.209026,0.134549,0.225866,-0.128426,0.145243,0.337278,0.194738,0.039256,0.109661,0.167517,0.246194,0.178692,0.170143,0.099649,-0.023639,0.021869,0.005120,0.173137,0.113813,-0.021266,0.082315,-0.227047,0.039861,0.279285,0.206348
-0.217828,-0.186589,-0.473325,-0.327397,0.813837,0.000000,-0.369757,-0.286564,1.106562,1.232565,-0.121280,-0.015924,-0.149614,-0.152797,0.644148,0.471708,-0.030575,0.031034,-0.149902,-0.180646,0.069567,0.215998,-0.158923,-0.077730,0.420213,0.451109,0.976316,0.585402,-0.198781,-0.112977,0.202608,0.193661,-0.011157,0.012832,0.115549,0.219421,-0.020312,-0.008805,0.068415,0.031379,-0.137130,-0.053976,-0.063520,0.167125,0.147579,0.010702,-0.155355,-0.113129,-0.011431,0.068143,0.051567,-0.044221,-0.070896,-0.007319,0.121833,0.037653,-0.013991,0.009155,-0.257029,-0.344904,-0.159414,-0.228853,-0.033510,-0.213971,-0.186423,-0.268110,-0.013344,0.120986,-0.222330,0.109434,0.149562,0.059693,-0.018118,0.090628,0.271551,0.289125,0.196342,0.138226,0.023760,-0.013963,0.049940,-0.015051,0.356991,0.304692,0.023144,0.019589,0.001596,0.159610,0.429435,0.281429
0.770321,0.713194,1.458539,1.270603,-0.165989,-0.369757,0.000000,1.305201,-0.289437,-0.370867,0.594224,0.451803,0.646730,0.604462,-0.119512,-0.062499,0.219351,0.194139,0.738747,0.697930,0.003457,0.096580,1.144721,0.868583,0.062516,0.217848,-0.410476,-0.253184,0.436024,0.351513,0.261590,0.268466,0.384394,0.284940,0.360558,0.066905,0.345281,0.317732,0.204677,0.348201,0.240253,0.261490,0.337082,0.169954,0.283120,0.373814,0.532929,0.519456,0.383745,0.370711,0.499695,0.596480,0.789112,0.565304,0.458609,0.584590,0.470978,0.504360,0.660112,0.717591,0.661933,0.630453,0.376024,0.525036,0.701209,0.690471,0.580527,0.502477,0.596747,0.287924,0.119654,0.096331,0.199201,0.091100,0.081678,-0.115240,0.039449,-0.003320,0.189361,0.227094,0.259628,0.254910,-0.047068,-0.136628,0.591032,0.587037,0.134688,0.105179,0.241600,0.428902
0.646958,0.628676,1.296346,1.491677,-0.223445,-0.286564,1.305201,0.000000,-0.224428,-0.251885,0.464124,0.525315,0.622032,0.756563,-0.077049,0.017821,0.198145,0.211047,0.622314,0.618167,-0.030481,0.096827,1.101891,0.956933,0.010035,0.148764,-0.425963,-0.344131,0.322347,0.359806,0.223582,0.317256,0.267889,0.287240,0.323133,0.120331,0.345896,0.253803,0.278671,0.402367,0.269956,0.258443,0.275669,0.074075,0.214762,0.308173,0.480482,0.461120,0.396024,0.374619,0.533950,0.574617,0.717281,0.461254,0.451376,0.533588,0.447309,0.471409,0.558612,0.696446,0.567929,0.665600,0.418735,0.543344,0.606363,0.703344,0.471595,0.499310,0.521481,0.234317,0.008745,0.088699,0.211829,0.099534,0.110472,-0.142906,0.047909,-0.045874,0.142789,0.208698,0.293190,0.252435,0.039836,-0.089418,0.586819,0.570393,0.216933,0.137836,0.259026,0.490446
-0.300478,-0.259191,-0.388212,-0.253502,0.780707,1.106562,-0.289437,-0.224428,0.000000,1.392870,-0.064678,-0.077111,-0.008544,-0.056610,0.770007,0.492656,-0.066764,-0.074687,-0.177009,-0.182164,-0.069648,0.064926,-0.102601,-0.049024,0.171771,0.248045,0.594774,0.288695,-0.161805,-0.219827,0.065233,0.107692,-0.025653,0.038007,0.134905,0.229719,-0.009462,-0.109570,0.085679,0.046355,-0.087253,-0.192388,-0.085687,0.089688,0.074659,-0.049736,-0.248589,-0.150590,0.067226,0.104648,0.082057,-0.000046,-0.103073,-0.060977,0.130101,-0.052728,-0.105147,-0.048099,-0.307094,-0.298474,-0.159926,-0.096073,0.061772,-0.180152,-0.118415,-0.217155,-0.073344,0.091646,-0.288489,0.049963,0.008797,-0.061482,-0.020925,-0.020349,0.219165,0.268282,0.206645,0.092414,0.006621,-0.082344,0.047670,-0.123196,0.401649,0.318728,0.025249,-0.054577,0.151939,0.236306,0.531535,0.284568
-0.292428,-0.278808,-0.465608,-0.306483,0.678783,1.232565,-0.370867,-0.251885,1.392870,0.000000,-0.106775,-0.049677,-0.076132,-0.103088,0.745427,0.538212,-0.040142,-0.000328,-0.202205,-0.201610,-0.047798,0.071105,-0.229389,-0.083720,0.193515,0.213162,0.631739,0.301429,-0.195348,-0.195163,0.047386,0.078250,-0.033942,0.062684,0.093801,0.228801,0.008826,-0.082021,0.110966,0.043932,-0.114349,-0.103682,-0.046321,0.099393,0.075095,-0.050337,-0.159052,-0.139949,0.031559,0.067369,0.071797,-0.059627,-0.136547,-0.085369,0.143025,-0.039036,-0.105248,-0.065643,-0.316070,-0.369155,-0.177019,-0.148001,0.030248,-0.191279,-0.176349,-0.231843,-0.110453,0.072330,-0.324465,0.059710,0.055450,0.000768,0.006369,0.057316,0.253849,0.295834,0.235982,0.158386,0.026469,-0.047653,0.085868,-0.056491,0.433165,0.327085,0.015400,-0.043568,0.111611,0.266067,0.466949,0.266914
0.575281,0.512655,0.482607,0.422176,-0.043402,-0.121280,0.594224,0.464124,-0.064678,-0.106775,0.000000,0.694674,0.773964,0.646707,0.326219,0.295661,0.384791,0.400044,0.476591,0.312183,0.043649,0.034371,0.448143,0.502072,0.061575,0.167743,-0.191138,-0.144463,0.587023,0.481268,0.251192,0.217514,0.369113,0.293531,0.273331,0.067593,0.433837,0.282745,0.360080,0.441982,0.337425,0.250277,0.320189,0.226108,0.304162,0.265548,0.389331,0.273933,0.390781,0.376266,0.520321,0.588483,0.432183,0.308255,0.503260,0.533013,0.376783,0.393958,0.520631,0.388277,0.587625,0.479470,0.378798,0.451801,0.624590,0.650401,0.354866,0.296348,0.212001,0.072596,0.071616,-0.064410,0.390623,0.175797,0.258581,0.095697,0.014540,0.034695,0.203154,0.254334,0.322054,0.363959,0.326924,0.271914,0.593417,0.527690,0.327205,0.354313,0.336864,0.377107
0.559813,0.593323,0.385474,0.426479,-0.071654,-0.015924,0.451803,0.525315,-0.077111,-0.049677,0.694674,0.000000,0.659104,0.872624,0.408413,0.576048,0.387714,0.486762,0.543679,0.390908,0.120497,0.120794,0.406296,0.644134,0.181212,0.174627,-0.041168,-0.012806,0.470285,0.640082,0.437604,0.491538,0.405039,0.471320,0.373057,0.220519,0.367636,0.219588,0.466049,0.488871,0.273668,0.230913,0.335009,0.176405,0.312412,0.282252,0.336137,0.261399,0.319918,0.289126,0.548753,0.484393,0.300815,0.260019,0.462804,0.512338,0.431099,0.459872,0.475498,0.325279,0.466228,0.525573,0.312544,0.463413,0.597884,0.683720,0.371484,0.412920,0.325191,0.204481,0.123064,0.067390,0.294910,0.259840,0.205649,0.099917,0.118928,0.133971,0.301080,0.437748,0.521722,0.506965,0.346758,0.229490,0.717227,0.808750,0.380217,0.367936,0.355750,0.518349
0.496147,0.463999,0.544757,0.562302,-0.231944,-0.149614,0.646730,0.622032,-0.008544,-0.076132,0.773964,0.659104,0.000000,0.931303,0.428222,0.373998,0.464052,0.453526,0.425121,0.342963,-0.085514,-0.099390,0.568595,0.606728,-0.124717,0.070166,-0.301734,-0.293388,0.588951,0.449715,0.240319,0.320331,0.327214,0.407392,0.288539,0.075413,0.477580,0.198025,0.476421,0.484134,0.373342,0.244026,0.358690,0.158718,0.301003,0.188837,0.269272,0.234408,0.530713,0.457619,0.651496,0.605973,0.399104,0.259600,0.487709,0.470472,0.362602,0.411336,0.436235,0.398901,0.378580,0.504365,0.551105,0.636758,0.429704,0.572666,0.282791,0.249014,0.217702,0.055056,-0.068402,-0.135694,0.408063,0.212346,0.310812,0.053303,0.069737,0.017026,0.163420,0.339775,0.419798,0.366452,0.381284,0.293111,0.574558,0.482643,0.511672,0.392943,0.347091,0.407986
0.422320,0.517931,0.509197,0.622749,-0.210536,-0.152797,0.604462,0.756563,-0.056610,-0.103088,0.646707,0.872624,0.931303,0.000000,0.348861,0.488782,0.363736,0.372911,0.451144,0.435142,-0.085157,-0.025236,0.548664,0.722635,-0.097959,0.115619,-0.301091,-0.231118,0.509958,0.537157,0.219596,0.320658,0.251559,0.307346,0.316089,0.178783,0.492246,0.123616,0.398339,0.343826,0.289879,0.179760,0.331565,0.123628,0.280981,0.257811,0.287868,0.200110,0.481555,0.424137,0.646913,0.601002,0.453493,0.338628,0.519893,0.438610,0.348448,0.490910,0.490325,0.478311,0.440110,0.568887,0.473475,0.602470,0.465425,0.586580,0.376121,0.349095,0.301161,0.176230,-0.085196,-0.062533,0.364753,0.200886,0.206597,0.020108,0.074759,0.085175,0.123912,0.207964,0.377718,0.316713,0.257394,0.270600,0.517974,0.538481,0.455586,0.319332,0.356052,0.495496
-0.044435,0.042365,-0.271920,-0.122030,0.379848,0.644148,-0.119512,-0.077049,0.770007,0.745427,0.326219,0.408413,0.428222,0.348861,0.000000,0.955861,0.246428,0.266770,0.111035,0.001270,-0.034071,-0.009757,-0.036472,0.155602,0.101929,0.176797,0.425070,0.219219,0.191297,0.176323,0.320964,0.373067,0.166626,0.267797,0.293478,0.260169,0.282039,0.044142,0.368389,0.332402,0.157921,0.011575,0.127016,0.183558,0.260560,0.054808,-0.052573,-0.073598,0.242944,0.276132,0.362351,0.219896,-0.014186,0.010027,0.391928,0.184847,0.063647,0.182427,-0.037081,-0.108878,0.052526,0.109843,0.239058,0.148671,0.122768,0.052584,0.064391,0.187919,-0.186408,0.062710,0.050947,-0.042529,0.285943,0.205269,0.419168,0.382183,0.238804,0.167605,0.149962,0.154515,0.318700,0.213241,0.780208,0.596139,0.359539,0.255777,0.467497,0.611754,0.678588,0.449282
0.091577,0.204485,-0.247445,-0.034136,0.238070,0.471708,-0.062499,0.017821,0.492656,0.538212,0.295661,0.576048,0.373998,0.488782,0.955861,0.000000,0.346832,0.413988,0.227273,0.198913,-0.011409,0.060421,-0.048325,0.231321,0.054761,0.221714,0.345106,0.235291,0.306907,0.408626,0.339270,0.470049,0.284191,0.456231,0.214852,0.221114,0.299257,0.108722,0.403540,0.319587,0.200410,0.031724,0.201465,0.230661,0.267801,0.148607,0.017922,0.014333,0.240088,0.224285,0.387613,0.222067,0.045716,0.113866,0.314166,0.240977,0.187047,0.293837,0.041712,-0.060642,0.046427,0.192318,0.285482,0.280152,0.092628,0.088082,0.162629,0.261793,-0.026914,0.203956,0.175441,0.041079,0.278891,0.252769,0.375309,0.247653,0.379249,0.430489,0.194704,0.200084,0.571268,0.456692,0.635049,0.640337,0.418841,0.422264,0.335179,0.522231,0.505428,0.496705
0.479604,0.457037,0.128651,0.189193,-0.100696,-0.030575,0.219351,0.198145,-0.066764,-0.040142,0.384791,0.387714,0.464052,0.363736,0.246428,0.346832,0.000000,0.670857,0.334003,0.277798,0.116493,0.135998,0.141945,0.276569,-0.006916,0.229545,-0.010203,0.013911,0.615604,0.503831,0.412685,0.388032,0.630294,0.570008,0.149122,0.117029,0.289232,0.416429,0.206832,0.345099,0.411552,0.333292,0.469222,0.412759,0.424864,0.414746,0.389479,0.399806,0.511288,0.422174,0.540266,0.441227,0.351858,0.402522,0.385173,0.535097,0.559156,0.465694,0.382634,0.138787,0.343115,0.260562,0.441960,0.462232,0.198754,0.340415,0.387867,0.442187,0.248536,0.277055,0.192504,0.082307,0.438659,0.306076,0.347998,0.129317,0.258685,0.351174,0.673991,0.534192,0.693263,0.588808,0.260816,0.368563,0.451249,0.590395,0.114038,0.228290,0.309839,0.276804
0.518825,0.612335,0.098009,0.208946,0.008462,0.031034,0.194139,0.211047,-0.074687,-0.000328,0.400044,0.486762,0.453526,0.372911,0.266770,0.413988,0.670857,0.000000,0.366942,0.386469,0.212156,0.244598,0.102864,0.259992,0.133748,0.321151,0.124774,0.193940,0.374267,0.634892,0.432004,0.401401,0.564654,0.632357,0.181378,0.056664,0.241753,0.449800,0.439904,0.555194,0.316756,0.422236,0.485492,0.519851,0.521685,0.430129,0.427351,0.445364,0.458386,0.460540,0.557678,0.489693,0.324939,0.317776,0.340529,0.561009,0.679654,0.569300,0.406503,0.284833,0.317627,0.373781,0.447856,0.633072,0.170819,0.382329,0.418389,0.441187,0.306385,0.335479,0.219029,0.125089,0.343155,0.365486,0.251417,0.087031,0.267472,0.351969,0.448843,0.631415,0.700036,0.915780,0.405592,0.372418,0.487459,0.644897,0.036142,0.232051,0.259595,0.379801
0.762985,0.839299,0.569435,0.685283,-0.093802,-0.149902,0.738747,0.622314,-0.177009,-0.202205,0.476591,0.543679,0.425121,0.451144,0.111035,0.227273,0.334003,0.366942,0.000000,0.913661,0.139754,0.237531,0.587475,0.588087,0.103426,0.271548,-0.079849,0.016123,0.463052,0.456207,0.456444,0.479060,0.541250,0.486170,0.299856,0.126718,0.269754,0.336877,0.171152,0.340841,0.226174,0.207826,0.514550,0.419934,0.413553,0.543491,0.560417,0.594599,0.431113,0.364284,0.508736,0.486680,0.537174,0.560827,0.446762,0.600078,0.584479,0.744650,0.632540,0.539287,0.497479,0.545135,0.361510,0.484411,0.462512,0.456144,0.694673,0.664247,0.726508,0.560264,0.252969,0.181241,0.176273,0.162319,0.177876,0.013930,0.319012,0.285583,0.308951,0.369832,0.468579,0.411088,0.089460,0.063547,0.633087,0.638418,0.176218,0.133729,0.297760,0.513960
0.744773,0.943630,0.483846,0.720066,-0.095567,-0.180646,0.697930,0.618167,-0.182164,-0.201610,0.312183,0.390908,0.342963,0.435142,0.001270,0.198913,0.277798,0.386469,0.913661,0.000000,0.069610,0.151962,0.510600,0.613997,0.047667,0.297565,-0.089508,0.017149,0.374542,0.476055,0.419066,0.509795,0.553437,0.600134,0.262390,0.175226,0.255944,0.341256,0.171247,0.305057,0.193815,0.203947,0.600065,0.537116,0.502636,0.610287,0.570516,0.762110,0.504367,0.511356,0.565987,0.577629,0.674100,0.808358,0.452044,0.621250,0.644235,0.894726,0.662002,0.650161,0.490335,0.655143,0.405276,0.559120,0.346045,0.365084,0.854987,0.760209,0.795523,0.805234,0.283986,0.182698,0.131716,0.155539,0.117842,-0.060560,0.406746,0.428904,0.295688,0.330108,0.562250,0.508674,0.068520,0.067076,0.515504,0.654791,0.047553,0.057888,0.311379,0.566165
0.243269,0.264328,-0.045684,-0.034631,0.255297,0.069567,0.003457,-0.030481,-0.069648,-0.047798,0.043649,0.120497,-0.085514,-0.085157,-0.034071,-0.011409,0.116493,0.212156,0.139754,0.069610,0.000000,0.302451,-0.075470,-0.027844,0.475908,0.224713,0.336583,0.420922,0.065866,0.219708,0.314031,0.232002,0.277627,0.285778,0.128707,0.104252,0.022314,0.221724,-0.069710,0.065878,0.089159,0.163011,0.167770,0.230146,0.198380,0.287615,0.201272,0.194939,-0.017078,0.065427,0.005791,0.031198,0.047277,0.061984,-0.067749,0.149672,0.299140,0.164928,0.147713,0.072779,0.186977,0.111259,0.000299,0.051084,0.032016,0.092143,0.236747,0.276790,0.203045,0.109051,0.324372,0.316267,0.198947,0.229147,0.095806,0.067575,0.157696,0.175329,0.186602,0.216821,0.147628,0.285280,-0.059905,-0.052868,0.086142,0.211225,-0.214809,-0.169444,-0.058185,0.047711
0.313882,0.366690,0.044305,0.056453,0.347293,0.215998,0.096580,0.096827,0.064926,0.071105,0.034371,0.120794,-0.099390,-0.025236,-0.009757,0.060421,0.135998,0.244598,0.237531,0.151962,0.302451,0.000000,0.087925,0.065329,0.429124,0.464408,0.389890,0.495087,0.093593,0.231227,0.389415,0.290490,0.326984,0.246008,0.139048,0.253167,0.039447,0.252921,-0.000382,0.128779,0.028377,0.229452,0.198301,0.375931,0.338682,0.435829,0.261101,0.301824,0.121344,0.204793,0.148550,0.205038,0.232842,0.206208,0.065401,0.309124,0.346558,0.295970,0.227374,0.120865,0.278064,0.104151,0.110443,0.131716,0.130856,0.108927,0.346876,0.393328,0.232429,0.220249,0.285035,0.361284,0.108973,0.238567,0.127696,0.066334,0.186620,0.178120,0.227950,0.194223,0.173197,0.259388,-0.044267,-0.006806,0.182970,0.367259,-0.284949,-0.033876,0.102131,0.243317
0.566750,0.510792,1.260706,1.247683,-0.131744,-0.158923,1.144721,1.101891,-0.102601,-0.229389,0.448143,0.406296,0.568595,0.548664,-0.036472,-0.048325,0.141945,0.102864,0.587475,0.510600,-0.075470,0.087925,0.000000,0.912800,0.076765,0.313470,-0.270241,-0.247723,0.248581,0.229989,0.202779,0.306504,0.225005,0.164966,0.364483,0.081315,0.325176,0.212300,0.266232,0.405079,0.179453,0.139647,0.237655,0.111975,0.238970,0.297290,0.422372,0.501016,0.447117,0.414016,0.523610,0.600412,0.758431,0.520503,0.504213,0.588602,0.380418,0.413338,0.528098,0.617862,0.475691,0.469648,0.274856,0.352521,0.564967,0.568308,0.488109,0.424622,0.552430,0.294885,0.004430,0.078086,0.095440,-0.045071,0.034406,-0.159013,-0.027676,-0.116281,0.080883,0.150263,0.178136,0.143376,0.078449,-0.087994,0.596009,0.465256,0.246750,0.113876,0.352647,0.501256
0.516860,0.530640,0.750171,1.050066,-0.083650,-0.077730,0.868583,0.956933,-0.049024,-0.083720,0.502072,0.644134,0.606728,0.722635,0.155602,0.231321,0.276569,0.259992,0.588087,0.613997,-0.027844,0.065329,0.912800,0.000000,0.120271,0.308016,-0.207913,-0.160931,0.321306,0.337004,0.356559,0.456216,0.311755,0.338309,0.380114,0.221097,0.377079,0.233451,0.315000,0.407753,0.257862,0.167597,0.257985,0.165321,0.270180,0.259464,0.343830,0.402592,0.464777,0.465891,0.614436,0.632805,0.674138,0.581598,0.623466,0.519169,0.407548,0.443316,0.455225,0.443823,0.444650,0.558225,0.241534,0.373834,0.531152,0.640983,0.449528,0.462687,0.394237,0.328671,0.115507,0.117466,0.117567,0.054556,0.097280,-0.091066,0.106282,0.097578,0.238248,0.192194,0.315899,0.253815,0.230549,0.142732,0.560492,0.638012,0.357848,0.258543,0.519247,0.666139
0.193694,0.212224,0.004660,-0.014418,0.702187,0.420213,0.062516,0.010035,0.171771,0.193515,0.061575,0.181212,-0.124717,-0.097959,0.101929,0.054761,-0.006916,0.133748,0.103426,0.047667,0.475908,0.429124,0.076765,0.120271,0.000000,0.641992,0.631841,0.707993,-0.092803,0.173418,0.430508,0.258688,0.203444,0.092352,0.152902,0.165728,0.056355,0.203126,0.008113,0.149859,0.013343,0.220520,0.092146,0.250711,0.307689,0.259029,0.255568,0.201441,-0.042139,0.118900,0.028229,0.074107,0.194525,0.121123,0.143566,0.266244,0.222386,0.183552,0.138993,-0.015149,0.188185,-0.061599,-0.066528,-0.068087,0.141548,0.028549,0.283330,0.306667,0.173393,0.185117,0.394400,0.263860,0.097292,0.212285,0.118912,0.136290,0.044681,0.073592,0.117142,0.163629,0.087281,0.195146,0.070278,0.033678,0.170346,0.324655,-0.292394,0.036324,0.090627,0.177998
0.395230,0.448557,0.053914,0.162289,0.519496,0.451109,0.217848,0.148764,0.248045,0.213162,0.167743,0.174627,0.070166,0.115619,0.176797,0.221714,0.229545,0.321151,0.271548,0.297565,0.224713,0.464408,0.313470,0.308016,0.641992,0.000000,0.615206,0.721137,0.091421,0.275313,0.556265,0.460620,0.379663,0.286444,0.259689,0.244522,0.064659,0.259116,0.191719,0.332766,0.113258,0.335466,0.350681,0.559845,0.581075,0.506229,0.389920,0.424803,0.322149,0.348801,0.322589,0.378995,0.465047,0.443941,0.287335,0.521757,0.526657,0.478697,0.245518,0.128943,0.255398,0.076054,0.170938,0.141128,0.143417,0.151311,0.494083,0.484751,0.284308,0.428838,0.352170,0.167546,0.120752,0.177131,0.220743,0.095955,0.129526,0.152331,0.274981,0.286373,0.320162,0.413798,0.243400,0.254801,0.295340,0.508700,-0.256714,0.075340,0.356299,0.479667
-0.083201,-0.004871,-0.587423,-0.435315,0.909590,0.976316,-0.410476,-0.425963,0.594774,0.631739,-0.191138,-0.041168,-0.301734,-0.301091,0.425070,0.345106,-0.010203,0.124774,-0.079849,-0.089508,0.336583,0.389890,-0.270241,-0.207913,0.631841,0.615206,0.000000,1.181639,-0.235667,0.010195,0.405910,0.323475,0.161587,0.146287,0.069295,0.179981,-0.098608,0.096639,0.003843,0.049497,-0.183609,0.066526,0.044405,0.342060,0.302775,0.208156,-0.033202,0.030002,-0.051481,0.063912,-0.041878,-0.086047,-0.089416,0.031511,-0.010861,0.086410,0.132610,0.112898,-0.155311,-0.279838,-0.118191,-0.228617,-0.081418,-0.196657,-0.220436,-0.300284,0.123194,0.200533,-0.092460,0.206907,0.384417,0.258584,0.000043,0.230160,0.215338,0.272080,0.227692,0.240352,0.118306,0.107510,0.143306,0.172229,0.269797,0.218891,0.001960,0.102755,-0.264527,-0.007329,0.243166,0.202432
0.041698,0.162070,-0.445336,-0.349984,0.865796,0.585402,-0.253184,-0.344131,0.288695,0.301429,-0.144463,-0.012806,-0.293388,-0.231118,0.219219,0.235291,0.013911,0.193940,0.016123,0.017149,0.420922,0.495087,-0.247723,-0.160931,0.707993,0.721137,1.181639,0.000000,-0.142364,0.115163,0.446681,0.288536,0.234575,0.160389,0.034685,0.139145,-0.062814,0.115542,-0.063028,0.026373,-0.086828,0.144000,0.129069,0.432315,0.355491,0.292758,0.065307,0.100336,-0.027061,0.063472,-0.045653,-0.020423,0.000279,0.116671,-0.045037,0.113202,0.181590,0.215735,-0.041616,-0.187568,-0.049145,-0.185280,-0.075189,-0.094924,-0.174078,-0.264112,0.224981,0.220467,0.031426,0.241230,0.440871,0.300251,0.046970,0.223465,0.174697,0.181866,0.216708,0.269914,0.179724,0.106099,0.139661,0.232885,0.133403,0.184814,-0.036798,0.176247,-0.374609,-0.046380,0.112285,0.170351
0.486717,0.508270,0.312368,0.339507,-0.209056,-0.198781,0.436024,0.322347,-0.161805,-0.195348,0.587023,0.470285,0.588951,0.509958,0.191297,0.306907,0.615604,0.374267,0.463052,0.374542,0.065866,0.093593,0.248581,0.321306,-0.092803,0.091421,-0.235667,-0.142364,0.000000,0.711935,0.269200,0.320927,0.454547,0.406834,0.207420,0.134803,0.555269,0.357563,0.138785,0.236061,0.319065,0.222615,0.410344,0.267391,0.304720,0.356350,0.344631,0.289488,0.388193,0.276107,0.390835,0.392377,0.310322,0.266382,0.312993,0.473612,0.405715,0.467946,0.418767,0.303489,0.411191,0.423139,0.486037,0.561427,0.302867,0.358839,0.362518,0.323480,0.330965,0.197778,0.086803,0.013522,0.550945,0.320975,0.308903,0.182017,0.259158,0.318694,0.315958,0.302304,0.504633,0.426855,0.085141,0.265360,0.461682,0.485340,0.259928,0.220297,0.209724,0.277662
0.586681,0.673216,0.263245,0.292491,-0.055907,-0.112977,0.351513,0.359806,-0.219827,-0.195163,0.481268,0.640082,0.449715,0.537157,0.176323,0.408626,0.503831,0.634892,0.456207,0.476055,0.219708,0.231227,0.229989,0.337004,0.173418,0.275313,0.010195,0.115163,0.711935,0.000000,0.463598,0.480860,0.485218,0.548009,0.167500,0.201637,0.423504,0.424716,0.427190,0.428369,0.340137,0.373917,0.508788,0.404383,0.448229,0.497782,0.483985,0.420746,0.393304,0.332699,0.435320,0.458758,0.363140,0.328005,0.294003,0.596831,0.576244,0.593810,0.486660,0.369275,0.451139,0.437959,0.443304,0.594106,0.311462,0.406799,0.476232,0.423894,0.439745,0.292377,0.313945,0.139100,0.517472,0.372725,0.278003,0.106371,0.277227,0.324750,0.222774,0.342110,0.766795,0.917787,0.284684,0.368233,0.524516,0.690256,0.058400,0.206579,0.121999,0.307079
0.540824,0.595438,0.089157,0.180417,0.327602,0.202608,0.261590,0.223582,0.065233,0.047386,0.251192,0.437604,0.240319,0.219596,0.320964,0.339270,0.412685,0.432004,0.456444,0.419066,0.314031,0.389415,0.202779,0.356559,0.430508,0.556265,0.405910,0.446681,0.269200,0.463598,0.000000,0.930595,0.655551,0.592843,0.271378,0.255985,0.165076,0.440839,0.230458,0.371174,0.190737,0.343386,0.435922,0.549176,0.548737,0.531563,0.403154,0.470970,0.324280,0.377740,0.387150,0.354599,0.294657,0.379651,0.299893,0.530332,0.617197,0.557189,0.371346,0.166844,0.404056,0.352890,0.277580,0.293389,0.316241,0.316207,0.542175,0.599669,0.285039,0.341897,0.562963,0.335603,0.209485,0.371845,0.334684,0.169708,0.297748,0.354455,0.533445,0.524477,0.580305,0.606661,0.289016,0.205057,0.487204,0.732164,-0.058682,0.175121,0.361512,0.476542
0.477169,0.566219,0.113327,0.303082,0.137872,0.193661,0.268466,0.317256,0.107692,0.078250,0.217514,0.491538,0.320331,0.320658,0.373067,0.470049,0.388032,0.401401,0.479060,0.509795,0.232002,0.290490,0.306504,0.456216,0.258688,0.460620,0.323475,0.288536,0.320927,0.480860,0.930595,0.000000,0.538234,0.662363,0.317148,0.347857,0.200592,0.370959,0.350960,0.424937,0.234349,0.247456,0.452464,0.511111,0.495479,0.498928,0.343152,0.474340,0.407655,0.397880,0.477534,0.393541,0.303972,0.404818,0.342060,0.572853,0.600611,0.554068,0.353775,0.218370,0.320540,0.422073,0.266407,0.347808,0.262416,0.292819,0.510276,0.566979,0.283782,0.372686,0.337755,0.332540,0.218397,0.353984,0.296969,0.116010,0.310272,0.326530,0.422266,0.432283,0.651747,0.573822,0.424366,0.295052,0.538845,0.676072,0.152421,0.273814,0.465429,0.630128
0.738294,0.752277,0.217617,0.270213,0.160466,-0.011157,0.384394,0.267889,-0.025653,-0.033942,0.369113,0.405039,0.327214,0.251559,0.166626,0.284191,0.630294,0.564654,0.541250,0.553437,0.277627,0.326984,0.225005,0.311755,0.203444,0.379663,0.161587,0.234575,0.454547,0.485218,0.655551,0.538234,0.000000,0.915295,0.337070,0.245312,0.213450,0.494154,0.162829,0.415927,0.232256,0.261736,0.656502,0.709400,0.649207,0.727008,0.584946,0.688585,0.444403,0.543725,0.534979,0.510030,0.467701,0.497732,0.381070,0.641026,0.785245,0.675261,0.576965,0.273555,0.604897,0.478738,0.504768,0.478624,0.389253,0.446120,0.718518,0.787616,0.382986,0.423146,0.425925,0.295168,0.294784,0.264696,0.241011,0.139559,0.345013,0.503674,0.599548,0.510736,0.660950,0.675998,0.160006,0.167263,0.594631,0.800968,-0.054589,0.173892,0.374438,0.407587
0.695131,0.720008,0.117351,0.252239,0.070949,0.012832,0.284940,0.287240,0.038007,0.062684,0.293531,0.471320,0.407392,0.307346,0.267797,0.456231,0.570008,0.632357,0.486170,0.600134,0.285778,0.246008,0.164966,0.338309,0.092352,0.286444,0.146287,0.160389,0.406834,0.548009,0.592843,0.662363,0.915295,0.000000,0.263222,0.287021,0.215382,0.440163,0.305481,0.488955,0.227932,0.266783,0.698500,0.661956,0.576056,0.637188,0.462297,0.647303,0.486246,0.450136,0.536320,0.462483,0.359978,0.426329,0.336112,0.544223,0.766959,0.673127,0.453567,0.306293,0.438908,0.635561,0.477903,0.515887,0.313078,0.435674,0.609585,0.721109,0.351768,0.444764,0.371429,0.211678,0.241817,0.252949,0.229654,0.100452,0.504328,0.570851,0.495877,0.555377,0.907344,0.791749,0.272838,0.213152,0.587643,0.759923,-0.021007,0.150507,0.371468,0.460115
0.343612,0.351012,0.292848,0.306169,0.097261,0.115549,0.360558,0.323133,0.134905,0.093801,0.273331,0.373057,0.288539,0.316089,0.293478,0.214852,0.149122,0.181378,0.299856,0.262390,0.128707,0.139048,0.364483,0.380114,0.152902,0.259689,0.069295,0.034685,0.207420,0.167500,0.271378,0.317148,0.337070,0.263222,0.000000,0.432088,0.241666,0.238262,0.255656,0.320459,0.217168,0.074666,0.288734,0.245177,0.379586,0.332173,0.297641,0.282380,0.225635,0.302308,0.368972,0.318121,0.304584,0.211004,0.330166,0.393693,0.316474,0.314500,0.244401,0.195871,0.340271,0.254169,0.246144,0.246273,0.493687,0.437681,0.418134,0.406327,0.170062,0.142298,0.079533,0.080443,0.154993,0.123551,0.067607,0.160022,0.091146,0.091109,0.153032,0.085303,0.175981,0.200148,0.176164,0.047432,0.443047,0.385916,0.145877,0.231746,0.402617,0.390847
0.172915,0.196972,0.016399,0.047556,0.221740,0.219421,0.066905,0.120331,0.229719,0.228801,0.067593,0.220519,0.075413,0.178783,0.260169,0.221114,0.117029,0.056664,0.126718,0.175226,0.104252,0.253167,0.081315,0.221097,0.165728,0.244522,0.179981,0.139145,0.134803,0.201637,0.255985,0.347857,0.245312,0.287021,0.432088,0.000000,0.158641,0.084442,0.098442,0.119529,0.085461,0.073740,0.241061,0.287147,0.284918,0.324105,0.166916,0.166597,0.146132,0.159079,0.196053,0.164710,0.099082,0.118905,0.149618,0.211983,0.266497,0.268953,0.072430,0.041108,0.212512,0.213689,0.173901,0.138269,0.256770,0.252418,0.296768,0.378259,0.160580,0.198504,0.091132,0.079418,0.114638,0.128081,0.194226,0.226968,0.219541,0.169454,0.153066,0.110037,0.190262,0.140670,0.061679,0.008878,0.203323,0.309950,0.038768,0.050288,0.265612,0.282685
0.233343,0.291800,0.279320,0.356878,-0.057903,-0.020312,0.345281,0.345896,-0.009462,0.008826,0.433837,0.367636,0.477580,0.492246,0.282039,0.299257,0.289232,0.241753,0.269754,0.255944,0.022314,0.039447,0.325176,0.377079,0.056355,0.064659,-0.098608,-0.062814,0.555269,0.423504,0.165076,0.200592,0.213450,0.215382,0.241666,0.158641,0.000000,0.255040,0.372318,0.361904,0.304739,0.229253,0.278442,0.131579,0.281783,0.243376,0.240161,0.191855,0.316530,0.258216,0.398550,0.363322,0.275510,0.148890,0.397784,0.371320,0.236642,0.341684,0.309352,0.333600,0.316224,0.335178,0.447376,0.462298,0.304552,0.292492,0.283871,0.255411,0.214590,0.153848,0.040904,0.007293,0.458452,0.251666,0.270523,0.164554,0.214679,0.188526,0.052308,0.125519,0.347997,0.292693,0.201757,0.237708,0.446873,0.352662,0.375275,0.240149,0.266307,0.291255
0.486935,0.494031,0.225884,0.279862,0.071459,-0.008805,0.317732,0.253803,-0.109570,-0.082021,0.282745,0.219588,0.198025,0.123616,0.044142,0.108722,0.416429,0.449800,0.336877,0.341256,0.221724,0.252921,0.212300,0.233451,0.203126,0.259116,0.096639,0.115542,0.357563,0.424716,0.440839,0.370959,0.494154,0.440163,0.238262,0.084442,0.255040,0.000000,0.245175,0.473201,0.300423,0.317110,0.350893,0.393720,0.403555,0.453755,0.446800,0.558261,0.320786,0.337688,0.347624,0.349035,0.387934,0.384040,0.258292,0.548273,0.503604,0.409502,0.373770,0.249693,0.390690,0.333372,0.245758,0.311886,0.313860,0.347509,0.451440,0.428685,0.290564,0.246221,0.338001,0.186253,0.306639,0.276412,0.252531,0.136059,0.268399,0.281485,0.373294,0.405051,0.489789,0.571612,0.130621,0.048067,0.440358,0.553810,-0.137144,0.126247,0.225185,0.275994
0.289303,0.274096,0.173230,0.213435,-0.051204,0.068415,0.204677,0.278671,0.085679,0.110966,0.360080,0.466049,0.476421,0.398339,0.368389,0.403540,0.206832,0.439904,0.171152,0.171247,-0.069710,-0.000382,0.266232,0.315000,0.008113,0.191719,0.003843,-0.063028,0.138785,0.427190,0.230458,0.350960,0.162829,0.305481,0.255656,0.098442,0.372318,0.245175,0.000000,0.859417,0.314457,0.304911,0.317566,0.199274,0.406518,0.200283,0.311753,0.298680,0.349798,0.321181,0.480219,0.435633,0.211817,0.076667,0.468242,0.499302,0.363854,0.230716,0.255330,0.279394,0.265307,0.268692,0.343732,0.328007,0.300412,0.410701,0.182523,0.190597,0.076468,-0.012076,-0.032030,-0.067539,0.260444,0.105907,0.210983,-0.030352,0.044606,-0.028775,0.096858,0.274283,0.541211,0.633225,0.711389,0.372059,0.580151,0.416397,0.281411,0.417631,0.301713,0.315235
0.504709,0.474598,0.299828,0.341621,0.008801,0.031379,0.348201,0.402367,0.046355,0.043932,0.441982,0.488871,0.484134,0.343826,0.332402,0.319587,0.345099,0.555194,0.340841,0.305057,0.065878,0.128779,0.405079,0.407753,0.149859,0.332766,0.049497,0.026373,0.236061,0.428369,0.371174,0.424937,0.415927,0.488955,0.320459,0.119529,0.361904,0.473201,0.859417,0.000000,0.414506,0.412447,0.426916,0.345581,0.542867,0.359795,0.485207,0.524346,0.478148,0.513442,0.607637,0.592250,0.424857,0.269497,0.578167,0.734429,0.546139,0.414635,0.441759,0.411419,0.418093,0.421346,0.422930,0.459930,0.449646,0.564878,0.359098,0.413773,0.247908,0.162643,0.121369,0.048442,0.304449,0.096863,0.220121,-0.021063,0.113234,0.064678,0.355472,0.494371,0.573390,0.727304,0.507303,0.303734,0.719540,0.683350,0.181736,0.459643,0.421924,0.443435
0.264664,0.286555,0.195478,0.245530,-0.096877,-0.137130,0.240253,0.269956,-0.087253,-0.114349,0.337425,0.273668,0.373342,0.289879,0.157921,0.200410,0.411552,0.316756,0.226174,0.193815,0.089159,0.028377,0.179453,0.257862,0.013343,0.113258,-0.183609,-0.086828,0.319065,0.340137,0.190737,0.234349,0.232256,0.227932,0.217168,0.085461,0.304739,0.300423,0.314457,0.414506,0.000000,0.327795,0.243958,0.166427,0.248945,0.198018,0.338842,0.259399,0.338651,0.328989,0.366434,0.365480,0.239209,0.190597,0.346845,0.375044,0.269734,0.220230,0.283622,0.229093,0.275199,0.217698,0.311627,0.346772,0.257152,0.312000,0.243872,0.228888,0.164191,0.078535,0.042184,-0.084283,0.409409,0.204067,0.330410,0.107159,0.085311,0.087152,0.269838,0.287361,0.402973,0.387521,0.264199,0.291067,0.328226,0.362307,0.215079,0.298020,0.229108,0.205174
0.411888,0.443179,0.195143,0.195685,0.038050,-0.053976,0.261490,0.258443,-0.192388,-0.103682,0.250277,0.230913,0.244026,0.179760,0.011575,0.031724,0.333292,0.422236,0.207826,0.203947,0.163011,0.229452,0.139647,0.167597,0.220520,0.335466,0.066526,0.144000,0.222615,0.373917,0.343386,0.247456,0.261736,0.266783,0.074666,0.073740,0.229253,0.317110,0.304911,0.412447,0.327795,0.000000,0.329837,0.258687,0.427195,0.352524,0.475140,0.378143,0.297033,0.334202,0.333147,0.373515,0.354343,0.232845,0.239948,0.472838,0.385278,0.333321,0.323065,0.298454,0.309986,0.249061,0.344824,0.363061,0.205610,0.320414,0.309962,0.317995,0.174559,0.150351,0.205827,0.041843,0.363908,0.326172,0.261040,0.086395,0.081916,0.124014,0.288447,0.388901,0.364426,0.490738,0.162792,0.061115,0.358048,0.473065,-0.133682,0.075915,0.127916,0.216848
0.772093,0.807498,0.234559,0.280335,-0.011915,-0.063520,0.337082,0.275669,-0.085687,-0.046321,0.320189,0.335009,0.358690,0.331565,0.127016,0.201465,0.469222,0.485492,0.514550,0.600065,0.167770,0.198301,0.237655,0.257985,0.092146,0.350681,0.044405,0.129069,0.410344,0.508788,0.435922,0.452464,0.656502,0.698500,0.288734,0.241061,0.278442,0.350893,0.317566,0.426916,0.243958,0.329837,0.000000,1.201304,1.170677,1.173927,0.994095,1.015405,0.826965,0.687355,0.702184,0.620717,0.521537,0.582645,0.477276,0.813317,0.858476,0.883012,0.767770,0.469457,0.586458,0.465600,0.564798,0.529356,0.303153,0.373397,0.822778,0.723126,0.539440,0.492764,0.182852,0.024868,0.321273,0.226236,0.214954,0.087970,0.323818,0.369683,0.369068,0.433161,0.617044,0.576696,0.119392,0.173628,0.510135,0.603002,0.022840,0.103779,0.286117,0.383878
0.653949,0.740331,0.020946,0.109180,0.257727,0.167125,0.169954,0.074075,0.089688,0.099393,0.226108,0.176405,0.158718,0.123628,0.183558,0.230661,0.412759,0.519851,0.419934,0.537116,0.230146,0.375931,0.111975,0.165321,0.250711,0.559845,0.342060,0.432315,0.267391,0.404383,0.549176,0.511111,0.709400,0.661956,0.245177,0.287147,0.131579,0.393720,0.199274,0.345581,0.166427,0.258687,1.201304,0.000000,1.158574,1.140498,0.737751,0.994947,0.732337,0.738585,0.592178,0.580818,0.512852,0.693415,0.376019,0.775525,0.806756,0.847192,0.534391,0.263831,0.445485,0.303624,0.394679,0.377726,0.159118,0.214967,0.860564,0.726322,0.424101,0.556119,0.360403,0.132877,0.229271,0.237301,0.231064,0.119299,0.379827,0.477871,0.396099,0.375527,0.551405,0.572095,0.180419,0.232213,0.399216,0.577570,-0.162443,0.069138,0.382937,0.449523
0.726082,0.816330,0.143892,0.225568,0.236265,0.147579,0.283120,0.214762,0.074659,0.075095,0.304162,0.312412,0.301003,0.280981,0.260560,0.267801,0.424864,0.521685,0.413553,0.502636,0.198380,0.338682,0.238970,0.270180,0.307689,0.581075,0.302775,0.355491,0.304720,0.448229,0.548737,0.495479,0.649207,0.576056,0.379586,0.284918,0.281783,0.403555,0.406518,0.542867,0.248945,0.427195,1.170677,1.158574,0.000000,1.186081,0.898623,0.921338,0.930830,0.923877,0.821453,0.747458,0.674884,0.662134,0.615285,0.975192,0.928710,0.949861,0.713920,0.438889,0.564024,0.369094,0.538409,0.507826,0.300094,0.328025,0.925152,0.805262,0.476466,0.487057,0.230153,0.085861,0.273797,0.287571,0.280761,0.118445,0.247216,0.301031,0.405261,0.430881,0.554413,0.592617,0.244268,0.228955,0.553998,0.694630,-0.026861,0.189359,0.425452,0.542076
0.813692,0.925412,0.263553,0.320250,0.156289,0.010702,0.373814,0.308173,-0.049736,-0.050337,0.265548,0.282252,0.188837,0.257811,0.054808,0.148607,0.414746,0.430129,0.543491,0.610287,0.287615,0.435829,0.297290,0.259464,0.259029,0.506229,0.208156,0.292758,0.356350,0.497782,0.531563,0.498928,0.727008,0.637188,0.332173,0.324105,0.243376,0.453755,0.200283,0.359795,0.198018,0.352524,1.173927,1.140498,1.186081,0.000000,0.933581,1.052173,0.758381,0.709767,0.654533,0.637577,0.626508,0.686821,0.396869,0.852647,0.951929,0.994233,0.809940,0.546933,0.647793,0.498846,0.503045,0.485300,0.338986,0.370728,1.105953,0.999317,0.636173,0.607796,0.290639,0.205249,0.256219,0.284406,0.200937,0.101347,0.314955,0.386926,0.367648,0.395409,0.554958,0.525017,0.017081,0.040742,0.481152,0.681480,-0.100822,0.010329,0.300587,0.484041
0.891240,0.830177,0.502074,0.463529,-0.021494,-0.155355,0.532929,0.480482,-0.248589,-0.159052,0.389331,0.336137,0.269272,0.287868,-0.052573,0.017922,0.389479,0.427351,0.560417,0.570516,0.201272,0.261101,0.422372,0.343830,0.255568,0.389920,-0.033202,0.065307,0.344631,0.483985,0.403154,0.343152,0.584946,0.462297,0.297641,0.166916,0.240161,0.446800,0.311753,0.485207,0.338842,0.475140,0.994095,0.737751,0.898623,0.933581,0.000000,1.115505,0.656858,0.685231,0.663631,0.679273,0.726195,0.619385,0.613187,0.960200,0.840221,0.721498,0.911923,0.601754,0.733267,0.441336,0.465061,0.477596,0.462889,0.501389,0.817989,0.762130,0.611570,0.425892,0.206305,0.099179,0.315414,0.229130,0.198559,0.037849,0.142286,0.179176,0.353851,0.425288,0.508604,0.557230,0.065161,-0.006254,0.640338,0.715762,-0.037983,0.122321,0.256506,0.441971
0.914250,0.919773,0.464309,0.526993,0.013841,-0.113129,0.519456,0.461120,-0.150590,-0.139949,0.273933,0.261399,0.234408,0.200110,-0.073598,0.014333,0.399806,0.445364,0.594599,0.762110,0.194939,0.301824,0.501016,0.402592,0.201441,0.424803,0.030002,0.100336,0.289488,0.420746,0.470970,0.474340,0.688585,0.647303,0.282380,0.166597,0.191855,0.558261,0.298680,0.524346,0.259399,0.378143,1.015405,0.994947,0.921338,1.052173,1.115505,0.000000,0.820100,0.848579,0.716214,0.756234,0.794802,0.868704,0.557159,1.045649,0.908330,0.812990,0.857030,0.624693,0.635412,0.537249,0.410903,0.430379,0.388190,0.453179,1.054187,0.863291,0.697988,0.630740,0.286099,0.173790,0.183595,0.175253,0.128211,-0.075377,0.312284,0.319048,0.396472,0.454199,0.605071,0.609517,0.111519,-0.003415,0.663257,0.728776,-0.097645,0.032051,0.373066,0.555436
