0.000000,0.927505,0.490341,0.266858,0.259743,0.142723,0.964462,0.235638,0.326596,0.329916,0.715341,0.327831,0.542304,0.110138,0.301958,0.157311,0.075251,0.022901,1.043633,0.659646,-0.068935,-0.027300,0.297311,-0.121392,-0.340840,-0.481872,0.145275,0.015087,-0.094917,-0.115227,-0.072191,-0.310200,0.172102,0.103687,-0.353248,-0.466956,-0.174665,-0.147585,-0.106850,-0.239902,-0.208771,-0.228504,-0.014804,-0.142142,-0.317317,-0.143894,0.032339,0.032756,-0.029007,-0.101191,0.126536,0.172995,0.321525,0.273692,0.188325,0.197440,0.634608,0.535329,0.526262,0.281396,0.755109,0.285456,0.292548,0.216800,-0.072261,-0.056394,-0.082850,-0.405134,0.544214,0.582652,0.035626,-0.188406,-0.006916,0.127002,0.010985,0.088927,-0.107986,-0.141527,-0.030042,0.087238,-0.084434,-0.065298,0.106233,-0.130514,-0.066982,-0.230172,-0.103678,-0.072310,0.301623,0.535521
0.927505,0.000000,0.348822,0.145406,0.177548,0.081367,0.475562,0.106541,0.109065,0.169240,0.180615,0.101862,0.115609,-0.005147,-0.020611,-0.187624,0.460430,0.335312,0.684479,0.903869,0.096878,-0.031337,0.053224,-0.163222,-0.201732,-0.326278,0.093366,-0.050800,0.071304,0.115326,0.073952,-0.094163,0.549677,0.414841,-0.414000,-0.434435,-0.112073,-0.019634,-0.057317,-0.176709,-0.106572,-0.154921,-0.005740,-0.125426,-0.096218,0.031966,0.133127,0.205945,0.174937,0.209342,0.185778,0.303080,0.413064,0.473316,0.227757,0.255605,1.153001,1.139422,0.652815,0.579749,0.745203,0.438078,0.354287,0.493844,-0.337791,-0.161146,0.006865,-0.243187,0.501083,0.581616,-0.070879,-0.181692,0.102406,0.254579,-0.015645,-0.050101,-0.417468,-0.401298,0.075463,0.277281,0.211118,0.218135,0.268139,-0.124378,-0.115005,-0.146934,-0.202489,0.079360,0.021316,0.507046
0.490341,0.348822,0.000000,0.782149,0.139488,0.003694,0.819963,0.202924,0.220829,0.050902,-0.021772,-0.280615,0.075703,-0.373604,0.016993,0.061612,-0.286960,-0.216937,0.733382,0.597467,-0.071900,0.025111,1.193579,0.515652,0.416563,0.205557,0.519436,0.425562,-0.275368,-0.325477,0.242047,0.130540,0.247105,0.102071,0.138248,0.044939,-0.069411,-0.026134,-0.091091,-0.099570,-0.200097,-0.282394,-0.173476,-0.238731,-0.148219,-0.292545,-0.149728,-0.070501,-0.302739,-0.201237,-0.150668,-0.181857,-0.087937,0.056715,-0.196563,-0.021222,0.340207,0.383290,0.081350,-0.037803,0.100964,-0.288075,-0.264681,-0.275910,0.293959,-0.302874,0.246561,-0.161564,0.731299,0.639443,0.059779,-0.082862,-0.203315,-0.116366,-0.146321,-0.115788,-0.273808,-0.253240,-0.078652,-0.061629,-0.267344,-0.179978,-0.193827,-0.193220,-0.177643,-0.155568,-0.082581,-0.035887,0.144038,0.018406
0.266858,0.145406,0.782149,0.000000,0.237679,0.393979,0.505849,0.854197,0.236493,0.364801,-0.051836,0.017800,0.017103,0.008382,-0.005196,0.382064,-0.236675,-0.282610,0.379465,0.523481,-0.102625,0.209076,0.740558,0.971892,0.306121,0.283586,0.278645,0.415156,-0.219834,-0.226712,0.261143,0.366320,0.101785,0.208063,0.132459,0.297061,-0.214141,-0.171067,-0.062320,-0.043456,-0.175279,-0.321221,-0.023358,-0.077426,-0.015000,-0.134967,-0.030234,-0.033213,-0.182108,-0.266368,-0.235476,-0.339110,-0.132724,-0.124963,-0.210066,-0.093860,0.191639,0.122694,0.085137,0.023122,0.059956,-0.008643,-0.177041,-0.226601,0.234586,0.163441,0.243768,0.088468,0.453741,0.496966,-0.066380,-0.023243,-0.156489,0.017452,-0.078773,0.004305,-0.199313,-0.107082,-0.218732,-0.199879,-0.239716,-0.158292,-0.105431,-0.175575,-0.169128,-0.062397,-0.114732,-0.086358,0.103267,-0.001253
0.259743,0.177548,0.139488,0.237679,0.000000,0.739029,0.551981,0.567337,0.529145,0.595155,0.244970,0.310727,0.245949,0.281574,0.353236,0.261840,0.204246,0.421109,0.190498,0.420057,0.147887,0.367662,0.111118,0.185808,0.246137,0.113818,0.014255,-0.091519,0.466115,0.449384,0.635084,0.120697,0.007280,0.513524,0.183278,0.045842,0.125860,0.026575,0.010919,-0.213747,0.157361,-0.031284,0.458599,0.260989,0.452263,0.344060,0.308972,0.237566,0.453747,0.346316,0.375443,0.284359,0.335237,0.223121,0.050831,-0.036654,0.313091,0.232085,0.708073,0.532148,0.242549,0.448191,0.366693,0.333317,0.046048,0.367831,0.280230,0.135209,0.130077,0.333198,-0.041005,0.335325,0.364933,0.437938,0.374059,0.642691,0.267924,0.173322,0.312235,0.663684,0.418503,0.388555,0.210537,-0.062080,0.206391,0.092233,-0.128805,-0.039884,0.007066,0.320670
0.142723,0.081367,0.003694,0.393979,0.739029,0.000000,0.193381,0.627948,0.238045,0.972351,0.050334,0.358857,0.060754,0.287842,0.155470,0.284109,0.153222,0.227629,0.066227,0.240805,0.055324,0.348191,-0.045412,0.189528,0.181957,0.220049,-0.063793,0.042175,0.239216,0.349208,0.314944,0.255239,-0.001357,0.407037,0.120992,0.291461,-0.124443,-0.135004,0.007143,-0.113203,-0.028038,-0.245105,0.439725,0.329944,0.328686,0.350063,0.358405,0.226677,0.389939,0.118753,0.186451,0.063181,0.313594,0.145551,0.108147,-0.117576,0.181055,0.108981,0.359028,0.300723,0.189862,0.425257,0.189490,0.181268,-0.040467,0.429634,0.352999,0.316055,-0.012660,0.160266,-0.049339,0.189267,0.253797,0.414655,0.291210,0.468514,0.236426,0.309583,0.099074,0.319662,0.274600,0.258747,0.198100,-0.063188,0.023746,0.038559,-0.068369,-0.135921,0.093080,0.231774
0.964462,0.475562,0.819963,0.505849,0.551981,0.193381,0.000000,0.534336,0.681100,0.421703,0.553291,0.297927,0.654810,0.110924,0.310309,0.295629,-0.123575,-0.022507,0.691782,0.556150,-0.075388,0.077332,0.619764,0.154729,-0.038942,-0.232429,0.222993,0.101216,-0.091409,-0.135247,0.153362,-0.202730,0.011154,0.108939,-0.069866,-0.276856,-0.014655,-0.030679,-0.054587,-0.170043,-0.076483,-0.138112,-0.023945,-0.174960,-0.106804,-0.190161,-0.021842,-0.005715,-0.073407,-0.023560,0.104612,0.076503,0.158308,0.164609,-0.033503,0.108876,0.380680,0.334820,0.461144,0.210242,0.501956,0.144089,0.129481,0.007870,0.201293,0.055262,0.033628,-0.320819,0.583953,0.625581,0.055807,0.042231,-0.040704,0.080404,0.040946,0.176025,-0.052104,-0.144417,0.009724,0.166718,-0.135921,-0.089646,-0.046679,-0.132550,0.024501,-0.103528,-0.040153,0.044678,0.329925,0.397848
0.235638,0.106541,0.202924,0.854197,0.567337,0.627948,0.534336,0.000000,0.538268,0.781117,0.170317,0.528001,0.248071,0.481645,0.179141,0.538639,-0.012545,-0.067619,0.112985,0.303231,0.010186,0.205966,0.216809,0.489675,0.028882,0.042971,0.024063,0.098372,0.054094,0.071741,0.270125,0.282033,-0.027058,0.299448,0.078273,0.218400,-0.104935,-0.110412,0.001015,-0.063338,-0.085651,-0.192105,0.196181,0.104836,0.147763,0.089119,0.129021,0.078010,0.068923,-0.079171,0.010234,-0.116005,0.081157,-0.037049,-0.067503,-0.044772,0.088157,-0.047543,0.267625,0.227355,0.282104,0.517192,0.089912,0.113047,0.187040,0.723659,0.168064,0.185261,0.104515,0.199472,0.001220,0.162954,0.063719,0.288394,0.163845,0.200007,0.034451,0.069324,-0.033184,-0.004095,-0.044514,-0.007802,-0.030656,-0.165564,0.001062,0.002095,-0.121788,-0.047703,0.154431,0.200776
0.326596,0.109065,0.220829,0.236493,0.529145,0.238045,0.681100,0.538268,0.000000,0.609271,0.516465,0.592284,0.821771,0.543950,0.630635,0.640572,0.175230,0.237506,0.043837,0.086863,0.118474,0.022765,0.308504,0.099595,0.009911,-0.084770,0.291491,0.120270,0.229130,0.197851,0.139018,-0.037283,-0.119472,0.006441,0.010366,-0.117072,0.230688,0.206467,-0.030262,-0.056149,0.096826,0.144029,0.158089,0.015050,0.091521,0.067757,0.154727,0.121691,0.226763,0.255870,0.377540,0.287731,0.360108,0.316497,0.132083,0.061046,0.039781,-0.013621,0.338612,0.149975,0.506313,0.281093,0.312655,0.180403,0.459386,0.480010,-0.124582,-0.160331,0.025868,0.049717,0.231097,0.348046,0.160879,0.263455,0.238317,0.089619,0.109704,0.023287,0.279032,0.265255,0.127469,0.168801,-0.210169,-0.000202,0.350573,0.192116,-0.063847,0.042929,0.504012,0.328607
0.329916,0.169240,0.050902,0.364801,0.595155,0.972351,0.421703,0.781117,0.609271,0.000000,0.268574,0.710250,0.294533,0.635316,0.350407,0.518280,0.252192,0.293391,0.071461,0.239825,0.040814,0.110816,-0.051450,0.079731,-0.010596,0.050692,0.092184,0.037305,0.327846,0.411121,0.208251,0.235941,0.070863,0.355292,0.007761,0.194823,0.003735,-0.014060,-0.014656,-0.168418,-0.181524,-0.210732,0.417087,0.283540,0.213103,0.351178,0.364608,0.232707,0.403582,0.168175,0.287176,0.213642,0.434778,0.252827,0.236627,-0.007612,0.160359,0.047222,0.459237,0.322881,0.490430,0.647673,0.407024,0.366783,0.094245,0.632461,0.252634,0.277774,-0.000895,0.052160,0.028017,0.113451,0.283377,0.507669,0.373675,0.300962,0.210509,0.263832,0.118259,0.179979,0.222812,0.268382,-0.029668,-0.095493,0.101836,0.122956,-0.118262,-0.173347,0.272166,0.369379
0.715341,0.180615,-0.021772,-0.051836,0.244970,0.050334,0.553291,0.170317,0.516465,0.268574,0.000000,0.688609,1.198246,0.483707,0.705657,0.424962,0.039843,-0.015967,0.410183,0.095807,-0.027362,-0.057031,0.104475,-0.179639,-0.537699,-0.512703,-0.027195,-0.127339,0.042125,-0.052149,-0.117597,-0.479242,-0.273226,-0.226669,-0.291812,-0.540430,0.039860,-0.024619,-0.056734,-0.157113,0.063450,0.130505,0.048678,-0.043538,-0.252624,-0.122505,0.010687,-0.059034,0.023208,-0.067685,0.195481,0.193064,0.199708,0.092892,0.149220,0.106388,0.094265,-0.015498,0.298670,0.052714,0.433917,0.156740,0.345218,0.107002,0.097243,0.140852,-0.315037,-0.433161,0.186826,0.192451,0.154660,0.100646,0.125215,0.116680,0.201525,0.165513,0.283738,0.059550,0.064647,0.052939,-0.058059,-0.122600,-0.095680,0.030839,0.213865,-0.129446,0.052927,0.024733,0.355858,0.342319
0.327831,0.101862,-0.280615,0.017800,0.310727,0.358857,0.297927,0.528001,0.592284,0.710250,0.688609,0.000000,0.650978,1.260206,0.342007,0.555372,0.176091,0.105093,-0.038253,0.017450,0.023684,-0.026238,-0.240562,-0.139258,-0.462453,-0.299482,-0.128097,-0.163124,0.273519,0.283487,-0.051517,-0.093498,-0.239787,0.020346,-0.272751,-0.249544,-0.024479,-0.035534,-0.083983,-0.129467,-0.043389,0.030250,0.207497,0.120154,-0.055363,0.134146,0.129576,0.058826,0.206647,0.047503,0.202034,0.183322,0.240762,0.074238,0.155172,-0.022085,-0.103253,-0.235899,0.323585,0.194892,0.441503,0.587973,0.484751,0.394333,-0.025964,0.600739,-0.209077,-0.055039,-0.109238,-0.062992,0.131238,0.258886,0.183189,0.381784,0.263471,0.222975,0.274726,0.199184,0.133789,0.040563,0.065543,0.037658,-0.028418,0.084356,0.111215,-0.008459,0.002714,-0.151814,0.220318,0.262042
0.542304,0.115609,0.075703,0.017103,0.245949,0.060754,0.654810,0.248071,0.821771,0.294533,1.198246,0.650978,0.000000,0.428430,0.739394,0.543307,0.010790,-0.011947,0.225832,-0.021844,-0.005196,-0.085324,0.261279,-0.110664,-0.294934,-0.389649,0.120044,0.007590,-0.045085,-0.082309,-0.183958,-0.509782,-0.384191,-0.349807,-0.126296,-0.461491,0.176111,0.148526,0.001364,-0.082682,0.082003,0.178878,0.000688,-0.104785,-0.106022,-0.157038,0.005948,-0.015656,0.004009,0.054304,0.231013,0.161837,0.170802,0.117489,0.054216,0.058951,-0.014959,-0.045025,0.170391,-0.013804,0.437103,0.087531,0.125152,-0.055160,0.344293,0.221265,-0.352436,-0.486861,0.111127,0.140317,0.215146,0.262480,-0.001188,0.040567,0.071006,0.074364,0.124220,-0.040628,0.189381,0.147535,-0.062359,-0.087749,-0.175024,0.046041,0.369732,0.038172,0.095079,0.201713,0.634925,0.302906
0.110138,-0.005147,-0.373604,0.008382,0.281574,0.287842,0.110924,0.481645,0.543950,0.635316,0.483707,1.260206,0.428430,0.000000,0.336058,0.618737,0.317412,0.187517,-0.186507,0.024641,0.031387,-0.027583,-0.312411,0.005221,-0.392386,-0.166453,-0.095622,-0.163174,0.399548,0.376748,0.093001,0.129346,-0.096244,0.145292,-0.257159,-0.123137,-0.016278,-0.047786,-0.122614,-0.150760,-0.054338,0.039208,0.291425,0.208146,0.070930,0.270584,0.197801,0.074994,0.336102,0.169965,0.260971,0.255817,0.259837,0.127483,0.233731,-0.012587,-0.063422,-0.214991,0.378064,0.311427,0.318824,0.588188,0.623865,0.516266,-0.126470,0.572659,-0.146653,0.103384,-0.160708,-0.135272,0.042993,0.205352,0.351818,0.501490,0.365277,0.132844,0.210135,0.149140,0.155078,0.050764,0.159388,0.177444,0.009407,0.096980,0.126074,0.063665,-0.067285,-0.164260,0.071123,0.186993
0.301958,-0.020611,0.016993,-0.005196,0.353236,0.155470,0.310309,0.179141,0.630635,0.350407,0.705657,0.342007,0.739394,0.336058,0.000000,0.768312,0.158087,0.258491,0.209478,0.016537,0.364494,0.175951,0.247307,0.136115,0.004887,-0.006637,0.344738,0.205986,0.349953,0.284534,0.122827,-0.068288,-0.106164,-0.078652,0.153275,-0.050815,0.420534,0.280858,0.240050,0.056673,0.145047,0.319532,0.435500,0.340134,0.223352,0.287625,0.361250,0.270403,0.325488,0.290330,0.504977,0.354787,0.406034,0.304348,0.302715,0.106783,0.016571,0.005475,0.172374,0.026069,0.240405,0.073955,0.151623,0.043116,0.442652,0.257631,-0.035224,-0.071041,-0.065707,-0.059838,0.412684,0.359806,0.460337,0.383105,0.494281,0.249267,0.386009,0.300317,0.402262,0.311028,0.280073,0.279044,-0.079338,0.083604,0.644744,0.327423,0.080730,0.194863,0.511976,0.294991
0.157311,-0.187624,0.061612,0.382064,0.261840,0.284109,0.295629,0.538639,0.640572,0.518280,0.424962,0.555372,0.543307,0.618737,0.768312,0.000000,0.041436,0.030673,-0.032752,-0.032964,0.183311,0.199410,0.269990,0.426769,0.030423,0.139247,0.314426,0.396631,0.265845,0.244900,0.163745,0.187710,-0.182775,0.012165,0.146899,0.164644,0.268259,0.181007,0.231087,0.079492,0.054491,0.173298,0.426171,0.380507,0.216305,0.287828,0.359150,0.272484,0.293260,0.180002,0.396448,0.224051,0.278419,0.146378,0.250707,0.052400,-0.107287,-0.193837,0.110327,-0.028551,0.199701,0.128536,0.156514,-0.031957,0.344977,0.527828,0.055336,0.104164,-0.086924,-0.077183,0.216844,0.305282,0.258954,0.265050,0.359818,0.221547,0.325277,0.274799,0.155447,0.092495,0.079680,0.148487,-0.044578,0.129159,0.352526,0.291246,0.054825,0.079085,0.425350,0.194201
0.075251,0.460430,-0.286960,-0.236675,0.204246,0.153222,-0.123575,-0.012545,0.175230,0.252192,0.039843,0.176091,0.010790,0.317412,0.158087,0.041436,0.000000,1.104913,-0.163148,0.172866,0.341332,-0.014448,-0.383776,-0.227707,0.001224,0.028065,0.091041,-0.080251,0.750086,0.777458,0.245410,0.257015,0.606097,0.627776,-0.093690,0.039377,0.231207,0.297629,0.167517,-0.051261,0.095460,0.139892,0.387978,0.371389,0.376767,0.630143,0.588852,0.521523,0.863197,0.714741,0.657701,0.631665,0.650634,0.492169,0.552614,0.127582,0.586406,0.540183,0.554530,0.596267,0.599702,0.552834,0.724444,0.757812,-0.203253,0.262615,0.290214,0.319215,-0.211067,-0.128493,-0.056055,0.068231,0.453087,0.377527,0.245262,-0.016403,-0.030666,-0.038311,0.440620,0.563968,0.943758,0.897133,0.320839,0.106336,0.346503,0.357856,-0.096049,0.177568,0.063490,0.379842
0.022901,0.335312,-0.216937,-0.282610,0.421109,0.227629,-0.022507,-0.067619,0.237506,0.293391,-0.015967,0.105093,-0.011947,0.187517,0.258491,0.030673,1.104913,0.000000,-0.140444,0.203659,0.359359,0.168351,-0.314283,-0.182619,0.177565,0.173158,0.126760,-0.039396,1.060439,1.232883,0.353729,0.226067,0.414670,0.631825,0.070782,0.060051,0.400124,0.414149,0.221112,0.077795,0.188676,0.225866,0.449718,0.393936,0.525141,0.635475,0.604438,0.555787,0.861322,0.932896,0.689657,0.667055,0.652454,0.605569,0.445231,0.152247,0.526495,0.555562,0.680886,0.633837,0.451600,0.514721,0.674930,0.730286,-0.074856,0.187660,0.342090,0.312815,-0.129106,-0.049955,0.005429,0.260408,0.600122,0.448986,0.398119,0.248899,0.164559,0.103169,0.602261,1.037790,1.415708,1.312173,0.361951,0.343872,0.500786,0.569768,0.083966,0.267235,0.058134,0.411962
1.043633,0.684479,0.733382,0.379465,0.190498,0.066227,0.691782,0.112985,0.043837,0.071461,0.410183,-0.038253,0.225832,-0.186507,0.209478,-0.032752,-0.163148,-0.140444,0.000000,0.987341,-0.017183,0.052830,0.499435,0.183515,-0.108980,-0.203103,0.194013,0.107625,-0.198274,-0.251770,0.085022,-0.189279,0.147902,0.055843,-0.217587,-0.348651,-0.154892,-0.203134,-0.175661,-0.236582,-0.181819,-0.295487,-0.052258,-0.189925,-0.273138,-0.243573,-0.075288,-0.087117,-0.226310,-0.249234,-0.147969,-0.103291,0.079724,0.165207,-0.056822,0.049855,0.582496,0.522160,0.276313,0.073441,0.188663,-0.072144,-0.052749,-0.060840,-0.094538,-0.405390,-0.018123,-0.403817,0.891452,0.851123,0.067052,-0.171780,-0.021315,0.044303,0.036311,0.027070,-0.167304,-0.190243,-0.066075,0.008866,-0.156388,-0.177572,-0.012005,-0.194129,-0.234240,-0.357446,-0.137565,-0.121544,-0.012088,0.170375
0.659646,0.903869,0.597467,0.523481,0.420057,0.240805,0.556150,0.303231,0.086863,0.239825,0.095807,0.017450,-0.021844,0.024641,0.016537,-0.032964,0.172866,0.203659,0.987341,0.000000,0.035611,0.084131,0.269030,0.365170,0.010537,-0.003503,0.196137,0.066161,0.100205,0.092089,0.382558,0.131438,0.390077,0.498827,-0.234999,-0.218532,-0.097193,-0.107539,-0.178560,-0.258323,-0.176358,-0.314259,0.089224,-0.090462,0.015964,-0.008122,0.108676,0.092970,0.071855,0.065426,-0.029246,0.028525,0.216942,0.315863,0.009891,0.055404,0.935741,0.809719,0.658924,0.486214,0.255619,0.219579,0.231657,0.280957,-0.314053,-0.252950,0.158338,-0.112321,0.984918,0.993454,-0.159076,-0.130610,0.104253,0.253529,0.095906,0.022379,-0.326690,-0.324000,0.057185,0.238764,0.173418,0.209501,0.133585,-0.126752,-0.232955,-0.153611,-0.234193,-0.090498,-0.208813,0.256389
-0.068935,0.096878,-0.071900,-0.102625,0.147887,0.055324,-0.075388,0.010186,0.118474,0.040814,-0.027362,0.023684,-0.005196,0.031387,0.364494,0.183311,0.341332,0.359359,-0.017183,0.035611,0.000000,0.534400,-0.123184,0.017296,0.144404,0.227927,0.346071,0.480367,0.525794,0.489473,0.121890,0.093697,0.173344,0.150529,0.087391,0.064908,0.630929,0.549251,0.729289,0.544011,0.348428,0.500008,0.566791,0.556213,0.337151,0.502123,0.709888,0.681945,0.542368,0.443416,0.564300,0.448709,0.547277,0.494109,0.551177,0.481002,0.131335,0.152664,0.063289,0.034952,0.033170,0.031958,-0.007794,0.090798,-0.032127,0.089513,0.174183,0.240560,-0.145117,-0.136775,0.669152,0.528074,0.673836,0.453773,0.514793,0.128709,0.282105,0.346650,0.265453,0.340723,0.541997,0.488608,0.203016,0.349627,0.399556,0.411292,0.235547,0.374055,0.120827,0.237677
-0.027300,-0.031337,0.025111,0.209076,0.367662,0.348191,0.077332,0.205966,0.022765,0.110816,-0.057031,-0.026238,-0.085324,-0.027583,0.175951,0.199410,-0.014448,0.168351,0.052830,0.084131,0.534400,0.000000,0.119365,0.205290,0.222374,0.104831,-0.090030,0.268460,0.223476,0.289969,0.241270,0.085394,-0.035247,0.241196,0.232550,0.173009,0.048428,-0.081820,0.433191,0.390148,0.494370,0.254062,0.399574,0.335291,0.422834,0.331129,0.312081,0.267078,0.332656,0.251243,0.241249,0.149993,0.210993,0.142073,0.123599,0.272802,0.064692,0.094566,0.167275,0.079578,-0.140585,0.007625,-0.033708,-0.096974,-0.068680,0.092150,0.189341,0.118191,-0.082369,0.159837,0.354290,0.557535,0.618933,0.508992,0.371801,0.735688,0.418827,0.481431,-0.136689,0.311541,0.247318,0.157694,0.602997,0.282294,0.170776,0.135850,0.200508,0.195153,-0.044998,0.078834
0.297311,0.053224,1.193579,0.740558,0.111118,-0.045412,0.619764,0.216809,0.308504,-0.051450,0.104475,-0.240562,0.261279,-0.312411,0.247307,0.269990,-0.383776,-0.314283,0.499435,0.269030,-0.123184,0.119365,0.000000,0.692458,0.467177,0.191435,0.404782,0.374372,-0.351258,-0.409304,0.251575,0.108432,0.040635,-0.057319,0.346529,0.126745,-0.070634,-0.071514,-0.084201,-0.090974,-0.031636,-0.106242,-0.207145,-0.257077,-0.074167,-0.342168,-0.274128,-0.208210,-0.369829,-0.240427,-0.174525,-0.286312,-0.233163,-0.140958,-0.359548,-0.156749,0.091306,0.150328,-0.079271,-0.176395,-0.022392,-0.389807,-0.358163,-0.462517,0.631258,-0.160876,0.129727,-0.224881,0.424866,0.448559,0.088260,0.040898,-0.199273,-0.148127,-0.134818,-0.004060,-0.118694,-0.160435,-0.078935,-0.080495,-0.329841,-0.273613,-0.253923,-0.222454,0.016959,-0.118938,-0.103852,0.037772,0.265840,-0.112577
-0.121392,-0.163222,0.515652,0.971892,0.185808,0.189528,0.154729,0.489675,0.099595,0.079731,-0.179639,-0.139258,-0.110664,0.005221,0.136115,0.426769,-0.227707,-0.182619,0.183515,0.365170,0.017296,0.205290,0.692458,0.000000,0.535943,0.616167,0.384723,0.405884,0.011682,-0.055542,0.562529,0.654386,0.118463,0.248821,0.387876,0.457810,-0.010554,-0.049549,-0.057085,-0.034846,-0.111274,-0.157998,0.143350,0.122673,0.199800,0.020078,0.010758,0.007897,-0.101383,-0.135466,-0.171272,-0.344936,-0.231814,-0.156861,-0.233969,-0.237082,0.041979,0.025602,-0.004644,-0.029612,-0.264307,-0.217054,-0.218166,-0.251652,0.281762,0.079627,0.318379,0.240638,0.323190,0.292658,-0.032114,0.103202,-0.009779,0.012751,0.071672,-0.028252,-0.058142,-0.018469,0.067469,-0.038354,-0.061246,-0.000745,-0.181648,-0.137277,-0.070574,0.034414,-0.177989,-0.070168,-0.135490,-0.279039
-0.340840,-0.201732,0.416563,0.306121,0.246137,0.181957,-0.038942,0.028882,0.009911,-0.010596,-0.537699,-0.462453,-0.294934,-0.392386,0.004887,0.030423,0.001224,0.177565,-0.108980,0.010537,0.144404,0.222374,0.467177,0.535943,0.000000,1.119688,0.472816,0.452506,0.205395,0.205028,0.578664,0.595550,0.214098,0.284175,0.835807,0.784157,0.187742,0.201159,0.060849,0.022984,-0.015709,-0.087782,0.210217,0.263905,0.517406,0.240350,0.117819,0.194187,0.076953,0.147161,0.038664,-0.145512,-0.168564,-0.083391,-0.246601,-0.343084,0.008951,0.100858,-0.136746,-0.114797,-0.261738,-0.247092,-0.328914,-0.236354,0.453981,0.026562,0.676460,0.446447,-0.040515,0.036878,0.155774,0.318521,0.056800,0.038471,0.020419,0.152703,0.080512,0.142651,0.302401,0.266908,0.230929,0.230876,-0.094525,-0.049426,0.128096,0.263086,-0.089540,-0.006005,-0.041857,-0.357888
-0.481872,-0.326278,0.205557,0.283586,0.113818,0.220049,-0.232429,0.042971,-0.084770,0.050692,-0.512703,-0.299482,-0.389649,-0.166453,-0.006637,0.139247,0.028065,0.173158,-0.203103,-0.003503,0.227927,0.104831,0.191435,0.616167,1.119688,0.000000,0.589528,0.639562,0.419091,0.360872,0.566453,0.786660,0.139452,0.230052,0.671860,0.789584,0.296393,0.356122,0.124379,0.159633,-0.112623,-0.002101,0.353896,0.444287,0.461882,0.356871,0.279768,0.327521,0.167815,0.164002,0.057903,-0.106345,-0.093332,0.026806,-0.073700,-0.281668,-0.075757,-0.059984,-0.188903,-0.148564,-0.336238,-0.225547,-0.251884,-0.136603,0.323543,0.115113,0.619183,0.665620,-0.022822,-0.095705,0.156572,0.328240,0.134577,0.051762,0.237322,-0.006936,0.156613,0.194220,0.421594,0.194437,0.336948,0.346168,-0.172227,0.168976,0.121573,0.362772,0.061665,-0.041262,-0.136389,-0.369945
0.145275,0.093366,0.519436,0.278645,0.014255,-0.063793,0.222993,0.024063,0.291491,0.092184,-0.027195,-0.128097,0.120044,-0.095622,0.344738,0.314426,0.091041,0.126760,0.194013,0.196137,0.346071,-0.090030,0.404782,0.384723,0.472816,0.589528,0.000000,0.936537,0.219006,0.123051,0.273961,0.336955,0.287255,0.072686,0.300097,0.241110,0.490392,0.568334,0.184649,0.134008,-0.175599,0.127648,0.268659,0.283648,0.149357,0.190419,0.314213,0.400631,0.146917,0.195758,0.298728,0.193374,0.219456,0.334205,0.273400,0.046647,0.171786,0.172228,-0.030486,-0.132951,0.157350,-0.226590,-0.082813,-0.077457,0.384761,0.038334,0.267715,0.186833,0.242268,0.045551,0.282316,0.123569,0.002510,0.010125,0.151426,-0.279553,-0.105003,-0.047380,0.517140,0.120135,0.190436,0.308479,-0.347206,0.036963,0.290718,0.391271,-0.075371,0.103149,0.336808,0.036848
0.015087,-0.050800,0.425562,0.415156,-0.091519,0.042175,0.101216,0.098372,0.120270,0.037305,-0.127339,-0.163124,0.007590,-0.163174,0.205986,0.396631,-0.080251,-0.039396,0.107625,0.066161,0.480367,0.268460,0.374372,0.405884,0.452506,0.639562,0.936537,0.000000,0.147310,0.077764,0.095989,0.219504,0.002449,-0.109120,0.274199,0.293030,0.398452,0.465630,0.395921,0.521134,-0.001395,0.221573,0.315032,0.343542,0.207215,0.200683,0.419556,0.478870,0.136631,0.135776,0.210484,0.072785,0.155260,0.253551,0.201183,0.185682,0.031860,0.019233,-0.254488,-0.334040,-0.118590,-0.367807,-0.369447,-0.381030,0.289152,0.044691,0.233664,0.206107,0.172267,0.071058,0.437873,0.327997,0.077673,-0.006524,0.199363,-0.090055,0.096740,0.132878,0.133083,0.009059,0.119034,0.134661,-0.070717,0.357077,0.214773,0.377539,0.279034,0.222282,0.251375,-0.063833
-0.094917,0.071304,-0.275368,-0.219834,0.466115,0.239216,-0.091409,0.054094,0.229130,0.327846,0.042125,0.273519,-0.045085,0.399548,0.349953,0.265845,0.750086,1.060439,-0.198274,0.100205,0.525794,0.223476,-0.351258,0.011682,0.205395,0.419091,0.219006,0.147310,0.000000,1.658359,0.540485,0.434061,0.255958,0.556617,0.166482,0.184229,0.455812,0.430079,0.236868,0.119218,0.147096,0.271299,0.738119,0.692297,0.566759,0.871414,0.733233,0.682446,0.879912,0.725372,0.678519,0.597600,0.531006,0.504284,0.483853,0.102405,0.240193,0.179739,0.469814,0.408945,0.251887,0.429017,0.588475,0.660348,-0.033075,0.365472,0.359835,0.485631,-0.210030,-0.215046,0.193947,0.471531,0.743522,0.506467,0.635592,0.323234,0.450844,0.353034,0.714537,0.757440,1.197564,1.019332,0.296821,0.435929,0.416477,0.466650,0.138115,0.059608,-0.091101,0.195749
-0.115227,0.115326,-0.325477,-0.226712,0.449384,0.349208,-0.135247,0.071741,0.197851,0.411121,-0.052149,0.283487,-0.082309,0.376748,0.284534,0.244900,0.777458,1.232883,-0.251770,0.092089,0.489473,0.289969,-0.409304,-0.055542,0.205028,0.360872,0.123051,0.077764,1.658359,0.000000,0.465889,0.428701,0.268103,0.616508,0.168574,0.210682,0.401811,0.387067,0.249918,0.128000,0.151484,0.241641,0.721756,0.682742,0.641622,0.924031,0.727071,0.691915,0.944791,0.817371,0.670025,0.600721,0.567298,0.537971,0.453067,0.106612,0.245239,0.226341,0.510888,0.475063,0.286373,0.554100,0.574335,0.707816,-0.058164,0.374365,0.378148,0.500559,-0.255099,-0.202000,0.157079,0.458604,0.806542,0.655187,0.625411,0.401076,0.393180,0.340838,0.652189,0.861516,1.241822,1.113849,0.371641,0.439128,0.417776,0.493157,0.147459,0.107918,-0.054232,0.253739
-0.072191,0.073952,0.242047,0.261143,0.635084,0.314944,0.153362,0.270125,0.139018,0.208251,-0.117597,-0.051517,-0.183958,0.093001,0.122827,0.163745,0.245410,0.353729,0.085022,0.382558,0.121890,0.241270,0.251575,0.562529,0.578664,0.566453,0.273961,0.095989,0.540485,0.465889,0.000000,0.907127,0.417435,0.845307,0.434417,0.374621,0.096791,0.045797,-0.074555,-0.278895,0.106085,-0.004339,0.350028,0.283269,0.514857,0.403162,0.148962,0.180954,0.354247,0.337470,0.208114,0.141564,0.054435,0.114652,-0.060952,-0.303205,0.355121,0.294124,0.470370,0.385471,0.049898,0.204226,0.276024,0.274267,0.076875,0.153626,0.526923,0.349753,0.142684,0.222634,-0.093715,0.236492,0.331374,0.327331,0.354242,0.322540,0.058665,-0.032239,0.463543,0.487174,0.400628,0.394730,0.049481,-0.166674,0.042605,0.028519,-0.359541,-0.127441,-0.335799,-0.094756
-0.310200,-0.094163,0.130540,0.366320,0.120697,0.255239,-0.202730,0.282033,-0.037283,0.235941,-0.479242,-0.093498,-0.509782,0.129346,-0.068288,0.187710,0.257015,0.226067,-0.189279,0.131438,0.093697,0.085394,0.108432,0.654386,0.595550,0.786660,0.336955,0.219504,0.434061,0.428701,0.907127,0.000000,0.603111,0.744588,0.411515,0.776471,-0.035105,-0.005826,-0.084832,-0.154377,-0.173825,-0.166887,0.264458,0.326141,0.336026,0.418846,0.150624,0.159520,0.252464,0.131286,0.034799,-0.044055,-0.026658,-0.000974,-0.001424,-0.356978,0.128056,0.083807,0.144322,0.213993,0.006199,0.204099,0.148208,0.237934,0.109976,0.254062,0.615300,0.704925,-0.144587,-0.153412,-0.051740,0.081718,0.218918,0.259864,0.221476,-0.006625,-0.045418,0.064473,0.304019,0.106379,0.286615,0.367782,-0.045628,-0.115651,-0.038470,0.141833,-0.301373,-0.223472,-0.270229,-0.236471
0.172102,0.549677,0.247105,0.101785,0.007280,-0.001357,0.011154,-0.027058,-0.119472,0.070863,-0.273226,-0.239787,-0.384191,-0.096244,-0.106164,-0.182775,0.606097,0.414670,0.147902,0.390077,0.173344,-0.035247,0.040635,0.118463,0.214098,0.139452,0.287255,0.002449,0.255958,0.268103,0.417435,0.603111,0.000000,0.987315,0.026208,0.234175,-0.067465,0.001844,0.031048,-0.209558,-0.194259,-0.133331,0.106642,0.156456,0.085889,0.303494,0.197912,0.223716,0.307973,0.234270,0.233457,0.239530,0.260177,0.234691,0.278955,0.001210,0.728705,0.753410,0.431429,0.543079,0.445034,0.280311,0.356263,0.467429,-0.166131,-0.072762,0.567283,0.383140,0.033387,0.047608,-0.104892,-0.275148,0.223938,0.211020,0.062742,-0.180231,-0.365637,-0.223558,0.191215,0.198926,0.350178,0.466488,0.179548,-0.229642,0.000256,0.105624,-0.388663,-0.031505,-0.097349,0.179748
0.103687,0.414841,0.102071,0.208063,0.513524,0.407037,0.108939,0.299448,0.006441,0.355292,-0.226669,0.020346,-0.349807,0.145292,-0.078652,0.012165,0.627776,0.631825,0.055843,0.498827,0.150529,0.241196,-0.057319,0.248821,0.284175,0.230052,0.072686,-0.109120,0.556617,0.616508,0.845307,0.744588,0.987315,0.000000,0.163410,0.359985,-0.025130,-0.034143,0.048288,-0.256065,-0.024048,-0.132902,0.353230,0.342081,0.398117,0.521274,0.327496,0.312373,0.557896,0.393023,0.343259,0.291453,0.296616,0.193793,0.205326,-0.101149,0.697947,0.642281,0.834778,0.855849,0.408651,0.585048,0.594110,0.668978,-0.229828,0.243047,0.786393,0.588498,0.056229,0.207785,-0.238942,-0.029778,0.388538,0.410565,0.224265,0.269243,-0.083623,-0.049521,0.309549,0.533465,0.592124,0.651999,0.389339,-0.166336,0.030578,0.125675,-0.373134,-0.084879,-0.238368,0.228265
-0.353248,-0.414000,0.138248,0.132459,0.183278,0.120992,-0.069866,0.078273,0.010366,0.007761,-0.291812,-0.272751,-0.126296,-0.257159,0.153275,0.146899,-0.093690,0.070782,-0.217587,-0.234999,0.087391,0.232550,0.346529,0.387876,0.835807,0.671860,0.300097,0.274199,0.166482,0.168574,0.434417,0.411515,0.026208,0.163410,0.000000,1.014644,0.269305,0.273157,0.256564,0.160288,0.144662,0.155112,0.279544,0.394156,0.703403,0.322008,0.105131,0.189488,0.131498,0.177539,0.169012,-0.083471,-0.188011,-0.185349,-0.189663,-0.281463,-0.186623,-0.113849,-0.177657,-0.158509,-0.165752,-0.174523,-0.287980,-0.249651,0.730050,0.376113,0.636389,0.611140,-0.149717,-0.118143,0.112963,0.328338,0.093284,0.023984,0.138564,0.228629,0.228776,0.230348,0.338296,0.251004,0.148441,0.153299,-0.120133,-0.055625,0.364161,0.401401,0.002056,0.137440,0.078022,-0.299889
-0.466956,-0.434435,0.044939,0.297061,0.045842,0.291461,-0.276856,0.218400,-0.117072,0.194823,-0.540430,-0.249544,-0.461491,-0.123137,-0.050815,0.164644,0.039377,0.060051,-0.348651,-0.218532,0.064908,0.173009,0.126745,0.457810,0.784157,0.789584,0.241110,0.293030,0.184229,0.210682,0.374621,0.776471,0.234175,0.359985,1.014644,0.000000,0.095326,0.100839,0.171463,0.098420,-0.118209,-0.139169,0.309304,0.483081,0.531383,0.410624,0.218585,0.204752,0.190055,0.036292,0.072387,-0.150923,-0.130241,-0.239012,-0.060713,-0.308482,-0.165032,-0.152817,-0.200322,-0.138036,-0.158630,-0.034653,-0.169607,-0.133404,0.417140,0.458920,0.899917,1.139120,-0.283305,-0.250631,0.012450,0.081952,0.082315,0.067039,0.084537,0.104528,0.203992,0.354599,0.115344,0.014480,0.155302,0.205361,-0.093347,-0.133342,0.115868,0.341616,-0.119330,-0.091952,-0.035760,-0.309003
-0.174665,-0.112073,-0.069411,-0.214141,0.125860,-0.124443,-0.014655,-0.104935,0.230688,0.003735,0.039860,-0.024479,0.176111,-0.016278,0.420534,0.268259,0.231207,0.400124,-0.154892,-0.097193,0.630929,0.048428,-0.070634,-0.010554,0.187742,0.296393,0.490392,0.398452,0.455812,0.401811,0.096791,-0.035105,-0.067465,-0.025130,0.269305,0.095326,0.000000,1.386427,0.711107,0.452954,0.422241,0.648168,0.442077,0.459490,0.441060,0.399086,0.584888,0.634205,0.472649,0.660600,0.642044,0.538125,0.411170,0.390227,0.384379,0.314731,0.025733,0.057904,0.030636,0.000701,0.017670,-0.093283,-0.034909,0.009438,0.246970,0.176826,0.164926,0.244878,-0.042292,-0.142429,0.227202,0.336164,0.272375,0.043826,0.332185,-0.024092,0.171355,0.087849,0.526851,0.422834,0.522425,0.546867,-0.104079,0.295199,0.699572,0.730170,0.243582,0.580699,0.270948,0.230119
-0.147585,-0.019634,-0.026134,-0.171067,0.026575,-0.135004,-0.030679,-0.110412,0.206467,-0.014060,-0.024619,-0.035534,0.148526,-0.047786,0.280858,0.181007,0.297629,0.414149,-0.203134,-0.107539,0.549251,-0.081820,-0.071514,-0.049549,0.201159,0.356122,0.568334,0.465630,0.430079,0.387067,0.045797,-0.005826,0.001844,-0.034143,0.273157,0.100839,1.386427,0.000000,0.646993,0.552783,0.305343,0.662465,0.345866,0.428187,0.413221,0.392507,0.563688,0.704351,0.431146,0.670560,0.633975,0.530583,0.360292,0.411280,0.429095,0.350081,0.065031,0.099980,-0.002694,0.018340,0.132391,-0.053240,-0.034030,0.086461,0.304599,0.209612,0.169101,0.268378,-0.025881,-0.180770,0.194184,0.285777,0.176594,0.003482,0.232119,-0.164411,0.045328,-0.036133,0.588678,0.368018,0.483639,0.548595,-0.131842,0.390718,0.741292,0.792551,0.349400,0.690157,0.370924,0.254437
-0.106850,-0.057317,-0.091091,-0.062320,0.010919,0.007143,-0.054587,0.001015,-0.030262,-0.014656,-0.056734,-0.083983,0.001364,-0.122614,0.240050,0.231087,0.167517,0.221112,-0.175661,-0.178560,0.729289,0.433191,-0.084201,-0.057085,0.060849,0.124379,0.184649,0.395921,0.236868,0.249918,-0.074555,-0.084832,0.031048,0.048288,0.256564,0.171463,0.711107,0.646993,0.000000,0.986006,0.540691,0.626421,0.457140,0.549754,0.359280,0.407585,0.682648,0.707775,0.453235,0.462807,0.673634,0.512062,0.501765,0.358522,0.603302,0.681101,0.068737,0.076504,0.008570,0.022127,0.083170,-0.036669,-0.083033,-0.046553,0.062302,0.222331,0.285234,0.313852,-0.124039,-0.151975,0.301857,0.263809,0.384621,0.105075,0.281158,0.114479,0.265049,0.281318,0.078191,0.251333,0.336871,0.313516,0.268551,0.364758,0.543573,0.580597,0.500352,0.706386,0.371121,0.413212
-0.239902,-0.176709,-0.099570,-0.043456,-0.213747,-0.113203,-0.170043,-0.063338,-0.056149,-0.168418,-0.157113,-0.129467,-0.082682,-0.150760,0.056673,0.079492,-0.051261,0.077795,-0.236582,-0.258323,0.544011,0.390148,-0.090974,-0.034846,0.022984,0.159633,0.134008,0.521134,0.119218,0.128000,-0.278895,-0.154377,-0.209558,-0.256065,0.160288,0.098420,0.452954,0.552783,0.986006,0.000000,0.414710,0.585692,0.259172,0.344742,0.203207,0.200179,0.467904,0.519776,0.181533,0.257475,0.321981,0.237644,0.278889,0.292408,0.424930,0.714670,-0.145945,-0.114713,-0.234131,-0.220266,-0.121090,-0.195712,-0.235611,-0.156257,0.099825,0.108760,0.007012,0.161617,-0.091651,-0.202704,0.408643,0.323879,0.245454,0.004411,0.188368,-0.034884,0.275236,0.281034,-0.049463,0.063157,0.180141,0.145542,0.166206,0.731658,0.403977,0.512447,0.827165,0.658214,0.277816,0.175197
-0.208771,-0.106572,-0.200097,-0.175279,0.157361,-0.028038,-0.076483,-0.085651,0.096826,-0.181524,0.063450,-0.043389,0.082003,-0.054338,0.145047,0.054491,0.095460,0.188676,-0.181819,-0.176358,0.348428,0.494370,-0.031636,-0.111274,-0.015709,-0.112623,-0.175599,-0.001395,0.147096,0.151484,0.106085,-0.173825,-0.194259,-0.024048,0.144662,-0.118209,0.422241,0.305343,0.540691,0.414710,0.000000,0.745099,0.140880,0.138021,0.315302,0.178046,0.164075,0.220211,0.274468,0.450704,0.341597,0.345696,0.165556,0.169624,0.124911,0.341754,-0.012864,0.024853,0.043982,0.033768,-0.097858,-0.090743,-0.020152,-0.090152,0.002816,0.034751,-0.118260,-0.116683,-0.150666,-0.036177,0.124831,0.412773,0.293486,0.080931,0.127408,0.289893,0.176939,0.079547,0.049363,0.299226,0.213564,0.094187,0.289351,0.237828,0.350297,0.194542,0.231723,0.547750,0.056784,0.129510
-0.228504,-0.154921,-0.282394,-0.321221,-0.031284,-0.245105,-0.138112,-0.192105,0.144029,-0.210732,0.130505,0.030250,0.178878,0.039208,0.319532,0.173298,0.139892,0.225866,-0.295487,-0.314259,0.500008,0.254062,-0.106242,-0.157998,-0.087782,-0.002101,0.127648,0.221573,0.271299,0.241641,-0.004339,-0.166887,-0.133331,-0.132902,0.155112,-0.139169,0.648168,0.662465,0.626421,0.585692,0.745099,0.000000,0.235350,0.265221,0.289870,0.279440,0.287925,0.362070,0.354461,0.559405,0.546265,0.491733,0.248863,0.263131,0.305056,0.408130,-0.146142,-0.074044,-0.049545,-0.004674,-0.026978,-0.112392,0.001982,-0.014314,0.158524,0.129722,-0.130923,-0.000691,-0.220675,-0.242722,0.329842,0.460778,0.330794,0.149661,0.384969,0.124371,0.196096,0.061720,0.248557,0.248861,0.260177,0.248344,0.123499,0.481440,0.665288,0.516809,0.418320,0.642413,0.225651,0.168138
-0.014804,-0.005740,-0.173476,-0.023358,0.458599,0.439725,-0.023945,0.196181,0.158089,0.417087,0.048678,0.207497,0.000688,0.291425,0.435500,0.426171,0.387978,0.449718,-0.052258,0.089224,0.566791,0.399574,-0.207145,0.143350,0.210217,0.353896,0.268659,0.315032,0.738119,0.721756,0.350028,0.264458,0.106642,0.353230,0.279544,0.309304,0.442077,0.345866,0.457140,0.259172,0.140880,0.235350,0.000000,1.658842,0.804431,1.344648,1.283431,1.050928,0.998321,0.553547,0.796271,0.466903,0.659316,0.436211,0.617183,0.212569,0.137931,0.091079,0.253287,0.146344,0.079241,0.137827,0.248902,0.240388,-0.082691,0.399090,0.412116,0.550971,-0.146604,-0.105681,0.292998,0.337562,0.688667,0.561130,0.725518,0.412383,0.588535,0.614425,0.377011,0.466476,0.575489,0.564308,0.224354,0.172072,0.299410,0.388841,0.080620,0.085028,0.019322,0.171594
-0.142142,-0.125426,-0.238731,-0.077426,0.260989,0.329944,-0.174960,0.104836,0.015050,0.283540,-0.043538,0.120154,-0.104785,0.208146,0.340134,0.380507,0.371389,0.393936,-0.189925,-0.090462,0.556213,0.335291,-0.257077,0.122673,0.263905,0.444287,0.283648,0.343542,0.692297,0.682742,0.283269,0.326141,0.156456,0.342081,0.394156,0.483081,0.459490,0.428187,0.549754,0.344742,0.138021,0.265221,1.658842,0.000000,0.767061,1.424378,1.226118,1.119087,0.893742,0.508990,0.775433,0.427454,0.469780,0.277605,0.630063,0.181902,0.050507,0.016683,0.113309,0.049518,0.040610,0.074169,0.171802,0.179754,-0.006268,0.447464,0.544899,0.767245,-0.266870,-0.249069,0.280394,0.292748,0.605952,0.421208,0.593090,0.307559,0.581981,0.628356,0.408144,0.375075,0.528173,0.516785,0.182942,0.190372,0.355742,0.474274,0.133954,0.144597,0.031208,0.081047
-0.317317,-0.096218,-0.148219,-0.015000,0.452263,0.328686,-0.106804,0.147763,0.091521,0.213103,-0.252624,-0.055363,-0.106022,0.070930,0.223352,0.216305,0.376767,0.525141,-0.273138,0.015964,0.337151,0.422834,-0.074167,0.199800,0.517406,0.461882,0.149357,0.207215,0.566759,0.641622,0.514857,0.336026,0.085889,0.398117,0.703403,0.531383,0.441060,0.413221,0.359280,0.203207,0.315302,0.289870,0.804431,0.767061,0.000000,1.006068,0.654688,0.682161,0.795164,0.832062,0.557151,0.303154,0.245917,0.209263,0.156163,-0.005408,0.092120,0.154429,0.159930,0.173756,-0.074590,0.103466,0.039143,0.083164,0.160695,0.386976,0.472525,0.554360,-0.191627,-0.059335,0.080253,0.471644,0.433048,0.395057,0.376575,0.405909,0.217888,0.209594,0.418429,0.623741,0.594315,0.577837,0.249812,0.124022,0.490231,0.585347,0.056287,0.336851,-0.035511,-0.040305
-0.143894,0.031966,-0.292545,-0.134967,0.344060,0.350063,-0.190161,0.089119,0.067757,0.351178,-0.122505,0.134146,-0.157038,0.270584,0.287625,0.287828,0.630143,0.635475,-0.243573,-0.008122,0.502123,0.331129,-0.342168,0.020078,0.240350,0.356871,0.190419,0.200683,0.871414,0.924031,0.403162,0.418846,0.303494,0.521274,0.322008,0.410624,0.399086,0.392507,0.407585,0.200179,0.178046,0.279440,1.344648,1.424378,1.006068,0.000000,1.160194,1.097072,1.311852,0.870503,0.858612,0.611155,0.570948,0.410815,0.612634,0.158030,0.177662,0.162292,0.283476,0.294065,0.140964,0.252415,0.330245,0.368300,-0.081682,0.448183,0.482937,0.691180,-0.350953,-0.261987,0.180877,0.312365,0.677330,0.561760,0.596477,0.356864,0.368043,0.438255,0.444005,0.490178,0.716183,0.724054,0.334798,0.184720,0.411420,0.520411,0.055752,0.173306,-0.024789,0.133361
0.032339,0.133127,-0.149728,-0.030234,0.308972,0.358405,-0.021842,0.129021,0.154727,0.364608,0.010687,0.129576,0.005948,0.197801,0.361250,0.359150,0.588852,0.604438,-0.075288,0.108676,0.709888,0.312081,-0.274128,0.010758,0.117819,0.279768,0.314213,0.419556,0.733233,0.727071,0.148962,0.150624,0.197912,0.327496,0.105131,0.218585,0.584888,0.563688,0.682648,0.467904,0.164075,0.287925,1.283431,1.226118,0.654688,1.160194,0.000000,1.632383,1.155664,0.733253,0.995511,0.673234,0.924485,0.670885,0.978473,0.475998,0.307402,0.256492,0.273988,0.216131,0.211424,0.175322,0.249116,0.258258,-0.121312,0.323116,0.390978,0.508680,-0.125056,-0.137226,0.269825,0.259272,0.601722,0.396952,0.548745,0.192909,0.384238,0.439559,0.351475,0.502519,0.744641,0.763254,0.308148,0.368092,0.448299,0.623352,0.278334,0.340523,0.198198,0.402892
