0.000000,1.175555,0.365903,0.326470,0.043204,0.074187,0.404179,0.467778,-0.073259,-0.039704,0.639111,0.742924,0.682556,0.539501,0.518351,0.483141,0.790785,0.841363,0.972528,0.864789,0.187046,0.132730,0.369862,0.286727,0.189661,0.113874,0.262046,0.261131,0.666666,0.692626,0.545725,0.533852,0.664152,0.662751,0.005725,0.002537,0.148701,0.344583,0.404902,0.340131,0.125637,0.210721,0.365138,0.480595,0.604343,0.644343,0.762559,0.666055,0.543190,0.458156,0.529725,0.531301,0.590648,0.500460,0.663660,0.713385,1.171676,0.910280,0.512544,0.476350,0.507541,0.518099,0.589851,0.741888,0.237194,0.154788,0.440209,0.324699,0.733954,0.590591,0.221854,0.221247,0.420294,0.409165,0.137701,0.123699,0.277446,0.315911,0.644002,0.656901,1.056984,0.893496,0.434500,0.425543,0.787050,0.666443,0.209770,0.337120,0.362339,0.514822
1.175555,0.000000,0.446042,0.410808,0.092557,0.117402,0.448929,0.527440,-0.008043,-0.024783,0.502591,0.789073,0.600391,0.607222,0.484294,0.442684,0.677136,0.880032,0.982584,1.022826,0.149535,0.136562,0.405334,0.344683,0.274675,0.174250,0.233441,0.303650,0.672473,0.686041,0.583666,0.554944,0.680260,0.698435,0.045345,0.048387,0.130588,0.390143,0.381120,0.332276,0.131800,0.232712,0.480814,0.582504,0.726243,0.776036,0.838471,0.757116,0.669919,0.581854,0.658345,0.663509,0.712197,0.618821,0.721963,0.782229,1.221475,1.246376,0.646338,0.610105,0.533355,0.563844,0.545630,0.787066,0.274090,0.213382,0.606736,0.459306,0.814611,0.720327,0.163345,0.252838,0.364087,0.403295,0.157168,0.094271,0.307746,0.398075,0.638721,0.741939,1.001109,0.891550,0.396476,0.351197,0.790478,0.731101,0.184954,0.254984,0.391375,0.472869
0.365903,0.446042,0.000000,0.861568,0.322445,0.238795,1.012216,0.580712,0.222408,0.078049,0.367564,0.305346,0.604220,0.412366,0.361010,0.274450,0.273422,0.238641,0.593907,0.405776,0.162854,0.102052,1.023453,0.650024,0.815540,0.590971,0.363632,0.390391,0.335522,0.271955,0.698760,0.464212,0.479534,0.496770,0.330295,0.133697,0.097008,0.139423,0.230136,0.217917,0.070202,0.142042,0.468687,0.408181,0.425351,0.453714,0.392503,0.524259,0.403733,0.409743,0.609114,0.480168,0.655860,0.609717,0.440685,0.417571,0.360488,0.483158,0.584195,0.383159,0.332802,0.163299,0.147521,0.234675,0.684714,0.410815,0.734752,0.487949,0.295216,0.261055,0.336412,0.308841,0.201469,0.196773,0.072484,-0.011132,0.313052,0.358130,0.287356,0.316552,0.358174,0.434280,0.251719,0.249768,0.537197,0.475006,0.057089,0.131390,0.635445,0.490156
0.326470,0.410808,0.861568,0.000000,0.495765,0.470507,0.924422,1.007008,0.355619,0.233246,0.233708,0.403673,0.374025,0.383980,0.161753,0.125893,0.203062,0.299552,0.380099,0.359687,0.179200,0.146632,0.568196,0.644124,0.700352,0.763388,0.192132,0.376489,0.326176,0.256633,0.463387,0.406218,0.275422,0.401920,0.281804,0.119488,0.131947,0.153049,0.194012,0.184217,0.105475,0.175151,0.379890,0.345937,0.402338,0.436214,0.416793,0.537483,0.461333,0.469315,0.519190,0.485327,0.623344,0.605089,0.399720,0.401543,0.368488,0.346513,0.496920,0.498879,0.255466,0.361077,0.183925,0.229814,0.378499,0.612846,0.522241,0.522255,0.206654,0.115836,0.263147,0.228625,0.266007,0.220425,0.065131,-0.008064,0.255042,0.304989,0.248749,0.285640,0.317257,0.370213,0.023151,0.060500,0.338618,0.419814,-0.188011,0.007714,0.342878,0.433297
0.043204,0.092557,0.322445,0.495765,0.000000,0.916957,0.428115,0.449526,1.105678,0.732114,-0.017290,0.158268,0.091905,0.074078,0.194278,0.151891,0.107118,0.140974,0.070102,0.156506,0.114227,0.211804,0.180308,0.218148,0.741712,0.718369,0.358043,0.448561,0.076583,0.074133,0.185521,0.072316,0.062945,0.157101,0.155467,0.098566,0.126489,0.032257,0.102745,0.080426,0.091374,0.062000,0.250564,0.098241,0.161182,0.179632,0.121492,0.189162,0.303655,0.272487,0.284127,0.228685,0.346275,0.260644,0.184441,0.089628,0.065616,0.084512,0.238835,0.262732,0.168239,0.172782,0.110559,0.158781,0.121057,0.292958,0.211881,0.212259,0.092606,0.103717,0.268973,0.270847,0.203348,0.126718,0.149668,0.099905,0.248241,0.139120,0.102399,0.161439,0.205838,0.254167,0.048424,0.045552,0.158328,0.202143,-0.170948,-0.008194,0.336247,0.306570
0.074187,0.117402,0.238795,0.470507,0.916957,0.000000,0.353586,0.403178,1.023094,1.082227,0.027203,0.194528,0.063634,0.049653,0.263328,0.206077,0.136842,0.229446,0.073267,0.174394,0.108677,0.281575,0.140223,0.213972,0.612640,0.807030,0.378572,0.540355,0.066739,0.029993,0.155696,0.060231,0.101194,0.187181,0.157323,-0.007667,0.124484,0.078704,0.076731,0.079458,0.036796,0.055997,0.321918,0.182377,0.238349,0.237533,0.175229,0.250872,0.339609,0.334873,0.318187,0.286747,0.388035,0.267760,0.202449,0.126943,0.143110,0.116044,0.237773,0.289314,0.132575,0.214401,0.116537,0.180195,0.039839,0.323646,0.192854,0.243411,0.064396,0.061802,0.236180,0.231192,0.256284,0.123665,0.203998,0.119357,0.200281,0.136063,0.178591,0.200017,0.226371,0.255139,0.082523,0.075355,0.164018,0.203131,-0.187821,-0.007059,0.346746,0.378487
0.404179,0.448929,1.012216,0.924422,0.428115,0.353586,0.000000,0.956977,0.278208,0.117897,0.460386,0.381820,0.721260,0.418589,0.309576,0.212739,0.292138,0.278859,0.531442,0.408141,0.203446,0.174926,0.684207,0.435834,0.570466,0.509442,0.220300,0.362379,0.433389,0.335711,0.591272,0.460817,0.382815,0.489113,0.273829,0.113326,0.044550,0.154377,0.179836,0.177287,0.091446,0.152834,0.414407,0.364295,0.398158,0.440911,0.389167,0.538450,0.358133,0.378872,0.437001,0.360346,0.654248,0.606782,0.420899,0.383788,0.393241,0.457686,0.684476,0.547120,0.504811,0.418612,0.223562,0.281052,0.562707,0.518321,0.652567,0.506417,0.313543,0.237193,0.362936,0.325883,0.253851,0.220552,0.090586,-0.068567,0.336143,0.326520,0.271899,0.325869,0.433415,0.485656,0.158230,0.214956,0.542974,0.480852,-0.038411,0.040315,0.477704,0.484655
0.467778,0.527440,0.580712,1.007008,0.449526,0.403178,0.956977,0.000000,0.279315,0.180363,0.358899,0.596074,0.494131,0.463541,0.173076,0.219800,0.343641,0.390182,0.461910,0.475500,0.183282,0.195011,0.403314,0.379339,0.531254,0.503228,0.173629,0.343412,0.477349,0.468477,0.465966,0.503488,0.349755,0.540934,0.212163,0.129893,0.054289,0.167693,0.198085,0.192051,0.095299,0.182208,0.434055,0.375144,0.477699,0.491043,0.510074,0.600772,0.478775,0.510535,0.456521,0.410446,0.687791,0.602348,0.463906,0.437812,0.479837,0.404425,0.598930,0.734482,0.463781,0.709150,0.340566,0.365760,0.302325,0.549024,0.541986,0.584484,0.294982,0.217136,0.282515,0.307922,0.327223,0.328040,0.075334,0.027267,0.232842,0.301630,0.298193,0.340093,0.575194,0.584679,0.108275,0.192690,0.469312,0.551671,-0.046092,0.048926,0.308080,0.474778
-0.073259,-0.008043,0.222408,0.355619,1.105678,1.023094,0.278208,0.279315,0.000000,1.094172,-0.112243,0.053235,-0.043438,-0.048512,0.251849,0.156580,0.036102,0.073925,-0.025595,0.062818,0.024915,0.201186,0.089442,0.155488,0.621048,0.645393,0.315577,0.371965,-0.056842,-0.027968,0.046395,-0.101840,-0.016122,0.052376,0.118415,0.012005,0.070625,0.010913,0.011519,-0.009336,-0.000841,0.028277,0.174996,-0.000720,0.042663,0.057354,0.001628,0.055288,0.251203,0.233540,0.204923,0.176180,0.291229,0.187247,0.078964,-0.009141,-0.053007,0.013198,0.156476,0.178231,0.061008,0.105777,0.047826,0.084164,0.035997,0.222760,0.091495,0.093580,0.022203,0.052920,0.145634,0.154161,0.178070,0.053176,0.165590,0.085645,0.182516,0.096832,0.078818,0.100648,0.122033,0.145498,0.056602,0.019445,0.052520,0.073105,-0.202209,-0.084377,0.348169,0.249828
-0.039704,-0.024783,0.078049,0.233246,0.732114,1.082227,0.117897,0.180363,1.094172,0.000000,-0.103464,0.029194,-0.028632,-0.072813,0.329281,0.277266,0.029674,0.076787,-0.018639,0.058629,0.032017,0.173831,0.045495,0.133252,0.466066,0.599684,0.485204,0.438160,-0.137246,-0.113076,-0.009201,-0.138232,0.010959,0.067932,0.136064,-0.024555,0.116780,-0.018046,0.003198,-0.023826,-0.033941,-0.007043,0.256313,0.088434,0.149618,0.148144,0.069572,0.126631,0.287876,0.297363,0.258585,0.249195,0.268679,0.172013,0.092306,-0.002244,0.014791,0.030061,0.110642,0.194637,0.065378,0.113668,0.023881,0.104969,0.048478,0.278503,0.082384,0.161285,-0.001322,0.082779,0.121744,0.120310,0.178667,0.011051,0.200145,0.160934,0.137571,0.079403,0.065629,0.086069,0.093206,0.110590,0.132536,0.079582,0.097989,0.103676,-0.122166,0.056125,0.365528,0.360235
0.639111,0.502591,0.367564,0.233708,-0.017290,0.027203,0.460386,0.358899,-0.112243,-0.103464,0.000000,0.620019,1.003915,0.561643,0.489381,0.479247,0.549667,0.469983,0.596893,0.435932,0.162452,0.081339,0.499449,0.337006,0.064537,0.016512,0.136330,0.114533,0.518951,0.466155,0.468604,0.483147,0.571176,0.544625,0.101449,0.031533,0.095076,0.179445,0.205931,0.201561,0.117149,0.142879,0.173498,0.206129,0.223380,0.275695,0.311313,0.304088,0.165455,0.175283,0.228180,0.202329,0.305166,0.231861,0.358854,0.292091,0.536283,0.463093,0.403952,0.288566,0.592030,0.391024,0.401265,0.368199,0.307017,0.179955,0.375278,0.232871,0.401362,0.352801,0.282135,0.242260,0.343189,0.297039,0.165231,0.044778,0.269300,0.276291,0.363643,0.322774,0.577563,0.429390,0.497882,0.448324,0.618402,0.425689,0.245547,0.255804,0.375726,0.391313
0.742924,0.789073,0.305346,0.403673,0.158268,0.194528,0.381820,0.596074,0.053235,0.029194,0.620019,0.000000,0.619276,0.951128,0.477543,0.642938,0.701706,0.763613,0.618635,0.809422,0.154762,0.185845,0.370239,0.438878,0.232215,0.192009,0.177783,0.252072,0.679669,0.706051,0.565631,0.639670,0.651120,0.751371,0.122104,0.010553,0.207863,0.387369,0.360681,0.330133,0.185679,0.322765,0.462949,0.410823,0.489624,0.534805,0.619767,0.558588,0.503378,0.489726,0.534476,0.502729,0.557539,0.326967,0.513199,0.597424,0.672987,0.569931,0.502147,0.537940,0.630073,0.815980,0.699994,0.788754,0.214686,0.304204,0.511340,0.463224,0.475272,0.440207,0.218947,0.317082,0.464646,0.419303,0.197957,0.204201,0.359438,0.497053,0.552115,0.577228,0.822548,0.789078,0.465236,0.458046,0.608819,0.768429,0.226523,0.340684,0.321379,0.509720
0.682556,0.600391,0.604220,0.374025,0.091905,0.063634,0.721260,0.494131,-0.043438,-0.028632,1.003915,0.619276,0.000000,0.699140,0.677533,0.616010,0.549702,0.458828,0.718222,0.526569,0.153501,0.103242,0.684634,0.477143,0.221225,0.130690,0.243395,0.203029,0.536296,0.437880,0.634147,0.529325,0.619645,0.598237,0.135400,0.042227,0.078606,0.242715,0.241533,0.250007,0.152963,0.170113,0.377123,0.371966,0.364328,0.454719,0.433973,0.488682,0.270117,0.275817,0.385126,0.311570,0.494674,0.426432,0.435405,0.413439,0.627889,0.626022,0.555420,0.399022,0.671017,0.443931,0.445501,0.492671,0.533807,0.305617,0.555903,0.359633,0.510707,0.456892,0.259962,0.230021,0.244817,0.265331,0.135254,0.005679,0.358940,0.365668,0.465570,0.460017,0.626290,0.570104,0.512370,0.481465,0.781930,0.606935,0.232145,0.342295,0.480825,0.534718
0.539501,0.607222,0.412366,0.383980,0.074078,0.049653,0.418589,0.463541,-0.048512,-0.072813,0.561643,0.951128,0.699140,0.000000,0.475898,0.561635,0.466059,0.532979,0.580903,0.586135,0.088991,0.101734,0.504197,0.555923,0.215024,0.171870,0.169889,0.174997,0.436522,0.477977,0.540350,0.617758,0.605990,0.615400,0.233206,0.077899,0.170569,0.258070,0.303028,0.280742,0.144736,0.190896,0.418797,0.362586,0.379553,0.422665,0.442547,0.450308,0.326677,0.345844,0.395141,0.350811,0.424018,0.278122,0.383719,0.397425,0.525664,0.533949,0.450690,0.445622,0.511898,0.559698,0.418853,0.425556,0.364778,0.389034,0.524518,0.484721,0.390769,0.402123,0.161265,0.222712,0.286422,0.322889,0.110526,0.115876,0.301605,0.435229,0.401948,0.382778,0.516784,0.509007,0.463638,0.440337,0.607763,0.756298,0.272278,0.374877,0.397496,0.518508
0.518351,0.484294,0.361010,0.161753,0.194278,0.263328,0.309576,0.173076,0.251849,0.329281,0.489381,0.477543,0.677533,0.475898,0.000000,0.932312,0.486839,0.388456,0.533609,0.499280,0.117670,0.183695,0.604443,0.484038,0.336227,0.264013,0.542166,0.352247,0.389962,0.292319,0.638863,0.487007,0.571365,0.531631,0.191161,-0.041247,0.190185,0.272357,0.318207,0.275649,0.122749,0.220326,0.498019,0.406139,0.378114,0.454723,0.402631,0.373460,0.317944,0.325555,0.442614,0.402384,0.415724,0.213501,0.401785,0.414181,0.534149,0.582074,0.336596,0.242594,0.508418,0.322035,0.500676,0.528316,0.561089,0.346871,0.465393,0.366895,0.460065,0.500900,0.227388,0.223779,0.300507,0.278782,0.312462,0.197318,0.420080,0.372025,0.484315,0.545851,0.538249,0.598071,0.844880,0.604922,0.751830,0.665949,0.422102,0.494326,0.622364,0.592398
0.483141,0.442684,0.274450,0.125893,0.151891,0.206077,0.212739,0.219800,0.156580,0.277266,0.479247,0.642938,0.616010,0.561635,0.932312,0.000000,0.524995,0.374565,0.526162,0.550870,0.139735,0.152464,0.544299,0.552124,0.335882,0.249928,0.513268,0.355916,0.393575,0.405433,0.669799,0.581056,0.628995,0.629149,0.199301,0.044723,0.221571,0.279632,0.301616,0.277948,0.068878,0.222343,0.472214,0.351174,0.397664,0.428137,0.417921,0.345482,0.345666,0.297414,0.457177,0.368381,0.380297,0.162191,0.333518,0.360489,0.477656,0.480332,0.308313,0.248919,0.516986,0.431128,0.543988,0.561843,0.473301,0.332459,0.503188,0.424317,0.380552,0.435191,0.235006,0.314565,0.353276,0.284479,0.294743,0.180326,0.375110,0.376889,0.501986,0.427639,0.562680,0.576981,0.808732,0.636650,0.659111,0.749733,0.353515,0.582201,0.454892,0.575164
0.790785,0.677136,0.273422,0.203062,0.107118,0.136842,0.292138,0.343641,0.036102,0.029674,0.549667,0.701706,0.549702,0.466059,0.486839,0.524995,0.000000,0.722533,0.668746,0.666142,0.230524,0.159329,0.285287,0.202373,0.201197,0.145901,0.202880,0.238888,0.741258,0.717559,0.610618,0.507763,0.725630,0.750947,0.027081,-0.052123,0.168028,0.316795,0.331496,0.308350,0.204821,0.237224,0.373236,0.305081,0.386160,0.431863,0.516762,0.403183,0.369524,0.325879,0.364042,0.341893,0.390674,0.230634,0.440678,0.547073,0.734445,0.591453,0.355722,0.320199,0.515463,0.543372,0.706782,0.754788,0.194499,0.170422,0.335149,0.167702,0.506123,0.411355,0.231637,0.207878,0.299033,0.420753,0.167863,0.177771,0.303753,0.376371,0.699863,0.632022,0.888510,0.887810,0.566686,0.588192,0.688855,0.672525,0.288560,0.405557,0.271063,0.498049
0.841363,0.880032,0.238641,0.299552,0.140974,0.229446,0.278859,0.390182,0.073925,0.076787,0.469983,0.763613,0.458828,0.532979,0.388456,0.374565,0.722533,0.000000,0.674089,0.770641,0.134571,0.124512,0.196391,0.190430,0.158154,0.168617,0.219108,0.300673,0.556696,0.613372,0.414089,0.411784,0.618234,0.590247,-0.015065,-0.000152,0.171647,0.384017,0.340668,0.259267,0.181822,0.201950,0.270227,0.355055,0.473090,0.495836,0.579141,0.521242,0.484319,0.427722,0.442696,0.467500,0.389874,0.329755,0.505981,0.607022,0.944970,0.774850,0.425800,0.452821,0.474566,0.570884,0.576345,0.729661,0.099821,0.186505,0.368150,0.260171,0.653689,0.531036,0.117984,0.161443,0.346810,0.424539,0.170715,0.112812,0.218423,0.248412,0.706717,0.713515,0.838179,0.752504,0.350962,0.336931,0.619492,0.565114,0.139280,0.332087,0.306918,0.433344
0.972528,0.982584,0.593907,0.380099,0.070102,0.073267,0.531442,0.461910,-0.025595,-0.018639,0.596893,0.618635,0.718222,0.580903,0.533609,0.526162,0.668746,0.674089,0.000000,1.033964,0.193020,0.085005,0.657489,0.405082,0.345623,0.212516,0.363645,0.338023,0.556672,0.679748,0.650374,0.534053,0.767317,0.765911,0.159843,0.114473,0.141712,0.261494,0.262687,0.254276,0.100160,0.154308,0.450318,0.457626,0.590334,0.562018,0.643116,0.650105,0.466623,0.395420,0.537174,0.484459,0.595976,0.562714,0.561439,0.551355,0.864594,0.914797,0.534192,0.461672,0.462047,0.467975,0.438793,0.570905,0.476677,0.249768,0.653580,0.425185,0.789175,0.693237,0.274452,0.328155,0.355070,0.382725,0.158794,0.102640,0.350110,0.375747,0.536073,0.537985,0.859503,0.783724,0.462339,0.445716,0.835292,0.683851,0.205457,0.346095,0.487399,0.571904
0.864789,1.022826,0.405776,0.359687,0.156506,0.174394,0.408141,0.475500,0.062818,0.058629,0.435932,0.809422,0.526569,0.586135,0.499280,0.550870,0.666142,0.770641,1.033964,0.000000,0.155234,0.132464,0.405683,0.350012,0.308368,0.211325,0.290661,0.369226,0.602902,0.615570,0.606350,0.538117,0.702059,0.759177,0.128242,0.021865,0.185512,0.409111,0.317196,0.268508,0.112128,0.244292,0.536289,0.441289,0.631412,0.642973,0.629849,0.611606,0.532512,0.490423,0.560733,0.520463,0.573503,0.400425,0.546208,0.626315,0.872806,0.844538,0.567727,0.536191,0.580923,0.595979,0.665969,0.773322,0.300351,0.231468,0.634189,0.459099,0.825283,0.788175,0.184991,0.350810,0.359155,0.362700,0.213414,0.144343,0.383548,0.487637,0.659368,0.718876,0.938848,0.912312,0.502281,0.403470,0.726355,0.720937,0.199050,0.363607,0.409396,0.520912
0.187046,0.149535,0.162854,0.179200,0.114227,0.108677,0.203446,0.183282,0.024915,0.032017,0.162452,0.154762,0.153501,0.088991,0.117670,0.139735,0.230524,0.134571,0.193020,0.155234,0.000000,0.279510,0.185607,0.121171,0.187667,0.156091,0.153056,0.163881,0.162170,0.189168,0.275984,0.177406,0.195708,0.203240,0.007341,-0.049784,0.086913,0.059789,0.167085,0.123812,0.136673,0.106758,0.132940,0.128176,0.151368,0.170297,0.154155,0.159889,0.137347,0.056615,0.161836,0.096110,0.146625,0.099000,0.120145,0.171047,0.153263,0.118429,0.102400,0.089268,0.141475,0.132259,0.160274,0.206666,0.157193,0.112261,0.124203,0.058626,0.027805,0.036517,0.275210,0.234579,0.175870,0.215242,0.105453,0.064948,0.092520,0.165805,0.159944,0.088294,0.198531,0.243474,0.160527,0.198748,0.215771,0.221224,0.081352,0.030471,0.068546,0.144063
0.132730,0.136562,0.102052,0.146632,0.211804,0.281575,0.174926,0.195011,0.201186,0.173831,0.081339,0.185845,0.103242,0.101734,0.183695,0.152464,0.159329,0.124512,0.085005,0.132464,0.279510,0.000000,0.138289,0.121241,0.199014,0.224244,0.158502,0.206374,0.168756,0.135773,0.221373,0.162697,0.169961,0.162359,-0.034766,-0.116286,0.123682,0.042374,0.139067,0.209011,0.121427,0.169079,0.158972,0.107594,0.110591,0.141275,0.137631,0.130772,0.170083,0.132003,0.161480,0.131050,0.203875,0.094034,0.123911,0.164585,0.116696,0.077444,0.121870,0.109526,0.163870,0.166168,0.164387,0.169450,0.066942,0.113214,0.043551,0.053999,0.019211,0.004823,0.302999,0.306089,0.261680,0.182539,0.113688,0.004965,0.081313,0.079011,0.129695,0.086524,0.168949,0.201517,0.163937,0.211419,0.152318,0.180606,0.097048,0.010500,0.083843,0.160148
0.369862,0.405334,1.023453,0.568196,0.180308,0.140223,0.684207,0.403314,0.089442,0.045495,0.499449,0.370239,0.684634,0.504197,0.604443,0.544299,0.285287,0.196391,0.657489,0.405683,0.185607,0.138289,0.000000,1.000925,0.634613,0.479061,0.414080,0.320625,0.330329,0.293582,0.816225,0.627551,0.516164,0.522581,0.378325,0.123181,0.127575,0.161678,0.233349,0.226959,0.062277,0.142121,0.432161,0.342596,0.431835,0.403498,0.351837,0.442913,0.274806,0.256066,0.474544,0.390974,0.477910,0.442594,0.317242,0.306728,0.367940,0.444689,0.402218,0.276757,0.316164,0.189107,0.189962,0.234982,0.901300,0.453663,0.680895,0.510173,0.273167,0.257068,0.377882,0.355598,0.237424,0.212232,0.166472,0.030283,0.344484,0.338413,0.269254,0.270081,0.346632,0.373866,0.419118,0.380432,0.616496,0.530516,0.161938,0.276118,0.567077,0.543531
0.286727,0.344683,0.650024,0.644124,0.218148,0.213972,0.435834,0.379339,0.155488,0.133252,0.337006,0.438878,0.477143,0.555923,0.484038,0.552124,0.202373,0.190430,0.405082,0.350012,0.121171,0.121241,1.000925,0.000000,0.507438,0.479772,0.307230,0.272977,0.227661,0.204669,0.564289,0.535907,0.391797,0.382134,0.291193,0.112276,0.144986,0.164385,0.239364,0.167500,0.043168,0.148177,0.325535,0.265059,0.341105,0.304005,0.296070,0.351723,0.254175,0.222990,0.406011,0.348988,0.363763,0.321571,0.212899,0.245177,0.317652,0.331700,0.263160,0.242878,0.218468,0.191465,0.227981,0.240728,0.566894,0.494407,0.479020,0.464052,0.244599,0.213909,0.208718,0.243604,0.233957,0.162438,0.133117,0.097443,0.311575,0.300264,0.235390,0.220531,0.268750,0.251696,0.319380,0.282243,0.393010,0.466646,0.082245,0.234717,0.383661,0.442195
0.189661,0.274675,0.815540,0.700352,0.741712,0.612640,0.570466,0.531254,0.621048,0.466066,0.064537,0.232215,0.221225,0.215024,0.336227,0.335882,0.201197,0.158154,0.345623,0.308368,0.187667,0.199014,0.634613,0.507438,0.000000,1.109145,0.596339,0.589929,0.217305,0.192743,0.617411,0.384982,0.306948,0.409990,0.346793,0.135973,0.171079,0.123493,0.239725,0.233684,0.047016,0.122381,0.563517,0.369224,0.422933,0.413871,0.391719,0.442117,0.467462,0.411727,0.618325,0.478531,0.600529,0.487760,0.341283,0.320306,0.239372,0.298198,0.292699,0.257648,0.185783,0.152817,0.152169,0.215601,0.511399,0.464214,0.549218,0.486426,0.151144,0.145897,0.337047,0.361373,0.275387,0.196932,0.188130,0.115923,0.321103,0.325491,0.220525,0.274635,0.310703,0.416706,0.244173,0.232610,0.376085,0.471889,0.032922,0.124998,0.468393,0.449383
0.113874,0.174250,0.590971,0.763388,0.718369,0.807030,0.509442,0.503228,0.645393,0.599684,0.016512,0.192009,0.130690,0.171870,0.264013,0.249928,0.145901,0.168617,0.212516,0.211325,0.156091,0.224244,0.479061,0.479772,1.109145,0.000000,0.464409,0.582898,0.174023,0.155864,0.473264,0.337421,0.250694,0.357107,0.328785,0.090027,0.193779,0.130386,0.163297,0.194504,0.042670,0.097167,0.527768,0.328933,0.356058,0.344526,0.362176,0.400390,0.428905,0.398489,0.523280,0.433186,0.534917,0.419531,0.295769,0.277756,0.208595,0.217298,0.279940,0.254682,0.112725,0.162454,0.092769,0.157151,0.339307,0.560713,0.426433,0.469502,0.044673,0.032550,0.324996,0.288680,0.289658,0.180304,0.170926,0.067787,0.216820,0.214808,0.181424,0.176599,0.215044,0.305745,0.137773,0.204327,0.250974,0.386287,-0.060929,0.086249,0.389053,0.452030
0.262046,0.233441,0.363632,0.192132,0.358043,0.378572,0.220300,0.173629,0.315577,0.485204,0.136330,0.177783,0.243395,0.169889,0.542166,0.513268,0.202880,0.219108,0.363645,0.290661,0.153056,0.158502,0.414080,0.307230,0.596339,0.464409,0.000000,0.577716,0.033377,0.154809,0.390303,0.273595,0.356944,0.329095,0.232925,0.030896,0.187796,0.057230,0.213436,0.159767,0.046686,0.064535,0.352298,0.284860,0.354459,0.313493,0.308925,0.301261,0.364679,0.312193,0.451179,0.404319,0.341750,0.283255,0.325517,0.249786,0.309101,0.309529,0.181720,0.187185,0.257576,0.167342,0.152725,0.270265,0.413940,0.370376,0.356451,0.348052,0.206616,0.306967,0.255797,0.239006,0.239461,0.214168,0.195857,0.280794,0.155471,0.139692,0.223165,0.207148,0.285581,0.316934,0.432626,0.395929,0.425669,0.376522,0.266852,0.369844,0.441500,0.476899
0.261131,0.303650,0.390391,0.376489,0.448561,0.540355,0.362379,0.343412,0.371965,0.438160,0.114533,0.252072,0.203029,0.174997,0.352247,0.355916,0.238888,0.300673,0.338023,0.369226,0.163881,0.206374,0.320625,0.272977,0.589929,0.582898,0.577716,0.000000,0.170561,0.147542,0.471789,0.334288,0.307132,0.398895,0.126617,-0.000233,0.122408,0.192279,0.204911,0.157624,0.063180,0.152147,0.376687,0.320027,0.334958,0.391017,0.350282,0.324483,0.347821,0.325588,0.414776,0.390908,0.344427,0.245680,0.313489,0.317690,0.310301,0.317006,0.246007,0.231720,0.231971,0.224802,0.202970,0.293027,0.261846,0.333657,0.343154,0.334395,0.195293,0.225811,0.270935,0.248668,0.290847,0.252472,0.151245,0.195147,0.206161,0.169877,0.313003,0.299450,0.318412,0.392844,0.224663,0.158014,0.356865,0.373723,-0.012204,0.176239,0.292818,0.333843
0.666666,0.672473,0.335522,0.326176,0.076583,0.066739,0.433389,0.477349,-0.056842,-0.137246,0.518951,0.679669,0.536296,0.436522,0.389962,0.393575,0.741258,0.556696,0.556672,0.602902,0.162170,0.168756,0.330329,0.227661,0.217305,0.174023,0.033377,0.170561,0.000000,0.779121,0.705965,0.691681,0.620724,0.717149,0.032985,0.042027,0.184086,0.353990,0.313350,0.336165,0.206512,0.306586,0.423274,0.410752,0.339847,0.422955,0.540899,0.443088,0.322531,0.290964,0.353260,0.308278,0.474009,0.233200,0.450539,0.592097,0.651675,0.555659,0.391239,0.299768,0.491634,0.498007,0.644682,0.678007,0.223577,0.163349,0.417352,0.295539,0.425788,0.321080,0.252573,0.319746,0.334827,0.380839,0.228071,0.065348,0.348820,0.395266,0.509417,0.578310,0.799227,0.807905,0.391324,0.428911,0.615172,0.613465,0.208211,0.232791,0.208928,0.373806
0.692626,0.686041,0.271955,0.256633,0.074133,0.029993,0.335711,0.468477,-0.027968,-0.113076,0.466155,0.706051,0.437880,0.477977,0.292319,0.405433,0.717559,0.613372,0.679748,0.615570,0.189168,0.135773,0.293582,0.204669,0.192743,0.155864,0.154809,0.147542,0.779121,0.000000,0.544427,0.607472,0.656997,0.742611,0.049518,0.106398,0.172690,0.217358,0.241141,0.261758,0.152308,0.181146,0.251593,0.250058,0.359012,0.332570,0.539690,0.396588,0.342171,0.285154,0.335494,0.334942,0.400586,0.333851,0.487238,0.530363,0.660648,0.566113,0.395505,0.378762,0.420267,0.587882,0.488306,0.628678,0.196945,0.179844,0.388318,0.303715,0.430648,0.352603,0.260990,0.254893,0.332913,0.503222,0.191567,0.137809,0.258058,0.296113,0.434080,0.373759,0.816625,0.759012,0.355246,0.556456,0.521829,0.599993,0.248708,0.264712,0.204973,0.399607
0.545725,0.583666,0.698760,0.463387,0.185521,0.155696,0.591272,0.465966,0.046395,-0.009201,0.468604,0.565631,0.634147,0.540350,0.638863,0.669799,0.610618,0.414089,0.650374,0.606350,0.275984,0.221373,0.816225,0.564289,0.617411,0.473264,0.390303,0.471789,0.705965,0.544427,0.000000,1.019346,0.775456,0.860233,0.251476,0.061977,0.254906,0.371849,0.376174,0.374741,0.168904,0.307791,0.613203,0.485493,0.462372,0.557910,0.538123,0.500859,0.379518,0.355744,0.548181,0.433028,0.510922,0.300637,0.435415,0.550085,0.585107,0.602362,0.433176,0.293601,0.575238,0.434541,0.626487,0.596815,0.610212,0.423519,0.699706,0.515799,0.357844,0.333186,0.405277,0.408571,0.309368,0.349739,0.206351,0.087402,0.410453,0.445132,0.534771,0.575240,0.620061,0.786831,0.676000,0.612848,0.719085,0.840933,0.358239,0.381245,0.393895,0.532074
0.533852,0.554944,0.464212,0.406218,0.072316,0.060231,0.460817,0.503488,-0.101840,-0.138232,0.483147,0.639670,0.529325,0.617758,0.487007,0.581056,0.507763,0.411784,0.534053,0.538117,0.177406,0.162697,0.627551,0.535907,0.384982,0.337421,0.273595,0.334288,0.691681,0.607472,1.019346,0.000000,0.657181,0.781841,0.206652,0.089123,0.206270,0.351663,0.359087,0.392555,0.158754,0.269027,0.418107,0.410913,0.389801,0.425516,0.528885,0.443278,0.277123,0.296787,0.395122,0.355962,0.403709,0.231351,0.404286,0.519436,0.572217,0.519492,0.337760,0.286090,0.460770,0.454233,0.493504,0.472418,0.433363,0.422239,0.561614,0.536580,0.310669,0.317996,0.307038,0.357284,0.348135,0.377917,0.210530,0.128676,0.324003,0.405654,0.440266,0.460633,0.608746,0.667228,0.527832,0.507994,0.626761,0.739348,0.318184,0.312153,0.275174,0.435864
0.664152,0.680260,0.479534,0.275422,0.062945,0.101194,0.382815,0.349755,-0.016122,0.010959,0.571176,0.651120,0.619645,0.605990,0.571365,0.628995,0.725630,0.618234,0.767317,0.702059,0.195708,0.169961,0.516164,0.391797,0.306948,0.250694,0.356944,0.307132,0.620724,0.656997,0.775456,0.657181,0.000000,0.941926,0.183892,0.050461,0.220217,0.323007,0.315182,0.333237,0.207411,0.227032,0.457613,0.426102,0.504003,0.528341,0.613191,0.511031,0.447954,0.421086,0.579309,0.488259,0.499154,0.355830,0.534922,0.593210,0.690908,0.722095,0.490584,0.357494,0.586828,0.510447,0.566967,0.631486,0.389142,0.342927,0.632444,0.452986,0.523513,0.535405,0.243524,0.265568,0.296191,0.401358,0.192563,0.120757,0.334886,0.390666,0.602917,0.526491,0.717566,0.733156,0.662237,0.646029,0.712006,0.739998,0.397004,0.455226,0.432647,0.558891
0.662751,0.698435,0.496770,0.401920,0.157101,0.187181,0.489113,0.540934,0.052376,0.067932,0.544625,0.751371,0.598237,0.615400,0.531631,0.629149,0.750947,0.590247,0.765911,0.759177,0.203240,0.162359,0.522581,0.382134,0.409990,0.357107,0.329095,0.398895,0.717149,0.742611,0.860233,0.781841,0.941926,0.000000,0.254647,0.070730,0.261939,0.350462,0.313529,0.322453,0.164353,0.236085,0.572262,0.432363,0.515270,0.542881,0.634678,0.529852,0.498017,0.482613,0.566859,0.515589,0.558229,0.346368,0.525059,0.598107,0.702534,0.694546,0.534196,0.471536,0.636796,0.656505,0.572020,0.649106,0.425867,0.476971,0.709060,0.588906,0.463470,0.474382,0.294909,0.334703,0.326964,0.468606,0.292282,0.194827,0.407074,0.514266,0.577507,0.537298,0.796526,0.881269,0.610492,0.644753,0.792240,0.891018,0.355987,0.451441,0.464731,0.667049
0.005725,0.045345,0.330295,0.281804,0.155467,0.157323,0.273829,0.212163,0.118415,0.136064,0.101449,0.122104,0.135400,0.233206,0.191161,0.199301,0.027081,-0.015065,0.159843,0.128242,0.007341,-0.034766,0.378325,0.291193,0.346793,0.328785,0.232925,0.126617,0.032985,0.049518,0.251476,0.206652,0.183892,0.254647,0.000000,0.136622,0.149286,0.077694,0.065514,0.137788,-0.032711,-0.012493,0.310647,0.219865,0.221136,0.220860,0.138763,0.183026,0.151292,0.214688,0.214397,0.173721,0.224137,0.123593,0.141747,0.114005,0.049869,0.144720,0.234914,0.249795,0.196242,0.150265,0.036567,0.007839,0.399131,0.408279,0.463697,0.477605,0.038556,0.097737,0.131039,0.204286,0.020545,0.052447,0.081440,0.111987,0.163489,0.226020,0.055020,0.110767,0.050190,0.137590,0.182212,0.197069,0.291850,0.302080,0.139100,0.184413,0.366905,0.347895
0.002537,0.048387,0.133697,0.119488,0.098566,-0.007667,0.113326,0.129893,0.012005,-0.024555,0.031533,0.010553,0.042227,0.077899,-0.041247,0.044723,-0.052123,-0.000152,0.114473,0.021865,-0.049784,-0.116286,0.123181,0.112276,0.135973,0.090027,0.030896,-0.000233,0.042027,0.106398,0.061977,0.089123,0.050461,0.070730,0.136622,0.000000,-0.009032,-0.043074,-0.012465,-0.066901,-0.065925,-0.123222,0.038655,0.108885,0.054213,0.018778,0.110417,0.108096,0.081141,0.027214,0.062565,0.071814,0.066338,0.148164,0.090528,0.001428,0.035858,0.050525,0.102694,0.091349,-0.015359,0.033327,-0.087860,-0.043736,0.120025,0.091798,0.160780,0.217162,0.048284,0.049246,0.041026,0.105236,0.036840,0.062629,0.048769,-0.012196,0.093027,-0.012424,-0.116290,-0.039703,0.019194,-0.019905,-0.085035,-0.028890,0.016095,0.022596,-0.069752,-0.031077,0.045365,0.014960
0.148701,0.130588,0.097008,0.131947,0.126489,0.124484,0.044550,0.054289,0.070625,0.116780,0.095076,0.207863,0.078606,0.170569,0.190185,0.221571,0.168028,0.171647,0.141712,0.185512,0.086913,0.123682,0.127575,0.144986,0.171079,0.193779,0.187796,0.122408,0.184086,0.172690,0.254906,0.206270,0.220217,0.261939,0.149286,-0.009032,0.000000,0.181442,0.281053,0.266511,0.164817,0.158347,0.221028,0.193351,0.156767,0.190660,0.227073,0.203975,0.199725,0.177889,0.223022,0.214898,0.205567,0.078511,0.278780,0.221692,0.178285,0.166979,0.075731,0.064500,0.158074,0.091160,0.216576,0.240365,0.091571,0.180222,0.157457,0.231859,0.088943,0.062415,0.161344,0.169341,0.189428,0.208975,0.194282,0.165642,0.144567,0.198999,0.175344,0.141541,0.159845,0.188349,0.219160,0.226915,0.215635,0.261688,0.197268,0.204341,0.177547,0.281885
0.344583,0.390143,0.139423,0.153049,0.032257,0.078704,0.154377,0.167693,0.010913,-0.018046,0.179445,0.387369,0.242715,0.258070,0.272357,0.279632,0.316795,0.384017,0.261494,0.409111,0.059789,0.042374,0.161678,0.164385,0.123493,0.130386,0.057230,0.192279,0.353990,0.217358,0.371849,0.351663,0.323007,0.350462,0.077694,-0.043074,0.181442,0.000000,0.235435,0.251787,0.147690,0.306616,0.326442,0.333988,0.310047,0.382713,0.342094,0.306716,0.290561,0.234666,0.300600,0.277810,0.279544,0.097794,0.280761,0.411773,0.370505,0.367931,0.226561,0.174913,0.338473,0.267161,0.450600,0.452979,0.106083,0.112861,0.268670,0.271391,0.255157,0.217917,0.105576,0.129305,0.182854,0.125929,0.095974,0.062544,0.203726,0.312708,0.396180,0.485319,0.323563,0.367668,0.216635,0.086257,0.296156,0.381783,0.019698,0.250686,0.093812,0.221365
0.404902,0.381120,0.230136,0.194012,0.102745,0.076731,0.179836,0.198085,0.011519,0.003198,0.205931,0.360681,0.241533,0.303028,0.318207,0.301616,0.331496,0.340668,0.262687,0.317196,0.167085,0.139067,0.233349,0.239364,0.239725,0.163297,0.213436,0.204911,0.313350,0.241141,0.376174,0.359087,0.315182,0.313529,0.065514,-0.012465,0.281053,0.235435,0.000000,0.378663,0.257817,0.225612,0.324400,0.383430,0.314212,0.413247,0.371598,0.351790,0.348535,0.371190,0.417178,0.396487,0.349932,0.188854,0.468798,0.491056,0.416589,0.363686,0.274456,0.221918,0.292539,0.184671,0.381237,0.359130,0.215267,0.128236,0.257035,0.248576,0.211693,0.183647,0.128462,0.183659,0.281272,0.274882,0.136824,0.096519,0.155190,0.205043,0.413645,0.400216,0.330785,0.384335,0.323110,0.266325,0.370760,0.407717,0.227907,0.285973,0.229079,0.267475
0.340131,0.332276,0.217917,0.184217,0.080426,0.079458,0.177287,0.192051,-0.009336,-0.023826,0.201561,0.330133,0.250007,0.280742,0.275649,0.277948,0.308350,0.259267,0.254276,0.268508,0.123812,0.209011,0.226959,0.167500,0.233684,0.194504,0.159767,0.157624,0.336165,0.261758,0.374741,0.392555,0.333237,0.322453,0.137788,-0.066901,0.266511,0.251787,0.378663,0.000000,0.231291,0.235273,0.343500,0.379339,0.284427,0.401253,0.426283,0.358498,0.337511,0.337363,0.345309,0.348687,0.347727,0.195604,0.443729,0.491211,0.357495,0.346939,0.271020,0.226047,0.212801,0.204575,0.279522,0.311838,0.225084,0.189952,0.267237,0.257530,0.193572,0.158522,0.180338,0.176893,0.247605,0.230144,0.106620,0.097326,0.097991,0.220493,0.278880,0.331386,0.287439,0.398251,0.362590,0.328421,0.376233,0.412164,0.235480,0.290326,0.261273,0.286850
0.125637,0.131800,0.070202,0.105475,0.091374,0.036796,0.091446,0.095299,-0.000841,-0.033941,0.117149,0.185679,0.152963,0.144736,0.122749,0.068878,0.204821,0.181822,0.100160,0.112128,0.136673,0.121427,0.062277,0.043168,0.047016,0.042670,0.046686,0.063180,0.206512,0.152308,0.168904,0.158754,0.207411,0.164353,-0.032711,-0.065925,0.164817,0.147690,0.257817,0.231291,0.000000,0.163228,0.130146,0.139541,0.033849,0.130016,0.121024,0.153248,0.086671,0.118690,0.130759,0.124412,0.119422,0.037453,0.177026,0.206465,0.134151,0.097602,0.075662,0.061940,0.136206,0.085518,0.228275,0.216594,0.046856,0.046769,0.039777,0.047726,0.046582,0.014900,0.042680,0.154717,0.125088,0.191327,0.050923,0.103189,0.140102,0.116177,0.206070,0.153372,0.141290,0.162503,0.108487,0.104081,0.167423,0.197791,0.088708,0.122221,0.031940,0.069882
0.210721,0.232712,0.142042,0.175151,0.062000,0.055997,0.152834,0.182208,0.028277,-0.007043,0.142879,0.322765,0.170113,0.190896,0.220326,0.222343,0.237224,0.201950,0.154308,0.244292,0.106758,0.169079,0.142121,0.148177,0.122381,0.097167,0.064535,0.152147,0.306586,0.181146,0.307791,0.269027,0.227032,0.236085,-0.012493,-0.123222,0.158347,0.306616,0.225612,0.235273,0.163228,0.000000,0.253030,0.182426,0.141847,0.289124,0.186740,0.157340,0.199941,0.261634,0.234451,0.235490,0.219415,0.076287,0.187682,0.278032,0.183660,0.177744,0.181274,0.172827,0.237965,0.230982,0.352066,0.326182,0.172768,0.130325,0.132951,0.135085,0.065727,0.043452,0.093102,0.153967,0.159915,0.187142,0.079326,0.070768,0.085090,0.164122,0.311116,0.291496,0.223535,0.342043,0.255859,0.159396,0.242097,0.348402,0.132930,0.185979,0.113923,0.239810
0.365138,0.480814,0.468687,0.379890,0.250564,0.321918,0.414407,0.434055,0.174996,0.256313,0.173498,0.462949,0.377123,0.418797,0.498019,0.472214,0.373236,0.270227,0.450318,0.536289,0.132940,0.158972,0.432161,0.325535,0.563517,0.527768,0.352298,0.376687,0.423274,0.251593,0.613203,0.418107,0.457613,0.572262,0.310647,0.038655,0.221028,0.326442,0.324400,0.343500,0.130146,0.253030,0.000000,0.962283,0.795879,0.919038,0.691170,0.797428,0.723807,0.773595,0.850609,0.674076,0.853283,0.425283,0.480252,0.570746,0.480549,0.544731,0.567091,0.530265,0.489334,0.442420,0.452628,0.511336,0.477817,0.493527,0.710623,0.704386,0.323928,0.330228,0.249421,0.319389,0.210393,0.210596,0.155808,0.100565,0.321368,0.464648,0.384650,0.487807,0.456349,0.634994,0.506792,0.465437,0.618568,0.804671,0.292249,0.312855,0.476804,0.689552
0.480595,0.582504,0.408181,0.345937,0.098241,0.182377,0.364295,0.375144,-0.000720,0.088434,0.206129,0.410823,0.371966,0.362586,0.406139,0.351174,0.305081,0.355055,0.457626,0.441289,0.128176,0.107594,0.342596,0.265059,0.369224,0.328933,0.284860,0.320027,0.410752,0.250058,0.485493,0.410913,0.426102,0.432363,0.219865,0.108885,0.193351,0.333988,0.383430,0.379339,0.139541,0.182426,0.962283,0.000000,0.784141,0.940853,0.891212,0.956531,0.698371,0.752290,0.823272,0.752190,0.731017,0.517744,0.634831,0.720205,0.579184,0.620476,0.494431,0.426920,0.367958,0.288339,0.349494,0.468211,0.371592,0.355929,0.610367,0.602726,0.346032,0.322555,0.189110,0.254071,0.280596,0.203007,0.115825,0.077661,0.232917,0.260054,0.352021,0.470396,0.399486,0.494384,0.315049,0.262166,0.550214,0.614159,0.185432,0.235102,0.303716,0.447414
0.604343,0.726243,0.425351,0.402338,0.161182,0.238349,0.398158,0.477699,0.042663,0.149618,0.223380,0.489624,0.364328,0.379553,0.378114,0.397664,0.386160,0.473090,0.590334,0.631412,0.151368,0.110591,0.431835,0.341105,0.422933,0.356058,0.354459,0.334958,0.339847,0.359012,0.462372,0.389801,0.504003,0.515270,0.221136,0.054213,0.156767,0.310047,0.314212,0.284427,0.033849,0.141847,0.795879,0.784141,0.000000,1.170289,0.935250,0.963267,0.949226,0.804638,0.980346,0.895912,0.773608,0.748781,0.658436,0.689127,0.714756,0.738693,0.620278,0.621253,0.419639,0.427501,0.337351,0.518930,0.396679,0.386129,0.735286,0.662323,0.419189,0.409159,0.159846,0.242573,0.268286,0.213610,0.110732,0.068074,0.173640,0.256504,0.424593,0.471351,0.554666,0.588637,0.304286,0.298947,0.595679,0.661884,0.135556,0.282550,0.383417,0.554843
0.644343,0.776036,0.453714,0.436214,0.179632,0.237533,0.440911,0.491043,0.057354,0.148144,0.275695,0.534805,0.454719,0.422665,0.454723,0.428137,0.431863,0.495836,0.562018,0.642973,0.170297,0.141275,0.403498,0.304005,0.413871,0.344526,0.313493,0.391017,0.422955,0.332570,0.557910,0.425516,0.528341,0.542881,0.220860,0.018778,0.190660,0.382713,0.413247,0.401253,0.130016,0.289124,0.919038,0.940853,1.170289,0.000000,0.965330,0.991136,0.932006,0.956196,0.959236,0.909511,0.823864,0.624944,0.714483,0.840049,0.755471,0.771692,0.692390,0.644113,0.505616,0.457977,0.436258,0.623591,0.425466,0.392753,0.675198,0.639142,0.416881,0.412453,0.171128,0.248172,0.298159,0.247708,0.090719,0.063078,0.225892,0.322474,0.526104,0.635303,0.554573,0.706744,0.402191,0.345973,0.696171,0.771493,0.194223,0.357549,0.425801,0.596280
0.762559,0.838471,0.392503,0.416793,0.121492,0.175229,0.389167,0.510074,0.001628,0.069572,0.311313,0.619767,0.433973,0.442547,0.402631,0.417921,0.516762,0.579141,0.643116,0.629849,0.154155,0.137631,0.351837,0.296070,0.391719,0.362176,0.308925,0.350282,0.540899,0.539690,0.538123,0.528885,0.613191,0.634678,0.138763,0.110417,0.227073,0.342094,0.371598,0.426283,0.121024,0.186740,0.691170,0.891212,0.935250,0.965330,0.000000,1.166973,0.873366,0.743016,0.870333,0.870617,0.781876,0.723932,0.899139,0.915794,0.854443,0.796087,0.531750,0.466931,0.363416,0.441167,0.377555,0.628129,0.276260,0.305186,0.594876,0.544727,0.466857,0.429466,0.217121,0.244474,0.403515,0.382153,0.147058,0.152466,0.231353,0.257917,0.423149,0.513436,0.694404,0.716048,0.319053,0.380069,0.593259,0.630356,0.173908,0.314993,0.300313,0.448170
0.666055,0.757116,0.524259,0.537483,0.189162,0.250872,0.538450,0.600772,0.055288,0.126631,0.304088,0.558588,0.488682,0.450308,0.373460,0.345482,0.403183,0.521242,0.650105,0.611606,0.159889,0.130772,0.442913,0.351723,0.442117,0.400390,0.301261,0.324483,0.443088,0.396588,0.500859,0.443278,0.511031,0.529852,0.183026,0.108096,0.203975,0.306716,0.351790,0.358498,0.153248,0.157340,0.797428,0.956531,0.963267,0.991136,1.166973,0.000000,0.799745,0.749205,0.862822,0.825614,0.846366,0.822932,0.761088,0.795663,0.731001,0.745582,0.590444,0.559289,0.371855,0.412215,0.325615,0.560832,0.309769,0.354514,0.667854,0.601224,0.494283,0.428646,0.221316,0.273912,0.348853,0.248205,0.092251,0.075959,0.227232,0.290822,0.375379,0.504863,0.620569,0.633839,0.261087,0.297178,0.572243,0.593918,0.115801,0.255863,0.346331,0.531825
0.543190,0.669919,0.403733,0.461333,0.303655,0.339609,0.358133,0.478775,0.251203,0.287876,0.165455,0.503378,0.270117,0.326677,0.317944,0.345666,0.369524,0.484319,0.466623,0.532512,0.137347,0.170083,0.274806,0.254175,0.467462,0.428905,0.364679,0.347821,0.322531,0.342171,0.379518,0.277123,0.447954,0.498017,0.151292,0.081141,0.199725,0.290561,0.348535,0.337511,0.086671,0.199941,0.723807,0.698371,0.949226,0.932006,0.873366,0.799745,0.000000,1.130992,1.228062,1.117954,0.902482,0.734345,0.724507,0.726109,0.613484,0.645609,0.722629,0.693439,0.396135,0.467103,0.330568,0.581336,0.245161,0.385168,0.577160,0.569320,0.333114,0.339349,0.195939,0.232493,0.314383,0.310507,0.147735,0.121526,0.211686,0.270210,0.372046,0.440749,0.465341,0.546043,0.258712,0.268936,0.436844,0.550614,0.081536,0.209445,0.378726,0.492468
