0.000000,1.323687,0.850135,0.833041,0.462349,0.518513,1.093136,1.082534,0.540297,0.244850,0.906868,1.103724,1.042029,1.039953,0.724002,0.645357,0.932738,1.137926,1.090413,0.897857,0.242432,0.098895,0.372062,0.313756,0.469991,0.468656,0.434285,0.270618,0.786847,0.830498,0.308198,0.424537,0.526915,0.577048,0.108938,0.221590,0.286211,0.275707,0.453782,0.542842,0.445647,0.367878,0.653817,0.410710,0.440777,0.249180,0.778395,0.759422,0.910391,1.130722,1.341425,1.171800,1.116038,1.173544,1.101917,1.094676,1.050888,1.091669,1.186470,1.083041,1.323314,0.845024,1.295496,1.168861,0.292711,0.251890,0.896605,0.763981,0.772886,0.719254,0.227463,0.207548,0.577232,0.677413,0.381218,0.399993,0.473502,0.532287,0.418110,0.585752,0.689302,0.772633,0.448035,0.604898,0.671465,0.807221,0.329063,0.441636,0.875178,1.094603
1.323687,0.000000,0.785115,0.876588,0.422820,0.514094,0.980804,1.105379,0.556815,0.284810,0.775008,1.043509,0.895658,0.964241,0.674782,0.596041,1.002816,1.227490,1.060469,0.999330,0.245375,0.088817,0.397988,0.377239,0.473818,0.501902,0.433464,0.360682,0.781108,0.936596,0.398571,0.524294,0.629279,0.735903,0.167099,0.223968,0.282629,0.317938,0.468146,0.554550,0.487420,0.430375,0.783646,0.549605,0.589571,0.390789,0.921707,0.892737,0.968612,1.121543,1.041141,0.936816,0.988717,1.025366,0.900505,1.000310,1.288006,1.337160,0.838914,0.845830,1.082914,0.965162,1.070740,1.370674,0.326508,0.301645,0.802353,0.694178,0.799156,0.777542,0.238331,0.182273,0.581696,0.696132,0.377820,0.385431,0.457857,0.572609,0.489020,0.675480,0.829631,0.894465,0.512231,0.613655,0.695630,0.884416,0.284553,0.426228,0.762903,0.943631
0.850135,0.785115,0.000000,1.235308,0.440340,0.559989,1.380032,1.154499,0.557589,0.411907,0.642393,0.825234,0.924508,0.880535,0.851761,0.777117,0.627958,0.704562,0.855879,0.821655,0.264949,0.187231,0.945591,0.792855,0.666733,0.743101,0.466306,0.316121,0.554338,0.600557,0.565327,0.569991,0.766610,0.731756,0.412229,0.343304,0.340777,0.328349,0.408328,0.475514,0.476170,0.315140,0.720286,0.443917,0.470019,0.297069,0.687105,0.680437,0.658490,0.760131,0.813491,0.580020,0.681758,0.742309,0.651861,0.594883,0.774563,0.706065,0.561376,0.549529,0.875810,0.809408,0.601732,0.626463,0.661194,0.616345,0.952505,0.732982,0.635059,0.629859,0.237357,0.237570,0.556192,0.581002,0.339969,0.314349,0.520304,0.537252,0.316093,0.503532,0.573982,0.647702,0.414275,0.522923,0.908875,0.994925,0.333385,0.403186,1.002435,0.827154
0.833041,0.876588,1.235308,0.000000,0.421881,0.553305,1.205045,1.253950,0.478067,0.357883,0.710726,0.951283,0.945119,0.971353,0.850749,0.772815,0.730537,0.840196,0.813014,0.863360,0.317856,0.211214,0.918710,0.929872,0.650390,0.880595,0.532195,0.419471,0.643680,0.759206,0.693857,0.805516,0.859526,0.967767,0.494889,0.379330,0.353714,0.348159,0.558288,0.652621,0.560661,0.437830,0.884906,0.530902,0.665372,0.372656,0.855838,0.806231,0.806747,0.808458,0.881273,0.573535,0.643857,0.672671,0.716827,0.683619,0.922945,0.885357,0.534278,0.533339,0.973815,1.039745,0.686152,0.766701,0.799579,0.841954,1.000253,0.965632,0.724635,0.743035,0.237236,0.231646,0.621586,0.623492,0.356547,0.406549,0.491798,0.567893,0.448734,0.638514,0.724677,0.828592,0.512368,0.641542,1.087727,1.304507,0.373318,0.482791,0.970362,0.867113
0.462349,0.422820,0.440340,0.421881,0.000000,0.370518,0.476072,0.501739,0.285522,0.218219,0.319182,0.475883,0.383821,0.437664,0.360040,0.367189,0.391745,0.425694,0.399329,0.404154,0.078548,0.083618,0.271545,0.253540,0.314175,0.344378,0.309857,0.148037,0.345071,0.363239,0.184313,0.247122,0.340600,0.315248,0.119358,0.212073,0.237513,0.216287,0.265829,0.282252,0.263276,0.232606,0.330341,0.222687,0.259501,0.168802,0.352340,0.361383,0.451595,0.447320,0.480336,0.432671,0.440767,0.500844,0.471565,0.428619,0.427183,0.414580,0.448468,0.417670,0.504551,0.447500,0.449378,0.423122,0.232000,0.229368,0.482953,0.434735,0.356629,0.359662,0.200009,0.147966,0.306724,0.363383,0.214966,0.260454,0.217717,0.278763,0.209332,0.269080,0.301524,0.371342,0.227388,0.284562,0.392801,0.409433,0.196598,0.214224,0.433926,0.447996
0.518513,0.514094,0.559989,0.553305,0.370518,0.000000,0.569875,0.637278,0.319074,0.364916,0.386394,0.585106,0.456871,0.547164,0.461741,0.334284,0.409950,0.465006,0.542798,0.513359,0.170677,0.125239,0.359752,0.327540,0.390065,0.464524,0.222276,0.181600,0.398886,0.393826,0.182338,0.287307,0.327396,0.381798,0.189891,0.248050,0.160234,0.134489,0.168001,0.252260,0.192165,0.142545,0.419754,0.214472,0.277956,0.140107,0.437931,0.430392,0.521251,0.545518,0.542189,0.458978,0.560670,0.538438,0.570057,0.525345,0.488848,0.469773,0.426446,0.459748,0.553313,0.492562,0.470597,0.472992,0.266032,0.231131,0.538169,0.528206,0.441930,0.471178,0.155232,0.171999,0.339320,0.327586,0.203860,0.231424,0.302102,0.406480,0.158776,0.235503,0.296144,0.376370,0.143205,0.246390,0.427600,0.482399,0.209878,0.256636,0.596931,0.599433
1.093136,0.980804,1.380032,1.205045,0.476072,0.569875,0.000000,1.528175,0.620880,0.387893,0.746434,0.947019,1.051742,0.994812,0.787641,0.728977,0.752673,0.915118,0.927212,0.803271,0.282132,0.183115,0.649705,0.589686,0.571529,0.624567,0.411850,0.319093,0.712741,0.689579,0.443658,0.532435,0.681891,0.709042,0.275734,0.302472,0.312430,0.285753,0.395052,0.475427,0.425961,0.331249,0.725763,0.417732,0.476584,0.260710,0.775556,0.745124,0.789051,0.905646,0.978353,0.745331,0.850867,0.899856,0.790860,0.757996,0.907318,0.860182,0.683399,0.669115,1.123947,0.890756,0.811110,0.854473,0.546027,0.481145,0.973688,0.794914,0.655100,0.688059,0.217494,0.249004,0.622256,0.634018,0.351153,0.354873,0.490524,0.551035,0.370015,0.557747,0.619048,0.737810,0.390849,0.541378,0.831110,0.988670,0.293320,0.388962,0.961950,0.939879
1.082534,1.105379,1.154499,1.253950,0.501739,0.637278,1.528175,0.000000,0.576651,0.415310,0.694800,1.075487,0.904276,1.013709,0.691875,0.680887,0.795772,0.975605,0.934898,0.921773,0.247231,0.193772,0.576439,0.580704,0.531177,0.633229,0.375933,0.289495,0.737991,0.777043,0.449161,0.571714,0.683840,0.782604,0.275627,0.312766,0.273880,0.251028,0.363927,0.471121,0.403399,0.362059,0.799858,0.437810,0.536542,0.283578,0.863679,0.829183,0.924090,0.998020,1.012035,0.782385,0.922041,0.916885,0.848509,0.843634,0.984887,0.921969,0.698993,0.699726,1.113448,1.040165,0.861456,0.968975,0.502097,0.463734,1.012108,0.880571,0.678880,0.748358,0.287388,0.257836,0.629607,0.690449,0.387569,0.373267,0.548128,0.643575,0.374954,0.542315,0.656792,0.758359,0.358831,0.523573,0.796786,1.023686,0.268078,0.383823,0.912764,0.988683
0.540297,0.556815,0.557589,0.478067,0.285522,0.319074,0.620880,0.576651,0.000000,0.475333,0.364892,0.472251,0.519662,0.487339,0.474411,0.435495,0.469583,0.514354,0.458914,0.477007,0.177076,0.040221,0.282860,0.257973,0.324863,0.274731,0.283550,0.158161,0.390846,0.443539,0.230508,0.263833,0.370341,0.325348,0.148885,0.091648,0.219740,0.281766,0.284854,0.286569,0.279216,0.229503,0.348120,0.262535,0.264572,0.207763,0.401120,0.407408,0.437951,0.512350,0.533947,0.492640,0.527308,0.576202,0.476446,0.497895,0.493316,0.509152,0.465000,0.482362,0.585567,0.538649,0.497190,0.544804,0.262220,0.230597,0.492719,0.414372,0.421255,0.467172,0.109976,0.101675,0.244268,0.360189,0.207909,0.171618,0.233803,0.232967,0.295415,0.359999,0.385322,0.441301,0.308464,0.339060,0.374226,0.473129,0.193000,0.176741,0.504241,0.541987
0.244850,0.284810,0.411907,0.357883,0.218219,0.364916,0.387893,0.415310,0.475333,0.000000,0.177063,0.274437,0.257257,0.290260,0.342242,0.336911,0.205697,0.245570,0.300460,0.358626,0.145354,0.090043,0.338557,0.310294,0.308460,0.336172,0.215918,0.148504,0.159352,0.230049,0.264970,0.237281,0.336076,0.302615,0.241625,0.212849,0.166155,0.187274,0.147672,0.145210,0.240947,0.133832,0.314092,0.223227,0.242200,0.199710,0.262150,0.276987,0.301254,0.298601,0.275124,0.192571,0.274293,0.313330,0.244768,0.222597,0.297908,0.277974,0.196704,0.182873,0.293107,0.384383,0.204283,0.253011,0.264578,0.229439,0.367140,0.276538,0.227261,0.334201,0.125470,0.147720,0.201506,0.192707,0.146781,0.139212,0.142926,0.197810,0.133297,0.164253,0.215402,0.271085,0.179276,0.248250,0.319218,0.345531,0.111477,0.083246,0.321591,0.304237
0.906868,0.775008,0.642393,0.710726,0.319182,0.386394,0.746434,0.694800,0.364892,0.177063,0.000000,0.894595,1.100406,0.862301,0.751299,0.565260,0.777449,0.825154,0.858761,0.619469,0.300038,0.101505,0.454805,0.393978,0.511406,0.443168,0.553154,0.404861,0.648219,0.781719,0.498536,0.548060,0.568084,0.603635,0.187493,0.160158,0.344349,0.385420,0.678217,0.629193,0.559329,0.446941,0.648958,0.538412,0.590396,0.423893,0.710172,0.699514,0.709019,0.821779,0.829969,0.733560,0.604063,0.669352,0.767897,0.817692,0.748342,0.843601,0.646291,0.667541,0.902015,0.811986,0.818139,0.773984,0.466011,0.452453,0.634903,0.637278,0.529684,0.550126,0.120402,0.046812,0.412824,0.439848,0.351634,0.298041,0.225251,0.299758,0.512527,0.642067,0.709877,0.759156,0.661657,0.722762,0.810624,0.780807,0.375911,0.599925,0.650606,0.726401
1.103724,1.043509,0.825234,0.951283,0.475883,0.585106,0.947019,1.075487,0.472251,0.274437,0.894595,0.000000,1.077370,1.337656,0.844511,0.815663,0.854185,1.038242,0.875464,0.842899,0.274026,0.157058,0.499065,0.496861,0.501423,0.584364,0.424649,0.297206,0.818595,0.920203,0.373465,0.521493,0.522155,0.664523,0.191626,0.274649,0.315766,0.284170,0.471300,0.580598,0.455616,0.430670,0.716753,0.406455,0.522186,0.255914,0.830774,0.792694,0.935635,1.024044,1.076685,0.898313,0.871612,0.885595,1.044456,1.011414,0.872461,0.883720,0.808949,0.862564,1.085460,0.928077,1.055515,1.020499,0.459952,0.435851,0.841853,0.906923,0.768044,0.717950,0.231581,0.215120,0.544230,0.651945,0.345093,0.452701,0.439602,0.554265,0.390477,0.516709,0.679393,0.758711,0.427827,0.633144,0.836174,0.995491,0.376012,0.514893,0.904579,1.107714
1.042029,0.895658,0.924508,0.945119,0.383821,0.456871,1.051742,0.904276,0.519662,0.257257,1.100406,1.077370,0.000000,1.195665,1.063157,0.808745,0.854255,0.959636,0.886772,0.673542,0.330592,0.095005,0.603508,0.507538,0.605736,0.564903,0.563911,0.402051,0.732448,0.825679,0.500607,0.580358,0.632243,0.663740,0.180328,0.197356,0.376822,0.404121,0.635925,0.668104,0.599577,0.462834,0.702657,0.503397,0.533076,0.355972,0.752170,0.715123,0.739384,0.929929,0.996724,0.853575,0.714392,0.824879,0.827381,0.852924,0.837907,0.890334,0.716576,0.759262,1.050758,0.892783,0.921347,0.867902,0.509098,0.479912,0.729161,0.704909,0.645034,0.668874,0.169576,0.123554,0.534706,0.570464,0.355053,0.369139,0.319728,0.389942,0.537502,0.701151,0.759449,0.828728,0.635290,0.743008,0.863975,0.946051,0.361402,0.531936,0.867502,0.883990
1.039953,0.964241,0.880535,0.971353,0.437664,0.547164,0.994812,1.013709,0.487339,0.290260,0.862301,1.337656,1.195665,0.000000,0.962523,0.908949,0.868174,1.031176,0.849302,0.751175,0.312669,0.135399,0.568164,0.497612,0.544259,0.580832,0.466726,0.327433,0.764093,0.855615,0.415907,0.531598,0.562450,0.673667,0.181141,0.242517,0.320377,0.323271,0.536942,0.613575,0.508781,0.489457,0.759968,0.452792,0.539124,0.272722,0.831872,0.750826,0.884236,1.041516,1.014571,0.872609,0.800600,0.847959,0.959562,0.924523,0.898391,0.873962,0.718006,0.770326,1.033220,0.874505,0.994441,0.947374,0.457343,0.428106,0.749596,0.797017,0.734861,0.687037,0.235939,0.209099,0.589324,0.689370,0.323504,0.401448,0.418533,0.519597,0.452344,0.611409,0.717169,0.814565,0.480776,0.733000,0.872622,1.046592,0.340254,0.579474,0.899023,1.060641
0.724002,0.674782,0.851761,0.850749,0.360040,0.461741,0.787641,0.691875,0.474411,0.342242,0.751299,0.844511,1.063157,0.962523,0.000000,0.799133,0.675497,0.784338,0.621823,0.598664,0.302704,0.187745,0.727537,0.615233,0.628050,0.672381,0.539622,0.361857,0.652739,0.702169,0.527415,0.587959,0.585813,0.630604,0.300851,0.273745,0.443875,0.415553,0.622891,0.714120,0.541839,0.439305,0.634706,0.428168,0.494029,0.280469,0.674101,0.649947,0.641217,0.742856,0.792650,0.660138,0.574730,0.645675,0.773260,0.713932,0.673113,0.701279,0.627009,0.671992,0.861143,0.754023,0.729347,0.660764,0.614856,0.604320,0.725043,0.758446,0.633349,0.598050,0.123705,0.157127,0.503633,0.567623,0.307721,0.384434,0.343662,0.399703,0.411947,0.557657,0.644648,0.702077,0.553181,0.654255,0.882530,0.918069,0.516449,0.556064,0.956041,0.856446
0.645357,0.596041,0.777117,0.772815,0.367189,0.334284,0.728977,0.680887,0.435495,0.336911,0.565260,0.815663,0.808745,0.908949,0.799133,0.000000,0.538529,0.621697,0.572229,0.619417,0.312597,0.174009,0.662571,0.608603,0.541820,0.584797,0.394637,0.275114,0.490059,0.560497,0.413121,0.426216,0.470302,0.527424,0.257112,0.295003,0.329034,0.302087,0.433555,0.522441,0.420672,0.359658,0.538902,0.309790,0.377386,0.182359,0.547476,0.537170,0.585560,0.650051,0.719451,0.577167,0.578060,0.618813,0.660968,0.579036,0.578510,0.549791,0.578060,0.580348,0.706326,0.609304,0.587263,0.545436,0.517277,0.515838,0.693651,0.678859,0.631728,0.565679,0.195591,0.192304,0.436800,0.548872,0.218103,0.321058,0.377196,0.390488,0.293821,0.406676,0.478814,0.531924,0.382695,0.571291,0.746628,0.800788,0.421741,0.450807,0.820622,0.803415
0.932738,1.002816,0.627958,0.730537,0.391745,0.409950,0.752673,0.795772,0.469583,0.205697,0.777449,0.854185,0.854255,0.868174,0.675497,0.538529,0.000000,1.176873,0.769632,0.698234,0.299368,0.105332,0.391271,0.394164,0.514546,0.440060,0.507245,0.356641,0.955818,0.993661,0.480743,0.550649,0.669854,0.767831,0.228664,0.239260,0.415046,0.401642,0.617562,0.652051,0.581608,0.487839,0.902534,0.638751,0.790030,0.479555,0.994090,0.891282,0.981546,0.957140,0.859366,0.720835,0.639677,0.693415,0.820366,0.839429,1.126545,1.038472,0.612650,0.608380,0.947351,0.826945,1.039013,1.088484,0.432033,0.397462,0.665482,0.655570,0.646913,0.567497,0.159524,0.074205,0.616476,0.629732,0.393993,0.382216,0.384013,0.440814,0.658283,0.796299,1.083164,1.038938,0.655227,0.763601,0.824313,0.924387,0.288270,0.497476,0.652445,0.731845
1.137926,1.227490,0.704562,0.840196,0.425694,0.465006,0.915118,0.975605,0.514354,0.245570,0.825154,1.038242,0.959636,1.031176,0.784338,0.621697,1.176873,0.000000,0.879689,0.813092,0.263373,0.099346,0.396979,0.375816,0.483790,0.505567,0.520858,0.398022,1.021303,1.112784,0.458802,0.594330,0.646962,0.808740,0.163945,0.226953,0.364822,0.376414,0.603803,0.694444,0.581297,0.515167,0.847013,0.574989,0.701371,0.391633,1.022623,0.949037,1.090729,1.094464,1.049809,0.912050,0.797061,0.856273,0.986313,1.048322,1.193994,1.184352,0.781267,0.776082,1.202076,0.987991,1.265890,1.401612,0.412047,0.385400,0.776014,0.793589,0.769193,0.688610,0.170935,0.121578,0.637322,0.726024,0.378394,0.458481,0.386246,0.508271,0.584036,0.784548,0.960616,1.048003,0.589035,0.709159,0.796018,0.947447,0.329808,0.481135,0.783265,0.902133
1.090413,1.060469,0.855879,0.813014,0.399329,0.542798,0.927212,0.934898,0.458914,0.300460,0.858761,0.875464,0.886772,0.849302,0.621823,0.572229,0.769632,0.879689,0.000000,1.072284,0.289090,0.092049,0.481892,0.384636,0.410741,0.464151,0.449255,0.350156,0.616092,0.695676,0.410661,0.452261,0.636458,0.605649,0.184101,0.222883,0.310983,0.328977,0.448451,0.478877,0.456853,0.330493,0.619653,0.430487,0.483929,0.340981,0.693787,0.676838,0.750504,0.834636,0.807744,0.739784,0.768303,0.841643,0.780078,0.821944,0.891393,0.907066,0.724445,0.705409,0.915673,0.805910,0.832090,0.893817,0.332204,0.286147,0.808840,0.662525,0.815411,0.732757,0.190435,0.215674,0.519578,0.598456,0.401712,0.374684,0.422329,0.475572,0.407660,0.519116,0.605648,0.654587,0.460883,0.568734,0.636710,0.698946,0.289734,0.500206,0.751927,0.815655
0.897857,0.999330,0.821655,0.863360,0.404154,0.513359,0.803271,0.921773,0.477007,0.358626,0.619469,0.842899,0.673542,0.751175,0.598664,0.619417,0.698234,0.813092,1.072284,0.000000,0.268005,0.141265,0.567916,0.502692,0.461293,0.574990,0.419056,0.307866,0.574453,0.679211,0.439194,0.485003,0.660474,0.672135,0.277315,0.346486,0.384315,0.389542,0.425494,0.509737,0.480978,0.348584,0.657915,0.438878,0.529207,0.363614,0.712601,0.755506,0.784146,0.828233,0.762755,0.652792,0.727220,0.766478,0.787277,0.799789,0.904767,0.799339,0.673563,0.664428,0.842281,0.859399,0.736508,0.839391,0.377217,0.370016,0.957765,0.824701,1.025064,0.823062,0.266960,0.276379,0.499934,0.591573,0.370060,0.384738,0.527448,0.616261,0.395385,0.454898,0.597491,0.641933,0.424299,0.472521,0.659529,0.754373,0.318537,0.358592,0.862918,0.880975
0.242432,0.245375,0.264949,0.317856,0.078548,0.170677,0.282132,0.247231,0.177076,0.145354,0.300038,0.274026,0.330592,0.312669,0.302704,0.312597,0.299368,0.263373,0.289090,0.268005,0.000000,0.105767,0.283456,0.291220,0.269907,0.257846,0.291119,0.170403,0.260055,0.290700,0.317205,0.333485,0.331019,0.333695,0.246739,0.177423,0.166114,0.251640,0.342019,0.393337,0.282271,0.159169,0.281727,0.232699,0.331941,0.212716,0.291296,0.283526,0.268078,0.237421,0.220112,0.142336,0.153541,0.168096,0.209421,0.216388,0.319655,0.300058,0.132763,0.127378,0.285369,0.296060,0.229748,0.230402,0.335630,0.324377,0.257320,0.270266,0.256878,0.220571,0.088660,0.018366,0.202092,0.207332,0.109954,0.101517,0.117699,0.158729,0.291463,0.292561,0.306116,0.313647,0.295232,0.313677,0.347647,0.391377,0.170314,0.248295,0.270015,0.214885
0.098895,0.088817,0.187231,0.211214,0.083618,0.125239,0.183115,0.193772,0.040221,0.090043,0.101505,0.157058,0.095005,0.135399,0.187745,0.174009,0.105332,0.099346,0.092049,0.141265,0.105767,0.000000,0.241874,0.284120,0.112228,0.260715,0.033250,0.077210,0.162353,0.136231,0.188338,0.200370,0.176160,0.191658,0.205789,0.187961,0.071907,0.049850,0.061971,0.151964,0.062333,0.046831,0.124732,0.020560,0.081084,-0.022655,0.137733,0.131737,0.129472,0.105341,0.123241,0.053221,0.125096,0.070148,0.171397,0.105995,0.119137,0.092074,0.089663,0.067276,0.129040,0.090750,0.055002,0.058338,0.227517,0.223852,0.224411,0.205381,0.135778,0.099303,0.080336,0.160591,0.200808,0.150384,0.064277,0.081379,0.246908,0.198363,-0.047651,0.000795,0.089151,0.100541,0.049930,0.072437,0.229907,0.202947,0.097715,0.168373,0.245785,0.171766
0.372062,0.397988,0.945591,0.918710,0.271545,0.359752,0.649705,0.576439,0.282860,0.338557,0.454805,0.499065,0.603508,0.568164,0.727537,0.662571,0.391271,0.396979,0.481892,0.567916,0.283456,0.241874,0.000000,1.420743,0.739541,0.924463,0.474240,0.380027,0.423158,0.507601,0.937109,0.815621,0.890784,0.786226,0.724470,0.409022,0.363345,0.414454,0.516156,0.549225,0.573913,0.414759,0.684291,0.486571,0.573294,0.396212,0.540041,0.536843,0.433446,0.414911,0.426206,0.181551,0.253009,0.281743,0.322815,0.276987,0.503688,0.441252,0.196141,0.174517,0.449406,0.542935,0.247175,0.287833,0.967805,0.940949,0.676324,0.571469,0.453809,0.464608,0.177543,0.204225,0.432328,0.356366,0.272813,0.225283,0.371806,0.362414,0.288552,0.444056,0.531130,0.580176,0.516106,0.549463,0.980782,0.869968,0.419280,0.477271,0.712130,0.474032
0.313756,0.377239,0.792855,0.929872,0.253540,0.327540,0.589686,0.580704,0.257973,0.310294,0.393978,0.496861,0.507538,0.497612,0.615233,0.608603,0.394164,0.375816,0.384636,0.502692,0.291220,0.284120,1.420743,0.000000,0.682447,0.917390,0.460001,0.387850,0.430397,0.533865,0.960508,0.939340,0.918333,0.927056,0.813690,0.425273,0.310715,0.373587,0.519461,0.550401,0.560659,0.456164,0.713589,0.514983,0.644225,0.446943,0.563488,0.562443,0.436590,0.357575,0.365646,0.096183,0.207198,0.214331,0.253694,0.222947,0.525909,0.444131,0.120978,0.098249,0.393922,0.597035,0.216761,0.284824,1.067347,1.155103,0.627617,0.577062,0.389779,0.430856,0.184319,0.139281,0.398809,0.307435,0.232470,0.221053,0.353457,0.362595,0.280909,0.446196,0.580374,0.637848,0.543088,0.562929,1.003360,0.946650,0.358315,0.482041,0.572030,0.395371
0.469991,0.473818,0.666733,0.650390,0.314175,0.390065,0.571529,0.531177,0.324863,0.308460,0.511406,0.501423,0.605736,0.544259,0.628050,0.541820,0.514546,0.483790,0.410741,0.461293,0.269907,0.112228,0.739541,0.682447,0.000000,0.679669,0.562606,0.370550,0.427126,0.542609,0.637710,0.596705,0.660969,0.617258,0.381113,0.251306,0.313131,0.377252,0.525474,0.498060,0.503953,0.360487,0.615122,0.545107,0.538017,0.489412,0.514882,0.529671,0.443836,0.496582,0.518817,0.339618,0.355639,0.411329,0.386494,0.382574,0.558732,0.531430,0.304334,0.304509,0.523881,0.615006,0.412587,0.425754,0.571062,0.623688,0.515052,0.430400,0.372869,0.428328,0.158869,0.056722,0.366606,0.323127,0.183863,0.203813,0.223217,0.272702,0.370362,0.498669,0.634518,0.609276,0.602931,0.578845,0.717720,0.723932,0.285532,0.385516,0.527936,0.447793
0.468656,0.501902,0.743101,0.880595,0.344378,0.464524,0.624567,0.633229,0.274731,0.336172,0.443168,0.584364,0.564903,0.580832,0.672381,0.584797,0.440060,0.505567,0.464151,0.574990,0.257846,0.260715,0.924463,0.917390,0.679669,0.000000,0.462465,0.374786,0.466997,0.563124,0.687848,0.704398,0.691058,0.720731,0.591841,0.352523,0.244650,0.327866,0.479959,0.548090,0.487031,0.382142,0.619380,0.450359,0.515934,0.366165,0.554669,0.564048,0.473735,0.491168,0.517420,0.307807,0.385461,0.401267,0.419993,0.394747,0.560439,0.541249,0.323608,0.334050,0.537824,0.653186,0.387282,0.427246,0.731995,0.829416,0.682796,0.637089,0.475779,0.496665,0.164727,0.153676,0.398784,0.378633,0.267624,0.270924,0.330235,0.408968,0.298425,0.431424,0.571717,0.597833,0.480879,0.503119,0.837314,0.857480,0.376773,0.449253,0.716426,0.566689
0.434285,0.433464,0.466306,0.532195,0.309857,0.222276,0.411850,0.375933,0.283550,0.215918,0.553154,0.424649,0.563911,0.466726,0.539622,0.394637,0.507245,0.520858,0.449255,0.419056,0.291119,0.033250,0.474240,0.460001,0.562606,0.462465,0.000000,0.521364,0.345862,0.585712,0.691819,0.642762,0.711657,0.639268,0.338753,0.152219,0.410038,0.603998,0.875924,0.639512,0.702405,0.550598,0.577825,0.743867,0.697669,0.755672,0.543606,0.588186,0.449110,0.462322,0.447480,0.328138,0.228926,0.329859,0.380798,0.418345,0.563464,0.630223,0.294330,0.288092,0.527861,0.734077,0.418263,0.519549,0.539420,0.594244,0.424478,0.377822,0.320048,0.347711,0.019152,-0.026294,0.216085,0.234333,0.252372,0.164623,0.028827,0.117790,0.552986,0.632968,0.735798,0.777361,0.866590,0.683231,0.626368,0.628209,0.211239,0.387838,0.375502,0.329862
0.270618,0.360682,0.316121,0.419471,0.148037,0.181600,0.319093,0.289495,0.158161,0.148504,0.404861,0.297206,0.402051,0.327433,0.361857,0.275114,0.356641,0.398022,0.350156,0.307866,0.170403,0.077210,0.380027,0.387850,0.370550,0.374786,0.521364,0.000000,0.325451,0.470464,0.578740,0.589603,0.541848,0.532204,0.301303,0.159940,0.235248,0.352100,0.532342,0.445008,0.430289,0.395843,0.427030,0.539308,0.527642,0.555120,0.401248,0.408873,0.308703,0.250698,0.252652,0.156777,0.110041,0.171064,0.175743,0.246157,0.435152,0.517989,0.133959,0.142073,0.353381,0.544912,0.294799,0.409850,0.451446,0.467507,0.270317,0.217927,0.237264,0.300834,-0.018734,-0.048682,0.179470,0.141521,0.171410,0.147285,-0.025949,0.077124,0.405381,0.523030,0.559610,0.547728,0.599950,0.575892,0.467934,0.469301,0.133626,0.390623,0.218357,0.201240
0.786847,0.781108,0.554338,0.643680,0.345071,0.398886,0.712741,0.737991,0.390846,0.159352,0.648219,0.818595,0.732448,0.764093,0.652739,0.490059,0.955818,1.021303,0.616092,0.574453,0.260055,0.162353,0.423158,0.430397,0.427126,0.466997,0.345862,0.325451,0.000000,1.008381,0.433384,0.585733,0.572981,0.692789,0.263286,0.192152,0.346475,0.289875,0.479225,0.597148,0.446944,0.420042,0.720244,0.456786,0.601118,0.303378,0.826553,0.736981,0.832786,0.749831,0.737272,0.614066,0.582406,0.582961,0.749086,0.752866,0.789910,0.741128,0.543985,0.529850,0.799616,0.628444,0.906571,0.841893,0.404862,0.340624,0.607909,0.613597,0.545301,0.493024,0.124700,0.130535,0.623180,0.588083,0.309307,0.352818,0.405001,0.458509,0.458562,0.582384,0.793163,0.795129,0.475823,0.602338,0.708801,0.789729,0.311229,0.467096,0.616495,0.672693
0.830498,0.936596,0.600557,0.759206,0.363239,0.393826,0.689579,0.777043,0.443539,0.230049,0.781719,0.920203,0.825679,0.855615,0.702169,0.560497,0.993661,1.112784,0.695676,0.679211,0.290700,0.136231,0.507601,0.533865,0.542609,0.563124,0.585712,0.470464,1.008381,0.000000,0.687351,0.828093,0.770023,0.895293,0.323246,0.187553,0.378651,0.473249,0.806968,0.771857,0.644431,0.621403,0.907538,0.747632,0.879173,0.608749,0.959364,0.907921,0.928792,0.860058,0.802698,0.648168,0.563070,0.607464,0.729838,0.798108,0.972939,0.991230,0.558438,0.542781,0.838554,0.931483,0.903358,1.040202,0.512657,0.493876,0.652486,0.644810,0.580719,0.557277,0.151531,0.102827,0.507656,0.549089,0.387198,0.382533,0.303755,0.422668,0.641084,0.849522,1.127316,1.151650,0.811118,0.861614,0.837644,0.971963,0.292597,0.542279,0.595907,0.642054
0.308198,0.398571,0.565327,0.693857,0.184313,0.182338,0.443658,0.449161,0.230508,0.264970,0.498536,0.373465,0.500607,0.415907,0.527415,0.413121,0.480743,0.458802,0.410661,0.439194,0.317205,0.188338,0.937109,0.960508,0.637710,0.687848,0.691819,0.578740,0.433384,0.687351,0.000000,1.314387,1.157624,1.050194,0.694906,0.250003,0.404404,0.628541,0.854138,0.727041,0.795350,0.608182,0.800176,0.858223,0.948241,0.827659,0.655299,0.655950,0.464655,0.348923,0.328967,0.079268,0.096042,0.160937,0.241248,0.283786,0.607212,0.567453,0.080228,0.022396,0.396250,0.699358,0.248114,0.369128,0.887571,0.918231,0.469234,0.369100,0.272344,0.315338,0.115386,0.088308,0.329457,0.261698,0.287216,0.184940,0.181510,0.247994,0.507854,0.725124,0.833594,0.825663,0.963314,0.721347,0.867830,0.808837,0.256129,0.480129,0.374790,0.208684
0.424537,0.524294,0.569991,0.805516,0.247122,0.287307,0.532435,0.571714,0.263833,0.237281,0.548060,0.521493,0.580358,0.531598,0.587959,0.426216,0.550649,0.594330,0.452261,0.485003,0.333485,0.200370,0.815621,0.939340,0.596705,0.704398,0.642762,0.589603,0.585733,0.828093,1.314387,0.000000,1.047030,1.133355,0.679446,0.268979,0.389876,0.540686,0.813103,0.802684,0.744358,0.613191,0.867008,0.805265,0.970094,0.735777,0.779966,0.762270,0.588188,0.446486,0.441410,0.186101,0.200364,0.240985,0.343727,0.402610,0.697460,0.679244,0.187607,0.143834,0.520481,0.813060,0.392434,0.509265,0.858499,0.898275,0.553892,0.503527,0.357260,0.410260,0.128920,0.142843,0.393036,0.338090,0.295865,0.267918,0.212127,0.304861,0.518244,0.743395,0.885762,0.926643,0.858711,0.732463,0.900568,0.937631,0.280035,0.506658,0.428929,0.322500
0.526915,0.629279,0.766610,0.859526,0.340600,0.327396,0.681891,0.683840,0.370341,0.336076,0.568084,0.522155,0.632243,0.562450,0.585813,0.470302,0.669854,0.646962,0.636458,0.660474,0.331019,0.176160,0.890784,0.918333,0.660969,0.691058,0.711657,0.541848,0.572981,0.770023,1.157624,1.047030,0.000000,1.193579,0.677071,0.324672,0.437379,0.556727,0.797504,0.708851,0.727626,0.610079,0.969695,0.938664,0.994380,0.853752,0.836873,0.861966,0.655340,0.569701,0.497677,0.253988,0.297481,0.367598,0.364587,0.408616,0.870403,0.760761,0.220684,0.190011,0.575392,0.864113,0.416893,0.568787,0.816006,0.809924,0.681864,0.495157,0.448583,0.475021,0.167149,0.128125,0.473368,0.356559,0.398609,0.233730,0.325879,0.359798,0.490360,0.747849,0.950361,1.002618,0.902958,0.760504,0.969028,0.958283,0.258011,0.465582,0.498052,0.364007
0.577048,0.735903,0.731756,0.967767,0.315248,0.381798,0.709042,0.782604,0.325348,0.302615,0.603635,0.664523,0.663740,0.673667,0.630604,0.527424,0.767831,0.808740,0.605649,0.672135,0.333695,0.191658,0.786226,0.927056,0.617258,0.720731,0.639268,0.532204,0.692789,0.895293,1.050194,1.133355,1.193579,0.000000,0.634924,0.368684,0.399063,0.479811,0.758637,0.776845,0.726933,0.617481,1.100306,0.880591,1.084504,0.713117,1.003443,0.968052,0.788119,0.641269,0.580655,0.312716,0.364044,0.414122,0.484249,0.529820,0.998325,0.889337,0.268153,0.251079,0.669394,0.996169,0.548098,0.704308,0.847157,0.879055,0.700315,0.660358,0.502851,0.546811,0.160658,0.111359,0.555060,0.498912,0.345060,0.323130,0.354314,0.450924,0.570524,0.791555,1.027624,1.106389,0.809306,0.770035,1.062057,1.163202,0.276562,0.513606,0.548165,0.468848
0.108938,0.167099,0.412229,0.494889,0.119358,0.189891,0.275734,0.275627,0.148885,0.241625,0.187493,0.191626,0.180328,0.181141,0.300851,0.257112,0.228664,0.163945,0.184101,0.277315,0.246739,0.205789,0.724470,0.813690,0.381113,0.591841,0.338753,0.301303,0.263286,0.323246,0.694906,0.679446,0.677071,0.634924,0.000000,0.437900,0.288948,0.317886,0.420733,0.398000,0.383487,0.314637,0.519327,0.447349,0.588604,0.419749,0.410219,0.417788,0.296039,0.167803,0.174846,-0.081092,0.020733,0.046162,0.106702,0.059854,0.358974,0.279962,-0.008096,-0.051042,0.218547,0.373935,0.058785,0.101930,0.829470,0.825081,0.494657,0.397322,0.220648,0.271506,0.052972,0.124986,0.259885,0.135115,0.147737,0.139281,0.205982,0.224447,0.202031,0.308445,0.421118,0.437981,0.384205,0.355236,0.639063,0.579406,0.268921,0.312804,0.322679,0.135898
0.221590,0.223968,0.343304,0.379330,0.212073,0.248050,0.302472,0.312766,0.091648,0.212849,0.160158,0.274649,0.197356,0.242517,0.273745,0.295003,0.239260,0.226953,0.222883,0.346486,0.177423,0.187961,0.409022,0.425273,0.251306,0.352523,0.152219,0.159940,0.192152,0.187553,0.250003,0.268979,0.324672,0.368684,0.437900,0.000000,0.197756,0.098374,0.152443,0.246272,0.196042,0.133457,0.365171,0.122803,0.309062,0.050226,0.340403,0.337970,0.346569,0.268946,0.300816,0.129385,0.205451,0.208325,0.260093,0.199925,0.334417,0.266424,0.191132,0.173394,0.324111,0.282209,0.224981,0.203614,0.468072,0.449391,0.508549,0.539698,0.394662,0.364886,0.052445,0.173221,0.299251,0.236847,0.083267,0.193214,0.304737,0.326084,0.099655,0.118778,0.193925,0.256802,0.077653,0.164748,0.477256,0.433433,0.282282,0.196514,0.412858,0.329855
0.286211,0.282629,0.340777,0.353714,0.237513,0.160234,0.312430,0.273880,0.219740,0.166155,0.344349,0.315766,0.376822,0.320377,0.443875,0.329034,0.415046,0.364822,0.310983,0.384315,0.166114,0.071907,0.363345,0.310715,0.313131,0.244650,0.410038,0.235248,0.346475,0.378651,0.404404,0.389876,0.437379,0.399063,0.288948,0.197756,0.000000,0.492754,0.481704,0.403273,0.445934,0.308297,0.388192,0.360734,0.437863,0.350702,0.400433,0.402864,0.374588,0.331121,0.333333,0.240643,0.204880,0.275446,0.365653,0.328376,0.371279,0.358009,0.240759,0.251458,0.390690,0.415518,0.316573,0.305425,0.404950,0.374108,0.406942,0.380742,0.347846,0.315123,0.074676,0.113506,0.284466,0.235233,0.221009,0.207863,0.122115,0.169742,0.345819,0.327305,0.394234,0.386043,0.401963,0.356450,0.439057,0.418155,0.269650,0.294986,0.375613,0.297504
0.275707,0.317938,0.328349,0.348159,0.216287,0.134489,0.285753,0.251028,0.281766,0.187274,0.385420,0.284170,0.404121,0.323271,0.415553,0.302087,0.401642,0.376414,0.328977,0.389542,0.251640,0.049850,0.414454,0.373587,0.377252,0.327866,0.603998,0.352100,0.289875,0.473249,0.628541,0.540686,0.556727,0.479811,0.317886,0.098374,0.492754,0.000000,0.679176,0.591870,0.610275,0.478361,0.444147,0.561378,0.594121,0.595034,0.427577,0.456586,0.350196,0.296851,0.263083,0.162339,0.128689,0.220117,0.277018,0.320232,0.418291,0.424358,0.172688,0.150426,0.357338,0.478813,0.291690,0.346365,0.405634,0.414221,0.335000,0.270139,0.322076,0.274567,0.080966,0.077615,0.179410,0.192045,0.178509,0.177252,0.060401,0.097741,0.472485,0.479744,0.542182,0.539254,0.690636,0.526075,0.436097,0.443942,0.178049,0.295980,0.288357,0.220423
0.453782,0.468146,0.408328,0.558288,0.265829,0.168001,0.395052,0.363927,0.284854,0.147672,0.678217,0.471300,0.635925,0.536942,0.622891,0.433555,0.617562,0.603803,0.448451,0.425494,0.342019,0.061971,0.516156,0.519461,0.525474,0.479959,0.875924,0.532342,0.479225,0.806968,0.854138,0.813103,0.797504,0.758637,0.420733,0.152443,0.481704,0.679176,0.000000,0.967681,0.886196,0.753705,0.718438,0.900010,0.931478,0.877753,0.691606,0.677999,0.563627,0.518687,0.474998,0.342853,0.188715,0.287734,0.437927,0.482861,0.663484,0.707488,0.273550,0.266003,0.534641,0.749380,0.471853,0.558953,0.608654,0.649609,0.430467,0.425355,0.375689,0.381950,0.078886,-0.055400,0.267142,0.293359,0.212625,0.240207,0.046902,0.115778,0.697090,0.782406,0.983681,0.970476,1.233948,0.890610,0.772816,0.752412,0.307754,0.512892,0.395493,0.325905
0.542842,0.554550,0.475514,0.652621,0.282252,0.252260,0.475427,0.471121,0.286569,0.145210,0.629193,0.580598,0.668104,0.613575,0.714120,0.522441,0.652051,0.694444,0.478877,0.509737,0.393337,0.151964,0.549225,0.550401,0.498060,0.548090,0.639512,0.445008,0.597148,0.771857,0.727041,0.802684,0.708851,0.776845,0.398000,0.246272,0.403273,0.591870,0.967681,0.000000,0.705064,0.610204,0.735752,0.699298,0.825766,0.597912,0.751272,0.727958,0.655960,0.610228,0.608579,0.453035,0.329252,0.372544,0.582071,0.594214,0.718862,0.739108,0.407434,0.414365,0.652836,0.764511,0.576762,0.618988,0.603518,0.651306,0.583353,0.610702,0.530791,0.478450,0.059580,0.043163,0.419453,0.407787,0.256593,0.291917,0.207898,0.292543,0.584823,0.728530,0.862529,0.879103,0.846136,0.788745,0.782949,0.846822,0.392612,0.534455,0.569717,0.503805
0.445647,0.487420,0.476170,0.560661,0.263276,0.192165,0.425961,0.403399,0.279216,0.240947,0.559329,0.455616,0.599577,0.508781,0.541839,0.420672,0.581608,0.581297,0.456853,0.480978,0.282271,0.062333,0.573913,0.560659,0.503953,0.487031,0.702405,0.430289,0.446944,0.644431,0.795350,0.744358,0.727626,0.726933,0.383487,0.196042,0.445934,0.610275,0.886196,0.705064,0.000000,0.601425,0.695498,0.733416,0.777853,0.709328,0.631926,0.623588,0.533594,0.486256,0.437321,0.298179,0.214086,0.316252,0.386410,0.413726,0.626540,0.630587,0.262877,0.230575,0.482502,0.648061,0.429505,0.506437,0.559799,0.567892,0.443367,0.406458,0.379027,0.391876,0.096314,0.016162,0.297061,0.329170,0.220942,0.235776,0.106755,0.210916,0.572365,0.649525,0.831356,0.790584,0.893271,0.710099,0.714880,0.687401,0.279791,0.391251,0.388718,0.328093
0.367878,0.430375,0.315140,0.437830,0.232606,0.142545,0.331249,0.362059,0.229503,0.133832,0.446941,0.430670,0.462834,0.489457,0.439305,0.359658,0.487839,0.515167,0.330493,0.348584,0.159169,0.046831,0.414759,0.456164,0.360487,0.382142,0.550598,0.395843,0.420042,0.621403,0.608182,0.613191,0.610079,0.617481,0.314637,0.133457,0.308297,0.478361,0.753705,0.610204,0.601425,0.000000,0.550174,0.587263,0.613651,0.534272,0.536212,0.520638,0.469869,0.422039,0.377014,0.269606,0.217821,0.283876,0.359877,0.398735,0.534404,0.542849,0.229231,0.214384,0.411615,0.547058,0.393053,0.474003,0.419490,0.453312,0.339419,0.350682,0.295578,0.296936,0.109476,0.056510,0.269842,0.286511,0.209772,0.196119,0.107816,0.189745,0.416422,0.542966,0.679922,0.713093,0.717278,0.620174,0.585772,0.595054,0.214973,0.378275,0.298996,0.316851
0.653817,0.783646,0.720286,0.884906,0.330341,0.419754,0.725763,0.799858,0.348120,0.314092,0.648958,0.716753,0.702657,0.759968,0.634706,0.538902,0.902534,0.847013,0.619653,0.657915,0.281727,0.124732,0.684291,0.713589,0.615122,0.619380,0.577825,0.427030,0.720244,0.907538,0.800176,0.867008,0.969695,1.100306,0.519327,0.365171,0.388192,0.444147,0.718438,0.735752,0.695498,0.550174,0.000000,1.193819,1.354866,0.795822,1.594735,1.439905,1.127048,0.961577,0.743826,0.452672,0.449016,0.469361,0.604581,0.644846,1.080615,0.921294,0.318182,0.315641,0.683471,0.874316,0.630333,0.770628,0.723686,0.699523,0.707994,0.644678,0.527611,0.537937,0.106296,0.075690,0.553870,0.498909,0.353931,0.335588,0.341216,0.460370,0.580287,0.793945,1.089676,1.179315,0.742379,0.769319,1.103858,1.182260,0.250647,0.459882,0.573605,0.539732
0.410710,0.549605,0.443917,0.530902,0.222687,0.214472,0.417732,0.437810,0.262535,0.223227,0.538412,0.406455,0.503397,0.452792,0.428168,0.309790,0.638751,0.574989,0.430487,0.438878,0.232699,0.020560,0.486571,0.514983,0.545107,0.450359,0.743867,0.539308,0.456786,0.747632,0.858223,0.805265,0.938664,0.880591,0.447349,0.122803,0.360734,0.561378,0.900010,0.699298,0.733416,0.587263,1.193819,0.000000,1.295647,1.521268,0.974345,1.035413,0.675765,0.635756,0.428200,0.254893,0.189571,0.270309,0.309294,0.415535,0.776263,0.744660,0.128748,0.140953,0.405624,0.769914,0.377174,0.569199,0.539065,0.562194,0.365231,0.277482,0.294436,0.300500,0.024775,-0.085363,0.276779,0.220902,0.281258,0.150778,0.060687,0.170729,0.582852,0.793600,1.092757,1.034509,1.110350,0.808911,0.743900,0.763079,0.129182,0.414102,0.269164,0.222902
0.440777,0.589571,0.470019,0.665372,0.259501,0.277956,0.476584,0.536542,0.264572,0.242200,0.590396,0.522186,0.533076,0.539124,0.494029,0.377386,0.790030,0.701371,0.483929,0.529207,0.331941,0.081084,0.573294,0.644225,0.538017,0.515934,0.697669,0.527642,0.601118,0.879173,0.948241,0.970094,0.994380,1.084504,0.588604,0.309062,0.437863,0.594121,0.931478,0.825766,0.777853,0.613651,1.354866,1.295647,0.000000,1.117128,1.268331,1.189704,0.959044,0.698328,0.516179,0.276357,0.212732,0.272013,0.451013,0.519309,0.901278,0.813303,0.169342,0.160522,0.540030,0.851239,0.472499,0.652584,0.759529,0.739084,0.557086,0.532293,0.422334,0.417051,0.050191,-0.004221,0.396129,0.336738,0.306222,0.289449,0.163799,0.281532,0.732900,0.853588,1.203825,1.202177,0.965751,0.848764,0.988872,0.972799,0.234983,0.466911,0.372150,0.325916
0.249180,0.390789,0.297069,0.372656,0.168802,0.140107,0.260710,0.283578,0.207763,0.199710,0.423893,0.255914,0.355972,0.272722,0.280469,0.182359,0.479555,0.391633,0.340981,0.363614,0.212716,-0.022655,0.396212,0.446943,0.489412,0.366165,0.755672,0.555120,0.303378,0.608749,0.827659,0.735777,0.853752,0.713117,0.419749,0.050226,0.350702,0.595034,0.877753,0.597912,0.709328,0.534272,0.795822,1.521268,1.117128,0.000000,0.664880,0.711928,0.477100,0.415306,0.254588,0.121754,0.017498,0.114168,0.148182,0.269467,0.570911,0.570215,0.006910,0.016423,0.257355,0.676878,0.221263,0.426251,0.463337,0.509262,0.262656,0.159822,0.184636,0.228409,0.023863,-0.142013,0.137172,0.066444,0.214891,0.073117,-0.066222,0.038119,0.584073,0.707041,0.981167,0.852481,1.158097,0.763120,0.567200,0.573078,0.066673,0.360080,0.109078,0.066597
0.778395,0.921707,0.687105,0.855838,0.352340,0.437931,0.775556,0.863679,0.401120,0.262150,0.710172,0.830774,0.752170,0.831872,0.674101,0.547476,0.994090,1.022623,0.693787,0.712601,0.291296,0.137733,0.540041,0.563488,0.514882,0.554669,0.543606,0.401248,0.826553,0.959364,0.655299,0.779966,0.836873,1.003443,0.410219,0.340403,0.400433,0.427577,0.691606,0.751272,0.631926,0.536212,1.594735,0.974345,1.268331,0.664880,0.000000,1.675953,1.422455,1.147544,0.893178,0.623450,0.587060,0.600987,0.794488,0.874756,1.147389,1.014121,0.468706,0.474534,0.842532,0.909805,0.770548,0.935585,0.625345,0.569909,0.786917,0.736395,0.611539,0.587061,0.111488,0.114940,0.584291,0.572669,0.358673,0.403980,0.373605,0.483869,0.573761,0.755013,1.068546,1.182338,0.670654,0.710622,1.026233,1.118641,0.283834,0.448654,0.635858,0.654924
0.759422,0.892737,0.680437,0.806231,0.361383,0.430392,0.745124,0.829183,0.407408,0.276987,0.699514,0.792694,0.715123,0.750826,0.649947,0.537170,0.891282,0.949037,0.676838,0.755506,0.283526,0.131737,0.536843,0.562443,0.529671,0.564048,0.588186,0.408873,0.736981,0.907921,0.655950,0.762270,0.861966,0.968052,0.417788,0.337970,0.402864,0.456586,0.677999,0.727958,0.623588,0.520638,1.439905,1.035413,1.189704,0.711928,1.675953,0.000000,1.246445,1.098850,0.810281,0.584939,0.572162,0.623806,0.748394,0.853717,1.122089,0.966847,0.458898,0.475240,0.784014,0.944648,0.722093,0.888838,0.595148,0.576726,0.787359,0.734072,0.621541,0.567246,0.091851,0.093898,0.510992,0.498633,0.360561,0.353768,0.372778,0.495963,0.507586,0.684974,0.992394,1.124364,0.684920,0.661548,0.982276,1.062183,0.295577,0.427229,0.656502,0.650879
0.910391,0.968612,0.658490,0.806747,0.451595,0.521251,0.789051,0.924090,0.437951,0.301254,0.709019,0.935635,0.739384,0.884236,0.641217,0.585560,0.981546,1.090729,0.750504,0.784146,0.268078,0.129472,0.433446,0.436590,0.443836,0.473735,0.449110,0.308703,0.832786,0.928792,0.464655,0.588188,0.655340,0.788119,0.296039,0.346569,0.374588,0.350196,0.563627,0.655960,0.533594,0.469869,1.127048,0.675765,0.959044,0.477100,1.422455,1.246445,0.000000,1.362579,1.097963,0.835026,0.776221,0.769852,1.036059,1.067504,1.063835,1.003814,0.692525,0.659066,0.972233,0.853436,0.920958,1.042468,0.484843,0.408475,0.881170,0.834024,0.683129,0.689544,0.139273,0.157018,0.595786,0.629399,0.337944,0.428795,0.390710,0.518376,0.515891,0.634963,0.857520,0.968899,0.516929,0.642681,0.838389,0.952299,0.322399,0.441990,0.717218,0.823675
