0.000000,0.599797,0.720214,0.708697,0.533237,0.191696,0.706217,0.790674,0.602235,0.391434,0.953901,1.053385,0.880673,0.924348,0.814352,0.673793,0.757138,0.546316,0.956486,0.834887,0.380611,0.181770,0.479379,0.440584,0.468737,0.669065,0.604857,0.344286,0.744405,0.463291,0.632007,0.671525,0.884001,0.804993,1.038890,0.827603,0.312366,0.136941,0.418622,0.203149,0.447790,0.258622,0.181796,0.253590,0.275129,0.189801,0.276288,0.335278,0.310942,0.169201,0.478745,0.330837,0.284042,0.375994,0.465017,0.390505,0.634041,0.420623,0.545117,0.316065,0.630575,0.636290,0.506203,0.606068,0.632514,0.582134,0.636331,0.466420,0.499900,0.501181,-0.282645,-0.175860,0.642105,0.654331,0.584030,0.558422,0.493936,0.340070,0.153433,0.398764,0.875762,0.610513,0.735069,0.541266,0.957888,1.026866,0.438068,0.547144,0.352271,0.568146
0.599797,0.000000,0.399125,0.631785,0.498530,0.426678,0.492965,0.724787,0.463634,0.241346,0.250741,0.625475,0.454078,0.471374,0.387467,0.745680,0.918290,1.050129,0.550426,0.601029,0.202824,-0.022699,0.277700,0.313020,0.382534,0.449711,0.567874,0.282373,0.575235,0.606726,0.553870,0.523051,0.935426,0.979095,0.591585,0.841631,0.090683,0.244996,0.315543,0.198921,0.415847,0.259797,0.253040,0.319401,0.383144,0.404258,0.348737,0.512950,0.473136,0.415444,0.341454,0.333196,0.322838,0.322892,0.408904,0.339879,0.917309,1.080477,0.902746,0.897325,1.022521,0.833063,0.885732,0.793919,0.218379,0.345812,0.764066,0.677825,0.678044,0.555093,-0.384758,-0.334837,0.451664,0.663904,0.319203,0.274168,0.313171,0.164297,0.284479,0.182541,0.559005,0.555051,0.635386,0.700893,0.381973,0.406769,0.089367,0.228237,0.330634,0.419392
0.720214,0.399125,0.000000,1.298070,0.696892,0.446243,1.184294,0.909148,0.515997,0.295677,0.470286,0.436523,0.610733,0.560477,0.675817,0.529531,0.443072,0.225553,0.947500,0.907206,0.259295,0.227328,1.255780,1.318862,0.564869,0.609351,0.571454,0.489620,0.407255,0.237782,0.590645,0.662375,0.572510,0.610182,0.731721,0.692520,0.425392,0.291047,0.392273,0.458008,0.619175,0.384985,0.163431,0.200271,0.357314,0.306939,0.301434,0.325953,0.346814,0.202366,0.514574,0.354688,0.290730,0.360822,0.451861,0.422603,0.333467,0.163280,0.461358,0.305043,0.434683,0.468409,0.328768,0.298159,0.511761,0.483538,0.541643,0.451702,0.423572,0.416005,0.035279,0.041316,0.638022,0.597338,0.566787,0.498212,0.470114,0.470123,0.152215,0.285369,0.621901,0.475023,0.605396,0.384454,0.731921,0.830373,0.430187,0.470744,0.559590,0.743941
0.708697,0.631785,1.298070,0.000000,0.594025,0.498953,1.028591,1.270818,0.509397,0.326530,0.410567,0.613953,0.579165,0.659585,0.569739,0.771059,0.611297,0.400304,0.865461,1.003031,0.249763,0.083366,0.902522,1.128919,0.448914,0.533780,0.528017,0.437991,0.532068,0.440147,0.596640,0.693125,0.732065,0.854352,0.740984,0.921463,0.411586,0.293824,0.405535,0.381528,0.722566,0.369827,0.167374,0.242904,0.410359,0.401082,0.316155,0.397132,0.460423,0.311202,0.505052,0.411352,0.334191,0.408397,0.537397,0.440618,0.500430,0.306257,0.609871,0.518657,0.607132,0.725781,0.528704,0.518439,0.451603,0.583604,0.673889,0.655070,0.549820,0.512333,-0.164188,-0.172845,0.644465,0.735494,0.539450,0.480295,0.506622,0.439911,0.173671,0.235307,0.663519,0.519944,0.664277,0.505702,0.682344,0.838929,0.291462,0.413062,0.585484,0.811050
0.533237,0.498530,0.696892,0.594025,0.000000,0.898075,0.729979,0.762487,0.907939,0.389066,0.384688,0.517914,0.734226,0.471685,0.806923,0.612953,0.598819,0.389915,0.483003,0.530995,0.416658,0.470523,0.409162,0.509735,0.786530,0.757795,0.766233,0.573992,0.525348,0.479012,0.266668,0.254864,0.530726,0.603923,0.566607,0.483312,0.277896,0.284538,0.347340,0.326396,0.452962,0.405264,0.269368,0.271469,0.373554,0.335787,0.342253,0.381569,0.499315,0.454138,0.601079,0.531050,0.339618,0.366904,0.508027,0.472602,0.289507,0.328565,0.498896,0.428630,0.605836,0.687350,0.499546,0.523645,0.700972,0.800486,0.481163,0.445664,0.304111,0.325915,-0.124440,-0.171148,0.622646,0.579998,0.604305,0.518631,0.239171,0.139604,0.270504,0.279515,0.488369,0.346540,0.463632,0.313489,0.458999,0.527705,0.304656,0.319417,0.511902,0.519567
0.191696,0.426678,0.446243,0.498953,0.898075,0.000000,0.551321,0.561137,0.612348,0.545680,0.134619,0.306523,0.504957,0.327385,0.446363,0.685529,0.432732,0.434376,0.168375,0.329206,0.169595,0.260608,0.212086,0.376218,0.633483,0.592061,0.618476,0.705407,0.439738,0.465808,0.161128,0.108009,0.322749,0.454292,0.250437,0.290695,0.278276,0.324577,0.296999,0.353464,0.379571,0.262318,0.252774,0.305920,0.348109,0.409751,0.325544,0.398586,0.520684,0.575828,0.429623,0.520428,0.391151,0.331232,0.438494,0.476630,0.248046,0.351644,0.408437,0.413001,0.528241,0.561384,0.585503,0.556233,0.247323,0.533002,0.329865,0.395906,0.129866,0.150862,-0.044859,-0.109148,0.457800,0.463183,0.378115,0.289556,0.060373,0.030293,0.183188,0.096340,0.174277,0.130003,0.334114,0.175237,0.130837,0.219098,0.025172,0.033415,0.392535,0.496041
0.706217,0.492965,1.184294,1.028591,0.729979,0.551321,0.000000,1.161528,0.782422,0.424304,0.334761,0.635438,0.606793,0.538744,0.514126,0.683541,0.444309,0.313455,0.660055,0.651854,0.361159,0.157130,0.676366,0.739745,0.392391,0.628429,0.481944,0.289729,0.433667,0.380255,0.472740,0.493889,0.554792,0.607428,0.580139,0.584748,0.234330,0.132177,0.414898,0.295254,0.488386,0.299681,0.150163,0.209709,0.290052,0.280817,0.250769,0.352940,0.394742,0.334573,0.475454,0.452004,0.346726,0.363278,0.455920,0.453761,0.278725,0.217398,0.511761,0.429218,0.590849,0.722449,0.376048,0.521531,0.510367,0.737513,0.457915,0.421819,0.278327,0.229069,-0.135684,-0.090309,0.681089,0.632119,0.614948,0.715533,0.469727,0.404281,0.051632,0.159738,0.434169,0.272260,0.461872,0.269486,0.470440,0.565150,0.197570,0.234122,0.448822,0.654693
0.790674,0.724787,0.909148,1.270818,0.762487,0.561137,1.161528,0.000000,0.644584,0.307421,0.361604,1.003539,0.666877,0.706252,0.532254,0.885734,0.660533,0.557788,0.750206,0.888195,0.498466,0.248007,0.606051,0.705733,0.416242,0.613595,0.557620,0.295897,0.623339,0.677428,0.495022,0.519455,0.801625,0.908648,0.718983,0.891792,0.261891,0.174592,0.494551,0.352737,0.610974,0.335358,0.217784,0.305259,0.444108,0.426179,0.342124,0.483748,0.588571,0.497292,0.589185,0.586491,0.368786,0.485960,0.648467,0.536852,0.419612,0.335482,0.674521,0.660746,0.772565,1.187929,0.630577,0.823794,0.574084,0.916474,0.715502,0.712027,0.550129,0.521019,-0.327316,-0.285438,0.773024,0.915348,0.660021,0.716289,0.536120,0.429623,0.225187,0.221481,0.628923,0.456287,0.610875,0.466666,0.554383,0.702814,0.176322,0.299223,0.569032,0.772244
0.602235,0.463634,0.515997,0.509397,0.907939,0.612348,0.782422,0.644584,0.000000,0.855869,0.552242,0.716357,0.746919,0.671327,0.830753,0.796915,0.443951,0.432373,0.341111,0.304203,0.227434,0.237705,0.271892,0.405839,0.554718,0.862386,0.598233,0.430927,0.450084,0.426227,0.349570,0.337986,0.348431,0.397144,0.560013,0.440738,0.138777,0.234181,0.229975,0.135300,0.188035,0.207086,0.123510,0.171447,0.147204,0.142632,0.207932,0.290417,0.258716,0.255428,0.328400,0.297920,0.227958,0.201468,0.303371,0.319209,0.290903,0.421948,0.300339,0.237593,0.518279,0.601334,0.404751,0.517880,0.630439,0.735013,0.213769,0.222984,0.047548,0.048422,-0.157859,-0.126323,0.334041,0.344050,0.329669,0.383599,0.111543,0.056772,0.118613,0.164020,0.349451,0.208975,0.476420,0.262392,0.476703,0.486824,0.188200,0.224940,0.267473,0.395100
0.391434,0.241346,0.295677,0.326530,0.389066,0.545680,0.424304,0.307421,0.855869,0.000000,0.449538,0.446079,0.495681,0.477318,0.551420,0.513433,0.213247,0.301483,0.137014,0.217254,0.055557,0.109825,0.116849,0.247192,0.336398,0.812208,0.325532,0.515993,0.351981,0.219529,0.335298,0.305917,0.145855,0.228368,0.280787,0.213043,0.136141,0.246045,0.174537,0.103622,0.084525,0.034975,0.111809,0.142291,0.042800,0.032150,0.112944,0.169863,0.055284,0.057559,0.063100,0.019881,0.091842,0.018525,0.092147,0.108981,0.254712,0.355404,0.077525,-0.004214,0.255457,0.254662,0.262485,0.277551,0.277533,0.312714,0.038627,0.024855,-0.086792,-0.027656,-0.011053,0.069930,0.084950,0.111550,0.047634,0.150072,-0.053804,-0.010267,0.036182,0.121464,0.203918,0.160025,0.438496,0.193336,0.298345,0.299876,0.089353,0.226090,0.079882,0.252984
0.953901,0.250741,0.470286,0.410567,0.384688,0.134619,0.334761,0.361604,0.552242,0.449538,0.000000,0.729279,1.206135,1.171817,1.110525,0.555714,0.434773,0.295918,0.532674,0.346383,0.114542,0.094649,0.389474,0.378429,0.532908,0.457922,0.596090,0.460065,0.574166,0.339800,0.406525,0.456615,0.379705,0.347595,0.715411,0.380902,0.257730,0.114646,0.248645,0.084794,0.127182,0.135543,0.085765,0.129540,0.093704,0.031265,0.138480,0.148724,0.031487,-0.036185,0.235047,0.033823,0.084958,0.169720,0.162009,0.148182,0.318764,0.340234,0.143097,-0.038143,0.244652,0.206349,0.219728,0.235596,0.719599,0.369581,0.245376,0.157705,0.144948,0.224307,-0.108873,-0.028012,0.241996,0.290236,0.322149,0.233525,0.031521,-0.012982,0.135714,0.394909,0.601342,0.439078,0.611718,0.372464,1.108206,0.888792,0.504215,0.509456,0.189960,0.263410
1.053385,0.625475,0.436523,0.613953,0.517914,0.306523,0.635438,1.003539,0.716357,0.446079,0.729279,0.000000,0.779841,1.095558,0.646280,0.928393,0.662828,0.692828,0.617496,0.588445,0.460231,0.180882,0.267568,0.320259,0.469855,0.667773,0.646055,0.273640,0.801136,0.852206,0.547805,0.570103,0.746169,0.713160,0.721938,0.684015,0.087035,0.085259,0.301908,0.090536,0.245942,0.302925,0.113143,0.200753,0.237067,0.206043,0.166212,0.307702,0.315230,0.244268,0.311779,0.290248,0.154458,0.260631,0.311824,0.278727,0.479604,0.460894,0.449701,0.365542,0.593583,0.767042,0.504546,0.837686,0.549848,0.661053,0.515078,0.466637,0.425123,0.430446,-0.460473,-0.263431,0.503947,0.711620,0.473203,0.575536,0.290283,0.137298,0.224138,0.264633,0.673790,0.503357,0.576235,0.480151,0.671789,0.718997,0.131198,0.246579,0.184764,0.381602
0.880673,0.454078,0.610733,0.579165,0.734226,0.504957,0.606793,0.666877,0.746919,0.495681,1.206135,0.779841,0.000000,1.142884,1.161332,0.785599,0.553120,0.465291,0.477784,0.393606,0.158114,0.170517,0.457600,0.485383,0.690454,0.591993,0.689182,0.550469,0.622758,0.477392,0.314587,0.339958,0.434047,0.449006,0.771673,0.524813,0.307627,0.157603,0.367819,0.228978,0.340389,0.218769,0.163874,0.213801,0.235462,0.201237,0.274398,0.316200,0.333585,0.312071,0.480387,0.333524,0.301142,0.346817,0.436706,0.366095,0.346723,0.414663,0.379229,0.234382,0.580452,0.529152,0.475997,0.470584,0.857134,0.707720,0.367057,0.310874,0.150979,0.213808,-0.217774,-0.174170,0.404384,0.461244,0.453929,0.347080,0.098831,0.035811,0.192472,0.256566,0.481983,0.321068,0.637337,0.329871,0.813609,0.749050,0.388673,0.394563,0.450111,0.464974
0.924348,0.471374,0.560477,0.659585,0.471685,0.327385,0.538744,0.706252,0.671327,0.477318,1.171817,1.095558,1.142884,0.000000,0.869622,0.882939,0.560034,0.537046,0.510825,0.431120,0.209617,0.067732,0.438024,0.524975,0.645203,0.627836,0.676068,0.422686,0.674571,0.586344,0.560638,0.625164,0.573423,0.563193,0.792826,0.641065,0.230837,0.140368,0.267749,0.100647,0.236648,0.262205,0.129219,0.201626,0.244880,0.209605,0.235105,0.304678,0.254862,0.173658,0.349127,0.257165,0.158506,0.235216,0.291873,0.263797,0.380029,0.423449,0.322574,0.201625,0.406140,0.473131,0.417863,0.526736,0.588084,0.539016,0.424297,0.394049,0.265392,0.324867,-0.248882,-0.141305,0.416366,0.531457,0.418267,0.357018,0.081528,0.003794,0.155646,0.278553,0.578828,0.427732,0.570822,0.393653,0.863276,0.831296,0.247289,0.397812,0.200231,0.334196
0.814352,0.387467,0.675817,0.569739,0.806923,0.446363,0.514126,0.532254,0.830753,0.551420,1.110525,0.646280,1.161332,0.869622,0.000000,0.735232,0.565831,0.365647,0.715989,0.557314,0.215907,0.317499,0.587438,0.610786,0.869587,0.685851,0.932253,0.758766,0.678549,0.497494,0.463985,0.473863,0.485737,0.479302,0.882554,0.578346,0.411092,0.340100,0.354863,0.368774,0.360155,0.364663,0.229064,0.234827,0.269017,0.207703,0.317776,0.318799,0.238372,0.162016,0.451423,0.189022,0.215115,0.282762,0.354876,0.352168,0.417556,0.430840,0.299411,0.113173,0.422144,0.368322,0.398254,0.317373,0.986745,0.550469,0.372311,0.280257,0.287273,0.350160,-0.196248,-0.167580,0.371783,0.437950,0.431100,0.313372,0.121019,0.047505,0.382106,0.452600,0.701279,0.561856,0.857979,0.494947,1.108716,0.931114,0.569792,0.565528,0.528325,0.511757
0.673793,0.745680,0.529531,0.771059,0.612953,0.685529,0.683541,0.885734,0.796915,0.513433,0.555714,0.928393,0.785599,0.882939,0.735232,0.000000,0.813090,0.659658,0.544931,0.503867,0.282193,-0.043401,0.438350,0.484014,0.634642,0.617183,0.755201,0.476829,0.720570,0.776822,0.474909,0.492751,0.693735,0.694585,0.765103,0.838344,0.329261,0.267864,0.443878,0.290284,0.453417,0.354033,0.286987,0.376424,0.452858,0.450670,0.402570,0.576050,0.558604,0.484188,0.516121,0.471708,0.398094,0.451204,0.561284,0.559100,0.576666,0.561034,0.653186,0.518780,0.779668,0.755560,0.773071,0.718500,0.448814,0.621773,0.646076,0.687661,0.440297,0.378999,-0.495054,-0.424534,0.459696,0.694307,0.460375,0.485802,0.248692,0.184714,0.171782,0.156705,0.506290,0.373269,0.722729,0.515412,0.584709,0.615824,0.095360,0.162100,0.456766,0.662507
0.757138,0.918290,0.443072,0.611297,0.598819,0.432732,0.444309,0.660533,0.443951,0.213247,0.434773,0.662828,0.553120,0.560034,0.565831,0.813090,0.000000,0.884664,0.741553,0.699856,0.332852,0.000256,0.273734,0.305719,0.576496,0.514548,0.567232,0.376535,1.127810,0.895590,0.568963,0.577224,1.132521,1.071286,0.722326,0.861291,0.324427,0.341082,0.391738,0.298147,0.630793,0.452957,0.321213,0.382308,0.512981,0.462704,0.416000,0.507807,0.543269,0.389050,0.533753,0.461117,0.347264,0.406494,0.544268,0.458727,0.808898,0.622512,0.883457,0.691493,0.892838,0.789484,1.122454,0.862936,0.399802,0.497457,0.988607,0.846025,0.810497,0.702397,-0.404143,-0.387475,0.636484,0.742779,0.507282,0.348257,0.340227,0.235413,0.390055,0.424232,0.873448,0.698278,0.665215,0.641897,0.612318,0.663371,0.121776,0.242622,0.404994,0.514909
0.546316,1.050129,0.225553,0.400304,0.389915,0.434376,0.313455,0.557788,0.432373,0.301483,0.295918,0.692828,0.465291,0.537046,0.365647,0.659658,0.884664,0.000000,0.404772,0.448536,0.202436,0.112462,0.155366,0.213435,0.574231,0.609703,0.577617,0.411811,0.735127,0.827853,0.689231,0.590658,0.838189,0.831633,0.589294,0.694633,0.016867,0.247333,0.253350,0.183395,0.231271,0.271879,0.219650,0.296855,0.351114,0.375802,0.230711,0.394966,0.371806,0.326084,0.221812,0.240010,0.180826,0.205815,0.265370,0.253232,0.917713,1.040959,0.627765,0.565178,0.815199,0.686708,0.980101,1.058150,0.167749,0.285702,0.609771,0.536933,0.527023,0.481887,-0.210169,-0.095348,0.438057,0.690527,0.274715,0.199520,0.118989,-0.009671,0.386772,0.242595,0.510260,0.560774,0.587840,0.621441,0.305353,0.305670,0.019577,0.182731,0.135536,0.227868
0.956486,0.550426,0.947500,0.865461,0.483003,0.168375,0.660055,0.750206,0.341111,0.137014,0.532674,0.617496,0.477784,0.510825,0.715989,0.544931,0.741553,0.404772,0.000000,1.311901,0.412179,0.240263,0.825775,0.682750,0.476801,0.465565,0.674547,0.403598,0.667712,0.460074,0.745119,0.797577,0.992740,0.869141,0.881178,0.916875,0.338141,0.316496,0.333158,0.357565,0.617170,0.507236,0.198165,0.237486,0.371716,0.293093,0.274544,0.335893,0.293742,0.119657,0.412834,0.223827,0.203829,0.366527,0.399576,0.368783,0.638874,0.341327,0.564861,0.345006,0.497911,0.525472,0.414794,0.458192,0.528492,0.391787,0.797432,0.594464,0.923351,0.831831,-0.243137,-0.170592,0.660362,0.767743,0.575788,0.493602,0.613393,0.444006,0.369971,0.451552,1.213142,0.984282,0.756788,0.720013,1.032786,1.071098,0.383645,0.465653,0.487516,0.671298
0.834887,0.601029,0.907206,1.003031,0.530995,0.329206,0.651854,0.888195,0.304203,0.217254,0.346383,0.588445,0.393606,0.431120,0.557314,0.503867,0.699856,0.448536,1.311901,0.000000,0.446330,0.281971,0.640674,0.694161,0.398395,0.470153,0.572352,0.448388,0.677375,0.488824,0.617732,0.667733,0.947224,1.074367,0.687589,0.867281,0.370505,0.334641,0.409168,0.398815,0.685947,0.434112,0.171522,0.225809,0.351320,0.304091,0.283234,0.335966,0.345165,0.174297,0.409203,0.284216,0.260062,0.361600,0.486106,0.380803,0.599938,0.322898,0.545611,0.432414,0.512493,0.647963,0.507467,0.549406,0.409192,0.438438,0.763150,0.601017,0.829015,0.864569,-0.201490,-0.189247,0.770617,0.834080,0.595913,0.464866,0.731327,0.514391,0.305909,0.442266,1.055189,0.849351,0.742040,0.709666,0.769044,0.936033,0.333389,0.540405,0.558395,0.686400
0.380611,0.202824,0.259295,0.249763,0.416658,0.169595,0.361159,0.498466,0.227434,0.055557,0.114542,0.460231,0.158114,0.209617,0.215907,0.282193,0.332852,0.202436,0.412179,0.446330,0.000000,0.350454,0.175946,0.152339,0.165820,0.383989,0.272987,0.122541,0.412949,0.420958,0.293527,0.276523,0.450612,0.483927,0.318706,0.341760,0.104981,-0.204431,0.405486,-0.059788,0.170664,-0.045585,0.183523,0.172267,0.236516,0.173200,0.183596,0.245592,0.202542,0.142940,0.339706,0.299694,0.184628,0.264856,0.311210,0.307204,0.068089,0.079646,0.221190,0.243863,0.178736,0.475378,0.253799,0.437044,0.327227,0.495029,0.373176,0.337159,0.426004,0.409096,-0.227080,-0.225363,0.527176,0.406984,0.461243,0.481824,0.355377,0.280483,-0.010513,0.316666,0.362316,0.212600,0.191363,0.118915,0.214755,0.290427,-0.027384,0.116016,0.115856,0.241456
0.181770,-0.022699,0.227328,0.083366,0.470523,0.260608,0.157130,0.248007,0.237705,0.109825,0.094649,0.180882,0.170517,0.067732,0.317499,-0.043401,0.000256,0.112462,0.240263,0.281971,0.350454,0.000000,0.198814,0.235404,0.383028,0.431481,0.420769,0.411339,0.146369,0.179493,0.126542,0.036818,0.141958,0.172979,0.225730,0.098346,0.125197,0.319329,0.032771,0.339852,0.071485,0.180137,0.176349,0.164957,0.162804,0.141841,0.168398,0.133753,0.135309,0.119179,0.249553,0.192636,0.014128,0.120702,0.179805,0.235772,-0.045318,0.018092,0.000632,-0.009306,0.001468,0.182027,0.007532,0.175406,0.303658,0.309457,0.130752,0.116563,0.163569,0.279323,0.228128,0.169099,0.241345,0.168514,0.202925,0.130371,0.115384,0.078673,0.389610,0.290647,0.285384,0.269353,0.209772,0.195780,0.207676,0.222088,0.358718,0.304217,0.284729,0.274205
0.479379,0.277700,1.255780,0.902522,0.409162,0.212086,0.676366,0.606051,0.271892,0.116849,0.389474,0.267568,0.457600,0.438024,0.587438,0.438350,0.273734,0.155366,0.825775,0.640674,0.175946,0.198814,0.000000,1.472790,0.588794,0.452386,0.510523,0.441263,0.220399,0.139048,0.616786,0.678291,0.403870,0.387554,0.769298,0.721071,0.449509,0.299124,0.348007,0.511987,0.533690,0.338263,0.188290,0.191758,0.330989,0.281717,0.302634,0.310301,0.245685,0.123988,0.432304,0.213187,0.228335,0.344551,0.372935,0.365676,0.306384,0.145638,0.363499,0.202082,0.305546,0.263690,0.217452,0.104510,0.419265,0.267320,0.451049,0.381631,0.429906,0.395334,0.051127,0.095012,0.351708,0.427708,0.339541,0.313442,0.353253,0.416670,0.210960,0.197832,0.502734,0.440528,0.589377,0.420609,0.680702,0.674874,0.439715,0.502998,0.600763,0.676903
0.440584,0.313020,1.318862,1.128919,0.509735,0.376218,0.739745,0.705733,0.405839,0.247192,0.378429,0.320259,0.485383,0.524975,0.610786,0.484014,0.305719,0.213435,0.682750,0.694161,0.152339,0.235404,1.472790,0.000000,0.653820,0.592644,0.541346,0.543529,0.316389,0.253797,0.659719,0.747364,0.403244,0.457242,0.671960,0.659584,0.466687,0.381940,0.344208,0.503646,0.579234,0.384864,0.135404,0.159944,0.305497,0.297012,0.278136,0.278701,0.249731,0.145890,0.408981,0.239568,0.252131,0.303906,0.383109,0.344749,0.275412,0.167614,0.314874,0.219872,0.290132,0.313943,0.272613,0.188425,0.401970,0.340999,0.391117,0.379379,0.369361,0.365486,0.106276,0.113919,0.381596,0.445525,0.324094,0.258339,0.289708,0.350413,0.259987,0.246709,0.510301,0.426339,0.613894,0.444291,0.666943,0.716447,0.417504,0.542559,0.578116,0.630858
0.468737,0.382534,0.564869,0.448914,0.786530,0.633483,0.392391,0.416242,0.554718,0.336398,0.532908,0.469855,0.690454,0.645203,0.869587,0.634642,0.576496,0.574231,0.476801,0.398395,0.165820,0.383028,0.588794,0.653820,0.000000,0.799858,1.186216,1.022547,0.638663,0.557595,0.627627,0.577071,0.545027,0.504594,0.795646,0.586974,0.361775,0.433634,0.188425,0.389713,0.326538,0.513551,0.318524,0.313644,0.461608,0.434657,0.407771,0.405135,0.416177,0.314700,0.477238,0.312263,0.300839,0.311121,0.339275,0.407926,0.506763,0.501296,0.436833,0.216053,0.438472,0.264795,0.502515,0.372889,0.413448,0.295518,0.527574,0.454832,0.396711,0.456684,-0.076239,-0.016005,0.394425,0.539113,0.334348,0.238747,-0.046595,-0.126330,0.448891,0.238999,0.524150,0.491583,0.584644,0.422351,0.568607,0.542693,0.308412,0.340449,0.348331,0.356298
0.669065,0.449711,0.609351,0.533780,0.757795,0.592061,0.628429,0.613595,0.862386,0.812208,0.457922,0.667773,0.591993,0.627836,0.685851,0.617183,0.514548,0.609703,0.465565,0.470153,0.383989,0.431481,0.452386,0.592644,0.799858,0.000000,0.633861,0.634718,0.570623,0.443994,0.790753,0.728285,0.537836,0.559995,0.763757,0.640522,0.208609,0.292743,0.362490,0.303659,0.338011,0.219092,0.304737,0.329754,0.350939,0.290303,0.306006,0.379037,0.325563,0.251161,0.401025,0.314109,0.230638,0.233697,0.283601,0.335745,0.424463,0.451943,0.374945,0.234229,0.491882,0.515660,0.505348,0.581506,0.407988,0.485971,0.423531,0.355978,0.283391,0.288316,-0.005398,0.080024,0.386893,0.448717,0.268056,0.329721,0.114646,0.109468,0.261001,0.300798,0.504809,0.408248,0.631416,0.395469,0.473623,0.531647,0.205978,0.385852,0.169028,0.417667
0.604857,0.567874,0.571454,0.528017,0.766233,0.618476,0.481944,0.557620,0.598233,0.325532,0.596090,0.646055,0.689182,0.676068,0.932253,0.755201,0.567232,0.577617,0.674547,0.572352,0.272987,0.420769,0.510523,0.541346,1.186216,0.633861,0.000000,0.969991,0.640422,0.613729,0.627185,0.560911,0.688985,0.639537,0.734925,0.629424,0.235700,0.344110,0.151566,0.301596,0.231002,0.457263,0.266043,0.295438,0.383925,0.363755,0.355215,0.397662,0.351037,0.262955,0.368113,0.247903,0.260516,0.307772,0.306360,0.360903,0.553412,0.611347,0.453815,0.287427,0.460361,0.365131,0.441220,0.445531,0.458242,0.331555,0.560483,0.470358,0.515946,0.568234,-0.134466,-0.068089,0.490875,0.702099,0.468616,0.386057,0.125835,-0.061123,0.463050,0.251718,0.686077,0.640309,0.676688,0.608582,0.692639,0.607230,0.327496,0.347118,0.374421,0.397842
0.344286,0.282373,0.489620,0.437991,0.573992,0.705407,0.289729,0.295897,0.430927,0.515993,0.460065,0.273640,0.550469,0.422686,0.758766,0.476829,0.376535,0.411811,0.403598,0.448388,0.122541,0.411339,0.441263,0.543529,1.022547,0.634718,0.969991,0.000000,0.467327,0.311941,0.441704,0.417974,0.365603,0.424637,0.548244,0.423971,0.300393,0.420465,0.144843,0.356021,0.233027,0.212463,0.214526,0.224489,0.323858,0.321807,0.305418,0.276574,0.272041,0.185701,0.303393,0.184744,0.210620,0.194382,0.236225,0.331720,0.420177,0.455429,0.269334,0.130027,0.302869,0.187020,0.427470,0.255003,0.273956,0.200318,0.356999,0.319796,0.269365,0.350141,0.138339,0.148823,0.326827,0.400724,0.317447,0.103258,0.010886,-0.023709,0.280595,0.282292,0.431291,0.424913,0.502123,0.391263,0.465828,0.460246,0.326801,0.409385,0.386082,0.450690
0.744405,0.575235,0.407255,0.532068,0.525348,0.439738,0.433667,0.623339,0.450084,0.351981,0.574166,0.801136,0.622758,0.674571,0.678549,0.720570,1.127810,0.735127,0.667712,0.677375,0.412949,0.146369,0.220399,0.316389,0.638663,0.570623,0.640422,0.467327,0.000000,1.260748,0.659366,0.619029,0.924489,0.946515,0.598137,0.612926,0.367697,0.373413,0.386656,0.311657,0.513053,0.502920,0.267889,0.307202,0.400961,0.354793,0.321735,0.384382,0.352892,0.235542,0.392639,0.294404,0.242730,0.285208,0.384621,0.348031,0.570915,0.509122,0.490045,0.345306,0.508514,0.553209,0.698024,0.783911,0.444474,0.458590,0.695332,0.573372,0.615410,0.669002,-0.338018,-0.273295,0.679467,0.793416,0.531311,0.376555,0.213533,0.088047,0.520148,0.531551,0.980509,0.809686,0.767395,0.610911,0.699971,0.738511,0.156025,0.239556,0.264237,0.361299
0.463291,0.606726,0.237782,0.440147,0.479012,0.465808,0.380255,0.677428,0.426227,0.219529,0.339800,0.852206,0.477392,0.586344,0.497494,0.776822,0.895590,0.827853,0.460074,0.488824,0.420958,0.179493,0.139048,0.253797,0.557595,0.443994,0.613729,0.311941,1.260748,0.000000,0.516349,0.461900,0.736397,0.748057,0.405642,0.509668,0.188305,0.290430,0.310186,0.272589,0.361385,0.553387,0.241656,0.300773,0.370353,0.399367,0.250824,0.385512,0.379418,0.337530,0.293896,0.281214,0.168615,0.245684,0.314066,0.293352,0.452306,0.501716,0.473544,0.473577,0.500938,0.618113,0.661385,0.875304,0.357385,0.455768,0.561855,0.560874,0.521439,0.516344,-0.374933,-0.307604,0.489054,0.731291,0.406825,0.328069,0.137910,0.020039,0.568961,0.432210,0.651615,0.613803,0.612651,0.570576,0.436141,0.452081,-0.028139,0.064812,0.245018,0.258937
0.632007,0.553870,0.590645,0.596640,0.266668,0.161128,0.472740,0.495022,0.349570,0.335298,0.406525,0.547805,0.314587,0.560638,0.463985,0.474909,0.568963,0.689231,0.745119,0.617732,0.293527,0.126542,0.616786,0.659719,0.627627,0.790753,0.627185,0.441704,0.659366,0.516349,0.000000,1.814366,0.878023,0.772179,0.731933,0.760758,0.183830,0.295458,0.251215,0.209469,0.316828,0.328468,0.207640,0.235386,0.315520,0.269486,0.217017,0.309772,0.137552,0.004641,0.160911,0.018011,0.108192,0.164614,0.127033,0.141479,0.709979,0.556401,0.385178,0.194046,0.363000,0.283650,0.418407,0.454117,0.186516,0.066339,0.580437,0.427994,0.691175,0.640062,-0.038627,0.118769,0.411837,0.623979,0.244135,0.274752,0.189067,0.118543,0.417045,0.281152,0.778840,0.805554,0.730678,0.722099,0.631752,0.595301,0.190756,0.449667,0.063800,0.245166
0.671525,0.523051,0.662375,0.693125,0.254864,0.108009,0.493889,0.519455,0.337986,0.305917,0.456615,0.570103,0.339958,0.625164,0.473863,0.492751,0.577224,0.590658,0.797577,0.667733,0.276523,0.036818,0.678291,0.747364,0.577071,0.728285,0.560911,0.417974,0.619029,0.461900,1.814366,0.000000,0.865022,0.769271,0.741269,0.779864,0.207261,0.279345,0.281466,0.186345,0.359635,0.344019,0.141824,0.166780,0.286616,0.230454,0.175276,0.249983,0.122629,-0.035936,0.174384,0.036352,0.101750,0.157137,0.121138,0.140807,0.655216,0.476410,0.385179,0.203862,0.351810,0.276491,0.396189,0.407473,0.195086,0.091008,0.566603,0.428062,0.659727,0.594669,-0.062618,0.090033,0.406485,0.618129,0.249775,0.250268,0.218717,0.154845,0.284604,0.303781,0.777616,0.739888,0.651491,0.660292,0.685181,0.689382,0.205137,0.484857,0.059723,0.261382
0.884001,0.935426,0.572510,0.732065,0.530726,0.322749,0.554792,0.801625,0.348431,0.145855,0.379705,0.746169,0.434047,0.573423,0.485737,0.693735,1.132521,0.838189,0.992740,0.947224,0.450612,0.141958,0.403870,0.403244,0.545027,0.537836,0.688985,0.365603,0.924489,0.736397,0.878023,0.865022,0.000000,1.736014,0.793104,0.979447,0.242936,0.257472,0.377599,0.258753,0.561927,0.420878,0.345899,0.393645,0.570870,0.486566,0.404969,0.513776,0.490810,0.302640,0.468265,0.386157,0.275389,0.389603,0.459462,0.433752,0.920365,0.639078,0.793685,0.548648,0.733560,0.712673,0.755382,0.790335,0.337975,0.371453,1.150566,0.886859,1.179378,1.128526,-0.379735,-0.327493,0.785105,1.025022,0.553702,0.487885,0.460411,0.241096,0.413865,0.347236,1.008171,0.879564,0.688734,0.749937,0.645307,0.706562,0.197003,0.367976,0.293009,0.476918
0.804993,0.979095,0.610182,0.854352,0.603923,0.454292,0.607428,0.908648,0.397144,0.228368,0.347595,0.713160,0.449006,0.563193,0.479302,0.694585,1.071286,0.831633,0.869141,1.074367,0.483927,0.172979,0.387554,0.457242,0.504594,0.559995,0.639537,0.424637,0.946515,0.748057,0.772179,0.769271,1.736014,0.000000,0.724117,0.931603,0.279272,0.284725,0.432534,0.287206,0.611710,0.360000,0.313636,0.377032,0.524841,0.479344,0.390748,0.508362,0.470500,0.313000,0.461665,0.412685,0.258140,0.355584,0.475245,0.447493,0.798983,0.665653,0.704202,0.587392,0.677481,0.802753,0.768035,0.842360,0.344543,0.459066,1.017432,0.840226,0.988102,1.024549,-0.303116,-0.305637,0.828558,0.976371,0.578549,0.470327,0.480551,0.263116,0.353176,0.365774,0.952875,0.800559,0.712081,0.730704,0.608180,0.710851,0.215510,0.435543,0.316301,0.509584
1.038890,0.591585,0.731721,0.740984,0.566607,0.250437,0.580139,0.718983,0.560013,0.280787,0.715411,0.721938,0.771673,0.792826,0.882554,0.765103,0.722326,0.589294,0.881178,0.687589,0.318706,0.225730,0.769298,0.671960,0.795646,0.763757,0.734925,0.548244,0.598137,0.405642,0.731933,0.741269,0.793104,0.724117,0.000000,1.272014,0.357136,0.199906,0.388736,0.318052,0.503616,0.247189,0.317813,0.354109,0.480793,0.379996,0.430069,0.486228,0.457623,0.292542,0.628310,0.392157,0.351594,0.466665,0.529105,0.533523,0.682122,0.490450,0.629081,0.359602,0.687121,0.620070,0.605953,0.528594,0.682128,0.568240,0.760911,0.626932,0.562554,0.544776,-0.318381,-0.229076,0.517715,0.651389,0.498139,0.443310,0.320392,0.216655,0.254787,0.272972,0.748643,0.586035,0.756097,0.530204,0.906316,0.907715,0.420148,0.586821,0.482026,0.652312
0.827603,0.841631,0.692520,0.921463,0.483312,0.290695,0.584748,0.891792,0.440738,0.213043,0.380902,0.684015,0.524813,0.641065,0.578346,0.838344,0.861291,0.694633,0.916875,0.867281,0.341760,0.098346,0.721071,0.659584,0.586974,0.640522,0.629424,0.423971,0.612926,0.509668,0.760758,0.779864,0.979447,0.931603,1.272014,0.000000,0.325875,0.292224,0.402319,0.385171,0.644644,0.330106,0.298348,0.356211,0.530719,0.438237,0.432580,0.540537,0.565478,0.369832,0.575389,0.446607,0.373633,0.499735,0.589915,0.509947,0.787451,0.504153,0.831171,0.608625,0.832878,0.803685,0.785716,0.668782,0.439888,0.500890,0.968696,0.831004,0.823116,0.727343,-0.394389,-0.329126,0.574455,0.817443,0.468045,0.440861,0.515142,0.359184,0.324542,0.196252,0.794039,0.660014,0.763745,0.687181,0.670815,0.732972,0.193881,0.447593,0.533403,0.731979
0.312366,0.090683,0.425392,0.411586,0.277896,0.278276,0.234330,0.261891,0.138777,0.136141,0.257730,0.087035,0.307627,0.230837,0.411092,0.329261,0.324427,0.016867,0.338141,0.370505,0.104981,0.125197,0.449509,0.466687,0.361775,0.208609,0.235700,0.300393,0.367697,0.188305,0.183830,0.207261,0.242936,0.279272,0.357136,0.325875,0.000000,0.595103,0.545421,0.600044,0.761999,0.377215,0.402801,0.396535,0.449382,0.390647,0.592596,0.477161,0.377769,0.275361,0.619129,0.437946,0.422901,0.509845,0.679067,0.665598,0.186299,-0.018496,0.258706,0.127392,0.115037,0.113921,0.214710,0.030117,0.225818,0.203959,0.397603,0.409998,0.352276,0.353021,-0.094290,-0.190320,0.300863,0.253212,0.238128,0.126126,0.360709,0.471969,0.150226,0.343956,0.413876,0.295475,0.457804,0.297227,0.488275,0.598154,0.589175,0.424239,0.647241,0.630479
0.136941,0.244996,0.291047,0.293824,0.284538,0.324577,0.132177,0.174592,0.234181,0.246045,0.114646,0.085259,0.157603,0.140368,0.340100,0.267864,0.341082,0.247333,0.316496,0.334641,-0.204431,0.319329,0.299124,0.381940,0.433634,0.292743,0.344110,0.420465,0.373413,0.290430,0.295458,0.279345,0.257472,0.284725,0.199906,0.292224,0.595103,0.000000,0.156574,0.832603,0.494683,0.738273,0.272735,0.277622,0.309238,0.291810,0.357318,0.320525,0.263322,0.159138,0.289191,0.196880,0.178100,0.259003,0.305226,0.332021,0.251277,0.223573,0.256168,0.199209,0.173027,0.112487,0.282608,0.159815,0.085845,0.028713,0.349557,0.339536,0.330113,0.356976,0.104614,0.068767,0.153962,0.232435,0.048831,-0.081727,0.160758,0.238523,0.547030,0.351341,0.471460,0.555320,0.507190,0.608648,0.359828,0.403650,0.363824,0.336760,0.415061,0.428173
0.418622,0.315543,0.392273,0.405535,0.347340,0.296999,0.414898,0.494551,0.229975,0.174537,0.248645,0.301908,0.367819,0.267749,0.354863,0.443878,0.391738,0.253350,0.333158,0.409168,0.405486,0.032771,0.348007,0.344208,0.188425,0.362490,0.151566,0.144843,0.386656,0.310186,0.251215,0.281466,0.377599,0.432534,0.388736,0.402319,0.545421,0.156574,0.000000,0.552772,0.523436,0.030802,0.444725,0.465617,0.431912,0.354304,0.445300,0.514096,0.377770,0.359104,0.537245,0.424769,0.407608,0.488678,0.514327,0.489447,0.277783,0.192949,0.351332,0.291099,0.345984,0.415291,0.444467,0.350692,0.278257,0.349919,0.404311,0.390074,0.333278,0.269337,-0.187512,-0.234569,0.340407,0.344657,0.283258,0.309133,0.320229,0.475217,0.057260,0.537070,0.363268,0.250089,0.692054,0.452083,0.376757,0.456189,0.406923,0.448784,0.367966,0.498305
0.203149,0.198921,0.458008,0.381528,0.326396,0.353464,0.295254,0.352737,0.135300,0.103622,0.084794,0.090536,0.228978,0.100647,0.368774,0.290284,0.298147,0.183395,0.357565,0.398815,-0.059788,0.339852,0.511987,0.503646,0.389713,0.303659,0.301596,0.356021,0.311657,0.272589,0.209469,0.186345,0.258753,0.287206,0.318052,0.385171,0.600044,0.832603,0.552772,0.000000,0.595453,0.549526,0.501120,0.489678,0.558503,0.489094,0.562683,0.506681,0.483898,0.388276,0.563601,0.432720,0.314451,0.461013,0.525458,0.592579,0.198624,0.096791,0.356113,0.270080,0.229358,0.212742,0.325764,0.163775,0.192462,0.167903,0.433751,0.415596,0.339364,0.346703,0.047292,-0.013455,0.234968,0.289255,0.188042,0.137152,0.202048,0.330901,0.546898,0.426651,0.386806,0.435002,0.619595,0.516068,0.326267,0.373120,0.491333,0.413597,0.667515,0.653874
0.447790,0.415847,0.619175,0.722566,0.452962,0.379571,0.488386,0.610974,0.188035,0.084525,0.127182,0.245942,0.340389,0.236648,0.360155,0.453417,0.630793,0.231271,0.617170,0.685947,0.170664,0.071485,0.533690,0.579234,0.326538,0.338011,0.231002,0.233027,0.513053,0.361385,0.316828,0.359635,0.561927,0.611710,0.503616,0.644644,0.761999,0.494683,0.523436,0.595453,0.000000,0.525719,0.299449,0.335236,0.474898,0.446224,0.466489,0.436503,0.571541,0.466799,0.736638,0.592054,0.453832,0.541482,0.780652,0.611661,0.361680,0.114238,0.590146,0.501731,0.512870,0.569242,0.529990,0.407616,0.340113,0.459516,0.653087,0.624260,0.574417,0.491426,-0.229757,-0.308066,0.564173,0.550415,0.440296,0.320404,0.582571,0.618948,0.337695,0.318371,0.593035,0.456461,0.544310,0.436572,0.479708,0.658945,0.301784,0.354850,0.712703,0.856350
0.258622,0.259797,0.384985,0.369827,0.405264,0.262318,0.299681,0.335358,0.207086,0.034975,0.135543,0.302925,0.218769,0.262205,0.364663,0.354033,0.452957,0.271879,0.507236,0.434112,-0.045585,0.180137,0.338263,0.384864,0.513551,0.219092,0.457263,0.212463,0.502920,0.553387,0.328468,0.344019,0.420878,0.360000,0.247189,0.330106,0.377215,0.738273,0.030802,0.549526,0.525719,0.000000,0.136056,0.112438,0.263571,0.237836,0.187597,0.173462,0.262037,0.147251,0.232587,0.163202,0.125819,0.192325,0.266128,0.239910,0.303141,0.148589,0.309415,0.195324,0.222441,0.165673,0.206112,0.266216,0.192335,0.129923,0.390101,0.322886,0.443909,0.439869,-0.120843,-0.041272,0.389747,0.554707,0.316978,0.294691,0.247672,0.104716,0.604456,0.268252,0.542079,0.607802,0.382745,0.462156,0.381042,0.404381,0.219829,0.096808,0.363740,0.282019
0.181796,0.253040,0.163431,0.167374,0.269368,0.252774,0.150163,0.217784,0.123510,0.111809,0.085765,0.113143,0.163874,0.129219,0.229064,0.286987,0.321213,0.219650,0.198165,0.171522,0.183523,0.176349,0.188290,0.135404,0.318524,0.304737,0.266043,0.214526,0.267889,0.241656,0.207640,0.141824,0.345899,0.313636,0.317813,0.298348,0.402801,0.272735,0.444725,0.501120,0.299449,0.136056,0.000000,2.080925,1.333408,1.244900,1.527177,1.528561,0.898302,0.834946,0.794044,0.666125,0.511831,0.737304,0.568739,0.692335,0.309191,0.308978,0.566643,0.441546,0.276212,0.206505,0.352959,0.202779,0.093418,0.142144,0.665260,0.711469,0.409204,0.420903,-0.129260,-0.205112,0.072850,0.159603,0.071071,0.131349,-0.080970,0.082108,0.267926,0.293258,0.222538,0.240999,0.420720,0.280069,0.150165,0.203196,0.176326,0.197754,0.243103,0.288538
0.253590,0.319401,0.200271,0.242904,0.271469,0.305920,0.209709,0.305259,0.171447,0.142291,0.129540,0.200753,0.213801,0.201626,0.234827,0.376424,0.382308,0.296855,0.237486,0.225809,0.172267,0.164957,0.191758,0.159944,0.313644,0.329754,0.295438,0.224489,0.307202,0.300773,0.235386,0.166780,0.393645,0.377032,0.354109,0.356211,0.396535,0.277622,0.465617,0.489678,0.335236,0.112438,2.080925,0.000000,1.283251,1.318929,1.446050,1.752350,0.958705,0.953409,0.800491,0.720579,0.539294,0.821951,0.604422,0.721244,0.361923,0.351864,0.619382,0.507115,0.337269,0.294474,0.421678,0.291783,0.093177,0.202386,0.710724,0.795759,0.428965,0.430402,-0.146050,-0.220776,0.090467,0.197134,0.084974,0.154616,-0.034141,0.130298,0.255248,0.292678,0.265558,0.257656,0.480030,0.333159,0.193170,0.260779,0.160833,0.215383,0.253752,0.354892
0.275129,0.383144,0.357314,0.410359,0.373554,0.348109,0.290052,0.444108,0.147204,0.042800,0.093704,0.237067,0.235462,0.244880,0.269017,0.452858,0.512981,0.351114,0.371716,0.351320,0.236516,0.162804,0.330989,0.305497,0.461608,0.350939,0.383925,0.323858,0.400961,0.370353,0.315520,0.286616,0.570870,0.524841,0.480793,0.530719,0.449382,0.309238,0.431912,0.558503,0.474898,0.263571,1.333408,1.283251,0.000000,1.848057,1.329415,1.398405,1.281732,0.943020,0.989912,0.908062,0.493907,0.713883,0.744250,0.893620,0.433003,0.322696,0.798474,0.615720,0.418527,0.355050,0.568582,0.344918,0.094309,0.214688,1.075653,1.213656,0.660863,0.649486,-0.232164,-0.319520,0.258429,0.392988,0.249026,0.211579,0.055400,0.163155,0.281766,0.289149,0.348844,0.336203,0.435643,0.321323,0.228310,0.319642,0.141937,0.165758,0.351171,0.454394
0.189801,0.404258,0.306939,0.401082,0.335787,0.409751,0.280817,0.426179,0.142632,0.032150,0.031265,0.206043,0.201237,0.209605,0.207703,0.450670,0.462704,0.375802,0.293093,0.304091,0.173200,0.141841,0.281717,0.297012,0.434657,0.290303,0.363755,0.321807,0.354793,0.399367,0.269486,0.230454,0.486566,0.479344,0.379996,0.438237,0.390647,0.291810,0.354304,0.489094,0.446224,0.237836,1.244900,1.318929,1.848057,0.000000,1.251924,1.422291,1.352430,1.142022,0.908634,0.913725,0.507308,0.702198,0.693365,0.835769,0.410725,0.359482,0.783321,0.685254,0.408785,0.359079,0.584924,0.372962,0.019776,0.204939,0.940048,1.147836,0.572726,0.541686,-0.186630,-0.302883,0.192584,0.333464,0.197260,0.134914,-0.002215,0.116107,0.262709,0.243741,0.274436,0.277711,0.396786,0.305929,0.154714,0.263693,0.065842,0.116380,0.320406,0.426176
0.276288,0.348737,0.301434,0.316155,0.342253,0.325544,0.250769,0.342124,0.207932,0.112944,0.138480,0.166212,0.274398,0.235105,0.317776,0.402570,0.416000,0.230711,0.274544,0.283234,0.183596,0.168398,0.302634,0.278136,0.407771,0.306006,0.355215,0.305418,0.321735,0.250824,0.217017,0.175276,0.404969,0.390748,0.430069,0.432580,0.592596,0.357318,0.445300,0.562683,0.466489,0.187597,1.527177,1.446050,1.329415,1.251924,0.000000,1.692749,1.089021,0.913176,1.101322,0.915207,0.740158,0.917909,0.898782,0.976985,0.317241,0.286266,0.703644,0.578624,0.383856,0.323296,0.472555,0.232189,0.152492,0.253267,0.824306,0.882456,0.502519,0.510766,-0.186834,-0.294433,0.179462,0.240651,0.179921,0.152021,0.038195,0.191545,0.233008,0.258780,0.280164,0.245479,0.444909,0.293919,0.246889,0.349049,0.215200,0.264307,0.456311,0.507916
0.335278,0.512950,0.325953,0.397132,0.381569,0.398586,0.352940,0.483748,0.290417,0.169863,0.148724,0.307702,0.316200,0.304678,0.318799,0.576050,0.507807,0.394966,0.335893,0.335966,0.245592,0.133753,0.310301,0.278701,0.405135,0.379037,0.397662,0.276574,0.384382,0.385512,0.309772,0.249983,0.513776,0.508362,0.486228,0.540537,0.477161,0.320525,0.514096,0.506681,0.436503,0.173462,1.528561,1.752350,1.398405,1.422291,1.692749,0.000000,1.169923,1.081648,0.970897,0.877287,0.669536,0.929455,0.823533,0.910449,0.448509,0.434841,0.819947,0.689615,0.498592,0.446698,0.578748,0.380445,0.148546,0.305842,0.924816,1.028709,0.572048,0.539481,-0.286449,-0.355376,0.190015,0.325800,0.185769,0.222897,0.069853,0.202659,0.230435,0.234703,0.320763,0.285463,0.554463,0.395584,0.260452,0.340762,0.156801,0.216765,0.407157,0.514897
0.310942,0.473136,0.346814,0.460423,0.499315,0.520684,0.394742,0.588571,0.258716,0.055284,0.031487,0.315230,0.333585,0.254862,0.238372,0.558604,0.543269,0.371806,0.293742,0.345165,0.202542,0.135309,0.245685,0.249731,0.416177,0.325563,0.351037,0.272041,0.352892,0.379418,0.137552,0.122629,0.490810,0.470500,0.457623,0.565478,0.377769,0.263322,0.377770,0.483898,0.571541,0.262037,0.898302,0.958705,1.281732,1.352430,1.089021,1.169923,0.000000,1.637194,1.304320,1.433317,0.762723,0.887312,1.036147,0.979878,0.370586,0.245036,1.107301,0.959833,0.719693,0.641572,0.763792,0.528138,0.162665,0.471941,1.040891,1.200341,0.514245,0.474205,-0.363366,-0.505730,0.297561,0.410825,0.277278,0.246697,0.127271,0.195508,0.196257,0.115184,0.241910,0.184015,0.335402,0.221503,0.134769,0.287303,0.020368,0.059962,0.492099,0.618359
