0.000000,0.674657,0.736639,0.741135,0.752241,0.684246,0.854985,0.753161,0.682603,0.582741,0.462478,0.545851,0.573195,0.545310,0.677758,0.453516,0.217508,0.178490,0.558586,0.563182,0.264826,0.268545,0.510969,0.407807,0.355467,0.410583,0.469352,0.422809,0.095737,0.033460,0.197190,0.159035,0.392488,0.514347,0.231423,0.190442,0.250331,0.095693,0.066803,0.074126,0.083997,0.060740,0.423033,0.317029,0.220343,0.335628,0.469172,0.309404,0.724722,0.451777,0.547874,0.429325,0.504693,0.585203,0.506051,0.565338,0.662981,0.284583,1.074553,0.572496,1.001964,0.489510,0.554135,0.519634,0.354870,0.469926,0.647318,0.486247,0.471839,0.506387,0.212730,0.298753,0.402343,0.185566,0.485064,0.470351,0.515700,0.426866,0.040302,0.153368,0.407462,0.303924,0.476029,0.314002,0.441227,0.282954,0.507913,0.130495,0.725468,0.486036
0.674657,0.000000,0.213255,0.395719,0.410094,0.456135,0.284081,0.489715,0.249050,0.328871,0.338959,0.604322,0.435783,0.467349,0.314156,0.417682,0.201408,0.440047,0.266833,0.451516,0.116355,0.283971,0.223592,0.186468,0.069810,0.161591,0.230738,0.285736,0.039190,0.047721,0.026090,0.189230,0.291655,0.444269,0.084487,-0.021500,0.325119,0.313347,0.406619,0.282824,0.196522,0.188016,0.158097,0.136658,0.010650,0.022791,0.267858,0.196342,0.212831,0.156769,0.267817,0.277922,0.314991,0.423909,0.565532,0.458057,0.445601,0.782713,0.401170,0.637310,0.621766,0.671697,0.469885,0.708575,0.063631,0.296382,0.363062,0.221029,0.384887,0.367453,0.199659,0.238913,0.306384,0.132239,0.034163,0.155595,0.476380,0.468843,-0.110753,-0.026117,0.392718,0.181539,0.452070,0.349302,0.297531,0.165826,0.409797,0.284625,0.427061,0.324455
0.736639,0.213255,0.000000,1.244864,0.932152,0.855290,1.351852,0.879532,0.953390,0.837417,0.392051,0.346844,0.424067,0.599942,1.191139,0.730190,-0.110629,-0.144192,0.710814,0.596751,0.547101,0.450829,0.743276,0.684156,0.833927,0.864767,0.784384,0.726916,0.044436,0.108308,0.602447,0.312529,0.592941,0.600896,0.502577,0.450742,0.238832,0.175395,0.119249,0.322265,0.119751,0.080634,0.537886,0.378595,0.412755,0.557536,0.595678,0.441956,0.608762,0.472944,0.841945,0.656756,0.440218,0.462451,0.538798,0.672558,0.286894,0.054949,0.589807,0.251265,0.573689,0.181175,0.275168,0.144382,0.671161,0.577230,0.861498,0.724284,0.469080,0.421999,0.462690,0.549245,0.375849,0.173865,0.687610,0.423334,0.409044,0.344971,-0.096841,0.320808,0.390852,0.532457,0.639824,0.425783,0.489586,0.500861,0.608517,0.312474,0.960929,0.729544
0.741135,0.395719,1.244864,0.000000,0.874916,0.956243,1.093200,1.362882,0.843346,0.911548,0.408844,0.486538,0.456038,0.675684,1.039217,0.919516,-0.035717,-0.086204,0.638467,0.699442,0.478033,0.458170,0.663698,0.825528,0.696969,0.847333,0.698219,0.700557,0.067874,0.122249,0.505842,0.425081,0.572550,0.658241,0.419951,0.410990,0.305155,0.254358,0.256374,0.384874,0.162140,0.084548,0.363175,0.285672,0.278311,0.456779,0.431208,0.352697,0.423978,0.417261,0.634995,0.688279,0.405650,0.423248,0.555671,0.640584,0.281282,0.070282,0.567317,0.274907,0.689225,0.379177,0.334447,0.202809,0.700095,0.841740,0.872370,0.853780,0.517906,0.400588,0.453453,0.524917,0.298206,0.074649,0.469184,0.363850,0.514200,0.497111,-0.134695,0.179129,0.392619,0.414727,0.716101,0.485153,0.502230,0.524450,0.613967,0.332268,0.938225,0.718017
0.752241,0.410094,0.932152,0.874916,0.000000,1.138297,0.918371,0.817325,0.939305,1.126205,0.349107,0.431506,0.434733,0.619638,1.081561,0.811954,-0.093371,-0.121480,0.503370,0.485842,0.511088,0.515475,0.637355,0.555189,0.759113,0.832604,1.022033,0.760313,0.006485,0.073005,0.333909,0.296988,0.283776,0.363164,0.252867,0.240211,0.203306,-0.032281,0.101761,0.222539,0.028786,-0.039862,0.483683,0.357427,0.428765,0.513480,0.511963,0.419024,0.585574,0.585375,0.765790,0.632053,0.595086,0.564288,0.746925,0.850337,0.294093,0.139941,0.699474,0.347662,0.537132,0.270200,0.222533,0.152250,0.401320,0.491299,0.614867,0.493229,0.489521,0.320779,0.349845,0.501053,0.343941,0.198118,0.546742,0.689407,0.388134,0.337764,-0.197203,0.265863,0.358799,0.439634,0.611554,0.449553,0.480454,0.472114,0.567936,0.344373,1.084806,0.857461
0.684246,0.456135,0.855290,0.956243,1.138297,0.000000,0.784974,0.942802,0.962368,1.389811,0.160735,0.285980,0.283601,0.572148,0.868309,0.905850,-0.176388,-0.010053,0.391660,0.435706,0.585730,0.590163,0.451215,0.455802,0.446799,0.593441,0.773435,0.911642,-0.045389,0.135348,0.336144,0.243626,0.400864,0.533404,0.248538,0.250116,0.278620,0.272861,0.236218,0.492251,0.228323,0.261387,0.447618,0.386312,0.315271,0.450716,0.584341,0.490444,0.584909,0.543433,0.590276,0.733921,0.510418,0.618620,0.828370,0.965614,0.329968,0.185466,0.693684,0.419316,0.679969,0.420388,0.367169,0.281625,0.342869,0.547524,0.571377,0.526895,0.409396,0.386899,0.494424,0.589194,0.449566,0.245035,0.479772,0.527603,0.399838,0.378423,-0.181950,0.240125,0.380729,0.438983,0.639678,0.525407,0.387912,0.423865,0.647702,0.469922,1.125283,0.843332
0.854985,0.284081,1.351852,1.093200,0.918371,0.784974,0.000000,1.126788,0.869400,0.702503,0.693361,0.567889,0.695915,0.666898,1.035184,0.627744,0.142960,-0.015035,0.836085,0.647616,0.436211,0.264626,0.836346,0.579569,0.733497,0.769379,0.525087,0.424557,0.249335,0.146490,0.500881,0.386269,0.566614,0.641949,0.595494,0.527689,0.204562,0.113085,0.087279,0.111590,0.007210,0.007912,0.623315,0.467416,0.508471,0.662486,0.609251,0.457403,0.626438,0.573833,0.748165,0.590354,0.347291,0.355047,0.394371,0.436350,0.309111,0.107258,0.554718,0.331253,0.625641,0.348407,0.257870,0.162335,0.911045,0.838571,0.914111,0.800885,0.536162,0.446988,0.278908,0.373162,0.492677,0.328906,0.632035,0.575366,0.623669,0.488237,-0.046325,0.301588,0.389089,0.440007,0.551196,0.286949,0.520822,0.342946,0.408189,0.091956,0.856796,0.459232
0.753161,0.489715,0.879532,1.362882,0.817325,0.942802,1.126788,0.000000,0.712070,0.805017,0.534832,0.732761,0.606694,0.889452,0.784073,0.835994,0.132256,0.095462,0.533061,0.541094,0.402648,0.306397,0.651169,0.689132,0.548319,0.741208,0.455973,0.428840,0.198653,0.156710,0.436055,0.515658,0.562053,0.694816,0.390825,0.390477,0.304166,0.250091,0.298144,0.266410,0.142065,0.110835,0.382956,0.322412,0.255149,0.406900,0.456049,0.357176,0.380302,0.394890,0.560191,0.634127,0.369574,0.446208,0.496726,0.514957,0.310943,0.182230,0.519804,0.276967,0.684314,0.472336,0.293364,0.234091,0.688796,0.940385,0.776885,0.771083,0.468870,0.358141,0.329370,0.383671,0.362128,0.195768,0.300510,0.424606,0.634679,0.576378,-0.147103,0.102875,0.361190,0.339872,0.586340,0.398653,0.484655,0.401579,0.467555,0.242767,0.749217,0.467773
0.682603,0.249050,0.953390,0.843346,0.939305,0.962368,0.869400,0.712070,0.000000,1.050147,0.203615,0.216913,0.287289,0.456279,0.988822,0.676633,-0.227682,-0.199033,0.384927,0.383750,0.540689,0.502468,0.472585,0.377219,0.387736,0.461525,0.646172,0.734458,-0.088663,-0.000964,0.274132,0.075949,0.320999,0.361656,0.249787,0.230522,0.320853,0.158204,0.126300,0.355781,0.177410,0.159874,0.454425,0.356483,0.424769,0.501476,0.499780,0.401665,0.737395,0.630421,0.666454,0.617065,0.470516,0.550205,0.621930,0.713353,0.272754,-0.018320,0.714890,0.356406,0.601943,0.221730,0.272863,0.094313,0.450483,0.433008,0.627171,0.478870,0.461406,0.375736,0.531617,0.547125,0.377412,0.151395,0.550893,0.386893,0.211641,0.191319,-0.176711,0.229424,0.288498,0.374789,0.508654,0.369073,0.458941,0.402773,0.609742,0.474087,0.948222,0.733461
0.582741,0.328871,0.837417,0.911548,1.126205,1.389811,0.702503,0.805017,1.050147,0.000000,0.128913,0.226717,0.251988,0.596735,0.883699,0.881041,-0.215704,-0.063742,0.372001,0.417032,0.562612,0.562625,0.539639,0.580604,0.613676,0.637016,0.870837,0.887879,-0.121707,0.029534,0.319270,0.198034,0.317000,0.336973,0.152695,0.179050,0.209231,0.126360,0.107687,0.332818,0.146078,0.143528,0.342649,0.304368,0.326703,0.433588,0.453019,0.392576,0.478476,0.588582,0.728583,0.785457,0.593364,0.666099,0.811022,0.952326,0.289536,0.099584,0.738032,0.333659,0.588393,0.277849,0.373939,0.258277,0.334676,0.449081,0.634631,0.578871,0.401118,0.327941,0.445653,0.514441,0.275562,0.048990,0.450583,0.494599,0.292945,0.298037,-0.218197,0.218306,0.358573,0.485984,0.545214,0.546755,0.490112,0.604979,0.665472,0.618193,0.920852,1.018224
0.462478,0.338959,0.392051,0.408844,0.349107,0.160735,0.693361,0.534832,0.203615,0.128913,0.000000,0.929372,1.270378,0.613424,0.496448,0.336769,0.650281,0.230239,0.902355,0.696842,0.115570,-0.160269,0.789152,0.388536,0.404730,0.377639,0.039975,-0.147449,0.693508,0.223271,0.308414,0.538806,0.456433,0.526907,0.577608,0.456630,0.102134,0.063151,0.107093,-0.179604,-0.210396,-0.123068,0.372216,0.327512,0.389020,0.467392,0.317263,0.272975,0.202098,0.313735,0.343473,0.178173,0.082397,0.014893,-0.018904,-0.055184,0.119973,0.245249,0.081754,0.147407,0.265717,0.330069,0.029424,0.086424,0.691895,0.638740,0.588906,0.528374,0.427188,0.361534,-0.099671,0.006939,0.249681,0.245795,0.183501,0.493517,0.684236,0.510116,0.041652,0.163937,0.417579,0.316156,0.367118,0.189876,0.539916,0.168282,0.077247,-0.179290,0.244762,-0.052911
0.545851,0.604322,0.346844,0.486538,0.431506,0.285980,0.567889,0.732761,0.216913,0.226717,0.929372,0.000000,0.908327,1.006073,0.391016,0.594566,0.560141,0.423940,0.523983,0.596304,0.272545,0.051417,0.600583,0.440192,0.364029,0.383562,0.147026,-0.005803,0.551582,0.369327,0.302598,0.561427,0.358833,0.447979,0.299561,0.204705,0.284832,0.219202,0.358167,0.038114,-0.034696,-0.088883,0.213507,0.224904,0.117146,0.210049,0.291358,0.233436,0.060345,0.127635,0.377816,0.202882,0.302163,0.312511,0.275100,0.215009,0.207638,0.383938,0.170485,0.129425,0.413770,0.411977,0.169304,0.266504,0.449965,0.525944,0.532869,0.457042,0.413341,0.315256,0.087459,0.171421,0.233100,0.137571,0.010810,0.376178,0.567982,0.461842,0.002848,0.102191,0.502780,0.369004,0.528134,0.435711,0.614701,0.375549,0.362826,0.123574,0.328033,0.181215
0.573195,0.435783,0.424067,0.456038,0.434733,0.283601,0.695915,0.606694,0.287289,0.251988,1.270378,0.908327,0.000000,0.783086,0.587089,0.440255,0.536763,0.239732,0.826074,0.672229,0.112464,-0.115050,0.736189,0.424278,0.373470,0.309992,0.116346,-0.075379,0.552896,0.138347,0.161215,0.410818,0.392262,0.427003,0.514790,0.350931,0.160406,0.068251,0.115699,-0.115027,-0.000689,-0.045115,0.221078,0.219726,0.191748,0.323367,0.202812,0.151273,0.203448,0.288026,0.417605,0.214583,0.274980,0.218182,0.178060,0.086792,0.215301,0.247799,0.184952,0.273980,0.457714,0.413406,0.159249,0.163144,0.589554,0.630549,0.565501,0.486431,0.436708,0.362322,-0.161716,-0.072981,0.292337,0.226851,0.216328,0.531915,0.632705,0.459791,0.007845,0.133582,0.402175,0.299094,0.335593,0.253953,0.652746,0.277894,0.133257,-0.062854,0.407167,0.115740
0.545310,0.467349,0.599942,0.675684,0.619638,0.572148,0.666898,0.889452,0.456279,0.596735,0.613424,1.006073,0.783086,0.000000,0.570996,0.886894,0.172571,0.241664,0.470534,0.540034,0.352210,0.199868,0.643120,0.621717,0.484285,0.507262,0.379570,0.284708,0.264381,0.242087,0.298614,0.381950,0.377739,0.399283,0.213301,0.214855,0.384987,0.301361,0.239276,0.222390,0.123687,0.124796,0.232722,0.245033,0.136956,0.295191,0.385863,0.289426,0.142958,0.233966,0.687708,0.496822,0.638560,0.699363,0.565296,0.577480,0.307266,0.344847,0.320056,0.088366,0.521699,0.284012,0.268967,0.219945,0.385089,0.479274,0.686864,0.634821,0.388123,0.338677,0.211961,0.263171,0.248939,0.083480,0.160845,0.341167,0.453515,0.351662,-0.119384,0.193818,0.556501,0.626041,0.558409,0.653973,0.806798,0.777717,0.626018,0.443984,0.479455,0.571007
0.677758,0.314156,1.191139,1.039217,1.081561,0.868309,1.035184,0.784073,0.988822,0.883699,0.496448,0.391016,0.587089,0.570996,0.000000,0.909068,-0.052173,-0.112939,0.719353,0.598999,0.415843,0.440224,0.684049,0.591992,0.772910,0.801720,0.926987,0.752595,0.103651,0.111089,0.312221,0.225013,0.432535,0.459836,0.443556,0.367399,0.235721,0.126606,0.169541,0.356100,0.174738,0.141446,0.434942,0.335993,0.377743,0.492778,0.464189,0.370529,0.560602,0.480093,0.683579,0.551129,0.454104,0.431786,0.518579,0.645125,0.239777,0.024967,0.592457,0.385687,0.598758,0.264783,0.319378,0.156539,0.688018,0.698519,0.671430,0.519574,0.467805,0.274549,0.377643,0.473058,0.412768,0.258975,0.609864,0.502471,0.367531,0.313712,-0.104066,0.348157,0.437434,0.479857,0.752512,0.441965,0.605049,0.466159,0.519512,0.301232,1.069692,0.723334
0.453516,0.417682,0.730190,0.919516,0.811954,0.905850,0.627744,0.835994,0.676633,0.881041,0.336769,0.594566,0.440255,0.886894,0.909068,0.000000,-0.055948,0.020250,0.417814,0.530340,0.481189,0.430827,0.478884,0.579719,0.542104,0.635332,0.695816,0.686298,0.148607,0.333335,0.269435,0.324593,0.289948,0.344933,0.287744,0.235146,0.375035,0.419556,0.545371,0.592030,0.148810,0.237540,0.199866,0.213317,0.207384,0.346408,0.369430,0.315778,0.244481,0.240171,0.534392,0.479643,0.588959,0.551850,0.733298,0.763149,0.143621,0.150009,0.350765,0.193205,0.464794,0.289362,0.289324,0.120553,0.448834,0.616029,0.545879,0.492953,0.363890,0.289481,0.424301,0.487032,0.339677,0.198008,0.264341,0.438448,0.342835,0.300295,-0.166149,0.196379,0.464924,0.519350,0.801728,0.855038,0.696888,0.743117,0.702468,0.649766,0.877429,0.870368
0.217508,0.201408,-0.110629,-0.035717,-0.093371,-0.176388,0.142960,0.132256,-0.227682,-0.215704,0.650281,0.560141,0.536763,0.172571,-0.052173,-0.055948,0.000000,0.852349,0.324520,0.250183,0.049535,-0.216843,0.305923,0.061797,0.071197,0.062756,-0.325458,-0.490430,0.832070,0.374388,0.225858,0.398614,0.323283,0.302065,0.154904,0.075949,0.031449,-0.000906,0.019450,-0.363204,-0.092522,-0.054333,0.225095,0.292552,0.157249,0.124201,0.179666,0.235874,-0.098068,0.083862,-0.098678,-0.055300,-0.292812,-0.231006,-0.369764,-0.357273,0.344992,0.437588,0.014608,-0.084651,0.139717,0.061364,0.263740,0.259429,0.120141,0.141916,0.233631,0.249357,0.149352,0.233221,-0.262210,-0.190636,0.258705,0.354380,-0.014624,0.286405,0.518886,0.419601,0.588836,0.043146,0.305663,0.069312,-0.017935,0.008178,0.073212,-0.123478,-0.195911,-0.379205,-0.190715,-0.458261
0.178490,0.440047,-0.144192,-0.086204,-0.121480,-0.010053,-0.015035,0.095462,-0.199033,-0.063742,0.230239,0.423940,0.239732,0.241664,-0.112939,0.020250,0.852349,0.000000,0.043173,0.051433,0.147063,0.058319,0.070521,-0.023509,-0.047637,-0.062633,-0.224747,-0.187283,0.387824,0.434940,0.158407,0.172459,0.309701,0.289500,-0.022460,-0.113011,0.114900,0.255024,0.169384,0.008489,0.175327,0.244319,0.126060,0.214197,-0.009770,-0.071324,0.210054,0.248029,-0.143714,-0.063074,-0.069836,0.039983,-0.169052,0.020400,-0.050782,-0.029088,0.534496,0.827920,0.107035,0.011253,0.286626,0.142817,0.517272,0.659377,-0.126852,-0.015331,0.147387,0.099861,0.021363,0.133876,0.055782,0.084839,0.323368,0.322000,-0.076329,0.072711,0.333382,0.295533,0.508288,0.186513,0.485773,0.281016,0.065095,0.221864,0.056511,0.013606,0.066697,0.008647,-0.168516,-0.174730
0.558586,0.266833,0.710814,0.638467,0.503370,0.391660,0.836085,0.533061,0.384927,0.372001,0.902355,0.523983,0.826074,0.470534,0.719353,0.417814,0.324520,0.043173,0.000000,1.338416,0.275608,0.166536,0.824119,0.527892,0.492546,0.440715,0.318108,0.206971,0.390385,0.178263,0.456880,0.493220,0.601680,0.602698,0.458079,0.360505,0.066935,0.089525,0.006587,-0.009247,-0.061615,-0.066249,0.429469,0.372506,0.400169,0.501750,0.446953,0.374327,0.319938,0.449894,0.472163,0.291032,0.222983,0.217806,0.139342,0.204610,0.277755,0.220179,0.235394,0.185552,0.336157,0.234503,0.140280,0.037495,0.611139,0.519683,0.700372,0.672011,0.546749,0.508008,0.018753,0.136245,0.290166,0.178796,0.368231,0.508785,0.641725,0.528606,0.055443,0.374087,0.524752,0.513304,0.462897,0.306641,0.581573,0.358071,0.290890,-0.025755,0.503036,0.260281
0.563182,0.451516,0.596751,0.699442,0.485842,0.435706,0.647616,0.541094,0.383750,0.417032,0.696842,0.596304,0.672229,0.540034,0.598999,0.530340,0.250183,0.051433,1.338416,0.000000,0.278503,0.237671,0.787440,0.585144,0.449814,0.425675,0.363743,0.293001,0.279495,0.158551,0.422848,0.568957,0.532531,0.639403,0.300702,0.289392,0.194935,0.159238,0.086573,0.102221,0.033967,0.007240,0.335888,0.320054,0.296303,0.393157,0.400801,0.358961,0.211733,0.378762,0.389975,0.242847,0.314124,0.288394,0.252144,0.283013,0.248712,0.283106,0.216244,0.262053,0.359655,0.303106,0.217645,0.139271,0.430947,0.445211,0.780944,0.751409,0.773529,0.747987,0.067312,0.159455,0.277128,0.115179,0.253857,0.412391,0.588667,0.503452,-0.005634,0.338550,0.621803,0.533723,0.545821,0.443143,0.634755,0.448715,0.433575,0.142541,0.526897,0.382160
0.264826,0.116355,0.547101,0.478033,0.511088,0.585730,0.436211,0.402648,0.540689,0.562612,0.115570,0.272545,0.112464,0.352210,0.415843,0.481189,0.049535,0.147063,0.275608,0.278503,0.000000,0.638371,0.379519,0.336085,0.337278,0.394579,0.392017,0.480365,0.037114,0.231942,0.675906,0.297150,0.360730,0.352693,0.155372,0.170386,0.356933,0.312489,0.329226,0.333435,0.106246,0.168183,0.348029,0.331589,0.299995,0.395253,0.434217,0.397846,0.170755,0.294147,0.292158,0.360439,0.095211,0.280118,0.335441,0.491743,0.340531,0.187191,0.297872,-0.001223,0.233415,0.001994,0.125708,0.123313,0.195750,0.170743,0.405070,0.434750,0.231286,0.316507,0.692770,0.757503,0.424396,0.256961,0.448587,0.494946,0.334514,0.359088,0.036232,0.225321,0.381697,0.505618,0.328222,0.402348,0.220732,0.352632,0.507372,0.394413,0.423823,0.452848
0.268545,0.283971,0.450829,0.458170,0.515475,0.590163,0.264626,0.306397,0.502468,0.562625,-0.160269,0.051417,-0.115050,0.199868,0.440224,0.430827,-0.216843,0.058319,0.166536,0.237671,0.638371,0.000000,0.045875,0.138816,0.140376,0.238712,0.513522,0.898617,-0.196929,0.202953,0.350913,0.013750,0.236572,0.272299,-0.166673,-0.082983,0.307873,0.348349,0.222137,0.576624,0.302326,0.269778,0.205553,0.181972,0.160901,0.182607,0.443384,0.384725,0.267578,0.255934,0.238749,0.410140,0.158293,0.364693,0.509405,0.736492,0.389938,0.235714,0.395809,0.144187,0.278903,0.051605,0.276236,0.153748,-0.067516,0.028213,0.275190,0.230943,0.267138,0.201372,0.994386,1.059627,0.378599,0.180729,0.398902,0.192902,0.195527,0.287796,0.019640,0.341783,0.397520,0.393848,0.420786,0.336085,0.108584,0.252646,0.552574,0.377193,0.520877,0.604404
0.510969,0.223592,0.743276,0.663698,0.637355,0.451215,0.836346,0.651169,0.472585,0.539639,0.789152,0.600583,0.736189,0.643120,0.684049,0.478884,0.305923,0.070521,0.824119,0.787440,0.379519,0.045875,0.000000,1.160523,0.979825,0.880723,0.459492,0.225396,0.243311,0.038894,0.708177,0.860335,0.543895,0.539182,0.573094,0.601762,0.249122,-0.088386,-0.051550,-0.055680,0.001251,-0.041435,0.521879,0.392371,0.476146,0.577948,0.409954,0.344001,0.269462,0.492165,0.738920,0.453625,0.312006,0.271348,0.237546,0.254617,0.159062,0.183666,0.274880,0.130208,0.402863,0.158094,0.246580,0.187245,0.742323,0.596723,0.956677,0.796867,0.634958,0.462602,0.044470,0.131527,0.226929,0.106302,0.350117,0.541203,0.621834,0.474338,-0.038345,0.139901,0.484927,0.504531,0.445730,0.361205,0.761846,0.548188,0.339694,0.144317,0.464478,0.375997
0.407807,0.186468,0.684156,0.825528,0.555189,0.455802,0.579569,0.689132,0.377219,0.580604,0.388536,0.440192,0.424278,0.621717,0.591992,0.579719,0.061797,-0.023509,0.527892,0.585144,0.336085,0.138816,1.160523,0.000000,0.998100,0.996087,0.595754,0.410081,-0.028184,-0.043645,0.624571,0.797658,0.404036,0.369948,0.411573,0.512358,0.307848,-0.009763,0.039045,0.119269,0.078748,-0.018628,0.283978,0.183558,0.212240,0.355416,0.219014,0.167350,0.057656,0.222231,0.697871,0.450295,0.451035,0.402226,0.352183,0.405949,0.169823,0.115273,0.267730,0.058818,0.385464,0.103059,0.306502,0.212119,0.621886,0.570160,0.756382,0.676249,0.474719,0.289680,0.116136,0.174878,0.045556,-0.116466,0.241022,0.337875,0.441625,0.403614,-0.106040,0.032964,0.323158,0.412023,0.436820,0.435127,0.686608,0.774083,0.485124,0.300898,0.415964,0.601303
0.355467,0.069810,0.833927,0.696969,0.759113,0.446799,0.733497,0.548319,0.387736,0.613676,0.404730,0.364029,0.373470,0.484285,0.772910,0.542104,0.071197,-0.047637,0.492546,0.449814,0.337278,0.140376,0.979825,0.998100,0.000000,1.398739,0.812103,0.392160,0.091688,0.066006,0.550305,0.552912,0.300935,0.261138,0.418288,0.477931,0.127584,-0.173151,-0.077839,0.013739,-0.068015,-0.127659,0.485359,0.353867,0.406866,0.468134,0.365619,0.346835,0.160733,0.316399,0.738526,0.480422,0.360852,0.251513,0.305549,0.380775,0.126945,0.037706,0.292845,0.052139,0.260698,0.013650,0.222966,0.174550,0.610668,0.489232,0.673739,0.587468,0.370842,0.166363,0.115140,0.210901,0.150200,0.088945,0.388043,0.480949,0.339065,0.285706,-0.026422,0.210124,0.316823,0.411888,0.453344,0.313267,0.468930,0.544242,0.330454,0.167453,0.472681,0.536680
0.410583,0.161591,0.864767,0.847333,0.832604,0.593441,0.769379,0.741208,0.461525,0.637016,0.377639,0.383562,0.309992,0.507262,0.801720,0.635332,0.062756,-0.062633,0.440715,0.425675,0.394579,0.238712,0.880723,0.996087,1.398739,0.000000,0.794535,0.508088,0.070370,0.062271,0.639952,0.668448,0.407709,0.412966,0.449702,0.579209,0.231917,-0.070209,0.010580,0.143395,0.009680,-0.015333,0.568127,0.433122,0.433644,0.520346,0.492260,0.459591,0.214106,0.341999,0.660808,0.570884,0.309802,0.265987,0.330889,0.427359,0.130261,0.069447,0.313196,0.096185,0.319482,0.101394,0.201252,0.153823,0.629732,0.647506,0.691155,0.621628,0.348671,0.198874,0.232972,0.294160,0.263939,0.157401,0.442574,0.417120,0.424550,0.372074,-0.071792,0.177007,0.319991,0.367886,0.515885,0.280399,0.391282,0.447807,0.377195,0.141441,0.544819,0.522839
0.469352,0.230738,0.784384,0.698219,1.022033,0.773435,0.525087,0.455973,0.646172,0.870837,0.039975,0.147026,0.116346,0.379570,0.926987,0.695816,-0.325458,-0.224747,0.318108,0.363743,0.392017,0.513522,0.459492,0.595754,0.812103,0.794535,0.000000,1.101428,-0.293876,-0.063246,0.251635,0.141591,0.151532,0.185617,0.106577,0.108830,0.177604,-0.167401,0.062877,0.336950,0.151266,0.017720,0.232311,0.091665,0.181831,0.209136,0.290634,0.191967,0.374571,0.289941,0.626474,0.503856,0.549219,0.540233,0.674103,0.883011,0.208292,0.037294,0.614597,0.251894,0.420199,0.073994,0.307306,0.180190,0.260350,0.279563,0.440254,0.299124,0.365180,0.160568,0.424980,0.488742,0.180882,0.052900,0.424622,0.387362,0.110178,0.140823,-0.182768,0.257047,0.297936,0.403792,0.548486,0.446669,0.409470,0.566508,0.677314,0.499163,0.854021,1.054432
0.422809,0.285736,0.726916,0.700557,0.760313,0.911642,0.424557,0.428840,0.734458,0.887879,-0.147449,-0.005803,-0.075379,0.284708,0.752595,0.686298,-0.490430,-0.187283,0.206971,0.293001,0.480365,0.898617,0.225396,0.410081,0.392160,0.508088,1.101428,0.000000,-0.414965,-0.008036,0.297198,0.032097,0.156764,0.233350,0.019628,0.069661,0.299650,0.160783,0.140095,0.613150,0.237909,0.291625,0.219999,0.097384,0.138533,0.189564,0.360155,0.272719,0.387229,0.229846,0.445379,0.509250,0.405554,0.552860,0.728750,1.056373,0.266484,0.083094,0.534741,0.281038,0.450153,0.128667,0.343324,0.214485,0.131702,0.209093,0.363795,0.265657,0.306649,0.232494,0.814038,0.822279,0.251806,0.081376,0.424758,0.179249,0.081843,0.129176,-0.149449,0.300974,0.342971,0.427553,0.502926,0.422269,0.295597,0.469837,0.783842,0.597350,0.775128,1.099481
0.095737,0.039190,0.044436,0.067874,0.006485,-0.045389,0.249335,0.198653,-0.088663,-0.121707,0.693508,0.551582,0.552896,0.264381,0.103651,0.148607,0.832070,0.387824,0.390385,0.279495,0.037114,-0.196929,0.243311,-0.028184,0.091688,0.070370,-0.293876,-0.414965,0.000000,0.882607,0.226455,0.352946,0.264736,0.252319,0.247431,0.186295,0.046178,0.228747,0.083626,-0.113507,-0.075922,0.018586,0.178515,0.305059,0.179286,0.230178,0.255061,0.322013,0.006627,0.154582,-0.006206,0.005277,-0.093568,-0.147481,-0.266080,-0.251125,0.021423,0.079654,-0.134363,-0.142544,-0.017287,0.109318,-0.055540,-0.081701,0.178782,0.207764,0.119818,0.192526,-0.015853,0.062387,-0.238113,-0.138714,0.191076,0.292948,0.042359,0.267203,0.260611,0.125011,0.621327,0.286665,0.324406,0.148521,0.220482,0.098065,0.155225,-0.050862,-0.175289,-0.334374,-0.035199,-0.337339
0.033460,0.047721,0.108308,0.122249,0.073005,0.135348,0.146490,0.156710,-0.000964,0.029534,0.223271,0.369327,0.138347,0.242087,0.111089,0.333335,0.374388,0.434940,0.178263,0.158551,0.231942,0.202953,0.038894,-0.043645,0.066006,0.062271,-0.063246,-0.008036,0.882607,0.000000,0.263310,0.233125,0.235820,0.213578,0.053282,0.025122,0.089504,0.478948,0.296606,0.299113,0.022714,0.180826,0.116915,0.243611,0.120226,0.174122,0.345662,0.406874,-0.021694,0.064567,-0.029066,0.078722,-0.029376,0.022122,-0.049655,0.083171,0.123304,0.172649,-0.019120,-0.147306,-0.027012,0.006059,0.040142,0.001445,-0.020267,0.038888,0.096248,0.144606,-0.041415,0.002545,0.161181,0.266711,0.193490,0.255836,0.022133,0.127635,0.096214,0.033347,0.719825,0.629243,0.542291,0.446491,0.408142,0.428683,0.158957,0.145930,0.143565,0.004768,0.083948,-0.013586
0.197190,0.026090,0.602447,0.505842,0.333909,0.336144,0.500881,0.436055,0.274132,0.319270,0.308414,0.302598,0.161215,0.298614,0.312221,0.269435,0.225858,0.158407,0.456880,0.422848,0.675906,0.350913,0.708177,0.624571,0.550305,0.639952,0.251635,0.297198,0.226455,0.263310,0.000000,0.921981,0.670527,0.641522,0.397179,0.517418,0.298988,0.174251,0.080680,0.173670,0.066357,0.035767,0.434150,0.306229,0.338192,0.383593,0.456748,0.429259,0.114935,0.215024,0.276743,0.389142,-0.104155,0.020821,0.084667,0.196804,0.155298,0.154699,0.066584,-0.171950,0.082186,-0.082692,0.042119,0.054143,0.354650,0.271030,0.533713,0.578135,0.292173,0.334619,0.436862,0.500107,0.288666,0.211603,0.375327,0.326726,0.526205,0.491861,0.150626,0.188358,0.377642,0.407739,0.313468,0.188513,0.180296,0.251307,0.324189,0.087225,0.195845,0.175852
0.159035,0.189230,0.312529,0.425081,0.296988,0.243626,0.386269,0.515658,0.075949,0.198034,0.538806,0.561427,0.410818,0.381950,0.225013,0.324593,0.398614,0.172459,0.493220,0.568957,0.297150,0.013750,0.860335,0.797658,0.552912,0.668448,0.141591,0.032097,0.352946,0.233125,0.921981,0.000000,0.492696,0.575338,0.465666,0.529932,0.194997,0.027856,0.158148,0.000300,-0.081947,-0.096370,0.273802,0.204879,0.245097,0.274269,0.195409,0.236841,-0.068575,0.116764,0.173732,0.173200,-0.047518,-0.056987,0.010559,-0.008221,-0.023453,0.174299,-0.096929,-0.077359,0.032771,0.086464,-0.050155,0.010353,0.441725,0.434881,0.488721,0.510038,0.374353,0.341543,-0.006508,0.082017,0.098419,0.108405,0.064048,0.358101,0.586259,0.504274,0.035534,0.082688,0.316725,0.283951,0.286546,0.212140,0.308479,0.236932,0.190172,-0.010322,0.164701,0.034727
0.392488,0.291655,0.592941,0.572550,0.283776,0.400864,0.566614,0.562053,0.320999,0.317000,0.456433,0.358833,0.392262,0.377739,0.432535,0.289948,0.323283,0.309701,0.601680,0.532531,0.360730,0.236572,0.543895,0.404036,0.300935,0.407709,0.151532,0.156764,0.264736,0.235820,0.670527,0.492696,0.000000,1.398641,0.593063,0.483917,0.184118,0.299417,0.176291,0.296215,0.318682,0.191972,0.434985,0.349830,0.302471,0.410241,0.480068,0.422097,0.337314,0.376569,0.313389,0.497496,0.009867,0.079002,0.143642,0.190375,0.307594,0.297043,0.306981,0.173859,0.456908,0.259876,0.371405,0.264465,0.429560,0.454288,0.672290,0.710918,0.441834,0.346607,0.283771,0.327735,0.482530,0.241619,0.354654,0.155491,0.532789,0.487652,0.056116,0.192762,0.501244,0.428769,0.506122,0.311628,0.226883,0.151438,0.264805,0.104909,0.327243,0.095985
0.514347,0.444269,0.600896,0.658241,0.363164,0.533404,0.641949,0.694816,0.361656,0.336973,0.526907,0.447979,0.427003,0.399283,0.459836,0.344933,0.302065,0.289500,0.602698,0.639403,0.352693,0.272299,0.539182,0.369948,0.261138,0.412966,0.185617,0.233350,0.252319,0.213578,0.641522,0.575338,1.398641,0.000000,0.609145,0.580528,0.224139,0.334180,0.223174,0.312489,0.268857,0.211524,0.478058,0.359587,0.325722,0.449285,0.500874,0.450001,0.436793,0.404595,0.254375,0.469620,-0.001746,0.081405,0.190333,0.219667,0.273717,0.325958,0.321166,0.327299,0.515018,0.426365,0.302662,0.286261,0.442258,0.562727,0.680868,0.755941,0.538755,0.525625,0.342621,0.421143,0.538863,0.321092,0.394578,0.208940,0.625204,0.579525,-0.001318,0.200570,0.477555,0.354161,0.509180,0.251446,0.160161,0.030854,0.276006,0.068623,0.429001,0.081099
0.231423,0.084487,0.502577,0.419951,0.252867,0.248538,0.595494,0.390825,0.249787,0.152695,0.577608,0.299561,0.514790,0.213301,0.443556,0.287744,0.154904,-0.022460,0.458079,0.300702,0.155372,-0.166673,0.573094,0.411573,0.418288,0.449702,0.106577,0.019628,0.247431,0.053282,0.397179,0.465666,0.593063,0.609145,0.000000,1.150736,0.077885,0.102704,0.136662,0.061708,-0.090828,-0.055549,0.400111,0.219067,0.411299,0.547079,0.231770,0.178011,0.308256,0.245815,0.369507,0.279811,0.002733,-0.118706,0.077483,-0.010227,-0.125676,-0.017875,-0.007222,0.185915,0.275513,0.323195,0.001106,0.006898,0.937800,0.814227,0.444827,0.402714,0.210120,0.174573,0.023251,0.098077,0.354022,0.219797,0.450057,0.276398,0.381807,0.288193,-0.132461,0.021025,0.127501,0.149956,0.282331,0.103422,0.290579,0.061649,0.066743,-0.063203,0.351634,0.023631
0.190442,-0.021500,0.450742,0.410990,0.240211,0.250116,0.527689,0.390477,0.230522,0.179050,0.456630,0.204705,0.350931,0.214855,0.367399,0.235146,0.075949,-0.113011,0.360505,0.289392,0.170386,-0.082983,0.601762,0.512358,0.477931,0.579209,0.108830,0.069661,0.186295,0.025122,0.517418,0.529932,0.483917,0.580528,1.150736,0.000000,0.189189,0.138948,-0.013299,0.069949,-0.068335,0.047649,0.502991,0.317860,0.450455,0.713361,0.343619,0.319787,0.250063,0.322234,0.385431,0.392247,0.011033,-0.086585,0.050537,0.024959,-0.084290,-0.073541,-0.007365,0.153282,0.179981,0.254315,-0.028277,-0.030824,0.788207,0.786385,0.476546,0.563896,0.227519,0.199831,0.090077,0.146335,0.313993,0.164230,0.470153,0.208066,0.375608,0.305474,-0.078999,0.026899,0.110376,0.102420,0.195107,-0.017981,0.198991,0.051639,0.006830,-0.146070,0.204961,0.018537
0.250331,0.325119,0.238832,0.305155,0.203306,0.278620,0.204562,0.304166,0.320853,0.209231,0.102134,0.284832,0.160406,0.384987,0.235721,0.375035,0.031449,0.114900,0.066935,0.194935,0.356933,0.307873,0.249122,0.307848,0.127584,0.231917,0.177604,0.299650,0.046178,0.089504,0.298988,0.194997,0.184118,0.224139,0.077885,0.189189,0.000000,0.495098,0.263000,0.537551,0.491360,0.487409,0.286263,0.212337,0.122005,0.166731,0.407225,0.303080,0.078096,0.087414,0.249530,0.309911,0.238035,0.334932,0.456882,0.425735,0.304146,0.294000,0.165917,0.181325,0.256573,0.161107,0.288475,0.192703,0.119747,0.187182,0.410877,0.347816,0.367479,0.272902,0.391715,0.287780,0.347434,0.131632,0.096656,0.036819,0.170235,0.212256,0.100924,-0.029208,0.264317,0.137059,0.355042,0.313397,0.323031,0.332214,0.445987,0.389141,0.214768,0.348986
0.095693,0.313347,0.175395,0.254358,-0.032281,0.272861,0.113085,0.250091,0.158204,0.126360,0.063151,0.219202,0.068251,0.301361,0.126606,0.419556,-0.000906,0.255024,0.089525,0.159238,0.312489,0.348349,-0.088386,-0.009763,-0.173151,-0.070209,-0.167401,0.160783,0.228747,0.478948,0.174251,0.027856,0.299417,0.334180,0.102704,0.138948,0.495098,0.000000,0.522322,0.768796,0.342899,0.548699,0.124437,0.223985,0.022671,0.148554,0.359729,0.345911,0.035290,0.004710,0.042662,0.205162,0.126639,0.230002,0.332428,0.347101,0.205711,0.281330,0.011662,0.162271,0.147278,0.265328,0.140725,0.145794,0.051500,0.176917,0.158062,0.239800,0.073179,0.170801,0.430932,0.420355,0.313698,0.176056,0.056217,-0.097055,0.220044,0.241184,0.090247,0.115485,0.303435,0.260743,0.448576,0.406384,0.142993,0.180659,0.335349,0.321145,0.170187,0.197127
0.066803,0.406619,0.119249,0.256374,0.101761,0.236218,0.087279,0.298144,0.126300,0.107687,0.107093,0.358167,0.115699,0.239276,0.169541,0.545371,0.019450,0.169384,0.006587,0.086573,0.329226,0.222137,-0.051550,0.039045,-0.077839,0.010580,0.062877,0.140095,0.083626,0.296606,0.080680,0.158148,0.176291,0.223174,0.136662,-0.013299,0.263000,0.522322,0.000000,0.635798,0.181965,0.210926,-0.128958,-0.089092,-0.114434,-0.071430,-0.036846,-0.053445,-0.118464,-0.221652,-0.074675,-0.004253,0.038871,0.079131,0.324877,0.248751,0.076776,0.247753,-0.018418,0.057308,0.074397,0.158179,0.081566,0.092710,0.147984,0.268797,0.110206,0.071791,0.156395,0.116434,0.353792,0.348544,0.186866,0.125484,-0.075125,0.101255,0.320661,0.359412,-0.166734,-0.098576,0.161681,0.136777,0.414713,0.524521,0.221835,0.205699,0.330071,0.446086,0.326119,0.193847
0.074126,0.282824,0.322265,0.384874,0.222539,0.492251,0.111590,0.266410,0.355781,0.332818,-0.179604,0.038114,-0.115027,0.222390,0.356100,0.592030,-0.363204,0.008489,-0.009247,0.102221,0.333435,0.576624,-0.055680,0.119269,0.013739,0.143395,0.336950,0.613150,-0.113507,0.299113,0.173670,0.000300,0.296215,0.312489,0.061708,0.069949,0.537551,0.768796,0.635798,0.000000,0.676426,0.713164,0.029377,0.042233,-0.100490,-0.008956,0.256934,0.227761,0.102144,-0.029175,0.138902,0.376039,0.259253,0.342156,0.629768,0.693586,0.098159,0.111827,0.127741,0.128916,0.220299,0.132238,0.250402,0.094844,0.027865,0.147619,0.145566,0.117606,0.173242,0.002976,0.718210,0.614716,0.311217,0.125794,0.165125,-0.159438,0.063484,0.114679,-0.076427,0.133113,0.300265,0.277264,0.664524,0.514823,0.168169,0.319338,0.538841,0.642632,0.443123,0.529227
0.083997,0.196522,0.119751,0.162140,0.028786,0.228323,0.007210,0.142065,0.177410,0.146078,-0.210396,-0.034696,-0.000689,0.123687,0.174738,0.148810,-0.092522,0.175327,-0.061615,0.033967,0.106246,0.302326,0.001251,0.078748,-0.068015,0.009680,0.151266,0.237909,-0.075922,0.022714,0.066357,-0.081947,0.318682,0.268857,-0.090828,-0.068335,0.491360,0.342899,0.181965,0.676426,0.000000,0.780625,-0.004578,0.020586,-0.233160,-0.151932,0.109682,0.092532,0.019210,0.001663,0.069231,0.277824,0.182171,0.248492,0.340660,0.322429,0.214732,0.118832,0.125460,0.195842,0.339620,0.096451,0.499101,0.239980,-0.084137,0.012032,0.114104,0.104090,0.182757,0.025142,0.266506,0.142545,0.331596,0.110248,0.118965,-0.253425,-0.002577,0.013664,0.079298,0.055924,0.232710,0.100639,0.297683,0.161292,0.039761,0.128217,0.156014,0.299274,0.203272,0.226349
0.060740,0.188016,0.080634,0.084548,-0.039862,0.261387,0.007912,0.110835,0.159874,0.143528,-0.123068,-0.088883,-0.045115,0.124796,0.141446,0.237540,-0.054333,0.244319,-0.066249,0.007240,0.168183,0.269778,-0.041435,-0.018628,-0.127659,-0.015333,0.017720,0.291625,0.018586,0.180826,0.035767,-0.096370,0.191972,0.211524,-0.055549,0.047649,0.487409,0.548699,0.210926,0.713164,0.780625,0.000000,0.142586,0.212835,-0.101699,-0.005855,0.272675,0.318531,0.004677,0.031778,-0.021084,0.217699,0.084089,0.231990,0.221233,0.295423,0.295842,0.215664,0.094376,0.166192,0.204341,0.023502,0.408496,0.168355,-0.098618,0.021906,0.088253,0.103080,0.088083,0.076043,0.319405,0.199212,0.443026,0.313131,0.128103,-0.206048,0.014485,0.024066,0.153408,0.142017,0.307099,0.195511,0.178926,0.202475,0.035961,0.106903,0.148349,0.288836,0.111816,0.163891
0.423033,0.158097,0.537886,0.363175,0.483683,0.447618,0.623315,0.382956,0.454425,0.342649,0.372216,0.213507,0.221078,0.232722,0.434942,0.199866,0.225095,0.126060,0.429469,0.335888,0.348029,0.205553,0.521879,0.283978,0.485359,0.568127,0.232311,0.219999,0.178515,0.116915,0.434150,0.273802,0.434985,0.478058,0.400111,0.502991,0.286263,0.124437,-0.128958,0.029377,-0.004578,0.142586,0.000000,1.441721,1.018982,1.058300,1.146386,1.247819,0.525371,0.749192,0.547142,0.545817,0.037446,0.107589,0.153923,0.272360,0.404132,0.379569,0.323651,0.257163,0.244427,0.085749,0.224973,0.184384,0.359843,0.299659,0.627191,0.629361,0.495275,0.514021,0.198116,0.283467,0.586950,0.499761,0.428911,0.370085,0.363380,0.319238,0.127809,0.243947,0.307522,0.295577,0.224766,0.088984,0.161591,0.079622,0.174747,-0.015105,0.337640,0.140048
0.317029,0.136658,0.378595,0.285672,0.357427,0.386312,0.467416,0.322412,0.356483,0.304368,0.327512,0.224904,0.219726,0.245033,0.335993,0.213317,0.292552,0.214197,0.372506,0.320054,0.331589,0.181972,0.392371,0.183558,0.353867,0.433122,0.091665,0.097384,0.305059,0.243611,0.306229,0.204879,0.349830,0.359587,0.219067,0.317860,0.212337,0.223985,-0.089092,0.042233,0.020586,0.212835,1.441721,0.000000,0.902985,1.011123,1.081056,1.509920,0.381311,0.825322,0.398351,0.476605,0.062954,0.124436,0.089755,0.211815,0.404942,0.380849,0.231108,0.220990,0.147689,0.088233,0.199432,0.156354,0.172645,0.198692,0.460697,0.548296,0.366006,0.443889,0.080764,0.159589,0.530361,0.541769,0.342573,0.346084,0.357159,0.293216,0.199280,0.290040,0.300770,0.289992,0.175866,0.109005,0.111562,0.053891,0.095993,-0.045728,0.255484,0.085643
0.220343,0.010650,0.412755,0.278311,0.428765,0.315271,0.508471,0.255149,0.424769,0.326703,0.389020,0.117146,0.191748,0.136956,0.377743,0.207384,0.157249,-0.009770,0.400169,0.296303,0.299995,0.160901,0.476146,0.212240,0.406866,0.433644,0.181831,0.138533,0.179286,0.120226,0.338192,0.245097,0.302471,0.325722,0.411299,0.450455,0.122005,0.022671,-0.114434,-0.100490,-0.233160,-0.101699,1.018982,0.902985,0.000000,1.426091,0.780069,0.794988,0.569815,0.975165,0.508826,0.423929,-0.007749,-0.054136,0.079526,0.145149,0.196865,0.200331,0.209830,0.159949,0.023960,0.008537,-0.058338,-0.068829,0.337248,0.244702,0.556555,0.567848,0.434725,0.452529,0.087250,0.200137,0.345725,0.397368,0.360429,0.422786,0.255206,0.218964,0.049003,0.228117,0.176972,0.230854,0.109456,0.052862,0.170311,0.045609,0.075628,-0.036434,0.291883,0.104556
0.335628,0.022791,0.557536,0.456779,0.513480,0.450716,0.662486,0.406900,0.501476,0.433588,0.467392,0.210049,0.323367,0.295191,0.492778,0.346408,0.124201,-0.071324,0.501750,0.393157,0.395253,0.182607,0.577948,0.355416,0.468134,0.520346,0.209136,0.189564,0.230178,0.174122,0.383593,0.274269,0.410241,0.449285,0.547079,0.713361,0.166731,0.148554,-0.071430,-0.008956,-0.151932,-0.005855,1.058300,1.011123,1.426091,0.000000,0.803417,0.863511,0.578658,1.109773,0.620799,0.592102,0.124606,0.068781,0.164530,0.244641,0.193595,0.133444,0.255398,0.251959,0.158413,0.151202,0.019910,-0.039141,0.464077,0.447473,0.639194,0.796360,0.443673,0.489889,0.132298,0.259218,0.430550,0.354996,0.510828,0.456125,0.354204,0.281473,0.012445,0.242521,0.227624,0.312194,0.212536,0.135125,0.248537,0.146904,0.118150,-0.025120,0.390039,0.199067
0.469172,0.267858,0.595678,0.431208,0.511963,0.584341,0.609251,0.456049,0.499780,0.453019,0.317263,0.291358,0.202812,0.385863,0.464189,0.369430,0.179666,0.210054,0.446953,0.400801,0.434217,0.443384,0.409954,0.219014,0.365619,0.492260,0.290634,0.360155,0.255061,0.345662,0.456748,0.195409,0.480068,0.500874,0.231770,0.343619,0.407225,0.359729,-0.036846,0.256934,0.109682,0.272675,1.146386,1.081056,0.780069,0.803417,0.000000,1.507482,0.480101,0.713748,0.562846,0.704810,0.195120,0.357560,0.310604,0.488368,0.506448,0.477165,0.395803,0.223083,0.295594,0.111568,0.256721,0.169890,0.196410,0.212925,0.673745,0.639073,0.444675,0.478957,0.384998,0.446239,0.576179,0.465834,0.439225,0.314529,0.378956,0.360091,0.209974,0.421219,0.504864,0.426884,0.400629,0.281640,0.220016,0.194500,0.333202,0.111878,0.383120,0.267729
0.309404,0.196342,0.441956,0.352697,0.419024,0.490444,0.457403,0.357176,0.401665,0.392576,0.272975,0.233436,0.151273,0.289426,0.370529,0.315778,0.235874,0.248029,0.374327,0.358961,0.397846,0.384725,0.344001,0.167350,0.346835,0.459591,0.191967,0.272719,0.322013,0.406874,0.429259,0.236841,0.422097,0.450001,0.178011,0.319787,0.303080,0.345911,-0.053445,0.227761,0.092532,0.318531,1.247819,1.509920,0.794988,0.863511,1.507482,0.000000,0.347131,0.723920,0.417795,0.623685,0.079276,0.200612,0.194201,0.359936,0.447615,0.459068,0.264970,0.153966,0.172654,0.051940,0.216243,0.128585,0.109014,0.144026,0.536399,0.610300,0.391114,0.435526,0.292453,0.366240,0.537444,0.494522,0.354023,0.264474,0.337409,0.312258,0.240651,0.438059,0.489018,0.417197,0.321906,0.225087,0.118658,0.134012,0.231271,0.058837,0.276923,0.175727
