0.000000,1.247363,0.005255,0.095195,0.068194,0.219083,0.135233,0.047109,-0.000592,0.144626,0.363369,0.473926,0.264605,0.377415,0.042508,0.081083,0.564370,0.716309,0.460991,0.752937,0.229177,0.259015,-0.179823,-0.240793,-0.228959,-0.169136,-0.184451,-0.024742,0.610509,0.322893,-0.181710,-0.157731,0.623167,0.413559,-0.287619,-0.230413,0.453863,0.440072,0.081139,0.133514,0.412941,0.184179,0.215599,0.227280,0.101452,0.315815,0.324709,0.395935,0.596757,0.333301,0.497157,0.192532,0.649208,0.474611,0.467533,0.418217,0.914656,0.767526,1.334972,0.612922,1.047047,0.577917,0.972166,0.857970,-0.086016,-0.092959,0.340962,0.419984,0.766110,0.399190,0.004092,0.000198,0.525418,0.425767,0.419803,0.366878,0.419584,0.280989,0.320503,0.360497,0.893633,0.659994,0.491329,0.256711,0.102327,0.332922,-0.003808,-0.161441,0.007591,0.285983
1.247363,0.000000,-0.048449,0.168685,0.106247,0.274433,0.029988,0.082269,-0.057221,0.149972,0.251122,0.410402,0.127908,0.306893,-0.040644,0.044867,0.499517,0.747546,0.327870,0.777323,0.349053,0.319609,-0.203634,-0.187052,-0.136543,-0.074818,-0.174070,-0.005211,0.531675,0.254062,-0.124522,-0.041036,0.662818,0.487109,-0.130815,-0.098063,0.435860,0.476351,0.022483,0.263935,0.332953,0.177312,0.231843,0.220349,0.203617,0.415404,0.338519,0.402496,0.583846,0.441978,0.545479,0.372447,0.705172,0.571209,0.547560,0.509367,0.953998,1.005810,1.076316,0.660543,0.857736,0.598048,0.837987,0.824683,-0.113303,-0.002871,0.305468,0.457497,0.993428,0.565949,0.112331,0.090199,0.496499,0.571747,0.388611,0.383300,0.546268,0.346109,0.450448,0.424947,0.936936,0.730077,0.357112,0.275531,0.130463,0.420351,0.000538,-0.032611,0.042330,0.309949
0.005255,-0.048449,0.000000,0.702601,0.650529,0.189549,1.219681,0.440723,0.408529,0.081127,0.292486,0.022325,0.297122,0.090953,0.463601,0.343568,-0.070693,-0.173196,0.638624,0.309293,0.055263,-0.032193,0.928521,0.774840,0.736455,0.784098,0.490317,0.214614,-0.036222,-0.040696,0.931782,0.705900,0.360494,0.193978,0.405706,0.244767,0.252416,0.192946,0.570465,0.181150,0.168372,-0.192030,0.419796,0.331729,0.295048,-0.137906,0.353637,0.356200,0.018460,-0.226754,0.171780,0.095428,-0.164317,0.065067,0.176609,0.291786,-0.100482,-0.125495,-0.110494,-0.222237,-0.037180,-0.408883,-0.127562,-0.344495,0.348249,-0.000300,0.527395,0.208608,0.101854,0.085258,0.483592,0.534284,0.257225,0.021269,0.115040,0.175778,0.346970,0.336235,-0.100490,0.063682,-0.145286,-0.206525,0.120536,-0.106456,0.223487,0.101032,0.344219,0.279237,0.408544,0.235598
0.095195,0.168685,0.702601,0.000000,0.711616,0.598862,0.593861,1.204244,0.027231,0.587288,-0.129240,0.213947,-0.154909,0.225921,-0.043990,0.450520,0.122391,0.102651,0.156551,0.289000,-0.040469,-0.055915,0.292758,0.608330,0.480110,0.759996,0.159797,0.197219,-0.012819,0.187230,0.451278,0.790323,0.496312,0.676764,0.499340,0.565043,-0.013383,0.357072,0.298734,0.306835,-0.083399,-0.368506,0.238096,0.435704,0.559920,0.509843,0.265807,0.414689,0.195624,0.183559,0.242642,0.407409,-0.024098,0.027799,0.241877,0.280081,0.109568,0.051632,0.048305,0.287557,0.193798,0.089919,0.153542,0.072052,0.229739,0.606195,0.594845,0.664915,0.175854,0.217387,0.422712,0.319731,0.150446,0.306726,0.103347,0.302970,0.339722,0.481057,0.046484,0.200276,0.115949,0.175099,0.083537,0.142185,-0.029706,0.274907,0.174718,0.242372,0.148961,0.354973
0.068194,0.106247,0.650529,0.711616,0.000000,0.394847,0.557314,0.454876,0.144524,0.224868,0.005870,0.038649,0.044110,0.099880,0.206293,0.311182,0.085757,0.113236,0.259025,0.195211,0.094931,0.092814,0.318148,0.390621,0.576977,0.638562,0.333621,0.324333,0.123969,0.188069,0.575588,0.503673,0.456255,0.392967,0.405925,0.290685,0.205432,0.298965,0.291156,0.145313,0.249867,-0.047710,0.213115,0.206005,0.446991,0.218239,0.246357,0.305847,0.177543,0.025469,0.266431,0.240049,-0.013135,0.131049,0.269874,0.255093,0.062761,0.095020,0.049137,0.110874,0.133753,-0.142825,0.075614,-0.006552,0.197578,0.161999,0.488478,0.379706,0.192820,0.172449,0.696723,0.461438,0.147100,0.187299,0.193124,0.372446,0.195888,0.296685,0.022954,0.238331,0.129295,0.193293,0.112267,0.061531,0.091525,0.243400,0.106221,0.171389,0.157695,0.180142
0.219083,0.274433,0.189549,0.598862,0.394847,0.000000,0.230159,0.558428,-0.162203,0.722647,-0.104617,0.361763,-0.070887,0.395879,-0.070311,0.347167,-0.064867,0.150799,0.142254,0.255259,0.002569,-0.029176,-0.100120,0.102928,0.074551,0.336100,0.049258,0.241514,0.025021,0.171758,0.023561,0.239599,0.210111,0.360996,0.095089,0.179161,0.014385,0.256367,0.078651,0.137487,-0.104931,-0.267864,-0.001523,0.071436,0.233631,0.387843,0.035920,0.184827,0.290000,0.208598,0.164358,0.169700,0.050686,0.051832,0.194190,0.190833,0.182992,0.132095,0.215748,0.485851,0.308623,0.347060,0.305431,0.165349,0.017534,0.383648,0.157856,0.327170,0.167403,0.230625,0.278362,0.206284,0.232197,0.215984,0.141711,0.240519,0.054293,0.308638,-0.059826,0.129127,0.142827,0.188315,0.007388,0.036358,-0.139385,0.124533,-0.086011,-0.018211,0.039600,0.210027
0.135233,0.029988,1.219681,0.593861,0.557314,0.230159,0.000000,0.507840,0.617292,0.225636,0.393831,0.258624,0.521991,0.265963,0.533965,0.344979,-0.030081,-0.080596,0.657683,0.305421,-0.010792,-0.049560,0.658502,0.559878,0.482217,0.475481,0.346056,0.137384,0.048623,-0.041862,0.567584,0.455390,0.368751,0.152111,0.411565,0.289568,0.147843,0.182569,0.343023,0.087856,0.199995,-0.144011,0.372026,0.295690,0.379137,-0.053999,0.299749,0.318760,0.213196,-0.059123,0.309471,0.123600,-0.122466,0.061678,0.127678,0.249920,-0.032643,-0.100891,0.009803,-0.083582,0.219689,-0.202405,0.003431,-0.208986,0.575723,0.128584,0.570230,0.197709,0.113233,0.179830,0.298035,0.344824,0.250364,-0.035812,0.072003,0.142793,0.282587,0.305538,-0.117449,0.056835,-0.106501,-0.171961,0.105714,-0.128032,0.185586,0.113699,0.274128,0.093904,0.301309,0.257018
0.047109,0.082269,0.440723,1.204244,0.454876,0.558428,0.507840,0.000000,0.054535,0.820481,-0.139254,0.444472,-0.130492,0.518139,-0.025416,0.475965,0.121976,0.167505,0.077098,0.293322,-0.303705,-0.301325,0.136743,0.500297,0.213837,0.448108,-0.014363,-0.005575,-0.048067,0.245534,0.160633,0.487661,0.356944,0.676768,0.356046,0.535414,-0.160185,0.239722,0.150074,0.194867,-0.198871,-0.436879,0.120484,0.331670,0.491542,0.581959,0.095743,0.304259,0.141505,0.205106,0.063233,0.301197,-0.092493,-0.029540,0.047851,0.198205,0.134530,0.052506,0.001455,0.296116,0.149436,0.139809,0.043144,0.035459,0.202604,0.777595,0.397887,0.531877,0.053707,0.214806,0.226378,0.123356,0.061546,0.270337,0.058667,0.226458,0.201316,0.466756,0.066974,0.169878,0.099007,0.220952,0.042552,0.135041,-0.055346,0.272096,0.128486,0.162623,0.039313,0.331345
-0.000592,-0.057221,0.408529,0.027231,0.144524,-0.162203,0.617292,0.054535,0.000000,-0.193718,0.527794,0.162160,0.712795,0.129405,0.799751,0.274880,-0.006729,-0.208143,0.528911,0.204945,0.069196,0.084873,0.782017,0.489967,0.263409,0.017916,0.513520,0.237606,-0.053510,-0.241013,0.312145,0.161008,-0.024340,-0.244582,0.467610,0.160366,0.225050,0.142065,0.153387,0.020575,0.185965,0.151548,0.375855,0.142729,0.277712,-0.187961,0.219706,0.073160,0.097595,0.004769,0.255785,0.169506,-0.143979,0.102475,0.032330,0.120390,-0.049209,-0.046901,-0.038476,-0.167726,0.095498,-0.272777,-0.221194,-0.304269,0.745102,0.110886,0.285110,0.000713,0.085924,0.121970,0.113018,0.191631,0.116386,-0.133483,-0.031472,0.009634,0.133398,0.005071,-0.017687,-0.118357,-0.150368,-0.216804,0.080354,-0.196650,0.668173,0.280854,0.476313,0.301916,0.551917,0.443422
0.144626,0.149972,0.081127,0.587288,0.224868,0.722647,0.225636,0.820481,-0.193718,0.000000,-0.184803,0.439526,-0.129835,0.513874,-0.149817,0.361265,0.155805,0.361151,-0.018553,0.207434,-0.255016,-0.402963,-0.265532,0.072833,-0.108842,0.108095,-0.256176,-0.136157,0.023035,0.292058,-0.143404,0.123816,0.211641,0.427959,-0.094379,0.154505,-0.274517,0.116850,-0.091486,0.063662,-0.161008,-0.436514,-0.229430,-0.063286,0.046817,0.371875,-0.162878,-0.018346,0.120015,0.046108,-0.022634,-0.056140,-0.001071,-0.043018,-0.025385,0.065579,0.249588,0.112717,0.181528,0.427491,0.320351,0.457860,0.389867,0.308002,-0.011025,0.479430,-0.033698,0.167425,0.069988,0.130728,0.119275,-0.007991,0.085732,0.275049,0.010680,0.204302,-0.014815,0.266502,0.083564,0.174379,0.235967,0.350807,-0.036913,0.180700,-0.336748,0.013167,-0.127747,-0.141092,-0.226169,0.044434
0.363369,0.251122,0.292486,-0.129240,0.005870,-0.104617,0.393831,-0.139254,0.527794,-0.184803,0.000000,0.345181,1.209423,0.340242,0.864006,0.233167,0.071884,0.064154,0.921430,0.548204,0.315938,0.157796,0.452660,0.163127,0.152457,-0.031936,0.425676,0.149522,0.337848,-0.065293,0.305042,0.086742,0.203887,-0.146102,0.091931,-0.105243,0.360875,0.088209,0.131044,0.040395,0.428948,0.230707,0.446682,0.163298,0.070810,-0.147166,0.280119,0.235600,0.146685,-0.000260,0.260755,0.080654,0.155860,0.322667,0.132077,0.360014,0.193324,0.196859,0.322680,0.094369,0.334765,-0.004063,0.077111,0.006468,0.347925,-0.167523,0.224615,0.006443,0.378347,0.235394,-0.036418,0.146322,0.360448,0.017100,0.048417,0.084150,0.259227,0.048642,0.138903,-0.015795,0.183483,-0.024107,0.479536,0.080976,0.682850,0.267400,0.523967,0.120150,0.401713,0.357470
0.473926,0.410402,0.022325,0.213947,0.038649,0.361763,0.258624,0.444472,0.162160,0.439526,0.345181,0.000000,0.396784,0.928387,0.217017,0.386859,0.191864,0.323498,0.263326,0.426142,0.110817,0.012963,-0.042048,0.045464,-0.065167,-0.065684,-0.023441,0.011930,0.373206,0.349918,-0.063104,0.041837,0.199729,0.261613,-0.027814,0.145199,0.067300,0.124919,-0.026277,0.184748,0.005990,-0.125429,0.070174,0.151239,0.137608,0.318583,0.051008,0.206389,0.308555,0.312038,0.202220,0.150026,0.184803,0.033802,0.086502,0.282258,0.293810,0.275503,0.395315,0.504236,0.473343,0.486687,0.327562,0.365938,0.113518,0.368276,0.118905,0.220976,0.191061,0.252881,-0.018799,0.010520,0.271689,0.133637,0.159578,0.047235,0.260391,0.364639,0.150522,0.156714,0.302043,0.245559,0.212683,0.114195,0.012022,0.152567,0.094027,-0.181514,0.043484,0.351455
0.264605,0.127908,0.297122,-0.154909,0.044110,-0.070887,0.521991,-0.130492,0.712795,-0.129835,1.209423,0.396784,0.000000,0.386470,0.956860,0.220341,0.022278,0.006308,0.768794,0.322036,0.205950,0.079283,0.500959,0.197181,0.197339,0.013418,0.466743,0.174292,0.247127,-0.105603,0.246136,0.037437,0.069694,-0.283902,0.151023,-0.036912,0.259842,0.027003,0.167647,0.061890,0.340065,0.167054,0.376265,0.145882,0.105702,-0.252167,0.223402,0.157115,0.154725,-0.019118,0.266168,0.027543,0.036908,0.158694,0.078151,0.267683,0.078480,0.083545,0.191121,-0.049474,0.283462,-0.064765,0.009188,-0.099197,0.405095,-0.165993,0.193308,-0.093567,0.266804,0.176006,0.018899,0.098694,0.307329,-0.148131,0.076861,0.048600,0.171469,0.057328,0.070493,-0.070482,0.037057,-0.129380,0.289688,-0.048002,0.542443,0.119838,0.385187,0.052795,0.405682,0.292060
0.377415,0.306893,0.090953,0.225921,0.099880,0.395879,0.265963,0.518139,0.129405,0.513874,0.340242,0.928387,0.386470,0.000000,0.241859,0.474030,0.190435,0.370666,0.301581,0.499483,-0.030891,-0.157775,0.019345,0.141108,-0.041521,0.068318,-0.051453,-0.038614,0.247070,0.315362,-0.076808,0.069238,0.166260,0.241909,-0.108707,0.071880,0.047248,0.148082,0.017621,0.191168,0.022158,-0.155668,0.068101,0.111318,0.020422,0.212685,-0.004617,0.152833,0.130020,0.142258,-0.006504,0.035226,0.104353,0.118005,0.014880,0.278247,0.376047,0.298429,0.279553,0.391216,0.303361,0.397291,0.234356,0.233460,-0.014792,0.276940,0.011773,0.105829,0.227688,0.311114,0.075308,0.076821,0.231613,0.178111,0.122781,0.113833,0.237673,0.453535,0.268438,0.138513,0.347476,0.329922,0.232963,0.213336,-0.017846,0.142667,0.117463,-0.040523,0.035875,0.290029
0.042508,-0.040644,0.463601,-0.043990,0.206293,-0.070311,0.533965,-0.025416,0.799751,-0.149817,0.864006,0.217017,0.956860,0.241859,0.000000,0.412127,0.045854,-0.064285,0.758567,0.344282,0.134426,0.138157,0.677671,0.376446,0.402967,0.131029,0.622399,0.308627,0.241324,0.049460,0.560472,0.279737,0.170271,-0.104114,0.211833,-0.026563,0.264965,-0.001458,0.236189,0.007022,0.381831,0.152893,0.400686,0.085139,0.160426,-0.235987,0.241444,0.145864,0.024808,-0.151822,0.172348,0.046790,-0.055297,0.147534,0.070199,0.181313,-0.014135,-0.019685,0.041668,-0.100823,0.071703,-0.239948,-0.168648,-0.273835,0.495577,-0.012314,0.162498,-0.047661,0.148535,0.126270,0.225342,0.288399,0.230015,-0.089648,0.073738,0.063725,0.123866,0.099087,0.035198,0.037756,0.004516,-0.118230,0.353141,-0.034830,0.623663,0.144007,0.380211,0.157460,0.442058,0.274866
0.081083,0.044867,0.343568,0.450520,0.311182,0.347167,0.344979,0.475965,0.274880,0.361265,0.233167,0.386859,0.220341,0.474030,0.412127,0.000000,0.096992,0.017221,0.222622,0.239630,-0.043914,-0.019877,0.361310,0.575849,0.412601,0.479526,0.440055,0.510553,0.139910,0.328710,0.399054,0.588776,0.197816,0.270269,0.280388,0.279071,0.123048,0.233954,0.277206,0.145823,0.154954,-0.079023,0.370116,0.301088,0.270773,0.130948,0.201817,0.235696,0.043572,0.025059,0.107966,0.220549,-0.044140,0.082312,0.108938,0.100682,0.059840,-0.018100,0.039599,0.193741,0.102751,-0.027898,-0.031101,-0.117470,0.294829,0.413465,0.289209,0.300880,0.221079,0.368728,0.239066,0.220771,0.171153,0.119380,0.042667,0.175455,0.131769,0.280943,0.059270,0.228747,0.110645,0.172175,0.256802,0.242863,0.243429,0.245079,0.213175,0.244465,0.332430,0.375407
0.564370,0.499517,-0.070693,0.122391,0.085757,-0.064867,-0.030081,0.121976,-0.006729,0.155805,0.071884,0.191864,0.022278,0.190435,0.045854,0.096992,0.000000,0.697879,0.136240,0.408257,-0.023173,0.128943,-0.218437,-0.211324,-0.198331,-0.118176,-0.321981,-0.121084,0.652371,0.445902,-0.109719,-0.063907,0.593474,0.531676,-0.274922,-0.248544,0.169520,0.184685,0.001728,-0.004021,0.188213,0.043756,-0.024006,0.081560,0.007678,0.271019,0.064088,0.093156,0.197090,0.120999,0.128704,0.025551,0.281267,0.197376,0.257464,0.055571,0.679372,0.629053,0.616782,0.320916,0.551593,0.381022,0.588382,0.579094,-0.149704,0.114384,0.091791,0.234373,0.368564,0.177564,-0.002270,-0.071652,0.236342,0.274221,0.154108,0.205532,0.110765,0.097439,0.403474,0.410487,0.806719,0.653256,0.444235,0.395327,0.019391,0.178621,-0.054217,-0.015130,-0.224398,0.115749
0.716309,0.747546,-0.173196,0.102651,0.113236,0.150799,-0.080596,0.167505,-0.208143,0.361151,0.064154,0.323498,0.006308,0.370666,-0.064285,0.017221,0.697879,0.000000,0.120073,0.576295,-0.028430,-0.106368,-0.414370,-0.310059,-0.255069,-0.180301,-0.443855,-0.288797,0.598150,0.545931,-0.248139,-0.166005,0.558819,0.604848,-0.339244,-0.237687,0.021484,0.248999,-0.084097,0.168879,0.155976,0.021290,-0.130710,-0.073268,-0.083365,0.272958,-0.003738,0.025818,0.142986,0.054665,0.078701,-0.091967,0.350389,0.264499,0.155632,0.264571,1.035142,1.025746,0.689668,0.376870,0.548673,0.492990,0.744744,0.748349,-0.367979,-0.005914,-0.094563,0.105197,0.448677,0.219371,0.080755,0.027674,0.301957,0.501790,0.282249,0.219403,0.180923,0.256623,0.608759,0.501018,1.071517,1.046419,0.427353,0.560050,-0.129818,0.197731,-0.050789,-0.086001,-0.374550,-0.028742
0.460991,0.327870,0.638624,0.156551,0.259025,0.142254,0.657683,0.077098,0.528911,-0.018553,0.921430,0.263326,0.768794,0.301581,0.758567,0.222622,0.136240,0.120073,0.000000,0.942781,0.202768,0.130685,0.570684,0.269313,0.175296,0.099467,0.381308,0.183227,0.209264,-0.021279,0.396938,0.211261,0.451974,0.093615,0.111080,-0.071790,0.536523,0.140470,0.372574,0.070090,0.446176,0.133737,0.399862,0.218132,0.161366,-0.097620,0.303187,0.280147,0.220658,-0.069980,0.246348,0.004209,0.080187,0.266072,0.137331,0.297444,0.303166,0.232035,0.326567,0.028962,0.384961,-0.014033,0.192784,-0.033558,0.429082,-0.084990,0.369264,0.127953,0.471308,0.284613,0.181583,0.298361,0.540867,0.120037,0.236239,0.198695,0.394404,0.189043,0.024898,0.047101,0.242579,-0.011958,0.426326,-0.029429,0.655437,0.421775,0.374180,0.157788,0.441411,0.323364
0.752937,0.777323,0.309293,0.289000,0.195211,0.255259,0.305421,0.293322,0.204945,0.207434,0.548204,0.426142,0.322036,0.499483,0.344282,0.239630,0.408257,0.576295,0.942781,0.000000,0.181048,0.124087,0.195563,0.165627,-0.032906,-0.015150,0.065621,0.031974,0.405004,0.216806,0.139648,0.163306,0.675715,0.481631,-0.064155,-0.066773,0.472940,0.280744,0.137379,0.176219,0.307693,0.082772,0.246962,0.188469,0.107185,0.209253,0.221778,0.326513,0.244314,0.115109,0.200743,0.111301,0.318949,0.410485,0.202938,0.438084,0.690133,0.612161,0.643879,0.380615,0.536510,0.333297,0.446749,0.323721,0.137811,0.103661,0.279411,0.318434,0.731401,0.455000,0.172691,0.219555,0.486023,0.496324,0.367763,0.287675,0.536960,0.363977,0.390981,0.307397,0.732713,0.453615,0.534643,0.249876,0.425025,0.582244,0.270136,0.121207,0.203864,0.417611
0.229177,0.349053,0.055263,-0.040469,0.094931,0.002569,-0.010792,-0.303705,0.069196,-0.255016,0.315938,0.110817,0.205950,-0.030891,0.134426,-0.043914,-0.023173,-0.028430,0.202768,0.181048,0.000000,0.773370,0.148499,-0.003433,0.239405,0.123810,0.190759,0.153003,0.218231,-0.114135,0.247573,0.119995,0.151213,-0.105874,0.042182,-0.053268,0.404139,0.180263,0.164349,0.351778,0.394939,0.345831,0.182309,0.076192,0.067980,0.016771,0.304183,0.280703,0.280203,0.211135,0.378894,0.218088,0.373928,0.269719,0.423081,0.222084,0.009057,0.162787,0.284919,0.249821,0.241542,0.240316,0.253950,0.268334,0.055897,-0.112346,0.196308,0.202418,0.252263,0.159427,0.173186,0.237180,0.232296,0.109899,0.140281,0.130160,0.477243,0.117269,0.123575,-0.075852,0.124772,-0.080314,-0.001577,-0.175911,0.097412,-0.003869,-0.021649,0.003357,0.156282,0.206800
0.259015,0.319609,-0.032193,-0.055915,0.092814,-0.029176,-0.049560,-0.301325,0.084873,-0.402963,0.157796,0.012963,0.079283,-0.157775,0.138157,-0.019877,0.128943,-0.106368,0.130685,0.124087,0.773370,0.000000,0.088014,-0.052643,0.221294,0.086415,0.165029,0.285415,0.361163,0.024938,0.260261,0.162531,0.235371,-0.015882,0.134144,0.029083,0.519125,0.131190,0.069407,0.121770,0.426827,0.429302,0.338824,0.279587,0.289987,0.214525,0.472643,0.438040,0.439976,0.478692,0.490027,0.400139,0.427981,0.256183,0.444232,0.119918,0.043326,0.103898,0.308977,0.301325,0.261515,0.218924,0.182400,0.254496,0.132499,0.000076,0.403099,0.410902,0.280346,0.169106,0.134748,0.105015,0.193784,0.080953,0.278723,0.196011,0.404666,0.021969,0.090096,0.069347,0.145784,-0.015831,0.100666,-0.137673,0.170903,0.139390,-0.079920,-0.145307,0.086240,0.209638
-0.179823,-0.203634,0.928521,0.292758,0.318148,-0.100120,0.658502,0.136743,0.782017,-0.265532,0.452660,-0.042048,0.500959,0.019345,0.677671,0.361310,-0.218437,-0.414370,0.570684,0.195563,0.148499,0.088014,0.000000,1.261279,0.857031,0.556775,0.986292,0.507887,-0.204662,-0.263180,0.910070,0.685495,0.056074,-0.140179,0.669354,0.349176,0.320995,0.066905,0.473582,0.120879,0.196489,-0.034007,0.502834,0.306588,0.362949,-0.224947,0.277962,0.223711,-0.144785,-0.202343,0.070125,0.114244,-0.321687,-0.018866,0.015720,0.162532,-0.267084,-0.277442,-0.272045,-0.365246,-0.243377,-0.579714,-0.483844,-0.632580,0.538257,0.020940,0.445999,0.129083,0.092499,0.057692,0.276906,0.337721,0.097125,-0.058745,0.065102,0.024309,0.262773,0.130593,-0.062739,-0.142970,-0.324968,-0.417806,0.079988,-0.201794,0.622046,0.200754,0.697914,0.585457,0.682292,0.458472
-0.240793,-0.187052,0.774840,0.608330,0.390621,0.102928,0.559878,0.500297,0.489967,0.072833,0.163127,0.045464,0.197181,0.141108,0.376446,0.575849,-0.211324,-0.310059,0.269313,0.165627,-0.003433,-0.052643,1.261279,0.000000,0.917319,0.748572,0.798049,0.529168,-0.260587,-0.148446,0.777370,0.970804,0.081919,0.082758,0.804567,0.674728,0.161101,0.139497,0.395401,0.191545,0.066438,-0.231008,0.416755,0.365347,0.489080,0.051260,0.190024,0.265620,-0.152881,-0.067224,0.008479,0.251712,-0.341046,-0.039651,-0.015666,0.203268,-0.227967,-0.279857,-0.309103,-0.161165,-0.264534,-0.408699,-0.464326,-0.558766,0.474218,0.338003,0.467491,0.322783,0.082246,0.173548,0.305398,0.254922,0.004353,0.059306,0.046362,0.068759,0.243642,0.271745,0.023435,-0.030963,-0.275875,-0.245479,-0.004578,-0.079230,0.391730,0.278776,0.651744,0.706449,0.551196,0.575373
-0.228959,-0.136543,0.736455,0.480110,0.576977,0.074551,0.482217,0.213837,0.263409,-0.108842,0.152457,-0.065167,0.197339,-0.041521,0.402967,0.412601,-0.198331,-0.255069,0.175296,-0.032906,0.239405,0.221294,0.857031,0.917319,0.000000,1.069185,0.771795,0.533925,-0.022996,-0.036908,1.211722,1.026181,0.202072,0.118059,0.747406,0.568005,0.225706,0.129177,0.490836,0.321237,0.289057,-0.090652,0.494439,0.369254,0.497916,-0.011565,0.333221,0.365998,-0.096347,-0.108965,0.147441,0.261850,-0.215273,-0.043706,0.185952,0.213567,-0.227847,-0.171818,-0.321314,-0.193274,-0.258513,-0.477687,-0.302175,-0.403141,0.238128,0.112834,0.439268,0.275484,0.073679,0.114102,0.447824,0.389232,0.061935,0.047568,0.107206,0.084975,0.306861,0.355477,0.027757,0.071631,-0.211284,-0.191277,-0.029673,-0.062631,0.165239,0.056936,0.393441,0.400959,0.332760,0.278256
-0.169136,-0.074818,0.784098,0.759996,0.638562,0.336100,0.475481,0.448108,0.017916,0.108095,-0.031936,-0.065684,0.013418,0.068318,0.131029,0.479526,-0.118176,-0.180301,0.099467,-0.015150,0.123810,0.086415,0.556775,0.748572,1.069185,0.000000,0.498424,0.431642,-0.022840,0.036420,0.834993,1.045726,0.277438,0.303423,0.534761,0.482164,0.154782,0.253961,0.638281,0.414250,0.132234,-0.206048,0.457381,0.471847,0.473165,0.078394,0.363807,0.457030,-0.007554,-0.054796,0.126915,0.311483,-0.115027,0.021479,0.273143,0.232102,-0.112776,-0.101842,-0.283065,-0.123107,-0.229339,-0.377783,-0.211289,-0.322134,0.064550,0.094414,0.500213,0.377015,0.100382,0.187025,0.493044,0.473021,0.189167,0.124404,0.086821,0.204818,0.282504,0.472481,-0.040543,0.106961,-0.158635,-0.092748,-0.050685,-0.012320,0.015720,0.075472,0.212750,0.402788,0.271860,0.202383
-0.184451,-0.174070,0.490317,0.159797,0.333621,0.049258,0.346056,-0.014363,0.513520,-0.256176,0.425676,-0.023441,0.466743,-0.051453,0.622399,0.440055,-0.321981,-0.443855,0.381308,0.065621,0.190759,0.165029,0.986292,0.798049,0.771795,0.498424,0.000000,0.972291,-0.149391,-0.215535,0.694832,0.557134,-0.081722,-0.238725,0.559340,0.292252,0.194366,0.017705,0.305485,0.055491,0.231621,0.048768,0.530331,0.263500,0.345621,-0.138232,0.270879,0.216661,-0.080928,-0.072311,0.153485,0.243128,-0.189416,0.051643,0.091752,0.174307,-0.308858,-0.298101,-0.223214,-0.210990,-0.259273,-0.481054,-0.424875,-0.510669,0.412363,0.000003,0.342938,0.126228,0.042144,0.049545,0.260578,0.201493,0.006847,-0.133076,-0.035043,0.050793,0.050711,0.008728,-0.090360,-0.159094,-0.300952,-0.329570,0.014786,-0.156664,0.618110,0.268511,0.565031,0.430005,0.606592,0.388358
-0.024742,-0.005211,0.214614,0.197219,0.324333,0.241514,0.137384,-0.005575,0.237606,-0.136157,0.149522,0.011930,0.174292,-0.038614,0.308627,0.510553,-0.121084,-0.288797,0.183227,0.031974,0.153003,0.285415,0.507887,0.529168,0.533925,0.431642,0.972291,0.000000,-0.083294,-0.113971,0.488672,0.578127,0.000173,-0.035694,0.475857,0.289537,0.167130,0.176335,0.185550,-0.054642,0.270183,0.130024,0.344239,0.201774,0.404833,0.054703,0.158194,0.122602,-0.007585,0.070388,0.170672,0.248454,-0.120089,-0.038885,0.052517,-0.009028,-0.200058,-0.189640,-0.061895,0.034807,-0.052172,-0.175355,-0.166754,-0.221791,0.384052,0.209763,0.351668,0.303073,0.131580,0.132168,0.188064,0.090101,0.072597,0.037379,0.049800,0.198227,0.001267,0.083554,-0.184943,-0.131231,-0.168236,-0.154971,0.038484,-0.132157,0.431485,0.301332,0.286213,0.360824,0.458243,0.463762
0.610509,0.531675,-0.036222,-0.012819,0.123969,0.025021,0.048623,-0.048067,-0.053510,0.023035,0.337848,0.373206,0.247127,0.247070,0.241324,0.139910,0.652371,0.598150,0.209264,0.405004,0.218231,0.361163,-0.204662,-0.260587,-0.022996,-0.022840,-0.149391,-0.083294,0.000000,0.805002,0.041219,-0.024894,0.553853,0.331303,-0.277632,-0.212942,0.347028,0.105025,-0.000031,0.076063,0.265337,0.049545,0.221062,0.217248,0.040053,0.207592,0.331862,0.351498,0.329319,0.162294,0.221521,0.031175,0.441277,0.248054,0.299324,0.245614,0.511217,0.555333,0.626942,0.325232,0.568571,0.368001,0.536066,0.529677,-0.169820,-0.120408,0.144364,0.123703,0.468910,0.292178,0.063211,0.088260,0.326425,0.262633,0.264669,0.179477,0.282570,0.174325,0.565459,0.601317,0.889729,0.697849,0.812916,0.623347,0.050517,0.103262,0.039576,-0.241359,-0.198306,-0.018854
0.322893,0.254062,-0.040696,0.187230,0.188069,0.171758,-0.041862,0.245534,-0.241013,0.292058,-0.065293,0.349918,-0.105603,0.315362,0.049460,0.328710,0.445902,0.545931,-0.021279,0.216806,-0.114135,0.024938,-0.263180,-0.148446,-0.036908,0.036420,-0.215535,-0.113971,0.805002,0.000000,-0.015046,0.017939,0.331516,0.432962,-0.319682,-0.106451,0.088697,-0.022087,0.048569,-0.030020,-0.057473,-0.167756,-0.076206,0.033465,-0.042950,0.216541,0.046831,0.117048,0.109601,0.002724,-0.050312,-0.061344,0.138947,0.030821,0.098837,0.048776,0.416766,0.392212,0.330297,0.280149,0.257727,0.276015,0.313251,0.335880,-0.283460,0.094886,-0.053321,0.071107,0.219786,0.148130,0.167163,0.035006,0.160678,0.254226,0.316262,0.129024,0.056692,0.199367,0.367202,0.861467,0.640255,0.784064,0.638974,0.762478,-0.193741,-0.070795,-0.138904,-0.234664,-0.275598,-0.121754
-0.181710,-0.124522,0.931782,0.451278,0.575588,0.023561,0.567584,0.160633,0.312145,-0.143404,0.305042,-0.063104,0.246136,-0.076808,0.560472,0.399054,-0.109719,-0.248139,0.396938,0.139648,0.247573,0.260261,0.910070,0.777370,1.211722,0.834993,0.694832,0.488672,0.041219,-0.015046,0.000000,1.170260,0.312118,0.188431,0.595722,0.389488,0.270183,0.081298,0.476047,0.237706,0.306292,-0.062254,0.444564,0.258577,0.361655,-0.084823,0.315089,0.288594,-0.120973,-0.224629,0.135392,0.133676,-0.183107,0.019442,0.153364,0.179619,-0.193791,-0.155602,-0.237136,-0.211233,-0.196649,-0.483133,-0.252633,-0.391516,0.343236,0.036609,0.388459,0.210784,0.094719,0.058533,0.453019,0.494078,0.174576,0.034234,0.092575,0.064787,0.347163,0.382595,-0.092169,0.052790,-0.182593,-0.204352,0.095624,-0.077214,0.325746,0.111117,0.391160,0.331831,0.388592,0.250909
-0.157731,-0.041036,0.705900,0.790323,0.503673,0.239599,0.455390,0.487661,0.161008,0.123816,0.086742,0.041837,0.037437,0.069238,0.279737,0.588776,-0.063907,-0.166005,0.211261,0.163306,0.119995,0.162531,0.685495,0.970804,1.026181,1.045726,0.557134,0.578127,-0.024894,0.017939,1.170260,0.000000,0.354228,0.430659,0.706797,0.625992,0.115907,0.202206,0.419133,0.345015,0.149597,-0.207144,0.429514,0.394212,0.518616,0.179908,0.283135,0.349495,-0.108477,-0.050876,0.109550,0.278063,-0.176795,-0.016082,0.142633,0.196279,-0.096088,-0.097419,-0.237791,-0.016970,-0.130056,-0.225744,-0.163079,-0.255654,0.353279,0.384977,0.451759,0.425738,0.136721,0.183427,0.350202,0.422592,0.237701,0.237579,0.102789,0.184568,0.381215,0.473165,-0.030029,0.051901,-0.103313,-0.065255,0.058114,0.044155,0.247936,0.270787,0.379095,0.448475,0.367282,0.434710
0.623167,0.662818,0.360494,0.496312,0.456255,0.210111,0.368751,0.356944,-0.024340,0.211641,0.203887,0.199729,0.069694,0.166260,0.170271,0.197816,0.593474,0.558819,0.451974,0.675715,0.151213,0.235371,0.056074,0.081919,0.202072,0.277438,-0.081722,0.000173,0.553853,0.331516,0.312118,0.354228,0.000000,1.076164,0.146565,0.150255,0.435549,0.376677,0.273118,0.247922,0.399885,0.102289,0.385451,0.427547,0.444032,0.428124,0.437077,0.559197,0.393418,0.193185,0.395318,0.269444,0.347837,0.314112,0.436785,0.369298,0.565748,0.521841,0.561260,0.351944,0.601121,0.235399,0.543180,0.419578,0.119855,0.198447,0.535673,0.598463,0.585675,0.474397,0.247267,0.263239,0.532730,0.562383,0.332157,0.446592,0.584159,0.469412,0.262488,0.457522,0.681405,0.550273,0.424236,0.270372,0.169647,0.441238,0.035677,0.055694,-0.019368,0.216088
0.413559,0.487109,0.193978,0.676764,0.392967,0.360996,0.152111,0.676768,-0.244582,0.427959,-0.146102,0.261613,-0.283902,0.241909,-0.104114,0.270269,0.531676,0.604848,0.093615,0.481631,-0.105874,-0.015882,-0.140179,0.082758,0.118059,0.303423,-0.238725,-0.035694,0.331303,0.432962,0.188431,0.430659,1.076164,0.000000,0.096205,0.258276,0.098055,0.301154,0.163378,0.239171,0.079661,-0.171039,0.110943,0.270923,0.327637,0.592600,0.138400,0.352082,0.134521,0.125260,0.100284,0.224464,0.139598,0.117968,0.272183,0.286554,0.592124,0.519512,0.331824,0.387468,0.337297,0.222300,0.421918,0.413731,-0.068323,0.428121,0.294306,0.580098,0.375090,0.352096,0.231458,0.203513,0.402060,0.663454,0.258274,0.337797,0.404535,0.609413,0.225668,0.449225,0.578958,0.695082,0.251008,0.348856,-0.030994,0.397827,-0.022774,0.056530,-0.141964,0.220193
-0.287619,-0.130815,0.405706,0.499340,0.405925,0.095089,0.411565,0.356046,0.467610,-0.094379,0.091931,-0.027814,0.151023,-0.108707,0.211833,0.280388,-0.274922,-0.339244,0.111080,-0.064155,0.042182,0.134144,0.669354,0.804567,0.747406,0.534761,0.559340,0.475857,-0.277632,-0.319682,0.595722,0.706797,0.146565,0.096205,0.000000,1.085036,0.070036,0.183538,0.229573,0.241795,0.059443,0.012396,0.445738,0.406125,0.928275,0.306182,0.310113,0.283719,0.096537,0.226445,0.281268,0.503853,-0.273105,-0.057665,0.044950,0.170429,-0.242384,-0.216564,-0.310866,-0.057064,-0.079458,-0.298565,-0.372392,-0.409537,0.740977,0.536019,0.624677,0.474398,0.026984,0.233058,0.175989,0.162251,-0.041792,0.013793,-0.057388,0.076043,0.293848,0.225127,-0.107213,-0.202085,-0.362038,-0.306538,-0.167379,-0.214855,0.400153,0.365631,0.471932,0.520645,0.406536,0.480849
-0.230413,-0.098063,0.244767,0.565043,0.290685,0.179161,0.289568,0.535414,0.160366,0.154505,-0.105243,0.145199,-0.036912,0.071880,-0.026563,0.279071,-0.248544,-0.237687,-0.071790,-0.066773,-0.053268,0.029083,0.349176,0.674728,0.568005,0.482164,0.292252,0.289537,-0.212942,-0.106451,0.389488,0.625992,0.150255,0.258276,1.085036,0.000000,-0.000792,0.082268,0.143850,0.200617,-0.074075,-0.215917,0.215739,0.359015,0.675416,0.490629,0.101977,0.248422,0.060804,0.294050,0.107894,0.482360,-0.260390,-0.134199,-0.012476,0.249928,-0.125518,-0.177199,-0.268465,0.102885,-0.073540,-0.113156,-0.302591,-0.271817,0.450748,0.682893,0.466945,0.506926,0.034545,0.350520,0.145797,-0.010641,-0.075675,0.068123,-0.036953,0.021966,0.367474,0.412252,0.010558,-0.103786,-0.241182,-0.139623,-0.239273,-0.143873,0.139473,0.314195,0.282686,0.291913,0.222205,0.412779
0.453863,0.435860,0.252416,-0.013383,0.205432,0.014385,0.147843,-0.160185,0.225050,-0.274517,0.360875,0.067300,0.259842,0.047248,0.264965,0.123048,0.169520,0.021484,0.536523,0.472940,0.404139,0.519125,0.320995,0.161101,0.225706,0.154782,0.194366,0.167130,0.347028,0.088697,0.270183,0.115907,0.435549,0.098055,0.070036,-0.000792,0.000000,0.395633,0.451611,0.167278,0.465017,0.304559,0.453605,0.388250,0.252599,0.020346,0.469159,0.558547,0.326003,0.144978,0.298115,0.237232,0.305383,0.362545,0.397832,0.254711,0.230708,0.284305,0.402796,0.102670,0.329221,-0.038063,0.142790,0.063380,0.151382,-0.172587,0.448358,0.344455,0.662631,0.435068,0.270482,0.320297,0.333349,0.192230,0.322858,0.228716,0.469396,0.218526,0.140755,0.355277,0.315132,0.171340,0.319004,-0.033175,0.417881,0.354578,0.205377,0.161459,0.380491,0.347383
0.440072,0.476351,0.192946,0.357072,0.298965,0.256367,0.182569,0.239722,0.142065,0.116850,0.088209,0.124919,0.027003,0.148082,-0.001458,0.233954,0.184685,0.248999,0.140470,0.280744,0.180263,0.131190,0.066905,0.139497,0.129177,0.253961,0.017705,0.176335,0.105025,-0.022087,0.081298,0.202206,0.376677,0.301154,0.183538,0.082268,0.395633,0.000000,0.307479,0.271005,0.208388,0.235600,0.372534,0.371882,0.410935,0.248527,0.431150,0.407808,0.415955,0.313896,0.492487,0.473065,0.460744,0.425476,0.431249,0.305317,0.307950,0.380055,0.438741,0.343688,0.430985,0.149458,0.305055,0.310410,0.088575,0.159246,0.471961,0.581481,0.432364,0.399003,0.213456,0.326703,0.314726,0.451140,0.189371,0.477717,0.344311,0.411445,0.050701,0.139188,0.269024,0.302636,0.084394,-0.075397,0.149412,0.397888,-0.006130,0.181462,0.203472,0.485330
0.081139,0.022483,0.570465,0.298734,0.291156,0.078651,0.343023,0.150074,0.153387,-0.091486,0.131044,-0.026277,0.167647,0.017621,0.236189,0.277206,0.001728,-0.084097,0.372574,0.137379,0.164349,0.069407,0.473582,0.395401,0.490836,0.638281,0.305485,0.185550,-0.000031,0.048569,0.476047,0.419133,0.273118,0.163378,0.229573,0.143850,0.451611,0.307479,0.000000,0.523603,0.307807,0.019093,0.418249,0.372917,0.302599,-0.069627,0.418692,0.391695,0.118388,-0.112870,0.174168,0.203970,0.030147,0.044842,0.410631,0.165100,0.058851,0.090343,-0.013282,-0.090292,-0.020649,-0.280413,-0.094554,-0.206361,0.084218,-0.075814,0.443751,0.265712,0.134780,0.188419,0.250135,0.304923,0.245259,0.025929,0.061565,0.076731,0.229724,0.281361,-0.131558,0.139170,-0.031888,-0.059196,0.130722,-0.052754,0.177837,0.189087,0.177103,0.344061,0.334991,0.225823
0.133514,0.263935,0.181150,0.306835,0.145313,0.137487,0.087856,0.194867,0.020575,0.063662,0.040395,0.184748,0.061890,0.191168,0.007022,0.145823,-0.004021,0.168879,0.070090,0.176219,0.351778,0.121770,0.120879,0.191545,0.321237,0.414250,0.055491,-0.054642,0.076063,-0.030020,0.237706,0.345015,0.247922,0.239171,0.241795,0.200617,0.167278,0.271005,0.523603,0.000000,0.138123,0.119767,0.322068,0.306813,0.262354,0.170488,0.384314,0.451093,0.226092,0.173335,0.322880,0.354493,0.305852,0.299713,0.414866,0.395685,0.160245,0.229589,0.108321,0.210075,0.116944,0.122724,0.174032,0.125366,-0.048608,0.089462,0.214493,0.271697,0.165500,0.237549,0.187809,0.326838,0.174208,0.206886,0.049131,0.040312,0.397056,0.396078,0.198386,0.059957,0.160529,0.099355,-0.015254,0.111684,-0.088977,0.102590,0.138359,0.265837,0.141923,0.219487
0.412941,0.332953,0.168372,-0.083399,0.249867,-0.104931,0.199995,-0.198871,0.185965,-0.161008,0.428948,0.005990,0.340065,0.022158,0.381831,0.154954,0.188213,0.155976,0.446176,0.307693,0.394939,0.426827,0.196489,0.066438,0.289057,0.132234,0.231621,0.270183,0.265337,-0.057473,0.306292,0.149597,0.399885,0.079661,0.059443,-0.074075,0.465017,0.208388,0.307807,0.138123,0.000000,0.542294,0.446505,0.237657,0.272812,0.061201,0.444906,0.354288,0.315342,0.094281,0.400346,0.159965,0.337725,0.289384,0.392128,0.203446,0.242562,0.278840,0.325532,0.101228,0.276850,0.010428,0.242184,0.138624,0.123575,-0.215449,0.354005,0.247673,0.345978,0.229053,0.140062,-0.045335,0.345385,0.122110,0.298870,0.297605,0.178839,0.037081,0.047065,0.081465,0.252653,0.106181,0.247264,-0.056788,0.254422,0.290467,0.105329,0.060746,0.168633,0.186114
0.184179,0.177312,-0.192030,-0.368506,-0.047710,-0.267864,-0.144011,-0.436879,0.151548,-0.436514,0.230707,-0.125429,0.167054,-0.155668,0.152893,-0.079023,0.043756,0.021290,0.133737,0.082772,0.345831,0.429302,-0.034007,-0.231008,-0.090652,-0.206048,0.048768,0.130024,0.049545,-0.167756,-0.062254,-0.207144,0.102289,-0.171039,0.012396,-0.215917,0.304559,0.235600,0.019093,0.119767,0.542294,0.000000,0.280506,0.088980,0.105014,-0.056163,0.342068,0.185118,0.317051,0.273170,0.365718,0.238659,0.355650,0.408445,0.231541,-0.032672,-0.036038,0.140205,0.211499,0.161919,0.160941,0.107409,0.071443,0.127045,0.146086,-0.128703,0.086229,0.087342,0.049785,0.041748,-0.091453,-0.040999,0.115251,0.125557,0.132511,0.259592,0.011365,-0.237857,-0.174954,-0.029676,0.014203,-0.018534,0.124313,-0.081087,0.217029,0.134565,-0.110476,-0.034239,0.167094,0.066130
0.215599,0.231843,0.419796,0.238096,0.213115,-0.001523,0.372026,0.120484,0.375855,-0.229430,0.446682,0.070174,0.376265,0.068101,0.400686,0.370116,-0.024006,-0.130710,0.399862,0.246962,0.182309,0.338824,0.502834,0.416755,0.494439,0.457381,0.530331,0.344239,0.221062,-0.076206,0.444564,0.429514,0.385451,0.110943,0.445738,0.215739,0.453605,0.372534,0.418249,0.322068,0.446505,0.280506,0.000000,1.232206,0.702199,0.175360,1.265112,1.075789,0.436717,0.376521,0.610415,0.645011,0.312616,0.475577,0.441923,0.428183,0.028287,0.055925,0.100351,0.012469,0.108159,-0.196032,-0.079006,-0.130116,0.330397,-0.019637,0.724742,0.434047,0.336367,0.349630,0.123802,0.228897,0.324902,0.136924,0.170467,0.335502,0.418021,0.207556,0.102146,0.124708,0.081200,0.048676,0.285029,0.081626,0.526596,0.540103,0.360975,0.224880,0.432884,0.331268
0.227280,0.220349,0.331729,0.435704,0.206005,0.071436,0.295690,0.331670,0.142729,-0.063286,0.163298,0.151239,0.145882,0.111318,0.085139,0.301088,0.081560,-0.073268,0.218132,0.188469,0.076192,0.279587,0.306588,0.365347,0.369254,0.471847,0.263500,0.201774,0.217248,0.033465,0.258577,0.394212,0.427547,0.270923,0.406125,0.359015,0.388250,0.371882,0.372917,0.306813,0.237657,0.088980,1.232206,0.000000,0.758074,0.383914,0.947271,1.108556,0.431452,0.517345,0.457425,0.624139,0.275253,0.273465,0.365645,0.333901,0.048196,0.007284,0.106950,0.062154,0.159346,-0.052013,0.009091,-0.003285,0.167052,0.126559,0.821393,0.631578,0.314832,0.313898,0.096260,0.091530,0.263982,0.156484,0.229941,0.272588,0.473337,0.297522,0.167316,0.146360,0.170211,0.121320,0.225323,0.093195,0.303541,0.524747,0.245976,0.131516,0.257315,0.289487
0.101452,0.203617,0.295048,0.559920,0.446991,0.233631,0.379137,0.491542,0.277712,0.046817,0.070810,0.137608,0.105702,0.020422,0.160426,0.270773,0.007678,-0.083365,0.161366,0.107185,0.067980,0.289987,0.362949,0.489080,0.497916,0.473165,0.345621,0.404833,0.040053,-0.042950,0.361655,0.518616,0.444032,0.327637,0.928275,0.675416,0.252599,0.410935,0.302599,0.262354,0.272812,0.105014,0.702199,0.758074,0.000000,0.766448,0.645146,0.671563,0.615096,0.581125,0.664512,0.739602,0.180612,0.123959,0.351638,0.258202,-0.006997,-0.006643,0.109567,0.220878,0.253099,-0.043474,-0.022128,-0.041852,0.508458,0.463510,1.051352,0.940319,0.226612,0.336791,0.186465,0.072875,0.184238,0.187622,0.189905,0.400443,0.330409,0.276888,-0.059187,0.050752,0.007350,0.047390,0.055423,-0.081608,0.339300,0.558382,0.228518,0.309208,0.269389,0.455660
0.315815,0.415404,-0.137906,0.509843,0.218239,0.387843,-0.053999,0.581959,-0.187961,0.371875,-0.147166,0.318583,-0.252167,0.212685,-0.235987,0.130948,0.271019,0.272958,-0.097620,0.209253,0.016771,0.214525,-0.224947,0.051260,-0.011565,0.078394,-0.138232,0.054703,0.207592,0.216541,-0.084823,0.179908,0.428124,0.592600,0.306182,0.490629,0.020346,0.248527,-0.069627,0.170488,0.061201,-0.056163,0.175360,0.383914,0.766448,0.000000,0.268581,0.452865,0.651791,0.877027,0.445173,0.608156,0.370178,0.159546,0.345064,0.348622,0.314314,0.250087,0.405990,0.790265,0.466836,0.513412,0.332848,0.442819,0.104543,0.644848,0.514200,0.977323,0.222738,0.341272,0.020240,-0.187811,0.120982,0.333149,0.121262,0.313365,0.271479,0.245028,0.180287,0.136008,0.371451,0.437226,0.109249,0.179512,0.023929,0.519191,0.002861,0.010063,-0.062351,0.353101
0.324709,0.338519,0.353637,0.265807,0.246357,0.035920,0.299749,0.095743,0.219706,-0.162878,0.280119,0.051008,0.223402,-0.004617,0.241444,0.201817,0.064088,-0.003738,0.303187,0.221778,0.304183,0.472643,0.277962,0.190024,0.333221,0.363807,0.270879,0.158194,0.331862,0.046831,0.315089,0.283135,0.437077,0.138400,0.310113,0.101977,0.469159,0.431150,0.418692,0.384314,0.444906,0.342068,1.265112,0.947271,0.645146,0.268581,0.000000,1.157000,0.649796,0.418724,0.773424,0.592030,0.516002,0.573564,0.646589,0.424340,0.099336,0.160364,0.243494,0.133064,0.243263,-0.009931,0.088597,0.094002,0.206807,-0.059991,0.687186,0.473307,0.306343,0.218654,0.152427,0.224185,0.351790,0.156698,0.240431,0.461028,0.417882,0.154625,0.108838,0.183340,0.145834,0.117221,0.294180,0.087710,0.286677,0.384996,0.197066,0.035919,0.257262,0.195580
0.395935,0.402496,0.356200,0.414689,0.305847,0.184827,0.318760,0.304259,0.073160,-0.018346,0.235600,0.206389,0.157115,0.152833,0.145864,0.235696,0.093156,0.025818,0.280147,0.326513,0.280703,0.438040,0.223711,0.265620,0.365998,0.457030,0.216661,0.122602,0.351498,0.117048,0.288594,0.349495,0.559197,0.352082,0.283719,0.248422,0.558547,0.407808,0.391695,0.451093,0.354288,0.185118,1.075789,1.108556,0.671563,0.452865,1.157000,0.000000,0.623196,0.556791,0.609985,0.732468,0.480578,0.538119,0.587402,0.524203,0.133527,0.184315,0.283229,0.300802,0.289770,0.061366,0.121284,0.126027,0.181869,0.088934,0.797087,0.689324,0.405464,0.419488,0.230047,0.243526,0.361760,0.273952,0.284763,0.459915,0.549891,0.370335,0.161467,0.335934,0.248969,0.228867,0.270141,0.108242,0.219763,0.439610,0.157708,0.058271,0.305921,0.370578
