0.000000,0.564520,0.130667,0.191207,-0.082548,0.197106,0.410349,0.166044,-0.027822,0.133677,0.501006,0.269638,0.441544,0.116165,0.315702,0.123624,0.533459,0.257212,0.518426,0.410586,0.228813,0.082967,0.296768,0.200812,0.071021,0.124744,0.296463,0.134130,0.376575,0.310612,0.480723,0.345625,0.666746,0.542688,0.226903,0.141914,0.436573,-0.039799,0.340805,-0.015053,0.489391,0.201616,0.318055,0.284003,0.097858,0.115002,0.134970,0.289862,0.274142,0.146381,0.218287,0.194956,0.288085,0.277142,0.241069,0.203191,0.857413,0.453428,0.418521,0.210684,0.491778,0.211724,0.368405,0.334801,0.146941,0.098794,0.200934,0.161501,0.308307,0.166096,0.259983,0.106437,0.101976,-0.023853,0.075871,0.222523,0.360153,0.327114,0.370717,0.367741,0.490451,0.267525,0.254369,0.340369,0.186408,0.083620,-0.050213,0.077513,0.281162,0.343947
0.564520,0.000000,0.326155,0.427532,0.160062,0.232928,0.477727,0.408135,0.249246,0.190475,0.253944,0.523413,0.041745,0.329842,0.075151,0.330834,0.330989,0.565150,0.695445,0.868529,0.240841,0.189543,0.375457,0.478313,0.214934,0.241491,0.312046,0.208088,0.210795,0.604021,0.325213,0.251223,0.571975,0.665433,0.131336,0.208745,0.174509,0.390149,0.248129,0.212220,0.334777,0.277826,0.349515,0.398367,0.342771,0.312161,0.232690,0.393975,0.291987,0.433117,0.279222,0.374922,0.044292,0.382196,0.005061,0.451749,0.599693,1.205068,0.534806,0.626499,0.413454,0.799425,0.358075,0.811407,0.185467,0.346590,0.474301,0.406735,0.606831,0.678894,0.557024,0.456112,0.125021,0.277266,0.116831,0.329102,0.242767,0.420580,0.259599,0.473710,0.504856,0.567058,0.203434,0.289466,0.172960,0.267058,-0.012751,0.015847,0.129437,0.555131
0.130667,0.326155,0.000000,1.588189,0.847159,0.598966,1.231742,1.270854,1.122452,0.491412,-0.131107,-0.121346,-0.437134,-0.112995,-0.164400,-0.267588,-0.017640,-0.223472,0.634211,0.460785,0.035447,0.049637,1.367696,1.489561,0.652657,0.007007,-0.077509,-0.105251,-0.167265,-0.155346,-0.130764,0.021455,-0.185824,0.073640,0.261514,0.228109,-0.139473,-0.005902,-0.019627,-0.122682,-0.074614,-0.092779,0.354068,-0.105907,0.351408,0.093504,0.255029,0.023159,0.397466,0.294602,0.351032,0.272317,0.290677,0.204568,-0.093660,-0.012365,-0.104859,0.091304,0.606482,0.541087,0.790254,0.644314,0.216481,0.195714,0.496316,0.281395,0.444542,0.192582,0.370727,0.178121,0.268015,0.609181,-0.044087,-0.064676,-0.160014,0.161772,0.211725,0.156517,-0.130423,-0.183807,-0.068472,-0.246672,0.157779,-0.169261,0.049701,-0.245369,0.543275,0.217312,0.492224,0.351507
0.191207,0.427532,1.588189,0.000000,0.879782,0.695808,1.148202,1.542942,1.057318,0.560306,0.032214,0.034884,-0.268222,0.023700,-0.012000,-0.098359,-0.069265,-0.229298,0.698237,0.547508,0.068511,-0.013008,1.407383,1.855250,0.744897,0.140683,-0.040577,-0.088366,-0.092717,-0.094962,-0.111023,0.123911,-0.091471,0.187269,0.249900,0.225502,-0.136317,0.021608,-0.017553,-0.027455,-0.037969,-0.069881,0.318363,-0.038621,0.359770,0.133175,0.325263,0.128530,0.403435,0.307891,0.395418,0.344187,0.371466,0.326706,-0.037667,0.087353,-0.059912,0.125336,0.737293,0.649525,0.797878,0.694499,0.192806,0.211531,0.602767,0.425400,0.576416,0.278101,0.416114,0.238190,0.308937,0.665755,-0.080295,-0.094812,-0.255602,0.197493,0.199643,0.197591,-0.159000,-0.161255,-0.035850,-0.156775,0.225220,-0.102172,0.127174,-0.133100,0.507768,0.210695,0.501400,0.450391
-0.082548,0.160062,0.847159,0.879782,0.000000,0.834398,0.672152,0.919613,1.419706,0.729784,-0.273072,-0.165609,-0.419016,0.005802,-0.153404,-0.065644,-0.140006,-0.232754,0.231692,0.223623,0.051409,-0.007616,0.566256,0.814517,1.052660,0.472517,-0.044514,-0.004178,-0.263867,-0.145098,-0.299217,-0.098259,-0.231084,0.007064,0.127838,0.173221,-0.363599,-0.010159,-0.174042,-0.170051,-0.056275,0.015727,0.155910,-0.106483,0.198056,0.066842,0.184404,-0.092686,0.340994,0.232794,0.274775,0.320491,0.318741,0.098270,-0.191734,-0.138464,-0.257235,-0.022338,0.466241,0.377329,0.401183,0.435462,0.066806,0.017483,0.376540,0.363762,0.388681,0.287810,0.369268,0.160710,0.126459,0.440590,-0.010464,-0.085230,-0.173171,0.075571,0.133286,0.168120,-0.161281,-0.147532,-0.163433,-0.211934,0.078697,-0.261953,-0.025701,-0.199537,0.296992,-0.051245,0.326697,0.301776
0.197106,0.232928,0.598966,0.695808,0.834398,0.000000,0.551918,0.650925,0.900135,0.844722,-0.032624,-0.130562,-0.246791,-0.133026,0.009188,0.031816,0.039646,-0.125576,0.217911,0.229200,0.160089,-0.093343,0.488066,0.574543,0.729572,0.188468,0.102678,0.079476,-0.146413,-0.049420,-0.209347,-0.055343,0.024520,0.146303,0.205282,0.135098,-0.125992,-0.105485,-0.035628,-0.154930,0.040438,0.014983,0.214268,-0.102935,0.144184,0.022817,0.161989,-0.056232,0.248462,0.207306,0.199653,0.245341,0.240870,0.055358,-0.222141,-0.049695,0.048795,0.121521,0.370762,0.203633,0.416932,0.308462,0.065865,0.087969,0.140283,0.184908,0.265945,0.162579,0.270819,0.151339,0.218142,0.392467,0.105873,-0.075491,-0.078470,0.146298,0.321506,0.331663,0.126881,0.049887,0.093751,0.009022,0.013056,-0.128347,0.034001,-0.028112,0.016333,0.054937,0.234300,0.254930
0.410349,0.477727,1.231742,1.148202,0.672152,0.551918,0.000000,1.313245,0.796101,0.515482,-0.023453,0.078584,-0.046141,0.141830,-0.062020,-0.067408,0.042123,-0.054303,0.663442,0.490675,0.032010,0.041597,0.972725,1.148749,0.519667,0.142011,-0.026920,-0.125093,-0.039786,0.015286,-0.023294,0.082383,0.033651,0.234150,0.186665,0.196562,0.023168,-0.022785,0.040143,-0.125765,0.051651,-0.003706,0.472789,0.073072,0.440025,0.236025,0.269708,0.107260,0.643235,0.445511,0.372009,0.368950,0.360623,0.219780,-0.029404,0.045134,0.063796,0.199037,0.800257,0.653808,0.836371,0.620997,0.275403,0.280264,0.327789,0.365491,0.522647,0.373757,0.411001,0.191406,0.291983,0.575344,0.009417,-0.023401,-0.073654,0.166192,0.233257,0.234634,-0.083194,-0.083443,-0.028286,-0.169112,0.354401,0.117737,-0.039230,-0.276783,0.450950,0.171065,0.498718,0.473301
0.166044,0.408135,1.270854,1.542942,0.919613,0.650925,1.313245,0.000000,1.061309,0.645436,-0.096728,0.084902,-0.184604,0.199579,-0.077363,0.010502,-0.180872,-0.201295,0.555458,0.419381,-0.059473,-0.084699,0.953037,1.391187,0.676575,0.213692,-0.091468,-0.197841,-0.103164,-0.062295,-0.127069,0.083797,-0.157264,0.100621,0.069464,0.182439,-0.105782,0.040666,-0.037337,-0.041707,-0.011674,-0.032042,0.300131,0.033962,0.415547,0.184322,0.327959,0.075411,0.630176,0.441198,0.406522,0.398285,0.416428,0.282744,-0.055644,0.032278,-0.190737,0.056873,0.895466,0.723590,0.770339,0.769135,0.196817,0.214081,0.447645,0.582479,0.628065,0.357209,0.426932,0.177980,0.179708,0.609939,-0.106846,-0.046931,-0.323091,0.069936,0.093112,0.085193,-0.265466,-0.210243,-0.205881,-0.288323,0.331651,0.014403,-0.115563,-0.339664,0.512513,0.087234,0.475008,0.455467
-0.027822,0.249246,1.122452,1.057318,1.419706,0.900135,0.796101,1.061309,0.000000,0.829077,-0.269645,-0.201707,-0.535192,-0.030956,-0.229453,-0.007984,-0.134437,-0.232347,0.392964,0.358212,0.069425,-0.046884,0.701343,0.979053,0.933107,0.206195,-0.047329,-0.114256,-0.299683,-0.177128,-0.283528,-0.114078,-0.203197,-0.011686,0.161762,0.212653,-0.314108,-0.052264,-0.114214,-0.151252,-0.058218,-0.060170,0.242454,-0.119023,0.273462,0.084111,0.221047,-0.091057,0.354255,0.266463,0.231774,0.269110,0.225124,0.090070,-0.251515,-0.128884,-0.185908,0.083081,0.524709,0.446684,0.575004,0.592841,0.159558,0.135163,0.369883,0.311308,0.500460,0.323824,0.482319,0.241696,0.167795,0.505926,-0.111488,-0.110716,-0.244376,0.011831,0.136676,0.204461,-0.180393,-0.151672,-0.112364,-0.212443,0.091737,-0.344267,-0.018802,-0.219845,0.229461,-0.014498,0.307606,0.298813
0.133677,0.190475,0.491412,0.560306,0.729784,0.844722,0.515482,0.645436,0.829077,0.000000,-0.125645,-0.097126,-0.127004,0.116041,-0.099256,0.303406,-0.166693,-0.228954,0.178104,0.193157,0.090948,-0.165569,0.329478,0.476932,0.594415,0.228390,-0.034231,-0.081667,-0.246055,-0.130125,-0.222402,-0.097464,-0.039703,0.083010,0.130268,0.183042,-0.150498,-0.190698,-0.116962,-0.163676,0.021802,0.030323,0.206468,-0.037780,0.223404,0.110509,0.205981,-0.008298,0.321706,0.182768,0.135184,0.236849,0.187180,0.048074,-0.226016,-0.150082,-0.059105,0.062997,0.398530,0.319763,0.373687,0.307619,0.078013,0.014943,0.207425,0.310490,0.416324,0.303261,0.289063,0.204415,0.141964,0.376637,-0.088013,-0.200257,-0.240672,0.005485,0.080690,0.110904,-0.192091,-0.137403,-0.139985,-0.153315,0.110064,-0.241540,-0.126327,-0.075033,0.052782,-0.060331,0.063397,0.179134
0.501006,0.253944,-0.131107,0.032214,-0.273072,-0.032624,-0.023453,-0.096728,-0.269645,-0.125645,0.000000,0.382250,0.635238,0.098059,0.581333,0.223687,0.383374,0.138556,0.463651,0.379755,0.110755,-0.019230,0.175319,0.039234,-0.023749,0.112786,0.321545,0.022103,0.411513,0.178459,0.429959,0.346931,0.371438,0.376937,0.271220,0.016369,0.225847,-0.058126,0.210161,0.107419,0.238839,0.053181,-0.020848,0.126188,-0.309287,-0.218695,0.085203,0.287732,-0.336812,-0.397405,-0.079434,-0.195098,0.112782,0.320100,0.250868,0.144700,0.539226,0.252340,-0.089505,-0.100400,0.105599,-0.088947,0.010871,0.010883,0.247235,-0.039236,-0.084869,-0.102017,0.033477,0.153557,0.287860,0.055059,0.045933,-0.061418,0.178794,0.198237,0.111262,0.194913,0.311296,0.303414,0.570534,0.485442,0.140966,0.135260,0.723716,0.532130,-0.144602,0.113011,0.120574,0.101045
0.269638,0.523413,-0.121346,0.034884,-0.165609,-0.130562,0.078584,0.084902,-0.201707,-0.097126,0.382250,0.000000,0.434572,0.797015,0.452842,0.521784,0.028427,0.478280,0.253372,0.251979,0.012223,0.157773,0.064500,0.126121,-0.058965,0.318420,0.447881,0.347482,0.393324,0.605246,0.373754,0.387022,0.271068,0.255329,-0.103091,0.103996,0.261558,0.459293,0.314285,0.452170,0.210121,0.126311,-0.011077,0.427929,0.172656,0.199889,0.010974,0.280085,0.226370,0.239669,0.282626,0.348639,0.134636,0.352025,0.283924,0.585078,0.260442,0.420847,0.290214,0.291371,-0.022355,0.299068,0.198018,0.372472,0.198773,0.479124,0.173471,0.211446,0.040705,0.148966,0.179544,0.074769,-0.083768,0.092641,0.108077,0.179551,-0.115499,0.094205,0.108364,0.325857,0.334490,0.488886,0.298507,0.576564,0.296264,0.447831,0.060502,0.064152,0.132404,0.427123
0.441544,0.041745,-0.437134,-0.268222,-0.419016,-0.246791,-0.046141,-0.184604,-0.535192,-0.127004,0.635238,0.434572,0.000000,0.426393,0.633691,0.360398,0.085982,0.141316,0.041105,-0.059237,0.076459,-0.038977,-0.185967,-0.285498,-0.296288,0.149469,0.131123,0.007028,0.469522,0.212643,0.394863,0.291125,0.294283,0.247056,-0.087375,-0.100997,0.349180,-0.152166,0.272091,0.067291,0.236129,0.184484,-0.081908,0.202518,-0.170703,-0.046899,-0.004620,0.222934,-0.015349,-0.122475,-0.031693,-0.054666,0.172736,0.197325,0.318757,0.141282,0.257324,-0.003895,0.006112,-0.050404,-0.069857,-0.244775,-0.055008,-0.065049,-0.071673,0.019152,-0.124598,0.009193,-0.207948,-0.181614,-0.007362,-0.117084,0.073331,0.027713,0.121458,0.023350,-0.075001,-0.026123,0.045049,0.118639,0.114748,0.138348,0.340602,0.455521,0.106974,0.111059,-0.099661,0.069193,-0.013044,-0.018211
0.116165,0.329842,-0.112995,0.023700,0.005802,-0.133026,0.141830,0.199579,-0.030956,0.116041,0.098059,0.797015,0.426393,0.000000,0.189149,0.713026,-0.240357,0.255390,0.153961,0.134322,-0.001670,-0.020722,-0.079118,0.100253,0.036588,0.482518,0.171668,0.070395,0.260526,0.412236,0.168380,0.182740,0.132415,0.100980,-0.318965,0.044428,0.161598,0.238507,0.090538,0.291469,0.185817,0.066036,-0.008417,0.377906,0.308247,0.353486,0.101870,0.226010,0.348927,0.312418,0.100107,0.231916,0.124120,0.204176,0.197274,0.251783,-0.003100,0.192861,0.293682,0.419015,0.010626,0.347177,0.220581,0.280046,0.093108,0.508089,0.336429,0.401776,0.078939,0.115466,0.063842,0.082835,-0.192764,0.064252,-0.101869,-0.111999,-0.415405,-0.081577,-0.222327,0.047420,-0.043847,0.090158,0.536094,0.393564,-0.015016,0.065799,-0.018225,-0.148026,0.001126,0.359347
0.315702,0.075151,-0.164400,-0.012000,-0.153404,0.009188,-0.062020,-0.077363,-0.229453,-0.099256,0.581333,0.452842,0.633691,0.189149,0.000000,0.142290,0.152524,0.058153,0.051478,-0.005994,0.297223,0.096855,0.161084,-0.035565,-0.093486,0.059349,0.394919,0.333682,0.418845,0.245868,0.418189,0.434630,0.270195,0.356464,-0.000961,-0.167025,0.239576,0.029977,0.458758,0.297190,0.274361,0.086708,-0.106777,0.115723,-0.155675,-0.076039,-0.095899,0.101725,-0.073281,-0.145143,0.076806,0.069111,0.139525,0.145402,0.189935,0.154439,0.199362,0.005818,0.002635,-0.054467,-0.043815,-0.091487,-0.047805,-0.001878,0.074951,0.045447,-0.062495,-0.030766,-0.150879,-0.138688,0.082676,-0.032144,0.125028,0.113247,0.094503,0.100913,0.009033,0.035397,0.176828,0.146181,0.260338,0.261444,-0.007802,0.226898,0.275696,0.304934,0.006158,0.229255,0.098075,0.056431
0.123624,0.330834,-0.267588,-0.098359,-0.065644,0.031816,-0.067408,0.010502,-0.007984,0.303406,0.223687,0.521784,0.360398,0.713026,0.142290,0.000000,-0.219099,0.176820,0.027397,0.137344,0.067071,-0.035862,-0.216841,-0.046167,0.118713,0.299649,0.440916,-0.009187,0.159193,0.329255,0.241118,0.189731,0.183071,0.088474,-0.049966,0.177481,0.110066,0.133091,0.164357,0.243919,0.322292,0.273486,-0.078721,0.169564,0.092982,0.109851,-0.005715,0.122867,0.033016,0.040373,-0.027095,0.126265,-0.178189,0.095518,0.006734,0.175905,0.179476,0.351052,0.116511,0.184144,-0.051373,0.156500,0.039374,0.165684,0.055748,0.318911,0.163243,0.201500,0.045651,0.209721,0.205883,0.164674,-0.134867,-0.006877,0.000696,-0.030823,-0.243769,0.040862,-0.138272,0.118093,-0.000704,0.226347,0.271992,0.113303,0.031925,0.344470,-0.385905,0.001855,-0.239612,0.189576
0.533459,0.330989,-0.017640,-0.069265,-0.140006,0.039646,0.042123,-0.180872,-0.134437,-0.166693,0.383374,0.028427,0.085982,-0.240357,0.152524,-0.219099,0.000000,0.440432,0.301605,0.314273,0.203621,0.170333,0.065020,-0.060330,-0.034532,-0.045891,0.239720,0.207599,0.329643,0.325820,0.331189,0.179584,0.527568,0.458087,0.266713,0.133509,0.276547,-0.024068,0.281827,-0.046350,0.295534,0.223389,0.040757,0.084032,-0.237223,-0.183671,-0.042844,0.046930,-0.212703,-0.166382,0.014427,-0.065761,0.018080,0.154750,0.144332,0.123560,0.764169,0.469092,-0.087669,-0.158497,0.134912,-0.011134,0.250301,0.203641,0.053816,-0.144357,-0.184133,-0.166184,0.236090,0.165381,0.198727,-0.097210,0.297761,0.215613,0.328879,0.299846,0.430634,0.299914,0.824853,0.725358,0.851420,0.565344,-0.116576,0.086688,0.413827,0.315342,-0.055604,0.077214,0.161658,0.115532
0.257212,0.565150,-0.223472,-0.229298,-0.232754,-0.125576,-0.054303,-0.201295,-0.232347,-0.228954,0.138556,0.478280,0.141316,0.255390,0.058153,0.176820,0.440432,0.000000,0.212408,0.272123,0.114591,0.323507,-0.179467,-0.146718,-0.191863,0.162946,0.251759,0.357283,0.246433,0.835142,0.300595,0.104527,0.573053,0.403476,-0.032673,0.094649,0.166809,0.468788,0.203376,0.212364,0.256923,0.263201,0.149290,0.440900,0.152213,0.261519,-0.032709,0.250808,0.189070,0.313863,0.185604,0.292587,-0.091450,0.248329,0.074338,0.434377,0.489263,0.745013,0.074746,0.099235,-0.071694,0.265156,0.344659,0.706005,-0.189151,0.031049,-0.004893,0.146979,0.163816,0.272824,0.233918,0.063852,0.220965,0.315160,0.424250,0.202490,0.081295,0.256357,0.402978,0.732929,0.575096,0.824128,0.102728,0.626648,0.067899,0.271899,-0.258698,-0.071915,-0.097216,0.315558
0.518426,0.695445,0.634211,0.698237,0.231692,0.217911,0.663442,0.555458,0.392964,0.178104,0.463651,0.253372,0.041105,0.153961,0.051478,0.027397,0.301605,0.212408,0.000000,1.262636,0.110816,0.080759,0.711712,0.762607,0.257369,0.133465,0.121383,-0.048038,0.073126,0.146508,0.247724,0.134739,0.357991,0.378899,0.227071,0.266179,0.104958,0.069560,0.056864,-0.040163,0.166107,-0.052340,0.317007,0.126000,0.167269,0.089117,0.249477,0.274329,0.202748,0.137133,0.168924,0.104309,0.201872,0.417565,0.021230,0.187597,0.454593,0.559948,0.448127,0.477569,0.759540,0.601892,0.475604,0.512631,0.450339,0.165472,0.542801,0.388417,0.659293,0.586542,0.368766,0.395036,-0.119793,-0.096214,0.020875,0.218770,0.137951,0.308812,0.138435,0.212559,0.497507,0.297101,0.260658,0.122463,0.404046,0.105840,0.136035,0.038195,0.339523,0.483670
0.410586,0.868529,0.460785,0.547508,0.223623,0.229200,0.490675,0.419381,0.358212,0.193157,0.379755,0.251979,-0.059237,0.134322,-0.005994,0.137344,0.314273,0.272123,1.262636,0.000000,0.207996,0.127416,0.502370,0.632410,0.231792,0.172279,0.258165,0.062537,0.000947,0.223625,0.251209,0.126763,0.461048,0.491591,0.203576,0.234965,0.006006,0.147282,0.007379,-0.025548,0.209349,-0.002396,0.280248,0.099728,0.112270,0.065785,0.160437,0.220173,0.101061,0.115451,0.021934,0.064997,-0.028762,0.251791,-0.146072,0.124883,0.559877,0.836653,0.286626,0.391924,0.614686,0.576665,0.422531,0.558122,0.282690,0.074842,0.533613,0.437227,0.835121,0.954020,0.534840,0.413448,-0.012280,0.046895,0.123013,0.250639,0.146468,0.416547,0.181198,0.288099,0.548572,0.476684,0.080795,0.037811,0.349368,0.273316,-0.065041,0.010653,0.124286,0.364776
0.228813,0.240841,0.035447,0.068511,0.051409,0.160089,0.032010,-0.059473,0.069425,0.090948,0.110755,0.012223,0.076459,-0.001670,0.297223,0.067071,0.203621,0.114591,0.110816,0.207996,0.000000,0.162251,0.133482,0.072664,0.109445,0.083204,0.329048,0.288113,0.045943,0.183453,0.151011,0.183276,0.293835,0.281665,0.078111,-0.123300,0.093893,0.115863,0.480811,0.008004,0.230022,0.092309,0.120697,-0.061045,-0.049266,-0.005701,-0.012848,0.078514,-0.107401,-0.062475,-0.004904,0.060079,-0.107473,-0.056612,-0.004463,0.079050,0.384866,0.313891,0.011403,0.105430,0.155090,0.119499,0.111796,0.269858,-0.091953,-0.139207,0.017534,0.160831,0.032751,0.114860,0.357127,0.183352,0.263470,0.250158,0.244211,0.190564,0.078169,0.194391,0.132688,0.086485,0.222451,0.226838,-0.106456,-0.021615,0.074421,0.164947,-0.215531,0.100873,-0.122640,-0.120947
0.082967,0.189543,0.049637,-0.013008,-0.007616,-0.093343,0.041597,-0.084699,-0.046884,-0.165569,-0.019230,0.157773,-0.038977,-0.020722,0.096855,-0.035862,0.170333,0.323507,0.080759,0.127416,0.162251,0.000000,0.118091,0.058852,-0.052037,0.017069,0.230800,0.372680,0.100538,0.269871,0.288710,0.307851,0.101708,0.204056,0.040749,0.113349,0.046986,0.170653,0.173650,0.176514,0.149769,0.214044,0.034311,-0.017016,0.145870,0.066139,-0.154127,0.017068,-0.045071,0.042570,-0.021370,0.048485,-0.178745,-0.036639,-0.042381,0.094703,0.187259,0.276521,-0.060459,-0.001366,0.005017,0.120372,0.137266,0.250485,-0.030060,-0.104882,-0.106489,0.057236,-0.030592,0.064064,0.407384,0.178685,0.143451,0.256037,0.270457,0.140169,0.058029,0.133796,0.171993,0.181971,0.225451,0.245762,-0.191547,0.159107,0.108533,0.156350,-0.042710,0.180630,-0.090741,-0.013945
0.296768,0.375457,1.367696,1.407383,0.566256,0.488066,0.972725,0.953037,0.701343,0.329478,0.175319,0.064500,-0.185967,-0.079118,0.161084,-0.216841,0.065020,-0.179467,0.711712,0.502370,0.133482,0.118091,0.000000,1.460366,0.563503,0.009385,0.094780,0.034724,-0.000998,-0.079864,0.072979,0.267225,-0.034541,0.239845,0.334261,0.184313,-0.021989,0.020026,0.160037,0.034811,-0.013863,-0.065790,0.280812,-0.074343,0.230199,0.019981,0.214031,0.120996,0.255918,0.161541,0.368323,0.248093,0.321806,0.279931,0.043310,0.110023,0.055575,0.109806,0.516748,0.456437,0.704625,0.514902,0.191430,0.184600,0.568870,0.212183,0.373581,0.112517,0.267043,0.144194,0.369530,0.599180,-0.035031,-0.103899,-0.120102,0.198984,0.267284,0.223530,-0.035384,-0.114020,0.092551,-0.086278,0.162273,-0.062211,0.259118,-0.043429,0.533649,0.351684,0.528259,0.365526
0.200812,0.478313,1.489561,1.855250,0.814517,0.574543,1.148749,1.391187,0.979053,0.476932,0.039234,0.126121,-0.285498,0.100253,-0.035565,-0.046167,-0.060330,-0.146718,0.762607,0.632410,0.072664,0.058852,1.460366,0.000000,0.706411,0.186608,0.055205,-0.007385,-0.089128,-0.041177,-0.014041,0.194716,-0.076885,0.173051,0.234671,0.246089,-0.093190,0.080787,0.018858,0.013753,0.013260,-0.043743,0.298091,-0.020024,0.357198,0.128283,0.272021,0.126715,0.392773,0.315891,0.337180,0.318211,0.283872,0.283391,-0.045002,0.107105,-0.009560,0.190851,0.696237,0.660671,0.796241,0.737176,0.224449,0.271076,0.536107,0.363771,0.593136,0.324011,0.441979,0.278162,0.399304,0.755821,-0.138576,-0.082364,-0.212866,0.183342,0.180043,0.210184,-0.175469,-0.144982,-0.017812,-0.112860,0.244168,-0.020800,0.138653,-0.091675,0.490266,0.213033,0.416781,0.468278
0.071021,0.214934,0.652657,0.744897,1.052660,0.729572,0.519667,0.676575,0.933107,0.594415,-0.023749,-0.058965,-0.296288,0.036588,-0.093486,0.118713,-0.034532,-0.191863,0.257369,0.231792,0.109445,-0.052037,0.563503,0.706411,0.000000,0.533653,0.079202,-0.039894,-0.092330,-0.103706,-0.094608,0.086637,-0.100569,0.024100,0.203789,0.286555,-0.225277,-0.012706,-0.024447,-0.105421,0.108567,0.039118,0.045565,-0.147415,0.053265,-0.069487,0.115340,-0.105657,0.131723,-0.002940,0.226721,0.208051,0.272849,0.120032,-0.107563,-0.134398,-0.085348,0.046480,0.288083,0.239935,0.307987,0.297588,0.068455,-0.061562,0.415620,0.318306,0.242898,0.142143,0.305002,0.141318,0.113654,0.319711,-0.069929,-0.190785,-0.169665,0.039566,0.216058,0.211991,-0.124164,-0.075959,-0.051848,-0.133750,0.180294,-0.247351,0.129302,-0.027235,0.184960,0.029620,0.362277,0.280781
0.124744,0.241491,0.007007,0.140683,0.472517,0.188468,0.142011,0.213692,0.206195,0.228390,0.112786,0.318420,0.149469,0.482518,0.059349,0.299649,-0.045891,0.162946,0.133465,0.172279,0.083204,0.017069,0.009385,0.186608,0.533653,0.000000,0.201558,0.256336,0.121313,0.177770,0.095586,0.099738,0.103014,0.109786,-0.078985,0.031509,-0.186111,0.189515,-0.122514,0.049824,0.158037,0.116173,0.050832,0.210740,0.072880,0.128743,0.121218,0.108614,0.225668,0.067885,0.162053,0.278425,0.246553,0.158690,0.002697,0.041584,0.031700,0.133909,0.220462,0.161838,0.044659,0.138019,0.035012,0.022618,0.176584,0.313090,0.198909,0.375721,0.194711,0.205770,0.066307,0.124165,-0.015134,-0.013252,0.004182,0.084433,-0.103710,0.161555,-0.082808,0.073025,0.049373,0.104691,0.291740,0.178822,0.063417,0.065510,-0.067116,-0.263816,0.103291,0.290180
0.296463,0.312046,-0.077509,-0.040577,-0.044514,0.102678,-0.026920,-0.091468,-0.047329,-0.034231,0.321545,0.447881,0.131123,0.171668,0.394919,0.440916,0.239720,0.251759,0.121383,0.258165,0.329048,0.230800,0.094780,0.055205,0.079202,0.201558,0.000000,0.560153,0.270237,0.391129,0.422077,0.358033,0.267296,0.152633,0.016496,0.106198,0.075174,0.198930,0.379290,0.254412,0.314493,0.188082,-0.006722,0.003691,-0.066452,-0.051414,-0.104628,0.021731,-0.088598,-0.063803,-0.016401,0.060001,-0.184695,-0.062901,0.093176,0.208089,0.429263,0.418783,-0.002405,-0.007742,0.094321,0.127099,0.204879,0.251683,0.061373,0.008284,-0.047229,-0.003445,0.109387,0.193735,0.378781,0.140001,0.012096,0.069945,0.243419,0.151456,-0.017183,0.253517,0.322102,0.329495,0.369379,0.436933,0.011997,0.186271,0.298956,0.375842,-0.225185,0.147729,0.075824,0.195760
0.134130,0.208088,-0.105251,-0.088366,-0.004178,0.079476,-0.125093,-0.197841,-0.114256,-0.081667,0.022103,0.347482,0.007028,0.070395,0.333682,-0.009187,0.207599,0.357283,-0.048038,0.062537,0.288113,0.372680,0.034724,-0.007385,-0.039894,0.256336,0.560153,0.000000,0.191966,0.341539,0.221545,0.220573,0.229202,0.145852,0.061021,-0.038728,-0.016902,0.189693,0.248802,0.314520,0.178035,0.148374,0.014957,0.160099,0.052321,0.135630,-0.062612,0.112277,0.015837,0.116470,0.083771,0.191487,-0.019125,-0.034612,0.093507,0.297810,0.228962,0.274253,-0.074037,-0.025228,-0.138773,0.022744,0.086178,0.310602,-0.148819,-0.155800,-0.010863,0.126187,-0.001837,0.089107,0.284845,0.094004,0.151633,0.240880,0.267916,0.179649,0.075490,0.153541,0.231640,0.285386,0.335756,0.412112,-0.147211,0.327765,0.140630,0.295612,-0.063020,0.036345,-0.113401,0.077806
0.376575,0.210795,-0.167265,-0.092717,-0.263867,-0.146413,-0.039786,-0.103164,-0.299683,-0.246055,0.411513,0.393324,0.469522,0.260526,0.418845,0.159193,0.329643,0.246433,0.073126,0.000947,0.045943,0.100538,-0.000998,-0.089128,-0.092330,0.121313,0.270237,0.191966,0.000000,0.566464,0.595297,0.561330,0.255622,0.303137,-0.038915,-0.097333,0.390676,0.133378,0.412236,0.231303,0.428683,0.266504,-0.134506,0.053656,-0.075205,-0.072802,-0.143836,0.031817,-0.102579,-0.200076,-0.089267,-0.014425,-0.053048,0.058286,0.186802,0.168000,0.268797,0.128767,-0.024682,-0.014521,-0.051069,-0.000929,0.026207,0.110250,-0.001486,0.072951,-0.211133,-0.092405,-0.086668,-0.168660,0.110994,-0.071335,0.081830,0.145754,0.042132,0.139282,0.093406,0.113761,0.175260,0.214497,0.239322,0.206152,0.351644,0.283619,0.147480,0.173404,0.051167,0.267282,0.046271,0.119789
0.310612,0.604021,-0.155346,-0.094962,-0.145098,-0.049420,0.015286,-0.062295,-0.177128,-0.130125,0.178459,0.605246,0.212643,0.412236,0.245868,0.329255,0.325820,0.835142,0.146508,0.223625,0.183453,0.269871,-0.079864,-0.041177,-0.103706,0.177770,0.391129,0.341539,0.566464,0.000000,0.575181,0.432770,0.545295,0.511983,-0.093015,0.111104,0.244949,0.499986,0.389862,0.280944,0.397122,0.373778,0.024990,0.248193,0.123086,0.207278,-0.142357,0.157963,0.153093,0.234016,0.108492,0.301535,-0.142110,0.197405,0.107108,0.443534,0.375085,0.585927,0.131312,0.235637,-0.042642,0.355946,0.241451,0.632787,-0.119104,0.173121,0.003871,0.110601,0.047859,0.137613,0.315362,0.123855,0.226256,0.382343,0.344349,0.247513,0.036617,0.139448,0.311373,0.527697,0.412222,0.627125,0.180709,0.524856,0.056090,0.313553,-0.062200,0.174486,-0.048823,0.327538
0.480723,0.325213,-0.130764,-0.111023,-0.299217,-0.209347,-0.023294,-0.127069,-0.283528,-0.222402,0.429959,0.373754,0.394863,0.168380,0.418189,0.241118,0.331189,0.300595,0.247724,0.251209,0.151011,0.288710,0.072979,-0.014041,-0.094608,0.095586,0.422077,0.221545,0.595297,0.575181,0.000000,0.934339,0.460221,0.421866,0.001530,0.145437,0.459761,0.170748,0.524361,0.177722,0.505375,0.350424,-0.147111,0.002422,-0.180483,-0.182567,-0.296354,-0.003273,-0.157341,-0.205487,-0.179635,-0.073425,-0.194429,0.038378,0.050872,0.140773,0.446507,0.290012,-0.091309,-0.061632,0.005092,0.023444,0.041203,0.152657,-0.082141,-0.129534,-0.128799,-0.116139,0.022352,-0.014787,0.268057,0.080181,-0.001658,0.161884,0.229203,0.090168,0.080048,0.112595,0.167557,0.254404,0.296577,0.273767,0.087123,0.329703,0.137946,0.272137,-0.093649,0.323558,-0.063908,0.059788
0.345625,0.251223,0.021455,0.123911,-0.098259,-0.055343,0.082383,0.083797,-0.114078,-0.097464,0.346931,0.387022,0.291125,0.182740,0.434630,0.189731,0.179584,0.104527,0.134739,0.126763,0.183276,0.307851,0.267225,0.194716,0.086637,0.099738,0.358033,0.220573,0.561330,0.432770,0.934339,0.000000,0.199765,0.297959,-0.007193,0.036951,0.326343,0.098463,0.550100,0.221871,0.391593,0.324575,-0.162797,-0.080519,-0.102931,-0.127172,-0.170396,0.007543,-0.139140,-0.154887,-0.098964,-0.012646,-0.074979,0.054962,0.136500,0.228108,0.271682,0.096243,0.049583,0.065120,0.039583,0.097733,-0.059622,0.071588,0.033425,0.008236,-0.064157,-0.084542,-0.039302,-0.130639,0.332842,0.186179,-0.021749,0.093014,-0.028364,0.145829,0.168365,0.036638,0.025296,0.041899,0.088490,0.105557,0.082068,0.285214,0.120375,0.209742,0.118560,0.419448,0.007296,0.087964
0.666746,0.571975,-0.185824,-0.091471,-0.231084,0.024520,0.033651,-0.157264,-0.203197,-0.039703,0.371438,0.271068,0.294283,0.132415,0.270195,0.183071,0.527568,0.573053,0.357991,0.461048,0.293835,0.101708,-0.034541,-0.076885,-0.100569,0.103014,0.267296,0.229202,0.255622,0.545295,0.460221,0.199765,0.000000,1.030312,0.080834,0.098215,0.267612,0.135254,0.284056,0.086807,0.468778,0.152298,0.130564,0.270225,0.018742,0.112686,-0.055204,0.187470,0.094895,0.141361,0.042180,0.201915,-0.055376,0.188102,-0.034871,0.222754,0.739995,0.670348,0.093976,0.062230,0.058897,0.121895,0.290483,0.410335,-0.109686,-0.012521,0.141223,0.205550,0.335734,0.424985,0.225344,-0.026431,0.208396,0.114897,0.276732,0.199778,0.268242,0.472557,0.481273,0.703377,0.770187,0.748409,0.035811,0.305164,0.210269,0.368235,-0.305093,0.019734,-0.014179,0.303548
0.542688,0.665433,0.073640,0.187269,0.007064,0.146303,0.234150,0.100621,-0.011686,0.083010,0.376937,0.255329,0.247056,0.100980,0.356464,0.088474,0.458087,0.403476,0.378899,0.491591,0.281665,0.204056,0.239845,0.173051,0.024100,0.109786,0.152633,0.145852,0.303137,0.511983,0.421866,0.297959,1.030312,0.000000,0.183879,0.110029,0.204227,0.162597,0.232585,0.041143,0.413620,0.160162,0.167339,0.211875,0.111172,0.118415,-0.011523,0.195464,0.082738,0.119055,0.095949,0.210635,0.002003,0.228858,-0.132897,0.176914,0.569979,0.634571,0.170654,0.153168,0.123408,0.209390,0.123552,0.312102,0.057573,0.117009,0.166428,0.201569,0.343909,0.440051,0.355697,0.171999,0.311164,0.162194,0.239635,0.244138,0.351211,0.499601,0.401497,0.572718,0.636499,0.627253,0.042899,0.213664,0.227980,0.380786,-0.067547,0.135147,0.074067,0.303739
0.226903,0.131336,0.261514,0.249900,0.127838,0.205282,0.186665,0.069464,0.161762,0.130268,0.271220,-0.103091,-0.087375,-0.318965,-0.000961,-0.049966,0.266713,-0.032673,0.227071,0.203576,0.078111,0.040749,0.334261,0.234671,0.203789,-0.078985,0.016496,0.061021,-0.038915,-0.093015,0.001530,-0.007193,0.080834,0.183879,0.000000,0.339273,0.094855,0.012636,0.103984,0.067514,0.001644,0.045639,0.130614,-0.078942,-0.042133,-0.051755,0.083287,0.075322,-0.181589,-0.205151,0.067845,-0.009583,0.005429,0.056868,0.060024,0.030089,0.285161,0.195331,0.057135,0.054980,0.248147,0.016801,0.169919,0.052408,0.368875,-0.003337,0.119415,0.012543,0.081527,0.176843,0.293270,0.265718,0.098896,-0.122519,0.141743,0.194201,0.272505,0.261110,0.141760,0.132074,0.279473,0.146541,-0.123646,-0.226818,0.380652,0.355680,0.113548,0.280343,0.123956,0.045213
0.141914,0.208745,0.228109,0.225502,0.173221,0.135098,0.196562,0.182439,0.212653,0.183042,0.016369,0.103996,-0.100997,0.044428,-0.167025,0.177481,0.133509,0.094649,0.266179,0.234965,-0.123300,0.113349,0.184313,0.246089,0.286555,0.031509,0.106198,-0.038728,-0.097333,0.111104,0.145437,0.036951,0.098215,0.110029,0.339273,0.000000,0.070741,-0.042533,-0.036000,-0.017693,-0.031281,0.062987,-0.091023,-0.154574,0.041254,-0.032148,-0.071371,-0.130064,-0.031261,0.010871,0.068387,0.033493,-0.013597,0.103556,-0.011240,0.100039,0.154433,0.242087,0.159177,0.166031,0.237538,0.255749,0.329659,0.181472,0.352109,0.281429,0.247499,0.070387,0.229432,0.232355,0.120037,0.140174,-0.122824,-0.116007,-0.024847,-0.068212,0.068115,0.144821,0.044479,0.154320,0.117671,0.039946,0.088416,-0.057666,0.186936,0.165106,0.176606,0.240594,0.205619,0.279592
0.436573,0.174509,-0.139473,-0.136317,-0.363599,-0.125992,0.023168,-0.105782,-0.314108,-0.150498,0.225847,0.261558,0.349180,0.161598,0.239576,0.110066,0.276547,0.166809,0.104958,0.006006,0.093893,0.046986,-0.021989,-0.093190,-0.225277,-0.186111,0.075174,-0.016902,0.390676,0.244949,0.459761,0.326343,0.267612,0.204227,0.094855,0.070741,0.000000,0.136704,0.473716,0.102624,0.363377,0.190289,-0.111275,0.069413,-0.039578,-0.036266,-0.133433,0.087542,-0.014040,-0.032578,-0.071126,-0.008873,-0.051826,0.038673,0.158829,0.163442,0.412499,0.135797,0.077571,0.017327,0.059766,-0.043878,0.110853,0.099723,-0.125346,-0.050695,-0.043096,-0.047102,-0.097038,-0.128604,0.045086,-0.096765,0.015979,0.059840,0.004745,0.007251,0.162979,0.061724,0.190519,0.123743,0.198643,0.146028,0.174068,0.270804,0.069196,0.138409,0.016391,0.223175,-0.062931,0.020002
-0.039799,0.390149,-0.005902,0.021608,-0.010159,-0.105485,-0.022785,0.040666,-0.052264,-0.190698,-0.058126,0.459293,-0.152166,0.238507,0.029977,0.133091,-0.024068,0.468788,0.069560,0.147282,0.115863,0.170653,0.020026,0.080787,-0.012706,0.189515,0.198930,0.189693,0.133378,0.499986,0.170748,0.098463,0.135254,0.162597,0.012636,-0.042533,0.136704,0.000000,0.178326,0.349615,0.150421,0.152252,0.050815,0.248002,0.199936,0.171854,0.024288,0.172664,0.209700,0.254737,0.339748,0.517518,-0.046639,0.186686,0.110677,0.384101,0.050556,0.383790,0.199920,0.242771,-0.076139,0.339846,0.243075,0.455208,0.037555,0.332849,0.109320,0.135539,0.069569,0.240040,0.159548,0.125430,0.090567,0.201389,0.116158,0.204949,-0.036961,0.136413,0.010667,0.271065,0.151695,0.345077,0.048122,0.283090,-0.051376,0.214427,-0.010262,0.013463,0.045769,0.324609
0.340805,0.248129,-0.019627,-0.017553,-0.174042,-0.035628,0.040143,-0.037337,-0.114214,-0.116962,0.210161,0.314285,0.272091,0.090538,0.458758,0.164357,0.281827,0.203376,0.056864,0.007379,0.480811,0.173650,0.160037,0.018858,-0.024447,-0.122514,0.379290,0.248802,0.412236,0.389862,0.524361,0.550100,0.284056,0.232585,0.103984,-0.036000,0.473716,0.178326,0.000000,0.245434,0.329276,0.333276,-0.148897,-0.018766,-0.148081,-0.151425,-0.198329,-0.012332,-0.044979,-0.054504,0.094879,0.129658,-0.022836,0.055964,0.238169,0.278669,0.295836,0.162257,0.088653,0.055165,0.032611,0.095891,0.080894,0.174083,0.007720,0.035933,-0.104225,-0.151680,-0.088820,-0.192552,0.140902,0.035144,0.192933,0.207415,0.136897,0.103221,0.213042,0.044040,0.200991,0.216915,0.232027,0.227715,-0.002196,0.193231,0.071356,0.213118,0.080828,0.322179,0.076419,0.040468
-0.015053,0.212220,-0.122682,-0.027455,-0.170051,-0.154930,-0.125765,-0.041707,-0.151252,-0.163676,0.107419,0.452170,0.067291,0.291469,0.297190,0.243919,-0.046350,0.212364,-0.040163,-0.025548,0.008004,0.176514,0.034811,0.013753,-0.105421,0.049824,0.254412,0.314520,0.231303,0.280944,0.177722,0.221871,0.086807,0.041143,0.067514,-0.017693,0.102624,0.349615,0.245434,0.000000,0.030532,0.086984,-0.080612,0.241454,0.087114,0.148797,0.025247,0.208165,0.037591,0.106237,0.186817,0.208929,0.001283,0.175971,0.262720,0.456491,-0.034255,0.134772,0.063982,0.126505,-0.158330,0.158512,0.083311,0.260638,0.008813,0.125022,0.063579,0.036570,-0.101093,-0.039143,0.066313,0.117650,-0.060647,0.151602,-0.037772,-0.065449,-0.169960,0.014667,-0.070451,0.089113,0.092944,0.213227,0.096503,0.217496,0.118333,0.230781,0.101359,0.189249,-0.039933,0.155567
0.489391,0.334777,-0.074614,-0.037969,-0.056275,0.040438,0.051651,-0.011674,-0.058218,0.021802,0.238839,0.210121,0.236129,0.185817,0.274361,0.322292,0.295534,0.256923,0.166107,0.209349,0.230022,0.149769,-0.013863,0.013260,0.108567,0.158037,0.314493,0.178035,0.428683,0.397122,0.505375,0.391593,0.468778,0.413620,0.001644,-0.031281,0.363377,0.150421,0.329276,0.030532,0.000000,0.322109,-0.007661,0.112117,-0.027582,-0.038704,-0.035018,0.093231,0.027792,-0.028216,-0.032494,0.043241,-0.050573,0.082177,-0.048807,0.038194,0.361413,0.353408,0.060300,0.015762,0.007333,0.054217,0.044694,0.164113,-0.173211,-0.013633,-0.010270,0.102733,0.159315,0.130077,0.186172,0.038435,0.207025,0.164130,0.141705,0.185841,0.164777,0.222786,0.123524,0.324948,0.268989,0.289562,0.083690,0.204691,0.020250,0.151005,-0.214907,0.077466,-0.155456,0.120111
0.201616,0.277826,-0.092779,-0.069881,0.015727,0.014983,-0.003706,-0.032042,-0.060170,0.030323,0.053181,0.126311,0.184484,0.066036,0.086708,0.273486,0.223389,0.263201,-0.052340,-0.002396,0.092309,0.214044,-0.065790,-0.043743,0.039118,0.116173,0.188082,0.148374,0.266504,0.373778,0.350424,0.324575,0.152298,0.160162,0.045639,0.062987,0.190289,0.152252,0.333276,0.086984,0.322109,0.000000,-0.058614,0.035977,-0.020822,-0.093040,-0.060518,0.029147,-0.042564,0.005280,-0.015479,0.106535,-0.119817,0.018664,0.044774,0.109196,0.200266,0.262872,0.097961,0.077316,0.011443,0.075664,0.050185,0.198102,0.000915,0.102217,-0.147866,-0.126344,-0.084599,-0.069284,0.155166,0.063029,0.116229,0.069023,0.101957,0.158868,0.105492,0.015669,0.163378,0.245349,0.087835,0.177626,-0.041460,0.113698,-0.035787,0.135572,-0.077266,0.128662,-0.107448,0.022346
0.318055,0.349515,0.354068,0.318363,0.155910,0.214268,0.472789,0.300131,0.242454,0.206468,-0.020848,-0.011077,-0.081908,-0.008417,-0.106777,-0.078721,0.040757,0.149290,0.317007,0.280248,0.120697,0.034311,0.280812,0.298091,0.045565,0.050832,-0.006722,0.014957,-0.134506,0.024990,-0.147111,-0.162797,0.130564,0.167339,0.130614,-0.091023,-0.111275,0.050815,-0.148897,-0.080612,-0.007661,-0.058614,0.000000,0.672033,0.856840,0.851072,0.940755,0.791383,0.501954,0.489562,0.434702,0.343011,0.297489,0.249833,0.195928,0.284956,0.272902,0.373747,0.459743,0.395191,0.330533,0.254448,0.157599,0.266717,0.074996,0.032903,0.423580,0.393990,0.326788,0.328926,0.210927,0.326944,0.127463,0.014013,0.091902,0.139758,0.094841,0.217794,0.112673,0.087873,0.115259,0.045594,0.178283,0.100543,-0.074040,-0.230990,0.024011,-0.124498,0.199992,0.199117
0.284003,0.398367,-0.105907,-0.038621,-0.106483,-0.102935,0.073072,0.033962,-0.119023,-0.037780,0.126188,0.427929,0.202518,0.377906,0.115723,0.169564,0.084032,0.440900,0.126000,0.099728,-0.061045,-0.017016,-0.074343,-0.020024,-0.147415,0.210740,0.003691,0.160099,0.053656,0.248193,0.002422,-0.080519,0.270225,0.211875,-0.078942,-0.154574,0.069413,0.248002,-0.018766,0.241454,0.112117,0.035977,0.672033,0.000000,0.565093,0.726760,0.706409,1.016652,0.494917,0.541146,0.579441,0.523125,0.386879,0.588241,0.419094,0.566561,0.234849,0.373275,0.382892,0.265917,-0.040450,0.178200,0.081687,0.274806,0.037443,0.252611,0.264116,0.215036,0.173312,0.188036,-0.001791,0.072931,0.130952,0.183777,0.091198,0.114568,-0.040798,0.075950,0.128838,0.366100,0.236598,0.306639,0.233954,0.317184,0.035140,0.029782,-0.045385,-0.334644,0.079931,0.305452
0.097858,0.342771,0.351408,0.359770,0.198056,0.144184,0.440025,0.415547,0.273462,0.223404,-0.309287,0.172656,-0.170703,0.308247,-0.155675,0.092982,-0.237223,0.152213,0.167269,0.112270,-0.049266,0.145870,0.230199,0.357198,0.053265,0.072880,-0.066452,0.052321,-0.075205,0.123086,-0.180483,-0.102931,0.018742,0.111172,-0.042133,0.041254,-0.039578,0.199936,-0.148081,0.087114,-0.027582,-0.020822,0.856840,0.565093,0.000000,1.452641,0.561415,0.533402,0.704003,0.840471,0.418291,0.483354,0.132491,0.146011,0.099891,0.332500,-0.013121,0.300540,0.671403,0.753420,0.270483,0.533464,0.273095,0.391002,0.131355,0.339875,0.589719,0.522769,0.158685,0.181656,0.127903,0.334622,-0.070289,0.002737,-0.130543,0.030860,-0.126170,0.020448,-0.150134,-0.048999,-0.135983,-0.091408,0.264636,0.198767,-0.231216,-0.244232,0.130299,-0.031923,0.092050,0.330150
0.115002,0.312161,0.093504,0.133175,0.066842,0.022817,0.236025,0.184322,0.084111,0.110509,-0.218695,0.199889,-0.046899,0.353486,-0.076039,0.109851,-0.183671,0.261519,0.089117,0.065785,-0.005701,0.066139,0.019981,0.128283,-0.069487,0.128743,-0.051414,0.135630,-0.072802,0.207278,-0.182567,-0.127172,0.112686,0.118415,-0.051755,-0.032148,-0.036266,0.171854,-0.151425,0.148797,-0.038704,-0.093040,0.851072,0.726760,1.452641,0.000000,0.558790,0.664789,0.619524,0.812626,0.391973,0.455978,0.177713,0.188837,0.206667,0.404105,0.061095,0.308194,0.547959,0.685469,0.144127,0.405633,0.246139,0.414843,0.015459,0.223488,0.599693,0.626541,0.152623,0.188890,0.090860,0.238111,-0.016706,0.073951,-0.033680,-0.003383,-0.167270,0.015930,-0.107983,-0.020471,-0.085946,0.015085,0.237406,0.267678,-0.203241,-0.177418,0.012072,-0.164606,0.004389,0.289522
0.134970,0.232690,0.255029,0.325263,0.184404,0.161989,0.269708,0.327959,0.221047,0.205981,0.085203,0.010974,-0.004620,0.101870,-0.095899,-0.005715,-0.042844,-0.032709,0.249477,0.160437,-0.012848,-0.154127,0.214031,0.272021,0.115340,0.121218,-0.104628,-0.062612,-0.143836,-0.142357,-0.296354,-0.170396,-0.055204,-0.011523,0.083287,-0.071371,-0.133433,0.024288,-0.198329,0.025247,-0.035018,-0.060518,0.940755,0.706409,0.561415,0.558790,0.000000,1.004062,0.280281,0.311271,0.475539,0.284031,0.517467,0.476113,0.462677,0.387351,0.091172,0.189461,0.416268,0.346512,0.203807,0.195915,0.055199,0.092666,0.220198,0.187551,0.386910,0.261921,0.348071,0.295714,0.048360,0.226167,0.048951,-0.009236,-0.156971,0.058583,-0.053068,0.038354,-0.033167,0.071964,0.026056,-0.028430,0.280561,-0.003381,0.054481,-0.205642,0.173470,-0.261016,0.252184,0.208402
0.289862,0.393975,0.023159,0.128530,-0.092686,-0.056232,0.107260,0.075411,-0.091057,-0.008298,0.287732,0.280085,0.222934,0.226010,0.101725,0.122867,0.046930,0.250808,0.274329,0.220173,0.078514,0.017068,0.120996,0.126715,-0.105657,0.108614,0.021731,0.112277,0.031817,0.157963,-0.003273,0.007543,0.187470,0.195464,0.075322,-0.130064,0.087542,0.172664,-0.012332,0.208165,0.093231,0.029147,0.791383,1.016652,0.533402,0.664789,1.004062,0.000000,0.209545,0.338094,0.464176,0.338029,0.409207,0.662056,0.618220,0.741300,0.303173,0.385975,0.322782,0.315860,0.057080,0.144316,0.072706,0.247515,0.158309,0.076487,0.296952,0.216365,0.173240,0.230667,0.166411,0.199285,0.105928,0.053493,0.085939,0.146635,-0.026802,0.070959,0.077944,0.209673,0.205882,0.266422,0.236130,0.243351,0.192906,0.081443,0.014053,-0.138420,0.111023,0.242946
