0.000000,1.355672,0.621815,0.523727,0.477396,0.459433,0.700796,0.621318,0.371201,0.333446,0.675190,0.724570,0.592762,0.628566,0.409071,0.369530,0.641852,0.371410,0.800794,0.639321,0.281597,0.292617,0.486931,0.462038,0.426261,0.377821,0.448188,0.470273,0.267934,0.305019,0.572003,0.480129,0.621510,0.483706,0.065890,-0.061136,-0.076310,-0.244110,0.044875,-0.120004,-0.146853,0.108574,0.170853,0.055957,0.070179,0.084032,0.145064,0.094422,0.137020,0.223419,0.092781,0.224079,0.222284,0.163549,0.218455,0.246588,1.290663,1.149671,0.753929,0.638168,0.739952,0.542819,0.454972,0.449912,0.149310,0.254833,0.222796,0.227606,0.748864,0.494521,0.330237,0.423285,0.481788,0.482954,0.444690,0.243931,0.081426,0.075659,0.106655,0.035419,0.327234,0.278601,0.056328,0.071786,0.172882,0.077429,0.220314,0.178470,0.379110,0.423702
1.355672,0.000000,0.503660,0.489586,0.425879,0.413636,0.541819,0.574070,0.351173,0.229885,0.504622,0.723747,0.493558,0.648397,0.337374,0.356418,0.774283,0.455854,0.877394,0.815051,0.280184,0.286889,0.330031,0.353702,0.353348,0.334204,0.388854,0.434668,0.340137,0.338274,0.487617,0.412909,0.726340,0.667105,0.010531,-0.058334,0.043963,-0.206912,0.057594,-0.089097,-0.120653,0.054623,0.369783,0.240853,0.228027,0.304491,0.326543,0.260886,0.264856,0.360939,0.210261,0.313550,0.373157,0.301213,0.333517,0.426076,1.569386,1.734423,0.815272,0.697532,0.638728,0.474054,0.429329,0.497575,0.074054,0.237426,0.299268,0.383477,0.912140,0.624654,0.184705,0.241100,0.475691,0.436451,0.425792,0.176084,0.220423,0.225123,0.224522,0.143210,0.477408,0.487974,0.087476,0.119524,0.152172,0.111799,0.253153,0.216299,0.408985,0.532740
0.621815,0.503660,0.000000,1.180136,0.618515,0.400510,1.073911,0.831476,0.350139,0.159778,0.296014,0.285101,0.298468,0.266793,0.346861,0.236280,0.114975,-0.064654,0.728338,0.567637,0.419103,0.438495,1.257116,1.109298,0.584558,0.481891,0.557765,0.451672,0.053391,0.052932,0.826078,0.662607,0.347379,0.246089,0.180897,0.135740,-0.127665,-0.047237,0.110376,0.062134,-0.134743,0.186117,0.158654,0.025595,-0.018120,-0.054420,0.137015,0.155220,0.037273,0.071435,-0.030131,0.040960,0.089077,0.086574,0.217737,0.317448,0.468531,0.547791,0.354819,0.460607,0.338473,0.370475,0.251563,0.096872,-0.076193,0.065147,0.292411,0.168392,0.560157,0.455102,0.237826,0.271651,0.317643,0.225227,0.381665,0.359009,0.133710,0.100340,-0.084318,-0.072729,-0.019950,-0.016782,0.210659,0.000703,0.218732,-0.048623,0.317438,0.368951,0.596579,0.608997
0.523727,0.489586,1.180136,0.000000,0.628461,0.559849,0.884803,1.260142,0.554093,0.365058,0.344703,0.406708,0.358982,0.459489,0.425843,0.433379,0.211054,0.069095,0.677687,0.701282,0.476764,0.348054,1.041961,1.288860,0.563199,0.646132,0.480985,0.461623,0.108799,0.214899,0.833477,0.712291,0.462311,0.378067,0.264019,0.335485,-0.097147,0.085033,0.108749,0.064254,-0.100905,0.154038,0.259916,0.089335,0.166942,0.174518,0.205701,0.228858,0.102892,0.189103,0.042420,0.115692,0.153831,0.148341,0.220239,0.301399,0.449582,0.539777,0.287587,0.589905,0.325821,0.699244,0.255079,0.238322,0.093913,0.331571,0.466814,0.408774,0.547666,0.551561,0.259768,0.234026,0.287202,0.320510,0.430439,0.466891,0.226288,0.261987,-0.080555,0.089879,0.137335,0.201578,0.143362,0.004120,0.232375,0.143946,0.258626,0.209301,0.559182,0.662771
0.477396,0.425879,0.618515,0.628461,0.000000,0.844257,0.564299,0.673118,0.908693,0.444893,0.437741,0.472392,0.499187,0.470291,0.593569,0.728525,0.412069,0.395557,0.426732,0.502211,0.604084,0.458453,0.650579,0.537733,0.879169,0.741241,0.783577,0.777498,0.419182,0.534996,1.078563,0.625398,0.497340,0.400006,0.275295,0.288772,0.029546,0.017062,0.102973,0.022756,-0.197262,0.377528,0.335711,0.130359,0.199224,0.112168,0.307875,0.346707,0.120976,0.172277,0.125822,0.139090,0.261729,0.214739,0.181670,0.145897,0.393772,0.463367,0.251846,0.325680,0.318545,0.412027,0.377343,0.300762,0.128107,0.174236,0.420427,0.242862,0.531045,0.427862,0.316502,0.384522,0.417979,0.461738,0.403223,0.298213,0.155291,0.109868,0.017172,0.211394,0.314919,0.386630,0.154493,0.290983,0.293402,0.094471,0.181194,0.165615,0.354631,0.351234
0.459433,0.413636,0.400510,0.559849,0.844257,0.000000,0.356066,0.571858,0.658668,0.753785,0.237167,0.427905,0.342140,0.482355,0.356906,0.664666,0.319095,0.290742,0.286202,0.401191,0.610828,0.578146,0.494651,0.554447,0.829958,0.976087,0.701266,0.979430,0.188391,0.508401,0.752773,0.595046,0.429642,0.334524,0.449854,0.468149,-0.009473,0.176307,0.112000,0.013345,-0.240486,0.338426,0.181795,-0.028762,0.169808,0.089292,0.121528,0.132487,0.064603,0.046118,-0.000678,0.058867,0.141238,0.078409,0.088474,-0.014674,0.410282,0.476840,0.244151,0.350063,0.483199,0.615100,0.302475,0.276146,0.228685,0.378653,0.485109,0.350800,0.483044,0.533982,0.378414,0.403695,0.321518,0.444344,0.415577,0.364010,0.061599,0.150462,-0.174559,0.101380,0.166664,0.286719,-0.104591,0.071487,0.238008,0.199065,-0.012697,0.102080,0.390123,0.285052
0.700796,0.541819,1.073911,0.884803,0.564299,0.356066,0.000000,1.074801,0.530084,0.340173,0.481510,0.363764,0.477038,0.454195,0.587226,0.228316,0.146094,0.054018,0.809997,0.644144,0.192245,0.234102,1.014901,0.801029,0.532363,0.567819,0.467836,0.429018,0.098785,0.122474,0.687245,0.727853,0.462474,0.337321,0.099478,0.046661,-0.132697,-0.175350,0.114724,-0.047656,-0.132018,0.017734,0.089139,0.049183,0.008969,0.049556,0.094787,0.128789,0.112340,0.146098,0.002247,0.106143,0.056995,0.111112,0.256384,0.326741,0.429417,0.479996,0.463274,0.604285,0.334613,0.517013,0.261205,0.282301,0.058328,0.249261,0.309643,0.284901,0.378260,0.363994,0.384392,0.361686,0.231089,0.175620,0.362689,0.286965,0.106466,0.075219,0.079252,-0.025966,0.147707,0.106436,0.310862,0.128266,0.234395,0.011219,0.253747,0.323240,0.435135,0.540727
0.621318,0.574070,0.831476,1.260142,0.673118,0.571858,1.074801,0.000000,0.701700,0.570419,0.578517,0.656909,0.590355,0.775005,0.567455,0.580317,0.350462,0.210820,0.748428,0.744368,0.431391,0.292284,0.827226,0.941022,0.470171,0.620361,0.409392,0.437617,0.201932,0.330483,0.794537,0.713823,0.570296,0.496165,0.162750,0.233982,-0.065354,-0.045535,0.061490,-0.086902,-0.137562,0.146241,0.222361,0.064522,0.163142,0.195140,0.151517,0.197571,0.168136,0.251135,0.056551,0.171835,0.193888,0.175765,0.245245,0.259247,0.496024,0.538936,0.386634,0.738059,0.387123,0.991285,0.309787,0.425026,0.170966,0.437780,0.386318,0.416107,0.418930,0.430440,0.374215,0.378112,0.331673,0.386888,0.489691,0.496099,0.241402,0.251891,0.025337,0.081414,0.281990,0.284708,0.217070,0.193445,0.199173,0.133388,0.219059,0.109377,0.457252,0.593790
0.371201,0.351173,0.350139,0.554093,0.908693,0.658668,0.530084,0.701700,0.000000,0.714317,0.647255,0.520941,0.785845,0.690575,0.757356,0.585963,0.313831,0.305116,0.276782,0.400239,0.378442,0.275713,0.541673,0.406171,0.676404,0.718406,0.369602,0.435139,0.259517,0.411761,0.611328,0.357951,0.338374,0.259997,0.334301,0.466019,0.083429,0.003503,0.057354,-0.074344,-0.326454,0.166637,0.222187,0.060053,0.166358,0.152338,0.115291,0.236145,0.161924,0.270209,0.158591,0.173344,0.200942,0.217785,0.148595,0.098109,0.281820,0.307871,0.241430,0.403457,0.334524,0.566722,0.325963,0.228487,0.366356,0.397692,0.469846,0.317921,0.324614,0.412249,0.351472,0.290712,0.236641,0.241128,0.262155,0.387366,0.256261,0.207579,0.022682,0.321834,0.261480,0.420215,0.070634,0.086171,0.241357,0.277386,0.089918,0.056799,0.371787,0.429045
0.333446,0.229885,0.159778,0.365058,0.444893,0.753785,0.340173,0.570419,0.714317,0.000000,0.483082,0.372788,0.437170,0.534041,0.396508,0.492831,0.207348,0.120488,0.198336,0.172270,0.282811,0.273674,0.295941,0.307800,0.446815,0.692026,0.256948,0.411044,-0.028166,0.377852,0.390338,0.335284,0.201174,0.135183,0.146761,0.171768,-0.058826,0.051723,-0.090345,-0.240145,-0.353932,0.051668,-0.065023,-0.170911,-0.031707,0.005901,-0.152764,-0.106467,-0.061884,0.080174,-0.073342,-0.002360,0.029163,0.042267,-0.037827,-0.166038,0.208396,0.198050,0.124693,0.284947,0.284249,0.696768,0.122283,0.232166,0.438339,0.432238,0.138668,0.102192,0.141317,0.223656,0.451411,0.406677,0.144919,0.213316,0.219744,0.269843,0.012827,-0.016440,-0.169284,0.080184,0.035652,0.167059,-0.139817,-0.026255,0.117357,0.196920,-0.098498,-0.174947,0.196492,0.196215
0.675190,0.504622,0.296014,0.344703,0.437741,0.237167,0.481510,0.578517,0.647255,0.483082,0.000000,0.781075,0.984017,0.788634,0.667444,0.451498,0.547848,0.350856,0.469764,0.354701,0.156830,-0.036357,0.378101,0.275906,0.252959,0.273822,0.111115,0.127771,0.330212,0.425820,0.467882,0.304522,0.366137,0.309238,0.086675,0.047593,-0.050517,-0.237560,-0.060660,-0.142771,-0.169488,0.118244,0.119324,0.025927,0.041230,0.048262,-0.002492,0.089423,0.099446,0.272423,0.145566,0.214431,0.191634,0.155794,0.105438,0.063636,0.471051,0.419167,0.265559,0.332563,0.301627,0.505099,0.264189,0.272604,0.394480,0.319221,0.136664,0.105344,0.234580,0.200436,0.296832,0.323776,0.411643,0.291062,0.355573,0.273393,0.167428,-0.015219,0.162963,0.240290,0.310369,0.277394,0.108875,0.092818,0.125062,0.154235,0.117733,-0.126306,0.169814,0.271109
0.724570,0.723747,0.285101,0.406708,0.472392,0.427905,0.363764,0.656909,0.520941,0.372788,0.781075,0.000000,0.891463,1.262792,0.398367,0.691748,0.680227,0.651596,0.374932,0.546404,0.281301,0.149331,0.202283,0.278575,0.268414,0.264190,0.186348,0.293519,0.482034,0.541726,0.509896,0.236482,0.616455,0.649689,0.093377,0.163491,-0.002074,-0.172156,-0.074898,-0.214481,-0.230687,0.269454,0.309131,0.181238,0.264721,0.296229,0.194703,0.290241,0.423662,0.590810,0.283686,0.522903,0.380845,0.389546,0.261714,0.297143,0.622674,0.636367,0.547507,0.591645,0.574661,0.762300,0.637137,0.756381,0.186004,0.389119,0.325072,0.387843,0.420751,0.314596,0.308866,0.263760,0.495606,0.457786,0.467029,0.473264,0.199445,0.311590,0.100996,0.237172,0.454385,0.478694,0.008583,0.220333,0.050022,0.134447,0.078450,-0.099160,0.219183,0.360501
0.592762,0.493558,0.298468,0.358982,0.499187,0.342140,0.477038,0.590355,0.785845,0.437170,0.984017,0.891463,0.000000,1.041702,0.710202,0.476327,0.410132,0.376767,0.382445,0.420001,0.210335,0.039559,0.320309,0.242780,0.236874,0.252400,0.136615,0.178877,0.385084,0.389195,0.439771,0.143176,0.431473,0.342961,0.062267,0.129527,-0.022928,-0.131005,-0.061270,-0.210987,-0.259284,0.172358,0.117225,-0.022393,0.013612,-0.007712,0.019304,0.132883,0.206887,0.301030,0.145232,0.302133,0.178770,0.177365,0.046967,0.046575,0.364328,0.401489,0.354603,0.424987,0.568903,0.541333,0.781952,0.582592,0.293431,0.291588,0.270798,0.214636,0.360628,0.338088,0.209262,0.181621,0.358849,0.266657,0.303258,0.284373,0.150666,0.070332,0.026690,0.205363,0.307200,0.308261,0.025249,0.159230,0.025035,0.145541,0.068065,-0.088913,0.200223,0.332402
0.628566,0.648397,0.266793,0.459489,0.470291,0.482355,0.454195,0.775005,0.690575,0.534041,0.788634,1.262792,1.041702,0.000000,0.470295,0.691489,0.571635,0.493611,0.416301,0.639056,0.313147,0.124000,0.286369,0.339755,0.271190,0.345021,0.130098,0.235246,0.357039,0.542237,0.484002,0.305921,0.608765,0.610298,0.081448,0.172906,-0.061604,-0.148824,-0.054628,-0.203306,-0.195166,0.198980,0.236104,0.070324,0.142210,0.193744,0.111562,0.226636,0.257664,0.433566,0.173791,0.373102,0.311194,0.345478,0.142642,0.173586,0.529139,0.562143,0.424930,0.539264,0.473470,0.713144,0.560565,0.726173,0.189224,0.420922,0.348457,0.415015,0.420077,0.385732,0.317185,0.256822,0.448041,0.419450,0.437261,0.388123,0.229485,0.265015,0.082425,0.256487,0.459357,0.438950,0.023658,0.189978,0.036360,0.219709,0.000276,-0.148638,0.206362,0.343820
0.409071,0.337374,0.346861,0.425843,0.593569,0.356906,0.587226,0.567455,0.757356,0.396508,0.667444,0.398367,0.710202,0.470295,0.000000,0.650040,0.347634,0.262546,0.451070,0.394415,0.221381,0.224960,0.493680,0.391603,0.394013,0.488144,0.326379,0.321188,0.375540,0.446910,0.560073,0.393969,0.353203,0.223681,0.295944,0.140798,0.148303,0.038042,0.141099,-0.009833,-0.089524,0.039492,0.146220,0.087097,0.082028,0.095058,0.089824,0.113689,0.139116,0.144681,0.074161,0.063133,0.110768,0.146655,0.238269,0.208769,0.223252,0.276719,0.137421,0.215615,0.189016,0.462089,0.222031,0.204093,0.385327,0.327248,0.289633,0.151205,0.246306,0.363455,0.229246,0.092796,0.254816,0.144303,0.214630,0.151088,0.174422,0.150254,0.163524,0.196770,0.179637,0.359739,0.149870,0.157537,0.314521,0.157246,0.169626,0.178880,0.308816,0.340935
0.369530,0.356418,0.236280,0.433379,0.728525,0.664666,0.228316,0.580317,0.585963,0.492831,0.451498,0.691748,0.476327,0.691489,0.650040,0.000000,0.522701,0.567654,0.246236,0.461311,0.503463,0.322855,0.288582,0.391481,0.393893,0.437141,0.402365,0.435855,0.472246,0.855715,0.672607,0.457516,0.534206,0.458781,0.288526,0.182672,0.131219,0.124736,0.102152,-0.066962,-0.048285,0.388489,0.289656,0.103142,0.231684,0.222433,0.193391,0.191864,0.186342,0.253606,0.135214,0.123785,0.230324,0.214436,0.193110,0.114501,0.355480,0.372488,0.136651,0.191093,0.220931,0.600852,0.300210,0.394298,0.275210,0.348714,0.361758,0.231372,0.385701,0.349488,0.229580,0.223013,0.513390,0.516385,0.426102,0.384505,0.168873,0.242373,0.114385,0.296080,0.354275,0.510011,-0.045730,0.272612,0.260569,0.209542,0.070456,-0.084303,0.203991,0.150856
0.641852,0.774283,0.114975,0.211054,0.412069,0.319095,0.146094,0.350462,0.313831,0.207348,0.547848,0.680227,0.410132,0.571635,0.347634,0.522701,0.000000,0.745622,0.538766,0.553617,0.299116,0.077833,0.035926,0.100499,0.257688,0.157847,0.268615,0.341478,0.695490,0.595767,0.357781,0.219281,0.602358,0.694030,0.034723,-0.007676,0.133130,-0.082476,0.064248,-0.062518,-0.055054,0.086625,0.529284,0.350684,0.429198,0.457445,0.408644,0.389476,0.318700,0.382689,0.371368,0.336878,0.528536,0.356191,0.283750,0.291839,0.826220,0.755542,0.407901,0.329776,0.318855,0.328800,0.273549,0.426351,0.166763,0.229573,0.267997,0.309564,0.517135,0.334921,0.069080,0.122309,0.484275,0.504048,0.271912,0.078648,0.248391,0.270526,0.425193,0.416389,0.750014,0.641350,0.075059,0.175978,0.120315,0.157706,0.131622,-0.062064,0.115327,0.251690
0.371410,0.455854,-0.064654,0.069095,0.395557,0.290742,0.054018,0.210820,0.305116,0.120488,0.350856,0.651596,0.376767,0.493611,0.262546,0.567654,0.745622,0.000000,0.116618,0.341520,0.115709,0.027875,-0.106830,-0.014095,0.235015,0.144161,0.121863,0.180759,0.545760,0.755412,0.333386,0.188662,0.663404,0.724888,0.076920,0.080487,0.030809,-0.076189,-0.056620,-0.251610,-0.035570,0.334674,0.313003,0.250743,0.305830,0.371969,0.231801,0.254230,0.295690,0.410880,0.243618,0.356960,0.286346,0.370966,0.081199,0.118746,0.407908,0.399118,0.268616,0.181482,0.244518,0.284378,0.306895,0.585611,0.056484,0.255311,0.246170,0.309551,0.246519,0.080292,0.231781,0.185324,0.388107,0.401701,0.267390,0.205822,0.090969,0.250687,0.240185,0.554169,0.612409,0.839571,-0.124935,0.323720,0.026713,0.127092,-0.084065,-0.141574,-0.103927,0.016260
0.800794,0.877394,0.728338,0.677687,0.426732,0.286202,0.809997,0.748428,0.276782,0.198336,0.469764,0.374932,0.382445,0.416301,0.451070,0.246236,0.538766,0.116618,0.000000,1.066191,0.295669,0.245749,0.576671,0.530207,0.326168,0.392581,0.478125,0.473909,0.225984,0.124450,0.608471,0.572778,0.582488,0.470715,0.007404,-0.031610,0.066781,-0.088221,0.154421,0.050869,-0.035604,-0.052868,0.280964,0.152126,0.139406,0.164229,0.298986,0.240592,0.086404,0.056424,0.051942,0.053759,0.260147,0.187729,0.379512,0.382236,0.750444,0.809984,0.486685,0.529467,0.347838,0.441996,0.255815,0.312538,0.087071,0.104865,0.252793,0.325398,0.662108,0.575418,0.060866,0.197598,0.403348,0.320336,0.409384,0.128221,0.307857,0.182823,0.250571,0.047095,0.412852,0.257309,0.277526,0.111117,0.227022,-0.107222,0.333107,0.287749,0.436381,0.616120
0.639321,0.815051,0.567637,0.701282,0.502211,0.401191,0.644144,0.744368,0.400239,0.172270,0.354701,0.546404,0.420001,0.639056,0.394415,0.461311,0.553617,0.341520,1.066191,0.000000,0.362154,0.229935,0.472478,0.481014,0.394957,0.432671,0.412945,0.449072,0.433447,0.404539,0.631001,0.511005,0.759917,0.671326,0.167336,0.235154,0.139536,0.098284,0.293246,0.175499,0.036770,0.154116,0.503358,0.307204,0.331495,0.326522,0.494208,0.462237,0.278388,0.291642,0.237356,0.312666,0.420935,0.380607,0.449258,0.457601,0.711666,0.803855,0.522454,0.654750,0.376736,0.467639,0.422794,0.491277,0.046813,0.226902,0.661730,0.681038,0.814326,0.795931,0.049675,0.070512,0.469074,0.371447,0.473931,0.330591,0.453828,0.424398,0.306362,0.228176,0.608171,0.570066,0.201963,0.244293,0.357251,0.122552,0.256770,0.209749,0.488530,0.684255
0.281597,0.280184,0.419103,0.476764,0.604084,0.610828,0.192245,0.431391,0.378442,0.282811,0.156830,0.281301,0.210335,0.313147,0.221381,0.503463,0.299116,0.115709,0.295669,0.362154,0.000000,0.722100,0.401304,0.483162,0.640093,0.518735,0.670982,0.643114,0.108258,0.308148,0.638404,0.445382,0.285769,0.267621,0.328595,0.288806,0.118186,0.149982,0.048740,0.041289,-0.192996,0.313014,0.243677,0.082861,0.178109,0.131316,0.190744,0.230820,0.178628,0.159899,0.208251,0.219337,0.296486,0.180190,0.177240,0.112336,0.274638,0.307322,0.246078,0.293694,0.299266,0.339905,0.305317,0.172777,0.028330,0.149316,0.336479,0.272047,0.416441,0.407108,0.263091,0.282716,0.446607,0.565192,0.476391,0.515986,0.277183,0.335710,-0.181383,0.091463,0.137258,0.235498,0.031326,0.086275,0.280551,0.131479,0.088742,0.041978,0.388467,0.320236
0.292617,0.286889,0.438495,0.348054,0.458453,0.578146,0.234102,0.292284,0.275713,0.273674,-0.036357,0.149331,0.039559,0.124000,0.224960,0.322855,0.077833,0.027875,0.245749,0.229935,0.722100,0.000000,0.350164,0.400557,0.574195,0.582531,0.641346,0.600211,0.002430,0.156126,0.517155,0.401852,0.268614,0.172271,0.405549,0.271288,0.074514,0.056321,0.039806,0.007505,-0.254821,0.183814,0.042885,-0.029218,0.025864,-0.001370,0.063674,0.045466,0.055908,-0.050026,-0.037485,0.000346,0.069591,0.045951,0.169887,0.134297,0.198573,0.288127,0.215974,0.240200,0.298660,0.372073,0.208104,0.055925,0.054384,0.086291,0.253085,0.171668,0.353240,0.303985,0.351540,0.332284,0.240163,0.325383,0.258536,0.358211,0.158121,0.234923,-0.228978,-0.159156,-0.077452,0.080523,0.039417,0.102216,0.279810,-0.050814,0.069282,0.281604,0.403034,0.247458
0.486931,0.330031,1.257116,1.041961,0.650579,0.494651,1.014901,0.827226,0.541673,0.295941,0.378101,0.202283,0.320309,0.286369,0.493680,0.288582,0.035926,-0.106830,0.576671,0.472478,0.401304,0.350164,0.000000,1.281747,0.720079,0.685604,0.631979,0.556145,-0.004250,0.062795,0.880821,0.857379,0.274250,0.134250,0.335836,0.311734,-0.060049,0.012535,0.226074,0.157210,-0.079962,0.241599,0.077754,-0.110910,-0.063594,-0.119589,0.041472,0.059317,-0.081938,-0.055798,-0.099200,-0.099218,-0.006306,-0.051260,0.152356,0.165005,0.351205,0.379585,0.187455,0.363428,0.240950,0.400411,0.059605,-0.065624,0.083955,0.161558,0.344042,0.152736,0.383169,0.424790,0.316902,0.376822,0.244740,0.213893,0.365361,0.360602,0.146863,0.062476,-0.116505,-0.062776,-0.073158,-0.045549,0.179187,-0.091671,0.259656,0.016562,0.243829,0.266034,0.557910,0.486229
0.462038,0.353702,1.109298,1.288860,0.537733,0.554447,0.801029,0.941022,0.406171,0.307800,0.275906,0.278575,0.242780,0.339755,0.391603,0.391481,0.100499,-0.014095,0.530207,0.481014,0.483162,0.400557,1.281747,0.000000,0.653910,0.721632,0.586869,0.512133,0.004104,0.164656,0.888994,0.925558,0.404989,0.283631,0.357057,0.321981,-0.092543,0.066925,0.136515,0.085377,-0.039814,0.254902,0.112594,-0.054780,0.003202,-0.005406,0.025589,0.074957,-0.061527,-0.040097,-0.112419,-0.073085,-0.082150,-0.059615,0.081151,0.147622,0.358076,0.416931,0.130631,0.339016,0.269150,0.585576,0.088440,0.049246,0.081196,0.347028,0.369316,0.272696,0.437178,0.485069,0.344406,0.304107,0.301085,0.262017,0.398600,0.406863,0.137052,0.187609,-0.097965,0.029158,0.021582,0.048921,0.179498,-0.033068,0.197774,0.074389,0.306897,0.189463,0.410132,0.423342
0.426261,0.353348,0.584558,0.563199,0.879169,0.829958,0.532363,0.470171,0.676404,0.446815,0.252959,0.268414,0.236874,0.271190,0.394013,0.393893,0.257688,0.235015,0.326168,0.394957,0.640093,0.574195,0.720079,0.653910,0.000000,1.242722,1.001611,1.007994,0.082757,0.300368,0.890302,0.759063,0.373261,0.283535,0.541045,0.437368,0.066317,0.147450,0.255778,0.153815,-0.258226,0.307248,0.209912,0.100840,0.140607,0.103131,0.177556,0.228424,0.081148,0.093167,0.100389,0.128869,0.115777,0.148266,0.188475,0.171495,0.350469,0.398658,0.279189,0.374770,0.353916,0.361737,0.195448,0.117315,0.175619,0.322787,0.571197,0.388566,0.393011,0.443935,0.515735,0.494367,0.248280,0.315239,0.326011,0.395921,0.201820,0.224754,-0.074171,0.093318,0.115540,0.279351,0.075328,0.076963,0.456506,0.180760,0.148812,0.314562,0.514015,0.417834
0.377821,0.334204,0.481891,0.646132,0.741241,0.976087,0.567819,0.620361,0.718406,0.692026,0.273822,0.264190,0.252400,0.345021,0.488144,0.437141,0.157847,0.144161,0.392581,0.432671,0.518735,0.582531,0.685604,0.721632,1.242722,0.000000,0.816145,0.907221,-0.002246,0.295948,0.854738,0.884372,0.404548,0.273853,0.548291,0.499300,0.027974,0.136984,0.207464,0.133538,-0.269265,0.210468,0.088506,0.007472,0.081725,0.085515,0.072810,0.137161,-0.059347,-0.020037,-0.084082,-0.019011,-0.012178,0.045398,0.126742,0.106819,0.277967,0.366405,0.189458,0.407842,0.304981,0.595784,0.129293,0.170072,0.271865,0.477663,0.520815,0.409452,0.337826,0.504853,0.531237,0.502941,0.159732,0.249273,0.307997,0.416023,0.143443,0.171909,-0.146358,0.018608,0.066047,0.250016,0.049782,0.096404,0.394186,0.158912,0.117222,0.312641,0.485260,0.387272
0.448188,0.388854,0.557765,0.480985,0.783577,0.701266,0.467836,0.409392,0.369602,0.256948,0.111115,0.186348,0.136615,0.130098,0.326379,0.402365,0.268615,0.121863,0.478125,0.412945,0.670982,0.641346,0.631979,0.586869,1.001611,0.816145,0.000000,1.410795,0.199957,0.238583,0.727104,0.700951,0.353855,0.251136,0.296447,0.214452,0.189646,0.198111,0.307156,0.258398,-0.045839,0.205627,0.224798,0.065292,0.207108,0.078454,0.302948,0.200326,0.114399,0.004643,0.159919,0.041308,0.150545,0.052530,0.324351,0.236220,0.364784,0.407156,0.325528,0.347308,0.339173,0.322401,0.208157,0.105567,0.134611,0.171399,0.391945,0.288854,0.483947,0.453208,0.303931,0.437310,0.279699,0.462463,0.302601,0.163392,0.152630,0.103141,-0.024117,0.011136,0.161966,0.168459,0.200926,0.206784,0.376482,0.021062,0.294474,0.350949,0.389853,0.320835
0.470273,0.434668,0.451672,0.461623,0.777498,0.979430,0.429018,0.437617,0.435139,0.411044,0.127771,0.293519,0.178877,0.235246,0.321188,0.435855,0.341478,0.180759,0.473909,0.449072,0.643114,0.600211,0.556145,0.512133,1.007994,0.907221,1.410795,0.000000,0.204009,0.253703,0.692466,0.657007,0.380668,0.314139,0.276146,0.250939,0.233781,0.193872,0.269514,0.189183,-0.052098,0.189177,0.282324,0.100660,0.310441,0.185770,0.320787,0.257067,0.173910,0.091354,0.181893,0.121335,0.230814,0.118928,0.341606,0.208354,0.426696,0.456766,0.365633,0.384130,0.409108,0.395921,0.242080,0.196919,0.202617,0.239148,0.455626,0.373562,0.461277,0.466571,0.276672,0.443610,0.295644,0.496421,0.364527,0.186859,0.127152,0.167934,-0.066276,0.069794,0.237236,0.270797,0.158675,0.162405,0.385309,0.134861,0.180916,0.303442,0.416351,0.381051
0.267934,0.340137,0.053391,0.108799,0.419182,0.188391,0.098785,0.201932,0.259517,-0.028166,0.330212,0.482034,0.385084,0.357039,0.375540,0.472246,0.695490,0.545760,0.225984,0.433447,0.108258,0.002430,-0.004250,0.004104,0.082757,-0.002246,0.199957,0.204009,0.000000,0.753468,0.250968,-0.007416,0.455335,0.498909,0.069754,0.104092,0.365474,0.219200,0.334740,0.228649,0.169374,0.176862,0.662663,0.476762,0.542476,0.403460,0.646240,0.584288,0.504214,0.433762,0.486668,0.444000,0.483891,0.355964,0.454074,0.378424,0.345885,0.338386,0.253217,0.222812,0.180871,0.134793,0.361329,0.267230,0.098139,0.128080,0.442014,0.380181,0.357984,0.291122,-0.104485,-0.130670,0.430104,0.252791,0.087173,-0.051694,0.328384,0.165780,0.632395,0.318350,0.745643,0.527316,0.341063,0.486512,0.231249,0.172950,0.302681,0.027875,0.108176,0.205830
0.305019,0.338274,0.052932,0.214899,0.534996,0.508401,0.122474,0.330483,0.411761,0.377852,0.425820,0.541726,0.389195,0.542237,0.446910,0.855715,0.595767,0.755412,0.124450,0.404539,0.308148,0.156126,0.062795,0.164656,0.300368,0.295948,0.238583,0.253703,0.753468,0.000000,0.447259,0.271523,0.582532,0.598151,0.216111,0.164670,0.136125,0.219041,0.116902,-0.011243,-0.012026,0.334778,0.383146,0.264781,0.325037,0.301949,0.272246,0.292559,0.244496,0.316940,0.260367,0.291649,0.264740,0.283154,0.178247,0.179131,0.334564,0.365085,0.157694,0.185198,0.173340,0.352400,0.258704,0.373928,0.229687,0.370209,0.447272,0.389401,0.354673,0.310333,0.247151,0.094507,0.575369,0.366678,0.352915,0.266861,0.170555,0.190097,0.304534,0.530756,0.560823,0.771130,0.036674,0.369290,0.208958,0.276465,0.103375,-0.089771,0.074772,0.086108
0.572003,0.487617,0.826078,0.833477,1.078563,0.752773,0.687245,0.794537,0.611328,0.390338,0.467882,0.509896,0.439771,0.484002,0.560073,0.672607,0.357781,0.333386,0.608471,0.631001,0.638404,0.517155,0.880821,0.888994,0.890302,0.854738,0.727104,0.692466,0.250968,0.447259,0.000000,1.085291,0.730111,0.542219,0.354960,0.291028,-0.058207,0.000043,0.080634,-0.016915,-0.180282,0.410865,0.161733,-0.004037,0.025692,0.021911,0.123784,0.187658,-0.032325,0.021577,-0.087216,0.028297,0.104639,0.050903,0.088341,0.148149,0.457503,0.585216,0.187322,0.344848,0.284808,0.522009,0.322567,0.318239,0.029169,0.205772,0.387065,0.302307,0.561263,0.528071,0.435634,0.414873,0.451747,0.428184,0.449675,0.465025,0.205674,0.182336,0.019932,0.114436,0.205373,0.273583,0.114087,0.178377,0.152047,-0.109182,0.168220,0.144726,0.348125,0.339289
0.480129,0.412909,0.662607,0.712291,0.625398,0.595046,0.727853,0.713823,0.357951,0.335284,0.304522,0.236482,0.143176,0.305921,0.393969,0.457516,0.219281,0.188662,0.572778,0.511005,0.445382,0.401852,0.857379,0.925558,0.759063,0.884372,0.700951,0.657007,-0.007416,0.271523,1.085291,0.000000,0.640586,0.502338,0.307182,0.156508,-0.101001,-0.034142,0.087524,0.025510,-0.053229,0.256307,0.068010,-0.017420,-0.023751,0.051780,0.027558,0.075200,-0.201601,-0.153283,-0.234750,-0.189370,-0.104368,-0.114762,0.037666,0.112364,0.399511,0.515314,0.105278,0.275303,0.118302,0.465121,0.001936,0.187542,0.047846,0.318923,0.326733,0.311736,0.422623,0.417846,0.451434,0.495645,0.315535,0.360772,0.463433,0.349443,0.068534,0.086010,-0.003906,0.000423,0.093218,0.160349,0.149562,0.100213,0.164318,-0.042561,0.164477,0.166612,0.226920,0.185485
0.621510,0.726340,0.347379,0.462311,0.497340,0.429642,0.462474,0.570296,0.338374,0.201174,0.366137,0.616455,0.431473,0.608765,0.353203,0.534206,0.602358,0.663404,0.582488,0.759917,0.285769,0.268614,0.274250,0.404989,0.373261,0.404548,0.353855,0.380668,0.455335,0.582532,0.730111,0.640586,0.000000,1.403782,0.162331,0.094020,0.029667,0.006045,0.045466,-0.078402,0.030706,0.286214,0.342010,0.254963,0.276434,0.388635,0.279048,0.311170,0.170828,0.184826,0.098274,0.270182,0.205211,0.195794,0.115463,0.239741,0.629630,0.765303,0.415449,0.416416,0.379243,0.527500,0.463200,0.668858,0.134103,0.410612,0.543547,0.709079,0.728165,0.506283,0.267494,0.194619,0.501468,0.519346,0.441265,0.284107,0.308786,0.389553,0.337756,0.253688,0.648091,0.662772,0.101140,0.366711,0.015275,-0.002783,0.159558,0.052195,0.051423,0.222013
0.483706,0.667105,0.246089,0.378067,0.400006,0.334524,0.337321,0.496165,0.259997,0.135183,0.309238,0.649689,0.342961,0.610298,0.223681,0.458781,0.694030,0.724888,0.470715,0.671326,0.267621,0.172271,0.134250,0.283631,0.283535,0.273853,0.251136,0.314139,0.498909,0.598151,0.542219,0.502338,1.403782,0.000000,0.015245,0.056601,0.104229,-0.023868,-0.006572,-0.117546,0.016388,0.218901,0.472423,0.374800,0.394587,0.522310,0.389040,0.454838,0.264595,0.336553,0.233433,0.407586,0.333017,0.307864,0.216754,0.365775,0.591955,0.701604,0.413563,0.432177,0.259588,0.410980,0.406621,0.750789,0.037293,0.397723,0.488539,0.770912,0.580862,0.355430,0.239509,0.133490,0.514043,0.483993,0.434002,0.243465,0.323665,0.381316,0.307777,0.377426,0.746002,0.698094,0.157285,0.415478,-0.039131,0.040088,0.179179,0.014780,-0.006461,0.226083
0.065890,0.010531,0.180897,0.264019,0.275295,0.449854,0.099478,0.162750,0.334301,0.146761,0.086675,0.093377,0.062267,0.081448,0.295944,0.288526,0.034723,0.076920,0.007404,0.167336,0.328595,0.405549,0.335836,0.357057,0.541045,0.548291,0.296447,0.276146,0.069754,0.216111,0.354960,0.307182,0.162331,0.015245,0.000000,0.980343,0.114684,0.343917,0.318023,0.368088,-0.179027,0.436512,0.178539,0.131615,0.152098,0.067306,0.162630,0.218119,0.114353,-0.037859,0.012159,-0.022410,-0.021069,0.005263,0.125253,0.079762,0.055663,0.090726,0.022838,0.148935,0.216096,0.359699,0.036155,-0.140447,0.288423,0.367511,0.728198,0.353491,0.153906,0.342668,0.139454,0.076253,0.080271,0.032529,0.093289,0.486189,0.358578,0.410417,0.010875,-0.166546,-0.077969,0.083836,-0.128942,-0.069386,0.456310,0.154139,0.086715,0.185360,0.453233,0.214814
-0.061136,-0.058334,0.135740,0.335485,0.288772,0.468149,0.046661,0.233982,0.466019,0.171768,0.047593,0.163491,0.129527,0.172906,0.140798,0.182672,-0.007676,0.080487,-0.031610,0.235154,0.288806,0.271288,0.311734,0.321981,0.437368,0.499300,0.214452,0.250939,0.104092,0.164670,0.291028,0.156508,0.094020,0.056601,0.980343,0.000000,0.157613,0.351574,0.268813,0.346425,-0.207831,0.378899,0.264192,0.123057,0.240467,0.129857,0.222607,0.342606,0.130108,0.069350,0.106282,0.086008,0.050574,0.058031,0.153603,0.090408,-0.017531,0.015827,0.022874,0.240591,0.198850,0.375731,0.089147,-0.054717,0.282362,0.395671,0.772279,0.519159,0.109182,0.335077,0.033815,-0.039988,-0.014071,-0.013336,0.100200,0.543855,0.433282,0.446414,-0.104888,0.031062,0.041189,0.172453,-0.103206,-0.077639,0.294493,0.203281,0.057181,0.106266,0.422518,0.316838
-0.076310,0.043963,-0.127665,-0.097147,0.029546,-0.009473,-0.132697,-0.065354,0.083429,-0.058826,-0.050517,-0.002074,-0.022928,-0.061604,0.148303,0.131219,0.133130,0.030809,0.066781,0.139536,0.118186,0.074514,-0.060049,-0.092543,0.066317,0.027974,0.189646,0.233781,0.365474,0.136125,-0.058207,-0.101001,0.029667,0.104229,0.114684,0.157613,0.000000,0.531982,0.448039,0.359128,0.380461,-0.045279,0.360096,0.260467,0.411975,0.326999,0.345546,0.231316,0.328842,0.223025,0.422261,0.315322,0.297326,0.326996,0.572178,0.360736,0.054740,0.016951,0.131475,0.077057,0.049683,-0.018788,0.006024,-0.099397,0.306906,0.105323,0.304728,0.298460,0.070006,0.229676,-0.268343,-0.276053,0.187273,0.167983,0.058512,-0.045834,0.571547,0.326977,0.269247,0.143327,0.298751,0.280348,0.373223,0.327270,0.405004,0.290293,0.358794,0.164692,0.209854,0.361702
-0.244110,-0.206912,-0.047237,0.085033,0.017062,0.176307,-0.175350,-0.045535,0.003503,0.051723,-0.237560,-0.172156,-0.131005,-0.148824,0.038042,0.124736,-0.082476,-0.076189,-0.088221,0.098284,0.149982,0.056321,0.012535,0.066925,0.147450,0.136984,0.198111,0.193872,0.219200,0.219041,0.000043,-0.034142,0.006045,-0.023868,0.343917,0.351574,0.531982,0.000000,0.469954,0.675638,0.386546,0.119110,0.291800,0.195150,0.309433,0.137941,0.251727,0.172115,0.197979,0.040022,0.250101,0.135754,0.146159,0.105263,0.308634,0.123767,-0.156253,-0.160512,-0.095433,0.026031,-0.011043,0.055711,-0.030580,-0.150992,0.288991,0.157676,0.425185,0.338682,0.054739,0.228823,-0.169324,-0.211607,-0.013480,0.065218,-0.056976,-0.030263,0.330776,0.270876,0.027757,0.032454,0.054283,0.167211,0.129822,0.236656,0.459088,0.340227,0.166063,0.223723,0.280203,0.196871
0.044875,0.057594,0.110376,0.108749,0.102973,0.112000,0.114724,0.061490,0.057354,-0.090345,-0.060660,-0.074898,-0.061270,-0.054628,0.141099,0.102152,0.064248,-0.056620,0.154421,0.293246,0.048740,0.039806,0.226074,0.136515,0.255778,0.207464,0.307156,0.269514,0.334740,0.116902,0.080634,0.087524,0.045466,-0.006572,0.318023,0.268813,0.448039,0.469954,0.000000,0.923150,0.375590,0.206863,0.386282,0.317552,0.279061,0.129948,0.518559,0.333374,0.209807,0.033860,0.159549,0.122073,0.139276,0.102596,0.517957,0.301843,0.152319,0.103655,0.146294,0.166579,0.043214,-0.009357,0.009761,-0.145141,0.115702,0.056144,0.488226,0.294870,0.106447,0.207831,-0.121794,-0.036169,0.123810,0.016954,-0.054025,-0.072483,0.345797,0.261692,0.272688,-0.167562,0.195975,0.135355,0.242705,0.191946,0.545705,0.177541,0.518123,0.526810,0.483616,0.338387
-0.120004,-0.089097,0.062134,0.064254,0.022756,0.013345,-0.047656,-0.086902,-0.074344,-0.240145,-0.142771,-0.214481,-0.210987,-0.203306,-0.009833,-0.066962,-0.062518,-0.251610,0.050869,0.175499,0.041289,0.007505,0.157210,0.085377,0.153815,0.133538,0.258398,0.189183,0.228649,-0.011243,-0.016915,0.025510,-0.078402,-0.117546,0.368088,0.346425,0.359128,0.675638,0.923150,0.000000,0.468212,0.223988,0.391881,0.324984,0.319525,0.088817,0.483128,0.377855,0.134157,-0.036134,0.207098,0.021675,0.127980,-0.004155,0.388232,0.197386,0.008808,-0.016155,0.003906,0.072569,-0.047859,-0.092990,-0.122038,-0.299335,0.167952,0.027459,0.475126,0.270283,0.092986,0.224749,-0.155141,-0.067186,-0.007016,-0.013120,-0.115173,-0.068015,0.368030,0.229603,0.128791,-0.156558,0.109694,-0.001983,0.371666,0.243275,0.523565,0.244847,0.419344,0.499747,0.413109,0.244483
-0.146853,-0.120653,-0.134743,-0.100905,-0.197262,-0.240486,-0.132018,-0.137562,-0.326454,-0.353932,-0.169488,-0.230687,-0.259284,-0.195166,-0.089524,-0.048285,-0.055054,-0.035570,-0.035604,0.036770,-0.192996,-0.254821,-0.079962,-0.039814,-0.258226,-0.269265,-0.045839,-0.052098,0.169374,-0.012026,-0.180282,-0.053229,0.030706,0.016388,-0.179027,-0.207831,0.380461,0.386546,0.375590,0.468212,0.000000,-0.014808,0.169601,0.133659,0.270605,0.182985,0.202780,0.031466,0.058639,-0.018152,0.147717,0.015387,0.061281,0.005762,0.149752,0.033709,-0.035685,-0.107209,-0.154861,-0.190838,-0.183337,-0.228565,-0.155881,-0.121324,0.081290,-0.066385,0.022901,0.080062,-0.023120,-0.060047,-0.270846,-0.173607,0.115295,0.163979,-0.050622,-0.331200,0.074163,0.042927,0.242867,0.135288,0.226380,0.114352,0.381873,0.403166,0.096133,0.283779,0.187501,0.083255,-0.229368,-0.038057
0.108574,0.054623,0.186117,0.154038,0.377528,0.338426,0.017734,0.146241,0.166637,0.051668,0.118244,0.269454,0.172358,0.198980,0.039492,0.388489,0.086625,0.334674,-0.052868,0.154116,0.313014,0.183814,0.241599,0.254902,0.307248,0.210468,0.205627,0.189177,0.176862,0.334778,0.410865,0.256307,0.286214,0.218901,0.436512,0.378899,-0.045279,0.119110,0.206863,0.223988,-0.014808,0.000000,0.150314,0.066014,0.042311,-0.101685,0.144887,0.190933,0.072117,0.027397,0.003904,0.064776,0.059140,0.064966,-0.022045,-0.134153,0.124408,0.144869,0.052853,0.082567,0.241793,0.192662,0.202237,0.133110,-0.020022,0.097352,0.402270,0.135337,0.137034,0.057206,0.199169,0.234985,0.352103,0.257572,0.159506,0.458753,0.153216,0.183015,-0.006858,-0.091385,0.061688,0.120094,-0.081365,0.165235,0.208533,0.051347,-0.021883,-0.035479,0.178526,0.043607
0.170853,0.369783,0.158654,0.259916,0.335711,0.181795,0.089139,0.222361,0.222187,-0.065023,0.119324,0.309131,0.117225,0.236104,0.146220,0.289656,0.529284,0.313003,0.280964,0.503358,0.243677,0.042885,0.077754,0.112594,0.209912,0.088506,0.224798,0.282324,0.662663,0.383146,0.161733,0.068010,0.342010,0.472423,0.178539,0.264192,0.360096,0.291800,0.386282,0.391881,0.169601,0.150314,0.000000,1.284617,1.166704,0.943164,1.379691,1.410966,0.745370,0.663588,0.854483,0.515313,0.594823,0.438264,0.694287,0.686473,0.408725,0.386117,0.270894,0.296192,0.091987,0.087661,0.174656,0.125690,0.201445,0.209434,0.673345,0.628876,0.417434,0.305707,-0.273118,-0.235781,0.316970,0.280913,0.150367,0.043905,0.623047,0.467263,0.336058,0.317643,0.619263,0.560930,0.254064,0.234120,0.385392,0.312748,0.334347,0.211464,0.279056,0.403242
0.055957,0.240853,0.025595,0.089335,0.130359,-0.028762,0.049183,0.064522,0.060053,-0.170911,0.025927,0.181238,-0.022393,0.070324,0.087097,0.103142,0.350684,0.250743,0.152126,0.307204,0.082861,-0.029218,-0.110910,-0.054780,0.100840,0.007472,0.065292,0.100660,0.476762,0.264781,-0.004037,-0.017420,0.254963,0.374800,0.131615,0.123057,0.260467,0.195150,0.317552,0.324984,0.133659,0.066014,1.284617,0.000000,1.035801,1.054878,1.048880,1.248578,0.760655,0.678754,0.731704,0.532476,0.383005,0.423032,0.615535,0.718418,0.221402,0.213420,0.220781,0.206965,-0.038871,-0.020835,0.110986,0.129622,0.109451,0.202273,0.505264,0.557340,0.174674,0.096182,-0.207975,-0.304112,0.192041,0.131878,0.054364,0.035823,0.457038,0.453787,0.345473,0.193284,0.487580,0.475891,0.252229,0.249539,0.368050,0.266731,0.268822,0.245735,0.152302,0.281446
0.070179,0.228027,-0.018120,0.166942,0.199224,0.169808,0.008969,0.163142,0.166358,-0.031707,0.041230,0.264721,0.013612,0.142210,0.082028,0.231684,0.429198,0.305830,0.139406,0.331495,0.178109,0.025864,-0.063594,0.003202,0.140607,0.081725,0.207108,0.310441,0.542476,0.325037,0.025692,-0.023751,0.276434,0.394587,0.152098,0.240467,0.411975,0.309433,0.279061,0.319525,0.270605,0.042311,1.166704,1.035801,0.000000,1.303222,1.076505,0.958398,0.996231,0.734612,0.983454,0.587955,0.518575,0.406103,0.653550,0.631573,0.260433,0.184267,0.305121,0.357706,0.136952,0.186586,0.172150,0.164252,0.406142,0.381556,0.611325,0.730814,0.185268,0.125481,-0.215795,-0.173401,0.289554,0.360625,0.201123,0.042844,0.530729,0.477450,0.369799,0.375562,0.676714,0.598176,0.250537,0.320444,0.403963,0.440015,0.189380,0.169361,0.172656,0.363811
0.084032,0.304491,-0.054420,0.174518,0.112168,0.089292,0.049556,0.195140,0.152338,0.005901,0.048262,0.296229,-0.007712,0.193744,0.095058,0.222433,0.457445,0.371969,0.164229,0.326522,0.131316,-0.001370,-0.119589,-0.005406,0.103131,0.085515,0.078454,0.185770,0.403460,0.301949,0.021911,0.051780,0.388635,0.522310,0.067306,0.129857,0.326999,0.137941,0.129948,0.088817,0.182985,-0.101685,0.943164,1.054878,1.303222,0.000000,0.774890,0.814633,0.758576,0.749225,0.700778,0.548298,0.353738,0.421677,0.518194,0.677070,0.283589,0.264266,0.285035,0.325182,0.054477,0.225415,0.129162,0.294456,0.334611,0.477802,0.503743,0.784712,0.164388,0.123230,-0.171278,-0.243675,0.222225,0.262104,0.186057,0.043307,0.403125,0.511908,0.367438,0.424904,0.635617,0.683046,0.168688,0.263605,0.234634,0.415642,0.142552,0.060267,0.041324,0.324580
0.145064,0.326543,0.137015,0.205701,0.307875,0.121528,0.094787,0.151517,0.115291,-0.152764,-0.002492,0.194703,0.019304,0.111562,0.089824,0.193391,0.408644,0.231801,0.298986,0.494208,0.190744,0.063674,0.041472,0.025589,0.177556,0.072810,0.302948,0.320787,0.646240,0.272246,0.123784,0.027558,0.279048,0.389040,0.162630,0.222607,0.345546,0.251727,0.518559,0.483128,0.202780,0.144887,1.379691,1.048880,1.076505,0.774890,0.000000,1.326624,0.771794,0.591320,0.759015,0.453785,0.612072,0.430327,0.849732,0.761741,0.343969,0.326817,0.365504,0.376870,0.095537,0.042627,0.187006,0.134705,0.094209,0.098210,0.632905,0.575632,0.367585,0.239541,-0.247514,-0.148490,0.238452,0.232512,0.054868,-0.014712,0.550386,0.396532,0.390505,0.136134,0.555322,0.431428,0.272360,0.289627,0.442765,0.164471,0.346075,0.320030,0.363937,0.410880
0.094422,0.260886,0.155220,0.228858,0.346707,0.132487,0.128789,0.197571,0.236145,-0.106467,0.089423,0.290241,0.132883,0.226636,0.113689,0.191864,0.389476,0.254230,0.240592,0.462237,0.230820,0.045466,0.059317,0.074957,0.228424,0.137161,0.200326,0.257067,0.584288,0.292559,0.187658,0.075200,0.311170,0.454838,0.218119,0.342606,0.231316,0.172115,0.333374,0.377855,0.031466,0.190933,1.410966,1.248578,0.958398,0.814633,1.326624,0.000000,0.683844,0.618157,0.657678,0.463657,0.444082,0.382649,0.587774,0.654415,0.264362,0.275768,0.292104,0.340167,0.071677,0.072659,0.210624,0.175982,0.073814,0.159822,0.705430,0.670134,0.297147,0.250051,-0.173790,-0.195334,0.191502,0.157786,0.089473,0.151019,0.548738,0.435793,0.307340,0.226352,0.603406,0.476495,0.339660,0.272083,0.314160,0.167880,0.300616,0.217834,0.243822,0.337840
