0.000000,1.695692,1.028983,1.028640,0.725499,0.679306,1.031337,1.029577,0.650476,0.714206,1.389916,1.159676,1.092326,1.159519,1.020431,0.804252,1.033538,0.858242,1.393164,1.461623,0.434686,0.410071,0.738944,0.625216,0.567830,0.625423,0.632668,0.609984,0.696729,0.673407,0.447670,0.621900,1.061369,0.895658,0.634497,0.513431,0.510671,0.506574,0.534927,0.946730,0.437131,0.841607,0.806210,0.870791,0.693411,0.882934,0.988421,1.009983,0.768043,0.647620,0.712770,0.532054,0.720370,0.663837,0.923735,0.899118,1.273214,1.299590,1.176905,0.831694,1.051300,0.844258,0.992963,0.929664,0.513422,0.727835,1.044246,0.865727,1.275639,1.237247,0.062537,0.170409,1.166296,1.147056,1.104048,1.094527,0.863426,0.462874,0.845168,0.939240,1.032131,1.031888,0.925231,0.669232,1.011521,0.914181,0.700727,0.572629,0.879292,0.698177
1.695692,0.000000,0.819491,0.884184,0.592003,0.539435,0.856803,0.945007,0.543928,0.568400,1.242211,1.061433,0.930577,1.055731,0.823937,0.633188,1.132840,0.980563,1.179254,1.501146,0.413896,0.416763,0.601956,0.509793,0.467627,0.524971,0.551230,0.525200,0.694734,0.672485,0.437714,0.616242,1.037634,0.944815,0.522737,0.450744,0.459359,0.484713,0.559754,0.935091,0.436167,0.826840,0.729739,0.811223,0.610188,0.870763,0.892400,0.936455,0.698547,0.633150,0.626659,0.507488,0.608977,0.609762,0.815760,0.806991,1.410995,1.769299,1.076208,0.859268,0.893341,0.770361,0.998705,1.094381,0.376018,0.611391,0.970499,0.840036,1.301760,1.283562,0.046705,0.155463,1.021438,1.096338,1.016770,1.075995,0.772626,0.413761,0.862948,0.961082,1.104583,1.086960,0.868164,0.659531,0.860813,0.857630,0.639648,0.556365,0.717216,0.589253
1.028983,0.819491,0.000000,1.503462,0.951891,0.910484,1.663981,0.994311,0.811938,0.886551,0.898534,0.693771,1.137195,0.923774,1.244544,1.048266,0.517130,0.414658,1.238287,0.941312,0.435462,0.367483,1.635799,1.339360,0.799976,0.858025,0.813834,0.764500,0.492022,0.404100,0.544420,0.647389,0.875985,0.763652,0.600773,0.467753,0.450040,0.418592,0.476050,0.751710,0.406335,0.699108,0.843559,0.875887,0.652067,0.786712,0.979767,1.000602,0.787026,0.712607,0.781734,0.613228,0.886676,0.805232,0.986056,0.860235,0.553722,0.614992,0.737300,0.682789,0.785488,0.662984,0.601899,0.472769,0.624319,0.664261,0.896752,0.707717,0.883242,0.863546,-0.040697,-0.003978,0.902689,0.732722,0.891141,0.790362,0.643121,0.303785,0.486027,0.643688,0.689964,0.720632,1.069852,0.596637,0.930663,0.889452,0.900496,0.559589,0.881393,0.810468
1.028640,0.884184,1.503462,0.000000,0.922465,0.922539,1.401741,1.422085,0.774598,0.934539,0.866598,0.804422,0.903519,0.988408,1.109234,1.044335,0.608814,0.509653,1.184328,1.129507,0.523633,0.443165,1.178750,1.227055,0.757152,0.853093,0.787363,0.793033,0.599903,0.521338,0.612013,0.777596,1.048045,1.033854,0.578750,0.590768,0.487046,0.421359,0.514186,0.794026,0.447005,0.778374,0.786583,0.804639,0.723869,0.827806,0.918970,0.915432,0.680663,0.624168,0.687814,0.545232,0.771695,0.680995,0.899582,0.796493,0.633776,0.680289,0.728010,0.637329,0.699818,0.801933,0.704759,0.640176,0.548244,0.773776,1.040046,0.982826,0.907475,0.916563,0.018165,0.086691,0.953988,0.854368,0.966831,0.926866,0.678251,0.359541,0.553465,0.666828,0.839705,0.820218,1.031241,0.621797,0.871631,0.921047,0.783677,0.581272,0.763739,0.660271
0.725499,0.592003,0.951891,0.922465,0.000000,0.953283,1.052001,0.811873,1.487049,0.758027,0.678769,0.597043,0.772726,0.765100,1.200977,0.881731,0.330773,0.294847,0.785333,0.663721,0.431477,0.304172,0.854455,0.732884,1.061025,1.027936,0.859314,0.768054,0.366419,0.306285,0.391857,0.450960,0.564508,0.474677,0.359339,0.302335,0.345852,0.317335,0.255855,0.505079,0.277843,0.515619,0.730064,0.691744,0.714082,0.804310,0.810358,0.753297,0.708604,0.662711,0.634808,0.616390,0.671986,0.678449,0.811787,0.746329,0.365974,0.418431,0.753046,0.662367,0.623601,0.585199,0.497435,0.418282,0.450873,0.628330,0.720253,0.679849,0.552967,0.582179,0.008320,0.037530,0.606952,0.520617,0.628851,0.555689,0.417239,0.187543,0.258282,0.403049,0.491777,0.517471,0.742701,0.466147,0.688985,0.722959,0.639568,0.492934,0.795435,0.735543
0.679306,0.539435,0.910484,0.922539,0.953283,0.000000,0.864414,0.760933,0.738327,0.961362,0.722457,0.708220,0.779298,0.862196,0.991021,1.267474,0.382951,0.362426,0.684744,0.648432,0.498793,0.475345,0.820221,0.745635,1.022563,1.320363,1.062018,1.105572,0.475028,0.468685,0.423773,0.443002,0.606371,0.555847,0.474815,0.512786,0.485112,0.464564,0.414599,0.640056,0.311620,0.690841,0.702409,0.693777,0.670847,0.740112,0.737868,0.704396,0.673860,0.605678,0.706799,0.522474,0.793659,0.557022,0.882496,0.774061,0.332460,0.392207,0.641184,0.530604,0.640709,0.590307,0.543233,0.411649,0.467809,0.545604,0.647679,0.641319,0.507735,0.508844,0.058026,0.084122,0.701225,0.609327,0.745007,0.674896,0.620928,0.405055,0.403157,0.526674,0.592015,0.592205,0.876304,0.606386,0.847472,0.760096,0.708011,0.690800,0.832454,0.796677
1.031337,0.856803,1.663981,1.401741,1.052001,0.864414,0.000000,1.204331,0.866006,0.836675,0.934242,0.658693,1.053822,0.900810,1.209651,0.965718,0.573403,0.440602,1.278242,1.011817,0.439137,0.340369,1.348290,1.140537,0.813890,0.848637,0.801483,0.749721,0.493943,0.405921,0.577300,0.690722,0.957183,0.848552,0.585509,0.463120,0.390923,0.348848,0.414624,0.629502,0.298848,0.576931,0.883035,0.834983,0.784123,0.859195,1.026040,0.939263,0.710037,0.586329,0.614388,0.480475,0.725510,0.693778,0.899599,0.737493,0.627355,0.678301,0.732061,0.633057,0.824399,0.703601,0.731021,0.564387,0.615123,0.679801,0.997625,0.800034,0.912373,0.916212,0.008170,0.033042,0.860804,0.715215,0.811137,0.774531,0.606962,0.252789,0.497855,0.658912,0.720339,0.762554,0.968204,0.535984,0.844152,0.867957,0.731926,0.467571,0.848961,0.737469
1.029577,0.945007,0.994311,1.422085,0.811873,0.760933,1.204331,0.000000,0.660734,0.830155,0.903838,0.899951,0.811919,1.031959,0.888931,0.852816,0.706214,0.586999,1.050290,1.187392,0.486309,0.376115,0.823044,0.797240,0.592366,0.721334,0.555690,0.648959,0.579122,0.508532,0.484979,0.703705,1.007917,1.063295,0.560286,0.507638,0.380436,0.329491,0.465432,0.648741,0.333678,0.604594,0.658165,0.626557,0.674839,0.763028,0.808079,0.732333,0.550432,0.497773,0.515777,0.408373,0.595839,0.546011,0.741706,0.627347,0.748225,0.790389,0.772298,0.658236,0.700296,0.998081,0.794918,0.810848,0.444220,0.728040,0.986136,0.998267,0.942786,1.039028,0.069912,0.131116,0.869306,0.871831,0.819263,0.897335,0.628276,0.299209,0.595614,0.621847,0.892921,0.833219,0.876385,0.540939,0.742561,0.781413,0.635316,0.464551,0.724538,0.562152
0.650476,0.543928,0.811938,0.774598,1.487049,0.738327,0.866006,0.660734,0.000000,0.640276,0.602654,0.514615,0.736832,0.643803,1.148120,0.712200,0.257850,0.218568,0.677196,0.579390,0.289563,0.210815,0.737154,0.658767,0.990748,0.809969,0.810604,0.647670,0.290817,0.225588,0.334438,0.346121,0.460224,0.377708,0.273190,0.228056,0.287264,0.269993,0.260052,0.476767,0.317275,0.434079,0.675837,0.683222,0.643292,0.774832,0.715807,0.747142,0.792873,0.762408,0.665328,0.731944,0.675525,0.798158,0.736595,0.745188,0.300557,0.379139,0.778313,0.710249,0.609197,0.584910,0.395207,0.382111,0.439927,0.631992,0.637180,0.596065,0.495619,0.533104,-0.037003,-0.004546,0.561170,0.460631,0.555058,0.472103,0.322381,0.128553,0.171215,0.363681,0.389151,0.443533,0.704640,0.451850,0.611123,0.668853,0.618986,0.438941,0.709143,0.748048
0.714206,0.568400,0.886551,0.934539,0.758027,0.961362,0.836675,0.830155,0.640276,0.000000,0.698161,0.677218,0.697574,0.773720,0.929845,1.380897,0.454327,0.373802,0.779341,0.719073,0.448299,0.314523,0.847865,0.823213,0.641358,0.866248,0.647081,0.705390,0.429385,0.393927,0.437998,0.478641,0.720368,0.696842,0.603934,0.576709,0.470796,0.247650,0.474409,0.566357,0.271096,0.523409,0.498157,0.449955,0.574227,0.537748,0.634196,0.571332,0.659577,0.509707,0.704070,0.455958,0.760200,0.514394,0.789260,0.632895,0.468617,0.459554,0.729778,0.508878,0.691379,0.718789,0.593442,0.425677,0.575963,0.555493,0.703664,0.591268,0.639325,0.679979,0.049178,0.062750,0.810022,0.710782,0.805433,0.754942,0.618165,0.382811,0.376374,0.487005,0.610801,0.516622,0.747010,0.506258,0.645056,0.512691,0.562164,0.539153,0.695711,0.512614
1.389916,1.242211,0.898534,0.866598,0.678769,0.722457,0.934242,0.903838,0.602654,0.698161,0.000000,1.269837,1.505975,1.372541,1.024531,0.785676,1.030714,0.899076,0.976397,1.086022,0.500775,0.461740,0.707475,0.587844,0.562620,0.627088,0.616590,0.584882,0.812108,0.720638,0.547666,0.693521,0.859451,0.805350,0.568526,0.436194,0.459007,0.475570,0.432035,0.799962,0.334522,0.877134,0.623387,0.695910,0.579447,0.749070,0.752183,0.787756,0.694278,0.591215,0.680035,0.492249,0.667722,0.578871,0.813339,0.804960,0.956766,0.987315,0.940976,0.711521,1.026849,0.756460,1.052751,0.879371,0.471406,0.624933,0.821514,0.716999,0.958932,0.946797,0.252852,0.292479,1.109548,1.038170,1.090324,1.037775,0.889335,0.508885,0.868394,0.944994,1.073588,1.044388,0.897396,0.655074,1.024752,0.841988,0.728479,0.628860,0.839724,0.660653
1.159676,1.061433,0.693771,0.804422,0.597043,0.708220,0.658693,0.899951,0.514615,0.677218,1.269837,0.000000,0.976227,1.693236,0.767209,0.817013,0.846447,0.949442,0.793876,0.979991,0.492500,0.500581,0.553822,0.525955,0.520371,0.628071,0.491688,0.548220,0.747754,0.829661,0.416530,0.610291,0.774887,0.799292,0.580251,0.525231,0.479677,0.498838,0.408331,0.812282,0.335978,0.925254,0.486973,0.577039,0.507103,0.699492,0.587393,0.616421,0.650067,0.612992,0.705549,0.511134,0.605090,0.485783,0.716675,0.744199,0.786027,0.830440,0.939040,0.687505,0.936322,0.936389,0.918596,0.950298,0.460720,0.686594,0.720322,0.714394,0.770986,0.820974,0.258603,0.401614,0.966838,1.044635,1.060465,1.059664,0.886959,0.646580,0.773596,0.825548,0.978460,0.971044,0.694126,0.669207,0.915332,0.771903,0.606957,0.664083,0.728183,0.573388
1.092326,0.930577,1.137195,0.903519,0.772726,0.779298,1.053822,0.811919,0.736832,0.697574,1.505975,0.976227,0.000000,1.177975,1.192949,0.825571,0.664064,0.557097,0.816232,0.784866,0.434888,0.411883,0.920707,0.752371,0.635110,0.657195,0.632932,0.590039,0.684695,0.541257,0.611745,0.677903,0.707547,0.622762,0.491450,0.350214,0.446881,0.476479,0.430419,0.743915,0.373787,0.813940,0.736515,0.837173,0.583468,0.760215,0.827857,0.893618,0.844846,0.782637,0.847246,0.690817,0.787721,0.786032,0.893544,0.887836,0.608954,0.676858,0.776178,0.692692,0.939624,0.686743,0.672855,0.577612,0.520892,0.633539,0.684084,0.574293,0.726005,0.736667,0.204529,0.208098,0.979597,0.809967,0.975732,0.873682,0.688554,0.362995,0.593208,0.705988,0.770973,0.788662,0.951876,0.614886,1.028070,0.864281,0.829321,0.577542,0.812268,0.754391
1.159519,1.055731,0.923774,0.988408,0.765100,0.862196,0.900810,1.031959,0.643803,0.773720,1.372541,1.693236,1.177975,0.000000,0.890568,0.957581,0.760302,0.792410,0.914438,1.063171,0.401125,0.379974,0.785494,0.739960,0.737560,0.799266,0.585377,0.593148,0.616679,0.661582,0.530611,0.681091,0.868361,0.844815,0.651887,0.525426,0.369933,0.365449,0.406612,0.776446,0.329031,0.821984,0.542011,0.611038,0.572998,0.793663,0.681223,0.697298,0.738040,0.678217,0.723792,0.548527,0.643485,0.548761,0.780848,0.748367,0.723946,0.784899,0.944804,0.685094,1.023421,0.921525,0.923291,0.849312,0.545056,0.744727,0.822293,0.778503,0.839786,0.913022,0.210511,0.337991,0.955954,1.003274,1.006550,1.031517,0.799982,0.510574,0.657272,0.822133,0.880167,0.904559,0.777404,0.568649,0.865307,0.756243,0.710515,0.575751,0.741428,0.612088
1.020431,0.823937,1.244544,1.109234,1.200977,0.991021,1.209651,0.888931,1.148120,0.929845,1.024531,0.767209,1.192949,0.890568,0.000000,1.088323,0.586355,0.480380,0.984496,0.827427,0.637547,0.527099,0.998928,0.839493,0.855180,0.865426,1.006272,0.889473,0.717606,0.547698,0.498154,0.571639,0.635802,0.575625,0.449521,0.392191,0.647767,0.589432,0.504926,0.800487,0.508320,0.833959,0.877216,0.919071,0.731354,0.834213,0.990503,1.012566,0.858477,0.757725,0.871451,0.704075,0.952112,0.891517,1.135973,1.088861,0.543101,0.611326,0.828630,0.744973,0.754205,0.635427,0.585156,0.480343,0.510213,0.661102,0.798405,0.708201,0.728502,0.743846,0.053243,0.051517,0.957388,0.750528,0.972599,0.821004,0.635880,0.298767,0.499202,0.576874,0.789632,0.829377,1.345706,0.818226,1.184510,1.084038,0.994554,0.782212,1.124519,0.924874
0.804252,0.633188,1.048266,1.044335,0.881731,1.267474,0.965718,0.852816,0.712200,1.380897,0.785676,0.817013,0.825571,0.957581,1.088323,0.000000,0.531551,0.450396,0.842998,0.785929,0.576805,0.485227,1.020678,0.982028,0.973932,1.156873,0.967786,1.035656,0.571930,0.574233,0.576093,0.623685,0.774227,0.701157,0.690654,0.676912,0.646655,0.464878,0.489459,0.753062,0.358881,0.734303,0.688306,0.636941,0.672262,0.682311,0.813364,0.722211,0.754232,0.598909,0.818333,0.536020,0.882420,0.553563,1.043108,0.809264,0.489225,0.484066,0.761125,0.539367,0.761556,0.647861,0.664141,0.433725,0.667944,0.595172,0.778908,0.682434,0.658661,0.709088,0.075767,0.137733,0.933819,0.815141,0.984568,0.932335,0.831754,0.550835,0.528787,0.656059,0.718086,0.688089,0.891962,0.730258,0.872508,0.728309,0.695275,0.715021,0.919749,0.746088
1.033538,1.132840,0.517130,0.608814,0.330773,0.382951,0.573403,0.706214,0.257850,0.454327,1.030714,0.846447,0.664064,0.760302,0.586355,0.531551,0.000000,1.518921,0.861184,1.141342,0.518259,0.498507,0.377306,0.324318,0.294771,0.411826,0.385382,0.385228,1.059449,0.974890,0.409498,0.639201,0.854781,0.821355,0.608797,0.589272,0.550878,0.515493,0.432936,0.771028,0.462467,0.797943,0.532645,0.564979,0.537455,0.605775,0.669615,0.634642,0.376495,0.269073,0.373602,0.166915,0.372047,0.266540,0.617404,0.555723,1.406636,1.170506,0.624001,0.426906,0.592461,0.480555,1.167091,0.910197,0.367823,0.430248,0.793569,0.727655,1.107051,0.991338,0.231493,0.289611,1.034115,1.143327,0.922240,1.040127,1.036392,0.642983,1.592421,1.044809,1.542245,1.367204,0.733502,0.705477,0.768971,0.660076,0.513766,0.586108,0.516378,0.339404
0.858242,0.980563,0.414658,0.509653,0.294847,0.362426,0.440602,0.586999,0.218568,0.373802,0.899076,0.949442,0.557097,0.792410,0.480380,0.450396,1.518921,0.000000,0.712197,0.979298,0.477870,0.476471,0.306918,0.272336,0.275346,0.387889,0.289244,0.303514,0.955430,1.016167,0.321099,0.531785,0.735070,0.783445,0.617376,0.586853,0.446853,0.504866,0.283639,0.662098,0.383276,0.828691,0.389983,0.459814,0.470566,0.595077,0.508811,0.500300,0.328783,0.255248,0.336606,0.146238,0.294084,0.214772,0.472014,0.514765,1.084446,1.031403,0.561561,0.395655,0.523277,0.474206,1.100325,0.954421,0.348115,0.414549,0.696161,0.683414,0.889738,0.837414,0.272881,0.384161,0.807717,0.992778,0.790132,0.909576,0.881602,0.643114,1.218563,0.852439,1.272945,1.317961,0.578833,0.627589,0.651760,0.601367,0.427288,0.603519,0.410721,0.272571
1.393164,1.179254,1.238287,1.184328,0.785333,0.684744,1.278242,1.050290,0.677196,0.779341,0.976397,0.793876,0.816232,0.914438,0.984496,0.842998,0.861184,0.712197,0.000000,1.531350,0.411705,0.329070,0.943366,0.823244,0.629105,0.739626,0.701191,0.639811,0.566538,0.552642,0.392562,0.595029,1.107124,0.917428,0.666247,0.538327,0.435194,0.358614,0.506015,0.780152,0.450618,0.668222,0.697058,0.731055,0.662836,0.772416,0.894016,0.881559,0.579343,0.467418,0.530031,0.341827,0.622329,0.551575,0.777718,0.693441,0.971585,1.007879,0.884405,0.656851,0.827394,0.708906,0.894422,0.706863,0.564363,0.659601,1.081466,0.834770,1.435577,1.251862,-0.060980,0.034408,0.988554,0.914778,0.900454,0.892787,0.766837,0.372647,0.709013,0.839658,0.912699,0.918518,0.932618,0.580240,0.835292,0.744066,0.708283,0.491828,0.771762,0.568586
1.461623,1.501146,0.941312,1.129507,0.663721,0.648432,1.011817,1.187392,0.579390,0.719073,1.086022,0.979991,0.784866,1.063171,0.827427,0.785929,1.141342,0.979298,1.531350,0.000000,0.391459,0.326048,0.728547,0.647635,0.565777,0.679361,0.570507,0.580487,0.657741,0.635041,0.421361,0.648131,1.258430,1.102688,0.658994,0.585538,0.405579,0.357059,0.498445,0.824774,0.430705,0.731727,0.629711,0.652861,0.634070,0.812748,0.838400,0.808207,0.570364,0.465915,0.497885,0.360716,0.549241,0.482641,0.722952,0.642041,1.269149,1.333827,0.993006,0.703871,0.783267,0.796089,1.127122,1.055399,0.420102,0.654695,1.227278,1.079480,1.813583,1.609059,-0.011180,0.096430,1.102402,1.241573,0.987836,1.080604,0.824484,0.432704,0.890122,0.943482,1.178667,1.094016,0.858154,0.562660,0.753554,0.749441,0.619909,0.494643,0.671052,0.509485
0.434686,0.413896,0.435462,0.523633,0.431477,0.498793,0.439137,0.486309,0.289563,0.448299,0.500775,0.492500,0.434888,0.401125,0.637547,0.576805,0.518259,0.477870,0.411705,0.391459,0.000000,1.343702,0.380056,0.391211,0.338429,0.391658,0.639848,0.746215,1.011692,0.844047,0.383877,0.519024,0.347262,0.423117,0.258234,0.346831,0.948012,0.779246,0.487866,0.577222,0.455096,0.767537,0.504324,0.485080,0.425287,0.402153,0.500159,0.432144,0.268853,0.253296,0.455865,0.233795,0.488121,0.260212,0.684436,0.620377,0.356585,0.329242,0.308106,0.318314,0.263625,0.242465,0.371354,0.266474,0.216277,0.167359,0.349042,0.372057,0.321544,0.350682,0.362172,0.271411,0.630573,0.490381,0.770158,0.696488,0.654934,0.548276,0.565360,0.358967,0.808114,0.725251,0.706636,0.944200,0.811463,0.676205,0.554413,0.858820,0.615517,0.390981
0.410071,0.416763,0.367483,0.443165,0.304172,0.475345,0.340369,0.376115,0.210815,0.314523,0.461740,0.500581,0.411883,0.379974,0.527099,0.485227,0.498507,0.476471,0.329070,0.326048,1.343702,0.000000,0.276686,0.315822,0.253246,0.348180,0.677336,0.749840,1.097290,1.067278,0.497055,0.602182,0.378143,0.467141,0.197015,0.378573,1.018152,1.023755,0.570656,0.694158,0.390364,0.917043,0.520400,0.547630,0.390960,0.356038,0.414001,0.390150,0.239544,0.213964,0.426405,0.203292,0.435229,0.205373,0.664078,0.609184,0.355863,0.297151,0.246439,0.224897,0.293293,0.183865,0.362810,0.293877,0.230568,0.110037,0.255896,0.275318,0.241539,0.215065,0.502947,0.466235,0.662448,0.517239,0.790876,0.700377,0.744711,0.679403,0.607427,0.466863,0.707234,0.712040,0.668721,1.109574,0.876372,0.747496,0.431651,1.021556,0.573479,0.386142
0.738944,0.601956,1.635799,1.178750,0.854455,0.820221,1.348290,0.823044,0.737154,0.847865,0.707475,0.553822,0.920707,0.785494,0.998928,1.020678,0.377306,0.306918,0.943366,0.728547,0.380056,0.276686,0.000000,1.634317,0.821402,0.854317,0.702055,0.651273,0.356011,0.295375,0.617212,0.706779,0.778262,0.699478,0.650253,0.460754,0.356677,0.300097,0.378394,0.582892,0.275410,0.576295,0.728446,0.696781,0.628987,0.727958,0.865958,0.842852,0.717245,0.640358,0.717797,0.540726,0.780236,0.683157,0.853754,0.706645,0.390029,0.409552,0.565026,0.503257,0.624650,0.490829,0.477966,0.285602,0.677395,0.529821,0.753005,0.572646,0.675062,0.719255,-0.039731,-0.029302,0.722901,0.603862,0.744022,0.686302,0.508107,0.227672,0.359475,0.509456,0.529444,0.550226,0.854374,0.467820,0.676195,0.661545,0.740430,0.469301,0.666647,0.635197
0.625216,0.509793,1.339360,1.227055,0.732884,0.745635,1.140537,0.797240,0.658767,0.823213,0.587844,0.525955,0.752371,0.739960,0.839493,0.982028,0.324318,0.272336,0.823244,0.647635,0.391211,0.315822,1.634317,0.000000,0.787764,0.761103,0.700081,0.651838,0.351115,0.335255,0.652663,0.736430,0.732485,0.748392,0.572470,0.528015,0.369681,0.304572,0.384629,0.582086,0.313892,0.566774,0.651982,0.640708,0.581989,0.658571,0.731756,0.735484,0.639501,0.600422,0.663235,0.515977,0.722973,0.644189,0.770215,0.655495,0.334860,0.343662,0.464578,0.422021,0.566176,0.545543,0.459087,0.305446,0.677636,0.549175,0.674212,0.548580,0.563025,0.627525,-0.025849,0.026155,0.641270,0.531255,0.693415,0.645339,0.486985,0.266817,0.330933,0.501699,0.495650,0.551404,0.793663,0.504136,0.632426,0.667088,0.705573,0.472570,0.576206,0.567634
0.567830,0.467627,0.799976,0.757152,1.061025,1.022563,0.813890,0.592366,0.990748,0.641358,0.562620,0.520371,0.635110,0.737560,0.855180,0.973932,0.294771,0.275346,0.629105,0.565777,0.338429,0.253246,0.821402,0.787764,0.000000,1.254457,1.050128,0.818648,0.298498,0.321819,0.431098,0.383256,0.485203,0.398561,0.405590,0.390840,0.303805,0.237387,0.250030,0.489893,0.353491,0.465941,0.625025,0.602713,0.645465,0.769566,0.688968,0.643015,0.670165,0.626249,0.566775,0.517342,0.594174,0.537568,0.715124,0.630248,0.274383,0.338256,0.625909,0.545711,0.586976,0.415502,0.431475,0.309800,0.490133,0.504007,0.654605,0.617431,0.481695,0.557884,-0.013670,0.048841,0.551786,0.489032,0.549381,0.522792,0.463684,0.270890,0.259535,0.479905,0.400786,0.500139,0.647829,0.480973,0.529763,0.582262,0.647758,0.460062,0.661519,0.708383
0.625423,0.524971,0.858025,0.853093,1.027936,1.320363,0.848637,0.721334,0.809969,0.866248,0.627088,0.628071,0.657195,0.799266,0.865426,1.156873,0.411826,0.387889,0.739626,0.679361,0.391658,0.348180,0.854317,0.761103,1.254457,0.000000,0.952209,0.958181,0.409427,0.430706,0.352972,0.414775,0.697306,0.596552,0.594450,0.601305,0.436702,0.343461,0.350986,0.606010,0.301559,0.579178,0.673860,0.644523,0.711319,0.753291,0.689626,0.624903,0.595323,0.501199,0.575885,0.399313,0.603116,0.419254,0.735362,0.597480,0.346457,0.384372,0.602701,0.468527,0.675182,0.524912,0.571067,0.396779,0.615783,0.558904,0.745507,0.701879,0.584393,0.587507,0.045017,0.102987,0.692291,0.626096,0.704591,0.688150,0.664146,0.463654,0.411822,0.593549,0.561869,0.603284,0.689629,0.544446,0.674903,0.631247,0.568913,0.571525,0.671874,0.607127
0.632668,0.551230,0.813834,0.787363,0.859314,1.062018,0.801483,0.555690,0.810604,0.647081,0.616590,0.491688,0.632932,0.585377,1.006272,0.967786,0.385382,0.289244,0.701191,0.570507,0.639848,0.677336,0.702055,0.700081,1.050128,0.952209,0.000000,1.461898,0.522481,0.519704,0.459003,0.446755,0.523471,0.476200,0.298864,0.384833,0.649108,0.608471,0.537068,0.771565,0.422892,0.685695,0.810357,0.791297,0.647287,0.640555,0.757903,0.753864,0.581965,0.520403,0.603322,0.469676,0.768877,0.577820,0.976613,0.827820,0.377456,0.423283,0.607789,0.547295,0.596757,0.411141,0.471910,0.352174,0.442072,0.462540,0.627256,0.536994,0.503009,0.493364,0.052935,0.105504,0.672596,0.502825,0.770198,0.632457,0.635494,0.398977,0.418598,0.638083,0.542660,0.625292,0.966235,0.909241,0.906306,0.860510,0.812699,0.872780,1.042567,0.937859
0.609984,0.525200,0.764500,0.793033,0.768054,1.105572,0.749721,0.648959,0.647670,0.705390,0.584882,0.548220,0.590039,0.593148,0.889473,1.035656,0.385228,0.303514,0.639811,0.580487,0.746215,0.749840,0.651273,0.651838,0.818648,0.958181,1.461898,0.000000,0.555677,0.519897,0.415627,0.440497,0.595002,0.563723,0.431993,0.491795,0.785630,0.682123,0.591830,0.812514,0.340146,0.694134,0.833765,0.755648,0.694255,0.665160,0.777831,0.708002,0.617163,0.517549,0.687929,0.483289,0.802038,0.518155,1.024177,0.839296,0.384929,0.419472,0.642753,0.550913,0.611220,0.492642,0.527983,0.419504,0.469138,0.469605,0.697771,0.640581,0.498511,0.519912,0.078004,0.119877,0.702839,0.569047,0.872360,0.773102,0.703014,0.464534,0.481671,0.583545,0.611692,0.635252,0.846785,0.854043,0.931775,0.860157,0.666195,0.880137,1.027063,0.886639
0.696729,0.694734,0.492022,0.599903,0.366419,0.475028,0.493943,0.579122,0.290817,0.429385,0.812108,0.747754,0.684695,0.616679,0.717606,0.571930,1.059449,0.955430,0.566538,0.657741,1.011692,1.097290,0.356011,0.351115,0.298498,0.409427,0.522481,0.555677,0.000000,1.526857,0.568975,0.759519,0.554540,0.611578,0.332140,0.433346,0.924368,0.858411,0.481298,0.758976,0.597949,1.066743,0.525054,0.629804,0.475574,0.503527,0.552636,0.530106,0.326492,0.306575,0.482669,0.269104,0.461962,0.308707,0.685466,0.671081,0.656471,0.589555,0.405100,0.331532,0.392771,0.334560,0.641764,0.551617,0.262456,0.269036,0.471922,0.495790,0.565435,0.503870,0.500689,0.460693,0.959366,0.856215,0.967966,0.978438,0.936711,0.698186,1.059249,0.650584,1.247419,1.154685,0.857925,1.066240,0.998708,0.812425,0.561474,0.868447,0.532993,0.351906
0.673407,0.672485,0.404100,0.521338,0.306285,0.468685,0.405921,0.508532,0.225588,0.393927,0.720638,0.829661,0.541257,0.661582,0.547698,0.574233,0.974890,1.016167,0.552642,0.635041,0.844047,1.067278,0.295375,0.335255,0.321819,0.430706,0.519704,0.519897,1.526857,0.000000,0.545903,0.718722,0.558839,0.637968,0.371707,0.525775,0.808686,0.782462,0.432934,0.733924,0.489480,1.012514,0.461597,0.555354,0.440030,0.469454,0.453745,0.434805,0.252717,0.215927,0.378842,0.161527,0.365824,0.184703,0.581064,0.567978,0.654228,0.558207,0.378626,0.230686,0.416136,0.325582,0.641136,0.551954,0.311544,0.247206,0.395639,0.403775,0.504275,0.439477,0.588181,0.687036,0.868381,0.876682,0.909626,0.969254,1.029968,0.907309,1.003776,0.804748,1.012545,1.077805,0.659474,1.043342,0.865606,0.696107,0.427290,0.839930,0.474132,0.294848
0.447670,0.437714,0.544420,0.612013,0.391857,0.423773,0.577300,0.484979,0.334438,0.437998,0.547666,0.416530,0.611745,0.530611,0.498154,0.576093,0.409498,0.321099,0.392562,0.421361,0.383877,0.497055,0.617212,0.652663,0.431098,0.352972,0.459003,0.415627,0.568975,0.545903,0.000000,1.482968,0.622654,0.620807,0.229206,0.279317,0.289736,0.267980,0.242818,0.375119,0.061710,0.515895,0.415009,0.417231,0.399861,0.438580,0.454679,0.403335,0.326231,0.307659,0.334658,0.296612,0.308093,0.273730,0.532673,0.375947,0.381587,0.265094,0.260968,0.134501,0.305912,0.181174,0.410244,0.268584,0.291594,0.178285,0.338874,0.268128,0.351437,0.311439,0.478466,0.431692,0.647600,0.562207,0.588594,0.607830,0.455639,0.239910,0.386283,0.451880,0.424925,0.389580,0.466207,0.395735,0.405731,0.387907,0.239597,0.347494,0.277944,0.233456
0.621900,0.616242,0.647389,0.777596,0.450960,0.443002,0.690722,0.703705,0.346121,0.478641,0.693521,0.610291,0.677903,0.681091,0.571639,0.623685,0.639201,0.531785,0.595029,0.648131,0.519024,0.602182,0.706779,0.736430,0.383256,0.414775,0.446755,0.440497,0.759519,0.718722,1.482968,0.000000,0.800939,0.808517,0.373333,0.401383,0.407217,0.406169,0.285124,0.512269,0.157131,0.692500,0.499699,0.492704,0.484367,0.536311,0.558528,0.502231,0.312859,0.281060,0.366774,0.240975,0.350229,0.256047,0.584488,0.437143,0.555529,0.416797,0.324079,0.174268,0.371378,0.292364,0.581953,0.390911,0.373811,0.258263,0.455911,0.396261,0.531656,0.484119,0.433905,0.426626,0.821186,0.769648,0.770662,0.821108,0.630192,0.374179,0.619176,0.608380,0.692143,0.636933,0.569842,0.525211,0.574343,0.530550,0.309071,0.469507,0.356052,0.243018
1.061369,1.037634,0.875985,1.048045,0.564508,0.606371,0.957183,1.007917,0.460224,0.720368,0.859451,0.774887,0.707547,0.868361,0.635802,0.774227,0.854781,0.735070,1.107124,1.258430,0.347262,0.378143,0.778262,0.732485,0.485203,0.697306,0.523471,0.595002,0.554540,0.558839,0.622654,0.800939,0.000000,1.758566,0.830892,0.805370,0.435704,0.392093,0.572912,0.846304,0.214782,0.726692,0.709153,0.683570,0.804789,0.791694,0.826401,0.743959,0.587591,0.397927,0.513145,0.296385,0.526408,0.381823,0.767863,0.604274,1.039870,0.942764,0.778964,0.499639,0.902191,0.736926,1.160558,0.905356,0.695868,0.677525,1.244373,0.993639,1.173752,1.110589,0.093691,0.197587,1.048663,1.035686,1.003469,1.085813,0.877023,0.505877,0.801012,0.942148,0.891606,0.828878,0.639724,0.488248,0.669945,0.643326,0.410119,0.477409,0.550355,0.423358
0.895658,0.944815,0.763652,1.033854,0.474677,0.555847,0.848552,1.063295,0.377708,0.696842,0.805350,0.799292,0.622762,0.844815,0.575625,0.701157,0.821355,0.783445,0.917428,1.102688,0.423117,0.467141,0.699478,0.748392,0.398561,0.596552,0.476200,0.563723,0.611578,0.637968,0.620807,0.808517,1.758566,0.000000,0.731679,0.804035,0.449744,0.448736,0.596033,0.821547,0.189933,0.767781,0.615900,0.606355,0.718186,0.707184,0.671868,0.625370,0.488815,0.349846,0.454948,0.251418,0.480474,0.353727,0.697458,0.580728,0.937838,0.867296,0.660235,0.457032,0.787945,0.805474,1.080417,0.970399,0.623039,0.666176,1.037625,0.932763,0.947942,0.966380,0.145551,0.252058,0.921883,0.948250,0.951495,1.037629,0.804678,0.508891,0.784585,0.863471,0.923254,0.883443,0.665389,0.568556,0.666966,0.692533,0.420039,0.568696,0.523563,0.394315
0.634497,0.522737,0.600773,0.578750,0.359339,0.474815,0.585509,0.560286,0.273190,0.603934,0.568526,0.580251,0.491450,0.651887,0.449521,0.690654,0.608797,0.617376,0.666247,0.658994,0.258234,0.197015,0.650253,0.572470,0.405590,0.594450,0.298864,0.431993,0.332140,0.371707,0.229206,0.373333,0.830892,0.731679,0.000000,1.108864,0.457263,0.312501,0.376649,0.586241,0.162475,0.510490,0.505457,0.405053,0.717509,0.574134,0.581791,0.480399,0.488209,0.202899,0.508146,0.106715,0.436734,0.170012,0.554567,0.447873,0.577468,0.493975,0.477262,0.181258,0.767057,0.470206,0.817951,0.410580,1.121854,0.606851,0.838976,0.673425,0.628254,0.701478,0.089633,0.213763,0.705692,0.759068,0.702540,0.815304,0.787860,0.602479,0.623138,0.623348,0.640334,0.629332,0.368923,0.292601,0.547733,0.434686,0.275230,0.388830,0.428320,0.277188
0.513431,0.450744,0.467753,0.590768,0.302335,0.512786,0.463120,0.507638,0.228056,0.576709,0.436194,0.525231,0.350214,0.525426,0.392191,0.676912,0.589272,0.586853,0.538327,0.585538,0.346831,0.378573,0.460754,0.528015,0.390840,0.601305,0.384833,0.491795,0.433346,0.525775,0.279317,0.401383,0.805370,0.804035,1.108864,0.000000,0.588229,0.476381,0.464594,0.642931,0.208749,0.602591,0.524107,0.440014,0.725687,0.528695,0.477725,0.418430,0.364056,0.118752,0.371638,0.025368,0.352845,0.089318,0.502531,0.412219,0.526709,0.443269,0.326575,0.102169,0.636176,0.413424,0.782249,0.422606,0.958467,0.576325,0.722009,0.714561,0.517987,0.541360,0.103673,0.239617,0.681987,0.702859,0.708523,0.785077,0.890670,0.820631,0.632363,0.706148,0.635668,0.682584,0.378565,0.430921,0.574326,0.543016,0.232652,0.519221,0.392316,0.275742
0.510671,0.459359,0.450040,0.487046,0.345852,0.485112,0.390923,0.380436,0.287264,0.470796,0.459007,0.479677,0.446881,0.369933,0.647767,0.646655,0.550878,0.446853,0.435194,0.405579,0.948012,1.018152,0.356677,0.369681,0.303805,0.436702,0.649108,0.785630,0.924368,0.808686,0.289736,0.407217,0.435704,0.449744,0.457263,0.588229,0.000000,1.228868,0.815752,0.963349,0.609439,0.930442,0.678132,0.643784,0.530869,0.401992,0.607284,0.531350,0.430226,0.272949,0.689477,0.287061,0.637566,0.285894,0.872828,0.783884,0.424905,0.392175,0.381231,0.300229,0.459896,0.247652,0.402152,0.268618,0.415641,0.254091,0.443885,0.432338,0.342998,0.361061,0.173300,0.194276,0.743487,0.579389,0.917169,0.840356,0.837813,0.764087,0.657506,0.483731,0.806318,0.756669,0.685632,1.074096,1.045694,0.847050,0.463807,0.970273,0.685397,0.475745
0.506574,0.484713,0.418592,0.421359,0.317335,0.464564,0.348848,0.329491,0.269993,0.247650,0.475570,0.498838,0.476479,0.365449,0.589432,0.464878,0.515493,0.504866,0.358614,0.357059,0.779246,1.023755,0.300097,0.304572,0.237387,0.343461,0.608471,0.682123,0.858411,0.782462,0.267980,0.406169,0.392093,0.448736,0.312501,0.476381,1.228868,0.000000,0.655828,1.026688,0.455601,1.129085,0.755334,0.812110,0.457634,0.428479,0.588239,0.641615,0.416669,0.325024,0.611099,0.335673,0.645223,0.423342,0.819821,0.929074,0.429680,0.424072,0.318953,0.327908,0.438064,0.274416,0.405956,0.362801,0.344925,0.326056,0.353507,0.382690,0.275022,0.307705,0.110118,0.176922,0.616816,0.517735,0.800795,0.687721,0.745475,0.667778,0.706416,0.546769,0.710592,0.813324,0.699228,1.150474,1.107951,1.101066,0.510265,1.166798,0.737330,0.672743
0.534927,0.559754,0.476050,0.514186,0.255855,0.414599,0.414624,0.465432,0.260052,0.474409,0.432035,0.408331,0.430419,0.406612,0.504926,0.489459,0.432936,0.283639,0.506015,0.498445,0.487866,0.570656,0.378394,0.384629,0.250030,0.350986,0.537068,0.591830,0.481298,0.432934,0.242818,0.285124,0.572912,0.596033,0.376649,0.464594,0.815752,0.655828,0.000000,1.080426,0.603109,0.707239,0.502296,0.496350,0.368606,0.293665,0.470785,0.486039,0.378530,0.273060,0.505606,0.244109,0.542319,0.359641,0.707763,0.636474,0.504652,0.513662,0.437442,0.426187,0.517997,0.395955,0.347304,0.392574,0.296484,0.308251,0.460751,0.427686,0.474981,0.523321,-0.055074,-0.022450,0.664168,0.561438,0.748051,0.685119,0.554858,0.395240,0.404925,0.490568,0.582159,0.501575,0.740781,0.743555,0.738276,0.646100,0.588682,0.683810,0.614781,0.446530
0.946730,0.935091,0.751710,0.794026,0.505079,0.640056,0.629502,0.648741,0.476767,0.566357,0.799962,0.812282,0.743915,0.776446,0.800487,0.753062,0.771028,0.662098,0.780152,0.824774,0.577222,0.694158,0.582892,0.582086,0.489893,0.606010,0.771565,0.812514,0.758976,0.733924,0.375119,0.512269,0.846304,0.821547,0.586241,0.642931,0.963349,1.026688,1.080426,0.000000,0.649448,1.289892,0.899649,0.960792,0.650618,0.660510,0.886618,0.972206,0.701769,0.565730,0.834144,0.506811,0.878384,0.637053,1.178375,1.174571,0.783611,0.805029,0.714036,0.606612,0.794354,0.591321,0.690988,0.675016,0.544921,0.635343,0.772973,0.702472,0.728994,0.794127,0.012304,0.143967,0.999432,0.890571,1.281692,1.109868,0.969818,0.661572,0.849329,0.940746,0.920238,0.959127,1.006797,1.116032,1.175757,1.070281,0.825266,1.124197,0.895624,0.763143
0.437131,0.436167,0.406335,0.447005,0.277843,0.311620,0.298848,0.333678,0.317275,0.271096,0.334522,0.335978,0.373787,0.329031,0.508320,0.358881,0.462467,0.383276,0.450618,0.430705,0.455096,0.390364,0.275410,0.313892,0.353491,0.301559,0.422892,0.340146,0.597949,0.489480,0.061710,0.157131,0.214782,0.189933,0.162475,0.208749,0.609439,0.455601,0.603109,0.649448,0.000000,0.637944,0.355203,0.469438,0.217951,0.287979,0.437255,0.499019,0.314926,0.361463,0.437471,0.316278,0.438225,0.418916,0.457691,0.560766,0.310366,0.396650,0.311319,0.382288,0.203124,0.212553,0.172634,0.213489,0.118499,0.178708,0.311884,0.326287,0.413306,0.428511,-0.066743,-0.020953,0.513333,0.415774,0.513972,0.462355,0.393385,0.270639,0.378533,0.298958,0.565173,0.549126,0.686909,0.661227,0.558019,0.495165,0.729162,0.418054,0.333119,0.309414
0.841607,0.826840,0.699108,0.778374,0.515619,0.690841,0.576931,0.604594,0.434079,0.523409,0.877134,0.925254,0.813940,0.821984,0.833959,0.734303,0.797943,0.828691,0.668222,0.731727,0.767537,0.917043,0.576295,0.566774,0.465941,0.579178,0.685695,0.694134,1.066743,1.012514,0.515895,0.692500,0.726692,0.767781,0.510490,0.602591,0.930442,1.129085,0.707239,1.289892,0.637944,0.000000,0.695268,0.825888,0.535010,0.622572,0.699002,0.771027,0.568707,0.494452,0.765729,0.450793,0.759623,0.522237,0.923660,1.053001,0.661893,0.651450,0.533852,0.467167,0.626785,0.471666,0.687029,0.597465,0.439224,0.466455,0.593428,0.600751,0.582108,0.603335,0.207328,0.292055,1.060627,0.931735,1.230321,1.082796,0.961133,0.695113,0.875040,0.775338,1.032474,1.050987,0.925703,1.053297,1.183087,1.042460,0.691361,1.139211,0.687321,0.604573
0.806210,0.729739,0.843559,0.786583,0.730064,0.702409,0.883035,0.658165,0.675837,0.498157,0.623387,0.486973,0.736515,0.542011,0.877216,0.688306,0.532645,0.389983,0.697058,0.629711,0.504324,0.520400,0.728446,0.651982,0.625025,0.673860,0.810357,0.833765,0.525054,0.461597,0.415009,0.499699,0.709153,0.615900,0.505457,0.524107,0.678132,0.755334,0.502296,0.899649,0.355203,0.695268,0.000000,1.740419,1.244149,1.177312,1.636445,1.428463,0.942609,0.724070,0.791550,0.607266,0.830183,0.746525,1.233625,1.019509,0.567611,0.600101,0.621195,0.578670,0.664131,0.472257,0.568068,0.466857,0.612908,0.616916,0.792935,0.688419,0.575105,0.627028,-0.018350,0.044399,0.689559,0.570784,0.827929,0.753879,0.659670,0.377195,0.604208,0.685674,0.637072,0.763578,0.838829,0.748044,0.963469,1.077717,0.658674,0.687121,0.792719,0.847727
0.870791,0.811223,0.875887,0.804639,0.691744,0.693777,0.834983,0.626557,0.683222,0.449955,0.695910,0.577039,0.837173,0.611038,0.919071,0.636941,0.564979,0.459814,0.731055,0.652861,0.485080,0.547630,0.696781,0.640708,0.602713,0.644523,0.791297,0.755648,0.629804,0.555354,0.417231,0.492704,0.683570,0.606355,0.405053,0.440014,0.643784,0.812110,0.496350,0.960792,0.469438,0.825888,1.740419,0.000000,0.992119,1.184712,1.379043,1.604431,0.985743,0.883862,0.890942,0.742275,0.888531,0.915868,1.162140,1.176051,0.553743,0.636887,0.644454,0.648033,0.654227,0.504087,0.539291,0.526566,0.532131,0.623991,0.742112,0.676503,0.593853,0.624505,-0.018088,0.057437,0.719494,0.593453,0.844677,0.750694,0.655346,0.372336,0.640248,0.686664,0.675798,0.834744,0.914447,0.810902,1.028309,1.144437,0.754195,0.696942,0.728037,0.834271
0.693411,0.610188,0.652067,0.723869,0.714082,0.670847,0.784123,0.674839,0.643292,0.574227,0.579447,0.507103,0.583468,0.572998,0.731354,0.672262,0.537455,0.470566,0.662836,0.634070,0.425287,0.390960,0.628987,0.581989,0.645465,0.711319,0.647287,0.694255,0.475574,0.440030,0.399861,0.484367,0.804789,0.718186,0.717509,0.725687,0.530869,0.457634,0.368606,0.650618,0.217951,0.535010,1.244149,0.992119,0.000000,1.368903,1.143316,0.885483,0.840957,0.556792,0.626393,0.416943,0.578398,0.453840,0.926692,0.702483,0.525903,0.528750,0.634614,0.449057,0.666745,0.530557,0.749050,0.525294,0.819833,0.716887,0.973510,0.865239,0.574792,0.637702,0.114649,0.165066,0.593807,0.532950,0.698280,0.712799,0.647079,0.388495,0.535170,0.577830,0.618698,0.709574,0.621706,0.504369,0.732651,0.764321,0.470021,0.540170,0.595963,0.543431
0.882934,0.870763,0.786712,0.827806,0.804310,0.740112,0.859195,0.763028,0.774832,0.537748,0.749070,0.699492,0.760215,0.793663,0.834213,0.682311,0.605775,0.595077,0.772416,0.812748,0.402153,0.356038,0.727958,0.658571,0.769566,0.753291,0.640555,0.665160,0.503527,0.469454,0.438580,0.536311,0.791694,0.707184,0.574134,0.528695,0.401992,0.428479,0.293665,0.660510,0.287979,0.622572,1.177312,1.184712,1.368903,0.000000,1.259436,1.122826,1.061829,0.903792,0.770333,0.659336,0.648742,0.634043,0.933555,0.862096,0.598460,0.700601,0.850991,0.738040,0.673612,0.606755,0.745911,0.668481,0.579111,0.655373,0.961358,0.941450,0.709266,0.799971,0.031757,0.084676,0.627698,0.632591,0.735103,0.779294,0.554696,0.300955,0.550165,0.581103,0.718154,0.839859,0.717061,0.511251,0.738779,0.832603,0.574344,0.508655,0.581746,0.632094
0.988421,0.892400,0.979767,0.918970,0.810358,0.737868,1.026040,0.808079,0.715807,0.634196,0.752183,0.587393,0.827857,0.681223,0.990503,0.813364,0.669615,0.508811,0.894016,0.838400,0.500159,0.414001,0.865958,0.731756,0.688968,0.689626,0.757903,0.777831,0.552636,0.453745,0.454679,0.558528,0.826401,0.671868,0.581791,0.477725,0.607284,0.588239,0.470785,0.886618,0.437255,0.699002,1.636445,1.379043,1.143316,1.259436,0.000000,1.756368,1.073171,0.852890,0.928839,0.706244,0.967098,0.834634,1.378034,1.129762,0.703529,0.753417,0.814250,0.731041,0.658996,0.546682,0.684400,0.555298,0.559703,0.621924,1.003299,0.829632,0.805600,0.885457,-0.083156,-0.022230,0.790466,0.696551,0.886685,0.851541,0.661415,0.308276,0.665461,0.644694,0.777039,0.823996,0.932380,0.675117,0.885625,0.932109,0.751096,0.613623,0.796161,0.801279
1.009983,0.936455,1.000602,0.915432,0.753297,0.704396,0.939263,0.732333,0.747142,0.571332,0.787756,0.616421,0.893618,0.697298,1.012566,0.722211,0.634642,0.500300,0.881559,0.808207,0.432144,0.390150,0.842852,0.735484,0.643015,0.624903,0.753864,0.708002,0.530106,0.434805,0.403335,0.502231,0.743959,0.625370,0.480399,0.418430,0.531350,0.641615,0.486039,0.972206,0.499019,0.771027,1.428463,1.604431,0.885483,1.122826,1.756368,0.000000,1.129198,0.998090,1.011658,0.837596,1.078385,1.093671,1.270386,1.342054,0.671211,0.771234,0.788495,0.766842,0.663926,0.570271,0.615131,0.568513,0.534091,0.715307,0.886481,0.763651,0.770715,0.839184,-0.166271,-0.072409,0.778427,0.693175,0.889897,0.798815,0.622586,0.281327,0.663603,0.687118,0.722536,0.821488,0.998006,0.709014,0.916290,1.008320,0.891788,0.639293,0.800117,0.900397
0.768043,0.698547,0.787026,0.680663,0.708604,0.673860,0.710037,0.550432,0.792873,0.659577,0.694278,0.650067,0.844846,0.738040,0.858477,0.754232,0.376495,0.328783,0.579343,0.570364,0.268853,0.239544,0.717245,0.639501,0.670165,0.595323,0.581965,0.617163,0.326492,0.252717,0.326231,0.312859,0.587591,0.488815,0.488209,0.364056,0.430226,0.416669,0.378530,0.701769,0.314926,0.568707,0.942609,0.985743,0.840957,1.061829,1.073171,1.129198,0.000000,1.477730,1.479472,1.254599,1.115568,1.024850,1.136715,1.125057,0.435190,0.546777,1.021191,0.907282,0.798616,0.637847,0.550006,0.524163,0.569765,0.670612,0.770163,0.671908,0.520855,0.644557,-0.121721,-0.052632,0.609119,0.523899,0.739412,0.664363,0.497207,0.273828,0.373718,0.465788,0.490309,0.550178,0.656312,0.473673,0.698154,0.745966,0.644321,0.478097,0.688647,0.848796
