0.000000,0.901400,0.543469,0.253164,0.099254,0.000885,0.665308,0.160707,0.330214,0.090649,0.852763,0.292611,0.805488,0.186751,0.583392,0.359056,0.874503,0.573344,1.234586,1.144574,0.207035,-0.040554,0.425568,0.250392,0.089648,0.056974,0.229970,0.283254,0.725942,0.244781,0.414877,0.414899,0.811390,0.805748,0.372734,0.377952,0.141632,-0.147674,0.337338,0.327153,0.289372,-0.155292,0.229617,0.284114,0.391776,0.535299,0.441302,0.389818,0.756714,0.772330,0.684609,0.443905,0.660593,0.696756,0.754624,0.416339,1.491309,0.943799,1.039381,0.774160,0.904878,0.308790,0.714363,0.136582,0.699898,0.259941,0.785352,0.679157,1.146282,0.987890,0.590085,0.424522,0.691634,0.041622,0.070831,0.154765,0.532256,0.387667,0.705602,0.240860,0.967000,0.623418,0.576178,0.379003,0.990836,0.599153,0.556317,0.350336,0.987137,0.537217
0.901400,0.000000,0.404469,0.458663,0.200507,0.340967,0.495966,0.518432,0.259553,0.378646,0.344345,0.698188,0.493232,0.570479,0.615170,0.579302,0.610222,1.236804,0.798069,1.372772,0.448894,0.352309,0.295350,0.341812,-0.002732,0.233384,0.241482,0.345121,0.506923,0.587904,0.473764,0.531868,0.664238,0.793012,0.226537,0.351847,-0.004494,0.308035,0.283265,0.462719,0.447265,0.093103,0.302344,0.428442,0.463550,0.714849,0.447252,0.476991,0.697251,0.785854,0.487044,0.589342,0.581113,0.818620,0.702996,0.707533,0.884513,1.413621,0.665965,0.854979,0.545916,0.527934,0.550739,0.502301,0.385387,0.319974,0.629439,0.780806,0.970601,0.992289,0.444147,0.507655,0.363363,0.391363,0.067616,0.126021,0.385420,0.452801,0.615364,0.439978,0.673948,1.105451,0.450102,0.543905,0.737622,1.012739,0.597559,0.503834,0.714094,0.844865
0.543469,0.404469,0.000000,1.189447,0.426639,0.246979,1.230253,0.620548,0.377259,0.293618,0.561216,0.371442,0.829671,0.451833,0.559408,0.548610,0.275651,0.208690,0.658054,0.484494,0.011837,0.007421,1.576795,1.189140,0.740983,0.621268,0.053138,0.222233,0.216141,0.202109,0.407015,0.500381,0.455642,0.487548,0.968524,0.859814,0.323831,0.305290,0.365355,0.485281,0.500736,0.164711,0.824984,0.679832,0.508623,0.465102,0.803156,0.797555,0.537593,0.451328,1.007422,0.604199,0.853195,0.643863,0.724404,0.467393,0.259428,0.187882,0.851915,0.343091,0.527574,0.335571,0.074733,-0.083107,0.757890,0.635228,0.904076,0.718733,0.288051,0.272370,0.623090,0.607416,0.588866,0.245730,0.372658,0.213525,0.789574,0.694226,0.197346,0.155727,0.257710,0.390333,0.506475,0.435551,0.645724,0.600465,0.297122,0.211974,0.803065,0.551214
0.253164,0.458663,1.189447,0.000000,0.451003,0.545282,0.892264,1.198505,0.318959,0.518643,0.253702,0.725870,0.554425,0.804393,0.563229,0.795174,0.187387,0.367746,0.361441,0.437089,0.152786,0.251493,1.137573,1.507266,0.587790,0.795142,0.095633,0.312910,0.164527,0.493204,0.480500,0.664305,0.411475,0.509953,0.745402,0.891635,0.269636,0.607033,0.422508,0.650757,0.629256,0.392264,1.046966,0.957880,0.597396,0.640841,0.914260,1.009226,0.521650,0.430870,0.809645,0.724467,0.774818,0.640128,0.734385,0.688112,-0.004163,0.123904,0.616633,0.393759,0.371860,0.653262,0.062485,0.219823,0.502662,0.865489,0.724989,0.799585,0.085385,0.075030,0.507507,0.676798,0.417810,0.575866,0.468185,0.265708,0.755073,0.830807,0.193490,0.292007,0.143649,0.555299,0.431361,0.634974,0.477376,0.810843,0.319400,0.387601,0.595881,0.771302
0.099254,0.200507,0.426639,0.451003,0.000000,0.608895,0.448822,0.390428,0.701123,0.685404,0.219355,0.432122,0.425950,0.422811,0.428028,0.500354,0.179815,0.294702,0.254875,0.210565,0.380772,0.356082,0.434957,0.506677,0.599644,0.774858,0.261679,0.462872,0.108874,0.267316,0.262318,0.306357,0.224207,0.255834,0.447092,0.476004,0.192338,0.380293,0.217078,0.269859,0.377849,0.011484,0.499063,0.488933,0.411813,0.383068,0.489392,0.521779,0.367097,0.328949,0.449130,0.392525,0.506368,0.580793,0.380357,0.296908,-0.007827,0.039983,0.351307,0.058559,0.251112,0.222377,0.099188,0.113818,0.250357,0.227581,0.409762,0.474023,-0.041252,0.014110,0.294397,0.398985,0.224504,0.253090,0.157451,0.136103,0.356850,0.365949,0.114271,-0.121460,-0.030978,0.266159,-0.074379,0.176314,0.196640,0.340776,0.044016,0.280632,0.305510,0.232784
0.000885,0.340967,0.246979,0.545282,0.608895,0.000000,0.435564,0.826281,0.599714,0.841013,0.009932,0.844939,0.171948,0.781464,0.611227,0.835271,0.113101,0.549682,0.031832,0.282112,0.648477,0.657228,0.172183,0.414229,0.170165,0.762354,0.195519,0.395491,0.159158,0.739134,0.400471,0.453390,0.331100,0.379477,0.196362,0.397338,0.086677,0.785484,0.545686,0.617838,0.355515,0.308489,0.644537,0.757369,0.626181,0.728337,0.630667,0.724690,0.439338,0.403340,0.349349,0.473513,0.503599,0.533848,0.621519,0.735043,-0.091207,0.159229,0.377218,0.385124,0.308858,0.696221,0.207397,0.633354,0.063351,0.339533,0.418289,0.631820,-0.078528,-0.055198,0.205873,0.375198,0.073885,0.629387,0.304749,0.120514,0.401993,0.540686,0.285372,0.154574,0.100938,0.565170,0.179022,0.471001,0.172018,0.558275,0.368457,0.505732,0.368734,0.662801
0.665308,0.495966,1.230253,0.892264,0.448822,0.435564,0.000000,0.818928,0.534363,0.448083,0.681082,0.659231,0.923439,0.523109,0.705078,0.699509,0.566311,0.428067,0.845550,0.676360,0.126728,0.041688,0.942686,0.764750,0.369908,0.446755,0.037428,0.216447,0.558146,0.473888,0.468511,0.502908,0.760553,0.755232,0.613089,0.661468,0.241127,0.197520,0.502475,0.520790,0.478081,0.111615,0.892512,0.822928,0.664274,0.649068,0.942924,0.929730,0.692750,0.505896,0.942037,0.539052,0.932715,0.711233,0.966975,0.567540,0.333288,0.274046,1.074126,0.456053,1.002188,0.580342,0.393393,0.254020,0.675701,0.507271,1.019548,0.897155,0.296036,0.268658,0.615351,0.557190,0.758674,0.371377,0.508476,0.290328,0.885374,0.803774,0.440283,0.230609,0.467544,0.615467,0.686787,0.590934,0.716524,0.625240,0.556400,0.334683,0.935851,0.644798
0.160707,0.518432,0.620548,1.198505,0.390428,0.826281,0.818928,0.000000,0.373042,0.748371,0.197980,1.276237,0.435916,1.013456,0.581820,0.918517,0.306130,0.594600,0.300409,0.482207,0.286506,0.346320,0.577550,0.799159,0.177750,0.528151,0.036217,0.236523,0.340450,0.883154,0.444894,0.557589,0.473740,0.576810,0.388572,0.573146,0.071983,0.580345,0.434635,0.602909,0.568989,0.380542,0.962285,1.003228,0.616511,0.705063,0.847204,0.991829,0.484376,0.344763,0.533013,0.524663,0.659874,0.570850,0.739064,0.766804,-0.083986,0.163829,0.528487,0.464767,0.528184,1.051266,0.249140,0.715231,0.322886,0.686539,0.558228,0.763792,-0.009384,-0.021534,0.359338,0.533292,0.288998,0.766032,0.495401,0.336899,0.647423,0.820147,0.347186,0.433389,0.210980,0.785658,0.496330,0.783130,0.398772,0.780336,0.469442,0.500415,0.503646,0.867244
0.330214,0.259553,0.377259,0.318959,0.701123,0.599714,0.534363,0.373042,0.000000,0.610034,0.444597,0.415570,0.470879,0.397449,0.849071,0.475851,0.331408,0.311774,0.347401,0.353373,0.498819,0.253917,0.316755,0.355216,0.367735,0.523692,0.167954,0.264597,0.381971,0.381253,0.242512,0.258552,0.394944,0.368247,0.392045,0.379215,0.088746,0.188314,0.423513,0.409044,0.226806,-0.050130,0.326850,0.397528,0.272118,0.396263,0.399857,0.493451,0.403873,0.318075,0.519186,0.291435,0.669976,0.531393,0.595228,0.331638,0.216996,0.239878,0.575076,0.309701,0.506450,0.358844,0.286158,0.219858,0.345437,0.240678,0.495060,0.584084,0.159283,0.176767,0.401695,0.255251,0.337340,0.153751,0.159679,0.050424,0.442735,0.378595,0.392023,-0.003165,0.298993,0.366318,0.168863,0.251982,0.305942,0.300628,0.236215,0.275294,0.559584,0.322311
0.090649,0.378646,0.293618,0.518643,0.685404,0.841013,0.448083,0.748371,0.610034,0.000000,0.162583,0.855290,0.412028,0.728605,0.631148,0.827964,0.228747,0.571358,0.242034,0.348600,0.505738,0.517404,0.286745,0.429321,0.205841,0.526431,0.377166,0.448748,0.323631,0.708908,0.461423,0.512154,0.365057,0.427694,0.380508,0.480204,0.146160,0.474676,0.415474,0.514763,0.436578,0.128326,0.522610,0.629309,0.441548,0.539431,0.494455,0.624748,0.345362,0.340813,0.341989,0.383403,0.460693,0.537686,0.497985,0.529036,-0.024488,0.191990,0.397396,0.336502,0.393920,0.678154,0.245607,0.563232,0.273492,0.465965,0.406375,0.587321,0.015623,0.006662,0.348022,0.450446,0.143843,0.436238,0.213027,0.240749,0.394903,0.457696,0.298857,0.190481,0.116017,0.543828,0.147289,0.389062,0.298090,0.509288,0.280976,0.563649,0.385466,0.525177
0.852763,0.344345,0.561216,0.253702,0.219355,0.009932,0.681082,0.197980,0.444597,0.162583,0.000000,0.309929,1.214525,0.343826,0.674296,0.406595,0.739269,0.188528,0.919224,0.580485,0.078690,-0.167330,0.565423,0.347984,0.334138,0.178438,0.070375,0.161024,0.688186,0.230380,0.300045,0.341337,0.692580,0.590914,0.601364,0.472988,0.201994,-0.180825,0.356180,0.283105,0.197755,-0.090498,0.428055,0.397142,0.331596,0.352924,0.524194,0.464843,0.511900,0.386317,0.623279,0.211480,0.524529,0.413107,0.572743,0.214562,0.532359,0.262946,0.795444,0.333023,0.875893,0.248568,0.406616,0.002444,0.821562,0.338523,0.635556,0.471103,0.408141,0.326879,0.712443,0.472532,0.721383,0.082378,0.277713,0.301983,0.765316,0.527453,0.501475,0.092260,0.618083,0.312675,0.641554,0.385582,0.747691,0.309177,0.404623,0.223339,0.775878,0.248101
0.292611,0.698188,0.371442,0.725870,0.432122,0.844939,0.659231,1.276237,0.415570,0.855290,0.309929,0.000000,0.530573,1.121038,0.699714,1.087165,0.506686,0.978840,0.391450,0.650578,0.506410,0.504386,0.350425,0.484927,0.001070,0.404649,0.199425,0.337012,0.605516,1.168900,0.593528,0.664887,0.683675,0.793934,0.260999,0.494136,0.123862,0.501366,0.523720,0.615860,0.600939,0.328084,0.735877,0.883923,0.672597,0.862088,0.789765,0.850191,0.585685,0.518715,0.455128,0.525594,0.590986,0.647057,0.795510,0.837025,0.092817,0.348128,0.558006,0.567764,0.680906,1.134652,0.525051,1.030678,0.286417,0.513239,0.547670,0.808646,0.113719,0.088066,0.449492,0.621531,0.383425,0.907284,0.449764,0.330878,0.637520,0.798002,0.502680,0.457961,0.374081,1.008550,0.481422,0.855329,0.485428,0.815023,0.560307,0.685703,0.503274,0.893080
0.805488,0.493232,0.829671,0.554425,0.425950,0.171948,0.923439,0.435916,0.470879,0.412028,1.214525,0.530573,0.000000,0.581729,0.829035,0.670854,0.733234,0.394745,0.995186,0.676863,0.178843,0.039146,0.887494,0.666639,0.399296,0.374723,0.305270,0.375612,0.689421,0.374306,0.556765,0.647001,0.789868,0.775744,0.927494,0.801962,0.304727,0.008615,0.453966,0.461904,0.477127,0.035633,0.616164,0.641091,0.556376,0.575099,0.703914,0.713645,0.624085,0.567156,0.823461,0.451611,0.698269,0.679716,0.731795,0.404862,0.470382,0.300982,0.973752,0.400054,0.996971,0.408425,0.461651,0.119552,1.156802,0.601671,0.849832,0.713219,0.416914,0.350848,0.870750,0.739493,0.859451,0.232386,0.334512,0.368936,0.869594,0.637078,0.520368,0.249670,0.590795,0.533007,0.553035,0.467549,0.931958,0.594678,0.422522,0.422475,0.867073,0.456440
0.186751,0.570479,0.451833,0.804393,0.422811,0.781464,0.523109,1.013456,0.397449,0.728605,0.343826,1.121038,0.581729,0.000000,0.781523,1.189491,0.259739,0.616308,0.292887,0.475467,0.526088,0.531600,0.474554,0.700988,0.238683,0.640446,0.235586,0.380288,0.322280,0.882495,0.537293,0.693233,0.450160,0.548141,0.476640,0.679208,0.120870,0.683794,0.512051,0.715686,0.533989,0.446310,0.718073,0.859129,0.584994,0.711747,0.708783,0.816305,0.487700,0.471294,0.460254,0.607723,0.477598,0.600485,0.625795,0.802988,0.002042,0.231190,0.494307,0.407440,0.428313,0.775276,0.218794,0.554205,0.421478,0.739399,0.479744,0.642740,0.051382,0.033574,0.520927,0.732339,0.308705,0.826297,0.410259,0.268065,0.647807,0.803259,0.335976,0.415466,0.242161,0.744340,0.469784,0.753368,0.435871,0.877419,0.448923,0.657950,0.478424,0.820721
0.583392,0.615170,0.559408,0.563229,0.428028,0.611227,0.705078,0.581820,0.849071,0.631148,0.674296,0.699714,0.829035,0.781523,0.000000,0.983360,0.574768,0.595458,0.627541,0.738495,0.593815,0.345354,0.511800,0.590607,0.294747,0.571047,0.377516,0.474104,0.607151,0.645042,0.577627,0.704989,0.785942,0.762400,0.614056,0.694607,0.180914,0.318091,0.745431,0.771359,0.474164,0.111418,0.634346,0.785738,0.614354,0.791825,0.748541,0.860154,0.666239,0.567868,0.677436,0.484811,0.709523,0.737906,0.974735,0.658811,0.385152,0.448365,0.905582,0.620095,0.769077,0.646382,0.468101,0.411647,0.667261,0.577722,0.776475,0.893550,0.376571,0.330388,0.718926,0.609039,0.536755,0.340838,0.322391,0.168956,0.789443,0.662783,0.661036,0.271169,0.604306,0.761738,0.576949,0.609433,0.728955,0.721336,0.656495,0.598725,0.984740,0.683315
0.359056,0.579302,0.548610,0.795174,0.500354,0.835271,0.699509,0.918517,0.475851,0.827964,0.406595,1.087165,0.670854,1.189491,0.983360,0.000000,0.438647,0.717307,0.475533,0.610508,0.626310,0.598574,0.535598,0.686333,0.183428,0.620912,0.476596,0.591273,0.504696,0.908308,0.884188,0.966665,0.746034,0.823007,0.551872,0.793605,0.292624,0.584061,0.814339,1.012279,0.730899,0.382038,0.823637,1.006921,0.798615,0.961978,0.896935,1.004992,0.679796,0.623613,0.626208,0.662778,0.620191,0.757396,0.937375,0.965306,0.161082,0.304088,0.689917,0.592265,0.652809,0.924309,0.438736,0.587058,0.525060,0.705373,0.734781,0.951664,0.154430,0.112680,0.638710,0.794285,0.450721,0.650087,0.401807,0.280028,0.731927,0.758870,0.516124,0.361451,0.441422,0.877665,0.603877,0.982125,0.682334,0.946649,0.697475,0.947949,0.766739,0.959329
0.874503,0.610222,0.275651,0.187387,0.179815,0.113101,0.566311,0.306130,0.331408,0.228747,0.739269,0.506686,0.733234,0.259739,0.574768,0.438647,0.000000,0.705050,0.951067,0.987955,0.253544,0.028759,0.321813,0.182334,-0.091447,-0.019977,0.213083,0.246576,1.300433,0.591264,0.552743,0.543245,1.017461,0.969975,0.231089,0.276960,0.156720,-0.137876,0.398700,0.348856,0.395624,-0.079563,0.329586,0.440393,0.455807,0.539183,0.496885,0.507661,0.589503,0.402707,0.483964,0.201202,0.547923,0.552796,0.664002,0.362183,0.697590,0.556426,0.546095,0.464755,1.019130,0.398880,1.200749,0.535900,0.592988,0.204783,0.587663,0.650521,0.609089,0.510996,0.663227,0.461820,0.773681,0.252665,0.269138,0.376078,0.564865,0.387248,1.281510,0.372691,1.175029,0.837916,0.658047,0.607487,0.871188,0.505684,0.720489,0.451228,0.676959,0.352697
0.573344,1.236804,0.208690,0.367746,0.294702,0.549682,0.428067,0.594600,0.311774,0.571358,0.188528,0.978840,0.394745,0.616308,0.595458,0.717307,0.705050,0.000000,0.575977,1.051593,0.681015,0.562932,0.139725,0.214417,-0.196395,0.213475,0.370834,0.414231,0.664074,0.927657,0.696535,0.652703,0.786961,0.920401,0.121190,0.333525,0.047939,0.414315,0.439735,0.585625,0.582413,0.177707,0.364678,0.567942,0.600590,0.871524,0.534004,0.576964,0.668632,0.720197,0.397282,0.566582,0.521898,0.765430,0.744962,0.859446,0.578486,0.997812,0.493971,0.664368,0.583260,0.639769,0.823280,0.895449,0.274450,0.244639,0.581720,0.843865,0.600018,0.567392,0.427883,0.480163,0.328362,0.590660,0.115444,0.169561,0.388150,0.463725,0.789574,0.519484,0.688103,1.488631,0.390838,0.686468,0.616664,0.956834,0.655119,0.728159,0.559637,0.836977
1.234586,0.798069,0.658054,0.361441,0.254875,0.031832,0.845550,0.300409,0.347401,0.242034,0.919224,0.391450,0.995186,0.292887,0.627541,0.475533,0.951067,0.575977,0.000000,1.162449,0.148773,-0.032856,0.585481,0.396474,0.138869,0.102967,0.219673,0.300513,0.760733,0.318125,0.474180,0.506729,0.866373,0.890580,0.471043,0.433971,0.126164,-0.069844,0.307711,0.313508,0.374511,-0.160579,0.381675,0.419717,0.417512,0.498028,0.516173,0.498176,0.627269,0.510776,0.617360,0.312378,0.603634,0.658970,0.668322,0.330978,0.877089,0.676097,0.845347,0.486387,0.951025,0.317119,0.603183,0.177932,0.803048,0.297731,0.801278,0.702796,0.788448,0.729067,0.712303,0.532726,0.758526,0.156538,0.192700,0.260816,0.596894,0.448382,0.643010,0.148613,0.765879,0.642773,0.601302,0.449788,0.903117,0.555048,0.546648,0.340327,0.900725,0.409163
1.144574,1.372772,0.484494,0.437089,0.210565,0.282112,0.676360,0.482207,0.353373,0.348600,0.580485,0.650578,0.676863,0.475467,0.738495,0.610508,0.987955,1.051593,1.162449,0.000000,0.387698,0.204429,0.411581,0.389581,0.034831,0.210292,0.276584,0.338010,0.812160,0.612699,0.584460,0.656672,0.981648,1.145825,0.293747,0.388488,0.061702,0.166861,0.398202,0.482802,0.479952,0.009767,0.385184,0.531599,0.537342,0.766599,0.578873,0.618752,0.804607,0.716315,0.638576,0.517091,0.689100,0.870605,0.866376,0.630679,0.966602,1.138599,0.815222,0.860158,0.841400,0.553351,0.785141,0.503397,0.534008,0.347316,0.827860,0.971502,1.059654,0.967320,0.686343,0.598206,0.628536,0.365694,0.181268,0.234175,0.571307,0.550974,0.898108,0.374364,0.964606,1.124758,0.614355,0.587398,0.927585,0.918054,0.707634,0.501333,0.869168,0.737372
0.207035,0.448894,0.011837,0.152786,0.380772,0.648477,0.126728,0.286506,0.498819,0.505738,0.078690,0.506410,0.178843,0.526088,0.593815,0.626310,0.253544,0.681015,0.148773,0.387698,0.000000,0.909481,-0.044921,0.071863,-0.090698,0.385624,0.714843,0.653316,0.321988,0.581797,0.677713,0.590599,0.492638,0.484503,0.155259,0.279311,0.066051,0.455064,0.617002,0.615893,0.314636,0.141149,0.201536,0.369170,0.407557,0.600022,0.354053,0.399563,0.404161,0.505972,0.209830,0.413994,0.231516,0.426540,0.520644,0.659738,0.241975,0.442924,0.280648,0.397873,0.227503,0.409836,0.383804,0.492490,0.149130,0.217749,0.326937,0.494602,0.219767,0.182971,0.376841,0.393144,0.102654,0.304743,0.022640,-0.029042,0.247343,0.260155,0.456341,0.267705,0.363481,0.595844,0.162896,0.422530,0.319927,0.554176,0.412341,0.780644,0.406573,0.556793
-0.040554,0.352309,0.007421,0.251493,0.356082,0.657228,0.041688,0.346320,0.253917,0.517404,-0.167330,0.504386,0.039146,0.531600,0.345354,0.598574,0.028759,0.562932,-0.032856,0.204429,0.909481,0.000000,-0.028195,0.133503,-0.075131,0.383105,0.653954,0.555387,0.127164,0.569417,0.598022,0.546730,0.224774,0.249655,0.129795,0.297192,0.202384,0.637677,0.437698,0.603198,0.567579,0.517623,0.185617,0.340622,0.307381,0.476026,0.270188,0.329067,0.239257,0.332028,0.155611,0.402803,0.170831,0.353963,0.348985,0.610939,-0.014758,0.260925,0.084767,0.254894,0.009450,0.324733,0.209616,0.456964,-0.026476,0.192447,0.208458,0.378832,0.014237,-0.003537,0.215548,0.395962,-0.034559,0.425948,0.084668,-0.066636,0.149888,0.223845,0.242122,0.206739,0.128913,0.455621,0.042393,0.352043,0.169014,0.450970,0.277118,0.635640,0.157882,0.448328
0.425568,0.295350,1.576795,1.137573,0.434957,0.172183,0.942686,0.577550,0.316755,0.286745,0.565423,0.350425,0.887494,0.474554,0.511800,0.535598,0.321813,0.139725,0.585481,0.411581,-0.044921,-0.028195,0.000000,1.453731,0.872849,0.594589,0.097344,0.256687,0.270438,0.228851,0.454374,0.600485,0.457898,0.482038,1.094248,0.824656,0.370318,0.230128,0.313973,0.411473,0.508450,0.189805,0.795350,0.669789,0.451180,0.405470,0.739262,0.768813,0.471940,0.340154,0.942190,0.516096,0.738282,0.545903,0.602807,0.362839,0.148470,0.066574,0.641581,0.244771,0.465759,0.301323,0.084506,-0.072114,0.886174,0.745305,0.748248,0.637370,0.205947,0.193481,0.684134,0.659314,0.671419,0.265406,0.403525,0.309999,0.755156,0.655074,0.183728,0.184109,0.222286,0.339508,0.450513,0.436694,0.617931,0.563743,0.236992,0.199857,0.643741,0.413344
0.250392,0.341812,1.189140,1.507266,0.506677,0.414229,0.764750,0.799159,0.355216,0.429321,0.347984,0.484927,0.666639,0.700988,0.590607,0.686333,0.182334,0.214417,0.396474,0.389581,0.071863,0.133503,1.453731,0.000000,0.852124,0.848801,0.134418,0.355630,0.125614,0.327596,0.433536,0.673952,0.358807,0.442133,0.977950,0.938281,0.312393,0.486680,0.379220,0.546725,0.574466,0.306763,0.918798,0.838657,0.516661,0.504163,0.783129,0.897760,0.439521,0.332762,0.811402,0.616520,0.702286,0.575702,0.622152,0.501643,-0.002679,0.048527,0.568952,0.272413,0.335494,0.437409,0.016598,0.033611,0.689011,0.873237,0.686650,0.701468,0.096805,0.107731,0.581691,0.686894,0.473888,0.413989,0.384204,0.292803,0.726803,0.756496,0.140448,0.172515,0.126678,0.408202,0.379799,0.504439,0.488353,0.720228,0.253427,0.302299,0.571847,0.568751
0.089648,-0.002732,0.740983,0.587790,0.599644,0.170165,0.369908,0.177750,0.367735,0.205841,0.334138,0.001070,0.399296,0.238683,0.294747,0.183428,-0.091447,-0.196395,0.138869,0.034831,-0.090698,-0.075131,0.872849,0.852124,0.000000,0.877368,-0.057113,0.159310,-0.172181,-0.117315,0.009534,0.177540,0.015141,0.019201,0.785002,0.542768,0.296050,0.279829,0.065809,0.124333,0.095887,0.032389,0.415943,0.322077,0.117913,0.074116,0.323708,0.369302,0.175164,0.137582,0.580391,0.333505,0.463573,0.278263,0.202249,0.061246,-0.067790,-0.143713,0.323092,-0.018629,0.035122,-0.025817,-0.298275,-0.413810,0.419532,0.445274,0.378918,0.257555,-0.000055,0.058079,0.395889,0.382219,0.276200,0.032776,0.242433,0.152401,0.421602,0.405563,-0.183119,-0.198498,-0.180714,-0.083756,-0.053896,-0.039482,0.150836,0.179847,-0.188377,-0.138637,0.274165,0.058371
0.056974,0.233384,0.621268,0.795142,0.774858,0.762354,0.446755,0.528151,0.523692,0.526431,0.178438,0.404649,0.374723,0.640446,0.571047,0.620912,-0.019977,0.213475,0.102967,0.210292,0.385624,0.383105,0.594589,0.848801,0.877368,0.000000,0.241229,0.501184,-0.039402,0.295906,0.362971,0.521980,0.216799,0.289211,0.681344,0.806518,0.314460,0.656312,0.420961,0.520595,0.345896,0.237283,0.656224,0.674383,0.465609,0.529404,0.578321,0.685909,0.389828,0.431054,0.647354,0.709751,0.569928,0.499922,0.495353,0.521408,-0.064457,0.031928,0.421003,0.189557,0.140790,0.354129,-0.071807,0.019602,0.359800,0.639371,0.569346,0.601137,-0.015767,0.014829,0.453739,0.601683,0.220357,0.388079,0.360796,0.171760,0.547667,0.580065,0.050358,0.020599,-0.012406,0.277203,0.059132,0.225709,0.260248,0.545068,0.102385,0.244447,0.406174,0.477091
0.229970,0.241482,0.053138,0.095633,0.261679,0.195519,0.037428,0.036217,0.167954,0.377166,0.070375,0.199425,0.305270,0.235586,0.377516,0.476596,0.213083,0.370834,0.219673,0.276584,0.714843,0.653954,0.097344,0.134418,-0.057113,0.241229,0.000000,1.041532,0.263425,0.266276,0.898359,0.809088,0.433959,0.428358,0.392856,0.450576,0.237973,0.114236,0.405429,0.423944,0.354664,0.077191,0.090456,0.227107,0.374016,0.457460,0.212358,0.234791,0.284394,0.447570,0.190336,0.379916,0.030201,0.294350,0.291704,0.360625,0.251903,0.257788,0.231895,0.299510,0.207282,0.270863,0.391661,0.198158,0.414181,0.392805,0.337993,0.398273,0.202132,0.116417,0.438343,0.442406,0.180955,0.043226,-0.080233,0.050908,0.102707,0.061091,0.366718,0.181976,0.331206,0.337943,0.067579,0.198244,0.466544,0.455598,0.230716,0.703498,0.311087,0.372878
0.283254,0.345121,0.222233,0.312910,0.462872,0.395491,0.216447,0.236523,0.264597,0.448748,0.161024,0.337012,0.375612,0.380288,0.474104,0.591273,0.246576,0.414231,0.300513,0.338010,0.653316,0.555387,0.256687,0.355630,0.159310,0.501184,1.041532,0.000000,0.255555,0.351172,0.786089,0.834849,0.471391,0.506133,0.485409,0.599890,0.385388,0.280026,0.496992,0.502878,0.358993,0.035270,0.351380,0.437535,0.494818,0.579606,0.395242,0.440559,0.438576,0.520516,0.359553,0.482661,0.242286,0.442773,0.440334,0.483845,0.204424,0.234417,0.387514,0.351788,0.266039,0.398534,0.325276,0.194616,0.486733,0.520126,0.466562,0.513564,0.164362,0.108492,0.485664,0.611092,0.203644,0.148686,0.004150,0.180722,0.295711,0.290005,0.304797,0.075227,0.249559,0.369182,0.090302,0.271290,0.465381,0.565093,0.315859,0.735021,0.411674,0.508198
0.725942,0.506923,0.216141,0.164527,0.108874,0.159158,0.558146,0.340450,0.381971,0.323631,0.688186,0.605516,0.689421,0.322280,0.607151,0.504696,1.300433,0.664074,0.760733,0.812160,0.321988,0.127164,0.270438,0.125614,-0.172181,-0.039402,0.263425,0.255555,0.000000,0.827603,0.707007,0.625619,1.154744,1.033191,0.183852,0.266437,0.209827,-0.199130,0.573193,0.414083,0.423028,0.028732,0.349403,0.485372,0.483245,0.636759,0.545285,0.544705,0.666802,0.466911,0.511265,0.234453,0.512967,0.501857,0.737641,0.428607,0.550728,0.461156,0.558969,0.517869,0.993991,0.492037,1.084295,0.628378,0.522906,0.272282,0.591882,0.655127,0.466347,0.341629,0.659721,0.505955,0.814275,0.319664,0.319401,0.337143,0.624751,0.453626,1.055666,0.512570,1.052705,0.759508,0.673471,0.603828,0.771356,0.442926,0.725926,0.498093,0.604459,0.362369
0.244781,0.587904,0.202109,0.493204,0.267316,0.739134,0.473888,0.883154,0.381253,0.708908,0.230380,1.168900,0.374306,0.882495,0.645042,0.908308,0.591264,0.927657,0.318125,0.612699,0.581797,0.569417,0.228851,0.327596,-0.117315,0.295906,0.266276,0.351172,0.827603,0.000000,0.748647,0.734429,0.716813,0.758154,0.159406,0.345929,0.154913,0.380802,0.660065,0.657862,0.574134,0.451935,0.592792,0.818694,0.613928,0.836075,0.693984,0.781247,0.594763,0.432130,0.423649,0.439584,0.501466,0.583649,0.729001,0.791195,0.119856,0.368711,0.378886,0.495838,0.573430,0.825007,0.628983,1.095800,0.273328,0.468698,0.492340,0.738498,0.138569,0.075087,0.463885,0.565282,0.386367,0.770948,0.381605,0.316753,0.551667,0.620081,0.717479,0.664997,0.520572,1.057891,0.564869,0.917544,0.483154,0.766022,0.698777,0.705064,0.423470,0.704592
0.414877,0.473764,0.407015,0.480500,0.262318,0.400471,0.468511,0.444894,0.242512,0.461423,0.300045,0.593528,0.556765,0.537293,0.577627,0.884188,0.552743,0.696535,0.474180,0.584460,0.677713,0.598022,0.454374,0.433536,0.009534,0.362971,0.898359,0.786089,0.707007,0.748647,0.000000,1.584014,1.030976,1.018904,0.504575,0.617014,0.411065,0.278565,0.789477,0.799164,0.633724,0.270498,0.522314,0.687199,0.781474,0.905927,0.691198,0.711624,0.671539,0.685498,0.563130,0.642152,0.394842,0.523813,0.778653,0.790517,0.321475,0.357086,0.473199,0.491548,0.519341,0.542849,0.640287,0.456489,0.583643,0.588393,0.745854,0.839127,0.290135,0.183013,0.869042,0.901863,0.604075,0.437563,0.236498,0.270550,0.531421,0.469122,0.666271,0.518755,0.651553,0.786142,0.504498,0.724780,0.783674,0.809248,0.641982,0.944491,0.641711,0.673841
0.414899,0.531868,0.500381,0.664305,0.306357,0.453390,0.502908,0.557589,0.258552,0.512154,0.341337,0.664887,0.647001,0.693233,0.704989,0.966665,0.543245,0.652703,0.506729,0.656672,0.590599,0.546730,0.600485,0.673952,0.177540,0.521980,0.809088,0.834849,0.625619,0.734429,1.584014,0.000000,0.975261,1.061763,0.619171,0.771139,0.402503,0.345892,0.756868,0.801617,0.618186,0.263075,0.616217,0.814230,0.761868,0.936351,0.743116,0.834356,0.647038,0.634518,0.637165,0.673192,0.505155,0.596639,0.790333,0.751829,0.266780,0.324530,0.506594,0.487515,0.505317,0.601490,0.543140,0.447285,0.665147,0.772296,0.780935,0.921443,0.281080,0.191397,0.953865,1.101217,0.612363,0.488312,0.309320,0.306480,0.651873,0.592982,0.619036,0.411893,0.551071,0.755559,0.445385,0.685423,0.740754,0.874607,0.576641,0.836289,0.656998,0.691844
0.811390,0.664238,0.455642,0.411475,0.224207,0.331100,0.760553,0.473740,0.394944,0.365057,0.692580,0.683675,0.789868,0.450160,0.785942,0.746034,1.017461,0.786961,0.866373,0.981648,0.492638,0.224774,0.457898,0.358807,0.015141,0.216799,0.433959,0.471391,1.154744,0.716813,1.030976,0.975261,0.000000,1.772695,0.428004,0.517014,0.227416,0.074240,0.773419,0.637623,0.419609,-0.005067,0.598156,0.747441,0.815486,1.053275,0.838886,0.825290,0.947311,0.755114,0.722709,0.541775,0.646748,0.650953,1.068885,0.684606,0.619732,0.554169,0.789819,0.677259,1.068857,0.626982,0.964730,0.556063,0.653018,0.418087,1.062399,1.109141,0.527825,0.409290,0.910992,0.744938,0.881404,0.397079,0.340544,0.325634,0.791099,0.674036,0.964730,0.396364,0.965327,0.918497,0.702789,0.737079,0.945192,0.709269,0.816472,0.681752,0.890425,0.623530
0.805748,0.793012,0.487548,0.509953,0.255834,0.379477,0.755232,0.576810,0.368247,0.427694,0.590914,0.793934,0.775744,0.548141,0.762400,0.823007,0.969975,0.920401,0.890580,1.145825,0.484503,0.249655,0.482038,0.442133,0.019201,0.289211,0.428358,0.506133,1.033191,0.758154,1.018904,1.061763,1.772695,0.000000,0.422346,0.574100,0.204002,0.147746,0.701468,0.654042,0.462687,0.045941,0.610920,0.795893,0.814097,1.086762,0.830327,0.863676,0.919066,0.787052,0.711924,0.601291,0.657979,0.721010,1.020762,0.731511,0.620312,0.623882,0.770293,0.704905,1.008839,0.731319,0.935793,0.619222,0.656150,0.535395,1.040933,1.187521,0.583068,0.466176,0.892401,0.818521,0.816227,0.494851,0.354332,0.367796,0.803564,0.746913,0.914013,0.424843,0.920860,1.031039,0.652831,0.771771,0.920864,0.852330,0.774962,0.726352,0.846003,0.749145
0.372734,0.226537,0.968524,0.745402,0.447092,0.196362,0.613089,0.388572,0.392045,0.380508,0.601364,0.260999,0.927494,0.476640,0.614056,0.551872,0.231089,0.121190,0.471043,0.293747,0.155259,0.129795,1.094248,0.977950,0.785002,0.681344,0.392856,0.485409,0.183852,0.159406,0.504575,0.619171,0.428004,0.422346,0.000000,1.248109,0.397282,0.257775,0.407014,0.489768,0.465108,0.146868,0.667177,0.619016,0.455693,0.446125,0.611472,0.674414,0.401618,0.370905,0.763191,0.501076,0.539604,0.466620,0.520853,0.341390,0.157442,0.051810,0.661888,0.221174,0.460630,0.296728,0.077054,-0.131884,1.122935,0.877135,0.801679,0.619315,0.167976,0.125163,0.672005,0.635818,0.489115,0.126642,0.266004,0.294517,0.692233,0.575473,0.204390,0.094156,0.210068,0.274912,0.329153,0.316294,0.670272,0.541189,0.171715,0.313636,0.644310,0.373577
0.377952,0.351847,0.859814,0.891635,0.476004,0.397338,0.661468,0.573146,0.379215,0.480204,0.472988,0.494136,0.801962,0.679208,0.694607,0.793605,0.276960,0.333525,0.433971,0.388488,0.279311,0.297192,0.824656,0.938281,0.542768,0.806518,0.450576,0.599890,0.266437,0.345929,0.617014,0.771139,0.517014,0.574100,1.248109,0.000000,0.440075,0.398664,0.572155,0.716037,0.611926,0.258111,0.786932,0.829227,0.649471,0.705212,0.768676,0.862336,0.547963,0.566358,0.822813,0.706225,0.630793,0.603214,0.697731,0.611099,0.168737,0.148830,0.745064,0.360492,0.515167,0.556303,0.186593,0.065252,0.894246,1.019224,0.907424,0.810478,0.165760,0.104991,0.601786,0.694543,0.453888,0.302924,0.355788,0.238629,0.834166,0.755542,0.325967,0.219034,0.313736,0.459142,0.404827,0.478657,0.715742,0.756748,0.322201,0.524877,0.713110,0.665228
0.141632,-0.004494,0.323831,0.269636,0.192338,0.086677,0.241127,0.071983,0.088746,0.146160,0.201994,0.123862,0.304727,0.120870,0.180914,0.292624,0.156720,0.047939,0.126164,0.061702,0.066051,0.202384,0.370318,0.312393,0.296050,0.314460,0.237973,0.385388,0.209827,0.154913,0.411065,0.402503,0.227416,0.204002,0.397282,0.440075,0.000000,0.223237,0.507160,0.472519,0.487445,0.236198,0.273558,0.311653,0.255037,0.256977,0.322767,0.271190,0.251108,0.271956,0.482477,0.301981,0.341617,0.263112,0.330119,0.334739,0.000129,-0.089829,0.226190,0.104355,0.153142,0.150567,0.107020,-0.118272,0.337784,0.336461,0.347345,0.281050,0.016719,-0.036908,0.385036,0.438664,0.365752,0.098255,0.202047,0.107459,0.359625,0.246232,0.085111,0.049013,0.136022,0.096671,0.181718,0.273959,0.380884,0.226937,0.281085,0.420071,0.295252,0.184198
-0.147674,0.308035,0.305290,0.607033,0.380293,0.785484,0.197520,0.580345,0.188314,0.474676,-0.180825,0.501366,0.008615,0.683794,0.318091,0.584061,-0.137876,0.414315,-0.069844,0.166861,0.455064,0.637677,0.230128,0.486680,0.279829,0.656312,0.114236,0.280026,-0.199130,0.380802,0.278565,0.345892,0.074240,0.147746,0.257775,0.398664,0.223237,0.000000,0.302047,0.584086,0.410264,0.352049,0.506849,0.542567,0.383558,0.413029,0.445856,0.487037,0.223963,0.258089,0.239625,0.496568,0.288698,0.379553,0.349407,0.633882,-0.212237,0.110666,0.159121,0.195216,-0.060632,0.369003,-0.106036,0.252744,-0.014302,0.319801,0.276676,0.398043,-0.070032,-0.038460,0.203554,0.399398,-0.068054,0.571057,0.207079,0.061627,0.255316,0.464489,0.011849,0.077171,-0.105845,0.403762,0.082087,0.389240,0.082868,0.560057,0.184656,0.418993,0.187692,0.544580
0.337338,0.283265,0.365355,0.422508,0.217078,0.545686,0.502475,0.434635,0.423513,0.415474,0.356180,0.523720,0.453966,0.512051,0.745431,0.814339,0.398700,0.439735,0.307711,0.398202,0.617002,0.437698,0.313973,0.379220,0.065809,0.420961,0.405429,0.496992,0.573193,0.660065,0.789477,0.756868,0.773419,0.701468,0.407014,0.572155,0.507160,0.302047,0.000000,1.087587,0.519308,0.247879,0.596277,0.803164,0.702719,0.842216,0.775732,0.847506,0.614870,0.537278,0.593396,0.502592,0.560539,0.538256,0.945147,0.832279,0.184123,0.198924,0.548269,0.443023,0.523703,0.476417,0.430784,0.362215,0.377703,0.407667,0.695072,0.751458,0.137370,0.041824,0.609067,0.640600,0.488043,0.413900,0.342617,0.211521,0.780642,0.601022,0.498863,0.335450,0.464989,0.534356,0.545130,0.693367,0.512839,0.519963,0.783083,0.825622,0.660173,0.595494
0.327153,0.462719,0.485281,0.650757,0.269859,0.617838,0.520790,0.602909,0.409044,0.514763,0.283105,0.615860,0.461904,0.715686,0.771359,1.012279,0.348856,0.585625,0.313508,0.482802,0.615893,0.603198,0.411473,0.546725,0.124333,0.520595,0.423944,0.502878,0.414083,0.657862,0.799164,0.801617,0.637623,0.654042,0.489768,0.716037,0.472519,0.584086,1.087587,0.000000,0.801579,0.490567,0.705043,0.898002,0.703508,0.880199,0.821854,0.924066,0.621683,0.602705,0.670380,0.676579,0.627261,0.648873,0.961757,1.163110,0.193732,0.291295,0.545015,0.492476,0.425669,0.548075,0.376866,0.352976,0.400418,0.519285,0.748912,0.878998,0.204547,0.125761,0.592894,0.694822,0.413704,0.511263,0.311153,0.196608,0.793398,0.697912,0.502713,0.339549,0.478212,0.672552,0.575968,0.861695,0.566993,0.735400,0.847785,1.009186,0.701350,0.832011
0.289372,0.447265,0.500736,0.629256,0.377849,0.355515,0.478081,0.568989,0.226806,0.436578,0.197755,0.600939,0.477127,0.533989,0.474164,0.730899,0.395624,0.582413,0.374511,0.479952,0.314636,0.567579,0.508450,0.574466,0.095887,0.345896,0.354664,0.358993,0.423028,0.574134,0.633724,0.618186,0.419609,0.462687,0.465108,0.611926,0.487445,0.410264,0.519308,0.801579,0.000000,0.623987,0.545927,0.640529,0.482991,0.579961,0.617476,0.667107,0.451448,0.391138,0.575302,0.518449,0.583858,0.656062,0.665327,0.746832,0.130110,0.238870,0.377596,0.282110,0.351813,0.359582,0.402347,0.328798,0.366463,0.342221,0.522904,0.658846,0.205756,0.153485,0.401442,0.499552,0.411471,0.495017,0.295800,0.130376,0.559683,0.502510,0.430638,0.306290,0.400562,0.670890,0.453401,0.644464,0.559093,0.652955,0.514656,0.630023,0.444383,0.549403
-0.155292,0.093103,0.164711,0.392264,0.011484,0.308489,0.111615,0.380542,-0.050130,0.128326,-0.090498,0.328084,0.035633,0.446310,0.111418,0.382038,-0.079563,0.177707,-0.160579,0.009767,0.141149,0.517623,0.189805,0.306763,0.032389,0.237283,0.077191,0.035270,0.028732,0.451935,0.270498,0.263075,-0.005067,0.045941,0.146868,0.258111,0.236198,0.352049,0.247879,0.490567,0.623987,0.000000,0.315529,0.373928,0.228541,0.222603,0.291231,0.302290,0.124271,0.076548,0.219232,0.273937,0.128869,0.185274,0.188986,0.420654,-0.215387,-0.058954,-0.020992,0.000609,-0.041984,0.174356,0.004459,0.173399,0.008184,0.236590,0.095191,0.160276,-0.137683,-0.178157,0.075860,0.238345,0.065218,0.461993,0.245729,0.095536,0.236638,0.330093,0.037568,0.405118,0.049332,0.245231,0.291265,0.494956,0.113395,0.320856,0.242313,0.264187,0.001447,0.280186
0.229617,0.302344,0.824984,1.046966,0.499063,0.644537,0.892512,0.962285,0.326850,0.522610,0.428055,0.735877,0.616164,0.718073,0.634346,0.823637,0.329586,0.364678,0.381675,0.385184,0.201536,0.185617,0.795350,0.918798,0.415943,0.656224,0.090456,0.351380,0.349403,0.592792,0.522314,0.616217,0.598156,0.610920,0.667177,0.786932,0.273558,0.506849,0.596277,0.705043,0.545927,0.315529,0.000000,1.599813,1.016771,0.832093,1.580683,1.360750,0.740208,0.435991,0.789536,0.554540,0.687142,0.627929,0.873430,0.714067,-0.034672,0.016210,0.644355,0.306033,0.562188,0.629382,0.202288,0.305658,0.507272,0.651439,0.790475,0.799224,-0.028298,-0.075867,0.526597,0.663227,0.447390,0.548005,0.502030,0.367220,1.048970,1.071670,0.328386,0.241955,0.240808,0.513524,0.561333,0.668734,0.479246,0.623581,0.487409,0.443275,0.574703,0.626931
0.284114,0.428442,0.679832,0.957880,0.488933,0.757369,0.822928,1.003228,0.397528,0.629309,0.397142,0.883923,0.641091,0.859129,0.785738,1.006921,0.440393,0.567942,0.419717,0.531599,0.369170,0.340622,0.669789,0.838657,0.322077,0.674383,0.227107,0.437535,0.485372,0.818694,0.687199,0.814230,0.747441,0.795893,0.619016,0.829227,0.311653,0.542567,0.803164,0.898002,0.640529,0.373928,1.599813,0.000000,1.184089,1.112842,1.579695,1.788882,0.873545,0.577741,0.900757,0.690420,0.796275,0.825717,1.059396,0.958311,0.049635,0.150820,0.670388,0.394598,0.642352,0.708808,0.350387,0.483110,0.529862,0.709233,0.904073,1.014390,0.075426,0.009343,0.633510,0.793391,0.517661,0.665727,0.503270,0.421677,1.061320,1.109731,0.482170,0.347006,0.367659,0.730651,0.572308,0.796263,0.553188,0.788722,0.640776,0.640213,0.630397,0.737595
0.391776,0.463550,0.508623,0.597396,0.411813,0.626181,0.664274,0.616511,0.272118,0.441548,0.331596,0.672597,0.556376,0.584994,0.614354,0.798615,0.455807,0.600590,0.417512,0.537342,0.407557,0.307381,0.451180,0.516661,0.117913,0.465609,0.374016,0.494818,0.483245,0.613928,0.781474,0.761868,0.815486,0.814097,0.455693,0.649471,0.255037,0.383558,0.702719,0.703508,0.482991,0.228541,1.016771,1.184089,0.000000,1.407581,1.279169,1.015693,1.193834,0.910197,0.766399,0.792036,0.608131,0.799126,1.087981,0.961554,0.275022,0.305586,0.722001,0.575850,0.647167,0.632258,0.469317,0.419685,0.481675,0.495859,0.923861,0.988275,0.224515,0.137488,0.520870,0.679547,0.469634,0.456975,0.255795,0.323558,0.689191,0.674023,0.591706,0.451375,0.534076,0.745397,0.522599,0.654438,0.659200,0.819378,0.617471,0.671955,0.725414,0.771692
0.535299,0.714849,0.465102,0.640841,0.383068,0.728337,0.649068,0.705063,0.396263,0.539431,0.352924,0.862088,0.575099,0.711747,0.791825,0.961978,0.539183,0.871524,0.498028,0.766599,0.600022,0.476026,0.405470,0.504163,0.074116,0.529404,0.457460,0.579606,0.636759,0.836075,0.905927,0.936351,1.053275,1.086762,0.446125,0.705212,0.256977,0.413029,0.842216,0.880199,0.579961,0.222603,0.832093,1.112842,1.407581,0.000000,1.147089,1.066118,1.371907,1.189321,0.852682,1.007042,0.767161,0.965707,1.337774,1.208735,0.411021,0.515950,0.816168,0.822107,0.728164,0.812259,0.633513,0.602359,0.503776,0.570083,1.122826,1.446293,0.365452,0.280131,0.580399,0.732422,0.515460,0.535557,0.280942,0.275430,0.753277,0.746011,0.758318,0.476620,0.632849,0.991120,0.520091,0.733678,0.729977,0.991407,0.701446,0.862277,0.794065,0.964543
0.441302,0.447252,0.803156,0.914260,0.489392,0.630667,0.942924,0.847204,0.399857,0.494455,0.524194,0.789765,0.703914,0.708783,0.748541,0.896935,0.496885,0.534004,0.516173,0.578873,0.354053,0.270188,0.739262,0.783129,0.323708,0.578321,0.212358,0.395242,0.545285,0.693984,0.691198,0.743116,0.838886,0.830327,0.611472,0.768676,0.322767,0.445856,0.775732,0.821854,0.617476,0.291231,1.580683,1.579695,1.279169,1.147089,0.000000,1.572947,1.123823,0.721919,1.064045,0.759399,0.863801,0.911419,1.281874,0.981878,0.191358,0.217162,0.828145,0.506631,0.714849,0.647298,0.410503,0.384124,0.567774,0.595880,1.004937,1.031691,0.182025,0.085823,0.644629,0.744289,0.606113,0.578829,0.462934,0.378342,1.153761,1.119974,0.545783,0.358258,0.477852,0.730261,0.675514,0.790852,0.678834,0.778963,0.628035,0.607200,0.768415,0.767049
0.389818,0.476991,0.797555,1.009226,0.521779,0.724690,0.929730,0.991829,0.493451,0.624748,0.464843,0.850191,0.713645,0.816305,0.860154,1.004992,0.507661,0.576964,0.498176,0.618752,0.399563,0.329067,0.768813,0.897760,0.369302,0.685909,0.234791,0.440559,0.544705,0.781247,0.711624,0.834356,0.825290,0.863676,0.674414,0.862336,0.271190,0.487037,0.847506,0.924066,0.667107,0.302290,1.360750,1.788882,1.015693,1.066118,1.572947,0.000000,0.889922,0.593568,1.022096,0.698356,0.981115,0.921624,1.222516,0.970151,0.142497,0.219635,0.778476,0.467506,0.690266,0.651663,0.402229,0.466133,0.577477,0.654509,1.018263,1.122499,0.172731,0.105768,0.692466,0.817319,0.571229,0.619053,0.475846,0.395738,1.165649,1.173801,0.537913,0.344752,0.432074,0.781149,0.602761,0.761365,0.595935,0.781997,0.644871,0.597563,0.719288,0.756147
0.756714,0.697251,0.537593,0.521650,0.367097,0.439338,0.692750,0.484376,0.403873,0.345362,0.511900,0.585685,0.624085,0.487700,0.666239,0.679796,0.589503,0.668632,0.627269,0.804607,0.404161,0.239257,0.471940,0.439521,0.175164,0.389828,0.284394,0.438576,0.666802,0.594763,0.671539,0.647038,0.947311,0.919066,0.401618,0.547963,0.251108,0.223963,0.614870,0.621683,0.451448,0.124271,0.740208,0.873545,1.193834,1.371907,1.123823,0.889922,0.000000,1.318795,1.101171,0.966088,0.848652,1.101399,1.326971,0.987964,0.597620,0.580876,0.925401,0.800589,0.731239,0.546105,0.588308,0.362649,0.549550,0.434938,1.046268,1.117488,0.514239,0.430380,0.574551,0.645686,0.602335,0.336925,0.217050,0.269794,0.763127,0.706244,0.701084,0.433002,0.709210,0.788928,0.533975,0.571365,0.749067,0.816163,0.610580,0.590917,0.813416,0.754889
