0.000000,1.214221,0.663332,0.699790,0.357710,0.683922,0.881988,0.881151,0.329962,0.721834,0.629987,0.755123,0.886805,0.853874,0.706257,0.815259,0.337353,0.468669,0.762395,1.021008,0.292837,0.089678,0.459892,0.587226,0.243398,0.299481,0.214101,0.163767,0.215876,0.382049,0.290818,0.089507,0.897452,0.426459,0.430978,0.367097,0.419167,0.570533,0.218240,0.454544,-0.019265,0.159273,0.865179,0.828631,0.736497,0.765729,0.795742,0.769128,0.754437,0.804331,0.925787,0.835050,0.652900,0.503704,1.019879,1.095241,1.053840,1.010950,0.701892,0.688018,0.827115,0.686331,0.810802,0.535372,0.466641,0.549987,0.750327,0.577461,0.658441,0.803541,0.489206,0.398952,0.836309,0.826887,0.781633,0.620039,0.663391,0.468463,0.170085,0.083900,0.342263,0.456488,0.314734,0.191495,0.689410,0.641806,0.503116,0.351321,0.524646,0.548537
1.214221,0.000000,0.493645,0.660724,0.381146,0.562714,0.593005,0.771103,0.240219,0.650004,0.311620,0.707785,0.495525,0.628658,0.598238,0.661129,0.358749,0.559602,0.648099,1.249557,0.435145,0.218148,0.348203,0.394461,0.246906,0.239445,0.332468,0.313408,0.313549,0.464534,0.320774,0.102767,0.752482,0.414982,0.441355,0.439970,0.471677,0.494992,0.174932,0.282014,0.022607,0.127952,0.640393,0.626812,0.611458,0.725394,0.688793,0.615052,0.739486,0.852765,0.831364,0.682868,0.610104,0.325470,0.828165,0.889791,1.162645,1.372567,0.845147,0.840353,0.816081,0.790549,0.660528,0.567400,0.356232,0.510815,0.654046,0.599200,0.959387,0.944567,0.458381,0.454144,0.790169,0.855043,0.623186,0.562976,0.669909,0.563857,0.288578,0.090255,0.420587,0.565622,0.311510,0.194028,0.596704,0.555610,0.471180,0.407447,0.429089,0.559647
0.663332,0.493645,0.000000,1.220419,0.758734,0.617315,1.365023,0.832383,0.726599,0.518201,0.294404,0.285268,0.464274,0.412077,0.531424,0.467475,-0.065714,0.026536,0.649657,0.518919,0.278251,0.066148,1.056007,1.013454,0.574652,0.379760,0.388778,0.154333,-0.077784,0.032767,0.216437,-0.030141,0.860069,0.329315,0.742075,0.390853,0.215840,0.355273,0.051746,0.180719,-0.153805,0.036124,0.761170,0.670847,0.840619,0.524493,0.546549,0.583607,0.492962,0.413799,0.969705,0.487079,0.365542,0.178751,0.612592,0.521670,0.333812,0.491776,0.500891,0.343095,0.425264,0.300509,0.247964,0.036312,0.916739,0.478158,1.245489,0.849221,0.548847,0.577724,0.290571,0.157332,0.691004,0.674887,0.673916,0.747120,0.584420,0.460403,-0.128974,-0.095840,0.124800,0.213942,0.124063,0.084835,0.996560,0.721197,0.237881,0.057196,0.748750,0.669489
0.699790,0.660724,1.220419,0.000000,0.695216,0.686756,1.233855,1.260791,0.666411,0.710592,0.286695,0.512073,0.452072,0.493960,0.597018,0.637273,0.026174,0.083482,0.581505,0.675161,0.327524,0.161014,1.097962,1.178053,0.358900,0.336896,0.337592,0.261127,0.000998,0.109822,0.312062,0.073619,0.842581,0.464833,0.820865,0.614111,0.188012,0.408297,0.075967,0.222465,-0.134220,0.050906,0.677050,0.619638,0.747430,0.654527,0.587184,0.630500,0.492568,0.468282,0.964977,0.549366,0.433632,0.166128,0.654876,0.663846,0.469438,0.529745,0.589653,0.462559,0.516940,0.579859,0.304475,0.124348,0.990240,0.855650,1.093293,1.152829,0.712035,0.749053,0.308587,0.257966,0.738828,0.804416,0.693808,0.791497,0.638523,0.633827,0.021159,-0.058477,0.224014,0.344665,0.162947,0.162290,1.137170,0.926960,0.402908,0.226958,0.828721,0.990741
0.357710,0.381146,0.758734,0.695216,0.000000,0.692668,0.581494,0.513105,0.920549,0.392916,0.206355,0.203182,0.274773,0.291751,0.410454,0.295539,0.045680,0.029366,0.451466,0.371581,0.191970,0.130597,0.669941,0.526003,0.474013,0.539104,0.738575,0.390273,0.057912,0.093752,0.326205,0.114960,0.473619,0.357967,0.399299,0.278073,-0.062020,0.096719,-0.187244,-0.177344,-0.184458,-0.110276,0.424427,0.376545,0.475551,0.382247,0.366409,0.331265,0.512455,0.479463,0.712840,0.305967,0.417845,0.066876,0.280567,0.201299,0.266738,0.424452,0.715217,0.529035,0.518901,0.351667,0.224120,0.112030,0.575459,0.316262,0.720650,0.640386,0.583251,0.584210,0.022017,-0.033186,0.491181,0.618390,0.329006,0.454292,0.324085,0.288224,0.083200,-0.002832,0.228588,0.230915,0.103083,-0.002544,0.573487,0.365981,-0.044535,-0.135136,0.414663,0.471778
0.683922,0.562714,0.617315,0.686756,0.692668,0.000000,0.697921,0.824824,0.884276,0.938577,0.305891,0.421894,0.545533,0.624758,0.580850,0.706435,0.268835,0.296132,0.383099,0.541535,0.181989,0.031283,0.421926,0.546812,0.138411,0.476870,0.504828,0.365917,0.204438,0.289025,0.207510,0.021772,0.618060,0.366952,0.383894,0.273209,0.217329,0.280387,0.053478,0.178974,-0.066175,0.054092,0.552749,0.527452,0.616489,0.557862,0.462678,0.439998,0.741348,0.695425,0.758755,0.571782,0.539806,0.118951,0.584807,0.563441,0.649295,0.658739,0.814856,0.698559,0.802319,0.618064,0.589762,0.402030,0.581322,0.535727,0.758820,0.654796,0.600282,0.669313,0.265963,0.183482,0.614451,0.728997,0.510774,0.482216,0.418860,0.382447,0.192386,0.114268,0.348906,0.368620,0.224384,0.116682,0.617180,0.405311,0.433085,0.245471,0.609754,0.514027
0.881988,0.593005,1.365023,1.233855,0.581494,0.697921,0.000000,1.218640,0.628796,0.755759,0.475020,0.538361,0.738209,0.630995,0.604143,0.667980,0.067068,0.117564,0.620632,0.605354,0.207590,0.051850,1.066503,1.163609,0.355084,0.341219,0.208901,0.088339,-0.003782,0.126929,0.235955,0.038403,0.971568,0.462249,0.743830,0.520713,0.250174,0.497465,0.122567,0.378931,-0.136399,0.114495,0.872634,0.797907,0.875429,0.660229,0.659689,0.713776,0.542513,0.511072,0.992576,0.658998,0.400110,0.273502,0.774372,0.777911,0.450735,0.502786,0.487690,0.393041,0.528146,0.474949,0.379797,0.169374,1.038033,0.709265,1.123466,0.890226,0.455916,0.611598,0.357905,0.239207,0.811944,0.754837,0.764348,0.694888,0.596786,0.494852,-0.034963,-0.018865,0.169874,0.268177,0.215040,0.125797,1.041990,0.831022,0.439288,0.204009,0.802395,0.766593
0.881151,0.771103,0.832383,1.260791,0.513105,0.824824,1.218640,0.000000,0.565762,1.098958,0.386101,0.828385,0.661802,0.795992,0.589154,0.758297,0.166383,0.215322,0.433859,0.704184,0.241213,0.084315,0.671858,0.863309,0.143626,0.248408,0.159803,0.135075,0.075196,0.225857,0.179258,0.009121,0.850378,0.472213,0.625502,0.589228,0.264722,0.501618,0.068528,0.372562,-0.100707,0.143398,0.781097,0.709329,0.801469,0.810411,0.682642,0.715185,0.672484,0.640480,0.878908,0.789372,0.569107,0.283540,0.861620,0.913795,0.590747,0.550425,0.661628,0.634442,0.718851,0.859034,0.562542,0.399557,0.721263,0.927172,0.934714,1.085761,0.494857,0.713351,0.352067,0.289236,0.917657,0.948557,0.847236,0.746496,0.628011,0.591135,0.101237,-0.046295,0.239121,0.366991,0.245130,0.133255,0.852229,0.759895,0.559385,0.322736,0.668285,0.858327
0.329962,0.240219,0.726599,0.666411,0.920549,0.884276,0.628796,0.565762,0.000000,0.539252,0.260034,0.184644,0.374291,0.328926,0.571910,0.451367,0.076129,0.050808,0.301387,0.237994,0.173747,0.009143,0.599737,0.655652,0.301143,0.655730,0.578640,0.410591,0.080715,0.118297,0.263518,0.097856,0.440815,0.285898,0.423350,0.237317,0.021108,0.100590,0.004767,0.000478,-0.095581,0.033691,0.480662,0.399457,0.510931,0.366389,0.410197,0.363887,0.476265,0.449351,0.656518,0.359988,0.280063,0.094808,0.350800,0.273642,0.235936,0.327908,0.492026,0.335227,0.417307,0.299967,0.196867,0.031704,0.744304,0.455041,0.636833,0.515623,0.420066,0.425148,0.076077,0.016444,0.424318,0.494855,0.343776,0.429629,0.301517,0.212186,0.097445,0.082900,0.282335,0.228490,0.162704,0.126826,0.680257,0.445858,0.112671,0.060777,0.563761,0.451651
0.721834,0.650004,0.518201,0.710592,0.392916,0.938577,0.755759,1.098958,0.539252,0.000000,0.447599,0.784715,0.650516,0.779640,0.579103,0.797909,0.325435,0.312647,0.245728,0.474658,0.205981,-0.115440,0.421747,0.573982,0.094833,0.305316,0.128987,0.124234,0.247555,0.327610,0.155749,0.050059,0.654382,0.425920,0.476571,0.426201,0.248951,0.351014,0.039606,0.347516,-0.001003,0.039641,0.593346,0.531315,0.614132,0.636220,0.511080,0.454317,0.736785,0.704855,0.789165,0.815866,0.578453,0.240471,0.749027,0.759202,0.597118,0.497305,0.611884,0.548530,0.681910,0.813221,0.478512,0.399320,0.631630,0.819155,0.645051,0.687009,0.349033,0.409332,0.282704,0.159637,0.640083,0.662375,0.632394,0.406538,0.448109,0.348314,0.168392,0.093296,0.356122,0.325801,0.276173,0.052569,0.656096,0.548921,0.587751,0.275893,0.529162,0.599684
0.629987,0.311620,0.294404,0.286695,0.206355,0.305891,0.475020,0.386101,0.260034,0.447599,0.000000,0.725021,1.144647,0.772487,0.758825,0.669428,0.519513,0.294165,0.331053,0.198382,-0.094058,-0.184025,0.412010,0.514625,0.282484,0.485943,0.129979,0.039221,0.376672,0.272509,0.590674,0.525366,0.610601,0.589759,0.289985,0.244860,0.241821,0.269432,0.066407,0.356788,-0.080574,-0.030572,0.488972,0.480196,0.423526,0.409447,0.342575,0.379941,0.375322,0.316013,0.458953,0.448894,0.300600,0.341658,0.485994,0.447034,0.455421,0.251517,0.255265,0.141060,0.484641,0.415558,0.446192,0.313924,0.518636,0.435343,0.385502,0.259489,0.012199,0.070480,0.063062,0.124852,0.385331,0.322014,0.488886,0.212729,0.237213,0.084281,0.260869,0.201438,0.302661,0.147301,0.173111,-0.036493,0.434974,0.319110,0.187792,0.055161,0.331096,0.239820
0.755123,0.707785,0.285268,0.512073,0.203182,0.421894,0.538361,0.828385,0.184644,0.784715,0.725021,0.000000,0.819371,1.156525,0.707793,0.860786,0.562596,0.476249,0.216410,0.498348,0.246068,0.046250,0.290368,0.445929,0.113874,0.273151,0.073776,0.118120,0.448765,0.516183,0.327895,0.260826,0.647887,0.506122,0.416282,0.494633,0.266396,0.442644,0.026152,0.352095,0.051821,0.043325,0.560372,0.563884,0.516601,0.687112,0.514660,0.529063,0.650792,0.580508,0.603695,0.707107,0.495118,0.367382,0.695526,0.749650,0.626827,0.435465,0.506763,0.479880,0.688882,0.899496,0.663166,0.687722,0.414790,0.716128,0.473766,0.564798,0.237276,0.313580,0.208305,0.291542,0.619997,0.653143,0.603447,0.424801,0.513437,0.386443,0.310246,0.158912,0.414154,0.449213,0.361225,0.112838,0.509330,0.523011,0.410114,0.312533,0.316612,0.475602
0.886805,0.495525,0.464274,0.452072,0.274773,0.545533,0.738209,0.661802,0.374291,0.650516,1.144647,0.819371,0.000000,1.122561,0.900700,0.861174,0.344667,0.333879,0.272543,0.340420,0.073005,-0.053829,0.381155,0.566507,0.216508,0.346651,0.166266,0.070796,0.219747,0.298852,0.360455,0.230053,0.698642,0.394462,0.378508,0.297273,0.277293,0.427488,0.121521,0.510782,-0.094376,0.107356,0.741355,0.736228,0.541256,0.538233,0.563418,0.615213,0.550487,0.538202,0.688644,0.686483,0.436030,0.526827,0.777326,0.748189,0.546798,0.418237,0.379088,0.291148,0.674108,0.534437,0.644942,0.426693,0.562053,0.510853,0.528781,0.359671,0.118763,0.270872,0.314938,0.363315,0.649154,0.573499,0.749625,0.395771,0.448328,0.298950,0.141645,0.154863,0.261000,0.258082,0.226746,0.075833,0.542064,0.495037,0.352091,0.192335,0.444440,0.378626
0.853874,0.628658,0.412077,0.493960,0.291751,0.624758,0.630995,0.795992,0.328926,0.779640,0.772487,1.156525,1.122561,0.000000,0.839055,0.969971,0.509141,0.491204,0.238244,0.527084,0.203304,0.048133,0.326539,0.503694,0.139477,0.311863,0.085830,0.035682,0.338745,0.462850,0.350887,0.250440,0.769419,0.507298,0.405834,0.440555,0.223275,0.432960,-0.032887,0.332652,-0.048418,0.109541,0.765157,0.755263,0.631065,0.657799,0.598620,0.648894,0.695441,0.630674,0.644800,0.665896,0.511978,0.426786,0.745517,0.729252,0.732830,0.550707,0.545092,0.482646,0.736543,0.659752,0.756491,0.660469,0.395065,0.472369,0.601257,0.553255,0.252731,0.377771,0.290650,0.242131,0.700193,0.731416,0.748690,0.497973,0.538274,0.401192,0.219100,0.113903,0.327374,0.399114,0.291812,0.061050,0.469570,0.489994,0.274459,0.218281,0.317415,0.364959
0.706257,0.598238,0.531424,0.597018,0.410454,0.580850,0.604143,0.589154,0.571910,0.579103,0.758825,0.707793,0.900700,0.839055,0.000000,1.205512,0.439918,0.471061,0.310673,0.427772,0.319188,0.202365,0.458365,0.652722,0.341120,0.633582,0.472806,0.425231,0.422558,0.483041,0.528583,0.305540,0.691905,0.347206,0.624845,0.595014,0.450536,0.527186,0.213600,0.326768,0.044995,0.137290,0.730625,0.783246,0.690405,0.741284,0.689779,0.708382,0.534937,0.607417,0.764956,0.662642,0.301396,0.319581,0.709862,0.624597,0.692668,0.591651,0.425331,0.319701,0.507604,0.533477,0.452166,0.312535,0.729603,0.719813,0.666009,0.542975,0.421523,0.445669,0.410997,0.416798,0.728259,0.736160,0.768007,0.563117,0.635372,0.514608,0.279897,0.273000,0.461298,0.482415,0.406593,0.267687,0.786249,0.779852,0.294490,0.397889,0.521800,0.408496
0.815259,0.661129,0.467475,0.637273,0.295539,0.706435,0.667980,0.758297,0.451367,0.797909,0.669428,0.860786,0.861174,0.969971,1.205512,0.000000,0.637769,0.693748,0.287678,0.516488,0.340203,0.223185,0.463597,0.685112,0.194430,0.497295,0.295073,0.459884,0.608061,0.722830,0.469787,0.309419,0.686203,0.407721,0.626971,0.626510,0.557456,0.742075,0.352271,0.546935,0.221058,0.300076,0.851285,0.924362,0.800744,0.898351,0.796954,0.862870,0.740718,0.757518,0.933983,0.817635,0.496852,0.381212,0.942857,0.905097,0.834658,0.608164,0.564017,0.412490,0.644515,0.608381,0.597518,0.439330,0.682966,0.829363,0.660436,0.630392,0.452414,0.507614,0.426041,0.356510,0.707433,0.810156,0.780679,0.604471,0.667205,0.504735,0.449433,0.416448,0.719467,0.724210,0.626932,0.476264,0.860950,0.888598,0.576274,0.662982,0.635628,0.549819
0.337353,0.358749,-0.065714,0.026174,0.045680,0.268835,0.067068,0.166383,0.076129,0.325435,0.519513,0.562596,0.344667,0.509141,0.439918,0.637769,0.000000,1.078653,0.152176,0.197732,0.134004,0.172145,0.028404,0.065216,0.081906,0.479966,0.115666,0.380215,1.535761,1.093615,0.551821,0.549740,0.381547,0.473785,0.191593,0.282711,0.396222,0.347462,0.098865,0.158697,0.333743,0.070209,0.303620,0.402745,0.343088,0.479671,0.294453,0.354064,0.448541,0.460592,0.329417,0.375603,0.302878,0.012621,0.372210,0.342447,0.649423,0.408539,0.318448,0.310962,0.467485,0.441848,0.534873,0.682256,0.181022,0.317684,0.156586,0.233752,0.195782,0.082802,0.081801,0.054210,0.228599,0.303961,0.211702,0.099972,0.350125,0.113045,1.017862,0.724216,1.051015,0.744970,0.625060,0.263725,0.266617,0.166240,0.258882,0.397294,0.086702,0.033231
0.468669,0.559602,0.026536,0.083482,0.029366,0.296132,0.117564,0.215322,0.050808,0.312647,0.294165,0.476249,0.333879,0.491204,0.471061,0.693748,1.078653,0.000000,0.101767,0.354403,0.402204,0.265718,-0.039609,0.033085,0.087525,0.313458,0.078197,0.370617,1.114002,1.321369,0.301545,0.240399,0.345080,0.198892,0.240404,0.315338,0.497878,0.474178,0.233455,0.268918,0.424681,0.270370,0.505520,0.675237,0.486710,0.671895,0.524864,0.593941,0.514126,0.628533,0.434129,0.525287,0.280540,0.238829,0.479153,0.463721,0.736009,0.642789,0.275925,0.356301,0.386091,0.358334,0.591975,0.782830,0.112982,0.292776,0.201311,0.235332,0.312606,0.265994,0.406742,0.249431,0.330885,0.449839,0.333661,0.236476,0.537976,0.253085,0.709781,0.810000,1.058521,1.098131,0.800246,0.526208,0.318010,0.366936,0.229107,0.527999,0.084439,0.016899
0.762395,0.648099,0.649657,0.581505,0.451466,0.383099,0.620632,0.433859,0.301387,0.245728,0.331053,0.216410,0.272543,0.238244,0.310673,0.287678,0.152176,0.101767,0.000000,0.934229,0.183413,0.206644,0.694308,0.564930,0.244458,0.316598,0.344166,0.176681,0.046920,0.072485,0.372874,0.163554,0.688447,0.527623,0.317174,0.226277,0.196016,0.238597,0.065711,-0.007047,-0.246341,0.029032,0.365675,0.335743,0.385566,0.296963,0.362028,0.344840,0.310813,0.291167,0.533322,0.188799,0.429718,0.039928,0.422349,0.384339,0.563712,0.631741,0.574254,0.455274,0.478296,0.295286,0.387979,0.137019,0.389685,0.205886,0.607274,0.464417,0.813273,0.727039,0.121238,0.133096,0.358669,0.361164,0.310246,0.486381,0.311609,0.274820,0.029526,-0.080190,0.150948,0.190932,0.076520,0.040075,0.581567,0.343210,0.260592,0.147261,0.535687,0.508729
1.021008,1.249557,0.518919,0.675161,0.371581,0.541535,0.605354,0.704184,0.237994,0.474658,0.198382,0.498348,0.340420,0.527084,0.427772,0.516488,0.197732,0.354403,0.934229,0.000000,0.361709,0.236410,0.478239,0.476929,0.123611,0.145088,0.254959,0.193879,0.131107,0.281118,0.282564,0.099083,0.715040,0.474848,0.389528,0.407945,0.349548,0.414496,0.150874,0.157454,-0.108596,0.187489,0.507856,0.496594,0.462264,0.517298,0.591084,0.536906,0.536835,0.576267,0.637818,0.387675,0.600546,0.254000,0.649143,0.669614,0.864177,0.934534,0.776638,0.728614,0.659244,0.566272,0.558758,0.421718,0.299795,0.369053,0.582170,0.545334,0.999913,1.101782,0.351178,0.334526,0.564271,0.667972,0.499637,0.577748,0.480420,0.475458,0.089779,-0.080867,0.236529,0.439267,0.210617,0.169267,0.529480,0.517006,0.396935,0.377590,0.511291,0.633737
0.292837,0.435145,0.278251,0.327524,0.191970,0.181989,0.207590,0.241213,0.173747,0.205981,-0.094058,0.246068,0.073005,0.203304,0.319188,0.340203,0.134004,0.402204,0.183413,0.361709,0.000000,0.565621,0.151734,0.174441,0.164335,0.153392,0.298413,0.437775,0.253538,0.471155,0.160265,0.017089,0.216923,-0.037434,0.308864,0.213388,0.172495,0.275706,0.181783,0.090992,0.454584,0.394833,0.437940,0.427202,0.324532,0.356728,0.554479,0.467276,0.264139,0.378625,0.439185,0.291492,0.169787,0.186866,0.359066,0.361151,0.321769,0.408758,0.221658,0.233867,0.109037,0.145090,0.147855,0.101517,0.155502,0.206746,0.264161,0.237019,0.475274,0.404662,0.441681,0.338913,0.304756,0.376978,0.274643,0.359499,0.567929,0.519217,0.088051,0.189543,0.377213,0.608141,0.527749,0.515747,0.392435,0.522604,0.096476,0.399642,0.211184,0.205497
0.089678,0.218148,0.066148,0.161014,0.130597,0.031283,0.051850,0.084315,0.009143,-0.115440,-0.184025,0.046250,-0.053829,0.048133,0.202365,0.223185,0.172145,0.265718,0.206644,0.236410,0.565621,0.000000,0.085579,0.088027,0.019870,0.192262,0.294383,0.518921,0.239302,0.331909,0.266125,0.170988,0.120912,0.033032,0.258190,0.381573,0.275114,0.414216,0.177002,-0.012048,0.150164,0.393219,0.228496,0.297608,0.218522,0.309531,0.435522,0.475729,0.090244,0.200052,0.247646,0.085735,0.037865,-0.086253,0.227038,0.164690,0.215361,0.238698,0.169526,0.147827,0.035845,0.058463,0.040982,-0.029829,0.044679,0.147725,0.164855,0.266613,0.417800,0.442252,0.206933,0.378780,0.225305,0.333483,0.134222,0.471266,0.473789,0.551776,0.233779,0.193915,0.313079,0.468441,0.395040,0.436291,0.273365,0.390067,0.126445,0.566146,0.110878,0.072033
0.459892,0.348203,1.056007,1.097962,0.669941,0.421926,1.066503,0.671858,0.599737,0.421747,0.412010,0.290368,0.381155,0.326539,0.458365,0.463597,0.028404,-0.039609,0.694308,0.478239,0.151734,0.085579,0.000000,1.459673,0.545360,0.413898,0.295783,0.197449,0.016141,0.031460,0.526963,0.323413,0.688615,0.611829,0.711987,0.464446,0.104327,0.327925,0.065984,0.123238,-0.165016,0.047734,0.535600,0.477584,0.566153,0.391482,0.428514,0.478176,0.266573,0.225811,0.749828,0.296985,0.292075,0.088758,0.415357,0.386151,0.259977,0.277013,0.371349,0.203245,0.281440,0.240177,0.049784,-0.086452,0.973068,0.553578,0.817689,0.746280,0.469024,0.476453,0.140478,0.056639,0.410477,0.402479,0.406726,0.482200,0.328442,0.286920,-0.008809,0.012693,0.199157,0.195399,0.154873,0.081661,0.950617,0.741363,0.207687,0.096007,0.734287,0.696079
0.587226,0.394461,1.013454,1.178053,0.526003,0.546812,1.163609,0.863309,0.655652,0.573982,0.514625,0.445929,0.566507,0.503694,0.652722,0.685112,0.065216,0.033085,0.564930,0.476929,0.174441,0.088027,1.459673,0.000000,0.509450,0.535178,0.288921,0.228858,0.036693,0.074489,0.464741,0.261227,0.763020,0.554798,0.755856,0.531141,0.209489,0.424385,0.153287,0.309777,-0.148032,0.093469,0.675236,0.609379,0.725844,0.526989,0.523549,0.586622,0.354615,0.315630,0.786659,0.410761,0.269485,0.205797,0.562945,0.562734,0.360085,0.323237,0.374547,0.195030,0.348193,0.340576,0.159956,-0.035218,1.017076,0.744532,0.902583,0.821989,0.416090,0.480563,0.296315,0.233607,0.571617,0.534350,0.589153,0.572384,0.371584,0.353543,0.034590,0.015662,0.217388,0.212966,0.174590,0.137168,1.052615,0.851528,0.339064,0.194953,0.785755,0.705469
0.243398,0.246906,0.574652,0.358900,0.474013,0.138411,0.355084,0.143626,0.301143,0.094833,0.282484,0.113874,0.216508,0.139477,0.341120,0.194430,0.081906,0.087525,0.244458,0.123611,0.164335,0.019870,0.545360,0.509450,0.000000,0.495329,0.478937,0.274922,0.181296,0.168571,0.430442,0.282636,0.421771,0.296130,0.457734,0.197316,0.265880,0.245858,0.119726,0.098119,0.053533,-0.096205,0.469136,0.415382,0.492754,0.317303,0.309317,0.331410,0.237207,0.223752,0.460322,0.262390,0.074401,0.165056,0.253782,0.181727,0.156212,0.243078,0.147802,0.033513,0.134406,0.011548,-0.023302,-0.054847,0.441933,0.163539,0.502179,0.330755,0.174979,0.092838,0.130569,0.084343,0.311157,0.303785,0.260004,0.247965,0.287355,0.158060,0.094499,0.122606,0.206993,0.172732,0.174507,0.050978,0.405273,0.327391,-0.103928,-0.126710,0.178504,0.082975
0.299481,0.239445,0.379760,0.336896,0.539104,0.476870,0.341219,0.248408,0.655730,0.305316,0.485943,0.273151,0.346651,0.311863,0.633582,0.497295,0.479966,0.313458,0.316598,0.145088,0.153392,0.192262,0.413898,0.535178,0.495329,0.000000,0.594591,0.557115,0.489594,0.363258,0.657115,0.519695,0.536306,0.484742,0.425643,0.357531,0.295033,0.321330,0.190513,0.098277,0.087043,0.068892,0.483275,0.476903,0.643250,0.481587,0.449865,0.408577,0.389102,0.403450,0.529998,0.305615,0.076067,0.016369,0.348139,0.283624,0.391968,0.371588,0.408945,0.246045,0.375743,0.268023,0.181987,0.097527,0.558011,0.404747,0.588710,0.472583,0.339517,0.242115,0.183834,0.125155,0.377540,0.428942,0.252464,0.252784,0.280275,0.160007,0.381855,0.297499,0.444011,0.282837,0.367701,0.250726,0.553610,0.375047,0.142616,0.187032,0.316018,0.185396
0.214101,0.332468,0.388778,0.337592,0.738575,0.504828,0.208901,0.159803,0.578640,0.128987,0.129979,0.073776,0.166266,0.085830,0.472806,0.295073,0.115666,0.078197,0.344166,0.254959,0.298413,0.294383,0.295783,0.288921,0.478937,0.594591,0.000000,0.957977,0.198258,0.180333,0.402373,0.162389,0.282632,0.191732,0.342797,0.136325,0.171731,0.048776,0.067246,-0.153453,0.000083,-0.017619,0.224557,0.190661,0.312246,0.241340,0.228822,0.170700,0.297119,0.301700,0.484940,0.082858,0.187503,-0.164118,0.189754,0.103712,0.264407,0.425436,0.535818,0.370626,0.476650,0.284451,0.165862,0.074035,0.418636,0.209947,0.486762,0.329578,0.576789,0.463641,0.053901,0.249794,0.297371,0.361702,0.143384,0.271868,0.212236,0.257137,0.257353,0.117873,0.330979,0.270945,0.158268,0.118599,0.443211,0.183614,0.086001,0.159787,0.420234,0.290522
0.163767,0.313408,0.154333,0.261127,0.390273,0.365917,0.088339,0.135075,0.410591,0.124234,0.039221,0.118120,0.070796,0.035682,0.425231,0.459884,0.380215,0.370617,0.176681,0.193879,0.437775,0.518921,0.197449,0.228858,0.274922,0.557115,0.957977,0.000000,0.537422,0.558716,0.466775,0.275792,0.137577,0.117217,0.343687,0.197234,0.361852,0.267549,0.358604,0.051258,0.391877,0.295015,0.290431,0.314322,0.333131,0.387503,0.395627,0.368949,0.288148,0.317985,0.493477,0.170805,0.160567,-0.061092,0.281487,0.231593,0.321294,0.364989,0.393144,0.273508,0.314308,0.212207,0.143817,0.074786,0.310721,0.340487,0.277553,0.265706,0.500405,0.423871,0.204791,0.356166,0.245484,0.338898,0.081997,0.232812,0.259297,0.251585,0.640672,0.555543,0.767956,0.664203,0.566425,0.552977,0.483358,0.387218,0.252069,0.570696,0.333916,0.260567
0.215876,0.313549,-0.077784,0.000998,0.057912,0.204438,-0.003782,0.075196,0.080715,0.247555,0.376672,0.448765,0.219747,0.338745,0.422558,0.608061,1.535761,1.114002,0.046920,0.131107,0.253538,0.239302,0.016141,0.036693,0.181296,0.489594,0.198258,0.537422,0.000000,1.394024,0.566996,0.580354,0.273248,0.353476,0.233812,0.284844,0.461065,0.352387,0.162094,0.143405,0.497394,0.112298,0.300569,0.389225,0.346039,0.480405,0.322109,0.359588,0.414463,0.425432,0.324005,0.332644,0.213797,0.000039,0.316441,0.248053,0.472891,0.320643,0.221433,0.180256,0.294390,0.302648,0.346316,0.502605,0.162862,0.297027,0.106377,0.158459,0.174676,0.017624,0.126270,0.081383,0.178571,0.286757,0.173931,0.100957,0.377147,0.137376,0.957107,0.901062,1.290672,0.857247,0.778476,0.410667,0.265188,0.209829,0.226224,0.447046,0.042892,-0.030349
0.382049,0.464534,0.032767,0.109822,0.093752,0.289025,0.126929,0.225857,0.118297,0.327610,0.272509,0.516183,0.298852,0.462850,0.483041,0.722830,1.093615,1.321369,0.072485,0.281118,0.471155,0.331909,0.031460,0.074489,0.168571,0.363258,0.180333,0.558716,1.394024,0.000000,0.371362,0.336292,0.295908,0.214924,0.275929,0.362641,0.482672,0.511752,0.223738,0.225797,0.587153,0.281087,0.525948,0.637371,0.446195,0.652515,0.577686,0.631161,0.537251,0.618626,0.466579,0.520123,0.296698,0.224780,0.470021,0.456081,0.538030,0.456099,0.276913,0.301671,0.310038,0.309131,0.463114,0.599600,0.153545,0.311908,0.183420,0.213670,0.248192,0.203115,0.330955,0.171246,0.303962,0.464554,0.297330,0.283973,0.553485,0.277851,0.789165,1.001816,1.252041,1.276952,1.092589,0.664042,0.342786,0.402755,0.233045,0.567461,0.044161,0.024289
0.290818,0.320774,0.216437,0.312062,0.326205,0.207510,0.235955,0.179258,0.263518,0.155749,0.590674,0.327895,0.360455,0.350887,0.528583,0.469787,0.551821,0.301545,0.372874,0.282564,0.160265,0.266125,0.526963,0.464741,0.430442,0.657115,0.402373,0.466775,0.566996,0.371362,0.000000,1.322917,0.572403,0.865201,0.387897,0.322393,0.217077,0.294786,0.220661,0.178346,0.090548,0.139994,0.333358,0.333554,0.353077,0.323455,0.349442,0.335608,0.233991,0.221231,0.403838,0.145983,0.201237,-0.042079,0.307637,0.228193,0.494677,0.323354,0.351801,0.188964,0.385255,0.281643,0.141191,0.122569,0.418957,0.363440,0.340531,0.338440,0.352818,0.222342,0.119364,0.178801,0.191508,0.241038,0.151884,0.195542,0.267534,0.195046,0.486611,0.291387,0.483660,0.388055,0.246993,0.202004,0.389495,0.352866,0.160424,0.281205,0.318570,0.250808
0.089507,0.102767,-0.030141,0.073619,0.114960,0.021772,0.038403,0.009121,0.097856,0.050059,0.525366,0.260826,0.230053,0.250440,0.305540,0.309419,0.549740,0.240399,0.163554,0.099083,0.017089,0.170988,0.323413,0.261227,0.282636,0.519695,0.162389,0.275792,0.580354,0.336292,1.322917,0.000000,0.362182,0.901612,0.231355,0.239656,0.125460,0.188815,0.094570,0.128743,0.130198,0.110620,0.125518,0.145423,0.114086,0.157242,0.172580,0.172356,0.123069,0.116459,0.152836,0.068808,0.127197,-0.032007,0.130347,0.069602,0.267070,0.041742,0.170491,0.039800,0.211146,0.146468,0.023740,0.067356,0.213581,0.230874,0.054056,0.121846,0.078843,-0.060724,-0.068882,-0.001135,-0.009465,0.064223,-0.026151,0.001750,0.077111,0.027414,0.365798,0.267555,0.365429,0.266865,0.286965,0.162590,0.128655,0.183938,0.080367,0.217143,0.123133,0.091856
0.897452,0.752482,0.860069,0.842581,0.473619,0.618060,0.971568,0.850378,0.440815,0.654382,0.610601,0.647887,0.698642,0.769419,0.691905,0.686203,0.381547,0.345080,0.688447,0.715040,0.216923,0.120912,0.688615,0.763020,0.421771,0.536306,0.282632,0.137577,0.273248,0.295908,0.572403,0.362182,0.000000,0.952507,0.803026,0.594508,0.385826,0.471167,0.080178,0.315617,-0.168855,0.060484,0.745459,0.712925,0.938871,0.743404,0.598583,0.637919,0.574669,0.538486,0.841140,0.580056,0.412594,0.111242,0.769480,0.663338,0.766534,0.752772,0.654795,0.567879,0.829639,0.683125,0.591994,0.427361,0.844905,0.648543,1.156264,0.963552,0.572974,0.535956,0.314186,0.213775,0.788885,0.807173,0.723062,0.657715,0.705985,0.495058,0.122705,-0.020734,0.294686,0.360046,0.200353,0.070780,0.861885,0.635249,0.455554,0.258480,0.646370,0.642921
0.426459,0.414982,0.329315,0.464833,0.357967,0.366952,0.462249,0.472213,0.285898,0.425920,0.589759,0.506122,0.394462,0.507298,0.347206,0.407721,0.473785,0.198892,0.527623,0.474848,-0.037434,0.033032,0.611829,0.554798,0.296130,0.484742,0.191732,0.117217,0.353476,0.214924,0.865201,0.901612,0.952507,0.000000,0.517283,0.444160,0.154347,0.195576,-0.092697,0.084396,-0.205374,-0.049846,0.259965,0.243792,0.373209,0.380172,0.204660,0.234858,0.323324,0.274821,0.387333,0.236731,0.349339,-0.066539,0.311959,0.277728,0.497901,0.338475,0.501794,0.397794,0.628075,0.540069,0.325092,0.319870,0.514859,0.476601,0.495979,0.599179,0.346207,0.247900,-0.059031,-0.054903,0.280350,0.335015,0.216528,0.256974,0.217679,0.176363,0.224628,0.001417,0.257933,0.200741,0.099053,-0.074985,0.398407,0.289195,0.276875,0.134970,0.431092,0.482690
0.430978,0.441355,0.742075,0.820865,0.399299,0.383894,0.743830,0.625502,0.423350,0.476571,0.289985,0.416282,0.378508,0.405834,0.624845,0.626971,0.191593,0.240404,0.317174,0.389528,0.308864,0.258190,0.711987,0.755856,0.457734,0.425643,0.342797,0.343687,0.233812,0.275929,0.387897,0.231355,0.803026,0.517283,0.000000,0.979626,0.398874,0.438906,0.150403,0.232372,0.055280,0.060164,0.558369,0.611293,0.838755,0.763940,0.464191,0.559738,0.287959,0.385005,0.694612,0.453243,0.104743,0.020566,0.471027,0.434484,0.364613,0.404578,0.324802,0.244169,0.368254,0.450113,0.173042,0.135537,1.017878,0.782630,0.905723,0.918281,0.442184,0.390338,0.272265,0.280896,0.561962,0.583347,0.542145,0.553813,0.682173,0.637745,0.101696,0.110801,0.360579,0.391990,0.285726,0.205482,0.977772,0.777204,0.407224,0.383107,0.631569,0.647814
0.367097,0.439970,0.390853,0.614111,0.278073,0.273209,0.520713,0.589228,0.237317,0.426201,0.244860,0.494633,0.297273,0.440555,0.595014,0.626510,0.282711,0.315338,0.226277,0.407945,0.213388,0.381573,0.464446,0.531141,0.197316,0.357531,0.136325,0.197234,0.284844,0.362641,0.322393,0.239656,0.594508,0.444160,0.979626,0.000000,0.397773,0.538824,0.130642,0.214824,-0.002402,0.075988,0.450071,0.559188,0.638069,0.801316,0.504481,0.605480,0.302304,0.436357,0.508346,0.507169,0.123193,0.039947,0.435968,0.441266,0.444839,0.382307,0.290112,0.273528,0.288492,0.483181,0.202317,0.206947,0.663019,0.755073,0.616727,0.847087,0.387258,0.404674,0.179124,0.262577,0.534870,0.600147,0.524320,0.526082,0.703992,0.775912,0.161574,0.093386,0.299701,0.438087,0.363471,0.299968,0.688549,0.718957,0.307082,0.409160,0.391031,0.455073
0.419167,0.471677,0.215840,0.188012,-0.062020,0.217329,0.250174,0.264722,0.021108,0.248951,0.241821,0.266396,0.277293,0.223275,0.450536,0.557456,0.396222,0.497878,0.196016,0.349548,0.172495,0.275114,0.104327,0.209489,0.265880,0.295033,0.171731,0.361852,0.461065,0.482672,0.217077,0.125460,0.385826,0.154347,0.398874,0.397773,0.000000,0.826326,0.652458,0.538114,0.284426,0.444072,0.473010,0.539651,0.522742,0.584036,0.545581,0.559746,0.368974,0.432464,0.473077,0.454047,0.229676,0.148006,0.696991,0.537544,0.471150,0.450028,0.258357,0.215423,0.297986,0.274049,0.323544,0.196280,0.281038,0.391623,0.352683,0.275647,0.267164,0.334402,0.385306,0.337265,0.562656,0.525110,0.570205,0.460238,0.558980,0.401128,0.333059,0.239032,0.438206,0.432476,0.468188,0.409584,0.460855,0.435278,0.500623,0.669223,0.353440,0.187644
0.570533,0.494992,0.355273,0.408297,0.096719,0.280387,0.497465,0.501618,0.100590,0.351014,0.269432,0.442644,0.427488,0.432960,0.527186,0.742075,0.347462,0.474178,0.238597,0.414496,0.275706,0.414216,0.327925,0.424385,0.245858,0.321330,0.048776,0.267549,0.352387,0.511752,0.294786,0.188815,0.471167,0.195576,0.438906,0.538824,0.826326,0.000000,0.663034,0.763092,0.247214,0.630452,0.802763,0.899974,0.675769,0.750396,0.983200,1.087946,0.488508,0.611500,0.664575,0.730510,0.271153,0.352578,0.882745,0.816013,0.521337,0.425215,0.322588,0.375915,0.264339,0.330991,0.349803,0.256728,0.350810,0.540236,0.483193,0.497249,0.280125,0.480662,0.572213,0.335461,0.609189,0.672770,0.635854,0.537298,0.738996,0.508834,0.260117,0.266658,0.386289,0.599396,0.683274,0.671629,0.572434,0.855370,0.566695,0.743600,0.313318,0.259692
0.218240,0.174932,0.051746,0.075967,-0.187244,0.053478,0.122567,0.068528,0.004767,0.039606,0.066407,0.026152,0.121521,-0.032887,0.213600,0.352271,0.098865,0.233455,0.065711,0.150874,0.181783,0.177002,0.065984,0.153287,0.119726,0.190513,0.067246,0.358604,0.162094,0.223738,0.220661,0.094570,0.080178,-0.092697,0.150403,0.130642,0.652458,0.663034,0.000000,0.801182,0.478669,0.745688,0.424807,0.406348,0.330471,0.288812,0.525325,0.463290,0.150089,0.184782,0.313191,0.230981,0.084635,0.258061,0.504393,0.450667,0.286155,0.206128,0.077328,0.019994,0.018761,-0.038850,0.044946,-0.094779,0.143192,0.203100,0.124583,0.050701,0.153172,0.257234,0.400878,0.354675,0.143737,0.145158,0.170051,0.141481,0.292429,0.213958,0.278331,0.259797,0.226824,0.339337,0.387422,0.863269,0.283553,0.452478,0.449642,0.697924,0.303411,0.145216
0.454544,0.282014,0.180719,0.222465,-0.177344,0.178974,0.378931,0.372562,0.000478,0.347516,0.356788,0.352095,0.510782,0.332652,0.326768,0.546935,0.158697,0.268918,-0.007047,0.157454,0.090992,-0.012048,0.123238,0.309777,0.098119,0.098277,-0.153453,0.051258,0.143405,0.225797,0.178346,0.128743,0.315617,0.084396,0.232372,0.214824,0.538114,0.763092,0.801182,0.000000,0.283451,0.481081,0.530615,0.531493,0.392263,0.414632,0.521483,0.531738,0.336867,0.372092,0.383778,0.558703,0.234659,0.437821,0.784780,0.836072,0.382486,0.194063,0.159812,0.144557,0.218102,0.242095,0.239490,0.118792,0.265282,0.413980,0.235175,0.181477,-0.000058,0.179630,0.516086,0.480839,0.310428,0.289541,0.471453,0.169014,0.331690,0.216157,0.160823,0.151674,0.175978,0.265620,0.330356,0.487787,0.321032,0.494290,0.686846,0.541805,0.406805,0.282056
-0.019265,0.022607,-0.153805,-0.134220,-0.184458,-0.066175,-0.136399,-0.100707,-0.095581,-0.001003,-0.080574,0.051821,-0.094376,-0.048418,0.044995,0.221058,0.333743,0.424681,-0.246341,-0.108596,0.454584,0.150164,-0.165016,-0.148032,0.053533,0.087043,0.000083,0.391877,0.497394,0.587153,0.090548,0.130198,-0.168855,-0.205374,0.055280,-0.002402,0.284426,0.247214,0.478669,0.283451,0.000000,0.356399,0.231024,0.242239,0.165846,0.182514,0.267816,0.237989,0.152480,0.136637,0.091739,0.174453,0.001090,0.171857,0.153618,0.144824,0.095784,0.029631,-0.083325,-0.146478,-0.163183,-0.150007,-0.065648,0.016925,-0.092769,0.040536,-0.134450,-0.132745,-0.053727,-0.089776,0.224092,0.116161,-0.046670,0.011756,-0.041826,-0.062085,0.208026,0.132940,0.351918,0.485310,0.473964,0.507931,0.766536,0.672443,0.039610,0.173810,0.069309,0.356985,-0.107799,-0.128602
0.159273,0.127952,0.036124,0.050906,-0.110276,0.054092,0.114495,0.143398,0.033691,0.039641,-0.030572,0.043325,0.107356,0.109541,0.137290,0.300076,0.070209,0.270370,0.029032,0.187489,0.394833,0.393219,0.047734,0.093469,-0.096205,0.068892,-0.017619,0.295015,0.112298,0.281087,0.139994,0.110620,0.060484,-0.049846,0.060164,0.075988,0.444072,0.630452,0.745688,0.481081,0.356399,0.000000,0.448339,0.463959,0.255748,0.307525,0.666534,0.620302,0.152204,0.273074,0.256281,0.217941,0.134746,0.358606,0.401704,0.379528,0.182176,0.129351,0.117357,0.156895,0.025062,-0.023458,0.134472,0.030699,0.003179,0.135280,0.076819,0.082531,0.101912,0.305931,0.426949,0.141021,0.170379,0.213079,0.214167,0.240640,0.252719,0.172402,0.154033,0.204156,0.178342,0.392411,0.571925,0.830295,0.190841,0.460254,0.303867,0.739348,0.203420,0.101342
0.865179,0.640393,0.761170,0.677050,0.424427,0.552749,0.872634,0.781097,0.480662,0.593346,0.488972,0.560372,0.741355,0.765157,0.730625,0.851285,0.303620,0.505520,0.365675,0.507856,0.437940,0.228496,0.535600,0.675236,0.469136,0.483275,0.224557,0.290431,0.300569,0.525948,0.333358,0.125518,0.745459,0.259965,0.558369,0.450071,0.473010,0.802763,0.424807,0.530615,0.231024,0.448339,0.000000,1.740372,1.211658,0.939936,1.519154,1.500939,0.719477,0.749672,1.060467,0.813946,0.418470,0.557421,1.064481,0.911271,0.640691,0.629168,0.450715,0.381256,0.427635,0.337102,0.467003,0.277050,0.545735,0.493396,0.829556,0.626639,0.385227,0.551828,0.527494,0.300038,0.843152,0.894193,0.871813,0.719504,0.811558,0.512477,0.242066,0.238303,0.425079,0.584705,0.593052,0.495654,0.799420,0.905766,0.310434,0.379869,0.408964,0.355056
0.828631,0.626812,0.670847,0.619638,0.376545,0.527452,0.797907,0.709329,0.399457,0.531315,0.480196,0.563884,0.736228,0.755263,0.783246,0.924362,0.402745,0.675237,0.335743,0.496594,0.427202,0.297608,0.477584,0.609379,0.415382,0.476903,0.190661,0.314322,0.389225,0.637371,0.333554,0.145423,0.712925,0.243792,0.611293,0.559188,0.539651,0.899974,0.406348,0.531493,0.242239,0.463959,1.740372,0.000000,1.183407,1.132481,1.391250,1.713108,0.667582,0.824161,0.989180,0.889026,0.363684,0.523605,0.960055,0.861791,0.686657,0.651302,0.398712,0.389392,0.420779,0.350120,0.524304,0.359531,0.537923,0.557426,0.767126,0.656412,0.384916,0.557982,0.575900,0.381522,0.823100,0.894453,0.873056,0.687846,0.928128,0.588981,0.287926,0.359777,0.527368,0.747579,0.713565,0.581350,0.813633,0.964809,0.298687,0.442035,0.375970,0.301071
0.736497,0.611458,0.840619,0.747430,0.475551,0.616489,0.875429,0.801469,0.510931,0.614132,0.423526,0.516601,0.541256,0.631065,0.690405,0.800744,0.343088,0.486710,0.385566,0.462264,0.324532,0.218522,0.566153,0.725844,0.492754,0.643250,0.312246,0.333131,0.346039,0.446195,0.353077,0.114086,0.938871,0.373209,0.838755,0.638069,0.522742,0.675769,0.330471,0.392263,0.165846,0.255748,1.211658,1.183407,0.000000,1.261557,0.907720,0.994404,0.698983,0.675050,0.993137,0.713317,0.241921,0.205810,0.793054,0.695751,0.645657,0.701574,0.508227,0.455023,0.511685,0.438601,0.449810,0.313968,0.736503,0.649589,1.250198,1.028627,0.472793,0.571567,0.511824,0.315986,0.886411,0.925607,0.844287,0.711544,0.839464,0.582590,0.297710,0.218094,0.465832,0.529627,0.444340,0.361419,0.959752,0.780105,0.341639,0.368961,0.471247,0.384343
0.765729,0.725394,0.524493,0.654527,0.382247,0.557862,0.660229,0.810411,0.366389,0.636220,0.409447,0.687112,0.538233,0.657799,0.741284,0.898351,0.479671,0.671895,0.296963,0.517298,0.356728,0.309531,0.391482,0.526989,0.317303,0.481587,0.241340,0.387503,0.480405,0.652515,0.323455,0.157242,0.743404,0.380172,0.763940,0.801316,0.584036,0.750396,0.288812,0.414632,0.182514,0.307525,0.939936,1.132481,1.261557,0.000000,0.911343,1.091061,0.769472,0.981183,0.887343,1.020411,0.366494,0.300571,0.805123,0.809978,0.697595,0.667101,0.518428,0.639375,0.558485,0.627517,0.564613,0.526432,0.583261,0.861020,0.821389,0.975440,0.452834,0.629196,0.471595,0.395663,0.810536,0.884274,0.779464,0.649629,0.901678,0.673578,0.402392,0.341495,0.584155,0.749126,0.596389,0.452933,0.799749,0.846015,0.372579,0.540441,0.380150,0.383961
0.795742,0.688793,0.546549,0.587184,0.366409,0.462678,0.659689,0.682642,0.410197,0.511080,0.342575,0.514660,0.563418,0.598620,0.689779,0.796954,0.294453,0.524864,0.362028,0.591084,0.554479,0.435522,0.428514,0.523549,0.309317,0.449865,0.228822,0.395627,0.322109,0.577686,0.349442,0.172580,0.598583,0.204660,0.464191,0.504481,0.545581,0.983200,0.525325,0.521483,0.267816,0.666534,1.519154,1.391250,0.907720,0.911343,0.000000,1.727670,0.671617,0.816121,0.991968,0.806772,0.441837,0.536768,1.097132,0.933025,0.657448,0.627343,0.486867,0.470168,0.380482,0.371216,0.427541,0.250063,0.423159,0.531066,0.624919,0.550534,0.483086,0.677625,0.584763,0.352455,0.791263,0.877492,0.772124,0.681706,0.850017,0.563234,0.255940,0.244821,0.448201,0.706170,0.774384,0.695855,0.748217,1.037874,0.362800,0.592481,0.384828,0.361833
0.769128,0.615052,0.583607,0.630500,0.331265,0.439998,0.713776,0.715185,0.363887,0.454317,0.379941,0.529063,0.615213,0.648894,0.708382,0.862870,0.354064,0.593941,0.344840,0.536906,0.467276,0.475729,0.478176,0.586622,0.331410,0.408577,0.170700,0.368949,0.359588,0.631161,0.335608,0.172356,0.637919,0.234858,0.559738,0.605480,0.559746,1.087946,0.463290,0.531738,0.237989,0.620302,1.500939,1.713108,0.994404,1.091061,1.727670,0.000000,0.594834,0.760909,0.926939,0.860870,0.370395,0.520112,0.984851,0.901691,0.632018,0.580312,0.379700,0.417305,0.356529,0.360474,0.476330,0.320586,0.478314,0.586728,0.669643,0.650382,0.410211,0.638822,0.550461,0.370408,0.781186,0.875656,0.819619,0.747356,0.936296,0.631957,0.275679,0.321835,0.503751,0.788504,0.807670,0.708545,0.807361,1.124729,0.351002,0.592965,0.370445,0.335326
0.754437,0.739486,0.492962,0.492568,0.512455,0.741348,0.542513,0.672484,0.476265,0.736785,0.375322,0.650792,0.550487,0.695441,0.534937,0.740718,0.448541,0.514126,0.310813,0.536835,0.264139,0.090244,0.266573,0.354615,0.237207,0.389102,0.297119,0.288148,0.414463,0.537251,0.233991,0.123069,0.574669,0.323324,0.287959,0.302304,0.368974,0.488508,0.150089,0.336867,0.152480,0.152204,0.719477,0.667582,0.698983,0.769472,0.671617,0.594834,0.000000,1.210101,0.994672,0.930105,0.876079,0.412809,0.931642,0.809682,0.652024,0.622446,1.010698,0.767316,0.768165,0.542285,0.591692,0.494149,0.343893,0.439030,0.621064,0.533390,0.449339,0.545332,0.295901,0.224892,0.664101,0.790279,0.556185,0.462203,0.585510,0.355832,0.335551,0.226348,0.477846,0.555047,0.458948,0.277310,0.486770,0.451047,0.345634,0.311349,0.344690,0.375226
