0.000000,1.063749,0.448128,0.269944,0.451315,0.302992,0.369040,0.209422,0.193470,0.167037,0.529767,0.601650,0.293727,0.445212,0.333434,0.300422,0.311148,0.285011,0.677580,0.806130,0.142160,0.280299,0.266038,0.135577,0.113928,0.099403,0.338128,0.272233,0.200359,0.085199,0.003680,-0.012907,0.219628,0.043241,0.227603,0.141362,0.383254,0.182515,0.207729,0.107389,0.315044,0.056959,0.332510,0.266228,0.347728,0.342683,0.467610,0.374653,0.324534,0.394422,0.500848,0.549550,0.504871,0.567807,0.522643,0.525319,0.866309,0.696480,0.438686,0.159932,0.195345,0.038945,-0.019856,0.030580,0.130907,0.170548,0.369378,0.127813,0.921439,0.503530,0.154703,0.522828,0.298063,0.271759,0.239515,0.330265,0.143129,0.092762,0.355631,0.198240,0.440387,0.196679,0.345592,0.172721,0.412133,0.318928,0.374247,0.100585,0.371973,0.457397
1.063749,0.000000,0.374737,0.198801,0.226672,0.116132,0.089219,-0.012953,0.044506,0.077687,0.043829,0.280154,-0.060025,0.229509,0.190053,0.278127,0.372960,0.494482,0.413300,0.916611,0.097809,0.397481,0.225685,0.208243,0.179395,0.124750,0.281303,0.232490,0.201879,0.092777,0.109212,0.091537,0.330100,0.143563,0.180670,0.166572,0.305581,0.251565,0.161490,0.092853,0.305054,0.128557,0.378146,0.320020,0.432639,0.446654,0.604564,0.338936,0.437788,0.470808,0.494967,0.419126,0.343529,0.525845,0.438447,0.493939,1.214334,1.120751,0.143292,-0.023309,-0.123617,-0.239461,0.008642,0.043751,0.023637,-0.067930,0.292364,0.107547,1.062273,0.713411,0.070753,0.422741,0.179107,0.216038,0.081474,0.189513,0.042074,0.022242,0.389097,0.248411,0.513483,0.370853,0.255588,0.201216,0.260507,0.343848,0.341097,0.131543,0.119829,0.266543
0.448128,0.374737,0.000000,0.811017,0.520642,0.214124,0.605653,0.159233,0.309449,0.084266,0.141017,0.052979,-0.087486,0.113791,0.504810,0.257622,0.000255,0.024481,0.509481,0.392419,0.073449,0.242358,1.312909,1.003138,0.843530,0.606977,0.559915,0.574391,-0.019821,-0.003144,0.424023,0.402253,0.418064,0.241056,0.784744,0.594305,0.516230,0.425432,0.293826,0.161085,0.408006,0.235995,0.374466,0.299960,0.184042,0.189581,0.389811,0.467575,0.211515,0.349624,0.361877,0.329662,0.167763,0.290944,0.381030,0.393790,0.273770,0.157468,0.065217,-0.056169,-0.119691,-0.174898,-0.279804,-0.279712,0.870979,0.350626,0.798332,0.408832,0.426267,0.248326,0.149636,0.283188,0.355515,0.197871,0.355707,0.303739,0.208046,0.194602,0.163865,0.187541,0.263201,0.249682,0.360170,0.164811,0.773638,0.711197,0.474873,0.269484,0.424600,0.430435
0.269944,0.198801,0.811017,0.000000,0.712903,0.519688,0.747013,0.828322,0.476125,0.447393,0.102231,0.187874,0.031540,0.134643,0.205436,0.163907,0.093647,0.055542,0.522039,0.432678,0.076214,0.179930,0.703245,0.854089,0.682337,0.900409,0.471429,0.752516,0.032614,0.073012,0.606210,0.755671,0.758530,0.769464,0.757734,0.786816,0.290569,0.350966,0.257353,0.263061,0.061465,0.032966,0.439532,0.441519,0.329298,0.284896,0.308510,0.551546,0.296428,0.410314,0.284562,0.337255,0.208470,0.157785,0.265499,0.415953,0.200530,0.187017,0.288359,0.443350,0.162602,0.386050,-0.110770,0.018239,0.633715,1.008574,1.057181,1.019858,0.308111,0.353751,0.051372,0.223591,0.148260,0.209172,0.351483,0.314812,0.256489,0.321100,0.266758,0.100797,0.299520,0.304948,0.250048,0.160412,0.458976,0.585578,0.160502,0.208254,0.458491,0.712682
0.451315,0.226672,0.520642,0.712903,0.000000,0.858637,0.667082,0.607071,0.581561,0.356791,0.353592,0.409294,0.330464,0.351156,0.135008,0.030695,0.155842,0.190531,0.447062,0.451414,0.165627,0.119599,0.369784,0.316231,0.551043,0.626504,0.536808,0.615311,0.020695,-0.010403,0.238807,0.225984,0.420009,0.404014,0.335039,0.401473,0.400978,0.281637,0.165809,0.121464,0.227414,0.160744,0.330378,0.338118,0.295080,0.307788,0.307069,0.513473,0.267741,0.464873,0.466265,0.615268,0.472028,0.323706,0.429444,0.486239,0.258735,0.231027,0.491481,0.502229,0.326689,0.379208,-0.049801,0.102370,0.310689,0.601185,0.597182,0.527631,0.422372,0.361245,0.066031,0.273762,0.197754,0.264571,0.262854,0.267902,0.203241,0.235239,0.181537,0.059763,0.188568,0.100289,0.062985,-0.003142,0.238629,0.293125,0.139979,-0.023296,0.436841,0.711935
0.302992,0.116132,0.214124,0.519688,0.858637,0.000000,0.479878,0.679847,0.429802,0.570496,0.388546,0.508476,0.391417,0.458207,0.140241,0.203025,0.143954,0.166181,0.359288,0.320885,0.144697,0.080383,0.154370,0.217973,0.206815,0.393454,0.253280,0.448269,0.076475,0.052878,0.134092,0.198359,0.329808,0.313173,0.155906,0.227640,0.246274,0.176369,0.038006,0.049577,0.067616,0.177795,0.179870,0.146981,0.075875,0.085672,0.057490,0.215226,0.072593,0.223844,0.399546,0.514500,0.477868,0.266625,0.327258,0.267414,0.118645,0.172420,0.576580,0.610021,0.438558,0.561308,0.156722,0.181023,0.125630,0.554684,0.372927,0.399513,0.205164,0.239351,0.002984,0.224571,0.104459,0.185050,0.144770,0.265402,0.089049,0.205412,0.226443,0.025831,0.178566,0.085553,0.046160,-0.001247,0.171888,0.178583,-0.018617,-0.049726,0.464130,0.723536
0.369040,0.089219,0.605653,0.747013,0.667082,0.479878,0.000000,0.908133,0.749273,0.502788,0.465845,0.401860,0.464246,0.333837,0.301278,0.196176,0.304576,0.132685,0.571312,0.428713,-0.113533,0.059528,0.431096,0.283693,0.221997,0.316481,0.283396,0.439681,0.270955,0.280447,0.298086,0.340279,0.509868,0.552677,0.416315,0.376455,0.175404,0.159309,0.155273,0.198443,0.023147,-0.043323,0.410483,0.497356,0.402086,0.393924,0.279550,0.543092,0.319289,0.361239,0.161074,0.266232,0.160164,0.146677,0.229409,0.360693,0.129475,0.063605,0.485300,0.452507,0.507841,0.507154,0.207011,0.267755,0.573312,0.717103,0.855572,0.635137,0.213532,0.268545,0.049089,0.176766,0.267976,0.203326,0.350791,0.275981,0.257333,0.195215,0.318003,0.141862,0.452691,0.307157,0.383735,0.319040,0.421961,0.380904,0.143978,0.144491,0.470178,0.596072
0.209422,-0.012953,0.159233,0.828322,0.607071,0.679847,0.908133,0.000000,0.651078,0.739013,0.340797,0.499185,0.503296,0.292747,0.017070,0.047603,0.347644,0.139795,0.448640,0.406365,-0.037852,0.017340,0.109421,0.114223,0.084973,0.409286,0.136311,0.359830,0.277708,0.297095,0.332652,0.465587,0.630264,0.821491,0.306824,0.398430,0.111634,0.190415,0.171844,0.280552,-0.179755,-0.126302,0.431457,0.531996,0.495288,0.408944,0.246435,0.543273,0.407265,0.404441,0.179043,0.340597,0.235972,0.082342,0.193245,0.378019,0.101794,0.123903,0.663866,0.961503,0.733292,1.209424,0.300215,0.526961,0.235153,1.006172,0.662407,0.817385,0.147328,0.278159,-0.010508,0.140812,0.085436,0.233917,0.310634,0.272127,0.261100,0.321850,0.356379,0.070756,0.385496,0.263665,0.243770,0.290065,0.082761,0.108371,-0.043931,0.042178,0.404933,0.605148
0.193470,0.044506,0.309449,0.476125,0.581561,0.429802,0.749273,0.651078,0.000000,0.831800,0.218637,0.409530,0.416857,0.420488,0.375005,0.357047,0.378991,0.262698,0.259022,0.272813,-0.015038,0.083434,0.349826,0.298358,0.143765,0.241952,-0.054973,0.162682,0.191794,0.193180,0.363249,0.301362,0.385595,0.439376,0.240339,0.246309,0.296233,0.144523,0.105980,0.158735,0.063797,0.112652,0.343254,0.381138,0.292729,0.318548,0.244259,0.398219,0.268979,0.277344,0.164369,0.249115,0.110244,0.267314,0.176595,0.340876,0.089739,0.018162,0.215632,0.326091,0.471645,0.490272,0.453882,0.474455,0.504240,0.366065,0.373786,0.344914,0.136815,0.186416,0.053691,0.168831,0.345632,0.263188,0.281836,0.221254,0.372859,0.346030,0.217281,-0.000805,0.357632,0.315383,0.133257,0.125773,0.382638,0.366421,0.057342,0.118870,0.294382,0.528907
0.167037,0.077687,0.084266,0.447393,0.356791,0.570496,0.502788,0.739013,0.831800,0.000000,0.165275,0.495675,0.332122,0.489065,0.210036,0.473366,0.395317,0.315586,0.284753,0.298579,0.067959,0.141910,0.183770,0.250997,0.033651,0.234073,-0.087269,0.163934,0.315012,0.283276,0.275114,0.309019,0.330998,0.398284,0.078434,0.184547,0.030080,-0.067584,-0.006129,0.112339,-0.107346,0.018543,0.370048,0.337117,0.241600,0.273379,0.250534,0.351969,0.294494,0.323840,0.219638,0.326689,0.148412,0.300719,0.157231,0.378274,0.122889,0.086822,0.246896,0.465724,0.396926,0.563017,0.512920,0.509687,0.156618,0.328280,0.246999,0.368085,0.094848,0.214874,-0.080556,0.077003,0.255157,0.276615,0.289555,0.316772,0.202019,0.290438,0.387960,0.059521,0.360472,0.326772,0.072568,0.078902,0.105110,0.150085,-0.082887,0.051292,0.188297,0.449666
0.529767,0.043829,0.141017,0.102231,0.353592,0.388546,0.465845,0.340797,0.218637,0.165275,0.000000,0.806416,1.083597,0.664848,0.291822,0.180184,0.000190,-0.179494,0.421785,0.231841,0.052288,0.083161,-0.002249,-0.118877,-0.246844,-0.188920,0.048874,0.062668,0.032124,0.021296,-0.213799,-0.190321,0.011688,-0.077101,0.007518,-0.123962,0.243074,0.055298,0.198829,0.141664,0.249786,0.031916,-0.046753,-0.015809,-0.099885,-0.104551,-0.081340,0.008755,-0.115185,0.026468,0.243050,0.383871,0.393536,0.158442,0.344252,0.174026,0.011872,0.018081,0.765182,0.392413,0.786168,0.468281,0.007927,0.063775,0.055458,0.378001,0.160518,-0.040345,0.115188,-0.020066,0.290597,0.445080,0.369551,0.225989,0.388274,0.418411,0.312685,0.207452,-0.023249,-0.050913,0.041849,-0.156310,0.265049,0.055014,0.252177,0.029166,0.216616,0.114520,0.635633,0.445323
0.601650,0.280154,0.052979,0.187874,0.409294,0.508476,0.401860,0.499185,0.409530,0.495675,0.806416,0.000000,0.788329,1.191520,0.204541,0.418481,0.252607,0.129102,0.291161,0.455480,0.186269,0.202564,-0.052730,-0.018583,-0.207803,-0.100510,-0.004897,0.071261,0.240838,0.148192,0.003911,0.036342,0.258216,0.201160,-0.002069,0.061020,0.281514,0.134646,0.145352,0.124120,0.305679,0.215263,0.220537,0.226913,0.136392,0.143984,0.262902,0.226902,0.169205,0.217649,0.530409,0.632875,0.682326,0.543614,0.584644,0.451481,0.192725,0.172411,0.728288,0.579755,0.678975,0.580496,0.309255,0.516475,-0.075891,0.305583,0.269109,0.237683,0.189494,0.082179,0.258180,0.500920,0.486603,0.491296,0.471889,0.519522,0.473091,0.469902,0.209215,0.035201,0.294745,0.187114,0.282593,0.139795,0.240522,0.240534,0.155067,0.088790,0.383821,0.580259
0.293727,-0.060025,-0.087486,0.031540,0.330464,0.391417,0.464246,0.503296,0.416857,0.332122,1.083597,0.788329,0.000000,0.819864,0.177369,0.134641,0.086711,-0.092313,0.114009,0.116819,-0.041391,-0.040268,-0.190924,-0.221277,-0.390020,-0.207052,-0.061980,-0.055200,0.058072,0.039090,-0.155711,-0.135291,0.148924,0.087724,-0.188667,-0.197153,0.200532,0.043777,0.195018,0.158725,0.190489,0.041439,-0.034042,0.031032,0.033369,0.025267,-0.026083,0.053863,0.008261,0.085181,0.280852,0.384073,0.438179,0.203803,0.409300,0.255707,0.009617,0.022714,0.909387,0.581402,1.376462,0.726196,0.420002,0.469245,-0.151667,0.276849,0.057945,-0.041009,0.080422,0.050018,0.182140,0.285630,0.289066,0.230242,0.240384,0.277410,0.353386,0.275478,0.030941,-0.037631,0.120972,-0.021682,0.162401,0.085643,0.021112,-0.059598,0.154649,0.069834,0.608163,0.493433
0.445212,0.229509,0.113791,0.134643,0.351156,0.458207,0.333837,0.292747,0.420488,0.489065,0.664848,1.191520,0.819864,0.000000,0.384347,0.645600,0.048993,-0.033451,0.090035,0.255225,0.084335,0.223264,0.072550,0.181456,-0.125232,-0.075849,-0.022354,0.079027,0.025059,-0.008954,0.001337,0.022587,0.255509,0.118583,-0.018827,0.066707,0.305959,0.089341,0.248647,0.169121,0.342179,0.308387,0.119671,0.088642,0.018180,0.061931,0.215022,0.107755,0.070987,0.150923,0.534197,0.547502,0.632060,0.599678,0.678811,0.462173,0.122886,0.067265,0.581358,0.414824,0.631915,0.427003,0.365034,0.410910,-0.018567,0.180259,0.209137,0.139156,0.203470,0.106690,0.242133,0.394545,0.466817,0.399074,0.359302,0.503508,0.493317,0.527062,0.102325,-0.015454,0.192937,0.225028,0.207409,0.043732,0.328709,0.399340,0.309824,0.257344,0.502116,0.637923
0.333434,0.190053,0.504810,0.205436,0.135008,0.140241,0.301278,0.017070,0.375005,0.210036,0.291822,0.204541,0.177369,0.384347,0.000000,0.860340,0.027464,0.074588,0.376654,0.209992,0.055051,0.127480,0.582117,0.498540,0.148436,0.135862,0.172693,0.215247,0.244865,0.193114,0.327263,0.184036,0.167845,-0.013550,0.281426,0.146149,0.408668,0.232143,-0.048312,-0.211782,0.335319,0.323295,0.213192,0.121241,0.085206,0.136545,0.147016,0.220948,0.097211,0.137828,0.131649,0.123974,-0.018513,0.195683,0.219809,0.188757,0.038008,-0.061288,-0.010906,-0.047111,0.090135,-0.010920,0.104186,-0.073099,0.573599,0.105381,0.230993,0.056288,0.206368,0.037352,-0.086376,0.185729,0.408921,0.249379,0.198433,0.309180,0.207259,0.099438,0.364069,0.344587,0.202515,0.258838,0.278178,0.069547,0.696067,0.511668,0.280776,0.081599,0.372319,0.343751
0.300422,0.278127,0.257622,0.163907,0.030695,0.203025,0.196176,0.047603,0.357047,0.473366,0.180184,0.418481,0.134641,0.645600,0.860340,0.000000,0.211903,0.197660,0.202470,0.276553,0.037616,0.281720,0.355807,0.509048,0.021392,0.022495,-0.079167,0.269740,0.307321,0.374274,0.320499,0.307619,0.134196,0.070406,0.126227,0.110049,0.243416,-0.019809,-0.003003,0.013259,0.199061,0.257946,0.288125,0.189590,0.101886,0.189891,0.219996,0.138618,0.181015,0.196740,0.285675,0.243051,0.150551,0.406593,0.229684,0.294973,0.128816,0.046092,0.021608,0.037991,0.067176,0.002498,0.332743,0.177084,0.232148,-0.033011,0.217144,0.147196,0.164904,0.082468,-0.116846,0.116409,0.401578,0.321588,0.311582,0.434544,0.196341,0.208679,0.335162,0.241139,0.412116,0.503323,0.314406,0.203864,0.494818,0.543974,0.127213,0.289721,0.202454,0.294089
0.311148,0.372960,0.000255,0.093647,0.155842,0.143954,0.304576,0.347644,0.378991,0.395317,0.000190,0.252607,0.086711,0.048993,0.027464,0.211903,0.000000,1.071411,0.390314,0.597237,-0.084505,0.074291,-0.063156,-0.125297,-0.046586,0.062880,-0.136254,0.086000,0.949980,0.879616,0.179889,0.185534,0.324842,0.432924,0.079038,0.135362,0.106636,0.033842,-0.047633,0.128818,-0.056285,-0.025369,0.533097,0.583365,0.695628,0.688463,0.380559,0.421685,0.699204,0.464998,0.056603,0.131219,-0.119603,0.054151,-0.161699,0.177250,0.541864,0.446258,0.037946,0.109924,0.147497,0.127559,0.648211,0.522175,0.027310,0.028622,0.205098,0.216201,0.315375,0.406539,-0.260662,-0.081913,0.187453,0.289268,0.204532,0.068126,-0.047592,-0.097370,0.710989,0.445556,0.972508,0.704229,0.281413,0.533973,-0.106809,-0.062923,-0.115330,-0.041683,-0.240348,-0.101790
0.285011,0.494482,0.024481,0.055542,0.190531,0.166181,0.132685,0.139795,0.262698,0.315586,-0.179494,0.129102,-0.092313,-0.033451,0.074588,0.197660,1.071411,0.000000,0.266765,0.559202,0.019517,0.101225,-0.072194,-0.057450,0.049556,0.121562,0.046887,0.130416,0.801696,0.607950,0.179512,0.113926,0.224120,0.272041,-0.022228,0.085772,0.077561,0.080743,-0.346987,-0.208810,0.074745,0.178012,0.418880,0.427170,0.530056,0.566208,0.320509,0.365494,0.563512,0.443174,0.171315,0.223188,-0.072918,0.137761,-0.076658,0.181226,0.602273,0.545605,-0.036485,0.024606,-0.069472,-0.082788,0.521550,0.400852,-0.049898,-0.113610,0.116718,0.129304,0.359396,0.378499,-0.308352,0.032588,0.121890,0.257508,0.009061,-0.025302,-0.249977,-0.297678,0.692123,0.560882,0.585890,0.502594,0.002851,0.221169,-0.145037,-0.040306,-0.201326,-0.309443,-0.312543,-0.091444
0.677580,0.413300,0.509481,0.522039,0.447062,0.359288,0.571312,0.448640,0.259022,0.284753,0.421785,0.291161,0.114009,0.090035,0.376654,0.202470,0.390314,0.266765,0.000000,0.868797,0.122041,0.133585,0.505484,0.221830,0.292064,0.354950,0.334173,0.426023,0.452167,0.354351,0.314744,0.248063,0.335540,0.310125,0.437289,0.406566,0.245405,0.245884,0.063476,0.090048,0.042500,-0.074849,0.437015,0.439211,0.447218,0.393773,0.281933,0.554909,0.350377,0.367700,0.028951,0.194006,0.027165,0.004396,0.070173,0.219325,0.351115,0.305324,0.172342,0.217737,0.099927,0.190041,-0.028950,-0.033184,0.401270,0.478065,0.470165,0.377452,0.479876,0.394293,0.022259,0.237078,0.282709,0.264482,0.363858,0.357076,0.141636,0.073165,0.408796,0.229442,0.438625,0.169331,0.428559,0.342000,0.269534,0.134005,0.118546,0.044484,0.271024,0.325285
0.806130,0.916611,0.392419,0.432678,0.451414,0.320885,0.428713,0.406365,0.272813,0.298579,0.231841,0.455480,0.116819,0.255225,0.209992,0.276553,0.597237,0.559202,0.868797,0.000000,0.114120,0.368835,0.294760,0.193585,0.205913,0.275044,0.299705,0.400827,0.518887,0.429129,0.328276,0.327920,0.562594,0.509121,0.245916,0.301531,0.294738,0.335487,0.164183,0.199393,0.164264,0.109977,0.583421,0.624238,0.720295,0.702695,0.618194,0.596160,0.653777,0.632662,0.386946,0.434788,0.305672,0.330836,0.346957,0.576392,0.782595,0.756235,0.320191,0.266828,0.124987,0.128905,0.158471,0.300290,0.138702,0.225875,0.488190,0.362523,0.840823,0.705387,0.019796,0.398504,0.296594,0.452389,0.387650,0.434736,0.205718,0.131842,0.543641,0.332572,0.737232,0.489379,0.417863,0.449646,0.160489,0.198763,0.223589,0.146684,0.192851,0.383815
0.142160,0.097809,0.073449,0.076214,0.165627,0.144697,-0.113533,-0.037852,-0.015038,0.067959,0.052288,0.186269,-0.041391,0.084335,0.055051,0.037616,-0.084505,0.019517,0.122041,0.114120,0.000000,0.266381,0.113142,0.109741,0.153933,0.222376,0.221762,0.120992,-0.046339,-0.185800,0.139274,0.047307,0.045547,0.023832,0.086230,0.197228,0.256165,0.151634,-0.019465,-0.216248,0.322774,0.259798,-0.009447,-0.104969,-0.098283,-0.140594,0.002318,0.049193,-0.069593,-0.037989,0.142259,0.033156,0.224621,0.079011,0.240644,0.053779,0.097492,0.026439,0.007230,-0.051057,-0.062631,-0.062747,-0.091644,-0.040104,-0.045195,-0.031737,-0.025519,-0.019805,0.154179,-0.013019,0.310652,0.342097,0.194513,0.159384,0.052109,0.173004,0.154379,0.302158,-0.052760,-0.161226,-0.205556,-0.298220,-0.281636,-0.331947,-0.048541,-0.046288,0.008780,-0.279077,0.134989,0.148321
0.280299,0.397481,0.242358,0.179930,0.119599,0.080383,0.059528,0.017340,0.083434,0.141910,0.083161,0.202564,-0.040268,0.223264,0.127480,0.281720,0.074291,0.101225,0.133585,0.368835,0.266381,0.000000,0.178540,0.232759,0.186980,0.095144,0.113903,0.396289,0.002720,0.085007,0.245096,0.240202,0.278688,0.237304,0.251722,0.224909,0.114584,-0.050310,0.248971,0.335370,0.212956,0.169326,0.208350,0.205678,0.212188,0.243086,0.291188,-0.027978,0.267131,0.393863,0.405783,0.304117,0.247837,0.400974,0.291599,0.485352,0.310580,0.229715,0.038568,-0.062005,0.009767,-0.083919,-0.098221,0.047334,0.207428,0.022174,0.198630,0.087316,0.182758,0.057527,0.210520,0.418101,0.374701,0.374212,0.339935,0.368337,0.265637,0.257748,0.043243,-0.070833,0.210227,0.267902,-0.039369,-0.053414,0.264159,0.338426,0.074290,0.398350,0.174936,0.182574
0.266038,0.225685,1.312909,0.703245,0.369784,0.154370,0.431096,0.109421,0.349826,0.183770,-0.002249,-0.052730,-0.190924,0.072550,0.582117,0.355807,-0.063156,-0.072194,0.505484,0.294760,0.113142,0.178540,0.000000,1.265009,0.997542,0.728856,0.452292,0.536325,-0.019811,0.005184,0.595930,0.497864,0.333199,0.204472,0.803768,0.656995,0.425413,0.320361,0.282914,0.178815,0.211116,0.185979,0.347434,0.262872,0.142878,0.140347,0.322947,0.451470,0.189830,0.250998,0.164989,0.132902,0.023522,0.177108,0.209477,0.280851,0.123958,0.004699,-0.146591,-0.147212,-0.209702,-0.166573,-0.266271,-0.337511,0.920352,0.299478,0.572527,0.362384,0.305034,0.193313,0.095648,0.104913,0.243756,0.106493,0.287654,0.319960,0.199556,0.242093,0.113144,0.092813,0.197982,0.223304,0.327178,0.121088,0.717416,0.637376,0.392538,0.349410,0.330399,0.348882
0.135577,0.208243,1.003138,0.854089,0.316231,0.217973,0.283693,0.114223,0.298358,0.250997,-0.118877,-0.018583,-0.221277,0.181456,0.498540,0.509048,-0.125297,-0.057450,0.221830,0.193585,0.109741,0.232759,1.265009,0.000000,0.894783,0.759318,0.382592,0.604084,-0.121901,-0.052198,0.603491,0.632855,0.427648,0.298910,0.691993,0.693716,0.418594,0.341471,0.278852,0.187703,0.285350,0.311098,0.261843,0.179507,0.043003,0.072488,0.258128,0.290230,0.127975,0.236870,0.318480,0.205011,0.114562,0.267933,0.282084,0.314686,0.116855,0.009311,-0.104224,-0.069103,-0.201622,-0.137563,-0.181619,-0.251867,0.705058,0.318995,0.590438,0.467645,0.232625,0.180832,0.058435,0.121569,0.218886,0.134734,0.243335,0.287541,0.189704,0.301703,0.080758,0.088507,0.158701,0.327900,0.215888,0.042618,0.696202,0.888281,0.334389,0.406436,0.341865,0.443298
0.113928,0.179395,0.843530,0.682337,0.551043,0.206815,0.221997,0.084973,0.143765,0.033651,-0.246844,-0.207803,-0.390020,-0.125232,0.148436,0.021392,-0.046586,0.049556,0.292064,0.205913,0.153933,0.186980,0.997542,0.894783,0.000000,1.302771,0.743388,0.752228,-0.069707,-0.016663,0.567255,0.493307,0.303864,0.282338,0.647156,0.693484,0.330670,0.317514,0.171567,0.145085,0.174640,0.244971,0.342824,0.284166,0.211399,0.206181,0.279349,0.432139,0.248501,0.363550,0.221133,0.198910,0.063492,0.126675,0.144286,0.288394,0.149859,0.066834,-0.175433,-0.086458,-0.385757,-0.220921,-0.362846,-0.384119,0.558407,0.317670,0.541551,0.469815,0.266966,0.234108,-0.055406,0.023218,0.025311,0.064104,0.110659,0.152684,0.019698,0.136790,0.096766,0.089477,0.104396,0.171017,0.040303,-0.029791,0.339128,0.462646,0.139212,0.129729,0.143183,0.231449
0.099403,0.124750,0.606977,0.900409,0.626504,0.393454,0.316481,0.409286,0.241952,0.234073,-0.188920,-0.100510,-0.207052,-0.075849,0.135862,0.022495,0.062880,0.121562,0.354950,0.275044,0.222376,0.095144,0.728856,0.759318,1.302771,0.000000,0.726493,0.798388,0.065401,0.080375,0.649016,0.660238,0.468131,0.504550,0.554272,0.706001,0.323360,0.398360,0.156116,0.127126,0.082326,0.159510,0.394416,0.371869,0.305624,0.280117,0.282021,0.575782,0.339966,0.446119,0.220249,0.244840,0.109681,0.065971,0.160086,0.317771,0.157031,0.134283,0.028864,0.228590,-0.155385,0.101496,-0.152781,-0.139183,0.429940,0.520179,0.601891,0.663255,0.275243,0.334850,-0.095125,0.032806,-0.005957,0.130635,0.085255,0.151967,0.028074,0.166340,0.252509,0.159159,0.142643,0.193268,0.048588,0.035571,0.161956,0.321903,0.074365,0.000137,0.207393,0.378963
0.338128,0.281303,0.559915,0.471429,0.536808,0.253280,0.283396,0.136311,-0.054973,-0.087269,0.048874,-0.004897,-0.061980,-0.022354,0.172693,-0.079167,-0.136254,0.046887,0.334173,0.299705,0.221762,0.113903,0.452292,0.382592,0.743388,0.726493,0.000000,0.816254,0.009477,-0.019498,0.169207,0.143687,0.241444,0.156976,0.300653,0.334292,0.215109,0.346431,-0.002783,-0.063017,0.200023,0.170320,0.236383,0.221550,0.229451,0.226837,0.220818,0.386258,0.174146,0.296314,0.285220,0.283677,0.274323,0.103286,0.321493,0.334009,0.234180,0.222976,0.202468,0.109913,-0.093610,-0.084761,-0.321652,-0.279249,0.231061,0.336913,0.469510,0.322442,0.452898,0.358889,-0.080722,0.178635,-0.107709,-0.015395,-0.059654,0.054897,-0.082488,-0.084331,0.243266,0.369094,0.053562,-0.010437,0.098727,0.012178,0.182819,0.215178,0.146369,-0.094952,0.357178,0.416630
0.272233,0.232490,0.574391,0.752516,0.615311,0.448269,0.439681,0.359830,0.162682,0.163934,0.062668,0.071261,-0.055200,0.079027,0.215247,0.269740,0.086000,0.130416,0.426023,0.400827,0.120992,0.396289,0.536325,0.604084,0.752228,0.798388,0.816254,0.000000,0.121882,0.293555,0.463243,0.521833,0.409009,0.466239,0.445202,0.503285,0.281851,0.200173,0.126806,0.261816,0.093722,0.110863,0.416073,0.417064,0.343270,0.356935,0.233227,0.393524,0.297047,0.448337,0.284003,0.300117,0.217675,0.141471,0.159507,0.386121,0.225230,0.217628,0.187185,0.211008,0.000876,0.083623,-0.163350,-0.102745,0.394941,0.494773,0.714486,0.585452,0.348266,0.340272,-0.152312,0.063908,0.002818,0.134735,0.145042,0.226411,-0.018412,0.029496,0.274003,0.235117,0.353302,0.306426,0.254281,0.227092,0.249863,0.370635,-0.041665,0.197687,0.356006,0.440451
0.200359,0.201879,-0.019821,0.032614,0.020695,0.076475,0.270955,0.277708,0.191794,0.315012,0.032124,0.240838,0.058072,0.025059,0.244865,0.307321,0.949980,0.801696,0.452167,0.518887,-0.046339,0.002720,-0.019811,-0.121901,-0.069707,0.065401,0.009477,0.121882,0.000000,1.367264,0.230814,0.208521,0.139284,0.253071,-0.077657,0.035910,-0.037034,0.037539,-0.371408,-0.160685,-0.110163,-0.004714,0.487288,0.530457,0.520760,0.546458,0.233489,0.447848,0.571681,0.395766,0.047309,0.113017,-0.146134,-0.068181,-0.165173,0.105000,0.183399,0.168047,0.007294,0.135757,0.054303,0.074225,0.545599,0.395211,-0.082777,-0.017588,0.147717,0.200320,0.157901,0.205704,-0.499368,-0.201048,0.153462,0.281714,0.183422,0.160237,-0.167424,-0.226137,0.983347,0.818749,0.752807,0.567850,0.328814,0.496406,-0.193006,-0.155066,-0.226398,-0.267811,-0.306532,-0.156238
0.085199,0.092777,-0.003144,0.073012,-0.010403,0.052878,0.280447,0.297095,0.193180,0.283276,0.021296,0.148192,0.039090,-0.008954,0.193114,0.374274,0.879616,0.607950,0.354351,0.429129,-0.185800,0.085007,0.005184,-0.052198,-0.016663,0.080375,-0.019498,0.293555,1.367264,0.000000,0.249450,0.294188,0.147253,0.332471,-0.005016,0.061749,-0.029475,-0.060738,-0.218738,0.115893,-0.202553,-0.120546,0.492949,0.579269,0.522898,0.573706,0.189596,0.363843,0.583415,0.431234,0.019131,0.094008,-0.190677,-0.094691,-0.261266,0.131486,0.130463,0.126758,0.028142,0.141655,0.101694,0.099824,0.497361,0.364096,0.006210,0.034560,0.215538,0.239218,0.092291,0.197027,-0.580164,-0.333920,0.059751,0.203067,0.220094,0.172471,-0.151805,-0.212249,0.752037,0.714045,0.926056,0.745616,0.447426,0.723586,-0.136250,-0.102375,-0.300312,-0.005915,-0.219562,-0.163192
0.003680,0.109212,0.424023,0.606210,0.238807,0.134092,0.298086,0.332652,0.363249,0.275114,-0.213799,0.003911,-0.155711,0.001337,0.327263,0.320499,0.179889,0.179512,0.314744,0.328276,0.139274,0.245096,0.595930,0.603491,0.567255,0.649016,0.169207,0.463243,0.230814,0.249450,0.000000,1.506756,0.643227,0.706430,0.503104,0.549467,0.317789,0.350074,0.070158,0.030984,0.116760,0.331362,0.588116,0.550369,0.492381,0.457938,0.408053,0.527186,0.409712,0.369751,0.108553,0.123907,-0.023473,0.091107,0.155162,0.310075,0.119527,0.060049,-0.079353,0.134592,-0.047369,0.141584,0.068654,0.136423,0.428630,0.265271,0.486550,0.536616,0.102878,0.094818,0.015662,0.140467,0.318538,0.380785,0.327509,0.346514,0.327215,0.400500,0.287810,0.121630,0.307864,0.363751,0.107574,0.152096,0.216493,0.314295,-0.002740,0.072826,0.087155,0.195599
-0.012907,0.091537,0.402253,0.755671,0.225984,0.198359,0.340279,0.465587,0.301362,0.309019,-0.190321,0.036342,-0.135291,0.022587,0.184036,0.307619,0.185534,0.113926,0.248063,0.327920,0.047307,0.240202,0.497864,0.632855,0.493307,0.660238,0.143687,0.521833,0.208521,0.294188,1.506756,0.000000,0.763150,0.903494,0.489675,0.561393,0.231485,0.289856,0.191198,0.180323,0.035449,0.219143,0.568361,0.573575,0.453736,0.435194,0.391506,0.486695,0.409539,0.378080,0.185841,0.155435,0.073137,0.108244,0.198121,0.362231,0.085213,0.078521,0.066673,0.262527,0.023766,0.237222,0.103351,0.200028,0.351829,0.352762,0.629285,0.698965,0.068774,0.112311,0.009210,0.103215,0.253234,0.374930,0.378109,0.396078,0.349131,0.438667,0.306177,0.125596,0.379661,0.478048,0.207968,0.271485,0.197109,0.351959,0.050320,0.205026,0.141176,0.261030
0.219628,0.330100,0.418064,0.758530,0.420009,0.329808,0.509868,0.630264,0.385595,0.330998,0.011688,0.258216,0.148924,0.255509,0.167845,0.134196,0.324842,0.224120,0.335540,0.562594,0.045547,0.278688,0.333199,0.427648,0.303864,0.468131,0.241444,0.409009,0.139284,0.147253,0.643227,0.763150,0.000000,1.315345,0.572085,0.715677,0.346788,0.465883,0.403121,0.306010,0.149005,0.156541,0.543193,0.615831,0.695495,0.609408,0.518186,0.545416,0.538802,0.482735,0.260253,0.229249,0.188914,0.192812,0.386947,0.480981,0.408938,0.402444,0.366666,0.419754,0.332266,0.412453,0.211428,0.390733,0.363568,0.534025,0.851211,0.809319,0.388559,0.498211,0.105489,0.293408,0.239821,0.374204,0.314877,0.324028,0.483168,0.488670,0.364426,0.157994,0.483607,0.567551,0.302715,0.361747,0.264228,0.417403,0.281050,0.298577,0.421408,0.535279
0.043241,0.143563,0.241056,0.769464,0.404014,0.313173,0.552677,0.821491,0.439376,0.398284,-0.077101,0.201160,0.087724,0.118583,-0.013550,0.070406,0.432924,0.272041,0.310125,0.509121,0.023832,0.237304,0.204472,0.298910,0.282338,0.504550,0.156976,0.466239,0.253071,0.332471,0.706430,0.903494,1.315345,0.000000,0.527463,0.750342,0.195472,0.310426,0.267785,0.323896,-0.042649,0.049843,0.583801,0.736217,0.747256,0.668228,0.415962,0.542034,0.617384,0.514685,0.122251,0.123848,0.057956,0.047587,0.150188,0.372252,0.235180,0.251103,0.289597,0.483279,0.323511,0.528480,0.311746,0.522103,0.306078,0.621839,0.790883,0.962777,0.203172,0.357903,0.001284,0.139176,0.133732,0.281556,0.313904,0.211688,0.424608,0.427535,0.392049,0.103090,0.544436,0.606698,0.224663,0.389730,0.114038,0.292811,0.044787,0.226905,0.235730,0.383243
0.227603,0.180670,0.784744,0.757734,0.335039,0.155906,0.416315,0.306824,0.240339,0.078434,0.007518,-0.002069,-0.188667,-0.018827,0.281426,0.126227,0.079038,-0.022228,0.437289,0.245916,0.086230,0.251722,0.803768,0.691993,0.647156,0.554272,0.300653,0.445202,-0.077657,-0.005016,0.503104,0.489675,0.572085,0.527463,0.000000,1.138169,0.401700,0.356248,0.352939,0.246629,0.120677,0.081241,0.371014,0.315998,0.288603,0.203284,0.278038,0.354372,0.302770,0.251502,0.013467,0.023468,-0.089164,0.044859,0.037287,0.112149,0.167587,0.037900,-0.051441,-0.048785,-0.042347,0.078922,-0.306771,-0.244238,1.049001,0.645994,0.762758,0.620679,0.204065,0.121784,0.170358,0.197972,0.128623,0.017578,0.294045,0.185258,0.329359,0.298974,0.111726,0.026069,0.245547,0.295403,0.303018,0.218750,0.731433,0.619968,0.343160,0.346515,0.283617,0.222761
0.141362,0.166572,0.594305,0.786816,0.401473,0.227640,0.376455,0.398430,0.246309,0.184547,-0.123962,0.061020,-0.197153,0.066707,0.146149,0.110049,0.135362,0.085772,0.406566,0.301531,0.197228,0.224909,0.656995,0.693716,0.693484,0.706001,0.334292,0.503285,0.035910,0.061749,0.549467,0.561393,0.715677,0.750342,1.138169,0.000000,0.274241,0.356797,0.286705,0.223525,0.100209,0.107849,0.396905,0.377072,0.384931,0.306520,0.301337,0.450383,0.404676,0.329601,0.082744,0.048040,-0.024129,0.025984,0.106308,0.172449,0.159900,0.051016,0.001145,0.119580,-0.032509,0.145352,-0.099007,-0.012613,0.626570,0.616354,0.810209,0.912275,0.230176,0.236701,0.102162,0.066263,0.113812,0.109899,0.261338,0.214143,0.296881,0.401438,0.209953,0.087069,0.255091,0.390884,0.205507,0.212188,0.414580,0.555677,0.239951,0.267721,0.220252,0.261543
0.383254,0.305581,0.516230,0.290569,0.400978,0.246274,0.175404,0.111634,0.296233,0.030080,0.243074,0.281514,0.200532,0.305959,0.408668,0.243416,0.106636,0.077561,0.245405,0.294738,0.256165,0.114584,0.425413,0.418594,0.330670,0.323360,0.215109,0.281851,-0.037034,-0.029475,0.317789,0.231485,0.346788,0.195472,0.401700,0.274241,0.000000,0.828275,0.455849,0.195960,0.781662,0.520982,0.229728,0.205733,0.172430,0.159797,0.298929,0.357413,0.158567,0.295905,0.387875,0.404016,0.241234,0.307662,0.457933,0.287863,0.262437,0.172038,0.204736,0.067466,0.151847,0.046384,-0.015124,-0.014152,0.350391,0.173397,0.321553,0.109053,0.323061,0.098194,0.258048,0.439831,0.422664,0.282852,0.233300,0.206033,0.299485,0.319988,0.036793,-0.002705,0.205114,0.129375,0.271142,0.145958,0.443886,0.384227,0.433702,0.132421,0.461707,0.348378
0.182515,0.251565,0.425432,0.350966,0.281637,0.176369,0.159309,0.190415,0.144523,-0.067584,0.055298,0.134646,0.043777,0.089341,0.232143,-0.019809,0.033842,0.080743,0.245884,0.335487,0.151634,-0.050310,0.320361,0.341471,0.317514,0.398360,0.346431,0.200173,0.037539,-0.060738,0.350074,0.289856,0.465883,0.310426,0.356248,0.356797,0.828275,0.000000,0.283075,0.059617,0.490341,0.480970,0.292970,0.329981,0.268987,0.228068,0.335381,0.491954,0.207253,0.289356,0.246425,0.272903,0.135189,0.114871,0.406829,0.201569,0.159677,0.147469,0.160131,0.130607,0.011582,0.088265,-0.097959,-0.048719,0.249719,0.290810,0.365193,0.284512,0.311171,0.186754,0.255825,0.392322,0.116825,0.102294,0.032055,0.050575,0.183029,0.208906,0.162573,0.202499,0.112070,0.100357,0.365801,0.263254,0.253011,0.306661,0.442599,-0.000695,0.285048,0.288678
0.207729,0.161490,0.293826,0.257353,0.165809,0.038006,0.155273,0.171844,0.105980,-0.006129,0.198829,0.145352,0.195018,0.248647,-0.048312,-0.003003,-0.047633,-0.346987,0.063476,0.164183,-0.019465,0.248971,0.282914,0.278852,0.171567,0.156116,-0.002783,0.126806,-0.371408,-0.218738,0.070158,0.191198,0.403121,0.267785,0.352939,0.286705,0.455849,0.283075,0.000000,1.086547,0.205430,-0.045588,0.051704,0.088885,0.099589,0.045132,0.259608,0.067847,0.081413,0.154067,0.277725,0.194772,0.276374,0.177055,0.425860,0.320586,0.222980,0.175868,0.330554,0.165766,0.287651,0.204835,-0.132283,0.037435,0.255937,0.264261,0.352015,0.199725,0.197353,0.155316,0.444026,0.251357,0.171583,0.134068,0.319697,0.272289,0.491712,0.515363,-0.270672,-0.351665,0.110875,0.157096,0.365520,0.276825,0.292254,0.328163,0.743367,0.827926,0.554075,0.348319
0.107389,0.092853,0.161085,0.263061,0.121464,0.049577,0.198443,0.280552,0.158735,0.112339,0.141664,0.124120,0.158725,0.169121,-0.211782,0.013259,0.128818,-0.208810,0.090048,0.199393,-0.216248,0.335370,0.178815,0.187703,0.145085,0.127126,-0.063017,0.261816,-0.160685,0.115893,0.030984,0.180323,0.306010,0.323896,0.246629,0.223525,0.195960,0.059617,1.086547,0.000000,-0.081922,-0.249096,0.102741,0.219581,0.207230,0.182226,0.183119,0.059213,0.214891,0.297593,0.168454,0.194370,0.130655,0.096095,0.111467,0.335404,0.214622,0.196791,0.260189,0.206739,0.277551,0.235235,-0.065418,0.099625,0.196027,0.302505,0.317456,0.245013,0.136594,0.241311,0.140809,-0.036725,0.010285,0.031535,0.288531,0.199493,0.256953,0.282126,-0.193012,-0.244606,0.339290,0.310629,0.401095,0.433905,0.138855,0.212874,0.298747,1.008580,0.333304,0.226010
0.315044,0.305054,0.408006,0.061465,0.227414,0.067616,0.023147,-0.179755,0.063797,-0.107346,0.249786,0.305679,0.190489,0.342179,0.335319,0.199061,-0.056285,0.074745,0.042500,0.164264,0.322774,0.212956,0.211116,0.285350,0.174640,0.082326,0.200023,0.093722,-0.110163,-0.202553,0.116760,0.035449,0.149005,-0.042649,0.120677,0.100209,0.781662,0.490341,0.205430,-0.081922,0.000000,0.837628,0.026539,-0.010661,-0.038991,0.006537,0.230112,0.116904,0.051097,0.211598,0.563784,0.450401,0.375961,0.489282,0.645348,0.328723,0.212678,0.098219,0.162173,-0.047857,0.037966,-0.196811,-0.058615,-0.048410,0.082466,-0.105211,0.104403,-0.104741,0.192172,-0.057112,0.266195,0.572744,0.634629,0.448199,0.208241,0.287975,0.286096,0.223392,-0.093835,-0.010320,0.001328,0.025969,0.060097,-0.111358,0.350613,0.381042,0.347327,-0.004418,0.362059,0.257473
0.056959,0.128557,0.235995,0.032966,0.160744,0.177795,-0.043323,-0.126302,0.112652,0.018543,0.031916,0.215263,0.041439,0.308387,0.323295,0.257946,-0.025369,0.178012,-0.074849,0.109977,0.259798,0.169326,0.185979,0.311098,0.244971,0.159510,0.170320,0.110863,-0.004714,-0.120546,0.331362,0.219143,0.156541,0.049843,0.081241,0.107849,0.520982,0.480970,-0.045588,-0.249096,0.837628,0.000000,0.092650,0.063526,0.001069,0.042334,0.123635,0.084305,0.028714,0.102909,0.351070,0.291821,0.228449,0.323562,0.397207,0.234274,0.017186,-0.094904,0.006138,-0.040868,-0.041805,-0.094221,0.034269,0.003722,0.106649,-0.072688,0.009670,-0.064954,0.009137,-0.186013,0.157362,0.422498,0.476756,0.432941,0.140110,0.222755,0.156976,0.200083,0.016427,0.078096,-0.052063,0.046293,-0.119487,-0.195550,0.220901,0.271578,0.146945,-0.131730,0.158435,0.172347
0.332510,0.378146,0.374466,0.439532,0.330378,0.179870,0.410483,0.431457,0.343254,0.370048,-0.046753,0.220537,-0.034042,0.119671,0.213192,0.288125,0.533097,0.418880,0.437015,0.583421,-0.009447,0.208350,0.347434,0.261843,0.342824,0.394416,0.236383,0.416073,0.487288,0.492949,0.588116,0.568361,0.543193,0.583801,0.371014,0.396905,0.229728,0.292970,0.051704,0.102741,0.026539,0.092650,0.000000,1.568334,1.003549,1.054394,1.171126,1.063518,0.966402,0.851048,0.304892,0.297477,0.096509,0.303829,0.297199,0.593555,0.391906,0.261708,0.097773,0.226266,0.003972,0.129465,0.193790,0.312488,0.203504,0.190452,0.609395,0.588479,0.320979,0.276235,-0.086738,0.126699,0.180569,0.265480,0.322529,0.307572,0.222443,0.222900,0.611484,0.377645,0.691048,0.599379,0.457556,0.497291,0.163909,0.247267,0.117542,0.081323,-0.017415,0.104963
0.266228,0.320020,0.299960,0.441519,0.338118,0.146981,0.497356,0.531996,0.381138,0.337117,-0.015809,0.226913,0.031032,0.088642,0.121241,0.189590,0.583365,0.427170,0.439211,0.624238,-0.104969,0.205678,0.262872,0.179507,0.284166,0.371869,0.221550,0.417064,0.530457,0.579269,0.550369,0.573575,0.615831,0.736217,0.315998,0.377072,0.205733,0.329981,0.088885,0.219581,-0.010661,0.063526,1.568334,0.000000,1.206394,1.337937,1.042653,1.133209,1.088633,1.020723,0.272168,0.318693,0.089915,0.254758,0.261914,0.658600,0.327591,0.245813,0.178789,0.338438,0.083854,0.214185,0.245648,0.403420,0.170810,0.253124,0.640390,0.646287,0.280824,0.307756,-0.091303,0.090886,0.142752,0.269645,0.298657,0.249594,0.189236,0.174304,0.534441,0.341251,0.751595,0.643920,0.505024,0.581606,0.091574,0.211409,0.083057,0.159236,0.002830,0.131427
0.347728,0.432639,0.184042,0.329298,0.295080,0.075875,0.402086,0.495288,0.292729,0.241600,-0.099885,0.136392,0.033369,0.018180,0.085206,0.101886,0.695628,0.530056,0.447218,0.720295,-0.098283,0.212188,0.142878,0.043003,0.211399,0.305624,0.229451,0.343270,0.520760,0.522898,0.492381,0.453736,0.695495,0.747256,0.288603,0.384931,0.172430,0.268987,0.099589,0.207230,-0.038991,0.001069,1.003549,1.206394,0.000000,1.864414,0.904099,0.879505,1.377364,0.955020,0.164152,0.230990,0.005843,0.166190,0.177248,0.595940,0.560398,0.445134,0.182864,0.292103,0.141591,0.202475,0.284611,0.438358,0.133290,0.219021,0.557047,0.549382,0.481687,0.510433,-0.178578,0.054717,0.084211,0.268852,0.173186,0.167267,0.095571,0.071547,0.605381,0.342534,0.768026,0.591560,0.316356,0.468583,0.015641,0.095156,0.048239,0.120576,0.034057,0.111028
0.342683,0.446654,0.189581,0.284896,0.307788,0.085672,0.393924,0.408944,0.318548,0.273379,-0.104551,0.143984,0.025267,0.061931,0.136545,0.189891,0.688463,0.566208,0.393773,0.702695,-0.140594,0.243086,0.140347,0.072488,0.206181,0.280117,0.226837,0.356935,0.546458,0.573706,0.457938,0.435194,0.609408,0.668228,0.203284,0.306520,0.159797,0.228068,0.045132,0.182226,0.006537,0.042334,1.054394,1.337937,1.864414,0.000000,0.981446,0.869937,1.459767,1.151036,0.239284,0.300656,0.024043,0.277259,0.205994,0.685056,0.533261,0.402990,0.151086,0.255946,0.083890,0.117186,0.304768,0.420512,0.100279,0.122216,0.488706,0.487166,0.444125,0.465922,-0.233240,0.044103,0.113042,0.285264,0.166020,0.143319,0.074397,0.024917,0.609852,0.403614,0.818016,0.679997,0.347404,0.473941,0.033308,0.157184,0.065728,0.158527,-0.010572,0.099831
0.467610,0.604564,0.389811,0.308510,0.307069,0.057490,0.279550,0.246435,0.244259,0.250534,-0.081340,0.262902,-0.026083,0.215022,0.147016,0.219996,0.380559,0.320509,0.281933,0.618194,0.002318,0.291188,0.322947,0.258128,0.279349,0.282021,0.220818,0.233227,0.233489,0.189596,0.408053,0.391506,0.518186,0.415962,0.278038,0.301337,0.298929,0.335381,0.259608,0.183119,0.230112,0.123635,1.171126,1.042653,0.904099,0.981446,0.000000,0.956940,1.007363,0.916338,0.555002,0.475986,0.294888,0.572370,0.607107,0.856516,0.573437,0.391700,0.147819,0.155977,-0.021276,-0.011337,0.104410,0.284553,0.102539,-0.003716,0.468854,0.379775,0.468726,0.324394,0.111432,0.291761,0.274777,0.336960,0.296577,0.327283,0.282997,0.270994,0.400896,0.237253,0.564417,0.548535,0.417420,0.371197,0.215867,0.329129,0.340921,0.227348,0.045053,0.171199
0.374653,0.338936,0.467575,0.551546,0.513473,0.215226,0.543092,0.543273,0.398219,0.351969,0.008755,0.226902,0.053863,0.107755,0.220948,0.138618,0.421685,0.365494,0.554909,0.596160,0.049193,-0.027978,0.451470,0.290230,0.432139,0.575782,0.386258,0.393524,0.447848,0.363843,0.527186,0.486695,0.545416,0.542034,0.354372,0.450383,0.357413,0.491954,0.067847,0.059213,0.116904,0.084305,1.063518,1.133209,0.879505,0.869937,0.956940,0.000000,0.811195,0.822322,0.257000,0.378668,0.155249,0.231588,0.361425,0.610129,0.328103,0.259356,0.201456,0.374821,0.042406,0.202880,0.157992,0.276994,0.208044,0.278185,0.649273,0.645879,0.429773,0.386866,-0.026266,0.087381,0.174970,0.270339,0.257108,0.292954,0.142093,0.183489,0.545947,0.364409,0.600028,0.444891,0.508140,0.486950,0.114553,0.198487,0.191113,-0.026518,0.100756,0.271874
