0.000000,0.774895,0.715495,0.382520,0.305036,0.247627,0.675027,0.350724,0.057843,0.104491,0.835385,0.419342,0.545164,0.328036,0.329468,0.280011,0.546202,0.217387,0.688886,0.624008,0.242693,0.017022,0.442074,0.409040,0.035480,-0.131613,-0.061285,0.196857,0.432742,0.085768,0.350545,0.362801,0.565698,0.444904,0.367641,0.240150,-0.109073,0.196239,-0.046335,0.194622,0.332547,-0.094974,0.136140,0.056259,0.161073,0.152764,0.222228,0.124470,0.139956,0.094995,-0.036479,-0.178051,0.030328,-0.020260,0.331201,0.157127,0.967073,0.645957,0.699121,0.583808,0.764063,0.360758,0.316527,0.122863,0.177621,0.184087,0.443145,0.357494,0.939449,0.491205,0.176253,0.121840,0.198227,0.065319,0.190919,-0.188211,0.301654,0.116836,0.365049,0.010124,0.332213,0.273994,0.411240,0.207238,0.331612,-0.051914,0.293058,0.272840,0.361418,0.099119
0.774895,0.000000,0.855929,0.965702,0.324746,0.329777,0.565579,0.773775,0.318582,0.302541,0.386375,0.569410,0.447545,0.714926,0.380416,0.422352,0.753486,0.466658,0.939916,1.150543,0.182815,0.327919,0.776042,0.828091,0.266988,0.210042,0.215157,0.323260,0.236340,0.035909,0.460281,0.612413,0.857200,0.816646,0.543664,0.559319,0.014397,0.272387,0.272709,0.411510,0.190897,0.180076,0.437449,0.439658,0.464419,0.486245,0.540907,0.524523,0.347454,0.311798,0.358014,0.200208,0.203363,0.309114,0.438110,0.427465,1.002101,1.589952,0.322294,0.570082,0.288025,0.526189,0.130077,0.524241,0.253067,0.181028,0.697883,0.765881,1.023490,0.982679,0.050123,0.249559,0.206488,0.306133,0.263165,0.058276,0.415790,0.274254,0.460526,-0.105029,0.566231,0.575710,0.602649,0.394075,0.429872,0.272038,0.523688,0.324473,0.394191,0.345216
0.715495,0.855929,0.000000,1.223978,0.496044,0.470008,1.326227,1.132102,0.503692,0.458951,0.484281,0.541325,0.456283,0.513184,0.359785,0.495045,0.498248,0.086953,1.295517,1.195665,0.299303,0.356402,1.502224,1.354852,0.564072,0.349437,0.381833,0.523941,0.182434,-0.039200,0.713129,0.945682,0.918774,0.815076,0.531323,0.466621,-0.128959,0.013170,0.169699,0.246359,0.147115,0.144053,0.321694,0.274986,0.334539,0.266200,0.412150,0.365109,0.352562,0.209053,0.196737,0.066873,0.214875,0.163531,0.309633,0.202363,0.476557,0.584991,0.239076,0.562394,0.162935,0.469394,-0.123396,0.321523,0.229840,0.300159,0.463277,0.523566,0.774637,0.620354,0.131889,0.400748,0.326005,0.267694,0.283594,0.044692,0.309148,0.121361,0.375023,-0.247008,0.429047,0.265945,0.532990,0.307927,0.212585,-0.011131,0.403477,0.195776,0.481672,0.335954
0.382520,0.965702,1.223978,0.000000,0.548624,0.566541,0.858625,1.570658,0.656349,0.525577,0.294138,0.628394,0.410703,0.777168,0.282660,0.543614,0.449295,0.187458,1.073624,1.188520,0.062551,0.306423,1.340549,1.676613,0.505563,0.405473,0.417997,0.438994,-0.020555,-0.106966,0.502217,0.832735,0.800765,0.815922,0.451555,0.613151,-0.072501,0.053938,0.264339,0.285389,0.188103,0.160690,0.411332,0.433140,0.410298,0.407518,0.511882,0.513232,0.442831,0.330521,0.394727,0.316494,0.389553,0.304812,0.400759,0.389797,0.369118,0.701911,0.084301,0.454073,0.016360,0.624510,-0.187783,0.486146,0.259658,0.413003,0.480556,0.687914,0.607464,0.686455,-0.007625,0.334904,0.186561,0.325730,0.236776,0.098458,0.324685,0.187688,0.330250,-0.272781,0.463772,0.371363,0.590744,0.269510,0.245631,0.176178,0.417900,0.200997,0.428869,0.437046
0.305036,0.324746,0.496044,0.548624,0.000000,1.374125,0.397045,0.375754,0.655413,0.211540,0.374931,0.489397,0.204503,0.211740,0.208701,0.538277,0.117925,0.236720,0.423409,0.405313,0.158242,0.046254,0.521050,0.517051,0.383047,0.218690,0.357798,0.820482,-0.110002,-0.048644,0.388234,0.541654,0.306363,0.266353,0.306569,0.406061,-0.292515,0.154017,-0.154906,0.005020,0.824869,-0.598622,0.263256,0.310478,0.266962,0.302985,0.305646,0.341490,0.422646,0.268839,0.072215,0.126955,0.270278,0.102177,0.374453,0.381873,0.170020,0.342443,0.209390,0.097516,0.173969,0.278327,-0.076015,0.192218,0.289522,0.392494,0.214350,0.387396,0.256477,0.256691,0.262914,0.374390,0.160150,0.192983,0.163947,-0.354587,0.372243,0.372907,0.295105,0.063961,0.259406,0.331695,0.609065,-0.080091,0.122687,-0.074841,0.276352,-0.014761,0.276152,0.263814
0.247627,0.329777,0.470008,0.566541,1.374125,0.000000,0.356953,0.430990,0.529625,0.327532,0.287227,0.390419,0.141065,0.152176,0.032484,0.452453,0.137516,0.128621,0.408317,0.417533,0.087446,0.022339,0.471162,0.519923,0.420581,0.229167,0.360063,0.843870,-0.165112,-0.146397,0.263069,0.460855,0.308977,0.272349,0.360555,0.484408,-0.386397,0.088177,-0.192833,-0.042408,0.731412,-0.535128,0.294712,0.371218,0.310983,0.317157,0.332749,0.399198,0.441445,0.262856,0.179253,0.197891,0.279034,0.075670,0.287532,0.315784,0.149327,0.342655,0.183884,0.151531,0.158481,0.343630,-0.119693,0.184795,0.337725,0.491159,0.278139,0.482534,0.303371,0.327883,0.188491,0.407877,0.143129,0.220984,0.166918,-0.303906,0.306060,0.320396,0.255062,-0.031775,0.251697,0.301361,0.559310,-0.122493,0.134050,-0.038207,0.289893,-0.172634,0.287957,0.268804
0.675027,0.565579,1.326227,0.858625,0.397045,0.356953,0.000000,1.023727,0.500946,0.498732,0.599259,0.615354,0.585711,0.429529,0.279619,0.344875,0.279477,0.066189,0.922442,0.789633,0.286316,0.248204,1.007157,0.913747,0.448814,0.290736,0.228475,0.349888,0.146544,-0.025259,0.647047,0.676574,0.734086,0.700830,0.336969,0.348318,-0.121639,0.049402,0.026042,0.120963,0.143515,0.092189,0.171770,0.070448,0.205053,0.118856,0.194434,0.160455,0.266981,0.118348,0.000188,-0.052159,0.102635,-0.129600,0.136502,0.002139,0.281117,0.313575,0.260096,0.581097,0.299985,0.581975,-0.039781,0.277574,0.185347,0.440603,0.362451,0.357659,0.559170,0.389815,0.267096,0.399833,0.340683,0.240284,0.195753,0.070216,0.357132,0.148892,0.212036,-0.134076,0.207648,0.097966,0.296070,0.177194,0.088005,-0.159145,0.214205,0.131110,0.379132,0.155085
0.350724,0.773775,1.132102,1.570658,0.375754,0.430990,1.023727,0.000000,0.624716,0.655846,0.349162,0.714606,0.490445,0.827179,0.303334,0.490428,0.372885,0.133881,1.020358,1.030643,0.094489,0.336655,1.184938,1.412185,0.462679,0.416157,0.353715,0.373637,0.034546,-0.025445,0.538065,0.782644,0.802293,0.814650,0.337619,0.505202,-0.038003,0.052583,0.223031,0.200373,0.110277,0.197609,0.275494,0.248650,0.264992,0.235560,0.332408,0.317799,0.317478,0.208391,0.260773,0.187466,0.314506,0.107316,0.277178,0.186486,0.264338,0.484377,0.044885,0.506237,0.061361,0.797329,-0.164445,0.527086,0.208156,0.522218,0.365353,0.512131,0.531320,0.559194,0.066862,0.391731,0.244414,0.355767,0.240591,0.149239,0.331509,0.183549,0.260277,-0.280530,0.308007,0.238874,0.430797,0.238523,0.158623,0.112837,0.300585,0.176819,0.363246,0.301879
0.057843,0.318582,0.503692,0.656349,0.655413,0.529625,0.500946,0.624716,0.000000,0.830830,0.104590,0.380040,0.360183,0.475859,0.524078,0.586358,0.139715,0.202273,0.344730,0.409338,0.241690,0.427798,0.617232,0.608506,0.733050,0.783068,0.571426,0.582579,-0.088779,0.032296,0.440748,0.489752,0.375823,0.464392,0.297170,0.618418,0.106140,0.231175,0.282148,0.284265,0.240521,-0.002969,0.553487,0.543796,0.490250,0.504392,0.556173,0.622240,0.469380,0.327548,0.304771,0.345496,0.397587,0.233445,0.402137,0.461909,0.148172,0.315341,-0.040112,0.213878,-0.058300,0.340864,-0.183215,0.252002,0.142897,0.500245,0.362572,0.484346,0.236623,0.443390,0.264029,0.506812,0.306218,0.406975,0.285996,0.265738,0.522904,0.520422,0.288828,0.060202,0.273783,0.339539,0.469616,0.140907,0.104665,0.207508,0.353428,0.167208,0.399549,0.470091
0.104491,0.302541,0.458951,0.525577,0.211540,0.327532,0.498732,0.655846,0.830830,0.000000,0.049857,0.218622,0.342482,0.434609,0.361909,0.590666,0.145228,-0.056489,0.294522,0.377136,0.072536,0.317992,0.497870,0.565738,0.625867,0.477125,0.522547,0.293022,-0.051674,-0.055214,0.172317,0.226083,0.376187,0.429643,0.321011,0.548239,0.059950,0.144972,0.234114,0.292110,-0.038734,0.235391,0.494780,0.442681,0.444833,0.398149,0.495480,0.508186,0.368484,0.273561,0.339385,0.271798,0.381463,0.091506,0.236627,0.295551,0.224212,0.262509,0.008405,0.419238,-0.013219,0.461942,-0.210626,0.191226,0.131730,0.641896,0.389676,0.447673,0.336729,0.519551,0.082920,0.360668,0.234330,0.287204,0.347521,0.478640,0.339983,0.282699,0.172549,-0.120483,0.191953,0.197426,0.311855,0.198005,0.164213,0.274568,0.288458,-0.009630,0.483664,0.455129
0.835385,0.386375,0.484281,0.294138,0.374931,0.287227,0.599259,0.349162,0.104590,0.049857,0.000000,0.739995,0.961717,0.511942,0.524254,0.385220,0.408134,0.325707,0.572234,0.457990,0.220417,0.013213,0.360429,0.335750,-0.055118,-0.145410,-0.192355,0.147501,0.451636,0.240630,0.325664,0.366494,0.421504,0.323862,0.170921,0.147518,-0.004228,0.238820,-0.093077,0.075764,0.421097,-0.189739,-0.023397,-0.083988,-0.019407,-0.011733,0.055746,-0.050589,0.001062,-0.045420,-0.189290,-0.223874,-0.095573,-0.238946,0.233542,-0.006388,0.332105,0.240212,0.338965,0.297130,0.508399,0.401438,0.317797,0.204999,0.200688,0.265302,0.137957,0.158413,0.430502,0.173060,0.390443,0.334214,0.269070,0.196054,0.162573,-0.203245,0.345497,0.211827,0.309992,0.074130,0.197360,0.232528,0.357263,0.084490,0.240980,-0.103523,0.208667,0.237711,0.104969,-0.142867
0.419342,0.569410,0.541325,0.628394,0.489397,0.390419,0.615354,0.714606,0.380040,0.218622,0.739995,0.000000,0.733128,0.826791,0.379642,0.473003,0.283834,0.525625,0.584077,0.527063,0.173349,0.220847,0.489112,0.524126,0.148453,0.119879,-0.042424,0.212511,0.196861,0.176836,0.481848,0.519516,0.459403,0.462379,0.061080,0.238878,-0.007548,0.354512,0.051311,0.147888,0.413494,-0.181755,0.036555,0.006040,0.024098,0.050567,0.039742,0.023742,0.120209,0.073491,-0.034460,-0.018491,0.071151,-0.154409,0.289595,0.164624,0.165761,0.358289,0.072114,0.246750,0.232687,0.786308,0.119436,0.562655,0.007652,0.390254,0.043349,0.207883,0.223593,0.168728,0.525802,0.449016,0.281058,0.334215,0.100355,-0.144108,0.498735,0.405139,0.271583,0.112425,0.176707,0.324820,0.321859,0.042930,0.007119,-0.031410,0.262305,0.208825,0.049734,-0.110541
0.545164,0.447545,0.456283,0.410703,0.204503,0.141065,0.585711,0.490445,0.360183,0.342482,0.961717,0.733128,0.000000,0.931166,0.657579,0.502153,0.305189,0.303225,0.381203,0.379722,0.095348,0.136724,0.397211,0.418381,0.028604,-0.007211,-0.144117,-0.020426,0.301289,0.124324,0.186838,0.231722,0.291302,0.259452,0.180954,0.254344,0.099510,0.216590,0.054986,0.162799,0.185880,-0.017718,0.252105,0.117218,0.211047,0.147554,0.249241,0.116242,0.128640,0.049658,0.184525,-0.010012,0.232839,-0.025104,0.328279,0.152353,0.315812,0.317668,0.208688,0.370769,0.272606,0.469591,0.048647,0.111144,0.155300,0.392636,0.184787,0.180408,0.339713,0.218869,0.338210,0.311750,0.181501,0.158328,0.099742,0.009000,0.440319,0.261820,0.187433,0.072544,0.122832,0.258103,0.247487,0.075929,0.257819,0.150558,0.211840,0.367020,0.154924,-0.022886
0.328036,0.714926,0.513184,0.777168,0.211740,0.152176,0.429529,0.827179,0.475859,0.434609,0.511942,0.826791,0.931166,0.000000,0.638788,0.704076,0.456304,0.389668,0.554313,0.642803,-0.055017,0.264851,0.596990,0.737822,0.155561,0.232043,0.043510,0.076167,0.190963,0.098295,0.270776,0.448749,0.513312,0.501309,0.270425,0.451929,0.212614,0.237576,0.284735,0.312488,0.129635,0.155767,0.318447,0.274834,0.234890,0.248661,0.380780,0.292948,0.170959,0.099478,0.324203,0.176601,0.338960,0.132496,0.491992,0.366143,0.392387,0.538338,0.003878,0.336935,0.019065,0.591911,-0.059635,0.407587,0.160657,0.381773,0.290429,0.414007,0.405994,0.463761,0.106321,0.263224,0.142971,0.291855,0.227398,0.119848,0.422958,0.312475,0.262015,-0.089056,0.298425,0.457273,0.393353,0.232942,0.359615,0.438079,0.314102,0.475928,0.156621,0.112323
0.329468,0.380416,0.359785,0.282660,0.208701,0.032484,0.279619,0.303334,0.524078,0.361909,0.524254,0.379642,0.657579,0.638788,0.000000,0.639147,0.429192,0.261199,0.429415,0.451661,0.376315,0.520536,0.389869,0.329616,0.147761,0.224590,0.244305,0.282621,0.472249,0.322570,0.432500,0.450386,0.462188,0.442568,0.231676,0.371953,0.450153,0.347106,0.443007,0.473279,0.066891,0.245848,0.213711,0.201285,0.186497,0.233318,0.387645,0.279473,0.059209,0.052266,-0.005254,-0.003014,0.041981,0.097419,0.452176,0.344468,0.452085,0.314476,0.077031,0.180246,0.090620,0.201678,0.071745,0.264170,0.053324,0.161773,0.203590,0.244320,0.364275,0.395696,0.247688,0.372774,0.395578,0.381617,0.417876,0.303457,0.392060,0.304363,0.416510,-0.047495,0.286001,0.275896,0.479265,0.371684,0.279216,0.281861,0.377933,0.682363,0.312900,0.285713
0.280011,0.422352,0.495045,0.543614,0.538277,0.452453,0.344875,0.490428,0.586358,0.590666,0.385220,0.473003,0.502153,0.704076,0.639147,0.000000,0.314399,0.300877,0.481559,0.540006,0.208695,0.389866,0.583939,0.653282,0.416053,0.316756,0.445887,0.489347,0.335131,0.327350,0.371448,0.529547,0.471503,0.442452,0.423135,0.593590,0.026880,0.335614,0.192304,0.399368,0.323453,0.004942,0.373028,0.384726,0.285010,0.328164,0.491687,0.439804,0.276297,0.186238,0.276615,0.246798,0.302629,0.197672,0.551127,0.516115,0.349572,0.387155,-0.053151,0.124996,-0.076281,0.302713,-0.052948,0.285600,0.302588,0.420939,0.327653,0.512903,0.406064,0.483735,0.222352,0.425136,0.283436,0.384192,0.379641,0.104818,0.381173,0.328042,0.628414,0.097143,0.417255,0.555019,0.779978,0.303548,0.374867,0.412603,0.452586,0.228133,0.333337,0.330668
0.546202,0.753486,0.498248,0.449295,0.117925,0.137516,0.279477,0.372885,0.139715,0.145228,0.408134,0.283834,0.305189,0.456304,0.429192,0.314399,0.000000,0.441678,0.662776,0.837937,0.346557,0.397441,0.398426,0.402037,0.232002,0.138962,0.094474,0.180310,0.619816,0.254916,0.427495,0.596938,0.936258,0.845090,0.481282,0.373576,0.286476,0.326444,0.435831,0.524511,0.130447,0.432344,0.288373,0.395875,0.337437,0.386390,0.527060,0.476572,0.222933,0.241936,0.064289,0.113214,-0.012181,0.162390,0.385308,0.257592,0.794398,0.719241,0.307623,0.445026,0.294290,0.280897,0.277215,0.441473,0.058485,0.051566,0.517065,0.580602,0.847969,0.809440,0.029966,0.337310,0.511859,0.535399,0.497044,0.221585,0.364803,0.268715,0.708172,-0.251067,0.900886,0.489840,0.674411,0.589265,0.296715,0.125495,0.559249,0.429479,0.341857,0.272220
0.217387,0.466658,0.086953,0.187458,0.236720,0.128621,0.066189,0.133881,0.202273,-0.056489,0.325707,0.525625,0.303225,0.389668,0.261199,0.300877,0.441678,0.000000,0.232410,0.310243,0.299213,0.345813,0.121093,0.134083,0.136194,0.247619,-0.024456,0.175980,0.372727,0.562195,0.472801,0.364780,0.339779,0.447162,0.190246,0.402210,0.180545,0.697112,0.124398,0.296787,0.537048,-0.075061,0.227388,0.242398,0.238918,0.375185,0.108053,0.231796,0.088467,0.161923,0.086174,0.221618,-0.152730,0.042569,0.165227,0.192631,0.308924,0.488451,-0.112021,-0.059047,0.068614,0.252547,0.485187,0.567643,0.160735,0.161044,0.279282,0.394795,0.235786,0.326201,0.544209,0.488604,0.439252,0.597203,0.130944,-0.055041,0.458848,0.655121,0.512828,0.619415,0.428746,0.806388,0.409420,0.176077,0.192024,0.211496,0.339469,0.151988,-0.166508,-0.135299
0.688886,0.939916,1.295517,1.073624,0.423409,0.408317,0.922442,1.020358,0.344730,0.294522,0.572234,0.584077,0.381203,0.554313,0.429415,0.481559,0.662776,0.232410,0.000000,1.767751,0.342467,0.370804,1.121794,1.106428,0.324487,0.239261,0.290671,0.470775,0.293640,0.060850,0.721882,0.963786,1.045176,1.004180,0.474856,0.491430,0.013312,0.133922,0.254448,0.336206,0.256213,0.202323,0.128900,0.142462,0.174896,0.199575,0.276178,0.251994,0.135869,0.126437,0.018203,0.001292,-0.000707,0.057989,0.275779,0.138068,0.474522,0.593059,0.172648,0.412823,0.211906,0.541413,0.098091,0.573594,0.344043,0.289822,0.432382,0.544384,0.840932,0.650506,0.106042,0.403499,0.426466,0.433066,0.406609,0.089656,0.287479,0.178087,0.469243,-0.215236,0.490271,0.283499,0.626412,0.347841,0.291169,0.029131,0.459538,0.268383,0.410040,0.272578
0.624008,1.150543,1.195665,1.188520,0.405313,0.417533,0.789633,1.030643,0.409338,0.377136,0.457990,0.527063,0.379722,0.642803,0.451661,0.540006,0.837937,0.310243,1.767751,0.000000,0.322392,0.436978,1.122713,1.164149,0.427039,0.331723,0.387614,0.483575,0.308723,0.088442,0.711251,0.989950,1.216447,1.188370,0.587458,0.624517,0.086157,0.186385,0.349816,0.421314,0.231023,0.290556,0.293210,0.333897,0.333080,0.357093,0.461175,0.457460,0.243693,0.201996,0.169970,0.120935,0.071383,0.172109,0.346810,0.238753,0.608968,0.798606,0.159383,0.415512,0.153918,0.507338,0.095220,0.665957,0.330760,0.261634,0.602627,0.719137,1.035692,0.937403,0.043324,0.406095,0.443889,0.519469,0.462856,0.172182,0.316021,0.235995,0.569075,-0.225369,0.657466,0.421857,0.736232,0.428150,0.381305,0.162817,0.535760,0.267835,0.438941,0.365635
0.242693,0.182815,0.299303,0.062551,0.158242,0.087446,0.286316,0.094489,0.241690,0.072536,0.220417,0.173349,0.095348,-0.055017,0.376315,0.208695,0.346557,0.299213,0.342467,0.322392,0.000000,0.925504,0.266000,0.124147,0.420044,0.396253,0.343564,0.530765,0.527627,0.392447,0.810775,0.547147,0.457948,0.451020,0.341375,0.260499,0.176959,0.413370,0.186820,0.276272,0.115501,0.177792,0.084184,0.071393,0.154890,0.094460,0.197835,0.151328,0.009734,-0.026159,-0.185809,-0.181267,-0.339959,-0.162552,0.087708,-0.059998,0.211014,0.116043,0.065383,0.117375,0.113125,0.096470,0.163232,0.283738,0.137117,0.094404,0.198531,0.169788,0.301358,0.207309,0.688277,0.685836,0.782822,0.541291,0.426010,0.236075,0.402264,0.422749,0.468173,0.129487,0.262688,0.125367,0.243250,0.143878,0.045173,-0.041527,0.186256,0.130636,0.180847,0.096911
0.017022,0.327919,0.356402,0.306423,0.046254,0.022339,0.248204,0.336655,0.427798,0.317992,0.013213,0.220847,0.136724,0.264851,0.520536,0.389866,0.397441,0.345813,0.370804,0.436978,0.925504,0.000000,0.426886,0.341213,0.618687,0.761178,0.543040,0.473158,0.465868,0.358417,0.826191,0.657051,0.550426,0.620668,0.370902,0.415560,0.349639,0.398320,0.491451,0.436275,-0.103809,0.480314,0.247394,0.289180,0.260729,0.258468,0.394026,0.367575,0.066483,0.055926,0.083097,0.111785,-0.136520,0.088358,0.217373,0.102168,0.222487,0.246244,-0.234921,0.087209,-0.215215,0.157140,-0.023724,0.393852,0.048825,0.094167,0.263454,0.333803,0.271911,0.377234,0.473410,0.728479,0.684473,0.681921,0.413579,0.536400,0.419138,0.428537,0.449603,0.033099,0.308769,0.265412,0.301922,0.296135,0.088600,0.257321,0.305082,0.258693,0.172187,0.210525
0.442074,0.776042,1.502224,1.340549,0.521050,0.471162,1.007157,1.184938,0.617232,0.497870,0.360429,0.489112,0.397211,0.596990,0.389869,0.583939,0.398426,0.121093,1.121794,1.122713,0.266000,0.426886,0.000000,1.923708,0.589045,0.474341,0.464490,0.581941,0.093778,-0.054013,0.772356,1.048402,0.877556,0.789696,0.593653,0.569148,-0.087485,0.038109,0.193230,0.275895,0.155065,0.173351,0.358215,0.326833,0.336075,0.264170,0.462456,0.421291,0.321593,0.146242,0.274307,0.124477,0.243063,0.195741,0.308384,0.267425,0.374556,0.551683,0.056117,0.365810,-0.021056,0.431382,-0.226207,0.381680,0.379337,0.341561,0.468125,0.543128,0.653967,0.636393,0.136628,0.464053,0.325669,0.355952,0.340741,0.106599,0.336337,0.190066,0.359997,-0.207969,0.381385,0.300580,0.545330,0.245454,0.279038,0.136623,0.373195,0.219675,0.425924,0.381571
0.409040,0.828091,1.354852,1.676613,0.517051,0.519923,0.913747,1.412185,0.608506,0.565738,0.335750,0.524126,0.418381,0.737822,0.329616,0.653282,0.402037,0.134083,1.106428,1.164149,0.124147,0.341213,1.923708,0.000000,0.541015,0.433742,0.437273,0.511966,0.030056,-0.091501,0.594161,0.921652,0.822129,0.762374,0.590866,0.660772,-0.124031,0.019700,0.166425,0.245657,0.198004,0.142272,0.351000,0.321839,0.308687,0.264017,0.436088,0.408295,0.307714,0.140044,0.347498,0.165179,0.309199,0.204319,0.326449,0.295066,0.361038,0.593181,0.028760,0.374854,-0.028754,0.527638,-0.240737,0.406246,0.406812,0.450312,0.466609,0.601684,0.648907,0.664124,0.055963,0.390390,0.254225,0.350632,0.311294,0.091881,0.311941,0.188388,0.337284,-0.234681,0.411943,0.372469,0.553095,0.233563,0.324962,0.227833,0.343840,0.195802,0.388791,0.370735
0.035480,0.266988,0.564072,0.505563,0.383047,0.420581,0.448814,0.462679,0.733050,0.625867,-0.055118,0.148453,0.028604,0.155561,0.147761,0.416053,0.232002,0.136194,0.324487,0.427039,0.420044,0.618687,0.589045,0.541015,0.000000,1.073887,0.811652,0.690744,0.043040,0.093063,0.642483,0.636535,0.531001,0.565670,0.514450,0.529679,-0.035630,0.105564,0.143797,0.156024,0.003014,0.147952,0.502452,0.517076,0.499646,0.413755,0.528241,0.616649,0.509314,0.250686,0.269822,0.279519,0.174446,0.151422,0.107929,0.127267,0.146001,0.260837,-0.124799,0.211859,-0.252153,0.120937,-0.257870,0.196020,0.075719,0.219578,0.418396,0.496353,0.324903,0.467524,0.246544,0.615158,0.432775,0.444792,0.323588,0.290966,0.341108,0.384332,0.325846,-0.044958,0.278340,0.222508,0.292370,0.123284,-0.056605,0.037722,0.179454,-0.187980,0.232054,0.284458
-0.131613,0.210042,0.349437,0.405473,0.218690,0.229167,0.290736,0.416157,0.783068,0.477125,-0.145410,0.119879,-0.007211,0.232043,0.224590,0.316756,0.138962,0.247619,0.239261,0.331723,0.396253,0.761178,0.474341,0.433742,1.073887,0.000000,0.687026,0.628613,-0.003688,0.140927,0.643033,0.579096,0.406466,0.526968,0.401890,0.611665,0.144648,0.171660,0.260019,0.189294,-0.003736,0.191748,0.481340,0.453605,0.414181,0.365355,0.435774,0.507697,0.276491,0.095092,0.281352,0.212449,0.107524,0.124648,0.147172,0.128343,0.046512,0.186919,-0.332258,0.012674,-0.342615,0.106517,-0.161480,0.288206,0.130405,0.217919,0.338931,0.413916,0.154920,0.355124,0.285064,0.641079,0.419029,0.551228,0.311402,0.408612,0.355092,0.443705,0.263607,0.115731,0.204945,0.283619,0.232724,0.109686,0.020943,0.214415,0.164915,-0.060121,0.072926,0.176416
-0.061285,0.215157,0.381833,0.417997,0.357798,0.360063,0.228475,0.353715,0.571426,0.522547,-0.192355,-0.042424,-0.144117,0.043510,0.244305,0.445887,0.094474,-0.024456,0.290671,0.387614,0.343564,0.543040,0.464490,0.437273,0.811652,0.687026,0.000000,0.950977,0.001422,0.156184,0.385860,0.450334,0.330917,0.374700,0.284480,0.411187,-0.061223,-0.056427,0.172114,0.072684,-0.057143,0.147870,0.375023,0.407052,0.297369,0.296791,0.429474,0.487925,0.319590,0.187298,0.262559,0.251466,0.276712,0.316388,0.090360,0.193839,0.144513,0.211623,-0.188432,0.022433,-0.342083,-0.011315,-0.215979,0.220214,0.020624,0.103721,0.208145,0.294737,0.213243,0.396931,0.008912,0.311136,0.214243,0.312095,0.220906,0.238204,0.012404,0.049393,0.340533,-0.143857,0.243168,0.156281,0.369808,0.238188,0.005009,0.100937,0.149787,-0.160598,0.287106,0.418181
0.196857,0.323260,0.523941,0.438994,0.820482,0.843870,0.349888,0.373637,0.582579,0.293022,0.147501,0.212511,-0.020426,0.076167,0.282621,0.489347,0.180310,0.175980,0.470775,0.483575,0.530765,0.473158,0.581941,0.511966,0.690744,0.628613,0.950977,0.000000,0.034144,0.137462,0.649179,0.723042,0.451873,0.430012,0.448679,0.545352,-0.243897,0.063975,-0.043993,-0.001682,0.367161,-0.253215,0.309759,0.326293,0.250724,0.237509,0.362049,0.401065,0.276611,0.070446,0.094132,0.070877,0.109591,0.086760,0.174285,0.176104,0.237191,0.307102,-0.027811,0.034300,-0.059935,0.120076,-0.128450,0.249232,0.237927,0.246285,0.267311,0.380438,0.333182,0.390082,0.316279,0.585205,0.366812,0.395279,0.276841,-0.108713,0.219595,0.268361,0.416134,0.008825,0.264718,0.273469,0.514229,0.063083,0.082493,0.004312,0.205427,-0.111365,0.218428,0.259927
0.432742,0.236340,0.182434,-0.020555,-0.110002,-0.165112,0.146544,0.034546,-0.088779,-0.051674,0.451636,0.196861,0.301289,0.190963,0.472249,0.335131,0.619816,0.372727,0.293640,0.308723,0.527627,0.465868,0.093778,0.030056,0.043040,-0.003688,0.001422,0.034144,0.000000,0.895732,0.466577,0.371754,0.472498,0.411295,0.141621,0.037324,0.312237,0.523131,0.236482,0.379452,0.052255,0.322083,-0.117734,-0.067386,-0.061547,-0.018828,0.133463,0.022511,-0.189656,-0.097734,-0.277054,-0.185432,-0.363484,-0.122605,0.226287,-0.034938,0.441939,0.178623,0.148739,0.159601,0.280806,0.118396,0.414229,0.262880,-0.007570,-0.033143,0.143641,0.155779,0.442422,0.256781,0.241425,0.235117,0.425990,0.355526,0.291674,0.161298,0.191676,0.156428,0.735960,0.151948,0.341265,0.253855,0.375990,0.402252,0.149420,0.082214,0.297188,0.416813,0.139664,0.004349
0.085768,0.035909,-0.039200,-0.106966,-0.048644,-0.146397,-0.025259,-0.025445,0.032296,-0.055214,0.240630,0.176836,0.124324,0.098295,0.322570,0.327350,0.254916,0.562195,0.060850,0.088442,0.392447,0.358417,-0.054013,-0.091501,0.093063,0.140927,0.156184,0.137462,0.895732,0.000000,0.317634,0.190815,0.181719,0.209872,-0.090451,0.026700,0.175126,0.443487,0.104312,0.123557,0.129721,0.080696,-0.037477,-0.001925,-0.052849,0.035025,0.013789,0.032058,-0.086389,-0.034814,-0.192943,-0.012008,-0.261987,-0.066525,0.002422,-0.085979,0.122203,0.030078,-0.137640,-0.125204,0.040948,0.038564,0.459373,0.365727,-0.076353,-0.015026,-0.028394,0.047816,0.107022,0.079223,0.306809,0.290810,0.312706,0.357348,0.130834,0.059248,0.026201,0.129166,0.748651,0.423331,0.244690,0.378302,0.339728,0.423028,-0.004569,0.068048,0.109630,0.067584,-0.117862,-0.138202
0.350545,0.460281,0.713129,0.502217,0.388234,0.263069,0.647047,0.538065,0.440748,0.172317,0.325664,0.481848,0.186838,0.270776,0.432500,0.371448,0.427495,0.472801,0.721882,0.711251,0.810775,0.826191,0.772356,0.594161,0.642483,0.643033,0.385860,0.649179,0.466577,0.317634,0.000000,1.437889,0.925564,0.954427,0.422593,0.444348,0.170530,0.412126,0.222039,0.323003,0.259490,0.142418,0.062430,0.081528,0.131120,0.129435,0.180635,0.194144,0.076179,-0.019918,-0.165612,-0.079954,-0.221600,-0.125189,0.201346,0.044787,0.307883,0.308083,-0.039621,0.137352,0.037411,0.327445,0.047353,0.526370,0.174747,0.204114,0.319162,0.372544,0.465206,0.421127,0.533917,0.717479,0.755730,0.712335,0.384795,0.131341,0.466241,0.479505,0.481067,0.094236,0.322295,0.241251,0.366171,0.149004,0.044544,-0.034812,0.258567,0.267544,0.173834,0.101801
0.362801,0.612413,0.945682,0.832735,0.541654,0.460855,0.676574,0.782644,0.489752,0.226083,0.366494,0.519516,0.231722,0.448749,0.450386,0.529547,0.596938,0.364780,0.963786,0.989950,0.547147,0.657051,1.048402,0.921652,0.636535,0.579096,0.450334,0.723042,0.371754,0.190815,1.437889,0.000000,1.145486,1.085097,0.512319,0.545336,0.068609,0.258555,0.243547,0.342485,0.267524,0.175973,0.144020,0.218233,0.196570,0.199288,0.336222,0.334109,0.202090,0.061013,-0.009463,0.037016,-0.036112,0.046340,0.312750,0.197711,0.381571,0.451938,-0.008634,0.224413,0.002049,0.415024,-0.090065,0.554677,0.206923,0.264725,0.353698,0.516600,0.565040,0.558427,0.278849,0.615315,0.581515,0.663595,0.395986,0.092054,0.422004,0.373108,0.542860,-0.154729,0.496361,0.329349,0.550129,0.248299,0.126491,0.033482,0.344218,0.343670,0.301398,0.258714
0.565698,0.857200,0.918774,0.800765,0.306363,0.308977,0.734086,0.802293,0.375823,0.376187,0.421504,0.459403,0.291302,0.513312,0.462188,0.471503,0.936258,0.339779,1.045176,1.216447,0.457948,0.550426,0.877556,0.822129,0.531001,0.406466,0.330917,0.451873,0.472498,0.181719,0.925564,1.145486,0.000000,1.832419,0.729585,0.661095,0.152452,0.378300,0.370798,0.527268,0.136614,0.423395,0.210478,0.298682,0.293404,0.301687,0.465100,0.453247,0.260173,0.163756,0.028242,0.077517,-0.090514,-0.010000,0.312911,0.180330,0.687005,0.675046,0.188233,0.515603,0.243568,0.586692,0.124597,0.685501,0.252129,0.334092,0.717299,0.810376,1.018884,0.967369,0.199756,0.562410,0.646293,0.639539,0.609510,0.286569,0.589255,0.428319,0.707376,-0.235761,0.727734,0.402848,0.679464,0.466458,0.312522,0.142599,0.513094,0.347851,0.448098,0.351602
0.444904,0.816646,0.815076,0.815922,0.266353,0.272349,0.700830,0.814650,0.464392,0.429643,0.323862,0.462379,0.259452,0.501309,0.442568,0.442452,0.845090,0.447162,1.004180,1.188370,0.451020,0.620668,0.789696,0.762374,0.565670,0.526968,0.374700,0.430012,0.411295,0.209872,0.954427,1.085097,1.832419,0.000000,0.605703,0.732007,0.229945,0.431678,0.467254,0.606276,0.148782,0.475927,0.275198,0.359280,0.367996,0.422168,0.467052,0.513735,0.269239,0.234382,0.048544,0.177980,-0.094609,0.020415,0.290203,0.202964,0.591866,0.644607,0.093027,0.428918,0.166656,0.608762,0.168222,0.785570,0.218071,0.376162,0.729053,0.873972,0.889842,0.974154,0.219563,0.598839,0.693989,0.771131,0.542628,0.385695,0.549964,0.468325,0.686949,-0.108301,0.743776,0.447991,0.663023,0.481332,0.269648,0.163691,0.563585,0.315280,0.422434,0.355773
0.367641,0.543664,0.531323,0.451555,0.306569,0.360555,0.336969,0.337619,0.297170,0.321011,0.170921,0.061080,0.180954,0.270425,0.231676,0.423135,0.481282,0.190246,0.474856,0.587458,0.341375,0.370902,0.593653,0.590866,0.514450,0.401890,0.284480,0.448679,0.141621,-0.090451,0.422593,0.512319,0.729585,0.605703,0.000000,0.984813,0.030126,0.320321,0.210325,0.407545,0.149828,0.154370,0.424076,0.413231,0.474214,0.361497,0.557250,0.520690,0.279105,0.127730,0.417594,0.099993,0.085514,0.121627,0.314727,0.219373,0.537763,0.620592,0.247525,0.388206,0.174817,0.270682,-0.014248,0.269408,0.752847,0.371547,1.007394,0.840607,0.778249,0.810658,0.166596,0.536802,0.358936,0.318595,0.593049,0.211261,0.621980,0.528287,0.466488,-0.053859,0.509627,0.438828,0.538601,0.188545,0.649277,0.464482,0.458596,0.134305,0.456634,0.438267
0.240150,0.559319,0.466621,0.613151,0.406061,0.484408,0.348318,0.505202,0.618418,0.548239,0.147518,0.238878,0.254344,0.451929,0.371953,0.593590,0.373576,0.402210,0.491430,0.624517,0.260499,0.415560,0.569148,0.660772,0.529679,0.611665,0.411187,0.545352,0.037324,0.026700,0.444348,0.545336,0.661095,0.732007,0.984813,0.000000,0.077287,0.450533,0.283865,0.477587,0.357427,0.074319,0.507079,0.511914,0.517455,0.544720,0.526551,0.615661,0.305001,0.201344,0.448247,0.288339,0.152110,0.147217,0.359080,0.401673,0.432254,0.583886,0.012995,0.215339,0.054297,0.407082,0.020602,0.396573,0.591221,0.620243,0.806388,0.965726,0.549795,0.766082,0.215871,0.573156,0.387864,0.539981,0.492366,0.268821,0.605919,0.621998,0.503628,0.103022,0.518666,0.590902,0.679270,0.203073,0.545612,0.574495,0.498153,0.173791,0.361543,0.448663
-0.109073,0.014397,-0.128959,-0.072501,-0.292515,-0.386397,-0.121639,-0.038003,0.106140,0.059950,-0.004228,-0.007548,0.099510,0.212614,0.450153,0.026880,0.286476,0.180545,0.013312,0.086157,0.176959,0.349639,-0.087485,-0.124031,-0.035630,0.144648,-0.061223,-0.243897,0.312237,0.175126,0.170530,0.068609,0.152452,0.229945,0.030126,0.077287,0.000000,0.446216,0.952137,0.545593,-0.166298,0.580164,0.004654,0.047976,0.063728,0.137707,0.147111,0.089075,-0.194279,0.082827,-0.047485,0.069983,-0.061956,0.116063,0.388282,0.185049,0.061100,-0.026535,0.041841,-0.026549,0.006653,-0.042091,0.302600,0.274319,-0.043846,-0.126437,0.130535,0.043107,0.052415,0.158838,-0.037741,0.123559,0.270805,0.258369,0.286705,0.559412,0.214323,0.284264,0.130247,-0.026533,0.236977,0.038509,0.093049,0.289807,0.230385,0.304145,0.275001,0.506715,0.211813,0.236082
0.196239,0.272387,0.013170,0.053938,0.154017,0.088177,0.049402,0.052583,0.231175,0.144972,0.238820,0.354512,0.216590,0.237576,0.347106,0.335614,0.326444,0.697112,0.133922,0.186385,0.413370,0.398320,0.038109,0.019700,0.105564,0.171660,-0.056427,0.063975,0.523131,0.443487,0.412126,0.258555,0.378300,0.431678,0.320321,0.450533,0.446216,0.000000,0.349386,0.784203,0.397518,0.119019,0.089346,0.158368,0.177389,0.251229,0.200992,0.217879,-0.008260,0.124775,-0.001550,0.118989,-0.232124,-0.017297,0.439323,0.343511,0.292301,0.300583,0.076509,0.070701,0.278739,0.308444,0.534339,0.460226,0.269754,0.257926,0.411269,0.458241,0.278701,0.356964,0.456163,0.451894,0.451242,0.525628,0.371066,0.229194,0.742047,0.864428,0.577467,0.448907,0.468327,0.565655,0.496950,0.280878,0.445720,0.479159,0.492434,0.377348,0.246101,0.237875
-0.046335,0.272709,0.169699,0.264339,-0.154906,-0.192833,0.026042,0.223031,0.282148,0.234114,-0.093077,0.051311,0.054986,0.284735,0.443007,0.192304,0.435831,0.124398,0.254448,0.349816,0.186820,0.491451,0.193230,0.166425,0.143797,0.260019,0.172114,-0.043993,0.236482,0.104312,0.222039,0.243547,0.370798,0.467254,0.210325,0.283865,0.952137,0.349386,0.000000,0.922368,-0.271502,0.771316,0.272222,0.394655,0.311092,0.428791,0.451126,0.454275,0.101996,0.405317,0.241686,0.390503,0.162117,0.492861,0.581168,0.482028,0.220455,0.276261,0.070936,0.177023,-0.025650,0.113645,0.142213,0.332193,-0.024340,-0.047485,0.352003,0.350719,0.242540,0.466341,-0.123848,0.168903,0.237056,0.274975,0.363515,0.632490,0.235499,0.189536,0.325742,-0.163906,0.502731,0.202895,0.444805,0.674565,0.312309,0.423222,0.769104,0.554260,0.571729,0.643584
0.194622,0.411510,0.246359,0.285389,0.005020,-0.042408,0.120963,0.200373,0.284265,0.292110,0.075764,0.147888,0.162799,0.312488,0.473279,0.399368,0.524511,0.296787,0.336206,0.421314,0.276272,0.436275,0.275895,0.245657,0.156024,0.189294,0.072684,-0.001682,0.379452,0.123557,0.323003,0.342485,0.527268,0.606276,0.407545,0.477587,0.545593,0.784203,0.922368,0.000000,0.017129,0.605701,0.320619,0.424762,0.370933,0.461781,0.524731,0.503937,0.141039,0.336828,0.214588,0.329618,0.030007,0.369254,0.672947,0.702097,0.464597,0.469197,0.138978,0.239250,0.122359,0.214230,0.284277,0.342070,0.180734,0.104886,0.593956,0.626882,0.451765,0.639227,0.049315,0.227231,0.352106,0.419592,0.530003,0.553497,0.521875,0.447716,0.536181,0.060502,0.719408,0.459029,0.685741,0.703450,0.562520,0.578207,0.909781,0.651952,0.684302,0.706978
0.332547,0.190897,0.147115,0.188103,0.824869,0.731412,0.143515,0.110277,0.240521,-0.038734,0.421097,0.413494,0.185880,0.129635,0.066891,0.323453,0.130447,0.537048,0.256213,0.231023,0.115501,-0.103809,0.155065,0.198004,0.003014,-0.003736,-0.057143,0.367161,0.052255,0.129721,0.259490,0.267524,0.136614,0.148782,0.149828,0.357427,-0.166298,0.397518,-0.271502,0.017129,0.000000,-0.689456,0.035679,0.034869,0.072373,0.156329,-0.026992,0.041085,0.050213,0.017182,-0.078462,-0.049822,-0.069800,-0.124832,0.204477,0.216920,0.106941,0.196689,0.149718,-0.111773,0.289766,0.189165,0.323280,0.197644,0.369883,0.339556,0.155238,0.276312,0.206344,0.126863,0.368857,0.300472,0.288311,0.355085,0.158891,-0.444974,0.268191,0.446325,0.303063,0.441372,0.269145,0.446797,0.476618,-0.160141,0.250875,-0.005062,0.164061,-0.008562,-0.004679,-0.067997
-0.094974,0.180076,0.144053,0.160690,-0.598622,-0.535128,0.092189,0.197609,-0.002969,0.235391,-0.189739,-0.181755,-0.017718,0.155767,0.245848,0.004942,0.432344,-0.075061,0.202323,0.290556,0.177792,0.480314,0.173351,0.142272,0.147952,0.191748,0.147870,-0.253215,0.322083,0.080696,0.142418,0.175973,0.423395,0.475927,0.154370,0.074319,0.580164,0.119019,0.771316,0.605701,-0.689456,0.000000,0.121798,0.193229,0.155988,0.137811,0.317303,0.268141,0.009347,0.119018,0.130493,0.208474,-0.099431,0.219049,0.095712,0.071917,0.198763,0.121996,-0.082890,0.222598,-0.164267,0.031595,0.039760,0.267707,-0.119245,-0.145665,0.275393,0.225214,0.256245,0.381449,-0.212316,0.057053,0.252647,0.250353,0.307539,0.900421,0.076550,-0.025550,0.197515,-0.354463,0.359368,0.030363,0.095359,0.602359,0.142616,0.259109,0.291852,0.345641,0.314491,0.340630
0.136140,0.437449,0.321694,0.411332,0.263256,0.294712,0.171770,0.275494,0.553487,0.494780,-0.023397,0.036555,0.252105,0.318447,0.213711,0.373028,0.288373,0.227388,0.128900,0.293210,0.084184,0.247394,0.358215,0.351000,0.502452,0.481340,0.375023,0.309759,-0.117734,-0.037477,0.062430,0.144020,0.210478,0.275198,0.424076,0.507079,0.004654,0.089346,0.272222,0.320619,0.035679,0.121798,0.000000,1.563468,1.568426,1.211379,1.223557,1.349026,0.877955,0.689822,0.865231,0.635429,0.556412,0.591676,0.377492,0.554571,0.404478,0.613857,0.113685,0.315785,-0.133559,0.000449,-0.079492,0.010639,0.145297,0.109387,0.695487,0.683430,0.373524,0.598824,0.053845,0.309283,0.095656,0.159236,0.187615,0.208722,0.273697,0.221290,0.254392,0.106874,0.433128,0.515560,0.488745,0.303007,0.347086,0.344624,0.516498,0.009555,0.308749,0.437469
0.056259,0.439658,0.274986,0.433140,0.310478,0.371218,0.070448,0.248650,0.543796,0.442681,-0.083988,0.006040,0.117218,0.274834,0.201285,0.384726,0.395875,0.242398,0.142462,0.333897,0.071393,0.289180,0.326833,0.321839,0.517076,0.453605,0.407052,0.326293,-0.067386,-0.001925,0.081528,0.218233,0.298682,0.359280,0.413231,0.511914,0.047976,0.158368,0.394655,0.424762,0.034869,0.193229,1.563468,0.000000,1.457505,1.453185,1.387405,1.967970,0.892435,0.815608,0.775456,0.858078,0.469959,0.698844,0.418606,0.646114,0.422575,0.638316,0.066689,0.260408,-0.168744,-0.008971,-0.084459,0.081424,0.108902,0.065133,0.703600,0.847938,0.376237,0.685060,-0.022898,0.302360,0.112938,0.232261,0.228504,0.243219,0.258440,0.227828,0.372520,0.003594,0.565553,0.545355,0.615960,0.395810,0.321573,0.367904,0.619738,0.067683,0.364205,0.563092
0.161073,0.464419,0.334539,0.410298,0.266962,0.310983,0.205053,0.264992,0.490250,0.444833,-0.019407,0.024098,0.211047,0.234890,0.186497,0.285010,0.337437,0.238918,0.174896,0.333080,0.154890,0.260729,0.336075,0.308687,0.499646,0.414181,0.297369,0.250724,-0.061547,-0.052849,0.131120,0.196570,0.293404,0.367996,0.474214,0.517455,0.063728,0.177389,0.311092,0.370933,0.072373,0.155988,1.568426,1.457505,0.000000,1.585363,1.160106,1.339614,0.970951,0.870900,0.713894,0.605974,0.422251,0.506333,0.345607,0.495598,0.420079,0.634253,0.242579,0.459654,-0.010851,0.073576,-0.039277,0.055708,0.208779,0.148774,0.829095,0.823045,0.435360,0.640527,0.027650,0.315045,0.119882,0.173470,0.194221,0.221274,0.289608,0.230800,0.264780,0.062705,0.432554,0.402962,0.488023,0.290876,0.335393,0.257341,0.572597,0.061579,0.431214,0.514121
0.152764,0.486245,0.266200,0.407518,0.302985,0.317157,0.118856,0.235560,0.504392,0.398149,-0.011733,0.050567,0.147554,0.248661,0.233318,0.328164,0.386390,0.375185,0.199575,0.357093,0.094460,0.258468,0.264170,0.264017,0.413755,0.365355,0.296791,0.237509,-0.018828,0.035025,0.129435,0.199288,0.301687,0.422168,0.361497,0.544720,0.137707,0.251229,0.428791,0.461781,0.156329,0.137811,1.211379,1.453185,1.585363,0.000000,1.012752,1.335626,0.862265,1.076019,0.619585,0.814711,0.387082,0.603761,0.428495,0.628782,0.451120,0.679080,0.194228,0.348390,-0.018775,0.066743,0.077469,0.131346,0.150493,0.110592,0.777310,0.919026,0.424299,0.695400,0.007267,0.275999,0.142593,0.252448,0.210125,0.232343,0.257871,0.259435,0.336399,0.128607,0.495748,0.495918,0.596194,0.355932,0.329034,0.287111,0.668699,0.121621,0.390845,0.532792
0.222228,0.540907,0.412150,0.511882,0.305646,0.332749,0.194434,0.332408,0.556173,0.495480,0.055746,0.039742,0.249241,0.380780,0.387645,0.491687,0.527060,0.108053,0.276178,0.461175,0.197835,0.394026,0.462456,0.436088,0.528241,0.435774,0.429474,0.362049,0.133463,0.013789,0.180635,0.336222,0.465100,0.467052,0.557250,0.526551,0.147111,0.200992,0.451126,0.524731,-0.026992,0.317303,1.223557,1.387405,1.160106,1.012752,0.000000,1.562763,0.685159,0.572111,0.593333,0.495436,0.407830,0.577951,0.586023,0.632334,0.600145,0.684419,0.214963,0.421907,-0.018467,0.079837,-0.078684,0.083707,0.158502,0.094131,0.794663,0.835315,0.595687,0.806295,-0.070349,0.287672,0.172122,0.224252,0.372696,0.342839,0.351315,0.215746,0.467340,-0.111285,0.602161,0.470562,0.685465,0.441016,0.436419,0.395028,0.598170,0.234291,0.550864,0.704552
0.124470,0.524523,0.365109,0.513232,0.341490,0.399198,0.160455,0.317799,0.622240,0.508186,-0.050589,0.023742,0.116242,0.292948,0.279473,0.439804,0.476572,0.231796,0.251994,0.457460,0.151328,0.367575,0.421291,0.408295,0.616649,0.507697,0.487925,0.401065,0.022511,0.032058,0.194144,0.334109,0.453247,0.513735,0.520690,0.615661,0.089075,0.217879,0.454275,0.503937,0.041085,0.268141,1.349026,1.967970,1.339614,1.335626,1.562763,0.000000,0.878177,0.769057,0.656026,0.772153,0.376897,0.606517,0.444048,0.646050,0.516747,0.712901,0.112926,0.336067,-0.102221,0.053553,-0.074846,0.147581,0.128908,0.105615,0.858983,1.017827,0.527440,0.882302,-0.034475,0.330902,0.172421,0.296777,0.327985,0.298992,0.317277,0.292360,0.461477,-0.044065,0.622055,0.539156,0.694807,0.453608,0.338197,0.364899,0.665913,0.119063,0.466276,0.655780
