0.000000,0.969547,0.228214,0.424899,0.347918,0.270036,0.603576,0.488107,0.255265,0.307308,0.660371,0.644312,0.620372,0.620220,0.680809,0.537535,0.620986,0.553413,0.928180,0.900223,0.229480,0.196272,0.181636,0.009683,-0.145237,-0.211784,0.069444,0.019847,0.573449,0.420362,0.172269,0.167189,0.274537,0.289868,-0.200985,-0.048609,0.245889,0.291935,-0.093424,-0.075394,0.160651,0.212990,0.611893,0.610999,0.544443,0.611158,0.588543,0.615238,0.625996,0.670599,0.780324,0.741917,0.691146,0.582271,0.594888,0.239860,0.725185,0.831288,0.677055,0.714805,0.691899,0.275939,0.426340,0.559850,0.082160,0.053083,0.359694,0.332206,0.735767,0.629701,0.088464,0.166420,0.436352,0.537656,0.369683,0.496693,0.257617,0.161592,0.279076,0.361176,0.489205,0.427007,0.463406,0.447684,0.615384,0.556540,-0.018728,-0.108453,0.303195,0.134500
0.969547,0.000000,0.113038,0.499755,0.146523,0.120643,0.427555,0.573886,0.035939,0.199376,0.286382,0.624455,0.428562,0.730350,0.392879,0.413541,0.541794,0.614420,0.461733,0.841117,0.148285,0.223159,0.090430,0.077173,-0.122656,-0.012542,-0.074441,-0.082731,0.521285,0.425696,0.289164,0.315571,0.388040,0.444819,-0.099680,0.105668,0.105124,0.224753,-0.120649,-0.128929,0.016269,0.167448,0.590117,0.560403,0.656888,0.761990,0.547975,0.678925,0.723260,0.839254,0.722337,0.769106,0.594113,0.587013,0.380818,0.101888,0.685227,0.747555,0.480978,0.778755,0.509058,0.453679,0.480274,0.715632,0.002176,0.151982,0.288906,0.421195,0.506233,0.472575,-0.045579,-0.043183,0.320936,0.345721,0.295414,0.312912,0.318051,0.212372,0.317652,0.225052,0.487954,0.436683,0.299574,0.360607,0.505000,0.492026,0.045226,-0.026088,0.098267,-0.009859
0.228214,0.113038,0.000000,0.541972,0.368770,0.193178,0.648358,0.159514,0.299862,0.016151,0.113049,0.090977,-0.044371,0.014887,0.304673,0.358161,-0.036196,0.079091,0.426103,0.256409,0.321465,0.456665,0.799988,0.515053,0.664346,0.483521,0.374906,0.410373,0.139180,0.170573,0.496816,0.494889,0.238547,0.127153,0.369291,0.074084,0.134898,0.028083,0.138532,0.190517,0.034686,0.192764,0.208137,0.136804,0.173607,0.181171,0.080640,0.208854,0.007599,0.062476,0.169983,0.165427,0.146231,-0.028605,0.221699,0.131647,0.102903,0.175257,0.103777,0.035496,0.182898,-0.060165,-0.016228,-0.075190,0.872102,0.534323,0.494856,0.398250,0.169828,0.202023,0.130964,0.237323,0.236719,0.324486,0.204542,0.077416,0.190391,0.045702,0.235070,0.162468,0.094558,0.238684,0.201022,0.210209,0.303445,0.238520,0.145580,0.090915,0.319929,0.135706
0.424899,0.499755,0.541972,0.000000,0.404444,0.403443,0.539876,0.794811,0.184923,0.438422,0.191018,0.547759,0.321641,0.527693,0.315681,0.470595,0.057191,0.216484,0.315800,0.524874,0.350418,0.400259,0.599623,0.696226,0.421942,0.486053,0.136378,0.216030,0.164933,0.187963,0.507656,0.579483,0.291530,0.410825,0.338203,0.160165,0.255727,0.255335,0.137649,0.134483,0.005055,0.320562,0.377689,0.281146,0.393458,0.489635,0.409346,0.329019,0.197966,0.298982,0.295780,0.352637,0.356997,0.128052,0.266289,0.160646,0.222591,0.193766,0.333338,0.494591,0.440402,0.448189,0.137458,0.238570,0.439308,0.786868,0.562608,0.737928,0.211576,0.412338,0.227447,0.264650,0.187864,0.364915,0.218457,0.143782,0.404460,0.347288,0.259372,0.092750,0.170615,0.204496,0.048113,0.123347,0.358507,0.316191,0.169251,0.083208,0.367191,0.130756
0.347918,0.146523,0.368770,0.404444,0.000000,0.572981,0.452987,0.269172,0.539709,0.351398,0.354443,0.171548,0.398222,0.272068,0.503070,0.382688,0.076651,0.115617,0.384712,0.333883,0.215969,0.359930,0.471033,0.387183,0.304979,0.327206,0.319574,0.373329,0.153497,0.132749,0.163929,0.197851,0.199111,0.176009,0.131822,0.012337,0.044331,0.183404,0.060523,0.137237,0.136658,0.143700,0.398176,0.382907,0.288900,0.303640,0.355298,0.240230,0.295181,0.283731,0.355315,0.252042,0.187537,0.175214,0.263457,0.348798,0.244857,0.190087,0.460004,0.328717,0.439991,0.045766,0.132711,0.108435,0.213041,0.094089,0.314999,0.151223,0.274512,0.289520,0.262317,0.245122,0.360218,0.345503,0.297729,0.276273,0.261761,0.294319,0.123744,-0.032670,0.204648,0.254103,0.181797,0.187011,0.390831,0.331171,0.075416,0.184784,0.395340,0.387384
0.270036,0.120643,0.193178,0.403443,0.572981,0.000000,0.250009,0.356211,0.255493,0.719461,0.328351,0.227568,0.389518,0.390264,0.409289,0.477454,0.230102,0.256206,0.185930,0.171648,0.100998,0.188245,0.290631,0.316436,0.247970,0.213831,0.565723,0.613766,0.038959,0.111628,0.249525,0.193677,0.045563,0.126872,0.115701,0.014518,0.033996,-0.011094,0.054736,-0.128152,0.034518,-0.008592,0.313345,0.256717,0.217690,0.228795,0.259298,0.219929,0.221917,0.134492,0.320530,0.208703,0.331431,0.086473,0.310967,0.281787,0.221030,0.130084,0.393095,0.263011,0.408901,0.157866,0.151691,0.161418,0.124652,0.136762,0.233461,0.189530,0.192383,0.293613,0.118502,0.156798,0.219697,0.323992,0.243260,0.180881,0.253720,0.119507,0.192093,0.037478,0.098252,0.258694,0.095769,0.034995,0.266479,0.147105,0.205640,0.047008,0.467105,0.181855
0.603576,0.427555,0.648358,0.539876,0.452987,0.250009,0.000000,0.681385,0.219806,0.295895,0.467308,0.552808,0.614345,0.584424,0.527817,0.406462,0.264068,0.299193,0.578101,0.415739,0.281843,0.388220,0.218400,0.113117,0.093941,0.032973,0.054493,0.031529,0.351074,0.320861,0.320936,0.301533,0.461835,0.409538,0.051958,-0.020612,0.128329,0.181872,0.052868,0.060672,0.100318,0.153564,0.380010,0.219139,0.380681,0.324214,0.195508,0.325410,0.208832,0.307611,0.368025,0.319003,0.333020,0.178258,0.302458,0.024941,0.311259,0.352411,0.432373,0.410343,0.880465,0.328103,0.417936,0.430403,0.298185,0.284485,0.562843,0.353910,0.278618,0.342680,0.132419,0.306736,0.214305,0.406799,0.382529,0.233874,0.233157,0.191434,0.182545,0.143635,0.160749,0.221428,0.119052,0.259794,0.210331,0.140264,-0.040480,-0.180217,0.355013,0.115990
0.488107,0.573886,0.159514,0.794811,0.269172,0.356211,0.681385,0.000000,0.035157,0.598510,0.217858,0.899267,0.561932,0.966252,0.165489,0.324361,0.291147,0.227893,0.324035,0.581088,0.204747,0.192533,0.103097,0.285540,-0.039557,0.097838,-0.125962,-0.086136,0.268844,0.239271,0.281002,0.333203,0.385622,0.547215,0.035001,0.059102,0.242722,0.280799,0.009114,0.031230,0.094494,0.126116,0.337309,0.188640,0.425321,0.463212,0.342984,0.324615,0.300006,0.351877,0.292902,0.287193,0.374417,0.141006,0.240495,0.003326,0.224392,0.182568,0.468066,0.728020,0.812356,0.948705,0.518133,0.667556,0.083725,0.479750,0.427815,0.515199,0.159307,0.400866,0.153482,0.167212,0.092909,0.207431,0.243411,0.101069,0.297675,0.292499,0.082876,-0.002800,0.071190,0.072596,-0.121855,0.126859,0.131737,0.079175,-0.043110,-0.235896,0.309571,0.046087
0.255265,0.035939,0.299862,0.184923,0.539709,0.255493,0.219806,0.035157,0.000000,-0.011906,0.365489,0.054078,0.179491,0.076268,0.286977,0.101212,0.074938,-0.016903,0.306295,0.247796,0.112824,0.218422,0.319760,0.177714,0.145633,0.103981,-0.022216,0.138965,0.196868,0.242784,0.139680,0.168815,0.040436,-0.091322,0.094095,-0.088113,0.086109,0.249336,0.096038,0.247080,0.046469,0.152683,0.194729,0.250494,0.002204,0.116563,0.197063,0.061385,0.162166,0.124337,0.256092,0.161821,0.231378,0.213322,0.302903,0.627912,0.109815,0.089147,0.369597,0.260273,0.199050,-0.116825,0.000656,0.019664,0.191424,-0.056594,0.175131,0.118939,0.317918,0.243303,0.228318,0.218099,0.183152,0.240425,0.279049,0.302254,0.220711,0.194834,0.197209,0.055354,0.262091,0.246339,0.238169,0.222695,0.343557,0.339687,0.217573,0.181617,0.409138,0.778195
0.307308,0.199376,0.016151,0.438422,0.351398,0.719461,0.295895,0.598510,-0.011906,0.000000,0.302618,0.566902,0.489305,0.570760,0.293680,0.411643,0.208300,0.232876,0.178627,0.229420,0.045582,0.066802,0.091311,0.237482,0.029859,0.020539,0.174253,0.223432,0.065329,0.060793,0.033661,0.093340,-0.043377,0.113882,-0.010634,-0.045484,0.047239,-0.022087,-0.006180,-0.222670,0.022227,-0.023315,0.236528,0.090230,0.165402,0.151751,0.205846,0.154390,0.184199,0.188328,0.243876,0.207913,0.318379,0.088213,0.279087,-0.001472,0.170675,0.019700,0.392412,0.358979,0.569507,0.425649,0.170349,0.234267,0.052455,0.236773,0.143230,0.120441,0.137840,0.265186,0.137519,0.127775,0.174059,0.299249,0.227287,0.171277,0.179260,0.155249,0.089859,0.061456,-0.021686,0.028244,-0.087136,-0.049547,0.142570,0.021095,0.066426,-0.122099,0.264215,-0.058340
0.660371,0.286382,0.113049,0.191018,0.354443,0.328351,0.467308,0.217858,0.365489,0.302618,0.000000,0.447075,0.708743,0.407581,0.569646,0.217152,0.295527,0.140472,0.584383,0.266391,0.177471,0.218021,0.114065,-0.005802,-0.070010,-0.280611,0.156472,0.065352,0.196524,0.050143,0.065210,0.073592,0.155408,0.082241,-0.164292,-0.039715,0.252967,0.215295,0.254741,0.136718,0.211315,0.244571,0.284702,0.264923,0.150215,0.170232,0.304253,0.205874,0.209725,0.201547,0.314058,0.263347,0.273299,0.348974,0.443102,0.345817,0.304989,0.399999,0.339610,0.309977,0.470072,0.137128,0.212438,0.235519,0.080336,-0.034778,0.107457,0.059025,0.330149,0.287838,0.394594,0.345151,0.417539,0.503887,0.345751,0.388404,0.247885,0.216922,0.016815,0.121392,0.211756,0.084695,0.259904,0.103680,0.311700,0.240061,0.090092,0.006114,0.385688,0.272533
0.644312,0.624455,0.090977,0.547759,0.171548,0.227568,0.552808,0.899267,0.054078,0.566902,0.447075,0.000000,0.506145,0.875636,0.287068,0.347915,0.222723,0.218362,0.418629,0.483711,0.180668,0.159619,0.074253,0.132103,-0.081882,-0.139371,-0.116907,-0.127178,0.246644,0.130799,0.109010,0.187072,0.289425,0.409497,0.054015,0.072067,0.206557,0.205669,0.024688,0.007283,0.151988,0.103104,0.455587,0.219459,0.351450,0.463748,0.412931,0.452010,0.369396,0.479734,0.513228,0.547194,0.511910,0.410100,0.436604,0.129844,0.207866,0.258000,0.468424,0.679871,0.736590,0.667016,0.299719,0.504472,0.139871,0.391312,0.331847,0.435137,0.205452,0.377037,0.120793,0.068147,0.174502,0.335122,0.187127,0.198472,0.281709,0.133395,-0.014780,0.023943,0.034605,-0.020349,-0.028692,0.040847,0.320546,0.234981,-0.020396,-0.203051,0.323901,0.081304
0.620372,0.428562,-0.044371,0.321641,0.398222,0.389518,0.614345,0.561932,0.179491,0.489305,0.708743,0.506145,0.000000,0.850130,0.651646,0.265004,0.454220,0.327381,0.370329,0.311025,0.122334,0.110987,-0.062327,-0.075182,-0.155612,-0.148982,-0.130434,-0.123437,0.310249,0.234406,0.112660,0.054463,0.233798,0.270773,-0.203086,-0.009739,0.051021,0.248676,0.098198,0.000312,0.202369,0.099767,0.291544,0.217068,0.305922,0.233528,0.255316,0.210432,0.290570,0.272846,0.264929,0.233513,0.320815,0.196122,0.224269,0.065168,0.329771,0.256777,0.401328,0.482780,0.712139,0.324295,0.489981,0.536516,-0.168302,-0.069752,0.135427,0.050210,0.357336,0.284171,0.218105,0.265633,0.237675,0.314877,0.195286,0.277326,0.205207,0.278403,0.047945,0.104678,0.142861,0.161420,0.074571,0.087308,0.149810,0.129214,-0.091357,-0.176604,0.288568,0.110052
0.620220,0.730350,0.014887,0.527693,0.272068,0.390264,0.584424,0.966252,0.076268,0.570760,0.407581,0.875636,0.850130,0.000000,0.329575,0.465668,0.392309,0.423745,0.275310,0.510268,0.069802,0.161537,0.049210,0.141131,-0.088110,0.010934,-0.174521,-0.133481,0.317485,0.279182,0.254397,0.278211,0.409995,0.469488,-0.048433,0.081805,0.081420,0.192123,-0.078328,-0.130786,-0.025981,0.018119,0.425123,0.283764,0.441147,0.475103,0.365047,0.453354,0.425263,0.438538,0.405744,0.409707,0.508089,0.288366,0.293655,0.045726,0.353073,0.275983,0.579795,0.742628,0.786919,0.679060,0.515716,0.745137,-0.084002,0.230546,0.325896,0.356854,0.241709,0.408773,0.060927,0.135080,0.078136,0.219871,0.227906,0.181912,0.366984,0.321219,0.151766,-0.001169,0.106254,0.177844,-0.073333,0.091125,0.231153,0.149500,0.026935,-0.159060,0.304912,0.076414
0.680809,0.392879,0.304673,0.315681,0.503070,0.409289,0.527817,0.165489,0.286977,0.293680,0.569646,0.287068,0.651646,0.329575,0.000000,0.599546,0.361491,0.335835,0.570086,0.373029,0.321498,0.354605,0.315764,0.041334,0.178144,0.039762,0.259252,0.198743,0.433128,0.357310,0.245045,0.170894,0.107283,0.067272,-0.026619,0.005488,0.169014,0.179160,0.034561,-0.036680,0.249186,0.208596,0.404017,0.310831,0.296187,0.223721,0.256378,0.268803,0.241063,0.249034,0.346802,0.305202,0.259711,0.251733,0.338031,0.128492,0.369883,0.427398,0.206649,0.193538,0.361562,-0.086029,0.196021,0.174968,0.261075,0.040600,0.132359,0.045803,0.472698,0.345420,0.082739,0.217051,0.369493,0.441175,0.208415,0.244516,0.047215,-0.031605,0.278696,0.340581,0.333151,0.422293,0.491793,0.371470,0.384516,0.294905,-0.063198,-0.020465,0.217557,0.054425
0.537535,0.413541,0.358161,0.470595,0.382688,0.477454,0.406462,0.324361,0.101212,0.411643,0.217152,0.347915,0.265004,0.465668,0.599546,0.000000,0.337165,0.386714,0.537159,0.535734,0.273467,0.272480,0.493138,0.228961,0.294428,0.225841,0.319445,0.320466,0.566574,0.601114,0.482529,0.387756,0.082144,0.074874,0.109092,0.101357,0.287933,0.078483,-0.091079,-0.078311,0.089929,0.170370,0.526419,0.388915,0.408538,0.395846,0.286575,0.457499,0.277751,0.318058,0.421745,0.393567,0.409485,0.193269,0.407537,-0.020918,0.354411,0.300581,0.228037,0.254497,0.352321,0.090596,0.109851,0.139495,0.358089,0.376519,0.318975,0.280370,0.330280,0.371324,-0.073071,0.108875,0.280866,0.494114,0.285821,0.173832,0.096935,-0.155050,0.498710,0.445369,0.367691,0.514742,0.399143,0.483453,0.445791,0.338561,0.040680,-0.028755,0.195006,-0.135982
0.620986,0.541794,-0.036196,0.057191,0.076651,0.230102,0.264068,0.291147,0.074938,0.208300,0.295527,0.222723,0.454220,0.392309,0.361491,0.337165,0.000000,0.807727,0.377903,0.469583,0.179602,0.127371,-0.103179,-0.143149,-0.169273,-0.126574,-0.021273,0.004202,0.574664,0.583345,0.309969,0.294300,0.188705,0.193774,-0.137090,0.087947,0.174223,0.126578,-0.097833,-0.194030,0.005278,0.082074,0.407772,0.347175,0.484559,0.384345,0.185535,0.325456,0.435544,0.374088,0.352653,0.246580,0.309900,0.196376,0.164385,-0.046844,0.851009,0.686425,0.326104,0.323009,0.400151,0.206454,0.571389,0.613200,-0.029959,-0.063621,0.087062,0.092220,0.370577,0.380567,-0.020738,0.120608,0.292828,0.333703,0.253300,0.215558,0.140073,0.114273,0.392527,0.517785,0.470451,0.570505,0.342070,0.402913,0.180645,0.208144,-0.094024,-0.263462,-0.033590,-0.126822
0.553413,0.614420,0.079091,0.216484,0.115617,0.256206,0.299193,0.227893,-0.016903,0.232876,0.140472,0.218362,0.327381,0.423745,0.335835,0.386714,0.807727,0.000000,0.314238,0.480903,0.161909,0.172983,0.018556,-0.038725,-0.089952,-0.030973,0.135564,0.180713,0.400765,0.437134,0.363238,0.353111,0.259428,0.272609,-0.014667,0.144059,0.048969,-0.076451,-0.219940,-0.350466,-0.216161,0.003088,0.507520,0.451815,0.631891,0.503743,0.231977,0.434607,0.534142,0.457250,0.370919,0.284186,0.332414,0.152759,0.140371,-0.037671,0.875241,0.792358,0.361976,0.341451,0.407730,0.261009,0.572209,0.624811,0.087791,0.082886,0.229092,0.191863,0.464362,0.567745,-0.001914,0.007158,0.386587,0.376816,0.288775,0.409921,0.173660,0.136667,0.404370,0.551336,0.430130,0.640814,0.221242,0.206312,0.243365,0.166642,-0.085257,-0.166668,-0.087722,-0.142425
0.928180,0.461733,0.426103,0.315800,0.384712,0.185930,0.578101,0.324035,0.306295,0.178627,0.584383,0.418629,0.370329,0.275310,0.570086,0.537159,0.377903,0.314238,0.000000,0.853931,0.251299,0.386611,0.411209,0.072556,0.000295,-0.208713,0.192917,0.123215,0.456200,0.335255,0.222931,0.245785,0.157260,0.133354,-0.123239,-0.027844,0.362604,0.236012,0.037847,0.165472,0.241895,0.282788,0.417501,0.385322,0.324405,0.336862,0.427658,0.419100,0.325651,0.385219,0.403755,0.392832,0.444461,0.348366,0.516209,0.244517,0.421830,0.576696,0.397968,0.366703,0.487074,0.072865,0.299825,0.299760,0.244838,0.071672,0.279682,0.193292,0.597574,0.558473,0.115833,0.190783,0.524036,0.598303,0.495555,0.391801,0.269321,0.021153,0.118718,0.317101,0.337105,0.215596,0.470451,0.443630,0.347844,0.284658,-0.039270,-0.134536,0.334405,0.161462
0.900223,0.841117,0.256409,0.524874,0.333883,0.171648,0.415739,0.581088,0.247796,0.229420,0.266391,0.483711,0.311025,0.510268,0.373029,0.535734,0.469583,0.480903,0.853931,0.000000,0.171049,0.228335,0.293984,0.205912,-0.051368,-0.011275,0.025838,0.064315,0.596250,0.476548,0.272835,0.300055,0.246079,0.302373,-0.013126,0.147820,0.335750,0.360012,-0.100600,0.040936,0.081176,0.274185,0.526837,0.541232,0.544654,0.675942,0.600571,0.622482,0.553541,0.618226,0.576413,0.536197,0.587773,0.477890,0.437324,0.209528,0.550925,0.588597,0.567281,0.745245,0.465455,0.377665,0.458105,0.618949,0.094411,0.231888,0.440433,0.482193,0.663978,0.759430,-0.030627,0.031985,0.351388,0.442431,0.386586,0.381152,0.240646,0.150071,0.287106,0.266149,0.510093,0.424705,0.414621,0.537906,0.483402,0.516527,0.038578,-0.042756,0.203914,0.106091
0.229480,0.148285,0.321465,0.350418,0.215969,0.100998,0.281843,0.204747,0.112824,0.045582,0.177471,0.180668,0.122334,0.069802,0.321498,0.273467,0.179602,0.161909,0.251299,0.171049,0.000000,0.407905,0.334618,0.145772,0.254363,0.207586,0.237070,0.266394,0.209813,0.098762,0.443802,0.390772,0.230702,0.193816,0.223526,0.047712,0.497216,0.276890,0.159717,0.152848,0.147010,0.112093,0.435288,0.127335,0.359120,0.154838,0.164072,0.228589,0.155085,0.088763,0.165022,0.054267,0.053414,0.002007,0.064861,-0.048260,0.298174,0.243307,0.065196,0.030935,0.284822,0.078947,0.103726,0.054223,0.427702,0.232411,0.114078,0.150939,0.131884,0.145688,0.215146,0.251081,0.363587,0.313131,0.203581,0.007698,0.170809,0.071376,0.082673,0.178524,0.026692,0.094662,0.064924,0.136095,0.024900,0.014254,-0.155410,-0.111247,0.022325,-0.101058
0.196272,0.223159,0.456665,0.400259,0.359930,0.188245,0.388220,0.192533,0.218422,0.066802,0.218021,0.159619,0.110987,0.161537,0.354605,0.272480,0.127371,0.172983,0.386611,0.228335,0.407905,0.000000,0.462629,0.407665,0.364739,0.261233,0.157721,0.270621,0.177686,0.084523,0.483253,0.555254,0.226238,0.260689,0.214424,0.064506,0.241321,0.210037,0.150022,0.248328,-0.067834,0.129329,0.284044,0.144053,0.244042,0.239849,0.116809,0.287995,0.134421,0.059729,0.100751,0.075012,0.084008,0.014279,0.023532,0.084371,0.182497,0.210379,0.146427,0.085926,0.230347,0.002173,0.057240,0.110374,0.446296,0.274075,0.219453,0.220183,0.165568,0.223350,0.290655,0.250390,0.354900,0.265329,0.393117,0.133158,0.390493,0.182912,0.170579,0.112133,0.075672,0.110171,-0.008429,0.037446,0.114510,0.101175,0.009026,0.032808,0.206104,0.131341
0.181636,0.090430,0.799988,0.599623,0.471033,0.290631,0.218400,0.103097,0.319760,0.091311,0.114065,0.074253,-0.062327,0.049210,0.315764,0.493138,-0.103179,0.018556,0.411209,0.293984,0.334618,0.462629,0.000000,0.981608,0.796391,0.593994,0.527302,0.554234,0.014474,0.052895,0.532085,0.636993,0.184252,0.113636,0.463574,0.078937,0.224988,0.037723,0.154774,0.196994,0.150974,0.248532,0.273011,0.217920,0.235513,0.289146,0.230936,0.227742,0.073809,0.068634,0.167664,0.188655,0.207113,0.053625,0.197620,0.261767,0.083963,0.096038,0.128965,0.048662,0.029461,-0.173230,-0.147194,-0.236794,0.855923,0.537615,0.413265,0.380839,0.117082,0.213803,0.257293,0.301555,0.273452,0.317139,0.194802,0.144506,0.350407,0.158477,0.113027,0.045990,0.102706,0.179430,0.198786,0.152556,0.399928,0.320599,0.194130,0.278486,0.400991,0.184120
0.009683,0.077173,0.515053,0.696226,0.387183,0.316436,0.113117,0.285540,0.177714,0.237482,-0.005802,0.132103,-0.075182,0.141131,0.041334,0.228961,-0.143149,-0.038725,0.072556,0.205912,0.145772,0.407665,0.981608,0.000000,0.750279,0.747055,0.376780,0.468252,-0.151447,-0.077441,0.397132,0.616321,0.220592,0.242874,0.539661,0.118206,0.118251,0.029662,0.186463,0.172398,0.003643,0.173597,0.145584,0.127316,0.215310,0.332689,0.202001,0.141984,0.042919,-0.004408,0.090575,0.125451,0.178771,-0.024775,0.100621,0.267626,-0.035812,-0.037564,0.159797,0.146216,0.010569,0.083696,-0.066833,-0.149970,0.645747,0.675264,0.491890,0.548378,-0.021289,0.229593,0.287849,0.302899,0.082225,0.106573,0.094118,0.037757,0.465666,0.387186,0.075336,-0.120451,0.027073,0.084946,-0.020674,0.012450,0.328220,0.298525,0.312967,0.311354,0.387276,0.217460
-0.145237,-0.122656,0.664346,0.421942,0.304979,0.247970,0.093941,-0.039557,0.145633,0.029859,-0.070010,-0.081882,-0.155612,-0.088110,0.178144,0.294428,-0.169273,-0.089952,0.000295,-0.051368,0.254363,0.364739,0.796391,0.750279,0.000000,0.895087,0.509186,0.517384,-0.027343,0.041379,0.494502,0.490032,0.125128,0.057278,0.633382,0.290359,0.019135,-0.078918,0.236954,0.243128,0.022660,0.166783,0.099369,0.035001,0.077316,0.078959,-0.021410,0.053691,-0.157264,-0.162305,-0.079583,-0.046843,-0.062512,-0.214293,-0.037960,0.062417,-0.093069,-0.086233,-0.150169,-0.193197,-0.158315,-0.160391,-0.259658,-0.320965,0.802769,0.622366,0.238175,0.308794,-0.155729,-0.030723,0.146540,0.222201,0.060546,0.094149,-0.009407,-0.140128,0.151049,0.063987,0.202186,-0.004324,0.101494,0.203799,0.167501,0.132254,0.236692,0.201627,0.246834,0.375654,0.257194,0.088176
-0.211784,-0.012542,0.483521,0.486053,0.327206,0.213831,0.032973,0.097838,0.103981,0.020539,-0.280611,-0.139371,-0.148982,0.010934,0.039762,0.225841,-0.126574,-0.030973,-0.208713,-0.011275,0.207586,0.261233,0.593994,0.747055,0.895087,0.000000,0.261257,0.433032,-0.066623,0.080497,0.524800,0.558577,0.209707,0.156517,0.606445,0.250637,0.001509,-0.017680,0.090647,0.101300,-0.085050,0.136297,0.101301,0.075205,0.170563,0.155805,-0.013063,0.020390,-0.042353,-0.091014,-0.109467,-0.114331,-0.143900,-0.300571,-0.222427,-0.042786,0.015635,-0.092295,-0.118037,-0.112606,-0.134209,-0.005582,-0.119127,-0.173329,0.516235,0.576716,0.282223,0.321284,-0.124030,-0.035418,0.155694,0.227265,0.018816,-0.041823,-0.024284,-0.215018,0.152856,0.192959,0.263430,-0.019908,0.116410,0.250739,-0.041863,0.026083,0.198979,0.168417,0.169699,0.299558,0.052253,0.044433
0.069444,-0.074441,0.374906,0.136378,0.319574,0.565723,0.054493,-0.125962,-0.022216,0.174253,0.156472,-0.116907,-0.130434,-0.174521,0.259252,0.319445,-0.021273,0.135564,0.192917,0.025838,0.237070,0.157721,0.527302,0.376780,0.509186,0.261257,0.000000,0.969368,-0.079178,-0.062160,0.248470,0.254799,0.050548,-0.075986,0.283134,0.013198,0.072340,-0.198056,0.165508,0.005984,0.117563,-0.000356,0.224883,0.169259,0.202308,0.148309,0.109941,0.151803,0.061589,-0.017921,0.188037,0.059725,0.040155,-0.056475,0.085823,0.055017,0.139032,0.215869,0.011720,-0.199590,0.016674,-0.242709,-0.081814,-0.183423,0.434726,0.173679,0.153568,0.064021,0.046592,0.056338,0.162796,0.229359,0.256137,0.284075,0.212779,0.147210,0.151207,-0.060848,0.006362,0.064631,0.092654,0.140092,0.239102,0.138978,0.179637,0.125075,0.031966,0.190843,0.177592,-0.095514
0.019847,-0.082731,0.410373,0.216030,0.373329,0.613766,0.031529,-0.086136,0.138965,0.223432,0.065352,-0.127178,-0.123437,-0.133481,0.198743,0.320466,0.004202,0.180713,0.123215,0.064315,0.266394,0.270621,0.554234,0.468252,0.517384,0.433032,0.969368,0.000000,-0.140973,-0.063030,0.271534,0.322589,0.121121,0.017310,0.395563,0.014587,0.122065,-0.155990,0.173571,0.107155,0.191800,0.084630,0.220429,0.179613,0.202503,0.190797,0.178525,0.066035,0.101062,0.029550,0.189841,0.068465,0.071105,-0.052273,0.152599,0.226910,0.185107,0.157064,0.132185,-0.089493,0.002746,-0.172583,0.014140,-0.137625,0.456154,0.198707,0.309988,0.199801,0.136875,0.147798,0.182882,0.239163,0.231894,0.361225,0.150383,0.102082,0.132579,0.048316,-0.006505,0.052787,0.125854,0.112765,0.205632,0.072767,0.312406,0.219490,0.090399,0.148225,0.272293,0.089562
0.573449,0.521285,0.139180,0.164933,0.153497,0.038959,0.351074,0.268844,0.196868,0.065329,0.196524,0.246644,0.310249,0.317485,0.433128,0.566574,0.574664,0.400765,0.456200,0.596250,0.209813,0.177686,0.014474,-0.151447,-0.027343,-0.066623,-0.079178,-0.140973,0.000000,1.095429,0.423821,0.209352,0.050256,0.014409,-0.078879,0.244698,0.289650,0.324108,-0.113380,0.006959,0.017763,0.143095,0.385283,0.364436,0.330229,0.335413,0.139987,0.424513,0.235522,0.289498,0.369312,0.319596,0.236841,0.224645,0.205500,-0.057706,0.354134,0.349855,0.226859,0.316248,0.341828,0.159150,0.263652,0.419205,0.052684,0.077867,0.166834,0.235915,0.375559,0.355851,-0.235812,-0.134017,0.196011,0.281175,0.312064,0.180926,-0.079636,-0.180315,0.629456,0.679249,0.535484,0.604605,0.520076,0.749617,0.242441,0.362382,-0.057543,-0.193137,-0.073024,-0.065405
0.420362,0.425696,0.170573,0.187963,0.132749,0.111628,0.320861,0.239271,0.242784,0.060793,0.050143,0.130799,0.234406,0.279182,0.357310,0.601114,0.583345,0.437134,0.335255,0.476548,0.098762,0.084523,0.052895,-0.077441,0.041379,0.080497,-0.062160,-0.063030,1.095429,0.000000,0.572196,0.347027,0.039394,0.001905,-0.042632,0.115087,0.084219,0.139208,-0.172144,-0.143414,-0.183095,0.052465,0.396596,0.419076,0.381338,0.373182,0.098380,0.344047,0.330442,0.280038,0.366194,0.246548,0.225131,0.162707,0.135559,-0.093947,0.405288,0.354687,0.169490,0.247316,0.276995,0.095139,0.240516,0.379550,0.114206,0.084860,0.167608,0.198418,0.308782,0.349375,-0.231358,-0.064803,0.074430,0.251282,0.237477,0.136876,-0.074288,-0.080261,0.917761,0.798461,0.674602,0.910214,0.466920,0.767911,0.264200,0.292219,0.011056,-0.083072,-0.143331,-0.079878
0.172269,0.289164,0.496816,0.507656,0.163929,0.249525,0.320936,0.281002,0.139680,0.033661,0.065210,0.109010,0.112660,0.254397,0.245045,0.482529,0.309969,0.363238,0.222931,0.272835,0.443802,0.483253,0.532085,0.397132,0.494502,0.524800,0.248470,0.271534,0.423821,0.572196,0.000000,1.243619,0.323729,0.292678,0.422543,0.372865,0.236506,0.038807,0.149381,0.080278,-0.148268,0.039941,0.372598,0.263565,0.408750,0.377223,0.069728,0.352734,0.175334,0.115603,0.159009,0.093639,0.073443,-0.039879,-0.001363,-0.025718,0.344939,0.269642,0.032373,0.094690,0.173987,0.167354,0.168081,0.252728,0.535120,0.451668,0.289858,0.410416,0.120554,0.300271,0.120256,0.254818,0.218218,0.241952,0.259207,0.048903,0.239197,0.160440,0.506755,0.408986,0.288844,0.482771,0.180208,0.275724,0.127372,0.149243,0.081389,-0.051962,-0.016034,-0.107139
0.167189,0.315571,0.494889,0.579483,0.197851,0.193677,0.301533,0.333203,0.168815,0.093340,0.073592,0.187072,0.054463,0.278211,0.170894,0.387756,0.294300,0.353111,0.245785,0.300055,0.390772,0.555254,0.636993,0.616321,0.490032,0.558577,0.254799,0.322589,0.209352,0.347027,1.243619,0.000000,0.422293,0.391268,0.491343,0.229292,0.238876,0.004318,0.106219,0.060552,-0.106590,0.048838,0.387102,0.245755,0.440688,0.475660,0.185114,0.348839,0.231640,0.171437,0.162008,0.113951,0.099862,0.002576,0.005312,0.039313,0.386398,0.309998,0.125197,0.170229,0.141491,0.201311,0.234150,0.248283,0.576796,0.511084,0.367979,0.467733,0.072310,0.320348,0.249306,0.362152,0.233684,0.248455,0.320366,0.085015,0.358300,0.235431,0.327399,0.227114,0.204551,0.358465,0.080739,0.185130,0.160728,0.175628,0.042116,-0.011981,0.049610,-0.037897
0.274537,0.388040,0.238547,0.291530,0.199111,0.045563,0.461835,0.385622,0.040436,-0.043377,0.155408,0.289425,0.233798,0.409995,0.107283,0.082144,0.188705,0.259428,0.157260,0.246079,0.230702,0.226238,0.184252,0.220592,0.125128,0.209707,0.050548,0.121121,0.050256,0.039394,0.323729,0.422293,0.000000,1.090202,0.311214,0.253817,0.155970,-0.026261,0.113213,0.056327,0.099521,0.163715,0.351380,0.302546,0.500983,0.519201,0.293237,0.300160,0.297909,0.367136,0.214094,0.235903,0.110783,0.110731,0.158827,0.294740,0.428230,0.385121,0.406883,0.379916,0.400895,0.398892,0.571994,0.468790,0.228265,0.257774,0.600381,0.509497,0.138384,0.217949,0.169915,0.220242,0.017801,0.115179,0.065508,0.087998,0.383306,0.355029,-0.145156,-0.107844,0.018931,0.035423,0.125470,0.053957,0.145117,0.106079,0.110945,-0.076582,0.293945,0.188866
0.289868,0.444819,0.127153,0.410825,0.176009,0.126872,0.409538,0.547215,-0.091322,0.113882,0.082241,0.409497,0.270773,0.469488,0.067272,0.074874,0.193774,0.272609,0.133354,0.302373,0.193816,0.260689,0.113636,0.242874,0.057278,0.156517,-0.075986,0.017310,0.014409,0.001905,0.292678,0.391268,1.090202,0.000000,0.225166,0.206008,0.142575,0.020424,-0.000970,-0.044232,-0.007719,0.102812,0.315909,0.281731,0.519039,0.581970,0.285329,0.315219,0.354025,0.419822,0.252370,0.331739,0.184123,0.182583,0.165041,0.171882,0.385309,0.298707,0.448102,0.578643,0.441495,0.549062,0.607483,0.575041,0.144234,0.300326,0.585657,0.599987,0.175520,0.303155,0.177292,0.168213,0.078047,0.090782,0.035545,0.075767,0.404304,0.474286,-0.112231,-0.144131,-0.067934,0.037505,0.019599,-0.068887,0.186501,0.173803,0.083866,-0.125838,0.240279,0.088006
-0.200985,-0.099680,0.369291,0.338203,0.131822,0.115701,0.051958,0.035001,0.094095,-0.010634,-0.164292,0.054015,-0.203086,-0.048433,-0.026619,0.109092,-0.137090,-0.014667,-0.123239,-0.013126,0.223526,0.214424,0.463574,0.539661,0.633382,0.606445,0.283134,0.395563,-0.078879,-0.042632,0.422543,0.491343,0.311214,0.225166,0.000000,0.487825,0.130891,-0.010386,0.221061,0.234404,0.122068,0.277136,0.062220,-0.027385,0.112843,0.131506,-0.042076,-0.056135,-0.142312,-0.080141,-0.103407,-0.079946,-0.168772,-0.115421,-0.061262,0.149834,0.013604,-0.028297,-0.055224,-0.064408,-0.063317,0.144014,-0.090003,-0.067829,0.609422,0.549787,0.383965,0.447280,-0.168938,0.011506,0.135254,0.157347,0.003348,0.098137,-0.029144,-0.171030,0.130320,0.077770,-0.026143,-0.032464,0.002043,0.005026,0.083662,-0.026324,0.067665,0.157988,0.090108,0.054366,0.113504,0.108100
-0.048609,0.105668,0.074084,0.160165,0.012337,0.014518,-0.020612,0.059102,-0.088113,-0.045484,-0.039715,0.072067,-0.009739,0.081805,0.005488,0.101357,0.087947,0.144059,-0.027844,0.147820,0.047712,0.064506,0.078937,0.118206,0.290359,0.250637,0.013198,0.014587,0.244698,0.115087,0.372865,0.229292,0.253817,0.206008,0.487825,0.000000,0.191302,0.157345,0.085011,0.086401,-0.077451,0.301751,0.045471,0.153200,0.150071,0.138827,0.015658,0.165948,-0.052614,0.088524,-0.030845,0.045077,-0.040424,-0.018314,0.047310,0.081455,0.105398,0.018412,0.008544,0.091265,0.012238,0.289463,0.128558,0.158770,0.164900,0.413128,0.217356,0.434721,-0.002473,0.049859,-0.082707,-0.104959,-0.059963,0.053638,-0.041769,-0.065298,0.136947,0.039949,0.117523,0.044355,0.103874,0.106309,0.214371,0.225109,-0.007454,0.108313,0.286755,0.024489,0.006814,-0.030656
0.245889,0.105124,0.134898,0.255727,0.044331,0.033996,0.128329,0.242722,0.086109,0.047239,0.252967,0.206557,0.051021,0.081420,0.169014,0.287933,0.174223,0.048969,0.362604,0.335750,0.497216,0.241321,0.224988,0.118251,0.019135,0.001509,0.072340,0.122065,0.289650,0.084219,0.236506,0.238876,0.155970,0.142575,0.130891,0.191302,0.000000,0.363888,0.375881,0.366043,0.279986,0.318287,0.236759,0.179820,0.191242,0.193523,0.270864,0.174818,0.063514,0.012242,0.054543,0.047945,0.066090,0.043592,0.325785,0.161531,0.187386,0.180888,0.149620,0.180092,0.174088,0.151483,0.055209,0.067362,0.263280,0.291798,0.216727,0.337145,0.281278,0.215913,0.073543,0.135373,0.227220,0.282828,0.119908,0.020991,0.266040,0.016023,0.044568,0.236942,0.093312,0.013011,0.202920,0.165636,0.073294,0.096088,0.001300,-0.176949,0.208271,0.069908
0.291935,0.224753,0.028083,0.255335,0.183404,-0.011094,0.181872,0.280799,0.249336,-0.022087,0.215295,0.205669,0.248676,0.192123,0.179160,0.078483,0.126578,-0.076451,0.236012,0.360012,0.276890,0.210037,0.037723,0.029662,-0.078918,-0.017680,-0.198056,-0.155990,0.324108,0.139208,0.038807,0.004318,-0.026261,0.020424,-0.010386,0.157345,0.363888,0.000000,-0.047903,0.254771,0.156503,0.258894,0.250460,0.290750,0.133575,0.187693,0.342600,0.285581,0.190356,0.197053,0.228178,0.245771,0.310707,0.314988,0.287955,0.194540,0.141311,0.092729,0.209725,0.284795,0.256698,0.073474,0.030195,0.087103,-0.077414,0.012865,0.071816,0.190800,0.169827,0.217019,0.171257,0.083885,0.154914,0.114205,0.257829,0.014374,0.145693,0.142833,0.078288,0.118805,0.076048,0.014361,0.102878,0.245087,0.055029,0.230405,-0.012742,-0.113851,0.163595,0.249745
-0.093424,-0.120649,0.138532,0.137649,0.060523,0.054736,0.052868,0.009114,0.096038,-0.006180,0.254741,0.024688,0.098198,-0.078328,0.034561,-0.091079,-0.097833,-0.219940,0.037847,-0.100600,0.159717,0.150022,0.154774,0.186463,0.236954,0.090647,0.165508,0.173571,-0.113380,-0.172144,0.149381,0.106219,0.113213,-0.000970,0.221061,0.085011,0.375881,-0.047903,0.000000,0.612248,0.279155,0.068229,-0.009159,-0.009492,-0.059174,-0.015295,0.093144,-0.138558,-0.159864,-0.239116,-0.076142,-0.089477,-0.124941,-0.077966,0.123035,0.195104,-0.126420,-0.035639,-0.035680,-0.030267,0.024636,-0.036868,-0.047549,-0.122377,0.273389,0.162872,0.043521,0.153446,-0.010833,-0.049404,0.078218,0.104068,0.012234,0.000068,-0.074862,-0.213737,0.247452,0.182141,-0.100192,-0.104789,0.127282,-0.156708,0.173156,-0.081669,0.112110,0.106424,0.275083,0.281419,0.328700,0.180884
-0.075394,-0.128929,0.190517,0.134483,0.137237,-0.128152,0.060672,0.031230,0.247080,-0.222670,0.136718,0.007283,0.000312,-0.130786,-0.036680,-0.078311,-0.194030,-0.350466,0.165472,0.040936,0.152848,0.248328,0.196994,0.172398,0.243128,0.101300,0.005984,0.107155,0.006959,-0.143414,0.080278,0.060552,0.056327,-0.044232,0.234404,0.086401,0.366043,0.254771,0.612248,0.000000,0.497012,0.358930,-0.094405,-0.054596,-0.113806,-0.004621,0.132798,-0.091835,-0.218651,-0.171460,-0.105566,-0.082718,-0.130228,-0.056824,0.053910,0.290413,-0.259980,-0.121231,-0.053969,-0.034407,-0.054681,-0.075904,-0.133042,-0.140056,0.202340,0.182584,0.127885,0.229721,-0.018240,-0.068336,0.100349,0.208149,0.047345,-0.004260,0.014648,-0.077630,0.209399,0.065386,-0.233375,-0.086594,0.017756,-0.291246,0.038929,0.069614,-0.018374,0.124104,-0.040583,-0.024362,0.307665,0.418216
0.160651,0.016269,0.034686,0.005055,0.136658,0.034518,0.100318,0.094494,0.046469,0.022227,0.211315,0.151988,0.202369,-0.025981,0.249186,0.089929,0.005278,-0.216161,0.241895,0.081176,0.147010,-0.067834,0.150974,0.003643,0.022660,-0.085050,0.117563,0.191800,0.017763,-0.183095,-0.148268,-0.106590,0.099521,-0.007719,0.122068,-0.077451,0.279986,0.156503,0.279155,0.497012,0.000000,0.391596,0.097353,0.008935,0.032609,0.062398,0.258870,-0.088582,0.027267,0.109288,0.093166,0.130304,0.000715,0.144194,0.245455,0.235907,-0.077089,0.050117,0.009270,0.023839,0.042796,-0.058382,0.046636,-0.091252,0.063281,-0.069970,0.055123,0.026211,0.038657,-0.090480,0.062408,0.188762,0.135263,0.160370,-0.005692,-0.013182,-0.123229,-0.185290,-0.463066,-0.047959,-0.052065,-0.281771,0.263725,0.155732,0.061084,0.157188,-0.362609,-0.257535,0.285561,0.122940
0.212990,0.167448,0.192764,0.320562,0.143700,-0.008592,0.153564,0.126116,0.152683,-0.023315,0.244571,0.103104,0.099767,0.018119,0.208596,0.170370,0.082074,0.003088,0.282788,0.274185,0.112093,0.129329,0.248532,0.173597,0.166783,0.136297,-0.000356,0.084630,0.143095,0.052465,0.039941,0.048838,0.163715,0.102812,0.277136,0.301751,0.318287,0.258894,0.068229,0.358930,0.391596,0.000000,0.157912,0.188916,0.170925,0.214446,0.270389,0.000557,0.043346,0.157040,0.034662,0.153416,0.018560,0.146533,0.216844,0.291636,0.159960,0.242523,0.123545,0.114670,0.080531,0.094792,0.029048,0.030141,0.206425,0.331950,0.380410,0.420975,0.125869,0.099570,0.175995,0.297821,0.170390,0.236820,0.000568,0.196898,0.178759,0.141443,0.055740,0.105539,0.243499,0.025686,0.313312,0.137223,0.262614,0.254452,0.043113,-0.022418,0.212539,0.219817
0.611893,0.590117,0.208137,0.377689,0.398176,0.313345,0.380010,0.337309,0.194729,0.236528,0.284702,0.455587,0.291544,0.425123,0.404017,0.526419,0.407772,0.507520,0.417501,0.526837,0.435288,0.284044,0.273011,0.145584,0.099369,0.101301,0.224883,0.220429,0.385283,0.396596,0.372598,0.387102,0.351380,0.315909,0.062220,0.045471,0.236759,0.250460,-0.009159,-0.094405,0.097353,0.157912,0.000000,0.979604,1.065584,1.006151,0.837759,0.887050,1.003733,0.821765,0.933133,0.737828,0.558892,0.465543,0.414528,0.205184,0.658801,0.712948,0.604939,0.508995,0.597135,0.161014,0.290651,0.409961,0.181333,0.192988,0.429936,0.400925,0.359044,0.556024,0.131501,0.090044,0.421634,0.367743,0.282372,0.295909,0.272445,0.165891,0.286332,0.294871,0.421887,0.483328,0.327854,0.316795,0.521601,0.417967,0.018177,0.034318,0.176857,0.070925
0.610999,0.560403,0.136804,0.281146,0.382907,0.256717,0.219139,0.188640,0.250494,0.090230,0.264923,0.219459,0.217068,0.283764,0.310831,0.388915,0.347175,0.451815,0.385322,0.541232,0.127335,0.144053,0.217920,0.127316,0.035001,0.075205,0.169259,0.179613,0.364436,0.419076,0.263565,0.245755,0.302546,0.281731,-0.027385,0.153200,0.179820,0.290750,-0.009492,-0.054596,0.008935,0.188916,0.979604,0.000000,0.848745,1.068358,0.897732,0.874582,0.978586,0.853523,0.853992,0.752116,0.542847,0.522966,0.509047,0.385307,0.606963,0.658427,0.675601,0.616454,0.461037,0.108447,0.338936,0.372372,0.056384,0.093524,0.460103,0.461047,0.541844,0.513150,0.114473,0.103970,0.266906,0.220574,0.205956,0.266988,0.294325,0.308167,0.326655,0.318825,0.508972,0.584714,0.477253,0.467557,0.579291,0.537088,0.225389,0.199378,0.199734,0.178685
0.544443,0.656888,0.173607,0.393458,0.288900,0.217690,0.380681,0.425321,0.002204,0.165402,0.150215,0.351450,0.305922,0.441147,0.296187,0.408538,0.484559,0.631891,0.324405,0.544654,0.359120,0.244042,0.235513,0.215310,0.077316,0.170563,0.202308,0.202503,0.330229,0.381338,0.408750,0.440688,0.500983,0.519039,0.112843,0.150071,0.191242,0.133575,-0.059174,-0.113806,0.032609,0.170925,1.065584,0.848745,0.000000,1.226184,0.700578,0.748323,1.082243,0.901192,0.710545,0.602246,0.404717,0.319283,0.263660,0.084814,0.774685,0.756659,0.572467,0.558995,0.562800,0.293812,0.506416,0.578206,0.135031,0.225349,0.493281,0.435259,0.305551,0.424287,0.149628,0.120300,0.338622,0.255912,0.217756,0.187518,0.348032,0.283488,0.217286,0.279296,0.368368,0.498654,0.230769,0.263010,0.359356,0.330864,-0.030071,-0.015426,-0.003437,-0.043443
0.611158,0.761990,0.181171,0.489635,0.303640,0.228795,0.324214,0.463212,0.116563,0.151751,0.170232,0.463748,0.233528,0.475103,0.223721,0.395846,0.384345,0.503743,0.336862,0.675942,0.154838,0.239849,0.289146,0.332689,0.078959,0.155805,0.148309,0.190797,0.335413,0.373182,0.377223,0.475660,0.519201,0.581970,0.131506,0.138827,0.193523,0.187693,-0.015295,-0.004621,0.062398,0.214446,1.006151,1.068358,1.226184,0.000000,0.825996,0.908096,1.072726,0.970266,0.889968,0.866949,0.575933,0.549436,0.412012,0.306698,0.651209,0.713722,0.750926,0.801039,0.485840,0.336680,0.485117,0.612789,0.136184,0.330804,0.740202,0.768624,0.403537,0.592318,0.169458,0.188647,0.299194,0.270526,0.193612,0.306464,0.472247,0.372935,0.216239,0.166137,0.424251,0.455761,0.270861,0.301550,0.626031,0.647709,0.101758,0.093833,0.190578,0.134132
0.588543,0.547975,0.080640,0.409346,0.355298,0.259298,0.195508,0.342984,0.197063,0.205846,0.304253,0.412931,0.255316,0.365047,0.256378,0.286575,0.185535,0.231977,0.427658,0.600571,0.164072,0.116809,0.230936,0.202001,-0.021410,-0.013063,0.109941,0.178525,0.139987,0.098380,0.069728,0.185114,0.293237,0.285329,-0.042076,0.015658,0.270864,0.342600,0.093144,0.132798,0.258870,0.270389,0.837759,0.897732,0.700578,0.825996,0.000000,0.717004,0.926886,0.869460,0.811397,0.838292,0.663870,0.636811,0.676642,0.454335,0.392454,0.509985,0.707341,0.712224,0.452883,0.169931,0.228419,0.322665,-0.019671,0.114721,0.373963,0.427448,0.354647,0.475559,0.120002,0.075454,0.241167,0.195205,0.178241,0.236948,0.373972,0.253389,0.005256,0.095535,0.306943,0.201153,0.292999,0.287758,0.417668,0.419308,0.149428,0.103846,0.310778,0.227958
0.615238,0.678925,0.208854,0.329019,0.240230,0.219929,0.325410,0.324615,0.061385,0.154390,0.205874,0.452010,0.210432,0.453354,0.268803,0.457499,0.325456,0.434607,0.419100,0.622482,0.228589,0.287995,0.227742,0.141984,0.053691,0.020390,0.151803,0.066035,0.424513,0.344047,0.352734,0.348839,0.300160,0.315219,-0.056135,0.165948,0.174818,0.285581,-0.138558,-0.091835,-0.088582,0.000557,0.887050,0.874582,0.748323,0.908096,0.717004,0.000000,0.819047,0.713934,0.880407,0.837935,0.861255,0.648255,0.421716,0.204033,0.483228,0.536227,0.601444,0.636413,0.480291,0.194201,0.343917,0.471959,0.063650,0.229545,0.424503,0.495362,0.473949,0.571749,-0.011148,-0.038034,0.237972,0.195318,0.265750,0.274502,0.357588,0.157569,0.257422,0.197201,0.257418,0.361992,0.204116,0.356691,0.392954,0.428439,0.115683,0.033718,0.216483,0.052568
