0.000000,0.926994,0.481630,0.546734,0.133104,0.294217,0.268723,0.471260,0.065253,0.158820,0.488452,0.546781,0.040645,0.017765,0.130352,0.026207,0.525625,0.504187,0.535450,0.506859,0.192696,0.165419,0.056819,0.143491,0.115316,0.164807,0.093119,0.087745,0.055679,0.158584,0.072597,0.057109,0.506509,0.522640,0.258574,0.316515,0.035804,0.084738,0.251903,0.165493,0.226122,0.385654,0.427633,0.369121,0.343610,0.411442,0.470450,0.536614,0.374482,0.370614,0.304457,0.327540,0.284522,0.289923,0.369745,0.355158,0.995954,0.729078,0.374070,0.517889,0.290282,0.260175,0.413465,0.336648,-0.036710,0.105639,0.355757,0.413941,0.730302,0.499726,-0.129091,0.001268,0.407531,0.416042,0.453342,0.407919,0.394953,0.393839,0.388175,0.252874,0.511941,0.569257,0.342665,0.363480,0.317990,0.290350,0.277261,0.334460,0.400737,0.320718
0.926994,0.000000,0.318774,0.610087,0.080301,0.174852,0.135491,0.462635,0.027697,0.121907,0.311871,0.741604,-0.056105,-0.061608,-0.031982,-0.153550,0.285159,0.441980,0.461098,0.677259,0.055988,0.103390,-0.086464,0.027939,0.083314,0.080592,0.032836,0.064660,-0.140908,0.013196,0.063811,0.023435,0.503758,0.614411,0.273083,0.407848,-0.035194,0.108596,0.203670,0.105931,0.017250,0.232573,0.329945,0.290715,0.196293,0.277572,0.374003,0.441216,0.262854,0.299463,0.331444,0.243981,0.319861,0.353977,0.399276,0.376824,0.656412,1.568635,0.290023,0.523410,0.206933,0.445692,0.427334,0.590118,-0.059829,-0.034558,0.334486,0.367430,0.844405,0.750455,-0.229519,-0.072706,0.155419,0.393314,0.251658,0.383944,0.352628,0.375138,0.183917,0.209244,0.320360,0.382780,0.194747,0.242536,0.259971,0.228643,0.206585,0.189013,0.354761,0.316263
0.481630,0.318774,0.000000,0.731270,0.427330,0.159145,0.631387,0.623402,0.376007,-0.003619,0.412508,0.306838,0.123767,0.086165,0.491137,0.181219,0.324120,0.292671,0.528603,0.524733,0.156298,0.073114,0.837407,0.838500,0.606875,0.533061,0.278800,0.277137,0.174108,0.186717,0.618886,0.577682,0.466996,0.445855,0.540653,0.479267,0.061406,0.045434,0.166436,0.002108,0.068904,0.149842,0.561773,0.557759,0.536362,0.480297,0.635569,0.627254,0.264397,0.228912,0.303268,0.208351,0.218482,0.361528,0.452310,0.464665,0.326921,0.197399,0.298341,0.388440,0.299112,0.242695,0.379329,0.149797,0.366644,0.236241,0.800754,0.717656,0.421595,0.462245,-0.143077,0.074311,0.271428,0.132813,0.441685,0.391830,0.411415,0.397035,0.436908,0.105386,0.491630,0.449989,0.546016,0.510794,0.611279,0.348904,0.671434,0.634001,0.477274,0.629215
0.546734,0.610087,0.731270,0.000000,0.147247,0.394524,0.297920,0.724209,0.049762,0.312214,0.088079,0.426400,-0.208259,0.062706,0.105428,0.284038,0.247754,0.284826,0.776727,0.808121,0.058641,0.118758,0.386779,0.644289,0.233884,0.291013,0.024363,0.157094,-0.030935,0.088040,0.433645,0.435096,0.524355,0.698449,0.417149,0.520693,-0.042277,0.039290,0.265046,0.049978,0.051758,0.172211,0.479761,0.384754,0.489660,0.503776,0.575971,0.529699,0.275887,0.233753,0.294775,0.139946,0.177117,0.308639,0.425182,0.377638,0.501431,0.404286,0.224014,0.393456,0.082412,0.412710,0.384912,0.206868,0.120302,0.094272,0.663547,0.710139,0.631569,0.629543,-0.192862,-0.047876,0.228084,0.436879,0.371616,0.470990,0.447573,0.468915,0.336779,0.144949,0.565186,0.513701,0.422101,0.451141,0.508621,0.550454,0.421956,0.431755,0.375024,0.567174
0.133104,0.080301,0.427330,0.147247,0.000000,0.221430,0.312249,0.171809,0.881835,-0.251580,0.196074,0.112909,0.137009,0.238054,0.481739,-0.043764,0.211400,0.157536,-0.015412,0.124207,0.302982,0.010954,0.318868,0.256973,0.398967,0.413960,0.745501,0.616327,0.198038,0.197934,0.463152,0.417652,0.045378,0.102084,0.207661,0.134134,0.015412,0.133911,-0.092331,-0.005739,0.009430,-0.080282,0.358507,0.491283,0.145811,0.248755,0.349685,0.315626,0.104589,0.236550,0.286335,0.237094,0.307746,0.329747,0.353686,0.210436,0.251592,0.068250,0.283751,0.100326,0.142303,0.042482,0.423078,0.037297,0.022529,-0.176828,0.293094,0.235118,0.132841,0.140374,0.137705,0.249102,0.344342,-0.056269,0.399862,0.421673,0.450880,0.410213,0.418038,-0.187895,0.277303,0.196271,0.281753,0.408520,0.149764,0.128370,0.324777,0.399273,0.127672,0.350752
0.294217,0.174852,0.159145,0.394524,0.221430,0.000000,0.126847,0.232163,0.267939,0.914968,0.112262,0.022607,0.011939,0.177999,0.177056,0.652611,0.124706,0.110378,0.252198,0.348155,0.007124,0.040485,0.001403,0.086863,0.105476,0.048971,0.163872,0.358956,-0.062392,-0.015768,-0.091153,-0.096950,0.199121,0.295888,0.134248,0.226031,-0.111337,0.012629,0.226781,0.178629,-0.000704,0.000179,0.180392,0.138352,0.351641,0.338008,0.198598,0.218582,0.259830,0.265452,0.180529,0.153302,0.083156,0.136458,0.163087,0.245800,0.305522,0.068396,0.285924,0.303621,0.201140,0.179137,0.113855,-0.150103,0.016037,0.104946,0.300913,0.316125,0.185014,0.197509,-0.071107,-0.156529,0.159368,0.233200,0.243745,0.233014,0.183016,0.209900,0.217551,0.051468,0.283180,0.188618,0.065309,0.108036,0.180302,0.334527,0.086527,0.169435,0.191910,0.368298
0.268723,0.135491,0.631387,0.297920,0.312249,0.126847,0.000000,0.544638,0.529032,0.041038,0.538827,0.261581,0.764393,0.210204,0.397577,0.217135,0.179861,0.126180,0.192865,0.032393,0.032049,-0.100641,0.296915,0.206199,0.274214,0.234175,0.069170,0.030449,0.191572,0.043176,0.236413,0.218691,0.134835,0.230180,0.261794,0.184843,0.136957,0.089842,0.095403,0.082709,0.014909,-0.013181,0.391172,0.262411,0.448810,0.303338,0.388682,0.323241,0.309331,0.224573,0.284204,0.210383,0.039149,0.116318,0.268250,0.204082,0.183569,0.110248,0.202262,0.167405,0.784704,0.418347,0.320753,0.241456,0.635730,0.402542,0.440450,0.322314,0.062159,0.154066,0.016078,0.154067,0.132069,-0.083951,0.309795,0.241976,0.251666,0.198325,0.353212,-0.112320,0.303014,0.204916,0.267629,0.293169,0.402859,0.104186,0.383283,0.348887,0.435654,0.388470
0.471260,0.462635,0.623402,0.724209,0.171809,0.232163,0.544638,0.000000,0.291773,0.136360,0.546932,0.731834,0.106918,0.341927,0.202767,0.140883,0.413660,0.408486,0.244913,0.417461,0.031440,0.107029,0.093637,0.285734,0.220989,0.309190,0.048688,0.134125,0.174626,0.258071,0.217626,0.317227,0.560822,0.821422,0.242407,0.313794,-0.057678,0.071327,0.019027,0.058796,-0.023358,0.131362,0.399880,0.369733,0.486007,0.496278,0.396931,0.489258,0.389658,0.341248,0.294040,0.318519,0.120508,0.254765,0.246090,0.367154,0.372342,0.381214,0.224784,0.545358,0.379659,0.794659,0.314278,0.493304,0.216651,0.446908,0.475137,0.676598,0.420524,0.440115,-0.055128,0.106590,0.227088,0.297175,0.388463,0.356907,0.350466,0.349673,0.405042,0.164711,0.461072,0.492251,0.247374,0.286783,0.298976,0.235009,0.251887,0.260816,0.276353,0.502566
0.065253,0.027697,0.376007,0.049762,0.881835,0.267939,0.529032,0.291773,0.000000,-0.097870,0.408268,0.142965,0.427216,0.329348,0.665248,0.098396,0.173818,0.177287,-0.087807,0.015313,0.204224,0.011757,0.240608,0.134906,0.592019,0.467226,0.505408,0.498192,0.155657,0.111117,0.128572,0.178052,0.055729,0.081715,0.205641,0.045449,0.094959,0.118557,0.013867,0.105246,0.029120,-0.030448,0.198607,0.214607,0.211804,0.172049,0.226038,0.222720,0.182149,0.237709,0.200418,0.266492,0.143899,0.230139,0.158939,0.178119,0.155451,0.034549,0.269290,0.206501,0.402692,0.223091,0.181873,0.013116,0.407534,0.155043,0.253373,0.200085,-0.012669,0.072557,0.115615,0.260267,0.205243,-0.165740,0.360023,0.251045,0.238429,0.224357,0.343908,-0.119197,0.212804,0.182433,0.272677,0.332371,0.133090,-0.022116,0.239877,0.417920,0.251584,0.391418
0.158820,0.121907,-0.003619,0.312214,-0.251580,0.914968,0.041038,0.136360,-0.097870,0.000000,0.087098,0.063063,-0.077306,-0.051840,0.001947,0.680303,0.007439,-0.041237,0.236381,0.219552,-0.287737,-0.101817,-0.059318,-0.019751,-0.096463,-0.223633,-0.242288,-0.150239,-0.148503,-0.077577,-0.189981,-0.296583,0.126217,0.232479,0.070221,0.165226,-0.170063,0.061260,0.215852,0.265027,-0.189497,-0.097038,-0.043077,-0.100801,0.249722,0.149882,-0.053442,-0.033402,0.097904,0.042730,-0.053614,-0.148483,-0.219599,-0.156891,-0.090264,0.080401,0.055734,0.053904,-0.003543,0.127481,0.135831,0.255927,0.028842,-0.066383,0.182281,0.283165,0.115544,0.115143,0.020333,0.067200,-0.182872,-0.313579,-0.153171,0.155771,-0.147396,-0.072252,-0.044696,-0.018294,-0.034586,0.140669,0.088735,0.061594,-0.094901,-0.217043,0.228149,0.315563,0.019134,-0.081350,0.052076,0.156096
0.488452,0.311871,0.412508,0.088079,0.196074,0.112262,0.538827,0.546932,0.408268,0.087098,0.000000,0.590638,0.581008,0.310588,0.432732,0.092710,0.446854,0.410073,0.102900,0.173219,-0.015097,-0.050606,0.047940,-0.005441,0.291640,0.249297,0.032971,-0.045255,0.284693,0.249470,-0.054932,-0.064642,0.291374,0.316933,0.167148,0.173520,0.070553,0.205826,-0.002379,0.220979,0.048713,0.103762,0.247218,0.270440,0.276175,0.247126,0.178994,0.276703,0.302188,0.307887,0.270604,0.307475,0.086422,0.170383,0.141103,0.322253,0.236016,0.312171,0.304218,0.379142,0.718732,0.456509,0.384217,0.486037,0.350224,0.426025,0.291488,0.331950,0.162455,0.212503,-0.027282,0.065698,0.132737,-0.095844,0.263320,0.072636,0.198131,0.174989,0.375786,0.143964,0.223429,0.379803,0.243988,0.192578,0.245066,0.099595,0.257015,0.303356,0.291329,0.322536
0.546781,0.741604,0.306838,0.426400,0.112909,0.022607,0.261581,0.731834,0.142965,0.063063,0.590638,0.000000,0.009769,0.201183,0.137550,-0.112283,0.370185,0.751528,0.211975,0.315772,0.097906,0.074747,-0.079531,-0.002383,0.163139,0.159897,0.108901,0.081633,0.060936,0.318281,0.097288,0.079369,0.519772,0.670593,0.304664,0.364967,-0.007666,0.268733,0.046000,0.233335,0.016688,0.246095,0.317475,0.294855,0.277189,0.322960,0.299049,0.357959,0.218492,0.202179,0.245224,0.220592,0.058730,0.114578,0.115774,0.240377,0.335147,0.742903,0.086548,0.352355,0.226319,0.624305,0.336934,0.970159,0.131379,0.329734,0.286160,0.403735,0.403260,0.325752,-0.031113,0.084658,0.272801,0.432106,0.262821,0.409099,0.443218,0.453518,0.244175,0.332606,0.336525,0.538328,0.202106,0.155015,0.345770,0.315593,0.117395,0.141817,0.160756,0.262322
0.040645,-0.056105,0.123767,-0.208259,0.137009,0.011939,0.764393,0.106918,0.427216,-0.077306,0.581008,0.009769,0.000000,0.435659,0.312726,0.176508,0.024372,-0.069420,-0.112452,-0.209056,-0.059860,-0.063928,0.083703,-0.030843,0.241846,0.210039,-0.034116,-0.076549,0.179432,-0.099415,-0.074962,-0.074654,-0.137563,-0.103589,0.055170,0.011896,0.231781,0.120967,0.009857,0.090343,0.025495,-0.055226,0.082523,0.071768,0.067601,0.000050,0.093649,0.084865,0.139128,0.187991,0.267325,0.272155,0.168151,0.182888,0.216533,0.160797,-0.024478,-0.030877,0.185015,0.036452,0.785844,0.175562,0.232781,0.124553,0.480771,0.230028,0.084473,0.023434,-0.114622,-0.006907,0.143994,0.190206,-0.012510,-0.299358,0.104239,0.030906,0.060667,0.039780,0.161993,-0.233402,0.006562,-0.030395,0.035538,0.161612,0.111314,-0.061924,0.122161,0.213804,0.385509,0.275363
0.017765,-0.061608,0.086165,0.062706,0.238054,0.177999,0.210204,0.341927,0.329348,-0.051840,0.310588,0.201183,0.435659,0.000000,0.088461,0.449579,0.317814,0.320683,-0.120436,0.107923,0.140038,0.229029,-0.012824,0.108109,0.178651,0.371155,0.027749,0.163287,0.301329,0.305341,-0.004205,0.133617,0.219499,0.293078,-0.032696,0.063193,0.046129,-0.077594,-0.081647,-0.040597,0.301175,0.322410,0.158491,0.197470,0.071415,0.230937,0.225208,0.241057,0.280155,0.391790,0.451769,0.551134,0.339326,0.355601,0.295028,0.309417,0.226339,-0.130793,0.467103,0.356058,0.323084,0.284545,0.277721,0.175693,-0.063525,0.084072,0.229355,0.391252,0.153811,0.186465,0.181178,0.186502,0.324811,0.146650,0.408678,0.203547,0.065182,0.107557,0.370223,0.075607,0.295019,0.380064,0.086277,0.467983,-0.042379,0.221443,0.003959,0.364551,0.159318,0.314642
0.130352,-0.031982,0.491137,0.105428,0.481739,0.177056,0.397577,0.202767,0.665248,0.001947,0.432732,0.137550,0.312726,0.088461,0.000000,0.332790,0.061177,0.095154,0.130718,-0.040983,0.163764,0.059046,0.447660,0.264929,0.453628,0.292194,0.503665,0.507140,0.316004,0.256339,0.247854,0.144392,-0.098074,-0.130923,0.127893,-0.010625,-0.053911,0.158546,0.014067,0.095669,0.047934,-0.041693,0.076701,0.122517,0.171889,0.099212,0.164826,0.115151,-0.005477,0.032595,0.039084,0.060112,-0.001327,0.145400,0.054936,0.110427,-0.051979,-0.082528,-0.053122,0.026774,0.136211,0.034747,0.088136,-0.118573,0.621270,0.209192,0.119989,0.076610,-0.125493,0.039899,0.145042,0.227980,0.093211,-0.172496,0.195869,0.140014,0.029150,0.041186,0.410478,0.031410,0.219406,0.152520,0.469724,0.248408,0.530560,0.056797,0.394053,0.350996,0.343500,0.475559
0.026207,-0.153550,0.181219,0.284038,-0.043764,0.652611,0.217135,0.140883,0.098396,0.680303,0.092710,-0.112283,0.176508,0.449579,0.332790,0.000000,0.109399,-0.018072,0.198615,0.132020,-0.068310,0.094901,0.228847,0.270246,0.068138,0.126866,-0.043047,0.111949,0.229746,0.172460,0.027970,-0.009777,0.097851,0.140784,0.014976,0.094600,-0.103196,-0.169486,0.159377,0.031393,-0.005956,0.058518,0.063763,0.018425,0.203869,0.188154,0.144319,0.090396,0.136901,0.124263,0.144701,0.078256,0.007576,0.131951,0.127338,0.169197,0.084339,-0.313172,0.151809,0.170274,0.178190,0.139878,0.109081,-0.215142,0.244652,0.203210,0.250957,0.303093,0.017155,0.181961,-0.062740,-0.165251,0.034211,0.046056,0.153783,0.015535,-0.123198,-0.102669,0.262618,0.150259,0.275212,0.176530,0.144348,0.291146,0.255724,0.309593,0.184803,0.335618,0.239912,0.403339
0.525625,0.285159,0.324120,0.247754,0.211400,0.124706,0.179861,0.413660,0.173818,0.007439,0.446854,0.370185,0.024372,0.317814,0.061177,0.109399,0.000000,0.661905,0.193656,0.448617,0.371991,0.400193,0.005528,0.131288,0.060998,0.177317,0.046066,0.127906,0.808833,0.872771,0.171269,0.206376,0.762440,0.559954,-0.012977,0.045844,0.060007,-0.118574,0.027915,0.019659,0.352205,0.360495,0.433268,0.514522,0.445715,0.602273,0.346219,0.488343,0.525697,0.484220,0.252452,0.320792,0.182624,0.182012,0.174239,0.185269,0.721170,0.131049,0.409392,0.393597,0.270838,0.211155,0.723760,0.368172,-0.120436,0.096052,0.482282,0.614653,0.516962,0.429194,0.005781,-0.070153,0.573176,0.322301,0.520362,0.184065,0.241637,0.172992,0.786678,0.513107,0.866964,0.810791,0.493789,0.533392,0.124172,0.299437,0.103640,0.367829,0.027237,0.118598
0.504187,0.441980,0.292671,0.284826,0.157536,0.110378,0.126180,0.408486,0.177287,-0.041237,0.410073,0.751528,-0.069420,0.320683,0.095154,-0.018072,0.661905,0.000000,0.345770,0.499268,0.378644,0.199969,-0.019697,0.048628,0.101712,0.126278,0.165058,0.209312,0.180195,0.566908,0.092490,0.155569,0.579021,0.581164,0.236184,0.229986,0.142047,0.132255,0.250470,0.144013,0.436187,0.473271,0.413186,0.372060,0.353851,0.464746,0.414604,0.431684,0.406540,0.331855,0.327674,0.334848,0.140731,0.186140,0.175201,0.359184,0.520563,0.335667,0.271539,0.418769,0.179161,0.303333,0.375033,0.452393,-0.028032,0.150906,0.333014,0.463109,0.418460,0.211975,-0.008721,0.000332,0.689497,0.519259,0.435116,0.408074,0.339156,0.413599,0.454751,0.571829,0.612955,0.972923,0.380072,0.429070,0.335293,0.313455,0.094809,0.329116,0.077018,0.174318
0.535450,0.461098,0.528603,0.776727,-0.015412,0.252198,0.192865,0.244913,-0.087807,0.236381,0.102900,0.211975,-0.112452,-0.120436,0.130718,0.198615,0.193656,0.345770,0.000000,0.883457,0.100768,0.083252,0.279027,0.312552,0.112631,0.046719,-0.003906,0.046937,-0.084094,0.055485,0.226701,0.170244,0.362747,0.444262,0.229911,0.260631,0.025611,0.029345,0.413658,0.078805,0.139302,0.160232,0.293456,0.233774,0.230774,0.202198,0.418536,0.365101,0.074465,0.059189,0.081097,-0.023112,0.053495,0.181981,0.271955,0.269014,0.417695,0.265318,0.241210,0.294735,0.119740,0.230456,0.294439,0.013032,0.053203,-0.065683,0.347425,0.330352,0.447611,0.423131,-0.272304,-0.147719,0.216685,0.377368,0.210570,0.305766,0.325350,0.364637,0.182940,0.177166,0.488491,0.407816,0.390764,0.309999,0.398216,0.248309,0.232278,0.276424,0.254362,0.301607
0.506859,0.677259,0.524733,0.808121,0.124207,0.348155,0.032393,0.417461,0.015313,0.219552,0.173219,0.315772,-0.209056,0.107923,-0.040983,0.132020,0.448617,0.499268,0.883457,0.000000,0.094932,0.148207,0.118689,0.330915,0.206562,0.175531,-0.004992,0.163948,-0.015916,0.159497,0.199912,0.228770,0.701696,0.742673,0.259101,0.425471,-0.080472,-0.030737,0.234858,-0.046406,0.203653,0.234320,0.405675,0.361445,0.316709,0.368339,0.493356,0.523997,0.237426,0.238108,0.226073,0.112183,0.286812,0.404903,0.435587,0.535313,0.616852,0.390623,0.504911,0.548732,0.187980,0.349994,0.553936,0.164964,-0.132808,-0.162265,0.563584,0.633924,0.891361,0.826076,-0.395625,-0.205858,0.274637,0.413099,0.407964,0.351901,0.284461,0.364362,0.372471,0.279114,0.560349,0.644175,0.363248,0.476176,0.266438,0.358668,0.257867,0.387136,0.273020,0.417468
0.192696,0.055988,0.156298,0.058641,0.302982,0.007124,0.032049,0.031440,0.204224,-0.287737,-0.015097,0.097906,-0.059860,0.140038,0.163764,-0.068310,0.371991,0.378644,0.100768,0.094932,0.000000,1.036150,0.192759,0.243881,0.030180,0.063021,0.392714,0.403419,0.171112,0.340833,0.333330,0.423720,0.105071,0.056317,0.077392,-0.024857,0.259036,-0.012391,0.151586,0.164277,0.619394,0.423796,0.159281,0.191080,0.190817,0.253232,0.274265,0.269041,0.142624,0.095742,0.092425,0.144296,0.050841,0.067209,0.021309,-0.089005,0.278161,-0.031580,0.076373,-0.014606,-0.168434,-0.308425,0.064654,-0.114134,-0.107598,-0.150168,0.151198,0.217208,0.147881,0.128809,0.486457,0.493222,0.636818,0.390859,0.299355,0.208674,0.312101,0.277282,0.204708,0.003922,0.464170,0.343282,0.393721,0.344047,0.122038,0.177781,-0.090111,0.244449,-0.064768,-0.011171
0.165419,0.103390,0.073114,0.118758,0.010954,0.040485,-0.100641,0.107029,0.011757,-0.101817,-0.050606,0.074747,-0.063928,0.229029,0.059046,0.094901,0.400193,0.199969,0.083252,0.148207,1.036150,0.000000,0.086774,0.254358,-0.025808,0.047284,0.167532,0.309810,0.248899,0.344694,0.181107,0.290168,0.214101,0.114723,-0.097545,-0.106281,0.105508,-0.126485,0.038428,0.061151,0.478473,0.478456,-0.002927,0.047618,0.108218,0.194554,0.148801,0.211061,0.122581,0.080025,0.010418,0.121870,0.042019,0.075941,-0.039327,-0.112052,0.237383,-0.004690,0.064604,0.080871,-0.203698,-0.235560,0.018931,-0.099286,-0.167403,-0.097146,0.118055,0.263153,0.240561,0.310014,0.437015,0.438362,0.449537,0.473938,0.193906,0.042764,0.082025,0.075135,0.179760,0.143430,0.414049,0.326537,0.227325,0.258331,0.026037,0.222608,-0.226424,0.126289,-0.027498,0.041905
0.056819,-0.086464,0.837407,0.386779,0.318868,0.001403,0.296915,0.093637,0.240608,-0.059318,0.047940,-0.079531,0.083703,-0.012824,0.447660,0.228847,0.005528,-0.019697,0.279027,0.118689,0.192759,0.086774,0.000000,1.322859,0.542172,0.452316,0.279438,0.238635,-0.014055,-0.057942,0.823661,0.768939,0.073125,0.052131,0.530435,0.360282,0.153910,0.046116,0.225743,0.084831,0.084898,0.045890,0.302302,0.316311,0.196324,0.076767,0.357737,0.306197,-0.094572,-0.091086,0.166370,0.016587,0.153695,0.253183,0.344117,0.281840,0.036108,-0.114549,0.009194,-0.005737,-0.010311,-0.129775,0.067685,-0.215943,0.397019,0.114785,0.435294,0.332382,0.000790,0.080309,0.047704,0.196887,0.166833,-0.008697,0.222414,0.199424,0.305307,0.266857,0.112099,-0.094522,0.163423,0.094131,0.351670,0.331528,0.534786,0.290779,0.542188,0.558872,0.421164,0.469978
0.143491,0.027939,0.838500,0.644289,0.256973,0.086863,0.206199,0.285734,0.134906,-0.019751,-0.005441,-0.002383,-0.030843,0.108109,0.264929,0.270246,0.131288,0.048628,0.312552,0.330915,0.243881,0.254358,1.322859,0.000000,0.526897,0.556638,0.221712,0.321853,0.019404,0.018250,0.734330,0.832322,0.242407,0.222972,0.576029,0.457645,0.128086,0.016175,0.200250,-0.026506,0.148546,0.137390,0.380538,0.387249,0.353600,0.253594,0.478702,0.435725,0.057056,0.039731,0.258322,0.133985,0.256882,0.386333,0.435884,0.343407,0.173358,-0.075787,0.102978,0.144808,-0.005122,-0.039950,0.166077,-0.143627,0.276047,0.128995,0.643025,0.639810,0.243683,0.288947,-0.037692,0.106728,0.179239,0.112397,0.306462,0.269444,0.349827,0.338615,0.248453,0.003671,0.331200,0.276107,0.411252,0.480389,0.528469,0.441784,0.509773,0.642908,0.395502,0.568192
0.115316,0.083314,0.606875,0.233884,0.398967,0.105476,0.274214,0.220989,0.592019,-0.096463,0.291640,0.163139,0.241846,0.178651,0.453628,0.068138,0.060998,0.101712,0.112631,0.206562,0.030180,-0.025808,0.542172,0.526897,0.000000,1.159061,0.410216,0.375858,0.035173,-0.019925,0.234388,0.215338,0.101754,0.059220,0.644940,0.473351,0.322673,0.242602,0.151039,0.120910,0.087638,0.157894,0.302502,0.271893,0.303541,0.149910,0.336170,0.361570,0.139337,0.157211,0.243124,0.258712,0.257040,0.347199,0.329969,0.414336,-0.038455,0.034236,0.103963,0.148884,0.216155,0.093006,0.107210,-0.014095,0.474234,0.324598,0.452581,0.340362,0.205581,0.225422,-0.107609,0.209393,0.096922,-0.091478,0.344619,0.327902,0.313666,0.379957,0.175123,0.024652,0.175236,0.209036,0.254099,0.273810,0.420261,0.240644,0.432138,0.507776,0.413101,0.504384
0.164807,0.080592,0.533061,0.291013,0.413960,0.048971,0.234175,0.309190,0.467226,-0.223633,0.249297,0.159897,0.210039,0.371155,0.292194,0.126866,0.177317,0.126278,0.046719,0.175531,0.063021,0.047284,0.452316,0.556638,1.159061,0.000000,0.448319,0.398325,0.204647,0.081536,0.344026,0.428418,0.195418,0.161545,0.535835,0.433450,0.325756,0.098273,0.023555,-0.027793,0.152610,0.260587,0.425403,0.361243,0.305033,0.272551,0.482030,0.483245,0.271355,0.308272,0.395280,0.438909,0.382520,0.451096,0.466165,0.438247,0.117015,0.032577,0.203987,0.229960,0.172355,0.091143,0.148187,0.093085,0.232389,0.245525,0.540130,0.468542,0.350430,0.332599,0.009823,0.279736,0.164334,-0.047767,0.475513,0.429147,0.283077,0.334774,0.327418,0.066308,0.243301,0.313703,0.233366,0.451476,0.279302,0.233128,0.560058,0.648058,0.450479,0.518357
0.093119,0.032836,0.278800,0.024363,0.745501,0.163872,0.069170,0.048688,0.505408,-0.242288,0.032971,0.108901,-0.034116,0.027749,0.503665,-0.043047,0.046066,0.165058,-0.003906,-0.004992,0.392714,0.167532,0.279438,0.221712,0.410216,0.448319,0.000000,1.139931,0.090753,0.134332,0.333612,0.334971,0.057521,0.076136,0.341089,0.197451,0.196817,0.285763,0.078091,0.149847,0.103332,0.103265,0.093935,0.125105,0.126037,0.088917,0.209367,0.150782,-0.035929,0.002713,0.020411,0.039647,0.037456,0.038453,0.029363,-0.023872,0.099723,0.069659,0.030871,-0.006727,-0.023977,-0.115351,-0.048264,-0.137360,0.075572,0.069163,0.118928,0.031337,0.086930,0.030000,0.349882,0.425865,0.413404,0.100669,0.270745,0.346341,0.266778,0.287567,0.171380,0.065374,0.139532,0.108643,0.019767,0.073294,0.217710,0.106847,0.119254,0.174685,0.112829,0.269925
0.087745,0.064660,0.277137,0.157094,0.616327,0.358956,0.030449,0.134125,0.498192,-0.150239,-0.045255,0.081633,-0.076549,0.163287,0.507140,0.111949,0.127906,0.209312,0.046937,0.163948,0.403419,0.309810,0.238635,0.321853,0.375858,0.398325,1.139931,0.000000,0.108804,0.153900,0.230083,0.336840,0.174091,0.156225,0.252763,0.188063,0.001588,0.158251,0.054690,0.028216,0.247102,0.129275,0.202483,0.203973,0.210258,0.204467,0.335051,0.268963,0.059439,0.090854,0.129784,0.170535,0.180618,0.231407,0.150275,0.135074,0.212235,0.030358,0.193125,0.179248,-0.035557,-0.056563,-0.005464,-0.167709,0.000428,-0.019099,0.263876,0.281972,0.187176,0.153856,0.222895,0.239319,0.398480,0.141708,0.411623,0.387327,0.230502,0.274440,0.429732,0.083691,0.310360,0.262738,0.210810,0.331263,0.226208,0.209157,0.095554,0.308577,0.220777,0.427715
0.055679,-0.140908,0.174108,-0.030935,0.198038,-0.062392,0.191572,0.174626,0.155657,-0.148503,0.284693,0.060936,0.179432,0.301329,0.316004,0.229746,0.808833,0.180195,-0.084094,-0.015916,0.171112,0.248899,-0.014055,0.019404,0.035173,0.204647,0.090753,0.108804,0.000000,1.122306,0.139101,0.076137,0.232880,0.038324,-0.301636,-0.258117,-0.033697,-0.192571,-0.325637,-0.160054,0.144819,0.112642,0.141392,0.246446,0.207165,0.359304,0.083540,0.136203,0.310623,0.312660,0.083507,0.180414,0.054074,0.044277,-0.008451,-0.070964,0.116276,-0.258722,0.064168,0.013663,0.092916,-0.015640,0.442207,0.179456,0.014035,0.058096,0.175266,0.222969,0.062165,0.171973,0.184413,-0.019925,0.275599,-0.058105,0.278299,-0.012110,-0.091223,-0.196258,0.743711,0.322569,0.484359,0.321333,0.397157,0.348084,0.047547,0.080804,0.081896,0.196283,-0.100858,0.007847
0.158584,0.013196,0.186717,0.088040,0.197934,-0.015768,0.043176,0.258071,0.111117,-0.077577,0.249470,0.318281,-0.099415,0.305341,0.256339,0.172460,0.872771,0.566908,0.055485,0.159497,0.340833,0.344694,-0.057942,0.018250,-0.019925,0.081536,0.134332,0.153900,1.122306,0.000000,0.124285,0.070836,0.311051,0.189966,-0.216807,-0.151927,-0.031242,-0.070489,-0.141196,-0.037573,0.224613,0.302493,0.212242,0.310660,0.291337,0.495285,0.187509,0.235165,0.390297,0.327954,0.110761,0.175261,0.004636,0.009226,-0.028325,-0.012064,0.179555,-0.151312,0.010927,0.043215,-0.075100,-0.003203,0.383844,0.226643,-0.073960,0.069170,0.157195,0.292073,0.138779,0.168044,0.151617,-0.044667,0.453595,0.256160,0.306310,0.154940,0.023091,-0.029044,0.656073,0.516648,0.667265,0.623488,0.489792,0.363004,0.163283,0.244960,0.040911,0.166761,-0.226853,-0.038198
0.072597,0.063811,0.618886,0.433645,0.463152,-0.091153,0.236413,0.217626,0.128572,-0.189981,-0.054932,0.097288,-0.074962,-0.004205,0.247854,0.027970,0.171269,0.092490,0.226701,0.199912,0.333330,0.181107,0.823661,0.734330,0.234388,0.344026,0.333612,0.230083,0.139101,0.124285,0.000000,1.424525,0.173685,0.207636,0.437130,0.379634,0.140794,0.036646,0.099388,0.031086,0.136627,0.060144,0.428127,0.471235,0.265551,0.245161,0.449555,0.375058,-0.020904,-0.025494,0.140862,-0.017479,0.166867,0.237462,0.361422,0.271377,0.145293,0.000281,-0.065016,-0.105770,-0.117573,-0.033205,0.294930,0.072609,0.100282,-0.075593,0.317994,0.315663,0.146304,0.187474,0.230312,0.338987,0.334459,0.240125,0.304606,0.360559,0.470868,0.444393,0.215804,-0.073195,0.322544,0.219878,0.356167,0.393863,0.401404,0.336931,0.517370,0.439287,0.241816,0.361362
0.057109,0.023435,0.577682,0.435096,0.417652,-0.096950,0.218691,0.317227,0.178052,-0.296583,-0.064642,0.079369,-0.074654,0.133617,0.144392,-0.009777,0.206376,0.155569,0.170244,0.228770,0.423720,0.290168,0.768939,0.832322,0.215338,0.428418,0.334971,0.336840,0.076137,0.070836,1.424525,0.000000,0.308543,0.309608,0.440870,0.354307,0.170953,-0.043255,0.129312,-0.006774,0.283257,0.180183,0.526944,0.493165,0.297109,0.279272,0.577616,0.534986,0.074571,0.058732,0.257355,0.151930,0.256632,0.328840,0.425983,0.340407,0.255363,-0.023529,0.100952,0.070287,-0.076797,0.018496,0.185816,0.041623,0.007036,-0.063919,0.440845,0.465102,0.209429,0.211263,0.197650,0.357619,0.378467,0.235206,0.411855,0.346766,0.438717,0.411956,0.239039,-0.073553,0.329861,0.300253,0.355713,0.505124,0.297953,0.311561,0.477641,0.566113,0.315048,0.421866
0.506509,0.503758,0.466996,0.524355,0.045378,0.199121,0.134835,0.560822,0.055729,0.126217,0.291374,0.519772,-0.137563,0.219499,-0.098074,0.097851,0.762440,0.579021,0.362747,0.701696,0.105071,0.214101,0.073125,0.242407,0.101754,0.195418,0.057521,0.174091,0.232880,0.311051,0.173685,0.308543,0.000000,1.283310,0.300804,0.371217,-0.062170,-0.171316,0.127081,0.015199,0.256888,0.342907,0.436653,0.400509,0.462273,0.484406,0.383955,0.586734,0.344090,0.286609,0.215930,0.212608,0.122921,0.168253,0.187851,0.345826,0.774073,0.419502,0.534858,0.677566,0.334640,0.508209,0.435293,0.473062,-0.107523,0.171071,0.748373,0.803269,0.669460,0.556852,-0.181298,-0.184508,0.407903,0.415839,0.449410,0.178447,0.254970,0.211270,0.406746,0.572070,0.505219,0.643644,0.217129,0.354912,0.134999,0.337327,0.131331,0.361084,0.212298,0.294758
0.522640,0.614411,0.445855,0.698449,0.102084,0.295888,0.230180,0.821422,0.081715,0.232479,0.316933,0.670593,-0.103589,0.293078,-0.130923,0.140784,0.559954,0.581164,0.444262,0.742673,0.056317,0.114723,0.052131,0.222972,0.059220,0.161545,0.076136,0.156225,0.038324,0.189966,0.207636,0.309608,1.283310,0.000000,0.337197,0.468955,-0.051175,0.015534,0.182036,0.134093,0.113353,0.239657,0.426910,0.403989,0.396790,0.442416,0.375033,0.544122,0.273547,0.257581,0.247161,0.186824,0.098013,0.160321,0.211662,0.379152,0.714591,0.549231,0.479990,0.657514,0.375239,0.716125,0.422405,0.522807,-0.100796,0.209048,0.584408,0.745605,0.665344,0.529061,-0.118388,-0.062941,0.427961,0.535546,0.439468,0.370080,0.416869,0.406928,0.322371,0.409886,0.443439,0.580466,0.105297,0.280999,0.135126,0.352789,0.102384,0.275583,0.178723,0.352297
0.258574,0.273083,0.540653,0.417149,0.207661,0.134248,0.261794,0.242407,0.205641,0.070221,0.167148,0.304664,0.055170,-0.032696,0.127893,0.014976,-0.012977,0.236184,0.229911,0.259101,0.077392,-0.097545,0.530435,0.576029,0.644940,0.535835,0.341089,0.252763,-0.301636,-0.216807,0.437130,0.440870,0.300804,0.337197,0.000000,1.172385,0.449205,0.406402,0.469149,0.292821,0.128910,0.188909,0.477072,0.364595,0.637873,0.328822,0.457627,0.433091,0.181951,0.106569,0.318375,0.173065,0.150639,0.228651,0.351427,0.452700,0.146084,0.250751,0.081308,0.153912,0.243455,0.170830,0.097434,0.073721,0.474305,0.457293,0.629305,0.464996,0.278113,0.134539,-0.063507,0.135800,0.217089,0.152998,0.246352,0.406680,0.595473,0.638885,0.063545,0.081398,0.212570,0.327371,0.154673,0.200591,0.707141,0.549158,0.466646,0.534064,0.406609,0.501071
0.316515,0.407848,0.479267,0.520693,0.134134,0.226031,0.184843,0.313794,0.045449,0.165226,0.173520,0.364967,0.011896,0.063193,-0.010625,0.094600,0.045844,0.229986,0.260631,0.425471,-0.024857,-0.106281,0.360282,0.457645,0.473351,0.433450,0.197451,0.188063,-0.258117,-0.151927,0.379634,0.354307,0.371217,0.468955,1.172385,0.000000,0.393057,0.438816,0.412708,0.304925,0.072894,0.208682,0.618565,0.507394,0.583750,0.487834,0.593528,0.636782,0.285088,0.272975,0.432509,0.269908,0.290698,0.386910,0.466984,0.630004,0.211587,0.319039,0.168676,0.220430,0.193133,0.190341,0.216633,0.168210,0.209607,0.306241,0.607581,0.607235,0.431890,0.334634,-0.122521,0.093457,0.238422,0.293422,0.297713,0.454892,0.619583,0.718862,0.094893,0.050058,0.277072,0.399789,0.145176,0.256512,0.540693,0.769794,0.422915,0.513198,0.391315,0.583902
0.035804,-0.035194,0.061406,-0.042277,0.015412,-0.111337,0.136957,-0.057678,0.094959,-0.170063,0.070553,-0.007666,0.231781,0.046129,-0.053911,-0.103196,0.060007,0.142047,0.025611,-0.080472,0.259036,0.105508,0.153910,0.128086,0.322673,0.325756,0.196817,0.001588,-0.033697,-0.031242,0.140794,0.170953,-0.062170,-0.051175,0.449205,0.393057,0.000000,0.582230,0.594687,0.522128,0.326425,0.407611,0.210565,0.154136,0.276881,0.198459,0.263019,0.274781,0.251969,0.233948,0.231275,0.229117,0.097228,0.094294,0.172212,0.134000,-0.032043,-0.040540,-0.032627,-0.130551,0.099199,-0.186729,-0.012197,-0.117020,0.198939,0.230387,0.165800,0.063676,0.037729,-0.072971,0.176958,0.317887,0.287364,0.145717,0.171853,0.138640,0.393013,0.413300,-0.166413,-0.101324,0.188425,0.160972,0.079612,0.044304,0.257635,0.302625,0.053162,0.255668,0.072068,0.091053
0.084738,0.108596,0.045434,0.039290,0.133911,0.012629,0.089842,0.071327,0.118557,0.061260,0.205826,0.268733,0.120967,-0.077594,0.158546,-0.169486,-0.118574,0.132255,0.029345,-0.030737,-0.012391,-0.126485,0.046116,0.016175,0.242602,0.098273,0.285763,0.158251,-0.192571,-0.070489,0.036646,-0.043255,-0.171316,0.015534,0.406402,0.438816,0.582230,0.000000,0.274475,0.650089,-0.020093,0.084789,0.094786,0.130828,0.148605,0.096198,0.140636,0.103314,0.021180,0.061486,0.054868,-0.011330,-0.003723,0.019424,0.049977,0.136784,-0.128983,0.148266,-0.159264,-0.179495,0.065002,-0.014933,0.033192,0.015785,0.218808,0.250302,-0.090358,-0.093435,-0.029361,-0.203496,0.181745,0.338357,0.170409,0.171347,0.041814,0.279442,0.455527,0.574486,-0.056528,-0.108785,-0.007597,0.153626,-0.017523,-0.131570,0.343084,0.382136,0.025606,-0.016164,0.037045,0.197475
0.251903,0.203670,0.166436,0.265046,-0.092331,0.226781,0.095403,0.019027,0.013867,0.215852,-0.002379,0.046000,0.009857,-0.081647,0.014067,0.159377,0.027915,0.250470,0.413658,0.234858,0.151586,0.038428,0.225743,0.200250,0.151039,0.023555,0.078091,0.054690,-0.325637,-0.141196,0.099388,0.129312,0.127081,0.182036,0.469149,0.412708,0.594687,0.274475,0.000000,0.663652,0.228821,0.295918,0.263932,0.140752,0.283635,0.171658,0.345311,0.311647,0.222141,0.172246,0.285023,0.172295,0.107045,0.154044,0.285428,0.316736,0.226021,0.145480,0.174263,0.186528,0.133308,0.048776,-0.036321,-0.197037,0.152001,0.191188,0.276216,0.188136,0.163928,0.016172,-0.081255,-0.049336,0.177108,0.287442,0.057837,0.144999,0.362574,0.420087,-0.187410,0.010169,0.261110,0.185390,0.293350,0.120925,0.369102,0.334879,0.177084,0.283253,0.322375,0.328675
0.165493,0.105931,0.002108,0.049978,-0.005739,0.178629,0.082709,0.058796,0.105246,0.265027,0.220979,0.233335,0.090343,-0.040597,0.095669,0.031393,0.019659,0.144013,0.078805,-0.046406,0.164277,0.061151,0.084831,-0.026506,0.120910,-0.027793,0.149847,0.028216,-0.160054,-0.037573,0.031086,-0.006774,0.015199,0.134093,0.292821,0.304925,0.522128,0.650089,0.663652,0.000000,0.076750,0.167244,0.103807,0.066639,0.139950,0.084681,0.093936,0.173528,0.077602,0.095084,0.119170,0.057841,-0.076113,-0.042765,0.026643,0.157068,0.064742,0.167293,0.021368,-0.002480,0.130310,0.063085,-0.066180,-0.050083,0.162449,0.332015,0.003582,-0.018930,-0.119175,-0.177503,0.252575,0.305474,0.232297,0.216832,0.016554,0.013996,0.410386,0.375239,-0.215042,-0.134257,0.086869,0.038560,0.105023,-0.136404,0.239038,0.396331,0.021421,0.063262,0.135032,0.221166
0.226122,0.017250,0.068904,0.051758,0.009430,-0.000704,0.014909,-0.023358,0.029120,-0.189497,0.048713,0.016688,0.025495,0.301175,0.047934,-0.005956,0.352205,0.436187,0.139302,0.203653,0.619394,0.478473,0.084898,0.148546,0.087638,0.152610,0.103332,0.247102,0.144819,0.224613,0.136627,0.283257,0.256888,0.113353,0.128910,0.072894,0.326425,-0.020093,0.228821,0.076750,0.000000,0.826536,0.152836,0.027742,0.257886,0.232782,0.229741,0.256499,0.224239,0.167277,0.130027,0.257054,0.092472,0.082976,0.062102,0.179177,0.336411,-0.062840,0.216865,0.137599,0.021517,-0.143462,0.056480,-0.089061,-0.083281,-0.004270,0.243738,0.252818,0.200627,0.105699,0.265137,0.277461,0.557601,0.344785,0.439949,0.124698,0.059742,0.086394,0.329352,0.258425,0.427450,0.554560,0.321048,0.354640,0.174059,0.276706,-0.005260,0.347556,0.118055,0.045280
0.385654,0.232573,0.149842,0.172211,-0.080282,0.000179,-0.013181,0.131362,-0.030448,-0.097038,0.103762,0.246095,-0.055226,0.322410,-0.041693,0.058518,0.360495,0.473271,0.160232,0.234320,0.423796,0.478456,0.045890,0.137390,0.157894,0.260587,0.103265,0.129275,0.112642,0.302493,0.060144,0.180183,0.342907,0.239657,0.188909,0.208682,0.407611,0.084789,0.295918,0.167244,0.826536,0.000000,0.187956,0.095584,0.231039,0.285606,0.349333,0.400273,0.312987,0.258938,0.262894,0.391000,0.240349,0.201976,0.209956,0.263010,0.338161,0.140941,0.171929,0.262184,-0.043016,-0.033357,-0.007096,0.099241,-0.158733,0.133629,0.257060,0.308006,0.436173,0.321974,0.122753,0.253315,0.499022,0.618122,0.476767,0.261125,0.102918,0.170357,0.130220,0.358441,0.348124,0.598746,0.185105,0.314237,0.189609,0.452153,-0.004913,0.281400,0.207151,0.146393
0.427633,0.329945,0.561773,0.479761,0.358507,0.180392,0.391172,0.399880,0.198607,-0.043077,0.247218,0.317475,0.082523,0.158491,0.076701,0.063763,0.433268,0.413186,0.293456,0.405675,0.159281,-0.002927,0.302302,0.380538,0.302502,0.425403,0.093935,0.202483,0.141392,0.212242,0.428127,0.526944,0.436653,0.426910,0.477072,0.618565,0.210565,0.094786,0.263932,0.103807,0.152836,0.187956,0.000000,1.406561,0.653838,0.783475,1.340881,1.390009,0.749604,0.672911,0.927575,0.657232,0.628410,0.637350,0.874824,0.780507,0.476497,0.189269,0.412440,0.365645,0.203337,0.211988,0.492274,0.276739,-0.035041,0.025550,0.738115,0.768260,0.392664,0.265314,-0.217066,-0.107078,0.392851,0.160899,0.551517,0.547019,0.646288,0.625119,0.466118,-0.032151,0.592182,0.584751,0.592147,0.715898,0.469608,0.565308,0.587426,0.734604,0.413931,0.510530
0.369121,0.290715,0.557759,0.384754,0.491283,0.138352,0.262411,0.369733,0.214607,-0.100801,0.270440,0.294855,0.071768,0.197470,0.122517,0.018425,0.514522,0.372060,0.233774,0.361445,0.191080,0.047618,0.316311,0.387249,0.271893,0.361243,0.125105,0.203973,0.246446,0.310660,0.471235,0.493165,0.400509,0.403989,0.364595,0.507394,0.154136,0.130828,0.140752,0.066639,0.027742,0.095584,1.406561,0.000000,0.528186,0.813933,0.962382,1.175811,0.640610,0.761509,0.812961,0.636662,0.640743,0.650913,0.790639,0.663985,0.396624,0.161818,0.388363,0.332727,0.122484,0.169706,0.606452,0.332277,-0.132599,-0.056760,0.616509,0.724163,0.353889,0.241973,-0.155045,-0.091005,0.398526,0.166038,0.477340,0.534006,0.718652,0.681732,0.446033,-0.020746,0.534226,0.509862,0.568715,0.658216,0.328295,0.510638,0.487594,0.625487,0.256471,0.467234
0.343610,0.196293,0.536362,0.489660,0.145811,0.351641,0.448810,0.486007,0.211804,0.249722,0.276175,0.277189,0.067601,0.071415,0.171889,0.203869,0.445715,0.353851,0.230774,0.316709,0.190817,0.108218,0.196324,0.353600,0.303541,0.305033,0.126037,0.210258,0.207165,0.291337,0.265551,0.297109,0.462273,0.396790,0.637873,0.583750,0.276881,0.148605,0.283635,0.139950,0.257886,0.231039,0.653838,0.528186,0.000000,1.201950,0.567141,0.600381,0.930999,0.566054,0.361439,0.285973,-0.018096,0.042112,0.221351,0.331596,0.281873,0.044815,0.095036,0.179038,0.261835,0.207272,0.262433,0.098550,0.375280,0.540732,0.827231,0.727196,0.244519,0.190453,-0.017935,-0.041516,0.299786,0.188115,0.311741,0.287434,0.342824,0.325856,0.461512,0.277638,0.681866,0.655264,0.445028,0.328508,0.690531,0.671750,0.444259,0.504834,0.217389,0.332954
0.411442,0.277572,0.480297,0.503776,0.248755,0.338008,0.303338,0.496278,0.172049,0.149882,0.247126,0.322960,0.000050,0.230937,0.099212,0.188154,0.602273,0.464746,0.202198,0.368339,0.253232,0.194554,0.076767,0.253594,0.149910,0.272551,0.088917,0.204467,0.359304,0.495285,0.245161,0.279272,0.484406,0.442416,0.328822,0.487834,0.198459,0.096198,0.171658,0.084681,0.232782,0.285606,0.783475,0.813933,1.201950,0.000000,0.709196,0.822320,1.167472,0.987191,0.515003,0.490793,0.186419,0.231595,0.360401,0.397162,0.402245,0.092228,0.255940,0.312785,0.127949,0.185391,0.449859,0.253401,0.041294,0.232590,0.741725,0.871952,0.374849,0.306013,-0.008727,-0.043228,0.432639,0.314899,0.389529,0.401119,0.379591,0.385498,0.549222,0.243386,0.768483,0.771627,0.517149,0.501974,0.413350,0.713028,0.423897,0.562388,0.145003,0.342155
0.470450,0.374003,0.635569,0.575971,0.349685,0.198598,0.388682,0.396931,0.226038,-0.053442,0.178994,0.299049,0.093649,0.225208,0.164826,0.144319,0.346219,0.414604,0.418536,0.493356,0.274265,0.148801,0.357737,0.478702,0.336170,0.482030,0.209367,0.335051,0.083540,0.187509,0.449555,0.577616,0.383955,0.375033,0.457627,0.593528,0.263019,0.140636,0.345311,0.093936,0.229741,0.349333,1.340881,0.962382,0.567141,0.709196,0.000000,1.410910,0.650088,0.607199,0.822045,0.607093,0.598567,0.711887,1.011137,0.725976,0.533217,0.160734,0.409445,0.350208,0.128843,0.121983,0.419766,0.145025,0.017070,-0.061309,0.689806,0.707558,0.533758,0.411975,-0.171046,0.003014,0.411916,0.304213,0.577866,0.603400,0.567676,0.633756,0.442069,-0.042115,0.683320,0.689338,0.585938,0.820079,0.572464,0.591690,0.575829,0.770887,0.573941,0.646902
0.536614,0.441216,0.627254,0.529699,0.315626,0.218582,0.323241,0.489258,0.222720,-0.033402,0.276703,0.357959,0.084865,0.241057,0.115151,0.090396,0.488343,0.431684,0.365101,0.523997,0.269041,0.211061,0.306197,0.435725,0.361570,0.483245,0.150782,0.268963,0.136203,0.235165,0.375058,0.534986,0.586734,0.544122,0.433091,0.636782,0.274781,0.103314,0.311647,0.173528,0.256499,0.400273,1.390009,1.175811,0.600381,0.822320,1.410910,0.000000,0.710745,0.763567,0.820832,0.746510,0.642765,0.751530,0.868495,0.848929,0.584924,0.255503,0.493504,0.515932,0.183704,0.209313,0.421195,0.233776,-0.057600,0.035756,0.777591,0.902412,0.572640,0.494697,-0.185963,0.014091,0.429654,0.313152,0.598719,0.508586,0.593623,0.599216,0.387632,0.056476,0.637009,0.689270,0.559545,0.704623,0.413525,0.616533,0.518279,0.793777,0.527751,0.658883
