0.000000,1.006948,0.077107,0.354856,0.321632,0.262927,0.624619,0.524850,0.279499,0.188069,0.606306,0.600735,0.805010,0.776348,0.493383,0.458001,0.323946,0.370932,0.612122,0.635880,0.486758,0.255725,0.070177,0.071884,-0.076220,0.065399,0.028034,0.182068,0.172794,0.319768,0.284637,0.082865,0.483123,0.586200,-0.095233,-0.066416,0.017786,0.137116,0.036715,-0.287800,-0.200621,-0.003308,0.336895,0.404369,0.214841,0.259464,0.427996,0.428966,0.580253,0.646703,0.487503,0.605415,0.590151,0.587787,0.215044,0.301071,0.789559,0.548206,1.152018,0.886931,0.958717,0.817107,0.709057,0.783672,-0.244088,-0.051282,0.424875,0.511442,0.476280,0.418423,0.334956,0.227759,0.506593,0.540967,0.395037,0.434530,0.460304,0.357966,0.311132,0.136544,0.259542,0.147679,0.253197,0.324344,0.048748,-0.021843,-0.043394,-0.093139,-0.025807,0.369397
1.006948,0.000000,0.040096,0.440797,0.362190,0.364079,0.420884,0.617136,0.315180,0.290711,0.342130,0.535101,0.454144,0.619440,0.421335,0.320704,0.471780,0.545715,0.580301,0.821403,0.494737,0.314439,0.036268,0.041407,-0.106610,0.037905,0.046629,0.257187,0.272190,0.468091,0.233988,0.071975,0.577858,0.700677,-0.158849,-0.146962,0.084781,0.278277,0.045331,-0.193015,-0.180515,0.054225,0.351158,0.430850,0.356830,0.463489,0.434588,0.435892,0.690236,0.669334,0.472553,0.618703,0.614567,0.639853,0.196410,0.284378,0.961852,0.946998,0.979083,1.068277,0.769681,0.933839,0.760289,0.861842,-0.186250,0.034804,0.366011,0.502131,0.548569,0.588710,0.289225,0.216720,0.467575,0.443127,0.406997,0.365962,0.321588,0.294125,0.447729,0.263121,0.450893,0.270244,0.417366,0.496027,0.015345,-0.022045,0.035402,0.068786,-0.046076,0.282608
0.077107,0.040096,0.000000,0.653638,0.361326,0.202441,0.675769,0.092243,0.169549,0.040393,0.324108,-0.106689,0.279300,-0.089743,0.197502,0.030168,-0.046931,-0.009421,0.542717,0.008073,0.108891,0.056576,1.197155,0.836279,0.700474,0.516298,0.423309,0.371556,-0.137331,-0.096108,0.485207,0.441750,0.105687,-0.029373,0.641447,0.255888,0.278536,0.126199,0.430874,0.181309,0.013512,-0.111070,0.504212,0.198826,0.102613,-0.039530,0.392384,0.530219,-0.029316,0.060939,0.253640,-0.001101,0.136452,0.404383,0.358758,0.576659,0.013038,0.083358,0.112356,-0.003165,0.016634,-0.235957,-0.134813,-0.303818,0.683931,0.344748,0.555480,0.227188,0.413630,0.403156,0.402162,0.529540,0.250374,0.261134,-0.064779,0.059815,0.557326,0.498847,0.091143,0.042909,-0.141837,0.019204,-0.033577,-0.214303,0.278583,0.093799,0.592047,0.299646,0.763719,0.501115
0.354856,0.440797,0.653638,0.000000,0.418488,0.525971,0.607072,0.677274,0.184393,0.506865,0.291982,0.365703,0.376184,0.341905,0.175514,0.205918,0.181497,0.301662,0.551809,0.491412,0.312175,0.259276,0.540017,0.836557,0.341163,0.506202,0.381541,0.460657,0.058438,0.184046,0.412100,0.506063,0.389753,0.447116,0.229718,0.282996,0.252546,0.332938,0.365286,0.143298,-0.024232,0.007201,0.535856,0.473047,0.322580,0.338292,0.436797,0.646169,0.340887,0.322769,0.382722,0.347288,0.332644,0.528122,0.428000,0.594567,0.280340,0.304767,0.523275,0.441196,0.354352,0.243890,0.336165,0.274837,0.270316,0.534659,0.635128,0.746795,0.514349,0.501747,0.546184,0.538674,0.461268,0.383793,0.179939,0.226018,0.561403,0.640980,0.082857,-0.032158,0.075921,0.109316,0.169338,0.170064,0.195160,0.255513,0.421484,0.423850,0.526901,0.703446
0.321632,0.362190,0.361326,0.418488,0.000000,0.682773,0.392825,0.404581,0.679472,0.409350,0.082486,0.209739,0.191331,0.243401,0.420623,0.129656,0.116106,0.087715,0.476093,0.362485,0.530919,0.315227,0.463684,0.448787,0.364265,0.576885,0.596132,0.720526,-0.060640,-0.013577,0.223141,0.211157,0.243700,0.274539,0.244513,0.170528,0.116066,0.141476,0.249711,0.076579,-0.069332,0.117570,0.302286,0.226618,0.238326,0.263346,0.211167,0.323446,0.286690,0.309842,0.300579,0.241119,0.225919,0.438600,0.139867,0.262488,0.271934,0.330151,0.350135,0.386425,0.173361,0.207857,0.181134,0.108868,0.242388,0.290159,0.412702,0.435594,0.349510,0.413009,0.203639,0.128702,0.271000,0.179473,0.010001,0.250627,0.072537,0.148071,0.051272,-0.127962,0.103837,0.057780,0.113870,0.068434,0.207796,0.241629,0.305011,0.192470,0.186124,0.398152
0.262927,0.364079,0.202441,0.525971,0.682773,0.000000,0.269043,0.654630,0.617854,0.894302,0.213340,0.450263,0.298347,0.412459,0.234453,0.238175,0.419926,0.329186,0.294785,0.276662,0.401402,0.344926,0.235634,0.371203,0.155666,0.415743,0.316297,0.632074,0.300488,0.309289,0.305735,0.350255,0.328732,0.355758,-0.068817,0.004402,0.154586,0.419463,0.110932,0.040295,-0.105278,0.137097,0.192648,0.313484,0.356355,0.395040,0.145335,0.273469,0.446695,0.306094,0.176704,0.302631,0.186528,0.328962,0.136857,0.238215,0.317514,0.209335,0.445035,0.462042,0.360437,0.391360,0.455950,0.300304,0.156487,0.484125,0.372086,0.485693,0.278726,0.463556,0.376248,0.264977,0.414257,0.324685,0.101691,0.192982,0.104459,0.241709,0.252102,0.004294,0.246609,0.218512,0.179312,0.254027,0.038864,0.174102,0.126636,0.137683,0.099521,0.354315
0.624619,0.420884,0.675769,0.607072,0.392825,0.269043,0.000000,0.652980,0.468665,0.233320,0.463985,0.241793,0.701271,0.359200,0.370100,0.264878,0.022533,0.063838,0.808023,0.343890,0.220162,0.046341,0.399619,0.329546,0.053503,0.159359,0.012743,0.100259,0.058562,0.175920,0.357147,0.367563,0.352255,0.396437,0.253701,0.188478,0.014549,-0.055975,0.099909,-0.217110,-0.199196,-0.116094,0.619076,0.406025,0.272594,0.128034,0.431016,0.579911,0.193824,0.189395,0.217399,0.112772,0.343472,0.359176,0.197202,0.316438,0.379260,0.316747,0.537940,0.319442,0.569895,0.285504,0.260322,0.206928,0.353369,0.275224,0.726087,0.535324,0.440709,0.479323,0.449240,0.500992,0.341302,0.410482,0.209463,0.348848,0.679023,0.478342,0.211325,0.058183,0.065123,0.066912,0.074978,-0.012169,0.143167,-0.016127,0.132508,-0.048199,0.356797,0.470119
0.524850,0.617136,0.092243,0.677274,0.404581,0.654630,0.652980,0.000000,0.423623,0.681359,0.236453,0.763481,0.460745,0.843383,0.292263,0.429139,0.237605,0.258560,0.427888,0.556154,0.336793,0.203572,-0.092440,0.168582,-0.291606,-0.001754,-0.060233,0.126025,0.356813,0.488701,0.150667,0.326788,0.503233,0.722545,-0.185191,0.039350,0.033089,0.253185,-0.080757,-0.079510,-0.055959,0.119131,0.322521,0.498017,0.513189,0.584929,0.267656,0.315318,0.497514,0.359723,0.237356,0.397198,0.288088,0.350212,0.043005,0.081894,0.409795,0.310285,0.631283,0.554952,0.558691,0.699049,0.474021,0.549083,0.026801,0.471107,0.400716,0.657668,0.293518,0.493425,0.376555,0.276493,0.311769,0.331949,0.283133,0.343507,0.254753,0.293431,0.120384,0.059678,0.372734,0.324051,0.411559,0.559238,0.143003,0.283768,-0.079525,0.072931,0.018105,0.335096
0.279499,0.315180,0.169549,0.184393,0.679472,0.617854,0.468665,0.423623,0.000000,0.611558,0.123909,0.167226,0.261807,0.228646,0.492887,0.146423,0.314557,0.152740,0.444565,0.297633,0.342105,0.114435,0.141044,0.070548,0.026113,0.180183,0.052814,0.268313,0.275087,0.308307,0.160971,0.205960,0.178931,0.201667,-0.075240,-0.089068,-0.042837,0.038648,-0.091256,-0.150517,-0.111872,0.202413,0.245609,0.193540,0.322604,0.337956,0.145261,0.196209,0.385584,0.283995,0.216424,0.170028,0.202033,0.399599,0.065179,0.114280,0.248356,0.237206,0.322235,0.316695,0.289502,0.270378,0.267767,0.141303,0.277662,0.253607,0.313337,0.233346,0.258303,0.302227,0.192585,0.174586,0.249304,0.330172,0.211286,0.484063,0.047792,0.134267,0.353289,0.121822,0.363701,0.295203,0.109714,0.097950,0.225986,0.163113,-0.104619,-0.033365,0.051062,0.296614
0.188069,0.290711,0.040393,0.506865,0.409350,0.894302,0.233320,0.681359,0.611558,0.000000,0.045084,0.363047,0.200990,0.335852,0.270319,0.259702,0.423863,0.274586,0.235013,0.360902,0.161785,0.187038,0.006344,0.231505,-0.032366,0.243271,0.124092,0.310890,0.389033,0.443306,0.083107,0.273991,0.229347,0.366972,-0.225959,-0.032007,0.055685,0.226882,-0.087330,-0.029061,-0.103065,0.104468,0.257469,0.354067,0.465476,0.591393,0.199605,0.312229,0.530509,0.316844,0.235342,0.295370,0.192488,0.334253,0.068027,0.083928,0.173181,0.103319,0.366645,0.363452,0.231573,0.352380,0.362461,0.314004,0.132104,0.500261,0.259838,0.401812,0.240885,0.386303,0.325114,0.227399,0.295187,0.315707,0.214654,0.306682,0.079820,0.262106,0.267251,0.125110,0.512748,0.404097,0.295312,0.425478,0.193320,0.288158,-0.032261,0.076299,0.021100,0.256094
0.606306,0.342130,0.324108,0.291982,0.082486,0.213340,0.463985,0.236453,0.123909,0.045084,0.000000,0.505863,1.094931,0.480387,0.425510,0.337336,0.285634,0.299255,0.428658,0.154724,0.196292,0.075482,0.294469,0.184935,0.040946,0.062853,-0.045030,0.060282,0.186676,0.114161,0.512552,0.302932,0.423468,0.328331,0.063268,-0.078588,0.060953,0.112940,0.057202,-0.182291,-0.296584,-0.118915,0.238007,0.336217,0.088468,0.040705,0.322206,0.407894,0.257966,0.223761,0.200784,0.182672,0.160611,0.242887,0.254233,0.377676,0.344237,0.135077,0.524393,0.458751,0.718211,0.396460,0.543469,0.348153,0.161312,0.112311,0.492196,0.412774,0.414812,0.292113,0.480236,0.431896,0.462077,0.447703,0.151435,0.241868,0.513362,0.441374,0.295129,0.118701,0.020436,0.104543,0.134608,0.107327,0.049865,-0.007149,0.078818,-0.063379,0.146890,0.257150
0.600735,0.535101,-0.106689,0.365703,0.209739,0.450263,0.241793,0.763481,0.167226,0.363047,0.505863,0.000000,0.638314,1.304990,0.266210,0.712860,0.313844,0.351738,0.350526,0.535692,0.317246,0.298550,-0.106607,0.167043,-0.213465,-0.008791,-0.047320,0.052496,0.340318,0.409623,0.263990,0.286506,0.549447,0.649680,-0.198724,-0.094010,0.145349,0.293717,-0.120283,-0.024979,-0.049960,0.160807,0.157807,0.544209,0.397350,0.540925,0.261810,0.238014,0.483922,0.408532,0.258906,0.472679,0.210481,0.283771,0.143871,0.154284,0.364385,0.145060,0.549182,0.553747,0.590646,0.681753,0.620007,0.626649,-0.065751,0.261713,0.243125,0.491662,0.249959,0.311399,0.378703,0.204261,0.377835,0.376077,0.232150,0.316427,0.171665,0.253230,0.094567,0.054968,0.270131,0.259390,0.302633,0.562399,0.106746,0.339386,-0.165825,0.041993,-0.017634,0.324815
0.805010,0.454144,0.279300,0.376184,0.191331,0.298347,0.701271,0.460745,0.261807,0.200990,1.094931,0.638314,0.000000,0.680542,0.618194,0.620516,0.389743,0.413281,0.596640,0.347318,0.210819,0.226943,0.202561,0.224099,-0.014739,0.130764,-0.052138,0.081379,0.317269,0.374552,0.484448,0.348552,0.490559,0.463735,0.009743,-0.096413,0.040683,0.034187,-0.038376,-0.206663,-0.271392,-0.026060,0.299277,0.423603,0.195493,0.156191,0.357022,0.376111,0.315053,0.259268,0.246110,0.251193,0.309148,0.364852,0.231560,0.343080,0.428728,0.185597,0.639974,0.533314,0.888206,0.533126,0.701688,0.558730,0.171107,0.138092,0.528716,0.474622,0.499787,0.383068,0.594892,0.516628,0.498497,0.618763,0.259808,0.418417,0.582939,0.479359,0.383772,0.184121,0.213638,0.244509,0.155076,0.177899,0.073528,0.054670,-0.107861,-0.108421,0.134854,0.416364
0.776348,0.619440,-0.089743,0.341905,0.243401,0.412459,0.359200,0.843383,0.228646,0.335852,0.480387,1.304990,0.680542,0.000000,0.295296,0.708136,0.256657,0.281418,0.365624,0.550925,0.314570,0.232147,-0.146037,0.075427,-0.300703,-0.096154,-0.082019,0.067855,0.303431,0.387143,0.196010,0.142855,0.527879,0.656983,-0.246080,-0.069469,0.098336,0.220149,-0.081125,-0.025388,0.025682,0.138893,0.224003,0.529718,0.354457,0.503189,0.292008,0.240557,0.588221,0.500701,0.362710,0.556310,0.337766,0.359519,0.218376,0.219140,0.394313,0.186078,0.705486,0.654139,0.765346,0.813344,0.622285,0.682750,-0.175153,0.137134,0.269338,0.488991,0.238925,0.246579,0.369631,0.145055,0.363698,0.364261,0.226423,0.247658,0.183087,0.248536,0.089160,0.033944,0.269980,0.209309,0.285057,0.593904,0.072285,0.241886,-0.139305,0.012923,0.002856,0.318676
0.493383,0.421335,0.197502,0.175514,0.420623,0.234453,0.370100,0.292263,0.492887,0.270319,0.425510,0.266210,0.618194,0.295296,0.000000,0.491993,0.252707,0.160309,0.556074,0.399412,0.335570,0.246057,0.185885,0.145423,0.147700,0.275906,0.263415,0.272498,0.319955,0.284233,0.284406,0.208214,0.203946,0.196023,-0.071693,-0.216664,-0.031763,0.078948,-0.060269,-0.131749,-0.204947,0.112326,0.196350,0.215630,0.204645,0.196461,0.157839,0.138256,0.327794,0.261237,0.314527,0.176030,0.279321,0.414480,0.030102,0.142772,0.261377,0.195782,0.397397,0.412817,0.356907,0.319291,0.272189,0.218869,0.147662,0.044172,0.202990,0.131082,0.464700,0.456234,0.218302,0.233211,0.251771,0.393083,0.222342,0.433592,0.173407,0.169468,0.494417,0.227808,0.449562,0.453717,0.380559,0.339353,0.235820,0.219548,-0.122595,0.028039,0.127627,0.381418
0.458001,0.320704,0.030168,0.205918,0.129656,0.238175,0.264878,0.429139,0.146423,0.259702,0.337336,0.712860,0.620516,0.708136,0.491993,0.000000,0.183203,0.288262,0.334835,0.357369,0.164777,0.249549,0.030871,0.234713,-0.019084,0.155144,0.049296,0.056181,0.354477,0.512551,0.452722,0.437669,0.275563,0.314512,-0.165889,-0.234612,-0.041382,0.062771,-0.155963,-0.000635,-0.156705,0.123833,0.081996,0.303760,0.169011,0.224378,0.175081,0.119710,0.213417,0.193448,0.099674,0.184402,0.083581,0.226727,0.077242,0.246135,0.141083,-0.034462,0.299780,0.255804,0.370680,0.292694,0.383696,0.317084,0.022852,0.042736,0.090151,0.123084,0.167012,0.268825,0.422417,0.360661,0.299987,0.407981,0.237611,0.300996,0.269682,0.363992,0.298760,0.264754,0.285332,0.338822,0.282835,0.445714,0.029069,0.260246,-0.261381,0.024012,0.134671,0.397135
0.323946,0.471780,-0.046931,0.181497,0.116106,0.419926,0.022533,0.237605,0.314557,0.423863,0.285634,0.313844,0.389743,0.256657,0.252707,0.183203,0.000000,0.912767,0.350374,0.447199,0.153048,0.187852,0.000126,0.062225,0.000776,0.136809,-0.047407,0.158403,0.859592,0.806106,0.137644,0.064524,0.375672,0.339979,-0.235778,-0.268581,0.274346,0.278147,-0.102991,0.039776,0.105284,0.308354,0.155743,0.323573,0.376013,0.468438,0.288820,0.121306,0.630628,0.462324,0.412119,0.436700,0.413342,0.413940,0.286190,0.183777,0.534473,0.510848,0.462876,0.561656,0.380089,0.513215,0.738922,0.549101,0.008441,0.261920,0.204756,0.230863,0.429245,0.312454,0.213918,0.172239,0.505767,0.546792,0.310514,0.327254,0.132449,0.279005,0.725970,0.544292,0.799935,0.648048,0.317605,0.397387,0.198305,0.139574,0.004292,0.191541,-0.113914,0.129431
0.370932,0.545715,-0.009421,0.301662,0.087715,0.329186,0.063838,0.258560,0.152740,0.274586,0.299255,0.351738,0.413281,0.281418,0.160309,0.288262,0.912767,0.000000,0.320483,0.503243,0.184998,0.195180,0.032512,0.130637,-0.019670,0.103969,-0.066808,0.153075,0.568175,0.698730,0.254053,0.151797,0.434997,0.395171,-0.278073,-0.272005,0.180500,0.137733,0.001600,0.007533,0.037966,0.260942,0.141607,0.292025,0.287865,0.314085,0.316701,0.156636,0.503779,0.356469,0.282085,0.335894,0.279315,0.413428,0.280638,0.215508,0.529376,0.572120,0.438927,0.514590,0.400631,0.412146,0.781755,0.723857,-0.084364,0.087538,0.179456,0.213432,0.399247,0.245359,0.318247,0.305928,0.546716,0.491161,0.225648,0.204641,0.293431,0.438956,0.458751,0.523749,0.553821,0.516697,0.349422,0.420217,0.093921,0.184501,0.038134,0.366805,-0.017058,0.192283
0.612122,0.580301,0.542717,0.551809,0.476093,0.294785,0.808023,0.427888,0.444565,0.235013,0.428658,0.350526,0.596640,0.365624,0.556074,0.334835,0.350374,0.320483,0.000000,0.953277,0.300164,0.295780,0.491761,0.417381,0.244420,0.329274,0.196380,0.236322,0.261561,0.358077,0.436081,0.374165,0.610673,0.605280,0.294239,0.158968,0.234975,0.064098,0.177292,-0.027071,-0.010883,0.170876,0.750556,0.599595,0.505046,0.433425,0.668863,0.639971,0.440397,0.278284,0.455622,0.191674,0.375342,0.461727,0.355009,0.398578,0.516274,0.594933,0.505384,0.408422,0.433416,0.239428,0.425783,0.317062,0.368749,0.281501,0.713139,0.552997,0.900519,0.771783,0.519382,0.466862,0.533305,0.624196,0.382747,0.462203,0.595621,0.574246,0.405032,0.186051,0.388054,0.358154,0.308294,0.231483,0.453129,0.257159,0.315639,0.235593,0.349778,0.530174
0.635880,0.821403,0.008073,0.491412,0.362485,0.276662,0.343890,0.556154,0.297633,0.360902,0.154724,0.535692,0.347318,0.550925,0.399412,0.357369,0.447199,0.503243,0.953277,0.000000,0.339557,0.381355,0.039577,0.164553,-0.042978,0.138496,0.066804,0.224751,0.360936,0.494133,0.205216,0.178286,0.676195,0.861111,-0.040289,0.027947,0.171560,0.126230,0.062867,-0.043460,0.077185,0.281192,0.486768,0.553860,0.574270,0.670160,0.511224,0.403070,0.650720,0.417208,0.521795,0.372666,0.384043,0.429801,0.270730,0.218623,0.662046,0.749147,0.604331,0.614688,0.455597,0.446340,0.670580,0.691178,-0.064681,0.129687,0.428969,0.580342,0.793174,0.644765,0.355625,0.229454,0.420297,0.455333,0.471152,0.426230,0.316316,0.383654,0.343326,0.147145,0.611837,0.418631,0.486406,0.571339,0.340371,0.347348,0.110568,0.282859,0.051260,0.380809
0.486758,0.494737,0.108891,0.312175,0.530919,0.401402,0.220162,0.336793,0.342105,0.161785,0.196292,0.317246,0.210819,0.314570,0.335570,0.164777,0.153048,0.184998,0.300164,0.339557,0.000000,0.422132,0.209655,0.179812,0.198939,0.308446,0.399112,0.529345,0.043032,0.082718,0.368722,0.263102,0.319050,0.324523,0.006076,-0.076914,-0.002055,0.345352,0.054235,-0.068562,-0.076186,0.073680,0.199172,0.301007,0.254048,0.244625,0.254095,0.211902,0.437845,0.478612,0.352031,0.430665,0.251976,0.370043,0.111329,0.170413,0.328195,0.303944,0.525221,0.508591,0.389630,0.380597,0.360545,0.307412,-0.105686,0.041821,0.267849,0.350634,0.193455,0.330707,0.319454,0.213977,0.274923,0.269134,0.162337,0.256638,0.050112,0.033133,0.152261,-0.100469,0.115947,0.045389,0.213397,0.211949,0.051384,0.152184,0.027007,0.062165,0.043155,0.272885
0.255725,0.314439,0.056576,0.259276,0.315227,0.344926,0.046341,0.203572,0.114435,0.187038,0.075482,0.298550,0.226943,0.232147,0.246057,0.249549,0.187852,0.195180,0.295780,0.381355,0.422132,0.000000,0.118233,0.244049,0.242440,0.403799,0.331220,0.521907,0.072908,0.132306,0.194982,0.183397,0.260922,0.260898,0.087787,0.148826,0.133339,0.214955,0.075797,0.098373,0.069219,0.105257,0.220878,0.340865,0.308658,0.363917,0.248441,0.265389,0.387462,0.251931,0.289352,0.274767,0.191841,0.263368,0.098211,0.198653,0.252225,0.251520,0.264917,0.307394,0.194431,0.135227,0.273455,0.247136,0.040094,0.134353,0.244782,0.366198,0.270355,0.331718,0.255101,0.168708,0.232232,0.241901,0.185870,0.272527,0.016624,0.062871,0.191508,-0.064050,0.218616,0.203459,0.105582,0.181739,0.316890,0.349082,0.074013,0.207435,-0.036249,0.230646
0.070177,0.036268,1.197155,0.540017,0.463684,0.235634,0.399619,-0.092440,0.141044,0.006344,0.294469,-0.106607,0.202561,-0.146037,0.185885,0.030871,0.000126,0.032512,0.491761,0.039577,0.209655,0.118233,0.000000,0.982496,1.173689,0.843846,0.738997,0.564635,-0.201195,-0.170769,0.751849,0.588479,0.210688,0.041011,0.848485,0.254087,0.293358,0.204334,0.561844,0.177524,-0.148521,-0.132859,0.468640,0.203005,0.086064,-0.048459,0.414468,0.635882,0.004128,0.080881,0.244484,-0.029452,0.073912,0.290608,0.396214,0.640406,0.102162,0.120498,0.085062,0.044709,0.013906,-0.244918,-0.038613,-0.242451,0.715975,0.272338,0.641178,0.309324,0.463025,0.407110,0.448875,0.560223,0.371085,0.276923,-0.023380,0.052531,0.533256,0.503855,0.163075,-0.006879,-0.193585,-0.065910,-0.098973,-0.301158,0.222301,0.073165,0.697178,0.296569,0.670958,0.419578
0.071884,0.041407,0.836279,0.836557,0.448787,0.371203,0.329546,0.168582,0.070548,0.231505,0.184935,0.167043,0.224099,0.075427,0.145423,0.234713,0.062225,0.130637,0.417381,0.164553,0.179812,0.244049,0.982496,0.000000,0.863245,1.011887,0.721298,0.603122,-0.168027,-0.126802,0.427186,0.541344,0.077079,0.022708,0.498184,0.319654,0.424230,0.323444,0.511019,0.411559,0.106570,0.049891,0.439211,0.327690,0.143815,0.083104,0.382064,0.440570,0.106674,0.213204,0.365167,0.168833,0.192416,0.409712,0.487450,0.636110,-0.048875,0.010597,0.143785,0.106475,-0.030672,-0.115486,-0.016252,-0.185277,0.500467,0.541844,0.383074,0.330534,0.358434,0.319759,0.462923,0.522757,0.311185,0.238629,-0.066859,0.027994,0.473818,0.589334,-0.014729,-0.043523,-0.067185,0.045143,0.017345,-0.089198,0.331796,0.389498,0.555325,0.527858,0.719768,0.709802
-0.076220,-0.106610,0.700474,0.341163,0.364265,0.155666,0.053503,-0.291606,0.026113,-0.032366,0.040946,-0.213465,-0.014739,-0.300703,0.147700,-0.019084,0.000776,-0.019670,0.244420,-0.042978,0.198939,0.242440,1.173689,0.863245,0.000000,1.255767,1.021775,0.736589,-0.222227,-0.214129,0.508081,0.383620,-0.036615,-0.175830,0.769954,0.218976,0.325961,0.275275,0.500047,0.307400,-0.024716,-0.028331,0.258352,0.054679,-0.008760,-0.132885,0.216646,0.328052,-0.060073,0.032711,0.286406,-0.036497,0.053329,0.177115,0.347121,0.504549,-0.051400,-0.010226,-0.035864,-0.064470,-0.161315,-0.346608,-0.175149,-0.372771,0.571301,0.324404,0.334593,0.134797,0.306055,0.257241,0.219194,0.334649,0.260509,0.200067,-0.110028,0.018770,0.255535,0.364212,0.157224,0.033541,-0.121073,0.021009,-0.106287,-0.282715,0.262156,0.199476,0.586008,0.379035,0.581314,0.394739
0.065399,0.037905,0.516298,0.506202,0.576885,0.415743,0.159359,-0.001754,0.180183,0.243271,0.062853,-0.008791,0.130764,-0.096154,0.275906,0.155144,0.136809,0.103969,0.329274,0.138496,0.308446,0.403799,0.843846,1.011887,1.255767,0.000000,0.955543,0.919809,-0.139048,-0.093362,0.421882,0.424018,0.020131,-0.040388,0.520491,0.291004,0.253682,0.245971,0.478925,0.346882,-0.018684,0.088265,0.268013,0.157008,0.053665,-0.011444,0.222614,0.307678,0.062903,0.111410,0.329820,0.070924,0.136295,0.237014,0.416225,0.496172,0.042367,0.090299,0.134951,0.109802,-0.008937,-0.124389,0.014145,-0.162687,0.462511,0.484316,0.345460,0.292939,0.353270,0.295167,0.270325,0.361184,0.335870,0.287979,-0.045377,0.143326,0.285215,0.429822,0.191914,0.003993,0.026592,0.122496,-0.002932,-0.123512,0.266203,0.329733,0.442548,0.428584,0.535487,0.600683
0.028034,0.046629,0.423309,0.381541,0.596132,0.316297,0.012743,-0.060233,0.052814,0.124092,-0.045030,-0.047320,-0.052138,-0.082019,0.263415,0.049296,-0.047407,-0.066808,0.196380,0.066804,0.399112,0.331220,0.738997,0.721298,1.021775,0.955543,0.000000,0.977143,-0.193385,-0.193308,0.348776,0.294630,0.016890,-0.058506,0.441854,0.149699,0.228475,0.314873,0.338266,0.237754,-0.047262,0.037284,0.183831,0.133863,0.043999,-0.001201,0.117701,0.269472,0.075344,0.116183,0.244868,0.056528,0.155740,0.207210,0.121316,0.289198,0.007098,0.053469,0.096888,0.109157,-0.072400,-0.134889,-0.104289,-0.165365,0.309623,0.234821,0.251519,0.212983,0.249949,0.299728,0.153541,0.152659,0.190978,0.095091,-0.155249,-0.062489,0.071780,0.163413,0.047662,-0.129549,-0.030818,-0.035371,0.054944,-0.070168,0.230264,0.243214,0.573594,0.325788,0.409133,0.307796
0.182068,0.257187,0.371556,0.460657,0.720526,0.632074,0.100259,0.126025,0.268313,0.310890,0.060282,0.052496,0.081379,0.067855,0.272498,0.056181,0.158403,0.153075,0.236322,0.224751,0.529345,0.521907,0.564635,0.603122,0.736589,0.919809,0.977143,0.000000,-0.067077,-0.079068,0.371243,0.276581,0.205342,0.099552,0.268608,0.087212,0.165178,0.359265,0.357564,0.182802,-0.048762,0.080035,0.195869,0.206726,0.221664,0.160197,0.211942,0.309830,0.285841,0.235328,0.407781,0.203339,0.182814,0.360560,0.239819,0.345307,0.204944,0.257087,0.354022,0.338914,0.153178,0.059781,0.184420,0.082946,0.200184,0.248746,0.379452,0.386277,0.406786,0.393674,0.276613,0.250695,0.250698,0.153041,-0.020114,0.015647,0.064785,0.157359,0.170309,-0.063948,0.133352,0.089809,0.153869,0.073803,0.183974,0.249646,0.341677,0.297554,0.308235,0.406819
0.172794,0.272190,-0.137331,0.058438,-0.060640,0.300488,0.058562,0.356813,0.275087,0.389033,0.186676,0.340318,0.317269,0.303431,0.319955,0.354477,0.859592,0.568175,0.261561,0.360936,0.043032,0.072908,-0.201195,-0.168027,-0.222227,-0.139048,-0.193385,-0.067077,0.000000,1.184690,0.194575,0.182166,0.373611,0.356060,-0.393386,-0.389884,0.170171,0.190718,-0.292870,-0.078055,0.060773,0.282814,0.088184,0.282289,0.425169,0.453048,0.131763,-0.025608,0.421876,0.205785,0.124958,0.156753,0.166764,0.161452,-0.002650,-0.088145,0.378659,0.293837,0.277362,0.310127,0.291829,0.376175,0.525132,0.433033,-0.001564,0.153451,0.114769,0.110593,0.271006,0.283810,0.237022,0.203253,0.365399,0.442295,0.389298,0.367960,0.027350,0.103471,0.662325,0.563132,0.826941,0.783623,0.491337,0.618751,0.124057,0.138497,-0.234265,0.084248,-0.178325,-0.061992
0.319768,0.468091,-0.096108,0.184046,-0.013577,0.309289,0.175920,0.488701,0.308307,0.443306,0.114161,0.409623,0.374552,0.387143,0.284233,0.512551,0.806106,0.698730,0.358077,0.494133,0.082718,0.132306,-0.170769,-0.126802,-0.214129,-0.093362,-0.193308,-0.079068,1.184690,0.000000,0.225080,0.251502,0.427809,0.484372,-0.368846,-0.322182,0.090258,0.170831,-0.270587,-0.089601,0.040709,0.259256,0.132824,0.310062,0.405082,0.469401,0.192654,0.050012,0.443303,0.240464,0.113840,0.211536,0.246294,0.225932,0.067864,-0.009080,0.459375,0.382922,0.352820,0.351645,0.367647,0.436620,0.592749,0.589971,-0.015323,0.123759,0.146906,0.149494,0.268709,0.310350,0.291089,0.238299,0.424089,0.533579,0.381621,0.431137,0.148542,0.260157,0.664956,0.593966,0.821587,0.798102,0.443509,0.646615,0.107481,0.129613,-0.209020,0.114781,-0.121641,0.062234
0.284637,0.233988,0.485207,0.412100,0.223141,0.305735,0.357147,0.150667,0.160971,0.083107,0.512552,0.263990,0.484448,0.196010,0.284406,0.452722,0.137644,0.254053,0.436081,0.205216,0.368722,0.194982,0.751849,0.427186,0.508081,0.421882,0.348776,0.371243,0.194575,0.225080,0.000000,1.144104,0.649029,0.382759,0.343630,-0.104972,0.004672,0.177678,0.160282,-0.143252,-0.475952,-0.087976,0.276907,0.313316,0.273686,0.113629,0.342480,0.541031,0.142348,0.102297,0.124595,-0.020739,-0.051964,0.135945,0.177367,0.509223,0.337070,0.136626,0.317349,0.279852,0.425168,0.086001,0.392086,0.199819,0.439436,0.151727,0.743874,0.473856,0.531065,0.549352,0.803903,0.792608,0.581436,0.541276,0.244289,0.262772,0.548144,0.575115,0.449416,0.145062,0.037767,0.150429,0.136547,-0.015728,0.027834,0.043945,0.106260,0.016550,0.352414,0.327641
0.082865,0.071975,0.441750,0.506063,0.211157,0.350255,0.367563,0.326788,0.205960,0.273991,0.302932,0.286506,0.348552,0.142855,0.208214,0.437669,0.064524,0.151797,0.374165,0.178286,0.263102,0.183397,0.588479,0.541344,0.383620,0.424018,0.294630,0.276581,0.182166,0.251502,1.144104,0.000000,0.509495,0.348369,0.251921,-0.035078,-0.014518,0.156116,0.047128,-0.022754,-0.358891,-0.001693,0.244439,0.335859,0.348418,0.210691,0.256162,0.424522,0.106232,0.008653,0.019697,-0.097338,-0.184999,0.028324,0.068998,0.323894,0.112942,0.015018,0.149192,0.118552,0.224176,-0.014945,0.251574,0.075988,0.537253,0.328094,0.555288,0.398216,0.367561,0.468486,0.729198,0.778612,0.375104,0.432909,0.191229,0.256319,0.395283,0.524717,0.268320,0.028163,0.070244,0.173167,0.154782,0.036707,0.104905,0.215887,0.025960,0.043857,0.386589,0.353995
0.483123,0.577858,0.105687,0.389753,0.243700,0.328732,0.352255,0.503233,0.178931,0.229347,0.423468,0.549447,0.490559,0.527879,0.203946,0.275563,0.375672,0.434997,0.610673,0.676195,0.319050,0.260922,0.210688,0.077079,-0.036615,0.020131,0.016890,0.205342,0.373611,0.427809,0.649029,0.509495,0.000000,1.405890,0.159097,0.022947,0.077675,0.143769,0.156632,-0.109737,-0.157098,0.129472,0.391437,0.672978,0.729483,0.659750,0.559067,0.644096,0.524354,0.205493,0.245297,0.163633,0.074056,0.185261,0.179011,0.206074,0.774135,0.567439,0.526756,0.544804,0.620836,0.416243,0.783109,0.774705,0.128666,0.151266,0.867582,0.893561,0.779822,0.645504,0.607789,0.395188,0.584462,0.503420,0.461186,0.339367,0.351384,0.336710,0.363750,0.069327,0.365320,0.261456,0.358752,0.371001,0.168176,0.143806,0.061536,0.047473,0.103732,0.156236
0.586200,0.700677,-0.029373,0.447116,0.274539,0.355758,0.396437,0.722545,0.201667,0.366972,0.328331,0.649680,0.463735,0.656983,0.196023,0.314512,0.339979,0.395171,0.605280,0.861111,0.324523,0.260898,0.041011,0.022708,-0.175830,-0.040388,-0.058506,0.099552,0.356060,0.484372,0.382759,0.348369,1.405890,0.000000,0.052421,0.091616,0.090220,0.153275,0.124240,-0.131954,-0.109087,0.109800,0.462540,0.718789,0.707315,0.724987,0.548020,0.577682,0.564479,0.250759,0.256807,0.233746,0.125710,0.165279,0.129910,0.110443,0.794059,0.612699,0.579668,0.547385,0.650554,0.534950,0.792121,0.879369,-0.027707,0.178693,0.692592,0.932338,0.634770,0.602906,0.497992,0.299303,0.513251,0.411870,0.462097,0.418448,0.320588,0.305743,0.275743,0.038731,0.392670,0.246708,0.403335,0.511667,0.123839,0.150127,0.051170,0.031353,-0.050395,0.115132
-0.095233,-0.158849,0.641447,0.229718,0.244513,-0.068817,0.253701,-0.185191,-0.075240,-0.225959,0.063268,-0.198724,0.009743,-0.246080,-0.071693,-0.165889,-0.235778,-0.278073,0.294239,-0.040289,0.006076,0.087787,0.848485,0.498184,0.769954,0.520491,0.441854,0.268608,-0.393386,-0.368846,0.343630,0.251921,0.159097,0.052421,0.000000,0.687621,0.243013,0.103135,0.580855,0.222301,-0.045402,-0.110775,0.395455,0.158475,0.069004,-0.064510,0.351045,0.500690,-0.218391,-0.163400,0.117301,-0.219244,-0.012137,-0.013552,0.295221,0.308471,-0.029526,-0.009684,-0.170157,-0.223476,-0.145991,-0.360786,-0.247273,-0.390367,0.638634,0.323430,0.548702,0.339141,0.295698,0.232158,0.198707,0.247559,0.097146,0.046958,-0.083973,-0.047926,0.307358,0.240371,-0.028221,-0.145783,-0.342408,-0.253296,-0.261970,-0.433443,0.263722,0.015377,0.658846,0.161738,0.487497,0.137416
-0.066416,-0.146962,0.255888,0.282996,0.170528,0.004402,0.188478,0.039350,-0.089068,-0.032007,-0.078588,-0.094010,-0.096413,-0.069469,-0.216664,-0.234612,-0.268581,-0.272005,0.158968,0.027947,-0.076914,0.148826,0.254087,0.319654,0.218976,0.291004,0.149699,0.087212,-0.389884,-0.322182,-0.104972,-0.035078,0.022947,0.091616,0.687621,0.000000,0.261983,0.056648,0.545920,0.377699,0.219454,0.051045,0.344984,0.197905,0.089137,0.082580,0.214989,0.283847,-0.094956,-0.132833,0.084618,-0.108512,0.013013,-0.063115,0.342302,0.124733,-0.116401,-0.011881,-0.106333,-0.207647,-0.149542,-0.206723,-0.230380,-0.224811,0.222267,0.411342,0.309870,0.394695,0.062940,-0.006343,-0.044741,-0.047651,0.017402,-0.078421,-0.139664,-0.063396,0.135011,0.062403,-0.266675,-0.371279,-0.273600,-0.246148,-0.267043,-0.227382,0.282408,0.125962,0.496696,0.225343,0.267248,0.127460
0.017786,0.084781,0.278536,0.252546,0.116066,0.154586,0.014549,0.033089,-0.042837,0.055685,0.060953,0.145349,0.040683,0.098336,-0.031763,-0.041382,0.274346,0.180500,0.234975,0.171560,-0.002055,0.133339,0.293358,0.424230,0.325961,0.253682,0.228475,0.165178,0.170171,0.090258,0.004672,-0.014518,0.077675,0.090220,0.243013,0.261983,0.000000,0.682198,0.473750,0.594729,0.455098,0.107437,0.432592,0.396470,0.283945,0.269668,0.374431,0.265636,0.203238,0.245350,0.362930,0.206862,0.227830,0.265009,0.389797,0.205948,0.107053,0.120791,-0.014836,0.016475,-0.121981,-0.057757,-0.094444,-0.120310,0.077597,0.289775,0.102366,0.155188,0.249269,0.218148,0.081614,0.065862,0.212326,0.089681,-0.065620,0.058668,0.187328,0.254544,0.056854,0.263847,0.186648,0.223292,0.104744,0.173405,0.431987,0.336312,0.565461,0.638123,0.228457,0.075983
0.137116,0.278277,0.126199,0.332938,0.141476,0.419463,-0.055975,0.253185,0.038648,0.226882,0.112940,0.293717,0.034187,0.220149,0.078948,0.062771,0.278147,0.137733,0.064098,0.126230,0.345352,0.214955,0.204334,0.323444,0.275275,0.245971,0.314873,0.359265,0.190718,0.170831,0.177678,0.156116,0.143769,0.153275,0.103135,0.056648,0.682198,0.000000,0.274830,0.334425,0.183741,0.181860,0.163921,0.365412,0.274328,0.310429,0.196602,0.170909,0.349108,0.435337,0.357477,0.454607,0.314526,0.286797,0.216270,0.136626,0.200847,0.114957,0.261790,0.290535,0.107384,0.266073,0.086262,0.058551,-0.028447,0.292159,0.111380,0.264031,0.147810,0.353232,0.194202,0.132239,0.298140,0.189450,0.089625,0.076465,-0.016654,0.112290,0.147497,0.158423,0.178609,0.233960,0.149729,0.330127,0.201753,0.255764,0.201438,0.360797,0.093487,0.105614
0.036715,0.045331,0.430874,0.365286,0.249711,0.110932,0.099909,-0.080757,-0.091256,-0.087330,0.057202,-0.120283,-0.038376,-0.081125,-0.060269,-0.155963,-0.102991,0.001600,0.177292,0.062867,0.054235,0.075797,0.561844,0.511019,0.500047,0.478925,0.338266,0.357564,-0.292870,-0.270587,0.160282,0.047128,0.156632,0.124240,0.580855,0.545920,0.473750,0.274830,0.000000,0.580573,0.234564,0.032206,0.311127,0.243458,0.079127,0.007915,0.356861,0.394139,-0.001046,0.099008,0.206334,0.063132,0.064384,0.200004,0.467899,0.364855,0.107657,0.149984,0.049446,0.041184,-0.116382,-0.153231,-0.117135,-0.149673,0.125140,0.197432,0.291443,0.279576,0.276074,0.085131,0.146970,0.153373,0.213728,0.016852,-0.098911,-0.038597,0.252266,0.265257,-0.092716,-0.198526,-0.210212,-0.222041,-0.029720,-0.084568,0.053203,0.002591,0.629661,0.455835,0.503533,0.252385
-0.287800,-0.193015,0.181309,0.143298,0.076579,0.040295,-0.217110,-0.079510,-0.150517,-0.029061,-0.182291,-0.024979,-0.206663,-0.025388,-0.131749,-0.000635,0.039776,0.007533,-0.027071,-0.043460,-0.068562,0.098373,0.177524,0.411559,0.307400,0.346882,0.237754,0.182802,-0.078055,-0.089601,-0.143252,-0.022754,-0.109737,-0.131954,0.222301,0.377699,0.594729,0.334425,0.580573,0.000000,0.631409,0.370873,0.112273,0.212949,0.144177,0.153895,0.198695,0.002517,-0.012244,0.030413,0.241379,0.096219,-0.046471,0.135409,0.400760,0.176886,-0.281600,-0.127196,-0.231458,-0.146191,-0.406839,-0.215555,-0.309698,-0.309694,0.171416,0.324665,-0.100322,-0.055464,0.011042,-0.065582,-0.049918,0.002198,-0.090099,-0.116021,-0.208900,-0.133410,-0.065839,0.106760,-0.166407,0.070958,0.033055,0.048994,0.114770,0.202091,0.244410,0.346908,0.374881,0.639720,0.460959,0.301560
-0.200621,-0.180515,0.013512,-0.024232,-0.069332,-0.105278,-0.199196,-0.055959,-0.111872,-0.103065,-0.296584,-0.049960,-0.271392,0.025682,-0.204947,-0.156705,0.105284,0.037966,-0.010883,0.077185,-0.076186,0.069219,-0.148521,0.106570,-0.024716,-0.018684,-0.047262,-0.048762,0.060773,0.040709,-0.475952,-0.358891,-0.157098,-0.109087,-0.045402,0.219454,0.455098,0.183741,0.234564,0.631409,0.000000,0.561379,0.059997,0.100844,0.070492,0.142935,-0.001584,-0.297881,0.093370,0.130219,0.272246,0.174278,0.151330,0.076663,0.222196,-0.080091,-0.195888,0.001647,-0.096262,-0.123388,-0.296306,-0.128906,-0.221486,-0.197062,-0.141076,0.164246,-0.232325,-0.164268,-0.139669,-0.208682,-0.142551,-0.223205,-0.041500,-0.048914,-0.070555,-0.048103,-0.211779,-0.072624,-0.229615,-0.033443,0.192466,0.192800,0.132659,0.263720,0.362773,0.421496,0.187201,0.595508,0.182981,0.113375
-0.003308,0.054225,-0.111070,0.007201,0.117570,0.137097,-0.116094,0.119131,0.202413,0.104468,-0.118915,0.160807,-0.026060,0.138893,0.112326,0.123833,0.308354,0.260942,0.170876,0.281192,0.073680,0.105257,-0.132859,0.049891,-0.028331,0.088265,0.037284,0.080035,0.282814,0.259256,-0.087976,-0.001693,0.129472,0.109800,-0.110775,0.051045,0.107437,0.181860,0.032206,0.370873,0.561379,0.000000,-0.146930,0.113844,0.174408,0.319247,-0.062002,-0.216973,0.191937,0.133007,0.237524,0.200454,0.150975,0.143894,0.086724,-0.079922,0.015559,0.114580,0.145302,0.163423,0.003695,0.131696,0.120334,0.118642,0.041663,0.274090,-0.003750,0.071159,0.129370,0.088504,0.056938,-0.001296,0.249843,0.313383,0.154447,0.177698,-0.191011,0.035616,0.059428,0.111061,0.476964,0.449450,0.294285,0.434275,0.421569,0.528682,-0.071840,0.364355,0.116672,0.226932
0.336895,0.351158,0.504212,0.535856,0.302286,0.192648,0.619076,0.322521,0.245609,0.257469,0.238007,0.157807,0.299277,0.224003,0.196350,0.081996,0.155743,0.141607,0.750556,0.486768,0.199172,0.220878,0.468640,0.439211,0.258352,0.268013,0.183831,0.195869,0.088184,0.132824,0.276907,0.244439,0.391437,0.462540,0.395455,0.344984,0.432592,0.163921,0.311127,0.112273,0.059997,-0.146930,0.000000,0.920494,0.671017,0.451337,1.187559,0.903886,0.451732,0.295633,0.505160,0.121380,0.378686,0.346677,0.504293,0.367629,0.324114,0.379040,0.301372,0.237734,0.251041,0.127344,0.171953,0.119648,0.337452,0.368388,0.698344,0.584254,0.605470,0.467080,0.445295,0.438019,0.240657,0.262481,0.194223,0.276497,0.511174,0.448353,0.224965,0.067045,0.216420,0.169012,0.211893,0.112562,0.380518,0.154932,0.443130,0.224908,0.362521,0.282349
0.404369,0.430850,0.198826,0.473047,0.226618,0.313484,0.406025,0.498017,0.193540,0.354067,0.336217,0.544209,0.423603,0.529718,0.215630,0.303760,0.323573,0.292025,0.599595,0.553860,0.301007,0.340865,0.203005,0.327690,0.054679,0.157008,0.133863,0.206726,0.282289,0.310062,0.313316,0.335859,0.672978,0.718789,0.158475,0.197905,0.396470,0.365412,0.243458,0.212949,0.100844,0.113844,0.920494,0.000000,1.024701,0.846313,1.050205,0.743790,0.707584,0.471795,0.585894,0.390600,0.319660,0.400197,0.321840,0.250431,0.406027,0.320290,0.462194,0.435045,0.378280,0.363912,0.397736,0.399684,0.184403,0.431249,0.585029,0.705481,0.576036,0.493580,0.531793,0.421313,0.318934,0.308416,0.251687,0.295857,0.279417,0.323273,0.233171,0.058604,0.390212,0.262862,0.362934,0.425548,0.350294,0.294022,0.146007,0.180623,0.257051,0.304037
0.214841,0.356830,0.102613,0.322580,0.238326,0.356355,0.272594,0.513189,0.322604,0.465476,0.088468,0.397350,0.195493,0.354457,0.204645,0.169011,0.376013,0.287865,0.505046,0.574270,0.254048,0.308658,0.086064,0.143815,-0.008760,0.053665,0.043999,0.221664,0.425169,0.405082,0.273686,0.348418,0.729483,0.707315,0.069004,0.089137,0.283945,0.274328,0.079127,0.144177,0.070492,0.174408,0.671017,1.024701,0.000000,1.287298,0.694985,0.541859,0.758533,0.367046,0.477113,0.282517,0.153509,0.301649,0.112277,0.019752,0.308799,0.333577,0.347651,0.370684,0.223205,0.259881,0.288755,0.355004,0.197658,0.416808,0.576661,0.616511,0.574984,0.601438,0.403053,0.309831,0.219184,0.251033,0.291349,0.312190,0.086048,0.181109,0.276464,0.141954,0.656408,0.463568,0.484202,0.503207,0.462085,0.401463,0.039864,0.188122,0.094390,0.164639
0.259464,0.463489,-0.039530,0.338292,0.263346,0.395040,0.128034,0.584929,0.337956,0.591393,0.040705,0.540925,0.156191,0.503189,0.196461,0.224378,0.468438,0.314085,0.433425,0.670160,0.244625,0.363917,-0.048459,0.083104,-0.132885,-0.011444,-0.001201,0.160197,0.453048,0.469401,0.113629,0.210691,0.659750,0.724987,-0.064510,0.082580,0.269668,0.310429,0.007915,0.153895,0.142935,0.319247,0.451337,0.846313,1.287298,0.000000,0.545122,0.447756,0.967208,0.562875,0.564067,0.543931,0.251343,0.457210,0.089450,0.032600,0.292911,0.330124,0.410914,0.489907,0.213139,0.397520,0.368894,0.450289,0.074894,0.413735,0.415111,0.585028,0.453317,0.491375,0.336544,0.183139,0.228652,0.248791,0.314596,0.346720,0.006800,0.131282,0.212015,0.111399,0.687579,0.475003,0.544289,0.670098,0.486376,0.448196,0.014739,0.215485,-0.015167,0.160712
0.427996,0.434588,0.392384,0.436797,0.211167,0.145335,0.431016,0.267656,0.145261,0.199605,0.322206,0.261810,0.357022,0.292008,0.157839,0.175081,0.288820,0.316701,0.668863,0.511224,0.254095,0.248441,0.414468,0.382064,0.216646,0.222614,0.117701,0.211942,0.131763,0.192654,0.342480,0.256162,0.559067,0.548020,0.351045,0.214989,0.374431,0.196602,0.356861,0.198695,-0.001584,-0.062002,1.187559,1.050205,0.694985,0.545122,0.000000,0.993164,0.583389,0.463898,0.646586,0.326619,0.335670,0.549721,0.572792,0.447686,0.430356,0.404031,0.379440,0.379058,0.285250,0.228599,0.331139,0.285837,0.248512,0.263839,0.651196,0.569777,0.674374,0.441676,0.478283,0.449113,0.294644,0.320560,0.254034,0.250259,0.505858,0.461372,0.274068,0.143802,0.245395,0.148795,0.247223,0.200631,0.326459,0.119951,0.341606,0.177815,0.308321,0.286708
0.428966,0.435892,0.530219,0.646169,0.323446,0.273469,0.579911,0.315318,0.196209,0.312229,0.407894,0.238014,0.376111,0.240557,0.138256,0.119710,0.121306,0.156636,0.639971,0.403070,0.211902,0.265389,0.635882,0.440570,0.328052,0.307678,0.269472,0.309830,-0.025608,0.050012,0.541031,0.424522,0.644096,0.577682,0.500690,0.283847,0.265636,0.170909,0.394139,0.002517,-0.297881,-0.216973,0.903886,0.743790,0.541859,0.447756,0.993164,0.000000,0.409451,0.306910,0.380181,0.203519,0.244511,0.398081,0.371997,0.522629,0.449632,0.362204,0.387288,0.349451,0.368477,0.151680,0.311342,0.286245,0.380503,0.318978,0.961176,0.837127,0.702428,0.574804,0.496183,0.521960,0.458952,0.382849,0.274796,0.261993,0.616682,0.546100,0.231819,0.045338,0.047725,-0.009982,0.092043,0.027025,0.266421,0.035229,0.474763,0.097984,0.352579,0.267753
