0.000000,0.839598,0.455810,0.461189,0.028027,0.085716,0.583654,0.331857,0.127266,-0.182569,0.465982,0.440077,0.641690,0.166630,0.325864,-0.002418,0.322380,0.386163,0.629306,0.424681,0.265768,0.403758,0.283429,0.333576,-0.228056,-0.035891,-0.054878,-0.186236,-0.029589,0.210470,0.517972,0.497490,0.795738,0.734914,0.008140,-0.156801,-0.392707,-0.153695,-0.232731,-0.204405,-0.730418,0.126830,0.012236,-0.444260,-0.104598,0.222219,0.029909,-0.195748,0.139944,0.319828,0.007227,-0.042457,-0.106648,-0.366127,0.262084,0.299907,0.841071,0.780597,0.667825,0.509071,0.693403,0.701743,0.249031,0.575995,0.454650,0.512634,0.397220,0.097683,0.694747,0.457110,0.186206,0.387604,-0.232573,0.043677,-0.076169,-0.242399,0.194858,0.083844,-0.118581,-0.008865,-0.045205,0.430456,0.182989,-0.030865,-0.302083,-0.271330,0.315193,-0.216635,0.673309,0.385900
0.839598,0.000000,0.521273,0.690515,0.152290,0.091759,0.413327,0.609912,0.219427,-0.009834,0.092161,0.427760,0.210884,0.181612,0.245611,-0.084131,-0.012242,0.112398,0.948701,0.799846,0.105584,0.095241,0.370335,0.457927,-0.015187,0.068647,0.107253,0.005763,-0.229011,-0.119083,0.270150,0.209801,0.639190,0.625524,-0.088423,-0.223325,-0.440190,-0.254232,-0.377103,-0.269240,-0.492074,0.128278,-0.015562,-0.417190,-0.208876,0.111850,-0.025651,-0.230699,-0.044790,0.144455,-0.106019,-0.193243,-0.006861,-0.337513,0.153195,0.173939,0.406060,0.982730,0.529915,0.629374,0.286481,0.697337,0.023953,0.620557,0.127887,0.443132,0.408285,0.142572,0.860452,0.607608,0.011502,0.033779,-0.376547,-0.235967,-0.000191,-0.162104,0.174244,-0.031442,-0.421428,-0.233842,-0.066728,0.046269,0.224988,-0.068213,-0.359690,-0.384866,0.215765,-0.031049,0.681230,0.272099
0.455810,0.521273,0.000000,1.147510,0.219724,0.349623,0.928897,0.859692,0.274403,0.202017,0.208417,0.191871,0.260911,0.397311,0.353498,0.367531,0.046089,0.097616,0.916697,0.862499,0.019607,0.046762,1.118891,1.012715,0.144150,0.312362,0.287423,0.172399,0.045760,0.156386,0.352815,0.509773,0.296669,0.424432,0.095630,-0.027624,-0.272230,-0.221097,-0.111225,-0.170133,-0.296538,-0.121435,-0.091114,-0.229927,-0.213465,-0.152573,-0.127147,-0.105669,-0.209601,-0.053442,-0.208093,-0.082209,0.019709,-0.044218,-0.043886,0.029590,0.039620,0.334945,0.164297,0.218601,0.034473,0.357650,0.021050,0.174173,0.123238,0.329383,0.175058,0.115378,0.393419,0.405108,0.186463,0.364107,-0.075503,0.013093,0.136143,0.102045,0.032684,-0.085984,-0.210565,0.013677,-0.011561,0.066510,0.159238,0.117269,-0.199905,-0.113944,0.038967,-0.051960,0.244156,0.188373
0.461189,0.690515,1.147510,0.000000,0.349802,0.495395,0.527658,1.328188,0.498974,0.369078,0.074474,0.098991,0.172480,0.172766,0.344634,0.325645,0.000411,-0.004888,1.141705,0.957814,0.030322,0.102171,0.967847,1.409310,0.207135,0.449809,0.131619,-0.005013,-0.098720,0.068343,0.313687,0.460773,0.441663,0.593034,0.009641,-0.065849,-0.483395,-0.112624,-0.150420,-0.103558,-0.523793,0.172186,-0.010707,-0.291654,-0.163161,-0.029775,-0.074072,-0.186695,-0.164439,0.057521,-0.166962,-0.032321,0.120233,-0.081662,0.061639,0.245463,0.168880,0.639967,0.399499,0.554234,0.073629,0.569770,0.061776,0.487964,0.067902,0.539094,0.463341,0.298799,0.748524,0.624132,0.260179,0.303978,-0.122315,-0.012173,0.133877,0.064992,0.144452,-0.033651,-0.373972,0.005733,0.009825,0.152156,0.407257,0.136616,-0.329011,-0.037006,0.283207,0.057599,0.553247,0.476102
0.028027,0.152290,0.219724,0.349802,0.000000,1.230357,0.317099,0.514481,1.134115,0.821325,0.303311,0.174348,0.109429,0.094398,0.296213,0.320876,0.031193,0.050309,0.130040,0.081125,0.441144,0.327190,0.338409,0.294357,0.411425,0.776861,0.299993,0.244814,0.062229,0.129161,0.313431,0.188273,0.073582,0.063447,-0.075588,-0.047248,0.128291,0.397335,0.089879,0.153865,-0.112571,0.300032,0.410211,0.193094,0.174462,0.083487,0.326368,0.262064,0.154928,0.063957,0.286334,0.143216,0.512246,0.358986,0.201220,0.279710,-0.054020,0.112698,0.080867,0.153552,-0.151783,-0.035533,-0.062780,0.269290,-0.088745,0.103516,0.141142,-0.038585,0.165763,0.019654,0.527476,0.330530,0.248557,0.296155,0.401165,0.338998,0.271092,0.048873,-0.238455,0.207818,-0.087727,0.086809,0.086052,-0.049214,0.134407,0.191312,0.138000,0.003348,0.193752,0.447826
0.085716,0.091759,0.349623,0.495395,1.230357,0.000000,0.376562,0.630749,1.024309,0.819030,0.362168,0.136014,0.172825,0.132522,0.324384,0.457191,0.095148,0.031129,0.162967,0.109201,0.521958,0.444511,0.449892,0.471750,0.429315,0.869274,0.256466,0.210875,0.103419,0.217071,0.448947,0.422445,0.096310,0.130758,-0.025626,0.069339,0.084342,0.485764,0.054388,0.177366,-0.185888,0.338564,0.428371,0.178284,0.130334,0.012836,0.395791,0.274926,0.108385,0.032949,0.332108,0.194456,0.635492,0.458866,0.254902,0.359927,-0.071410,0.063649,0.018777,0.077099,-0.204774,-0.073203,-0.037317,0.161908,-0.079841,0.055664,0.074566,-0.060001,0.126045,-0.015981,0.678652,0.580898,0.327191,0.414727,0.319552,0.314067,0.297173,0.155251,-0.200690,0.193694,-0.108486,0.179510,0.109440,-0.078478,0.124805,0.242773,0.182519,-0.101768,0.191536,0.559974
0.583654,0.413327,0.928897,0.527658,0.317099,0.376562,0.000000,0.658654,0.348035,0.244588,0.577132,0.537592,0.527270,0.589094,0.314824,0.410346,0.193112,0.274543,0.362782,0.388751,0.207804,0.252181,0.526386,0.436562,0.031565,0.293900,0.182062,0.133334,0.242492,0.316782,0.465768,0.580909,0.198719,0.285338,-0.109435,-0.099403,-0.023180,-0.070641,-0.111877,-0.116427,-0.280060,-0.032033,-0.031103,-0.120390,-0.219222,-0.244670,0.157411,0.127575,-0.088088,-0.117115,-0.000795,-0.001917,0.209167,0.124812,0.131149,0.143970,-0.045544,0.050681,-0.013691,-0.071662,-0.014002,0.068232,-0.128530,0.112349,0.014541,0.048900,-0.049446,-0.166653,0.061744,0.085219,0.317319,0.447286,0.172747,0.284866,0.199675,0.181887,0.070022,0.026875,-0.021895,0.046995,-0.127614,0.139382,-0.045696,-0.097340,-0.118582,-0.128050,0.026840,-0.111411,0.143328,0.165151
0.331857,0.609912,0.859692,1.328188,0.514481,0.630749,0.658654,0.000000,0.712284,0.593156,0.165001,0.249862,0.198584,0.240491,0.357831,0.444608,0.035436,0.007348,0.680597,0.579726,0.134222,0.210889,0.761924,1.068489,0.401888,0.662554,0.154127,0.015260,-0.008032,0.101352,0.386794,0.485794,0.310266,0.457787,-0.057690,-0.063070,-0.254028,0.061913,-0.114921,-0.005242,-0.464190,0.349172,0.142038,-0.106157,-0.080213,-0.060721,0.148738,0.034653,-0.057644,0.013413,0.066274,0.080705,0.391373,0.119425,0.201058,0.358159,-0.016235,0.427638,0.276875,0.415346,-0.071070,0.331203,-0.036176,0.455279,-0.002702,0.390351,0.358534,0.164146,0.472857,0.350686,0.439935,0.350575,0.071420,0.171033,0.262672,0.231899,0.269401,0.045661,-0.338421,0.034850,-0.006878,0.137337,0.379994,0.019852,-0.188472,0.021323,0.301371,0.125826,0.535171,0.553698
0.127266,0.219427,0.274403,0.498974,1.134115,1.024309,0.348035,0.712284,0.000000,0.930338,0.360413,0.211058,0.275195,0.149273,0.444740,0.514848,0.090029,0.090389,0.212546,0.124031,0.451892,0.319052,0.453301,0.540253,0.547257,0.891227,0.230717,-0.000012,0.067905,0.232370,0.392897,0.352268,0.132083,0.132464,-0.109275,-0.187683,-0.009027,0.439030,0.013952,0.181798,-0.238918,0.483829,0.376975,0.075945,0.101182,0.009187,0.261725,0.125157,0.104588,0.046373,0.297407,0.161818,0.605068,0.351276,0.222549,0.409351,-0.014537,0.227966,0.181332,0.253036,-0.132796,0.047605,-0.094444,0.345696,-0.050599,0.196383,0.242447,-0.012067,0.262362,0.090871,0.549758,0.273706,0.244561,0.277964,0.254207,0.293227,0.191439,-0.025935,-0.254378,0.234343,-0.041065,0.246536,0.266426,0.024861,0.029852,0.251880,0.262354,0.060188,0.368759,0.629177
-0.182569,-0.009834,0.202017,0.369078,0.821325,0.819030,0.244588,0.593156,0.930338,0.000000,0.106569,0.055515,-0.063916,0.130715,0.078078,0.550324,-0.171595,-0.068703,0.087583,0.136769,0.041706,-0.012200,0.317531,0.423914,0.700387,0.746460,0.190039,0.149462,-0.001399,0.042877,0.065474,0.120193,-0.172549,-0.131055,-0.172760,-0.036263,0.129003,0.343474,0.095155,0.262437,0.001542,0.242035,0.157146,0.253761,0.069516,-0.173983,0.129532,0.227794,-0.049185,-0.125551,0.120630,0.192246,0.488285,0.469211,-0.035747,0.257002,-0.366999,-0.104332,-0.040413,0.043390,-0.365408,-0.143571,-0.241831,0.021756,-0.240122,0.022108,0.074569,0.028514,0.012395,0.046572,0.377768,0.085457,0.263077,0.251348,0.418805,0.460424,0.063401,0.077337,-0.191510,0.215221,-0.119440,-0.056640,0.083446,-0.037973,0.070725,0.261955,0.013712,0.148867,0.020394,0.310192
0.465982,0.092161,0.208417,0.074474,0.303311,0.362168,0.577132,0.165001,0.360413,0.106569,0.000000,0.732406,1.144597,0.634337,0.522379,0.511651,0.803230,0.806366,-0.034930,-0.076907,0.639997,0.558614,0.279005,0.138411,0.120919,0.393421,0.320169,0.155977,0.661678,0.868871,0.698676,0.624367,0.088080,-0.041382,-0.001924,-0.243768,0.291773,0.182153,0.088455,0.090482,-0.284342,0.086513,0.240986,0.199917,0.021010,0.052952,0.270962,0.280926,0.162464,0.106734,0.381687,0.167133,0.291225,0.349017,0.204795,0.152991,0.120697,-0.051124,-0.049778,-0.135704,0.120299,-0.128656,0.083618,0.178262,0.254001,-0.053761,-0.062532,-0.163655,-0.074600,-0.085822,0.515588,0.492312,0.469791,0.574288,0.183178,0.258794,-0.103078,-0.184621,0.349529,0.533187,0.073257,0.641660,-0.034296,0.087687,0.250144,0.185933,0.016305,-0.304305,0.017185,0.201045
0.440077,0.427760,0.191871,0.098991,0.174348,0.136014,0.537592,0.249862,0.211058,0.055515,0.732406,0.000000,0.768465,0.897802,0.307306,0.301934,0.237408,1.019384,0.030334,0.018728,0.263234,0.309751,0.161765,0.097229,0.085487,0.228006,0.230082,0.152232,0.241070,0.422879,0.498008,0.464761,0.131725,0.106731,-0.054804,-0.161107,0.162080,-0.026158,-0.013898,-0.072876,-0.140403,0.026413,0.039130,0.008865,-0.073546,-0.028528,0.253720,0.182171,0.123741,0.029810,0.214882,-0.032860,0.194445,0.079443,0.202277,0.124545,0.048102,0.074625,0.017307,-0.066255,0.148682,0.003598,-0.002335,0.250964,0.114269,-0.014057,-0.026245,-0.114589,-0.040124,0.029447,0.271343,0.253890,0.176109,0.315702,0.098027,0.233227,0.103987,-0.049670,0.124071,0.227090,0.013617,0.242301,-0.054239,0.014734,0.007790,-0.094130,0.088671,-0.014349,0.160525,0.028132
0.641690,0.210884,0.260911,0.172480,0.109429,0.172825,0.527270,0.198584,0.275195,-0.063916,1.144597,0.768465,0.000000,0.644469,0.868406,0.494466,0.837994,0.913542,0.098449,-0.031207,0.568810,0.507936,0.283581,0.183473,-0.025798,0.242351,0.256845,0.011611,0.684372,1.069715,0.727376,0.784734,0.206196,0.161400,-0.022320,-0.305348,0.016133,0.028416,-0.042403,0.002295,-0.360399,0.158877,0.109761,-0.066540,-0.072081,0.057080,0.197185,0.016447,0.150045,0.155829,0.261048,0.052616,0.141128,0.088673,0.206454,0.218792,0.319668,0.166505,0.146935,0.036885,0.370350,0.121258,0.293513,0.273010,0.308022,0.094832,0.079970,-0.103799,0.109041,0.048942,0.307069,0.445371,0.290358,0.375029,-0.000162,0.056187,-0.122293,-0.268553,0.364739,0.366854,0.292834,0.805885,0.295112,0.348442,0.083969,0.033848,0.262706,-0.067403,0.228584,0.271809
0.166630,0.181612,0.397311,0.172766,0.094398,0.132522,0.589094,0.240491,0.149273,0.130715,0.634337,0.897802,0.644469,0.000000,0.307904,0.569726,0.203700,0.750585,0.063626,0.182956,0.099652,0.055801,0.387139,0.237800,0.147161,0.251392,0.286210,0.324323,0.344479,0.494331,0.340159,0.489908,-0.063490,-0.036227,0.019820,-0.147963,0.145459,-0.120857,0.015762,-0.071669,0.115300,-0.226081,-0.141624,0.111060,-0.195485,-0.198966,-0.002362,0.155487,-0.127402,-0.089406,0.036773,0.024998,0.160152,0.194903,-0.116558,-0.119496,-0.202361,-0.142776,-0.176792,-0.216435,-0.022817,-0.085326,-0.020375,0.000469,0.005532,-0.069997,-0.102943,0.017652,-0.175515,0.088687,0.150848,0.182577,0.206796,0.289722,0.126568,0.407014,-0.216041,-0.223026,0.191216,0.308169,0.053605,0.141325,-0.090334,0.217505,0.006789,0.050428,-0.159495,-0.021393,-0.175295,-0.200896
0.325864,0.245611,0.353498,0.344634,0.296213,0.324384,0.314824,0.357831,0.444740,0.078078,0.522379,0.307306,0.868406,0.307904,0.000000,0.537663,0.709507,0.308686,0.260289,0.057879,0.600596,0.293166,0.408755,0.309121,0.164956,0.438079,0.563149,0.150166,0.764903,0.675229,0.572018,0.624324,0.134490,0.090776,-0.015994,-0.301156,0.064329,0.040434,0.072575,0.223553,-0.199071,0.354172,0.218778,-0.050793,-0.050334,0.052152,0.158540,-0.032867,0.080611,0.143783,0.198597,-0.032226,0.123212,0.089170,0.252572,0.339781,0.234035,0.278658,0.194757,0.229723,0.218406,0.162441,0.313716,0.230483,0.164907,0.135267,0.194042,-0.029743,0.280201,0.117284,0.250772,0.254854,0.319473,0.245481,0.063308,-0.002886,-0.045080,-0.265215,0.284537,0.202102,0.620538,0.538481,0.824220,0.563043,0.299463,0.073947,0.524830,0.274449,0.348909,0.468726
-0.002418,-0.084131,0.367531,0.325645,0.320876,0.457191,0.410346,0.444608,0.514848,0.550324,0.511651,0.301934,0.494466,0.569726,0.537663,0.000000,0.276605,0.347416,0.043288,0.038098,0.293423,0.212729,0.473808,0.453713,0.544167,0.789797,0.357148,0.168374,0.567061,0.722972,0.381810,0.588978,-0.237608,-0.197290,0.077796,-0.171137,0.293597,0.295437,0.293883,0.353395,0.009830,0.187660,0.165766,0.356047,-0.095929,-0.227769,0.186386,0.344631,-0.100984,-0.116229,0.161484,0.169295,0.360804,0.469567,0.131284,0.243133,-0.254589,-0.166716,-0.177589,-0.126641,-0.293049,-0.225516,-0.166180,-0.096670,-0.033202,-0.047598,-0.010626,0.008000,-0.103339,-0.001534,0.448222,0.344297,0.570972,0.662114,0.350607,0.566691,-0.116896,-0.089215,0.297266,0.541381,0.109407,0.375821,0.210725,0.317612,0.189589,0.437619,0.083831,0.215192,-0.061698,0.283137
0.322380,-0.012242,0.046089,0.000411,0.031193,0.095148,0.193112,0.035436,0.090029,-0.171595,0.803230,0.237408,0.837994,0.203700,0.709507,0.276605,0.000000,0.444576,-0.079593,-0.174457,0.587246,0.469661,0.146790,0.027364,0.065236,0.247214,0.258621,0.033156,0.995654,0.858730,0.555725,0.425719,0.167787,0.045610,0.085855,-0.148213,0.208920,0.201073,0.135594,0.219096,-0.278998,0.257483,0.366225,0.196900,0.156362,0.275981,0.309178,0.222838,0.292234,0.295594,0.389978,0.209166,0.133696,0.219056,0.217150,0.253734,0.373511,0.078622,0.100084,0.031036,0.313594,0.005668,0.470720,0.264489,0.306646,0.024801,0.091652,-0.026039,0.046977,-0.063960,0.342445,0.358345,0.519589,0.460275,0.012228,0.025636,-0.068304,-0.185756,0.669988,0.427660,0.622437,0.860395,0.405387,0.323629,0.451049,0.221995,0.268594,-0.131950,0.094348,0.319253
0.386163,0.112398,0.097616,-0.004888,0.050309,0.031129,0.274543,0.007348,0.090389,-0.068703,0.806366,1.019384,0.913542,0.750585,0.308686,0.347416,0.444576,0.000000,-0.026581,-0.070536,0.198716,0.278888,0.177193,0.071210,0.041542,0.126559,0.165885,0.085879,0.355908,0.789905,0.407997,0.414048,0.185277,0.105193,0.165082,-0.134585,0.145488,-0.002711,0.094426,-0.067381,-0.117602,-0.093346,0.081859,0.127285,0.068525,0.139539,0.111451,0.158174,0.226528,0.205401,0.203022,0.121914,0.094317,0.095888,0.031665,0.042033,0.291005,0.096528,0.094772,-0.018559,0.390929,0.063399,0.293702,0.319795,0.324922,0.105018,0.115388,0.068822,-0.010228,0.094209,0.183069,0.283924,0.160485,0.330109,0.041075,0.190437,-0.071744,-0.151911,0.337153,0.543770,0.231242,0.636012,0.031573,0.345923,0.114111,0.186265,-0.011523,-0.146971,0.007689,0.011846
0.629306,0.948701,0.916697,1.141705,0.130040,0.162967,0.362782,0.680597,0.212546,0.087583,-0.034930,0.030334,0.098449,0.063626,0.260289,0.043288,-0.079593,-0.026581,0.000000,1.454374,-0.065041,-0.070393,0.698897,0.810512,-0.004895,0.089271,0.048906,-0.018683,-0.220988,-0.066764,0.163298,0.216155,0.603040,0.647742,0.040510,-0.135349,-0.574923,-0.382576,-0.277558,-0.240197,-0.468804,-0.000110,-0.129089,-0.456966,-0.150366,0.119459,-0.315415,-0.386895,-0.146884,0.183226,-0.322450,-0.159331,-0.198740,-0.371439,-0.136090,0.021679,0.381335,0.965654,0.649792,0.799062,0.349657,0.960986,0.175498,0.529011,0.223061,0.715334,0.606338,0.419157,1.142646,0.977834,-0.051865,0.046749,-0.398268,-0.318528,0.028435,-0.102390,0.026397,-0.137847,-0.453437,-0.095495,0.015983,0.069902,0.353186,0.181067,-0.417852,-0.232317,0.177385,-0.025030,0.530515,0.256051
0.424681,0.799846,0.862499,0.957814,0.081125,0.109201,0.388751,0.579726,0.124031,0.136769,-0.076907,0.018728,-0.031207,0.182956,0.057879,0.038098,-0.174457,-0.070536,1.454374,0.000000,-0.192447,-0.253636,0.606245,0.661526,-0.028557,0.034148,0.057495,0.130443,-0.225598,-0.103203,-0.014656,0.072962,0.426839,0.493161,-0.005393,-0.142813,-0.485641,-0.492650,-0.281697,-0.308435,-0.263332,-0.262777,-0.283026,-0.325365,-0.249769,-0.001306,-0.463013,-0.309651,-0.305304,0.053850,-0.477773,-0.180352,-0.243057,-0.292487,-0.357823,-0.203097,0.165117,0.609891,0.388700,0.519452,0.180145,0.721131,0.039486,0.363209,0.059353,0.506812,0.417800,0.440820,0.761017,1.002596,-0.183931,-0.097571,-0.372606,-0.375095,0.105038,0.038435,-0.172532,-0.209907,-0.358715,-0.098411,-0.064710,-0.100773,0.120846,0.135450,-0.468048,-0.241750,-0.090071,-0.085716,0.193881,-0.023373
0.265768,0.105584,0.019607,0.030322,0.441144,0.521958,0.207804,0.134222,0.451892,0.041706,0.639997,0.263234,0.568810,0.099652,0.600596,0.293423,0.587246,0.198716,-0.065041,-0.192447,0.000000,0.869806,0.125558,0.010987,0.161556,0.484271,0.289601,0.048494,0.489496,0.499053,0.772120,0.507340,0.121231,-0.006283,-0.106112,-0.171808,0.245696,0.465218,0.130951,0.292214,-0.242199,0.481041,0.549984,0.188708,0.064552,0.155441,0.542095,0.329118,0.181736,0.079249,0.470359,0.029560,0.390179,0.344255,0.465902,0.311262,0.172266,0.109909,-0.019533,0.001479,-0.031226,-0.158609,0.122719,0.127941,0.062767,-0.149752,-0.095500,-0.327266,0.067177,-0.182195,0.582122,0.558141,0.455524,0.461636,0.050933,0.099783,0.195485,-0.007183,0.122808,0.217698,0.109387,0.523552,0.164528,0.014407,0.296421,0.124188,0.304903,-0.161010,0.226991,0.446307
0.403758,0.095241,0.046762,0.102171,0.327190,0.444511,0.252181,0.210889,0.319052,-0.012200,0.558614,0.309751,0.507936,0.055801,0.293166,0.212729,0.469661,0.278888,-0.070393,-0.253636,0.869806,0.000000,0.096452,0.097669,0.077589,0.359466,0.019319,-0.069568,0.200011,0.364255,0.728864,0.518327,0.233095,0.232772,-0.021581,-0.028690,0.069488,0.594307,0.064547,0.066873,-0.490001,0.518620,0.519349,0.048426,0.144843,0.202397,0.670196,0.272790,0.302094,0.156518,0.488574,0.134412,0.468957,0.194684,0.587579,0.480677,0.320476,0.183574,0.149937,0.071268,0.078461,-0.018529,0.108768,0.218990,0.152454,0.027800,0.042636,-0.243867,0.097432,-0.200488,0.753818,0.910230,0.344002,0.550842,0.047568,0.125430,0.466410,0.209678,0.045688,0.178546,-0.111299,0.537343,0.025883,-0.230867,0.011872,0.055158,0.334799,-0.315166,0.438207,0.618084
0.283429,0.370335,1.118891,0.967847,0.338409,0.449892,0.526386,0.761924,0.453301,0.317531,0.279005,0.161765,0.283581,0.387139,0.408755,0.473808,0.146790,0.177193,0.698897,0.606245,0.125558,0.096452,0.000000,1.388766,0.519398,0.615469,0.338223,0.109174,0.033277,0.227046,0.569287,0.609483,0.381414,0.338006,0.227154,-0.027017,-0.154026,-0.068435,0.036156,0.035646,-0.287028,0.071008,0.088680,-0.022302,0.044569,0.068905,-0.147741,-0.029649,-0.030980,0.127828,-0.029510,0.090819,0.113573,0.142353,-0.088087,0.050097,0.082274,0.382209,0.240082,0.312971,0.062194,0.280080,0.168466,0.336466,0.269926,0.416519,0.245628,0.183115,0.398401,0.393353,0.357168,0.412689,0.001777,0.052335,0.152433,0.176536,0.040501,-0.169848,-0.259711,0.282266,0.128618,0.269584,0.296457,0.300366,-0.015711,0.176040,0.133074,-0.053386,0.275866,0.295601
0.333576,0.457927,1.012715,1.409310,0.294357,0.471750,0.436562,1.068489,0.540253,0.423914,0.138411,0.097229,0.183473,0.237800,0.309121,0.453713,0.027364,0.071210,0.810512,0.661526,0.010987,0.097669,1.388766,0.000000,0.486953,0.598240,0.190498,-0.015844,-0.116385,0.109075,0.391349,0.536042,0.403564,0.465131,0.184979,-0.007380,-0.349028,-0.008394,-0.059673,0.023276,-0.430515,0.212138,0.081774,-0.117719,0.017296,0.053900,-0.085090,-0.104307,-0.037914,0.136449,-0.012133,0.159363,0.203766,0.087417,0.013615,0.257747,0.124681,0.494042,0.360747,0.465405,0.045399,0.403995,0.077325,0.417548,0.201026,0.555890,0.429722,0.314706,0.534804,0.461993,0.365093,0.359944,-0.088593,0.044223,0.111186,0.106778,0.131018,-0.057136,-0.337690,0.166917,0.032021,0.232507,0.390501,0.190501,-0.160104,0.194675,0.232687,0.024970,0.461449,0.492709
-0.228056,-0.015187,0.144150,0.207135,0.411425,0.429315,0.031565,0.401888,0.547257,0.700387,0.120919,0.085487,-0.025798,0.147161,0.164956,0.544167,0.065236,0.041542,-0.004895,-0.028557,0.161556,0.077589,0.519398,0.486953,0.000000,1.039009,0.379461,0.074598,0.082083,0.115459,0.396344,0.300187,-0.078012,-0.175131,0.269591,0.119723,0.319090,0.427639,0.306770,0.491346,0.027509,0.376077,0.371043,0.470681,0.290506,0.072825,0.154635,0.349068,0.108604,0.012592,0.326814,0.269822,0.417281,0.508023,0.035248,0.189686,-0.206984,-0.006409,-0.013793,0.105221,-0.271816,-0.219346,-0.016669,0.082714,0.133267,0.099868,0.082778,0.099842,-0.035745,-0.017790,0.622925,0.201091,0.391989,0.372421,0.288633,0.452629,0.200401,0.111681,-0.108349,0.475266,0.142008,0.155188,0.191782,0.113689,0.412172,0.585894,0.088849,0.153172,0.104611,0.315530
-0.035891,0.068647,0.312362,0.449809,0.776861,0.869274,0.293900,0.662554,0.891227,0.746460,0.393421,0.228006,0.242351,0.251392,0.438079,0.789797,0.247214,0.126559,0.089271,0.034148,0.484271,0.359466,0.615469,0.598240,1.039009,0.000000,0.397972,0.096513,0.295286,0.368661,0.615053,0.534844,-0.030042,-0.090710,0.111953,0.022393,0.277171,0.499060,0.283025,0.490706,-0.137981,0.537201,0.387942,0.354312,0.130581,0.000877,0.302218,0.367523,0.063643,0.007386,0.361470,0.252441,0.522586,0.540737,0.224877,0.330163,-0.163208,0.053746,0.013522,0.144266,-0.282845,-0.150599,-0.039271,0.193414,0.038286,0.118977,0.134776,0.069655,0.082064,0.048099,0.899131,0.464350,0.606858,0.597820,0.394611,0.535505,0.261174,0.061575,-0.037388,0.543972,0.111491,0.308920,0.288228,0.159402,0.307291,0.555104,0.262512,0.156844,0.233042,0.576180
-0.054878,0.107253,0.287423,0.131619,0.299993,0.256466,0.182062,0.154127,0.230717,0.190039,0.320169,0.230082,0.256845,0.286210,0.563149,0.357148,0.258621,0.165885,0.048906,0.057495,0.289601,0.019319,0.338223,0.190498,0.379461,0.397972,0.000000,0.787742,0.432070,0.222447,0.206835,0.179077,-0.270397,-0.289194,0.071456,-0.156607,0.229478,0.009640,0.132363,0.115261,0.156639,-0.087027,0.026146,0.121425,-0.136049,-0.117166,0.024507,0.124010,-0.115853,-0.136253,0.038338,-0.138275,0.106781,0.168100,-0.017607,-0.035652,-0.158690,-0.068604,-0.188231,-0.108099,-0.190736,-0.148368,-0.075392,-0.136314,0.014153,-0.128552,-0.102071,-0.099831,-0.064482,-0.063597,0.201963,0.082853,0.220842,0.113338,0.186643,0.155987,-0.191451,-0.229844,0.144266,0.088993,0.161203,0.040287,0.119172,0.180507,0.360950,0.044305,-0.123194,0.029422,-0.063019,0.035732
-0.186236,0.005763,0.172399,-0.005013,0.244814,0.210875,0.133334,0.015260,-0.000012,0.149462,0.155977,0.152232,0.011611,0.324323,0.150166,0.168374,0.033156,0.085879,-0.018683,0.130443,0.048494,-0.069568,0.109174,-0.015844,0.074598,0.096513,0.787742,0.000000,0.213779,0.034982,-0.105729,-0.058689,-0.330407,-0.219777,0.019304,-0.043983,0.242057,-0.092224,0.049633,-0.084270,0.350708,-0.449255,-0.076935,0.210463,-0.141739,-0.143143,-0.012728,0.173866,-0.162261,-0.154883,-0.065655,-0.063340,0.097737,0.165827,-0.126510,-0.191028,-0.283899,-0.232811,-0.278225,-0.254437,-0.233808,-0.175576,-0.126310,-0.233408,-0.202742,-0.214696,-0.164931,-0.009187,-0.196580,-0.063631,-0.044520,-0.024702,0.062004,0.003040,0.294260,0.218038,-0.273877,-0.175381,0.203393,-0.026998,0.019771,-0.213515,-0.140471,0.045424,0.248213,-0.082957,-0.330274,-0.064350,-0.333837,-0.219587
-0.029589,-0.229011,0.045760,-0.098720,0.062229,0.103419,0.242492,-0.008032,0.067905,-0.001399,0.661678,0.241070,0.684372,0.344479,0.764903,0.567061,0.995654,0.355908,-0.220988,-0.225598,0.489496,0.200011,0.033277,-0.116385,0.082083,0.295286,0.432070,0.213779,0.000000,1.022464,0.308495,0.342814,-0.265996,-0.361905,-0.079064,-0.204371,0.532498,0.133026,0.228342,0.344067,0.059244,0.103051,0.185018,0.396567,-0.049465,-0.087721,0.252941,0.322953,0.030403,-0.041070,0.253262,0.065608,0.086683,0.395827,0.101467,0.094068,-0.089249,-0.316656,-0.310853,-0.300964,-0.061080,-0.318853,0.126758,-0.121138,-0.020566,-0.325280,-0.199102,-0.167049,-0.277509,-0.207992,0.215552,0.170407,0.835482,0.587977,0.148277,0.238314,-0.271565,-0.284358,0.959724,0.463164,0.593398,0.528175,0.298755,0.430186,0.566319,0.260414,0.098377,0.142317,-0.266218,0.049200
0.210470,-0.119083,0.156386,0.068343,0.129161,0.217071,0.316782,0.101352,0.232370,0.042877,0.868871,0.422879,1.069715,0.494331,0.675229,0.722972,0.858730,0.789905,-0.066764,-0.103203,0.499053,0.364255,0.227046,0.109075,0.115459,0.368661,0.222447,0.034982,1.022464,0.000000,0.525222,0.608307,0.050532,-0.005390,0.076943,-0.202531,0.252815,0.155858,0.081479,0.145342,-0.178108,0.079491,0.246803,0.321944,0.040508,0.061940,0.204829,0.268674,0.150814,0.143250,0.270013,0.221863,0.156924,0.349048,0.054378,0.133317,0.158843,-0.063125,-0.075555,-0.117235,0.138009,-0.102431,0.281948,0.119347,0.165363,-0.045821,-0.006265,-0.023741,-0.074158,-0.037295,0.271008,0.408040,0.537863,0.571845,0.138301,0.259954,-0.257923,-0.291142,0.653310,0.675610,0.465040,1.014540,0.284253,0.542975,0.285834,0.357606,0.094718,-0.045363,-0.127640,0.157673
0.517972,0.270150,0.352815,0.313687,0.313431,0.448947,0.465768,0.386794,0.392897,0.065474,0.698676,0.498008,0.727376,0.340159,0.572018,0.381810,0.555725,0.407997,0.163298,-0.014656,0.772120,0.728864,0.569287,0.391349,0.396344,0.615053,0.206835,-0.105729,0.308495,0.525222,0.000000,1.292228,0.439177,0.310613,0.106699,-0.008922,0.118804,0.273988,0.144354,0.229741,-0.491437,0.443347,0.417443,0.036752,0.134894,0.181065,0.367304,0.226166,0.238874,0.171893,0.356592,0.077021,0.239907,0.159908,0.382047,0.330259,0.334855,0.297243,0.191500,0.154012,0.188842,0.044733,0.305375,0.331571,0.361822,0.155157,0.029315,-0.165370,0.188464,-0.003977,0.825549,0.923424,0.355128,0.551351,0.050364,0.148350,0.364735,0.173656,-0.025072,0.380847,0.167585,0.660075,0.246507,0.060748,0.169554,0.133916,0.476237,-0.118893,0.474816,0.487593
0.497490,0.209801,0.509773,0.460773,0.188273,0.422445,0.580909,0.485794,0.352268,0.120193,0.624367,0.464761,0.784734,0.489908,0.624324,0.588978,0.425719,0.414048,0.216155,0.072962,0.507340,0.518327,0.609483,0.536042,0.300187,0.534844,0.179077,-0.058689,0.342814,0.608307,1.292228,0.000000,0.356634,0.361433,0.132286,0.050487,0.062431,0.182762,0.097620,0.185147,-0.387328,0.303792,0.244097,-0.001820,-0.013982,-0.028652,0.289547,0.199836,0.089585,0.058909,0.215600,0.091334,0.219815,0.162692,0.359096,0.398205,0.244628,0.207252,0.143015,0.090130,0.146565,0.051165,0.214104,0.196536,0.239270,0.150702,0.057293,-0.062330,0.152498,0.054128,0.573975,0.806231,0.281253,0.530562,0.013991,0.176293,0.210599,0.163820,0.094493,0.325236,0.192885,0.616858,0.302314,0.163937,0.089583,0.145218,0.472987,0.054471,0.386456,0.447381
0.795738,0.639190,0.296669,0.441663,0.073582,0.096310,0.198719,0.310266,0.132083,-0.172549,0.088080,0.131725,0.206196,-0.063490,0.134490,-0.237608,0.167787,0.185277,0.603040,0.426839,0.121231,0.233095,0.381414,0.403564,-0.078012,-0.030042,-0.270397,-0.330407,-0.265996,0.050532,0.439177,0.356634,0.000000,1.243233,0.149860,0.064238,-0.398572,-0.127912,-0.217422,-0.179412,-0.662496,0.181888,0.243953,-0.234024,0.282881,0.568482,-0.037302,-0.136661,0.378396,0.591190,0.055822,0.135292,-0.105199,-0.268285,0.087425,0.231629,1.020489,1.002515,0.901807,0.743469,0.821048,0.798547,0.603271,0.968794,0.458952,0.702468,0.583546,0.325574,0.810168,0.503708,0.050367,0.256623,-0.402815,-0.186889,-0.214998,-0.265346,0.299171,0.106303,-0.292972,0.016456,0.220128,0.459161,0.328519,0.105202,-0.200922,-0.053132,0.381696,-0.219474,0.586951,0.355128
0.734914,0.625524,0.424432,0.593034,0.063447,0.130758,0.285338,0.457787,0.132464,-0.131055,-0.041382,0.106731,0.161400,-0.036227,0.090776,-0.197290,0.045610,0.105193,0.647742,0.493161,-0.006283,0.232772,0.338006,0.465131,-0.175131,-0.090710,-0.289194,-0.219777,-0.361905,-0.005390,0.310613,0.361433,1.243233,0.000000,0.203465,0.100706,-0.642402,-0.109529,-0.323292,-0.423096,-0.552584,0.061560,0.119096,-0.436116,0.144213,0.371409,0.015054,-0.220160,0.253118,0.443892,-0.056450,0.101898,-0.029157,-0.387041,0.117250,0.280358,0.789058,0.867774,0.752716,0.595835,0.641869,0.804993,0.459496,0.706040,0.320864,0.678857,0.559315,0.299819,0.732399,0.402596,-0.022755,0.317675,-0.482030,-0.219909,-0.145499,-0.253012,0.319996,0.172013,-0.322001,-0.231284,0.079975,0.299567,0.257266,-0.037289,-0.388463,-0.216271,0.325582,-0.179047,0.610134,0.352043
0.008140,-0.088423,0.095630,0.009641,-0.075588,-0.025626,-0.109435,-0.057690,-0.109275,-0.172760,-0.001924,-0.054804,-0.022320,0.019820,-0.015994,0.077796,0.085855,0.165082,0.040510,-0.005393,-0.106112,-0.021581,0.227154,0.184979,0.269591,0.111953,0.071456,0.019304,-0.079064,0.076943,0.106699,0.132286,0.149860,0.203465,0.000000,0.512082,-0.016539,0.080726,0.109703,-0.047003,0.071627,-0.111327,0.218988,0.149081,0.459041,0.429829,-0.005650,0.111126,0.297261,0.392127,0.234026,0.443643,-0.008496,-0.024076,-0.015198,-0.011510,0.259469,0.100294,0.211894,0.132939,0.248812,0.102014,0.271769,0.094021,0.691028,0.438698,0.339143,0.440146,0.050634,0.023494,0.102888,0.177741,-0.001501,0.024492,0.030394,0.068729,0.125142,0.114919,0.087994,0.211810,0.117683,0.171971,-0.002934,0.069779,0.220574,0.465464,-0.059192,-0.047959,0.021110,0.083502
-0.156801,-0.223325,-0.027624,-0.065849,-0.047248,0.069339,-0.099403,-0.063070,-0.187683,-0.036263,-0.243768,-0.161107,-0.305348,-0.147963,-0.301156,-0.171137,-0.148213,-0.134585,-0.135349,-0.142813,-0.171808,-0.028690,-0.027017,-0.007380,0.119723,0.022393,-0.156607,-0.043983,-0.204371,-0.202531,-0.008922,0.050487,0.064238,0.100706,0.512082,0.000000,0.098981,0.092102,0.130598,0.075041,0.046648,-0.033232,0.145380,0.134120,0.402380,0.197148,0.114803,0.157682,0.212469,0.172558,0.145704,0.350324,-0.005770,0.051990,0.052728,0.050705,0.036881,-0.109895,0.052470,-0.020654,0.061585,-0.091553,0.201708,-0.091914,0.256544,0.164294,0.093496,0.255700,-0.096941,-0.086083,0.103210,0.160888,-0.023150,0.021586,-0.141012,0.026260,0.380374,0.488789,-0.037804,0.114057,0.041909,-0.108843,-0.127365,-0.146374,0.203553,0.290033,0.081340,0.030045,-0.007121,0.055198
-0.392707,-0.440190,-0.272230,-0.483395,0.128291,0.084342,-0.023180,-0.254028,-0.009027,0.129003,0.291773,0.162080,0.016133,0.145459,0.064329,0.293597,0.208920,0.145488,-0.574923,-0.485641,0.245696,0.069488,-0.154026,-0.349028,0.319090,0.277171,0.229478,0.242057,0.532498,0.252815,0.118804,0.062431,-0.398572,-0.642402,-0.016539,0.098981,0.000000,0.427025,0.692488,0.671320,0.433931,0.053769,0.299820,0.844584,0.102590,-0.158433,0.322840,0.788886,0.029151,-0.229857,0.303005,0.067105,0.230531,0.650968,0.190268,0.031221,-0.381036,-0.614823,-0.558895,-0.498984,-0.403204,-0.807665,-0.128499,-0.371086,-0.201348,-0.594161,-0.434749,-0.235455,-0.625110,-0.420103,0.210554,-0.011651,0.722743,0.563912,0.282611,0.513629,0.050032,0.147327,0.470850,0.458107,0.207771,0.037140,-0.153254,0.072306,0.835314,0.388641,-0.063275,0.165157,-0.459582,-0.102800
-0.153695,-0.254232,-0.221097,-0.112624,0.397335,0.485764,-0.070641,0.061913,0.439030,0.343474,0.182153,-0.026158,0.028416,-0.120857,0.040434,0.295437,0.201073,-0.002711,-0.382576,-0.492650,0.465218,0.594307,-0.068435,-0.008394,0.427639,0.499060,0.009640,-0.092224,0.133026,0.155858,0.273988,0.182762,-0.127912,-0.109529,0.080726,0.092102,0.427025,0.000000,0.390126,0.463747,-0.004959,0.565141,0.708201,0.420812,0.230726,0.016732,0.846701,0.618568,0.229388,-0.055449,0.554303,0.230939,0.680259,0.534654,0.564404,0.603683,-0.065059,-0.177393,-0.167161,-0.178454,-0.330152,-0.474604,-0.095471,-0.080337,-0.100229,-0.247142,-0.123265,-0.261142,-0.225148,-0.459460,0.582270,0.389897,0.460183,0.607151,0.074360,0.304481,0.479963,0.473630,0.098393,0.206380,-0.072126,0.279130,-0.043229,-0.275532,0.341849,0.430916,0.172133,-0.106972,0.094805,0.581986
-0.232731,-0.377103,-0.111225,-0.150420,0.089879,0.054388,-0.111877,-0.114921,0.013952,0.095155,0.088455,-0.013898,-0.042403,0.015762,0.072575,0.293883,0.135594,0.094426,-0.277558,-0.281697,0.130951,0.064547,0.036156,-0.059673,0.306770,0.283025,0.132363,0.049633,0.228342,0.081479,0.144354,0.097620,-0.217422,-0.323292,0.109703,0.130598,0.692488,0.390126,0.000000,0.847346,0.312314,0.191686,0.201086,0.438035,0.124128,-0.055934,0.190643,0.512905,0.012636,-0.082145,0.158076,0.037519,0.080423,0.326632,0.294032,0.247586,-0.135679,-0.241690,-0.151176,-0.107639,-0.160270,-0.350222,0.110881,-0.178505,0.009249,-0.141557,-0.064805,0.035960,-0.200053,-0.088229,0.250894,0.049708,0.492245,0.450219,0.234538,0.395702,0.259585,0.263810,0.225168,0.428175,0.238506,0.098314,0.107407,0.251085,0.528683,0.440582,0.252830,0.323612,-0.060933,0.161224
-0.204405,-0.269240,-0.170133,-0.103558,0.153865,0.177366,-0.116427,-0.005242,0.181798,0.262437,0.090482,-0.072876,0.002295,-0.071669,0.223553,0.353395,0.219096,-0.067381,-0.240197,-0.308435,0.292214,0.066873,0.035646,0.023276,0.491346,0.490706,0.115261,-0.084270,0.344067,0.145342,0.229741,0.185147,-0.179412,-0.423096,-0.047003,0.075041,0.671320,0.463747,0.847346,0.000000,0.078272,0.612017,0.341748,0.557146,0.154883,-0.019879,0.300773,0.570345,0.080776,-0.048671,0.344825,0.170579,0.187973,0.548841,0.328263,0.451802,-0.124188,-0.163012,-0.067990,0.038008,-0.201003,-0.329872,0.088728,-0.080659,-0.041507,-0.130838,-0.019488,0.041432,-0.123609,-0.048633,0.385852,0.010970,0.598348,0.507282,0.182893,0.224417,0.222377,0.228073,0.234556,0.514030,0.356570,0.184976,0.398158,0.332163,0.629479,0.647322,0.472120,0.478140,0.067866,0.402117
-0.730418,-0.492074,-0.296538,-0.523793,-0.112571,-0.185888,-0.280060,-0.464190,-0.238918,0.001542,-0.284342,-0.140403,-0.360399,0.115300,-0.199071,0.009830,-0.278998,-0.117602,-0.468804,-0.263332,-0.242199,-0.490001,-0.287028,-0.430515,0.027509,-0.137981,0.156639,0.350708,0.059244,-0.178108,-0.491437,-0.387328,-0.662496,-0.552584,0.071627,0.046648,0.433931,-0.004959,0.312314,0.078272,0.000000,-0.395314,-0.273784,0.237862,-0.191898,-0.426337,-0.178599,0.112377,-0.335225,-0.422717,-0.201864,-0.178653,-0.020774,0.148576,-0.213973,-0.367399,-0.631963,-0.662886,-0.578415,-0.536755,-0.399933,-0.526385,-0.227853,-0.682097,-0.388583,-0.518839,-0.384097,-0.096293,-0.565183,-0.258891,-0.403910,-0.502614,0.139639,-0.054589,0.099439,0.291429,-0.215905,-0.085812,0.198677,-0.158914,0.043484,-0.538009,-0.265354,0.084788,0.283579,0.003014,-0.359388,0.238799,-0.675123,-0.571259
0.126830,0.128278,-0.121435,0.172186,0.300032,0.338564,-0.032033,0.349172,0.483829,0.242035,0.086513,0.026413,0.158877,-0.226081,0.354172,0.187660,0.257483,-0.093346,-0.000110,-0.262777,0.481041,0.518620,0.071008,0.212138,0.376077,0.537201,-0.087027,-0.449255,0.103051,0.079491,0.443347,0.303792,0.181888,0.061560,-0.111327,-0.033232,0.053769,0.565141,0.191686,0.612017,-0.395314,0.000000,0.485184,0.054515,0.200162,0.149262,0.525974,0.162672,0.280716,0.141626,0.501640,0.194947,0.424219,0.267872,0.595040,0.796247,0.149357,0.274424,0.299907,0.362476,0.006019,0.018719,0.097878,0.328254,0.057455,0.160922,0.256941,-0.056174,0.255734,-0.003931,0.541561,0.286378,0.353486,0.386855,0.038631,0.001026,0.539676,0.220944,-0.127500,0.142109,0.148848,0.368417,0.598421,0.045022,0.123149,0.285827,0.810482,0.294541,0.684458,0.958074
0.012236,-0.015562,-0.091114,-0.010707,0.410211,0.428371,-0.031103,0.142038,0.376975,0.157146,0.240986,0.039130,0.109761,-0.141624,0.218778,0.165766,0.366225,0.081859,-0.129089,-0.283026,0.549984,0.519349,0.088680,0.081774,0.371043,0.387942,0.026146,-0.076935,0.185018,0.246803,0.417443,0.244097,0.243953,0.119096,0.218988,0.145380,0.299820,0.708201,0.201086,0.341748,-0.273784,0.485184,0.000000,0.598210,0.734320,0.564498,0.951471,0.690081,0.806293,0.437655,1.092237,0.585838,0.591148,0.514150,0.589727,0.614417,0.235584,0.096176,0.100869,0.080712,-0.027924,-0.197648,0.185483,0.209843,0.138490,0.019582,0.132242,-0.064866,0.009094,-0.311287,0.480917,0.400433,0.287228,0.409918,-0.091226,-0.001299,0.414251,0.276699,0.127578,0.258133,0.206131,0.461466,0.193390,-0.073937,0.458241,0.450786,0.293044,-0.112972,0.197553,0.612248
-0.444260,-0.417190,-0.229927,-0.291654,0.193094,0.178284,-0.120390,-0.106157,0.075945,0.253761,0.199917,0.008865,-0.066540,0.111060,-0.050793,0.356047,0.196900,0.127285,-0.456966,-0.325365,0.188708,0.048426,-0.022302,-0.117719,0.470681,0.354312,0.121425,0.210463,0.396567,0.321944,0.036752,-0.001820,-0.234024,-0.436116,0.149081,0.134120,0.844584,0.420812,0.438035,0.557146,0.237862,0.054515,0.598210,0.000000,0.487279,0.212749,0.378593,1.130199,0.339472,0.146268,0.549505,0.560756,0.391330,1.052007,0.085001,0.111253,-0.248692,-0.470281,-0.360939,-0.312958,-0.309719,-0.613577,0.019878,-0.166533,-0.079359,-0.338608,-0.186545,0.035743,-0.483595,-0.303292,0.245514,0.042702,0.503622,0.507633,0.152337,0.350031,-0.007862,0.088150,0.468055,0.615170,0.280463,0.217838,-0.059577,0.189735,0.714611,0.676391,-0.127018,0.061529,-0.508842,-0.043229
-0.104598,-0.208876,-0.213465,-0.163161,0.174462,0.130334,-0.219222,-0.080213,0.101182,0.069516,0.021010,-0.073546,-0.072081,-0.195485,-0.050334,-0.095929,0.156362,0.068525,-0.150366,-0.249769,0.064552,0.144843,0.044569,0.017296,0.290506,0.130581,-0.136049,-0.141739,-0.049465,0.040508,0.134894,-0.013982,0.282881,0.144213,0.459041,0.402380,0.102590,0.230726,0.124128,0.154883,-0.191898,0.200162,0.734320,0.487279,0.000000,1.173666,0.261782,0.321291,1.395085,1.032584,0.741584,0.955149,0.098469,0.250448,0.024316,0.241361,0.302084,0.043595,0.334792,0.187786,0.339547,0.012424,0.456087,0.276162,0.554737,0.349230,0.313521,0.278373,-0.022575,-0.148645,0.248912,0.222619,0.037495,0.092144,-0.194651,-0.131262,0.278127,0.160684,0.070276,0.316709,0.269094,0.289429,0.131075,0.050304,0.366334,0.515142,0.170063,-0.100157,0.056981,0.223184
0.222219,0.111850,-0.152573,-0.029775,0.083487,0.012836,-0.244670,-0.060721,0.009187,-0.173983,0.052952,-0.028528,0.057080,-0.198966,0.052152,-0.227769,0.275981,0.139539,0.119459,-0.001306,0.155441,0.202397,0.068905,0.053900,0.072825,0.000877,-0.117166,-0.143143,-0.087721,0.061940,0.181065,-0.028652,0.568482,0.371409,0.429829,0.197148,-0.158433,0.016732,-0.055934,-0.019879,-0.426337,0.149262,0.564498,0.212749,1.173666,0.000000,0.097795,0.095264,1.147426,1.588010,0.535502,0.678382,-0.101753,-0.064569,-0.011162,0.160264,0.705587,0.434691,0.668666,0.524150,0.701547,0.414039,0.643664,0.598432,0.757641,0.637313,0.576642,0.458404,0.329917,0.152128,0.144385,0.188353,-0.150226,-0.083501,-0.211953,-0.282518,0.176116,0.004550,0.004248,0.244046,0.287586,0.394088,0.239357,0.134458,0.149810,0.278565,0.202025,-0.199590,0.256666,0.241891
0.029909,-0.025651,-0.127147,-0.074072,0.326368,0.395791,0.157411,0.148738,0.261725,0.129532,0.270962,0.253720,0.197185,-0.002362,0.158540,0.186386,0.309178,0.111451,-0.315415,-0.463013,0.542095,0.670196,-0.147741,-0.085090,0.154635,0.302218,0.024507,-0.012728,0.252941,0.204829,0.367304,0.289547,-0.037302,0.015054,-0.005650,0.114803,0.322840,0.846701,0.190643,0.300773,-0.178599,0.525974,0.951471,0.378593,0.261782,0.097795,0.000000,0.769981,0.432517,0.046983,0.843790,0.307726,0.822242,0.519157,0.944874,0.773736,0.016216,-0.128978,-0.174921,-0.216311,-0.238118,-0.422101,-0.070242,-0.012712,-0.136259,-0.307742,-0.135779,-0.351574,-0.232238,-0.545911,0.512463,0.454410,0.462174,0.616065,-0.007268,0.037843,0.542655,0.490715,0.199262,0.061536,0.007331,0.310545,0.029162,-0.330611,0.341183,0.203036,0.306622,-0.013986,0.202147,0.556629
