0.000000,1.312920,0.533427,0.515637,0.507936,0.609422,0.601031,0.618597,0.522210,0.549812,0.700499,0.731505,0.582769,0.420866,0.358296,0.528491,0.909628,1.009304,1.131704,1.127192,0.062564,0.177785,0.307065,0.276665,0.336730,0.350466,0.367282,0.451200,0.953666,0.825663,0.619116,0.555133,0.783823,0.809755,0.404736,0.476336,0.459359,0.619438,0.403423,0.378764,0.149594,0.198227,0.731601,0.662256,0.602871,0.711462,0.792478,0.784125,0.607043,0.500318,0.423801,0.450405,0.536048,0.749240,0.600426,0.590603,1.359776,1.171397,0.664830,0.782419,0.769057,0.604940,0.927185,0.987331,0.149402,0.342039,0.607783,0.609914,0.713599,0.876363,0.391930,0.405381,0.776324,0.746287,0.690870,0.813469,0.864707,0.741764,0.959336,0.541944,0.978154,0.985225,0.756014,0.877799,0.523481,0.608221,0.228490,0.352098,0.459929,0.589394
1.312920,0.000000,0.433823,0.554326,0.585309,0.670276,0.543163,0.706603,0.551639,0.649940,0.611059,0.830901,0.499702,0.440003,0.298217,0.495870,0.987566,1.158242,0.975065,1.249529,0.037450,0.179755,0.267813,0.249955,0.406899,0.436990,0.438364,0.486308,0.990811,0.943119,0.633559,0.601317,0.745209,0.917467,0.428115,0.516189,0.505674,0.710919,0.425698,0.396918,0.161961,0.224262,0.787004,0.790551,0.671215,0.961946,0.942270,0.920709,0.916052,0.756503,0.643653,0.662604,0.666600,0.852242,0.668869,0.657682,1.145860,1.490873,0.746215,1.098773,0.609759,0.668487,0.765717,0.988693,0.099911,0.341011,0.636352,0.652872,0.641317,0.968479,0.335256,0.345969,0.806003,0.915919,0.714513,0.887849,0.768903,0.746911,0.798216,0.503146,0.988811,0.975014,0.710367,0.851795,0.523065,0.631340,0.213080,0.372018,0.455010,0.619908
0.533427,0.433823,0.000000,0.985336,0.679703,0.554095,1.153172,0.407635,0.580300,0.467856,0.417678,0.288587,0.736243,0.716712,0.615615,0.586224,0.249518,0.300568,0.541388,0.483452,0.096012,0.190413,1.303712,0.813024,0.668818,0.552623,0.509263,0.565450,0.189836,0.075799,0.516530,0.450449,0.651495,0.419831,0.693079,0.452752,0.514495,0.547996,0.520330,0.461937,0.180319,0.218841,0.607246,0.544411,0.454055,0.490870,0.606521,0.636752,0.380026,0.514780,0.528393,0.599428,0.531621,0.724876,0.674704,0.643989,0.313482,0.392532,0.500145,0.361831,0.524663,0.371751,0.181841,0.166902,0.959825,0.768405,0.843265,0.564653,0.568284,0.574258,0.557826,0.569074,0.364848,0.285500,0.479054,0.415834,0.762154,0.718265,0.356865,0.357122,0.244267,0.496010,0.240727,0.315607,0.820501,0.756403,0.361516,0.493539,0.865760,0.789061
0.515637,0.554326,0.985336,0.000000,0.792496,0.874998,0.984958,0.956747,0.724509,0.771950,0.386986,0.410153,0.583987,0.905618,0.426470,0.634196,0.335254,0.366468,0.443085,0.515364,0.116588,0.263650,0.957860,1.134179,0.764061,0.921242,0.587968,0.676024,0.211665,0.208760,0.583648,0.840589,0.764990,0.789963,0.861211,0.810416,0.495208,0.608172,0.618346,0.580740,0.159577,0.183937,0.644824,0.629938,0.539929,0.667696,0.650084,0.725833,0.511740,0.693407,0.569025,0.669803,0.568881,0.804842,0.731007,0.678465,0.423108,0.480987,0.524500,0.597888,0.507804,0.811685,0.256437,0.367809,0.854928,1.420384,0.920174,0.979364,0.468174,0.767617,0.434314,0.472954,0.362305,0.464745,0.530106,0.528742,0.692580,0.811898,0.414699,0.380816,0.399913,0.516092,0.269003,0.296270,0.910000,1.169752,0.395442,0.598394,0.965635,1.308649
0.507936,0.585309,0.679703,0.792496,0.000000,0.807481,1.019539,0.862790,1.100380,0.774307,0.507839,0.514093,0.559942,0.515660,0.330701,0.506336,0.195554,0.318217,0.386823,0.441543,0.054912,0.091403,0.558098,0.455040,0.757176,0.621827,0.604113,0.689507,0.266400,0.260329,0.336176,0.401294,0.541974,0.533111,0.450531,0.443007,0.312791,0.416323,0.264456,0.212593,-0.049908,-0.016396,0.582139,0.509397,0.462327,0.648658,0.615324,0.620706,0.615583,0.749682,0.726460,0.678850,0.590640,0.882077,0.563020,0.480165,0.282545,0.397252,0.920636,0.741350,0.814198,0.721172,0.407813,0.420063,0.370544,0.573741,0.749972,0.691817,0.301759,0.588179,0.292833,0.374253,0.252131,0.374381,0.377794,0.453761,0.560771,0.562588,0.249133,0.218340,0.334479,0.470801,0.351668,0.347035,0.623750,0.757014,0.037863,0.198774,0.723342,0.789637
0.609422,0.670276,0.554095,0.874998,0.807481,0.000000,0.652899,0.844165,0.953195,1.118132,0.509172,0.592846,0.579939,0.767236,0.454439,0.674919,0.294647,0.371765,0.414438,0.517419,0.142759,0.307942,0.461627,0.496934,0.561041,0.666162,0.653100,0.706407,0.365326,0.487592,0.494965,0.673645,0.566150,0.659618,0.562605,0.555564,0.516085,0.659274,0.531693,0.436236,0.158570,0.190800,0.752111,0.688686,0.480918,0.769388,0.750364,0.808726,0.683817,0.802953,0.756488,0.727379,0.742401,0.807961,0.743350,0.688885,0.437220,0.520173,0.818029,0.784692,0.634610,0.788519,0.395002,0.424983,0.354945,0.695895,0.767341,0.799094,0.476728,0.794439,0.322463,0.447727,0.372301,0.489056,0.476113,0.635275,0.611290,0.678926,0.463468,0.442124,0.485719,0.586473,0.496370,0.427901,0.633491,0.771197,0.245823,0.436488,0.773105,0.976803
0.601031,0.543163,1.153172,0.984958,1.019539,0.652899,0.000000,0.866861,0.944398,0.738716,0.604682,0.437649,0.878159,0.637907,0.585724,0.683219,0.342552,0.427225,0.525503,0.548069,0.092541,0.242676,0.865961,0.579563,0.731525,0.697001,0.660061,0.708510,0.313948,0.288763,0.594616,0.624169,0.782328,0.674561,0.665301,0.489352,0.414333,0.479327,0.423302,0.329248,0.074300,0.055455,0.663747,0.554583,0.513859,0.581061,0.650585,0.682241,0.502882,0.617206,0.609468,0.590003,0.527969,0.823084,0.676690,0.556292,0.329296,0.427077,0.691063,0.562942,0.910774,0.690319,0.405948,0.415631,0.746785,0.721096,0.892565,0.674737,0.447769,0.661951,0.516384,0.579342,0.372261,0.387789,0.463917,0.511601,0.735922,0.691861,0.343817,0.334034,0.391430,0.570290,0.384387,0.401169,0.849272,0.865646,0.193738,0.316136,0.969283,0.839280
0.618597,0.706603,0.407635,0.956747,0.862790,0.844165,0.866861,0.000000,0.992191,1.122583,0.567036,0.708248,0.624855,0.673827,0.393621,0.730173,0.416130,0.478425,0.348918,0.515860,0.105125,0.285501,0.424285,0.549655,0.547986,0.799825,0.564679,0.638086,0.446320,0.574525,0.535316,0.901477,0.652010,0.954891,0.501413,0.634105,0.323414,0.488843,0.373999,0.305650,0.030554,-0.015541,0.604756,0.513012,0.425231,0.590325,0.591512,0.608722,0.543491,0.622452,0.522006,0.523358,0.482794,0.767369,0.542748,0.429550,0.505167,0.540390,0.651187,0.876997,0.868582,1.456496,0.622532,0.758327,0.336875,0.731875,0.627171,0.801428,0.285326,0.792788,0.371570,0.450467,0.363137,0.568925,0.462998,0.604295,0.604778,0.682258,0.409927,0.281599,0.619231,0.590052,0.536227,0.463278,0.616277,0.894338,0.128012,0.271031,0.732321,0.988425
0.522210,0.551639,0.580300,0.724509,1.100380,0.953195,0.944398,0.992191,0.000000,1.122855,0.571843,0.562293,0.793229,0.638842,0.697782,0.817902,0.193300,0.344231,0.301522,0.394861,0.186197,0.250569,0.491076,0.424600,0.459958,0.505080,0.598098,0.570534,0.332478,0.382060,0.406764,0.549635,0.495613,0.509485,0.367032,0.391726,0.366392,0.447535,0.351567,0.259413,0.066606,-0.047301,0.695383,0.588838,0.383561,0.544032,0.695959,0.669685,0.568849,0.627217,0.686067,0.647767,0.586220,0.822856,0.594463,0.481090,0.292062,0.388774,0.812013,0.724661,0.950283,0.880403,0.506471,0.460335,0.401480,0.579668,0.654389,0.598822,0.302284,0.617203,0.435933,0.546335,0.325493,0.401578,0.435840,0.497618,0.601607,0.602733,0.287547,0.284065,0.403174,0.532901,0.477305,0.442217,0.634612,0.785296,0.144491,0.341124,0.865077,0.844486
0.549812,0.649940,0.467856,0.771950,0.774307,1.118132,0.738716,1.122583,1.122855,0.000000,0.570671,0.614950,0.714377,0.827784,0.618678,0.921856,0.293198,0.375483,0.293644,0.401177,0.143763,0.357949,0.476231,0.502546,0.406508,0.583011,0.528855,0.582435,0.318988,0.461918,0.373653,0.611399,0.456731,0.587430,0.494974,0.452834,0.379213,0.562247,0.395182,0.269309,0.069100,0.087227,0.611665,0.513796,0.283034,0.497160,0.598761,0.647354,0.499572,0.627267,0.622286,0.589859,0.551389,0.794666,0.541284,0.482060,0.380389,0.482068,0.692343,0.753527,0.872021,1.203464,0.448734,0.442033,0.485063,0.756886,0.544914,0.566630,0.369012,0.732430,0.391673,0.510306,0.337373,0.481099,0.463498,0.588790,0.619334,0.692716,0.343941,0.269568,0.429325,0.527097,0.445222,0.394028,0.641191,0.830968,0.154651,0.321675,0.847858,1.028211
0.700499,0.611059,0.417678,0.386986,0.507839,0.509172,0.604682,0.567036,0.571843,0.570671,0.000000,0.893568,1.073573,0.548412,0.519989,0.646193,0.415303,0.514149,0.503060,0.525585,0.006079,0.138833,0.329338,0.252107,0.231668,0.232094,0.260162,0.363689,0.544856,0.546360,0.427087,0.433301,0.439297,0.476920,0.283837,0.256426,0.324609,0.313191,0.258586,0.194314,0.217207,0.101307,0.486987,0.399226,0.303560,0.436880,0.508018,0.480318,0.492622,0.400780,0.452501,0.429191,0.452757,0.505189,0.418472,0.400613,0.429167,0.470280,0.715756,0.616645,0.939776,0.619002,0.854692,0.658256,0.205292,0.324033,0.392025,0.341103,0.329836,0.524529,0.405848,0.393120,0.593170,0.587881,0.596112,0.663928,0.638068,0.524609,0.313842,0.215780,0.473162,0.569484,0.462468,0.468926,0.643039,0.603443,0.064068,0.184742,0.499255,0.511227
0.731505,0.830901,0.288587,0.410153,0.514093,0.592846,0.437649,0.708248,0.562293,0.614950,0.893568,0.000000,0.617517,0.688828,0.395378,0.620333,0.509674,0.648834,0.470809,0.601665,0.163789,0.244706,0.243859,0.261188,0.301732,0.325672,0.294763,0.431937,0.761940,0.762327,0.494050,0.563397,0.419736,0.585966,0.169888,0.255133,0.394627,0.459576,0.232020,0.291131,0.172730,0.166982,0.568174,0.544037,0.315694,0.594541,0.615787,0.593061,0.703164,0.576322,0.602867,0.571136,0.624486,0.577531,0.553072,0.532955,0.579937,0.590680,0.783536,0.811027,0.737218,0.754340,0.757065,0.839431,0.012345,0.259283,0.354896,0.372624,0.290971,0.536791,0.411104,0.412926,0.596709,0.694966,0.631853,0.739994,0.593958,0.651882,0.457806,0.203517,0.577306,0.603798,0.511078,0.559317,0.437015,0.593310,0.091048,0.260794,0.428531,0.566707
0.582769,0.499702,0.736243,0.583987,0.559942,0.579939,0.878159,0.624855,0.793229,0.714377,1.073573,0.617517,0.000000,0.790188,0.906659,0.967731,0.324324,0.418649,0.441331,0.472047,0.139777,0.274524,0.655116,0.539432,0.304435,0.346674,0.337441,0.347165,0.393512,0.355885,0.464188,0.484943,0.465157,0.441417,0.411101,0.317130,0.359499,0.365291,0.311778,0.209504,0.194611,0.122212,0.532394,0.420829,0.325849,0.367781,0.527997,0.490820,0.403497,0.324582,0.409590,0.409805,0.375399,0.534476,0.426398,0.354132,0.334130,0.398947,0.540845,0.459826,0.910639,0.643846,0.618904,0.473342,0.505354,0.540696,0.453947,0.352741,0.434163,0.619111,0.659700,0.716105,0.531793,0.528892,0.629339,0.623980,0.687654,0.602761,0.300135,0.226412,0.359516,0.562829,0.367820,0.427977,0.720687,0.692668,0.125442,0.271801,0.680922,0.617443
0.420866,0.440003,0.716712,0.905618,0.515660,0.767236,0.637907,0.673827,0.638842,0.827784,0.548412,0.688828,0.790188,0.000000,0.690625,0.966220,0.229746,0.235256,0.259918,0.337131,0.115862,0.268351,0.792501,1.001703,0.402694,0.460799,0.343183,0.454888,0.199303,0.204327,0.385001,0.625257,0.359255,0.394821,0.454137,0.404300,0.440684,0.538856,0.455263,0.438400,0.217676,0.194359,0.498325,0.473245,0.246205,0.405341,0.486482,0.525192,0.439730,0.498649,0.531296,0.588831,0.591326,0.607199,0.578509,0.589932,0.310685,0.320634,0.477237,0.389670,0.578135,0.806924,0.305208,0.248493,0.686573,0.943024,0.431748,0.419099,0.344306,0.483564,0.489692,0.569995,0.303163,0.353743,0.502584,0.479352,0.579032,0.654739,0.294264,0.288379,0.259063,0.435252,0.211568,0.173362,0.684638,0.888020,0.197285,0.407582,0.677403,0.899738
0.358296,0.298217,0.615615,0.426470,0.330701,0.454439,0.585724,0.393621,0.697782,0.618678,0.519989,0.395378,0.906659,0.690625,0.000000,0.979554,0.210936,0.325325,0.275927,0.272669,0.298553,0.395239,0.623437,0.497248,0.095911,0.187680,0.229900,0.125610,0.331757,0.269030,0.441387,0.402892,0.279399,0.202214,0.239040,0.089726,0.309075,0.360146,0.243774,0.155140,0.205936,0.205161,0.515387,0.373765,0.180544,0.172760,0.434773,0.391821,0.211705,0.169383,0.253618,0.268162,0.252871,0.383153,0.311526,0.277535,0.219536,0.260561,0.284228,0.197014,0.489320,0.381220,0.323783,0.218604,0.536035,0.416180,0.304415,0.164114,0.279792,0.368856,0.657907,0.761338,0.481210,0.406743,0.564788,0.493970,0.503885,0.413482,0.260641,0.272455,0.241740,0.487414,0.301686,0.378109,0.628847,0.586405,0.170156,0.374900,0.574397,0.439373
0.528491,0.495870,0.586224,0.634196,0.506336,0.674919,0.683219,0.730173,0.817902,0.921856,0.646193,0.620333,0.967731,0.966220,0.979554,0.000000,0.393275,0.439423,0.367910,0.433592,0.074778,0.235416,0.548841,0.714931,0.205806,0.334854,0.317666,0.371308,0.456468,0.475573,0.454025,0.618147,0.345173,0.436066,0.310187,0.326830,0.319616,0.436799,0.354220,0.264934,0.254393,0.095255,0.502823,0.395982,0.228428,0.296570,0.507724,0.500937,0.360732,0.284077,0.375113,0.418826,0.481409,0.633260,0.421078,0.383468,0.420174,0.417428,0.483547,0.470066,0.750764,0.769612,0.592602,0.471862,0.462410,0.626161,0.337898,0.318548,0.333188,0.601773,0.517360,0.590277,0.468229,0.501062,0.603216,0.580857,0.614754,0.556267,0.366715,0.332728,0.516027,0.633427,0.574729,0.501189,0.611402,0.816188,0.078978,0.293464,0.644575,0.710731
0.909628,0.987566,0.249518,0.335254,0.195554,0.294647,0.342552,0.416130,0.193300,0.293198,0.415303,0.509674,0.324324,0.229746,0.210936,0.393275,0.000000,1.480130,1.023027,1.107921,-0.078637,0.083779,0.149740,0.192479,0.186908,0.290668,0.165968,0.226641,1.097202,1.003777,0.636368,0.567819,0.668672,0.841019,0.378026,0.438164,0.357218,0.419041,0.344919,0.310688,0.290910,0.227721,0.548478,0.563842,0.660267,0.625335,0.619772,0.592544,0.532355,0.314540,0.191733,0.222003,0.260011,0.411357,0.370999,0.350001,1.264992,1.109467,0.237710,0.502706,0.272311,0.363961,0.675339,0.911070,0.038870,0.206431,0.371168,0.416200,0.556507,0.662139,0.193594,0.205207,0.731724,0.741764,0.577310,0.690266,0.545113,0.442260,0.996625,0.670671,1.282015,0.933501,0.723393,0.718136,0.341532,0.379482,0.075279,0.235133,0.163920,0.269476
1.009304,1.158242,0.300568,0.366468,0.318217,0.371765,0.427225,0.478425,0.344231,0.375483,0.514149,0.648834,0.418649,0.235256,0.325325,0.439423,1.480130,0.000000,1.066999,1.222494,0.054417,0.180863,0.185711,0.175259,0.197236,0.310772,0.190063,0.242099,1.197312,1.106609,0.746370,0.604861,0.713506,0.871766,0.364767,0.428127,0.361998,0.456520,0.305517,0.302298,0.232215,0.260054,0.656614,0.655620,0.697936,0.691217,0.714169,0.676435,0.614360,0.374795,0.275068,0.299380,0.301056,0.457871,0.427883,0.385659,1.165548,1.256416,0.374949,0.637643,0.400605,0.410922,0.785182,1.095926,0.031800,0.183976,0.438605,0.449874,0.560109,0.746707,0.296871,0.308121,0.883441,0.916733,0.678581,0.774817,0.606271,0.552094,0.946187,0.635521,1.202411,1.105979,0.751610,0.950602,0.430571,0.459192,0.190534,0.334624,0.309979,0.328678
1.131704,0.975065,0.541388,0.443085,0.386823,0.414438,0.525503,0.348918,0.301522,0.293644,0.503060,0.470809,0.441331,0.259918,0.275927,0.367910,1.023027,1.066999,0.000000,1.619655,0.014159,0.109527,0.331640,0.257361,0.354681,0.323558,0.346937,0.326572,0.903658,0.721539,0.665747,0.478360,0.810499,0.798358,0.443509,0.468269,0.462668,0.562311,0.372020,0.336623,0.178525,0.227769,0.682778,0.728838,0.793796,0.774133,0.828856,0.836557,0.655103,0.407302,0.277735,0.307396,0.390495,0.588157,0.475858,0.502799,1.046391,0.988345,0.406914,0.520508,0.420711,0.336516,0.634274,0.786412,0.137250,0.238237,0.565623,0.513467,0.910632,0.845599,0.348668,0.333229,0.739941,0.683497,0.648313,0.661617,0.757286,0.629256,0.800064,0.607732,0.880648,0.908683,0.647103,0.747314,0.437359,0.449184,0.193205,0.308266,0.299673,0.369068
1.127192,1.249529,0.483452,0.515364,0.441543,0.517419,0.548069,0.515860,0.394861,0.401177,0.525585,0.601665,0.472047,0.337131,0.272669,0.433592,1.107921,1.222494,1.619655,0.000000,0.035426,0.175107,0.325340,0.293090,0.396458,0.416655,0.405583,0.376392,1.047011,0.911144,0.802169,0.649389,0.878505,1.003961,0.483194,0.547982,0.530697,0.664990,0.440377,0.398816,0.220071,0.245108,0.797144,0.854737,0.868142,0.947703,0.944475,0.927752,0.826709,0.541070,0.416758,0.437741,0.510506,0.675705,0.586793,0.576427,1.046556,1.124312,0.488182,0.696472,0.460064,0.463027,0.706017,0.982277,0.105909,0.272370,0.632510,0.630648,0.859242,1.011246,0.406917,0.392542,0.884797,0.894882,0.752808,0.791886,0.782690,0.704524,0.900400,0.621298,1.079664,1.073841,0.748561,0.878124,0.501104,0.553535,0.211125,0.362871,0.343686,0.448905
0.062564,0.037450,0.096012,0.116588,0.054912,0.142759,0.092541,0.105125,0.186197,0.143763,0.006079,0.163789,0.139777,0.115862,0.298553,0.074778,-0.078637,0.054417,0.014159,0.035426,0.000000,1.039634,0.244836,0.074664,0.121526,0.224938,0.165234,-0.032014,0.201153,0.112253,0.475790,0.354064,0.201762,0.119110,0.101599,-0.051611,0.039351,0.057631,-0.122434,-0.065306,0.014099,0.209422,0.183414,0.113771,0.016023,0.022074,0.089850,0.091207,0.027863,0.021815,0.045249,0.003836,-0.038057,-0.018264,0.055007,0.032293,0.057768,0.049522,-0.011379,-0.035684,0.056502,0.058973,0.030340,0.076064,0.082010,0.022437,0.069147,0.033608,0.129978,0.085426,0.569495,0.536941,0.432893,0.365232,0.399661,0.269970,0.219426,0.325782,0.196619,-0.160612,-0.003106,0.086595,-0.149145,0.176905,0.122638,0.118869,0.358452,0.351639,0.187140,0.132856
0.177785,0.179755,0.190413,0.263650,0.091403,0.307942,0.242676,0.285501,0.250569,0.357949,0.138833,0.244706,0.274524,0.268351,0.395239,0.235416,0.083779,0.180863,0.109527,0.175107,1.039634,0.000000,0.356857,0.157583,0.293608,0.433301,0.277860,0.153437,0.264566,0.285463,0.600667,0.524975,0.379298,0.323257,0.286015,0.098533,0.380362,0.368392,0.224551,0.198692,0.253799,0.427090,0.374016,0.300179,0.115060,0.172612,0.247759,0.261907,0.162492,0.169072,0.184304,0.141692,0.107258,0.129169,0.255570,0.209135,0.169525,0.177118,0.081777,0.084355,0.137823,0.185891,0.060791,0.131215,0.186921,0.178540,0.224203,0.202036,0.304031,0.279904,0.581800,0.669428,0.486235,0.491847,0.491064,0.489063,0.358870,0.472707,0.296580,0.020240,0.135515,0.293957,0.056460,0.269950,0.325553,0.310621,0.405843,0.399018,0.365225,0.318389
0.307065,0.267813,1.303712,0.957860,0.558098,0.461627,0.865961,0.424285,0.491076,0.476231,0.329338,0.243859,0.655116,0.792501,0.623437,0.548841,0.149740,0.185711,0.331640,0.325340,0.244836,0.356857,0.000000,1.043361,0.739161,0.677495,0.453298,0.451324,0.076867,0.001512,0.554209,0.536168,0.614996,0.418474,0.792097,0.462575,0.477212,0.492663,0.462257,0.436257,0.132229,0.209522,0.557456,0.474943,0.379336,0.398910,0.479396,0.512261,0.272407,0.422392,0.400528,0.448492,0.368970,0.503584,0.535986,0.491488,0.200656,0.246093,0.248940,0.192483,0.346287,0.404529,0.060919,0.081819,1.110924,0.852075,0.678636,0.489101,0.477705,0.417197,0.626955,0.657284,0.302343,0.278402,0.497321,0.382112,0.640673,0.686854,0.309257,0.195012,0.135495,0.416889,0.066283,0.175136,0.832941,0.750670,0.387703,0.460987,0.813328,0.829990
0.276665,0.249955,0.813024,1.134179,0.455040,0.496934,0.579563,0.549655,0.424600,0.502546,0.252107,0.261188,0.539432,1.001703,0.497248,0.714931,0.192479,0.175259,0.257361,0.293090,0.074664,0.157583,1.043361,0.000000,0.409098,0.522292,0.227455,0.265478,0.036381,0.007092,0.379878,0.610359,0.391633,0.411404,0.613305,0.584694,0.289592,0.348045,0.394328,0.387628,0.095250,0.140140,0.340174,0.314521,0.315405,0.300366,0.316651,0.364236,0.218922,0.293594,0.259597,0.368730,0.322950,0.474231,0.389332,0.391689,0.269483,0.233771,0.176166,0.201130,0.286339,0.589420,0.145018,0.184808,0.899960,1.209390,0.474148,0.507946,0.318628,0.445794,0.404049,0.436108,0.228802,0.301837,0.440361,0.316523,0.436764,0.521696,0.270606,0.219254,0.213514,0.330335,0.094706,0.113875,0.698428,0.843969,0.281817,0.445615,0.604266,0.869807
0.336730,0.406899,0.668818,0.764061,0.757176,0.561041,0.731525,0.547986,0.459958,0.406508,0.231668,0.301732,0.304435,0.402694,0.095911,0.205806,0.186908,0.197236,0.354681,0.396458,0.121526,0.293608,0.739161,0.409098,0.000000,1.346185,0.959809,0.957474,0.192633,0.193153,0.582478,0.582454,0.858318,0.706322,0.776216,0.597464,0.604961,0.602656,0.556809,0.514819,0.130664,0.126438,0.655721,0.644037,0.521764,0.753089,0.658903,0.682967,0.598256,0.815445,0.709879,0.667094,0.566465,0.586677,0.779170,0.653845,0.250843,0.334063,0.480265,0.499660,0.304864,0.415981,0.091427,0.220349,0.403940,0.473636,0.874867,0.763658,0.562781,0.537544,0.253316,0.298756,0.191280,0.247496,0.304058,0.346932,0.562701,0.584281,0.292808,0.270811,0.297610,0.440471,0.184086,0.184890,0.578678,0.537749,0.230003,0.319535,0.661143,0.755087
0.350466,0.436990,0.552623,0.921242,0.621827,0.666162,0.697001,0.799825,0.505080,0.583011,0.232094,0.325672,0.346674,0.460799,0.187680,0.334854,0.290668,0.310772,0.323558,0.416655,0.224938,0.433301,0.677495,0.522292,1.346185,0.000000,0.780122,0.829174,0.266929,0.349214,0.773837,0.929050,0.933114,0.961097,0.859476,0.688102,0.507936,0.569386,0.563024,0.489299,0.169228,0.159747,0.659583,0.623554,0.542076,0.670133,0.620122,0.653316,0.484729,0.650556,0.508357,0.501170,0.427967,0.552942,0.663245,0.530799,0.346485,0.430570,0.322979,0.506403,0.315499,0.617258,0.149743,0.348967,0.427380,0.618215,0.790420,0.836459,0.516650,0.673484,0.243890,0.311813,0.272531,0.367344,0.356652,0.409457,0.540035,0.595751,0.414966,0.389573,0.455061,0.546650,0.286097,0.269701,0.598308,0.604559,0.267828,0.380558,0.723077,0.855014
0.367282,0.438364,0.509263,0.587968,0.604113,0.653100,0.660061,0.564679,0.598098,0.528855,0.260162,0.294763,0.337441,0.343183,0.229900,0.317666,0.165968,0.190063,0.346937,0.405583,0.165234,0.277860,0.453298,0.227455,0.959809,0.780122,0.000000,0.912522,0.294371,0.276913,0.559020,0.543313,0.685807,0.612843,0.516937,0.421509,0.426033,0.559629,0.362334,0.296816,0.015872,0.017172,0.593552,0.581241,0.423169,0.691973,0.643809,0.643714,0.609678,0.763893,0.689383,0.611964,0.513637,0.507093,0.652559,0.514474,0.232498,0.314794,0.599771,0.585673,0.427874,0.450407,0.220617,0.293007,0.278922,0.326830,0.684705,0.586863,0.463488,0.557566,0.293526,0.327690,0.242969,0.288655,0.293417,0.341604,0.491101,0.539237,0.269540,0.218093,0.317029,0.397575,0.216870,0.273808,0.440612,0.474991,0.239329,0.318784,0.611909,0.638270
0.451200,0.486308,0.565450,0.676024,0.689507,0.706407,0.708510,0.638086,0.570534,0.582435,0.363689,0.431937,0.347165,0.454888,0.125610,0.371308,0.226641,0.242099,0.326572,0.376392,-0.032014,0.153437,0.451324,0.265478,0.957474,0.829174,0.912522,0.000000,0.233391,0.265185,0.446343,0.522312,0.722582,0.652800,0.553904,0.458557,0.492312,0.569242,0.556002,0.470090,0.133932,0.052196,0.599009,0.538835,0.414320,0.649865,0.615469,0.639816,0.529118,0.754008,0.722405,0.661028,0.630016,0.616122,0.759906,0.622598,0.321939,0.409805,0.692627,0.700451,0.534444,0.541242,0.218116,0.300666,0.340961,0.478364,0.751102,0.715758,0.471426,0.643751,0.179897,0.250184,0.160138,0.221104,0.258245,0.362338,0.587180,0.608644,0.265222,0.331498,0.352024,0.403934,0.361626,0.313393,0.516728,0.578859,0.275440,0.352813,0.783162,0.788911
0.953666,0.990811,0.189836,0.211665,0.266400,0.365326,0.313948,0.446320,0.332478,0.318988,0.544856,0.761940,0.393512,0.199303,0.331757,0.456468,1.097202,1.197312,0.903658,1.047011,0.201153,0.264566,0.076867,0.036381,0.192633,0.266929,0.294371,0.233391,0.000000,1.488968,0.767304,0.599673,0.601580,0.746775,0.162538,0.220450,0.363984,0.439646,0.189511,0.173766,0.255625,0.191987,0.618796,0.586552,0.499099,0.598621,0.653786,0.608763,0.620004,0.342889,0.307319,0.310025,0.350445,0.471330,0.363954,0.348728,1.010142,0.912078,0.404167,0.629286,0.408205,0.365914,0.890443,1.100928,-0.169445,-0.005543,0.290308,0.306030,0.460850,0.611863,0.337789,0.303387,1.037542,0.991273,0.746505,0.818977,0.555452,0.462826,1.007272,0.540560,1.207654,1.030945,0.753390,0.860959,0.271567,0.336392,0.040359,0.196615,0.138344,0.225345
0.825663,0.943119,0.075799,0.208760,0.260329,0.487592,0.288763,0.574525,0.382060,0.461918,0.546360,0.762327,0.355885,0.204327,0.269030,0.475573,1.003777,1.106609,0.721539,0.911144,0.112253,0.285463,0.001512,0.007092,0.193153,0.349214,0.276913,0.265185,1.488968,0.000000,0.694637,0.668761,0.576941,0.841555,0.201909,0.312548,0.377440,0.455905,0.255679,0.185406,0.238546,0.147048,0.590375,0.584028,0.477956,0.607640,0.600946,0.571201,0.615236,0.359337,0.298306,0.266927,0.362001,0.449654,0.356563,0.310318,0.889357,0.897105,0.395365,0.662860,0.425564,0.477739,0.851992,1.103888,-0.213072,0.009844,0.294497,0.350206,0.434404,0.641259,0.200099,0.230921,0.786780,0.910874,0.602415,0.788898,0.498851,0.452726,0.890920,0.638635,1.322689,1.064608,0.856817,0.762222,0.263681,0.311955,-0.045693,0.106253,0.187801,0.277555
0.619116,0.633559,0.516530,0.583648,0.336176,0.494965,0.594616,0.535316,0.406764,0.373653,0.427087,0.494050,0.464188,0.385001,0.441387,0.454025,0.636368,0.746370,0.665747,0.802169,0.475790,0.600667,0.554209,0.379878,0.582478,0.773837,0.559020,0.446343,0.767304,0.694637,0.000000,1.338244,1.071326,1.039731,0.656876,0.461814,0.470403,0.556120,0.410129,0.396473,0.260111,0.293998,0.782435,0.695278,0.665349,0.696145,0.711229,0.703742,0.560268,0.471659,0.378557,0.380851,0.406170,0.453176,0.571215,0.497687,0.644700,0.653261,0.263339,0.447012,0.315938,0.434025,0.439427,0.679920,0.266868,0.335439,0.591648,0.552412,0.565471,0.685458,0.537922,0.530224,0.886525,0.824348,0.758283,0.698802,0.629956,0.605817,0.727066,0.453566,0.755962,0.843114,0.456534,0.673042,0.560015,0.546852,0.391683,0.536623,0.475656,0.519626
0.555133,0.601317,0.450449,0.840589,0.401294,0.673645,0.624169,0.901477,0.549635,0.611399,0.433301,0.563397,0.484943,0.625257,0.402892,0.618147,0.567819,0.604861,0.478360,0.649389,0.354064,0.524975,0.536168,0.610359,0.582454,0.929050,0.543313,0.522312,0.599673,0.668761,1.338244,0.000000,0.938140,1.179640,0.695713,0.629705,0.443914,0.538289,0.473559,0.417802,0.232282,0.182829,0.714108,0.649866,0.591771,0.664983,0.636789,0.656581,0.544739,0.512860,0.408533,0.428146,0.460967,0.530417,0.590406,0.505138,0.614640,0.585165,0.311402,0.527379,0.401711,0.780715,0.471211,0.700828,0.348733,0.606218,0.601533,0.701970,0.444050,0.739057,0.458780,0.478274,0.635433,0.719069,0.668243,0.631074,0.606502,0.639152,0.626532,0.466484,0.772609,0.734639,0.447413,0.488210,0.599772,0.740569,0.339866,0.489557,0.550403,0.770359
0.783823,0.745209,0.651495,0.764990,0.541974,0.566150,0.782328,0.652010,0.495613,0.456731,0.439297,0.419736,0.465157,0.359255,0.279399,0.345173,0.668672,0.713506,0.810499,0.878505,0.201762,0.379298,0.614996,0.391633,0.858318,0.933114,0.685807,0.722582,0.601580,0.576941,1.071326,0.938140,0.000000,1.458465,0.949002,0.800704,0.642365,0.693794,0.638635,0.561477,0.233193,0.223240,1.014859,0.957460,0.965598,0.976834,0.900917,0.921066,0.631415,0.666797,0.486933,0.490270,0.424036,0.571011,0.784754,0.635013,0.715897,0.763181,0.405111,0.586945,0.410519,0.507161,0.422658,0.656634,0.402070,0.497929,1.079455,1.023473,0.795612,0.867396,0.432253,0.421361,0.599456,0.604910,0.600300,0.589336,0.849433,0.757510,0.736505,0.574664,0.790420,0.828334,0.481022,0.599097,0.781268,0.693675,0.435026,0.519977,0.670445,0.706954
0.809755,0.917467,0.419831,0.789963,0.533111,0.659618,0.674561,0.954891,0.509485,0.587430,0.476920,0.585966,0.441417,0.394821,0.202214,0.436066,0.841019,0.871766,0.798358,1.003961,0.119110,0.323257,0.418474,0.411404,0.706322,0.961097,0.612843,0.652800,0.746775,0.841555,1.039731,1.179640,1.458465,0.000000,0.792497,0.874422,0.522132,0.663393,0.567586,0.514566,0.197491,0.160499,0.882593,0.875144,0.904095,1.010956,0.855158,0.886184,0.710604,0.658912,0.451809,0.457080,0.447258,0.612439,0.674615,0.561006,0.864449,0.897093,0.426830,0.770179,0.462043,0.738146,0.589701,0.984110,0.234137,0.513079,0.861493,1.023705,0.667792,1.029015,0.334688,0.343578,0.633047,0.778073,0.598486,0.696208,0.746997,0.740545,0.783311,0.544800,1.028689,0.919886,0.637721,0.670555,0.643746,0.722424,0.302149,0.424627,0.559343,0.731698
0.404736,0.428115,0.693079,0.861211,0.450531,0.562605,0.665301,0.501413,0.367032,0.494974,0.283837,0.169888,0.411101,0.454137,0.239040,0.310187,0.378026,0.364767,0.443509,0.483194,0.101599,0.286015,0.792097,0.613305,0.776216,0.859476,0.516937,0.553904,0.162538,0.201909,0.656876,0.695713,0.949002,0.792497,0.000000,1.085684,0.510799,0.549213,0.669675,0.537748,0.151455,0.217242,0.753991,0.651467,0.819392,0.725524,0.654782,0.677418,0.453832,0.618978,0.495193,0.444506,0.373011,0.446104,0.669695,0.542531,0.367433,0.452487,0.287366,0.375352,0.256418,0.446078,0.093127,0.226027,0.786978,0.832907,1.042664,0.953664,0.598920,0.620560,0.379404,0.388989,0.295601,0.343013,0.390514,0.388715,0.661201,0.651710,0.411789,0.340593,0.389527,0.481889,0.191228,0.248474,0.859762,0.667138,0.443751,0.480427,0.736293,0.819143
0.476336,0.516189,0.452752,0.810416,0.443007,0.555564,0.489352,0.634105,0.391726,0.452834,0.256426,0.255133,0.317130,0.404300,0.089726,0.326830,0.438164,0.428127,0.468269,0.547982,-0.051611,0.098533,0.462575,0.584694,0.597464,0.688102,0.421509,0.458557,0.220450,0.312548,0.461814,0.629705,0.800704,0.874422,1.085684,0.000000,0.446000,0.548978,0.676547,0.634845,0.132763,0.034834,0.670060,0.636321,0.818013,0.753182,0.642188,0.626355,0.460014,0.537368,0.391706,0.399350,0.379250,0.448689,0.599114,0.491831,0.490699,0.542238,0.324183,0.517214,0.274020,0.535169,0.273594,0.418122,0.402274,0.696423,0.941194,1.142334,0.496658,0.721803,0.300809,0.264860,0.219118,0.349167,0.319710,0.371695,0.613072,0.609671,0.385561,0.379603,0.552690,0.509444,0.372821,0.327798,0.637370,0.644750,0.315661,0.381633,0.569233,0.783808
0.459359,0.505674,0.514495,0.495208,0.312791,0.516085,0.414333,0.323414,0.366392,0.379213,0.324609,0.394627,0.359499,0.440684,0.309075,0.319616,0.357218,0.361998,0.462668,0.530697,0.039351,0.380362,0.477212,0.289592,0.604961,0.507936,0.426033,0.492312,0.363984,0.377440,0.470403,0.443914,0.642365,0.522132,0.510799,0.446000,0.000000,1.176993,1.105690,0.882303,0.669673,0.516300,0.756882,0.759077,0.514395,0.712342,0.751132,0.728980,0.613164,0.669338,0.683929,0.683529,0.651965,0.526804,0.872095,0.790723,0.390932,0.465527,0.480266,0.441338,0.230422,0.265484,0.147015,0.214045,0.275729,0.386644,0.724135,0.624143,0.623517,0.546904,0.368429,0.407454,0.379070,0.418555,0.470856,0.490327,0.701879,0.582147,0.446472,0.548013,0.457276,0.625959,0.414508,0.328025,0.655816,0.548206,0.361475,0.516675,0.491559,0.529444
0.619438,0.710919,0.547996,0.608172,0.416323,0.659274,0.479327,0.488843,0.447535,0.562247,0.313191,0.459576,0.365291,0.538856,0.360146,0.436799,0.419041,0.456520,0.562311,0.664990,0.057631,0.368392,0.492663,0.348045,0.602656,0.569386,0.559629,0.569242,0.439646,0.455905,0.556120,0.538289,0.693794,0.663393,0.549213,0.548978,1.176993,0.000000,0.893421,0.842895,0.434092,0.490863,0.826996,0.848571,0.566677,0.803855,0.862638,0.885970,0.647015,0.728379,0.661194,0.691425,0.698266,0.659991,0.824367,0.818449,0.566001,0.674092,0.545737,0.620096,0.363003,0.425233,0.261178,0.349662,0.279155,0.457715,0.776392,0.725225,0.709498,0.761564,0.443644,0.517838,0.421714,0.504448,0.553583,0.588425,0.790402,0.720836,0.519362,0.537896,0.544490,0.727083,0.486678,0.450424,0.641734,0.697741,0.387473,0.528265,0.550022,0.694323
0.403423,0.425698,0.520330,0.618346,0.264456,0.531693,0.423302,0.373999,0.351567,0.395182,0.258586,0.232020,0.311778,0.455263,0.243774,0.354220,0.344919,0.305517,0.372020,0.440377,-0.122434,0.224551,0.462257,0.394328,0.556809,0.563024,0.362334,0.556002,0.189511,0.255679,0.410129,0.473559,0.638635,0.567586,0.669675,0.676547,1.105690,0.893421,0.000000,1.423162,0.753236,0.441004,0.758351,0.738566,0.542717,0.641318,0.752792,0.734151,0.466164,0.615872,0.571887,0.609407,0.676442,0.538577,1.000043,0.919517,0.380545,0.472305,0.386758,0.412602,0.225300,0.320384,0.110175,0.184690,0.414684,0.563359,0.810825,0.763762,0.579830,0.581917,0.225740,0.263569,0.253398,0.256617,0.338003,0.362021,0.635894,0.522552,0.415409,0.581635,0.473781,0.588525,0.543667,0.332617,0.782335,0.639817,0.413432,0.601152,0.601958,0.626943
0.378764,0.396918,0.461937,0.580740,0.212593,0.436236,0.329248,0.305650,0.259413,0.269309,0.194314,0.291131,0.209504,0.438400,0.155140,0.264934,0.310688,0.302298,0.336623,0.398816,-0.065306,0.198692,0.436257,0.387628,0.514819,0.489299,0.296816,0.470090,0.173766,0.185406,0.396473,0.417802,0.561477,0.514566,0.537748,0.634845,0.882303,0.842895,1.423162,0.000000,0.677213,0.462711,0.679466,0.704978,0.482906,0.645007,0.713913,0.704263,0.455547,0.622183,0.570449,0.645197,0.686263,0.482899,1.019357,1.002039,0.373965,0.414044,0.360140,0.382588,0.167757,0.277604,0.077150,0.168582,0.350317,0.517676,0.679187,0.657841,0.468096,0.427085,0.221037,0.219795,0.189326,0.200441,0.272745,0.299372,0.531839,0.510491,0.374976,0.415706,0.368471,0.505576,0.448319,0.354751,0.629085,0.593370,0.519351,0.690918,0.519116,0.580025
0.149594,0.161961,0.180319,0.159577,-0.049908,0.158570,0.074300,0.030554,0.066606,0.069100,0.217207,0.172730,0.194611,0.217676,0.205936,0.254393,0.290910,0.232215,0.178525,0.220071,0.014099,0.253799,0.132229,0.095250,0.130664,0.169228,0.015872,0.133932,0.255625,0.238546,0.260111,0.232282,0.233193,0.197491,0.151455,0.132763,0.669673,0.434092,0.753236,0.677213,0.000000,0.661613,0.319522,0.332894,0.144019,0.212876,0.334009,0.293172,0.185941,0.173010,0.247720,0.310661,0.334788,0.151167,0.426958,0.432735,0.204575,0.230982,0.131423,0.127367,0.010074,-0.018133,0.114559,0.090257,0.036514,0.142265,0.208245,0.202351,0.274844,0.223357,0.138572,0.130729,0.334662,0.248091,0.284021,0.250417,0.297017,0.184248,0.282469,0.397237,0.315902,0.367908,0.398420,0.249266,0.342717,0.257790,0.170701,0.326988,0.120327,0.098033
0.198227,0.224262,0.218841,0.183937,-0.016396,0.190800,0.055455,-0.015541,-0.047301,0.087227,0.101307,0.166982,0.122212,0.194359,0.205161,0.095255,0.227721,0.260054,0.227769,0.245108,0.209422,0.427090,0.209522,0.140140,0.126438,0.159747,0.017172,0.052196,0.191987,0.147048,0.293998,0.182829,0.223240,0.160499,0.217242,0.034834,0.516300,0.490863,0.441004,0.462711,0.661613,0.000000,0.236537,0.253877,0.171691,0.220951,0.223686,0.242961,0.130631,0.190608,0.220970,0.244270,0.221037,0.124355,0.319278,0.354209,0.220099,0.261485,0.150431,0.068714,0.011633,-0.028512,0.023013,0.064520,0.108562,0.172443,0.184924,0.162177,0.353781,0.246902,0.267302,0.272409,0.377990,0.358706,0.387762,0.328100,0.280012,0.257005,0.285329,0.221574,0.177565,0.318754,0.163111,0.249508,0.320623,0.266914,0.277839,0.418517,0.153388,0.136080
0.731601,0.787004,0.607246,0.644824,0.582139,0.752111,0.663747,0.604756,0.695383,0.611665,0.486987,0.568174,0.532394,0.498325,0.515387,0.502823,0.548478,0.656614,0.682778,0.797144,0.183414,0.374016,0.557456,0.340174,0.655721,0.659583,0.593552,0.599009,0.618796,0.590375,0.782435,0.714108,1.014859,0.882593,0.753991,0.670060,0.756882,0.826996,0.758351,0.679466,0.319522,0.236537,0.000000,1.571330,0.981935,1.100756,1.666616,1.488671,0.863514,0.805160,0.719317,0.646075,0.624942,0.657334,1.011611,0.865973,0.596269,0.691195,0.575779,0.638393,0.421700,0.493769,0.381754,0.537894,0.341594,0.447243,1.022220,0.870745,0.608057,0.767953,0.563975,0.619759,0.597043,0.582141,0.681675,0.662274,0.953874,0.857289,0.637986,0.522128,0.678740,0.868983,0.583625,0.684717,0.815893,0.718479,0.420997,0.550690,0.699289,0.684764
0.662256,0.790551,0.544411,0.629938,0.509397,0.688686,0.554583,0.513012,0.588838,0.513796,0.399226,0.544037,0.420829,0.473245,0.373765,0.395982,0.563842,0.655620,0.728838,0.854737,0.113771,0.300179,0.474943,0.314521,0.644037,0.623554,0.581241,0.538835,0.586552,0.584028,0.695278,0.649866,0.957460,0.875144,0.651467,0.636321,0.759077,0.848571,0.738566,0.704978,0.332894,0.253877,1.571330,0.000000,1.043611,1.289310,1.601671,1.656098,1.084811,0.910053,0.687951,0.657507,0.644913,0.600552,0.931634,0.925093,0.578081,0.685149,0.513232,0.611571,0.340625,0.449868,0.341309,0.505287,0.304284,0.438411,0.919821,0.818103,0.639104,0.711696,0.430109,0.452105,0.537570,0.544699,0.608294,0.601177,0.780825,0.771607,0.654487,0.636597,0.649058,0.838046,0.461355,0.503408,0.694102,0.672301,0.325277,0.471223,0.580173,0.630942
0.602871,0.671215,0.454055,0.539929,0.462327,0.480918,0.513859,0.425231,0.383561,0.283034,0.303560,0.315694,0.325849,0.246205,0.180544,0.228428,0.660267,0.697936,0.793796,0.868142,0.016023,0.115060,0.379336,0.315405,0.521764,0.542076,0.423169,0.414320,0.499099,0.477956,0.665349,0.591771,0.965598,0.904095,0.819392,0.818013,0.514395,0.566677,0.542717,0.482906,0.144019,0.171691,0.981935,1.043611,0.000000,1.243217,0.985351,0.955022,0.824717,0.647851,0.462805,0.405373,0.359872,0.425513,0.621334,0.557296,0.601655,0.646122,0.382653,0.483086,0.272187,0.327796,0.363753,0.530110,0.295367,0.414982,0.955781,0.942213,0.596097,0.669765,0.303753,0.295090,0.430702,0.467873,0.452378,0.435334,0.659963,0.557112,0.555783,0.556467,0.668210,0.742928,0.420248,0.484027,0.641779,0.571468,0.279847,0.363754,0.389652,0.439003
0.711462,0.961946,0.490870,0.667696,0.648658,0.769388,0.581061,0.590325,0.544032,0.497160,0.436880,0.594541,0.367781,0.405341,0.172760,0.296570,0.625335,0.691217,0.774133,0.947703,0.022074,0.172612,0.398910,0.300366,0.753089,0.670133,0.691973,0.649865,0.598621,0.607640,0.696145,0.664983,0.976834,1.010956,0.725524,0.753182,0.712342,0.803855,0.641318,0.645007,0.212876,0.220951,1.100756,1.289310,1.243217,0.000000,1.289453,1.322362,1.454577,1.324516,0.968252,0.894246,0.819102,0.729824,1.027139,0.986612,0.613071,0.737985,0.719174,0.865690,0.387025,0.510679,0.400937,0.598170,0.231135,0.448524,1.004603,0.983137,0.637403,0.760739,0.278863,0.288335,0.502322,0.600975,0.528514,0.634880,0.700726,0.715873,0.593878,0.523683,0.685850,0.777534,0.473442,0.512985,0.647851,0.671111,0.294668,0.462282,0.489871,0.662337
0.792478,0.942270,0.606521,0.650084,0.615324,0.750364,0.650585,0.591512,0.695959,0.598761,0.508018,0.615787,0.527997,0.486482,0.434773,0.507724,0.619772,0.714169,0.828856,0.944475,0.089850,0.247759,0.479396,0.316651,0.658903,0.620122,0.643809,0.615469,0.653786,0.600946,0.711229,0.636789,0.900917,0.855158,0.654782,0.642188,0.751132,0.862638,0.752792,0.713913,0.334009,0.223686,1.666616,1.601671,0.985351,1.289453,0.000000,1.931527,1.153628,0.954752,0.826170,0.766335,0.808555,0.788478,1.082983,0.998856,0.666085,0.788102,0.683123,0.783758,0.481600,0.530364,0.423949,0.580052,0.283804,0.429551,0.955395,0.815267,0.660635,0.826686,0.479592,0.518758,0.564490,0.567803,0.611918,0.645392,0.923953,0.829624,0.609154,0.538719,0.710735,0.887550,0.622824,0.681759,0.719994,0.697400,0.344240,0.528028,0.645133,0.688137
0.784125,0.920709,0.636752,0.725833,0.620706,0.808726,0.682241,0.608722,0.669685,0.647354,0.480318,0.593061,0.490820,0.525192,0.391821,0.500937,0.592544,0.676435,0.836557,0.927752,0.091207,0.261907,0.512261,0.364236,0.682967,0.653316,0.643714,0.639816,0.608763,0.571201,0.703742,0.656581,0.921066,0.886184,0.677418,0.626355,0.728980,0.885970,0.734151,0.704263,0.293172,0.242961,1.488671,1.656098,0.955022,1.322362,1.931527,0.000000,1.167635,1.027288,0.815383,0.798749,0.806560,0.842658,1.046208,1.076640,0.645759,0.754693,0.666078,0.786129,0.472759,0.568935,0.383557,0.546459,0.349710,0.523400,0.962546,0.834459,0.693974,0.841920,0.438176,0.477651,0.554823,0.572945,0.632833,0.667751,0.878541,0.867977,0.629529,0.541710,0.667073,0.839851,0.549228,0.601798,0.722990,0.740358,0.369644,0.528932,0.657480,0.753818
0.607043,0.916052,0.380026,0.511740,0.615583,0.683817,0.502882,0.543491,0.568849,0.499572,0.492622,0.703164,0.403497,0.439730,0.211705,0.360732,0.532355,0.614360,0.655103,0.826709,0.027863,0.162492,0.272407,0.218922,0.598256,0.484729,0.609678,0.529118,0.620004,0.615236,0.560268,0.544739,0.631415,0.710604,0.453832,0.460014,0.613164,0.647015,0.466164,0.455547,0.185941,0.130631,0.863514,1.084811,0.824717,1.454577,1.153628,1.167635,0.000000,1.254127,1.034863,0.910590,0.911141,0.698227,0.860757,0.893891,0.488055,0.597773,0.758975,0.857152,0.413512,0.507357,0.426432,0.561504,0.141785,0.332430,0.668768,0.628394,0.478394,0.591797,0.227540,0.263817,0.484749,0.575941,0.477595,0.595230,0.535829,0.575437,0.459693,0.429932,0.572509,0.676069,0.410607,0.429369,0.498876,0.563032,0.135419,0.316339,0.393392,0.540718
