0.000000,1.059662,0.435047,0.459806,0.236442,0.254577,0.583959,0.487334,0.316098,0.401140,0.552958,0.224391,0.298656,0.299139,0.399964,0.351309,0.510686,0.356704,0.893900,0.844311,0.250954,0.151339,0.309870,0.255437,0.133191,0.116340,0.113555,0.083606,0.327153,0.174425,0.279163,0.327775,0.861716,0.809366,0.225606,0.369866,0.466892,0.339932,0.329618,0.189650,-0.112867,-0.199474,0.437991,0.472247,0.368035,0.477490,0.525879,0.558206,0.373709,0.518624,0.376471,0.280452,0.244003,0.253577,0.523632,0.457020,1.115424,1.051134,0.761512,0.738296,0.612399,0.516671,0.580766,0.629728,0.137734,0.294833,0.547423,0.539235,0.983675,0.667168,0.453106,0.215233,0.629742,0.410452,0.514345,0.347968,0.717044,0.715891,0.313184,0.147802,0.387985,0.251670,0.198920,0.072086,0.372472,0.371981,0.175730,0.273569,0.418227,0.482431
1.059662,0.000000,0.425327,0.458373,0.362223,0.435576,0.442794,0.579522,0.350059,0.443363,0.607179,0.542833,0.282500,0.596676,0.389226,0.366032,0.634410,0.645172,0.738460,0.941573,0.317804,0.177508,0.287784,0.282350,0.206591,0.196371,0.188874,0.133551,0.353456,0.287879,0.397603,0.420809,0.895827,0.828026,0.228710,0.275477,0.330905,0.149220,0.258415,0.180524,0.059673,0.105870,0.625227,0.610454,0.409222,0.536578,0.646053,0.763108,0.593934,0.764292,0.611829,0.486659,0.438982,0.396777,0.516411,0.477076,1.024672,0.971088,0.673388,0.764952,0.441168,0.430214,0.709534,0.769752,0.114474,0.300660,0.659845,0.750062,0.639631,0.873061,0.456908,0.240002,0.565639,0.548768,0.415454,0.313939,0.647787,0.749041,0.474117,0.209236,0.541605,0.442375,0.276681,0.265105,0.540509,0.504642,0.225662,0.254287,0.355502,0.434407
0.435047,0.425327,0.000000,1.038786,0.485685,0.240205,1.005161,0.555607,0.571005,0.330562,0.437264,0.218355,0.355679,0.387659,0.630307,0.665266,0.005020,-0.034080,0.596276,0.918441,0.367627,0.446897,1.274869,1.086389,0.699211,0.551329,0.541214,0.513596,-0.005632,0.076117,0.570555,0.541866,0.386733,0.378232,0.631264,0.425546,0.411387,0.172916,0.288678,0.280498,-0.026929,-0.051806,0.447244,0.196418,0.198643,0.158352,0.399074,0.356843,0.113096,0.267703,0.388537,0.208864,0.073212,0.230643,0.162109,0.228808,0.103669,0.346014,0.425870,0.229562,0.353868,0.170069,0.029745,0.112534,0.566760,0.547389,0.561474,0.334002,0.435057,0.601872,0.519414,0.496529,0.213863,0.241141,0.163326,0.281145,0.381332,0.526243,0.138356,-0.049051,0.189302,0.262015,0.418322,0.489138,0.589556,0.565698,0.406332,0.669900,0.734309,0.787188
0.459806,0.458373,1.038786,0.000000,0.307852,0.436420,1.006461,0.939132,0.501942,0.495694,0.275164,0.202467,0.186635,0.398317,0.331557,0.643679,0.140308,-0.009214,0.491698,1.133660,0.402878,0.519711,0.874705,1.093730,0.506893,0.661873,0.375587,0.446920,-0.041621,-0.003712,0.476887,0.566801,0.438614,0.465922,0.549303,0.582278,0.409556,0.247153,0.435027,0.502686,0.004872,-0.037600,0.592796,0.360587,0.211456,0.264203,0.527330,0.530578,0.148589,0.294610,0.415645,0.247392,0.032022,0.176960,0.207302,0.280059,0.211439,0.372028,0.379937,0.269817,0.316250,0.346017,0.130140,0.087180,0.420337,0.853757,0.734582,0.643302,0.448398,0.670973,0.565914,0.407917,0.200439,0.331402,0.193507,0.237634,0.520273,0.575022,0.139269,-0.104774,0.323327,0.287504,0.354451,0.505984,0.630616,0.799001,0.353526,0.611067,0.718590,0.769547
0.236442,0.362223,0.485685,0.307852,0.000000,0.851043,0.508673,0.623444,0.993297,0.832294,0.602343,0.417620,0.742505,0.781832,0.882099,0.691059,0.084799,0.219840,0.345398,0.390753,0.125895,0.409382,0.402127,0.359840,0.388419,0.539211,0.372451,0.270565,0.285916,0.205950,0.589516,0.528518,0.471821,0.457062,0.306033,0.264334,0.055841,-0.372351,-0.023201,-0.016312,0.351932,0.335259,0.178072,0.009395,0.162137,0.046637,0.163324,0.046103,0.021724,0.159243,0.051503,-0.076607,0.048029,-0.000027,-0.133499,-0.176116,0.182360,0.114552,0.176141,0.091587,0.536773,0.401343,0.146005,0.220424,0.445763,0.469930,0.367051,0.188491,0.038379,0.251251,0.268723,0.344811,0.147239,0.383028,0.240801,0.304326,0.316036,0.262369,0.273650,0.066344,0.155637,0.162515,0.427141,0.290848,0.289801,0.135592,0.256798,0.189161,0.420777,0.302611
0.254577,0.435576,0.240205,0.436420,0.851043,0.000000,0.356088,0.802101,0.792332,1.169251,0.316640,0.236628,0.307528,0.525539,0.350326,0.426502,0.114358,0.138457,0.171011,0.497273,0.074243,0.300879,0.194189,0.326894,0.138265,0.470575,0.267609,0.183482,0.070726,0.022900,0.365869,0.408010,0.417716,0.466606,0.097746,0.193707,0.029197,-0.290619,-0.002512,0.115746,0.248291,0.247092,0.212737,0.064951,0.034913,0.034170,0.237154,0.155469,0.067547,0.171469,0.049566,-0.031724,0.107757,0.063851,-0.076532,-0.008599,0.274252,0.169613,0.094258,0.159014,0.310758,0.447389,0.168397,0.184228,0.069446,0.408056,0.292079,0.320497,0.032954,0.325332,0.141556,0.080421,0.133495,0.304877,0.355615,0.207751,0.336380,0.260694,0.173333,-0.112030,0.198911,0.145181,0.242237,0.191586,0.186809,0.222408,0.113122,0.093969,0.278941,0.298917
0.583959,0.442794,1.005161,1.006461,0.508673,0.356088,0.000000,1.030810,0.660742,0.519954,0.521344,0.246511,0.642187,0.498187,0.611225,0.717719,0.070457,0.006110,0.612296,0.901519,0.248202,0.393135,0.820962,0.739301,0.325255,0.381342,0.218929,0.146560,0.060448,0.067334,0.553477,0.559874,0.643804,0.585477,0.506848,0.455935,0.365876,0.196175,0.373563,0.355111,-0.021889,-0.109888,0.452194,0.226485,0.272802,0.307916,0.472924,0.419806,0.103636,0.222755,0.230684,0.017105,-0.130451,-0.029263,0.140125,0.115489,0.216679,0.346884,0.578858,0.425879,0.847982,0.622054,0.214366,0.193015,0.605680,0.883093,0.708859,0.416270,0.470385,0.584355,0.512021,0.322153,0.285909,0.356159,0.225851,0.326353,0.521856,0.485664,0.009167,-0.078861,0.135995,0.132903,0.334478,0.297020,0.493537,0.455793,0.332839,0.490657,0.840853,0.594573
0.487334,0.579522,0.555607,0.939132,0.623444,0.802101,1.030810,0.000000,0.647454,0.851943,0.530321,0.409480,0.585852,0.724790,0.405530,0.613754,0.135955,0.136779,0.477408,0.791851,0.240087,0.419693,0.397286,0.501638,0.138613,0.434663,0.064079,0.012805,0.122560,0.040612,0.437537,0.523494,0.616343,0.655448,0.285576,0.412027,0.177517,-0.020143,0.289185,0.361677,0.233170,0.170086,0.479106,0.259347,0.219435,0.255510,0.513979,0.421623,0.177206,0.303853,0.263605,0.077965,0.004717,-0.016549,0.131160,0.042539,0.300471,0.266382,0.453922,0.399410,0.704468,0.800336,0.271791,0.192346,0.301731,0.906344,0.631103,0.547071,0.242021,0.543857,0.409394,0.242199,0.303498,0.477062,0.244045,0.285640,0.530837,0.440251,0.179017,-0.198374,0.189747,0.192373,0.305367,0.332545,0.400986,0.407957,0.268113,0.298822,0.664454,0.424622
0.316098,0.350059,0.571005,0.501942,0.993297,0.792332,0.660742,0.647454,0.000000,1.159703,0.502498,0.234417,0.578931,0.541569,0.868575,0.788297,0.063854,-0.013952,0.239270,0.569729,0.115605,0.274521,0.484522,0.547620,0.408311,0.474924,0.465627,0.320529,0.027003,0.050835,0.355855,0.339233,0.410378,0.444692,0.300869,0.329696,0.265119,-0.048312,0.088573,0.096281,-0.062930,-0.075849,0.136504,0.063421,0.109241,0.102997,0.204262,0.125183,-0.019463,0.112873,0.090552,-0.084663,-0.051864,-0.062390,0.009708,0.038937,0.189904,0.245287,0.319061,0.184533,0.653616,0.490061,0.134331,0.173482,0.465849,0.556141,0.462589,0.256871,0.086094,0.367314,0.171514,0.120154,-0.003905,0.177389,0.189755,0.230744,0.262195,0.283185,0.050926,-0.006108,0.107644,0.010847,0.297085,0.197451,0.257588,0.207873,0.184708,0.335453,0.480899,0.474545
0.401140,0.443363,0.330562,0.495694,0.832294,1.169251,0.519954,0.851943,1.159703,0.000000,0.379179,0.149013,0.432882,0.484479,0.551860,0.642515,0.054409,0.010432,0.240561,0.591180,0.109581,0.263493,0.233972,0.360272,0.122359,0.393690,0.297577,0.132722,-0.022855,-0.078257,0.281970,0.320994,0.472961,0.567603,0.130860,0.262690,0.190567,-0.029310,0.108242,0.169482,0.012636,-0.041014,0.156257,0.092555,0.021037,0.081249,0.276149,0.170506,0.031412,0.132024,0.028769,-0.113790,-0.000048,-0.052120,0.065765,0.059569,0.313749,0.312839,0.308568,0.302906,0.620490,0.690657,0.165146,0.187491,0.173470,0.502084,0.361294,0.306956,0.112310,0.395722,0.182363,0.052581,0.062595,0.215317,0.357778,0.196367,0.378274,0.293484,0.032951,-0.089110,0.066318,-0.063147,0.172597,0.048112,0.111983,0.146123,0.072515,0.157100,0.395980,0.365960
0.552958,0.607179,0.437264,0.275164,0.602343,0.316640,0.521344,0.530321,0.502498,0.379179,0.000000,0.711824,1.004268,0.866903,0.730319,0.495988,0.147208,0.270653,0.582350,0.493002,0.249206,0.304636,0.385125,0.314057,0.343826,0.227766,0.286321,0.182263,0.336201,0.227528,0.408669,0.361284,0.660560,0.651685,0.263565,0.221864,0.113557,-0.069131,-0.060464,-0.140788,0.016576,0.040095,0.138941,0.133113,0.188923,0.139718,0.155755,0.178934,0.140145,0.307191,0.279914,0.164673,0.205319,0.094891,0.136299,0.031459,0.321394,0.277691,0.467997,0.222820,0.700754,0.439288,0.312169,0.433307,0.331361,0.410778,0.414210,0.267648,0.158739,0.317759,0.361525,0.339200,0.331108,0.346797,0.236785,0.213495,0.249198,0.446797,0.255532,0.040544,0.118757,0.184644,0.223476,0.143261,0.344688,0.276159,0.056346,0.108638,0.331251,0.279284
0.224391,0.542833,0.218355,0.202467,0.417620,0.236628,0.246511,0.409480,0.234417,0.149013,0.711824,0.000000,0.435614,1.000445,0.264449,0.354999,0.302952,0.591088,0.244569,0.300904,0.307064,0.347905,0.165840,0.151642,0.250641,0.263256,0.054736,0.112296,0.394904,0.339261,0.318993,0.325981,0.379240,0.427437,0.149915,0.158146,-0.057486,-0.242122,-0.045410,-0.166559,0.200891,0.324713,0.243340,0.200427,0.234456,0.166480,0.131094,0.260395,0.336892,0.491163,0.468806,0.468670,0.477450,0.338638,0.194643,0.108336,0.196075,0.110019,0.298838,0.164396,0.277995,0.264882,0.331053,0.458489,0.137616,0.303080,0.460817,0.460978,0.046085,0.250914,0.400021,0.324616,0.256718,0.505146,0.009531,0.172850,0.085543,0.313042,0.395049,0.227070,0.234872,0.230197,0.122188,0.211946,0.281774,0.337449,0.134894,0.061186,0.145942,0.150469
0.298656,0.282500,0.355679,0.186635,0.742505,0.307528,0.642187,0.585852,0.578931,0.432882,1.004268,0.435614,0.000000,0.890907,0.950201,0.664731,-0.025862,0.110618,0.444373,0.259721,-0.002965,0.210163,0.375168,0.271562,0.285629,0.244295,0.142492,0.042614,0.244097,0.093293,0.405353,0.337845,0.511684,0.444620,0.341204,0.143470,0.049571,-0.155383,0.026622,-0.100464,0.168104,0.085335,0.034939,-0.062168,0.120652,0.018888,0.086256,0.029366,-0.080408,-0.000471,0.004771,-0.194270,-0.168138,-0.257579,-0.066117,-0.268351,0.110998,0.064360,0.254814,0.089693,0.877017,0.513830,0.104758,0.176864,0.590764,0.596118,0.285232,0.029133,-0.002171,0.183740,0.199514,0.221690,0.151803,0.198645,0.040461,0.172254,0.160578,0.200755,0.011324,-0.034851,-0.118956,-0.005120,0.230923,0.050622,0.219238,0.055922,0.115629,0.029288,0.454900,0.145593
0.299139,0.596676,0.387659,0.398317,0.781832,0.525539,0.498187,0.724790,0.541569,0.484479,0.866903,1.000445,0.890907,0.000000,0.695412,0.755365,0.271869,0.451779,0.450441,0.497342,0.227768,0.356809,0.395223,0.407308,0.432865,0.489408,0.183853,0.177962,0.332899,0.196049,0.515344,0.537875,0.594159,0.556069,0.380668,0.237695,0.085569,-0.208281,0.184942,0.042373,0.354640,0.387685,0.305867,0.165884,0.236636,0.138577,0.282038,0.284663,0.191843,0.306080,0.290915,0.141532,0.134073,0.026904,0.118166,-0.054365,0.269060,0.193301,0.265530,0.134556,0.514548,0.439460,0.335093,0.381502,0.472957,0.641651,0.562896,0.414755,0.097828,0.413499,0.387213,0.367820,0.308632,0.496413,0.103244,0.302499,0.285773,0.388519,0.333781,0.021407,0.214478,0.239421,0.388315,0.353515,0.485824,0.399906,0.297731,0.187020,0.427283,0.266159
0.399964,0.389226,0.630307,0.331557,0.882099,0.350326,0.611225,0.405530,0.868575,0.551860,0.730319,0.264449,0.950201,0.695412,0.000000,1.041875,0.146465,0.125361,0.535766,0.503400,0.188601,0.173445,0.632775,0.515878,0.565308,0.375013,0.489992,0.338214,0.214742,0.223007,0.442649,0.378323,0.441016,0.325634,0.477427,0.248286,0.245636,-0.066593,0.224367,0.076388,0.143518,0.085632,0.182007,0.086692,0.197386,0.137433,0.200800,0.122307,-0.010006,0.074140,0.097480,-0.095903,-0.127282,-0.091655,0.060268,0.000968,0.190932,0.229884,0.265212,0.136165,0.569216,0.298873,0.134505,0.226426,0.680776,0.483068,0.347983,0.095876,0.196906,0.392569,0.321744,0.321363,0.195321,0.237666,0.201354,0.296518,0.356395,0.351527,0.146080,0.135188,0.153716,0.195394,0.534822,0.343491,0.448611,0.254394,0.359393,0.328447,0.612878,0.523273
0.351309,0.366032,0.665266,0.643679,0.691059,0.426502,0.717719,0.613754,0.788297,0.642515,0.495988,0.354999,0.664731,0.755365,1.041875,0.000000,0.123762,0.090053,0.375472,0.636923,0.308555,0.234579,0.707616,0.726457,0.536592,0.538353,0.402853,0.358194,0.016530,0.100656,0.438866,0.464070,0.372989,0.354467,0.553986,0.346669,0.302393,0.009491,0.346060,0.267025,0.173551,0.106558,0.302016,0.148199,0.144879,0.135734,0.302335,0.236799,-0.029613,0.063808,0.180057,-0.028755,-0.078891,-0.069044,0.149968,0.073836,0.116679,0.231325,0.260454,0.158375,0.535963,0.421936,0.069619,0.161421,0.659703,0.777736,0.458001,0.257290,0.190158,0.447128,0.478781,0.407807,0.150238,0.286798,0.154696,0.355297,0.394885,0.403871,0.066265,0.065441,0.149155,0.152095,0.474377,0.419877,0.515078,0.474080,0.474515,0.495116,0.753202,0.728972
0.510686,0.634410,0.005020,0.140308,0.084799,0.114358,0.070457,0.135955,0.063854,0.054409,0.147208,0.302952,-0.025862,0.271869,0.146465,0.123762,0.000000,1.111325,0.350177,0.419072,0.296590,0.042932,0.049548,0.063568,0.198421,0.199843,0.012658,0.081058,0.781752,0.586314,0.218406,0.341413,0.541680,0.386543,0.250207,0.354436,0.328779,0.165001,0.335974,0.125735,0.135550,0.186679,0.553494,0.656448,0.717263,0.768101,0.456616,0.565805,0.643502,0.579043,0.322232,0.334335,0.182294,0.222064,0.295859,0.305386,0.824594,0.489879,0.289025,0.387573,0.101745,0.192999,1.099118,0.793680,0.140490,0.196711,0.509105,0.718616,0.483430,0.343436,0.284722,0.177994,0.512200,0.414666,0.232991,0.140755,0.482343,0.443939,0.834286,0.484912,0.918001,0.625768,0.450089,0.318541,0.477165,0.417750,0.290938,0.221120,0.107884,0.220082
0.356704,0.645172,-0.034080,-0.009214,0.219840,0.138457,0.006110,0.136779,-0.013952,0.010432,0.270653,0.591088,0.110618,0.451779,0.125361,0.090053,1.111325,0.000000,0.281539,0.265902,0.273112,0.116981,-0.013111,-0.031757,0.153897,0.210920,-0.060696,0.001445,0.918697,0.745950,0.373820,0.442797,0.630423,0.510810,0.206064,0.232487,0.073231,-0.138296,0.095672,-0.125649,0.357676,0.437711,0.341263,0.408529,0.605489,0.594330,0.286045,0.387383,0.648572,0.550465,0.284616,0.302218,0.311914,0.255101,0.217605,0.113548,0.668817,0.382847,0.231048,0.351729,0.134310,0.213427,0.975382,1.029763,0.099852,0.147272,0.390574,0.553190,0.311364,0.223650,0.306230,0.225737,0.548801,0.579647,0.219633,0.220344,0.325593,0.408683,0.780931,0.586712,0.646642,0.553422,0.327539,0.229657,0.312215,0.257722,0.207540,0.038900,0.037990,0.053840
0.893900,0.738460,0.596276,0.491698,0.345398,0.171011,0.612296,0.477408,0.239270,0.240561,0.582350,0.244569,0.444373,0.450441,0.535766,0.375472,0.350177,0.281539,0.000000,0.728193,0.261888,0.266040,0.450307,0.339027,0.266172,0.247047,0.146633,0.118865,0.362549,0.184119,0.331871,0.354526,0.665133,0.544777,0.340355,0.319778,0.357063,0.222697,0.359878,0.294730,0.144645,0.073767,0.472699,0.396441,0.369578,0.306848,0.512609,0.462702,0.291137,0.418081,0.289942,0.223364,0.059022,0.091578,0.275183,0.188554,0.554252,0.601647,0.472893,0.376744,0.392783,0.261657,0.384821,0.334693,0.319954,0.345878,0.445586,0.320502,0.835699,0.561682,0.482460,0.360322,0.563560,0.389995,0.338663,0.351152,0.664368,0.650198,0.371849,0.008336,0.282613,0.329374,0.415506,0.320977,0.531829,0.323029,0.338209,0.409934,0.474786,0.357726
0.844311,0.941573,0.918441,1.133660,0.390753,0.497273,0.901519,0.791851,0.569729,0.591180,0.493002,0.300904,0.259721,0.497342,0.503400,0.636923,0.419072,0.265902,0.728193,0.000000,0.421148,0.353857,0.779438,0.862499,0.495954,0.523922,0.458659,0.391264,0.133872,0.160539,0.564399,0.643932,0.790738,0.771503,0.542478,0.564322,0.476463,0.287556,0.377510,0.351772,-0.085050,-0.080445,0.620610,0.476020,0.343878,0.453610,0.589444,0.633710,0.329087,0.492816,0.417851,0.279878,0.138285,0.262193,0.308326,0.402509,0.588165,0.719852,0.553243,0.492889,0.466459,0.449192,0.475505,0.459992,0.376387,0.673157,0.791770,0.770625,0.672361,0.966182,0.565812,0.301576,0.409527,0.394311,0.410272,0.260663,0.646466,0.744423,0.279495,0.018895,0.458867,0.376392,0.384923,0.412780,0.690831,0.793781,0.300773,0.555700,0.574911,0.768273
0.250954,0.317804,0.367627,0.402878,0.125895,0.074243,0.248202,0.240087,0.115605,0.109581,0.249206,0.307064,-0.002965,0.227768,0.188601,0.308555,0.296590,0.273112,0.261888,0.421148,0.000000,0.423487,0.375371,0.370301,0.354214,0.289472,0.279373,0.276779,0.142840,0.323089,0.286831,0.323866,0.225105,0.169419,0.233835,0.158760,0.211041,0.137867,0.178967,0.231037,0.002943,0.174929,0.319785,0.258322,0.175220,0.176805,0.201230,0.172147,0.218557,0.227367,0.298619,0.281689,0.259115,0.328220,0.161647,0.205881,0.062079,0.099033,0.181002,0.184046,0.025774,0.039799,0.270911,0.251123,0.113680,0.210264,0.252437,0.311486,0.239178,0.399618,0.771667,0.614322,0.348340,0.294529,0.198528,0.081855,0.313041,0.393193,0.229081,0.272814,0.474127,0.419057,0.305365,0.487212,0.418467,0.544026,0.271354,0.377947,0.212374,0.440478
0.151339,0.177508,0.446897,0.519711,0.409382,0.300879,0.393135,0.419693,0.274521,0.263493,0.304636,0.347905,0.210163,0.356809,0.173445,0.234579,0.042932,0.116981,0.266040,0.353857,0.423487,0.000000,0.484921,0.484255,0.428767,0.544481,0.198333,0.335823,0.266204,0.059549,0.432287,0.447389,0.279316,0.272071,0.313454,0.309057,-0.003888,-0.029050,0.065523,0.142777,0.069604,0.120693,0.123148,0.024391,0.023500,-0.039444,0.120253,0.132264,0.029342,0.100409,0.089215,0.004598,0.028461,0.091729,-0.115516,-0.050703,0.013614,0.040597,0.072455,-0.037120,0.149169,0.196639,0.007771,0.059294,0.309617,0.464487,0.244933,0.202849,0.114348,0.243455,0.370842,0.417978,0.101862,0.333522,0.130333,0.173425,0.106853,0.209870,0.138715,-0.017179,0.115932,0.030636,0.162897,0.183422,0.176878,0.245868,0.174516,0.254698,0.273474,0.284738
0.309870,0.287784,1.274869,0.874705,0.402127,0.194189,0.820962,0.397286,0.484522,0.233972,0.385125,0.165840,0.375168,0.395223,0.632775,0.707616,0.049548,-0.013111,0.450307,0.779438,0.375371,0.484921,0.000000,1.643887,1.024071,0.662126,0.742165,0.735337,0.050461,0.145893,0.791147,0.778053,0.442883,0.360041,0.955861,0.522706,0.383442,0.164916,0.223285,0.190904,-0.114130,-0.100888,0.307751,0.154376,0.253940,0.202322,0.276032,0.250904,0.010057,0.091544,0.219948,0.012065,-0.109670,0.085917,-0.013901,0.064764,0.058338,0.310383,0.190490,0.088921,0.310315,0.167709,0.036530,0.120346,0.876363,0.690784,0.507001,0.285099,0.298745,0.415253,0.588084,0.565832,0.146959,0.215976,0.086822,0.201918,0.304002,0.529142,0.080706,0.057959,0.248469,0.289126,0.393084,0.443805,0.630491,0.670574,0.312931,0.619441,0.570509,0.797800
0.255437,0.282350,1.086389,1.093730,0.359840,0.326894,0.739301,0.501638,0.547620,0.360272,0.314057,0.151642,0.271562,0.407308,0.515878,0.726457,0.063568,-0.031757,0.339027,0.862499,0.370301,0.484255,1.643887,0.000000,0.980723,0.811583,0.751317,0.799847,0.001873,0.073266,0.685632,0.755792,0.423156,0.406738,0.920249,0.628606,0.387907,0.148970,0.233446,0.241543,-0.119201,-0.083723,0.299769,0.172484,0.223768,0.203725,0.290220,0.276318,0.012683,0.073233,0.221457,-0.002993,-0.128884,0.044064,0.001060,0.084055,0.062140,0.304289,0.153397,0.066132,0.272253,0.243925,0.032147,0.114092,0.782382,0.811401,0.559026,0.394788,0.222642,0.412340,0.536064,0.462926,0.106598,0.209154,0.096380,0.153024,0.312679,0.514727,0.088499,-0.005037,0.258723,0.263279,0.364975,0.441801,0.605185,0.755806,0.298540,0.629979,0.572527,0.838907
0.133191,0.206591,0.699211,0.506893,0.388419,0.138265,0.325255,0.138613,0.408311,0.122359,0.343826,0.250641,0.285629,0.432865,0.565308,0.536592,0.198421,0.153897,0.266172,0.495954,0.354214,0.428767,1.024071,0.980723,0.000000,1.033863,0.869837,1.020259,0.140572,0.190329,0.670318,0.648458,0.320501,0.243554,1.013230,0.531424,0.398466,0.093869,0.155755,0.074914,0.014305,0.084233,0.273565,0.195345,0.348272,0.157499,0.128121,0.145152,0.058301,0.100361,0.231861,0.101819,-0.078193,0.049915,-0.063036,0.009043,0.092751,0.179934,0.029331,-0.122607,0.074886,-0.089123,0.033628,0.116056,0.833466,0.560202,0.476209,0.348942,0.169051,0.319270,0.447168,0.540820,0.045369,0.133186,-0.013450,0.062755,0.173120,0.376000,0.337439,0.178174,0.326984,0.386991,0.445563,0.464425,0.603278,0.607676,0.336431,0.498291,0.294156,0.486908
0.116340,0.196371,0.551329,0.661873,0.539211,0.470575,0.381342,0.434663,0.474924,0.393690,0.227766,0.263256,0.244295,0.489408,0.375013,0.538353,0.199843,0.210920,0.247047,0.523922,0.289472,0.544481,0.662126,0.811583,1.033863,0.000000,0.567876,0.750430,0.215260,0.214725,0.702304,0.798415,0.364266,0.345298,0.748017,0.627549,0.343700,-0.030098,0.221534,0.205374,0.236996,0.262380,0.313093,0.165972,0.328652,0.149420,0.196962,0.176862,0.105519,0.113012,0.112121,0.022746,-0.121447,-0.041347,-0.063067,-0.020913,0.100024,0.114823,-0.038896,-0.115606,0.072072,0.056158,0.051137,0.084706,0.588473,0.695735,0.488268,0.447854,0.153471,0.286491,0.441240,0.537125,0.046736,0.263724,0.066951,0.158661,0.229852,0.317484,0.378269,0.148202,0.316653,0.346911,0.513066,0.469155,0.451088,0.535222,0.416124,0.461562,0.298726,0.356590
0.113555,0.188874,0.541214,0.375587,0.372451,0.267609,0.218929,0.064079,0.465627,0.297577,0.286321,0.054736,0.142492,0.183853,0.489992,0.402853,0.012658,-0.060696,0.146633,0.458659,0.279373,0.198333,0.742165,0.751317,0.869837,0.567876,0.000000,1.240972,-0.008394,0.131189,0.522987,0.453398,0.258875,0.232857,0.592815,0.338685,0.258593,0.003478,-0.130938,-0.090201,-0.248021,-0.148428,0.098002,0.084201,0.108848,0.025986,-0.029187,-0.000922,-0.036901,0.011480,0.140001,0.055643,0.055630,0.214937,-0.167212,0.016458,0.046222,0.155173,-0.009889,-0.115343,0.085651,-0.033791,-0.068858,0.081810,0.451126,0.280494,0.269095,0.175552,0.090770,0.205129,0.339656,0.348075,-0.100751,-0.010930,0.096614,-0.169550,0.139909,0.332593,0.218116,0.159536,0.261937,0.301318,0.135878,0.238429,0.358641,0.441456,-0.048575,0.225675,0.213568,0.512177
0.083606,0.133551,0.513596,0.446920,0.270565,0.183482,0.146560,0.012805,0.320529,0.132722,0.182263,0.112296,0.042614,0.177962,0.338214,0.358194,0.081058,0.001445,0.118865,0.391264,0.276779,0.335823,0.735337,0.799847,1.020259,0.750430,1.240972,0.000000,0.057685,0.133079,0.473305,0.431719,0.164349,0.152271,0.648248,0.399509,0.201546,0.023733,-0.094535,-0.048083,-0.183582,-0.124999,0.089026,0.062655,0.100727,0.012628,-0.067211,-0.003769,-0.063594,-0.010432,0.174400,0.106005,0.067369,0.235514,-0.127391,0.053829,0.037711,0.129149,-0.091786,-0.209794,-0.059376,-0.151178,-0.086127,0.047959,0.449770,0.310913,0.313593,0.238955,0.097411,0.204754,0.325914,0.393317,-0.087715,-0.002816,-0.005997,-0.126168,0.079989,0.278694,0.249958,0.210731,0.299429,0.313110,0.193166,0.299108,0.351616,0.529213,0.048018,0.291478,0.177557,0.493581
0.327153,0.353456,-0.005632,-0.041621,0.285916,0.070726,0.060448,0.122560,0.027003,-0.022855,0.336201,0.394904,0.244097,0.332899,0.214742,0.016530,0.781752,0.918697,0.362549,0.133872,0.142840,0.266204,0.050461,0.001873,0.140572,0.215260,-0.008394,0.057685,0.000000,0.912837,0.332853,0.415530,0.495701,0.378859,0.195808,0.365926,0.025441,-0.183377,0.010262,-0.225474,0.200983,0.227300,0.144391,0.228856,0.525702,0.465635,0.136467,0.214036,0.423403,0.315270,0.080705,0.074645,0.126315,0.146903,0.044677,-0.018700,0.426719,0.172941,0.150147,0.159287,0.199742,0.267196,0.695546,0.676856,0.205440,0.167314,0.243134,0.285991,0.217299,0.035237,0.271064,0.255020,0.461740,0.492799,0.143287,0.177188,0.231720,0.300296,0.754041,0.548487,0.572935,0.509790,0.389090,0.195432,0.230526,0.147937,0.154530,0.070411,0.047060,0.081857
0.174425,0.287879,0.076117,-0.003712,0.205950,0.022900,0.067334,0.040612,0.050835,-0.078257,0.227528,0.339261,0.093293,0.196049,0.223007,0.100656,0.586314,0.745950,0.184119,0.160539,0.323089,0.059549,0.145893,0.073266,0.190329,0.214725,0.131189,0.133079,0.912837,0.000000,0.416444,0.447108,0.272608,0.173729,0.161125,0.194978,0.051132,-0.182626,-0.077515,-0.214965,0.078271,0.199514,0.155344,0.226889,0.574413,0.519340,0.032151,0.120835,0.385488,0.277264,0.079731,0.124347,0.115540,0.193219,0.006625,0.067097,0.182058,0.088618,0.072526,0.154731,0.056331,0.098174,0.494064,0.568938,0.119561,0.085990,0.151454,0.206683,0.113749,0.045317,0.428485,0.377931,0.272550,0.390442,0.015447,0.129073,0.155354,0.319720,0.550166,0.909548,0.704667,0.791134,0.434407,0.421639,0.258320,0.236927,0.166383,0.208186,-0.026533,0.172888
0.279163,0.397603,0.570555,0.476887,0.589516,0.365869,0.553477,0.437537,0.355855,0.281970,0.408669,0.318993,0.405353,0.515344,0.442649,0.438866,0.218406,0.373820,0.331871,0.564399,0.286831,0.432287,0.791147,0.685632,0.670318,0.702304,0.522987,0.473305,0.332853,0.416444,0.000000,1.732981,0.762299,0.662900,0.647539,0.386426,0.193910,-0.136266,-0.051667,-0.083956,0.125676,0.184575,0.249698,0.153717,0.416247,0.315438,0.171539,0.131416,0.164538,0.106057,0.066629,-0.075349,-0.069917,0.001201,-0.141132,-0.182510,0.225746,0.335381,0.091415,0.120681,0.328799,0.244680,0.251255,0.393451,0.529978,0.465317,0.386804,0.311669,0.173918,0.193283,0.608985,0.587608,0.249790,0.386738,0.122825,0.112103,0.364385,0.509266,0.319720,0.221204,0.300145,0.383615,0.298161,0.249317,0.410642,0.391428,0.102694,0.205502,0.229117,0.266101
0.327775,0.420809,0.541866,0.566801,0.528518,0.408010,0.559874,0.523494,0.339233,0.320994,0.361284,0.325981,0.337845,0.537875,0.378323,0.464070,0.341413,0.442797,0.354526,0.643932,0.323866,0.447389,0.778053,0.755792,0.648458,0.798415,0.453398,0.431719,0.415530,0.447108,1.732981,0.000000,0.800898,0.710089,0.722448,0.516162,0.259587,-0.079769,0.053229,0.003103,0.151741,0.216118,0.283611,0.195489,0.483753,0.387486,0.223973,0.198693,0.183526,0.115595,0.032783,-0.101965,-0.115531,-0.038471,-0.105499,-0.159335,0.302007,0.373937,0.072886,0.129697,0.321501,0.328798,0.342902,0.423494,0.557720,0.571885,0.447005,0.419490,0.218498,0.206596,0.665780,0.563298,0.347382,0.495438,0.150295,0.141541,0.393147,0.515956,0.383508,0.206002,0.404851,0.433225,0.376748,0.294550,0.462674,0.475185,0.189876,0.287397,0.246915,0.299407
0.861716,0.895827,0.386733,0.438614,0.471821,0.417716,0.643804,0.616343,0.410378,0.472961,0.660560,0.379240,0.511684,0.594159,0.441016,0.372989,0.541680,0.630423,0.665133,0.790738,0.225105,0.279316,0.442883,0.423156,0.320501,0.364266,0.258875,0.164349,0.495701,0.272608,0.762299,0.800898,0.000000,1.565897,0.572236,0.544936,0.364539,0.133886,0.168657,0.048107,0.030454,0.041977,0.391658,0.413881,0.554696,0.609940,0.483603,0.478922,0.413767,0.447679,0.278580,0.095505,0.090221,0.070300,0.205641,0.112158,0.896803,0.842989,0.557164,0.592599,0.774183,0.678698,0.780944,0.916197,0.456773,0.577835,0.810335,0.727187,0.605168,0.455538,0.507518,0.293032,0.581073,0.516189,0.440038,0.235901,0.711369,0.801770,0.355226,0.189241,0.379333,0.334407,0.217433,0.089190,0.467602,0.431865,0.087382,0.174277,0.339154,0.296929
0.809366,0.828026,0.378232,0.465922,0.457062,0.466606,0.585477,0.655448,0.444692,0.567603,0.651685,0.427437,0.444620,0.556069,0.325634,0.354467,0.386543,0.510810,0.544777,0.771503,0.169419,0.272071,0.360041,0.406738,0.243554,0.345298,0.232857,0.152271,0.378859,0.173729,0.662900,0.710089,1.565897,0.000000,0.404226,0.514543,0.348590,0.134972,0.016247,-0.060055,-0.062887,-0.060683,0.277356,0.346316,0.421005,0.488809,0.415738,0.418375,0.342292,0.433253,0.261783,0.117563,0.154607,0.068508,0.234513,0.112625,0.826353,0.835519,0.600858,0.567825,0.787957,0.767457,0.659783,0.839979,0.290105,0.509555,0.705997,0.705829,0.488139,0.380069,0.434173,0.189297,0.467090,0.468017,0.385168,0.187789,0.557044,0.682777,0.276596,0.069496,0.222914,0.177719,0.058133,-0.028254,0.296977,0.336914,-0.038056,0.131564,0.250728,0.240864
0.225606,0.228710,0.631264,0.549303,0.306033,0.097746,0.506848,0.285576,0.300869,0.130860,0.263565,0.149915,0.341204,0.380668,0.477427,0.553986,0.250207,0.206064,0.340355,0.542478,0.233835,0.313454,0.955861,0.920249,1.013230,0.748017,0.592815,0.648248,0.195808,0.161125,0.647539,0.722448,0.572236,0.404226,0.000000,0.810110,0.488383,0.221507,0.305683,0.188045,0.016258,0.041903,0.342012,0.274993,0.495755,0.371055,0.246716,0.248998,0.125485,0.132679,0.217238,-0.001520,-0.151600,0.006720,-0.035995,0.015777,0.205344,0.314977,0.144568,0.094225,0.316963,0.212625,0.175459,0.245468,1.170275,0.839433,0.675458,0.490727,0.317987,0.305023,0.464313,0.481001,0.124000,0.137934,0.035785,0.074505,0.378191,0.525343,0.289274,0.151419,0.317900,0.399728,0.393887,0.355453,0.686863,0.684366,0.343792,0.522184,0.481198,0.551605
0.369866,0.275477,0.425546,0.582278,0.264334,0.193707,0.455935,0.412027,0.329696,0.262690,0.221864,0.158146,0.143470,0.237695,0.248286,0.346669,0.354436,0.232487,0.319778,0.564322,0.158760,0.309057,0.522706,0.628606,0.531424,0.627549,0.338685,0.399509,0.365926,0.194978,0.386426,0.516162,0.544936,0.514543,0.810110,0.000000,0.540448,0.253436,0.349126,0.270136,0.004747,-0.009090,0.369931,0.416081,0.543945,0.516400,0.344299,0.345618,0.267337,0.305305,0.277371,0.126811,-0.055219,0.069740,0.114072,0.180270,0.389973,0.361077,0.302257,0.229114,0.352498,0.385778,0.374748,0.304976,0.635544,0.727048,0.807935,0.732799,0.402084,0.258433,0.406529,0.310373,0.189284,0.307688,0.148189,0.172795,0.456202,0.526635,0.430100,0.159462,0.480108,0.360997,0.312241,0.296558,0.570066,0.648019,0.290525,0.456389,0.403465,0.527017
0.466892,0.330905,0.411387,0.409556,0.055841,0.029197,0.365876,0.177517,0.265119,0.190567,0.113557,-0.057486,0.049571,0.085569,0.245636,0.302393,0.328779,0.073231,0.357063,0.476463,0.211041,-0.003888,0.383442,0.387907,0.398466,0.343700,0.258593,0.201546,0.025441,0.051132,0.193910,0.259587,0.364539,0.348590,0.488383,0.540448,0.000000,0.812432,0.642511,0.499350,-0.130382,-0.111503,0.642560,0.727463,0.620578,0.583486,0.720273,0.645383,0.428819,0.430505,0.459241,0.357149,0.008172,0.085547,0.549300,0.534076,0.419340,0.586582,0.550762,0.489434,0.260534,0.218340,0.260944,0.205498,0.396242,0.346126,0.558709,0.556085,0.496045,0.403387,0.340122,0.266532,0.177693,0.123670,0.114849,0.113332,0.582535,0.563943,0.191708,0.060002,0.401953,0.307938,0.387668,0.260818,0.602150,0.552216,0.395749,0.620736,0.374913,0.469293
0.339932,0.149220,0.172916,0.247153,-0.372351,-0.290619,0.196175,-0.020143,-0.048312,-0.029310,-0.069131,-0.242122,-0.155383,-0.208281,-0.066593,0.009491,0.165001,-0.138296,0.222697,0.287556,0.137867,-0.029050,0.164916,0.148970,0.093869,-0.030098,0.003478,0.023733,-0.183377,-0.182626,-0.136266,-0.079769,0.133886,0.134972,0.221507,0.253436,0.812432,0.000000,0.477720,0.545631,-0.430292,-0.439900,0.313762,0.501343,0.206763,0.325838,0.415875,0.441562,0.150539,0.199385,0.262004,0.252509,-0.044902,0.015747,0.496895,0.524404,0.238980,0.471162,0.393924,0.350099,0.110321,0.085348,0.124717,-0.001307,0.135835,0.121554,0.305203,0.332312,0.427386,0.305714,0.204580,0.027731,0.088249,-0.092955,0.014083,0.058941,0.318705,0.332146,-0.120057,-0.075958,0.160787,0.065411,0.133502,0.059489,0.300950,0.364312,0.191598,0.440448,0.127242,0.233404
0.329618,0.258415,0.288678,0.435027,-0.023201,-0.002512,0.373563,0.289185,0.088573,0.108242,-0.060464,-0.045410,0.026622,0.184942,0.224367,0.346060,0.335974,0.095672,0.359878,0.377510,0.178967,0.065523,0.223285,0.233446,0.155755,0.221534,-0.130938,-0.094535,0.010262,-0.077515,-0.051667,0.053229,0.168657,0.016247,0.305683,0.349126,0.642511,0.477720,0.000000,1.094420,0.272951,0.173164,0.688129,0.551927,0.345793,0.397428,0.809987,0.685071,0.381874,0.382974,0.420756,0.274164,-0.038946,0.049972,0.611063,0.541105,0.285445,0.304204,0.294270,0.344676,0.075454,0.105695,0.219551,0.025380,0.316891,0.380399,0.499168,0.438558,0.506424,0.523436,0.273594,0.180444,0.301726,0.280904,0.202502,0.415062,0.577056,0.373569,0.132799,-0.049408,0.352657,0.235307,0.577292,0.486620,0.566167,0.491462,0.798661,0.617993,0.514137,0.430867
0.189650,0.180524,0.280498,0.502686,-0.016312,0.115746,0.355111,0.361677,0.096281,0.169482,-0.140788,-0.166559,-0.100464,0.042373,0.076388,0.267025,0.125735,-0.125649,0.294730,0.351772,0.231037,0.142777,0.190904,0.241543,0.074914,0.205374,-0.090201,-0.048083,-0.225474,-0.214965,-0.083956,0.003103,0.048107,-0.060055,0.188045,0.270136,0.499350,0.545631,1.094420,0.000000,0.281592,0.215083,0.642192,0.480209,0.160078,0.224942,0.721622,0.540588,0.159318,0.240460,0.319519,0.227787,-0.071059,-0.007357,0.410221,0.425268,0.127966,0.195940,0.164659,0.238629,-0.041405,0.039845,0.037341,-0.208264,0.191846,0.329907,0.358610,0.335245,0.363734,0.509556,0.274741,0.175239,0.227375,0.261416,0.121413,0.406046,0.614408,0.297794,-0.002262,-0.201040,0.320229,0.238222,0.554480,0.566623,0.525544,0.486218,0.776196,0.646348,0.459039,0.375397
-0.112867,0.059673,-0.026929,0.004872,0.351932,0.248291,-0.021889,0.233170,-0.062930,0.012636,0.016576,0.200891,0.168104,0.354640,0.143518,0.173551,0.135550,0.357676,0.144645,-0.085050,0.002943,0.069604,-0.114130,-0.119201,0.014305,0.236996,-0.248021,-0.183582,0.200983,0.078271,0.125676,0.151741,0.030454,-0.062887,0.016258,0.004747,-0.130382,-0.430292,0.272951,0.281592,0.000000,1.342047,0.228701,0.038330,0.080371,-0.048047,0.162206,0.036198,0.070626,0.067868,0.034184,0.051576,0.038370,-0.059622,-0.007583,-0.223553,0.040162,-0.147073,-0.190927,-0.098666,-0.171132,-0.107986,0.023145,-0.048651,0.042833,0.114604,-0.000792,0.004667,-0.022818,0.001824,0.072268,0.157583,0.363613,0.489491,0.108955,0.342037,0.250258,0.030353,0.364045,-0.074434,0.146064,0.290443,0.483593,0.423862,0.203688,0.023881,0.523464,0.026974,0.195170,-0.092243
-0.199474,0.105870,-0.051806,-0.037600,0.335259,0.247092,-0.109888,0.170086,-0.075849,-0.041014,0.040095,0.324713,0.085335,0.387685,0.085632,0.106558,0.186679,0.437711,0.073767,-0.080445,0.174929,0.120693,-0.100888,-0.083723,0.084233,0.262380,-0.148428,-0.124999,0.227300,0.199514,0.184575,0.216118,0.041977,-0.060683,0.041903,-0.009090,-0.111503,-0.439900,0.173164,0.215083,1.342047,0.000000,0.293660,0.147346,0.185893,0.046351,0.173046,0.083848,0.196983,0.148052,0.113232,0.140926,0.134986,0.025470,-0.008048,-0.149356,-0.016858,-0.180619,-0.204276,-0.086186,-0.226763,-0.121003,0.107262,0.047601,0.066432,0.076374,0.029072,0.088946,-0.091123,0.007392,0.174724,0.289869,0.300320,0.517404,0.106747,0.235477,0.211862,0.073926,0.404677,0.048604,0.270582,0.395971,0.459104,0.509140,0.296825,0.122492,0.500886,0.072379,0.110594,-0.065251
0.437991,0.625227,0.447244,0.592796,0.178072,0.212737,0.452194,0.479106,0.136504,0.156257,0.138941,0.243340,0.034939,0.305867,0.182007,0.302016,0.553494,0.341263,0.472699,0.620610,0.319785,0.123148,0.307751,0.299769,0.273565,0.313093,0.098002,0.089026,0.144391,0.155344,0.249698,0.283611,0.391658,0.277356,0.342012,0.369931,0.642560,0.313762,0.688129,0.642192,0.228701,0.293660,0.000000,1.212563,0.736163,0.776923,1.281577,1.243319,0.855361,0.954953,0.930390,0.785588,0.260498,0.385197,0.566720,0.639669,0.450103,0.385167,0.549953,0.574377,0.141152,0.165422,0.467031,0.277862,0.253501,0.401346,0.800954,0.923843,0.524144,0.748530,0.366325,0.351973,0.282911,0.344829,0.206923,0.256495,0.785003,0.594949,0.477156,0.058521,0.678326,0.619847,0.533067,0.699320,0.974949,0.772867,0.606389,0.503155,0.536714,0.524050
0.472247,0.610454,0.196418,0.360587,0.009395,0.064951,0.226485,0.259347,0.063421,0.092555,0.133113,0.200427,-0.062168,0.165884,0.086692,0.148199,0.656448,0.408529,0.396441,0.476020,0.258322,0.024391,0.154376,0.172484,0.195345,0.165972,0.084201,0.062655,0.228856,0.226889,0.153717,0.195489,0.413881,0.346316,0.274993,0.416081,0.727463,0.501343,0.551927,0.480209,0.038330,0.147346,1.212563,0.000000,0.987112,1.147962,1.071530,1.210968,1.032219,1.007852,0.885118,0.804478,0.261145,0.313972,0.665219,0.699273,0.589311,0.542563,0.527483,0.594659,0.121800,0.197047,0.585511,0.407275,0.178267,0.244601,0.717773,0.936376,0.475997,0.461489,0.321873,0.266732,0.273228,0.321728,0.168058,0.165063,0.726260,0.685295,0.501363,0.156754,0.700058,0.603193,0.374176,0.466348,0.786589,0.674204,0.365653,0.444261,0.244207,0.370986
0.368035,0.409222,0.198643,0.211456,0.162137,0.034913,0.272802,0.219435,0.109241,0.021037,0.188923,0.234456,0.120652,0.236636,0.197386,0.144879,0.717263,0.605489,0.369578,0.343878,0.175220,0.023500,0.253940,0.223768,0.348272,0.328652,0.108848,0.100727,0.525702,0.574413,0.416247,0.483753,0.554696,0.421005,0.495755,0.543945,0.620578,0.206763,0.345793,0.160078,0.080371,0.185893,0.736163,0.987112,0.000000,1.373046,0.664760,0.671949,0.929958,0.696785,0.467221,0.364028,-0.005304,0.060619,0.304387,0.273645,0.494423,0.396081,0.392579,0.421427,0.262297,0.278209,0.641116,0.557244,0.432532,0.354731,0.671260,0.739411,0.370017,0.179717,0.355217,0.386370,0.360944,0.322393,0.092734,0.073354,0.559258,0.576625,0.613780,0.355067,0.621367,0.679505,0.405670,0.394244,0.616767,0.456795,0.322224,0.442818,0.173637,0.234208
0.477490,0.536578,0.158352,0.264203,0.046637,0.034170,0.307916,0.255510,0.102997,0.081249,0.139718,0.166480,0.018888,0.138577,0.137433,0.135734,0.768101,0.594330,0.306848,0.453610,0.176805,-0.039444,0.202322,0.203725,0.157499,0.149420,0.025986,0.012628,0.465635,0.519340,0.315438,0.387486,0.609940,0.488809,0.371055,0.516400,0.583486,0.325838,0.397428,0.224942,-0.048047,0.046351,0.776923,1.147962,1.373046,0.000000,0.803891,0.896324,1.024360,0.801413,0.535476,0.404912,0.060151,0.162216,0.488265,0.486426,0.618594,0.571107,0.565395,0.728280,0.332285,0.412899,0.862724,0.717126,0.317496,0.333157,0.718195,0.864490,0.457283,0.340938,0.326426,0.231427,0.334236,0.357097,0.204019,0.158571,0.617430,0.646392,0.423384,0.375967,0.654602,0.541865,0.327141,0.308011,0.573856,0.505788,0.259939,0.383573,0.226586,0.342900
0.525879,0.646053,0.399074,0.527330,0.163324,0.237154,0.472924,0.513979,0.204262,0.276149,0.155755,0.131094,0.086256,0.282038,0.200800,0.302335,0.456616,0.286045,0.512609,0.589444,0.201230,0.120253,0.276032,0.290220,0.128121,0.196962,-0.029187,-0.067211,0.136467,0.032151,0.171539,0.223973,0.483603,0.415738,0.246716,0.344299,0.720273,0.415875,0.809987,0.721622,0.162206,0.173046,1.281577,1.071530,0.664760,0.803891,0.000000,1.454744,0.830536,0.877845,0.818105,0.579623,0.183538,0.225262,0.799711,0.687090,0.542078,0.567211,0.663585,0.719497,0.281118,0.347233,0.488485,0.322168,0.244033,0.379049,0.729563,0.776150,0.555784,0.684811,0.294648,0.231337,0.378775,0.388663,0.256241,0.369872,0.844962,0.623684,0.261439,-0.051875,0.458759,0.350895,0.449259,0.468024,0.721430,0.568678,0.545428,0.548244,0.549055,0.485457
0.558206,0.763108,0.356843,0.530578,0.046103,0.155469,0.419806,0.421623,0.125183,0.170506,0.178934,0.260395,0.029366,0.284663,0.122307,0.236799,0.565805,0.387383,0.462702,0.633710,0.172147,0.132264,0.250904,0.276318,0.145152,0.176862,-0.000922,-0.003769,0.214036,0.120835,0.131416,0.198693,0.478922,0.418375,0.248998,0.345618,0.645383,0.441562,0.685071,0.540588,0.036198,0.083848,1.243319,1.210968,0.671949,0.896324,1.454744,0.000000,0.933707,1.045451,0.952086,0.758221,0.291056,0.376088,0.815421,0.846493,0.590275,0.615515,0.722461,0.738073,0.237363,0.314059,0.569995,0.419315,0.209469,0.353582,0.809994,0.947687,0.581901,0.761787,0.280908,0.163470,0.292322,0.397716,0.204022,0.305964,0.625335,0.580535,0.297396,0.099490,0.544195,0.377744,0.346712,0.389631,0.716717,0.644602,0.446836,0.472212,0.445891,0.479997
