0.000000,0.809876,0.254315,-0.047347,0.063906,0.009661,0.568119,0.056252,0.335534,0.172611,0.829473,0.444054,0.693277,0.318613,0.363716,0.059069,0.404029,0.381667,0.365458,0.385728,-0.081582,-0.076431,-0.104027,-0.271532,-0.061788,-0.028872,0.050525,0.027068,0.202798,0.177326,-0.188401,-0.233320,0.376487,0.136725,-0.064688,-0.258845,0.296797,0.305158,0.045353,0.133289,0.201745,0.039649,0.198546,0.360758,0.206820,0.314349,0.301304,0.346841,0.472010,0.367262,0.383696,0.188433,0.234356,0.298249,0.128588,0.253589,0.691111,0.640291,0.603237,0.186792,0.743293,0.314417,0.309966,0.162530,0.098048,0.105936,0.247876,0.091431,0.896315,0.380049,0.184641,0.063861,0.276542,0.152534,0.263172,0.163687,0.133295,0.084606,0.201629,0.297224,0.423477,0.498480,0.224187,0.016427,0.351392,0.181740,0.180802,0.070443,0.253679,0.372629
0.809876,0.000000,-0.235819,-0.138375,0.028081,0.014377,0.066144,-0.146106,0.108616,0.147454,0.425973,0.492210,0.246565,0.206194,-0.048806,0.060034,0.686253,0.562234,0.138124,0.601064,-0.071316,-0.208112,-0.414830,-0.377708,-0.319367,-0.221566,-0.210365,-0.024287,0.270041,0.243236,-0.213476,-0.374000,0.180494,0.182892,-0.312576,-0.339710,0.139482,0.164177,0.071032,0.139506,0.314875,-0.038907,0.039418,0.242166,0.312215,0.502860,0.105157,0.252278,0.447307,0.579104,0.319351,0.337389,0.458923,0.586765,0.287070,0.363018,1.193990,1.409699,0.539560,0.411473,0.288136,0.069104,0.520864,0.494569,-0.417507,-0.352276,-0.008556,0.019721,0.811904,0.320933,0.055225,-0.089863,0.161907,0.157152,0.230698,0.151061,0.226697,0.162875,0.216258,0.384711,0.660754,0.653036,0.106030,-0.003825,0.219930,0.026303,0.266444,0.102755,0.086695,0.213674
0.254315,-0.235819,0.000000,0.516987,0.251708,0.242031,0.648719,0.441030,0.273660,0.158366,0.198778,0.083822,0.456364,0.253744,0.431475,0.106743,-0.319297,-0.158891,0.539846,0.053648,0.013348,0.305382,0.938716,0.561920,0.779483,0.534953,0.530699,0.251208,-0.310891,-0.303364,0.241958,0.385815,0.477653,0.140279,0.741019,0.426867,0.072429,0.289891,0.033258,0.199334,-0.092387,0.182251,0.213785,0.174398,0.043879,-0.219505,0.404155,0.206859,0.184488,-0.082781,0.228488,0.056788,0.041276,-0.096102,0.138250,0.013716,-0.161063,-0.255414,0.113108,-0.089918,0.378177,0.222654,-0.144493,-0.220826,0.856865,0.583245,0.705932,0.356636,0.078652,0.085526,0.381407,0.408210,0.045154,0.017327,-0.040592,-0.023909,0.239014,0.280790,-0.054216,-0.279846,-0.157069,-0.118480,0.293278,0.121639,0.393224,0.242078,0.171453,0.058197,0.513777,0.377874
-0.047347,-0.138375,0.516987,0.000000,0.506833,0.670753,0.326508,0.997056,0.028698,0.317556,0.042810,0.195700,0.206793,0.430278,0.155919,0.581308,-0.251531,-0.333427,0.435889,0.339565,0.035676,0.464192,0.755272,1.001720,0.451752,0.392919,0.305325,0.414913,-0.278773,-0.179063,0.539239,0.782943,0.409814,0.429655,0.234124,0.419810,-0.120438,0.220510,0.086544,0.089724,-0.252509,0.319457,0.046938,0.036024,0.055207,-0.163135,0.242856,0.033181,0.014920,-0.101470,-0.009501,0.128282,0.113905,-0.111185,0.001539,-0.095451,-0.028747,-0.118725,0.058274,0.137547,0.083024,0.389462,0.128596,0.128548,0.375000,0.589081,0.416225,0.476633,-0.215123,-0.030428,0.449107,0.447598,0.152567,0.343151,0.023296,-0.081952,0.332267,0.372365,-0.156350,-0.270931,-0.090000,-0.027068,0.146908,0.334945,0.210473,0.107861,-0.134205,-0.140656,0.249558,0.358274
0.063906,0.028081,0.251708,0.506833,0.000000,0.606625,0.177267,0.327858,0.729343,0.593183,0.179977,0.192325,0.269321,0.184733,0.432084,0.393668,-0.055046,-0.114318,0.171601,0.233563,0.233427,0.173866,0.451734,0.415007,0.411537,0.323307,0.640929,0.494012,-0.133507,-0.141584,0.476794,0.363532,0.064642,0.115970,0.105855,0.123281,0.079056,0.056145,-0.111566,-0.158834,-0.095998,-0.120580,0.081848,0.260025,0.183211,0.109074,0.233343,0.341782,0.253473,0.090942,0.205154,0.214233,0.175458,0.108013,0.069309,0.076077,-0.020538,-0.048524,0.133897,0.208655,-0.031402,-0.006907,0.120031,0.005190,0.140029,0.110600,0.296013,0.297144,-0.072734,0.080576,0.278610,0.128619,0.375020,0.285613,0.124817,0.029704,0.099936,0.075225,-0.024240,-0.225852,0.037593,0.046978,-0.010758,0.101937,0.129253,0.027997,-0.289310,-0.408021,0.104905,0.250504
0.009661,0.014377,0.242031,0.670753,0.606625,0.000000,0.212184,0.345442,0.178849,0.541824,0.221253,0.262897,0.180944,0.471577,0.059548,0.352344,-0.211548,-0.098148,0.297197,0.128966,0.005743,0.226605,0.336234,0.390056,0.392306,0.365565,0.298679,0.487533,-0.484666,-0.304318,0.132942,0.233268,0.194640,0.176670,0.030759,0.169052,-0.134030,0.296044,0.032763,0.075613,-0.396563,0.272303,-0.064302,0.040304,0.112321,0.015238,0.056796,0.090050,0.369037,0.243372,0.141376,0.414351,0.356675,0.051954,0.108941,0.017745,-0.001604,0.022755,0.302062,0.379881,0.099548,0.236275,0.132006,0.047079,0.051346,0.299815,0.181772,0.288818,-0.170292,-0.179893,0.266038,0.426288,0.163390,0.288389,0.114757,0.068805,0.401243,0.422523,-0.241599,-0.210938,-0.121920,0.005668,-0.065358,-0.003146,0.100762,-0.087996,-0.172888,-0.253513,0.334751,0.298918
0.568119,0.066144,0.648719,0.326508,0.177267,0.212184,0.000000,0.642118,0.338292,0.243161,0.700002,0.210226,1.019302,0.527236,0.371693,0.206568,-0.142113,-0.030893,0.471853,0.216882,-0.013210,0.148430,0.179122,-0.042965,0.063008,0.098660,0.138509,0.052085,-0.123599,-0.021099,0.090133,0.099493,0.409128,0.078033,0.065366,-0.069574,0.079662,0.155001,-0.017419,0.017511,-0.139586,0.125151,-0.043078,0.106627,-0.143461,-0.158518,0.157797,0.048529,0.130616,-0.074689,0.033185,-0.048078,-0.049120,-0.197046,-0.159859,-0.105491,-0.026426,-0.037361,0.579546,0.048905,1.031877,0.820372,0.121699,0.031981,0.496800,0.710567,0.394540,0.154119,0.326368,0.128329,0.243497,0.321037,0.199987,0.155018,-0.017066,0.129470,0.131244,0.127403,-0.063556,0.000341,-0.029110,0.008678,0.144768,0.017775,0.149352,-0.054278,-0.035444,-0.087818,0.283343,0.208772
0.056252,-0.146106,0.441030,0.997056,0.327858,0.345442,0.642118,0.000000,0.140900,0.412570,0.212397,0.279898,0.445322,0.526263,0.281350,0.560035,-0.247695,-0.206071,0.256359,0.310954,0.111037,0.257527,0.464225,0.496258,0.132703,0.193910,0.102902,0.078627,-0.012022,0.052261,0.473673,0.606975,0.380656,0.391396,0.106458,0.261205,-0.042538,0.085229,-0.051633,-0.162204,-0.200466,0.135974,0.103291,0.116095,-0.025591,-0.121687,0.243791,0.068293,-0.006419,-0.147879,0.018997,-0.002752,0.011829,-0.205262,-0.147551,-0.223188,-0.097663,-0.204065,0.204576,0.145831,0.329059,0.791303,0.203521,0.259690,0.404994,0.849710,0.435108,0.482710,-0.080586,0.072606,0.303669,0.270761,0.127463,0.343548,-0.029498,0.003826,0.147010,0.169417,0.023297,-0.184720,0.003554,-0.008536,0.167117,0.437880,0.120262,0.029737,-0.157193,-0.124954,0.039655,0.259453
0.335534,0.108616,0.273660,0.028698,0.729343,0.178849,0.338292,0.140900,0.000000,0.708689,0.466666,0.298551,0.497653,0.193142,0.584085,0.072686,0.001871,0.144643,-0.010221,0.057220,0.093356,-0.066309,0.149057,-0.006495,0.214535,0.189493,0.414317,0.252776,0.005483,-0.049213,0.101224,-0.045126,-0.151902,-0.230414,0.087931,-0.121328,0.235820,0.024008,-0.373392,-0.299302,0.062271,-0.295437,0.191194,0.528626,0.196804,0.197083,0.327318,0.449281,0.421762,0.220324,0.483940,0.274211,0.198572,0.130478,0.099091,0.160937,-0.067540,-0.032760,0.308771,0.180003,0.290937,0.078132,0.000776,-0.157703,0.177920,0.078913,0.276837,0.212029,0.179552,0.337974,0.079368,-0.120629,0.250310,0.177040,0.165233,0.249120,-0.126520,-0.137928,0.120903,-0.149943,-0.032073,-0.010201,0.029316,-0.041241,0.052498,0.021000,-0.130472,-0.381309,0.065249,0.267651
0.172611,0.147454,0.158366,0.317556,0.593183,0.541824,0.243161,0.412570,0.708689,0.000000,0.448148,0.503672,0.296073,0.483254,0.223415,0.261752,0.047776,0.240829,0.049969,0.156165,0.254023,0.039008,0.171472,0.172313,0.221809,0.390745,0.246865,0.181624,-0.033378,-0.023276,0.179661,0.081672,-0.071444,-0.020522,-0.039304,0.031151,0.162023,0.140591,-0.237059,-0.275852,-0.016372,-0.189729,0.074483,0.384611,0.123763,0.155250,0.154472,0.294647,0.506102,0.428900,0.454748,0.490653,0.362126,0.263878,0.176240,0.055572,0.038238,0.044975,0.370496,0.502861,0.172428,0.270001,0.207088,0.082590,-0.035829,0.158298,0.190105,0.322636,0.026196,0.101615,0.115424,0.013851,0.197584,0.350326,0.321680,0.272540,0.160048,0.149919,0.150494,-0.097040,-0.022295,-0.073755,-0.054622,0.023361,-0.113260,-0.170181,-0.065900,-0.316465,0.087639,0.167974
0.829473,0.425973,0.198778,0.042810,0.179977,0.221253,0.700002,0.212397,0.466666,0.448148,0.000000,0.515863,0.963397,0.600078,0.348017,0.186651,0.320677,0.362840,0.288202,0.262719,0.095712,0.010441,-0.103693,-0.289228,-0.073823,-0.009174,0.054906,0.019658,0.030616,0.102927,-0.075468,-0.155929,0.118389,0.007088,-0.240183,-0.273483,0.402681,0.218492,-0.070733,-0.093811,0.044599,-0.106350,0.041767,0.291575,0.034177,0.137792,0.168038,0.234419,0.545631,0.325774,0.262268,0.219120,0.186004,0.035301,-0.038378,0.022320,0.290873,0.298932,0.795810,0.320879,0.889062,0.514313,0.381686,0.147389,0.011850,0.245654,0.134275,0.069751,0.474580,0.204361,0.088281,0.059053,0.382226,0.273133,0.295860,0.389201,0.138215,0.133494,0.039299,0.165853,0.054355,0.161174,-0.098925,-0.216335,0.006798,-0.140945,-0.102628,-0.236567,0.156133,0.088296
0.444054,0.492210,0.083822,0.195700,0.192325,0.262897,0.210226,0.279898,0.298551,0.503672,0.515863,0.000000,0.432876,0.748265,0.109322,0.186900,0.166738,0.428847,0.004070,0.293558,-0.046647,-0.034063,0.044151,0.065612,-0.044608,-0.021415,0.027893,0.035951,-0.062634,-0.060567,0.021049,-0.062199,0.176803,0.241047,-0.103158,-0.064583,0.121837,0.100729,-0.114177,0.068924,0.108181,-0.011120,0.276818,0.350266,0.182522,0.264240,0.358046,0.402161,0.553871,0.729367,0.626561,0.774171,0.624066,0.505483,0.436249,0.424197,0.399305,0.382146,0.597522,0.760977,0.361685,0.397868,0.577880,0.561905,-0.197894,0.053899,0.285794,0.471314,0.135223,0.094282,0.335955,0.177704,0.236966,0.273630,0.197437,0.244800,0.356949,0.359486,-0.106028,-0.094424,0.085457,0.233713,0.052212,0.057927,0.059550,-0.097400,0.083551,-0.095899,-0.031074,0.349494
0.693277,0.246565,0.456364,0.206793,0.269321,0.180944,1.019302,0.445322,0.497653,0.296073,0.963397,0.432876,0.000000,0.576236,0.589691,0.304251,0.127589,0.134518,0.344238,0.288739,0.067041,0.024789,0.089308,-0.073573,0.032572,0.042914,0.171957,0.048942,0.031114,0.134020,0.101829,0.031618,0.263060,0.121204,0.042379,-0.101312,0.296713,0.121083,-0.030702,-0.020818,-0.080987,0.000947,0.052675,0.215992,-0.018232,0.026954,0.209087,0.225844,0.291910,0.073299,0.208032,0.097853,0.082018,0.006003,-0.134074,-0.034428,0.165150,0.120691,0.560333,0.092069,0.907917,0.601078,0.315959,0.148242,0.299340,0.444212,0.345429,0.158516,0.419895,0.284421,0.179487,0.126904,0.299825,0.189218,0.174888,0.277685,0.053992,0.051425,-0.021204,0.048976,0.043439,0.216685,0.046137,0.002097,0.193729,0.052951,-0.190858,-0.223587,0.187275,0.289784
0.318613,0.206194,0.253744,0.430278,0.184733,0.471577,0.527236,0.526263,0.193142,0.483254,0.600078,0.748265,0.576236,0.000000,0.064912,0.172179,-0.133822,0.082922,0.291063,0.211793,-0.063632,0.155461,0.102711,0.097333,-0.005488,-0.053544,-0.030564,-0.008038,-0.360262,-0.224457,-0.039131,-0.009724,0.203787,0.138038,-0.124309,-0.130350,-0.035507,0.170053,-0.096809,0.117297,-0.179144,0.248426,-0.061820,0.045854,-0.091283,-0.071742,0.107196,0.021787,0.388008,0.399024,0.306364,0.494440,0.464624,0.098187,0.151933,0.174371,0.086294,0.166873,0.712694,0.638400,0.556218,0.682264,0.235004,0.222802,-0.040098,0.420853,0.160027,0.249843,0.051416,-0.001608,0.213720,0.357349,0.110584,0.286420,0.106278,0.308686,0.416434,0.448252,-0.271250,-0.232614,-0.170114,-0.039873,0.017337,-0.062981,-0.034013,-0.217813,0.007155,-0.125943,0.214749,0.291860
0.363716,-0.048806,0.431475,0.155919,0.432084,0.059548,0.371693,0.281350,0.584085,0.223415,0.348017,0.109322,0.589691,0.064912,0.000000,0.425472,0.058942,-0.051791,0.153181,0.088782,0.066160,0.112165,0.363903,0.194037,0.340648,0.254346,0.457641,0.133420,0.341909,0.233785,0.316818,0.311656,0.188326,0.144368,0.330119,0.209468,0.375862,0.000215,0.050177,-0.058251,0.026515,-0.067615,0.287524,0.269918,0.115613,0.080268,0.348507,0.416027,0.229759,-0.088199,0.322766,0.039875,0.037462,0.038155,-0.053173,0.028735,-0.028548,-0.115794,0.102807,-0.091445,0.281506,0.124630,0.010644,-0.023748,0.513906,0.350646,0.542231,0.350533,0.201613,0.269656,0.202368,0.029253,0.259266,0.123310,0.197278,0.161590,-0.211481,-0.267806,0.222776,0.010742,0.197291,0.304139,0.370456,0.333575,0.441767,0.458099,-0.199461,-0.137169,0.207260,0.411372
0.059069,0.060034,0.106743,0.581308,0.393668,0.352344,0.206568,0.560035,0.072686,0.261752,0.186651,0.186900,0.304251,0.172179,0.425472,0.000000,0.221295,0.039623,0.156237,0.451917,0.098939,0.200758,0.228750,0.436836,0.214763,0.278671,0.174526,0.103786,0.213719,0.317213,0.658722,0.633896,0.345113,0.619072,0.190156,0.367211,0.177461,0.127440,0.240524,0.018409,0.047648,0.049572,0.267350,0.293295,0.174931,0.124924,0.260216,0.281190,0.150405,-0.092000,0.064419,0.061096,0.092802,0.048174,-0.031533,-0.069527,0.227094,0.026683,0.012324,0.039944,0.023051,0.211224,0.432220,0.392563,0.185336,0.307831,0.357415,0.422657,0.014765,0.055613,0.320497,0.175244,0.345009,0.396081,0.215280,0.115167,0.182720,0.167153,0.180690,0.154829,0.269003,0.376456,0.061036,0.507433,0.195560,0.200603,-0.237228,-0.166121,-0.017773,0.099703
0.404029,0.686253,-0.319297,-0.251531,-0.055046,-0.211548,-0.142113,-0.247695,0.001871,0.047776,0.320677,0.166738,0.127589,-0.133822,0.058942,0.221295,0.000000,0.679758,-0.002261,0.467794,0.290056,-0.118624,-0.311016,-0.285382,-0.160680,0.034298,-0.119262,-0.172417,0.683512,0.572487,0.172420,-0.069041,0.060924,0.197951,-0.134793,-0.047446,0.391850,0.112761,0.207505,-0.009721,0.404190,-0.210802,0.187852,0.216262,0.260825,0.483313,0.057607,0.232203,0.230270,0.268872,0.133498,0.027753,0.113841,0.319814,0.140309,0.135950,0.750089,0.678580,0.092991,0.040939,-0.012082,-0.204335,0.488315,0.363980,-0.322057,-0.399572,-0.042434,-0.024322,0.520333,0.210144,0.074116,-0.198916,0.302097,0.227479,0.373744,0.157085,0.112663,0.046415,0.384791,0.566523,0.577555,0.571700,-0.048155,-0.010900,0.063743,0.087664,0.117268,0.077693,-0.192077,-0.184213
0.381667,0.562234,-0.158891,-0.333427,-0.114318,-0.098148,-0.030893,-0.206071,0.144643,0.240829,0.362840,0.428847,0.134518,0.082922,-0.051791,0.039623,0.679758,0.000000,-0.028354,0.348008,0.150034,-0.392153,-0.303085,-0.269693,-0.201363,0.050807,-0.165975,-0.243289,0.296520,0.191255,-0.053081,-0.207487,0.097760,0.199550,-0.055242,-0.018034,0.363006,0.017371,0.073558,-0.029984,0.505370,-0.206333,0.222061,0.285294,0.240807,0.388685,0.095894,0.310034,0.372974,0.464184,0.305318,0.246772,0.253882,0.403035,0.266798,0.211958,0.564077,0.486639,0.253878,0.240915,0.147292,-0.108415,0.523278,0.367997,-0.231276,-0.215753,0.070052,0.101509,0.445782,0.046857,-0.050180,-0.162636,0.224588,0.170550,0.218545,0.386029,0.166457,0.170652,0.188392,0.313356,0.326942,0.428714,-0.146352,-0.089834,0.003323,-0.043154,0.260750,0.117943,-0.164475,-0.194507
0.365458,0.138124,0.539846,0.435889,0.171601,0.297197,0.471853,0.256359,-0.010221,0.049969,0.288202,0.004070,0.344238,0.291063,0.153181,0.156237,-0.002261,-0.028354,0.000000,0.488248,0.007453,0.335610,0.407239,0.315410,0.302465,0.211251,0.201647,0.232828,-0.280213,-0.124255,0.198994,0.237200,0.569825,0.233510,0.142194,0.022691,0.081376,0.403046,0.441892,0.310764,-0.089405,0.321212,0.031633,-0.109628,0.027558,-0.175012,0.203341,0.044364,0.111636,-0.021281,-0.060669,-0.095322,0.047395,0.058655,0.057914,-0.031322,0.171643,0.087424,0.119374,-0.075861,0.280135,0.271218,0.022975,-0.004148,0.303841,0.301782,0.057953,-0.125999,0.265856,-0.144412,0.355147,0.586357,0.106773,0.220870,0.105198,-0.059186,0.479007,0.545219,-0.020193,0.010033,0.175206,0.205297,0.224522,0.059732,0.379494,0.064385,0.184931,0.203057,0.641066,0.130733
0.385728,0.601064,0.053648,0.339565,0.233563,0.128966,0.216882,0.310954,0.057220,0.156165,0.262719,0.293558,0.288739,0.211793,0.088782,0.451917,0.467794,0.348008,0.488248,0.000000,0.150592,0.097047,0.090931,0.122197,0.017800,0.058406,0.020470,0.099393,0.256899,0.274867,0.393384,0.253511,0.418823,0.481352,-0.013758,0.098494,0.174229,0.117503,0.152385,0.040052,0.190388,0.012701,0.246792,0.286336,0.379567,0.311169,0.332350,0.308772,0.241489,0.182163,0.108927,0.067268,0.231712,0.249081,0.161708,0.062711,0.588534,0.420241,0.165913,0.158303,0.150358,0.154028,0.459365,0.528054,-0.066200,-0.034432,0.193438,0.163733,0.490069,0.340878,0.142093,0.079014,0.322408,0.368267,0.210805,0.066433,0.351345,0.333919,0.244001,0.265677,0.489491,0.601396,0.093774,0.260990,0.188831,0.013191,0.146549,-0.043487,0.048986,0.044885
-0.081582,-0.071316,0.013348,0.035676,0.233427,0.005743,-0.013210,0.111037,0.093356,0.254023,0.095712,-0.046647,0.067041,-0.063632,0.066160,0.098939,0.290056,0.150034,0.007453,0.150592,0.000000,0.240960,0.105512,0.041886,0.085051,0.182653,0.231749,0.023670,0.182638,0.069098,0.355906,0.212502,-0.087651,-0.025074,0.029984,0.202280,0.297473,0.058972,0.062306,-0.102900,0.156299,-0.185165,0.098669,0.057283,0.086426,0.105332,0.031238,0.063404,0.094420,0.027391,0.009076,-0.072470,-0.058916,-0.072585,-0.050883,-0.295449,0.014820,-0.035122,0.014926,0.020563,-0.026428,-0.033242,0.137080,0.103251,-0.064695,-0.040371,0.092204,0.067628,0.026739,-0.038561,0.182316,0.118496,0.290986,0.317630,0.113127,-0.045676,0.153970,0.122778,0.101372,0.018367,-0.020326,-0.057652,-0.262001,-0.055630,-0.115695,-0.110380,-0.103210,-0.181407,-0.163436,-0.284239
-0.076431,-0.208112,0.305382,0.464192,0.173866,0.226605,0.148430,0.257527,-0.066309,0.039008,0.010441,-0.034063,0.024789,0.155461,0.112165,0.200758,-0.118624,-0.392153,0.335610,0.097047,0.240960,0.000000,0.360771,0.402370,0.281050,0.132893,0.143337,0.177694,-0.279238,-0.201483,0.298971,0.391041,0.208317,0.094430,0.149103,0.217378,-0.013187,0.275268,0.262197,0.260227,-0.205126,0.382999,0.099080,0.014220,-0.016277,-0.235499,0.180120,-0.075228,-0.012338,-0.099167,-0.073747,0.024702,0.048779,-0.114439,0.171405,-0.123065,-0.070285,-0.113971,0.042111,0.037567,0.060813,0.155481,-0.019351,-0.036402,0.245336,0.181197,0.220210,0.130716,-0.148122,-0.197144,0.500091,0.562763,0.083912,0.161819,0.033840,-0.149865,0.399141,0.414407,-0.012224,-0.145043,-0.152363,-0.157801,-0.002126,-0.019458,0.180080,0.012989,0.041037,-0.006492,0.352370,0.078094
-0.104027,-0.414830,0.938716,0.755272,0.451734,0.336234,0.179122,0.464225,0.149057,0.171472,-0.103693,0.044151,0.089308,0.102711,0.363903,0.228750,-0.311016,-0.303085,0.407239,0.090931,0.105512,0.360771,0.000000,1.138345,1.024466,0.617142,0.736461,0.422487,-0.267606,-0.320793,0.613162,0.847462,0.427023,0.287378,0.632310,0.539452,-0.018920,0.181026,0.013045,0.054098,-0.131401,0.166747,0.210074,-0.000932,0.104016,-0.198133,0.418173,0.154525,0.021733,-0.157964,0.099213,-0.007377,0.001735,-0.100752,0.105557,0.001615,-0.297376,-0.401385,-0.243957,-0.139513,-0.072828,0.011071,-0.147349,-0.117172,0.601386,0.414852,0.502736,0.366728,-0.281304,-0.045877,0.469846,0.421410,0.128210,0.154699,-0.032826,-0.179271,0.186296,0.242681,-0.147038,-0.447563,-0.181061,-0.153162,0.248082,0.269121,0.308601,0.204971,-0.027937,-0.054383,0.274831,0.230546
-0.271532,-0.377708,0.561920,1.001720,0.415007,0.390056,-0.042965,0.496258,-0.006495,0.172313,-0.289228,0.065612,-0.073573,0.097333,0.194037,0.436836,-0.285382,-0.269693,0.315410,0.122197,0.041886,0.402370,1.138345,0.000000,0.739443,0.564852,0.548040,0.400052,-0.248244,-0.252647,0.653719,1.010969,0.386014,0.486833,0.555221,0.656057,-0.127967,0.159188,0.188477,0.155233,-0.115921,0.202640,0.208329,-0.026612,0.098755,-0.193840,0.310358,0.106543,-0.085161,-0.158588,0.052498,0.077424,0.059166,0.028977,0.106668,0.046696,-0.155524,-0.340710,-0.360826,-0.082165,-0.285817,-0.035542,-0.002261,-0.003403,0.433456,0.327536,0.394960,0.426826,-0.447933,-0.202966,0.430913,0.373883,-0.021610,0.198876,-0.067867,-0.192348,0.220777,0.300621,-0.085362,-0.412225,-0.115881,-0.036722,0.194551,0.381345,0.289951,0.305875,-0.072397,0.050827,0.193287,0.274291
-0.061788,-0.319367,0.779483,0.451752,0.411537,0.392306,0.063008,0.132703,0.214535,0.221809,-0.073823,-0.044608,0.032572,-0.005488,0.340648,0.214763,-0.160680,-0.201363,0.302465,0.017800,0.085051,0.281050,1.024466,0.739443,0.000000,0.982394,0.881281,0.438687,-0.236579,-0.275733,0.507402,0.561648,0.312996,0.171091,0.795435,0.594903,0.100710,0.286337,0.112245,0.175185,-0.042263,0.133653,0.255723,0.132247,0.219434,-0.076932,0.329369,0.287464,0.237794,0.004417,0.245118,0.152197,0.124574,0.049463,0.229396,0.120671,-0.209953,-0.303260,-0.206922,-0.123401,-0.126815,-0.198695,-0.143237,-0.236300,0.485895,0.192092,0.493363,0.329099,-0.143755,-0.075443,0.276951,0.273454,0.105545,0.101083,0.112601,-0.034147,0.222037,0.198436,-0.081739,-0.263423,-0.154127,-0.095372,0.168095,0.137973,0.334509,0.270053,0.000197,-0.090074,0.308548,0.195816
-0.028872,-0.221566,0.534953,0.392919,0.323307,0.365565,0.098660,0.193910,0.189493,0.390745,-0.009174,-0.021415,0.042914,-0.053544,0.254346,0.278671,0.034298,0.050807,0.211251,0.058406,0.182653,0.132893,0.617142,0.564852,0.982394,0.000000,0.611069,0.385196,-0.012393,0.002743,0.454600,0.517604,0.297393,0.241990,0.562965,0.586906,0.166661,0.210583,0.187569,0.043902,0.054559,0.008852,0.254275,0.153132,0.223890,0.020193,0.271885,0.279790,0.205009,-0.002855,0.168528,0.056832,-0.023992,0.056072,0.093387,-0.017965,-0.075521,-0.180257,-0.173211,-0.144467,-0.061733,-0.140279,-0.036302,-0.137336,0.446187,0.250523,0.461150,0.363031,-0.048241,-0.052725,0.191198,0.175400,0.091153,0.139272,0.167817,0.085661,0.171987,0.172187,0.094410,-0.047477,0.043867,0.011848,0.171957,0.203075,0.283592,0.298233,0.056661,0.048329,0.172894,0.092671
0.050525,-0.210365,0.530699,0.305325,0.640929,0.298679,0.138509,0.102902,0.414317,0.246865,0.054906,0.027893,0.171957,-0.030564,0.457641,0.174526,-0.119262,-0.165975,0.201647,0.020470,0.231749,0.143337,0.736461,0.548040,0.881281,0.611069,0.000000,0.709381,-0.118521,-0.224974,0.402824,0.463730,0.243353,0.165597,0.413069,0.343636,0.165705,0.143148,0.060347,0.040495,-0.119700,-0.141387,0.252174,0.122403,0.193585,0.022165,0.376833,0.404229,0.158722,-0.021872,0.209724,0.057794,0.013858,0.092797,0.010542,0.054295,-0.112400,-0.203759,-0.162377,-0.093686,-0.049455,-0.110390,-0.070795,-0.164925,0.301702,0.121530,0.367064,0.283029,-0.086819,-0.068765,0.331051,0.257076,0.188048,0.142815,0.037164,-0.180200,0.055941,0.006436,-0.037071,-0.249965,-0.024496,0.043474,0.048108,0.073020,0.265503,0.257124,-0.326111,-0.201050,0.105519,0.175357
0.027068,-0.024287,0.251208,0.414913,0.494012,0.487533,0.052085,0.078627,0.252776,0.181624,0.019658,0.035951,0.048942,-0.008038,0.133420,0.103786,-0.172417,-0.243289,0.232828,0.099393,0.023670,0.177694,0.422487,0.400052,0.438687,0.385196,0.709381,0.000000,-0.263981,-0.280854,0.136041,0.259646,0.170794,0.127696,0.027740,0.048981,-0.052932,0.069270,0.000731,0.101320,-0.264886,0.007102,0.053846,0.021357,0.213205,0.058343,0.222045,0.193241,0.098956,0.073790,0.082742,0.122894,0.064097,0.093755,-0.021397,0.051761,0.047249,0.014321,-0.039832,0.064897,-0.037265,0.018470,0.034398,-0.007254,0.049582,-0.010611,0.102941,0.168502,-0.121466,-0.080852,0.244259,0.267495,0.115329,0.066278,0.031943,-0.134171,0.179362,0.172044,-0.123351,-0.272703,0.033367,-0.039844,0.021154,0.005394,0.250360,0.032365,-0.243794,-0.191351,0.111013,0.303483
0.202798,0.270041,-0.310891,-0.278773,-0.133507,-0.484666,-0.123599,-0.012022,0.005483,-0.033378,0.030616,-0.062634,0.031114,-0.360262,0.341909,0.213719,0.683512,0.296520,-0.280213,0.256899,0.182638,-0.279238,-0.267606,-0.248244,-0.236579,-0.012393,-0.118521,-0.263981,0.000000,1.151257,0.179098,0.066472,-0.036851,0.181156,-0.077273,0.046003,0.340222,-0.183083,0.103115,-0.240647,0.437907,-0.325986,0.218990,0.180916,0.150438,0.375088,0.057462,0.230380,-0.058140,-0.111561,0.040947,-0.261100,-0.162643,0.121417,-0.145397,-0.026031,0.320746,0.218147,-0.166051,-0.211321,-0.107711,-0.174253,0.190058,0.270841,-0.099492,-0.205098,0.065790,0.053692,0.390131,0.420323,-0.205905,-0.493330,0.129767,0.039692,0.303366,0.085001,-0.344207,-0.473043,0.731998,0.554298,0.704055,0.594624,0.282907,0.487717,0.091548,0.256708,0.007484,0.168975,-0.332027,-0.060827
0.177326,0.243236,-0.303364,-0.179063,-0.141584,-0.304318,-0.021099,0.052261,-0.049213,-0.023276,0.102927,-0.060567,0.134020,-0.224457,0.233785,0.317213,0.572487,0.191255,-0.124255,0.274867,0.069098,-0.201483,-0.320793,-0.252647,-0.275733,0.002743,-0.224974,-0.280854,1.151257,0.000000,0.136792,0.048131,-0.032593,0.137676,-0.164076,-0.060208,0.278338,-0.187337,0.198793,-0.237191,0.225696,-0.282854,0.063484,0.128746,0.030620,0.228512,-0.085471,0.137401,-0.109867,-0.166347,-0.098695,-0.321368,-0.203118,0.078813,-0.179494,-0.118410,0.299393,0.193850,-0.134076,-0.243703,-0.050468,-0.047856,0.171980,0.206691,-0.103390,-0.114726,-0.082965,-0.113072,0.313913,0.320920,-0.221953,-0.368742,0.048389,0.109783,0.271516,0.090066,-0.257924,-0.332338,0.722441,0.828227,0.604422,0.555544,0.188651,0.482468,0.013355,0.156730,0.017088,0.183086,-0.177588,-0.086661
-0.188401,-0.213476,0.241958,0.539239,0.476794,0.132942,0.090133,0.473673,0.101224,0.179661,-0.075468,0.021049,0.101829,-0.039131,0.316818,0.658722,0.172420,-0.053081,0.198994,0.393384,0.355906,0.298971,0.613162,0.653719,0.507402,0.454600,0.402824,0.136041,0.179098,0.136792,0.000000,1.127413,0.302106,0.465355,0.418289,0.564907,0.135089,0.078860,0.186885,-0.055142,0.108330,-0.097511,0.311426,0.136264,0.220730,0.033240,0.336562,0.270428,-0.049258,-0.221076,-0.038081,-0.125851,-0.090079,-0.021268,-0.048226,-0.120408,-0.074755,-0.236186,-0.234385,-0.152288,-0.225101,-0.052322,0.237761,0.201024,0.310264,0.161361,0.405400,0.346525,-0.163751,-0.063154,0.380375,0.213296,0.236954,0.262221,0.052982,-0.123823,0.155393,0.127681,0.069062,-0.048471,0.115790,0.130463,0.048846,0.406931,0.136436,0.119349,-0.180684,-0.125229,-0.168923,-0.078662
-0.233320,-0.374000,0.385815,0.782943,0.363532,0.233268,0.099493,0.606975,-0.045126,0.081672,-0.155929,-0.062199,0.031618,-0.009724,0.311656,0.633896,-0.069041,-0.207487,0.237200,0.253511,0.212502,0.391041,0.847462,1.010969,0.561648,0.517604,0.463730,0.259646,0.066472,0.048131,1.127413,0.000000,0.480115,0.641713,0.449564,0.722526,0.014083,0.015427,0.288339,-0.014553,-0.051731,0.083821,0.236072,-0.039201,0.145238,-0.099687,0.285743,0.159561,-0.157182,-0.329643,-0.081113,-0.161588,-0.135186,-0.124829,-0.167167,-0.200949,-0.149989,-0.329549,-0.358531,-0.262487,-0.177942,0.037379,0.118602,0.159905,0.486189,0.385727,0.461533,0.464237,-0.287206,-0.169094,0.412769,0.334378,0.129226,0.321903,-0.105459,-0.179800,0.148509,0.135265,0.000806,-0.165235,0.013278,0.082979,0.099075,0.419973,0.279227,0.268026,-0.278813,-0.060253,-0.070288,0.043086
0.376487,0.180494,0.477653,0.409814,0.064642,0.194640,0.409128,0.380656,-0.151902,-0.071444,0.118389,0.176803,0.263060,0.203787,0.188326,0.345113,0.060924,0.097760,0.569825,0.418823,-0.087651,0.208317,0.427023,0.386014,0.312996,0.297393,0.243353,0.170794,-0.036851,-0.032593,0.302106,0.480115,0.000000,1.016270,0.354088,0.372186,-0.025472,0.247708,0.409690,0.331698,-0.029546,0.285423,0.264120,-0.040862,0.210661,-0.016144,0.358076,0.177098,0.100068,-0.038716,0.064498,-0.058969,0.067046,0.104621,0.106710,0.113852,0.418182,0.235837,0.110214,-0.047513,0.375300,0.349577,0.385786,0.407608,0.462960,0.470270,0.518831,0.345254,0.228386,-0.204898,0.489754,0.504622,0.043815,0.156513,-0.038657,-0.186435,0.422495,0.397996,-0.063193,0.025714,0.407516,0.375700,0.242722,0.262597,0.615988,0.330152,0.097152,0.273826,0.269154,0.211292
0.136725,0.182892,0.140279,0.429655,0.115970,0.176670,0.078033,0.391396,-0.230414,-0.020522,0.007088,0.241047,0.121204,0.138038,0.144368,0.619072,0.197951,0.199550,0.233510,0.481352,-0.025074,0.094430,0.287378,0.486833,0.171091,0.241990,0.165597,0.127696,0.181156,0.137676,0.465355,0.641713,1.016270,0.000000,0.218314,0.478628,-0.048605,0.071877,0.319204,0.183441,0.052676,0.093245,0.327481,0.041853,0.289210,0.190119,0.291750,0.234187,0.046795,-0.007158,0.034406,0.006151,0.093171,0.149048,0.025858,0.092592,0.498500,0.254309,-0.038234,0.058109,0.057934,0.194856,0.582068,0.595435,0.158823,0.272394,0.415102,0.479342,0.052499,-0.164080,0.307608,0.202117,0.099835,0.222003,-0.002501,-0.085056,0.296330,0.298442,-0.016396,0.043225,0.431179,0.446332,0.132608,0.387438,0.333631,0.257757,-0.087518,0.162569,-0.077229,0.090680
-0.064688,-0.312576,0.741019,0.234124,0.105855,0.030759,0.065366,0.106458,0.087931,-0.039304,-0.240183,-0.103158,0.042379,-0.124309,0.330119,0.190156,-0.134793,-0.055242,0.142194,-0.013758,0.029984,0.149103,0.632310,0.555221,0.795435,0.562965,0.413069,0.027740,-0.077273,-0.164076,0.418289,0.449564,0.354088,0.218314,0.000000,0.912565,0.158611,0.213223,0.149291,0.230931,0.119965,0.219427,0.377105,0.204626,0.258248,-0.061693,0.318373,0.307901,0.098235,-0.169061,0.205910,0.018010,-0.024687,0.014113,0.175453,0.022395,-0.148660,-0.281446,-0.280504,-0.274917,-0.072270,-0.221450,-0.127615,-0.168268,0.837569,0.257695,0.802691,0.460029,-0.054972,-0.041462,0.225365,0.206682,-0.049567,-0.092045,-0.082724,-0.092119,0.129359,0.140774,0.036358,-0.150570,-0.082738,0.030876,0.128461,0.199723,0.399368,0.495029,0.125049,0.093024,0.227848,0.096699
-0.258845,-0.339710,0.426867,0.419810,0.123281,0.169052,-0.069574,0.261205,-0.121328,0.031151,-0.273483,-0.064583,-0.101312,-0.130350,0.209468,0.367211,-0.047446,-0.018034,0.022691,0.098494,0.202280,0.217378,0.539452,0.656057,0.594903,0.586906,0.343636,0.048981,0.046003,-0.060208,0.564907,0.722526,0.372186,0.478628,0.912565,0.000000,0.104893,0.142723,0.232433,0.095074,0.096113,0.099001,0.383431,0.114076,0.231629,-0.035774,0.268169,0.257396,0.045961,-0.161741,0.104164,0.032603,0.028511,-0.020213,0.162920,-0.111243,-0.088983,-0.228042,-0.287397,-0.153068,-0.186449,-0.158739,0.123813,0.105114,0.512360,0.254558,0.771751,0.704488,-0.214627,-0.181906,0.273611,0.213221,0.052875,0.073211,0.002918,-0.131745,0.227580,0.203434,0.033541,-0.089994,0.000667,0.065068,0.059091,0.232520,0.270802,0.327259,0.019750,0.088262,0.054534,-0.025226
0.296797,0.139482,0.072429,-0.120438,0.079056,-0.134030,0.079662,-0.042538,0.235820,0.162023,0.402681,0.121837,0.296713,-0.035507,0.375862,0.177461,0.391850,0.363006,0.081376,0.174229,0.297473,-0.013187,-0.018920,-0.127967,0.100710,0.166661,0.165705,-0.052932,0.340222,0.278338,0.135089,0.014083,-0.025472,-0.048605,0.158611,0.104893,0.000000,0.074842,0.186844,-0.011382,0.456294,-0.114961,0.320412,0.313526,0.141677,0.191816,0.240297,0.468598,0.321548,0.180877,0.289803,0.096310,0.062121,0.200912,0.047138,-0.072562,0.161186,0.041495,0.031524,-0.013215,0.142944,-0.036635,0.198874,0.061281,0.078812,0.026353,0.200557,0.138651,0.409180,0.146378,0.032151,-0.035004,0.344741,0.133043,0.445899,0.229423,0.089981,0.033581,0.285724,0.328418,0.153467,0.237083,-0.082563,-0.005110,0.156523,0.178780,-0.066550,-0.133983,-0.049384,-0.187181
0.305158,0.164177,0.289891,0.220510,0.056145,0.296044,0.155001,0.085229,0.024008,0.140591,0.218492,0.100729,0.121083,0.170053,0.000215,0.127440,0.112761,0.017371,0.403046,0.117503,0.058972,0.275268,0.181026,0.159188,0.286337,0.210583,0.143148,0.069270,-0.183083,-0.187337,0.078860,0.015427,0.247708,0.071877,0.213223,0.142723,0.074842,0.000000,0.267560,0.383134,0.005268,0.321033,0.284000,0.219963,0.172564,0.029660,0.352330,0.183611,0.360505,0.145896,0.198725,0.167181,0.191121,0.153615,0.318174,0.150972,0.210709,0.178104,0.188044,0.089635,0.096503,0.026257,0.088623,-0.039879,0.140207,0.061301,0.158077,0.077575,0.131647,-0.038918,0.331701,0.347497,0.114157,0.184582,0.314816,-0.042491,0.356974,0.394574,0.027573,0.071251,0.034445,0.119580,0.008866,-0.019375,0.202446,0.078030,0.199268,0.101808,0.382340,0.182874
0.045353,0.071032,0.033258,0.086544,-0.111566,0.032763,-0.017419,-0.051633,-0.373392,-0.237059,-0.070733,-0.114177,-0.030702,-0.096809,0.050177,0.240524,0.207505,0.073558,0.441892,0.152385,0.062306,0.262197,0.013045,0.188477,0.112245,0.187569,0.060347,0.000731,0.103115,0.198793,0.186885,0.288339,0.409690,0.319204,0.149291,0.232433,0.186844,0.267560,0.000000,0.481750,0.109489,0.275715,0.146114,-0.256813,0.121562,-0.046525,0.105774,0.145751,-0.064481,-0.119722,-0.149502,-0.151873,-0.048986,0.247682,0.095143,0.038121,0.209671,0.062557,-0.165378,-0.248581,-0.099452,-0.073752,0.133459,0.156970,0.114140,0.041840,0.005461,-0.030088,0.082357,-0.455478,0.233760,0.417939,0.016976,0.143825,0.105683,-0.127184,0.327033,0.284520,0.081365,0.270137,0.372656,0.472114,0.220256,0.140470,0.500731,0.377665,0.178834,0.574478,0.352711,0.000423
0.133289,0.139506,0.199334,0.089724,-0.158834,0.075613,0.017511,-0.162204,-0.299302,-0.275852,-0.093811,0.068924,-0.020818,0.117297,-0.058251,0.018409,-0.009721,-0.029984,0.310764,0.040052,-0.102900,0.260227,0.054098,0.155233,0.175185,0.043902,0.040495,0.101320,-0.240647,-0.237191,-0.055142,-0.014553,0.331698,0.183441,0.230931,0.095074,-0.011382,0.383134,0.481750,0.000000,0.002505,0.511546,0.135086,-0.075784,0.016924,-0.105114,0.202622,0.001324,0.104161,0.141003,0.167649,0.230543,0.280874,0.241378,0.372842,0.406622,0.297155,0.228607,0.121738,0.135797,0.095046,0.010344,0.075013,0.039948,0.048733,-0.024562,0.150020,0.038536,0.099637,-0.177597,0.225543,0.327571,-0.080120,-0.026525,0.018602,-0.081373,0.365511,0.383559,-0.161547,-0.033663,0.099098,0.212939,0.318860,0.047307,0.403806,0.271710,0.361177,0.384947,0.415232,0.349052
0.201745,0.314875,-0.092387,-0.252509,-0.095998,-0.396563,-0.139586,-0.200466,0.062271,-0.016372,0.044599,0.108181,-0.080987,-0.179144,0.026515,0.047648,0.404190,0.505370,-0.089405,0.190388,0.156299,-0.205126,-0.131401,-0.115921,-0.042263,0.054559,-0.119700,-0.264886,0.437907,0.225696,0.108330,-0.051731,-0.029546,0.052676,0.119965,0.096113,0.456294,0.005268,0.109489,0.002505,0.000000,-0.111008,0.240054,0.189995,0.168130,0.239749,0.119611,0.218340,0.162245,0.150971,0.205660,0.055277,0.096053,0.306925,0.206466,0.229762,0.303876,0.224256,0.015143,0.033948,-0.043147,-0.265587,0.242780,0.199482,-0.061191,-0.263480,0.190802,0.123266,0.340781,0.159404,-0.038472,-0.239178,0.196608,0.022366,0.313226,0.291192,0.030939,-0.017210,0.218543,0.225711,0.274513,0.256515,0.074607,0.113047,0.094321,0.136566,0.300182,0.156928,-0.142595,-0.154611
0.039649,-0.038907,0.182251,0.319457,-0.120580,0.272303,0.125151,0.135974,-0.295437,-0.189729,-0.106350,-0.011120,0.000947,0.248426,-0.067615,0.049572,-0.210802,-0.206333,0.321212,0.012701,-0.185165,0.382999,0.166747,0.202640,0.133653,0.008852,-0.141387,0.007102,-0.325986,-0.282854,-0.097511,0.083821,0.285423,0.093245,0.219427,0.099001,-0.114961,0.321033,0.275715,0.511546,-0.111008,0.000000,-0.069658,-0.175126,-0.127760,-0.256194,-0.014166,-0.264470,-0.009290,-0.043289,-0.025441,0.108793,0.124434,-0.041253,0.175606,0.031508,0.021276,0.025931,0.075520,0.059631,0.128384,0.181498,-0.079647,0.010462,0.213163,0.258169,0.113450,0.037574,-0.024057,-0.254115,0.221741,0.467834,0.036682,0.044581,0.021667,0.041552,0.385072,0.440196,-0.161760,-0.169546,-0.086406,0.000859,0.159692,0.080757,0.278172,0.114271,0.207700,0.178873,0.482254,0.198301
0.198546,0.039418,0.213785,0.046938,0.081848,-0.064302,-0.043078,0.103291,0.191194,0.074483,0.041767,0.276818,0.052675,-0.061820,0.287524,0.267350,0.187852,0.222061,0.031633,0.246792,0.098669,0.099080,0.210074,0.208329,0.255723,0.254275,0.252174,0.053846,0.218990,0.063484,0.311426,0.236072,0.264120,0.327481,0.377105,0.383431,0.320412,0.284000,0.146114,0.135086,0.240054,-0.069658,0.000000,0.806508,0.716362,0.543649,1.187354,0.965341,0.455860,0.264915,0.526246,0.229322,0.253660,0.287661,0.398705,0.231931,0.218716,0.028369,-0.043295,0.099126,-0.039518,-0.093497,0.172633,0.224154,0.135015,0.041829,0.495800,0.526842,0.170722,0.097867,0.277605,0.071897,0.180245,0.188630,0.165065,-0.000975,0.166841,0.181588,0.185799,0.111498,0.245150,0.345549,0.143223,0.282300,0.308858,0.287212,0.145508,0.081649,-0.083197,0.119140
0.360758,0.242166,0.174398,0.036024,0.260025,0.040304,0.106627,0.116095,0.528626,0.384611,0.291575,0.350266,0.215992,0.045854,0.269918,0.293295,0.216262,0.285294,-0.109628,0.286336,0.057283,0.014220,-0.000932,-0.026612,0.132247,0.153132,0.122403,0.021357,0.180916,0.128746,0.136264,-0.039201,-0.040862,0.041853,0.204626,0.114076,0.313526,0.219963,-0.256813,-0.075784,0.189995,-0.175126,0.806508,0.000000,0.489348,0.572926,0.622288,0.825149,0.621638,0.353043,0.599981,0.375016,0.293341,0.177082,0.349903,0.170795,0.282025,0.153375,0.204793,0.308366,0.129089,-0.002256,0.213353,0.116570,0.039253,-0.005677,0.398623,0.406227,0.328211,0.435332,0.104493,-0.162230,0.265261,0.186036,0.267922,0.235255,0.073516,0.071580,0.331949,0.203263,0.118839,0.167025,-0.026891,0.174794,-0.000969,0.031704,0.087682,-0.313523,-0.060784,0.157392
0.206820,0.312215,0.043879,0.055207,0.183211,0.112321,-0.143461,-0.025591,0.196804,0.123763,0.034177,0.182522,-0.018232,-0.091283,0.115613,0.174931,0.260825,0.240807,0.027558,0.379567,0.086426,-0.016277,0.104016,0.098755,0.219434,0.223890,0.193585,0.213205,0.150438,0.030620,0.220730,0.145238,0.210661,0.289210,0.258248,0.231629,0.141677,0.172564,0.121562,0.016924,0.168130,-0.127760,0.716362,0.489348,0.000000,1.020485,0.626105,0.826230,0.638546,0.438128,0.448342,0.307849,0.340426,0.363788,0.360053,0.219563,0.339245,0.246885,0.083235,0.201913,-0.063766,-0.165328,0.231809,0.278758,0.003572,-0.103202,0.401077,0.512067,0.273520,0.145807,0.189167,0.012652,0.167794,0.138827,0.082354,0.034590,0.197063,0.132387,0.092220,0.097634,0.290587,0.384457,0.074272,0.147916,0.352400,0.336708,0.171132,0.036383,0.005712,0.163899
0.314349,0.502860,-0.219505,-0.163135,0.109074,0.015238,-0.158518,-0.121687,0.197083,0.155250,0.137792,0.264240,0.026954,-0.071742,0.080268,0.124924,0.483313,0.388685,-0.175012,0.311169,0.105332,-0.235499,-0.198133,-0.193840,-0.076932,0.020193,0.022165,0.058343,0.375088,0.228512,0.033240,-0.099687,-0.016144,0.190119,-0.061693,-0.035774,0.191816,0.029660,-0.046525,-0.105114,0.239749,-0.256194,0.543649,0.572926,1.020485,0.000000,0.379601,0.694117,0.581096,0.568673,0.419268,0.357158,0.312484,0.373486,0.209741,0.208359,0.461035,0.393448,0.158562,0.316996,-0.058156,-0.130694,0.272754,0.271970,-0.303189,-0.245376,0.152921,0.361934,0.401119,0.312060,0.062835,-0.160724,0.278755,0.127290,0.172229,0.179003,0.016725,-0.030010,0.169059,0.294780,0.286762,0.437028,-0.030406,0.068321,0.110557,0.174754,0.044803,-0.110447,-0.262013,0.071802
0.301304,0.105157,0.404155,0.242856,0.233343,0.056796,0.157797,0.243791,0.327318,0.154472,0.168038,0.358046,0.209087,0.107196,0.348507,0.260216,0.057607,0.095894,0.203341,0.332350,0.031238,0.180120,0.418173,0.310358,0.329369,0.271885,0.376833,0.222045,0.057462,-0.085471,0.336562,0.285743,0.358076,0.291750,0.318373,0.268169,0.240297,0.352330,0.105774,0.202622,0.119611,-0.014166,1.187354,0.622288,0.626105,0.379601,0.000000,0.801266,0.453244,0.232087,0.469635,0.212096,0.278933,0.231192,0.361338,0.296689,0.188557,0.066200,0.125442,0.135199,0.147882,0.060608,0.179363,0.220781,0.191581,0.140824,0.573067,0.514116,0.208445,0.210044,0.438698,0.239445,0.230994,0.240048,0.112416,-0.015662,0.256189,0.296989,0.064509,-0.110512,0.246440,0.303816,0.353114,0.350091,0.409003,0.261367,0.170212,0.113185,0.068687,0.330997
0.346841,0.252278,0.206859,0.033181,0.341782,0.090050,0.048529,0.068293,0.449281,0.294647,0.234419,0.402161,0.225844,0.021787,0.416027,0.281190,0.232203,0.310034,0.044364,0.308772,0.063404,-0.075228,0.154525,0.106543,0.287464,0.279790,0.404229,0.193241,0.230380,0.137401,0.270428,0.159561,0.177098,0.234187,0.307901,0.257396,0.468598,0.183611,0.145751,0.001324,0.218340,-0.264470,0.965341,0.825149,0.826230,0.694117,0.801266,0.000000,0.631051,0.433445,0.689214,0.380351,0.366509,0.528548,0.328107,0.330835,0.268301,0.106244,0.091835,0.217285,-0.002473,-0.096345,0.251168,0.266458,0.065907,-0.039260,0.468247,0.540569,0.285127,0.183860,0.234945,0.036151,0.280818,0.219513,0.218567,0.089395,0.123154,0.085693,0.214622,0.155097,0.318733,0.434184,0.078275,0.219643,0.324299,0.307709,-0.004859,-0.077817,-0.066850,0.196952
