0.000000,1.299146,0.769263,0.715564,0.234430,0.441740,0.636934,0.533663,0.239204,0.116077,0.765822,0.372165,0.414594,0.393724,0.377734,0.357417,0.034486,-0.017564,0.870293,0.780906,0.020835,0.191781,0.576824,0.526144,0.466923,0.445578,0.557271,0.699508,-0.092766,-0.204569,0.211450,0.308397,0.744323,0.783993,0.232010,0.179824,-0.220054,-0.115332,0.055376,0.072306,-0.159235,-0.061463,0.695407,0.469365,0.588570,0.506176,0.705282,0.479458,0.630700,0.522279,0.567753,0.494272,0.463494,0.500798,0.453073,0.357259,0.933065,0.869771,0.449888,0.348440,0.634619,0.440676,0.159945,0.365765,0.334852,0.149635,0.504428,0.408818,0.856452,0.564330,0.119702,0.047616,0.049919,0.016946,0.183778,0.173501,-0.075603,-0.122064,-0.039897,-0.076276,-0.171623,-0.024018,-0.172393,-0.189836,0.291439,0.096604,-0.081839,0.071586,0.723113,0.565450
1.299146,0.000000,0.644152,0.744330,0.149412,0.394578,0.529901,0.596037,0.266977,0.150796,0.571736,0.465006,0.329205,0.446696,0.303634,0.375927,0.042476,0.033997,0.861780,0.931257,0.002269,0.134266,0.598456,0.554134,0.434675,0.452119,0.496403,0.612633,-0.091122,-0.097216,0.283987,0.390715,0.700078,0.863405,0.211994,0.156175,-0.204696,-0.111687,0.028845,0.124570,-0.154041,0.018829,0.716241,0.515550,0.564886,0.514413,0.697983,0.492926,0.546484,0.468144,0.484017,0.456977,0.354637,0.423853,0.404034,0.347388,1.148890,1.225323,0.356123,0.362650,0.450101,0.376943,0.182419,0.488631,0.121555,0.046981,0.486072,0.454928,0.994339,0.697011,0.114279,0.050964,0.033469,0.030054,0.206742,0.154634,-0.141221,-0.221352,0.056099,-0.031731,-0.019371,0.141490,-0.123640,-0.173409,0.307203,0.195866,-0.092187,0.056706,0.559960,0.498682
0.769263,0.644152,0.000000,1.280203,0.325748,0.528721,1.269204,0.918143,0.284659,0.107262,0.531980,0.213952,0.273328,0.294362,0.312256,0.106887,-0.355541,-0.301017,1.250596,1.113218,0.141476,0.173726,1.455485,1.334674,0.640631,0.398933,0.749574,0.777150,-0.421840,-0.462109,0.451663,0.530166,0.648215,0.847645,0.425693,0.339918,-0.190428,-0.243455,0.023898,-0.127387,-0.458550,-0.110248,0.518069,0.337703,0.367093,0.299887,0.480645,0.379351,0.346055,0.229973,0.381981,0.354865,0.230085,0.333468,0.364207,0.324423,0.416692,0.496254,-0.014011,-0.145987,0.163577,0.019681,-0.045868,0.087839,0.239282,0.092685,0.405905,0.311591,0.595135,0.482610,-0.063736,-0.117993,0.105418,-0.030237,0.401929,0.418856,-0.073455,0.012484,-0.239152,-0.273340,-0.195096,0.044790,-0.329642,-0.474234,0.265022,0.045593,-0.456689,-0.213005,0.679487,0.378266
0.715564,0.744330,1.280203,0.000000,0.294427,0.534584,1.112064,1.249648,0.438292,0.248502,0.281037,0.396996,0.349545,0.466212,0.167091,0.094260,-0.324945,-0.153014,0.949416,1.061603,0.023365,0.015709,1.201008,1.160054,0.507265,0.338586,0.632784,0.586024,-0.422511,-0.370310,0.529351,0.665733,0.531320,0.817722,0.192826,0.146288,-0.284813,-0.291998,-0.198499,-0.223315,-0.519212,-0.187547,0.383407,0.234831,0.276168,0.235091,0.359758,0.212357,0.280726,0.218759,0.258333,0.255041,0.118817,0.182407,0.160622,0.066517,0.423910,0.472622,0.066645,-0.008808,0.189449,0.216928,0.052362,0.255329,0.074435,0.114566,0.273015,0.220818,0.578711,0.400002,0.017194,-0.032133,0.061233,0.012074,0.355796,0.375988,-0.180835,-0.120576,-0.222598,-0.238005,-0.231358,-0.047353,-0.492617,-0.585665,0.046176,-0.146338,-0.562396,-0.413382,0.369212,0.251512
0.234430,0.149412,0.325748,0.294427,0.000000,0.359542,0.622180,0.521883,0.910292,0.689311,0.115033,0.630488,0.851750,0.582001,0.617086,0.621639,0.134028,0.440703,0.166838,0.099189,0.282693,0.308962,0.399886,0.261462,0.494565,0.292699,0.455662,0.316307,0.355733,0.480378,0.675185,0.695345,0.132246,0.234950,0.110882,0.103647,-0.192059,-0.161063,-0.006966,-0.016877,0.102740,-0.092811,-0.081202,-0.082480,-0.088240,-0.137023,-0.033461,-0.010450,-0.136639,-0.212673,-0.179417,-0.146298,-0.094790,-0.026274,0.063746,0.095757,-0.042235,-0.045031,0.026408,-0.098758,-0.051101,0.011533,-0.150665,0.169199,0.033959,0.026896,-0.046252,-0.069609,0.044442,0.040971,0.654438,0.680680,0.211692,0.483566,0.135987,0.354974,0.155249,0.050299,-0.143408,-0.024450,0.252700,0.265495,0.145395,0.143096,-0.078643,0.005906,-0.223535,-0.277442,0.127021,0.019725
0.441740,0.394578,0.528721,0.534584,0.359542,0.000000,0.501047,0.617558,0.333070,0.716253,0.480060,0.364710,0.362241,0.430717,0.500269,0.522111,-0.325678,-0.065388,0.520622,0.432293,0.409348,0.442847,0.573220,0.581889,0.872052,0.970092,0.592642,0.611847,-0.071748,-0.026469,0.425464,0.534156,0.394084,0.385513,0.465804,0.420672,-0.177409,-0.101371,-0.082682,-0.128514,-0.235876,-0.102130,0.481034,0.404642,0.452410,0.482226,0.470775,0.381543,0.435951,0.447844,0.293666,0.453374,0.037507,0.186097,0.304951,0.307673,0.381310,0.355671,0.194588,0.187836,0.241846,0.328718,-0.216326,0.026165,0.317806,0.460266,0.484455,0.486906,0.474109,0.438805,0.242258,0.167270,0.220961,0.164825,0.418519,0.233019,0.014389,0.043556,-0.100177,-0.193645,-0.087552,0.105279,-0.017748,0.011970,0.293311,0.160260,-0.154004,0.052490,0.520106,0.365836
0.636934,0.529901,1.269204,1.112064,0.622180,0.501047,0.000000,1.023947,0.701728,0.339681,0.339692,0.468025,0.626159,0.479562,0.324438,0.158055,-0.272903,-0.054462,0.869904,0.772137,0.215419,0.165478,1.200175,0.878087,0.658940,0.384210,0.880625,0.706128,-0.268757,-0.221138,0.628464,0.673613,0.451458,0.678029,0.399565,0.298266,-0.212742,-0.252669,-0.055938,-0.074247,-0.327263,-0.155067,0.290059,0.189578,0.239806,0.177515,0.278580,0.201735,0.197367,0.092605,0.237065,0.216093,0.102768,0.193122,0.177298,0.136351,0.313150,0.304482,0.067047,-0.063045,0.121030,0.094734,-0.019154,0.173631,0.200692,0.100746,0.345372,0.280848,0.483212,0.397833,0.064811,0.049285,0.052058,0.113361,0.309297,0.505906,-0.026148,-0.029251,-0.285419,-0.269530,-0.021608,0.083464,-0.161900,-0.381771,0.140579,0.041503,-0.512976,-0.457510,0.404786,0.213776
0.533663,0.596037,0.918143,1.249648,0.521883,0.617558,1.023947,0.000000,0.682906,0.556225,0.265928,0.764883,0.544117,0.762166,0.330451,0.306955,-0.283139,0.101728,0.620703,0.713748,0.091430,0.048671,1.149629,1.099088,0.603247,0.371172,0.577685,0.425899,-0.251994,-0.087545,0.783944,0.955938,0.399087,0.675787,0.086059,0.062641,-0.367287,-0.313912,-0.204248,-0.225746,-0.392800,-0.096121,0.276201,0.216794,0.183091,0.144227,0.228463,0.183064,0.119469,0.097474,0.051850,0.130262,-0.021372,0.090560,0.124949,0.123875,0.227057,0.366414,-0.010224,-0.003995,0.048874,0.197493,-0.095127,0.296968,0.021618,0.209689,0.127027,0.125440,0.315494,0.280195,0.226652,0.171561,0.082916,0.253827,0.309879,0.451747,-0.189702,-0.170583,-0.229234,-0.296463,0.017777,0.187269,-0.312550,-0.352995,0.046021,-0.002067,-0.635118,-0.472751,0.271195,0.143136
0.239204,0.266977,0.284659,0.438292,0.910292,0.333070,0.701728,0.682906,0.000000,0.984042,0.119648,1.054017,1.176278,0.835378,0.580797,0.625711,0.066439,0.613921,0.195086,0.150569,0.096220,0.070948,0.500473,0.297475,0.558317,0.371511,0.582740,0.264150,0.178532,0.412463,0.731779,0.733382,-0.039059,0.188745,0.128223,0.104940,-0.109565,-0.089046,-0.025501,0.181005,0.164713,-0.068442,-0.011515,0.032973,0.018450,-0.030133,-0.019305,0.020754,-0.065477,-0.068703,-0.110638,-0.068416,-0.143420,-0.079596,-0.118164,-0.071486,0.064049,-0.043574,-0.018455,-0.048879,-0.101112,0.072613,-0.123281,0.304840,-0.061193,-0.013329,-0.057136,-0.039142,0.084199,0.022795,0.528805,0.644759,0.058928,0.435029,0.042459,0.227634,0.091184,-0.080325,-0.290945,-0.236879,0.196405,0.088457,0.232979,0.078157,-0.006014,0.099167,-0.234653,-0.441602,-0.035432,-0.077470
0.116077,0.150796,0.107262,0.248502,0.689311,0.716253,0.339681,0.556225,0.984042,0.000000,0.199041,0.927782,0.750062,0.872771,0.650012,0.885539,0.025549,0.648831,0.056423,-0.015280,0.205585,0.235610,0.346325,0.260183,0.684206,0.632834,0.383209,0.156773,0.295153,0.573307,0.678887,0.777701,-0.042511,0.082886,0.140369,0.099041,-0.169460,-0.078718,-0.115763,0.034380,0.196124,-0.059613,0.025632,0.071841,0.071156,0.058682,-0.001183,0.026394,-0.007405,0.023434,-0.136959,-0.023824,-0.255981,-0.163239,-0.093785,-0.020427,0.013897,-0.043250,0.026925,0.039447,-0.077568,0.140354,-0.243054,0.155962,0.017402,0.145264,-0.022924,-0.010620,-0.016447,0.000719,0.642931,0.744558,0.147050,0.494434,0.108807,0.168595,0.046395,-0.076055,-0.175784,-0.109325,0.138015,0.135965,0.264190,0.299022,0.043320,0.097726,-0.110320,-0.196031,0.017471,-0.035621
0.765822,0.571736,0.531980,0.281037,0.115033,0.480060,0.339692,0.265928,0.119648,0.199041,0.000000,0.283673,0.394509,0.407387,0.688160,0.525015,0.035258,0.000366,0.531968,0.342018,0.167248,0.397885,0.509609,0.507421,0.675294,0.742605,0.411697,0.520172,0.075984,-0.064263,0.278211,0.352951,0.606801,0.499701,0.472240,0.364645,-0.115409,0.024850,0.107917,0.150542,0.025546,0.079089,0.623519,0.509709,0.601190,0.491039,0.478975,0.404901,0.521539,0.410241,0.430620,0.401587,0.234292,0.284392,0.228498,0.262584,0.602354,0.575710,0.098131,0.067687,0.401158,0.134506,-0.030102,0.043226,0.540452,0.109234,0.401989,0.311032,0.340770,0.291062,0.237695,0.187880,0.169575,0.096052,0.212088,0.015324,0.114096,0.029602,-0.025172,0.002147,-0.214439,-0.063423,0.075560,0.126940,0.678670,0.371914,0.137424,0.262350,0.659893,0.406276
0.372165,0.465006,0.213952,0.396996,0.630488,0.364710,0.468025,0.764883,1.054017,0.927782,0.283673,0.000000,0.958485,1.267472,0.581660,0.786446,0.111287,0.715048,0.154074,0.153660,0.051894,0.081112,0.439218,0.323287,0.466424,0.376374,0.439114,0.201965,0.206531,0.464155,0.704246,0.817159,0.120610,0.312196,0.029114,-0.025368,-0.343748,-0.167234,-0.123889,0.083848,0.084128,-0.063632,0.101364,0.113309,0.155976,0.094834,0.048215,0.027557,0.062672,0.042874,-0.020504,-0.003167,-0.067263,-0.026971,-0.092733,-0.038251,0.221414,0.161047,0.168898,0.188082,0.086790,0.268329,-0.024490,0.473666,0.008722,0.124873,-0.011093,-0.006562,0.067125,0.026283,0.529831,0.599639,0.009912,0.471762,0.016376,0.239515,-0.132489,-0.337046,-0.162430,-0.173661,0.172749,0.122390,0.154624,0.137578,0.043750,0.155498,-0.258263,-0.345808,0.045624,-0.010770
0.414594,0.329205,0.273328,0.349545,0.851750,0.362241,0.626159,0.544117,1.176278,0.750062,0.394509,0.958485,0.000000,0.956551,0.719837,0.665118,0.215643,0.610805,0.188742,0.098329,0.200166,0.263648,0.407764,0.237953,0.550620,0.400251,0.547589,0.311582,0.364297,0.431236,0.668215,0.707334,0.227930,0.340583,0.184637,0.117978,-0.233524,-0.123323,-0.075268,0.148294,0.107388,-0.142781,0.113916,0.118426,0.185250,0.093827,0.108445,0.091186,0.117382,0.033436,0.029025,0.008888,0.015375,0.036330,-0.034332,-0.013655,0.195801,0.120739,0.221754,0.166529,0.233190,0.277284,0.027080,0.407348,0.221076,0.071526,0.103977,0.060454,0.125470,0.052917,0.569007,0.651344,0.065488,0.405760,0.081825,0.169172,0.126989,-0.100078,-0.181796,-0.094512,0.126912,0.076894,0.240240,0.123602,0.029005,0.089165,-0.208537,-0.321617,0.069619,0.002746
0.393724,0.446696,0.294362,0.466212,0.582001,0.430717,0.479562,0.762166,0.835378,0.872771,0.407387,1.267472,0.956551,0.000000,0.541306,0.738556,0.206014,0.621380,0.199774,0.188868,0.069886,0.159870,0.479750,0.410091,0.604974,0.493053,0.327283,0.181004,0.313844,0.389728,0.729569,0.844863,0.277917,0.442958,0.062104,0.004004,-0.367003,-0.096699,-0.229731,-0.023154,-0.009432,-0.023167,0.191852,0.171821,0.252570,0.160786,0.143559,0.063798,0.210501,0.135706,0.099386,0.084398,0.106298,0.095385,-0.097451,-0.084774,0.226327,0.297029,0.216611,0.219565,0.265781,0.376416,0.172232,0.611927,0.122137,0.143380,0.073432,0.035391,0.101304,0.090518,0.496224,0.535162,0.133727,0.504899,0.148310,0.281694,-0.004681,-0.153418,-0.104323,-0.017304,0.055158,0.098994,-0.006880,0.118063,0.040143,0.070631,-0.284386,-0.320698,0.010041,0.059123
0.377734,0.303634,0.312256,0.167091,0.617086,0.500269,0.324438,0.330451,0.580797,0.650012,0.688160,0.581660,0.719837,0.541306,0.000000,1.210030,0.098905,0.360279,0.304572,0.133648,0.335194,0.543899,0.411151,0.309702,0.588013,0.572868,0.522642,0.457956,0.336600,0.407292,0.467944,0.482856,0.264263,0.243992,0.446850,0.365463,0.070912,0.143777,0.235939,0.336899,0.360283,0.112635,0.290382,0.333465,0.291380,0.233417,0.263189,0.337373,0.176453,0.088116,0.079711,0.119153,0.012763,0.107807,0.253164,0.296547,0.215149,0.133574,-0.103139,-0.133577,0.007217,-0.031512,-0.248864,0.077670,0.275080,0.058957,0.124724,0.099910,0.141366,0.112608,0.546922,0.589736,0.356010,0.395084,0.270600,0.111096,0.344670,0.141168,-0.105091,-0.086973,0.061337,0.100413,0.413938,0.414475,0.562788,0.446593,0.175536,0.200585,0.537354,0.356650
0.357417,0.375927,0.106887,0.094260,0.621639,0.522111,0.158055,0.306955,0.625711,0.885539,0.525015,0.786446,0.665118,0.738556,1.210030,0.000000,0.242330,0.602549,0.138483,0.050341,0.190071,0.428565,0.225489,0.166196,0.555736,0.588298,0.376473,0.307365,0.489948,0.658194,0.420145,0.490600,0.103275,0.145823,0.230291,0.222964,-0.050089,0.141564,0.162174,0.273171,0.395324,0.155330,0.227934,0.245787,0.236111,0.198364,0.184543,0.224236,0.176055,0.188819,0.088219,0.158231,0.057235,0.135238,0.152364,0.226154,0.225655,0.184772,0.071453,0.075907,0.113681,0.161624,-0.099173,0.264560,0.209219,0.158705,0.069665,0.078697,0.125122,0.112006,0.622979,0.703527,0.281109,0.484644,0.170466,0.069822,0.209862,0.054672,-0.024833,0.045622,0.174086,0.203128,0.394822,0.591238,0.346904,0.390182,0.171187,0.195655,0.298304,0.265202
0.034486,0.042476,-0.355541,-0.324945,0.134028,-0.325678,-0.272903,-0.283139,0.066439,0.025549,0.035258,0.111287,0.215643,0.206014,0.098905,0.242330,0.000000,0.667307,-0.189813,-0.215214,-0.052210,0.091617,-0.414215,-0.455579,-0.176633,-0.156217,-0.232782,-0.178001,0.970936,0.632446,-0.154731,-0.167098,-0.015800,0.010804,-0.178018,-0.131205,0.140022,0.270018,0.038113,0.314090,0.490840,0.236658,0.000844,0.052700,-0.015882,-0.038439,0.007703,0.001086,0.046506,0.011904,0.017426,-0.078317,0.256418,0.033164,-0.026102,-0.051318,0.042406,0.038520,0.248776,0.206010,0.286587,0.223247,0.657886,0.534100,0.059659,-0.098556,-0.069896,-0.116178,-0.068732,-0.085216,0.256307,0.283977,0.302455,0.400671,-0.031321,0.072609,0.343339,0.239432,0.594457,0.616940,0.486155,0.246884,0.387928,0.409617,-0.018063,0.072034,0.296401,0.101501,-0.197166,-0.030565
-0.017564,0.033997,-0.301017,-0.153014,0.440703,-0.065388,-0.054462,0.101728,0.613921,0.648831,0.000366,0.715048,0.610805,0.621380,0.360279,0.602549,0.667307,0.000000,-0.285185,-0.318483,-0.053109,0.007063,-0.132299,-0.226949,0.066565,0.036261,-0.063531,-0.249494,0.781580,1.154159,0.281429,0.308442,-0.184125,-0.057425,-0.194288,-0.215451,-0.069472,0.091196,-0.040609,0.240142,0.540000,0.163128,-0.118486,0.001634,-0.048929,-0.106580,-0.171547,-0.100464,-0.144845,-0.139281,-0.211451,-0.232812,-0.097279,-0.198418,-0.213926,-0.114254,-0.087145,-0.110356,0.176848,0.176617,-0.014486,0.097626,0.180402,0.529394,-0.072501,-0.149182,-0.202804,-0.217506,-0.242099,-0.258616,0.601007,0.762502,0.189851,0.735899,-0.050528,0.140472,0.136980,-0.048401,0.144520,0.249702,0.462062,0.290594,0.389367,0.485100,-0.073706,0.088456,0.126497,-0.145984,-0.287505,-0.237116
0.870293,0.861780,1.250596,0.949416,0.166838,0.520622,0.869904,0.620703,0.195086,0.056423,0.531968,0.154074,0.188742,0.199774,0.304572,0.138483,-0.189813,-0.285185,0.000000,1.578849,0.241792,0.273980,0.947133,0.854022,0.540748,0.431141,0.766641,0.895995,-0.349226,-0.422963,0.261372,0.310879,0.762303,0.947132,0.591353,0.525076,-0.062916,-0.113657,0.115034,0.078246,-0.325738,-0.029779,0.796133,0.605216,0.596787,0.593235,0.701892,0.587931,0.575680,0.452982,0.537293,0.560179,0.353904,0.444471,0.494775,0.417383,0.801768,0.728414,0.148054,0.042958,0.281018,0.174824,0.053549,0.184822,0.228831,0.171835,0.686708,0.620195,1.078105,0.933942,-0.224083,-0.272905,0.245699,0.017632,0.547424,0.469474,0.031313,0.104554,0.017893,-0.205341,-0.076202,0.109823,-0.146996,-0.379469,0.398940,0.198011,-0.279569,-0.100108,0.670469,0.558335
0.780906,0.931257,1.113218,1.061603,0.099189,0.432293,0.772137,0.713748,0.150569,-0.015280,0.342018,0.153660,0.098329,0.188868,0.133648,0.050341,-0.215214,-0.318483,1.578849,0.000000,0.136181,0.134996,0.841324,0.847040,0.426100,0.317342,0.636312,0.727705,-0.399957,-0.460272,0.253588,0.309199,0.740663,1.002002,0.389159,0.391298,-0.119453,-0.093185,0.075114,-0.006891,-0.435853,0.062780,0.769971,0.569103,0.493368,0.498701,0.711535,0.575213,0.500839,0.429288,0.500846,0.550517,0.393789,0.491917,0.495265,0.408846,0.746825,0.876391,0.137656,0.087786,0.300546,0.246044,0.156314,0.295678,0.096239,0.200774,0.593911,0.581118,1.049032,0.926412,-0.252482,-0.334880,0.231985,-0.018941,0.564257,0.469522,-0.046422,0.051288,0.002355,-0.203028,-0.005569,0.234924,-0.238533,-0.469535,0.284286,0.168075,-0.330548,-0.116047,0.530701,0.532916
0.020835,0.002269,0.141476,0.023365,0.282693,0.409348,0.215419,0.091430,0.096220,0.205585,0.167248,0.051894,0.200166,0.069886,0.335194,0.190071,-0.052210,-0.053109,0.241792,0.136181,0.000000,1.088732,0.170219,0.126127,0.299042,0.415652,0.331922,0.464829,0.233451,0.140894,0.449071,0.243338,0.348566,0.194263,0.450948,0.419531,0.014982,0.024670,-0.005574,0.015019,0.013527,-0.010477,0.097491,0.125181,0.042986,0.070564,0.083201,0.106735,0.040204,-0.061979,-0.056605,0.005209,-0.124865,-0.084501,0.068794,0.066546,0.131633,0.074890,0.007052,0.026788,0.000760,0.066390,-0.062742,-0.067454,0.132438,0.161048,0.272694,0.283201,0.152157,0.271156,0.097231,0.050607,0.252818,0.115392,0.340134,0.136322,0.218565,0.203466,0.118802,0.052343,0.085024,0.160731,0.262452,0.164811,0.174393,0.136262,0.002529,0.060346,0.118717,0.094763
0.191781,0.134266,0.173726,0.015709,0.308962,0.442847,0.165478,0.048671,0.070948,0.235610,0.397885,0.081112,0.263648,0.159870,0.543899,0.428565,0.091617,0.007063,0.273980,0.134996,1.088732,0.000000,0.144854,0.119433,0.398611,0.531188,0.261365,0.520197,0.409520,0.243990,0.365441,0.242893,0.424911,0.247049,0.507984,0.459785,0.083805,0.109369,0.087636,0.146748,0.116080,0.029285,0.248575,0.254234,0.174341,0.185028,0.213021,0.228098,0.189592,0.067193,0.109383,0.109027,-0.024992,0.011696,0.212452,0.204182,0.249291,0.202239,0.070262,0.028088,0.172510,0.099150,-0.008305,0.011628,0.314324,0.150792,0.359557,0.308558,0.203315,0.279332,0.194060,0.173393,0.307072,0.198389,0.365655,0.093353,0.422306,0.323217,0.245502,0.148030,0.017226,0.159913,0.254724,0.259224,0.316953,0.237350,0.120188,0.224620,0.288215,0.289218
0.576824,0.598456,1.455485,1.201008,0.399886,0.573220,1.200175,1.149629,0.500473,0.346325,0.509609,0.439218,0.407764,0.479750,0.411151,0.225489,-0.414215,-0.132299,0.947133,0.841324,0.170219,0.144854,0.000000,1.864318,0.799438,0.503461,0.829191,0.672860,-0.393351,-0.298222,0.749371,0.865404,0.545723,0.785989,0.400570,0.298475,-0.278717,-0.359310,-0.068850,-0.132941,-0.376783,-0.156684,0.397426,0.300438,0.318143,0.249026,0.333959,0.289656,0.234614,0.132880,0.187535,0.225776,0.033473,0.143910,0.214928,0.213833,0.343576,0.392260,-0.108319,-0.198124,-0.027067,-0.057288,-0.217535,0.063910,0.086814,0.009173,0.273532,0.214752,0.413702,0.344245,0.084505,0.064945,0.022848,0.024590,0.277767,0.352362,-0.162014,-0.177411,-0.338899,-0.376653,-0.174683,0.001757,-0.280210,-0.445665,0.241228,0.076272,-0.555279,-0.366332,0.505979,0.197227
0.526144,0.554134,1.334674,1.160054,0.261462,0.581889,0.878087,1.099088,0.297475,0.260183,0.507421,0.323287,0.237953,0.410091,0.309702,0.166196,-0.455579,-0.226949,0.854022,0.847040,0.126127,0.119433,1.864318,0.000000,0.694354,0.453949,0.620930,0.542359,-0.432659,-0.366234,0.665902,0.815176,0.581852,0.796055,0.279571,0.223195,-0.340620,-0.419812,-0.124967,-0.283995,-0.501373,-0.172217,0.414012,0.289410,0.304541,0.243315,0.337585,0.292107,0.241698,0.161160,0.163312,0.229100,0.046228,0.155911,0.245565,0.252701,0.318488,0.427840,-0.143952,-0.203631,-0.004862,-0.061372,-0.228454,0.008178,0.056598,0.039907,0.232132,0.168455,0.370296,0.301736,0.064010,0.014277,0.038575,-0.035066,0.304907,0.289121,-0.228333,-0.203114,-0.307167,-0.383719,-0.221624,-0.000901,-0.389702,-0.477947,0.199267,0.019426,-0.571659,-0.298026,0.491983,0.172828
0.466923,0.434675,0.640631,0.507265,0.494565,0.872052,0.658940,0.603247,0.558317,0.684206,0.675294,0.466424,0.550620,0.604974,0.588013,0.555736,-0.176633,0.066565,0.540748,0.426100,0.299042,0.398611,0.799438,0.694354,0.000000,1.334443,0.721257,0.632748,0.021604,-0.007324,0.732946,0.793763,0.478026,0.502047,0.588452,0.465648,-0.107874,-0.011559,0.072822,0.088143,-0.085109,0.049548,0.486851,0.414823,0.406608,0.336132,0.445268,0.397664,0.356722,0.288051,0.305248,0.354017,0.051347,0.193774,0.194080,0.260142,0.379178,0.419014,0.052288,-0.010468,0.171770,0.146524,-0.149914,0.074703,0.301603,0.208903,0.405268,0.355898,0.398871,0.367782,0.338526,0.300226,0.135049,0.131269,0.275395,0.228361,0.073603,0.045245,-0.167566,-0.137636,-0.066696,0.113860,0.070815,0.024299,0.329919,0.252180,-0.172360,-0.082152,0.404280,0.291611
0.445578,0.452119,0.398933,0.338586,0.292699,0.970092,0.384210,0.371172,0.371511,0.632834,0.742605,0.376374,0.400251,0.493053,0.572868,0.588298,-0.156217,0.036261,0.431141,0.317342,0.415652,0.531188,0.503461,0.453949,1.334443,0.000000,0.548396,0.626785,0.111892,0.053457,0.568987,0.590110,0.463969,0.392662,0.570531,0.437758,-0.052819,0.128505,0.037775,0.170462,0.034221,0.135634,0.525915,0.470870,0.467343,0.429852,0.470950,0.384638,0.415371,0.371499,0.312183,0.373098,-0.009418,0.117757,0.125439,0.170792,0.529738,0.471999,0.132812,0.141528,0.221157,0.214700,-0.129086,0.022509,0.260122,0.173451,0.468523,0.450189,0.445866,0.380986,0.409197,0.342373,0.178157,0.139506,0.262403,0.041231,0.116482,0.069163,-0.040265,-0.027150,-0.121049,0.024735,0.172964,0.165699,0.459357,0.288340,0.109869,0.184437,0.404814,0.350198
0.557271,0.496403,0.749574,0.632784,0.455662,0.592642,0.880625,0.577685,0.582740,0.383209,0.411697,0.439114,0.547589,0.327283,0.522642,0.376473,-0.232782,-0.063531,0.766641,0.636312,0.331922,0.261365,0.829191,0.620930,0.721257,0.548396,0.000000,1.238819,-0.290369,-0.213673,0.391870,0.452208,0.315171,0.433340,0.650295,0.533886,-0.084382,-0.157435,0.209067,0.222391,-0.108428,-0.140963,0.323231,0.309440,0.358885,0.382897,0.346223,0.342575,0.325689,0.300925,0.312364,0.396394,0.106746,0.271796,0.296218,0.251968,0.434671,0.293590,0.131401,0.017962,0.134758,0.149291,-0.134322,0.059559,0.224182,0.228474,0.442554,0.450727,0.562485,0.486772,0.050814,0.053507,0.049586,-0.007324,0.260762,0.294401,-0.015921,-0.042732,-0.210048,-0.298805,-0.033535,0.013638,0.117063,-0.223389,0.274020,0.235935,-0.283118,-0.260044,0.533673,0.308292
0.699508,0.612633,0.777150,0.586024,0.316307,0.611847,0.706128,0.425899,0.264150,0.156773,0.520172,0.201965,0.311582,0.181004,0.457956,0.307365,-0.178001,-0.249494,0.895995,0.727705,0.464829,0.520197,0.672860,0.542359,0.632748,0.626785,1.238819,0.000000,-0.243461,-0.309764,0.264322,0.295799,0.490432,0.506558,0.735985,0.640202,0.039041,-0.014113,0.196251,0.246706,-0.127445,-0.074898,0.473080,0.402943,0.408315,0.448830,0.506528,0.429214,0.427286,0.392338,0.424775,0.484224,0.178694,0.345282,0.397835,0.328949,0.602670,0.485113,0.180948,0.063169,0.274667,0.187126,-0.022059,0.047690,0.311996,0.227531,0.590001,0.608342,0.739588,0.675223,0.012539,-0.048704,0.104530,-0.073250,0.324598,0.260715,0.109166,0.135246,0.002524,-0.120392,-0.143212,-0.005156,0.011946,-0.220484,0.387618,0.224045,-0.098222,-0.016858,0.671879,0.530698
-0.092766,-0.091122,-0.421840,-0.422511,0.355733,-0.071748,-0.268757,-0.251994,0.178532,0.295153,0.075984,0.206531,0.364297,0.313844,0.336600,0.489948,0.970936,0.781580,-0.349226,-0.399957,0.233451,0.409520,-0.393351,-0.432659,0.021604,0.111892,-0.290369,-0.243461,0.000000,1.143158,0.170239,0.088397,-0.008105,-0.067987,-0.122483,-0.108513,0.087426,0.276629,0.011049,0.202712,0.554966,0.272108,-0.073868,-0.012339,-0.105020,-0.159225,-0.063723,-0.047873,-0.090637,-0.162359,-0.165535,-0.233822,0.020314,-0.187414,-0.065762,-0.053021,-0.052520,-0.044513,0.165508,0.168812,0.150439,0.145557,0.321702,0.382322,0.026379,-0.122490,-0.122442,-0.173986,-0.212116,-0.220405,0.603728,0.628482,0.379727,0.575775,0.040357,-0.019032,0.433814,0.226118,0.392789,0.515188,0.474079,0.331488,0.535641,0.735300,0.020060,0.094277,0.415079,0.258318,-0.182841,-0.068287
-0.204569,-0.097216,-0.462109,-0.370310,0.480378,-0.026469,-0.221138,-0.087545,0.412463,0.573307,-0.064263,0.464155,0.431236,0.389728,0.407292,0.658194,0.632446,1.154159,-0.422963,-0.460272,0.140894,0.243990,-0.298222,-0.366234,-0.007324,0.053457,-0.213673,-0.309764,1.143158,0.000000,0.263204,0.233462,-0.220527,-0.187978,-0.183411,-0.184760,0.004178,0.139977,-0.009845,0.199892,0.597739,0.186774,-0.204233,-0.088792,-0.169259,-0.200798,-0.253018,-0.144944,-0.254308,-0.256861,-0.328896,-0.323885,-0.182781,-0.280081,-0.186963,-0.080582,-0.138294,-0.178149,0.052035,0.095983,-0.104097,0.011096,0.089632,0.373226,-0.119743,-0.182281,-0.243018,-0.260658,-0.314241,-0.298119,0.714141,0.882164,0.263717,0.752850,-0.032402,-0.007153,0.263604,0.061877,0.247662,0.325376,0.589031,0.410484,0.594487,0.814919,-0.025574,0.134406,0.281357,0.112132,-0.255705,-0.229023
0.211450,0.283987,0.451663,0.529351,0.675185,0.425464,0.628464,0.783944,0.731779,0.678887,0.278211,0.704246,0.668215,0.729569,0.467944,0.420145,-0.154731,0.281429,0.261372,0.253588,0.449071,0.365441,0.749371,0.665902,0.732946,0.568987,0.391870,0.264322,0.170239,0.263204,0.000000,1.499569,0.364019,0.470038,0.108845,0.068332,-0.250701,-0.236579,-0.166987,-0.122157,-0.076506,-0.039856,0.056821,0.045489,-0.038838,-0.165423,0.041053,0.036779,-0.147823,-0.296832,-0.286581,-0.257310,-0.324301,-0.271092,-0.059458,0.014657,0.067311,0.150229,-0.201011,-0.183528,-0.193915,-0.090349,-0.222817,0.135760,-0.173683,-0.157548,-0.073882,-0.133917,0.016528,-0.027041,0.579877,0.597616,0.084386,0.326122,0.169047,0.180808,-0.071056,-0.203400,-0.236000,-0.188689,-0.002054,0.119762,-0.011816,-0.099158,-0.030724,-0.058178,-0.327845,-0.314238,0.046371,-0.108804
0.308397,0.390715,0.530166,0.665733,0.695345,0.534156,0.673613,0.955938,0.733382,0.777701,0.352951,0.817159,0.707334,0.844863,0.482856,0.490600,-0.167098,0.308442,0.310879,0.309199,0.243338,0.242893,0.865404,0.815176,0.793763,0.590110,0.452208,0.295799,0.088397,0.233462,1.499569,0.000000,0.422222,0.610587,0.079753,-0.000364,-0.471690,-0.388373,-0.288065,-0.219190,-0.176012,-0.115731,0.134026,0.096294,0.091102,-0.023038,0.103370,0.067739,-0.023378,-0.157116,-0.190027,-0.156479,-0.266573,-0.197016,-0.044494,0.031162,0.145833,0.237711,-0.070299,-0.094707,-0.098122,-0.023967,-0.233355,0.118083,-0.121401,-0.110417,0.000650,-0.067394,0.097632,0.041909,0.630787,0.621402,0.063504,0.331704,0.150284,0.242154,-0.167530,-0.300417,-0.219983,-0.152027,-0.042713,0.109205,-0.104457,-0.136273,-0.075451,-0.091611,-0.455591,-0.379003,0.099624,-0.103800
0.744323,0.700078,0.648215,0.531320,0.132246,0.394084,0.451458,0.399087,-0.039059,-0.042511,0.606801,0.120610,0.227930,0.277917,0.264263,0.103275,-0.015800,-0.184125,0.762303,0.740663,0.348566,0.424911,0.545723,0.581852,0.478026,0.463969,0.315171,0.490432,-0.008105,-0.220527,0.364019,0.422222,0.000000,1.376818,0.390671,0.259797,-0.284639,-0.116257,-0.039806,-0.064337,-0.326202,0.042215,0.762354,0.588974,0.609563,0.461900,0.765954,0.559978,0.578811,0.270792,0.420631,0.350125,0.351465,0.330619,0.460512,0.370245,0.734696,0.898697,0.304131,0.252864,0.440901,0.275032,0.153714,0.243501,0.254848,0.097176,0.668437,0.509826,0.727020,0.588448,0.040706,-0.067666,0.218060,0.008808,0.345795,0.244552,0.013093,-0.034072,0.121783,-0.002899,-0.136840,0.072654,-0.202687,-0.261594,0.257639,0.111958,-0.166081,0.075728,0.543793,0.440533
0.783993,0.863405,0.847645,0.817722,0.234950,0.385513,0.678029,0.675787,0.188745,0.082886,0.499701,0.312196,0.340583,0.442958,0.243992,0.145823,0.010804,-0.057425,0.947132,1.002002,0.194263,0.247049,0.785989,0.796055,0.502047,0.392662,0.433340,0.506558,-0.067987,-0.187978,0.470038,0.610587,1.376818,0.000000,0.325668,0.248840,-0.384618,-0.202785,-0.114282,-0.086078,-0.385653,0.038225,0.763703,0.570440,0.581138,0.444025,0.743642,0.537379,0.539684,0.266854,0.388179,0.343308,0.370512,0.334576,0.423740,0.361673,0.678986,0.869746,0.288190,0.188065,0.360667,0.236589,0.209296,0.371846,0.129845,0.052926,0.595982,0.484480,0.774981,0.623162,0.052612,-0.027008,0.235317,0.154031,0.395873,0.423156,-0.122795,-0.100979,0.087398,-0.067963,-0.002593,0.175124,-0.212260,-0.372630,0.156550,0.081203,-0.376187,-0.141689,0.446560,0.371775
0.232010,0.211994,0.425693,0.192826,0.110882,0.465804,0.399565,0.086059,0.128223,0.140369,0.472240,0.029114,0.184637,0.062104,0.446850,0.230291,-0.178018,-0.194288,0.591353,0.389159,0.450948,0.507984,0.400570,0.279571,0.588452,0.570531,0.650295,0.735985,-0.122483,-0.183411,0.108845,0.079753,0.390671,0.325668,0.000000,1.418590,0.245325,0.240703,0.373427,0.411210,0.004607,0.105984,0.533365,0.568700,0.584827,0.615046,0.483857,0.518732,0.544574,0.435510,0.631269,0.671377,0.189790,0.310850,0.371392,0.337771,0.470024,0.285257,0.126911,-0.004188,0.180143,0.097127,-0.053466,-0.032731,0.609248,0.327873,0.886482,0.890959,0.540166,0.586971,-0.236044,-0.210514,0.196673,-0.040494,0.431374,0.220838,0.362562,0.366918,-0.012756,-0.145716,-0.000297,0.003809,0.278205,0.028440,0.728565,0.539753,0.099573,0.101609,0.545544,0.460392
0.179824,0.156175,0.339918,0.146288,0.103647,0.420672,0.298266,0.062641,0.104940,0.099041,0.364645,-0.025368,0.117978,0.004004,0.365463,0.222964,-0.131205,-0.215451,0.525076,0.391298,0.419531,0.459785,0.298475,0.223195,0.465648,0.437758,0.533886,0.640202,-0.108513,-0.184760,0.068332,-0.000364,0.259797,0.248840,1.418590,0.000000,0.363954,0.328780,0.434458,0.398583,-0.001313,0.140279,0.508513,0.521646,0.476867,0.524596,0.467157,0.531735,0.466433,0.435115,0.544717,0.652810,0.285368,0.377582,0.436994,0.413660,0.348164,0.221757,0.023093,-0.089411,0.159728,0.101054,-0.019293,-0.012274,0.525749,0.436435,0.685943,0.787275,0.503015,0.549553,-0.301219,-0.279377,0.262403,-0.007443,0.487079,0.206210,0.396176,0.491645,-0.007688,-0.145377,0.095883,0.114489,0.291674,0.065378,0.639492,0.537433,0.105397,0.129243,0.418115,0.448721
-0.220054,-0.204696,-0.190428,-0.284813,-0.192059,-0.177409,-0.212742,-0.367287,-0.109565,-0.169460,-0.115409,-0.343748,-0.233524,-0.367003,0.070912,-0.050089,0.140022,-0.069472,-0.062916,-0.119453,0.014982,0.083805,-0.278717,-0.340620,-0.107874,-0.052819,-0.084382,0.039041,0.087426,0.004178,-0.250701,-0.471690,-0.284639,-0.384618,0.245325,0.363954,0.000000,0.835802,0.739130,0.855643,0.580000,0.335546,0.025174,0.175335,-0.053409,-0.022397,0.090794,0.245049,-0.077778,0.000077,0.004909,0.010920,-0.064359,-0.050330,0.229775,0.201033,-0.103347,-0.205183,-0.355562,-0.318299,-0.221897,-0.235988,-0.039722,-0.128720,0.004560,-0.080890,-0.059158,0.004824,-0.047226,-0.090040,-0.143457,-0.117437,0.234942,-0.013620,0.079376,-0.151285,0.626244,0.616589,0.145787,0.091397,0.134772,-0.002187,0.377889,0.233302,0.382889,0.346397,0.675986,0.397445,0.047786,0.214965
-0.115332,-0.111687,-0.243455,-0.291998,-0.161063,-0.101371,-0.252669,-0.313912,-0.089046,-0.078718,0.024850,-0.167234,-0.123323,-0.096699,0.143777,0.141564,0.270018,0.091196,-0.113657,-0.093185,0.024670,0.109369,-0.359310,-0.419812,-0.011559,0.128505,-0.157435,-0.014113,0.276629,0.139977,-0.236579,-0.388373,-0.116257,-0.202785,0.240703,0.328780,0.835802,0.000000,0.516215,0.761264,0.498500,0.927189,0.165211,0.261922,0.062447,0.051531,0.179658,0.224117,0.071808,0.123888,0.215934,0.201854,0.227221,0.196573,0.071125,0.064929,-0.019331,0.008706,-0.114971,-0.076830,0.085732,0.068236,0.306417,0.128614,0.151294,0.088924,0.054425,0.130326,0.004936,0.029529,-0.080933,-0.091677,0.466496,0.203874,0.239062,0.013865,0.545272,0.670439,0.151555,0.364133,0.217761,0.177915,0.391218,0.475413,0.508142,0.555787,0.769547,0.562334,0.038558,0.482301
0.055376,0.028845,0.023898,-0.198499,-0.006966,-0.082682,-0.055938,-0.204248,-0.025501,-0.115763,0.107917,-0.123889,-0.075268,-0.229731,0.235939,0.162174,0.038113,-0.040609,0.115034,0.075114,-0.005574,0.087636,-0.068850,-0.124967,0.072822,0.037775,0.209067,0.196251,0.011049,-0.009845,-0.166987,-0.288065,-0.039806,-0.114282,0.373427,0.434458,0.739130,0.516215,0.000000,0.807070,0.421492,0.353380,0.210879,0.300763,0.174232,0.143269,0.298079,0.517670,0.110039,0.134700,0.239245,0.268928,0.244969,0.267658,0.590101,0.610394,0.102029,0.019920,-0.130761,-0.207302,-0.091520,-0.198366,-0.125291,-0.019508,0.109232,-0.004066,0.171066,0.193751,0.172759,0.059220,-0.150840,-0.114113,0.118370,-0.034160,0.029968,-0.086179,0.253889,0.254153,-0.105312,-0.165945,0.228247,0.128774,0.431099,0.248021,0.471573,0.660851,0.469091,0.471723,0.369290,0.401146
0.072306,0.124570,-0.127387,-0.223315,-0.016877,-0.128514,-0.074247,-0.225746,0.181005,0.034380,0.150542,0.083848,0.148294,-0.023154,0.336899,0.273171,0.314090,0.240142,0.078246,-0.006891,0.015019,0.146748,-0.132941,-0.283995,0.088143,0.170462,0.222391,0.246706,0.202712,0.199892,-0.122157,-0.219190,-0.064337,-0.086078,0.411210,0.398583,0.855643,0.761264,0.807070,0.000000,0.800039,0.432188,0.242165,0.412854,0.233830,0.229941,0.248919,0.403243,0.152050,0.168197,0.205717,0.180461,0.090258,0.116212,0.189743,0.220497,0.244163,0.059949,-0.015404,-0.026775,-0.014783,-0.046577,0.063416,0.120905,0.084319,-0.099941,0.165162,0.224105,0.187033,0.125680,0.033648,0.089174,0.173330,0.152716,-0.022121,-0.087034,0.454651,0.327329,0.167531,0.119380,0.268672,0.049808,0.648533,0.325051,0.496972,0.604461,0.586648,0.317586,0.131949,0.261136
-0.159235,-0.154041,-0.458550,-0.519212,0.102740,-0.235876,-0.327263,-0.392800,0.164713,0.196124,0.025546,0.084128,0.107388,-0.009432,0.360283,0.395324,0.490840,0.540000,-0.325738,-0.435853,0.013527,0.116080,-0.376783,-0.501373,-0.085109,0.034221,-0.108428,-0.127445,0.554966,0.597739,-0.076506,-0.176012,-0.326202,-0.385653,0.004607,-0.001313,0.580000,0.498500,0.421492,0.800039,0.000000,0.374431,-0.090808,0.079190,-0.074568,-0.094035,-0.105916,0.027455,-0.159983,-0.133290,-0.203126,-0.216537,-0.184007,-0.232771,-0.090627,-0.020670,-0.122472,-0.238566,-0.142358,-0.119666,-0.235650,-0.226467,-0.020481,0.004923,-0.083630,-0.281030,-0.231490,-0.198721,-0.227077,-0.230359,0.384529,0.477963,0.226497,0.396851,-0.147001,-0.084461,0.343143,0.220762,0.201278,0.298498,0.292804,0.019512,0.633482,0.595492,0.242731,0.265741,0.790741,0.369247,-0.098005,-0.065079
-0.061463,0.018829,-0.110248,-0.187547,-0.092811,-0.102130,-0.155067,-0.096121,-0.068442,-0.059613,0.079089,-0.063632,-0.142781,-0.023167,0.112635,0.155330,0.236658,0.163128,-0.029779,0.062780,-0.010477,0.029285,-0.156684,-0.172217,0.049548,0.135634,-0.140963,-0.074898,0.272108,0.186774,-0.039856,-0.115731,0.042215,0.038225,0.105984,0.140279,0.335546,0.927189,0.353380,0.432188,0.374431,0.000000,0.226487,0.334620,0.085437,0.029509,0.199140,0.264426,0.043564,0.033268,0.112517,0.147694,0.150165,0.101264,0.081774,0.131696,0.024442,0.193782,-0.128648,-0.051559,-0.004642,-0.018735,0.299146,0.206347,-0.068977,-0.044628,0.080509,0.128669,0.042980,0.064477,-0.007782,-0.038518,0.543653,0.430046,0.345864,0.239116,0.290719,0.433668,0.207234,0.238495,0.454802,0.463786,0.297898,0.329890,0.468349,0.569979,0.512129,0.437827,0.026354,0.320397
0.695407,0.716241,0.518069,0.383407,-0.081202,0.481034,0.290059,0.276201,-0.011515,0.025632,0.623519,0.101364,0.113916,0.191852,0.290382,0.227934,0.000844,-0.118486,0.796133,0.769971,0.097491,0.248575,0.397426,0.414012,0.486851,0.525915,0.323231,0.473080,-0.073868,-0.204233,0.056821,0.134026,0.762354,0.763703,0.533365,0.508513,0.025174,0.165211,0.210879,0.242165,-0.090808,0.226487,0.000000,1.640577,1.369460,1.128216,1.558008,1.348342,1.200633,0.937372,0.905935,0.931024,0.602825,0.664159,0.662734,0.657291,0.885967,0.886645,0.374017,0.316836,0.502539,0.322309,0.165650,0.331265,0.283697,0.209979,0.926038,0.818045,0.961235,0.812142,-0.136673,-0.202639,0.293804,0.102198,0.441303,0.260889,0.105400,0.151186,0.122823,-0.062328,0.054444,0.166244,0.073538,-0.049999,0.581182,0.428635,0.064504,0.279885,0.560614,0.638182
0.469365,0.515550,0.337703,0.234831,-0.082480,0.404642,0.189578,0.216794,0.032973,0.071841,0.509709,0.113309,0.118426,0.171821,0.333465,0.245787,0.052700,0.001634,0.605216,0.569103,0.125181,0.254234,0.300438,0.289410,0.414823,0.470870,0.309440,0.402943,-0.012339,-0.088792,0.045489,0.096294,0.588974,0.570440,0.568700,0.521646,0.175335,0.261922,0.300763,0.412854,0.079190,0.334620,1.640577,0.000000,1.306973,1.133985,1.228276,1.487462,1.030100,0.840403,0.706436,0.800287,0.409890,0.465165,0.635895,0.652822,0.720625,0.669155,0.314668,0.296482,0.348780,0.258289,0.111375,0.331628,0.217685,0.177478,0.868269,0.796738,0.737395,0.659499,-0.093896,-0.139851,0.344586,0.228650,0.408690,0.250567,0.248927,0.259919,0.203154,-0.065701,0.168432,0.201344,0.198769,0.005627,0.660217,0.546376,0.157576,0.258995,0.459871,0.529531
0.588570,0.564886,0.367093,0.276168,-0.088240,0.452410,0.239806,0.183091,0.018450,0.071156,0.601190,0.155976,0.185250,0.252570,0.291380,0.236111,-0.015882,-0.048929,0.596787,0.493368,0.042986,0.174341,0.318143,0.304541,0.406608,0.467343,0.358885,0.408315,-0.105020,-0.169259,-0.038838,0.091102,0.609563,0.581138,0.584827,0.476867,-0.053409,0.062447,0.174232,0.233830,-0.074568,0.085437,1.369460,1.306973,0.000000,1.760948,1.126247,1.043686,1.669007,1.146717,1.048238,1.014931,0.605538,0.658272,0.526770,0.500503,0.866994,0.675321,0.539246,0.447325,0.588091,0.394334,0.139631,0.318101,0.404665,0.246056,1.061940,0.889312,0.811264,0.646133,-0.166945,-0.177740,0.187873,0.077671,0.263449,0.186203,0.038919,0.023830,0.045044,-0.114145,-0.007890,-0.016722,0.084940,0.009957,0.583132,0.449624,0.035195,0.180764,0.499071,0.486701
0.506176,0.514413,0.299887,0.235091,-0.137023,0.482226,0.177515,0.144227,-0.030133,0.058682,0.491039,0.094834,0.093827,0.160786,0.233417,0.198364,-0.038439,-0.106580,0.593235,0.498701,0.070564,0.185028,0.249026,0.243315,0.336132,0.429852,0.382897,0.448830,-0.159225,-0.200798,-0.165423,-0.023038,0.461900,0.444025,0.615046,0.524596,-0.022397,0.051531,0.143269,0.229941,-0.094035,0.029509,1.128216,1.133985,1.760948,0.000000,0.908940,0.879478,1.563263,1.435838,1.049815,1.166963,0.557572,0.666172,0.490688,0.430734,0.881394,0.625585,0.578526,0.521257,0.604290,0.480358,0.136612,0.268822,0.437608,0.390176,1.120663,1.072272,0.833172,0.760477,-0.240622,-0.276438,0.201603,0.024205,0.313633,0.191715,0.086243,0.084574,0.130283,-0.109048,0.020780,0.013306,0.099522,0.014673,0.576964,0.458477,0.021116,0.134824,0.457415,0.470790
0.705282,0.697983,0.480645,0.359758,-0.033461,0.470775,0.278580,0.228463,-0.019305,-0.001183,0.478975,0.048215,0.108445,0.143559,0.263189,0.184543,0.007703,-0.171547,0.701892,0.711535,0.083201,0.213021,0.333959,0.337585,0.445268,0.470950,0.346223,0.506528,-0.063723,-0.253018,0.041053,0.103370,0.765954,0.743642,0.483857,0.467157,0.090794,0.179658,0.298079,0.248919,-0.105916,0.199140,1.558008,1.228276,1.126247,0.908940,0.000000,1.521332,1.085962,0.791598,0.851605,0.844465,0.627266,0.669592,0.924718,0.810044,0.795250,0.857939,0.412145,0.336992,0.486698,0.310443,0.148253,0.298861,0.210793,0.161371,0.877429,0.790563,0.982539,0.755800,-0.105111,-0.177281,0.267571,0.019966,0.372143,0.174051,0.115725,0.129193,0.057740,-0.088807,-0.002503,0.113107,0.045986,-0.112066,0.469273,0.363107,0.107299,0.348754,0.660931,0.724980
0.479458,0.492926,0.379351,0.212357,-0.010450,0.381543,0.201735,0.183064,0.020754,0.026394,0.404901,0.027557,0.091186,0.063798,0.337373,0.224236,0.001086,-0.100464,0.587931,0.575213,0.106735,0.228098,0.289656,0.292107,0.397664,0.384638,0.342575,0.429214,-0.047873,-0.144944,0.036779,0.067739,0.559978,0.537379,0.518732,0.531735,0.245049,0.224117,0.517670,0.403243,0.027455,0.264426,1.348342,1.487462,1.043686,0.879478,1.521332,0.000000,0.883409,0.707284,0.654005,0.765802,0.488540,0.576831,1.032314,1.050263,0.614789,0.607444,0.242357,0.191555,0.276211,0.153086,-0.008954,0.231704,0.139840,0.121665,0.763820,0.706412,0.766764,0.611396,-0.105498,-0.148727,0.266186,0.074808,0.335396,0.150153,0.224131,0.220534,0.044716,-0.210563,0.162387,0.205907,0.240072,-0.009081,0.544368,0.535377,0.156241,0.353319,0.583640,0.579400
