0.000000,1.652109,0.786794,0.993059,0.834845,0.820546,1.213486,1.144318,0.947244,0.900737,1.088352,0.995705,1.190629,1.134834,0.739041,0.890231,0.740216,0.849452,1.430209,1.312219,0.424941,0.483961,0.374152,0.454786,0.545796,0.588386,0.514876,0.673902,0.606727,0.527667,0.348392,0.594463,0.945853,1.270945,0.533758,0.428845,0.693380,0.700805,0.569662,0.328358,0.765877,0.763035,1.205500,1.197552,0.951175,1.227711,1.178528,1.126920,1.312311,1.364173,1.473485,1.253353,1.309460,1.175777,1.297182,1.209029,1.381292,1.205481,1.585255,1.291513,1.374380,1.211142,0.782246,0.975957,0.679223,1.068768,1.086850,0.910617,1.190194,0.908358,0.555694,0.697887,0.865363,0.853949,1.187462,1.127608,0.950973,0.869218,0.312578,0.102787,0.675936,0.773984,0.712223,0.638322,0.801077,0.992367,0.738077,0.271245,0.919963,1.161776
1.652109,0.000000,0.557804,0.913566,0.794750,0.806226,0.871881,1.170482,0.807637,0.892635,0.817331,1.279361,0.993147,1.215865,0.566289,0.819474,0.891565,1.061472,1.265775,1.678053,0.371136,0.422141,0.277758,0.447854,0.491336,0.567574,0.458707,0.622094,0.694634,0.581069,0.373595,0.595718,0.883270,1.251405,0.406788,0.353838,0.642798,0.731136,0.536366,0.339545,0.659392,0.695337,1.384104,1.333935,1.004914,1.367130,1.295652,1.280511,1.290077,1.404227,1.376995,1.181348,1.262236,1.187812,1.154727,1.153351,1.640139,1.493626,1.185704,1.391360,1.061490,1.363034,0.983877,1.267355,0.454678,0.975382,0.931622,0.893413,1.272732,1.027145,0.460556,0.622917,0.739767,0.836198,1.049638,1.118813,0.796297,0.824349,0.376765,0.096221,0.761704,0.802213,0.648776,0.678108,0.639465,0.953588,0.585993,0.211611,0.649989,1.000536
0.786794,0.557804,0.000000,1.323416,0.790147,0.609485,1.625982,0.841314,0.806654,0.655965,0.892381,0.433051,0.764433,0.675615,0.875092,0.806358,0.336848,0.438239,0.973863,0.640513,0.634342,0.542385,1.315100,1.063385,0.785165,0.790117,0.657887,0.841141,0.444577,0.502938,0.529905,0.816760,0.800344,0.816347,0.689016,0.389824,0.435161,0.496155,0.389243,0.212862,0.621999,0.555919,0.579242,0.578499,0.479792,0.604261,0.507073,0.513713,0.579759,0.644877,0.713946,0.669794,0.606969,0.529421,0.685471,0.571499,0.495101,0.518585,0.788580,0.440909,0.742653,0.439949,0.284554,0.381921,0.967415,0.740971,0.796423,0.606308,0.599119,0.453723,0.505424,0.733466,0.741775,0.685590,0.671502,0.612828,0.646299,0.492147,0.312653,0.264936,0.454832,0.617056,0.531792,0.331426,0.857334,0.767379,0.456348,0.184947,0.945602,0.716484
0.993059,0.913566,1.323416,0.000000,0.883835,0.839960,1.422023,1.387725,0.883727,0.902866,0.737304,0.787900,0.795426,0.950272,0.733116,0.949705,0.473062,0.629855,1.087516,1.024637,0.590094,0.574807,0.879496,1.119617,0.740383,0.880913,0.620774,0.916390,0.566687,0.590678,0.502473,0.938557,0.802358,1.067255,0.574402,0.424739,0.441985,0.581903,0.408332,0.264080,0.567714,0.631251,0.830835,0.787298,0.702452,0.818182,0.738204,0.735424,0.794309,0.866168,0.959790,0.866245,0.827169,0.708523,0.830131,0.760402,0.709686,0.721081,0.881613,0.688428,0.815012,0.769981,0.480891,0.646863,0.631098,0.959130,0.819434,0.749031,0.751708,0.631369,0.497467,0.768069,0.793755,0.821506,0.815549,0.825395,0.683763,0.640763,0.335403,0.201318,0.575385,0.673485,0.546494,0.454007,0.692598,0.899328,0.404917,0.176388,0.800589,0.908516
0.834845,0.794750,0.790147,0.883835,0.000000,1.302998,0.883419,0.770241,1.453950,1.087251,0.722368,0.699626,0.822200,0.896146,0.890789,0.893032,0.672280,0.846831,0.796410,0.828433,0.430674,0.439694,0.598730,0.631782,1.006381,1.197784,0.643757,1.045273,0.653367,0.659281,0.478682,0.541393,0.715647,0.769487,0.451581,0.262232,0.553936,0.694548,0.543990,0.216737,0.525866,0.401349,0.858018,0.796201,0.437205,0.873204,0.977677,0.894154,0.781250,0.776614,0.884740,0.753659,1.044102,0.844765,0.877498,0.737382,0.732118,0.782628,0.979075,0.812277,0.772089,0.772192,0.650582,0.801440,0.672976,0.868954,1.091745,1.027528,0.849849,0.893880,0.299504,0.476413,0.520951,0.533098,0.837268,0.828208,0.533308,0.464898,0.443933,0.345366,0.774595,0.812098,0.683466,0.566444,0.791307,0.886338,0.590283,0.174206,0.853524,1.014771
0.820546,0.806226,0.609485,0.839960,1.302998,0.000000,0.749366,0.859557,1.148873,1.165018,0.519993,0.740144,0.669405,0.807145,0.659181,0.855053,0.657383,0.746893,0.687194,0.842933,0.363224,0.440326,0.391493,0.487491,0.664136,0.976288,0.495756,0.965922,0.575422,0.633682,0.323251,0.457496,0.542510,0.707908,0.245097,0.150836,0.366653,0.704210,0.460959,0.228460,0.390419,0.443376,0.825940,0.779493,0.458099,0.795778,1.063195,0.941505,0.843616,0.801531,0.944008,0.775142,1.139631,0.896679,0.841340,0.727035,0.658066,0.649002,0.835129,0.797284,0.702251,0.820782,0.616097,0.706190,0.394568,0.654077,0.762677,0.735686,0.730226,0.781531,0.252175,0.413839,0.450346,0.510428,0.671833,0.740964,0.398959,0.399076,0.401814,0.325143,0.761771,0.744725,0.586152,0.594162,0.531375,0.749521,0.508337,0.147576,0.742034,0.882271
1.213486,0.871881,1.625982,1.422023,0.883419,0.749366,0.000000,1.207560,1.051302,0.895752,1.102452,0.671029,1.087153,0.924964,0.964442,1.012301,0.490409,0.587211,1.281458,0.890818,0.545994,0.531061,0.906129,0.849876,0.708420,0.727311,0.608465,0.787705,0.526162,0.545566,0.477509,0.832880,0.938328,1.089439,0.667050,0.428544,0.547809,0.621509,0.475380,0.269955,0.708144,0.687718,0.792722,0.792655,0.687546,0.837158,0.730617,0.715629,0.844927,0.892946,0.984903,0.880580,0.836023,0.748157,0.936431,0.852758,0.752434,0.739920,1.146963,0.745416,1.080835,0.810898,0.452155,0.607094,1.020012,1.042171,0.976683,0.746347,0.791442,0.612031,0.544487,0.770436,0.873822,0.808451,0.927221,0.807720,0.852099,0.676229,0.311873,0.198635,0.545439,0.692147,0.653928,0.468795,0.926700,0.928457,0.579260,0.246466,1.081138,1.009126
1.144318,1.170482,0.841314,1.387725,0.770241,0.859557,1.207560,0.000000,0.950766,1.142105,0.736949,1.056774,0.949688,1.117544,0.683086,1.040455,0.595911,0.660215,1.122882,1.182324,0.467798,0.540785,0.568580,0.784212,0.486211,0.603609,0.411757,0.651028,0.581164,0.539646,0.448485,0.942675,0.788631,1.155654,0.442051,0.329356,0.485618,0.585537,0.355507,0.246552,0.555277,0.688893,0.909440,0.849867,0.893881,0.883266,0.831645,0.783564,0.921762,0.936051,1.039429,0.842857,0.837227,0.774348,0.823437,0.795278,0.821220,0.752760,0.917345,0.814278,0.939454,1.192541,0.645022,0.802807,0.533568,0.995473,0.657052,0.581172,0.742701,0.587183,0.542151,0.775640,0.799216,0.845939,0.915441,0.847824,0.763297,0.775327,0.280718,0.077183,0.552262,0.596586,0.499519,0.481577,0.567175,0.816614,0.381009,0.150111,0.638906,0.866023
0.947244,0.807637,0.806654,0.883727,1.453950,1.148873,1.051302,0.950766,0.000000,1.454316,0.857316,0.771526,1.048088,0.979156,1.172158,1.142878,0.703898,0.758251,0.865693,0.783742,0.521142,0.599452,0.595763,0.624487,0.812671,0.942623,0.482085,0.820169,0.755373,0.638302,0.551291,0.668502,0.786640,0.852746,0.527216,0.343388,0.683716,0.715478,0.472572,0.138459,0.602502,0.506074,0.837523,0.754856,0.531576,0.833565,0.872947,0.792881,0.799719,0.774891,0.941229,0.757216,0.963207,0.789320,0.847725,0.703137,0.735965,0.725344,1.028633,0.729288,0.948355,0.895786,0.648240,0.776013,0.839028,0.967547,0.917652,0.785404,0.742609,0.687852,0.437900,0.654369,0.756040,0.709411,1.048093,0.908004,0.669732,0.605789,0.418947,0.304723,0.714624,0.697653,0.632042,0.454427,0.852302,0.883291,0.585678,0.153587,0.937555,1.067228
0.900737,0.892635,0.655965,0.902866,1.087251,1.165018,0.895752,1.142105,1.454316,0.000000,0.704301,0.934748,0.955616,1.036012,0.962102,1.318703,0.794783,0.826646,0.826297,0.894752,0.532425,0.603564,0.489028,0.606127,0.620740,0.840213,0.467648,0.821769,0.784362,0.751985,0.495056,0.690115,0.697488,0.880335,0.388480,0.292255,0.542806,0.719598,0.413061,0.161402,0.544848,0.533950,0.924646,0.814891,0.640692,0.852285,0.933508,0.850261,0.859753,0.803849,0.985090,0.745799,0.945944,0.783131,0.787551,0.694634,0.758083,0.728997,0.846375,0.716223,0.851536,1.036320,0.751585,0.843057,0.585944,0.920630,0.706847,0.635790,0.728470,0.648879,0.406141,0.682716,0.744550,0.782054,0.955532,0.936376,0.638360,0.636503,0.506862,0.328456,0.790742,0.737977,0.618397,0.507905,0.663636,0.820729,0.491609,0.060165,0.729109,0.969471
1.088352,0.817331,0.892381,0.737304,0.722368,0.519993,1.102452,0.736949,0.857316,0.704301,0.000000,0.793594,1.588400,1.042809,1.114271,0.905995,0.704182,0.744065,1.199514,0.760112,0.556170,0.482101,0.638744,0.574215,0.595198,0.574787,0.445175,0.597656,0.703802,0.622004,0.563118,0.665774,1.080917,0.983988,0.521465,0.290763,0.738406,0.611827,0.430753,0.118333,0.737547,0.549077,0.843251,0.881193,0.618973,0.899519,0.727105,0.708374,0.861929,0.911379,0.867698,0.849398,0.761298,0.632209,0.895547,0.683082,0.789337,0.789223,1.042583,0.728238,1.038646,0.713562,0.649547,0.773143,1.040516,0.965289,0.899222,0.740386,0.748799,0.595541,0.524561,0.708529,0.797036,0.757601,0.998365,0.852667,0.775427,0.630204,0.496145,0.338439,0.674173,0.744242,0.612251,0.368298,1.052327,0.847426,0.600030,0.112070,0.802768,0.773167
0.995705,1.279361,0.433051,0.787900,0.699626,0.740144,0.671029,1.056774,0.771526,0.934748,0.793594,0.000000,1.036505,1.536950,0.677359,0.959481,0.972059,1.163120,0.962589,1.183670,0.472491,0.464675,0.273382,0.505243,0.449883,0.620809,0.309832,0.596404,0.986688,0.829193,0.514920,0.648834,0.858937,1.092513,0.224637,0.192115,0.590881,0.700865,0.408479,0.126234,0.475347,0.483145,1.226885,1.185873,0.857698,1.164357,1.016021,1.010599,1.068188,1.162045,1.059010,0.976762,0.935297,0.805905,0.910725,0.776883,0.986974,0.996543,0.848261,0.955276,0.844404,1.125967,1.146486,1.368129,0.368973,0.942796,0.664527,0.707456,0.783768,0.699882,0.354200,0.610890,0.656282,0.815964,0.941345,0.977227,0.545841,0.653168,0.625331,0.313681,0.920887,0.799790,0.549124,0.476651,0.579954,0.855136,0.349813,0.016364,0.459517,0.743320
1.190629,0.993147,0.764433,0.795426,0.822200,0.669405,1.087153,0.949688,1.048088,0.955616,1.588400,1.036505,0.000000,1.322071,1.167663,1.187894,0.941448,0.898695,1.190459,0.901903,0.589675,0.572460,0.543389,0.571243,0.628500,0.616548,0.480154,0.613362,0.902880,0.734167,0.608804,0.799182,1.090545,1.136879,0.535458,0.312720,0.798390,0.724506,0.456106,0.162279,0.751626,0.604358,1.015979,1.018753,0.761412,1.066802,0.886991,0.839089,1.006267,0.994032,1.054117,0.877862,0.854975,0.716884,0.936085,0.782975,0.931528,0.885548,1.067202,0.794805,1.133258,0.974579,0.849441,0.934163,0.956618,1.105685,0.863118,0.732598,0.782965,0.633152,0.585500,0.811481,0.857426,0.831977,1.155582,0.939780,0.834000,0.741599,0.560130,0.345917,0.794059,0.798212,0.694982,0.468105,0.929190,0.916334,0.577291,0.110158,0.798318,0.860501
1.134834,1.215865,0.675615,0.950272,0.896146,0.807145,0.924964,1.117544,0.979156,1.036012,1.042809,1.536950,1.322071,0.000000,0.935630,1.184233,1.010518,1.220247,1.092226,1.127366,0.592760,0.571815,0.457940,0.640331,0.693760,0.815788,0.422468,0.802128,1.092221,0.956517,0.633124,0.759238,1.107237,1.242402,0.382524,0.262185,0.686310,0.780228,0.453212,0.147161,0.670282,0.527864,1.250167,1.166345,0.807942,1.252818,1.052564,1.026616,1.130979,1.173134,1.217095,1.052409,1.048242,0.847759,1.035408,0.813738,1.012882,1.001090,1.049543,0.972831,1.024415,1.071777,1.097935,1.399371,0.609711,1.099810,0.883430,0.880926,0.848058,0.739478,0.447936,0.736974,0.780586,0.878213,1.079883,1.090812,0.641623,0.671010,0.723387,0.428717,1.062564,0.973926,0.645160,0.522827,0.799589,1.037721,0.452330,0.063346,0.667768,0.950564
0.739041,0.566289,0.875092,0.733116,0.890789,0.659181,0.964442,0.683086,1.172158,0.962102,1.114271,0.677359,1.167663,0.935630,0.000000,1.369521,0.692002,0.754585,0.866855,0.609876,0.725139,0.601990,0.757302,0.695781,0.768767,0.845582,0.474111,0.820573,0.853627,0.934807,0.549829,0.737255,0.813697,0.760137,0.527716,0.275907,0.597507,0.690013,0.509176,0.091417,0.723055,0.518941,0.725773,0.727503,0.476660,0.764030,0.635540,0.629559,0.660735,0.665579,0.763075,0.667154,0.699183,0.571790,0.755635,0.576184,0.584289,0.626451,0.725655,0.489332,0.694851,0.548694,0.493582,0.626163,1.061744,0.798345,0.759901,0.637570,0.600795,0.484750,0.360322,0.680204,0.808334,0.766864,0.910169,0.797925,0.609314,0.525705,0.663660,0.614663,0.833520,0.882753,0.787331,0.420436,1.240445,0.987493,0.574665,0.093849,0.839841,0.753067
0.890231,0.819474,0.806358,0.949705,0.893032,0.855053,1.012301,1.040455,1.142878,1.318703,0.905995,0.959481,1.187894,1.184233,1.369521,0.000000,0.790918,0.888430,0.941337,0.898282,0.606402,0.627349,0.633247,0.736633,0.683420,0.797974,0.521875,0.894657,0.823135,1.019030,0.448444,0.817544,0.759426,0.916017,0.448946,0.274150,0.501526,0.767448,0.475390,0.222683,0.735058,0.686945,0.878476,0.855351,0.630670,0.844831,0.764720,0.743230,0.811563,0.811593,0.975439,0.793745,0.859266,0.708301,0.835954,0.705458,0.725202,0.752256,0.763120,0.614034,0.779913,0.810567,0.650540,0.776690,0.766612,0.897959,0.693753,0.605662,0.712072,0.565168,0.348705,0.728040,0.848903,0.901150,0.948639,0.937262,0.629696,0.606491,0.616153,0.514226,0.904623,0.985469,0.817572,0.594496,0.944454,1.132690,0.569116,0.125135,0.801796,0.865486
0.740216,0.891565,0.336848,0.473062,0.672280,0.657383,0.490409,0.595911,0.703898,0.794783,0.704182,0.972059,0.941448,1.010518,0.692002,0.790918,0.000000,1.308447,0.683421,0.791440,0.513239,0.403017,0.244869,0.345940,0.592721,0.652718,0.522870,0.595100,1.101208,0.887747,0.558982,0.466179,0.739606,0.744655,0.320556,0.211703,0.557582,0.624335,0.384473,0.066508,0.525591,0.394220,0.926326,0.848972,0.520706,0.944009,0.894939,0.875117,0.794205,0.805407,0.885687,0.702019,0.802686,0.686227,0.659697,0.569513,0.906108,0.918825,0.631691,0.670797,0.657436,0.721388,1.142603,1.036968,0.451349,0.689215,0.645183,0.645301,0.691373,0.680207,0.353732,0.521582,0.530435,0.622963,0.747743,0.777833,0.393615,0.415039,0.942378,0.549295,1.134545,0.885498,0.554545,0.454874,0.657428,0.755936,0.398868,-0.026502,0.478879,0.612151
0.849452,1.061472,0.438239,0.629855,0.846831,0.746893,0.587211,0.660215,0.758251,0.826646,0.744065,1.163120,0.898695,1.220247,0.754585,0.888430,1.308447,0.000000,0.848828,1.060938,0.454018,0.383752,0.285344,0.396958,0.673239,0.860243,0.490150,0.809249,1.055722,1.191319,0.426309,0.430942,0.802677,0.875256,0.255402,0.151927,0.506250,0.806089,0.638317,0.201548,0.591568,0.490149,1.122834,1.128485,0.530068,1.168181,1.067154,1.114876,0.898746,1.020006,0.964569,0.951396,1.024161,0.919853,0.934651,0.841197,1.104297,1.250276,0.775643,0.923443,0.674508,0.785918,1.084373,1.341340,0.426695,0.776093,0.866737,0.958522,0.996661,0.999827,0.211200,0.477694,0.553054,0.725147,0.825778,0.914697,0.473805,0.504467,0.946847,0.653976,1.563038,1.402496,0.815985,0.729385,0.782488,1.002626,0.551450,0.125785,0.548657,0.786638
1.430209,1.265775,0.973863,1.087516,0.796410,0.687194,1.281458,1.122882,0.865693,0.826297,1.199514,0.962589,1.190459,1.092226,0.866855,0.941337,0.683421,0.848828,0.000000,1.408660,0.558055,0.524295,0.662795,0.714293,0.507184,0.589376,0.454017,0.760622,0.629330,0.617993,0.496770,0.808048,1.052246,1.318495,0.494902,0.296469,0.652865,0.686133,0.502937,0.286716,0.741243,0.723102,1.035001,1.092528,0.802475,1.061571,0.936959,0.915085,1.017527,1.090981,1.043077,0.983842,0.951326,0.872222,1.033389,0.906997,1.106725,1.124612,1.084997,0.948059,0.984366,0.873863,0.660708,0.890026,0.710029,0.897897,0.892480,0.775462,1.124571,0.850413,0.570126,0.798695,0.869329,0.862950,1.087787,0.942388,0.994948,0.892930,0.381937,0.181929,0.663156,0.824750,0.752465,0.613723,0.833028,0.919292,0.619976,0.258484,0.763265,0.857090
1.312219,1.678053,0.640513,1.024637,0.828433,0.842933,0.890818,1.182324,0.783742,0.894752,0.760112,1.183670,0.901903,1.127366,0.609876,0.898282,0.791440,1.060938,1.408660,0.000000,0.395759,0.424845,0.404638,0.595595,0.535181,0.648692,0.488554,0.771515,0.646948,0.687585,0.351159,0.675959,0.788251,1.161610,0.340094,0.225602,0.519013,0.643740,0.549820,0.346982,0.685805,0.732626,1.147845,1.165019,0.802206,1.139372,1.142139,1.088821,1.042014,1.144944,1.119547,1.027461,1.120558,1.101836,1.029394,1.011105,1.313827,1.270116,0.931326,1.107679,0.783178,1.052374,0.792226,1.082407,0.390785,0.827986,0.810188,0.813538,1.381577,1.147552,0.412943,0.622869,0.671657,0.778445,0.948423,0.932684,0.759805,0.781959,0.396944,0.175573,0.801429,0.909155,0.723448,0.791063,0.624613,0.937568,0.581945,0.293594,0.564393,0.847440
0.424941,0.371136,0.634342,0.590094,0.430674,0.363224,0.545994,0.467798,0.521142,0.532425,0.556170,0.472491,0.589675,0.592760,0.725139,0.606402,0.513239,0.454018,0.558055,0.395759,0.000000,1.146802,0.603238,0.659866,0.522029,0.603324,0.357067,0.604564,0.809675,0.545317,0.805369,0.776267,0.639754,0.606398,0.424605,0.329588,0.622481,0.379429,0.151578,-0.068281,0.538378,0.346627,0.488293,0.477790,0.427731,0.484978,0.380955,0.361473,0.398358,0.436240,0.466151,0.442528,0.332156,0.280748,0.347501,0.194943,0.398601,0.365791,0.354882,0.166176,0.412240,0.221540,0.432100,0.375699,0.473051,0.415767,0.344158,0.284270,0.324746,0.195917,0.788263,0.958528,0.833616,0.743179,0.687481,0.600277,0.490738,0.530162,0.608859,0.300144,0.511836,0.442371,0.266696,0.071668,0.492087,0.468341,0.125068,-0.190275,0.349603,0.291229
0.483961,0.422141,0.542385,0.574807,0.439694,0.440326,0.531061,0.540785,0.599452,0.603564,0.482101,0.464675,0.572460,0.571815,0.601990,0.627349,0.403017,0.383752,0.524295,0.424845,1.146802,0.000000,0.459589,0.513593,0.467713,0.492853,0.222147,0.551950,0.673531,0.389587,0.655000,0.700159,0.565264,0.586560,0.367162,0.286059,0.698688,0.455473,0.210577,0.104386,0.602381,0.527926,0.436071,0.423535,0.455308,0.403530,0.391622,0.354773,0.418685,0.437385,0.509673,0.473964,0.401731,0.378087,0.422442,0.249197,0.455504,0.316561,0.402199,0.227452,0.500189,0.314780,0.393847,0.363758,0.416186,0.367471,0.275291,0.210166,0.336465,0.167937,0.890351,1.028774,0.938991,0.812707,0.757213,0.686361,0.590045,0.634939,0.375329,0.118310,0.390624,0.349735,0.257742,0.182626,0.372665,0.435830,0.249076,0.050626,0.377927,0.351093
0.374152,0.277758,1.315100,0.879496,0.598730,0.391493,0.906129,0.568580,0.595763,0.489028,0.638744,0.273382,0.543389,0.457940,0.757302,0.633247,0.244869,0.285344,0.662795,0.404638,0.603238,0.459589,0.000000,1.486327,0.682414,0.695969,0.581250,0.632228,0.377967,0.403150,0.679419,0.873479,0.627037,0.537047,0.578672,0.288586,0.333636,0.350700,0.198291,0.083201,0.431114,0.348645,0.331844,0.299960,0.263155,0.343922,0.258206,0.245624,0.273516,0.310251,0.363650,0.289742,0.273537,0.218299,0.302557,0.214127,0.228855,0.280309,0.368611,0.110841,0.360487,0.190255,0.125790,0.180274,0.786607,0.490501,0.450581,0.342271,0.335787,0.246718,0.391754,0.593044,0.497265,0.462995,0.436685,0.356919,0.422005,0.311871,0.291162,0.275243,0.302394,0.401504,0.315499,0.129098,0.667947,0.538584,0.238070,0.074283,0.551189,0.354781
0.454786,0.447854,1.063385,1.119617,0.631782,0.487491,0.849876,0.784212,0.624487,0.606127,0.574215,0.505243,0.571243,0.640331,0.695781,0.736633,0.345940,0.396958,0.714293,0.595595,0.659866,0.513593,1.486327,0.000000,0.700340,0.798692,0.543973,0.686028,0.499962,0.465493,0.760161,1.080666,0.703087,0.689820,0.534604,0.340496,0.377359,0.386806,0.163318,0.088462,0.422273,0.363597,0.478132,0.408485,0.377740,0.463704,0.379937,0.356295,0.364167,0.416472,0.469220,0.375299,0.368758,0.296602,0.338305,0.250802,0.346770,0.394951,0.401063,0.213989,0.388126,0.334138,0.288661,0.341789,0.567202,0.605904,0.466964,0.420810,0.408992,0.335094,0.419139,0.655104,0.542877,0.537901,0.515162,0.478325,0.408707,0.380166,0.335097,0.228606,0.392705,0.429239,0.287007,0.170443,0.604049,0.650539,0.179398,0.016859,0.472283,0.438450
0.545796,0.491336,0.785165,0.740383,1.006381,0.664136,0.708420,0.486211,0.812671,0.620740,0.595198,0.449883,0.628500,0.693760,0.768767,0.683420,0.592721,0.673239,0.507184,0.535181,0.522029,0.467713,0.682414,0.700340,0.000000,1.200950,0.864520,0.842147,0.722115,0.645632,0.602252,0.596072,0.700194,0.614897,0.677778,0.387342,0.516324,0.509714,0.412642,0.146004,0.592182,0.332804,0.595552,0.523319,0.313676,0.664257,0.603637,0.566715,0.476487,0.552578,0.678459,0.599622,0.661608,0.555357,0.601609,0.459292,0.540236,0.518000,0.625662,0.450247,0.523971,0.414599,0.433043,0.523079,0.714968,0.728874,0.893979,0.840201,0.587244,0.589435,0.339308,0.469379,0.519962,0.500749,0.637735,0.625479,0.392933,0.305965,0.563101,0.487228,0.750178,0.698574,0.453560,0.338217,0.837176,0.876265,0.420334,0.104433,0.694337,0.675330
0.588386,0.567574,0.790117,0.880913,1.197784,0.976288,0.727311,0.603609,0.942623,0.840213,0.574787,0.620809,0.616548,0.815788,0.845582,0.797974,0.652718,0.860243,0.589376,0.648692,0.603324,0.492853,0.695969,0.798692,1.200950,0.000000,0.725902,1.107262,0.800297,0.871595,0.588573,0.583402,0.716031,0.694620,0.489598,0.352308,0.425051,0.603910,0.494375,0.141606,0.496353,0.344590,0.704480,0.645722,0.342893,0.741454,0.738555,0.726896,0.580009,0.650433,0.728492,0.669543,0.769319,0.624476,0.674537,0.546801,0.561012,0.609391,0.654790,0.524485,0.531271,0.477179,0.515090,0.624167,0.563009,0.743654,0.878098,0.888232,0.657014,0.682723,0.241751,0.518106,0.496797,0.581545,0.661961,0.710260,0.371083,0.357734,0.697198,0.588901,0.925807,0.897993,0.578703,0.432382,0.815556,0.917476,0.428825,0.093765,0.684931,0.741945
0.514876,0.458707,0.657887,0.620774,0.643757,0.495756,0.608465,0.411757,0.482085,0.467648,0.445175,0.309832,0.480154,0.422468,0.474111,0.521875,0.522870,0.490150,0.454017,0.488554,0.357067,0.222147,0.581250,0.543973,0.864520,0.725902,0.000000,0.684842,0.413114,0.481640,0.299402,0.367095,0.429249,0.444716,0.585135,0.372717,0.213467,0.264768,0.328833,0.235106,0.422944,0.290676,0.440791,0.404837,0.275509,0.512490,0.488145,0.492715,0.412670,0.432940,0.563952,0.409803,0.521982,0.451543,0.414277,0.481605,0.441142,0.474777,0.484929,0.365363,0.404453,0.368156,0.292516,0.297273,0.527720,0.563640,0.672539,0.610561,0.529892,0.502347,0.227145,0.355798,0.358276,0.387106,0.431863,0.475884,0.266400,0.187215,0.415915,0.364592,0.565072,0.571553,0.451215,0.364111,0.625040,0.610149,0.426061,0.089997,0.611764,0.572651
0.673902,0.622094,0.841141,0.916390,1.045273,0.965922,0.787705,0.651028,0.820169,0.821769,0.597656,0.596404,0.613362,0.802128,0.820573,0.894657,0.595100,0.809249,0.760622,0.771515,0.604564,0.551950,0.632228,0.686028,0.842147,1.107262,0.684842,0.000000,0.657179,0.953888,0.377993,0.469230,0.593726,0.637351,0.288945,0.111248,0.287580,0.578110,0.471875,0.223476,0.540720,0.414823,0.693807,0.705412,0.332052,0.720880,0.794608,0.724660,0.680792,0.701283,0.801178,0.763227,0.936676,0.786114,0.780499,0.592069,0.557673,0.632514,0.664733,0.596645,0.520840,0.447559,0.473905,0.635771,0.472885,0.572129,0.786604,0.786437,0.695957,0.675062,0.279581,0.494745,0.521814,0.574356,0.625275,0.744069,0.363677,0.318910,0.664231,0.625082,0.975013,1.010301,0.719968,0.633751,0.749558,0.846264,0.521215,0.123301,0.731608,0.797013
0.606727,0.694634,0.444577,0.566687,0.653367,0.575422,0.526162,0.581164,0.755373,0.784362,0.703802,0.986688,0.902880,1.092221,0.853627,0.823135,1.101208,1.055722,0.629330,0.646948,0.809675,0.673531,0.377967,0.499962,0.722115,0.800297,0.413114,0.657179,0.000000,1.083716,0.912273,0.680776,0.854257,0.764669,0.346252,0.199913,0.689918,0.632094,0.280411,-0.114119,0.455860,0.274475,0.906869,0.805050,0.568876,0.901032,0.716433,0.713474,0.715288,0.750536,0.785872,0.670538,0.643861,0.520108,0.603367,0.453681,0.699804,0.664617,0.580469,0.512974,0.593067,0.592453,0.990782,0.961178,0.457492,0.643819,0.548936,0.549129,0.525236,0.466425,0.479523,0.722021,0.712396,0.789090,0.828900,0.835912,0.373049,0.418075,1.066432,0.658031,1.153459,0.749372,0.415856,0.217203,0.592131,0.658902,0.186673,-0.182486,0.407455,0.524932
0.527667,0.581069,0.502938,0.590678,0.659281,0.633682,0.545566,0.539646,0.638302,0.751985,0.622004,0.829193,0.734167,0.956517,0.934807,1.019030,0.887747,1.191319,0.617993,0.687585,0.545317,0.389587,0.403150,0.465493,0.645632,0.871595,0.481640,0.953888,1.083716,0.000000,0.373617,0.453865,0.567204,0.588537,0.139247,-0.011662,0.258518,0.598855,0.470621,0.038929,0.457186,0.358978,0.776057,0.800356,0.377927,0.800806,0.697344,0.728924,0.652885,0.689976,0.716909,0.687803,0.710517,0.609223,0.674324,0.572447,0.538226,0.641711,0.471399,0.500818,0.397399,0.464994,0.651195,0.781117,0.410596,0.521444,0.556364,0.590898,0.578640,0.574547,0.119332,0.456656,0.466581,0.632722,0.566836,0.652155,0.249478,0.266239,1.227004,1.201209,1.621019,1.351776,0.771663,0.543790,0.741864,0.812613,0.355279,-0.030594,0.459778,0.547181
0.348392,0.373595,0.529905,0.502473,0.478682,0.323251,0.477509,0.448485,0.551291,0.495056,0.563118,0.514920,0.608804,0.633124,0.549829,0.448444,0.558982,0.426309,0.496770,0.351159,0.805369,0.655000,0.679419,0.760161,0.602252,0.588573,0.299402,0.377993,0.912273,0.373617,0.000000,0.929698,0.908854,0.659303,0.519042,0.354115,0.720858,0.385858,-0.026357,-0.158380,0.319698,0.105789,0.444173,0.359083,0.365212,0.462290,0.329913,0.327877,0.336760,0.398645,0.380327,0.316717,0.233125,0.170262,0.240137,0.091674,0.387576,0.331770,0.403564,0.214411,0.492643,0.310860,0.595035,0.491319,0.469306,0.485818,0.364206,0.316306,0.244000,0.181994,0.675712,0.719914,0.571141,0.503885,0.593148,0.464089,0.376557,0.383309,0.532453,0.186166,0.404198,0.256175,0.069903,-0.087521,0.372000,0.349356,-0.020185,-0.174894,0.262080,0.263847
0.594463,0.595718,0.816760,0.938557,0.541393,0.457496,0.832880,0.942675,0.668502,0.690115,0.665774,0.648834,0.799182,0.759238,0.737255,0.817544,0.466179,0.430942,0.808048,0.675959,0.776267,0.700159,0.873479,1.080666,0.596072,0.583402,0.367095,0.469230,0.680776,0.453865,0.929698,0.000000,0.825190,0.925579,0.683431,0.420107,0.566516,0.385426,0.154833,0.040967,0.564634,0.510436,0.577057,0.522245,0.656896,0.592849,0.418169,0.402616,0.483208,0.543469,0.573661,0.467037,0.348102,0.330888,0.402321,0.342904,0.535978,0.440821,0.492920,0.318063,0.556489,0.527867,0.429736,0.461662,0.625056,0.655967,0.407593,0.326964,0.440647,0.275093,0.731809,1.015555,0.858199,0.796403,0.792690,0.592914,0.732242,0.742425,0.291303,0.098726,0.374114,0.398424,0.304518,0.169098,0.527095,0.598753,0.174045,0.033293,0.368274,0.379015
0.945853,0.883270,0.800344,0.802358,0.715647,0.542510,0.938328,0.788631,0.786640,0.697488,1.080917,0.858937,1.090545,1.107237,0.813697,0.759426,0.739606,0.802677,1.052246,0.788251,0.639754,0.565264,0.627037,0.703087,0.700194,0.716031,0.429249,0.593726,0.854257,0.567204,0.908854,0.825190,0.000000,1.614756,0.720056,0.517469,0.822167,0.757359,0.394318,0.165888,0.660220,0.443764,0.906088,0.891741,0.683251,1.010891,0.762865,0.806019,0.782901,0.968944,0.895459,0.896444,0.724822,0.661518,0.854668,0.639448,0.885773,0.861540,1.063956,0.774882,1.101750,0.731065,0.849616,0.939822,0.780073,0.960316,1.004542,0.861885,0.757895,0.589158,0.558259,0.757046,0.782761,0.770920,0.971073,0.892870,0.729771,0.680462,0.564235,0.244372,0.689497,0.688274,0.471446,0.358834,0.838317,0.906942,0.470025,0.114728,0.720582,0.754356
1.270945,1.251405,0.816347,1.067255,0.769487,0.707908,1.089439,1.155654,0.852746,0.880335,0.983988,1.092513,1.136879,1.242402,0.760137,0.916017,0.744655,0.875256,1.318495,1.161610,0.606398,0.586560,0.537047,0.689820,0.614897,0.694620,0.444716,0.637351,0.764669,0.588537,0.659303,0.925579,1.614756,0.000000,0.689865,0.542572,0.748943,0.777969,0.487141,0.289495,0.724070,0.636683,1.099153,1.099960,0.900736,1.161168,0.928861,0.989557,0.955454,1.186235,1.116038,1.085946,0.905338,0.854759,1.024417,0.876983,1.115376,1.063311,1.203984,0.992367,1.236977,1.004430,0.879760,1.041491,0.670755,1.090045,1.005569,0.880671,0.980040,0.728126,0.594897,0.847831,0.898751,0.924334,1.135840,1.016472,0.953036,0.953806,0.446095,0.148147,0.682092,0.757621,0.608064,0.535012,0.765003,1.003369,0.550690,0.209248,0.743987,0.889988
0.533758,0.406788,0.689016,0.574402,0.451581,0.245097,0.667050,0.442051,0.527216,0.388480,0.521465,0.224637,0.535458,0.382524,0.527716,0.448946,0.320556,0.255402,0.494902,0.340094,0.424605,0.367162,0.578672,0.534604,0.677778,0.489598,0.585135,0.288945,0.346252,0.139247,0.519042,0.683431,0.720056,0.689865,0.000000,1.096410,0.548028,0.371061,0.279215,0.230019,0.553659,0.415274,0.369323,0.332501,0.436767,0.453142,0.268612,0.331693,0.305230,0.426433,0.484658,0.417303,0.316766,0.298675,0.413489,0.392892,0.465447,0.401464,0.585867,0.293718,0.635107,0.373109,0.235374,0.274405,0.877077,0.693805,0.666131,0.502593,0.398595,0.247136,0.502704,0.590124,0.625859,0.510856,0.638361,0.517991,0.743640,0.616304,0.086166,-0.041910,0.177535,0.273237,0.276158,0.150832,0.665658,0.608471,0.424193,0.219771,0.632545,0.489703
0.428845,0.353838,0.389824,0.424739,0.262232,0.150836,0.428544,0.329356,0.343388,0.292255,0.290763,0.192115,0.312720,0.262185,0.275907,0.274150,0.211703,0.151927,0.296469,0.225602,0.329588,0.286059,0.288586,0.340496,0.387342,0.352308,0.372717,0.111248,0.199913,-0.011662,0.354115,0.420107,0.517469,0.542572,1.096410,0.000000,0.466247,0.305736,0.278841,0.267819,0.406763,0.338983,0.285927,0.238254,0.428892,0.328365,0.190647,0.278493,0.213989,0.334204,0.373480,0.355566,0.238966,0.255890,0.299000,0.338169,0.395893,0.357913,0.454646,0.252759,0.544781,0.330057,0.245624,0.216735,0.504046,0.573847,0.518947,0.426001,0.280114,0.152995,0.311709,0.398710,0.534924,0.463580,0.520825,0.482380,0.596909,0.593815,-0.010478,-0.220247,0.050569,0.106434,0.159584,0.041365,0.451363,0.481893,0.283033,0.128809,0.475890,0.440635
0.693380,0.642798,0.435161,0.441985,0.553936,0.366653,0.547809,0.485618,0.683716,0.542806,0.738406,0.590881,0.798390,0.686310,0.597507,0.501526,0.557582,0.506250,0.652865,0.519013,0.622481,0.698688,0.333636,0.377359,0.516324,0.425051,0.213467,0.287580,0.689918,0.258518,0.720858,0.566516,0.822167,0.748943,0.548028,0.466247,0.000000,0.636750,0.348609,0.165056,0.700308,0.484674,0.691050,0.634191,0.623645,0.644581,0.591795,0.566370,0.580896,0.620431,0.644926,0.591594,0.514710,0.474418,0.601778,0.475055,0.736777,0.626632,0.692556,0.508637,0.739656,0.544988,0.667413,0.633753,0.639220,0.672563,0.597717,0.506738,0.564643,0.404942,0.666409,0.665003,0.841664,0.698603,0.987989,0.828786,0.764841,0.767828,0.242972,-0.031244,0.347362,0.324537,0.282234,0.151052,0.561446,0.552037,0.340885,0.074648,0.502903,0.566396
0.700805,0.731136,0.496155,0.581903,0.694548,0.704210,0.621509,0.585537,0.715478,0.719598,0.611827,0.700865,0.724506,0.780228,0.690013,0.767448,0.624335,0.806089,0.686133,0.643740,0.379429,0.455473,0.350700,0.386806,0.509714,0.603910,0.264768,0.578110,0.632094,0.598855,0.385858,0.385426,0.757359,0.777969,0.371061,0.305736,0.636750,0.000000,0.642929,0.446483,0.535963,0.625868,0.866499,0.909193,0.549219,0.817841,0.808837,0.941645,0.735639,0.790133,0.846371,0.832496,0.854789,0.741334,0.931227,0.768763,0.782247,0.798345,0.734792,0.731344,0.751278,0.677260,0.686994,0.796920,0.545144,0.632915,0.767106,0.729933,0.668133,0.574000,0.181621,0.357518,0.569288,0.628479,0.688712,0.796415,0.551545,0.540119,0.471633,0.304411,0.684753,0.747212,0.635318,0.555104,0.704206,0.929503,0.525310,0.204018,0.757260,0.771647
0.569662,0.536366,0.389243,0.408332,0.543990,0.460959,0.475380,0.355507,0.472572,0.413061,0.430753,0.408479,0.456106,0.453212,0.509176,0.475390,0.384473,0.638317,0.502937,0.549820,0.151578,0.210577,0.198291,0.163318,0.412642,0.494375,0.328833,0.471875,0.280411,0.470621,-0.026357,0.154833,0.394318,0.487141,0.279215,0.278841,0.348609,0.642929,0.000000,0.721748,0.672959,0.663976,0.506677,0.590509,0.298540,0.541758,0.592702,0.660644,0.446013,0.554633,0.541447,0.616099,0.652296,0.711531,0.814107,0.895117,0.631714,0.689229,0.535011,0.598167,0.420931,0.413821,0.290974,0.466416,0.460930,0.476499,0.705942,0.709394,0.731121,0.686936,-0.003934,0.175422,0.354655,0.440858,0.512810,0.527477,0.477839,0.458507,0.287297,0.263646,0.529127,0.746185,0.959377,0.854516,0.730990,0.745014,0.941228,0.643948,0.652098,0.647072
0.328358,0.339545,0.212862,0.264080,0.216737,0.228460,0.269955,0.246552,0.138459,0.161402,0.118333,0.126234,0.162279,0.147161,0.091417,0.222683,0.066508,0.201548,0.286716,0.346982,-0.068281,0.104386,0.083201,0.088462,0.146004,0.141606,0.235106,0.223476,-0.114119,0.038929,-0.158380,0.040967,0.165888,0.289495,0.230019,0.267819,0.165056,0.446483,0.721748,0.000000,0.514689,0.681920,0.175474,0.246089,0.193707,0.204774,0.314609,0.355241,0.224706,0.276964,0.296474,0.327711,0.374477,0.424210,0.462359,0.541822,0.389886,0.415985,0.275052,0.369906,0.228426,0.246714,0.039698,0.135025,0.179984,0.197562,0.364696,0.343171,0.432099,0.351333,0.037141,0.070490,0.196420,0.245309,0.222946,0.285499,0.355216,0.330637,-0.074821,-0.138115,0.106529,0.342858,0.608915,0.855225,0.309765,0.419813,0.746503,0.798137,0.436613,0.395550
0.765877,0.659392,0.621999,0.567714,0.525866,0.390419,0.708144,0.555277,0.602502,0.544848,0.737547,0.475347,0.751626,0.670282,0.723055,0.735058,0.525591,0.591568,0.741243,0.685805,0.538378,0.602381,0.431114,0.422273,0.592182,0.496353,0.422944,0.540720,0.455860,0.457186,0.319698,0.564634,0.660220,0.724070,0.553659,0.406763,0.700308,0.535963,0.672959,0.514689,0.000000,1.018541,0.563566,0.620218,0.519866,0.614995,0.564561,0.575893,0.563046,0.674194,0.707720,0.739347,0.627602,0.709225,0.774514,0.662227,0.825894,0.735001,0.648539,0.521217,0.622658,0.456028,0.414198,0.527056,0.712086,0.589998,0.678179,0.566296,0.779655,0.509295,0.402092,0.557978,0.923780,0.890266,0.842649,0.769952,0.767945,0.684645,0.322938,0.150887,0.516967,0.729353,0.697444,0.634676,0.847224,0.862333,0.721346,0.373090,0.605951,0.600575
0.763035,0.695337,0.555919,0.631251,0.401349,0.443376,0.687718,0.688893,0.506074,0.533950,0.549077,0.483145,0.604358,0.527864,0.518941,0.686945,0.394220,0.490149,0.723102,0.732626,0.346627,0.527926,0.348645,0.363597,0.332804,0.344590,0.290676,0.414823,0.274475,0.358978,0.105789,0.510436,0.443764,0.636683,0.415274,0.338983,0.484674,0.625868,0.663976,0.681920,1.018541,0.000000,0.527787,0.608086,0.617212,0.542545,0.521519,0.566413,0.564801,0.651549,0.697095,0.698155,0.574329,0.647777,0.701813,0.770224,0.771735,0.655002,0.521945,0.507363,0.538315,0.539829,0.297253,0.397101,0.494253,0.511650,0.469396,0.403241,0.666596,0.443784,0.367336,0.547754,0.871927,0.943877,0.745950,0.701527,0.757050,0.755257,0.114487,0.034878,0.376960,0.606073,0.632418,0.680200,0.609776,0.770922,0.669546,0.495492,0.571050,0.531809
1.205500,1.384104,0.579242,0.830835,0.858018,0.825940,0.792722,0.909440,0.837523,0.924646,0.843251,1.226885,1.015979,1.250167,0.725773,0.878476,0.926326,1.122834,1.035001,1.147845,0.488293,0.436071,0.331844,0.478132,0.595552,0.704480,0.440791,0.693807,0.906869,0.776057,0.444173,0.577057,0.906088,1.099153,0.369323,0.285927,0.691050,0.866499,0.506677,0.175474,0.563566,0.527787,0.000000,1.866421,1.124866,1.737890,1.529155,1.484693,1.544673,1.437541,1.525885,1.211544,1.226859,1.027652,1.156787,1.047637,1.202694,1.178578,1.054032,1.065265,0.937687,1.037834,1.087908,1.202668,0.504735,0.901829,0.948864,0.890430,1.022048,0.833128,0.367200,0.583414,0.709697,0.784085,0.986745,1.086279,0.663947,0.693215,0.559348,0.308557,0.924003,0.854291,0.634356,0.512894,0.706420,0.932891,0.501335,0.044620,0.689227,0.929483
1.197552,1.333935,0.578499,0.787298,0.796201,0.779493,0.792655,0.849867,0.754856,0.814891,0.881193,1.185873,1.018753,1.166345,0.727503,0.855351,0.848972,1.128485,1.092528,1.165019,0.477790,0.423535,0.299960,0.408485,0.523319,0.645722,0.404837,0.705412,0.805050,0.800356,0.359083,0.522245,0.891741,1.099960,0.332501,0.238254,0.634191,0.909193,0.590509,0.246089,0.620218,0.608086,1.866421,0.000000,1.087334,1.945550,1.464397,1.645419,1.550973,1.688435,1.427182,1.420029,1.195654,1.092772,1.324019,1.169247,1.215145,1.235712,1.067319,1.196514,0.930590,0.982176,0.955660,1.183731,0.511803,0.841303,0.975167,0.947288,1.046924,0.857138,0.319682,0.518507,0.656265,0.757238,0.912339,1.024260,0.700907,0.715377,0.568999,0.320682,0.945614,0.990061,0.745382,0.632724,0.740691,0.973633,0.562511,0.123071,0.667924,0.880866
0.951175,1.004914,0.479792,0.702452,0.437205,0.458099,0.687546,0.893881,0.531576,0.640692,0.618973,0.857698,0.761412,0.807942,0.476660,0.630670,0.520706,0.530068,0.802475,0.802206,0.427731,0.455308,0.263155,0.377740,0.313676,0.342893,0.275509,0.332052,0.568876,0.377927,0.365212,0.656896,0.683251,0.900736,0.436767,0.428892,0.623645,0.549219,0.298540,0.193707,0.519866,0.617212,1.124866,1.087334,0.000000,1.099025,0.846273,0.831473,1.212987,1.081875,1.105869,0.894682,0.663949,0.632101,0.809700,0.816067,0.875672,0.730652,0.742920,0.742769,0.804062,0.869227,0.659474,0.703570,0.417866,0.700425,0.545844,0.456215,0.606626,0.365449,0.462561,0.597987,0.807587,0.821990,0.887743,0.865372,0.789613,0.815433,0.224774,-0.053867,0.408470,0.401645,0.351121,0.259701,0.417643,0.601556,0.283231,0.030712,0.441757,0.567568
1.227711,1.367130,0.604261,0.818182,0.873204,0.795778,0.837158,0.883266,0.833565,0.852285,0.899519,1.164357,1.066802,1.252818,0.764030,0.844831,0.944009,1.168181,1.061571,1.139372,0.484978,0.403530,0.343922,0.463704,0.664257,0.741454,0.512490,0.720880,0.901032,0.800806,0.462290,0.592849,1.010891,1.161168,0.453142,0.328365,0.644581,0.817841,0.541758,0.204774,0.614995,0.542545,1.737890,1.945550,1.099025,0.000000,1.505514,1.595504,1.610711,1.770368,1.525540,1.351142,1.193255,1.055357,1.259561,1.137109,1.243788,1.227114,1.157688,1.243308,0.956703,1.042766,0.968613,1.227744,0.576692,0.949528,1.127200,1.085661,1.032356,0.893523,0.361762,0.549292,0.675013,0.751319,0.984132,1.072706,0.686691,0.675179,0.614481,0.340621,1.016643,0.971886,0.696166,0.579131,0.799639,1.031125,0.539215,0.104391,0.688509,0.923326
1.178528,1.295652,0.507073,0.738204,0.977677,1.063195,0.730617,0.831645,0.872947,0.933508,0.727105,1.016021,0.886991,1.052564,0.635540,0.764720,0.894939,1.067154,0.936959,1.142139,0.380955,0.391622,0.258206,0.379937,0.603637,0.738555,0.488145,0.794608,0.716433,0.697344,0.329913,0.418169,0.762865,0.928861,0.268612,0.190647,0.591795,0.808837,0.592702,0.314609,0.564561,0.521519,1.529155,1.464397,0.846273,1.505514,0.000000,1.674036,1.552257,1.326318,1.437023,1.151393,1.535602,1.254053,1.249027,1.076211,1.136646,1.109135,1.065604,1.235409,0.856941,1.018194,0.910242,1.058209,0.435724,0.777099,1.026955,1.003282,1.104109,1.042064,0.327729,0.430623,0.523286,0.577518,0.860921,0.939108,0.603144,0.593120,0.509833,0.279657,0.941706,0.898226,0.730230,0.730115,0.637662,0.870970,0.661500,0.166906,0.702571,0.972516
1.126920,1.280511,0.513713,0.735424,0.894154,0.941505,0.715629,0.783564,0.792881,0.850261,0.708374,1.010599,0.839089,1.026616,0.629559,0.743230,0.875117,1.114876,0.915085,1.088821,0.361473,0.354773,0.245624,0.356295,0.566715,0.726896,0.492715,0.724660,0.713474,0.728924,0.327877,0.402616,0.806019,0.989557,0.331693,0.278493,0.566370,0.941645,0.660644,0.355241,0.575893,0.566413,1.484693,1.645419,0.831473,1.595504,1.674036,0.000000,1.325823,1.441345,1.375873,1.278757,1.428722,1.316057,1.335165,1.257385,1.175304,1.201919,1.092701,1.285264,0.904081,0.977735,0.912887,1.110416,0.450560,0.772348,1.064532,1.081038,1.061695,0.972939,0.237374,0.409349,0.516426,0.605203,0.816056,0.940949,0.604674,0.608650,0.547222,0.310535,0.959379,1.012487,0.802009,0.767723,0.709056,0.947846,0.640724,0.214274,0.742878,1.015432
1.312311,1.290077,0.579759,0.794309,0.781250,0.843616,0.844927,0.921762,0.799719,0.859753,0.861929,1.068188,1.006267,1.130979,0.660735,0.811563,0.794205,0.898746,1.017527,1.042014,0.398358,0.418685,0.273516,0.364167,0.476487,0.580009,0.412670,0.680792,0.715288,0.652885,0.336760,0.483208,0.782901,0.955454,0.305230,0.213989,0.580896,0.735639,0.446013,0.224706,0.563046,0.564801,1.544673,1.550973,1.212987,1.610711,1.552257,1.325823,0.000000,1.641376,1.664661,1.282947,1.267740,1.017662,1.283999,1.099532,1.086087,1.001757,1.146292,1.205534,1.008349,1.047998,0.847315,1.005682,0.504380,0.812600,0.901276,0.821922,0.893052,0.741246,0.384277,0.510614,0.663370,0.708187,0.924376,1.016405,0.676680,0.636786,0.458628,0.236049,0.805975,0.788217,0.655207,0.562110,0.618282,0.811808,0.549889,0.115127,0.687409,0.915771
