0.000000,1.187910,0.672990,0.660344,0.899673,0.796159,0.847314,0.698273,0.704832,0.667998,0.704581,0.480162,0.910670,0.608448,0.874440,0.654344,0.379170,0.411230,1.129820,0.793622,0.454530,0.181939,0.575732,0.431622,0.301603,0.269182,0.451082,0.830642,0.347310,0.409912,0.578182,0.412773,0.832233,0.685075,0.354994,0.262360,-0.051545,0.047839,0.511778,0.468770,-0.012861,0.246491,0.725065,0.700561,0.798553,0.903375,0.555754,0.676518,0.893154,0.941310,0.674314,0.773077,0.767395,0.501571,0.793424,0.853431,0.998756,0.981587,1.148871,1.060763,1.157138,0.521496,0.485143,0.598286,0.431049,0.330772,0.795880,0.746238,0.847002,0.960321,0.205056,0.278962,0.479098,0.422582,0.364122,0.509525,0.260279,0.402793,0.453510,0.174089,0.548137,0.595313,0.549140,0.410577,0.315600,0.471558,0.271082,0.367204,0.525827,0.875538
1.187910,0.000000,0.260436,0.494064,0.617617,0.684401,0.546979,0.718551,0.502319,0.517504,0.583481,0.706462,0.781981,0.832476,0.739916,0.674682,0.462716,0.619899,1.159165,1.123704,0.399020,0.222934,0.348066,0.348905,0.172966,0.241577,0.298340,0.593257,0.475260,0.614337,0.551363,0.398902,0.660096,0.640108,0.063310,0.022128,-0.010436,0.078306,0.353243,0.355226,0.086803,0.447257,0.626650,0.690378,0.627346,0.757455,0.593146,0.650173,0.814000,0.788935,0.563482,0.707332,0.698663,0.606501,0.613293,0.771261,1.047098,0.994200,0.737911,0.960742,0.894855,0.723164,0.468483,0.694427,0.192936,0.151052,0.467314,0.503934,0.862848,0.929252,0.218741,0.311862,0.496925,0.565983,0.347794,0.508201,0.267062,0.459818,0.459371,0.179831,0.651156,0.670432,0.501982,0.571577,0.333268,0.519093,0.280604,0.346563,0.373458,0.766913
0.672990,0.260436,0.000000,0.852363,0.631833,0.440299,1.120939,0.383439,0.512171,0.396304,0.187713,0.066556,0.364922,0.130878,0.395774,0.376806,0.151694,0.075508,0.455179,0.205871,0.302782,0.079621,0.982784,0.603880,0.654680,0.489379,0.415066,0.542025,0.167230,0.126992,0.481850,0.370036,0.747464,0.594076,0.876866,0.751186,0.004629,0.085054,0.400648,0.437569,-0.141301,-0.086897,0.475595,0.347187,0.459323,0.459923,0.218855,0.407991,0.396754,0.438192,0.477888,0.440517,0.380113,0.207612,0.524833,0.516373,0.386160,0.431055,0.645139,0.441363,0.627356,0.158567,0.247405,0.361808,0.672731,0.575640,0.974768,0.768672,0.329009,0.359866,0.252523,0.253996,0.264762,0.118221,0.288042,0.379876,0.379675,0.357174,0.314723,0.170260,0.306637,0.303368,0.385251,0.140494,0.304228,0.292836,0.198158,0.281978,0.601407,0.647841
0.660344,0.494064,0.852363,0.000000,0.696405,0.711445,0.912807,1.043134,0.503441,0.609900,0.033262,0.637418,0.402737,0.539629,0.506519,0.624843,0.202816,0.278385,0.584965,0.641158,0.279064,0.011552,0.918815,1.282812,0.600028,0.636747,0.344251,0.528827,0.260452,0.326798,0.516989,0.515613,0.776750,0.884285,0.459736,0.581541,0.072097,0.103114,0.350637,0.305526,-0.045177,0.099390,0.467491,0.472744,0.250810,0.410031,0.251326,0.397058,0.369076,0.410288,0.423804,0.436581,0.488199,0.472675,0.525526,0.592063,0.198223,0.203626,0.722008,0.794886,0.571016,0.630394,0.175541,0.510099,0.612899,0.887966,0.761722,0.927186,0.282346,0.343904,0.100680,0.212868,0.392641,0.398501,0.586608,0.679243,0.413465,0.574823,0.309669,0.222858,0.355788,0.400471,0.581525,0.371877,0.316353,0.641078,0.234883,0.513875,0.572921,0.769922
0.899673,0.617617,0.631833,0.696405,0.000000,1.258484,0.761536,0.739631,1.132716,0.977543,0.324732,0.368246,0.628152,0.373882,1.020507,0.805627,0.174181,0.120251,0.573664,0.509019,0.464054,0.098493,0.655949,0.518994,0.687561,0.614288,0.454852,0.840516,0.181421,0.280318,0.386808,0.280594,0.748705,0.641392,0.404820,0.383405,0.205049,0.150463,0.497435,0.490138,-0.132883,0.105206,0.607044,0.609613,0.472549,0.526064,0.439870,0.554329,0.550461,0.578458,0.618669,0.520120,0.596077,0.461482,0.861855,0.778842,0.469624,0.467668,0.836843,0.820953,0.790100,0.521283,0.214914,0.288464,0.590739,0.501036,0.754843,0.723418,0.458419,0.553743,0.046028,0.201400,0.467125,0.333474,0.480392,0.679482,0.360479,0.407044,0.253329,0.114951,0.387258,0.483165,0.629599,0.352173,0.296880,0.456948,0.192191,0.437900,0.579532,0.935613
0.796159,0.684401,0.440299,0.711445,1.258484,0.000000,0.746618,0.884436,1.055939,1.151556,0.279239,0.472107,0.561419,0.535690,0.916681,1.023317,0.190203,0.251126,0.562697,0.589701,0.524237,0.190690,0.516549,0.523427,0.425110,0.418153,0.489869,0.947457,0.226236,0.344703,0.357927,0.283766,0.585769,0.582911,0.204496,0.181705,0.200848,0.136981,0.456263,0.389042,-0.052987,0.268402,0.557005,0.572075,0.391371,0.489582,0.499152,0.536727,0.457184,0.516791,0.511735,0.414085,0.685522,0.549546,0.752594,0.704325,0.403976,0.407005,0.711455,0.861928,0.591071,0.647989,0.129490,0.267069,0.358751,0.421791,0.493429,0.551552,0.432889,0.597456,0.001627,0.157272,0.485463,0.375456,0.482300,0.627914,0.221211,0.348414,0.198642,0.040599,0.414015,0.449560,0.707915,0.476626,0.287284,0.474842,0.229120,0.347484,0.558496,0.913060
0.847314,0.546979,1.120939,0.912807,0.761536,0.746618,0.000000,0.797958,0.754910,0.697889,0.247225,0.294915,0.552563,0.388364,0.562349,0.574814,0.172972,0.183190,0.631957,0.486521,0.387209,0.138376,0.708884,0.561880,0.548057,0.474141,0.473219,0.615086,0.250420,0.288310,0.505564,0.356420,0.652906,0.601511,0.492496,0.470629,0.076664,0.149201,0.449674,0.409288,-0.019845,0.164345,0.518960,0.451326,0.433668,0.503094,0.328222,0.485841,0.483432,0.545463,0.493470,0.528509,0.584765,0.431225,0.633637,0.696324,0.394495,0.415584,0.767637,0.770417,0.759392,0.515021,0.210741,0.425128,0.539720,0.602548,0.747422,0.726691,0.304817,0.440802,0.283118,0.271585,0.461826,0.342612,0.391385,0.504762,0.360380,0.424084,0.284782,0.142616,0.410234,0.408149,0.466845,0.307027,0.317300,0.451843,0.179031,0.329136,0.602092,0.934659
0.698273,0.718551,0.383439,1.043134,0.739631,0.884436,0.797958,0.000000,0.593915,0.783356,0.151209,0.861033,0.559862,0.826507,0.681174,0.762820,0.187785,0.337712,0.625216,0.899719,0.336384,0.126091,0.633194,0.952694,0.474149,0.538518,0.289613,0.469252,0.330104,0.559024,0.448740,0.441536,0.704039,0.885340,0.154954,0.225191,0.041684,0.090305,0.294585,0.212301,0.036277,0.285160,0.412678,0.506313,0.219881,0.424179,0.287086,0.407779,0.334953,0.415547,0.306257,0.371044,0.462177,0.548256,0.488356,0.589835,0.207698,0.179372,0.609826,0.964903,0.599287,1.087451,0.098425,0.438372,0.356817,0.730740,0.495390,0.707334,0.258298,0.389669,0.025632,0.109839,0.486192,0.566399,0.535700,0.693682,0.232959,0.480562,0.252322,0.177480,0.384226,0.483713,0.610741,0.567110,0.246282,0.690221,0.172094,0.542774,0.447502,0.763101
0.704832,0.502319,0.512171,0.503441,1.132716,1.055939,0.754910,0.593915,0.000000,1.304338,0.414291,0.264473,0.596396,0.315517,0.931295,0.728049,-0.124345,-0.075175,0.451880,0.381735,0.371818,0.110671,0.478110,0.324704,0.480283,0.465485,0.402212,0.626027,-0.014027,0.129905,0.343219,0.177091,0.432870,0.359807,0.251276,0.233188,0.194579,0.172459,0.343832,0.328128,-0.186588,0.194944,0.442228,0.456212,0.302353,0.333967,0.326872,0.478654,0.468624,0.464136,0.507929,0.437938,0.643685,0.567274,0.723325,0.742433,0.326156,0.301859,0.694658,0.665408,0.645087,0.481747,0.011198,0.097092,0.427509,0.364066,0.496868,0.476158,0.217127,0.355688,0.031230,0.210906,0.378046,0.216077,0.337085,0.475455,0.215066,0.222405,-0.037074,-0.043523,0.161477,0.297485,0.380673,0.275799,0.069234,0.288053,-0.114024,0.224644,0.331624,0.790165
0.667998,0.517504,0.396304,0.609900,0.977543,1.151556,0.697889,0.783356,1.304338,0.000000,0.286660,0.398336,0.522535,0.435537,0.861818,0.701388,-0.057592,0.050239,0.434579,0.486783,0.402460,0.185584,0.385098,0.404771,0.419029,0.424343,0.467717,0.666575,0.027100,0.181154,0.295728,0.179627,0.405025,0.409413,0.184029,0.173996,0.154354,0.146122,0.283237,0.267178,-0.128864,0.148243,0.394927,0.445691,0.214703,0.311723,0.322286,0.486327,0.406738,0.419065,0.404887,0.388745,0.617503,0.579616,0.621963,0.700671,0.232686,0.226632,0.741880,0.792716,0.498393,0.571820,0.011481,0.135248,0.336571,0.420217,0.434168,0.467579,0.247647,0.416612,-0.045548,0.077695,0.363574,0.308005,0.380458,0.495633,0.102007,0.312584,0.043145,-0.006644,0.157837,0.265337,0.456660,0.274106,0.052439,0.325266,-0.124584,0.135579,0.335878,0.710296
0.704581,0.583481,0.187713,0.033262,0.324732,0.279239,0.247225,0.151209,0.414291,0.286660,0.000000,0.340647,0.875949,0.475881,0.592332,0.342130,0.311186,0.410502,0.585318,0.432863,0.171136,0.234976,0.155771,0.026514,-0.120916,-0.068070,0.300593,0.394475,0.307989,0.348379,0.592680,0.454064,0.174028,0.122420,0.190196,0.058974,-0.083348,0.104939,0.386644,0.266697,0.162891,0.316242,0.346530,0.345977,0.589825,0.655069,0.516528,0.450752,0.674696,0.646649,0.521111,0.622751,0.539116,0.458678,0.476558,0.516311,0.719563,0.634345,0.282147,0.280153,0.400470,0.023708,0.417478,0.155529,0.186112,-0.007846,0.231765,0.194243,0.461166,0.440326,0.331622,0.455050,0.285031,0.305148,0.063433,0.131694,0.170670,0.018592,0.132000,0.164305,0.186298,0.497668,0.083561,0.236550,0.092612,0.209143,0.040610,0.245339,0.079383,0.337776
0.480162,0.706462,0.066556,0.637418,0.368246,0.472107,0.294915,0.861033,0.264473,0.398336,0.340647,0.000000,0.625219,1.353159,0.606587,0.739228,0.422338,0.685472,0.463457,0.913460,0.281329,0.192457,0.353038,0.782587,0.155886,0.310472,0.116957,0.303212,0.563720,0.724255,0.616811,0.650049,0.454674,0.660914,0.035219,0.129175,0.134305,0.234343,0.313346,0.185365,0.270271,0.526251,0.449170,0.560159,0.266718,0.498949,0.474440,0.467012,0.489594,0.456090,0.461475,0.521206,0.478855,0.628117,0.382273,0.497875,0.242761,0.211676,0.344195,0.583953,0.346548,0.641478,0.271250,0.561681,0.328518,0.503419,0.277347,0.478231,0.293802,0.353574,0.149168,0.299062,0.515353,0.753572,0.584991,0.658636,0.422162,0.577392,0.322639,0.244891,0.407020,0.616191,0.422905,0.540054,0.364007,0.909070,0.327881,0.643436,0.307438,0.507525
0.910670,0.781981,0.364922,0.402737,0.628152,0.561419,0.552563,0.559862,0.596396,0.522535,0.875949,0.625219,0.000000,0.749796,0.958741,0.646398,0.475660,0.467226,0.635381,0.578774,0.341002,0.266401,0.345542,0.303274,0.147904,0.223388,0.321671,0.559533,0.500792,0.537490,0.794121,0.593925,0.450389,0.444304,0.334424,0.303469,0.028464,0.180830,0.413867,0.338320,0.108984,0.306820,0.610246,0.667178,0.686717,0.742681,0.523977,0.586456,0.847554,0.780520,0.608718,0.745203,0.565318,0.407274,0.611370,0.668037,0.593010,0.553908,0.657187,0.680145,0.728877,0.402283,0.571492,0.441338,0.349720,0.222311,0.491000,0.508897,0.457791,0.591488,0.450267,0.610073,0.547075,0.560224,0.423266,0.508953,0.479312,0.466436,0.375814,0.268920,0.389253,0.611531,0.298359,0.299638,0.154697,0.362774,0.150357,0.392790,0.261337,0.570416
0.608448,0.832476,0.130878,0.539629,0.373882,0.535690,0.388364,0.826507,0.315517,0.435537,0.475881,1.353159,0.749796,0.000000,0.650124,0.905048,0.460448,0.743211,0.549053,0.955697,0.439858,0.345142,0.314797,0.635932,0.076219,0.187770,0.195219,0.444971,0.615064,0.797634,0.648005,0.672634,0.443182,0.611669,0.063316,0.030398,-0.013477,0.196328,0.350920,0.268587,0.277476,0.494564,0.482086,0.549158,0.356328,0.656142,0.554332,0.538420,0.540224,0.574275,0.474326,0.587390,0.542022,0.678965,0.373005,0.519077,0.391578,0.400587,0.343726,0.669833,0.373742,0.531321,0.349454,0.611798,0.195725,0.372755,0.292116,0.444104,0.454848,0.547447,0.126460,0.262217,0.488477,0.674648,0.455926,0.554897,0.267183,0.571796,0.395212,0.246136,0.487661,0.574728,0.407447,0.567789,0.319959,0.847952,0.343367,0.520861,0.295939,0.597995
0.874440,0.739916,0.395774,0.506519,1.020507,0.916681,0.562349,0.681174,0.931295,0.861818,0.592332,0.606587,0.958741,0.650124,0.000000,1.051547,0.246252,0.328935,0.593691,0.579545,0.579123,0.396177,0.557424,0.473532,0.403104,0.434300,0.497918,0.810957,0.388916,0.453334,0.639471,0.511049,0.659775,0.613096,0.357154,0.353532,0.373204,0.338131,0.653518,0.529538,0.124896,0.421758,0.653347,0.707957,0.558318,0.603673,0.714678,0.727312,0.699283,0.633553,0.689377,0.615941,0.774083,0.567009,0.977028,0.953930,0.513129,0.505165,0.794218,0.712574,0.652387,0.521222,0.234460,0.306267,0.518348,0.378952,0.632530,0.636482,0.552712,0.703209,0.197659,0.351910,0.519291,0.492777,0.455651,0.635194,0.416580,0.488034,0.256467,0.135187,0.383861,0.617090,0.661935,0.494710,0.318056,0.539386,0.162480,0.471936,0.510693,0.836417
0.654344,0.674682,0.376806,0.624843,0.805627,1.023317,0.574814,0.762820,0.728049,0.701388,0.342130,0.739228,0.646398,0.905048,1.051547,0.000000,0.251502,0.360972,0.486197,0.612426,0.680795,0.421541,0.543580,0.661459,0.347585,0.370521,0.445202,0.808963,0.387675,0.568022,0.534002,0.486576,0.602886,0.681026,0.288008,0.248431,0.285300,0.445385,0.636795,0.588720,0.149753,0.497813,0.655757,0.663170,0.470622,0.608295,0.732854,0.720599,0.517582,0.545895,0.624325,0.531885,0.664242,0.637330,0.671784,0.762465,0.405927,0.437916,0.517042,0.667421,0.460340,0.567286,0.191514,0.392115,0.414780,0.473214,0.518322,0.587005,0.434618,0.596833,0.034364,0.218434,0.474275,0.485431,0.505863,0.681322,0.373461,0.593837,0.299406,0.093616,0.450276,0.501819,0.603246,0.638099,0.382278,0.729382,0.332256,0.616126,0.577781,0.965398
0.379170,0.462716,0.151694,0.202816,0.174181,0.190203,0.172972,0.187785,-0.124345,-0.057592,0.311186,0.422338,0.475660,0.460448,0.246252,0.251502,0.000000,1.189620,0.334606,0.375039,0.299929,0.208937,0.143599,0.250809,0.027578,0.130345,0.074754,0.334279,1.169381,0.812113,0.581650,0.606244,0.332566,0.347893,0.262716,0.209067,0.019482,0.152049,0.410264,0.383255,0.271559,0.322597,0.571742,0.565960,0.669999,0.704045,0.522669,0.406467,0.596393,0.524262,0.529536,0.523111,0.296042,0.116211,0.358488,0.316941,0.582395,0.629588,0.251056,0.333381,0.307752,0.052341,0.928090,0.739776,0.258396,0.098376,0.316655,0.324973,0.612202,0.492660,0.514653,0.569262,0.565791,0.662060,0.423807,0.435871,0.550699,0.506845,1.072046,0.675361,0.948910,0.806834,0.314671,0.235122,0.577733,0.459356,0.661118,0.361940,0.426443,0.289379
0.411230,0.619899,0.075508,0.278385,0.120251,0.251126,0.183190,0.337712,-0.075175,0.050239,0.410502,0.685472,0.467226,0.743211,0.328935,0.360972,1.189620,0.000000,0.479502,0.630822,0.245104,0.253574,0.188664,0.353164,-0.100645,0.011060,0.125741,0.342120,0.967310,0.775743,0.626854,0.689627,0.283409,0.370620,0.128978,0.098780,0.085972,0.166039,0.427850,0.333230,0.461634,0.477075,0.472069,0.494613,0.538804,0.722507,0.670854,0.500668,0.540437,0.552764,0.473497,0.527112,0.402236,0.332512,0.356033,0.411834,0.612811,0.618730,0.188369,0.354047,0.224418,0.143675,0.660506,0.673490,0.222287,0.192283,0.189152,0.272080,0.670266,0.575435,0.412513,0.482565,0.473325,0.695048,0.329383,0.333663,0.343667,0.399543,0.655417,0.439586,0.735857,0.784596,0.406515,0.410579,0.604107,0.582989,0.612820,0.396294,0.429667,0.347355
1.129820,1.159165,0.455179,0.584965,0.573664,0.562697,0.631957,0.625216,0.451880,0.434579,0.585318,0.463457,0.635381,0.549053,0.593691,0.486197,0.334606,0.479502,0.000000,1.246002,0.285342,0.176046,0.525145,0.418941,0.238129,0.224064,0.377539,0.580444,0.323828,0.423639,0.585387,0.427625,0.690866,0.621976,0.166134,0.123661,-0.094297,-0.078389,0.325267,0.313665,0.050269,0.214216,0.387046,0.423541,0.440200,0.587426,0.370746,0.457496,0.503897,0.502842,0.328034,0.424670,0.513917,0.398159,0.512971,0.571141,0.842208,0.802007,0.657664,0.775571,0.719814,0.498825,0.378657,0.582573,0.239469,0.157115,0.533009,0.524622,0.832841,0.809487,0.195678,0.240180,0.416410,0.443982,0.323165,0.405865,0.185958,0.366774,0.366497,0.098639,0.434941,0.465872,0.503550,0.501938,0.151313,0.324915,0.154434,0.302270,0.298873,0.675632
0.793622,1.123704,0.205871,0.641158,0.509019,0.589701,0.486521,0.899719,0.381735,0.486783,0.432863,0.913460,0.578774,0.955697,0.579545,0.612426,0.375039,0.630822,1.246002,0.000000,0.302268,0.196733,0.453129,0.639321,0.261268,0.336046,0.237566,0.438440,0.434471,0.687637,0.649088,0.579515,0.617685,0.740074,0.061719,0.059261,-0.074445,-0.010628,0.276882,0.254256,0.154338,0.379688,0.339872,0.445075,0.267919,0.544211,0.354344,0.424259,0.413986,0.431762,0.292994,0.401964,0.457225,0.526047,0.420363,0.510683,0.540483,0.512586,0.461103,0.828080,0.494563,0.619066,0.282908,0.622621,0.197034,0.308887,0.387250,0.528883,0.603996,0.626173,0.132686,0.232269,0.567566,0.734699,0.489599,0.581624,0.218108,0.508741,0.384744,0.184450,0.449096,0.541835,0.512069,0.580046,0.186216,0.592948,0.208862,0.468290,0.265624,0.689767
0.454530,0.399020,0.302782,0.279064,0.464054,0.524237,0.387209,0.336384,0.371818,0.402460,0.171136,0.281329,0.341002,0.439858,0.579123,0.680795,0.299929,0.245104,0.285342,0.302268,0.000000,0.574468,0.202659,0.274372,0.196529,0.223993,0.288600,0.649821,0.430837,0.456324,0.540522,0.478304,0.460421,0.486463,0.217505,0.167411,0.251392,0.334039,0.528717,0.583177,0.141729,0.365581,0.510081,0.451036,0.420487,0.491076,0.488469,0.367235,0.365138,0.451216,0.380716,0.338627,0.274395,0.173176,0.355509,0.334787,0.400020,0.453996,0.417053,0.390482,0.364651,0.242102,0.222165,0.338569,0.249973,0.263465,0.335621,0.320847,0.371952,0.511057,0.267301,0.212808,0.460981,0.379418,0.327830,0.442629,0.128899,0.432251,0.488880,0.116097,0.302536,0.237237,0.242088,0.176206,0.175276,0.349990,0.249425,0.193674,0.220064,0.416715
0.181939,0.222934,0.079621,0.011552,0.098493,0.190690,0.138376,0.126091,0.110671,0.185584,0.234976,0.192457,0.266401,0.345142,0.396177,0.421541,0.208937,0.253574,0.176046,0.196733,0.574468,0.000000,0.130117,0.107976,0.044571,0.080778,0.470145,0.424516,0.367505,0.400144,0.397770,0.349156,0.204864,0.232120,0.095244,0.035187,0.222931,0.392181,0.296707,0.350830,0.386359,0.347627,0.144836,0.169169,0.204013,0.194882,0.334739,0.262886,0.080643,0.068867,0.099277,0.048821,0.143425,0.068678,0.185022,0.191904,0.261109,0.259821,0.063377,0.012062,0.026715,0.010749,0.072671,0.018048,-0.011948,-0.060020,0.087321,0.023159,0.306096,0.385947,0.361839,0.328961,0.313716,0.435052,0.172194,0.189255,0.129730,0.373488,0.245757,0.020387,0.137148,0.214415,0.130800,0.329283,0.026151,0.142091,-0.052718,0.053017,0.015752,0.146758
0.575732,0.348066,0.982784,0.918815,0.655949,0.516549,0.708884,0.633194,0.478110,0.385098,0.155771,0.353038,0.345542,0.314797,0.557424,0.543580,0.143599,0.188664,0.525145,0.453129,0.202659,0.130117,0.000000,1.136558,0.796905,0.690495,0.308496,0.466395,0.210167,0.306572,0.563309,0.557248,1.015489,0.928296,0.634110,0.642253,0.049342,0.025700,0.293625,0.316934,-0.095794,0.071701,0.369200,0.358856,0.294739,0.348942,0.204185,0.354969,0.249938,0.242923,0.355927,0.252034,0.349827,0.278054,0.553939,0.492998,0.290878,0.316508,0.485279,0.397939,0.488094,0.347086,0.086089,0.348477,0.755219,0.689928,0.895833,0.846411,0.386693,0.373188,0.113072,0.244505,0.309592,0.261149,0.405641,0.493624,0.424096,0.448561,0.290574,0.125322,0.333867,0.460426,0.630970,0.458710,0.309303,0.455827,0.182484,0.520817,0.573235,0.654582
0.431622,0.348905,0.603880,1.282812,0.518994,0.523427,0.561880,0.952694,0.324704,0.404771,0.026514,0.782587,0.303274,0.635932,0.473532,0.661459,0.250809,0.353164,0.418941,0.639321,0.274372,0.107976,1.136558,0.000000,0.660649,0.716631,0.207509,0.365306,0.343901,0.477755,0.602947,0.709278,0.800860,1.012124,0.461699,0.571410,0.044084,0.115611,0.303003,0.246355,0.052525,0.196167,0.350970,0.389782,0.173538,0.356504,0.206279,0.326767,0.222112,0.253299,0.346540,0.295967,0.319787,0.413732,0.399616,0.428676,0.095009,0.108406,0.395543,0.516745,0.322420,0.499934,0.104038,0.454033,0.661605,0.993345,0.665001,0.866331,0.240875,0.260833,0.038195,0.176491,0.403644,0.459166,0.600114,0.706555,0.401383,0.580280,0.339016,0.249788,0.346257,0.489453,0.600191,0.471627,0.360976,0.802818,0.289567,0.703480,0.522560,0.613023
0.301603,0.172966,0.654680,0.600028,0.687561,0.425110,0.548057,0.474149,0.480283,0.419029,-0.120916,0.155886,0.147904,0.076219,0.403104,0.347585,0.027578,-0.100645,0.238129,0.261268,0.196529,0.044571,0.796905,0.660649,0.000000,1.448367,0.294433,0.210211,0.170930,0.250199,0.293329,0.209238,0.750594,0.619619,0.581890,0.654810,0.220403,0.224676,0.144833,0.198525,-0.096667,0.031540,0.324910,0.342501,0.132795,0.133630,0.066238,0.312370,0.126827,0.078844,0.268437,0.169558,0.184357,0.150338,0.387728,0.338739,0.087172,0.105413,0.438941,0.390101,0.410893,0.333535,-0.011288,0.230193,0.517149,0.541984,0.801753,0.736298,0.184924,0.161276,0.000269,0.086550,0.419116,0.264491,0.573736,0.716855,0.501723,0.505520,0.236147,0.139593,0.343432,0.364546,0.431073,0.259060,0.282373,0.388403,0.044811,0.323059,0.463936,0.545919
0.269182,0.241577,0.489379,0.636747,0.614288,0.418153,0.474141,0.538518,0.465485,0.424343,-0.068070,0.310472,0.223388,0.187770,0.434300,0.370521,0.130345,0.011060,0.224064,0.336046,0.223993,0.080778,0.690495,0.716631,1.448367,0.000000,0.231590,0.186524,0.282543,0.424094,0.417953,0.353777,0.672987,0.634164,0.461221,0.610674,0.232923,0.285375,0.123367,0.230667,-0.064192,0.202435,0.363837,0.401069,0.110320,0.141269,0.108263,0.321006,0.169604,0.091421,0.333344,0.215104,0.251126,0.263773,0.411962,0.391173,0.076484,0.084417,0.368924,0.389458,0.415094,0.390781,0.112172,0.322504,0.507201,0.508313,0.694393,0.674481,0.139138,0.061648,0.159667,0.292281,0.510845,0.416137,0.654243,0.821974,0.585346,0.529693,0.285800,0.273074,0.373432,0.475095,0.385941,0.297638,0.270340,0.451682,0.013694,0.370912,0.372589,0.556723
0.451082,0.298340,0.415066,0.344251,0.454852,0.489869,0.473219,0.289613,0.402212,0.467717,0.300593,0.116957,0.321671,0.195219,0.497918,0.445202,0.074754,0.125741,0.377539,0.237566,0.288600,0.470145,0.308496,0.207509,0.294433,0.231590,0.000000,0.913543,0.115330,0.122542,0.363538,0.253868,0.302766,0.215473,0.331466,0.249313,0.194388,0.138150,0.408954,0.341683,0.117903,0.085196,0.201649,0.133796,0.245683,0.251957,0.367237,0.360306,0.220630,0.167974,0.178323,0.190281,0.415690,0.216313,0.468730,0.485910,0.341770,0.325813,0.364620,0.319295,0.213049,0.113247,0.123420,0.030383,0.182726,0.097385,0.388998,0.324940,0.364539,0.477597,0.116943,0.156680,0.120807,0.165320,0.102184,0.136427,0.079792,0.197419,0.133903,-0.056078,0.152361,0.190425,0.334714,0.327036,0.041922,0.074959,-0.140195,0.077138,0.279863,0.525763
0.830642,0.593257,0.542025,0.528827,0.840516,0.947457,0.615086,0.469252,0.626027,0.666575,0.394475,0.303212,0.559533,0.444971,0.810957,0.808963,0.334279,0.342120,0.580444,0.438440,0.649821,0.424516,0.466395,0.365306,0.210211,0.186524,0.913543,0.000000,0.247253,0.289196,0.534027,0.428617,0.569951,0.506128,0.385015,0.265602,0.107893,0.062686,0.599256,0.607185,-0.029127,0.127736,0.507380,0.407027,0.561474,0.601462,0.575415,0.506016,0.517241,0.520137,0.469756,0.392913,0.593340,0.300857,0.721160,0.667338,0.603798,0.648689,0.660212,0.629300,0.471688,0.269487,0.332138,0.303809,0.381742,0.235568,0.573372,0.531059,0.633924,0.845282,0.167265,0.275865,0.280254,0.279047,0.232208,0.299556,0.157040,0.350583,0.371725,0.106552,0.372200,0.380724,0.553962,0.346512,0.195868,0.265481,0.191993,0.219325,0.486655,0.781310
0.347310,0.475260,0.167230,0.260452,0.181421,0.226236,0.250420,0.330104,-0.014027,0.027100,0.307989,0.563720,0.500792,0.615064,0.388916,0.387675,1.169381,0.967310,0.323828,0.434471,0.430837,0.367505,0.210167,0.343901,0.170930,0.282543,0.115330,0.247253,0.000000,1.191458,0.709838,0.720968,0.431060,0.464997,0.251990,0.232706,0.245715,0.377113,0.462164,0.395639,0.472130,0.568320,0.582198,0.627457,0.517834,0.626509,0.580413,0.485636,0.520225,0.445840,0.510732,0.504863,0.297476,0.189538,0.349639,0.347925,0.463986,0.460951,0.207769,0.292769,0.348604,0.189986,0.629447,0.669040,0.227503,0.186739,0.305141,0.323639,0.474525,0.386953,0.573926,0.588161,0.778133,0.883525,0.571198,0.582336,0.627151,0.599154,0.902789,0.537290,0.908814,0.761524,0.360479,0.446148,0.591043,0.568553,0.531688,0.385509,0.373461,0.281321
0.409912,0.614337,0.126992,0.326798,0.280318,0.344703,0.288310,0.559024,0.129905,0.181154,0.348379,0.724255,0.537490,0.797634,0.453334,0.568022,0.812113,0.775743,0.423639,0.687637,0.456324,0.400144,0.306572,0.477755,0.250199,0.424094,0.122542,0.289196,1.191458,0.000000,0.768152,0.746875,0.505663,0.617667,0.164124,0.175218,0.056568,0.354194,0.370829,0.454075,0.282095,0.644761,0.499834,0.600916,0.415179,0.602351,0.482143,0.479197,0.420945,0.390463,0.401837,0.416946,0.270074,0.291928,0.338571,0.390062,0.426957,0.420542,0.192507,0.408658,0.354911,0.363399,0.426581,0.591632,0.157515,0.232409,0.298366,0.376880,0.389744,0.343492,0.411085,0.561552,0.697378,0.992731,0.578260,0.680332,0.567512,0.643814,0.801398,0.699917,0.749961,0.856570,0.362102,0.611313,0.373181,0.611833,0.395610,0.520972,0.302704,0.433054
0.578182,0.551363,0.481850,0.516989,0.386808,0.357927,0.505564,0.448740,0.343219,0.295728,0.592680,0.616811,0.794121,0.648005,0.639471,0.534002,0.581650,0.626854,0.585387,0.649088,0.540522,0.397770,0.563309,0.602947,0.293329,0.417953,0.363538,0.534027,0.709838,0.768152,0.000000,1.549602,0.567813,0.631668,0.533428,0.549938,0.053632,0.191142,0.398856,0.416888,0.146578,0.382915,0.411184,0.427917,0.468136,0.605894,0.404783,0.401161,0.523637,0.484154,0.465359,0.509512,0.319469,0.235853,0.455095,0.472031,0.531372,0.519607,0.361905,0.394104,0.387877,0.183946,0.419556,0.453196,0.459167,0.373696,0.492762,0.553474,0.451828,0.495598,0.668314,0.838338,0.626265,0.717354,0.453825,0.568566,0.566590,0.605835,0.564384,0.421709,0.374602,0.620132,0.256101,0.277902,0.175623,0.415081,0.168411,0.423611,0.214054,0.500096
0.412773,0.398902,0.370036,0.515613,0.280594,0.283766,0.356420,0.441536,0.177091,0.179627,0.454064,0.650049,0.593925,0.672634,0.511049,0.486576,0.606244,0.689627,0.427625,0.579515,0.478304,0.349156,0.557248,0.709278,0.209238,0.353777,0.253868,0.428617,0.720968,0.746875,1.549602,0.000000,0.511743,0.666701,0.512468,0.551809,0.057442,0.177640,0.340715,0.364235,0.176099,0.361798,0.350609,0.368825,0.367397,0.537716,0.366258,0.304898,0.402400,0.401759,0.420363,0.436440,0.245044,0.223261,0.358567,0.373672,0.369056,0.388148,0.230719,0.310294,0.246243,0.132501,0.433081,0.467549,0.472124,0.453648,0.440191,0.541484,0.384720,0.375991,0.537607,0.713931,0.504716,0.652825,0.409238,0.485166,0.477229,0.559325,0.541198,0.396144,0.317160,0.532440,0.243805,0.267773,0.185939,0.471880,0.207505,0.467352,0.169881,0.405796
0.832233,0.660096,0.747464,0.776750,0.748705,0.585769,0.652906,0.704039,0.432870,0.405025,0.174028,0.454674,0.450389,0.443182,0.659775,0.602886,0.332566,0.283409,0.690866,0.617685,0.460421,0.204864,1.015489,0.800860,0.750594,0.672987,0.302766,0.569951,0.431060,0.505663,0.567813,0.511743,0.000000,1.677561,0.521464,0.543932,0.048640,0.056763,0.288994,0.350639,-0.081957,0.110897,0.647282,0.653132,0.523484,0.604086,0.353293,0.529629,0.466168,0.445266,0.449384,0.415813,0.381862,0.213648,0.613873,0.561833,0.559448,0.585241,0.746437,0.662845,0.889649,0.569883,0.254316,0.672948,0.559860,0.539847,1.096743,1.071981,0.649945,0.645107,0.170434,0.178829,0.525003,0.441238,0.582128,0.690671,0.454224,0.601243,0.566850,0.208970,0.574461,0.514210,0.585980,0.447793,0.348309,0.513054,0.264035,0.414751,0.516785,0.666223
0.685075,0.640108,0.594076,0.884285,0.641392,0.582911,0.601511,0.885340,0.359807,0.409413,0.122420,0.660914,0.444304,0.611669,0.613096,0.681026,0.347893,0.370620,0.621976,0.740074,0.486463,0.232120,0.928296,1.012124,0.619619,0.634164,0.215473,0.506128,0.464997,0.617667,0.631668,0.666701,1.677561,0.000000,0.424958,0.508865,0.041965,0.080678,0.255910,0.303161,-0.034490,0.173320,0.558854,0.617126,0.409363,0.575875,0.321432,0.444937,0.387652,0.419792,0.378690,0.385517,0.308815,0.245729,0.482081,0.482327,0.414766,0.430818,0.600463,0.666146,0.720931,0.666018,0.228963,0.696401,0.513836,0.686793,0.851191,1.009220,0.478308,0.518484,0.176881,0.203529,0.548825,0.568167,0.627561,0.754611,0.429995,0.678905,0.534787,0.239303,0.472240,0.477175,0.528516,0.447432,0.280093,0.591712,0.273410,0.491264,0.405395,0.611557
0.354994,0.063310,0.876866,0.459736,0.404820,0.204496,0.492496,0.154954,0.251276,0.184029,0.190196,0.035219,0.334424,0.063316,0.357154,0.288008,0.262716,0.128978,0.166134,0.061719,0.217505,0.095244,0.634110,0.461699,0.581890,0.461221,0.331466,0.385015,0.251990,0.164124,0.533428,0.512468,0.521464,0.424958,0.000000,1.322021,0.126147,0.272330,0.427224,0.460101,0.029604,-0.009146,0.452963,0.364175,0.526836,0.496317,0.322260,0.474419,0.414414,0.383998,0.570425,0.451249,0.244862,0.065948,0.444602,0.464253,0.263801,0.332159,0.446108,0.289634,0.292438,-0.082616,0.302538,0.269229,0.751588,0.517570,1.015335,0.854306,0.296895,0.293622,0.213945,0.275084,0.278485,0.143867,0.300476,0.336864,0.530348,0.424258,0.358868,0.267720,0.319995,0.357376,0.277611,0.073468,0.380612,0.312188,0.192624,0.341081,0.536070,0.425497
0.262360,0.022128,0.751186,0.581541,0.383405,0.181705,0.470629,0.225191,0.233188,0.173996,0.058974,0.129175,0.303469,0.030398,0.353532,0.248431,0.209067,0.098780,0.123661,0.059261,0.167411,0.035187,0.642253,0.571410,0.654810,0.610674,0.249313,0.265602,0.232706,0.175218,0.549938,0.551809,0.543932,0.508865,1.322021,0.000000,0.242859,0.334242,0.351517,0.372582,0.032202,0.021647,0.402951,0.387699,0.410740,0.359730,0.242628,0.375917,0.337594,0.291634,0.464315,0.381881,0.167761,0.024196,0.419047,0.420839,0.117171,0.150736,0.464957,0.261857,0.288883,0.038429,0.191937,0.238754,0.857612,0.644562,0.896790,0.903119,0.155405,0.164058,0.275293,0.366958,0.337081,0.237331,0.459594,0.460729,0.695019,0.517661,0.305540,0.330729,0.223949,0.353937,0.237450,0.074822,0.292436,0.311054,0.116501,0.397143,0.412480,0.361062
-0.051545,-0.010436,0.004629,0.072097,0.205049,0.200848,0.076664,0.041684,0.194579,0.154354,-0.083348,0.134305,0.028464,-0.013477,0.373204,0.285300,0.019482,0.085972,-0.094297,-0.074445,0.251392,0.222931,0.049342,0.044084,0.220403,0.232923,0.194388,0.107893,0.245715,0.056568,0.053632,0.057442,0.048640,0.041965,0.126147,0.242859,0.000000,0.802511,0.535867,0.428965,0.481593,0.484573,0.272268,0.299330,0.091680,0.012455,0.533686,0.331079,0.130404,0.061700,0.270952,0.134120,0.221985,0.109550,0.346985,0.307555,-0.044702,-0.044990,0.129356,-0.004450,0.034754,0.098877,0.009148,0.004728,0.282268,0.156873,0.109866,0.082586,-0.020045,-0.014650,0.147179,0.168895,0.193531,0.166012,0.226700,0.244765,0.370637,0.201571,-0.044897,-0.143713,0.141958,0.146233,0.269367,0.223189,0.385510,0.220419,0.072133,0.139224,0.269785,0.152752
0.047839,0.078306,0.085054,0.103114,0.150463,0.136981,0.149201,0.090305,0.172459,0.146122,0.104939,0.234343,0.180830,0.196328,0.338131,0.445385,0.152049,0.166039,-0.078389,-0.010628,0.334039,0.392181,0.025700,0.115611,0.224676,0.285375,0.138150,0.062686,0.377113,0.354194,0.191142,0.177640,0.056763,0.080678,0.272330,0.334242,0.802511,0.000000,0.592728,0.574276,0.582687,0.695213,0.400442,0.444189,0.251834,0.219760,0.588888,0.525290,0.279365,0.259641,0.477118,0.377552,0.254978,0.255070,0.263360,0.378081,0.068564,0.080395,0.130512,0.051488,0.100113,0.088551,0.146026,0.122303,0.237630,0.250708,0.180387,0.145000,0.032857,-0.001603,0.176410,0.280383,0.307791,0.319663,0.320875,0.362035,0.534390,0.387214,0.142348,0.152550,0.267988,0.329673,0.066152,0.272824,0.436485,0.422082,0.148872,0.334117,0.297763,0.227588
0.511778,0.353243,0.400648,0.350637,0.497435,0.456263,0.449674,0.294585,0.343832,0.283237,0.386644,0.313346,0.413867,0.350920,0.653518,0.636795,0.410264,0.427850,0.325267,0.276882,0.528717,0.296707,0.293625,0.303003,0.144833,0.123367,0.408954,0.599256,0.462164,0.370829,0.398856,0.340715,0.288994,0.255910,0.427224,0.351517,0.535867,0.592728,0.000000,1.049538,0.535108,0.554782,0.591681,0.545370,0.579904,0.654329,0.932438,0.660390,0.568576,0.603583,0.670598,0.588269,0.617007,0.425080,0.794643,0.758761,0.387322,0.415181,0.466373,0.379493,0.321783,0.106601,0.316259,0.270838,0.478996,0.348528,0.434566,0.425967,0.347199,0.425463,0.187530,0.249351,0.370965,0.318845,0.245316,0.302383,0.386709,0.315969,0.401596,0.230967,0.485876,0.541598,0.562836,0.469246,0.642108,0.578966,0.526117,0.626447,0.756743,0.624037
0.468770,0.355226,0.437569,0.305526,0.490138,0.389042,0.409288,0.212301,0.328128,0.267178,0.266697,0.185365,0.338320,0.268587,0.529538,0.588720,0.383255,0.333230,0.313665,0.254256,0.583177,0.350830,0.316934,0.246355,0.198525,0.230667,0.341683,0.607185,0.395639,0.454075,0.416888,0.364235,0.350639,0.303161,0.460101,0.372582,0.428965,0.574276,1.049538,0.000000,0.203889,0.476164,0.562267,0.490871,0.549776,0.556651,0.742922,0.579810,0.487630,0.487386,0.570246,0.478953,0.419079,0.249925,0.695495,0.697335,0.447418,0.527540,0.377910,0.322587,0.317813,0.047999,0.360684,0.294110,0.447886,0.233611,0.441047,0.379560,0.392638,0.408880,0.296419,0.407692,0.270918,0.299880,0.181080,0.283242,0.367501,0.424672,0.495804,0.330338,0.453271,0.459569,0.433826,0.404102,0.457561,0.398876,0.328433,0.452350,0.576112,0.629023
-0.012861,0.086803,-0.141301,-0.045177,-0.132883,-0.052987,-0.019845,0.036277,-0.186588,-0.128864,0.162891,0.270271,0.108984,0.277476,0.124896,0.149753,0.271559,0.461634,0.050269,0.154338,0.141729,0.386359,-0.095794,0.052525,-0.096667,-0.064192,0.117903,-0.029127,0.472130,0.282095,0.146578,0.176099,-0.081957,-0.034490,0.029604,0.032202,0.481593,0.582687,0.535108,0.203889,0.000000,0.600399,0.093553,0.125894,0.118510,0.206663,0.409254,0.249632,0.132058,0.133768,0.157929,0.188170,0.117944,0.131058,0.050303,0.116593,0.074251,0.062761,-0.062969,-0.024637,-0.097078,-0.095205,0.150561,0.135641,0.071164,0.090932,-0.037507,-0.000978,0.143955,0.111323,0.176152,0.102037,0.314177,0.388277,0.185162,0.094368,0.123463,0.121038,0.207329,-0.016337,0.275732,0.262952,0.136320,0.381949,0.423640,0.364111,0.334156,0.303081,0.168909,0.014207
0.246491,0.447257,-0.086897,0.099390,0.105206,0.268402,0.164345,0.285160,0.194944,0.148243,0.316242,0.526251,0.306820,0.494564,0.421758,0.497813,0.322597,0.477075,0.214216,0.379688,0.365581,0.347627,0.071701,0.196167,0.031540,0.202435,0.085196,0.127736,0.568320,0.644761,0.382915,0.361798,0.110897,0.173320,-0.009146,0.021647,0.484573,0.695213,0.554782,0.476164,0.600399,0.000000,0.320131,0.388279,0.272926,0.343559,0.571757,0.432744,0.358612,0.315820,0.385678,0.388979,0.402535,0.411281,0.357952,0.416799,0.264299,0.258060,0.099926,0.194600,0.154726,0.234719,0.190386,0.250130,0.147672,0.157333,0.069008,0.125097,0.182922,0.182041,0.243306,0.389873,0.454678,0.528263,0.291128,0.331732,0.324209,0.269785,0.231085,0.178624,0.427611,0.503359,0.254817,0.539912,0.461287,0.525699,0.289598,0.406845,0.290308,0.343378
0.725065,0.626650,0.475595,0.467491,0.607044,0.557005,0.518960,0.412678,0.442228,0.394927,0.346530,0.449170,0.610246,0.482086,0.653347,0.655757,0.571742,0.472069,0.387046,0.339872,0.510081,0.144836,0.369200,0.350970,0.324910,0.363837,0.201649,0.507380,0.582198,0.499834,0.411184,0.350609,0.647282,0.558854,0.452963,0.402951,0.272268,0.400442,0.591681,0.562267,0.093553,0.320131,0.000000,1.752986,1.202338,1.144318,1.044647,1.200813,1.021597,1.026041,1.190963,0.898664,0.771186,0.530041,0.780670,0.861092,0.656579,0.668947,0.753086,0.666434,0.763662,0.407672,0.563553,0.740780,0.578097,0.375741,0.797217,0.750559,0.549300,0.600663,0.209968,0.317454,0.529488,0.414627,0.515912,0.579687,0.605462,0.537273,0.516169,0.282029,0.811035,0.730722,0.493029,0.392260,0.693590,0.714755,0.472506,0.392286,0.676609,0.665969
0.700561,0.690378,0.347187,0.472744,0.609613,0.572075,0.451326,0.506313,0.456212,0.445691,0.345977,0.560159,0.667178,0.549158,0.707957,0.663170,0.565960,0.494613,0.423541,0.445075,0.451036,0.169169,0.358856,0.389782,0.342501,0.401069,0.133796,0.407027,0.627457,0.600916,0.427917,0.368825,0.653132,0.617126,0.364175,0.387699,0.299330,0.444189,0.545370,0.490871,0.125894,0.388279,1.752986,0.000000,0.992547,1.084298,0.983985,1.201174,0.996400,1.001530,1.041697,0.904241,0.724068,0.544337,0.756604,0.873688,0.588178,0.570838,0.782495,0.732286,0.780498,0.531920,0.478328,0.738009,0.521719,0.413369,0.702650,0.749657,0.489263,0.555770,0.211928,0.335682,0.646045,0.557462,0.684085,0.694321,0.667302,0.621515,0.506573,0.326144,0.785316,0.774272,0.513921,0.466175,0.588238,0.740875,0.385160,0.426895,0.563434,0.595803
0.798553,0.627346,0.459323,0.250810,0.472549,0.391371,0.433668,0.219881,0.302353,0.214703,0.589825,0.266718,0.686717,0.356328,0.558318,0.470622,0.669999,0.538804,0.440200,0.267919,0.420487,0.204013,0.294739,0.173538,0.132795,0.110320,0.245683,0.561474,0.517834,0.415179,0.468136,0.367397,0.523484,0.409363,0.526836,0.410740,0.091680,0.251834,0.579904,0.549776,0.118510,0.272926,1.202338,0.992547,0.000000,1.414803,0.885841,0.898180,1.118837,1.145056,0.937396,0.896342,0.568814,0.288345,0.671086,0.711059,0.952624,0.966992,0.687943,0.529168,0.670109,0.182696,0.624398,0.529056,0.524879,0.234771,0.714303,0.644351,0.687664,0.832318,0.308994,0.382673,0.385309,0.311064,0.247402,0.321725,0.419069,0.371309,0.555725,0.326310,0.674461,0.722519,0.329387,0.282055,0.575186,0.449778,0.502733,0.364201,0.572280,0.498279
0.903375,0.757455,0.459923,0.410031,0.526064,0.489582,0.503094,0.424179,0.333967,0.311723,0.655069,0.498949,0.742681,0.656142,0.603673,0.608295,0.704045,0.722507,0.587426,0.544211,0.491076,0.194882,0.348942,0.356504,0.133630,0.141269,0.251957,0.601462,0.626509,0.602351,0.605894,0.537716,0.604086,0.575875,0.496317,0.359730,0.012455,0.219760,0.654329,0.556651,0.206663,0.343559,1.144318,1.084298,1.414803,0.000000,0.966448,1.040007,1.142593,1.432199,0.959882,1.088606,0.659181,0.486916,0.680238,0.803089,0.873622,0.893554,0.662036,0.726836,0.678831,0.254410,0.617660,0.728553,0.502504,0.403057,0.717738,0.785796,0.680506,0.812678,0.266496,0.334636,0.502132,0.483493,0.398144,0.428519,0.383949,0.453418,0.621787,0.356924,0.753144,0.751339,0.438157,0.431618,0.588180,0.695392,0.582320,0.506217,0.594316,0.630370
0.555754,0.593146,0.218855,0.251326,0.439870,0.499152,0.328222,0.287086,0.326872,0.322286,0.516528,0.474440,0.523977,0.554332,0.714678,0.732854,0.522669,0.670854,0.370746,0.354344,0.488469,0.334739,0.204185,0.206279,0.066238,0.108263,0.367237,0.575415,0.580413,0.482143,0.404783,0.366258,0.353293,0.321432,0.322260,0.242628,0.533686,0.588888,0.932438,0.742922,0.409254,0.571757,1.044647,0.983985,0.885841,0.966448,0.000000,1.294157,0.856738,0.854510,0.975221,0.817722,0.856639,0.614174,0.852191,0.943433,0.639942,0.647335,0.453825,0.428342,0.406312,0.206630,0.452076,0.463531,0.419136,0.245511,0.451320,0.441082,0.585238,0.593832,0.182904,0.301398,0.386903,0.387844,0.309914,0.346268,0.447172,0.389365,0.371689,0.175187,0.657696,0.692636,0.531126,0.556670,0.736626,0.679152,0.445942,0.422020,0.632677,0.604037
0.676518,0.650173,0.407991,0.397058,0.554329,0.536727,0.485841,0.407779,0.478654,0.486327,0.450752,0.467012,0.586456,0.538420,0.727312,0.720599,0.406467,0.500668,0.457496,0.424259,0.367235,0.262886,0.354969,0.326767,0.312370,0.321006,0.360306,0.506016,0.485636,0.479197,0.401161,0.304898,0.529629,0.444937,0.474419,0.375917,0.331079,0.525290,0.660390,0.579810,0.249632,0.432744,1.200813,1.201174,0.898180,1.040007,1.294157,0.000000,0.942590,0.891073,1.065943,0.913042,0.848069,0.656818,0.817334,1.133763,0.624182,0.648046,0.633661,0.617371,0.572376,0.332547,0.447445,0.582388,0.504749,0.352683,0.720501,0.659552,0.563367,0.604246,0.112832,0.227944,0.430117,0.400133,0.468498,0.475532,0.520015,0.510787,0.369646,0.191162,0.740341,0.720698,0.572213,0.591730,0.679597,0.697781,0.345413,0.379245,0.722311,0.712960
0.893154,0.814000,0.396754,0.369076,0.550461,0.457184,0.483432,0.334953,0.468624,0.406738,0.674696,0.489594,0.847554,0.540224,0.699283,0.517582,0.596393,0.540437,0.503897,0.413986,0.365138,0.080643,0.249938,0.222112,0.126827,0.169604,0.220630,0.517241,0.520225,0.420945,0.523637,0.402400,0.466168,0.387652,0.414414,0.337594,0.130404,0.279365,0.568576,0.487630,0.132058,0.358612,1.021597,0.996400,1.118837,1.142593,0.856738,0.942590,0.000000,1.482716,1.254394,1.663571,0.880785,0.585192,0.862235,0.987769,0.783142,0.822836,0.842952,0.746233,0.787925,0.282519,0.702756,0.655084,0.549418,0.299909,0.684109,0.672084,0.596938,0.693844,0.303125,0.402424,0.436345,0.370773,0.333036,0.383740,0.475956,0.421758,0.506531,0.328275,0.690082,0.717606,0.358480,0.308405,0.525988,0.588924,0.413109,0.378871,0.524250,0.598216
