0.000000,0.689696,0.633144,0.536521,0.513908,0.425943,0.617286,0.648634,0.615341,0.596095,0.642411,0.767205,0.781330,0.714331,0.753442,0.804564,0.434070,0.401904,1.028402,1.044211,0.151833,0.210306,0.649940,0.486870,0.240287,0.313399,0.291212,0.385623,0.037857,0.069191,0.268975,0.331970,0.574234,0.625804,0.609690,0.655948,0.524603,0.534440,0.570851,0.458780,0.492138,0.405519,0.559047,0.539237,0.550423,0.571691,0.718327,0.742031,0.740737,0.603278,0.699963,0.707476,0.841704,0.749574,0.730037,0.837128,0.679541,0.582814,0.498505,0.549147,0.790823,0.548116,0.439485,0.437601,0.443531,0.455661,0.642995,0.581547,0.677399,0.651733,0.331685,0.637270,0.743668,0.647348,0.661085,0.695094,0.616353,0.578298,-0.153023,-0.109054,0.357594,0.414189,0.444726,0.403558,0.878292,0.628630,0.376668,0.616249,0.918293,0.849855
0.689696,0.000000,0.010572,-0.098978,0.052496,0.105125,-0.047486,-0.000263,0.081947,0.063253,0.365349,0.232995,0.291307,0.223564,0.263209,0.190307,0.427646,0.667175,0.317805,0.417842,0.375888,0.149325,0.112533,-0.018391,-0.035063,-0.059909,-0.129766,-0.005095,0.046479,0.052691,0.093961,0.151316,0.347200,0.417473,0.117631,0.225850,0.335716,0.382644,0.431474,0.087351,0.143748,0.021014,0.330201,0.264978,0.613097,0.480950,0.562096,0.460099,0.447115,0.638278,0.234058,0.358463,0.367671,0.352957,0.460393,0.491903,1.408913,1.615329,0.573032,0.747724,0.532894,0.158680,0.498997,0.317221,-0.064167,-0.078121,0.348529,0.341739,1.154407,1.061077,0.268145,0.267307,0.243196,0.322797,0.217289,0.098686,0.024888,0.005105,-0.005518,0.015561,0.409344,0.576388,0.467537,0.193415,0.432299,0.424261,0.526630,0.515092,0.436091,0.802509
0.633144,0.010572,0.000000,1.133353,0.767564,0.612063,1.541948,0.885276,0.853218,0.788275,0.489970,0.559524,0.760045,0.537332,0.819288,0.740206,0.096314,-0.034784,0.772891,0.523952,0.042168,0.088468,1.109473,0.814035,0.710405,0.621522,0.678719,0.749262,0.017877,0.031816,0.302874,0.374394,0.582033,0.487816,1.011230,0.759096,0.506751,0.447601,0.411539,0.455250,0.466317,0.234595,0.345593,0.392735,0.251089,0.266148,0.355860,0.537730,0.394692,0.162870,0.676600,0.513296,0.725555,0.540014,0.441224,0.467752,0.015363,-0.078259,0.253769,0.087404,0.469938,0.493109,0.090267,0.172362,1.097296,0.791905,0.684228,0.529792,0.142768,0.163901,0.103500,0.475985,0.757028,0.419672,0.600277,0.783621,0.855558,0.814450,-0.230851,-0.107179,0.031335,0.033107,0.185186,0.235702,0.637003,0.303649,0.048970,0.213002,0.810886,0.310874
0.536521,-0.098978,1.133353,0.000000,0.746130,0.625478,1.105841,1.375218,0.797759,0.823402,0.408386,0.776157,0.584080,0.607170,0.675762,0.744879,0.146202,-0.081054,0.671517,0.621198,-0.079151,-0.027437,1.008855,1.018290,0.689937,0.834720,0.687273,0.672679,0.017875,0.039969,0.292346,0.454092,0.598851,0.558409,0.880390,0.800025,0.485516,0.480940,0.379689,0.523503,0.477600,0.328204,0.413291,0.465712,0.159507,0.332348,0.373481,0.536617,0.370803,0.104911,0.656596,0.508926,0.730918,0.508917,0.514653,0.481835,-0.020095,-0.151568,0.171855,0.142781,0.407210,0.749208,0.108771,0.226206,0.836868,0.976627,0.602631,0.655443,0.000897,0.055475,0.059852,0.363113,0.709690,0.440306,0.748177,0.877015,0.879188,0.939665,-0.237962,-0.159522,0.071746,0.060110,0.169799,0.223168,0.563457,0.353885,-0.005249,0.223630,0.719468,0.295878
0.513908,0.052496,0.767564,0.746130,0.000000,1.089635,0.788568,0.688118,1.727018,1.299201,0.521008,0.644257,0.626117,0.596430,0.960174,0.791342,0.187251,0.039324,0.538220,0.483333,0.088032,-0.061999,0.932540,0.720543,0.922204,1.003008,0.798852,1.011249,-0.015999,0.013795,0.399314,0.405222,0.549962,0.448131,0.907104,0.806088,0.502383,0.554690,0.469802,0.427362,0.326523,0.172519,0.492634,0.557711,0.286461,0.340542,0.494721,0.673173,0.448314,0.167066,0.864659,0.680865,0.921097,0.713225,0.620814,0.598228,0.175427,0.094464,0.385619,0.350089,0.550754,0.628043,0.182252,0.241807,0.646576,0.664182,0.753267,0.746189,0.108407,0.264680,0.144372,0.428640,0.669735,0.518849,0.764066,0.813563,0.830973,0.939287,-0.266837,-0.142410,0.039742,0.121465,0.203361,0.144182,0.619401,0.412595,0.086726,0.271604,0.793758,0.347367
0.425943,0.105125,0.612063,0.625478,1.089635,0.000000,0.598867,0.643732,1.218332,1.229252,0.597320,0.735667,0.655117,0.642603,0.983281,0.806970,0.230703,0.163768,0.399003,0.320679,0.190955,-0.037803,0.712319,0.579291,0.941264,0.883061,0.752276,0.982009,0.072404,0.080074,0.478842,0.457874,0.424408,0.406254,0.815607,0.852048,0.566844,0.595413,0.447652,0.450448,0.383140,0.214202,0.409943,0.508404,0.284009,0.372964,0.418407,0.596230,0.504899,0.206392,0.833590,0.733897,0.810704,0.735738,0.584891,0.609019,0.213129,0.129074,0.440979,0.390392,0.596370,0.687934,0.264288,0.305066,0.527223,0.649074,0.652817,0.756013,0.153175,0.268801,0.035946,0.328812,0.622648,0.599301,0.685084,0.676205,0.647445,0.791446,-0.192830,-0.119331,0.066373,0.172752,0.175603,0.114128,0.445744,0.359466,0.015520,0.228084,0.662742,0.377039
0.617286,-0.047486,1.541948,1.105841,0.788568,0.598867,0.000000,1.057342,0.843649,0.739980,0.464324,0.685682,0.814594,0.638735,0.807453,0.830254,0.168309,-0.021627,0.747638,0.597710,0.010779,0.115592,0.922967,0.731454,0.590615,0.592834,0.692204,0.710612,0.090177,0.092521,0.300124,0.384209,0.667035,0.573992,0.912312,0.737277,0.423797,0.433692,0.336917,0.503251,0.448540,0.341440,0.396247,0.447530,0.342837,0.406116,0.376412,0.533026,0.446943,0.158523,0.711545,0.527296,0.687240,0.495580,0.455216,0.480176,0.009028,-0.099132,0.330273,0.159813,0.540055,0.602797,0.148196,0.267157,0.902594,0.758744,0.775403,0.580578,0.057482,0.075796,0.160231,0.499855,0.766576,0.453177,0.681935,0.923860,0.927730,0.851176,-0.174243,-0.083431,0.116555,0.068626,0.204450,0.304307,0.538637,0.321704,-0.002932,0.236190,0.765786,0.292699
0.648634,-0.000263,0.885276,1.375218,0.688118,0.643732,1.057342,0.000000,0.806843,0.827694,0.543059,1.039162,0.857645,0.869481,0.806173,0.875869,0.248206,-0.003316,0.746533,0.736043,-0.091166,-0.035689,0.774644,0.684308,0.470052,0.585581,0.518619,0.491702,0.046594,0.073768,0.288456,0.409744,0.620902,0.634842,0.658838,0.677579,0.441729,0.418866,0.344564,0.630782,0.568094,0.355482,0.503787,0.508012,0.171105,0.411392,0.489719,0.576726,0.441473,0.175855,0.657355,0.558038,0.761323,0.559457,0.606517,0.560612,0.066134,-0.057028,0.334914,0.291703,0.635631,1.118395,0.334407,0.434569,0.664287,0.859794,0.538401,0.588413,0.065442,0.101424,0.195798,0.466836,0.842770,0.572628,0.859220,0.929272,0.876079,0.937555,-0.242014,-0.180097,0.151355,0.105125,0.236719,0.366320,0.508335,0.309570,-0.082662,0.190164,0.802272,0.436094
0.615341,0.081947,0.853218,0.797759,1.727018,1.218332,0.843649,0.806843,0.000000,1.587222,0.581103,0.751075,0.781638,0.690514,1.182730,0.998958,0.238144,0.102450,0.604769,0.523796,0.087396,-0.013221,0.967060,0.717941,0.909665,0.906054,0.817586,1.039280,-0.001031,0.037843,0.442537,0.415942,0.542798,0.472156,0.980245,0.923497,0.561546,0.549414,0.530214,0.550708,0.374204,0.203415,0.522073,0.607409,0.263505,0.376491,0.523353,0.711416,0.537175,0.254644,0.963042,0.803504,1.013460,0.843150,0.661943,0.698924,0.205599,0.114256,0.409970,0.377825,0.645393,0.758833,0.271166,0.336823,0.739338,0.770597,0.756073,0.758307,0.164260,0.290620,0.134441,0.438758,0.786499,0.586891,0.840117,0.940184,0.902802,1.048310,-0.242067,-0.154847,0.068792,0.136508,0.227990,0.223244,0.673856,0.423175,0.080102,0.301040,0.924322,0.434364
0.596095,0.063253,0.788275,0.823402,1.299201,1.229252,0.739980,0.827694,1.587222,0.000000,0.606054,0.806341,0.705171,0.674397,1.041953,1.003703,0.183319,0.082595,0.556318,0.490704,0.090709,-0.025343,0.899417,0.736525,0.840778,0.950085,0.708713,0.908243,-0.009706,0.028594,0.440898,0.409447,0.441155,0.389314,0.893797,0.854908,0.583178,0.517453,0.524656,0.520906,0.380070,0.187292,0.441721,0.551939,0.197162,0.311424,0.445849,0.660442,0.527083,0.229839,0.857097,0.728826,0.981296,0.858654,0.627282,0.654555,0.170747,0.066402,0.382867,0.304917,0.640748,0.749238,0.261084,0.308100,0.707836,0.836911,0.607924,0.682761,0.154864,0.282511,0.082832,0.422217,0.721592,0.627224,0.776755,0.814853,0.783582,0.945354,-0.246206,-0.183418,0.019958,0.105872,0.194895,0.167604,0.623708,0.414043,0.078270,0.285388,0.855534,0.431713
0.642411,0.365349,0.489970,0.408386,0.521008,0.597320,0.464324,0.543059,0.581103,0.606054,0.000000,0.811021,0.939162,0.640414,0.919621,0.738805,0.280468,0.263632,0.548110,0.387908,0.360799,0.078779,0.361113,0.255355,0.395884,0.485014,0.378350,0.406199,0.235577,0.213394,0.392409,0.246451,0.207803,0.213019,0.410118,0.456351,0.416926,0.481511,0.201750,0.214063,0.466796,0.117008,0.251393,0.271034,0.190671,0.283160,0.293769,0.360379,0.307628,0.140420,0.386565,0.421283,0.483625,0.415668,0.371613,0.391472,0.366350,0.323420,0.466877,0.317291,0.680769,0.557437,0.342248,0.262925,0.498093,0.523512,0.303058,0.331197,0.292282,0.333045,0.097303,0.377778,0.547007,0.398167,0.454432,0.422110,0.289329,0.324139,-0.070468,0.056095,0.032614,0.136991,0.100788,-0.045181,0.386008,0.144793,0.085575,0.075899,0.548891,0.391377
0.767205,0.232995,0.559524,0.776157,0.644257,0.735667,0.685682,1.039162,0.751075,0.806341,0.811021,0.000000,0.905015,1.401539,0.937495,1.060476,0.345142,0.214887,0.696599,0.751593,0.234789,0.215117,0.634664,0.580637,0.407141,0.618221,0.430114,0.534781,0.127734,0.146228,0.515547,0.618816,0.582363,0.660694,0.650319,0.782486,0.627889,0.619581,0.460728,0.637231,0.670889,0.541551,0.606907,0.660044,0.312096,0.550935,0.587603,0.678994,0.634111,0.322264,0.847897,0.829490,0.904505,0.812799,0.809201,0.864224,0.313578,0.201208,0.514519,0.524422,0.845551,1.067366,0.493716,0.562626,0.356929,0.628882,0.586469,0.743304,0.154031,0.176132,0.256432,0.523484,0.882922,0.764582,0.956386,0.935218,0.739597,0.792751,-0.209417,-0.171742,0.204347,0.271244,0.255014,0.272582,0.470328,0.466319,0.119415,0.385467,0.690390,0.587757
0.781330,0.291307,0.760045,0.584080,0.626117,0.655117,0.814594,0.857645,0.781638,0.705171,0.939162,0.905015,0.000000,1.046950,1.200022,0.890556,0.335357,0.202499,0.667681,0.518452,0.150804,0.070849,0.564324,0.359486,0.357343,0.356499,0.400639,0.430149,0.106353,0.103584,0.388736,0.356937,0.538830,0.541990,0.558879,0.599383,0.401050,0.595256,0.334166,0.500899,0.644043,0.396876,0.431093,0.447827,0.299096,0.438283,0.513014,0.560157,0.491489,0.294157,0.687409,0.602920,0.748164,0.641373,0.575569,0.604513,0.301839,0.247433,0.664796,0.445617,0.996494,0.790878,0.551263,0.479668,0.625028,0.564283,0.548693,0.437445,0.291508,0.286275,0.334782,0.575629,0.791136,0.550304,0.603743,0.670428,0.681269,0.666644,-0.193139,-0.100734,0.230596,0.244814,0.261736,0.340195,0.519421,0.347158,-0.016340,0.219646,0.978253,0.703019
0.714331,0.223564,0.537332,0.607170,0.596430,0.642603,0.638735,0.869481,0.690514,0.674397,0.640414,1.401539,1.046950,0.000000,0.901231,0.844107,0.268761,0.124801,0.634400,0.679348,0.217228,0.163231,0.628709,0.516307,0.295494,0.413969,0.279635,0.456281,-0.013040,-0.001795,0.490995,0.610776,0.626569,0.699691,0.562287,0.643593,0.527664,0.626848,0.493047,0.719860,0.679358,0.646068,0.634191,0.638866,0.311986,0.475788,0.639920,0.715650,0.488229,0.328011,0.869834,0.815789,0.799320,0.816674,0.779743,0.891290,0.257893,0.174366,0.519200,0.494434,0.772000,0.826778,0.507279,0.537499,0.273877,0.461795,0.585743,0.684010,0.134135,0.123250,0.409995,0.602415,0.816331,0.704320,0.828294,0.770755,0.777789,0.839854,-0.325643,-0.285950,0.206889,0.284466,0.289356,0.381779,0.512742,0.537781,0.138455,0.465262,0.668187,0.694150
0.753442,0.263209,0.819288,0.675762,0.960174,0.983281,0.807453,0.806173,1.182730,1.041953,0.919621,0.937495,1.200022,0.901231,0.000000,1.261374,0.472039,0.323366,0.733611,0.573872,0.232422,0.114658,0.766596,0.598889,0.672882,0.641731,0.793673,0.860349,0.302839,0.312024,0.383287,0.352586,0.488960,0.482339,0.771058,0.758977,0.529582,0.639791,0.437252,0.603045,0.619558,0.363532,0.521328,0.594260,0.361611,0.505183,0.555144,0.673837,0.574895,0.316142,0.911484,0.808214,0.895406,0.867388,0.710596,0.757398,0.320049,0.286209,0.535446,0.450391,0.744931,0.735550,0.369470,0.333827,0.769006,0.687205,0.706546,0.645743,0.264683,0.306074,0.112516,0.440233,0.759254,0.486068,0.724328,0.779086,0.639564,0.688106,-0.060955,0.077142,0.247777,0.286223,0.337300,0.306094,0.677451,0.426287,0.096596,0.327902,0.924674,0.541260
0.804564,0.190307,0.740206,0.744879,0.791342,0.806970,0.830254,0.875869,0.998958,1.003703,0.738805,1.060476,0.890556,0.844107,1.261374,0.000000,0.431630,0.304296,0.722522,0.682634,0.156497,0.236073,0.778383,0.760952,0.531897,0.693419,0.702860,0.718725,0.269187,0.317393,0.439986,0.428672,0.515482,0.517817,0.825611,0.828895,0.532666,0.514973,0.381727,0.630490,0.512940,0.421742,0.516272,0.605958,0.371032,0.552437,0.505175,0.612022,0.750939,0.361634,0.834302,0.756002,0.894418,0.801216,0.662156,0.738560,0.288011,0.204328,0.448947,0.394786,0.764621,0.826234,0.410686,0.488427,0.675157,0.701727,0.676709,0.635850,0.209230,0.239283,0.081876,0.427037,0.684311,0.541059,0.734653,0.837972,0.683641,0.691732,-0.017335,0.052294,0.270147,0.280873,0.255659,0.322040,0.658604,0.482135,0.154807,0.404590,0.809936,0.480299
0.434070,0.427646,0.096314,0.146202,0.187251,0.230703,0.168309,0.248206,0.238144,0.183319,0.280468,0.345142,0.335357,0.268761,0.472039,0.431630,0.000000,1.195138,0.489878,0.596612,0.123485,0.268444,0.128858,0.124636,0.112593,0.095502,0.330082,0.263297,0.949881,0.930126,-0.074353,-0.003501,0.317753,0.385837,0.114574,0.301981,0.349233,0.290200,0.235804,0.372519,0.266689,0.359704,0.570456,0.627838,0.671089,0.747531,0.554065,0.445668,0.539266,0.694718,0.399744,0.396859,0.432702,0.453491,0.329003,0.476977,0.695845,0.606625,0.341298,0.510909,0.386345,0.287067,0.669192,0.532890,0.122755,0.114290,0.433373,0.401156,0.476532,0.392851,-0.187333,-0.043393,0.240641,0.181963,0.367689,0.306381,0.054908,0.073128,0.692026,0.689296,1.217514,0.990022,0.582684,0.539545,0.305211,0.427303,0.042795,0.365091,0.296572,0.374974
0.401904,0.667175,-0.034784,-0.081054,0.039324,0.163768,-0.021627,-0.003316,0.102450,0.082595,0.263632,0.214887,0.202499,0.124801,0.323366,0.304296,1.195138,0.000000,0.322401,0.372501,0.283629,0.331602,0.031930,0.008232,0.076148,0.036600,0.138422,0.163258,0.719780,0.742277,-0.041347,-0.011401,0.233505,0.302067,0.108614,0.300544,0.354447,0.338896,0.345569,0.148637,0.166413,0.279114,0.444783,0.531436,0.698219,0.703532,0.477657,0.429265,0.539929,0.803851,0.317413,0.393618,0.351623,0.416983,0.338417,0.465026,0.890195,0.929124,0.322382,0.496033,0.348425,0.113882,0.605243,0.403001,0.036755,-0.020599,0.354783,0.328158,0.586149,0.506042,-0.170115,-0.102053,0.151517,0.201155,0.241028,0.156759,-0.074993,-0.079435,0.635416,0.635436,0.948198,0.990099,0.501042,0.298453,0.250354,0.397707,0.205333,0.411834,0.233708,0.387132
1.028402,0.317805,0.772891,0.671517,0.538220,0.399003,0.747638,0.746533,0.604769,0.556318,0.548110,0.696599,0.667681,0.634400,0.733611,0.722522,0.489878,0.322401,0.000000,1.246796,0.010889,0.179639,0.756846,0.597429,0.250559,0.256655,0.417349,0.490445,0.218748,0.225754,0.156143,0.293095,0.639051,0.702648,0.530666,0.549774,0.396422,0.356618,0.414494,0.477744,0.522810,0.426443,0.688601,0.651347,0.466378,0.518919,0.696418,0.696005,0.643662,0.512657,0.659279,0.605958,0.784272,0.666809,0.583209,0.710746,0.363678,0.267022,0.318263,0.379947,0.535589,0.487322,0.356600,0.407607,0.445076,0.395769,0.559104,0.486343,0.324310,0.297351,0.177564,0.481725,0.817490,0.607532,0.737883,0.859365,0.592596,0.505396,-0.047561,0.024963,0.425818,0.381004,0.584958,0.547508,0.709181,0.418364,0.271661,0.489744,0.727197,0.506978
1.044211,0.417842,0.523952,0.621198,0.483333,0.320679,0.597710,0.736043,0.523796,0.490704,0.387908,0.751593,0.518452,0.679348,0.573872,0.682634,0.596612,0.372501,1.246796,0.000000,0.027773,0.230052,0.634347,0.580819,0.133730,0.235979,0.304160,0.387025,0.200981,0.244104,0.146666,0.340024,0.680661,0.790963,0.402709,0.475089,0.534112,0.333891,0.503664,0.611341,0.517404,0.530364,0.732785,0.681308,0.485906,0.527648,0.754137,0.710364,0.596493,0.559534,0.601587,0.558915,0.734116,0.674797,0.623165,0.739362,0.494395,0.354138,0.382677,0.466959,0.590566,0.506741,0.559997,0.608842,0.231748,0.251570,0.583480,0.581028,0.463312,0.420072,0.196225,0.489076,0.781306,0.728493,0.824365,0.845474,0.564595,0.538702,0.018646,0.019158,0.551118,0.566776,0.635704,0.638455,0.673377,0.586207,0.329597,0.641535,0.645946,0.634840
0.151833,0.375888,0.042168,-0.079151,0.088032,0.190955,0.010779,-0.091166,0.087396,0.090709,0.360799,0.234789,0.150804,0.217228,0.232422,0.156497,0.123485,0.283629,0.010889,0.027773,0.000000,0.671828,-0.006546,-0.030211,0.167167,0.267195,0.042034,0.289666,0.071796,0.070854,0.708636,0.510306,0.214078,0.247111,0.184888,0.235705,0.361633,0.422907,0.191825,-0.059999,0.074826,0.112281,-0.027024,0.017009,0.230175,0.238631,0.027158,0.038530,0.060886,0.143631,0.072186,0.141076,0.078257,0.099524,0.058836,0.103899,0.350688,0.401795,0.367264,0.296853,0.176064,0.029296,0.238460,0.140072,-0.066698,-0.091277,0.249300,0.233870,0.256264,0.234980,0.158980,0.340071,0.230778,0.311697,0.160238,0.089664,-0.024630,0.031637,-0.007526,0.006959,-0.086294,0.124122,-0.288548,-0.366227,-0.071498,0.016254,0.095629,0.015202,-0.055591,0.217171
0.210306,0.149325,0.088468,-0.027437,-0.061999,-0.037803,0.115592,-0.035689,-0.013221,-0.025343,0.078779,0.215117,0.070849,0.163231,0.114658,0.236073,0.268444,0.331602,0.179639,0.230052,0.671828,0.000000,0.011492,0.092082,-0.022012,0.047075,0.079630,0.277690,0.211345,0.240001,0.429615,0.380290,0.278226,0.290436,0.125518,0.191789,0.219327,0.114854,0.079927,0.064463,0.065451,0.307156,0.134050,0.172876,0.345960,0.355676,0.102408,0.071181,0.293646,0.340793,0.073718,0.133037,0.068142,0.102378,-0.021682,0.137063,0.179128,0.194490,0.137588,0.090078,0.074587,-0.016724,0.208666,0.171190,-0.051441,-0.159654,0.227299,0.108684,0.205123,0.105027,0.093409,0.289778,0.193390,0.262103,0.195921,0.201233,0.014664,-0.003944,0.203487,0.148142,0.152818,0.182715,-0.115467,0.003315,-0.086615,0.007675,0.044515,0.099962,-0.111972,0.065672
0.649940,0.112533,1.109473,1.008855,0.932540,0.712319,0.922967,0.774644,0.967060,0.899417,0.361113,0.634664,0.564324,0.628709,0.766596,0.778383,0.128858,0.031930,0.756846,0.634347,-0.006546,0.011492,0.000000,1.415673,0.819763,0.798105,0.625715,0.709589,-0.091482,-0.031859,0.340343,0.554671,0.709364,0.683871,1.199114,0.930654,0.647982,0.530911,0.669253,0.618527,0.485147,0.304213,0.659961,0.734967,0.343080,0.374568,0.620308,0.911297,0.626131,0.361938,0.975060,0.749574,1.008932,0.870939,0.719616,0.766754,0.183450,0.060207,0.287024,0.323231,0.518028,0.625781,0.189608,0.318833,0.689806,0.705112,0.884848,0.870987,0.163986,0.211387,0.172859,0.395803,0.718473,0.528163,0.745126,0.847346,0.989399,0.906256,-0.327189,-0.248274,0.156776,0.220645,0.405378,0.380287,1.039483,0.674512,0.325207,0.629283,0.867598,0.447605
0.486870,-0.018391,0.814035,1.018290,0.720543,0.579291,0.731454,0.684308,0.717941,0.736525,0.255355,0.580637,0.359486,0.516307,0.598889,0.760952,0.124636,0.008232,0.597429,0.580819,-0.030211,0.092082,1.415673,0.000000,0.686148,0.859982,0.616786,0.686410,-0.012077,0.049543,0.300829,0.516793,0.568914,0.544910,0.964961,0.753134,0.518404,0.450999,0.495919,0.554645,0.414720,0.361255,0.541746,0.617383,0.267177,0.315779,0.455169,0.679554,0.531164,0.272064,0.738243,0.561760,0.750064,0.658948,0.596695,0.583437,0.062748,-0.038754,0.128208,0.184862,0.312677,0.488560,0.086369,0.214055,0.600195,0.623614,0.667937,0.699369,0.000978,0.028351,0.046264,0.242084,0.514047,0.400457,0.631282,0.725276,0.792845,0.722366,-0.250065,-0.155515,0.152506,0.189124,0.294542,0.300861,0.827493,0.628919,0.328742,0.623340,0.630499,0.322415
0.240287,-0.035063,0.710405,0.689937,0.922204,0.941264,0.590615,0.470052,0.909665,0.840778,0.395884,0.407141,0.357343,0.295494,0.672882,0.531897,0.112593,0.076148,0.250559,0.133730,0.167167,-0.022012,0.819763,0.686148,0.000000,1.132863,1.003250,0.959083,0.052356,0.092049,0.359569,0.368934,0.340112,0.296381,0.983211,0.881729,0.547478,0.626462,0.420041,0.306691,0.196116,-0.018962,0.301024,0.436873,0.260591,0.331359,0.277721,0.537516,0.365237,0.142710,0.646914,0.528768,0.602046,0.508655,0.385408,0.389027,0.085556,0.018958,0.244916,0.196027,0.291436,0.446818,0.006248,0.035202,0.716054,0.763619,0.712468,0.782204,0.094838,0.203351,-0.142345,0.135288,0.411593,0.201228,0.504029,0.474438,0.549213,0.646059,-0.158597,-0.019916,-0.049778,0.049995,0.055214,-0.045139,0.460832,0.321724,-0.051772,0.154794,0.519068,0.126402
0.313399,-0.059909,0.621522,0.834720,1.003008,0.883061,0.592834,0.585581,0.906054,0.950085,0.485014,0.618221,0.356499,0.413969,0.641731,0.693419,0.095502,0.036600,0.256655,0.235979,0.267195,0.047075,0.798105,0.859982,1.132863,0.000000,0.784201,0.878292,0.009528,0.045825,0.598118,0.585703,0.400866,0.327688,1.013462,0.904609,0.619328,0.646871,0.415780,0.300965,0.282609,0.126642,0.291384,0.418464,0.191032,0.328698,0.231126,0.467793,0.413411,0.079683,0.645380,0.523282,0.647310,0.498905,0.467220,0.414289,0.099274,-0.010444,0.242433,0.228576,0.403023,0.604915,0.070350,0.160192,0.611228,0.782057,0.607657,0.746299,-0.040881,0.093509,-0.015872,0.273643,0.486146,0.379068,0.618068,0.620833,0.643603,0.750248,-0.224331,-0.129904,-0.096098,0.041250,-0.067271,-0.151092,0.407955,0.330560,0.038304,0.186219,0.493892,0.167544
0.291212,-0.129766,0.678719,0.687273,0.798852,0.752276,0.692204,0.518619,0.817586,0.708713,0.378350,0.430114,0.400639,0.279635,0.793673,0.702860,0.330082,0.138422,0.417349,0.304160,0.042034,0.079630,0.625715,0.616786,1.003250,0.784201,0.000000,1.034538,0.377551,0.452342,0.216945,0.167581,0.264903,0.211374,0.663889,0.598826,0.310519,0.368640,0.100717,0.467204,0.297619,0.158037,0.293989,0.403746,0.271962,0.402109,0.239227,0.321323,0.388456,0.110538,0.517967,0.400225,0.458983,0.384507,0.262957,0.305628,-0.018758,-0.036954,0.143570,0.108728,0.209648,0.378598,-0.024101,0.036535,0.699217,0.643056,0.557692,0.517415,0.012253,0.075552,-0.280752,0.126219,0.364948,0.109641,0.446900,0.535091,0.406858,0.502581,0.128829,0.276839,0.122024,0.082843,0.092158,0.174150,0.375251,0.203015,-0.172501,0.076260,0.466053,0.020849
0.385623,-0.005095,0.749262,0.672679,1.011249,0.982009,0.710612,0.491702,1.039280,0.908243,0.406199,0.534781,0.430149,0.456281,0.860349,0.718725,0.263297,0.163258,0.490445,0.387025,0.289666,0.277690,0.709589,0.686410,0.959083,0.878292,1.034538,0.000000,0.178656,0.190832,0.444230,0.450821,0.450525,0.390343,0.919162,0.838777,0.480132,0.557425,0.392373,0.352964,0.227293,0.221368,0.365721,0.491207,0.344496,0.415839,0.303805,0.464196,0.412100,0.209088,0.725586,0.609500,0.628430,0.559284,0.370908,0.479166,0.119371,0.058242,0.226100,0.168542,0.317843,0.340288,0.071172,0.128401,0.603947,0.545646,0.741788,0.715243,0.062565,0.164151,-0.084191,0.310722,0.519015,0.424020,0.595007,0.693084,0.610058,0.717318,-0.026149,0.066884,0.041977,0.108410,0.108443,0.057623,0.393747,0.285088,0.048189,0.210143,0.480939,0.183742
0.037857,0.046479,0.017877,0.017875,-0.015999,0.072404,0.090177,0.046594,-0.001031,-0.009706,0.235577,0.127734,0.106353,-0.013040,0.302839,0.269187,0.949881,0.719780,0.218748,0.200981,0.071796,0.211345,-0.091482,-0.012077,0.052356,0.009528,0.377551,0.178656,0.000000,1.838055,-0.300640,-0.308142,-0.110576,-0.050309,-0.119915,-0.019895,0.079234,0.036611,-0.081681,0.143087,0.103447,0.139836,0.165875,0.245558,0.273547,0.312207,0.082539,0.033390,0.178428,0.255120,0.087617,0.083745,0.078696,0.117572,-0.007597,0.079179,0.166168,0.188154,0.051584,0.065521,0.043358,-0.004452,0.237809,0.182024,0.125158,0.023370,0.091714,0.037211,0.101791,0.037608,-0.592882,-0.354608,-0.062673,-0.147166,0.027519,0.035598,-0.296262,-0.264489,1.153967,1.365269,0.730757,0.558806,0.344297,0.230114,0.010906,0.089904,-0.078764,0.025078,-0.034136,-0.085298
0.069191,0.052691,0.031816,0.039969,0.013795,0.080074,0.092521,0.073768,0.037843,0.028594,0.213394,0.146228,0.103584,-0.001795,0.312024,0.317393,0.930126,0.742277,0.225754,0.244104,0.070854,0.240001,-0.031859,0.049543,0.092049,0.045825,0.452342,0.190832,1.838055,0.000000,-0.238936,-0.271104,-0.059101,-0.005136,-0.085272,0.014789,0.109361,0.009681,-0.117917,0.228179,0.101154,0.150867,0.211344,0.300551,0.281485,0.360096,0.119455,0.057085,0.216745,0.316447,0.083028,0.081270,0.108533,0.139059,0.011798,0.087284,0.163496,0.197680,0.073276,0.077852,0.052800,0.026449,0.300965,0.226815,0.118883,0.004901,0.110879,0.060347,0.142533,0.073464,-0.659657,-0.367276,-0.038606,-0.135229,0.056519,0.078376,-0.272294,-0.220703,1.099803,1.351971,0.742239,0.585745,0.280886,0.295466,0.038211,0.113838,-0.136316,0.039999,-0.004691,-0.060341
0.268975,0.093961,0.302874,0.292346,0.399314,0.478842,0.300124,0.288456,0.442537,0.440898,0.392409,0.515547,0.388736,0.490995,0.383287,0.439986,-0.074353,-0.041347,0.156143,0.146666,0.708636,0.429615,0.340343,0.300829,0.359569,0.598118,0.216945,0.444230,-0.300640,-0.238936,0.000000,1.248810,0.577107,0.489151,0.561508,0.556269,0.440733,0.531172,0.229568,0.227154,0.277336,0.280009,0.179165,0.209386,0.180150,0.337417,0.192556,0.226983,0.340954,0.108849,0.323275,0.327807,0.340902,0.283308,0.294714,0.309147,0.177808,0.110497,0.461360,0.320891,0.444416,0.430115,0.283080,0.295875,0.074022,0.160963,0.392104,0.378460,0.060422,0.081932,0.436558,0.734949,0.566479,0.561877,0.514257,0.490967,0.537644,0.582060,-0.496575,-0.472897,-0.275967,-0.133410,-0.422727,-0.172943,-0.010996,0.005900,-0.098412,0.053664,0.193224,0.260463
0.331970,0.151316,0.374394,0.454092,0.405222,0.457874,0.384209,0.409744,0.415942,0.409447,0.246451,0.618816,0.356937,0.610776,0.352586,0.428672,-0.003501,-0.011401,0.293095,0.340024,0.510306,0.380290,0.554671,0.516793,0.368934,0.585703,0.167581,0.450821,-0.308142,-0.271104,1.248810,0.000000,0.853041,0.875928,0.668956,0.663798,0.569718,0.624251,0.441201,0.337451,0.395108,0.412100,0.377619,0.409202,0.311654,0.449236,0.362438,0.436045,0.478013,0.228713,0.513584,0.475900,0.501627,0.434240,0.478289,0.496626,0.254070,0.125127,0.467243,0.442635,0.522722,0.544947,0.363096,0.429301,0.023146,0.162989,0.578409,0.615993,0.064062,0.063177,0.517157,0.745923,0.672418,0.739946,0.683897,0.611144,0.742414,0.716218,-0.501047,-0.529225,-0.051833,0.096228,-0.092492,0.045471,0.160493,0.279985,0.111979,0.332289,0.279889,0.374086
0.574234,0.347200,0.582033,0.598851,0.549962,0.424408,0.667035,0.620902,0.542798,0.441155,0.207803,0.582363,0.538830,0.626569,0.488960,0.515482,0.317753,0.233505,0.639051,0.680661,0.214078,0.278226,0.709364,0.568914,0.340112,0.400866,0.264903,0.450525,-0.110576,-0.059101,0.577107,0.853041,0.000000,1.534314,0.720068,0.784214,0.530683,0.663994,0.536668,0.458282,0.434329,0.475452,0.744286,0.703154,0.679844,0.814350,0.784295,0.770586,0.667036,0.507337,0.632393,0.576343,0.732008,0.508987,0.705741,0.683073,0.455150,0.347920,0.610825,0.653053,0.638399,0.550960,0.565338,0.525673,0.208577,0.195845,0.994520,0.785003,0.304003,0.298403,0.453316,0.625429,0.826281,0.709764,0.909930,0.912167,0.906111,0.794572,-0.325766,-0.281357,0.344624,0.368344,0.290107,0.414847,0.383831,0.428626,0.112855,0.493224,0.646878,0.561962
0.625804,0.417473,0.487816,0.558409,0.448131,0.406254,0.573992,0.634842,0.472156,0.389314,0.213019,0.660694,0.541990,0.699691,0.482339,0.517817,0.385837,0.302067,0.702648,0.790963,0.247111,0.290436,0.683871,0.544910,0.296381,0.327688,0.211374,0.390343,-0.050309,-0.005136,0.489151,0.875928,1.534314,0.000000,0.622977,0.743529,0.570571,0.647377,0.587611,0.550209,0.442037,0.549052,0.767651,0.748493,0.656765,0.826049,0.782969,0.815042,0.732122,0.594949,0.683609,0.616202,0.751198,0.596453,0.718532,0.742553,0.533439,0.391558,0.680523,0.768207,0.715072,0.651252,0.664511,0.703585,0.117397,0.180165,0.934553,0.860181,0.346856,0.334478,0.446330,0.631132,0.827764,0.822991,0.882071,0.835016,0.827175,0.717846,-0.254074,-0.249734,0.441738,0.501948,0.415651,0.485508,0.432952,0.541538,0.219210,0.597930,0.613112,0.669535
0.609690,0.117631,1.011230,0.880390,0.907104,0.815607,0.912312,0.658838,0.980245,0.893797,0.410118,0.650319,0.558879,0.562287,0.771058,0.825611,0.114574,0.108614,0.530666,0.402709,0.184888,0.125518,1.199114,0.964961,0.983211,1.013462,0.663889,0.919162,-0.119915,-0.085272,0.561508,0.668956,0.720068,0.622977,0.000000,1.477851,0.715870,0.745951,0.658801,0.420407,0.388109,0.282164,0.470414,0.603319,0.437202,0.504144,0.455918,0.752179,0.657555,0.287252,0.971523,0.771208,0.904435,0.724334,0.665471,0.696732,0.243816,0.116616,0.345881,0.332974,0.570275,0.614071,0.147891,0.237327,0.818749,0.861127,1.006089,0.957307,0.110372,0.180557,0.167983,0.445967,0.725467,0.523487,0.741415,0.850815,1.105472,1.018124,-0.346989,-0.262830,0.027060,0.098833,0.152246,0.124787,0.695005,0.525643,0.218887,0.466383,0.802396,0.368110
0.655948,0.225850,0.759096,0.800025,0.806088,0.852048,0.737277,0.677579,0.923497,0.854908,0.456351,0.782486,0.599383,0.643593,0.758977,0.828895,0.301981,0.300544,0.549774,0.475089,0.235705,0.191789,0.930654,0.753134,0.881729,0.904609,0.598826,0.838777,-0.019895,0.014789,0.556269,0.663798,0.784214,0.743529,1.477851,0.000000,0.823671,0.831052,0.769282,0.446719,0.370703,0.329449,0.636266,0.815212,0.543123,0.712313,0.625621,0.928471,0.828241,0.492859,1.050003,0.914698,1.025080,0.830726,0.752176,0.866284,0.393194,0.251424,0.408116,0.490004,0.688305,0.723248,0.372689,0.417734,0.600623,0.745079,1.111942,1.178338,0.244420,0.309871,0.112664,0.407462,0.752649,0.636507,0.835540,0.922995,0.927573,1.015373,-0.204325,-0.187500,0.185797,0.302879,0.232956,0.156067,0.614998,0.648834,0.176419,0.509941,0.750790,0.444009
0.524603,0.335716,0.506751,0.485516,0.502383,0.566844,0.423797,0.441729,0.561546,0.583178,0.416926,0.627889,0.401050,0.527664,0.529582,0.532666,0.349233,0.354447,0.396422,0.534112,0.361633,0.219327,0.647982,0.518404,0.547478,0.619328,0.310519,0.480132,0.079234,0.109361,0.440733,0.569718,0.530683,0.570571,0.715870,0.823671,0.000000,0.577100,0.878039,0.600507,0.567162,0.282090,0.518337,0.675241,0.362944,0.380275,0.500854,0.745717,0.560391,0.366875,0.709649,0.685924,0.728901,0.782758,0.646575,0.703724,0.453353,0.268610,0.439401,0.411102,0.702696,0.561250,0.492002,0.501883,0.273514,0.398066,0.708430,0.890798,0.406747,0.407807,0.075211,0.383636,0.797041,0.685944,0.820203,0.663653,0.609867,0.695329,-0.080897,-0.096867,0.255804,0.468002,0.312572,0.233630,0.457901,0.600635,0.189284,0.482774,0.447025,0.396145
0.534440,0.382644,0.447601,0.480940,0.554690,0.595413,0.433692,0.418866,0.549414,0.517453,0.481511,0.619581,0.595256,0.626848,0.639791,0.514973,0.290200,0.338896,0.356618,0.333891,0.422907,0.114854,0.530911,0.450999,0.626462,0.646871,0.368640,0.557425,0.036611,0.009681,0.531172,0.624251,0.663994,0.647377,0.745951,0.831052,0.577100,0.000000,0.647606,0.228526,0.379429,0.356195,0.459266,0.540091,0.440395,0.588210,0.500806,0.695654,0.507180,0.375155,0.691797,0.597352,0.630643,0.575923,0.650500,0.608944,0.506317,0.463016,0.657324,0.566364,0.668232,0.449942,0.340960,0.295141,0.348485,0.419235,0.841586,0.811869,0.264184,0.315806,0.190648,0.364260,0.532996,0.466672,0.607404,0.509830,0.618010,0.630692,-0.227046,-0.134164,0.179708,0.342956,0.179648,-0.019958,0.380840,0.506394,0.146058,0.403859,0.624397,0.588074
0.570851,0.431474,0.411539,0.379689,0.469802,0.447652,0.336917,0.344564,0.530214,0.524656,0.201750,0.460728,0.334166,0.493047,0.437252,0.381727,0.235804,0.345569,0.414494,0.503664,0.191825,0.079927,0.669253,0.495919,0.420041,0.415780,0.100717,0.392373,-0.081681,-0.117917,0.229568,0.441201,0.536668,0.587611,0.658801,0.769282,0.878039,0.647606,0.000000,0.365177,0.310061,0.236609,0.532774,0.647182,0.340598,0.293378,0.624973,0.916978,0.511564,0.514195,0.829921,0.771698,0.806714,0.815955,0.775973,0.839287,0.530607,0.408433,0.392494,0.457845,0.603817,0.431525,0.425414,0.480131,0.250979,0.323999,0.754337,0.816407,0.396709,0.440031,0.193404,0.291924,0.559570,0.648715,0.641675,0.549981,0.568002,0.594026,-0.183636,-0.224534,0.253581,0.487357,0.561440,0.170203,0.682375,0.818846,0.573975,0.749218,0.568333,0.604652
0.458780,0.087351,0.455250,0.523503,0.427362,0.450448,0.503251,0.630782,0.550708,0.520906,0.214063,0.637231,0.500899,0.719860,0.603045,0.630490,0.372519,0.148637,0.477744,0.611341,-0.059999,0.064463,0.618527,0.554645,0.306691,0.300965,0.467204,0.352964,0.143087,0.228179,0.227154,0.337451,0.458282,0.550209,0.420407,0.446719,0.600507,0.228526,0.365177,0.000000,0.600154,0.544835,0.678416,0.695844,0.327938,0.432643,0.629696,0.617131,0.540269,0.337603,0.720442,0.702770,0.634547,0.701469,0.680978,0.746665,0.171019,0.066143,0.337279,0.401902,0.469696,0.644928,0.367462,0.425916,0.199914,0.408238,0.533660,0.647749,0.166789,0.132962,0.157772,0.361911,0.610669,0.366619,0.674156,0.663226,0.615599,0.688493,-0.121863,-0.090056,0.321240,0.269674,0.419396,0.892194,0.486752,0.523104,0.029742,0.520813,0.517020,0.389534
0.492138,0.143748,0.466317,0.477600,0.326523,0.383140,0.448540,0.568094,0.374204,0.380070,0.466796,0.670889,0.644043,0.679358,0.619558,0.512940,0.266689,0.166413,0.522810,0.517404,0.074826,0.065451,0.485147,0.414720,0.196116,0.282609,0.297619,0.227293,0.103447,0.101154,0.277336,0.395108,0.434329,0.442037,0.388109,0.370703,0.567162,0.379429,0.310061,0.600154,0.000000,0.667322,0.400682,0.404419,0.181079,0.264761,0.415727,0.445293,0.363299,0.071270,0.472765,0.426628,0.466781,0.469006,0.554858,0.509839,0.145522,0.088879,0.274212,0.269667,0.507855,0.523709,0.303977,0.251024,0.291268,0.322176,0.351841,0.374357,0.125561,0.042302,0.297678,0.476527,0.886497,0.516271,0.680351,0.587545,0.517763,0.488379,-0.215488,-0.136650,0.259921,0.257741,0.282984,0.430777,0.339775,0.304638,0.010893,0.316661,0.497289,0.366455
0.405519,0.021014,0.234595,0.328204,0.172519,0.214202,0.341440,0.355482,0.203415,0.187292,0.117008,0.541551,0.396876,0.646068,0.363532,0.421742,0.359704,0.279114,0.426443,0.530364,0.112281,0.307156,0.304213,0.361255,-0.018962,0.126642,0.158037,0.221368,0.139836,0.150867,0.280009,0.412100,0.475452,0.549052,0.282164,0.329449,0.282090,0.356195,0.236609,0.544835,0.667322,0.000000,0.444998,0.460433,0.336838,0.429232,0.378007,0.360609,0.373553,0.242062,0.516260,0.419866,0.395078,0.435694,0.448648,0.495994,0.118502,0.086509,0.217695,0.272426,0.261186,0.291048,0.307682,0.306750,0.071514,0.141546,0.405572,0.382933,-0.003485,-0.081569,0.270275,0.347492,0.490168,0.483315,0.483228,0.505677,0.469779,0.412751,-0.045433,-0.071776,0.399284,0.363206,0.205602,0.488956,0.236092,0.436690,0.046773,0.489643,0.302580,0.371977
0.559047,0.330201,0.345593,0.413291,0.492634,0.409943,0.396247,0.503787,0.522073,0.441721,0.251393,0.606907,0.431093,0.634191,0.521328,0.516272,0.570456,0.444783,0.688601,0.732785,-0.027024,0.134050,0.659961,0.541746,0.301024,0.291384,0.293989,0.365721,0.165875,0.211344,0.179165,0.377619,0.744286,0.767651,0.470414,0.636266,0.518337,0.459266,0.532774,0.678416,0.400682,0.444998,0.000000,1.759438,0.753485,0.791000,1.630437,1.360142,0.898751,0.865290,0.921325,0.930490,0.866911,0.867568,0.978014,1.173890,0.471064,0.403704,0.366960,0.694004,0.499340,0.523389,0.469183,0.489389,0.092345,0.239545,0.761355,0.815751,0.306040,0.301019,0.232458,0.243010,0.540492,0.471231,0.813224,0.722227,0.603858,0.618610,-0.060469,-0.036967,0.601368,0.611953,0.701855,0.736240,0.605938,0.684258,0.262457,0.787921,0.557572,0.462487
0.539237,0.264978,0.392735,0.465712,0.557711,0.508404,0.447530,0.508012,0.607409,0.551939,0.271034,0.660044,0.447827,0.638866,0.594260,0.605958,0.627838,0.531436,0.651347,0.681308,0.017009,0.172876,0.734967,0.617383,0.436873,0.418464,0.403746,0.491207,0.245558,0.300551,0.209386,0.409202,0.703154,0.748493,0.603319,0.815212,0.675241,0.540091,0.647182,0.695844,0.404419,0.460433,1.759438,0.000000,0.714134,0.817049,1.243180,1.459064,0.977679,0.912440,1.089477,1.031287,0.946036,1.032080,0.943655,1.206605,0.458666,0.359587,0.381481,0.640877,0.579714,0.581133,0.533693,0.570605,0.174225,0.337545,0.844343,0.957181,0.264705,0.261028,0.090498,0.178695,0.562130,0.509254,0.849280,0.774541,0.640843,0.672913,0.026492,0.039357,0.630971,0.687088,0.667685,0.661625,0.608117,0.809521,0.246366,0.830061,0.565172,0.438613
0.550423,0.613097,0.251089,0.159507,0.286461,0.284009,0.342837,0.171105,0.263505,0.197162,0.190671,0.312096,0.299096,0.311986,0.361611,0.371032,0.671089,0.698219,0.466378,0.485906,0.230175,0.345960,0.343080,0.267177,0.260591,0.191032,0.271962,0.344496,0.273547,0.281485,0.180150,0.311654,0.679844,0.656765,0.437202,0.543123,0.362944,0.440395,0.340598,0.327938,0.181079,0.336838,0.753485,0.714134,0.000000,1.264770,0.864113,0.716038,0.880626,0.892607,0.572420,0.607900,0.520597,0.434138,0.526726,0.683995,0.758170,0.699604,0.484720,0.656514,0.410559,0.185994,0.389941,0.286645,0.068122,0.071140,0.862038,0.693041,0.545747,0.480322,0.173805,0.246831,0.323501,0.275618,0.423182,0.408650,0.325815,0.260374,0.120392,0.158680,0.673084,0.659550,0.487721,0.471839,0.441076,0.561555,0.265974,0.657640,0.435217,0.460168
0.571691,0.480950,0.266148,0.332348,0.340542,0.372964,0.406116,0.411392,0.376491,0.311424,0.283160,0.550935,0.438283,0.475788,0.505183,0.552437,0.747531,0.703532,0.518919,0.527648,0.238631,0.355676,0.374568,0.315779,0.331359,0.328698,0.402109,0.415839,0.312207,0.360096,0.337417,0.449236,0.814350,0.826049,0.504144,0.712313,0.380275,0.588210,0.293378,0.432643,0.264761,0.429232,0.791000,0.817049,1.264770,0.000000,0.828870,0.697240,0.947564,0.857840,0.621513,0.678261,0.592501,0.497084,0.608288,0.725544,0.666095,0.601077,0.578934,0.764794,0.531303,0.474836,0.533798,0.402044,0.126377,0.215904,0.846769,0.792711,0.418105,0.363017,0.161576,0.294353,0.443301,0.343624,0.599747,0.565142,0.425471,0.412362,0.110568,0.134706,0.652757,0.590084,0.349706,0.442780,0.347532,0.502261,0.069069,0.516921,0.455571,0.478272
0.718327,0.562096,0.355860,0.373481,0.494721,0.418407,0.376412,0.489719,0.523353,0.445849,0.293769,0.587603,0.513014,0.639920,0.555144,0.505175,0.554065,0.477657,0.696418,0.754137,0.027158,0.102408,0.620308,0.455169,0.277721,0.231126,0.239227,0.303805,0.082539,0.119455,0.192556,0.362438,0.784295,0.782969,0.455918,0.625621,0.500854,0.500806,0.624973,0.629696,0.415727,0.378007,1.630437,1.243180,0.864113,0.828870,0.000000,1.357218,0.904409,0.931763,0.906596,1.002040,0.949950,0.865077,1.122550,1.265706,0.643461,0.607121,0.511824,0.860063,0.590381,0.530080,0.535641,0.462670,0.103648,0.216431,0.801349,0.803568,0.522276,0.518593,0.308736,0.326829,0.561416,0.476381,0.736594,0.660800,0.544606,0.566576,-0.137400,-0.096492,0.568858,0.610010,0.682304,0.666047,0.681771,0.732025,0.300502,0.790295,0.672213,0.690941
0.742031,0.460099,0.537730,0.536617,0.673173,0.596230,0.533026,0.576726,0.711416,0.660442,0.360379,0.678994,0.560157,0.715650,0.673837,0.612022,0.445668,0.429265,0.696005,0.710364,0.038530,0.071181,0.911297,0.679554,0.537516,0.467793,0.321323,0.464196,0.033390,0.057085,0.226983,0.436045,0.770586,0.815042,0.752179,0.928471,0.745717,0.695654,0.916978,0.617131,0.445293,0.360609,1.360142,1.459064,0.716038,0.697240,1.357218,0.000000,0.918261,0.824393,1.204173,1.114677,1.154109,1.167165,1.155481,1.354903,0.576210,0.471443,0.500640,0.724796,0.713722,0.628905,0.456530,0.459702,0.321106,0.451190,0.973600,1.080621,0.438077,0.478424,0.259268,0.329207,0.670661,0.581762,0.901884,0.767053,0.751325,0.773430,-0.213605,-0.172445,0.473662,0.602925,0.751918,0.540642,0.851321,0.925507,0.380521,0.920668,0.818733,0.670885
0.740737,0.447115,0.394692,0.370803,0.448314,0.504899,0.446943,0.441473,0.537175,0.527083,0.307628,0.634111,0.491489,0.488229,0.574895,0.750939,0.539266,0.539929,0.643662,0.596493,0.060886,0.293646,0.626131,0.531164,0.365237,0.413411,0.388456,0.412100,0.178428,0.216745,0.340954,0.478013,0.667036,0.732122,0.657555,0.828241,0.560391,0.507180,0.511564,0.540269,0.363299,0.373553,0.898751,0.977679,0.880626,0.947564,0.904409,0.918261,0.000000,0.938733,0.925370,0.930667,0.943549,0.867910,0.860668,1.019927,0.632041,0.479282,0.556074,0.725285,0.789419,0.603612,0.489532,0.586257,0.194178,0.298541,0.792222,0.723829,0.392299,0.373178,0.167130,0.337007,0.541940,0.566776,0.678776,0.712306,0.608227,0.523999,-0.026385,-0.037577,0.529817,0.540637,0.526351,0.552471,0.539968,0.637401,0.271575,0.694644,0.670025,0.508994
