0.000000,1.110430,0.361358,0.458443,0.384657,0.384204,0.310786,0.418297,0.334348,0.325336,0.355880,0.479644,0.187150,0.380728,0.369906,0.312457,0.851057,0.572295,1.261712,1.129653,0.184480,0.046139,0.229163,0.287163,0.182806,0.226924,0.230115,0.258035,0.523229,0.334646,0.370846,0.310025,0.684197,0.794259,0.077524,-0.031293,0.294654,0.017208,0.207094,-0.054058,-0.063458,-0.025106,0.316508,0.259022,0.223408,0.122431,0.258612,0.214901,0.304908,0.224819,0.372345,0.066189,0.416752,0.428223,0.374734,0.204154,1.012213,0.803339,0.348736,0.302745,0.258937,0.399683,0.424796,0.320274,0.143658,0.182609,0.175777,0.135827,0.673735,0.600156,0.184504,0.098684,0.759588,0.414124,0.538353,0.442771,0.532466,0.352158,0.008117,-0.163201,0.658587,0.496372,0.469110,0.572383,0.387519,0.239579,0.168600,0.201666,0.375949,0.422896
1.110430,0.000000,0.310312,0.569829,0.185995,0.253170,0.182812,0.336945,0.212048,0.192058,0.312862,0.468472,0.126291,0.360563,0.273100,0.277890,0.899203,0.852404,1.212870,1.546964,0.278285,0.136117,0.155386,0.259181,0.206546,0.199274,0.201663,0.228351,0.601760,0.522614,0.447447,0.351532,0.873530,0.947434,0.047196,0.038579,0.395208,0.251746,0.360892,0.212995,-0.044111,0.088229,0.330179,0.338952,0.301095,0.208883,0.391654,0.412576,0.356421,0.190604,0.274557,-0.013025,0.327335,0.345117,0.355386,0.318925,1.080863,1.343595,0.363462,0.401288,0.127569,0.380593,0.450084,0.421266,0.059944,0.088721,0.249693,0.205520,0.740926,0.534687,0.269593,0.092460,0.746712,0.498361,0.683150,0.450405,0.640758,0.577529,0.045118,-0.045580,0.709669,0.707735,0.464803,0.480512,0.260502,0.317960,0.235927,0.244061,0.211493,0.342634
0.361358,0.310312,0.000000,0.792916,0.741029,0.330587,0.841135,0.312522,0.587409,0.378946,0.256392,0.056432,0.584549,0.242524,0.742291,0.229165,0.028118,-0.076729,0.517249,0.455816,0.074350,0.191875,1.367442,0.920181,1.055496,0.926351,0.830362,0.600731,-0.128957,-0.214253,0.590129,0.714528,0.459651,0.339481,0.716031,0.466168,0.187491,0.018519,0.241072,0.160443,-0.263155,-0.124302,0.540915,0.444558,0.485831,0.299624,0.288929,0.424638,0.201994,0.075835,0.338929,0.165157,0.073489,0.253236,0.299587,0.272858,0.204128,0.383232,0.234134,0.011375,0.244672,-0.013990,0.185963,-0.095651,0.794105,0.238093,0.761591,0.481835,0.777941,0.831191,0.087475,0.255566,0.352597,0.042087,0.179463,0.259667,0.447949,0.498855,-0.190864,-0.325825,-0.024573,0.058610,0.276127,0.213519,0.617234,0.506734,0.651315,0.616167,0.690144,0.674910
0.458443,0.569829,0.792916,0.000000,0.627928,0.544884,0.720487,0.930869,0.657104,0.672399,0.384205,0.493973,0.428408,0.636563,0.557483,0.526711,0.179795,0.173622,0.659603,0.744321,0.022894,0.067650,0.779878,1.028249,0.665924,0.680193,0.459999,0.372324,0.112082,0.086882,0.621835,0.555512,0.694053,0.613941,0.293325,0.253690,0.202968,0.126394,0.351487,0.155814,-0.218291,-0.068939,0.409776,0.357170,0.415170,0.361659,0.320514,0.379613,0.318256,0.367809,0.372182,0.325589,0.146312,0.334614,0.280288,0.290193,0.394197,0.553165,0.425160,0.511480,0.319526,0.506602,0.438458,0.411711,0.532812,0.603236,0.648201,0.600643,0.896355,0.876944,0.131368,0.116720,0.512259,0.362889,0.396058,0.322052,0.543504,0.583685,-0.163685,-0.240346,0.240044,0.336365,0.460551,0.537100,0.473637,0.708823,0.537629,0.714756,0.492050,0.775641
0.384657,0.185995,0.741029,0.627928,0.000000,0.712105,0.848737,0.619756,1.028688,0.636788,0.298064,0.310349,0.478926,0.459183,0.615901,0.387367,0.042899,0.007460,0.384066,0.343639,0.038317,0.089210,0.668661,0.596163,0.621956,0.637505,0.464980,0.405057,0.086338,-0.038072,0.523669,0.402695,0.418489,0.292013,0.184634,0.107772,0.106856,-0.137598,0.113897,-0.117046,-0.306125,-0.167387,0.345813,0.234879,0.314536,0.380125,0.235919,0.202180,0.323508,0.327292,0.358222,0.343724,0.206706,0.308669,0.191914,0.203575,0.215293,0.207490,0.342383,0.263575,0.421378,0.283141,0.299115,0.141560,0.534851,0.428320,0.490563,0.454947,0.451444,0.560017,0.139415,0.106180,0.367853,0.105355,0.154660,0.244300,0.179207,0.259254,-0.110511,-0.298248,0.128754,0.253631,0.332379,0.433258,0.522966,0.472602,0.285568,0.365063,0.464189,0.684940
0.384204,0.253170,0.330587,0.544884,0.712105,0.000000,0.518121,0.817310,0.690443,0.835046,0.328343,0.560414,0.308108,0.574656,0.443285,0.405034,0.222834,0.156880,0.364844,0.417381,-0.036394,0.109491,0.337159,0.418457,0.272920,0.336673,0.168992,0.250315,0.190860,0.276306,0.311409,0.241967,0.399889,0.286516,0.027301,-0.091002,0.035273,-0.087600,-0.044166,-0.232896,-0.263545,-0.208597,0.262245,0.193513,0.228032,0.355863,0.185879,0.149910,0.420708,0.496622,0.387396,0.424477,0.354163,0.487557,0.161400,0.224614,0.281299,0.197803,0.397093,0.456060,0.372590,0.550563,0.360717,0.355308,0.230078,0.438145,0.249284,0.367847,0.286611,0.453225,0.177143,0.084241,0.372031,0.220272,0.162380,0.094464,0.174347,0.143668,-0.122579,-0.331216,0.247705,0.301857,0.308182,0.466399,0.360708,0.419267,0.088613,0.153739,0.359266,0.653624
0.310786,0.182812,0.841135,0.720487,0.848737,0.518121,0.000000,0.739738,0.916279,0.565859,0.753320,0.445278,0.948401,0.618164,0.872144,0.236275,-0.000982,-0.144145,0.331126,0.291027,-0.065353,0.099746,0.750896,0.571711,0.414780,0.371535,0.336525,0.205606,0.019003,-0.177323,0.302223,0.298746,0.391479,0.279537,0.268201,0.131618,0.013279,-0.194670,0.126981,-0.179040,-0.286409,-0.321410,0.290514,0.164025,0.244750,0.362825,0.171552,0.115235,0.357026,0.474966,0.603606,0.538575,0.204784,0.390899,0.344178,0.297356,0.285220,0.218075,0.684396,0.382271,0.975084,0.457970,0.559792,0.326216,0.878251,0.620143,0.585411,0.568795,0.374581,0.518884,-0.073955,0.128763,0.414328,0.051896,0.183626,0.164651,0.288346,0.318369,-0.296694,-0.545264,-0.021945,0.075970,0.352954,0.260188,0.604709,0.384416,0.364281,0.259678,0.747628,0.641835
0.418297,0.336945,0.312522,0.930869,0.619756,0.817310,0.739738,0.000000,0.879887,1.071543,0.532547,1.006947,0.524483,1.166973,0.584066,0.702958,0.203881,0.231283,0.457647,0.500530,0.001537,-0.048640,0.421244,0.621355,0.247156,0.301056,0.124313,0.067302,0.282368,0.288847,0.428109,0.326971,0.466316,0.348234,-0.037210,-0.071914,0.058454,0.009689,0.171006,-0.053985,-0.293725,-0.220218,0.196338,0.123713,0.139050,0.325040,0.159387,0.098659,0.353983,0.658537,0.386006,0.539303,0.281560,0.509459,0.204616,0.240337,0.392386,0.291040,0.548925,0.746779,0.594418,1.057215,0.533802,0.714762,0.364853,0.831508,0.256148,0.418514,0.459261,0.487849,0.089501,-0.002343,0.410763,0.349305,0.392753,0.148591,0.257985,0.276273,-0.088627,-0.274154,0.269141,0.370896,0.457747,0.611341,0.371572,0.556454,0.210445,0.336163,0.435292,0.765931
0.334348,0.212048,0.587409,0.657104,1.028688,0.690443,0.916279,0.879887,0.000000,1.060097,0.523807,0.533653,0.683496,0.742522,0.877200,0.600645,0.145717,0.089111,0.353349,0.356607,0.078149,0.041831,0.582962,0.535530,0.445632,0.461945,0.263124,0.151764,0.207148,0.092652,0.345250,0.269216,0.328059,0.234271,0.135583,0.000571,0.146105,-0.038383,0.176779,-0.134865,-0.329793,-0.293799,0.324819,0.221431,0.242861,0.356676,0.258008,0.179818,0.447165,0.554950,0.517750,0.507039,0.392736,0.513444,0.275393,0.213993,0.275768,0.211540,0.570641,0.476270,0.686995,0.573977,0.443768,0.361962,0.612375,0.660086,0.451928,0.432171,0.433017,0.525710,0.104908,0.118083,0.343573,0.092533,0.198654,0.055351,0.244816,0.337367,-0.172912,-0.383660,0.085703,0.230204,0.418068,0.443960,0.516985,0.472398,0.295930,0.304529,0.592304,0.741659
0.325336,0.192058,0.378946,0.672399,0.636788,0.835046,0.565859,1.071543,1.060097,0.000000,0.499730,0.719372,0.580244,0.938202,0.749439,0.883430,0.223232,0.163708,0.343790,0.361498,0.058175,-0.027604,0.528645,0.654577,0.364955,0.444636,0.230154,0.219461,0.227015,0.179867,0.222152,0.229303,0.257318,0.179669,0.122193,-0.033276,0.143902,0.032972,0.127384,-0.141088,-0.269506,-0.222673,0.238101,0.152347,0.136839,0.195953,0.178199,0.104783,0.306583,0.442362,0.375257,0.406513,0.438087,0.548317,0.186668,0.112221,0.231851,0.138778,0.331116,0.429153,0.471333,0.650374,0.430210,0.436614,0.425486,0.681263,0.222897,0.303212,0.356063,0.522568,0.078456,0.024803,0.314274,0.144258,0.175711,0.049890,0.227323,0.202995,-0.081925,-0.341819,0.155426,0.215970,0.404331,0.492544,0.484018,0.568312,0.209388,0.350792,0.547698,0.893208
0.355880,0.312862,0.256392,0.384205,0.298064,0.328343,0.753320,0.532547,0.523807,0.499730,0.000000,0.701816,1.062705,0.837907,0.820823,0.439174,0.325480,0.131890,0.340590,0.324895,-0.096841,-0.106175,0.322581,0.287500,0.024277,-0.029438,0.039242,-0.020165,0.417144,0.046722,0.029257,0.011482,0.370416,0.413399,-0.093266,-0.124484,0.034440,-0.163288,0.068213,-0.206065,-0.013184,-0.100020,0.087071,0.066850,0.093064,0.160459,0.195815,0.023526,0.259468,0.447323,0.514157,0.414123,0.317265,0.348327,0.358288,0.173231,0.457196,0.168120,0.652640,0.538071,1.198752,0.737035,1.113399,0.693979,0.506853,0.531101,0.259076,0.287631,0.115989,0.256401,-0.325455,-0.133811,0.480782,0.150329,0.178618,0.120506,0.230288,0.182624,-0.140635,-0.316420,0.299673,0.236188,0.633666,0.336933,0.645404,0.334339,0.147050,-0.011165,0.581111,0.481788
0.479644,0.468472,0.056432,0.493973,0.310349,0.560414,0.445278,1.006947,0.533653,0.719372,0.701816,0.000000,0.527120,1.355600,0.462974,0.679853,0.436946,0.544739,0.437877,0.531042,0.058918,-0.045520,0.173827,0.371498,0.033122,0.061220,-0.053547,-0.044390,0.552437,0.646396,0.318343,0.206077,0.568772,0.537863,-0.213020,-0.159094,0.116006,0.221332,0.098956,-0.002576,-0.038078,0.001313,0.051066,0.137963,0.070799,0.283296,0.154793,0.115740,0.309049,0.673715,0.334309,0.503497,0.325858,0.578721,0.253535,0.343690,0.535766,0.372090,0.592339,0.766671,0.590981,1.182124,0.674448,1.080083,0.104296,0.637424,0.116224,0.318182,0.279669,0.384210,-0.000241,-0.098897,0.545416,0.574811,0.492229,0.280883,0.302678,0.314212,-0.021640,-0.081797,0.469097,0.532005,0.593980,0.652642,0.286866,0.560887,0.146452,0.187817,0.295331,0.568728
0.187150,0.126291,0.584549,0.428408,0.478926,0.308108,0.948401,0.524483,0.683496,0.580244,1.062705,0.527120,0.000000,0.840259,1.280992,0.514555,0.068954,-0.051546,0.231681,0.186837,-0.046317,0.006563,0.728501,0.572132,0.382352,0.283056,0.299725,0.190640,0.155066,-0.087203,0.281563,0.344950,0.299943,0.207942,0.160705,0.103529,-0.002357,-0.070043,0.088696,-0.047472,-0.227432,-0.173506,0.193986,0.167495,0.185867,0.201284,0.139707,0.116428,0.128123,0.296307,0.358486,0.381954,0.188127,0.338085,0.302970,0.230639,0.241188,0.149152,0.484397,0.317940,0.876216,0.471546,0.633881,0.381404,0.656939,0.455133,0.378725,0.348333,0.251708,0.436986,-0.243248,-0.025485,0.274230,0.026991,0.091055,0.100212,0.152370,0.270967,-0.221314,-0.375402,0.045626,0.118706,0.582756,0.291365,0.750559,0.505669,0.385367,0.247953,0.726483,0.634129
0.380728,0.360563,0.242524,0.636563,0.459183,0.574656,0.618164,1.166973,0.742522,0.938202,0.837907,1.355600,0.840259,0.000000,0.780783,0.950184,0.331379,0.355356,0.415637,0.453607,0.039295,-0.094330,0.425603,0.601158,0.227777,0.198701,0.102803,0.044263,0.435753,0.365835,0.410329,0.342451,0.481866,0.406404,-0.093602,-0.066349,0.092358,0.128881,0.145757,-0.013169,-0.149874,-0.068248,0.122399,0.168273,0.088285,0.230667,0.158411,0.117406,0.199503,0.522331,0.308331,0.460746,0.289686,0.498532,0.270911,0.275144,0.431636,0.289529,0.496652,0.629415,0.681069,1.017089,0.725172,0.891948,0.303244,0.686801,0.185337,0.328282,0.340629,0.466701,-0.067140,-0.141253,0.453023,0.392577,0.379700,0.179617,0.215977,0.291045,-0.036232,-0.201890,0.384847,0.441947,0.665235,0.655984,0.485858,0.708578,0.240974,0.303778,0.469482,0.787174
0.369906,0.273100,0.742291,0.557483,0.615901,0.443285,0.872144,0.584066,0.877200,0.749439,0.820823,0.462974,1.280992,0.780783,0.000000,0.729135,0.204147,0.023097,0.451403,0.396058,0.063767,0.049442,0.928932,0.762710,0.521612,0.447595,0.400672,0.278643,0.262232,0.000974,0.416107,0.452650,0.347693,0.298384,0.272794,0.130389,0.120589,-0.066205,0.193746,-0.017913,-0.328009,-0.219884,0.318062,0.258868,0.246047,0.255151,0.201630,0.206851,0.232484,0.321588,0.407723,0.341479,0.322290,0.383006,0.358519,0.251726,0.276777,0.239623,0.471809,0.344979,0.727386,0.453509,0.569296,0.297875,0.815001,0.558105,0.483840,0.385766,0.435767,0.577310,-0.084922,-0.005816,0.400940,0.087144,0.135746,0.156209,0.301928,0.392174,-0.138762,-0.411671,0.160917,0.191996,0.624524,0.390191,0.826546,0.558583,0.489394,0.354366,0.882139,0.876503
0.312457,0.277890,0.229165,0.526711,0.387367,0.405034,0.236275,0.702958,0.600645,0.883430,0.439174,0.679853,0.514555,0.950184,0.729135,0.000000,0.281977,0.310598,0.409804,0.417091,0.125923,-0.125906,0.477558,0.690594,0.356632,0.344750,0.205200,0.167063,0.392928,0.331777,0.431503,0.348890,0.258450,0.257723,0.002327,-0.052100,0.199688,0.154786,0.234624,0.084453,-0.222100,0.005099,0.199147,0.173660,0.114676,0.110592,0.190924,0.148750,0.143445,0.340291,0.174540,0.273952,0.360142,0.448367,0.260944,0.176722,0.203796,0.158666,0.205911,0.383464,0.297735,0.598657,0.383394,0.428527,0.276925,0.548598,0.150366,0.149044,0.398376,0.437933,0.081990,-0.084192,0.300784,0.290627,0.222710,0.129106,0.177688,0.262434,0.139477,-0.038482,0.363383,0.433469,0.550541,0.672317,0.442482,0.672614,0.312025,0.420910,0.469485,0.904447
0.851057,0.899203,0.028118,0.179795,0.042899,0.222834,-0.000982,0.203881,0.145717,0.223232,0.325480,0.436946,0.068954,0.331379,0.204147,0.281977,0.000000,0.888162,0.728252,0.813774,0.301078,0.170373,-0.097756,-0.019225,-0.041047,-0.003604,0.040839,0.074302,0.961949,0.559537,0.129385,0.091320,0.479315,0.552186,-0.047553,-0.118006,0.534296,0.289865,0.350988,0.017742,0.121344,0.073434,0.329916,0.314265,0.200083,0.084908,0.404739,0.304295,0.447684,0.167652,0.396382,-0.016681,0.516940,0.344257,0.478833,0.180134,0.944854,0.649515,0.314486,0.300338,0.157011,0.328543,0.463171,0.396113,-0.066496,-0.006103,0.107374,0.069753,0.329714,0.253539,0.115605,-0.044659,0.631683,0.330980,0.535283,0.236108,0.569768,0.350145,0.276443,-0.016006,0.868436,0.511949,0.432645,0.300290,0.333890,0.220473,0.087869,-0.020443,0.253653,0.219819
0.572295,0.852404,-0.076729,0.173622,0.007460,0.156880,-0.144145,0.231283,0.089111,0.163708,0.131890,0.544739,-0.051546,0.355356,0.023097,0.310598,0.888162,0.000000,0.628823,0.801895,0.318380,-0.004453,-0.150357,-0.012156,0.008901,-0.007214,0.006436,0.019433,0.699454,0.935515,0.288902,0.228814,0.587880,0.589933,-0.173456,-0.065879,0.346803,0.548144,0.311041,0.237017,0.088484,0.253563,0.102308,0.270509,0.094901,0.167347,0.230390,0.285793,0.260028,0.223502,0.062573,-0.003262,0.212079,0.322571,0.141786,0.261797,0.725688,0.631184,0.210259,0.359877,-0.025113,0.404236,0.259568,0.482331,-0.249113,0.060731,-0.024332,0.053794,0.349860,0.201196,0.321771,0.058183,0.458530,0.653203,0.544199,0.368198,0.306402,0.375022,0.237983,0.232572,0.698267,0.817166,0.342739,0.341855,0.013817,0.294565,0.086573,0.110953,-0.056291,0.187629
1.261712,1.212870,0.517249,0.659603,0.384066,0.364844,0.331126,0.457647,0.353349,0.343790,0.340590,0.437877,0.231681,0.415637,0.451403,0.409804,0.728252,0.628823,0.000000,1.617100,0.226990,0.052163,0.402830,0.469672,0.393930,0.405290,0.356335,0.310128,0.557654,0.382550,0.551653,0.440197,0.745417,0.857849,0.174587,0.125843,0.394799,0.106326,0.446117,0.193389,-0.076667,0.016792,0.468103,0.408196,0.397289,0.198887,0.444932,0.381622,0.302415,0.201776,0.317382,0.056637,0.399837,0.417659,0.362563,0.305145,0.777966,0.809915,0.280300,0.288798,0.158824,0.338344,0.414304,0.258408,0.241460,0.229262,0.301886,0.210989,1.012973,0.715265,0.267708,0.124157,0.778572,0.500245,0.577403,0.523043,0.622985,0.521714,0.022084,-0.071092,0.679783,0.614990,0.544989,0.628074,0.414788,0.404402,0.416546,0.450218,0.392083,0.594929
1.129653,1.546964,0.455816,0.744321,0.343639,0.417381,0.291027,0.500530,0.356607,0.361498,0.324895,0.531042,0.186837,0.453607,0.396058,0.417091,0.813774,0.801895,1.617100,0.000000,0.256197,0.098272,0.352861,0.471833,0.376351,0.361766,0.306630,0.291531,0.624513,0.539021,0.556414,0.449238,0.923213,0.955655,0.140255,0.094091,0.401394,0.210703,0.409996,0.188733,-0.093311,0.013154,0.484680,0.434337,0.415396,0.271857,0.465104,0.466389,0.424842,0.285389,0.356157,0.087761,0.432019,0.456182,0.407717,0.362100,0.901483,1.015889,0.359369,0.410781,0.153764,0.431754,0.459799,0.396581,0.172754,0.214176,0.324332,0.286979,0.945547,0.714737,0.277403,0.094191,0.817053,0.565748,0.677106,0.518411,0.672121,0.611447,0.053778,-0.077783,0.774200,0.755402,0.559494,0.587650,0.387646,0.440968,0.357753,0.386372,0.388253,0.544442
0.184480,0.278285,0.074350,0.022894,0.038317,-0.036394,-0.065353,0.001537,0.078149,0.058175,-0.096841,0.058918,-0.046317,0.039295,0.063767,0.125923,0.301078,0.318380,0.226990,0.256197,0.000000,0.302852,-0.025800,-0.019336,0.098204,0.053775,0.052257,0.025528,0.232063,0.299914,0.187179,0.203714,0.169553,0.091325,0.073452,-0.024084,0.201510,0.298862,0.319534,0.313634,-0.084648,-0.086771,0.023859,0.071443,0.000043,0.022021,0.107185,0.210294,0.124178,-0.031691,-0.108785,-0.077984,0.197468,0.076406,0.148467,0.215562,0.193604,0.315001,0.000911,-0.026481,-0.173107,-0.066582,-0.097585,-0.059546,-0.135676,-0.113823,0.026080,0.023201,0.178273,0.018697,0.457973,0.306460,0.182824,0.140997,0.328334,0.006352,0.235288,0.285873,0.121465,-0.049892,0.092286,0.205183,-0.127195,0.004501,-0.051832,0.104928,0.069098,0.027199,-0.013558,0.073105
0.046139,0.136117,0.191875,0.067650,0.089210,0.109491,0.099746,-0.048640,0.041831,-0.027604,-0.106175,-0.045520,0.006563,-0.094330,0.049442,-0.125906,0.170373,-0.004453,0.052163,0.098272,0.302852,0.000000,0.072833,0.028145,0.149056,0.240692,0.182874,0.242326,0.063902,0.074273,0.144575,0.183604,0.110464,-0.035767,0.239157,0.071765,0.076261,0.208596,0.039664,0.136774,-0.099813,-0.198310,0.359895,0.287775,0.181347,0.144103,0.238549,0.408650,0.224960,-0.009642,0.085662,0.015544,0.160821,0.057637,0.242693,0.249153,0.111771,0.258403,0.072413,-0.039153,-0.087309,-0.100190,-0.127741,-0.147683,-0.020620,-0.153485,0.293967,0.230229,0.085375,0.155575,0.259085,0.316282,0.109965,-0.058541,0.195762,-0.026886,0.404713,0.425480,0.046203,0.006100,0.006025,-0.114686,-0.171909,-0.103987,0.088016,0.128108,0.076040,0.088154,0.157409,0.038584
0.229163,0.155386,1.367442,0.779878,0.668661,0.337159,0.750896,0.421244,0.582962,0.528645,0.322581,0.173827,0.728501,0.425603,0.928932,0.477558,-0.097756,-0.150357,0.402830,0.352861,-0.025800,0.072833,0.000000,1.408476,1.107331,0.886243,0.749521,0.529017,-0.115115,-0.187700,0.652350,0.757316,0.355293,0.276170,0.603930,0.440433,0.090251,-0.028497,0.183687,0.117191,-0.286915,-0.136494,0.426879,0.342120,0.397075,0.226235,0.178883,0.285961,0.067216,0.083834,0.238420,0.198024,0.059760,0.220017,0.227352,0.232759,0.027884,0.209255,0.147796,0.035836,0.265101,0.092704,0.212341,-0.008690,0.848058,0.387322,0.594290,0.407090,0.659736,0.830237,-0.030298,0.088180,0.246225,0.056159,0.079099,0.233731,0.294411,0.404927,-0.137597,-0.209931,0.006502,0.077574,0.407388,0.297552,0.651727,0.602627,0.719439,0.701204,0.756511,0.823668
0.287163,0.259181,0.920181,1.028249,0.596163,0.418457,0.571711,0.621355,0.535530,0.654577,0.287500,0.371498,0.572132,0.601158,0.762710,0.690594,-0.019225,-0.012156,0.469672,0.471833,-0.019336,0.028145,1.408476,0.000000,0.995024,0.928082,0.640192,0.503456,-0.021481,-0.021682,0.758452,0.776348,0.455992,0.409565,0.513589,0.389190,0.119384,0.039953,0.206480,0.138531,-0.229743,-0.111300,0.390681,0.357859,0.426134,0.250487,0.180367,0.302790,0.045510,0.150360,0.176033,0.201199,0.089698,0.239657,0.210156,0.218674,0.079078,0.288772,0.103698,0.165064,0.168434,0.258954,0.247569,0.151800,0.669614,0.501262,0.541183,0.457538,0.770556,0.952188,-0.025735,-0.019484,0.320802,0.188909,0.172474,0.293807,0.352739,0.449845,-0.065218,-0.111900,0.176239,0.199781,0.473165,0.466563,0.645029,0.846627,0.681982,0.921776,0.638998,0.967024
0.182806,0.206546,1.055496,0.665924,0.621956,0.272920,0.414780,0.247156,0.445632,0.364955,0.024277,0.033122,0.382352,0.227777,0.521612,0.356632,-0.041047,0.008901,0.393930,0.376351,0.098204,0.149056,1.107331,0.995024,0.000000,1.362602,1.029807,0.827268,-0.062665,-0.091465,0.811410,0.824000,0.375260,0.265539,0.652646,0.580642,0.220498,0.177804,0.359714,0.322222,-0.156895,-0.012657,0.596348,0.524781,0.547851,0.376399,0.351891,0.548675,0.100982,0.051372,0.171604,0.173679,0.100989,0.223650,0.255748,0.341084,0.007788,0.251303,0.031127,-0.030869,-0.031087,-0.049135,-0.007439,-0.181266,0.488244,0.214908,0.643408,0.471721,0.763742,0.884927,0.140545,0.169515,0.186866,0.121144,0.118960,0.279366,0.288153,0.481762,-0.083622,-0.056739,0.027439,0.071647,0.252416,0.227856,0.478818,0.620914,0.768278,0.924237,0.515711,0.669752
0.226924,0.199274,0.926351,0.680193,0.637505,0.336673,0.371535,0.301056,0.461945,0.444636,-0.029438,0.061220,0.283056,0.198701,0.447595,0.344750,-0.003604,-0.007214,0.405290,0.361766,0.053775,0.240692,0.886243,0.928082,1.362602,0.000000,0.830260,0.781131,-0.104176,-0.113358,0.665172,0.723344,0.282906,0.203969,0.629715,0.482443,0.236657,0.109059,0.256678,0.281213,-0.145620,-0.047133,0.539697,0.478085,0.484069,0.281303,0.330605,0.490652,0.062341,0.001017,0.116629,0.100647,0.127302,0.194195,0.152918,0.199672,0.031017,0.239663,-0.029607,-0.086613,-0.055633,-0.048070,-0.080499,-0.195163,0.468048,0.226264,0.568656,0.406538,0.776868,0.805245,0.143007,0.143688,0.155050,0.039266,0.104656,0.213188,0.381943,0.474067,-0.075136,-0.103954,0.005165,-0.026488,0.190098,0.270699,0.466975,0.687881,0.608307,0.969227,0.472373,0.692075
0.230115,0.201663,0.830362,0.459999,0.464980,0.168992,0.336525,0.124313,0.263124,0.230154,0.039242,-0.053547,0.299725,0.102803,0.400672,0.205200,0.040839,0.006436,0.356335,0.306630,0.052257,0.182874,0.749521,0.640192,1.029807,0.830260,0.000000,1.085125,-0.056560,-0.155769,0.461093,0.594180,0.259407,0.172082,0.641399,0.496243,0.195028,0.198252,0.216241,0.282515,-0.059851,-0.044222,0.524549,0.426785,0.482926,0.328277,0.293819,0.552876,0.125638,0.006813,0.187389,0.136158,0.070213,0.215666,0.226111,0.353571,0.067324,0.236731,0.020120,-0.051962,-0.029650,-0.101936,-0.033925,-0.216032,0.413488,0.161021,0.573045,0.430983,0.519370,0.719957,0.113677,0.334134,0.224509,0.069396,0.162583,0.261476,0.316639,0.505279,-0.102802,-0.043009,0.040499,0.022792,0.083688,0.041982,0.373223,0.399598,0.551366,0.667661,0.431534,0.502535
0.258035,0.228351,0.600731,0.372324,0.405057,0.250315,0.205606,0.067302,0.151764,0.219461,-0.020165,-0.044390,0.190640,0.044263,0.278643,0.167063,0.074302,0.019433,0.310128,0.291531,0.025528,0.242326,0.529017,0.503456,0.827268,0.781131,1.085125,0.000000,-0.053305,-0.148680,0.360622,0.391583,0.227126,0.196969,0.539100,0.558995,0.191930,0.138329,0.186026,0.248122,-0.035954,0.012012,0.542728,0.481735,0.496326,0.394776,0.356616,0.556633,0.096138,-0.054616,0.162869,0.115344,0.134064,0.243700,0.246173,0.333344,0.064802,0.233309,-0.029421,-0.036529,-0.096948,-0.103579,-0.120022,-0.248307,0.277310,0.095599,0.537730,0.457871,0.441372,0.716146,0.121729,0.282220,0.219951,0.119074,0.032608,0.266156,0.257333,0.363124,-0.114733,-0.032593,0.074157,0.030448,0.062936,0.065314,0.347130,0.408967,0.439685,0.627001,0.308392,0.434273
0.523229,0.601760,-0.128957,0.112082,0.086338,0.190860,0.019003,0.282368,0.207148,0.227015,0.417144,0.552437,0.155066,0.435753,0.262232,0.392928,0.961949,0.699454,0.557654,0.624513,0.232063,0.063902,-0.115115,-0.021481,-0.062665,-0.104176,-0.056560,-0.053305,0.000000,0.747269,0.178383,0.000432,0.418060,0.507331,-0.297869,-0.193316,0.345455,0.184533,0.401373,0.072967,0.149358,0.054158,0.270409,0.282783,0.200493,0.181532,0.418665,0.250346,0.454809,0.379027,0.378400,0.183876,0.583847,0.413584,0.494082,0.257739,0.645540,0.402143,0.398621,0.460546,0.258728,0.481719,0.543116,0.497623,-0.094343,0.135252,0.092528,0.083909,0.245753,0.145473,0.025411,-0.147535,0.541295,0.413227,0.523721,0.309019,0.287432,0.299152,0.402860,0.222384,1.052890,0.704168,0.641948,0.406998,0.316486,0.177034,0.150675,-0.036556,0.251218,0.208562
0.334646,0.522614,-0.214253,0.086882,-0.038072,0.276306,-0.177323,0.288847,0.092652,0.179867,0.046722,0.646396,-0.087203,0.365835,0.000974,0.331777,0.559537,0.935515,0.382550,0.539021,0.299914,0.074273,-0.187700,-0.021682,-0.091465,-0.113358,-0.155769,-0.148680,0.747269,0.000000,0.294588,0.145495,0.462793,0.453456,-0.241827,-0.220350,0.180383,0.540221,0.129037,0.250090,0.007584,0.124242,0.039148,0.209275,0.072690,0.220807,0.149115,0.252119,0.319603,0.368812,0.040015,0.155475,0.254314,0.400269,0.110379,0.358280,0.428198,0.460670,0.248817,0.419204,-0.071204,0.435031,0.178812,0.549892,-0.370004,0.110853,-0.037900,0.081715,0.157517,0.066110,0.320725,0.049122,0.359580,0.668178,0.477364,0.308861,0.223022,0.334343,0.224638,0.367681,0.622645,0.824691,0.323883,0.400428,-0.117601,0.284425,0.020243,0.040358,-0.114754,0.163633
0.370846,0.447447,0.590129,0.621835,0.523669,0.311409,0.302223,0.428109,0.345250,0.222152,0.029257,0.318343,0.281563,0.410329,0.416107,0.431503,0.129385,0.288902,0.551653,0.556414,0.187179,0.144575,0.652350,0.758452,0.811410,0.665172,0.461093,0.360622,0.178383,0.294588,0.000000,1.142288,0.713937,0.527774,0.207745,0.252891,0.210879,0.213089,0.313737,0.336983,-0.227075,0.077243,0.344820,0.412445,0.387642,0.318332,0.211844,0.417561,0.094740,0.113382,0.047615,0.086053,0.044357,0.119645,0.229302,0.384129,0.277410,0.545272,0.130565,0.199342,0.000262,0.223441,0.159236,0.165414,0.207224,0.207621,0.357524,0.327639,0.805381,0.634832,0.302056,0.152019,0.349518,0.413334,0.400844,0.343507,0.289113,0.485734,-0.009371,0.059328,0.338358,0.472982,0.467568,0.561462,0.319025,0.579213,0.571115,0.638856,0.240470,0.517713
0.310025,0.351532,0.714528,0.555512,0.402695,0.241967,0.298746,0.326971,0.269216,0.229303,0.011482,0.206077,0.344950,0.342451,0.452650,0.348890,0.091320,0.228814,0.440197,0.449238,0.203714,0.183604,0.757316,0.776348,0.824000,0.723344,0.594180,0.391583,0.000432,0.145495,1.142288,0.000000,0.568577,0.354923,0.346445,0.306591,0.108596,0.231733,0.169627,0.315200,-0.224370,0.121574,0.329314,0.430370,0.340602,0.225934,0.081239,0.433927,0.016949,0.032844,-0.020197,0.043237,-0.100524,0.128797,0.107511,0.293342,0.247021,0.470101,0.063533,0.022721,-0.053025,0.083350,-0.000671,0.036979,0.247956,0.103638,0.323238,0.225213,0.670614,0.584563,0.234695,0.190371,0.189774,0.239674,0.334434,0.290601,0.261953,0.412017,0.011607,-0.028882,0.114456,0.211011,0.284249,0.335691,0.325994,0.575294,0.511817,0.582759,0.305025,0.454759
0.684197,0.873530,0.459651,0.694053,0.418489,0.399889,0.391479,0.466316,0.328059,0.257318,0.370416,0.568772,0.299943,0.481866,0.347693,0.258450,0.479315,0.587880,0.745417,0.923213,0.169553,0.110464,0.355293,0.455992,0.375260,0.282906,0.259407,0.227126,0.418060,0.462793,0.713937,0.568577,0.000000,1.254282,0.082126,0.195534,0.224422,0.278722,0.217928,0.188496,-0.006680,0.175282,0.300041,0.521048,0.458509,0.515251,0.275182,0.478924,0.457513,0.411056,0.309076,0.263104,0.102144,0.361573,0.287472,0.483058,0.810564,0.877085,0.576355,0.617715,0.271030,0.499331,0.562269,0.545124,0.149563,0.304440,0.541453,0.608151,0.601149,0.590523,0.159203,0.159606,0.647636,0.575825,0.640443,0.562011,0.476602,0.580809,-0.105936,-0.068155,0.516854,0.715731,0.653206,0.584259,0.343793,0.599716,0.315423,0.353359,0.200540,0.417862
0.794259,0.947434,0.339481,0.613941,0.292013,0.286516,0.279537,0.348234,0.234271,0.179669,0.413399,0.537863,0.207942,0.406404,0.298384,0.257723,0.552186,0.589933,0.857849,0.955655,0.091325,-0.035767,0.276170,0.409565,0.265539,0.203969,0.172082,0.196969,0.507331,0.453456,0.527774,0.354923,1.254282,0.000000,0.043709,0.198646,0.304681,0.211549,0.294899,0.188026,0.083717,0.273873,0.269430,0.511075,0.447439,0.422476,0.306361,0.381835,0.314814,0.371647,0.311538,0.236875,0.132394,0.331156,0.341335,0.412552,0.748795,0.764673,0.491897,0.563501,0.238277,0.446854,0.597962,0.524949,0.164578,0.360822,0.474720,0.496388,0.622893,0.556967,0.026483,0.007758,0.763530,0.708379,0.503314,0.608197,0.508614,0.525521,-0.005601,0.057878,0.686762,0.744412,0.746983,0.580614,0.364177,0.521053,0.378299,0.351739,0.189630,0.401425
0.077524,0.047196,0.716031,0.293325,0.184634,0.027301,0.268201,-0.037210,0.135583,0.122193,-0.093266,-0.213020,0.160705,-0.093602,0.272794,0.002327,-0.047553,-0.173456,0.174587,0.140255,0.073452,0.239157,0.603930,0.513589,0.652646,0.629715,0.641399,0.539100,-0.297869,-0.241827,0.207745,0.346445,0.082126,0.043709,0.000000,0.809870,0.257906,0.134454,0.218323,0.190934,-0.114369,-0.256357,0.544083,0.402033,0.556688,0.283521,0.294000,0.429094,0.094335,-0.067109,0.262181,0.120885,0.095745,0.113326,0.255310,0.248745,-0.126063,0.139580,-0.061045,-0.233709,-0.083561,-0.292798,-0.262199,-0.412252,0.595809,0.154491,0.650309,0.423933,0.370930,0.502442,0.072457,0.253954,0.066974,-0.092623,-0.073138,0.158899,0.464925,0.434254,-0.073570,-0.147119,-0.156120,-0.140927,-0.102782,-0.140319,0.361550,0.335433,0.435897,0.535051,0.420667,0.374837
-0.031293,0.038579,0.466168,0.253690,0.107772,-0.091002,0.131618,-0.071914,0.000571,-0.033276,-0.124484,-0.159094,0.103529,-0.066349,0.130389,-0.052100,-0.118006,-0.065879,0.125843,0.094091,-0.024084,0.071765,0.440433,0.389190,0.580642,0.482443,0.496243,0.558995,-0.193316,-0.220350,0.252891,0.306591,0.195534,0.198646,0.809870,0.000000,0.310678,0.176670,0.370524,0.443305,0.126634,0.039346,0.471767,0.583314,0.638996,0.510210,0.367666,0.532984,0.021950,0.018688,0.138492,0.237789,-0.173049,0.084192,0.200119,0.356188,-0.144956,0.096027,-0.026843,-0.082403,-0.111677,-0.197154,-0.217513,-0.298827,0.378936,0.208920,0.662714,0.560633,0.400862,0.425410,-0.099225,0.049628,0.065201,0.076394,-0.019837,0.311794,0.303679,0.454493,-0.021858,0.060397,-0.077612,-0.026488,0.042106,-0.032336,0.268448,0.368475,0.651375,0.600305,0.171276,0.215124
0.294654,0.395208,0.187491,0.202968,0.106856,0.035273,0.013279,0.058454,0.146105,0.143902,0.034440,0.116006,-0.002357,0.092358,0.120589,0.199688,0.534296,0.346803,0.394799,0.401394,0.201510,0.076261,0.090251,0.119384,0.220498,0.236657,0.195028,0.191930,0.345455,0.180383,0.210879,0.108596,0.224422,0.304681,0.257906,0.310678,0.000000,0.263702,0.854868,0.402880,0.021068,0.063240,0.518346,0.428821,0.507640,0.290615,0.683866,0.449979,0.355038,0.106613,0.438907,0.055207,0.414132,0.178879,0.603189,0.280930,0.346936,0.351332,0.190445,0.059956,0.052474,0.070605,0.161235,0.086323,0.258018,0.163100,0.296963,0.214024,0.458600,0.180353,0.078902,-0.018430,0.405037,0.089498,0.319803,0.173244,0.541303,0.431087,0.121226,-0.069673,0.334659,0.292404,0.248831,0.188825,0.346472,0.324281,0.454864,0.293259,0.284214,0.314005
0.017208,0.251746,0.018519,0.126394,-0.137598,-0.087600,-0.194670,0.009689,-0.038383,0.032972,-0.163288,0.221332,-0.070043,0.128881,-0.066205,0.154786,0.289865,0.548144,0.106326,0.210703,0.298862,0.208596,-0.028497,0.039953,0.177804,0.109059,0.198252,0.138329,0.184533,0.540221,0.213089,0.231733,0.278722,0.211549,0.134454,0.176670,0.263702,0.000000,0.272718,0.563535,0.197764,0.447696,0.169520,0.371786,0.180147,0.257397,0.145811,0.460367,0.104279,0.064751,-0.079803,0.081754,-0.056148,0.214705,0.019307,0.304386,0.143677,0.299785,0.069655,0.115025,-0.255789,0.025555,-0.119345,0.158204,-0.291556,0.055794,0.194127,0.255552,0.136277,0.186773,0.247725,0.298695,0.129985,0.543375,0.396068,0.302222,0.236511,0.526755,0.030247,0.238076,0.082031,0.288092,0.038960,-0.030257,-0.227297,0.349698,0.155756,0.266260,-0.183675,0.080840
0.207094,0.360892,0.241072,0.351487,0.113897,-0.044166,0.126981,0.171006,0.176779,0.127384,0.068213,0.098956,0.088696,0.145757,0.193746,0.234624,0.350988,0.311041,0.446117,0.409996,0.319534,0.039664,0.183687,0.206480,0.359714,0.256678,0.216241,0.186026,0.401373,0.129037,0.313737,0.169627,0.217928,0.294899,0.218323,0.370524,0.854868,0.272718,0.000000,0.626664,0.058826,0.066856,0.548418,0.454164,0.542608,0.324573,0.680540,0.479107,0.327670,0.185854,0.408328,0.196183,0.354054,0.241620,0.644459,0.427383,0.270877,0.297346,0.210788,0.143014,0.051234,0.115051,0.167386,0.073440,0.259201,0.280356,0.384593,0.287537,0.629087,0.262544,0.199762,0.027935,0.339155,0.220403,0.307645,0.241377,0.422645,0.511751,0.171765,0.056011,0.302142,0.304871,0.285536,0.172942,0.279286,0.302146,0.809008,0.445861,0.323611,0.323291
-0.054058,0.212995,0.160443,0.155814,-0.117046,-0.232896,-0.179040,-0.053985,-0.134865,-0.141088,-0.206065,-0.002576,-0.047472,-0.013169,-0.017913,0.084453,0.017742,0.237017,0.193389,0.188733,0.313634,0.136774,0.117191,0.138531,0.322222,0.281213,0.282515,0.248122,0.072967,0.250090,0.336983,0.315200,0.188496,0.188026,0.190934,0.443305,0.402880,0.563535,0.626664,0.000000,0.055791,0.360144,0.258668,0.476190,0.387281,0.346337,0.426208,0.662016,0.021078,-0.021495,-0.137261,0.049587,-0.117825,0.072973,0.151387,0.479551,0.052370,0.253853,-0.021754,0.002845,-0.303897,-0.083819,-0.204481,-0.068046,-0.064228,0.056950,0.306495,0.285162,0.423456,0.139979,0.169215,0.181754,0.129549,0.301470,0.303470,0.267257,0.292215,0.570850,0.034017,0.257622,0.006731,0.169614,0.001029,0.034877,-0.100766,0.386863,0.507516,0.468165,-0.083758,0.129769
-0.063458,-0.044111,-0.263155,-0.218291,-0.306125,-0.263545,-0.286409,-0.293725,-0.329793,-0.269506,-0.013184,-0.038078,-0.227432,-0.149874,-0.328009,-0.222100,0.121344,0.088484,-0.076667,-0.093311,-0.084648,-0.099813,-0.286915,-0.229743,-0.156895,-0.145620,-0.059851,-0.035954,0.149358,0.007584,-0.227075,-0.224370,-0.006680,0.083717,-0.114369,0.126634,0.021068,0.197764,0.058826,0.055791,0.000000,0.451317,-0.010908,0.168769,0.041316,0.008802,0.104341,0.067646,-0.071001,-0.046222,0.000453,0.013175,-0.063936,-0.030990,-0.053439,-0.101759,0.015922,-0.122628,-0.062443,-0.048933,-0.082021,-0.062752,0.013113,0.026155,-0.244066,-0.082013,-0.014461,0.016572,-0.150016,-0.029282,-0.270365,-0.208136,-0.005168,0.108696,0.075554,0.096652,0.043703,0.027377,0.170502,0.358005,0.165447,-0.155797,0.047471,-0.023688,-0.071262,-0.010002,-0.042773,0.017565,-0.198590,-0.192304
-0.025106,0.088229,-0.124302,-0.068939,-0.167387,-0.208597,-0.321410,-0.220218,-0.293799,-0.222673,-0.100020,0.001313,-0.173506,-0.068248,-0.219884,0.005099,0.073434,0.253563,0.016792,0.013154,-0.086771,-0.198310,-0.136494,-0.111300,-0.012657,-0.047133,-0.044222,0.012012,0.054158,0.124242,0.077243,0.121574,0.175282,0.273873,-0.256357,0.039346,0.063240,0.447696,0.066856,0.360144,0.451317,0.000000,-0.106960,0.216662,-0.009590,0.026166,-0.049693,0.100617,-0.197809,-0.114531,-0.297979,-0.145562,-0.341123,-0.081126,-0.238652,-0.032605,0.110849,0.035006,-0.122387,-0.014505,-0.245746,-0.098433,0.024615,0.102934,-0.356369,-0.102615,-0.099912,-0.066489,-0.033951,-0.081189,-0.069921,-0.001293,-0.002564,0.405606,0.077655,0.301781,-0.119699,0.020167,0.127416,0.305785,0.019633,0.113237,0.122867,0.064544,-0.235520,0.098952,0.004440,0.048277,-0.408425,-0.133685
0.316508,0.330179,0.540915,0.409776,0.345813,0.262245,0.290514,0.196338,0.324819,0.238101,0.087071,0.051066,0.193986,0.122399,0.318062,0.199147,0.329916,0.102308,0.468103,0.484680,0.023859,0.359895,0.426879,0.390681,0.596348,0.539697,0.524549,0.542728,0.270409,0.039148,0.344820,0.329314,0.300041,0.269430,0.544083,0.471767,0.518346,0.169520,0.548418,0.258668,-0.010908,-0.106960,0.000000,1.001190,0.997720,0.529721,1.047159,0.920159,0.575610,0.274089,0.672890,0.348277,0.450171,0.524078,0.647961,0.390599,0.219942,0.259415,0.202902,0.071975,0.070878,0.026085,0.031910,-0.114767,0.330415,0.173836,0.676933,0.472462,0.606761,0.606989,0.072842,0.106098,0.277227,0.075675,0.222435,0.239652,0.564494,0.573073,0.024995,-0.070246,0.271683,0.155988,0.254928,0.238396,0.509961,0.418541,0.486615,0.482520,0.574353,0.476940
0.259022,0.338952,0.444558,0.357170,0.234879,0.193513,0.164025,0.123713,0.221431,0.152347,0.066850,0.137963,0.167495,0.168273,0.258868,0.173660,0.314265,0.270509,0.408196,0.434337,0.071443,0.287775,0.342120,0.357859,0.524781,0.478085,0.426785,0.481735,0.282783,0.209275,0.412445,0.430370,0.521048,0.511075,0.402033,0.583314,0.428821,0.371786,0.454164,0.476190,0.168769,0.216662,1.001190,0.000000,0.946946,0.706537,0.821248,1.133491,0.422123,0.331765,0.371388,0.389559,0.182749,0.531855,0.441983,0.523462,0.253812,0.327846,0.225147,0.156093,-0.000115,0.050511,0.036819,0.007149,0.158791,0.195157,0.728772,0.631463,0.539559,0.572522,0.010431,0.127795,0.278964,0.319313,0.300809,0.390347,0.522797,0.675657,0.032025,0.081951,0.234501,0.229491,0.282567,0.245717,0.353358,0.608479,0.501417,0.563691,0.281947,0.376378
0.223408,0.301095,0.485831,0.415170,0.314536,0.228032,0.244750,0.139050,0.242861,0.136839,0.093064,0.070799,0.185867,0.088285,0.246047,0.114676,0.200083,0.094901,0.397289,0.415396,0.000043,0.181347,0.397075,0.426134,0.547851,0.484069,0.482926,0.496326,0.200493,0.072690,0.387642,0.340602,0.458509,0.447439,0.556688,0.638996,0.507640,0.180147,0.542608,0.387281,0.041316,-0.009590,0.997720,0.946946,0.000000,0.797831,0.915180,0.887299,0.577904,0.304642,0.561414,0.395346,0.281981,0.400676,0.496606,0.455809,0.172089,0.280120,0.288881,0.173537,0.079088,0.057912,0.024030,-0.037080,0.397508,0.295361,0.889071,0.696835,0.596607,0.550703,0.022776,0.118034,0.315739,0.160795,0.243980,0.350155,0.517438,0.596832,-0.076742,0.029397,0.274662,0.264750,0.290518,0.169610,0.494606,0.528857,0.586263,0.546907,0.361131,0.427230
0.122431,0.208883,0.299624,0.361659,0.380125,0.355863,0.362825,0.325040,0.356676,0.195953,0.160459,0.283296,0.201284,0.230667,0.255151,0.110592,0.084908,0.167347,0.198887,0.271857,0.022021,0.144103,0.226235,0.250487,0.376399,0.281303,0.328277,0.394776,0.181532,0.220807,0.318332,0.225934,0.515251,0.422476,0.283521,0.510210,0.290615,0.257397,0.324573,0.346337,0.008802,0.026166,0.529721,0.706537,0.797831,0.000000,0.508330,0.725607,0.661897,0.789392,0.517627,0.927221,0.122765,0.498956,0.363717,0.750750,0.123300,0.207321,0.628708,0.537522,0.285043,0.340077,0.052920,0.145293,0.339053,0.627967,0.917275,1.308026,0.293056,0.377531,0.075406,0.214003,0.323271,0.381431,0.336467,0.408162,0.319849,0.549704,-0.217494,-0.075920,0.073228,0.290912,0.162577,0.163795,0.246446,0.536584,0.368997,0.351883,0.248174,0.413792
0.258612,0.391654,0.288929,0.320514,0.235919,0.185879,0.171552,0.159387,0.258008,0.178199,0.195815,0.154793,0.139707,0.158411,0.201630,0.190924,0.404739,0.230390,0.444932,0.465104,0.107185,0.238549,0.178883,0.180367,0.351891,0.330605,0.293819,0.356616,0.418665,0.149115,0.211844,0.081239,0.275182,0.306361,0.294000,0.367666,0.683866,0.145811,0.680540,0.426208,0.104341,-0.049693,1.047159,0.821248,0.915180,0.508330,0.000000,0.970073,0.603491,0.279698,0.593600,0.332329,0.479916,0.436104,0.671943,0.413282,0.308174,0.292359,0.277172,0.179173,0.145484,0.148970,0.146420,0.042212,0.235987,0.157090,0.562492,0.401102,0.515206,0.401554,0.061427,0.049736,0.378119,0.118364,0.299703,0.175840,0.643413,0.585512,0.082521,0.052083,0.347475,0.229070,0.185766,0.205109,0.393106,0.339133,0.388111,0.352808,0.364765,0.352107
0.214901,0.412576,0.424638,0.379613,0.202180,0.149910,0.115235,0.098659,0.179818,0.104783,0.023526,0.115740,0.116428,0.117406,0.206851,0.148750,0.304295,0.285793,0.381622,0.466389,0.210294,0.408650,0.285961,0.302790,0.548675,0.490652,0.552876,0.556633,0.250346,0.252119,0.417561,0.433927,0.478924,0.381835,0.429094,0.532984,0.449979,0.460367,0.479107,0.662016,0.067646,0.100617,0.920159,1.133491,0.887299,0.725607,0.970073,0.000000,0.493344,0.271306,0.293843,0.346451,0.171106,0.420142,0.484345,0.686546,0.235230,0.410410,0.225253,0.148097,-0.080665,0.037379,-0.046703,-0.003567,0.118857,0.124304,0.755340,0.655482,0.523428,0.521882,0.182679,0.263925,0.299559,0.280155,0.413014,0.346329,0.649659,0.853855,-0.018091,0.070999,0.174204,0.222928,0.102508,0.135115,0.206008,0.509856,0.455650,0.522182,0.238456,0.329907
