0.000000,1.397580,0.555514,0.326430,0.049247,0.335823,0.808787,0.597609,0.312482,0.234665,0.887965,0.787857,0.769981,0.709447,0.259344,0.383590,0.582360,0.758136,0.898766,0.796031,-0.063041,0.025329,0.307831,0.240676,0.042207,0.041590,0.104610,0.226224,0.469329,0.295272,0.264150,0.292427,1.142535,1.101378,0.611931,0.583613,0.152649,0.242428,0.262167,0.116362,-0.017432,-0.097705,0.028099,0.110011,0.502689,0.562483,0.431183,0.596706,0.566842,0.512065,0.558225,0.566868,0.491509,0.346877,0.621416,0.627398,1.474388,1.326838,0.995744,0.847299,0.873519,0.728347,0.417086,0.661849,-0.020157,0.617556,1.038000,0.688845,1.146007,1.191665,0.053971,0.214795,0.259211,0.375152,0.244495,0.378582,0.290773,0.320000,0.736382,0.481615,0.693660,0.718953,0.766311,0.762157,0.779173,0.577568,0.174079,0.750234,0.695445,0.611790
1.397580,0.000000,0.618396,0.556391,-0.053340,0.367974,0.752814,0.896912,0.321185,0.345863,0.662419,0.924573,0.755916,0.954853,0.199819,0.683186,0.442989,0.843290,1.134001,1.097789,-0.103267,0.077350,0.460959,0.424635,0.025055,0.064702,0.036802,0.321261,0.507594,0.469339,0.394606,0.508859,1.018857,1.193482,0.535317,0.577405,0.069026,0.179442,0.128269,0.009079,-0.113893,-0.178296,0.055256,0.097859,0.556805,0.616644,0.429302,0.632000,0.621888,0.551336,0.641845,0.578452,0.538614,0.440791,0.581897,0.534017,1.255934,1.363353,0.826194,0.747064,0.746725,0.704779,0.370444,0.627942,0.040660,0.598197,0.909385,0.672844,1.214030,1.311419,0.160426,0.298763,0.197498,0.439679,0.235312,0.403940,0.266845,0.195503,0.693490,0.585256,0.873577,0.740947,1.039007,0.969095,1.117467,0.619032,0.166519,0.847413,0.761417,0.583426
0.555514,0.618396,0.000000,0.921634,0.121355,0.305352,0.946898,0.830296,0.375765,0.256496,0.444929,0.551536,0.595763,0.672328,0.282987,0.494798,0.177422,0.219290,0.807930,0.652841,0.034404,0.124385,1.159751,1.167495,0.376603,0.415596,0.210215,0.464223,0.077625,0.155550,0.853592,0.768504,0.575478,0.675246,0.552063,0.417958,0.202665,0.140055,0.029976,-0.022901,-0.277897,-0.159606,0.208539,0.190835,0.432781,0.463398,0.386532,0.512815,0.403317,0.355219,0.491855,0.394642,0.463211,0.498491,0.434905,0.453500,0.360941,0.375072,0.594709,0.398637,0.531551,0.360637,0.113902,0.196974,0.441926,0.540305,0.663406,0.531058,0.392589,0.392313,0.294481,0.274503,0.192360,0.494249,0.188096,0.481134,0.158389,0.186904,0.212014,0.114743,0.194638,0.253425,0.438513,0.391994,0.492252,0.270848,0.101920,0.403558,0.666682,0.625955
0.326430,0.556391,0.921634,0.000000,-0.096398,0.240013,0.489922,1.064751,0.156681,0.277840,0.160979,0.599480,0.341711,0.673748,0.087042,0.766461,0.009624,0.173761,0.736144,0.784227,-0.061271,0.149024,0.897998,1.334829,0.299526,0.299039,0.041753,0.398746,0.053210,0.326514,0.912757,0.939528,0.330789,0.573372,0.295605,0.186003,0.061524,0.029752,-0.029670,-0.050981,-0.177998,-0.073214,0.034786,-0.027169,0.203629,0.241554,0.215735,0.293375,0.218646,0.152565,0.310845,0.115065,0.287915,0.301815,0.237904,0.228106,0.304316,0.239014,0.245593,0.095628,0.298259,0.276135,0.057727,0.084183,0.257565,0.398777,0.349160,0.347664,0.324422,0.313713,0.261646,0.266707,0.045520,0.443914,0.117659,0.360566,0.118638,-0.009266,0.075757,0.112282,0.266285,0.103703,0.448847,0.370801,0.513118,0.220290,0.165373,0.353754,0.505224,0.471611
0.049247,-0.053340,0.121355,-0.096398,0.000000,0.330089,0.325062,0.004482,1.051082,0.257582,0.306519,-0.237093,0.248098,-0.230167,0.804950,-0.477199,0.329209,-0.071358,0.185359,-0.027352,1.132811,0.560966,0.171195,0.105007,0.615967,0.482209,1.195610,0.346445,0.033942,-0.222974,0.065332,-0.102297,0.276666,0.139369,0.292691,0.432011,0.195571,0.407778,0.298779,0.235671,0.150718,0.092427,0.609657,0.858923,0.471616,0.431377,0.416946,0.322868,0.296027,0.385450,0.307070,0.458034,0.478202,0.434207,0.456840,0.354496,0.004757,-0.023794,0.260643,0.329123,0.273461,0.324868,0.465475,0.355894,0.475859,0.241730,0.252741,0.396783,-0.117066,-0.085849,0.074473,-0.113401,0.238804,0.110850,0.410528,0.344977,0.308804,0.657727,0.313596,0.164477,-0.075244,0.477636,0.110393,0.139217,-0.137275,0.298153,-0.066632,0.029727,0.237794,0.283713
0.335823,0.367974,0.305352,0.240013,0.330089,0.000000,0.369239,0.411501,0.475584,0.857351,0.359557,0.248585,0.471747,0.316493,0.201792,0.305162,0.339109,0.237885,0.368170,0.143727,0.394045,0.576143,0.319017,0.346019,0.449280,0.384548,0.516063,1.015487,0.125126,0.119621,0.116883,0.085801,0.510604,0.481448,0.578235,0.653398,0.237407,0.240702,0.226153,0.175389,0.013785,0.098816,0.551071,0.545753,0.549727,0.539273,0.623150,0.610525,0.559007,0.476095,0.820190,0.639921,0.718044,0.622053,0.627083,0.495479,0.287235,0.343698,0.584501,0.600240,0.550179,0.572268,0.445042,0.464722,0.412704,0.661438,0.620496,0.676795,0.363731,0.328055,-0.043345,-0.151452,0.252653,0.271793,0.495617,0.309988,0.461223,0.308727,0.432986,0.435381,0.359254,0.289399,0.392436,0.395620,0.528402,0.229751,0.081028,0.290545,0.581103,0.574731
0.808787,0.752814,0.946898,0.489922,0.325062,0.369239,0.000000,0.951186,0.651974,0.316517,0.796508,0.675983,0.784645,0.569648,0.374812,0.300024,0.307177,0.441470,0.819792,0.560882,0.086495,0.065460,0.695570,0.526295,0.201967,0.374394,0.219971,0.272456,0.289927,0.187399,0.682969,0.607928,0.908646,0.916720,0.446769,0.550793,0.142312,0.207400,0.080520,-0.022073,-0.126982,-0.153924,0.312878,0.349222,0.590312,0.593299,0.462863,0.666240,0.560779,0.538447,0.593654,0.623175,0.570089,0.570797,0.575585,0.526428,0.513687,0.606481,0.895204,0.841158,0.750287,0.672167,0.394208,0.500156,0.279701,0.670202,0.936256,0.782980,0.535139,0.621515,0.373829,0.451158,0.227236,0.472803,0.201357,0.537284,0.155604,0.314278,0.338657,0.315910,0.392234,0.543467,0.701684,0.680759,0.545007,0.467230,0.030274,0.485394,0.746046,0.585468
0.597609,0.896912,0.830296,1.064751,0.004482,0.411501,0.951186,0.000000,0.410869,0.491160,0.443580,0.848100,0.598966,0.859110,0.211999,0.717622,0.196423,0.418308,0.870093,0.705670,-0.045072,0.130087,0.751467,0.849900,0.121095,0.283744,0.045726,0.395447,0.304965,0.445863,0.754977,0.854129,0.653622,0.917364,0.282420,0.360785,0.093307,0.085947,-0.072320,-0.146767,-0.209177,-0.159221,0.182680,0.166863,0.414537,0.426948,0.348134,0.550881,0.447938,0.365653,0.568939,0.395271,0.488580,0.500031,0.430291,0.354066,0.469621,0.534902,0.624334,0.521502,0.576963,0.528099,0.313057,0.347389,0.191265,0.595438,0.617472,0.576585,0.555421,0.630566,0.347146,0.395104,0.122937,0.496878,0.174138,0.436518,0.110692,0.040608,0.258583,0.421637,0.568204,0.384066,0.827119,0.637079,0.793434,0.353003,-0.029890,0.493040,0.700658,0.546437
0.312482,0.321185,0.375765,0.156681,1.051082,0.475584,0.651974,0.410869,0.000000,0.586311,0.588753,0.152287,0.663850,0.215611,0.859226,-0.057275,0.423906,0.184188,0.461508,0.200535,0.703497,0.496672,0.390299,0.324724,0.510809,0.508363,0.842984,0.434257,0.242477,0.050321,0.272477,0.179553,0.501150,0.424109,0.423779,0.622397,0.138697,0.341581,0.182258,0.116042,-0.081514,-0.078343,0.521525,0.732443,0.625978,0.609799,0.525773,0.558727,0.470758,0.534441,0.569170,0.642809,0.671843,0.657536,0.638677,0.487540,0.213556,0.251843,0.597025,0.626068,0.569358,0.625129,0.474464,0.511351,0.553405,0.606743,0.565819,0.682829,0.210288,0.238555,0.163129,-0.024565,0.272446,0.266183,0.458887,0.499854,0.300025,0.512121,0.533519,0.474097,0.176855,0.722028,0.464147,0.428475,0.251047,0.564327,-0.025218,0.296910,0.585135,0.570804
0.234665,0.345863,0.256496,0.277840,0.257582,0.857351,0.316517,0.491160,0.586311,0.000000,0.216277,0.340683,0.347633,0.445011,0.412279,0.451551,0.224715,0.139682,0.352138,0.137050,0.357910,0.544116,0.303685,0.355273,0.383323,0.387785,0.396436,0.659457,0.221983,0.297275,0.135082,0.161569,0.299594,0.333827,0.323382,0.422168,0.204750,0.283605,0.024485,0.077846,-0.047593,0.098920,0.406768,0.443788,0.274296,0.281061,0.465533,0.484923,0.271293,0.266939,0.557018,0.454802,0.684096,0.574347,0.448583,0.357803,0.170495,0.261209,0.417622,0.466847,0.403752,0.544610,0.222267,0.335431,0.346545,0.582728,0.372391,0.493267,0.274888,0.284022,-0.003768,-0.109121,0.253374,0.249481,0.464860,0.318692,0.308068,0.122455,0.439291,0.556176,0.349071,0.350511,0.581366,0.402484,0.546758,0.366127,-0.014717,0.303228,0.569285,0.629706
0.887965,0.662419,0.444929,0.160979,0.306519,0.359557,0.796508,0.443580,0.588753,0.216277,0.000000,0.605848,1.240949,0.453751,0.503474,0.054761,0.822425,0.513182,0.599443,0.404281,0.096958,0.054916,0.221794,0.198730,0.164547,0.239263,0.301867,0.193494,0.496800,0.044159,0.198718,0.138878,0.785214,0.731156,0.522180,0.610715,0.059854,0.180868,0.264348,0.115626,-0.022593,-0.167170,0.161614,0.288193,0.506739,0.547763,0.344464,0.485723,0.402806,0.397988,0.508710,0.517443,0.377684,0.247335,0.487449,0.522044,0.601901,0.600475,0.902957,0.735992,0.841228,0.794229,0.621048,0.708398,0.308512,0.837614,0.909115,0.656973,0.481033,0.498914,-0.030920,0.015957,0.348202,0.254837,0.329299,0.348009,0.089554,0.280071,0.576379,0.399588,0.351170,0.667492,0.499118,0.500666,0.404627,0.553015,0.012995,0.432161,0.535165,0.534899
0.787857,0.924573,0.551536,0.599480,-0.237093,0.248585,0.675983,0.848100,0.152287,0.340683,0.605848,0.000000,0.624676,1.248740,0.146493,0.749793,0.293577,0.719089,0.636712,0.600424,-0.368580,-0.104370,0.397494,0.472926,-0.028652,0.189546,-0.161694,0.158130,0.425765,0.530047,0.488408,0.620994,0.579900,0.766726,0.266553,0.257686,0.056809,0.115483,-0.040613,-0.053168,-0.140736,-0.114539,-0.061460,-0.062047,0.256429,0.313789,0.221690,0.373561,0.276258,0.260415,0.296014,0.246638,0.266209,0.226436,0.244175,0.335592,0.612970,0.659926,0.517322,0.450881,0.538854,0.611867,0.215042,0.429197,0.079347,0.659369,0.582269,0.460938,0.631635,0.676179,0.156235,0.333262,0.177538,0.418721,0.027480,0.271358,-0.038749,-0.039016,0.283908,0.394976,0.440668,0.415751,0.634515,0.698972,0.712002,0.546163,0.122964,0.607718,0.548001,0.493541
0.769981,0.755916,0.595763,0.341711,0.248098,0.471747,0.784645,0.598966,0.663850,0.347633,1.240949,0.624676,0.000000,0.675620,0.454306,0.322892,0.582748,0.520438,0.655735,0.496055,0.065346,0.072579,0.497744,0.392692,0.232920,0.296149,0.319033,0.390191,0.388743,0.166271,0.372577,0.315288,0.747596,0.704090,0.616354,0.679005,-0.044436,0.102933,0.115659,-0.018022,-0.241387,-0.283855,0.189377,0.284543,0.583402,0.646968,0.405289,0.579421,0.536842,0.512307,0.675825,0.574230,0.475529,0.424840,0.555884,0.448283,0.574767,0.657018,0.872605,0.704948,0.822837,0.798596,0.622605,0.737220,0.459454,0.905331,0.953873,0.746861,0.574507,0.602734,0.124111,0.087193,0.187699,0.270637,0.291250,0.402828,0.179967,0.273807,0.543577,0.467928,0.409345,0.641745,0.592858,0.670405,0.565325,0.529167,0.032709,0.508431,0.636081,0.530821
0.709447,0.954853,0.672328,0.673748,-0.230167,0.316493,0.569648,0.859110,0.215611,0.445011,0.453751,1.248740,0.675620,0.000000,0.225060,1.053706,0.259215,0.617653,0.738446,0.649228,-0.315264,-0.033908,0.503269,0.621233,0.039118,0.199833,-0.093327,0.292277,0.418012,0.658637,0.512170,0.698134,0.580026,0.746988,0.366626,0.362953,0.183644,0.206039,-0.010461,0.040575,-0.168271,-0.049135,0.055909,0.039089,0.397405,0.438114,0.334475,0.514417,0.428469,0.360525,0.469758,0.345284,0.392209,0.384792,0.392386,0.410039,0.611117,0.656492,0.540817,0.427102,0.540363,0.523764,0.242168,0.406338,0.198541,0.669397,0.649282,0.572237,0.689902,0.729954,0.117673,0.189419,0.140095,0.469407,0.113834,0.289805,0.066864,-0.065487,0.421629,0.463382,0.542764,0.416692,0.733167,0.625518,0.989843,0.610281,0.049373,0.593697,0.694739,0.580621
0.259344,0.199819,0.282987,0.087042,0.804950,0.201792,0.374812,0.211999,0.859226,0.412279,0.503474,0.146493,0.454306,0.225060,0.000000,-0.078886,0.614834,0.204018,0.374525,0.126640,0.610955,0.453045,0.187783,0.210555,0.488336,0.507204,0.745325,0.246946,0.479799,0.185239,0.152797,0.105305,0.315503,0.267738,0.241422,0.380321,0.354786,0.563446,0.268724,0.295993,0.111681,0.112288,0.438740,0.658218,0.447065,0.428507,0.427436,0.417377,0.259356,0.362840,0.265236,0.410200,0.457174,0.372860,0.478889,0.535809,0.157300,0.164966,0.384469,0.415992,0.337336,0.391137,0.396401,0.370878,0.416678,0.398829,0.321930,0.437436,0.102792,0.104982,0.035195,-0.119394,0.474007,0.366543,0.525840,0.478709,0.112142,0.390354,0.607405,0.536414,0.159252,0.765843,0.403459,0.223752,0.143805,0.582443,-0.107814,0.139086,0.459876,0.539048
0.383590,0.683186,0.494798,0.766461,-0.477199,0.305162,0.300024,0.717622,-0.057275,0.451551,0.054761,0.749793,0.322892,1.053706,-0.078886,0.000000,-0.036681,0.416668,0.630508,0.684686,-0.362538,0.028779,0.522424,0.563139,0.029888,0.159778,-0.257601,0.367987,0.253809,0.808692,0.532294,0.791947,0.293553,0.446320,0.179200,0.162849,0.073242,0.040361,-0.146427,-0.066906,-0.145352,0.009088,-0.009703,-0.144690,0.196223,0.204012,0.179085,0.302565,0.260929,0.196163,0.361037,0.185968,0.301232,0.356233,0.226904,0.218373,0.372168,0.416803,0.210327,0.147132,0.185169,0.196599,0.018534,0.128711,0.099288,0.336771,0.313515,0.294153,0.506467,0.593462,0.223165,0.300364,0.024462,0.401951,0.063651,0.194490,0.167456,-0.215603,0.241422,0.339754,0.616423,0.150086,0.692467,0.584538,0.988182,0.283453,0.100408,0.532318,0.506267,0.424312
0.582360,0.442989,0.177422,0.009624,0.329209,0.339109,0.307177,0.196423,0.423906,0.224715,0.822425,0.293577,0.582748,0.259215,0.614834,-0.036681,0.000000,0.553974,0.395154,0.260255,0.280532,0.364528,-0.103660,0.068990,0.303778,0.234053,0.274598,0.223817,0.803603,0.221062,-0.017950,-0.036224,0.525790,0.476498,0.308633,0.454938,0.390427,0.305895,0.493124,0.422135,0.086507,0.056071,0.237052,0.336459,0.458186,0.488188,0.456763,0.361188,0.330318,0.389742,0.338017,0.442151,0.428729,0.158280,0.533377,0.737400,0.552416,0.479359,0.521202,0.537899,0.458693,0.449437,0.751555,0.655018,0.176428,0.382103,0.448257,0.381700,0.307078,0.356826,-0.223476,-0.328451,0.751862,0.327603,0.735829,0.214972,0.173695,0.203985,0.990086,0.574586,0.481476,0.615879,0.367896,0.238455,0.235144,0.281084,-0.179870,0.270484,0.356870,0.587056
0.758136,0.843290,0.219290,0.173761,-0.071358,0.237885,0.441470,0.418308,0.184188,0.139682,0.513182,0.719089,0.520438,0.617653,0.204018,0.416668,0.553974,0.000000,0.613911,0.619093,-0.137452,0.064394,0.117091,0.103894,-0.057551,0.138455,-0.086897,0.128262,0.770889,0.674682,0.255136,0.414791,0.730384,0.738721,0.204086,0.356969,0.151377,0.183988,0.176354,0.088173,0.069406,-0.110331,0.053242,0.051584,0.517063,0.576020,0.352448,0.423295,0.539021,0.606396,0.307576,0.409231,0.344992,0.258741,0.388849,0.545932,0.863346,0.939359,0.411734,0.533788,0.299764,0.375098,0.441469,0.651713,-0.098509,0.255114,0.511161,0.432745,0.781107,0.879345,0.193547,0.330144,0.393040,0.597260,0.254158,0.402876,0.151982,0.166268,0.656553,0.721743,0.802923,0.809378,0.673561,0.748822,0.619808,0.512029,0.089640,0.619060,0.436006,0.355790
0.898766,1.134001,0.807930,0.736144,0.185359,0.368170,0.819792,0.870093,0.461508,0.352138,0.599443,0.636712,0.655735,0.738446,0.374525,0.630508,0.395154,0.613911,0.000000,1.416452,0.106267,0.188560,0.649208,0.687081,0.248977,0.313798,0.220700,0.421252,0.459803,0.486166,0.601865,0.719103,0.932272,1.117828,0.536262,0.626404,0.192670,0.317468,0.197395,0.151217,-0.058977,-0.021956,0.259971,0.244827,0.675818,0.699326,0.496135,0.615962,0.588373,0.557405,0.597487,0.564668,0.675011,0.576733,0.677618,0.662932,0.790779,0.711395,0.621268,0.503322,0.572791,0.530850,0.432063,0.510578,0.251951,0.558528,0.788990,0.711002,0.720093,0.796044,0.254475,0.320621,0.308740,0.579738,0.376994,0.498073,0.380422,0.273782,0.685354,0.457837,0.774686,0.705222,1.023370,0.827615,0.937567,0.586300,0.104704,0.673954,0.851384,0.682790
0.796031,1.097789,0.652841,0.784227,-0.027352,0.143727,0.560882,0.705670,0.200535,0.137050,0.404281,0.600424,0.496055,0.649228,0.126640,0.684686,0.260255,0.619093,1.416452,0.000000,-0.060375,0.056075,0.544470,0.584402,0.123029,0.174406,0.012574,0.242937,0.344051,0.498170,0.597498,0.750300,0.667467,0.842656,0.341251,0.364762,0.013482,0.139349,0.087582,0.041051,-0.091122,-0.116939,-0.027414,-0.059652,0.425035,0.447025,0.237081,0.312464,0.397721,0.386451,0.362024,0.305784,0.382827,0.303648,0.388639,0.371194,0.837236,0.697367,0.365781,0.267449,0.353283,0.317959,0.264556,0.382206,0.109792,0.310437,0.535849,0.429334,0.686712,0.802712,0.289852,0.404735,0.093106,0.376798,0.138514,0.311149,0.272911,0.130320,0.523329,0.317495,0.695490,0.540764,0.762739,0.767423,0.732415,0.459941,0.177923,0.645731,0.563421,0.387406
-0.063041,-0.103267,0.034404,-0.061271,1.132811,0.394045,0.086495,-0.045072,0.703497,0.357910,0.096958,-0.368580,0.065346,-0.315264,0.610955,-0.362538,0.280532,-0.137452,0.106267,-0.060375,0.000000,1.021711,0.082180,0.093691,0.672546,0.353680,1.099936,0.456837,0.042683,-0.121666,-0.012560,-0.126911,0.132826,0.048437,0.275018,0.357976,0.173433,0.349427,0.358946,0.322479,0.176113,0.166982,0.528736,0.718653,0.320377,0.288674,0.363279,0.222392,0.159126,0.234430,0.299308,0.362045,0.419610,0.340478,0.391554,0.297379,-0.055437,-0.083346,0.141210,0.192943,0.169474,0.217828,0.334369,0.209288,0.426138,0.129526,0.120874,0.271868,-0.140200,-0.131543,-0.049737,-0.282891,0.259457,0.074182,0.451510,0.268143,0.426687,0.491673,0.394274,0.269226,-0.040754,0.402649,0.070348,0.009080,-0.115629,0.205212,-0.019873,-0.034162,0.198058,0.294695
0.025329,0.077350,0.124385,0.149024,0.560966,0.576143,0.065460,0.130087,0.496672,0.544116,0.054916,-0.104370,0.072579,-0.033908,0.453045,0.028779,0.364528,0.064394,0.188560,0.056075,1.021711,0.000000,0.081271,0.237913,0.645983,0.396561,0.747420,0.729764,0.128663,0.214017,0.054023,0.046320,0.164338,0.186681,0.267129,0.320666,0.418745,0.464317,0.361659,0.394301,0.189078,0.284184,0.482754,0.569566,0.359721,0.304506,0.416403,0.294892,0.230051,0.279903,0.414211,0.410652,0.515166,0.393913,0.406955,0.413666,0.075953,0.062371,0.177429,0.218954,0.174109,0.183020,0.262121,0.153506,0.311988,0.169041,0.151457,0.271732,-0.015092,0.047720,-0.053278,-0.272874,0.350267,0.288998,0.492972,0.263111,0.461671,0.295034,0.492807,0.445422,0.141916,0.417789,0.257269,0.139255,0.162045,0.267281,-0.017317,0.144297,0.354620,0.503178
0.307831,0.460959,1.159751,0.897998,0.171195,0.319017,0.695570,0.751467,0.390299,0.303685,0.221794,0.397494,0.497744,0.503269,0.187783,0.522424,-0.103660,0.117091,0.649208,0.544470,0.082180,0.081271,0.000000,1.126934,0.424733,0.465466,0.271229,0.525753,-0.082844,0.087401,1.036352,0.835686,0.432636,0.462838,0.471929,0.360693,-0.004506,-0.003441,-0.094622,-0.206538,-0.278068,-0.264660,0.235048,0.203120,0.381167,0.436154,0.350688,0.451091,0.375091,0.353919,0.458549,0.320213,0.410025,0.529137,0.361419,0.239739,0.197078,0.252908,0.364706,0.282444,0.324656,0.326161,0.099754,0.214683,0.485773,0.451764,0.485949,0.495014,0.282137,0.269812,0.507672,0.417713,0.032972,0.418240,0.147472,0.490579,0.228960,0.284359,0.031415,0.047453,0.129518,0.150972,0.380247,0.444406,0.410282,0.189739,0.192982,0.416926,0.498981,0.405138
0.240676,0.424635,1.167495,1.334829,0.105007,0.346019,0.526295,0.849900,0.324724,0.355273,0.198730,0.472926,0.392692,0.621233,0.210555,0.563139,0.068990,0.103894,0.687081,0.584402,0.093691,0.237913,1.126934,0.000000,0.483905,0.481940,0.233723,0.587153,-0.000350,0.170795,0.858139,0.809506,0.369338,0.542622,0.433735,0.347640,0.220261,0.122722,0.042283,0.010251,-0.197765,-0.076100,0.284261,0.227637,0.358751,0.411169,0.401872,0.427355,0.313924,0.274646,0.398799,0.242585,0.443664,0.446202,0.362355,0.337251,0.180021,0.152558,0.292350,0.163814,0.303300,0.305270,0.116920,0.137830,0.454397,0.463581,0.404463,0.457733,0.200531,0.191168,0.248920,0.144295,0.145511,0.453542,0.250682,0.383101,0.189476,0.115209,0.097118,0.090814,0.160088,0.103823,0.354828,0.316006,0.444826,0.217698,0.148720,0.297499,0.549494,0.532493
0.042207,0.025055,0.376603,0.299526,0.615967,0.449280,0.201967,0.121095,0.510809,0.383323,0.164547,-0.028652,0.232920,0.039118,0.488336,0.029888,0.303778,-0.057551,0.248977,0.123029,0.672546,0.645983,0.424733,0.483905,0.000000,0.862853,0.731117,0.560879,0.012845,0.000436,0.383068,0.167640,0.138199,0.128172,0.414648,0.336298,0.310676,0.354410,0.456125,0.419133,0.177002,0.233460,0.389054,0.430363,0.265033,0.302204,0.401186,0.237233,0.171451,0.229870,0.339235,0.319345,0.435217,0.336317,0.405819,0.419132,0.000232,-0.020360,0.113023,0.148428,0.085749,0.216848,0.192693,0.171195,0.441461,0.258529,0.190199,0.309165,-0.091442,-0.100249,0.158040,-0.093842,0.320033,0.229092,0.484852,0.261603,0.438300,0.469142,0.332152,0.183522,-0.069043,0.199974,0.094640,0.179922,0.022166,0.158103,0.243614,0.118116,0.342310,0.448444
0.041590,0.064702,0.415596,0.299039,0.482209,0.384548,0.374394,0.283744,0.508363,0.387785,0.239263,0.189546,0.296149,0.199833,0.507204,0.159778,0.234053,0.138455,0.313798,0.174406,0.353680,0.396561,0.465466,0.481940,0.862853,0.000000,0.407453,0.399288,0.176304,0.212595,0.590115,0.408392,0.240613,0.257118,0.126849,0.159714,0.337980,0.322248,0.084884,0.132557,0.045541,0.064861,0.433867,0.405919,0.413413,0.400801,0.353444,0.263297,0.282568,0.393886,0.297401,0.354163,0.358153,0.335432,0.278148,0.342893,0.012319,0.023422,0.142053,0.224977,0.038046,0.178736,0.183611,0.195009,0.399155,0.306926,0.220008,0.330928,-0.099238,0.005176,0.361451,0.195887,0.238609,0.334904,0.307989,0.247312,0.141057,0.221921,0.208307,0.190688,0.031482,0.281268,0.225131,0.284304,0.097499,0.242214,-0.106153,0.112318,0.295437,0.312795
0.104610,0.036802,0.210215,0.041753,1.195610,0.516063,0.219971,0.045726,0.842984,0.396436,0.301867,-0.161694,0.319033,-0.093327,0.745325,-0.257601,0.274598,-0.086897,0.220700,0.012574,1.099936,0.747420,0.271229,0.233723,0.731117,0.407453,0.000000,0.751590,-0.119780,-0.191883,0.050892,-0.084083,0.282287,0.195451,0.565265,0.604384,0.224547,0.457111,0.351793,0.247360,0.127967,0.095934,0.528756,0.802170,0.480976,0.460652,0.429770,0.366482,0.291235,0.337132,0.443496,0.461609,0.483067,0.435582,0.481949,0.334216,0.079427,0.052080,0.357539,0.342783,0.382277,0.369413,0.358213,0.283936,0.610957,0.442979,0.379493,0.531222,0.006008,-0.016806,-0.006068,-0.164685,0.146314,0.146408,0.354609,0.472013,0.383427,0.663264,0.341539,0.225649,-0.102075,0.486567,0.165984,0.169598,0.039374,0.422947,0.096978,0.131423,0.418592,0.391935
0.226224,0.321261,0.464223,0.398746,0.346445,1.015487,0.272456,0.395447,0.434257,0.659457,0.193494,0.158130,0.390191,0.292277,0.246946,0.367987,0.223817,0.128262,0.421252,0.242937,0.456837,0.729764,0.525753,0.587153,0.560879,0.399288,0.751590,0.000000,-0.081281,0.110271,0.233120,0.238346,0.452664,0.448913,0.604832,0.629782,0.293677,0.236011,0.177612,0.109375,-0.064912,0.031452,0.556632,0.565691,0.568843,0.577936,0.582790,0.542402,0.501520,0.457398,0.720999,0.527323,0.661865,0.606999,0.580970,0.435551,0.235738,0.255250,0.442552,0.393100,0.437402,0.400516,0.364926,0.333456,0.538221,0.561455,0.495389,0.639609,0.242166,0.264210,0.027563,-0.088184,0.187793,0.350097,0.435291,0.427860,0.476785,0.309482,0.338520,0.336997,0.246087,0.272686,0.346810,0.314097,0.499144,0.226427,0.059165,0.279531,0.585229,0.557573
0.469329,0.507594,0.077625,0.053210,0.033942,0.125126,0.289927,0.304965,0.242477,0.221983,0.496800,0.425765,0.388743,0.418012,0.479799,0.253809,0.803603,0.770889,0.459803,0.344051,0.042683,0.128663,-0.082844,-0.000350,0.012845,0.176304,-0.119780,-0.081281,0.000000,0.617869,0.123824,0.234545,0.453366,0.478855,0.024462,0.221763,0.238291,0.257484,0.193210,0.251632,0.204180,0.102664,0.136448,0.138285,0.378010,0.392872,0.347494,0.325614,0.307557,0.379497,0.184737,0.313681,0.310832,0.201996,0.352429,0.582802,0.479067,0.489250,0.286152,0.400727,0.217802,0.324949,0.444927,0.458300,-0.081909,0.167819,0.284158,0.248645,0.449569,0.477375,0.038991,0.017539,0.810645,0.537101,0.588133,0.289289,0.115356,0.017548,0.760629,0.586944,0.808060,0.621347,0.600313,0.408939,0.438900,0.330920,-0.209301,0.320734,0.263905,0.382882
0.295272,0.469339,0.155550,0.326514,-0.222974,0.119621,0.187399,0.445863,0.050321,0.297275,0.044159,0.530047,0.166271,0.658637,0.185239,0.808692,0.221062,0.674682,0.486166,0.498170,-0.121666,0.214017,0.087401,0.170795,0.000436,0.212595,-0.191883,0.110271,0.617869,0.000000,0.304250,0.546723,0.209882,0.327551,-0.094336,0.022802,0.198540,0.243980,-0.029986,0.098559,0.050331,0.156699,-0.043539,-0.099736,0.210634,0.145987,0.075186,0.100131,0.173987,0.199256,0.148829,0.172297,0.222211,0.188309,0.145910,0.234341,0.317659,0.324119,0.079805,0.104040,0.018178,0.002124,0.122632,0.101358,-0.085638,0.048594,0.117598,0.117106,0.351053,0.461686,0.219147,0.265471,0.211259,0.494455,0.097100,0.141598,0.127678,-0.151799,0.499059,0.616769,0.675822,0.482515,0.639163,0.495737,0.570217,0.365891,-0.142230,0.459702,0.317157,0.283346
0.264150,0.394606,0.853592,0.912757,0.065332,0.116883,0.682969,0.754977,0.272477,0.135082,0.198718,0.488408,0.372577,0.512170,0.152797,0.532294,-0.017950,0.255136,0.601865,0.597498,-0.012560,0.054023,1.036352,0.858139,0.383068,0.590115,0.050892,0.233120,0.123824,0.304250,0.000000,1.474684,0.376199,0.472049,0.152905,0.115236,0.075937,0.048603,-0.117862,-0.123670,-0.107229,-0.152600,0.046711,-0.015565,0.272626,0.300695,0.169838,0.208712,0.204342,0.240602,0.199735,0.127038,0.214135,0.275595,0.187450,0.204648,0.242184,0.231663,0.175411,0.137844,0.133856,0.162163,0.107470,0.136779,0.258571,0.251944,0.319982,0.327928,0.194577,0.269426,0.746179,0.644827,0.111018,0.528436,0.076270,0.423184,0.078265,0.101182,0.053254,0.025378,0.187339,0.178906,0.402820,0.394349,0.316739,0.207317,0.007052,0.398501,0.370324,0.338944
0.292427,0.508859,0.768504,0.939528,-0.102297,0.085801,0.607928,0.854129,0.179553,0.161569,0.138878,0.620994,0.315288,0.698134,0.105305,0.791947,-0.036224,0.414791,0.719103,0.750300,-0.126911,0.046320,0.835686,0.809506,0.167640,0.408392,-0.084083,0.238346,0.234545,0.546723,1.474684,0.000000,0.401651,0.546006,0.066192,0.129103,0.094608,0.070833,-0.131624,-0.087180,-0.102279,-0.085223,0.065427,-0.040073,0.324609,0.338786,0.184078,0.252173,0.269813,0.300539,0.212143,0.135399,0.236907,0.303139,0.199581,0.248863,0.293550,0.294094,0.147547,0.117507,0.101865,0.109401,0.108728,0.116591,0.190026,0.219449,0.303288,0.333278,0.293660,0.409544,0.639420,0.615618,0.151222,0.630886,0.073898,0.410027,0.062266,-0.049796,0.129650,0.176001,0.382191,0.238182,0.535688,0.423245,0.528932,0.280482,-0.014542,0.438465,0.439478,0.341000
1.142535,1.018857,0.575478,0.330789,0.276666,0.510604,0.908646,0.653622,0.501150,0.299594,0.785214,0.579900,0.747596,0.580026,0.315503,0.293553,0.525790,0.730384,0.932272,0.667467,0.132826,0.164338,0.432636,0.369338,0.138199,0.240613,0.282287,0.452664,0.453366,0.209882,0.376199,0.401651,0.000000,1.523514,0.694254,0.813460,0.226314,0.291790,0.239537,0.090126,-0.028057,-0.132844,0.424796,0.468928,0.967278,1.073010,0.793997,0.968100,0.957117,0.912419,0.797050,0.785142,0.735398,0.550737,0.887705,0.805500,1.102524,1.165709,1.112035,1.045380,0.929861,0.883810,0.635594,0.896944,0.134095,0.664784,1.264903,1.096688,0.933565,1.094860,0.126861,0.223462,0.346946,0.512416,0.432607,0.570505,0.406375,0.434332,0.680115,0.505493,0.773804,0.775187,0.783681,0.709368,0.821895,0.506283,0.027454,0.570892,0.795195,0.630865
1.101378,1.193482,0.675246,0.573372,0.139369,0.481448,0.916720,0.917364,0.424109,0.333827,0.731156,0.766726,0.704090,0.746988,0.267738,0.446320,0.476498,0.738721,1.117828,0.842656,0.048437,0.186681,0.462838,0.542622,0.128172,0.257118,0.195451,0.448913,0.478855,0.327551,0.472049,0.546006,1.523514,0.000000,0.601533,0.651231,0.260873,0.302917,0.196373,0.088854,-0.041169,-0.087131,0.285771,0.311196,0.825246,0.916563,0.652039,0.826343,0.808758,0.754901,0.703942,0.656191,0.639807,0.503268,0.714699,0.710237,1.119469,1.074114,0.966868,0.864925,0.873335,0.804386,0.490350,0.642022,0.088864,0.718017,1.110537,0.956582,0.958039,1.068992,0.154495,0.279356,0.302885,0.578780,0.339428,0.555982,0.294431,0.263864,0.601304,0.495168,0.718513,0.713787,0.859297,0.752918,0.904732,0.582936,0.046361,0.641968,0.836538,0.665447
0.611931,0.535317,0.552063,0.295605,0.292691,0.578235,0.446769,0.282420,0.423779,0.323382,0.522180,0.266553,0.616354,0.366626,0.241422,0.179200,0.308633,0.204086,0.536262,0.341251,0.275018,0.267129,0.471929,0.433735,0.414648,0.126849,0.565265,0.604832,0.024462,-0.094336,0.152905,0.066192,0.694254,0.601533,0.000000,1.220526,0.159673,0.288435,0.498324,0.296967,-0.033902,0.032797,0.394571,0.476674,0.559159,0.667872,0.708750,0.789488,0.536124,0.470574,0.793633,0.663784,0.650709,0.564067,0.801788,0.607045,0.536826,0.523327,0.786027,0.593563,0.918813,0.789727,0.324910,0.458850,0.536114,0.819923,1.025208,0.900021,0.604153,0.465099,-0.186187,-0.168200,0.214108,0.295347,0.395711,0.528130,0.663445,0.640751,0.465855,0.177748,0.211638,0.387309,0.373005,0.472061,0.554172,0.450794,0.434513,0.459909,0.824299,0.673574
0.583613,0.577405,0.417958,0.186003,0.432011,0.653398,0.550793,0.360785,0.622397,0.422168,0.610715,0.257686,0.679005,0.362953,0.380321,0.162849,0.454938,0.356969,0.626404,0.364762,0.357976,0.320666,0.360693,0.347640,0.336298,0.159714,0.604384,0.629782,0.221763,0.022802,0.115236,0.129103,0.813460,0.651231,1.220526,0.000000,0.215793,0.342748,0.548350,0.328278,0.040732,0.047002,0.682939,0.775980,0.843948,0.930466,0.925557,0.982975,0.731145,0.698415,0.959603,0.891950,0.913607,0.694316,1.077613,0.747939,0.498458,0.590645,0.816066,0.779954,0.813378,0.839230,0.585186,0.692231,0.569447,0.846064,1.081154,1.207691,0.564631,0.564080,-0.154554,-0.159481,0.317888,0.319675,0.544837,0.500600,0.572436,0.549672,0.666898,0.438927,0.435259,0.601558,0.563505,0.537056,0.684035,0.561342,0.237742,0.411455,0.996410,0.657681
0.152649,0.069026,0.202665,0.061524,0.195571,0.237407,0.142312,0.093307,0.138697,0.204750,0.059854,0.056809,-0.044436,0.183644,0.354786,0.073242,0.390427,0.151377,0.192670,0.013482,0.173433,0.418745,-0.004506,0.220261,0.310676,0.337980,0.224547,0.293677,0.238291,0.198540,0.075937,0.094608,0.226314,0.260873,0.159673,0.215793,0.000000,0.938596,0.551096,0.710512,0.400781,0.660647,0.540784,0.443892,0.399115,0.353394,0.549163,0.386339,0.318011,0.342540,0.294711,0.369514,0.484320,0.325796,0.501258,0.677242,0.176401,0.114532,0.215266,0.319243,0.076400,0.029818,0.203494,0.099875,0.019991,0.130177,0.185956,0.292552,-0.004098,0.097120,-0.011818,-0.132364,0.484870,0.464766,0.475793,0.158346,0.234119,0.120319,0.363497,0.187151,0.235706,0.165219,0.242171,0.041745,0.276778,0.226912,-0.128395,0.104080,0.448902,0.520031
0.242428,0.179442,0.140055,0.029752,0.407778,0.240702,0.207400,0.085947,0.341581,0.283605,0.180868,0.115483,0.102933,0.206039,0.563446,0.040361,0.305895,0.183988,0.317468,0.139349,0.349427,0.464317,-0.003441,0.122722,0.354410,0.322248,0.457111,0.236011,0.257484,0.243980,0.048603,0.070833,0.291790,0.302917,0.288435,0.342748,0.938596,0.000000,0.587164,0.858058,0.425116,0.752123,0.524966,0.550194,0.437988,0.364667,0.480561,0.420853,0.313553,0.371882,0.336875,0.435185,0.513226,0.432189,0.532055,0.618935,0.254019,0.204681,0.267053,0.354910,0.192860,0.170929,0.212726,0.204697,0.084837,0.215020,0.287722,0.390147,0.081575,0.171680,0.061249,-0.011322,0.341080,0.397934,0.347310,0.246302,0.333599,0.292029,0.511891,0.317338,0.249024,0.504571,0.387308,0.284040,0.356792,0.636459,0.030401,0.269381,0.560238,0.515656
0.262167,0.128269,0.029976,-0.029670,0.298779,0.226153,0.080520,-0.072320,0.182258,0.024485,0.264348,-0.040613,0.115659,-0.010461,0.268724,-0.146427,0.493124,0.176354,0.197395,0.087582,0.358946,0.361659,-0.094622,0.042283,0.456125,0.084884,0.351793,0.177612,0.193210,-0.029986,-0.117862,-0.131624,0.239537,0.196373,0.498324,0.548350,0.551096,0.587164,0.000000,1.245162,0.547371,0.621290,0.452430,0.435254,0.300421,0.314385,0.512635,0.358574,0.253863,0.250122,0.314402,0.347008,0.386230,0.149394,0.631339,0.619314,0.249831,0.171642,0.201379,0.239936,0.200867,0.227510,0.327899,0.273014,0.105378,0.184234,0.297296,0.354756,0.106249,0.081837,-0.224111,-0.327125,0.497923,0.222644,0.582622,0.099641,0.506083,0.424051,0.513725,0.234697,0.193716,0.251662,0.156995,0.093987,0.200229,0.316354,0.422681,0.042793,0.455473,0.389503
0.116362,0.009079,-0.022901,-0.050981,0.235671,0.175389,-0.022073,-0.146767,0.116042,0.077846,0.115626,-0.053168,-0.018022,0.040575,0.295993,-0.066906,0.422135,0.088173,0.151217,0.041051,0.322479,0.394301,-0.206538,0.010251,0.419133,0.132557,0.247360,0.109375,0.251632,0.098559,-0.123670,-0.087180,0.090126,0.088854,0.296967,0.328278,0.710512,0.858058,1.245162,0.000000,0.519766,0.975749,0.428088,0.356098,0.213015,0.191972,0.431107,0.238595,0.140132,0.173341,0.175771,0.247248,0.349997,0.155279,0.494607,0.633721,0.127181,0.020777,0.034978,0.110381,0.069875,0.109905,0.217515,0.162708,0.106122,0.100830,0.134296,0.224587,-0.035616,-0.024360,-0.289338,-0.393747,0.541811,0.285200,0.531294,0.031318,0.377206,0.189160,0.507756,0.158145,0.156257,0.176776,0.081461,0.003265,0.179484,0.309960,0.201590,-0.007867,0.377199,0.405295
-0.017432,-0.113893,-0.277897,-0.177998,0.150718,0.013785,-0.126982,-0.209177,-0.081514,-0.047593,-0.022593,-0.140736,-0.241387,-0.168271,0.111681,-0.145352,0.086507,0.069406,-0.058977,-0.091122,0.176113,0.189078,-0.278068,-0.197765,0.177002,0.045541,0.127967,-0.064912,0.204180,0.050331,-0.107229,-0.102279,-0.028057,-0.041169,-0.033902,0.040732,0.400781,0.425116,0.547371,0.519766,0.000000,0.686832,0.142730,0.118319,0.049311,-0.019956,0.040899,-0.043378,-0.003340,0.000049,-0.017782,0.043365,0.029093,-0.029582,0.086763,0.175145,0.021256,-0.088588,-0.181355,-0.056113,-0.170876,-0.113673,0.033331,-0.049780,-0.170092,-0.155503,-0.056617,-0.019967,-0.069302,-0.126724,-0.041537,-0.012356,0.333560,0.179773,0.240487,0.123087,0.194936,0.149494,0.084237,-0.038509,0.142582,0.051707,0.083067,0.065581,0.008497,0.140158,0.181638,0.057037,0.011019,-0.001653
-0.097705,-0.178296,-0.159606,-0.073214,0.092427,0.098816,-0.153924,-0.159221,-0.078343,0.098920,-0.167170,-0.114539,-0.283855,-0.049135,0.112288,0.009088,0.056071,-0.110331,-0.021956,-0.116939,0.166982,0.284184,-0.264660,-0.076100,0.233460,0.064861,0.095934,0.031452,0.102664,0.156699,-0.152600,-0.085223,-0.132844,-0.087131,0.032797,0.047002,0.660647,0.752123,0.621290,0.975749,0.686832,0.000000,0.301641,0.174505,-0.033180,-0.105213,0.126884,-0.020110,-0.056490,-0.068821,0.035278,0.051382,0.131392,0.082211,0.132751,0.226465,-0.091133,-0.206625,-0.189014,-0.119544,-0.137619,-0.132708,0.021404,-0.159659,-0.021624,-0.066694,-0.119200,-0.028607,-0.201321,-0.193346,-0.177726,-0.211251,0.323265,0.204251,0.249859,-0.053587,0.257506,0.034823,0.166810,-0.069862,0.091763,-0.094213,0.040174,-0.088955,0.109101,0.110058,0.059481,-0.074845,0.128422,0.133626
0.028099,0.055256,0.208539,0.034786,0.609657,0.551071,0.312878,0.182680,0.521525,0.406768,0.161614,-0.061460,0.189377,0.055909,0.438740,-0.009703,0.237052,0.053242,0.259971,-0.027414,0.528736,0.482754,0.235048,0.284261,0.389054,0.433867,0.528756,0.556632,0.136448,-0.043539,0.046711,0.065427,0.424796,0.285771,0.394571,0.682939,0.540784,0.524966,0.452430,0.428088,0.142730,0.301641,0.000000,1.642330,0.864642,0.806634,1.085963,0.910522,0.740747,0.761297,0.724504,0.788353,0.854481,0.780346,0.876430,0.715316,0.007846,0.107035,0.385805,0.529654,0.280547,0.421501,0.511307,0.472284,0.420410,0.379067,0.412652,0.713763,0.006718,0.123038,-0.029728,-0.201635,0.399584,0.332162,0.649031,0.314751,0.447847,0.396812,0.314780,0.340997,0.289366,0.290701,0.279508,0.138099,0.338429,0.237716,-0.034015,-0.041649,0.563059,0.473239
0.110011,0.097859,0.190835,-0.027169,0.858923,0.545753,0.349222,0.166863,0.732443,0.443788,0.288193,-0.062047,0.284543,0.039089,0.658218,-0.144690,0.336459,0.051584,0.244827,-0.059652,0.718653,0.569566,0.203120,0.227637,0.430363,0.405919,0.802170,0.565691,0.138285,-0.099736,-0.015565,-0.040073,0.468928,0.311196,0.476674,0.775980,0.443892,0.550194,0.435254,0.356098,0.118319,0.174505,1.642330,0.000000,0.880865,0.844177,0.991569,0.957923,0.664547,0.709253,0.712407,0.824911,0.833818,0.771796,0.872131,0.681217,0.067902,0.164815,0.511259,0.623579,0.413813,0.527227,0.526267,0.507184,0.441725,0.473925,0.493845,0.788915,0.054659,0.141709,-0.081885,-0.254141,0.335203,0.270330,0.582819,0.388410,0.408244,0.507485,0.387729,0.440167,0.193704,0.461749,0.295564,0.161832,0.257686,0.368367,-0.022084,0.026259,0.576823,0.511279
0.502689,0.556805,0.432781,0.203629,0.471616,0.549727,0.590312,0.414537,0.625978,0.274296,0.506739,0.256429,0.583402,0.397405,0.447065,0.196223,0.458186,0.517063,0.675818,0.425035,0.320377,0.359721,0.381167,0.358751,0.265033,0.413413,0.480976,0.568843,0.378010,0.210634,0.272626,0.324609,0.967278,0.825246,0.559159,0.843948,0.399115,0.437988,0.300421,0.213015,0.049311,-0.033180,0.864642,0.880865,0.000000,1.932148,1.019504,1.057962,1.389638,1.436063,0.986290,1.063137,0.838023,0.778303,1.016378,0.894470,0.551444,0.629314,0.775930,0.892886,0.608571,0.597792,0.708892,0.764722,0.371685,0.599246,0.921669,1.146546,0.513450,0.664237,0.152995,0.075193,0.335201,0.524244,0.517246,0.558143,0.453555,0.491498,0.594383,0.539995,0.562316,0.727633,0.595021,0.515545,0.625794,0.523297,-0.038218,0.406365,0.777039,0.592540
0.562483,0.616644,0.463398,0.241554,0.431377,0.539273,0.593299,0.426948,0.609799,0.281061,0.547763,0.313789,0.646968,0.438114,0.428507,0.204012,0.488188,0.576020,0.699326,0.447025,0.288674,0.304506,0.436154,0.411169,0.302204,0.400801,0.460652,0.577936,0.392872,0.145987,0.300695,0.338786,1.073010,0.916563,0.667872,0.930466,0.353394,0.364667,0.314385,0.191972,-0.019956,-0.105213,0.806634,0.844177,1.932148,0.000000,1.162126,1.181613,1.403408,1.543353,0.960695,1.052451,0.855626,0.762280,1.062568,0.957969,0.634350,0.738893,0.800301,0.944729,0.635323,0.746198,0.706711,0.850346,0.351419,0.664149,0.986444,1.264824,0.592713,0.718581,0.113646,0.042148,0.377794,0.530576,0.574390,0.593298,0.477837,0.526126,0.621634,0.548396,0.541989,0.708558,0.567253,0.519827,0.634754,0.523567,0.032581,0.424577,0.783813,0.633130
0.431183,0.429302,0.386532,0.215735,0.416946,0.623150,0.462863,0.348134,0.525773,0.465533,0.344464,0.221690,0.405289,0.334475,0.427436,0.179085,0.456763,0.352448,0.496135,0.237081,0.363279,0.416403,0.350688,0.401872,0.401186,0.353444,0.429770,0.582790,0.347494,0.075186,0.169838,0.184078,0.793997,0.652039,0.708750,0.925557,0.549163,0.480561,0.512635,0.431107,0.040899,0.126884,1.085963,0.991569,1.019504,1.162126,0.000000,1.366045,1.036713,1.100363,0.892800,0.986250,1.220605,0.856682,1.368289,1.142026,0.448316,0.549351,0.703307,0.922260,0.551961,0.776794,0.564957,0.728355,0.296947,0.568906,0.762170,1.047712,0.459119,0.521934,-0.052489,-0.182574,0.537005,0.528162,0.821075,0.523978,0.604627,0.508854,0.610706,0.497923,0.516212,0.493571,0.427250,0.370501,0.594755,0.386022,0.090029,0.226768,0.863340,0.773829
0.596706,0.632000,0.512815,0.293375,0.322868,0.610525,0.666240,0.550881,0.558727,0.484923,0.485723,0.373561,0.579421,0.514417,0.417377,0.302565,0.361188,0.423295,0.615962,0.312464,0.222392,0.294892,0.451091,0.427355,0.237233,0.263297,0.366482,0.542402,0.325614,0.100131,0.208712,0.252173,0.968100,0.826343,0.789488,0.982975,0.386339,0.420853,0.358574,0.238595,-0.043378,-0.020110,0.910522,0.957923,1.057962,1.181613,1.366045,0.000000,1.053008,0.993602,1.005696,0.992318,1.070782,0.993904,1.233706,1.021691,0.533522,0.693949,0.998231,1.058469,0.776608,0.862231,0.483106,0.683936,0.270594,0.744460,1.021768,1.213949,0.645792,0.717951,0.013560,-0.036103,0.348173,0.539066,0.540975,0.624380,0.502402,0.468657,0.523789,0.592503,0.544186,0.591963,0.626277,0.540861,0.795637,0.518542,0.163820,0.398869,1.035119,0.858570
