0.000000,1.593603,0.778635,0.857865,0.318066,0.484204,0.690356,0.887199,0.310512,0.471777,0.656635,0.857816,0.733546,0.973092,0.600868,0.614068,0.621031,0.630897,1.095547,1.375811,0.274275,0.222689,0.590498,0.723198,0.589970,0.719083,0.759287,0.579117,0.693277,0.451268,0.549240,0.576579,0.994784,0.965633,0.214530,0.398126,0.537284,0.788322,0.754956,0.969239,0.649885,0.574784,0.600178,0.904080,0.652836,1.048739,0.902668,1.063699,0.812822,0.611910,0.492467,0.684951,0.639705,0.748387,0.965682,1.059266,1.303952,1.211553,0.406579,0.468395,0.725590,0.629543,0.790682,1.005686,0.285054,0.611516,0.627302,0.493741,1.061719,0.887591,0.438316,0.387240,0.695951,0.646265,0.561645,0.515895,0.004700,-0.131098,0.729990,0.761889,1.019453,0.966296,0.816562,0.833561,0.974389,1.036706,0.769598,0.994547,0.873043,1.048129
1.593603,0.000000,0.534337,0.663773,0.253220,0.354313,0.492153,0.679219,0.225009,0.378110,0.573030,0.842085,0.678595,0.888801,0.500725,0.512395,0.770329,0.753415,0.969256,1.225605,0.214759,0.157110,0.483079,0.604370,0.584891,0.687537,0.723541,0.445489,0.749021,0.573094,0.488721,0.495695,0.998269,0.916307,0.136508,0.281830,0.525800,0.810282,0.861239,0.911334,0.716665,0.501226,0.462682,0.818381,0.547193,1.119750,0.899544,1.013142,0.749763,0.703626,0.514482,0.705185,0.660952,0.756955,0.994425,1.093704,1.702503,1.683180,0.425721,0.507249,0.703522,0.532892,0.830369,0.980029,0.224909,0.501290,0.547733,0.429565,1.092799,1.025745,0.304756,0.244768,0.668976,0.646283,0.564683,0.513871,-0.113596,-0.274128,0.834060,0.883011,1.127497,1.071196,0.891463,0.756691,0.992840,1.099734,0.805505,0.943768,0.769625,0.897508
0.778635,0.534337,0.000000,1.418459,0.472042,0.607433,1.306437,1.179134,0.532933,0.598736,0.589761,0.587782,0.583028,0.706991,0.822862,0.569056,0.201759,0.156939,0.822240,0.844651,0.311705,0.218088,1.135064,0.958993,0.582246,0.606743,0.536871,0.529867,0.304529,0.053332,0.576876,0.596521,0.658271,0.802947,0.605123,0.752346,0.436857,0.442526,0.400025,0.577254,0.217316,0.439498,0.773565,0.652801,0.725104,0.546448,0.596781,0.688349,0.681845,0.410079,0.412416,0.484799,0.309369,0.542336,0.470811,0.544878,0.363493,0.395926,0.271338,0.305646,0.618557,0.880990,0.373443,0.574568,0.766911,0.884228,0.835892,0.683994,0.670301,0.555446,0.695254,0.593750,0.493278,0.497514,0.437631,0.449261,0.371428,0.326932,0.323437,0.360060,0.455891,0.457921,0.438195,0.665314,0.692175,0.603127,0.490449,0.596959,1.015761,0.822554
0.857865,0.663773,1.418459,0.000000,0.396044,0.641584,1.038825,1.512604,0.428202,0.608310,0.639572,0.841142,0.673828,0.880532,0.881415,0.725710,0.321660,0.295479,0.784763,0.986727,0.344150,0.209141,1.045003,1.156319,0.555561,0.653043,0.647282,0.625417,0.410562,0.241223,0.617255,0.676765,0.812478,0.975318,0.591310,0.696832,0.488025,0.487875,0.543248,0.647064,0.309262,0.479947,0.715777,0.732607,0.689714,0.688285,0.699059,0.780101,0.692835,0.421644,0.402235,0.521260,0.347609,0.669811,0.643072,0.711443,0.513037,0.512274,0.218255,0.307792,0.667762,1.297184,0.425871,0.763079,0.844850,1.259905,0.767070,0.714751,0.685981,0.625812,0.621632,0.591615,0.582902,0.583267,0.512085,0.598099,0.276587,0.214823,0.469225,0.491391,0.621188,0.570237,0.537588,0.721997,0.893822,0.792262,0.569696,0.635706,1.222227,1.007231
0.318066,0.253220,0.472042,0.396044,0.000000,0.862040,0.638881,0.534320,1.111643,0.679266,0.068263,0.138343,0.163783,0.117420,0.205304,-0.070080,-0.063396,-0.111601,0.275248,0.308702,0.117559,0.234262,0.360706,0.304905,0.686827,0.566097,0.259627,0.225411,0.020292,-0.123769,0.183514,0.141841,0.245958,0.324886,0.270123,0.350803,0.236920,0.091717,0.141323,0.090916,0.015062,0.222985,0.509761,0.278079,0.455795,0.280384,0.353191,0.313214,0.527658,0.493137,0.587747,0.541074,0.398092,0.301105,0.227508,0.255252,0.128368,0.231181,0.549461,0.509429,0.562475,0.312229,0.277750,0.253979,0.239937,0.367650,0.615693,0.653404,0.382951,0.365467,0.299966,0.237051,0.077173,0.110348,0.113288,0.048758,0.191619,0.166221,0.019449,0.041431,0.103571,0.051746,0.111029,0.180944,0.176601,0.141620,0.124342,0.185676,0.273941,0.277464
0.484204,0.354313,0.607433,0.641584,0.862040,0.000000,0.695218,0.735857,0.764345,1.052669,0.212629,0.304628,0.266195,0.418763,0.404257,0.221140,-0.050824,-0.008865,0.299346,0.385000,0.310007,0.263896,0.378064,0.353981,0.462238,0.617019,0.361592,0.500351,0.104199,-0.054017,0.212125,0.193038,0.325827,0.427057,0.371626,0.474460,0.203133,0.155145,0.242079,0.164399,0.015115,0.205678,0.663115,0.415181,0.469214,0.344959,0.443991,0.427948,0.636315,0.550977,0.692425,0.719754,0.496478,0.430827,0.364589,0.358933,0.216158,0.352987,0.593572,0.683171,0.725247,0.614650,0.331357,0.429765,0.443018,0.664393,0.844966,0.946139,0.420112,0.441562,0.332792,0.300167,0.124549,0.192916,0.144761,0.208533,0.185652,0.136774,0.008772,0.100333,0.201229,0.139139,0.217275,0.358694,0.343927,0.316332,0.099010,0.219106,0.466378,0.547891
0.690356,0.492153,1.306437,1.038825,0.638881,0.695218,0.000000,1.404649,0.709021,0.592310,0.615918,0.528814,0.767473,0.713423,0.738197,0.445768,0.204674,0.147330,0.627994,0.679068,0.234810,0.134701,0.756008,0.671820,0.502324,0.518539,0.446917,0.505009,0.338274,0.101999,0.498588,0.489257,0.605923,0.721948,0.421616,0.594559,0.330970,0.377357,0.300289,0.362767,0.236129,0.432933,0.882411,0.717626,0.851437,0.574172,0.678750,0.730554,0.759353,0.433354,0.429941,0.502005,0.301769,0.548809,0.451407,0.535557,0.359139,0.341667,0.376023,0.309026,0.863318,0.843182,0.530855,0.664168,0.687153,0.781916,0.842579,0.674568,0.518798,0.492614,0.732715,0.596092,0.498768,0.485998,0.517527,0.406775,0.367100,0.355125,0.276164,0.319354,0.465190,0.424149,0.424569,0.566283,0.560385,0.453142,0.342030,0.485688,0.825247,0.711914
0.887199,0.679219,1.179134,1.512604,0.534320,0.735857,1.404649,0.000000,0.543284,0.615028,0.689038,0.794923,0.843023,0.920807,0.804433,0.611542,0.318909,0.292060,0.670549,0.913664,0.256783,0.150302,0.782595,0.870207,0.528540,0.568074,0.601438,0.652358,0.451683,0.234983,0.497369,0.517635,0.765258,0.892839,0.498624,0.633788,0.436695,0.487198,0.477276,0.551584,0.367123,0.484126,0.876677,0.891653,0.869038,0.778561,0.831356,0.906900,0.853514,0.476815,0.445510,0.571299,0.389742,0.684045,0.651221,0.726091,0.538174,0.504799,0.270985,0.314423,0.912901,1.185315,0.564247,0.862395,0.792049,1.214234,0.837408,0.743104,0.656361,0.616008,0.640005,0.628717,0.609324,0.580666,0.546960,0.573050,0.256120,0.216530,0.401601,0.440257,0.622117,0.561090,0.518811,0.692088,0.762563,0.698996,0.443378,0.570176,1.073945,0.985787
0.310512,0.225009,0.532933,0.428202,1.111643,0.764345,0.709021,0.543284,0.000000,1.118531,0.006159,0.087707,0.147051,0.176557,0.220869,0.001882,-0.106701,-0.148518,0.200813,0.290180,-0.027981,0.027009,0.272212,0.243945,0.309060,0.327297,0.066647,0.113515,-0.011443,-0.179786,0.104663,0.135571,0.194052,0.278324,0.171866,0.271523,0.173318,0.164721,0.123552,0.062897,-0.088115,0.121877,0.609978,0.308967,0.631642,0.327833,0.349215,0.335656,0.666103,0.541430,0.575113,0.591967,0.426305,0.327029,0.218538,0.242731,0.099012,0.226247,0.615813,0.543093,0.562498,0.362184,0.225897,0.240144,0.219743,0.381112,0.729364,0.738047,0.443174,0.382692,0.362480,0.350288,0.054457,0.059785,-0.021880,0.021747,0.254497,0.226175,-0.028389,0.013292,0.121258,0.055353,0.141691,0.245937,0.156246,0.174513,0.061467,0.118247,0.283260,0.336016
0.471777,0.378110,0.598736,0.608310,0.679266,1.052669,0.592310,0.615028,1.118531,0.000000,0.074161,0.252466,0.182258,0.362518,0.299703,0.192991,-0.050607,-0.038455,0.290636,0.420503,0.063694,0.044794,0.353706,0.364274,0.296799,0.462367,0.123813,0.161850,0.029392,-0.121811,0.154229,0.220430,0.292001,0.383266,0.286454,0.350456,0.192480,0.260432,0.227718,0.202157,-0.030494,0.075817,0.602369,0.378236,0.542563,0.392865,0.355596,0.380807,0.646446,0.577675,0.671378,0.755053,0.500630,0.424743,0.336554,0.312230,0.246143,0.410908,0.639974,0.706874,0.592985,0.563556,0.204641,0.351109,0.322120,0.589886,0.840689,0.901008,0.571704,0.518953,0.297831,0.340467,0.108369,0.127903,-0.013496,0.107350,0.229234,0.133704,0.057808,0.126598,0.231007,0.171093,0.234325,0.401667,0.331287,0.393142,0.122646,0.223640,0.455116,0.554166
0.656635,0.573030,0.589761,0.639572,0.068263,0.212629,0.615918,0.689038,0.006159,0.074161,0.000000,0.969707,1.398602,0.989380,0.856636,0.753967,0.743855,0.591896,0.728064,0.688859,0.422455,0.173910,0.695335,0.660049,0.440287,0.471674,0.711535,0.541000,0.827901,0.673664,0.754475,0.677498,0.874367,0.841338,0.397833,0.438297,0.436738,0.493555,0.621515,0.588212,0.746069,0.574265,0.494459,0.789787,0.492392,0.620217,0.714006,0.829890,0.453751,0.178974,0.033666,0.211551,0.081842,0.479296,0.616419,0.634213,0.558962,0.402741,0.004881,0.044440,0.645827,0.662902,0.823279,0.769455,0.706435,0.570453,0.345007,0.238878,0.306970,0.307826,0.378587,0.331858,0.931534,0.805588,0.952184,0.670956,0.095735,0.081525,0.709983,0.798282,0.714683,0.768046,0.580814,0.486460,0.779076,0.542827,0.456302,0.449131,0.704899,0.522832
0.857816,0.842085,0.587782,0.841142,0.138343,0.304628,0.528814,0.794923,0.087707,0.252466,0.969707,0.000000,1.012796,1.211855,0.811132,0.915642,0.586985,0.608272,0.695690,0.897802,0.279031,0.070308,0.748426,0.885534,0.543933,0.615279,0.817912,0.503848,0.646813,0.583004,0.623466,0.706997,0.860536,0.867345,0.358908,0.365084,0.531491,0.495020,0.678548,0.710130,0.688201,0.455458,0.405843,0.700449,0.399236,0.696608,0.735937,0.784511,0.449429,0.268770,0.242044,0.397454,0.300684,0.658942,0.842373,0.788805,0.782215,0.654547,0.128534,0.194939,0.579818,0.868096,0.583075,0.753926,0.592335,0.832953,0.462387,0.351244,0.520825,0.506412,0.341954,0.305895,0.760624,0.688803,0.671480,0.620427,-0.002526,-0.070058,0.733536,0.763010,0.760181,0.770466,0.677569,0.564183,1.087552,1.006651,0.708944,0.651058,0.813095,0.783271
0.733546,0.678595,0.583028,0.673828,0.163783,0.266195,0.767473,0.843023,0.147051,0.182258,1.398602,1.012796,0.000000,1.032513,0.763710,0.634725,0.690999,0.566417,0.682070,0.738529,0.286353,0.068807,0.599538,0.648324,0.440730,0.463513,0.585450,0.392627,0.752148,0.637875,0.671366,0.599281,0.923334,0.837507,0.304984,0.426861,0.429212,0.474799,0.562377,0.534600,0.809218,0.512784,0.566813,0.869560,0.584684,0.709181,0.773972,0.891448,0.519045,0.227380,0.105094,0.278712,0.140934,0.483396,0.686473,0.695600,0.671404,0.473657,0.090062,0.087151,0.771560,0.672070,0.856555,0.841385,0.613158,0.613665,0.408286,0.284423,0.419820,0.443308,0.435277,0.384535,0.974693,0.825487,0.848846,0.614842,0.116773,0.055126,0.708319,0.814069,0.790186,0.808493,0.612577,0.496141,0.726336,0.590625,0.442776,0.474982,0.722692,0.571884
0.973092,0.888801,0.706991,0.880532,0.117420,0.418763,0.713423,0.920807,0.176557,0.362518,0.989380,1.211855,1.032513,0.000000,0.889688,1.170009,0.615441,0.600889,0.716354,0.849503,0.328442,0.102789,0.631487,0.650024,0.419331,0.555837,0.766236,0.621031,0.752341,0.534541,0.587919,0.640958,0.849217,0.880770,0.304353,0.302654,0.482134,0.551587,0.742975,0.752490,0.624673,0.528486,0.495506,0.811740,0.495735,0.806268,0.744557,0.845272,0.617525,0.405697,0.324347,0.528009,0.365068,0.720764,0.791610,0.858505,0.803144,0.781780,0.262641,0.335088,0.693245,0.956106,0.781707,0.957467,0.575537,0.829061,0.554148,0.429131,0.545044,0.514299,0.367973,0.320585,0.704478,0.680214,0.624158,0.608475,0.003840,-0.100190,0.730174,0.750852,0.941516,0.899486,0.886095,0.862368,1.125518,1.025307,0.677733,0.723183,0.913250,0.895413
0.600868,0.500725,0.822862,0.881415,0.205304,0.404257,0.738197,0.804433,0.220869,0.299703,0.856636,0.811132,0.763710,0.889688,0.000000,0.976542,0.481130,0.375987,0.628377,0.636370,0.461107,0.263676,0.872625,0.769506,0.447864,0.519572,0.808423,0.674204,0.595931,0.407146,0.691222,0.708597,0.704257,0.742575,0.490041,0.442394,0.596322,0.513259,0.627149,0.564508,0.449399,0.569554,0.504279,0.565922,0.454079,0.555712,0.606283,0.683833,0.521107,0.317164,0.313810,0.418815,0.271768,0.573037,0.644852,0.599604,0.454316,0.445254,0.253783,0.247060,0.563517,0.774850,0.524053,0.628319,0.706627,0.764914,0.583424,0.472042,0.469454,0.452297,0.460406,0.381342,0.671784,0.621086,0.646643,0.644479,0.203051,0.166084,0.516111,0.565242,0.590805,0.566461,0.521862,0.520728,0.836889,0.670673,0.548761,0.494024,0.855900,0.737681
0.614068,0.512395,0.569056,0.725710,-0.070080,0.221140,0.445768,0.611542,0.001882,0.192991,0.753967,0.915642,0.634725,1.170009,0.976542,0.000000,0.501219,0.452733,0.507665,0.571138,0.317743,0.139838,0.612151,0.588926,0.255059,0.396670,0.635193,0.580570,0.658666,0.513828,0.596661,0.755003,0.604508,0.639059,0.292435,0.160294,0.472005,0.360489,0.577938,0.602995,0.459522,0.459768,0.263204,0.494569,0.270557,0.537273,0.429904,0.533664,0.337294,0.207639,0.162005,0.303492,0.209459,0.464415,0.568790,0.571343,0.472464,0.471758,0.089192,0.155500,0.362454,0.771280,0.406200,0.615242,0.474417,0.632205,0.317544,0.225060,0.306355,0.278788,0.219316,0.226506,0.497285,0.456798,0.450453,0.476407,0.008894,-0.075331,0.569365,0.572869,0.657967,0.630107,0.668970,0.714871,0.831416,0.741469,0.611609,0.531688,0.714317,0.615208
0.621031,0.770329,0.201759,0.321660,-0.063396,-0.050824,0.204674,0.318909,-0.106701,-0.050607,0.743855,0.586985,0.690999,0.615441,0.481130,0.501219,0.000000,1.126535,0.597038,0.564501,0.233853,0.078291,0.272236,0.328555,0.265473,0.286739,0.562686,0.296673,1.174873,1.173989,0.537275,0.506040,0.895475,0.680011,0.035390,0.060759,0.588029,0.725869,0.729412,0.638693,0.910945,0.564708,0.117728,0.522315,0.272233,0.741001,0.579258,0.674058,0.386441,0.314991,0.071603,0.242359,0.194838,0.431258,0.673916,0.707704,0.955781,0.713842,0.077989,0.113373,0.391079,0.335499,0.826048,0.856638,0.179436,0.184635,0.113251,0.046200,0.437028,0.425301,0.197943,0.186978,0.993287,0.741168,0.888256,0.567207,-0.095011,-0.244819,1.119402,1.139490,1.132895,1.132961,0.690708,0.419288,0.708486,0.582021,0.539359,0.499716,0.436981,0.416041
0.630897,0.753415,0.156939,0.295479,-0.111601,-0.008865,0.147330,0.292060,-0.148518,-0.038455,0.591896,0.608272,0.566417,0.600889,0.375987,0.452733,1.126535,0.000000,0.565228,0.561559,0.176975,0.036263,0.291702,0.341909,0.309207,0.388277,0.622289,0.368950,0.925500,1.010941,0.424968,0.442871,0.733285,0.622536,-0.015732,0.027724,0.545840,0.745089,0.640720,0.557969,0.799192,0.506325,0.059641,0.403351,0.208679,0.636008,0.467418,0.540889,0.319637,0.311193,0.077664,0.240877,0.135123,0.381600,0.583251,0.652341,0.934899,0.747683,0.040176,0.102375,0.311021,0.311613,0.625891,0.768536,0.154469,0.184251,0.074750,0.018100,0.425952,0.418361,0.169238,0.192356,0.788230,0.697315,0.702978,0.458061,-0.224901,-0.405759,0.960841,1.015483,1.004747,1.020629,0.709785,0.394687,0.753481,0.673025,0.624423,0.578633,0.415574,0.424357
1.095547,0.969256,0.822240,0.784763,0.275248,0.299346,0.627994,0.670549,0.200813,0.290636,0.728064,0.695690,0.682070,0.716354,0.628377,0.507665,0.597038,0.565228,0.000000,1.438287,0.385175,0.356476,0.777280,0.724885,0.679753,0.726554,0.636839,0.436920,0.716285,0.472375,0.767855,0.717095,1.252812,1.274037,0.300205,0.455479,0.516789,0.720171,0.725979,0.952277,0.685402,0.699448,0.587841,0.861808,0.657751,0.809965,0.678303,0.890218,0.626502,0.354477,0.224948,0.389195,0.317211,0.575338,0.683836,0.780226,0.833153,0.726290,0.187110,0.216795,0.497712,0.544471,0.702177,0.851702,0.365220,0.482981,0.421430,0.350037,0.923213,0.802717,0.495958,0.378207,0.891481,0.808667,0.758088,0.504667,0.252895,0.073179,0.766201,0.916129,1.006592,1.071138,0.844556,0.865621,0.880067,0.728082,0.678415,0.860574,0.771081,0.656705
1.375811,1.225605,0.844651,0.986727,0.308702,0.385000,0.679068,0.913664,0.290180,0.420503,0.688859,0.897802,0.738529,0.849503,0.636370,0.571138,0.564501,0.561559,1.438287,0.000000,0.270835,0.231267,0.757601,0.864496,0.650423,0.698420,0.686372,0.484589,0.656189,0.428356,0.578678,0.610530,1.140874,1.222222,0.316677,0.495904,0.532098,0.773777,0.762248,0.970218,0.653227,0.615545,0.661093,0.990396,0.741905,0.997142,0.863342,1.050593,0.748275,0.456752,0.326119,0.501485,0.449390,0.715275,0.864342,0.922763,0.964435,0.877203,0.204736,0.255085,0.634878,0.710771,0.665535,0.924011,0.451840,0.715581,0.591487,0.489955,1.181421,1.003981,0.499131,0.447944,0.800351,0.752521,0.611820,0.508386,0.154965,0.003080,0.764878,0.823441,0.988607,0.976215,0.801029,0.860815,0.992483,0.969408,0.732509,0.842650,0.938975,0.902656
0.274275,0.214759,0.311705,0.344150,0.117559,0.310007,0.234810,0.256783,-0.027981,0.063694,0.422455,0.279031,0.286353,0.328442,0.461107,0.317743,0.233853,0.176975,0.385175,0.270835,0.000000,0.831120,0.282691,0.243766,0.351592,0.412223,0.650816,0.674221,0.265889,0.255274,0.601504,0.449618,0.425709,0.506464,0.332781,0.244405,0.084058,0.195083,0.274639,0.245330,0.262800,0.233952,0.359820,0.297382,0.148754,0.163955,0.282158,0.318540,0.200368,0.053558,0.080756,0.151409,0.120615,0.162890,0.201338,0.151116,0.186952,0.154033,0.104260,0.199334,0.228775,0.283175,0.394104,0.281628,0.289193,0.255235,0.222439,0.295394,0.121468,0.179231,0.260431,0.194871,0.335236,0.387577,0.409013,0.472352,0.164320,0.121919,0.209689,0.286419,0.228505,0.295902,0.194564,0.217628,0.263002,0.115833,0.064098,0.105689,0.191689,0.208302
0.222689,0.157110,0.218088,0.209141,0.234262,0.263896,0.134701,0.150302,0.027009,0.044794,0.173910,0.070308,0.068807,0.102789,0.263676,0.139838,0.078291,0.036263,0.356476,0.231267,0.831120,0.000000,0.240472,0.247162,0.416659,0.412242,0.473495,0.472376,0.182759,0.083977,0.490793,0.359775,0.297701,0.384609,0.258363,0.188987,0.051674,0.171899,0.143023,0.269444,0.168813,0.295848,0.310791,0.212741,0.167981,0.100198,0.146766,0.219536,0.173740,0.042516,0.073474,0.122544,0.188875,0.077666,0.145643,0.097759,0.102218,0.098484,0.082615,0.143002,0.056792,0.096659,0.237939,0.136439,0.049199,0.110368,0.158387,0.217254,0.161300,0.157749,0.252151,0.212614,0.183488,0.238918,0.240270,0.307734,0.251162,0.229280,0.194210,0.152009,0.116810,0.182116,0.173654,0.222448,0.142496,0.057609,0.103635,0.185660,0.104833,0.136266
0.590498,0.483079,1.135064,1.045003,0.360706,0.378064,0.756008,0.782595,0.272212,0.353706,0.695335,0.748426,0.599538,0.631487,0.872625,0.612151,0.272236,0.291702,0.777280,0.757601,0.282691,0.240472,0.000000,1.450206,0.947177,0.883064,0.709593,0.414357,0.351993,0.206736,0.799963,0.826336,0.686551,0.821609,0.790133,0.809423,0.596497,0.431339,0.533723,0.602784,0.357033,0.496187,0.509850,0.526517,0.490685,0.472588,0.526960,0.591365,0.437963,0.291347,0.306714,0.376240,0.190613,0.508332,0.516396,0.533438,0.368078,0.351715,0.126699,0.181099,0.434944,0.683788,0.271729,0.387023,0.847849,0.826623,0.633437,0.509562,0.544996,0.490420,0.490291,0.434068,0.500259,0.549436,0.474550,0.462541,0.250592,0.234988,0.489560,0.504495,0.445911,0.464184,0.512033,0.518850,0.885399,0.715636,0.713017,0.639753,0.894320,0.613277
0.723198,0.604370,0.958993,1.156319,0.304905,0.353981,0.671820,0.870207,0.243945,0.364274,0.660049,0.885534,0.648324,0.650024,0.769506,0.588926,0.328555,0.341909,0.724885,0.864496,0.243766,0.247162,1.450206,0.000000,0.829722,0.821061,0.770608,0.440590,0.360734,0.256065,0.689964,0.761481,0.708353,0.811679,0.685050,0.776950,0.650324,0.557610,0.562007,0.688758,0.430656,0.482453,0.542626,0.592787,0.548533,0.617164,0.641251,0.688089,0.489235,0.346704,0.334336,0.439384,0.290657,0.594183,0.666436,0.677501,0.513915,0.443667,0.104561,0.195386,0.429114,0.711658,0.273874,0.443588,0.681470,0.933803,0.618138,0.521172,0.628038,0.555616,0.505523,0.481405,0.536307,0.553902,0.485530,0.481886,0.186271,0.168798,0.536600,0.544346,0.506718,0.491383,0.502673,0.487862,0.913391,0.827359,0.795387,0.686793,0.895408,0.781520
0.589970,0.584891,0.582246,0.555561,0.686827,0.462238,0.502324,0.528540,0.309060,0.296799,0.440287,0.543933,0.440730,0.419331,0.447864,0.255059,0.265473,0.309207,0.679753,0.650423,0.351592,0.416659,0.947177,0.829722,0.000000,1.429742,0.817768,0.376155,0.302204,0.191672,0.666958,0.593465,0.619007,0.728737,0.670069,0.713598,0.497125,0.357398,0.514504,0.484987,0.382587,0.444899,0.430202,0.457130,0.388885,0.472945,0.506758,0.523939,0.410176,0.370271,0.430386,0.475756,0.313945,0.448362,0.498610,0.471378,0.505235,0.483921,0.296748,0.326411,0.466355,0.340723,0.346658,0.324314,0.440994,0.519647,0.565162,0.501915,0.567244,0.552801,0.379388,0.278488,0.396689,0.438264,0.427569,0.263474,0.112887,0.043033,0.428273,0.442033,0.420421,0.411785,0.456476,0.383070,0.649896,0.577590,0.570651,0.606605,0.479512,0.417482
0.719083,0.687537,0.606743,0.653043,0.566097,0.617019,0.518539,0.568074,0.327297,0.462367,0.471674,0.615279,0.463513,0.555837,0.519572,0.396670,0.286739,0.388277,0.726554,0.698420,0.412223,0.412242,0.883064,0.821061,1.429742,0.000000,0.837919,0.486533,0.374419,0.267349,0.748281,0.749107,0.660998,0.788167,0.558386,0.620148,0.469644,0.353279,0.596009,0.475855,0.374147,0.457538,0.474972,0.510335,0.434396,0.557100,0.537636,0.592263,0.477548,0.431899,0.486141,0.567283,0.382066,0.507026,0.585963,0.525052,0.588913,0.633431,0.326409,0.414108,0.450157,0.418588,0.362492,0.431189,0.411967,0.572571,0.577312,0.537247,0.580207,0.557390,0.342470,0.277290,0.393262,0.448970,0.407133,0.361693,0.054967,-0.033180,0.475956,0.536650,0.535991,0.509391,0.554109,0.513782,0.784798,0.680746,0.605700,0.686748,0.524985,0.482806
0.759287,0.723541,0.536871,0.647282,0.259627,0.361592,0.446917,0.601438,0.066647,0.123813,0.711535,0.817912,0.585450,0.766236,0.808423,0.635193,0.562686,0.622289,0.636839,0.686372,0.650816,0.473495,0.709593,0.770608,0.817768,0.837919,0.000000,1.035888,0.578943,0.463253,0.637040,0.608158,0.683672,0.750772,0.465181,0.468671,0.524199,0.590198,0.743066,0.601818,0.489676,0.496555,0.436543,0.559485,0.358779,0.629158,0.730030,0.738684,0.504677,0.456205,0.418412,0.543640,0.458505,0.665840,0.722102,0.710404,0.717771,0.658257,0.249172,0.349650,0.462581,0.508729,0.557584,0.583990,0.429240,0.605356,0.486258,0.418154,0.493764,0.482335,0.372005,0.288363,0.566774,0.579542,0.619052,0.532464,-0.086454,-0.107317,0.602606,0.598905,0.628158,0.621715,0.563375,0.410636,0.910312,0.790475,0.713654,0.660421,0.599809,0.724785
0.579117,0.445489,0.529867,0.625417,0.225411,0.500351,0.505009,0.652358,0.113515,0.161850,0.541000,0.503848,0.392627,0.621031,0.674204,0.580570,0.296673,0.368950,0.436920,0.484589,0.674221,0.472376,0.414357,0.440590,0.376155,0.486533,1.035888,0.000000,0.395640,0.260277,0.423356,0.423592,0.451404,0.563101,0.343108,0.314925,0.267208,0.382092,0.402022,0.367038,0.219571,0.389400,0.507833,0.473401,0.396238,0.462823,0.575984,0.565509,0.512947,0.307517,0.283254,0.340004,0.282564,0.411120,0.418575,0.436426,0.406432,0.394872,0.156753,0.262023,0.428027,0.574526,0.428406,0.553434,0.437780,0.557248,0.419743,0.397973,0.285818,0.287403,0.352897,0.313669,0.363466,0.392571,0.411901,0.510898,-0.024991,-0.001463,0.307875,0.287075,0.432853,0.402057,0.369852,0.400122,0.582306,0.467129,0.398575,0.455742,0.494434,0.605300
0.693277,0.749021,0.304529,0.410562,0.020292,0.104199,0.338274,0.451683,-0.011443,0.029392,0.827901,0.646813,0.752148,0.752341,0.595931,0.658666,1.174873,0.925500,0.716285,0.656189,0.265889,0.182759,0.351993,0.360734,0.302204,0.374419,0.578943,0.395640,0.000000,1.349467,0.692932,0.648286,1.036832,0.838481,-0.047531,0.038927,0.668862,0.638395,0.734801,0.697232,0.944334,0.752746,0.239473,0.648397,0.398771,0.742603,0.573502,0.725375,0.498737,0.315429,0.049521,0.230895,0.132553,0.386101,0.694945,0.754825,0.821909,0.676511,0.086053,0.107892,0.427840,0.445707,0.954540,0.976339,0.179209,0.242283,0.136751,0.074918,0.421141,0.409587,0.179053,0.178703,0.926951,0.648338,0.775755,0.485841,-0.038511,-0.175603,0.887452,1.105586,1.295932,1.236202,1.094195,0.731586,0.752645,0.573755,0.593153,0.531696,0.544902,0.428572
0.451268,0.573094,0.053332,0.241223,-0.123769,-0.054017,0.101999,0.234983,-0.179786,-0.121811,0.673664,0.583004,0.637875,0.534541,0.407146,0.513828,1.173989,1.010941,0.472375,0.428356,0.255274,0.083977,0.206736,0.256065,0.191672,0.267349,0.463253,0.260277,1.349467,0.000000,0.570624,0.557537,0.825526,0.646323,-0.103751,-0.076762,0.539769,0.526145,0.619179,0.480728,0.844085,0.579427,0.039313,0.427255,0.193480,0.562926,0.419578,0.494153,0.269248,0.184844,-0.069172,0.098380,0.012657,0.269386,0.547882,0.589827,0.721017,0.539624,-0.025295,0.006385,0.292700,0.336235,0.744185,0.769562,0.118045,0.116247,-0.056555,-0.073947,0.239571,0.275685,0.094335,0.093205,0.783673,0.605941,0.678172,0.449306,-0.112973,-0.226178,0.833209,1.023421,0.995118,0.977520,0.735402,0.414609,0.577704,0.432214,0.465168,0.330830,0.331482,0.250078
0.549240,0.488721,0.576876,0.617255,0.183514,0.212125,0.498588,0.497369,0.104663,0.154229,0.754475,0.623466,0.671366,0.587919,0.691222,0.596661,0.537275,0.424968,0.767855,0.578678,0.601504,0.490793,0.799963,0.689964,0.666958,0.748281,0.637040,0.423356,0.692932,0.570624,0.000000,1.703619,0.984576,1.064298,0.448222,0.447923,0.421220,0.331955,0.516650,0.539080,0.593675,0.653746,0.478719,0.544506,0.440182,0.456582,0.495354,0.609774,0.397331,0.108158,0.068967,0.161217,0.052510,0.239892,0.440294,0.394785,0.477545,0.336758,0.093499,0.111655,0.355215,0.493339,0.537629,0.510531,0.408424,0.387279,0.332601,0.319149,0.343046,0.368815,0.352372,0.313661,0.734389,0.610028,0.670615,0.600849,0.237487,0.165059,0.679596,0.806403,0.649878,0.706976,0.583030,0.514555,0.621938,0.418444,0.448222,0.443795,0.441238,0.286281
0.576579,0.495695,0.596521,0.676765,0.141841,0.193038,0.489257,0.517635,0.135571,0.220430,0.677498,0.706997,0.599281,0.640958,0.708597,0.755003,0.506040,0.442871,0.717095,0.610530,0.449618,0.359775,0.826336,0.761481,0.593465,0.749107,0.608158,0.423592,0.648286,0.557537,1.703619,0.000000,0.895979,1.033194,0.410279,0.364434,0.472961,0.334921,0.505057,0.556538,0.518877,0.626835,0.408682,0.507491,0.440867,0.505439,0.477900,0.584603,0.397808,0.102261,0.082157,0.168553,0.061209,0.281574,0.458975,0.409095,0.495556,0.366824,0.068748,0.085623,0.301691,0.558840,0.431043,0.486807,0.401256,0.447735,0.328750,0.293125,0.366362,0.337230,0.366268,0.351945,0.654100,0.542675,0.536820,0.553452,0.205250,0.143339,0.683837,0.771434,0.668944,0.696051,0.596948,0.536293,0.706547,0.510777,0.520069,0.499358,0.477028,0.342352
0.994784,0.998269,0.658271,0.812478,0.245958,0.325827,0.605923,0.765258,0.194052,0.292001,0.874367,0.860536,0.923334,0.849217,0.704257,0.604508,0.895475,0.733285,1.252812,1.140874,0.425709,0.297701,0.686551,0.708353,0.619007,0.660998,0.683672,0.451404,1.036832,0.825526,0.984576,0.895979,0.000000,1.809162,0.319722,0.410971,0.662940,0.711259,0.809306,0.892271,0.933044,0.779466,0.644705,1.016844,0.729649,1.019465,0.906262,1.092264,0.748605,0.397193,0.222594,0.413609,0.289794,0.532174,0.861122,0.882775,0.977637,0.749518,0.223879,0.261155,0.679338,0.694889,0.952938,1.111059,0.409427,0.556300,0.469394,0.431294,0.781489,0.821119,0.454276,0.392917,1.218571,0.973079,0.894965,0.692195,0.228198,0.026219,0.995443,1.240086,1.304265,1.322515,0.891087,0.761575,0.898911,0.727440,0.550878,0.652986,0.749824,0.615768
0.965633,0.916307,0.802947,0.975318,0.324886,0.427057,0.721948,0.892839,0.278324,0.383266,0.841338,0.867345,0.837507,0.880770,0.742575,0.639059,0.680011,0.622536,1.274037,1.222222,0.506464,0.384609,0.821609,0.811679,0.728737,0.788167,0.750772,0.563101,0.838481,0.646323,1.064298,1.033194,1.809162,0.000000,0.454582,0.516082,0.577853,0.656350,0.724084,0.848500,0.759552,0.790664,0.746436,0.986449,0.778151,0.915340,0.874865,1.050706,0.775965,0.360151,0.235997,0.422613,0.275126,0.575835,0.770751,0.791824,0.836325,0.667175,0.204218,0.251238,0.690535,0.851935,0.823703,0.989890,0.543645,0.703545,0.563194,0.547289,0.812562,0.815969,0.552118,0.486645,1.049349,0.919689,0.821334,0.725422,0.313995,0.132869,0.879952,1.035447,1.102410,1.106766,0.859034,0.814803,0.941127,0.724300,0.537847,0.655908,0.787412,0.651169
0.214530,0.136508,0.605123,0.591310,0.270123,0.371626,0.421616,0.498624,0.171866,0.286454,0.397833,0.358908,0.304984,0.304353,0.490041,0.292435,0.035390,-0.015732,0.300205,0.316677,0.332781,0.258363,0.790133,0.685050,0.670069,0.558386,0.465181,0.343108,-0.047531,-0.103751,0.448222,0.410279,0.319722,0.454582,0.000000,1.043391,0.224440,0.117468,0.218986,0.226692,0.030046,0.151941,0.500211,0.318334,0.337132,0.193398,0.336031,0.330225,0.263578,0.121124,0.255971,0.247025,0.153112,0.308311,0.196527,0.142588,0.104397,0.042973,0.066559,0.166074,0.379088,0.479370,0.013529,0.068260,0.886281,0.784433,0.585452,0.578029,0.274827,0.286883,0.405949,0.390093,0.266362,0.333624,0.288813,0.311181,0.387187,0.352982,0.152602,0.115347,0.059713,0.073679,0.034063,0.140705,0.364840,0.343198,0.100128,0.209811,0.368743,0.328569
0.398126,0.281830,0.752346,0.696832,0.350803,0.474460,0.594559,0.633788,0.271523,0.350456,0.438297,0.365084,0.426861,0.302654,0.442394,0.160294,0.060759,0.027724,0.455479,0.495904,0.244405,0.188987,0.809423,0.776950,0.713598,0.620148,0.468671,0.314925,0.038927,-0.076762,0.447923,0.364434,0.410971,0.516082,1.043391,0.000000,0.276585,0.266003,0.298592,0.329843,0.126616,0.309843,0.683856,0.499989,0.551099,0.324022,0.493116,0.506436,0.424514,0.227727,0.302448,0.321812,0.220721,0.424054,0.355769,0.333107,0.204485,0.138650,0.095471,0.152034,0.484443,0.459576,0.150338,0.198489,0.784399,0.761120,0.659127,0.615563,0.440876,0.397141,0.516238,0.465697,0.376975,0.421588,0.379064,0.346403,0.389474,0.391389,0.176943,0.230800,0.164293,0.174724,0.106302,0.231061,0.378583,0.348129,0.180078,0.295847,0.536091,0.478232
0.537284,0.525800,0.436857,0.488025,0.236920,0.203133,0.330970,0.436695,0.173318,0.192480,0.436738,0.531491,0.429212,0.482134,0.596322,0.472005,0.588029,0.545840,0.516789,0.532098,0.084058,0.051674,0.596497,0.650324,0.497125,0.469644,0.524199,0.267208,0.668862,0.539769,0.421220,0.472961,0.662940,0.577853,0.224440,0.276585,0.000000,0.654437,0.653014,0.752049,0.672478,0.672582,0.253568,0.472251,0.367512,0.673491,0.522246,0.552488,0.490363,0.433117,0.342697,0.425959,0.245727,0.431850,0.804664,0.742439,0.551439,0.554941,0.206794,0.221595,0.327327,0.352697,0.439872,0.533418,0.246703,0.424686,0.377589,0.314640,0.539133,0.431930,0.274338,0.314323,0.605094,0.510908,0.416180,0.339707,0.150699,-0.009426,0.577428,0.641573,0.678110,0.599614,0.624847,0.426080,0.757840,0.624322,0.671543,0.513453,0.624520,0.498146
0.788322,0.810282,0.442526,0.487875,0.091717,0.155145,0.377357,0.487198,0.164721,0.260432,0.493555,0.495020,0.474799,0.551587,0.513259,0.360489,0.725869,0.745089,0.720171,0.773777,0.195083,0.171899,0.431339,0.557610,0.357398,0.353279,0.590198,0.382092,0.638395,0.526145,0.331955,0.334921,0.711259,0.656350,0.117468,0.266003,0.654437,0.000000,0.670718,0.977134,0.729069,0.638742,0.397480,0.678171,0.527425,0.822509,0.680634,0.788630,0.612246,0.490941,0.287560,0.491267,0.415304,0.755866,0.828298,0.858874,0.793585,0.751125,0.200008,0.226733,0.385329,0.376338,0.612098,0.741847,0.190642,0.369028,0.372426,0.297497,0.749706,0.606183,0.462133,0.471474,0.766067,0.701696,0.588199,0.417518,0.156657,0.035505,0.748437,0.707400,0.826530,0.848201,0.623665,0.539811,0.718241,0.737429,0.689402,0.652863,0.713158,0.879321
0.754956,0.861239,0.400025,0.543248,0.141323,0.242079,0.300289,0.477276,0.123552,0.227718,0.621515,0.678548,0.562377,0.742975,0.627149,0.577938,0.729412,0.640720,0.725979,0.762248,0.274639,0.143023,0.533723,0.562007,0.514504,0.596009,0.743066,0.402022,0.734801,0.619179,0.516650,0.505057,0.809306,0.724084,0.218986,0.298592,0.653014,0.670718,0.000000,0.821177,0.645440,0.529771,0.380807,0.716577,0.458415,0.927538,0.742892,0.852883,0.629086,0.557205,0.380207,0.599950,0.412044,0.710614,0.900770,0.924431,0.824611,0.863683,0.244229,0.316456,0.472574,0.428300,0.608548,0.717580,0.303366,0.498291,0.429261,0.313035,0.686800,0.531938,0.222209,0.159081,0.662144,0.625390,0.512757,0.531278,-0.109803,-0.219973,0.785890,0.863876,0.887606,0.907564,0.741809,0.619025,0.934732,0.857579,0.668795,0.662277,0.699936,0.678558
0.969239,0.911334,0.577254,0.647064,0.090916,0.164399,0.362767,0.551584,0.062897,0.202157,0.588212,0.710130,0.534600,0.752490,0.564508,0.602995,0.638693,0.557969,0.952277,0.970218,0.245330,0.269444,0.602784,0.688758,0.484987,0.475855,0.601818,0.367038,0.697232,0.480728,0.539080,0.556538,0.892271,0.848500,0.226692,0.329843,0.752049,0.977134,0.821177,0.000000,0.862815,0.744819,0.419040,0.824168,0.469365,0.833710,0.688446,0.886872,0.583395,0.367148,0.258265,0.433405,0.430157,0.659575,0.974713,0.948398,0.785607,0.762325,0.100970,0.173350,0.342510,0.472600,0.636368,0.784834,0.227953,0.494652,0.364573,0.275898,0.776101,0.552887,0.303801,0.305433,0.726064,0.633930,0.529258,0.503733,0.190992,0.005973,0.849920,0.840308,0.901462,0.988731,0.813942,0.862910,0.950785,0.912112,0.817003,0.918765,0.887665,0.873957
0.649885,0.716665,0.217316,0.309262,0.015062,0.015115,0.236129,0.367123,-0.088115,-0.030494,0.746069,0.688201,0.809218,0.624673,0.449399,0.459522,0.910945,0.799192,0.685402,0.653227,0.262800,0.168813,0.357033,0.430656,0.382587,0.374147,0.489676,0.219571,0.944334,0.844085,0.593675,0.518877,0.933044,0.759552,0.030046,0.126616,0.672478,0.729069,0.645440,0.862815,0.000000,0.733375,0.234141,0.655104,0.304928,0.675258,0.558036,0.689953,0.359138,0.183908,0.015047,0.200466,0.194388,0.364895,0.768655,0.703374,0.768857,0.600499,0.014553,0.016270,0.332752,0.269557,0.819027,0.770578,0.131566,0.226873,0.135704,0.062717,0.442857,0.423716,0.170999,0.196336,0.989590,0.767784,0.774111,0.564508,0.035684,-0.157009,0.949581,0.997889,0.904188,0.956922,0.691605,0.464515,0.649276,0.521304,0.558647,0.523999,0.525251,0.382921
0.574784,0.501226,0.439498,0.479947,0.222985,0.205678,0.432933,0.484126,0.121877,0.075817,0.574265,0.455458,0.512784,0.528486,0.569554,0.459768,0.564708,0.506325,0.699448,0.615545,0.233952,0.295848,0.496187,0.482453,0.444899,0.457538,0.496555,0.389400,0.752746,0.579427,0.653746,0.626835,0.779466,0.790664,0.151941,0.309843,0.672582,0.638742,0.529771,0.744819,0.733375,0.000000,0.417701,0.629961,0.525351,0.616562,0.580116,0.671601,0.566449,0.247529,0.118346,0.247735,0.163367,0.417744,0.696109,0.689042,0.493802,0.433191,0.067155,0.073693,0.339145,0.449253,0.664080,0.738774,0.238658,0.344442,0.264552,0.229394,0.446260,0.308091,0.412861,0.354361,0.776554,0.729192,0.648132,0.592121,0.284027,0.164849,0.666044,0.714199,0.747340,0.729648,0.616544,0.542971,0.602561,0.441126,0.502093,0.485762,0.584083,0.450997
0.600178,0.462682,0.773565,0.715777,0.509761,0.663115,0.882411,0.876677,0.609978,0.602369,0.494459,0.405843,0.566813,0.495506,0.504279,0.263204,0.117728,0.059641,0.587841,0.661093,0.359820,0.310791,0.509850,0.542626,0.430202,0.474972,0.436543,0.507833,0.239473,0.039313,0.478719,0.408682,0.644705,0.746436,0.500211,0.683856,0.253568,0.397480,0.380807,0.419040,0.234141,0.417701,0.000000,1.124656,1.394597,0.714068,1.037574,1.057402,1.214589,0.513878,0.465075,0.589787,0.456054,0.512443,0.565930,0.520176,0.301707,0.275348,0.330396,0.380882,0.829451,0.651974,0.534628,0.571058,0.519418,0.738753,0.870083,0.814731,0.551872,0.524967,0.587671,0.540920,0.445368,0.464859,0.371294,0.444086,0.495162,0.443186,0.275987,0.343692,0.406317,0.377343,0.324907,0.490711,0.421304,0.361098,0.117386,0.285431,0.587117,0.596151
0.904080,0.818381,0.652801,0.732607,0.278079,0.415181,0.717626,0.891653,0.308967,0.378236,0.789787,0.700449,0.869560,0.811740,0.565922,0.494569,0.522315,0.403351,0.861808,0.990396,0.297382,0.212741,0.526517,0.592787,0.457130,0.510335,0.559485,0.473401,0.648397,0.427255,0.544506,0.507491,1.016844,0.986449,0.318334,0.499989,0.472251,0.678171,0.716577,0.824168,0.655104,0.629961,1.124656,0.000000,1.200642,1.234545,1.321012,1.653635,1.134495,0.523271,0.337081,0.566897,0.447397,0.720578,0.939799,0.922546,0.672778,0.581278,0.208154,0.259826,0.802977,0.694759,0.816421,0.964825,0.463508,0.736982,0.618339,0.508852,0.666457,0.581009,0.476596,0.475408,0.727567,0.706465,0.598218,0.557755,0.302269,0.178452,0.663781,0.771522,0.851139,0.859431,0.709435,0.766191,0.755448,0.688496,0.426332,0.569121,0.843057,0.770342
0.652836,0.547193,0.725104,0.689714,0.455795,0.469214,0.851437,0.869038,0.631642,0.542563,0.492392,0.399236,0.584684,0.495735,0.454079,0.270557,0.272233,0.208679,0.657751,0.741905,0.148754,0.167981,0.490685,0.548533,0.388885,0.434396,0.358779,0.396238,0.398771,0.193480,0.440182,0.440867,0.729649,0.778151,0.337132,0.551099,0.367512,0.527425,0.458415,0.469365,0.304928,0.525351,1.394597,1.200642,0.000000,1.002462,1.060206,1.137295,1.400558,0.574949,0.384303,0.526695,0.348287,0.525072,0.594715,0.622116,0.422701,0.377319,0.274667,0.290798,0.742864,0.578010,0.543883,0.632235,0.436956,0.632598,0.723284,0.615772,0.640739,0.561472,0.631349,0.600439,0.519399,0.476329,0.377697,0.367896,0.425164,0.381516,0.390160,0.468339,0.576726,0.528162,0.481562,0.600087,0.478511,0.440545,0.244753,0.384482,0.641761,0.605226
1.048739,1.119750,0.546448,0.688285,0.280384,0.344959,0.574172,0.778561,0.327833,0.392865,0.620217,0.696608,0.709181,0.806268,0.555712,0.537273,0.741001,0.636008,0.809965,0.997142,0.163955,0.100198,0.472588,0.617164,0.472945,0.557100,0.629158,0.462823,0.742603,0.562926,0.456582,0.505439,1.019465,0.915340,0.193398,0.324022,0.673491,0.822509,0.927538,0.833710,0.675258,0.616562,0.714068,1.234545,1.002462,0.000000,1.292015,1.403453,1.147845,0.839887,0.535578,0.782964,0.564400,0.820939,1.089930,1.175851,1.036815,0.965143,0.362632,0.429694,0.757357,0.586038,0.804213,0.990973,0.298401,0.624994,0.642794,0.526564,0.857480,0.757731,0.388648,0.353392,0.697037,0.600491,0.514886,0.473567,0.059640,-0.087349,0.749100,0.860225,1.070989,0.978761,0.825103,0.745314,0.900589,0.930481,0.651284,0.697740,0.783403,0.858381
0.902668,0.899544,0.596781,0.699059,0.353191,0.443991,0.678750,0.831356,0.349215,0.355596,0.714006,0.735937,0.773972,0.744557,0.606283,0.429904,0.579258,0.467418,0.678303,0.863342,0.282158,0.146766,0.526960,0.641251,0.506758,0.537636,0.730030,0.575984,0.573502,0.419578,0.495354,0.477900,0.906262,0.874865,0.336031,0.493116,0.522246,0.680634,0.742892,0.688446,0.558036,0.580116,1.037574,1.321012,1.060206,1.292015,0.000000,1.612101,1.269933,0.732681,0.538902,0.733571,0.614834,0.854082,1.080510,1.050689,0.776586,0.664600,0.332159,0.388840,0.887839,0.640926,0.807695,0.844248,0.442619,0.711361,0.755817,0.629851,0.716403,0.680453,0.527736,0.441567,0.686404,0.647984,0.571176,0.597644,0.142049,0.107038,0.631977,0.692384,0.773050,0.712603,0.605634,0.564529,0.780159,0.742854,0.456249,0.534019,0.737043,0.849194
1.063699,1.013142,0.688349,0.780101,0.313214,0.427948,0.730554,0.906900,0.335656,0.380807,0.829890,0.784511,0.891448,0.845272,0.683833,0.533664,0.674058,0.540889,0.890218,1.050593,0.318540,0.219536,0.591365,0.688089,0.523939,0.592263,0.738684,0.565509,0.725375,0.494153,0.609774,0.584603,1.092264,1.050706,0.330225,0.506436,0.552488,0.788630,0.852883,0.886872,0.689953,0.671601,1.057402,1.653635,1.137295,1.403453,1.612101,0.000000,1.244307,0.658722,0.425473,0.669501,0.552388,0.850926,1.107430,1.122591,0.852444,0.745134,0.286393,0.345180,0.855970,0.691287,0.939559,1.054104,0.436038,0.696026,0.689076,0.548503,0.785141,0.699633,0.509767,0.488719,0.811010,0.785386,0.692305,0.666293,0.223653,0.124662,0.751196,0.863125,0.944731,0.934314,0.716887,0.706515,0.867272,0.803835,0.530510,0.642886,0.904920,0.931496
0.812822,0.749763,0.681845,0.692835,0.527658,0.636315,0.759353,0.853514,0.666103,0.646446,0.453751,0.449429,0.519045,0.617525,0.521107,0.337294,0.386441,0.319637,0.626502,0.748275,0.200368,0.173740,0.437963,0.489235,0.410176,0.477548,0.504677,0.512947,0.498737,0.269248,0.397331,0.397808,0.748605,0.775965,0.263578,0.424514,0.490363,0.612246,0.629086,0.583395,0.359138,0.566449,1.214589,1.134495,1.400558,1.147845,1.269933,1.244307,0.000000,0.976004,0.716774,0.893264,0.644077,0.727304,0.775349,0.836486,0.601553,0.635458,0.526240,0.599668,0.938291,0.679035,0.740986,0.804774,0.384983,0.686536,0.933599,0.804482,0.772768,0.655005,0.502506,0.440671,0.480750,0.465719,0.358282,0.407192,0.234300,0.169863,0.453629,0.524235,0.698816,0.600181,0.601954,0.659848,0.629370,0.616749,0.341402,0.455172,0.715044,0.795735
