0.000000,0.957239,0.058755,0.005822,0.036528,-0.221403,0.075186,0.030928,0.054947,-0.067751,0.689063,0.407369,0.301574,0.596833,0.165487,0.284265,0.696035,0.639509,0.222630,0.248137,0.038782,0.076608,-0.153779,-0.133871,-0.186329,-0.193388,0.084869,0.007498,0.464788,0.424194,-0.045505,-0.033634,0.280638,0.140586,-0.238877,-0.206158,0.178455,-0.070040,0.112738,0.102688,0.165636,0.162338,0.087368,0.113346,0.096545,0.198836,0.256389,0.212724,0.215605,0.412041,0.277148,0.553162,0.286069,0.241827,0.448932,0.416029,0.853278,0.666683,0.605157,0.473448,0.631707,0.486930,0.451811,0.743329,-0.050426,-0.094314,0.138085,0.022817,0.392443,0.318628,0.087529,0.260216,0.240154,0.207291,-0.023147,-0.018629,0.012609,-0.045380,0.307717,0.243193,0.478383,0.483979,0.253816,0.443521,0.307818,0.240984,0.328037,0.208831,0.266750,0.278274
0.957239,0.000000,-0.302755,-0.086722,-0.311930,-0.510286,-0.251778,-0.101748,-0.280099,-0.377949,0.306789,0.158281,-0.031816,0.431539,-0.060143,0.280697,0.846090,1.225302,0.179890,0.245827,0.179217,0.318566,-0.255392,-0.235817,-0.408678,-0.330254,0.087570,0.084731,0.517613,0.646809,0.041843,0.097033,0.440713,0.281238,-0.300037,-0.274079,0.010799,-0.089966,0.049025,0.292071,0.173757,0.374175,0.107195,0.171466,0.137624,0.320798,0.355670,0.317520,0.171968,0.366694,0.109032,0.448838,0.144560,0.099195,0.498535,0.590136,1.330881,1.378530,0.604618,0.764455,0.443405,0.362241,0.452251,0.538631,-0.247585,-0.298617,0.218096,0.152968,0.646887,0.607966,0.038860,0.007159,0.229580,0.513505,-0.055224,-0.055823,-0.162173,-0.154408,0.554467,0.741977,0.807438,0.892451,0.479608,0.749268,0.303281,0.393479,0.427482,0.423507,0.161260,0.328897
0.058755,-0.302755,0.000000,0.962304,1.366604,0.758278,1.317218,0.924342,1.083035,0.895443,0.638825,0.621641,1.135563,0.491967,1.178745,0.591945,0.134121,-0.292296,0.687780,0.698291,0.250202,0.137371,1.317836,1.083363,0.829824,0.774719,0.415401,0.360565,0.294672,0.175631,0.667301,0.595473,0.324174,0.425606,0.834914,0.716858,0.089834,0.207558,0.129765,0.124995,0.392540,0.152200,0.548888,0.469798,0.423109,0.265954,0.289338,0.387246,0.303306,0.077489,0.401274,-0.056220,0.287776,0.301639,0.063066,0.094431,-0.322677,-0.362899,-0.156741,-0.247090,0.021342,0.405533,0.148509,0.241196,1.100801,0.735103,0.421295,0.373565,0.083271,0.146940,0.314606,0.524283,0.328072,0.084811,0.415925,0.429123,0.551773,0.605973,-0.164917,-0.408602,0.008023,-0.003516,0.168042,-0.306052,0.603123,0.291102,0.153619,0.105177,0.645745,0.375912
0.005822,-0.086722,0.962304,0.000000,0.953076,0.798725,0.890893,1.541024,0.807873,0.908372,0.346758,0.678047,0.721760,0.576109,0.770575,0.815822,0.245821,-0.110214,0.738210,1.068023,0.425968,0.402552,1.187528,1.648976,0.714993,0.928232,0.558355,0.658202,0.304080,0.296687,1.001437,1.074657,0.584395,0.797314,1.056921,1.109702,-0.138820,0.115081,0.279672,0.368873,0.494733,0.299298,0.757624,0.672271,0.602850,0.542170,0.529450,0.654876,0.393906,0.127485,0.412540,-0.073502,0.386019,0.348903,0.200229,0.319648,-0.073266,-0.094831,-0.149983,-0.038843,0.011812,0.543903,0.140801,0.311037,0.897239,1.094915,0.665851,0.832106,0.415788,0.501070,0.342298,0.358383,0.297523,0.223773,0.441446,0.437110,0.577619,0.730114,-0.102309,-0.172271,0.211693,0.251924,0.377397,-0.169306,0.718328,0.701880,0.508602,0.455789,0.616162,0.685169
0.036528,-0.311930,1.366604,0.953076,0.000000,1.004028,1.202899,0.990020,1.375352,1.112944,0.499323,0.659202,0.923591,0.431499,0.950277,0.576077,0.125092,-0.297340,0.652291,0.758950,0.162036,0.076972,1.064664,0.985864,0.905283,0.902844,0.498888,0.456518,0.217814,0.123310,0.589831,0.518399,0.345840,0.467542,0.711499,0.658223,0.046426,0.106073,0.151707,0.204566,0.334551,0.108054,0.642418,0.516949,0.520247,0.323738,0.400905,0.462272,0.454222,0.208129,0.511002,0.026111,0.436571,0.385976,0.164760,0.165798,-0.315821,-0.352027,-0.137965,-0.227130,-0.012788,0.460191,0.144494,0.274490,0.930239,0.719807,0.389183,0.408076,0.148577,0.218722,0.277817,0.523579,0.337032,0.121310,0.419370,0.450620,0.597917,0.720817,-0.216226,-0.504732,-0.008529,-0.003099,0.141080,-0.303461,0.433308,0.249351,0.172397,0.155474,0.561247,0.459714
-0.221403,-0.510286,0.758278,0.798725,1.004028,0.000000,0.888517,0.805224,0.967346,1.348109,0.180416,0.485085,0.550096,0.205721,0.628012,0.356141,-0.013268,-0.462019,0.410538,0.555500,0.154200,0.069919,0.800151,0.857104,1.051436,1.071195,0.430046,0.512917,0.003753,-0.044511,0.398369,0.344526,0.339702,0.465868,0.900404,0.870999,-0.067930,0.050951,0.197765,0.153614,0.255682,0.020634,0.560978,0.452530,0.489410,0.352759,0.345267,0.406164,0.455744,0.219540,0.532704,0.007692,0.472447,0.455167,0.096495,0.117399,-0.390700,-0.462407,-0.181983,-0.194948,-0.040998,0.338914,0.060283,0.101919,0.836151,0.908160,0.456965,0.536442,0.071768,0.149925,0.035931,0.126109,0.200906,-0.068718,0.387290,0.464632,0.693084,0.786111,-0.268572,-0.529177,-0.069901,-0.117768,0.066904,-0.562281,0.297905,0.262292,0.069695,0.064675,0.379184,0.454439
0.075186,-0.251778,1.317218,0.890893,1.202899,0.888517,0.000000,1.163143,1.359270,1.124453,0.672965,0.728014,1.246111,0.589118,1.000330,0.557279,0.286530,-0.223993,0.598934,0.726279,0.165450,0.053926,1.001823,0.956151,0.698502,0.645182,0.337750,0.304969,0.306761,0.208711,0.521696,0.487113,0.453012,0.600226,0.772487,0.763919,0.002504,0.072200,0.075900,0.048198,0.348407,0.096096,0.733688,0.619563,0.575692,0.450982,0.468460,0.546308,0.572828,0.303168,0.619903,0.096066,0.493887,0.458347,0.225239,0.231264,-0.225204,-0.309702,-0.043316,-0.103580,0.164828,0.612791,0.374555,0.391965,1.133433,0.773080,0.508892,0.516253,0.060578,0.192047,0.119757,0.345449,0.377289,0.117308,0.464005,0.545216,0.702634,0.830880,-0.089021,-0.456678,0.179464,0.088131,0.235475,-0.372026,0.516300,0.264828,0.141621,0.098027,0.520902,0.493862
0.030928,-0.101748,0.924342,1.541024,0.990020,0.805224,1.163143,0.000000,0.897347,0.920961,0.409591,0.815557,0.804699,0.672008,0.676055,0.699278,0.316272,-0.088544,0.578552,0.930201,0.277704,0.221814,1.011242,1.343061,0.599316,0.765235,0.402309,0.467431,0.276914,0.253801,0.773490,0.832965,0.517560,0.754429,0.932033,0.996842,-0.106573,0.105813,0.219953,0.250002,0.449749,0.234736,0.809412,0.713434,0.636817,0.556304,0.568362,0.668188,0.523000,0.225607,0.542172,0.014916,0.465478,0.354448,0.239088,0.302014,-0.099252,-0.160204,-0.081375,-0.003515,0.071497,0.688380,0.215075,0.385728,0.976865,1.146356,0.650533,0.836718,0.244966,0.390306,0.185430,0.271661,0.252629,0.274285,0.424123,0.444933,0.613177,0.799535,-0.059906,-0.245383,0.236873,0.214118,0.284245,-0.184921,0.607694,0.599751,0.363800,0.346576,0.519700,0.642210
0.054947,-0.280099,1.083035,0.807873,1.375352,0.967346,1.359270,0.897347,0.000000,1.401083,0.565002,0.696240,1.044759,0.467928,1.072420,0.510956,0.211528,-0.213204,0.649908,0.763275,0.092062,0.024223,0.900704,0.847847,0.872292,0.744782,0.424506,0.339889,0.222686,0.137746,0.440727,0.385360,0.410214,0.507681,0.629631,0.644673,0.042824,0.025806,0.179768,0.195691,0.296389,0.103898,0.722736,0.569510,0.609223,0.423909,0.496813,0.532302,0.593770,0.332413,0.624888,0.122923,0.586095,0.506935,0.308376,0.276297,-0.225417,-0.260637,-0.029692,-0.116776,0.172432,0.525346,0.373712,0.397450,1.005152,0.610842,0.445068,0.434287,0.166086,0.268810,0.071394,0.341918,0.320414,0.003213,0.340560,0.473039,0.641587,0.792768,-0.171967,-0.534111,0.133465,0.053120,0.237508,-0.369007,0.439752,0.179106,0.173363,0.119264,0.582554,0.556828
-0.067751,-0.377949,0.895443,0.908372,1.112944,1.348109,1.124453,0.920961,1.401083,0.000000,0.356229,0.618066,0.794429,0.368591,0.881513,0.522625,0.114350,-0.327146,0.550246,0.734190,0.165933,0.076128,0.801804,0.969889,0.807832,0.810560,0.383230,0.406428,0.176089,0.102489,0.474070,0.449862,0.406472,0.562308,0.782872,0.855153,-0.099929,-0.006606,0.203373,0.152386,0.257679,0.031026,0.691364,0.561643,0.564962,0.412406,0.436199,0.503326,0.513278,0.236932,0.512210,0.010668,0.516177,0.503686,0.167987,0.202035,-0.251322,-0.324908,-0.188077,-0.188355,0.038210,0.430975,0.198947,0.266064,0.826265,0.746466,0.412092,0.493247,0.137031,0.204112,0.085933,0.240504,0.288987,-0.058200,0.369566,0.511215,0.648770,0.825850,-0.163621,-0.502541,0.075917,0.022165,0.196370,-0.444903,0.359300,0.240833,0.199502,0.206445,0.437974,0.534367
0.689063,0.306789,0.638825,0.346758,0.499323,0.180416,0.672965,0.409591,0.565002,0.356229,0.000000,0.848893,1.205927,0.980400,0.820388,0.710549,0.800177,0.232338,0.757482,0.585130,0.071668,0.017667,0.391196,0.277548,0.205464,0.111889,0.170999,0.081755,0.754523,0.606103,0.224058,0.196418,0.476331,0.437148,0.180459,0.206696,0.064652,-0.107094,-0.103812,0.042405,0.242433,0.301927,0.517452,0.488732,0.438923,0.393007,0.453581,0.477655,0.427946,0.440654,0.505092,0.380458,0.432764,0.454434,0.381836,0.396085,0.282411,0.226338,0.378832,0.245552,0.702821,0.812330,0.842551,0.954909,0.620284,0.241548,0.389391,0.249712,0.249323,0.334481,0.064840,0.285354,0.412365,0.232876,0.339064,0.271129,0.439709,0.400013,0.262524,-0.052261,0.536489,0.435702,0.487081,-0.032323,0.643508,0.235175,0.274161,0.098299,0.534097,0.432396
0.407369,0.158281,0.621641,0.678047,0.659202,0.485085,0.728014,0.815557,0.696240,0.618066,0.848893,0.000000,0.883239,1.074779,0.654650,0.715538,0.573306,0.111516,0.538010,0.704332,0.169830,0.159351,0.468100,0.593249,0.318384,0.326975,0.247639,0.261008,0.581110,0.495635,0.382320,0.356462,0.459552,0.524929,0.408244,0.461828,-0.131972,-0.102608,0.000385,0.186158,0.323389,0.358478,0.689349,0.630649,0.565598,0.507731,0.630565,0.606866,0.568998,0.469648,0.777948,0.454050,0.713021,0.544271,0.430502,0.478492,0.109331,0.074166,0.285981,0.211614,0.465430,1.047851,0.563974,0.996103,0.708331,0.632577,0.478616,0.500314,0.266063,0.340724,0.080742,0.236435,0.383268,0.306511,0.355682,0.341851,0.512630,0.598148,0.123644,-0.137978,0.367395,0.349093,0.432254,-0.125007,0.525303,0.441610,0.278248,0.243327,0.464883,0.617509
0.301574,-0.031816,1.135563,0.721760,0.923591,0.550096,1.246111,0.804699,1.044759,0.794429,1.205927,0.883239,0.000000,0.932821,1.300262,0.763105,0.554951,0.002903,0.778890,0.779740,0.204373,0.109703,0.844595,0.770695,0.538008,0.445114,0.340967,0.269617,0.588692,0.434759,0.505031,0.472801,0.538408,0.606416,0.570921,0.611237,0.009664,0.017290,0.101734,0.137074,0.434517,0.286732,0.776326,0.686653,0.601544,0.477291,0.525866,0.616181,0.523905,0.325005,0.575076,0.154675,0.487663,0.480562,0.306478,0.350817,0.030174,-0.029731,0.113468,0.046955,0.449337,0.724389,0.671378,0.677636,1.055954,0.585541,0.554570,0.449858,0.219444,0.332311,0.117278,0.387976,0.413584,0.183332,0.486640,0.515185,0.679670,0.744249,0.065514,-0.200267,0.424998,0.304810,0.418005,-0.193581,0.725224,0.288140,0.329954,0.165501,0.687481,0.546433
0.596833,0.431539,0.491967,0.576109,0.431499,0.205721,0.589118,0.672008,0.467928,0.368591,0.980400,1.074779,0.932821,0.000000,0.654642,0.874147,0.908210,0.425846,0.582376,0.722645,0.266090,0.242066,0.395314,0.481953,0.154863,0.187429,0.293442,0.292697,0.838357,0.779983,0.445089,0.468820,0.595910,0.614453,0.303986,0.385551,-0.082929,-0.011056,0.058174,0.235978,0.484702,0.421504,0.780408,0.784307,0.654678,0.646932,0.733363,0.780815,0.593081,0.485103,0.652435,0.418539,0.613580,0.438866,0.540081,0.628847,0.453724,0.376386,0.430672,0.417080,0.649882,0.965140,0.821096,1.132050,0.549902,0.437001,0.584662,0.545231,0.403775,0.515646,0.102544,0.270298,0.350125,0.444797,0.318385,0.338534,0.427710,0.488969,0.286906,0.156941,0.702429,0.653690,0.523185,0.076762,0.683953,0.540471,0.449187,0.276740,0.559454,0.689286
0.165487,-0.060143,1.178745,0.770575,0.950277,0.628012,1.000330,0.676055,1.072420,0.881513,0.820388,0.654650,1.300262,0.654642,0.000000,0.901698,0.427806,0.010490,0.857569,0.830556,0.379799,0.308161,1.056580,0.874406,0.738277,0.630032,0.606466,0.512418,0.576398,0.479970,0.659492,0.610683,0.608393,0.631718,0.730084,0.696169,0.058206,0.134733,0.224312,0.334999,0.497106,0.371793,0.768020,0.695794,0.611766,0.465710,0.524727,0.655504,0.415263,0.223568,0.488111,0.096938,0.412556,0.465117,0.309789,0.415344,-0.001970,-0.000887,0.047947,0.009377,0.272888,0.550538,0.490311,0.459107,1.037499,0.533441,0.599093,0.484506,0.312891,0.436073,0.202532,0.379566,0.475888,0.197717,0.518204,0.601576,0.669330,0.741208,0.048951,-0.147834,0.387432,0.336984,0.489012,-0.172420,0.772569,0.399329,0.318537,0.267174,0.819081,0.678705
0.284265,0.280697,0.591945,0.815822,0.576077,0.356141,0.557279,0.699278,0.510956,0.522625,0.710549,0.715538,0.763105,0.874147,0.901698,0.000000,0.758949,0.291623,0.919651,0.941271,0.493853,0.523523,0.704128,0.725220,0.368786,0.468851,0.576274,0.621842,0.879415,0.863027,0.892000,0.910452,0.846376,0.923969,0.575098,0.685888,-0.166875,-0.014238,0.105058,0.500986,0.504129,0.557587,0.786938,0.817226,0.637097,0.640312,0.673947,0.804428,0.366922,0.247031,0.369389,0.124056,0.345443,0.393439,0.336705,0.546829,0.340321,0.336897,0.110633,0.208065,0.339337,0.786286,0.507804,0.668466,0.626576,0.525961,0.609376,0.665514,0.586301,0.728650,0.369836,0.318245,0.539801,0.513123,0.586798,0.432511,0.482098,0.593609,0.290457,0.199760,0.628217,0.738026,0.759904,0.085369,0.810402,0.747595,0.542627,0.539746,0.606155,0.749319
0.696035,0.846090,0.134121,0.245821,0.125092,-0.013268,0.286530,0.316272,0.211528,0.114350,0.800177,0.573306,0.554951,0.908210,0.427806,0.758949,0.000000,0.949940,0.520603,0.613705,0.246706,0.309822,0.188021,0.159238,-0.026458,-0.010082,0.217546,0.234381,0.880545,0.950415,0.284497,0.319443,0.897322,0.759361,0.087981,0.167032,-0.035304,-0.097627,0.002172,0.283099,0.362102,0.582765,0.605835,0.650084,0.555767,0.724643,0.719958,0.751255,0.509049,0.582142,0.439629,0.443477,0.386595,0.380831,0.616193,0.746898,0.925596,0.829138,0.566085,0.675601,0.740954,0.841063,0.983747,0.936918,0.307424,0.105658,0.591313,0.510855,0.643482,0.783669,-0.009409,0.013323,0.500584,0.631429,0.404442,0.270186,0.321739,0.354279,0.685620,0.492726,1.300529,1.128104,0.778072,0.340920,0.644276,0.523265,0.472466,0.411211,0.441228,0.623659
0.639509,1.225302,-0.292296,-0.110214,-0.297340,-0.462019,-0.223993,-0.088544,-0.213204,-0.327146,0.232338,0.111516,0.002903,0.425846,0.010490,0.291623,0.949940,0.000000,0.141385,0.219633,0.281865,0.352651,-0.202527,-0.203153,-0.322838,-0.253337,0.071372,0.089131,0.557101,0.648651,0.114022,0.158591,0.452171,0.321257,-0.239345,-0.207510,0.044447,0.017012,0.113479,0.381356,0.261623,0.489256,0.150314,0.226168,0.164375,0.326829,0.334400,0.331779,0.120415,0.269353,0.056092,0.322918,0.061492,0.059196,0.435409,0.566816,1.222971,1.264706,0.542266,0.683092,0.483362,0.322202,0.473933,0.487610,-0.182474,-0.266626,0.246897,0.183180,0.596086,0.589620,0.013453,-0.025999,0.305599,0.618067,0.026500,0.033126,-0.065492,-0.033983,0.852749,0.941481,0.915693,1.002397,0.455295,0.658977,0.278225,0.372942,0.359498,0.399941,0.172152,0.350422
0.222630,0.179890,0.687780,0.738210,0.652291,0.410538,0.598934,0.578552,0.649908,0.550246,0.757482,0.538010,0.778890,0.582376,0.857569,0.919651,0.520603,0.141385,0.000000,1.273464,0.307274,0.259458,0.750280,0.588949,0.489584,0.499500,0.374509,0.371116,0.611913,0.586575,0.727013,0.630043,0.791425,0.834293,0.495910,0.530348,-0.043565,-0.052559,0.034382,0.298508,0.338960,0.403840,0.730951,0.692676,0.637624,0.575606,0.577958,0.662998,0.407085,0.289937,0.338742,0.055052,0.278822,0.291980,0.248459,0.377250,0.125044,0.127934,0.051589,0.089914,0.263048,0.635906,0.477681,0.506190,0.612522,0.364356,0.482026,0.487683,0.510009,0.548082,0.337007,0.365019,0.444671,0.343912,0.458075,0.287673,0.457143,0.529133,0.095752,-0.052036,0.421810,0.470883,0.509467,-0.031125,0.604593,0.337792,0.358288,0.294548,0.466052,0.481310
0.248137,0.245827,0.698291,1.068023,0.758950,0.555500,0.726279,0.930201,0.763275,0.734190,0.585130,0.704332,0.779740,0.722645,0.830556,0.941271,0.613705,0.219633,1.273464,0.000000,0.417033,0.393745,0.850404,0.907551,0.499647,0.593059,0.527323,0.548032,0.640030,0.653741,0.890906,0.853639,1.048192,1.236852,0.653362,0.701661,-0.056451,0.001181,0.221309,0.427474,0.497114,0.475434,1.014498,0.926222,0.907103,0.862972,0.863215,1.005229,0.686163,0.453873,0.503876,0.133584,0.463500,0.436522,0.414808,0.583904,0.235523,0.206867,0.077804,0.228197,0.209902,0.755635,0.453849,0.564313,0.668569,0.552932,0.724765,0.800381,0.754310,0.769382,0.254028,0.313252,0.481613,0.433513,0.499137,0.452498,0.552110,0.722369,0.108178,-0.012240,0.575078,0.607728,0.590864,0.061461,0.680853,0.533354,0.571716,0.541431,0.523715,0.775840
0.038782,0.179217,0.250202,0.425968,0.162036,0.154200,0.165450,0.277704,0.092062,0.165933,0.071668,0.169830,0.204373,0.266090,0.379799,0.493853,0.246706,0.281865,0.307274,0.417033,0.000000,1.357385,0.419267,0.482518,0.292789,0.422426,0.590192,0.700742,0.530515,0.483811,0.889279,0.821208,0.513315,0.556643,0.532563,0.476145,-0.123444,0.135268,0.235813,0.556590,0.606170,0.570051,0.404834,0.435917,0.353471,0.402003,0.363093,0.447924,0.120910,-0.006146,0.091135,-0.034002,0.025958,0.099522,0.157426,0.364076,0.265414,0.307387,0.058144,0.190776,-0.040224,0.099106,0.043588,0.051523,0.214453,0.290929,0.513156,0.558665,0.533179,0.495107,0.367985,0.274487,0.557380,0.550045,0.382894,0.499580,0.225769,0.354394,0.314339,0.327483,0.367460,0.524616,0.401834,0.089801,0.420659,0.573679,0.300203,0.476171,0.272859,0.402627
0.076608,0.318566,0.137371,0.402552,0.076972,0.069919,0.053926,0.221814,0.024223,0.076128,0.017667,0.159351,0.109703,0.242066,0.308161,0.523523,0.309822,0.352651,0.259458,0.393745,1.357385,0.000000,0.351585,0.422780,0.208295,0.336368,0.650022,0.778143,0.502391,0.537068,0.792916,0.779997,0.549147,0.558517,0.443060,0.443359,-0.194476,0.148942,0.230270,0.581238,0.634252,0.617149,0.376815,0.415612,0.357424,0.458641,0.384833,0.465752,0.145566,0.046017,0.070798,-0.019728,0.021372,0.068297,0.200437,0.422969,0.381986,0.467494,0.103699,0.293557,-0.009581,0.098390,0.066870,0.084139,0.147134,0.246308,0.549656,0.588566,0.663242,0.669030,0.366197,0.242204,0.469161,0.509469,0.322049,0.420468,0.160025,0.271099,0.288339,0.436596,0.429600,0.587437,0.592319,0.207779,0.470643,0.677880,0.426587,0.625386,0.307793,0.455298
-0.153779,-0.255392,1.317836,1.187528,1.064664,0.800151,1.001823,1.011242,0.900704,0.801804,0.391196,0.468100,0.844595,0.395314,1.056580,0.704128,0.188021,-0.202527,0.750280,0.850404,0.419267,0.351585,0.000000,1.455399,1.020535,1.050347,0.589621,0.586947,0.265391,0.222897,0.991092,0.904551,0.569520,0.701203,1.196037,1.020795,-0.000906,0.214520,0.206050,0.370663,0.534785,0.346902,0.759541,0.678455,0.629996,0.490970,0.466872,0.601194,0.375904,0.108999,0.389604,-0.116747,0.279392,0.297042,0.144704,0.252258,-0.227645,-0.216932,-0.150127,-0.086562,-0.039813,0.387323,0.173642,0.137828,1.175267,0.837951,0.724962,0.710732,0.300790,0.423444,0.252477,0.285328,0.325975,0.202515,0.545513,0.498957,0.666327,0.769134,-0.116539,-0.245255,0.151243,0.135578,0.332038,-0.244471,0.757619,0.500241,0.305317,0.296026,0.735888,0.557254
-0.133871,-0.235817,1.083363,1.648976,0.985864,0.857104,0.956151,1.343061,0.847847,0.969889,0.277548,0.593249,0.770695,0.481953,0.874406,0.725220,0.159238,-0.203153,0.588949,0.907551,0.482518,0.422780,1.455399,0.000000,0.823429,1.030603,0.539556,0.607963,0.268186,0.208222,1.082161,1.135384,0.537961,0.752152,1.333903,1.263052,-0.123490,0.155672,0.326814,0.395912,0.573862,0.325038,0.776255,0.701553,0.611472,0.506605,0.478192,0.634573,0.371212,0.066763,0.367581,-0.146017,0.312270,0.318593,0.121116,0.273303,-0.169804,-0.196224,-0.246067,-0.104382,-0.092680,0.419900,0.102965,0.184307,0.921295,1.070469,0.671208,0.794643,0.318793,0.399165,0.318144,0.354290,0.320144,0.199107,0.501787,0.568472,0.649051,0.855545,-0.110014,-0.196589,0.174150,0.160948,0.322133,-0.235290,0.642041,0.592388,0.425979,0.459474,0.584029,0.623546
-0.186329,-0.408678,0.829824,0.714993,0.905283,1.051436,0.698502,0.599316,0.872292,0.807832,0.205464,0.318384,0.538008,0.154863,0.738277,0.368786,-0.026458,-0.322838,0.489584,0.499647,0.292789,0.208295,1.020535,0.823429,0.000000,1.652234,0.654504,0.570703,-0.031320,-0.092063,0.505366,0.427765,0.315497,0.362187,0.895792,0.722128,0.096697,0.159451,0.305922,0.417616,0.361488,0.169713,0.467676,0.380548,0.446249,0.309990,0.341692,0.416282,0.300673,0.167038,0.474491,0.026957,0.350996,0.376293,0.214590,0.209705,-0.328813,-0.317717,-0.053467,-0.097103,-0.032424,0.195375,0.038310,-0.012526,0.830099,0.753012,0.577071,0.541454,0.187330,0.272590,0.120216,0.263207,0.172475,-0.053908,0.338496,0.354222,0.622616,0.658014,-0.214647,-0.403084,-0.078577,-0.094252,0.110153,-0.460757,0.450666,0.336883,0.086551,0.061620,0.657976,0.472756
-0.193388,-0.330254,0.774719,0.928232,0.902844,1.071195,0.645182,0.765235,0.744782,0.810560,0.111889,0.326975,0.445114,0.187429,0.630032,0.468851,-0.010082,-0.253337,0.499500,0.593059,0.422426,0.336368,1.050347,1.030603,1.652234,0.000000,0.660772,0.687644,0.005104,-0.049988,0.732834,0.664656,0.381861,0.484003,1.114732,0.936939,0.007365,0.158882,0.375743,0.518260,0.423464,0.207564,0.498952,0.429160,0.447662,0.349861,0.327753,0.440143,0.248938,0.076755,0.363303,-0.079326,0.279380,0.293823,0.140954,0.203671,-0.250790,-0.246655,-0.153886,-0.108085,-0.113969,0.230525,-0.044231,-0.016324,0.726859,0.940764,0.615852,0.693991,0.273936,0.350928,0.216697,0.288463,0.191933,0.051060,0.332208,0.385653,0.567112,0.680394,-0.164090,-0.263694,-0.031026,-0.023880,0.129127,-0.374081,0.470837,0.507969,0.208167,0.235015,0.575756,0.528918
0.084869,0.087570,0.415401,0.558355,0.498888,0.430046,0.337750,0.402309,0.424506,0.383230,0.170999,0.247639,0.340967,0.293442,0.606466,0.576274,0.217546,0.071372,0.374509,0.527323,0.590192,0.650022,0.589621,0.539556,0.654504,0.660772,0.000000,1.481908,0.247370,0.277817,0.566840,0.502973,0.474864,0.445946,0.492509,0.422349,0.023051,0.078502,0.342956,0.595463,0.442783,0.292764,0.487443,0.426583,0.500230,0.461845,0.561175,0.605252,0.386915,0.302109,0.436037,0.200083,0.433731,0.428940,0.498151,0.558677,0.162219,0.223364,0.238364,0.308260,0.159933,0.261016,0.158022,0.128966,0.504380,0.443218,0.682304,0.620080,0.623449,0.743448,0.082222,0.173087,0.199360,0.158944,0.283155,0.332754,0.293171,0.361613,-0.065675,-0.014624,0.268718,0.375270,0.412343,0.054889,0.564302,0.534622,0.438394,0.402237,0.664884,0.717606
0.007498,0.084731,0.360565,0.658202,0.456518,0.512917,0.304969,0.467431,0.339889,0.406428,0.081755,0.261008,0.269617,0.292697,0.512418,0.621842,0.234381,0.089131,0.371116,0.548032,0.700742,0.778143,0.586947,0.607963,0.570703,0.687644,1.481908,0.000000,0.254143,0.321267,0.695170,0.636479,0.566243,0.562713,0.640379,0.562146,-0.075422,0.040143,0.292246,0.604112,0.488046,0.368303,0.540863,0.503742,0.520446,0.513033,0.550404,0.629809,0.333428,0.220484,0.390877,0.119921,0.388014,0.399364,0.395308,0.537616,0.168940,0.212505,0.132715,0.259243,0.062521,0.252410,0.098218,0.096005,0.469131,0.520764,0.691024,0.737263,0.607461,0.721908,0.161800,0.127099,0.241755,0.269372,0.395063,0.377769,0.323779,0.420210,-0.009727,0.060294,0.282940,0.397386,0.429429,0.051079,0.526510,0.634091,0.454228,0.510393,0.522967,0.703904
0.464788,0.517613,0.294672,0.304080,0.217814,0.003753,0.306761,0.276914,0.222686,0.176089,0.754523,0.581110,0.588692,0.838357,0.576398,0.879415,0.880545,0.557101,0.611913,0.640030,0.530515,0.502391,0.265391,0.268186,-0.031320,0.005104,0.247370,0.254143,0.000000,1.441050,0.524248,0.497397,0.695946,0.696093,0.153031,0.228581,-0.106229,-0.016247,-0.067039,0.239339,0.372433,0.521424,0.590394,0.623705,0.495115,0.527818,0.558419,0.596604,0.367840,0.296038,0.257093,0.216510,0.244499,0.303532,0.277967,0.460941,0.525497,0.519723,0.222809,0.278853,0.406186,0.589257,0.616352,0.732741,0.259474,0.076529,0.372381,0.337041,0.526093,0.519465,0.193532,0.263104,0.584713,0.572916,0.362385,0.380316,0.225293,0.297518,0.585413,0.412540,0.892883,1.020429,0.763851,0.236967,0.552461,0.368156,0.374585,0.379242,0.257630,0.407839
0.424194,0.646809,0.175631,0.296687,0.123310,-0.044511,0.208711,0.253801,0.137746,0.102489,0.606103,0.495635,0.434759,0.779983,0.479970,0.863027,0.950415,0.648651,0.586575,0.653741,0.483811,0.537068,0.222897,0.208222,-0.092063,-0.049988,0.277817,0.321267,1.441050,0.000000,0.486243,0.503097,0.821337,0.783060,0.120426,0.219241,-0.101383,-0.030450,-0.116399,0.253362,0.295336,0.569731,0.642155,0.709739,0.591031,0.666272,0.687400,0.730038,0.436233,0.386245,0.303264,0.283844,0.265652,0.303482,0.382790,0.560793,0.619059,0.645535,0.293747,0.389888,0.373297,0.577590,0.619442,0.709807,0.211265,0.013742,0.393821,0.403373,0.569633,0.608836,0.177605,0.123655,0.531260,0.670478,0.357965,0.319640,0.195806,0.252453,0.526145,0.489057,1.002549,1.201514,0.847209,0.341943,0.533987,0.447171,0.359627,0.365127,0.281454,0.447527
-0.045505,0.041843,0.667301,1.001437,0.589831,0.398369,0.521696,0.773490,0.440727,0.474070,0.224058,0.382320,0.505031,0.445089,0.659492,0.892000,0.284497,0.114022,0.727013,0.890906,0.889279,0.792916,0.991092,1.082161,0.505366,0.732834,0.566840,0.695170,0.524248,0.486243,0.000000,1.876779,0.715447,0.912687,0.905822,0.912997,-0.165718,0.109991,0.220624,0.586519,0.623224,0.552329,0.733407,0.752824,0.585760,0.558138,0.490287,0.636195,0.228656,0.001360,0.156033,-0.164123,0.089877,0.148458,0.106189,0.327928,0.099079,0.111032,-0.176154,0.008400,-0.072422,0.347246,0.120733,0.181412,0.517110,0.592238,0.589520,0.761899,0.538457,0.579685,0.584940,0.449783,0.504738,0.511023,0.510106,0.456971,0.409402,0.578968,0.117748,0.100899,0.327328,0.438186,0.468182,0.059186,0.563002,0.639953,0.457588,0.642821,0.422808,0.549032
-0.033634,0.097033,0.595473,1.074657,0.518399,0.344526,0.487113,0.832965,0.385360,0.449862,0.196418,0.356462,0.472801,0.468820,0.610683,0.910452,0.319443,0.158591,0.630043,0.853639,0.821208,0.779997,0.904551,1.135384,0.427765,0.664656,0.502973,0.636479,0.497397,0.503097,1.876779,0.000000,0.707676,0.929326,0.909484,0.937357,-0.219616,0.137578,0.273349,0.588891,0.628302,0.575436,0.678066,0.711556,0.532671,0.537857,0.466602,0.627631,0.193612,-0.044523,0.115535,-0.200425,0.065048,0.144202,0.097062,0.345423,0.154732,0.160222,-0.213068,0.015567,-0.102620,0.322846,0.108437,0.184924,0.472000,0.593644,0.589484,0.773008,0.532529,0.591077,0.591159,0.421311,0.469698,0.511690,0.483364,0.500094,0.439524,0.599431,0.149752,0.189213,0.393402,0.492049,0.497062,0.068367,0.601641,0.761481,0.541920,0.726018,0.444586,0.600605
0.280638,0.440713,0.324174,0.584395,0.345840,0.339702,0.453012,0.517560,0.410214,0.406472,0.476331,0.459552,0.538408,0.595910,0.608393,0.846376,0.897322,0.452171,0.791425,1.048192,0.513315,0.549147,0.569520,0.537961,0.315497,0.381861,0.474864,0.566243,0.695946,0.821337,0.715447,0.707676,0.000000,1.732288,0.555360,0.617423,-0.053602,-0.103789,0.171324,0.521089,0.501454,0.723469,0.946840,0.977655,0.907690,1.066496,0.949586,1.087442,0.641622,0.555943,0.492670,0.277033,0.406878,0.463472,0.569312,0.790468,0.573696,0.513861,0.327503,0.539461,0.377670,0.701245,0.700645,0.542438,0.480570,0.338149,0.942596,0.954654,0.885535,0.981587,0.160900,0.051625,0.600616,0.560721,0.577663,0.484440,0.618552,0.687937,0.349554,0.241405,0.979498,0.881799,0.825132,0.180193,0.679320,0.626776,0.523008,0.559004,0.480881,0.824381
0.140586,0.281238,0.425606,0.797314,0.467542,0.465868,0.600226,0.754429,0.507681,0.562308,0.437148,0.524929,0.606416,0.614453,0.631718,0.923969,0.759361,0.321257,0.834293,1.236852,0.556643,0.558517,0.701203,0.752152,0.362187,0.484003,0.445946,0.562713,0.696093,0.783060,0.912687,0.929326,1.732288,0.000000,0.717124,0.830970,-0.153186,-0.071842,0.161987,0.458496,0.502726,0.605206,1.141650,1.152936,1.034279,1.182095,0.951826,1.152128,0.710848,0.498399,0.480667,0.164353,0.389623,0.445271,0.433330,0.675731,0.401148,0.341822,0.138527,0.369642,0.249326,0.701062,0.576118,0.517301,0.542215,0.488522,0.905394,1.093352,0.732244,0.825180,0.207617,0.096832,0.575906,0.540944,0.620620,0.577660,0.688105,0.853768,0.311664,0.174693,0.856838,0.814818,0.760378,0.077117,0.649777,0.643290,0.553291,0.624292,0.407995,0.802372
-0.238877,-0.300037,0.834914,1.056921,0.711499,0.900404,0.772487,0.932033,0.629631,0.782872,0.180459,0.408244,0.570921,0.303986,0.730084,0.575098,0.087981,-0.239345,0.495910,0.653362,0.532563,0.443060,1.196037,1.333903,0.895792,1.114732,0.492509,0.640379,0.153031,0.120426,0.905822,0.909484,0.555360,0.717124,0.000000,1.558963,-0.032319,0.177180,0.349343,0.403937,0.517856,0.353525,0.675136,0.632075,0.565554,0.478553,0.392908,0.549311,0.297457,0.031797,0.363288,-0.152881,0.245660,0.251969,0.094861,0.228351,-0.205414,-0.230377,-0.196354,-0.060834,-0.090054,0.342666,0.075246,0.058741,0.878095,1.067770,0.756012,0.869363,0.224734,0.326353,0.221726,0.149076,0.252064,0.163079,0.512308,0.614231,0.753028,0.897421,-0.078299,-0.196110,0.143802,0.081649,0.249679,-0.337198,0.566904,0.558470,0.252361,0.340445,0.513448,0.559152
-0.206158,-0.274079,0.716858,1.109702,0.658223,0.870999,0.763919,0.996842,0.644673,0.855153,0.206696,0.461828,0.611237,0.385551,0.696169,0.685888,0.167032,-0.207510,0.530348,0.701661,0.476145,0.443359,1.020795,1.263052,0.722128,0.936939,0.422349,0.562146,0.228581,0.219241,0.912997,0.937357,0.617423,0.830970,1.558963,0.000000,-0.085996,0.163485,0.337032,0.392076,0.509305,0.344671,0.732394,0.683780,0.586646,0.543986,0.440535,0.582215,0.338270,0.052968,0.345843,-0.178110,0.265111,0.248549,0.103565,0.218826,-0.118880,-0.172272,-0.206995,-0.067725,0.015062,0.444164,0.150217,0.178885,0.849409,1.134528,0.717920,0.913717,0.234034,0.364104,0.201355,0.140679,0.242391,0.145177,0.523519,0.543514,0.729339,0.859403,-0.077885,-0.156967,0.224749,0.164538,0.344205,-0.288731,0.593618,0.603809,0.350720,0.364189,0.467411,0.548222
0.178455,0.010799,0.089834,-0.138820,0.046426,-0.067930,0.002504,-0.106573,0.042824,-0.099929,0.064652,-0.131972,0.009664,-0.082929,0.058206,-0.166875,-0.035304,0.044447,-0.043565,-0.056451,-0.123444,-0.194476,-0.000906,-0.123490,0.096697,0.007365,0.023051,-0.075422,-0.106229,-0.101383,-0.165718,-0.219616,-0.053602,-0.153186,-0.032319,-0.085996,0.000000,0.213721,0.295670,0.050063,-0.032109,-0.002376,-0.101569,-0.111165,-0.037304,-0.078588,-0.049503,-0.023839,-0.015038,0.082932,0.118696,0.122050,-0.000455,0.036099,0.165909,-0.072259,-0.011583,-0.055598,0.166689,0.019423,0.109252,0.021949,-0.000400,-0.077359,0.084899,-0.050680,-0.005311,-0.107834,-0.094682,-0.104112,-0.163867,-0.015313,-0.148964,-0.094948,-0.072039,-0.214655,0.005231,-0.053026,0.005360,-0.090784,0.010829,-0.085369,-0.258693,0.315100,0.055943,-0.105455,-0.185674,-0.281129,0.085198,-0.104382
-0.070040,-0.089966,0.207558,0.115081,0.106073,0.050951,0.072200,0.105813,0.025806,-0.006606,-0.107094,-0.102608,0.017290,-0.011056,0.134733,-0.014238,-0.097627,0.017012,-0.052559,0.001181,0.135268,0.148942,0.214520,0.155672,0.159451,0.158882,0.078502,0.040143,-0.016247,-0.030450,0.109991,0.137578,-0.103789,-0.071842,0.177180,0.163485,0.213721,0.000000,0.249717,0.158674,0.470981,0.111533,-0.018557,-0.013823,-0.036816,-0.049757,-0.129097,-0.055089,-0.026587,-0.153381,-0.083182,-0.252188,-0.260662,-0.391622,-0.187275,-0.154305,-0.126358,-0.138415,-0.093196,-0.152372,-0.128959,-0.151264,-0.162478,-0.193334,0.128603,0.207438,0.103191,0.046322,-0.061205,-0.064035,-0.039001,0.004659,-0.056412,0.041999,0.015295,0.186481,0.011213,-0.066547,0.017639,0.111408,-0.073508,-0.016387,-0.041303,-0.004549,0.247043,0.240538,0.022816,0.007808,0.159326,-0.015673
0.112738,0.049025,0.129765,0.279672,0.151707,0.197765,0.075900,0.219953,0.179768,0.203373,-0.103812,0.000385,0.101734,0.058174,0.224312,0.105058,0.002172,0.113479,0.034382,0.221309,0.235813,0.230270,0.206050,0.326814,0.305922,0.375743,0.342956,0.292246,-0.067039,-0.116399,0.220624,0.273349,0.171324,0.161987,0.349343,0.337032,0.295670,0.249717,0.000000,0.586260,0.470090,0.135947,0.116899,0.113884,0.114726,0.126942,0.109537,0.178050,0.046105,-0.032687,0.071998,-0.063353,0.103974,0.069611,0.204485,0.238152,0.197624,0.167616,0.020934,0.136300,0.094930,0.027507,-0.063674,-0.019568,0.125904,0.361121,0.339944,0.320591,0.289737,0.282831,0.024327,0.129547,-0.019546,-0.059265,0.039548,0.213016,0.242453,0.212724,-0.187482,0.161658,0.158962,0.130708,-0.076582,0.294641,0.301015,0.376362,0.514198,0.424261,0.359537,0.423542
0.102688,0.292071,0.124995,0.368873,0.204566,0.153614,0.048198,0.250002,0.195691,0.152386,0.042405,0.186158,0.137074,0.235978,0.334999,0.500986,0.283099,0.381356,0.298508,0.427474,0.556590,0.581238,0.370663,0.395912,0.417616,0.518260,0.595463,0.604112,0.239339,0.253362,0.586519,0.588891,0.521089,0.458496,0.403937,0.392076,0.050063,0.158674,0.586260,0.000000,0.550705,0.663308,0.331557,0.331369,0.322254,0.339936,0.384399,0.425128,0.093529,0.063147,0.120486,0.045668,0.156737,0.161715,0.419803,0.546591,0.413057,0.493616,0.183552,0.364343,0.155459,0.245695,0.182564,0.162410,0.231700,0.317739,0.612603,0.584960,0.724895,0.778535,0.201171,0.149110,0.252415,0.314361,0.188196,0.235865,0.282706,0.366509,0.183654,0.288243,0.416448,0.497507,0.468967,0.264931,0.516837,0.702495,0.571836,0.723343,0.588363,0.729968
0.165636,0.173757,0.392540,0.494733,0.334551,0.255682,0.348407,0.449749,0.296389,0.257679,0.242433,0.323389,0.434517,0.484702,0.497106,0.504129,0.362102,0.261623,0.338960,0.497114,0.606170,0.634252,0.534785,0.573862,0.361488,0.423464,0.442783,0.488046,0.372433,0.295336,0.623224,0.628302,0.501454,0.502726,0.517856,0.509305,-0.032109,0.470981,0.470090,0.550705,0.000000,0.743301,0.560440,0.586307,0.458355,0.483809,0.460474,0.553837,0.331304,0.209036,0.320564,0.089477,0.207658,0.160862,0.262076,0.477443,0.277778,0.244144,0.227082,0.312192,0.181092,0.255445,0.262989,0.217988,0.415628,0.535462,0.717049,0.643486,0.485959,0.566375,0.212563,0.264635,0.443615,0.483165,0.599460,0.569417,0.439263,0.455500,0.098068,0.260618,0.367303,0.370893,0.355021,0.143060,0.637612,0.648266,0.476486,0.475517,0.527501,0.616759
0.162338,0.374175,0.152200,0.299298,0.108054,0.020634,0.096096,0.234736,0.103898,0.031026,0.301927,0.358478,0.286732,0.421504,0.371793,0.557587,0.582765,0.489256,0.403840,0.475434,0.570051,0.617149,0.346902,0.325038,0.169713,0.207564,0.292764,0.368303,0.521424,0.569731,0.552329,0.575436,0.723469,0.605206,0.353525,0.344671,-0.002376,0.111533,0.135947,0.663308,0.743301,0.000000,0.496355,0.531877,0.409491,0.460617,0.535329,0.559086,0.174813,0.173348,0.254234,0.178206,0.169516,0.238837,0.421701,0.619012,0.461916,0.496907,0.355856,0.478865,0.282213,0.386194,0.394467,0.336425,0.337036,0.252702,0.690815,0.620582,0.574176,0.682675,0.225959,0.106393,0.476774,0.704600,0.546922,0.341520,0.393818,0.402896,0.417542,0.380007,0.611366,0.621169,0.689481,0.220587,0.635847,0.672098,0.374400,0.472841,0.494903,0.590953
0.087368,0.107195,0.548888,0.757624,0.642418,0.560978,0.733688,0.809412,0.722736,0.691364,0.517452,0.689349,0.776326,0.780408,0.768020,0.786938,0.605835,0.150314,0.730951,1.014498,0.404834,0.376815,0.759541,0.776255,0.467676,0.498952,0.487443,0.540863,0.590394,0.642155,0.733407,0.678066,0.946840,1.141650,0.675136,0.732394,-0.101569,-0.018557,0.116899,0.331557,0.560440,0.496355,0.000000,2.222775,1.787358,1.342649,1.395201,1.626645,1.113293,0.701911,0.851726,0.337108,0.662038,0.530539,0.579492,0.743030,0.204530,0.176714,0.254430,0.368664,0.303224,0.699246,0.644909,0.578112,0.693297,0.521280,0.880886,1.032503,0.477290,0.654359,0.052952,0.072763,0.426149,0.448481,0.611021,0.616358,0.719187,0.871456,0.132288,-0.041904,0.625597,0.534617,0.594707,-0.077450,0.573739,0.422431,0.407111,0.372962,0.509408,0.768162
0.113346,0.171466,0.469798,0.672271,0.516949,0.452530,0.619563,0.713434,0.569510,0.561643,0.488732,0.630649,0.686653,0.784307,0.695794,0.817226,0.650084,0.226168,0.692676,0.926222,0.435917,0.415612,0.678455,0.701553,0.380548,0.429160,0.426583,0.503742,0.623705,0.709739,0.752824,0.711556,0.977655,1.152936,0.632075,0.683780,-0.111165,-0.013823,0.113884,0.331369,0.586307,0.531877,2.222775,0.000000,1.673332,1.414944,1.309037,1.599597,0.994707,0.674172,0.761443,0.343249,0.548337,0.467435,0.521097,0.758739,0.272578,0.234325,0.259673,0.394805,0.302281,0.663227,0.639467,0.559296,0.560698,0.450417,0.810640,0.970692,0.469525,0.622154,0.108377,0.058518,0.463728,0.516181,0.627383,0.584504,0.692873,0.807563,0.198244,0.072749,0.674168,0.591358,0.577722,-0.006492,0.532596,0.447008,0.407757,0.398665,0.435173,0.712705
0.096545,0.137624,0.423109,0.602850,0.520247,0.489410,0.575692,0.636817,0.609223,0.564962,0.438923,0.565598,0.601544,0.654678,0.611766,0.637097,0.555767,0.164375,0.637624,0.907103,0.353471,0.357424,0.629996,0.611472,0.446249,0.447662,0.500230,0.520446,0.495115,0.591031,0.585760,0.532671,0.907690,1.034279,0.565554,0.586646,-0.037304,-0.036816,0.114726,0.322254,0.458355,0.409491,1.787358,1.673332,0.000000,1.700679,1.431874,1.546941,1.368697,0.903968,0.846335,0.404513,0.628213,0.482288,0.617341,0.753538,0.231054,0.208506,0.337682,0.464840,0.282239,0.592161,0.606289,0.506960,0.552695,0.397903,0.846975,0.952533,0.548939,0.653341,-0.050083,-0.030338,0.388627,0.380910,0.492490,0.507703,0.628697,0.739678,0.102416,-0.040682,0.596396,0.512406,0.518221,-0.034198,0.479323,0.342560,0.377125,0.339007,0.442656,0.698933
0.198836,0.320798,0.265954,0.542170,0.323738,0.352759,0.450982,0.556304,0.423909,0.412406,0.393007,0.507731,0.477291,0.646932,0.465710,0.640312,0.724643,0.326829,0.575606,0.862972,0.402003,0.458641,0.490970,0.506605,0.309990,0.349861,0.461845,0.513033,0.527818,0.666272,0.558138,0.537857,1.066496,1.182095,0.478553,0.543986,-0.078588,-0.049757,0.126942,0.339936,0.483809,0.460617,1.342649,1.414944,1.700679,0.000000,1.411396,1.550580,1.229102,1.005862,0.766708,0.467061,0.570769,0.480230,0.683223,0.889967,0.436734,0.387710,0.425322,0.642711,0.351358,0.636816,0.652799,0.547523,0.417882,0.360897,0.913581,1.050407,0.685373,0.777379,-0.058145,-0.096359,0.428303,0.441804,0.516941,0.461572,0.552494,0.661163,0.200203,0.145259,0.771075,0.690818,0.596531,0.089019,0.531868,0.479171,0.501474,0.435222,0.396043,0.742520
0.256389,0.355670,0.289338,0.529450,0.400905,0.345267,0.468460,0.568362,0.496813,0.436199,0.453581,0.630565,0.525866,0.733363,0.524727,0.673947,0.719958,0.334400,0.577958,0.863215,0.363093,0.384833,0.466872,0.478192,0.341692,0.327753,0.561175,0.550404,0.558419,0.687400,0.490287,0.466602,0.949586,0.951826,0.392908,0.440535,-0.049503,-0.129097,0.109537,0.384399,0.460474,0.535329,1.395201,1.309037,1.431874,1.411396,0.000000,1.864996,1.212553,1.032906,1.047874,0.665951,0.863682,0.700126,1.025734,1.152717,0.425375,0.416081,0.561544,0.707046,0.401308,0.733325,0.650072,0.636103,0.498593,0.339123,0.890089,0.959171,0.670353,0.842205,-0.032699,-0.022491,0.397095,0.491191,0.495127,0.451091,0.524872,0.623914,0.162591,0.050177,0.721587,0.675033,0.672063,0.100618,0.560352,0.454930,0.429309,0.351877,0.518372,0.819746
0.212724,0.317520,0.387246,0.654876,0.462272,0.406164,0.546308,0.668188,0.532302,0.503326,0.477655,0.606866,0.616181,0.780815,0.655504,0.804428,0.751255,0.331779,0.662998,1.005229,0.447924,0.465752,0.601194,0.634573,0.416282,0.440143,0.605252,0.629809,0.596604,0.730038,0.636195,0.627631,1.087442,1.152128,0.549311,0.582215,-0.023839,-0.055089,0.178050,0.425128,0.553837,0.559086,1.626645,1.599597,1.546941,1.550580,1.864996,0.000000,1.090374,0.879643,0.910050,0.509512,0.722256,0.654970,0.847704,1.071524,0.413618,0.397653,0.444328,0.637443,0.356980,0.726707,0.662434,0.593141,0.565555,0.431998,1.024574,1.124898,0.689477,0.881648,0.026722,0.024536,0.406542,0.502503,0.555632,0.543264,0.632755,0.772757,0.210833,0.107839,0.804297,0.710178,0.700813,0.098688,0.647066,0.551450,0.492199,0.419095,0.570456,0.904671
