0.000000,1.013596,0.527917,0.494287,0.300902,0.324093,0.664298,0.535645,0.480342,0.489814,0.494365,0.657504,0.787599,0.643546,0.404388,0.441516,0.844914,0.685717,0.958999,1.156364,0.330296,0.263929,0.456386,0.367803,0.568674,0.506348,0.568776,0.580882,0.652004,0.620821,0.466988,0.418332,0.871090,0.893698,0.420737,0.621304,0.426657,0.184230,0.485725,0.510403,0.226185,0.324751,0.613709,0.437796,0.696178,0.728504,0.787768,0.750376,0.900951,0.760966,0.745810,0.745546,0.987187,0.752127,0.640459,0.676760,1.080905,0.989274,1.055540,0.770021,0.893736,0.253676,0.591159,0.477024,0.311313,0.267212,0.896505,0.643170,1.068848,0.907594,0.210614,0.189848,0.262641,0.271589,0.487924,0.330519,0.580841,0.486348,0.919811,0.655532,0.864262,0.863132,0.696676,0.803813,0.886891,0.697839,0.500717,0.532631,0.688813,0.744688
1.013596,0.000000,0.239283,0.227857,0.335182,0.146599,0.346703,0.248025,0.342439,0.149756,0.162987,0.551093,0.551214,0.622541,0.574309,0.550919,1.047444,0.936678,0.820803,1.008585,0.378479,0.259503,0.376088,0.206565,0.504583,0.409576,0.514774,0.599669,0.787646,0.833532,0.337118,0.331898,0.942429,1.007135,0.245125,0.541818,0.371516,0.333375,0.641317,0.746769,0.392136,0.356544,0.692919,0.584089,0.889289,0.964745,0.960578,0.900250,0.742862,0.767922,0.803952,0.856149,0.999369,0.761669,0.860836,0.842855,1.207002,1.239780,1.036962,0.927902,0.892244,0.460428,0.921303,0.861825,0.209406,0.164149,0.819006,0.691069,1.041943,0.723789,0.164789,0.108450,0.269449,0.391430,0.455380,0.392393,0.485070,0.545172,1.102713,0.843244,1.153938,1.071239,1.058603,1.102406,0.747821,0.738111,0.690563,0.671258,0.592459,0.631043
0.527917,0.239283,0.000000,0.940498,0.362995,0.160243,0.967900,0.427171,0.613075,0.557785,0.403224,0.248370,0.489119,0.211216,0.593982,0.478933,0.155250,0.136952,0.765911,0.410264,0.276240,0.131982,1.211835,1.118556,0.750270,0.826058,0.614644,0.397443,0.036127,0.003731,1.105004,1.150905,0.696010,0.623955,1.076662,0.852223,0.410639,0.062141,0.479990,0.330568,0.196932,0.326683,0.467678,0.421362,0.281454,0.075263,0.380704,0.503524,0.384126,0.103160,0.491034,0.237908,0.212023,0.335984,0.159730,0.243545,0.298690,0.368739,0.368679,0.241742,0.269149,-0.112658,0.021464,-0.064968,0.781572,0.574778,0.699338,0.455829,0.282629,0.450627,0.220284,0.212943,0.183479,0.001496,0.388309,0.132946,0.604348,0.471280,0.424423,0.248279,0.256744,0.335598,0.240497,0.211596,0.388389,0.245101,0.341674,0.461017,0.927978,0.714983
0.494287,0.227857,0.940498,0.000000,0.366105,0.641677,1.075922,1.128570,0.521259,0.989579,0.189641,0.405383,0.521663,0.300770,0.447417,0.453319,0.211165,-0.007716,0.556798,0.406342,0.170429,0.095932,0.594904,0.977017,0.518064,0.750247,0.467515,0.416938,0.007094,-0.030288,0.659983,0.863448,0.598549,0.570723,0.659242,0.749511,0.272596,0.051878,0.305345,0.321124,0.033770,0.271149,0.506455,0.425077,0.375531,0.194106,0.412743,0.521389,0.450278,0.232801,0.514677,0.371067,0.281935,0.377741,0.176891,0.297962,0.287731,0.238197,0.528255,0.507806,0.293062,0.249258,0.121569,-0.008250,0.715756,0.826849,0.712942,0.693786,0.186111,0.399819,0.032845,-0.016878,-0.043162,-0.095737,0.244477,0.025815,0.433296,0.349043,0.407230,0.147868,0.283068,0.146404,0.267049,0.236081,0.384150,0.282992,0.258940,0.328667,0.876310,0.821713
0.300902,0.335182,0.362995,0.366105,0.000000,0.192500,0.341491,0.267607,0.785418,0.246043,0.198190,0.515178,0.312186,0.331930,0.582695,0.603800,0.377721,0.175123,0.422562,0.460725,0.173701,0.193544,0.299582,0.334678,0.261408,0.372748,0.232000,0.194311,0.282931,0.328386,0.245138,0.325981,0.312182,0.344162,0.256943,0.549631,0.243383,0.306527,0.376922,0.384977,0.288584,0.179292,0.522788,0.626288,0.539396,0.461106,0.599578,0.645352,0.401215,0.387525,0.422537,0.458873,0.267927,0.442505,0.373796,0.440168,0.127065,0.104864,0.271173,0.269714,0.174286,0.316867,0.261451,0.260140,0.522557,0.408870,0.280130,0.429151,0.157169,0.148312,0.182742,0.094551,0.133697,0.171385,0.368547,0.405275,0.498173,0.565109,0.252109,0.306072,0.251001,0.257280,0.484813,0.427138,0.341234,0.473569,0.643466,0.503550,0.457274,0.555858
0.324093,0.146599,0.160243,0.641677,0.192500,0.000000,0.449359,0.906049,0.184433,0.883765,-0.065314,0.306481,0.271684,0.252237,0.042165,0.139777,0.227791,-0.063656,0.189706,0.305914,-0.019486,0.029526,-0.067621,0.140526,0.159550,0.316370,0.263160,0.451497,0.043491,0.034785,0.020015,0.057935,0.185913,0.150115,0.006733,0.231799,0.113511,0.036229,-0.055791,0.050416,-0.151241,0.126942,0.362222,0.224361,0.372514,0.319135,0.322140,0.317713,0.433392,0.348262,0.358476,0.399651,0.359357,0.357221,0.194563,0.283255,0.135421,0.012898,0.396027,0.448128,0.126421,0.478244,0.180698,0.132481,0.194755,0.274458,0.311059,0.465842,0.092791,0.252688,-0.162613,-0.207983,-0.151289,-0.090870,0.085915,0.013651,0.052484,0.041146,0.240584,0.021289,0.262891,0.068078,0.276558,0.277279,0.333817,0.332442,0.102058,0.069700,0.311203,0.353587
0.664298,0.346703,0.967900,1.075922,0.341491,0.449359,0.000000,0.913781,0.854925,0.829275,0.446975,0.471221,0.717276,0.386520,0.474166,0.409985,0.238975,0.129914,0.760849,0.472222,0.208234,0.137566,0.564482,0.573562,0.475665,0.527229,0.406651,0.360201,0.160692,0.152052,0.582098,0.720242,0.687914,0.634756,0.565291,0.610207,0.345260,0.097107,0.291511,0.255820,0.136816,0.284537,0.404452,0.390719,0.350271,0.214628,0.456852,0.531664,0.588725,0.351720,0.477721,0.367297,0.423037,0.452308,0.229848,0.300147,0.302857,0.291645,0.686133,0.478213,0.590307,0.344620,0.142090,0.088746,0.707315,0.575949,0.607624,0.489055,0.196786,0.293190,0.129252,0.143379,0.222043,0.126012,0.485051,0.201198,0.534188,0.433167,0.412654,0.149993,0.271692,0.277973,0.292595,0.250763,0.443375,0.315673,0.282016,0.313779,0.752314,0.724303
0.535645,0.248025,0.427171,1.128570,0.267607,0.906049,0.913781,0.000000,0.458492,1.010241,0.215131,0.528648,0.592781,0.419021,0.173935,0.193950,0.295112,0.018644,0.347392,0.350132,0.035150,0.148412,0.152214,0.452754,0.181057,0.358961,0.159920,0.277833,0.125564,0.078036,0.206466,0.340644,0.380801,0.454012,0.266103,0.461394,0.078079,-0.028757,0.079873,0.177610,-0.053053,0.176178,0.338142,0.250595,0.419886,0.340282,0.343505,0.364722,0.571695,0.481104,0.407852,0.410913,0.380575,0.344170,0.148044,0.243721,0.232640,0.138586,0.633769,0.575313,0.485115,0.498366,0.240509,0.128332,0.549179,0.771038,0.525406,0.597567,0.150914,0.350485,0.007968,0.015881,-0.027803,-0.021438,0.200112,0.106448,0.339866,0.251480,0.305527,0.076793,0.292421,0.099656,0.214826,0.232844,0.409035,0.309277,0.144126,0.092938,0.559556,0.602800
0.480342,0.342439,0.613075,0.521259,0.785418,0.184433,0.854925,0.458492,0.000000,0.604153,0.446114,0.489674,0.506073,0.296981,0.687080,0.557422,0.332456,0.247618,0.583718,0.468482,0.174762,0.245853,0.408243,0.371769,0.313732,0.342274,0.222559,0.155035,0.276457,0.307776,0.366596,0.464498,0.408215,0.437065,0.404284,0.592359,0.316345,0.220942,0.395061,0.383525,0.273661,0.239159,0.406239,0.477312,0.374447,0.293720,0.518412,0.588906,0.585819,0.444515,0.453171,0.430679,0.397487,0.565716,0.336526,0.395993,0.148876,0.173097,0.391007,0.280963,0.373049,0.299965,0.162808,0.137419,0.557988,0.466306,0.321340,0.318031,0.200636,0.238455,0.162422,0.132163,0.285791,0.247511,0.526475,0.393658,0.576569,0.573864,0.271998,0.253780,0.209557,0.311951,0.411157,0.373458,0.333676,0.396556,0.544879,0.485112,0.577440,0.647497
0.489814,0.149756,0.557785,0.989579,0.246043,0.883765,0.829275,1.010241,0.604153,0.000000,0.163586,0.185046,0.414976,0.120671,0.255447,0.206625,0.241400,-0.004919,0.402498,0.336641,0.022799,0.181079,0.199823,0.404103,0.264372,0.442878,0.277830,0.282764,0.019754,0.006742,0.309658,0.352727,0.296211,0.282144,0.288181,0.423208,0.182405,-0.030464,0.111517,0.182042,-0.049268,0.175506,0.343033,0.254411,0.313485,0.176906,0.326981,0.362975,0.477533,0.302519,0.381887,0.299776,0.361410,0.421190,0.115466,0.193820,0.206951,0.132111,0.410275,0.309426,0.239578,0.186740,0.104483,-0.039537,0.430775,0.458463,0.404802,0.363564,0.209352,0.343583,-0.113611,-0.075139,-0.036509,-0.082789,0.216602,0.063821,0.265924,0.215968,0.283514,0.131623,0.230965,0.112636,0.222030,0.215885,0.374738,0.222755,0.211118,0.204207,0.603095,0.496984
0.494365,0.162987,0.403224,0.189641,0.198190,-0.065314,0.446975,0.215131,0.446114,0.163586,0.000000,0.581385,0.824739,0.544710,0.352686,0.277517,0.130288,0.163252,0.494946,0.410337,0.252191,0.167389,0.321483,0.263718,0.167256,0.038534,0.070014,-0.059987,0.419557,0.315569,0.369447,0.294391,0.255049,0.287834,0.310583,0.220834,0.247939,0.074316,0.216108,0.068230,0.174587,0.207893,0.142072,0.183847,0.069364,0.110228,0.237122,0.216831,0.255176,0.263211,0.091984,0.143719,0.131744,0.210872,0.107372,0.132837,0.076923,0.141807,0.199685,-0.018797,0.334284,-0.037646,0.035671,0.071443,0.372369,0.202229,0.040625,-0.031236,0.123553,0.080046,0.537667,0.538024,0.489083,0.377264,0.458651,0.379858,0.615789,0.431099,0.099406,0.137765,0.030917,0.217389,0.041474,0.038807,0.265239,0.175609,0.179849,0.061721,0.179491,0.194134
0.657504,0.551093,0.248370,0.405383,0.515178,0.306481,0.471221,0.528648,0.489674,0.185046,0.581385,0.000000,0.905333,1.222927,0.514996,0.711834,0.378510,0.253787,0.443330,0.582696,0.223101,0.083590,0.310989,0.408945,0.431885,0.353844,0.303901,0.324881,0.449922,0.413894,0.221899,0.331368,0.461887,0.543080,0.302371,0.566041,0.357137,0.182012,0.352604,0.326313,0.149283,0.263788,0.507212,0.465685,0.580933,0.675244,0.623925,0.605782,0.735255,0.709292,0.620715,0.769991,0.566484,0.612781,0.638151,0.703747,0.351364,0.259961,0.676796,0.596585,0.577408,0.549213,0.321035,0.368602,0.469460,0.507937,0.439601,0.608213,0.276581,0.309794,0.246188,0.100523,0.186010,0.237466,0.302246,0.266485,0.494928,0.418514,0.402121,0.201381,0.378394,0.379766,0.432046,0.459232,0.521701,0.753803,0.441546,0.426778,0.383749,0.681445
0.787599,0.551214,0.489119,0.521663,0.312186,0.271684,0.717276,0.592781,0.506073,0.414976,0.824739,0.905333,0.000000,1.062187,0.687754,0.596240,0.427337,0.306540,0.720081,0.571835,0.187100,0.211188,0.528382,0.502007,0.487363,0.370120,0.329730,0.274308,0.421080,0.381333,0.443990,0.501690,0.571908,0.610778,0.400680,0.506242,0.354225,0.069203,0.376229,0.296687,0.168532,0.243887,0.500665,0.420777,0.532854,0.508362,0.574590,0.537747,0.627216,0.584483,0.516608,0.540806,0.511804,0.587432,0.411122,0.421892,0.432963,0.399445,0.628292,0.402999,0.729215,0.296206,0.241721,0.243260,0.643517,0.461741,0.471997,0.399925,0.397476,0.370874,0.338430,0.316125,0.253351,0.222496,0.404580,0.246304,0.662338,0.524570,0.512672,0.288666,0.409716,0.459238,0.419201,0.378434,0.679479,0.514310,0.409059,0.368465,0.595638,0.570085
0.643546,0.622541,0.211216,0.300770,0.331930,0.252237,0.386520,0.419021,0.296981,0.120671,0.544710,1.222927,1.062187,0.000000,0.573641,0.675919,0.441964,0.324260,0.420292,0.558816,0.342246,0.211706,0.308124,0.303148,0.421707,0.298210,0.287814,0.305322,0.529723,0.488881,0.321062,0.372343,0.608236,0.688397,0.275515,0.490677,0.398870,0.174005,0.476364,0.387922,0.194630,0.333162,0.566384,0.463073,0.588475,0.662185,0.634408,0.583079,0.656967,0.634742,0.512084,0.699711,0.527607,0.560578,0.609952,0.636671,0.486310,0.386376,0.662252,0.537329,0.617078,0.491334,0.361823,0.387776,0.391014,0.352744,0.487835,0.604521,0.360534,0.355275,0.340406,0.247321,0.233126,0.313909,0.333951,0.272055,0.602902,0.505220,0.539566,0.283566,0.495248,0.502336,0.543806,0.501901,0.535850,0.683428,0.500501,0.376423,0.376251,0.510039
0.404388,0.574309,0.593982,0.447417,0.582695,0.042165,0.474166,0.173935,0.687080,0.255447,0.352686,0.514996,0.687754,0.573641,0.000000,1.357056,0.391328,0.373040,0.652825,0.468068,0.423144,0.255946,0.767987,0.635692,0.707412,0.603758,0.602859,0.390250,0.361003,0.401695,0.685297,0.771931,0.658035,0.635411,0.626350,0.795096,0.641619,0.388042,0.889074,0.719645,0.450242,0.509330,0.698116,0.727644,0.560994,0.402609,0.698385,0.778202,0.436854,0.333032,0.619287,0.531575,0.372129,0.615824,0.580751,0.616468,0.378647,0.416707,0.387541,0.382211,0.306700,0.255161,0.263435,0.260360,0.581855,0.431505,0.478543,0.512957,0.337155,0.358369,0.206278,0.135856,0.265952,0.303986,0.482540,0.274443,0.663972,0.671630,0.589193,0.464189,0.458924,0.633507,0.737252,0.584183,0.500653,0.578391,0.803628,0.875231,0.847988,0.742539
0.441516,0.550919,0.478933,0.453319,0.603800,0.139777,0.409985,0.193950,0.557422,0.206625,0.277517,0.711834,0.596240,0.675919,1.357056,0.000000,0.327356,0.272415,0.537944,0.569513,0.376309,0.098269,0.629193,0.606120,0.735245,0.652759,0.728215,0.548077,0.278873,0.329164,0.586393,0.676283,0.625115,0.569636,0.544036,0.797428,0.661174,0.317489,0.730366,0.600039,0.230523,0.410219,0.768044,0.697957,0.543079,0.457557,0.713332,0.784245,0.475487,0.306945,0.658523,0.612065,0.441534,0.685818,0.706800,0.831311,0.442456,0.399719,0.420504,0.530310,0.220163,0.402008,0.240767,0.252066,0.481186,0.403662,0.514549,0.669541,0.349874,0.417309,0.087233,-0.050590,0.098621,0.160320,0.369106,0.153190,0.484343,0.491152,0.621057,0.354012,0.468496,0.565493,0.745541,0.690618,0.497856,0.672847,0.756269,0.923856,0.765254,0.920150
0.844914,1.047444,0.155250,0.211165,0.377721,0.227791,0.238975,0.295112,0.332456,0.241400,0.130288,0.378510,0.427337,0.441964,0.391328,0.327356,0.000000,1.314236,0.716057,0.995821,0.362395,0.451837,0.188672,0.110803,0.288396,0.304846,0.278245,0.323315,1.170330,1.208633,0.266864,0.219756,0.736261,0.837480,0.104109,0.415686,0.288592,0.410865,0.483213,0.640304,0.440934,0.320959,0.591049,0.496998,0.880901,0.900988,0.793695,0.716432,0.578946,0.776961,0.571507,0.714894,0.771052,0.605561,0.616884,0.573259,0.946270,0.892841,0.722975,0.632058,0.722748,0.344301,1.202949,0.961038,0.250212,0.134795,0.627811,0.524206,1.011163,0.658813,0.377335,0.314307,0.401569,0.549462,0.550654,0.567122,0.635281,0.748991,1.023617,1.160622,1.310816,0.994135,0.967055,1.083050,0.765573,0.644708,0.492483,0.520039,0.470230,0.408663
0.685717,0.936678,0.136952,-0.007716,0.175123,-0.063656,0.129914,0.018644,0.247618,-0.004919,0.163252,0.253787,0.306540,0.324260,0.373040,0.272415,1.314236,0.000000,0.593481,0.773166,0.412478,0.388850,0.240241,0.041430,0.280483,0.209944,0.237953,0.232753,1.137186,1.261376,0.281345,0.215575,0.691551,0.765851,0.147645,0.312798,0.322797,0.446458,0.461714,0.570843,0.399148,0.374061,0.468380,0.390703,0.676171,0.689890,0.611214,0.533563,0.470254,0.618357,0.463420,0.544043,0.626684,0.480528,0.538329,0.476787,0.892559,0.994634,0.571869,0.488473,0.697717,0.230047,0.976660,0.884943,0.185466,0.030608,0.495525,0.339595,0.916593,0.534247,0.430792,0.371294,0.542968,0.666241,0.505054,0.470986,0.555937,0.661026,0.881534,1.168704,1.045131,1.073731,0.703882,0.827635,0.633457,0.507807,0.379201,0.500112,0.340610,0.255615
0.958999,0.820803,0.765911,0.556798,0.422562,0.189706,0.760849,0.347392,0.583718,0.402498,0.494946,0.443330,0.720081,0.420292,0.652825,0.537944,0.716057,0.593481,0.000000,1.102723,0.339115,0.174236,0.754763,0.516219,0.571012,0.497288,0.598834,0.517097,0.522088,0.540725,0.655586,0.605468,0.949830,0.857425,0.485497,0.596744,0.392662,0.340691,0.477793,0.486094,0.366555,0.264684,0.522995,0.501827,0.518271,0.413008,0.657636,0.730060,0.470675,0.392780,0.552436,0.444305,0.547175,0.560106,0.414148,0.412583,0.667745,0.756748,0.694224,0.477503,0.669872,0.143007,0.447839,0.385917,0.542632,0.256967,0.655851,0.398059,0.692836,0.507166,0.313375,0.290948,0.357352,0.278721,0.630729,0.385997,0.680823,0.673808,0.760579,0.623623,0.604259,0.680412,0.643975,0.589844,0.634618,0.430527,0.438330,0.502541,0.776814,0.631834
1.156364,1.008585,0.410264,0.406342,0.460725,0.305914,0.472222,0.350132,0.468482,0.336641,0.410337,0.582696,0.571835,0.558816,0.468068,0.569513,0.995821,0.773166,1.102723,0.000000,0.383845,0.195537,0.364868,0.281785,0.397228,0.360073,0.524648,0.544893,0.795541,0.800546,0.448703,0.351200,0.876892,0.829998,0.239773,0.480609,0.347415,0.285803,0.450960,0.488039,0.214563,0.276159,0.598873,0.472994,0.614795,0.639998,0.762732,0.736980,0.576284,0.508662,0.531328,0.626415,0.701358,0.638629,0.572639,0.654817,0.862922,0.883764,0.756935,0.685590,0.585103,0.344080,0.780962,0.699311,0.281174,0.134573,0.625263,0.522166,0.934668,0.687722,0.282842,0.187226,0.351780,0.394856,0.603064,0.460605,0.598869,0.621912,0.901956,0.758559,0.856149,0.782231,0.844035,0.944229,0.634015,0.550119,0.504236,0.484849,0.548246,0.592231
0.330296,0.378479,0.276240,0.170429,0.173701,-0.019486,0.208234,0.035150,0.174762,0.022799,0.252191,0.223101,0.187100,0.342246,0.423144,0.376309,0.362395,0.412478,0.339115,0.383845,0.000000,0.762077,0.305462,0.200551,0.402238,0.334434,0.385287,0.309678,0.569672,0.570221,0.661060,0.529115,0.645601,0.605643,0.406135,0.450406,0.614934,0.431010,0.656309,0.515185,0.546044,0.633691,0.349216,0.346362,0.216484,0.182590,0.367246,0.411159,0.256267,0.191411,0.230910,0.282833,0.227362,0.201758,0.343221,0.344826,0.391794,0.451141,0.363280,0.358537,0.235211,0.140646,0.424802,0.418271,0.030713,0.055104,0.412955,0.364802,0.311282,0.276955,0.523732,0.538085,0.572208,0.636785,0.597393,0.461991,0.598960,0.561013,0.524831,0.482770,0.525630,0.640529,0.476101,0.434294,0.316537,0.364213,0.400357,0.306297,0.291616,0.306233
0.263929,0.259503,0.131982,0.095932,0.193544,0.029526,0.137566,0.148412,0.245853,0.181079,0.167389,0.083590,0.211188,0.211706,0.255946,0.098269,0.451837,0.388850,0.174236,0.195537,0.762077,0.000000,0.054768,0.041195,0.107245,0.124093,0.063263,0.065813,0.526682,0.536312,0.330314,0.271972,0.351513,0.377354,0.170025,0.274078,0.302436,0.227796,0.478272,0.442136,0.471265,0.400304,0.302705,0.330491,0.279268,0.274302,0.323052,0.301597,0.289661,0.326401,0.184472,0.254089,0.188115,0.130577,0.212294,0.165908,0.258730,0.290428,0.223087,0.139139,0.283602,0.045558,0.428149,0.375326,0.076872,0.056978,0.293886,0.212348,0.262640,0.174817,0.492705,0.547490,0.455205,0.532179,0.453062,0.514793,0.555654,0.523056,0.367653,0.567992,0.481121,0.511283,0.374585,0.358599,0.375115,0.296747,0.331810,0.118094,0.270292,0.168052
0.456386,0.376088,1.211835,0.594904,0.299582,-0.067621,0.564482,0.152214,0.408243,0.199823,0.321483,0.310989,0.528382,0.308124,0.767987,0.629193,0.188672,0.240241,0.754763,0.364868,0.305462,0.054768,0.000000,1.299717,1.131806,0.944073,0.821231,0.523745,0.047040,0.030660,1.094202,1.137654,0.694808,0.647879,1.225128,0.940768,0.459532,0.179118,0.599236,0.459007,0.341312,0.319032,0.511369,0.470456,0.323006,0.163997,0.414275,0.561065,0.338986,0.131816,0.617634,0.331492,0.252275,0.388822,0.305129,0.323655,0.405670,0.504767,0.307545,0.275866,0.250861,-0.165626,0.022240,-0.004886,0.560722,0.544504,0.697236,0.482488,0.386160,0.516272,0.237581,0.180423,0.152562,-0.006661,0.321702,0.094972,0.549203,0.482291,0.491431,0.334638,0.312096,0.455548,0.318942,0.277845,0.416750,0.343474,0.425353,0.619615,0.924896,0.727975
0.367803,0.206565,1.118556,0.977017,0.334678,0.140526,0.573562,0.452754,0.371769,0.404103,0.263718,0.408945,0.502007,0.303148,0.635692,0.606120,0.110803,0.041430,0.516219,0.281785,0.200551,0.041195,1.299717,0.000000,0.832689,0.956198,0.623350,0.434933,-0.060960,-0.118726,0.884023,1.087159,0.515793,0.534477,1.095103,0.963921,0.336651,0.092754,0.455795,0.409368,0.192386,0.300662,0.472952,0.425614,0.321749,0.143743,0.326247,0.469891,0.303782,0.109218,0.568156,0.296341,0.144178,0.308934,0.198010,0.280204,0.260344,0.295106,0.268145,0.284580,0.159468,-0.115821,-0.022102,-0.106846,0.707997,0.900230,0.659223,0.569704,0.220140,0.474575,0.169969,0.081240,0.012117,-0.133609,0.194429,0.017648,0.470559,0.384742,0.350719,0.188937,0.228905,0.231896,0.193865,0.185821,0.370884,0.319022,0.322429,0.509315,0.943384,0.815260
0.568674,0.504583,0.750270,0.518064,0.261408,0.159550,0.475665,0.181057,0.313732,0.264372,0.167256,0.431885,0.487363,0.421707,0.707412,0.735245,0.288396,0.280483,0.571012,0.397228,0.402238,0.107245,1.131806,0.832689,0.000000,1.421262,1.144093,0.799384,0.151246,0.156992,0.907120,0.891710,0.722777,0.646516,1.083316,1.145256,0.714969,0.245811,0.696716,0.575479,0.323374,0.462612,0.781997,0.621299,0.512451,0.391864,0.646371,0.771709,0.590320,0.344034,0.920242,0.652404,0.518633,0.609437,0.636714,0.662626,0.605539,0.574262,0.471766,0.547597,0.254952,0.065574,0.173308,0.178054,0.322390,0.418762,0.866589,0.782601,0.473677,0.617088,0.098696,0.023212,0.100497,0.042009,0.313039,0.062968,0.454478,0.403860,0.763698,0.384238,0.545580,0.658217,0.541047,0.523055,0.592832,0.669700,0.568138,0.841769,0.835308,0.876816
0.506348,0.409576,0.826058,0.750247,0.372748,0.316370,0.527229,0.358961,0.342274,0.442878,0.038534,0.353844,0.370120,0.298210,0.603758,0.652759,0.304846,0.209944,0.497288,0.360073,0.334434,0.124093,0.944073,0.956198,1.421262,0.000000,0.949255,0.772286,0.090540,0.081214,0.879464,0.965445,0.652036,0.588351,1.021187,1.174055,0.536490,0.175844,0.580058,0.556291,0.239778,0.377007,0.803837,0.637470,0.593699,0.409693,0.630754,0.740759,0.554835,0.333246,0.952128,0.632583,0.463166,0.585425,0.510375,0.578301,0.556380,0.511838,0.469708,0.568821,0.183740,0.068212,0.192121,0.123486,0.434152,0.560951,0.953013,0.923917,0.426620,0.615867,0.059618,-0.036887,-0.000230,-0.066041,0.249368,0.063139,0.397825,0.357766,0.678434,0.376707,0.550795,0.522704,0.486795,0.501772,0.604148,0.656234,0.593774,0.816711,0.902441,0.910106
0.568776,0.514774,0.614644,0.467515,0.232000,0.263160,0.406651,0.159920,0.222559,0.277830,0.070014,0.303901,0.329730,0.287814,0.602859,0.728215,0.278245,0.237953,0.598834,0.524648,0.385287,0.063263,0.821231,0.623350,1.144093,0.949255,0.000000,1.327040,0.086435,0.121971,0.710726,0.605835,0.653592,0.514995,0.729027,0.816628,0.658061,0.225575,0.618415,0.511736,0.222771,0.338943,0.588178,0.447315,0.407960,0.297071,0.523024,0.621501,0.453427,0.169019,0.664258,0.468806,0.466746,0.480887,0.531646,0.605063,0.614212,0.610780,0.447418,0.576435,0.182031,0.119917,0.199782,0.187739,0.185447,0.265443,0.785902,0.706662,0.537139,0.715507,-0.025088,-0.101345,0.004410,-0.026134,0.287753,0.020649,0.285230,0.287262,0.738748,0.402518,0.523685,0.608602,0.608507,0.618544,0.512996,0.544033,0.463132,0.748518,0.893541,0.878351
0.580882,0.599669,0.397443,0.416938,0.194311,0.451497,0.360201,0.277833,0.155035,0.282764,-0.059987,0.324881,0.274308,0.305322,0.390250,0.548077,0.323315,0.232753,0.517097,0.544893,0.309678,0.065813,0.523745,0.434933,0.799384,0.772286,1.327040,0.000000,0.092443,0.140012,0.442478,0.398366,0.582779,0.493073,0.462609,0.656279,0.476945,0.236492,0.424081,0.452487,0.173788,0.295699,0.527930,0.362481,0.474674,0.392318,0.495973,0.553966,0.469560,0.231973,0.662542,0.486354,0.553537,0.494738,0.536165,0.600917,0.632025,0.604836,0.537518,0.695644,0.251712,0.282726,0.290750,0.303051,0.089048,0.247968,0.769764,0.758968,0.512970,0.674750,-0.095177,-0.177147,-0.058144,-0.065073,0.217779,0.005501,0.158626,0.172483,0.701076,0.348570,0.574073,0.579630,0.653606,0.682762,0.541547,0.620893,0.417118,0.612261,0.720850,0.805527
0.652004,0.787646,0.036127,0.007094,0.282931,0.043491,0.160692,0.125564,0.276457,0.019754,0.419557,0.449922,0.421080,0.529723,0.361003,0.278873,1.170330,1.137186,0.522088,0.795541,0.569672,0.526682,0.047040,-0.060960,0.151246,0.090540,0.086435,0.092443,0.000000,1.873093,0.250057,0.166464,0.595789,0.680860,0.031471,0.251656,0.373377,0.478696,0.485577,0.540446,0.546074,0.453664,0.440914,0.439961,0.629464,0.718516,0.671474,0.555633,0.453807,0.693026,0.348597,0.565606,0.581052,0.454702,0.549713,0.506493,0.619542,0.627929,0.561406,0.419171,0.665776,0.342715,1.059858,1.007046,0.160257,-0.002806,0.320941,0.297313,0.631323,0.345177,0.610652,0.555743,0.751704,0.993613,0.695822,0.752235,0.738409,0.786788,0.707391,0.901744,0.912935,0.888287,0.703623,0.715006,0.594907,0.562254,0.405610,0.320875,0.177240,0.174450
0.620821,0.833532,0.003731,-0.030288,0.328386,0.034785,0.152052,0.078036,0.307776,0.006742,0.315569,0.413894,0.381333,0.488881,0.401695,0.329164,1.208633,1.261376,0.540725,0.800546,0.570221,0.536312,0.030660,-0.118726,0.156992,0.081214,0.121971,0.140012,1.873093,0.000000,0.230118,0.153370,0.632921,0.697506,0.000348,0.245131,0.417526,0.561915,0.473229,0.546901,0.502475,0.447493,0.466222,0.459940,0.643513,0.736709,0.701879,0.578890,0.474588,0.697488,0.369072,0.569493,0.612659,0.490318,0.588930,0.532525,0.638174,0.647856,0.570572,0.450905,0.667731,0.403156,1.059009,1.121835,0.152632,-0.034273,0.327429,0.292425,0.631571,0.293846,0.542454,0.512463,0.713353,0.988672,0.693741,0.703918,0.671929,0.780506,0.758926,0.924239,0.934491,0.970452,0.783397,0.793667,0.621575,0.572329,0.429746,0.397216,0.199158,0.192639
0.466988,0.337118,1.105004,0.659983,0.245138,0.020015,0.582098,0.206466,0.366596,0.309658,0.369447,0.221899,0.443990,0.321062,0.685297,0.586393,0.266864,0.281345,0.655586,0.448703,0.661060,0.330314,1.094202,0.884023,0.907120,0.879464,0.710726,0.442478,0.250057,0.230118,0.000000,1.603653,0.948939,0.795181,1.132499,0.903122,0.566900,0.187908,0.728457,0.546023,0.351941,0.475586,0.589903,0.535138,0.277104,0.122406,0.458378,0.584382,0.320247,0.112344,0.459942,0.309563,0.208999,0.320263,0.249659,0.322661,0.463986,0.547181,0.350868,0.322111,0.212647,-0.054129,0.212184,0.154475,0.436410,0.380511,0.709002,0.513530,0.364405,0.465246,0.328772,0.309778,0.255808,0.174139,0.439324,0.202742,0.678994,0.587718,0.616569,0.458989,0.439527,0.532156,0.414602,0.364977,0.368047,0.284228,0.449297,0.500941,0.747518,0.586694
0.418332,0.331898,1.150905,0.863448,0.325981,0.057935,0.720242,0.340644,0.464498,0.352727,0.294391,0.331368,0.501690,0.372343,0.771931,0.676283,0.219756,0.215575,0.605468,0.351200,0.529115,0.271972,1.137654,1.087159,0.891710,0.965445,0.605835,0.398366,0.166464,0.153370,1.603653,0.000000,0.962574,0.861815,1.172723,1.011438,0.543006,0.167860,0.680329,0.549758,0.292173,0.461525,0.642924,0.602564,0.354307,0.172098,0.489780,0.632474,0.369838,0.168448,0.539313,0.334448,0.222034,0.355143,0.310306,0.368814,0.425908,0.468698,0.428316,0.400348,0.287005,0.066973,0.137871,0.069895,0.645478,0.626152,0.787260,0.633907,0.286427,0.420149,0.260158,0.213380,0.157134,0.074732,0.340119,0.074969,0.618389,0.536717,0.573111,0.350014,0.391980,0.435394,0.389311,0.320624,0.404898,0.328073,0.466807,0.580932,0.865619,0.753778
0.871090,0.942429,0.696010,0.598549,0.312182,0.185913,0.687914,0.380801,0.408215,0.296211,0.255049,0.461887,0.571908,0.608236,0.658035,0.625115,0.736261,0.691551,0.949830,0.876892,0.645601,0.351513,0.694808,0.515793,0.722777,0.652036,0.653592,0.582779,0.595789,0.632921,0.948939,0.962574,0.000000,1.862895,0.636667,0.854615,0.602307,0.348908,0.742364,0.710775,0.352656,0.557765,0.796058,0.652128,0.686043,0.540590,0.812171,0.910433,0.653208,0.471394,0.644012,0.594794,0.614043,0.555063,0.636338,0.679986,0.984650,1.004816,1.003601,0.852007,0.767471,0.411885,0.656734,0.572492,0.473701,0.341830,1.135739,0.873185,0.716411,0.693453,0.275944,0.253032,0.324653,0.356986,0.562049,0.274220,0.724064,0.708168,1.193693,0.683394,0.961153,0.934646,0.865400,0.812265,0.642489,0.540508,0.549219,0.634785,0.794361,0.758273
0.893698,1.007135,0.623955,0.570723,0.344162,0.150115,0.634756,0.454012,0.437065,0.282144,0.287834,0.543080,0.610778,0.688397,0.635411,0.569636,0.837480,0.765851,0.857425,0.829998,0.605643,0.377354,0.647879,0.534477,0.646516,0.588351,0.514995,0.493073,0.680860,0.697506,0.795181,0.861815,1.862895,0.000000,0.591590,0.884584,0.546811,0.373020,0.733035,0.767292,0.398407,0.566227,0.744898,0.627069,0.768536,0.650489,0.810284,0.896408,0.698117,0.600453,0.665112,0.646033,0.627949,0.564350,0.666610,0.694883,0.963154,0.988691,1.048728,0.874799,0.909178,0.424529,0.715776,0.631974,0.528522,0.470572,1.139438,0.909041,0.729687,0.714865,0.349751,0.322065,0.360911,0.399609,0.567003,0.327693,0.804746,0.786804,1.156118,0.697546,1.010574,0.942240,0.841024,0.798790,0.675263,0.604007,0.546720,0.640030,0.787421,0.778162
0.420737,0.245125,1.076662,0.659242,0.256943,0.006733,0.565291,0.266103,0.404284,0.288181,0.310583,0.302371,0.400680,0.275515,0.626350,0.544036,0.104109,0.147645,0.485497,0.239773,0.406135,0.170025,1.225128,1.095103,1.083316,1.021187,0.729027,0.462609,0.031471,0.000348,1.132499,1.172723,0.636667,0.591590,0.000000,1.198621,0.450071,0.117436,0.678813,0.498078,0.300306,0.362304,0.531338,0.470381,0.295024,0.128039,0.368236,0.507807,0.415262,0.182134,0.589732,0.348161,0.186196,0.288892,0.238279,0.300745,0.366658,0.431024,0.284484,0.334373,0.161682,-0.091761,0.029674,-0.054000,0.510742,0.696559,0.734735,0.613038,0.272580,0.505582,0.119864,0.108545,0.087534,-0.023205,0.223287,0.038629,0.538353,0.404545,0.438429,0.321080,0.280432,0.421778,0.261987,0.268293,0.384420,0.369643,0.452491,0.528803,0.870873,0.802443
0.621304,0.541818,0.852223,0.749511,0.549631,0.231799,0.610207,0.461394,0.592359,0.423208,0.220834,0.566041,0.506242,0.490677,0.795096,0.797428,0.415686,0.312798,0.596744,0.480609,0.450406,0.274078,0.940768,0.963921,1.145256,1.174055,0.816628,0.656279,0.251656,0.245131,0.903122,1.011438,0.854615,0.884584,1.198621,0.000000,0.550961,0.249092,0.782828,0.741346,0.379909,0.433430,0.824026,0.720169,0.747158,0.523227,0.724638,0.891274,0.764840,0.488614,0.908458,0.714597,0.478261,0.592383,0.578450,0.664324,0.567910,0.541103,0.579435,0.626544,0.355647,0.214415,0.296242,0.208701,0.586306,0.808075,1.011032,1.099750,0.468694,0.703138,0.108385,0.031008,0.085022,0.071430,0.361656,0.167610,0.666301,0.598650,0.749581,0.491022,0.605056,0.649840,0.615320,0.623040,0.620879,0.722788,0.734956,0.855947,1.060752,1.180142
0.426657,0.371516,0.410639,0.272596,0.243383,0.113511,0.345260,0.078079,0.316345,0.182405,0.247939,0.357137,0.354225,0.398870,0.641619,0.661174,0.288592,0.322797,0.392662,0.347415,0.614934,0.302436,0.459532,0.336651,0.714969,0.536490,0.658061,0.476945,0.373377,0.417526,0.566900,0.543006,0.602307,0.546811,0.450071,0.550961,0.000000,0.623177,0.759170,0.565875,0.414627,0.854347,0.614251,0.530911,0.386540,0.283944,0.597049,0.620142,0.450995,0.280208,0.485073,0.377631,0.448890,0.518422,0.696691,0.702058,0.406557,0.351355,0.416570,0.416216,0.310137,0.211011,0.261089,0.273495,0.227792,0.158071,0.466340,0.447348,0.315033,0.358024,0.312193,0.308531,0.473659,0.458478,0.592431,0.205754,0.531778,0.515466,0.622311,0.249644,0.502041,0.673602,0.586984,0.493131,0.551397,0.566867,0.415327,0.720732,0.519803,0.547126
0.184230,0.333375,0.062141,0.051878,0.306527,0.036229,0.097107,-0.028757,0.220942,-0.030464,0.074316,0.182012,0.069203,0.174005,0.388042,0.317489,0.410865,0.446458,0.340691,0.285803,0.431010,0.227796,0.179118,0.092754,0.245811,0.175844,0.225575,0.236492,0.478696,0.561915,0.187908,0.167860,0.348908,0.373020,0.117436,0.249092,0.623177,0.000000,0.491556,0.696218,0.723426,0.707752,0.351799,0.427740,0.322996,0.267928,0.416467,0.453241,0.188420,0.272086,0.301397,0.272967,0.233806,0.286717,0.421541,0.360767,0.196574,0.210774,0.189484,0.221606,0.199489,0.186473,0.350114,0.438037,0.090438,0.089236,0.152597,0.195874,0.126107,0.040414,0.362801,0.367814,0.550932,0.684651,0.559480,0.488443,0.461428,0.584864,0.293117,0.335146,0.378313,0.510349,0.528912,0.412884,0.403643,0.479074,0.363514,0.478682,0.266558,0.234585
0.485725,0.641317,0.479990,0.305345,0.376922,-0.055791,0.291511,0.079873,0.395061,0.111517,0.216108,0.352604,0.376229,0.476364,0.889074,0.730366,0.483213,0.461714,0.477793,0.450960,0.656309,0.478272,0.599236,0.455795,0.696716,0.580058,0.618415,0.424081,0.485577,0.473229,0.728457,0.680329,0.742364,0.733035,0.678813,0.782828,0.759170,0.491556,0.000000,1.251901,0.731855,0.701553,0.767028,0.741222,0.487270,0.387982,0.743877,0.779293,0.505216,0.353821,0.619972,0.555578,0.430985,0.435349,0.655873,0.643295,0.574468,0.598766,0.459118,0.495979,0.326610,0.163193,0.467861,0.392430,0.248176,0.263318,0.653851,0.616384,0.495148,0.533454,0.274116,0.270942,0.347118,0.416666,0.510838,0.398373,0.764597,0.730530,0.709976,0.643207,0.676114,0.850884,0.880052,0.773583,0.513500,0.617213,0.976524,0.826044,0.753223,0.667824
0.510403,0.746769,0.330568,0.321124,0.384977,0.050416,0.255820,0.177610,0.383525,0.182042,0.068230,0.326313,0.296687,0.387922,0.719645,0.600039,0.640304,0.570843,0.486094,0.488039,0.515185,0.442136,0.459007,0.409368,0.575479,0.556291,0.511736,0.452487,0.540446,0.546901,0.546023,0.549758,0.710775,0.767292,0.498078,0.741346,0.565875,0.696218,1.251901,0.000000,0.769402,0.722441,0.750211,0.755488,0.646981,0.553566,0.803874,0.847269,0.532051,0.505832,0.710681,0.640961,0.512932,0.486829,0.673778,0.653610,0.608573,0.626368,0.516146,0.583492,0.401003,0.244816,0.552809,0.496249,0.213469,0.316686,0.669733,0.658479,0.510912,0.521830,0.210377,0.211203,0.280417,0.400289,0.472284,0.384587,0.604324,0.698731,0.679901,0.692215,0.746170,0.810748,0.949747,0.842732,0.579273,0.705265,0.896508,0.807925,0.728415,0.656408
0.226185,0.392136,0.196932,0.033770,0.288584,-0.151241,0.136816,-0.053053,0.273661,-0.049268,0.174587,0.149283,0.168532,0.194630,0.450242,0.230523,0.440934,0.399148,0.366555,0.214563,0.546044,0.471265,0.341312,0.192386,0.323374,0.239778,0.222771,0.173788,0.546074,0.502475,0.351941,0.292173,0.352656,0.398407,0.300306,0.379909,0.414627,0.723426,0.731855,0.769402,0.000000,0.550844,0.243843,0.391716,0.294021,0.229609,0.384513,0.416675,0.200447,0.258253,0.334371,0.287026,0.236162,0.205845,0.289663,0.195066,0.210820,0.264923,0.190478,0.119431,0.238051,-0.033861,0.377000,0.362879,0.078125,0.079583,0.242642,0.201363,0.204919,0.159571,0.419504,0.489962,0.608843,0.625555,0.635202,0.686846,0.581874,0.653417,0.291400,0.493491,0.410674,0.552656,0.510806,0.399957,0.387008,0.450767,0.485982,0.376772,0.301802,0.190070
0.324751,0.356544,0.326683,0.271149,0.179292,0.126942,0.284537,0.176178,0.239159,0.175506,0.207893,0.263788,0.243887,0.333162,0.509330,0.410219,0.320959,0.374061,0.264684,0.276159,0.633691,0.400304,0.319032,0.300662,0.462612,0.377007,0.338943,0.295699,0.453664,0.447493,0.475586,0.461525,0.557765,0.566227,0.362304,0.433430,0.854347,0.707752,0.701553,0.722441,0.550844,0.000000,0.497801,0.458934,0.293577,0.197541,0.468069,0.522015,0.309799,0.250056,0.368186,0.293286,0.299479,0.342335,0.479866,0.482029,0.303568,0.317138,0.388520,0.392431,0.288774,0.227496,0.364959,0.430229,0.172621,0.180685,0.389519,0.379388,0.147858,0.242666,0.349156,0.427648,0.585039,0.630554,0.656581,0.405936,0.526778,0.514723,0.480624,0.312348,0.495628,0.618622,0.586753,0.454048,0.381190,0.409781,0.375165,0.461713,0.403485,0.372961
0.613709,0.692919,0.467678,0.506455,0.522788,0.362222,0.404452,0.338142,0.406239,0.343033,0.142072,0.507212,0.500665,0.566384,0.698116,0.768044,0.591049,0.468380,0.522995,0.598873,0.349216,0.302705,0.511369,0.472952,0.781997,0.803837,0.588178,0.527930,0.440914,0.466222,0.589903,0.642924,0.796058,0.744898,0.531338,0.824026,0.614251,0.351799,0.767028,0.750211,0.243843,0.497801,0.000000,1.562873,0.933840,0.873546,1.494711,1.469557,0.860715,0.742705,1.020834,1.034840,0.719872,0.844503,0.920528,1.066130,0.688924,0.599808,0.606356,0.690948,0.386176,0.417384,0.503854,0.462438,0.396798,0.370678,0.840110,0.957624,0.550330,0.563901,0.176480,0.058995,0.099037,0.192570,0.325555,0.179890,0.618185,0.619780,0.896035,0.592940,0.827050,0.770029,0.853925,0.820351,0.763835,0.819397,0.748994,0.749074,0.712103,0.785183
0.437796,0.584089,0.421362,0.425077,0.626288,0.224361,0.390719,0.250595,0.477312,0.254411,0.183847,0.465685,0.420777,0.463073,0.727644,0.697957,0.496998,0.390703,0.501827,0.472994,0.346362,0.330491,0.470456,0.425614,0.621299,0.637470,0.447315,0.362481,0.439961,0.459940,0.535138,0.602564,0.652128,0.627069,0.470381,0.720169,0.530911,0.427740,0.741222,0.755488,0.391716,0.458934,1.562873,0.000000,0.763722,0.724310,1.427688,1.528822,0.668997,0.655416,0.794899,0.840898,0.528477,0.685125,0.750396,0.841639,0.459703,0.417307,0.458539,0.485227,0.327193,0.356779,0.427910,0.411924,0.386643,0.347765,0.587016,0.695861,0.359958,0.340909,0.229397,0.103788,0.135401,0.250433,0.351221,0.260209,0.652953,0.675252,0.649250,0.561886,0.611644,0.611099,0.731652,0.647112,0.593870,0.668964,0.715385,0.642161,0.574329,0.621075
0.696178,0.889289,0.281454,0.375531,0.539396,0.372514,0.350271,0.419886,0.374447,0.313485,0.069364,0.580933,0.532854,0.588475,0.560994,0.543079,0.880901,0.676171,0.518271,0.614795,0.216484,0.279268,0.323006,0.321749,0.512451,0.593699,0.407960,0.474674,0.629464,0.643513,0.277104,0.354307,0.686043,0.768536,0.295024,0.747158,0.386540,0.322996,0.487270,0.646981,0.294021,0.293577,0.933840,0.763722,0.000000,1.567014,1.087470,0.933782,0.993897,1.027787,1.004362,1.081002,0.848818,0.799515,0.797266,0.826817,0.774325,0.645474,0.783767,0.698338,0.672875,0.499876,0.710010,0.587422,0.545671,0.455648,0.796736,0.971942,0.679887,0.602518,0.135314,0.053585,0.152825,0.259762,0.334593,0.274964,0.493888,0.524130,0.845508,0.661003,0.961291,0.792277,0.797049,0.842518,0.990027,1.045919,0.708577,0.745925,0.619321,0.648671
0.728504,0.964745,0.075263,0.194106,0.461106,0.319135,0.214628,0.340282,0.293720,0.176906,0.110228,0.675244,0.508362,0.662185,0.402609,0.457557,0.900988,0.689890,0.413008,0.639998,0.182590,0.274302,0.163997,0.143743,0.391864,0.409693,0.297071,0.392318,0.718516,0.736709,0.122406,0.172098,0.540590,0.650489,0.128039,0.523227,0.283944,0.267928,0.387982,0.553566,0.229609,0.197541,0.873546,0.724310,1.567014,0.000000,1.126331,0.905787,1.022171,1.352413,0.943612,1.323046,0.974056,0.845268,0.904123,0.947681,0.796638,0.656353,0.749904,0.719982,0.678546,0.531316,0.745690,0.711656,0.300690,0.306778,0.657172,0.823365,0.720756,0.552454,0.161756,0.051293,0.144407,0.300868,0.307403,0.327991,0.408561,0.445838,0.768461,0.630175,0.949257,0.779724,0.741443,0.841471,0.927393,1.101857,0.636019,0.588428,0.421112,0.548525
0.787768,0.960578,0.380704,0.412743,0.599578,0.322140,0.456852,0.343505,0.518412,0.326981,0.237122,0.623925,0.574590,0.634408,0.698385,0.713332,0.793695,0.611214,0.657636,0.762732,0.367246,0.323052,0.414275,0.326247,0.646371,0.630754,0.523024,0.495973,0.671474,0.701879,0.458378,0.489780,0.812171,0.810284,0.368236,0.724638,0.597049,0.416467,0.743877,0.803874,0.384513,0.468069,1.494711,1.427688,1.087470,1.126331,0.000000,1.823544,1.044622,0.978144,1.098807,1.222657,1.011649,1.049266,1.093212,1.180890,0.775265,0.659895,0.788221,0.731793,0.582169,0.488340,0.652861,0.626956,0.373846,0.298277,0.763452,0.838727,0.671114,0.550056,0.219065,0.122853,0.230149,0.352930,0.495586,0.362489,0.674874,0.690241,0.937069,0.675304,0.928090,0.881584,0.979484,0.943005,0.902734,0.957498,0.863129,0.797461,0.630886,0.722490
0.750376,0.900250,0.503524,0.521389,0.645352,0.317713,0.531664,0.364722,0.588906,0.362975,0.216831,0.605782,0.537747,0.583079,0.778202,0.784245,0.716432,0.533563,0.730060,0.736980,0.411159,0.301597,0.561065,0.469891,0.771709,0.740759,0.621501,0.553966,0.555633,0.578890,0.584382,0.632474,0.910433,0.896408,0.507807,0.891274,0.620142,0.453241,0.779293,0.847269,0.416675,0.522015,1.469557,1.528822,0.933782,0.905787,1.823544,0.000000,0.939640,0.856382,1.034319,1.082498,0.858682,0.983590,1.002934,1.144558,0.716086,0.661011,0.787056,0.775642,0.543619,0.440499,0.572019,0.548291,0.392501,0.375824,0.864023,0.917020,0.605415,0.585553,0.193934,0.091033,0.168479,0.276142,0.471733,0.320460,0.700557,0.721055,0.931691,0.640690,0.869483,0.828772,0.993519,0.904763,0.756628,0.825326,0.824783,0.813457,0.734732,0.864666
0.900951,0.742862,0.384126,0.450278,0.401215,0.433392,0.588725,0.571695,0.585819,0.477533,0.255176,0.735255,0.627216,0.656967,0.436854,0.475487,0.578946,0.470254,0.470675,0.576284,0.256267,0.289661,0.338986,0.303782,0.590320,0.554835,0.453427,0.469560,0.453807,0.474588,0.320247,0.369838,0.653208,0.698117,0.415262,0.764840,0.450995,0.188420,0.505216,0.532051,0.200447,0.309799,0.860715,0.668997,0.993897,1.022171,1.044622,0.939640,0.000000,1.265315,1.153779,1.324932,1.185386,0.988556,0.913874,0.977137,0.675839,0.553322,0.973585,0.829055,0.739305,0.519466,0.503927,0.429676,0.375819,0.410742,0.859825,0.920847,0.600815,0.624724,0.052694,0.010091,0.140698,0.203579,0.353978,0.246068,0.488786,0.423747,0.710374,0.441552,0.718062,0.693631,0.611484,0.704634,0.864505,0.927310,0.661646,0.603499,0.595909,0.788992
