0.000000,0.872087,0.529348,0.188234,0.265152,0.152893,0.689853,0.331387,0.290518,0.216328,0.821580,0.390326,0.879673,0.521177,0.599189,0.243537,0.611239,0.303251,0.736809,0.409922,0.130656,0.086263,0.103330,0.034913,0.002160,-0.131998,0.177378,0.194458,0.369631,0.156826,0.167849,0.095733,0.499004,0.332283,0.037932,-0.038913,0.594284,0.248215,0.366173,0.248097,0.449817,0.357405,0.541534,0.436908,0.417385,0.385990,0.621637,0.512498,0.304600,0.430299,0.714220,0.403550,0.547577,0.396912,0.569995,0.505220,0.871014,0.735229,0.563092,0.508520,0.769464,0.320420,0.391571,0.240885,0.279551,0.242735,0.344415,0.278680,0.362474,0.003707,0.362245,0.387947,0.619183,0.555455,0.706750,0.585122,0.538748,0.399573,0.013827,0.249806,0.245801,0.320856,0.223517,0.072961,0.496649,0.302639,0.244694,0.447152,0.582019,0.495800
0.872087,0.000000,0.179733,0.020941,-0.023332,0.080680,0.279594,0.192298,-0.057685,0.044945,0.346867,0.382768,0.288802,0.318869,0.096663,0.015292,0.623946,0.572477,0.345526,0.663172,0.057677,-0.086673,-0.151115,-0.200015,-0.176862,-0.232035,-0.074001,-0.020132,0.541815,0.400333,0.060141,-0.050097,0.362248,0.333588,-0.176175,-0.226814,0.245266,-0.011390,0.140973,0.166074,0.466961,0.347763,0.547703,0.472357,0.590883,0.612041,0.660010,0.584685,0.578388,0.668422,0.416563,0.366973,0.339175,0.408510,0.439323,0.539374,0.983200,1.123912,0.692677,0.692431,0.526628,0.207043,0.509580,0.517759,-0.082717,-0.089393,0.138426,0.100761,0.497588,0.134866,0.120000,0.266412,0.521023,0.680643,0.418719,0.707455,0.377774,0.383131,0.062401,0.175017,0.440711,0.427811,0.105563,0.034005,0.131716,0.098481,0.135499,0.251771,0.160592,0.197005
0.529348,0.179733,0.000000,0.862519,0.862044,0.442561,1.574091,0.583992,0.674114,0.296980,0.440144,0.077105,0.432257,0.200525,0.781164,0.534134,-0.039919,-0.200098,0.706157,0.145218,0.508759,0.609494,1.086229,0.861652,0.923841,0.570207,0.812532,0.739549,-0.042365,-0.187989,1.041625,0.959354,0.613892,0.464146,0.859671,0.614017,0.535460,0.357629,0.561718,0.330527,0.007325,0.015553,0.363394,0.291279,0.374932,0.168370,0.435597,0.360943,0.116528,0.117482,0.788711,0.381364,0.362094,0.272879,0.454424,0.281160,0.217922,0.180092,0.112012,0.045345,0.271881,0.167305,-0.197896,-0.310629,0.888614,0.628097,0.808073,0.684427,-0.071201,-0.077755,0.636910,0.505696,0.254344,0.059938,0.428432,0.215940,0.441259,0.399057,-0.050231,0.104079,-0.168378,0.011484,0.197548,-0.016380,0.727644,0.495537,0.160506,0.385027,0.770755,0.589177
0.188234,0.020941,0.862519,0.000000,0.748907,0.712079,0.881248,1.262285,0.628817,0.495490,0.161045,0.396442,0.234687,0.347493,0.577686,0.810291,-0.231128,-0.230696,0.262360,0.285864,0.373444,0.554977,0.745948,1.171722,0.630485,0.588467,0.795616,0.816754,-0.053323,-0.099713,0.863358,1.113296,0.478107,0.644887,0.625998,0.893878,0.339757,0.324140,0.645214,0.536043,-0.006152,0.129135,0.226818,0.182291,0.274845,0.123539,0.296975,0.337677,0.098597,0.085898,0.722003,0.549810,0.497570,0.313122,0.446098,0.368397,0.073878,0.010949,0.130211,0.167613,0.290882,0.520003,-0.113575,-0.129587,1.024592,0.976356,0.895388,1.059827,-0.152682,0.162114,0.475464,0.568813,0.041898,-0.017427,0.225207,0.162279,0.175951,0.356604,0.166246,0.053273,-0.011841,0.089806,0.392085,0.118946,0.750507,0.883688,0.224012,0.493220,0.859390,0.892392
0.265152,-0.023332,0.862044,0.748907,0.000000,0.937771,0.796969,0.542827,1.285099,0.738625,0.284073,0.227556,0.293151,0.377156,0.573782,0.683867,-0.099953,-0.141899,0.364191,0.141791,0.516547,0.582796,0.742264,0.739448,0.864192,0.887313,0.860250,1.103411,0.007339,-0.143453,0.667836,0.725600,0.476389,0.398793,0.730932,0.589738,0.451010,0.302557,0.653730,0.399891,0.061869,0.035521,0.247095,0.137142,0.214386,0.029249,0.329476,0.169041,0.025185,-0.028866,0.612012,0.323920,0.313279,0.133500,0.421213,0.183025,0.052349,-0.015517,0.092856,0.010768,0.291611,0.348241,-0.083415,-0.204538,0.797733,0.760638,0.688024,0.598315,0.036534,0.047286,0.425909,0.359226,0.173972,0.051937,0.326669,0.201253,0.359373,0.392810,-0.065688,0.022257,-0.062656,-0.042268,0.206475,-0.092460,0.448447,0.396049,-0.009636,0.232459,0.753123,0.586179
0.152893,0.080680,0.442561,0.712079,0.937771,0.000000,0.519332,0.723157,0.810202,0.865364,0.037678,0.419117,0.205872,0.465702,0.425388,0.738722,-0.087160,-0.114680,0.096259,0.226865,0.360822,0.287344,0.333482,0.501276,0.447758,0.708763,0.593892,0.918169,0.118067,0.014346,0.444805,0.534297,0.417042,0.522429,0.488634,0.478653,0.397874,0.010839,0.610422,0.354545,0.175952,0.015730,0.266411,0.164978,0.274801,0.162294,0.417858,0.241061,0.140357,0.112668,0.641447,0.447714,0.440536,0.228611,0.524811,0.357978,-0.014478,0.001463,0.255981,0.295522,0.416916,0.536513,0.110702,0.032500,0.654052,0.719579,0.614195,0.708921,-0.072979,0.094158,0.236707,0.376676,0.117785,0.084571,0.152798,0.262099,0.336754,0.475776,0.038476,0.049569,0.063274,0.115480,0.222088,-0.126462,0.387984,0.509056,-0.060780,0.201047,0.666023,0.536560
0.689853,0.279594,1.574091,0.881248,0.796969,0.519332,0.000000,0.835786,0.704613,0.396699,0.478103,0.264442,0.588809,0.353028,0.824185,0.609586,0.055664,-0.119072,0.678829,0.269608,0.399191,0.498268,0.715515,0.683022,0.624219,0.373843,0.691954,0.731609,0.102914,-0.095445,0.792263,0.760088,0.656220,0.571476,0.738693,0.540443,0.574786,0.329599,0.500441,0.273000,0.056710,0.062692,0.403507,0.314184,0.405499,0.243047,0.488219,0.384943,0.145919,0.201037,0.901962,0.444605,0.482679,0.341321,0.554354,0.364083,0.270145,0.234737,0.280996,0.223791,0.469559,0.309551,-0.011638,-0.180274,0.928116,0.682797,0.843536,0.783550,0.009450,0.014704,0.524411,0.510790,0.303868,0.144841,0.469794,0.318665,0.391867,0.364280,-0.013674,0.163802,-0.067451,0.101066,0.212691,-0.005578,0.752462,0.582829,0.138359,0.391809,0.906447,0.714796
0.331387,0.192298,0.583992,1.262285,0.542827,0.723157,0.835786,0.000000,0.520652,0.619380,0.156286,0.686562,0.376719,0.624908,0.497526,0.746576,-0.017230,-0.048844,0.149867,0.408913,0.175361,0.364507,0.322650,0.643370,0.326513,0.311656,0.525028,0.600383,0.177181,0.126281,0.587247,0.747788,0.511544,0.822491,0.408447,0.609342,0.321203,0.314939,0.468781,0.462507,0.053330,0.219501,0.365277,0.305371,0.384447,0.290017,0.442492,0.472805,0.218460,0.284902,0.796183,0.665177,0.667092,0.456381,0.621427,0.533054,0.195242,0.122502,0.385328,0.470791,0.604411,0.832936,0.223262,0.127683,0.815612,0.908602,0.773249,0.982378,-0.041065,0.272634,0.303126,0.501443,0.067073,0.091521,0.259580,0.314253,0.188354,0.363233,0.183806,0.156355,0.178564,0.238903,0.379904,0.226280,0.632727,0.865395,0.249332,0.450209,0.884681,0.963358
0.290518,-0.057685,0.674114,0.628817,1.285099,0.810202,0.704613,0.520652,0.000000,1.092834,0.424303,0.327751,0.453172,0.515367,0.676863,0.689070,-0.088255,-0.186351,0.333967,0.066694,0.421775,0.500077,0.678297,0.751726,0.724921,0.834139,0.668679,0.877013,-0.037456,-0.201167,0.442368,0.564747,0.335147,0.288898,0.729085,0.592619,0.394473,0.277477,0.616510,0.337135,0.038463,0.099743,0.176433,0.079037,0.203604,0.025284,0.257007,0.124358,-0.005069,-0.011624,0.619519,0.390531,0.319750,0.142913,0.373387,0.150489,-0.009629,-0.081771,-0.000606,0.019633,0.347675,0.517553,-0.115245,-0.202145,0.854613,0.952043,0.570620,0.479805,0.026240,0.028822,0.466589,0.404247,0.158215,0.062735,0.332579,0.203025,0.412870,0.460066,-0.079640,0.019701,-0.154773,-0.132793,0.087130,-0.197244,0.464584,0.300369,-0.017798,0.158581,0.789476,0.640886
0.216328,0.044945,0.296980,0.495490,0.738625,0.865364,0.396699,0.619380,1.092834,0.000000,0.251175,0.573543,0.348662,0.709570,0.446658,0.712032,-0.089207,-0.043185,-0.011876,0.097661,0.230592,0.246685,0.320420,0.525738,0.454321,0.621164,0.541742,0.737965,0.020793,-0.070625,0.205750,0.338315,0.128208,0.244374,0.391976,0.448650,0.294086,0.108590,0.472256,0.298548,0.098119,0.123131,0.166160,0.074617,0.217408,0.087359,0.258241,0.172054,0.079778,0.100848,0.598487,0.544709,0.461259,0.239805,0.443286,0.306302,0.051589,0.004770,0.139556,0.267533,0.535107,0.964436,0.057353,0.014653,0.645734,0.947918,0.418106,0.424534,0.011020,0.129906,0.207892,0.294758,0.047398,0.076749,0.160093,0.166375,0.316882,0.465786,0.017098,0.002965,-0.025454,-0.084870,0.052748,-0.225888,0.297111,0.289262,-0.074223,0.132254,0.667692,0.677864
0.821580,0.346867,0.440144,0.161045,0.284073,0.037678,0.478103,0.156286,0.424303,0.251175,0.000000,0.255073,1.023965,0.414035,0.672251,0.241299,0.249637,0.085906,0.706737,0.121643,0.119553,0.093415,0.312741,0.186546,0.178081,0.011464,0.254828,0.217975,0.128984,-0.044309,0.137905,0.070301,0.187899,0.001444,0.208756,0.134164,0.454591,0.245153,0.288203,0.098718,0.248042,0.243985,0.251779,0.180618,0.267233,0.140845,0.255924,0.197463,0.136591,0.152375,0.491109,0.312609,0.328217,0.222109,0.320068,0.185759,0.405786,0.294203,-0.000645,0.000580,0.409008,0.209485,-0.059258,-0.125478,0.379416,0.333280,0.176951,0.043163,0.131559,-0.068970,0.394190,0.227007,0.416964,0.303734,0.457710,0.330837,0.391440,0.241102,0.019451,0.235234,-0.049189,0.079722,0.073166,-0.013478,0.501101,0.142111,0.234206,0.355953,0.509091,0.435350
0.390326,0.382768,0.077105,0.396442,0.227556,0.419117,0.264442,0.686562,0.327751,0.573543,0.255073,0.000000,0.427109,1.237030,0.328560,0.631888,0.341943,0.330447,0.071453,0.561387,0.146633,0.163472,-0.101124,0.182253,-0.055243,0.058044,0.130099,0.271252,0.440790,0.361653,0.175970,0.223230,0.412909,0.572427,-0.017342,0.143445,0.222846,0.191902,0.379200,0.388143,0.309553,0.473329,0.374416,0.321760,0.333514,0.334144,0.328555,0.393529,0.270872,0.304989,0.503973,0.508071,0.606914,0.243374,0.461352,0.460895,0.400273,0.301090,0.505101,0.608463,0.648951,0.935445,0.518490,0.550513,0.284192,0.464685,0.361149,0.456985,0.134260,0.206692,0.245347,0.429059,0.202384,0.385722,0.351788,0.544602,0.297978,0.466311,0.171599,0.116539,0.338488,0.312150,0.398948,0.171171,0.297757,0.515479,0.155280,0.340620,0.521704,0.653955
0.879673,0.288802,0.432257,0.234687,0.293151,0.205872,0.588809,0.376719,0.453172,0.348662,1.023965,0.427109,0.000000,0.725920,0.954692,0.391065,0.318158,0.105875,0.491675,0.123615,0.205514,0.182867,0.207557,0.157839,0.145236,-0.027203,0.238224,0.257756,0.250507,0.060202,0.195059,0.136932,0.349269,0.231474,0.263033,0.214929,0.624227,0.314628,0.332126,0.130815,0.315065,0.340907,0.292939,0.231249,0.254964,0.161080,0.291231,0.244557,0.113893,0.169782,0.715407,0.394345,0.620623,0.316085,0.433198,0.274248,0.356030,0.272723,0.166753,0.144592,0.663570,0.367031,0.217115,0.071842,0.533132,0.449597,0.292680,0.200891,0.074965,-0.036528,0.407820,0.309477,0.385831,0.346212,0.475651,0.396108,0.503424,0.341210,0.100939,0.322948,0.044710,0.276055,0.104138,0.088351,0.552758,0.315146,0.234621,0.298686,0.655196,0.553971
0.521177,0.318869,0.200525,0.347493,0.377156,0.465702,0.353028,0.624908,0.515367,0.709570,0.414035,1.237030,0.725920,0.000000,0.511113,0.672548,0.345965,0.259494,0.116655,0.386063,0.218293,0.253256,0.009886,0.227194,0.076245,0.117728,0.226871,0.326416,0.368246,0.304499,0.210355,0.218385,0.444277,0.519100,0.099078,0.233017,0.431555,0.372768,0.518161,0.502577,0.393411,0.617546,0.394979,0.317153,0.269798,0.246773,0.351791,0.384933,0.150802,0.237642,0.645966,0.517494,0.752200,0.294118,0.545683,0.452691,0.403081,0.311800,0.450480,0.530718,0.765353,0.934908,0.524015,0.465896,0.380741,0.590941,0.410589,0.446429,0.181502,0.125026,0.273900,0.387407,0.216389,0.355745,0.342393,0.490943,0.406838,0.519482,0.130510,0.187189,0.321574,0.335848,0.365678,0.212448,0.365445,0.454815,0.250033,0.303320,0.668340,0.737750
0.599189,0.096663,0.781164,0.577686,0.573782,0.425388,0.824185,0.497526,0.676863,0.446658,0.672251,0.328560,0.954692,0.511113,0.000000,0.875806,0.105564,-0.052225,0.624397,0.190253,0.531928,0.504537,0.687367,0.635170,0.542160,0.330775,0.675865,0.667365,0.142962,0.066865,0.563370,0.510613,0.531018,0.409180,0.714269,0.656004,0.853732,0.375706,0.622822,0.296331,0.262063,0.249791,0.254136,0.187427,0.272537,0.112943,0.303448,0.270774,0.078907,0.060328,0.830842,0.471436,0.696691,0.283949,0.510487,0.283982,0.135657,0.032620,0.131777,0.060373,0.436112,0.326657,-0.003304,-0.082027,0.949939,0.763286,0.684136,0.581017,-0.079148,0.028255,0.495024,0.449931,0.346498,0.215884,0.479839,0.288410,0.594320,0.495864,0.286836,0.290634,0.009076,0.240006,0.282413,0.110000,0.896193,0.644313,0.257411,0.449417,0.884529,0.633851
0.243537,0.015292,0.534134,0.810291,0.683867,0.738722,0.609586,0.746576,0.689070,0.712032,0.241299,0.631888,0.391065,0.672548,0.875806,0.000000,-0.145033,-0.121210,0.133835,0.223478,0.346683,0.415753,0.581408,0.838690,0.533181,0.432504,0.904131,1.037471,0.040268,0.092307,0.550924,0.615829,0.387207,0.471111,0.564810,0.741299,0.531077,0.288581,0.697517,0.370529,0.205576,0.174593,0.115256,0.061046,0.169829,-0.007596,0.144676,0.138262,-0.013174,-0.082851,0.617384,0.385641,0.596956,0.061319,0.402534,0.216770,0.030014,0.013348,0.158729,0.156876,0.344714,0.636671,0.009920,-0.017515,0.948435,1.008049,0.707641,0.790151,-0.091843,0.155569,0.187521,0.300683,0.002224,0.021418,0.128484,0.130051,0.231057,0.361193,0.306999,0.249006,0.114869,0.227767,0.455788,0.142046,0.718554,0.847285,0.176776,0.442272,0.856627,0.725197
0.611239,0.623946,-0.039919,-0.231128,-0.099953,-0.087160,0.055664,-0.017230,-0.088255,-0.089207,0.249637,0.341943,0.318158,0.345965,0.105564,-0.145033,0.000000,1.055833,0.492129,0.602242,0.062584,-0.048479,-0.395694,-0.456518,-0.395513,-0.406141,-0.345349,-0.259987,1.011175,0.747281,-0.043844,-0.191147,0.505106,0.379811,-0.313738,-0.409302,0.335834,0.193871,0.151772,0.256023,0.600726,0.513450,0.696222,0.594128,0.391447,0.584982,0.575504,0.561598,0.441338,0.566574,0.129419,0.091643,0.244662,0.289837,0.365300,0.370457,0.722880,0.511074,0.708473,0.525288,0.515532,0.138990,1.000324,0.756227,-0.297140,-0.266633,-0.009450,-0.028070,0.456542,-0.007775,0.167048,0.334452,0.733465,0.751901,0.509884,0.645047,0.546260,0.407610,0.249227,0.396962,0.761499,0.569622,0.263925,0.109141,0.081652,0.069487,0.146687,0.304337,0.057252,0.054394
0.303251,0.572477,-0.200098,-0.230696,-0.141899,-0.114680,-0.119072,-0.048844,-0.186351,-0.043185,0.085906,0.330447,0.105875,0.259494,-0.052225,-0.121210,1.055833,0.000000,0.125007,0.564726,0.005449,-0.116742,-0.433808,-0.452964,-0.341778,-0.364411,-0.306940,-0.248241,1.020240,1.033833,-0.089581,-0.226632,0.358032,0.342774,-0.269561,-0.250371,0.134945,0.188711,0.038201,0.232281,0.563711,0.515937,0.607969,0.566292,0.462777,0.600230,0.430683,0.467841,0.577064,0.589016,0.113988,0.166703,0.233769,0.239551,0.378059,0.392359,0.721976,0.525526,0.631111,0.423267,0.469848,0.206802,0.886426,0.868535,-0.268617,-0.271641,-0.013038,-0.070226,0.375425,0.140362,-0.029049,0.105986,0.484409,0.734659,0.319168,0.522199,0.345958,0.352269,0.358900,0.416755,0.747407,0.616300,0.193562,0.102431,-0.058884,0.060124,0.078418,0.276504,-0.027122,0.057842
0.736809,0.345526,0.706157,0.262360,0.364191,0.096259,0.678829,0.149867,0.333967,-0.011876,0.706737,0.071453,0.491675,0.116655,0.624397,0.133835,0.492129,0.125007,0.000000,0.463890,0.377462,0.361982,0.403245,0.200080,0.198425,0.089067,0.192645,0.240685,0.269234,0.070585,0.396068,0.284260,0.637416,0.331367,0.335343,0.144167,0.545065,0.281580,0.384007,0.232069,0.259043,0.199500,0.479338,0.401538,0.348250,0.343484,0.514947,0.441668,0.265122,0.291979,0.381941,0.170967,0.202257,0.316706,0.360891,0.286958,0.357877,0.180167,0.247487,0.093289,0.199826,-0.115579,0.022916,-0.124549,0.238262,0.151103,0.359659,0.281657,0.236460,-0.018374,0.574705,0.557212,0.726837,0.431464,0.680154,0.462603,0.565119,0.368631,0.047480,0.240573,0.112617,0.184091,0.248057,-0.025580,0.591729,0.240959,0.173710,0.427561,0.391132,0.294534
0.409922,0.663172,0.145218,0.285864,0.141791,0.226865,0.269608,0.408913,0.066694,0.097661,0.121643,0.561387,0.123615,0.386063,0.190253,0.223478,0.602242,0.564726,0.463890,0.000000,0.210944,0.235497,-0.087989,-0.021145,-0.163111,-0.094126,0.001006,0.121887,0.719143,0.708242,0.171816,0.122013,0.772756,0.777281,0.002134,0.101080,0.298676,0.249576,0.304949,0.409788,0.477205,0.483805,0.605437,0.555379,0.478388,0.616520,0.533188,0.598817,0.469353,0.490278,0.322332,0.282121,0.347143,0.379728,0.458867,0.511506,0.417430,0.314600,0.835526,0.588280,0.371431,0.221790,0.577928,0.604598,0.045290,0.056306,0.444722,0.411193,0.744575,0.494903,0.220168,0.501503,0.609931,0.793264,0.462918,0.672231,0.318509,0.427284,0.309129,0.244907,0.832007,0.596767,0.515700,0.277051,0.357793,0.411701,0.230385,0.373130,0.257486,0.342686
0.130656,0.057677,0.508759,0.373444,0.516547,0.360822,0.399191,0.175361,0.421775,0.230592,0.119553,0.146633,0.205514,0.218293,0.531928,0.346683,0.062584,0.005449,0.377462,0.210944,0.000000,1.005029,0.499490,0.425885,0.542294,0.555511,0.259269,0.470983,0.196551,-0.000806,0.646714,0.523899,0.514491,0.381960,0.496163,0.360145,0.477909,0.275154,0.486318,0.363141,0.189279,0.236960,0.167583,0.093420,0.139259,0.006385,0.202039,0.209721,0.034706,-0.009150,0.394651,0.206622,0.279955,0.151420,0.270651,0.194320,0.088878,0.118970,0.101800,0.045544,0.103248,0.044863,-0.047083,-0.004850,0.320135,0.292422,0.427033,0.333968,-0.038175,-0.078441,0.653103,0.606572,0.462514,0.299983,0.495296,0.338488,0.680907,0.639714,0.063959,-0.095797,-0.094288,-0.059441,-0.019051,-0.167244,0.164774,0.169021,-0.104510,-0.032771,0.277810,0.248420
0.086263,-0.086673,0.609494,0.554977,0.582796,0.287344,0.498268,0.364507,0.500077,0.246685,0.093415,0.163472,0.182867,0.253256,0.504537,0.415753,-0.048479,-0.116742,0.361982,0.235497,1.005029,0.000000,0.586621,0.574082,0.652818,0.543970,0.414993,0.596457,0.027923,-0.044938,0.643074,0.660356,0.444058,0.373365,0.508128,0.510899,0.361930,0.558075,0.408474,0.398659,0.070711,0.274662,0.170965,0.150947,0.119636,-0.007300,0.154139,0.233852,-0.059563,-0.057595,0.409023,0.182354,0.284929,0.121930,0.229446,0.114771,0.040080,-0.037156,0.010206,-0.049628,0.071015,0.125040,-0.104673,-0.099478,0.422063,0.451226,0.469354,0.427340,0.015586,0.071033,0.767941,0.763037,0.386175,0.227038,0.590294,0.351357,0.441860,0.508319,-0.010520,-0.054795,-0.039169,-0.043780,0.068039,0.144590,0.338677,0.262122,0.097764,0.001027,0.366489,0.373269
0.103330,-0.151115,1.086229,0.745948,0.742264,0.333482,0.715515,0.322650,0.678297,0.320420,0.312741,-0.101124,0.207557,0.009886,0.687367,0.581408,-0.395694,-0.433808,0.403245,-0.087989,0.499490,0.586621,0.000000,1.304995,1.300772,0.793057,0.975433,0.771767,-0.327001,-0.340780,0.912854,0.933975,0.299916,0.202191,0.974766,0.799922,0.359862,0.212086,0.552522,0.243324,-0.081126,-0.112489,0.021948,-0.016895,0.118802,-0.149769,0.064890,0.037754,-0.084042,-0.207351,0.393254,0.221004,0.104920,-0.015920,0.098978,-0.040248,-0.126620,-0.146425,-0.251196,-0.306592,-0.069845,0.075392,-0.563440,-0.527125,0.872723,0.692682,0.594034,0.444751,-0.205990,-0.037904,0.544012,0.328651,-0.001884,-0.185118,0.111134,-0.112592,0.280443,0.284868,0.046048,-0.037260,-0.307293,-0.153866,0.157462,-0.049927,0.652777,0.368425,0.151548,0.278693,0.464418,0.350627
0.034913,-0.200015,0.861652,1.171722,0.739448,0.501276,0.683022,0.643370,0.751726,0.525738,0.186546,0.182253,0.157839,0.227194,0.635170,0.838690,-0.456518,-0.452964,0.200080,-0.021145,0.425885,0.574082,1.304995,0.000000,1.017926,0.881309,1.027470,0.862761,-0.335542,-0.287986,0.841158,1.148937,0.280702,0.343083,0.831965,0.974055,0.291398,0.305413,0.625357,0.446868,-0.127768,0.025307,-0.012153,-0.026696,0.103321,-0.127575,0.062853,0.085307,-0.129972,-0.165212,0.508588,0.385121,0.249694,0.050544,0.193717,0.092752,-0.125445,-0.137990,-0.177356,-0.127126,0.054590,0.367128,-0.413417,-0.338445,1.084062,1.074581,0.792285,0.765112,-0.263145,0.095230,0.463720,0.405279,-0.122258,-0.228762,0.098604,-0.066990,0.198772,0.347265,0.080470,-0.051049,-0.257449,-0.107360,0.280795,0.039965,0.699400,0.638868,0.192821,0.361312,0.652515,0.633300
0.002160,-0.176862,0.923841,0.630485,0.864192,0.447758,0.624219,0.326513,0.724921,0.454321,0.178081,-0.055243,0.145236,0.076245,0.542160,0.533181,-0.395513,-0.341778,0.198425,-0.163111,0.542294,0.652818,1.300772,1.017926,0.000000,1.099986,0.996342,0.858545,-0.280994,-0.279723,0.862628,0.881561,0.225280,0.192254,0.974072,0.778650,0.272635,0.264951,0.442805,0.212029,-0.171497,-0.154215,0.000274,-0.022682,0.146771,-0.131981,0.066490,0.016735,-0.088525,-0.186978,0.432818,0.230383,0.134995,-0.022187,0.116809,-0.040941,-0.143687,-0.125719,-0.240620,-0.266889,-0.016443,0.150522,-0.441554,-0.434738,0.792493,0.704280,0.555312,0.437985,-0.225108,-0.035937,0.423542,0.230255,-0.047298,-0.190358,0.106049,-0.045895,0.200838,0.274589,-0.026912,-0.041954,-0.316915,-0.189194,0.045541,-0.076628,0.403879,0.261697,0.058315,0.084507,0.426472,0.297875
-0.131998,-0.232035,0.570207,0.588467,0.887313,0.708763,0.373843,0.311656,0.834139,0.621164,0.011464,0.058044,-0.027203,0.117728,0.330775,0.432504,-0.406141,-0.364411,0.089067,-0.094126,0.555511,0.543970,0.793057,0.881309,1.099986,0.000000,0.669737,0.756657,-0.245068,-0.293241,0.649391,0.812380,0.221661,0.243392,0.739057,0.610950,0.142891,0.127896,0.449203,0.299063,-0.177957,-0.102304,-0.014370,-0.061434,0.131022,-0.095683,0.097210,-0.011010,-0.069623,-0.146119,0.344180,0.231217,0.053336,-0.045212,0.094971,-0.008691,-0.250721,-0.229751,-0.196706,-0.170608,0.011438,0.248548,-0.360216,-0.293716,0.640591,0.685375,0.532016,0.443255,-0.194332,0.039676,0.424609,0.339234,-0.060765,-0.155895,0.146393,-0.004969,0.280550,0.416871,-0.112914,-0.198174,-0.351829,-0.312556,0.044044,-0.225403,0.219954,0.166804,-0.125475,-0.034628,0.360789,0.271979
0.177378,-0.074001,0.812532,0.795616,0.860250,0.593892,0.691954,0.525028,0.668679,0.541742,0.254828,0.130099,0.238224,0.226871,0.675865,0.904131,-0.345349,-0.306940,0.192645,0.001006,0.259269,0.414993,0.975433,1.027470,0.996342,0.669737,0.000000,1.329618,-0.213580,-0.134555,0.732605,0.799931,0.274969,0.260895,0.751011,0.803425,0.505809,0.255017,0.640727,0.290654,0.062845,-0.051352,-0.001649,-0.038972,0.117107,-0.138391,0.070906,0.011533,-0.143169,-0.206250,0.570743,0.320878,0.403653,-0.024072,0.238924,0.041064,-0.027340,-0.026965,-0.069472,-0.105393,0.139590,0.340767,-0.293943,-0.316942,1.042340,0.920019,0.761613,0.688938,-0.072772,0.163965,0.204679,0.136926,-0.025007,-0.098967,0.093801,-0.030968,0.105525,0.197088,0.230260,0.225960,-0.023868,0.142279,0.356815,0.101168,0.782930,0.649451,0.183203,0.364627,0.742643,0.526257
0.194458,-0.020132,0.739549,0.816754,1.103411,0.918169,0.731609,0.600383,0.877013,0.737965,0.217975,0.271252,0.257756,0.326416,0.667365,1.037471,-0.259987,-0.248241,0.240685,0.121887,0.470983,0.596457,0.771767,0.862761,0.858545,0.756657,1.329618,0.000000,-0.060951,-0.129069,0.669453,0.757271,0.342807,0.348972,0.739737,0.714224,0.545041,0.232233,0.612042,0.243035,0.181201,0.024983,0.030208,-0.033965,0.134517,-0.088511,0.138633,0.045115,-0.113454,-0.151905,0.567412,0.282813,0.368243,0.002022,0.293582,0.085424,0.008262,0.010109,0.053237,0.017129,0.228809,0.381585,-0.187423,-0.267221,0.908894,0.953246,0.678676,0.696430,-0.027300,0.133677,0.270312,0.324266,0.170937,0.094677,0.267149,0.161304,0.235307,0.346747,0.108427,0.130794,-0.037317,0.041664,0.194581,-0.097879,0.575880,0.519760,-0.076980,0.188768,0.734532,0.558308
0.369631,0.541815,-0.042365,-0.053323,0.007339,0.118067,0.102914,0.177181,-0.037456,0.020793,0.128984,0.440790,0.250507,0.368246,0.142962,0.040268,1.011175,1.020240,0.269234,0.719143,0.196551,0.027923,-0.327001,-0.335542,-0.280994,-0.245068,-0.213580,-0.060951,0.000000,0.994048,0.110368,-0.064798,0.581244,0.615398,-0.083190,-0.132512,0.389495,0.190049,0.133691,0.194250,0.653790,0.527353,0.588448,0.495618,0.433147,0.589867,0.473330,0.435553,0.465264,0.544738,0.216133,0.170576,0.286002,0.235842,0.433979,0.394061,0.495245,0.404610,0.857922,0.556975,0.648919,0.260105,1.044718,0.844148,-0.075889,-0.099644,0.184414,0.156460,0.341611,0.162566,0.147172,0.326920,0.687502,0.834929,0.406405,0.621770,0.510857,0.478608,0.471233,0.441057,0.781171,0.572119,0.225547,0.017741,0.042714,0.175936,-0.008272,0.198718,0.113668,0.137444
0.156826,0.400333,-0.187989,-0.099713,-0.143453,0.014346,-0.095445,0.126281,-0.201167,-0.070625,-0.044309,0.361653,0.060202,0.304499,0.066865,0.092307,0.747281,1.033833,0.070585,0.708242,-0.000806,-0.044938,-0.340780,-0.287986,-0.279723,-0.293241,-0.134555,-0.129069,0.994048,0.000000,0.046898,-0.037172,0.486702,0.585344,-0.151890,-0.068113,0.194999,0.314090,0.146554,0.371920,0.529914,0.566389,0.519075,0.519988,0.452398,0.566325,0.443593,0.474913,0.507156,0.501743,0.145647,0.199684,0.263082,0.258420,0.450845,0.437541,0.344219,0.265837,0.640842,0.452442,0.333510,0.199970,0.843343,0.909303,-0.152162,-0.133000,0.174296,0.140100,0.406191,0.318770,-0.107901,0.102606,0.348400,0.608651,0.205225,0.458629,0.268388,0.326838,0.509740,0.625254,1.092712,0.981419,0.522126,0.479243,0.178867,0.298367,0.324928,0.377511,0.042013,0.091452
0.167849,0.060141,1.041625,0.863358,0.667836,0.444805,0.792263,0.587247,0.442368,0.205750,0.137905,0.175970,0.195059,0.210355,0.563370,0.550924,-0.043844,-0.089581,0.396068,0.171816,0.646714,0.643074,0.912854,0.841158,0.862628,0.649391,0.732605,0.669453,0.110368,0.046898,0.000000,1.577327,0.757214,0.735415,0.766611,0.647585,0.449662,0.318162,0.679323,0.480176,0.053325,0.045788,0.325519,0.253409,0.342356,0.142600,0.327886,0.301489,0.122425,0.063881,0.530486,0.326488,0.302132,0.153231,0.349101,0.223276,0.150571,0.102170,0.131170,0.057391,0.174034,0.237184,-0.092809,-0.107223,0.704837,0.581965,0.796808,0.731546,-0.181982,-0.043435,0.548197,0.498077,0.125222,0.005615,0.226346,0.135453,0.431816,0.449765,0.216811,0.194539,-0.010552,0.130405,0.350261,0.044994,0.559540,0.552320,0.128434,0.331979,0.518502,0.417364
0.095733,-0.050097,0.959354,1.113296,0.725600,0.534297,0.760088,0.747788,0.564747,0.338315,0.070301,0.223230,0.136932,0.218385,0.510613,0.615829,-0.191147,-0.226632,0.284260,0.122013,0.523899,0.660356,0.933975,1.148937,0.881561,0.812380,0.799931,0.757271,-0.064798,-0.037172,1.577327,0.000000,0.627041,0.713697,0.729463,0.725816,0.316418,0.349331,0.664460,0.534567,-0.047183,0.059256,0.214560,0.176772,0.293589,0.085247,0.285795,0.275679,0.056165,0.016757,0.537186,0.373811,0.255588,0.152139,0.323991,0.226541,0.055783,0.005677,0.019616,0.024657,0.134261,0.341188,-0.186398,-0.162015,0.827668,0.789115,0.838657,0.814951,-0.197827,0.057976,0.540385,0.530975,0.029487,-0.066052,0.242619,0.121277,0.340924,0.437445,0.098768,0.120837,-0.079119,0.064174,0.355472,0.102165,0.615776,0.609866,0.160601,0.318778,0.586009,0.535204
0.499004,0.362248,0.613892,0.478107,0.476389,0.417042,0.656220,0.511544,0.335147,0.128208,0.187899,0.412909,0.349269,0.444277,0.531018,0.387207,0.505106,0.358032,0.637416,0.772756,0.514491,0.444058,0.299916,0.280702,0.225280,0.221661,0.274969,0.342807,0.581244,0.486702,0.757214,0.627041,0.000000,1.456147,0.463731,0.381750,0.548532,0.333735,0.616338,0.545304,0.424737,0.376160,0.665466,0.555505,0.549090,0.499605,0.610668,0.568737,0.374954,0.372146,0.580755,0.349856,0.429375,0.277391,0.611473,0.505209,0.379213,0.241702,0.714951,0.450206,0.472474,0.267369,0.448816,0.397491,0.433848,0.352811,0.901374,0.763927,0.281564,0.170871,0.481252,0.578373,0.505560,0.482728,0.550628,0.523089,0.671500,0.676641,0.250822,0.281064,0.445332,0.536662,0.545356,0.251951,0.588143,0.640839,0.286604,0.444003,0.531622,0.472473
0.332283,0.333588,0.464146,0.644887,0.398793,0.522429,0.571476,0.822491,0.288898,0.244374,0.001444,0.572427,0.231474,0.519100,0.409180,0.471111,0.379811,0.342774,0.331367,0.777281,0.381960,0.373365,0.202191,0.343083,0.192254,0.243392,0.260895,0.348972,0.615398,0.585344,0.735415,0.713697,1.456147,0.000000,0.401066,0.469018,0.395345,0.335558,0.547972,0.612903,0.334170,0.422218,0.642264,0.568651,0.604474,0.585599,0.651532,0.645334,0.433491,0.487974,0.608767,0.502700,0.480418,0.375379,0.675205,0.632806,0.314985,0.203987,0.806274,0.638996,0.550496,0.499858,0.544358,0.519260,0.471453,0.492028,0.960239,1.004596,0.167711,0.284830,0.349376,0.585148,0.308022,0.390114,0.385528,0.493438,0.525378,0.688078,0.291669,0.236475,0.495666,0.512751,0.576674,0.294605,0.520645,0.777407,0.284710,0.446623,0.518172,0.575416
0.037932,-0.176175,0.859671,0.625998,0.730932,0.488634,0.738693,0.408447,0.729085,0.391976,0.208756,-0.017342,0.263033,0.099078,0.714269,0.564810,-0.313738,-0.269561,0.335343,0.002134,0.496163,0.508128,0.974766,0.831965,0.974072,0.739057,0.751011,0.739737,-0.083190,-0.151890,0.766611,0.729463,0.463731,0.401066,0.000000,1.204605,0.377718,0.246021,0.421370,0.135554,-0.118825,-0.069021,0.079169,0.044694,0.277246,0.048830,0.123018,0.054269,0.049224,-0.019871,0.554702,0.345022,0.293303,0.109492,0.301827,0.092877,-0.183788,-0.234150,-0.036306,-0.163717,0.091753,0.123716,-0.338075,-0.372456,1.035188,0.780054,0.815960,0.641721,-0.199323,0.051569,0.288199,0.185935,0.007409,-0.078508,0.154069,0.004686,0.309437,0.334990,0.124928,0.066641,-0.285686,-0.078948,0.046129,-0.120885,0.524238,0.417161,0.029148,0.121087,0.612860,0.458026
-0.038913,-0.226814,0.614017,0.893878,0.589738,0.478653,0.540443,0.609342,0.592619,0.448650,0.134164,0.143445,0.214929,0.233017,0.656004,0.741299,-0.409302,-0.250371,0.144167,0.101080,0.360145,0.510899,0.799922,0.974055,0.778650,0.610950,0.803425,0.714224,-0.132512,-0.068113,0.647585,0.725816,0.381750,0.469018,1.204605,0.000000,0.286440,0.342175,0.513779,0.294824,-0.093976,0.052474,0.011096,0.015424,0.166938,-0.015177,0.022921,0.070264,-0.020480,-0.074069,0.562336,0.423535,0.441631,0.126014,0.316131,0.169424,-0.191929,-0.272193,-0.011580,-0.085942,0.117967,0.322537,-0.266711,-0.227532,1.121212,1.014259,0.915795,0.864074,-0.163229,0.222636,0.255638,0.215107,-0.090023,-0.085123,0.057695,-0.037624,0.131972,0.298197,0.298898,0.100202,-0.115462,0.034227,0.214276,0.110990,0.617994,0.692672,0.234969,0.243297,0.697081,0.651278
0.594284,0.245266,0.535460,0.339757,0.451010,0.397874,0.574786,0.321203,0.394473,0.294086,0.454591,0.222846,0.624227,0.431555,0.853732,0.531077,0.335834,0.134945,0.545065,0.298676,0.477909,0.361930,0.359862,0.291398,0.272635,0.142891,0.505809,0.545041,0.389495,0.194999,0.449662,0.316418,0.548532,0.395345,0.377718,0.286440,0.000000,0.398101,0.796036,0.421674,0.699185,0.424811,0.272194,0.170188,0.141060,0.096718,0.304601,0.260991,0.017945,0.064422,0.553302,0.277513,0.650106,0.256405,0.453277,0.289635,0.288626,0.228800,0.364681,0.250258,0.428823,0.253067,0.213326,0.105501,0.469916,0.437585,0.539546,0.480972,0.139214,-0.026882,0.356536,0.385210,0.555586,0.415661,0.389827,0.314611,0.576684,0.457111,0.412367,0.376299,0.315140,0.403798,0.368009,-0.031081,0.678616,0.530825,0.121197,0.372661,0.627884,0.454471
0.248215,-0.011390,0.357629,0.324140,0.302557,0.010839,0.329599,0.314939,0.277477,0.108590,0.245153,0.191902,0.314628,0.372768,0.375706,0.288581,0.193871,0.188711,0.281580,0.249576,0.275154,0.558075,0.212086,0.305413,0.264951,0.127896,0.255017,0.232233,0.190049,0.314090,0.318162,0.349331,0.333735,0.335558,0.246021,0.342175,0.398101,0.000000,0.393569,0.738234,0.138566,0.639183,0.185602,0.201125,0.102197,0.040007,0.155599,0.244071,-0.036062,0.066270,0.387799,0.174490,0.349255,0.207742,0.379295,0.264486,0.225229,0.144041,0.163431,0.065067,0.243601,0.217609,0.165005,0.132713,0.303377,0.335341,0.450761,0.370952,0.193699,0.217176,0.252303,0.275037,0.229009,0.255212,0.409859,0.265248,0.169108,0.238662,0.135796,0.299324,0.224418,0.260842,0.385815,0.395071,0.378778,0.371101,0.337131,0.364577,0.499208,0.584292
0.366173,0.140973,0.561718,0.645214,0.653730,0.610422,0.500441,0.468781,0.616510,0.472256,0.288203,0.379200,0.332126,0.518161,0.622822,0.697517,0.151772,0.038201,0.384007,0.304949,0.486318,0.408474,0.552522,0.625357,0.442805,0.449203,0.640727,0.612042,0.133691,0.146554,0.679323,0.664460,0.616338,0.547972,0.421370,0.513779,0.796036,0.393569,0.000000,0.891203,0.412188,0.301025,0.337278,0.276898,0.220272,0.086403,0.365431,0.365608,0.069257,0.052153,0.571346,0.389994,0.503413,0.202607,0.479110,0.390306,0.186563,0.129247,0.281320,0.237002,0.284564,0.448322,0.088003,0.105178,0.562966,0.677373,0.777250,0.711548,0.132294,0.009580,0.477227,0.529811,0.257300,0.185873,0.218843,0.186109,0.518862,0.552484,0.321616,0.281296,0.266178,0.319556,0.738799,0.096858,0.757533,0.690334,0.390226,0.580218,0.696146,0.590702
0.248097,0.166074,0.330527,0.536043,0.399891,0.354545,0.273000,0.462507,0.337135,0.298548,0.098718,0.388143,0.130815,0.502577,0.296331,0.370529,0.256023,0.232281,0.232069,0.409788,0.363141,0.398659,0.243324,0.446868,0.212029,0.299063,0.290654,0.243035,0.194250,0.371920,0.480176,0.534567,0.545304,0.612903,0.135554,0.294824,0.421674,0.738234,0.891203,0.000000,0.275741,0.603002,0.461658,0.413926,0.307847,0.258325,0.521426,0.601626,0.221410,0.293422,0.514752,0.486469,0.470819,0.432884,0.680641,0.677084,0.307481,0.215594,0.376822,0.380902,0.301212,0.435584,0.281795,0.350966,0.292387,0.420696,0.642196,0.626045,0.139230,0.156673,0.360349,0.506777,0.175345,0.202190,0.288999,0.268491,0.383539,0.501274,0.171540,0.127460,0.377557,0.356995,0.783244,0.385210,0.512672,0.636497,0.542002,0.731694,0.528840,0.663460
0.449817,0.466961,0.007325,-0.006152,0.061869,0.175952,0.056710,0.053330,0.038463,0.098119,0.248042,0.309553,0.315065,0.393411,0.262063,0.205576,0.600726,0.563711,0.259043,0.477205,0.189279,0.070711,-0.081126,-0.127768,-0.171497,-0.177957,0.062845,0.181201,0.653790,0.529914,0.053325,-0.047183,0.424737,0.334170,-0.118825,-0.093976,0.699185,0.138566,0.412188,0.275741,0.000000,0.762847,0.301400,0.260809,0.203780,0.247883,0.274105,0.274008,0.195199,0.212731,0.222781,0.178115,0.331764,0.121032,0.273276,0.246070,0.486844,0.372628,0.478133,0.345690,0.362086,0.176732,0.485175,0.442591,-0.050319,0.043123,0.115877,0.112656,0.324572,0.001321,0.175664,0.298394,0.796603,0.875855,0.405094,0.535870,0.483687,0.510216,0.385765,0.369972,0.655196,0.581022,0.337273,0.091006,0.286642,0.266138,0.093358,0.243838,0.137702,0.129505
0.357405,0.347763,0.015553,0.129135,0.035521,0.015730,0.062692,0.219501,0.099743,0.123131,0.243985,0.473329,0.340907,0.617546,0.249791,0.174593,0.513450,0.515937,0.199500,0.483805,0.236960,0.274662,-0.112489,0.025307,-0.154215,-0.102304,-0.051352,0.024983,0.527353,0.566389,0.045788,0.059256,0.376160,0.422218,-0.069021,0.052474,0.424811,0.639183,0.301025,0.603002,0.762847,0.000000,0.354333,0.349942,0.288291,0.323396,0.343166,0.484883,0.255100,0.373129,0.346600,0.412025,0.485030,0.395987,0.444423,0.475222,0.544837,0.370481,0.413568,0.382298,0.354338,0.308551,0.457479,0.546765,0.010564,0.170555,0.227347,0.199366,0.293441,0.214572,0.190730,0.330754,0.490973,0.720402,0.528441,0.637444,0.414544,0.545608,0.247319,0.174919,0.527728,0.443386,0.340060,0.319470,0.255889,0.279709,0.301616,0.304184,0.265765,0.449870
0.541534,0.547703,0.363394,0.226818,0.247095,0.266411,0.403507,0.365277,0.176433,0.166160,0.251779,0.374416,0.292939,0.394979,0.254136,0.115256,0.696222,0.607969,0.479338,0.605437,0.167583,0.170965,0.021948,-0.012153,0.000274,-0.014370,-0.001649,0.030208,0.588448,0.519075,0.325519,0.214560,0.665466,0.642264,0.079169,0.011096,0.272194,0.185602,0.337278,0.461658,0.301400,0.354333,0.000000,1.784680,1.107757,1.243540,1.387018,1.368626,1.041800,1.079248,0.610177,0.623619,0.417681,0.745547,0.816291,0.825545,0.638008,0.396039,0.708400,0.628821,0.571963,0.328844,0.509545,0.440123,0.103882,0.098319,0.384955,0.333151,0.193571,0.051338,0.309865,0.517694,0.396546,0.439207,0.457121,0.657243,0.673548,0.578377,0.020470,0.237494,0.454328,0.389879,0.413093,0.178989,0.341906,0.260002,0.313727,0.480674,0.260806,0.321477
0.436908,0.472357,0.291279,0.182291,0.137142,0.164978,0.314184,0.305371,0.079037,0.074617,0.180618,0.321760,0.231249,0.317153,0.187427,0.061046,0.594128,0.566292,0.401538,0.555379,0.093420,0.150947,-0.016895,-0.026696,-0.022682,-0.061434,-0.038972,-0.033965,0.495618,0.519988,0.253409,0.176772,0.555505,0.568651,0.044694,0.015424,0.170188,0.201125,0.276898,0.413926,0.260809,0.349942,1.784680,0.000000,1.088143,1.256220,1.135242,1.348101,0.999291,1.083190,0.549968,0.602944,0.326599,0.694760,0.696565,0.799194,0.583052,0.350041,0.596098,0.540399,0.434962,0.243611,0.444145,0.408832,0.042083,0.059640,0.338364,0.306661,0.158793,0.069463,0.283829,0.478331,0.352415,0.434547,0.431039,0.650991,0.557364,0.498213,-0.028585,0.262181,0.412659,0.391440,0.423450,0.275995,0.317476,0.249416,0.413602,0.475632,0.152982,0.261128
0.417385,0.590883,0.374932,0.274845,0.214386,0.274801,0.405499,0.384447,0.203604,0.217408,0.267233,0.333514,0.254964,0.269798,0.272537,0.169829,0.391447,0.462777,0.348250,0.478388,0.139259,0.119636,0.118802,0.103321,0.146771,0.131022,0.117107,0.134517,0.433147,0.452398,0.342356,0.293589,0.549090,0.604474,0.277246,0.166938,0.141060,0.102197,0.220272,0.307847,0.203780,0.288291,1.107757,1.088143,0.000000,1.522664,1.170526,1.066728,1.414838,1.306566,0.710314,0.839784,0.368114,0.690883,0.775230,0.789560,0.502939,0.343507,0.464352,0.514683,0.436299,0.315146,0.242380,0.269508,0.252490,0.244196,0.418438,0.367575,0.068166,0.103120,0.194342,0.382763,0.276694,0.431515,0.455134,0.710563,0.550259,0.555037,-0.011284,0.180752,0.245793,0.294351,0.287898,0.187172,0.384865,0.247314,0.312223,0.417466,0.271961,0.341065
0.385990,0.612041,0.168370,0.123539,0.029249,0.162294,0.243047,0.290017,0.025284,0.087359,0.140845,0.334144,0.161080,0.246773,0.112943,-0.007596,0.584982,0.600230,0.343484,0.616520,0.006385,-0.007300,-0.149769,-0.127575,-0.131981,-0.095683,-0.138391,-0.088511,0.589867,0.566325,0.142600,0.085247,0.499605,0.585599,0.048830,-0.015177,0.096718,0.040007,0.086403,0.258325,0.247883,0.323396,1.243540,1.256220,1.522664,0.000000,1.217329,1.167488,1.456938,1.731310,0.507505,0.690010,0.301833,0.813253,0.716835,0.859585,0.514261,0.310238,0.629870,0.686171,0.434766,0.241559,0.436560,0.432356,0.012013,0.036837,0.259728,0.287945,0.120422,0.051902,0.120120,0.382431,0.345141,0.508399,0.407602,0.760375,0.467663,0.458222,-0.013308,0.175394,0.383435,0.342706,0.268453,0.161915,0.230825,0.166934,0.239415,0.354433,0.116151,0.230060
0.621637,0.660010,0.435597,0.296975,0.329476,0.417858,0.488219,0.442492,0.257007,0.258241,0.255924,0.328555,0.291231,0.351791,0.303448,0.144676,0.575504,0.430683,0.514947,0.533188,0.202039,0.154139,0.064890,0.062853,0.066490,0.097210,0.070906,0.138633,0.473330,0.443593,0.327886,0.285795,0.610668,0.651532,0.123018,0.022921,0.304601,0.155599,0.365431,0.521426,0.274105,0.343166,1.387018,1.135242,1.170526,1.217329,0.000000,1.478190,1.061324,1.256413,0.743837,0.781900,0.454007,0.985559,1.054098,1.085173,0.592666,0.422720,0.684466,0.738739,0.572029,0.325747,0.428049,0.356141,0.155716,0.195236,0.417428,0.422885,0.146340,0.014478,0.264791,0.513583,0.413972,0.427650,0.513700,0.722238,0.706743,0.650084,-0.078547,0.144647,0.355484,0.326863,0.351790,0.144613,0.380484,0.279998,0.307960,0.502622,0.345362,0.410665
0.512498,0.584685,0.360943,0.337677,0.169041,0.241061,0.384943,0.472805,0.124358,0.172054,0.197463,0.393529,0.244557,0.384933,0.270774,0.138262,0.561598,0.467841,0.441668,0.598817,0.209721,0.233852,0.037754,0.085307,0.016735,-0.011010,0.011533,0.045115,0.435553,0.474913,0.301489,0.275679,0.568737,0.645334,0.054269,0.070264,0.260991,0.244071,0.365608,0.601626,0.274008,0.484883,1.368626,1.348101,1.066728,1.167488,1.478190,0.000000,1.041861,1.268711,0.659935,0.850546,0.483812,1.067486,0.946495,1.231199,0.633287,0.425283,0.665853,0.757217,0.490191,0.346577,0.429849,0.421167,0.092614,0.174732,0.390459,0.420947,0.137955,0.086508,0.305819,0.566073,0.378751,0.438750,0.530654,0.740907,0.595090,0.591839,-0.027550,0.138261,0.408540,0.361290,0.432441,0.277641,0.378457,0.319683,0.463329,0.540123,0.286598,0.433428
