0.000000,1.098405,0.325549,0.432328,0.232038,0.116776,0.472339,0.602769,0.229583,0.193637,0.666724,0.765108,0.568975,0.609638,0.427376,0.392926,0.551488,0.634601,0.979525,0.894656,0.297181,0.350958,0.330106,0.237955,0.035260,-0.215201,0.189380,-0.063278,0.463651,0.483901,0.335367,0.452977,0.411572,0.402925,0.008005,-0.204212,0.389864,0.376746,0.536161,0.645296,0.194544,0.614375,0.557826,0.549956,0.325337,0.415125,0.656456,0.723601,0.384170,0.413730,0.580985,0.518150,0.563280,0.397392,0.744254,0.627036,0.954325,0.914206,0.804110,0.731980,0.626473,0.530716,0.642683,0.667849,0.196791,0.254729,0.673173,0.413149,0.728128,0.735055,0.166240,0.378550,0.318515,0.329549,0.060173,0.211884,0.139561,0.121892,0.436153,0.385796,0.725953,0.578999,0.638401,0.699484,0.629681,0.532025,0.538999,0.400705,0.640260,0.875096
1.098405,0.000000,0.168367,0.248183,0.209683,0.067569,0.283185,0.380791,0.190268,0.194970,0.258957,0.596729,0.320433,0.508832,0.326196,0.233544,0.654733,1.053420,0.875817,1.043996,0.262455,0.295473,0.231321,0.079615,-0.008064,-0.223216,0.142284,-0.035979,0.398198,0.588230,0.303486,0.341676,0.326451,0.337467,-0.109258,-0.224849,0.307430,0.337901,0.433967,0.557261,0.190582,0.652872,0.680924,0.740948,0.439423,0.546850,0.788479,0.805841,0.628046,0.599474,0.541513,0.620539,0.724664,0.524274,0.764200,0.752702,1.262334,1.455367,0.433116,0.783220,0.242432,0.347554,0.635568,0.830789,-0.012801,-0.000213,0.616707,0.320875,1.112817,0.956433,0.140422,0.271061,0.347999,0.432363,0.014859,0.252471,0.133283,0.154342,0.408016,0.335330,0.707161,0.561988,0.470530,0.707428,0.339962,0.367912,0.482522,0.357882,0.308737,0.748980
0.325549,0.168367,0.000000,1.079851,0.273209,0.408343,1.082068,0.500206,0.185612,0.404415,0.376942,0.151305,0.399198,0.312737,0.593146,0.655786,0.181786,0.160024,0.685568,0.410877,0.251095,0.238983,1.233809,0.901794,0.454165,0.227552,0.391943,0.043095,0.403899,0.347564,0.479696,0.575698,0.253349,0.361536,0.209408,-0.086585,0.168337,0.184741,0.278957,0.332085,0.056118,0.297993,0.316362,0.251060,0.259896,0.262716,0.360150,0.343173,0.213600,0.284427,0.542816,0.297095,0.303838,0.370714,0.479456,0.309994,0.190691,0.147891,0.271549,-0.082087,0.445435,0.147835,0.080974,0.142423,0.782631,0.471293,0.410155,0.302464,0.233285,0.305588,0.213109,0.300422,0.367480,0.262372,0.125457,0.214710,0.196893,0.162912,0.219620,0.239520,0.450063,0.489887,0.702967,0.377424,0.748024,0.481755,0.375553,0.341075,0.892528,0.567414
0.432328,0.248183,1.079851,0.000000,0.263029,0.399066,0.898118,0.811937,0.229181,0.472998,0.446000,0.386762,0.415978,0.423242,0.573184,0.881431,0.222102,0.175795,0.590060,0.530770,0.293744,0.371013,0.822156,1.109730,0.295942,0.156177,0.332057,0.094545,0.345642,0.355802,0.493798,0.772616,0.280770,0.486253,0.224303,-0.038559,0.214570,0.228442,0.330863,0.469026,0.056502,0.405862,0.401109,0.361443,0.288377,0.370563,0.451485,0.465085,0.164165,0.261503,0.530933,0.396721,0.309372,0.280652,0.496442,0.375816,0.262372,0.161467,0.392435,0.163011,0.498702,0.428495,0.195815,0.246629,0.629938,0.760908,0.491476,0.630821,0.255002,0.378138,0.230656,0.362529,0.319807,0.303462,0.147381,0.232194,0.252732,0.276053,0.245445,0.247890,0.554026,0.565303,0.705080,0.469583,0.795841,0.830212,0.433296,0.450536,0.809563,0.770369
0.232038,0.209683,0.273209,0.263029,0.000000,0.649025,0.393322,0.295024,1.506568,0.803283,0.237837,0.146350,-0.170956,-0.069934,0.987408,0.398337,0.067322,0.108674,0.391223,0.350430,0.000343,-0.035758,0.370487,0.284810,0.383422,0.335555,0.116843,-0.226626,0.054045,0.221049,0.055715,0.101547,0.275016,0.325104,0.142643,-0.018603,0.186606,0.345222,0.177284,0.194531,-0.050880,0.232964,0.271577,0.299703,0.093073,0.143916,0.346631,0.423577,-0.029871,0.132705,0.053130,0.119610,0.136201,0.243200,0.154799,0.348267,-0.019931,0.116853,0.383466,0.152589,0.265604,0.223633,-0.061221,0.150008,0.381287,0.342287,0.290965,0.298232,0.109278,0.165936,-0.149447,-0.094077,0.068228,0.171578,-0.033795,0.102727,0.399496,0.196422,0.090294,0.138463,0.089178,0.213413,0.388312,0.271900,0.205108,0.239260,0.459460,0.378817,0.109266,0.230811
0.116776,0.067569,0.408343,0.399066,0.649025,0.000000,0.427661,0.292109,0.558111,0.949045,0.285889,0.174659,0.083725,0.066265,0.533043,0.585105,-0.026658,-0.085955,0.203725,0.159359,0.030366,-0.021441,0.355733,0.437734,0.794538,0.777888,0.138666,-0.122631,0.056991,0.144134,-0.108427,-0.050766,0.170508,0.209293,0.140227,-0.076839,0.047779,0.242086,0.168258,0.143063,-0.094247,0.146418,0.218679,0.238800,0.119833,0.207627,0.274252,0.339582,-0.007295,0.225856,0.165904,0.331849,0.125427,0.358674,0.142739,0.267557,-0.117992,-0.037096,0.290954,0.154347,0.198654,0.242226,-0.076276,0.038810,0.339346,0.473075,0.154350,0.316189,-0.043539,0.049754,-0.250975,-0.240596,0.070729,0.041779,-0.006939,-0.007879,0.126810,0.082639,0.114551,0.070132,0.079346,0.181454,0.404987,0.197357,0.297649,0.342465,0.276168,0.418357,0.276689,0.289734
0.472339,0.283185,1.082068,0.898118,0.393322,0.427661,0.000000,1.022406,0.304637,0.460808,0.663513,0.510132,0.695741,0.632968,0.784118,0.882827,0.330820,0.247094,0.878433,0.677449,0.227375,0.264880,0.945530,0.736217,0.332106,0.118164,0.215098,-0.018441,0.501159,0.524879,0.389891,0.587891,0.370186,0.593703,0.150278,-0.091366,0.225924,0.225570,0.337968,0.401142,-0.023355,0.403560,0.449449,0.401607,0.350270,0.350694,0.520841,0.469153,0.257746,0.393153,0.506055,0.393667,0.297809,0.348003,0.565295,0.393092,0.253648,0.182068,0.550296,0.156734,0.750979,0.579302,0.331100,0.445409,0.713296,0.609332,0.489672,0.392734,0.228935,0.317157,0.237556,0.288545,0.343063,0.311549,0.140581,0.232192,0.290306,0.233016,0.245925,0.276433,0.610474,0.639732,0.795726,0.515682,0.916738,0.765154,0.417083,0.364163,0.855502,0.717621
0.602769,0.380791,0.500206,0.811937,0.295024,0.292109,1.022406,0.000000,0.284278,0.386313,0.740424,0.969377,0.716960,0.881144,0.632148,0.939932,0.277846,0.204069,0.651207,0.762911,0.215673,0.338846,0.426808,0.521605,0.062312,-0.046285,0.050231,0.038333,0.307513,0.383661,0.241994,0.550773,0.302468,0.556628,0.099591,-0.057079,0.226870,0.160091,0.328067,0.415629,-0.079600,0.385892,0.383192,0.389213,0.205971,0.287583,0.467639,0.441794,0.123483,0.260381,0.406212,0.408536,0.235447,0.156361,0.442246,0.355425,0.279385,0.167340,0.728179,0.445317,0.825138,1.151747,0.392629,0.532096,0.410848,0.768385,0.433309,0.491476,0.180063,0.265053,0.301902,0.330616,0.207863,0.247876,0.106400,0.242873,0.272066,0.270418,0.176435,0.195936,0.571396,0.516942,0.592159,0.454606,0.755742,0.989841,0.348468,0.279629,0.646376,0.782097
0.229583,0.190268,0.185612,0.229181,1.506568,0.558111,0.304637,0.284278,0.000000,0.826196,0.231237,0.188600,-0.206559,-0.091892,0.970731,0.433563,0.026073,0.064517,0.303405,0.300671,-0.039205,-0.050021,0.255272,0.221430,0.235417,0.234969,0.048339,-0.205098,-0.018835,0.158411,0.012459,0.073618,0.199955,0.228183,0.141969,0.016962,0.146477,0.316648,0.127881,0.188450,-0.104047,0.190130,0.185354,0.217210,0.002311,0.055186,0.248750,0.345415,-0.103311,0.041627,0.002715,0.099574,0.106052,0.190629,0.092690,0.306394,-0.059976,0.063509,0.429820,0.224879,0.280825,0.253550,-0.055232,0.148785,0.343921,0.349135,0.264776,0.277178,0.060073,0.136701,-0.112934,-0.086386,0.029782,0.165045,-0.032017,0.100692,0.372634,0.187354,0.028518,0.063658,0.053879,0.149464,0.332491,0.239683,0.185929,0.244433,0.482112,0.381801,0.095662,0.242431
0.193637,0.194970,0.404415,0.472998,0.803283,0.949045,0.460808,0.386313,0.826196,0.000000,0.145049,0.201680,-0.027401,0.058931,0.723836,0.762041,0.038775,0.067630,0.298698,0.326418,0.008633,0.012584,0.371219,0.432036,0.368815,0.424963,0.104417,-0.036246,0.078579,0.205448,0.071544,0.170415,0.138339,0.244047,0.131197,-0.007492,0.114035,0.242476,0.097749,0.172352,-0.066485,0.194793,0.208123,0.260435,0.039525,0.144177,0.287865,0.372906,-0.046554,0.155325,0.128828,0.263658,0.193794,0.284127,0.180534,0.293577,0.011576,0.041161,0.296378,0.217153,0.205149,0.279568,-0.024953,0.107711,0.355107,0.505012,0.267511,0.355623,0.115873,0.202110,-0.090902,-0.117862,0.093447,0.223794,0.058521,0.094203,0.285032,0.200211,0.031361,0.023617,0.133859,0.196012,0.455851,0.295657,0.314269,0.382649,0.528865,0.504340,0.230964,0.364523
0.666724,0.258957,0.376942,0.446000,0.237837,0.285889,0.663513,0.740424,0.231237,0.145049,0.000000,0.703700,0.879124,0.623654,0.477253,0.566461,0.389551,0.099190,0.512898,0.352399,0.177897,0.181550,0.388899,0.367181,0.258047,0.015212,0.249603,-0.125273,0.549674,0.374675,0.207016,0.246593,0.467832,0.418384,0.154197,-0.213367,0.127142,0.244443,0.430804,0.419857,0.134642,0.309927,0.325093,0.223689,0.270452,0.284241,0.322339,0.366369,0.092353,0.183473,0.315414,0.267417,0.072015,0.113838,0.350662,0.223159,0.160653,0.164109,0.807701,0.331615,0.874364,0.709731,0.428277,0.338951,0.410563,0.532450,0.258936,0.371698,0.021936,0.131570,-0.051874,0.143840,0.250999,0.088837,0.063552,0.013660,0.121166,0.073354,0.454167,0.426968,0.461863,0.452225,0.588102,0.425536,0.740629,0.587974,0.266093,0.281843,0.709954,0.529136
0.765108,0.596729,0.151305,0.386762,0.146350,0.174659,0.510132,0.969377,0.188600,0.201680,0.703700,0.000000,0.724112,1.011718,0.357302,0.640382,0.470601,0.389775,0.513334,0.704592,0.195563,0.298255,0.100224,0.163074,-0.029116,-0.156563,-0.066924,0.014363,0.290136,0.403142,0.104315,0.295280,0.282365,0.384128,-0.048966,-0.094983,0.161309,0.199454,0.308073,0.416803,-0.006669,0.405306,0.347270,0.400429,0.182371,0.294666,0.414514,0.437792,0.176644,0.254541,0.330037,0.446040,0.279044,0.108620,0.435747,0.396702,0.412382,0.324033,0.846353,0.912245,0.642458,1.031238,0.675528,0.794713,0.010847,0.339689,0.378427,0.382057,0.243567,0.294031,0.214386,0.213382,0.251447,0.296113,0.084345,0.270826,0.220093,0.226150,0.217099,0.179667,0.503126,0.412827,0.442178,0.517706,0.459690,0.777846,0.267778,0.248077,0.402655,0.813855
0.568975,0.320433,0.399198,0.415978,-0.170956,0.083725,0.695741,0.716960,-0.206559,-0.027401,0.879124,0.724112,0.000000,1.151493,0.232339,0.524616,0.422986,0.239529,0.469935,0.404827,0.284693,0.287050,0.337415,0.320119,0.126799,-0.151304,0.193439,0.006729,0.510097,0.401962,0.253256,0.369743,0.367721,0.400747,0.016405,-0.221467,0.158081,0.139165,0.418312,0.404915,0.087504,0.317766,0.294075,0.209410,0.338349,0.342968,0.312684,0.270276,0.271565,0.334123,0.471953,0.426693,0.176924,0.175669,0.475354,0.219929,0.363382,0.262376,0.499553,0.327144,0.712290,0.650380,0.619616,0.471818,0.214223,0.350207,0.255224,0.254062,0.157612,0.224729,0.115700,0.230774,0.242627,0.096111,0.038167,0.050484,-0.049804,0.002268,0.390493,0.352822,0.580258,0.508711,0.499026,0.470600,0.657865,0.600535,0.147132,0.185659,0.723412,0.552463
0.609638,0.508832,0.312737,0.423242,-0.069934,0.066265,0.632968,0.881144,-0.091892,0.058931,0.623654,1.011718,1.151493,0.000000,0.252423,0.572318,0.589704,0.429169,0.533357,0.624920,0.266000,0.313522,0.274564,0.280763,0.034404,-0.181383,0.116624,0.061728,0.480352,0.534981,0.286329,0.429957,0.350531,0.479722,-0.093856,-0.201471,0.172297,0.132196,0.361838,0.401817,0.114230,0.414329,0.393023,0.357816,0.369731,0.402783,0.418421,0.390620,0.356187,0.382131,0.429865,0.475791,0.297885,0.212488,0.521189,0.322112,0.511499,0.358144,0.488219,0.485503,0.568753,0.836028,0.718171,0.734818,0.060291,0.264111,0.285453,0.262892,0.308475,0.338354,0.217482,0.263286,0.333233,0.259150,0.116710,0.177621,0.050400,0.146717,0.352395,0.301531,0.631189,0.546459,0.467794,0.620939,0.530321,0.662326,0.164919,0.208350,0.568560,0.645735
0.427376,0.326196,0.593146,0.573184,0.987408,0.533043,0.784118,0.632148,0.970731,0.723836,0.477253,0.357302,0.232339,0.252423,0.000000,0.789564,0.176741,0.201406,0.654791,0.541435,0.122449,0.155628,0.623039,0.507626,0.307133,0.148618,0.199156,-0.148527,0.227948,0.359368,0.249100,0.401962,0.317516,0.408106,0.190203,-0.051421,0.210930,0.308317,0.305741,0.364064,-0.072353,0.333503,0.308854,0.311306,0.120745,0.185677,0.410422,0.440209,0.030322,0.185090,0.260255,0.236048,0.212648,0.257290,0.316066,0.389854,0.137967,0.211845,0.514523,0.247082,0.588957,0.461155,0.120510,0.308099,0.664185,0.589253,0.369195,0.364704,0.168208,0.238559,0.029695,0.089542,0.139207,0.195452,0.011553,0.170637,0.362599,0.206131,0.178194,0.247147,0.311271,0.403020,0.639506,0.432003,0.505107,0.493897,0.559668,0.448762,0.473121,0.535218
0.392926,0.233544,0.655786,0.881431,0.398337,0.585105,0.882827,0.939932,0.433563,0.762041,0.566461,0.640382,0.524616,0.572318,0.789564,0.000000,0.269398,0.181230,0.495493,0.512313,0.183313,0.288088,0.595616,0.749589,0.271879,0.131754,0.164946,-0.039856,0.329751,0.457603,0.312731,0.533029,0.340547,0.517179,0.174916,-0.038449,0.174323,0.332652,0.391209,0.507505,-0.060443,0.398854,0.309689,0.280798,0.202570,0.300933,0.384008,0.429827,0.021763,0.199181,0.339023,0.359217,0.174111,0.217682,0.385952,0.377696,0.156534,0.101810,0.528193,0.346222,0.591069,0.759673,0.302779,0.384214,0.556144,0.963965,0.321612,0.571134,0.069586,0.223337,0.065589,0.118817,0.197289,0.214132,0.060862,0.159311,0.221746,0.207096,0.277032,0.266176,0.487395,0.570316,0.808589,0.594268,0.691535,0.926784,0.572672,0.607511,0.687404,0.752648
0.551488,0.654733,0.181786,0.222102,0.067322,-0.026658,0.330820,0.277846,0.026073,0.038775,0.389551,0.470601,0.422986,0.589704,0.176741,0.269398,0.000000,0.860219,0.559097,0.490608,0.242224,0.279334,0.348580,0.190282,0.088458,-0.121264,0.327267,-0.076939,1.019009,1.035869,0.663221,0.409339,0.557129,0.527414,-0.027281,-0.320594,0.124932,0.305591,0.378255,0.461350,0.500949,0.538646,0.601698,0.475975,0.653908,0.660627,0.530518,0.576290,0.496118,0.339867,0.267718,0.298762,0.331605,0.202163,0.508347,0.343831,0.758543,0.675261,0.287579,0.413901,0.191174,0.313021,0.966182,0.734705,-0.034828,-0.018589,0.357814,0.371339,0.603120,0.535377,-0.047070,0.172055,0.627766,0.443701,0.143567,0.124667,0.144476,0.260967,0.768746,0.604278,0.731559,0.663506,0.493561,0.821786,0.311958,0.329113,0.251571,0.313968,0.282705,0.447584
0.634601,1.053420,0.160024,0.175795,0.108674,-0.085955,0.247094,0.204069,0.064517,0.067630,0.099190,0.389775,0.239529,0.429169,0.201406,0.181230,0.860219,0.000000,0.704785,0.803521,0.261046,0.283605,0.300334,0.082310,-0.012997,-0.270597,0.180820,-0.083128,0.516119,0.849468,0.494293,0.417148,0.407009,0.446646,-0.072457,-0.135746,0.261020,0.433625,0.427685,0.563524,0.249342,0.677493,0.691080,0.673022,0.543328,0.557857,0.710457,0.687444,0.637138,0.520184,0.434560,0.427395,0.594301,0.447850,0.717632,0.648022,1.105558,1.190395,0.236678,0.518829,0.100195,0.215893,0.727735,0.891259,-0.011038,-0.063953,0.567424,0.295443,0.913912,0.806770,0.126273,0.225688,0.402375,0.531134,0.031573,0.280882,0.161720,0.166308,0.512278,0.495995,0.780750,0.747787,0.433267,0.805051,0.251391,0.354307,0.461050,0.420995,0.226120,0.555628
0.979525,0.875817,0.685568,0.590060,0.391223,0.203725,0.878433,0.651207,0.303405,0.298698,0.512898,0.513334,0.469935,0.533357,0.654791,0.495493,0.559097,0.704785,0.000000,1.223526,0.320060,0.336414,0.720668,0.429009,0.155760,-0.112844,0.217467,-0.092029,0.575965,0.647906,0.434823,0.617420,0.425929,0.562366,0.074589,-0.113951,0.342531,0.350407,0.445365,0.543020,0.130704,0.661686,0.645182,0.639664,0.365408,0.395661,0.760397,0.731901,0.427913,0.474800,0.522381,0.396077,0.522790,0.438365,0.747846,0.623694,0.770552,0.769906,0.528281,0.390073,0.586364,0.419300,0.484585,0.662939,0.492798,0.281978,0.632518,0.322391,0.706855,0.660061,0.275821,0.407323,0.434568,0.430397,0.128294,0.307151,0.310768,0.216954,0.333606,0.375939,0.743567,0.675772,0.762213,0.683814,0.704737,0.510344,0.493908,0.355033,0.658285,0.745679
0.894656,1.043996,0.410877,0.530770,0.350430,0.159359,0.677449,0.762911,0.300671,0.326418,0.352399,0.704592,0.404827,0.624920,0.541435,0.512313,0.490608,0.803521,1.223526,0.000000,0.316387,0.455092,0.438200,0.326869,0.005464,-0.246238,0.066396,-0.077709,0.333002,0.547489,0.281619,0.609402,0.403692,0.630966,-0.019287,-0.039476,0.399175,0.346525,0.510878,0.620080,-0.039591,0.766371,0.690035,0.741079,0.356760,0.420402,0.877856,0.765045,0.458175,0.536217,0.539698,0.510044,0.575664,0.451405,0.795088,0.786672,0.835657,0.823945,0.554959,0.618812,0.532680,0.629399,0.600045,0.971101,0.310937,0.291040,0.722515,0.385426,0.732791,0.705822,0.363187,0.418471,0.232787,0.413985,0.007931,0.362305,0.264084,0.206611,0.239436,0.288329,0.862193,0.684935,0.719265,0.707534,0.565334,0.632727,0.574697,0.353011,0.465651,0.840600
0.297181,0.262455,0.251095,0.293744,0.000343,0.030366,0.227375,0.215673,-0.039205,0.008633,0.177897,0.195563,0.284693,0.266000,0.122449,0.183313,0.242224,0.261046,0.320060,0.316387,0.000000,0.351692,0.269178,0.263963,0.115074,-0.081033,0.200837,-0.077847,0.258922,0.195388,0.268537,0.386721,0.230841,0.229790,0.041383,-0.094445,0.211225,0.199774,0.283822,0.275563,0.115574,0.372289,0.280792,0.258480,0.243645,0.247319,0.275670,0.239620,0.216951,0.224393,0.321071,0.214621,0.208512,0.142105,0.357037,0.273230,0.336319,0.296831,0.133605,0.124003,0.168043,0.115238,0.277031,0.250246,0.161065,0.114378,0.297186,0.197269,0.296678,0.293667,0.169683,0.224336,0.199015,0.165762,-0.009758,0.106096,-0.022289,0.023918,0.233928,0.246120,0.404387,0.305155,0.373342,0.350501,0.262988,0.270900,0.226022,0.213318,0.303942,0.266151
0.350958,0.295473,0.238983,0.371013,-0.035758,-0.021441,0.264880,0.338846,-0.050021,0.012584,0.181550,0.298255,0.287050,0.313522,0.155628,0.288088,0.279334,0.283605,0.336414,0.455092,0.351692,0.000000,0.248874,0.301230,-0.025255,-0.240197,0.150264,-0.018090,0.193596,0.252852,0.304930,0.511657,0.326421,0.376000,0.071471,-0.025469,0.233766,0.215290,0.390970,0.475906,0.055808,0.464992,0.332881,0.272786,0.274094,0.317677,0.347165,0.293916,0.215750,0.237758,0.329910,0.225773,0.168514,0.134875,0.388763,0.332262,0.377794,0.347312,0.182997,0.213700,0.277874,0.304422,0.430648,0.409844,0.235597,0.258188,0.394532,0.354104,0.264580,0.317298,0.203600,0.299763,0.103771,0.113207,-0.065780,0.147741,-0.024807,0.043397,0.248150,0.267518,0.503213,0.413400,0.463194,0.413556,0.348185,0.422694,0.280773,0.235131,0.352379,0.399446
0.330106,0.231321,1.233809,0.822156,0.370487,0.355733,0.945530,0.426808,0.255272,0.371219,0.388899,0.100224,0.337415,0.274564,0.623039,0.595616,0.348580,0.300334,0.720668,0.438200,0.269178,0.248874,0.000000,1.065205,0.468127,0.181665,0.493836,-0.095340,0.609186,0.555185,0.674543,0.659623,0.462083,0.550787,0.175383,-0.197237,0.196742,0.270547,0.357072,0.404572,0.174152,0.403945,0.462280,0.336549,0.473950,0.406236,0.465404,0.466146,0.332332,0.400435,0.496436,0.291867,0.301140,0.391290,0.530296,0.411432,0.287294,0.274237,0.171189,-0.122171,0.317902,0.112172,0.178764,0.220485,0.766374,0.409775,0.394891,0.327355,0.308632,0.367142,0.072943,0.268426,0.368064,0.251725,0.097865,0.142166,0.179440,0.146394,0.398213,0.409633,0.526192,0.634244,0.766364,0.510443,0.642992,0.439386,0.430906,0.493068,0.694699,0.462740
0.237955,0.079615,0.901794,1.109730,0.284810,0.437734,0.736217,0.521605,0.221430,0.432036,0.367181,0.163074,0.320119,0.280763,0.507626,0.749589,0.190282,0.082310,0.429009,0.326869,0.263963,0.301230,1.065205,0.000000,0.393020,0.259965,0.396011,-0.027490,0.394102,0.396044,0.527883,0.748084,0.408455,0.570001,0.214620,-0.100489,0.176704,0.226760,0.314683,0.424287,0.114361,0.341690,0.343015,0.263676,0.355797,0.349175,0.364852,0.392472,0.158806,0.272735,0.434192,0.294055,0.189883,0.264408,0.392308,0.323682,0.166811,0.091499,0.147534,-0.074534,0.312878,0.229822,0.133433,0.114209,0.671898,0.696635,0.338420,0.505567,0.156368,0.254523,0.084942,0.249142,0.249619,0.183900,0.105580,0.102158,0.138363,0.174898,0.293945,0.290011,0.443562,0.529083,0.611954,0.415110,0.638260,0.616569,0.384205,0.573331,0.662210,0.491819
0.035260,-0.008064,0.454165,0.295942,0.383422,0.794538,0.332106,0.062312,0.235417,0.368815,0.258047,-0.029116,0.126799,0.034404,0.307133,0.271879,0.088458,-0.012997,0.155760,0.005464,0.115074,-0.025255,0.468127,0.393020,0.000000,0.924372,0.430526,-0.247176,0.228948,0.217399,0.002785,-0.119938,0.274129,0.194669,0.050129,-0.226019,-0.003104,0.315737,0.257861,0.157096,0.095040,0.178652,0.258698,0.190873,0.316655,0.323818,0.256112,0.299808,0.171410,0.308932,0.228437,0.316346,0.108703,0.399062,0.184453,0.229378,-0.107916,0.014155,0.075597,-0.113185,0.059357,-0.009392,-0.049263,-0.001099,0.276503,0.212358,0.046816,0.172745,-0.035766,0.012064,-0.438288,-0.309892,0.173394,-0.008467,-0.069437,-0.171168,-0.022581,-0.052034,0.368466,0.342619,0.107965,0.297777,0.397318,0.222931,0.167298,0.186225,0.085531,0.301038,0.252141,0.129339
-0.215201,-0.223216,0.227552,0.156177,0.335555,0.777888,0.118164,-0.046285,0.234969,0.424963,0.015212,-0.156563,-0.151304,-0.181383,0.148618,0.131754,-0.121264,-0.270597,-0.112844,-0.246238,-0.081033,-0.240197,0.181665,0.259965,0.924372,0.000000,0.178515,0.029530,0.034242,-0.016023,-0.139705,-0.250838,-0.060519,-0.061381,0.086956,-0.095071,-0.168081,-0.028650,-0.221914,-0.225920,0.108121,-0.200786,0.002369,0.035722,0.037175,0.085658,-0.019420,0.040442,-0.058416,0.062097,-0.035942,0.144702,-0.016102,0.151245,-0.134477,-0.051202,-0.346100,-0.289820,-0.075953,-0.170770,-0.173124,-0.164372,-0.354675,-0.313061,0.059869,0.112554,-0.086070,0.051487,-0.154535,-0.163430,-0.348127,-0.412601,0.153734,0.041392,0.133972,-0.072890,0.166772,0.122697,-0.020279,-0.046211,-0.265784,-0.117303,-0.031522,-0.150334,-0.003954,0.006000,-0.165325,0.075244,-0.022427,-0.058194
0.189380,0.142284,0.391943,0.332057,0.116843,0.138666,0.215098,0.050231,0.048339,0.104417,0.249603,-0.066924,0.193439,0.116624,0.199156,0.164946,0.327267,0.180820,0.217467,0.066396,0.200837,0.150264,0.493836,0.396011,0.430526,0.178515,0.000000,-0.115961,0.469184,0.404018,0.490600,0.263595,0.492516,0.319635,0.106243,-0.324220,0.097552,0.299296,0.409313,0.375135,0.376177,0.326639,0.360869,0.189194,0.474364,0.460116,0.267345,0.330515,0.220179,0.210308,0.267331,0.143955,0.097391,0.189171,0.307368,0.145636,0.224755,0.259493,0.058064,-0.146258,0.129418,-0.019104,0.178761,0.030569,0.255713,0.215394,0.183332,0.342952,0.177680,0.267685,-0.329249,0.031971,0.270674,0.058748,0.016769,-0.118029,-0.092312,0.025571,0.629868,0.588337,0.321983,0.449924,0.408310,0.384361,0.217702,0.206069,0.217376,0.405453,0.337948,0.112005
-0.063278,-0.035979,0.043095,0.094545,-0.226626,-0.122631,-0.018441,0.038333,-0.205098,-0.036246,-0.125273,0.014363,0.006729,0.061728,-0.148527,-0.039856,-0.076939,-0.083128,-0.092029,-0.077709,-0.077847,-0.018090,-0.095340,-0.027490,-0.247176,0.029530,-0.115961,0.000000,-0.038255,-0.176560,-0.037149,0.072710,-0.409888,-0.284298,0.012634,0.066736,-0.058814,-0.403551,-0.534845,-0.362247,0.065144,-0.310509,-0.115177,-0.020405,-0.204390,-0.133292,-0.189213,-0.207490,-0.019691,-0.117910,0.024510,-0.027620,0.098483,-0.158529,-0.099944,-0.199745,0.020907,-0.127492,-0.117282,-0.013140,-0.122353,-0.105609,-0.145120,-0.196964,-0.133532,-0.117553,0.031849,-0.136358,0.115051,-0.019990,0.311437,0.093140,0.111032,0.184465,0.253810,0.179139,0.166780,0.253362,-0.409222,-0.317417,-0.189883,-0.313925,-0.310372,-0.262241,0.051802,-0.016429,-0.162535,-0.204005,-0.014431,0.023923
0.463651,0.398198,0.403899,0.345642,0.054045,0.056991,0.501159,0.307513,-0.018835,0.078579,0.549674,0.290136,0.510097,0.480352,0.227948,0.329751,1.019009,0.516119,0.575965,0.333002,0.258922,0.193596,0.609186,0.394102,0.228948,0.034242,0.469184,-0.038255,0.000000,1.032123,0.824049,0.448041,0.595430,0.520814,0.115615,-0.341199,0.084631,0.208522,0.279464,0.366172,0.593246,0.374112,0.510464,0.360718,0.663792,0.604611,0.417374,0.485866,0.424179,0.311094,0.246338,0.206393,0.240436,0.162246,0.463449,0.224929,0.499525,0.410399,0.213776,0.107853,0.210823,0.196038,0.540033,0.346409,0.179741,0.107328,0.239528,0.312784,0.410473,0.409839,-0.127518,0.140484,0.699207,0.386183,0.259587,0.062059,0.160294,0.222338,0.744473,0.677571,0.583091,0.589239,0.531644,0.596019,0.445886,0.287069,0.223100,0.313492,0.399620,0.321859
0.483901,0.588230,0.347564,0.355802,0.221049,0.144134,0.524879,0.383661,0.158411,0.205448,0.374675,0.403142,0.401962,0.534981,0.359368,0.457603,1.035869,0.849468,0.647906,0.547489,0.195388,0.252852,0.555185,0.396044,0.217399,-0.016023,0.404018,-0.176560,1.032123,0.000000,0.814899,0.518905,0.759550,0.788311,0.073818,-0.323743,0.157008,0.458464,0.492852,0.648910,0.435629,0.607482,0.740037,0.587075,0.863181,0.857742,0.687356,0.769602,0.536045,0.491543,0.325606,0.348971,0.334227,0.336064,0.586507,0.462247,0.644851,0.638864,0.270944,0.280222,0.215694,0.348882,0.683901,0.645559,0.155726,0.208104,0.400323,0.536725,0.539121,0.615019,-0.123860,0.107036,0.590887,0.441254,0.110693,0.093336,0.184736,0.239834,0.855162,0.752013,0.772214,0.977463,0.621977,0.920346,0.400302,0.486916,0.422641,0.544521,0.361330,0.474375
0.335367,0.303486,0.479696,0.493798,0.055715,-0.108427,0.389891,0.241994,0.012459,0.071544,0.207016,0.104315,0.253256,0.286329,0.249100,0.312731,0.663221,0.494293,0.434823,0.281619,0.268537,0.304930,0.674543,0.527883,0.002785,-0.139705,0.490600,-0.037149,0.824049,0.814899,0.000000,0.887887,0.623642,0.593267,0.197412,-0.258488,0.120700,0.258584,0.334783,0.503777,0.533513,0.390902,0.485515,0.328230,0.591116,0.578282,0.384795,0.449677,0.259018,0.156731,0.214179,0.068336,0.127881,0.060309,0.354859,0.182467,0.492843,0.406842,0.110039,-0.025205,0.120460,0.070057,0.360605,0.206413,0.233992,0.203844,0.335214,0.520348,0.434089,0.513848,-0.031374,0.316758,0.534149,0.405846,0.225413,0.110817,0.115494,0.251169,0.660951,0.582441,0.540188,0.643291,0.469777,0.589183,0.316572,0.315881,0.386453,0.424956,0.369803,0.280814
0.452977,0.341676,0.575698,0.772616,0.101547,-0.050766,0.587891,0.550773,0.073618,0.170415,0.246593,0.295280,0.369743,0.429957,0.401962,0.533029,0.409339,0.417148,0.617420,0.609402,0.386721,0.511657,0.659623,0.748084,-0.119938,-0.250838,0.263595,0.072710,0.448041,0.518905,0.887887,0.000000,0.418857,0.640115,0.141697,-0.062768,0.314026,0.223314,0.344878,0.540906,0.176437,0.514899,0.422125,0.357713,0.327560,0.351798,0.434033,0.403739,0.177502,0.183158,0.365673,0.171083,0.219483,0.090117,0.457438,0.335767,0.523140,0.381252,0.214239,0.108347,0.344126,0.278389,0.351021,0.329858,0.427039,0.420589,0.507211,0.496576,0.432651,0.487293,0.368103,0.539156,0.303880,0.359989,0.099081,0.283202,0.177137,0.253862,0.269575,0.326595,0.651921,0.610943,0.589171,0.545853,0.543561,0.579064,0.496366,0.420111,0.543568,0.495101
0.411572,0.326451,0.253349,0.280770,0.275016,0.170508,0.370186,0.302468,0.199955,0.138339,0.467832,0.282365,0.367721,0.350531,0.317516,0.340547,0.557129,0.407009,0.425929,0.403692,0.230841,0.326421,0.462083,0.408455,0.274129,-0.060519,0.492516,-0.409888,0.595430,0.759550,0.623642,0.418857,0.000000,1.078451,0.226064,-0.294815,0.218143,0.571945,0.847031,0.809222,0.283307,0.664223,0.559238,0.358681,0.724385,0.658697,0.540249,0.616792,0.263698,0.300903,0.293033,0.227761,0.063761,0.205078,0.426825,0.392705,0.375080,0.450819,0.344092,0.098568,0.380673,0.358918,0.587382,0.422625,0.274518,0.371320,0.398538,0.639966,0.219888,0.345742,-0.268089,0.053064,0.257540,0.117846,-0.083018,-0.053986,-0.054486,0.031303,0.970490,0.884958,0.644609,0.869454,0.652560,0.732690,0.320439,0.480457,0.428346,0.577823,0.362770,0.265380
0.402925,0.337467,0.361536,0.486253,0.325104,0.209293,0.593703,0.556628,0.228183,0.244047,0.418384,0.384128,0.400747,0.479722,0.408106,0.517179,0.527414,0.446646,0.562366,0.630966,0.229790,0.376000,0.550787,0.570001,0.194669,-0.061381,0.319635,-0.284298,0.520814,0.788311,0.593267,0.640115,1.078451,0.000000,0.197144,-0.144411,0.281128,0.484032,0.700429,0.747143,0.126968,0.672411,0.629264,0.474521,0.660231,0.657689,0.668485,0.674635,0.260135,0.383512,0.290610,0.298097,0.117151,0.229115,0.465533,0.450277,0.397755,0.395538,0.337170,0.149139,0.430025,0.552060,0.530451,0.522556,0.344842,0.539489,0.462621,0.706947,0.266141,0.387253,-0.042431,0.170702,0.235137,0.234580,-0.029368,0.095464,0.124425,0.126019,0.628700,0.648636,0.759323,0.927662,0.682442,0.741696,0.447145,0.667331,0.457421,0.533489,0.383239,0.391129
0.008005,-0.109258,0.209408,0.224303,0.142643,0.140227,0.150278,0.099591,0.141969,0.131197,0.154197,-0.048966,0.016405,-0.093856,0.190203,0.174916,-0.027281,-0.072457,0.074589,-0.019287,0.041383,0.071471,0.175383,0.214620,0.050129,0.086956,0.106243,0.012634,0.115615,0.073818,0.197412,0.141697,0.226064,0.197144,0.000000,0.200779,0.150393,0.107918,0.045215,0.117467,0.065601,-0.026867,0.129659,0.083953,0.113795,0.121306,0.135922,0.141820,-0.071273,-0.047120,0.070790,-0.058305,-0.034117,-0.002400,0.006287,0.026162,-0.080518,-0.063423,0.220452,-0.069907,0.214506,0.049133,-0.040869,-0.116117,0.370486,0.387354,0.257560,0.332012,-0.068449,0.008614,-0.029100,0.003731,0.086247,0.097828,0.132897,0.017745,0.209031,0.211084,0.071930,0.100567,0.070856,0.098989,0.074104,-0.014903,0.256503,0.201423,0.137470,0.128672,0.175681,0.041019
-0.204212,-0.224849,-0.086585,-0.038559,-0.018603,-0.076839,-0.091366,-0.057079,0.016962,-0.007492,-0.213367,-0.094983,-0.221467,-0.201471,-0.051421,-0.038449,-0.320594,-0.135746,-0.113951,-0.039476,-0.094445,-0.025469,-0.197237,-0.100489,-0.226019,-0.095071,-0.324220,0.066736,-0.341199,-0.323743,-0.258488,-0.062768,-0.294815,-0.144411,0.200779,0.000000,0.019626,-0.127122,-0.262305,-0.206256,-0.261936,-0.184790,-0.199928,-0.111171,-0.344928,-0.329154,-0.139132,-0.200866,-0.205225,-0.174140,-0.140616,-0.170427,-0.035152,-0.113055,-0.166662,-0.112162,-0.194774,-0.231360,-0.025861,0.004853,-0.001224,-0.031468,-0.195744,-0.106396,0.107830,0.049315,-0.016793,-0.102536,-0.133731,-0.179594,0.266788,0.039777,-0.198928,0.020939,0.038095,0.170650,0.159542,0.023616,-0.460148,-0.334468,-0.173096,-0.240709,-0.222121,-0.285813,-0.014919,-0.062915,-0.062641,-0.229240,-0.122753,-0.081477
0.389864,0.307430,0.168337,0.214570,0.186606,0.047779,0.225924,0.226870,0.146477,0.114035,0.127142,0.161309,0.158081,0.172297,0.210930,0.174323,0.124932,0.261020,0.342531,0.399175,0.211225,0.233766,0.196742,0.176704,-0.003104,-0.168081,0.097552,-0.058814,0.084631,0.157008,0.120700,0.314026,0.218143,0.281128,0.150393,0.019626,0.000000,0.279365,0.341794,0.308181,0.028245,0.415536,0.277065,0.254433,0.155060,0.154170,0.378571,0.311708,0.220339,0.237765,0.405383,0.224955,0.329651,0.277466,0.418722,0.407842,0.336698,0.357190,0.250276,0.162656,0.278420,0.162573,0.243343,0.291038,0.270341,0.195558,0.433324,0.154548,0.272886,0.282439,0.172608,0.264853,0.084806,0.108538,-0.067345,0.160883,0.078383,0.000363,0.119746,0.174541,0.450034,0.320541,0.332365,0.275933,0.341768,0.267597,0.375559,0.224815,0.315701,0.262805
0.376746,0.337901,0.184741,0.228442,0.345222,0.242086,0.225570,0.160091,0.316648,0.242476,0.244443,0.199454,0.139165,0.132196,0.308317,0.332652,0.305591,0.433625,0.350407,0.346525,0.199774,0.215290,0.270547,0.226760,0.315737,-0.028650,0.299296,-0.403551,0.208522,0.458464,0.258584,0.223314,0.571945,0.484032,0.107918,-0.127122,0.279365,0.000000,0.743462,0.712612,0.064292,0.695953,0.435677,0.342674,0.402250,0.404740,0.470309,0.543319,0.164096,0.266127,0.268146,0.262898,0.146077,0.373533,0.441794,0.494274,0.281890,0.433419,0.306270,0.185719,0.234184,0.216357,0.346345,0.372903,0.229432,0.314171,0.367641,0.473494,0.200236,0.361302,-0.198584,0.015475,0.166428,0.197235,-0.168289,0.034148,0.003237,0.021679,0.621623,0.607834,0.534619,0.713349,0.576872,0.643988,0.235247,0.429728,0.574607,0.606707,0.291633,0.301388
0.536161,0.433967,0.278957,0.330863,0.177284,0.168258,0.337968,0.328067,0.127881,0.097749,0.430804,0.308073,0.418312,0.361838,0.305741,0.391209,0.378255,0.427685,0.445365,0.510878,0.283822,0.390970,0.357072,0.314683,0.257861,-0.221914,0.409313,-0.534845,0.279464,0.492852,0.334783,0.344878,0.847031,0.700429,0.045215,-0.262305,0.341794,0.743462,0.000000,1.201491,0.017917,0.948726,0.562093,0.357704,0.551395,0.560979,0.645048,0.644196,0.258979,0.365906,0.428486,0.345885,0.130116,0.385480,0.589022,0.581346,0.450187,0.600965,0.448684,0.249725,0.511391,0.473780,0.617233,0.583519,0.357215,0.472556,0.410385,0.612056,0.219838,0.416926,-0.200808,0.162023,0.018586,-0.045016,-0.326022,-0.062833,-0.255883,-0.192798,0.952478,0.842612,0.886643,1.056289,0.930157,0.903168,0.355665,0.538449,0.596566,0.591685,0.521319,0.444255
0.645296,0.557261,0.332085,0.469026,0.194531,0.143063,0.401142,0.415629,0.188450,0.172352,0.419857,0.416803,0.404915,0.401817,0.364064,0.507505,0.461350,0.563524,0.543020,0.620080,0.275563,0.475906,0.404572,0.424287,0.157096,-0.225920,0.375135,-0.362247,0.366172,0.648910,0.503777,0.540906,0.809222,0.747143,0.117467,-0.206256,0.308181,0.712612,1.201491,0.000000,0.106239,1.041976,0.652336,0.499273,0.585978,0.615171,0.713990,0.789823,0.292973,0.397908,0.480812,0.420641,0.224486,0.384936,0.641580,0.674273,0.598685,0.682117,0.507034,0.386355,0.460864,0.477072,0.637539,0.618523,0.352913,0.504962,0.583316,0.789722,0.374928,0.565542,-0.077961,0.242781,0.184430,0.156107,-0.145424,0.080351,-0.089381,-0.023654,0.823438,0.773843,0.997656,1.138904,0.900205,0.998193,0.473662,0.740846,0.758807,0.757092,0.582308,0.646984
0.194544,0.190582,0.056118,0.056502,-0.050880,-0.094247,-0.023355,-0.079600,-0.104047,-0.066485,0.134642,-0.006669,0.087504,0.114230,-0.072353,-0.060443,0.500949,0.249342,0.130704,-0.039591,0.115574,0.055808,0.174152,0.114361,0.095040,0.108121,0.376177,0.065144,0.593246,0.435629,0.533513,0.176437,0.283307,0.126968,0.065601,-0.261936,0.028245,0.064292,0.017917,0.106239,0.000000,0.152620,0.230954,0.160555,0.342353,0.322979,0.123224,0.216407,0.187121,0.054505,0.008054,-0.034015,0.048129,-0.071172,0.109156,-0.029870,0.288547,0.243573,-0.032639,-0.026252,-0.094981,-0.120369,0.205293,-0.023388,-0.106321,-0.107048,0.054832,0.175830,0.300215,0.254230,-0.284208,-0.000425,0.468459,0.249169,0.227291,-0.117414,0.010853,0.189126,0.432601,0.310750,0.110196,0.165787,0.065003,0.231417,0.055082,-0.029293,-0.007300,0.096564,0.057024,0.000118
0.614375,0.652872,0.297993,0.405862,0.232964,0.146418,0.403560,0.385892,0.190130,0.194793,0.309927,0.405306,0.317766,0.414329,0.333503,0.398854,0.538646,0.677493,0.661686,0.766371,0.372289,0.464992,0.403945,0.341690,0.178652,-0.200786,0.326639,-0.310509,0.374112,0.607482,0.390902,0.514899,0.664223,0.672411,-0.026867,-0.184790,0.415536,0.695953,0.948726,1.041976,0.152620,0.000000,0.614502,0.528684,0.504566,0.501062,0.716537,0.713318,0.367724,0.427705,0.460004,0.396203,0.305815,0.406165,0.666962,0.729263,0.649534,0.733177,0.373195,0.349344,0.362292,0.392145,0.627080,0.728408,0.275622,0.290935,0.539597,0.527969,0.459508,0.521771,-0.000897,0.252403,0.252410,0.260649,-0.130286,0.127563,-0.081518,-0.033740,0.653612,0.643694,0.956314,0.991736,0.859602,0.973473,0.383387,0.606351,0.605500,0.581995,0.449213,0.543266
0.557826,0.680924,0.316362,0.401109,0.271577,0.218679,0.449449,0.383192,0.185354,0.208123,0.325093,0.347270,0.294075,0.393023,0.308854,0.309689,0.601698,0.691080,0.645182,0.690035,0.280792,0.332881,0.462280,0.343015,0.258698,0.002369,0.360869,-0.115177,0.510464,0.740037,0.485515,0.422125,0.559238,0.629264,0.129659,-0.199928,0.277065,0.435677,0.562093,0.652336,0.230954,0.614502,0.000000,1.602647,0.976325,1.120166,1.469130,1.429769,0.762595,0.823053,0.659354,0.639802,0.517967,0.601996,0.802801,0.764268,0.728191,0.761269,0.400900,0.402649,0.280023,0.341537,0.499963,0.614978,0.248986,0.251711,0.766139,0.662992,0.696535,0.770843,-0.000398,0.155944,0.353122,0.354591,0.041005,0.147239,0.150290,0.238112,0.600139,0.557903,0.837695,0.841524,0.585806,0.770246,0.485968,0.570231,0.515899,0.527025,0.404422,0.560633
0.549956,0.740948,0.251060,0.361443,0.299703,0.238800,0.401607,0.389213,0.217210,0.260435,0.223689,0.400429,0.209410,0.357816,0.311306,0.280798,0.475975,0.673022,0.639664,0.741079,0.258480,0.272786,0.336549,0.263676,0.190873,0.035722,0.189194,-0.020405,0.360718,0.587075,0.328230,0.357713,0.358681,0.474521,0.083953,-0.111171,0.254433,0.342674,0.357704,0.499273,0.160555,0.528684,1.602647,0.000000,0.687724,0.837199,1.270458,1.295919,0.649989,0.759660,0.561288,0.624405,0.540298,0.542736,0.680534,0.735621,0.712261,0.717528,0.390569,0.480663,0.229458,0.316791,0.393565,0.576287,0.166530,0.195138,0.743148,0.545275,0.743777,0.725839,0.116319,0.128584,0.337346,0.447469,0.097700,0.251455,0.232560,0.293481,0.359638,0.341639,0.654117,0.617287,0.425003,0.605294,0.417317,0.544470,0.449428,0.445619,0.303039,0.578315
0.325337,0.439423,0.259896,0.288377,0.093073,0.119833,0.350270,0.205971,0.002311,0.039525,0.270452,0.182371,0.338349,0.369731,0.120745,0.202570,0.653908,0.543328,0.365408,0.356760,0.243645,0.274094,0.473950,0.355797,0.316655,0.037175,0.474364,-0.204390,0.663792,0.863181,0.591116,0.327560,0.724385,0.660231,0.113795,-0.344928,0.155060,0.402250,0.551395,0.585978,0.342353,0.504566,0.976325,0.687724,0.000000,1.569576,0.835186,0.835403,0.981406,0.939801,0.587716,0.646751,0.413135,0.509131,0.739145,0.621449,0.589308,0.572611,0.146050,0.203929,0.051761,0.183640,0.491134,0.464012,0.077944,0.111237,0.523047,0.608005,0.534629,0.653359,-0.215898,0.071700,0.350896,0.210790,0.016912,-0.007165,0.006143,0.145280,0.830701,0.655176,0.733215,0.860679,0.507046,0.751455,0.352264,0.397678,0.357711,0.492929,0.294727,0.379388
0.415125,0.546850,0.262716,0.370563,0.143916,0.207627,0.350694,0.287583,0.055186,0.144177,0.284241,0.294666,0.342968,0.402783,0.185677,0.300933,0.660627,0.557857,0.395661,0.420402,0.247319,0.317677,0.406236,0.349175,0.323818,0.085658,0.460116,-0.133292,0.604611,0.857742,0.578282,0.351798,0.658697,0.657689,0.121306,-0.329154,0.154170,0.404740,0.560979,0.615171,0.322979,0.501062,1.120166,0.837199,1.569576,0.000000,0.928539,0.981091,0.819571,0.896973,0.563861,0.710988,0.418843,0.503431,0.704189,0.624885,0.638392,0.639316,0.239802,0.346552,0.096069,0.283807,0.480905,0.479794,0.052726,0.207463,0.581015,0.815421,0.593401,0.753170,-0.208741,0.075441,0.342963,0.243351,0.024116,0.021903,0.048014,0.208100,0.817870,0.614679,0.727414,0.860557,0.540031,0.826860,0.359962,0.502647,0.410022,0.510998,0.303972,0.482196
0.656456,0.788479,0.360150,0.451485,0.346631,0.274252,0.520841,0.467639,0.248750,0.287865,0.322339,0.414514,0.312684,0.418421,0.410422,0.384008,0.530518,0.710457,0.760397,0.877856,0.275670,0.347165,0.465404,0.364852,0.256112,-0.019420,0.267345,-0.189213,0.417374,0.687356,0.384795,0.434033,0.540249,0.668485,0.135922,-0.139132,0.378571,0.470309,0.645048,0.713990,0.123224,0.716537,1.469130,1.270458,0.835186,0.928539,0.000000,1.515859,0.766256,0.905998,0.745673,0.733372,0.643061,0.713508,0.957056,0.972877,0.761270,0.827559,0.470699,0.477280,0.362056,0.411831,0.530594,0.717250,0.313250,0.308257,0.848741,0.617940,0.733135,0.783036,0.067643,0.201544,0.276500,0.340253,-0.024231,0.205788,0.186623,0.167645,0.521170,0.508367,0.963212,0.877410,0.677692,0.770834,0.558639,0.607192,0.586767,0.523259,0.449655,0.675522
0.723601,0.805841,0.343173,0.465085,0.423577,0.339582,0.469153,0.441794,0.345415,0.372906,0.366369,0.437792,0.270276,0.390620,0.440209,0.429827,0.576290,0.687444,0.731901,0.765045,0.239620,0.293916,0.466146,0.392472,0.299808,0.040442,0.330515,-0.207490,0.485866,0.769602,0.449677,0.403739,0.616792,0.674635,0.141820,-0.200866,0.311708,0.543319,0.644196,0.789823,0.216407,0.713318,1.429769,1.295919,0.835403,0.981091,1.515859,0.000000,0.664455,0.809289,0.647249,0.712772,0.578729,0.679217,0.841679,0.931500,0.753489,0.819341,0.523523,0.513169,0.336575,0.402521,0.506733,0.643500,0.267403,0.337783,0.790124,0.749453,0.719800,0.813613,-0.046036,0.122423,0.348601,0.347552,0.014755,0.135780,0.190703,0.210811,0.632127,0.558737,0.846387,0.874868,0.687348,0.877469,0.505133,0.621893,0.627204,0.659001,0.447395,0.677762
