0.000000,1.064114,0.571713,0.826642,-0.016529,0.442933,0.771423,0.852745,0.220775,0.578610,0.741939,0.796467,0.720351,0.843618,0.254456,0.353151,0.207612,0.400553,1.038625,0.944408,0.420259,0.414380,0.693650,0.347517,0.257029,0.101011,0.394613,0.170612,0.421382,0.433829,0.565893,0.499856,1.013996,0.861686,0.015336,0.268432,0.246880,-0.122047,0.185661,0.134640,-0.335820,-0.059245,0.418796,0.261271,0.378576,0.115571,0.476184,0.545878,0.154380,0.280062,0.191540,0.204505,0.243363,0.360073,0.206192,0.129024,1.183139,0.945548,0.210505,0.580018,0.602903,0.478242,0.583021,0.509592,-0.063418,0.175785,0.425166,0.247255,0.826328,0.393759,0.644380,0.543814,0.680848,0.709338,0.775569,0.582655,0.602455,0.776935,0.384964,-0.035021,0.262753,0.558580,0.615660,0.580705,0.240167,0.081074,0.230887,0.201173,0.021212,0.160292
1.064114,0.000000,0.227155,0.676680,0.079085,0.332078,0.376805,0.697252,0.020160,0.278734,0.478613,0.831333,0.325624,0.695809,0.154012,0.251899,0.168261,0.500489,0.680277,1.027359,0.309572,0.441360,0.300845,0.375731,0.074406,0.062951,0.253914,0.096216,0.334832,0.583315,0.381714,0.443531,0.752230,0.750649,-0.159465,-0.039529,0.122645,-0.041735,0.189388,-0.031382,-0.266981,0.048322,0.388307,0.263839,0.356988,0.075863,0.453231,0.454811,0.073534,0.106510,0.020651,0.003985,0.154401,0.189298,0.160608,0.206495,0.628377,1.047064,0.101190,0.528624,0.335898,0.548791,0.488869,0.597419,-0.243665,0.084827,0.262328,0.338397,0.457797,0.647043,0.535719,0.332745,0.657478,0.993313,0.658388,0.646723,0.535925,0.684508,0.234373,0.002506,0.338789,0.517683,0.595412,0.576343,0.178986,0.061964,0.173300,0.141102,-0.008060,0.103120
0.571713,0.227155,0.000000,0.834795,0.156269,0.396926,1.039189,0.612622,0.458613,0.456264,0.453561,0.209341,0.455993,0.212219,0.169828,0.502910,0.058706,0.073734,0.961450,0.325151,0.154967,0.249315,1.159094,0.411508,0.604174,0.464012,0.478571,0.357808,-0.114192,-0.002253,0.554314,0.487460,0.515429,0.282089,0.402964,0.393472,0.073611,-0.145670,0.113199,0.272591,0.122938,0.098197,0.335657,0.086312,0.328447,0.075654,0.359788,0.324764,0.071903,0.195145,0.177016,0.164647,0.548957,0.569210,0.491197,0.343233,0.601496,0.243415,0.364897,0.142158,0.421199,0.056987,0.150027,-0.136318,0.392716,0.163522,0.414408,-0.093473,0.757495,-0.007018,0.648513,0.420546,0.180206,0.104073,0.273666,0.161938,0.127222,0.300538,0.301430,0.024061,-0.047014,0.253514,0.173052,0.581586,0.086797,0.200193,0.517713,0.596886,0.502415,0.560542
0.826642,0.676680,0.834795,0.000000,0.248411,0.506325,0.955211,1.368689,0.261416,0.524675,0.533791,0.606744,0.371772,0.567610,0.236780,0.580467,0.106704,0.291151,1.165587,0.846403,0.319668,0.320095,0.773717,0.858666,0.406257,0.533885,0.451896,0.386289,0.136676,0.401469,0.759670,0.783306,0.845305,0.802373,0.172614,0.313802,0.048820,-0.138101,0.129954,0.083326,-0.026028,0.044497,0.327541,0.140657,0.339777,0.046239,0.374528,0.446759,-0.043048,-0.044128,-0.028041,-0.112605,0.381109,0.293396,0.333285,0.149495,0.593612,0.543133,0.416802,0.661688,0.580061,0.626505,0.449251,0.295246,0.147356,0.440898,0.532902,0.373150,0.613283,0.331888,0.721494,0.349303,0.507801,0.504073,0.688914,0.526629,0.374872,0.577882,0.233283,0.002257,0.277957,0.397784,0.566728,0.767584,0.216394,0.277442,0.387216,0.418368,0.383991,0.490123
-0.016529,0.079085,0.156269,0.248411,0.000000,0.400972,-0.034821,-0.020356,0.277685,-0.049424,0.059923,-0.034572,-0.223906,-0.033414,0.396330,0.291761,0.248598,0.078599,0.100250,0.151391,-0.118633,-0.080375,-0.090455,0.473781,0.424163,0.568496,0.306150,0.630987,-0.104831,0.174325,0.016340,0.289867,-0.105723,-0.043947,0.139206,-0.089495,-0.284019,0.088005,-0.151262,-0.006092,0.626926,0.219919,0.108349,0.206814,0.096751,0.197581,0.370675,0.157963,0.022317,-0.169146,-0.000944,-0.098630,0.477907,0.231090,0.607800,0.476422,-0.250067,-0.107911,0.838434,0.336410,-0.008873,0.100250,-0.200755,0.004198,0.067291,0.141096,0.210893,0.270371,-0.213398,0.075189,0.010695,-0.380956,0.176557,-0.059579,0.183495,0.283394,-0.049181,-0.091198,-0.404943,0.102106,0.226459,-0.372911,0.201052,0.139872,-0.072399,0.021425,-0.128435,-0.045653,0.747924,0.483164
0.442933,0.332078,0.396926,0.506325,0.400972,0.000000,0.382906,0.454951,0.280775,0.444548,0.241963,0.391929,0.209155,0.467944,0.332929,0.473572,0.030939,0.287495,0.471700,0.480786,0.571631,0.431945,0.325596,0.365755,0.223878,0.329315,0.492564,0.698559,0.152571,0.393223,0.319769,0.323165,0.276591,0.220254,-0.080491,0.137224,0.076028,0.035206,-0.055104,0.080929,-0.071272,-0.069547,0.171094,0.210448,0.135971,0.110013,0.405874,0.332308,0.033227,0.016103,0.010179,0.039473,0.284176,0.364477,0.208678,0.131268,0.192128,0.243136,0.303341,0.435002,0.234952,0.165941,0.167693,0.158939,-0.057655,0.106865,0.181659,0.169452,0.338121,0.200381,0.267524,0.315223,0.346901,0.345922,0.333194,0.333141,0.250905,0.279514,0.008451,0.065068,0.235184,0.099335,0.472495,0.405221,0.061227,0.046965,-0.139599,0.113655,0.260746,0.334646
0.771423,0.376805,1.039189,0.955211,-0.034821,0.382906,0.000000,1.097335,0.573189,0.789941,0.814358,0.548723,0.911887,0.535955,0.280526,0.616561,0.174680,0.244599,1.049304,0.444318,0.287807,0.379472,1.350527,0.401718,0.474602,0.441685,0.342346,0.190752,0.177172,0.108113,0.824540,0.606778,0.910842,0.635566,0.407944,0.594530,0.220851,-0.183074,0.033067,0.152317,-0.142531,-0.013324,0.357466,0.164523,0.404592,0.064621,0.317935,0.511894,0.103241,0.203605,0.172646,0.157908,0.340409,0.460492,0.310595,0.080835,0.850388,0.598982,0.376977,0.472862,1.033880,0.470000,0.579913,0.216772,0.491603,0.435352,0.692676,0.203083,0.862272,0.034622,0.766802,0.667139,0.338420,0.294216,0.510879,0.242210,0.395338,0.551065,0.511676,-0.013855,0.042796,0.577257,0.372386,0.613944,0.282242,0.343992,0.395442,0.513838,0.251125,0.329181
0.852745,0.697252,0.612622,1.368689,-0.020356,0.454951,1.097335,0.000000,0.241801,0.662025,0.681036,0.889859,0.603652,0.818301,0.215760,0.605349,0.131458,0.389157,1.087534,0.813230,0.426198,0.450113,0.801339,0.602613,0.210543,0.384842,0.273354,0.171903,0.238975,0.384872,0.810737,0.717143,1.095452,0.978893,0.125765,0.356821,0.135985,-0.166282,0.064913,0.011965,-0.217210,0.023789,0.278671,0.133131,0.348376,0.008142,0.272821,0.504877,-0.016844,-0.003511,-0.040634,-0.092200,0.211097,0.229655,0.164524,0.002455,0.721427,0.718590,0.271234,0.782734,0.871818,0.888411,0.754437,0.437942,0.208940,0.554798,0.549523,0.381088,0.717144,0.270862,0.758976,0.530565,0.467224,0.606525,0.681275,0.423025,0.430517,0.686373,0.398802,-0.051531,0.247202,0.682253,0.569481,0.753266,0.328823,0.380037,0.344864,0.451161,0.162054,0.280290
0.220775,0.020160,0.458613,0.261416,0.277685,0.280775,0.573189,0.241801,0.000000,0.650259,0.485565,0.134283,0.572557,0.247139,0.580496,0.457217,0.416469,0.031826,0.285292,-0.024701,0.039019,0.145236,0.509382,0.140081,0.746675,0.592378,0.353756,0.220294,0.054558,-0.213137,0.216076,0.194662,0.166342,0.041622,0.579621,0.490352,0.280436,0.178362,0.162514,0.347126,0.209623,0.261486,0.433529,0.400985,0.497953,0.342507,0.462494,0.481775,0.390107,0.440001,0.484603,0.417511,0.535360,0.562570,0.525756,0.371184,0.272850,0.192600,0.517320,0.238160,0.479029,0.142181,0.170682,-0.006974,0.646968,0.325753,0.452908,0.189538,0.321364,0.009310,0.243704,0.163543,0.188055,0.006285,0.211165,0.131065,0.287693,0.270339,0.285817,0.090638,0.073207,0.313658,0.069854,0.206454,0.375885,0.449324,0.251055,0.214462,0.419482,0.400713
0.578610,0.278734,0.456264,0.524675,-0.049424,0.444548,0.789941,0.662025,0.650259,0.000000,0.557120,0.470530,0.864839,0.825216,0.636849,0.570492,0.250774,0.231888,0.569951,0.387992,0.402375,0.270525,0.714356,0.233066,0.489180,0.256215,0.587412,0.092177,0.359659,0.077825,0.502295,0.299088,0.640366,0.511646,0.247655,0.647729,0.581089,0.165918,0.220865,0.424309,-0.268015,0.008805,0.399147,0.304911,0.390325,0.263485,0.408504,0.558451,0.301763,0.382033,0.409258,0.392370,0.205421,0.372578,0.156121,-0.057269,0.571339,0.505078,0.256950,0.521080,0.715760,0.428487,0.473498,0.390157,0.363520,0.470449,0.536160,0.335421,0.613934,0.232463,0.352134,0.568536,0.442873,0.324236,0.374071,0.270170,0.546724,0.585007,0.367159,0.110389,0.284440,0.502870,0.439943,0.299377,0.613536,0.402441,0.284903,0.292951,0.034312,0.226267
0.741939,0.478613,0.453561,0.533791,0.059923,0.241963,0.814358,0.681036,0.485565,0.557120,0.000000,0.899707,1.055063,0.655177,0.416430,0.449520,0.417877,0.294700,0.619455,0.319999,0.130469,0.314938,0.696962,0.291890,0.288070,0.308030,0.180514,0.094081,0.331876,0.286684,0.558768,0.640075,0.651663,0.570735,0.224172,0.360263,0.076361,-0.188597,-0.171116,-0.042231,-0.106298,-0.003349,0.168096,0.134265,0.265771,0.073912,0.184030,0.289873,0.164159,0.283302,0.177514,0.205955,0.260345,0.262933,0.251416,0.094828,0.745033,0.590873,0.399028,0.547778,0.940578,0.582754,0.642151,0.351538,0.290341,0.277957,0.400629,0.157605,0.379960,-0.047967,0.620187,0.471170,0.434413,0.332889,0.552121,0.333862,0.277741,0.394165,0.418656,-0.064626,0.087421,0.439540,0.417327,0.382235,0.187599,0.189977,0.058806,0.124339,0.135061,0.081022
0.796467,0.831333,0.209341,0.606744,-0.034572,0.391929,0.548723,0.889859,0.134283,0.470530,0.899707,0.000000,0.715873,1.076880,0.329748,0.422346,0.326594,0.596794,0.597153,0.665157,0.308084,0.450518,0.461567,0.350904,0.062554,0.119178,0.179120,0.042257,0.530974,0.644787,0.652997,0.669074,0.866584,0.880920,-0.045237,0.240220,0.160946,-0.109426,-0.072532,-0.055110,-0.386724,-0.094015,0.195802,0.200690,0.247443,0.108360,0.243876,0.343685,0.083333,0.093588,-0.025966,0.020862,0.062201,0.084747,0.026296,-0.058536,0.667809,0.807347,0.142837,0.686656,0.754510,0.847494,0.828076,0.727402,-0.028202,0.308997,0.315163,0.360695,0.381253,0.190089,0.570866,0.599586,0.628256,0.752759,0.656484,0.526127,0.492785,0.583960,0.315931,-0.035032,0.289062,0.573227,0.659480,0.446944,0.227777,0.119482,-0.048179,0.102662,-0.074476,-0.056360
0.720351,0.325624,0.455993,0.371772,-0.223906,0.209155,0.911887,0.603652,0.572557,0.864839,1.055063,0.715873,0.000000,0.809844,0.527070,0.343578,0.361868,0.296942,0.595036,0.306937,0.245817,0.285123,0.848659,0.110011,0.325877,0.073107,0.262251,-0.086217,0.524173,0.159877,0.505502,0.349665,0.696442,0.542522,0.256358,0.590466,0.425488,-0.063463,-0.018921,0.229567,-0.414940,-0.111267,0.343041,0.295898,0.359271,0.241919,0.284554,0.462538,0.337960,0.492159,0.355465,0.432314,0.115780,0.316803,0.077149,-0.067666,0.820165,0.670913,0.162102,0.395829,0.903781,0.433658,0.636168,0.438552,0.364137,0.293001,0.444341,0.139262,0.591876,-0.032608,0.463019,0.801298,0.456079,0.320685,0.469540,0.205983,0.515345,0.553536,0.536124,0.038348,0.108270,0.555370,0.444296,0.267966,0.415471,0.189469,0.178154,0.159169,-0.114067,-0.056808
0.843618,0.695809,0.212219,0.567610,-0.033414,0.467944,0.535955,0.818301,0.247139,0.825216,0.655177,1.076880,0.809844,0.000000,0.542594,0.498015,0.317944,0.675566,0.633989,0.799234,0.486130,0.434043,0.474414,0.367396,0.238938,0.139152,0.374473,0.108437,0.623773,0.577497,0.611148,0.538235,0.852650,0.923440,0.053154,0.377856,0.359439,0.075513,0.014910,0.176028,-0.378516,-0.055323,0.351368,0.441847,0.366783,0.311155,0.445194,0.605577,0.271729,0.227638,0.187149,0.225438,0.050674,0.189291,0.028952,-0.060647,0.595390,0.750955,0.199413,0.717249,0.680941,0.734105,0.670848,0.787551,0.056184,0.453840,0.451246,0.474924,0.438655,0.285602,0.376666,0.618297,0.702892,0.691163,0.757907,0.557722,0.715089,0.778494,0.277614,0.128863,0.471049,0.606910,0.765647,0.429655,0.497938,0.280324,0.038199,0.167875,-0.117620,-0.024650
0.254456,0.154012,0.169828,0.236780,0.396330,0.332929,0.280526,0.215760,0.580496,0.636849,0.416430,0.329748,0.527070,0.542594,0.000000,0.590581,0.665353,0.349078,0.186996,0.260299,0.194138,0.051703,0.289920,0.385018,0.620293,0.400422,0.597072,0.284744,0.604201,0.291924,0.320366,0.352374,0.251616,0.307269,0.354784,0.550157,0.457738,0.382439,0.090709,0.509988,0.009849,0.145534,0.416239,0.542178,0.279424,0.538184,0.561707,0.406836,0.454929,0.279942,0.502706,0.443276,0.246602,0.247956,0.269700,0.028295,0.178881,0.327090,0.451280,0.424000,0.422689,0.360449,0.283893,0.501634,0.414551,0.498437,0.550673,0.552077,0.099735,0.106230,0.141597,0.226371,0.469474,0.178707,0.330716,0.196389,0.524365,0.419952,0.023441,0.452966,0.659622,0.189141,0.585542,0.177958,0.729065,0.369833,0.029017,-0.003622,0.244074,0.214913
0.353151,0.251899,0.502910,0.580467,0.291761,0.473572,0.616561,0.605349,0.457217,0.570492,0.449520,0.422346,0.343578,0.498015,0.590581,0.000000,0.378611,0.512172,0.530557,0.365537,0.272983,0.447872,0.535719,0.492049,0.554452,0.708298,0.499805,0.523604,0.186502,0.338881,0.743997,0.718734,0.507606,0.428192,0.486913,0.524638,0.177956,0.207219,-0.104515,0.224764,0.201614,0.280379,0.273731,0.251909,0.305836,0.082432,0.404231,0.437548,0.055230,0.005014,0.122988,0.107919,0.440793,0.386104,0.410412,0.151071,0.416404,0.369100,0.452576,0.522355,0.605668,0.416258,0.464855,0.213064,0.494620,0.542656,0.617821,0.352793,0.404768,0.028030,0.521838,0.377017,0.195269,0.209161,0.320771,0.153744,0.336113,0.379214,0.312472,0.296656,0.395794,0.479611,0.477311,0.714865,0.392631,0.583793,0.173180,0.477678,0.513999,0.500859
0.207612,0.168261,0.058706,0.106704,0.248598,0.030939,0.174680,0.131458,0.416469,0.250774,0.417877,0.326594,0.361868,0.317944,0.665353,0.378611,0.000000,0.525196,0.075128,0.124769,-0.023425,0.115579,0.082346,0.045906,0.518888,0.359507,0.216572,0.088504,0.586454,0.227847,0.334303,0.371758,0.244792,0.264108,0.406761,0.430367,0.300331,0.339289,0.096419,0.406798,0.267802,0.358968,0.498777,0.539490,0.461707,0.551793,0.475656,0.352838,0.506744,0.292544,0.521505,0.424612,0.392964,0.246384,0.422476,0.229670,0.242132,0.277647,0.448755,0.291587,0.400645,0.276750,0.458130,0.372708,0.450632,0.494551,0.522613,0.450916,0.018734,-0.089981,0.181570,0.118787,0.328441,0.166125,0.323072,0.205182,0.376699,0.334173,0.281188,0.507074,0.717906,0.444086,0.358826,0.294270,0.620272,0.532214,0.173608,0.137478,0.299100,0.165403
0.400553,0.500489,0.073734,0.291151,0.078599,0.287495,0.244599,0.389157,0.031826,0.231888,0.294700,0.596794,0.296942,0.675566,0.349078,0.512172,0.525196,0.000000,0.300187,0.528929,0.343079,0.434274,0.150359,0.179801,0.305468,0.179157,0.229180,0.188077,0.529378,0.768291,0.614618,0.623895,0.607842,0.571047,0.149357,0.273427,0.267377,0.237990,-0.173543,0.202804,-0.032666,0.209500,0.444827,0.549534,0.385475,0.239543,0.513318,0.528442,0.243540,0.028644,0.135796,0.138907,0.172083,0.263220,0.205118,0.010958,0.377831,0.631274,0.181013,0.427935,0.398892,0.376657,0.634960,0.695832,0.081165,0.352863,0.481680,0.452333,0.140375,0.039760,0.355525,0.421990,0.362783,0.550558,0.410388,0.282071,0.548527,0.527865,0.299753,0.459480,0.642007,0.600754,0.602076,0.560173,0.399716,0.326372,-0.060821,0.244754,0.007581,-0.073030
1.038625,0.680277,0.961450,1.165587,0.100250,0.471700,1.049304,1.087534,0.285292,0.569951,0.619455,0.597153,0.595036,0.633989,0.186996,0.530557,0.075128,0.300187,0.000000,0.966174,0.356404,0.428965,0.950089,0.553344,0.339251,0.309869,0.367747,0.279967,0.145734,0.275887,0.677651,0.630610,0.973509,0.791632,0.206580,0.281803,0.049920,-0.207890,0.026510,0.086195,-0.107705,0.063195,0.363602,0.191752,0.390507,0.018295,0.396393,0.576857,-0.014088,0.070074,-0.011827,-0.013568,0.303365,0.425535,0.282583,0.191476,0.741922,0.611784,0.300274,0.511188,0.608013,0.436917,0.437721,0.258449,0.159929,0.255965,0.493767,0.137332,0.939626,0.262093,0.677072,0.479194,0.432020,0.442697,0.631332,0.424899,0.352031,0.560317,0.350880,-0.086615,0.133384,0.496610,0.470671,0.699220,0.175231,0.210550,0.410331,0.481327,0.258729,0.340658
0.944408,1.027359,0.325151,0.846403,0.151391,0.480786,0.444318,0.813230,-0.024701,0.387992,0.319999,0.665157,0.306937,0.799234,0.260299,0.365537,0.124769,0.528929,0.966174,0.000000,0.474946,0.390227,0.371262,0.565043,0.178111,0.143120,0.351632,0.246091,0.389999,0.587283,0.523292,0.515657,0.857539,0.965886,-0.044320,0.116675,0.089386,-0.077949,0.053435,0.080956,-0.237485,0.047258,0.384930,0.369876,0.307108,0.154201,0.489306,0.617465,0.008768,-0.064156,-0.075516,-0.086583,0.050950,0.199237,0.061196,0.032651,0.462136,0.761976,0.215961,0.694959,0.372828,0.586351,0.387274,0.685976,-0.156851,0.280947,0.437597,0.448345,0.582901,0.543100,0.340690,0.288372,0.631716,0.681800,0.815914,0.589439,0.527571,0.645805,0.082524,0.093369,0.468554,0.393115,0.709749,0.564974,0.245863,0.117373,0.165679,0.190452,0.005407,0.107244
0.420259,0.309572,0.154967,0.319668,-0.118633,0.571631,0.287807,0.426198,0.039019,0.402375,0.130469,0.308084,0.245817,0.486130,0.194138,0.272983,-0.023425,0.343079,0.356404,0.474946,0.000000,0.463580,0.235673,0.246109,0.034715,0.065619,0.300735,0.273160,0.236889,0.265978,0.379310,0.294483,0.387791,0.377644,-0.017382,0.171773,0.230245,0.074746,0.082704,0.123348,-0.294078,-0.005125,0.158357,0.178016,0.065817,0.114487,0.233494,0.336577,0.021638,-0.013630,0.025486,0.041305,-0.108271,0.043151,-0.132930,-0.194948,0.219767,0.364866,0.037109,0.306750,0.264994,0.300057,0.265967,0.319567,0.024125,0.276868,0.259639,0.257334,0.274369,0.260699,0.157023,0.423545,0.279655,0.403110,0.283300,0.186408,0.396823,0.409329,0.021395,0.104909,0.283698,0.287764,0.396963,0.257982,0.364590,0.249256,-0.086943,0.178332,-0.078659,0.093864
0.414380,0.441360,0.249315,0.320095,-0.080375,0.431945,0.379472,0.450113,0.145236,0.270525,0.314938,0.450518,0.285123,0.434043,0.051703,0.447872,0.115579,0.434274,0.428965,0.390227,0.463580,0.000000,0.276540,0.121753,0.095551,0.179906,0.223061,0.334604,0.069262,0.267023,0.489863,0.463195,0.464480,0.408085,0.128536,0.120252,-0.024907,-0.098342,-0.120440,-0.090173,-0.038566,0.138095,0.141842,0.114908,0.205586,-0.002111,0.208420,0.318598,-0.015829,0.054990,-0.024784,0.092501,0.148321,0.296700,0.103602,0.099830,0.373755,0.454630,0.123697,0.344354,0.404666,0.299058,0.423360,0.174004,0.085358,0.132926,0.262655,0.120669,0.383159,0.154127,0.435455,0.422459,0.186659,0.441147,0.309559,0.174762,0.223371,0.337760,0.300244,0.027830,0.114452,0.448881,0.231370,0.497377,0.090715,0.268997,0.004479,0.284741,0.079843,0.111360
0.693650,0.300845,1.159094,0.773717,-0.090455,0.325596,1.350527,0.801339,0.509382,0.714356,0.696962,0.461567,0.848659,0.474414,0.289920,0.535719,0.082346,0.150359,0.950089,0.371262,0.235673,0.276540,0.000000,0.511665,0.534191,0.426641,0.434343,0.148115,0.162085,0.060745,0.796236,0.605405,0.775501,0.548767,0.443571,0.644702,0.199253,-0.199636,0.088845,0.177517,-0.232138,-0.089115,0.283531,0.089044,0.290254,0.031724,0.255967,0.380335,0.099123,0.219206,0.175973,0.185967,0.261792,0.375243,0.193068,0.041789,0.834597,0.508147,0.241497,0.229235,0.759853,0.318365,0.426667,0.171598,0.471700,0.353800,0.541003,0.086855,0.890463,0.071111,0.700393,0.750097,0.379572,0.257235,0.417166,0.278068,0.325036,0.464650,0.424714,-0.089640,-0.033704,0.432448,0.327992,0.436147,0.215997,0.198887,0.389477,0.407612,0.173542,0.234019
0.347517,0.375731,0.411508,0.858666,0.473781,0.365755,0.401718,0.602613,0.140081,0.233066,0.291890,0.350904,0.110011,0.367396,0.385018,0.492049,0.045906,0.179801,0.553344,0.565043,0.246109,0.121753,0.511665,0.000000,0.372365,0.657838,0.399498,0.491133,0.062588,0.333617,0.579397,0.793076,0.401544,0.589710,0.293351,0.252494,-0.152111,-0.122095,-0.016886,-0.056072,0.039239,-0.021021,0.070861,0.088811,0.031575,0.007972,0.227235,0.242610,-0.125829,-0.254754,-0.097323,-0.186831,0.130623,0.015684,0.135718,0.017272,0.152881,0.296094,0.522615,0.450840,0.362509,0.587493,0.164116,0.348381,0.203264,0.511882,0.517228,0.525260,0.201827,0.366040,0.322047,0.135749,0.434496,0.274062,0.476401,0.487454,0.252313,0.323927,-0.167146,-0.002688,0.222895,-0.011963,0.418803,0.262965,0.134675,0.188100,0.024641,0.084620,0.364601,0.302378
0.257029,0.074406,0.604174,0.406257,0.424163,0.223878,0.474602,0.210543,0.746675,0.489180,0.288070,0.062554,0.325877,0.238938,0.620293,0.554452,0.518888,0.305468,0.339251,0.178111,0.034715,0.095551,0.534191,0.372365,0.000000,0.746954,0.726423,0.397505,0.170302,0.062237,0.482377,0.478060,0.318195,0.234516,0.800734,0.661407,0.261548,0.223936,0.092430,0.554151,0.269796,0.306648,0.623946,0.542364,0.518033,0.474208,0.634096,0.560852,0.413133,0.289615,0.538932,0.452588,0.554161,0.562592,0.541596,0.290051,0.299932,0.236807,0.624342,0.194015,0.393993,0.073501,0.166248,0.168701,0.595121,0.456170,0.753284,0.341379,0.251481,-0.046732,0.343443,0.204637,0.267148,0.052270,0.267460,0.239034,0.315796,0.299597,0.206014,0.339436,0.349784,0.219196,0.287038,0.399944,0.399626,0.423815,0.293229,0.334223,0.409231,0.315659
0.101011,0.062951,0.464012,0.533885,0.568496,0.329315,0.441685,0.384842,0.592378,0.256215,0.308030,0.119178,0.073107,0.139152,0.400422,0.708298,0.359507,0.179157,0.309869,0.143120,0.065619,0.179906,0.426641,0.657838,0.746954,0.000000,0.312789,0.495053,-0.013898,0.087062,0.558793,0.656994,0.274045,0.256547,0.675522,0.438379,-0.068333,0.026866,-0.013068,0.059968,0.424121,0.292999,0.194617,0.196778,0.281059,0.116448,0.279182,0.347043,0.051550,-0.108860,0.113101,-0.005468,0.432428,0.300596,0.470960,0.261336,0.118921,0.113946,0.814359,0.328689,0.477235,0.342479,0.204751,0.070475,0.673536,0.699447,0.708358,0.450451,0.086205,0.013513,0.393874,0.016935,0.195097,-0.010634,0.294036,0.252327,0.149534,0.235098,0.110620,0.119370,0.224925,0.207375,0.204628,0.425577,0.228492,0.600993,0.193587,0.274366,0.637024,0.457437
0.394613,0.253914,0.478571,0.451896,0.306150,0.492564,0.342346,0.273354,0.353756,0.587412,0.180514,0.179120,0.262251,0.374473,0.597072,0.499805,0.216572,0.229180,0.367747,0.351632,0.300735,0.223061,0.434343,0.399498,0.726423,0.312789,0.000000,0.641849,0.223765,0.216321,0.329941,0.407664,0.268768,0.227788,0.251077,0.480729,0.318348,0.235095,0.174457,0.565366,-0.056128,0.072284,0.468461,0.365860,0.272580,0.377732,0.591048,0.359953,0.320737,0.294688,0.416771,0.449537,0.395345,0.386168,0.272312,0.139785,0.269862,0.214316,0.268227,0.227073,0.150982,0.016995,0.071087,0.165474,0.129753,0.223998,0.368910,0.229689,0.342953,0.220490,0.292304,0.385156,0.416009,0.307859,0.273621,0.290322,0.394001,0.312135,0.071254,0.249847,0.415395,0.074871,0.507926,0.333630,0.353092,0.150920,0.135239,0.229009,0.256087,0.396787
0.170612,0.096216,0.357808,0.386289,0.630987,0.698559,0.190752,0.171903,0.220294,0.092177,0.094081,0.042257,-0.086217,0.108437,0.284744,0.523604,0.088504,0.188077,0.279967,0.246091,0.273160,0.334604,0.148115,0.491133,0.397505,0.495053,0.641849,0.000000,-0.148396,0.229692,0.183406,0.432210,-0.024367,0.025662,0.232902,0.145536,-0.234022,0.038006,-0.199376,0.075493,0.378393,0.166186,0.128350,0.222557,0.041002,0.182089,0.349531,0.181773,0.038050,-0.055136,0.029825,0.058347,0.432887,0.348241,0.426994,0.303116,-0.058120,-0.049857,0.544051,0.312755,0.026213,-0.005332,-0.157998,-0.077815,0.079162,0.157000,0.230570,0.162797,0.075376,0.068238,0.087829,0.056511,0.045568,0.038114,0.193749,0.190498,0.046078,0.014142,-0.222125,0.178064,0.206366,-0.142599,0.261780,0.316820,-0.043970,0.133414,-0.142614,0.128230,0.628603,0.500581
0.421382,0.334832,-0.114192,0.136676,-0.104831,0.152571,0.177172,0.238975,0.054558,0.359659,0.331876,0.530974,0.524173,0.623773,0.604201,0.186502,0.586454,0.529378,0.145734,0.389999,0.236889,0.069262,0.162085,0.062588,0.170302,-0.013898,0.223765,-0.148396,0.000000,0.658562,0.403878,0.257735,0.487643,0.589309,-0.031961,0.333881,0.575961,0.254759,0.186453,0.373656,-0.438113,-0.133841,0.255849,0.326252,0.121990,0.281760,0.255721,0.227008,0.229139,0.099286,0.224336,0.231378,-0.092707,-0.099358,-0.144683,-0.337570,0.406939,0.547554,-0.033031,0.289259,0.369980,0.363006,0.615142,0.919619,-0.020465,0.288064,0.387344,0.494693,0.144652,0.087229,0.179729,0.407547,0.700821,0.497967,0.526434,0.305765,0.732244,0.565963,0.262535,0.383024,0.783492,0.447998,0.875142,0.218257,0.545196,0.097382,0.023018,-0.115419,-0.312316,-0.273554
0.433829,0.583315,-0.002253,0.401469,0.174325,0.393223,0.108113,0.384872,-0.213137,0.077825,0.286684,0.644787,0.159877,0.577497,0.291924,0.338881,0.227847,0.768291,0.275887,0.587283,0.265978,0.267023,0.060745,0.333617,0.062237,0.087062,0.216321,0.229692,0.658562,0.000000,0.451897,0.547318,0.463537,0.559184,-0.227907,-0.051834,0.086498,0.044380,-0.168002,0.054023,-0.187196,-0.117496,0.145072,0.217685,0.078021,0.040653,0.271218,0.205717,-0.025864,-0.195924,-0.116475,-0.117616,0.053385,0.015298,0.009265,-0.173907,0.295985,0.472557,0.034936,0.407351,0.169098,0.335426,0.406903,0.613234,-0.337685,0.073585,0.179571,0.311747,0.013505,0.103414,0.339446,0.250833,0.517774,0.587056,0.441522,0.377058,0.380014,0.356574,0.135506,0.298047,0.640767,0.238279,1.062457,0.607332,0.079890,-0.124532,-0.119639,-0.025330,-0.092408,-0.170671
0.565893,0.381714,0.554314,0.759670,0.016340,0.319769,0.824540,0.810737,0.216076,0.502295,0.558768,0.652997,0.505502,0.611148,0.320366,0.743997,0.334303,0.614618,0.677651,0.523292,0.379310,0.489863,0.796236,0.579397,0.482377,0.558793,0.329941,0.183406,0.403878,0.451897,0.000000,1.193876,1.032380,0.949739,0.457309,0.618425,0.220281,-0.055321,-0.046506,0.142651,-0.136146,0.034813,0.246285,0.172949,0.255717,0.056533,0.314069,0.411264,0.041086,-0.054153,0.112273,0.076505,0.182708,0.194906,0.168999,-0.111924,0.654129,0.627143,0.315999,0.430029,0.862443,0.573096,0.746398,0.508877,0.415255,0.603345,0.819847,0.427647,0.459629,-0.028386,0.710851,0.648185,0.425073,0.386600,0.514998,0.279485,0.520955,0.571571,0.415898,0.216080,0.336386,0.536291,0.531155,0.587033,0.365678,0.402622,0.127226,0.342793,0.136574,0.085094
0.499856,0.443531,0.487460,0.783306,0.289867,0.323165,0.606778,0.717143,0.194662,0.299088,0.640075,0.669074,0.349665,0.538235,0.352374,0.718734,0.371758,0.623895,0.630610,0.515657,0.294483,0.463195,0.605405,0.793076,0.478060,0.656994,0.407664,0.432210,0.257735,0.547318,1.193876,0.000000,0.719884,0.810640,0.439750,0.434661,-0.060824,-0.095474,-0.197411,0.007239,0.068308,0.118684,0.195900,0.181344,0.202458,0.083594,0.314609,0.334510,0.026405,-0.120661,0.007141,-0.019897,0.275158,0.156523,0.292295,0.052259,0.414707,0.486919,0.563418,0.578503,0.689600,0.631664,0.535587,0.432714,0.339516,0.597772,0.688338,0.438268,0.249942,0.017460,0.626857,0.431844,0.421394,0.395392,0.578295,0.418672,0.337211,0.414028,0.183535,0.131027,0.360529,0.333701,0.576642,0.549047,0.224717,0.343168,0.016998,0.244611,0.353575,0.187699
1.013996,0.752230,0.515429,0.845305,-0.105723,0.276591,0.910842,1.095452,0.166342,0.640366,0.651663,0.866584,0.696442,0.852650,0.251616,0.507606,0.244792,0.607842,0.973509,0.857539,0.387791,0.464480,0.775501,0.401544,0.318195,0.274045,0.268768,-0.024367,0.487643,0.463537,1.032380,0.719884,0.000000,1.459497,0.216888,0.477109,0.297874,-0.101406,0.060456,0.104369,-0.324813,0.004660,0.346812,0.215797,0.390756,0.038387,0.340941,0.592257,0.064977,0.067812,0.096959,0.077248,0.123078,0.230217,0.110465,-0.090699,1.107012,1.043434,0.202991,0.628226,0.995772,0.740841,1.055706,0.701714,0.203394,0.493239,0.773356,0.441650,0.744577,0.210288,0.868765,0.718032,0.599159,0.645414,0.715653,0.445545,0.619580,0.802489,0.562378,0.045147,0.333378,0.815271,0.607542,0.682447,0.404920,0.337968,0.259561,0.341321,-0.050560,0.034268
0.861686,0.750649,0.282089,0.802373,-0.043947,0.220254,0.635566,0.978893,0.041622,0.511646,0.570735,0.880920,0.542522,0.923440,0.307269,0.428192,0.264108,0.571047,0.791632,0.965886,0.377644,0.408085,0.548767,0.589710,0.234516,0.256547,0.227788,0.025662,0.589309,0.559184,0.949739,0.810640,1.459497,0.000000,0.197372,0.423010,0.185371,-0.115212,0.025146,0.044025,-0.336627,-0.044313,0.227494,0.221302,0.251391,0.090374,0.279688,0.490390,0.013879,-0.064843,0.012790,-0.018334,-0.021214,-0.004892,-0.034426,-0.208031,0.719656,0.932114,0.262849,0.771787,0.862167,1.001891,0.895523,0.947968,0.123445,0.593991,0.767076,0.658203,0.478295,0.288776,0.580938,0.515689,0.676505,0.641578,0.836376,0.561252,0.682973,0.845167,0.287899,0.059932,0.448411,0.599717,0.671341,0.480298,0.399123,0.300107,0.116960,0.132324,-0.108836,-0.052720
0.015336,-0.159465,0.402964,0.172614,0.139206,-0.080491,0.407944,0.125765,0.579621,0.247655,0.224172,-0.045237,0.256358,0.053154,0.354784,0.486913,0.406761,0.149357,0.206580,-0.044320,-0.017382,0.128536,0.443571,0.293351,0.800734,0.675522,0.251077,0.232902,-0.031961,-0.227907,0.457309,0.439750,0.216888,0.197372,0.000000,0.846752,0.110368,0.110403,-0.045894,0.275415,0.298031,0.273115,0.334134,0.365407,0.408208,0.333598,0.309003,0.391386,0.263406,0.206869,0.394783,0.355387,0.275147,0.310450,0.309148,0.188901,0.164188,0.099450,0.552895,0.114562,0.464390,0.144708,0.208742,0.034006,1.140227,0.682496,0.814662,0.323706,0.182563,-0.199107,0.219983,0.173840,-0.016365,-0.271021,0.140388,-0.021032,0.244154,0.238346,0.235110,0.228069,0.080735,0.263803,-0.031406,0.119065,0.397582,0.686508,0.198745,0.283930,0.382829,0.221337
0.268432,-0.039529,0.393472,0.313802,-0.089495,0.137224,0.594530,0.356821,0.490352,0.647729,0.360263,0.240220,0.590466,0.377856,0.550157,0.524638,0.430367,0.273427,0.281803,0.116675,0.171773,0.120252,0.644702,0.252494,0.661407,0.438379,0.480729,0.145536,0.333881,-0.051834,0.618425,0.434661,0.477109,0.423010,0.846752,0.000000,0.481264,0.147002,0.077354,0.419495,-0.161710,0.070603,0.402589,0.394298,0.375722,0.388280,0.348398,0.443140,0.396233,0.377107,0.521059,0.541019,0.172522,0.314260,0.164453,-0.023904,0.475052,0.318134,0.299753,0.284300,0.718248,0.305432,0.520947,0.278680,0.789723,0.811036,0.744947,0.423284,0.395053,-0.099075,0.282276,0.592003,0.242311,0.016367,0.285261,0.157444,0.496185,0.488283,0.364713,0.248335,0.245511,0.431232,0.262861,0.163658,0.624313,0.583358,0.178209,0.247675,0.118452,0.154202
0.246880,0.122645,0.073611,0.048820,-0.284019,0.076028,0.220851,0.135985,0.280436,0.581089,0.076361,0.160946,0.425488,0.359439,0.457738,0.177956,0.300331,0.267377,0.049920,0.089386,0.230245,-0.024907,0.199253,-0.152111,0.261548,-0.068333,0.318348,-0.234022,0.575961,0.086498,0.220281,-0.060824,0.297874,0.185371,0.110368,0.481264,0.000000,0.672822,0.627356,0.840955,-0.381142,-0.028825,0.579206,0.400638,0.403096,0.367917,0.443129,0.324554,0.448424,0.449687,0.572490,0.509552,-0.029136,0.174324,0.008358,-0.176449,0.396416,0.306419,-0.172863,0.064630,0.197701,0.065952,0.389176,0.319183,0.215754,0.192913,0.301293,0.293039,0.243742,0.167466,0.165292,0.418166,0.356080,0.326972,0.132541,0.021095,0.770140,0.646214,0.400760,0.449863,0.426093,0.439824,0.291598,0.084564,0.927042,0.344139,0.268263,0.208041,-0.202311,0.068937
-0.122047,-0.041735,-0.145670,-0.138101,0.088005,0.035206,-0.183074,-0.166282,0.178362,0.165918,-0.188597,-0.109426,-0.063463,0.075513,0.382439,0.207219,0.339289,0.237990,-0.207890,-0.077949,0.074746,-0.098342,-0.199636,-0.122095,0.223936,0.026866,0.235095,0.038006,0.254759,0.044380,-0.055321,-0.095474,-0.101406,-0.115212,0.110403,0.147002,0.672822,0.000000,0.425460,0.635335,0.181222,0.337094,0.394582,0.381569,0.264738,0.364676,0.391680,0.151889,0.322514,0.229043,0.411917,0.380012,0.145631,0.151557,0.196113,0.155254,-0.046684,-0.058103,-0.021708,-0.049706,-0.181219,-0.142567,0.033499,0.028008,0.169826,0.135245,0.139898,0.265140,-0.129937,0.118710,-0.091467,-0.007333,0.004906,0.108964,-0.058083,-0.073304,0.338452,0.199703,0.079398,0.500828,0.583716,0.162672,0.127180,0.042043,0.646906,0.440606,0.138015,0.280705,0.122340,0.295532
0.185661,0.189388,0.113199,0.129954,-0.151262,-0.055104,0.033067,0.064913,0.162514,0.220865,-0.171116,-0.072532,-0.018921,0.014910,0.090709,-0.104515,0.096419,-0.173543,0.026510,0.053435,0.082704,-0.120440,0.088845,-0.016886,0.092430,-0.013068,0.174457,-0.199376,0.186453,-0.168002,-0.046506,-0.197411,0.060456,0.025146,-0.045894,0.077354,0.627356,0.425460,0.000000,0.526128,-0.132452,0.096138,0.291437,0.028675,0.131446,0.110569,0.206705,0.010510,0.120295,0.175961,0.267002,0.142821,0.066860,-0.038905,0.088449,0.123335,0.223019,0.133252,-0.153935,-0.138980,-0.092712,-0.010480,0.047542,0.032273,0.041964,0.068456,0.093274,0.192019,0.250604,0.585799,-0.021131,-0.011939,0.278421,0.318404,0.057479,0.170886,0.346056,0.369284,0.116637,0.165870,0.278189,0.262428,0.052645,0.018130,0.498985,0.254234,0.633105,0.239647,0.075841,0.336943
0.134640,-0.031382,0.272591,0.083326,-0.006092,0.080929,0.152317,0.011965,0.347126,0.424309,-0.042231,-0.055110,0.229567,0.176028,0.509988,0.224764,0.406798,0.202804,0.086195,0.080956,0.123348,-0.090173,0.177517,-0.056072,0.554151,0.059968,0.565366,0.075493,0.373656,0.054023,0.142651,0.007239,0.104369,0.044025,0.275415,0.419495,0.840955,0.635335,0.526128,0.000000,0.010903,0.231951,0.686034,0.542167,0.418068,0.625060,0.585169,0.347107,0.512062,0.395852,0.634899,0.545391,0.215480,0.260857,0.237191,0.084430,0.173228,0.075963,0.031206,-0.016307,-0.011653,-0.158177,0.051441,0.122603,0.258875,0.181214,0.326404,0.188099,0.185796,0.004242,0.036865,0.209998,0.175679,0.106670,0.066166,-0.006101,0.499095,0.419677,0.203231,0.659005,0.584404,0.280629,0.273463,0.248524,0.727508,0.361795,0.417483,0.314055,0.113636,0.261837
-0.335820,-0.266981,0.122938,-0.026028,0.626926,-0.071272,-0.142531,-0.217210,0.209623,-0.268015,-0.106298,-0.386724,-0.414940,-0.378516,0.009849,0.201614,0.267802,-0.032666,-0.107705,-0.237485,-0.294078,-0.038566,-0.232138,0.039239,0.269796,0.424121,-0.056128,0.378393,-0.438113,-0.187196,-0.136146,0.068308,-0.324813,-0.336627,0.298031,-0.161710,-0.381142,0.181222,-0.132452,0.010903,0.000000,0.476724,0.007966,0.038148,0.077982,0.086793,0.080088,-0.052536,0.020319,-0.072708,0.072904,-0.016124,0.573186,0.274693,0.702323,0.650727,-0.325826,-0.412202,0.470783,-0.018101,-0.197093,-0.191479,-0.292890,-0.455859,0.252718,0.041627,0.059815,-0.054579,-0.264450,-0.263178,-0.056237,-0.569036,-0.334984,-0.370823,-0.141890,-0.175516,-0.438609,-0.389424,-0.136386,0.181524,0.106832,-0.186424,-0.289896,0.138821,-0.082355,0.292225,0.114895,0.202172,0.848215,0.520576
-0.059245,0.048322,0.098197,0.044497,0.219919,-0.069547,-0.013324,0.023789,0.261486,0.008805,-0.003349,-0.094015,-0.111267,-0.055323,0.145534,0.280379,0.358968,0.209500,0.063195,0.047258,-0.005125,0.138095,-0.089115,-0.021021,0.306648,0.292999,0.072284,0.166186,-0.133841,-0.117496,0.034813,0.118684,0.004660,-0.044313,0.273115,0.070603,-0.028825,0.337094,0.096138,0.231951,0.476724,0.000000,0.294274,0.294418,0.255828,0.196218,0.307212,0.267653,0.154598,0.054433,0.214840,0.151091,0.415531,0.328031,0.494467,0.470466,-0.030158,0.067772,0.276299,0.072898,0.044442,-0.014560,0.023729,-0.056386,0.310049,0.248294,0.260321,0.132384,-0.052850,-0.101787,0.038176,-0.166762,-0.286881,-0.009330,-0.083936,-0.069664,0.059397,0.112286,0.075896,0.305481,0.249830,0.256788,-0.109427,0.317341,0.332840,0.625730,0.290021,0.394128,0.472885,0.378450
0.418796,0.388307,0.335657,0.327541,0.108349,0.171094,0.357466,0.278671,0.433529,0.399147,0.168096,0.195802,0.343041,0.351368,0.416239,0.273731,0.498777,0.444827,0.363602,0.384930,0.158357,0.141842,0.283531,0.070861,0.623946,0.194617,0.468461,0.128350,0.255849,0.145072,0.246285,0.195900,0.346812,0.227494,0.334134,0.402589,0.579206,0.394582,0.291437,0.686034,0.007966,0.294274,0.000000,1.237964,1.374614,0.803894,1.184107,1.094873,0.914307,0.683500,0.784908,0.623438,0.394850,0.769737,0.473307,0.423958,0.343921,0.347104,0.206833,0.225909,0.204112,0.050566,0.228419,0.193725,0.293886,0.256491,0.447059,0.296214,0.311273,0.139079,0.206976,0.268444,0.254860,0.275619,0.281741,0.250961,0.548685,0.562445,0.421552,0.387948,0.457228,0.486493,0.340604,0.447597,0.612424,0.402614,0.420988,0.458384,0.138153,0.254408
0.261271,0.263839,0.086312,0.140657,0.206814,0.210448,0.164523,0.133131,0.400985,0.304911,0.134265,0.200690,0.295898,0.441847,0.542178,0.251909,0.539490,0.549534,0.191752,0.369876,0.178016,0.114908,0.089044,0.088811,0.542364,0.196778,0.365860,0.222557,0.326252,0.217685,0.172949,0.181344,0.215797,0.221302,0.365407,0.394298,0.400638,0.381569,0.028675,0.542167,0.038148,0.294418,1.237964,0.000000,1.037707,1.049135,1.222530,1.164561,0.969499,0.579944,0.710108,0.620639,0.308066,0.643284,0.396825,0.362035,0.109313,0.263135,0.330492,0.336929,0.194302,0.111292,0.138240,0.325090,0.268420,0.355913,0.470026,0.460424,0.084455,0.042327,-0.019394,0.184401,0.241310,0.133064,0.306070,0.261689,0.571625,0.486596,0.184799,0.465363,0.524085,0.348491,0.358951,0.279727,0.561548,0.380420,0.085033,0.157287,0.069848,0.060699
0.378576,0.356988,0.328447,0.339777,0.096751,0.135971,0.404592,0.348376,0.497953,0.390325,0.265771,0.247443,0.359271,0.366783,0.279424,0.305836,0.461707,0.385475,0.390507,0.307108,0.065817,0.205586,0.290254,0.031575,0.518033,0.281059,0.272580,0.041002,0.121990,0.078021,0.255717,0.202458,0.390756,0.251391,0.408208,0.375722,0.403096,0.264738,0.131446,0.418068,0.077982,0.255828,1.374614,1.037707,0.000000,0.745885,0.919079,1.123818,0.887604,0.720733,0.692867,0.547196,0.417097,0.769482,0.494976,0.486521,0.347421,0.270589,0.260928,0.293980,0.299744,0.132053,0.312653,0.079663,0.398025,0.294479,0.436853,0.254284,0.291087,0.050098,0.315254,0.242914,0.161603,0.153284,0.265934,0.245003,0.414462,0.491338,0.554600,0.208323,0.290214,0.556806,0.233130,0.458367,0.473217,0.444355,0.392791,0.431769,0.147487,0.252646
0.115571,0.075863,0.075654,0.046239,0.197581,0.110013,0.064621,0.008142,0.342507,0.263485,0.073912,0.108360,0.241919,0.311155,0.538184,0.082432,0.551793,0.239543,0.018295,0.154201,0.114487,-0.002111,0.031724,0.007972,0.474208,0.116448,0.377732,0.182089,0.281760,0.040653,0.056533,0.083594,0.038387,0.090374,0.333598,0.388280,0.367917,0.364676,0.110569,0.625060,0.086793,0.196218,0.803894,1.049135,0.745885,0.000000,0.760362,0.572943,1.208609,0.706063,0.845565,0.744040,0.208685,0.398125,0.321978,0.325396,-0.048636,-0.000591,0.324692,0.227596,0.085864,0.044395,-0.007445,0.168057,0.293483,0.333466,0.338836,0.385476,-0.081997,-0.066953,-0.112399,0.108870,0.154720,-0.003280,0.187909,0.144553,0.386090,0.332514,-0.027718,0.491396,0.473732,0.110932,0.239018,0.055688,0.559369,0.290445,0.078412,0.063125,0.094931,0.143870
0.476184,0.453231,0.359788,0.374528,0.370675,0.405874,0.317935,0.272821,0.462494,0.408504,0.184030,0.243876,0.284554,0.445194,0.561707,0.404231,0.475656,0.513318,0.396393,0.489306,0.233494,0.208420,0.255967,0.227235,0.634096,0.279182,0.591048,0.349531,0.255721,0.271218,0.314069,0.314609,0.340941,0.279688,0.309003,0.348398,0.443129,0.391680,0.206705,0.585169,0.080088,0.307212,1.184107,1.222530,0.919079,0.760362,0.000000,1.047001,0.731713,0.492148,0.704288,0.584698,0.648301,0.849244,0.697066,0.525655,0.286268,0.366318,0.424161,0.360129,0.210987,0.103457,0.142837,0.257182,0.195140,0.282596,0.507484,0.417052,0.254552,0.184089,0.177507,0.226119,0.411250,0.303245,0.362949,0.363350,0.636282,0.586703,0.204664,0.441391,0.542926,0.336461,0.431953,0.476017,0.568025,0.354294,0.201188,0.302896,0.306933,0.343514
0.545878,0.454811,0.324764,0.446759,0.157963,0.332308,0.511894,0.504877,0.481775,0.558451,0.289873,0.343685,0.462538,0.605577,0.406836,0.437548,0.352838,0.528442,0.576857,0.617465,0.336577,0.318598,0.380335,0.242610,0.560852,0.347043,0.359953,0.181773,0.227008,0.205717,0.411264,0.334510,0.592257,0.490390,0.391386,0.443140,0.324554,0.151889,0.010510,0.347107,-0.052536,0.267653,1.094873,1.164561,1.123818,0.572943,1.047001,0.000000,0.588919,0.415974,0.483655,0.398561,0.342507,0.773860,0.397347,0.331695,0.383620,0.528774,0.393624,0.531821,0.497101,0.326961,0.327665,0.373002,0.310349,0.456162,0.644472,0.452731,0.398125,0.158111,0.240875,0.300895,0.316595,0.287821,0.453845,0.407179,0.582963,0.642053,0.366497,0.146113,0.349525,0.547008,0.411046,0.537280,0.489427,0.449573,0.220962,0.335412,0.095269,0.145315
