0.000000,1.127478,0.872212,0.724294,0.581829,0.569370,0.727756,0.506965,0.676301,0.613867,0.539949,0.796385,0.678761,0.599632,0.743221,0.640853,0.513772,0.708242,0.694809,0.781397,0.008266,0.161380,0.759900,0.657542,0.718671,0.655214,0.524809,0.480211,0.239364,0.477485,0.517898,0.463943,0.744758,0.848042,0.723690,0.644482,0.317740,0.278270,0.384714,0.679091,0.464840,0.164086,0.667131,0.955738,0.669554,0.728111,0.731668,0.694259,0.733691,0.732422,0.750898,0.683917,0.886557,0.920924,0.787040,0.874106,1.306708,1.073354,0.909136,0.811397,0.661321,0.602870,0.468741,0.336049,0.290029,0.527396,0.801093,0.666849,0.892905,0.775439,0.203719,0.430129,0.403311,0.537161,0.262787,0.445365,0.348942,0.412519,0.360533,0.597728,0.793537,0.757499,0.688238,0.559581,0.763581,0.698158,0.479919,0.391920,0.669865,0.721906
1.127478,0.000000,0.593793,0.657501,0.629739,0.690516,0.528570,0.505537,0.603551,0.677846,0.382391,0.840777,0.517951,0.537656,0.775633,0.861461,0.492046,0.945466,0.714685,1.024291,0.084093,0.188564,0.624446,0.655108,0.941423,0.734992,0.718167,0.522179,0.126092,0.576197,0.467354,0.461748,0.715728,0.847868,0.570549,0.648186,0.316321,0.325322,0.373808,0.650259,0.465799,0.153591,0.801684,1.046664,0.871158,0.802268,0.901382,0.836015,0.766812,0.735320,0.799900,0.743410,1.103208,1.075120,1.001504,1.064912,1.380054,1.463601,0.829338,0.843915,0.550034,0.599952,0.551117,0.525557,0.039876,0.465641,0.914174,0.770657,1.081576,1.148092,0.283704,0.387262,0.279730,0.460254,0.246025,0.451506,0.166353,0.295406,0.384638,0.890611,1.001072,1.204637,0.828262,0.982786,0.817440,0.970160,0.443791,0.583251,0.566457,0.833841
0.872212,0.593793,0.000000,0.960572,0.628071,0.654153,0.865091,0.608644,0.765444,0.680710,0.348444,0.473257,0.524993,0.542624,0.705252,0.622432,0.260371,0.362435,0.621523,0.566007,0.145045,0.086566,1.361247,1.073016,0.660049,0.856940,0.371681,0.384660,0.058359,0.244487,0.483412,0.461215,0.416382,0.492026,0.743603,0.543392,0.328164,0.323435,0.308958,0.633112,0.324256,0.315708,0.534966,0.723034,0.515836,0.573908,0.577929,0.491082,0.505972,0.599932,0.562531,0.553873,0.606489,0.714272,0.558294,0.590332,0.577993,0.565194,0.610103,0.560506,0.442068,0.393313,0.153146,0.093954,0.461106,0.506328,0.511848,0.409055,0.592876,0.525313,0.423094,0.565945,0.269065,0.441168,0.051475,0.258420,0.308665,0.312753,0.236044,0.433558,0.512652,0.554995,0.494375,0.395796,0.683317,0.629115,0.516452,0.507312,0.727102,0.576363
0.724294,0.657501,0.960572,0.000000,0.779495,0.986463,1.019012,1.381243,0.863513,1.060673,0.307209,0.587122,0.479185,0.509791,0.669061,0.770611,0.333311,0.515662,0.607190,0.813975,0.114976,0.108196,1.092431,1.249180,0.734307,1.186768,0.324334,0.369648,0.265429,0.554783,0.939817,1.061260,0.784581,0.957318,0.575872,0.756732,0.219793,0.269811,0.332836,0.716391,0.291861,0.249157,0.602627,0.681101,0.596140,0.556944,0.613329,0.529111,0.420598,0.501879,0.508279,0.507237,0.532813,0.603305,0.483610,0.538917,0.565870,0.583704,0.574436,0.788871,0.665605,0.804933,0.455791,0.497761,0.509244,0.840059,0.729094,0.780388,0.623942,0.596505,0.435940,0.489365,0.430948,0.703699,0.117557,0.410787,0.475804,0.572194,0.238361,0.477580,0.557433,0.695158,0.529515,0.515062,0.653026,0.732012,0.507694,0.480210,0.518995,0.623256
0.581829,0.629739,0.628071,0.779495,0.000000,1.468045,0.810603,0.690359,1.348705,0.859450,0.250439,0.378673,0.476162,0.305785,0.942764,0.642572,0.398772,0.469543,0.569289,0.769740,0.353429,0.260910,0.887616,0.637177,1.212219,0.968171,0.971366,0.852383,0.300417,0.589460,0.676787,0.484508,0.717220,0.799060,0.436386,0.441244,0.302006,0.199577,0.539662,0.699051,0.475125,0.215881,0.601762,0.495196,0.861431,0.680933,0.617719,0.510741,0.539644,0.575912,0.589536,0.608233,0.612239,0.733402,0.587295,0.586919,0.552084,0.469451,0.590240,0.750050,0.630401,0.688696,0.606724,0.539248,0.387217,0.494643,0.735477,0.709490,0.572392,0.613630,0.453625,0.568559,0.391636,0.587422,0.175076,0.697943,0.352156,0.399391,0.276584,0.468281,0.667080,0.712945,0.603835,0.532259,0.587545,0.506095,0.416506,0.169742,0.467873,0.502051
0.569370,0.690516,0.654153,0.986463,1.468045,0.000000,0.788572,0.865221,1.191677,1.109058,0.316472,0.530428,0.487805,0.446898,0.927960,0.776547,0.411152,0.559679,0.593498,0.819180,0.340952,0.270507,0.935174,0.842838,1.168076,1.253320,0.732315,0.795636,0.273389,0.650577,0.741005,0.651726,0.680115,0.806034,0.379336,0.451018,0.260231,0.209601,0.421803,0.745668,0.353864,0.226272,0.599229,0.568651,0.863580,0.703466,0.583056,0.524752,0.529777,0.619099,0.630235,0.660072,0.644013,0.698663,0.548387,0.595381,0.596056,0.556816,0.635818,0.880145,0.645283,0.832769,0.593108,0.636907,0.325353,0.544119,0.740569,0.763082,0.588822,0.610126,0.530925,0.612891,0.340865,0.619833,0.141649,0.631016,0.274282,0.359109,0.287630,0.463156,0.626060,0.733867,0.552479,0.530535,0.568202,0.626940,0.427569,0.256928,0.430329,0.603239
0.727756,0.528570,0.865091,1.019012,0.810603,0.788572,0.000000,1.066163,0.976726,0.843341,0.474869,0.485342,0.881791,0.498535,0.662283,0.535297,0.331692,0.501127,0.661226,0.842456,0.043719,-0.074006,0.718511,0.685742,0.584959,0.747618,0.354709,0.338597,0.297699,0.462212,0.605041,0.530844,0.906468,0.923334,0.526514,0.683988,0.189780,0.075270,0.406699,0.540809,0.243169,0.054688,0.698826,0.579767,0.615182,0.537679,0.673984,0.681178,0.383005,0.437725,0.501939,0.427789,0.591031,0.709993,0.593582,0.653411,0.521205,0.451135,0.780042,0.721514,1.116797,0.790638,0.619587,0.567659,0.659140,0.660716,0.864545,0.736873,0.594947,0.685203,0.188931,0.342940,0.505649,0.505147,0.239646,0.464288,0.731381,0.678032,0.102612,0.418681,0.511845,0.669314,0.480963,0.432520,0.659433,0.481124,0.403285,0.213278,0.705095,0.632780
0.506965,0.505537,0.608644,1.381243,0.690359,0.865221,1.066163,0.000000,0.796780,1.028237,0.304938,0.555749,0.535321,0.499610,0.490295,0.582390,0.249126,0.447185,0.517726,0.757577,0.064833,0.000854,0.628990,0.803027,0.501684,0.847310,0.183178,0.234210,0.290290,0.543721,0.780346,0.924322,0.818300,0.979164,0.393599,0.707205,0.164072,0.204293,0.356727,0.599082,0.204656,0.215420,0.598863,0.510458,0.477991,0.402458,0.558770,0.508124,0.257829,0.347876,0.422704,0.397422,0.469276,0.503760,0.428632,0.458712,0.379999,0.403284,0.619521,0.790347,0.892848,1.056162,0.583404,0.747181,0.501579,0.764595,0.782842,0.880120,0.491020,0.582107,0.324644,0.364841,0.457183,0.633174,0.195004,0.386560,0.630855,0.665431,0.145564,0.427816,0.448873,0.621345,0.454968,0.532565,0.540062,0.573564,0.439135,0.373437,0.481829,0.623963
0.676301,0.603551,0.765444,0.863513,1.348705,1.191677,0.976726,0.796780,0.000000,1.033665,0.372000,0.438801,0.669261,0.463340,0.943758,0.721424,0.390005,0.441259,0.595368,0.795866,0.310428,0.178705,0.890019,0.765902,0.833503,0.935974,0.647843,0.604395,0.344083,0.563295,0.653154,0.536071,0.701493,0.778806,0.597411,0.538655,0.309006,0.190874,0.519000,0.744983,0.356303,0.169417,0.676078,0.593755,0.860594,0.641468,0.668510,0.563791,0.494437,0.590906,0.593584,0.578826,0.629972,0.734099,0.644083,0.632669,0.544003,0.410905,0.696963,0.794497,0.763943,0.780199,0.518582,0.494373,0.605503,0.667681,0.799790,0.746137,0.502403,0.657605,0.413885,0.567601,0.503284,0.618112,0.239893,0.667275,0.487936,0.458621,0.282094,0.439109,0.635106,0.709656,0.555103,0.512523,0.629748,0.602750,0.416499,0.268042,0.625576,0.654512
0.613867,0.677846,0.680710,1.060673,0.859450,1.109058,0.843341,1.028237,1.033665,0.000000,0.516075,0.729548,0.739279,0.718821,0.892808,0.963206,0.387702,0.556488,0.733983,0.884300,0.197672,0.123880,0.789446,0.898300,0.695296,0.964057,0.356750,0.404758,0.313387,0.629212,0.666263,0.676185,0.631474,0.746929,0.460596,0.583066,0.182117,0.138185,0.339481,0.631003,0.226110,0.176809,0.668728,0.635279,0.683057,0.530505,0.665350,0.597430,0.372694,0.495381,0.542875,0.539043,0.665136,0.703276,0.643656,0.659050,0.525884,0.473393,0.664344,0.916073,0.770020,0.945204,0.519890,0.657695,0.431266,0.743664,0.722437,0.725157,0.537239,0.745649,0.347034,0.575813,0.492084,0.598027,0.244523,0.544728,0.410530,0.488330,0.303722,0.395598,0.565305,0.714963,0.505356,0.615780,0.657568,0.730549,0.418104,0.430839,0.676010,0.850861
0.539949,0.382391,0.348444,0.307209,0.250439,0.316472,0.474869,0.304938,0.372000,0.516075,0.000000,0.671385,1.099163,0.876765,0.426502,0.336878,0.523249,0.451109,0.415708,0.502261,0.013185,0.017748,0.305596,0.342144,0.312178,0.270157,0.165292,0.142274,0.281652,0.342855,0.247938,0.227022,0.416665,0.385878,0.489410,0.414288,0.098589,-0.122302,0.176650,0.276369,0.019730,-0.230449,0.502955,0.486604,0.438156,0.448012,0.501757,0.580562,0.280844,0.491027,0.482532,0.383778,0.558211,0.470384,0.552993,0.538068,0.501247,0.280581,0.730295,0.617151,0.722729,0.605550,0.486574,0.476849,0.389688,0.524219,0.537690,0.484331,0.187554,0.499537,-0.067102,0.265303,0.381688,0.230399,0.177292,0.336247,0.378601,0.350100,0.168250,0.075385,0.278574,0.339216,0.154694,0.227940,0.468147,0.390414,-0.008103,0.045317,0.558598,0.795452
0.796385,0.840777,0.473257,0.587122,0.378673,0.530428,0.485342,0.555749,0.438801,0.729548,0.671385,0.000000,0.673330,1.184614,0.480299,0.605192,0.426787,0.904842,0.459549,0.591991,0.030930,0.133090,0.435727,0.536723,0.603797,0.641409,0.309250,0.325150,0.125560,0.549187,0.540472,0.530673,0.557758,0.662862,0.475980,0.503765,0.050388,0.139094,0.083365,0.384232,0.159563,0.029738,0.437630,0.761966,0.514014,0.538342,0.503211,0.575047,0.470971,0.618023,0.666982,0.676492,0.710962,0.488617,0.570686,0.629218,0.757071,0.805904,0.884153,0.866860,0.704496,0.925745,0.471329,0.755966,0.245755,0.582256,0.717486,0.639733,0.533389,0.663471,0.174463,0.408891,0.301603,0.383768,0.209744,0.282672,0.225204,0.340183,0.214369,0.380556,0.397979,0.542197,0.332043,0.412030,0.525770,0.692012,0.193124,0.349929,0.467526,0.925650
0.678761,0.517951,0.524993,0.479185,0.476162,0.487805,0.881791,0.535321,0.669261,0.739279,1.099163,0.673330,0.000000,0.923063,0.661520,0.501532,0.404629,0.560388,0.626789,0.756371,-0.001558,-0.114463,0.399214,0.421708,0.388434,0.355161,0.255412,0.203058,0.269153,0.405166,0.263367,0.218177,0.625502,0.583091,0.512371,0.524881,0.170253,-0.044234,0.300035,0.383295,0.096628,-0.121231,0.735017,0.578246,0.539018,0.496109,0.692355,0.759919,0.302709,0.469250,0.511015,0.382997,0.654976,0.656269,0.724293,0.718778,0.500834,0.352470,0.941783,0.715571,1.125501,0.686486,0.611795,0.592772,0.460016,0.551893,0.746035,0.591133,0.367133,0.746756,0.009833,0.285145,0.537583,0.317241,0.286370,0.393907,0.590916,0.523962,0.074853,0.241264,0.373836,0.531597,0.392362,0.425185,0.570860,0.429215,0.188790,0.167728,0.863326,0.876413
0.599632,0.537656,0.542624,0.509791,0.305785,0.446898,0.498535,0.499610,0.463340,0.718821,0.876765,1.184614,0.923063,0.000000,0.465630,0.529299,0.295006,0.576029,0.403607,0.425198,-0.025984,-0.029116,0.430442,0.500954,0.407950,0.480663,0.175442,0.202386,0.064267,0.345798,0.341961,0.352390,0.374393,0.443123,0.509554,0.441106,0.113820,0.129545,0.122248,0.402359,0.059375,0.045142,0.422403,0.586386,0.381080,0.444165,0.408143,0.499190,0.308552,0.530701,0.525554,0.505006,0.547747,0.418076,0.500384,0.524418,0.465040,0.482456,0.787770,0.713467,0.695121,0.746446,0.310298,0.527912,0.397443,0.593495,0.536216,0.474278,0.332763,0.523182,0.105721,0.367730,0.305093,0.310769,0.139687,0.222089,0.299035,0.350498,0.064185,0.216172,0.248762,0.387286,0.258036,0.320670,0.467130,0.578533,0.200309,0.365864,0.627557,0.878748
0.743221,0.775633,0.705252,0.669061,0.942764,0.927960,0.662283,0.490295,0.943758,0.892808,0.426502,0.480299,0.661520,0.465630,0.000000,0.997895,0.521478,0.559342,0.990539,0.968236,0.305792,0.130809,0.933830,0.659301,0.861510,0.765131,0.714037,0.756765,0.394253,0.600415,0.553656,0.421889,0.600790,0.627251,0.564969,0.487088,0.329776,0.269543,0.430017,0.584367,0.424225,0.118834,0.606093,0.720002,0.879456,0.660568,0.653029,0.585422,0.551785,0.536445,0.599193,0.609394,0.685174,0.787066,0.766489,0.694884,0.665674,0.541074,0.535032,0.613257,0.490286,0.524801,0.513153,0.392902,0.293583,0.428194,0.609301,0.532928,0.697254,0.852312,0.407318,0.649555,0.439785,0.593694,0.212760,0.637052,0.261170,0.329367,0.510299,0.629931,0.850598,0.859572,0.693150,0.627044,0.768719,0.689745,0.364209,0.316765,0.577811,0.658505
0.640853,0.861461,0.622432,0.770611,0.642572,0.776547,0.535297,0.582390,0.721424,0.963206,0.336878,0.605192,0.501532,0.529299,0.997895,0.000000,0.385199,0.606787,0.984359,1.048176,0.234448,0.189927,0.817183,0.917960,0.693621,0.765557,0.460684,0.451348,0.323338,0.715591,0.587932,0.610767,0.589633,0.606429,0.472451,0.565386,0.177909,0.274883,0.271893,0.618191,0.296240,0.223263,0.588328,0.703491,0.685252,0.506494,0.635014,0.568208,0.423951,0.426455,0.493277,0.496770,0.651267,0.738761,0.691325,0.699304,0.556555,0.599370,0.441357,0.596079,0.390440,0.522176,0.415059,0.482779,0.140971,0.528019,0.575357,0.559331,0.569403,0.847151,0.289817,0.486552,0.366340,0.544125,0.193777,0.497711,0.188987,0.323683,0.367473,0.621263,0.674078,0.948096,0.636930,0.772551,0.709172,0.967893,0.419443,0.639829,0.477076,0.677969
0.513772,0.492046,0.260371,0.333311,0.398772,0.411152,0.331692,0.249126,0.390005,0.387702,0.523249,0.426787,0.404629,0.295006,0.521478,0.385199,0.000000,0.780791,0.250303,0.453587,0.424966,0.425057,0.356462,0.210016,0.521676,0.437654,0.376255,0.537215,0.722962,0.721565,0.620596,0.544264,0.426737,0.429857,0.329319,0.297474,0.171029,0.021883,0.207970,0.200335,0.286307,-0.181369,0.235574,0.638824,0.853573,0.656489,0.391226,0.352047,0.619348,0.579118,0.544870,0.542086,0.374263,0.350234,0.387847,0.362297,0.706330,0.466114,0.402775,0.359777,0.275728,0.350463,0.528290,0.277103,0.415493,0.411821,0.499901,0.414417,0.556042,0.460887,0.091045,0.362998,0.388539,0.583417,0.212310,0.403625,-0.007154,0.002880,0.944471,0.409547,0.672451,0.615044,0.091777,0.229174,0.409569,0.496447,-0.207868,-0.081894,0.093582,0.490763
0.708242,0.945466,0.362435,0.515662,0.469543,0.559679,0.501127,0.447185,0.441259,0.556488,0.451109,0.904842,0.560388,0.576029,0.559342,0.606787,0.780791,0.000000,0.492312,0.762895,0.142502,0.244772,0.420335,0.416426,0.748746,0.638067,0.431330,0.496663,0.333373,0.842649,0.681623,0.592763,0.754607,0.794945,0.375417,0.479610,0.084326,0.072676,0.163749,0.353161,0.186662,-0.099004,0.425128,0.734962,0.759093,0.682537,0.546651,0.600685,0.556626,0.536687,0.554576,0.531218,0.574015,0.529306,0.548918,0.623072,0.903260,0.924230,0.611934,0.545910,0.551047,0.559233,0.748311,0.685302,0.261738,0.502384,0.758158,0.603465,0.800396,0.725479,0.108885,0.297724,0.329939,0.464053,0.238649,0.409574,0.126350,0.187123,0.389374,0.563211,0.644480,0.870114,0.389546,0.488504,0.481867,0.638231,0.073533,0.207080,0.226512,0.621870
0.694809,0.714685,0.621523,0.607190,0.569289,0.593498,0.661226,0.517726,0.595368,0.733983,0.415708,0.459549,0.626789,0.403607,0.990539,0.984359,0.250303,0.492312,0.000000,1.124426,0.053553,0.007097,0.710761,0.625892,0.515948,0.485540,0.395624,0.335967,0.281153,0.494190,0.407628,0.364979,0.677094,0.600835,0.440615,0.504790,0.174813,0.201051,0.316576,0.478243,0.309582,0.100700,0.638386,0.547819,0.526063,0.406563,0.665556,0.615707,0.323710,0.307973,0.412539,0.414551,0.632700,0.813446,0.752800,0.738007,0.501007,0.493707,0.435892,0.511645,0.467780,0.461946,0.462624,0.419900,0.139951,0.325368,0.504979,0.463110,0.578216,0.837866,0.176323,0.447427,0.440245,0.417287,0.233549,0.549763,0.334334,0.450547,0.233658,0.542079,0.592420,0.697149,0.714752,0.650982,0.673951,0.557666,0.480325,0.430546,0.535075,0.543430
0.781397,1.024291,0.566007,0.813975,0.769740,0.819180,0.842456,0.757577,0.795866,0.884300,0.502261,0.591991,0.756371,0.425198,0.968236,1.048176,0.453587,0.762895,1.124426,0.000000,0.118991,0.099947,0.706216,0.791408,0.765106,0.702821,0.527460,0.420127,0.356316,0.704664,0.618007,0.554095,1.062814,1.007068,0.544429,0.771816,0.274344,0.144295,0.431845,0.554697,0.347133,-0.010389,1.039664,0.759251,0.882466,0.579848,1.036206,0.950430,0.392321,0.427945,0.552533,0.498245,0.827153,0.964017,0.959220,0.919526,0.724362,0.618992,0.710826,0.811809,0.757783,0.706137,0.783399,0.733967,0.211320,0.593320,0.991519,0.945365,0.735173,1.225725,0.242438,0.416587,0.514112,0.528371,0.289562,0.661512,0.456266,0.526748,0.322311,0.663850,0.798284,1.099510,0.735338,0.888508,0.759550,0.765192,0.401692,0.420563,0.607014,0.825827
0.008266,0.084093,0.145045,0.114976,0.353429,0.340952,0.043719,0.064833,0.310428,0.197672,0.013185,0.030930,-0.001558,-0.025984,0.305792,0.234448,0.424966,0.142502,0.053553,0.118991,0.000000,0.548915,0.241658,0.143316,0.318602,0.308450,0.360420,0.445091,0.420692,0.352719,0.380177,0.296703,0.051768,0.067687,0.139811,0.032540,0.078101,0.093412,0.085016,0.160472,0.150102,0.046807,-0.017315,0.140817,0.380223,0.235791,0.027247,-0.026885,0.161990,0.185102,0.086960,0.146174,0.007803,0.035738,0.053547,-0.016421,0.079815,-0.001333,-0.025378,0.038269,-0.091773,0.014129,0.100677,0.025634,0.190549,0.099163,0.087713,0.081050,0.104423,0.041764,0.439962,0.353139,0.179470,0.349984,0.032324,0.235439,-0.149600,-0.193554,0.452038,0.121224,0.252492,0.238326,-0.018179,0.080406,0.070484,0.187783,-0.124585,-0.042739,-0.094555,0.039344
0.161380,0.188564,0.086566,0.108196,0.260910,0.270507,-0.074006,0.000854,0.178705,0.123880,0.017748,0.133090,-0.114463,-0.029116,0.130809,0.189927,0.425057,0.244772,0.007097,0.099947,0.548915,0.000000,0.198036,0.142428,0.391882,0.278545,0.298866,0.419916,0.224837,0.342846,0.315783,0.274030,0.090339,0.126261,0.052790,-0.018854,0.026359,0.068797,-0.005968,0.163779,0.197725,0.028479,0.006966,0.161346,0.333330,0.273933,0.052864,0.030500,0.224187,0.298785,0.191613,0.286051,0.116382,0.123244,0.051129,0.101476,0.216726,0.179903,0.051048,0.161883,-0.147151,0.056902,0.035669,0.003641,0.019485,0.180432,0.142385,0.191248,0.161507,0.039903,0.250730,0.398679,0.088568,0.209683,-0.010248,0.171916,-0.243056,-0.159658,0.395635,0.079534,0.172544,0.192301,-0.076597,0.052185,0.002525,0.218049,-0.138969,-0.042996,-0.155337,0.120291
0.759900,0.624446,1.361247,1.092431,0.887616,0.935174,0.718511,0.628990,0.890019,0.789446,0.305596,0.435727,0.399214,0.430442,0.933830,0.817183,0.356462,0.420335,0.710761,0.706216,0.241658,0.198036,0.000000,1.376445,0.914026,1.100356,0.516703,0.555887,0.166691,0.412900,0.703284,0.648135,0.501218,0.566837,0.631751,0.510147,0.319876,0.343785,0.325702,0.675092,0.390996,0.305222,0.474874,0.659633,0.625335,0.608595,0.543786,0.409814,0.527056,0.571826,0.575259,0.610782,0.564982,0.661453,0.507969,0.524541,0.593465,0.560415,0.443746,0.532013,0.357362,0.446602,0.285615,0.221618,0.375844,0.490824,0.475746,0.447232,0.589932,0.534505,0.542261,0.715956,0.287547,0.554026,0.003856,0.415285,0.246729,0.314316,0.315297,0.482776,0.607577,0.652989,0.570749,0.438114,0.706506,0.707743,0.528419,0.465815,0.496883,0.511434
0.657542,0.655108,1.073016,1.249180,0.637177,0.842838,0.685742,0.803027,0.765902,0.898300,0.342144,0.536723,0.421708,0.500954,0.659301,0.917960,0.210016,0.416426,0.625892,0.791408,0.143316,0.142428,1.376445,0.000000,0.706373,1.100760,0.283037,0.276248,0.104877,0.447048,0.662365,0.764003,0.547231,0.610638,0.574949,0.631049,0.200677,0.237231,0.222596,0.688016,0.188880,0.280323,0.603964,0.639575,0.528754,0.497439,0.595432,0.507582,0.352873,0.491414,0.477048,0.465937,0.600072,0.633745,0.485135,0.540893,0.534835,0.537295,0.500807,0.646901,0.454867,0.570081,0.284684,0.377296,0.277381,0.600046,0.527732,0.557656,0.437730,0.553055,0.467812,0.545963,0.253327,0.481568,-0.016322,0.331549,0.330038,0.381148,0.151781,0.387459,0.460350,0.650379,0.518726,0.506793,0.590025,0.773535,0.537317,0.659609,0.526014,0.626273
0.718671,0.941423,0.660049,0.734307,1.212219,1.168076,0.584959,0.501684,0.833503,0.695296,0.312178,0.603797,0.388434,0.407950,0.861510,0.693621,0.521676,0.748746,0.515948,0.765106,0.318602,0.391882,0.914026,0.706373,0.000000,1.161430,1.168766,0.987860,0.166061,0.586689,0.680872,0.493578,0.624868,0.727339,0.508245,0.455514,0.215524,0.166950,0.361199,0.622670,0.389992,0.098550,0.582278,0.719296,1.017126,0.913175,0.685570,0.603907,0.787677,0.815214,0.777896,0.833341,0.781500,0.828427,0.679780,0.732715,0.896609,0.856085,0.648447,0.778812,0.470601,0.588887,0.531509,0.486395,0.218358,0.482739,0.763716,0.704489,0.744497,0.704889,0.426714,0.574271,0.226710,0.479726,0.058839,0.511772,0.109380,0.187064,0.357652,0.514454,0.710038,0.809077,0.551893,0.536624,0.621169,0.683437,0.325330,0.241552,0.386295,0.609468
0.655214,0.734992,0.856940,1.186768,0.968171,1.253320,0.747618,0.847310,0.935974,0.964057,0.270157,0.641409,0.355161,0.480663,0.765131,0.765557,0.437654,0.638067,0.485540,0.702821,0.308450,0.278545,1.100356,1.100760,1.161430,0.000000,0.566637,0.681627,0.226930,0.647371,0.955391,0.901670,0.606341,0.770868,0.524619,0.558310,0.155582,0.131713,0.245062,0.656458,0.208748,0.168084,0.458470,0.664466,0.781135,0.680526,0.528964,0.436423,0.579315,0.643245,0.610100,0.653012,0.617020,0.586398,0.471847,0.510610,0.719486,0.733217,0.551963,0.736877,0.519624,0.724546,0.449163,0.477432,0.443684,0.668461,0.643580,0.643118,0.658920,0.586732,0.532633,0.618063,0.224491,0.541846,0.021943,0.426677,0.213373,0.255232,0.356434,0.454908,0.603079,0.708918,0.428941,0.422941,0.559495,0.728741,0.356361,0.380938,0.366706,0.593701
0.524809,0.718167,0.371681,0.324334,0.971366,0.732315,0.354709,0.183178,0.647843,0.356750,0.165292,0.309250,0.255412,0.175442,0.714037,0.460684,0.376255,0.431330,0.395624,0.527460,0.360420,0.298866,0.516703,0.283037,1.168766,0.566637,0.000000,0.980432,0.104952,0.316264,0.337297,0.144664,0.429418,0.511891,0.461188,0.318695,0.315058,0.287068,0.492789,0.494513,0.584144,0.107154,0.480259,0.505565,0.840485,0.713499,0.554005,0.477524,0.697129,0.607264,0.598185,0.612611,0.631697,0.687559,0.663445,0.625573,0.650268,0.574889,0.465568,0.533558,0.294147,0.333069,0.371829,0.274400,0.077622,0.248501,0.582896,0.526899,0.578021,0.589870,0.355411,0.373053,0.170782,0.326317,0.123607,0.490503,0.058155,0.144462,0.302515,0.561638,0.678992,0.643488,0.548941,0.567993,0.565673,0.436893,0.289608,0.131095,0.368439,0.393254
0.480211,0.522179,0.384660,0.369648,0.852383,0.795636,0.338597,0.234210,0.604395,0.404758,0.142274,0.325150,0.203058,0.202386,0.756765,0.451348,0.537215,0.496663,0.335967,0.420127,0.445091,0.419916,0.555887,0.276248,0.987860,0.681627,0.980432,0.000000,0.259018,0.448808,0.519494,0.315425,0.341701,0.414651,0.295098,0.166526,0.236335,0.241907,0.334549,0.392195,0.432265,0.095596,0.270968,0.462768,0.746492,0.654148,0.341225,0.317649,0.670081,0.567191,0.551508,0.606640,0.452189,0.471260,0.397464,0.396341,0.565854,0.487815,0.403050,0.479306,0.235746,0.337345,0.360026,0.213321,0.206228,0.300641,0.494292,0.444283,0.538053,0.373521,0.367424,0.449654,0.122557,0.405268,0.098778,0.497057,-0.063502,-0.004959,0.430346,0.416335,0.549178,0.471905,0.324906,0.279020,0.398795,0.420468,0.120377,-0.022987,0.184078,0.357996
0.239364,0.126092,0.058359,0.265429,0.300417,0.273389,0.297699,0.290290,0.344083,0.313387,0.281652,0.125560,0.269153,0.064267,0.394253,0.323338,0.722962,0.333373,0.281153,0.356316,0.420692,0.224837,0.166691,0.104877,0.166061,0.226930,0.104952,0.259018,0.000000,0.916556,0.602192,0.545152,0.496608,0.446733,0.197079,0.320244,0.100236,-0.042898,0.282387,0.193069,0.260788,-0.048195,0.133032,0.207190,0.430729,0.233580,0.200490,0.162152,0.205135,0.120319,0.163254,0.099682,0.065189,0.124763,0.210755,0.142152,0.212371,0.040617,0.114431,0.143126,0.245495,0.252200,0.523182,0.254013,0.399866,0.300998,0.307119,0.318374,0.219120,0.249771,0.039618,0.181857,0.684081,0.673087,0.350171,0.466307,0.318001,0.254926,0.584629,0.242168,0.480275,0.375625,0.188210,0.147436,0.176267,0.161188,-0.090931,-0.099271,0.012730,0.148616
0.477485,0.576197,0.244487,0.554783,0.589460,0.650577,0.462212,0.543721,0.563295,0.629212,0.342855,0.549187,0.405166,0.345798,0.600415,0.715591,0.721565,0.842649,0.494190,0.704664,0.352719,0.342846,0.412900,0.447048,0.586689,0.647371,0.316264,0.448808,0.916556,0.000000,0.959241,0.881793,0.824225,0.792023,0.183276,0.392989,-0.020830,-0.058883,0.170601,0.385323,0.191639,-0.067963,0.310678,0.393945,0.633844,0.458322,0.346006,0.369802,0.356063,0.353521,0.323001,0.318339,0.331573,0.333960,0.335295,0.351390,0.535433,0.475055,0.344291,0.422960,0.434532,0.528035,0.755010,0.632767,0.280124,0.428533,0.525955,0.516363,0.490600,0.505150,0.208321,0.413497,0.526357,0.638734,0.276449,0.621816,0.244485,0.238635,0.436482,0.414919,0.567330,0.685108,0.347964,0.378132,0.244491,0.408439,0.032288,0.084810,0.070974,0.417475
0.517898,0.467354,0.483412,0.939817,0.676787,0.741005,0.605041,0.780346,0.653154,0.666263,0.247938,0.540472,0.263367,0.341961,0.553656,0.587932,0.620596,0.681623,0.407628,0.618007,0.380177,0.315783,0.703284,0.662365,0.680872,0.955391,0.337297,0.519494,0.602192,0.959241,0.000000,1.490579,0.841028,0.896181,0.361054,0.500292,0.098077,0.098236,0.156276,0.408296,0.217451,0.015472,0.254423,0.446628,0.596561,0.441045,0.298296,0.277606,0.345025,0.378515,0.300699,0.377580,0.255575,0.255267,0.226053,0.249776,0.494282,0.432881,0.304871,0.468302,0.418250,0.602766,0.572108,0.520188,0.571224,0.667241,0.516435,0.582270,0.510457,0.384262,0.412563,0.558984,0.511963,0.746911,0.194604,0.515388,0.311906,0.314694,0.436433,0.378304,0.492036,0.546553,0.246150,0.262840,0.312900,0.471830,0.097495,0.127011,0.062150,0.388339
0.463943,0.461748,0.461215,1.061260,0.484508,0.651726,0.530844,0.924322,0.536071,0.676185,0.227022,0.530673,0.218177,0.352390,0.421889,0.610767,0.544264,0.592763,0.364979,0.554095,0.296703,0.274030,0.648135,0.764003,0.493578,0.901670,0.144664,0.315425,0.545152,0.881793,1.490579,0.000000,0.722645,0.823213,0.320653,0.510510,0.086373,0.163260,0.094474,0.420451,0.172444,0.095288,0.208927,0.461235,0.470408,0.402289,0.261781,0.227521,0.312661,0.357219,0.280850,0.335017,0.237863,0.208671,0.173305,0.207336,0.441423,0.446347,0.265621,0.436686,0.383576,0.623945,0.486959,0.504939,0.493104,0.689491,0.458304,0.546271,0.469282,0.350378,0.412760,0.476112,0.453656,0.739232,0.157486,0.369809,0.298665,0.333771,0.398924,0.371327,0.447170,0.555530,0.228233,0.303201,0.318066,0.573133,0.127103,0.266335,0.052526,0.387214
0.744758,0.715728,0.416382,0.784581,0.717220,0.680115,0.906468,0.818300,0.701493,0.631474,0.416665,0.557758,0.625502,0.374393,0.600790,0.589633,0.426737,0.754607,0.677094,1.062814,0.051768,0.090339,0.501218,0.547231,0.624868,0.606341,0.429418,0.341701,0.496608,0.824225,0.841028,0.722645,0.000000,1.708255,0.452670,0.764079,0.148565,0.064964,0.360505,0.564937,0.303035,-0.045167,0.620655,0.473730,0.647421,0.535407,0.597478,0.642677,0.351686,0.345489,0.400386,0.351360,0.514230,0.593367,0.520928,0.618545,0.638251,0.561335,0.627396,0.660643,0.943580,0.770668,0.944066,0.860993,0.396337,0.630053,0.932807,0.955309,0.588834,0.690615,0.159825,0.263599,0.667448,0.597337,0.330179,0.679715,0.686088,0.680656,0.150746,0.478140,0.591063,0.763278,0.572091,0.569359,0.472985,0.448520,0.274848,0.171495,0.344905,0.511080
0.848042,0.847868,0.492026,0.957318,0.799060,0.806034,0.923334,0.979164,0.778806,0.746929,0.385878,0.662862,0.583091,0.443123,0.627251,0.606429,0.429857,0.794945,0.600835,1.007068,0.067687,0.126261,0.566837,0.610638,0.727339,0.770868,0.511891,0.414651,0.446733,0.792023,0.896181,0.823213,1.708255,0.000000,0.545387,0.888433,0.224467,0.166629,0.430913,0.680353,0.402598,0.058013,0.640087,0.574629,0.687146,0.563267,0.633820,0.628560,0.421850,0.410958,0.471367,0.416870,0.579053,0.610903,0.593489,0.644762,0.748901,0.700991,0.704213,0.790244,0.955915,0.915677,0.880123,0.838473,0.426280,0.773444,1.035175,1.098629,0.719540,0.796099,0.263573,0.297990,0.619456,0.645538,0.352485,0.672107,0.671766,0.699585,0.233866,0.611644,0.748309,0.844548,0.662077,0.663960,0.562404,0.517765,0.365569,0.269417,0.439052,0.596618
0.723690,0.570549,0.743603,0.575872,0.436386,0.379336,0.526514,0.393599,0.597411,0.460596,0.489410,0.475980,0.512371,0.509554,0.564969,0.472451,0.329319,0.375417,0.440615,0.544429,0.139811,0.052790,0.631751,0.574949,0.508245,0.524619,0.461188,0.295098,0.197079,0.183276,0.361054,0.320653,0.452670,0.545387,0.000000,1.089660,0.396754,0.281926,0.455019,0.535649,0.317035,0.076602,0.620154,0.783587,0.650239,0.553891,0.742350,0.612691,0.500199,0.512651,0.613559,0.508087,0.560814,0.633216,0.756624,0.695833,0.596832,0.420630,0.620473,0.581827,0.470142,0.430839,0.187049,0.136759,0.567117,0.815041,0.764368,0.720986,0.384586,0.647061,0.181912,0.236621,0.389716,0.405678,0.210137,0.353638,0.441783,0.409168,0.357731,0.468702,0.653541,0.582474,0.501328,0.498076,0.889540,0.688251,0.343537,0.455197,0.689148,0.573233
0.644482,0.648186,0.543392,0.756732,0.441244,0.451018,0.683988,0.707205,0.538655,0.583066,0.414288,0.503765,0.524881,0.441106,0.487088,0.565386,0.297474,0.479610,0.504790,0.771816,0.032540,-0.018854,0.510147,0.631049,0.455514,0.558310,0.318695,0.166526,0.320244,0.392989,0.500292,0.510510,0.764079,0.888433,1.089660,0.000000,0.354549,0.201357,0.501087,0.595293,0.280396,0.064837,0.773152,0.746077,0.601742,0.416918,0.832340,0.735584,0.374753,0.339295,0.543275,0.393840,0.612300,0.607960,0.768519,0.755728,0.565111,0.448110,0.654617,0.680138,0.670817,0.647686,0.457471,0.451584,0.415087,0.852628,0.933462,1.009116,0.409177,0.821713,0.158676,0.152492,0.529879,0.518871,0.255776,0.485772,0.663918,0.695093,0.270094,0.557237,0.712742,0.752074,0.588010,0.716299,0.766830,0.623379,0.438763,0.512997,0.628558,0.600543
0.317740,0.316321,0.328164,0.219793,0.302006,0.260231,0.189780,0.164072,0.309006,0.182117,0.098589,0.050388,0.170253,0.113820,0.329776,0.177909,0.171029,0.084326,0.174813,0.274344,0.078101,0.026359,0.319876,0.200677,0.215524,0.155582,0.315058,0.236335,0.100236,-0.020830,0.098077,0.086373,0.148565,0.224467,0.396754,0.354549,0.000000,0.782047,0.804578,0.488589,0.700653,0.337058,0.459454,0.495183,0.378857,0.315283,0.504357,0.287804,0.364769,0.323077,0.404020,0.351240,0.342989,0.337469,0.500192,0.390838,0.269094,0.158752,0.342859,0.332456,0.148413,0.193042,0.068421,-0.019738,0.080715,0.146521,0.338431,0.336088,0.301267,0.366703,0.410166,0.249721,0.329533,0.298158,0.210090,0.159920,0.316050,0.418786,0.399559,0.584140,0.578787,0.407409,0.482379,0.540896,0.474414,0.345637,0.447583,0.410004,0.456005,0.356958
0.278270,0.325322,0.323435,0.269811,0.199577,0.209601,0.075270,0.204293,0.190874,0.138185,-0.122302,0.139094,-0.044234,0.129545,0.269543,0.274883,0.021883,0.072676,0.201051,0.144295,0.093412,0.068797,0.343785,0.237231,0.166950,0.131713,0.287068,0.241907,-0.042898,-0.058883,0.098236,0.163260,0.064964,0.166629,0.281926,0.201357,0.782047,0.000000,0.524367,0.502344,0.827167,0.723579,0.220827,0.403513,0.217595,0.298641,0.266106,0.162234,0.364879,0.266066,0.333333,0.339377,0.225623,0.261759,0.318088,0.281146,0.161201,0.229071,0.175460,0.214330,-0.022672,0.123371,-0.074908,-0.030743,-0.065209,0.110103,0.226507,0.234037,0.323669,0.216179,0.366813,0.217167,0.173741,0.344501,0.136959,0.004956,0.108899,0.357352,0.244696,0.687360,0.470065,0.380751,0.534031,0.548832,0.536203,0.515202,0.578057,0.579759,0.318461,0.190388
0.384714,0.373808,0.308958,0.332836,0.539662,0.421803,0.406699,0.356727,0.519000,0.339481,0.176650,0.083365,0.300035,0.122248,0.430017,0.271893,0.207970,0.163749,0.316576,0.431845,0.085016,-0.005968,0.325702,0.222596,0.361199,0.245062,0.492789,0.334549,0.282387,0.170601,0.156276,0.094474,0.360505,0.430913,0.455019,0.501087,0.804578,0.524367,0.000000,0.850434,0.653036,0.360806,0.656380,0.469336,0.467839,0.426804,0.700242,0.479335,0.403211,0.339433,0.535765,0.422041,0.415168,0.573690,0.693196,0.577592,0.324274,0.206395,0.468033,0.515504,0.349627,0.358017,0.295507,0.211761,0.101031,0.258327,0.568010,0.579950,0.324329,0.510232,0.176800,0.060167,0.359110,0.463333,0.204867,0.429212,0.539119,0.625723,0.278682,0.582821,0.687445,0.542424,0.796047,0.719219,0.613587,0.352743,0.739208,0.433227,0.621532,0.388157
0.679091,0.650259,0.633112,0.716391,0.699051,0.745668,0.540809,0.599082,0.744983,0.631003,0.276369,0.384232,0.383295,0.402359,0.584367,0.618191,0.200335,0.353161,0.478243,0.554697,0.160472,0.163779,0.675092,0.688016,0.622670,0.656458,0.494513,0.392195,0.193069,0.385323,0.408296,0.420451,0.564937,0.680353,0.535649,0.595293,0.488589,0.502344,0.850434,0.000000,0.452826,0.464737,0.614776,0.601340,0.556032,0.629878,0.601647,0.478620,0.516846,0.529913,0.553049,0.532454,0.514800,0.694280,0.580775,0.640643,0.550591,0.527785,0.581136,0.720280,0.431313,0.526776,0.272172,0.338972,0.168214,0.487563,0.638498,0.670215,0.393979,0.504842,0.306223,0.254303,0.295979,0.542616,0.164443,0.513307,0.440846,0.525293,0.222086,0.522025,0.671634,0.688817,0.828237,0.755475,0.612274,0.610378,0.830797,0.650897,0.605088,0.486967
0.464840,0.465799,0.324256,0.291861,0.475125,0.353864,0.243169,0.204656,0.356303,0.226110,0.019730,0.159563,0.096628,0.059375,0.424225,0.296240,0.286307,0.186662,0.309582,0.347133,0.150102,0.197725,0.390996,0.188880,0.389992,0.208748,0.584144,0.432265,0.260788,0.191639,0.217451,0.172444,0.303035,0.402598,0.317035,0.280396,0.700653,0.827167,0.653036,0.452826,0.000000,0.498977,0.318528,0.402283,0.405662,0.405342,0.384002,0.261863,0.472810,0.343764,0.431877,0.382022,0.358389,0.421768,0.478945,0.445241,0.364275,0.339867,0.309457,0.309237,0.137924,0.177655,0.231085,0.082893,-0.025347,0.080521,0.378119,0.353830,0.492389,0.426174,0.327656,0.258734,0.432726,0.473736,0.317624,0.312996,0.188274,0.409827,0.397987,0.783893,0.729849,0.558281,0.659777,0.634732,0.567169,0.377284,0.450209,0.308510,0.370325,0.263424
0.164086,0.153591,0.315708,0.249157,0.215881,0.226272,0.054688,0.215420,0.169417,0.176809,-0.230449,0.029738,-0.121231,0.045142,0.118834,0.223263,-0.181369,-0.099004,0.100700,-0.010389,0.046807,0.028479,0.305222,0.280323,0.098550,0.168084,0.107154,0.095596,-0.048195,-0.067963,0.015472,0.095288,-0.045167,0.058013,0.076602,0.064837,0.337058,0.723579,0.360806,0.464737,0.498977,0.000000,0.091589,0.132592,-0.053427,0.067129,0.091144,-0.013158,0.186463,0.095538,0.190248,0.165526,0.131267,0.193708,0.117011,0.130006,0.023604,0.146305,0.062722,0.103733,-0.058641,0.040063,-0.100784,-0.055173,-0.175808,-0.031692,0.011592,0.026626,0.194585,0.040302,0.300400,0.085896,0.042032,0.286858,0.016904,-0.014993,0.070080,0.251526,0.073611,0.380849,0.282884,0.205996,0.502121,0.320416,0.305588,0.259152,0.613228,0.469699,0.207978,-0.035324
0.667131,0.801684,0.534966,0.602627,0.601762,0.599229,0.698826,0.598863,0.676078,0.668728,0.502955,0.437630,0.735017,0.422403,0.606093,0.588328,0.235574,0.425128,0.638386,1.039664,-0.017315,0.006966,0.474874,0.603964,0.582278,0.458470,0.480259,0.270968,0.133032,0.310678,0.254423,0.208927,0.620655,0.640087,0.620154,0.773152,0.459454,0.220827,0.656380,0.614776,0.318528,0.091589,0.000000,0.822594,0.752090,0.572346,1.551458,1.459739,0.407792,0.528556,0.647320,0.506611,1.008179,1.123505,1.146908,1.077990,0.639437,0.449573,0.993966,1.043775,0.764471,0.647507,0.470418,0.498704,0.157262,0.544785,1.074753,1.034017,0.479427,0.927608,0.195247,0.252164,0.314413,0.305676,0.248110,0.396801,0.489080,0.551608,0.165795,0.483551,0.612617,0.731156,0.683262,0.848567,0.700933,0.596234,0.541490,0.467982,0.941764,0.888413
0.955738,1.046664,0.723034,0.681101,0.495196,0.568651,0.579767,0.510458,0.593755,0.635279,0.486604,0.761966,0.578246,0.586386,0.720002,0.703491,0.638824,0.734962,0.547819,0.759251,0.140817,0.161346,0.659633,0.639575,0.719296,0.664466,0.505565,0.462768,0.207190,0.393945,0.446628,0.461235,0.473730,0.574629,0.783587,0.746077,0.495183,0.403513,0.469336,0.601340,0.402283,0.132592,0.822594,0.000000,0.918242,0.915947,1.089417,0.923115,0.927548,0.957481,1.154690,1.053038,1.070537,0.928350,1.049418,1.046129,1.045335,0.857422,0.989077,0.844585,0.545896,0.609546,0.395217,0.376832,0.244784,0.591882,0.958424,0.779081,0.805518,0.967932,0.326779,0.392989,0.326908,0.542835,0.244434,0.283712,0.228132,0.318006,0.570478,0.707990,0.855295,0.923289,0.543054,0.708029,0.906361,1.053279,0.374195,0.495264,0.688603,1.005926
0.669554,0.871158,0.515836,0.596140,0.861431,0.863580,0.615182,0.477991,0.860594,0.683057,0.438156,0.514014,0.539018,0.381080,0.879456,0.685252,0.853573,0.759093,0.526063,0.882466,0.380223,0.333330,0.625335,0.528754,1.017126,0.781135,0.840485,0.746492,0.430729,0.633844,0.596561,0.470408,0.647421,0.687146,0.650239,0.601742,0.378857,0.217595,0.467839,0.556032,0.405662,-0.053427,0.752090,0.918242,0.000000,1.203457,0.906288,0.816128,0.930238,0.914621,0.858925,0.847725,0.784192,0.893269,0.896078,0.864471,0.880284,0.623991,0.726542,0.788071,0.508029,0.590810,0.546356,0.426844,0.354827,0.588820,0.994909,0.891055,0.684746,0.885053,0.288748,0.431943,0.416656,0.636733,0.279252,0.585583,0.199007,0.225954,0.657907,0.625169,0.935078,0.979411,0.439431,0.615735,0.716783,0.813417,0.172940,0.238211,0.456721,0.796597
0.728111,0.802268,0.573908,0.556944,0.680933,0.703466,0.537679,0.402458,0.641468,0.530505,0.448012,0.538342,0.496109,0.444165,0.660568,0.506494,0.656489,0.682537,0.406563,0.579848,0.235791,0.273933,0.608595,0.497439,0.913175,0.680526,0.713499,0.654148,0.233580,0.458322,0.441045,0.402289,0.535407,0.563267,0.553891,0.416918,0.315283,0.298641,0.426804,0.629878,0.405342,0.067129,0.572346,0.915947,1.203457,0.000000,0.761157,0.716933,1.333894,1.476931,1.071198,1.065410,0.804025,0.908441,0.748072,0.886821,0.952044,0.766251,0.790955,0.750626,0.481469,0.492737,0.471610,0.360383,0.220083,0.408167,0.820293,0.665794,0.661062,0.605762,0.268843,0.322048,0.275014,0.502292,0.161520,0.333049,0.187102,0.207157,0.415134,0.495883,0.700937,0.777914,0.458589,0.511361,0.669705,0.758443,0.257813,0.230508,0.451183,0.699912
0.731668,0.901382,0.577929,0.613329,0.617719,0.583056,0.673984,0.558770,0.668510,0.665350,0.501757,0.503211,0.692355,0.408143,0.653029,0.635014,0.391226,0.546651,0.665556,1.036206,0.027247,0.052864,0.543786,0.595432,0.685570,0.528964,0.554005,0.341225,0.200490,0.346006,0.298296,0.261781,0.597478,0.633820,0.742350,0.832340,0.504357,0.266106,0.700242,0.601647,0.384002,0.091144,1.551458,1.089417,0.906288,0.761157,0.000000,1.391382,0.682723,0.716916,0.946710,0.761255,1.209192,1.231622,1.520228,1.361015,0.777699,0.569595,1.008818,0.981312,0.700461,0.629655,0.503046,0.481180,0.191380,0.560248,1.141607,1.000406,0.599462,1.131747,0.191317,0.261967,0.353996,0.371865,0.244607,0.377939,0.449989,0.506601,0.338236,0.621301,0.792643,0.894314,0.721069,0.929468,0.944408,0.755396,0.507522,0.510549,0.918862,0.999270
0.694259,0.836015,0.491082,0.529111,0.510741,0.524752,0.681178,0.508124,0.563791,0.597430,0.580562,0.575047,0.759919,0.499190,0.585422,0.568208,0.352047,0.600685,0.615707,0.950430,-0.026885,0.030500,0.409814,0.507582,0.603907,0.436423,0.477524,0.317649,0.162152,0.369802,0.277606,0.227521,0.642677,0.628560,0.612691,0.735584,0.287804,0.162234,0.479335,0.478620,0.261863,-0.013158,1.459739,0.923115,0.816128,0.716933,1.391382,0.000000,0.559150,0.674760,0.778026,0.653679,1.107912,1.137393,1.167630,1.316925,0.722784,0.521061,1.046046,0.966843,0.757588,0.613267,0.489254,0.530940,0.157333,0.540036,1.140780,1.026820,0.534831,0.930265,0.107715,0.223813,0.341718,0.329708,0.290117,0.383218,0.431181,0.480415,0.184105,0.477179,0.597400,0.764884,0.557301,0.755162,0.679119,0.672611,0.378097,0.368892,0.786778,0.957882
0.733691,0.766812,0.505972,0.420598,0.539644,0.529777,0.383005,0.257829,0.494437,0.372694,0.280844,0.470971,0.302709,0.308552,0.551785,0.423951,0.619348,0.556626,0.323710,0.392321,0.161990,0.224187,0.527056,0.352873,0.787677,0.579315,0.697129,0.670081,0.205135,0.356063,0.345025,0.312661,0.351686,0.421850,0.500199,0.374753,0.364769,0.364879,0.403211,0.516846,0.472810,0.186463,0.407792,0.927548,0.930238,1.333894,0.682723,0.559150,0.000000,1.337819,1.280599,1.223355,0.808434,0.778163,0.737112,0.839471,0.993822,0.834212,0.676891,0.578307,0.308531,0.358630,0.354648,0.195043,0.108282,0.277733,0.633593,0.497458,0.667829,0.585912,0.241005,0.263280,0.219251,0.456342,0.161062,0.280236,0.078111,0.128855,0.499606,0.613410,0.813669,0.699450,0.480248,0.462446,0.701669,0.695418,0.260862,0.221504,0.366153,0.547434
