0.000000,0.940335,0.806443,0.699311,0.188476,0.263936,0.957408,0.779692,0.307135,0.354638,0.954092,0.696441,0.977666,0.733900,0.826228,0.701566,0.814071,0.562741,1.120844,0.686032,0.217246,0.288376,0.525267,0.356348,0.038559,0.024825,0.271574,0.231537,0.735787,0.692165,0.668524,0.652509,0.840227,0.738443,0.546334,0.441547,0.493909,0.395508,0.594694,0.633476,0.296015,0.440453,0.503822,0.642473,0.289480,0.620348,0.681378,0.594075,0.629447,0.493558,0.731940,0.558538,0.618994,0.356883,0.629562,0.518986,1.045915,0.831274,0.743809,0.638831,0.939617,0.763253,0.848381,0.654945,0.796033,0.467598,0.849890,0.484662,0.630983,0.374009,0.239697,0.329288,0.638570,0.583002,0.272949,0.458396,0.490947,0.372980,0.565417,0.588767,0.743344,0.717756,0.489009,0.497578,1.013857,0.807544,0.486877,0.629754,0.713050,0.610028
0.940335,0.000000,0.568789,0.687247,0.223218,0.321540,0.837868,0.763408,0.256216,0.467734,0.710690,0.858338,0.740016,0.780668,0.639126,0.654280,0.765967,1.006665,0.948136,1.016102,0.186394,0.309164,0.362773,0.280644,-0.053216,-0.060100,0.195316,0.208680,0.840570,0.982281,0.568887,0.668135,0.831757,0.887631,0.436348,0.384704,0.490668,0.440137,0.575847,0.688956,0.390305,0.580969,0.705441,0.784732,0.388978,0.776344,0.865809,0.832101,0.627221,0.638141,0.694316,0.605795,0.746331,0.580241,0.783456,0.779204,1.214380,1.406464,0.801053,0.940429,1.020026,1.062933,1.078568,1.124240,0.462738,0.536804,0.871023,0.670037,0.901221,0.716099,0.221697,0.323458,0.594635,0.734837,0.295724,0.547783,0.527545,0.481861,0.800845,0.887176,0.994986,1.028112,0.489084,0.686143,0.762919,0.756814,0.503416,0.664670,0.638681,0.741387
0.806443,0.568789,0.000000,1.029337,0.387010,0.397068,1.257032,0.979057,0.429299,0.427523,0.642882,0.485071,0.771278,0.633573,0.792095,0.663880,0.477946,0.380730,0.809277,0.648790,0.094508,0.201104,1.227494,0.854988,0.383230,0.374856,0.443195,0.362727,0.517792,0.392690,0.696650,0.591819,0.714703,0.727984,0.600463,0.459796,0.410948,0.237117,0.517481,0.500967,0.361952,0.400506,0.441962,0.373091,0.420457,0.549171,0.552700,0.395652,0.636370,0.472913,0.753110,0.619159,0.632069,0.447022,0.636620,0.492841,0.543779,0.504465,0.654570,0.523035,0.777830,0.486029,0.504351,0.396058,0.732821,0.633594,0.749708,0.650713,0.524638,0.437672,0.147930,0.168206,0.559718,0.447584,0.372929,0.434036,0.405496,0.285944,0.417526,0.460558,0.548586,0.501909,0.484199,0.481786,0.740200,0.768556,0.358591,0.423658,0.871117,0.661679
0.699311,0.687247,1.029337,0.000000,0.389621,0.367968,1.188356,1.522803,0.418800,0.618236,0.600626,0.736583,0.679914,0.776372,0.730035,0.787859,0.424270,0.502291,0.824681,0.984801,0.084669,0.233411,1.003405,0.990614,0.294616,0.260949,0.312963,0.217420,0.511650,0.608410,0.688889,0.715602,0.721584,0.852770,0.508982,0.433012,0.391592,0.300448,0.533661,0.609543,0.386829,0.484751,0.535903,0.482782,0.454627,0.636439,0.606552,0.542993,0.659497,0.664223,0.733306,0.757362,0.702702,0.606076,0.671606,0.625216,0.554278,0.566484,0.600596,0.667038,0.748175,0.637412,0.591620,0.583769,0.614266,1.013226,0.640888,0.731286,0.552373,0.530637,0.259359,0.302839,0.537279,0.575582,0.272533,0.463558,0.363818,0.330082,0.502476,0.578834,0.612162,0.641215,0.492515,0.616642,0.604371,0.925706,0.353434,0.509803,0.707363,0.893292
0.188476,0.223218,0.387010,0.389621,0.000000,0.303071,0.350526,0.383600,0.391069,0.342699,0.324084,0.259902,0.256244,0.230851,0.340924,0.332939,0.140788,0.183385,0.341521,0.291851,-0.150319,0.014685,0.416142,0.369234,0.395099,0.235541,0.312705,0.203358,0.172656,0.223835,0.261101,0.324207,0.133679,0.250738,0.274058,0.328821,0.172134,0.150223,0.246268,0.203978,0.156143,0.112757,0.187791,0.204164,0.069455,0.152976,0.220056,0.218700,0.277835,0.281393,0.257859,0.238268,0.296862,0.286363,0.391648,0.380505,0.167162,0.201809,0.318045,0.386409,0.200220,0.147212,0.175955,0.113580,0.273280,0.345691,0.284899,0.298682,0.249153,0.231974,0.052918,0.035796,0.264432,0.330393,0.112442,0.200560,0.248559,0.231768,0.061567,0.106769,0.129739,0.193704,0.193033,0.129933,0.170970,0.244159,0.322262,0.264953,0.434052,0.429307
0.263936,0.321540,0.397068,0.367968,0.303071,0.000000,0.360369,0.447573,0.452399,0.477627,0.309440,0.408767,0.405161,0.500740,0.360650,0.431003,0.228351,0.228640,0.379883,0.377007,-0.015171,0.109320,0.377370,0.423931,0.306079,0.347657,0.242279,0.418991,0.298747,0.261419,0.222510,0.259067,0.330990,0.403429,0.277274,0.125363,0.236644,0.160223,0.357288,0.314952,0.265040,0.246755,0.259613,0.240288,0.217407,0.285935,0.328067,0.276459,0.351420,0.320298,0.278615,0.329561,0.330932,0.317354,0.377843,0.444094,0.258152,0.205132,0.334188,0.366097,0.349084,0.210438,0.288973,0.249667,0.236749,0.468321,0.329327,0.390809,0.310039,0.329058,-0.069737,-0.044109,0.270202,0.337660,0.231371,0.335464,0.131316,0.085940,0.195985,0.170652,0.308248,0.323340,0.285240,0.399883,0.316656,0.308330,0.271306,0.222041,0.432129,0.444328
0.957408,0.837868,1.257032,1.188356,0.350526,0.360369,0.000000,1.249564,0.368846,0.482042,0.787257,0.686730,0.970373,0.787810,0.806943,0.693080,0.612899,0.580325,0.924887,0.880910,0.138054,0.308737,0.865974,0.665932,0.170311,0.167814,0.322270,0.282371,0.691372,0.645910,0.725492,0.673719,0.855245,0.906478,0.572218,0.425127,0.421954,0.270264,0.553420,0.591535,0.393132,0.478042,0.593652,0.548412,0.441439,0.674966,0.700506,0.558257,0.699175,0.571041,0.827700,0.691875,0.782837,0.578108,0.701044,0.564581,0.743959,0.712721,0.703288,0.675971,0.974687,0.733163,0.790292,0.691325,0.719500,0.698097,0.793964,0.700608,0.615302,0.518914,0.258916,0.307204,0.643428,0.590224,0.335291,0.493538,0.439316,0.378720,0.601183,0.673356,0.782388,0.723101,0.505137,0.593835,0.817144,0.838409,0.388655,0.500197,0.799426,0.706337
0.779692,0.763408,0.979057,1.522803,0.383600,0.447573,1.249564,0.000000,0.384353,0.668885,0.715471,0.851740,0.839488,0.963933,0.753665,0.818065,0.499033,0.566868,0.830051,0.980188,0.114260,0.275752,0.813140,0.790240,0.269405,0.254152,0.324237,0.260754,0.583794,0.693009,0.612203,0.698096,0.721813,0.873863,0.521771,0.415193,0.370580,0.291190,0.522997,0.582577,0.392451,0.460387,0.532231,0.500210,0.406703,0.640867,0.599665,0.550287,0.610564,0.647056,0.685794,0.703924,0.704023,0.543309,0.655446,0.589680,0.601958,0.584814,0.584858,0.612393,0.777063,0.683343,0.674302,0.654355,0.643517,1.005580,0.619532,0.636568,0.539875,0.491107,0.190644,0.277346,0.530731,0.633733,0.312906,0.549926,0.409000,0.343546,0.534801,0.570315,0.689037,0.723307,0.473359,0.622320,0.652005,0.863642,0.347133,0.455539,0.721165,0.851896
0.307135,0.256216,0.429299,0.418800,0.391069,0.452399,0.368846,0.384353,0.000000,0.485300,0.326577,0.335858,0.459542,0.395421,0.476786,0.500259,0.266360,0.188449,0.366702,0.290322,-0.206041,-0.081026,0.428089,0.359115,0.279211,0.333424,0.339219,0.408219,0.284978,0.236980,0.330014,0.338347,0.249993,0.353253,0.248229,0.160925,0.408406,0.264709,0.385214,0.301796,0.246683,0.259073,0.210237,0.282821,0.091399,0.272218,0.281701,0.265950,0.324142,0.272192,0.270427,0.285830,0.218284,0.187343,0.394285,0.470604,0.315934,0.196489,0.406181,0.405891,0.292445,0.192828,0.290945,0.172470,0.320331,0.379955,0.397504,0.330908,0.239077,0.161261,-0.179888,-0.139373,0.145136,0.324697,0.087101,0.269649,0.158443,0.082690,0.192984,0.131082,0.239972,0.191830,0.355130,0.266589,0.389731,0.295018,0.505208,0.375384,0.488896,0.427587
0.354638,0.467734,0.427523,0.618236,0.342699,0.477627,0.482042,0.668885,0.485300,0.000000,0.414817,0.531320,0.500745,0.611064,0.531947,0.609500,0.288082,0.324067,0.437900,0.521839,-0.107032,0.128126,0.388185,0.408257,0.194560,0.133626,0.218942,0.227491,0.356277,0.438562,0.206790,0.371276,0.266977,0.400231,0.243404,0.143100,0.190084,0.170640,0.405506,0.364259,0.130844,0.267186,0.247475,0.298481,0.137285,0.276954,0.321245,0.337717,0.349513,0.436363,0.333869,0.346762,0.407826,0.375201,0.518822,0.596757,0.295991,0.290235,0.403535,0.498954,0.387201,0.363413,0.384238,0.378293,0.367958,0.595865,0.333664,0.328087,0.359258,0.313511,-0.024901,0.021066,0.254974,0.486069,0.208234,0.417193,0.299998,0.267768,0.218822,0.173100,0.287019,0.339221,0.290784,0.389705,0.380585,0.384283,0.477203,0.399055,0.544696,0.672217
0.954092,0.710690,0.642882,0.600626,0.324084,0.309440,0.787257,0.715471,0.326577,0.414817,0.000000,0.852579,1.049091,0.817909,0.933184,0.765158,0.736399,0.544023,0.807251,0.587705,0.169159,0.261957,0.513055,0.376142,0.101668,0.004717,0.326875,0.236285,0.753585,0.741792,0.551344,0.622655,0.573908,0.573609,0.463908,0.290215,0.519587,0.398213,0.622815,0.592500,0.302992,0.490422,0.530360,0.666212,0.288994,0.587065,0.615086,0.584935,0.682168,0.526559,0.685651,0.515092,0.611513,0.374223,0.625340,0.505960,0.714049,0.635818,0.564318,0.544909,0.704622,0.562136,0.869166,0.580310,0.731520,0.451805,0.636010,0.433701,0.514177,0.358568,0.185654,0.210166,0.503413,0.606488,0.206591,0.484517,0.398075,0.279693,0.508612,0.460180,0.668341,0.652748,0.480901,0.458579,0.944792,0.730699,0.592040,0.650335,0.710277,0.635044
0.696441,0.858338,0.485071,0.736583,0.259902,0.408767,0.686730,0.851740,0.335858,0.531320,0.852579,0.000000,0.967605,1.416898,0.805929,0.912316,0.774913,0.971183,0.750898,0.927487,0.149459,0.205098,0.421498,0.401741,0.025418,-0.021607,0.206771,0.197959,0.913324,1.176105,0.603742,0.711807,0.656243,0.682586,0.328630,0.249949,0.539612,0.533126,0.614559,0.781029,0.480394,0.736008,0.730628,0.853361,0.401138,0.701475,0.735803,0.757375,0.642044,0.651470,0.610682,0.563024,0.674098,0.537920,0.645963,0.680212,0.631581,0.673535,0.486746,0.548816,0.667603,0.670163,0.904264,0.945080,0.469551,0.631297,0.532377,0.457236,0.476346,0.425491,0.136853,0.249242,0.434463,0.716883,0.248726,0.617757,0.402253,0.279595,0.685773,0.631029,0.889357,0.965504,0.677963,0.868831,0.659480,0.778260,0.519268,0.743348,0.530987,0.779094
0.977666,0.740016,0.771278,0.679914,0.256244,0.405161,0.970373,0.839488,0.459542,0.500745,1.049091,0.967605,0.000000,1.207656,1.091704,0.918002,0.777880,0.585044,0.786302,0.672656,0.150941,0.275456,0.558834,0.373988,0.051818,0.021451,0.277648,0.275452,0.866017,0.755983,0.605758,0.633614,0.632556,0.609064,0.393852,0.240474,0.475405,0.406519,0.589561,0.627132,0.417260,0.546258,0.584188,0.629530,0.298586,0.546747,0.664170,0.566490,0.661498,0.525906,0.638740,0.504297,0.658368,0.421691,0.642205,0.524474,0.661099,0.583080,0.584952,0.533133,0.770744,0.597690,0.849111,0.637060,0.677865,0.514512,0.586558,0.397060,0.519155,0.390822,0.168300,0.217345,0.596308,0.683163,0.369943,0.608442,0.466644,0.283767,0.559305,0.493136,0.802960,0.713404,0.574053,0.586609,0.829527,0.658460,0.536253,0.612758,0.736926,0.686392
0.733900,0.780668,0.633573,0.776372,0.230851,0.500740,0.787810,0.963933,0.395421,0.611064,0.817909,1.416898,1.207656,0.000000,0.890039,1.058390,0.649281,0.744810,0.742088,0.826135,0.153743,0.248152,0.515341,0.463551,0.070993,0.062108,0.262793,0.282546,0.788399,0.876092,0.568578,0.673627,0.648553,0.694441,0.386462,0.265136,0.488110,0.434249,0.598733,0.667797,0.469370,0.629809,0.620879,0.680752,0.330464,0.603320,0.710850,0.665980,0.651984,0.588135,0.579852,0.545506,0.662852,0.489959,0.640142,0.613510,0.594786,0.599839,0.490679,0.519231,0.703207,0.604232,0.802601,0.754808,0.528118,0.685229,0.542682,0.471094,0.500312,0.444186,0.102037,0.218989,0.503143,0.764396,0.340785,0.671387,0.453142,0.300507,0.600051,0.536879,0.828655,0.866217,0.565799,0.755445,0.667688,0.745951,0.473849,0.614272,0.642026,0.785791
0.826228,0.639126,0.792095,0.730035,0.340924,0.360650,0.806943,0.753665,0.476786,0.531947,0.933184,0.805929,1.091704,0.890039,0.000000,1.119793,0.667158,0.485466,0.842910,0.681169,0.112962,0.238975,0.777165,0.572033,0.045168,-0.048581,0.246962,0.222785,0.782562,0.650877,0.713000,0.795286,0.509830,0.547304,0.445266,0.322927,0.490507,0.426445,0.598846,0.603738,0.403083,0.488030,0.615054,0.664865,0.328637,0.496335,0.789855,0.671566,0.713660,0.587227,0.709936,0.476758,0.737937,0.529124,0.821568,0.652288,0.609730,0.588568,0.641636,0.633426,0.722484,0.452679,0.712633,0.469530,0.745250,0.574400,0.654877,0.491662,0.660950,0.495626,0.209384,0.230129,0.606136,0.708117,0.444568,0.600701,0.548749,0.389090,0.481424,0.416545,0.686537,0.629192,0.592264,0.606636,0.762415,0.741864,0.717071,0.798818,0.973772,0.849641
0.701566,0.654280,0.663880,0.787859,0.332939,0.431003,0.693080,0.818065,0.500259,0.609500,0.765158,0.912316,0.918002,1.058390,1.119793,0.000000,0.528401,0.541039,0.692120,0.675168,0.133299,0.230737,0.709585,0.570816,0.051304,-0.015184,0.274264,0.239663,0.670102,0.717211,0.740935,0.903731,0.486671,0.573510,0.438903,0.312712,0.562350,0.508597,0.675536,0.728642,0.398340,0.511252,0.553292,0.704515,0.254577,0.516862,0.746872,0.745629,0.730896,0.607089,0.707881,0.556592,0.760531,0.591614,0.775420,0.728166,0.649766,0.645039,0.629847,0.669323,0.667706,0.532686,0.683954,0.523630,0.673484,0.701527,0.614915,0.492960,0.557576,0.458406,0.229586,0.280066,0.531196,0.753435,0.305747,0.570641,0.557039,0.370601,0.523742,0.476039,0.660268,0.690871,0.555111,0.650394,0.692022,0.872063,0.739285,0.900157,0.866409,0.983522
0.814071,0.765967,0.477946,0.424270,0.140788,0.228351,0.612899,0.499033,0.266360,0.288082,0.736399,0.774913,0.777880,0.649281,0.667158,0.528401,0.000000,0.846280,0.794523,0.665711,0.117532,0.116698,0.263712,0.184395,0.033629,-0.026817,0.219213,0.261405,1.116936,0.810649,0.570478,0.540077,0.704331,0.619787,0.325026,0.282183,0.611698,0.428711,0.391370,0.567363,0.454673,0.631810,0.673561,0.715641,0.451622,0.634010,0.676843,0.661101,0.481983,0.438557,0.552536,0.367692,0.493749,0.330658,0.581220,0.524874,0.813462,0.687808,0.523616,0.438530,0.708002,0.549773,0.914456,0.733711,0.401597,0.259234,0.556149,0.336501,0.461090,0.333832,0.098807,0.116430,0.446320,0.478968,0.365589,0.543786,0.472659,0.226813,0.756883,0.652505,0.992376,0.708205,0.749452,0.676397,0.729755,0.539377,0.417932,0.583257,0.477874,0.444518
0.562741,1.006665,0.380730,0.502291,0.183385,0.228640,0.580325,0.566868,0.188449,0.324067,0.544023,0.971183,0.585044,0.744810,0.485466,0.541039,0.846280,0.000000,0.674386,0.879344,0.155983,0.185811,0.254344,0.240424,0.011624,-0.035622,0.196268,0.247796,0.867775,1.156803,0.554658,0.628178,0.723713,0.752773,0.293225,0.275828,0.594511,0.543317,0.542691,0.779416,0.469314,0.800555,0.697093,0.857108,0.461908,0.852090,0.685710,0.805304,0.536419,0.625938,0.560204,0.521711,0.576651,0.543759,0.579425,0.747786,0.826198,0.906036,0.506849,0.602648,0.712814,0.711362,0.923828,1.171165,0.294272,0.438058,0.575381,0.481544,0.504013,0.460098,0.086241,0.181429,0.430199,0.664388,0.234413,0.572356,0.381087,0.285272,0.890947,0.891741,0.955797,1.123646,0.607420,0.862487,0.562573,0.671634,0.421714,0.648305,0.393382,0.585917
1.120844,0.948136,0.809277,0.824681,0.341521,0.379883,0.924887,0.830051,0.366702,0.437900,0.807251,0.750898,0.786302,0.742088,0.842910,0.692120,0.794523,0.674386,0.000000,1.107979,0.165301,0.269010,0.694221,0.564881,0.141365,0.126007,0.349229,0.316308,0.828339,0.774708,0.782970,0.830538,0.911442,0.953846,0.548145,0.469670,0.572204,0.393480,0.584442,0.602774,0.423669,0.550335,0.652906,0.636500,0.420902,0.623314,0.783684,0.711299,0.589705,0.537996,0.586492,0.469347,0.615482,0.438870,0.743669,0.683814,0.886842,0.796087,0.660776,0.696256,0.830499,0.559238,0.818669,0.655469,0.542795,0.534305,0.834768,0.701452,0.822178,0.651917,0.171761,0.206282,0.753467,0.723946,0.383801,0.639497,0.507060,0.418688,0.698462,0.659370,0.842064,0.793809,0.562468,0.666632,0.672054,0.687172,0.456963,0.626069,0.725800,0.693429
0.686032,1.016102,0.648790,0.984801,0.291851,0.377007,0.880910,0.980188,0.290322,0.521839,0.587705,0.927487,0.672656,0.826135,0.681169,0.675168,0.665711,0.879344,1.107979,0.000000,0.194017,0.314327,0.682583,0.673303,0.096729,0.099046,0.285490,0.283782,0.774362,0.922079,0.715587,0.757779,0.936766,1.040165,0.419715,0.331364,0.458704,0.393807,0.582873,0.658657,0.546852,0.709829,0.774621,0.607054,0.582668,0.702312,0.736617,0.670835,0.555717,0.563185,0.588572,0.536274,0.703961,0.599434,0.656532,0.626429,0.723144,0.748475,0.571727,0.627209,0.817298,0.681115,0.813275,0.852147,0.425133,0.742450,0.589998,0.699038,0.760427,0.757271,0.179342,0.279341,0.656051,0.714921,0.314462,0.635909,0.372193,0.328942,0.835707,0.868803,0.944367,0.925961,0.543573,0.866066,0.522442,0.718716,0.298702,0.520091,0.562468,0.706104
0.217246,0.186394,0.094508,0.084669,-0.150319,-0.015171,0.138054,0.114260,-0.206041,-0.107032,0.169159,0.149459,0.150941,0.153743,0.112962,0.133299,0.117532,0.155983,0.165301,0.194017,0.000000,0.304082,0.128719,0.112698,-0.100610,-0.001573,0.042184,0.035090,0.169569,0.199405,0.250334,0.168484,0.266355,0.168175,0.014224,0.083545,0.109336,0.175398,0.125776,0.173284,0.144724,0.232361,0.185195,0.123151,0.158986,0.189383,0.140140,0.075652,0.118478,0.019085,0.126908,0.084456,0.143880,0.061941,-0.004361,-0.018436,0.206804,0.183328,0.036157,0.011498,0.150647,0.165576,0.161615,0.174953,0.043605,-0.001266,0.091925,0.083991,0.157056,0.144555,0.290199,0.334203,0.229734,0.124213,0.010290,0.032972,0.018223,0.038163,0.281370,0.276210,0.240134,0.238859,0.093955,0.161509,0.098832,0.155116,-0.053124,0.025344,-0.035207,-0.004560
0.288376,0.309164,0.201104,0.233411,0.014685,0.109320,0.308737,0.275752,-0.081026,0.128126,0.261957,0.205098,0.275456,0.248152,0.238975,0.230737,0.116698,0.185811,0.269010,0.314327,0.304082,0.000000,0.246585,0.190562,-0.186626,-0.117967,0.051840,0.066194,0.186908,0.337391,0.263919,0.329687,0.283574,0.316047,0.233773,0.117298,0.008653,0.073994,0.336335,0.205245,0.047139,0.165659,0.143371,0.170361,-0.040190,0.181353,0.191840,0.155745,0.232188,0.144308,0.219132,0.141368,0.305480,0.196069,0.157476,0.085586,0.299391,0.260414,0.206150,0.196993,0.291220,0.236717,0.379577,0.265413,0.255651,0.159063,0.246370,0.233695,0.339698,0.259861,0.305907,0.414910,0.459544,0.395923,-0.004319,0.161889,0.063763,0.200680,0.304465,0.243200,0.263682,0.337133,-0.095315,0.062111,0.179873,0.197298,0.124153,0.129235,0.193795,0.171214
0.525267,0.362773,1.227494,1.003405,0.416142,0.377370,0.865974,0.813140,0.428089,0.388185,0.513055,0.421498,0.558834,0.515341,0.777165,0.709585,0.263712,0.254344,0.694221,0.682583,0.128719,0.246585,0.000000,1.309133,0.359809,0.349782,0.386506,0.311157,0.351212,0.342389,0.781639,0.688524,0.563961,0.623169,0.496659,0.341602,0.346975,0.240163,0.572705,0.473761,0.371411,0.359785,0.375665,0.271033,0.358180,0.388990,0.437776,0.310288,0.542329,0.369023,0.575607,0.467312,0.535494,0.435043,0.524709,0.425737,0.357076,0.332840,0.479480,0.427975,0.512456,0.258738,0.343571,0.216270,0.631900,0.619939,0.558208,0.607972,0.496179,0.463235,0.202040,0.230189,0.556220,0.473123,0.294390,0.360946,0.278257,0.208086,0.363820,0.391972,0.406975,0.424280,0.378001,0.434189,0.489959,0.675179,0.356289,0.433867,0.753528,0.632357
0.356348,0.280644,0.854988,0.990614,0.369234,0.423931,0.665932,0.790240,0.359115,0.408257,0.376142,0.401741,0.373988,0.463551,0.572033,0.570816,0.184395,0.240424,0.564881,0.673303,0.112698,0.190562,1.309133,0.000000,0.455467,0.472169,0.382558,0.315948,0.286516,0.283610,0.640105,0.616248,0.468606,0.584505,0.389009,0.345364,0.308258,0.217890,0.411804,0.394296,0.322911,0.327900,0.302215,0.217525,0.361711,0.358527,0.347497,0.259483,0.400701,0.313150,0.450020,0.425870,0.380470,0.372518,0.434958,0.371809,0.253385,0.232688,0.327214,0.320965,0.392597,0.160616,0.248653,0.164929,0.386937,0.634338,0.411529,0.536719,0.364807,0.362823,0.111987,0.161041,0.385076,0.403226,0.282855,0.347712,0.224004,0.209471,0.311788,0.330793,0.358248,0.411515,0.373882,0.469680,0.362774,0.654173,0.224455,0.324052,0.538234,0.529756
0.038559,-0.053216,0.383230,0.294616,0.395099,0.306079,0.170311,0.269405,0.279211,0.194560,0.101668,0.025418,0.051818,0.070993,0.045168,0.051304,0.033629,0.011624,0.141365,0.096729,-0.100610,-0.186626,0.359809,0.455467,0.000000,1.113614,0.399273,0.350439,-0.024767,-0.040716,0.099333,0.042391,0.163120,0.167604,0.090653,0.126357,0.172743,0.041280,0.041434,0.031024,0.111412,0.078688,-0.047750,-0.029630,0.132838,0.130030,-0.061042,-0.033417,0.016915,0.069891,0.062845,0.185436,-0.027570,0.013717,-0.016339,0.109978,-0.098547,-0.073142,-0.002612,-0.014714,-0.020109,-0.005825,-0.130801,-0.070549,0.085366,0.226683,0.034553,0.090193,-0.142893,-0.074874,-0.225550,-0.246411,0.015938,0.022341,0.033482,0.087764,-0.036996,-0.140494,-0.029991,0.027285,-0.044322,-0.023003,0.204722,0.089981,0.111582,0.145628,-0.080867,-0.107193,0.116234,0.142691
0.024825,-0.060100,0.374856,0.260949,0.235541,0.347657,0.167814,0.254152,0.333424,0.133626,0.004717,-0.021607,0.021451,0.062108,-0.048581,-0.015184,-0.026817,-0.035622,0.126007,0.099046,-0.001573,-0.117967,0.349782,0.472169,1.113614,0.000000,0.416509,0.455191,-0.041629,-0.061853,0.145006,0.048459,0.190762,0.219784,0.061661,0.132682,0.162270,-0.011745,0.037797,-0.011798,0.104328,0.062545,-0.090039,-0.092214,0.103370,0.142930,-0.099842,-0.109332,-0.063206,-0.026872,-0.009916,0.148317,-0.116693,-0.086897,-0.079263,0.030140,-0.068785,-0.126358,-0.029090,-0.073374,-0.032962,-0.034768,-0.128377,-0.074123,-0.001136,0.167436,0.034747,0.103932,-0.153126,-0.106850,-0.255756,-0.263125,0.000412,-0.033893,0.001651,0.073185,-0.109235,-0.161308,0.024319,0.034474,-0.012717,-0.020966,0.141062,0.081899,0.073821,0.087695,-0.149248,-0.204694,0.031119,0.023381
0.271574,0.195316,0.443195,0.312963,0.312705,0.242279,0.322270,0.324237,0.339219,0.218942,0.326875,0.206771,0.277648,0.262793,0.246962,0.274264,0.219213,0.196268,0.349229,0.285490,0.042184,0.051840,0.386506,0.382558,0.399273,0.416509,0.000000,0.542509,0.194007,0.198920,0.355507,0.296577,0.355112,0.349025,0.294469,0.252191,0.388330,0.108098,0.320194,0.202001,0.162092,0.249005,0.115168,0.177183,0.116842,0.223448,0.146895,0.127697,0.207123,0.071169,0.226748,0.196485,0.159534,0.059511,0.219452,0.189257,0.248319,0.186676,0.214297,0.167223,0.257331,0.148634,0.219844,0.124174,0.284592,0.236072,0.251470,0.249308,0.160840,0.156181,-0.103795,-0.058294,0.172502,0.253245,0.028639,0.193982,0.083540,0.052733,0.213999,0.195611,0.199918,0.190855,0.237417,0.183748,0.310357,0.286188,0.219292,0.155922,0.334932,0.221530
0.231537,0.208680,0.362727,0.217420,0.203358,0.418991,0.282371,0.260754,0.408219,0.227491,0.236285,0.197959,0.275452,0.282546,0.222785,0.239663,0.261405,0.247796,0.316308,0.283782,0.035090,0.066194,0.311157,0.315948,0.350439,0.455191,0.542509,0.000000,0.243337,0.229604,0.300546,0.233660,0.348740,0.366801,0.197765,0.104614,0.280937,0.123991,0.340976,0.253718,0.255799,0.274413,0.080606,0.131557,0.108558,0.255560,0.107119,0.095150,0.144040,0.112830,0.132542,0.175712,0.099616,0.072128,0.180848,0.252430,0.270789,0.140057,0.172220,0.136375,0.217368,0.119953,0.214555,0.167391,0.137652,0.143563,0.240496,0.205244,0.157249,0.102023,-0.184216,-0.097545,0.202727,0.274166,0.072951,0.228197,0.016732,-0.038426,0.268292,0.253040,0.226185,0.205590,0.207730,0.236032,0.264972,0.175715,0.156818,0.121732,0.286397,0.161128
0.735787,0.840570,0.517792,0.511650,0.172656,0.298747,0.691372,0.583794,0.284978,0.356277,0.753585,0.913324,0.866017,0.788399,0.782562,0.670102,1.116936,0.867775,0.828339,0.774362,0.169569,0.186908,0.351212,0.286516,-0.024767,-0.041629,0.194007,0.243337,0.000000,1.025662,0.737106,0.753066,0.639807,0.650633,0.316657,0.299158,0.607550,0.508156,0.536017,0.682980,0.516512,0.645229,0.775544,0.840667,0.437714,0.687888,0.848213,0.796454,0.566530,0.544756,0.580949,0.390814,0.593671,0.419599,0.752514,0.652783,0.852877,0.670407,0.552183,0.507851,0.709021,0.507370,0.994838,0.758087,0.324274,0.278385,0.604461,0.403249,0.550439,0.380290,0.137658,0.117418,0.528160,0.570649,0.436963,0.651526,0.576968,0.305486,0.838096,0.661610,1.138772,0.872957,0.841019,0.822930,0.675410,0.550749,0.587895,0.741186,0.534609,0.502775
0.692165,0.982281,0.392690,0.608410,0.223835,0.261419,0.645910,0.693009,0.236980,0.438562,0.741792,1.176105,0.755983,0.876092,0.650877,0.717211,0.810649,1.156803,0.774708,0.922079,0.199405,0.337391,0.342389,0.283610,-0.040716,-0.061853,0.198920,0.229604,1.025662,0.000000,0.685743,0.822367,0.725912,0.792928,0.327961,0.272987,0.543782,0.587488,0.736338,0.871035,0.382640,0.705839,0.638297,0.899096,0.319672,0.780054,0.690164,0.801641,0.555426,0.605446,0.567960,0.497697,0.620211,0.491342,0.653417,0.737923,0.840396,0.808074,0.512966,0.604994,0.657906,0.689749,1.093512,1.042669,0.399420,0.438436,0.588286,0.447741,0.538789,0.416775,0.157095,0.267730,0.502058,0.788529,0.166474,0.539033,0.365241,0.283675,0.899635,0.869406,0.946322,1.075302,0.556671,0.758838,0.633936,0.649782,0.564117,0.795948,0.495861,0.637587
0.668524,0.568887,0.696650,0.688889,0.261101,0.222510,0.725492,0.612203,0.330014,0.206790,0.551344,0.603742,0.605758,0.568578,0.713000,0.740935,0.570478,0.554658,0.782970,0.715587,0.250334,0.263919,0.781639,0.640105,0.099333,0.145006,0.355507,0.300546,0.737106,0.685743,0.000000,1.233683,0.699600,0.765705,0.418870,0.374944,0.589340,0.457559,0.667286,0.676750,0.493074,0.599818,0.546306,0.626763,0.317357,0.639151,0.600942,0.584036,0.502115,0.409181,0.547393,0.428846,0.515406,0.399140,0.535804,0.513159,0.706119,0.583543,0.488391,0.488391,0.592493,0.415971,0.620066,0.489423,0.466270,0.374668,0.597786,0.509262,0.478584,0.360894,0.260208,0.307579,0.557402,0.566796,0.227168,0.456838,0.402511,0.235280,0.720414,0.628816,0.734770,0.764650,0.570066,0.670564,0.545132,0.692244,0.496029,0.702559,0.524859,0.487122
0.652509,0.668135,0.591819,0.715602,0.324207,0.259067,0.673719,0.698096,0.338347,0.371276,0.622655,0.711807,0.633614,0.673627,0.795286,0.903731,0.540077,0.628178,0.830538,0.757779,0.168484,0.329687,0.688524,0.616248,0.042391,0.048459,0.296577,0.233660,0.753066,0.822367,1.233683,0.000000,0.544233,0.745211,0.438408,0.414340,0.556747,0.484968,0.665621,0.603068,0.357285,0.449458,0.480948,0.651905,0.146863,0.538327,0.637869,0.706585,0.495146,0.481354,0.488617,0.343240,0.507978,0.401407,0.692692,0.649583,0.747914,0.640321,0.548248,0.586184,0.564340,0.402269,0.732594,0.489328,0.469057,0.405920,0.664096,0.534155,0.585248,0.401131,0.208864,0.286746,0.591235,0.801643,0.235108,0.506497,0.563392,0.424901,0.706371,0.517852,0.726688,0.854591,0.434134,0.529184,0.512076,0.658835,0.671488,0.807521,0.630450,0.651355
0.840227,0.831757,0.714703,0.721584,0.133679,0.330990,0.855245,0.721813,0.249993,0.266977,0.573908,0.656243,0.632556,0.648553,0.509830,0.486671,0.704331,0.723713,0.911442,0.936766,0.266355,0.283574,0.563961,0.468606,0.163120,0.190762,0.355112,0.348740,0.639807,0.725912,0.699600,0.544233,0.000000,1.324314,0.570154,0.384183,0.559194,0.323747,0.634814,0.732273,0.523798,0.725358,0.622306,0.577117,0.604540,0.905854,0.595314,0.551128,0.574803,0.477672,0.669500,0.653201,0.607812,0.463628,0.461240,0.530727,0.822065,0.781851,0.568359,0.544722,0.940893,0.783260,0.765272,0.849925,0.500771,0.551408,0.727049,0.747340,0.599679,0.616856,0.160172,0.293104,0.591233,0.559434,0.190029,0.484584,0.235761,0.137608,0.724395,0.927647,0.813591,0.756401,0.545775,0.739585,0.677941,0.750857,0.221649,0.433601,0.443556,0.482766
0.738443,0.887631,0.727984,0.852770,0.250738,0.403429,0.906478,0.873863,0.353253,0.400231,0.573609,0.682586,0.609064,0.694441,0.547304,0.573510,0.619787,0.752773,0.953846,1.040165,0.168175,0.316047,0.623169,0.584505,0.167604,0.219784,0.349025,0.366801,0.650633,0.792928,0.765705,0.745211,1.324314,0.000000,0.683255,0.470491,0.558833,0.380953,0.706244,0.689539,0.472042,0.645464,0.573044,0.591423,0.467138,0.894736,0.649791,0.662928,0.592048,0.556619,0.627790,0.629484,0.601486,0.486459,0.588273,0.657711,0.844618,0.790290,0.652240,0.684998,0.903229,0.697631,0.848331,0.822130,0.485887,0.660298,0.832137,0.918692,0.677153,0.635907,0.104417,0.239182,0.616488,0.741617,0.197415,0.605964,0.326961,0.277699,0.800859,0.887123,0.843699,0.893289,0.460323,0.693834,0.620474,0.754670,0.336761,0.488088,0.560466,0.596687
0.546334,0.436348,0.600463,0.508982,0.274058,0.277274,0.572218,0.521771,0.248229,0.243404,0.463908,0.328630,0.393852,0.386462,0.445266,0.438903,0.325026,0.293225,0.548145,0.419715,0.014224,0.233773,0.496659,0.389009,0.090653,0.061661,0.294469,0.197765,0.316657,0.327961,0.418870,0.438408,0.570154,0.683255,0.000000,0.566803,0.316646,0.190259,0.418860,0.357287,0.261072,0.254234,0.338434,0.387971,0.250704,0.437563,0.477843,0.437497,0.570438,0.419911,0.651284,0.486309,0.500914,0.365944,0.539609,0.385092,0.534906,0.496809,0.635746,0.506277,0.696960,0.427774,0.479308,0.352796,0.687857,0.506608,0.757474,0.660443,0.512304,0.421247,0.136824,0.221786,0.471268,0.475033,0.215755,0.388555,0.374314,0.414117,0.287088,0.338365,0.397902,0.450938,0.198425,0.271461,0.509538,0.606975,0.321391,0.383080,0.558303,0.458915
0.441547,0.384704,0.459796,0.433012,0.328821,0.125363,0.425127,0.415193,0.160925,0.143100,0.290215,0.249949,0.240474,0.265136,0.322927,0.312712,0.282183,0.275828,0.469670,0.331364,0.083545,0.117298,0.341602,0.345364,0.126357,0.132682,0.252191,0.104614,0.299158,0.272987,0.374944,0.414340,0.384183,0.470491,0.566803,0.000000,0.340471,0.230284,0.189804,0.232906,0.213330,0.132318,0.308326,0.359940,0.238895,0.345418,0.435321,0.396236,0.382021,0.317659,0.430488,0.347761,0.361229,0.257689,0.443465,0.350385,0.414551,0.418954,0.489053,0.414132,0.478301,0.325797,0.296253,0.239149,0.356854,0.381686,0.601709,0.531432,0.434681,0.341051,0.150027,0.195489,0.403376,0.374753,0.297864,0.370583,0.463082,0.442527,0.248086,0.286248,0.384640,0.402116,0.239698,0.234744,0.297607,0.480261,0.215233,0.302263,0.392173,0.384426
0.493909,0.490668,0.410948,0.391592,0.172134,0.236644,0.421954,0.370580,0.408406,0.190084,0.519587,0.539612,0.475405,0.488110,0.490507,0.562350,0.611698,0.594511,0.572204,0.458704,0.109336,0.008653,0.346975,0.308258,0.172743,0.162270,0.388330,0.280937,0.607550,0.543782,0.589340,0.556747,0.559194,0.558833,0.316646,0.340471,0.000000,0.555125,0.531258,0.660359,0.460524,0.666369,0.492858,0.638009,0.378221,0.570508,0.509738,0.583040,0.451072,0.373418,0.475645,0.401306,0.392288,0.286944,0.514817,0.603682,0.613842,0.581364,0.433996,0.484641,0.519682,0.397689,0.526620,0.479369,0.308850,0.320206,0.541667,0.467738,0.344261,0.326776,0.051787,0.026161,0.291710,0.409603,0.171923,0.424337,0.366113,0.175697,0.563817,0.494834,0.632131,0.567678,0.667567,0.580396,0.561390,0.606884,0.545188,0.651529,0.448584,0.471242
0.395508,0.440137,0.237117,0.300448,0.150223,0.160223,0.270264,0.291190,0.264709,0.170640,0.398213,0.533126,0.406519,0.434249,0.426445,0.508597,0.428711,0.543317,0.393480,0.393807,0.175398,0.073994,0.240163,0.217890,0.041280,-0.011745,0.108098,0.123991,0.508156,0.587488,0.457559,0.484968,0.323747,0.380953,0.190259,0.230284,0.555125,0.000000,0.469348,0.615261,0.310940,0.508478,0.431887,0.608236,0.212159,0.439667,0.491396,0.570604,0.385031,0.381384,0.375507,0.331190,0.347417,0.288268,0.425939,0.502008,0.483761,0.493181,0.374602,0.409585,0.395864,0.375017,0.483194,0.451074,0.254159,0.277640,0.440322,0.343532,0.338355,0.238757,0.112321,0.158807,0.272953,0.425333,0.131742,0.397572,0.332422,0.276171,0.513245,0.471320,0.505673,0.587529,0.461057,0.481040,0.407736,0.510229,0.443671,0.579693,0.389849,0.461948
0.594694,0.575847,0.517481,0.533661,0.246268,0.357288,0.553420,0.522997,0.385214,0.405506,0.622815,0.614559,0.589561,0.598733,0.598846,0.675536,0.391370,0.542691,0.584442,0.582873,0.125776,0.336335,0.572705,0.411804,0.041434,0.037797,0.320194,0.340976,0.536017,0.736338,0.667286,0.665621,0.634814,0.706244,0.418860,0.189804,0.531258,0.469348,0.000000,0.957291,0.355253,0.613545,0.364698,0.571235,0.205869,0.650529,0.473336,0.500616,0.580122,0.469244,0.540125,0.516154,0.542349,0.404939,0.591694,0.666235,0.694657,0.546852,0.569724,0.614389,0.586392,0.439747,0.745351,0.560632,0.538024,0.424353,0.649742,0.582542,0.484515,0.380815,0.037248,0.128783,0.447481,0.596636,-0.021662,0.327850,0.146541,0.123943,0.575816,0.531859,0.524978,0.668160,0.367884,0.544524,0.721803,0.625125,0.696325,0.786751,0.648922,0.545248
0.633476,0.688956,0.500967,0.609543,0.203978,0.314952,0.591535,0.582577,0.301796,0.364259,0.592500,0.781029,0.627132,0.667797,0.603738,0.728642,0.567363,0.779416,0.602774,0.658657,0.173284,0.205245,0.473761,0.394296,0.031024,-0.011798,0.202001,0.253718,0.682980,0.871035,0.676750,0.603068,0.732273,0.689539,0.357287,0.232906,0.660359,0.615261,0.957291,0.000000,0.490340,0.821965,0.577507,0.738179,0.478040,0.804340,0.594216,0.640720,0.672270,0.617724,0.693309,0.700983,0.669855,0.582502,0.608864,0.798588,0.726604,0.717921,0.567149,0.664344,0.699438,0.656328,0.717876,0.763131,0.450868,0.557471,0.580741,0.530251,0.474844,0.428896,0.183958,0.244980,0.435154,0.560773,0.129368,0.448025,0.252593,0.170087,0.643985,0.763707,0.686862,0.794880,0.658353,0.847979,0.654863,0.834815,0.587191,0.893529,0.528839,0.695501
0.296015,0.390305,0.361952,0.386829,0.156143,0.265040,0.393132,0.392451,0.246683,0.130844,0.302992,0.480394,0.417260,0.469370,0.403083,0.398340,0.454673,0.469314,0.423669,0.546852,0.144724,0.047139,0.371411,0.322911,0.111412,0.104328,0.162092,0.255799,0.516512,0.382640,0.493074,0.357285,0.523798,0.472042,0.261072,0.213330,0.460524,0.310940,0.355253,0.490340,0.000000,0.750158,0.517231,0.381292,0.524307,0.489735,0.435636,0.380873,0.408561,0.389061,0.396036,0.387858,0.388864,0.390817,0.335092,0.360304,0.346724,0.338983,0.276864,0.278489,0.442336,0.320906,0.343270,0.424512,0.177857,0.359124,0.284560,0.366544,0.321492,0.377823,0.021253,0.076660,0.368179,0.340454,0.361842,0.452549,0.240747,0.065698,0.489848,0.470909,0.528932,0.451092,0.598738,0.631588,0.285866,0.436066,0.230131,0.361778,0.263737,0.335197
0.440453,0.580969,0.400506,0.484751,0.112757,0.246755,0.478042,0.460387,0.259073,0.267186,0.490422,0.736008,0.546258,0.629809,0.488030,0.511252,0.631810,0.800555,0.550335,0.709829,0.232361,0.165659,0.359785,0.327900,0.078688,0.062545,0.249005,0.274413,0.645229,0.705839,0.599818,0.449458,0.725358,0.645464,0.254234,0.132318,0.666369,0.508478,0.613545,0.821965,0.750158,0.000000,0.637675,0.607182,0.570748,0.778033,0.522638,0.511930,0.492390,0.467449,0.510960,0.504055,0.513516,0.456803,0.404773,0.525570,0.532793,0.519646,0.336794,0.380497,0.589647,0.513868,0.629956,0.744117,0.252050,0.421812,0.381155,0.442891,0.344964,0.411303,0.061719,0.101951,0.368603,0.437440,0.181497,0.476556,0.163661,-0.004736,0.791972,0.767031,0.730907,0.694040,0.719291,0.911189,0.497454,0.584228,0.323012,0.549986,0.302276,0.446700
0.503822,0.705441,0.441962,0.535903,0.187791,0.259613,0.593652,0.532231,0.210237,0.247475,0.530360,0.730628,0.584188,0.620879,0.615054,0.553292,0.673561,0.697093,0.652906,0.774621,0.185195,0.143371,0.375665,0.302215,-0.047750,-0.090039,0.115168,0.080606,0.775544,0.638297,0.546306,0.480948,0.622306,0.573044,0.338434,0.308326,0.492858,0.431887,0.364698,0.577507,0.517231,0.637675,0.000000,1.064268,1.015179,0.860684,1.218732,0.990289,0.908592,0.763324,0.855147,0.720541,0.911150,0.718785,0.737411,0.624591,0.648771,0.750196,0.655407,0.648530,0.843650,0.678848,0.709962,0.726966,0.410824,0.552212,0.631664,0.692955,0.695350,0.762745,0.281602,0.250419,0.449405,0.356559,0.415765,0.490487,0.401758,0.286398,0.621072,0.667210,0.975282,0.788915,0.690727,0.857829,0.504735,0.665378,0.341558,0.547880,0.459578,0.592051
0.642473,0.784732,0.373091,0.482782,0.204164,0.240288,0.548412,0.500210,0.282821,0.298481,0.666212,0.853361,0.629530,0.680752,0.664865,0.704515,0.715641,0.857108,0.636500,0.607054,0.123151,0.170361,0.271033,0.217525,-0.029630,-0.092214,0.177183,0.131557,0.840667,0.899096,0.626763,0.651905,0.577117,0.591423,0.387971,0.359940,0.638009,0.608236,0.571235,0.738179,0.381292,0.607182,1.064268,0.000000,0.530576,1.015774,1.177712,1.386135,0.883289,0.887913,0.874739,0.782317,0.804397,0.651504,0.774122,0.827634,0.851371,0.946792,0.687558,0.774439,0.763966,0.731783,0.904044,0.867041,0.489729,0.474002,0.759710,0.566773,0.540619,0.454409,0.208738,0.234861,0.414158,0.520130,0.248790,0.484851,0.432913,0.350409,0.610625,0.636861,0.841566,0.922547,0.635295,0.728206,0.684215,0.767581,0.603565,0.805066,0.498468,0.637738
0.289480,0.388978,0.420457,0.454627,0.069455,0.217407,0.441439,0.406703,0.091399,0.137285,0.288994,0.401138,0.298586,0.330464,0.328637,0.254577,0.451622,0.461908,0.420902,0.582668,0.158986,-0.040190,0.358180,0.361711,0.132838,0.103370,0.116842,0.108558,0.437714,0.319672,0.317357,0.146863,0.604540,0.467138,0.250704,0.238895,0.378221,0.212159,0.205869,0.478040,0.524307,0.570748,1.015179,0.530576,0.000000,0.786177,0.616426,0.514789,0.639306,0.610095,0.668741,0.684837,0.595352,0.556229,0.401319,0.383363,0.339782,0.430732,0.393936,0.369680,0.641421,0.495174,0.349626,0.506406,0.248811,0.559059,0.383856,0.591447,0.441615,0.666403,0.173197,0.133895,0.281350,0.097055,0.380209,0.333670,0.162221,0.046678,0.427170,0.570545,0.622380,0.444916,0.697047,0.828782,0.347682,0.569113,0.033462,0.269884,0.239900,0.388024
0.620348,0.776344,0.549171,0.636439,0.152976,0.285935,0.674966,0.640867,0.272218,0.276954,0.587065,0.701475,0.546747,0.603320,0.496335,0.516862,0.634010,0.852090,0.623314,0.702312,0.189383,0.181353,0.388990,0.358527,0.130030,0.142930,0.223448,0.255560,0.687888,0.780054,0.639151,0.538327,0.905854,0.894736,0.437563,0.345418,0.570508,0.439667,0.650529,0.804340,0.489735,0.778033,0.860684,1.015774,0.786177,0.000000,0.834315,0.909950,0.824595,1.001428,0.880719,1.073049,0.698915,0.643004,0.548475,0.714935,0.805442,0.834932,0.591394,0.646389,0.859742,0.795700,0.820061,0.956970,0.428740,0.577428,0.743151,0.706808,0.480218,0.498052,0.127302,0.192190,0.422346,0.443437,0.180532,0.432013,0.203846,0.136374,0.757826,0.850793,0.872312,0.925104,0.621884,0.866107,0.730107,0.818292,0.349901,0.583671,0.400860,0.539865
0.681378,0.865809,0.552700,0.606552,0.220056,0.328067,0.700506,0.599665,0.281701,0.321245,0.615086,0.735803,0.664170,0.710850,0.789855,0.746872,0.676843,0.685710,0.783684,0.736617,0.140140,0.191840,0.437776,0.347497,-0.061042,-0.099842,0.146895,0.107119,0.848213,0.690164,0.600942,0.637869,0.595314,0.649791,0.477843,0.435321,0.509738,0.491396,0.473336,0.594216,0.435636,0.522638,1.218732,1.177712,0.616426,0.834315,0.000000,1.339923,1.032309,0.822820,0.976521,0.750584,1.045366,0.778639,1.042697,0.793875,0.849071,0.945200,0.885896,0.889720,0.983904,0.688089,0.857994,0.724802,0.522766,0.563502,0.892847,0.763742,0.818155,0.689934,0.271803,0.277699,0.551261,0.516591,0.453760,0.594332,0.591971,0.488220,0.664406,0.661560,1.023977,0.890731,0.623549,0.759824,0.657359,0.762972,0.556731,0.703002,0.676793,0.704011
0.594075,0.832101,0.395652,0.542993,0.218700,0.276459,0.558257,0.550287,0.265950,0.337717,0.584935,0.757375,0.566490,0.665980,0.671566,0.745629,0.661101,0.805304,0.711299,0.670835,0.075652,0.155745,0.310288,0.259483,-0.033417,-0.109332,0.127697,0.095150,0.796454,0.801641,0.584036,0.706585,0.551128,0.662928,0.437497,0.396236,0.583040,0.570604,0.500616,0.640720,0.380873,0.511930,0.990289,1.386135,0.514789,0.909950,1.339923,0.000000,0.926599,1.042727,0.844440,0.776120,0.875922,0.834545,0.964276,0.993858,0.850100,1.015732,0.749912,0.927472,0.804824,0.696609,0.872439,0.794515,0.444586,0.546446,0.802988,0.675515,0.695509,0.600749,0.257568,0.274048,0.455049,0.596779,0.351604,0.564494,0.574339,0.490480,0.625501,0.637538,0.916304,0.967075,0.584122,0.725647,0.592499,0.748154,0.588213,0.785295,0.580389,0.777849
0.629447,0.627221,0.636370,0.659497,0.277835,0.351420,0.699175,0.610564,0.324142,0.349513,0.682168,0.642044,0.661498,0.651984,0.713660,0.730896,0.481983,0.536419,0.589705,0.555717,0.118478,0.232188,0.542329,0.400701,0.016915,-0.063206,0.207123,0.144040,0.566530,0.555426,0.502115,0.495146,0.574803,0.592048,0.570438,0.382021,0.451072,0.385031,0.580122,0.672270,0.408561,0.492390,0.908592,0.883289,0.639306,0.824595,1.032309,0.926599,0.000000,0.997335,1.324698,1.084791,1.070947,0.880689,0.889620,0.759528,0.688502,0.753150,0.937703,0.885470,0.997678,0.680377,0.734760,0.590686,0.802717,0.737560,0.877363,0.758215,0.695765,0.615743,0.276156,0.312470,0.576872,0.516433,0.324370,0.472606,0.385900,0.377084,0.483852,0.534215,0.712033,0.707399,0.486441,0.606104,0.729705,0.882431,0.519655,0.634907,0.703432,0.840551
