0.000000,1.546366,1.326817,1.261822,0.059455,0.113156,1.066024,1.217526,0.437089,0.354494,0.775475,1.120429,1.127573,1.059145,0.694450,0.726349,0.584118,0.882038,1.006401,0.964440,0.047462,0.086130,1.148467,1.028929,-0.029202,0.196544,0.164365,0.079527,0.682108,0.798958,0.691341,0.694539,0.959605,0.951122,0.670763,0.493552,0.107083,0.177437,0.219803,0.312901,0.045250,0.311870,0.534597,0.131513,0.202673,0.556611,0.824680,0.758356,0.606624,0.983548,0.901719,0.839812,0.557472,0.308037,0.451322,0.637810,1.307674,1.145672,0.810897,0.800958,0.894011,0.869758,0.956642,1.038344,0.498569,0.996445,1.042076,0.570555,1.009688,0.916686,0.325242,0.253919,0.293681,0.532113,0.371495,0.017452,0.493287,0.223614,0.557774,0.571091,0.727659,0.802808,0.480001,0.605841,0.645659,0.847789,0.280719,0.381427,0.526374,0.702162
1.546366,0.000000,1.395240,1.395652,0.193808,0.223468,1.095153,1.202984,0.524765,0.496852,0.655320,1.019989,1.168513,0.997350,0.656445,0.722640,0.497224,0.864376,1.179108,1.092672,0.049605,0.069852,1.212906,1.197240,0.033451,0.289208,0.239649,0.089864,0.568832,0.788600,0.574882,0.592934,1.020782,1.028245,0.815708,0.626287,-0.073002,0.076080,0.258633,0.341224,0.021740,0.280988,0.493559,0.080124,0.173499,0.595490,0.877396,0.850226,0.623831,1.097952,0.926522,0.911370,0.536078,0.313261,0.483434,0.695768,1.259530,1.312867,0.838978,0.900905,0.813609,0.829601,0.841066,1.023379,0.445120,1.075654,1.200059,0.576544,1.230433,1.101785,0.254290,0.265796,0.248149,0.588428,0.410480,0.045537,0.602649,0.248561,0.590442,0.541222,0.640818,0.770330,0.509051,0.679723,0.575887,0.852687,0.416991,0.443650,0.526280,0.718989
1.326817,1.395240,0.000000,1.348820,0.138493,0.204602,1.296232,1.329580,0.611523,0.457425,0.754464,1.018972,1.333359,1.107423,0.806446,0.804546,0.505987,0.821409,0.978007,1.005341,0.101290,0.118409,1.324517,1.255935,0.037252,0.313819,0.190801,0.081928,0.656059,0.724644,0.638589,0.666328,0.921018,0.951249,0.765388,0.542335,-0.040043,0.189598,0.321461,0.415392,0.044299,0.289963,0.484840,0.059549,0.178354,0.522143,0.823690,0.765462,0.595765,0.972050,0.967521,0.849330,0.523133,0.228561,0.544366,0.728707,1.085434,1.101152,0.868820,0.800315,0.849285,0.896602,0.838481,1.042408,0.544655,1.166556,1.098162,0.539679,0.913296,0.785525,0.323979,0.300146,0.194147,0.534739,0.344062,0.060770,0.522137,0.245401,0.514588,0.485297,0.590949,0.775837,0.489171,0.606516,0.673223,0.957376,0.334151,0.456638,0.552732,0.762309
1.261822,1.395652,1.348820,0.000000,0.221924,0.267746,1.022444,1.374154,0.535812,0.548121,0.636177,0.945892,1.092610,0.998094,0.672936,0.741741,0.421858,0.722839,1.066446,0.992247,0.020865,0.055491,1.267115,1.340167,0.060246,0.334368,0.278684,0.150613,0.476375,0.667160,0.548086,0.592224,0.851909,0.917578,0.758359,0.595742,0.008862,0.126809,0.279494,0.316946,0.075172,0.325169,0.464331,0.072541,0.175139,0.584244,0.805278,0.829924,0.620576,1.071781,0.938097,0.853152,0.601920,0.283817,0.507186,0.721209,1.041765,1.110662,0.812184,0.859549,0.788678,0.865501,0.761097,0.985237,0.476648,1.124178,1.158001,0.622440,1.012185,0.861485,0.238886,0.214472,0.242892,0.548600,0.391544,-0.069519,0.622606,0.201680,0.437111,0.432764,0.519990,0.693562,0.443089,0.615672,0.562842,0.861797,0.354771,0.435078,0.562631,0.759368
0.059455,0.193808,0.138493,0.221924,0.000000,0.922792,0.255719,0.194882,0.593021,0.785998,0.084811,0.170181,0.214683,0.197025,0.206686,0.273251,-0.038174,0.116642,0.198398,0.196370,-0.012160,0.062232,0.165900,0.242586,0.898169,0.786447,0.602424,0.284514,-0.013943,0.127729,-0.085339,-0.070734,0.195271,0.219343,0.207778,0.164344,-0.217332,-0.046045,0.243670,0.192276,0.078955,0.136600,0.120807,0.051459,0.127711,0.248230,0.220659,0.205698,0.339110,0.284362,0.351482,0.319053,0.167178,0.013948,0.324243,0.335821,0.164936,0.250059,0.380407,0.296611,0.295319,0.267189,0.099036,0.268005,0.203649,0.211785,0.335466,0.171976,0.169176,0.114888,-0.154031,0.133998,0.102717,0.250514,0.175063,0.073237,0.204614,0.170169,0.090683,-0.015249,0.060516,0.146192,0.202423,0.262658,0.151938,0.222545,0.350310,0.273510,0.344036,0.299403
0.113156,0.223468,0.204602,0.267746,0.922792,0.000000,0.377506,0.334662,0.689907,0.920760,0.232728,0.298561,0.295950,0.354046,0.412531,0.501513,0.138103,0.250829,0.148154,0.314904,0.040081,0.155082,0.252425,0.325343,0.822024,0.949300,0.436217,0.433288,0.132210,0.170960,0.084337,0.118865,0.303208,0.341962,0.110587,0.040927,-0.126524,0.072558,0.308840,0.355523,0.092690,0.146358,0.251809,0.198924,0.279329,0.342304,0.332654,0.285662,0.481353,0.363278,0.515485,0.455033,0.287444,0.084246,0.525057,0.533960,0.233344,0.374480,0.535598,0.371945,0.448764,0.408011,0.219071,0.412627,0.330146,0.326491,0.407560,0.308395,0.098648,0.063926,-0.026994,0.282115,0.122952,0.175580,0.166947,0.102323,0.168536,0.327399,0.123376,0.083921,0.220594,0.306361,0.281549,0.372020,0.309310,0.338084,0.346303,0.302731,0.481154,0.466634
1.066024,1.095153,1.296232,1.022444,0.255719,0.377506,0.000000,1.360720,0.702075,0.555112,0.929254,1.117130,1.181438,1.165621,1.019661,1.059314,0.689464,0.916736,0.670064,1.029711,0.137450,0.305425,1.169436,1.084314,0.178638,0.434851,0.274012,0.182219,0.762105,0.760261,0.803263,0.845192,1.024723,1.105650,0.469763,0.258729,0.049991,0.254664,0.469158,0.648409,0.094731,0.360509,0.706282,0.297154,0.457267,0.649532,0.942988,0.793221,0.881111,0.973038,1.230837,1.028903,0.623119,0.240417,0.797896,0.970317,1.132588,1.237434,1.103267,0.859991,1.125611,1.147186,0.999267,1.339290,0.770981,1.174192,1.113337,0.720110,0.611689,0.579103,0.266075,0.391344,0.303174,0.533946,0.348181,0.196377,0.418038,0.461823,0.559728,0.556760,0.796871,0.997863,0.648618,0.682801,0.939457,1.094328,0.389582,0.600014,0.791934,0.992735
1.217526,1.202984,1.329580,1.374154,0.194882,0.334662,1.360720,0.000000,0.636884,0.563527,0.867701,1.203150,1.121035,1.322467,0.950889,1.053251,0.640844,0.924982,0.701008,0.959137,0.064328,0.218868,1.325281,1.319708,0.066532,0.373346,0.238629,0.182804,0.673685,0.751732,0.812609,0.936058,0.907142,1.067280,0.483880,0.296705,0.126317,0.297626,0.427868,0.543553,0.110964,0.355974,0.723263,0.291525,0.441025,0.644692,0.993832,0.861325,0.897997,1.111614,1.224491,1.048671,0.765247,0.298196,0.770412,0.952682,1.212182,1.343643,1.031371,0.904054,1.045813,1.126755,0.939236,1.339356,0.657635,1.205217,1.153091,0.815306,0.655868,0.588929,0.320957,0.348964,0.314846,0.580198,0.327812,0.107996,0.444778,0.404613,0.476894,0.531533,0.725402,0.954790,0.535901,0.706545,0.867320,1.059363,0.339070,0.526769,0.799043,1.030039
0.437089,0.524765,0.611523,0.535812,0.593021,0.689907,0.702075,0.636884,0.000000,0.937986,0.404985,0.569492,0.689819,0.661951,0.669141,0.673626,0.223290,0.439872,0.375701,0.548730,0.047468,0.174586,0.533692,0.572539,0.495025,0.691202,0.272865,0.293268,0.290971,0.272252,0.241113,0.289579,0.444890,0.480916,0.379320,0.267581,-0.182416,0.133328,0.297849,0.393494,0.059759,0.095302,0.246105,0.042271,0.152232,0.329086,0.467703,0.429868,0.491817,0.555989,0.664536,0.630759,0.321899,0.086248,0.541754,0.651550,0.418458,0.538170,0.657983,0.484511,0.562966,0.600443,0.346536,0.653650,0.341739,0.566009,0.595628,0.275594,0.343353,0.258660,0.090674,0.324014,0.094473,0.298756,0.253860,0.170690,0.316811,0.315749,0.233632,0.134646,0.269493,0.446495,0.329480,0.383260,0.380762,0.575683,0.239245,0.375892,0.464162,0.625778
0.354494,0.496852,0.457425,0.548121,0.785998,0.920760,0.555112,0.563527,0.937986,0.000000,0.317878,0.463844,0.544470,0.545292,0.588677,0.662940,0.168086,0.327236,0.376305,0.520064,0.015453,0.165815,0.511452,0.629884,0.517749,0.705781,0.398080,0.334139,0.166436,0.232176,0.184109,0.233914,0.435610,0.453383,0.331600,0.249537,-0.226893,0.060796,0.352407,0.445386,0.044958,0.136258,0.284845,0.084383,0.211235,0.414430,0.472240,0.491359,0.542952,0.586143,0.608052,0.559355,0.433697,0.262216,0.590297,0.656689,0.400991,0.560455,0.663849,0.561399,0.534123,0.541988,0.304931,0.555999,0.328160,0.496503,0.643122,0.413167,0.363484,0.304779,0.021512,0.330530,0.139570,0.319153,0.233842,0.145982,0.351266,0.349683,0.180005,0.099470,0.260264,0.427893,0.403390,0.527769,0.331338,0.450300,0.453638,0.438813,0.561405,0.673488
0.775475,0.655320,0.754464,0.636177,0.084811,0.232728,0.929254,0.867701,0.404985,0.317878,0.000000,1.012074,0.832529,1.019651,0.962387,0.936767,0.889296,0.838221,0.337665,0.628579,0.108149,0.289488,0.796155,0.702559,0.135635,0.255814,0.188414,0.058780,0.871919,0.796842,0.957123,0.973123,0.784140,0.931816,0.103660,-0.064045,0.351703,0.441428,0.522337,0.631985,0.174278,0.395307,0.754186,0.448934,0.575338,0.405690,0.742270,0.517560,0.717384,0.538236,0.848073,0.657009,0.478806,0.083736,0.727728,0.742990,0.937231,0.912619,0.734879,0.513539,0.835084,0.816033,0.931377,0.966346,0.775886,0.768479,0.598265,0.600502,0.249473,0.288091,0.393217,0.373491,0.426490,0.426800,0.220356,0.172656,0.124400,0.346507,0.488826,0.654116,0.820094,0.952310,0.444610,0.507273,1.183285,0.933881,0.243851,0.584624,0.800773,0.758017
1.120429,1.019989,1.018972,0.945892,0.170181,0.298561,1.117130,1.203150,0.569492,0.463844,1.012074,0.000000,1.099386,1.227884,0.891084,0.946806,0.683490,0.956585,0.603493,0.810728,0.111734,0.245522,0.940538,0.878827,0.152551,0.338270,0.222580,0.124026,0.747591,0.858399,0.821541,0.882724,0.892256,1.044999,0.379839,0.219425,0.159172,0.325326,0.396238,0.505836,0.156987,0.382653,0.639925,0.300749,0.422756,0.520604,0.889802,0.701121,0.766690,0.832634,1.041561,0.873827,0.517789,0.144073,0.642901,0.807745,1.094036,1.107329,0.878966,0.743620,0.909427,0.973693,0.952177,1.263307,0.579357,0.963775,0.851368,0.599925,0.527517,0.507746,0.316039,0.345336,0.363039,0.547805,0.343292,0.141038,0.340394,0.355313,0.495262,0.569297,0.724385,0.944513,0.500554,0.618223,0.877275,1.027215,0.270002,0.551989,0.676112,0.806508
1.127573,1.168513,1.333359,1.092610,0.214683,0.295950,1.181438,1.121035,0.689819,0.544470,0.832529,1.099386,0.000000,1.098973,0.889448,0.831996,0.549773,0.810077,0.940809,0.928417,0.140739,0.191815,1.124144,0.997871,0.166669,0.417241,0.262415,0.154229,0.736630,0.784080,0.651125,0.639431,0.968300,1.000806,0.736057,0.564108,-0.061003,0.182993,0.368183,0.461637,0.135704,0.390642,0.419573,0.012580,0.149834,0.492259,0.774667,0.656155,0.536120,0.759172,0.905455,0.724378,0.366033,0.115143,0.500236,0.658620,0.994676,0.974035,0.762288,0.662113,0.772246,0.813448,0.830753,1.019975,0.518086,1.001382,0.969405,0.432666,0.814545,0.711486,0.273117,0.264015,0.297746,0.509635,0.424275,0.046426,0.580770,0.264842,0.562478,0.480597,0.607291,0.838206,0.525917,0.629128,0.699433,0.952832,0.346074,0.479707,0.482299,0.657844
1.059145,0.997350,1.107423,0.998094,0.197025,0.354046,1.165621,1.322467,0.661951,0.545292,1.019651,1.227884,1.098973,0.000000,1.075209,1.230081,0.702256,0.902012,0.557379,0.885475,0.111461,0.236004,1.101049,1.081004,0.182370,0.411699,0.222209,0.144248,0.754277,0.797939,0.877622,0.934793,0.879778,0.992746,0.368767,0.189439,0.186930,0.382424,0.473647,0.635165,0.123908,0.377263,0.663088,0.311172,0.436806,0.547300,0.870546,0.735113,0.799252,0.872332,1.117707,0.932508,0.631172,0.197311,0.769342,0.936832,1.060076,1.151553,0.933448,0.736023,0.952298,1.016645,0.923131,1.222753,0.671110,1.062909,0.898361,0.676381,0.504544,0.459168,0.364536,0.468643,0.271727,0.490291,0.288230,0.158355,0.308299,0.375194,0.425124,0.538177,0.745332,1.002281,0.576388,0.660992,0.956344,1.174900,0.298488,0.612392,0.834240,0.995088
0.694450,0.656445,0.806446,0.672936,0.206686,0.412531,1.019661,0.950889,0.669141,0.588677,0.962387,0.891084,0.889448,1.075209,0.000000,1.191574,0.803428,0.792332,0.350247,0.754585,0.169608,0.340458,0.932075,0.846476,0.176100,0.401333,0.245873,0.178900,0.801933,0.672812,0.938431,0.936585,0.818202,0.888475,0.163949,0.006017,0.162442,0.461486,0.665274,0.746711,0.182947,0.333813,0.765393,0.425626,0.567869,0.546455,0.847072,0.632129,0.764526,0.634931,0.906729,0.723917,0.572457,0.201171,0.895470,0.905229,0.847882,0.973521,0.908047,0.637347,0.932886,0.885839,0.832393,0.960470,0.796731,0.805779,0.780583,0.714987,0.274179,0.274001,0.277639,0.501033,0.311916,0.467094,0.193903,0.162042,0.242417,0.503014,0.440918,0.552444,0.750117,0.989801,0.621414,0.707643,1.039995,0.841035,0.372531,0.649347,0.864506,0.950490
0.726349,0.722640,0.804546,0.741741,0.273251,0.501513,1.059314,1.053251,0.673626,0.662940,0.936767,0.946806,0.831996,1.230081,1.191574,0.000000,0.675598,0.778668,0.369385,0.823743,0.117989,0.362396,0.985039,0.959275,0.233985,0.464418,0.284690,0.195622,0.672978,0.659305,0.872090,0.951308,0.809887,0.908668,0.177288,-0.011297,0.203007,0.463617,0.624631,0.787454,0.154402,0.371219,0.747008,0.451060,0.598946,0.596191,0.862518,0.718045,0.839180,0.709502,1.003665,0.820297,0.673812,0.259467,0.931976,1.026035,0.882105,1.054818,0.934022,0.660545,0.915820,0.936369,0.797060,1.057281,0.722813,0.897189,0.821416,0.783373,0.314625,0.306849,0.304763,0.560433,0.276941,0.424918,0.197254,0.186291,0.189725,0.480739,0.405589,0.521755,0.737016,1.007605,0.647913,0.765329,1.005966,0.993435,0.408930,0.656138,0.990832,1.123834
0.584118,0.497224,0.505987,0.421858,-0.038174,0.138103,0.689464,0.640844,0.223290,0.168086,0.889296,0.683490,0.549773,0.702256,0.803428,0.675598,0.000000,0.785001,0.219072,0.547389,0.240663,0.270770,0.626877,0.495459,-0.032424,0.097428,0.120691,0.100645,0.839852,0.695715,0.929614,0.932070,0.703320,0.765769,-0.001825,-0.144912,0.329662,0.437649,0.450989,0.527708,0.142230,0.289297,0.872693,0.529802,0.640531,0.444766,0.750965,0.490276,0.672780,0.443843,0.681890,0.554909,0.492901,0.229136,0.642687,0.576237,0.836354,0.785451,0.596661,0.464609,0.745477,0.652593,0.928683,0.718905,0.703051,0.551140,0.548456,0.720681,0.181847,0.273510,0.285647,0.331184,0.404900,0.390953,0.119403,0.153096,0.097902,0.441746,0.527899,0.701157,0.898636,0.877899,0.431185,0.542312,0.947925,0.576957,0.238392,0.427126,0.641127,0.624156
0.882038,0.864376,0.821409,0.722839,0.116642,0.250829,0.916736,0.924982,0.439872,0.327236,0.838221,0.956585,0.810077,0.902012,0.792332,0.778668,0.785001,0.000000,0.486942,0.720414,0.179818,0.253235,0.809788,0.725649,0.087064,0.266853,0.148746,0.103603,0.781792,0.871087,0.797888,0.846111,0.875158,0.990136,0.284271,0.124055,0.156653,0.340409,0.384530,0.473548,0.123012,0.321705,0.797677,0.363667,0.536864,0.500074,0.915497,0.610621,0.810633,0.762543,0.973121,0.823616,0.521820,0.166842,0.673682,0.760340,1.074579,1.052077,0.794533,0.690535,0.884086,0.878795,0.914729,1.021336,0.624561,0.850277,0.819537,0.693066,0.445961,0.461568,0.290973,0.282054,0.407704,0.517539,0.265871,0.183989,0.281263,0.404654,0.637662,0.759275,0.898730,1.020497,0.449469,0.630650,0.878871,0.845685,0.268857,0.477415,0.659618,0.725693
1.006401,1.179108,0.978007,1.066446,0.198398,0.148154,0.670064,0.701008,0.375701,0.376305,0.337665,0.603493,0.940809,0.557379,0.350247,0.369385,0.219072,0.486942,0.000000,0.922936,0.057124,-0.035849,0.866273,0.796536,0.048694,0.247504,0.278965,0.075110,0.342739,0.527786,0.247961,0.207974,0.806766,0.694615,1.144845,1.036539,-0.253651,-0.104095,0.088784,0.080829,0.073429,0.258002,0.143975,-0.215516,-0.159556,0.447768,0.499703,0.538953,0.279101,0.697923,0.556393,0.503867,0.252279,0.201078,0.165434,0.323560,0.747583,0.698860,0.513807,0.622161,0.526117,0.499040,0.566660,0.603434,0.278402,0.717977,0.903689,0.293468,1.608892,1.163794,0.086538,0.066470,0.191461,0.483223,0.509630,-0.158919,0.821337,0.090401,0.492139,0.289272,0.383823,0.445462,0.357433,0.526413,0.268505,0.486988,0.341372,0.194484,0.192898,0.346854
0.964440,1.092672,1.005341,0.992247,0.196370,0.314904,1.029711,0.959137,0.548730,0.520064,0.628579,0.810728,0.928417,0.885475,0.754585,0.823743,0.547389,0.720414,0.922936,0.000000,0.090920,0.131118,1.078694,0.993762,0.091672,0.310570,0.215900,0.165047,0.527654,0.561919,0.573945,0.584260,0.944319,0.893038,0.559750,0.386677,-0.066000,0.150946,0.327336,0.428609,0.066780,0.289768,0.518717,0.191335,0.240012,0.622196,0.807357,0.810549,0.661390,0.888232,0.905024,0.783220,0.583530,0.363563,0.570502,0.724019,0.935319,1.010969,0.810401,0.811605,0.869037,0.821268,0.780599,0.937830,0.538178,0.924879,1.055323,0.679900,0.848439,0.797815,0.170189,0.372870,0.178434,0.530926,0.348241,0.026764,0.505054,0.383288,0.517619,0.466608,0.641014,0.767060,0.525514,0.706390,0.635990,0.701948,0.381629,0.402597,0.581110,0.818225
0.047462,0.049605,0.101290,0.020865,-0.012160,0.040081,0.137450,0.064328,0.047468,0.015453,0.108149,0.111734,0.140739,0.111461,0.169608,0.117989,0.240663,0.179818,0.057124,0.090920,0.000000,0.108105,0.072566,0.047262,0.006917,0.034246,0.042541,0.008475,0.218174,0.175241,0.175234,0.129525,0.248596,0.159685,-0.027538,-0.045336,-0.024037,0.177805,0.179727,0.136078,0.127072,0.020154,0.215692,0.151204,0.143377,0.124612,0.180083,0.135853,0.142470,0.060011,0.155674,0.126863,0.100664,0.099502,0.181840,0.143914,0.149342,0.141326,0.142620,0.084577,0.168418,0.126576,0.183918,0.131315,0.126465,0.055980,0.124058,0.163387,0.004405,0.044319,0.060163,0.039430,0.142328,0.079515,0.031072,-0.011689,0.062095,0.127416,0.206882,0.192577,0.266456,0.212333,0.156709,0.173711,0.196124,0.080027,0.124078,0.124039,0.117274,0.126471
0.086130,0.069852,0.118409,0.055491,0.062232,0.155082,0.305425,0.218868,0.174586,0.165815,0.289488,0.245522,0.191815,0.236004,0.340458,0.362396,0.270770,0.253235,-0.035849,0.131118,0.108105,0.000000,0.227780,0.120866,0.119173,0.170209,0.104362,0.085236,0.264841,0.190145,0.370853,0.338528,0.262302,0.250308,-0.093403,-0.153110,0.095508,0.160589,0.286265,0.484669,0.215347,0.204215,0.270111,0.231024,0.361156,0.244380,0.268446,0.170152,0.293614,0.114358,0.235995,0.184116,0.147495,0.058904,0.321550,0.305088,0.208182,0.225771,0.263307,0.196617,0.296633,0.271659,0.248741,0.270429,0.302181,0.196314,0.180407,0.274148,-0.075523,-0.047093,0.107097,0.235779,0.370657,0.154542,0.177558,0.222809,0.014527,0.442691,0.096169,0.150991,0.388933,0.393845,0.413857,0.275242,0.353616,0.234824,0.171687,0.236851,0.298157,0.312192
1.148467,1.212906,1.324517,1.267115,0.165900,0.252425,1.169436,1.325281,0.533692,0.511452,0.796155,0.940538,1.124144,1.101049,0.932075,0.985039,0.626877,0.809788,0.866273,1.078694,0.072566,0.227780,0.000000,1.510882,-0.002772,0.293843,0.257092,0.129052,0.631272,0.743377,0.808451,0.817637,1.008387,1.037952,0.572520,0.385914,0.086648,0.233347,0.459997,0.521669,0.110943,0.373763,0.621546,0.180475,0.295344,0.589972,0.902635,0.815513,0.653331,0.868510,0.947659,0.775889,0.685097,0.352617,0.680166,0.776699,1.124761,1.209356,0.835103,0.761158,0.853585,0.817940,0.902291,0.976352,0.656866,1.035077,1.134448,0.760632,0.804156,0.733488,0.290444,0.392186,0.310357,0.607488,0.353710,0.078016,0.561582,0.378243,0.531629,0.539005,0.729242,0.904167,0.605738,0.767440,0.787833,0.847261,0.480369,0.525607,0.730226,0.893970
1.028929,1.197240,1.255935,1.340167,0.242586,0.325343,1.084314,1.319708,0.572539,0.629884,0.702559,0.878827,0.997871,1.081004,0.846476,0.959275,0.495459,0.725649,0.796536,0.993762,0.047262,0.120866,1.510882,0.000000,0.038009,0.334843,0.300438,0.110874,0.498485,0.641874,0.655492,0.734508,0.853005,0.911680,0.576068,0.381036,0.017697,0.217314,0.431161,0.522400,0.062537,0.329005,0.569734,0.161307,0.284747,0.567047,0.830400,0.853161,0.661196,0.926147,0.909834,0.797344,0.720209,0.393140,0.704339,0.814564,0.998981,1.176777,0.867066,0.808043,0.796158,0.811007,0.778016,0.929148,0.585499,1.067956,1.108042,0.755227,0.771204,0.717952,0.251278,0.394566,0.203004,0.607870,0.299993,0.099371,0.514701,0.323410,0.434695,0.451874,0.581690,0.782280,0.556764,0.711898,0.684885,0.871200,0.496705,0.599052,0.754367,0.947932
-0.029202,0.033451,0.037252,0.060246,0.898169,0.822024,0.178638,0.066532,0.495025,0.517749,0.135635,0.152551,0.166669,0.182370,0.176100,0.233985,-0.032424,0.087064,0.048694,0.091672,0.006917,0.119173,-0.002772,0.038009,0.000000,0.881928,0.402818,0.297259,0.058831,0.113635,-0.063045,-0.109075,0.116000,0.154277,0.095662,0.053698,-0.124416,0.006035,0.174410,0.139562,0.118874,0.092332,-0.020133,0.058716,0.077447,0.170451,0.092547,0.027546,0.216518,0.118564,0.291152,0.240747,-0.040320,-0.204189,0.201567,0.256948,0.035380,0.093311,0.273022,0.142914,0.217254,0.206789,0.051127,0.229333,0.175128,0.153509,0.129075,-0.020301,-0.017268,-0.079632,-0.061314,0.130955,0.049761,0.009309,0.158656,0.033977,-0.002563,0.105437,0.005991,-0.020354,0.053726,0.133237,0.150603,0.130311,0.169108,0.256619,0.118383,0.182142,0.229095,0.184332
0.196544,0.289208,0.313819,0.334368,0.786447,0.949300,0.434851,0.373346,0.691202,0.705781,0.255814,0.338270,0.417241,0.411699,0.401333,0.464418,0.097428,0.266853,0.247504,0.310570,0.034246,0.170209,0.293843,0.334843,0.881928,0.000000,0.409452,0.427778,0.178577,0.207905,0.098745,0.128813,0.298734,0.358837,0.250482,0.196956,-0.134823,0.025065,0.218526,0.274773,0.118929,0.174589,0.116256,0.010426,0.116601,0.253216,0.260068,0.222537,0.357061,0.330608,0.521979,0.449351,0.121537,-0.086706,0.384077,0.464054,0.238334,0.347510,0.465329,0.340744,0.369332,0.388875,0.193169,0.415693,0.267161,0.373125,0.389314,0.158013,0.182321,0.101737,0.007128,0.212592,0.105452,0.174406,0.253953,0.053414,0.229013,0.249536,0.119892,0.098257,0.172166,0.296691,0.210867,0.264651,0.276180,0.421995,0.173770,0.248258,0.298909,0.381149
0.164365,0.239649,0.190801,0.278684,0.602424,0.436217,0.274012,0.238629,0.272865,0.398080,0.188414,0.222580,0.262415,0.222209,0.245873,0.284690,0.120691,0.148746,0.278965,0.215900,0.042541,0.104362,0.257092,0.300438,0.402818,0.409452,0.000000,0.147298,0.096195,0.236884,0.104449,0.071929,0.289270,0.267898,0.154035,0.124713,-0.038055,0.036455,0.269021,0.254820,0.112677,0.261304,0.159426,0.079977,0.141286,0.250214,0.217364,0.194069,0.252513,0.220960,0.303819,0.231741,0.181314,0.099385,0.275389,0.256917,0.242191,0.288747,0.345498,0.280339,0.281622,0.248960,0.250598,0.257416,0.291116,0.221818,0.307907,0.251840,0.207066,0.183522,-0.034360,0.110361,0.227846,0.246468,0.190997,0.030919,0.201686,0.135137,0.127554,0.119792,0.183311,0.266120,0.286286,0.320020,0.283309,0.259807,0.295599,0.282245,0.302576,0.271230
0.079527,0.089864,0.081928,0.150613,0.284514,0.433288,0.182219,0.182804,0.293268,0.334139,0.058780,0.124026,0.154229,0.144248,0.178900,0.195622,0.100645,0.103603,0.075110,0.165047,0.008475,0.085236,0.129052,0.110874,0.297259,0.427778,0.147298,0.000000,0.069902,0.056517,0.076002,0.078603,0.114823,0.130865,0.055640,0.054705,-0.024048,0.025724,0.038263,0.012770,0.035634,0.068731,0.114632,0.100747,0.105926,0.200681,0.158809,0.141046,0.202413,0.159999,0.236731,0.205257,0.156534,0.052949,0.130242,0.202998,0.102746,0.138642,0.190246,0.141147,0.202050,0.175256,0.081034,0.193643,0.089683,0.127528,0.172336,0.123234,0.059685,0.047536,-0.045786,0.037260,0.062614,-0.002706,0.109816,-0.075510,0.145716,0.185988,0.029129,0.032463,0.086906,0.135727,0.077829,0.130736,0.078145,0.099439,-0.008811,-0.027812,0.120283,0.152535
0.682108,0.568832,0.656059,0.476375,-0.013943,0.132210,0.762105,0.673685,0.290971,0.166436,0.871919,0.747591,0.736630,0.754277,0.801933,0.672978,0.839852,0.781792,0.342739,0.527654,0.218174,0.264841,0.631272,0.498485,0.058831,0.178577,0.096195,0.069902,0.000000,0.911129,0.973266,0.889178,0.811116,0.831772,0.149678,0.022720,0.220987,0.391683,0.505305,0.543161,0.223974,0.384607,0.658315,0.384236,0.461343,0.444334,0.711137,0.421505,0.539066,0.423585,0.647509,0.507715,0.293959,0.026188,0.498636,0.499367,0.864955,0.724003,0.579113,0.398207,0.709607,0.663679,0.870748,0.764490,0.639771,0.605107,0.532998,0.499813,0.273765,0.307661,0.358464,0.305610,0.381406,0.378041,0.201897,0.106673,0.113874,0.316485,0.544636,0.661294,0.945122,0.944981,0.553107,0.533540,0.898840,0.709129,0.203141,0.432609,0.511781,0.466599
0.798958,0.788600,0.724644,0.667160,0.127729,0.170960,0.760261,0.751732,0.272252,0.232176,0.796842,0.858399,0.784080,0.797939,0.672812,0.659305,0.695715,0.871087,0.527786,0.561919,0.175241,0.190145,0.743377,0.641874,0.113635,0.207905,0.236884,0.056517,0.911129,0.000000,0.889618,0.780179,0.908306,0.977254,0.269647,0.167213,0.225709,0.364704,0.488853,0.499743,0.268818,0.437222,0.631710,0.349049,0.443219,0.503199,0.788254,0.527827,0.592503,0.558226,0.705169,0.567840,0.353110,0.058711,0.478804,0.560254,0.987215,0.903163,0.610131,0.542289,0.687076,0.683108,0.864654,0.879910,0.613368,0.728828,0.655170,0.576249,0.448680,0.475602,0.336957,0.273358,0.409137,0.519223,0.280854,0.110440,0.229410,0.250322,0.610318,0.716637,0.893841,1.012581,0.552801,0.680791,0.843753,0.833286,0.335482,0.509810,0.561433,0.521428
0.691341,0.574882,0.638589,0.548086,-0.085339,0.084337,0.803263,0.812609,0.241113,0.184109,0.957123,0.821541,0.651125,0.877622,0.938431,0.872090,0.929614,0.797888,0.247961,0.573945,0.175234,0.370853,0.808451,0.655492,-0.063045,0.098745,0.104449,0.076002,0.973266,0.889618,0.000000,1.463003,0.781714,0.817730,-0.014774,-0.148669,0.481406,0.569590,0.626319,0.723035,0.274808,0.461421,0.904928,0.594734,0.663191,0.532642,0.844145,0.571592,0.645403,0.484417,0.697932,0.558979,0.509885,0.195033,0.629031,0.677015,0.876427,0.873660,0.587445,0.434501,0.707900,0.696056,0.865047,0.805115,0.689548,0.651027,0.517930,0.731617,0.200136,0.281491,0.426751,0.398393,0.464553,0.405867,0.152560,0.139907,0.057872,0.437632,0.448379,0.704172,0.978720,1.090469,0.623857,0.642447,1.028721,0.765076,0.247860,0.594068,0.707524,0.700605
0.694539,0.592934,0.666328,0.592224,-0.070734,0.118865,0.845192,0.936058,0.289579,0.233914,0.973123,0.882724,0.639431,0.934793,0.936585,0.951308,0.932070,0.846111,0.207974,0.584260,0.129525,0.338528,0.817637,0.734508,-0.109075,0.128813,0.071929,0.078603,0.889178,0.780179,1.463003,0.000000,0.714533,0.864397,-0.033530,-0.183657,0.451098,0.568202,0.569631,0.714687,0.203713,0.396739,0.981408,0.593710,0.763049,0.437006,0.860390,0.589221,0.731484,0.549342,0.767485,0.639553,0.562415,0.167628,0.722092,0.731632,0.897571,0.924624,0.635482,0.482691,0.713869,0.741724,0.823344,0.859272,0.656914,0.687776,0.558996,0.810294,0.171822,0.218828,0.411684,0.425530,0.443059,0.462251,0.153276,0.211544,0.062869,0.436403,0.418056,0.684197,0.877370,1.043140,0.494864,0.574165,1.025351,0.813873,0.218559,0.589884,0.724206,0.751674
0.959605,1.020782,0.921018,0.851909,0.195271,0.303208,1.024723,0.907142,0.444890,0.435610,0.784140,0.892256,0.968300,0.879778,0.818202,0.809887,0.703320,0.875158,0.806766,0.944319,0.248596,0.262302,1.008387,0.853005,0.116000,0.298734,0.289270,0.114823,0.811116,0.908306,0.781714,0.714533,0.000000,1.371746,0.436445,0.289424,0.065262,0.257347,0.492309,0.528015,0.261465,0.419666,0.705180,0.287338,0.411318,0.615449,0.921435,0.680972,0.729560,0.756439,0.884087,0.750738,0.477509,0.221059,0.620189,0.688331,1.184865,1.160807,0.872033,0.759879,0.969265,0.867097,0.980525,1.015717,0.703531,0.858643,1.047518,0.734850,0.677370,0.674199,0.246944,0.367868,0.473077,0.566896,0.470438,0.090859,0.525678,0.393857,0.758962,0.710073,1.101954,1.082289,0.641200,0.805768,0.853493,0.808821,0.446461,0.489426,0.638481,0.692200
0.951122,1.028245,0.951249,0.917578,0.219343,0.341962,1.105650,1.067280,0.480916,0.453383,0.931816,1.044999,1.000806,0.992746,0.888475,0.908668,0.765769,0.990136,0.694615,0.893038,0.159685,0.250308,1.037952,0.911680,0.154277,0.358837,0.267898,0.130865,0.831772,0.977254,0.817730,0.864397,1.371746,0.000000,0.385268,0.227510,0.094835,0.305356,0.518097,0.541465,0.212346,0.387288,0.781251,0.323485,0.549526,0.536068,0.955293,0.638949,0.834286,0.765228,1.011014,0.836819,0.446110,0.066839,0.697136,0.775177,1.261225,1.267143,0.946302,0.804749,0.982327,0.985612,1.003525,1.164251,0.765052,0.954546,1.032491,0.770648,0.569603,0.513503,0.259262,0.399867,0.464509,0.619650,0.439888,0.132525,0.444775,0.407517,0.736335,0.766711,0.972534,1.103545,0.524972,0.762564,1.013038,0.951375,0.429354,0.560343,0.687195,0.724949
0.670763,0.815708,0.765388,0.758359,0.207778,0.110587,0.469763,0.483880,0.379320,0.331600,0.103660,0.379839,0.736057,0.368767,0.163949,0.177288,-0.001825,0.284271,1.144845,0.559750,-0.027538,-0.093403,0.572520,0.576068,0.095662,0.250482,0.154035,0.055640,0.149678,0.269647,-0.014774,-0.033530,0.436445,0.385268,0.000000,1.404291,-0.492927,-0.295781,-0.083976,-0.064674,-0.063503,0.063832,-0.094289,-0.496604,-0.394892,0.248333,0.263026,0.360678,0.073387,0.536313,0.342099,0.332412,0.063893,0.113418,-0.009651,0.145556,0.434231,0.389955,0.312761,0.416303,0.267229,0.274965,0.287119,0.337890,0.053113,0.513746,0.670651,0.041457,1.207599,0.847002,0.010245,-0.020683,-0.001542,0.307135,0.405158,-0.107913,0.782078,-0.024260,0.290049,0.055358,0.098852,0.159471,0.213136,0.275292,0.005061,0.301034,0.216378,0.081453,-0.021742,0.154580
0.493552,0.626287,0.542335,0.595742,0.164344,0.040927,0.258729,0.296705,0.267581,0.249537,-0.064045,0.219425,0.564108,0.189439,0.006017,-0.011297,-0.144912,0.124055,1.036539,0.386677,-0.045336,-0.153110,0.385914,0.381036,0.053698,0.196956,0.124713,0.054705,0.022720,0.167213,-0.148669,-0.183657,0.289424,0.227510,1.404291,0.000000,-0.536681,-0.357861,-0.175180,-0.204858,-0.059015,-0.000461,-0.253488,-0.639837,-0.558768,0.179801,0.151176,0.251640,-0.084674,0.374190,0.179342,0.172899,-0.065318,0.051813,-0.173088,-0.006066,0.266989,0.213295,0.126173,0.289830,0.083343,0.109860,0.110890,0.177604,-0.096015,0.338589,0.479925,-0.098900,1.088043,0.768501,-0.077650,-0.133900,-0.037772,0.212026,0.355540,-0.214534,0.783585,-0.141092,0.190069,-0.071145,-0.053703,0.021907,0.111943,0.195379,-0.176789,0.149564,0.168354,-0.029582,-0.198043,-0.019533
0.107083,-0.073002,-0.040043,0.008862,-0.217332,-0.126524,0.049991,0.126317,-0.182416,-0.226893,0.351703,0.159172,-0.061003,0.186930,0.162442,0.203007,0.329662,0.156653,-0.253651,-0.066000,-0.024037,0.095508,0.086648,0.017697,-0.124416,-0.134823,-0.038055,-0.024048,0.220987,0.225709,0.481406,0.451098,0.065262,0.094835,-0.492927,-0.536681,0.000000,0.485239,0.188667,0.173645,0.212941,0.278787,0.375436,0.524429,0.435546,0.064876,0.112680,0.032272,0.157818,-0.039723,0.087047,0.051038,0.200870,0.030770,0.159130,0.154520,0.169543,0.136396,0.042110,-0.031858,0.129439,0.126484,0.198757,0.145055,0.249333,0.057434,-0.103817,0.286605,-0.293435,-0.191226,0.274809,0.062475,0.253923,-0.031243,-0.017832,0.047215,-0.328905,0.033047,-0.001852,0.281421,0.291012,0.275194,0.061930,-0.008587,0.348147,0.214476,-0.147963,0.127130,0.276974,0.180316
0.177437,0.076080,0.189598,0.126809,-0.046045,0.072558,0.254664,0.297626,0.133328,0.060796,0.441428,0.325326,0.182993,0.382424,0.461486,0.463617,0.437649,0.340409,-0.104095,0.150946,0.177805,0.160589,0.233347,0.217314,0.006035,0.025065,0.036455,0.025724,0.391683,0.364704,0.569590,0.568202,0.257347,0.305356,-0.295781,-0.357861,0.485239,0.000000,0.491384,0.428344,0.278610,0.198190,0.595859,0.621525,0.613248,0.328601,0.418557,0.291380,0.419017,0.181767,0.373426,0.280483,0.316480,0.032277,0.400376,0.415102,0.349045,0.320753,0.299116,0.167839,0.360105,0.369403,0.363056,0.363989,0.422730,0.295815,0.170259,0.460444,-0.191659,-0.127749,0.235543,0.247435,0.142903,0.102420,-0.042921,0.018711,-0.195862,0.214952,0.123578,0.334054,0.403296,0.451710,0.241880,0.299214,0.555072,0.393252,0.101016,0.361995,0.467235,0.374761
0.219803,0.258633,0.321461,0.279494,0.243670,0.308840,0.469158,0.427868,0.297849,0.352407,0.522337,0.396238,0.368183,0.473647,0.665274,0.624631,0.450989,0.384530,0.088784,0.327336,0.179727,0.286265,0.459997,0.431161,0.174410,0.218526,0.269021,0.038263,0.505305,0.488853,0.626319,0.569631,0.492309,0.518097,-0.083976,-0.175180,0.188667,0.491384,0.000000,0.738834,0.348139,0.296129,0.613612,0.548824,0.588533,0.549025,0.614488,0.463741,0.543862,0.283642,0.487694,0.374984,0.368297,0.130416,0.639741,0.580873,0.455400,0.526554,0.541725,0.357765,0.541884,0.494929,0.496014,0.501962,0.629047,0.416588,0.411558,0.556775,-0.012205,0.075830,0.132188,0.322419,0.212598,0.300778,-0.018274,0.028413,0.046746,0.382228,0.211166,0.292119,0.519844,0.636228,0.621947,0.638513,0.707660,0.507312,0.482942,0.683126,0.691681,0.569042
0.312901,0.341224,0.415392,0.316946,0.192276,0.355523,0.648409,0.543553,0.393494,0.445386,0.631985,0.505836,0.461637,0.635165,0.746711,0.787454,0.527708,0.473548,0.080829,0.428609,0.136078,0.484669,0.521669,0.522400,0.139562,0.274773,0.254820,0.012770,0.543161,0.499743,0.723035,0.714687,0.528015,0.541465,-0.064674,-0.204858,0.173645,0.428344,0.738834,0.000000,0.290243,0.375031,0.597518,0.496118,0.615286,0.508147,0.565888,0.498419,0.632896,0.371904,0.583661,0.459303,0.431749,0.224753,0.783039,0.748144,0.514783,0.628081,0.612531,0.433379,0.595447,0.588646,0.548033,0.617419,0.625602,0.538146,0.439082,0.622356,0.030907,0.112809,0.198837,0.470179,0.268684,0.298941,0.059795,0.198015,0.002905,0.452282,0.255793,0.369387,0.600178,0.791336,0.786621,0.676208,0.818460,0.672932,0.547409,0.786078,0.812830,0.761031
0.045250,0.021740,0.044299,0.075172,0.078955,0.092690,0.094731,0.110964,0.059759,0.044958,0.174278,0.156987,0.135704,0.123908,0.182947,0.154402,0.142230,0.123012,0.073429,0.066780,0.127072,0.215347,0.110943,0.062537,0.118874,0.118929,0.112677,0.035634,0.223974,0.268818,0.274808,0.203713,0.261465,0.212346,-0.063503,-0.059015,0.212941,0.278610,0.348139,0.290243,0.000000,0.315958,0.138890,0.179778,0.166045,0.261375,0.182522,0.105824,0.166090,0.031964,0.140115,0.063449,-0.017373,-0.070520,0.083314,0.149403,0.127976,0.120480,0.105910,0.050367,0.159204,0.127194,0.179209,0.181830,0.195831,0.122505,0.052594,0.108286,-0.046542,-0.007287,0.014392,0.045394,0.181704,0.102888,0.129897,-0.212141,-0.000007,0.050527,0.095580,0.140775,0.187755,0.298652,0.194901,0.248476,0.225673,0.199916,0.059129,0.207262,0.109677,0.099947
0.311870,0.280988,0.289963,0.325169,0.136600,0.146358,0.360509,0.355974,0.095302,0.136258,0.395307,0.382653,0.390642,0.377263,0.333813,0.371219,0.289297,0.321705,0.258002,0.289768,0.020154,0.204215,0.373763,0.329005,0.092332,0.174589,0.261304,0.068731,0.384607,0.437222,0.461421,0.396739,0.419666,0.387288,0.063832,-0.000461,0.278787,0.198190,0.296129,0.375031,0.315958,0.000000,0.278105,0.205248,0.223392,0.314684,0.322650,0.239436,0.265543,0.193385,0.293540,0.183934,0.169579,0.062222,0.199086,0.238564,0.396420,0.369504,0.248474,0.205298,0.326353,0.331034,0.361103,0.377419,0.280975,0.309452,0.249973,0.285785,0.167395,0.215874,0.161717,0.133350,0.335878,0.286468,0.238240,0.001145,0.117736,0.108904,0.234643,0.340804,0.359399,0.439450,0.392373,0.294756,0.412894,0.367087,0.161245,0.299875,0.296377,0.280145
0.534597,0.493559,0.484840,0.464331,0.120807,0.251809,0.706282,0.723263,0.246105,0.284845,0.754186,0.639925,0.419573,0.663088,0.765393,0.747008,0.872693,0.797677,0.143975,0.518717,0.215692,0.270111,0.621546,0.569734,-0.020133,0.116256,0.159426,0.114632,0.658315,0.631710,0.904928,0.981408,0.705180,0.781251,-0.094289,-0.253488,0.375436,0.595859,0.613612,0.597518,0.138890,0.278105,0.000000,0.935347,1.226286,0.612347,1.091248,0.713262,1.086005,0.664237,0.862863,0.758967,0.785999,0.315907,0.871370,0.807790,0.929829,0.947422,0.750596,0.601223,0.856795,0.791257,0.808008,0.787383,0.749455,0.621395,0.668986,1.170570,0.120251,0.192807,0.269060,0.330133,0.376729,0.426816,0.051493,0.221706,0.064833,0.527070,0.445194,0.685074,0.884884,0.874122,0.480726,0.621165,0.978251,0.633390,0.304904,0.558797,0.895872,0.820685
0.131513,0.080124,0.059549,0.072541,0.051459,0.198924,0.297154,0.291525,0.042271,0.084383,0.448934,0.300749,0.012580,0.311172,0.425626,0.451060,0.529802,0.363667,-0.215516,0.191335,0.151204,0.231024,0.180475,0.161307,0.058716,0.010426,0.079977,0.100747,0.384236,0.349049,0.594734,0.593710,0.287338,0.323485,-0.496604,-0.639837,0.524429,0.621525,0.548824,0.496118,0.179778,0.205248,0.935347,0.000000,1.146265,0.626234,0.572224,0.473309,0.708988,0.289622,0.450064,0.462705,0.611914,0.294826,0.626705,0.605777,0.398913,0.441777,0.427240,0.281323,0.516215,0.478373,0.408358,0.432718,0.525343,0.272688,0.185572,0.708247,-0.257395,-0.083964,0.183477,0.235423,0.211052,0.079152,-0.148762,0.119624,-0.309726,0.395379,0.159600,0.419510,0.577911,0.547369,0.356352,0.389768,0.671337,0.397034,0.160409,0.396150,0.754034,0.605076
0.202673,0.173499,0.178354,0.175139,0.127711,0.279329,0.457267,0.441025,0.152232,0.211235,0.575338,0.422756,0.149834,0.436806,0.567869,0.598946,0.640531,0.536864,-0.159556,0.240012,0.143377,0.361156,0.295344,0.284747,0.077447,0.116601,0.141286,0.105926,0.461343,0.443219,0.663191,0.763049,0.411318,0.549526,-0.394892,-0.558768,0.435546,0.613248,0.588533,0.615286,0.166045,0.223392,1.226286,1.146265,0.000000,0.471104,0.677356,0.439688,0.961777,0.384994,0.598754,0.550887,0.578458,0.158906,0.811120,0.685543,0.560485,0.582242,0.588430,0.423958,0.629462,0.608951,0.521834,0.561728,0.665296,0.377178,0.363403,0.913883,-0.210263,-0.129246,0.170786,0.348354,0.335181,0.240915,-0.017686,0.288144,-0.167567,0.496714,0.272356,0.503564,0.666771,0.684353,0.387291,0.452756,0.834651,0.491467,0.236992,0.498595,0.809244,0.662885
0.556611,0.595490,0.522143,0.584244,0.248230,0.342304,0.649532,0.644692,0.329086,0.414430,0.405690,0.520604,0.492259,0.547300,0.546455,0.596191,0.444766,0.500074,0.447768,0.622196,0.124612,0.244380,0.589972,0.567047,0.170451,0.253216,0.250214,0.200681,0.444334,0.503199,0.532642,0.437006,0.615449,0.536068,0.248333,0.179801,0.064876,0.328601,0.549025,0.508147,0.261375,0.314684,0.612347,0.626234,0.471104,0.000000,0.849689,0.955277,0.733804,0.795960,0.740965,0.759164,0.664702,0.594494,0.544256,0.789510,0.699071,0.760090,0.722958,0.742422,0.783738,0.738541,0.617157,0.692806,0.547096,0.699129,0.743379,0.730551,0.410024,0.561472,0.088184,0.170338,0.155092,0.243251,0.096295,-0.124483,0.188429,0.388828,0.285532,0.369257,0.588022,0.656147,0.720954,0.829956,0.562037,0.587239,0.453034,0.463069,0.689972,0.828109
0.824680,0.877396,0.823690,0.805278,0.220659,0.332654,0.942988,0.993832,0.467703,0.472240,0.742270,0.889802,0.774667,0.870546,0.847072,0.862518,0.750965,0.915497,0.499703,0.807357,0.180083,0.268446,0.902635,0.830400,0.092547,0.260068,0.217364,0.158809,0.711137,0.788254,0.844145,0.860390,0.921435,0.955293,0.263026,0.151176,0.112680,0.418557,0.614488,0.565888,0.182522,0.322650,1.091248,0.572224,0.677356,0.849689,0.000000,1.162876,1.002487,0.980838,1.104335,0.963936,0.770752,0.367925,0.823360,0.984913,1.103807,1.147255,0.865033,0.780439,0.943944,0.920427,0.893676,1.025929,0.650902,0.892727,0.994295,0.937409,0.485690,0.508359,0.226595,0.311752,0.323862,0.505331,0.172311,0.083270,0.288570,0.438295,0.511884,0.588299,0.827833,0.929953,0.613997,0.840240,0.865199,0.814095,0.403859,0.564428,0.833648,0.917054
0.758356,0.850226,0.765462,0.829924,0.205698,0.285662,0.793221,0.861325,0.429868,0.491359,0.517560,0.701121,0.656155,0.735113,0.632129,0.718045,0.490276,0.610621,0.538953,0.810549,0.135853,0.170152,0.815513,0.853161,0.027546,0.222537,0.194069,0.141046,0.421505,0.527827,0.571592,0.589221,0.680972,0.638949,0.360678,0.251640,0.032272,0.291380,0.463741,0.498419,0.105824,0.239436,0.713262,0.473309,0.439688,0.955277,1.162876,0.000000,0.772882,1.015132,0.846767,0.877113,0.892203,0.682569,0.696038,0.961456,0.824410,0.923714,0.725484,0.782747,0.744438,0.754314,0.644032,0.803380,0.456695,0.805965,0.892662,0.816361,0.580953,0.629802,0.156106,0.262425,0.131925,0.367350,0.121899,0.012595,0.283692,0.317502,0.369578,0.362033,0.534672,0.641802,0.634369,0.784667,0.540217,0.674191,0.459802,0.532296,0.749312,0.989120
0.606624,0.623831,0.595765,0.620576,0.339110,0.481353,0.881111,0.897997,0.491817,0.542952,0.717384,0.766690,0.536120,0.799252,0.764526,0.839180,0.672780,0.810633,0.279101,0.661390,0.142470,0.293614,0.653331,0.661196,0.216518,0.357061,0.252513,0.202413,0.539066,0.592503,0.645403,0.731484,0.729560,0.834286,0.073387,-0.084674,0.157818,0.419017,0.543862,0.632896,0.166090,0.265543,1.086005,0.708988,0.961777,0.733804,1.002487,0.772882,0.000000,0.977116,1.233834,1.141652,0.833207,0.298363,1.006705,1.069562,0.899991,1.002614,1.065202,0.875327,1.139462,1.021496,0.808479,1.052713,0.761780,0.801285,0.870443,1.008771,0.247874,0.278167,0.190717,0.354304,0.286933,0.427987,0.176771,0.203934,0.147391,0.538320,0.429784,0.554741,0.780077,0.861046,0.521180,0.689610,0.961710,0.811168,0.344892,0.531906,1.029692,1.049421
