0.000000,0.897640,0.667448,0.424951,0.372827,0.323734,0.710618,0.508702,0.214184,0.090931,0.642965,0.484003,0.488169,0.372394,0.573661,0.531929,0.499663,0.333092,0.782848,0.863642,0.306497,0.173885,0.559166,0.339535,0.530313,0.475921,0.336542,0.341201,0.161909,0.182942,0.720914,0.486073,0.947270,0.770404,0.425946,0.512727,0.311981,0.319281,-0.057816,0.166488,0.091827,0.197070,0.551830,0.606768,0.404052,0.558162,0.564942,0.664403,0.612902,0.585813,0.390426,0.471755,0.309907,0.441107,0.191841,0.348316,1.227419,0.825585,0.420525,0.381351,0.606753,0.087924,0.462672,0.234891,0.103474,0.163616,0.620089,0.589255,0.685985,0.774850,0.292166,0.465388,0.190648,0.208507,0.261540,0.149037,0.109010,0.093264,0.095260,0.077107,0.130841,0.107953,0.685620,0.367114,0.263925,0.155404,0.274567,0.186110,0.222685,0.301092
0.897640,0.000000,0.449721,0.419894,0.402952,0.240269,0.312054,0.469050,0.165263,0.151351,0.282589,0.301225,0.238724,0.301938,0.500541,0.454071,0.669050,0.706572,0.760063,0.993542,0.248008,0.212984,0.393242,0.251139,0.459528,0.404567,0.297909,0.144334,0.183935,0.463187,0.629260,0.541814,0.992908,1.002169,0.363880,0.458768,0.123952,0.327200,-0.003752,0.200721,0.093828,0.243884,0.704418,0.755180,0.568299,0.727951,0.628286,0.742702,0.621481,0.549770,0.278023,0.208974,0.169956,0.386535,0.188677,0.348148,1.089582,1.324859,0.120307,0.124081,0.382823,-0.034295,0.421100,0.189854,0.228162,-0.000326,0.515741,0.500823,0.785486,0.930069,0.257503,0.270273,0.219797,0.374733,0.263750,0.150950,0.073100,0.144537,0.261017,0.327068,0.335767,0.221294,0.602302,0.496625,0.278114,0.094381,0.256480,0.268043,0.242632,0.126206
0.667448,0.449721,0.000000,0.934421,0.631133,0.824614,0.855396,0.673877,0.457852,0.485077,0.363597,0.406284,0.353130,0.433230,0.651094,0.703719,0.409402,0.247234,0.667832,0.677423,0.309295,0.188850,0.931713,0.719298,0.623307,0.788206,0.428361,0.377288,0.055913,0.097259,0.566771,0.480210,0.596347,0.617960,0.542905,0.529788,0.328234,0.299497,0.103771,0.297888,0.130357,0.027672,0.534023,0.561703,0.365613,0.448208,0.579632,0.672185,0.524921,0.504864,0.642129,0.528502,0.556740,0.736920,0.494192,0.666021,0.560575,0.437919,0.277996,0.262463,0.419543,0.174531,0.269497,0.204744,0.331638,0.224487,0.819650,0.703118,0.704822,0.616821,0.488752,0.505987,0.206092,0.099673,0.399236,0.288568,0.387434,0.297632,0.021624,-0.040999,0.085407,0.089368,0.473688,0.146027,0.326026,0.340527,0.297604,0.213647,0.465941,0.574387
0.424951,0.419894,0.934421,0.000000,0.505300,0.667563,0.522694,0.875597,0.348650,0.409169,0.233072,0.276935,0.347286,0.579870,0.554746,0.564776,0.297841,0.210501,0.487996,0.606720,0.146170,0.135900,0.887529,1.153163,0.470673,0.699190,0.327119,0.154775,0.009015,0.076972,0.444488,0.505749,0.588349,0.659478,0.557549,0.590924,0.205959,0.314555,0.046866,0.332914,-0.019640,-0.023847,0.488697,0.478100,0.329819,0.396658,0.505347,0.533031,0.453539,0.396797,0.665629,0.422399,0.459039,0.556799,0.466356,0.566971,0.466028,0.409126,0.165816,0.184177,0.288878,0.188572,0.263563,0.203167,0.324833,0.318370,0.818065,0.808456,0.566867,0.525334,0.347352,0.461055,0.151621,0.095253,0.300898,0.106632,0.320266,0.238006,-0.052234,-0.103219,-0.005238,0.043972,0.361634,0.034602,0.393996,0.474523,0.175475,0.115887,0.440211,0.324594
0.372827,0.402952,0.631133,0.505300,0.000000,0.512185,0.591015,0.520195,1.004708,0.794382,0.382694,0.395587,0.528215,0.428990,0.823575,0.735975,0.358876,0.258715,0.468942,0.480470,0.618270,0.584390,0.482844,0.374005,0.789442,0.666393,0.795405,0.524438,0.191236,0.195355,0.331988,0.207008,0.441552,0.475130,0.468617,0.293290,0.174937,0.222825,0.056137,0.316580,0.067638,0.074607,0.540973,0.558872,0.479708,0.549023,0.520751,0.606101,0.518591,0.515664,0.503883,0.389815,0.396909,0.590690,0.445377,0.517147,0.431468,0.443222,0.266379,0.274202,0.495880,0.391913,0.294468,0.177999,0.576642,0.244005,0.598515,0.629618,0.551812,0.540690,0.551448,0.361945,0.124772,0.112908,0.387293,0.166831,0.319102,0.249300,0.062432,0.043011,0.144082,0.142687,0.366957,0.040659,0.394271,0.370953,0.307459,0.374780,0.448700,0.446600
0.323734,0.240269,0.824614,0.667563,0.512185,0.000000,0.463409,0.513548,0.527980,0.712659,0.077112,0.218438,0.159885,0.220881,0.354846,0.526237,0.175846,0.143356,0.163026,0.217712,0.229606,0.214378,0.370338,0.494119,0.240742,0.603496,0.274251,0.316270,0.058666,0.036494,0.157046,0.162232,0.276101,0.346419,0.221121,0.287763,0.257305,0.195495,0.107018,0.268319,-0.059439,-0.092507,0.547070,0.533092,0.396192,0.412692,0.577032,0.592510,0.598236,0.566915,0.744434,0.582148,0.540576,0.624447,0.615678,0.611239,0.402010,0.362412,0.273694,0.359916,0.339822,0.294783,0.253971,0.273904,0.067548,0.102309,0.490596,0.600451,0.324402,0.382456,0.261188,0.231747,0.130945,-0.018394,0.307788,0.131008,0.229870,0.173844,-0.027625,-0.074861,-0.052273,-0.127383,0.164957,-0.036399,0.071149,0.170128,0.198538,0.121275,0.270900,0.403506
0.710618,0.312054,0.855396,0.522694,0.591015,0.463409,0.000000,0.808604,0.460135,0.380087,0.639668,0.750162,0.684663,0.452683,0.598274,0.628710,0.212572,0.154236,0.644918,0.621967,0.268355,0.122522,0.787244,0.401241,0.480488,0.465943,0.306120,0.292448,0.136077,0.147147,0.618350,0.419000,0.527629,0.504348,0.345178,0.336534,0.245426,0.146526,0.000844,0.066836,0.049064,0.070226,0.260809,0.316539,0.124646,0.243763,0.341915,0.394442,0.371474,0.349473,0.429322,0.461157,0.409380,0.497431,0.201184,0.301562,0.455370,0.331019,0.697341,0.681065,0.776364,0.626120,0.344655,0.385449,0.392300,0.411907,0.629298,0.591079,0.522502,0.544450,0.463406,0.589475,0.091228,0.118223,0.326938,0.167627,0.316574,0.285362,-0.017945,-0.035364,0.038549,0.054473,0.672365,0.231720,0.235473,0.214493,0.252186,0.146523,0.381352,0.635545
0.508702,0.469050,0.673877,0.875597,0.520195,0.513548,0.808604,0.000000,0.409046,0.399149,0.352710,0.644936,0.465181,0.600982,0.567174,0.576906,0.216132,0.184739,0.536124,0.639053,0.150488,0.100061,0.550793,0.576382,0.354178,0.481713,0.269409,0.061778,0.112633,0.245272,0.461331,0.541463,0.639982,0.793116,0.399336,0.463384,0.084030,0.264103,0.008233,0.187059,0.014400,0.079871,0.393115,0.386661,0.296592,0.380724,0.434754,0.446748,0.505570,0.439995,0.492796,0.401333,0.307758,0.381540,0.235742,0.345333,0.499378,0.498988,0.446836,0.551898,0.700395,0.728116,0.434559,0.452978,0.444959,0.419086,0.650592,0.762507,0.525068,0.497814,0.414832,0.560328,0.053829,0.230074,0.361100,0.230740,0.310813,0.262270,-0.012555,-0.019889,0.104038,0.002398,0.500730,0.229311,0.298723,0.250917,0.278965,0.142140,0.407018,0.387656
0.214184,0.165263,0.457852,0.348650,1.004708,0.527980,0.460135,0.409046,0.000000,0.878891,0.440157,0.532035,0.618921,0.533633,0.687356,0.642333,0.229686,0.182307,0.220901,0.211070,0.575516,0.484254,0.249016,0.206831,0.478635,0.454707,0.611164,0.461646,0.317947,0.165304,0.062860,0.019851,0.202103,0.256879,0.325045,0.124010,0.200382,0.178818,0.131598,0.305007,0.131034,0.021896,0.493963,0.456528,0.419044,0.442847,0.503892,0.545461,0.512869,0.562451,0.576226,0.559481,0.535730,0.570233,0.643390,0.642178,0.270297,0.277450,0.350384,0.349128,0.517507,0.433473,0.301814,0.251927,0.415401,0.193768,0.410478,0.505089,0.307591,0.349474,0.425173,0.267500,0.240588,0.110833,0.379244,0.173115,0.319901,0.163238,0.067947,0.030967,0.062822,0.068465,0.240321,-0.005370,0.341600,0.329274,0.310136,0.527770,0.403330,0.393420
0.090931,0.151351,0.485077,0.409169,0.794382,0.712659,0.380087,0.399149,0.878891,0.000000,0.170183,0.309696,0.371745,0.446162,0.576394,0.758539,0.183107,0.162481,0.154044,0.158917,0.396471,0.383557,0.335467,0.405080,0.373093,0.499081,0.516853,0.321158,0.184815,0.091994,0.012795,0.045776,0.118403,0.174794,0.177661,0.137842,0.262879,0.174715,0.220944,0.250793,0.034540,-0.036255,0.442636,0.431356,0.374492,0.388372,0.440458,0.529293,0.502427,0.485622,0.549727,0.411955,0.578877,0.657639,0.595412,0.564489,0.186682,0.218507,0.225743,0.302727,0.327345,0.411210,0.072572,0.061614,0.392836,0.242775,0.290451,0.362897,0.253459,0.279874,0.265309,0.150825,0.068663,-0.031298,0.234753,0.134929,0.250356,0.210533,0.119399,0.052248,0.103859,0.027728,0.149311,-0.029445,0.319963,0.296205,0.234298,0.393721,0.439189,0.488085
0.642965,0.282589,0.363597,0.233072,0.382694,0.077112,0.639668,0.352710,0.440157,0.170183,0.000000,0.972707,1.033235,0.719724,0.783855,0.497064,0.484758,0.229723,0.599174,0.421041,0.396094,0.242022,0.470939,0.218209,0.515026,0.332902,0.493720,0.436338,0.367789,0.247379,0.442484,0.286356,0.398736,0.277222,0.414126,0.251763,0.270374,0.288838,0.183291,0.204775,0.171281,0.248810,0.213011,0.278956,0.142350,0.236468,0.276794,0.283525,0.276319,0.250918,0.284907,0.374844,0.486352,0.374911,0.214628,0.199758,0.417832,0.355116,0.670917,0.489792,0.762142,0.290404,0.360336,0.177051,0.358767,0.321226,0.438213,0.313087,0.380134,0.454291,0.420848,0.419626,0.149636,0.179075,0.257984,0.175115,0.127777,0.002609,0.120231,0.161274,0.258114,0.299968,0.484569,0.258311,0.607817,0.342877,0.351655,0.473718,0.488268,0.440094
0.484003,0.301225,0.406284,0.276935,0.395587,0.218438,0.750162,0.644936,0.532035,0.309696,0.972707,0.000000,0.772647,0.908127,0.637202,0.550088,0.358842,0.288505,0.539224,0.467206,0.306950,0.067644,0.422377,0.151314,0.309585,0.338580,0.304607,0.228986,0.372259,0.395635,0.419923,0.349117,0.373924,0.393073,0.359179,0.193642,0.121328,0.275699,0.157055,0.100313,0.211457,0.228899,0.197774,0.254104,0.068750,0.169403,0.234078,0.319315,0.259305,0.261527,0.319114,0.357804,0.474801,0.338174,0.188514,0.212305,0.306067,0.327826,0.625036,0.597993,0.758801,0.654218,0.310928,0.395598,0.456752,0.332237,0.375355,0.329716,0.324160,0.384458,0.382131,0.503291,0.238031,0.316909,0.360565,0.233696,0.203132,0.083176,0.077695,0.156997,0.253150,0.252388,0.433922,0.233168,0.428273,0.244891,0.223012,0.292809,0.431010,0.330417
0.488169,0.238724,0.353130,0.347286,0.528215,0.159885,0.684663,0.465181,0.618921,0.371745,1.033235,0.772647,0.000000,0.800959,0.847054,0.633974,0.391160,0.182439,0.453648,0.401366,0.321579,0.187937,0.516135,0.384097,0.480538,0.405153,0.427209,0.342711,0.346222,0.200790,0.320350,0.189355,0.424289,0.311148,0.438875,0.220176,0.205308,0.236226,0.133064,0.255467,0.065405,0.121079,0.297568,0.349375,0.238656,0.321070,0.412641,0.399184,0.368898,0.332757,0.339765,0.452946,0.417159,0.430227,0.307370,0.348612,0.355810,0.255510,0.517152,0.439993,0.637349,0.418010,0.243871,0.130295,0.471635,0.404374,0.474041,0.403324,0.388879,0.442214,0.365698,0.430880,0.119583,0.116173,0.275414,0.115898,0.197496,0.108265,0.104575,0.069390,0.148519,0.195586,0.469746,0.103872,0.543554,0.424968,0.215748,0.394025,0.504026,0.576058
0.372394,0.301938,0.433230,0.579870,0.428990,0.220881,0.452683,0.600982,0.533633,0.446162,0.719724,0.908127,0.800959,0.000000,0.769957,0.783735,0.421441,0.232310,0.486970,0.487027,0.263172,0.096910,0.537611,0.509019,0.491553,0.519681,0.496774,0.251122,0.271339,0.274406,0.296845,0.349566,0.402572,0.412210,0.552196,0.365350,0.189955,0.343416,0.187280,0.255355,0.191765,0.169350,0.262888,0.299811,0.162421,0.228668,0.305609,0.393144,0.284736,0.238789,0.347666,0.318580,0.529004,0.438727,0.360701,0.361856,0.259841,0.237481,0.237459,0.233586,0.355103,0.373351,0.084629,0.110508,0.593481,0.532856,0.468358,0.390634,0.383303,0.392104,0.245192,0.422966,0.178291,0.211875,0.247682,0.181181,0.262456,0.118572,0.075331,0.035670,0.171911,0.246957,0.330823,0.069904,0.727736,0.568357,0.140211,0.350399,0.440989,0.325753
0.573661,0.500541,0.651094,0.554746,0.823575,0.354846,0.598274,0.567174,0.687356,0.576394,0.783855,0.637202,0.847054,0.769957,0.000000,1.130364,0.648268,0.395254,0.679524,0.580557,0.630660,0.477674,0.728826,0.511639,0.852248,0.805226,0.890210,0.671345,0.363384,0.378078,0.541754,0.453476,0.655825,0.599396,0.677217,0.530685,0.322390,0.412007,0.198906,0.340539,0.134630,0.212328,0.507538,0.578597,0.391077,0.519708,0.554345,0.667030,0.488694,0.460197,0.531918,0.447971,0.614357,0.759416,0.502026,0.592366,0.588500,0.477776,0.279394,0.226764,0.539274,0.249367,0.402965,0.191433,0.696048,0.334895,0.763860,0.614229,0.765556,0.624990,0.574882,0.487834,0.229922,0.268577,0.505631,0.308205,0.363918,0.278648,0.217690,0.163394,0.409632,0.346688,0.710952,0.257041,0.818276,0.571760,0.385094,0.524390,0.719854,0.617803
0.531929,0.454071,0.703719,0.564776,0.735975,0.526237,0.628710,0.576906,0.642333,0.758539,0.497064,0.550088,0.633974,0.783735,1.130364,0.000000,0.534274,0.368727,0.567994,0.585631,0.560331,0.391541,0.665178,0.523986,0.761461,0.967886,0.787577,0.645457,0.316523,0.324472,0.483271,0.390046,0.578791,0.555962,0.605399,0.602335,0.291123,0.376437,0.196404,0.259054,0.135275,0.169062,0.500038,0.542700,0.343623,0.428166,0.534560,0.691306,0.514999,0.469363,0.573793,0.470666,0.624871,0.797831,0.534358,0.609699,0.533095,0.388298,0.209386,0.225970,0.433283,0.305757,0.226213,0.103092,0.586180,0.449493,0.679321,0.602732,0.637471,0.593430,0.466355,0.470728,0.182120,0.214524,0.391657,0.337257,0.435167,0.345579,0.233460,0.118489,0.288369,0.245595,0.540686,0.156713,0.543859,0.485748,0.215665,0.314084,0.502075,0.568608
0.499663,0.669050,0.409402,0.297841,0.358876,0.175846,0.212572,0.216132,0.229686,0.183107,0.484758,0.358842,0.391160,0.421441,0.648268,0.534274,0.000000,0.845337,0.627339,0.671639,0.449653,0.331321,0.377340,0.179240,0.523281,0.521249,0.456084,0.319434,0.656871,0.783181,0.690968,0.641490,0.805976,0.737320,0.500202,0.446723,0.189036,0.396633,0.243399,0.386266,0.254459,0.302284,0.457928,0.515177,0.311178,0.362538,0.483391,0.558815,0.298432,0.230262,0.283314,0.200910,0.300115,0.410332,0.361343,0.379810,0.587281,0.482500,0.113498,-0.000421,0.279342,-0.062832,0.292803,0.114404,0.423560,0.079159,0.572208,0.399589,0.659313,0.612249,0.349121,0.299523,0.458201,0.460595,0.374523,0.395915,0.241698,0.175020,0.558031,0.537155,0.658619,0.634529,0.403647,0.377428,0.456228,0.346148,0.236632,0.377715,0.377692,0.212109
0.333092,0.706572,0.247234,0.210501,0.258715,0.143356,0.154236,0.184739,0.182307,0.162481,0.229723,0.288505,0.182439,0.232310,0.395254,0.368727,0.845337,0.000000,0.371614,0.486863,0.399538,0.288620,0.253261,0.023216,0.309716,0.310595,0.201586,0.090029,0.705108,1.133139,0.634691,0.557839,0.638850,0.645076,0.145508,0.276977,0.215976,0.465038,0.389360,0.383853,0.373430,0.483770,0.472107,0.499333,0.440465,0.448271,0.438114,0.475795,0.333884,0.246359,0.272553,0.067169,0.256414,0.329619,0.332962,0.340984,0.582477,0.666382,0.048021,-0.053630,0.240567,-0.033133,0.431246,0.392070,0.408096,0.124055,0.326967,0.266463,0.417797,0.520908,0.261061,0.222106,0.562533,0.608146,0.432666,0.372094,0.248452,0.311612,0.840159,0.918106,0.875222,0.821997,0.371293,0.645026,0.409133,0.337569,0.363585,0.431041,0.379659,0.142834
0.782848,0.760063,0.667832,0.487996,0.468942,0.163026,0.644918,0.536124,0.220901,0.154044,0.599174,0.539224,0.453648,0.486970,0.679524,0.567994,0.627339,0.371614,0.000000,1.441473,0.213889,0.100226,0.788221,0.392694,0.601981,0.524853,0.473965,0.319987,0.178440,0.373181,0.775532,0.579431,0.844774,0.719895,0.502095,0.519466,0.198666,0.363565,0.010228,0.165502,0.095432,0.220249,0.336613,0.444618,0.176779,0.332235,0.352130,0.466473,0.277786,0.219976,0.191008,0.165652,0.341623,0.500613,0.119738,0.265908,0.603973,0.482789,0.266699,0.215304,0.425365,0.134679,0.223469,0.047169,0.461042,0.197757,0.647644,0.468570,0.915471,0.803591,0.329423,0.466256,0.108337,0.236409,0.200465,0.186067,0.108221,0.172588,0.180687,0.165187,0.352591,0.357370,0.629730,0.351627,0.488746,0.270478,0.127991,0.173588,0.311108,0.320399
0.863642,0.993542,0.677423,0.606720,0.480470,0.217712,0.621967,0.639053,0.211070,0.158917,0.421041,0.467206,0.401366,0.487027,0.580557,0.585631,0.671639,0.486863,1.441473,0.000000,0.212043,0.105939,0.760010,0.462444,0.600794,0.562740,0.341972,0.203366,0.198536,0.435266,0.854917,0.668281,1.036935,0.965695,0.548535,0.585571,0.156896,0.365587,-0.040154,0.194025,0.074047,0.216381,0.423285,0.501546,0.264755,0.421725,0.417851,0.572818,0.362630,0.305380,0.220461,0.195241,0.277777,0.474346,0.125513,0.304916,0.747986,0.626990,0.184879,0.202157,0.372354,0.156506,0.234419,0.124343,0.389558,0.207362,0.680827,0.559868,0.916234,0.979495,0.323317,0.485251,0.164338,0.289041,0.203983,0.163928,0.200614,0.257380,0.229965,0.191183,0.309965,0.325498,0.719598,0.418283,0.365956,0.266307,0.123585,0.142628,0.220998,0.253736
0.306497,0.248008,0.309295,0.146170,0.618270,0.229606,0.268355,0.150488,0.575516,0.396471,0.396094,0.306950,0.321579,0.263172,0.630660,0.560331,0.449653,0.399538,0.213889,0.212043,0.000000,1.056294,0.178626,0.074030,0.611601,0.538977,0.715177,0.798399,0.516810,0.381358,0.358823,0.243786,0.329598,0.368039,0.189293,0.253053,0.516925,0.430660,0.306527,0.512099,0.407425,0.387202,0.315239,0.321095,0.280892,0.344268,0.284303,0.350654,0.270823,0.327322,0.318047,0.289816,0.412229,0.363553,0.393998,0.385302,0.323189,0.303655,0.106001,0.037420,0.273137,0.172133,0.287545,0.262856,0.335404,0.247759,0.276721,0.302200,0.213511,0.316843,0.520971,0.364104,0.376347,0.351255,0.300011,0.340577,0.344844,0.212728,0.321334,0.334197,0.351831,0.424591,0.259711,0.216628,0.393600,0.330724,0.551368,0.608079,0.268457,0.228601
0.173885,0.212984,0.188850,0.135900,0.584390,0.214378,0.122522,0.100061,0.484254,0.383557,0.242022,0.067644,0.187937,0.096910,0.477674,0.391541,0.331321,0.288620,0.100226,0.105939,1.056294,0.000000,0.032038,0.041474,0.537982,0.376934,0.669552,0.717011,0.344881,0.241831,0.193552,0.114303,0.264469,0.263412,0.101568,0.158756,0.326166,0.240476,0.230940,0.456617,0.236024,0.307148,0.266665,0.262017,0.261792,0.305922,0.228564,0.262963,0.242953,0.318130,0.262116,0.218019,0.291332,0.337104,0.344956,0.314764,0.272931,0.306034,0.065453,0.029650,0.213757,0.131088,0.267339,0.203409,0.227428,0.106705,0.214343,0.275815,0.174628,0.281986,0.379335,0.185124,0.173464,0.237481,0.239731,0.195556,0.171323,0.050075,0.259790,0.238805,0.226723,0.222259,0.203127,0.168455,0.247522,0.228158,0.429775,0.482674,0.179475,0.140780
0.559166,0.393242,0.931713,0.887529,0.482844,0.370338,0.787244,0.550793,0.249016,0.335467,0.470939,0.422377,0.516135,0.537611,0.728826,0.665178,0.377340,0.253261,0.788221,0.760010,0.178626,0.032038,0.000000,1.033582,0.642008,0.744216,0.362722,0.260167,0.049747,0.120622,0.687989,0.519845,0.592068,0.526246,0.567764,0.622256,0.269753,0.323425,0.093143,0.216982,0.045378,0.087446,0.285015,0.334440,0.134218,0.232528,0.299595,0.402758,0.260566,0.181164,0.414350,0.243382,0.452176,0.633564,0.274849,0.369817,0.441533,0.265182,0.207779,0.151020,0.283173,0.154637,0.144660,0.054178,0.500579,0.439368,0.756764,0.514912,0.717174,0.560803,0.427852,0.531482,0.135760,0.052769,0.231751,0.091567,0.266259,0.264981,0.118293,-0.000197,0.190444,0.280245,0.546328,0.121877,0.531162,0.539357,0.103430,0.135346,0.509078,0.600109
0.339535,0.251139,0.719298,1.153163,0.374005,0.494119,0.401241,0.576382,0.206831,0.405080,0.218209,0.151314,0.384097,0.509019,0.511639,0.523986,0.179240,0.023216,0.392694,0.462444,0.074030,0.041474,1.033582,0.000000,0.522615,0.698900,0.303345,0.176255,-0.124812,-0.098198,0.289707,0.361798,0.402225,0.387962,0.510081,0.595791,0.176413,0.305306,0.044939,0.331262,-0.115353,-0.061196,0.239150,0.233697,0.165231,0.210291,0.265307,0.303707,0.308236,0.244837,0.437841,0.321945,0.384797,0.513775,0.350429,0.420886,0.294798,0.198730,0.034531,0.074874,0.118859,0.109786,-0.004759,-0.080477,0.260408,0.408144,0.598401,0.487591,0.458405,0.345755,0.237219,0.326319,-0.022805,-0.125216,0.112882,-0.020499,0.204867,0.193890,-0.056221,-0.186954,-0.071067,-0.026556,0.247129,-0.130626,0.396198,0.442686,0.057327,-0.006177,0.387350,0.433463
0.530313,0.459528,0.623307,0.470673,0.789442,0.240742,0.480488,0.354178,0.478635,0.373093,0.515026,0.309585,0.480538,0.491553,0.852248,0.761461,0.523281,0.309716,0.601981,0.600794,0.611601,0.537982,0.642008,0.522615,0.000000,1.034597,0.955216,0.735383,0.148777,0.186451,0.650236,0.478765,0.660034,0.603941,0.702676,0.781201,0.279754,0.408142,0.177891,0.475237,0.135664,0.223066,0.362258,0.387153,0.328721,0.397119,0.369407,0.434751,0.376294,0.286345,0.344893,0.317894,0.434548,0.569297,0.443464,0.456212,0.458247,0.412784,0.135134,0.082297,0.280618,0.028623,0.119513,-0.040030,0.468194,0.428642,0.760951,0.566126,0.542043,0.578046,0.469209,0.385733,0.067121,0.098415,0.183267,0.137189,0.311881,0.159739,0.263039,0.150465,0.240903,0.263993,0.446566,0.159568,0.548066,0.369989,0.384738,0.368624,0.527211,0.447580
0.475921,0.404567,0.788206,0.699190,0.666393,0.603496,0.465943,0.481713,0.454707,0.499081,0.332902,0.338580,0.405153,0.519681,0.805226,0.967886,0.521249,0.310595,0.524853,0.562740,0.538977,0.376934,0.744216,0.698900,1.034597,0.000000,0.754781,0.611194,0.206589,0.204666,0.599032,0.481885,0.622202,0.633997,0.859449,1.011358,0.322644,0.486167,0.249015,0.508234,0.132753,0.172602,0.497850,0.516083,0.347555,0.417256,0.504468,0.629522,0.501955,0.379438,0.677756,0.482893,0.564471,0.756195,0.621582,0.579116,0.468802,0.332445,0.158920,0.135572,0.297444,0.145235,0.157096,0.039794,0.469562,0.480507,0.963388,0.792136,0.552199,0.554836,0.453975,0.494385,0.188420,0.171200,0.327154,0.249310,0.452727,0.279760,0.214212,0.077268,0.221716,0.230501,0.347148,0.031711,0.476548,0.464574,0.227044,0.235837,0.549976,0.525912
0.336542,0.297909,0.428361,0.327119,0.795405,0.274251,0.306120,0.269409,0.611164,0.516853,0.493720,0.304607,0.427209,0.496774,0.890210,0.787577,0.456084,0.201586,0.473965,0.341972,0.715177,0.669552,0.362722,0.303345,0.955216,0.754781,0.000000,0.953792,0.140442,0.169009,0.261595,0.164870,0.342286,0.335930,0.560519,0.525955,0.244762,0.348844,0.220806,0.364823,0.096368,0.157195,0.343632,0.409528,0.271914,0.373112,0.351452,0.438205,0.356542,0.348391,0.430163,0.361656,0.510280,0.688251,0.509756,0.486975,0.364032,0.308894,0.177805,0.136051,0.329677,0.102390,0.186142,-0.019688,0.497346,0.315691,0.605228,0.506750,0.459031,0.436332,0.391803,0.253027,0.006173,0.132684,0.188497,0.150285,0.202400,0.047615,0.194854,0.097999,0.247216,0.224952,0.282365,0.060023,0.644091,0.465190,0.342549,0.448476,0.474637,0.469159
0.341201,0.144334,0.377288,0.154775,0.524438,0.316270,0.292448,0.061778,0.461646,0.321158,0.436338,0.228986,0.342711,0.251122,0.671345,0.645457,0.319434,0.090029,0.319987,0.203366,0.798399,0.717011,0.260167,0.176255,0.735383,0.611194,0.953792,0.000000,0.140159,0.046966,0.189763,0.007088,0.211797,0.145692,0.391613,0.351010,0.408894,0.316036,0.143013,0.328249,0.082772,0.119260,0.184537,0.235000,0.105542,0.165255,0.215176,0.282606,0.173628,0.216444,0.265302,0.308859,0.486894,0.494632,0.425369,0.424832,0.271526,0.149641,0.071730,0.042199,0.175974,0.040290,0.103200,-0.029309,0.253383,0.197394,0.398862,0.269838,0.271252,0.212374,0.404655,0.269266,0.040957,0.009561,0.109253,0.141761,0.211224,0.069203,0.057718,-0.013450,0.115766,0.148932,0.292904,-0.009835,0.401941,0.304925,0.302355,0.244793,0.269588,0.378576
0.161909,0.183935,0.055913,0.009015,0.191236,0.058666,0.136077,0.112633,0.317947,0.184815,0.367789,0.372259,0.346222,0.271339,0.363384,0.316523,0.656871,0.705108,0.178440,0.198536,0.516810,0.344881,0.049747,-0.124812,0.148777,0.206589,0.140442,0.140159,0.000000,1.027435,0.444194,0.434243,0.397271,0.390799,0.002436,0.024405,0.365369,0.421868,0.457390,0.469411,0.619621,0.592297,0.234338,0.253063,0.176482,0.174277,0.246097,0.250983,0.126809,0.138680,0.267140,0.191080,0.290464,0.172279,0.316482,0.252603,0.272482,0.210821,0.199549,0.052839,0.339591,0.168391,0.425976,0.452897,0.361848,0.145764,0.113171,0.108799,0.095674,0.200356,0.247035,0.289635,0.814013,0.674427,0.466165,0.476640,0.292303,0.252935,0.675221,0.621792,0.646533,0.629146,0.155645,0.410637,0.299115,0.289255,0.281322,0.443660,0.174229,0.060246
0.182942,0.463187,0.097259,0.076972,0.195355,0.036494,0.147147,0.245272,0.165304,0.091994,0.247379,0.395635,0.200790,0.274406,0.378078,0.324472,0.783181,1.133139,0.373181,0.435266,0.381358,0.241831,0.120622,-0.098198,0.186451,0.204666,0.169009,0.046966,1.027435,0.000000,0.640019,0.682252,0.567631,0.628502,0.057268,0.152209,0.152006,0.454048,0.318669,0.302288,0.407624,0.556042,0.251750,0.296719,0.184581,0.213056,0.243515,0.272303,0.129625,0.094532,0.119078,-0.002667,0.202676,0.177401,0.188525,0.183188,0.338225,0.389190,0.086036,-0.000875,0.278016,0.152893,0.387399,0.444162,0.454579,0.091059,0.173445,0.127415,0.344839,0.391551,0.229170,0.238808,0.583276,0.822423,0.458709,0.446617,0.294194,0.334714,0.845690,0.887794,0.906445,0.758281,0.329414,0.598645,0.297199,0.215299,0.200219,0.335126,0.210451,0.029851
0.720914,0.629260,0.566771,0.444488,0.331988,0.157046,0.618350,0.461331,0.062860,0.012795,0.442484,0.419923,0.320350,0.296845,0.541754,0.483271,0.690968,0.634691,0.775532,0.854917,0.358823,0.193552,0.687989,0.289707,0.650236,0.599032,0.261595,0.189763,0.444194,0.640019,0.000000,1.370745,1.121518,0.996222,0.377624,0.567615,0.275936,0.437516,0.144768,0.270033,0.248359,0.444244,0.304732,0.350459,0.203046,0.290672,0.302183,0.360656,0.229405,0.118324,0.215867,0.092342,0.208532,0.285796,0.062997,0.162873,0.630629,0.510129,0.262329,0.127396,0.397181,0.064811,0.400346,0.335052,0.395792,0.246089,0.576039,0.453056,0.562651,0.704587,0.378500,0.543942,0.357721,0.481941,0.330817,0.316076,0.326712,0.295656,0.442100,0.430863,0.531190,0.534401,0.660990,0.579596,0.323339,0.230716,0.239697,0.202852,0.352047,0.234127
0.486073,0.541814,0.480210,0.505749,0.207008,0.162232,0.419000,0.541463,0.019851,0.045776,0.286356,0.349117,0.189355,0.349566,0.453476,0.390046,0.641490,0.557839,0.579431,0.668281,0.243786,0.114303,0.519845,0.361798,0.478765,0.481885,0.164870,0.007088,0.434243,0.682252,1.370745,0.000000,0.974268,1.001396,0.327785,0.487037,0.180380,0.378779,0.151031,0.258137,0.218805,0.416524,0.283955,0.292330,0.184906,0.241038,0.290102,0.305548,0.196707,0.093765,0.203077,0.052937,0.185928,0.194536,0.074335,0.151136,0.458846,0.446055,0.181235,0.069524,0.317300,0.088841,0.341945,0.338117,0.375740,0.189412,0.467987,0.409816,0.492354,0.524701,0.300199,0.446666,0.354395,0.513343,0.335633,0.349146,0.360528,0.305932,0.350037,0.424695,0.477545,0.411855,0.539065,0.538682,0.279864,0.171246,0.192508,0.163237,0.336121,0.121177
0.947270,0.992908,0.596347,0.588349,0.441552,0.276101,0.527629,0.639982,0.202103,0.118403,0.398736,0.373924,0.424289,0.402572,0.655825,0.578791,0.805976,0.638850,0.844774,1.036935,0.329598,0.264469,0.592068,0.402225,0.660034,0.622202,0.342286,0.211797,0.397271,0.567631,1.121518,0.974268,0.000000,1.629097,0.476859,0.697507,0.283489,0.428801,0.073869,0.337630,0.158478,0.319726,0.519584,0.560228,0.427898,0.524786,0.538538,0.610769,0.484832,0.367144,0.375601,0.276163,0.259999,0.421273,0.214930,0.361445,1.039308,0.772872,0.239260,0.166807,0.496971,0.108877,0.531691,0.344716,0.405639,0.225457,0.824138,0.693457,0.838932,0.922930,0.375784,0.473207,0.321653,0.423474,0.346323,0.227421,0.249787,0.239616,0.389357,0.311294,0.476961,0.377405,0.706908,0.519909,0.411649,0.332497,0.315473,0.241522,0.387838,0.282129
0.770404,1.002169,0.617960,0.659478,0.475130,0.346419,0.504348,0.793116,0.256879,0.174794,0.277222,0.393073,0.311148,0.412210,0.599396,0.555962,0.737320,0.645076,0.719895,0.965695,0.368039,0.263412,0.526246,0.387962,0.603941,0.633997,0.335930,0.145692,0.390799,0.628502,0.996222,1.001396,1.629097,0.000000,0.429403,0.716698,0.228498,0.448703,0.094605,0.369676,0.208732,0.331095,0.600909,0.604954,0.485693,0.584130,0.586067,0.654163,0.539384,0.424717,0.441003,0.296808,0.218915,0.374789,0.245621,0.387541,0.923817,0.815962,0.178884,0.162086,0.455742,0.170435,0.543451,0.440848,0.392900,0.228619,0.791274,0.789251,0.750751,0.812165,0.452597,0.526968,0.382132,0.535946,0.422976,0.317603,0.327702,0.270372,0.380735,0.333121,0.460978,0.353812,0.619985,0.479487,0.353907,0.303679,0.333512,0.254472,0.336856,0.217725
0.425946,0.363880,0.542905,0.557549,0.468617,0.221121,0.345178,0.399336,0.325045,0.177661,0.414126,0.359179,0.438875,0.552196,0.677217,0.605399,0.500202,0.145508,0.502095,0.548535,0.189293,0.101568,0.567764,0.510081,0.702676,0.859449,0.560519,0.391613,0.002436,0.057268,0.377624,0.327785,0.476859,0.429403,0.000000,0.778533,-0.013347,0.100516,-0.023666,0.135911,-0.024318,-0.060474,0.330822,0.355777,0.215585,0.283795,0.367780,0.476224,0.309428,0.265163,0.398446,0.328055,0.267944,0.400525,0.296831,0.339704,0.380178,0.300744,0.193953,0.145635,0.310164,0.052687,0.165684,-0.016603,0.454647,0.280487,0.981515,0.672276,0.589143,0.451431,0.352500,0.419472,0.021211,0.078483,0.256148,0.140210,0.384600,0.159995,-0.055393,-0.147465,0.048475,0.069240,0.422724,-0.053189,0.476144,0.345530,0.014802,0.119904,0.459566,0.335560
0.512727,0.458768,0.529788,0.590924,0.293290,0.287763,0.336534,0.463384,0.124010,0.137842,0.251763,0.193642,0.220176,0.365350,0.530685,0.602335,0.446723,0.276977,0.519466,0.585571,0.253053,0.158756,0.622256,0.595791,0.781201,1.011358,0.525955,0.351010,0.024405,0.152209,0.567615,0.487037,0.697507,0.716698,0.778533,0.000000,0.255882,0.494480,0.158560,0.409797,0.058765,0.245616,0.391850,0.402151,0.361175,0.403031,0.407858,0.493285,0.496842,0.316449,0.492442,0.381351,0.343753,0.542451,0.381226,0.417442,0.563410,0.351732,0.146616,0.138087,0.264157,0.032256,0.194230,0.020981,0.359396,0.572005,1.077580,0.874167,0.542226,0.530219,0.319644,0.432278,0.015519,0.141406,0.184427,0.139926,0.340637,0.232519,0.245916,0.106466,0.218036,0.197363,0.396652,0.201631,0.442981,0.403798,0.232754,0.088227,0.459301,0.392120
0.311981,0.123952,0.328234,0.205959,0.174937,0.257305,0.245426,0.084030,0.200382,0.262879,0.270374,0.121328,0.205308,0.189955,0.322390,0.291123,0.189036,0.215976,0.198666,0.156896,0.516925,0.326166,0.269753,0.176413,0.279754,0.322644,0.244762,0.408894,0.365369,0.152006,0.275936,0.180380,0.283489,0.228498,-0.013347,0.255882,0.000000,0.675109,0.232866,0.497654,0.482842,0.446478,0.218678,0.244369,0.188018,0.213055,0.240934,0.244867,0.175712,0.146635,0.275451,0.210442,0.502364,0.341654,0.328608,0.338362,0.278291,0.129137,0.085263,0.033065,0.121465,0.005429,0.175910,0.162214,0.197794,0.271050,0.257730,0.186682,0.121375,0.182852,0.370052,0.478589,0.424248,0.293867,0.246811,0.247436,0.346134,0.358343,0.212960,0.106536,0.209970,0.309335,0.177755,0.216616,0.393873,0.422464,0.423208,0.352271,0.216034,0.283265
0.319281,0.327200,0.299497,0.314555,0.222825,0.195495,0.146526,0.264103,0.178818,0.174715,0.288838,0.275699,0.236226,0.343416,0.412007,0.376437,0.396633,0.465038,0.363565,0.365587,0.430660,0.240476,0.323425,0.305306,0.408142,0.486167,0.348844,0.316036,0.421868,0.454048,0.437516,0.378779,0.428801,0.448703,0.100516,0.494480,0.675109,0.000000,0.444468,0.789876,0.480157,0.655135,0.311989,0.346818,0.284930,0.291169,0.320828,0.321552,0.225133,0.159958,0.245647,0.137997,0.411198,0.342001,0.366971,0.422702,0.325328,0.265861,-0.056434,-0.051319,0.087239,0.048266,0.138459,0.155441,0.380255,0.398834,0.339557,0.281586,0.164729,0.290729,0.344095,0.459507,0.415172,0.462969,0.324311,0.324651,0.319824,0.342471,0.443657,0.428803,0.480837,0.562314,0.067475,0.309373,0.579312,0.533302,0.380789,0.221078,0.336096,0.252639
-0.057816,-0.003752,0.103771,0.046866,0.056137,0.107018,0.000844,0.008233,0.131598,0.220944,0.183291,0.157055,0.133064,0.187280,0.198906,0.196404,0.243399,0.389360,0.010228,-0.040154,0.306527,0.230940,0.093143,0.044939,0.177891,0.249015,0.220806,0.143013,0.457390,0.318669,0.144768,0.151031,0.073869,0.094605,-0.023666,0.158560,0.232866,0.444468,0.000000,0.636956,0.541080,0.494866,0.251968,0.291967,0.301717,0.247059,0.262630,0.244021,0.189829,0.091903,0.300749,0.140032,0.282965,0.289573,0.397283,0.292459,0.029428,0.067069,0.031622,-0.093509,0.085258,0.032099,0.060342,0.106043,0.326344,0.391026,0.064801,0.056928,-0.137930,-0.003688,0.064928,0.106376,0.207543,0.152014,0.123586,0.181240,0.152103,0.101112,0.489624,0.674827,0.531803,0.548340,-0.131404,0.320559,0.515895,0.430272,0.443101,0.425168,0.441141,0.353762
0.166488,0.200721,0.297888,0.332914,0.316580,0.268319,0.066836,0.187059,0.305007,0.250793,0.204775,0.100313,0.255467,0.255355,0.340539,0.259054,0.386266,0.383853,0.165502,0.194025,0.512099,0.456617,0.216982,0.331262,0.475237,0.508234,0.364823,0.328249,0.469411,0.302288,0.270033,0.258137,0.337630,0.369676,0.135911,0.409797,0.497654,0.789876,0.636956,0.000000,0.415605,0.501751,0.354550,0.331169,0.391899,0.347793,0.379469,0.339117,0.320192,0.283768,0.426021,0.382864,0.384462,0.430184,0.645807,0.662053,0.282761,0.243156,-0.026828,-0.096064,0.081877,0.012952,0.156154,0.146973,0.268957,0.386738,0.328499,0.370383,0.046454,0.250609,0.240244,0.287506,0.387334,0.304353,0.215364,0.166671,0.260868,0.204467,0.450146,0.391719,0.278704,0.375191,-0.040448,0.187330,0.444026,0.498315,0.494476,0.405857,0.301210,0.269637
0.091827,0.093828,0.130357,-0.019640,0.067638,-0.059439,0.049064,0.014400,0.131034,0.034540,0.171281,0.211457,0.065405,0.191765,0.134630,0.135275,0.254459,0.373430,0.095432,0.074047,0.407425,0.236024,0.045378,-0.115353,0.135664,0.132753,0.096368,0.082772,0.619621,0.407624,0.248359,0.218805,0.158478,0.208732,-0.024318,0.058765,0.482842,0.480157,0.541080,0.415605,0.000000,0.758335,0.165745,0.200472,0.141344,0.121163,0.151863,0.167052,0.036914,0.055915,0.132365,0.046537,0.227744,0.065113,0.140669,0.188902,0.077515,0.113318,0.015097,-0.113266,0.077814,0.007812,0.158743,0.243814,0.307681,0.237768,0.056340,-0.001603,-0.070108,-0.026465,0.221624,0.357700,0.652395,0.656444,0.322921,0.444657,0.266661,0.236330,0.324354,0.339473,0.374034,0.497165,-0.060224,0.351537,0.361734,0.303438,0.328824,0.471054,0.117316,-0.012675
0.197070,0.243884,0.027672,-0.023847,0.074607,-0.092507,0.070226,0.079871,0.021896,-0.036255,0.248810,0.228899,0.121079,0.169350,0.212328,0.169062,0.302284,0.483770,0.220249,0.216381,0.387202,0.307148,0.087446,-0.061196,0.223066,0.172602,0.157195,0.119260,0.592297,0.556042,0.444244,0.416524,0.319726,0.331095,-0.060474,0.245616,0.446478,0.655135,0.494866,0.501751,0.758335,0.000000,0.221811,0.240094,0.223238,0.243030,0.211646,0.179730,0.182245,0.151386,0.164025,0.071008,0.301181,0.158189,0.145587,0.200636,0.203292,0.239815,0.092932,-0.006203,0.147688,0.096228,0.228671,0.301728,0.274074,0.310091,0.047963,0.078063,0.026190,0.176378,0.203396,0.329580,0.428184,0.661716,0.216574,0.282620,0.152213,0.175441,0.483509,0.564241,0.512529,0.544214,0.155730,0.588448,0.353278,0.290389,0.271622,0.265063,0.118544,0.013114
0.551830,0.704418,0.534023,0.488697,0.540973,0.547070,0.260809,0.393115,0.493963,0.442636,0.213011,0.197774,0.297568,0.262888,0.507538,0.500038,0.457928,0.472107,0.336613,0.423285,0.315239,0.266665,0.285015,0.239150,0.362258,0.497850,0.343632,0.184537,0.234338,0.251750,0.304732,0.283955,0.519584,0.600909,0.330822,0.391850,0.218678,0.311989,0.251968,0.354550,0.165745,0.221811,0.000000,1.787499,1.415369,1.513178,1.849296,1.489757,1.366631,1.094822,0.763878,0.538295,0.354346,0.531232,0.605866,0.722529,0.718125,0.793800,0.229858,0.219459,0.404637,0.000166,0.420429,0.177777,0.146596,0.028208,0.516645,0.752021,0.438426,0.603377,0.292573,0.312481,0.300204,0.241940,0.430529,0.344493,0.198023,0.162950,0.168431,0.261985,0.198520,0.144833,0.333560,0.232347,0.242755,0.203240,0.285844,0.375990,0.391657,0.240477
0.606768,0.755180,0.561703,0.478100,0.558872,0.533092,0.316539,0.386661,0.456528,0.431356,0.278956,0.254104,0.349375,0.299811,0.578597,0.542700,0.515177,0.499333,0.444618,0.501546,0.321095,0.262017,0.334440,0.233697,0.387153,0.516083,0.409528,0.235000,0.253063,0.296719,0.350459,0.292330,0.560228,0.604954,0.355777,0.402151,0.244369,0.346818,0.291967,0.331169,0.200472,0.240094,1.787499,0.000000,1.108470,1.506240,1.605429,1.757853,1.207981,1.051218,0.754203,0.576904,0.411303,0.630597,0.616812,0.732369,0.777845,0.827232,0.308762,0.290704,0.459874,0.008422,0.443769,0.178335,0.181966,0.024930,0.566463,0.753589,0.509762,0.685574,0.258012,0.319199,0.267656,0.234605,0.408626,0.317003,0.173057,0.150743,0.150652,0.256462,0.205481,0.152284,0.385254,0.294941,0.296713,0.231687,0.278204,0.412039,0.428975,0.289699
0.404052,0.568299,0.365613,0.329819,0.479708,0.396192,0.124646,0.296592,0.419044,0.374492,0.142350,0.068750,0.238656,0.162421,0.391077,0.343623,0.311178,0.440465,0.176779,0.264755,0.280892,0.261792,0.134218,0.165231,0.328721,0.347555,0.271914,0.105542,0.176482,0.184581,0.203046,0.184906,0.427898,0.485693,0.215585,0.361175,0.188018,0.284930,0.301717,0.391899,0.141344,0.223238,1.415369,1.108470,0.000000,1.628643,1.263661,0.971289,1.286395,0.900247,0.546599,0.372527,0.178474,0.353393,0.436247,0.514213,0.650711,0.726198,0.137561,0.124178,0.343067,-0.038460,0.420573,0.183004,0.138412,0.086502,0.396410,0.626988,0.281172,0.501612,0.195349,0.149938,0.151413,0.124577,0.306882,0.230057,0.140804,0.115179,0.224434,0.309549,0.232705,0.136650,0.248808,0.287874,0.260458,0.207045,0.399310,0.407805,0.392463,0.254932
0.558162,0.727951,0.448208,0.396658,0.549023,0.412692,0.243763,0.380724,0.442847,0.388372,0.236468,0.169403,0.321070,0.228668,0.519708,0.428166,0.362538,0.448271,0.332235,0.421725,0.344268,0.305922,0.232528,0.210291,0.397119,0.417256,0.373112,0.165255,0.174277,0.213056,0.290672,0.241038,0.524786,0.584130,0.283795,0.403031,0.213055,0.291169,0.247059,0.347793,0.121163,0.243030,1.513178,1.506240,1.628643,0.000000,1.312153,1.275972,1.447970,1.184113,0.656068,0.518737,0.259787,0.481207,0.476945,0.607742,0.816803,0.936516,0.256598,0.269534,0.458556,0.007854,0.518472,0.259722,0.119062,0.051403,0.477734,0.752698,0.410455,0.689720,0.220007,0.219720,0.164112,0.172190,0.353596,0.220799,0.139550,0.114132,0.176601,0.276552,0.199014,0.106229,0.396135,0.349711,0.274137,0.206789,0.397889,0.452940,0.417895,0.292824
0.564942,0.628286,0.579632,0.505347,0.520751,0.577032,0.341915,0.434754,0.503892,0.440458,0.276794,0.234078,0.412641,0.305609,0.554345,0.534560,0.483391,0.438114,0.352130,0.417851,0.284303,0.228564,0.299595,0.265307,0.369407,0.504468,0.351452,0.215176,0.246097,0.243515,0.302183,0.290102,0.538538,0.586067,0.367780,0.407858,0.240934,0.320828,0.262630,0.379469,0.151863,0.211646,1.849296,1.605429,1.263661,1.312153,0.000000,1.469391,1.333785,1.037507,0.749678,0.620631,0.398454,0.571914,0.675176,0.759653,0.680156,0.705769,0.310065,0.293895,0.444802,0.055663,0.395771,0.179330,0.168105,0.054361,0.585454,0.796869,0.435843,0.595790,0.304842,0.338250,0.254402,0.224210,0.399272,0.338990,0.219117,0.160198,0.118718,0.207818,0.150342,0.091372,0.360987,0.238423,0.264875,0.212809,0.272357,0.360835,0.427166,0.321473
0.664403,0.742702,0.672185,0.533031,0.606101,0.592510,0.394442,0.446748,0.545461,0.529293,0.283525,0.319315,0.399184,0.393144,0.667030,0.691306,0.558815,0.475795,0.466473,0.572818,0.350654,0.262963,0.402758,0.303707,0.434751,0.629522,0.438205,0.282606,0.250983,0.272303,0.360656,0.305548,0.610769,0.654163,0.476224,0.493285,0.244867,0.321552,0.244021,0.339117,0.167052,0.179730,1.489757,1.757853,0.971289,1.275972,1.469391,0.000000,1.226625,1.135438,0.858206,0.727094,0.471967,0.754631,0.672750,0.882429,0.830186,0.763442,0.313256,0.320367,0.480100,0.066097,0.431514,0.186792,0.233430,0.071825,0.681906,0.856996,0.602788,0.714114,0.287020,0.380234,0.296911,0.238389,0.429285,0.291823,0.266546,0.217146,0.141784,0.183879,0.186512,0.119640,0.467006,0.297587,0.318505,0.288500,0.257525,0.367621,0.435832,0.348209
0.612902,0.621481,0.524921,0.453539,0.518591,0.598236,0.371474,0.505570,0.512869,0.502427,0.276319,0.259305,0.368898,0.284736,0.488694,0.514999,0.298432,0.333884,0.277786,0.362630,0.270823,0.242953,0.260566,0.308236,0.376294,0.501955,0.356542,0.173628,0.126809,0.129625,0.229405,0.196707,0.484832,0.539384,0.309428,0.496842,0.175712,0.225133,0.189829,0.320192,0.036914,0.182245,1.366631,1.207981,1.286395,1.447970,1.333785,1.226625,0.000000,1.451732,0.894974,0.788904,0.387486,0.608740,0.613217,0.692507,0.808130,0.819436,0.460912,0.500375,0.623297,0.158655,0.481567,0.233574,0.066527,0.141781,0.566889,0.871602,0.412519,0.638977,0.191153,0.216452,0.133510,0.113482,0.321417,0.190711,0.142257,0.104207,0.116953,0.156799,0.073996,-0.057323,0.390931,0.254705,0.174380,0.122286,0.335707,0.336092,0.445486,0.360851
