0.000000,1.096108,0.615627,0.634676,0.404498,0.321611,0.573354,0.605927,0.334158,0.161543,0.694965,0.617355,0.461507,0.238499,0.426891,0.278225,0.544583,0.630862,1.186392,0.830427,0.243392,0.026429,0.416157,0.291779,0.376637,0.135316,0.345078,0.277329,0.402098,0.362750,0.291683,0.315435,0.551933,0.553718,0.009413,-0.050680,0.245301,0.031668,0.238848,0.231790,0.283681,0.077842,0.153548,0.242217,0.164989,0.313957,0.511262,0.439709,0.299825,0.246313,0.379566,0.443161,0.733972,0.700215,0.590423,0.511821,1.013388,0.999855,0.756507,0.391573,0.553575,0.269289,0.579518,0.420887,0.012019,0.063178,0.355905,0.285368,0.756723,0.583593,0.369016,0.587457,0.484726,0.377781,0.323712,0.490291,0.489377,0.473599,0.411941,0.554636,0.588636,0.651540,0.222427,0.176046,0.498770,0.400674,0.217642,0.096320,0.743450,0.837800
1.096108,0.000000,0.335285,0.576424,0.167609,0.121335,0.174026,0.410781,0.075317,0.068432,0.312176,0.326119,0.062920,0.145825,0.345125,0.162622,0.523907,0.864757,0.893558,1.004656,0.269346,0.218984,0.194866,0.253405,0.125991,0.028999,0.137566,0.138901,0.361078,0.515724,0.198563,0.234370,0.625731,0.641070,0.011564,0.044799,0.293195,0.157531,0.464421,0.373593,0.332784,0.244156,0.017307,0.147411,0.075901,0.226380,0.495540,0.412488,0.219112,0.132371,0.417963,0.419388,0.618213,0.679605,0.669677,0.539407,1.204954,1.562869,0.783609,0.486763,0.389096,0.223265,0.388272,0.491835,-0.080150,0.047317,0.335446,0.326318,1.088456,0.881220,0.131461,0.278599,0.301988,0.231955,0.252371,0.363987,0.401458,0.406977,0.383788,0.448579,0.720905,0.934502,0.389779,0.357185,0.549253,0.565101,0.525053,0.342848,0.618812,0.903589
0.615627,0.335285,0.000000,1.133176,0.701285,0.412190,1.151383,1.064081,0.624846,0.216777,0.456342,0.447932,0.341374,0.316486,0.354591,0.158072,0.183753,0.127567,0.745071,0.592693,0.250078,-0.048431,0.885746,0.591575,0.731672,0.288708,0.456657,0.278090,0.308786,0.203100,0.494794,0.532974,0.357834,0.405079,0.169819,0.175978,0.313418,0.189171,0.398361,0.322688,0.437955,0.194691,0.311264,0.385440,0.198994,0.279681,0.500940,0.367865,0.181631,0.213282,0.411181,0.329226,0.631446,0.681502,0.572194,0.396477,0.194133,0.241847,0.298554,0.072602,0.232535,0.034659,0.233284,0.141632,0.205893,0.181560,0.447150,0.319389,0.374975,0.301134,0.416145,0.667449,0.422559,0.411375,0.271303,0.470858,0.540438,0.601999,0.104979,0.264656,0.248623,0.228206,0.334552,0.022701,0.210608,0.263224,0.087812,-0.091677,1.026336,0.674694
0.634676,0.576424,1.133176,0.000000,0.518895,0.434082,0.772927,1.235165,0.515869,0.241986,0.431789,0.495558,0.243506,0.411246,0.599372,0.292731,0.282534,0.221110,0.785625,0.723826,0.462330,0.075485,0.634015,0.647142,0.537354,0.281613,0.307606,0.210216,0.395330,0.487395,0.549428,0.661442,0.580916,0.687961,0.099946,0.360336,0.319742,0.308171,0.553809,0.422876,0.520011,0.290594,0.365735,0.459567,0.306259,0.388630,0.694403,0.487185,0.320459,0.270850,0.623694,0.509698,0.802489,0.873666,0.840124,0.606319,0.395118,0.455216,0.545319,0.326974,0.311022,0.199940,0.258217,0.297359,0.165375,0.308906,0.627225,0.547905,0.679504,0.465089,0.519612,0.668490,0.488592,0.512748,0.433735,0.533134,0.696008,0.790391,0.238671,0.223169,0.431010,0.372550,0.444565,0.120184,0.356542,0.478001,0.223500,0.084570,0.983314,0.887660
0.404498,0.167609,0.701285,0.518895,0.000000,0.863110,0.717865,0.643164,0.792275,0.224560,0.319702,0.442479,0.216229,0.196011,0.483045,0.471828,0.297697,0.054461,0.530653,0.426128,0.236105,-0.216241,0.394195,0.136817,0.723406,0.376876,1.121144,0.586406,0.392786,0.060647,0.144091,0.170300,0.060734,0.166292,0.054479,0.164511,0.585554,0.153836,0.218463,0.195604,0.266471,0.153115,0.350538,0.461322,0.340066,0.434966,0.428666,0.362599,0.348980,0.296984,0.387192,0.376045,0.677104,0.499974,0.335434,0.585604,-0.022795,0.126697,0.368318,0.088938,0.289417,0.104402,0.288785,0.074584,0.167590,0.180640,0.417228,0.352964,0.192392,0.169840,0.288232,0.567603,0.111670,0.140636,-0.064941,0.299005,0.383857,0.424468,0.234677,0.373942,0.446041,0.158707,0.381392,0.161043,0.127673,0.165199,-0.115905,-0.020674,0.665369,0.654017
0.321611,0.121335,0.412190,0.434082,0.863110,0.000000,0.473606,0.506277,0.517794,0.160405,0.328907,0.391696,0.218814,0.122351,0.415592,0.722365,0.227851,0.005187,0.351117,0.265685,0.501923,0.128180,0.241987,0.135795,0.670727,0.687819,0.752121,0.935357,0.322812,0.166035,0.188558,0.177217,0.028634,0.128378,-0.054440,0.127300,0.293928,0.179371,0.225691,0.355196,0.248417,0.206484,0.557438,0.617467,0.417457,0.433345,0.464690,0.420335,0.461305,0.443687,0.328199,0.448047,0.498099,0.486839,0.343448,0.542576,-0.079157,0.047691,0.199902,0.025946,0.126686,0.077209,0.168478,0.056085,-0.062576,0.146775,0.204322,0.281181,0.186737,0.113636,0.308271,0.486391,0.125647,0.211141,0.067696,0.251567,0.410632,0.453687,0.189055,0.254252,0.310499,0.060829,0.301285,0.140832,0.080600,0.115946,-0.115663,0.055414,0.457286,0.464537
0.573354,0.174026,1.151383,0.772927,0.717865,0.473606,0.000000,1.113734,0.750929,0.122496,0.878459,0.755528,0.584519,0.338771,0.399372,0.218390,0.240208,0.064321,0.662364,0.408919,0.206063,-0.174341,0.667490,0.317348,0.595887,0.228850,0.540562,0.313303,0.372807,0.212841,0.314895,0.407084,0.340801,0.405412,0.188610,0.213076,0.298391,0.158290,0.250389,0.235459,0.469449,0.132694,0.482885,0.510134,0.350306,0.411138,0.552232,0.424525,0.349720,0.350054,0.415052,0.329087,0.554758,0.576897,0.472784,0.426484,0.118846,0.111073,0.365410,0.121465,0.492418,0.267306,0.335718,0.173315,0.317981,0.306849,0.497380,0.333027,0.203715,0.146856,0.555233,0.695259,0.601241,0.576429,0.398639,0.591360,0.639472,0.641991,0.150822,0.327152,0.210318,0.133342,0.132407,-0.146587,0.256206,0.120222,-0.193775,-0.275454,0.786763,0.437610
0.605927,0.410781,1.064081,1.235165,0.643164,0.506277,1.113734,0.000000,0.639093,0.300308,0.587308,0.881673,0.396640,0.548617,0.551103,0.338051,0.366340,0.268701,0.751386,0.639827,0.397331,-0.016973,0.651357,0.572441,0.509098,0.243525,0.388969,0.250092,0.572289,0.585535,0.454901,0.664645,0.627649,0.783444,0.161641,0.387007,0.355422,0.338565,0.519489,0.440221,0.660986,0.333332,0.457672,0.544801,0.384377,0.488767,0.778691,0.580792,0.399212,0.352620,0.645909,0.540762,0.732633,0.842785,0.843706,0.654262,0.293864,0.356223,0.646605,0.432808,0.539428,0.508664,0.419889,0.487573,0.279413,0.526076,0.739681,0.650125,0.455536,0.379906,0.525315,0.670385,0.635537,0.641815,0.437615,0.617514,0.755181,0.863656,0.290991,0.416694,0.483965,0.439174,0.419056,0.111931,0.462143,0.486660,0.131996,0.060989,0.948544,0.743168
0.334158,0.075317,0.624846,0.515869,0.792275,0.517794,0.750929,0.639093,0.000000,0.373911,0.581793,0.548304,0.323064,0.290119,0.473691,0.363035,0.209099,0.004305,0.438560,0.247129,0.347525,-0.072282,0.398916,0.143592,0.423877,0.215001,0.457153,0.364304,0.333060,0.169654,0.311778,0.328585,0.247580,0.250555,-0.006772,0.184601,0.258047,0.251818,0.219421,0.160003,0.388929,0.191834,0.290704,0.331552,0.306383,0.315642,0.349780,0.288442,0.263507,0.209316,0.340307,0.239306,0.387405,0.385783,0.317479,0.345767,0.041873,0.089837,0.384747,0.116812,0.428550,0.151448,0.281291,0.068368,0.241134,0.254344,0.409502,0.285307,0.141033,0.027275,0.566887,0.737756,0.424168,0.369330,0.188098,0.406936,0.489339,0.471532,0.204830,0.314684,0.260889,0.071529,0.156132,0.017438,0.158507,0.179289,-0.182837,-0.118925,0.504559,0.354220
0.161543,0.068432,0.216777,0.241986,0.224560,0.160405,0.122496,0.300308,0.373911,0.000000,0.102590,0.203847,0.143356,0.230411,0.180464,0.043928,0.011751,0.026930,0.146819,0.112485,0.137634,0.034527,0.205785,0.151287,0.165729,-0.085452,-0.040692,-0.030782,0.096880,0.129512,0.187748,0.229279,0.144634,0.179439,-0.097118,-0.044638,-0.059216,0.080852,0.091606,0.078767,0.039115,0.063392,-0.154655,-0.101816,-0.077955,-0.027583,0.041547,0.013844,-0.112650,-0.124359,0.007733,-0.018570,0.092960,0.145420,0.135051,0.030249,0.126647,0.209400,0.218782,0.067573,0.250603,0.133351,0.150534,0.146794,0.085811,-0.006425,0.095331,0.059615,0.041784,0.013445,0.132245,0.308496,0.094239,0.145463,0.017566,0.051968,0.038354,0.067466,0.077421,0.118500,0.154083,0.117218,0.155306,0.111598,0.188445,0.247325,0.167302,0.125475,0.195533,0.232528
0.694965,0.312176,0.456342,0.431789,0.319702,0.328907,0.878459,0.587308,0.581793,0.102590,0.000000,0.942603,0.835211,0.397012,0.500934,0.305308,0.413035,0.324955,0.624984,0.324014,0.363201,0.035979,0.334864,0.082409,0.329788,0.161460,0.263253,0.258725,0.449131,0.442768,0.368558,0.375020,0.496893,0.445102,0.119240,0.111387,0.090251,0.057604,0.173141,0.141665,0.304724,0.068882,0.313356,0.294198,0.217857,0.268281,0.409127,0.408772,0.300012,0.282813,0.285215,0.248998,0.357789,0.473426,0.390748,0.327789,0.344209,0.283997,0.467645,0.182211,0.768130,0.330271,0.483759,0.291892,0.175194,0.170575,0.277123,0.164127,0.292828,0.136537,0.742765,0.729133,0.883839,0.718623,0.674373,0.756086,0.729437,0.604328,0.263978,0.397212,0.242695,0.243719,-0.044687,-0.124888,0.342944,0.122095,-0.114672,-0.121668,0.452570,0.278421
0.617355,0.326119,0.447932,0.495558,0.442479,0.391696,0.755528,0.881673,0.548304,0.203847,0.942603,0.000000,0.683817,0.707390,0.523084,0.474995,0.552243,0.504169,0.518631,0.349620,0.405991,0.046438,0.437363,0.329090,0.340802,0.250687,0.280684,0.292308,0.470528,0.563851,0.406034,0.568772,0.668893,0.700766,0.207535,0.229841,0.122799,0.013051,0.140038,0.092989,0.272563,0.022883,0.289360,0.331870,0.299202,0.418873,0.486178,0.540485,0.425684,0.408420,0.365076,0.429082,0.426981,0.462324,0.451341,0.438625,0.367019,0.353230,0.585373,0.470539,0.941304,0.809115,0.683937,0.636285,0.359862,0.579851,0.526645,0.480670,0.271868,0.217661,0.635152,0.636585,0.754193,0.679197,0.556612,0.739237,0.643644,0.623305,0.356228,0.654523,0.354481,0.429619,-0.004808,-0.023607,0.361672,0.286679,-0.033691,0.066931,0.442338,0.343938
0.461507,0.062920,0.341374,0.243506,0.216229,0.218814,0.584519,0.396640,0.323064,0.143356,0.835211,0.683817,0.000000,0.673424,0.535082,0.290455,0.351658,0.251243,0.358585,0.092105,0.188596,-0.120541,0.575861,0.349387,0.419832,0.229917,0.209170,0.209407,0.476381,0.349514,0.477211,0.490630,0.277923,0.251272,0.193891,0.041292,0.083036,-0.033904,-0.077045,-0.044821,0.137162,-0.032548,0.276634,0.258934,0.237913,0.281736,0.221108,0.235455,0.301590,0.364966,0.138465,0.289559,0.281288,0.246619,0.174429,0.266990,0.103819,0.024338,0.104572,0.012479,0.335710,0.191320,0.437272,0.174627,0.330493,0.184326,0.137375,0.112525,0.068228,-0.036751,0.575697,0.497065,0.601128,0.604228,0.420023,0.480727,0.411151,0.402473,0.319577,0.444332,0.190589,0.169632,0.028498,-0.008017,0.322857,0.209786,-0.131839,-0.079674,0.193153,0.168589
0.238499,0.145825,0.316486,0.411246,0.196011,0.122351,0.338771,0.548617,0.290119,0.230411,0.397012,0.707390,0.673424,0.000000,0.593556,0.347232,0.333566,0.373110,0.256419,0.222575,0.356992,0.102740,0.391682,0.436425,0.270000,0.086353,0.113530,0.166960,0.482243,0.628310,0.453599,0.615408,0.517508,0.567269,0.174074,0.168180,0.088067,0.086476,0.204237,0.118104,0.274577,0.156264,0.077573,0.125645,0.187682,0.274924,0.232281,0.213625,0.198729,0.247209,0.244952,0.344737,0.243946,0.267738,0.315855,0.361506,0.100956,0.115547,0.231176,0.222255,0.308135,0.337954,0.381614,0.477461,0.268119,0.335320,0.356200,0.404262,0.204270,0.131108,0.433231,0.351512,0.512800,0.599031,0.412031,0.469706,0.359922,0.407348,0.270883,0.482829,0.299124,0.401544,0.184961,0.197374,0.291432,0.480522,0.142032,0.363056,0.274295,0.307155
0.426891,0.345125,0.354591,0.599372,0.483045,0.415592,0.399372,0.551103,0.473691,0.180464,0.500934,0.523084,0.535082,0.593556,0.000000,0.770556,0.316967,0.211475,0.486513,0.346367,0.607327,0.097320,0.490092,0.435791,0.401398,0.297403,0.407144,0.327167,0.505379,0.574076,0.487526,0.548657,0.374464,0.337370,0.099198,0.369467,0.315656,0.285205,0.420890,0.221272,0.370073,0.279466,0.280196,0.356099,0.272382,0.301836,0.500420,0.450754,0.344734,0.259106,0.362610,0.414998,0.532489,0.643949,0.565879,0.545571,0.278963,0.262987,0.400559,0.134236,0.332114,0.156110,0.177376,0.130474,0.238317,0.243246,0.320589,0.301346,0.400464,0.256286,0.635308,0.714638,0.416724,0.489634,0.382974,0.529665,0.574457,0.561161,0.344320,0.326480,0.436935,0.338588,0.474372,0.283353,0.420800,0.462581,0.192841,0.232622,0.475902,0.623246
0.278225,0.162622,0.158072,0.292731,0.471828,0.722365,0.218390,0.338051,0.363035,0.043928,0.305308,0.474995,0.290455,0.347232,0.770556,0.000000,0.241200,0.111673,0.286679,0.158442,0.647205,0.262908,0.312612,0.314884,0.473768,0.652488,0.564474,0.742934,0.319902,0.359933,0.377932,0.336909,0.131168,0.106026,0.048419,0.182044,0.099174,0.216000,0.162025,0.202798,0.211073,0.226142,0.340038,0.377593,0.247955,0.285636,0.313032,0.262544,0.329269,0.345198,0.196874,0.328490,0.271570,0.355321,0.274651,0.339916,0.079804,0.072388,0.119220,0.001996,0.143996,0.145828,0.073162,0.061838,0.136507,0.202385,0.085612,0.124130,0.197492,0.019228,0.492280,0.492006,0.212198,0.297943,0.203195,0.319077,0.355047,0.400658,0.282952,0.317670,0.338890,0.193886,0.338264,0.363502,0.266240,0.306035,0.123547,0.294687,0.240087,0.364247
0.544583,0.523907,0.183753,0.282534,0.297697,0.227851,0.240208,0.366340,0.209099,0.011751,0.413035,0.552243,0.351658,0.333566,0.316967,0.241200,0.000000,0.981476,0.486782,0.508839,0.263249,-0.030508,0.116028,0.100748,0.132546,0.156001,0.224193,0.227868,0.866700,0.763306,0.268800,0.316787,0.606295,0.701899,0.146651,0.144920,0.438970,0.074625,0.138130,0.104827,0.182320,0.037253,0.280630,0.375493,0.501842,0.683626,0.462064,0.549592,0.662605,0.607726,0.630913,0.833340,0.605050,0.404551,0.433314,0.623665,0.403968,0.476842,0.461517,0.504384,0.472621,0.359778,1.022278,0.669560,0.263176,0.445261,0.451681,0.567290,0.474455,0.391824,0.192653,0.217553,0.532836,0.339409,0.104302,0.436353,0.498964,0.517727,0.880858,0.924698,0.863981,0.875879,0.186411,0.304812,0.376751,0.490583,0.133080,0.316741,0.237956,0.418168
0.630862,0.864757,0.127567,0.221110,0.054461,0.005187,0.064321,0.268701,0.004305,0.026930,0.324955,0.504169,0.251243,0.373110,0.211475,0.111673,0.981476,0.000000,0.485702,0.573886,0.179721,0.172447,0.141834,0.171252,0.034120,0.061814,0.011076,0.070895,0.539873,0.704379,0.255169,0.305577,0.678222,0.674374,0.171964,0.039677,0.214443,-0.013288,0.243113,0.105069,0.144919,0.075696,-0.059283,0.029924,0.104281,0.277623,0.314964,0.382903,0.250078,0.228655,0.337917,0.454809,0.348275,0.341228,0.424185,0.365303,0.670281,0.820326,0.505144,0.519948,0.477467,0.386747,0.705790,0.793123,0.141563,0.277412,0.287976,0.365545,0.551206,0.568225,0.038436,0.127395,0.452465,0.301686,0.237798,0.380862,0.346984,0.344053,0.511699,0.822226,0.642579,1.163004,0.182337,0.310826,0.457355,0.509835,0.442931,0.402132,0.259784,0.436391
1.186392,0.893558,0.745071,0.785625,0.530653,0.351117,0.662364,0.751386,0.438560,0.146819,0.624984,0.518631,0.358585,0.256419,0.486513,0.286679,0.486782,0.485702,0.000000,1.297996,0.201111,-0.006398,0.492100,0.336505,0.424173,0.088118,0.456854,0.265947,0.590610,0.467000,0.310240,0.333724,0.601987,0.616802,0.146200,0.147888,0.409360,0.226977,0.389738,0.344666,0.446694,0.264230,0.300671,0.411939,0.291269,0.425806,0.660125,0.485307,0.379579,0.314202,0.576806,0.509999,0.840818,0.867775,0.755004,0.633078,0.612491,0.745425,0.716225,0.325049,0.437991,0.216448,0.516500,0.378374,0.083499,0.104919,0.492919,0.385417,1.012895,0.651321,0.301025,0.557492,0.476390,0.446574,0.228170,0.509132,0.668227,0.679276,0.441769,0.556165,0.760809,0.686388,0.431434,0.220337,0.597767,0.485006,0.259129,0.096096,0.903763,0.922540
0.830427,1.004656,0.592693,0.723826,0.426128,0.265685,0.408919,0.639827,0.247129,0.112485,0.324014,0.349620,0.092105,0.222575,0.346367,0.158442,0.508839,0.573886,1.297996,0.000000,0.193852,0.078258,0.271505,0.264227,0.239017,0.017861,0.335606,0.144196,0.558521,0.498567,0.207444,0.277425,0.662098,0.796364,0.081139,0.119153,0.442586,0.118143,0.448255,0.322185,0.356147,0.230694,0.167860,0.294898,0.220232,0.381365,0.609410,0.490177,0.288195,0.216071,0.610756,0.502737,0.756819,0.744842,0.732137,0.593693,0.572468,0.917709,0.771974,0.453949,0.395569,0.279541,0.543452,0.563784,-0.034033,0.100998,0.576344,0.535213,1.149643,0.943862,0.103531,0.308986,0.319114,0.330404,0.118695,0.388102,0.553874,0.575194,0.302613,0.463816,0.806142,0.833382,0.458442,0.246044,0.466152,0.486848,0.353786,0.206174,0.760855,0.896460
0.243392,0.269346,0.250078,0.462330,0.236105,0.501923,0.206063,0.397331,0.347525,0.137634,0.363201,0.405991,0.188596,0.356992,0.607327,0.647205,0.263249,0.179721,0.201111,0.193852,0.000000,0.456709,0.247232,0.319650,0.283899,0.471973,0.177257,0.461790,0.344146,0.566254,0.604986,0.530556,0.381792,0.334177,-0.037481,0.236175,0.055110,0.338987,0.460291,0.313985,0.341567,0.241344,0.299598,0.332486,0.263054,0.286976,0.409060,0.368224,0.274916,0.295752,0.333274,0.341607,0.231331,0.414096,0.432758,0.268144,0.222334,0.196911,0.181790,0.057837,0.224478,0.067023,0.154493,0.160594,0.086267,0.252912,0.208342,0.232315,0.250161,0.118636,0.656100,0.602128,0.360857,0.362716,0.369160,0.297693,0.465982,0.442072,0.257058,0.254497,0.237562,0.257699,0.240963,0.240063,0.256995,0.393564,0.211742,0.279760,0.352583,0.327477
0.026429,0.218984,-0.048431,0.075485,-0.216241,0.128180,-0.174341,-0.016973,-0.072282,0.034527,0.035979,0.046438,-0.120541,0.102740,0.097320,0.262908,-0.030508,0.172447,-0.006398,0.078258,0.456709,0.000000,0.104208,0.285985,0.062624,0.331963,-0.198232,0.336128,0.033359,0.271618,0.299223,0.222113,0.196523,0.082037,-0.058353,-0.045786,-0.231508,0.165636,0.332032,0.348036,0.097273,0.368631,-0.121111,-0.100802,-0.245739,-0.238896,-0.019872,-0.051644,-0.152921,-0.142330,-0.114526,-0.088587,-0.217646,0.063459,0.026242,-0.149605,0.221505,0.177469,0.007795,-0.030724,-0.002031,-0.004906,-0.186333,0.039314,-0.190033,-0.139637,-0.224780,-0.201980,0.148886,0.121312,0.048161,0.063178,0.081144,0.086650,0.132646,-0.041144,0.012436,0.001535,-0.083966,-0.032722,-0.002193,0.135683,0.186678,0.226687,0.058814,0.075715,0.497755,0.464831,-0.017222,-0.025550
0.416157,0.194866,0.885746,0.634015,0.394195,0.241987,0.667490,0.651357,0.398916,0.205785,0.334864,0.437363,0.575861,0.391682,0.490092,0.312612,0.116028,0.141834,0.492100,0.271505,0.247232,0.104208,0.000000,1.304652,0.788098,0.535630,0.279325,0.295634,0.235168,0.186111,0.858743,0.869336,0.295121,0.220633,0.378683,0.221097,0.087972,0.200115,0.188450,0.109752,0.287581,0.201417,0.186484,0.253160,0.101630,0.155059,0.255466,0.168577,0.108749,0.207087,0.134123,0.197786,0.303081,0.430514,0.301344,0.167601,0.191232,0.102063,0.043242,-0.069362,0.148877,0.048668,0.126421,-0.000687,0.564513,0.274299,0.233308,0.099715,0.166840,0.062657,0.418887,0.627920,0.333572,0.348155,0.214128,0.327241,0.324305,0.390422,0.200571,0.295925,0.154134,0.190409,0.418105,0.187578,0.370037,0.340857,0.294296,0.051647,0.440253,0.378621
0.291779,0.253405,0.591575,0.647142,0.136817,0.135795,0.317348,0.572441,0.143592,0.151287,0.082409,0.329090,0.349387,0.436425,0.435791,0.314884,0.100748,0.171252,0.336505,0.264227,0.319650,0.285985,1.304652,0.000000,0.549081,0.548823,0.031382,0.171127,0.169527,0.316813,0.921031,1.050112,0.367017,0.310297,0.303562,0.277967,-0.014315,0.190483,0.219205,0.142380,0.253053,0.225830,0.108803,0.178230,0.072065,0.113502,0.228301,0.163140,0.077190,0.164330,0.124888,0.228083,0.224579,0.371527,0.330475,0.162129,0.260611,0.150220,0.050790,0.070799,0.041458,0.132544,0.061460,0.116072,0.408762,0.346222,0.242535,0.203917,0.229521,0.158228,0.355329,0.415861,0.257702,0.294387,0.214640,0.217044,0.241275,0.334511,0.155154,0.198288,0.145222,0.248218,0.451650,0.250988,0.333100,0.454064,0.470684,0.240858,0.298681,0.346675
0.376637,0.125991,0.731672,0.537354,0.723406,0.670727,0.595887,0.509098,0.423877,0.165729,0.329788,0.340802,0.419832,0.270000,0.401398,0.473768,0.132546,0.034120,0.424173,0.239017,0.283899,0.062624,0.788098,0.549081,0.000000,0.825797,0.682294,0.620501,0.236476,0.074412,0.605899,0.490726,0.066208,0.080238,0.328267,0.215719,0.264885,0.153399,0.162752,0.182046,0.145924,0.123098,0.407985,0.468228,0.268036,0.291717,0.295767,0.245916,0.290409,0.376996,0.188637,0.346506,0.453472,0.476464,0.232514,0.374041,0.006447,-0.010399,0.037751,-0.093163,0.032218,-0.065797,0.084812,-0.096231,0.238748,0.129854,0.192045,0.138817,0.127471,0.020119,0.378685,0.541582,0.174648,0.219993,0.061161,0.279051,0.355024,0.453702,0.127158,0.213790,0.194044,0.072845,0.358353,0.203777,0.129979,0.147649,0.147681,0.115746,0.449568,0.432919
0.135316,0.028999,0.288708,0.281613,0.376876,0.687819,0.228850,0.243525,0.215001,-0.085452,0.161460,0.250687,0.229917,0.086353,0.297403,0.652488,0.156001,0.061814,0.088118,0.017861,0.471973,0.331963,0.535630,0.548823,0.825797,0.000000,0.409999,0.600089,0.108691,0.064060,0.649523,0.496955,0.028195,-0.020136,0.283139,0.255791,0.086152,0.002400,0.040910,0.027360,-0.034381,0.024023,0.354526,0.337796,0.174326,0.148742,0.182234,0.236368,0.203138,0.301287,0.066084,0.192824,0.169616,0.259358,0.102442,0.164780,-0.067804,-0.105750,-0.166256,-0.138167,-0.035633,-0.026259,-0.036627,-0.178179,0.222739,0.255426,0.020588,0.047173,0.019702,-0.026694,0.305273,0.355192,0.123513,0.109430,0.100536,0.191519,0.303546,0.338905,0.017125,0.114022,0.019697,-0.037978,0.227606,0.101208,-0.017972,0.018025,0.093594,0.082440,0.084253,0.134384
0.345078,0.137566,0.456657,0.307606,1.121144,0.752121,0.540562,0.388969,0.457153,-0.040692,0.263253,0.280684,0.209170,0.113530,0.407144,0.564474,0.224193,0.011076,0.456854,0.335606,0.177257,-0.198232,0.279325,0.031382,0.682294,0.409999,0.000000,0.762844,0.381506,-0.008013,0.069391,-0.008156,-0.108619,-0.016452,0.073622,0.093382,0.627816,0.182026,0.137872,0.205779,0.254032,0.185098,0.411277,0.507505,0.301220,0.393249,0.320676,0.221894,0.359533,0.333467,0.345286,0.355808,0.615784,0.356460,0.213012,0.594292,-0.116637,0.021375,0.178721,-0.052072,0.062540,-0.030548,0.150631,-0.063747,0.098529,0.051524,0.169664,0.150046,0.164818,0.100832,0.222881,0.394268,0.069153,0.136225,-0.047216,0.227610,0.303829,0.364259,0.247359,0.324258,0.447916,0.109525,0.441780,0.236162,0.165981,0.099605,-0.113759,0.012124,0.477329,0.553186
0.277329,0.138901,0.278090,0.210216,0.586406,0.935357,0.313303,0.250092,0.364304,-0.030782,0.258725,0.292308,0.209407,0.166960,0.327167,0.742934,0.227868,0.070895,0.265947,0.144196,0.461790,0.336128,0.295634,0.171127,0.620501,0.600089,0.762844,0.000000,0.317589,0.156591,0.237028,0.124490,0.009758,0.029416,-0.062289,-0.054517,0.232372,0.285130,0.149206,0.411930,0.279848,0.309052,0.367754,0.493502,0.311069,0.353740,0.191629,0.145893,0.377589,0.426083,0.139838,0.333530,0.321367,0.241837,0.075278,0.414380,-0.003778,0.008683,0.066139,-0.054751,0.014993,-0.034394,0.093448,-0.001877,0.008720,-0.006640,-0.021039,0.027858,0.098816,-0.022399,0.267552,0.357149,0.091018,0.127848,-0.028570,0.111973,0.203041,0.268536,0.354029,0.355417,0.381166,0.147045,0.346846,0.390039,0.105325,0.135540,0.016844,0.308730,0.230689,0.307766
0.402098,0.361078,0.308786,0.395330,0.392786,0.322812,0.372807,0.572289,0.333060,0.096880,0.449131,0.470528,0.476381,0.482243,0.505379,0.319902,0.866700,0.539873,0.590610,0.558521,0.344146,0.033359,0.235168,0.169527,0.236476,0.108691,0.381506,0.317589,0.000000,0.999250,0.388308,0.366938,0.580623,0.664802,0.148026,0.256926,0.593828,0.487102,0.416054,0.451629,0.549900,0.476392,0.455583,0.540588,0.480119,0.627282,0.563474,0.391667,0.559381,0.494679,0.806355,0.761011,0.606234,0.478558,0.546000,0.743776,0.165272,0.288880,0.473529,0.400344,0.359492,0.285296,0.661931,0.523660,0.245294,0.378605,0.449436,0.494344,0.451801,0.281519,0.306006,0.321548,0.631869,0.570935,0.183540,0.414107,0.681868,0.753418,0.841899,0.841723,1.059897,0.776953,0.612300,0.536155,0.629525,0.669782,0.220823,0.375445,0.400351,0.533346
0.362750,0.515724,0.203100,0.487395,0.060647,0.166035,0.212841,0.585535,0.169654,0.129512,0.442768,0.563851,0.349514,0.628310,0.574076,0.359933,0.763306,0.704379,0.467000,0.498567,0.566254,0.271618,0.186111,0.316813,0.074412,0.064060,-0.008013,0.156591,0.999250,0.000000,0.499383,0.579323,0.929217,0.960794,0.168996,0.386514,0.266773,0.447446,0.563890,0.464716,0.520675,0.399109,0.336656,0.406970,0.431547,0.500519,0.650323,0.557609,0.503455,0.430578,0.685333,0.696859,0.459037,0.630668,0.795771,0.602345,0.391062,0.456073,0.521233,0.539749,0.435921,0.406345,0.513210,0.717818,0.177489,0.456777,0.485020,0.575567,0.607297,0.415641,0.388560,0.296017,0.751088,0.689529,0.488057,0.536629,0.723261,0.761282,0.698442,0.633464,0.774836,0.922809,0.414777,0.408982,0.656861,0.839155,0.413149,0.499982,0.395236,0.503843
0.291683,0.198563,0.494794,0.549428,0.144091,0.188558,0.314895,0.454901,0.311778,0.187748,0.368558,0.406034,0.477211,0.453599,0.487526,0.377932,0.268800,0.255169,0.310240,0.207444,0.604986,0.299223,0.858743,0.921031,0.605899,0.649523,0.069391,0.237028,0.388308,0.499383,0.000000,1.454334,0.545068,0.418578,0.349617,0.333203,0.016763,0.149163,0.129215,0.059312,0.186342,0.105746,0.272049,0.288308,0.209050,0.230799,0.252364,0.255082,0.213539,0.311106,0.217263,0.303663,0.262174,0.381835,0.311465,0.200611,0.196137,0.115208,0.019029,0.034828,0.188976,0.070973,0.195122,0.109931,0.406935,0.322304,0.256107,0.211027,0.232596,0.073706,0.698673,0.672395,0.519751,0.508272,0.410557,0.458259,0.542710,0.592036,0.267710,0.309534,0.187478,0.234514,0.278122,0.161392,0.238164,0.344411,0.282749,0.177426,0.211358,0.251158
0.315435,0.234370,0.532974,0.661442,0.170300,0.177217,0.407084,0.664645,0.328585,0.229279,0.375020,0.568772,0.490630,0.615408,0.548657,0.336909,0.316787,0.305577,0.333724,0.277425,0.530556,0.222113,0.869336,1.050112,0.490726,0.496955,-0.008156,0.124490,0.366938,0.579323,1.454334,0.000000,0.693513,0.609008,0.354280,0.400627,0.019679,0.096430,0.133434,0.035618,0.247745,0.075114,0.245215,0.284490,0.283483,0.318418,0.329315,0.359096,0.261322,0.344678,0.241747,0.355338,0.315912,0.433781,0.395967,0.284830,0.279853,0.184710,0.165403,0.170978,0.319401,0.283593,0.305504,0.289323,0.440592,0.477155,0.449869,0.423955,0.260907,0.161941,0.689405,0.653277,0.555178,0.549535,0.440425,0.494874,0.523052,0.586385,0.255123,0.347106,0.210053,0.301324,0.246380,0.107935,0.264671,0.407631,0.252859,0.194580,0.270590,0.302426
0.551933,0.625731,0.357834,0.580916,0.060734,0.028634,0.340801,0.627649,0.247580,0.144634,0.496893,0.668893,0.277923,0.517508,0.374464,0.131168,0.606295,0.678222,0.601987,0.662098,0.381792,0.196523,0.295121,0.367017,0.066208,0.028195,-0.108619,0.009758,0.580623,0.929217,0.545068,0.693513,0.000000,1.620752,0.324773,0.439104,0.165795,0.149291,0.323250,0.219715,0.277426,0.125045,0.225694,0.273977,0.396408,0.444496,0.581209,0.609168,0.423573,0.355965,0.588355,0.499319,0.422321,0.575000,0.695422,0.419457,0.595972,0.643119,0.712700,0.784162,0.808234,0.647552,0.645486,0.843696,0.329954,0.599008,0.889912,0.780122,0.709992,0.555707,0.360636,0.330135,0.681629,0.571837,0.525447,0.574352,0.799129,0.751409,0.460887,0.533559,0.555144,0.809173,0.162267,0.126618,0.511160,0.557504,0.322401,0.281284,0.375748,0.375483
0.553718,0.641070,0.405079,0.687961,0.166292,0.128378,0.405412,0.783444,0.250555,0.179439,0.445102,0.700766,0.251272,0.567269,0.337370,0.106026,0.701899,0.674374,0.616802,0.796364,0.334177,0.082037,0.220633,0.310297,0.080238,-0.020136,-0.016452,0.029416,0.664802,0.960794,0.418578,0.609008,1.620752,0.000000,0.219875,0.368749,0.236506,0.137299,0.329512,0.251202,0.327960,0.132688,0.266612,0.332637,0.460172,0.571820,0.623167,0.601795,0.512352,0.427650,0.727623,0.656902,0.557017,0.581369,0.721713,0.575451,0.540700,0.671145,0.833818,0.911583,0.785648,0.745962,0.789063,1.071331,0.263244,0.601998,0.998288,0.972169,0.735986,0.586321,0.335843,0.306508,0.652861,0.616265,0.459814,0.566451,0.743925,0.770345,0.502199,0.594527,0.686789,0.880252,0.186815,0.145638,0.482974,0.626855,0.240527,0.283337,0.440475,0.498250
0.009413,0.011564,0.169819,0.099946,0.054479,-0.054440,0.188610,0.161641,-0.006772,-0.097118,0.119240,0.207535,0.193891,0.174074,0.099198,0.048419,0.146651,0.171964,0.146200,0.081139,-0.037481,-0.058353,0.378683,0.303562,0.328267,0.283139,0.073622,-0.062289,0.148026,0.168996,0.349617,0.354280,0.324773,0.219875,0.000000,0.885274,0.211734,0.079161,0.113441,-0.009434,-0.052202,-0.100335,0.371664,0.324268,0.354004,0.283611,0.333631,0.372903,0.332284,0.357846,0.271294,0.261773,0.155861,0.282838,0.238794,0.216725,-0.068460,-0.070379,-0.058470,0.033171,0.140514,0.221172,0.031473,0.025098,0.671797,0.495212,0.403371,0.295435,0.116358,0.118322,0.061313,0.025061,0.215246,0.260931,0.221193,0.412009,0.444402,0.473699,0.079699,0.150073,0.042925,0.150446,0.100517,-0.013553,0.329297,0.103104,0.162586,0.078410,0.049824,0.053327
-0.050680,0.044799,0.175978,0.360336,0.164511,0.127300,0.213076,0.387007,0.184601,-0.044638,0.111387,0.229841,0.041292,0.168180,0.369467,0.182044,0.144920,0.039677,0.147888,0.119153,0.236175,-0.045786,0.221097,0.277967,0.215719,0.255791,0.093382,-0.054517,0.256926,0.386514,0.333203,0.400627,0.439104,0.368749,0.885274,0.000000,0.424997,0.394879,0.431974,0.252832,0.247154,0.160551,0.642731,0.564465,0.594564,0.407481,0.713094,0.704805,0.531698,0.387217,0.575447,0.397985,0.334994,0.564258,0.637804,0.455620,-0.072267,-0.036195,0.170649,0.261967,0.196521,0.290339,-0.043374,0.044739,0.494142,0.751683,0.678635,0.602476,0.276789,0.294770,0.180120,0.112227,0.262560,0.329361,0.356319,0.431132,0.709072,0.741106,0.110955,0.021489,0.156433,0.148254,0.285648,0.026252,0.364807,0.261176,0.150685,0.098878,0.247735,0.215902
0.245301,0.293195,0.313418,0.319742,0.585554,0.293928,0.298391,0.355422,0.258047,-0.059216,0.090251,0.122799,0.083036,0.088067,0.315656,0.099174,0.438970,0.214443,0.409360,0.442586,0.055110,-0.231508,0.087972,-0.014315,0.264885,0.086152,0.627816,0.232372,0.593828,0.266773,0.016763,0.019679,0.165795,0.236506,0.211734,0.424997,0.000000,0.413942,0.479909,0.473700,0.433414,0.356193,0.479467,0.584123,0.486983,0.520069,0.615028,0.530675,0.503510,0.323029,0.652237,0.533398,0.749913,0.483269,0.499033,0.899780,-0.009581,0.179094,0.334823,0.242600,0.066589,0.026985,0.172672,0.069126,0.091550,0.221675,0.443711,0.463503,0.376149,0.464768,-0.033773,0.112092,0.160592,0.139051,-0.055149,0.282377,0.445505,0.575362,0.323923,0.275981,0.625766,0.343466,0.620776,0.333826,0.269540,0.278539,0.067719,0.145543,0.506811,0.619739
0.031668,0.157531,0.189171,0.308171,0.153836,0.179371,0.158290,0.338565,0.251818,0.080852,0.057604,0.013051,-0.033904,0.086476,0.285205,0.216000,0.074625,-0.013288,0.226977,0.118143,0.338987,0.165636,0.200115,0.190483,0.153399,0.002400,0.182026,0.285130,0.487102,0.447446,0.149163,0.096430,0.149291,0.137299,0.079161,0.394879,0.413942,0.000000,0.820286,1.011835,0.880192,1.161129,0.386736,0.414829,0.282103,0.232607,0.428137,0.116827,0.258498,0.158315,0.490037,0.308299,0.169868,0.357661,0.472937,0.349739,0.033533,0.034528,0.197948,0.088640,-0.035119,-0.063326,-0.147784,-0.029776,0.203207,0.217482,0.165440,0.098979,0.183723,0.016533,0.142973,0.195667,0.246482,0.273611,0.119569,0.135925,0.296669,0.425608,0.392523,0.129771,0.440224,0.281341,0.782256,0.724480,0.622219,0.622098,0.388535,0.390138,0.363739,0.343705
0.238848,0.464421,0.398361,0.553809,0.218463,0.225691,0.250389,0.519489,0.219421,0.091606,0.173141,0.140038,-0.077045,0.204237,0.420890,0.162025,0.138130,0.243113,0.389738,0.448255,0.460291,0.332032,0.188450,0.219205,0.162752,0.040910,0.137872,0.149206,0.416054,0.563890,0.129215,0.133434,0.323250,0.329512,0.113441,0.431974,0.479909,0.820286,0.000000,0.982268,0.758710,0.819874,0.219121,0.275074,0.097237,0.110282,0.660099,0.397255,0.096361,-0.021722,0.494143,0.270122,0.319745,0.683612,0.850780,0.415840,0.250862,0.365497,0.416727,0.200584,0.123928,0.017033,-0.100407,0.133501,-0.006454,0.161309,0.293961,0.248657,0.466265,0.496893,0.085403,0.210580,0.303787,0.291871,0.275004,0.311367,0.446350,0.508182,0.151781,0.107941,0.372191,0.444263,0.771048,0.454589,0.542634,0.523133,0.611770,0.403301,0.782626,0.630923
0.231790,0.373593,0.322688,0.422876,0.195604,0.355196,0.235459,0.440221,0.160003,0.078767,0.141665,0.092989,-0.044821,0.118104,0.221272,0.202798,0.104827,0.105069,0.344666,0.322185,0.313985,0.348036,0.109752,0.142380,0.182046,0.027360,0.205779,0.411930,0.451629,0.464716,0.059312,0.035618,0.219715,0.251202,-0.009434,0.252832,0.473700,1.011835,0.982268,0.000000,0.868674,1.083400,0.355550,0.414743,0.184012,0.171857,0.493610,0.259979,0.193212,0.109317,0.406545,0.286412,0.271011,0.498480,0.556287,0.486075,0.146310,0.222949,0.295617,0.133851,-0.011955,0.006535,-0.143284,0.121189,-0.153071,0.050753,0.140818,0.144121,0.364367,0.346087,0.062782,0.118871,0.265185,0.296372,0.235867,0.207895,0.393001,0.510678,0.201906,0.112323,0.404840,0.320740,0.660528,0.513688,0.429506,0.412191,0.406723,0.439897,0.595674,0.494065
0.283681,0.332784,0.437955,0.520011,0.266471,0.248417,0.469449,0.660986,0.388929,0.039115,0.304724,0.272563,0.137162,0.274577,0.370073,0.211073,0.182320,0.144919,0.446694,0.356147,0.341567,0.097273,0.287581,0.253053,0.145924,-0.034381,0.254032,0.279848,0.549900,0.520675,0.186342,0.247745,0.277426,0.327960,-0.052202,0.247154,0.433414,0.880192,0.758710,0.868674,0.000000,0.888462,0.360278,0.436227,0.255428,0.261893,0.551584,0.292307,0.268559,0.185761,0.521600,0.377768,0.395241,0.541682,0.595376,0.562736,0.187572,0.195165,0.365692,0.171090,0.062944,0.055536,0.079022,0.170558,-0.018566,0.179347,0.254163,0.259623,0.332769,0.277346,0.295702,0.319019,0.418455,0.435160,0.283929,0.262660,0.414984,0.524415,0.306857,0.259221,0.476530,0.358678,0.597336,0.349991,0.461591,0.454232,0.144866,0.139305,0.602636,0.507831
0.077842,0.244156,0.194691,0.290594,0.153115,0.206484,0.132694,0.333332,0.191834,0.063392,0.068882,0.022883,-0.032548,0.156264,0.279466,0.226142,0.037253,0.075696,0.264230,0.230694,0.241344,0.368631,0.201417,0.225830,0.123098,0.024023,0.185098,0.309052,0.476392,0.399109,0.105746,0.075114,0.125045,0.132688,-0.100335,0.160551,0.356193,1.161129,0.819874,1.083400,0.888462,0.000000,0.155935,0.210085,0.027050,0.032360,0.265408,0.006426,0.031859,-0.049891,0.305912,0.151509,0.088744,0.292926,0.384021,0.299550,0.056975,0.111969,0.235352,0.058377,-0.042662,-0.045419,-0.173602,0.035400,-0.005916,0.058151,0.041404,0.014418,0.230058,0.144253,0.052082,0.156954,0.192980,0.238411,0.106549,0.082503,0.215055,0.332075,0.238427,0.119305,0.421869,0.304901,0.878818,0.687416,0.512229,0.518293,0.493255,0.451628,0.388247,0.358685
0.153548,0.017307,0.311264,0.365735,0.350538,0.557438,0.482885,0.457672,0.290704,-0.154655,0.313356,0.289360,0.276634,0.077573,0.280196,0.340038,0.280630,-0.059283,0.300671,0.167860,0.299598,-0.121111,0.186484,0.108803,0.407985,0.354526,0.411277,0.367754,0.455583,0.336656,0.272049,0.245215,0.225694,0.266612,0.371664,0.642731,0.479467,0.386736,0.219121,0.355550,0.360278,0.155935,0.000000,1.821283,1.173135,0.942372,0.956947,0.817084,1.161160,1.123108,0.710825,0.811238,0.618862,0.646391,0.559151,0.659342,-0.169575,-0.144859,0.047701,0.084300,0.023190,0.076129,0.146152,0.009463,0.180337,0.376547,0.423000,0.484289,0.249835,0.164888,0.283525,0.220370,0.270087,0.336856,0.174123,0.368905,0.760303,0.813862,0.315156,0.171523,0.278626,0.057694,0.198579,0.027918,0.243650,0.134214,-0.213903,-0.077451,0.313514,0.230396
0.242217,0.147411,0.385440,0.459567,0.461322,0.617467,0.510134,0.544801,0.331552,-0.101816,0.294198,0.331870,0.258934,0.125645,0.356099,0.377593,0.375493,0.029924,0.411939,0.294898,0.332486,-0.100802,0.253160,0.178230,0.468228,0.337796,0.507505,0.493502,0.540588,0.406970,0.288308,0.284490,0.273977,0.332637,0.324268,0.564465,0.584123,0.414829,0.275074,0.414743,0.436227,0.210085,1.821283,0.000000,1.231475,1.153240,1.010270,0.843995,1.243527,1.228577,0.772282,0.983735,0.831735,0.724294,0.601146,0.877286,-0.066170,-0.021895,0.156244,0.151709,0.042354,0.095697,0.233180,0.085399,0.174460,0.347274,0.469301,0.556352,0.334929,0.247943,0.278633,0.248930,0.238711,0.303358,0.103319,0.347625,0.744295,0.840999,0.445617,0.274464,0.448490,0.183404,0.321569,0.148502,0.282197,0.209772,-0.117238,0.054766,0.408500,0.389000
0.164989,0.075901,0.198994,0.306259,0.340066,0.417457,0.350306,0.384377,0.306383,-0.077955,0.217857,0.299202,0.237913,0.187682,0.272382,0.247955,0.501842,0.104281,0.291269,0.220232,0.263054,-0.245739,0.101630,0.072065,0.268036,0.174326,0.301220,0.311069,0.480119,0.431547,0.209050,0.283483,0.396408,0.460172,0.354004,0.594564,0.486983,0.282103,0.097237,0.184012,0.255428,0.027050,1.173135,1.231475,0.000000,1.641661,0.820695,0.804062,1.546435,1.438132,0.792026,1.060657,0.664298,0.498203,0.518648,0.766823,-0.054749,-0.035636,0.177546,0.315881,0.131162,0.204326,0.420189,0.251281,0.306903,0.545076,0.720184,0.880330,0.265034,0.172502,0.244860,0.138715,0.202094,0.257501,0.026406,0.276876,0.616293,0.676320,0.561881,0.365196,0.451586,0.250819,0.133298,0.083953,0.280131,0.311522,-0.201222,0.050084,0.203300,0.243219
0.313957,0.226380,0.279681,0.388630,0.434966,0.433345,0.411138,0.488767,0.315642,-0.027583,0.268281,0.418873,0.281736,0.274924,0.301836,0.285636,0.683626,0.277623,0.425806,0.381365,0.286976,-0.238896,0.155059,0.113502,0.291717,0.148742,0.393249,0.353740,0.627282,0.500519,0.230799,0.318418,0.444496,0.571820,0.283611,0.407481,0.520069,0.232607,0.110282,0.171857,0.261893,0.032360,0.942372,1.153240,1.641661,0.000000,0.796675,0.713058,1.427218,1.517949,0.840126,1.240310,0.806185,0.482580,0.514818,0.856198,0.074538,0.119741,0.285450,0.364271,0.224927,0.277841,0.629705,0.418481,0.323871,0.503276,0.723933,0.898552,0.324881,0.228872,0.271383,0.221427,0.260777,0.305303,0.008354,0.336040,0.592602,0.678158,0.701794,0.563915,0.632728,0.428236,0.206051,0.204483,0.343309,0.410819,-0.099670,0.153187,0.298170,0.384500
0.511262,0.495540,0.500940,0.694403,0.428666,0.464690,0.552232,0.778691,0.349780,0.041547,0.409127,0.486178,0.221108,0.232281,0.500420,0.313032,0.462064,0.314964,0.660125,0.609410,0.409060,-0.019872,0.255466,0.228301,0.295767,0.182234,0.320676,0.191629,0.563474,0.650323,0.252364,0.329315,0.581209,0.623167,0.333631,0.713094,0.615028,0.428137,0.660099,0.493610,0.551584,0.265408,0.956947,1.010270,0.820695,0.796675,0.000000,1.355393,0.864855,0.667454,1.037095,0.895277,0.896019,1.260161,1.469724,0.860193,0.269160,0.395873,0.516026,0.439462,0.319278,0.268432,0.310731,0.300208,0.149379,0.465986,0.767150,0.790998,0.689112,0.676988,0.256997,0.342744,0.430417,0.464492,0.322738,0.564562,0.977636,0.988471,0.382200,0.323869,0.539290,0.491848,0.418617,0.148938,0.571565,0.458411,0.124619,0.086124,0.783657,0.686710
0.439709,0.412488,0.367865,0.487185,0.362599,0.420335,0.424525,0.580792,0.288442,0.013844,0.408772,0.540485,0.235455,0.213625,0.450754,0.262544,0.549592,0.382903,0.485307,0.490177,0.368224,-0.051644,0.168577,0.163140,0.245916,0.236368,0.221894,0.145893,0.391667,0.557609,0.255082,0.359096,0.609168,0.601795,0.372903,0.704805,0.530675,0.116827,0.397255,0.259979,0.292307,0.006426,0.817084,0.843995,0.804062,0.713058,1.355393,0.000000,0.862769,0.700503,0.716343,0.776497,0.772294,1.033462,1.006041,0.761133,0.231412,0.341226,0.422913,0.417592,0.374604,0.344773,0.388207,0.357891,0.094519,0.492093,0.703477,0.825391,0.555545,0.746704,0.224075,0.250991,0.373724,0.333480,0.323217,0.554905,0.925036,0.850302,0.250195,0.298200,0.366990,0.404488,0.138706,-0.042421,0.305818,0.234825,-0.005859,0.040376,0.522091,0.464642
0.299825,0.219112,0.181631,0.320459,0.348980,0.461305,0.349720,0.399212,0.263507,-0.112650,0.300012,0.425684,0.301590,0.198729,0.344734,0.329269,0.662605,0.250078,0.379579,0.288195,0.274916,-0.152921,0.108749,0.077190,0.290409,0.203138,0.359533,0.377589,0.559381,0.503455,0.213539,0.261322,0.423573,0.512352,0.332284,0.531698,0.503510,0.258498,0.096361,0.193212,0.268559,0.031859,1.161160,1.243527,1.546435,1.427218,0.864855,0.862769,0.000000,1.645938,0.920466,1.374116,0.800514,0.580121,0.543612,0.876603,0.081955,0.094946,0.277021,0.366479,0.209587,0.264714,0.503447,0.328975,0.265115,0.523066,0.608683,0.762495,0.380421,0.238651,0.286975,0.199696,0.306703,0.358743,0.099661,0.372916,0.649505,0.700119,0.639998,0.475411,0.582304,0.361382,0.127535,0.116477,0.338226,0.349015,-0.182828,0.085697,0.224772,0.329112
