0.000000,1.007523,1.039560,0.635830,0.576029,0.709114,1.089846,0.800248,0.488528,0.530087,0.818255,0.879803,0.862060,0.737964,0.485927,0.637383,0.488530,0.619901,1.073000,0.937804,0.391090,0.403772,0.935691,0.703820,0.501220,0.593378,0.298834,0.393513,0.351767,0.407228,0.726679,0.804583,1.041279,1.035302,0.730255,0.653195,0.143408,-0.125527,0.396697,0.471714,0.229825,0.279565,0.639190,0.614223,0.658600,0.709066,0.600308,0.653926,0.663303,0.581699,0.726981,0.564460,0.652900,0.509124,0.638655,0.580229,1.008120,1.097651,0.804562,0.686587,0.963591,0.881871,0.755985,1.036247,0.685403,0.571454,0.893743,0.722713,0.776289,0.985677,0.125082,0.198606,0.375922,0.449321,0.181166,0.491519,0.315405,0.234851,0.379853,0.273870,0.475681,0.598180,0.640064,0.469734,0.589765,0.604338,0.637445,0.301437,0.528010,0.810045
1.007523,0.000000,0.790355,0.804455,0.457854,0.636261,0.785594,0.864952,0.363260,0.355457,0.557739,1.114593,0.794569,0.735632,0.414069,0.550563,0.474266,0.777278,0.927801,0.978828,0.281171,0.424965,0.893881,0.816123,0.395437,0.446522,0.283774,0.279885,0.363914,0.515501,0.679261,0.654069,1.024127,1.198126,0.526901,0.581502,0.120917,0.046010,0.367808,0.429459,0.325860,0.263829,0.659078,0.563385,0.684314,0.613680,0.600465,0.531443,0.688248,0.670598,0.703014,0.578471,0.571297,0.476664,0.428503,0.537372,0.963682,1.219539,0.579593,0.634780,0.671241,0.802323,0.632688,1.000133,0.483227,0.493679,0.657019,0.564133,0.743188,0.823302,0.179375,0.213096,0.367875,0.619949,0.274695,0.327007,0.277360,0.264656,0.497642,0.509481,0.512918,0.720665,0.541055,0.393290,0.499853,0.561383,0.550485,0.299541,0.411527,0.704403
1.039560,0.790355,0.000000,0.818999,0.458909,0.671353,1.212056,0.869823,0.403372,0.387278,0.517313,0.574844,0.623457,0.661856,0.521603,0.627134,0.268120,0.272653,0.885384,0.898012,0.315606,0.407123,1.130280,1.138666,0.477853,0.498705,0.413878,0.479183,0.217355,0.205786,0.697047,0.767799,0.710152,0.689342,0.470786,0.468450,0.153057,-0.084514,0.307106,0.540622,0.149597,0.301496,0.465850,0.522941,0.552561,0.592671,0.406807,0.438702,0.527882,0.505406,0.487105,0.454551,0.429297,0.411480,0.429035,0.352842,0.703447,0.731246,0.567693,0.544031,0.595923,0.537186,0.497760,0.564725,0.503631,0.469522,0.624356,0.470076,0.638520,0.763270,0.189151,0.263684,0.218937,0.310882,0.048689,0.367458,0.308262,0.174066,0.239309,0.140812,0.335512,0.418441,0.722678,0.460505,0.487148,0.465684,0.625973,0.408768,0.583248,0.713431
0.635830,0.804455,0.818999,0.000000,0.333740,0.661718,0.891533,1.243945,0.362972,0.286391,0.070908,0.491341,0.474538,0.446553,0.654826,0.433005,0.026246,0.154690,0.798766,0.886479,0.248168,0.384708,1.052312,1.156462,0.669996,0.326821,0.622801,0.356083,-0.114667,-0.036806,0.668273,0.502944,0.647933,0.698310,0.445532,0.476091,-0.175097,-0.074182,0.337125,0.405962,0.328538,0.088924,0.397407,0.340853,0.578804,0.543075,0.369511,0.402689,0.484999,0.605112,0.499518,0.532911,0.572618,0.455009,0.271139,0.247092,0.477899,0.632705,0.676591,0.672063,0.498745,0.655561,0.374474,0.533190,0.328311,0.414892,0.625656,0.580879,0.880319,0.739946,0.212534,0.275443,0.152810,0.273742,0.394225,0.212476,0.466235,0.449923,0.025592,-0.072021,0.146453,0.276286,0.641077,0.400246,0.261739,0.378037,0.580721,0.480630,0.778606,0.683525
0.576029,0.457854,0.458909,0.333740,0.000000,0.971643,0.715388,0.686648,1.631035,1.023054,0.358828,0.392316,0.889463,0.642922,0.907711,1.062901,0.202394,0.169378,0.795649,0.607847,-0.107596,0.097658,0.579868,0.370577,0.535708,1.230610,0.692188,0.870847,0.063517,0.125560,0.158331,0.347050,0.323049,0.405381,0.727823,0.635994,0.047391,-0.422134,0.189133,0.204716,0.072926,0.096965,0.392690,0.279840,0.335363,0.461082,0.361240,0.471400,0.342877,0.385897,0.552932,0.549498,0.650830,0.566799,0.585977,0.196446,0.250976,0.419959,0.614982,0.498628,0.709823,0.747156,0.653194,0.515869,0.656968,0.643150,0.592448,0.552195,0.487482,0.620399,-0.248555,-0.116031,0.339597,0.365361,0.364112,0.665879,0.036959,0.013937,-0.041093,-0.128938,0.168802,0.280766,0.512052,0.418211,0.408441,0.438175,0.413442,0.491468,0.663556,0.675008
0.709114,0.636261,0.671353,0.661718,0.971643,0.000000,1.124066,1.180681,0.945320,1.108437,0.412458,0.548229,0.719681,0.798351,0.979432,0.909344,0.300240,0.168743,1.026577,0.812831,-0.002539,0.116043,0.905233,0.670107,0.641062,1.166048,0.527901,0.552667,0.103174,0.195817,0.494614,0.588525,0.650126,0.683150,0.960286,0.920743,0.135562,-0.338583,0.282786,0.449046,0.169101,0.291342,0.572843,0.480283,0.685019,0.877932,0.565489,0.767427,0.704990,0.782401,0.885539,0.942904,0.871264,0.689544,0.733473,0.327913,0.377840,0.599461,0.915342,0.783900,1.010972,0.911556,0.689927,0.686968,0.747657,0.965818,1.064155,0.986459,0.737039,0.945487,-0.310701,-0.183252,0.381310,0.460562,0.307797,0.620605,0.038242,0.090383,0.108342,0.001673,0.272200,0.316931,0.732276,0.615265,0.467244,0.572125,0.510555,0.458542,0.734260,0.819686
1.089846,0.785594,1.212056,0.891533,0.715388,1.124066,0.000000,1.306523,0.689708,0.750760,0.631749,0.734344,0.908661,0.854699,0.795996,0.783193,0.388051,0.268512,1.139335,0.964323,0.140322,0.272664,1.491322,1.084363,0.646553,0.790880,0.479374,0.473009,0.220979,0.213769,0.775806,0.848079,0.853521,0.883481,0.857009,0.754236,0.104480,-0.226117,0.234599,0.492424,0.170968,0.263490,0.494003,0.448912,0.664747,0.763174,0.473885,0.584323,0.669853,0.695890,0.765212,0.783964,0.721619,0.554982,0.587519,0.316839,0.635336,0.723198,0.899252,0.761393,1.002261,0.837107,0.754428,0.698194,0.671887,0.764963,0.955225,0.788849,0.769134,0.939090,0.039852,0.139011,0.421704,0.480323,0.256150,0.593458,0.253545,0.217934,0.146797,0.039017,0.334021,0.329630,0.900117,0.626426,0.439630,0.492584,0.614977,0.441097,0.678260,0.798134
0.800248,0.864952,0.869823,1.243945,0.686648,1.180681,1.306523,0.000000,0.668219,0.701546,0.371751,0.766233,0.797325,0.815196,0.832515,0.780058,0.269235,0.259225,1.093458,1.009713,0.127167,0.319164,1.289009,1.171828,0.672101,0.767982,0.549859,0.480954,0.095249,0.187196,0.754523,0.734958,0.756083,0.864281,0.801474,0.802408,-0.018861,-0.232629,0.308035,0.404003,0.285267,0.281150,0.502454,0.442761,0.706089,0.821853,0.479435,0.606139,0.710897,0.800901,0.774897,0.805489,0.746268,0.581178,0.546795,0.299857,0.509676,0.720916,0.892308,0.808692,0.906067,1.005613,0.644090,0.754191,0.586821,0.783301,0.957834,0.903484,0.905828,1.022573,0.010363,0.077446,0.393560,0.536174,0.428528,0.533510,0.257763,0.263578,0.118422,0.004646,0.272513,0.379177,0.767842,0.534409,0.429045,0.536229,0.578100,0.450230,0.767589,0.789196
0.488528,0.363260,0.403372,0.362972,1.631035,0.945320,0.689708,0.668219,0.000000,0.976584,0.275271,0.295024,0.744131,0.559522,1.150816,0.875420,0.139928,0.047938,0.803758,0.630645,-0.166150,0.012279,0.500577,0.347690,0.475845,1.044827,0.705656,0.773631,-0.015742,0.035757,0.106551,0.275552,0.272561,0.365887,0.689542,0.622036,0.029866,-0.345560,0.163971,0.216495,0.065044,0.043986,0.312415,0.200398,0.329147,0.438567,0.301094,0.434124,0.320308,0.359780,0.542792,0.544786,0.672882,0.520637,0.600385,0.110180,0.158185,0.313037,0.591555,0.467240,0.703142,0.681881,0.614653,0.429922,0.590789,0.599883,0.611295,0.574402,0.503778,0.568962,-0.270696,-0.145768,0.300422,0.264919,0.332860,0.671587,0.065622,0.085594,-0.125462,-0.236476,0.104483,0.177017,0.553816,0.454679,0.313823,0.367605,0.308261,0.506282,0.714204,0.625006
0.530087,0.355457,0.387278,0.286391,1.023054,1.108437,0.750760,0.701546,0.976584,0.000000,0.455320,0.334390,0.683217,0.646707,0.796687,0.901260,0.394518,0.049148,0.717576,0.558188,-0.161695,-0.075597,0.552533,0.335202,0.387403,1.112666,0.326349,0.447911,0.172095,0.172469,0.244897,0.334881,0.379489,0.393664,0.820552,0.792124,0.260656,-0.369404,0.264959,0.251576,0.079448,0.323870,0.326613,0.231891,0.349650,0.507832,0.382412,0.522861,0.419917,0.437542,0.622898,0.729122,0.703286,0.543229,0.670701,0.156837,0.179444,0.342668,0.684085,0.514486,0.841535,0.698376,0.603464,0.562038,0.591561,0.810748,0.730597,0.693374,0.404266,0.638745,-0.461200,-0.333900,0.351867,0.402361,0.276802,0.762548,-0.185602,-0.138353,0.042582,-0.083332,0.212859,0.178729,0.512418,0.585622,0.370833,0.399014,0.408131,0.288273,0.499397,0.532102
0.818255,0.557739,0.517313,0.070908,0.358828,0.412458,0.631749,0.371751,0.275271,0.455320,0.000000,0.905324,0.787980,0.841455,0.196508,0.530333,1.125005,0.636863,0.511538,0.433157,0.263053,0.261299,0.524267,0.422276,0.120052,0.481799,-0.142285,0.119627,1.011651,0.852700,0.605571,0.757086,0.679885,0.705394,0.477418,0.414210,0.538424,0.071319,0.266211,0.297421,0.129254,0.546307,0.420719,0.383575,0.348549,0.417237,0.464064,0.402748,0.539684,0.322274,0.566081,0.395646,0.366375,0.272307,0.687433,0.443990,0.656915,0.572529,0.357144,0.317872,0.728542,0.460243,0.730948,0.662542,0.545827,0.503840,0.536611,0.465884,0.234760,0.451941,0.062728,0.054849,0.571568,0.574230,0.051714,0.379772,-0.012163,-0.105939,0.645200,0.546383,0.662581,0.536005,0.412540,0.351157,0.556979,0.469148,0.316785,-0.004811,0.104700,0.347592
0.879803,1.114593,0.574844,0.491341,0.392316,0.548229,0.734344,0.766233,0.295024,0.334390,0.905324,0.000000,0.841385,0.977715,0.254756,0.546038,0.687965,0.814206,0.765023,0.768561,0.274295,0.382411,0.787992,0.719988,0.264438,0.480768,0.109977,0.187411,0.621901,0.762346,0.782427,0.826657,0.954838,1.103703,0.563371,0.568765,0.209511,0.100063,0.360536,0.397354,0.337404,0.420943,0.562205,0.510090,0.598019,0.621717,0.545268,0.520964,0.741549,0.581729,0.731873,0.534794,0.440372,0.369758,0.537315,0.563001,0.788742,0.824868,0.479671,0.482587,0.751153,0.737196,0.722841,0.935464,0.517988,0.526111,0.663226,0.625840,0.500279,0.694967,0.214454,0.207678,0.515455,0.725069,0.255714,0.322057,0.182501,0.180083,0.540052,0.557825,0.669765,0.776658,0.527016,0.391875,0.558224,0.643656,0.445706,0.184063,0.230926,0.495629
0.862060,0.794569,0.623457,0.474538,0.889463,0.719681,0.908661,0.797325,0.744131,0.683217,0.787980,0.841385,0.000000,0.842933,0.728004,0.912631,0.560068,0.407266,0.827200,0.713988,0.175087,0.269791,0.906414,0.659411,0.438658,0.742469,0.279506,0.351610,0.493740,0.499450,0.508288,0.669010,0.631879,0.731268,0.616070,0.550043,0.254817,0.031571,0.375111,0.382528,0.412449,0.366230,0.388188,0.249744,0.401066,0.431012,0.372954,0.375005,0.459625,0.396014,0.602665,0.503296,0.545552,0.393915,0.651737,0.348105,0.533372,0.613005,0.604563,0.518512,0.875988,0.807987,0.884690,0.780879,0.598948,0.567375,0.617348,0.524081,0.489095,0.613009,0.098890,0.174916,0.638011,0.654218,0.443682,0.564352,0.210779,0.218754,0.237094,0.200194,0.497201,0.450304,0.778378,0.548821,0.532306,0.520996,0.705179,0.449843,0.522847,0.641415
0.737964,0.735632,0.661856,0.446553,0.642922,0.798351,0.854699,0.815196,0.559522,0.646707,0.841455,0.977715,0.842933,0.000000,0.601875,1.041477,0.648016,0.515397,0.864950,0.746699,0.210523,0.289436,0.893378,0.765414,0.553520,0.783857,0.383742,0.504976,0.426680,0.580242,0.669322,0.835277,0.757782,0.803295,0.692827,0.720310,0.235528,0.003683,0.296474,0.607822,0.153745,0.492040,0.707116,0.522047,0.585046,0.703570,0.701020,0.695376,0.693301,0.562131,0.824412,0.749987,0.759089,0.796182,0.949387,0.527965,0.685153,0.775026,0.647684,0.611076,0.919022,0.759270,0.866386,0.826988,0.909145,0.880776,0.884801,0.855111,0.522145,0.866132,-0.091656,-0.069150,0.303024,0.461214,0.135387,0.438190,0.051634,-0.025911,0.418580,0.315519,0.676450,0.699683,0.740613,0.739248,0.887616,0.874490,0.627870,0.461272,0.608964,0.818357
0.485927,0.414069,0.521603,0.654826,0.907711,0.979432,0.795996,0.832515,1.150816,0.796687,0.196508,0.254756,0.728004,0.601875,0.000000,0.935984,0.172747,0.025607,0.820569,0.647492,0.048252,0.181670,0.695208,0.554520,0.756111,0.757897,0.885221,0.723750,-0.009944,0.047969,0.318972,0.421515,0.397927,0.452143,0.599293,0.595202,-0.034665,-0.168674,0.299620,0.518550,0.198242,0.100526,0.400380,0.244536,0.481084,0.503392,0.396019,0.455273,0.422171,0.455750,0.587933,0.620096,0.825093,0.633549,0.616463,0.173519,0.290052,0.421956,0.731710,0.684304,0.742917,0.694721,0.731398,0.470830,0.600342,0.625156,0.712637,0.670719,0.634635,0.648786,-0.144868,-0.030201,0.266520,0.259718,0.473196,0.561001,0.245686,0.236907,-0.023871,-0.190755,0.268376,0.202565,0.949447,0.796862,0.366724,0.397350,0.589652,0.760993,1.168252,0.869415
0.637383,0.550563,0.627134,0.433005,1.062901,0.909344,0.783193,0.780058,0.875420,0.901260,0.530333,0.546038,0.912631,1.041477,0.935984,0.000000,0.489691,0.324077,0.835387,0.701971,0.183741,0.303983,0.783521,0.607478,0.584307,0.995709,0.613872,0.767946,0.329044,0.427669,0.450097,0.622440,0.526972,0.530282,0.654408,0.611205,0.250471,-0.152848,0.423145,0.521938,0.199779,0.432000,0.526516,0.399940,0.430471,0.546859,0.472120,0.546956,0.447227,0.389981,0.603224,0.588679,0.649839,0.677584,0.765917,0.331907,0.475640,0.587405,0.577909,0.563973,0.800909,0.742205,0.856410,0.699640,0.767876,0.814806,0.715735,0.690705,0.551460,0.770013,-0.156266,-0.063166,0.385630,0.525382,0.408014,0.599125,0.077571,0.021374,0.255643,0.081134,0.458851,0.509986,0.756867,0.727431,0.675893,0.659992,0.802785,0.642239,0.847757,0.941701
0.488530,0.474266,0.268120,0.026246,0.202394,0.300240,0.388051,0.269235,0.139928,0.394518,1.125005,0.687965,0.560068,0.648016,0.172747,0.489691,0.000000,0.685814,0.393319,0.340358,0.149331,0.171210,0.324945,0.264888,-0.034217,0.308351,-0.226093,-0.020898,1.294432,1.027762,0.496612,0.541511,0.600423,0.599959,0.358379,0.349650,0.650914,0.127721,0.322259,0.213782,0.160769,0.622200,0.391650,0.304969,0.289235,0.325113,0.432147,0.364957,0.457605,0.249669,0.473398,0.320897,0.356604,0.210222,0.573593,0.313964,0.613404,0.497123,0.238365,0.220233,0.607245,0.369390,0.714783,0.606869,0.335754,0.429152,0.408578,0.397711,0.244817,0.352761,-0.077885,-0.108584,0.557209,0.550074,0.134156,0.313668,-0.159003,-0.187759,0.893782,0.572220,0.754291,0.499163,0.397769,0.361562,0.428971,0.344727,0.285427,-0.057077,0.040362,0.234940
0.619901,0.777278,0.272653,0.154690,0.169378,0.168743,0.268512,0.259225,0.047938,0.049148,0.636863,0.814206,0.407266,0.515397,0.025607,0.324077,0.685814,0.000000,0.441318,0.412445,0.317377,0.399089,0.295810,0.215789,0.109316,0.172603,0.011728,0.162167,0.583486,0.793136,0.490803,0.507078,0.772785,0.843798,0.304862,0.269724,0.170031,0.108087,0.265144,0.301433,0.173673,0.264013,0.700402,0.638322,0.589609,0.509904,0.656224,0.529226,0.642826,0.441044,0.537832,0.253678,0.371958,0.320937,0.430082,0.660810,1.014457,0.925457,0.266151,0.343992,0.470555,0.504259,0.581551,0.782216,0.407719,0.287097,0.412755,0.394729,0.437678,0.506993,0.156572,0.120793,0.281627,0.457632,0.198819,0.135337,0.190934,0.132331,0.883868,0.794071,0.693671,0.983700,0.253363,0.148244,0.502097,0.502550,0.294318,0.029262,0.115556,0.401091
1.073000,0.927801,0.885384,0.798766,0.795649,1.026577,1.139335,1.093458,0.803758,0.717576,0.511538,0.765023,0.827200,0.864950,0.820569,0.835387,0.393319,0.441318,0.000000,1.662396,0.150416,0.230659,0.986022,0.795519,0.584060,0.843488,0.536789,0.538053,0.194418,0.283278,0.634867,0.714132,1.010415,1.073110,0.972168,0.965320,0.127280,-0.154145,0.354751,0.536971,0.321998,0.257765,0.710045,0.576679,0.793000,0.889729,0.632951,0.814106,0.754471,0.634485,0.837779,0.662510,0.874659,0.715812,0.689448,0.418642,0.763625,0.904721,0.810940,0.693616,1.041114,0.924983,0.781256,0.901202,0.795823,0.688897,1.188014,0.981238,1.138033,1.323244,-0.131674,-0.061996,0.339505,0.384132,0.343565,0.561086,0.271088,0.257041,0.244722,0.124352,0.459589,0.570731,0.894560,0.664095,0.621163,0.730467,0.626074,0.489829,0.657502,0.872682
0.937804,0.978828,0.898012,0.886479,0.607847,0.812831,0.964323,1.009713,0.630645,0.558188,0.433157,0.768561,0.713988,0.746699,0.647492,0.701971,0.340358,0.412445,1.662396,0.000000,0.138237,0.235154,0.917740,0.854600,0.468107,0.612158,0.443952,0.415953,0.203517,0.274737,0.593320,0.626552,0.911357,0.998616,0.684299,0.729497,0.142572,-0.031270,0.385398,0.453318,0.353421,0.247206,0.559870,0.472727,0.633030,0.683553,0.521474,0.643739,0.603544,0.508977,0.634917,0.505030,0.655903,0.541752,0.543123,0.364545,0.684633,0.767242,0.589024,0.517473,0.717369,0.729683,0.563385,0.783939,0.555605,0.496647,0.852503,0.735588,1.091747,1.067936,-0.052897,-0.004845,0.263488,0.340901,0.261017,0.436734,0.224831,0.236667,0.220436,0.127037,0.379070,0.558240,0.791107,0.544061,0.522570,0.624177,0.575165,0.443187,0.553613,0.703530
0.391090,0.281171,0.315606,0.248168,-0.107596,-0.002539,0.140322,0.127167,-0.166150,-0.161695,0.263053,0.274295,0.175087,0.210523,0.048252,0.183741,0.149331,0.317377,0.150416,0.138237,0.000000,1.097494,0.269435,0.334819,0.281461,0.025878,0.119727,0.184579,0.269356,0.308538,0.665954,0.572782,0.460905,0.317458,-0.087760,-0.024339,0.049555,0.238524,0.350766,0.549410,0.194104,0.357573,0.394474,0.456249,0.319331,0.255756,0.355426,0.275531,0.313717,0.176596,0.253460,0.099162,0.167257,0.243963,0.218588,0.561116,0.456910,0.408755,0.196768,0.203940,0.166059,0.122751,0.232061,0.367867,0.179631,0.028433,0.169713,0.169547,0.173233,0.256506,0.515415,0.481433,0.124157,0.250911,0.128063,-0.007760,0.500874,0.373346,0.440791,0.425608,0.412904,0.444154,0.155568,0.188360,0.369437,0.385872,0.450166,0.108840,0.276464,0.361311
0.403772,0.424965,0.407123,0.384708,0.097658,0.116043,0.272664,0.319164,0.012279,-0.075597,0.261299,0.382411,0.269791,0.289436,0.181670,0.303983,0.171210,0.399089,0.230659,0.235154,1.097494,0.000000,0.338419,0.457504,0.290485,0.126911,0.298580,0.442334,0.265134,0.312315,0.702344,0.654471,0.448639,0.421718,-0.045371,0.013292,-0.098451,0.041807,0.273954,0.388435,0.080652,0.299367,0.427335,0.596333,0.444459,0.377961,0.384572,0.303557,0.405382,0.341023,0.288720,0.178593,0.205638,0.239661,0.176284,0.454553,0.472645,0.501020,0.231411,0.341793,0.201181,0.274552,0.313644,0.436768,0.150273,0.108099,0.183947,0.199143,0.264398,0.325251,0.645950,0.537936,0.277858,0.465105,0.316734,0.163711,0.571605,0.393286,0.463940,0.333297,0.326004,0.415870,0.175801,0.130503,0.217535,0.241233,0.343713,0.096068,0.420516,0.434423
0.935691,0.893881,1.130280,1.052312,0.579868,0.905233,1.491322,1.289009,0.500577,0.552533,0.524267,0.787992,0.906414,0.893378,0.695208,0.783521,0.324945,0.295810,0.986022,0.917740,0.269435,0.338419,0.000000,1.472715,0.742329,0.699860,0.461492,0.381004,0.205210,0.264310,0.863741,0.865243,0.858980,0.831213,0.706973,0.687538,0.120620,-0.038342,0.284835,0.599053,0.221081,0.313542,0.503953,0.393193,0.572566,0.618804,0.472133,0.510242,0.585272,0.578815,0.650994,0.651038,0.625654,0.555215,0.541736,0.338944,0.652891,0.785461,0.772637,0.664492,0.794224,0.734043,0.640819,0.656270,0.665116,0.664448,0.827209,0.695975,0.736668,0.944111,0.117129,0.211707,0.321292,0.458595,0.255823,0.419864,0.250230,0.230708,0.167970,0.141835,0.397958,0.425559,0.811932,0.685931,0.535723,0.607891,0.765570,0.528558,0.666770,0.796387
0.703820,0.816123,1.138666,1.156462,0.370577,0.670107,1.084363,1.171828,0.347690,0.335202,0.422276,0.719988,0.659411,0.765414,0.554520,0.607478,0.264888,0.215789,0.795519,0.854600,0.334819,0.457504,1.472715,0.000000,0.584064,0.467963,0.407612,0.315034,0.189004,0.234965,0.854538,0.789822,0.664709,0.695744,0.428048,0.458666,0.101385,0.040122,0.266751,0.506602,0.235579,0.348750,0.409897,0.388238,0.519634,0.546705,0.373570,0.391092,0.527764,0.527003,0.510749,0.532314,0.467438,0.438762,0.395629,0.279340,0.557166,0.639676,0.565494,0.534709,0.562604,0.534413,0.476570,0.518771,0.433661,0.459845,0.628019,0.541166,0.612274,0.762894,0.273922,0.296140,0.278265,0.419806,0.198632,0.302149,0.355491,0.287945,0.182577,0.141075,0.322962,0.372448,0.660452,0.537368,0.428100,0.500989,0.548990,0.443357,0.575347,0.641941
0.501220,0.395437,0.477853,0.669996,0.535708,0.641062,0.646553,0.672101,0.475845,0.387403,0.120052,0.264438,0.438658,0.553520,0.756111,0.584307,-0.034217,0.109316,0.584060,0.468107,0.281461,0.290485,0.742329,0.584064,0.000000,0.577950,0.938056,0.601527,-0.185767,-0.083030,0.408512,0.424765,0.415865,0.413754,0.541644,0.502459,-0.273320,-0.209085,0.060065,0.466948,0.106879,-0.096857,0.481056,0.270991,0.397861,0.443914,0.407894,0.452816,0.335537,0.393352,0.529424,0.595020,0.697563,0.827754,0.421552,0.320157,0.426002,0.532857,0.794917,0.712453,0.507069,0.537889,0.413340,0.334701,0.622581,0.451850,0.633512,0.626303,0.627109,0.699752,-0.053016,0.037638,0.035897,0.039900,0.264507,0.231632,0.300328,0.199371,-0.093104,-0.144103,0.128915,0.175373,0.631769,0.695875,0.394360,0.439786,0.564240,0.740208,0.863466,0.862943
0.593378,0.446522,0.498705,0.326821,1.230610,1.166048,0.790880,0.767982,1.044827,1.112666,0.481799,0.480768,0.742469,0.783857,0.757897,0.995709,0.308351,0.172603,0.843488,0.612158,0.025878,0.126911,0.699860,0.467963,0.577950,0.000000,0.493438,0.666287,0.198040,0.279693,0.397009,0.546813,0.449820,0.452905,0.814171,0.772949,0.198999,-0.337104,0.257316,0.333906,0.150159,0.286999,0.462492,0.370277,0.414238,0.610307,0.448073,0.619882,0.534877,0.475664,0.701448,0.695480,0.659384,0.645074,0.692238,0.303896,0.289956,0.424831,0.649684,0.475681,0.801647,0.673614,0.651032,0.548370,0.693561,0.780423,0.754234,0.738903,0.493032,0.736960,-0.331502,-0.246960,0.347658,0.383008,0.258081,0.547546,-0.092145,-0.042131,0.091153,0.018368,0.275249,0.356097,0.534736,0.553430,0.498890,0.645926,0.445040,0.364553,0.518780,0.678369
0.298834,0.283774,0.413878,0.622801,0.692188,0.527901,0.479374,0.549859,0.705656,0.326349,-0.142285,0.109977,0.279506,0.383742,0.885221,0.613872,-0.226093,0.011728,0.536789,0.443952,0.119727,0.298580,0.461492,0.407612,0.938056,0.493438,0.000000,1.220397,-0.397925,-0.263697,0.204419,0.269136,0.231530,0.267866,0.319129,0.315477,-0.492221,-0.300105,0.080441,0.340937,0.019211,-0.256739,0.423696,0.271381,0.350010,0.329053,0.331479,0.354410,0.237716,0.308783,0.359149,0.424395,0.587548,0.716489,0.242651,0.196980,0.249555,0.339417,0.492813,0.524968,0.317549,0.432656,0.396516,0.265689,0.396877,0.314113,0.376072,0.409128,0.517151,0.456452,0.041986,0.128757,-0.111534,-0.027531,0.353753,0.194263,0.389440,0.245660,-0.209791,-0.328155,0.039981,0.162864,0.488556,0.415888,0.230011,0.312432,0.412297,0.731609,0.986888,0.776899
0.393513,0.279885,0.479183,0.356083,0.870847,0.552667,0.473009,0.480954,0.773631,0.447911,0.119627,0.187411,0.351610,0.504976,0.723750,0.767946,-0.020898,0.162167,0.538053,0.415953,0.184579,0.442334,0.381004,0.315034,0.601527,0.666287,1.220397,0.000000,-0.113051,-0.021376,0.272988,0.418188,0.262682,0.308700,0.305524,0.310624,-0.260217,-0.398583,0.153394,0.310333,-0.069097,-0.045187,0.564259,0.540694,0.474107,0.497494,0.507789,0.526083,0.419783,0.404113,0.447400,0.430784,0.528738,0.693774,0.417139,0.336424,0.297838,0.378616,0.412246,0.440601,0.376299,0.453575,0.509808,0.362565,0.452691,0.369027,0.363380,0.383490,0.391771,0.460093,0.016156,0.035437,0.003572,0.131796,0.244228,0.288945,0.270546,0.069644,0.044243,-0.117052,0.180407,0.349488,0.394756,0.295024,0.365621,0.385284,0.372652,0.462372,0.825790,0.751882
0.351767,0.363914,0.217355,-0.114667,0.063517,0.103174,0.220979,0.095249,-0.015742,0.172095,1.011651,0.621901,0.493740,0.426680,-0.009944,0.329044,1.294432,0.583486,0.194418,0.203517,0.269356,0.265134,0.205210,0.189004,-0.185767,0.198040,-0.397925,-0.113051,0.000000,1.308408,0.474545,0.529633,0.418521,0.426832,0.077358,0.104756,0.741493,0.324426,0.340245,0.174911,0.280279,0.655305,0.204489,0.250786,0.184595,0.173141,0.248782,0.181943,0.354892,0.134589,0.290148,0.141670,0.051066,-0.020776,0.378784,0.307567,0.427451,0.283469,-0.007985,0.001423,0.309429,0.122118,0.479708,0.404990,0.127503,0.163959,0.138612,0.127275,0.051803,0.137417,0.117144,0.056058,0.651819,0.625478,0.102708,0.203186,-0.136219,-0.125683,0.913012,0.742179,0.741196,0.506477,0.272679,0.227625,0.339130,0.256555,0.203246,-0.153521,-0.155497,0.076427
0.407228,0.515501,0.205786,-0.036806,0.125560,0.195817,0.213769,0.187196,0.035757,0.172469,0.852700,0.762346,0.499450,0.580242,0.047969,0.427669,1.027762,0.793136,0.283278,0.274737,0.308538,0.312315,0.264310,0.234965,-0.083030,0.279693,-0.263697,-0.021376,1.308408,0.000000,0.507714,0.583612,0.486553,0.518284,0.153362,0.201930,0.582502,0.351108,0.343884,0.315768,0.315694,0.652208,0.339147,0.405201,0.329221,0.320706,0.372318,0.297381,0.486742,0.278034,0.368828,0.202531,0.128437,0.085683,0.412079,0.435974,0.494682,0.442734,0.053890,0.084187,0.393960,0.255386,0.591948,0.595569,0.290728,0.284779,0.251776,0.244621,0.109864,0.304618,0.055221,0.025775,0.584145,0.723107,0.105307,0.246422,-0.083058,-0.010042,0.934355,0.883653,0.921363,0.810082,0.286219,0.342543,0.513588,0.470884,0.250493,-0.041532,-0.034076,0.245494
0.726679,0.679261,0.697047,0.668273,0.158331,0.494614,0.775806,0.754523,0.106551,0.244897,0.605571,0.782427,0.508288,0.669322,0.318972,0.450097,0.496612,0.490803,0.634867,0.593320,0.665954,0.702344,0.863741,0.854538,0.408512,0.397009,0.204419,0.272988,0.474545,0.507714,0.000000,1.580409,1.012475,0.973981,0.343651,0.362093,0.069528,0.099555,0.304031,0.525710,0.275299,0.462794,0.587419,0.615044,0.716174,0.669759,0.595473,0.584568,0.782183,0.591239,0.626441,0.511412,0.430035,0.406989,0.429389,0.543106,0.735806,0.697312,0.516021,0.468072,0.584940,0.530844,0.589297,0.713465,0.378120,0.384527,0.571024,0.541974,0.539036,0.612019,0.362540,0.312737,0.392772,0.520926,0.243841,0.232757,0.385355,0.295733,0.507623,0.458130,0.633051,0.593493,0.505902,0.428005,0.436858,0.483633,0.497062,0.140450,0.401019,0.521271
0.804583,0.654069,0.767799,0.502944,0.347050,0.588525,0.848079,0.734958,0.275552,0.334881,0.757086,0.826657,0.669010,0.835277,0.421515,0.622440,0.541511,0.507078,0.714132,0.626552,0.572782,0.654471,0.865243,0.789822,0.424765,0.546813,0.269136,0.418188,0.529633,0.583612,1.580409,0.000000,0.937659,0.956703,0.448718,0.422081,0.089219,0.065694,0.277873,0.550660,0.230864,0.438670,0.646880,0.673858,0.667821,0.683202,0.619050,0.606575,0.753527,0.519859,0.649738,0.493764,0.448916,0.439221,0.549563,0.577690,0.726786,0.677609,0.490542,0.413229,0.681501,0.561199,0.765495,0.764728,0.546794,0.438811,0.596037,0.558189,0.502721,0.639759,0.306403,0.309349,0.458814,0.590891,0.226245,0.371180,0.341935,0.234781,0.479650,0.417678,0.736713,0.681056,0.595072,0.525299,0.585213,0.551643,0.509707,0.251625,0.469604,0.606572
1.041279,1.024127,0.710152,0.647933,0.323049,0.650126,0.853521,0.756083,0.272561,0.379489,0.679885,0.954838,0.631879,0.757782,0.397927,0.526972,0.600423,0.772785,1.010415,0.911357,0.460905,0.448639,0.858980,0.664709,0.415865,0.449820,0.231530,0.262682,0.418521,0.486553,1.012475,0.937659,0.000000,1.668507,0.655186,0.710509,0.166459,0.060877,0.346664,0.720870,0.292186,0.381798,0.953137,0.774637,0.985987,0.887530,0.884411,0.880292,0.964681,0.729001,0.957079,0.675489,0.734072,0.655997,0.653856,0.785641,1.161557,1.177428,0.715366,0.717425,0.920024,0.770722,0.835405,1.090770,0.626664,0.578029,0.958186,0.874391,0.842877,0.938495,0.117864,0.167734,0.339181,0.511837,0.294156,0.311928,0.356160,0.359150,0.643970,0.560190,0.736591,0.750386,0.600112,0.502844,0.597262,0.691544,0.641009,0.270612,0.429744,0.772290
1.035302,1.198126,0.689342,0.698310,0.405381,0.683150,0.883481,0.864281,0.365887,0.393664,0.705394,1.103703,0.731268,0.803295,0.452143,0.530282,0.599959,0.843798,1.073110,0.998616,0.317458,0.421718,0.831213,0.695744,0.413754,0.452905,0.267866,0.308700,0.426832,0.518284,0.973981,0.956703,1.668507,0.000000,0.663036,0.673658,0.082164,0.043723,0.293242,0.520677,0.336973,0.304666,0.871436,0.698552,0.985441,0.874725,0.807726,0.802336,0.948079,0.773616,0.903777,0.673301,0.726784,0.592023,0.609679,0.667280,1.107409,1.183098,0.734675,0.737592,0.918852,0.903719,0.834319,1.140321,0.592542,0.549249,0.896856,0.835924,0.875269,0.886702,0.140676,0.163124,0.419157,0.590238,0.343543,0.347892,0.374888,0.355171,0.605972,0.535786,0.676133,0.770266,0.640132,0.440020,0.517683,0.574677,0.482565,0.228894,0.434718,0.701781
0.730255,0.526901,0.470786,0.445532,0.727823,0.960286,0.857009,0.801474,0.689542,0.820552,0.477418,0.563371,0.616070,0.692827,0.599293,0.654408,0.358379,0.304862,0.972168,0.684299,-0.087760,-0.045371,0.706973,0.428048,0.541644,0.814171,0.319129,0.305524,0.077358,0.153362,0.343651,0.448718,0.655186,0.663036,0.000000,1.364776,0.093197,-0.395238,0.135488,0.315717,0.046620,0.209774,0.539453,0.366655,0.556031,0.760485,0.449063,0.657528,0.546052,0.557373,0.733811,0.631847,0.705342,0.533070,0.627150,0.215627,0.440629,0.639243,0.809142,0.629223,1.172511,0.962023,0.628691,0.661873,1.070982,1.097465,1.181432,0.979893,0.692923,0.970313,-0.399428,-0.228957,0.315039,0.325916,0.297021,0.646174,0.042964,0.070115,0.101152,0.000059,0.227211,0.269495,0.576135,0.531255,0.480316,0.486392,0.418324,0.320388,0.506764,0.596412
0.653195,0.581502,0.468450,0.476091,0.635994,0.920743,0.754236,0.802408,0.622036,0.792124,0.414210,0.568765,0.550043,0.720310,0.595202,0.611205,0.349650,0.269724,0.965320,0.729497,-0.024339,0.013292,0.687538,0.458666,0.502459,0.772949,0.315477,0.310624,0.104756,0.201930,0.362093,0.422081,0.710509,0.673658,1.364776,0.000000,0.127996,-0.309865,0.184911,0.435790,0.057018,0.277561,0.644840,0.480641,0.658518,0.809366,0.573680,0.771841,0.654408,0.657375,0.846445,0.752082,0.760515,0.652423,0.656051,0.315181,0.450918,0.686497,0.747900,0.633975,1.050944,0.842251,0.611817,0.682436,0.961766,1.031201,1.177557,1.013022,0.734639,1.060347,-0.380551,-0.251043,0.336454,0.360628,0.273836,0.635962,0.004889,0.061146,0.214510,0.122661,0.333969,0.366236,0.569499,0.594075,0.505948,0.573194,0.435002,0.275159,0.462955,0.645134
0.143408,0.120917,0.153057,-0.175097,0.047391,0.135562,0.104480,-0.018861,0.029866,0.260656,0.538424,0.209511,0.254817,0.235528,-0.034665,0.250471,0.650914,0.170031,0.127280,0.142572,0.049555,-0.098451,0.120620,0.101385,-0.273320,0.198999,-0.492221,-0.260217,0.741493,0.582502,0.069528,0.089219,0.166459,0.082164,0.093197,0.127996,0.000000,0.340381,0.440386,0.200105,0.171155,0.664595,0.076283,0.089941,-0.017166,0.069298,0.131855,0.142931,0.133471,-0.014177,0.162673,0.086085,0.016624,-0.054977,0.419453,0.095996,0.116286,0.060839,-0.042013,-0.119689,0.203256,-0.066776,0.174056,0.120868,0.094081,0.161496,0.128542,0.087006,-0.038285,0.136051,-0.314962,-0.300038,0.292852,0.238535,-0.163433,0.123357,-0.384770,-0.307106,0.437361,0.399326,0.374232,0.237154,0.171354,0.162327,0.343034,0.282402,0.211442,-0.101702,-0.161216,-0.032386
-0.125527,0.046010,-0.084514,-0.074182,-0.422134,-0.338583,-0.226117,-0.232629,-0.345560,-0.369404,0.071319,0.100063,0.031571,0.003683,-0.168674,-0.152848,0.127721,0.108087,-0.154145,-0.031270,0.238524,0.041807,-0.038342,0.040122,-0.209085,-0.337104,-0.300105,-0.398583,0.324426,0.351108,0.099555,0.065694,0.060877,0.043723,-0.395238,-0.309865,0.340381,0.000000,0.179840,0.248797,0.322282,0.122421,-0.068959,-0.136453,-0.126486,-0.262216,-0.032589,-0.178039,-0.103069,-0.232580,-0.145641,-0.217271,-0.220433,-0.170391,-0.007819,0.132302,0.045533,-0.057915,-0.269276,-0.208690,-0.165609,-0.228148,-0.008000,0.014918,-0.212891,-0.317162,-0.242479,-0.237023,-0.188487,-0.212330,0.299891,0.285211,-0.026290,0.006194,-0.018263,-0.298251,0.115955,0.188519,0.260765,0.381534,0.348294,0.224877,0.024516,0.071683,0.126062,0.073327,0.068834,0.086858,-0.166134,-0.106259
0.396697,0.367808,0.307106,0.337125,0.189133,0.282786,0.234599,0.308035,0.163971,0.264959,0.266211,0.360536,0.375111,0.296474,0.299620,0.423145,0.322259,0.265144,0.354751,0.385398,0.350766,0.273954,0.284835,0.266751,0.060065,0.257316,0.080441,0.153394,0.340245,0.343884,0.304031,0.277873,0.346664,0.293242,0.135488,0.184911,0.440386,0.179840,0.000000,0.479739,0.714041,0.459869,0.346759,0.393940,0.290261,0.285669,0.407044,0.340723,0.367827,0.194509,0.342624,0.176307,0.224321,0.192747,0.571932,0.527112,0.294531,0.275739,0.165480,0.159664,0.248268,0.206710,0.285504,0.351246,0.131950,0.157299,0.274353,0.256080,0.270501,0.303715,-0.006154,-0.026632,0.219034,0.313965,0.262747,0.085732,-0.020775,-0.016901,0.382394,0.158408,0.437302,0.535457,0.496938,0.269551,0.478540,0.529252,0.791940,0.301804,0.392589,0.366493
0.471714,0.429459,0.540622,0.405962,0.204716,0.449046,0.492424,0.404003,0.216495,0.251576,0.297421,0.397354,0.382528,0.607822,0.518550,0.521938,0.213782,0.301433,0.536971,0.453318,0.549410,0.388435,0.599053,0.506602,0.466948,0.333906,0.340937,0.310333,0.174911,0.315768,0.525710,0.550660,0.720870,0.520677,0.315717,0.435790,0.200105,0.248797,0.479739,0.000000,0.298291,0.388508,0.694784,0.616216,0.701875,0.613435,0.670421,0.592574,0.640793,0.440522,0.589740,0.424519,0.490615,0.598343,0.645429,0.759495,0.541104,0.583399,0.430317,0.509923,0.496820,0.322032,0.551244,0.509006,0.595254,0.386797,0.632806,0.538191,0.340682,0.624879,0.027091,0.123914,0.085181,0.261121,0.175877,0.197072,0.318153,0.318627,0.390829,0.393340,0.718754,0.654724,0.706726,0.808847,0.756504,0.792743,0.864262,0.674629,0.624001,0.819896
0.229825,0.325860,0.149597,0.328538,0.072926,0.169101,0.170968,0.285267,0.065044,0.079448,0.129254,0.337404,0.412449,0.153745,0.198242,0.199779,0.160769,0.173673,0.321998,0.353421,0.194104,0.080652,0.221081,0.235579,0.106879,0.150159,0.019211,-0.069097,0.280279,0.315694,0.275299,0.230864,0.292186,0.336973,0.046620,0.057018,0.171155,0.322282,0.714041,0.298291,0.000000,0.238796,0.119328,0.081816,0.201544,0.117010,0.092487,0.095099,0.252447,0.093187,0.219497,0.112359,0.050546,0.072334,0.225465,0.360958,0.166801,0.100331,0.090960,0.098440,0.144335,0.163674,0.265613,0.319177,0.017931,-0.011192,0.166705,0.164916,0.221931,0.127667,0.052130,0.036051,0.353578,0.294251,0.369153,-0.065987,0.126450,0.267487,0.140924,0.124235,0.364234,0.380422,0.516103,0.242342,0.303267,0.385545,0.473600,0.285791,0.145320,0.254874
0.279565,0.263829,0.301496,0.088924,0.096965,0.291342,0.263490,0.281150,0.043986,0.323870,0.546307,0.420943,0.366230,0.492040,0.100526,0.432000,0.622200,0.264013,0.257765,0.247206,0.357573,0.299367,0.313542,0.348750,-0.096857,0.286999,-0.256739,-0.045187,0.655305,0.652208,0.462794,0.438670,0.381798,0.304666,0.209774,0.277561,0.664595,0.122421,0.459869,0.388508,0.238796,0.000000,0.244765,0.308082,0.261190,0.314505,0.252982,0.305345,0.326617,0.153488,0.242151,0.123664,0.111684,0.099326,0.448531,0.210670,0.186565,0.288181,0.131251,0.114119,0.346464,0.271665,0.297302,0.411515,0.306318,0.374885,0.310744,0.268853,0.057638,0.292244,-0.032310,-0.045952,0.541897,0.594752,0.120237,0.424701,-0.105070,-0.052523,0.499212,0.427282,0.482903,0.386359,0.271744,0.321329,0.434069,0.378098,0.381553,-0.090304,0.116473,0.126322
0.639190,0.659078,0.465850,0.397407,0.392690,0.572843,0.494003,0.502454,0.312415,0.326613,0.420719,0.562205,0.388188,0.707116,0.400380,0.526516,0.391650,0.700402,0.710045,0.559870,0.394474,0.427335,0.503953,0.409897,0.481056,0.462492,0.423696,0.564259,0.204489,0.339147,0.587419,0.646880,0.953137,0.871436,0.539453,0.644840,0.076283,-0.068959,0.346759,0.694784,0.119328,0.244765,0.000000,1.229876,1.116424,1.031852,1.775714,1.454141,1.103824,0.802867,1.076556,0.711536,0.903263,1.031053,0.837103,1.125147,0.958038,1.018119,0.634716,0.663589,0.740319,0.611021,0.757484,0.816174,0.683906,0.518052,0.798892,0.820455,0.604316,0.792396,-0.066074,-0.061109,0.032439,0.259593,0.194837,0.149693,0.300697,0.169399,0.685918,0.495721,0.661118,0.829358,0.433230,0.359498,0.715817,0.764978,0.531798,0.309229,0.558308,0.876456
0.614223,0.563385,0.522941,0.340853,0.279840,0.480283,0.448912,0.442761,0.200398,0.231891,0.383575,0.510090,0.249744,0.522047,0.244536,0.399940,0.304969,0.638322,0.576679,0.472727,0.456249,0.596333,0.393193,0.388238,0.270991,0.370277,0.271381,0.540694,0.250786,0.405201,0.615044,0.673858,0.774637,0.698552,0.366655,0.480641,0.089941,-0.136453,0.393940,0.616216,0.081816,0.308082,1.229876,0.000000,1.227633,1.236369,1.164518,1.180457,1.169831,0.900826,0.869745,0.584075,0.518157,0.622761,0.613573,1.017111,0.732437,0.792238,0.399248,0.473475,0.530052,0.436755,0.550957,0.643089,0.484032,0.392197,0.609803,0.578378,0.469983,0.731684,0.084083,0.039589,0.154527,0.405746,0.128379,0.244855,0.315409,0.198761,0.736539,0.499629,0.572706,0.819530,0.308572,0.257348,0.555339,0.624759,0.398998,0.181213,0.434630,0.697349
0.658600,0.684314,0.552561,0.578804,0.335363,0.685019,0.664747,0.706089,0.329147,0.349650,0.348549,0.598019,0.401066,0.585046,0.481084,0.430471,0.289235,0.589609,0.793000,0.633030,0.319331,0.444459,0.572566,0.519634,0.397861,0.414238,0.350010,0.474107,0.184595,0.329221,0.716174,0.667821,0.985987,0.985441,0.556031,0.658518,-0.017166,-0.126486,0.290261,0.701875,0.201544,0.261190,1.116424,1.227633,0.000000,1.637964,1.078993,1.211215,1.536556,1.318611,1.097960,0.814787,0.714376,0.698721,0.617603,0.819651,0.773873,0.901543,0.695142,0.810929,0.803744,0.736048,0.704822,0.766106,0.578444,0.576006,0.931736,0.854833,0.684891,0.877108,0.042582,0.012022,0.203572,0.424100,0.270613,0.296615,0.453937,0.415426,0.605865,0.451797,0.547873,0.667329,0.524914,0.368785,0.483693,0.585772,0.437996,0.276430,0.544528,0.798226
0.709066,0.613680,0.592671,0.543075,0.461082,0.877932,0.763174,0.821853,0.438567,0.507832,0.417237,0.621717,0.431012,0.703570,0.503392,0.546859,0.325113,0.509904,0.889729,0.683553,0.255756,0.377961,0.618804,0.546705,0.443914,0.610307,0.329053,0.497494,0.173141,0.320706,0.669759,0.683202,0.887530,0.874725,0.760485,0.809366,0.069298,-0.262216,0.285669,0.613435,0.117010,0.314505,1.031852,1.236369,1.637964,0.000000,1.023259,1.326065,1.489515,1.400282,1.226817,0.912044,0.794271,0.699924,0.767499,0.748148,0.682971,0.854523,0.798208,0.819728,0.965268,0.820956,0.687757,0.758405,0.726852,0.781803,1.160522,1.069188,0.731018,1.090078,-0.115925,-0.115356,0.233658,0.431338,0.222160,0.400323,0.308466,0.277030,0.524195,0.339687,0.470512,0.618201,0.527296,0.397679,0.567944,0.683298,0.434465,0.285763,0.590657,0.823892
0.600308,0.600465,0.406807,0.369511,0.361240,0.565489,0.473885,0.479435,0.301094,0.382412,0.464064,0.545268,0.372954,0.701020,0.396019,0.472120,0.432147,0.656224,0.632951,0.521474,0.355426,0.384572,0.472133,0.373570,0.407894,0.448073,0.331479,0.507789,0.248782,0.372318,0.595473,0.619050,0.884411,0.807726,0.449063,0.573680,0.131855,-0.032589,0.407044,0.670421,0.092487,0.252982,1.775714,1.164518,1.078993,1.023259,0.000000,1.425324,1.230652,0.885419,1.146088,0.767138,0.974669,0.921233,0.942751,1.192255,0.838844,0.875466,0.627241,0.622697,0.710451,0.567638,0.729319,0.765875,0.594737,0.485440,0.748147,0.778671,0.516587,0.720860,-0.066960,-0.089441,0.033198,0.282017,0.161246,0.145599,0.236996,0.109109,0.724981,0.516083,0.685068,0.814136,0.385602,0.334698,0.684765,0.736480,0.469967,0.233408,0.512035,0.768367
0.653926,0.531443,0.438702,0.402689,0.471400,0.767427,0.584323,0.606139,0.434124,0.522861,0.402748,0.520964,0.375005,0.695376,0.455273,0.546956,0.364957,0.529226,0.814106,0.643739,0.275531,0.303557,0.510242,0.391092,0.452816,0.619882,0.354410,0.526083,0.181943,0.297381,0.584568,0.606575,0.880292,0.802336,0.657528,0.771841,0.142931,-0.178039,0.340723,0.592574,0.095099,0.305345,1.454141,1.180457,1.211215,1.326065,1.425324,0.000000,1.158903,0.945396,1.155681,0.880358,0.949097,0.996789,0.952001,0.893327,0.714294,0.827440,0.756991,0.671804,0.851285,0.698175,0.656678,0.756013,0.674736,0.640217,0.994463,1.021932,0.713521,0.928153,-0.239832,-0.245306,0.084071,0.266148,0.152478,0.297067,0.181501,0.102101,0.537271,0.358041,0.492077,0.672882,0.452950,0.377164,0.598054,0.726180,0.464199,0.243678,0.537303,0.798121
0.663303,0.688248,0.527882,0.484999,0.342877,0.704990,0.669853,0.710897,0.320308,0.419917,0.539684,0.741549,0.459625,0.693301,0.422171,0.447227,0.457605,0.642826,0.754471,0.603544,0.313717,0.405382,0.585272,0.527764,0.335537,0.534877,0.237716,0.419783,0.354892,0.486742,0.782183,0.753527,0.964681,0.948079,0.546052,0.654408,0.133471,-0.103069,0.367827,0.640793,0.252447,0.326617,1.103824,1.169831,1.536556,1.489515,1.230652,1.158903,0.000000,1.357250,1.441133,0.922501,0.778334,0.639671,0.786383,0.961261,0.746954,0.795991,0.662737,0.687410,0.855716,0.658224,0.824638,0.813306,0.581778,0.592985,0.914767,0.893855,0.580222,0.838492,0.004052,-0.031440,0.261457,0.467291,0.231790,0.242593,0.275543,0.265816,0.720746,0.557558,0.692620,0.782525,0.498599,0.356969,0.604033,0.737549,0.401254,0.172140,0.432821,0.727956
