0.000000,1.144276,0.902008,0.554343,0.570555,0.464452,0.859392,0.721430,0.486797,0.476776,0.829347,1.055430,0.928641,0.859551,0.890414,0.694448,0.550220,0.582830,0.938470,0.733652,0.381876,0.474870,0.623104,0.448072,0.449066,0.395162,0.407242,0.432515,0.634547,0.643061,0.466903,0.456729,0.555793,0.630928,0.297182,0.274725,0.550766,0.604382,0.433921,0.300821,0.531329,0.499479,0.826153,0.729684,0.597896,0.645236,0.777963,0.625721,0.925995,0.766564,0.903536,0.763664,0.822066,0.674373,0.690362,0.708923,0.674591,0.922139,0.732184,0.869892,0.936025,0.838269,0.773711,0.889647,0.613286,0.342534,0.642021,0.530264,0.522985,0.719992,0.683741,0.624232,0.769340,0.672543,0.791268,0.665920,0.717384,0.619277,0.298425,0.611294,0.584377,0.837474,0.504096,0.566109,0.681263,0.753115,-0.013949,0.020835,0.659361,0.854098
1.144276,0.000000,0.656458,0.479100,0.499188,0.424331,0.601483,0.609723,0.299410,0.307019,0.490927,0.793132,0.511727,0.635910,0.626280,0.599593,0.718138,0.810165,1.168260,1.288877,0.406801,0.475032,0.500117,0.448292,0.459247,0.456120,0.411232,0.387786,0.618517,0.710891,0.620357,0.566485,0.712028,0.738121,0.256225,0.257693,0.609800,0.692894,0.480174,0.376246,0.475245,0.504469,1.076700,0.949235,0.789555,0.823042,0.978627,0.866076,0.787423,0.726765,0.719464,0.565658,0.619000,0.766904,0.646148,0.715534,1.196672,1.536697,0.693856,0.782023,0.666274,0.594115,0.759823,0.887676,0.352319,0.215087,0.631657,0.569049,0.754636,0.946731,0.572249,0.559999,0.695013,0.626502,0.766834,0.674410,0.723097,0.744920,0.391691,0.624496,0.757401,1.020829,0.503055,0.721519,0.586752,0.711813,-0.012556,0.074333,0.532658,0.690434
0.902008,0.656458,0.000000,0.883335,0.824407,0.678524,1.325219,0.711582,0.658662,0.657903,0.560727,0.552427,0.694992,0.563592,0.896082,0.671382,0.444397,0.505991,0.769352,0.460135,0.523079,0.459168,1.266364,0.854787,0.910006,0.678961,0.628015,0.671200,0.536244,0.484370,0.594273,0.464043,0.493040,0.473561,0.724975,0.647051,0.663412,0.695177,0.730617,0.449609,0.433293,0.365642,0.612541,0.599508,0.455689,0.554671,0.709672,0.714244,0.828141,0.623553,0.986857,0.756843,0.631549,0.564103,0.819329,0.760124,0.566693,0.726522,0.822249,0.788577,0.823286,0.574111,0.647277,0.586294,0.835605,0.856970,0.991889,0.836605,0.602102,0.740174,0.517938,0.477930,0.523263,0.428875,0.550469,0.591654,0.737807,0.597140,0.301243,0.717188,0.610217,0.792887,0.608716,0.636075,0.862797,0.955866,0.079980,0.047533,0.809154,1.178037
0.554343,0.479100,0.883335,0.000000,0.807360,0.769551,1.021637,1.371443,0.690982,0.758380,0.422799,0.512667,0.406153,0.606058,0.623463,0.769407,0.569551,0.465515,0.738941,0.585181,0.460564,0.505876,0.616670,0.783300,0.502549,0.644090,0.351516,0.410368,0.608568,0.622153,0.774541,0.785865,0.544249,0.630769,0.342844,0.451026,0.681669,0.667246,0.428948,0.276470,0.325600,0.345167,0.470332,0.467421,0.432224,0.551568,0.497162,0.571799,0.585260,0.622307,0.536933,0.584860,0.425039,0.492162,0.532620,0.640918,0.488375,0.497069,0.706322,0.813488,0.480201,0.870677,0.693252,0.605267,0.654961,1.054570,0.730728,0.844048,0.521026,0.682759,0.470301,0.528514,0.568520,0.559474,0.620381,0.612126,0.674740,0.636436,0.398148,0.635206,0.639492,0.659366,0.562614,0.532053,0.610439,0.885544,0.008507,0.046123,0.403224,0.972436
0.570555,0.499188,0.824407,0.807360,0.000000,1.206857,0.750505,0.809112,0.987827,1.133413,0.425195,0.472336,0.589733,0.623507,0.967846,0.950744,0.507268,0.496920,0.733728,0.495505,0.518510,0.488368,0.622954,0.559956,0.618198,0.822318,0.771775,0.874295,0.667906,0.652252,0.749188,0.653952,0.424260,0.460272,0.397943,0.516211,0.688556,0.678195,0.438830,0.220961,0.248442,0.278896,0.689361,0.641346,0.513977,0.560894,0.702631,0.762601,0.776934,0.650675,0.706964,0.640930,0.576661,0.590725,0.643149,0.626934,0.518403,0.567272,0.859585,0.749701,0.680409,0.680841,0.693112,0.669536,0.703971,0.708963,0.835178,0.816842,0.551860,0.709407,0.437920,0.350363,0.391841,0.381217,0.547697,0.594096,0.675592,0.601607,0.416708,0.670493,0.634409,0.627903,0.525077,0.535256,0.593378,0.867108,-0.111839,-0.079867,0.370032,1.075954
0.464452,0.424331,0.678524,0.769551,1.206857,0.000000,0.600018,0.742085,0.719298,1.199324,0.372923,0.392439,0.450670,0.541841,0.798225,0.827199,0.638998,0.485856,0.671841,0.499817,0.534298,0.507811,0.595024,0.567740,0.541236,0.920639,0.765412,0.963503,0.603192,0.612251,0.677462,0.597912,0.387058,0.435876,0.369286,0.442220,0.643684,0.694585,0.474009,0.266890,0.217865,0.289084,0.613527,0.594468,0.418704,0.469137,0.622978,0.727823,0.622709,0.532231,0.542434,0.475825,0.451341,0.468311,0.537838,0.505176,0.561483,0.559779,0.778965,0.663150,0.594988,0.578953,0.649068,0.571606,0.591387,0.694666,0.763155,0.794389,0.555872,0.695533,0.273544,0.279965,0.267203,0.232642,0.351233,0.380766,0.605439,0.516289,0.461546,0.630178,0.736143,0.672900,0.599193,0.607774,0.619631,0.789747,0.011734,-0.092009,0.426642,0.866237
0.859392,0.601483,1.325219,1.021637,0.750505,0.600018,0.000000,1.074372,0.653287,0.585330,0.644212,0.639647,0.838575,0.703874,0.777486,0.624789,0.394912,0.440480,0.730504,0.500228,0.361633,0.373085,0.850187,0.654169,0.559227,0.489651,0.391724,0.454231,0.513027,0.503565,0.479100,0.440455,0.533328,0.630554,0.501232,0.480266,0.507302,0.504531,0.473381,0.301574,0.453240,0.347786,0.601714,0.617134,0.530765,0.589061,0.664056,0.592520,0.849738,0.686208,0.871045,0.736821,0.600477,0.490746,0.758633,0.716759,0.422893,0.579942,0.625561,0.698557,0.658165,0.723918,0.607316,0.649203,0.802207,0.790217,0.706615,0.626556,0.393871,0.518489,0.598131,0.581967,0.625034,0.509243,0.625985,0.664665,0.695177,0.615515,0.315002,0.584510,0.508904,0.689198,0.541552,0.544052,0.737821,0.830097,0.074803,0.070660,0.611328,0.873120
0.721430,0.609723,0.711582,1.371443,0.809112,0.742085,1.074372,0.000000,0.672519,0.721384,0.617080,0.804232,0.621501,0.988472,0.755578,0.919562,0.594115,0.494767,0.867607,0.742333,0.414063,0.475809,0.427676,0.534839,0.284383,0.505864,0.281327,0.341037,0.739476,0.817280,0.746638,0.818856,0.605909,0.764076,0.141423,0.282935,0.614606,0.618336,0.312091,0.171957,0.397471,0.350915,0.616926,0.616338,0.587275,0.662279,0.604060,0.605243,0.702008,0.752290,0.597387,0.644302,0.576693,0.540477,0.554216,0.644278,0.489784,0.544971,0.731078,0.897237,0.525266,1.192881,0.795136,0.871168,0.660916,0.669080,0.638295,0.696986,0.463267,0.671573,0.564491,0.629039,0.689561,0.668519,0.684550,0.732493,0.711366,0.678367,0.427437,0.624067,0.680865,0.741097,0.606067,0.590997,0.637974,0.854664,0.001468,-0.005521,0.353659,0.848441
0.486797,0.299410,0.658662,0.690982,0.987827,0.719298,0.653287,0.672519,0.000000,0.970923,0.404053,0.474345,0.634680,0.546156,0.743425,0.677512,0.365330,0.344130,0.483510,0.302657,0.264357,0.255739,0.478817,0.307273,0.346758,0.396680,0.388113,0.350838,0.553112,0.491696,0.427961,0.315747,0.195124,0.256553,0.105949,0.173798,0.487847,0.438818,0.182017,0.013604,0.116767,0.213447,0.416312,0.382056,0.243996,0.335176,0.366151,0.416886,0.625367,0.573750,0.564513,0.536553,0.611792,0.502320,0.409293,0.449245,0.231464,0.288305,0.648068,0.628441,0.569796,0.697602,0.458541,0.552606,0.700231,0.624071,0.580219,0.577277,0.385089,0.512861,0.257164,0.204376,0.327081,0.356934,0.506244,0.499243,0.472903,0.391401,0.328052,0.461696,0.425047,0.418850,0.288687,0.337158,0.373025,0.520485,-0.178223,-0.127665,0.246442,0.742820
0.476776,0.307019,0.657903,0.758380,1.133413,1.199324,0.585330,0.721384,0.970923,0.000000,0.527173,0.487245,0.615663,0.627162,0.854733,0.797664,0.500431,0.446035,0.542776,0.335414,0.405008,0.352338,0.579834,0.451367,0.435466,0.651505,0.633428,0.719753,0.634043,0.535017,0.531718,0.523958,0.210497,0.225772,0.275255,0.340425,0.662222,0.639933,0.367913,0.105308,0.144651,0.206760,0.457365,0.387756,0.231419,0.318031,0.437873,0.482863,0.602237,0.494538,0.531367,0.457926,0.416865,0.483360,0.456962,0.417650,0.370021,0.406720,0.624135,0.624365,0.546751,0.669284,0.530895,0.502458,0.794871,0.754469,0.618324,0.655952,0.427525,0.567796,0.270646,0.264047,0.259923,0.257524,0.387024,0.447548,0.548084,0.406409,0.274687,0.587781,0.539725,0.543349,0.405659,0.413829,0.497429,0.691670,-0.152206,-0.123824,0.377647,0.887756
0.829347,0.490927,0.560727,0.422799,0.425195,0.372923,0.644212,0.617080,0.404053,0.527173,0.000000,0.784885,1.040443,0.910342,0.834072,0.508950,0.455095,0.467302,0.640764,0.435515,0.164422,0.233516,0.464572,0.219945,0.246242,0.242400,0.268756,0.359068,0.627551,0.487087,0.413589,0.484603,0.273161,0.228036,0.137968,0.105875,0.504309,0.396516,0.155850,-0.048559,0.332439,0.299419,0.480605,0.394161,0.328678,0.332977,0.403060,0.297356,0.542410,0.453987,0.540418,0.397793,0.450575,0.456377,0.337165,0.308778,0.301269,0.417390,0.352595,0.408662,0.475670,0.530915,0.422437,0.476373,0.787332,0.294293,0.299389,0.235322,0.226055,0.325426,0.502353,0.472744,0.597819,0.462739,0.513540,0.460560,0.510800,0.415047,0.061158,0.513383,0.307348,0.565125,0.304417,0.243512,0.472027,0.472385,-0.181947,-0.057577,0.423396,0.475258
1.055430,0.793132,0.552427,0.512667,0.472336,0.392439,0.639647,0.804232,0.474345,0.487245,0.784885,0.000000,0.864082,1.299168,0.736504,0.634494,0.477943,0.527616,0.630463,0.599915,0.294899,0.371928,0.404017,0.260610,0.178762,0.179146,0.283390,0.254615,0.570178,0.585687,0.407162,0.460737,0.474403,0.554544,0.116046,0.107465,0.472875,0.479799,0.373230,0.227231,0.394081,0.359739,0.600760,0.518155,0.507519,0.559067,0.539178,0.413363,0.840378,0.838424,0.739038,0.798488,0.898717,0.620463,0.612165,0.723757,0.460384,0.620944,0.651253,0.931379,0.718356,1.060003,0.712050,0.967534,0.529573,0.194608,0.464423,0.413278,0.329816,0.537881,0.586775,0.656084,0.692514,0.659487,0.643480,0.657724,0.645865,0.552399,0.140067,0.466327,0.452415,0.680119,0.414736,0.512840,0.442720,0.471319,0.008633,0.072649,0.479683,0.641721
0.928641,0.511727,0.694992,0.406153,0.589733,0.450670,0.838575,0.621501,0.634680,0.615663,1.040443,0.864082,0.000000,0.898241,0.885046,0.470121,0.381249,0.527381,0.556336,0.341681,0.118609,0.232520,0.549525,0.208686,0.309222,0.225299,0.329204,0.387879,0.549408,0.491558,0.339172,0.331288,0.353588,0.352980,0.221476,0.181502,0.373032,0.387196,0.192472,-0.021673,0.337682,0.367383,0.474259,0.405550,0.341489,0.347557,0.422006,0.304745,0.772896,0.553443,0.709777,0.575745,0.691900,0.475295,0.540464,0.422744,0.304633,0.474287,0.514547,0.574766,0.813603,0.696992,0.517180,0.674751,0.955870,0.360859,0.430565,0.303631,0.291358,0.408231,0.537051,0.403115,0.556608,0.455090,0.516451,0.475368,0.577630,0.485824,0.182686,0.557581,0.305241,0.559031,0.173773,0.242169,0.447062,0.487951,-0.224413,-0.047933,0.426976,0.618041
0.859551,0.635910,0.563592,0.606058,0.623507,0.541841,0.703874,0.988472,0.546156,0.627162,0.910342,1.299168,0.898241,0.000000,0.906494,0.910971,0.551940,0.523403,0.693903,0.618528,0.277371,0.404878,0.414246,0.368638,0.214053,0.277516,0.307938,0.354806,0.650114,0.647928,0.556419,0.617916,0.454469,0.486330,0.110562,0.161753,0.563973,0.500622,0.279252,0.091333,0.412973,0.348424,0.617593,0.537964,0.509349,0.501438,0.545478,0.449038,0.710219,0.731785,0.712685,0.709795,0.828706,0.671626,0.598128,0.692140,0.413056,0.519583,0.671429,0.777829,0.629273,0.954463,0.791401,0.967501,0.645864,0.256823,0.491758,0.431065,0.343642,0.563581,0.565345,0.665861,0.677197,0.645560,0.656044,0.711494,0.722216,0.610423,0.197960,0.545277,0.478214,0.699129,0.480083,0.530735,0.549845,0.648692,-0.022165,0.122611,0.426574,0.752582
0.890414,0.626280,0.896082,0.623463,0.967846,0.798225,0.777486,0.755578,0.743425,0.854733,0.834072,0.736504,0.885046,0.906494,0.000000,1.116442,0.619958,0.557390,0.811331,0.546205,0.637720,0.596565,0.691654,0.500084,0.577316,0.713364,0.699421,0.759730,0.954629,0.841085,0.670176,0.579367,0.350103,0.343971,0.332700,0.303471,0.782761,0.681668,0.357065,0.115337,0.476877,0.370891,0.686702,0.605006,0.461861,0.487809,0.603041,0.592595,0.735912,0.648266,0.848523,0.661965,0.689739,0.634503,0.590598,0.553720,0.499889,0.644547,0.708433,0.699761,0.775833,0.645257,0.712349,0.667711,0.744095,0.477466,0.620672,0.522707,0.416157,0.604315,0.469630,0.437442,0.614889,0.530000,0.625046,0.556866,0.629489,0.466353,0.362854,0.871415,0.685223,0.800130,0.648022,0.497038,0.689569,0.812947,-0.093131,-0.127741,0.500951,0.888895
0.694448,0.599593,0.671382,0.769407,0.950744,0.827199,0.624789,0.919562,0.677512,0.797664,0.508950,0.634494,0.470121,0.910971,1.116442,0.000000,0.575637,0.472667,0.812640,0.678662,0.691114,0.560161,0.467931,0.649011,0.469942,0.794835,0.639942,0.600507,0.878780,0.994240,0.783246,0.667128,0.341146,0.406832,0.191918,0.288476,0.773833,0.790398,0.374882,0.199090,0.373905,0.356223,0.759642,0.723032,0.537346,0.556195,0.692840,0.768173,0.591348,0.634860,0.669335,0.594293,0.629429,0.606795,0.565239,0.583702,0.522266,0.570855,0.789646,0.739528,0.594594,0.713656,0.800238,0.757920,0.510228,0.452258,0.697181,0.666235,0.491958,0.763475,0.320909,0.393980,0.506462,0.517307,0.624884,0.616095,0.524426,0.435624,0.537201,0.740027,0.865632,0.777900,0.830439,0.773186,0.824435,1.102737,0.019550,-0.003816,0.369724,0.977958
0.550220,0.718138,0.444397,0.569551,0.507268,0.638998,0.394912,0.594115,0.365330,0.500431,0.455095,0.477943,0.381249,0.551940,0.619958,0.575637,0.000000,1.110531,0.865211,0.879697,0.386180,0.495734,0.330584,0.380812,0.389960,0.582913,0.333752,0.421270,0.950656,0.934974,0.880725,0.923065,0.625045,0.517299,0.227097,0.228944,0.793817,0.706582,0.302440,0.193794,0.295807,0.435362,0.614250,0.562653,0.476735,0.426171,0.504678,0.561283,0.394403,0.391596,0.333613,0.264721,0.301529,0.517651,0.347699,0.402095,0.970814,0.835091,0.625319,0.551079,0.587141,0.430868,0.994138,0.677499,0.393725,0.320281,0.516952,0.511928,0.620538,0.702158,0.335333,0.298308,0.531489,0.498184,0.447794,0.416974,0.602238,0.578309,0.621940,0.849041,0.923757,0.917864,0.352780,0.448859,0.451386,0.589019,-0.213999,-0.085501,0.239498,0.575609
0.582830,0.810165,0.505991,0.465515,0.496920,0.485856,0.440480,0.494767,0.344130,0.446035,0.467302,0.527616,0.527381,0.523403,0.557390,0.472667,1.110531,0.000000,0.862591,0.841319,0.263125,0.413799,0.380824,0.326630,0.492488,0.442973,0.324693,0.360445,0.830895,0.893275,0.757655,0.789624,0.623652,0.499104,0.266119,0.270808,0.690685,0.594293,0.311178,0.104268,0.180706,0.425961,0.642130,0.547782,0.525321,0.469769,0.590717,0.577337,0.525624,0.432143,0.430880,0.339447,0.306404,0.518138,0.450498,0.435850,0.948271,0.889864,0.557724,0.554570,0.558265,0.387613,0.784349,0.702230,0.452321,0.384880,0.524361,0.467073,0.640462,0.739114,0.374794,0.323405,0.567904,0.554684,0.475875,0.472852,0.559745,0.594755,0.662080,0.892478,0.720383,0.917603,0.163718,0.397368,0.474756,0.600505,-0.363902,0.020988,0.215210,0.548446
0.938470,1.168260,0.769352,0.738941,0.733728,0.671841,0.730504,0.867607,0.483510,0.542776,0.640764,0.630463,0.556336,0.693903,0.811331,0.812640,0.865211,0.862591,0.000000,1.435774,0.420812,0.469206,0.542838,0.547554,0.490372,0.603972,0.457778,0.448657,0.834300,0.898909,0.930669,0.824194,0.810951,0.728033,0.222208,0.300028,0.788189,0.777755,0.445917,0.261196,0.422957,0.462404,0.959202,0.869933,0.701518,0.702407,0.895286,0.893596,0.692652,0.609977,0.599792,0.451468,0.498477,0.721034,0.581149,0.634150,1.014355,1.094121,0.782512,0.755670,0.630117,0.654216,0.835738,0.804358,0.541640,0.427110,0.707668,0.687095,0.841223,0.982866,0.545726,0.540397,0.713442,0.617423,0.750066,0.717245,0.841690,0.832833,0.481039,0.838510,0.886782,1.066301,0.657392,0.753819,0.727601,0.855436,-0.045987,0.021875,0.475050,0.831250
0.733652,1.288877,0.460135,0.585181,0.495505,0.499817,0.500228,0.742333,0.302657,0.335414,0.435515,0.599915,0.341681,0.618528,0.546205,0.678662,0.879697,0.841319,1.435774,0.000000,0.374500,0.436593,0.312080,0.453970,0.337280,0.474989,0.285788,0.289991,0.719877,0.859588,0.799723,0.761441,0.813494,0.795830,0.107720,0.201900,0.614265,0.662444,0.311716,0.213276,0.361270,0.465704,0.895641,0.807031,0.720822,0.686680,0.756515,0.757646,0.537282,0.541210,0.452057,0.329249,0.416264,0.662816,0.431030,0.548242,1.006990,1.048958,0.608641,0.644843,0.442959,0.548166,0.757551,0.848509,0.261722,0.229172,0.506221,0.534899,0.750559,0.877126,0.426824,0.473819,0.687464,0.641706,0.684172,0.631557,0.678921,0.756752,0.448214,0.662295,0.825515,0.966773,0.540712,0.717928,0.513768,0.668261,-0.030853,0.050088,0.334634,0.570593
0.381876,0.406801,0.523079,0.460564,0.518510,0.534298,0.361633,0.414063,0.264357,0.405008,0.164422,0.294899,0.118609,0.277371,0.637720,0.691114,0.386180,0.263125,0.420812,0.374500,0.000000,0.678100,0.332755,0.359290,0.457700,0.876590,0.779191,0.673605,0.701330,0.616113,0.586476,0.436112,0.164619,0.160550,0.226678,0.167238,0.664738,0.717101,0.517912,0.356061,0.408943,0.109317,0.448514,0.430552,0.318964,0.425749,0.447881,0.579808,0.407339,0.397094,0.417197,0.390414,0.345860,0.214692,0.289014,0.293020,0.473582,0.530501,0.596063,0.534771,0.455636,0.291028,0.486652,0.298077,0.223336,0.303311,0.596751,0.577877,0.330330,0.528840,0.237861,0.261450,0.301208,0.269745,0.352835,0.339905,0.354368,0.196953,0.279971,0.681554,0.851236,0.696258,0.844589,0.547031,0.442090,0.623922,0.207894,-0.204179,0.454808,0.566206
0.474870,0.475032,0.459168,0.505876,0.488368,0.507811,0.373085,0.475809,0.255739,0.352338,0.233516,0.371928,0.232520,0.404878,0.596565,0.560161,0.495734,0.413799,0.469206,0.436593,0.678100,0.000000,0.373631,0.478058,0.539300,0.600669,0.400355,0.450670,0.572052,0.596892,0.551607,0.533896,0.382310,0.420544,0.234128,0.289644,0.555916,0.399896,0.256697,0.129865,0.590030,0.555866,0.404207,0.452864,0.503829,0.517544,0.399909,0.434063,0.462585,0.478547,0.514662,0.494354,0.484620,0.460129,0.324067,0.441378,0.469329,0.507333,0.542442,0.480758,0.465689,0.409521,0.566944,0.476457,0.267941,0.364010,0.503140,0.487492,0.435537,0.554391,0.480473,0.551547,0.569146,0.639262,0.612466,0.418018,0.549578,0.519598,0.430982,0.528570,0.568116,0.521134,0.342245,0.289179,0.417575,0.604918,-0.072268,-0.085964,0.264693,0.508032
0.623104,0.500117,1.266364,0.616670,0.622954,0.595024,0.850187,0.427676,0.478817,0.579834,0.464572,0.404017,0.549525,0.414246,0.691654,0.467931,0.330584,0.380824,0.542838,0.312080,0.332755,0.373631,0.000000,0.973880,0.874659,0.554954,0.596603,0.637894,0.256679,0.230490,0.417204,0.320439,0.370572,0.307243,0.886929,0.674031,0.557032,0.506691,0.663179,0.448526,0.396695,0.389251,0.487065,0.474514,0.341999,0.397233,0.561148,0.581322,0.620093,0.431969,0.813592,0.536484,0.393640,0.564386,0.684453,0.695268,0.474711,0.581658,0.560913,0.513622,0.625917,0.340138,0.407271,0.344502,0.753901,0.715615,0.698654,0.570932,0.549277,0.538186,0.465978,0.474023,0.356124,0.300585,0.416080,0.424373,0.593255,0.519631,0.164752,0.413762,0.350957,0.522597,0.413767,0.520945,0.703224,0.681043,0.060927,0.238737,0.745518,0.833276
0.448072,0.448292,0.854787,0.783300,0.559956,0.567740,0.654169,0.534839,0.307273,0.451367,0.219945,0.260610,0.208686,0.368638,0.500084,0.649011,0.380812,0.326630,0.547554,0.453970,0.359290,0.478058,0.973880,0.000000,0.832461,0.675725,0.402052,0.467761,0.286017,0.349102,0.537790,0.481808,0.493257,0.531793,0.765124,0.861990,0.444206,0.487689,0.489357,0.376085,0.434543,0.443019,0.428153,0.463953,0.420600,0.419663,0.458839,0.525133,0.373635,0.362280,0.555078,0.440824,0.295021,0.480759,0.519917,0.608578,0.450182,0.484327,0.446356,0.425578,0.407157,0.344424,0.498843,0.430156,0.357142,0.721954,0.545712,0.562624,0.466499,0.522493,0.401074,0.433437,0.413047,0.408187,0.460648,0.372280,0.509231,0.512975,0.336088,0.390253,0.421288,0.459732,0.485076,0.511778,0.671662,0.856286,0.090331,0.244143,0.415042,0.734554
0.449066,0.459247,0.910006,0.502549,0.618198,0.541236,0.559227,0.284383,0.346758,0.435466,0.246242,0.178762,0.309222,0.214053,0.577316,0.469942,0.389960,0.492488,0.490372,0.337280,0.457700,0.539300,0.874659,0.832461,0.000000,1.015333,0.588961,0.587473,0.481298,0.453209,0.609462,0.427981,0.297082,0.295933,0.991953,0.913823,0.526921,0.602695,0.510400,0.307669,0.338041,0.389989,0.541996,0.522407,0.481614,0.511993,0.589211,0.637738,0.586855,0.428395,0.719732,0.519926,0.346326,0.459229,0.571363,0.530752,0.476970,0.532477,0.534032,0.387423,0.489573,0.149713,0.393590,0.304096,0.381061,0.717304,0.725011,0.687089,0.465222,0.580835,0.283851,0.227405,0.365151,0.307668,0.477280,0.375974,0.460242,0.408048,0.412077,0.652992,0.542323,0.548800,0.362127,0.344857,0.690143,0.821922,-0.100339,-0.037929,0.471344,0.755450
0.395162,0.456120,0.678961,0.644090,0.822318,0.920639,0.489651,0.505864,0.396680,0.651505,0.242400,0.179146,0.225299,0.277516,0.713364,0.794835,0.582913,0.442973,0.603972,0.474989,0.876590,0.600669,0.554954,0.675725,1.015333,0.000000,0.907633,0.861389,0.748900,0.768443,0.808575,0.590805,0.265159,0.312509,0.583274,0.627582,0.712015,0.992387,0.527149,0.361163,0.350586,0.345046,0.670575,0.652959,0.506891,0.550230,0.672167,0.824652,0.543455,0.452151,0.557215,0.435254,0.312664,0.373819,0.482592,0.392671,0.599790,0.598228,0.679360,0.465034,0.499499,0.281824,0.549082,0.362870,0.349491,0.636362,0.792230,0.816973,0.488807,0.669730,0.159051,0.127209,0.249617,0.206819,0.404781,0.296025,0.422097,0.332177,0.559194,0.862074,1.021457,0.777477,0.701710,0.567135,0.766070,1.027395,-0.011377,-0.199046,0.390731,0.793534
0.407242,0.411232,0.628015,0.351516,0.771775,0.765412,0.391724,0.281327,0.388113,0.633428,0.268756,0.283390,0.329204,0.307938,0.699421,0.639942,0.333752,0.324693,0.457778,0.285788,0.779191,0.400355,0.596603,0.402052,0.588961,0.907633,0.000000,1.233929,0.455925,0.459275,0.431832,0.290687,0.169140,0.132745,0.473570,0.371388,0.563078,0.742146,0.642287,0.425528,0.262389,0.218485,0.624119,0.584693,0.349051,0.420308,0.673140,0.724516,0.569215,0.438987,0.629313,0.481657,0.406271,0.356852,0.552093,0.406416,0.527873,0.576635,0.632146,0.473487,0.557031,0.223756,0.415374,0.289728,0.382776,0.373843,0.733855,0.650480,0.486734,0.594052,0.142028,0.097090,0.087691,0.046102,0.209653,0.218894,0.348510,0.230693,0.262316,0.628866,0.662993,0.698903,0.641773,0.692187,0.686210,0.708097,0.069578,-0.008149,0.445189,0.699596
0.432515,0.387786,0.671200,0.410368,0.874295,0.963503,0.454231,0.341037,0.350838,0.719753,0.359068,0.254615,0.387879,0.354806,0.759730,0.600507,0.421270,0.360445,0.448657,0.289991,0.673605,0.450670,0.637894,0.467761,0.587473,0.861389,1.233929,0.000000,0.450230,0.388326,0.477419,0.445378,0.266625,0.201327,0.580648,0.488052,0.572677,0.705007,0.576106,0.371369,0.219725,0.141488,0.544358,0.472041,0.261570,0.325474,0.587893,0.596913,0.477338,0.313395,0.550414,0.433725,0.378521,0.323412,0.525795,0.360002,0.545212,0.585186,0.566746,0.441850,0.589547,0.252479,0.471260,0.334390,0.527566,0.475337,0.635807,0.574288,0.477407,0.521565,0.255674,0.181660,0.177156,0.089165,0.209027,0.240639,0.503490,0.362784,0.190545,0.640449,0.565804,0.611518,0.574349,0.530297,0.511362,0.699786,0.091720,-0.023736,0.545211,0.717802
0.634547,0.618517,0.536244,0.608568,0.667906,0.603192,0.513027,0.739476,0.553112,0.634043,0.627551,0.570178,0.549408,0.650114,0.954629,0.878780,0.950656,0.830895,0.834300,0.719877,0.701330,0.572052,0.256679,0.286017,0.481298,0.748900,0.455925,0.450230,0.000000,1.596752,0.973317,0.868838,0.329959,0.320564,0.098034,0.154975,0.844331,0.761987,0.230960,0.010495,0.359882,0.346392,0.610719,0.575821,0.483230,0.519738,0.483353,0.585957,0.534779,0.533084,0.477383,0.400241,0.439348,0.509491,0.280024,0.308101,0.617803,0.653195,0.612875,0.589982,0.564713,0.528288,0.785708,0.683847,0.486311,0.427884,0.518529,0.531535,0.419490,0.644216,0.324975,0.286686,0.680843,0.665790,0.658323,0.614963,0.496083,0.364620,0.647391,1.264119,1.089667,0.954092,0.527237,0.402253,0.528471,0.797856,-0.265418,-0.405340,0.248008,0.667164
0.643061,0.710891,0.484370,0.622153,0.652252,0.612251,0.503565,0.817280,0.491696,0.535017,0.487087,0.585687,0.491558,0.647928,0.841085,0.994240,0.934974,0.893275,0.898909,0.859588,0.616113,0.596892,0.230490,0.349102,0.453209,0.768443,0.459275,0.388326,1.596752,0.000000,0.946724,0.860322,0.426264,0.497079,0.101615,0.198235,0.694343,0.787330,0.219649,0.084558,0.365533,0.473222,0.690910,0.681188,0.646570,0.609008,0.597242,0.691225,0.553701,0.564430,0.498070,0.433441,0.436909,0.508555,0.369757,0.381402,0.685908,0.701358,0.644084,0.618314,0.551735,0.585700,0.828805,0.794005,0.397303,0.394544,0.551038,0.553234,0.483353,0.730452,0.284795,0.284315,0.602842,0.693824,0.607753,0.576352,0.438842,0.396164,0.909118,1.112380,1.182540,1.021015,0.515517,0.532647,0.685691,0.905159,-0.257370,-0.253294,0.154448,0.632957
0.466903,0.620357,0.594273,0.774541,0.749188,0.677462,0.479100,0.746638,0.427961,0.531718,0.413589,0.407162,0.339172,0.556419,0.670176,0.783246,0.880725,0.757655,0.930669,0.799723,0.586476,0.551607,0.417204,0.537790,0.609462,0.808575,0.431832,0.477419,0.973317,0.946724,0.000000,1.578324,0.663548,0.541079,0.259227,0.415342,0.911067,0.809841,0.361300,0.154551,0.361691,0.430084,0.583495,0.555666,0.533117,0.560161,0.520262,0.717129,0.464875,0.444154,0.359693,0.364740,0.366991,0.515822,0.335602,0.411884,0.826970,0.709449,0.774193,0.689942,0.514244,0.497436,0.827081,0.643109,0.464752,0.491035,0.724854,0.783148,0.722722,0.895454,0.447656,0.376502,0.610338,0.581363,0.587752,0.578666,0.674432,0.660006,0.482603,0.967784,0.898514,0.817925,0.529438,0.485321,0.513041,0.815568,-0.174348,-0.116896,0.254385,0.825857
0.456729,0.566485,0.464043,0.785865,0.653952,0.597912,0.440455,0.818856,0.315747,0.523958,0.484603,0.460737,0.331288,0.617916,0.579367,0.667128,0.923065,0.789624,0.824194,0.761441,0.436112,0.533896,0.320439,0.481808,0.427981,0.590805,0.290687,0.445378,0.868838,0.860322,1.578324,0.000000,0.746603,0.606752,0.230621,0.398940,0.800842,0.677264,0.284826,0.113714,0.308844,0.384809,0.483619,0.434913,0.471308,0.474366,0.430957,0.527134,0.393835,0.381108,0.271939,0.331444,0.286283,0.465463,0.300704,0.381624,0.757740,0.624931,0.598929,0.638322,0.443694,0.564036,0.827156,0.651009,0.475632,0.474034,0.528951,0.611089,0.591911,0.693832,0.537092,0.489117,0.661635,0.658826,0.551404,0.558982,0.712108,0.723817,0.394949,0.820207,0.704749,0.704296,0.387292,0.361847,0.391076,0.694499,-0.202931,-0.025557,0.201143,0.694912
0.555793,0.712028,0.493040,0.544249,0.424260,0.387058,0.533328,0.605909,0.195124,0.210497,0.273161,0.474403,0.353588,0.454469,0.350103,0.341146,0.625045,0.623652,0.810951,0.813494,0.164619,0.382310,0.370572,0.493257,0.297082,0.265159,0.169140,0.266625,0.329959,0.426264,0.663548,0.746603,0.000000,1.331723,0.293323,0.442045,0.348777,0.379084,0.359287,0.265376,0.340142,0.429252,0.505845,0.474782,0.473143,0.428771,0.491470,0.419938,0.411909,0.335230,0.323457,0.356445,0.395009,0.352899,0.523538,0.525394,0.792186,0.722349,0.556848,0.583281,0.575707,0.550951,0.753709,0.735813,0.328838,0.281871,0.508363,0.501490,0.722578,0.649848,0.571015,0.483043,0.622153,0.517598,0.454609,0.400916,0.779587,0.935508,0.267166,0.461833,0.444124,0.593451,0.245518,0.427281,0.331697,0.444471,0.045044,0.262363,0.290059,0.493090
0.630928,0.738121,0.473561,0.630769,0.460272,0.435876,0.630554,0.764076,0.256553,0.225772,0.228036,0.554544,0.352980,0.486330,0.343971,0.406832,0.517299,0.499104,0.728033,0.795830,0.160550,0.420544,0.307243,0.531793,0.295933,0.312509,0.132745,0.201327,0.320564,0.497079,0.541079,0.606752,1.331723,0.000000,0.288915,0.516636,0.229019,0.334805,0.291141,0.301603,0.394265,0.465722,0.595344,0.593458,0.648447,0.598069,0.586805,0.501448,0.554433,0.525612,0.451739,0.526164,0.483227,0.358741,0.589386,0.635801,0.624176,0.647634,0.521855,0.621249,0.513613,0.714361,0.693232,0.868519,0.231482,0.362972,0.497091,0.540205,0.544266,0.592030,0.519724,0.459610,0.586706,0.541629,0.500398,0.395140,0.643997,0.833249,0.430766,0.391295,0.471920,0.570418,0.310971,0.471211,0.424981,0.538160,0.072594,0.168296,0.226956,0.489471
0.297182,0.256225,0.724975,0.342844,0.397943,0.369286,0.501232,0.141423,0.105949,0.275255,0.137968,0.116046,0.221476,0.110562,0.332700,0.191918,0.227097,0.266119,0.222208,0.107720,0.226678,0.234128,0.886929,0.765124,0.991953,0.583274,0.473570,0.580648,0.098034,0.101615,0.259227,0.230621,0.293323,0.288915,0.000000,1.221748,0.301173,0.380533,0.535308,0.485319,0.260123,0.278872,0.338687,0.321026,0.311194,0.290689,0.422022,0.370598,0.430534,0.228934,0.576467,0.443100,0.155850,0.243330,0.548696,0.477471,0.276544,0.342130,0.295056,0.222194,0.377745,0.034259,0.300394,0.152484,0.337968,0.551312,0.486289,0.425733,0.230622,0.230593,0.314451,0.198205,0.216803,0.141886,0.218853,0.178865,0.374436,0.307136,0.153787,0.334995,0.244546,0.331507,0.248004,0.268190,0.531053,0.526964,0.089013,0.168429,0.464166,0.524999
0.274725,0.257693,0.647051,0.451026,0.516211,0.442220,0.480266,0.282935,0.173798,0.340425,0.105875,0.107465,0.181502,0.161753,0.303471,0.288476,0.228944,0.270808,0.300028,0.201900,0.167238,0.289644,0.674031,0.861990,0.913823,0.627582,0.371388,0.488052,0.154975,0.198235,0.415342,0.398940,0.442045,0.516636,1.221748,0.000000,0.241695,0.355671,0.440869,0.364699,0.237989,0.340567,0.379250,0.402637,0.479547,0.456155,0.455341,0.466285,0.467426,0.327757,0.550290,0.469029,0.211989,0.304359,0.556765,0.550554,0.275014,0.313749,0.390672,0.277918,0.369648,0.184671,0.366214,0.311437,0.343558,0.687107,0.579212,0.604351,0.302127,0.321770,0.283045,0.162840,0.248294,0.203081,0.265447,0.192596,0.395061,0.422083,0.239029,0.353321,0.295549,0.336349,0.229570,0.291914,0.566427,0.657762,0.036028,0.177421,0.343157,0.607772
0.550766,0.609800,0.663412,0.681669,0.688556,0.643684,0.507302,0.614606,0.487847,0.662222,0.504309,0.472875,0.373032,0.563973,0.782761,0.773833,0.793817,0.690685,0.788189,0.614265,0.664738,0.555916,0.557032,0.444206,0.526921,0.712015,0.563078,0.572677,0.844331,0.694343,0.911067,0.800842,0.348777,0.229019,0.301173,0.241695,0.000000,0.840191,0.595657,0.291215,0.416030,0.342704,0.670445,0.557978,0.378711,0.446450,0.584554,0.657421,0.526231,0.484144,0.501672,0.417655,0.384444,0.635817,0.419366,0.493471,0.710007,0.689709,0.676819,0.676247,0.472073,0.418815,0.678365,0.416753,0.514813,0.393984,0.684041,0.646221,0.557716,0.689177,0.421432,0.441400,0.578817,0.476764,0.609493,0.640817,0.700275,0.532734,0.306539,0.881839,0.838720,0.807395,0.604217,0.577497,0.532752,0.719715,-0.070628,0.007798,0.454463,0.823298
0.604382,0.692894,0.695177,0.667246,0.678195,0.694585,0.504531,0.618336,0.438818,0.639933,0.396516,0.479799,0.387196,0.500622,0.681668,0.790398,0.706582,0.594293,0.777755,0.662444,0.717101,0.399896,0.506691,0.487689,0.602695,0.992387,0.742146,0.705007,0.761987,0.787330,0.809841,0.677264,0.379084,0.334805,0.380533,0.355671,0.840191,0.000000,0.736040,0.563083,0.277793,0.314894,0.666097,0.560100,0.388784,0.490472,0.715422,0.774694,0.578495,0.449089,0.515481,0.433934,0.421068,0.438880,0.580546,0.448532,0.835095,0.868880,0.856160,0.705194,0.687875,0.538970,0.754679,0.558313,0.533601,0.480578,0.833429,0.820709,0.668881,0.914854,0.236328,0.207416,0.309742,0.285851,0.412830,0.448734,0.554797,0.412641,0.350772,0.939591,1.144973,1.073471,0.747374,0.824159,0.663877,0.944775,0.086222,-0.053944,0.586147,0.915220
0.433921,0.480174,0.730617,0.428948,0.438830,0.474009,0.473381,0.312091,0.182017,0.367913,0.155850,0.373230,0.192472,0.279252,0.357065,0.374882,0.302440,0.311178,0.445917,0.311716,0.517912,0.256697,0.663179,0.489357,0.510400,0.527149,0.642287,0.576106,0.230960,0.219649,0.361300,0.284826,0.359287,0.291141,0.535308,0.440869,0.595657,0.736040,0.000000,1.147430,0.336706,0.137845,0.467892,0.413578,0.217330,0.289060,0.584347,0.551884,0.484605,0.321743,0.514322,0.407214,0.351891,0.283419,0.766573,0.617033,0.581135,0.592304,0.607287,0.548876,0.505277,0.279396,0.449015,0.288817,0.326302,0.390537,0.699644,0.628052,0.471405,0.526079,0.222329,0.295924,0.161079,0.079945,0.191575,0.347370,0.475927,0.351908,0.084236,0.477047,0.586339,0.652299,0.670146,0.849114,0.532740,0.514741,0.511385,0.280058,0.812290,0.658231
0.300821,0.376246,0.449609,0.276470,0.220961,0.266890,0.301574,0.171957,0.013604,0.105308,-0.048559,0.227231,-0.021673,0.091333,0.115337,0.199090,0.193794,0.104268,0.261196,0.213276,0.356061,0.129865,0.448526,0.376085,0.307669,0.361163,0.425528,0.371369,0.010495,0.084558,0.154551,0.113714,0.265376,0.301603,0.485319,0.364699,0.291215,0.563083,1.147430,0.000000,0.255630,0.101541,0.359139,0.339959,0.228860,0.240418,0.504331,0.461201,0.333023,0.194223,0.336377,0.273748,0.207831,0.093624,0.623013,0.527513,0.472384,0.482863,0.435374,0.386311,0.376795,0.183419,0.333011,0.182324,0.092239,0.224918,0.504658,0.447146,0.342872,0.350066,0.100311,0.157931,-0.006433,-0.033883,0.059651,0.181484,0.262669,0.240620,0.085852,0.229252,0.443012,0.432464,0.603741,0.750661,0.383197,0.326114,0.686060,0.323622,0.636681,0.396353
0.531329,0.475245,0.433293,0.325600,0.248442,0.217865,0.453240,0.397471,0.116767,0.144651,0.332439,0.394081,0.337682,0.412973,0.476877,0.373905,0.295807,0.180706,0.422957,0.361270,0.408943,0.590030,0.396695,0.434543,0.338041,0.350586,0.262389,0.219725,0.359882,0.365533,0.361691,0.308844,0.340142,0.394265,0.260123,0.237989,0.416030,0.277793,0.336706,0.255630,0.000000,0.520830,0.397298,0.433858,0.381626,0.357039,0.319587,0.285745,0.387154,0.373646,0.500269,0.384415,0.408718,0.338411,0.329947,0.365761,0.296039,0.423089,0.280041,0.309728,0.344362,0.292811,0.386481,0.321214,0.150253,0.129168,0.274657,0.218716,0.149815,0.287616,0.505011,0.529357,0.641974,0.549126,0.593396,0.473239,0.428441,0.362086,0.176571,0.386851,0.387088,0.479552,0.485358,0.317379,0.428205,0.414995,0.167196,0.052343,0.314622,0.320842
0.499479,0.504469,0.365642,0.345167,0.278896,0.289084,0.347786,0.350915,0.213447,0.206760,0.299419,0.359739,0.367383,0.348424,0.370891,0.356223,0.435362,0.425961,0.462404,0.465704,0.109317,0.555866,0.389251,0.443019,0.389989,0.345046,0.218485,0.141488,0.346392,0.473222,0.430084,0.384809,0.429252,0.465722,0.278872,0.340567,0.342704,0.314894,0.137845,0.101541,0.520830,0.000000,0.359579,0.408434,0.481840,0.418207,0.309705,0.306383,0.410688,0.366225,0.454996,0.347776,0.299856,0.419340,0.275572,0.359015,0.383724,0.442381,0.326582,0.317030,0.349035,0.315076,0.448728,0.486521,0.254167,0.238696,0.300367,0.258943,0.346386,0.451553,0.392375,0.313296,0.508497,0.601875,0.509885,0.292724,0.337490,0.403692,0.390894,0.315386,0.334104,0.402339,0.055105,0.227581,0.429093,0.474679,-0.290447,0.058313,0.036144,0.333762
0.826153,1.076700,0.612541,0.470332,0.689361,0.613527,0.601714,0.616926,0.416312,0.457365,0.480605,0.600760,0.474259,0.617593,0.686702,0.759642,0.614250,0.642130,0.959202,0.895641,0.448514,0.404207,0.487065,0.428153,0.541996,0.670575,0.624119,0.544358,0.610719,0.690910,0.583495,0.483619,0.505845,0.595344,0.338687,0.379250,0.670445,0.666097,0.467892,0.359139,0.397298,0.359579,0.000000,1.798192,1.081290,1.080769,1.707333,1.306062,1.035302,0.921557,0.941826,0.716227,0.670049,0.773410,0.811639,0.815774,0.806055,0.961225,0.782091,0.730690,0.564613,0.509140,0.613110,0.700399,0.367099,0.289394,0.844037,0.778889,0.603343,0.812912,0.381174,0.378119,0.466491,0.364788,0.684102,0.586666,0.687489,0.699038,0.445447,0.652204,0.782832,0.878729,0.607789,0.821456,0.803611,0.810956,0.019427,0.095386,0.476777,0.747528
0.729684,0.949235,0.599508,0.467421,0.641346,0.594468,0.617134,0.616338,0.382056,0.387756,0.394161,0.518155,0.405550,0.537964,0.605006,0.723032,0.562653,0.547782,0.869933,0.807031,0.430552,0.452864,0.474514,0.463953,0.522407,0.652959,0.584693,0.472041,0.575821,0.681188,0.555666,0.434913,0.474782,0.593458,0.321026,0.402637,0.557978,0.560100,0.413578,0.339959,0.433858,0.408434,1.798192,0.000000,1.224823,1.275232,1.518625,1.397370,0.988584,0.977271,0.925007,0.711564,0.676690,0.794805,0.711999,0.795470,0.725898,0.861326,0.763255,0.685042,0.545069,0.472489,0.602022,0.677206,0.312454,0.296810,0.835786,0.791680,0.573238,0.763641,0.358697,0.349537,0.439663,0.362529,0.649626,0.531530,0.611237,0.638904,0.518016,0.584737,0.788495,0.804991,0.581893,0.821181,0.855372,0.820243,0.022010,0.041551,0.405938,0.703582
0.597896,0.789555,0.455689,0.432224,0.513977,0.418704,0.530765,0.587275,0.243996,0.231419,0.328678,0.507519,0.341489,0.509349,0.461861,0.537346,0.476735,0.525321,0.701518,0.720822,0.318964,0.503829,0.341999,0.420600,0.481614,0.506891,0.349051,0.261570,0.483230,0.646570,0.533117,0.471308,0.473143,0.648447,0.311194,0.479547,0.378711,0.388784,0.217330,0.228860,0.381626,0.481840,1.081290,1.224823,0.000000,1.587759,1.105698,0.994079,0.962884,1.030842,0.810897,0.733305,0.581079,0.762805,0.598635,0.841719,0.536782,0.662495,0.639689,0.619840,0.399328,0.465107,0.529159,0.666793,0.243396,0.239992,0.648000,0.639350,0.352378,0.563266,0.436072,0.411618,0.465632,0.508307,0.626706,0.487436,0.460943,0.565205,0.484453,0.445770,0.557626,0.626405,0.389100,0.538969,0.678630,0.654620,-0.096462,0.039347,0.213734,0.540468
0.645236,0.823042,0.554671,0.551568,0.560894,0.469137,0.589061,0.662279,0.335176,0.318031,0.332977,0.559067,0.347557,0.501438,0.487809,0.556195,0.426171,0.469769,0.702407,0.686680,0.425749,0.517544,0.397233,0.419663,0.511993,0.550230,0.420308,0.325474,0.519738,0.609008,0.560161,0.474366,0.428771,0.598069,0.290689,0.456155,0.446450,0.490472,0.289060,0.240418,0.357039,0.418207,1.080769,1.275232,1.587759,0.000000,1.128444,1.155030,1.113339,1.361427,0.906500,0.900072,0.700608,0.858640,0.599470,0.884510,0.570368,0.721773,0.757746,0.809007,0.448017,0.573592,0.516877,0.655404,0.316541,0.345913,0.805063,0.876292,0.447823,0.709116,0.465158,0.426028,0.496972,0.487821,0.709997,0.545169,0.566985,0.601317,0.373754,0.494046,0.618057,0.664685,0.452329,0.599908,0.662567,0.734502,-0.063424,-0.016923,0.348719,0.690402
0.777963,0.978627,0.709672,0.497162,0.702631,0.622978,0.664056,0.604060,0.366151,0.437873,0.403060,0.539178,0.422006,0.545478,0.603041,0.692840,0.504678,0.590717,0.895286,0.756515,0.447881,0.399909,0.561148,0.458839,0.589211,0.672167,0.673140,0.587893,0.483353,0.597242,0.520262,0.430957,0.491470,0.586805,0.422022,0.455341,0.584554,0.715422,0.584347,0.504331,0.319587,0.309705,1.707333,1.518625,1.105698,1.128444,0.000000,1.537708,1.077237,0.913929,0.993248,0.796206,0.640116,0.721643,0.990920,0.926288,0.807286,0.963975,0.845590,0.739925,0.585575,0.510536,0.594967,0.640410,0.415208,0.366013,0.970660,0.871601,0.643091,0.842880,0.356488,0.365603,0.334802,0.279358,0.545470,0.523881,0.617143,0.643669,0.440830,0.604217,0.760246,0.864703,0.628501,0.926383,0.928652,0.884797,0.090518,0.152085,0.553968,0.826160
0.625721,0.866076,0.714244,0.571799,0.762601,0.727823,0.592520,0.605243,0.416886,0.482863,0.297356,0.413363,0.304745,0.449038,0.592595,0.768173,0.561283,0.577337,0.893596,0.757646,0.579808,0.434063,0.581322,0.525133,0.637738,0.824652,0.724516,0.596913,0.585957,0.691225,0.717129,0.527134,0.419938,0.501448,0.370598,0.466285,0.657421,0.774694,0.551884,0.461201,0.285745,0.306383,1.306062,1.397370,0.994079,1.155030,1.537708,0.000000,0.908584,0.864400,0.815636,0.654099,0.533896,0.719190,0.732843,0.822114,0.847612,0.918856,0.990817,0.783511,0.575323,0.457219,0.630770,0.621648,0.394177,0.443510,1.151400,1.112664,0.770891,0.990624,0.251163,0.259425,0.278642,0.253389,0.484779,0.514383,0.549020,0.590369,0.547288,0.645579,0.929270,0.873923,0.689890,0.952748,0.884676,0.959298,0.033072,0.025773,0.499562,0.923960
0.925995,0.787423,0.828141,0.585260,0.776934,0.622709,0.849738,0.702008,0.625367,0.602237,0.542410,0.840378,0.772896,0.710219,0.735912,0.591348,0.394403,0.525624,0.692652,0.537282,0.407339,0.462585,0.620093,0.373635,0.586855,0.543455,0.569215,0.477338,0.534779,0.553701,0.464875,0.393835,0.411909,0.554433,0.430534,0.467426,0.526231,0.578495,0.484605,0.333023,0.387154,0.410688,1.035302,0.988584,0.962884,1.113339,1.077237,0.908584,0.000000,1.434761,1.358801,1.242697,0.979290,0.805438,0.945529,1.062924,0.482474,0.700296,0.907336,0.992132,0.737774,0.753228,0.591665,0.767021,0.561129,0.460910,0.917269,0.844659,0.424787,0.661257,0.538194,0.482023,0.511205,0.475883,0.725583,0.624229,0.734830,0.687678,0.291143,0.576033,0.577249,0.719498,0.420755,0.580476,0.666370,0.702217,-0.042542,0.032857,0.552088,0.922183
