0.000000,1.270508,0.639119,0.649281,0.269932,0.241873,0.291213,0.432973,0.121504,0.045416,0.724309,0.640921,0.570343,0.526453,0.375755,0.339883,0.450486,0.427275,0.786010,0.902705,-0.012470,-0.029137,0.468587,0.498922,0.648877,0.436707,0.289427,0.081745,0.176835,0.215993,0.284040,0.294237,0.785328,0.698997,0.031672,-0.016452,-0.161228,-0.304008,-0.178365,-0.390159,-0.167259,-0.340917,0.496452,0.536982,0.453565,0.485795,0.302417,0.439257,0.545265,0.589223,0.387664,0.339458,0.447802,0.466475,0.038163,0.228158,1.548655,1.131669,0.531767,0.382335,0.405808,0.349623,0.373582,0.291042,0.238467,0.119804,0.438961,0.295351,0.808878,0.787374,0.057378,0.083320,0.155332,0.231332,0.076139,0.084082,-0.084526,-0.147911,0.209471,0.253222,0.227523,0.185611,0.399713,-0.006945,0.400720,0.400963,-0.101154,0.438133,0.029681,0.429472
1.270508,0.000000,0.543062,0.766812,0.274874,0.185491,0.279547,0.450180,0.187403,-0.020929,0.486938,0.555309,0.543022,0.577048,0.364892,0.291044,0.464969,0.455999,0.791122,1.083603,0.023003,0.010086,0.391185,0.423483,0.611519,0.325069,0.267196,0.086111,0.221411,0.264833,0.226202,0.251352,0.735333,0.668162,-0.033522,-0.021166,-0.199313,-0.239067,-0.172059,-0.331396,-0.140329,-0.279701,0.517905,0.580181,0.493074,0.538219,0.311092,0.414128,0.490148,0.533738,0.324502,0.280920,0.385673,0.441096,0.089679,0.280998,1.097764,1.262462,0.435429,0.356676,0.323775,0.296299,0.297742,0.278584,0.168209,0.102792,0.435838,0.289619,0.985760,0.849397,0.095153,0.078225,0.192872,0.260610,0.090255,0.098299,-0.061728,-0.099272,0.216515,0.423555,0.343159,0.304762,0.402966,0.044390,0.433156,0.451181,-0.011045,0.502085,0.089922,0.495238
0.639119,0.543062,0.000000,1.178196,0.497921,0.583171,0.990329,0.775136,0.355845,0.327051,0.510124,0.436307,0.549317,0.252241,0.570966,0.438214,0.019021,0.063253,0.546815,0.460700,0.150998,0.055779,1.026453,0.989117,0.708741,0.648878,0.532580,0.394832,-0.060910,-0.161207,0.356253,0.450704,0.327242,0.360935,0.229720,-0.027100,-0.231666,-0.030234,-0.187879,-0.070910,-0.215147,-0.160258,0.444872,0.403457,0.492463,0.533240,0.436580,0.457216,0.398231,0.536179,0.325236,0.224451,0.309356,0.476739,0.086091,0.436574,0.633753,0.625026,0.582695,0.526674,0.488016,0.367507,0.332854,0.249121,0.539808,0.325951,0.679290,0.472239,0.321934,0.370225,0.324465,0.369743,0.224708,0.145607,0.277593,0.209473,-0.058349,-0.052737,-0.033935,0.144698,-0.055297,0.008065,0.163298,0.089521,0.326255,0.366268,0.087994,0.243583,0.430386,0.675638
0.649281,0.766812,1.178196,0.000000,0.463499,0.501876,0.955758,1.047581,0.476662,0.343164,0.440395,0.529059,0.635670,0.390243,0.529288,0.494110,0.009928,0.119125,0.621799,0.674667,0.082214,0.105745,0.706831,0.779472,0.687607,0.551734,0.388994,0.255851,0.042562,-0.027836,0.244823,0.320917,0.310390,0.340318,0.084704,0.018517,-0.174571,-0.019863,-0.087371,-0.086213,-0.096797,-0.148890,0.638155,0.557773,0.523294,0.609405,0.558904,0.576579,0.537135,0.630423,0.484238,0.406832,0.500028,0.604548,0.193762,0.553132,0.620142,0.747902,0.656052,0.685622,0.476301,0.396692,0.325434,0.298844,0.367230,0.364890,0.701684,0.566259,0.509410,0.522976,0.238627,0.258347,0.224853,0.174944,0.241672,0.179256,-0.117312,-0.065453,-0.002424,0.336605,0.003875,0.120749,0.291027,0.199827,0.402728,0.476581,0.209219,0.352725,0.437105,0.787182
0.269932,0.274874,0.497921,0.463499,0.000000,0.872965,0.355657,0.404317,0.606259,0.824307,0.352816,0.368095,0.691035,0.607278,0.700252,0.443947,0.184440,0.254963,0.379587,0.416239,0.295406,0.480767,0.594090,0.670737,0.753102,0.675862,0.830732,0.712622,-0.047837,0.134660,0.193980,0.221959,0.250543,0.310870,0.273059,0.027202,-0.182216,-0.305643,-0.007929,-0.282124,-0.066519,-0.368451,0.388239,0.384501,0.455729,0.503469,0.402647,0.520255,0.396924,0.474846,0.456363,0.333390,0.280093,0.533497,0.205682,0.357648,0.356276,0.396454,0.334873,0.314383,0.485561,0.397679,0.452530,0.299343,0.635537,0.394263,0.543018,0.524915,0.259987,0.373899,-0.056821,-0.025967,0.175843,0.229031,0.370737,-0.087012,-0.108255,-0.313048,-0.120825,0.081787,-0.040400,0.042559,0.434286,-0.076387,0.471037,0.419911,-0.154634,0.360899,0.183493,0.394522
0.241873,0.185491,0.583171,0.501876,0.872965,0.000000,0.591718,0.670829,0.776099,1.070081,0.353558,0.410292,0.563593,0.440602,0.680235,0.582837,-0.032202,0.102944,0.299224,0.256490,0.420176,0.460793,0.714258,0.786245,0.608978,0.807842,0.676255,0.685258,-0.043716,-0.026043,0.311787,0.391745,0.172712,0.241680,0.246626,-0.015475,-0.196433,-0.020979,-0.140938,-0.073956,-0.159608,-0.127857,0.300794,0.324116,0.433129,0.484309,0.432931,0.485764,0.441560,0.534641,0.560197,0.431263,0.313467,0.565384,0.305290,0.478988,0.306594,0.340958,0.477946,0.396353,0.581246,0.488405,0.315831,0.314118,0.540646,0.484530,0.487119,0.502139,0.161385,0.290273,0.234334,0.273884,0.260560,0.177723,0.476186,0.165191,-0.018948,-0.063562,-0.071716,0.006761,-0.102329,-0.074063,0.144068,-0.035847,0.259845,0.341288,-0.018317,0.163600,0.325154,0.498428
0.291213,0.279547,0.990329,0.955758,0.355657,0.591718,0.000000,1.159097,0.553268,0.431145,0.496088,0.454962,0.598825,0.237149,0.490600,0.369002,-0.162608,-0.049325,0.267996,0.203747,0.176758,0.049158,0.757464,0.686821,0.466245,0.431038,0.277665,0.181001,-0.046580,-0.184907,0.308563,0.429035,0.196487,0.234290,0.124917,-0.011208,-0.325864,0.042996,-0.230756,-0.035666,-0.241169,-0.142647,0.347256,0.306125,0.400466,0.440231,0.436018,0.423709,0.443219,0.484793,0.384850,0.331921,0.376802,0.428779,0.153939,0.406534,0.329159,0.381246,0.757877,0.734648,0.685217,0.519963,0.428378,0.399999,0.426009,0.508858,0.678418,0.539598,0.094599,0.219998,0.328762,0.380387,0.125615,0.070347,0.322559,0.223392,0.016759,0.068526,-0.114245,0.052029,-0.171291,-0.134035,0.030552,0.044175,0.118991,0.200895,0.084078,0.175553,0.454860,0.608981
0.432973,0.450180,0.775136,1.047581,0.404317,0.670829,1.159097,0.000000,0.761138,0.569072,0.568590,0.745546,0.719194,0.498427,0.607959,0.542305,-0.034737,0.087128,0.328017,0.366385,0.226073,0.113951,0.734082,0.798482,0.535496,0.479773,0.299109,0.178054,0.034867,-0.012928,0.385537,0.497096,0.332169,0.371060,0.200777,0.090259,-0.334080,0.021337,-0.296929,-0.149911,-0.267393,-0.154341,0.366707,0.366609,0.459770,0.526869,0.447714,0.474025,0.557732,0.570826,0.548314,0.458551,0.529789,0.521761,0.176982,0.380730,0.487422,0.548852,0.765545,0.733410,0.819205,0.773938,0.495260,0.558475,0.463141,0.615482,0.640096,0.615336,0.250721,0.399629,0.292323,0.320780,0.174983,0.159694,0.303550,0.266035,-0.057122,0.016588,-0.045162,0.108959,-0.063365,-0.104152,0.055811,0.013917,0.193521,0.296332,0.008326,0.190988,0.368588,0.598084
0.121504,0.187403,0.355845,0.476662,0.606259,0.776099,0.553268,0.761138,0.000000,0.813002,0.367407,0.637361,0.687289,0.556172,0.715251,0.491350,-0.042484,0.057026,0.227202,0.269665,0.298140,0.191264,0.562356,0.630444,0.441462,0.473758,0.421974,0.332314,-0.037697,-0.000899,0.192492,0.234504,0.160377,0.213849,0.347716,0.131044,-0.212356,-0.056288,-0.150167,-0.117496,-0.155764,-0.096031,0.143434,0.130482,0.325399,0.347690,0.243238,0.298981,0.307392,0.315471,0.490884,0.365738,0.439538,0.506100,0.252140,0.331857,0.243731,0.318463,0.443846,0.373731,0.779776,0.773600,0.509143,0.535152,0.565731,0.613906,0.492796,0.489095,0.182575,0.281611,0.134659,0.149891,0.211272,0.125433,0.425719,0.186571,-0.094299,-0.116474,-0.050979,-0.015077,-0.131244,-0.095656,0.119031,-0.088570,0.225201,0.293593,-0.042679,0.149314,0.248225,0.384852
0.045416,-0.020929,0.327051,0.343164,0.824307,1.070081,0.431145,0.569072,0.813002,0.000000,0.264165,0.327876,0.448472,0.402964,0.651462,0.626256,-0.018637,0.036096,0.213169,0.156011,0.275010,0.446375,0.447492,0.599204,0.351656,0.509262,0.434327,0.515580,0.009814,0.064279,0.189449,0.242868,0.087793,0.181788,0.411196,0.269575,-0.057390,0.003227,-0.029613,-0.048857,-0.137820,-0.116550,0.312087,0.312536,0.377006,0.429467,0.444316,0.417224,0.342079,0.361852,0.410061,0.312354,0.230564,0.390729,0.360597,0.394492,0.135685,0.124952,0.390663,0.362826,0.573303,0.564829,0.365155,0.416826,0.486855,0.420786,0.493874,0.563183,0.034343,0.238319,0.063493,0.092859,0.153969,0.135436,0.440600,0.118591,0.139027,0.065209,-0.030131,-0.038628,-0.073571,0.014477,0.205294,0.103704,0.228073,0.244203,0.040663,0.121868,0.310200,0.395467
0.724309,0.486938,0.510124,0.440395,0.352816,0.353558,0.496088,0.568590,0.367407,0.264165,0.000000,1.068273,0.818337,0.638035,0.501785,0.445700,0.486857,0.505963,0.479005,0.420764,0.180614,0.031424,0.704821,0.673038,0.616768,0.464740,0.328505,0.078785,0.187661,0.211872,0.548166,0.529342,0.670851,0.685415,0.206728,-0.001744,-0.187200,-0.295094,-0.304994,-0.413318,-0.211963,-0.283334,0.143388,0.119201,0.257798,0.247790,0.081422,0.175165,0.412524,0.391487,0.318641,0.251086,0.341910,0.367014,-0.067155,0.090415,0.784467,0.580719,0.555711,0.341160,0.717091,0.545038,0.904236,0.602950,0.444789,0.209279,0.448546,0.272104,0.272263,0.383211,0.136965,0.182799,0.242123,0.340147,0.342197,0.125423,0.002394,-0.106564,0.078209,0.091586,0.084950,-0.046205,0.219107,-0.103277,0.214880,0.228706,-0.210278,0.263120,-0.087613,0.220460
0.640921,0.555309,0.436307,0.529059,0.368095,0.410292,0.454962,0.745546,0.637361,0.327876,1.068273,0.000000,0.842495,0.857397,0.617698,0.502860,0.419103,0.407596,0.413872,0.482466,0.238762,0.011388,0.616725,0.683699,0.576668,0.470431,0.307621,0.135632,0.232495,0.254211,0.491077,0.495520,0.555612,0.584225,0.193976,0.047642,-0.265163,-0.209264,-0.355856,-0.346149,-0.250620,-0.233754,0.143697,0.178876,0.309698,0.320220,0.125074,0.179413,0.408637,0.389622,0.457963,0.367801,0.460588,0.505806,0.027903,0.142380,0.697681,0.635780,0.523286,0.342026,0.773538,0.803513,0.818012,0.724146,0.458325,0.413509,0.371797,0.288026,0.347487,0.428637,0.224285,0.219914,0.304219,0.285288,0.294745,0.219785,-0.166145,-0.191477,0.042026,0.122897,0.106715,-0.033416,0.131473,-0.121096,0.232184,0.298688,-0.189554,0.178561,-0.023187,0.291262
0.570343,0.543022,0.549317,0.635670,0.691035,0.563593,0.598825,0.719194,0.687289,0.448472,0.818337,0.842495,0.000000,0.931505,0.791458,0.566033,0.200319,0.348420,0.527988,0.627325,0.207911,0.194966,0.776990,0.810898,0.976186,0.638659,0.569600,0.310929,-0.009060,0.060080,0.266171,0.270736,0.442498,0.464743,0.194951,0.074621,-0.218386,-0.341864,-0.060278,-0.293459,-0.001210,-0.259286,0.239165,0.185410,0.281023,0.302304,0.184085,0.331768,0.346043,0.378290,0.513325,0.343542,0.465154,0.635287,0.182280,0.313418,0.585026,0.604254,0.392694,0.277293,0.721186,0.633391,0.681472,0.452289,0.808917,0.553787,0.501189,0.439427,0.527202,0.515643,0.068145,0.073863,0.320388,0.296381,0.386617,0.095360,-0.095134,-0.213460,-0.044158,0.115300,0.006002,0.062180,0.368274,-0.025076,0.537820,0.553126,-0.015142,0.498134,0.178895,0.403102
0.526453,0.577048,0.252241,0.390243,0.607278,0.440602,0.237149,0.498427,0.556172,0.402964,0.638035,0.857397,0.931505,0.000000,0.757065,0.650542,0.516536,0.526667,0.493060,0.643641,0.287003,0.246869,0.401553,0.495542,0.692826,0.540097,0.478667,0.340758,0.333494,0.451925,0.346781,0.329423,0.611556,0.605255,0.055395,0.099645,-0.200786,-0.262102,-0.181356,-0.358980,-0.123641,-0.274501,0.273771,0.336686,0.408996,0.435007,0.209926,0.324321,0.441470,0.410738,0.583903,0.429548,0.426250,0.686093,0.183319,0.263277,0.561487,0.519126,0.281219,0.197311,0.542392,0.498635,0.682101,0.631726,0.362237,0.389080,0.382042,0.443484,0.490827,0.645678,-0.016122,-0.025083,0.257704,0.283520,0.361615,0.034713,-0.137794,-0.246585,0.230492,0.258035,0.382224,0.287966,0.417769,0.026977,0.571487,0.649940,-0.170973,0.319606,-0.015066,0.305434
0.375755,0.364892,0.570966,0.529288,0.700252,0.680235,0.490600,0.607959,0.715251,0.651462,0.501785,0.617698,0.791458,0.757065,0.000000,0.730489,0.211656,0.336986,0.522757,0.480087,0.434807,0.300532,0.785749,0.726310,0.713150,0.596239,0.645875,0.475400,0.217038,0.254204,0.424681,0.414245,0.442201,0.407107,0.362926,0.180233,-0.181696,-0.051075,-0.189090,-0.076183,-0.133222,-0.106787,0.277579,0.314512,0.488254,0.569765,0.324225,0.373436,0.420899,0.452721,0.473772,0.323597,0.257014,0.505899,0.221206,0.312193,0.439535,0.403124,0.369908,0.315609,0.631157,0.584665,0.525196,0.558406,0.767895,0.493608,0.590006,0.574847,0.322681,0.511277,0.169918,0.217896,0.277980,0.165919,0.493626,0.295030,-0.031386,-0.084601,0.245078,0.109015,0.220347,0.171108,0.279555,0.082860,0.594872,0.520721,0.008727,0.221532,0.289148,0.487944
0.339883,0.291044,0.438214,0.494110,0.443947,0.582837,0.369002,0.542305,0.491350,0.626256,0.445700,0.502860,0.566033,0.650542,0.730489,0.000000,0.206641,0.263967,0.460558,0.406378,0.266154,0.375299,0.481837,0.652967,0.489303,0.548579,0.448731,0.399770,0.355988,0.379098,0.300085,0.371188,0.303686,0.326411,0.194683,0.228453,-0.002817,0.116046,-0.009917,0.045644,0.057059,0.081595,0.233183,0.228791,0.273427,0.302703,0.233624,0.221817,0.292125,0.267131,0.399984,0.259945,0.208964,0.464944,0.173625,0.248933,0.327874,0.246129,0.215104,0.188403,0.330747,0.369981,0.351452,0.474378,0.370131,0.306901,0.420788,0.444272,0.300402,0.456851,0.180636,0.168425,0.260649,0.267251,0.394676,0.183138,0.068861,0.063036,0.333209,0.346104,0.257726,0.340997,0.354618,0.467231,0.459351,0.507665,0.173168,0.138665,0.227025,0.389988
0.450486,0.464969,0.019021,0.009928,0.184440,-0.032202,-0.162608,-0.034737,-0.042484,-0.018637,0.486857,0.419103,0.200319,0.516536,0.211656,0.206641,0.000000,1.026378,0.395082,0.389200,0.058661,-0.007648,0.084713,0.094947,0.206661,0.077611,0.096521,0.017345,0.594112,0.752765,0.328389,0.279384,0.732650,0.657848,0.153892,0.126995,-0.093941,-0.146346,-0.404015,-0.400813,-0.280274,-0.324650,0.106773,0.278540,0.280470,0.280258,0.039244,0.086136,0.267171,0.187443,0.087874,0.055699,-0.019804,0.111315,-0.048840,-0.066225,0.540756,0.394069,0.116162,0.028310,0.215368,0.192851,0.472159,0.501890,0.146447,-0.010314,0.230937,0.163261,0.342759,0.518254,-0.140290,-0.140228,0.072774,0.179436,0.074270,-0.055006,0.137035,0.015525,0.493999,0.291412,0.747145,0.392881,0.266074,0.019414,0.233930,0.135498,-0.251543,0.225641,-0.291375,0.047802
0.427275,0.455999,0.063253,0.119125,0.254963,0.102944,-0.049325,0.087128,0.057026,0.036096,0.505963,0.407596,0.348420,0.526667,0.336986,0.263967,1.026378,0.000000,0.445782,0.433778,0.110450,0.164032,0.177168,0.138153,0.286007,0.181562,0.103940,0.089155,0.607778,0.819226,0.397029,0.362089,0.543973,0.498062,0.137781,0.092261,-0.019153,-0.086442,-0.285724,-0.329763,-0.152820,-0.281314,0.168159,0.301259,0.298480,0.318581,0.098177,0.208913,0.318440,0.296428,0.214988,0.187236,0.103166,0.231909,0.035684,0.065527,0.482395,0.437586,0.090263,0.031347,0.196496,0.184444,0.410214,0.438915,0.240585,0.094038,0.216425,0.210585,0.386485,0.515593,-0.068071,-0.043781,0.278692,0.345820,0.282117,0.072605,0.112829,0.015718,0.514607,0.432419,0.657579,0.378626,0.283857,0.000076,0.323137,0.221232,-0.206657,0.232310,-0.225589,0.118683
0.786010,0.791122,0.546815,0.621799,0.379587,0.299224,0.267996,0.328017,0.227202,0.213169,0.479005,0.413872,0.527988,0.493060,0.522757,0.460558,0.395082,0.445782,0.000000,1.429417,0.047989,0.192783,0.385888,0.406212,0.501680,0.313999,0.308669,0.151444,0.248130,0.280955,0.210861,0.215919,0.600134,0.633819,0.146569,0.113387,0.108921,0.012240,0.041479,-0.089456,0.063417,-0.125728,0.555570,0.586884,0.406024,0.482727,0.381586,0.396522,0.340681,0.371602,0.221620,0.181034,0.183366,0.341551,0.117356,0.303256,0.614965,0.542944,0.339936,0.263824,0.273873,0.222539,0.288669,0.267717,0.208824,0.060732,0.532386,0.416202,0.957194,0.955197,0.069342,0.109597,0.261634,0.372184,0.302182,0.160668,0.274665,0.159304,0.284899,0.376452,0.267903,0.456348,0.633233,0.338519,0.566667,0.377521,0.208817,0.439094,0.235330,0.443436
0.902705,1.083603,0.460700,0.674667,0.416239,0.256490,0.203747,0.366385,0.269665,0.156011,0.420764,0.482466,0.627325,0.643641,0.480087,0.406378,0.389200,0.433778,1.429417,0.000000,-0.019344,0.132804,0.345253,0.404190,0.625371,0.321061,0.328588,0.135800,0.154363,0.254606,0.091680,0.080270,0.623900,0.656167,0.058292,0.114911,0.025931,-0.116021,0.084748,-0.184043,0.121717,-0.192233,0.632015,0.644364,0.453811,0.520041,0.406256,0.469595,0.377563,0.412287,0.302638,0.236595,0.319234,0.426223,0.174316,0.335413,0.724990,0.723040,0.342477,0.277216,0.280664,0.282930,0.251474,0.221745,0.217547,0.135361,0.502010,0.444600,1.393745,1.178982,-0.058944,-0.059906,0.232223,0.384668,0.202139,0.119448,0.097204,-0.008087,0.195302,0.384463,0.287687,0.470660,0.740373,0.268491,0.689649,0.541870,0.187234,0.585398,0.210390,0.494852
-0.012470,0.023003,0.150998,0.082214,0.295406,0.420176,0.176758,0.226073,0.298140,0.275010,0.180614,0.238762,0.207911,0.287003,0.434807,0.266154,0.058661,0.110450,0.047989,-0.019344,0.000000,0.551174,0.326834,0.285752,0.247583,0.408376,0.533463,0.602930,0.294716,0.236575,0.619201,0.576859,0.216447,0.143857,0.137176,-0.288688,-0.416230,0.124453,-0.250939,0.160348,-0.022677,0.223653,-0.046116,0.079789,0.302207,0.290306,0.109395,0.054480,0.268673,0.234430,0.300949,0.193565,-0.065808,0.228750,0.022449,0.071087,0.056371,0.089910,0.115230,0.037787,0.231252,0.123963,0.221149,0.183936,0.198368,0.270989,0.125139,0.156502,-0.072692,0.130825,0.464615,0.439385,0.331455,0.077751,0.363822,0.196220,-0.062455,-0.082281,0.242189,0.201818,0.237387,-0.062183,-0.171695,-0.156742,0.023323,0.093005,-0.209586,-0.289988,-0.049133,-0.047591
-0.029137,0.010086,0.055779,0.105745,0.480767,0.460793,0.049158,0.113951,0.191264,0.446375,0.031424,0.011388,0.194966,0.246869,0.300532,0.375299,-0.007648,0.164032,0.192783,0.132804,0.551174,0.000000,0.149193,0.191092,0.289934,0.413550,0.441800,0.624071,0.270910,0.308089,0.246775,0.281142,0.006454,0.014003,0.108298,-0.002304,0.077914,0.215684,0.145061,0.162090,0.194071,0.133662,0.195075,0.190331,0.212123,0.228058,0.248868,0.204211,0.197492,0.197743,0.245138,0.186399,0.022581,0.224788,0.175262,0.127089,-0.039312,0.030076,0.011771,0.004435,-0.019182,-0.097876,0.022422,0.045945,0.073712,0.055481,0.106716,0.162706,0.059667,0.147101,0.262064,0.245186,0.371499,0.308644,0.349772,0.155428,0.130093,0.063203,0.159730,0.250797,0.131937,0.233678,0.194911,0.240808,0.296743,0.239043,0.073672,0.012221,0.116238,0.056076
0.468587,0.391185,1.026453,0.706831,0.594090,0.714258,0.757464,0.734082,0.562356,0.447492,0.704821,0.616725,0.776990,0.401553,0.785749,0.481837,0.084713,0.177168,0.385888,0.345253,0.326834,0.149193,0.000000,1.612797,0.943460,0.783021,0.771952,0.449006,-0.096477,-0.079408,0.661432,0.648568,0.416050,0.468998,0.384833,-0.087862,-0.332862,-0.207929,-0.291944,-0.214531,-0.222639,-0.180390,0.173892,0.115145,0.388843,0.384060,0.181318,0.228997,0.278736,0.360912,0.281746,0.104046,0.207067,0.345323,-0.044803,0.171326,0.556578,0.480465,0.453487,0.300611,0.675955,0.546210,0.449633,0.293752,0.896636,0.407726,0.547555,0.364530,0.225233,0.257610,0.360211,0.422251,0.313027,0.214254,0.442294,0.291688,-0.149685,-0.155708,-0.096401,-0.038482,-0.106975,-0.167988,0.034317,-0.119188,0.287186,0.268531,-0.105737,0.192962,0.227610,0.349010
0.498922,0.423483,0.989117,0.779472,0.670737,0.786245,0.686821,0.798482,0.630444,0.599204,0.673038,0.683699,0.810898,0.495542,0.726310,0.652967,0.094947,0.138153,0.406212,0.404190,0.285752,0.191092,1.612797,0.000000,1.001355,0.912272,0.826197,0.531124,-0.073317,-0.061090,0.534933,0.565073,0.408477,0.491052,0.378748,-0.008891,-0.322924,-0.193623,-0.228295,-0.176818,-0.183544,-0.135529,0.251326,0.195882,0.441698,0.433830,0.272209,0.313584,0.337146,0.424972,0.394453,0.207599,0.320984,0.472425,0.059675,0.280534,0.617786,0.540155,0.484549,0.348501,0.707383,0.610475,0.481050,0.326879,0.852987,0.486457,0.597876,0.452788,0.286278,0.326817,0.314068,0.350432,0.336448,0.272140,0.383273,0.266708,-0.165719,-0.179211,-0.076261,0.028786,-0.062497,-0.076201,0.109353,-0.014271,0.360565,0.417014,-0.006143,0.219899,0.248208,0.426841
0.648877,0.611519,0.708741,0.687607,0.753102,0.608978,0.466245,0.535496,0.441462,0.351656,0.616768,0.576668,0.976186,0.692826,0.713150,0.489303,0.206661,0.286007,0.501680,0.625371,0.247583,0.289934,0.943460,1.001355,0.000000,0.996438,1.033187,0.469787,0.003074,0.085269,0.370837,0.353075,0.456026,0.459575,0.213653,-0.108163,-0.307265,-0.329942,-0.070244,-0.285596,-0.004850,-0.224163,0.397748,0.321154,0.501871,0.521502,0.305710,0.422294,0.451293,0.553075,0.536513,0.346798,0.463178,0.639578,0.105100,0.314204,0.732540,0.705068,0.425674,0.304724,0.518833,0.384614,0.371230,0.201283,0.742040,0.430357,0.551424,0.444203,0.527596,0.517716,0.110046,0.147711,0.261242,0.247129,0.271383,0.069350,-0.278192,-0.414669,0.045200,0.169976,0.085196,0.146848,0.365842,-0.029398,0.695929,0.662664,-0.020787,0.504838,0.197171,0.455473
0.436707,0.325069,0.648878,0.551734,0.675862,0.807842,0.431038,0.479773,0.473758,0.509262,0.464740,0.470431,0.638659,0.540097,0.596239,0.548579,0.077611,0.181562,0.313999,0.321061,0.408376,0.413550,0.783021,0.912272,0.996438,0.000000,0.976875,0.752303,0.119842,0.087928,0.469178,0.527146,0.246812,0.273524,0.194277,-0.112950,-0.283619,-0.112869,-0.113309,-0.063611,-0.066732,-0.012521,0.292599,0.233556,0.420690,0.427881,0.261100,0.317520,0.410211,0.490004,0.561974,0.390805,0.349815,0.631905,0.211889,0.396784,0.505131,0.484078,0.343158,0.192485,0.354379,0.202346,0.269633,0.134807,0.477733,0.373985,0.364037,0.330590,0.236959,0.274370,0.340732,0.365500,0.418131,0.218253,0.386220,0.173499,-0.224387,-0.308813,0.084209,0.259962,0.060822,0.102045,0.092825,-0.017529,0.363619,0.490495,-0.026867,0.128783,0.137401,0.326996
0.289427,0.267196,0.532580,0.388994,0.830732,0.676255,0.277665,0.299109,0.421974,0.434327,0.328505,0.307621,0.569600,0.478667,0.645875,0.448731,0.096521,0.103940,0.308669,0.328588,0.533463,0.441800,0.771952,0.826197,1.033187,0.976875,0.000000,0.972119,-0.013693,0.077272,0.367719,0.360281,0.208024,0.193707,0.158677,-0.225204,-0.336339,-0.173779,-0.065270,-0.015620,0.046081,-0.009935,0.253198,0.216974,0.449330,0.412349,0.269714,0.311264,0.295044,0.366082,0.432778,0.200066,0.200355,0.495639,0.068627,0.276975,0.409062,0.381757,0.173523,0.090360,0.297545,0.157860,0.247421,0.068111,0.609203,0.277784,0.347171,0.305098,0.273736,0.318624,0.283871,0.307018,0.276515,0.118860,0.329219,0.050548,-0.249591,-0.348655,0.051692,0.174765,0.054345,0.113614,0.202961,-0.005860,0.546042,0.521279,-0.017932,0.119068,0.256550,0.292341
0.081745,0.086111,0.394832,0.255851,0.712622,0.685258,0.181001,0.178054,0.332314,0.515580,0.078785,0.135632,0.310929,0.340758,0.475400,0.399770,0.017345,0.089155,0.151444,0.135800,0.602930,0.624071,0.449006,0.531124,0.469787,0.752303,0.972119,0.000000,0.070747,0.091854,0.292018,0.340921,0.003391,0.019040,0.121780,-0.149072,-0.222357,0.072743,-0.024771,0.139221,-0.004052,0.097402,0.170530,0.219775,0.347278,0.358248,0.254174,0.254674,0.183496,0.266135,0.313981,0.158571,0.006999,0.380076,0.167584,0.315723,0.136427,0.170919,0.057476,0.033994,0.076365,-0.002034,0.134238,0.069973,0.323940,0.255716,0.185428,0.213512,0.069972,0.150703,0.340309,0.325153,0.389582,0.171365,0.372725,0.106392,-0.068851,-0.131215,0.112144,0.241444,0.149373,0.177800,0.116965,0.063035,0.335959,0.393642,0.015168,-0.064492,0.240622,0.283104
0.176835,0.221411,-0.060910,0.042562,-0.047837,-0.043716,-0.046580,0.034867,-0.037697,0.009814,0.187661,0.232495,-0.009060,0.333494,0.217038,0.355988,0.594112,0.607778,0.248130,0.154363,0.294716,0.270910,-0.096477,-0.073317,0.003074,0.119842,-0.013693,0.070747,0.000000,1.130721,0.392734,0.437926,0.271236,0.169397,-0.079890,0.087738,0.021605,0.360795,-0.131553,0.090933,-0.007309,0.184904,0.137132,0.279418,0.249538,0.276176,0.102774,0.055291,0.241927,0.163317,0.163588,0.159771,0.017145,0.141349,0.106881,0.064492,0.195517,0.129158,-0.026064,-0.047044,-0.053093,-0.089237,0.140222,0.292304,-0.182095,-0.134929,-0.028121,0.043730,0.114805,0.287237,0.246428,0.215131,0.376194,0.212297,0.218970,0.210049,0.075292,0.134413,0.860937,0.688592,0.892265,0.611326,0.105086,0.308630,0.186587,0.192473,0.010757,-0.157897,-0.104727,0.068022
0.215993,0.264833,-0.161207,-0.027836,0.134660,-0.026043,-0.184907,-0.012928,-0.000899,0.064279,0.211872,0.254211,0.060080,0.451925,0.254204,0.379098,0.752765,0.819226,0.280955,0.254606,0.236575,0.308089,-0.079408,-0.061090,0.085269,0.087928,0.077272,0.091854,1.130721,0.000000,0.383259,0.363572,0.351500,0.268021,-0.019023,0.064445,0.026631,0.092125,-0.125753,-0.103844,0.021923,-0.029177,0.180783,0.351764,0.335799,0.359444,0.097288,0.083995,0.313271,0.216477,0.163827,0.135880,-0.024149,0.058006,0.005083,-0.072650,0.236089,0.203395,-0.004748,-0.009180,0.027958,0.040444,0.196714,0.391359,-0.057952,-0.123410,0.021309,0.073896,0.180371,0.393345,0.046196,0.042908,0.227014,0.259064,0.211799,0.095224,0.077593,0.018941,0.798894,0.642636,0.883199,0.597112,0.289495,0.201526,0.253365,0.156496,-0.161220,-0.012475,-0.195329,0.025689
0.284040,0.226202,0.356253,0.244823,0.193980,0.311787,0.308563,0.385537,0.192492,0.189449,0.548166,0.491077,0.266171,0.346781,0.424681,0.300085,0.328389,0.397029,0.210861,0.091680,0.619201,0.246775,0.661432,0.534933,0.370837,0.469178,0.367719,0.292018,0.392734,0.383259,0.000000,1.682375,0.557994,0.520272,0.277800,-0.090603,-0.396168,0.012948,-0.620614,-0.184516,-0.327634,-0.048235,-0.051669,0.062334,0.330651,0.319244,-0.010254,-0.045026,0.255640,0.228268,0.098831,-0.007695,-0.106935,0.021454,-0.304065,-0.201742,0.341342,0.259867,0.225456,0.092097,0.410123,0.277384,0.439227,0.394264,0.304451,0.148492,0.219795,0.130228,-0.031603,0.145505,0.556472,0.590630,0.340978,0.227987,0.445013,0.338067,0.010085,0.009510,0.221077,0.153285,0.284670,-0.111135,-0.270515,-0.182539,-0.056079,-0.057664,-0.362726,-0.181138,-0.210581,-0.051319
0.294237,0.251352,0.450704,0.320917,0.221959,0.391745,0.429035,0.497096,0.234504,0.242868,0.529342,0.495520,0.270736,0.329423,0.414245,0.371188,0.279384,0.362089,0.215919,0.080270,0.576859,0.281142,0.648568,0.565073,0.353075,0.527146,0.360281,0.340921,0.437926,0.363572,1.682375,0.000000,0.475898,0.458257,0.201091,-0.097515,-0.448094,0.066852,-0.657966,-0.169297,-0.365210,-0.028753,-0.028575,0.090253,0.351934,0.341271,0.026905,-0.017193,0.273856,0.263602,0.115222,0.023763,-0.071014,0.062929,-0.262044,-0.132848,0.355590,0.302483,0.271791,0.142098,0.400076,0.286090,0.428416,0.410942,0.292443,0.161513,0.224062,0.133525,-0.041135,0.150691,0.659626,0.688929,0.389553,0.257215,0.496087,0.365852,0.042990,0.034113,0.180310,0.209193,0.258609,-0.105438,-0.287942,-0.166934,-0.076413,-0.040100,-0.368122,-0.218476,-0.127648,0.054658
0.785328,0.735333,0.327242,0.310390,0.250543,0.172712,0.196487,0.332169,0.160377,0.087793,0.670851,0.555612,0.442498,0.611556,0.442201,0.303686,0.732650,0.543973,0.600134,0.623900,0.216447,0.006454,0.416050,0.408477,0.456026,0.246812,0.208024,0.003391,0.271236,0.351500,0.557994,0.475898,0.000000,1.795133,0.248654,0.064485,-0.322037,-0.254026,-0.500012,-0.491758,-0.373357,-0.382947,0.224204,0.409112,0.469419,0.477056,0.191361,0.280807,0.528143,0.446191,0.253380,0.232544,0.159768,0.219257,-0.020050,0.018521,0.845736,0.648322,0.522673,0.380638,0.610668,0.555274,0.620663,0.615621,0.239812,0.263313,0.639230,0.503747,0.507988,0.758608,-0.088001,-0.065346,0.023164,0.188025,0.136293,0.072802,0.114066,-0.000164,0.278984,0.100488,0.477654,0.097897,0.283796,-0.114351,0.195598,0.157006,-0.323950,0.377515,-0.233962,0.177873
0.698997,0.668162,0.360935,0.340318,0.310870,0.241680,0.234290,0.371060,0.213849,0.181788,0.685415,0.584225,0.464743,0.605255,0.407107,0.326411,0.657848,0.498062,0.633819,0.656167,0.143857,0.014003,0.468998,0.491052,0.459575,0.273524,0.193707,0.019040,0.169397,0.268021,0.520272,0.458257,1.795133,0.000000,0.321421,0.154681,-0.253150,-0.269114,-0.468137,-0.540858,-0.352205,-0.420501,0.229054,0.377561,0.450512,0.450996,0.209288,0.273925,0.471472,0.415189,0.209848,0.193492,0.155879,0.201639,0.026298,0.036301,0.730813,0.570668,0.552846,0.392454,0.632883,0.609077,0.589460,0.577686,0.253485,0.285592,0.703788,0.560297,0.486468,0.671422,-0.114372,-0.090074,0.058448,0.287589,0.189030,0.134008,0.182087,0.039167,0.151643,0.010845,0.365359,0.050201,0.309026,-0.103612,0.175216,0.130622,-0.327609,0.439762,-0.192829,0.178220
0.031672,-0.033522,0.229720,0.084704,0.273059,0.246626,0.124917,0.200777,0.347716,0.411196,0.206728,0.193976,0.194951,0.055395,0.362926,0.194683,0.153892,0.137781,0.146569,0.058292,0.137176,0.108298,0.384833,0.378748,0.213653,0.194277,0.158677,0.121780,-0.079890,-0.019023,0.277800,0.201091,0.248654,0.321421,0.000000,0.564096,0.005526,0.067426,-0.082983,0.019965,-0.133902,0.010482,-0.015745,0.014406,0.153861,0.158316,0.127840,0.082027,0.074606,0.115504,0.050998,0.009342,-0.011474,0.011144,-0.026091,-0.027275,0.128823,0.087494,0.220512,0.152676,0.408571,0.421520,0.214124,0.225873,0.537115,0.410931,0.480034,0.459969,-0.042346,0.111883,-0.067574,-0.046145,0.058899,-0.031566,0.124500,0.106462,0.191996,0.145531,0.132646,-0.180420,0.000729,-0.031831,0.022594,0.033162,0.073513,-0.032870,-0.033276,0.146243,0.043096,0.073331
-0.016452,-0.021166,-0.027100,0.018517,0.027202,-0.015475,-0.011208,0.090259,0.131044,0.269575,-0.001744,0.047642,0.074621,0.099645,0.180233,0.228453,0.126995,0.092261,0.113387,0.114911,-0.288688,-0.002304,-0.087862,-0.008891,-0.108163,-0.112950,-0.225204,-0.149072,0.087738,0.064445,-0.090603,-0.097515,0.064485,0.154681,0.564096,0.000000,0.444776,0.264011,0.152928,0.147531,0.142523,0.127421,0.050835,0.031666,-0.016440,0.016739,0.085958,0.044248,-0.048746,-0.065545,-0.053484,-0.039627,0.026475,-0.003266,0.177696,0.047727,-0.052638,-0.110364,-0.010280,0.027792,0.101414,0.206103,0.030159,0.142010,0.063301,0.180603,0.253107,0.367914,0.030439,0.114923,-0.185967,-0.203387,0.088418,0.107636,0.054706,0.177236,0.322297,0.384433,0.095766,-0.087023,0.098493,0.250955,0.197380,0.387917,0.145796,0.113006,0.206294,0.184134,0.176511,0.166735
-0.161228,-0.199313,-0.231666,-0.174571,-0.182216,-0.196433,-0.325864,-0.334080,-0.212356,-0.057390,-0.187200,-0.265163,-0.218386,-0.200786,-0.181696,-0.002817,-0.093941,-0.019153,0.108921,0.025931,-0.416230,0.077914,-0.332862,-0.322924,-0.307265,-0.283619,-0.336339,-0.222357,0.021605,0.026631,-0.396168,-0.448094,-0.322037,-0.253150,0.005526,0.444776,0.000000,0.348706,0.745323,0.427839,0.513209,0.333304,-0.040583,-0.156182,-0.385575,-0.365126,-0.132269,-0.155165,-0.365045,-0.376391,-0.283930,-0.210584,-0.129031,-0.160590,0.221398,0.037073,-0.345723,-0.410514,-0.388463,-0.315200,-0.459651,-0.387940,-0.355086,-0.242408,-0.356595,-0.402192,-0.261533,-0.188713,-0.012858,-0.151623,-0.158497,-0.164232,0.040410,0.199210,-0.032495,-0.062859,0.254823,0.326733,0.044135,0.034832,-0.097135,0.302412,0.266417,0.563282,0.131985,0.057736,0.439699,0.114734,0.148417,0.002387
-0.304008,-0.239067,-0.030234,-0.019863,-0.305643,-0.020979,0.042996,0.021337,-0.056288,0.003227,-0.295094,-0.209264,-0.341864,-0.262102,-0.051075,0.116046,-0.146346,-0.086442,0.012240,-0.116021,0.124453,0.215684,-0.207929,-0.193623,-0.329942,-0.112869,-0.173779,0.072743,0.360795,0.092125,0.012948,0.066852,-0.254026,-0.269114,0.067426,0.264011,0.348706,0.000000,0.150496,0.878241,0.177054,0.722638,-0.032825,0.029195,-0.052056,-0.026268,0.101078,-0.042723,-0.141981,-0.169397,-0.103008,-0.088496,-0.188186,-0.101103,0.186320,0.115102,-0.358778,-0.359918,-0.138062,-0.064862,-0.290211,-0.262671,-0.309692,-0.065071,-0.299561,-0.002566,-0.065346,0.046845,-0.134981,-0.047893,0.396247,0.338923,0.222292,0.055526,0.035666,0.317851,0.263205,0.578042,0.334326,0.278159,0.182082,0.306716,-0.126184,0.552417,-0.011166,-0.002384,0.468226,-0.389838,0.381280,0.194994
-0.178365,-0.172059,-0.187879,-0.087371,-0.007929,-0.140938,-0.230756,-0.296929,-0.150167,-0.029613,-0.304994,-0.355856,-0.060278,-0.181356,-0.189090,-0.009917,-0.404015,-0.285724,0.041479,0.084748,-0.250939,0.145061,-0.291944,-0.228295,-0.070244,-0.113309,-0.065270,-0.024771,-0.131553,-0.125753,-0.620614,-0.657966,-0.500012,-0.468137,-0.082983,0.152928,0.745323,0.150496,0.000000,0.542528,0.994529,0.393597,0.105368,-0.112674,-0.332182,-0.317916,-0.041553,-0.065193,-0.330176,-0.284249,-0.080482,-0.075382,0.028932,0.032469,0.250000,0.184279,-0.328637,-0.307271,-0.384087,-0.312154,-0.512254,-0.430887,-0.550812,-0.527369,-0.241801,-0.260251,-0.276355,-0.162052,0.104072,-0.106267,-0.182322,-0.197463,0.045416,0.092673,-0.120047,-0.249813,0.036747,0.049202,-0.048027,0.157522,-0.228097,0.317720,0.458034,0.473006,0.266864,0.179354,0.575751,0.174075,0.258080,0.026740
-0.390159,-0.331396,-0.070910,-0.086213,-0.282124,-0.073956,-0.035666,-0.149911,-0.117496,-0.048857,-0.413318,-0.346149,-0.293459,-0.358980,-0.076183,0.045644,-0.400813,-0.329763,-0.089456,-0.184043,0.160348,0.162090,-0.214531,-0.176818,-0.285596,-0.063611,-0.015620,0.139221,0.090933,-0.103844,-0.184516,-0.169297,-0.491758,-0.540858,0.019965,0.147531,0.427839,0.878241,0.542528,0.000000,0.540843,1.108129,-0.091374,-0.132052,-0.214373,-0.200800,-0.001412,-0.179972,-0.303963,-0.311273,-0.100940,-0.128521,-0.197806,-0.066008,0.182686,0.141216,-0.456538,-0.425694,-0.351433,-0.264573,-0.435553,-0.422447,-0.498189,-0.358313,-0.236467,-0.076644,-0.217863,-0.092513,-0.133090,-0.157864,0.405918,0.354501,0.189895,-0.061087,-0.010398,0.172588,0.197613,0.422819,0.268857,0.275287,-0.011405,0.300679,-0.117511,0.590886,0.077143,0.097420,0.818664,-0.398653,0.466809,0.077868
-0.167259,-0.140329,-0.215147,-0.096797,-0.066519,-0.159608,-0.241169,-0.267393,-0.155764,-0.137820,-0.211963,-0.250620,-0.001210,-0.123641,-0.133222,0.057059,-0.280274,-0.152820,0.063417,0.121717,-0.022677,0.194071,-0.222639,-0.183544,-0.004850,-0.066732,0.046081,-0.004052,-0.007309,0.021923,-0.327634,-0.365210,-0.373357,-0.352205,-0.133902,0.142523,0.513209,0.177054,0.994529,0.540843,0.000000,0.570716,-0.042776,-0.186383,-0.281254,-0.298057,-0.170017,-0.176984,-0.291983,-0.301427,-0.088680,-0.133035,-0.066862,-0.044060,0.095950,0.009529,-0.311821,-0.296256,-0.430784,-0.373074,-0.449532,-0.396097,-0.451734,-0.485898,-0.167889,-0.233242,-0.309045,-0.176397,0.088392,-0.063039,-0.068505,-0.089543,0.214233,0.262950,0.076397,-0.035883,0.049471,0.017015,0.021184,0.160122,-0.118472,0.239800,0.340515,0.386491,0.257530,0.193648,0.460306,0.126123,0.154576,-0.033825
-0.340917,-0.279701,-0.160258,-0.148890,-0.368451,-0.127857,-0.142647,-0.154341,-0.096031,-0.116550,-0.283334,-0.233754,-0.259286,-0.274501,-0.106787,0.081595,-0.324650,-0.281314,-0.125728,-0.192233,0.223653,0.133662,-0.180390,-0.135529,-0.224163,-0.012521,-0.009935,0.097402,0.184904,-0.029177,-0.048235,-0.028753,-0.382947,-0.420501,0.010482,0.127421,0.333304,0.722638,0.393597,1.108129,0.570716,0.000000,-0.233782,-0.276322,-0.273328,-0.284600,-0.193552,-0.348535,-0.341996,-0.343420,-0.162818,-0.163458,-0.204775,-0.139575,0.052053,-0.029873,-0.386607,-0.408445,-0.421731,-0.389881,-0.423210,-0.428662,-0.441020,-0.414874,-0.253357,-0.126575,-0.349529,-0.232525,-0.171878,-0.215201,0.390135,0.310837,0.376419,0.064460,0.102653,0.291135,0.134865,0.300117,0.248387,0.272692,0.046731,0.206450,-0.204099,0.450180,-0.054821,0.031851,0.553128,-0.427581,0.199426,-0.089817
0.496452,0.517905,0.444872,0.638155,0.388239,0.300794,0.347256,0.366707,0.143434,0.312087,0.143388,0.143697,0.239165,0.273771,0.277579,0.233183,0.106773,0.168159,0.555570,0.632015,-0.046116,0.195075,0.173892,0.251326,0.397748,0.292599,0.253198,0.170530,0.137132,0.180783,-0.051669,-0.028575,0.224204,0.229054,-0.015745,0.050835,-0.040583,-0.032825,0.105368,-0.091374,-0.042776,-0.233782,0.000000,1.346509,0.967341,0.996983,1.321418,1.139899,0.913403,0.941191,0.548583,0.552549,0.511252,0.513110,0.302493,0.605340,0.492311,0.602082,0.548047,0.631454,0.209868,0.134847,0.116131,0.091718,0.054228,0.112302,0.599381,0.644840,0.537302,0.730316,-0.139801,-0.107868,-0.028745,0.108159,0.050856,0.008009,-0.049480,-0.020482,0.199937,0.330539,0.216237,0.446898,0.585795,0.364468,0.544166,0.468894,0.294037,0.380295,0.276649,0.544983
0.536982,0.580181,0.403457,0.557773,0.384501,0.324116,0.306125,0.366609,0.130482,0.312536,0.119201,0.178876,0.185410,0.336686,0.314512,0.228791,0.278540,0.301259,0.586884,0.644364,0.079789,0.190331,0.115145,0.195882,0.321154,0.233556,0.216974,0.219775,0.279418,0.351764,0.062334,0.090253,0.409112,0.377561,0.014406,0.031666,-0.156182,0.029195,-0.112674,-0.132052,-0.186383,-0.276322,1.346509,0.000000,1.104468,1.276500,1.206599,1.156143,0.951502,0.993471,0.502049,0.524218,0.351976,0.434051,0.275415,0.524922,0.534045,0.620711,0.578221,0.664551,0.281963,0.219716,0.199021,0.258181,0.049706,0.177330,0.629364,0.689635,0.555891,0.877188,-0.130902,-0.106624,-0.019436,0.102019,0.103389,0.059330,0.027302,0.019100,0.358112,0.363236,0.448345,0.469981,0.548171,0.265504,0.473500,0.407804,0.149645,0.323197,0.237465,0.577692
0.453565,0.493074,0.492463,0.523294,0.455729,0.433129,0.400466,0.459770,0.325399,0.377006,0.257798,0.309698,0.281023,0.408996,0.488254,0.273427,0.280470,0.298480,0.406024,0.453811,0.302207,0.212123,0.388843,0.441698,0.501871,0.420690,0.449330,0.347278,0.249538,0.335799,0.330651,0.351934,0.469419,0.450512,0.153861,-0.016440,-0.385575,-0.052056,-0.332182,-0.214373,-0.281254,-0.273328,0.967341,1.104468,0.000000,1.832998,1.023563,0.890479,1.172125,1.153160,0.546705,0.487264,0.339328,0.443965,0.130459,0.385820,0.628664,0.733881,0.718560,0.743474,0.515965,0.395409,0.346976,0.392935,0.292084,0.313099,0.781926,0.793225,0.355962,0.757036,0.031524,0.066417,0.068926,0.099413,0.205767,0.220951,-0.113355,-0.128757,0.324122,0.279168,0.404824,0.280434,0.294121,0.033405,0.455090,0.424703,-0.049848,0.161173,0.157784,0.514869
0.485795,0.538219,0.533240,0.609405,0.503469,0.484309,0.440231,0.526869,0.347690,0.429467,0.247790,0.320220,0.302304,0.435007,0.569765,0.302703,0.280258,0.318581,0.482727,0.520041,0.290306,0.228058,0.384060,0.433830,0.521502,0.427881,0.412349,0.358248,0.276176,0.359444,0.319244,0.341271,0.477056,0.450996,0.158316,0.016739,-0.365126,-0.026268,-0.317916,-0.200800,-0.298057,-0.284600,0.996983,1.276500,1.832998,0.000000,1.013305,0.931526,1.155488,1.253141,0.573754,0.530948,0.346322,0.470172,0.164025,0.411945,0.628211,0.719235,0.763142,0.806833,0.551234,0.426773,0.362616,0.415913,0.292353,0.351042,0.799575,0.818401,0.404864,0.791461,0.049080,0.088973,0.078201,0.111137,0.217470,0.216875,-0.077730,-0.110861,0.350498,0.287405,0.445588,0.330424,0.336634,0.075008,0.494077,0.439761,-0.011009,0.230500,0.218871,0.595237
0.302417,0.311092,0.436580,0.558904,0.402647,0.432931,0.436018,0.447714,0.243238,0.444316,0.081422,0.125074,0.184085,0.209926,0.324225,0.233624,0.039244,0.098177,0.381586,0.406256,0.109395,0.248868,0.181318,0.272209,0.305710,0.261100,0.269714,0.254174,0.102774,0.097288,-0.010254,0.026905,0.191361,0.209288,0.127840,0.085958,-0.132269,0.101078,-0.041553,-0.001412,-0.170017,-0.193552,1.321418,1.206599,1.023563,1.013305,0.000000,1.513212,0.999509,1.065714,0.706590,0.719474,0.569299,0.591735,0.453106,0.769927,0.367291,0.487651,0.673854,0.838724,0.329943,0.256764,0.147024,0.154176,0.142580,0.360585,0.780347,0.927236,0.338158,0.636604,-0.108825,-0.087494,-0.069147,0.048283,0.016361,0.090278,-0.025811,0.034015,0.188941,0.202732,0.184449,0.301711,0.427162,0.303578,0.486282,0.481327,0.274452,0.229676,0.438204,0.668900
0.439257,0.414128,0.457216,0.576579,0.520255,0.485764,0.423709,0.474025,0.298981,0.417224,0.175165,0.179413,0.331768,0.324321,0.373436,0.221817,0.086136,0.208913,0.396522,0.469595,0.054480,0.204211,0.228997,0.313584,0.422294,0.317520,0.311264,0.254674,0.055291,0.083995,-0.045026,-0.017193,0.280807,0.273925,0.082027,0.044248,-0.155165,-0.042723,-0.065193,-0.179972,-0.176984,-0.348535,1.139899,1.156143,0.890479,0.931526,1.513212,0.000000,1.083053,1.221555,0.866486,0.880190,0.736980,0.759486,0.510328,0.885941,0.505254,0.617386,0.670734,0.789861,0.397832,0.309345,0.233097,0.186184,0.230909,0.400942,0.758843,0.878260,0.420057,0.651989,-0.252147,-0.214556,-0.081726,0.065923,0.009814,-0.039953,-0.124864,-0.130413,0.121411,0.126377,0.139153,0.220359,0.503593,0.149239,0.532869,0.577690,0.143362,0.393701,0.332152,0.712957
