0.000000,1.155239,0.418304,0.618401,-0.031047,0.065532,0.492137,0.571262,0.330537,0.315716,0.539784,0.346594,0.366896,0.430836,0.234965,0.459279,0.861786,0.688677,0.599526,0.673073,-0.011879,-0.108237,0.257371,0.187981,-0.186084,-0.049790,-0.219982,-0.050681,0.499022,0.377652,0.318722,0.404876,0.746970,0.740000,-0.075782,0.012510,0.242846,0.106613,0.093747,0.300275,0.018073,0.336578,0.321812,0.341171,0.734816,0.764485,0.539961,0.537873,0.720536,0.668281,0.356405,0.436545,0.248281,0.089336,0.292200,0.245987,1.296514,1.245174,0.327210,0.546101,0.637964,0.463709,0.411941,0.307637,0.235592,0.367083,0.297963,0.471503,0.483999,0.483402,-0.107480,-0.024633,0.227961,0.319115,0.241762,0.370955,-0.030293,-0.007142,0.318959,0.299445,0.680003,0.483837,0.360678,0.428804,0.309484,0.180901,0.081399,0.110896,0.290301,0.248554
1.155239,0.000000,0.394030,0.980856,0.066241,0.216177,0.385303,0.827176,0.485328,0.487738,0.479308,0.555166,0.361033,0.525048,0.362854,0.601341,0.860889,0.767746,0.488422,0.682266,-0.012293,-0.004705,0.275383,0.331534,-0.186752,0.052252,-0.137599,0.061080,0.530801,0.321773,0.323099,0.533609,0.758416,0.881845,0.135138,0.099800,0.309431,0.322820,0.304947,0.470127,0.229151,0.457851,0.538113,0.542318,0.649748,0.715598,0.696403,0.766689,0.708762,0.672047,0.542126,0.626865,0.579069,0.454652,0.630030,0.549180,1.026586,0.987291,0.395205,0.546310,0.639677,0.631274,0.552572,0.569401,0.242637,0.458165,0.434960,0.676988,0.606836,0.596179,-0.099681,-0.053954,0.463798,0.597641,0.447387,0.522561,0.117049,0.217581,0.391146,0.170193,1.103169,0.871800,0.597286,0.684215,0.591790,0.446252,0.240063,0.282371,0.551869,0.541949
0.418304,0.394030,0.000000,0.870546,0.461159,0.580601,1.301944,0.768387,0.819159,0.844811,0.313366,0.263055,0.629303,0.546431,0.765496,0.631721,0.342226,0.253651,0.790567,0.560649,-0.062497,0.160190,1.364851,1.023057,0.360884,0.401943,0.313871,0.255455,0.156017,0.156800,0.688177,0.691582,0.675381,0.632112,0.035463,-0.014463,0.128463,0.159748,-0.033610,0.185648,0.232293,-0.222325,0.558726,0.393023,0.553355,0.561645,0.448874,0.465819,0.638860,0.634326,0.604914,0.646601,0.436807,0.489320,0.316978,0.462832,0.439223,0.363206,0.901717,0.745683,0.976561,0.678871,0.536242,0.351916,0.770947,0.822854,0.843037,0.711120,0.585240,0.569390,0.299859,0.476749,0.367110,0.321602,0.537490,0.593748,0.369691,0.220647,0.023790,0.213760,0.293208,0.475322,0.450336,0.358564,0.305629,0.327077,0.534401,0.258362,0.506423,0.618274
0.618401,0.980856,0.870546,0.000000,0.409407,0.654438,0.791220,1.532963,0.754795,1.001603,0.446831,0.753701,0.577539,0.805940,0.683946,0.980905,0.507622,0.427784,0.603432,0.691691,-0.015120,0.128252,0.725158,0.974814,0.183862,0.413773,0.214047,0.333778,0.325488,0.221277,0.459785,0.770966,0.753783,0.882465,0.306053,0.153539,0.296645,0.441688,0.229203,0.431946,0.333238,0.152615,0.849493,0.716467,0.544573,0.625036,0.834387,0.878957,0.670448,0.663560,0.840684,0.907022,0.786207,0.800217,0.792041,0.853804,0.512765,0.478435,0.610048,0.666575,0.792563,0.947725,0.642948,0.721371,0.501316,0.902087,0.747542,0.874418,0.600060,0.646028,0.126765,0.176242,0.593285,0.652723,0.848647,0.691512,0.481903,0.456171,0.171976,0.094657,0.729092,0.905818,0.612558,0.729331,0.732451,0.737312,0.494486,0.402112,0.772126,0.918732
-0.031047,0.066241,0.461159,0.409407,0.000000,0.989750,0.375853,0.246199,0.541475,0.521796,0.173135,0.264158,0.259511,0.294088,0.507692,0.403035,-0.076844,-0.053845,0.293820,0.174382,0.213189,0.203849,0.482196,0.502631,0.861623,0.979733,1.162497,1.004276,0.120500,0.114448,0.242490,0.275129,0.119339,0.177276,0.179048,-0.009343,0.429650,0.513838,0.192669,0.298829,0.203055,-0.116737,0.443276,0.401839,-0.012046,0.039246,0.373696,0.370975,0.048889,0.107603,0.257648,0.316985,0.152374,0.438655,0.424673,0.483023,-0.015524,-0.017856,0.370079,0.249182,0.206024,0.279597,0.093900,0.249126,0.109067,0.254635,0.518766,0.328185,0.302811,0.421132,0.138265,0.153827,0.320930,0.257264,0.549179,0.395379,0.593634,0.677784,-0.308041,0.051181,0.119943,0.204455,0.281012,0.346583,0.214139,0.264178,0.421897,0.337672,0.315728,0.485715
0.065532,0.216177,0.580601,0.654438,0.989750,0.000000,0.496366,0.504748,0.621813,0.980852,0.252122,0.459457,0.425904,0.445806,0.707900,0.666478,0.071271,0.074094,0.284455,0.235579,0.182468,0.362539,0.573217,0.768720,0.637714,0.766480,0.755397,0.810851,0.085543,0.112944,0.392945,0.471632,0.269526,0.330628,0.224717,0.091006,0.202011,0.396972,0.070281,0.279737,0.229266,-0.159771,0.592661,0.524898,0.203613,0.259895,0.518629,0.476197,0.320115,0.374027,0.591580,0.612876,0.478487,0.678826,0.581106,0.635434,0.067414,0.046348,0.501920,0.412093,0.417602,0.506116,0.315243,0.406730,0.292350,0.515917,0.602602,0.527441,0.360626,0.437685,0.343346,0.333316,0.496681,0.337254,0.810506,0.578286,0.642407,0.452357,-0.152469,0.122631,0.258651,0.456025,0.336190,0.416182,0.455690,0.521390,0.627707,0.318077,0.528167,0.765281
0.492137,0.385303,1.301944,0.791220,0.375853,0.496366,0.000000,0.890513,0.806509,0.855581,0.469220,0.324969,0.719417,0.661860,0.837265,0.760336,0.415740,0.254437,0.893268,0.660447,-0.051466,-0.002650,0.999252,0.736705,0.259403,0.247625,0.191543,0.171743,0.205078,0.183274,0.580402,0.576493,0.658095,0.578177,-0.009499,-0.001073,0.153632,0.199653,0.061757,0.165186,0.191476,-0.126894,0.528479,0.354327,0.477699,0.496929,0.427234,0.492501,0.526521,0.510972,0.481192,0.449287,0.362084,0.322180,0.341874,0.382616,0.424204,0.419866,0.660989,0.641890,0.910907,0.697138,0.496728,0.334141,0.790259,0.683597,0.697301,0.592503,0.609082,0.593650,0.200718,0.342151,0.356604,0.318035,0.493132,0.491756,0.368250,0.228832,0.032042,0.187834,0.291070,0.393116,0.427748,0.316280,0.223781,0.135498,0.439489,0.162513,0.366665,0.428534
0.571262,0.827176,0.768387,1.532963,0.246199,0.504748,0.890513,0.000000,0.681281,1.036938,0.466565,0.794823,0.554754,0.898857,0.692897,1.038015,0.484242,0.456792,0.651628,0.767998,-0.126823,-0.002471,0.606598,0.833886,0.045458,0.208814,0.039600,0.148441,0.293165,0.254311,0.460962,0.741949,0.776183,0.847081,0.171402,0.208643,0.180406,0.383687,0.121084,0.311467,0.235904,0.101489,0.722817,0.583192,0.515087,0.624113,0.715211,0.810247,0.654586,0.644288,0.745643,0.754359,0.714802,0.661094,0.623676,0.650112,0.449495,0.458579,0.537718,0.711272,0.790939,1.107133,0.690282,0.783973,0.561291,0.930580,0.614206,0.813977,0.628866,0.611150,0.099021,0.164737,0.519445,0.590216,0.725373,0.613444,0.405156,0.325126,0.191613,0.149195,0.617043,0.781494,0.481238,0.553269,0.555955,0.544652,0.422524,0.247733,0.564277,0.706816
0.330537,0.485328,0.819159,0.754795,0.541475,0.621813,0.806509,0.681281,0.000000,0.972938,0.325395,0.295715,0.444917,0.477597,1.070063,0.817565,0.517852,0.360496,0.702584,0.488056,0.042262,-0.012095,0.703056,0.520070,0.152107,0.264763,0.273942,0.207836,0.301358,0.142526,0.376062,0.386996,0.595946,0.595332,0.096803,-0.079308,0.364209,0.309763,0.204576,0.327893,0.416188,0.051963,0.610680,0.376178,0.414905,0.437287,0.563922,0.641558,0.548448,0.450536,0.596637,0.548886,0.573019,0.558290,0.539888,0.549737,0.407838,0.308624,0.629524,0.460408,0.779873,0.573721,0.597264,0.401869,0.676082,0.564047,0.688823,0.621156,0.549399,0.580442,0.011218,0.110089,0.339037,0.368814,0.511204,0.500378,0.277792,0.394136,-0.002119,0.152082,0.500069,0.565962,0.587080,0.463131,0.468202,0.265996,0.426324,0.212772,0.560656,0.611063
0.315716,0.487738,0.844811,1.001603,0.521796,0.980852,0.855581,1.036938,0.972938,0.000000,0.298093,0.553174,0.515254,0.730091,0.906150,1.052228,0.340655,0.318535,0.488497,0.445426,-0.022791,0.143322,0.587938,0.754697,0.187837,0.306888,0.255284,0.316735,0.183476,0.226799,0.525284,0.649216,0.539013,0.597702,0.096230,0.153744,0.108591,0.305847,0.056499,0.252117,0.250255,-0.121083,0.746354,0.617344,0.563700,0.608816,0.603878,0.638913,0.667825,0.668973,0.723168,0.736534,0.667918,0.735846,0.607887,0.668111,0.310922,0.269665,0.765413,0.764761,0.746856,0.922752,0.564403,0.635179,0.542527,0.933994,0.686580,0.802367,0.594625,0.602209,0.267175,0.326052,0.525930,0.431406,0.772548,0.661959,0.435191,0.278050,0.039758,0.227001,0.470393,0.744069,0.466101,0.469565,0.512995,0.524144,0.681326,0.225847,0.680087,0.971589
0.539784,0.479308,0.313366,0.446831,0.173135,0.252122,0.469220,0.466565,0.325395,0.298093,0.000000,0.784654,1.118984,0.789379,0.499902,0.472668,0.555219,0.499862,0.409096,0.358092,0.161168,-0.020604,0.301655,0.243188,0.165477,0.177550,0.089889,0.090322,0.604943,0.408879,0.323695,0.324051,0.431032,0.494087,0.176846,0.161395,0.328573,0.232039,0.060070,0.169590,-0.028262,0.195089,0.482291,0.385698,0.342070,0.358959,0.659704,0.630864,0.370398,0.338233,0.536056,0.442500,0.433926,0.235249,0.390090,0.355770,0.301160,0.289994,0.111536,0.166390,0.321840,0.275738,0.460062,0.362321,0.216171,0.169800,0.211951,0.283199,0.250229,0.245259,0.025085,0.055394,0.343116,0.299583,0.388467,0.337365,0.222223,0.136479,0.274795,0.399353,0.419765,0.340278,0.243140,0.291410,0.456866,0.250423,0.148861,-0.093669,0.082557,0.203700
0.346594,0.555166,0.263055,0.753701,0.264158,0.459457,0.324969,0.794823,0.295715,0.553174,0.784654,0.000000,0.593603,0.952923,0.461982,0.628184,0.244419,0.427465,0.295975,0.466870,0.067382,0.109588,0.271091,0.530920,0.210278,0.286607,0.192648,0.222377,0.350636,0.340242,0.294540,0.474927,0.489968,0.578128,0.324338,0.281138,0.138432,0.400908,0.025215,0.155929,0.022909,0.124289,0.624129,0.585933,0.270599,0.356504,0.737028,0.710316,0.372134,0.376421,0.738788,0.698048,0.705802,0.602897,0.581509,0.631724,0.124194,0.143794,0.167729,0.301695,0.293036,0.548443,0.444777,0.762887,0.163254,0.421886,0.323999,0.511235,0.353368,0.358321,0.139946,0.086079,0.596424,0.543656,0.725956,0.544613,0.433436,0.277616,0.195519,0.290930,0.405331,0.552747,0.211277,0.409148,0.656912,0.729522,0.300681,0.026328,0.268561,0.501936
0.366896,0.361033,0.629303,0.577539,0.259511,0.425904,0.719417,0.554754,0.444917,0.515254,1.118984,0.593603,0.000000,0.824099,0.688380,0.552405,0.366519,0.268653,0.401380,0.282515,0.119361,0.179707,0.591675,0.497700,0.326997,0.308901,0.233319,0.235783,0.368355,0.251654,0.503063,0.449811,0.396836,0.444450,0.208693,0.156424,0.192610,0.210572,0.052262,0.108993,0.060394,-0.066221,0.625996,0.490466,0.402473,0.382570,0.579051,0.597791,0.421473,0.424574,0.642910,0.565441,0.519254,0.403055,0.399139,0.505331,0.187218,0.179253,0.334411,0.275828,0.454662,0.335489,0.500307,0.308894,0.373684,0.343180,0.355707,0.338738,0.293901,0.247284,0.315585,0.342921,0.417486,0.318253,0.456538,0.413033,0.370456,0.158277,0.243418,0.276864,0.354941,0.400696,0.314241,0.281688,0.413396,0.297815,0.394030,0.018208,0.251680,0.404571
0.430836,0.525048,0.546431,0.805940,0.294088,0.445806,0.661860,0.898857,0.477597,0.730091,0.789379,0.952923,0.824099,0.000000,0.539606,0.806040,0.405580,0.440111,0.464312,0.487531,0.075215,0.131283,0.446162,0.495757,0.182910,0.247532,0.164739,0.205586,0.339140,0.352541,0.516908,0.570741,0.526470,0.666930,0.101149,0.203562,0.228932,0.357651,0.032678,0.156036,0.047841,0.000016,0.649002,0.563074,0.503366,0.554778,0.656887,0.673640,0.476412,0.509653,0.533738,0.591819,0.471361,0.364427,0.424771,0.521939,0.311338,0.330771,0.313129,0.436736,0.498981,0.674193,0.603369,0.649451,0.357962,0.615554,0.350398,0.526229,0.466521,0.380715,0.231847,0.263704,0.489065,0.507187,0.627773,0.512458,0.326481,0.214406,0.190306,0.267276,0.363962,0.453038,0.190664,0.271474,0.338904,0.351053,0.282584,0.019192,0.197628,0.479715
0.234965,0.362854,0.765496,0.683946,0.507692,0.707900,0.837265,0.692897,1.070063,0.906150,0.499902,0.461982,0.688380,0.539606,0.000000,0.866831,0.399164,0.278621,0.666678,0.498404,0.136639,0.132470,0.786616,0.676015,0.364012,0.386532,0.367030,0.293019,0.321059,0.117754,0.482235,0.532868,0.518884,0.502245,0.247082,0.016299,0.292311,0.394808,0.231431,0.355398,0.347202,0.054308,0.700450,0.446713,0.317495,0.342443,0.593278,0.669025,0.483851,0.397141,0.650726,0.514682,0.670787,0.672749,0.643552,0.661147,0.186290,0.142547,0.507427,0.379608,0.587970,0.535515,0.519271,0.422493,0.559674,0.462776,0.647212,0.545772,0.578330,0.571150,0.189281,0.259836,0.565769,0.449707,0.668001,0.619140,0.471930,0.384430,0.071489,0.157659,0.475902,0.578975,0.655854,0.399911,0.551242,0.322872,0.681850,0.210313,0.531591,0.604888
0.459279,0.601341,0.631721,0.980905,0.403035,0.666478,0.760336,1.038015,0.817565,1.052228,0.472668,0.628184,0.552405,0.806040,0.866831,0.000000,0.460372,0.369243,0.532028,0.554245,0.100841,0.050571,0.532873,0.607167,0.095720,0.309998,0.134809,0.248831,0.382521,0.208891,0.528819,0.702890,0.635900,0.726851,0.131854,0.091303,0.284833,0.413375,0.129558,0.317486,0.246833,0.105707,0.769109,0.657643,0.482169,0.593470,0.726509,0.807838,0.576368,0.598606,0.645780,0.680695,0.584386,0.624151,0.639798,0.670657,0.408052,0.353737,0.527239,0.569025,0.658160,0.856344,0.618718,0.622973,0.460981,0.725775,0.558694,0.695178,0.564859,0.613768,0.140311,0.173085,0.513159,0.555384,0.749849,0.568836,0.401607,0.406037,0.118668,0.136043,0.609317,0.678929,0.553029,0.560401,0.527340,0.445961,0.534448,0.243608,0.583034,0.690943
0.861786,0.860889,0.342226,0.507622,-0.076844,0.071271,0.415740,0.484242,0.517852,0.340655,0.555219,0.244419,0.366519,0.405580,0.399164,0.460372,0.000000,0.885568,0.428866,0.442081,0.186123,0.025308,0.315660,0.135112,-0.211306,-0.065765,-0.265192,-0.197053,0.608466,0.353973,0.428400,0.412624,0.735392,0.816278,-0.064463,-0.121541,0.327212,0.182030,0.252311,0.364716,0.150437,0.468315,0.255082,0.218498,0.662487,0.673354,0.403263,0.423586,0.740895,0.624665,0.387156,0.363148,0.360274,0.103153,0.335745,0.231196,0.882092,0.848507,0.292980,0.336287,0.597336,0.421331,0.661242,0.440991,0.394742,0.261148,0.263049,0.413716,0.318445,0.344827,0.036719,0.147811,0.367220,0.371431,0.234218,0.362866,-0.064255,0.048942,0.448367,0.250536,0.787856,0.571805,0.421892,0.356704,0.322164,0.115104,0.176199,0.134818,0.281206,0.168801
0.688677,0.767746,0.253651,0.427784,-0.053845,0.074094,0.254437,0.456792,0.360496,0.318535,0.499862,0.427465,0.268653,0.440111,0.278621,0.369243,0.885568,0.000000,0.369736,0.455727,0.193252,0.062438,0.219392,0.072258,-0.253643,-0.061214,-0.218333,-0.130196,0.832964,0.845826,0.636510,0.607665,0.799060,0.872766,-0.023367,0.015652,0.081264,0.042503,-0.043222,0.184011,-0.161395,0.351431,0.378516,0.353052,0.816176,0.847865,0.548336,0.524161,0.749911,0.680553,0.457472,0.494435,0.425287,0.144685,0.261002,0.180677,0.792286,0.780411,0.274215,0.359620,0.439567,0.409959,0.727640,0.615888,0.343066,0.271378,0.282041,0.536756,0.390706,0.447100,0.019323,0.093358,0.332513,0.307107,0.291626,0.432690,-0.279532,-0.212928,0.621698,0.831751,0.800043,0.749158,0.169318,0.401044,0.355987,0.247535,0.127923,-0.115808,0.251336,0.165718
0.599526,0.488422,0.790567,0.603432,0.293820,0.284455,0.893268,0.651628,0.702584,0.488497,0.409096,0.295975,0.401380,0.464312,0.666678,0.532028,0.428866,0.369736,0.000000,1.316610,-0.220262,-0.258613,0.691059,0.521947,0.090378,0.149255,0.118501,0.096239,0.250938,0.150462,0.335340,0.384926,0.719946,0.503037,-0.013329,-0.062751,0.293422,0.146828,0.147388,0.199817,0.220811,0.046618,0.374631,0.226750,0.318554,0.389206,0.464332,0.519635,0.402445,0.337761,0.318249,0.331731,0.277117,0.237279,0.360741,0.359658,0.606524,0.563300,0.446528,0.580906,0.728351,0.603301,0.419658,0.348282,0.415598,0.343998,0.599167,0.549473,0.867674,0.811788,-0.159922,-0.035668,0.184980,0.312373,0.362685,0.448765,0.235434,0.220281,-0.013573,0.193004,0.332381,0.319587,0.425363,0.287259,0.233521,0.051275,0.204644,0.104097,0.235228,0.289513
0.673073,0.682266,0.560649,0.691691,0.174382,0.235579,0.660447,0.767998,0.488056,0.445426,0.358092,0.466870,0.282515,0.487531,0.498404,0.554245,0.442081,0.455727,1.316610,0.000000,-0.180452,-0.225117,0.519889,0.531949,-0.009249,0.155962,-0.026636,0.085769,0.267376,0.199838,0.330402,0.490882,0.725830,0.629676,0.012869,0.005779,0.235480,0.213789,0.123221,0.247983,0.218442,0.199190,0.336278,0.231078,0.267037,0.363917,0.465109,0.535934,0.365153,0.325540,0.305433,0.369872,0.308938,0.287900,0.391159,0.341048,0.663244,0.664129,0.273995,0.545949,0.597533,0.695022,0.406575,0.512107,0.265146,0.345125,0.461927,0.575601,0.944105,0.919726,-0.161182,-0.059921,0.261087,0.407646,0.393981,0.483634,0.258794,0.269321,0.122154,0.176691,0.425680,0.412783,0.334757,0.295702,0.274260,0.153802,0.108815,0.059355,0.211026,0.285107
-0.011879,-0.012293,-0.062497,-0.015120,0.213189,0.182468,-0.051466,-0.126823,0.042262,-0.022791,0.161168,0.067382,0.119361,0.075215,0.136639,0.100841,0.186123,0.193252,-0.220262,-0.180452,0.000000,0.557296,0.076088,-0.050817,0.222939,0.337611,0.190251,0.213069,0.283769,0.218499,0.401660,0.321178,0.088704,0.169522,0.147788,-0.133900,0.187344,0.239906,0.154708,0.285931,0.035287,0.321533,-0.012002,0.033977,0.023325,0.010716,0.048369,-0.001369,0.018878,0.041259,0.014988,0.049165,-0.036878,0.019578,0.104513,0.044467,0.035158,-0.019584,-0.027480,-0.195500,-0.038479,-0.097530,0.140180,0.071051,0.022343,-0.080631,0.016586,-0.011360,-0.051370,0.055327,0.509998,0.414382,0.391832,0.205065,0.137906,0.123234,0.111904,0.183231,0.159173,0.131035,0.190482,0.143283,0.050173,0.109718,0.141783,0.109679,0.220126,0.117354,0.111207,0.019153
-0.108237,-0.004705,0.160190,0.128252,0.203849,0.362539,-0.002650,-0.002471,-0.012095,0.143322,-0.020604,0.109588,0.179707,0.131283,0.132470,0.050571,0.025308,0.062438,-0.258613,-0.225117,0.557296,0.000000,0.253546,0.256105,0.389661,0.401338,0.363528,0.394030,0.016153,0.037247,0.521612,0.411012,0.105461,0.199976,0.227400,0.016689,-0.156179,0.238284,-0.007031,0.076929,0.049082,-0.055912,0.135159,0.269470,0.175423,0.145773,-0.021256,0.019168,0.152936,0.250556,0.249847,0.295282,0.255994,0.343264,0.123781,0.322353,-0.101333,-0.123093,0.173084,-0.054259,0.036981,-0.009685,0.207071,0.140546,0.110607,0.196687,0.122495,0.078598,-0.033164,-0.060105,1.000279,0.846365,0.590501,0.420883,0.342306,0.324534,0.177088,0.048010,0.217868,0.033611,0.149070,0.317723,0.035315,0.102737,0.164411,0.382605,0.609009,0.304883,0.194538,0.330384
0.257371,0.275383,1.364851,0.725158,0.482196,0.573217,0.999252,0.606598,0.703056,0.587938,0.301655,0.271091,0.591675,0.446162,0.786616,0.532873,0.315660,0.219392,0.691059,0.519889,0.076088,0.253546,0.000000,1.176607,0.573908,0.599375,0.452336,0.310759,0.201363,0.127165,0.702282,0.682000,0.638947,0.588772,0.108850,-0.141353,0.184833,0.211121,0.027885,0.185559,0.258013,-0.185099,0.460390,0.279849,0.326923,0.340842,0.377995,0.398970,0.459590,0.427070,0.578376,0.530976,0.411863,0.447028,0.298019,0.409116,0.289498,0.218640,0.563620,0.409686,0.681202,0.441506,0.469425,0.285287,0.704996,0.538138,0.701904,0.517097,0.436129,0.467340,0.349003,0.523166,0.400168,0.309696,0.485343,0.590130,0.398301,0.307136,0.044644,0.188762,0.222794,0.393950,0.366786,0.303634,0.289179,0.313532,0.472571,0.246389,0.384964,0.414354
0.187981,0.331534,1.023057,0.974814,0.502631,0.768720,0.736705,0.833886,0.520070,0.754697,0.243188,0.530920,0.497700,0.495757,0.676015,0.607167,0.135112,0.072258,0.521947,0.531949,-0.050817,0.256105,1.176607,0.000000,0.544597,0.687535,0.463006,0.422566,0.029191,0.045335,0.471066,0.733322,0.475040,0.518662,0.257825,0.088127,0.151605,0.287535,-0.005004,0.224408,0.279359,-0.250099,0.511352,0.394647,0.223405,0.261184,0.454174,0.420213,0.398075,0.395163,0.687294,0.673773,0.561800,0.775160,0.491442,0.622579,0.142488,0.095856,0.536589,0.501021,0.580459,0.600056,0.388508,0.460159,0.450407,0.684182,0.702382,0.624933,0.434635,0.482235,0.375205,0.458419,0.480057,0.399800,0.698287,0.689899,0.715719,0.439280,-0.056287,0.047538,0.224806,0.489706,0.320101,0.326609,0.478128,0.664655,0.564735,0.333633,0.507470,0.704419
-0.186084,-0.186752,0.360884,0.183862,0.861623,0.637714,0.259403,0.045458,0.152107,0.187837,0.165477,0.210278,0.326997,0.182910,0.364012,0.095720,-0.211306,-0.253643,0.090378,-0.009249,0.222939,0.389661,0.573908,0.544597,0.000000,1.136419,1.266854,0.807256,-0.043411,-0.059766,0.203905,0.169599,-0.011673,-0.001229,0.253629,0.018564,0.229132,0.339726,0.137334,0.140277,0.139058,-0.215147,0.272300,0.194193,-0.159347,-0.136704,0.152371,0.133049,-0.068251,-0.057374,0.229695,0.175322,0.101437,0.242734,0.200725,0.322562,-0.294336,-0.294551,0.080162,-0.039313,-0.001830,-0.036365,-0.083244,-0.015878,0.124711,0.122092,0.287736,0.084953,-0.038471,0.048752,0.336991,0.374362,0.334608,0.134904,0.308797,0.211105,0.598460,0.464587,-0.200843,0.026962,-0.184367,-0.026826,0.069323,0.042741,0.131899,0.224125,0.324872,0.202053,0.085917,0.224198
-0.049790,0.052252,0.401943,0.413773,0.979733,0.766480,0.247625,0.208814,0.264763,0.306888,0.177550,0.286607,0.308901,0.247532,0.386532,0.309998,-0.065765,-0.061214,0.149255,0.155962,0.337611,0.401338,0.599375,0.687535,1.136419,0.000000,0.991106,0.919161,0.097814,0.067742,0.348558,0.463102,0.118183,0.198445,0.296422,0.001717,0.349465,0.387644,0.151060,0.288784,0.207065,-0.094588,0.363747,0.301489,-0.097560,-0.046914,0.358419,0.307926,-0.004608,0.046683,0.309588,0.346264,0.218548,0.447715,0.397929,0.453992,-0.057537,-0.111566,0.153566,0.067912,0.084496,0.135596,0.070890,0.151941,0.102938,0.225099,0.376629,0.237516,0.144233,0.292794,0.268127,0.292851,0.395521,0.220287,0.445303,0.277101,0.635205,0.620028,-0.096642,0.052897,0.063744,0.174570,0.146410,0.201083,0.310354,0.420048,0.348642,0.259993,0.288844,0.413289
-0.219982,-0.137599,0.313871,0.214047,1.162497,0.755397,0.191543,0.039600,0.273942,0.255284,0.089889,0.192648,0.233319,0.164739,0.367030,0.134809,-0.265192,-0.218333,0.118501,-0.026636,0.190251,0.363528,0.452336,0.463006,1.266854,0.991106,0.000000,1.043608,-0.037716,-0.048101,0.170756,0.134522,-0.023029,-0.024760,0.293343,0.003337,0.267872,0.316634,0.177148,0.136169,0.153345,-0.259558,0.341514,0.294737,-0.138238,-0.108854,0.219299,0.215497,-0.064165,-0.035726,0.227205,0.196185,0.176939,0.339029,0.314704,0.408625,-0.254824,-0.249222,0.167585,-0.000616,0.019005,0.017408,-0.058230,0.054143,0.039699,0.106511,0.339008,0.120461,0.060702,0.121525,0.240688,0.231978,0.257980,0.142523,0.354646,0.224694,0.504541,0.504065,-0.278153,-0.016894,-0.106367,0.043125,0.099429,0.136421,0.140837,0.220503,0.347342,0.261529,0.155762,0.326779
-0.050681,0.061080,0.255455,0.333778,1.004276,0.810851,0.171743,0.148441,0.207836,0.316735,0.090322,0.222377,0.235783,0.205586,0.293019,0.248831,-0.197053,-0.130196,0.096239,0.085769,0.213069,0.394030,0.310759,0.422566,0.807256,0.919161,1.043608,0.000000,0.019527,0.011110,0.235614,0.300494,0.019138,0.103355,0.427088,0.159469,0.291928,0.369691,0.264256,0.301286,0.167356,-0.098276,0.326939,0.376500,-0.061494,-0.043523,0.271796,0.278573,-0.058387,-0.001297,0.165077,0.228743,0.184514,0.380011,0.439331,0.488151,-0.089446,-0.063292,0.152579,0.058357,0.003115,0.107766,-0.062386,0.082889,-0.087856,0.105706,0.321140,0.181477,0.167482,0.221558,0.162379,0.151748,0.294696,0.246536,0.447474,0.267152,0.443154,0.482365,-0.166898,-0.019987,0.111242,0.220124,0.242869,0.276257,0.222055,0.261900,0.415287,0.297086,0.283674,0.438276
0.499022,0.530801,0.156017,0.325488,0.120500,0.085543,0.205078,0.293165,0.301358,0.183476,0.604943,0.350636,0.368355,0.339140,0.321059,0.382521,0.608466,0.832964,0.250938,0.267376,0.283769,0.016153,0.201363,0.029191,-0.043411,0.097814,-0.037716,0.019527,0.000000,0.833679,0.473522,0.469284,0.451979,0.526864,0.038180,-0.036727,0.321249,0.166592,0.094961,0.287659,-0.019753,0.327916,0.437309,0.390040,0.470716,0.503025,0.512010,0.517842,0.467106,0.368451,0.344718,0.311039,0.214324,0.125318,0.240517,0.181180,0.455217,0.413865,0.087379,0.091431,0.149454,0.133631,0.392944,0.327834,0.115042,0.018900,0.156908,0.253421,0.152009,0.304444,-0.049314,-0.006253,0.303802,0.175311,0.259128,0.311743,-0.148985,0.022889,0.374700,0.586229,0.715535,0.479388,0.335544,0.522888,0.353348,0.159083,0.089776,0.029435,0.116172,0.016457
0.377652,0.321773,0.156800,0.221277,0.114448,0.112944,0.183274,0.254311,0.142526,0.226799,0.408879,0.340242,0.251654,0.352541,0.117754,0.208891,0.353973,0.845826,0.150462,0.199838,0.218499,0.037247,0.127165,0.045335,-0.059766,0.067742,-0.048101,0.011110,0.833679,0.000000,0.496697,0.459347,0.323560,0.391096,-0.143564,0.104025,0.104723,0.029769,-0.184878,0.157420,-0.284274,-0.018093,0.205812,0.193773,0.443521,0.435098,0.316703,0.247403,0.366183,0.344970,0.190441,0.258290,0.063440,-0.031639,0.015627,-0.021553,0.368860,0.375809,0.115889,0.236171,0.151923,0.199005,0.345072,0.374008,0.138583,0.154215,0.083719,0.246128,0.125826,0.275703,0.091775,0.121916,0.225660,0.105629,0.179574,0.308563,-0.180250,-0.167760,0.270293,1.098176,0.334907,0.351192,-0.086401,0.295220,0.161160,0.147371,0.023860,-0.122025,0.023948,0.012775
0.318722,0.323099,0.688177,0.459785,0.242490,0.392945,0.580402,0.460962,0.376062,0.525284,0.323695,0.294540,0.503063,0.516908,0.482235,0.528819,0.428400,0.636510,0.335340,0.330402,0.401660,0.521612,0.702282,0.471066,0.203905,0.348558,0.170756,0.235614,0.473522,0.496697,0.000000,1.193842,0.692688,0.715917,-0.041972,-0.114787,-0.045469,0.123414,-0.072251,0.086260,-0.035783,-0.072916,0.434002,0.424722,0.614571,0.615425,0.317569,0.360298,0.579399,0.612292,0.472607,0.528890,0.338136,0.324513,0.193640,0.307003,0.423679,0.342081,0.479177,0.361405,0.501928,0.415268,0.605508,0.457800,0.454057,0.426468,0.394578,0.458179,0.389971,0.387571,0.631973,0.707420,0.498607,0.365209,0.416057,0.538276,0.052735,-0.036542,0.423108,0.543047,0.463816,0.619861,0.225753,0.299622,0.214069,0.263440,0.550168,0.109878,0.271937,0.339609
0.404876,0.533609,0.691582,0.770966,0.275129,0.471632,0.576493,0.741949,0.386996,0.649216,0.324051,0.474927,0.449811,0.570741,0.532868,0.702890,0.412624,0.607665,0.384926,0.490882,0.321178,0.411012,0.682000,0.733322,0.169599,0.463102,0.134522,0.300494,0.469284,0.459347,1.193842,0.000000,0.687116,0.828823,0.224483,0.098021,0.096122,0.221702,0.003859,0.291438,0.104342,0.047496,0.520277,0.528416,0.569530,0.610123,0.507784,0.463879,0.591425,0.629175,0.539324,0.650987,0.461988,0.535602,0.438758,0.473553,0.466941,0.406692,0.558123,0.534086,0.553582,0.636564,0.585881,0.620439,0.439852,0.588158,0.615995,0.755703,0.570330,0.662913,0.460840,0.554633,0.594709,0.465032,0.662879,0.736750,0.271480,0.186783,0.329241,0.375654,0.618418,0.852958,0.325070,0.399880,0.438445,0.534376,0.612911,0.181118,0.539829,0.567977
0.746970,0.758416,0.675381,0.753783,0.119339,0.269526,0.658095,0.776183,0.595946,0.539013,0.431032,0.489968,0.396836,0.526470,0.518884,0.635900,0.735392,0.799060,0.719946,0.725830,0.088704,0.105461,0.638947,0.475040,-0.011673,0.118183,-0.023029,0.019138,0.451979,0.323560,0.692688,0.687116,0.000000,1.257565,0.130212,0.036267,0.015632,0.084517,-0.015390,0.111794,0.014935,0.169938,0.524728,0.420672,0.695385,0.775216,0.559103,0.569631,0.775465,0.735836,0.710006,0.676784,0.580797,0.349864,0.360468,0.406762,0.753894,0.686563,0.565220,0.567064,0.867912,0.673806,0.866488,0.579493,0.653455,0.543716,0.628755,0.761455,0.633395,0.604340,0.149768,0.239532,0.447810,0.491717,0.511913,0.501038,0.024629,-0.010598,0.449427,0.424455,0.616625,0.663888,0.353869,0.444115,0.458390,0.371650,0.344445,0.082389,0.365993,0.395893
0.740000,0.881845,0.632112,0.882465,0.177276,0.330628,0.578177,0.847081,0.595332,0.597702,0.494087,0.578128,0.444450,0.666930,0.502245,0.726851,0.816278,0.872766,0.503037,0.629676,0.169522,0.199976,0.588772,0.518662,-0.001229,0.198445,-0.024760,0.103355,0.526864,0.391096,0.715917,0.828823,1.257565,0.000000,0.144468,0.048453,0.200333,0.278507,0.020889,0.323583,0.112287,0.290600,0.614759,0.531391,0.743159,0.817439,0.675928,0.612029,0.858067,0.832203,0.746810,0.842580,0.623354,0.450690,0.502039,0.532581,0.713280,0.721968,0.574320,0.599700,0.810073,0.797344,0.980381,0.858815,0.579253,0.611982,0.612687,0.827062,0.539889,0.620816,0.240524,0.356470,0.512357,0.609445,0.641964,0.613963,0.131129,0.117469,0.388342,0.372943,0.817420,0.805765,0.352636,0.430332,0.502464,0.475692,0.361903,0.112462,0.455588,0.453457
-0.075782,0.135138,0.035463,0.306053,0.179048,0.224717,-0.009499,0.171402,0.096803,0.096230,0.176846,0.324338,0.208693,0.101149,0.247082,0.131854,-0.064463,-0.023367,-0.013329,0.012869,0.147788,0.227400,0.108850,0.257825,0.253629,0.296422,0.293343,0.427088,0.038180,-0.143564,-0.041972,0.224483,0.130212,0.144468,0.000000,0.527710,0.188451,0.269438,0.297157,0.286816,0.317836,0.191798,0.334156,0.326234,-0.008794,-0.011058,0.396128,0.304827,0.012075,-0.037222,0.288116,0.214965,0.486782,0.438908,0.530829,0.540388,-0.153625,-0.165912,0.074486,-0.092087,-0.012574,0.042864,0.065846,0.086033,0.139787,0.072598,0.405193,0.290357,0.112956,0.176660,-0.010634,-0.042791,0.294261,0.307698,0.473379,0.314541,0.300868,0.355623,0.014991,-0.163729,0.246353,0.333400,0.232470,0.267065,0.566199,0.461999,0.258820,0.192908,0.354710,0.394093
0.012510,0.099800,-0.014463,0.153539,-0.009343,0.091006,-0.001073,0.208643,-0.079308,0.153744,0.161395,0.281138,0.156424,0.203562,0.016299,0.091303,-0.121541,0.015652,-0.062751,0.005779,-0.133900,0.016689,-0.141353,0.088127,0.018564,0.001717,0.003337,0.159469,-0.036727,0.104025,-0.114787,0.098021,0.036267,0.048453,0.527710,0.000000,-0.079349,0.060353,-0.023529,0.187635,0.047138,-0.117639,0.099135,0.151313,0.076609,0.082803,0.189232,0.084784,0.031112,0.068943,0.088518,0.095539,0.184505,0.147158,0.187209,0.234289,-0.096226,-0.008804,0.081434,0.173440,-0.011185,0.185577,0.037849,0.120588,0.028312,0.188323,0.144949,0.232784,0.102784,0.048525,-0.047598,-0.016576,0.150172,0.119170,0.227581,0.159453,0.201869,0.019114,-0.069978,0.079814,0.034991,0.095579,-0.055739,-0.017874,0.185788,0.206580,0.139513,-0.013631,0.181691,0.293425
0.242846,0.309431,0.128463,0.296645,0.429650,0.202011,0.153632,0.180406,0.364209,0.108591,0.328573,0.138432,0.192610,0.228932,0.292311,0.284833,0.327212,0.081264,0.293422,0.235480,0.187344,-0.156179,0.184833,0.151605,0.229132,0.349465,0.267872,0.291928,0.321249,0.104723,-0.045469,0.096122,0.015632,0.200333,0.188451,-0.079349,0.000000,0.603404,0.630191,0.767243,0.516746,0.428686,0.231283,0.146200,-0.085539,-0.018866,0.454973,0.379705,0.054834,-0.030212,0.048703,0.068384,0.005711,0.102132,0.482154,0.277452,0.259391,0.229012,0.020769,0.044863,0.115426,0.125078,0.083795,0.168603,-0.013772,-0.069330,0.218691,0.165543,0.133246,0.315164,-0.285171,-0.216327,0.105748,0.269586,0.186808,0.195825,0.371692,0.815547,-0.272662,-0.184824,0.318603,0.113792,0.359190,0.221708,0.216085,-0.020226,-0.042302,0.260015,0.121943,0.054970
0.106613,0.322820,0.159748,0.441688,0.513838,0.396972,0.199653,0.383687,0.309763,0.305847,0.232039,0.400908,0.210572,0.357651,0.394808,0.413375,0.182030,0.042503,0.146828,0.213789,0.239906,0.238284,0.211121,0.287535,0.339726,0.387644,0.316634,0.369691,0.166592,0.029769,0.123414,0.221702,0.084517,0.278507,0.269438,0.060353,0.603404,0.000000,0.511990,0.717958,0.577345,0.303821,0.399513,0.408395,0.011913,0.095727,0.393177,0.453901,0.140034,0.157237,0.204946,0.233023,0.213683,0.397788,0.541413,0.592588,0.039700,0.075928,0.208566,0.154786,0.203998,0.355900,0.227330,0.497258,0.109165,0.206408,0.315760,0.259314,0.153152,0.278080,0.147065,0.142938,0.544474,0.607186,0.518015,0.415342,0.721926,0.865340,-0.266081,-0.251514,0.406207,0.327216,0.474244,0.389935,0.245474,0.232343,0.393700,0.661631,0.258426,0.340486
0.093747,0.304947,-0.033610,0.229203,0.192669,0.070281,0.061757,0.121084,0.204576,0.056499,0.060070,0.025215,0.052262,0.032678,0.231431,0.129558,0.252311,-0.043222,0.147388,0.123221,0.154708,-0.007031,0.027885,-0.005004,0.137334,0.151060,0.177148,0.264256,0.094961,-0.184878,-0.072251,0.003859,-0.015390,0.020889,0.297157,-0.023529,0.630191,0.511990,0.000000,0.749736,0.620381,0.543922,0.204778,0.233642,-0.134506,-0.089984,0.181978,0.264776,-0.046661,-0.100059,-0.014110,-0.046214,0.119655,0.189383,0.645427,0.444313,0.115259,0.117803,0.027541,-0.047445,0.011503,0.041827,-0.079296,0.093046,-0.119191,-0.118176,0.181402,0.090531,0.166899,0.220198,-0.197274,-0.217426,0.298883,0.424039,0.068176,0.086011,0.286719,0.596640,-0.063870,-0.416172,0.456320,0.244141,0.741117,0.374537,0.262048,0.016733,0.240117,0.653945,0.310484,0.219308
0.300275,0.470127,0.185648,0.431946,0.298829,0.279737,0.165186,0.311467,0.327893,0.252117,0.169590,0.155929,0.108993,0.156036,0.355398,0.317486,0.364716,0.184011,0.199817,0.247983,0.285931,0.076929,0.185559,0.224408,0.140277,0.288784,0.136169,0.301286,0.287659,0.157420,0.086260,0.291438,0.111794,0.323583,0.286816,0.187635,0.767243,0.717958,0.749736,0.000000,0.741894,0.452721,0.277450,0.250152,0.089795,0.143464,0.383415,0.303075,0.267412,0.186128,0.113906,0.178896,0.106529,0.291750,0.565689,0.470491,0.310086,0.303572,0.264894,0.258101,0.241519,0.286061,0.174097,0.308183,0.089032,0.157506,0.387908,0.357560,0.240664,0.435563,-0.069209,0.019312,0.427134,0.480181,0.267617,0.356404,0.404545,0.627404,-0.257854,-0.151601,0.572990,0.337425,0.614391,0.365336,0.354373,0.155260,0.253373,0.600122,0.426951,0.297648
0.018073,0.229151,0.232293,0.333238,0.203055,0.229266,0.191476,0.235904,0.416188,0.250255,-0.028262,0.022909,0.060394,0.047841,0.347202,0.246833,0.150437,-0.161395,0.220811,0.218442,0.035287,0.049082,0.258013,0.279359,0.139058,0.207065,0.153345,0.167356,-0.019753,-0.284274,-0.035783,0.104342,0.014935,0.112287,0.317836,0.047138,0.516746,0.577345,0.620381,0.741894,0.000000,0.195134,0.178963,0.103110,-0.113612,-0.042964,0.203802,0.240954,0.103758,0.024005,0.117242,0.114944,0.181276,0.370216,0.482035,0.430646,0.101916,0.001672,0.199418,0.113173,0.206643,0.181877,0.076920,0.113761,0.154247,0.115197,0.339401,0.245423,0.183368,0.276564,-0.065464,0.024010,0.229158,0.347008,0.168220,0.281693,0.496790,0.745134,-0.403874,-0.510862,0.262849,0.162277,0.547748,0.185649,0.219589,0.072910,0.193860,0.520773,0.309728,0.295287
0.336578,0.457851,-0.222325,0.152615,-0.116737,-0.159771,-0.126894,0.101489,0.051963,-0.121083,0.195089,0.124289,-0.066221,0.000016,0.054308,0.105707,0.468315,0.351431,0.046618,0.199190,0.321533,-0.055912,-0.185099,-0.250099,-0.215147,-0.094588,-0.259558,-0.098276,0.327916,-0.018093,-0.072916,0.047496,0.169938,0.290600,0.191798,-0.117639,0.428686,0.303821,0.543922,0.452721,0.195134,0.000000,0.113182,0.131398,0.004077,0.060820,0.230450,0.284427,0.057487,0.033728,0.011751,0.013144,0.102390,0.014789,0.313975,0.115758,0.294935,0.340704,-0.161912,-0.106010,-0.063020,0.063361,0.058970,0.194210,-0.131226,-0.191219,-0.003693,0.076731,0.162831,0.219285,-0.296405,-0.314199,0.221548,0.374309,0.073761,0.010823,-0.053515,0.241252,0.270786,-0.191324,0.602573,0.317669,0.408233,0.377993,0.239999,0.005779,-0.079824,0.169429,0.147213,-0.062808
0.321812,0.538113,0.558726,0.849493,0.443276,0.592661,0.528479,0.722817,0.610680,0.746354,0.482291,0.624129,0.625996,0.649002,0.700450,0.769109,0.255082,0.378516,0.374631,0.336278,-0.012002,0.135159,0.460390,0.511352,0.272300,0.363747,0.341514,0.326939,0.437309,0.205812,0.434002,0.520277,0.524728,0.614759,0.334156,0.099135,0.231283,0.399513,0.204778,0.277450,0.178963,0.113182,0.000000,1.465728,0.623095,0.713640,1.091774,1.202155,0.715310,0.710201,1.011679,0.984429,0.812580,0.763513,0.772634,0.986659,0.229812,0.201988,0.591471,0.465031,0.519369,0.566687,0.587082,0.618446,0.373123,0.571887,0.718631,0.757819,0.430154,0.514628,0.116586,0.112368,0.487020,0.545893,0.727798,0.473060,0.352003,0.338693,0.220954,0.190902,0.652681,0.718801,0.545874,0.621400,0.606447,0.570149,0.475516,0.277919,0.538861,0.723914
0.341171,0.542318,0.393023,0.716467,0.401839,0.524898,0.354327,0.583192,0.376178,0.617344,0.385698,0.585933,0.490466,0.563074,0.446713,0.657643,0.218498,0.353052,0.226750,0.231078,0.033977,0.269470,0.279849,0.394647,0.194193,0.301489,0.294737,0.376500,0.390040,0.193773,0.424722,0.528416,0.420672,0.531391,0.326234,0.151313,0.146200,0.408395,0.233642,0.250152,0.103110,0.131398,1.465728,0.000000,0.682761,0.760655,0.887113,0.993079,0.638245,0.734465,0.808563,0.928755,0.685012,0.705435,0.770971,0.993884,0.238714,0.225305,0.587711,0.439174,0.400713,0.523387,0.428148,0.612920,0.180363,0.539005,0.652073,0.710202,0.392483,0.468520,0.184422,0.141515,0.531372,0.596733,0.728656,0.481454,0.332067,0.310520,0.238293,0.140788,0.698456,0.788979,0.540428,0.676266,0.559608,0.654368,0.608760,0.420644,0.586392,0.778432
0.734816,0.649748,0.553355,0.544573,-0.012046,0.203613,0.477699,0.515087,0.414905,0.563700,0.342070,0.270599,0.402473,0.503366,0.317495,0.482169,0.662487,0.816176,0.318554,0.267037,0.023325,0.175423,0.326923,0.223405,-0.159347,-0.097560,-0.138238,-0.061494,0.470716,0.443521,0.614571,0.569530,0.695385,0.743159,-0.008794,0.076609,-0.085539,0.011913,-0.134506,0.089795,-0.113612,0.004077,0.623095,0.682761,0.000000,1.971423,0.580142,0.560908,1.369323,1.343671,0.603118,0.740668,0.448753,0.205836,0.241316,0.359594,0.721907,0.706705,0.731816,0.701397,0.752717,0.566951,0.678381,0.456681,0.503574,0.670718,0.532457,0.762055,0.389106,0.380494,0.252357,0.341135,0.295445,0.265321,0.390334,0.429595,-0.153685,-0.233739,0.454856,0.513616,0.600443,0.683925,0.268546,0.408092,0.276188,0.345576,0.369435,0.093330,0.444526,0.446757
0.764485,0.715598,0.561645,0.625036,0.039246,0.259895,0.496929,0.624113,0.437287,0.608816,0.358959,0.356504,0.382570,0.554778,0.342443,0.593470,0.673354,0.847865,0.389206,0.363917,0.010716,0.145773,0.340842,0.261184,-0.136704,-0.046914,-0.108854,-0.043523,0.503025,0.435098,0.615425,0.610123,0.775216,0.817439,-0.011058,0.082803,-0.018866,0.095727,-0.089984,0.143464,-0.042964,0.060820,0.713640,0.760655,1.971423,0.000000,0.697257,0.691801,1.536197,1.625554,0.681430,0.873187,0.498153,0.260252,0.325918,0.427418,0.768501,0.747862,0.781858,0.836397,0.815231,0.693653,0.718975,0.560745,0.484982,0.728194,0.608344,0.921293,0.470972,0.472791,0.213914,0.295524,0.367460,0.333887,0.449918,0.455482,-0.065607,-0.127233,0.398969,0.472157,0.643170,0.701526,0.315339,0.450473,0.291323,0.364902,0.350686,0.134307,0.465880,0.478669
0.539961,0.696403,0.448874,0.834387,0.373696,0.518629,0.427234,0.715211,0.563922,0.603878,0.659704,0.737028,0.579051,0.656887,0.593278,0.726509,0.403263,0.548336,0.464332,0.465109,0.048369,-0.021256,0.377995,0.454174,0.152371,0.358419,0.219299,0.271796,0.512010,0.316703,0.317569,0.507784,0.559103,0.675928,0.396128,0.189232,0.454973,0.393177,0.181978,0.383415,0.203802,0.230450,1.091774,0.887113,0.580142,0.697257,0.000000,1.414275,0.730649,0.663080,0.885237,0.906382,0.774405,0.595668,0.917139,0.828175,0.435319,0.397127,0.439276,0.452274,0.503279,0.572818,0.520426,0.590222,0.301759,0.455705,0.644225,0.772931,0.451713,0.569601,-0.089904,-0.064749,0.424180,0.485826,0.705459,0.543431,0.329191,0.365222,0.149271,0.243064,0.659676,0.625133,0.443636,0.571553,0.665063,0.556403,0.236637,0.161931,0.533776,0.617058
0.537873,0.766689,0.465819,0.878957,0.370975,0.476197,0.492501,0.810247,0.641558,0.638913,0.630864,0.710316,0.597791,0.673640,0.669025,0.807838,0.423586,0.524161,0.519635,0.535934,-0.001369,0.019168,0.398970,0.420213,0.133049,0.307926,0.215497,0.278573,0.517842,0.247403,0.360298,0.463879,0.569631,0.612029,0.304827,0.084784,0.379705,0.453901,0.264776,0.303075,0.240954,0.284427,1.202155,0.993079,0.560908,0.691801,1.414275,0.000000,0.685081,0.657912,0.878293,0.869406,0.847838,0.675982,0.839813,0.830585,0.434646,0.377342,0.382279,0.413678,0.473646,0.561519,0.506956,0.550882,0.259114,0.451839,0.545208,0.674160,0.534071,0.550730,-0.087253,-0.087553,0.408547,0.551409,0.612021,0.468988,0.292667,0.427329,0.279737,0.181704,0.746983,0.730363,0.578629,0.748504,0.562072,0.460927,0.300686,0.239504,0.445078,0.619296
