0.000000,0.785669,0.372933,0.502581,0.148430,0.029492,0.564754,0.607704,-0.090094,-0.387466,0.524844,0.419724,0.774924,0.417505,0.308214,0.212193,0.545070,0.507205,0.538707,0.493591,0.288678,0.217696,0.495279,0.498764,-0.021349,-0.035805,-0.050367,0.038120,0.193167,0.345409,0.530482,0.550916,0.435632,0.545454,0.249415,0.159115,0.052900,0.088398,0.283859,0.265242,0.306571,0.302767,0.161519,0.004396,-0.098960,-0.144416,0.225281,0.298490,0.265884,0.094374,0.558720,0.614997,0.554598,0.579257,0.483925,0.439021,1.132091,0.815773,0.686340,0.453632,1.191848,0.765084,1.025729,0.593514,0.248555,0.444491,0.250345,0.119419,0.527312,0.279975,0.450190,0.338033,0.365801,0.474170,0.268243,0.180788,0.263907,0.157121,0.110047,0.352223,0.427730,0.333411,0.427057,0.520100,0.389442,0.129900,0.489699,0.285758,0.570819,0.494646
0.785669,0.000000,0.139144,0.572811,0.032372,-0.035186,0.210047,0.488557,-0.027749,-0.336951,0.318506,0.465270,0.381647,0.387179,0.139897,0.102984,0.346184,0.550552,0.350391,0.530031,0.425123,0.379138,0.264423,0.326467,0.004972,0.131571,0.029384,0.126035,0.150294,0.289371,0.656464,0.579985,0.722427,0.898313,0.119593,0.163474,-0.026423,0.056156,0.218188,0.400888,0.422826,0.389137,0.301098,0.207734,0.138537,0.180972,0.229771,0.394048,0.279902,0.301699,0.311781,0.470605,0.255004,0.267749,0.209546,0.439377,0.748013,1.209020,0.340089,0.590857,0.511291,0.707879,0.511631,0.640969,0.027631,0.311940,0.337081,0.357589,0.544500,0.429604,0.359808,0.086348,0.272577,0.717641,0.321784,0.280804,0.122413,0.084550,0.071850,0.372775,0.342010,0.309474,0.233135,0.321067,0.088806,0.116765,0.353627,0.079121,0.299562,0.279502
0.372933,0.139144,0.000000,0.788746,0.455000,0.143977,0.790761,0.423920,-0.087599,-0.176426,0.818508,0.490788,0.607384,0.487682,0.357254,0.318875,0.527024,0.461729,0.812305,0.580885,0.107997,-0.141411,1.165427,0.650762,0.288108,0.142852,0.192005,0.197647,0.236208,0.072591,0.522782,0.478200,0.015114,0.112625,0.746253,0.407480,-0.129188,-0.259673,0.079948,0.007489,-0.069397,-0.044507,0.071864,0.039296,-0.001246,0.006298,0.169397,0.204197,0.183223,0.019005,0.631111,0.378671,0.447238,0.503158,0.576689,0.361280,0.300250,0.158482,0.330268,0.122256,0.325629,0.237374,0.196050,0.081933,0.865852,0.657902,0.306579,0.103080,0.199946,0.093587,0.317766,0.321315,0.166342,0.006663,0.477329,0.190824,0.174180,0.068285,0.394166,0.280119,0.359602,0.476698,0.324531,0.658911,0.941729,0.541521,0.458577,0.508119,0.772916,0.459085
0.502581,0.572811,0.788746,0.000000,0.488892,0.203665,0.714171,1.078842,0.026965,-0.136452,0.594116,0.873630,0.649234,0.762168,0.256912,0.315866,0.481921,0.532744,0.538067,0.809814,0.275055,0.121858,0.886311,0.895111,0.281168,0.345453,0.282849,0.210546,0.294488,0.182560,0.745073,0.835093,0.417947,0.594353,0.492275,0.583791,-0.100772,-0.078797,0.192963,0.322223,0.211836,0.230213,0.315330,0.245949,0.089026,0.139815,0.352888,0.429660,0.388455,0.267992,0.757828,0.633719,0.500665,0.437100,0.565870,0.543935,0.365630,0.358001,0.580436,0.622971,0.351578,0.648275,0.428389,0.466773,0.584061,1.120792,0.606182,0.536186,0.483762,0.306015,0.578203,0.370167,0.304768,0.430327,0.633491,0.317105,0.294648,0.188030,0.323966,0.267025,0.384572,0.411219,0.249438,0.546996,0.568132,0.579960,0.503426,0.381638,0.684801,0.624677
0.148430,0.032372,0.455000,0.488892,0.000000,0.737604,0.418683,0.339779,0.570331,0.410647,0.466169,0.427313,0.531741,0.398033,0.542299,0.544531,0.446504,0.341653,0.378642,0.359009,-0.010248,-0.082294,0.473902,0.435052,0.589203,0.477869,0.566722,0.187765,0.105292,-0.069922,0.151070,0.249658,-0.067799,0.068835,0.267236,0.229285,-0.075349,-0.118316,0.000640,0.060762,-0.053046,-0.040191,0.250981,0.173068,-0.072909,-0.078388,0.309528,0.331723,0.155771,0.042952,0.566916,0.307263,0.523467,0.462847,0.530549,0.314000,0.097162,0.071477,0.244900,0.106825,0.137574,0.212246,0.105912,0.160989,0.348006,0.389873,0.178169,0.120322,0.077282,0.139469,0.346062,0.356033,0.249006,0.150364,0.568749,0.356365,0.463272,0.393697,0.347073,0.070409,0.084638,0.219337,-0.052364,0.244012,0.300461,0.324221,0.189131,0.235304,0.485823,0.517007
0.029492,-0.035186,0.143977,0.203665,0.737604,0.000000,0.259089,0.171785,0.475203,0.509411,0.226828,0.122735,0.296063,0.242609,0.350597,0.529592,0.274730,0.148535,0.200972,0.138020,0.094763,-0.041993,0.117662,0.092640,0.533614,0.430238,0.487821,0.250539,0.075052,-0.074154,-0.005466,0.079954,-0.113604,0.001967,0.029100,0.067842,-0.020669,0.009127,0.062249,0.206612,0.014176,0.092225,0.327575,0.275724,-0.022827,-0.028177,0.406662,0.393740,0.222183,0.151097,0.398666,0.291625,0.405580,0.319885,0.471497,0.298220,-0.024982,0.038182,0.172892,0.151033,-0.067274,-0.018215,-0.023479,0.040934,-0.023253,0.096518,0.175848,0.211386,0.041089,0.254736,0.269777,0.287279,0.080149,0.069311,0.184947,0.128336,0.441723,0.427054,0.231793,-0.002405,0.019097,0.112371,-0.110579,0.106288,0.020684,0.068520,0.156721,0.099775,0.265684,0.312973
0.564754,0.210047,0.790761,0.714171,0.418683,0.259089,0.000000,0.881982,-0.057887,-0.152154,0.536574,0.474319,0.659790,0.473431,0.182002,0.247320,0.486753,0.397421,0.550598,0.448957,0.013746,-0.005616,0.640806,0.481582,0.027677,-0.081427,0.124000,0.158426,0.239807,0.201990,0.434462,0.426033,0.166836,0.310670,0.284761,0.272203,0.009215,-0.179586,0.307909,0.158423,-0.001455,0.111654,0.019873,-0.042512,0.017592,0.022491,0.159547,0.156956,0.258407,0.136046,0.528709,0.436750,0.361683,0.344591,0.508587,0.380442,0.326477,0.188484,0.489947,0.312220,0.527759,0.458514,0.454312,0.291791,0.481612,0.574402,0.369874,0.242685,0.207192,0.083082,0.404558,0.462447,0.276058,0.229579,0.417468,0.146651,0.164276,0.050046,0.215894,0.240770,0.273494,0.288177,0.275394,0.399415,0.493570,0.428622,0.381707,0.293004,0.617187,0.481909
0.607704,0.488557,0.423920,1.078842,0.339779,0.171785,0.881982,0.000000,-0.011461,-0.191846,0.431809,0.725747,0.674541,0.652335,0.059370,0.076998,0.340045,0.418739,0.445140,0.632659,0.111685,0.126848,0.466444,0.480134,0.142935,0.211320,0.150028,0.220507,0.267430,0.190926,0.414240,0.475340,0.344264,0.574029,0.174956,0.363434,-0.073787,-0.112478,0.155359,0.225681,0.068401,0.092605,0.176665,0.135164,0.037057,0.097003,0.250872,0.315348,0.460647,0.334379,0.645806,0.789042,0.457768,0.328086,0.458612,0.432756,0.342427,0.260794,0.668772,0.710032,0.452483,0.746950,0.542700,0.684350,0.357791,0.781994,0.517341,0.483012,0.386943,0.117921,0.571802,0.466412,0.297348,0.456412,0.451518,0.210801,0.195640,0.109850,0.183891,0.187072,0.232011,0.201449,0.178748,0.275448,0.298517,0.365287,0.281611,0.102252,0.522994,0.480010
-0.090094,-0.027749,-0.087599,0.026965,0.570331,0.475203,-0.057887,-0.011461,0.000000,0.730119,0.082502,0.093188,0.059438,0.176312,0.694018,0.473442,0.291738,0.234235,0.026885,0.007276,0.102325,-0.081436,-0.042156,-0.047956,0.529998,0.417607,0.344002,0.099945,0.103257,-0.018241,0.026644,0.078557,0.038585,0.138873,0.014958,0.094267,-0.072402,-0.310153,-0.065063,-0.091851,0.013437,-0.064046,0.196818,0.207104,-0.003542,-0.017539,0.191361,0.240126,-0.046120,0.040371,0.086888,0.006539,0.140577,0.060963,0.090138,0.115066,0.059594,0.093852,-0.065383,-0.018972,-0.062755,-0.042755,-0.039222,0.004618,-0.090220,-0.059879,0.105402,0.142538,0.109846,0.164127,-0.021259,0.109084,0.085435,0.081098,0.156562,0.114434,0.214987,0.333955,0.227129,0.050761,0.065085,0.123715,-0.124400,-0.008176,-0.129466,0.004080,-0.042259,-0.046177,0.001054,0.057169
-0.387466,-0.336951,-0.176426,-0.136452,0.410647,0.509411,-0.152154,-0.191846,0.730119,0.000000,-0.073129,-0.011370,-0.118264,0.038176,0.245285,0.564126,0.047686,-0.045282,-0.193058,-0.163450,-0.124067,-0.179346,-0.136326,-0.116392,0.327629,0.240981,0.237852,-0.016637,0.039629,-0.172440,-0.210112,-0.111027,-0.227879,-0.113938,-0.001083,0.079319,0.049888,-0.109266,-0.201383,-0.106038,-0.097459,-0.157106,0.029303,0.042247,-0.166660,-0.172839,-0.002316,-0.033978,-0.287078,-0.259896,-0.048292,-0.258424,0.096681,-0.047749,0.036346,-0.135108,-0.266523,-0.214390,-0.279273,-0.442695,-0.337155,-0.270510,-0.333502,-0.144428,-0.080118,-0.120762,-0.101625,-0.076864,-0.193842,-0.061907,-0.155128,0.040989,-0.084280,-0.124529,-0.061430,-0.007272,0.337156,0.395642,0.180901,-0.036337,-0.130517,0.018603,-0.260588,-0.156513,-0.180594,-0.072863,-0.149315,-0.133396,-0.154423,-0.171579
0.524844,0.318506,0.818508,0.594116,0.466169,0.226828,0.536574,0.431809,0.082502,-0.073129,0.000000,0.830682,1.067170,0.753116,0.567438,0.360415,0.677758,0.549633,0.917963,0.634756,0.175607,-0.043671,0.719509,0.476441,0.209628,0.164261,0.226021,0.178320,0.351723,0.097766,0.461567,0.441893,0.005834,0.169200,0.524771,0.279189,-0.136205,-0.207854,0.008751,0.089568,-0.041642,-0.004450,0.100861,-0.008563,-0.266368,-0.264759,0.117069,0.238136,0.026430,-0.167850,0.742111,0.414753,0.610543,0.670697,0.513630,0.312359,0.461381,0.376183,0.338362,0.123577,0.363404,0.302731,0.286484,0.312389,0.625155,0.534450,0.133925,-0.036996,0.173768,0.105789,0.328634,0.265887,0.147115,0.156231,0.323787,0.254499,0.232364,0.179809,0.585661,0.331187,0.443265,0.453137,0.263529,0.520815,0.676078,0.310937,0.317755,0.360605,0.667910,0.377850
0.419724,0.465270,0.490788,0.873630,0.427313,0.122735,0.474319,0.725747,0.093188,-0.011370,0.830682,0.000000,0.713829,1.283905,0.276648,0.364698,0.473215,0.669141,0.500286,0.676113,0.136779,0.078886,0.547650,0.611439,0.110247,0.240397,0.298048,0.157189,0.377429,0.265481,0.575418,0.642661,0.235108,0.405279,0.394990,0.337314,-0.129053,-0.190216,0.044652,0.163241,0.092414,0.021163,0.064785,-0.036010,-0.181031,-0.115873,0.046460,0.159383,0.043757,-0.045535,0.493526,0.367193,0.341562,0.381101,0.254372,0.257347,0.366573,0.368296,0.306700,0.336403,0.325337,0.599848,0.418046,0.622735,0.529432,0.842410,0.210001,0.158888,0.210857,0.174818,0.375732,0.255315,0.218948,0.335385,0.404766,0.308747,0.167695,0.156202,0.439091,0.286005,0.450904,0.524788,0.188462,0.478853,0.481080,0.559872,0.242073,0.318950,0.443758,0.470318
0.774924,0.381647,0.607384,0.649234,0.531741,0.296063,0.659790,0.674541,0.059438,-0.118264,1.067170,0.713829,0.000000,0.803608,0.564303,0.382515,0.602131,0.596024,0.736927,0.645716,0.108641,-0.017952,0.775297,0.648118,0.238065,0.199494,0.188208,0.104940,0.159294,0.152881,0.346644,0.401700,0.047335,0.217935,0.453680,0.335611,-0.108497,-0.072057,0.071530,0.068344,0.044031,0.105059,0.160472,0.036494,-0.249733,-0.277846,0.195308,0.298855,0.196767,-0.038996,0.895827,0.594974,0.724287,0.760146,0.623070,0.400812,0.579330,0.443105,0.573931,0.293549,0.662282,0.544860,0.519062,0.497887,0.559819,0.630346,0.214971,0.058340,0.215352,0.126649,0.435220,0.352448,0.223726,0.241854,0.335190,0.307842,0.321703,0.242423,0.353914,0.310158,0.343008,0.355682,0.222073,0.429466,0.508782,0.176160,0.281754,0.205364,0.763031,0.493651
0.417505,0.387179,0.487682,0.762168,0.398033,0.242609,0.473431,0.652335,0.176312,0.038176,0.753116,1.283905,0.803608,0.000000,0.425706,0.501049,0.512775,0.658727,0.415364,0.528394,0.185397,-0.053558,0.593101,0.641584,0.185114,0.246493,0.241938,0.057343,0.200843,0.171856,0.462800,0.580382,0.286969,0.386629,0.507897,0.469606,-0.157191,-0.175335,0.046291,0.129092,0.203506,0.115631,0.254609,0.136544,-0.069988,-0.063292,0.208876,0.336961,0.165175,0.046991,0.599872,0.427129,0.362242,0.437322,0.340658,0.405074,0.436615,0.400413,0.330450,0.248666,0.375194,0.416756,0.405110,0.505851,0.520582,0.794954,0.323105,0.264272,0.179456,0.255014,0.342181,0.295544,0.255073,0.301533,0.396150,0.267434,0.299018,0.314516,0.393893,0.242577,0.439656,0.575053,0.182897,0.554432,0.482311,0.572583,0.262160,0.339011,0.419600,0.551371
0.308214,0.139897,0.357254,0.256912,0.542299,0.350597,0.182002,0.059370,0.694018,0.245285,0.567438,0.276648,0.564303,0.425706,0.000000,0.775700,0.747579,0.494677,0.421214,0.180936,0.310952,-0.015829,0.443983,0.352539,0.346682,0.185127,0.375783,-0.012073,0.137214,0.264646,0.322486,0.329712,0.075059,0.119646,0.442347,0.358598,0.076461,-0.169317,0.236745,0.022614,0.173382,0.130421,0.340787,0.243973,-0.133621,-0.229055,0.400360,0.505788,0.013620,-0.076263,0.503896,0.255182,0.526608,0.580915,0.486498,0.420723,0.539345,0.460662,0.288759,0.017217,0.355408,0.086878,0.256339,-0.032530,0.220022,0.250007,0.245479,0.110151,0.323827,0.276867,0.079074,0.100198,0.139603,0.049477,0.283785,0.182987,0.351829,0.344300,0.359400,0.336832,0.488054,0.504155,0.412404,0.561011,0.388432,0.201554,0.422590,0.356253,0.487964,0.349445
0.212193,0.102984,0.318875,0.315866,0.544531,0.529592,0.247320,0.076998,0.473442,0.564126,0.360415,0.364698,0.382515,0.501049,0.775700,0.000000,0.575956,0.392213,0.278606,0.213512,0.297997,0.110951,0.445316,0.482073,0.245822,0.146062,0.393972,0.036893,0.092339,0.233409,0.354439,0.448221,0.098224,0.197598,0.444712,0.336794,0.154068,0.066881,0.284610,0.302464,0.305224,0.187650,0.312919,0.169419,-0.181829,-0.266754,0.262183,0.345572,-0.114621,-0.226149,0.384535,0.102154,0.476349,0.532388,0.538642,0.433466,0.348554,0.333981,0.071764,-0.138084,0.141886,0.005757,0.167583,-0.044526,0.173126,0.311049,0.114759,0.040606,0.217607,0.345697,0.226276,0.292773,0.261909,0.191062,0.234915,0.205307,0.631319,0.586991,0.209446,0.229701,0.376228,0.557584,0.291677,0.621380,0.398806,0.357969,0.572479,0.506456,0.490765,0.354784
0.545070,0.346184,0.527024,0.481921,0.446504,0.274730,0.486753,0.340045,0.291738,0.047686,0.677758,0.473215,0.602131,0.512775,0.747579,0.575956,0.000000,1.091651,0.760858,0.602241,0.242453,0.050996,0.540380,0.459926,0.223596,0.074701,0.209411,0.000659,0.422969,0.420364,0.680550,0.643996,0.416212,0.530709,0.325119,0.304370,-0.020882,-0.166588,0.154055,0.092008,0.202065,0.144649,0.349051,0.284991,-0.004855,-0.056178,0.423900,0.497021,0.097476,0.020532,0.509126,0.344398,0.499194,0.532546,0.577657,0.444475,0.794781,0.575313,0.224329,0.173992,0.415972,0.280252,0.475426,0.102866,0.192512,0.332413,0.304297,0.174667,0.480010,0.484780,0.258008,0.267734,0.384989,0.365063,0.434196,0.324224,0.431447,0.378340,0.658430,0.602095,0.760561,0.791644,0.457133,0.698941,0.470392,0.279785,0.503799,0.286762,0.537048,0.324602
0.507205,0.550552,0.461729,0.532744,0.341653,0.148535,0.397421,0.418739,0.234235,-0.045282,0.549633,0.669141,0.596024,0.658727,0.494677,0.392213,1.091651,0.000000,0.708993,0.822264,0.156565,-0.024277,0.469539,0.439553,0.158473,0.146380,0.104144,0.108944,0.248819,0.267199,0.625115,0.608952,0.449143,0.570199,0.325337,0.233026,-0.262754,-0.271077,0.054048,0.033270,0.092533,0.072527,0.209989,0.176688,0.014937,0.029610,0.259129,0.304181,0.095298,0.097769,0.394161,0.328209,0.280609,0.337648,0.298372,0.328658,0.788018,0.687903,0.181445,0.324484,0.458932,0.492517,0.476294,0.346166,0.247842,0.399988,0.262493,0.225484,0.430344,0.484778,0.217202,0.165665,0.232618,0.316944,0.421629,0.419799,0.224226,0.239958,0.566755,0.588826,0.551273,0.744597,0.191082,0.550436,0.278990,0.278866,0.263396,0.122725,0.350677,0.384853
0.538707,0.350391,0.812305,0.538067,0.378642,0.200972,0.550598,0.445140,0.026885,-0.193058,0.917963,0.500286,0.736927,0.415364,0.421214,0.278606,0.760858,0.708993,0.000000,1.072450,0.184353,0.038871,0.574189,0.295123,0.202565,0.159451,0.225143,0.299205,0.274643,0.258162,0.535998,0.498143,0.056247,0.272311,0.408282,0.197476,-0.071742,-0.155711,0.084317,0.145482,-0.071192,0.017063,0.093650,0.101442,-0.121510,-0.091209,0.161872,0.282619,0.099940,-0.047360,0.617534,0.452263,0.527844,0.619043,0.556652,0.341480,0.502081,0.363797,0.210937,0.231752,0.238611,0.251075,0.209355,0.112198,0.417560,0.320510,0.116239,-0.003478,0.289861,0.150711,0.395521,0.407661,0.193184,0.208736,0.420367,0.310487,0.222856,0.156857,0.393413,0.430870,0.366353,0.473769,0.320117,0.520530,0.544629,0.269189,0.340772,0.211590,0.634635,0.253629
0.493591,0.530031,0.580885,0.809814,0.359009,0.138020,0.448957,0.632659,0.007276,-0.163450,0.634756,0.676113,0.645716,0.528394,0.180936,0.213512,0.602241,0.822264,1.072450,0.000000,0.144284,0.111681,0.562329,0.440506,0.250705,0.316046,0.102784,0.272562,0.149738,0.145836,0.565202,0.639584,0.284164,0.562910,0.341186,0.267155,-0.186306,-0.012987,-0.076639,0.193315,0.079829,0.080534,0.172248,0.167987,-0.072024,-0.008871,0.118573,0.225028,0.123784,0.015321,0.543353,0.400425,0.425846,0.424911,0.409198,0.312518,0.436790,0.363148,0.173512,0.378910,0.202332,0.425062,0.288382,0.341616,0.434930,0.484765,0.143503,0.126137,0.356198,0.233767,0.563147,0.446065,0.338890,0.434197,0.475547,0.462342,0.295611,0.239843,0.291027,0.334326,0.284300,0.471445,0.077353,0.426820,0.394227,0.293506,0.223950,0.098952,0.490421,0.279482
0.288678,0.425123,0.107997,0.275055,-0.010248,0.094763,0.013746,0.111685,0.102325,-0.124067,0.175607,0.136779,0.108641,0.185397,0.310952,0.297997,0.242453,0.156565,0.184353,0.144284,0.000000,0.505688,0.280421,0.222994,0.065311,0.173550,0.290835,0.169715,0.036315,0.211299,0.473210,0.436845,0.365310,0.373224,0.298962,0.299074,0.086935,0.162777,0.330021,0.421750,0.540320,0.444726,0.354299,0.180982,0.165281,0.128423,0.230284,0.387330,0.161123,0.119001,0.224460,0.179048,0.115323,0.198493,0.127995,0.322068,0.293151,0.376879,0.240042,0.274322,0.152515,0.155915,0.248828,0.111090,0.086628,0.235941,0.294773,0.285629,0.274020,0.290619,0.326040,0.144312,0.267712,0.330073,0.208810,0.199108,0.250920,0.192043,-0.094410,0.096792,0.159242,0.111844,0.247226,0.316841,0.081664,0.113378,0.538827,0.375430,0.350250,0.193301
0.217696,0.379138,-0.141411,0.121858,-0.082294,-0.041993,-0.005616,0.126848,-0.081436,-0.179346,-0.043671,0.078886,-0.017952,-0.053558,-0.015829,0.110951,0.050996,-0.024277,0.038871,0.111681,0.505688,0.000000,0.097364,0.159523,-0.058437,0.110052,0.234522,0.369281,-0.099831,0.388293,0.328102,0.350507,0.275878,0.442101,0.061103,0.099037,0.245065,0.324459,0.186608,0.437404,0.362377,0.214691,0.182668,0.042088,0.004885,0.030318,-0.063964,0.190803,-0.008614,-0.016307,0.037245,0.134655,0.095673,0.168805,0.041898,0.190567,0.261494,0.312187,0.146669,0.248570,0.082250,0.134726,0.249582,0.098656,-0.088275,0.090461,0.039350,0.073187,0.210323,0.109243,0.350845,0.220407,0.310994,0.474908,0.093643,0.133669,0.194338,0.107041,-0.397128,0.080214,0.003225,0.012153,0.272065,0.277751,-0.081615,0.016563,0.348738,0.317252,0.321409,-0.105203
0.495279,0.264423,1.165427,0.886311,0.473902,0.117662,0.640806,0.466444,-0.042156,-0.136326,0.719509,0.547650,0.775297,0.593101,0.443983,0.445316,0.540380,0.469539,0.574189,0.562329,0.280421,0.097364,0.000000,1.234877,0.334251,0.288895,0.210970,0.121983,0.115288,0.102532,0.706202,0.767843,0.192124,0.310951,0.951298,0.659013,-0.070752,-0.028657,0.080570,0.132410,0.187685,0.149688,0.195852,0.084853,0.002925,-0.042047,0.163619,0.249031,0.190028,-0.010417,0.720382,0.377914,0.492844,0.536129,0.523581,0.349839,0.432001,0.282448,0.419963,0.160208,0.507164,0.381864,0.404156,0.240186,0.916505,0.883960,0.341747,0.151150,0.236168,0.179345,0.430524,0.335061,0.286331,0.161170,0.464845,0.245962,0.380759,0.245651,0.238909,0.302529,0.280756,0.390917,0.275350,0.640142,0.688545,0.399401,0.538493,0.540518,0.808711,0.454821
0.498764,0.326467,0.650762,0.895111,0.435052,0.092640,0.481582,0.480134,-0.047956,-0.116392,0.476441,0.611439,0.648118,0.641584,0.352539,0.482073,0.459926,0.439553,0.295123,0.440506,0.222994,0.159523,1.234877,0.000000,0.211090,0.253544,0.169891,0.000475,0.057105,0.150284,0.641343,0.867313,0.300290,0.330431,0.715743,0.629115,0.001123,0.106154,0.142657,0.154371,0.331019,0.283799,0.241085,0.073214,-0.021824,-0.080085,0.196391,0.251451,0.160930,0.007042,0.604756,0.337686,0.423084,0.447708,0.449394,0.349926,0.480180,0.332351,0.391984,0.221287,0.561102,0.532544,0.555770,0.348295,0.693680,1.018648,0.288929,0.173257,0.278515,0.289090,0.354271,0.210002,0.306476,0.268040,0.416657,0.196616,0.385492,0.270073,0.145817,0.228527,0.298007,0.327415,0.279009,0.601143,0.558165,0.347995,0.491516,0.513213,0.600961,0.527451
-0.021349,0.004972,0.288108,0.281168,0.589203,0.533614,0.027677,0.142935,0.529998,0.327629,0.209628,0.110247,0.238065,0.185114,0.346682,0.245822,0.223596,0.158473,0.202565,0.250705,0.065311,-0.058437,0.334251,0.211090,0.000000,1.147941,0.268390,0.172445,0.049260,-0.184524,0.067386,0.137120,-0.011941,0.107540,0.174711,0.215733,-0.097682,-0.091982,-0.199341,-0.078473,0.071388,-0.033066,0.360494,0.342364,0.123535,0.100644,0.336035,0.354155,0.253611,0.198810,0.357821,0.307971,0.379590,0.253645,0.400175,0.229457,-0.016881,-0.073075,0.139039,0.155350,-0.025538,-0.009552,0.024729,0.012895,0.184552,0.158666,0.242343,0.205105,0.080032,0.155915,0.173303,0.244020,0.148495,0.089251,0.246228,0.271581,0.372670,0.377842,0.156837,-0.077263,0.063712,0.093308,-0.047128,0.111737,0.147664,0.069915,0.066514,0.060624,0.299299,0.141708
-0.035805,0.131571,0.142852,0.345453,0.477869,0.430238,-0.081427,0.211320,0.417607,0.240981,0.164261,0.240397,0.199494,0.246493,0.185127,0.146062,0.074701,0.146380,0.159451,0.316046,0.173550,0.110052,0.288895,0.253544,1.147941,0.000000,0.337611,0.457259,0.052851,-0.157369,0.114451,0.201945,-0.009603,0.165168,0.248010,0.329727,-0.207515,-0.067296,-0.208563,0.059667,0.112750,-0.006267,0.324872,0.315588,0.182579,0.198405,0.238966,0.294572,0.298894,0.282651,0.353717,0.304557,0.277959,0.148479,0.243219,0.195151,-0.052107,0.006371,0.165952,0.277793,-0.057215,0.104702,0.033116,0.183959,0.223460,0.259949,0.252190,0.266465,0.055924,0.178561,0.198699,0.190086,0.075146,0.123097,0.257163,0.273343,0.261597,0.319260,0.118785,-0.091995,-0.026782,0.019078,-0.145412,0.053260,-0.009289,0.068842,0.042993,0.067114,0.224046,0.156363
-0.050367,0.029384,0.192005,0.282849,0.566722,0.487821,0.124000,0.150028,0.344002,0.237852,0.226021,0.298048,0.188208,0.241938,0.375783,0.393972,0.209411,0.104144,0.225143,0.102784,0.290835,0.234522,0.210970,0.169891,0.268390,0.337611,0.000000,0.318582,-0.012072,0.102862,0.120642,0.139861,-0.101012,0.074017,0.202355,0.206922,0.012619,-0.155868,0.121861,0.148639,-0.021846,-0.071877,0.124542,0.056867,0.005061,0.008501,0.069159,0.258559,0.073110,0.040920,0.242116,0.180218,0.176381,0.247832,0.120767,0.207197,-0.024937,0.070063,0.165797,0.200155,-0.101878,0.083317,0.009486,0.088046,0.105299,0.274170,0.173839,0.145820,0.033488,0.138141,0.252977,0.191787,0.016481,0.073279,0.320267,0.053274,0.253851,0.230170,0.043892,-0.052578,0.092853,0.072136,0.109934,0.196356,0.157766,0.266683,0.205827,0.254926,0.384128,0.236877
0.038120,0.126035,0.197647,0.210546,0.187765,0.250539,0.158426,0.220507,0.099945,-0.016637,0.178320,0.157189,0.104940,0.057343,-0.012073,0.036893,0.000659,0.108944,0.299205,0.272562,0.169715,0.369281,0.121983,0.000475,0.172445,0.457259,0.318582,0.000000,0.092128,0.026693,0.079275,0.111048,-0.175634,0.090592,0.169110,0.009195,-0.368703,-0.162952,-0.074586,0.233154,-0.286159,-0.217182,0.038969,0.105542,0.084142,0.193010,-0.048944,0.149107,0.181204,0.199521,0.178267,0.247989,0.066155,0.078788,0.090038,0.164871,-0.012459,0.063248,0.157608,0.333421,-0.127382,0.029430,-0.069683,0.110060,0.134481,0.145189,0.125615,0.149308,0.091365,0.017574,0.205499,0.142700,-0.111389,0.015275,0.109874,0.184466,-0.019898,-0.018704,0.098808,0.065425,-0.078463,0.022557,-0.035438,0.096433,-0.030778,0.129818,0.108728,0.169585,0.259931,0.084227
0.193167,0.150294,0.236208,0.294488,0.105292,0.075052,0.239807,0.267430,0.103257,0.039629,0.351723,0.377429,0.159294,0.200843,0.137214,0.092339,0.422969,0.248819,0.274643,0.149738,0.036315,-0.099831,0.115288,0.057105,0.049260,0.052851,-0.012072,0.092128,0.000000,0.478114,0.454476,0.251627,0.084190,0.123987,-0.067566,-0.000077,0.127998,-0.193383,0.203458,0.137314,0.004763,-0.095657,-0.022628,0.042749,-0.011719,0.022271,0.252752,0.109571,0.100560,0.091714,0.157514,0.226468,0.250122,0.110711,0.284596,0.128564,0.084521,0.082948,0.181081,0.212000,0.065815,0.137927,0.073435,0.049716,-0.079599,0.132624,0.220401,0.156961,0.195040,0.051992,0.023039,0.033656,-0.033297,0.042818,0.097610,0.068347,-0.104614,-0.056140,0.947044,0.328484,0.637124,0.336598,0.314590,0.090344,0.193010,0.175123,0.274424,0.067437,0.142365,0.148981
0.345409,0.289371,0.072591,0.182560,-0.069922,-0.074154,0.201990,0.190926,-0.018241,-0.172440,0.097766,0.265481,0.152881,0.171856,0.264646,0.233409,0.420364,0.267199,0.258162,0.145836,0.211299,0.388293,0.102532,0.150284,-0.184524,-0.157369,0.102862,0.026693,0.478114,0.000000,0.497183,0.382705,0.216695,0.283107,0.018805,0.063800,0.393887,0.069636,0.397614,0.206586,0.206359,0.082461,-0.011561,-0.070961,-0.125503,-0.101835,0.078816,0.160808,-0.076208,-0.057191,0.087959,0.180249,0.207299,0.252495,0.239398,0.264512,0.410035,0.396335,0.144588,0.216217,0.258774,0.253772,0.315743,0.012576,-0.104835,0.120241,0.070913,0.056210,0.272054,0.081451,-0.020308,-0.066320,0.065531,0.138044,-0.025566,-0.030960,-0.011577,0.006957,0.119382,0.523116,0.598144,0.558666,0.804972,0.458925,0.246299,0.267920,0.431272,0.256399,0.282652,0.102079
0.530482,0.656464,0.522782,0.745073,0.151070,-0.005466,0.434462,0.414240,0.026644,-0.210112,0.461567,0.575418,0.346644,0.462800,0.322486,0.354439,0.680550,0.625115,0.535998,0.565202,0.473210,0.328102,0.706202,0.641343,0.067386,0.114451,0.120642,0.079275,0.454476,0.497183,0.000000,1.444046,0.678910,0.764978,0.457174,0.435897,0.094624,-0.065859,0.352625,0.403575,0.467886,0.362917,0.208918,0.161803,0.201290,0.195514,0.280539,0.304259,0.165082,0.145487,0.335554,0.272751,0.266538,0.268147,0.333743,0.384016,0.600175,0.568029,0.271607,0.331404,0.371039,0.389761,0.448581,0.173947,0.253769,0.502165,0.421527,0.323893,0.522437,0.401094,0.388471,0.220917,0.278751,0.422111,0.378095,0.314091,0.214090,0.098288,0.296579,0.482059,0.558980,0.541874,0.418787,0.576544,0.410433,0.409970,0.723800,0.443474,0.490363,0.306516
0.550916,0.579985,0.478200,0.835093,0.249658,0.079954,0.426033,0.475340,0.078557,-0.111027,0.441893,0.642661,0.401700,0.580382,0.329712,0.448221,0.643996,0.608952,0.498143,0.639584,0.436845,0.350507,0.767843,0.867313,0.137120,0.201945,0.139861,0.111048,0.251627,0.382705,1.444046,0.000000,0.627817,0.770092,0.521275,0.498696,0.089279,0.057469,0.284835,0.422412,0.467539,0.423215,0.219172,0.148095,0.087577,0.073370,0.220157,0.329040,0.113599,0.067240,0.405249,0.285583,0.291076,0.337460,0.345037,0.388038,0.620341,0.498581,0.244082,0.301926,0.380672,0.435461,0.518100,0.229388,0.398857,0.666789,0.311608,0.260552,0.466984,0.358613,0.447164,0.286869,0.343085,0.457011,0.383217,0.321348,0.370225,0.257166,0.181839,0.432013,0.426743,0.508585,0.351814,0.653063,0.428048,0.467433,0.635285,0.499958,0.469203,0.357596
0.435632,0.722427,0.015114,0.417947,-0.067799,-0.113604,0.166836,0.344264,0.038585,-0.227879,0.005834,0.235108,0.047335,0.286969,0.075059,0.098224,0.416212,0.449143,0.056247,0.284164,0.365310,0.275878,0.192124,0.300290,-0.011941,-0.009603,-0.101012,-0.175634,0.084190,0.216695,0.678910,0.627817,0.000000,1.235457,0.096878,0.344563,-0.014599,-0.028402,0.251695,0.288737,0.692357,0.499571,0.514347,0.449654,0.559542,0.501572,0.436195,0.434686,0.313369,0.441247,0.030096,0.135586,-0.019697,-0.039941,0.068765,0.335795,0.593849,0.600261,0.225793,0.427679,0.374285,0.392933,0.482917,0.275671,-0.080582,0.281130,0.652936,0.728703,0.757360,0.774732,0.226967,0.110835,0.527652,0.795207,0.379747,0.302024,0.196924,0.159455,0.002595,0.200280,0.328370,0.326909,0.190993,0.291968,0.024911,0.240112,0.311134,0.122226,0.079632,0.282682
0.545454,0.898313,0.112625,0.594353,0.068835,0.001967,0.310670,0.574029,0.138873,-0.113938,0.169200,0.405279,0.217935,0.386629,0.119646,0.197598,0.530709,0.570199,0.272311,0.562910,0.373224,0.442101,0.310951,0.330431,0.107540,0.165168,0.074017,0.090592,0.123987,0.283107,0.764978,0.770092,1.235457,0.000000,0.187610,0.396208,-0.020996,0.002657,0.151560,0.377400,0.503305,0.384416,0.409531,0.389967,0.357768,0.375302,0.268909,0.417228,0.280610,0.354940,0.165113,0.260126,0.108766,0.073725,0.136791,0.345767,0.609032,0.645106,0.244769,0.506326,0.346674,0.492192,0.512599,0.420190,0.044923,0.374636,0.508927,0.555584,0.589958,0.537213,0.433147,0.300369,0.555093,0.989837,0.442825,0.384621,0.353217,0.324780,0.045063,0.335998,0.326939,0.388794,0.217246,0.363666,0.056435,0.232938,0.367324,0.131531,0.264988,0.169368
0.249415,0.119593,0.746253,0.492275,0.267236,0.029100,0.284761,0.174956,0.014958,-0.001083,0.524771,0.394990,0.453680,0.507897,0.442347,0.444712,0.325119,0.325337,0.408282,0.341186,0.298962,0.061103,0.951298,0.715743,0.174711,0.248010,0.202355,0.169110,-0.067566,0.018805,0.457174,0.521275,0.096878,0.187610,0.000000,1.021685,-0.132248,-0.065809,-0.057162,0.092745,0.085333,0.077410,0.238297,0.167929,0.134550,0.077578,0.148593,0.242422,0.161145,0.011708,0.515864,0.173669,0.289895,0.327800,0.312726,0.262261,0.315150,0.217966,0.262509,0.001290,0.294344,0.145116,0.179330,0.070687,0.882076,0.728940,0.366327,0.167051,0.127151,0.188404,0.162319,0.109748,0.132179,0.004927,0.352025,0.132710,0.310904,0.204818,0.138503,0.251617,0.186873,0.349178,0.260930,0.616017,0.606597,0.359887,0.403313,0.588801,0.581261,0.262640
0.159115,0.163474,0.407480,0.583791,0.229285,0.067842,0.272203,0.363434,0.094267,0.079319,0.279189,0.337314,0.335611,0.469606,0.358598,0.336794,0.304370,0.233026,0.197476,0.267155,0.299074,0.099037,0.659013,0.629115,0.215733,0.329727,0.206922,0.009195,-0.000077,0.063800,0.435897,0.498696,0.344563,0.396208,1.021685,0.000000,-0.052196,-0.074148,0.060786,0.129138,0.274922,0.248578,0.501028,0.444192,0.340048,0.272903,0.408031,0.427622,0.342984,0.263584,0.448436,0.221211,0.247613,0.176104,0.286601,0.337423,0.235040,0.195383,0.398802,0.189799,0.251791,0.191334,0.207259,0.131876,0.521936,0.720494,0.702544,0.550680,0.251032,0.275300,0.156659,0.124412,0.266644,0.214542,0.399083,0.151819,0.364588,0.293057,0.091258,0.117829,0.173462,0.240952,0.239172,0.405272,0.321095,0.324222,0.312283,0.375431,0.390259,0.245896
0.052900,-0.026423,-0.129188,-0.100772,-0.075349,-0.020669,0.009215,-0.073787,-0.072402,0.049888,-0.136205,-0.129053,-0.108497,-0.157191,0.076461,0.154068,-0.020882,-0.262754,-0.071742,-0.186306,0.086935,0.245065,-0.070752,0.001123,-0.097682,-0.207515,0.012619,-0.368703,0.127998,0.393887,0.094624,0.089279,-0.014599,-0.020996,-0.132248,-0.052196,0.000000,0.537454,0.375827,0.151323,0.347846,0.228561,-0.023267,-0.095389,-0.166351,-0.249994,0.084576,0.029914,-0.104601,-0.194114,0.030431,0.033214,0.235637,0.222669,0.262603,0.083959,-0.013345,-0.032398,0.031483,-0.163688,0.044239,-0.069362,0.065394,-0.230098,-0.167955,-0.144205,-0.115907,-0.151709,-0.060656,-0.209098,0.024817,0.090438,0.112348,0.081437,-0.027018,-0.155972,0.120918,0.092175,-0.229319,0.043591,0.148162,0.035811,0.376236,0.135235,0.091729,0.025503,0.201033,0.155279,0.047466,-0.116401
0.088398,0.056156,-0.259673,-0.078797,-0.118316,0.009127,-0.179586,-0.112478,-0.310153,-0.109266,-0.207854,-0.190216,-0.072057,-0.175335,-0.169317,0.066881,-0.166588,-0.271077,-0.155711,-0.012987,0.162777,0.324459,-0.028657,0.106154,-0.091982,-0.067296,-0.155868,-0.162952,-0.193383,0.069636,-0.065859,0.057469,-0.028402,0.002657,-0.065809,-0.074148,0.537454,0.000000,0.124936,0.445792,0.351101,0.397676,0.092661,0.039740,-0.163865,-0.194769,-0.039955,0.051979,-0.016898,-0.118876,0.072680,0.055200,0.132102,0.185491,0.133049,0.076063,-0.066661,-0.027100,-0.002108,0.011327,-0.000658,-0.046527,0.069060,-0.079637,-0.112726,-0.039593,-0.228591,-0.173075,-0.116737,-0.041989,0.292001,0.092870,0.205518,0.194208,-0.048764,-0.066927,0.340634,0.262074,-0.317745,-0.036692,-0.055256,-0.073937,0.091789,0.062392,-0.018675,-0.143056,0.181470,0.156782,0.026230,-0.074711
0.283859,0.218188,0.079948,0.192963,0.000640,0.062249,0.307909,0.155359,-0.065063,-0.201383,0.008751,0.044652,0.071530,0.046291,0.236745,0.284610,0.154055,0.054048,0.084317,-0.076639,0.330021,0.186608,0.080570,0.142657,-0.199341,-0.208563,0.121861,-0.074586,0.203458,0.397614,0.352625,0.284835,0.251695,0.151560,-0.057162,0.060786,0.375827,0.124936,0.000000,0.627264,0.374871,0.447271,0.101115,0.043614,0.106561,0.050358,0.283976,0.228995,0.145622,0.169409,0.064542,0.181780,0.043954,0.177624,0.255169,0.482495,0.271103,0.315208,0.342584,0.246760,0.256511,0.111316,0.342805,-0.065095,-0.151739,0.133541,0.257558,0.260619,0.309057,0.273787,0.052549,-0.004602,0.013091,0.128112,0.007506,0.002099,0.095016,0.045294,-0.062850,0.021733,0.425161,0.201720,0.574152,0.362522,0.233485,0.369400,0.605494,0.410012,0.253389,0.484382
0.265242,0.400888,0.007489,0.322223,0.060762,0.206612,0.158423,0.225681,-0.091851,-0.106038,0.089568,0.163241,0.068344,0.129092,0.022614,0.302464,0.092008,0.033270,0.145482,0.193315,0.421750,0.437404,0.132410,0.154371,-0.078473,0.059667,0.148639,0.233154,0.137314,0.206586,0.403575,0.422412,0.288737,0.377400,0.092745,0.129138,0.151323,0.445792,0.627264,0.000000,0.336841,0.505120,0.282919,0.279377,0.164341,0.167827,0.176744,0.366519,0.282301,0.233310,0.224892,0.298662,0.094673,0.203604,0.226797,0.553123,0.170904,0.322941,0.226054,0.354174,0.000149,-0.015830,0.202667,0.009909,-0.106484,0.184080,0.234675,0.304596,0.274151,0.297778,0.307680,0.073871,0.086056,0.342612,0.106171,0.082895,0.341277,0.229710,-0.070422,0.108599,0.235943,0.151805,0.301561,0.328801,0.136810,0.332840,0.660365,0.524696,0.251999,0.311660
0.306571,0.422826,-0.069397,0.211836,-0.053046,0.014176,-0.001455,0.068401,0.013437,-0.097459,-0.041642,0.092414,0.044031,0.203506,0.173382,0.305224,0.202065,0.092533,-0.071192,0.079829,0.540320,0.362377,0.187685,0.331019,0.071388,0.112750,-0.021846,-0.286159,0.004763,0.206359,0.467886,0.467539,0.692357,0.503305,0.085333,0.274922,0.347846,0.351101,0.374871,0.336841,0.000000,0.800828,0.508159,0.296377,0.220013,0.087152,0.407484,0.350352,0.139009,0.113068,0.066922,0.039209,0.155747,0.163058,0.158112,0.329854,0.314085,0.385594,0.168335,0.147704,0.279743,0.206955,0.354871,0.121862,-0.068598,0.153987,0.264381,0.264196,0.287724,0.445181,0.304194,0.242802,0.648240,0.629072,0.338888,0.250561,0.361204,0.335904,-0.189022,-0.093026,0.233621,0.102524,0.242519,0.301984,0.035871,0.083435,0.472294,0.278188,0.167847,0.250508
0.302767,0.389137,-0.044507,0.230213,-0.040191,0.092225,0.111654,0.092605,-0.064046,-0.157106,-0.004450,0.021163,0.105059,0.115631,0.130421,0.187650,0.144649,0.072527,0.017063,0.080534,0.444726,0.214691,0.149688,0.283799,-0.033066,-0.006267,-0.071877,-0.217182,-0.095657,0.082461,0.362917,0.423215,0.499571,0.384416,0.077410,0.248578,0.228561,0.397676,0.447271,0.505120,0.800828,0.000000,0.375755,0.306199,0.253388,0.180709,0.320112,0.333502,0.259797,0.232984,0.112707,0.092693,0.010018,0.100775,0.134499,0.311530,0.256953,0.322807,0.207996,0.177593,0.241643,0.152629,0.288752,0.058353,-0.003170,0.150227,0.272842,0.289160,0.191071,0.401453,0.216577,0.068275,0.371594,0.498903,0.247501,0.173290,0.314040,0.230682,-0.196427,-0.011422,0.104729,-0.002008,0.223102,0.230252,-0.002810,0.003845,0.414478,0.251285,0.086160,0.198563
0.161519,0.301098,0.071864,0.315330,0.250981,0.327575,0.019873,0.176665,0.196818,0.029303,0.100861,0.064785,0.160472,0.254609,0.340787,0.312919,0.349051,0.209989,0.093650,0.172248,0.354299,0.182668,0.195852,0.241085,0.360494,0.324872,0.124542,0.038969,-0.022628,-0.011561,0.208918,0.219172,0.514347,0.409531,0.238297,0.501028,-0.023267,0.092661,0.101115,0.282919,0.508159,0.375755,0.000000,1.343261,0.520185,0.381812,1.144992,1.179126,0.696005,0.554272,0.434702,0.425946,0.359070,0.347763,0.448041,0.686516,0.294375,0.322498,0.328284,0.322027,0.086538,-0.006601,0.134244,0.015157,-0.103384,0.125317,0.666224,0.692245,0.408535,0.624183,0.256346,0.135455,0.450936,0.439960,0.505175,0.336845,0.513144,0.471713,0.078814,-0.023130,0.210134,0.200654,0.169409,0.323469,0.048208,0.136287,0.344033,0.262803,0.228477,0.339528
0.004396,0.207734,0.039296,0.245949,0.173068,0.275724,-0.042512,0.135164,0.207104,0.042247,-0.008563,-0.036010,0.036494,0.136544,0.243973,0.169419,0.284991,0.176688,0.101442,0.167987,0.180982,0.042088,0.084853,0.073214,0.342364,0.315588,0.056867,0.105542,0.042749,-0.070961,0.161803,0.148095,0.449654,0.389967,0.167929,0.444192,-0.095389,0.039740,0.043614,0.279377,0.296377,0.306199,1.343261,0.000000,0.708065,0.630475,0.998360,1.160814,0.829297,0.794905,0.300844,0.378018,0.163225,0.158533,0.328305,0.578684,0.138810,0.194331,0.218155,0.323630,-0.104952,-0.156069,-0.062954,-0.124637,-0.169614,0.032784,0.705855,0.777131,0.375214,0.542505,0.199869,0.090879,0.310906,0.380549,0.473462,0.296538,0.395023,0.374709,0.140965,0.038879,0.175294,0.203096,0.095243,0.175055,-0.048303,0.094308,0.244682,0.113042,0.057359,0.163251
-0.098960,0.138537,-0.001246,0.089026,-0.072909,-0.022827,0.017592,0.037057,-0.003542,-0.166660,-0.266368,-0.181031,-0.249733,-0.069988,-0.133621,-0.181829,-0.004855,0.014937,-0.121510,-0.072024,0.165281,0.004885,0.002925,-0.021824,0.123535,0.182579,0.005061,0.084142,-0.011719,-0.125503,0.201290,0.087577,0.559542,0.357768,0.134550,0.340048,-0.166351,-0.163865,0.106561,0.164341,0.220013,0.253388,0.520185,0.708065,0.000000,1.761696,0.500496,0.413246,0.810381,1.144045,-0.127218,0.010755,-0.357921,-0.393969,-0.120186,0.197925,-0.008883,0.038799,0.104397,0.274410,-0.035420,-0.104659,-0.067354,-0.156318,-0.132417,-0.021847,0.803469,0.838228,0.243003,0.442423,-0.042289,-0.092406,0.138171,0.176786,0.310027,0.172728,-0.031107,-0.051649,-0.085525,-0.069966,0.023365,-0.035828,-0.010053,-0.066797,-0.149959,0.142917,0.063781,0.040346,-0.147448,0.075231
-0.144416,0.180972,0.006298,0.139815,-0.078388,-0.028177,0.022491,0.097003,-0.017539,-0.172839,-0.264759,-0.115873,-0.277846,-0.063292,-0.229055,-0.266754,-0.056178,0.029610,-0.091209,-0.008871,0.128423,0.030318,-0.042047,-0.080085,0.100644,0.198405,0.008501,0.193010,0.022271,-0.101835,0.195514,0.073370,0.501572,0.375302,0.077578,0.272903,-0.249994,-0.194769,0.050358,0.167827,0.087152,0.180709,0.381812,0.630475,1.761696,0.000000,0.361302,0.344398,0.727967,1.234254,-0.175338,0.018085,-0.431223,-0.492392,-0.184618,0.138742,-0.076190,0.014433,0.062746,0.356822,-0.119544,-0.066412,-0.140267,-0.110949,-0.134610,0.006402,0.735399,0.850975,0.211012,0.376719,-0.017678,-0.091344,0.074954,0.200410,0.291963,0.206557,-0.126376,-0.115431,-0.057476,-0.039974,-0.002475,-0.013475,-0.062478,-0.117473,-0.179858,0.157215,0.021524,-0.036911,-0.172211,0.009799
0.225281,0.229771,0.169397,0.352888,0.309528,0.406662,0.159547,0.250872,0.191361,-0.002316,0.117069,0.046460,0.195308,0.208876,0.400360,0.262183,0.423900,0.259129,0.161872,0.118573,0.230284,-0.063964,0.163619,0.196391,0.336035,0.238966,0.069159,-0.048944,0.252752,0.078816,0.280539,0.220157,0.436195,0.268909,0.148593,0.408031,0.084576,-0.039955,0.283976,0.176744,0.407484,0.320112,1.144992,0.998360,0.500496,0.361302,0.000000,0.983474,0.770496,0.640522,0.432688,0.473801,0.434549,0.318979,0.645108,0.636477,0.285285,0.267754,0.506142,0.393299,0.192534,0.080261,0.184044,-0.023889,-0.145177,0.139905,0.830666,0.784332,0.491432,0.586101,0.213397,0.166235,0.312247,0.273418,0.477088,0.302944,0.375673,0.332527,0.297763,0.057052,0.313708,0.222642,0.204206,0.263817,0.116458,0.175368,0.361232,0.201057,0.256187,0.527442
0.298490,0.394048,0.204197,0.429660,0.331723,0.393740,0.156956,0.315348,0.240126,-0.033978,0.238136,0.159383,0.298855,0.336961,0.505788,0.345572,0.497021,0.304181,0.282619,0.225028,0.387330,0.190803,0.249031,0.251451,0.354155,0.294572,0.258559,0.149107,0.109571,0.160808,0.304259,0.329040,0.434686,0.417228,0.242422,0.427622,0.029914,0.051979,0.228995,0.366519,0.350352,0.333502,1.179126,1.160814,0.413246,0.344398,0.983474,0.000000,0.842123,0.655536,0.674386,0.768351,0.467383,0.574737,0.616387,1.074434,0.420702,0.454501,0.476163,0.469855,0.159050,0.033236,0.228597,0.029792,-0.069024,0.213865,0.717715,0.698884,0.474103,0.571844,0.303400,0.171439,0.310831,0.416044,0.516596,0.216829,0.468018,0.433289,0.184832,0.220264,0.373415,0.368499,0.386767,0.479743,0.192893,0.236112,0.504709,0.331038,0.348226,0.345997
