0.000000,1.600524,0.337337,0.510252,-0.021534,-0.046139,0.720222,0.681510,-0.021379,0.111077,1.306539,1.035640,0.963548,0.921144,0.428950,0.704873,0.751261,0.845903,0.723118,0.864325,0.431476,0.605336,-0.047521,0.143736,-0.459889,-0.177240,0.482380,0.543070,0.805375,0.883385,0.577462,0.600215,1.056452,0.992492,0.074515,-0.027451,0.088538,-0.101696,0.449488,0.427829,0.382255,0.606062,-0.046311,0.275189,0.443107,0.425666,-0.071110,-0.013137,0.336174,0.552597,0.220342,0.395591,0.119930,0.097994,0.486819,0.435317,1.093963,0.976076,0.665991,0.681335,1.035887,1.095607,0.512135,0.909618,0.340240,0.401895,0.620512,0.460272,0.806123,0.532254,0.464494,0.402377,0.807029,0.741178,0.619148,0.496555,0.352579,0.275042,0.941490,0.942841,0.931176,0.920217,0.511939,0.667743,0.745033,0.664237,0.228960,0.375803,0.501419,0.736570
1.600524,0.000000,0.242287,0.509003,-0.068101,-0.071752,0.558665,0.742449,-0.078850,0.113510,1.161549,1.029584,0.762515,0.867745,0.477743,0.766065,0.970159,1.119609,0.580028,1.058548,0.395909,0.619439,-0.184533,0.074881,-0.645751,-0.279733,0.480215,0.621595,0.851200,1.046050,0.554936,0.659864,1.236232,1.264597,0.001201,-0.126325,0.057675,-0.147837,0.403901,0.449273,0.331955,0.552316,-0.061911,0.239945,0.426861,0.463079,-0.153957,-0.079509,0.207259,0.556121,0.075353,0.321714,0.010444,-0.020919,0.359378,0.371108,1.391200,1.238671,0.621573,0.702922,1.072577,1.219330,0.626955,1.093440,0.271542,0.440152,0.607510,0.522324,0.931016,0.516519,0.416521,0.318757,0.793024,0.768456,0.522233,0.478869,0.259211,0.196252,1.224515,1.028576,1.068010,1.045142,0.601111,0.647426,0.637130,0.634930,0.231639,0.388169,0.360809,0.667300
0.337337,0.242287,0.000000,0.589676,0.197948,0.045997,0.587646,0.181079,0.191778,-0.097083,0.282698,0.077783,0.586809,0.252250,0.294012,0.266634,0.036055,0.070261,0.639715,0.310563,0.367669,0.416228,1.105371,0.852467,0.195518,0.494878,0.507019,0.292623,0.103187,0.050095,0.812522,0.541439,0.409017,0.281751,0.695218,0.127201,0.246085,0.213628,0.461979,0.303263,0.057978,0.349727,0.398203,0.393931,0.208750,0.077957,0.196461,0.189190,0.373225,0.147716,0.683296,0.419446,0.345663,0.351803,0.434172,0.307100,0.304304,0.400506,0.235292,0.198886,0.210870,0.040945,-0.152196,0.084843,0.148256,-0.066527,0.601062,0.383507,0.286073,0.142660,0.558530,0.590391,0.298894,0.230752,0.329975,0.224469,0.480208,0.344248,0.190450,0.355601,0.148328,0.176716,0.542270,0.373749,0.737988,0.457059,0.185538,0.201176,0.378809,0.257685
0.510252,0.509003,0.589676,0.000000,0.320346,0.379907,0.797270,1.176871,0.150164,0.075158,0.391987,0.563714,0.426778,0.652546,0.339363,0.413925,0.192566,0.256275,0.652491,0.757034,0.310117,0.377676,0.243690,0.849946,-0.121448,0.192625,0.276271,0.298437,0.383473,0.424725,0.486780,0.682817,0.526784,0.698307,0.300232,-0.016028,0.002896,-0.037178,0.382958,0.369512,-0.002474,0.331709,0.245406,0.346420,0.403715,0.514033,0.091243,0.128453,0.160689,0.361822,0.251755,0.505820,0.080099,0.083247,0.307299,0.203841,0.302062,0.285761,0.173827,0.241271,0.304118,0.314706,0.242130,0.252790,0.536509,0.658618,0.519540,0.673508,0.367628,0.216352,0.586675,0.553389,0.483272,0.453797,0.388716,0.379447,0.437982,0.316506,0.344282,0.418156,0.424241,0.452973,0.256808,0.267846,0.710536,0.771329,0.250229,0.261796,0.466177,0.432178
-0.021534,-0.068101,0.197948,0.320346,0.000000,1.040605,0.346679,0.216730,0.576170,0.110875,-0.094859,0.017916,0.042567,0.129386,0.017371,0.041501,-0.048929,-0.061804,0.183444,0.050211,0.060713,-0.023853,0.223256,0.279257,0.419888,0.460371,0.125005,0.176178,-0.064601,-0.092402,-0.101336,-0.021440,-0.067525,-0.015986,0.109526,0.010538,0.064415,-0.066566,0.268473,0.222835,0.038757,0.046826,0.595812,0.355668,0.479060,0.366803,0.786203,0.679701,0.385291,0.120257,0.451423,0.274585,0.498038,0.262602,0.586829,0.416212,-0.170684,-0.152590,0.292318,0.198786,0.053655,-0.016569,0.144014,0.005562,0.291073,0.232972,0.176601,0.171620,-0.047091,0.048293,0.198529,0.144214,0.131509,0.166486,0.229492,0.229260,0.426971,0.372481,-0.117035,-0.183577,-0.063284,-0.048253,0.156497,0.068547,0.093235,0.109747,0.368695,0.317177,0.420787,0.272579
-0.046139,-0.071752,0.045997,0.379907,1.040605,0.000000,0.218481,0.341504,0.264408,0.108618,-0.048365,-0.050004,-0.052954,0.022802,0.024399,0.058563,-0.059498,-0.092506,0.106835,-0.004011,0.010043,-0.117973,0.132394,0.346850,0.307565,0.328133,0.097206,0.159945,-0.091014,-0.089292,-0.274816,-0.108625,-0.161172,0.010788,0.007254,0.032260,-0.110846,-0.103448,0.168379,0.208875,-0.057507,-0.110439,0.430523,0.236783,0.329607,0.317881,0.531710,0.441199,0.129491,0.052722,0.161683,0.146080,0.203574,0.053089,0.382919,0.271516,-0.198719,-0.196287,0.105222,0.082316,-0.068436,-0.047814,0.238035,-0.052539,0.397585,0.342871,0.041038,0.150989,-0.048584,0.072309,0.168288,0.081985,0.068588,0.059227,0.154232,0.187067,0.204150,0.177827,-0.122185,-0.300216,-0.059924,-0.098327,0.039299,-0.107166,0.009079,0.046386,0.424243,0.212526,0.517176,0.281893
0.720222,0.558665,0.587646,0.797270,0.346679,0.218481,0.000000,0.898575,0.227832,0.132392,0.542434,0.551994,0.882729,0.705533,0.364757,0.405396,0.329533,0.370994,0.570013,0.604692,0.234848,0.286366,0.165348,0.387550,-0.145748,0.010573,0.296176,0.302168,0.383184,0.364634,0.370423,0.389863,0.524305,0.593101,0.192891,0.083033,0.078109,-0.048930,0.362719,0.296137,0.126453,0.320137,0.173755,0.270838,0.404669,0.381437,0.154871,0.209078,0.338708,0.346401,0.393474,0.468713,0.150070,0.141037,0.435423,0.272813,0.356106,0.292006,0.331936,0.241056,0.425906,0.431796,0.256470,0.316168,0.717407,0.496159,0.337509,0.228793,0.235690,0.056394,0.529089,0.517193,0.648118,0.539250,0.573469,0.486110,0.472388,0.387959,0.362429,0.451770,0.457797,0.541716,0.267985,0.432557,0.607133,0.583524,0.203967,0.359105,0.526149,0.469415
0.681510,0.742449,0.181079,1.176871,0.216730,0.341504,0.898575,0.000000,0.058357,0.161023,0.591864,0.799472,0.494906,0.811956,0.323844,0.441702,0.444068,0.493043,0.448966,0.845636,0.194159,0.253956,-0.206677,0.357869,-0.398891,-0.158892,0.143665,0.280230,0.555458,0.633176,0.269959,0.511214,0.583572,0.906978,0.005607,-0.054038,-0.118152,-0.182594,0.234888,0.278434,0.050933,0.256171,0.055257,0.162333,0.391525,0.567815,-0.040895,0.019921,0.023489,0.402054,-0.024120,0.321886,-0.101433,-0.108231,0.187176,0.093202,0.400689,0.304143,0.194384,0.287607,0.430053,0.596031,0.516840,0.415028,0.757354,1.038022,0.287113,0.433424,0.309853,0.147039,0.433282,0.361783,0.557939,0.522618,0.409747,0.441120,0.274453,0.236840,0.479991,0.470126,0.602710,0.658305,0.154892,0.246816,0.510685,0.646002,0.179975,0.264039,0.392479,0.462187
-0.021379,-0.078850,0.191778,0.150164,0.576170,0.264408,0.227832,0.058357,0.000000,0.527321,-0.116702,0.071617,0.072451,0.152703,0.205055,0.099195,-0.209301,-0.177606,0.132131,-0.036023,-0.017826,-0.027392,0.236509,0.135381,0.311130,0.290734,-0.122575,-0.080032,-0.010643,-0.128577,-0.041525,-0.074344,-0.091589,-0.123078,0.070833,-0.130335,0.082017,0.061064,0.104763,0.121164,-0.027718,0.013118,0.260535,0.115900,0.275547,0.208034,0.427755,0.439708,0.368437,0.132346,0.426884,0.258141,0.533111,0.419387,0.307121,0.226473,-0.239972,-0.202653,0.287276,0.183207,0.021014,0.023447,-0.020587,-0.025535,0.121320,0.091049,0.140088,0.130882,-0.118819,-0.042393,0.116478,0.111820,0.049242,0.094368,0.230993,0.109785,0.277416,0.268501,-0.223113,-0.167243,-0.126071,-0.097134,0.070104,0.133208,0.099860,0.195164,0.144156,0.214414,0.066955,0.186753
0.111077,0.113510,-0.097083,0.075158,0.110875,0.108618,0.132392,0.161023,0.527321,0.000000,0.110269,0.150117,0.100089,0.105547,0.438956,0.378464,0.021901,-0.007614,-0.059715,0.058143,-0.085383,0.078904,-0.100140,-0.073930,-0.190445,-0.154722,0.026700,0.087476,0.104072,0.045446,-0.104587,-0.034988,-0.027173,0.024284,-0.133433,-0.264602,0.007186,0.020911,0.039564,0.177257,0.028813,0.033019,-0.018859,-0.058590,0.089647,0.100908,0.037912,0.049399,0.116165,0.164307,0.057538,0.188537,0.086354,0.095778,0.053911,0.070355,-0.014447,-0.046947,0.171201,0.090822,0.034140,0.120158,0.060175,0.008096,0.073638,0.096684,0.018028,0.097256,0.026753,0.027827,0.003403,0.010493,0.014161,0.039756,0.110126,0.124299,0.014864,0.069401,0.030297,-0.011384,0.030619,-0.003644,0.081507,0.137506,-0.031745,0.134106,0.053417,0.185784,-0.005992,0.129851
1.306539,1.161549,0.282698,0.391987,-0.094859,-0.048365,0.542434,0.591864,-0.116702,0.110269,0.000000,0.924451,1.067909,0.900017,0.460004,0.682118,0.722976,0.784708,0.669935,0.752503,0.527035,0.628646,-0.058633,0.138888,-0.501673,-0.223583,0.406488,0.468416,0.729385,0.761954,0.601849,0.627587,0.941892,0.928347,0.086083,0.061955,0.086304,-0.074155,0.416734,0.370428,0.396934,0.547374,-0.092039,0.191516,0.325570,0.336863,-0.148286,-0.106872,0.161024,0.421004,0.083399,0.230319,-0.029209,-0.045841,0.368829,0.314282,0.940343,0.860890,0.457247,0.548188,0.777035,0.916879,0.494303,0.767294,0.330382,0.392939,0.495180,0.346096,0.674293,0.553703,0.445950,0.499636,0.819993,0.721133,0.623656,0.528441,0.345871,0.284849,0.826938,0.809327,0.842966,0.767103,0.540261,0.548531,0.665584,0.552564,0.247744,0.358718,0.433917,0.555900
1.035640,1.029584,0.077783,0.563714,0.017916,-0.050004,0.551994,0.799472,0.071617,0.150117,0.924451,0.000000,0.603156,1.299405,0.260147,0.461968,0.564554,0.689612,0.605593,0.874755,0.406601,0.498946,-0.285461,0.059047,-0.397796,-0.192792,0.138186,0.262882,0.873202,1.005717,0.434831,0.582934,0.805108,0.901669,-0.105308,-0.114728,-0.048207,-0.196472,0.242802,0.255928,0.248183,0.460440,-0.111531,0.192061,0.444943,0.508900,-0.081279,-0.001985,0.175897,0.478967,0.054248,0.257292,0.080646,0.078062,0.291086,0.258921,0.633190,0.540576,0.434126,0.546662,0.738129,0.988551,0.549307,0.809554,0.360838,0.602093,0.428116,0.416928,0.566577,0.431864,0.352048,0.316940,0.739304,0.789615,0.523477,0.557370,0.339106,0.282696,0.605323,0.709627,0.772012,0.787578,0.214708,0.429612,0.598869,0.678143,0.061464,0.206788,0.269070,0.545219
0.963548,0.762515,0.586809,0.426778,0.042567,-0.052954,0.882729,0.494906,0.072451,0.100089,1.067909,0.603156,0.000000,0.813939,0.500677,0.534586,0.428012,0.438650,0.699995,0.514586,0.410342,0.497070,0.267914,0.304232,-0.268747,-0.074792,0.449272,0.398844,0.458309,0.434508,0.610713,0.485003,0.668009,0.623274,0.279532,0.211780,0.046183,-0.012670,0.400493,0.294116,0.159526,0.405720,0.070544,0.200816,0.236636,0.216986,-0.005937,0.043169,0.321315,0.374148,0.334419,0.363701,0.062527,0.045404,0.432238,0.293681,0.593409,0.558361,0.386800,0.333290,0.567225,0.583303,0.256467,0.421890,0.455552,0.218914,0.402742,0.227781,0.392864,0.277871,0.557928,0.589642,0.730177,0.581509,0.748090,0.520614,0.468571,0.437454,0.543517,0.618173,0.536431,0.511594,0.507921,0.514253,0.686134,0.451348,0.172592,0.341291,0.488315,0.450693
0.921144,0.867745,0.252250,0.652546,0.129386,0.022802,0.705533,0.811956,0.152703,0.105547,0.900017,1.299405,0.813939,0.000000,0.291769,0.432779,0.496250,0.612512,0.619297,0.790882,0.401600,0.466824,-0.105574,0.226651,-0.240550,-0.016500,0.142281,0.274018,0.654036,0.727032,0.515720,0.618139,0.758815,0.832797,0.098915,0.056221,0.017439,-0.089530,0.276830,0.215493,0.184932,0.421729,0.081962,0.244233,0.438633,0.523741,0.049571,0.115571,0.246047,0.478061,0.202126,0.325139,0.158123,0.123012,0.395670,0.254742,0.573171,0.487945,0.453238,0.532845,0.741556,0.860181,0.522863,0.672938,0.489620,0.587634,0.459512,0.367808,0.426863,0.278310,0.355848,0.386947,0.745616,0.705519,0.561517,0.645392,0.445161,0.382498,0.556024,0.600611,0.682422,0.712282,0.272052,0.442580,0.631732,0.637694,0.088991,0.215239,0.401422,0.536336
0.428950,0.477743,0.294012,0.339363,0.017371,0.024399,0.364757,0.323844,0.205055,0.438956,0.460004,0.260147,0.500677,0.291769,0.000000,1.180807,0.353253,0.414042,0.471017,0.475250,0.411403,0.595299,0.092204,0.194297,-0.630641,-0.305468,0.531032,0.412180,0.499138,0.387902,0.326133,0.359164,0.464275,0.437906,0.037102,-0.207128,0.061304,0.044610,0.476040,0.549481,0.342931,0.446150,-0.012190,0.154768,0.269859,0.298331,-0.078597,-0.060251,0.116819,0.286873,0.103975,0.274055,-0.091259,-0.138000,0.260109,0.261974,0.405522,0.435225,0.216982,0.239400,0.266307,0.343223,0.356696,0.407549,0.315448,0.205746,0.337937,0.375148,0.526601,0.381720,0.276970,0.303802,0.503491,0.487922,0.383379,0.255085,0.149225,0.159491,0.457132,0.408442,0.516518,0.474215,0.578739,0.500312,0.405945,0.457692,0.456151,0.518850,0.385109,0.476869
0.704873,0.766065,0.266634,0.413925,0.041501,0.058563,0.405396,0.441702,0.099195,0.378464,0.682118,0.461968,0.534586,0.432779,1.180807,0.000000,0.568213,0.642441,0.509491,0.658722,0.470981,0.821697,-0.012167,0.142898,-0.680269,-0.259313,0.634613,0.615686,0.633687,0.600813,0.431316,0.504133,0.706751,0.637969,0.047001,-0.195175,0.124347,0.013381,0.551944,0.634497,0.479364,0.646599,-0.042484,0.255275,0.432821,0.416319,-0.105929,-0.062272,0.216476,0.420035,0.147019,0.357054,-0.060833,-0.105550,0.346108,0.377046,0.711660,0.726690,0.416777,0.458033,0.564099,0.573927,0.451292,0.651020,0.282220,0.330610,0.494473,0.487756,0.694928,0.546595,0.358920,0.363809,0.621389,0.628594,0.477339,0.370412,0.214490,0.191010,0.741546,0.662507,0.769745,0.720436,0.691430,0.818866,0.591007,0.654970,0.460907,0.659579,0.439218,0.595187
0.751261,0.970159,0.036055,0.192566,-0.048929,-0.059498,0.329533,0.444068,-0.209301,0.021901,0.722976,0.564554,0.428012,0.496250,0.353253,0.568213,0.000000,1.719092,0.296754,0.886638,0.428672,0.541082,-0.376984,-0.156298,-0.649560,-0.329374,0.356251,0.567520,0.905848,0.993224,0.444517,0.581496,0.996905,0.981237,-0.035692,-0.045737,0.051262,-0.121512,0.291579,0.338444,0.432100,0.453700,-0.034124,0.115022,0.314739,0.278310,-0.139121,-0.114159,-0.072818,0.168806,-0.143533,-0.015069,-0.222636,-0.326861,0.160711,0.187495,1.145673,0.959792,0.350742,0.381841,0.734097,0.799789,0.799550,0.947521,0.341622,0.375992,0.334302,0.297718,0.619135,0.425595,0.195484,0.156055,0.769408,0.763128,0.385083,0.389006,0.101579,0.100113,1.380049,0.939033,1.110157,1.143290,0.614364,0.607129,0.347908,0.328998,0.283038,0.429971,0.222357,0.335608
0.845903,1.119609,0.070261,0.256275,-0.061804,-0.092506,0.370994,0.493043,-0.177606,-0.007614,0.784708,0.689612,0.438650,0.612512,0.414042,0.642441,1.719092,0.000000,0.366320,1.013619,0.461768,0.610621,-0.386274,-0.115549,-0.674700,-0.339664,0.358674,0.581986,0.958412,1.135865,0.460675,0.587436,1.145314,1.085600,-0.088996,-0.091971,0.116559,-0.065836,0.320551,0.381815,0.529695,0.583226,-0.048330,0.160997,0.393017,0.379771,-0.173513,-0.133939,0.005565,0.285883,-0.085889,0.074800,-0.140137,-0.221313,0.213314,0.229427,1.228840,1.071951,0.413937,0.487671,0.869136,0.975371,0.816615,1.238558,0.318066,0.432751,0.409230,0.346995,0.774483,0.503968,0.186442,0.173534,0.804209,0.825185,0.392919,0.382273,0.104570,0.111785,1.456987,1.045213,1.279828,1.359180,0.621923,0.721729,0.426480,0.476809,0.300285,0.461330,0.257628,0.422906
0.723118,0.580028,0.639715,0.652491,0.183444,0.106835,0.570013,0.448966,0.132131,-0.059715,0.669935,0.605593,0.699995,0.619297,0.471017,0.509491,0.296754,0.366320,0.000000,0.762180,0.531837,0.535527,0.392518,0.692319,-0.168018,0.046690,0.342764,0.292444,0.544370,0.455756,0.586977,0.557467,0.732377,0.588602,0.186032,-0.017365,0.075484,-0.033776,0.632323,0.495908,0.281735,0.591377,0.109676,0.342191,0.428334,0.348471,0.045458,0.075872,0.270382,0.317272,0.312808,0.334490,0.137927,0.088199,0.496840,0.436229,0.468899,0.521723,0.315706,0.314529,0.517318,0.452225,0.280720,0.459811,0.359718,0.229260,0.698003,0.666261,0.773182,0.796727,0.465021,0.579841,0.745699,0.703365,0.572439,0.417364,0.498727,0.300690,0.427280,0.616450,0.526659,0.566648,0.493147,0.485258,0.866970,0.702645,0.391654,0.379143,0.586936,0.644880
0.864325,1.058548,0.310563,0.757034,0.050211,-0.004011,0.604692,0.845636,-0.036023,0.058143,0.752503,0.874755,0.514586,0.790882,0.475250,0.658722,0.886638,1.013619,0.762180,0.000000,0.470113,0.606199,-0.168943,0.253898,-0.614672,-0.208744,0.336820,0.492440,0.878200,0.980995,0.628734,0.868115,1.239118,1.278692,0.041597,-0.174953,0.033617,-0.128506,0.283753,0.323082,0.269263,0.476555,0.052899,0.199196,0.438081,0.421750,-0.178624,-0.122656,-0.009508,0.307034,-0.041573,0.191317,-0.137049,-0.146928,0.161428,0.166599,0.922443,0.828761,0.312627,0.387402,0.682637,0.709422,0.584511,0.797737,0.378573,0.514354,0.563955,0.627245,0.795134,0.500469,0.341387,0.377658,0.841021,0.763233,0.445161,0.357974,0.194171,0.165976,1.027322,0.932893,0.912928,1.057144,0.471232,0.542883,0.634173,0.722854,0.187997,0.291248,0.228984,0.428670
0.431476,0.395909,0.367669,0.310117,0.060713,0.010043,0.234848,0.194159,-0.017826,-0.085383,0.527035,0.406601,0.410342,0.401600,0.411403,0.470981,0.428672,0.461768,0.531837,0.470113,0.000000,0.718413,0.147339,0.165851,-0.160608,0.105422,0.425300,0.410662,0.706090,0.637070,0.606640,0.601670,0.579980,0.503545,0.304462,0.174253,0.076637,-0.024681,0.397357,0.258833,0.369423,0.532463,-0.020892,0.184690,0.261928,0.199848,-0.053098,-0.035661,0.016407,0.106973,0.120540,0.082055,-0.014801,-0.080797,0.252983,0.155272,0.421098,0.462443,0.159795,0.258061,0.291759,0.329839,0.304212,0.442569,0.286170,0.256753,0.401287,0.236584,0.399822,0.438973,0.455382,0.417840,0.619726,0.637839,0.377401,0.370732,0.321072,0.277803,0.433961,0.662185,0.604010,0.556793,0.509883,0.439669,0.568595,0.419029,0.279432,0.284009,0.316265,0.248178
0.605336,0.619439,0.416228,0.377676,-0.023853,-0.117973,0.286366,0.253956,-0.027392,0.078904,0.628646,0.498946,0.497070,0.466824,0.595299,0.821697,0.541082,0.610621,0.535527,0.606199,0.718413,0.000000,0.134022,0.226123,-0.387341,0.052424,0.725240,0.722002,0.672760,0.630554,0.792559,0.777752,0.845609,0.640360,0.173535,-0.102983,0.294788,0.147888,0.647046,0.644387,0.611863,0.908467,0.042592,0.374582,0.291179,0.318013,0.007926,0.040217,0.300755,0.386989,0.325233,0.430664,0.051375,0.001358,0.411370,0.441691,0.664458,0.729063,0.457965,0.462110,0.569118,0.517034,0.273029,0.610555,0.138288,0.170608,0.639463,0.492868,0.670644,0.597183,0.372389,0.309618,0.561985,0.681915,0.400976,0.373838,0.270878,0.296481,0.716081,0.780354,0.762861,0.672546,0.771965,0.859615,0.698376,0.649765,0.316069,0.559709,0.338517,0.429007
-0.047521,-0.184533,1.105371,0.243690,0.223256,0.132394,0.165348,-0.206677,0.236509,-0.100140,-0.058633,-0.285461,0.267914,-0.105574,0.092204,-0.012167,-0.376984,-0.386274,0.392518,-0.168943,0.147339,0.134022,0.000000,0.904572,0.596680,0.740990,0.283658,0.007120,-0.271940,-0.363948,0.374660,0.141965,-0.043243,-0.166770,0.679812,0.246189,0.185014,0.248230,0.365232,0.202269,-0.069863,0.119529,0.339395,0.271140,0.013545,-0.116543,0.264860,0.226333,0.353237,-0.036656,0.701145,0.298585,0.375311,0.367952,0.350540,0.239913,-0.091241,0.031444,0.049784,-0.023622,-0.099807,-0.313926,-0.407863,-0.254857,-0.081531,-0.348855,0.351642,0.196055,0.042845,0.085465,0.329228,0.400089,-0.032727,-0.080100,0.148807,0.027620,0.380841,0.219433,-0.213703,-0.048092,-0.232186,-0.256334,0.322333,0.091211,0.388151,0.124168,0.204437,0.064146,0.316113,0.071963
0.143736,0.074881,0.852467,0.849946,0.279257,0.346850,0.387550,0.357869,0.135381,-0.073930,0.138888,0.059047,0.304232,0.226651,0.194297,0.142898,-0.156298,-0.115549,0.692319,0.253898,0.165851,0.226123,0.904572,0.000000,0.275920,0.534408,0.225201,0.098228,-0.024975,-0.067364,0.393606,0.382206,0.199645,0.210838,0.464943,0.166149,0.121549,0.208874,0.453447,0.348093,-0.013919,0.248601,0.356225,0.357771,0.192465,0.225733,0.176472,0.167959,0.219676,0.193680,0.442954,0.465686,0.167867,0.158850,0.329988,0.207133,0.024496,0.100977,0.030774,0.032893,0.055682,-0.060731,-0.101446,-0.067115,0.244099,0.137095,0.476890,0.590092,0.273557,0.278338,0.377576,0.485557,0.167667,0.127703,0.195260,0.153536,0.373500,0.193156,0.012816,0.141686,0.074358,0.075133,0.280733,0.136963,0.592701,0.487370,0.301432,0.170653,0.452149,0.228091
-0.459889,-0.645751,0.195518,-0.121448,0.419888,0.307565,-0.145748,-0.398891,0.311130,-0.190445,-0.501673,-0.397796,-0.268747,-0.240550,-0.630641,-0.680269,-0.649560,-0.674700,-0.168018,-0.614672,-0.160608,-0.387341,0.596680,0.275920,0.000000,1.149554,-0.309193,-0.457214,-0.546057,-0.577577,-0.175093,-0.320578,-0.551829,-0.589422,0.357770,0.340404,0.181801,0.202603,-0.104505,-0.236797,-0.217390,-0.246234,0.343969,0.123816,-0.039811,-0.151910,0.476692,0.411439,0.219961,-0.262065,0.460921,0.036897,0.525204,0.472662,0.128909,0.012533,-0.547956,-0.489985,-0.086076,-0.132828,-0.302167,-0.514860,-0.437557,-0.465147,-0.169185,-0.248424,-0.074572,-0.229139,-0.531459,-0.326946,-0.093608,-0.115573,-0.443441,-0.429298,-0.207532,-0.207746,0.207974,0.091083,-0.732968,-0.536141,-0.644248,-0.629216,-0.295355,-0.297766,-0.088580,-0.225607,-0.091544,-0.222806,-0.007316,-0.275094
-0.177240,-0.279733,0.494878,0.192625,0.460371,0.328133,0.010573,-0.158892,0.290734,-0.154722,-0.223583,-0.192792,-0.074792,-0.016500,-0.305468,-0.259313,-0.329374,-0.339664,0.046690,-0.208744,0.105422,0.052424,0.740990,0.534408,1.149554,0.000000,0.099466,-0.001539,-0.241214,-0.253016,0.226189,0.135253,-0.128923,-0.188893,0.557074,0.310648,0.308653,0.297689,0.091126,0.021705,-0.051379,0.015261,0.480210,0.381194,0.122481,0.061969,0.468955,0.421815,0.326406,-0.046155,0.636149,0.321306,0.439701,0.378009,0.265679,0.149201,-0.176337,-0.112471,0.112547,0.089688,-0.037815,-0.280187,-0.264963,-0.193660,-0.074248,-0.105965,0.275302,0.119076,-0.191148,-0.088217,0.147568,0.066369,-0.240455,-0.180767,-0.074466,-0.028328,0.317724,0.219930,-0.271288,-0.173553,-0.236468,-0.270194,0.004441,-0.012280,0.233008,0.126570,-0.024253,-0.078864,0.150617,-0.086256
0.482380,0.480215,0.507019,0.276271,0.125005,0.097206,0.296176,0.143665,-0.122575,0.026700,0.406488,0.138186,0.449272,0.142281,0.531032,0.634613,0.356251,0.358674,0.342764,0.336820,0.425300,0.725240,0.283658,0.225201,-0.309193,0.099466,0.000000,1.235171,0.343863,0.322497,0.525691,0.461734,0.483655,0.353313,0.167750,-0.088787,0.123396,0.029882,0.450533,0.512956,0.278357,0.411990,0.095448,0.339007,0.165399,0.149368,0.067155,0.074734,0.310862,0.336633,0.330226,0.402962,0.051999,0.001238,0.409837,0.413078,0.525736,0.577142,0.410292,0.353591,0.346612,0.253710,0.096832,0.303307,0.019687,-0.062581,0.399690,0.301894,0.574552,0.380284,0.489998,0.296102,0.274787,0.299458,0.243505,0.320991,0.163582,0.188240,0.522664,0.442717,0.486371,0.378040,0.625963,0.522194,0.441950,0.336282,0.217982,0.327158,0.444393,0.446592
0.543070,0.621595,0.292623,0.298437,0.176178,0.159945,0.302168,0.280230,-0.080032,0.087476,0.468416,0.262882,0.398844,0.274018,0.412180,0.615686,0.567520,0.581986,0.292444,0.492440,0.410662,0.722002,0.007120,0.098228,-0.457214,-0.001539,1.235171,0.000000,0.428352,0.486372,0.454527,0.525487,0.638935,0.556294,0.007468,-0.121867,0.095670,-0.044917,0.384650,0.500609,0.288650,0.394754,0.129720,0.322819,0.241076,0.261196,0.059300,0.075102,0.225041,0.401954,0.159536,0.363357,-0.060406,-0.155967,0.398656,0.406950,0.612396,0.652618,0.507218,0.447070,0.460091,0.461243,0.290524,0.461127,0.135293,0.101384,0.428424,0.403086,0.674473,0.468179,0.410854,0.246441,0.380437,0.434875,0.295406,0.385839,0.141837,0.223577,0.776558,0.558651,0.694771,0.573422,0.674428,0.574267,0.337008,0.362511,0.221880,0.392806,0.433785,0.484157
0.805375,0.851200,0.103187,0.383473,-0.064601,-0.091014,0.383184,0.555458,-0.010643,0.104072,0.729385,0.873202,0.458309,0.654036,0.499138,0.633687,0.905848,0.958412,0.544370,0.878200,0.706090,0.672760,-0.271940,-0.024975,-0.546057,-0.241214,0.343863,0.428352,0.000000,1.554967,0.540704,0.660364,0.932650,0.857421,-0.040272,-0.106757,-0.024408,-0.065565,0.363905,0.398572,0.457924,0.614997,-0.178773,0.118578,0.344110,0.336165,-0.180211,-0.132914,-0.006862,0.246229,-0.048539,0.093859,-0.109864,-0.174266,0.139214,0.138012,0.712630,0.621805,0.304585,0.415262,0.659200,0.780943,0.691357,0.849522,0.406146,0.506667,0.385363,0.377985,0.618001,0.493231,0.320832,0.230091,0.721171,0.845957,0.458916,0.401794,0.159979,0.158563,0.781430,0.923824,1.172954,1.157384,0.410627,0.599913,0.594908,0.614251,0.206865,0.355011,0.257314,0.417210
0.883385,1.046050,0.050095,0.424725,-0.092402,-0.089292,0.364634,0.633176,-0.128577,0.045446,0.761954,1.005717,0.434508,0.727032,0.387902,0.600813,0.993224,1.135865,0.455756,0.980995,0.637070,0.630554,-0.363948,-0.067364,-0.577577,-0.253016,0.322497,0.486372,1.554967,0.000000,0.537880,0.725113,1.024500,1.088233,-0.018361,-0.045547,-0.041049,-0.133781,0.254708,0.328055,0.389187,0.548243,-0.168382,0.121193,0.354576,0.373339,-0.236504,-0.169458,-0.052807,0.290067,-0.131339,0.087721,-0.168946,-0.204396,0.097990,0.108699,0.878202,0.745622,0.295589,0.456146,0.695172,0.873193,0.749667,0.950572,0.360653,0.563689,0.382376,0.363143,0.627846,0.449728,0.340080,0.220741,0.766841,0.861806,0.449851,0.424372,0.180205,0.203362,0.974428,1.029040,1.203805,1.173862,0.399590,0.568355,0.518192,0.568068,0.172211,0.300764,0.195532,0.381225
0.577462,0.554936,0.812522,0.486780,-0.101336,-0.274816,0.370423,0.269959,-0.041525,-0.104587,0.601849,0.434831,0.610713,0.515720,0.326133,0.431316,0.444517,0.460675,0.586977,0.628734,0.606640,0.792559,0.374660,0.393606,-0.175093,0.226189,0.525691,0.454527,0.540704,0.537880,0.000000,1.525087,0.890820,0.693806,0.588130,0.133602,0.252969,0.156026,0.424001,0.278420,0.220019,0.567435,0.094306,0.315993,0.206202,0.139200,-0.040952,-0.025074,0.100872,0.134476,0.255966,0.204803,0.068296,0.057611,0.258135,0.181258,0.709400,0.724840,0.249474,0.361330,0.474997,0.364610,0.189627,0.461293,0.157602,0.119008,0.608472,0.434754,0.436195,0.318024,0.643555,0.657237,0.583591,0.586884,0.449753,0.388465,0.460137,0.387550,0.563333,0.832151,0.570366,0.604331,0.610244,0.534616,0.858332,0.616444,0.073387,0.227407,0.261728,0.292774
0.600215,0.659864,0.541439,0.682817,-0.021440,-0.108625,0.389863,0.511214,-0.074344,-0.034988,0.627587,0.582934,0.485003,0.618139,0.359164,0.504133,0.581496,0.587436,0.557467,0.868115,0.601670,0.777752,0.141965,0.382206,-0.320578,0.135253,0.461734,0.525487,0.660364,0.725113,1.525087,0.000000,1.017532,0.996706,0.466143,0.107030,0.178234,0.040606,0.417035,0.327120,0.243373,0.532554,0.114729,0.358753,0.331709,0.327263,-0.044536,-0.017299,0.005673,0.191728,0.101471,0.203264,-0.066223,-0.100528,0.230166,0.174258,0.741853,0.702508,0.241144,0.399118,0.517616,0.465919,0.410472,0.561250,0.293010,0.374406,0.633512,0.605739,0.487544,0.361569,0.648987,0.636825,0.704023,0.751118,0.452898,0.468782,0.414581,0.354628,0.707123,0.841081,0.733597,0.756173,0.567144,0.478976,0.801298,0.727646,0.131898,0.257200,0.281878,0.344182
1.056452,1.236232,0.409017,0.526784,-0.067525,-0.161172,0.524305,0.583572,-0.091589,-0.027173,0.941892,0.805108,0.668009,0.758815,0.464275,0.706751,0.996905,1.145314,0.732377,1.239118,0.579980,0.845609,-0.043243,0.199645,-0.551829,-0.128923,0.483655,0.638935,0.932650,1.024500,0.890820,1.017532,0.000000,1.534627,0.178993,-0.014660,0.219432,0.033177,0.507330,0.495651,0.463245,0.743998,0.037058,0.356263,0.483224,0.456954,-0.148114,-0.084128,0.147156,0.405685,0.121094,0.294614,-0.068015,-0.117460,0.331973,0.346186,1.256757,1.259796,0.548464,0.635500,1.044160,1.010458,0.611341,1.098428,0.328411,0.456296,0.851677,0.653648,0.961697,0.632141,0.500737,0.461995,0.883687,0.937123,0.519399,0.438800,0.341000,0.311337,1.251069,1.285919,1.180837,1.234243,0.748429,0.770552,0.814558,0.779523,0.225629,0.409658,0.358413,0.548031
0.992492,1.264597,0.281751,0.698307,-0.015986,0.010788,0.593101,0.906978,-0.123078,0.024284,0.928347,0.901669,0.623274,0.832797,0.437906,0.637969,0.981237,1.085600,0.588602,1.278692,0.503545,0.640360,-0.166770,0.210838,-0.589422,-0.188893,0.353313,0.556294,0.857421,1.088233,0.693806,0.996706,1.534627,0.000000,0.143539,0.027441,0.094934,-0.062169,0.392922,0.399563,0.308014,0.530429,0.063925,0.304459,0.502829,0.538737,-0.155909,-0.077579,0.030210,0.413200,-0.020176,0.239601,-0.164111,-0.191628,0.266509,0.248502,1.036120,0.964083,0.431773,0.546451,0.812699,0.996569,0.761572,0.958847,0.508560,0.696507,0.678182,0.639581,0.768156,0.474977,0.532372,0.479873,0.962186,0.927630,0.527466,0.476342,0.328374,0.312161,1.184206,1.038004,1.101875,1.113753,0.604563,0.542780,0.660639,0.697796,0.233594,0.353460,0.353103,0.510779
0.074515,0.001201,0.695218,0.300232,0.109526,0.007254,0.192891,0.005607,0.070833,-0.133433,0.086083,-0.105308,0.279532,0.098915,0.037102,0.047001,-0.035692,-0.088996,0.186032,0.041597,0.304462,0.173535,0.679812,0.464943,0.357770,0.557074,0.167750,0.007468,-0.040272,-0.018361,0.588130,0.466143,0.178993,0.143539,0.000000,0.678510,0.297501,0.277431,0.202086,-0.003293,-0.050232,0.144135,0.303647,0.247482,0.224276,0.055387,0.151381,0.144461,0.096034,-0.094706,0.354230,0.136402,0.128605,0.138715,0.185898,0.074962,0.141088,0.157928,-0.003233,0.058800,0.025902,-0.116038,-0.207743,-0.130021,0.128711,0.096918,0.335958,0.140913,-0.129900,-0.145474,0.414373,0.432155,0.111344,0.040611,0.091448,0.061951,0.424913,0.281337,0.039481,0.149838,-0.007073,-0.011059,0.296446,0.160975,0.406004,0.154675,0.001796,0.079314,0.166381,-0.085161
-0.027451,-0.126325,0.127201,-0.016028,0.010538,0.032260,0.083033,-0.054038,-0.130335,-0.264602,0.061955,-0.114728,0.211780,0.056221,-0.207128,-0.195175,-0.045737,-0.091971,-0.017365,-0.174953,0.174253,-0.102983,0.246189,0.166149,0.340404,0.310648,-0.088787,-0.121867,-0.106757,-0.045547,0.133602,0.107030,-0.014660,0.027441,0.678510,0.000000,0.089500,0.119177,0.034542,-0.103100,0.024810,-0.012825,0.039337,0.033890,0.017967,0.005539,0.016960,-0.008130,-0.066620,-0.090532,0.068797,0.009320,-0.126533,-0.162555,0.044474,-0.108408,-0.042536,-0.072187,-0.176469,-0.143119,-0.080848,-0.110113,-0.109312,-0.190642,0.210764,0.136326,-0.041829,-0.163164,-0.270842,-0.139366,0.173206,0.206568,0.039225,0.033210,0.075327,0.013884,0.228773,0.244977,-0.059592,0.010379,0.034335,-0.014816,0.025934,0.013659,0.121926,0.015851,0.046696,-0.003050,0.158440,-0.163955
0.088538,0.057675,0.246085,0.002896,0.064415,-0.110846,0.078109,-0.118152,0.082017,0.007186,0.086304,-0.048207,0.046183,0.017439,0.061304,0.124347,0.051262,0.116559,0.075484,0.033617,0.076637,0.294788,0.185014,0.121549,0.181801,0.308653,0.123396,0.095670,-0.024408,-0.041049,0.252969,0.178234,0.219432,0.094934,0.297501,0.089500,0.000000,0.723714,0.402164,0.311555,0.593955,0.608004,0.306477,0.568058,0.378348,0.350245,0.295042,0.291987,0.400147,0.233723,0.456675,0.413352,0.332932,0.240482,0.394724,0.406109,0.210428,0.264617,0.306337,0.319242,0.281818,0.105350,-0.100763,0.174294,-0.061853,0.056094,0.426208,0.214877,0.086220,0.106554,0.021196,0.116417,0.017743,0.067106,-0.147374,-0.092993,0.211078,0.124495,0.107727,0.210585,0.132888,0.131146,0.255653,0.465216,0.376684,0.384360,0.125984,0.402653,0.139845,0.083645
-0.101696,-0.147837,0.213628,-0.037178,-0.066566,-0.103448,-0.048930,-0.182594,0.061064,0.020911,-0.074155,-0.196472,-0.012670,-0.089530,0.044610,0.013381,-0.121512,-0.065836,-0.033776,-0.128506,-0.024681,0.147888,0.248230,0.208874,0.202603,0.297689,0.029882,-0.044917,-0.065565,-0.133781,0.156026,0.040606,0.033177,-0.062169,0.277431,0.119177,0.723714,0.000000,0.110047,0.187126,0.258627,0.394994,0.305105,0.367430,0.225383,0.222044,0.213993,0.211412,0.260195,0.163921,0.348856,0.348110,0.237665,0.218117,0.160440,0.156043,-0.056996,0.011315,0.117101,0.078722,0.072522,-0.045639,-0.103275,-0.010096,0.028218,0.019355,0.240781,0.158298,-0.032872,0.000269,0.061190,0.103161,-0.165387,-0.092947,-0.219432,-0.142439,0.091486,0.099519,-0.035827,-0.031148,0.004790,-0.042929,0.107798,0.266792,0.229038,0.245283,-0.031245,0.183723,0.034911,-0.075858
0.449488,0.403901,0.461979,0.382958,0.268473,0.168379,0.362719,0.234888,0.104763,0.039564,0.416734,0.242802,0.400493,0.276830,0.476040,0.551944,0.291579,0.320551,0.632323,0.283753,0.397357,0.647046,0.365232,0.453447,-0.104505,0.091126,0.450533,0.384650,0.363905,0.254708,0.424001,0.417035,0.507330,0.392922,0.202086,0.034542,0.402164,0.110047,0.000000,1.314397,0.619930,0.904129,0.229919,0.665715,0.440970,0.439392,0.333641,0.348416,0.481412,0.376452,0.549180,0.506537,0.305964,0.148658,0.868730,0.817594,0.432872,0.504808,0.435148,0.407455,0.466396,0.342887,0.226852,0.402332,0.162623,0.141865,0.621832,0.551962,0.587109,0.585232,0.373714,0.426164,0.538605,0.614186,0.388269,0.361185,0.516624,0.255587,0.356056,0.515135,0.539355,0.477325,0.816482,0.673710,0.717229,0.631957,0.817786,0.929726,0.759855,0.666179
0.427829,0.449273,0.303263,0.369512,0.222835,0.208875,0.296137,0.278434,0.121164,0.177257,0.370428,0.255928,0.294116,0.215493,0.549481,0.634497,0.338444,0.381815,0.495908,0.323082,0.258833,0.644387,0.202269,0.348093,-0.236797,0.021705,0.512956,0.500609,0.398572,0.328055,0.278420,0.327120,0.495651,0.399563,-0.003293,-0.103100,0.311555,0.187126,1.314397,0.000000,0.673559,0.887681,0.190516,0.590025,0.392104,0.481344,0.287907,0.300646,0.474084,0.482961,0.454678,0.606734,0.205980,0.056739,0.705795,0.800062,0.439749,0.514714,0.485285,0.410305,0.475330,0.385317,0.293463,0.438108,0.141763,0.157028,0.583905,0.598012,0.670233,0.632006,0.288488,0.251548,0.425045,0.561153,0.319168,0.275041,0.372925,0.231526,0.447748,0.457294,0.601644,0.472106,0.717860,0.706628,0.572299,0.644232,0.796311,0.934931,0.666575,0.680997
0.382255,0.331955,0.057978,-0.002474,0.038757,-0.057507,0.126453,0.050933,-0.027718,0.028813,0.396934,0.248183,0.159526,0.184932,0.342931,0.479364,0.432100,0.529695,0.281735,0.269263,0.369423,0.611863,-0.069863,-0.013919,-0.217390,-0.051379,0.278357,0.288650,0.457924,0.389187,0.220019,0.243373,0.463245,0.308014,-0.050232,0.024810,0.593955,0.258627,0.619930,0.673559,0.000000,0.999757,0.011568,0.354957,0.340865,0.355123,0.095002,0.079013,0.303320,0.310978,0.224742,0.293565,0.088929,-0.044414,0.422386,0.421596,0.440052,0.463590,0.354744,0.393479,0.480432,0.416832,0.261526,0.523815,0.057658,0.187512,0.387769,0.205928,0.429751,0.524358,-0.050240,0.030526,0.307237,0.450368,0.077902,0.047244,0.124384,0.079224,0.422700,0.471167,0.584897,0.552571,0.443931,0.714588,0.419527,0.464359,0.488952,0.629922,0.321957,0.305997
0.606062,0.552316,0.349727,0.331709,0.046826,-0.110439,0.320137,0.256171,0.013118,0.033019,0.547374,0.460440,0.405720,0.421729,0.446150,0.646599,0.453700,0.583226,0.591377,0.476555,0.532463,0.908467,0.119529,0.248601,-0.246234,0.015261,0.411990,0.394754,0.614997,0.548243,0.567435,0.532554,0.743998,0.530429,0.144135,-0.012825,0.608004,0.394994,0.904129,0.887681,0.999757,0.000000,0.069433,0.515010,0.489885,0.500347,0.097345,0.121343,0.402464,0.437449,0.385328,0.489458,0.187811,0.073508,0.577561,0.537782,0.616811,0.667264,0.435001,0.458667,0.687457,0.560298,0.293688,0.649151,0.170627,0.299189,0.640990,0.474680,0.619262,0.635801,0.293472,0.319828,0.513278,0.642040,0.262215,0.245143,0.386859,0.251762,0.553587,0.795216,0.781294,0.750986,0.657207,0.987893,0.860733,0.821898,0.458550,0.737735,0.512966,0.498886
-0.046311,-0.061911,0.398203,0.245406,0.595812,0.430523,0.173755,0.055257,0.260535,-0.018859,-0.092039,-0.111531,0.070544,0.081962,-0.012190,-0.042484,-0.034124,-0.048330,0.109676,0.052899,-0.020892,0.042592,0.339395,0.356225,0.343969,0.480210,0.095448,0.129720,-0.178773,-0.168382,0.094306,0.114729,0.037058,0.063925,0.303647,0.039337,0.306477,0.305105,0.229919,0.190516,0.011568,0.069433,0.000000,0.850124,0.586948,0.500859,0.977538,1.014423,0.469492,0.241125,0.561047,0.432793,0.436965,0.336552,0.509895,0.455412,-0.031460,0.009529,0.281109,0.169166,0.036875,-0.065874,-0.043021,-0.066625,0.131368,0.061142,0.388986,0.403112,-0.014472,-0.084239,0.108126,0.053169,0.007482,-0.020674,-0.047064,0.042101,0.228693,0.192616,0.019449,-0.131488,-0.125947,-0.140599,0.180113,0.044554,0.096090,0.063196,0.077660,0.141718,0.228635,0.091235
0.275189,0.239945,0.393931,0.346420,0.355668,0.236783,0.270838,0.162333,0.115900,-0.058590,0.191516,0.192061,0.200816,0.244233,0.154768,0.255275,0.115022,0.160997,0.342191,0.199196,0.184690,0.374582,0.271140,0.357771,0.123816,0.381194,0.339007,0.322819,0.118578,0.121193,0.315993,0.358753,0.356263,0.304459,0.247482,0.033890,0.568058,0.367430,0.665715,0.590025,0.354957,0.515010,0.850124,0.000000,0.794575,0.865588,0.789934,0.969630,0.732676,0.597296,0.737560,0.842410,0.447685,0.388465,0.756354,0.880083,0.269518,0.321695,0.524663,0.505289,0.370155,0.235069,0.097237,0.271426,0.112430,0.199124,0.716161,0.661950,0.308385,0.241956,0.327419,0.238672,0.210480,0.292838,0.133039,0.251076,0.390366,0.230209,0.234164,0.234138,0.263571,0.200259,0.342985,0.401014,0.481641,0.537723,0.216011,0.444157,0.427548,0.460979
0.443107,0.426861,0.208750,0.403715,0.479060,0.329607,0.404669,0.391525,0.275547,0.089647,0.325570,0.444943,0.236636,0.438633,0.269859,0.432821,0.314739,0.393017,0.428334,0.438081,0.261928,0.291179,0.013545,0.192465,-0.039811,0.122481,0.165399,0.241076,0.344110,0.354576,0.206202,0.331709,0.483224,0.502829,0.224276,0.017967,0.378348,0.225383,0.440970,0.392104,0.340865,0.489885,0.586948,0.794575,0.000000,1.330894,0.546966,0.635489,0.594075,0.585367,0.469923,0.506779,0.358485,0.245448,0.722675,0.655669,0.326006,0.337175,0.627155,0.619859,0.578859,0.549137,0.412635,0.520348,0.445972,0.626519,0.719241,0.642964,0.327180,0.258232,0.344311,0.234497,0.430155,0.482012,0.229196,0.342875,0.408780,0.273051,0.358478,0.269414,0.408559,0.424054,0.381242,0.478076,0.473227,0.506808,0.290998,0.423892,0.465369,0.565537
0.425666,0.463079,0.077957,0.514033,0.366803,0.317881,0.381437,0.567815,0.208034,0.100908,0.336863,0.508900,0.216986,0.523741,0.298331,0.416319,0.278310,0.379771,0.348471,0.421750,0.199848,0.318013,-0.116543,0.225733,-0.151910,0.061969,0.149368,0.261196,0.336165,0.373339,0.139200,0.327263,0.456954,0.538737,0.055387,0.005539,0.350245,0.222044,0.439392,0.481344,0.355123,0.500347,0.500859,0.865588,1.330894,0.000000,0.523415,0.618900,0.614337,0.934396,0.412058,0.762266,0.275253,0.175067,0.660485,0.644926,0.275216,0.272997,0.615436,0.653863,0.559906,0.611479,0.409649,0.489707,0.480854,0.810578,0.660063,0.738290,0.319447,0.250193,0.294794,0.152636,0.348820,0.464613,0.186937,0.370698,0.318809,0.253090,0.360290,0.272049,0.484455,0.454929,0.267265,0.391145,0.436856,0.656974,0.275073,0.432560,0.454198,0.639434
-0.071110,-0.153957,0.196461,0.091243,0.786203,0.531710,0.154871,-0.040895,0.427755,0.037912,-0.148286,-0.081279,-0.005937,0.049571,-0.078597,-0.105929,-0.139121,-0.173513,0.045458,-0.178624,-0.053098,0.007926,0.264860,0.176472,0.476692,0.468955,0.067155,0.059300,-0.180211,-0.236504,-0.040952,-0.044536,-0.148114,-0.155909,0.151381,0.016960,0.295042,0.213993,0.333641,0.287907,0.095002,0.097345,0.977538,0.789934,0.546966,0.523415,0.000000,1.747192,0.711290,0.295049,0.742981,0.477701,0.800173,0.574108,0.787026,0.729650,-0.197425,-0.179526,0.399575,0.270266,0.028353,-0.070866,-0.064135,-0.097791,0.126313,0.044898,0.223302,0.215593,-0.151894,-0.085827,0.133245,-0.007153,-0.009063,0.053186,0.056386,0.237691,0.385498,0.303160,-0.205223,-0.277680,-0.157657,-0.199982,0.086562,0.081118,0.044982,0.063737,0.256238,0.312819,0.347832,0.327966
-0.013137,-0.079509,0.189190,0.128453,0.679701,0.441199,0.209078,0.019921,0.439708,0.049399,-0.106872,-0.001985,0.043169,0.115571,-0.060251,-0.062272,-0.114159,-0.133939,0.075872,-0.122656,-0.035661,0.040217,0.226333,0.167959,0.411439,0.421815,0.074734,0.075102,-0.132914,-0.169458,-0.025074,-0.017299,-0.084128,-0.077579,0.144461,-0.008130,0.291987,0.211412,0.348416,0.300646,0.079013,0.121343,1.014423,0.969630,0.635489,0.618900,1.747192,0.000000,0.779785,0.390526,0.770714,0.565208,0.748260,0.607454,0.739955,0.743738,-0.142135,-0.122521,0.458212,0.322436,0.088420,0.009789,-0.046260,-0.044377,0.118469,0.078948,0.287976,0.271787,-0.108610,-0.094510,0.166080,0.017099,0.026031,0.076539,0.076803,0.240233,0.394509,0.273531,-0.138388,-0.201459,-0.108494,-0.145319,0.081026,0.125202,0.080396,0.104304,0.162559,0.302690,0.290948,0.321160
