0.000000,1.237381,0.722818,0.655577,0.119025,0.240772,0.730879,0.699734,0.347232,0.187529,0.867040,0.808113,0.742599,0.589550,0.714111,0.527125,1.095324,0.739385,1.191695,1.134135,0.195576,0.449081,0.566249,0.527885,0.586952,0.348280,0.304578,0.295112,0.703360,0.541518,0.494088,0.570394,1.192495,1.114451,0.464947,0.390717,0.409215,0.595986,0.595120,0.709134,0.339274,0.505732,0.595470,0.568686,0.800396,0.601677,0.809627,0.815191,0.710053,0.520393,0.773822,0.417446,0.566772,0.430344,0.796105,0.786008,1.047008,1.059222,0.571119,0.438193,0.851963,0.563209,0.783190,0.753928,0.581467,0.417090,0.871061,0.684376,0.815758,0.947951,0.087801,0.015232,0.478974,0.490843,0.233170,0.499678,0.515003,0.396165,0.296194,0.359042,1.087187,0.972891,0.968985,0.902018,1.178917,1.139612,0.916336,0.578861,0.917488,0.928855
1.237381,0.000000,0.565023,0.712763,0.090015,0.235533,0.569489,0.773961,0.317940,0.170067,0.547694,0.707961,0.534989,0.624163,0.520765,0.335086,0.856635,0.600624,0.848384,0.920337,0.215959,0.557808,0.487053,0.557757,0.537956,0.321924,0.277714,0.266111,0.420901,0.384456,0.332875,0.406353,0.921409,0.879005,0.290398,0.254099,0.255386,0.514691,0.458129,0.571350,0.254312,0.431306,0.464937,0.486503,0.782512,0.634944,0.626529,0.642291,0.774353,0.623258,0.779753,0.503082,0.537489,0.421335,0.637177,0.667637,0.719747,1.478185,0.319146,0.523093,0.502103,0.649965,0.633184,0.655175,0.392266,0.380559,0.716511,0.698317,0.707729,1.013239,0.066389,0.030904,0.351699,0.427173,0.109686,0.440231,0.430645,0.380578,0.161470,0.233055,0.760123,0.760129,0.853953,0.834582,1.012583,1.110587,1.043517,0.643904,0.798904,1.050652
0.722818,0.565023,0.000000,1.066072,0.256644,0.216876,1.186470,0.982887,0.532658,0.290636,0.785306,0.509786,0.872831,0.458473,0.759703,0.536214,0.566789,0.312108,0.976361,0.649945,0.156847,0.327861,1.345823,1.025974,0.853564,0.339322,0.423664,0.380997,0.361902,0.129987,0.397233,0.475291,0.713610,0.670514,0.683899,0.608008,0.512308,0.471274,0.436318,0.635347,0.118062,0.303990,0.658477,0.572398,0.651877,0.709331,0.679120,0.754977,0.625078,0.767879,0.793843,0.550415,0.488864,0.453545,0.709195,0.638430,0.299705,0.571773,0.417731,0.573277,0.578614,0.728091,0.623470,0.515893,0.848194,0.622378,0.742789,0.743943,0.224720,0.408677,0.054588,0.047526,0.323501,0.274576,0.293188,0.321330,0.616703,0.446423,0.094784,0.078836,0.581454,0.505945,0.663404,0.631807,0.847848,0.801304,0.707807,0.733091,0.951316,0.921912
0.655577,0.712763,1.066072,0.000000,0.124700,0.449224,0.856298,1.325592,0.361334,0.344874,0.522293,0.535772,0.574787,0.453419,0.601943,0.559063,0.497832,0.313906,0.657450,0.615510,0.196311,0.379861,1.127373,1.518462,0.633375,0.537301,0.364642,0.426119,0.245629,0.157645,0.364763,0.455480,0.707764,0.720400,0.705605,0.551907,0.339077,0.399741,0.320614,0.490474,0.074119,0.237541,0.614244,0.529557,0.763310,0.862433,0.663943,0.721525,0.642396,0.774977,0.799786,0.546409,0.547249,0.459458,0.698776,0.579217,0.341138,0.680454,0.386229,0.713758,0.607001,1.061723,0.615395,0.597393,0.840021,0.887882,0.770113,1.003364,0.274491,0.507630,0.094072,0.062134,0.285657,0.298296,0.227018,0.394824,0.613469,0.498723,0.057361,0.109822,0.574565,0.512917,0.706009,0.617162,0.864782,0.890700,0.844700,0.716192,1.037575,1.092088
0.119025,0.090015,0.256644,0.124700,0.000000,0.463345,0.263779,0.366482,1.370386,0.993133,0.266518,0.264961,0.258599,0.359818,0.696513,0.533264,0.071135,0.039771,0.094695,-0.012643,0.547532,0.470918,0.247239,0.166090,0.728831,0.147154,1.203402,0.937242,0.047217,-0.021372,0.232857,0.330469,0.101007,0.078197,0.162204,0.298899,0.232027,0.004116,0.199461,0.214113,0.033842,-0.014802,0.220586,0.144333,0.033876,0.165362,0.183000,0.163289,0.292075,0.362161,0.322158,0.454004,0.325643,0.305411,0.356396,0.187295,0.121642,0.076804,0.305165,0.215771,0.228456,0.214607,0.165856,0.109563,0.281086,0.352276,0.211067,0.267418,-0.048675,0.039655,0.338642,0.309328,0.243123,0.121334,0.437770,0.273831,0.289686,0.288499,-0.104677,0.236700,0.108490,0.188346,0.406414,0.164457,0.174892,0.265592,0.396567,0.205691,0.390953,0.305225
0.240772,0.235533,0.216876,0.449224,0.463345,0.000000,0.087860,0.385969,0.368553,1.083425,0.280231,0.373697,0.166810,0.308183,0.643422,0.951953,0.325650,0.420833,0.107672,0.223239,0.633273,0.502879,0.289762,0.491862,0.410327,1.056364,0.632293,0.898853,0.332366,0.398221,0.383609,0.493725,0.427793,0.455392,0.304828,0.190020,0.261566,0.307535,0.377067,0.332494,0.260372,0.310510,0.525484,0.514735,0.485703,0.529434,0.405123,0.396139,0.589849,0.577247,0.649073,0.649910,0.577566,0.562312,0.578882,0.422689,0.272249,0.093343,0.272689,0.156920,0.423845,0.316940,0.287304,0.453330,0.364877,0.554720,0.179549,0.299397,0.137324,0.076206,0.507090,0.549924,0.593472,0.445259,0.573455,0.600944,0.532037,0.649470,0.018707,0.306713,0.459070,0.468098,0.503794,0.193577,0.403806,0.345278,0.428580,0.292795,0.579516,0.444891
0.730879,0.569489,1.186470,0.856298,0.263779,0.087860,0.000000,0.949633,0.612993,0.099056,0.650111,0.545782,1.151088,0.448073,0.708082,0.404664,0.580187,0.261775,0.747885,0.526790,0.029180,0.278415,0.964517,0.721147,0.658107,0.088360,0.301689,0.262198,0.369448,0.164232,0.540336,0.526888,0.597621,0.639730,0.599769,0.587154,0.532478,0.451227,0.307566,0.552108,0.075293,0.300931,0.588032,0.501232,0.628443,0.650704,0.653155,0.696792,0.500282,0.534461,0.667675,0.401509,0.483100,0.376245,0.659671,0.518547,0.282009,0.608025,0.383238,0.555369,0.593692,0.838920,0.718492,0.524351,0.840528,0.631558,0.710367,0.693530,0.105758,0.391158,0.020584,-0.065523,0.236971,0.289896,0.164099,0.312895,0.401663,0.265600,0.062981,0.048508,0.572363,0.480791,0.645558,0.659806,0.842590,0.840647,0.808735,0.638250,0.813333,0.815408
0.699734,0.773961,0.982887,1.325592,0.366482,0.385969,0.949633,0.000000,0.611505,0.403361,0.593200,0.827821,0.689318,0.822609,0.765669,0.590298,0.525760,0.402228,0.630721,0.558175,0.253256,0.473828,0.984920,1.014525,0.833859,0.405014,0.461202,0.483564,0.283211,0.270373,0.476831,0.618807,0.625171,0.670607,0.583743,0.490924,0.267673,0.412350,0.273350,0.460259,0.189649,0.337255,0.613735,0.478747,0.613934,0.716615,0.645789,0.707933,0.645214,0.802281,0.812074,0.730107,0.620571,0.552158,0.691506,0.614403,0.380442,0.661262,0.482118,0.648585,0.644582,1.070675,0.619690,0.745710,0.797737,0.987004,0.697277,0.875512,0.237178,0.488773,0.254538,0.199628,0.389357,0.463113,0.331795,0.496698,0.542862,0.482579,-0.004422,0.204875,0.562717,0.684162,0.747947,0.628901,0.901953,1.082186,0.921399,0.606407,1.043523,1.086201
0.347232,0.317940,0.532658,0.361334,1.370386,0.368553,0.612993,0.611505,0.000000,0.754596,0.418957,0.356603,0.506404,0.429073,0.911739,0.517812,0.256067,0.111238,0.316281,0.180972,0.470588,0.590791,0.493409,0.346755,0.874031,0.130690,0.964356,0.755563,0.135516,0.024431,0.334874,0.387309,0.274534,0.250265,0.254205,0.395617,0.334553,0.113733,0.298154,0.368594,0.090147,0.090681,0.295646,0.220748,0.226619,0.338563,0.367114,0.341329,0.405067,0.501399,0.444167,0.485841,0.385796,0.317304,0.536952,0.326558,0.239819,0.367444,0.404863,0.447396,0.369431,0.440261,0.376124,0.244291,0.458419,0.459261,0.475529,0.510349,0.059062,0.287864,0.267311,0.202657,0.247002,0.195302,0.392848,0.347785,0.310267,0.287082,-0.071356,0.112688,0.296092,0.342259,0.573199,0.423400,0.402400,0.552894,0.651696,0.363244,0.645485,0.600843
0.187529,0.170067,0.290636,0.344874,0.993133,1.083425,0.099056,0.403361,0.754596,0.000000,0.314466,0.298160,0.139577,0.347555,0.727968,0.888767,0.175953,0.176289,0.146882,0.142255,0.666869,0.543509,0.316865,0.401705,0.688455,0.634318,1.222526,1.253960,0.167739,0.131003,0.224202,0.357276,0.270922,0.248170,0.292005,0.317323,0.228451,0.120716,0.320277,0.283128,0.157709,0.076687,0.408320,0.360583,0.264489,0.387499,0.305804,0.304578,0.466051,0.569616,0.517051,0.615306,0.445371,0.479399,0.532032,0.355253,0.234291,0.101498,0.290962,0.204729,0.332214,0.276974,0.222212,0.226913,0.332329,0.441914,0.232545,0.340661,0.123992,0.098346,0.442198,0.473651,0.422859,0.251860,0.594677,0.482359,0.584912,0.617424,-0.038575,0.274365,0.307140,0.312821,0.500874,0.173550,0.296262,0.319819,0.399228,0.289481,0.591065,0.457094
0.867040,0.547694,0.785306,0.522293,0.266518,0.280231,0.650111,0.593200,0.418957,0.314466,0.000000,0.717541,1.135893,0.632596,1.065153,0.633871,0.814949,0.491136,0.935481,0.662469,0.121811,0.294584,0.690042,0.523383,0.671152,0.324939,0.368770,0.343932,0.755442,0.440539,0.518760,0.551201,0.855759,0.684266,0.529387,0.495628,0.389150,0.391005,0.519023,0.525118,0.338743,0.449616,0.641167,0.527613,0.547309,0.467532,0.576422,0.661934,0.540393,0.480618,0.648505,0.419203,0.446715,0.446551,0.625427,0.598364,0.459064,0.440215,0.302989,0.242034,0.647004,0.451455,0.651278,0.542368,0.668137,0.480447,0.489907,0.414542,0.427552,0.409574,0.259284,0.123035,0.638567,0.380529,0.471311,0.465980,0.593634,0.379353,0.291895,0.279765,0.765324,0.683983,0.797426,0.653499,0.937362,0.765847,0.616535,0.504426,0.738231,0.643171
0.808113,0.707961,0.509786,0.535772,0.264961,0.373697,0.545782,0.827821,0.356603,0.298160,0.717541,0.000000,0.677306,1.267717,0.782011,0.727576,0.831062,0.973174,0.630961,0.681011,0.344172,0.418499,0.470844,0.446231,0.516133,0.368412,0.282751,0.346168,0.710846,0.812792,0.519724,0.722993,0.672798,0.700296,0.317064,0.293993,0.230364,0.540661,0.332765,0.415554,0.477122,0.621870,0.599634,0.510755,0.433673,0.381999,0.547082,0.604369,0.543719,0.511505,0.682106,0.623042,0.646622,0.646766,0.649431,0.639584,0.592006,0.426210,0.325985,0.165570,0.610459,0.460413,0.585541,0.864954,0.428735,0.483879,0.356207,0.327844,0.371275,0.379066,0.372975,0.289167,0.802189,0.838781,0.519901,0.688753,0.432868,0.407997,0.279473,0.495679,0.762193,0.935821,0.682908,0.523938,0.844095,0.831500,0.631502,0.400536,0.635595,0.586195
0.742599,0.534989,0.872831,0.574787,0.258599,0.166810,1.151088,0.689318,0.506404,0.139577,1.135893,0.677306,0.000000,0.638306,0.954556,0.467965,0.740423,0.412941,0.656781,0.444543,0.019302,0.247991,0.774987,0.561508,0.584658,0.148929,0.252679,0.249167,0.657610,0.393623,0.688677,0.680787,0.642197,0.591419,0.414436,0.359257,0.391999,0.427764,0.369373,0.508463,0.182631,0.496535,0.594330,0.513088,0.568933,0.521918,0.519718,0.580982,0.552194,0.484497,0.681247,0.458352,0.463193,0.420311,0.624114,0.577704,0.310550,0.459805,0.167782,0.237307,0.540022,0.556535,0.660294,0.584030,0.623561,0.485465,0.401275,0.354708,0.181398,0.290733,0.258461,0.129278,0.526646,0.430638,0.285838,0.338694,0.342638,0.184319,0.180296,0.180891,0.651363,0.601531,0.703360,0.575066,0.910689,0.776134,0.685102,0.583507,0.701931,0.662638
0.589550,0.624163,0.458473,0.453419,0.359818,0.308183,0.448073,0.822609,0.429073,0.347555,0.632596,1.267717,0.638306,0.000000,0.688671,0.514811,0.513540,0.650624,0.431033,0.421923,0.328392,0.411017,0.424404,0.402706,0.620779,0.279345,0.379327,0.382300,0.420426,0.589242,0.412451,0.574954,0.477732,0.452568,0.277794,0.286818,0.168630,0.410529,0.302017,0.357698,0.393522,0.625520,0.452992,0.360368,0.315997,0.313228,0.349313,0.450414,0.457845,0.530245,0.567824,0.660876,0.511124,0.580873,0.473537,0.537902,0.389427,0.383971,0.262368,0.201729,0.449326,0.446594,0.459425,0.727112,0.370921,0.490879,0.301111,0.299826,0.272303,0.330999,0.421763,0.377147,0.611940,0.642750,0.422214,0.525160,0.387486,0.425879,0.128137,0.340685,0.494007,0.699012,0.542429,0.402504,0.716507,0.754990,0.580685,0.352191,0.602502,0.563978
0.714111,0.520765,0.759703,0.601943,0.696513,0.643422,0.708082,0.765669,0.911739,0.727968,1.065153,0.782011,0.954556,0.688671,0.000000,1.067349,0.683652,0.481820,0.639377,0.525030,0.495618,0.705346,0.781360,0.626614,0.930842,0.514474,0.772844,0.810606,0.651003,0.438327,0.714760,0.795084,0.704611,0.666133,0.482794,0.470880,0.420526,0.422979,0.548196,0.554043,0.278204,0.417568,0.762485,0.644587,0.543677,0.615429,0.726131,0.755008,0.701038,0.708941,0.861365,0.694017,0.708074,0.641740,0.877375,0.649328,0.516643,0.411399,0.480258,0.327066,0.705359,0.544068,0.637292,0.606918,0.711035,0.642665,0.564327,0.544660,0.308641,0.363755,0.518359,0.368346,0.759735,0.554990,0.738336,0.700832,0.609721,0.485791,0.145936,0.300108,0.717483,0.736807,0.968770,0.619616,0.866752,0.817072,0.795247,0.506344,0.940951,0.760847
0.527125,0.335086,0.536214,0.559063,0.533264,0.951953,0.404664,0.590298,0.517812,0.888767,0.633871,0.727576,0.467965,0.514811,1.067349,0.000000,0.569287,0.565159,0.477407,0.529349,0.562107,0.539194,0.524024,0.564062,0.601700,0.729055,0.689659,0.804121,0.642361,0.560127,0.503886,0.625068,0.634005,0.644522,0.470603,0.385520,0.307338,0.347217,0.420626,0.405593,0.234659,0.338596,0.771366,0.689619,0.503416,0.558533,0.662414,0.659340,0.667263,0.658159,0.800270,0.715297,0.713539,0.728177,0.780761,0.561976,0.469570,0.172409,0.462447,0.216914,0.620682,0.403947,0.467826,0.622940,0.545836,0.581287,0.396893,0.417713,0.249433,0.196776,0.425605,0.365532,0.822717,0.622890,0.788443,0.797397,0.691147,0.636068,0.209462,0.370743,0.679238,0.656403,0.739657,0.405641,0.604488,0.519722,0.505617,0.350554,0.713602,0.507125
1.095324,0.856635,0.566789,0.497832,0.071135,0.325650,0.580187,0.525760,0.256067,0.175953,0.814949,0.831062,0.740423,0.513540,0.683652,0.569287,0.000000,1.069965,0.853239,0.890335,0.207886,0.303892,0.494432,0.471809,0.443119,0.422215,0.166746,0.214106,1.157486,0.800438,0.702426,0.750537,1.044973,1.116348,0.318207,0.271390,0.398991,0.525218,0.560082,0.639508,0.424425,0.649540,0.595263,0.575725,0.731602,0.518450,0.673906,0.679190,0.639571,0.453738,0.716937,0.372085,0.478050,0.417661,0.747385,0.643093,0.726971,0.694012,0.301890,0.184808,0.719884,0.466822,0.918470,0.853292,0.551553,0.423414,0.470048,0.375455,0.542733,0.586987,0.249608,0.162754,0.720574,0.623156,0.346011,0.486349,0.441000,0.358242,0.508611,0.449304,1.570895,1.198374,0.862212,0.888664,1.079503,0.887254,0.737486,0.560861,0.716774,0.662289
0.739385,0.600624,0.312108,0.313906,0.039771,0.420833,0.261775,0.402228,0.111238,0.176289,0.491136,0.973174,0.412941,0.650624,0.481820,0.565159,1.069965,0.000000,0.510491,0.625248,0.296067,0.269145,0.274326,0.301722,0.323417,0.546605,0.069467,0.149105,0.842666,1.157797,0.540802,0.650641,0.758538,0.758259,0.204966,0.101782,0.157733,0.474313,0.424882,0.384505,0.487169,0.831822,0.407807,0.437956,0.434534,0.295435,0.374655,0.430777,0.448622,0.391757,0.508395,0.467415,0.331934,0.405256,0.405877,0.494307,0.607086,0.382128,0.244773,-0.030988,0.491476,0.166085,0.465740,0.809699,0.316089,0.337711,0.207530,0.123329,0.509566,0.411012,0.305194,0.322140,0.819556,0.828956,0.363076,0.485001,0.334096,0.370564,0.403371,0.569729,0.910944,1.252564,0.462928,0.468814,0.713355,0.670772,0.381081,0.249415,0.442024,0.392088
1.191695,0.848384,0.976361,0.657450,0.094695,0.107672,0.747885,0.630721,0.316281,0.146882,0.935481,0.630961,0.656781,0.431033,0.639377,0.477407,0.853239,0.510491,0.000000,1.449080,0.120366,0.365416,0.668371,0.581854,0.594926,0.293691,0.281031,0.231371,0.537926,0.274654,0.292112,0.368940,1.115572,0.981066,0.643628,0.600269,0.555177,0.504265,0.543868,0.625690,0.257628,0.309137,0.614753,0.566665,0.725077,0.567365,0.741034,0.748882,0.590253,0.504782,0.674268,0.326249,0.479567,0.348757,0.690607,0.594336,0.602945,0.804431,0.513517,0.521773,0.659078,0.549271,0.746941,0.519071,0.669601,0.388631,0.851418,0.690237,0.567856,0.690064,-0.094147,-0.137180,0.368388,0.314209,0.244934,0.458178,0.604859,0.412402,0.265247,0.182457,0.806722,0.649621,0.716208,0.789342,0.910065,0.828900,0.683464,0.596077,0.718458,0.757370
1.134135,0.920337,0.649945,0.615510,-0.012643,0.223239,0.526790,0.558175,0.180972,0.142255,0.662469,0.681011,0.444543,0.421923,0.525030,0.529349,0.890335,0.625248,1.449080,0.000000,0.185859,0.403586,0.453583,0.492238,0.394700,0.382874,0.203850,0.218163,0.558034,0.415160,0.274498,0.352285,1.210539,1.158376,0.549832,0.472394,0.477143,0.558581,0.518801,0.587962,0.306258,0.342890,0.572312,0.537950,0.721139,0.512965,0.738853,0.705586,0.590030,0.422822,0.668079,0.295097,0.562142,0.385794,0.718489,0.568357,0.734086,0.812671,0.581706,0.532164,0.693376,0.580554,0.746384,0.638671,0.554369,0.395703,0.806651,0.652658,0.682265,0.795691,-0.073996,-0.132543,0.418647,0.422369,0.239287,0.596646,0.609407,0.487457,0.275692,0.238992,0.880716,0.753820,0.677531,0.707587,0.831523,0.765330,0.641940,0.466241,0.706350,0.701079
0.195576,0.215959,0.156847,0.196311,0.547532,0.633273,0.029180,0.253256,0.470588,0.666869,0.121811,0.344172,0.019302,0.328392,0.495618,0.562107,0.207886,0.296067,0.120366,0.185859,0.000000,0.952596,0.172404,0.243354,0.385594,0.598489,0.635639,0.736394,0.151774,0.162898,0.186132,0.348705,0.233673,0.247581,0.120019,0.159346,0.192586,0.217303,0.238782,0.175611,0.198508,0.158756,0.386351,0.317411,0.252931,0.307787,0.386190,0.324736,0.330407,0.399958,0.386182,0.432276,0.463407,0.348115,0.405653,0.259647,0.362626,0.156621,0.380873,0.177360,0.348973,0.133939,0.157156,0.186221,0.155343,0.243505,0.282727,0.321761,0.142374,0.140247,0.506470,0.481431,0.470447,0.331904,0.482462,0.463415,0.274937,0.341730,0.116139,0.221040,0.212301,0.277244,0.314088,0.086015,0.185317,0.216704,0.302320,0.080345,0.373140,0.306121
0.449081,0.557808,0.327861,0.379861,0.470918,0.502879,0.278415,0.473828,0.590791,0.543509,0.294584,0.418499,0.247991,0.411017,0.705346,0.539194,0.303892,0.269145,0.365416,0.403586,0.952596,0.000000,0.341135,0.372290,0.551927,0.512018,0.611397,0.663456,0.168401,0.172216,0.295847,0.399684,0.408188,0.418756,0.227316,0.244057,0.214008,0.299352,0.342209,0.307189,0.139464,0.174702,0.507261,0.428092,0.435874,0.522568,0.599580,0.523359,0.524156,0.565524,0.527700,0.536099,0.534440,0.363871,0.538125,0.371765,0.525982,0.497389,0.504359,0.392897,0.432957,0.353902,0.289357,0.285459,0.259346,0.282008,0.570338,0.610865,0.291826,0.423737,0.410294,0.335097,0.426304,0.431897,0.470407,0.640612,0.344923,0.393473,0.001660,0.069466,0.319247,0.354394,0.513207,0.301518,0.380653,0.473670,0.550502,0.215927,0.559950,0.599290
0.566249,0.487053,1.345823,1.127373,0.247239,0.289762,0.964517,0.984920,0.493409,0.316865,0.690042,0.470844,0.774987,0.424404,0.781360,0.524024,0.494432,0.274326,0.668371,0.453583,0.172404,0.341135,0.000000,1.402500,0.919732,0.464246,0.427518,0.436341,0.313672,0.130224,0.647277,0.681385,0.612669,0.619518,0.655880,0.535364,0.397403,0.388181,0.463481,0.586844,0.103122,0.321090,0.586929,0.505932,0.547098,0.637897,0.619974,0.686441,0.517456,0.681759,0.705427,0.521658,0.467002,0.440675,0.655550,0.543468,0.300906,0.494982,0.346234,0.478052,0.589408,0.720248,0.586228,0.486257,0.936347,0.732571,0.633113,0.697036,0.194217,0.357549,0.242279,0.192390,0.351951,0.288043,0.356743,0.289943,0.549628,0.415491,0.068011,0.065183,0.498480,0.453099,0.662930,0.654146,0.843730,0.756491,0.738275,0.771534,0.934509,0.869989
0.527885,0.557757,1.025974,1.518462,0.166090,0.491862,0.721147,1.014525,0.346755,0.401705,0.523383,0.446231,0.561508,0.402706,0.626614,0.564062,0.471809,0.301722,0.581854,0.492238,0.243354,0.372290,1.402500,0.000000,0.723656,0.682869,0.435901,0.524062,0.244257,0.123171,0.475783,0.604815,0.636251,0.664750,0.687947,0.493211,0.408091,0.373479,0.429528,0.536717,0.043362,0.276493,0.625375,0.566140,0.672169,0.759043,0.626941,0.672187,0.581300,0.740627,0.794472,0.545981,0.545634,0.484261,0.692875,0.552754,0.285407,0.537251,0.303050,0.549414,0.539925,0.797179,0.547279,0.482852,0.853358,0.813346,0.613331,0.768189,0.241093,0.388309,0.181475,0.175995,0.317341,0.276076,0.272556,0.291051,0.578305,0.457783,0.053303,0.102600,0.502253,0.397374,0.606410,0.514201,0.822370,0.697790,0.724342,0.815984,0.925861,0.915183
0.586952,0.537956,0.853564,0.633375,0.728831,0.410327,0.658107,0.833859,0.874031,0.688455,0.671152,0.516133,0.584658,0.620779,0.930842,0.601700,0.443119,0.323417,0.594926,0.394700,0.385594,0.551927,0.919732,0.723656,0.000000,0.492827,0.903642,0.749614,0.265549,0.163560,0.511382,0.589340,0.574716,0.555295,0.627537,0.653911,0.453852,0.364365,0.553018,0.655910,0.195611,0.359255,0.556757,0.447343,0.467409,0.536404,0.558461,0.654272,0.579566,0.711603,0.719017,0.671648,0.483809,0.551586,0.617138,0.591323,0.374829,0.501409,0.467859,0.444138,0.573721,0.556029,0.570421,0.383117,0.832791,0.719984,0.669464,0.707135,0.268722,0.417260,0.298330,0.263691,0.380482,0.312883,0.436723,0.394939,0.716346,0.640725,-0.003326,0.320087,0.497383,0.514793,0.741440,0.616372,0.843953,0.904503,0.842502,0.645689,0.976155,0.923619
0.348280,0.321924,0.339322,0.537301,0.147154,1.056364,0.088360,0.405014,0.130690,0.634318,0.324939,0.368412,0.148929,0.279345,0.514474,0.729055,0.422215,0.546605,0.293691,0.382874,0.598489,0.512018,0.464246,0.682869,0.492827,0.000000,0.340410,0.558318,0.427430,0.464535,0.407748,0.526379,0.629010,0.643074,0.460941,0.262175,0.277897,0.460602,0.489685,0.438746,0.331205,0.476961,0.552960,0.523966,0.582209,0.537252,0.483198,0.512498,0.539360,0.524904,0.617499,0.533654,0.522720,0.488087,0.522079,0.506695,0.403327,0.194336,0.383609,0.202057,0.563413,0.332666,0.373287,0.454678,0.473106,0.581435,0.310924,0.384781,0.336927,0.220184,0.472276,0.477006,0.641430,0.473089,0.484366,0.433507,0.586621,0.664480,0.137356,0.387170,0.520786,0.519560,0.409299,0.260176,0.511726,0.427458,0.365054,0.332093,0.578233,0.506907
0.304578,0.277714,0.423664,0.364642,1.203402,0.632293,0.301689,0.461202,0.964356,1.222526,0.368770,0.282751,0.252679,0.379327,0.772844,0.689659,0.166746,0.069467,0.281031,0.203850,0.635639,0.611397,0.427518,0.435901,0.903642,0.340410,0.000000,1.605647,0.061985,-0.046181,0.270367,0.398447,0.286662,0.271698,0.359985,0.441040,0.345253,0.114970,0.371815,0.332774,0.003977,-0.006827,0.389482,0.343411,0.263766,0.398053,0.372052,0.348115,0.432572,0.523714,0.517236,0.484139,0.437907,0.405571,0.506073,0.282296,0.255580,0.272441,0.383784,0.364389,0.350823,0.360911,0.257882,0.153935,0.460304,0.449153,0.442939,0.509882,0.124203,0.218052,0.250903,0.250549,0.228316,0.120726,0.384330,0.388631,0.519538,0.457388,-0.056557,0.176248,0.254824,0.226375,0.562595,0.280482,0.392895,0.402545,0.547386,0.383635,0.637818,0.517082
0.295112,0.266111,0.380997,0.426119,0.937242,0.898853,0.262198,0.483564,0.755563,1.253960,0.343932,0.346168,0.249167,0.382300,0.810606,0.804121,0.214106,0.149105,0.231371,0.218163,0.736394,0.663456,0.436341,0.524062,0.749614,0.558318,1.605647,0.000000,0.148925,0.063353,0.390846,0.573581,0.320655,0.350041,0.344949,0.367833,0.342589,0.186027,0.347838,0.324970,0.090796,0.084966,0.494172,0.445555,0.337078,0.466182,0.457691,0.401155,0.455497,0.512321,0.581942,0.496340,0.572035,0.471455,0.588749,0.333830,0.284562,0.218143,0.371102,0.292363,0.406234,0.380165,0.275193,0.253054,0.463679,0.516615,0.362233,0.466375,0.094024,0.150362,0.405248,0.383534,0.343161,0.262845,0.425625,0.465686,0.491562,0.452602,-0.049300,0.242473,0.323471,0.290208,0.560361,0.219003,0.429344,0.388305,0.552549,0.382807,0.642702,0.504869
0.703360,0.420901,0.361902,0.245629,0.047217,0.332366,0.369448,0.283211,0.135516,0.167739,0.755442,0.710846,0.657610,0.420426,0.651003,0.642361,1.157486,0.842666,0.537926,0.558034,0.151774,0.168401,0.313672,0.244257,0.265549,0.427430,0.061985,0.148925,0.000000,1.162794,0.710505,0.707510,0.819999,0.839972,0.266581,0.169334,0.349698,0.572470,0.507602,0.596722,0.472739,0.669751,0.589139,0.598579,0.520879,0.385693,0.545584,0.602838,0.531527,0.309287,0.565934,0.324923,0.449345,0.485794,0.628956,0.680448,0.554158,0.268839,0.267503,-0.038600,0.648012,0.247576,0.659442,0.707208,0.363916,0.250732,0.243568,0.127563,0.401685,0.256559,0.289104,0.174926,0.803312,0.575815,0.474345,0.418618,0.325985,0.231006,0.551090,0.526651,1.194517,0.914110,0.688530,0.581181,0.699633,0.537691,0.424997,0.358818,0.462591,0.335798
0.541518,0.384456,0.129987,0.157645,-0.021372,0.398221,0.164232,0.270373,0.024431,0.131003,0.440539,0.812792,0.393623,0.589242,0.438327,0.560127,0.800438,1.157797,0.274654,0.415160,0.162898,0.172216,0.130224,0.123171,0.163560,0.464535,-0.046181,0.063353,1.162794,0.000000,0.599682,0.616487,0.601145,0.612848,0.114583,-0.010614,0.085806,0.480479,0.393136,0.396574,0.535532,0.820254,0.393806,0.399580,0.353177,0.218521,0.309697,0.387291,0.385334,0.252731,0.395571,0.386274,0.301000,0.426380,0.366527,0.503438,0.523497,0.176570,0.219106,-0.160889,0.469699,0.110948,0.394851,0.756356,0.189932,0.238262,0.075756,-0.009056,0.412740,0.264155,0.396005,0.347130,0.849342,0.816352,0.448510,0.481787,0.217685,0.284064,0.485608,0.559205,0.838679,1.012535,0.488496,0.433353,0.535223,0.478222,0.290211,0.154424,0.317699,0.230572
0.494088,0.332875,0.397233,0.364763,0.232857,0.383609,0.540336,0.476831,0.334874,0.224202,0.518760,0.519724,0.688677,0.412451,0.714760,0.503886,0.702426,0.540802,0.292112,0.274498,0.186132,0.295847,0.647277,0.475783,0.511382,0.407748,0.270367,0.390846,0.710505,0.599682,0.000000,1.497689,0.506362,0.630615,0.246961,0.136853,0.256948,0.390699,0.404798,0.489000,0.242405,0.622553,0.486049,0.448902,0.410310,0.367032,0.519186,0.518989,0.389471,0.288717,0.500403,0.335375,0.391360,0.377118,0.509007,0.397373,0.411166,0.275036,0.280475,0.004997,0.582465,0.317828,0.562458,0.648512,0.555208,0.479536,0.245490,0.230009,0.131755,0.190420,0.644566,0.510973,0.588856,0.539851,0.413000,0.401280,0.188798,0.201115,0.130858,0.274796,0.695304,0.708241,0.573644,0.539380,0.698852,0.552949,0.550907,0.399962,0.544553,0.381263
0.570394,0.406353,0.475291,0.455480,0.330469,0.493725,0.526888,0.618807,0.387309,0.357276,0.551201,0.722993,0.680787,0.574954,0.795084,0.625068,0.750537,0.650641,0.368940,0.352285,0.348705,0.399684,0.681385,0.604815,0.589340,0.526379,0.398447,0.573581,0.707510,0.616487,1.497689,0.000000,0.559119,0.726153,0.266707,0.148508,0.290652,0.462624,0.445776,0.536076,0.331304,0.675118,0.612333,0.565923,0.489734,0.477233,0.582713,0.575199,0.513175,0.441262,0.653896,0.505304,0.519060,0.513014,0.647399,0.548060,0.491188,0.308902,0.303856,0.024862,0.641306,0.358333,0.544302,0.713960,0.576426,0.546983,0.273496,0.282746,0.200545,0.221978,0.644812,0.591835,0.714135,0.694457,0.459173,0.491487,0.251409,0.262494,0.163516,0.433193,0.745362,0.777740,0.638907,0.494650,0.805829,0.632259,0.608392,0.501955,0.639306,0.480053
1.192495,0.921409,0.713610,0.707764,0.101007,0.427793,0.597621,0.625171,0.274534,0.270922,0.855759,0.672798,0.642197,0.477732,0.704611,0.634005,1.044973,0.758538,1.115572,1.210539,0.233673,0.408188,0.612669,0.636251,0.574716,0.629010,0.286662,0.320655,0.819999,0.601145,0.506362,0.559119,0.000000,1.727859,0.708392,0.541991,0.571130,0.655141,0.709362,0.789247,0.356290,0.560673,0.727855,0.717938,0.952495,0.725010,0.793013,0.862209,0.780994,0.557381,0.856337,0.438049,0.604805,0.490335,0.808502,0.739097,0.716862,0.773002,0.569084,0.516914,0.882692,0.657835,0.934274,0.812009,0.703412,0.549521,0.824581,0.699461,0.616167,0.699417,0.053053,-0.013427,0.558921,0.460783,0.304608,0.543461,0.689577,0.583105,0.314766,0.306604,1.158222,0.910086,0.847091,0.800653,1.072470,0.919229,0.777798,0.566817,0.906249,0.795665
1.114451,0.879005,0.670514,0.720400,0.078197,0.455392,0.639730,0.670607,0.250265,0.248170,0.684266,0.700296,0.591419,0.452568,0.666133,0.644522,1.116348,0.758259,0.981066,1.158376,0.247581,0.418756,0.619518,0.664750,0.555295,0.643074,0.271698,0.350041,0.839972,0.612848,0.630615,0.726153,1.727859,0.000000,0.722275,0.524548,0.600042,0.735521,0.666058,0.836174,0.378373,0.576905,0.775103,0.754036,1.025903,0.791331,0.880838,0.899832,0.792523,0.544475,0.902359,0.431030,0.674710,0.516660,0.915422,0.774301,0.735497,0.735534,0.602224,0.470563,0.982563,0.728433,1.030160,0.882303,0.782866,0.623061,0.811371,0.712752,0.529939,0.630939,0.088013,0.030343,0.570785,0.519517,0.309932,0.652791,0.655443,0.586426,0.283576,0.372221,1.296232,0.943976,0.870938,0.839001,1.154437,0.929989,0.854592,0.640451,0.962115,0.810413
0.464947,0.290398,0.683899,0.705605,0.162204,0.304828,0.599769,0.583743,0.254205,0.292005,0.529387,0.317064,0.414436,0.277794,0.482794,0.470603,0.318207,0.204966,0.643628,0.549832,0.120019,0.227316,0.655880,0.687947,0.627537,0.460941,0.359985,0.344949,0.266581,0.114583,0.246961,0.266707,0.708392,0.722275,0.000000,1.255304,0.621430,0.337571,0.412157,0.474685,0.153591,0.133385,0.722215,0.587790,0.588752,0.654979,0.590283,0.698288,0.395574,0.493675,0.558731,0.356415,0.479715,0.403148,0.546774,0.418566,0.209374,0.281691,0.587315,0.634883,0.669710,0.732683,0.581647,0.363501,0.923827,0.762471,0.780228,0.790553,0.174032,0.249123,-0.112932,-0.158820,0.235916,0.191883,0.280518,0.345206,0.817660,0.583793,0.170231,0.129670,0.474470,0.315552,0.456876,0.380389,0.600593,0.535331,0.444751,0.368683,0.675020,0.583324
0.390717,0.254099,0.608008,0.551907,0.298899,0.190020,0.587154,0.490924,0.395617,0.317323,0.495628,0.293993,0.359257,0.286818,0.470880,0.385520,0.271390,0.101782,0.600269,0.472394,0.159346,0.244057,0.535364,0.493211,0.653911,0.262175,0.441040,0.367833,0.169334,-0.010614,0.136853,0.148508,0.541991,0.524548,1.255304,0.000000,0.631673,0.290557,0.329185,0.424596,0.157494,0.088373,0.512043,0.390017,0.385131,0.468071,0.454011,0.573750,0.228756,0.353718,0.381208,0.207938,0.329822,0.292851,0.441384,0.328396,0.190401,0.287105,0.521364,0.609617,0.569315,0.676535,0.571202,0.217442,0.782085,0.617170,0.742625,0.750187,0.136522,0.285559,-0.108242,-0.178086,0.141961,0.099943,0.280788,0.298474,0.737614,0.559989,0.122639,0.111007,0.387872,0.230116,0.428723,0.380911,0.463670,0.482572,0.429852,0.297326,0.585952,0.525178
0.409215,0.255386,0.512308,0.339077,0.232027,0.261566,0.532478,0.267673,0.334553,0.228451,0.389150,0.230364,0.391999,0.168630,0.420526,0.307338,0.398991,0.157733,0.555177,0.477143,0.192586,0.214008,0.397403,0.408091,0.453852,0.277897,0.345253,0.342589,0.349698,0.085806,0.256948,0.290652,0.571130,0.600042,0.621430,0.631673,0.000000,0.633487,0.588463,0.687482,0.214770,0.193635,0.584162,0.600629,0.489311,0.463403,0.637267,0.614114,0.431379,0.310556,0.571635,0.218910,0.586483,0.434915,0.727460,0.420602,0.184435,0.271340,0.379655,0.366119,0.500816,0.381308,0.636745,0.218338,0.615039,0.336870,0.496473,0.443826,0.044047,0.151034,-0.133583,-0.143073,0.159145,0.092062,0.187152,0.240246,0.419707,0.321611,0.061264,0.031548,0.476414,0.198470,0.433794,0.339981,0.504897,0.372746,0.520746,0.472341,0.528807,0.417934
0.595986,0.514691,0.471274,0.399741,0.004116,0.307535,0.451227,0.412350,0.113733,0.120716,0.391005,0.540661,0.427764,0.410529,0.422979,0.347217,0.525218,0.474313,0.504265,0.558581,0.217303,0.299352,0.388181,0.373479,0.364365,0.460602,0.114970,0.186027,0.572470,0.480479,0.390699,0.462624,0.655141,0.735521,0.337571,0.290557,0.633487,0.000000,0.585041,0.858967,0.448833,0.663539,0.573253,0.656066,0.624422,0.527033,0.603606,0.695089,0.637939,0.453754,0.711569,0.442075,0.611466,0.584592,0.693279,0.762699,0.431959,0.357585,0.407691,0.217189,0.595855,0.398656,0.574288,0.513731,0.412223,0.304478,0.402226,0.313563,0.318525,0.267551,0.114738,0.110558,0.404465,0.422035,0.275254,0.376379,0.425689,0.424463,0.124810,0.317674,0.599289,0.534944,0.513029,0.461108,0.629182,0.547399,0.515874,0.502324,0.597737,0.534214
0.595120,0.458129,0.436318,0.320614,0.199461,0.377067,0.307566,0.273350,0.298154,0.320277,0.519023,0.332765,0.369373,0.302017,0.548196,0.420626,0.560082,0.424882,0.543868,0.518801,0.238782,0.342209,0.463481,0.429528,0.553018,0.489685,0.371815,0.347838,0.507602,0.393136,0.404798,0.445776,0.709362,0.666058,0.412157,0.329185,0.588463,0.585041,0.000000,1.138616,0.371411,0.435024,0.491083,0.538777,0.553013,0.444490,0.565228,0.517894,0.523815,0.436126,0.602781,0.355519,0.432290,0.357400,0.769415,0.554906,0.486262,0.418298,0.342030,0.265642,0.439953,0.296971,0.523204,0.409538,0.421576,0.278736,0.480970,0.352469,0.472234,0.432789,0.141901,0.134845,0.437446,0.332183,0.380525,0.319388,0.476200,0.482786,0.425282,0.158124,0.604273,0.500629,0.705755,0.658871,0.647849,0.487755,0.564190,0.609047,0.633075,0.549942
0.709134,0.571350,0.635347,0.490474,0.214113,0.332494,0.552108,0.460259,0.368594,0.283128,0.525118,0.415554,0.508463,0.357698,0.554043,0.405593,0.639508,0.384505,0.625690,0.587962,0.175611,0.307189,0.586844,0.536717,0.655910,0.438746,0.332774,0.324970,0.596722,0.396574,0.489000,0.536076,0.789247,0.836174,0.474685,0.424596,0.687482,0.858967,1.138616,0.000000,0.415516,0.600196,0.572322,0.585482,0.696259,0.593845,0.665281,0.716941,0.686576,0.520211,0.768095,0.432165,0.535356,0.493643,0.928892,0.929765,0.565048,0.566334,0.479225,0.392169,0.670609,0.549719,0.830977,0.586969,0.591543,0.430057,0.661248,0.524583,0.479417,0.486689,0.104722,0.097280,0.363977,0.318711,0.339186,0.329061,0.510402,0.525218,0.254949,0.321653,0.766581,0.544778,0.795437,0.780994,0.797904,0.679085,0.774268,0.860721,0.871335,0.802930
0.339274,0.254312,0.118062,0.074119,0.033842,0.260372,0.075293,0.189649,0.090147,0.157709,0.338743,0.477122,0.182631,0.393522,0.278204,0.234659,0.424425,0.487169,0.257628,0.306258,0.198508,0.139464,0.103122,0.043362,0.195611,0.331205,0.003977,0.090796,0.472739,0.535532,0.242405,0.331304,0.356290,0.378373,0.153591,0.157494,0.214770,0.448833,0.371411,0.415516,0.000000,0.647346,0.325780,0.280988,0.217281,0.120860,0.217561,0.271493,0.236513,0.152320,0.287209,0.287062,0.289010,0.355065,0.351409,0.440065,0.255175,0.107450,0.111043,-0.084470,0.273103,0.127684,0.237331,0.392133,0.142666,0.170688,0.053821,0.005012,0.260660,0.160631,0.225316,0.263892,0.590059,0.685487,0.395810,0.280492,0.197633,0.265506,0.420686,0.484391,0.472937,0.555466,0.405362,0.365606,0.436684,0.398016,0.310196,0.187570,0.240986,0.273401
0.505732,0.431306,0.303990,0.237541,-0.014802,0.310510,0.300931,0.337255,0.090681,0.076687,0.449616,0.621870,0.496535,0.625520,0.417568,0.338596,0.649540,0.831822,0.309137,0.342890,0.158756,0.174702,0.321090,0.276493,0.359255,0.476961,-0.006827,0.084966,0.669751,0.820254,0.622553,0.675118,0.560673,0.576905,0.133385,0.088373,0.193635,0.663539,0.435024,0.600196,0.647346,0.000000,0.339070,0.359808,0.386564,0.256313,0.254898,0.405029,0.395537,0.307085,0.464748,0.422494,0.269054,0.436998,0.337620,0.611647,0.390494,0.252121,0.184785,-0.049271,0.430135,0.175299,0.415356,0.657137,0.300957,0.341928,0.155112,0.058914,0.384556,0.293375,0.376870,0.417885,0.671747,0.709498,0.325243,0.309411,0.210595,0.335035,0.186214,0.431483,0.634843,0.738090,0.350137,0.407722,0.681314,0.582500,0.366712,0.352523,0.451766,0.379438
0.595470,0.464937,0.658477,0.614244,0.220586,0.525484,0.588032,0.613735,0.295646,0.408320,0.641167,0.599634,0.594330,0.452992,0.762485,0.771366,0.595263,0.407807,0.614753,0.572312,0.386351,0.507261,0.586929,0.625375,0.556757,0.552960,0.389482,0.494172,0.589139,0.393806,0.486049,0.612333,0.727855,0.775103,0.722215,0.512043,0.584162,0.573253,0.491083,0.572322,0.325780,0.339070,0.000000,1.549411,0.881721,1.016458,1.321855,1.407718,0.924727,0.896417,1.201817,0.805453,1.075429,1.027664,1.075099,0.802760,0.375683,0.305172,0.416347,0.354075,0.654627,0.547592,0.591800,0.580866,0.588613,0.525586,0.578517,0.588424,0.178939,0.172444,0.256645,0.209951,0.670669,0.601670,0.618587,0.634135,0.682424,0.536188,0.286285,0.232227,0.682087,0.507145,0.723039,0.377028,0.757373,0.564004,0.638921,0.449616,0.696927,0.584477
0.568686,0.486503,0.572398,0.529557,0.144333,0.514735,0.501232,0.478747,0.220748,0.360583,0.527613,0.510755,0.513088,0.360368,0.644587,0.689619,0.575725,0.437956,0.566665,0.537950,0.317411,0.428092,0.505932,0.566140,0.447343,0.523966,0.343411,0.445555,0.598579,0.399580,0.448902,0.565923,0.717938,0.754036,0.587790,0.390017,0.600629,0.656066,0.538777,0.585482,0.280988,0.359808,1.549411,0.000000,0.953105,1.160613,1.096843,1.160967,0.997744,0.876892,1.179634,0.769887,0.876178,0.922513,0.955806,0.764884,0.347994,0.332068,0.267825,0.247546,0.486578,0.405647,0.489053,0.497251,0.453291,0.403167,0.478699,0.485273,0.211331,0.177520,0.149917,0.141067,0.596973,0.518577,0.506032,0.537894,0.544392,0.429148,0.229897,0.186959,0.646047,0.467656,0.662695,0.364952,0.715204,0.529593,0.589010,0.509806,0.590393,0.517031
0.800396,0.782512,0.651877,0.763310,0.033876,0.485703,0.628443,0.613934,0.226619,0.264489,0.547309,0.433673,0.568933,0.315997,0.543677,0.503416,0.731602,0.434534,0.725077,0.721139,0.252931,0.435874,0.547098,0.672169,0.467409,0.582209,0.263766,0.337078,0.520879,0.353177,0.410310,0.489734,0.952495,1.025903,0.588752,0.385131,0.489311,0.624422,0.553013,0.696259,0.217281,0.386564,0.881721,0.953105,0.000000,1.477800,0.883030,0.845964,1.119786,0.811357,1.069473,0.554287,0.629283,0.452757,0.880084,0.684176,0.478813,0.698988,0.359738,0.459851,0.651436,0.659180,0.719186,0.564129,0.608865,0.518370,0.712995,0.742291,0.406716,0.482681,0.121453,0.064491,0.483877,0.375002,0.304559,0.580246,0.611981,0.572270,0.191145,0.177331,0.813481,0.569084,0.757062,0.646873,0.932078,0.740777,0.854653,0.700931,0.806556,0.810103
0.601677,0.634944,0.709331,0.862433,0.165362,0.529434,0.650704,0.716615,0.338563,0.387499,0.467532,0.381999,0.521918,0.313228,0.615429,0.558533,0.518450,0.295435,0.567365,0.512965,0.307787,0.522568,0.637897,0.759043,0.536404,0.537252,0.398053,0.466182,0.385693,0.218521,0.367032,0.477233,0.725010,0.791331,0.654979,0.468071,0.463403,0.527033,0.444490,0.593845,0.120860,0.256313,1.016458,1.160613,1.477800,0.000000,0.929627,0.985488,1.123842,1.131717,1.094362,0.740109,0.670074,0.591219,0.865355,0.705308,0.353304,0.580935,0.369098,0.547397,0.564279,0.723573,0.589066,0.481140,0.627729,0.624269,0.750546,0.897311,0.257886,0.363234,0.110739,0.072348,0.391150,0.323244,0.356966,0.563601,0.583649,0.539486,0.097867,0.102445,0.629549,0.444343,0.721588,0.525866,0.766969,0.707747,0.773767,0.599538,0.827660,0.813768
0.809627,0.626529,0.679120,0.663943,0.183000,0.405123,0.653155,0.645789,0.367114,0.305804,0.576422,0.547082,0.519718,0.349313,0.726131,0.662414,0.673906,0.374655,0.741034,0.738853,0.386190,0.599580,0.619974,0.626941,0.558461,0.483198,0.372052,0.457691,0.545584,0.309697,0.519186,0.582713,0.793013,0.880838,0.590283,0.454011,0.637267,0.603606,0.565228,0.665281,0.217561,0.254898,1.321855,1.096843,0.883030,0.929627,0.000000,1.717543,0.872791,0.768787,1.049816,0.574610,1.113433,0.816464,1.240368,0.839303,0.628696,0.555130,0.640452,0.576262,0.784194,0.619119,0.723500,0.602471,0.602816,0.470377,0.861793,0.818408,0.326544,0.425723,0.182599,0.078034,0.441934,0.424592,0.444380,0.596775,0.556641,0.458948,0.219572,0.143135,0.761796,0.536060,0.781773,0.543536,0.762478,0.647976,0.800499,0.494411,0.806294,0.720028
0.815191,0.642291,0.754977,0.721525,0.163289,0.396139,0.696792,0.707933,0.341329,0.304578,0.661934,0.604369,0.580982,0.450414,0.755008,0.659340,0.679190,0.430777,0.748882,0.705586,0.324736,0.523359,0.686441,0.672187,0.654272,0.512498,0.348115,0.401155,0.602838,0.387291,0.518989,0.575199,0.862209,0.899832,0.698288,0.573750,0.614114,0.695089,0.517894,0.716941,0.271493,0.405029,1.407718,1.160967,0.845964,0.985488,1.717543,0.000000,0.879246,0.907447,1.077674,0.681626,0.990949,1.029785,1.048869,1.026547,0.575671,0.539021,0.647092,0.593233,0.836115,0.680026,0.756113,0.648243,0.705024,0.571316,0.905543,0.860977,0.357667,0.440413,0.155423,0.088585,0.452906,0.418513,0.469312,0.554450,0.652876,0.554784,0.201998,0.216779,0.792055,0.573744,0.764702,0.564897,0.831030,0.752951,0.760545,0.468470,0.880611,0.785855
0.710053,0.774353,0.625078,0.642396,0.292075,0.589849,0.500282,0.645214,0.405067,0.466051,0.540393,0.543719,0.552194,0.457845,0.701038,0.667263,0.639571,0.448622,0.590253,0.590030,0.330407,0.524156,0.517456,0.581300,0.579566,0.539360,0.432572,0.455497,0.531527,0.385334,0.389471,0.513175,0.780994,0.792523,0.395574,0.228756,0.431379,0.637939,0.523815,0.686576,0.236513,0.395537,0.924727,0.997744,1.119786,1.123842,0.872791,0.879246,0.000000,1.154392,1.609513,1.104186,0.947938,0.821386,1.016692,0.906161,0.421133,0.520715,0.348262,0.383573,0.512656,0.509069,0.565606,0.640393,0.428929,0.435019,0.533147,0.555927,0.350189,0.342382,0.219311,0.186371,0.615885,0.468205,0.511728,0.551998,0.636820,0.604136,0.134066,0.266947,0.686186,0.574917,0.838991,0.531586,0.810915,0.709012,0.857582,0.653297,0.800268,0.768935
