0.000000,0.835153,0.261881,0.597849,0.180535,0.233994,0.431757,0.495075,0.238307,0.387809,0.390822,0.508429,0.403044,0.568442,0.374877,0.476756,0.549449,0.466432,0.693635,0.737733,0.429022,0.201550,0.131382,0.246200,0.019020,0.181978,0.009962,0.110486,0.287402,0.366925,0.285815,0.397152,0.434722,0.414533,-0.030727,0.113751,0.072642,0.334546,-0.001283,0.168581,0.224422,0.261189,0.553409,0.541132,0.434840,0.432474,0.462386,0.536472,0.354134,0.346501,0.271498,0.248170,0.316399,0.176115,0.318570,0.414504,1.224634,0.683882,0.540667,0.461939,0.432099,0.399611,0.341085,0.488614,-0.196125,0.291144,0.263104,0.251174,0.531479,0.628989,0.282753,0.201789,0.631245,0.404221,0.599928,0.431437,0.592571,0.529214,0.211537,0.119453,0.435072,0.333541,0.363353,0.233771,0.351740,0.216089,0.169880,0.106808,0.301158,0.494389
0.835153,0.000000,0.238770,0.575636,0.329051,0.409907,0.235858,0.464232,0.197737,0.401228,0.190205,0.686903,0.161502,0.654791,0.254137,0.579655,0.349074,0.645134,0.515933,0.760344,0.466876,0.223206,0.086588,0.152841,0.123599,0.155076,0.284348,0.372870,0.157345,0.451387,0.209695,0.273404,0.384226,0.387344,-0.003629,0.151167,-0.150156,0.458575,-0.035912,0.311847,0.041047,0.318090,0.450484,0.542649,0.427694,0.464378,0.386113,0.544666,0.377726,0.414515,0.184902,0.330731,0.365002,0.273488,0.377734,0.442624,0.923097,0.978009,0.506196,0.509052,0.312512,0.419853,0.298312,0.552768,-0.191419,0.201855,0.282064,0.298662,0.467497,0.840735,0.018412,-0.039836,0.449508,0.554452,0.547855,0.481661,0.431201,0.367608,0.193767,0.225161,0.392439,0.376075,0.224569,0.268309,0.232117,0.262788,0.013010,0.140326,0.311392,0.444035
0.261881,0.238770,0.000000,0.668133,0.430010,0.379529,0.758155,0.368706,0.552588,0.244351,0.091112,0.130029,0.170181,0.149480,0.368635,0.300443,0.110285,0.178386,0.414524,0.397065,0.194124,0.232166,0.882604,0.488240,0.399027,0.134201,0.140390,0.115885,0.101396,0.153778,0.295117,0.384901,0.506912,0.480721,0.339401,0.360803,0.325545,0.101414,0.244806,0.098780,0.212267,0.071041,0.360019,0.411213,0.402297,0.363544,0.462944,0.559431,0.378450,0.367622,0.418157,0.412385,0.341696,0.462565,0.233737,0.513231,0.235472,0.198429,0.298953,0.203138,0.158877,-0.000410,0.158176,0.143946,0.285201,0.168946,0.617356,0.484778,0.368799,0.376557,0.306362,0.242427,0.328645,0.105739,0.208053,0.053448,0.534221,0.557785,0.168718,0.071703,0.265086,0.329137,0.280433,0.154084,0.419924,0.360426,0.197658,-0.134480,0.522352,0.537251
0.597849,0.575636,0.668133,0.000000,0.391089,0.443671,0.674147,0.911475,0.625058,0.442847,0.173175,0.476550,0.291806,0.504283,0.448343,0.592192,0.313893,0.413393,0.541942,0.852782,0.376180,0.237010,0.508390,0.611543,0.111756,0.176047,0.111073,0.073601,0.146778,0.309652,0.250041,0.437499,0.579053,0.621683,-0.027664,0.151172,0.129688,0.176723,0.056086,0.111085,0.226478,0.125968,0.448147,0.512981,0.412494,0.403996,0.531910,0.533922,0.447605,0.408842,0.522181,0.464864,0.425013,0.370405,0.331959,0.440588,0.535698,0.438669,0.393075,0.407380,0.304939,0.343203,0.382193,0.460277,-0.000905,0.356012,0.451797,0.545873,0.448374,0.691922,0.490023,0.366863,0.586875,0.396746,0.551744,0.285119,0.689792,0.680681,0.190778,0.197882,0.509640,0.433854,0.333246,0.297843,0.726586,0.483650,0.162856,-0.023450,0.443058,0.615674
0.180535,0.329051,0.430010,0.391089,0.000000,0.823110,0.392280,0.214139,0.699329,0.437902,0.062861,0.138879,0.065539,0.135966,0.319649,0.343991,-0.008502,0.018121,0.043912,0.117136,0.268135,0.214409,0.268525,0.018455,0.467335,0.030510,0.748607,0.688750,-0.087025,-0.021118,0.168373,0.142071,0.103906,0.074306,0.162275,0.251197,-0.017858,0.307527,0.115427,0.055710,-0.068898,0.049402,0.172975,0.221009,0.223036,0.138906,0.289962,0.246825,0.227682,0.158332,0.357326,0.390216,0.371471,0.435870,0.394149,0.341722,0.243821,0.143609,0.422676,0.302885,0.194914,0.093969,0.072930,0.045360,0.148127,0.164595,0.471705,0.426790,0.091322,0.243596,0.067797,0.099926,0.217126,0.096095,0.251539,0.173031,0.289157,0.202696,0.004707,-0.010563,-0.017856,0.062820,0.091659,-0.044847,0.291520,0.393638,0.053223,0.008830,0.463670,0.541094
0.233994,0.409907,0.379529,0.443671,0.823110,0.000000,0.344289,0.400517,0.680211,0.699577,0.068833,0.279936,0.100695,0.318382,0.314698,0.420058,0.002937,0.202362,0.233646,0.337372,0.225837,0.336613,0.224279,0.069458,0.276939,0.157531,0.443036,0.591863,0.021003,0.130971,0.139925,0.154055,0.199802,0.258494,0.040533,0.176466,0.108727,0.314914,0.179995,0.246677,0.009497,0.021577,0.291798,0.432186,0.330757,0.340485,0.492038,0.387491,0.402383,0.330182,0.382124,0.433092,0.521048,0.446102,0.432911,0.478864,0.330650,0.284868,0.459189,0.444635,0.221889,0.249045,0.068661,0.201755,0.037557,0.174182,0.434017,0.437967,0.283153,0.407031,0.149454,0.113140,0.115976,0.294254,0.211337,0.283449,0.291618,0.275668,0.050067,0.055387,0.152644,0.189790,0.198863,0.195672,0.269602,0.341221,0.101446,0.043518,0.503671,0.562109
0.431757,0.235858,0.758155,0.674147,0.392280,0.344289,0.000000,0.818710,0.870899,0.506722,0.360644,0.390132,0.527827,0.365406,0.546647,0.347863,0.225146,0.209755,0.457612,0.476512,0.232232,0.066906,0.710706,0.509897,0.094394,0.166756,0.145405,-0.004115,0.280882,0.228579,0.409321,0.337930,0.558212,0.521173,0.153911,0.252576,0.114764,0.106613,0.044959,0.004689,0.005573,0.016120,0.440571,0.458836,0.478605,0.479980,0.527562,0.516189,0.433438,0.400933,0.380535,0.386288,0.349645,0.344733,0.284744,0.424441,0.403165,0.153766,0.612034,0.396238,0.691676,0.479043,0.492286,0.452871,0.431505,0.599883,0.549609,0.376770,0.146165,0.287488,0.325643,0.325200,0.449018,0.120755,0.443531,0.220078,0.477064,0.457249,0.111388,0.116096,0.199879,0.299389,0.173732,-0.004802,0.352759,0.322595,-0.030287,-0.158192,0.561468,0.480836
0.495075,0.464232,0.368706,0.911475,0.214139,0.400517,0.818710,0.000000,0.684734,0.713880,0.240951,0.802067,0.333321,0.646462,0.383105,0.432315,0.370045,0.655566,0.536899,0.880527,0.299944,0.153909,0.269427,0.394739,-0.025967,0.079462,0.035322,0.002563,0.278087,0.578377,0.165495,0.256199,0.605444,0.728120,-0.167670,0.011807,-0.014787,0.112162,-0.190629,0.009379,0.065722,0.043744,0.535950,0.532128,0.548987,0.582850,0.569043,0.496993,0.519315,0.485593,0.419863,0.412557,0.392523,0.264358,0.220575,0.276040,0.465997,0.394886,0.602126,0.661175,0.623204,0.992842,0.633412,0.987762,0.159756,0.821734,0.400227,0.446945,0.256763,0.566909,0.312859,0.270851,0.385832,0.472951,0.574268,0.363323,0.373319,0.429439,0.202714,0.327169,0.506699,0.550179,0.185326,0.267802,0.446302,0.311006,-0.157184,-0.209605,0.362890,0.324499
0.238307,0.197737,0.552588,0.625058,0.699329,0.680211,0.870899,0.684734,0.000000,0.707418,0.246147,0.229370,0.393711,0.301091,0.647706,0.419432,0.196251,0.120367,0.237075,0.351172,0.159815,0.099163,0.442163,0.267926,0.185126,0.095016,0.255749,0.103781,0.171393,0.157780,0.227284,0.189097,0.418709,0.393261,0.149641,0.240838,0.181941,0.116915,0.093354,0.000688,-0.032530,-0.016045,0.352657,0.401609,0.459270,0.368272,0.521320,0.385788,0.387600,0.286977,0.458524,0.395246,0.369591,0.374451,0.380598,0.350295,0.258839,0.114924,0.490664,0.362314,0.458756,0.450819,0.394809,0.308667,0.419175,0.495024,0.554823,0.494225,0.125031,0.318313,0.250352,0.216308,0.315268,0.160494,0.402201,0.310700,0.461777,0.386276,0.110762,0.066804,0.208533,0.216051,0.297810,0.155820,0.394798,0.242034,0.162551,-0.025805,0.525467,0.435663
0.387809,0.401228,0.244351,0.442847,0.437902,0.699577,0.506722,0.713880,0.707418,0.000000,0.185681,0.411610,0.323794,0.444389,0.371569,0.459536,0.204857,0.265871,0.196529,0.402791,0.100056,0.035661,0.060820,0.122592,0.081115,0.037967,0.140709,0.189103,0.204260,0.291029,0.019650,0.059038,0.161190,0.259233,-0.041091,0.070625,0.025203,0.143867,-0.048562,0.102900,-0.073035,-0.005436,0.307255,0.386396,0.448961,0.385174,0.495076,0.336414,0.356248,0.312362,0.326610,0.346763,0.403189,0.303955,0.293112,0.238849,0.397204,0.306504,0.606563,0.493038,0.599357,0.690288,0.329987,0.482436,0.219921,0.632899,0.370493,0.306401,0.160694,0.342090,0.060802,0.051395,0.095953,0.230430,0.231021,0.244359,0.205139,0.216672,0.110726,0.127795,0.191804,0.196680,0.141953,0.063721,0.193551,0.156980,-0.061711,-0.044895,0.385261,0.315178
0.390822,0.190205,0.091112,0.173175,0.062861,0.068833,0.360644,0.240951,0.246147,0.185681,0.000000,0.496612,1.077509,0.484545,0.471438,0.156071,0.483098,0.197154,0.568587,0.412811,0.295732,0.275690,0.287319,0.180373,0.149174,0.297660,-0.016341,-0.096856,0.816630,0.278942,0.603350,0.368957,0.343493,0.226969,0.016258,0.209722,0.254346,0.039097,0.090570,0.034181,-0.139599,-0.112343,0.462298,0.266099,0.342629,0.245635,0.396115,0.372420,0.208001,0.160091,-0.023155,0.049757,0.166816,0.143693,0.209263,0.111306,0.429252,0.185491,0.202644,0.097296,0.580094,0.362660,0.518947,0.336037,0.085278,0.257826,0.008903,-0.040160,0.149995,0.172312,0.154634,0.102475,0.404759,0.165769,0.292940,0.143613,0.381133,0.292578,0.174324,-0.003468,0.264571,-0.125747,0.167942,-0.014170,-0.160032,-0.255753,-0.020914,0.026736,0.181522,0.050717
0.508429,0.686903,0.130029,0.476550,0.138879,0.279936,0.390132,0.802067,0.229370,0.411610,0.496612,0.000000,0.408332,1.180902,0.302998,0.550666,0.280057,0.811583,0.582008,0.770398,0.376198,0.212511,0.084984,0.152951,0.051747,0.070182,0.170938,0.105853,0.363582,0.683872,0.197710,0.236589,0.387504,0.402387,-0.215139,-0.017919,-0.107554,0.186379,-0.226629,0.172008,-0.013734,0.028872,0.596993,0.576864,0.538637,0.590595,0.501052,0.544165,0.566488,0.561285,0.277286,0.443344,0.375323,0.280348,0.257586,0.295042,0.497868,0.457158,0.513313,0.601313,0.552812,0.774343,0.500406,0.924486,-0.132546,0.479921,0.092975,0.198196,0.197312,0.517448,0.068933,0.103711,0.354604,0.570316,0.444530,0.364275,0.296484,0.317721,0.154555,0.349586,0.443939,0.410589,0.107674,0.286631,0.152390,0.224840,-0.261694,-0.099500,0.244489,0.283743
0.403044,0.161502,0.170181,0.291806,0.065539,0.100695,0.527827,0.333321,0.393711,0.323794,1.077509,0.408332,0.000000,0.558541,0.780321,0.363486,0.527544,0.200706,0.560275,0.421227,0.131327,0.087838,0.300086,0.243530,-0.050843,0.208818,-0.180542,-0.211707,0.673365,0.200641,0.310979,0.218076,0.327076,0.227148,0.018140,0.147812,0.384375,0.062134,0.233454,0.152145,-0.000391,0.037057,0.472122,0.332912,0.372272,0.283079,0.452598,0.398645,0.242469,0.191918,0.102196,0.103171,0.186528,0.155021,0.271823,0.145332,0.353251,0.157997,0.241821,0.121643,0.559945,0.356534,0.486164,0.369735,0.099860,0.307708,0.074761,0.027452,0.169578,0.180336,0.169001,0.121992,0.473743,0.187259,0.309918,0.234568,0.417290,0.335154,0.262916,0.044498,0.356257,0.037925,0.363783,0.165998,0.016819,-0.099136,0.215025,0.234490,0.185111,0.137942
0.568442,0.654791,0.149480,0.504283,0.135966,0.318382,0.365406,0.646462,0.301091,0.444389,0.484545,1.180902,0.558541,0.000000,0.472944,0.785991,0.397905,0.697636,0.574715,0.782583,0.315995,0.169222,0.093175,0.209206,0.028393,0.159995,0.133998,0.067338,0.409622,0.609587,0.127486,0.200309,0.411467,0.403519,-0.117214,0.085716,0.027741,0.239549,-0.130684,0.222673,0.129186,0.014448,0.704327,0.682618,0.700776,0.672358,0.655758,0.630376,0.644688,0.622363,0.409197,0.525927,0.425490,0.273616,0.414367,0.337974,0.523230,0.392829,0.529424,0.607586,0.449247,0.645003,0.558367,0.843071,-0.180524,0.400832,0.198514,0.374421,0.291727,0.587178,0.028976,-0.000793,0.486627,0.536949,0.480023,0.483205,0.418753,0.376740,0.177079,0.313778,0.557917,0.379341,0.267800,0.458664,0.227127,0.247586,-0.030040,0.066270,0.188365,0.321011
0.374877,0.254137,0.368635,0.448343,0.319649,0.314698,0.546647,0.383105,0.647706,0.371569,0.471438,0.302998,0.780321,0.472944,0.000000,0.753997,0.607556,0.265045,0.400468,0.521484,0.165817,0.040075,0.311637,0.292988,0.126639,0.237941,0.136956,0.032411,0.563578,0.351621,0.117489,0.130807,0.284642,0.216213,0.024065,0.098102,0.228496,0.372677,0.093376,0.045935,-0.051172,0.029211,0.550303,0.419986,0.451245,0.315834,0.505300,0.527461,0.397566,0.278408,0.273152,0.278967,0.401116,0.316786,0.560279,0.243367,0.389377,0.066556,0.287286,0.199251,0.349344,0.294947,0.380565,0.332737,0.043540,0.282178,0.108823,0.171123,0.219983,0.422989,0.022810,-0.019521,0.525722,0.179500,0.524394,0.442816,0.377066,0.258167,0.376076,0.348093,0.431411,0.168168,0.696182,0.341392,0.266933,0.073565,0.326367,0.082317,0.458445,0.340600
0.476756,0.579655,0.300443,0.592192,0.343991,0.420058,0.347863,0.432315,0.419432,0.459536,0.156071,0.550666,0.363486,0.785991,0.753997,0.000000,0.345666,0.399775,0.332442,0.569858,0.405343,0.154990,0.258169,0.306462,0.114123,0.230736,0.227434,0.241701,0.211824,0.488280,0.095206,0.270196,0.276144,0.273406,-0.020529,0.016875,0.102889,0.503983,0.079471,0.359386,0.202459,0.199620,0.495296,0.617721,0.502146,0.550635,0.543433,0.642797,0.589415,0.538751,0.464381,0.574389,0.478041,0.404426,0.541727,0.550322,0.394858,0.312452,0.448942,0.472896,0.166196,0.300476,0.220512,0.435507,-0.126498,0.251948,0.246910,0.383137,0.357297,0.592490,0.099840,0.107893,0.420157,0.366161,0.374450,0.415677,0.380865,0.403114,0.176349,0.352323,0.409420,0.390673,0.637636,0.513961,0.420622,0.445266,0.296594,0.182936,0.401373,0.635294
0.549449,0.349074,0.110285,0.313893,-0.008502,0.002937,0.225146,0.370045,0.196251,0.204857,0.483098,0.280057,0.527544,0.397905,0.607556,0.345666,0.000000,0.583000,0.430463,0.545000,0.346445,0.205220,0.122352,0.267889,0.150242,0.325703,-0.092773,-0.068411,0.816640,0.692253,0.159829,0.231252,0.270779,0.223946,0.022144,0.138186,0.104083,0.246044,-0.083358,-0.064601,0.050444,0.135142,0.531911,0.345622,0.417556,0.245239,0.242419,0.453951,0.171191,0.137558,0.043137,0.025926,0.083502,0.041267,0.191789,-0.001494,0.578739,0.370472,0.063420,0.026451,0.091509,0.260855,0.651448,0.498710,-0.079740,0.260725,0.080507,0.185698,0.216860,0.388888,0.057148,-0.065050,0.606041,0.314721,0.510468,0.331858,0.337603,0.233109,0.830881,0.516067,0.814067,0.362010,0.589100,0.326785,0.153631,-0.081945,0.170510,-0.005249,0.102484,0.012810
0.466432,0.645134,0.178386,0.413393,0.018121,0.202362,0.209755,0.655566,0.120367,0.265871,0.197154,0.811583,0.200706,0.697636,0.265045,0.399775,0.583000,0.000000,0.536443,0.839458,0.269596,0.213922,0.032883,0.198823,0.061433,0.115761,0.010837,0.078127,0.437106,0.883273,0.094848,0.185614,0.521656,0.537576,-0.231479,-0.039571,-0.009583,0.206040,-0.144780,0.136641,0.189904,0.144385,0.671678,0.597387,0.541454,0.611429,0.356956,0.518417,0.505060,0.534753,0.180103,0.317315,0.208040,0.138527,0.201407,0.194373,0.531152,0.564769,0.247247,0.403696,0.156264,0.481380,0.543183,0.903213,-0.274905,0.209691,0.080149,0.233864,0.292897,0.641204,0.062670,-0.015683,0.517038,0.732017,0.467104,0.311545,0.272950,0.297018,0.470097,0.651444,0.951453,0.837258,0.285578,0.665239,0.208937,0.186842,-0.074788,-0.106255,0.064062,0.122594
0.693635,0.515933,0.414524,0.541942,0.043912,0.233646,0.457612,0.536899,0.237075,0.196529,0.568587,0.582008,0.560275,0.574715,0.400468,0.332442,0.430463,0.536443,0.000000,1.012153,0.284817,0.297477,0.248635,0.194478,-0.023774,0.063408,-0.079496,-0.021463,0.413317,0.380763,0.278841,0.290821,0.601541,0.556194,-0.102744,0.104064,0.383266,0.201581,0.179665,0.235551,0.169480,0.074722,0.599769,0.593655,0.479771,0.559835,0.531887,0.646708,0.387321,0.371030,0.138308,0.152062,0.247857,0.206397,0.210757,0.440559,0.526936,0.544534,0.420942,0.482035,0.416345,0.376062,0.345093,0.605978,-0.143094,0.203608,0.229814,0.209337,0.897579,0.605900,0.339590,0.182029,0.516906,0.430444,0.447656,0.293972,0.572114,0.581575,0.278454,0.140629,0.570158,0.346861,0.401128,0.351584,0.137321,0.076946,0.073178,0.072511,0.403239,0.421823
0.737733,0.760344,0.397065,0.852782,0.117136,0.337372,0.476512,0.880527,0.351172,0.402791,0.412811,0.770398,0.421227,0.782583,0.521484,0.569858,0.545000,0.839458,1.012153,0.000000,0.369571,0.302496,0.203110,0.346204,0.026125,0.163222,-0.011205,0.049469,0.425631,0.619099,0.244601,0.334151,0.777048,0.765273,-0.188902,0.003472,0.160889,0.255701,-0.027363,0.179865,0.216179,0.113170,0.715931,0.668282,0.590629,0.625745,0.583761,0.668388,0.552513,0.511433,0.332535,0.351001,0.428779,0.234483,0.305207,0.360757,0.715861,0.632580,0.447142,0.547315,0.373912,0.554240,0.528622,0.886156,-0.184439,0.281828,0.253863,0.357943,0.681406,1.194019,0.263246,0.153438,0.539789,0.575899,0.625914,0.403783,0.678020,0.664794,0.331212,0.387953,0.846210,0.604895,0.445109,0.574834,0.383998,0.211015,0.027010,-0.039804,0.328538,0.388463
0.429022,0.466876,0.194124,0.376180,0.268135,0.225837,0.232232,0.299944,0.159815,0.100056,0.295732,0.376198,0.131327,0.315995,0.165817,0.405343,0.346445,0.269596,0.284817,0.369571,0.000000,0.721590,0.329384,0.371053,0.388257,0.548668,0.267791,0.312203,0.212656,0.497702,0.631253,0.682679,0.355812,0.342041,0.186697,0.156989,0.078801,0.403124,-0.037972,0.248147,0.334052,0.160452,0.313016,0.363699,0.263664,0.306467,0.396534,0.514883,0.286204,0.266397,0.186204,0.240296,0.382028,0.382772,0.194115,0.478106,0.324403,0.405131,0.263050,0.213466,0.110063,0.222891,0.262781,0.303619,-0.043377,0.154487,0.286151,0.229355,0.306525,0.383351,0.375043,0.373714,0.393131,0.470264,0.381026,0.312665,0.438002,0.566726,-0.049525,0.023982,0.216046,0.165308,0.327522,0.152467,0.278678,0.233995,0.062012,0.006994,0.160750,0.403989
0.201550,0.223206,0.232166,0.237010,0.214409,0.336613,0.066906,0.153909,0.099163,0.035661,0.275690,0.212511,0.087838,0.169222,0.040075,0.154990,0.205220,0.213922,0.297477,0.302496,0.721590,0.000000,0.251582,0.191814,0.427368,0.410781,0.207261,0.390789,0.207346,0.279302,0.523484,0.548092,0.351329,0.383544,0.063164,0.188649,0.335058,0.175724,0.208277,0.256684,0.379633,0.077114,0.282441,0.291637,0.249685,0.274091,0.316681,0.411055,0.255873,0.227409,0.185479,0.204527,0.242709,0.222560,0.129080,0.406204,0.243316,0.324979,0.161183,0.175886,-0.024318,0.095234,0.177056,0.214912,-0.140723,0.000352,0.250156,0.271756,0.328679,0.289991,0.437482,0.321967,0.255944,0.448073,0.115292,0.156878,0.513896,0.571536,0.033379,-0.065917,0.344212,0.137022,0.211106,0.226599,0.268880,0.146503,0.118287,-0.073248,0.144303,0.301712
0.131382,0.086588,0.882604,0.508390,0.268525,0.224279,0.710706,0.269427,0.442163,0.060820,0.287319,0.084984,0.300086,0.093175,0.311637,0.258169,0.122352,0.032883,0.248635,0.203110,0.329384,0.251582,0.000000,0.910890,0.504963,0.492055,0.140349,0.022819,0.151480,0.136176,0.597317,0.667961,0.462329,0.433466,0.487547,0.470458,0.193859,0.088413,0.178770,0.062213,0.072504,0.002624,0.215606,0.219634,0.221099,0.224841,0.292099,0.402617,0.217252,0.191598,0.157136,0.189585,0.209144,0.329644,0.090812,0.354675,0.161529,0.101256,0.090903,-0.030123,0.147474,-0.059552,0.144205,-0.013323,0.508290,0.223684,0.443358,0.318027,0.080006,0.138220,0.362926,0.362200,0.326579,0.029044,0.137578,-0.024139,0.355810,0.452882,0.043911,0.031931,0.062949,0.080196,0.214464,-0.041449,0.191231,0.205465,0.109034,-0.111832,0.353473,0.340791
0.246200,0.152841,0.488240,0.611543,0.018455,0.069458,0.509897,0.394739,0.267926,0.122592,0.180373,0.152951,0.243530,0.209206,0.292988,0.306462,0.267889,0.198823,0.194478,0.346204,0.371053,0.191814,0.910890,0.000000,0.333805,0.669035,0.088281,-0.086029,0.154988,0.256960,0.428826,0.600344,0.434190,0.491145,0.295077,0.269002,0.028370,0.035294,-0.054053,0.002761,0.184047,-0.048340,0.231884,0.212067,0.200717,0.178512,0.231687,0.347231,0.189185,0.149068,0.129726,0.096395,0.139705,0.175053,0.025295,0.175191,0.229083,0.192655,-0.015870,-0.073303,0.074742,0.064042,0.179975,0.128940,0.312215,0.347101,0.201576,0.192843,0.145795,0.232683,0.405944,0.365864,0.355560,0.195499,0.237071,0.098693,0.337370,0.426420,0.089998,0.158473,0.221048,0.171486,0.210881,0.107445,0.241850,0.152574,0.059616,-0.159823,0.133858,0.198427
0.019020,0.123599,0.399027,0.111756,0.467335,0.276939,0.094394,-0.025967,0.185126,0.081115,0.149174,0.051747,-0.050843,0.028393,0.126639,0.114123,0.150242,0.061433,-0.023774,0.026125,0.388257,0.427368,0.504963,0.333805,0.000000,0.556837,0.595960,0.466572,0.152219,0.240600,0.451948,0.524661,0.106905,0.122584,0.494726,0.424674,-0.025306,0.113643,-0.073779,-0.142599,-0.076874,-0.138965,0.087673,0.013636,0.128687,0.012117,0.078864,0.235803,0.048416,0.010016,0.016838,0.089750,0.177732,0.293307,-0.001894,0.082204,0.117342,0.173502,-0.030579,-0.137450,-0.101023,-0.177252,-0.027160,-0.137336,0.336153,0.104654,0.230490,0.250621,0.007976,0.116521,0.011453,0.001142,0.028582,0.040014,0.045992,-0.075145,0.171417,0.194465,0.105787,0.137845,0.032447,-0.035129,0.096284,-0.090818,-0.024459,0.008467,-0.104937,-0.261633,0.097261,0.085682
0.181978,0.155076,0.134201,0.176047,0.030510,0.157531,0.166756,0.079462,0.095016,0.037967,0.297660,0.070182,0.208818,0.159995,0.237941,0.230736,0.325703,0.115761,0.063408,0.163222,0.548668,0.410781,0.492055,0.669035,0.556837,0.000000,0.155259,0.260435,0.365282,0.332684,0.641999,0.641267,0.315195,0.344434,0.376720,0.327039,0.047784,0.132394,-0.060965,-0.036195,-0.009751,-0.120237,0.209957,0.166359,0.150264,0.136766,0.227849,0.355023,0.165956,0.121101,0.061709,0.106429,0.206657,0.188917,0.142598,0.193639,0.198794,0.225172,-0.037535,-0.117900,-0.015052,-0.029740,0.058639,0.024329,0.264610,0.196558,0.146608,0.163920,0.150533,0.186528,0.199717,0.177181,0.182829,0.117307,0.105439,0.114480,0.309705,0.350315,0.122819,0.150576,0.190505,0.039233,0.243567,0.060910,0.020818,-0.002851,0.114834,-0.100099,0.045101,0.074583
0.009962,0.284348,0.140390,0.111073,0.748607,0.443036,0.145405,0.035322,0.255749,0.140709,-0.016341,0.170938,-0.180542,0.133998,0.136956,0.227434,-0.092773,0.010837,-0.079496,-0.011205,0.267791,0.207261,0.140349,0.088281,0.595960,0.155259,0.000000,0.814132,-0.107938,0.015531,0.187385,0.146570,-0.095576,-0.058330,0.072458,0.134738,-0.365435,0.237402,-0.111833,-0.015918,-0.227623,-0.095239,0.013737,0.042598,0.036277,-0.018687,0.021450,0.121365,0.050925,0.023452,0.022118,0.152805,0.224919,0.281201,0.175567,0.141956,0.189942,0.139627,0.156543,0.114771,0.069726,0.057156,-0.026144,-0.046657,0.101446,0.124298,0.075672,0.073578,-0.029269,0.095814,-0.119100,-0.059204,0.038391,0.065287,0.079287,0.139649,0.029863,-0.058079,-0.126260,0.088449,-0.140063,-0.080661,-0.156808,-0.197881,0.054444,0.193441,-0.297704,-0.145795,0.304325,0.270465
0.110486,0.372870,0.115885,0.073601,0.688750,0.591863,-0.004115,0.002563,0.103781,0.189103,-0.096856,0.105853,-0.211707,0.067338,0.032411,0.241701,-0.068411,0.078127,-0.021463,0.049469,0.312203,0.390789,0.022819,-0.086029,0.466572,0.260435,0.814132,0.000000,-0.148000,0.023523,0.186172,0.159954,-0.000432,0.090718,0.048559,0.127193,-0.126575,0.404696,0.117852,0.203310,-0.023627,0.120205,0.085507,0.177273,0.096207,0.141844,0.157251,0.240188,0.164344,0.168691,0.167091,0.245736,0.258743,0.227281,0.258119,0.355069,0.244786,0.303425,0.213406,0.271973,-0.061211,0.000436,-0.154370,0.011295,-0.088993,0.026604,0.176418,0.207070,0.172876,0.187889,0.001234,0.085460,0.054262,0.149712,-0.004642,0.151447,0.119744,0.129040,-0.011995,0.097824,-0.014515,0.096585,-0.000738,-0.010647,0.140904,0.300834,-0.043960,-0.023384,0.281578,0.333732
0.287402,0.157345,0.101396,0.146778,-0.087025,0.021003,0.280882,0.278087,0.171393,0.204260,0.816630,0.363582,0.673365,0.409622,0.563578,0.211824,0.816640,0.437106,0.413317,0.425631,0.212656,0.207346,0.151480,0.154988,0.152219,0.365282,-0.107938,-0.148000,0.000000,0.726668,0.326777,0.283247,0.221656,0.185525,-0.056853,0.154993,0.294681,-0.015556,-0.056725,-0.159837,-0.104228,-0.281288,0.401154,0.259894,0.359544,0.250783,0.257387,0.405197,0.211000,0.187727,-0.000166,0.062577,0.147415,0.129175,0.165751,0.030396,0.399151,0.163346,0.084078,-0.002752,0.350063,0.332803,0.654173,0.434476,-0.001009,0.181800,-0.059219,-0.001941,0.189082,0.200894,0.048143,-0.059144,0.401867,0.157048,0.274463,0.147023,0.227065,0.186081,0.655333,0.490621,0.624886,0.149391,0.326237,0.149944,-0.088541,-0.235650,-0.054494,-0.238440,0.127741,-0.013299
0.366925,0.451387,0.153778,0.309652,-0.021118,0.130971,0.228579,0.578377,0.157780,0.291029,0.278942,0.683872,0.200641,0.609587,0.351621,0.488280,0.692253,0.883273,0.380763,0.619099,0.497702,0.279302,0.136176,0.256960,0.240600,0.332684,0.015531,0.023523,0.726668,0.000000,0.162064,0.288419,0.346272,0.334198,0.010457,0.101732,0.008906,0.247568,-0.342159,0.003444,0.077218,-0.069060,0.537538,0.461511,0.502256,0.520902,0.326491,0.585512,0.417492,0.435519,0.179226,0.323577,0.265850,0.301805,0.136910,0.215668,0.386663,0.419538,0.236975,0.284814,0.144240,0.450937,0.557066,0.731275,-0.030614,0.325159,0.153609,0.296219,0.217814,0.510910,0.012397,-0.042617,0.367953,0.540459,0.407882,0.379031,0.197720,0.311555,0.497065,0.810312,0.738505,0.567847,0.467674,0.506740,0.144237,0.120183,-0.091861,-0.267680,0.089694,0.134651
0.285815,0.209695,0.295117,0.250041,0.168373,0.139925,0.409321,0.165495,0.227284,0.019650,0.603350,0.197710,0.310979,0.127486,0.117489,0.095206,0.159829,0.094848,0.278841,0.244601,0.631253,0.523484,0.597317,0.428826,0.451948,0.641999,0.187385,0.186172,0.326777,0.162064,0.000000,1.152660,0.601367,0.503237,0.203659,0.279415,0.123181,0.071619,0.151565,0.066325,0.069350,0.051749,0.158617,0.184035,0.161774,0.199026,0.257984,0.321244,0.124052,0.134680,-0.035010,0.052658,0.154103,0.146256,0.123128,0.302925,0.365291,0.280069,0.126461,0.020187,0.264476,0.103585,0.254642,0.102770,0.194642,0.082039,0.219593,0.069585,0.148519,0.184995,0.377819,0.409198,0.291334,0.160217,0.160844,0.016391,0.427089,0.548490,-0.045843,-0.161729,0.059654,-0.015176,0.105568,-0.080960,0.017473,0.000109,0.045279,-0.069926,0.172859,0.194882
0.397152,0.273404,0.384901,0.437499,0.142071,0.154055,0.337930,0.256199,0.189097,0.059038,0.368957,0.236589,0.218076,0.200309,0.130807,0.270196,0.231252,0.185614,0.290821,0.334151,0.682679,0.548092,0.667961,0.600344,0.524661,0.641267,0.146570,0.159954,0.283247,0.288419,1.152660,0.000000,0.480755,0.549809,0.203200,0.212555,0.139689,0.084561,0.115351,0.105995,0.290634,0.119428,0.132278,0.202615,0.158397,0.197658,0.200402,0.343067,0.111078,0.133415,-0.008551,0.054997,0.151046,0.175973,0.029340,0.327788,0.413986,0.424569,0.042837,-0.003841,0.097164,0.048686,0.165278,0.101242,0.091125,0.095263,0.186413,0.129155,0.293329,0.242957,0.535030,0.566767,0.287786,0.241588,0.157017,0.081949,0.451287,0.647820,0.053148,-0.023480,0.160257,0.094505,0.204071,0.051607,0.121338,0.074368,0.052756,-0.116070,0.102815,0.273396
0.434722,0.384226,0.506912,0.579053,0.103906,0.199802,0.558212,0.605444,0.418709,0.161190,0.343493,0.387504,0.327076,0.411467,0.284642,0.276144,0.270779,0.521656,0.601541,0.777048,0.355812,0.351329,0.462329,0.434190,0.106905,0.315195,-0.095576,-0.000432,0.221656,0.346272,0.601367,0.480755,0.000000,1.376458,0.046616,0.173205,0.243166,0.156786,0.106880,0.089316,0.240088,0.181153,0.537304,0.533899,0.512536,0.623132,0.562939,0.563399,0.558035,0.527595,0.394858,0.381893,0.254376,0.184489,0.304111,0.412098,0.421281,0.325712,0.381863,0.424767,0.315868,0.338405,0.511843,0.618847,0.093101,0.190813,0.443461,0.422682,0.407067,0.677555,0.342819,0.222714,0.445307,0.380566,0.439203,0.224589,0.665348,0.835078,0.052358,0.050466,0.506905,0.571121,0.357048,0.472760,0.435262,0.267969,0.210630,-0.052303,0.323804,0.293566
0.414533,0.387344,0.480721,0.621683,0.074306,0.258494,0.521173,0.728120,0.393261,0.259233,0.226969,0.402387,0.227148,0.403519,0.216213,0.273406,0.223946,0.537576,0.556194,0.765273,0.342041,0.383544,0.433466,0.491145,0.122584,0.344434,-0.058330,0.090718,0.185525,0.334198,0.503237,0.549809,1.376458,0.000000,0.042455,0.107246,0.191938,0.093874,0.035424,0.065024,0.251655,0.091947,0.458628,0.497732,0.505015,0.614571,0.553971,0.526770,0.493905,0.464363,0.339792,0.306562,0.269566,0.151878,0.206751,0.392840,0.418782,0.416324,0.368812,0.459839,0.322278,0.451938,0.439167,0.657758,0.077437,0.293077,0.411720,0.377292,0.466421,0.567519,0.436640,0.351723,0.320853,0.395676,0.390982,0.211884,0.563826,0.796355,0.005361,0.066689,0.448778,0.518155,0.242545,0.381250,0.433185,0.216154,0.076020,-0.190715,0.319868,0.275168
-0.030727,-0.003629,0.339401,-0.027664,0.162275,0.040533,0.153911,-0.167670,0.149641,-0.041091,0.016258,-0.215139,0.018140,-0.117214,0.024065,-0.020529,0.022144,-0.231479,-0.102744,-0.188902,0.186697,0.063164,0.487547,0.295077,0.494726,0.376720,0.072458,0.048559,-0.056853,0.010457,0.203659,0.203200,0.046616,0.042455,0.000000,0.711928,0.094692,0.085547,0.007525,-0.036380,-0.020326,-0.088156,-0.029674,-0.069198,0.043200,-0.027301,0.113476,0.113724,-0.121746,-0.112897,-0.018998,-0.047535,0.060168,0.150677,-0.030270,0.155909,-0.029309,0.123432,-0.029379,-0.204380,-0.047605,-0.231532,-0.134357,-0.254473,0.633676,0.134832,0.519301,0.317086,0.009076,-0.052082,-0.035219,-0.022751,-0.005023,-0.052534,0.051018,0.036184,0.177145,0.193761,-0.007086,-0.088208,-0.174357,-0.114303,0.054001,-0.085140,-0.063186,-0.048795,0.170956,0.070821,0.003487,0.050493
0.113751,0.151167,0.360803,0.151172,0.251197,0.176466,0.252576,0.011807,0.240838,0.070625,0.209722,-0.017919,0.147812,0.085716,0.098102,0.016875,0.138186,-0.039571,0.104064,0.003472,0.156989,0.188649,0.470458,0.269002,0.424674,0.327039,0.134738,0.127193,0.154993,0.101732,0.279415,0.212555,0.173205,0.107246,0.711928,0.000000,0.191503,0.056421,0.132360,0.022803,-0.092962,-0.094346,0.157661,0.062542,0.122188,0.053793,0.176433,0.216697,-0.028149,-0.036054,0.057218,0.007410,0.058431,0.163037,0.052009,0.142556,0.196667,0.235052,0.088903,-0.077551,0.132109,-0.047923,0.094258,-0.059304,0.384298,0.170591,0.554094,0.442451,0.108303,0.083730,0.026980,-0.028466,0.258014,-0.028351,0.142820,-0.021437,0.285548,0.264391,0.239126,0.073980,0.067109,0.012200,0.038616,-0.055517,-0.002234,0.038670,0.120325,0.043368,0.159685,0.133044
0.072642,-0.150156,0.325545,0.129688,-0.017858,0.108727,0.114764,-0.014787,0.181941,0.025203,0.254346,-0.107554,0.384375,0.027741,0.228496,0.102889,0.104083,-0.009583,0.383266,0.160889,0.078801,0.335058,0.193859,0.028370,-0.025306,0.047784,-0.365435,-0.126575,0.294681,0.008906,0.123181,0.139689,0.243166,0.191938,0.094692,0.191503,0.000000,-0.017869,0.727412,0.367154,0.452264,0.055269,0.181478,0.184322,0.073432,0.102086,0.369661,0.222100,0.109339,0.056314,0.260235,0.097129,0.210966,0.231824,0.120499,0.299939,-0.078865,0.012558,0.045881,0.027949,0.020811,-0.065646,0.088136,0.012373,-0.031801,-0.135440,0.165641,0.153597,0.460984,0.092250,0.430466,0.250588,0.239856,0.041278,0.008534,-0.031781,0.423112,0.441392,0.194547,-0.123799,0.391928,0.140663,0.472366,0.358923,0.240212,0.060799,0.572900,0.196718,0.211429,0.235644
0.334546,0.458575,0.101414,0.176723,0.307527,0.314914,0.106613,0.112162,0.116915,0.143867,0.039097,0.186379,0.062134,0.239549,0.372677,0.503983,0.246044,0.206040,0.201581,0.255701,0.403124,0.175724,0.088413,0.035294,0.113643,0.132394,0.237402,0.404696,-0.015556,0.247568,0.071619,0.084561,0.156786,0.093874,0.085547,0.056421,-0.017869,0.000000,0.184071,0.464322,0.071460,0.431179,0.457793,0.581607,0.333366,0.395970,0.401762,0.575054,0.446354,0.364313,0.272823,0.356867,0.440911,0.451492,0.675363,0.537906,0.345161,0.225944,0.337399,0.371903,-0.037974,0.056357,-0.008255,0.106813,-0.205767,0.008965,0.256257,0.312273,0.239118,0.443923,-0.088183,-0.109294,0.299112,0.234917,0.282176,0.414643,0.204255,0.225368,-0.008223,0.154313,0.124955,0.226707,0.573387,0.314372,0.285321,0.407932,0.334709,0.244963,0.438838,0.509887
-0.001283,-0.035912,0.244806,0.056086,0.115427,0.179995,0.044959,-0.190629,0.093354,-0.048562,0.090570,-0.226629,0.233454,-0.130684,0.093376,0.079471,-0.083358,-0.144780,0.179665,-0.027363,-0.037972,0.208277,0.178770,-0.054053,-0.073779,-0.060965,-0.111833,0.117852,-0.056725,-0.342159,0.151565,0.115351,0.106880,0.035424,0.007525,0.132360,0.727412,0.184071,0.000000,0.769548,0.306638,0.461175,0.037386,0.209390,-0.062207,0.025958,0.128370,0.134457,0.043185,0.021149,0.131067,0.053567,0.051048,0.148227,0.258095,0.360983,-0.025675,0.049137,0.011763,-0.001755,-0.078367,-0.245783,-0.162279,-0.225977,-0.059158,-0.263191,0.146240,0.080089,0.287135,-0.022555,0.276512,0.143061,0.197969,-0.077707,-0.085423,-0.045537,0.317346,0.269121,0.072985,-0.210289,0.130752,0.131182,0.323782,0.220640,0.194044,0.257642,0.663587,0.633465,0.260513,0.323183
0.168581,0.311847,0.098780,0.111085,0.055710,0.246677,0.004689,0.009379,0.000688,0.102900,0.034181,0.172008,0.152145,0.222673,0.045935,0.359386,-0.064601,0.136641,0.235551,0.179865,0.248147,0.256684,0.062213,0.002761,-0.142599,-0.036195,-0.015918,0.203310,-0.159837,0.003444,0.066325,0.105995,0.089316,0.065024,-0.036380,0.022803,0.367154,0.464322,0.769548,0.000000,0.441911,0.607920,0.249964,0.506067,0.141443,0.326819,0.334823,0.349139,0.301245,0.309174,0.218117,0.284699,0.234143,0.326263,0.345909,0.591750,0.120985,0.304371,0.234924,0.284198,-0.053958,0.001766,-0.091510,0.048230,-0.197888,-0.072910,0.207331,0.188561,0.292293,0.214401,0.192567,0.175784,0.217622,0.339662,0.093938,0.254292,0.282008,0.302727,-0.078572,-0.056191,0.143132,0.275061,0.352991,0.424775,0.255833,0.485622,0.448270,0.721415,0.179107,0.510670
0.224422,0.041047,0.212267,0.226478,-0.068898,0.009497,0.005573,0.065722,-0.032530,-0.073035,-0.139599,-0.013734,-0.000391,0.129186,-0.051172,0.202459,0.050444,0.189904,0.169480,0.216179,0.334052,0.379633,0.072504,0.184047,-0.076874,-0.009751,-0.227623,-0.023627,-0.104228,0.077218,0.069350,0.290634,0.240088,0.251655,-0.020326,-0.092962,0.452264,0.071460,0.306638,0.441911,0.000000,0.259995,0.127502,0.207377,0.055937,0.151934,0.195410,0.151701,0.166929,0.171529,0.233546,0.137579,0.070478,-0.020434,-0.079204,0.276182,0.052172,0.188107,0.029907,0.108961,-0.208014,-0.065701,0.022745,0.127475,-0.301540,-0.139835,0.132449,0.183164,0.370853,0.264899,0.457338,0.436460,0.282049,0.375983,0.020600,0.125985,0.374351,0.501975,-0.058824,-0.090275,0.353809,0.324389,0.251801,0.518180,0.424575,0.307457,0.311643,0.152793,-0.182005,0.238369
0.261189,0.318090,0.071041,0.125968,0.049402,0.021577,0.016120,0.043744,-0.016045,-0.005436,-0.112343,0.028872,0.037057,0.014448,0.029211,0.199620,0.135142,0.144385,0.074722,0.113170,0.160452,0.077114,0.002624,-0.048340,-0.138965,-0.120237,-0.095239,0.120205,-0.281288,-0.069060,0.051749,0.119428,0.181153,0.091947,-0.088156,-0.094346,0.055269,0.431179,0.461175,0.607920,0.259995,0.000000,0.129377,0.242567,0.020071,0.152513,0.065132,0.073924,0.094123,0.147988,0.125088,0.118902,0.003200,0.035320,0.168659,0.191589,0.165820,0.244978,0.080832,0.131495,-0.189041,-0.106420,-0.018669,0.035355,-0.197675,-0.101430,0.138765,0.136504,0.047678,0.235253,0.133129,0.116486,0.189167,0.133626,0.110506,0.175398,0.197811,0.188927,0.061815,-0.060401,0.105121,0.349557,0.343491,0.260936,0.326376,0.389715,0.420202,0.471764,0.049581,0.177640
0.553409,0.450484,0.360019,0.448147,0.172975,0.291798,0.440571,0.535950,0.352657,0.307255,0.462298,0.596993,0.472122,0.704327,0.550303,0.495296,0.531911,0.671678,0.599769,0.715931,0.313016,0.282441,0.215606,0.231884,0.087673,0.209957,0.013737,0.085507,0.401154,0.537538,0.158617,0.132278,0.537304,0.458628,-0.029674,0.157661,0.181478,0.457793,0.037386,0.249964,0.127502,0.129377,0.000000,1.175876,1.150267,0.953048,0.949606,1.142511,1.028046,0.936963,0.617492,0.736240,0.524388,0.458175,0.694077,0.566494,0.559088,0.301111,0.584463,0.580183,0.336946,0.356792,0.489899,0.625622,-0.116194,0.317801,0.416062,0.540417,0.320417,0.623583,0.067451,-0.041427,0.629316,0.462378,0.570643,0.353934,0.591758,0.478672,0.258109,0.415267,0.654801,0.455520,0.422538,0.496344,0.381605,0.281817,0.186150,0.101853,0.373403,0.421697
0.541132,0.542649,0.411213,0.512981,0.221009,0.432186,0.458836,0.532128,0.401609,0.386396,0.266099,0.576864,0.332912,0.682618,0.419986,0.617721,0.345622,0.597387,0.593655,0.668282,0.363699,0.291637,0.219634,0.212067,0.013636,0.166359,0.042598,0.177273,0.259894,0.461511,0.184035,0.202615,0.533899,0.497732,-0.069198,0.062542,0.184322,0.581607,0.209390,0.506067,0.207377,0.242567,1.175876,0.000000,1.160547,1.277643,0.987828,1.370192,1.245608,1.181589,0.686346,0.833366,0.477332,0.484680,0.793896,0.922001,0.477773,0.298610,0.688706,0.709215,0.293832,0.295585,0.330589,0.518486,-0.184963,0.201109,0.484299,0.572488,0.408460,0.575292,0.176577,0.073965,0.588506,0.480035,0.445045,0.396934,0.574908,0.559271,0.140449,0.331735,0.510993,0.566190,0.531672,0.529625,0.477063,0.467901,0.307658,0.195688,0.510010,0.647403
0.434840,0.427694,0.402297,0.412494,0.223036,0.330757,0.478605,0.548987,0.459270,0.448961,0.342629,0.538637,0.372272,0.700776,0.451245,0.502146,0.417556,0.541454,0.479771,0.590629,0.263664,0.249685,0.221099,0.200717,0.128687,0.150264,0.036277,0.096207,0.359544,0.502256,0.161774,0.158397,0.512536,0.505015,0.043200,0.122188,0.073432,0.333366,-0.062207,0.141443,0.055937,0.020071,1.150267,1.160547,0.000000,1.453951,0.850401,1.115156,1.133572,1.209461,0.580225,0.750276,0.337166,0.283559,0.633561,0.654250,0.470734,0.283206,0.703737,0.677131,0.386352,0.396215,0.487280,0.628117,0.008377,0.351095,0.508411,0.593173,0.300494,0.468779,0.038711,-0.019422,0.475895,0.390592,0.457676,0.267623,0.493129,0.442171,0.203958,0.364864,0.446862,0.363022,0.340674,0.356899,0.271196,0.179738,0.119084,0.014711,0.370352,0.421029
0.432474,0.464378,0.363544,0.403996,0.138906,0.340485,0.479980,0.582850,0.368272,0.385174,0.245635,0.590595,0.283079,0.672358,0.315834,0.550635,0.245239,0.611429,0.559835,0.625745,0.306467,0.274091,0.224841,0.178512,0.012117,0.136766,-0.018687,0.141844,0.250783,0.520902,0.199026,0.197658,0.623132,0.614571,-0.027301,0.053793,0.102086,0.395970,0.025958,0.326819,0.151934,0.152513,0.953048,1.277643,1.453951,0.000000,0.796500,1.093221,1.231032,1.454542,0.535728,0.756051,0.328901,0.289924,0.550244,0.845293,0.424792,0.328444,0.750416,0.837748,0.349431,0.406205,0.347107,0.673044,-0.037126,0.291156,0.514653,0.559735,0.389387,0.504969,0.177458,0.128194,0.420318,0.469385,0.408236,0.283342,0.443665,0.514960,0.126243,0.343340,0.393591,0.531769,0.383003,0.445058,0.278232,0.340573,0.110690,0.052254,0.369799,0.520664
0.462386,0.386113,0.462944,0.531910,0.289962,0.492038,0.527562,0.569043,0.521320,0.495076,0.396115,0.501052,0.452598,0.655758,0.505300,0.543433,0.242419,0.356956,0.531887,0.583761,0.396534,0.316681,0.292099,0.231687,0.078864,0.227849,0.021450,0.157251,0.257387,0.326491,0.257984,0.200402,0.562939,0.553971,0.113476,0.176433,0.369661,0.401762,0.128370,0.334823,0.195410,0.065132,0.949606,0.987828,0.850401,0.796500,0.000000,0.933174,0.965873,0.793834,0.752006,0.740493,0.895463,0.569590,0.792907,0.733541,0.349718,0.223656,0.736122,0.707190,0.474263,0.427486,0.331696,0.505722,-0.003443,0.349569,0.567643,0.565703,0.379217,0.542520,0.198714,0.118840,0.420072,0.375461,0.438346,0.386701,0.533360,0.552982,-0.041278,0.105488,0.403193,0.279483,0.454359,0.395429,0.467924,0.264670,0.311923,0.142918,0.465610,0.539253
0.536472,0.544666,0.559431,0.533922,0.246825,0.387491,0.516189,0.496993,0.385788,0.336414,0.372420,0.544165,0.398645,0.630376,0.527461,0.642797,0.453951,0.518417,0.646708,0.668388,0.514883,0.411055,0.402617,0.347231,0.235803,0.355023,0.121365,0.240188,0.405197,0.585512,0.321244,0.343067,0.563399,0.526770,0.113724,0.216697,0.222100,0.575054,0.134457,0.349139,0.151701,0.073924,1.142511,1.370192,1.115156,1.093221,0.933174,0.000000,1.052384,1.004232,0.591470,0.748816,0.586860,0.642359,0.751207,1.012113,0.548287,0.394884,0.661027,0.630304,0.293740,0.270702,0.343343,0.514307,-0.046492,0.307829,0.568110,0.631474,0.495363,0.615384,0.150410,0.075355,0.580670,0.471823,0.452697,0.358593,0.590803,0.631189,0.237242,0.349583,0.510717,0.471743,0.583463,0.423762,0.401552,0.383110,0.239715,0.088323,0.628111,0.719914
