0.000000,1.127388,0.448237,0.532145,0.036645,0.030965,0.428534,0.429946,0.153388,-0.015546,0.595510,0.568310,0.495497,0.519324,0.360483,0.407563,0.492967,0.573001,0.807815,0.892510,0.264143,0.111090,0.077313,0.165644,-0.076768,-0.045698,0.111774,0.168839,0.113084,0.230263,0.115704,0.076454,0.628198,0.692919,0.171986,0.300602,0.084908,0.036874,0.049767,0.322881,0.142842,0.113129,0.493810,0.585204,0.638137,0.721891,0.665887,0.746107,0.812348,0.973502,0.758386,0.844112,0.699953,0.759762,0.628263,0.644351,1.300176,1.006199,0.681800,0.826824,0.705545,0.385477,0.468508,0.426826,0.041432,0.167043,0.467536,0.545857,0.743048,0.596970,0.103151,-0.040588,0.577116,0.471929,0.417510,0.374648,0.646404,0.696490,0.313589,0.294446,0.496304,0.403479,0.396069,0.498481,0.471845,0.378951,0.226814,0.129263,0.319995,0.468167
1.127388,0.000000,0.380992,0.566153,0.103391,0.156222,0.362342,0.522384,0.204092,0.108101,0.434378,0.597825,0.438088,0.534206,0.284631,0.493631,0.422510,0.647959,0.732471,0.987701,0.312948,0.083654,-0.037691,0.097576,-0.124360,-0.045334,0.125228,0.178926,0.133493,0.325867,0.125940,0.136719,0.658494,0.788728,0.039200,0.175877,0.100121,0.011519,-0.003214,0.259163,0.196334,-0.039055,0.238580,0.304956,0.530593,0.667719,0.460632,0.571962,0.694854,0.932149,0.552872,0.723442,0.486415,0.713054,0.420669,0.547291,1.319841,1.448486,0.440375,0.780572,0.563912,0.398814,0.400634,0.535657,-0.097229,0.154250,0.365677,0.535362,0.964499,0.824431,0.185694,-0.084508,0.540464,0.422322,0.407528,0.259638,0.655288,0.682496,0.244691,0.339453,0.548000,0.525389,0.373889,0.722318,0.378943,0.349128,0.224456,0.171660,0.238007,0.431213
0.448237,0.380992,0.000000,0.700962,0.498781,0.263864,1.077029,0.322894,0.328744,0.015566,0.359056,0.186154,0.484077,0.039170,0.609038,0.145996,0.077549,0.280254,0.827806,0.511654,0.394361,0.117328,0.868140,0.613401,0.447529,0.382694,0.347992,0.324210,0.169672,0.106806,0.801577,0.578179,0.416597,0.398164,0.322385,0.251332,0.014862,0.018560,0.207368,0.334614,-0.101439,-0.035254,0.435418,0.348030,0.357376,0.312106,0.437045,0.353945,0.347177,0.426215,0.429547,0.447419,0.374716,0.375611,0.299132,0.322075,0.433236,0.416807,0.495294,0.468196,0.535689,0.099468,0.286471,0.186161,0.300341,0.059302,0.582260,0.406858,0.406714,0.337857,0.231358,0.292282,0.228118,0.317696,0.133840,0.214136,0.410482,0.349353,0.060964,0.026278,0.106492,0.032820,0.222572,0.231121,0.100722,-0.113722,0.188687,0.030517,0.436186,0.121611
0.532145,0.566153,0.700962,0.000000,0.275065,0.261705,0.496376,0.981793,0.312070,0.252838,0.255639,0.226581,0.274076,0.390115,0.283804,0.373309,0.171965,0.264148,0.550233,0.642512,0.248154,0.136885,0.382429,0.550534,0.114999,0.240394,0.070600,0.156971,0.230747,0.361135,0.373833,0.460671,0.487876,0.600980,0.109648,0.250728,-0.186214,-0.097764,0.071954,0.260458,0.064116,0.105332,0.357721,0.364421,0.445694,0.651722,0.475782,0.539428,0.397739,0.588590,0.387874,0.393042,0.417134,0.425361,0.379670,0.366239,0.529549,0.642729,0.353671,0.561595,0.465075,0.496713,0.376003,0.391191,0.199808,0.278713,0.516853,0.637871,0.658885,0.618695,0.359063,0.177375,0.376312,0.296950,0.281602,0.171541,0.417967,0.529698,0.227423,0.225209,0.298153,0.229619,0.392728,0.486882,0.405937,0.324854,0.176657,0.184028,0.309336,0.369805
0.036645,0.103391,0.498781,0.275065,0.000000,0.667732,0.373394,0.167056,0.585361,0.406225,0.003876,-0.118983,0.262537,-0.062522,0.457702,0.135938,0.089021,0.039648,0.262077,0.146361,0.590525,0.453530,0.463243,0.409530,0.585218,0.747550,0.773335,0.773320,0.201222,-0.085020,0.580705,0.554767,0.117482,0.147382,0.179596,0.166881,0.038928,0.005038,0.222325,0.188526,-0.026825,-0.050863,0.101731,0.088572,-0.003494,0.018877,0.132497,-0.012605,0.044017,0.032680,0.161994,0.108664,0.105261,0.201163,0.132438,0.083167,0.061603,0.095865,-0.019270,0.024537,0.224898,0.009520,0.146968,0.087564,0.244281,0.168402,0.210725,0.104322,0.091707,0.057177,0.379363,0.327839,0.126134,0.162571,0.086175,0.096275,0.234238,0.100593,0.237634,0.000777,0.026106,0.001037,0.216490,-0.035066,-0.018580,-0.106484,0.036710,-0.034385,0.154016,-0.025409
0.030965,0.156222,0.263864,0.261705,0.667732,0.000000,0.102748,0.102488,0.287040,0.665598,-0.029486,-0.154983,0.118569,0.020552,0.203074,0.123981,0.058938,0.093999,0.060116,0.081617,0.389823,0.277860,0.267411,0.242080,0.565987,0.743771,0.522492,0.595477,0.014499,-0.114031,0.252132,0.220494,-0.133539,-0.054929,-0.143742,0.000862,-0.247540,-0.185329,-0.003331,0.034671,-0.094573,-0.120345,-0.038344,0.000003,-0.063158,-0.059923,-0.057713,-0.107476,0.059252,0.082894,0.086279,0.076933,0.051463,0.145734,-0.012145,-0.007049,0.041501,0.080894,-0.031561,0.077126,-0.000430,-0.043521,-0.048435,0.058475,-0.069104,0.042516,-0.075641,-0.010103,0.121873,0.097847,0.266371,0.262157,0.004648,-0.092136,0.140704,-0.135405,-0.050952,-0.123576,0.154735,-0.020479,-0.011821,0.025962,0.221899,0.050903,-0.134932,-0.107667,-0.090578,-0.125315,0.051103,-0.099992
0.428534,0.362342,1.077029,0.496376,0.373394,0.102748,0.000000,0.442558,0.356428,-0.015645,0.552581,0.295456,0.792557,0.163311,0.662133,0.355341,0.002426,0.162835,0.935199,0.495948,0.349720,0.036848,0.531853,0.484513,0.068781,0.076433,0.180306,0.163204,0.199846,0.115145,0.527844,0.416832,0.444645,0.461792,0.347775,0.355210,-0.022428,-0.005768,0.165852,0.260466,-0.098412,-0.095117,0.459757,0.330729,0.314234,0.322524,0.347560,0.374637,0.319537,0.406302,0.357515,0.439397,0.418052,0.406530,0.240001,0.303764,0.503127,0.356010,0.371576,0.438378,0.857336,0.206200,0.365183,0.219011,0.350104,0.299538,0.610747,0.408243,0.286848,0.294139,0.117840,0.101999,0.209615,0.249304,0.087529,0.226517,0.526380,0.408615,-0.008364,-0.100902,0.177286,0.010518,0.315559,0.285177,0.303208,-0.016046,0.242772,0.131475,0.479652,0.294048
0.429946,0.522384,0.322894,0.981793,0.167056,0.102488,0.442558,0.000000,0.521530,0.282266,0.221362,0.403417,0.426408,0.683562,0.288451,0.526656,0.106887,0.182883,0.486794,0.631583,0.165644,0.109876,-0.031270,0.178727,-0.297741,-0.097269,-0.107597,0.021141,0.214177,0.336961,0.080324,0.266377,0.491528,0.641783,-0.054565,0.052530,-0.263463,-0.100931,-0.163270,0.052942,0.099209,0.029203,0.316227,0.312646,0.327095,0.611348,0.381137,0.484136,0.287957,0.544835,0.240464,0.329724,0.345478,0.374852,0.252985,0.178775,0.441318,0.539080,0.160982,0.438696,0.576535,0.895580,0.474584,0.696872,0.055776,0.615515,0.418062,0.558569,0.479654,0.552976,0.349536,0.103285,0.344713,0.271204,0.228822,0.161064,0.420357,0.443521,0.121119,0.109933,0.373342,0.295044,0.383257,0.494985,0.448895,0.471989,0.143597,0.117483,0.199744,0.376903
0.153388,0.204092,0.328744,0.312070,0.585361,0.287040,0.356428,0.521530,0.000000,0.366216,0.059153,0.307111,0.479875,0.356654,0.426902,0.310449,0.091134,0.196405,0.352443,0.267191,0.283970,0.192416,0.020966,0.004259,0.021448,0.109906,0.250990,0.351315,0.187496,0.044064,0.062855,0.147489,0.110779,0.128596,-0.199693,-0.106967,-0.121980,0.032462,-0.055358,0.051064,0.118155,-0.021392,0.026317,0.031332,-0.080173,0.017810,0.055899,0.000358,0.077717,0.205503,0.099551,0.234804,0.188281,0.238075,0.067368,-0.110991,0.103310,0.195563,-0.022106,0.074449,0.407162,0.395895,0.485433,0.519754,0.041680,0.284184,0.034472,0.013206,0.159754,0.146893,0.454724,0.349545,0.092055,0.211877,0.076373,0.044756,0.312228,0.231300,0.116769,0.006924,0.103926,0.126258,0.128081,0.145787,0.038420,0.025073,-0.095643,-0.203581,0.156050,-0.130885
-0.015546,0.108101,0.015566,0.252838,0.406225,0.665598,-0.015645,0.282266,0.366216,0.000000,-0.123387,0.047709,0.056894,0.124696,0.027416,0.316746,-0.053393,0.059961,-0.086608,-0.027172,0.230134,0.125707,0.065072,0.282241,0.205910,0.264109,0.046823,0.071952,0.129408,0.033921,-0.105808,0.023866,-0.107259,0.001406,-0.279583,0.032340,-0.239983,-0.192330,-0.073850,-0.134384,-0.113388,-0.200333,-0.201238,-0.123422,-0.168706,0.011154,-0.142226,-0.233942,0.127319,0.044440,0.127168,0.153890,0.075694,0.208108,-0.007555,-0.087366,-0.002673,0.079917,-0.224381,-0.019942,0.019503,0.283743,0.005534,0.221629,-0.109595,0.416393,-0.192960,-0.062869,0.049190,0.109091,0.365375,0.268788,-0.082652,-0.005588,0.040379,-0.136488,0.056145,-0.008676,0.139647,0.021063,0.013763,0.128355,0.056504,0.063198,-0.027744,0.130808,-0.336807,-0.223681,-0.079001,0.099401
0.595510,0.434378,0.359056,0.255639,0.003876,-0.029486,0.552581,0.221362,0.059153,-0.123387,0.000000,0.577019,0.860359,0.451508,0.464755,0.322968,0.401195,0.287813,0.579493,0.422184,0.190559,0.059748,0.065746,0.028347,-0.223422,-0.179121,0.023767,0.014442,0.151231,-0.002217,0.129930,0.006378,0.289955,0.297170,0.065233,0.185295,0.077257,0.110579,-0.022659,0.062303,0.025792,0.049866,0.530244,0.521389,0.237453,0.367222,0.460437,0.457770,0.492869,0.547562,0.529525,0.644137,0.559176,0.586732,0.350400,0.355007,0.653217,0.456965,0.622033,0.483119,0.718250,0.172270,0.591113,0.229358,0.027147,0.023799,0.291337,0.276141,0.296400,0.250052,0.015956,0.006911,0.346142,0.113817,0.264079,0.259707,0.506259,0.427231,0.083979,-0.066646,0.402170,0.134826,0.323381,0.325444,0.403490,0.097989,0.172295,0.051346,0.303314,0.408110
0.568310,0.597825,0.186154,0.226581,-0.118983,-0.154983,0.295456,0.403417,0.307111,0.047709,0.577019,0.000000,0.562061,0.768665,0.210875,0.385528,0.271624,0.507580,0.494067,0.540952,0.182509,0.000551,-0.237851,-0.110619,-0.510729,-0.452440,-0.172756,-0.145912,0.052115,0.127839,-0.171438,-0.189786,0.246197,0.313724,-0.304909,-0.093017,0.031111,0.136558,-0.301223,-0.096822,0.023624,-0.101928,0.204712,0.239945,0.075909,0.285000,0.262167,0.317265,0.382626,0.548809,0.372331,0.600466,0.492619,0.560558,0.250664,0.225432,0.599234,0.561129,0.384660,0.483562,0.518256,0.516255,0.600685,0.727783,-0.319294,0.137587,0.055425,0.152265,0.260586,0.277306,0.367549,0.179556,0.433980,0.428443,0.300961,0.316413,0.411387,0.397493,-0.003040,0.098944,0.414376,0.390646,-0.038309,0.396774,0.253516,0.183615,-0.087718,-0.074761,0.172428,0.291708
0.495497,0.438088,0.484077,0.274076,0.262537,0.118569,0.792557,0.426408,0.479875,0.056894,0.860359,0.562061,0.000000,0.501683,0.721481,0.342117,0.118710,0.267392,0.761013,0.416073,0.248725,0.131485,0.133568,0.037806,-0.173602,-0.099129,0.156826,0.192983,0.066096,-0.050590,0.211898,0.114062,0.293949,0.270637,0.035551,0.100528,0.015702,0.109264,-0.087320,0.028078,-0.022043,-0.063780,0.386455,0.418014,0.099014,0.203103,0.322962,0.296813,0.320242,0.480710,0.349070,0.555479,0.490190,0.527021,0.269974,0.200452,0.512443,0.411770,0.340514,0.349272,0.903412,0.393447,0.632455,0.445849,0.117299,0.244247,0.247712,0.145486,0.287384,0.267372,0.257440,0.211907,0.199202,0.180875,0.141060,0.144357,0.503619,0.387270,0.058512,-0.139197,0.182729,0.020242,0.235491,0.216393,0.268760,-0.047504,0.126577,-0.057674,0.419236,0.196638
0.519324,0.534206,0.039170,0.390115,-0.062522,0.020552,0.163311,0.683562,0.356654,0.124696,0.451508,0.768665,0.501683,0.000000,0.272578,0.517393,0.231838,0.224857,0.361519,0.469220,0.149850,0.126394,-0.272133,-0.094986,-0.350359,-0.257391,0.004378,0.101562,-0.017440,0.047721,-0.155154,-0.119834,0.229692,0.304448,-0.148814,-0.003423,-0.086832,0.150916,-0.200523,-0.091087,0.137683,0.061702,0.366679,0.398394,0.303921,0.412719,0.363224,0.509548,0.424354,0.635285,0.350480,0.433723,0.440507,0.377161,0.298828,0.156933,0.486850,0.491757,0.253876,0.429777,0.465255,0.599678,0.474128,0.487386,-0.083601,0.350225,0.195881,0.323777,0.350233,0.371272,0.318507,0.137922,0.370951,0.189591,0.343219,0.171234,0.370616,0.366864,0.075481,0.096860,0.260284,0.222036,0.237428,0.464118,0.335953,0.329421,0.164253,0.022757,0.257602,0.238827
0.360483,0.284631,0.609038,0.283804,0.457702,0.203074,0.662133,0.288451,0.426902,0.027416,0.464755,0.210875,0.721481,0.272578,0.000000,0.388431,-0.031143,0.225935,0.737260,0.415637,0.446986,0.341699,0.482853,0.261700,0.179219,0.151962,0.433910,0.415078,0.148586,-0.053941,0.539898,0.404578,0.268747,0.282696,0.213912,0.193659,-0.038646,0.078938,0.018576,0.124504,0.110788,0.134494,0.379418,0.296646,0.133950,0.162736,0.334529,0.299816,0.155330,0.298357,0.166383,0.345367,0.335998,0.315608,0.260403,0.168362,0.318142,0.335697,0.226913,0.298736,0.490104,0.142082,0.363249,0.260376,0.141224,0.087482,0.339095,0.245223,0.226773,0.202002,0.245344,0.343325,0.124305,0.181392,0.125796,0.079835,0.430785,0.301611,0.020794,-0.016242,0.117444,-0.034296,0.446383,0.195279,0.234803,-0.121382,0.269414,-0.014262,0.550877,0.122500
0.407563,0.493631,0.145996,0.373309,0.135938,0.123981,0.355341,0.526656,0.310449,0.316746,0.322968,0.385528,0.342117,0.517393,0.388431,0.000000,0.157525,0.261194,0.445633,0.508239,0.357697,0.054747,0.018071,0.270711,-0.149451,-0.112767,0.037617,0.055461,0.339110,0.380948,0.098769,0.209247,0.348591,0.503380,0.036437,0.368984,-0.057616,-0.000275,0.041174,0.104736,-0.011347,-0.157486,0.274991,0.227997,0.238369,0.418457,0.306333,0.327487,0.353782,0.416958,0.246407,0.409671,0.457976,0.448052,0.282533,0.178668,0.493539,0.435417,0.110381,0.390757,0.437069,0.374818,0.326004,0.373411,-0.001504,0.303834,0.259107,0.319912,0.267669,0.387579,0.203906,0.071769,0.276993,0.259678,0.198518,0.155763,0.518238,0.459673,0.118675,0.075668,0.269847,0.342379,0.320455,0.522499,0.407366,0.308243,-0.092769,0.001053,0.196503,0.439048
0.492967,0.422510,0.077549,0.171965,0.089021,0.058938,0.002426,0.106887,0.091134,-0.053393,0.401195,0.271624,0.118710,0.231838,-0.031143,0.157525,0.000000,0.436646,0.194014,0.405334,0.159695,0.109717,-0.225932,-0.075574,-0.075850,0.038407,0.026734,0.123733,0.369889,0.206369,0.003199,-0.006997,0.343635,0.389756,0.019142,0.161203,0.181756,0.047043,0.018293,0.193719,0.185118,0.047753,0.310163,0.385885,0.307928,0.371107,0.417006,0.374430,0.388358,0.427866,0.401441,0.412213,0.406768,0.409971,0.311612,0.285699,0.496282,0.417483,0.486061,0.408213,0.258198,0.055395,0.386899,0.194713,-0.163940,-0.101239,0.193894,0.289837,0.438651,0.331484,0.067286,-0.275545,0.360279,0.230290,0.227082,0.152174,0.345007,0.387086,0.498584,0.279293,0.699431,0.520443,0.302578,0.306891,0.221071,0.362669,0.038220,0.057786,-0.044819,0.186060
0.573001,0.647959,0.280254,0.264148,0.039648,0.093999,0.162835,0.182883,0.196405,0.059961,0.287813,0.507580,0.267392,0.224857,0.225935,0.261194,0.436646,0.000000,0.442965,0.602986,0.197491,0.040044,0.018916,0.015381,-0.048092,-0.021217,-0.012422,0.039888,0.198800,0.362553,0.080776,0.041823,0.314740,0.354726,-0.172960,-0.092011,0.017089,0.018237,-0.151139,0.180966,0.130345,-0.035907,0.157788,0.202290,0.306671,0.382608,0.289161,0.299926,0.401099,0.545122,0.287262,0.511949,0.395460,0.521160,0.223836,0.238409,0.479094,0.589391,0.305603,0.420171,0.187176,0.174785,0.259247,0.434256,-0.342671,-0.249076,0.052621,0.182820,0.515262,0.411506,0.241604,0.121724,0.406912,0.485833,0.301119,0.131864,0.295540,0.316533,0.284148,0.492255,0.477028,0.558218,0.116104,0.368605,0.122855,0.155366,-0.040629,-0.061842,0.037875,0.150305
0.807815,0.732471,0.827806,0.550233,0.262077,0.060116,0.935199,0.486794,0.352443,-0.086608,0.579493,0.494067,0.761013,0.361519,0.737260,0.445633,0.194014,0.442965,0.000000,1.053649,0.423164,0.100037,0.288775,0.250179,-0.059095,-0.013726,0.218853,0.238329,0.168566,0.178895,0.437784,0.338511,0.628341,0.658880,0.285537,0.270694,0.118626,0.153888,0.138078,0.251251,0.031757,0.028862,0.622319,0.486724,0.430775,0.501230,0.555473,0.597019,0.468074,0.675168,0.454448,0.665973,0.548938,0.546677,0.363082,0.408126,0.786354,0.769169,0.527880,0.646505,0.727932,0.291644,0.405454,0.388708,0.076288,0.179231,0.661118,0.599424,0.667942,0.660352,0.218893,0.095016,0.360694,0.470993,0.222805,0.389944,0.585072,0.563777,0.095196,0.073337,0.354694,0.207595,0.401683,0.499484,0.325125,0.087810,0.277543,0.065906,0.440764,0.357191
0.892510,0.987701,0.511654,0.642512,0.146361,0.081617,0.495948,0.631583,0.267191,-0.027172,0.422184,0.540952,0.416073,0.469220,0.415637,0.508239,0.405334,0.602986,1.053649,0.000000,0.431655,0.167790,0.048062,0.189480,-0.166862,-0.024174,0.130531,0.166566,0.277161,0.340534,0.309195,0.325906,0.808753,1.053882,0.145267,0.242966,0.077473,0.082034,-0.030997,0.225500,0.207228,0.062251,0.482439,0.376514,0.585635,0.722553,0.540334,0.654358,0.581332,0.788174,0.484872,0.589340,0.569942,0.583414,0.383131,0.413293,0.938502,1.020617,0.506638,0.723241,0.558581,0.376517,0.419901,0.532514,-0.051044,0.128894,0.568072,0.721384,0.973691,0.925650,0.234990,-0.029760,0.525090,0.571287,0.365285,0.428111,0.584182,0.709775,0.221924,0.262331,0.608817,0.460977,0.447868,0.669601,0.456451,0.385965,0.223438,0.173790,0.279102,0.494109
0.264143,0.312948,0.394361,0.248154,0.590525,0.389823,0.349720,0.165644,0.283970,0.230134,0.190559,0.182509,0.248725,0.149850,0.446986,0.357697,0.159695,0.197491,0.423164,0.431655,0.000000,0.396294,0.296399,0.366565,0.208627,0.306787,0.569604,0.540303,0.036568,-0.068216,0.467525,0.435661,0.301454,0.343817,0.197661,0.303629,0.167061,0.126910,0.108526,0.139294,0.010979,-0.112390,0.254176,0.132841,0.083216,0.124808,0.273086,0.145260,0.205655,0.210869,0.188553,0.259091,0.425006,0.362878,0.239526,0.154736,0.320997,0.262845,0.188239,0.226567,0.246215,-0.035667,0.119632,0.074919,0.005230,0.078560,0.266645,0.226318,0.214660,0.151960,0.314056,0.201532,0.268656,0.286683,0.269903,0.280887,0.278179,0.230958,0.131520,-0.130606,0.109487,0.108546,0.258940,0.191344,0.047289,0.041446,0.015544,-0.057344,0.301843,0.235649
0.111090,0.083654,0.117328,0.136885,0.453530,0.277860,0.036848,0.109876,0.192416,0.125707,0.059748,0.000551,0.131485,0.126394,0.341699,0.054747,0.109717,0.040044,0.100037,0.167790,0.396294,0.000000,0.099515,0.095058,0.084815,0.272943,0.321513,0.388493,-0.042987,-0.206531,0.245300,0.219941,-0.056019,0.043604,-0.120645,-0.075965,-0.067568,-0.009799,-0.072736,-0.007005,0.352600,0.343998,-0.048896,-0.108938,-0.086568,-0.049182,0.233561,0.045976,-0.011179,0.052379,0.040140,0.059927,0.115077,-0.000484,0.148816,0.095192,0.104593,0.115995,0.095656,0.061025,0.056130,0.010535,0.198416,0.070475,-0.108939,-0.034165,-0.043346,0.001388,0.058701,0.086386,0.338538,0.245979,0.204078,0.065368,0.243540,0.190788,0.102078,0.163149,0.021963,0.056393,0.031505,-0.033621,0.297365,-0.086577,-0.116319,-0.172618,0.074696,-0.182762,0.172047,-0.009234
0.077313,-0.037691,0.868140,0.382429,0.463243,0.267411,0.531853,-0.031270,0.020966,0.065072,0.065746,-0.237851,0.133568,-0.272133,0.482853,0.018071,-0.225932,0.018916,0.288775,0.048062,0.296399,0.099515,0.000000,1.094018,0.880795,0.713394,0.446912,0.339278,-0.025004,-0.091762,0.838839,0.601429,0.090102,0.041862,0.487766,0.408981,-0.018068,-0.052719,0.374531,0.263843,-0.220570,0.038501,0.187409,0.093582,0.135922,0.024141,0.140081,0.078337,0.031881,-0.014670,0.090351,0.021783,0.072251,0.064871,0.146124,0.152316,0.005319,-0.043391,0.050024,0.048091,0.108590,-0.231136,-0.160444,-0.269765,0.460624,-0.049877,0.270159,0.089253,0.012177,-0.051519,0.096932,0.387333,-0.021354,0.069529,0.030323,0.015225,0.097397,0.090545,-0.047225,-0.097544,-0.265756,-0.320354,0.103725,-0.050675,-0.014726,-0.238796,0.163972,0.115242,0.433181,0.029871
0.165644,0.097576,0.613401,0.550534,0.409530,0.242080,0.484513,0.178727,0.004259,0.282241,0.028347,-0.110619,0.037806,-0.094986,0.261700,0.270711,-0.075574,0.015381,0.250179,0.189480,0.366565,0.095058,1.094018,0.000000,0.596671,0.606143,0.368274,0.293071,0.062021,0.070652,0.673972,0.694781,0.241442,0.281010,0.523834,0.617999,-0.023533,-0.093740,0.331983,0.272631,-0.129837,0.036140,0.180733,0.078032,0.238806,0.198620,0.156910,0.189694,0.137381,0.046117,0.135291,0.041568,0.149419,0.184290,0.181164,0.195731,0.165498,0.080868,0.009881,0.138239,0.166582,-0.073344,-0.123519,-0.170104,0.454597,0.212544,0.376206,0.275991,0.096642,0.104969,0.192763,0.249272,0.059965,0.221637,0.134097,0.086168,0.181694,0.212379,0.046360,0.002232,-0.092036,-0.104386,0.193624,0.125530,0.171970,0.134904,0.148783,0.290686,0.346982,0.300702
-0.076768,-0.124360,0.447529,0.114999,0.585218,0.565987,0.068781,-0.297741,0.021448,0.205910,-0.223422,-0.510729,-0.173602,-0.350359,0.179219,-0.149451,-0.075850,-0.048092,-0.059095,-0.166862,0.208627,0.084815,0.880795,0.596671,0.000000,1.321246,0.661087,0.582142,0.075247,-0.068421,0.624605,0.461954,-0.084968,-0.133831,0.303407,0.220762,0.042722,-0.017161,0.431489,0.344555,-0.164213,-0.016652,0.021198,0.027229,0.104560,-0.107638,0.005492,-0.086454,0.006753,-0.100575,0.097963,-0.091906,-0.124357,-0.081389,0.089380,0.061198,-0.156521,-0.172697,-0.102960,-0.128157,-0.213163,-0.432427,-0.287819,-0.386112,0.345129,-0.150035,0.041162,-0.074556,-0.051719,-0.131588,0.072354,0.284403,-0.083783,-0.025714,-0.074911,-0.198407,-0.114601,-0.146208,0.144455,0.084061,-0.284402,-0.230241,0.006870,-0.179934,-0.223932,-0.235141,0.079063,-0.005387,0.122252,-0.249923
-0.045698,-0.045334,0.382694,0.240394,0.747550,0.743771,0.076433,-0.097269,0.109906,0.264109,-0.179121,-0.452440,-0.099129,-0.257391,0.151962,-0.112767,0.038407,-0.021217,-0.013726,-0.024174,0.306787,0.272943,0.713394,0.606143,1.321246,0.000000,0.695092,0.707184,0.084343,-0.058915,0.675302,0.597200,-0.043166,-0.037969,0.229967,0.200384,-0.038348,-0.053596,0.336000,0.318141,-0.042588,0.071101,0.026855,0.021062,0.074030,-0.088339,0.031205,-0.015532,-0.091746,-0.097461,0.023255,-0.168596,-0.126437,-0.059813,0.064338,0.082489,-0.084769,-0.128622,-0.122724,-0.144335,-0.148624,-0.337278,-0.205374,-0.312525,0.275408,-0.089457,0.029678,-0.007080,0.016740,-0.041020,0.137714,0.245761,0.032643,0.022239,0.056181,-0.089147,-0.134985,-0.078604,0.220472,0.095632,-0.133498,-0.172576,0.127560,-0.110100,-0.139400,-0.144871,0.134771,0.085741,0.073273,-0.171912
0.111774,0.125228,0.347992,0.070600,0.773335,0.522492,0.180306,-0.107597,0.250990,0.046823,0.023767,-0.172756,0.156826,0.004378,0.433910,0.037617,0.026734,-0.012422,0.218853,0.130531,0.569604,0.321513,0.446912,0.368274,0.661087,0.695092,0.000000,1.493563,-0.082312,-0.276779,0.631247,0.493877,0.171241,0.090967,0.457106,0.255275,0.209559,0.070052,0.322871,0.341983,0.055791,0.095229,0.157467,0.160904,0.148411,-0.035239,0.089802,0.033860,0.091420,0.023962,0.171022,0.013100,0.072862,0.139580,0.213902,0.081629,0.060641,0.051750,-0.000692,0.008368,0.092973,-0.241268,-0.004817,-0.103726,0.425176,0.060214,0.240154,0.096419,0.071396,0.028411,0.310255,0.307289,0.139512,0.208379,0.138840,0.136081,0.131550,0.019487,0.134378,-0.043796,-0.122424,-0.090200,0.239667,0.020310,0.008351,-0.024981,0.215597,0.171087,0.341401,-0.058531
0.168839,0.178926,0.324210,0.156971,0.773320,0.595477,0.163204,0.021141,0.351315,0.071952,0.014442,-0.145912,0.192983,0.101562,0.415078,0.055461,0.123733,0.039888,0.238329,0.166566,0.540303,0.388493,0.339278,0.293071,0.582142,0.707184,1.493563,0.000000,-0.112542,-0.263616,0.564036,0.494396,0.132560,0.084151,0.315665,0.145223,0.151026,0.045146,0.209043,0.363040,0.142991,0.155837,0.114832,0.126979,0.144425,-0.023798,0.133322,0.043309,0.060233,0.096326,0.119886,0.051996,0.058233,0.149120,0.214775,0.067972,0.097407,0.087755,-0.033038,0.017973,0.080011,-0.146181,0.034342,-0.045826,0.271797,0.028943,0.173206,0.086963,0.145961,0.080076,0.339841,0.288555,0.158056,0.161976,0.174278,0.071634,0.072002,0.008561,0.205701,0.007293,-0.069952,-0.067897,0.329995,0.056580,-0.014784,0.014232,0.262322,0.159806,0.297843,-0.075016
0.113084,0.133493,0.169672,0.230747,0.201222,0.014499,0.199846,0.214177,0.187496,0.129408,0.151231,0.052115,0.066096,-0.017440,0.148586,0.339110,0.369889,0.198800,0.168566,0.277161,0.036568,-0.042987,-0.025004,0.062021,0.075247,0.084343,-0.082312,-0.112542,0.000000,0.815259,0.213403,0.306463,0.407393,0.446106,0.032195,0.192348,0.135861,0.091221,0.289708,0.311125,-0.047228,-0.133768,0.264075,0.255777,0.247889,0.383618,0.260106,0.235723,0.260375,0.146749,0.236315,0.193483,0.104491,0.158622,0.144498,0.162732,0.197949,0.202281,0.147398,0.196930,0.139316,0.053418,0.264530,0.234543,0.061887,0.101747,0.304635,0.327615,0.193217,0.269546,0.072867,-0.160857,0.188314,0.158156,-0.099054,-0.008913,0.355353,0.258434,0.380986,0.435200,0.555404,0.515325,0.286711,0.369275,0.298544,0.253456,-0.084168,0.025901,-0.115622,0.173811
0.230263,0.325867,0.106806,0.361135,-0.085020,-0.114031,0.115145,0.336961,0.044064,0.033921,-0.002217,0.127839,-0.050590,0.047721,-0.053941,0.380948,0.206369,0.362553,0.178895,0.340534,-0.068216,-0.206531,-0.091762,0.070652,-0.068421,-0.058915,-0.276779,-0.263616,0.815259,0.000000,0.063280,0.226198,0.431561,0.497618,-0.045318,0.072555,-0.089792,-0.038779,0.069041,0.239880,-0.071305,-0.117185,0.146607,0.165569,0.333841,0.500685,0.193176,0.261255,0.213758,0.270300,0.082757,0.150319,0.048808,0.175139,0.117109,0.193380,0.289490,0.327901,0.072462,0.236484,0.062212,0.163174,0.118931,0.283396,-0.069305,0.009844,0.226377,0.294019,0.307001,0.358317,-0.018355,-0.247405,0.240212,0.381646,-0.053972,-0.056810,0.194887,0.198275,0.280858,0.532350,0.423546,0.615352,0.123817,0.501558,0.288425,0.311678,-0.153114,0.036404,-0.208439,0.155671
0.115704,0.125940,0.801577,0.373833,0.580705,0.252132,0.527844,0.080324,0.062855,-0.105808,0.129930,-0.171438,0.211898,-0.155154,0.539898,0.098769,0.003199,0.080776,0.437784,0.309195,0.467525,0.245300,0.838839,0.673972,0.624605,0.675302,0.631247,0.564036,0.213403,0.063280,0.000000,1.302440,0.405420,0.341548,0.528827,0.303900,0.143078,0.114218,0.309026,0.292137,-0.022634,0.089588,0.306730,0.183299,0.286884,0.146609,0.245692,0.226703,0.039152,0.084533,0.094058,0.002587,0.052763,0.054864,0.155020,0.195030,0.173460,0.127073,0.138633,0.130102,0.130805,-0.272481,0.003570,-0.178237,0.379122,-0.094306,0.479818,0.322601,0.173099,0.187064,0.214245,0.218052,0.169201,0.203325,0.064058,0.100524,0.161218,0.152381,0.113383,0.050519,0.038179,-0.107206,0.270680,0.113742,0.010044,-0.166107,0.372824,0.147738,0.261288,0.056627
0.076454,0.136719,0.578179,0.460671,0.554767,0.220494,0.416832,0.266377,0.147489,0.023866,0.006378,-0.189786,0.114062,-0.119834,0.404578,0.209247,-0.006997,0.041823,0.338511,0.325906,0.435661,0.219941,0.601429,0.694781,0.461954,0.597200,0.493877,0.494396,0.306463,0.226198,1.302440,0.000000,0.469867,0.459556,0.458859,0.298371,0.051435,0.050923,0.236414,0.291289,0.023184,0.087149,0.206235,0.104015,0.308718,0.225766,0.189132,0.181801,-0.005384,0.064785,-0.040868,-0.101899,-0.036687,0.011446,0.055629,0.101290,0.136187,0.116571,-0.039029,0.055453,0.071364,-0.137387,0.002217,-0.113599,0.364044,0.040865,0.439649,0.359520,0.191157,0.231093,0.211443,0.166146,0.189991,0.255237,0.079164,0.072829,0.177250,0.159649,0.146734,0.140234,0.055538,-0.023191,0.306446,0.150594,0.042411,-0.041336,0.292139,0.262585,0.125563,0.049253
0.628198,0.658494,0.416597,0.487876,0.117482,-0.133539,0.444645,0.491528,0.110779,-0.107259,0.289955,0.246197,0.293949,0.229692,0.268747,0.348591,0.343635,0.314740,0.628341,0.808753,0.301454,-0.056019,0.090102,0.241442,-0.084968,-0.043166,0.171241,0.132560,0.407393,0.431561,0.405420,0.469867,0.000000,1.429878,0.514460,0.402368,0.263510,0.011371,0.111624,0.324114,0.090362,-0.120698,0.525449,0.458624,0.723193,0.853600,0.428653,0.542472,0.512747,0.535350,0.417000,0.335336,0.365791,0.434349,0.344280,0.354023,0.653124,0.689511,0.401657,0.508127,0.517382,0.301126,0.271090,0.293357,0.285755,0.302588,0.818864,0.799721,0.691576,0.734870,0.097890,-0.162092,0.476346,0.461500,0.122628,0.233191,0.595688,0.559547,0.303476,0.316703,0.571855,0.484368,0.377927,0.595198,0.610403,0.486281,0.382664,0.378546,0.255739,0.387953
0.692919,0.788728,0.398164,0.600980,0.147382,-0.054929,0.461792,0.641783,0.128596,0.001406,0.297170,0.313724,0.270637,0.304448,0.282696,0.503380,0.389756,0.354726,0.658880,1.053882,0.343817,0.043604,0.041862,0.281010,-0.133831,-0.037969,0.090967,0.084151,0.446106,0.497618,0.341548,0.459556,1.429878,0.000000,0.351476,0.414625,0.126380,-0.040783,0.069721,0.272807,0.140597,-0.046751,0.458891,0.370439,0.713973,0.983735,0.496760,0.569296,0.571418,0.644706,0.430320,0.424328,0.418165,0.477797,0.343147,0.379784,0.807286,0.871956,0.386202,0.620239,0.509146,0.399176,0.340407,0.405489,0.165140,0.340671,0.755288,0.884057,0.778307,0.828617,0.118479,-0.196524,0.482760,0.498963,0.196773,0.325498,0.588388,0.610131,0.292189,0.348200,0.690946,0.529356,0.480236,0.673265,0.602341,0.528502,0.321141,0.332721,0.192739,0.454162
0.171986,0.039200,0.322385,0.109648,0.179596,-0.143742,0.347775,-0.054565,-0.199693,-0.279583,0.065233,-0.304909,0.035551,-0.148814,0.213912,0.036437,0.019142,-0.172960,0.285537,0.145267,0.197661,-0.120645,0.487766,0.523834,0.303407,0.229967,0.457106,0.315665,0.032195,-0.045318,0.528827,0.458859,0.514460,0.351476,0.000000,0.850064,0.406652,0.157291,0.504739,0.337418,0.010572,0.037990,0.470449,0.345497,0.531618,0.240066,0.228908,0.305680,0.127846,-0.046248,0.164323,-0.079326,0.106993,0.048307,0.179663,0.140245,0.100502,0.014831,0.076842,0.034896,0.198839,-0.267685,-0.184481,-0.389990,0.926220,0.204685,0.744620,0.402112,0.131403,0.100805,-0.131976,-0.120879,0.091254,0.166772,0.004714,0.161871,0.246637,0.174741,0.109205,-0.051948,-0.081297,-0.124022,0.174835,0.108084,0.320759,0.225116,0.381112,0.459923,0.382254,0.176823
0.300602,0.175877,0.251332,0.250728,0.166881,0.000862,0.355210,0.052530,-0.106967,0.032340,0.185295,-0.093017,0.100528,-0.003423,0.193659,0.368984,0.161203,-0.092011,0.270694,0.242966,0.303629,-0.075965,0.408981,0.617999,0.220762,0.200384,0.255275,0.145223,0.192348,0.072555,0.303900,0.298371,0.402368,0.414625,0.850064,0.000000,0.245209,0.150538,0.483447,0.298879,-0.029899,-0.031692,0.437865,0.330160,0.386378,0.311046,0.321896,0.337030,0.268243,0.111383,0.314371,0.130804,0.344701,0.235219,0.294706,0.228300,0.316267,0.134674,0.158510,0.179815,0.361175,-0.108995,0.021090,-0.163690,0.604753,0.288185,0.511739,0.383421,0.179466,0.212407,-0.065026,-0.146356,0.080119,0.105894,0.074214,0.149295,0.498975,0.433967,0.091019,-0.078126,0.045108,-0.003154,0.202827,0.157321,0.515236,0.320506,0.130052,0.361415,0.390572,0.410149
0.084908,0.100121,0.014862,-0.186214,0.038928,-0.247540,-0.022428,-0.263463,-0.121980,-0.239983,0.077257,0.031111,0.015702,-0.086832,-0.038646,-0.057616,0.181756,0.017089,0.118626,0.077473,0.167061,-0.067568,-0.018068,-0.023533,0.042722,-0.038348,0.209559,0.151026,0.135861,-0.089792,0.143078,0.051435,0.263510,0.126380,0.406652,0.245209,0.000000,0.500583,0.448114,0.270749,0.076516,-0.104457,0.221111,0.154141,0.167957,0.005706,0.305158,0.225566,0.152826,-0.070566,0.179951,0.114369,0.099279,0.136581,0.262741,0.181453,0.113855,0.092476,0.056027,-0.037655,0.015281,-0.272068,-0.025276,-0.125564,0.179626,-0.003509,0.264699,0.133818,0.122654,0.097305,-0.025427,-0.123161,0.102026,0.187927,-0.066908,0.107146,0.171772,0.167709,0.088197,0.049967,0.079654,0.031156,-0.073706,0.069473,0.071059,0.139485,0.130529,0.239862,0.121477,0.250592
0.036874,0.011519,0.018560,-0.097764,0.005038,-0.185329,-0.005768,-0.100931,0.032462,-0.192330,0.110579,0.136558,0.109264,0.150916,0.078938,-0.000275,0.047043,0.018237,0.153888,0.082034,0.126910,-0.009799,-0.052719,-0.093740,-0.017161,-0.053596,0.070052,0.045146,0.091221,-0.038779,0.114218,0.050923,0.011371,-0.040783,0.157291,0.150538,0.500583,0.000000,0.273355,0.181845,0.002295,0.177908,0.275745,0.246296,0.128279,0.052472,0.257912,0.246523,0.109489,0.087951,0.152528,0.119771,0.140097,0.082493,0.181147,0.124029,0.030390,-0.011667,0.079507,-0.030291,-0.014747,-0.131541,0.105516,-0.010586,0.065757,-0.029678,0.175380,0.122871,0.000863,-0.003866,-0.104622,-0.054458,-0.002775,0.166226,0.060882,0.185024,0.162550,0.161908,-0.065290,-0.118417,-0.057101,-0.057997,-0.123594,0.032857,0.061414,0.068341,0.030784,0.052889,0.031417,0.156291
0.049767,-0.003214,0.207368,0.071954,0.222325,-0.003331,0.165852,-0.163270,-0.055358,-0.073850,-0.022659,-0.301223,-0.087320,-0.200523,0.018576,0.041174,0.018293,-0.151139,0.138078,-0.030997,0.108526,-0.072736,0.374531,0.331983,0.431489,0.336000,0.322871,0.209043,0.289708,0.069041,0.309026,0.236414,0.111624,0.069721,0.504739,0.483447,0.448114,0.273355,0.000000,0.625613,-0.228207,-0.021488,0.245602,0.196414,0.276559,0.161378,0.273361,0.169466,0.220876,-0.015866,0.228794,0.033367,0.008795,-0.039403,0.271797,0.209991,0.122787,0.025099,0.151084,0.121071,0.078694,-0.251904,-0.123820,-0.249718,0.482138,0.134227,0.461224,0.313237,0.019704,-0.024526,-0.112424,-0.127026,-0.040878,-0.042728,-0.025648,0.101848,0.185868,0.134285,0.142594,0.024981,-0.028539,-0.023455,0.227628,0.106228,0.094382,0.085060,0.155399,0.253993,0.190305,0.137949
0.322881,0.259163,0.334614,0.260458,0.188526,0.034671,0.260466,0.052942,0.051064,-0.134384,0.062303,-0.096822,0.028078,-0.091087,0.124504,0.104736,0.193719,0.180966,0.251251,0.225500,0.139294,-0.007005,0.263843,0.272631,0.344555,0.318141,0.341983,0.363040,0.311125,0.239880,0.292137,0.291289,0.324114,0.272807,0.337418,0.298879,0.270749,0.181845,0.625613,0.000000,0.035065,0.059213,0.209956,0.252592,0.449168,0.296326,0.441535,0.317116,0.301934,0.274244,0.342765,0.251968,0.189242,0.256033,0.522724,0.409326,0.330864,0.271321,0.201154,0.288836,0.225185,-0.024380,0.156417,0.052135,0.341682,0.079687,0.382943,0.316547,0.309000,0.197781,-0.027344,-0.117469,0.231684,0.219248,0.097930,0.073701,0.287312,0.334804,0.414977,0.249729,0.171720,0.198639,0.381385,0.245559,0.258781,0.290913,0.195513,0.346335,0.282589,0.213088
0.142842,0.196334,-0.101439,0.064116,-0.026825,-0.094573,-0.098412,0.099209,0.118155,-0.113388,0.025792,0.023624,-0.022043,0.137683,0.110788,-0.011347,0.185118,0.130345,0.031757,0.207228,0.010979,0.352600,-0.220570,-0.129837,-0.164213,-0.042588,0.055791,0.142991,-0.047228,-0.071305,-0.022634,0.023184,0.090362,0.140597,0.010572,-0.029899,0.076516,0.002295,-0.228207,0.035065,0.000000,0.513408,-0.153029,-0.160080,0.121557,-0.012177,0.091741,0.139636,-0.019109,0.105803,-0.049079,0.013863,0.040727,0.083429,0.043130,-0.002850,0.098362,0.168154,-0.055546,-0.039018,0.071950,0.049824,0.214973,0.047264,0.010334,-0.115349,-0.079032,-0.012096,0.191431,0.172778,0.005246,-0.127056,0.165151,0.134975,0.127912,-0.039183,0.103857,0.220409,0.122340,0.254883,0.081135,-0.044898,0.209146,0.061509,0.044585,0.118531,0.278207,0.111691,0.134764,0.035438
0.113129,-0.039055,-0.035254,0.105332,-0.050863,-0.120345,-0.095117,0.029203,-0.021392,-0.200333,0.049866,-0.101928,-0.063780,0.061702,0.134494,-0.157486,0.047753,-0.035907,0.028862,0.062251,-0.112390,0.343998,0.038501,0.036140,-0.016652,0.071101,0.095229,0.155837,-0.133768,-0.117185,0.089588,0.087149,-0.120698,-0.046751,0.037990,-0.031692,-0.104457,0.177908,-0.021488,0.059213,0.513408,0.000000,0.028567,0.023687,0.087308,0.000880,0.072678,0.103646,-0.075767,0.004769,-0.072385,-0.124214,-0.118122,-0.127947,0.007750,-0.008661,-0.023260,-0.011322,0.010025,-0.036099,-0.104096,-0.033786,0.022372,-0.058660,0.026984,-0.123706,-0.016698,0.030991,0.024019,-0.027782,0.015168,0.109857,-0.025820,0.033227,0.149388,0.130532,-0.037782,-0.032344,-0.032379,0.165176,-0.046094,-0.180512,0.371534,0.021482,-0.001512,0.039750,0.295195,0.117604,0.059817,-0.000838
0.493810,0.238580,0.435418,0.357721,0.101731,-0.038344,0.459757,0.316227,0.026317,-0.201238,0.530244,0.204712,0.386455,0.366679,0.379418,0.274991,0.310163,0.157788,0.622319,0.482439,0.254176,-0.048896,0.187409,0.180733,0.021198,0.026855,0.157467,0.114832,0.264075,0.146607,0.306730,0.206235,0.525449,0.458891,0.470449,0.437865,0.221111,0.275745,0.245602,0.209956,-0.153029,0.028567,0.000000,1.361845,0.611655,0.622771,0.781370,0.865585,0.447656,0.418251,0.500142,0.338422,0.504230,0.361326,0.425951,0.283042,0.434350,0.323358,0.619109,0.519986,0.475392,0.113297,0.244156,0.119941,0.260907,0.207964,0.859598,0.720150,0.359901,0.353027,0.026718,0.067047,0.398361,0.307949,0.234931,0.345073,0.392796,0.284447,0.162245,0.077086,0.358523,0.269752,0.347725,0.380101,0.508718,0.328402,0.280375,0.153321,0.262027,0.367422
0.585204,0.304956,0.348030,0.364421,0.088572,0.000003,0.330729,0.312646,0.031332,-0.123422,0.521389,0.239945,0.418014,0.398394,0.296646,0.227997,0.385885,0.202290,0.486724,0.376514,0.132841,-0.108938,0.093582,0.078032,0.027229,0.021062,0.160904,0.126979,0.255777,0.165569,0.183299,0.104015,0.458624,0.370439,0.345497,0.330160,0.154141,0.246296,0.196414,0.252592,-0.160080,0.023687,1.361845,0.000000,0.634353,0.668881,0.701543,0.839815,0.567904,0.555095,0.649207,0.451526,0.594711,0.477678,0.538952,0.371835,0.448357,0.372878,0.663415,0.544527,0.493866,0.249326,0.393754,0.278932,0.237961,0.193393,0.659758,0.632392,0.381649,0.303972,0.046644,0.044403,0.443786,0.330497,0.254913,0.296233,0.407500,0.299530,0.244896,0.128418,0.373696,0.347232,0.256742,0.311856,0.529993,0.374073,0.147241,0.089432,0.201911,0.330365
0.638137,0.530593,0.357376,0.445694,-0.003494,-0.063158,0.314234,0.327095,-0.080173,-0.168706,0.237453,0.075909,0.099014,0.303921,0.133950,0.238369,0.307928,0.306671,0.430775,0.585635,0.083216,-0.086568,0.135922,0.238806,0.104560,0.074030,0.148411,0.144425,0.247889,0.333841,0.286884,0.308718,0.723193,0.713973,0.531618,0.386378,0.167957,0.128279,0.276559,0.449168,0.121557,0.087308,0.611655,0.634353,0.000000,1.097100,0.587703,0.745830,0.852011,0.730269,0.649100,0.388837,0.352754,0.348092,0.460128,0.405650,0.558654,0.545931,0.407418,0.510012,0.345126,0.152529,0.112990,0.097334,0.418191,0.170445,0.806870,0.850091,0.642825,0.580944,-0.004577,-0.131457,0.483233,0.380342,0.272260,0.178587,0.470103,0.481975,0.268498,0.430230,0.311015,0.303630,0.370862,0.424557,0.419190,0.452694,0.368595,0.328431,0.205849,0.307661
0.721891,0.667719,0.312106,0.651722,0.018877,-0.059923,0.322524,0.611348,0.017810,0.011154,0.367222,0.285000,0.203103,0.412719,0.162736,0.418457,0.371107,0.382608,0.501230,0.722553,0.124808,-0.049182,0.024141,0.198620,-0.107638,-0.088339,-0.035239,-0.023798,0.383618,0.500685,0.146609,0.225766,0.853600,0.983735,0.240066,0.311046,0.005706,0.052472,0.161378,0.296326,-0.012177,0.000880,0.622771,0.668881,1.097100,0.000000,0.569979,0.679679,0.907774,0.917608,0.666216,0.530242,0.429469,0.482885,0.429998,0.414278,0.756461,0.795092,0.549270,0.793805,0.498905,0.495232,0.303453,0.391191,0.197179,0.320795,0.829296,1.146362,0.754725,0.736774,0.032648,-0.166951,0.513921,0.396765,0.243065,0.205460,0.601339,0.554982,0.210603,0.378216,0.637628,0.561643,0.453177,0.631194,0.641515,0.646664,0.245518,0.304438,0.131227,0.494401
0.665887,0.460632,0.437045,0.475782,0.132497,-0.057713,0.347560,0.381137,0.055899,-0.142226,0.460437,0.262167,0.322962,0.363224,0.334529,0.306333,0.417006,0.289161,0.555473,0.540334,0.273086,0.233561,0.140081,0.156910,0.005492,0.031205,0.089802,0.133322,0.260106,0.193176,0.245692,0.189132,0.428653,0.496760,0.228908,0.321896,0.305158,0.257912,0.273361,0.441535,0.091741,0.072678,0.781370,0.701543,0.587703,0.569979,0.000000,1.087010,0.562119,0.655422,0.630157,0.696866,0.730051,0.589676,0.886612,0.715060,0.602567,0.566622,0.622648,0.613208,0.437224,0.237508,0.409067,0.289646,0.106917,0.140601,0.601598,0.600569,0.543772,0.410012,0.082628,-0.004797,0.491384,0.352252,0.321317,0.290541,0.533830,0.608961,0.255562,0.227103,0.326242,0.241280,0.361435,0.317244,0.364984,0.236871,0.201312,0.047786,0.357863,0.447735
0.746107,0.571962,0.353945,0.539428,-0.012605,-0.107476,0.374637,0.484136,0.000358,-0.233942,0.457770,0.317265,0.296813,0.509548,0.299816,0.327487,0.374430,0.299926,0.597019,0.654358,0.145260,0.045976,0.078337,0.189694,-0.086454,-0.015532,0.033860,0.043309,0.235723,0.261255,0.226703,0.181801,0.542472,0.569296,0.305680,0.337030,0.225566,0.246523,0.169466,0.317116,0.139636,0.103646,0.865585,0.839815,0.745830,0.679679,1.087010,0.000000,0.517261,0.675940,0.539285,0.534936,0.667370,0.562535,0.741117,0.760948,0.701754,0.611585,0.584192,0.659934,0.496976,0.266719,0.379898,0.293827,0.138625,0.136707,0.689257,0.757995,0.611450,0.523049,0.042190,-0.074651,0.596791,0.386324,0.437976,0.319712,0.517326,0.618038,0.253378,0.297595,0.440966,0.260487,0.311856,0.405131,0.520954,0.376163,0.400713,0.217952,0.328438,0.566872
