0.000000,1.625737,1.020790,0.849386,0.924418,0.777666,1.216279,0.550968,0.896448,0.650611,1.151307,0.279240,1.243195,0.438472,1.256101,0.708391,1.219475,0.615700,1.313365,0.989333,0.495478,0.519603,1.092600,0.768015,1.055720,0.940194,0.842620,0.525974,0.984684,0.298029,0.778846,0.802018,1.202876,1.200092,0.651152,0.707827,0.188253,0.245938,0.438641,0.502006,0.504443,0.376247,0.880922,0.706501,0.923354,0.858954,1.050438,0.982447,0.759516,0.636629,0.926748,0.750646,0.890112,0.911805,0.881333,0.906424,1.544312,1.359647,1.219010,1.146068,1.375439,0.525411,1.044514,0.316019,0.922927,0.454055,1.197892,1.128218,1.343725,1.176909,-0.076091,0.018646,0.612041,0.487971,0.421045,0.451965,0.101697,0.061927,0.947351,0.434391,0.944056,0.782237,0.899191,0.616573,1.233811,0.879955,0.740367,0.692075,1.000186,0.880100
1.625737,0.000000,0.835690,0.867108,1.037206,0.906551,1.292304,0.717042,1.018297,0.805408,1.012700,0.385813,1.127955,0.554235,1.201164,0.787086,1.207283,0.748725,1.286455,1.161845,0.521490,0.575430,1.068014,0.754090,0.943544,0.819523,0.800236,0.495100,1.012543,0.439506,0.828295,0.882652,1.253043,1.359695,0.560821,0.608210,0.136907,0.314598,0.397282,0.574448,0.531368,0.557911,0.818419,0.714105,0.784840,0.857519,1.007533,0.954418,0.706569,0.742975,0.812602,0.798643,0.950116,0.975887,0.936356,0.974040,1.286551,1.380033,1.058382,1.161491,1.183069,0.669305,1.038979,0.466764,0.808277,0.471495,1.029817,1.030856,1.196373,1.175381,0.002742,0.017077,0.740138,0.684245,0.533250,0.582922,0.182236,0.154488,0.958126,0.496889,0.951547,0.900798,0.917625,0.653169,0.973715,0.782003,0.753489,0.682069,0.962130,0.864355
1.020790,0.835690,0.000000,1.302079,0.607612,0.812405,0.992821,0.629429,0.579676,0.625138,0.804671,0.153726,0.871676,0.272426,1.131486,0.678306,0.657369,0.434905,1.190070,0.884303,0.570008,0.735341,1.376013,1.156795,0.985282,1.241771,1.029165,0.805731,0.532215,0.178017,0.874208,0.889978,0.860278,0.862640,0.904786,0.924749,0.266883,0.332225,0.459646,0.647998,0.408260,0.378511,0.773184,0.617898,0.938293,0.785613,0.930800,0.846103,0.795028,0.644465,1.110102,0.768927,0.881688,0.862950,0.795593,0.895716,0.843027,0.786272,0.853345,0.844577,0.834911,0.355149,0.592668,0.180825,1.069127,0.540475,1.130191,1.054697,0.939778,0.742770,0.054757,0.060688,0.538001,0.441107,0.368578,0.550829,0.101250,0.116384,0.591505,0.239827,0.514619,0.620127,0.631826,0.679939,1.168066,1.122231,0.713030,0.790289,0.934846,1.136734
0.849386,0.867108,1.302079,0.000000,0.765158,1.057490,1.025544,0.920162,0.810320,0.991932,0.738916,0.361415,0.870341,0.419256,1.193784,0.862857,0.575343,0.327723,1.179518,1.292808,0.601119,0.700174,1.327085,1.668788,0.965222,0.988534,0.901176,0.707975,0.456956,0.209716,0.688995,0.813145,0.801900,0.864306,0.715764,0.759963,0.112361,0.252943,0.363768,0.565033,0.440353,0.449064,0.710555,0.726616,0.766442,0.832795,0.873416,0.919708,0.778561,0.829703,0.956456,0.703613,1.052613,0.814713,0.744839,0.871596,0.658996,0.611121,0.717160,0.800313,0.702056,0.424598,0.617935,0.281761,0.989093,0.616352,0.986528,0.994295,0.900926,0.825213,0.078622,0.006021,0.577759,0.599759,0.485082,0.727966,0.249077,0.252947,0.538281,0.247701,0.514683,0.680509,0.647244,0.574324,0.909433,1.182393,0.726755,0.620642,0.805937,1.112198
0.924418,1.037206,0.607612,0.765158,0.000000,0.909036,0.997997,0.642984,1.550948,0.849404,0.582837,0.340966,0.743923,0.402668,1.025894,0.676010,0.751373,0.339244,1.057571,1.175408,0.387183,0.391517,0.698494,0.609907,0.871922,0.615850,0.648407,0.392098,0.727465,0.349396,0.492859,0.524230,0.938132,0.907464,0.450252,0.547282,0.147521,0.115200,0.436010,0.395099,0.486861,0.388681,0.905363,0.883987,0.817010,0.930100,0.963877,1.037095,0.754364,0.770641,0.754234,0.669130,0.869517,0.758313,0.743600,0.821418,0.817845,0.818677,0.864281,0.957233,0.888047,0.491540,0.816801,0.347657,0.708597,0.410630,0.968180,1.020350,0.923251,1.063296,-0.240052,-0.080659,0.480748,0.488957,0.444192,0.531202,0.281847,0.281622,0.749785,0.610023,0.818856,0.814374,1.007385,0.510542,0.673825,0.716689,0.743947,0.369132,0.670883,0.661788
0.777666,0.906551,0.812405,1.057490,0.909036,0.000000,1.038969,0.950118,0.867736,1.093184,0.576877,0.455803,0.754831,0.562729,1.011909,0.838445,0.724787,0.611580,0.887415,1.015246,0.520193,0.667472,0.878365,0.813567,0.828536,0.776656,0.761132,0.631792,0.675836,0.488204,0.781113,0.776563,0.957199,1.111725,0.497614,0.671106,0.007543,0.235729,0.385311,0.518270,0.470911,0.479610,0.712954,0.664877,0.780248,0.848636,0.827757,0.834861,0.822272,0.826381,0.776578,0.664333,0.906827,0.814516,0.738449,0.777308,0.718360,0.712207,0.841981,0.921392,0.856030,0.633437,0.771802,0.532105,0.806691,0.626140,0.870742,0.894702,0.795867,0.811510,0.125046,-0.006603,0.567128,0.739754,0.469520,0.603702,0.205487,0.223634,0.693999,0.401603,0.702352,0.877743,0.769235,0.642689,0.735279,0.841041,0.827451,0.671730,0.833687,0.779620
1.216279,1.292304,0.992821,1.025544,0.997997,1.038969,0.000000,1.003083,1.013836,0.873511,1.093014,0.551996,1.315554,0.678420,1.256996,0.892254,0.840736,0.514421,1.345813,1.197040,0.467374,0.547538,1.089850,0.838599,0.854116,0.727268,0.795310,0.460027,0.961017,0.446751,0.804879,0.850150,1.033417,1.129645,0.632385,0.650105,0.128044,0.217140,0.312010,0.439100,0.559586,0.485520,0.733030,0.666277,0.736986,0.786568,0.830408,0.833126,0.711666,0.763850,0.931618,0.906297,0.910689,0.896229,0.796154,0.792004,0.844030,0.814977,0.832489,0.882900,1.002333,0.623412,0.828241,0.442607,1.078720,0.671331,0.928220,0.937094,0.860995,0.806338,0.045914,0.066038,0.814523,0.777668,0.702821,0.806037,0.296935,0.265164,0.655134,0.377522,0.760341,0.776977,0.796898,0.604730,0.953004,0.882111,0.665601,0.547263,0.778118,0.759534
0.550968,0.717042,0.629429,0.920162,0.642984,0.950118,1.003083,0.000000,0.721809,0.963605,0.568449,0.801161,0.685934,0.783596,0.707567,0.651604,0.442962,0.424262,0.674205,0.862524,0.320587,0.412343,0.704605,0.724843,0.434370,0.374540,0.348219,0.199716,0.631622,0.551379,0.562621,0.702280,0.640687,0.783829,0.318760,0.331458,0.047084,0.296178,0.117839,0.331858,0.316929,0.487150,0.485707,0.534855,0.384989,0.544088,0.481056,0.568007,0.615329,0.774897,0.562096,0.712831,0.644640,0.531277,0.460888,0.468078,0.327682,0.330259,0.455948,0.614018,0.566922,0.841125,0.610244,0.654148,0.737564,0.843667,0.464195,0.544749,0.361820,0.502776,0.155444,0.142451,0.487883,0.809541,0.528210,0.675483,0.364711,0.368284,0.317165,0.188000,0.449840,0.612173,0.397533,0.386968,0.449516,0.629133,0.281295,0.282586,0.391718,0.477882
0.896448,1.018297,0.579676,0.810320,1.550948,0.867736,1.013836,0.721809,0.000000,0.890792,0.676026,0.533816,0.841091,0.540810,1.133652,0.665409,0.663118,0.289907,0.982080,1.208810,0.319523,0.310384,0.713378,0.670582,0.734881,0.535963,0.528598,0.270743,0.681871,0.362445,0.376619,0.456362,0.830377,0.857291,0.391890,0.471290,0.086065,0.105469,0.307341,0.353783,0.416978,0.338926,0.799533,0.911357,0.675819,0.831467,0.883137,1.044875,0.658802,0.810898,0.681639,0.717342,0.863155,0.829785,0.634847,0.812474,0.696872,0.674724,0.695319,0.817168,0.799114,0.533853,0.767232,0.355079,0.720408,0.479871,0.828557,0.894431,0.858609,1.065775,-0.237013,-0.119366,0.470229,0.512255,0.438162,0.544790,0.329044,0.302637,0.735466,0.433143,0.718407,0.712818,0.872427,0.430311,0.618318,0.751581,0.617099,0.371145,0.554872,0.629817
0.650611,0.805408,0.625138,0.991932,0.849404,1.093184,0.873511,0.963605,0.890792,0.000000,0.570099,0.594796,0.667044,0.627682,0.984701,1.003461,0.654576,0.310835,0.814859,1.039246,0.618015,0.571767,0.785066,0.900683,0.764203,0.642143,0.556140,0.438183,0.554563,0.367870,0.494144,0.556259,0.763584,0.819550,0.553142,0.611524,0.179867,0.141541,0.400926,0.317634,0.614450,0.402134,0.679746,0.769405,0.659192,0.752542,0.643159,0.771949,0.643585,0.802056,0.740229,0.630476,0.910345,0.705887,0.622556,0.676946,0.512456,0.496152,0.569577,0.683607,0.638571,0.525793,0.599071,0.502743,0.849542,0.725013,0.707373,0.775445,0.632493,0.741885,0.053021,-0.060509,0.520709,0.663886,0.642742,0.827308,0.414887,0.458541,0.533682,0.369186,0.614915,0.711546,0.625732,0.319639,0.610648,0.824112,0.610549,0.330848,0.588938,0.611210
1.151307,1.012700,0.804671,0.738916,0.582837,0.576877,1.093014,0.568449,0.676026,0.570099,0.000000,0.407956,1.550492,0.565449,1.068404,0.692181,0.840583,0.499274,1.170493,0.829556,0.493145,0.502582,0.895224,0.711077,0.692041,0.654841,0.560063,0.395880,0.792451,0.238428,0.570668,0.619442,0.736454,0.828602,0.757667,0.655182,0.233030,0.181667,0.311976,0.386506,0.513517,0.347567,0.624248,0.531012,0.674467,0.672123,0.701486,0.655646,0.492468,0.559450,0.739334,0.665123,0.604366,0.617295,0.558422,0.579027,0.839579,0.775742,0.606548,0.666592,0.783668,0.469956,0.631874,0.262850,0.892203,0.613384,0.770927,0.762643,0.832059,0.633625,-0.005141,0.077212,0.745145,0.561896,0.579336,0.552020,0.164541,0.145759,0.607559,0.299701,0.759454,0.604037,0.633379,0.471473,1.146326,0.782738,0.526574,0.481271,0.667594,0.644567
0.279240,0.385813,0.153726,0.361415,0.340966,0.455803,0.551996,0.801161,0.533816,0.594796,0.407956,0.000000,0.481484,1.331562,0.430253,0.588833,0.185554,0.230762,0.230935,0.441068,0.157409,0.098812,0.235921,0.343374,0.202734,0.043072,0.053048,-0.084840,0.442348,0.490285,0.108836,0.221626,0.316562,0.357727,0.100820,0.040298,-0.021203,-0.024716,0.020057,-0.076254,0.275739,0.380273,0.211871,0.367900,0.109982,0.284922,0.135740,0.315291,0.256269,0.516177,0.323668,0.456475,0.362835,0.288013,0.269258,0.270027,0.091290,0.024516,0.105129,0.202050,0.227139,0.599425,0.253654,0.501286,0.447021,0.653942,0.168437,0.243215,0.122023,0.270048,0.061771,0.137384,0.302300,0.559572,0.444200,0.487247,0.377075,0.259618,0.120746,0.085959,0.314883,0.380833,0.275622,0.083154,0.203998,0.394431,0.087360,0.060712,0.149215,0.154187
1.243195,1.127955,0.871676,0.870341,0.743923,0.754831,1.315554,0.685934,0.841091,0.667044,1.550492,0.481484,0.000000,0.740311,1.204242,0.822733,0.884023,0.531671,1.156033,0.902737,0.507416,0.515331,0.982730,0.781224,0.859912,0.795052,0.646717,0.427220,0.894569,0.351192,0.697285,0.783098,0.908327,0.963074,0.737583,0.638672,0.164035,0.189279,0.344039,0.383509,0.552929,0.483202,0.604818,0.549349,0.642394,0.677661,0.695738,0.726973,0.538344,0.580832,0.724428,0.671002,0.691495,0.716483,0.648499,0.689184,0.859430,0.835103,0.706613,0.767722,0.933862,0.512371,0.743583,0.326430,0.906146,0.570874,0.831163,0.839158,0.845631,0.771008,0.040637,0.174670,0.764543,0.660474,0.633491,0.656422,0.209643,0.158032,0.647474,0.410814,0.794613,0.670218,0.719133,0.500507,1.006777,0.785008,0.627694,0.506676,0.780547,0.720860
0.438472,0.554235,0.272426,0.419256,0.402668,0.562729,0.678420,0.783596,0.540810,0.627682,0.565449,1.331562,0.740311,0.000000,0.542303,0.773505,0.395293,0.436683,0.347060,0.482352,0.335141,0.280358,0.340778,0.355930,0.337081,0.206109,0.186704,0.086157,0.642050,0.623951,0.300593,0.407964,0.453727,0.515658,0.214612,0.169827,0.005272,0.142330,0.126211,0.089437,0.379996,0.542193,0.272496,0.374825,0.167085,0.332442,0.234738,0.375618,0.282047,0.500077,0.359129,0.516505,0.377699,0.391134,0.392400,0.373538,0.268981,0.233679,0.244878,0.328823,0.389065,0.668403,0.394601,0.568883,0.487252,0.520573,0.287698,0.351573,0.249335,0.376299,0.187294,0.209288,0.521413,0.765204,0.581119,0.587948,0.400390,0.261693,0.310691,0.252523,0.469191,0.508431,0.388090,0.225700,0.342004,0.432495,0.259172,0.166506,0.321506,0.269721
1.256101,1.201164,1.131486,1.193784,1.025894,1.011909,1.256996,0.707567,1.133652,0.984701,1.068404,0.430253,1.204242,0.542303,0.000000,1.010489,0.881247,0.467623,1.449086,1.263112,0.587304,0.655435,1.141584,1.031945,1.051338,1.004960,0.953501,0.678927,0.719361,0.321258,0.696545,0.729033,1.086753,1.073437,0.924963,0.937051,0.199977,0.161390,0.542713,0.481587,0.613943,0.421314,0.836921,0.788795,0.960266,0.940329,0.974079,1.033578,0.707082,0.740862,1.040915,0.717988,0.950829,0.859829,0.845229,1.018266,0.957332,0.923493,0.854185,0.982418,1.040491,0.537698,0.788711,0.366483,1.226700,0.643241,1.173675,1.183802,1.179937,1.057318,-0.030416,-0.001376,0.616747,0.589584,0.516104,0.700297,0.241868,0.202871,0.818739,0.488761,0.865683,0.836910,0.997505,0.559765,1.254885,1.145936,0.949210,0.669631,1.063873,1.094856
0.708391,0.787086,0.678306,0.862857,0.676010,0.838445,0.892254,0.651604,0.665409,1.003461,0.692181,0.588833,0.822733,0.773505,1.010489,0.000000,0.608193,0.378267,0.761537,0.877918,0.532807,0.585761,0.759529,0.806203,0.780929,0.639307,0.773039,0.669501,0.554397,0.384057,0.478798,0.537493,0.654942,0.677975,0.617826,0.717626,0.268018,0.229569,0.462605,0.469151,0.729794,0.634125,0.644974,0.704982,0.613160,0.736927,0.626912,0.737750,0.551287,0.691853,0.864554,0.668506,0.766566,0.720261,0.912514,0.837363,0.582242,0.522281,0.516325,0.555978,0.611553,0.408537,0.554761,0.327596,0.902586,0.598765,0.671537,0.736260,0.625762,0.614459,0.004367,0.021408,0.644374,0.731648,0.639068,0.908580,0.263618,0.252453,0.636452,0.531549,0.730504,0.865394,0.915107,0.595949,0.865916,1.030205,0.805588,0.481947,0.798798,0.827934
1.219475,1.207283,0.657369,0.575343,0.751373,0.724787,0.840736,0.442962,0.663118,0.654576,0.840583,0.185554,0.884023,0.395293,0.881247,0.608193,0.000000,0.900391,0.888498,0.767461,0.541291,0.548722,0.791618,0.529585,0.859927,0.771943,0.612174,0.437801,1.157513,0.541927,0.817397,0.707739,1.273163,1.150188,0.541472,0.572489,0.280635,0.267262,0.577619,0.390136,0.633866,0.419106,0.793467,0.650878,0.826820,0.823949,0.871874,0.844693,0.697164,0.624636,0.703488,0.612864,0.777926,0.778929,0.712708,0.748034,1.285447,1.304576,1.157390,1.098677,1.372978,0.591318,1.111289,0.512120,0.730865,0.460737,0.963810,0.974366,1.038155,1.003888,-0.035347,0.040272,0.533059,0.592640,0.331272,0.358115,-0.008364,-0.027052,1.066479,0.683178,1.219308,1.018643,0.857431,0.527810,0.921016,0.651618,0.715982,0.626163,0.820384,0.650355
0.615700,0.748725,0.434905,0.327723,0.339244,0.611580,0.514421,0.424262,0.289907,0.310835,0.499274,0.230762,0.531671,0.436683,0.467623,0.378267,0.900391,0.000000,0.439805,0.379529,0.329329,0.528901,0.503743,0.265660,0.376341,0.443854,0.298118,0.316154,0.801422,0.719005,0.771264,0.657069,0.745686,0.856576,0.286038,0.314905,0.072174,0.357132,0.289495,0.411625,0.259023,0.550513,0.327875,0.248771,0.360761,0.437553,0.444826,0.400939,0.429834,0.399924,0.345805,0.432362,0.398581,0.496583,0.488843,0.483810,0.710644,0.823301,0.682769,0.704208,0.783628,0.747405,0.733639,0.658116,0.347378,0.324153,0.467652,0.486895,0.538408,0.498161,0.244058,0.225366,0.469158,0.668465,0.178677,0.182061,-0.121661,-0.203842,0.623130,0.431048,0.671625,0.770921,0.463486,0.556309,0.531258,0.335998,0.432519,0.682336,0.683360,0.493468
1.313365,1.286455,1.190070,1.179518,1.057571,0.887415,1.345813,0.674205,0.982080,0.814859,1.170493,0.230935,1.156033,0.347060,1.449086,0.761537,0.888498,0.439805,0.000000,1.485909,0.616744,0.672803,1.359983,1.071527,1.076037,1.038576,0.973368,0.619951,0.711137,0.194837,0.775800,0.794743,1.049367,1.109280,0.881633,0.911113,0.222436,0.201559,0.438353,0.601369,0.562873,0.372522,0.907900,0.739679,1.034480,0.947273,1.140849,0.974212,0.736794,0.729429,1.008053,0.797076,1.032060,0.924801,0.810340,0.888911,1.039737,1.025946,0.914771,1.018675,0.978478,0.479446,0.791677,0.302488,1.081995,0.571580,1.261034,1.194519,1.269743,0.970064,-0.097768,-0.067046,0.758963,0.573351,0.613124,0.688908,0.237162,0.241061,0.754599,0.400061,0.784950,0.759547,0.837929,0.624617,1.235296,1.004598,0.783433,0.590078,0.900468,1.014480
0.989333,1.161845,0.884303,1.292808,1.175408,1.015246,1.197040,0.862524,1.208810,1.039246,0.829556,0.441068,0.902737,0.482352,1.263112,0.877918,0.767461,0.379529,1.485909,0.000000,0.583476,0.601221,1.101016,1.121105,0.946789,0.778140,0.818327,0.493444,0.634935,0.300240,0.608342,0.682039,1.020112,1.071739,0.598376,0.715347,0.124388,0.164392,0.403550,0.532024,0.583508,0.442403,0.961531,0.979566,0.877705,1.055469,1.117771,1.146780,0.823405,1.045339,0.917523,0.838605,1.183301,0.897880,0.829739,0.947530,0.813438,0.750736,0.809402,0.940372,0.815727,0.542149,0.808547,0.408737,0.928243,0.612843,1.118513,1.160863,1.111786,1.069587,-0.151326,-0.121595,0.746822,0.724784,0.668790,0.800333,0.372298,0.353110,0.753593,0.401261,0.808168,0.885432,0.878239,0.570086,0.902285,1.039827,0.760109,0.513546,0.754510,0.954103
0.495478,0.521490,0.570008,0.601119,0.387183,0.520193,0.467374,0.320587,0.319523,0.618015,0.493145,0.157409,0.507416,0.335141,0.587304,0.532807,0.541291,0.329329,0.616744,0.583476,0.000000,1.137205,0.596658,0.612551,0.727044,0.757066,0.593342,0.581762,0.326877,0.114487,0.604730,0.546167,0.618240,0.619642,0.627942,0.591352,0.135928,0.031089,0.481763,0.295629,0.513368,0.183825,0.440438,0.391006,0.624344,0.523689,0.521659,0.476638,0.437695,0.460093,0.539874,0.385401,0.579153,0.471216,0.472027,0.574080,0.603032,0.586168,0.492043,0.542935,0.423375,0.260607,0.227541,0.279457,0.527632,0.279788,0.737220,0.718057,0.643326,0.495962,0.274213,0.086257,0.592771,0.428780,0.563384,0.600510,0.342592,0.382578,0.507030,0.170044,0.392506,0.389282,0.259909,0.187718,0.610490,0.636602,0.559039,0.403361,0.604932,0.598873
0.519603,0.575430,0.735341,0.700174,0.391517,0.667472,0.547538,0.412343,0.310384,0.571767,0.502582,0.098812,0.515331,0.280358,0.655435,0.585761,0.548722,0.528901,0.672803,0.601221,1.137205,0.000000,0.723751,0.691683,0.731547,0.861524,0.746320,0.640039,0.347663,0.230542,0.849343,0.753515,0.677028,0.712816,0.673526,0.707288,0.130711,0.166631,0.461218,0.469297,0.401467,0.263862,0.414066,0.330926,0.605635,0.502289,0.535614,0.449804,0.454487,0.429379,0.619224,0.483364,0.661211,0.595091,0.554967,0.677085,0.642320,0.650970,0.517635,0.558122,0.495635,0.329435,0.276872,0.364522,0.574185,0.300521,0.706196,0.695940,0.640287,0.484493,0.352631,0.165233,0.524692,0.484949,0.465102,0.618294,0.223344,0.302294,0.574474,0.196790,0.358390,0.461055,0.326332,0.372055,0.693630,0.696999,0.656047,0.586697,0.750027,0.768648
1.092600,1.068014,1.376013,1.327085,0.698494,0.878365,1.089850,0.704605,0.713378,0.785066,0.895224,0.235921,0.982730,0.340778,1.141584,0.759529,0.791618,0.503743,1.359983,1.101016,0.596658,0.723751,0.000000,1.488619,1.122467,1.214527,0.927352,0.599052,0.620112,0.247794,0.929102,0.946413,0.924456,0.959314,0.748762,0.708435,0.265116,0.387191,0.329901,0.596025,0.478521,0.437235,0.710679,0.570481,0.840167,0.721428,0.888596,0.820523,0.716704,0.679190,0.898009,0.765347,1.025696,1.006963,0.741479,0.790781,0.873687,0.854827,0.888585,0.951832,0.876293,0.435145,0.688491,0.288062,1.024192,0.534306,1.018746,0.952091,0.970919,0.871852,0.094372,0.088805,0.591267,0.541957,0.455883,0.562887,0.089302,0.151320,0.655288,0.279851,0.600858,0.662316,0.638616,0.661999,1.084688,1.002656,0.628274,0.680687,0.836690,0.991933
0.768015,0.754090,1.156795,1.668788,0.609907,0.813567,0.838599,0.724843,0.670582,0.900683,0.711077,0.343374,0.781224,0.355930,1.031945,0.806203,0.529585,0.265660,1.071527,1.121105,0.612551,0.691683,1.488619,0.000000,1.005931,1.023155,0.830224,0.571220,0.377121,0.154304,0.643116,0.766826,0.711661,0.733417,0.752741,0.706888,0.206020,0.240667,0.321386,0.456291,0.455007,0.331871,0.619407,0.593160,0.727811,0.696226,0.731001,0.756416,0.676102,0.711335,0.866549,0.633406,1.015111,0.808061,0.625718,0.725465,0.606215,0.534583,0.602374,0.660485,0.599473,0.356831,0.470834,0.251624,0.985684,0.603120,0.849537,0.842432,0.797687,0.711549,0.060318,0.028501,0.479681,0.513148,0.445122,0.669666,0.219034,0.245395,0.458715,0.171478,0.431421,0.574493,0.525089,0.461038,0.870407,1.122955,0.558080,0.507837,0.679849,0.977155
1.055720,0.943544,0.985282,0.965222,0.871922,0.828536,0.854116,0.434370,0.734881,0.764203,0.692041,0.202734,0.859912,0.337081,1.051338,0.780929,0.859927,0.376341,1.076037,0.946789,0.727044,0.731547,1.122467,1.005931,0.000000,1.485510,1.116399,0.661061,0.677980,0.281795,0.830048,0.806943,1.106099,0.939377,0.762120,0.792539,0.309904,0.149735,0.621916,0.442493,0.638249,0.401169,0.825730,0.693461,1.041007,0.833056,0.957560,0.902543,0.733480,0.621534,0.980775,0.602032,1.013128,0.844480,0.791676,0.841571,1.038372,0.931632,0.938685,0.898911,0.879570,0.295320,0.617586,0.239496,0.906207,0.431731,1.284078,1.175852,1.103816,1.056121,-0.053709,0.023577,0.458080,0.321683,0.386651,0.463910,0.104998,0.153141,0.836962,0.447774,0.738040,0.753146,0.854296,0.595741,0.969478,0.985797,0.872486,0.596900,0.889245,0.851551
0.940194,0.819523,1.241771,0.988534,0.615850,0.776656,0.727268,0.374540,0.535963,0.642143,0.654841,0.043072,0.795052,0.206109,1.004960,0.639307,0.771943,0.443854,1.038576,0.778140,0.757066,0.861524,1.214527,1.023155,1.485510,0.000000,1.194902,0.868953,0.510493,0.168802,0.932989,0.869164,0.954836,0.857236,0.884439,0.826206,0.321959,0.227516,0.644797,0.572850,0.518941,0.319578,0.672967,0.515506,0.999753,0.713138,0.863662,0.755703,0.676402,0.487838,0.884402,0.512796,0.871554,0.814595,0.759964,0.845152,0.933770,0.932222,0.873197,0.862738,0.782976,0.238802,0.506003,0.164236,0.802698,0.346311,1.160724,1.014088,1.059572,0.854406,0.070428,0.069501,0.425375,0.287628,0.311111,0.430558,0.009928,0.047788,0.699996,0.339637,0.572755,0.611959,0.665581,0.604715,1.014658,0.926082,0.871048,0.800069,1.012586,1.036343
0.842620,0.800236,1.029165,0.901176,0.648407,0.761132,0.795310,0.348219,0.528598,0.556140,0.560063,0.053048,0.646717,0.186704,0.953501,0.773039,0.612174,0.298118,0.973368,0.818327,0.593342,0.746320,0.927352,0.830224,1.116399,1.194902,0.000000,1.075480,0.433463,0.130390,0.716630,0.667235,0.756383,0.690318,0.749687,0.829794,0.201129,0.243086,0.596209,0.691774,0.532559,0.344663,0.659107,0.528911,0.881431,0.680880,0.897917,0.728011,0.588485,0.483406,0.947756,0.525799,0.855044,0.783788,0.997733,0.950144,0.820501,0.812116,0.774261,0.724877,0.671894,0.198040,0.491392,0.130411,0.756144,0.287972,1.014353,0.889235,1.001967,0.718114,0.024965,-0.068931,0.465501,0.338953,0.341229,0.548404,0.084390,0.098023,0.675204,0.377081,0.561775,0.637632,0.839218,0.734780,0.947369,0.931080,1.066189,0.809194,1.068791,1.105812
0.525974,0.495100,0.805731,0.707975,0.392098,0.631792,0.460027,0.199716,0.270743,0.438183,0.395880,-0.084840,0.427220,0.086157,0.678927,0.669501,0.437801,0.316154,0.619951,0.493444,0.581762,0.640039,0.599052,0.571220,0.661061,0.868953,1.075480,0.000000,0.183377,0.012682,0.472234,0.407614,0.425314,0.436667,0.682012,0.777645,0.194807,0.261419,0.669937,0.769550,0.494052,0.363612,0.480208,0.392837,0.709275,0.567978,0.658789,0.554477,0.487273,0.375344,0.769285,0.358078,0.542003,0.535743,0.878452,0.789985,0.594061,0.625532,0.583495,0.564647,0.437876,0.045007,0.294104,-0.030637,0.506448,0.196920,0.758835,0.687850,0.748476,0.441787,0.113051,-0.057339,0.383828,0.298083,0.225811,0.446867,-0.026922,-0.031949,0.471275,0.349656,0.376093,0.536094,0.647575,0.681936,0.783462,0.779345,1.069588,0.871627,1.090097,1.040739
0.984684,1.012543,0.532215,0.456956,0.727465,0.675836,0.961017,0.631622,0.681871,0.554563,0.792451,0.442348,0.894569,0.642050,0.719361,0.554397,1.157513,0.801422,0.711137,0.634935,0.326877,0.347663,0.620112,0.377121,0.677980,0.510493,0.433463,0.183377,0.000000,0.848243,0.802283,0.816179,1.023373,0.984214,0.368087,0.368843,0.221265,0.359620,0.308478,0.341108,0.396229,0.510795,0.630369,0.545487,0.531901,0.565007,0.665398,0.643117,0.525219,0.491978,0.534855,0.568015,0.520107,0.574098,0.538018,0.486620,0.804043,0.794223,0.758739,0.771298,0.995664,0.705902,0.981937,0.550468,0.657500,0.526388,0.641808,0.649003,0.618178,0.720604,-0.055316,0.181537,0.533700,0.601124,0.300137,0.296402,0.070496,0.030099,0.768664,0.587339,1.044233,0.920125,0.761869,0.603228,0.666183,0.499754,0.439681,0.460411,0.526110,0.377070
0.298029,0.439506,0.178017,0.209716,0.349396,0.488204,0.446751,0.551379,0.362445,0.367870,0.238428,0.490285,0.351192,0.623951,0.321258,0.384057,0.541927,0.719005,0.194837,0.300240,0.114487,0.230542,0.247794,0.154304,0.281795,0.168802,0.130390,0.012682,0.848243,0.000000,0.478932,0.499614,0.556669,0.551037,0.079343,0.049910,0.194789,0.309206,0.219839,0.152485,0.281210,0.499132,0.209047,0.229898,0.141905,0.253852,0.209506,0.275068,0.279162,0.356381,0.200992,0.319697,0.285374,0.307906,0.217332,0.217492,0.251606,0.300221,0.320134,0.374952,0.463973,0.680621,0.496002,0.794009,0.297986,0.386530,0.203349,0.243938,0.173268,0.344805,0.112562,0.284496,0.245481,0.604731,0.127509,0.228087,0.053761,-0.035918,0.438176,0.536585,0.562623,0.708023,0.436435,0.368859,0.164349,0.206718,0.178771,0.287285,0.222233,0.169243
0.778846,0.828295,0.874208,0.688995,0.492859,0.781113,0.804879,0.562621,0.376619,0.494144,0.570668,0.108836,0.697285,0.300593,0.696545,0.478798,0.817397,0.771264,0.775800,0.608342,0.604730,0.849343,0.929102,0.643116,0.830048,0.932989,0.716630,0.472234,0.802283,0.478932,0.000000,1.688584,1.081035,0.984090,0.527588,0.536733,0.085451,0.327776,0.349525,0.407988,0.318477,0.439940,0.445577,0.275480,0.586646,0.474088,0.563680,0.453419,0.517768,0.371639,0.524198,0.414434,0.560263,0.573136,0.527757,0.541153,0.807584,0.876141,0.735024,0.756140,0.784973,0.460658,0.546835,0.369795,0.603046,0.321789,0.693071,0.639270,0.638011,0.624131,0.339490,0.398808,0.558328,0.523094,0.334354,0.359165,0.010667,0.030546,0.604859,0.347263,0.535406,0.545670,0.447078,0.540686,0.665212,0.490070,0.526351,0.654863,0.701763,0.616980
0.802018,0.882652,0.889978,0.813145,0.524230,0.776563,0.850150,0.702280,0.456362,0.556259,0.619442,0.221626,0.783098,0.407964,0.729033,0.537493,0.707739,0.657069,0.794743,0.682039,0.546167,0.753515,0.946413,0.766826,0.806943,0.869164,0.667235,0.407614,0.816179,0.499614,1.688584,0.000000,1.037124,1.026649,0.531261,0.516243,0.047118,0.394382,0.265397,0.464996,0.228741,0.454809,0.486984,0.344809,0.552188,0.513409,0.589039,0.509810,0.549908,0.436243,0.527050,0.422611,0.559897,0.569133,0.528784,0.557176,0.743677,0.782560,0.643910,0.673469,0.723189,0.480041,0.537331,0.345778,0.611554,0.350886,0.662746,0.629165,0.602083,0.640998,0.299715,0.386771,0.588248,0.561873,0.343668,0.416916,0.118869,0.119867,0.588272,0.319668,0.505879,0.560205,0.432560,0.546472,0.637934,0.529402,0.451526,0.625229,0.627394,0.626476
1.202876,1.253043,0.860278,0.801900,0.938132,0.957199,1.033417,0.640687,0.830377,0.763584,0.736454,0.316562,0.908327,0.453727,1.086753,0.654942,1.273163,0.745686,1.049367,1.020112,0.618240,0.677028,0.924456,0.711661,1.106099,0.954836,0.756383,0.425314,1.023373,0.556669,1.081035,1.037124,0.000000,1.580843,0.603603,0.683774,0.116480,0.115795,0.523445,0.380804,0.504605,0.439524,0.865689,0.719232,0.994330,0.978423,0.952171,0.942723,0.854905,0.738649,0.823210,0.654443,0.934176,0.791986,0.736732,0.859062,1.221481,1.166355,1.178346,1.219979,1.368304,0.691784,0.987416,0.578815,0.884191,0.561975,1.207965,1.232426,1.079185,1.258935,-0.042551,0.090564,0.576515,0.566004,0.428509,0.475618,0.134226,0.094342,1.029588,0.581557,1.075014,0.965933,0.844949,0.538102,0.917929,0.740015,0.735766,0.640324,0.891392,0.768891
1.200092,1.359695,0.862640,0.864306,0.907464,1.111725,1.129645,0.783829,0.857291,0.819550,0.828602,0.357727,0.963074,0.515658,1.073437,0.677975,1.150188,0.856576,1.109280,1.071739,0.619642,0.712816,0.959314,0.733417,0.939377,0.857236,0.690318,0.436667,0.984214,0.551037,0.984090,1.026649,1.580843,0.000000,0.604951,0.699516,0.081263,0.225855,0.404254,0.521422,0.422944,0.468714,0.902075,0.731844,0.947325,1.033198,1.037228,0.968494,0.884392,0.841208,0.767532,0.698516,0.868583,0.800856,0.735280,0.882944,1.106741,1.139993,1.056731,1.170134,1.241215,0.751753,0.977910,0.609373,0.828821,0.556660,1.129590,1.167918,1.054200,1.123291,0.039770,0.026828,0.774127,0.761071,0.505076,0.529809,0.239816,0.208381,1.033022,0.438754,0.962262,0.950421,0.727610,0.572236,0.879989,0.755225,0.692787,0.679715,0.885956,0.790765
0.651152,0.560821,0.904786,0.715764,0.450252,0.497614,0.632385,0.318760,0.391890,0.553142,0.757667,0.100820,0.737583,0.214612,0.924963,0.617826,0.541472,0.286038,0.881633,0.598376,0.627942,0.673526,0.748762,0.752741,0.762120,0.884439,0.749687,0.682012,0.368087,0.079343,0.527588,0.531261,0.603603,0.604951,0.000000,1.191409,0.302577,0.134106,0.476040,0.321191,0.454554,0.208886,0.497651,0.395098,0.786794,0.573094,0.562759,0.505774,0.432843,0.349840,0.749963,0.373213,0.522090,0.445203,0.452241,0.533914,0.570749,0.587606,0.475833,0.523850,0.610821,0.279722,0.347333,0.163721,0.907696,0.599432,0.758992,0.742048,0.705297,0.438975,0.033717,0.024340,0.455612,0.276974,0.384370,0.499356,0.163130,0.173800,0.385696,0.332183,0.446291,0.461960,0.531453,0.327229,0.941510,0.737178,0.695058,0.431959,0.729489,0.690939
0.707827,0.608210,0.924749,0.759963,0.547282,0.671106,0.650105,0.331458,0.471290,0.611524,0.655182,0.040298,0.638672,0.169827,0.937051,0.717626,0.572489,0.314905,0.911113,0.715347,0.591352,0.707288,0.708435,0.706888,0.792539,0.826206,0.829794,0.777645,0.368843,0.049910,0.536733,0.516243,0.683774,0.699516,1.191409,0.000000,0.181833,0.120605,0.525415,0.514458,0.490283,0.256250,0.740773,0.628628,0.923523,0.792002,0.797444,0.704907,0.546814,0.472406,0.904983,0.511393,0.642681,0.577732,0.612610,0.727351,0.724637,0.664437,0.553045,0.565388,0.658723,0.277768,0.465695,0.159426,0.890714,0.589695,0.886471,0.907480,0.819477,0.558480,-0.109548,-0.182850,0.518759,0.340414,0.401616,0.553260,0.236701,0.263452,0.599079,0.394792,0.513552,0.601701,0.669892,0.481780,1.007443,0.867779,0.887268,0.546422,0.833786,0.821185
0.188253,0.136907,0.266883,0.112361,0.147521,0.007543,0.128044,0.047084,0.086065,0.179867,0.233030,-0.021203,0.164035,0.005272,0.199977,0.268018,0.280635,0.072174,0.222436,0.124388,0.135928,0.130711,0.265116,0.206020,0.309904,0.321959,0.201129,0.194807,0.221265,0.194789,0.085451,0.047118,0.116480,0.081263,0.302577,0.181833,0.000000,0.329181,0.574359,0.216071,0.568333,0.228850,0.296330,0.214805,0.353306,0.243308,0.227322,0.221654,0.273030,0.226752,0.348201,0.309605,0.188451,0.231818,0.256234,0.188146,0.131285,0.156672,0.175984,0.241694,0.191127,0.044545,0.142248,0.039034,0.355076,0.334878,0.231791,0.250806,0.140974,0.137986,-0.170375,0.047289,0.052552,0.089632,0.035274,0.086593,-0.172369,-0.082708,0.128294,0.321996,0.258009,0.333368,0.285271,0.194871,0.315259,0.351214,0.160051,0.155022,0.170191,0.245720
0.245938,0.314598,0.332225,0.252943,0.115200,0.235729,0.217140,0.296178,0.105469,0.141541,0.181667,-0.024716,0.189279,0.142330,0.161390,0.229569,0.267262,0.357132,0.201559,0.164392,0.031089,0.166631,0.387191,0.240667,0.149735,0.227516,0.243086,0.261419,0.359620,0.309206,0.327776,0.394382,0.115795,0.225855,0.134106,0.120605,0.329181,0.000000,0.037975,0.761307,-0.025861,0.473084,0.244390,0.180895,0.109824,0.126748,0.311493,0.246948,0.219364,0.186394,0.157324,0.301661,0.095145,0.263951,0.324976,0.245991,0.143489,0.238708,0.225581,0.282390,0.220682,0.208857,0.290427,0.029287,0.161578,0.072452,0.127565,0.122702,0.112246,0.122719,0.122953,0.255444,0.226026,0.317216,0.038185,0.016724,-0.020659,0.085921,0.209177,0.201630,0.134231,0.314541,0.236775,0.632570,0.241070,0.251383,0.113863,0.431966,0.229788,0.260681
0.438641,0.397282,0.459646,0.363768,0.436010,0.385311,0.312010,0.117839,0.307341,0.400926,0.311976,0.020057,0.344039,0.126211,0.542713,0.462605,0.577619,0.289495,0.438353,0.403550,0.481763,0.461218,0.329901,0.321386,0.621916,0.644797,0.596209,0.669937,0.308478,0.219839,0.349525,0.265397,0.523445,0.404254,0.476040,0.525415,0.574359,0.037975,0.000000,0.318548,0.895730,0.289283,0.528025,0.488158,0.702144,0.642681,0.543845,0.562045,0.476677,0.444812,0.607952,0.296812,0.483276,0.371585,0.671358,0.660422,0.567168,0.579494,0.519643,0.548617,0.494168,0.144089,0.347174,0.154276,0.461696,0.271631,0.717101,0.707693,0.622365,0.539660,-0.079945,-0.060422,0.092828,0.201358,0.083621,0.283762,-0.080100,-0.130273,0.489549,0.712020,0.571405,0.682842,0.668623,0.311676,0.538301,0.575467,0.810864,0.548803,0.748627,0.690761
0.502006,0.574448,0.647998,0.565033,0.395099,0.518270,0.439100,0.331858,0.353783,0.317634,0.386506,-0.076254,0.383509,0.089437,0.481587,0.469151,0.390136,0.411625,0.601369,0.532024,0.295629,0.469297,0.596025,0.456291,0.442493,0.572850,0.691774,0.769550,0.341108,0.152485,0.407988,0.464996,0.380804,0.521422,0.321191,0.514458,0.216071,0.761307,0.318548,0.000000,0.168234,0.483212,0.635494,0.544696,0.535898,0.549672,0.838048,0.646918,0.486745,0.444121,0.576773,0.543665,0.487126,0.606890,0.836790,0.762508,0.494196,0.570160,0.511267,0.559128,0.402113,0.194375,0.461642,0.054349,0.366970,0.158347,0.593610,0.566624,0.553202,0.425710,-0.126027,-0.139153,0.446377,0.410018,0.229864,0.316964,0.046376,0.096055,0.571970,0.303240,0.379801,0.626282,0.559958,1.139012,0.582739,0.621871,0.540139,0.790723,0.689364,0.781618
0.504443,0.531368,0.408260,0.440353,0.486861,0.470911,0.559586,0.316929,0.416978,0.614450,0.513517,0.275739,0.552929,0.379996,0.613943,0.729794,0.633866,0.259023,0.562873,0.583508,0.513368,0.401467,0.478521,0.455007,0.638249,0.518941,0.532559,0.494052,0.396229,0.281210,0.318477,0.228741,0.504605,0.422944,0.454554,0.490283,0.568333,-0.025861,0.895730,0.168234,0.000000,0.411144,0.449079,0.422641,0.546398,0.519477,0.410328,0.469481,0.399835,0.505691,0.586003,0.454108,0.614981,0.518405,0.590454,0.519066,0.494360,0.483593,0.468821,0.503672,0.515926,0.274355,0.424936,0.324716,0.632007,0.500014,0.574567,0.575352,0.548719,0.476484,0.015750,-0.087329,0.388898,0.439319,0.477190,0.629585,0.038017,0.026270,0.404924,0.570619,0.615238,0.644915,0.646644,0.243058,0.539578,0.574779,0.650616,0.313072,0.591340,0.560515
0.376247,0.557911,0.378511,0.449064,0.388681,0.479610,0.485520,0.487150,0.338926,0.402134,0.347567,0.380273,0.483202,0.542193,0.421314,0.634125,0.419106,0.550513,0.372522,0.442403,0.183825,0.263862,0.437235,0.331871,0.401169,0.319578,0.344663,0.363612,0.510795,0.499132,0.439940,0.454809,0.439524,0.468714,0.208886,0.256250,0.228850,0.473084,0.289283,0.483212,0.411144,0.000000,0.320704,0.358047,0.223585,0.403956,0.371572,0.421433,0.292595,0.468252,0.397924,0.484662,0.411060,0.429166,0.646504,0.569280,0.319115,0.378558,0.334284,0.462719,0.385328,0.383306,0.465439,0.263864,0.355896,0.366062,0.356510,0.404519,0.314617,0.411827,0.063223,0.252865,0.546525,0.716826,0.391785,0.422873,0.036084,-0.013230,0.330125,0.506994,0.505361,0.688457,0.563653,0.589245,0.363704,0.414900,0.448132,0.469674,0.549962,0.522470
0.880922,0.818419,0.773184,0.710555,0.905363,0.712954,0.733030,0.485707,0.799533,0.679746,0.624248,0.211871,0.604818,0.272496,0.836921,0.644974,0.793467,0.327875,0.907900,0.961531,0.440438,0.414066,0.710679,0.619407,0.825730,0.672967,0.659107,0.480208,0.630369,0.209047,0.445577,0.486984,0.865689,0.902075,0.497651,0.740773,0.296330,0.244390,0.528025,0.635494,0.449079,0.320704,0.000000,1.576864,1.350928,1.501767,1.643787,1.634632,1.147133,1.092534,1.037080,0.790347,0.809495,0.729685,0.837176,0.929201,0.887566,0.759118,0.887055,0.881690,0.758348,0.309887,0.714355,0.170305,0.750150,0.498354,1.190248,1.264728,0.922785,0.971639,-0.379158,-0.272952,0.469300,0.373039,0.325968,0.406627,0.184820,0.257599,0.983119,0.495128,0.901218,0.900269,0.866107,0.665775,0.883622,0.927009,0.655469,0.532378,0.615890,0.645323
0.706501,0.714105,0.617898,0.726616,0.883987,0.664877,0.666277,0.534855,0.911357,0.769405,0.531012,0.367900,0.549349,0.374825,0.788795,0.704982,0.650878,0.248771,0.739679,0.979566,0.391006,0.330926,0.570481,0.593160,0.693461,0.515506,0.528911,0.392837,0.545487,0.229898,0.275480,0.344809,0.719232,0.731844,0.395098,0.628628,0.214805,0.180895,0.488158,0.544696,0.422641,0.358047,1.576864,0.000000,0.946293,1.378056,1.282566,1.725972,0.999029,1.222360,0.981519,0.831836,0.864974,0.718709,0.831968,0.969567,0.689776,0.578144,0.721659,0.733205,0.632625,0.314280,0.698486,0.175976,0.646036,0.495279,0.993989,1.137118,0.796754,0.905315,-0.418168,-0.320505,0.433339,0.406209,0.338923,0.468496,0.269509,0.300244,0.875127,0.466337,0.806036,0.903107,0.890663,0.596622,0.701392,0.917871,0.645583,0.426156,0.513508,0.592527
0.923354,0.784840,0.938293,0.766442,0.817010,0.780248,0.736986,0.384989,0.675819,0.659192,0.674467,0.109982,0.642394,0.167085,0.960266,0.613160,0.826820,0.360761,1.034480,0.877705,0.624344,0.605635,0.840167,0.727811,1.041007,0.999753,0.881431,0.709275,0.531901,0.141905,0.586646,0.552188,0.994330,0.947325,0.786794,0.923523,0.353306,0.109824,0.702144,0.535898,0.546398,0.223585,1.350928,0.946293,0.000000,1.455702,1.348264,1.208263,1.207914,0.898911,1.172371,0.672603,0.897374,0.752056,0.812420,0.906442,1.002232,0.897765,1.072689,1.085305,0.903174,0.337791,0.643099,0.205704,0.892138,0.558724,1.537728,1.492604,1.144511,0.984992,-0.227652,-0.181767,0.420293,0.275200,0.276155,0.385197,0.019487,0.089199,0.881883,0.481001,0.848317,0.827942,0.855458,0.607182,1.108711,0.993411,0.827933,0.649769,0.843446,0.804353
0.858954,0.857519,0.785613,0.832795,0.930100,0.848636,0.786568,0.544088,0.831467,0.752542,0.672123,0.284922,0.677661,0.332442,0.940329,0.736927,0.823949,0.437553,0.947273,1.055469,0.523689,0.502289,0.721428,0.696226,0.833056,0.713138,0.680880,0.567978,0.565007,0.253852,0.474088,0.513409,0.978423,1.033198,0.573094,0.792002,0.243308,0.126748,0.642681,0.549672,0.519477,0.403956,1.501767,1.378056,1.455702,0.000000,1.384220,1.625854,1.378687,1.397408,1.123419,0.828500,0.948916,0.759930,0.914645,1.084113,0.915077,0.820744,0.966664,1.031563,0.855347,0.425953,0.758949,0.270416,0.776918,0.577503,1.342931,1.588887,1.039606,1.058626,-0.267145,-0.197469,0.547988,0.498262,0.379371,0.503643,0.153884,0.174981,0.960059,0.540077,1.000537,1.073569,0.965906,0.638974,0.965369,1.027988,0.820973,0.607091,0.788970,0.809051
1.050438,1.007533,0.930800,0.873416,0.963877,0.827757,0.830408,0.481056,0.883137,0.643159,0.701486,0.135740,0.695738,0.234738,0.974079,0.626912,0.871874,0.444826,1.140849,1.117771,0.521659,0.535614,0.888596,0.731001,0.957560,0.863662,0.897917,0.658789,0.665398,0.209506,0.563680,0.589039,0.952171,1.037228,0.562759,0.797444,0.227322,0.311493,0.543845,0.838048,0.410328,0.371572,1.643787,1.282566,1.348264,1.384220,0.000000,1.748215,1.107133,1.028761,1.057452,0.803165,0.953544,0.900598,0.984927,1.111867,1.087615,0.989575,1.092418,1.103152,0.881726,0.370572,0.832317,0.189381,0.737031,0.422001,1.476823,1.448718,1.275165,1.143832,-0.289805,-0.270533,0.547399,0.424978,0.291462,0.379202,0.168002,0.183288,1.100780,0.456919,0.873845,0.949664,0.936826,0.814624,0.997976,1.007087,0.838481,0.734981,0.814316,0.881871
0.982447,0.954418,0.846103,0.919708,1.037095,0.834861,0.833126,0.568007,1.044875,0.771949,0.655646,0.315291,0.726973,0.375618,1.033578,0.737750,0.844693,0.400939,0.974212,1.146780,0.476638,0.449804,0.820523,0.756416,0.902543,0.755703,0.728011,0.554477,0.643117,0.275068,0.453419,0.509810,0.942723,0.968494,0.505774,0.704907,0.221654,0.246948,0.562045,0.646918,0.469481,0.421433,1.634632,1.725972,1.208263,1.625854,1.748215,0.000000,1.230913,1.301630,1.108470,0.893293,1.035461,0.910825,1.002822,1.215369,0.948593,0.846346,1.049545,1.092178,0.877689,0.396895,0.850469,0.219938,0.750829,0.481612,1.380313,1.510041,1.117540,1.243302,-0.306976,-0.224519,0.496640,0.463350,0.323434,0.443519,0.187536,0.189664,1.047385,0.512837,0.922313,1.016068,1.003925,0.717427,0.910160,1.072591,0.802615,0.648975,0.764193,0.827094
0.759516,0.706569,0.795028,0.778561,0.754364,0.822272,0.711666,0.615329,0.658802,0.643585,0.492468,0.256269,0.538344,0.282047,0.707082,0.551287,0.697164,0.429834,0.736794,0.823405,0.437695,0.454487,0.716704,0.676102,0.733480,0.676402,0.588485,0.487273,0.525219,0.279162,0.517768,0.549908,0.854905,0.884392,0.432843,0.546814,0.273030,0.219364,0.476677,0.486745,0.399835,0.292595,1.147133,0.999029,1.207914,1.378687,1.107133,1.230913,0.000000,1.364755,1.004870,0.814259,0.843465,0.706095,0.769206,0.816978,0.765896,0.673001,1.085134,1.096953,0.822435,0.482546,0.707501,0.307914,0.678889,0.561480,1.049737,1.164199,0.793925,0.850061,-0.148703,-0.077069,0.388418,0.375671,0.240675,0.333904,0.060208,0.096290,0.678193,0.362023,0.719357,0.823543,0.685272,0.605569,0.770112,0.870776,0.599081,0.525495,0.627581,0.630582
