0.000000,0.987707,0.614924,0.709138,0.551968,0.609050,0.580356,0.501405,0.489872,0.615701,0.554738,0.513030,0.521395,0.532121,0.555763,0.555371,0.250619,0.384918,1.055396,0.649489,0.107879,0.343324,0.455258,0.325901,0.357446,0.476523,0.239137,0.389234,0.182818,0.166724,0.182664,0.270974,0.570509,0.614874,0.459961,0.487783,0.046957,0.242138,-0.019251,-0.072751,-0.025899,-0.076798,0.295204,0.325126,0.168530,0.247464,0.307538,0.259280,0.166451,0.318898,0.442284,0.429987,0.607389,0.654252,0.508658,0.553368,0.959135,0.991632,0.541838,0.549814,0.471576,0.689761,0.685137,0.407923,0.354834,0.336181,0.720010,0.469734,0.917351,0.617138,0.690308,0.762767,0.511077,0.584910,0.864184,0.621783,0.942501,0.787158,0.547916,-0.040727,0.253357,0.161250,-0.152478,-0.298365,0.677924,0.649475,0.203607,-0.061342,0.858832,0.596996
0.987707,0.000000,0.555016,0.676700,0.387196,0.508195,0.581802,0.550454,0.452181,0.483581,0.568883,0.564456,0.554549,0.471217,0.380283,0.370480,0.506009,0.609595,0.820522,0.925265,-0.074695,0.215101,0.465452,0.313587,0.327940,0.329287,0.185335,0.230901,0.369771,0.213582,0.033209,0.080196,0.737606,0.799182,0.348826,0.507388,-0.038802,0.154214,-0.167105,-0.127922,-0.118219,-0.060297,0.211788,0.272639,0.055356,0.107785,0.330899,0.250759,0.100944,0.246865,0.341522,0.303704,0.599948,0.467085,0.450167,0.410973,0.833402,1.332480,0.368730,0.383107,0.451913,0.503890,0.633308,0.654000,0.186295,0.234500,0.434955,0.369807,0.629875,0.618336,0.469299,0.490352,0.567445,0.725345,0.734540,0.588652,0.807211,0.650104,0.515995,0.052713,0.204391,0.142355,-0.290538,-0.367696,0.387343,0.522703,0.108793,-0.134107,0.578723,0.582178
0.614924,0.555016,0.000000,1.035194,0.448161,0.556859,0.968950,0.469043,0.536514,0.566318,0.392492,0.222136,0.734220,0.300372,0.637138,0.408882,0.164537,0.241676,0.771685,0.684452,-0.078936,0.276130,0.972884,0.735437,0.597538,0.548340,0.316876,0.263053,0.165911,0.059251,0.074091,0.106151,0.524895,0.502994,0.671899,0.712036,0.015253,0.102057,-0.136489,-0.098035,-0.046324,-0.162237,0.495175,0.484223,0.194119,0.276725,0.535431,0.475580,0.228973,0.314854,0.308425,0.217102,0.287782,0.361483,0.416692,0.389198,0.365962,0.450552,0.238820,0.180633,0.414390,0.345172,0.456458,0.286213,0.539385,0.259960,0.560932,0.367362,0.723597,0.559938,0.594039,0.646284,0.401875,0.348753,0.518354,0.435583,0.564580,0.427426,0.311753,0.079062,0.023902,0.042227,-0.135910,-0.226788,0.423259,0.479513,0.100821,-0.269348,0.510372,0.432641
0.709138,0.676700,1.035194,0.000000,0.587829,0.808055,0.988322,1.015105,0.832751,0.793990,0.411626,0.533428,0.728245,0.507001,0.681753,0.397820,0.286544,0.270745,0.595082,0.574208,-0.007827,0.274464,1.034926,1.065031,0.643816,0.767149,0.197753,0.112362,0.275104,0.226319,0.092277,0.220026,0.563811,0.701427,0.531147,0.645790,0.019820,0.136907,-0.028371,-0.058831,-0.071167,-0.198573,0.415493,0.446516,0.187814,0.303915,0.516841,0.438113,0.253806,0.474624,0.595358,0.490191,0.554371,0.590515,0.536803,0.419867,0.581689,0.674048,0.543810,0.561062,0.694239,0.747640,0.533911,0.463457,0.543161,0.582399,0.794210,0.693104,0.753658,0.462469,0.581410,0.618215,0.462144,0.551401,0.512847,0.434119,0.740160,0.570300,0.434677,0.013587,0.166543,0.116245,-0.093458,-0.268287,0.581968,0.639471,0.096679,-0.198239,0.651258,0.599967
0.551968,0.387196,0.448161,0.587829,0.000000,1.164027,0.323999,0.300928,1.107192,0.867769,0.260161,0.364689,0.369749,0.339671,0.780165,0.376348,-0.068553,0.047284,0.238157,0.106254,0.175743,0.436588,0.660500,0.457434,0.793084,1.073805,0.622404,0.463724,0.243170,0.223384,0.410303,0.453175,0.347286,0.255672,0.382551,0.259204,-0.107734,-0.053059,0.062879,-0.075065,-0.036634,-0.156861,0.443235,0.348307,0.238799,0.343315,0.314090,0.331763,0.317000,0.504649,0.556983,0.564753,0.482266,0.709811,0.473566,0.378295,0.674100,0.454410,0.662960,0.656576,0.483163,0.583672,0.282069,0.091081,0.468790,0.359564,0.623342,0.410138,0.750650,0.412686,0.425804,0.521053,0.092658,0.113162,0.255853,0.202905,0.335268,0.339750,0.196393,0.046446,0.138146,-0.028045,0.021196,-0.165289,0.440664,0.299720,-0.038876,-0.151914,0.756363,0.339842
0.609050,0.508195,0.556859,0.808055,1.164027,0.000000,0.482723,0.452700,1.219628,1.114573,0.359841,0.443059,0.490856,0.434869,0.798021,0.552492,0.059660,0.186817,0.326876,0.258709,0.116193,0.379957,0.783463,0.646194,0.858664,1.179118,0.467755,0.434421,0.318731,0.233409,0.234953,0.344133,0.403612,0.343146,0.385337,0.299696,-0.056631,0.034823,0.026397,-0.043894,-0.097072,-0.155202,0.486375,0.430964,0.210962,0.305021,0.422940,0.478140,0.299309,0.515924,0.624449,0.607081,0.617035,0.755060,0.557219,0.505529,0.711281,0.590902,0.608619,0.620269,0.518127,0.603897,0.411965,0.200848,0.439913,0.395334,0.663040,0.466141,0.745544,0.485628,0.526722,0.652338,0.266578,0.289111,0.422337,0.314000,0.469787,0.450676,0.265996,0.051437,0.157101,0.069515,-0.016023,-0.186852,0.515021,0.406993,-0.014482,-0.182974,0.768095,0.482066
0.580356,0.581802,0.968950,0.988322,0.323999,0.482723,0.000000,1.038863,0.492497,0.507142,0.486736,0.489799,0.750721,0.500586,0.542038,0.443041,0.288713,0.265851,0.657629,0.580148,0.033144,0.267383,0.742679,0.788992,0.166521,0.319981,0.162595,0.240969,0.282476,0.253190,0.160083,0.220028,0.617116,0.688660,0.534436,0.521641,0.001454,0.101525,-0.092097,-0.033992,-0.107997,-0.269240,0.272599,0.352980,0.195890,0.236987,0.285521,0.269787,0.188494,0.285865,0.461412,0.333738,0.394580,0.349071,0.315480,0.281020,0.421669,0.511786,0.458911,0.341647,0.744486,0.590250,0.610939,0.435650,0.599645,0.585659,0.711702,0.462728,0.360918,0.210032,0.617081,0.644498,0.487862,0.473558,0.502787,0.472923,0.655466,0.483800,0.375956,0.068059,0.049161,0.025730,-0.102566,-0.331562,0.595449,0.520696,0.187477,-0.035642,0.525233,0.436226
0.501405,0.550454,0.469043,1.015105,0.300928,0.452700,1.038863,0.000000,0.560232,0.501079,0.414340,0.788840,0.599761,0.602732,0.392069,0.381807,0.354907,0.248952,0.391936,0.443759,0.057338,0.174884,0.492352,0.680117,0.079565,0.273483,-0.011092,0.066155,0.344092,0.374070,0.092563,0.207439,0.444604,0.657864,0.202438,0.360794,-0.028693,0.102476,0.002044,0.030989,-0.122963,-0.275326,0.061506,0.159771,0.022304,0.100526,0.237671,0.136007,0.052151,0.268120,0.522323,0.473295,0.563139,0.463177,0.324799,0.205311,0.362982,0.536650,0.557442,0.586758,0.683346,0.777716,0.510252,0.579270,0.318761,0.706369,0.580172,0.614976,0.241035,0.079815,0.387023,0.383067,0.353343,0.508277,0.319365,0.371536,0.557839,0.436465,0.327784,0.029750,0.135827,0.070254,-0.026756,-0.244525,0.530513,0.516584,0.198318,0.086859,0.446394,0.545146
0.489872,0.452181,0.536514,0.832751,1.107192,1.219628,0.492497,0.560232,0.000000,0.875026,0.365363,0.490304,0.613635,0.318588,0.707178,0.338708,0.067918,0.158839,0.234748,0.224699,0.036036,0.243349,0.782772,0.574902,0.830019,0.940006,0.382422,0.243184,0.373614,0.243806,0.158297,0.292887,0.336647,0.329534,0.273559,0.249281,-0.142288,-0.036623,-0.056421,-0.124596,-0.139858,-0.291087,0.321805,0.311451,0.059444,0.175677,0.411768,0.348254,0.139148,0.464651,0.564426,0.659474,0.605881,0.849071,0.458710,0.336809,0.485612,0.502217,0.626293,0.653005,0.570293,0.637854,0.392960,0.291510,0.406393,0.406662,0.597218,0.525428,0.583961,0.355134,0.391336,0.395982,0.122409,0.151003,0.285744,0.203507,0.334086,0.314875,0.172293,0.118537,0.051081,0.005911,-0.080296,-0.245702,0.394777,0.360463,-0.015988,-0.210384,0.666521,0.481513
0.615701,0.483581,0.566318,0.793990,0.867769,1.114573,0.507142,0.501079,0.875026,0.000000,0.403915,0.372658,0.507264,0.464917,0.640649,0.687596,0.137586,0.190910,0.466753,0.397240,0.122446,0.482337,0.632520,0.521377,0.676511,0.717048,0.338508,0.323021,0.231281,0.142654,0.143212,0.196969,0.353931,0.363849,0.386578,0.457929,0.087533,0.124031,-0.032708,-0.063927,-0.018468,-0.142884,0.511957,0.436718,0.217472,0.251650,0.504242,0.514222,0.247427,0.328993,0.403792,0.355184,0.483684,0.515927,0.526549,0.451974,0.587587,0.540435,0.412974,0.372825,0.372658,0.520164,0.441535,0.256477,0.357047,0.336226,0.538363,0.367019,0.702840,0.493783,0.523103,0.626298,0.350007,0.376495,0.468566,0.356933,0.585956,0.523745,0.293157,-0.071992,0.181553,0.046113,-0.102369,-0.206049,0.491854,0.363982,0.048417,-0.137079,0.722432,0.480041
0.554738,0.568883,0.392492,0.411626,0.260161,0.359841,0.486736,0.414340,0.365363,0.403915,0.000000,0.762397,1.110272,0.705169,0.549365,0.554052,0.386229,0.560795,0.468974,0.350843,0.288781,0.503209,0.337830,0.241670,0.191956,0.260421,0.218842,0.268042,0.553959,0.489430,0.267133,0.210985,0.310243,0.325359,0.308681,0.159319,0.123885,0.191733,0.016360,-0.055909,0.072008,-0.215396,0.216489,0.357798,0.039971,0.090749,0.266997,0.401265,0.059168,0.302551,0.425145,0.421839,0.566582,0.439197,0.394120,0.326750,0.410576,0.532244,0.296769,0.302004,0.338121,0.381431,0.635563,0.378274,0.238486,0.286701,0.357933,0.265823,0.303629,0.325520,0.374055,0.477636,0.411244,0.355797,0.405256,0.367469,0.520638,0.549943,0.363649,0.191663,0.329260,0.256995,-0.190192,-0.147051,0.705259,0.680005,0.390801,0.001292,0.526604,0.404337
0.513030,0.564456,0.222136,0.533428,0.364689,0.443059,0.489799,0.788840,0.490304,0.372658,0.762397,0.000000,0.707607,1.095102,0.550798,0.491467,0.311724,0.508319,0.249270,0.277208,0.218975,0.320548,0.321437,0.429785,0.054470,0.351136,0.103821,0.220662,0.690881,0.756457,0.363945,0.369422,0.499337,0.544127,0.054085,0.022933,-0.082953,-0.006218,-0.067983,-0.201275,-0.043341,-0.334355,0.076152,0.259171,0.073922,0.174465,0.201121,0.178336,0.108186,0.482274,0.646388,0.750184,0.736694,0.613629,0.384325,0.278130,0.529335,0.706177,0.710546,0.753726,0.660105,0.766162,0.813692,0.722325,0.184555,0.526246,0.520041,0.615796,0.154411,0.150359,0.369749,0.361144,0.206576,0.321082,0.330638,0.380200,0.421179,0.433469,0.436734,0.218641,0.367244,0.326242,-0.137705,-0.229364,0.634389,0.595942,0.188202,0.068376,0.549296,0.519506
0.521395,0.554549,0.734220,0.728245,0.369749,0.490856,0.750721,0.599761,0.613635,0.507264,1.110272,0.707607,0.000000,0.697520,0.636303,0.521888,0.391384,0.504922,0.495642,0.458239,0.179042,0.323377,0.670322,0.544154,0.413362,0.439500,0.352017,0.238475,0.558208,0.439536,0.255929,0.281705,0.387312,0.413513,0.423316,0.359263,0.044138,0.115697,-0.056939,-0.111594,0.042381,-0.276228,0.290811,0.413090,0.039315,0.119342,0.392313,0.451807,0.059211,0.345592,0.369120,0.386219,0.454307,0.437228,0.368988,0.235447,0.326490,0.504928,0.305352,0.289679,0.488138,0.423599,0.699817,0.446721,0.462817,0.438456,0.479716,0.393602,0.407170,0.365709,0.491528,0.523394,0.413856,0.399671,0.376210,0.315620,0.486056,0.455785,0.296283,0.250482,0.251177,0.236828,-0.241234,-0.200694,0.709728,0.710337,0.284684,-0.096057,0.531321,0.413454
0.532121,0.471217,0.300372,0.507001,0.339671,0.434869,0.500586,0.602732,0.318588,0.464917,0.705169,1.095102,0.697520,0.000000,0.628747,0.736621,0.269673,0.378466,0.360423,0.230834,0.242404,0.396810,0.362790,0.492654,0.065311,0.356399,0.185724,0.241310,0.438625,0.605536,0.469560,0.449692,0.464684,0.492383,0.196086,0.124670,-0.008843,0.029282,0.013924,-0.098146,0.044018,-0.226781,0.269007,0.419506,0.256419,0.309869,0.226494,0.287800,0.278824,0.483054,0.595023,0.499580,0.542477,0.387374,0.437127,0.337183,0.603478,0.571071,0.572560,0.528262,0.556041,0.539928,0.726030,0.472680,0.359409,0.477756,0.520970,0.375577,0.281792,0.223188,0.421168,0.488026,0.434640,0.457055,0.403701,0.429015,0.521948,0.377820,0.472301,0.035426,0.338917,0.236470,-0.079127,-0.208820,0.705951,0.545408,0.248223,0.143420,0.528234,0.365406
0.555763,0.380283,0.637138,0.681753,0.780165,0.798021,0.542038,0.392069,0.707178,0.640649,0.549365,0.550798,0.636303,0.628747,0.000000,0.677651,0.017628,0.170480,0.327922,0.198860,0.409555,0.600750,0.680801,0.655272,0.476010,0.831508,0.666090,0.568643,0.415879,0.392595,0.551386,0.508202,0.362982,0.245835,0.483525,0.245044,0.086697,0.079262,0.193534,0.094083,0.088704,-0.082069,0.544895,0.531958,0.316140,0.425188,0.321218,0.464158,0.379126,0.579855,0.646991,0.531477,0.529691,0.638694,0.555430,0.647333,0.612206,0.451286,0.659222,0.590448,0.473282,0.617874,0.455788,0.148549,0.560584,0.424926,0.648848,0.365916,0.597579,0.532845,0.645024,0.784019,0.293028,0.249918,0.455657,0.391780,0.470310,0.463260,0.386820,0.041471,0.196943,0.168815,0.198059,-0.020265,0.787267,0.610582,0.277710,0.089320,0.947923,0.449380
0.555371,0.370480,0.408882,0.397820,0.376348,0.552492,0.443041,0.381807,0.338708,0.687596,0.554052,0.491467,0.521888,0.736621,0.677651,0.000000,0.180773,0.205248,0.461847,0.354895,0.324530,0.545487,0.287535,0.319632,0.117368,0.296842,0.401497,0.703410,0.280144,0.271379,0.307227,0.263344,0.217079,0.193033,0.323318,0.284992,0.166477,0.192274,0.144200,0.142616,0.067321,-0.024264,0.362879,0.385104,0.142222,0.138822,0.304125,0.401669,0.128013,0.196641,0.381757,0.253663,0.444356,0.328831,0.451710,0.480855,0.441854,0.404351,0.324660,0.266569,0.267291,0.382277,0.502969,0.182832,0.351767,0.372835,0.453637,0.182234,0.370548,0.466005,0.533589,0.644995,0.493115,0.428913,0.551193,0.522358,0.487760,0.421587,0.368754,-0.077349,0.251865,0.215590,0.042301,0.050531,0.693528,0.481500,0.318327,0.324915,0.663325,0.460792
0.250619,0.506009,0.164537,0.286544,-0.068553,0.059660,0.288713,0.354907,0.067918,0.137586,0.386229,0.311724,0.391384,0.269673,0.017628,0.180773,0.000000,0.471767,0.407440,0.616899,0.053019,0.058633,0.064551,0.105924,0.035150,-0.086616,-0.080634,-0.093797,0.546431,0.209965,-0.114116,-0.155115,0.158345,0.371869,-0.000971,0.240289,0.201237,0.279594,-0.031677,0.082186,0.000645,0.004846,-0.004281,0.122788,-0.112820,-0.137360,0.247073,0.276089,-0.101416,0.015762,0.100560,0.002494,0.240471,-0.098280,0.222030,0.109596,0.151773,0.417175,-0.030869,-0.039143,0.160352,-0.008991,0.404157,0.540235,-0.071100,0.119542,0.112152,0.178635,0.067173,0.125900,0.054141,-0.015936,0.629894,0.600359,0.185629,0.204192,0.322682,0.239626,0.312413,0.148494,0.569764,0.368988,-0.044191,-0.074470,0.313605,0.389332,0.048834,-0.119349,0.005173,0.321941
0.384918,0.609595,0.241676,0.270745,0.047284,0.186817,0.265851,0.248952,0.158839,0.190910,0.560795,0.508319,0.504922,0.378466,0.170480,0.205248,0.471767,0.000000,0.287237,0.444462,0.032333,0.119250,0.178930,0.159787,0.159489,0.160715,0.139119,0.195024,0.553192,0.490998,0.194101,0.144733,0.528095,0.501650,0.127888,0.136279,-0.148930,0.054706,-0.267211,-0.304099,-0.193710,-0.115453,0.195203,0.358002,0.217449,0.239929,0.221133,0.216894,0.190516,0.367481,0.170756,0.185546,0.234271,0.179872,0.116499,0.140184,0.416638,0.597820,0.085274,0.123133,0.173476,0.244713,0.630432,0.623552,0.015876,0.170879,0.182346,0.223344,0.156693,0.329367,0.225358,0.277784,0.366463,0.393470,0.411000,0.392783,0.420691,0.497268,0.648501,0.590977,0.475585,0.701442,-0.312496,-0.130384,0.398698,0.490579,0.087938,-0.097773,0.190817,0.169332
1.055396,0.820522,0.771685,0.595082,0.238157,0.326876,0.657629,0.391936,0.234748,0.466753,0.468974,0.249270,0.495642,0.360423,0.327922,0.461847,0.407440,0.287237,0.000000,1.046880,-0.082346,0.211305,0.399631,0.282975,0.202401,0.168890,0.121156,0.264529,0.100518,-0.044888,-0.110759,-0.069121,0.446733,0.538893,0.449640,0.618042,0.135113,0.342008,-0.157201,-0.050607,-0.022736,-0.001410,0.292257,0.334276,0.099161,0.111758,0.378941,0.337587,0.085500,0.088555,0.205512,0.112829,0.399398,0.241023,0.428739,0.468631,0.498853,0.632581,0.195656,0.145801,0.275336,0.266319,0.552599,0.334024,0.234766,0.074529,0.436174,0.236114,0.698799,0.553858,0.545000,0.577711,0.689968,0.672685,0.736163,0.616703,0.864873,0.631138,0.366594,-0.134190,0.127747,0.032017,-0.183566,-0.255157,0.477105,0.533419,0.109696,-0.206516,0.490895,0.524037
0.649489,0.925265,0.684452,0.574208,0.106254,0.258709,0.580148,0.443759,0.224699,0.397240,0.350843,0.277208,0.458239,0.230834,0.198860,0.354895,0.616899,0.444462,1.046880,0.000000,-0.188627,0.106770,0.297063,0.226923,0.180051,0.017851,0.034394,0.167403,0.196978,-0.107466,-0.298482,-0.256000,0.432819,0.545743,0.230853,0.597699,0.161390,0.333277,-0.189111,-0.078667,-0.000246,0.025202,0.106320,0.143700,-0.127436,-0.115901,0.383139,0.275691,-0.112030,-0.077004,0.011094,-0.026280,0.326282,0.149908,0.382408,0.340968,0.301098,0.687137,0.040068,0.008260,0.162212,0.168280,0.479712,0.526197,-0.011482,0.009939,0.227572,0.236980,0.483523,0.638753,0.458433,0.386074,0.621413,0.675058,0.633077,0.619525,0.692728,0.571237,0.294968,0.028362,0.184443,0.180021,-0.251333,-0.219509,0.242597,0.471472,0.123456,-0.183129,0.356173,0.656166
0.107879,-0.074695,-0.078936,-0.007827,0.175743,0.116193,0.033144,0.057338,0.036036,0.122446,0.288781,0.218975,0.179042,0.242404,0.409555,0.324530,0.053019,0.032333,-0.082346,-0.188627,0.000000,0.723236,-0.120294,-0.004467,-0.031305,0.161455,0.465865,0.416197,0.419690,0.299641,0.484048,0.363315,-0.217374,-0.228568,0.044251,-0.165352,0.513880,0.460652,0.586712,0.513951,0.397706,0.294474,0.082736,0.055187,0.004676,-0.015653,-0.130129,0.232330,-0.045365,0.037305,0.119556,0.130739,0.137289,0.155989,0.058337,0.225103,0.028469,-0.100894,0.073681,0.116974,-0.124479,0.065802,-0.090618,-0.273900,0.043758,0.128980,0.049600,-0.096721,0.062430,0.005343,0.167761,0.369243,0.183311,0.121967,-0.038576,-0.074358,0.125394,0.318609,0.132755,-0.011419,0.459943,0.289831,0.465516,0.463882,0.603124,0.473901,0.340612,0.449211,0.233964,0.067750
0.343324,0.215101,0.276130,0.274464,0.436588,0.379957,0.267383,0.174884,0.243349,0.482337,0.503209,0.320548,0.323377,0.396810,0.600750,0.545487,0.058633,0.119250,0.211305,0.106770,0.723236,0.000000,0.176106,0.169448,0.174294,0.383115,0.433201,0.473231,0.345499,0.308523,0.492472,0.363082,0.126517,0.065500,0.289145,0.090802,0.274943,0.233747,0.193907,0.195892,0.148903,0.013360,0.352060,0.335710,0.206669,0.210128,0.184394,0.395540,0.199963,0.206826,0.324842,0.247803,0.281168,0.258158,0.361048,0.432553,0.306901,0.208246,0.207539,0.195869,0.113730,0.231675,0.206748,0.002209,0.231871,0.188252,0.277724,0.095002,0.380291,0.280752,0.365550,0.576469,0.273181,0.247058,0.278917,0.253155,0.376313,0.459647,0.362219,-0.032052,0.331329,0.191030,0.109460,0.096939,0.568541,0.356572,0.302886,0.223214,0.482775,0.231981
0.455258,0.465452,0.972884,1.034926,0.660500,0.783463,0.742679,0.492352,0.782772,0.632520,0.337830,0.321437,0.670322,0.362790,0.680801,0.287535,0.064551,0.178930,0.399631,0.297063,-0.120294,0.176106,0.000000,1.194309,0.822486,0.932316,0.311397,0.114062,0.212154,0.210678,0.299208,0.363674,0.653227,0.598733,0.756657,0.598180,-0.104712,-0.054815,-0.135126,-0.189839,-0.168564,-0.288415,0.547572,0.532833,0.348090,0.460005,0.528728,0.435976,0.425746,0.558822,0.502427,0.400119,0.322075,0.506406,0.383664,0.271959,0.570767,0.483622,0.505336,0.398988,0.776284,0.585559,0.446696,0.282618,0.850776,0.516892,0.749010,0.565714,0.640610,0.365403,0.476335,0.544275,0.223186,0.244255,0.357636,0.257119,0.407294,0.287217,0.322533,0.058387,-0.029853,-0.012860,-0.124178,-0.297774,0.388430,0.322298,-0.024241,-0.367255,0.498262,0.249212
0.325901,0.313587,0.735437,1.065031,0.457434,0.646194,0.788992,0.680117,0.574902,0.521377,0.241670,0.429785,0.544154,0.492654,0.655272,0.319632,0.105924,0.159787,0.282975,0.226923,-0.004467,0.169448,1.194309,0.000000,0.451526,0.722859,0.157154,0.038417,0.295238,0.341662,0.253319,0.337198,0.462604,0.503312,0.535441,0.394872,-0.002366,0.050091,0.024612,-0.024335,-0.090371,-0.172657,0.453175,0.499800,0.370521,0.443187,0.376895,0.403415,0.418437,0.571621,0.611731,0.469610,0.354493,0.409494,0.368375,0.323411,0.503902,0.372662,0.534688,0.477041,0.699407,0.572810,0.428563,0.259267,0.663028,0.606837,0.707267,0.547212,0.412628,0.243894,0.353393,0.429325,0.249069,0.299621,0.298858,0.227711,0.416080,0.293354,0.365678,0.067924,0.118148,0.109810,0.061956,-0.135376,0.522676,0.425231,0.034503,-0.162727,0.376337,0.265842
0.357446,0.327940,0.597538,0.643816,0.793084,0.858664,0.166521,0.079565,0.830019,0.676511,0.191956,0.054470,0.413362,0.065311,0.476010,0.117368,0.035150,0.159489,0.202401,0.180051,-0.031305,0.174294,0.822486,0.451526,0.000000,1.099146,0.450863,0.105478,0.179434,0.059578,0.148145,0.242114,0.293712,0.267531,0.400417,0.357340,-0.028288,0.022565,-0.014884,-0.123625,-0.013127,-0.096867,0.580841,0.435823,0.154566,0.256666,0.544462,0.543684,0.266128,0.419041,0.287847,0.275505,0.266808,0.490193,0.384363,0.258645,0.390212,0.349862,0.200243,0.223683,0.245796,0.260950,0.123473,0.072620,0.363470,0.142494,0.350955,0.304398,0.841742,0.541716,0.287845,0.374171,0.175272,0.129827,0.173115,0.047870,0.262294,0.269205,0.174136,0.055375,0.130381,0.047375,-0.096341,-0.136085,0.183041,0.239278,-0.079876,-0.464644,0.382658,0.212363
0.476523,0.329287,0.548340,0.767149,1.073805,1.179118,0.319981,0.273483,0.940006,0.717048,0.260421,0.351136,0.439500,0.356399,0.831508,0.296842,-0.086616,0.160715,0.168890,0.017851,0.161455,0.383115,0.932316,0.722859,1.099146,0.000000,0.531425,0.287331,0.267278,0.286386,0.440682,0.549041,0.403964,0.323631,0.442402,0.261389,-0.120568,-0.096461,-0.003517,-0.126537,-0.131921,-0.201434,0.633574,0.573424,0.412579,0.546907,0.459284,0.477253,0.529909,0.787884,0.698149,0.658915,0.431538,0.718140,0.481425,0.408048,0.672241,0.426273,0.615654,0.654256,0.535916,0.579701,0.309158,0.121821,0.567988,0.394490,0.687563,0.520146,0.745316,0.386508,0.437917,0.583723,0.142166,0.141120,0.266328,0.140835,0.329590,0.330253,0.284601,0.078517,0.128051,0.083612,0.020494,-0.189240,0.461736,0.368997,-0.101843,-0.283027,0.575209,0.214703
0.239137,0.185335,0.316876,0.197753,0.622404,0.467755,0.162595,-0.011092,0.382422,0.338508,0.218842,0.103821,0.352017,0.185724,0.666090,0.401497,-0.080634,0.139119,0.121156,0.034394,0.465865,0.433201,0.311397,0.157154,0.450863,0.531425,0.000000,0.956615,0.288272,0.218941,0.593966,0.509073,0.141342,-0.013079,0.379377,0.248738,0.026872,-0.014456,0.148006,0.095679,0.128879,0.035083,0.482364,0.393852,0.281635,0.313738,0.196909,0.350716,0.289843,0.317514,0.184565,0.123546,0.125252,0.256732,0.242726,0.290031,0.244832,0.134829,0.157203,0.140834,0.079949,0.156152,0.082892,-0.144673,0.405707,0.227848,0.257079,0.045828,0.459736,0.441698,0.375065,0.588750,0.246724,0.180494,0.126309,0.224341,0.206654,0.293803,0.159675,0.190751,0.181859,0.118534,0.115933,0.141435,0.444303,0.368650,0.170182,0.089350,0.540614,0.106214
0.389234,0.230901,0.263053,0.112362,0.463724,0.434421,0.240969,0.066155,0.243184,0.323021,0.268042,0.220662,0.238475,0.241310,0.568643,0.703410,-0.093797,0.195024,0.264529,0.167403,0.416197,0.473231,0.114062,0.038417,0.105478,0.287331,0.956615,0.000000,0.170311,0.116220,0.377962,0.283061,0.173060,0.015828,0.318463,0.243586,0.071209,0.071809,0.125296,0.111986,0.101872,0.089777,0.298593,0.237891,0.194880,0.198322,0.136591,0.224730,0.165549,0.169342,0.208122,0.177662,0.258943,0.322216,0.292545,0.403765,0.307112,0.248839,0.262831,0.225841,0.102160,0.252275,0.266239,-0.027852,0.258702,0.234245,0.342366,0.115868,0.348668,0.428796,0.543011,0.702602,0.256154,0.195323,0.380372,0.480329,0.342834,0.461780,0.191783,0.115390,0.193303,0.185206,0.076068,0.135599,0.545067,0.457471,0.213993,0.229296,0.685735,0.341179
0.182818,0.369771,0.165911,0.275104,0.243170,0.318731,0.282476,0.344092,0.373614,0.231281,0.553959,0.690881,0.558208,0.438625,0.415879,0.280144,0.546431,0.553192,0.100518,0.196978,0.419690,0.345499,0.212154,0.295238,0.179434,0.267278,0.288272,0.170311,0.000000,0.885841,0.302279,0.214964,0.206309,0.213125,0.003561,-0.097446,0.033033,0.146808,0.054430,-0.003952,0.002752,-0.033993,0.115448,0.251181,0.003175,0.029969,0.151321,0.310139,0.012016,0.311873,0.339712,0.375169,0.361601,0.259473,0.177227,0.172795,0.226725,0.360136,0.200185,0.245993,0.211626,0.200562,0.435462,0.404270,0.020288,0.177376,0.171889,0.210855,0.058863,0.103000,0.080132,0.126217,0.244698,0.220578,0.115719,0.107274,0.199581,0.265526,0.473527,0.447483,0.610302,0.509812,0.126398,0.117053,0.487154,0.447908,0.191110,0.065234,0.186719,0.199661
0.166724,0.213582,0.059251,0.226319,0.223384,0.233409,0.253190,0.374070,0.243806,0.142654,0.489430,0.756457,0.439536,0.605536,0.392595,0.271379,0.209965,0.490998,-0.044888,-0.107466,0.299641,0.308523,0.210678,0.341662,0.059578,0.286386,0.218941,0.116220,0.885841,0.000000,0.590787,0.466755,0.233255,0.190324,0.003011,-0.253805,-0.122041,-0.074629,0.055537,-0.020190,-0.032822,-0.231013,0.115899,0.266424,0.183398,0.226095,-0.032369,0.119311,0.185548,0.452347,0.439903,0.453125,0.290486,0.303555,0.065512,0.066773,0.309703,0.288809,0.282827,0.355189,0.310092,0.372359,0.429233,0.341777,0.212480,0.417172,0.182326,0.158770,-0.059073,-0.072317,0.005857,0.128914,0.090374,0.135140,-0.011058,0.051195,0.077721,0.099612,0.579106,0.421965,0.460950,0.454054,0.088425,0.097321,0.482136,0.259771,0.220074,0.157430,0.203133,-0.025985
0.182664,0.033209,0.074091,0.092277,0.410303,0.234953,0.160083,0.092563,0.158297,0.143212,0.267133,0.363945,0.255929,0.469560,0.551386,0.307227,-0.114116,0.194101,-0.110759,-0.298482,0.484048,0.492472,0.299208,0.253319,0.148145,0.440682,0.593966,0.377962,0.302279,0.590787,0.000000,1.465216,0.400987,0.219861,0.323526,-0.080955,-0.132078,-0.211625,0.145690,-0.024241,-0.049697,-0.147840,0.410323,0.408095,0.587317,0.662980,0.014203,0.129259,0.580614,0.581549,0.344578,0.228582,0.019482,0.177952,0.059159,0.091870,0.395201,0.106609,0.387894,0.271878,0.427157,0.419101,0.282564,0.033134,0.616886,0.553912,0.361917,0.191530,0.153257,0.022674,0.267963,0.409093,0.049231,0.009670,0.027213,0.077043,0.033754,0.092311,0.410457,0.255658,0.277319,0.261267,0.118705,0.012352,0.435051,0.117370,0.174528,0.267104,0.341858,-0.165292
0.270974,0.080196,0.106151,0.220026,0.453175,0.344133,0.220028,0.207439,0.292887,0.196969,0.210985,0.369422,0.281705,0.449692,0.508202,0.263344,-0.155115,0.144733,-0.069121,-0.256000,0.363315,0.363082,0.363674,0.337198,0.242114,0.549041,0.509073,0.283061,0.214964,0.466755,1.465216,0.000000,0.404918,0.276959,0.331813,-0.030705,-0.264309,-0.269362,0.077491,-0.097498,-0.159665,-0.196696,0.379624,0.351310,0.525724,0.611526,0.016519,0.065030,0.541294,0.604214,0.398221,0.307425,0.070469,0.250526,0.046746,0.028089,0.447484,0.130251,0.448557,0.364740,0.512409,0.553550,0.284038,0.059707,0.687980,0.659017,0.448517,0.294097,0.245556,0.032475,0.330741,0.454649,0.062119,0.064652,0.056783,0.063921,0.085760,0.109015,0.361433,0.213050,0.190169,0.185565,0.026008,-0.113247,0.398896,0.130003,0.102984,0.234076,0.324299,-0.118533
0.570509,0.737606,0.524895,0.563811,0.347286,0.403612,0.617116,0.444604,0.336647,0.353931,0.310243,0.499337,0.387312,0.464684,0.362982,0.217079,0.158345,0.528095,0.446733,0.432819,-0.217374,0.126517,0.653227,0.462604,0.293712,0.403964,0.141342,0.173060,0.206309,0.233255,0.400987,0.404918,0.000000,1.382114,0.456080,0.424553,-0.301840,-0.207492,-0.286373,-0.427117,-0.287260,-0.289714,0.452338,0.481726,0.491356,0.583534,0.325710,0.168712,0.532398,0.522095,0.362668,0.247953,0.224212,0.293434,0.265784,0.190880,0.756255,0.767032,0.492136,0.333448,0.852956,0.673662,0.744093,0.711084,0.476507,0.422477,0.582231,0.510801,0.421582,0.293637,0.501638,0.471805,0.261608,0.333304,0.529900,0.485559,0.537221,0.436919,0.529654,0.224427,0.087439,0.134791,-0.270320,-0.529467,0.253272,0.216495,0.065881,-0.169433,0.436617,0.191661
0.614874,0.799182,0.502994,0.701427,0.255672,0.343146,0.688660,0.657864,0.329534,0.363849,0.325359,0.544127,0.413513,0.492383,0.245835,0.193033,0.371869,0.501650,0.538893,0.545743,-0.228568,0.065500,0.598733,0.503312,0.267531,0.323631,-0.013079,0.015828,0.213125,0.190324,0.219861,0.276959,1.382114,0.000000,0.377577,0.501860,-0.202142,-0.074665,-0.264599,-0.362539,-0.253794,-0.333561,0.308496,0.393723,0.321180,0.391785,0.422363,0.224098,0.349221,0.436914,0.432351,0.300424,0.379647,0.297619,0.400230,0.203115,0.707250,0.872063,0.542744,0.406163,0.936562,0.671859,0.722946,0.850389,0.390435,0.490393,0.681759,0.716099,0.431922,0.288412,0.450407,0.380331,0.409164,0.482852,0.496091,0.521754,0.645436,0.480841,0.466412,0.127409,0.171325,0.113062,-0.312773,-0.606111,0.318392,0.334885,0.044403,-0.270161,0.390883,0.395664
0.459961,0.348826,0.671899,0.531147,0.382551,0.385337,0.534436,0.202438,0.273559,0.386578,0.308681,0.054085,0.423316,0.196086,0.483525,0.323318,-0.000971,0.127888,0.449640,0.230853,0.044251,0.289145,0.756657,0.535441,0.400417,0.442402,0.379377,0.318463,0.003561,0.003011,0.323526,0.331813,0.456080,0.377577,0.000000,0.814405,-0.031876,0.017640,-0.029042,-0.054701,-0.110323,-0.044576,0.475398,0.419117,0.423323,0.469404,0.189086,0.194643,0.429755,0.356811,0.289718,0.118845,0.103987,0.208529,0.220134,0.216617,0.510115,0.332044,0.284393,0.171182,0.461336,0.472117,0.274304,0.071101,1.072421,0.542519,0.634649,0.263490,0.642800,0.369223,0.503129,0.665502,0.317624,0.286907,0.506504,0.338944,0.599494,0.463325,0.405087,-0.046433,-0.024262,-0.047728,-0.182353,-0.194847,0.413684,0.283440,0.009397,-0.058631,0.517097,0.128159
0.487783,0.507388,0.712036,0.645790,0.259204,0.299696,0.521641,0.360794,0.249281,0.457929,0.159319,0.022933,0.359263,0.124670,0.245044,0.284992,0.240289,0.136279,0.618042,0.597699,-0.165352,0.090802,0.598180,0.394872,0.357340,0.261389,0.248738,0.243586,-0.097446,-0.253805,-0.080955,-0.030705,0.424553,0.501860,0.814405,0.000000,0.019302,0.098919,-0.188131,-0.111965,-0.110151,-0.070094,0.316164,0.281794,0.141282,0.172105,0.483814,0.283025,0.149677,0.126859,0.125892,0.010585,0.167761,0.144110,0.370185,0.244754,0.368795,0.472908,0.165926,0.115468,0.340102,0.327600,0.277849,0.261677,0.485268,0.361518,0.556652,0.400753,0.652680,0.537081,0.544976,0.521252,0.409118,0.484722,0.531443,0.518947,0.666934,0.502961,0.183574,-0.106811,-0.041400,-0.108204,-0.254791,-0.334485,0.272345,0.332088,-0.043288,-0.248900,0.426934,0.363947
0.046957,-0.038802,0.015253,0.019820,-0.107734,-0.056631,0.001454,-0.028693,-0.142288,0.087533,0.123885,-0.082953,0.044138,-0.008843,0.086697,0.166477,0.201237,-0.148930,0.135113,0.161390,0.513880,0.274943,-0.104712,-0.002366,-0.028288,-0.120568,0.026872,0.071209,0.033033,-0.122041,-0.132078,-0.264309,-0.301840,-0.202142,-0.031876,0.019302,0.000000,0.929005,0.625804,0.705473,0.783627,0.425326,-0.019641,-0.062904,-0.264185,-0.348341,0.057340,0.358450,-0.319321,-0.395278,-0.167217,-0.180331,0.058251,-0.003741,0.194852,0.369982,-0.147712,-0.059933,-0.215437,-0.201933,-0.295968,-0.234280,-0.179558,-0.254925,-0.202475,-0.181827,-0.166206,-0.206820,0.037554,0.088621,0.003029,0.126706,0.242676,0.191734,-0.012798,-0.010059,0.143624,0.291552,-0.013499,-0.347677,0.272511,0.097382,0.320493,0.474090,0.287687,0.333183,0.409990,0.128793,0.112514,0.215361
0.242138,0.154214,0.102057,0.136907,-0.053059,0.034823,0.101525,0.102476,-0.036623,0.124031,0.191733,-0.006218,0.115697,0.029282,0.079262,0.192274,0.279594,0.054706,0.342008,0.333277,0.460652,0.233747,-0.054815,0.050091,0.022565,-0.096461,-0.014456,0.071809,0.146808,-0.074629,-0.211625,-0.269362,-0.207492,-0.074665,0.017640,0.098919,0.929005,0.000000,0.616534,0.659421,0.574127,0.705782,-0.036098,-0.010635,-0.275138,-0.310363,0.136194,0.398321,-0.300248,-0.313459,-0.070690,-0.063977,0.236437,0.122963,0.270235,0.469191,-0.000142,0.119494,-0.140264,-0.086445,-0.268132,-0.097047,-0.123530,-0.161582,-0.219186,-0.133001,-0.085728,-0.120363,0.181860,0.222179,0.092675,0.219408,0.370834,0.373373,0.151852,0.053295,0.347641,0.475792,0.162241,-0.247367,0.366932,0.254508,0.372075,0.545242,0.326184,0.489649,0.356888,0.125624,0.138764,0.349456
-0.019251,-0.167105,-0.136489,-0.028371,0.062879,0.026397,-0.092097,0.002044,-0.056421,-0.032708,0.016360,-0.067983,-0.056939,0.013924,0.193534,0.144200,-0.031677,-0.267211,-0.157201,-0.189111,0.586712,0.193907,-0.135126,0.024612,-0.014884,-0.003517,0.148006,0.125296,0.054430,0.055537,0.145690,0.077491,-0.286373,-0.264599,-0.029042,-0.188131,0.625804,0.616534,0.000000,1.144323,0.722005,0.627000,0.053656,-0.077893,-0.099464,-0.129579,-0.144771,0.181346,-0.122435,-0.179826,-0.020660,-0.064407,-0.001980,0.046118,0.163900,0.301970,-0.047355,-0.151642,0.002168,0.059521,-0.174291,-0.018216,-0.350409,-0.411189,-0.034658,0.032675,-0.069838,-0.198490,0.055173,-0.003311,-0.009958,0.086209,0.109499,0.146209,-0.107866,-0.041950,0.025087,0.151444,0.030940,-0.171903,0.387254,0.215018,0.879573,0.814397,0.254383,0.217575,0.611731,0.509953,0.189494,0.067870
-0.072751,-0.127922,-0.098035,-0.058831,-0.075065,-0.043894,-0.033992,0.030989,-0.124596,-0.063927,-0.055909,-0.201275,-0.111594,-0.098146,0.094083,0.142616,0.082186,-0.304099,-0.050607,-0.078667,0.513951,0.195892,-0.189839,-0.024335,-0.123625,-0.126537,0.095679,0.111986,-0.003952,-0.020190,-0.024241,-0.097498,-0.427117,-0.362539,-0.054701,-0.111965,0.705473,0.659421,1.144323,0.000000,0.515597,0.631360,0.003138,-0.112011,-0.154077,-0.240540,-0.129940,0.160347,-0.174983,-0.318099,-0.064686,-0.150704,0.007325,-0.054165,0.126823,0.295372,-0.179159,-0.234891,-0.161163,-0.098755,-0.289183,-0.210021,-0.401310,-0.464828,-0.105176,-0.063507,-0.170069,-0.330935,-0.027659,-0.044955,-0.094482,0.049669,0.251654,0.254697,-0.119420,-0.047650,0.020783,0.056671,-0.011440,-0.310002,0.211772,0.040930,0.825754,0.795065,0.177553,0.125060,0.366777,0.483820,0.021627,0.031674
-0.025899,-0.118219,-0.046324,-0.071167,-0.036634,-0.097072,-0.107997,-0.122963,-0.139858,-0.018468,0.072008,-0.043341,0.042381,0.044018,0.088704,0.067321,0.000645,-0.193710,-0.022736,-0.000246,0.397706,0.148903,-0.168564,-0.090371,-0.013127,-0.131921,0.128879,0.101872,0.002752,-0.032822,-0.049697,-0.159665,-0.287260,-0.253794,-0.110323,-0.110151,0.783627,0.574127,0.722005,0.515597,0.000000,0.386791,-0.022160,-0.156150,-0.309546,-0.373436,-0.080109,0.175607,-0.362120,-0.427389,-0.274498,-0.223902,-0.025661,-0.029020,0.111860,0.194864,-0.173116,-0.098114,-0.192991,-0.159730,-0.317615,-0.209431,-0.296069,-0.362899,-0.160260,-0.158952,-0.248497,-0.288702,0.028277,0.078891,-0.050552,0.025468,0.157333,0.113056,-0.086343,-0.046014,0.065601,0.223962,-0.093343,-0.239571,0.336038,0.146563,0.350373,0.466792,0.188744,0.239388,0.595910,0.191070,0.140948,0.149266
-0.076798,-0.060297,-0.162237,-0.198573,-0.156861,-0.155202,-0.269240,-0.275326,-0.291087,-0.142884,-0.215396,-0.334355,-0.276228,-0.226781,-0.082069,-0.024264,0.004846,-0.115453,-0.001410,0.025202,0.294474,0.013360,-0.288415,-0.172657,-0.096867,-0.201434,0.035083,0.089777,-0.033993,-0.231013,-0.147840,-0.196696,-0.289714,-0.333561,-0.044576,-0.070094,0.425326,0.705782,0.627000,0.631360,0.386791,0.000000,-0.021851,-0.077866,-0.129271,-0.172110,-0.079282,0.121998,-0.123538,-0.313384,-0.240246,-0.298840,-0.101180,-0.147583,-0.006225,0.225204,-0.138815,-0.131293,-0.259346,-0.206059,-0.441210,-0.282765,-0.410453,-0.427677,-0.280599,-0.326272,-0.291583,-0.393646,0.034427,0.118974,-0.055119,0.009301,0.112809,0.186031,-0.006219,-0.123231,0.012091,0.122535,0.005309,-0.268681,0.237641,0.150364,0.448370,0.787170,-0.048456,0.069287,0.191001,0.258629,-0.067787,-0.029574
0.295204,0.211788,0.495175,0.415493,0.443235,0.486375,0.272599,0.061506,0.321805,0.511957,0.216489,0.076152,0.290811,0.269007,0.544895,0.362879,-0.004281,0.195203,0.292257,0.106320,0.082736,0.352060,0.547572,0.453175,0.580841,0.633574,0.482364,0.298593,0.115448,0.115899,0.410323,0.379624,0.452338,0.308496,0.475398,0.316164,-0.019641,-0.036098,0.053656,0.003138,-0.022160,-0.021851,0.000000,1.277800,0.896336,0.842596,0.723343,0.798277,0.962059,0.645777,0.418392,0.175508,0.116898,0.168307,0.444606,0.534260,0.494218,0.212224,0.194263,0.119966,0.280080,0.173165,0.233514,0.032125,0.447476,0.174119,0.375129,0.158211,0.555795,0.430105,0.302590,0.441166,0.306176,0.232362,0.289413,0.248341,0.335110,0.260666,0.300153,0.016159,0.176254,0.105970,0.033099,-0.030818,0.385840,0.203952,0.064140,-0.115838,0.317953,-0.007185
0.325126,0.272639,0.484223,0.446516,0.348307,0.430964,0.352980,0.159771,0.311451,0.436718,0.357798,0.259171,0.413090,0.419506,0.531958,0.385104,0.122788,0.358002,0.334276,0.143700,0.055187,0.335710,0.532833,0.499800,0.435823,0.573424,0.393852,0.237891,0.251181,0.266424,0.408095,0.351310,0.481726,0.393723,0.419117,0.281794,-0.062904,-0.010635,-0.077893,-0.112011,-0.156150,-0.077866,1.277800,0.000000,0.826615,0.886660,0.784477,0.928487,0.880947,0.838834,0.580621,0.340604,0.268893,0.226069,0.470545,0.556407,0.492964,0.300524,0.243803,0.205689,0.386795,0.234156,0.433174,0.237185,0.397942,0.228272,0.424845,0.291810,0.392234,0.365846,0.297160,0.381485,0.281284,0.265542,0.285201,0.229506,0.382468,0.293662,0.370686,0.108554,0.179230,0.160786,-0.045965,-0.089591,0.460997,0.339109,0.016362,-0.177464,0.278144,0.056244
0.168530,0.055356,0.194119,0.187814,0.238799,0.210962,0.195890,0.022304,0.059444,0.217472,0.039971,0.073922,0.039315,0.256419,0.316140,0.142222,-0.112820,0.217449,0.099161,-0.127436,0.004676,0.206669,0.348090,0.370521,0.154566,0.412579,0.281635,0.194880,0.003175,0.183398,0.587317,0.525724,0.491356,0.321180,0.423323,0.141282,-0.264185,-0.275138,-0.099464,-0.154077,-0.309546,-0.129271,0.896336,0.826615,0.000000,1.746630,0.276645,0.231733,1.829891,0.873529,0.417060,0.184071,-0.088239,0.005871,0.168069,0.252925,0.513435,0.108198,0.308486,0.189499,0.373612,0.221605,0.307568,0.098438,0.506991,0.286359,0.417231,0.210682,0.230055,0.055990,0.184267,0.291650,0.133568,0.133104,0.233645,0.211438,0.200775,0.083319,0.396571,0.125977,0.113011,0.125725,-0.044416,-0.137694,0.284659,0.022830,-0.142307,-0.015526,0.151251,-0.238111
0.247464,0.107785,0.276725,0.303915,0.343315,0.305021,0.236987,0.100526,0.175677,0.251650,0.090749,0.174465,0.119342,0.309869,0.425188,0.138822,-0.137360,0.239929,0.111758,-0.115901,-0.015653,0.210128,0.460005,0.443187,0.256666,0.546907,0.313738,0.198322,0.029969,0.226095,0.662980,0.611526,0.583534,0.391785,0.469404,0.172105,-0.348341,-0.310363,-0.129579,-0.240540,-0.373436,-0.172110,0.842596,0.886660,1.746630,0.000000,0.317871,0.251008,1.741358,1.180889,0.541881,0.338853,0.025711,0.156486,0.218278,0.286236,0.584039,0.190756,0.463062,0.358398,0.499815,0.394204,0.378076,0.181324,0.562439,0.364780,0.545881,0.372525,0.323529,0.102120,0.267528,0.347103,0.059473,0.119415,0.227098,0.211468,0.221636,0.114932,0.424803,0.173214,0.070637,0.116602,-0.043966,-0.189946,0.301808,0.088735,-0.152162,-0.053795,0.262785,-0.131521
0.307538,0.330899,0.535431,0.516841,0.314090,0.422940,0.285521,0.237671,0.411768,0.504242,0.266997,0.201121,0.392313,0.226494,0.321218,0.304125,0.247073,0.221133,0.378941,0.383139,-0.130129,0.184394,0.528728,0.376895,0.544462,0.459284,0.196909,0.136591,0.151321,-0.032369,0.014203,0.016519,0.325710,0.422363,0.189086,0.483814,0.057340,0.136194,-0.144771,-0.129940,-0.080109,-0.079282,0.723343,0.784477,0.276645,0.317871,0.000000,1.087793,0.373045,0.405912,0.438523,0.318600,0.432013,0.337918,0.813344,0.601388,0.310783,0.419042,0.251734,0.215470,0.298367,0.106985,0.330341,0.333985,0.102133,0.087869,0.425062,0.543654,0.426445,0.456474,0.264413,0.232111,0.228149,0.233390,0.208367,0.283667,0.317512,0.269129,0.118335,0.022028,0.162632,0.093592,-0.134155,-0.154570,0.272410,0.317122,-0.036095,-0.443105,0.269022,0.410845
0.259280,0.250759,0.475580,0.438113,0.331763,0.478140,0.269787,0.136007,0.348254,0.514222,0.401265,0.178336,0.451807,0.287800,0.464158,0.401669,0.276089,0.216894,0.337587,0.275691,0.232330,0.395540,0.435976,0.403415,0.543684,0.477253,0.350716,0.224730,0.310139,0.119311,0.129259,0.065030,0.168712,0.224098,0.194643,0.283025,0.358450,0.398321,0.181346,0.160347,0.175607,0.121998,0.798277,0.928487,0.231733,0.251008,1.087793,0.000000,0.296965,0.372524,0.424883,0.304163,0.436327,0.304090,0.755718,0.764227,0.283489,0.303374,0.136426,0.139770,0.161478,0.046297,0.236867,0.108526,0.102706,0.064797,0.298906,0.297748,0.421091,0.483975,0.257873,0.338939,0.309985,0.251617,0.132649,0.161923,0.314556,0.357110,0.120587,0.055475,0.379456,0.215528,0.127812,0.109797,0.510293,0.525692,0.148563,-0.317338,0.300564,0.355951
