0.000000,0.987913,0.506560,0.471020,0.373750,0.469835,0.370893,0.271517,0.359154,0.333907,0.010923,-0.010800,0.213979,0.125300,0.118839,0.176596,0.296090,0.531062,0.459268,0.501103,0.240337,0.182274,0.273156,0.209730,0.152572,0.239025,0.297882,0.140583,0.430834,0.477485,0.233586,0.300930,0.807933,0.565180,0.222581,0.230490,0.151252,0.192712,0.259436,0.242877,0.154872,0.163190,0.392145,0.384615,0.427943,0.460221,0.375979,0.476960,0.557407,0.526134,0.340464,0.276126,0.190361,0.472405,0.345993,0.350408,1.073851,0.730380,0.606162,0.516811,0.560496,0.397924,0.731720,0.620941,-0.086822,0.018116,0.465367,0.459555,0.517621,0.583594,0.130291,0.148587,0.513078,0.499282,0.483268,0.570226,0.312529,0.356237,0.404580,0.291343,0.276303,0.244509,0.408102,0.203638,0.070650,0.065782,0.025403,0.175851,0.154205,0.194984
0.987913,0.000000,0.619598,0.502895,0.285346,0.325329,0.428766,0.181935,0.372300,0.290572,-0.000787,-0.063799,0.230229,0.078782,0.219703,0.261127,0.435336,0.888183,0.665748,0.783970,0.246092,0.142089,0.407649,0.331646,0.126408,0.230910,0.233277,0.087815,0.475657,0.724920,0.387101,0.438352,0.640837,0.698604,0.264774,0.268960,0.164850,0.206428,0.136604,0.170461,0.039227,0.119885,0.578346,0.603996,0.609428,0.640494,0.530954,0.630635,0.557736,0.586023,0.317387,0.100514,0.291834,0.457885,0.258747,0.217418,1.201404,1.420096,0.273348,0.398073,0.264430,0.418613,0.396827,0.517802,0.011442,0.023615,0.513521,0.526576,0.581535,0.681102,0.180711,0.086380,0.418174,0.422276,0.387196,0.551961,0.301231,0.360245,0.743958,0.552418,0.444663,0.508318,0.498481,0.199883,0.244165,0.258963,-0.038964,0.126109,0.060262,0.228012
0.506560,0.619598,0.000000,1.089674,0.542900,0.474405,0.997622,0.561039,0.726659,0.624579,0.463237,0.434519,0.658613,0.501049,0.603422,0.704294,0.413339,0.619809,0.875374,0.674078,0.179141,0.114696,1.257583,1.108459,0.532411,0.598182,0.572161,0.348822,0.340202,0.481878,0.473068,0.691470,0.407993,0.445059,0.611136,0.530408,0.062204,0.275739,0.120993,0.199878,0.009682,0.207647,0.298336,0.261714,0.360226,0.322880,0.197408,0.242290,0.316711,0.181097,0.491942,0.108787,0.554552,0.555389,0.142554,0.127824,0.450124,0.486140,0.209232,0.262176,0.196901,0.438925,0.269181,0.261746,0.640295,0.306979,0.865491,0.657601,0.095231,0.191686,0.346380,0.333034,0.386355,0.318386,0.409654,0.419485,0.163035,0.150248,0.430452,0.296015,0.436449,0.605816,0.506372,0.273611,0.565591,0.539588,0.045503,0.296377,0.228614,0.511068
0.471020,0.502895,1.089674,0.000000,0.537313,0.669720,1.177026,0.990996,0.766589,0.699904,0.396243,0.524698,0.662454,0.585057,0.441602,0.701050,0.258671,0.426518,0.592197,0.480688,0.139528,0.104469,0.895852,1.001796,0.406486,0.754098,0.492937,0.276126,0.352592,0.458586,0.408636,0.706844,0.347539,0.499130,0.519335,0.481062,0.059174,0.142472,0.245305,0.263976,-0.042267,0.078244,0.228688,0.209149,0.246003,0.263598,0.168677,0.205844,0.246704,0.176765,0.508283,0.236136,0.451741,0.508863,0.285310,0.214531,0.296754,0.382214,0.312245,0.455968,0.337644,0.655501,0.256250,0.335240,0.565834,0.523001,0.823640,0.751596,0.148143,0.225642,0.266244,0.318782,0.307853,0.288988,0.333169,0.325281,0.162143,0.151929,0.287604,0.147199,0.233030,0.311482,0.515533,0.183663,0.347364,0.371153,0.029431,0.251829,0.353017,0.492376
0.373750,0.285346,0.542900,0.537313,0.000000,1.098481,0.567355,0.408805,0.740254,0.651930,0.305918,0.276777,0.487960,0.336350,0.522846,0.485249,0.300771,0.329100,0.465756,0.290358,0.333304,0.226449,0.504598,0.433633,0.653082,0.737093,0.652042,0.752074,0.386759,0.302206,0.434936,0.370710,0.268489,0.221827,0.233938,0.250554,0.092602,0.063967,0.220715,0.261020,0.124312,0.184099,0.375602,0.322050,0.269736,0.302575,0.338935,0.390856,0.348198,0.288823,0.383064,0.318985,0.244014,0.422465,0.328296,0.346763,0.306489,0.224495,0.342643,0.394785,0.281106,0.235901,0.279036,0.184574,0.355416,0.240129,0.461048,0.389163,0.104931,0.147981,0.068545,0.134688,0.318981,0.213196,0.297269,0.263761,-0.080504,-0.127921,0.319709,0.225385,0.339724,0.340659,0.486444,0.187801,0.251411,0.219529,0.174399,0.332675,0.347326,0.367384
0.469835,0.325329,0.474405,0.669720,1.098481,0.000000,0.649782,0.671954,0.510298,0.921342,0.281907,0.346348,0.508789,0.376854,0.360697,0.519200,0.309362,0.200718,0.360771,0.222930,0.365229,0.255336,0.390695,0.405388,0.465028,0.713795,0.583060,0.699550,0.442268,0.315417,0.415836,0.365904,0.263492,0.273096,0.219568,0.312552,0.218588,0.106885,0.330250,0.349528,0.182495,0.222223,0.449469,0.389031,0.333001,0.390463,0.436068,0.465140,0.446992,0.387183,0.426402,0.407579,0.212125,0.406608,0.469288,0.444968,0.324980,0.240458,0.562952,0.667991,0.398040,0.399522,0.214373,0.189178,0.253313,0.302018,0.513395,0.491022,0.168145,0.235215,0.057334,0.194187,0.365344,0.215963,0.399073,0.299459,0.010502,-0.053563,0.314589,0.219633,0.304232,0.285196,0.580087,0.234724,0.213810,0.159650,0.183636,0.318825,0.566778,0.416707
0.370893,0.428766,0.997622,1.177026,0.567355,0.649782,0.000000,1.257196,0.696529,0.643740,0.486880,0.575641,1.027242,0.734625,0.537517,0.662163,0.327511,0.403473,0.588018,0.401040,0.207220,0.136263,0.726420,0.673661,0.257812,0.432958,0.288662,0.185128,0.427876,0.495525,0.314235,0.433010,0.278227,0.344324,0.272800,0.317946,0.037006,0.205454,0.134919,0.177947,-0.035621,0.130844,0.215001,0.174611,0.212520,0.192557,0.186028,0.156456,0.253871,0.169730,0.566268,0.251729,0.541751,0.431141,0.275333,0.158467,0.228697,0.326316,0.391649,0.500275,0.423785,0.619856,0.190022,0.326525,0.519640,0.521719,0.634415,0.560103,0.113164,0.146812,0.315707,0.287103,0.384077,0.324125,0.470745,0.429508,0.042495,-0.016474,0.358028,0.143544,0.274687,0.401001,0.491896,0.163059,0.415074,0.424275,-0.020456,0.223700,0.407588,0.571338
0.271517,0.181935,0.561039,0.990996,0.408805,0.671954,1.257196,0.000000,0.470516,0.629004,0.503218,0.752347,0.867277,0.849296,0.360774,0.605890,0.212074,0.138906,0.300622,0.141311,0.138586,0.111159,0.440546,0.471900,0.154747,0.391549,0.228799,0.159525,0.408102,0.341052,0.202518,0.317784,0.183011,0.267851,0.136205,0.247007,0.042092,0.141360,0.204983,0.233032,-0.022510,0.119198,0.080067,0.015434,0.033511,0.021818,0.053300,0.015768,0.149470,0.074009,0.523639,0.323075,0.416862,0.348724,0.255926,0.160668,0.040032,0.086532,0.405124,0.517745,0.548008,0.701211,0.179100,0.312054,0.395070,0.592038,0.439167,0.447049,0.034918,0.076129,0.177574,0.303222,0.215488,0.209617,0.303312,0.230613,0.003051,-0.058148,0.164003,-0.020419,0.114882,0.166109,0.420834,0.156672,0.249817,0.238934,-0.017281,0.168299,0.433127,0.469073
0.359154,0.372300,0.726659,0.766589,0.740254,0.510298,0.696529,0.470516,0.000000,0.548341,0.387690,0.329634,0.608825,0.393163,0.653198,0.529495,0.205352,0.427301,0.459399,0.292496,0.258948,0.133502,0.812377,0.684379,0.381403,0.693535,0.384929,0.137248,0.238884,0.454522,0.339248,0.444310,0.196382,0.280552,0.395701,0.309305,0.108021,0.199914,0.178009,0.111944,0.048157,0.074525,0.223169,0.186396,0.181597,0.185304,0.132755,0.189757,0.198324,0.151147,0.501973,0.221536,0.450001,0.465264,0.187532,0.133748,0.211939,0.264931,0.208114,0.273870,0.267536,0.465704,0.231286,0.278960,0.600311,0.362232,0.442752,0.419490,-0.048087,-0.003309,0.364847,0.211925,0.217295,0.260088,0.293431,0.266972,0.045215,0.020128,0.202599,0.101163,0.223499,0.300254,0.435486,0.166001,0.401280,0.382361,0.105180,0.304922,0.259690,0.412703
0.333907,0.290572,0.624579,0.699904,0.651930,0.921342,0.643740,0.629004,0.548341,0.000000,0.569524,0.579064,0.651639,0.513942,0.614397,0.905800,0.503032,0.222281,0.511396,0.226856,0.328683,0.171474,0.566059,0.647305,0.569490,0.656887,0.612491,0.559931,0.419590,0.244524,0.392094,0.345370,0.165760,0.155364,0.184065,0.233016,0.430737,0.453039,0.450239,0.450486,0.375635,0.345449,0.291267,0.186127,0.184651,0.173948,0.268324,0.267635,0.274148,0.143054,0.581617,0.289668,0.508764,0.594971,0.396010,0.337202,0.217250,0.121205,0.284902,0.494956,0.151337,0.353598,0.248212,0.091598,0.466871,0.178988,0.423925,0.353672,-0.088743,0.036696,-0.030465,0.202016,0.263022,0.198153,0.361347,0.313883,0.025277,-0.091961,0.213570,0.255419,0.478454,0.497116,0.784624,0.520955,0.516483,0.447650,0.332436,0.444457,0.709865,0.680988
0.010923,-0.000787,0.463237,0.396243,0.305918,0.281907,0.486880,0.503218,0.387690,0.569524,0.000000,1.268186,1.006882,1.060421,1.047636,1.000969,0.435573,0.176193,0.410045,0.148565,0.213698,0.113146,0.649451,0.602505,0.529901,0.420174,0.489440,0.263523,0.455864,0.221366,0.408493,0.364446,0.049412,0.097958,0.086844,0.073955,0.220919,0.363680,0.210284,0.104748,0.224375,0.333901,-0.079735,-0.127821,-0.186769,-0.193714,-0.189582,-0.164254,-0.141699,-0.241088,0.551569,0.115670,0.749713,0.540881,0.169144,0.056760,-0.102322,-0.143733,-0.113056,0.139227,0.207936,0.284545,0.210884,0.227743,0.712881,0.386166,0.173550,0.126438,-0.289678,-0.181197,-0.028576,0.056009,-0.019118,-0.027552,0.072286,0.017870,-0.291041,-0.406422,0.177981,0.246649,0.546689,0.615862,0.352851,0.478071,0.877964,0.770468,0.457638,0.616049,0.488329,0.847843
-0.010800,-0.063799,0.434519,0.524698,0.276777,0.346348,0.575641,0.752347,0.329634,0.579064,1.268186,0.000000,0.813435,1.308765,0.738601,0.913781,0.255946,0.100855,0.244717,0.062492,0.223636,0.186720,0.554700,0.624773,0.455380,0.454818,0.470073,0.342058,0.345450,0.203529,0.317293,0.444559,0.071283,0.180448,0.107610,0.081803,0.170347,0.323729,0.232983,0.214371,0.166903,0.320098,-0.139578,-0.190420,-0.237927,-0.252728,-0.213310,-0.216081,-0.144133,-0.253761,0.582646,0.241561,0.607297,0.472655,0.180569,0.085485,-0.208217,-0.230266,0.021794,0.205487,0.305660,0.433082,0.227647,0.276989,0.719379,0.486887,0.196585,0.195208,-0.285890,-0.185299,0.140215,0.263694,-0.019205,0.025245,0.063417,0.005125,-0.263844,-0.337569,0.038989,0.128553,0.341596,0.401339,0.335952,0.447999,0.642525,0.632913,0.375285,0.531819,0.482463,0.761238
0.213979,0.230229,0.658613,0.662454,0.487960,0.508789,1.027242,0.867277,0.608825,0.651639,1.006882,0.813435,0.000000,1.146473,0.942734,0.997883,0.413160,0.290234,0.568503,0.221695,0.269883,0.139331,0.747143,0.627667,0.299269,0.405041,0.348647,0.099862,0.470398,0.362780,0.331795,0.322798,0.106139,0.138154,0.188028,0.169433,0.121353,0.222805,0.190577,0.065290,0.021492,0.211900,0.050312,-0.012136,-0.015120,-0.037772,-0.053121,-0.047697,0.044591,-0.030601,0.585840,0.153822,0.766946,0.562963,0.189894,0.059413,0.065832,0.117994,0.132880,0.335708,0.495561,0.533157,0.155511,0.305203,0.660857,0.589858,0.348655,0.286165,-0.152770,-0.065560,0.094015,0.146891,0.237951,0.220777,0.353570,0.289514,-0.170381,-0.208024,0.285033,0.140295,0.365166,0.473876,0.398900,0.238328,0.561042,0.505318,0.123579,0.369475,0.475739,0.686228
0.125300,0.078782,0.501049,0.585057,0.336350,0.376854,0.734625,0.849296,0.393163,0.513942,1.060421,1.308765,1.146473,0.000000,0.759297,0.936576,0.225283,0.165068,0.280773,0.122588,0.242720,0.170319,0.563181,0.568374,0.302422,0.364325,0.369751,0.167194,0.365983,0.245137,0.282798,0.400435,0.154280,0.254863,0.173617,0.112127,0.064613,0.180120,0.178505,0.105384,0.014283,0.231308,-0.121156,-0.170539,-0.175960,-0.187134,-0.187228,-0.196937,-0.060606,-0.120950,0.618394,0.261943,0.662694,0.561500,0.210077,0.082670,-0.059613,-0.051931,0.072734,0.210690,0.554240,0.585520,0.233519,0.379902,0.616030,0.689753,0.244599,0.239448,-0.160429,-0.064681,0.162305,0.223446,0.096013,0.112489,0.173800,0.086053,-0.243555,-0.259695,0.112468,0.104281,0.283471,0.356160,0.237145,0.281133,0.509104,0.508988,0.202160,0.398748,0.413713,0.625139
0.118839,0.219703,0.603422,0.441602,0.522846,0.360697,0.537517,0.360774,0.653198,0.614397,1.047636,0.738601,0.942734,0.759297,0.000000,1.220746,0.432698,0.347855,0.637256,0.378934,0.377581,0.233964,0.795015,0.686183,0.703209,0.664983,0.616305,0.314093,0.560386,0.444490,0.531281,0.480557,0.127587,0.185531,0.225910,0.080519,0.358021,0.473923,0.316955,0.191554,0.250555,0.312446,0.133739,0.112519,0.019117,0.026466,0.036365,0.103177,-0.029576,-0.118809,0.573058,0.119074,0.771614,0.695364,0.230860,0.143553,0.080266,0.077488,-0.123887,0.155669,0.088042,0.232014,0.159016,0.123653,0.720788,0.284628,0.328590,0.270578,-0.120704,-0.011500,0.051188,0.082858,0.155415,0.120581,0.236386,0.214359,-0.164828,-0.242461,0.361516,0.419925,0.755315,0.837448,0.604611,0.551197,0.970139,0.887726,0.438467,0.678491,0.445679,0.772258
0.176596,0.261127,0.704294,0.701050,0.485249,0.519200,0.662163,0.605890,0.529495,0.905800,1.000969,0.913781,0.997883,0.936576,1.220746,0.000000,0.465794,0.292989,0.658702,0.367490,0.351953,0.205462,0.916734,0.979546,0.612065,0.710365,0.704886,0.370390,0.516285,0.354529,0.461773,0.533651,0.098584,0.199481,0.334629,0.227067,0.317553,0.386446,0.341321,0.267269,0.132156,0.271712,0.127612,0.077798,0.011704,0.008546,0.012779,0.049746,-0.011313,-0.116454,0.594427,0.121679,0.825887,0.799017,0.227911,0.112684,0.111031,0.096874,-0.070453,0.218606,0.142982,0.352915,0.158768,0.114175,0.746989,0.389472,0.459216,0.381420,-0.130604,0.000950,-0.002344,0.218088,0.188728,0.131310,0.248934,0.244792,-0.056551,-0.111898,0.305399,0.278039,0.572815,0.687373,0.629775,0.467809,0.784482,0.720718,0.298394,0.538918,0.487080,0.784524
0.296090,0.435336,0.413339,0.258671,0.300771,0.309362,0.327511,0.212074,0.205352,0.503032,0.435573,0.255946,0.413160,0.225283,0.432698,0.465794,0.000000,0.760641,0.638980,0.422782,0.270197,0.177825,0.323843,0.262776,0.373764,0.238904,0.359239,0.333173,0.799388,0.479257,0.496439,0.210615,0.302642,0.190865,-0.146105,-0.039048,0.265421,0.368390,-0.019961,0.036539,0.231998,0.474054,0.425266,0.296861,0.325507,0.219681,0.306406,0.282447,0.327508,0.194235,0.318341,0.154246,0.270294,0.295118,0.158675,0.230149,0.624689,0.412058,0.009633,0.212021,0.072811,0.013721,0.492851,0.245561,0.186854,-0.036596,0.219374,0.137789,0.026174,0.118917,-0.322194,-0.019444,0.269025,0.296278,0.232204,0.424726,-0.042523,-0.089271,0.785900,0.610455,0.828370,0.820214,0.508682,0.398886,0.453332,0.383646,0.137594,0.183012,0.255811,0.367374
0.531062,0.888183,0.619809,0.426518,0.329100,0.200718,0.403473,0.138906,0.427301,0.222281,0.176193,0.100855,0.290234,0.165068,0.347855,0.292989,0.760641,0.000000,0.557995,0.561939,0.358931,0.310295,0.498650,0.384094,0.254592,0.300804,0.298146,0.162948,0.554728,0.888778,0.465125,0.481739,0.460890,0.473371,0.176621,0.099424,0.095443,0.205227,-0.006944,0.025876,0.035461,0.261548,0.355611,0.318366,0.352183,0.309936,0.289319,0.341651,0.305599,0.268130,0.323065,0.112366,0.254689,0.396371,0.107663,0.142200,0.913025,0.903686,0.012073,0.132514,0.162926,0.255093,0.477840,0.574820,0.263884,0.107639,0.351669,0.309366,0.202197,0.252025,0.186561,0.141321,0.342684,0.405845,0.268791,0.456572,0.053908,0.093036,0.857268,0.647918,0.568024,0.636066,0.411617,0.205866,0.334725,0.368602,-0.035429,0.107671,-0.014069,0.257452
0.459268,0.665748,0.875374,0.592197,0.465756,0.360771,0.588018,0.300622,0.459399,0.511396,0.410045,0.244717,0.568503,0.280773,0.637256,0.658702,0.638980,0.557995,0.000000,1.078374,0.240902,0.180547,0.827017,0.683792,0.503270,0.469127,0.515478,0.348246,0.574089,0.524126,0.592833,0.520869,0.482599,0.424366,0.380709,0.368128,0.214825,0.407080,0.168735,0.191196,0.099153,0.200668,0.489137,0.436936,0.449364,0.387709,0.375032,0.407536,0.379084,0.253124,0.432515,0.117472,0.532511,0.514879,0.288062,0.234031,0.494614,0.481614,0.124196,0.298361,0.054575,0.104053,0.276121,0.117688,0.343127,0.060636,0.721512,0.573249,0.220984,0.334184,0.010557,0.093054,0.458257,0.397136,0.410254,0.545408,0.215314,0.175951,0.585646,0.396189,0.575158,0.701943,0.627812,0.294835,0.490240,0.443663,0.041634,0.259794,0.215921,0.503038
0.501103,0.783970,0.674078,0.480688,0.290358,0.222930,0.401040,0.141311,0.292496,0.226856,0.148565,0.062492,0.221695,0.122588,0.378934,0.367490,0.422782,0.561939,1.078374,0.000000,0.122104,0.114936,0.498176,0.445432,0.349910,0.311542,0.328034,0.248683,0.527594,0.602039,0.494348,0.505950,0.761394,0.763293,0.362913,0.326256,0.212986,0.384796,0.017795,0.116989,0.006722,0.071251,0.615672,0.680044,0.698196,0.706100,0.560986,0.623065,0.524365,0.513530,0.330858,0.208880,0.280956,0.359746,0.326422,0.330852,0.621105,0.655683,0.173786,0.299505,0.006350,0.046001,0.360262,0.183292,0.117338,-0.025071,0.805575,0.756459,0.690790,0.832407,0.067241,-0.000109,0.394919,0.365460,0.318856,0.460463,0.331160,0.353191,0.668680,0.553406,0.556590,0.658687,0.461946,0.268010,0.378987,0.409154,0.014302,0.198160,0.082250,0.320539
0.240337,0.246092,0.179141,0.139528,0.333304,0.365229,0.207220,0.138586,0.258948,0.328683,0.213698,0.223636,0.269883,0.242720,0.377581,0.351953,0.270197,0.358931,0.240902,0.122104,0.000000,1.201689,0.289899,0.278256,0.138641,0.312972,0.264552,0.213753,0.324125,0.401308,0.298460,0.245529,0.161157,0.131673,0.161037,0.033843,0.175806,0.215090,0.132537,0.000357,0.248964,0.379095,0.054713,0.086888,0.029809,0.055780,0.041763,0.104754,0.054106,0.085972,0.270058,0.165181,0.276955,0.395745,0.150221,0.176378,0.195472,0.189844,0.090419,0.133482,0.175338,0.199746,0.267325,0.247730,0.216991,0.132429,0.102284,0.121004,-0.050724,-0.031132,0.281253,0.476225,0.585167,0.480967,0.505000,0.427915,-0.018105,0.036292,0.289146,0.247695,0.302981,0.276966,0.251107,0.077892,0.246070,0.240955,0.085053,0.185019,0.149756,0.354664
0.182274,0.142089,0.114696,0.104469,0.226449,0.255336,0.136263,0.111159,0.133502,0.171474,0.113146,0.186720,0.139331,0.170319,0.233964,0.205462,0.177825,0.310295,0.180547,0.114936,1.201689,0.000000,0.203190,0.202107,0.087960,0.257161,0.234741,0.223663,0.280153,0.339151,0.186064,0.198052,0.192335,0.176043,0.229015,0.091851,0.104180,0.115810,0.091376,0.030455,0.238705,0.384458,0.007138,0.081866,0.019334,0.078216,0.004497,0.069191,0.016753,0.058911,0.093159,0.102018,0.082701,0.162984,0.095589,0.152710,0.113228,0.090208,0.093899,0.097540,0.131846,0.139491,0.222922,0.229037,0.170468,0.148501,0.124187,0.158785,-0.060653,-0.040524,0.296469,0.546917,0.529426,0.437607,0.453003,0.351871,-0.028392,0.014289,0.256948,0.182412,0.193114,0.144946,0.142879,0.033639,0.110478,0.117273,0.033211,0.104960,0.038131,0.175520
0.273156,0.407649,1.257583,0.895852,0.504598,0.390695,0.726420,0.440546,0.812377,0.566059,0.649451,0.554700,0.747143,0.563181,0.795015,0.916734,0.323843,0.498650,0.827017,0.498176,0.289899,0.203190,0.000000,1.672767,0.560918,0.802741,0.664248,0.282310,0.249959,0.399191,0.526019,0.793026,0.144413,0.261984,0.660906,0.445514,0.021616,0.204237,0.111649,0.087103,-0.036846,0.146177,0.082460,0.061077,0.067885,0.049212,-0.049326,0.009572,0.019756,-0.060992,0.464817,0.012723,0.723378,0.660534,0.034731,-0.059796,0.193949,0.276299,-0.023765,0.118879,0.147868,0.369986,0.105786,0.158335,0.899285,0.401723,0.630407,0.490409,-0.142722,-0.017683,0.341704,0.352868,0.310042,0.250625,0.337798,0.325545,0.127773,0.107546,0.267064,0.132682,0.289629,0.474150,0.372646,0.147614,0.578776,0.531433,0.023655,0.292587,0.180252,0.609789
0.209730,0.331646,1.108459,1.001796,0.433633,0.405388,0.673661,0.471900,0.684379,0.647305,0.602505,0.624773,0.627667,0.568374,0.686183,0.979546,0.262776,0.384094,0.683792,0.445432,0.278256,0.202107,1.672767,0.000000,0.566553,0.878487,0.675108,0.351442,0.157557,0.293969,0.449898,0.857212,0.115000,0.283182,0.706884,0.489983,0.040137,0.186630,0.130776,0.123283,-0.014025,0.117211,0.038072,0.034651,0.059394,0.055799,-0.072723,-0.022759,-0.024808,-0.117764,0.418950,-0.001677,0.610589,0.569659,0.039460,-0.067798,0.117272,0.197389,-0.001582,0.139756,0.103854,0.421455,0.061129,0.115227,0.935602,0.480265,0.676642,0.562715,-0.162077,-0.044926,0.355712,0.425191,0.249042,0.202458,0.272618,0.266465,0.117695,0.102388,0.159102,0.095906,0.249269,0.436324,0.355609,0.169174,0.585438,0.556869,0.084093,0.311660,0.214183,0.589434
0.152572,0.126408,0.532411,0.406486,0.653082,0.465028,0.257812,0.154747,0.381403,0.569490,0.529901,0.455380,0.299269,0.302422,0.703209,0.612065,0.373764,0.254592,0.503270,0.349910,0.138641,0.087960,0.560918,0.566553,0.000000,1.049821,1.219458,1.054885,0.356380,0.184627,0.663321,0.640910,0.291491,0.268321,0.289794,0.173505,0.332804,0.377715,0.460181,0.513708,0.371921,0.359782,0.260711,0.278474,0.154560,0.210035,0.245398,0.343476,0.123289,0.024665,0.412411,0.291712,0.350210,0.502200,0.399197,0.445040,0.146697,0.022150,0.020954,0.209965,-0.099866,-0.032705,0.183800,-0.094585,0.492795,0.004194,0.466741,0.386837,-0.013586,0.104449,-0.039504,0.029812,0.026853,-0.017366,0.059301,0.069371,-0.061553,-0.168846,0.264818,0.526788,0.681509,0.624666,0.655343,0.737594,0.586587,0.542081,0.661042,0.698203,0.498048,0.540035
0.239025,0.230910,0.598182,0.754098,0.737093,0.713795,0.432958,0.391549,0.693535,0.656887,0.420174,0.454818,0.405041,0.364325,0.664983,0.710365,0.238904,0.300804,0.469127,0.311542,0.312972,0.257161,0.802741,0.878487,1.049821,0.000000,1.129823,0.719447,0.317961,0.319860,0.675760,0.906429,0.212975,0.340743,0.508248,0.321002,0.232452,0.219102,0.471596,0.413967,0.196065,0.217022,0.169131,0.209757,0.092371,0.192797,0.130447,0.257347,0.061664,0.021131,0.419909,0.264071,0.385630,0.580805,0.360412,0.321958,0.123373,0.107385,0.133476,0.322175,0.114713,0.265516,0.120762,0.038269,0.640079,0.345462,0.606116,0.593566,-0.030959,0.087430,0.140699,0.247477,0.157474,0.118247,0.182503,0.152434,0.035184,-0.007236,0.219060,0.267446,0.376283,0.361649,0.583491,0.383502,0.415781,0.410987,0.352772,0.497494,0.432165,0.524721
0.297882,0.233277,0.572161,0.492937,0.652042,0.583060,0.288662,0.228799,0.384929,0.612491,0.489440,0.470073,0.348647,0.369751,0.616305,0.704886,0.359239,0.298146,0.515478,0.328034,0.264552,0.234741,0.664248,0.675108,1.219458,1.129823,0.000000,1.010553,0.329967,0.149335,0.553956,0.641467,0.322337,0.318233,0.470903,0.254707,0.274190,0.269064,0.520095,0.543714,0.231745,0.344473,0.133964,0.149618,0.061038,0.154487,0.098202,0.231614,0.046872,-0.018899,0.289609,0.180066,0.316975,0.567988,0.303824,0.375940,0.201702,0.081701,0.130587,0.282566,0.125671,0.136189,0.250103,0.087359,0.498300,0.143923,0.560412,0.473782,-0.009756,0.105961,-0.010416,0.262451,0.115917,0.044548,0.091135,0.061748,-0.026499,-0.039608,0.230366,0.389121,0.536099,0.467153,0.604488,0.613234,0.456914,0.401987,0.493109,0.580243,0.501689,0.515032
0.140583,0.087815,0.348822,0.276126,0.752074,0.699550,0.185128,0.159525,0.137248,0.559931,0.263523,0.342058,0.099862,0.167194,0.314093,0.370390,0.333173,0.162948,0.348246,0.248683,0.213753,0.223663,0.282310,0.351442,1.054885,0.719447,1.010553,0.000000,0.234095,0.039867,0.425116,0.403084,0.270055,0.221162,0.194806,0.204268,0.221556,0.226605,0.319443,0.552177,0.331802,0.386222,0.281649,0.278889,0.199544,0.261641,0.335124,0.379344,0.208563,0.113703,0.200123,0.273825,0.046364,0.244587,0.331308,0.435837,0.159364,0.005674,0.237747,0.310295,-0.048700,-0.051017,0.167778,-0.064178,0.279771,-0.036464,0.409485,0.338012,0.049929,0.111595,-0.051551,0.142964,0.113048,0.024912,0.063648,0.019614,-0.080446,-0.173175,0.191012,0.389572,0.455540,0.396996,0.538890,0.517932,0.281345,0.245461,0.485696,0.412811,0.412796,0.347390
0.430834,0.475657,0.340202,0.352592,0.386759,0.442268,0.427876,0.408102,0.238884,0.419590,0.455864,0.345450,0.470398,0.365983,0.560386,0.516285,0.799388,0.554728,0.574089,0.527594,0.324125,0.280153,0.249959,0.157557,0.356380,0.317961,0.329967,0.234095,0.000000,0.900915,0.840460,0.423582,0.567769,0.476937,-0.070053,0.018719,0.444212,0.443899,0.251304,0.214551,0.311020,0.418691,0.546779,0.483744,0.348690,0.343877,0.430393,0.466352,0.463977,0.415733,0.566044,0.471371,0.367969,0.484698,0.507841,0.478845,0.536330,0.409563,0.059822,0.314335,0.232854,0.097461,0.562673,0.326778,0.005982,0.022711,0.279361,0.295928,0.333646,0.423916,-0.199771,-0.048524,0.334807,0.297087,0.274414,0.352128,0.056695,-0.024419,0.985996,0.732535,0.802649,0.672894,0.688437,0.435459,0.372143,0.357051,0.151905,0.266021,0.270084,0.404993
0.477485,0.724920,0.481878,0.458586,0.302206,0.315417,0.495525,0.341052,0.454522,0.244524,0.221366,0.203529,0.362780,0.245137,0.444490,0.354529,0.479257,0.888778,0.524126,0.602039,0.401308,0.339151,0.399191,0.293969,0.184627,0.319860,0.149335,0.039867,0.900915,0.000000,0.727357,0.613500,0.544393,0.608609,0.108795,0.122914,0.187256,0.330482,0.030997,-0.005675,0.083656,0.191604,0.598340,0.589182,0.473842,0.464485,0.493112,0.515468,0.441593,0.443352,0.506916,0.350496,0.362884,0.416665,0.330695,0.268797,0.624809,0.706903,0.071152,0.241711,0.190482,0.284803,0.387809,0.409627,0.156085,0.134955,0.351713,0.420757,0.359850,0.406425,0.235966,0.057814,0.393054,0.435268,0.361793,0.441264,0.078411,0.080759,1.007357,0.683333,0.563719,0.582488,0.495922,0.183961,0.315710,0.385556,-0.087264,0.117311,0.008631,0.310290
0.233586,0.387101,0.473068,0.408636,0.434936,0.415836,0.314235,0.202518,0.339248,0.392094,0.408493,0.317293,0.331795,0.282798,0.531281,0.461773,0.496439,0.465125,0.592833,0.494348,0.298460,0.186064,0.526019,0.449898,0.663321,0.675760,0.553956,0.425116,0.840460,0.727357,0.000000,1.049668,0.518172,0.576536,0.231506,0.242525,0.282551,0.348317,0.246255,0.228687,0.233376,0.320746,0.458946,0.465731,0.317855,0.359928,0.377065,0.425588,0.393020,0.347127,0.570225,0.495932,0.398104,0.517986,0.533540,0.448580,0.334468,0.299772,0.006514,0.194729,0.132639,0.076532,0.304266,0.128612,0.216722,0.133758,0.385981,0.449423,0.160404,0.301171,0.006847,-0.046131,0.218184,0.216519,0.187204,0.200018,0.062592,0.022049,0.624254,0.612811,0.577271,0.541111,0.478780,0.331410,0.361131,0.383316,0.177037,0.251882,0.189900,0.429772
0.300930,0.438352,0.691470,0.706844,0.370710,0.365904,0.433010,0.317784,0.444310,0.345370,0.364446,0.444559,0.322798,0.400435,0.480557,0.533651,0.210615,0.481739,0.520869,0.505950,0.245529,0.198052,0.793026,0.857212,0.640910,0.906429,0.641467,0.403084,0.423582,0.613500,1.049668,0.000000,0.409806,0.617411,0.502605,0.339346,0.102981,0.228727,0.237801,0.237591,0.094089,0.228256,0.251566,0.313333,0.199244,0.260249,0.187867,0.255220,0.190113,0.160194,0.527646,0.331040,0.440075,0.528152,0.354027,0.245924,0.257726,0.321475,0.068907,0.187748,0.191386,0.308542,0.173705,0.195879,0.440108,0.357550,0.564642,0.628445,0.111346,0.223381,0.399844,0.270408,0.256202,0.269500,0.200983,0.225192,0.108844,0.115249,0.360267,0.360192,0.322437,0.381940,0.376361,0.247610,0.372179,0.427862,0.156227,0.305947,0.100054,0.426233
0.807933,0.640837,0.407993,0.347539,0.268489,0.263492,0.278227,0.183011,0.196382,0.165760,0.049412,0.071283,0.106139,0.154280,0.127587,0.098584,0.302642,0.460890,0.482599,0.761394,0.161157,0.192335,0.144413,0.115000,0.291491,0.212975,0.322337,0.270055,0.567769,0.544393,0.518172,0.409806,0.000000,1.247363,0.304739,0.313672,0.300154,0.343075,0.239571,0.286216,0.186884,0.176785,0.476764,0.526969,0.588775,0.647404,0.495912,0.593272,0.680705,0.666568,0.401807,0.540525,0.097232,0.317363,0.555044,0.650385,0.682395,0.524797,0.474997,0.410847,0.381031,0.184943,0.795884,0.459214,-0.091761,-0.005866,0.600852,0.659080,0.740188,0.813590,0.045118,-0.010052,0.384810,0.431318,0.295306,0.310328,0.256623,0.292931,0.515913,0.612303,0.450325,0.353394,0.371589,0.336153,0.098162,0.158498,0.095324,0.170408,0.159066,0.159783
0.565180,0.698604,0.445059,0.499130,0.221827,0.273096,0.344324,0.267851,0.280552,0.155364,0.097958,0.180448,0.138154,0.254863,0.185531,0.199481,0.190865,0.473371,0.424366,0.763293,0.131673,0.176043,0.261984,0.283182,0.268321,0.340743,0.318233,0.221162,0.476937,0.608609,0.576536,0.617411,1.247363,0.000000,0.487368,0.494666,0.258063,0.266550,0.193861,0.254918,0.111369,0.081868,0.421849,0.508103,0.486390,0.616302,0.417893,0.516058,0.522886,0.528496,0.370951,0.446530,0.130858,0.316149,0.501145,0.465681,0.500246,0.566980,0.374561,0.426521,0.369728,0.405291,0.488697,0.492889,0.052147,0.249796,0.715937,0.895697,0.646338,0.758382,0.156862,-0.020924,0.248161,0.328077,0.207835,0.210272,0.309836,0.330395,0.455672,0.545014,0.375859,0.346298,0.366064,0.289093,0.179487,0.232224,0.080695,0.161326,0.174900,0.185533
0.222581,0.264774,0.611136,0.519335,0.233938,0.219568,0.272800,0.136205,0.395701,0.184065,0.086844,0.107610,0.188028,0.173617,0.225910,0.334629,-0.146105,0.176621,0.380709,0.362913,0.161037,0.229015,0.660906,0.706884,0.289794,0.508248,0.470903,0.194806,-0.070053,0.108795,0.231506,0.502605,0.304739,0.487368,0.000000,1.133092,0.055405,0.022987,0.233835,0.164086,-0.023260,0.027279,0.038430,0.110454,0.194196,0.300391,-0.056464,0.071534,0.054160,0.012054,0.081563,-0.080017,0.160604,0.276912,0.031233,0.004534,0.090298,0.192344,0.096509,0.035537,0.072263,0.311258,-0.032849,0.029165,0.439406,0.363781,0.887763,0.770038,0.051372,0.121454,0.373429,0.342163,0.269459,0.194030,0.243622,0.149753,0.316082,0.335017,0.026474,0.019620,0.027555,0.100698,0.140393,0.008563,0.191871,0.160237,-0.025183,0.105014,0.070231,0.152282
0.230490,0.268960,0.530408,0.481062,0.250554,0.312552,0.317946,0.247007,0.309305,0.233016,0.073955,0.081803,0.169433,0.112127,0.080519,0.227067,-0.039048,0.099424,0.368128,0.326256,0.033843,0.091851,0.445514,0.489983,0.173505,0.321002,0.254707,0.204268,0.018719,0.122914,0.242525,0.339346,0.313672,0.494666,1.133092,0.000000,0.046589,0.051615,0.164867,0.151619,0.018747,-0.021769,0.211979,0.237683,0.348115,0.432763,0.114615,0.175480,0.245464,0.143816,0.088564,-0.058358,0.111984,0.157171,0.098168,0.031528,0.136417,0.185467,0.195567,0.101150,0.039167,0.274778,-0.022733,-0.007767,0.255893,0.289731,0.817982,0.769051,0.101316,0.154726,0.205595,0.142280,0.204543,0.111472,0.191340,0.114017,0.315213,0.286630,0.091404,-0.010627,0.023593,0.119993,0.176359,-0.054713,0.146175,0.099728,-0.105092,-0.011478,0.092460,0.133101
0.151252,0.164850,0.062204,0.059174,0.092602,0.218588,0.037006,0.042092,0.108021,0.430737,0.220919,0.170347,0.121353,0.064613,0.358021,0.317553,0.265421,0.095443,0.214825,0.212986,0.175806,0.104180,0.021616,0.040137,0.332804,0.232452,0.274190,0.221556,0.444212,0.187256,0.282551,0.102981,0.300154,0.258063,0.055405,0.046589,0.000000,0.975291,0.705077,0.562869,0.737714,0.446493,0.254424,0.257056,0.164780,0.225834,0.280454,0.330101,0.192542,0.130537,0.412699,0.352950,0.305734,0.372026,0.586010,0.516374,0.144732,0.078274,0.014345,0.243014,-0.139421,-0.019929,0.224431,-0.000596,0.036678,-0.198205,0.220575,0.226829,0.225778,0.297859,-0.144552,-0.071803,0.198380,0.209380,0.233789,0.255507,0.310389,0.173023,0.234122,0.566090,0.614923,0.482382,0.710862,0.742648,0.444272,0.435785,0.556797,0.561490,0.662691,0.427517
0.192712,0.206428,0.275739,0.142472,0.063967,0.106885,0.205454,0.141360,0.199914,0.453039,0.363680,0.323729,0.222805,0.180120,0.473923,0.386446,0.368390,0.205227,0.407080,0.384796,0.215090,0.115810,0.204237,0.186630,0.377715,0.219102,0.269064,0.226605,0.443899,0.330482,0.348317,0.228727,0.343075,0.266550,0.022987,0.051615,0.975291,0.000000,0.511876,0.502315,0.541794,0.456874,0.269870,0.270155,0.205572,0.197296,0.294784,0.269239,0.212624,0.088290,0.564125,0.364954,0.508479,0.387205,0.512278,0.433342,0.138851,0.049627,0.089184,0.275317,-0.130018,0.015407,0.365006,0.067809,0.240156,-0.167217,0.259680,0.281405,0.167414,0.209917,0.010762,-0.009723,0.206038,0.283023,0.245053,0.343045,0.246783,0.137880,0.243299,0.511869,0.669512,0.623111,0.685817,0.736273,0.620396,0.669834,0.466229,0.526473,0.545761,0.654836
0.259436,0.136604,0.120993,0.245305,0.220715,0.330250,0.134919,0.204983,0.178009,0.450239,0.210284,0.232983,0.190577,0.178505,0.316955,0.341321,-0.019961,-0.006944,0.168735,0.017795,0.132537,0.091376,0.111649,0.130776,0.460181,0.471596,0.520095,0.319443,0.251304,0.030997,0.246255,0.237801,0.239571,0.193861,0.233835,0.164867,0.705077,0.511876,0.000000,1.247931,0.481828,0.302741,0.087742,0.125173,-0.011332,0.118653,0.142607,0.281572,0.055163,0.013738,0.338650,0.240406,0.312261,0.472466,0.662177,0.591159,0.046894,-0.013441,0.150184,0.358846,0.022631,0.139720,0.137727,-0.007866,0.116785,-0.046186,0.275672,0.306906,0.138155,0.184833,-0.049328,0.024371,0.007213,-0.039347,0.064561,0.057359,0.172184,0.104790,0.006634,0.282885,0.317269,0.189860,0.662625,0.660561,0.265953,0.263306,0.615482,0.621132,0.728841,0.422892
0.242877,0.170461,0.199878,0.263976,0.261020,0.349528,0.177947,0.233032,0.111944,0.450486,0.104748,0.214371,0.065290,0.105384,0.191554,0.267269,0.036539,0.025876,0.191196,0.116989,0.000357,0.030455,0.087103,0.123283,0.513708,0.413967,0.543714,0.552177,0.214551,-0.005675,0.228687,0.237591,0.286216,0.254918,0.164086,0.151619,0.562869,0.502315,1.247931,0.000000,0.444620,0.329895,0.168920,0.197093,0.057787,0.169192,0.284046,0.371823,0.149747,0.102276,0.260333,0.302351,0.167242,0.323700,0.613628,0.600718,0.098733,0.042160,0.236195,0.437662,-0.040095,0.062486,0.152050,-0.050416,0.053171,-0.166395,0.322732,0.353679,0.220154,0.280597,-0.033104,0.041431,-0.035602,-0.056350,-0.011473,0.003555,0.240792,0.125453,-0.001900,0.311140,0.283717,0.207262,0.784553,0.788051,0.216488,0.191353,0.582835,0.502469,0.642960,0.331060
0.154872,0.039227,0.009682,-0.042267,0.124312,0.182495,-0.035621,-0.022510,0.048157,0.375635,0.224375,0.166903,0.021492,0.014283,0.250555,0.132156,0.231998,0.035461,0.099153,0.006722,0.248964,0.238705,-0.036846,-0.014025,0.371921,0.196065,0.231745,0.331802,0.311020,0.083656,0.233376,0.094089,0.186884,0.111369,-0.023260,0.018747,0.737714,0.541794,0.481828,0.444620,0.000000,0.785551,0.165859,0.155165,0.110895,0.139647,0.204395,0.258476,0.109472,0.012960,0.188420,0.161521,0.066709,0.165710,0.412969,0.341427,0.110411,-0.044386,0.063853,0.158337,-0.114277,-0.057499,0.157126,-0.042282,0.057886,-0.179816,0.054628,0.020787,0.009644,0.039268,-0.057835,0.008892,0.319875,0.293207,0.359780,0.268690,0.196892,-0.064333,0.141582,0.438716,0.470261,0.332650,0.473077,0.596980,0.385909,0.275486,0.698465,0.513369,0.462022,0.293365
0.163190,0.119885,0.207647,0.078244,0.184099,0.222223,0.130844,0.119198,0.074525,0.345449,0.333901,0.320098,0.211900,0.231308,0.312446,0.271712,0.474054,0.261548,0.200668,0.071251,0.379095,0.384458,0.146177,0.117211,0.359782,0.217022,0.344473,0.386222,0.418691,0.191604,0.320746,0.228256,0.176785,0.081868,0.027279,-0.021769,0.446493,0.456874,0.302741,0.329895,0.785551,0.000000,0.060767,0.068772,0.090097,0.087904,0.056458,0.090964,0.104030,0.015001,0.227930,0.146287,0.128911,0.181872,0.203329,0.214684,0.234786,0.086252,0.039304,0.112515,0.060714,0.089542,0.313042,0.128400,0.238144,0.024419,0.133205,0.079753,-0.047198,-0.011210,-0.012701,0.288813,0.450765,0.529300,0.379382,0.421583,0.025787,-0.076715,0.311591,0.460101,0.550916,0.421238,0.367769,0.509463,0.404523,0.358288,0.502542,0.459494,0.330217,0.344723
0.392145,0.578346,0.298336,0.228688,0.375602,0.449469,0.215001,0.080067,0.223169,0.291267,-0.079735,-0.139578,0.050312,-0.121156,0.133739,0.127612,0.425266,0.355611,0.489137,0.615672,0.054713,0.007138,0.082460,0.038072,0.260711,0.169131,0.133964,0.281649,0.546779,0.598340,0.458946,0.251566,0.476764,0.421849,0.038430,0.211979,0.254424,0.269870,0.087742,0.168920,0.165859,0.060767,0.000000,1.716675,1.332726,1.168005,1.598178,1.430473,1.115266,0.991157,0.247904,0.332981,0.007068,0.085088,0.464892,0.589092,0.639180,0.602796,0.264711,0.338534,-0.088962,-0.069109,0.194140,-0.022050,-0.168129,-0.263595,0.426073,0.413960,0.556088,0.580455,-0.076298,-0.182075,0.255419,0.173259,0.238989,0.316133,0.141832,0.120402,0.793445,0.575177,0.483678,0.445861,0.506429,0.210748,0.139941,0.104692,0.049162,0.101442,0.059195,0.015821
0.384615,0.603996,0.261714,0.209149,0.322050,0.389031,0.174611,0.015434,0.186396,0.186127,-0.127821,-0.190420,-0.012136,-0.170539,0.112519,0.077798,0.296861,0.318366,0.436936,0.680044,0.086888,0.081866,0.061077,0.034651,0.278474,0.209757,0.149618,0.278889,0.483744,0.589182,0.465731,0.313333,0.526969,0.508103,0.110454,0.237683,0.257056,0.270155,0.125173,0.197093,0.155165,0.068772,1.716675,0.000000,1.357296,1.512734,1.413672,1.600605,0.915960,0.964882,0.204946,0.302247,0.001493,0.087618,0.487134,0.604056,0.601741,0.597369,0.253755,0.325109,-0.112180,-0.053640,0.155566,-0.023498,-0.154375,-0.213736,0.494246,0.542485,0.691648,0.686784,0.003153,-0.153160,0.292510,0.198655,0.281759,0.322156,0.154865,0.146495,0.775320,0.616345,0.472103,0.427987,0.447090,0.203144,0.145518,0.160305,0.105241,0.143896,0.054050,0.034787
0.427943,0.609428,0.360226,0.246003,0.269736,0.333001,0.212520,0.033511,0.181597,0.184651,-0.186769,-0.237927,-0.015120,-0.175960,0.019117,0.011704,0.325507,0.352183,0.449364,0.698196,0.029809,0.019334,0.067885,0.059394,0.154560,0.092371,0.061038,0.199544,0.348690,0.473842,0.317855,0.199244,0.588775,0.486390,0.194196,0.348115,0.164780,0.205572,-0.011332,0.057787,0.110895,0.090097,1.332726,1.357296,0.000000,1.664763,1.123564,1.131465,1.122974,0.993476,0.155039,0.177565,-0.102156,-0.028597,0.326999,0.451778,0.691882,0.627255,0.341874,0.258021,-0.050037,0.016391,0.229625,0.011649,-0.122552,-0.159507,0.577702,0.537302,0.663434,0.638299,0.020997,-0.062552,0.344338,0.263680,0.295316,0.375844,0.140694,0.175727,0.690714,0.500808,0.428551,0.396653,0.311857,0.116805,0.140128,0.145327,-0.006653,0.065391,-0.026055,-0.034208
0.460221,0.640494,0.322880,0.263598,0.302575,0.390463,0.192557,0.021818,0.185304,0.173948,-0.193714,-0.252728,-0.037772,-0.187134,0.026466,0.008546,0.219681,0.309936,0.387709,0.706100,0.055780,0.078216,0.049212,0.055799,0.210035,0.192797,0.154487,0.261641,0.343877,0.464485,0.359928,0.260249,0.647404,0.616302,0.300391,0.432763,0.225834,0.197296,0.118653,0.169192,0.139647,0.087904,1.168005,1.512734,1.664763,0.000000,1.072767,1.264346,0.957779,1.003863,0.127943,0.206895,-0.097971,0.040953,0.420455,0.531163,0.640500,0.620202,0.409621,0.384159,-0.018850,0.083267,0.221334,0.066022,-0.123408,-0.090341,0.689316,0.729017,0.784054,0.772624,0.044103,-0.076478,0.320724,0.235335,0.298190,0.326552,0.186718,0.203138,0.656139,0.547825,0.435908,0.378626,0.354272,0.173274,0.135046,0.166980,0.092116,0.133288,0.062309,0.009064
0.375979,0.530954,0.197408,0.168677,0.338935,0.436068,0.186028,0.053300,0.132755,0.268324,-0.189582,-0.213310,-0.053121,-0.187228,0.036365,0.012779,0.306406,0.289319,0.375032,0.560986,0.041763,0.004497,-0.049326,-0.072723,0.245398,0.130447,0.098202,0.335124,0.430393,0.493112,0.377065,0.187867,0.495912,0.417893,-0.056464,0.114615,0.280454,0.294784,0.142607,0.284046,0.204395,0.056458,1.598178,1.413672,1.123564,1.072767,0.000000,1.644072,1.103999,1.069621,0.242373,0.481264,-0.064667,0.030121,0.618576,0.727372,0.575012,0.550887,0.396857,0.442927,-0.102095,-0.111878,0.164056,-0.043983,-0.243601,-0.317717,0.368877,0.386189,0.637231,0.636603,-0.038550,-0.204407,0.227169,0.161672,0.224573,0.279864,0.167248,0.133210,0.608852,0.563091,0.410235,0.342263,0.539126,0.250463,0.044787,0.047006,0.076924,0.075342,0.114726,-0.008315
0.476960,0.630635,0.242290,0.205844,0.390856,0.465140,0.156456,0.015768,0.189757,0.267635,-0.164254,-0.216081,-0.047697,-0.196937,0.103177,0.049746,0.282447,0.341651,0.407536,0.623065,0.104754,0.069191,0.009572,-0.022759,0.343476,0.257347,0.231614,0.379344,0.466352,0.515468,0.425588,0.255220,0.593272,0.516058,0.071534,0.175480,0.330101,0.269239,0.281572,0.371823,0.258476,0.090964,1.430473,1.600605,1.131465,1.264346,1.644072,0.000000,0.937798,1.023373,0.205427,0.388575,-0.039176,0.150865,0.609084,0.827166,0.645743,0.607421,0.327758,0.414519,-0.094076,-0.072778,0.203144,0.003884,-0.215334,-0.309111,0.450709,0.468352,0.738429,0.750466,-0.041229,-0.172605,0.231349,0.154057,0.228049,0.253748,0.184164,0.172031,0.671976,0.674196,0.490603,0.391603,0.585733,0.326475,0.095662,0.098632,0.177384,0.185005,0.177071,0.044336
