0.000000,1.214430,0.777585,0.854324,0.361856,0.647459,0.737473,0.622559,0.411175,0.464087,0.987679,0.834776,0.658787,0.637017,0.567982,0.329645,0.580543,0.939279,1.056768,1.130187,0.398535,0.664936,0.564983,0.517789,0.473731,0.555353,0.817157,0.749269,0.682143,0.388133,0.464807,0.647319,1.037767,1.162269,0.448944,0.352891,0.235414,0.300951,0.380140,0.404303,0.586397,0.259820,0.512868,0.383213,0.379021,0.576770,0.513849,0.640986,0.700923,0.761518,0.746224,0.778501,0.650587,0.535158,0.571817,0.562593,1.521209,1.297187,1.079370,1.204890,0.936715,1.011348,0.611790,0.915498,0.640549,0.729398,1.090237,0.893204,1.130558,1.005379,0.208393,0.187664,0.670700,0.514346,0.479600,0.284627,0.032629,0.045380,0.415056,0.483293,0.833877,0.587139,0.374765,0.409864,0.847258,0.757716,0.519256,0.406351,0.859633,0.806303
1.214430,0.000000,0.720076,0.895193,0.346377,0.554628,0.506418,0.696794,0.484890,0.444929,0.774665,0.829019,0.434118,0.592944,0.416493,0.289749,0.504053,0.924497,1.005842,1.474444,0.469875,0.781460,0.504680,0.527303,0.426273,0.542842,0.788777,0.669687,0.607443,0.380751,0.467577,0.591883,0.995463,1.350076,0.597491,0.420429,0.291178,0.378172,0.226413,0.364234,0.485522,0.241475,0.669489,0.528305,0.507919,0.760064,0.654966,0.800333,0.881948,0.996782,0.817001,0.994593,0.788512,0.757280,0.626784,0.560451,1.399594,1.776428,1.150398,1.216521,0.804373,1.035357,0.662452,1.076721,0.515394,0.774052,1.249213,1.045670,1.472211,1.464981,0.161193,0.092333,0.543669,0.432580,0.383321,0.250614,-0.028643,-0.021149,0.503009,0.490089,0.804948,0.661902,0.206040,0.485660,0.822788,0.858870,0.525535,0.404478,0.765114,0.834329
0.777585,0.720076,0.000000,1.108020,0.352963,0.579165,1.065745,0.798927,0.397948,0.429535,0.727457,0.691480,0.609605,0.596783,0.392526,0.287689,0.321053,0.510557,0.824167,0.725298,0.334721,0.544372,0.952179,0.739407,0.717325,0.636388,0.669332,0.655459,0.373804,0.134247,0.629487,0.709217,0.662752,0.722001,0.504926,0.392127,0.342905,0.419416,0.383783,0.438432,0.561762,0.280320,0.401804,0.273059,0.319534,0.458762,0.372081,0.447769,0.583267,0.626726,0.707386,0.697314,0.518883,0.489911,0.463608,0.523216,0.656390,0.653312,0.687034,0.676674,0.668834,0.698873,0.517461,0.637147,0.771576,0.656242,0.749748,0.594046,0.661956,0.625679,0.226250,0.216090,0.525961,0.395459,0.377225,0.243077,0.146466,0.166027,0.255036,0.244588,0.433760,0.379031,0.221320,0.307135,0.573437,0.564537,0.403054,0.339703,0.818658,0.760187
0.854324,0.895193,1.108020,0.000000,0.672265,0.878801,0.771479,1.391427,0.517466,0.753472,0.544524,0.835413,0.423872,0.810427,0.271418,0.515986,0.458861,0.688763,0.855506,0.939242,0.346148,0.541748,0.831400,1.076336,0.763149,0.883857,0.590526,0.700119,0.458949,0.439053,0.751408,0.943170,1.047142,1.086844,0.629441,0.583583,0.295362,0.561149,0.282038,0.547705,0.535698,0.392597,0.687513,0.525740,0.553195,0.896095,0.590368,0.727557,0.858385,0.911987,0.843047,0.958474,0.653207,0.568262,0.556586,0.710534,0.808221,0.799373,0.826537,1.046589,0.676923,1.319317,0.765640,1.189189,0.846458,1.129314,1.103000,1.137370,0.845515,0.886096,0.240048,0.102408,0.560128,0.495116,0.522112,0.332804,0.263808,0.323419,0.346097,0.407207,0.651444,0.633490,0.220309,0.557230,0.608792,0.766762,0.548047,0.482424,0.736356,0.979123
0.361856,0.346377,0.352963,0.672265,0.000000,0.844849,0.216528,0.692305,0.632169,0.887378,0.108751,0.446157,0.128878,0.478015,0.201001,0.698598,0.386274,0.368970,0.468955,0.483018,0.217571,0.305774,0.451888,0.629253,0.490981,0.785546,0.381479,0.560624,0.352457,0.566563,0.697046,0.589190,0.686151,0.564278,0.397171,0.485607,0.320439,0.571369,0.259117,0.321189,0.359249,0.497829,0.643297,0.635969,0.529209,0.739019,0.545916,0.629402,0.549254,0.492332,0.443512,0.430916,0.301457,0.220760,0.350965,0.450310,0.326996,0.271184,0.369782,0.531520,0.239762,0.587450,0.331401,0.525176,0.435615,0.580641,0.635534,0.759281,0.418263,0.486978,0.212044,0.106935,0.442527,0.408914,0.553135,0.483891,0.513093,0.599479,0.365301,0.369918,0.464176,0.487327,0.279844,0.527139,0.251240,0.374121,0.302457,0.171040,0.228097,0.350498
0.647459,0.554628,0.579165,0.878801,0.844849,0.000000,0.552899,0.810545,0.379802,0.913369,0.269943,0.479462,0.346106,0.540422,0.295533,0.626835,0.540717,0.638983,0.515939,0.628323,0.172334,0.316697,0.549256,0.752384,0.476254,0.979064,0.660315,0.895522,0.510659,0.517739,0.700951,0.803613,0.970851,0.821894,0.370323,0.426990,0.180993,0.497096,0.144776,0.235515,0.483960,0.298532,0.578387,0.530608,0.455418,0.713892,0.523339,0.598374,0.589923,0.592252,0.619453,0.604036,0.421098,0.209512,0.310325,0.430788,0.656639,0.572148,0.454583,0.848588,0.302526,0.830341,0.351701,0.727441,0.592868,0.754856,0.818084,0.889069,0.613966,0.629032,0.294233,0.214819,0.525028,0.479628,0.623473,0.364435,0.321153,0.437091,0.411651,0.372170,0.546872,0.526350,0.315332,0.379294,0.365559,0.471109,0.259331,0.064850,0.553198,0.487735
0.737473,0.506418,1.065745,0.771479,0.216528,0.552899,0.000000,0.790096,0.304821,0.382406,0.649756,0.556318,0.751635,0.566869,0.385016,0.144960,0.438553,0.478566,0.640213,0.542877,0.275877,0.356160,0.623453,0.463092,0.487953,0.507918,0.515442,0.522555,0.484111,0.188035,0.549144,0.668339,0.593681,0.618121,0.212828,0.154514,0.309415,0.312655,0.307318,0.314921,0.530737,0.155915,0.333548,0.255238,0.337767,0.456767,0.287285,0.351671,0.559871,0.545322,0.530832,0.523961,0.343743,0.240817,0.353713,0.436012,0.559720,0.487825,0.454301,0.543594,0.494464,0.613888,0.376270,0.537602,0.724088,0.622763,0.567090,0.507865,0.485121,0.472717,0.241888,0.258021,0.643369,0.422391,0.509724,0.295727,0.173351,0.187871,0.263879,0.314153,0.469412,0.394733,0.269746,0.209912,0.470497,0.388556,0.264325,0.199360,0.698086,0.546818
0.622559,0.696794,0.798927,1.391427,0.692305,0.810545,0.790096,0.000000,0.657607,0.852112,0.397577,0.818307,0.392472,0.922840,0.216989,0.492469,0.560278,0.556065,0.705932,0.769510,0.355640,0.414626,0.641189,0.935885,0.660190,0.880886,0.423376,0.561569,0.551625,0.567705,0.782757,0.984778,0.923553,0.939120,0.444248,0.476728,0.480551,0.657369,0.229893,0.513438,0.530887,0.414334,0.671495,0.567942,0.555871,0.940010,0.541099,0.671234,0.830596,0.762932,0.587637,0.714101,0.421273,0.333140,0.411323,0.546578,0.579901,0.542810,0.600152,0.744258,0.488315,1.084159,0.614612,1.009423,0.683241,1.140517,0.888553,1.045041,0.675676,0.780766,0.213031,0.032767,0.624783,0.494607,0.657239,0.536274,0.413740,0.453291,0.331799,0.493932,0.684387,0.740347,0.199501,0.668064,0.479211,0.575300,0.479677,0.357275,0.539781,0.685180
0.411175,0.484890,0.397948,0.517466,0.632169,0.379802,0.304821,0.657607,0.000000,0.978476,0.484591,0.910835,0.408960,0.897502,0.746948,0.681813,0.459847,0.398986,0.714295,0.519105,0.306075,0.433123,0.477262,0.418995,0.394360,0.338195,0.235526,0.241974,0.525301,0.472054,0.469230,0.406033,0.459652,0.492656,0.376512,0.523234,0.622577,0.543159,0.240419,0.353148,0.396160,0.384424,0.528110,0.475574,0.453048,0.607709,0.336674,0.492935,0.647279,0.580184,0.481847,0.476291,0.291272,0.334782,0.203636,0.293537,0.304935,0.341960,0.518164,0.393350,0.440397,0.612570,0.313773,0.452225,0.523409,0.732851,0.721050,0.682181,0.641856,0.746165,-0.008802,-0.029556,0.524007,0.338158,0.436652,0.566318,0.299840,0.338096,0.309977,0.388377,0.539251,0.439136,0.326148,0.562956,0.397137,0.367575,0.291797,0.189548,0.179632,0.268221
0.464087,0.444929,0.429535,0.753472,0.887378,0.913369,0.382406,0.852112,0.978476,0.000000,0.326054,0.700776,0.356579,0.849512,0.544874,0.885947,0.487600,0.488154,0.548069,0.474242,0.157482,0.298241,0.524286,0.647950,0.539868,0.743467,0.412340,0.514449,0.499023,0.539089,0.630030,0.654193,0.759323,0.678589,0.434629,0.625927,0.351459,0.534737,0.257176,0.345930,0.491860,0.329439,0.536662,0.538789,0.508886,0.745150,0.402112,0.513122,0.639209,0.598498,0.590203,0.543570,0.321700,0.244455,0.238437,0.373175,0.403607,0.400824,0.427656,0.578378,0.340102,0.846385,0.310322,0.580017,0.706460,0.990642,0.809811,0.903714,0.581465,0.631908,0.160868,0.030211,0.417361,0.327117,0.481130,0.421168,0.362619,0.454601,0.295067,0.314876,0.494407,0.377520,0.394226,0.450344,0.378776,0.437569,0.320459,0.091475,0.307805,0.347543
0.987679,0.774665,0.727457,0.544524,0.108751,0.269943,0.649756,0.397577,0.484591,0.326054,0.000000,1.011469,0.949023,0.772637,0.910839,0.251951,0.398043,0.600923,0.759197,0.578567,0.358971,0.681062,0.488228,0.315264,0.422305,0.303137,0.635415,0.466075,0.660454,0.271975,0.319721,0.424617,0.482847,0.646716,0.372492,0.381636,0.353476,0.256074,0.456380,0.374772,0.475629,0.173293,0.311970,0.180841,0.232254,0.306936,0.286717,0.390272,0.549154,0.570868,0.690281,0.664875,0.487509,0.491328,0.410915,0.335715,0.662023,0.709435,0.705414,0.550996,0.824509,0.589101,0.520525,0.504989,0.610343,0.605157,0.667494,0.496876,0.658241,0.608886,0.165384,0.188429,0.555762,0.395923,0.268249,0.167865,-0.076274,-0.112552,0.227083,0.343688,0.540197,0.291284,0.451861,0.281424,0.662960,0.542880,0.299762,0.379748,0.576771,0.492528
0.834776,0.829019,0.691480,0.835413,0.446157,0.479462,0.556318,0.818307,0.910835,0.700776,1.011469,0.000000,0.564472,1.448621,0.797970,0.698691,0.474610,0.699493,0.955815,0.748381,0.421317,0.668573,0.639608,0.614759,0.699126,0.513838,0.632889,0.540447,0.620869,0.574170,0.579656,0.605251,0.589012,0.744735,0.557703,0.591437,0.484112,0.428742,0.339586,0.436575,0.453889,0.311457,0.538838,0.377313,0.375656,0.615332,0.386358,0.555449,0.755485,0.795659,0.714422,0.863260,0.571969,0.591211,0.427176,0.410666,0.613540,0.648962,0.833056,0.634955,0.788697,0.893948,0.573346,0.791579,0.665422,0.987285,0.886527,0.811545,0.791626,0.855615,0.067587,0.018219,0.529601,0.536364,0.371892,0.420393,0.039608,0.064635,0.256023,0.436526,0.734196,0.537883,0.422058,0.632061,0.768832,0.762201,0.413243,0.422410,0.494002,0.652127
0.658787,0.434118,0.609605,0.423872,0.128878,0.346106,0.751635,0.392472,0.408960,0.356579,0.949023,0.564472,0.000000,0.679294,0.781274,0.145058,0.509002,0.403343,0.538912,0.387503,0.155716,0.312522,0.526801,0.291740,0.218143,0.235407,0.299136,0.248641,0.679596,0.194925,0.213199,0.305328,0.454627,0.469080,0.157069,0.129733,0.371487,0.369381,0.287335,0.263371,0.617949,0.201644,0.220836,0.157765,0.208488,0.249445,0.179932,0.289151,0.406137,0.391295,0.560397,0.421014,0.295932,0.228458,0.195287,0.230886,0.436812,0.435043,0.318028,0.408463,0.380642,0.444841,0.196011,0.365930,0.575197,0.432048,0.460095,0.361298,0.405872,0.367205,0.186298,0.314067,0.669311,0.242667,0.415251,0.251549,0.155402,0.144996,0.298354,0.443341,0.502289,0.326437,0.465482,0.163002,0.513049,0.342178,0.261306,0.178606,0.615766,0.310516
0.637017,0.592944,0.596783,0.810427,0.478015,0.540422,0.566869,0.922840,0.897502,0.849512,0.772637,1.448621,0.679294,0.000000,0.687249,0.727483,0.525924,0.571835,0.725696,0.603086,0.256716,0.421886,0.606845,0.630557,0.589389,0.520464,0.418832,0.401070,0.603715,0.602068,0.496878,0.555005,0.612264,0.673657,0.397988,0.502386,0.455950,0.486725,0.226213,0.399979,0.554064,0.366378,0.468598,0.356592,0.355967,0.607002,0.306588,0.476203,0.635462,0.653353,0.601054,0.690759,0.403448,0.396128,0.260033,0.355113,0.452229,0.467718,0.518150,0.533682,0.504760,0.848462,0.423948,0.702583,0.629640,0.943199,0.746028,0.776423,0.622412,0.685413,0.099021,0.003320,0.570355,0.471015,0.453443,0.492341,0.170068,0.194872,0.214555,0.428452,0.655306,0.517605,0.411336,0.544566,0.608832,0.658827,0.369424,0.337451,0.425362,0.527180
0.567982,0.416493,0.392526,0.271418,0.201001,0.295533,0.385016,0.216989,0.746948,0.544874,0.910839,0.797970,0.781274,0.687249,0.000000,0.571604,0.479526,0.511065,0.734388,0.372064,0.281740,0.454087,0.530472,0.227881,0.398351,0.224879,0.488789,0.379451,0.695738,0.371308,0.329098,0.285155,0.316659,0.370537,0.347857,0.414596,0.417522,0.264881,0.313971,0.183228,0.468432,0.140762,0.262030,0.207131,0.304139,0.260223,0.148800,0.261400,0.428716,0.382108,0.509333,0.381616,0.249652,0.249590,0.172522,0.170300,0.342553,0.391086,0.358157,0.250330,0.377946,0.342812,0.093857,0.216159,0.497531,0.450938,0.496918,0.382378,0.498904,0.479586,-0.025576,0.138356,0.582111,0.388701,0.322517,0.296161,-0.016465,0.003759,0.266660,0.357422,0.542128,0.259315,0.699700,0.261812,0.578959,0.362854,0.139935,0.097792,0.296469,0.157842
0.329645,0.289749,0.287689,0.515986,0.698598,0.626835,0.144960,0.492469,0.681813,0.885947,0.251951,0.698691,0.145058,0.727483,0.571604,0.000000,0.410959,0.602944,0.514796,0.414521,0.134270,0.299963,0.529165,0.569193,0.551930,0.486597,0.369648,0.445942,0.396860,0.689334,0.630783,0.512806,0.451027,0.395343,0.367772,0.564267,0.294044,0.419268,0.187161,0.278098,0.352416,0.447662,0.403703,0.399050,0.321136,0.460456,0.266150,0.388105,0.352211,0.357905,0.336745,0.357040,0.248732,0.218364,0.176897,0.330259,0.284625,0.240204,0.325457,0.325184,0.231031,0.492593,0.292325,0.498156,0.381880,0.521127,0.504952,0.576323,0.424363,0.469298,-0.005109,-0.071549,0.319036,0.475234,0.306598,0.339611,0.233848,0.340753,0.241205,0.253846,0.434763,0.417617,0.416975,0.572750,0.358874,0.493004,0.204432,0.234632,0.161329,0.340523
0.580543,0.504053,0.321053,0.458861,0.386274,0.540717,0.438553,0.560278,0.459847,0.487600,0.398043,0.474610,0.509002,0.525924,0.479526,0.410959,0.000000,0.802448,0.678177,0.657521,0.151920,0.159445,0.499935,0.480637,0.381625,0.565577,0.279611,0.314986,1.109313,0.666912,0.510451,0.594151,0.715556,0.641849,0.231137,0.249555,0.579307,0.638413,0.289241,0.360047,0.924676,0.500674,0.558359,0.605637,0.530768,0.644407,0.464853,0.579658,0.548304,0.470689,0.394069,0.396632,0.306078,0.141696,0.328175,0.376898,0.501799,0.449077,0.267671,0.448393,0.081486,0.477314,0.086199,0.571866,0.245509,0.434773,0.583024,0.675026,0.572147,0.604320,0.008595,-0.014797,0.994225,0.555893,0.778328,0.569941,0.336808,0.345052,0.738365,0.845173,1.135946,0.887099,0.347340,0.496733,0.591087,0.501470,0.483566,0.241407,0.433198,0.291579
0.939279,0.924497,0.510557,0.688763,0.368970,0.638983,0.478566,0.556065,0.398986,0.488154,0.600923,0.699493,0.403343,0.571835,0.511065,0.602944,0.802448,0.000000,0.791108,0.940819,0.229680,0.505799,0.496423,0.512551,0.432096,0.546200,0.561155,0.574091,0.825861,0.723908,0.561489,0.623837,0.798832,0.851300,0.389387,0.340008,0.297769,0.376817,0.218792,0.282279,0.578227,0.369356,0.546228,0.469664,0.397573,0.602086,0.481908,0.593138,0.631087,0.672277,0.649546,0.674200,0.641187,0.465228,0.465582,0.449702,1.012292,0.974749,0.634587,0.777708,0.459766,0.789530,0.498082,0.995875,0.434872,0.585545,0.822537,0.785867,0.861629,0.844013,0.049105,0.041948,0.621282,0.609565,0.445708,0.287203,0.118112,0.139372,0.622841,0.730099,0.912032,0.769513,0.296466,0.524960,0.669859,0.677776,0.347534,0.280477,0.618352,0.623272
1.056768,1.005842,0.824167,0.855506,0.468955,0.515939,0.640213,0.705932,0.714295,0.548069,0.759197,0.955815,0.538912,0.725696,0.734388,0.514796,0.678177,0.791108,0.000000,1.300533,0.424082,0.617923,0.857567,0.605539,0.735367,0.534558,0.631004,0.587906,0.667522,0.463504,0.665305,0.698367,0.873639,0.975845,0.614141,0.484752,0.458305,0.535012,0.321030,0.443007,0.683485,0.442918,0.697582,0.579273,0.623839,0.701395,0.580220,0.750054,0.815460,0.749222,0.650455,0.643547,0.542128,0.510193,0.540276,0.580127,0.833340,0.853199,0.848230,0.731381,0.627604,0.726083,0.443805,0.769256,0.542669,0.646569,1.049898,0.868431,1.198194,1.143834,0.007373,0.050093,0.844453,0.605085,0.557246,0.488586,0.146049,0.168985,0.500074,0.557808,0.937931,0.773013,0.387517,0.586031,0.899086,0.786908,0.562663,0.431643,0.618583,0.669976
1.130187,1.474444,0.725298,0.939242,0.483018,0.628323,0.542877,0.769510,0.519105,0.474242,0.578567,0.748381,0.387503,0.603086,0.372064,0.414521,0.657521,0.940819,1.300533,0.000000,0.437021,0.648487,0.628123,0.619470,0.507864,0.563926,0.624587,0.602258,0.672072,0.502767,0.626265,0.727875,1.219400,1.416377,0.532312,0.348776,0.310194,0.486968,0.200953,0.374858,0.604563,0.410365,0.743483,0.633664,0.591919,0.818796,0.682562,0.848043,0.839270,0.834311,0.616799,0.714193,0.584807,0.541700,0.554653,0.580689,1.229662,1.242071,1.009669,1.093395,0.628618,0.877462,0.601955,1.073235,0.444360,0.626137,1.189004,1.054994,1.557855,1.491573,0.145296,0.074116,0.721130,0.586543,0.568517,0.465690,0.158091,0.170445,0.568936,0.576238,0.960802,0.926564,0.172244,0.602746,0.801166,0.822177,0.543126,0.405908,0.691717,0.771254
0.398535,0.469875,0.334721,0.346148,0.217571,0.172334,0.275877,0.355640,0.306075,0.157482,0.358971,0.421317,0.155716,0.256716,0.281740,0.134270,0.151920,0.229680,0.424082,0.437021,0.000000,0.667036,0.232983,0.307272,0.234170,0.155822,0.438224,0.442681,0.289588,0.310815,0.276278,0.331342,0.328866,0.428702,0.303990,0.194599,0.249053,0.144518,0.188904,0.158739,0.103220,-0.028378,0.370704,0.190888,0.351452,0.414160,0.319653,0.320190,0.557267,0.490922,0.212214,0.401636,0.151116,0.301654,0.345532,0.177022,0.384959,0.387713,0.609892,0.401992,0.618217,0.327843,0.434063,0.337212,0.247672,0.319347,0.422318,0.400379,0.443668,0.476430,0.445544,0.330394,0.421498,0.344790,0.405619,0.332800,0.101529,0.125279,-0.142315,0.199123,0.430731,0.396834,0.207491,0.380126,0.390282,0.202780,0.104443,0.219380,0.195277,0.294837
0.664936,0.781460,0.544372,0.541748,0.305774,0.316697,0.356160,0.414626,0.433123,0.298241,0.681062,0.668573,0.312522,0.421886,0.454087,0.299963,0.159445,0.505799,0.617923,0.648487,0.667036,0.000000,0.368259,0.362636,0.316534,0.207288,0.595144,0.523773,0.354486,0.246834,0.356118,0.346618,0.421950,0.580700,0.429871,0.296531,0.295958,0.230169,0.236793,0.197737,0.214596,0.114046,0.469290,0.312938,0.341690,0.441923,0.323549,0.445070,0.623051,0.674360,0.570908,0.664989,0.531249,0.583875,0.434385,0.380638,0.652246,0.703843,0.860828,0.645756,0.844570,0.602035,0.685103,0.609572,0.541717,0.528243,0.670615,0.582257,0.693370,0.695945,0.342259,0.282820,0.417897,0.474134,0.364301,0.307950,0.185109,0.136171,0.236668,0.355762,0.434048,0.404369,0.198457,0.366206,0.497596,0.508162,0.218374,0.364977,0.462493,0.585906
0.564983,0.504680,0.952179,0.831400,0.451888,0.549256,0.623453,0.641189,0.477262,0.524286,0.488228,0.639608,0.526801,0.606845,0.530472,0.529165,0.499935,0.496423,0.857567,0.628123,0.232983,0.368259,0.000000,1.182018,0.953377,0.654709,0.509652,0.470337,0.372596,0.222177,0.790081,0.700880,0.540258,0.506574,0.698624,0.463712,0.369019,0.509935,0.328420,0.375426,0.718733,0.356268,0.359507,0.243310,0.338480,0.403280,0.231507,0.341959,0.422817,0.450613,0.545409,0.474706,0.406242,0.405128,0.259735,0.365417,0.489584,0.480275,0.487327,0.461452,0.343742,0.526113,0.209042,0.494005,0.664389,0.565822,0.653134,0.566542,0.612641,0.541059,0.174723,0.218468,0.477397,0.302050,0.390864,0.293631,0.149932,0.226912,0.338706,0.340942,0.596498,0.475356,0.308300,0.429340,0.758420,0.664963,0.528863,0.384378,0.683543,0.649246
0.517789,0.527303,0.739407,1.076336,0.629253,0.752384,0.463092,0.935885,0.418995,0.647950,0.315264,0.614759,0.291740,0.630557,0.227881,0.569193,0.480637,0.512551,0.605539,0.619470,0.307272,0.362636,1.182018,0.000000,0.926840,0.915097,0.506027,0.584778,0.344999,0.397836,0.895376,0.912429,0.689810,0.639154,0.802167,0.597688,0.315839,0.569957,0.315920,0.478715,0.566018,0.366777,0.460421,0.324075,0.381152,0.582772,0.310884,0.424584,0.472816,0.481715,0.494295,0.538750,0.383982,0.351606,0.279518,0.369275,0.535583,0.502541,0.502839,0.593031,0.358472,0.726923,0.403416,0.686177,0.636552,0.788386,0.720949,0.779289,0.596347,0.567674,0.276655,0.118621,0.389526,0.287100,0.469067,0.302206,0.249071,0.326276,0.276388,0.402278,0.647112,0.615627,0.188422,0.607569,0.618010,0.704314,0.534850,0.463796,0.592748,0.726061
0.473731,0.426273,0.717325,0.763149,0.490981,0.476254,0.487953,0.660190,0.394360,0.539868,0.422305,0.699126,0.218143,0.589389,0.398351,0.551930,0.381625,0.432096,0.735367,0.507864,0.234170,0.316534,0.953377,0.926840,0.000000,0.942502,0.672910,0.592712,0.326598,0.375548,0.922501,0.815389,0.503826,0.524000,0.779142,0.631539,0.329433,0.359394,0.395974,0.402702,0.494258,0.299212,0.391382,0.336385,0.386734,0.468506,0.293278,0.375612,0.408633,0.390892,0.418168,0.401015,0.281634,0.255524,0.297749,0.309245,0.356996,0.372284,0.414811,0.361286,0.335855,0.465383,0.243987,0.410968,0.524925,0.663773,0.585149,0.578863,0.465217,0.444544,0.119021,0.071438,0.349114,0.358288,0.212527,0.258370,0.081592,0.115851,0.265285,0.317200,0.524046,0.376700,0.350446,0.477342,0.608575,0.612958,0.453296,0.366570,0.400828,0.477717
0.555353,0.542842,0.636388,0.883857,0.785546,0.979064,0.507918,0.880886,0.338195,0.743467,0.303137,0.513838,0.235407,0.520464,0.224879,0.486597,0.565577,0.546200,0.534558,0.563926,0.155822,0.207288,0.654709,0.915097,0.942502,0.000000,0.705073,0.832491,0.478144,0.497414,0.903355,0.987875,0.877205,0.789135,0.564202,0.625666,0.272224,0.480739,0.296313,0.375832,0.616742,0.330127,0.482160,0.500106,0.430156,0.671255,0.458543,0.526907,0.495609,0.461798,0.557622,0.528908,0.342841,0.163726,0.335616,0.366572,0.501305,0.499280,0.337085,0.593103,0.208320,0.674239,0.229593,0.563359,0.499954,0.814332,0.705202,0.823763,0.496246,0.525271,0.206256,0.104062,0.467099,0.359629,0.433645,0.297768,0.194752,0.272307,0.419869,0.425028,0.585058,0.462044,0.261209,0.406513,0.430102,0.548243,0.380128,0.164403,0.467680,0.442492
0.817157,0.788777,0.669332,0.590526,0.381479,0.660315,0.515442,0.423376,0.235526,0.412340,0.635415,0.632889,0.299136,0.418832,0.488789,0.369648,0.279611,0.561155,0.631004,0.624587,0.438224,0.595144,0.509652,0.506027,0.672910,0.705073,0.000000,1.429587,0.369921,0.208170,0.577458,0.624888,0.583835,0.688804,0.625038,0.439958,0.209779,0.163319,0.301457,0.182773,0.363169,0.004813,0.392809,0.316316,0.317815,0.431577,0.372886,0.407748,0.501447,0.560878,0.581268,0.630262,0.433041,0.387854,0.398008,0.300835,0.771627,0.770697,0.660140,0.651211,0.591013,0.566862,0.375708,0.474679,0.499225,0.589448,0.720906,0.611099,0.673392,0.626954,0.250650,0.223610,0.349496,0.353349,0.284002,0.103885,-0.094056,-0.075673,0.251780,0.141698,0.470862,0.264490,0.371259,0.227708,0.631657,0.581580,0.269209,0.136959,0.564337,0.515163
0.749269,0.669687,0.655459,0.700119,0.560624,0.895522,0.522555,0.561569,0.241974,0.514449,0.466075,0.540447,0.248641,0.401070,0.379451,0.445942,0.314986,0.574091,0.587906,0.602258,0.442681,0.523773,0.470337,0.584778,0.592712,0.832491,1.429587,0.000000,0.389530,0.311140,0.581615,0.659686,0.668934,0.685475,0.511356,0.443229,0.200079,0.277524,0.288879,0.243325,0.373992,0.126958,0.473171,0.372390,0.344407,0.494937,0.456169,0.471770,0.529363,0.536483,0.593972,0.602596,0.427588,0.318340,0.420100,0.374055,0.711061,0.672406,0.589530,0.688442,0.492132,0.623590,0.386494,0.526101,0.509437,0.624058,0.732396,0.677328,0.633705,0.624085,0.233039,0.206841,0.431345,0.439313,0.455530,0.207727,0.091720,0.133881,0.271107,0.185966,0.511898,0.406540,0.362679,0.310474,0.525008,0.526197,0.255151,0.089029,0.561137,0.519478
0.682143,0.607443,0.373804,0.458949,0.352457,0.510659,0.484111,0.551625,0.525301,0.499023,0.660454,0.620869,0.679596,0.603715,0.695738,0.396860,1.109313,0.825861,0.667522,0.672072,0.289588,0.354486,0.372596,0.344999,0.326598,0.478144,0.369921,0.389530,0.000000,0.835807,0.481528,0.601376,0.746800,0.742872,0.213144,0.306920,0.664888,0.597913,0.383531,0.420787,0.668038,0.419872,0.598503,0.573798,0.550869,0.607918,0.573235,0.648482,0.668837,0.525178,0.506781,0.465701,0.330258,0.174142,0.410637,0.375198,0.557472,0.552930,0.379282,0.491746,0.259145,0.528949,0.274076,0.599314,0.309583,0.501312,0.685877,0.680587,0.600775,0.644876,0.029444,0.030134,1.063724,0.665631,0.663023,0.549093,0.251150,0.233238,0.652543,0.848772,1.077973,0.764208,0.609438,0.599786,0.576217,0.418268,0.358047,0.222460,0.401837,0.242981
0.388133,0.380751,0.134247,0.439053,0.566563,0.517739,0.188035,0.567705,0.472054,0.539089,0.271975,0.574170,0.194925,0.602068,0.371308,0.689334,0.666912,0.723908,0.463504,0.502767,0.310815,0.246834,0.222177,0.397836,0.375548,0.497414,0.208170,0.311140,0.835807,0.000000,0.565283,0.589975,0.599169,0.580794,0.210806,0.392188,0.341965,0.475575,0.182163,0.364691,0.325281,0.474737,0.505400,0.478132,0.474803,0.612706,0.445062,0.515436,0.527875,0.420684,0.247309,0.341962,0.197724,0.115574,0.273623,0.276510,0.316117,0.305295,0.257196,0.349659,0.155895,0.449267,0.315449,0.579084,0.124159,0.434870,0.479562,0.606912,0.384774,0.474479,0.057464,0.009925,0.606583,0.674782,0.501941,0.535181,0.248154,0.304678,0.354691,0.757050,0.744551,0.795544,0.470626,0.893504,0.263852,0.279088,0.161448,0.220350,0.074414,0.190050
0.464807,0.467577,0.629487,0.751408,0.697046,0.700951,0.549144,0.782757,0.469230,0.630030,0.319721,0.579656,0.213199,0.496878,0.329098,0.630783,0.510451,0.561489,0.665305,0.626265,0.276278,0.356118,0.790081,0.895376,0.922501,0.903355,0.577458,0.581615,0.481528,0.565283,0.000000,1.403187,0.708218,0.665207,0.522406,0.473874,0.297571,0.426546,0.249485,0.294901,0.524166,0.368764,0.444951,0.461821,0.472985,0.570902,0.338519,0.408749,0.485320,0.396101,0.298849,0.308916,0.119612,0.073660,0.180086,0.265020,0.466224,0.382986,0.379620,0.394907,0.305868,0.483655,0.435372,0.560184,0.520530,0.614759,0.563401,0.624004,0.497714,0.503256,0.205396,0.096951,0.437189,0.478616,0.465697,0.373075,0.282231,0.323478,0.449169,0.429614,0.589593,0.591532,0.247079,0.557668,0.370119,0.418902,0.311476,0.246913,0.253263,0.318383
0.647319,0.591883,0.709217,0.943170,0.589190,0.803613,0.668339,0.984778,0.406033,0.654193,0.424617,0.605251,0.305328,0.555005,0.285155,0.512806,0.594151,0.623837,0.698367,0.727875,0.331342,0.346618,0.700880,0.912429,0.815389,0.987875,0.624888,0.659686,0.601376,0.589975,1.403187,0.000000,0.973528,0.923706,0.505084,0.517361,0.278399,0.458616,0.241973,0.370907,0.577078,0.339511,0.484799,0.475194,0.511025,0.664197,0.433079,0.486799,0.592872,0.474868,0.380814,0.407790,0.180934,0.105544,0.241925,0.319125,0.633598,0.525126,0.498775,0.568191,0.412412,0.651220,0.571316,0.746647,0.557686,0.727712,0.722877,0.792290,0.606439,0.606503,0.267053,0.090737,0.563433,0.476168,0.549622,0.368602,0.299907,0.338171,0.365991,0.429567,0.689070,0.636961,0.240998,0.547615,0.445325,0.469606,0.368373,0.288188,0.362512,0.410486
1.037767,0.995463,0.662752,1.047142,0.686151,0.970851,0.593681,0.923553,0.459652,0.759323,0.482847,0.589012,0.454627,0.612264,0.316659,0.451027,0.715556,0.798832,0.873639,1.219400,0.328866,0.421950,0.540258,0.689810,0.503826,0.877205,0.583835,0.668934,0.746800,0.599169,0.708218,0.973528,0.000000,1.822214,0.489033,0.481414,0.236291,0.537185,0.276720,0.436654,0.656054,0.393353,0.729742,0.701901,0.689417,0.934748,0.744979,0.853271,0.827889,0.743521,0.668464,0.661163,0.467643,0.322220,0.522347,0.605263,1.046479,0.980818,0.725533,1.182155,0.507274,1.038348,0.548184,1.028893,0.594712,0.802343,1.222898,1.267178,1.050510,1.007080,0.269169,0.114382,0.744210,0.530727,0.649806,0.418892,0.276698,0.333916,0.526904,0.600088,0.871852,0.777430,0.277786,0.490797,0.639867,0.709863,0.512731,0.323853,0.642724,0.629639
1.162269,1.350076,0.722001,1.086844,0.564278,0.821894,0.618121,0.939120,0.492656,0.678589,0.646716,0.744735,0.469080,0.673657,0.370537,0.395343,0.641849,0.851300,0.975845,1.416377,0.428702,0.580700,0.506574,0.639154,0.524000,0.789135,0.688804,0.685475,0.742872,0.580794,0.665207,0.923706,1.822214,0.000000,0.572123,0.503825,0.251658,0.474966,0.278146,0.407637,0.563298,0.321951,0.745264,0.674194,0.682417,0.979928,0.748706,0.877283,0.951438,0.909699,0.728757,0.818840,0.546699,0.453864,0.591679,0.608270,1.195862,1.220385,0.919304,1.274040,0.670573,1.117177,0.690664,1.138800,0.596991,0.891615,1.331050,1.332428,1.236639,1.208863,0.274216,0.097444,0.693283,0.513829,0.553898,0.363370,0.173157,0.193209,0.478621,0.576439,0.898470,0.762436,0.258554,0.509720,0.716867,0.761981,0.505613,0.365399,0.662299,0.694000
0.448944,0.597491,0.504926,0.629441,0.397171,0.370323,0.212828,0.444248,0.376512,0.434629,0.372492,0.557703,0.157069,0.397988,0.347857,0.367772,0.231137,0.389387,0.614141,0.532312,0.303990,0.429871,0.698624,0.802167,0.779142,0.564202,0.625038,0.511356,0.213144,0.210806,0.522406,0.505084,0.489033,0.572123,0.000000,1.043763,0.282320,0.304124,0.424820,0.408387,0.289112,0.137989,0.409023,0.271449,0.469720,0.470559,0.319184,0.384719,0.481058,0.474444,0.549349,0.518197,0.425103,0.485995,0.391278,0.319876,0.496004,0.607400,0.571064,0.467339,0.392785,0.500964,0.361467,0.461601,0.526050,0.585424,0.741158,0.654638,0.644992,0.590560,0.038961,-0.045730,0.203332,0.129649,0.176017,0.115562,-0.030804,0.006765,0.229888,0.310223,0.563675,0.403534,0.239307,0.477382,0.799893,0.726631,0.492744,0.526998,0.454762,0.620995
0.352891,0.420429,0.392127,0.583583,0.485607,0.426990,0.154514,0.476728,0.523234,0.625927,0.381636,0.591437,0.129733,0.502386,0.414596,0.564267,0.249555,0.340008,0.484752,0.348776,0.194599,0.296531,0.463712,0.597688,0.631539,0.625666,0.439958,0.443229,0.306920,0.392188,0.473874,0.517361,0.481414,0.503825,1.043763,0.000000,0.398077,0.380912,0.408853,0.510362,0.251539,0.259496,0.447316,0.339632,0.432654,0.479614,0.358122,0.446335,0.466281,0.411313,0.597949,0.521764,0.360424,0.360195,0.378304,0.367508,0.302272,0.394257,0.388536,0.347113,0.307909,0.526668,0.347892,0.400729,0.475158,0.662250,0.702794,0.683125,0.485011,0.498832,-0.037652,-0.151674,0.242277,0.163084,0.184555,0.160522,0.049562,0.120069,0.187922,0.286402,0.427955,0.275847,0.358385,0.523215,0.465107,0.553074,0.317549,0.444874,0.251953,0.447186
0.235414,0.291178,0.342905,0.295362,0.320439,0.180993,0.309415,0.480551,0.622577,0.351459,0.353476,0.484112,0.371487,0.455950,0.417522,0.294044,0.579307,0.297769,0.458305,0.310194,0.249053,0.295958,0.369019,0.315839,0.329433,0.272224,0.209779,0.200079,0.664888,0.341965,0.297571,0.278399,0.236291,0.251658,0.282320,0.398077,0.000000,0.799895,0.487155,0.566646,0.518898,0.487529,0.549508,0.460964,0.398076,0.410516,0.434622,0.494302,0.476471,0.346655,0.379607,0.330192,0.265163,0.254216,0.390751,0.346111,0.152292,0.166839,0.223399,0.140833,0.153329,0.262738,0.148321,0.295934,0.202338,0.328350,0.414827,0.393396,0.310861,0.400640,-0.158300,-0.122393,0.724534,0.403437,0.510834,0.651613,0.425929,0.417272,0.360265,0.467014,0.543195,0.487013,0.357340,0.599422,0.425865,0.310723,0.332667,0.326314,0.280798,0.271347
0.300951,0.378172,0.419416,0.561149,0.571369,0.497096,0.312655,0.657369,0.543159,0.534737,0.256074,0.428742,0.369381,0.486725,0.264881,0.419268,0.638413,0.376817,0.535012,0.486968,0.144518,0.230169,0.509935,0.569957,0.359394,0.480739,0.163319,0.277524,0.597913,0.475575,0.426546,0.458616,0.537185,0.474966,0.304124,0.380912,0.799895,0.000000,0.354638,0.811469,0.612874,0.744477,0.725247,0.673776,0.578581,0.678186,0.596384,0.718004,0.622016,0.486480,0.482388,0.433302,0.432108,0.325610,0.456282,0.598730,0.236223,0.255502,0.230457,0.379782,0.082909,0.450096,0.204767,0.503889,0.206717,0.394784,0.550921,0.630382,0.447172,0.524178,-0.014073,-0.050683,0.701505,0.537640,0.681284,0.611376,0.571612,0.637263,0.415341,0.462603,0.575637,0.737998,0.266522,0.614129,0.364601,0.482126,0.461454,0.352128,0.397446,0.428334
0.380140,0.226413,0.383783,0.282038,0.259117,0.144776,0.307318,0.229893,0.240419,0.257176,0.456380,0.339586,0.287335,0.226213,0.313971,0.187161,0.289241,0.218792,0.321030,0.200953,0.188904,0.236793,0.328420,0.315920,0.395974,0.296313,0.301457,0.288879,0.383531,0.182163,0.249485,0.241973,0.276720,0.278146,0.424820,0.408853,0.487155,0.354638,0.000000,0.819095,0.301262,0.384588,0.309838,0.222065,0.261441,0.262316,0.373845,0.362515,0.287253,0.234565,0.316010,0.270015,0.280728,0.290887,0.692161,0.570210,0.251839,0.237362,0.337445,0.253521,0.354595,0.250270,0.206776,0.208004,0.307125,0.261410,0.381314,0.328173,0.247578,0.216125,-0.035778,-0.092664,0.306800,0.263922,0.192797,0.152155,0.087818,0.085164,0.124733,0.243609,0.418394,0.249827,0.529075,0.431872,0.553488,0.442096,0.569966,0.610121,0.390084,0.422627
0.404303,0.364234,0.438432,0.547705,0.321189,0.235515,0.314921,0.513438,0.353148,0.345930,0.374772,0.436575,0.263371,0.399979,0.183228,0.278098,0.360047,0.282279,0.443007,0.374858,0.158739,0.197737,0.375426,0.478715,0.402702,0.375832,0.182773,0.243325,0.420787,0.364691,0.294901,0.370907,0.436654,0.407637,0.408387,0.510362,0.566646,0.811469,0.819095,0.000000,0.383331,0.694568,0.513926,0.401138,0.409006,0.470084,0.568548,0.600849,0.457965,0.378288,0.395285,0.395132,0.429234,0.383777,0.733891,0.774375,0.298139,0.309607,0.344498,0.380841,0.309704,0.462258,0.329975,0.442028,0.271747,0.379447,0.513621,0.509323,0.385259,0.427231,-0.111552,-0.193238,0.429026,0.395118,0.365924,0.361153,0.177045,0.236314,0.207307,0.299522,0.483527,0.502743,0.461777,0.756143,0.476797,0.538465,0.736393,0.789839,0.407253,0.596547
0.586397,0.485522,0.561762,0.535698,0.359249,0.483960,0.530737,0.530887,0.396160,0.491860,0.475629,0.453889,0.617949,0.554064,0.468432,0.352416,0.924676,0.578227,0.683485,0.604563,0.103220,0.214596,0.718733,0.566018,0.494258,0.616742,0.363169,0.373992,0.668038,0.325281,0.524166,0.577078,0.656054,0.563298,0.289112,0.251539,0.518898,0.612874,0.301262,0.383331,0.000000,0.537759,0.348744,0.361737,0.380894,0.452979,0.282302,0.368291,0.408186,0.356200,0.435255,0.350715,0.290334,0.180147,0.223786,0.351919,0.481786,0.441302,0.293973,0.449093,0.131405,0.428306,0.096610,0.469446,0.380735,0.414949,0.561201,0.588544,0.545309,0.543049,0.035784,0.088910,0.830078,0.482687,0.553782,0.545023,0.232294,0.289983,0.561202,0.489546,0.753972,0.608691,0.278992,0.293118,0.620203,0.606052,0.553140,0.295537,0.561339,0.407803
0.259820,0.241475,0.280320,0.392597,0.497829,0.298532,0.155915,0.414334,0.384424,0.329439,0.173293,0.311457,0.201644,0.366378,0.140762,0.447662,0.500674,0.369356,0.442918,0.410365,-0.028378,0.114046,0.356268,0.366777,0.299212,0.330127,0.004813,0.126958,0.419872,0.474737,0.368764,0.339511,0.393353,0.321951,0.137989,0.259496,0.487529,0.744477,0.384588,0.694568,0.537759,0.000000,0.398692,0.402872,0.279023,0.340316,0.414490,0.420329,0.273066,0.161822,0.254027,0.151345,0.278737,0.138655,0.377792,0.464972,0.206828,0.160645,0.192037,0.245162,0.080084,0.279418,0.224661,0.424040,0.167410,0.206746,0.377649,0.396087,0.307214,0.361414,-0.203341,-0.225111,0.563440,0.572378,0.453921,0.515990,0.364865,0.368676,0.462457,0.404687,0.489607,0.625449,0.349950,0.756499,0.313253,0.424403,0.523961,0.492060,0.239925,0.353732
0.512868,0.669489,0.401804,0.687513,0.643297,0.578387,0.333548,0.671495,0.528110,0.536662,0.311970,0.538838,0.220836,0.468598,0.262030,0.403703,0.558359,0.546228,0.697582,0.743483,0.370704,0.469290,0.359507,0.460421,0.391382,0.482160,0.392809,0.473171,0.598503,0.505400,0.444951,0.484799,0.729742,0.745264,0.409023,0.447316,0.549508,0.725247,0.309838,0.513926,0.348744,0.398692,0.000000,1.600744,1.262900,1.388360,1.515738,1.812031,1.370796,1.089088,0.746690,0.838211,0.671535,0.566056,0.927339,0.907928,0.494032,0.555368,0.525359,0.711853,0.280326,0.665754,0.399437,0.715470,0.272400,0.542845,0.900684,1.042151,0.699960,0.823409,-0.040325,-0.151877,0.678336,0.559918,0.537599,0.447491,0.337246,0.409326,0.439261,0.507241,0.680370,0.647343,0.220135,0.550877,0.492123,0.507693,0.429682,0.301375,0.411495,0.504436
0.383213,0.528305,0.273059,0.525740,0.635969,0.530608,0.255238,0.567942,0.475574,0.538789,0.180841,0.377313,0.157765,0.356592,0.207131,0.399050,0.605637,0.469664,0.579273,0.633664,0.190888,0.312938,0.243310,0.324075,0.336385,0.500106,0.316316,0.372390,0.573798,0.478132,0.461821,0.475194,0.701901,0.674194,0.271449,0.339632,0.460964,0.673776,0.222065,0.401138,0.361737,0.402872,1.600744,0.000000,1.280250,1.321028,1.244315,1.383907,1.071609,0.858658,0.568366,0.618374,0.454261,0.331463,0.699233,0.764683,0.375379,0.410190,0.331179,0.546299,0.120009,0.516466,0.265443,0.566720,0.180226,0.456013,0.698856,0.905224,0.546563,0.657484,-0.049115,-0.198191,0.610190,0.526285,0.487447,0.416763,0.390570,0.445583,0.555972,0.474723,0.555702,0.546268,0.175591,0.428458,0.333402,0.414441,0.355352,0.171782,0.255255,0.287172
0.379021,0.507919,0.319534,0.553195,0.529209,0.455418,0.337767,0.555871,0.453048,0.508886,0.232254,0.375656,0.208488,0.355967,0.304139,0.321136,0.530768,0.397573,0.623839,0.591919,0.351452,0.341690,0.338480,0.381152,0.386734,0.430156,0.317815,0.344407,0.550869,0.474803,0.472985,0.511025,0.689417,0.682417,0.469720,0.432654,0.398076,0.578581,0.261441,0.409006,0.380894,0.279023,1.262900,1.280250,0.000000,1.316858,0.992129,1.040973,1.240524,0.876605,0.551661,0.585848,0.377629,0.311727,0.647104,0.711902,0.361056,0.423290,0.356230,0.511870,0.151386,0.474142,0.256892,0.505237,0.302980,0.465165,0.708977,0.879184,0.558827,0.634598,0.003830,-0.091743,0.646420,0.491704,0.524346,0.418354,0.301865,0.353050,0.412956,0.491764,0.640206,0.582442,0.258414,0.425007,0.464558,0.426255,0.356080,0.266325,0.277369,0.307918
0.576770,0.760064,0.458762,0.896095,0.739019,0.713892,0.456767,0.940010,0.607709,0.745150,0.306936,0.615332,0.249445,0.607002,0.260223,0.460456,0.644407,0.602086,0.701395,0.818796,0.414160,0.441923,0.403280,0.582772,0.468506,0.671255,0.431577,0.494937,0.607918,0.612706,0.570902,0.664197,0.934748,0.979928,0.470559,0.479614,0.410516,0.678186,0.262316,0.470084,0.452979,0.340316,1.388360,1.321028,1.316858,0.000000,1.044297,1.250714,1.565673,1.311744,0.712552,0.938273,0.576368,0.490697,0.751194,0.848724,0.576976,0.625006,0.595404,0.871326,0.346187,0.891947,0.458690,0.891010,0.397331,0.789064,0.992524,1.417054,0.762091,0.930961,0.102862,-0.070803,0.658840,0.543982,0.596001,0.471485,0.327360,0.407555,0.414140,0.537075,0.759512,0.716326,0.198759,0.540224,0.515183,0.587584,0.466740,0.308850,0.424997,0.548267
0.513849,0.654966,0.372081,0.590368,0.545916,0.523339,0.287285,0.541099,0.336674,0.402112,0.286717,0.386358,0.179932,0.306588,0.148800,0.266150,0.464853,0.481908,0.580220,0.682562,0.319653,0.323549,0.231507,0.310884,0.293278,0.458543,0.372886,0.456169,0.573235,0.445062,0.338519,0.433079,0.744979,0.748706,0.319184,0.358122,0.434622,0.596384,0.373845,0.568548,0.282302,0.414490,1.515738,1.244315,0.992129,1.044297,0.000000,1.736250,1.062330,0.846545,0.622424,0.691931,0.630014,0.495853,1.117878,0.907431,0.529017,0.560870,0.507871,0.700433,0.287859,0.561921,0.423243,0.656319,0.185336,0.416356,0.777472,0.827693,0.586778,0.685093,-0.086846,-0.214088,0.599122,0.536088,0.409816,0.335195,0.207894,0.265504,0.409564,0.375568,0.596375,0.542881,0.268510,0.490928,0.454475,0.429304,0.471082,0.306484,0.387353,0.450681
0.640986,0.800333,0.447769,0.727557,0.629402,0.598374,0.351671,0.671234,0.492935,0.513122,0.390272,0.555449,0.289151,0.476203,0.261400,0.388105,0.579658,0.593138,0.750054,0.848043,0.320190,0.445070,0.341959,0.424584,0.375612,0.526907,0.407748,0.471770,0.648482,0.515436,0.408749,0.486799,0.853271,0.877283,0.384719,0.446335,0.494302,0.718004,0.362515,0.600849,0.368291,0.420329,1.812031,1.383907,1.040973,1.250714,1.736250,0.000000,1.192601,1.052243,0.743785,0.868641,0.732257,0.609965,1.046541,1.045400,0.621224,0.677718,0.586791,0.826601,0.344871,0.737067,0.446140,0.790118,0.258638,0.559113,0.971921,1.074877,0.773873,0.894638,-0.037996,-0.157833,0.673826,0.540517,0.486885,0.375824,0.279747,0.332286,0.484464,0.542442,0.711895,0.661518,0.274555,0.569103,0.511557,0.578248,0.513527,0.374102,0.467787,0.578023
0.700923,0.881948,0.583267,0.858385,0.549254,0.589923,0.559871,0.830596,0.647279,0.639209,0.549154,0.755485,0.406137,0.635462,0.428716,0.352211,0.548304,0.631087,0.815460,0.839270,0.557267,0.623051,0.422817,0.472816,0.408633,0.495609,0.501447,0.529363,0.668837,0.527875,0.485320,0.592872,0.827889,0.951438,0.481058,0.466281,0.476471,0.622016,0.287253,0.457965,0.408186,0.273066,1.370796,1.071609,1.240524,1.565673,1.062330,1.192601,0.000000,1.578432,0.906881,1.098600,0.704856,0.638353,0.832634,0.795258,0.642974,0.730204,0.754779,0.874875,0.528561,0.860139,0.551430,0.851398,0.480545,0.752763,1.046231,1.173426,0.836485,0.994900,0.102387,0.016562,0.708894,0.597226,0.585722,0.464983,0.269814,0.330922,0.351133,0.515508,0.742641,0.647202,0.241766,0.508608,0.584986,0.523281,0.393022,0.282247,0.501060,0.565740
