0.000000,0.570224,0.845632,0.704297,0.138864,0.047585,0.682646,0.412674,0.179525,0.177185,0.695853,0.364363,0.552129,0.307165,0.277350,0.321568,0.507375,0.107506,0.742554,0.613199,0.242538,0.289887,0.668113,0.653157,0.075647,0.029317,0.186317,0.306727,0.348057,0.110015,0.385332,0.510606,0.601391,0.677262,0.092026,0.063940,0.196989,-0.071637,0.192243,0.107849,0.188857,-0.024475,0.375586,0.320257,0.268624,0.296909,0.204503,0.251864,0.290068,0.244186,0.141013,0.033106,0.073631,0.052698,-0.006622,0.031737,0.681329,0.561850,0.398312,0.458562,0.657610,0.331740,0.605437,0.520600,0.093318,0.122907,0.316584,0.228128,0.192351,0.505051,0.405066,0.261123,0.422250,0.163629,0.250333,0.321002,0.054373,-0.109313,0.478952,-0.024238,0.540097,0.235257,0.283837,0.070494,0.309272,0.161346,0.147330,-0.191725,0.375520,0.218397
0.570224,0.000000,0.737368,0.950245,0.235753,0.064987,0.474806,0.772078,0.584609,0.354985,0.626720,0.772904,0.352591,0.477136,0.446245,0.651717,0.246017,0.520422,0.692644,0.793973,0.244220,0.311234,0.471161,0.632034,0.233004,0.401152,0.326771,0.149075,0.063965,0.569007,0.353585,0.419569,0.465164,0.791769,0.461743,0.293425,-0.020811,0.312504,0.228825,0.564730,0.229701,0.363550,0.219518,0.216023,0.141844,0.250464,0.158760,0.189178,0.018039,0.122782,0.321716,0.250181,0.437366,0.476187,-0.061785,0.193367,0.337359,1.234299,0.049991,0.434011,0.102439,0.600241,0.251180,0.597338,0.416228,0.581272,0.369560,0.500963,0.514055,0.644714,0.076040,0.143295,0.230389,0.479671,0.126240,0.361584,0.018227,0.157754,0.553393,0.487323,0.457006,0.630167,0.391828,0.336589,0.448719,0.565524,0.221614,-0.021863,0.404531,0.477932
0.845632,0.737368,0.000000,1.174165,0.389115,0.135225,0.884216,0.791042,0.461667,0.457461,0.815995,0.673859,0.504853,0.528138,0.554706,0.722082,0.280947,0.188715,0.887952,0.954174,0.412922,0.425481,1.052495,1.137623,0.345397,0.442355,0.426826,0.324039,0.285218,0.338052,0.694193,0.772605,0.520705,0.635252,0.385420,0.242581,0.086253,0.089983,0.176342,0.362423,0.176974,0.258260,0.148592,0.109008,0.028596,0.118888,0.000811,0.048391,-0.015106,-0.013253,0.227354,0.092381,0.276297,0.291132,-0.117119,-0.015046,0.207117,0.622056,0.072151,0.225260,0.313229,0.324783,0.459515,0.455295,0.486260,0.480464,0.209415,0.221133,0.159905,0.622551,0.457634,0.443740,0.396338,0.320057,0.295849,0.398893,0.117537,0.129408,0.447984,0.286732,0.497122,0.438863,0.425335,0.148504,0.472586,0.470657,0.306388,-0.143313,0.415548,0.425292
0.704297,0.950245,1.174165,0.000000,0.110490,-0.089093,0.793948,1.158197,0.459621,0.322607,0.642956,0.817450,0.421641,0.479662,0.377076,0.603270,0.352704,0.278881,0.843810,1.077668,0.404037,0.287820,0.677543,1.014228,0.078523,0.312905,0.190944,0.068445,0.383930,0.524995,0.515761,0.672702,0.477235,0.707037,0.487267,0.354828,0.118388,0.177838,0.154492,0.377074,0.310569,0.179700,0.323437,0.286653,0.208062,0.295392,0.225146,0.258850,0.159914,0.191374,0.374457,0.180264,0.422080,0.386440,-0.088609,0.156516,0.247250,0.651634,0.200870,0.336572,0.307666,0.487276,0.410717,0.521303,0.482144,0.627437,0.321789,0.378434,0.265270,0.538409,0.319119,0.331155,0.399237,0.458814,0.173510,0.354354,0.004821,0.045625,0.501935,0.323346,0.466580,0.519008,0.234499,0.164366,0.461531,0.536548,0.112390,-0.112276,0.346967,0.463078
0.138864,0.235753,0.389115,0.110490,0.000000,0.995358,0.154980,0.070962,0.516767,0.709673,0.190194,0.058799,0.084199,0.195291,0.549873,0.367664,-0.276494,-0.057363,0.287085,0.248242,0.210020,0.579399,0.414957,0.209275,1.060664,0.735065,1.170990,0.836898,-0.262691,-0.018925,0.363283,0.187038,0.190401,0.155666,0.152308,-0.018754,-0.047972,0.148696,0.192442,0.199907,-0.257773,0.304501,-0.135406,-0.192361,-0.133715,-0.066598,-0.173408,-0.144185,-0.172002,-0.181048,-0.153164,-0.011602,-0.005275,0.048666,0.208733,-0.030766,-0.079358,0.254960,-0.109731,0.258549,-0.041236,0.109026,-0.051268,-0.002295,0.144135,0.175037,0.068366,0.049514,0.117816,0.394038,0.151408,0.085992,-0.003279,0.104106,0.273916,0.257123,0.294759,0.281144,0.016870,0.189238,0.147136,0.145383,0.497287,0.022664,0.129031,0.115420,0.254362,-0.023124,0.452778,0.271139
0.047585,0.064987,0.135225,-0.089093,0.995358,0.000000,0.149639,-0.055933,0.442544,0.556412,-0.070374,-0.137755,0.106837,0.044726,0.539958,0.173693,-0.164713,-0.098383,0.185612,0.134484,0.039353,0.245840,0.195769,0.019659,1.028956,0.682879,0.660645,0.557447,-0.195758,0.007833,0.208444,0.095478,0.240907,0.121792,0.113582,0.024366,-0.193085,0.091192,0.137961,0.156088,-0.423076,0.192728,-0.185979,-0.192703,-0.150489,-0.105979,-0.177482,-0.138973,-0.105513,-0.165211,-0.142510,0.033525,-0.048528,0.041625,0.284186,0.070784,-0.023869,0.111967,0.029950,0.200066,0.158737,0.198417,-0.045709,-0.028137,0.012686,0.152538,0.122689,0.063719,0.060559,0.279639,0.013455,-0.149064,-0.027393,-0.002238,0.247829,0.169132,0.263606,0.256809,-0.045522,0.135317,0.022243,-0.058311,0.316453,0.070294,-0.137402,-0.047981,-0.063890,-0.056087,0.341516,0.195263
0.682646,0.474806,0.884216,0.793948,0.154980,0.149639,0.000000,0.873866,0.511270,0.374228,0.614812,0.556734,0.882618,0.525542,0.461326,0.414549,0.667868,0.229097,0.603362,0.674817,0.542676,0.349585,0.549739,0.546569,0.217683,0.191678,0.146379,0.106481,0.722412,0.539221,0.774647,0.859961,0.833403,0.871327,0.230618,0.176191,0.067059,0.083450,0.066061,0.239623,0.208528,0.200168,0.280736,0.285281,0.302143,0.377968,0.126914,0.243363,0.214185,0.215848,0.211338,0.124832,0.163461,0.176139,-0.204456,-0.007781,0.271843,0.345210,0.436160,0.314345,0.841968,0.527581,0.784528,0.494056,0.245273,0.418343,0.463047,0.367998,0.178000,0.473952,0.445790,0.376134,0.810353,0.534835,0.427353,0.647429,0.153495,0.096316,0.506490,0.179055,0.503894,0.354867,0.260078,0.195831,0.158052,0.206135,-0.022951,-0.235758,0.266053,0.266412
0.412674,0.772078,0.791042,1.158197,0.070962,-0.055933,0.873866,0.000000,0.486578,0.520144,0.489826,0.951843,0.522406,0.718423,0.292838,0.506539,0.310351,0.376885,0.545144,0.716728,0.439509,0.322717,0.528956,0.709895,0.132101,0.350805,0.121555,-0.085758,0.438165,0.861744,0.552478,0.691039,0.575730,0.737038,0.476968,0.462672,0.042412,0.111962,-0.047284,0.284370,0.255058,0.256774,0.260157,0.287956,0.223884,0.293207,0.191378,0.265221,0.205145,0.275090,0.446935,0.295639,0.456774,0.386168,-0.177715,0.079926,0.175795,0.483657,0.189855,0.289294,0.321472,0.595800,0.329285,0.482566,0.366499,0.677964,0.351865,0.443449,0.140301,0.361687,0.308362,0.317720,0.478429,0.742205,0.180151,0.539824,-0.047723,0.065000,0.370733,0.401089,0.274406,0.450156,0.082364,0.117154,0.184038,0.368414,-0.001038,-0.206933,0.088057,0.275184
0.179525,0.584609,0.461667,0.459621,0.516767,0.442544,0.511270,0.486578,0.000000,0.580643,0.353345,0.433545,0.467455,0.351946,0.649576,0.531352,0.344317,0.315978,0.373583,0.407565,0.456994,0.259933,0.156906,0.240646,0.640661,0.543072,0.418708,0.119411,0.216171,0.564696,0.425926,0.299826,0.539382,0.647161,0.520868,0.340232,-0.122818,0.486760,0.210768,0.602690,0.140362,0.439274,0.245747,0.258329,0.252179,0.328677,0.204883,0.304144,0.076088,0.192739,0.305370,0.303652,0.328016,0.337274,-0.045104,0.189231,0.111469,0.340436,0.233701,0.298568,0.181175,0.500898,0.326215,0.446331,0.372587,0.583811,0.544074,0.635710,0.538789,0.450804,-0.135522,0.021586,0.314489,0.533987,0.194002,0.313888,0.191780,0.422396,0.454577,0.421401,0.476790,0.703737,0.545539,0.482112,0.275356,0.529625,0.092584,-0.004898,0.310667,0.400320
0.177185,0.354985,0.457461,0.322607,0.709673,0.556412,0.374228,0.520144,0.580643,0.000000,0.364586,0.524258,0.411140,0.717946,0.447675,0.728325,-0.079723,0.019724,0.228110,0.404202,0.212431,0.304718,0.492266,0.320368,0.644278,0.551429,0.610102,0.356342,-0.069293,0.383956,0.293583,0.270682,0.270067,0.248123,0.311619,0.160688,-0.069015,0.128193,0.010433,0.181257,-0.066098,0.319373,-0.026901,-0.041881,-0.082117,-0.028799,-0.092805,-0.049724,0.014539,0.016417,0.154441,0.145641,0.272185,0.274228,0.067676,-0.024581,-0.146768,0.220092,0.034645,0.190220,0.107311,0.269660,0.027237,0.064733,0.285995,0.365625,0.091568,0.106353,0.066832,0.305686,0.183672,0.150124,0.150072,0.422940,0.206421,0.384027,-0.004438,0.081083,0.009019,0.254784,0.017189,0.184966,0.210927,0.016232,0.062273,0.212654,0.177851,-0.195249,0.329902,0.332023
0.695853,0.626720,0.815995,0.642956,0.190194,-0.070374,0.614812,0.489826,0.353345,0.364586,0.000000,0.793021,0.744123,0.636876,0.475238,0.748680,0.485083,0.337240,0.457109,0.508646,0.417397,0.359767,0.633711,0.654532,0.239059,0.156919,0.258474,0.195147,0.295352,0.363298,0.520361,0.515240,0.430438,0.514006,0.321525,0.081950,0.123733,0.114086,0.131567,0.231977,0.321452,0.162086,0.177234,0.214005,0.070309,0.176226,-0.030036,0.088307,0.016157,0.068272,0.268351,0.121584,0.226189,0.187623,-0.312462,-0.142370,0.189929,0.561186,0.100518,0.192814,0.279612,0.206599,0.656529,0.433453,0.471699,0.345550,0.267012,0.223828,0.188958,0.440684,0.316193,0.368781,0.376958,0.355251,0.145252,0.397783,-0.060731,-0.058137,0.428118,0.289783,0.588297,0.478346,0.373982,0.160099,0.552728,0.464528,0.284886,-0.238481,0.233394,0.214689
0.364363,0.772904,0.673859,0.817450,0.058799,-0.137755,0.556734,0.951843,0.433545,0.524258,0.793021,0.000000,0.602332,0.938682,0.317110,0.887715,0.236113,0.269906,0.406255,0.622031,0.211522,0.243768,0.506186,0.674656,0.080497,0.223348,0.149053,-0.097140,0.155798,0.714418,0.273788,0.397732,0.284389,0.399847,0.520126,0.385464,-0.064406,0.060742,-0.125770,0.183664,0.216881,0.193888,0.143645,0.154010,0.051134,0.128598,0.072377,0.103331,-0.014668,0.065883,0.308516,0.067778,0.459446,0.291291,-0.254954,-0.123801,-0.012592,0.391006,0.000288,0.082671,0.117205,0.358632,0.261726,0.326604,0.559498,0.607565,0.160903,0.242905,0.232715,0.184515,0.176565,0.292477,0.263743,0.556718,-0.067221,0.361876,-0.144174,0.008365,0.262781,0.346084,0.199705,0.520202,0.093860,0.075267,0.312762,0.473745,0.141752,-0.222268,0.085917,0.222820
0.552129,0.352591,0.504853,0.421641,0.084199,0.106837,0.882618,0.522406,0.467455,0.411140,0.744123,0.602332,0.000000,0.839973,0.375252,0.362805,0.716927,0.316466,0.351583,0.324018,0.356424,0.128733,0.384319,0.316506,0.276577,0.141041,0.077208,-0.105918,0.591269,0.511442,0.478059,0.506661,0.730657,0.637990,0.205143,0.165966,-0.094462,-0.037782,-0.112953,0.015213,0.140231,0.037504,0.364282,0.370339,0.410936,0.483713,0.130342,0.296763,0.331728,0.344202,0.229870,0.151143,0.093793,0.026677,-0.308894,-0.126967,0.305533,0.332889,0.488576,0.305039,0.835780,0.422961,0.678970,0.516091,0.111287,0.149691,0.470059,0.343587,0.157460,0.290369,0.232068,0.036071,0.531717,0.460346,0.214899,0.437407,-0.115386,-0.051181,0.288401,0.087490,0.322329,0.216145,0.103260,0.060905,-0.022926,0.046694,-0.250305,-0.553828,0.058669,0.014958
0.307165,0.477136,0.528138,0.479662,0.195291,0.044726,0.525542,0.718423,0.351946,0.717946,0.636876,0.938682,0.839973,0.000000,0.167355,0.662723,0.158470,0.257833,0.290725,0.423240,0.199192,0.193817,0.491460,0.398484,0.225886,0.246628,0.233924,0.013479,0.144141,0.545432,0.335203,0.346975,0.337828,0.355462,0.198814,0.090220,-0.240477,-0.085559,-0.219074,0.033970,0.092943,0.093281,0.164224,0.127686,0.153434,0.234756,-0.020699,0.059098,0.197494,0.237454,0.202250,0.122776,0.240050,0.168744,-0.269559,-0.162003,-0.029475,0.363873,0.225498,0.315498,0.259191,0.376608,0.207423,0.387453,0.133239,0.169323,0.150194,0.156787,0.078955,0.266041,0.231208,0.221050,0.230629,0.485072,0.056422,0.371405,-0.218622,-0.106242,0.067488,0.175626,0.053514,0.180292,0.088913,-0.024356,-0.039831,0.117507,0.037074,-0.407141,0.095099,0.212103
0.277350,0.446245,0.554706,0.377076,0.549873,0.539958,0.461326,0.292838,0.649576,0.447675,0.475238,0.317110,0.375252,0.167355,0.000000,0.693808,0.194812,0.165544,0.398406,0.373411,0.283430,0.294610,0.456594,0.499973,0.694368,0.605129,0.544821,0.313838,0.132558,0.312497,0.471437,0.403495,0.417823,0.431901,0.495016,0.205150,0.002643,0.382923,0.311193,0.449415,0.046776,0.319303,-0.150536,-0.069854,-0.167526,-0.037287,-0.212228,-0.106067,-0.234282,-0.197983,0.153008,0.111871,0.240829,0.306668,0.040873,0.080302,0.036569,0.419521,-0.068736,0.057893,0.297051,0.361785,0.463138,0.328674,0.688736,0.620373,0.231966,0.216094,0.249012,0.371977,0.067318,0.050728,0.138790,0.181794,0.212414,0.257795,0.180593,0.246168,0.383360,0.476349,0.493683,0.464618,0.603381,0.390462,0.567430,0.564487,0.157000,0.149019,0.449460,0.273644
0.321568,0.651717,0.722082,0.603270,0.367664,0.173693,0.414549,0.506539,0.531352,0.728325,0.748680,0.887715,0.362805,0.662723,0.693808,0.000000,0.066624,0.097626,0.362466,0.620045,0.192187,0.253833,0.544752,0.587575,0.349522,0.409685,0.494565,0.268093,-0.048535,0.424864,0.279270,0.295621,0.185244,0.283581,0.484807,0.195436,-0.058685,0.291343,0.222196,0.480810,0.185402,0.278261,-0.087059,-0.074145,-0.188141,-0.068111,-0.225498,-0.153068,-0.213135,-0.172971,0.180236,0.033900,0.383572,0.407264,-0.096212,0.006635,-0.150989,0.422525,-0.085917,0.084676,0.020058,0.243475,0.234789,0.240727,0.777732,0.657662,0.069309,0.113792,0.281498,0.381613,0.097269,0.312593,0.073512,0.274030,-0.006293,0.216415,0.047130,0.154512,0.294167,0.369342,0.280279,0.502575,0.479551,0.361892,0.611550,0.780981,0.428092,0.127604,0.529904,0.567645
0.507375,0.246017,0.280947,0.352704,-0.276494,-0.164713,0.667868,0.310351,0.344317,-0.079723,0.485083,0.236113,0.716927,0.158470,0.194812,0.066624,0.000000,0.423188,0.342530,0.231266,0.501077,0.054631,-0.025471,0.104051,-0.052289,-0.151621,-0.204404,-0.201925,1.074999,0.468221,0.454068,0.453074,0.779802,0.758815,0.154114,0.190222,0.186910,0.188761,0.148584,0.189156,0.452842,0.058667,0.632194,0.684555,0.625058,0.628578,0.403164,0.602007,0.398189,0.457413,0.331912,0.222173,0.058684,0.019469,-0.227372,0.081098,0.615264,0.242478,0.594890,0.177126,0.716313,0.337632,1.109017,0.581153,0.109349,0.234605,0.725680,0.584102,0.336298,0.341529,0.060048,0.044562,0.745619,0.425312,0.203702,0.334607,0.064356,0.113386,0.845693,0.250468,0.815002,0.479343,0.237473,0.350380,0.178953,0.193429,-0.151336,-0.194269,-0.002294,0.012125
0.107506,0.520422,0.188715,0.278881,-0.057363,-0.098383,0.229097,0.376885,0.315978,0.019724,0.337240,0.269906,0.316466,0.257833,0.165544,0.097626,0.423188,0.000000,0.318405,0.184350,0.384949,0.190328,0.039408,0.201984,0.192959,0.240907,0.014831,-0.167005,0.378784,0.739648,0.431376,0.337600,0.474311,0.532853,0.168306,0.230834,0.035050,0.305830,0.156760,0.346034,0.323817,0.390852,0.373821,0.459752,0.290881,0.358501,0.312369,0.427830,0.133305,0.267107,0.415049,0.460172,0.204131,0.177340,-0.220412,0.138978,0.567536,0.737657,-0.000650,0.113179,0.050320,0.232936,0.329380,0.510426,0.050095,0.171886,0.477795,0.565698,0.316394,0.404890,-0.094475,-0.064219,0.393962,0.672826,0.265630,0.306239,-0.098907,0.141727,0.560256,0.745658,0.445892,0.578392,0.244822,0.505168,0.108277,0.269898,-0.106672,-0.112212,-0.154793,-0.057886
0.742554,0.692644,0.887952,0.843810,0.287085,0.185612,0.603362,0.545144,0.373583,0.228110,0.457109,0.406255,0.351583,0.290725,0.398406,0.362466,0.342530,0.318405,0.000000,1.145006,0.293756,0.246087,0.548576,0.704275,0.259819,0.404697,0.312896,0.228579,0.337493,0.391643,0.511764,0.521880,0.595582,0.678031,0.296101,0.240692,0.066939,0.185458,0.221499,0.302999,0.069443,0.272412,0.335769,0.276972,0.202270,0.259193,0.288327,0.293503,-0.009094,0.068751,0.204202,0.132661,0.259692,0.187920,0.065206,0.105692,0.402739,0.697669,0.117256,0.326773,0.273954,0.251843,0.382345,0.359585,0.204375,0.266406,0.493161,0.470010,0.425047,0.879228,0.153008,0.115581,0.401983,0.372470,0.409764,0.360881,0.219024,0.219789,0.522371,0.361629,0.545807,0.531911,0.426931,0.182548,0.355796,0.325239,-0.022627,-0.176337,0.321549,0.215643
0.613199,0.793973,0.954174,1.077668,0.248242,0.134484,0.674817,0.716728,0.407565,0.404202,0.508646,0.622031,0.324018,0.423240,0.373411,0.620045,0.231266,0.184350,1.145006,0.000000,0.310619,0.232272,0.609433,0.759873,0.156918,0.365393,0.318988,0.200406,0.205586,0.400977,0.451551,0.565255,0.365810,0.494182,0.307965,0.198305,0.046518,0.211243,0.240146,0.377568,0.112404,0.307679,0.106189,0.035095,-0.009960,0.068327,0.054632,0.034103,-0.130624,-0.135284,0.138971,-0.005688,0.324399,0.354120,0.013882,0.063873,0.115706,0.566036,0.094083,0.230111,0.212040,0.314718,0.297086,0.238010,0.381351,0.475898,0.238665,0.226959,0.307644,0.740045,0.248682,0.333041,0.390376,0.405633,0.348297,0.440607,0.146492,0.122849,0.427393,0.299716,0.375472,0.476600,0.307717,0.157168,0.420407,0.476335,0.107681,-0.090907,0.505741,0.470254
0.242538,0.244220,0.412922,0.404037,0.210020,0.039353,0.542676,0.439509,0.456994,0.212431,0.417397,0.211522,0.356424,0.199192,0.283430,0.192187,0.501077,0.384949,0.293756,0.310619,0.000000,0.543158,0.125952,0.231068,0.304478,0.252445,0.286500,0.146260,0.643914,0.520317,0.872154,0.617989,0.631583,0.619599,0.222549,0.152670,0.380592,0.468894,0.346148,0.467509,0.617990,0.424875,0.300058,0.359720,0.319273,0.367864,0.169983,0.326517,0.173259,0.239543,0.280088,0.295523,0.113697,0.152517,-0.173293,0.117496,0.288026,0.229710,0.158395,0.092109,0.220816,0.163848,0.580914,0.396315,0.153222,0.270293,0.430482,0.396209,0.151515,0.398272,0.255959,0.328376,0.730423,0.682777,0.389715,0.538156,0.205577,0.313207,0.629439,0.425780,0.703017,0.642282,0.380866,0.370243,0.292382,0.371267,0.132794,-0.018286,0.061876,0.099569
0.289887,0.311234,0.425481,0.287820,0.579399,0.245840,0.349585,0.322717,0.259933,0.304718,0.359767,0.243768,0.128733,0.193817,0.294610,0.253833,0.054631,0.190328,0.246087,0.232272,0.543158,0.000000,0.387238,0.305906,0.392375,0.343487,0.535371,0.573981,0.184489,0.226188,0.611521,0.418349,0.353020,0.348089,0.133676,0.112479,0.217136,0.087449,0.215680,0.265808,0.135974,0.278042,0.129269,0.117571,0.076288,0.100971,0.022129,0.098329,-0.020498,0.013801,-0.009449,0.033397,-0.035128,-0.058588,-0.007076,-0.077731,0.157229,0.293324,-0.102505,0.175490,0.034138,0.109918,0.241658,0.179699,0.070763,0.198808,0.167244,0.161398,-0.000190,0.233010,0.459136,0.458324,0.441937,0.428021,0.260426,0.532276,0.132975,0.177140,0.312018,0.264990,0.438318,0.357410,0.397248,0.120917,0.135475,0.128114,0.320722,-0.022558,0.123653,0.082605
0.668113,0.471161,1.052495,0.677543,0.414957,0.195769,0.549739,0.528956,0.156906,0.492266,0.633711,0.506186,0.384319,0.491460,0.456594,0.544752,-0.025471,0.039408,0.548576,0.609433,0.125952,0.387238,0.000000,1.280477,0.345429,0.447190,0.407935,0.381304,0.003484,0.108901,0.513723,0.613636,0.260079,0.272233,0.181608,0.044896,0.033014,-0.131800,0.035764,0.021898,-0.042115,0.079888,-0.114562,-0.142582,-0.233153,-0.172296,-0.183310,-0.213049,-0.109442,-0.187527,0.088859,-0.045124,0.129089,0.144296,-0.069493,-0.184569,0.027025,0.447595,-0.138323,0.057996,0.219442,0.071701,0.194901,0.108516,0.356741,0.189171,-0.104365,-0.147935,-0.106657,0.340414,0.679063,0.414763,0.160306,0.155834,0.223539,0.257031,-0.067501,-0.136111,0.076537,0.124343,0.178889,0.118990,0.155693,-0.095361,0.318569,0.230338,0.217981,-0.177845,0.282960,0.153364
0.653157,0.632034,1.137623,1.014228,0.209275,0.019659,0.546569,0.709895,0.240646,0.320368,0.654532,0.674656,0.316506,0.398484,0.499973,0.587575,0.104051,0.201984,0.704275,0.759873,0.231068,0.305906,1.280477,0.000000,0.244752,0.461405,0.312141,0.155015,0.131966,0.305561,0.535778,0.692710,0.314696,0.413287,0.354689,0.287090,0.087387,0.030942,0.144062,0.204785,0.152832,0.158625,0.055334,0.055998,-0.090681,-0.017060,-0.005076,-0.019271,-0.109900,-0.104461,0.218383,0.042337,0.262770,0.221115,-0.152779,-0.086298,0.151659,0.506009,-0.148649,0.018012,0.141221,0.128583,0.252302,0.226341,0.523800,0.391482,0.044011,0.076123,0.086780,0.332138,0.418752,0.373040,0.176416,0.235285,0.109343,0.197872,-0.079448,-0.048198,0.270327,0.324207,0.349201,0.400516,0.247624,0.107191,0.524618,0.490135,0.215261,-0.060767,0.194043,0.171248
0.075647,0.233004,0.345397,0.078523,1.060664,1.028956,0.217683,0.132101,0.640661,0.644278,0.239059,0.080497,0.276577,0.225886,0.694368,0.349522,-0.052289,0.192959,0.259819,0.156918,0.304478,0.392375,0.345429,0.244752,0.000000,1.133814,0.874138,0.467688,-0.092395,0.212313,0.515653,0.323622,0.417787,0.308613,0.317748,0.192103,-0.145400,0.210772,0.168572,0.301793,-0.182362,0.390484,-0.077079,-0.057713,-0.037380,0.047013,-0.154567,-0.049174,-0.146739,-0.094514,0.001584,0.169063,0.007815,0.107883,-0.017162,-0.043777,0.093817,0.297204,-0.131561,0.118600,0.041133,0.130531,0.072655,0.130793,0.200331,0.238173,0.219709,0.213892,0.102025,0.334348,-0.001061,-0.138626,0.048670,0.247685,0.267106,0.233151,0.173833,0.345676,0.116830,0.386741,0.217915,0.237713,0.436948,0.156759,0.065244,0.181871,0.006059,-0.148667,0.148901,0.078340
0.029317,0.401152,0.442355,0.312905,0.735065,0.682879,0.191678,0.350805,0.543072,0.551429,0.156919,0.223348,0.141041,0.246628,0.605129,0.409685,-0.151621,0.240907,0.404697,0.365393,0.252445,0.343487,0.447190,0.461405,1.133814,0.000000,0.808491,0.308718,-0.123686,0.364293,0.497523,0.368783,0.312951,0.288530,0.524621,0.370873,-0.126927,0.301180,0.143182,0.390845,-0.204957,0.416935,-0.117595,-0.110161,-0.120747,-0.039321,-0.113132,-0.080313,-0.255652,-0.184364,0.108572,0.193320,0.156553,0.244518,0.007841,0.051013,0.008091,0.420464,-0.302207,0.086875,-0.125597,0.150314,-0.064929,0.143752,0.330954,0.390403,0.169131,0.234912,0.109735,0.374103,0.059546,-0.086912,0.013946,0.310259,0.213743,0.176105,0.083608,0.314310,0.119303,0.499186,0.161203,0.311158,0.302123,0.134961,0.137415,0.347043,-0.038502,-0.090055,0.100692,0.153192
0.186317,0.326771,0.426826,0.190944,1.170990,0.660645,0.146379,0.121555,0.418708,0.610102,0.258474,0.149053,0.077208,0.233924,0.544821,0.494565,-0.204404,0.014831,0.312896,0.318988,0.286500,0.535371,0.407935,0.312141,0.874138,0.808491,0.000000,0.831414,-0.234304,0.079479,0.414548,0.264766,0.148487,0.167429,0.238105,0.084393,-0.032575,0.257469,0.342749,0.320964,-0.063136,0.340741,-0.082174,-0.113896,-0.091101,-0.014648,-0.136197,-0.107143,-0.196396,-0.179231,-0.040666,0.037730,0.085941,0.137614,0.149905,0.079136,0.005424,0.348398,-0.147890,0.192620,-0.120260,0.046341,-0.005103,0.047599,0.285639,0.252033,0.075247,0.054420,0.233554,0.402639,0.122652,0.107102,-0.014701,0.106722,0.174474,0.186554,0.252012,0.259722,0.139172,0.247867,0.225519,0.262313,0.505342,0.100852,0.324803,0.317572,0.302382,0.078637,0.466661,0.328400
0.306727,0.149075,0.324039,0.068445,0.836898,0.557447,0.106481,-0.085758,0.119411,0.356342,0.195147,-0.097140,-0.105918,0.013479,0.313838,0.268093,-0.201925,-0.167005,0.228579,0.200406,0.146260,0.573981,0.381304,0.155015,0.467688,0.308718,0.831414,0.000000,-0.233640,-0.239797,0.303042,0.172518,0.050568,0.051569,-0.092054,-0.271207,0.119788,0.091027,0.313139,0.166113,-0.096010,0.211487,-0.171731,-0.210661,-0.201244,-0.171826,-0.195041,-0.208952,-0.109776,-0.172496,-0.228635,-0.112449,-0.165218,-0.043053,0.197106,-0.030431,-0.020790,0.233951,-0.049657,0.260799,-0.047751,-0.012398,0.057096,0.001424,-0.019594,0.004025,-0.071147,-0.159436,0.053681,0.367582,0.298448,0.227880,0.033404,-0.119613,0.234903,0.196312,0.383340,0.136551,0.108828,0.046226,0.257977,0.037262,0.471140,-0.007702,0.196237,0.021154,0.476388,0.117274,0.575843,0.323531
0.348057,0.063965,0.285218,0.383930,-0.262691,-0.195758,0.722412,0.438165,0.216171,-0.069293,0.295352,0.155798,0.591269,0.144141,0.132558,-0.048535,1.074999,0.378784,0.337493,0.205586,0.643914,0.184489,0.003484,0.131966,-0.092395,-0.123686,-0.234304,-0.233640,0.000000,0.576464,0.577193,0.564839,0.743402,0.644950,0.088451,0.165656,0.262255,0.145214,0.041534,0.069749,0.408557,0.063727,0.586481,0.625538,0.584686,0.556255,0.377379,0.578052,0.409358,0.442105,0.307280,0.209626,0.012767,-0.088684,-0.181346,0.042174,0.480270,0.110171,0.451535,0.096490,0.709612,0.259609,0.924821,0.453401,0.001473,0.143968,0.587146,0.462158,0.081218,0.212297,0.234214,0.149589,0.894399,0.548340,0.338021,0.420578,0.037848,0.083899,0.588106,0.193876,0.601699,0.341081,0.160351,0.214575,0.038802,0.054303,-0.214593,-0.240414,-0.112962,-0.145233
0.110015,0.569007,0.338052,0.524995,-0.018925,0.007833,0.539221,0.861744,0.564696,0.383956,0.363298,0.714418,0.511442,0.545432,0.312497,0.424864,0.468221,0.739648,0.391643,0.400977,0.520317,0.226188,0.108901,0.305561,0.212313,0.364293,0.079479,-0.239797,0.576464,0.000000,0.537017,0.496614,0.617759,0.673534,0.479059,0.472321,-0.017235,0.368702,-0.032844,0.336274,0.311700,0.393886,0.299604,0.363668,0.286738,0.349215,0.214276,0.334306,0.108562,0.226347,0.452228,0.347416,0.353300,0.246846,-0.227122,0.049840,0.262137,0.426683,0.039292,0.065460,0.190702,0.454484,0.370098,0.482931,0.315277,0.540682,0.496823,0.603623,0.269661,0.292053,0.044266,0.098894,0.535020,1.039367,0.201868,0.484487,-0.064335,0.236969,0.562853,0.714504,0.401588,0.697612,0.195302,0.376991,0.110047,0.408166,-0.123123,-0.222627,-0.105619,0.042909
0.385332,0.353585,0.694193,0.515761,0.363283,0.208444,0.774647,0.552478,0.425926,0.293583,0.520361,0.273788,0.478059,0.335203,0.471437,0.279270,0.454068,0.431376,0.511764,0.451551,0.872154,0.611521,0.513723,0.535778,0.515653,0.497523,0.414548,0.303042,0.577193,0.537017,0.000000,1.236064,0.762281,0.689471,0.164283,0.116369,0.135615,0.226497,0.245943,0.303014,0.249455,0.368419,0.176331,0.190832,0.219902,0.285735,-0.007509,0.138350,0.032834,0.040610,0.085330,0.063346,-0.079141,-0.005036,-0.330914,-0.126081,0.253208,0.399451,0.027431,0.069367,0.340888,0.194476,0.630725,0.444544,0.211780,0.230562,0.304427,0.240063,0.012281,0.490267,0.400682,0.371846,0.727694,0.625226,0.487531,0.581819,0.170598,0.242499,0.577233,0.506751,0.716478,0.519435,0.416257,0.254283,0.229590,0.239908,0.033710,-0.202389,0.059877,0.009529
0.510606,0.419569,0.772605,0.672702,0.187038,0.095478,0.859961,0.691039,0.299826,0.270682,0.515240,0.397732,0.506661,0.346975,0.403495,0.295621,0.453074,0.337600,0.521880,0.565255,0.617989,0.418349,0.613636,0.692710,0.323622,0.368783,0.264766,0.172518,0.564839,0.496614,1.236064,0.000000,0.705854,0.680191,0.165707,0.197744,0.087833,0.027238,0.079313,0.149575,0.198436,0.268831,0.135355,0.156502,0.151369,0.227542,-0.020149,0.084136,0.037873,0.025445,0.076423,0.010311,-0.070644,-0.009660,-0.362399,-0.216438,0.283266,0.394081,0.085084,0.083812,0.459324,0.246245,0.625217,0.395190,0.268376,0.295390,0.225934,0.160112,-0.054800,0.374741,0.445896,0.366914,0.699524,0.530650,0.463910,0.609762,0.118390,0.102823,0.471387,0.349009,0.528296,0.380561,0.209689,0.103855,0.221651,0.206421,-0.019823,-0.255348,0.036991,-0.025693
0.601391,0.465164,0.520705,0.477235,0.190401,0.240907,0.833403,0.575730,0.539382,0.270067,0.430438,0.284389,0.730657,0.337828,0.417823,0.185244,0.779802,0.474311,0.595582,0.365810,0.631583,0.353020,0.260079,0.314696,0.417787,0.312951,0.148487,0.050568,0.743402,0.617759,0.762281,0.705854,0.000000,1.516273,0.336511,0.331759,0.085265,0.209529,0.104528,0.263954,0.189373,0.278783,0.529799,0.553846,0.635075,0.694597,0.271162,0.499442,0.319148,0.430973,0.253683,0.329464,0.025623,0.016394,-0.178157,0.042818,0.716048,0.530794,0.428614,0.406254,0.732261,0.505989,0.770825,0.769449,0.087695,0.291922,1.023889,0.851362,0.312634,0.601951,0.162330,0.063054,0.817691,0.687988,0.478523,0.705227,0.229913,0.355844,0.664805,0.384687,0.696044,0.500960,0.368779,0.302543,0.030842,0.164154,-0.165478,-0.308155,0.022528,0.002567
0.677262,0.791769,0.635252,0.707037,0.155666,0.121792,0.871327,0.737038,0.647161,0.248123,0.514006,0.399847,0.637990,0.355462,0.431901,0.283581,0.758815,0.532853,0.678031,0.494182,0.619599,0.348089,0.272233,0.413287,0.308613,0.288530,0.167429,0.051569,0.644950,0.673534,0.689471,0.680191,1.516273,0.000000,0.385652,0.343050,0.094466,0.295698,0.157552,0.421684,0.301261,0.290282,0.546112,0.557797,0.625824,0.735002,0.288815,0.511219,0.283065,0.452761,0.284304,0.342365,0.111173,0.118988,-0.233872,0.105624,0.736564,0.735753,0.432082,0.550901,0.603128,0.683855,0.725808,0.933714,0.183911,0.418641,0.993019,1.004491,0.475776,0.665321,0.129192,0.108415,0.718161,0.660063,0.398574,0.608172,0.230333,0.343966,0.809576,0.423873,0.786115,0.652210,0.447758,0.422214,0.198716,0.312840,-0.021277,-0.160758,0.140551,0.165324
0.092026,0.461743,0.385420,0.487267,0.152308,0.113582,0.230618,0.476968,0.520868,0.311619,0.321525,0.520126,0.205143,0.198814,0.495016,0.484807,0.154114,0.168306,0.296101,0.307965,0.222549,0.133676,0.181608,0.354689,0.317748,0.524621,0.238105,-0.092054,0.088451,0.479059,0.164283,0.165707,0.336511,0.385652,0.000000,0.852025,-0.006285,0.361873,0.055391,0.406033,0.115126,0.241736,0.015105,0.096561,0.021304,0.087206,0.013014,0.088044,-0.128639,-0.003810,0.438945,0.320883,0.481142,0.418762,-0.000875,0.201913,0.075756,0.356755,-0.078675,0.036995,0.015674,0.389762,0.139127,0.363418,0.865244,0.924336,0.365894,0.504025,0.267707,0.222659,-0.145357,-0.020065,0.010594,0.288115,-0.107022,0.093446,0.157267,0.437088,0.249936,0.439335,0.232150,0.448507,0.168108,0.219851,0.387911,0.657672,-0.000134,0.036900,0.059962,0.302136
0.063940,0.293425,0.242581,0.354828,-0.018754,0.024366,0.176191,0.462672,0.340232,0.160688,0.081950,0.385464,0.165966,0.090220,0.205150,0.195436,0.190222,0.230834,0.240692,0.198305,0.152670,0.112479,0.044896,0.287090,0.192103,0.370873,0.084393,-0.271207,0.165656,0.472321,0.116369,0.197744,0.331759,0.343050,0.852025,0.000000,-0.042286,0.118286,0.014567,0.231432,0.081117,0.122281,0.191049,0.228424,0.177425,0.192540,0.183231,0.240180,-0.030857,0.099464,0.328652,0.296330,0.315697,0.195163,-0.103730,0.115436,0.227291,0.174863,-0.004259,0.015368,0.019676,0.246474,0.023481,0.222054,0.400816,0.626408,0.410888,0.569446,0.229487,0.075403,-0.159183,-0.083872,0.101351,0.255166,-0.115424,0.148839,0.165414,0.425893,0.223523,0.301791,0.134007,0.374320,0.024830,0.217595,0.128057,0.383382,-0.136976,-0.034391,-0.217439,0.059036
0.196989,-0.020811,0.086253,0.118388,-0.047972,-0.193085,0.067059,0.042412,-0.122818,-0.069015,0.123733,-0.064406,-0.094462,-0.240477,0.002643,-0.058685,0.186910,0.035050,0.066939,0.046518,0.380592,0.217136,0.033014,0.087387,-0.145400,-0.126927,-0.032575,0.119788,0.262255,-0.017235,0.135615,0.087833,0.085265,0.094466,-0.006285,-0.042286,0.000000,0.390178,0.400386,0.164470,0.530311,0.244170,0.173324,0.250631,0.088282,0.042324,0.254796,0.258371,0.163595,0.094715,0.222089,0.180598,0.095974,0.080871,0.240964,0.260652,0.237521,-0.016911,-0.035806,-0.117605,0.044903,-0.103455,0.246256,-0.031507,0.100131,0.157675,0.105208,0.055403,0.016022,0.094178,0.194413,0.217402,0.295362,0.159149,0.127608,0.152766,0.178136,0.118831,0.372165,0.131739,0.397892,0.267997,0.164078,0.208846,0.404671,0.268653,0.220969,0.305722,0.112039,0.041838
-0.071637,0.312504,0.089983,0.177838,0.148696,0.091192,0.083450,0.111962,0.486760,0.128193,0.114086,0.060742,-0.037782,-0.085559,0.382923,0.291343,0.188761,0.305830,0.185458,0.211243,0.468894,0.087449,-0.131800,0.030942,0.210772,0.301180,0.257469,0.091027,0.145214,0.368702,0.226497,0.027238,0.209529,0.295698,0.361873,0.118286,0.390178,0.000000,0.650594,0.817344,0.450522,0.646629,0.137832,0.213775,0.085069,0.124961,0.190918,0.234735,-0.053833,0.022711,0.399613,0.375357,0.399572,0.477613,0.227537,0.510980,0.102032,0.273946,-0.081646,-0.009973,-0.122328,0.128954,0.226888,0.243332,0.364339,0.445155,0.337402,0.404205,0.416109,0.363367,-0.138754,0.081828,0.172699,0.338777,0.172544,0.138314,0.204596,0.438887,0.520201,0.507263,0.496748,0.677480,0.466600,0.656893,0.521115,0.747076,0.172195,0.373777,0.289605,0.326139
0.192243,0.228825,0.176342,0.154492,0.192442,0.137961,0.066061,-0.047284,0.210768,0.010433,0.131567,-0.125770,-0.112953,-0.219074,0.311193,0.222196,0.148584,0.156760,0.221499,0.240146,0.346148,0.215680,0.035764,0.144062,0.168572,0.143182,0.342749,0.313139,0.041534,-0.032844,0.245943,0.079313,0.104528,0.157552,0.055391,0.014567,0.400386,0.650594,0.000000,0.765317,0.426930,0.377217,0.144718,0.173101,0.033210,0.059089,0.143118,0.163872,-0.017543,-0.041981,0.171588,0.147907,0.214119,0.314799,0.263381,0.463019,0.195465,0.263936,0.030908,0.057839,-0.044537,-0.027445,0.237450,0.140777,0.168666,0.206491,0.164059,0.176933,0.260245,0.422491,-0.125525,0.067222,0.097973,0.060416,0.051910,0.054478,0.310992,0.322830,0.497135,0.279109,0.547037,0.460378,0.689031,0.730504,0.554081,0.521017,0.260008,0.508075,0.474697,0.428830
0.107849,0.564730,0.362423,0.377074,0.199907,0.156088,0.239623,0.284370,0.602690,0.181257,0.231977,0.183664,0.015213,0.033970,0.449415,0.480810,0.189156,0.346034,0.302999,0.377568,0.467509,0.265808,0.021898,0.204785,0.301793,0.390845,0.320964,0.166113,0.069749,0.336274,0.303014,0.149575,0.263954,0.421684,0.406033,0.231432,0.164470,0.817344,0.765317,0.000000,0.440887,0.659799,0.130659,0.210103,0.037762,0.138058,0.102700,0.187821,-0.069205,0.044464,0.339704,0.365509,0.427635,0.596710,0.093661,0.499124,0.139300,0.472023,-0.008786,0.162954,-0.132964,0.271060,0.178418,0.378405,0.361919,0.540374,0.327733,0.473352,0.451076,0.557328,-0.179508,0.099000,0.161371,0.310487,0.115706,0.137639,0.162055,0.392669,0.592664,0.535267,0.546511,0.729437,0.663477,0.871883,0.488279,0.768258,0.280250,0.437059,0.398857,0.652228
0.188857,0.229701,0.176974,0.310569,-0.257773,-0.423076,0.208528,0.255058,0.140362,-0.066098,0.321452,0.216881,0.140231,0.092943,0.046776,0.185402,0.452842,0.323817,0.069443,0.112404,0.617990,0.135974,-0.042115,0.152832,-0.182362,-0.204957,-0.063136,-0.096010,0.408557,0.311700,0.249455,0.198436,0.189373,0.301261,0.115126,0.081117,0.530311,0.450522,0.426930,0.440887,0.000000,0.243173,0.359563,0.472181,0.254276,0.295566,0.292148,0.382397,0.306493,0.326508,0.512150,0.369632,0.355771,0.388069,-0.082571,0.327233,0.282952,0.158337,0.170700,-0.053906,0.070680,0.113781,0.448677,0.301668,0.213307,0.252548,0.183573,0.218321,0.184594,0.134942,-0.022749,0.196254,0.342447,0.335441,-0.024243,0.129419,-0.022854,0.062558,0.605711,0.293877,0.514028,0.543348,0.276400,0.485150,0.483338,0.480039,0.344709,0.289748,0.105935,0.211489
-0.024475,0.363550,0.258260,0.179700,0.304501,0.192728,0.200168,0.256774,0.439274,0.319373,0.162086,0.193888,0.037504,0.093281,0.319303,0.278261,0.058667,0.390852,0.272412,0.307679,0.424875,0.278042,0.079888,0.158625,0.390484,0.416935,0.340741,0.211487,0.063727,0.393886,0.368419,0.268831,0.278783,0.290282,0.241736,0.122281,0.244170,0.646629,0.377217,0.659799,0.243173,0.000000,0.024073,0.089648,-0.029141,-0.000787,0.130333,0.120598,-0.139462,-0.053742,0.219975,0.252953,0.311637,0.386352,0.167104,0.175578,0.095208,0.320778,-0.253244,-0.060978,-0.172291,0.064000,0.099999,0.143360,0.142571,0.269453,0.196682,0.262615,0.234425,0.329821,-0.058935,0.112062,0.294880,0.512344,0.323467,0.389221,0.205703,0.421013,0.364219,0.506257,0.293174,0.574768,0.413214,0.378360,0.212663,0.361740,0.188617,0.142847,0.156649,0.142720
0.375586,0.219518,0.148592,0.323437,-0.135406,-0.185979,0.280736,0.260157,0.245747,-0.026901,0.177234,0.143645,0.364282,0.164224,-0.150536,-0.087059,0.632194,0.373821,0.335769,0.106189,0.300058,0.129269,-0.114562,0.055334,-0.077079,-0.117595,-0.082174,-0.171731,0.586481,0.299604,0.176331,0.135355,0.529799,0.546112,0.015105,0.191049,0.173324,0.137832,0.144718,0.130659,0.359563,0.024073,0.000000,1.738220,1.336609,1.168041,1.234169,1.673227,0.852900,1.069818,0.407759,0.444487,0.165159,-0.005977,0.059592,0.369570,0.712678,0.254559,0.631920,0.488793,0.311063,0.144840,0.314236,0.357577,-0.209677,-0.019886,0.824335,0.760284,0.478822,0.328874,-0.053503,-0.098722,0.450107,0.371924,0.075537,0.172880,-0.075864,0.020627,0.478438,0.122186,0.418326,0.335370,0.138720,0.220705,-0.069679,0.021977,-0.152135,-0.192063,-0.040200,0.061704
0.320257,0.216023,0.109008,0.286653,-0.192361,-0.192703,0.285281,0.287956,0.258329,-0.041881,0.214005,0.154010,0.370339,0.127686,-0.069854,-0.074145,0.684555,0.459752,0.276972,0.035095,0.359720,0.117571,-0.142582,0.055998,-0.057713,-0.110161,-0.113896,-0.210661,0.625538,0.363668,0.190832,0.156502,0.553846,0.557797,0.096561,0.228424,0.250631,0.213775,0.173101,0.210103,0.472181,0.089648,1.738220,0.000000,1.110760,1.036772,1.274389,1.962641,0.864899,1.142795,0.626618,0.673706,0.286898,0.110695,0.075914,0.466839,0.719371,0.265109,0.569620,0.396048,0.291358,0.144916,0.383208,0.374203,-0.124596,0.079630,0.872407,0.809148,0.464220,0.289794,-0.103553,-0.099149,0.447110,0.376855,0.073561,0.168673,-0.097081,0.031721,0.527310,0.223129,0.455699,0.382281,0.156009,0.308427,0.002327,0.105660,-0.137794,-0.105229,-0.095890,0.036874
0.268624,0.141844,0.028596,0.208062,-0.133715,-0.150489,0.302143,0.223884,0.252179,-0.082117,0.070309,0.051134,0.410936,0.153434,-0.167526,-0.188141,0.625058,0.290881,0.202270,-0.009960,0.319273,0.076288,-0.233153,-0.090681,-0.037380,-0.120747,-0.091101,-0.201244,0.584686,0.286738,0.219902,0.151369,0.635075,0.625824,0.021304,0.177425,0.088282,0.085069,0.033210,0.037762,0.254276,-0.029141,1.336609,1.110760,0.000000,1.963500,0.824445,1.149875,0.797799,1.023605,0.159940,0.278976,-0.073556,-0.173887,-0.103571,0.208304,0.676889,0.176794,0.711232,0.579714,0.406343,0.238427,0.301977,0.433298,-0.289426,-0.069425,0.900037,0.787062,0.460749,0.239350,-0.128244,-0.230177,0.418459,0.325841,0.061416,0.189174,0.079454,0.161091,0.413450,0.024467,0.355610,0.229341,0.061389,0.142304,-0.213444,-0.119408,-0.294804,-0.271051,-0.133467,-0.023427
0.296909,0.250464,0.118888,0.295392,-0.066598,-0.105979,0.377968,0.293207,0.328677,-0.028799,0.176226,0.128598,0.483713,0.234756,-0.037287,-0.068111,0.628578,0.358501,0.259193,0.068327,0.367864,0.100971,-0.172296,-0.017060,0.047013,-0.039321,-0.014648,-0.171826,0.556255,0.349215,0.285735,0.227542,0.694597,0.735002,0.087206,0.192540,0.042324,0.124961,0.059089,0.138058,0.295566,-0.000787,1.168041,1.036772,1.963500,0.000000,0.676774,1.008992,0.705643,0.932726,0.173882,0.301928,-0.032605,-0.102657,-0.160002,0.198266,0.656516,0.287668,0.702003,0.646821,0.427317,0.327899,0.359877,0.541256,-0.185002,0.036569,0.962856,0.870704,0.520684,0.329930,-0.137193,-0.212050,0.414889,0.341992,0.072989,0.217901,0.086511,0.163971,0.499488,0.130026,0.431603,0.304759,0.127671,0.198195,-0.120399,-0.017814,-0.266195,-0.268934,-0.051586,0.050906
0.204503,0.158760,0.000811,0.225146,-0.173408,-0.177482,0.126914,0.191378,0.204883,-0.092805,-0.030036,0.072377,0.130342,-0.020699,-0.212228,-0.225498,0.403164,0.312369,0.288327,0.054632,0.169983,0.022129,-0.183310,-0.005076,-0.154567,-0.113132,-0.136197,-0.195041,0.377379,0.214276,-0.007509,-0.020149,0.271162,0.288815,0.013014,0.183231,0.254796,0.190918,0.143118,0.102700,0.292148,0.130333,1.234169,1.274389,0.824445,0.676774,0.000000,1.569184,0.799126,0.983483,0.599163,0.622253,0.397887,0.167403,0.341433,0.617952,0.543061,0.133538,0.433921,0.334881,0.080938,0.029144,0.107719,0.118898,-0.262175,-0.024713,0.603178,0.603205,0.467137,0.194686,-0.125697,-0.153332,0.310514,0.285814,0.048495,0.046156,-0.081999,0.019500,0.313810,0.091994,0.221392,0.266939,0.047399,0.168703,-0.081974,-0.000440,-0.153259,-0.054693,-0.078765,0.043467
0.251864,0.189178,0.048391,0.258850,-0.144185,-0.138973,0.243363,0.265221,0.304144,-0.049724,0.088307,0.103331,0.296763,0.059098,-0.106067,-0.153068,0.602007,0.427830,0.293503,0.034103,0.326517,0.098329,-0.213049,-0.019271,-0.049174,-0.080313,-0.107143,-0.208952,0.578052,0.334306,0.138350,0.084136,0.499442,0.511219,0.088044,0.240180,0.258371,0.234735,0.163872,0.187821,0.382397,0.120598,1.673227,1.962641,1.149875,1.008992,1.569184,0.000000,0.861384,1.147134,0.564877,0.625765,0.273550,0.090505,0.157207,0.534929,0.672186,0.210690,0.568467,0.424943,0.254298,0.146629,0.307198,0.312424,-0.193012,0.056005,0.876221,0.834838,0.493740,0.267908,-0.153148,-0.162598,0.446942,0.391709,0.090521,0.163782,-0.038922,0.082532,0.465390,0.197302,0.380981,0.361854,0.124810,0.268139,-0.061301,0.046805,-0.209743,-0.092733,-0.095873,0.030970
