0.000000,0.687955,0.300733,0.546754,-0.300828,-0.119494,0.187363,0.432266,-0.031470,0.221694,0.304677,0.363591,0.208398,0.188892,0.195324,0.191243,0.138430,0.380288,0.811472,0.828406,0.005416,-0.154593,0.262946,0.356250,-0.334213,0.068736,0.308812,0.224774,0.063962,0.121372,0.168391,0.126222,0.794441,0.792337,0.429849,0.508599,0.021022,-0.148836,0.224653,0.133776,-0.055718,-0.062707,0.547798,0.499815,0.693876,0.638900,0.624501,0.450867,0.557530,0.417005,0.478515,0.356537,0.689872,0.588122,0.717958,0.409565,0.864352,0.563234,0.462100,0.517966,0.704624,0.522523,0.482922,0.416523,0.081569,-0.001380,0.846722,0.763175,0.862826,1.031226,-0.174832,-0.163211,0.015490,0.053190,0.432926,0.109259,0.181149,0.077753,-0.128333,-0.014233,0.333910,0.339563,0.166784,0.134522,0.400812,0.108198,0.283401,0.049772,0.527398,0.610032
0.687955,0.000000,0.436698,0.673043,-0.325361,-0.118967,0.154690,0.537022,0.182010,0.254571,0.185544,0.270560,-0.224641,0.132581,0.041225,0.101297,-0.112730,0.160817,0.923651,0.943478,-0.053861,0.032416,0.245300,0.298524,-0.456387,-0.055400,0.668552,0.578610,-0.111343,0.009844,0.280571,0.249831,0.806139,0.950261,0.150057,0.351968,-0.165512,-0.260955,0.408113,0.240986,-0.178335,0.015176,0.341835,0.356535,0.376241,0.331634,0.463355,0.395521,0.231928,0.179893,0.150891,0.144263,0.379763,0.514314,0.445963,0.332457,0.788126,1.688018,0.261075,0.482050,0.196427,0.366261,0.159449,0.327554,-0.129836,-0.265496,0.310391,0.285787,0.900964,0.805377,-0.021953,0.153224,0.073332,0.187705,0.395943,0.106735,0.162704,0.171202,-0.110987,-0.192305,0.173909,0.148347,0.067667,-0.123353,0.095079,-0.219419,0.207763,-0.108696,0.415118,0.384476
0.300733,0.436698,0.000000,1.234873,0.281443,0.393070,1.107292,1.063557,0.416206,0.390448,-0.034072,0.421873,0.056603,0.214013,0.406364,0.289084,-0.435624,-0.357925,0.788245,0.717572,-0.148246,-0.198121,1.359478,1.269252,0.241565,0.526975,0.567510,0.655574,-0.268281,-0.224930,0.787467,0.809154,0.523028,0.465365,0.233364,0.196597,-0.151226,-0.426122,0.131489,-0.084152,-0.167871,-0.248816,0.093323,-0.157623,-0.013964,-0.071132,0.019341,-0.080634,-0.205385,-0.405674,-0.243612,-0.434777,-0.030437,-0.034202,0.019711,-0.195355,0.121174,0.442019,0.037708,-0.041085,-0.233556,-0.165372,-0.462487,-0.306821,0.328745,0.061919,0.128523,-0.129794,0.264184,0.138539,0.098994,0.255451,-0.114331,-0.113585,0.120758,0.152790,-0.146842,-0.158086,-0.406870,-0.282092,-0.334717,-0.356426,0.035313,-0.280574,-0.030025,-0.288416,0.205086,-0.242659,0.520883,0.244508
0.546754,0.673043,1.234873,0.000000,-0.092618,0.063828,0.710343,1.287397,0.258630,0.461516,0.132629,0.482597,-0.003709,0.198806,0.253582,0.243248,-0.310208,-0.188594,1.032298,1.031578,-0.059339,-0.078712,0.853439,1.149170,-0.141493,0.192643,0.519487,0.553247,-0.212308,-0.111938,0.676931,0.669629,0.734666,0.684368,0.228596,0.284154,-0.133644,-0.364387,0.200537,-0.011034,-0.194148,-0.148402,0.202644,0.014195,0.194255,0.116800,0.172338,0.025746,-0.020163,-0.166338,-0.067747,-0.185112,0.125289,0.123206,0.157011,-0.049988,0.390424,0.620668,0.138496,0.154795,-0.012934,0.044373,-0.144717,-0.080123,0.219814,0.045643,0.302413,0.114993,0.543477,0.428439,0.129642,0.271583,-0.020071,0.015011,0.244844,0.189670,-0.077843,-0.062006,-0.356244,-0.284785,-0.125758,-0.131086,0.023147,-0.213645,0.083168,-0.182037,0.208366,-0.207817,0.633907,0.366061
-0.300828,-0.325361,0.281443,-0.092618,0.000000,1.092736,0.337104,-0.032512,0.619453,0.156788,-0.636211,0.012297,0.231808,0.104884,0.642647,0.447218,-0.252160,-0.334025,-0.016239,0.008057,-0.107744,-0.170616,0.389471,0.264121,1.436474,0.785763,0.227881,0.280378,-0.050307,-0.209835,0.146355,0.193023,-0.296900,-0.335963,0.140522,0.054410,0.153637,0.017683,0.036648,-0.114876,0.216457,-0.120583,-0.010200,-0.188887,-0.367809,-0.264414,-0.087655,0.022424,-0.285191,-0.322356,-0.138025,-0.266011,-0.055690,-0.077357,-0.048563,-0.070324,-0.712913,-0.354372,-0.069319,-0.137407,-0.392942,-0.175647,-0.485279,-0.420195,0.266991,0.313402,-0.032927,-0.124374,-0.203759,-0.274972,-0.178576,-0.137111,-0.069396,-0.222732,-0.042681,0.118827,0.047344,-0.125796,-0.077885,-0.096406,-0.202375,-0.236367,0.363170,0.176539,0.167228,0.166328,0.216587,0.152678,0.032883,0.113823
-0.119494,-0.118967,0.393070,0.063828,1.092736,0.000000,0.435098,0.134065,0.560733,0.158699,-0.374270,0.223034,0.294921,0.077387,0.528143,0.441032,-0.292348,-0.189491,0.128883,0.118893,-0.155359,-0.203483,0.557882,0.401582,0.977522,0.871731,0.308017,0.446539,-0.181743,-0.053372,0.173722,0.373525,-0.109827,-0.105101,0.195999,0.024619,-0.129029,-0.088772,-0.023408,-0.051347,0.004727,-0.132401,-0.020491,-0.164531,-0.350195,-0.148843,-0.033897,-0.012015,-0.320978,-0.365576,-0.154114,-0.314144,-0.025006,-0.001487,-0.026148,-0.100922,-0.435140,-0.146135,-0.029151,-0.108310,-0.232353,-0.051516,-0.420339,-0.283389,0.307412,0.342233,0.004895,-0.090165,-0.140393,-0.176716,-0.147432,-0.059566,-0.187886,-0.192468,-0.077731,0.144375,-0.012434,-0.149211,-0.134264,0.046237,-0.300773,-0.252543,0.123775,0.019010,0.121479,0.026540,0.161057,0.112501,0.196945,0.152917
0.187363,0.154690,1.107292,0.710343,0.337104,0.435098,0.000000,0.936526,0.349805,0.244468,0.173434,0.644812,0.332342,0.454029,0.299890,0.248987,-0.202990,-0.131211,0.407570,0.366149,-0.088283,-0.244707,1.039663,0.970998,0.377984,0.570582,0.275280,0.338751,-0.087160,0.024022,0.759058,0.838926,0.442244,0.380903,0.150902,0.030973,-0.061918,-0.237704,-0.024526,-0.166575,-0.002693,-0.241135,-0.019234,-0.199200,-0.052525,-0.032903,-0.083485,-0.217345,-0.176201,-0.336642,-0.211622,-0.367721,-0.093786,-0.177412,-0.063152,-0.283254,0.010496,0.156340,0.021318,-0.126047,0.001123,-0.005431,-0.256518,-0.172003,0.532249,0.378722,0.099273,-0.070455,-0.010102,-0.037716,0.129340,0.273389,-0.153846,-0.075541,0.001345,0.068986,-0.125495,-0.127187,-0.165445,-0.064216,-0.315492,-0.169637,-0.055330,-0.196193,-0.040446,-0.042183,0.207131,-0.140136,0.339841,0.152019
0.432266,0.537022,1.063557,1.287397,-0.032512,0.134065,0.936526,0.000000,0.293977,0.414542,0.120795,0.644094,0.040222,0.335460,0.191252,0.233755,-0.250509,-0.093147,0.763812,0.710830,-0.090416,-0.147050,0.834107,0.985789,-0.075936,0.207357,0.426532,0.509842,-0.190130,0.032291,0.706159,0.788806,0.793935,0.834334,0.044566,0.043817,-0.227741,-0.359421,0.115880,-0.048070,-0.210265,-0.183938,0.088600,-0.100923,0.060872,0.071427,0.066410,-0.078931,-0.073748,-0.196332,-0.154404,-0.271579,0.013435,-0.006423,0.073729,-0.134545,0.294944,0.521782,0.100515,0.171744,0.101013,0.237859,-0.145264,0.058166,0.273635,0.198532,0.137787,0.030747,0.238629,0.254730,0.133648,0.271788,-0.105846,0.032235,0.123370,0.129236,-0.166481,-0.170408,-0.277341,-0.128804,-0.197587,-0.117967,-0.048388,-0.261578,-0.087262,-0.226062,0.108007,-0.284128,0.447901,0.235933
-0.031470,0.182010,0.416206,0.258630,0.619453,0.560733,0.349805,0.293977,0.000000,0.794879,-0.270735,0.031060,0.090124,-0.078321,0.725856,0.754570,-0.003804,-0.062774,0.280312,0.351360,0.085256,0.023361,0.318139,0.364127,0.356476,0.455646,0.635797,0.735548,0.094466,0.013186,0.370731,0.429030,0.047363,0.161498,0.277811,0.205913,0.136071,0.113691,0.372181,0.226998,0.164226,0.137453,0.373181,0.236722,0.036774,0.129676,0.266884,0.332485,-0.027488,-0.101877,0.123652,-0.070089,0.212155,0.329339,0.233417,0.201893,-0.211270,0.185807,-0.028890,0.010892,-0.256755,-0.027608,-0.216932,-0.233958,0.375727,0.162704,0.164614,0.071270,0.218171,0.137684,-0.056727,0.135784,0.248146,0.232755,0.334465,0.414893,0.259111,0.044727,-0.051699,0.007081,0.110001,0.007208,0.459127,0.117628,0.354208,0.180510,0.255237,0.146859,0.388391,0.390331
0.221694,0.254571,0.390448,0.461516,0.156788,0.158699,0.244468,0.414542,0.794879,0.000000,-0.104838,-0.045297,-0.152679,-0.069239,0.628526,0.533694,-0.046577,-0.033961,0.423979,0.511063,0.088721,-0.087342,0.144590,0.343861,0.050198,0.252196,0.618928,0.645666,0.023426,-0.008108,0.292347,0.172263,0.113851,0.205113,0.135389,0.413871,0.256536,0.017454,0.364484,0.117316,0.167222,-0.029121,0.512710,0.289562,0.307803,0.279575,0.450862,0.416405,0.197803,0.138728,0.218211,0.174965,0.371426,0.460641,0.450844,0.311236,0.074287,0.232159,0.315192,0.309697,-0.024975,0.169363,0.006992,-0.024114,0.154212,0.059334,0.356146,0.300036,0.361828,0.389966,-0.124079,0.005850,0.183173,0.285169,0.485587,0.297576,0.202130,0.010726,-0.270083,-0.230313,0.122785,0.052945,0.320332,-0.017254,0.239844,0.201428,0.324081,0.015772,0.647546,0.687531
0.304677,0.185544,-0.034072,0.132629,-0.636211,-0.374270,0.173434,0.120795,-0.270735,-0.104838,0.000000,0.354083,0.382276,0.250645,-0.138863,-0.077059,0.436701,0.574634,-0.065066,-0.063312,0.231068,0.242786,-0.049485,-0.045973,-0.527588,-0.253832,-0.151679,-0.215524,0.307440,0.488613,0.157571,0.149330,0.309715,0.289228,0.002959,-0.038133,-0.129627,0.173603,0.020625,0.310994,-0.025182,0.228357,0.129145,0.247515,0.467825,0.438848,0.224548,0.019553,0.394166,0.362815,0.264411,0.295347,0.160308,0.066872,0.131780,0.117874,0.571859,0.211335,0.156861,0.016444,0.533941,0.129930,0.487964,0.333188,0.124394,0.038105,0.171686,0.163826,0.084968,0.092829,0.456897,0.487462,0.235590,0.328105,0.129070,0.099264,0.128886,0.340784,0.308826,0.325469,0.250196,0.435178,-0.123838,0.072175,0.079515,0.139085,0.023787,0.181597,0.086676,-0.019705
0.363591,0.270560,0.421873,0.482597,0.012297,0.223034,0.644812,0.644094,0.031060,-0.045297,0.354083,0.000000,0.567962,0.941848,0.132042,0.289741,-0.206252,0.221800,0.259196,0.238096,-0.110169,-0.023002,0.528922,0.666492,0.067619,0.209104,0.184625,0.193283,-0.090667,0.186807,0.507202,0.670689,0.491894,0.426348,0.172937,0.060280,-0.120981,-0.196423,-0.072120,-0.070890,-0.057161,-0.164418,-0.095197,-0.148546,-0.035158,0.041370,0.036998,-0.106210,-0.029358,-0.089830,-0.001102,-0.100870,0.104505,-0.067719,0.088457,-0.159270,0.157283,0.204105,0.068765,0.083719,0.346331,0.346905,0.000698,0.137933,0.390806,0.588235,0.175929,0.187356,0.001432,0.074168,0.213264,0.295427,-0.249464,-0.114403,-0.075164,-0.087190,-0.086511,-0.017062,0.034180,0.122432,-0.206488,0.029937,-0.032860,0.005071,0.119207,0.155384,0.235145,0.015760,0.323788,0.145293
0.208398,-0.224641,0.056603,-0.003709,0.231808,0.294921,0.332342,0.040222,0.090124,-0.152679,0.382276,0.567962,0.000000,0.406992,0.328183,0.380899,0.189984,0.360082,-0.022965,-0.056168,0.139003,0.063204,0.346589,0.267906,0.280366,0.341201,-0.214143,-0.196558,0.226253,0.299484,0.271180,0.330234,0.016412,-0.045332,0.453521,0.024336,0.012859,0.160382,-0.132234,0.054354,0.057463,0.065464,0.066503,0.066596,0.074277,0.154822,0.078083,-0.005332,0.093957,-0.009076,0.176746,-0.038106,0.081267,-0.117510,0.009254,-0.086417,-0.131702,-0.266762,-0.176813,-0.260912,0.294248,0.001023,0.078717,-0.102759,0.692330,0.579436,0.208351,0.154337,-0.073737,-0.040231,0.202930,0.148023,0.011447,0.016525,-0.109099,0.136470,0.130111,0.106903,0.231670,0.496997,0.033126,0.213082,0.121647,0.345890,0.539302,0.367342,0.160072,0.319173,0.098409,0.023413
0.188892,0.132581,0.214013,0.198806,0.104884,0.077387,0.454029,0.335460,-0.078321,-0.069239,0.250645,0.941848,0.406992,0.000000,0.193250,0.260322,-0.137380,0.314850,0.037093,0.082412,-0.067240,0.032720,0.206116,0.281632,0.113839,0.192328,0.068374,-0.024511,0.090395,0.214029,0.310477,0.239222,0.241138,0.189861,-0.075945,0.080678,0.127288,-0.110246,-0.021150,-0.105640,0.208346,-0.141693,0.005194,-0.092592,0.085723,0.095018,0.143303,0.040470,0.151532,0.154772,0.054651,0.119045,0.176383,-0.011945,0.206723,0.024744,0.024628,0.010828,0.156939,0.214548,0.298628,0.390481,0.125773,0.314776,0.098269,0.353356,0.112269,0.231324,-0.091094,0.017524,0.024029,0.108813,-0.142145,-0.039945,-0.060449,-0.184149,-0.065023,-0.014250,0.069164,-0.017558,-0.093733,0.169013,0.112101,0.191567,0.012103,0.329349,0.291440,0.153310,0.116768,0.174719
0.195324,0.041225,0.406364,0.253582,0.642647,0.528143,0.299890,0.191252,0.725856,0.628526,-0.138863,0.132042,0.328183,0.193250,0.000000,1.080848,0.011052,0.030645,0.271673,0.323811,0.050363,-0.030400,0.393955,0.431459,0.489061,0.613452,0.556418,0.468776,0.185046,0.005545,0.404088,0.234820,-0.028557,-0.009899,0.269801,0.359684,0.323897,0.140778,0.431886,0.312088,0.420472,0.040516,0.433938,0.194782,0.140102,0.150058,0.436466,0.400694,0.146162,0.041882,0.283178,0.095867,0.492774,0.375523,0.497611,0.381021,-0.103419,0.013031,0.182980,0.076859,-0.023692,0.041139,-0.112459,-0.155986,0.333312,0.223622,0.297821,0.196355,0.178076,0.177362,-0.145933,-0.043310,0.217776,0.143478,0.444933,0.352665,0.265345,0.064632,-0.094427,-0.089253,0.149427,0.098308,0.693031,0.379769,0.532929,0.447650,0.689288,0.521799,0.609080,0.685068
0.191243,0.101297,0.289084,0.243248,0.447218,0.441032,0.248987,0.233755,0.754570,0.533694,-0.077059,0.289741,0.380899,0.260322,1.080848,0.000000,0.044965,0.151583,0.265408,0.339607,0.110408,0.091705,0.317077,0.422032,0.306215,0.535376,0.571089,0.462153,0.243070,0.191440,0.471703,0.366345,-0.000012,0.070162,0.234917,0.186394,0.212803,0.133485,0.394582,0.337736,0.236010,0.092933,0.352335,0.184604,0.119949,0.211048,0.424871,0.371787,0.137983,0.060276,0.324101,0.138874,0.504864,0.417383,0.496483,0.363514,-0.046580,0.047394,0.050304,0.010235,0.026678,0.100361,0.003314,-0.085717,0.356387,0.344354,0.251502,0.245417,0.222998,0.249880,-0.083041,0.035119,0.231143,0.290569,0.362338,0.390788,0.238086,0.075901,-0.050631,0.101535,0.171975,0.235138,0.567135,0.423688,0.586005,0.544262,0.629019,0.524233,0.586816,0.717240
0.138430,-0.112730,-0.435624,-0.310208,-0.252160,-0.292348,-0.202990,-0.250509,-0.003804,-0.046577,0.436701,-0.206252,0.189984,-0.137380,0.011052,0.044965,0.000000,0.820235,-0.251261,-0.146138,0.296500,0.180719,-0.396549,-0.447225,-0.320509,-0.214707,-0.232721,-0.321622,0.938651,0.667393,-0.065363,-0.155859,0.052202,0.108038,0.011438,-0.042821,0.265189,0.743670,0.271020,0.482500,0.270729,0.712515,0.381610,0.645024,0.529613,0.538580,0.420775,0.381450,0.628384,0.612781,0.637247,0.586668,0.398139,0.362701,0.362175,0.542597,0.228861,-0.106325,0.066538,0.048719,0.348696,0.144431,0.775098,0.412619,-0.046417,-0.182297,0.255697,0.334812,0.167516,0.174630,-0.013878,-0.034486,0.650744,0.594257,0.438434,0.330422,0.381648,0.336998,0.675531,0.495740,1.019960,0.937847,0.220499,0.490144,0.357310,0.372662,-0.075266,0.367926,-0.271667,-0.010114
0.380288,0.160817,-0.357925,-0.188594,-0.334025,-0.189491,-0.131211,-0.093147,-0.062774,-0.033961,0.574634,0.221800,0.360082,0.314850,0.030645,0.151583,0.820235,0.000000,-0.089091,0.007332,0.187544,0.207565,-0.294915,-0.294163,-0.385095,-0.131387,-0.118954,-0.214794,0.609966,0.813667,0.000651,-0.022363,0.274459,0.369353,0.040717,0.043388,0.065210,0.436413,0.163566,0.422111,0.142550,0.500876,0.419785,0.646904,0.624254,0.738321,0.635945,0.505895,0.767236,0.828034,0.725773,0.715360,0.564704,0.491435,0.563716,0.582554,0.341749,0.085804,0.178107,0.338403,0.613076,0.569771,0.871170,0.823401,-0.077436,-0.019394,0.385113,0.629644,0.231243,0.366620,0.024055,0.015219,0.319681,0.505505,0.272996,0.267140,0.403924,0.414086,0.533379,0.619559,0.650461,0.970244,0.073897,0.431912,0.259580,0.370125,-0.021816,0.331415,-0.132088,0.140156
0.811472,0.923651,0.788245,1.032298,-0.016239,0.128883,0.407570,0.763812,0.280312,0.423979,-0.065066,0.259196,-0.022965,0.037093,0.271673,0.265408,-0.251261,-0.089091,0.000000,1.768919,-0.088316,-0.222152,0.655066,0.755257,-0.068225,0.319440,0.587254,0.574087,-0.178874,-0.125874,0.456390,0.435051,0.750540,0.785156,0.413591,0.494992,-0.061121,-0.321318,0.241162,0.003174,-0.151123,-0.172944,0.348941,0.209585,0.277671,0.227089,0.322746,0.261389,0.103122,-0.024524,0.068168,-0.045776,0.293538,0.325285,0.297996,0.125929,0.454238,0.764201,0.136904,0.275112,0.040747,0.190147,-0.007604,0.009118,0.148462,-0.061493,0.455765,0.299454,0.879126,0.864373,-0.169228,-0.070407,-0.018284,0.063625,0.379269,0.199906,0.141783,-0.024684,-0.347375,-0.250380,-0.001477,-0.012267,0.036834,-0.105011,0.237867,-0.141180,0.233109,-0.160252,0.580621,0.533692
0.828406,0.943478,0.717572,1.031578,0.008057,0.118893,0.366149,0.710830,0.351360,0.511063,-0.063312,0.238096,-0.056168,0.082412,0.323811,0.339607,-0.146138,0.007332,1.768919,0.000000,-0.019273,-0.120257,0.523135,0.663891,-0.119535,0.267371,0.665198,0.583449,-0.066407,-0.057969,0.393745,0.362978,0.772611,0.802152,0.344167,0.513670,0.001631,-0.216756,0.354000,0.089450,-0.094629,-0.065931,0.475344,0.331495,0.392896,0.336288,0.493406,0.406332,0.237064,0.137733,0.221315,0.132036,0.443830,0.529819,0.486110,0.322251,0.453541,0.732779,0.232654,0.431773,0.055614,0.269479,0.111015,0.132525,0.036173,-0.099683,0.581402,0.467756,1.133803,1.020468,-0.159583,-0.055400,0.108748,0.146482,0.525906,0.285209,0.220109,0.065020,-0.258721,-0.233788,0.172210,0.142873,0.169498,0.003244,0.298428,-0.024790,0.266141,-0.061781,0.536615,0.662578
0.005416,-0.053861,-0.148246,-0.059339,-0.107744,-0.155359,-0.088283,-0.090416,0.085256,0.088721,0.231068,-0.110169,0.139003,-0.067240,0.050363,0.110408,0.296500,0.187544,-0.088316,-0.019273,0.000000,0.726923,-0.220247,-0.211684,-0.096433,-0.030235,0.009568,-0.125932,0.539200,0.544280,0.088401,-0.096598,-0.024895,-0.076521,-0.074514,0.044126,0.197974,0.459878,0.223047,0.411844,0.278827,0.439676,0.154848,0.218085,0.219349,0.226489,0.073152,0.153208,0.262937,0.306432,0.272693,0.344323,0.182884,0.169919,0.132182,0.268091,0.061411,-0.063709,-0.172909,-0.027532,-0.003617,-0.004963,0.320076,0.216171,-0.098939,-0.099142,-0.052054,0.077714,0.091483,0.066160,0.400273,0.283650,0.501417,0.480316,0.216944,0.282079,0.214118,0.108183,0.103604,0.374311,0.426728,0.502100,0.275664,0.468778,0.142224,0.276941,0.088553,0.316133,-0.031803,0.063537
-0.154593,0.032416,-0.198121,-0.078712,-0.170616,-0.203483,-0.244707,-0.147050,0.023361,-0.087342,0.242786,-0.023002,0.063204,0.032720,-0.030400,0.091705,0.180719,0.207565,-0.222152,-0.120257,0.726923,0.000000,-0.289300,-0.273711,-0.240440,-0.240616,-0.030997,-0.116550,0.296725,0.348986,0.086998,-0.057187,-0.110176,-0.128871,-0.186236,0.014437,0.002037,0.342901,0.281239,0.453824,0.087681,0.589709,0.094523,0.144139,0.155211,0.067958,0.077402,0.174363,0.167165,0.215184,0.213685,0.258814,0.123120,0.129896,0.095630,0.236439,0.103982,0.036978,-0.102695,-0.028077,-0.054966,-0.129236,0.166044,0.154415,-0.160849,-0.135506,-0.153785,-0.066198,0.030988,-0.078559,0.732627,0.621763,0.566406,0.447818,0.193016,0.334687,0.243996,0.353915,0.174627,0.292503,0.349941,0.369293,0.210510,0.350585,0.093186,0.137665,-0.025553,0.290262,-0.143200,-0.112192
0.262946,0.245300,1.359478,0.853439,0.389471,0.557882,1.039663,0.834107,0.318139,0.144590,-0.049485,0.528922,0.346589,0.206116,0.393955,0.317077,-0.396549,-0.294915,0.655066,0.523135,-0.220247,-0.289300,0.000000,1.460142,0.405644,0.633902,0.357428,0.453824,-0.288161,-0.204357,0.768659,0.960769,0.432841,0.366251,0.379605,0.083485,-0.194741,-0.340513,0.037635,-0.086270,-0.171007,-0.263712,-0.021077,-0.233546,-0.145833,-0.132727,-0.085414,-0.197180,-0.288999,-0.530967,-0.268019,-0.587294,-0.126457,-0.193436,-0.097541,-0.308527,-0.024467,0.243350,-0.128909,-0.211630,-0.164683,-0.171397,-0.522202,-0.403624,0.530482,0.255669,0.075929,-0.168124,0.105569,0.034791,0.088167,0.193203,-0.196841,-0.206709,-0.035207,0.122356,-0.118479,-0.138978,-0.302157,-0.081751,-0.442870,-0.393790,-0.060771,-0.253667,0.085388,-0.256797,0.186801,-0.156966,0.403837,0.131022
0.356250,0.298524,1.269252,1.149170,0.264121,0.401582,0.970998,0.985789,0.364127,0.343861,-0.045973,0.666492,0.267906,0.281632,0.431459,0.422032,-0.447225,-0.294163,0.755257,0.663891,-0.211684,-0.273711,1.460142,0.000000,0.280844,0.537930,0.472417,0.547338,-0.289676,-0.209490,0.837334,0.963999,0.487282,0.413580,0.424386,0.232264,-0.054731,-0.350275,0.101900,-0.141976,-0.090554,-0.301785,0.046553,-0.179167,-0.057458,-0.079014,0.017953,-0.119949,-0.226907,-0.446131,-0.174295,-0.429560,-0.003283,-0.091777,0.026720,-0.255297,0.057101,0.278353,0.005103,-0.084682,-0.067503,-0.045852,-0.399932,-0.355873,0.583164,0.418453,0.237890,0.031341,0.206707,0.177344,0.024026,0.159991,-0.224611,-0.196157,0.038898,0.081563,-0.110505,-0.147875,-0.328151,-0.228388,-0.384897,-0.327986,0.008573,-0.211937,0.174396,-0.057651,0.294826,-0.143698,0.649049,0.325694
-0.334213,-0.456387,0.241565,-0.141493,1.436474,0.977522,0.377984,-0.075936,0.356476,0.050198,-0.527588,0.067619,0.280366,0.113839,0.489061,0.306215,-0.320509,-0.385095,-0.068225,-0.119535,-0.096433,-0.240440,0.405644,0.280844,0.000000,0.912286,0.112410,0.140042,-0.049501,-0.161112,0.173649,0.176559,-0.342603,-0.442130,0.176734,0.057594,0.196371,-0.001923,-0.119722,-0.220930,0.269806,-0.227284,-0.122114,-0.283574,-0.418716,-0.332771,-0.216391,-0.121303,-0.323846,-0.394223,-0.184874,-0.321414,-0.141849,-0.256585,-0.190329,-0.263769,-0.733676,-0.461276,-0.133135,-0.296111,-0.376965,-0.237152,-0.533835,-0.491339,0.357732,0.384942,-0.096696,-0.202283,-0.361894,-0.393021,-0.183858,-0.196283,-0.205887,-0.301089,-0.148884,-0.000382,-0.063916,-0.231462,-0.106607,-0.052030,-0.358981,-0.323233,0.177662,0.130838,0.109748,0.148391,0.181519,0.105772,0.039238,0.015609
0.068736,-0.055400,0.526975,0.192643,0.785763,0.871731,0.570582,0.207357,0.455646,0.252196,-0.253832,0.209104,0.341201,0.192328,0.613452,0.535376,-0.214707,-0.131387,0.319440,0.267371,-0.030235,-0.240616,0.633902,0.537930,0.912286,0.000000,0.384718,0.379890,0.071810,0.041962,0.405360,0.375822,0.018780,0.000876,0.338622,0.255771,0.088991,-0.060331,0.089147,-0.073540,0.160407,-0.153985,0.176479,-0.007352,-0.040157,0.051050,0.058940,0.065582,-0.065496,-0.205845,-0.000585,-0.166329,0.090204,0.001221,0.043758,-0.097236,-0.257182,-0.088662,-0.110473,-0.200466,-0.186085,-0.062450,-0.243451,-0.280054,0.422911,0.330742,0.145514,0.058542,-0.014403,0.003861,-0.211254,-0.144188,-0.076480,-0.018621,0.097085,0.164058,0.017366,-0.153055,-0.206992,-0.037515,-0.171168,-0.088610,0.187751,0.197191,0.254287,0.207934,0.216598,0.113063,0.264405,0.320444
0.308812,0.668552,0.567510,0.519487,0.227881,0.308017,0.275280,0.426532,0.635797,0.618928,-0.151679,0.184625,-0.214143,0.068374,0.556418,0.571089,-0.232721,-0.118954,0.587254,0.665198,0.009568,-0.030997,0.357428,0.472417,0.112410,0.384718,0.000000,1.302385,0.014844,-0.041562,0.468256,0.355759,0.378955,0.419580,0.134559,0.340697,0.003075,-0.230644,0.531838,0.251544,0.052481,-0.082677,0.365581,0.239923,0.142532,0.183119,0.433107,0.389869,0.087258,0.009541,0.154320,0.062374,0.432570,0.500149,0.475375,0.319071,0.230959,0.663563,0.238733,0.279453,-0.097242,0.163143,-0.110417,0.034386,0.010144,-0.057246,0.253655,0.176513,0.494296,0.383151,-0.156873,0.037398,0.057397,0.156352,0.458335,0.167672,0.046855,-0.020691,-0.143219,-0.212026,0.092512,-0.013437,0.353815,0.010133,0.204700,0.002829,0.439310,-0.024610,0.621750,0.581717
0.224774,0.578610,0.655574,0.553247,0.280378,0.446539,0.338751,0.509842,0.735548,0.645666,-0.215524,0.193283,-0.196558,-0.024511,0.468776,0.462153,-0.321622,-0.214794,0.574087,0.583449,-0.125932,-0.116550,0.453824,0.547338,0.140042,0.379890,1.302385,0.000000,-0.190778,-0.133454,0.468160,0.486666,0.351810,0.424049,0.185792,0.263535,-0.134329,-0.404077,0.379482,0.067173,-0.134261,-0.196167,0.312170,0.123610,0.024308,0.097597,0.272344,0.285680,-0.093045,-0.211417,-0.035245,-0.193170,0.229933,0.326944,0.282531,0.081776,0.122742,0.618674,0.170573,0.165521,-0.133993,0.097484,-0.273717,-0.079588,0.142516,0.000626,0.185050,0.031761,0.358793,0.279238,-0.152951,0.104146,-0.061232,0.063151,0.262795,0.121894,-0.062789,-0.155994,-0.215256,-0.251134,-0.101642,-0.233961,0.270536,-0.229124,0.152197,-0.167158,0.342350,-0.226936,0.669620,0.417663
0.063962,-0.111343,-0.268281,-0.212308,-0.050307,-0.181743,-0.087160,-0.190130,0.094466,0.023426,0.307440,-0.090667,0.226253,0.090395,0.185046,0.243070,0.938651,0.609966,-0.178874,-0.066407,0.539200,0.296725,-0.288161,-0.289676,-0.049501,0.071810,0.014844,-0.190778,0.000000,0.906131,0.124117,-0.104929,0.037723,0.018747,-0.007251,0.075228,0.400629,0.644141,0.300243,0.486179,0.440866,0.576647,0.392099,0.554182,0.488411,0.526015,0.427068,0.426297,0.578422,0.581789,0.583746,0.604706,0.496101,0.337256,0.382374,0.453188,0.129351,-0.117610,-0.045092,-0.034343,0.176753,0.091442,0.672528,0.352407,0.013394,-0.077776,0.207570,0.284620,0.143479,0.113937,-0.062728,-0.068159,0.685570,0.619542,0.488685,0.353946,0.227983,0.143757,0.628849,0.460595,0.876655,0.988289,0.418523,0.906115,0.415677,0.514720,0.044187,0.433764,-0.138714,0.128951
0.121372,0.009844,-0.224930,-0.111938,-0.209835,-0.053372,0.024022,0.032291,0.013186,-0.008108,0.488613,0.186807,0.299484,0.214029,0.005545,0.191440,0.667393,0.813667,-0.125874,-0.057969,0.544280,0.348986,-0.204357,-0.209490,-0.161112,0.041962,-0.041562,-0.133454,0.906131,0.000000,0.171075,0.079833,0.193316,0.209376,-0.109272,-0.107037,0.017257,0.423129,0.127519,0.387990,0.163968,0.470228,0.242936,0.405211,0.374159,0.553611,0.314587,0.292006,0.389677,0.457027,0.370108,0.446064,0.324514,0.234859,0.261198,0.288639,0.239017,-0.004255,-0.002940,0.038108,0.366373,0.336714,0.677287,0.605636,0.012597,0.063638,0.113397,0.270237,0.052366,0.123451,0.113035,0.101932,0.388849,0.629788,0.274635,0.313987,0.098405,0.073925,0.470801,0.747479,0.513069,0.922763,0.089632,0.552417,0.173867,0.354198,-0.033728,0.297473,-0.086227,0.041427
0.168391,0.280571,0.787467,0.676931,0.146355,0.173722,0.759058,0.706159,0.370731,0.292347,0.157571,0.507202,0.271180,0.310477,0.404088,0.471703,-0.065363,0.000651,0.456390,0.393745,0.088401,0.086998,0.768659,0.837334,0.173649,0.405360,0.468256,0.468160,0.124117,0.171075,0.000000,1.198608,0.391229,0.366424,0.198239,0.108961,0.018234,-0.132253,0.302553,0.105892,0.071430,-0.029502,0.112273,-0.054996,0.044652,0.020754,0.095197,0.043638,-0.103952,-0.263954,-0.073005,-0.263569,0.095888,-0.028236,0.081412,-0.109747,0.119871,0.309974,-0.088092,-0.154019,-0.068486,-0.098891,-0.181264,-0.183724,0.429558,0.206794,0.108353,-0.061077,0.157116,0.112400,0.255358,0.387973,0.148175,0.177436,0.185034,0.240958,0.061427,0.065962,-0.013336,0.063472,-0.065984,0.014494,0.153040,0.004806,0.163998,-0.019203,0.329620,-0.057374,0.433849,0.181118
0.126222,0.249831,0.809154,0.669629,0.193023,0.373525,0.838926,0.788806,0.429030,0.172263,0.149330,0.670689,0.330234,0.239222,0.234820,0.366345,-0.155859,-0.022363,0.435051,0.362978,-0.096598,-0.057187,0.960769,0.963999,0.176559,0.375822,0.355759,0.486666,-0.104929,0.079833,1.198608,0.000000,0.465356,0.488914,0.286475,-0.010949,-0.225340,-0.207207,0.087312,0.022208,-0.136038,-0.062848,-0.001448,-0.151694,-0.088454,-0.011762,-0.006608,-0.109437,-0.258378,-0.402744,-0.190875,-0.446885,-0.098167,-0.140903,-0.091753,-0.267668,-0.005580,0.262741,-0.184946,-0.192494,-0.121357,-0.091449,-0.286970,-0.222463,0.510728,0.284581,0.089763,-0.093448,0.047840,0.031589,0.288237,0.459516,0.001439,0.037342,0.013435,0.263228,0.018778,0.061122,-0.053500,0.155020,-0.229446,-0.147528,-0.065176,-0.195801,0.066533,-0.147327,0.096000,-0.166017,0.309951,0.037778
0.794441,0.806139,0.523028,0.734666,-0.296900,-0.109827,0.442244,0.793935,0.047363,0.113851,0.309715,0.491894,0.016412,0.241138,-0.028557,-0.000012,0.052202,0.274459,0.750540,0.772611,-0.024895,-0.110176,0.432841,0.487282,-0.342603,0.018780,0.378955,0.351810,0.037723,0.193316,0.391229,0.465356,0.000000,1.667952,0.199689,0.151520,-0.156561,-0.239870,0.157779,0.097233,-0.139392,-0.014938,0.344302,0.296146,0.442955,0.427875,0.370136,0.176598,0.301292,0.170600,0.159337,0.049643,0.247968,0.224550,0.302511,0.116218,0.695284,0.831765,0.196213,0.398493,0.381824,0.501976,0.268155,0.467557,0.094991,-0.026850,0.436000,0.360528,0.593760,0.602663,0.012549,0.130309,-0.011017,0.126680,0.258955,0.133187,0.007971,0.038458,-0.029724,0.034172,0.166399,0.219240,-0.048026,-0.116262,0.033915,-0.200260,0.096170,-0.222864,0.270201,0.207055
0.792337,0.950261,0.465365,0.684368,-0.335963,-0.105101,0.380903,0.834334,0.161498,0.205113,0.289228,0.426348,-0.045332,0.189861,-0.009899,0.070162,0.108038,0.369353,0.785156,0.802152,-0.076521,-0.128871,0.366251,0.413580,-0.442130,0.000876,0.419580,0.424049,0.018747,0.209376,0.366424,0.488914,1.667952,0.000000,0.158786,0.139227,-0.230568,-0.216345,0.206711,0.168065,-0.191422,0.041755,0.385953,0.354688,0.457849,0.498506,0.428658,0.237031,0.348953,0.237167,0.228344,0.107608,0.307486,0.354351,0.366069,0.216230,0.674926,0.903867,0.184798,0.434428,0.369286,0.560043,0.299240,0.521368,0.033141,-0.090881,0.411850,0.386142,0.601645,0.678444,-0.015665,0.119849,0.039899,0.210992,0.333989,0.195637,0.101606,0.089574,-0.040564,0.063464,0.203360,0.247377,-0.051457,-0.143768,0.021866,-0.205059,0.036569,-0.220229,0.254845,0.263458
0.429849,0.150057,0.233364,0.228596,0.140522,0.195999,0.150902,0.044566,0.277811,0.135389,0.002959,0.172937,0.453521,-0.075945,0.269801,0.234917,0.011438,0.040717,0.413591,0.344167,-0.074514,-0.186236,0.379605,0.424386,0.176734,0.338622,0.134559,0.185792,-0.007251,-0.109272,0.198239,0.286475,0.199689,0.158786,0.000000,0.746373,0.230623,0.087523,0.095824,0.055181,0.059414,0.035550,0.421546,0.402792,0.291555,0.278492,0.296143,0.327747,0.119118,-0.055330,0.221346,-0.078973,0.187412,0.155760,0.160906,0.019610,-0.005122,0.116230,-0.028809,-0.073097,0.115141,-0.047819,-0.067310,-0.324407,0.722097,0.314659,0.629028,0.375917,0.348945,0.377129,-0.143324,-0.049143,0.017444,-0.121145,0.118356,0.231798,0.346555,0.120673,0.019155,0.024030,0.092300,-0.000797,0.122294,0.117890,0.790529,0.203206,0.101759,0.055919,0.376341,0.276558
0.508599,0.351968,0.196597,0.284154,0.054410,0.024619,0.030973,0.043817,0.205913,0.413871,-0.038133,0.060280,0.024336,0.080678,0.359684,0.186394,-0.042821,0.043388,0.494992,0.513670,0.044126,0.014437,0.083485,0.232264,0.057594,0.255771,0.340697,0.263535,0.075228,-0.107037,0.108961,-0.010949,0.151520,0.139227,0.746373,0.000000,0.475720,0.148371,0.341948,0.124598,0.326978,0.074244,0.546944,0.489973,0.481622,0.351496,0.529573,0.624472,0.366527,0.283901,0.390650,0.316589,0.506205,0.465472,0.494833,0.368706,0.211466,0.251184,0.397188,0.292734,0.125977,0.119137,0.125317,-0.057853,0.209996,0.053393,0.714808,0.559500,0.516435,0.531958,-0.208939,-0.119686,0.226143,0.097199,0.497163,0.225202,0.495572,0.204648,-0.088434,-0.279125,0.225541,0.145161,0.246141,0.184871,0.570583,0.350046,0.192714,0.117889,0.423013,0.601444
0.021022,-0.165512,-0.151226,-0.133644,0.153637,-0.129029,-0.061918,-0.227741,0.136071,0.256536,-0.129627,-0.120981,0.012859,0.127288,0.323897,0.212803,0.265189,0.065210,-0.061121,0.001631,0.197974,0.002037,-0.194741,-0.054731,0.196371,0.088991,0.003075,-0.134329,0.400629,0.017257,0.018234,-0.225340,-0.156561,-0.230568,0.230623,0.475720,0.000000,0.583617,0.268390,0.097123,0.987117,0.164682,0.297081,0.325449,0.225869,0.091856,0.294716,0.370610,0.243728,0.242754,0.264033,0.336110,0.314025,0.227811,0.318624,0.346016,-0.091725,-0.195365,0.144065,0.119783,0.083646,0.069913,0.227171,-0.022892,0.124421,0.101792,0.236879,0.292200,0.084451,0.137326,-0.267825,-0.170209,0.305102,0.229232,0.311729,0.102600,0.345761,0.107301,0.158169,-0.272780,0.335320,0.304890,0.335917,0.341174,0.434749,0.687829,0.397844,0.432105,0.169784,0.397069
-0.148836,-0.260955,-0.426122,-0.364387,0.017683,-0.088772,-0.237704,-0.359421,0.113691,0.017454,0.173603,-0.196423,0.160382,-0.110246,0.140778,0.133485,0.743670,0.436413,-0.321318,-0.216756,0.459878,0.342901,-0.340513,-0.350275,-0.001923,-0.060331,-0.230644,-0.404077,0.644141,0.423129,-0.132253,-0.207207,-0.239870,-0.216345,0.087523,0.148371,0.583617,0.000000,0.324664,0.651873,0.629017,0.894566,0.218024,0.456730,0.231261,0.244390,0.259365,0.330308,0.361058,0.463427,0.503887,0.545892,0.230366,0.267549,0.213519,0.542543,-0.107815,-0.300244,-0.037710,-0.035265,0.078531,0.026722,0.381026,0.111863,0.059502,0.052744,0.081614,0.230314,-0.012463,-0.046346,0.116353,0.069908,0.668606,0.551833,0.351769,0.453656,0.611709,0.477854,0.475212,0.295402,0.625549,0.661328,0.188621,0.561646,0.419275,0.639930,-0.034328,0.725647,-0.252035,0.079385
0.224653,0.408113,0.131489,0.200537,0.036648,-0.023408,-0.024526,0.115880,0.372181,0.364484,0.020625,-0.072120,-0.132234,-0.021150,0.431886,0.394582,0.271020,0.163566,0.241162,0.354000,0.223047,0.281239,0.037635,0.101900,-0.119722,0.089147,0.531838,0.379482,0.300243,0.127519,0.302553,0.087312,0.157779,0.206711,0.095824,0.341948,0.268390,0.324664,0.000000,0.828500,0.338947,0.417881,0.523189,0.507452,0.408967,0.367786,0.526985,0.591978,0.369924,0.325699,0.373562,0.299418,0.503189,0.555403,0.721048,0.750659,0.272954,0.393144,0.288498,0.340029,0.104494,0.218103,0.191386,0.118848,-0.048006,-0.063078,0.288480,0.313762,0.471013,0.382151,-0.019503,0.098223,0.544272,0.476705,0.603045,0.349078,0.392390,0.336422,0.108073,-0.015829,0.526544,0.360555,0.701979,0.357238,0.475246,0.241438,0.394238,0.416508,0.346191,0.579126
0.133776,0.240986,-0.084152,-0.011034,-0.114876,-0.051347,-0.166575,-0.048070,0.226998,0.117316,0.310994,-0.070890,0.054354,-0.105640,0.312088,0.337736,0.482500,0.422111,0.003174,0.089450,0.411844,0.453824,-0.086270,-0.141976,-0.220930,-0.073540,0.251544,0.067173,0.486179,0.387990,0.105892,0.022208,0.097233,0.168065,0.055181,0.124598,0.097123,0.651873,0.828500,0.000000,0.272647,0.866274,0.338528,0.479739,0.370309,0.383561,0.448035,0.396863,0.459442,0.440721,0.552283,0.425793,0.459070,0.491491,0.553210,0.825022,0.253899,0.241178,0.132440,0.130895,0.120347,0.088912,0.283327,0.197859,-0.017425,-0.112452,0.109702,0.172368,0.284003,0.183352,0.187366,0.231777,0.759526,0.644525,0.509833,0.558989,0.441092,0.466775,0.293270,0.389492,0.611276,0.516606,0.363253,0.479810,0.394453,0.231161,0.138059,0.704640,0.117174,0.334168
-0.055718,-0.178335,-0.167871,-0.194148,0.216457,0.004727,-0.002693,-0.210265,0.164226,0.167222,-0.025182,-0.057161,0.057463,0.208346,0.420472,0.236010,0.270729,0.142550,-0.151123,-0.094629,0.278827,0.087681,-0.171007,-0.090554,0.269806,0.160407,0.052481,-0.134261,0.440866,0.163968,0.071430,-0.136038,-0.139392,-0.191422,0.059414,0.326978,0.987117,0.629017,0.338947,0.272647,0.000000,0.231997,0.261344,0.297966,0.181143,0.163619,0.262848,0.320170,0.256359,0.322745,0.329813,0.419450,0.404141,0.270248,0.347023,0.408503,-0.104383,-0.198742,0.146799,0.104433,0.084801,0.161445,0.272181,0.114547,0.049106,0.091197,0.170895,0.265476,-0.036065,0.028205,-0.136249,-0.080401,0.444728,0.336943,0.384028,0.113161,0.418644,0.218817,0.176811,-0.095484,0.359765,0.367473,0.372625,0.439666,0.321797,0.715352,0.495583,0.639718,0.141096,0.349527
-0.062707,0.015176,-0.248816,-0.148402,-0.120583,-0.132401,-0.241135,-0.183938,0.137453,-0.029121,0.228357,-0.164418,0.065464,-0.141693,0.040516,0.092933,0.712515,0.500876,-0.172944,-0.065931,0.439676,0.589709,-0.263712,-0.301785,-0.227284,-0.153985,-0.082677,-0.196167,0.576647,0.470228,-0.029502,-0.062848,-0.014938,0.041755,0.035550,0.074244,0.164682,0.894566,0.417881,0.866274,0.231997,0.000000,0.271815,0.465838,0.325722,0.294044,0.327557,0.328802,0.382969,0.414429,0.521768,0.450691,0.242847,0.316788,0.256037,0.542071,0.110269,-0.011556,-0.049966,-0.024167,0.010809,-0.056043,0.332971,0.185766,-0.045605,-0.180034,0.038345,0.119310,0.142783,0.035081,0.224381,0.255417,0.822631,0.642145,0.403933,0.570765,0.467510,0.470354,0.450255,0.335576,0.674573,0.617167,0.171813,0.493086,0.309103,0.267970,-0.211033,0.485237,-0.293875,-0.035915
0.547798,0.341835,0.093323,0.202644,-0.010200,-0.020491,-0.019234,0.088600,0.373181,0.512710,0.129145,-0.095197,0.066503,0.005194,0.433938,0.352335,0.381610,0.419785,0.348941,0.475344,0.154848,0.094523,-0.021077,0.046553,-0.122114,0.176479,0.365581,0.312170,0.392099,0.242936,0.112273,-0.001448,0.344302,0.385953,0.421546,0.546944,0.297081,0.218024,0.523189,0.338528,0.261344,0.271815,0.000000,1.305367,1.208554,1.100889,1.227298,1.222241,0.862036,0.694551,0.697228,0.532087,0.725893,0.766933,0.828540,0.657167,0.290273,0.285776,0.362424,0.459193,0.301303,0.342973,0.442004,0.334045,0.089610,-0.116934,0.900609,0.775104,0.662304,0.695408,-0.164137,-0.071309,0.403503,0.398712,0.619725,0.416730,0.447733,0.301060,0.084520,0.046354,0.699053,0.534693,0.493350,0.335944,0.651157,0.320626,0.269690,0.198213,0.366478,0.545412
0.499815,0.356535,-0.157623,0.014195,-0.188887,-0.164531,-0.199200,-0.100923,0.236722,0.289562,0.247515,-0.148546,0.066596,-0.092592,0.194782,0.184604,0.645024,0.646904,0.209585,0.331495,0.218085,0.144139,-0.233546,-0.179167,-0.283574,-0.007352,0.239923,0.123610,0.554182,0.405211,-0.054996,-0.151694,0.296146,0.354688,0.402792,0.489973,0.325449,0.456730,0.507452,0.479739,0.297966,0.465838,1.305367,0.000000,1.119439,1.126506,1.109488,1.189489,0.983671,0.914907,0.894391,0.786098,0.774810,0.890770,0.768370,0.822896,0.350663,0.295579,0.322773,0.438064,0.365834,0.370543,0.676099,0.454767,-0.009633,-0.178892,0.792497,0.813007,0.696764,0.658758,-0.161640,-0.092902,0.499899,0.544930,0.633435,0.414025,0.527268,0.385081,0.345028,0.190758,0.963384,0.777039,0.352233,0.404429,0.673131,0.380418,0.116589,0.285032,0.161675,0.400613
0.693876,0.376241,-0.013964,0.194255,-0.367809,-0.350195,-0.052525,0.060872,0.036774,0.307803,0.467825,-0.035158,0.074277,0.085723,0.140102,0.119949,0.529613,0.624254,0.277671,0.392896,0.219349,0.155211,-0.145833,-0.057458,-0.418716,-0.040157,0.142532,0.024308,0.488411,0.374159,0.044652,-0.088454,0.442955,0.457849,0.291555,0.481622,0.225869,0.231261,0.408967,0.370309,0.181143,0.325722,1.208554,1.119439,0.000000,1.345311,1.052502,0.824717,1.241773,0.963179,0.813941,0.772434,0.733224,0.699371,0.811964,0.645670,0.596751,0.320833,0.416038,0.426184,0.489618,0.353044,0.746220,0.532877,-0.009164,-0.176229,0.907749,0.826194,0.651563,0.710671,-0.038342,-0.030304,0.433648,0.467117,0.617242,0.290879,0.397484,0.372071,0.161460,0.133045,0.737833,0.697280,0.272653,0.334396,0.451672,0.312495,0.144241,0.186294,0.243612,0.426243
0.638900,0.331634,-0.071132,0.116800,-0.264414,-0.148843,-0.032903,0.071427,0.129676,0.279575,0.438848,0.041370,0.154822,0.095018,0.150058,0.211048,0.538580,0.738321,0.227089,0.336288,0.226489,0.067958,-0.132727,-0.079014,-0.332771,0.051050,0.183119,0.097597,0.526015,0.553611,0.020754,-0.011762,0.427875,0.498506,0.278492,0.351496,0.091856,0.244390,0.367786,0.383561,0.163619,0.294044,1.100889,1.126506,1.345311,0.000000,0.937539,0.747079,0.978725,0.953516,0.739338,0.721057,0.725221,0.742068,0.746863,0.610120,0.472946,0.281420,0.314673,0.416693,0.551517,0.549048,0.864788,0.668094,0.025354,-0.049298,0.817906,0.844724,0.551921,0.643689,-0.088250,-0.060867,0.390996,0.505759,0.543268,0.368840,0.391280,0.327791,0.144795,0.297413,0.681713,0.747627,0.296379,0.348993,0.470353,0.348288,0.137921,0.178154,0.234280,0.438960
0.624501,0.463355,0.019341,0.172338,-0.087655,-0.033897,-0.083485,0.066410,0.266884,0.450862,0.224548,0.036998,0.078083,0.143303,0.436466,0.424871,0.420775,0.635945,0.322746,0.493406,0.073152,0.077402,-0.085414,0.017953,-0.216391,0.058940,0.433107,0.272344,0.427068,0.314587,0.095197,-0.006608,0.370136,0.428658,0.296143,0.529573,0.294716,0.259365,0.526985,0.448035,0.262848,0.327557,1.227298,1.109488,1.052502,0.937539,0.000000,1.388182,0.908780,0.820254,0.862482,0.753897,0.958324,0.976541,1.173346,0.919459,0.415254,0.366597,0.563045,0.630824,0.392696,0.459768,0.529761,0.484595,-0.023432,-0.107442,0.928056,0.909055,0.754152,0.770786,-0.223752,-0.097719,0.401925,0.444063,0.680811,0.409553,0.477488,0.428609,0.224441,0.064340,0.730074,0.664044,0.403769,0.365589,0.600006,0.396760,0.287599,0.300544,0.337871,0.637522
