0.000000,1.389956,0.630693,0.630194,0.360655,0.440174,0.678809,0.626031,0.465447,0.476392,0.943883,0.628772,0.701620,0.529433,0.752961,0.629441,1.104434,0.810838,1.222055,0.981974,0.521156,0.387363,0.580689,0.308086,0.338235,0.458920,0.238193,0.488409,0.784581,0.459640,0.709074,0.607686,1.107251,1.062069,0.250860,0.292832,0.540415,0.371183,0.563870,0.598487,0.424571,0.484795,0.562291,0.440911,0.446498,0.397253,0.758860,0.730258,0.430198,0.502975,0.687792,0.676181,0.706881,0.663081,0.915551,0.869926,1.677978,1.196912,0.854686,0.832327,0.764285,0.700140,0.587303,0.721152,0.234483,0.366519,0.895408,0.899111,0.903121,0.560133,0.874275,0.945954,0.809009,0.713675,0.682182,0.359883,0.879283,0.748464,0.567805,0.208631,0.973008,0.779473,0.645374,0.834651,0.639839,0.576774,0.508264,0.478184,0.584270,0.739513
1.389956,0.000000,0.443522,0.545755,0.433949,0.604762,0.454183,0.556783,0.486216,0.487554,0.682798,0.617250,0.563001,0.514141,0.694425,0.600063,0.994373,1.003282,0.919655,1.191840,0.441620,0.459563,0.457438,0.213808,0.506829,0.463103,0.303079,0.465591,0.737253,0.495438,0.578504,0.501198,1.033256,1.018261,0.112046,0.205840,0.505593,0.443989,0.577468,0.662693,0.515871,0.591929,0.630696,0.570972,0.495042,0.551667,0.962365,0.910650,0.596549,0.667349,0.702971,0.682059,0.830257,0.685949,1.015015,0.963054,1.435416,1.369397,0.884264,1.029223,0.544623,0.730284,0.573735,0.879018,0.050982,0.175283,0.756820,0.828036,1.004924,0.689530,0.721413,0.859255,0.750498,0.753714,0.626082,0.410912,0.822937,0.779594,0.541369,0.253243,1.021787,0.949619,0.676608,0.962765,0.408970,0.404385,0.483659,0.437457,0.460011,0.643604
0.630693,0.443522,0.000000,1.007162,0.290622,0.070976,1.350993,0.615160,0.678057,0.488876,0.753437,0.292740,0.717710,0.396230,0.730635,0.640542,0.343541,0.258082,0.790665,0.293237,0.498996,0.293490,1.479693,1.131982,0.394895,0.694480,0.154238,0.556802,0.322416,0.021626,0.868259,0.859387,0.474896,0.529420,1.044746,0.820097,0.453715,0.278451,0.651525,0.483577,0.242425,0.326637,0.648624,0.344841,0.477800,0.266185,0.505554,0.441745,0.221742,0.259555,0.706521,0.523355,0.446119,0.385707,0.543798,0.566559,0.482961,0.517241,0.552992,0.274170,0.760007,0.293316,0.168975,0.097594,1.032919,0.966573,1.057616,0.841040,0.484285,0.294930,0.725994,0.538458,0.293853,0.179855,0.193423,-0.033264,0.710495,0.525370,0.315647,0.075084,0.285943,0.293760,0.317624,0.362233,1.225827,0.997257,0.371391,0.481887,0.915095,0.867803
0.630194,0.545755,1.007162,0.000000,0.634128,0.451081,1.066005,1.308981,0.826186,0.516485,0.630394,0.719553,0.832189,0.685716,0.829962,0.849854,0.372345,0.412443,0.801415,0.532076,0.392237,0.283694,1.045812,0.914504,0.572139,0.789087,0.256025,0.442773,0.394499,0.166336,0.795726,0.923071,0.723101,0.844430,0.511936,0.644875,0.353814,0.321108,0.435293,0.387215,0.405451,0.408317,0.471904,0.247060,0.355707,0.195516,0.435785,0.412535,0.212407,0.197270,0.534909,0.449112,0.407199,0.373939,0.462772,0.519404,0.552827,0.512672,0.529048,0.430417,0.836526,0.727860,0.378788,0.341014,0.541232,0.864705,0.684004,0.799767,0.389210,0.226431,0.704817,0.746792,0.574208,0.486965,0.332944,0.263423,0.664696,0.593590,0.304194,0.144499,0.413749,0.473801,0.346002,0.372368,0.704639,0.801188,0.311251,0.541622,0.667911,0.976161
0.360655,0.433949,0.290622,0.634128,0.000000,0.755949,0.305595,0.635039,0.808276,0.252660,0.218096,0.463025,0.398095,0.446537,0.619698,0.683909,0.266404,0.302673,0.452791,0.401855,0.362926,0.334584,0.335292,0.331577,0.612475,0.668297,0.410158,0.369495,0.276937,0.169663,0.293031,0.391537,0.514932,0.604082,0.090049,0.325233,0.157283,0.198278,0.274624,0.356588,0.345665,0.231472,0.320960,0.219431,0.244225,0.145332,0.377838,0.382501,0.157340,0.139752,0.253166,0.243927,0.319610,0.353272,0.460364,0.536241,0.407735,0.408317,0.432315,0.534593,0.435976,0.625604,0.307681,0.421859,0.028105,0.333092,0.364163,0.514881,0.249412,0.217415,0.270858,0.420826,0.403097,0.362010,0.206269,0.181577,0.298752,0.330077,0.115398,0.171068,0.368812,0.326862,0.218715,0.449504,0.154291,0.254876,0.389125,0.401169,0.383028,0.541806
0.440174,0.604762,0.070976,0.451081,0.755949,0.000000,0.206738,0.588587,0.561630,0.466151,0.258933,0.641821,0.475329,0.595449,0.593249,0.637052,0.375678,0.632213,0.392722,0.662974,0.178063,0.322354,0.097174,-0.028307,0.598578,0.457465,0.348888,0.244898,0.430548,0.374710,0.224354,0.256185,0.608692,0.653934,-0.254985,-0.037945,0.180487,0.248642,0.168787,0.284863,0.389775,0.396711,0.295424,0.340025,0.237167,0.230723,0.486511,0.495931,0.308691,0.276030,0.298801,0.268357,0.450691,0.501754,0.478507,0.536957,0.570846,0.578327,0.665004,0.810206,0.428580,0.879760,0.561331,0.819029,-0.251978,0.101594,0.358228,0.491998,0.388579,0.388967,0.235871,0.556210,0.484648,0.606970,0.370019,0.378328,0.338790,0.435354,0.236145,0.271977,0.551925,0.581731,0.276289,0.408843,0.023068,0.122259,0.224222,0.466357,0.303758,0.518739
0.678809,0.454183,1.350993,1.066005,0.305595,0.206738,0.000000,1.026821,0.647053,0.587337,0.948660,0.573722,1.058934,0.556187,0.786315,0.643936,0.383577,0.331216,0.887971,0.391074,0.364142,0.234297,1.112648,0.742247,0.306647,0.494649,0.163503,0.468488,0.459132,0.120201,0.762359,0.776190,0.626708,0.637018,0.646770,0.531696,0.344616,0.165356,0.479482,0.241797,0.218054,0.251146,0.554727,0.357640,0.558607,0.319821,0.446283,0.374488,0.251467,0.315738,0.652910,0.525519,0.403349,0.386776,0.439181,0.443339,0.514807,0.469470,0.583328,0.290060,1.020617,0.529882,0.422829,0.275008,0.731503,0.806372,0.969017,0.809989,0.352457,0.089035,0.739210,0.568092,0.434644,0.339028,0.314322,0.104366,0.678341,0.461479,0.367375,0.203548,0.354150,0.357124,0.282468,0.287271,1.113506,0.855422,0.157282,0.391245,0.730588,0.789098
0.626031,0.556783,0.615160,1.308981,0.635039,0.588587,1.026821,0.000000,0.690198,0.487283,0.707947,1.121984,1.045094,0.880780,0.799122,0.784270,0.428235,0.506577,0.748560,0.608692,0.249764,0.252308,0.663850,0.475931,0.429191,0.528756,0.238698,0.346828,0.514217,0.327244,0.559817,0.654988,0.829931,0.910653,0.223792,0.342475,0.188676,0.196628,0.280972,0.167535,0.342221,0.290825,0.380037,0.251339,0.404323,0.242452,0.390024,0.331720,0.253680,0.262494,0.472644,0.419706,0.358272,0.346529,0.401458,0.417661,0.557692,0.462441,0.546990,0.499238,0.992817,1.120232,0.655423,0.574118,0.300188,0.633786,0.579940,0.729301,0.265127,0.044809,0.585098,0.692335,0.661992,0.622497,0.424918,0.358618,0.566625,0.489976,0.365663,0.279021,0.513248,0.556945,0.338947,0.368958,0.549585,0.598508,0.130142,0.386825,0.488422,0.812105
0.465447,0.486216,0.678057,0.826186,0.808276,0.561630,0.647053,0.690198,0.000000,0.593251,0.357486,0.459300,0.531901,0.515107,1.113170,1.070101,0.321869,0.286888,0.630025,0.450343,0.352138,0.221609,0.720908,0.607473,0.418367,0.557787,0.245152,0.286509,0.314104,0.143572,0.395044,0.494154,0.478176,0.525302,0.329248,0.391455,0.247145,0.241698,0.352727,0.400805,0.311114,0.362576,0.564608,0.373348,0.479329,0.334981,0.584768,0.517470,0.386258,0.279925,0.553028,0.359169,0.553885,0.506747,0.607182,0.607273,0.458041,0.452754,0.613465,0.586879,0.592003,0.664881,0.388617,0.463545,0.369933,0.465352,0.608665,0.619743,0.368133,0.310725,0.365927,0.426086,0.254813,0.179672,0.163884,0.154492,0.363005,0.371861,0.136418,0.018436,0.351629,0.356262,0.366384,0.446255,0.563332,0.553981,0.402714,0.576069,0.569739,0.818447
0.476392,0.487554,0.488876,0.516485,0.252660,0.466151,0.587337,0.487283,0.593251,0.000000,0.381446,0.385518,0.419776,0.385326,0.567940,0.576387,0.274928,0.323800,0.595471,0.442190,0.041013,0.136251,0.469131,0.308922,0.200612,0.203476,0.186080,0.199112,0.372546,0.251986,0.317651,0.283832,0.362053,0.340526,0.117728,0.142888,0.346565,0.208633,0.366873,0.253740,0.237168,0.338593,0.602275,0.432015,0.617797,0.558441,0.596737,0.478930,0.561760,0.497813,0.513552,0.386596,0.472979,0.434761,0.450948,0.454139,0.413568,0.382287,0.595634,0.443346,0.400380,0.444967,0.291144,0.347821,0.163894,0.210713,0.491194,0.479378,0.400331,0.239203,0.300027,0.348262,0.251595,0.232497,0.222657,0.212608,0.268804,0.200780,0.227130,0.264196,0.322452,0.339642,0.239739,0.212124,0.448150,0.420444,0.110284,0.438904,0.376204,0.541533
0.943883,0.682798,0.753437,0.630394,0.218096,0.258933,0.948660,0.707947,0.357486,0.381446,0.000000,0.754829,1.093662,0.707034,0.701496,0.521774,0.621029,0.552824,0.913418,0.474712,0.451114,0.340528,0.672696,0.464665,0.257732,0.424377,0.120045,0.514688,0.576328,0.220678,0.657104,0.617419,0.614531,0.664346,0.433926,0.373080,0.554363,0.247403,0.512911,0.423052,0.365281,0.367383,0.520304,0.412778,0.478011,0.348464,0.533217,0.514520,0.311961,0.402174,0.702568,0.661206,0.531977,0.510912,0.602195,0.574350,0.752751,0.739781,0.665622,0.439072,0.956790,0.542922,0.402635,0.377727,0.449838,0.602342,0.839910,0.715794,0.481055,0.274280,0.943632,0.796346,0.561419,0.508707,0.466238,0.172696,0.841748,0.665020,0.463875,0.158691,0.503170,0.498167,0.480806,0.437839,0.812716,0.618370,0.312106,0.501970,0.681468,0.690372
0.628772,0.617250,0.292740,0.719553,0.463025,0.641821,0.573722,1.121984,0.459300,0.385518,0.754829,0.000000,0.990557,1.153027,0.652255,0.670468,0.573831,0.701055,0.655033,0.655189,0.290538,0.259134,0.404481,0.249890,0.289374,0.302377,0.197041,0.202834,0.604143,0.453526,0.413549,0.479031,0.779189,0.827689,0.003992,0.187278,0.244547,0.210572,0.131307,0.195930,0.412099,0.383275,0.284809,0.235572,0.313178,0.260647,0.383463,0.352505,0.259177,0.295189,0.406514,0.433204,0.399924,0.324616,0.377927,0.402250,0.594700,0.550959,0.534007,0.567068,0.871251,1.209522,0.738450,0.761125,0.108005,0.435779,0.439046,0.588724,0.282334,0.105726,0.562921,0.688233,0.775639,0.828610,0.447434,0.465235,0.584048,0.502153,0.491949,0.264860,0.599791,0.674056,0.395283,0.367712,0.381942,0.489785,0.134085,0.396532,0.366658,0.663678
0.701620,0.563001,0.717710,0.832189,0.398095,0.475329,1.058934,1.045094,0.531901,0.419776,1.093662,0.990557,0.000000,1.044524,0.865317,0.666894,0.527925,0.571420,0.714446,0.487388,0.340140,0.271994,0.725073,0.458198,0.422262,0.531022,0.138042,0.419951,0.627282,0.297849,0.644012,0.618059,0.743864,0.805421,0.338759,0.406524,0.307084,0.146544,0.312406,0.242379,0.334424,0.318744,0.416324,0.347565,0.434692,0.250026,0.421707,0.426883,0.197958,0.269820,0.602732,0.565929,0.482988,0.475406,0.409311,0.440911,0.602022,0.602526,0.605591,0.438492,1.226228,0.852930,0.652364,0.531003,0.469499,0.714911,0.765247,0.778150,0.355246,0.188107,0.673216,0.678662,0.607961,0.568945,0.406046,0.272792,0.772742,0.589476,0.477441,0.218954,0.461082,0.529455,0.396283,0.341235,0.657838,0.611187,0.150055,0.437983,0.610099,0.733389
0.529433,0.514141,0.396230,0.685716,0.446537,0.595449,0.556187,0.880780,0.515107,0.385326,0.707034,1.153027,1.044524,0.000000,0.706042,0.742037,0.471880,0.636530,0.536899,0.505657,0.278101,0.241922,0.492116,0.353811,0.376910,0.508752,0.057808,0.207145,0.557781,0.399049,0.465466,0.492625,0.593139,0.666596,0.115022,0.264968,0.193581,0.154866,0.176616,0.289022,0.360550,0.375690,0.391194,0.373930,0.314965,0.244132,0.452876,0.417397,0.245250,0.245438,0.487571,0.472190,0.444066,0.405169,0.391113,0.473206,0.515548,0.537427,0.488427,0.487079,0.785312,0.843916,0.599780,0.593459,0.245670,0.518227,0.452887,0.575556,0.254478,0.205384,0.492083,0.614893,0.603659,0.645802,0.357960,0.395155,0.653933,0.545872,0.495273,0.165443,0.453759,0.589284,0.360380,0.332633,0.428870,0.575668,0.198492,0.439107,0.426976,0.689984
0.752961,0.694425,0.730635,0.829962,0.619698,0.593249,0.786315,0.799122,1.113170,0.567940,0.701496,0.652255,0.865317,0.706042,0.000000,1.321720,0.502191,0.490630,0.774180,0.553162,0.440461,0.255559,0.766138,0.555272,0.450640,0.573407,0.257312,0.422547,0.523389,0.332831,0.560567,0.587420,0.664763,0.719428,0.366020,0.430093,0.404169,0.287097,0.566850,0.548033,0.398970,0.434714,0.594189,0.405648,0.541065,0.339469,0.650563,0.614367,0.406264,0.363420,0.767043,0.602544,0.683188,0.656731,0.816024,0.850197,0.691936,0.721649,0.840854,0.810248,0.917840,0.848842,0.549233,0.605615,0.433167,0.579745,0.814534,0.836039,0.491127,0.356459,0.544428,0.652024,0.471320,0.406482,0.402251,0.248141,0.614815,0.544725,0.369784,0.127544,0.538289,0.551313,0.582945,0.596609,0.797218,0.755116,0.513475,0.780704,0.810010,1.001943
0.629441,0.600063,0.640542,0.849854,0.683909,0.637052,0.643936,0.784270,1.070101,0.576387,0.521774,0.670468,0.666894,0.742037,1.321720,0.000000,0.435290,0.480940,0.740081,0.622682,0.496044,0.269406,0.661267,0.562925,0.417051,0.552237,0.247473,0.334736,0.429512,0.336606,0.458251,0.527404,0.581934,0.672171,0.279678,0.430428,0.322724,0.305154,0.545120,0.554898,0.419084,0.441986,0.534096,0.343472,0.494549,0.304891,0.608301,0.488080,0.370166,0.326860,0.651685,0.473202,0.561744,0.552540,0.763409,0.895634,0.614281,0.643064,0.727974,0.791315,0.764848,0.826215,0.461184,0.578878,0.373342,0.593814,0.728120,0.789065,0.536238,0.414332,0.474297,0.589215,0.436014,0.384225,0.264345,0.216643,0.463269,0.456270,0.294329,0.153170,0.524434,0.547232,0.449873,0.622187,0.726521,0.786373,0.582430,0.743184,0.828776,1.116489
1.104434,0.994373,0.343541,0.372345,0.266404,0.375678,0.383577,0.428235,0.321869,0.274928,0.621029,0.573831,0.527925,0.471880,0.502191,0.435290,0.000000,1.104478,0.809430,0.941317,0.483538,0.409360,0.321526,0.096512,0.168583,0.316252,0.074386,0.232607,1.043006,0.617712,0.603235,0.471651,1.134630,1.072032,0.025856,0.158689,0.421899,0.338731,0.289793,0.543482,0.496954,0.501129,0.342955,0.301001,0.250790,0.263217,0.532340,0.603563,0.253091,0.352803,0.438814,0.537359,0.546668,0.401223,0.689096,0.661014,1.241067,1.033686,0.639964,0.740236,0.546864,0.680778,0.863635,0.983482,0.064828,0.173037,0.629218,0.644909,0.697139,0.547807,0.675223,0.822691,0.917663,0.751660,0.600503,0.415650,0.763741,0.805370,0.779963,0.146123,1.379224,0.924239,0.898433,0.875146,0.377382,0.369549,0.547917,0.359264,0.311356,0.440225
0.810838,1.003282,0.258082,0.412443,0.302673,0.632213,0.331216,0.506577,0.286888,0.323800,0.552824,0.701055,0.571420,0.636530,0.490630,0.480940,1.104478,0.000000,0.589972,1.021823,0.302431,0.380432,0.264156,0.031667,0.436904,0.436342,0.110971,0.299270,1.004347,0.768241,0.569491,0.469918,0.984004,1.063937,-0.100420,0.026716,0.425894,0.428204,0.361231,0.562621,0.605960,0.560978,0.428747,0.452473,0.306606,0.359937,0.668987,0.663851,0.425906,0.502193,0.556157,0.638281,0.579884,0.426278,0.671484,0.695922,1.015008,1.114016,0.693418,0.807307,0.485410,0.748109,0.788421,1.157579,-0.047288,0.127090,0.538720,0.603347,0.626888,0.510565,0.605292,0.800382,0.894098,1.034257,0.651390,0.472396,0.832439,0.794864,0.911480,0.368365,1.263404,1.321136,0.726871,0.782945,0.293778,0.368037,0.397049,0.412345,0.326354,0.514501
1.222055,0.919655,0.790665,0.801415,0.452791,0.392722,0.887971,0.748560,0.630025,0.595471,0.913418,0.655033,0.714446,0.536899,0.774180,0.740081,0.809430,0.589972,0.000000,0.917258,0.553256,0.312746,0.688203,0.435732,0.213990,0.387433,0.210109,0.343419,0.593978,0.274616,0.575053,0.566944,0.875760,0.853381,0.376578,0.389720,0.495292,0.255810,0.526503,0.530578,0.328797,0.404863,0.529045,0.353454,0.500484,0.379719,0.646083,0.539341,0.367171,0.433985,0.637797,0.569275,0.563789,0.552872,0.762423,0.804292,1.006583,0.781966,0.808391,0.636329,0.826456,0.626576,0.457455,0.503752,0.325986,0.456080,0.903371,0.843756,0.710615,0.432857,0.835281,0.845972,0.744605,0.541743,0.472018,0.296574,0.751353,0.608335,0.413130,0.101779,0.689047,0.535760,0.507916,0.662417,0.730384,0.620685,0.496414,0.540870,0.649999,0.788092
0.981974,1.191840,0.293237,0.532076,0.401855,0.662974,0.391074,0.608692,0.450343,0.442190,0.474712,0.655189,0.487388,0.505657,0.553162,0.622682,0.941317,1.021823,0.917258,0.000000,0.353845,0.310980,0.292355,0.041534,0.345852,0.322672,0.236850,0.245943,0.756798,0.564909,0.449631,0.420058,1.077268,1.066037,-0.071074,0.088133,0.352673,0.368173,0.397350,0.443015,0.447728,0.510042,0.329149,0.330191,0.317803,0.329729,0.622568,0.545024,0.434703,0.474141,0.490268,0.444346,0.638933,0.520660,0.736521,0.726403,1.142379,0.942989,0.721302,0.909583,0.489110,0.823357,0.701136,1.071540,-0.092698,0.086482,0.625104,0.704051,0.933261,0.649852,0.575835,0.787041,0.841660,0.761551,0.562547,0.477561,0.624346,0.587651,0.535131,0.275709,1.040581,0.939653,0.559215,0.765445,0.278737,0.313495,0.383200,0.361666,0.352787,0.567957
0.521156,0.441620,0.498996,0.392237,0.362926,0.178063,0.364142,0.249764,0.352138,0.041013,0.451114,0.290538,0.340140,0.278101,0.440461,0.496044,0.483538,0.302431,0.553256,0.353845,0.000000,0.324084,0.425009,0.402051,0.241748,0.427978,0.298607,0.354808,0.338991,0.138032,0.507376,0.435922,0.448766,0.454151,0.365250,0.403866,0.352957,0.243721,0.330949,0.459280,0.250013,0.335145,0.318546,0.201873,0.222509,0.146118,0.364636,0.366390,0.063581,0.161532,0.327200,0.304717,0.297789,0.291110,0.449771,0.522957,0.475749,0.507061,0.396397,0.373966,0.386775,0.252165,0.146395,0.226303,0.309919,0.410821,0.541492,0.485916,0.509374,0.348596,0.586339,0.540507,0.405034,0.315204,0.163854,0.051900,0.573470,0.487713,0.284941,0.034023,0.389680,0.296386,0.328260,0.505775,0.462053,0.429223,0.542463,0.368681,0.517155,0.497296
0.387363,0.459563,0.293490,0.283694,0.334584,0.322354,0.234297,0.252308,0.221609,0.136251,0.340528,0.259134,0.271994,0.241922,0.255559,0.269406,0.409360,0.380432,0.312746,0.310980,0.324084,0.000000,0.274803,0.230189,0.336656,0.398677,0.100877,0.331695,0.275159,0.031438,0.344430,0.339075,0.357571,0.424568,0.193658,0.253214,0.153798,0.157823,0.230840,0.369650,0.192881,0.177735,0.276051,0.316187,0.119305,0.211663,0.342004,0.453085,0.109262,0.288817,0.284169,0.322517,0.257061,0.291358,0.405964,0.444937,0.428595,0.494376,0.370602,0.401617,0.320026,0.349522,0.220036,0.327189,0.197593,0.313461,0.427882,0.489061,0.383918,0.351527,0.360800,0.415730,0.315169,0.363838,0.197981,0.021644,0.438974,0.574670,0.204023,0.014280,0.381600,0.304260,0.184300,0.387438,0.251853,0.244280,0.289103,0.183536,0.293318,0.338439
0.580689,0.457438,1.479693,1.045812,0.335292,0.097174,1.112648,0.663850,0.720908,0.469131,0.672696,0.404481,0.725073,0.492116,0.766138,0.661267,0.321526,0.264156,0.688203,0.292355,0.425009,0.274803,0.000000,1.351942,0.453387,0.724406,0.191943,0.565677,0.372626,0.070929,0.981896,1.019020,0.510480,0.554473,0.996570,0.851125,0.452709,0.265201,0.582809,0.440428,0.297524,0.356264,0.677574,0.372888,0.437931,0.284625,0.519238,0.499231,0.230016,0.230686,0.636461,0.482327,0.436104,0.331429,0.479258,0.494328,0.437616,0.478928,0.441959,0.251930,0.701195,0.382164,0.239641,0.169951,1.020067,0.902206,0.863497,0.773183,0.376501,0.222129,0.668706,0.496137,0.323263,0.243945,0.208197,0.030129,0.695605,0.496010,0.345407,0.092677,0.270698,0.311235,0.330683,0.325176,1.089321,1.047150,0.325111,0.482559,0.665148,0.757299
0.308086,0.213808,1.131982,0.914504,0.331577,-0.028307,0.742247,0.475931,0.607473,0.308922,0.464665,0.249890,0.458198,0.353811,0.555272,0.562925,0.096512,0.031667,0.435732,0.041534,0.402051,0.230189,1.351942,0.000000,0.413102,0.699626,0.132325,0.483506,0.118445,-0.123207,0.741951,0.868058,0.220202,0.306291,1.104749,1.031865,0.412721,0.282466,0.514689,0.443963,0.200773,0.287179,0.518525,0.241292,0.339253,0.206988,0.330221,0.341940,0.128024,0.107474,0.464695,0.355559,0.263773,0.233865,0.322014,0.381338,0.192594,0.271577,0.237275,0.095614,0.461414,0.179917,-0.042860,-0.099029,1.108452,1.023626,0.559262,0.557687,0.233474,0.174376,0.481119,0.332250,0.164970,0.065795,0.071844,-0.048705,0.467852,0.382764,0.176558,-0.028386,0.037772,0.103889,0.182047,0.169097,0.840168,0.889607,0.346292,0.462229,0.614531,0.652861
0.338235,0.506829,0.394895,0.572139,0.612475,0.598578,0.306647,0.429191,0.418367,0.200612,0.257732,0.289374,0.422262,0.376910,0.450640,0.417051,0.168583,0.436904,0.213990,0.345852,0.241748,0.336656,0.453387,0.413102,0.000000,1.137316,0.531431,0.728876,0.294852,0.205757,0.614888,0.618746,0.440116,0.529151,0.291785,0.409418,0.367830,0.469778,0.492190,0.433654,0.475482,0.363562,0.392082,0.367394,0.167188,0.155094,0.442036,0.547781,0.223450,0.210994,0.396708,0.388327,0.454817,0.451184,0.418767,0.473134,0.422200,0.617624,0.486733,0.486600,0.321673,0.409370,0.157973,0.326660,0.127203,0.370512,0.507855,0.616154,0.400024,0.416731,0.350676,0.394416,0.338227,0.424836,0.324223,0.223261,0.579568,0.483893,0.255280,0.391080,0.281828,0.431938,0.170881,0.293707,0.181574,0.314690,0.156671,0.356392,0.424377,0.520699
0.458920,0.463103,0.694480,0.789087,0.668297,0.457465,0.494649,0.528756,0.557787,0.203476,0.424377,0.302377,0.531022,0.508752,0.573407,0.552237,0.316252,0.436342,0.387433,0.322672,0.427978,0.398677,0.724406,0.699626,1.137316,0.000000,0.349182,0.710400,0.343139,0.171289,0.846707,0.856460,0.523565,0.660327,0.506309,0.655547,0.399966,0.484024,0.540783,0.542219,0.517811,0.398138,0.486908,0.334696,0.194122,0.095472,0.441719,0.558421,0.118174,0.107955,0.431648,0.418771,0.438399,0.371841,0.470489,0.543902,0.492804,0.630956,0.463917,0.432576,0.449543,0.411309,0.169065,0.264798,0.395706,0.682359,0.628473,0.716828,0.419829,0.416806,0.458829,0.564820,0.411279,0.406785,0.264808,0.173356,0.685578,0.629745,0.313543,0.258929,0.371247,0.463231,0.311105,0.439414,0.420378,0.558532,0.420591,0.504421,0.592556,0.679334
0.238193,0.303079,0.154238,0.256025,0.410158,0.348888,0.163503,0.238698,0.245152,0.186080,0.120045,0.197041,0.138042,0.057808,0.257312,0.247473,0.074386,0.110971,0.210109,0.236850,0.298607,0.100877,0.191943,0.132325,0.531431,0.349182,0.000000,0.475860,0.122905,0.159380,0.168299,0.215396,0.267689,0.246209,0.070569,0.180913,0.236076,0.218278,0.249896,0.057215,0.210269,0.216715,0.257985,0.147964,0.162809,0.113722,0.285989,0.234247,0.129377,0.105600,0.155300,0.081504,0.224381,0.116395,0.229165,0.244121,0.260412,0.293906,0.295138,0.287503,0.075178,0.206670,0.066507,0.209530,-0.143979,0.052966,0.329835,0.312308,0.271921,0.127799,0.218666,0.253607,0.160951,0.195838,0.193492,0.085247,0.178997,0.143525,0.070998,0.417947,0.188494,0.161298,0.074041,0.188741,0.045680,0.130661,-0.030509,0.121770,0.190551,0.273870
0.488409,0.465591,0.556802,0.442773,0.369495,0.244898,0.468488,0.346828,0.286509,0.199112,0.514688,0.202834,0.419951,0.207145,0.422547,0.334736,0.232607,0.299270,0.343419,0.245943,0.354808,0.331695,0.565677,0.483506,0.728876,0.710400,0.475860,0.000000,0.318619,0.095598,0.621380,0.596881,0.371212,0.403288,0.435924,0.380006,0.365494,0.256320,0.536802,0.350256,0.259432,0.280477,0.468295,0.410626,0.304871,0.268868,0.471788,0.446962,0.246199,0.305387,0.466179,0.398491,0.350499,0.368523,0.448395,0.444201,0.464798,0.553008,0.495502,0.342204,0.334932,0.260433,0.101735,0.179230,0.284015,0.440457,0.647657,0.529862,0.433807,0.232640,0.459671,0.358605,0.283863,0.262743,0.380421,0.055911,0.554886,0.394727,0.240656,0.238008,0.229256,0.225549,0.146269,0.215982,0.382506,0.332591,0.192226,0.267024,0.456811,0.447858
0.784581,0.737253,0.322416,0.394499,0.276937,0.430548,0.459132,0.514217,0.314104,0.372546,0.576328,0.604143,0.627282,0.557781,0.523389,0.429512,1.043006,1.004347,0.593978,0.756798,0.338991,0.275159,0.372626,0.118445,0.294852,0.343139,0.122905,0.318619,0.000000,1.013332,0.791464,0.614469,0.986774,0.908642,-0.036799,0.041998,0.507624,0.297724,0.366143,0.414718,0.441287,0.419761,0.515836,0.488700,0.488879,0.441949,0.571460,0.589234,0.429439,0.446251,0.454754,0.553089,0.534138,0.389194,0.590576,0.543839,0.816665,0.775675,0.508142,0.590896,0.482780,0.685695,0.927194,0.966939,0.029771,0.117026,0.507902,0.558254,0.408399,0.306569,0.663312,0.625779,0.738588,0.660212,0.547744,0.406240,0.682091,0.602404,1.044887,0.370756,1.036830,0.869096,0.791130,0.576422,0.354674,0.446826,0.280994,0.310175,0.212805,0.392772
0.459640,0.495438,0.021626,0.166336,0.169663,0.374710,0.120201,0.327244,0.143572,0.251986,0.220678,0.453526,0.297849,0.399049,0.332831,0.336606,0.617712,0.768241,0.274616,0.564909,0.138032,0.031438,0.070929,-0.123207,0.205757,0.171289,0.159380,0.095598,1.013332,0.000000,0.371756,0.259447,0.538448,0.524832,-0.305153,-0.189959,0.351721,0.294312,0.200066,0.272727,0.388759,0.390981,0.354880,0.336184,0.326114,0.288200,0.396185,0.370412,0.383793,0.317372,0.244804,0.280842,0.402359,0.216043,0.386794,0.344260,0.491477,0.504782,0.312982,0.488388,0.209021,0.516121,0.573979,0.716092,-0.220242,-0.096167,0.179041,0.269925,0.258215,0.239709,0.311227,0.382112,0.469736,0.498666,0.354716,0.337242,0.327922,0.286891,0.791265,0.484247,0.804543,0.820386,0.797011,0.552734,0.112080,0.249571,0.185635,0.244234,0.067543,0.239805
0.709074,0.578504,0.868259,0.795726,0.293031,0.224354,0.762359,0.559817,0.395044,0.317651,0.657104,0.413549,0.644012,0.465466,0.560567,0.458251,0.603235,0.569491,0.575053,0.449631,0.507376,0.344430,0.981896,0.741951,0.614888,0.846707,0.168299,0.621380,0.791464,0.371756,0.000000,1.469812,0.790519,0.833577,0.538476,0.574289,0.642980,0.487605,0.604694,0.564448,0.461638,0.445071,0.528760,0.381103,0.322980,0.229600,0.449142,0.581275,0.186537,0.203904,0.458398,0.521595,0.398906,0.340955,0.500969,0.529628,0.640098,0.713325,0.435477,0.345363,0.586659,0.450848,0.409472,0.394771,0.545903,0.612814,0.717287,0.751816,0.440948,0.340600,0.858393,0.643194,0.603384,0.522551,0.420503,0.169993,0.911782,0.736240,0.687582,0.250364,0.548003,0.598139,0.469126,0.397479,0.666234,0.794456,0.364017,0.490335,0.488492,0.558406
0.607686,0.501198,0.859387,0.923071,0.391537,0.256185,0.776190,0.654988,0.494154,0.283832,0.617419,0.479031,0.618059,0.492625,0.587420,0.527404,0.471651,0.469918,0.566944,0.420058,0.435922,0.339075,1.019020,0.868058,0.618746,0.856460,0.215396,0.596881,0.614469,0.259447,1.469812,0.000000,0.697414,0.778191,0.550950,0.583528,0.511660,0.384846,0.545066,0.485606,0.370239,0.410787,0.442382,0.282658,0.246838,0.164958,0.368763,0.415353,0.112540,0.133326,0.396715,0.428975,0.296037,0.262631,0.456789,0.499333,0.556015,0.630780,0.375853,0.323873,0.591749,0.474585,0.369643,0.338819,0.574634,0.700505,0.639917,0.723051,0.370283,0.249083,0.786272,0.610378,0.528227,0.450501,0.375308,0.155727,0.708017,0.617114,0.496510,0.212976,0.421698,0.482897,0.293389,0.300235,0.652199,0.866774,0.326453,0.476051,0.535622,0.656096
1.107251,1.033256,0.474896,0.723101,0.514932,0.608692,0.626708,0.829931,0.478176,0.362053,0.614531,0.779189,0.743864,0.593139,0.664763,0.581934,1.134630,0.984004,0.875760,1.077268,0.448766,0.357571,0.510480,0.220202,0.440116,0.523565,0.267689,0.371212,0.986774,0.538448,0.790519,0.697414,0.000000,1.760402,0.084710,0.241367,0.355418,0.333026,0.365174,0.433151,0.491496,0.469792,0.398944,0.295682,0.311775,0.247224,0.568803,0.544574,0.257000,0.294903,0.444307,0.517834,0.485141,0.374861,0.658532,0.636200,1.174989,0.948528,0.702958,0.764385,0.776721,1.009913,1.063851,1.101072,0.116156,0.307061,0.733334,0.832450,0.603797,0.366797,0.738046,0.892237,1.057671,0.869105,0.643920,0.433151,0.842637,0.793784,0.682552,0.297554,1.202213,0.930651,0.643395,0.761380,0.416690,0.495299,0.381477,0.330226,0.374333,0.619224
1.062069,1.018261,0.529420,0.844430,0.604082,0.653934,0.637018,0.910653,0.525302,0.340526,0.664346,0.827689,0.805421,0.666596,0.719428,0.672171,1.072032,1.063937,0.853381,1.066037,0.454151,0.424568,0.554473,0.306291,0.529151,0.660327,0.246209,0.403288,0.908642,0.524832,0.833577,0.778191,1.760402,0.000000,0.136102,0.336443,0.391113,0.426197,0.429502,0.508652,0.563574,0.513769,0.407906,0.313944,0.294976,0.219557,0.551164,0.596028,0.247193,0.293270,0.497446,0.572974,0.522459,0.425670,0.699298,0.686033,1.142549,1.013867,0.707624,0.803488,0.826050,1.073647,0.914148,1.041132,0.174992,0.441594,0.766223,0.925737,0.654488,0.443676,0.743476,1.002450,1.025708,0.942378,0.673653,0.437149,0.876772,0.874131,0.670434,0.288071,1.191805,1.039032,0.680890,0.786039,0.449251,0.555254,0.501081,0.489830,0.486589,0.700623
0.250860,0.112046,1.044746,0.511936,0.090049,-0.254985,0.646770,0.223792,0.329248,0.117728,0.433926,0.003992,0.338759,0.115022,0.366020,0.279678,0.025856,-0.100420,0.376578,-0.071074,0.365250,0.193658,0.996570,1.104749,0.291785,0.506309,0.070569,0.435924,-0.036799,-0.305153,0.538476,0.550950,0.084710,0.136102,0.000000,1.116383,0.271598,0.198619,0.506451,0.327807,0.037568,0.098933,0.392299,0.150044,0.238449,0.108487,0.234994,0.217720,0.029865,0.089319,0.446400,0.342353,0.187164,0.195823,0.251658,0.289632,0.135171,0.201550,0.232980,0.010729,0.420043,-0.023832,-0.187887,-0.260844,1.219224,0.918074,0.634785,0.527984,0.206250,0.102485,0.385705,0.183978,0.030883,-0.054229,0.040394,-0.167231,0.434049,0.285382,0.112690,-0.055572,-0.076863,-0.057513,0.052646,0.119515,0.826597,0.682639,0.263131,0.348081,0.603359,0.488361
0.292832,0.205840,0.820097,0.644875,0.325233,-0.037945,0.531696,0.342475,0.391455,0.142888,0.373080,0.187278,0.406524,0.264968,0.430093,0.430428,0.158689,0.026716,0.389720,0.088133,0.403866,0.253214,0.851125,1.031865,0.409418,0.655547,0.180913,0.380006,0.041998,-0.189959,0.574289,0.583528,0.241367,0.336443,1.116383,0.000000,0.311773,0.330047,0.455068,0.364899,0.193682,0.146027,0.274378,0.083834,0.193408,0.039739,0.207973,0.302817,-0.029807,0.054218,0.392624,0.355435,0.291489,0.280965,0.303524,0.381289,0.229234,0.289433,0.262699,0.211994,0.446772,0.180224,-0.059598,-0.069836,0.833580,1.011760,0.681053,0.756156,0.350397,0.325602,0.358238,0.350788,0.199918,0.111530,0.152511,0.038897,0.423131,0.377438,0.123285,0.145407,0.112071,0.148393,0.128633,0.194156,0.709914,0.720836,0.332349,0.381336,0.649784,0.564508
0.540415,0.505593,0.453715,0.353814,0.157283,0.180487,0.344616,0.188676,0.247145,0.346565,0.554363,0.244547,0.307084,0.193581,0.404169,0.322724,0.421899,0.425894,0.495292,0.352673,0.352957,0.153798,0.452709,0.412721,0.367830,0.399966,0.236076,0.365494,0.507624,0.351721,0.642980,0.511660,0.355418,0.391113,0.271598,0.311773,0.000000,0.695201,0.659179,0.644130,0.578466,0.619244,0.593921,0.458545,0.501331,0.458091,0.553842,0.731789,0.498850,0.456748,0.532144,0.483446,0.629288,0.518078,0.615989,0.598629,0.478340,0.568593,0.479352,0.370977,0.221232,0.160433,0.087847,0.211262,0.154783,0.202482,0.460424,0.442086,0.493107,0.473025,0.614561,0.518043,0.415752,0.325890,0.365576,0.157454,0.547621,0.427802,0.413359,0.273683,0.420023,0.441062,0.532507,0.411390,0.433905,0.399631,0.461364,0.635218,0.379132,0.416150
0.371183,0.443989,0.278451,0.321108,0.198278,0.248642,0.165356,0.196628,0.241698,0.208633,0.247403,0.210572,0.146544,0.154866,0.287097,0.305154,0.338731,0.428204,0.255810,0.368173,0.243721,0.157823,0.265201,0.282466,0.469778,0.484024,0.218278,0.256320,0.297724,0.294312,0.487605,0.384846,0.333026,0.426197,0.198619,0.330047,0.695201,0.000000,0.515130,0.596605,0.645685,0.560404,0.363904,0.280759,0.212981,0.193101,0.384348,0.573739,0.305245,0.277719,0.412226,0.436589,0.564700,0.396280,0.504601,0.498576,0.417620,0.521556,0.376474,0.455805,0.150248,0.259751,0.080409,0.293684,0.013683,0.184743,0.361494,0.464704,0.433104,0.456546,0.305525,0.432960,0.358972,0.332029,0.303027,0.142104,0.468236,0.423237,0.319640,0.356744,0.432304,0.497949,0.453901,0.438003,0.269894,0.302656,0.491634,0.543612,0.313960,0.385685
0.563870,0.577468,0.651525,0.435293,0.274624,0.168787,0.479482,0.280972,0.352727,0.366873,0.512911,0.131307,0.312406,0.176616,0.566850,0.545120,0.289793,0.361231,0.526503,0.397350,0.330949,0.230840,0.582809,0.514689,0.492190,0.540783,0.249896,0.536802,0.366143,0.200066,0.604694,0.545066,0.365174,0.429502,0.506451,0.455068,0.659179,0.515130,0.000000,0.824768,0.338612,0.376328,0.605136,0.370776,0.524657,0.342755,0.637775,0.513651,0.487355,0.440591,0.686201,0.571410,0.469695,0.428058,0.853487,0.885746,0.535828,0.678228,0.661528,0.574111,0.410633,0.218814,0.061134,0.183831,0.395443,0.407166,0.749023,0.676595,0.642167,0.439723,0.491175,0.430152,0.285953,0.188000,0.330740,0.023477,0.518528,0.460960,0.372163,0.320488,0.369184,0.374315,0.372406,0.570239,0.622423,0.549832,0.550702,0.572508,0.769648,0.646909
0.598487,0.662693,0.483577,0.387215,0.356588,0.284863,0.241797,0.167535,0.400805,0.253740,0.423052,0.195930,0.242379,0.289022,0.548033,0.554898,0.543482,0.562621,0.530578,0.443015,0.459280,0.369650,0.440428,0.443963,0.433654,0.542219,0.057215,0.350256,0.414718,0.272727,0.564448,0.485606,0.433151,0.508652,0.327807,0.364899,0.644130,0.596605,0.824768,0.000000,0.476006,0.568554,0.518442,0.351482,0.306627,0.280575,0.613914,0.613515,0.394611,0.364251,0.594994,0.621629,0.554036,0.491345,0.917735,1.095817,0.659597,0.806635,0.635318,0.651738,0.375077,0.268924,0.178633,0.307835,0.277521,0.322466,0.532933,0.545280,0.566007,0.691003,0.503439,0.495571,0.371192,0.286931,0.262818,0.125257,0.681637,0.687930,0.432730,-0.053605,0.521554,0.493138,0.667501,0.769758,0.448192,0.499053,0.956058,0.716726,0.649930,0.643784
0.424571,0.515871,0.242425,0.405451,0.345665,0.389775,0.218054,0.342221,0.311114,0.237168,0.365281,0.412099,0.334424,0.360550,0.398970,0.419084,0.496954,0.605960,0.328797,0.447728,0.250013,0.192881,0.297524,0.200773,0.475482,0.517811,0.210269,0.259432,0.441287,0.388759,0.461638,0.370239,0.491496,0.563574,0.037568,0.193682,0.578466,0.645685,0.338612,0.476006,0.000000,0.629091,0.359750,0.243092,0.150751,0.149399,0.400162,0.541885,0.230077,0.192141,0.333566,0.346782,0.536549,0.307612,0.421420,0.408447,0.485355,0.534657,0.367430,0.496330,0.246984,0.410599,0.288423,0.467744,-0.030318,0.171973,0.350024,0.404529,0.373861,0.432984,0.374383,0.471721,0.464171,0.503190,0.282680,0.280039,0.527601,0.502491,0.352413,0.212429,0.595391,0.630354,0.597313,0.481905,0.222534,0.272699,0.378692,0.418350,0.246580,0.382377
0.484795,0.591929,0.326637,0.408317,0.231472,0.396711,0.251146,0.290825,0.362576,0.338593,0.367383,0.383275,0.318744,0.375690,0.434714,0.441986,0.501129,0.560978,0.404863,0.510042,0.335145,0.177735,0.356264,0.287179,0.363562,0.398138,0.216715,0.280477,0.419761,0.390981,0.445071,0.410787,0.469792,0.513769,0.098933,0.146027,0.619244,0.560404,0.376328,0.568554,0.629091,0.000000,0.484540,0.423744,0.323487,0.343780,0.527488,0.598073,0.399307,0.349920,0.400957,0.360976,0.533568,0.400493,0.567559,0.613063,0.533577,0.584341,0.528736,0.512060,0.246306,0.372409,0.293490,0.419701,0.032192,0.137004,0.377595,0.381256,0.460276,0.403109,0.521072,0.531591,0.477635,0.485027,0.335171,0.237525,0.470466,0.507464,0.463585,0.074666,0.538995,0.607237,0.589853,0.591332,0.267420,0.299909,0.543747,0.604982,0.336914,0.489802
0.562291,0.630696,0.648624,0.471904,0.320960,0.295424,0.554727,0.380037,0.564608,0.602275,0.520304,0.284809,0.416324,0.391194,0.594189,0.534096,0.342955,0.428747,0.529045,0.329149,0.318546,0.276051,0.677574,0.518525,0.392082,0.486908,0.257985,0.468295,0.515836,0.354880,0.528760,0.442382,0.398944,0.407906,0.392299,0.274378,0.593921,0.363904,0.605136,0.518442,0.359750,0.484540,0.000000,1.267170,1.153296,1.088225,1.355547,1.029649,0.976340,0.825401,0.904790,0.675035,0.725991,0.552914,0.818435,0.733483,0.477752,0.574844,0.608838,0.501446,0.305389,0.264884,0.192469,0.309752,0.297172,0.244735,0.644146,0.551060,0.388566,0.246370,0.450902,0.376086,0.237012,0.317902,0.245629,0.155918,0.552206,0.460357,0.395750,0.235614,0.428016,0.454958,0.501058,0.559229,0.616530,0.560272,0.340551,0.450923,0.398365,0.538521
0.440911,0.570972,0.344841,0.247060,0.219431,0.340025,0.357640,0.251339,0.373348,0.432015,0.412778,0.235572,0.347565,0.373930,0.405648,0.343472,0.301001,0.452473,0.353454,0.330191,0.201873,0.316187,0.372888,0.241292,0.367394,0.334696,0.147964,0.410626,0.488700,0.336184,0.381103,0.282658,0.295682,0.313944,0.150044,0.083834,0.458545,0.280759,0.370776,0.351482,0.243092,0.423744,1.267170,0.000000,0.966168,1.135799,1.148275,1.146041,0.938660,0.945059,0.740237,0.645968,0.730431,0.761212,0.686251,0.627399,0.420480,0.520219,0.485527,0.445345,0.166913,0.217464,0.200481,0.362412,0.069118,0.025393,0.464784,0.401386,0.349014,0.273265,0.366444,0.295805,0.232321,0.363552,0.337776,0.199384,0.474681,0.376598,0.333441,0.238264,0.371617,0.441997,0.351742,0.429139,0.342268,0.273986,0.212854,0.302962,0.175084,0.278486
0.446498,0.495042,0.477800,0.355707,0.244225,0.237167,0.558607,0.404323,0.479329,0.617797,0.478011,0.313178,0.434692,0.314965,0.541065,0.494549,0.250790,0.306606,0.500484,0.317803,0.222509,0.119305,0.437931,0.339253,0.167188,0.194122,0.162809,0.304871,0.488879,0.326114,0.322980,0.246838,0.311775,0.294976,0.238449,0.193408,0.501331,0.212981,0.524657,0.306627,0.150751,0.323487,1.153296,0.966168,0.000000,1.360680,0.964093,0.678818,1.123060,0.989492,0.836387,0.667788,0.655957,0.576580,0.683681,0.624869,0.354505,0.382833,0.520365,0.472799,0.300991,0.290357,0.211201,0.291613,0.195820,0.167448,0.532823,0.503658,0.317110,0.128476,0.374512,0.288893,0.188562,0.227435,0.205691,0.199870,0.329554,0.234308,0.343896,0.301107,0.350461,0.377205,0.366069,0.406949,0.550338,0.452424,0.178363,0.347801,0.359620,0.460032
0.397253,0.551667,0.266185,0.195516,0.145332,0.230723,0.319821,0.242452,0.334981,0.558441,0.348464,0.260647,0.250026,0.244132,0.339469,0.304891,0.263217,0.359937,0.379719,0.329729,0.146118,0.211663,0.284625,0.206988,0.155094,0.095472,0.113722,0.268868,0.441949,0.288200,0.229600,0.164958,0.247224,0.219557,0.108487,0.039739,0.458091,0.193101,0.342755,0.280575,0.149399,0.343780,1.088225,1.135799,1.360680,0.000000,1.058995,0.782955,1.262408,1.398618,0.690435,0.633935,0.643485,0.625528,0.612681,0.555394,0.346511,0.399882,0.468312,0.454727,0.113666,0.204247,0.183233,0.309342,0.043046,-0.038321,0.350286,0.345421,0.331093,0.171298,0.306433,0.226618,0.185111,0.278501,0.240330,0.244156,0.315875,0.273660,0.298081,0.230148,0.317068,0.363400,0.304527,0.346308,0.310409,0.246055,0.088893,0.215173,0.159589,0.305299
0.758860,0.962365,0.505554,0.435785,0.377838,0.486511,0.446283,0.390024,0.584768,0.596737,0.533217,0.383463,0.421707,0.452876,0.650563,0.608301,0.532340,0.668987,0.646083,0.622568,0.364636,0.342004,0.519238,0.330221,0.442036,0.441719,0.285989,0.471788,0.571460,0.396185,0.449142,0.368763,0.568803,0.551164,0.234994,0.207973,0.553842,0.384348,0.637775,0.613914,0.400162,0.527488,1.355547,1.148275,0.964093,1.058995,0.000000,1.109727,1.119671,1.055644,1.036305,0.792143,0.910508,0.760951,1.136120,0.995907,0.761972,0.832407,0.921722,0.848735,0.357528,0.427648,0.334191,0.555725,0.136534,0.150552,0.757083,0.680414,0.680184,0.485493,0.531234,0.546107,0.403159,0.429291,0.439290,0.213405,0.660206,0.597645,0.447451,0.288227,0.621191,0.626845,0.534199,0.751180,0.500237,0.453463,0.402292,0.444068,0.447783,0.651116
0.730258,0.910650,0.441745,0.412535,0.382501,0.495931,0.374488,0.331720,0.517470,0.478930,0.514520,0.352505,0.426883,0.417397,0.614367,0.488080,0.603563,0.663851,0.539341,0.545024,0.366390,0.453085,0.499231,0.341940,0.547781,0.558421,0.234247,0.446962,0.589234,0.370412,0.581275,0.415353,0.544574,0.596028,0.217720,0.302817,0.731789,0.573739,0.513651,0.613515,0.541885,0.598073,1.029649,1.146041,0.678818,0.782955,1.109727,0.000000,0.783525,0.803491,0.795412,0.718721,1.068665,0.952845,0.930210,0.861923,0.752668,0.855393,0.716333,0.739189,0.294053,0.411701,0.306415,0.555860,0.085212,0.145405,0.651250,0.655787,0.622762,0.642173,0.477887,0.537752,0.464879,0.531702,0.476737,0.299907,0.706466,0.683515,0.418796,0.264875,0.648719,0.693908,0.632876,0.703231,0.424679,0.357196,0.464860,0.517511,0.319175,0.412805
0.430198,0.596549,0.221742,0.212407,0.157340,0.308691,0.251467,0.253680,0.386258,0.561760,0.311961,0.259177,0.197958,0.245250,0.406264,0.370166,0.253091,0.425906,0.367171,0.434703,0.063581,0.109262,0.230016,0.128024,0.223450,0.118174,0.129377,0.246199,0.429439,0.383793,0.186537,0.112540,0.257000,0.247193,0.029865,-0.029807,0.498850,0.305245,0.487355,0.394611,0.230077,0.399307,0.976340,0.938660,1.123060,1.262408,1.119671,0.783525,0.000000,1.365216,0.905861,0.681373,0.776939,0.630891,0.820276,0.674172,0.410294,0.423194,0.662140,0.658696,0.122784,0.278664,0.193705,0.393256,-0.065821,-0.073007,0.389929,0.381863,0.390899,0.276967,0.246254,0.222643,0.207686,0.248031,0.328446,0.299228,0.282018,0.236548,0.289584,0.259464,0.367978,0.439193,0.392591,0.420493,0.306877,0.249498,0.190433,0.289189,0.264532,0.397423
