0.000000,0.807466,0.848928,0.631738,-0.272352,-0.179004,0.888399,0.682275,0.023726,-0.148221,0.561616,0.570492,0.606579,0.444609,-0.035186,0.282359,-0.245711,0.002209,0.709110,0.646204,0.030314,0.154666,0.659274,0.661116,-0.335682,-0.309819,-0.157666,0.102504,-0.348874,-0.165689,0.322899,0.624585,0.595539,0.772930,0.059477,0.102055,-0.468371,-0.140893,-0.261896,-0.195627,-0.262122,-0.234950,-0.129145,-0.181824,-0.264509,-0.171558,-0.135023,-0.153148,-0.323705,-0.003357,-0.143983,-0.097871,-0.099701,0.153551,-0.214041,0.072167,0.995627,0.780759,0.631553,0.591099,0.588847,0.534470,0.378069,0.280714,0.151795,-0.077078,0.390933,0.220920,0.539156,0.645189,0.049269,0.162770,-0.220695,0.119700,-0.004589,0.359473,-0.082490,-0.010860,-0.334592,0.032479,-0.254942,-0.191033,-0.149598,-0.036296,-0.492634,-0.128515,-0.090263,-0.085208,-0.097488,0.228764
0.807466,0.000000,0.627057,0.916746,-0.124841,0.097477,0.817478,0.901968,0.029323,0.123092,0.434823,0.572816,0.377739,0.268170,-0.056384,0.142877,-0.354217,-0.300927,0.995415,0.788640,-0.059991,0.265808,0.730229,0.620449,-0.164009,-0.084203,0.064165,0.066841,-0.232127,-0.185635,0.270692,0.597600,0.484450,0.816366,-0.130888,0.005799,-0.532479,0.022535,-0.364392,-0.255729,-0.431127,0.141369,-0.203857,-0.274778,-0.334227,-0.120884,-0.194874,-0.213476,-0.380162,-0.112118,-0.177816,-0.361496,-0.019588,0.123899,-0.205864,0.101900,0.627703,1.072708,0.401702,0.570015,0.295117,0.536229,0.284273,0.503654,-0.026006,-0.140045,0.245850,0.180443,0.794392,0.750769,0.248569,0.304799,-0.188255,0.245095,0.245171,0.502415,0.224352,0.241532,-0.546290,-0.269533,-0.111123,-0.148746,-0.026972,0.047998,-0.466892,-0.302976,-0.338685,0.060178,0.254525,0.269800
0.848928,0.627057,0.000000,1.021051,-0.320402,-0.230515,0.963333,0.761467,0.043600,-0.233030,0.268210,0.476644,0.268674,0.343019,-0.038179,0.234699,-0.409856,-0.164714,0.860607,0.975516,0.045809,0.056032,1.055881,1.114115,-0.302249,-0.403445,-0.184206,-0.032979,-0.481046,-0.190017,0.310296,0.454595,0.310624,0.491153,0.201242,0.305570,-0.116271,0.231775,0.053106,0.117755,-0.011010,-0.096450,0.187449,0.159727,-0.131026,0.000205,0.210711,0.253262,-0.218154,0.174350,0.139415,0.222583,0.150543,0.396883,0.055791,0.401645,0.250360,0.325485,0.200498,0.281933,0.038522,0.182540,0.080489,0.092776,0.142768,-0.112239,0.219422,0.332023,0.319360,0.581708,-0.056126,-0.026606,-0.264936,0.199279,0.021651,0.459402,0.049143,0.100717,-0.327465,-0.001285,-0.148654,-0.110453,0.057433,0.189643,-0.182081,0.265708,-0.161523,0.248733,0.121966,0.486002
0.631738,0.916746,1.021051,0.000000,0.006288,0.172601,0.976305,1.352280,0.199341,0.208013,0.163425,0.509811,0.324367,0.282686,0.081434,0.203561,-0.514520,-0.283851,1.393445,1.108073,-0.009700,0.278030,1.169611,1.196705,0.015897,0.040262,0.078761,0.055849,-0.335062,-0.304309,0.338165,0.482742,0.142320,0.445422,0.032833,0.250933,-0.262190,0.232381,-0.147183,0.042671,-0.347335,0.221144,0.007968,-0.008369,-0.232858,-0.002506,0.014696,0.067028,-0.280692,0.051727,0.112503,0.002377,0.187584,0.472075,0.036219,0.425228,0.247446,0.507382,0.125322,0.452751,-0.073672,0.253058,-0.034132,0.234057,-0.145196,-0.098795,0.216238,0.369102,0.647442,0.824443,0.206497,0.161245,-0.156546,0.392746,0.432425,0.813018,0.299713,0.315306,-0.519259,-0.186116,-0.184235,-0.148556,0.147708,0.080431,-0.269875,0.071596,-0.319775,0.290339,0.395915,0.696852
-0.272352,-0.124841,-0.320402,0.006288,0.000000,1.040815,-0.266004,0.128749,0.611590,0.983450,-0.287811,-0.254835,0.100515,0.039418,0.317138,-0.356859,-0.087621,-0.199457,-0.096873,-0.178085,-0.174314,0.041391,0.152609,-0.040832,1.557212,1.276550,0.657278,0.517036,0.184406,-0.308980,0.053293,-0.154368,-0.507772,-0.452570,-0.171736,-0.127071,0.031678,-0.319513,-0.115353,-0.060905,-0.297384,0.223471,-0.205233,-0.182458,-0.108684,-0.137213,-0.197300,-0.260843,0.145608,-0.273244,0.026066,-0.255786,0.028912,-0.102714,-0.108822,-0.219520,-0.080232,-0.174530,-0.256944,-0.197695,-0.209398,-0.325279,-0.441184,-0.230095,-0.426125,0.024180,-0.055014,-0.206613,0.167162,-0.035725,0.083346,-0.043394,0.247506,-0.088985,0.266542,0.001534,0.074135,0.043050,-0.063766,0.013872,-0.199916,-0.163722,0.082794,-0.510930,0.094949,-0.401280,-0.194551,-0.165018,0.012363,-0.169823
-0.179004,0.097477,-0.230515,0.172601,1.040815,0.000000,0.011082,0.250291,0.539947,1.484968,-0.042209,-0.040944,0.104702,-0.027995,0.356146,-0.021270,0.072472,-0.188430,0.195983,-0.047209,-0.151842,0.293288,0.230212,0.095440,1.037639,1.321535,0.722483,0.574839,0.320034,-0.043376,0.236992,0.061783,-0.208622,-0.123359,-0.192327,-0.192409,-0.130592,-0.150189,-0.245194,-0.203816,-0.426485,0.518033,-0.209595,-0.328057,-0.008259,0.044045,-0.278243,-0.283517,0.175360,-0.127832,0.066323,-0.292034,0.123119,-0.065446,-0.143918,-0.140340,0.044375,0.058150,0.016068,0.152717,-0.055016,-0.036527,-0.131957,0.098587,-0.269315,0.174492,0.117939,0.003808,0.434385,-0.004978,0.325520,0.213848,0.345887,0.183774,0.611536,0.246722,0.322639,0.218458,-0.094010,-0.151073,0.039724,-0.006904,0.152497,-0.148666,0.027293,-0.379354,-0.337506,-0.083531,0.261306,0.054231
0.888399,0.817478,0.963333,0.976305,-0.266004,0.011082,0.000000,0.983329,0.164353,0.012344,0.579707,0.760102,0.637565,0.257323,-0.028979,0.326577,-0.280147,-0.152310,1.116895,0.684677,0.125872,0.302931,0.959347,0.984746,-0.221112,-0.141579,0.048830,0.065087,-0.157645,-0.096506,0.658555,0.847947,0.283646,0.543924,-0.002500,0.072557,-0.397326,0.131822,-0.146420,-0.048249,-0.352896,0.181020,-0.092355,-0.084081,-0.227246,-0.080785,-0.099514,-0.052967,-0.295993,-0.000346,-0.028836,-0.082866,0.059295,0.288581,-0.162289,0.186276,0.429692,0.554846,0.434033,0.624064,0.150743,0.414488,0.255836,0.286228,0.109812,0.006142,0.279122,0.260960,0.579193,0.490030,0.386428,0.472274,-0.206698,0.256927,0.211860,0.569555,0.286406,0.218258,-0.277245,-0.130529,-0.057688,-0.006225,0.096106,0.233486,-0.376547,0.084220,-0.334187,0.252361,0.208270,0.524678
0.682275,0.901968,0.761467,1.352280,0.128749,0.250291,0.983329,0.000000,0.251274,0.322604,0.219842,0.826423,0.535736,0.572252,0.029749,0.206449,-0.468146,-0.208459,1.027965,0.804477,-0.003549,0.190987,1.157421,1.218542,0.160677,0.193337,0.170828,0.136130,-0.328808,-0.276107,0.599706,0.791089,0.131544,0.402586,-0.064179,0.158372,-0.434831,-0.007056,-0.334457,-0.146201,-0.502598,0.121253,-0.164817,-0.231901,-0.323623,-0.169433,-0.216028,-0.203584,-0.289891,-0.072747,-0.016872,-0.166883,0.057546,0.309928,-0.203932,0.118635,0.392988,0.582647,0.264308,0.612021,0.088861,0.386534,-0.032383,0.247915,-0.165009,-0.004227,0.292275,0.303251,0.621472,0.641124,0.215004,0.250877,-0.168424,0.288663,0.280447,0.602319,0.137995,0.112686,-0.478742,-0.173491,-0.336260,-0.209778,0.007420,-0.038748,-0.454269,-0.147187,-0.385778,0.102717,0.164643,0.421698
0.023726,0.029323,0.043600,0.199341,0.611590,0.539947,0.164353,0.251274,0.000000,0.487521,0.074050,0.120634,0.278990,0.174325,0.239066,0.025349,-0.177843,-0.237503,0.117660,-0.016555,-0.015693,0.151350,0.375578,0.214564,0.575597,0.489835,0.484832,0.305622,0.108424,-0.246282,0.300864,0.086165,-0.247978,-0.135082,0.015534,0.106288,0.018762,0.019593,-0.087817,0.117925,-0.272159,0.272748,0.034059,-0.018629,-0.025599,-0.015365,-0.004211,-0.027170,0.055054,-0.060635,0.184858,-0.009289,0.151531,0.161142,-0.030894,0.024770,-0.056444,-0.169599,0.036265,0.165853,-0.097392,-0.028827,-0.035780,-0.147165,-0.015941,0.147295,0.232088,0.157634,0.034832,-0.043916,0.154420,0.110739,0.054309,0.067569,0.297920,0.248049,0.251335,0.178714,-0.084903,0.110980,-0.093783,-0.173150,-0.058067,-0.102454,0.118251,-0.039061,-0.332590,0.072896,0.125090,0.031359
-0.148221,0.123092,-0.233030,0.208013,0.983450,1.484968,0.012344,0.322604,0.487521,0.000000,0.017612,-0.025769,0.212270,0.063627,0.357982,-0.010402,-0.056183,-0.272303,0.224016,0.002896,-0.190750,0.275211,0.260817,0.119829,0.972192,1.274922,0.568310,0.423442,0.314252,-0.144448,0.216666,0.052548,-0.248636,-0.133554,-0.276741,-0.201918,-0.139795,-0.087136,-0.224761,-0.133701,-0.500709,0.513203,-0.248855,-0.280420,-0.100593,0.000683,-0.293833,-0.277186,0.126368,-0.145324,0.066544,-0.318299,0.150568,0.029286,-0.085418,-0.062468,-0.002173,0.024713,-0.048321,0.151480,-0.102004,-0.000457,-0.213562,0.052482,-0.342018,0.116071,0.031243,-0.038929,0.379673,0.081585,0.324006,0.172371,0.255310,0.195799,0.596367,0.263190,0.380470,0.302668,-0.215890,-0.188001,-0.016384,-0.100694,0.155973,-0.178977,-0.000779,-0.377280,-0.303642,-0.025315,0.341124,0.122081
0.561616,0.434823,0.268210,0.163425,-0.287811,-0.042209,0.579707,0.219842,0.074050,0.017612,0.000000,0.536134,0.769151,0.316197,0.121751,0.411243,0.132736,-0.126309,0.378358,0.224227,-0.003666,0.201905,0.333006,0.240570,-0.246549,-0.172014,-0.141611,-0.047053,0.265496,0.172488,0.414966,0.414146,0.515687,0.643313,0.011861,-0.022468,-0.157919,0.049142,-0.079506,-0.098022,-0.079428,0.135900,-0.036256,-0.094979,-0.096444,-0.010250,-0.050216,-0.025246,-0.143855,0.007331,-0.011439,-0.110558,0.064598,0.115111,-0.080926,0.089084,0.370016,0.335900,0.564611,0.472222,0.493623,0.554004,0.637152,0.401710,0.314576,0.036145,0.271672,0.160335,0.165886,0.122650,0.397981,0.387369,0.073136,0.223759,0.197182,0.278288,0.267435,0.246454,-0.139659,-0.112589,0.202487,-0.049205,0.031474,0.226952,-0.045513,-0.045233,-0.216808,0.059301,0.236436,0.134393
0.570492,0.572816,0.476644,0.509811,-0.254835,-0.040944,0.760102,0.826423,0.120634,-0.025769,0.536134,0.000000,0.575686,0.765151,-0.139568,0.509717,-0.172346,0.009071,0.501970,0.391927,0.097880,0.117912,0.565170,0.735343,-0.141192,-0.083492,-0.004388,-0.121343,-0.223640,0.108869,0.772873,0.916591,0.363232,0.526432,0.105766,0.232222,-0.400820,-0.017009,-0.395110,-0.221886,-0.279600,-0.028138,-0.125926,-0.275608,-0.203905,-0.166111,-0.233869,-0.207643,-0.329577,-0.001334,-0.094280,-0.037279,-0.065993,0.186655,-0.337282,-0.021894,0.285043,0.467945,0.428150,0.749488,0.279893,0.710784,0.289488,0.476800,0.131876,0.222997,0.378697,0.378463,0.181542,0.178320,0.237717,0.387400,-0.109040,0.320552,0.098040,0.395475,0.028757,-0.031471,-0.218252,-0.067119,-0.234768,-0.102869,-0.266997,0.133712,-0.391428,-0.013500,-0.402805,-0.036633,-0.065933,0.167945
0.606579,0.377739,0.268674,0.324367,0.100515,0.104702,0.637565,0.535736,0.278990,0.212270,0.769151,0.575686,0.000000,0.542141,0.272996,0.324308,-0.094236,-0.043134,0.387549,0.261485,0.086498,0.190432,0.539727,0.436637,0.095489,0.143905,0.064263,0.094710,0.146682,-0.062696,0.674396,0.629119,0.188589,0.303045,-0.013082,0.067918,-0.248034,-0.179560,-0.171189,-0.044776,-0.276560,0.043805,-0.164769,-0.116103,-0.190842,-0.199803,-0.149985,-0.189709,-0.136236,-0.115180,-0.017396,-0.151395,0.013594,0.166961,-0.192388,-0.071812,0.373553,0.305746,0.343315,0.374643,0.304866,0.386394,0.211178,0.207627,0.050399,0.053291,0.200800,0.050680,0.212714,0.212450,0.429370,0.467292,0.061517,0.135503,0.114870,0.288515,0.154696,0.146878,-0.170721,0.035281,-0.136941,-0.127230,0.013072,-0.103413,-0.179488,-0.104165,-0.148185,-0.023637,0.025270,0.090688
0.444609,0.268170,0.343019,0.282686,0.039418,-0.027995,0.257323,0.572252,0.174325,0.063627,0.316197,0.765151,0.542141,0.000000,0.001204,0.414878,-0.283020,-0.038993,0.185017,0.284517,-0.178117,-0.295781,0.475942,0.456705,0.075270,-0.024314,-0.187587,-0.012880,-0.380672,-0.106608,0.424363,0.432522,0.344823,0.392696,0.168400,0.357016,-0.182420,-0.146119,-0.342200,-0.189078,-0.095537,-0.378737,0.009933,-0.161176,-0.187748,-0.158764,-0.067014,-0.085281,-0.158708,0.071195,0.043640,0.107381,0.022491,0.219899,-0.153290,-0.030882,0.158335,0.107144,0.213227,0.289801,0.305114,0.385209,0.029417,0.101868,0.030006,0.095571,0.289988,0.277787,-0.082972,0.117590,-0.262633,-0.173489,-0.095324,0.115922,-0.130337,0.191586,-0.347266,-0.263493,-0.346962,0.062512,-0.500706,-0.479368,-0.416330,-0.162006,-0.159992,-0.141857,-0.176830,-0.275851,-0.232684,-0.096494
-0.035186,-0.056384,-0.038179,0.081434,0.317138,0.356146,-0.028979,0.029749,0.239066,0.357982,0.121751,-0.139568,0.272996,0.001204,0.000000,0.213454,0.223074,0.071180,0.105842,0.094749,0.270838,0.275981,0.165853,0.136951,0.276312,0.294500,0.257491,0.352807,0.384250,0.123709,0.152071,-0.003306,0.039460,0.027818,0.117639,0.100714,0.190688,0.051659,0.190053,0.070949,0.095841,0.182016,-0.002302,-0.018538,0.051717,0.038023,0.022291,0.065675,0.035631,0.012284,0.126575,0.002984,0.095866,-0.025516,0.078510,-0.001247,0.006644,0.029603,0.016318,0.022858,0.056004,-0.014567,-0.065760,0.094263,0.054255,0.151899,0.020013,0.018714,0.077301,0.025333,0.359557,0.181668,0.521603,0.186888,0.384718,0.157641,0.226450,0.225614,0.046437,-0.074192,0.131488,0.087641,0.192219,0.025364,0.297293,0.060496,-0.026239,0.106687,0.323267,0.177434
0.282359,0.142877,0.234699,0.203561,-0.356859,-0.021270,0.326577,0.206449,0.025349,-0.010402,0.411243,0.509717,0.324308,0.414878,0.213454,0.000000,0.166038,0.303065,0.276087,0.220246,0.231115,0.269217,0.152669,0.312131,-0.260000,-0.197379,-0.074403,0.080575,0.109028,0.494183,0.370111,0.274638,0.384881,0.381568,0.331910,0.360953,-0.102760,0.253703,-0.098701,0.012604,0.015118,0.111962,0.177949,0.005266,0.198278,0.208204,0.050138,0.153282,0.075387,0.316655,0.275845,0.213834,0.215032,0.261989,0.047247,0.223437,0.112646,0.161339,0.429901,0.485737,0.320972,0.479692,0.474508,0.398873,0.434671,0.291300,0.423280,0.486951,0.028786,0.009682,0.179058,0.240594,0.145761,0.522522,0.179557,0.362884,0.147207,0.164969,0.023683,0.078593,0.120604,0.128161,-0.126940,0.506068,0.000359,0.340034,-0.073532,0.186772,0.174265,0.381829
-0.245711,-0.354217,-0.409856,-0.514520,-0.087621,0.072472,-0.280147,-0.468146,-0.177843,-0.056183,0.132736,-0.172346,-0.094236,-0.283020,0.223074,0.166038,0.000000,0.663992,-0.359476,-0.458815,0.278218,0.225050,-0.516373,-0.305676,-0.022271,0.057847,0.149567,0.209948,0.664206,0.917522,0.106642,-0.050003,0.186124,-0.049648,0.169352,-0.185919,0.110501,-0.132977,0.126945,-0.191262,0.300403,0.091259,0.139630,-0.044776,0.526540,0.361985,-0.032680,-0.031994,0.464200,0.231408,0.158784,0.087936,0.030062,-0.347403,-0.019790,-0.215081,0.083431,-0.008179,0.315191,0.110829,0.353078,0.118126,0.484026,0.318374,0.422281,0.437529,0.185673,0.069234,-0.110885,-0.612641,0.199442,0.224901,0.448699,0.026712,0.089886,-0.281248,-0.029049,-0.090683,0.909289,0.058594,0.717846,0.670203,0.227023,0.355978,0.268202,0.054093,0.198958,-0.069704,0.050241,-0.134239
0.002209,-0.300927,-0.164714,-0.283851,-0.199457,-0.188430,-0.152310,-0.208459,-0.237503,-0.272303,-0.126309,0.009071,-0.043134,-0.038993,0.071180,0.303065,0.663992,0.000000,-0.303023,-0.282656,0.322553,0.007726,-0.368987,-0.111158,-0.158552,-0.079331,0.046217,0.126335,0.150716,0.779683,0.117010,0.110121,0.159739,-0.059438,0.260305,-0.011468,-0.039575,-0.168667,0.040288,-0.136753,0.290785,-0.258479,0.053816,-0.040244,0.352869,0.143566,-0.134428,-0.075253,0.250032,0.229711,0.007146,0.148455,-0.175793,-0.227539,-0.180199,-0.244787,0.181226,0.144298,0.254221,0.124533,0.292548,0.166097,0.229175,0.284680,0.278426,0.455674,0.166769,0.112625,-0.138517,-0.290687,-0.050833,0.119343,0.189679,-0.034934,-0.192834,-0.300088,-0.347527,-0.348063,0.647626,0.504327,0.142555,0.629465,0.039721,0.239313,-0.079436,0.185812,0.493822,-0.090049,-0.367908,-0.059809
0.709110,0.995415,0.860607,1.393445,-0.096873,0.195983,1.116895,1.027965,0.117660,0.224016,0.378358,0.501970,0.387549,0.185017,0.105842,0.276087,-0.359476,-0.303023,0.000000,1.182093,-0.015856,0.403495,0.973271,0.966814,-0.095458,-0.016980,0.019219,0.093912,-0.151977,-0.159416,0.339051,0.505045,0.274516,0.599671,-0.053306,0.119420,-0.330140,0.251499,-0.159220,-0.008196,-0.394047,0.360335,-0.032163,-0.059945,-0.174886,0.053515,-0.024670,0.052329,-0.229871,0.084670,0.094408,-0.057862,0.245967,0.463945,0.035126,0.402801,0.357852,0.647031,0.247498,0.561623,0.047458,0.350273,0.169605,0.408360,-0.088439,-0.108151,0.206021,0.278094,0.812999,0.806176,0.326539,0.263520,-0.085712,0.431241,0.521731,0.851850,0.436863,0.424758,-0.511058,-0.307470,-0.037924,-0.076668,0.179538,0.204278,-0.298291,0.011877,-0.341036,0.285307,0.455107,0.698785
0.646204,0.788640,0.975516,1.108073,-0.178085,-0.047209,0.684677,0.804477,-0.016555,0.002896,0.224227,0.391927,0.261485,0.284517,0.094749,0.220246,-0.458815,-0.282656,1.182093,0.000000,0.037899,0.203704,0.808545,0.821369,-0.190102,-0.220321,-0.204832,-0.118671,-0.287942,-0.210705,0.128742,0.298043,0.258830,0.554749,0.086340,0.307332,-0.076003,0.320519,0.033701,0.189837,-0.116833,0.172559,0.163152,0.165980,-0.111306,0.077625,0.223637,0.290166,-0.208584,0.178939,0.169865,0.140275,0.241444,0.564750,0.209170,0.508852,0.222336,0.480085,0.067627,0.320850,-0.048909,0.260868,0.044129,0.298358,-0.091819,-0.160179,0.115717,0.303589,0.401854,1.063834,0.096178,0.024502,-0.045417,0.436294,0.245490,0.710403,0.297734,0.397641,-0.552278,-0.181470,-0.125369,-0.120322,0.144864,0.166978,-0.140386,0.187113,-0.118589,0.291977,0.343242,0.602641
0.030314,-0.059991,0.045809,-0.009700,-0.174314,-0.151842,0.125872,-0.003549,-0.015693,-0.190750,-0.003666,0.097880,0.086498,-0.178117,0.270838,0.231115,0.278218,0.322553,-0.015856,0.037899,0.000000,0.431076,-0.029526,0.119853,-0.122645,-0.123099,0.390586,-0.004819,0.379444,0.259259,0.298085,0.234600,-0.197084,-0.136878,0.046173,0.016505,0.039047,0.122966,0.279572,0.171935,0.079914,0.149959,-0.007915,0.074785,0.100598,-0.059191,-0.067376,-0.000687,0.015157,-0.009056,0.004968,0.001029,-0.116467,-0.150430,-0.077040,-0.133584,0.097727,0.132853,0.112685,0.114840,-0.006461,0.010979,0.111931,0.051485,0.211319,0.274208,0.050792,0.032559,-0.002546,0.054475,0.465932,0.559744,0.200513,0.069336,-0.056660,-0.035284,0.219863,0.100021,0.465885,-0.022939,0.269191,0.439600,0.250760,0.331236,0.000326,0.269753,0.115126,0.348747,0.062134,0.237662
0.154666,0.265808,0.056032,0.278030,0.041391,0.293288,0.302931,0.190987,0.151350,0.275211,0.201905,0.117912,0.190432,-0.295781,0.275981,0.269217,0.225050,0.007726,0.403495,0.203704,0.431076,0.000000,0.107491,0.186990,0.080436,0.208507,0.443060,0.278361,0.594507,0.223679,0.242330,0.191141,-0.078989,0.064130,-0.090676,-0.135198,-0.073391,0.229952,0.094346,0.150029,-0.206817,0.634450,-0.105192,-0.045660,0.095440,0.097865,-0.111213,-0.064841,0.116293,0.020731,0.206218,-0.125693,0.176725,0.087353,0.054937,0.141475,0.248025,0.314296,0.321568,0.411842,0.094339,0.120266,0.314068,0.299530,0.063785,0.111304,0.295060,0.172300,0.493600,0.187000,0.931907,0.775763,0.290084,0.333742,0.491759,0.315516,0.781673,0.612907,0.219272,-0.257128,0.496981,0.400907,0.310496,0.348168,-0.005887,0.115199,-0.208171,0.459053,0.484229,0.534778
0.659274,0.730229,1.055881,1.169611,0.152609,0.230212,0.959347,1.157421,0.375578,0.260817,0.333006,0.565170,0.539727,0.475942,0.165853,0.152669,-0.516373,-0.368987,0.973271,0.808545,-0.029526,0.107491,0.000000,1.258075,0.178897,0.113961,0.171676,0.181846,-0.277622,-0.361766,0.592127,0.620435,0.121488,0.373596,0.001404,0.190980,-0.222608,0.102262,-0.109618,0.016293,-0.288124,0.132945,-0.064815,-0.071891,-0.328877,-0.175286,-0.037605,-0.016828,-0.277742,-0.081191,0.049744,-0.045665,0.107660,0.314634,-0.114421,0.207217,0.258279,0.352199,0.138633,0.320265,-0.036309,0.129697,-0.098814,0.063613,-0.107689,-0.097533,0.178336,0.205018,0.489355,0.595160,0.186271,0.148411,-0.142522,0.226423,0.236364,0.591944,0.212638,0.212001,-0.487547,-0.116264,-0.280655,-0.270977,0.085587,-0.027708,-0.240594,-0.022346,-0.389231,0.210739,0.185860,0.408710
0.661116,0.620449,1.114115,1.196705,-0.040832,0.095440,0.984746,1.218542,0.214564,0.119829,0.240570,0.735343,0.436637,0.456705,0.136951,0.312131,-0.305676,-0.111158,0.966814,0.821369,0.119853,0.186990,1.258075,0.000000,0.034841,0.001060,0.131748,0.136368,-0.324534,-0.150342,0.609666,0.708484,0.206310,0.406242,0.201026,0.300646,-0.315524,0.051229,-0.171865,-0.065721,-0.259298,0.068933,0.055171,-0.091362,-0.085127,-0.013701,-0.048511,-0.015802,-0.161132,0.087087,0.156746,0.100245,0.112532,0.302981,-0.158873,0.171290,0.252788,0.414124,0.256068,0.565085,0.051424,0.292871,0.045359,0.183248,0.096297,0.129550,0.360293,0.455295,0.432594,0.443808,0.161467,0.194784,-0.169141,0.266226,0.209695,0.528303,0.114405,0.086623,-0.283798,-0.127958,-0.165795,-0.044081,0.028653,0.159098,-0.279695,0.121660,-0.367125,0.203927,0.171498,0.482373
-0.335682,-0.164009,-0.302249,0.015897,1.557212,1.037639,-0.221112,0.160677,0.575597,0.972192,-0.246549,-0.141192,0.095489,0.075270,0.276312,-0.260000,-0.022271,-0.158552,-0.095458,-0.190102,-0.122645,0.080436,0.178897,0.034841,0.000000,1.511703,0.689404,0.436836,0.243267,-0.205342,0.220812,-0.058168,-0.538151,-0.470579,-0.113154,-0.057927,0.069536,-0.231458,-0.102266,-0.032711,-0.222835,0.266024,-0.134917,-0.191198,-0.028323,-0.069795,-0.180592,-0.247041,0.200921,-0.199512,0.077198,-0.177862,0.003503,-0.129050,-0.149691,-0.226123,-0.144263,-0.230307,-0.237390,-0.122448,-0.254013,-0.333884,-0.460295,-0.213196,-0.429699,0.143725,0.016061,-0.079047,0.111308,-0.114224,0.166138,0.040607,0.275613,-0.015599,0.248142,-0.030779,0.097610,0.050861,-0.021221,0.004348,-0.169394,-0.111951,0.146507,-0.402874,0.114308,-0.299321,-0.203440,-0.112728,-0.002828,-0.135759
-0.309819,-0.084203,-0.403445,0.040262,1.276550,1.321535,-0.141579,0.193337,0.489835,1.274922,-0.172014,-0.083492,0.143905,-0.024314,0.294500,-0.197379,0.057847,-0.079331,-0.016980,-0.220321,-0.123099,0.208507,0.113961,0.001060,1.511703,0.000000,0.746795,0.460292,0.346998,-0.112210,0.257126,0.050606,-0.415485,-0.355149,-0.193186,-0.172838,-0.069381,-0.230097,-0.216538,-0.169736,-0.407714,0.373694,-0.243460,-0.313168,-0.019554,-0.040286,-0.327548,-0.378323,0.178598,-0.211898,-0.004825,-0.314687,-0.037138,-0.140114,-0.227038,-0.256136,-0.044093,-0.061013,-0.122562,0.055962,-0.171826,-0.162770,-0.342262,-0.030147,-0.444089,0.194305,0.038122,-0.057392,0.243964,-0.085596,0.349138,0.241135,0.319620,0.055368,0.417730,0.077057,0.208922,0.128716,-0.019999,-0.059330,-0.090792,-0.008970,0.168215,-0.328193,-0.005843,-0.376058,-0.225871,-0.137649,0.090481,-0.046774
-0.157666,0.064165,-0.184206,0.078761,0.657278,0.722483,0.048830,0.170828,0.484832,0.568310,-0.141611,-0.004388,0.064263,-0.187587,0.257491,-0.074403,0.149567,0.046217,0.019219,-0.204832,0.390586,0.443060,0.171676,0.131748,0.689404,0.746795,0.000000,0.575318,0.398319,-0.023373,0.386110,0.278001,-0.367193,-0.292296,-0.186310,-0.288808,-0.279842,-0.252776,-0.186646,-0.231415,-0.440808,0.426832,-0.324116,-0.384717,0.009947,-0.133464,-0.458857,-0.447656,0.125900,-0.295770,-0.048167,-0.423627,-0.085977,-0.305809,-0.442711,-0.441326,0.095692,0.135211,0.077322,0.139823,-0.089774,-0.156667,-0.066863,-0.027382,-0.074351,0.220939,0.127476,-0.081263,0.385308,-0.089837,0.468609,0.539297,0.140446,-0.081123,0.235012,0.011090,0.249976,0.035539,0.273907,-0.056441,0.096810,0.220070,0.120383,0.002079,-0.185884,-0.312199,-0.334901,0.057290,0.061588,-0.010270
0.102504,0.066841,-0.032979,0.055849,0.517036,0.574839,0.065087,0.136130,0.305622,0.423442,-0.047053,-0.121343,0.094710,-0.012880,0.352807,0.080575,0.209948,0.126335,0.093912,-0.118671,-0.004819,0.278361,0.181846,0.136368,0.436836,0.460292,0.575318,0.000000,0.177064,-0.012938,0.246489,0.162560,0.015307,-0.051753,-0.046100,-0.253134,-0.253827,-0.338535,-0.130365,-0.285741,-0.200588,0.105183,-0.201436,-0.298221,0.001238,-0.012357,-0.269970,-0.315319,0.166204,-0.127403,0.019701,-0.291291,0.031303,-0.266419,-0.198793,-0.209146,0.325404,0.176145,0.215075,0.092845,0.185784,-0.139170,-0.033012,-0.095927,-0.060941,0.048743,0.203568,-0.046689,0.461414,-0.071032,0.220864,0.248915,0.098565,-0.153631,0.175473,-0.024882,0.008347,-0.008336,0.078723,-0.086231,0.009556,0.038937,0.017404,-0.107067,-0.123002,-0.240963,-0.101811,-0.075869,0.072650,0.045558
-0.348874,-0.232127,-0.481046,-0.335062,0.184406,0.320034,-0.157645,-0.328808,0.108424,0.314252,0.265496,-0.223640,0.146682,-0.380672,0.384250,0.109028,0.664206,0.150716,-0.151977,-0.287942,0.379444,0.594507,-0.277622,-0.324534,0.243267,0.346998,0.398319,0.177064,0.000000,0.507126,0.136427,-0.082745,-0.220146,-0.217212,-0.192351,-0.325817,0.306639,0.222680,0.384966,0.246896,0.123691,0.661484,0.044210,0.143846,0.282601,0.208252,0.054202,0.079473,0.410472,0.059439,0.236700,-0.058131,0.184013,-0.070685,0.163527,-0.014975,-0.091813,-0.128673,0.088491,-0.016977,0.005370,-0.046843,0.252747,0.161832,0.125444,0.231350,-0.032025,-0.127872,-0.017422,-0.299841,0.750942,0.563382,0.643992,0.194700,0.351240,-0.008989,0.640679,0.447869,0.570322,-0.045643,0.802703,0.503691,0.535238,0.325613,0.432327,0.122584,0.086470,0.317715,0.394617,0.117191
-0.165689,-0.185635,-0.190017,-0.304309,-0.308980,-0.043376,-0.096506,-0.276107,-0.246282,-0.144448,0.172488,0.108869,-0.062696,-0.106608,0.123709,0.494183,0.917522,0.779683,-0.159416,-0.210705,0.259259,0.223679,-0.361766,-0.150342,-0.205342,-0.112210,-0.023373,-0.012938,0.507126,0.000000,0.158506,0.050266,0.268921,0.092212,0.189175,0.002340,0.178568,0.206059,0.197646,0.015796,0.407546,0.135534,0.175542,0.090420,0.489077,0.376547,0.044452,0.144890,0.325205,0.404062,0.162052,0.249803,0.040594,-0.099487,0.030614,-0.000213,-0.023959,0.063599,0.286874,0.198623,0.267263,0.354276,0.505336,0.617843,0.408970,0.558959,0.187041,0.202574,-0.126976,-0.425870,0.174292,0.203169,0.402948,0.306242,0.116120,-0.110803,0.053748,0.026465,0.669630,0.255935,0.578029,0.821527,0.218759,0.619588,0.198613,0.314993,0.208328,0.097926,0.025557,0.067102
0.322899,0.270692,0.310296,0.338165,0.053293,0.236992,0.658555,0.599706,0.300864,0.216666,0.414966,0.772873,0.674396,0.424363,0.152071,0.370111,0.106642,0.117010,0.339051,0.128742,0.298085,0.242330,0.592127,0.609666,0.220812,0.257126,0.386110,0.246489,0.136427,0.158506,0.000000,1.083792,0.101831,0.153974,-0.023502,-0.065316,-0.295419,-0.092794,-0.183726,-0.164832,-0.232645,0.127247,-0.212112,-0.260198,-0.159225,-0.200361,-0.296050,-0.280146,-0.128726,-0.140831,-0.052057,-0.160664,-0.079428,-0.060183,-0.369458,-0.196040,0.228044,0.252675,0.317357,0.418129,0.155075,0.257043,0.098675,0.173964,0.074767,0.262657,0.239662,0.128638,0.276659,-0.037010,0.485831,0.609174,0.026711,0.136774,0.106606,0.173424,0.099864,-0.043173,0.046046,-0.021363,-0.085260,0.032777,0.016999,0.114529,-0.271189,-0.040592,-0.268707,0.086199,0.004909,0.153430
0.624585,0.597600,0.454595,0.482742,-0.154368,0.061783,0.847947,0.791089,0.086165,0.052548,0.414146,0.916591,0.629119,0.432522,-0.003306,0.274638,-0.050003,0.110121,0.505045,0.298043,0.234600,0.191141,0.620435,0.708484,-0.058168,0.050606,0.278001,0.162560,-0.082745,0.050266,1.083792,0.000000,0.304116,0.399487,-0.084791,-0.111957,-0.640270,-0.209798,-0.418003,-0.408532,-0.399800,0.015617,-0.369329,-0.450249,-0.223831,-0.250913,-0.484008,-0.472265,-0.275681,-0.151609,-0.250893,-0.300726,-0.225532,-0.096054,-0.620877,-0.323777,0.542409,0.642797,0.518699,0.661931,0.320105,0.439744,0.197927,0.332187,0.059568,0.202018,0.275713,0.126428,0.459499,0.216461,0.360391,0.631215,-0.129132,0.120039,0.033099,0.235317,-0.009578,-0.146737,-0.086518,-0.052762,-0.170248,0.051892,-0.099317,0.115306,-0.623958,-0.223943,-0.274786,-0.068023,-0.111163,0.119473
0.595539,0.484450,0.310624,0.142320,-0.507772,-0.208622,0.283646,0.131544,-0.247978,-0.248636,0.515687,0.363232,0.188589,0.344823,0.039460,0.384881,0.186124,0.159739,0.274516,0.258830,-0.197084,-0.078989,0.121488,0.206310,-0.538151,-0.415485,-0.367193,0.015307,-0.220146,0.268921,0.101831,0.304116,0.000000,1.423834,0.303367,0.181599,-0.342203,-0.086499,-0.302097,-0.459522,0.046071,-0.314197,0.129783,-0.198142,0.129150,0.208517,0.023832,-0.008061,-0.064259,0.336935,0.002383,0.059481,-0.007582,-0.000764,-0.087664,0.050724,0.521959,0.592962,0.622800,0.549886,0.869417,0.809362,0.709900,0.577413,0.514017,0.166267,0.445035,0.423985,0.170862,0.153460,-0.174785,-0.060991,-0.031914,0.169858,0.008853,0.145143,-0.245885,-0.135817,-0.216203,-0.042628,0.049231,-0.090802,-0.252939,0.221106,-0.144940,-0.115335,0.016413,-0.291136,0.006726,-0.045592
0.772930,0.816366,0.491153,0.445422,-0.452570,-0.123359,0.543924,0.402586,-0.135082,-0.133554,0.643313,0.526432,0.303045,0.392696,0.027818,0.381568,-0.049648,-0.059438,0.599671,0.554749,-0.136878,0.064130,0.373596,0.406242,-0.470579,-0.355149,-0.292296,-0.051753,-0.217212,0.092212,0.153974,0.399487,1.423834,0.000000,0.195008,0.247247,-0.381588,0.051029,-0.329560,-0.345690,-0.110835,-0.110104,0.123906,-0.150056,0.017485,0.195851,0.040823,0.043035,-0.158373,0.295505,0.022408,0.011122,0.042463,0.165733,-0.053459,0.172629,0.554866,0.759642,0.557930,0.687603,0.668749,0.886787,0.638664,0.622696,0.348349,0.072079,0.438917,0.495478,0.324871,0.456656,-0.024574,0.044662,-0.071631,0.285185,0.135440,0.403671,0.001175,0.096680,-0.430090,-0.191832,0.006083,-0.173996,-0.175253,0.245378,-0.188409,-0.097380,-0.147864,-0.126592,0.187879,0.159018
0.059477,-0.130888,0.201242,0.032833,-0.171736,-0.192327,-0.002500,-0.064179,0.015534,-0.276741,0.011861,0.105766,-0.013082,0.168400,0.117639,0.331910,0.169352,0.260305,-0.053306,0.086340,0.046173,-0.090676,0.001404,0.201026,-0.113154,-0.193186,-0.186310,-0.046100,-0.192351,0.189175,-0.023502,-0.084791,0.303367,0.195008,0.000000,0.916238,0.153457,0.034920,0.016885,0.002827,0.302940,-0.203426,0.556044,0.164968,0.529703,0.408409,0.320549,0.365264,0.210463,0.494779,0.409257,0.550169,0.117962,0.215905,0.082009,0.134941,-0.104489,-0.091758,0.178532,0.159142,0.141213,0.110225,0.252354,0.092320,0.549577,0.473749,0.511913,0.719142,-0.206887,-0.113645,-0.210551,-0.198452,0.124172,0.204645,-0.142142,0.052145,-0.121999,0.011506,0.119968,0.168299,0.087763,0.216655,-0.140570,0.241837,0.299002,0.434112,0.004844,0.022438,-0.027253,0.079607
0.102055,0.005799,0.305570,0.250933,-0.127071,-0.192409,0.072557,0.158372,0.106288,-0.201918,-0.022468,0.232222,0.067918,0.357016,0.100714,0.360953,-0.185919,-0.011468,0.119420,0.307332,0.016505,-0.135198,0.190980,0.300646,-0.057927,-0.172838,-0.288808,-0.253134,-0.325817,0.002340,-0.065316,-0.111957,0.181599,0.247247,0.916238,0.000000,0.204369,0.255267,0.014300,0.177237,0.220229,-0.208107,0.548988,0.246527,0.279923,0.270234,0.384178,0.427795,0.006252,0.412510,0.326140,0.497668,0.075842,0.368498,0.175543,0.324269,-0.170810,-0.082340,-0.005910,0.194031,0.004601,0.164641,0.046955,0.111478,0.232712,0.256567,0.402158,0.753025,-0.266760,0.162117,-0.243036,-0.299073,-0.002376,0.296978,-0.054305,0.278608,-0.067945,0.126626,-0.195230,0.203958,-0.171983,-0.082458,-0.135820,0.126789,0.270840,0.416370,-0.049951,0.066146,0.001667,0.178703
-0.468371,-0.532479,-0.116271,-0.262190,0.031678,-0.130592,-0.397326,-0.434831,0.018762,-0.139795,-0.157919,-0.400820,-0.248034,-0.182420,0.190688,-0.102760,0.110501,-0.039575,-0.330140,-0.076003,0.039047,-0.073391,-0.222608,-0.315524,0.069536,-0.069381,-0.279842,-0.253827,0.306639,0.178568,-0.295419,-0.640270,-0.342203,-0.381588,0.153457,0.204369,0.000000,0.619377,1.133433,1.017909,0.982228,0.098655,0.564875,0.836420,0.287203,0.275015,0.870724,0.846844,0.301586,0.284525,0.461779,0.638630,0.305055,0.267205,0.850914,0.516649,-0.597283,-0.759943,-0.447642,-0.568924,-0.463007,-0.434238,-0.281192,-0.283792,-0.018656,-0.030218,-0.240993,-0.000536,-0.559732,-0.200559,-0.020515,-0.269469,0.443278,0.107091,-0.010171,-0.107735,0.228485,0.296394,0.234260,0.108712,0.292417,0.145143,0.511480,0.079811,1.119608,0.731921,0.359683,0.386013,0.215770,0.099334
-0.140893,0.022535,0.231775,0.232381,-0.319513,-0.150189,0.131822,-0.007056,0.019593,-0.087136,0.049142,-0.017009,-0.179560,-0.146119,0.051659,0.253703,-0.132977,-0.168667,0.251499,0.320519,0.122966,0.229952,0.102262,0.051229,-0.231458,-0.230097,-0.252776,-0.338535,0.222680,0.206059,-0.092794,-0.209798,-0.086499,0.051029,0.034920,0.255267,0.619377,0.000000,0.569732,0.796891,0.333411,0.452175,0.478123,0.624311,0.135030,0.313811,0.637373,0.815370,0.090646,0.393110,0.423932,0.448251,0.413070,0.594916,0.718295,0.859696,-0.395746,-0.229806,-0.183738,-0.028804,-0.348242,-0.001460,-0.008392,0.114523,0.038470,0.027536,-0.042504,0.256207,-0.143831,0.160396,0.181148,-0.018834,0.134505,0.493036,0.311128,0.387192,0.639878,0.703201,-0.068697,-0.078451,0.356212,0.161085,0.422592,0.485909,0.463002,0.735322,0.097645,0.754521,0.571361,0.682487
-0.261896,-0.364392,0.053106,-0.147183,-0.115353,-0.245194,-0.146420,-0.334457,-0.087817,-0.224761,-0.079506,-0.395110,-0.171189,-0.342200,0.190053,-0.098701,0.126945,0.040288,-0.159220,0.033701,0.279572,0.094346,-0.109618,-0.171865,-0.102266,-0.216538,-0.186646,-0.130365,0.384966,0.197646,-0.183726,-0.418003,-0.302097,-0.329560,0.016885,0.014300,1.133433,0.569732,0.000000,1.085097,0.868104,0.129095,0.411599,0.883294,0.186148,0.184470,0.707401,0.757197,0.222073,0.187917,0.375284,0.446177,0.244977,0.177087,0.765276,0.513475,-0.343262,-0.473650,-0.321074,-0.501345,-0.398348,-0.409680,-0.222635,-0.332387,0.064629,-0.084105,-0.309912,-0.102367,-0.337752,-0.039052,0.160882,-0.031875,0.329330,0.035788,-0.057301,-0.109425,0.329763,0.344106,0.369483,0.100573,0.437677,0.281524,0.751219,0.212378,0.754943,0.814852,0.450484,0.651112,0.299630,0.291383
-0.195627,-0.255729,0.117755,0.042671,-0.060905,-0.203816,-0.048249,-0.146201,0.117925,-0.133701,-0.098022,-0.221886,-0.044776,-0.189078,0.070949,0.012604,-0.191262,-0.136753,-0.008196,0.189837,0.171935,0.150029,0.016293,-0.065721,-0.032711,-0.169736,-0.231415,-0.285741,0.246896,0.015796,-0.164832,-0.408532,-0.459522,-0.345690,0.002827,0.177237,1.017909,0.796891,1.085097,0.000000,0.550711,0.248829,0.431071,1.056011,0.051474,0.139823,0.807107,0.865272,0.104026,0.176965,0.404859,0.518452,0.326978,0.484736,0.892529,0.756618,-0.460200,-0.551713,-0.428427,-0.425081,-0.596245,-0.373048,-0.276843,-0.321378,-0.065917,-0.161015,-0.257216,-0.005379,-0.343980,0.095912,0.149449,-0.084899,0.160287,0.155860,-0.006047,0.091105,0.472142,0.548069,0.084212,0.113102,0.200343,0.086065,0.492272,0.082550,0.651842,0.935666,0.245509,0.778879,0.305527,0.384117
-0.262122,-0.431127,-0.011010,-0.347335,-0.297384,-0.426485,-0.352896,-0.502598,-0.272159,-0.500709,-0.079428,-0.279600,-0.276560,-0.095537,0.095841,0.015118,0.300403,0.290785,-0.394047,-0.116833,0.079914,-0.206817,-0.288124,-0.259298,-0.222835,-0.407714,-0.440808,-0.200588,0.123691,0.407546,-0.232645,-0.399800,0.046071,-0.110835,0.302940,0.220229,0.982228,0.333411,0.868104,0.550711,0.000000,-0.263149,0.471849,0.584418,0.347522,0.270613,0.624975,0.605524,0.249055,0.373388,0.282949,0.645065,0.072325,0.010347,0.510879,0.278796,-0.317931,-0.435015,-0.202727,-0.455133,-0.132766,-0.246351,-0.074402,-0.140857,0.217991,0.082688,-0.151138,0.040513,-0.578663,-0.267755,-0.198144,-0.310143,0.365860,0.000373,-0.292245,-0.353080,-0.132833,-0.022326,0.314006,0.222196,0.289609,0.284997,0.328919,0.203902,0.783412,0.670049,0.620207,0.215330,-0.052994,-0.053268
-0.234950,0.141369,-0.096450,0.221144,0.223471,0.518033,0.181020,0.121253,0.272748,0.513203,0.135900,-0.028138,0.043805,-0.378737,0.182016,0.111962,0.091259,-0.258479,0.360335,0.172559,0.149959,0.634450,0.132945,0.068933,0.266024,0.373694,0.426832,0.105183,0.661484,0.135534,0.127247,0.015617,-0.314197,-0.110104,-0.203426,-0.208107,0.098655,0.452175,0.129095,0.248829,-0.263149,0.000000,0.028050,0.134929,0.107643,0.268259,0.051126,0.144542,0.220274,0.090195,0.344559,-0.040977,0.441456,0.333393,0.201166,0.260092,-0.177237,0.027997,-0.023000,0.161163,-0.274512,0.013764,0.135166,0.268780,-0.119585,0.063306,-0.027344,0.019595,0.283318,0.072495,0.650723,0.449791,0.308722,0.483594,0.787295,0.442899,1.135057,0.793202,0.069915,-0.290984,0.515111,0.314595,0.486869,0.426301,0.166169,0.156181,-0.265187,0.590095,0.729395,0.537491
-0.129145,-0.203857,0.187449,0.007968,-0.205233,-0.209595,-0.092355,-0.164817,0.034059,-0.248855,-0.036256,-0.125926,-0.164769,0.009933,-0.002302,0.177949,0.139630,0.053816,-0.032163,0.163152,-0.007915,-0.105192,-0.064815,0.055171,-0.134917,-0.243460,-0.324116,-0.201436,0.044210,0.175542,-0.212112,-0.369329,0.129783,0.123906,0.556044,0.548988,0.564875,0.478123,0.411599,0.431071,0.471849,0.028050,0.000000,0.889363,0.855800,0.866581,1.307117,1.128587,0.662951,0.894506,0.915585,0.860981,0.603976,0.487914,0.711380,0.631575,-0.283494,-0.315987,-0.047087,0.002751,-0.081755,-0.001710,0.201205,-0.065099,0.393618,0.091203,0.284390,0.615702,-0.341794,-0.079963,-0.237871,-0.309749,0.101582,0.124365,-0.014013,0.110421,0.144217,0.248427,0.106104,0.058272,0.324401,0.108190,0.245716,0.375587,0.691921,0.702681,0.175602,0.255732,0.323344,0.171723
-0.181824,-0.274778,0.159727,-0.008369,-0.182458,-0.328057,-0.084081,-0.231901,-0.018629,-0.280420,-0.094979,-0.275608,-0.116103,-0.161176,-0.018538,0.005266,-0.044776,-0.040244,-0.059945,0.165980,0.074785,-0.045660,-0.071891,-0.091362,-0.191198,-0.313168,-0.384717,-0.298221,0.143846,0.090420,-0.260198,-0.450249,-0.198142,-0.150056,0.164968,0.246527,0.836420,0.624311,0.883294,1.056011,0.584418,0.134929,0.889363,0.000000,0.377105,0.550846,1.270695,1.425566,0.328393,0.530875,0.588776,0.737839,0.494930,0.534427,1.008040,0.824739,-0.437632,-0.507037,-0.374398,-0.367878,-0.431590,-0.235095,-0.092739,-0.245440,0.083545,-0.150748,-0.197924,0.125106,-0.396358,0.026565,-0.107865,-0.253872,0.065592,0.050074,-0.059383,0.058659,0.305437,0.382773,0.135670,0.118680,0.312778,0.140598,0.456082,0.233597,0.760101,1.011412,0.315874,0.591966,0.352249,0.293374
-0.264509,-0.334227,-0.131026,-0.232858,-0.108684,-0.008259,-0.227246,-0.323623,-0.025599,-0.100593,-0.096444,-0.203905,-0.190842,-0.187748,0.051717,0.198278,0.526540,0.352869,-0.174886,-0.111306,0.100598,0.095440,-0.328877,-0.085127,-0.028323,-0.019554,0.009947,0.001238,0.282601,0.489077,-0.159225,-0.223831,0.129150,0.017485,0.529703,0.279923,0.287203,0.135030,0.186148,0.051474,0.347522,0.107643,0.855800,0.377105,0.000000,1.142136,0.475415,0.471208,1.171978,0.899797,0.795471,0.592541,0.394463,0.156458,0.242219,0.111971,-0.174490,-0.184786,0.170865,0.152553,0.091861,0.038144,0.375676,0.103414,0.498694,0.467140,0.388456,0.540448,-0.194687,-0.299270,-0.086927,-0.052997,0.239590,0.066321,0.004174,-0.112445,0.078560,0.040623,0.464008,0.045332,0.571127,0.590129,0.217333,0.566506,0.467404,0.434425,0.188385,0.095359,0.162465,0.034235
-0.171558,-0.120884,0.000205,-0.002506,-0.137213,0.044045,-0.080785,-0.169433,-0.015365,0.000683,-0.010250,-0.166111,-0.199803,-0.158764,0.038023,0.208204,0.361985,0.143566,0.053515,0.077625,-0.059191,0.097865,-0.175286,-0.013701,-0.069795,-0.040286,-0.133464,-0.012357,0.208252,0.376547,-0.200361,-0.250913,0.208517,0.195851,0.408409,0.270234,0.275015,0.313811,0.184470,0.139823,0.270613,0.268259,0.866581,0.550846,1.142136,0.000000,0.589015,0.674146,0.827633,1.226156,0.801912,0.644115,0.511890,0.330023,0.460288,0.447801,-0.189018,-0.116952,0.066195,0.177188,-0.001264,0.159480,0.308809,0.214109,0.312226,0.345971,0.261914,0.577833,-0.087912,-0.124943,-0.073767,-0.110461,0.176364,0.255415,0.240105,0.139689,0.243600,0.288368,0.173501,-0.152738,0.572348,0.399223,0.266882,0.537171,0.533235,0.503214,0.123731,0.213344,0.469501,0.284261
-0.135023,-0.194874,0.210711,0.014696,-0.197300,-0.278243,-0.099514,-0.216028,-0.004211,-0.293833,-0.050216,-0.233869,-0.149985,-0.067014,0.022291,0.050138,-0.032680,-0.134428,-0.024670,0.223637,-0.067376,-0.111213,-0.037605,-0.048511,-0.180592,-0.327548,-0.458857,-0.269970,0.054202,0.044452,-0.296050,-0.484008,0.023832,0.040823,0.320549,0.384178,0.870724,0.637373,0.707401,0.807107,0.624975,0.051126,1.307117,1.270695,0.475415,0.589015,0.000000,1.428898,0.416707,0.603633,0.764406,0.836085,0.622374,0.576169,1.137778,0.845567,-0.378164,-0.456315,-0.251189,-0.267311,-0.272772,-0.179769,0.007667,-0.214181,0.214424,-0.150803,-0.001178,0.296728,-0.378734,0.028942,-0.177000,-0.339341,0.138501,0.099275,-0.014971,0.087938,0.265216,0.388922,0.005051,0.032064,0.294418,-0.004814,0.353392,0.216233,0.868566,0.833466,0.266892,0.404647,0.389049,0.205887
