0.000000,0.889914,0.283360,0.280093,-0.160464,-0.324845,0.331375,-0.113235,-0.079372,-0.328207,0.687531,0.087187,0.331865,-0.002646,-0.057593,-0.371384,0.383089,0.253875,0.848275,0.830346,0.314325,0.223411,0.393027,0.290512,-0.088076,0.097522,0.300085,0.136277,0.497655,0.231894,0.344268,0.305422,0.513353,0.314434,0.220077,-0.032060,0.212336,0.362055,0.051776,0.121613,0.399626,0.197564,-0.100332,0.107265,0.287008,-0.150386,-0.054110,-0.007496,0.120515,-0.166775,0.033400,-0.076766,-0.307796,-0.290085,0.077420,-0.053733,0.749467,0.703287,0.648247,0.388024,0.638906,0.424483,0.183496,0.513495,-0.052878,-0.349433,0.571240,0.456180,0.849220,0.696426,0.102313,0.130988,0.177103,0.078926,0.120173,0.034976,-0.115857,-0.160570,0.165271,0.154783,0.367956,0.149630,0.113955,0.040856,0.466561,0.318030,0.062406,-0.056779,0.320924,0.090372
0.889914,0.000000,0.328864,0.409756,-0.051227,-0.106232,0.290929,0.128829,0.023033,-0.135287,0.615156,0.324348,0.456282,0.226439,0.030374,-0.042941,0.581818,0.522248,0.633282,0.738172,0.280428,0.256081,0.465427,0.401286,-0.023105,0.181476,0.137709,0.101118,0.590511,0.457674,0.325059,0.317538,0.654064,0.528824,0.256366,0.160041,0.249454,0.401399,0.099293,0.127998,0.354726,0.226154,0.301130,0.363713,0.442376,-0.011865,0.284848,0.351011,0.155468,-0.146444,0.191642,-0.022441,0.035284,0.038256,0.277879,0.218889,0.801142,1.065766,0.513762,0.246363,0.481924,0.356832,0.252421,0.749300,-0.058408,-0.223788,0.497314,0.543846,0.786389,0.790536,0.097587,0.215901,0.332032,0.204606,0.117294,0.125574,0.100769,0.162928,0.306563,0.343574,0.551003,0.506143,0.291858,0.142376,0.510941,0.473128,0.111919,0.052611,0.321137,0.213194
0.283360,0.328864,0.000000,0.835205,0.315013,0.284558,1.150854,0.551407,0.231758,0.175107,0.442312,0.274820,0.652497,0.292624,0.401162,0.277000,0.195504,0.119544,0.474830,0.382832,0.100774,0.107337,0.714715,0.648898,0.201004,0.263930,0.160333,0.141767,0.337021,0.217534,0.268511,0.204670,0.272671,0.282768,0.293837,0.192389,0.131414,0.130982,0.234901,0.212646,0.045396,0.006604,0.109833,0.076075,0.094797,0.134792,0.115109,0.049697,0.128318,0.087313,0.302703,0.334458,0.092829,0.059327,0.259320,0.112434,0.147371,0.144459,0.291918,0.144055,0.363215,0.154126,0.101044,0.189076,0.517825,0.231924,0.297093,0.253013,0.181367,0.155627,0.107869,0.076810,0.149389,0.208404,0.151227,0.159715,0.149936,0.187280,0.159646,0.023609,0.264022,0.212407,0.287593,0.229924,0.392244,0.442869,0.210931,0.207024,0.434396,0.419417
0.280093,0.409756,0.835205,0.000000,0.246629,0.207595,0.741442,0.844751,0.123790,0.106157,0.341174,0.515453,0.514558,0.427629,0.229437,0.258370,0.138653,0.129181,0.483141,0.603399,0.130739,0.204280,0.548094,0.766175,0.217524,0.264295,0.198299,0.209686,0.267574,0.216574,0.367567,0.400861,0.241706,0.338727,0.241514,0.254204,0.136788,0.171498,0.168844,0.148970,0.106860,0.014977,0.096001,0.090708,0.152958,0.252801,0.112410,0.062336,0.079712,0.127964,0.194536,0.329656,0.044631,-0.022391,0.136785,0.127532,0.081599,0.139107,0.306852,0.254093,0.344933,0.284097,0.095332,0.206951,0.455167,0.464990,0.320034,0.294285,0.234097,0.175232,0.112468,0.136898,0.138930,0.276674,0.163909,0.146034,0.047915,0.166020,0.127172,0.065794,0.173499,0.181860,0.189788,0.093535,0.322071,0.521785,0.175556,0.120191,0.279749,0.442471
-0.160464,-0.051227,0.315013,0.246629,0.000000,0.572042,0.232894,0.374969,0.322568,0.510020,0.032295,0.119493,0.168373,0.271715,0.564000,0.540728,0.045372,0.124587,-0.043104,-0.119863,-0.034057,0.004584,0.184384,0.257561,0.401634,0.291959,-0.013005,0.112126,0.130982,0.169447,-0.037870,-0.083924,0.060265,0.128011,0.138122,0.215964,0.232099,0.181830,0.512449,0.387793,-0.060693,0.011519,0.184162,0.128055,0.062455,0.251839,0.261348,0.147084,0.236976,0.326597,0.362087,0.359971,0.388220,0.375265,0.420555,0.403909,-0.058748,-0.044570,0.001373,0.170086,-0.011035,0.108740,0.104028,0.060200,0.299484,0.275727,0.043680,0.071149,-0.138922,-0.042554,-0.073665,-0.186148,0.088465,0.095969,0.027585,0.078109,0.292317,0.208083,0.060974,0.024977,0.136247,0.204316,0.416145,0.447808,0.125335,0.232639,0.356671,0.540017,0.193821,0.381677
-0.324845,-0.106232,0.284558,0.207595,0.572042,0.000000,0.189080,0.453341,0.300296,0.670853,-0.080343,0.178332,0.028660,0.218689,0.445386,0.777201,0.019717,0.075666,-0.224037,-0.228847,-0.224221,-0.061405,-0.008853,0.139975,0.281827,0.194000,-0.072643,0.165041,-0.017349,0.152578,-0.210061,-0.169284,0.019185,0.123775,-0.004991,0.188133,0.125607,-0.017143,0.445958,0.276541,-0.150769,-0.035168,0.236128,0.045847,-0.011908,0.216068,0.229094,0.147989,0.153949,0.227270,0.255460,0.304509,0.453031,0.388355,0.339038,0.322942,-0.058226,-0.123821,-0.094652,-0.009741,-0.024610,-0.027009,0.099717,-0.009518,0.146029,0.306818,-0.085243,-0.052107,-0.188700,-0.153199,-0.057490,-0.221421,-0.015327,0.049525,-0.023542,0.051818,0.368767,0.307956,0.102199,-0.033496,0.058453,0.202897,0.375957,0.518985,-0.019637,0.076985,0.201930,0.515290,0.182847,0.357938
0.331375,0.290929,1.150854,0.741442,0.232894,0.189080,0.000000,0.648710,0.353933,0.113527,0.505540,0.429643,0.656422,0.397607,0.294622,0.111495,0.207450,0.150826,0.473244,0.503475,0.100486,0.124733,0.385549,0.387427,0.055810,0.074276,0.194729,0.230266,0.383032,0.223089,0.237459,0.266007,0.265810,0.364273,0.199389,0.112096,0.187517,0.127730,0.217511,0.180672,0.052849,0.030639,0.061264,0.063518,0.166089,0.181410,0.067770,0.001205,0.226098,0.146003,0.240146,0.373301,0.051360,-0.009481,0.254744,0.120210,0.122190,0.101315,0.444271,0.269449,0.595967,0.343203,0.209746,0.199834,0.487427,0.358625,0.400395,0.257526,0.260417,0.149981,0.125638,0.081288,0.145728,0.171498,0.184366,0.127018,0.113944,0.122068,0.085523,-0.030173,0.190651,0.119160,0.195318,0.102530,0.211329,0.316102,0.206388,0.119244,0.375810,0.463305
-0.113235,0.128829,0.551407,0.844751,0.374969,0.453341,0.648710,0.000000,0.242721,0.420112,0.102913,0.714691,0.369311,0.627449,0.233071,0.493676,0.229076,0.317992,0.096663,0.268407,-0.032820,0.108996,0.175200,0.372262,0.223305,0.067843,-0.038436,0.155885,0.284634,0.345494,0.205669,0.306217,0.199520,0.421751,0.116715,0.316197,0.067806,0.022785,0.216625,0.139057,-0.107263,-0.001625,0.348667,0.186964,0.200613,0.474858,0.355754,0.260192,0.170250,0.214979,0.281423,0.371045,0.352352,0.168020,0.218294,0.273852,-0.000496,0.002028,0.160888,0.145742,0.243616,0.224622,0.316433,0.163860,0.434184,0.763544,0.234041,0.221222,0.007560,-0.036188,0.096969,0.081322,0.152986,0.271321,0.139221,0.155226,0.221885,0.346111,0.224225,0.073232,0.141783,0.337622,0.152699,0.161618,0.029579,0.314392,0.129035,0.233203,0.096139,0.434353
-0.079372,0.023033,0.231758,0.123790,0.322568,0.300296,0.353933,0.242721,0.000000,0.388860,0.151153,0.193864,0.182480,0.312936,0.388915,0.329138,0.078871,0.093007,0.010488,0.006442,-0.096903,-0.044704,-0.000628,0.047209,0.146321,0.035046,0.007483,0.106596,0.139777,0.094047,-0.167146,-0.095191,-0.004315,0.079998,-0.017210,0.078257,0.218615,0.162166,0.340930,0.275117,0.027493,0.055907,0.116028,0.075041,0.051461,0.116477,0.117757,0.058776,0.202967,0.211725,0.190193,0.316157,0.241356,0.249707,0.369624,0.314034,-0.009547,0.005802,0.111276,0.152514,0.203963,0.237870,0.151181,0.063983,0.152043,0.213920,0.051190,0.028553,-0.014933,-0.012621,-0.156920,-0.137076,0.031739,0.010358,0.054080,-0.008262,0.175084,0.112213,0.037620,-0.006394,0.109461,0.078034,0.322639,0.301159,0.002661,0.079940,0.214381,0.345059,0.330368,0.385941
-0.328207,-0.135287,0.175107,0.106157,0.510020,0.670853,0.113527,0.420112,0.388860,0.000000,-0.126322,0.149312,0.023993,0.289371,0.355386,0.662309,0.083312,0.158641,-0.263554,-0.273595,-0.163291,-0.088925,-0.027920,0.100866,0.325079,0.197717,-0.188175,-0.008466,0.048340,0.186793,-0.153691,-0.137522,0.040509,0.124132,-0.004133,0.262127,0.101889,-0.013131,0.378242,0.253229,-0.139134,0.004524,0.286442,0.130043,0.012412,0.253895,0.342549,0.235548,0.141413,0.200580,0.297679,0.276001,0.436731,0.412870,0.343398,0.379514,-0.029419,-0.065102,-0.082904,-0.016042,-0.053851,0.013167,0.149567,0.051712,0.134640,0.269362,-0.035126,0.028563,-0.225381,-0.142827,-0.121800,-0.226073,0.100609,0.056930,-0.015140,-0.002245,0.264547,0.307219,0.183753,0.046665,0.075079,0.238506,0.283021,0.405534,-0.036245,0.114287,0.146927,0.510476,0.104800,0.321202
0.687531,0.615156,0.442312,0.341174,0.032295,-0.080343,0.505540,0.102913,0.151153,-0.126322,0.000000,0.374948,0.701308,0.256005,0.228446,-0.020798,0.415553,0.301326,0.775895,0.602036,0.196684,0.246697,0.510021,0.363813,-0.042023,0.109994,0.214671,0.114816,0.631465,0.282617,0.220898,0.245431,0.311894,0.221877,0.256786,0.028281,0.317461,0.330430,0.240124,0.239110,0.329218,0.231798,0.094580,0.129631,0.285818,-0.025931,0.109439,0.086617,0.178452,-0.040077,0.129814,0.065548,-0.047584,-0.065981,0.258072,0.125555,0.450227,0.459553,0.434821,0.271868,0.469905,0.263358,0.197543,0.296069,0.154626,-0.138029,0.370809,0.317556,0.518157,0.370697,0.025284,0.141065,0.298893,0.109681,0.116957,0.085495,0.108455,0.020926,0.206580,0.203938,0.471364,0.211564,0.410609,0.198597,0.603019,0.421969,0.271720,0.155837,0.455107,0.285085
0.087187,0.324348,0.274820,0.515453,0.119493,0.178332,0.429643,0.714691,0.193864,0.149312,0.374948,0.000000,0.403929,0.659197,0.105745,0.359347,0.354446,0.409450,0.198421,0.484410,0.062480,0.155978,0.060246,0.176169,0.027340,-0.052804,0.066910,0.147109,0.471188,0.514270,0.100121,0.260848,0.172856,0.348550,0.016255,0.127327,0.117763,0.181140,0.088822,0.120947,0.032170,0.118359,0.359984,0.289339,0.347212,0.416124,0.310491,0.276924,0.218960,0.182055,0.132224,0.215542,0.231211,0.132410,0.161752,0.208770,0.168039,0.148616,0.300142,0.208628,0.433419,0.312926,0.429860,0.245239,0.246847,0.501724,0.235527,0.227845,0.191578,0.071290,0.110964,0.139448,0.261878,0.221528,0.177088,0.072811,0.156855,0.278143,0.190449,0.113404,0.187182,0.257796,0.156373,0.125382,0.054300,0.260575,0.047183,0.027578,0.185981,0.396854
0.331865,0.456282,0.652497,0.514558,0.168373,0.028660,0.656422,0.369311,0.182480,0.023993,0.701308,0.403929,0.000000,0.629322,0.301128,0.190139,0.487346,0.387252,0.557424,0.398634,0.295458,0.208520,0.701992,0.639513,0.090611,0.243587,0.050744,0.115584,0.642340,0.335570,0.311341,0.257721,0.398377,0.289658,0.303491,0.134345,0.311624,0.340698,0.241259,0.229055,0.213638,0.237000,0.277292,0.231761,0.262857,0.113216,0.263987,0.289359,0.075874,-0.001987,0.236176,0.193978,0.094464,0.060188,0.346222,0.263489,0.292480,0.373056,0.253534,0.221108,0.390538,0.254383,0.297509,0.314858,0.417770,0.180271,0.336448,0.318657,0.272993,0.260960,0.147149,0.097769,0.395557,0.211431,0.208471,0.093932,0.131675,0.131583,0.272119,0.246490,0.491022,0.397986,0.359041,0.120163,0.526326,0.540746,0.267993,0.143578,0.431671,0.394650
-0.002646,0.226439,0.292624,0.427629,0.271715,0.218689,0.397607,0.627449,0.312936,0.289371,0.256005,0.659197,0.629322,0.000000,0.227054,0.411246,0.381362,0.480747,0.079581,0.168844,0.122816,0.155116,0.143343,0.289711,0.095206,0.072980,-0.049228,0.079643,0.429911,0.413109,0.125858,0.206135,0.263689,0.324753,0.066555,0.184891,0.262109,0.206548,0.282179,0.190639,0.082909,0.177633,0.320764,0.237310,0.223608,0.264881,0.339856,0.292927,0.169458,0.130042,0.277990,0.234630,0.319576,0.214950,0.350583,0.372416,0.111785,0.185095,0.150053,0.181238,0.332257,0.328354,0.464120,0.333713,0.210698,0.439637,0.191708,0.170793,0.058360,0.057082,0.061890,0.025905,0.331818,0.249644,0.207406,0.074372,0.162474,0.249953,0.290264,0.221610,0.300417,0.415885,0.282369,0.145748,0.115251,0.293211,0.247227,0.194325,0.207478,0.478046
-0.057593,0.030374,0.401162,0.229437,0.564000,0.445386,0.294622,0.233071,0.388915,0.355386,0.228446,0.105745,0.301128,0.227054,0.000000,0.554396,0.106886,0.140428,0.121527,-0.018858,-0.035488,0.104697,0.386080,0.433247,0.133708,0.280618,0.100749,0.206445,0.252992,0.177117,-0.029663,-0.084947,0.048897,0.031669,0.263917,0.209092,0.401959,0.248507,0.845633,0.591284,0.046967,0.079440,0.139098,0.070828,0.076917,0.176995,0.173323,0.086647,0.191929,0.264344,0.353751,0.393874,0.278807,0.282207,0.486730,0.322708,-0.011667,0.056907,0.034348,0.216328,0.053854,0.117019,0.070261,0.093827,0.350685,0.134150,0.072155,0.124379,0.008014,0.006401,-0.268801,-0.373714,0.113018,0.053433,-0.038436,0.083102,0.329138,0.138264,0.118206,0.106932,0.201143,0.136997,0.762387,0.732186,0.338800,0.323149,0.490477,0.752324,0.444903,0.465393
-0.371384,-0.042941,0.277000,0.258370,0.540728,0.777201,0.111495,0.493676,0.329138,0.662309,-0.020798,0.359347,0.190139,0.411246,0.554396,0.000000,0.151583,0.202847,-0.196850,-0.200473,-0.178157,-0.056113,0.120246,0.276366,0.266998,0.250746,-0.187012,0.025601,0.137914,0.265801,-0.147035,-0.090366,0.088527,0.171463,0.034138,0.284030,0.124638,0.002244,0.448258,0.294078,-0.166203,-0.026883,0.411303,0.175067,0.034852,0.254057,0.383371,0.340720,0.143690,0.219077,0.273629,0.292243,0.470861,0.431619,0.354907,0.327310,-0.029362,-0.041470,-0.145372,-0.073884,-0.077709,-0.053005,0.202570,0.060302,0.243726,0.363636,-0.126583,-0.045957,-0.240247,-0.119410,-0.110258,-0.163177,0.126098,0.140599,-0.016861,0.137379,0.360216,0.380864,0.199317,0.106502,0.084586,0.259464,0.374748,0.586979,0.022293,0.137946,0.187686,0.554115,0.155411,0.344554
0.383089,0.581818,0.195504,0.138653,0.045372,0.019717,0.207450,0.229076,0.078871,0.083312,0.415553,0.354446,0.487346,0.381362,0.106886,0.151583,0.000000,1.178169,0.307494,0.341865,0.275372,0.240367,0.277229,0.274500,-0.057539,0.044475,-0.096035,0.072454,0.817193,0.634600,0.233488,0.319617,0.799324,0.666552,0.143722,0.132031,0.212489,0.338191,0.249821,0.233760,0.164451,0.441519,0.621858,0.420949,0.516206,0.103006,0.502623,0.625939,0.071446,-0.273335,0.224663,-0.040178,0.240581,0.116577,0.403366,0.290937,0.902274,0.745049,0.266333,0.053307,0.481392,0.276994,0.815139,0.733807,-0.047983,-0.050535,0.387477,0.419095,0.500258,0.446423,-0.002007,0.119106,0.508078,0.226590,0.268620,0.178596,0.337718,0.350898,0.753202,0.449917,0.845594,0.994537,0.350365,0.253709,0.324206,0.425914,0.113894,0.127707,0.262670,0.243471
0.253875,0.522248,0.119544,0.129181,0.124587,0.075666,0.150826,0.317992,0.093007,0.158641,0.301326,0.409450,0.387252,0.480747,0.140428,0.202847,1.178169,0.000000,0.239199,0.306407,0.262152,0.254472,0.186612,0.218663,0.007946,0.027433,-0.119206,0.099506,0.694842,0.666493,0.203478,0.306521,0.628053,0.626010,0.084153,0.154493,0.220900,0.335569,0.268273,0.257690,0.166808,0.400606,0.591103,0.400138,0.536799,0.179678,0.502449,0.574611,0.117881,-0.134263,0.270382,0.024135,0.314699,0.180586,0.387619,0.369392,0.702796,0.744733,0.187885,0.108180,0.373360,0.326696,0.758197,0.821778,-0.054384,0.062180,0.304738,0.357207,0.399593,0.366704,-0.036105,0.115661,0.482423,0.264907,0.229668,0.151929,0.309818,0.378667,0.579474,0.447363,0.649924,0.914579,0.340022,0.251950,0.190785,0.334962,0.180649,0.165557,0.159990,0.228084
0.848275,0.633282,0.474830,0.483141,-0.043104,-0.224037,0.473244,0.096663,0.010488,-0.263554,0.775895,0.198421,0.557424,0.079581,0.121527,-0.196850,0.307494,0.239199,0.000000,1.061959,0.296394,0.183563,0.691409,0.485794,0.011635,0.161586,0.300511,0.220418,0.461182,0.145123,0.371527,0.340783,0.343992,0.203529,0.374049,-0.002320,0.151341,0.308195,0.117749,0.151516,0.336140,0.054825,-0.052521,0.062254,0.250500,-0.058913,0.004675,-0.062353,0.100938,-0.003250,0.100716,0.033001,-0.211164,-0.277782,0.100971,0.016999,0.387096,0.532506,0.526873,0.468480,0.439003,0.404432,0.130943,0.376715,0.270771,-0.123670,0.536097,0.417241,0.637316,0.492662,0.095799,0.143711,0.195590,0.134068,0.124307,0.083369,-0.113335,-0.184989,0.128518,0.146872,0.376304,0.131601,0.237653,0.032076,0.697048,0.446704,0.193936,0.028495,0.407342,0.193390
0.830346,0.738172,0.382832,0.603399,-0.119863,-0.228847,0.503475,0.268407,0.006442,-0.273595,0.602036,0.484410,0.398634,0.168844,-0.018858,-0.200473,0.341865,0.306407,1.061959,0.000000,0.304057,0.242159,0.407319,0.391148,-0.050359,0.076232,0.328137,0.245032,0.484099,0.271096,0.374020,0.486347,0.331149,0.339221,0.235366,0.015021,0.109821,0.334005,0.002894,0.072688,0.271421,0.101393,0.008795,0.134788,0.350971,0.099885,0.027694,-0.009107,0.130101,0.043481,0.022924,0.039127,-0.198669,-0.294346,0.041179,0.002668,0.428290,0.512377,0.684437,0.500965,0.575041,0.464896,0.238155,0.426918,0.165125,0.051760,0.590769,0.491542,0.790929,0.544228,0.092754,0.236027,0.176121,0.171477,0.155880,0.064318,-0.121766,-0.049874,0.127801,0.110619,0.302094,0.143834,0.074895,-0.045052,0.356430,0.391805,0.089214,-0.081165,0.274479,0.196315
0.314325,0.280428,0.100774,0.130739,-0.034057,-0.224221,0.100486,-0.032820,-0.096903,-0.163291,0.196684,0.062480,0.295458,0.122816,-0.035488,-0.178157,0.275372,0.262152,0.296394,0.304057,0.000000,0.370703,0.276985,0.261165,0.091383,0.190273,0.160247,0.195771,0.303263,0.228562,0.418601,0.452589,0.210326,0.220574,0.060260,-0.128640,0.167765,0.428929,0.025922,0.215375,0.134540,0.419580,0.081788,0.053712,0.284457,-0.005417,-0.000954,0.077115,0.018083,-0.044864,0.077719,-0.017366,-0.143854,-0.136451,-0.039674,-0.015909,0.151861,0.243884,0.105466,0.048253,0.210428,0.175092,0.113704,0.123025,0.079089,-0.048294,0.138179,0.153825,0.157594,0.135731,0.141090,0.094521,0.170653,0.061816,0.221013,-0.051549,-0.186620,-0.032384,0.054682,0.119038,0.187242,0.164518,0.036392,-0.109884,0.164605,0.175890,-0.026695,-0.228558,0.083016,-0.027223
0.223411,0.256081,0.107337,0.204280,0.004584,-0.061405,0.124733,0.108996,-0.044704,-0.088925,0.246697,0.155978,0.208520,0.155116,0.104697,-0.056113,0.240367,0.254472,0.183563,0.242159,0.370703,0.000000,0.249520,0.296928,-0.030006,0.117070,0.145125,0.273055,0.355855,0.278936,0.413996,0.430520,0.232805,0.183801,0.099647,0.007538,0.269685,0.321027,0.259354,0.213353,0.213654,0.325106,0.012934,0.015672,0.175363,0.060005,-0.022449,0.002722,-0.025095,-0.029425,0.059765,0.032249,-0.073765,-0.062943,0.032789,0.069303,0.154479,0.242296,0.080291,0.091246,0.136785,0.125185,0.079404,0.150963,0.075982,0.008092,0.169649,0.173968,0.228547,0.161955,0.069983,0.103374,0.267226,0.118821,0.184131,0.078142,0.020159,0.080081,-0.001460,0.030507,0.164016,0.134731,0.130437,0.121708,0.138828,0.224151,0.179062,0.054320,0.073488,0.104386
0.393027,0.465427,0.714715,0.548094,0.184384,-0.008853,0.385549,0.175200,-0.000628,-0.027920,0.510021,0.060246,0.701992,0.143343,0.386080,0.120246,0.277229,0.186612,0.691409,0.407319,0.276985,0.249520,0.000000,1.131070,0.180446,0.510039,0.176202,0.102394,0.414571,0.220604,0.583860,0.393265,0.382330,0.242435,0.547597,0.224099,0.205699,0.312065,0.244425,0.196191,0.224080,0.113789,0.114088,0.091710,0.112448,-0.001412,0.138355,0.107187,-0.068805,-0.088740,0.216818,0.100046,-0.091334,-0.077389,0.182452,0.069028,0.271129,0.398845,0.137283,0.133385,0.116052,0.076671,-0.026819,0.230115,0.393936,-0.090287,0.299359,0.363602,0.296989,0.297664,0.046022,0.082316,0.316469,0.253905,0.163807,0.160731,0.104391,0.066470,0.233708,0.256864,0.428820,0.278019,0.442838,0.214638,0.798696,0.613213,0.265030,0.221594,0.388881,0.212026
0.290512,0.401286,0.648898,0.766175,0.257561,0.139975,0.387427,0.372262,0.047209,0.100866,0.363813,0.176169,0.639513,0.289711,0.433247,0.276366,0.274500,0.218663,0.485794,0.391148,0.261165,0.296928,1.131070,0.000000,0.253040,0.617581,0.118837,0.160700,0.405830,0.277891,0.564086,0.450266,0.350954,0.278261,0.440543,0.257103,0.248644,0.355138,0.335313,0.283937,0.209409,0.145336,0.145006,0.102861,0.122670,0.132584,0.154010,0.141693,-0.044991,0.033566,0.241504,0.222508,-0.029397,0.000498,0.201409,0.170741,0.187604,0.316973,0.120446,0.174780,0.086060,0.105160,-0.007375,0.236050,0.342112,0.087154,0.264124,0.342513,0.204184,0.238165,-0.038622,0.019792,0.330594,0.332255,0.175797,0.136435,0.089183,0.132668,0.229005,0.239386,0.351547,0.303356,0.414952,0.290110,0.522019,0.626720,0.294263,0.285670,0.272912,0.266031
-0.088076,-0.023105,0.201004,0.217524,0.401634,0.281827,0.055810,0.223305,0.146321,0.325079,-0.042023,0.027340,0.090611,0.095206,0.133708,0.266998,-0.057539,0.007946,0.011635,-0.050359,0.091383,-0.030006,0.180446,0.253040,0.000000,0.428021,-0.029261,0.061036,-0.057453,0.047044,0.051081,-0.067982,-0.060371,-0.007000,0.034294,0.081789,0.027317,0.135055,0.081600,0.134292,-0.033143,-0.016027,0.102884,0.052582,0.050568,0.106920,0.126641,0.085900,0.088187,0.164140,0.177867,0.165072,0.164583,0.191490,0.124944,0.208143,-0.091978,-0.033925,-0.029674,0.102754,-0.062593,0.061550,-0.068880,-0.025439,0.215242,0.164049,-0.044188,0.021144,-0.119329,0.004667,0.078249,-0.022870,0.046384,0.068674,-0.000670,-0.036738,0.057927,0.133492,-0.030211,0.031315,0.047694,0.134265,0.158802,0.172791,0.116802,0.156259,0.049036,0.157981,0.093560,0.143787
0.097522,0.181476,0.263930,0.264295,0.291959,0.194000,0.074276,0.067843,0.035046,0.197717,0.109994,-0.052804,0.243587,0.072980,0.280618,0.250746,0.044475,0.027433,0.161586,0.076232,0.190273,0.117070,0.510039,0.617581,0.428021,0.000000,0.048317,0.105624,0.063919,0.044190,0.257666,0.125050,0.136423,0.058519,0.351059,0.229273,0.119580,0.210060,0.166539,0.145972,0.089131,0.018475,0.101809,0.057047,0.022304,0.030417,0.124527,0.095490,-0.006954,0.042656,0.221810,0.200844,0.034043,0.092562,0.190891,0.185130,0.110332,0.181847,0.001927,0.063268,-0.091638,-0.046310,-0.144157,0.065640,0.209623,-0.044964,0.099741,0.204323,0.078434,0.165740,-0.034355,-0.030879,0.131852,0.083076,0.048365,-0.020534,0.113234,0.086112,0.133120,0.102945,0.225676,0.192883,0.277242,0.262524,0.398913,0.431134,0.157330,0.246718,0.227806,0.184820
0.300085,0.137709,0.160333,0.198299,-0.013005,-0.072643,0.194729,-0.038436,0.007483,-0.188175,0.214671,0.066910,0.050744,-0.049228,0.100749,-0.187012,-0.096035,-0.119206,0.300511,0.328137,0.160247,0.145125,0.176202,0.118837,-0.029261,0.048317,0.000000,0.156412,0.077086,0.013338,0.240026,0.230136,-0.023969,-0.046846,0.151176,-0.067151,0.158068,0.143554,0.069374,0.095212,0.103970,0.065477,-0.166786,-0.055411,0.101917,0.029744,-0.148482,-0.214844,0.111210,0.145006,-0.011716,0.092473,-0.137344,-0.153402,-0.049531,-0.117171,0.034231,0.051622,0.256122,0.256941,0.219242,0.176062,-0.062451,-0.029902,0.167766,-0.030760,0.192262,0.113224,0.272268,0.103540,0.011687,-0.023706,-0.118240,-0.001421,0.059868,-0.062701,-0.131676,-0.190375,-0.098929,-0.099403,0.017139,-0.124574,0.096692,-0.018416,0.157882,0.150661,0.049854,-0.096365,0.151986,0.081296
0.136277,0.101118,0.141767,0.209686,0.112126,0.165041,0.230266,0.155885,0.106596,-0.008466,0.114816,0.147109,0.115584,0.079643,0.206445,0.025601,0.072454,0.099506,0.220418,0.245032,0.195771,0.273055,0.102394,0.160700,0.061036,0.105624,0.156412,0.000000,0.121122,0.063258,0.171657,0.179111,0.013760,0.063061,0.108909,0.004017,0.118061,0.137924,0.216487,0.170046,-0.032860,0.008489,0.042877,0.088138,0.221664,0.139292,-0.015990,0.009602,0.162298,0.159152,0.149699,0.256040,0.035923,-0.000431,0.104754,0.102454,0.047018,0.078588,0.258441,0.262211,0.267655,0.259334,0.056802,0.099595,0.239645,0.187032,0.234879,0.186274,0.153928,0.009107,0.039723,-0.053335,0.005717,-0.071047,0.070788,-0.079317,-0.052523,-0.086651,-0.066326,-0.120136,0.047272,-0.020662,0.092408,0.014189,0.094091,0.147595,0.136333,0.075364,0.239220,0.198299
0.497655,0.590511,0.337021,0.267574,0.130982,-0.017349,0.383032,0.284634,0.139777,0.048340,0.631465,0.471188,0.642340,0.429911,0.252992,0.137914,0.817193,0.694842,0.461182,0.484099,0.303263,0.355855,0.414571,0.405830,-0.057453,0.063919,0.077086,0.121122,0.000000,0.827650,0.383607,0.469122,0.591999,0.535127,0.224462,0.142821,0.342334,0.451210,0.339132,0.354446,0.361978,0.358291,0.344622,0.309693,0.398431,0.117119,0.346934,0.345526,0.124614,-0.058378,0.178984,0.057602,0.096198,0.035395,0.320538,0.236282,0.588026,0.589826,0.317643,0.225735,0.415684,0.262563,0.526200,0.518058,0.094931,-0.021756,0.419968,0.400812,0.450851,0.341895,0.026030,0.163480,0.611837,0.240576,0.177634,0.175315,0.150993,0.194684,0.330506,0.278779,0.603414,0.512588,0.409559,0.265816,0.345412,0.396270,0.242077,0.189417,0.242291,0.246661
0.231894,0.457674,0.217534,0.216574,0.169447,0.152578,0.223089,0.345494,0.094047,0.186793,0.282617,0.514270,0.335570,0.413109,0.177117,0.265801,0.634600,0.666493,0.145123,0.271096,0.228562,0.278936,0.220604,0.277891,0.047044,0.044190,0.013338,0.063258,0.827650,0.000000,0.293133,0.386130,0.525981,0.654513,0.158767,0.257876,0.221561,0.376241,0.243812,0.347733,0.186212,0.307253,0.470232,0.335697,0.402549,0.164356,0.429310,0.459848,0.150387,-0.056623,0.180659,-0.015765,0.208329,0.166757,0.264172,0.272799,0.460210,0.462645,0.199420,0.096436,0.268357,0.182671,0.466976,0.491463,-0.014903,0.046724,0.279989,0.327779,0.252692,0.260808,0.046230,0.090156,0.538583,0.372414,0.163408,0.146808,0.241659,0.319650,0.274162,0.301256,0.478113,0.635283,0.343422,0.308575,0.160277,0.283138,0.107570,0.152670,0.142657,0.142092
0.344268,0.325059,0.268511,0.367567,-0.037870,-0.210061,0.237459,0.205669,-0.167146,-0.153691,0.220898,0.100121,0.311341,0.125858,-0.029663,-0.147035,0.233488,0.203478,0.371527,0.374020,0.418601,0.413996,0.583860,0.564086,0.051081,0.257666,0.240026,0.171657,0.383607,0.293133,0.000000,1.172495,0.404037,0.430347,0.325326,0.124770,0.057200,0.202266,-0.033447,-0.038919,0.130737,0.160779,0.062913,0.066687,0.145591,0.092971,0.101115,0.098919,-0.073666,-0.084312,0.016185,-0.062074,-0.172300,-0.234936,-0.112280,-0.098862,0.186689,0.287043,0.171640,0.142801,0.166758,0.144593,0.048615,0.201979,0.154364,0.008834,0.320308,0.335511,0.231808,0.134348,0.191989,0.228032,0.303197,0.320847,0.216228,0.152039,-0.040426,0.076029,0.161729,0.158898,0.235017,0.195995,0.035933,-0.177763,0.210785,0.285049,-0.019072,-0.175893,-0.008561,-0.036056
0.305422,0.317538,0.204670,0.400861,-0.083924,-0.169284,0.266007,0.306217,-0.095191,-0.137522,0.245431,0.260848,0.257721,0.206135,-0.084947,-0.090366,0.319617,0.306521,0.340783,0.486347,0.452589,0.430520,0.393265,0.450266,-0.067982,0.125050,0.230136,0.179111,0.469122,0.386130,1.172495,0.000000,0.375427,0.523039,0.140630,0.107884,0.082953,0.192260,-0.017392,0.009473,0.139919,0.239994,0.104250,0.072977,0.198045,0.131802,0.100233,0.100791,-0.044829,-0.039425,-0.033412,-0.052970,-0.112648,-0.237685,-0.086617,-0.071559,0.196007,0.274915,0.208861,0.137145,0.260387,0.186668,0.202009,0.224221,0.094061,0.115571,0.319761,0.291726,0.297044,0.143292,0.170585,0.299120,0.317843,0.362521,0.297457,0.167162,-0.023477,0.119567,0.165343,0.114456,0.222387,0.190631,0.014391,-0.145499,0.060631,0.197894,0.003337,-0.190923,-0.052678,0.021922
0.513353,0.654064,0.272671,0.241706,0.060265,0.019185,0.265810,0.199520,-0.004315,0.040509,0.311894,0.172856,0.398377,0.263689,0.048897,0.088527,0.799324,0.628053,0.343992,0.331149,0.210326,0.232805,0.382330,0.350954,-0.060371,0.136423,-0.023969,0.013760,0.591999,0.525981,0.404037,0.375427,0.000000,0.952141,0.314399,0.320483,0.197492,0.218274,0.208388,0.116876,0.160252,0.257185,0.470428,0.400603,0.402277,0.097481,0.423373,0.543114,0.134775,-0.193037,0.283871,-0.006287,0.155509,0.108217,0.350262,0.221126,0.850520,0.748754,0.367323,0.121387,0.441455,0.295926,0.568521,0.718992,0.005569,-0.092134,0.572675,0.537773,0.562903,0.583386,0.086601,0.140128,0.439551,0.242292,0.300010,0.243312,0.276524,0.251457,0.510162,0.476828,0.580361,0.682168,0.181425,0.172743,0.305682,0.417170,0.062676,0.140249,0.204043,0.234234
0.314434,0.528824,0.282768,0.338727,0.128011,0.123775,0.364273,0.421751,0.079998,0.124132,0.221877,0.348550,0.289658,0.324753,0.031669,0.171463,0.666552,0.626010,0.203529,0.339221,0.220574,0.183801,0.242435,0.278261,-0.007000,0.058519,-0.046846,0.063061,0.535127,0.654513,0.430347,0.523039,0.952141,0.000000,0.157804,0.289733,0.135448,0.196845,0.160138,0.091079,0.044261,0.207223,0.517256,0.366509,0.418422,0.203791,0.455233,0.505533,0.171470,-0.117835,0.222107,-0.025898,0.208733,0.098437,0.256450,0.183531,0.615805,0.532930,0.299563,0.054712,0.439067,0.314008,0.562683,0.581196,-0.012102,0.095201,0.414461,0.414877,0.379014,0.350258,0.089696,0.170300,0.410284,0.344267,0.290041,0.267227,0.294520,0.380887,0.494490,0.482238,0.471615,0.604452,0.132731,0.141357,0.082672,0.248466,-0.002720,0.076873,0.119644,0.183532
0.220077,0.256366,0.293837,0.241514,0.138122,-0.004991,0.199389,0.116715,-0.017210,-0.004133,0.256786,0.016255,0.303491,0.066555,0.263917,0.034138,0.143722,0.084153,0.374049,0.235366,0.060260,0.099647,0.547597,0.440543,0.034294,0.351059,0.151176,0.108909,0.224462,0.158767,0.325326,0.140630,0.314399,0.157804,0.000000,0.540876,0.149508,0.153352,0.245966,0.178297,0.113876,-0.004375,0.226101,0.310321,0.288526,0.328684,0.368495,0.244763,0.203099,0.156021,0.453942,0.336604,0.108693,0.086550,0.334183,0.247247,0.266609,0.396417,0.299489,0.340170,0.162891,0.154949,0.016642,0.210948,0.481063,0.033673,0.592626,0.697067,0.265689,0.302762,-0.047820,-0.055070,0.097122,-0.005805,0.021111,0.071397,0.205178,0.036954,0.134554,0.104630,0.312562,0.228336,0.346614,0.153081,0.677821,0.686174,0.232588,0.287197,0.330876,0.293857
-0.032060,0.160041,0.192389,0.254204,0.215964,0.188133,0.112096,0.316197,0.078257,0.262127,0.028281,0.127327,0.134345,0.184891,0.209092,0.284030,0.132031,0.154493,-0.002320,0.015021,-0.128640,0.007538,0.224099,0.257103,0.081789,0.229273,-0.067151,0.004017,0.142821,0.257876,0.124770,0.107884,0.320483,0.289733,0.540876,0.000000,0.078066,-0.001313,0.194134,0.074423,0.003839,-0.120292,0.368434,0.283966,0.139242,0.332383,0.458193,0.376306,0.113638,0.109007,0.318213,0.278040,0.325075,0.193972,0.404664,0.346609,0.233449,0.250743,0.126359,0.170544,0.097131,0.099908,0.147348,0.207357,0.280135,0.206527,0.387246,0.496626,0.156613,0.164982,-0.045867,-0.022953,0.137229,0.053349,-0.032382,0.152534,0.352085,0.258266,0.180667,0.139550,0.214738,0.299651,0.289199,0.198008,0.277058,0.458611,0.155816,0.387367,0.196803,0.330100
0.212336,0.249454,0.131414,0.136788,0.232099,0.125607,0.187517,0.067806,0.218615,0.101889,0.317461,0.117763,0.311624,0.262109,0.401959,0.124638,0.212489,0.220900,0.151341,0.109821,0.167765,0.269685,0.205699,0.248644,0.027317,0.119580,0.158068,0.118061,0.342334,0.221561,0.057200,0.082953,0.197492,0.135448,0.149508,0.078066,0.000000,0.511102,0.581192,0.523878,0.344868,0.351931,0.058741,0.119358,0.177095,0.068182,0.160793,0.073984,0.240264,0.172595,0.301541,0.265119,0.192980,0.238376,0.428567,0.368664,0.171935,0.243897,0.122302,0.216175,0.165559,0.170875,0.112866,0.165479,0.075340,-0.030550,0.180800,0.160453,0.244413,0.223598,-0.027834,-0.063535,0.239819,0.104314,0.184934,0.057341,0.168139,0.090195,0.052871,0.104962,0.210191,0.159639,0.493483,0.401793,0.239974,0.263514,0.384845,0.368182,0.235230,0.354878
0.362055,0.401399,0.130982,0.171498,0.181830,-0.017143,0.127730,0.022785,0.162166,-0.013131,0.330430,0.181140,0.340698,0.206548,0.248507,0.002244,0.338191,0.335569,0.308195,0.334005,0.428929,0.321027,0.312065,0.355138,0.135055,0.210060,0.143554,0.137924,0.451210,0.376241,0.202266,0.192260,0.218274,0.196845,0.153352,-0.001313,0.511102,0.000000,0.389081,0.597967,0.313441,0.437477,0.104167,0.149024,0.308411,0.021443,0.126632,0.158828,0.162978,0.064965,0.214618,0.117133,-0.008887,0.081157,0.250436,0.352081,0.277996,0.400887,0.155300,0.265437,0.153177,0.263250,0.100427,0.254732,0.019734,-0.080071,0.212927,0.267981,0.285452,0.346387,-0.040406,-0.033581,0.349951,0.200635,0.178591,-0.036480,0.033622,0.037117,0.092263,0.181197,0.325681,0.274646,0.404615,0.307860,0.282104,0.306956,0.202025,0.213303,0.235370,0.207713
0.051776,0.099293,0.234901,0.168844,0.512449,0.445958,0.217511,0.216625,0.340930,0.378242,0.240124,0.088822,0.241259,0.282179,0.845633,0.448258,0.249821,0.268273,0.117749,0.002894,0.025922,0.259354,0.244425,0.335313,0.081600,0.166539,0.069374,0.216487,0.339132,0.243812,-0.033447,-0.017392,0.208388,0.160138,0.245966,0.194134,0.581192,0.389081,0.000000,0.847022,0.152001,0.273441,0.172663,0.123602,0.180861,0.158166,0.247817,0.156567,0.275414,0.241867,0.462981,0.388680,0.312739,0.308165,0.600575,0.495464,0.166535,0.214242,0.081183,0.266454,0.118429,0.257266,0.139102,0.209093,0.169889,0.047940,0.185992,0.180878,0.129513,0.111571,-0.283323,-0.321738,0.192706,0.051794,0.064719,0.100251,0.354265,0.169197,0.123922,0.125630,0.287008,0.277373,0.738036,0.835936,0.290611,0.334586,0.626392,0.901410,0.402252,0.499502
0.121613,0.127998,0.212646,0.148970,0.387793,0.276541,0.180672,0.139057,0.275117,0.253229,0.239110,0.120947,0.229055,0.190639,0.591284,0.294078,0.233760,0.257690,0.151516,0.072688,0.215375,0.213353,0.196191,0.283937,0.134292,0.145972,0.095212,0.170046,0.354446,0.347733,-0.038919,0.009473,0.116876,0.091079,0.178297,0.074423,0.523878,0.597967,0.847022,0.000000,0.221735,0.400130,0.167264,0.147304,0.310374,0.135244,0.178169,0.160333,0.295237,0.246769,0.404830,0.347612,0.193171,0.237303,0.435472,0.439158,0.135085,0.197505,0.137765,0.277644,0.122690,0.211707,0.124259,0.178117,0.130024,0.054620,0.157425,0.213201,0.122894,0.168425,-0.249814,-0.285271,0.141212,0.035649,0.041011,-0.033472,0.171939,0.085954,-0.019920,0.004558,0.246500,0.262900,0.610254,0.652407,0.259261,0.325425,0.369423,0.549172,0.356709,0.354772
0.399626,0.354726,0.045396,0.106860,-0.060693,-0.150769,0.052849,-0.107263,0.027493,-0.139134,0.329218,0.032170,0.213638,0.082909,0.046967,-0.166203,0.164451,0.166808,0.336140,0.271421,0.134540,0.213654,0.224080,0.209409,-0.033143,0.089131,0.103970,-0.032860,0.361978,0.186212,0.130737,0.139919,0.160252,0.044261,0.113876,0.003839,0.344868,0.313441,0.152001,0.221735,0.000000,0.218530,-0.159458,-0.038268,0.043517,-0.235266,-0.071045,-0.096300,-0.013265,-0.106249,0.029587,-0.030817,-0.160973,-0.114517,0.098644,0.088122,0.195447,0.279150,0.052095,0.096909,0.091538,0.100350,0.002101,0.209992,-0.069876,-0.225422,0.113316,0.103415,0.277046,0.277613,-0.027200,0.078221,0.243256,0.130320,0.058305,0.038865,-0.107565,-0.090808,-0.015519,0.076249,0.163530,0.065591,0.245698,0.148885,0.303459,0.197063,0.168095,0.064465,0.177832,0.040921
0.197564,0.226154,0.006604,0.014977,0.011519,-0.035168,0.030639,-0.001625,0.055907,0.004524,0.231798,0.118359,0.237000,0.177633,0.079440,-0.026883,0.441519,0.400606,0.054825,0.101393,0.419580,0.325106,0.113789,0.145336,-0.016027,0.018475,0.065477,0.008489,0.358291,0.307253,0.160779,0.239994,0.257185,0.207223,-0.004375,-0.120292,0.351931,0.437477,0.273441,0.400130,0.218530,0.000000,0.165363,0.120481,0.297695,0.010385,0.098075,0.192951,0.080564,-0.094765,0.145108,0.004489,0.021103,0.069000,0.119867,0.087986,0.259178,0.230956,0.043763,-0.002125,0.201042,0.116873,0.204500,0.155284,-0.057166,-0.089878,0.087743,0.094696,0.153250,0.111983,-0.113863,0.018319,0.214785,0.141955,0.214338,-0.035496,0.102756,0.084651,0.155869,0.182289,0.256517,0.311208,0.231202,0.207375,0.100231,0.183079,0.066746,-0.000178,0.104657,0.057147
-0.100332,0.301130,0.109833,0.096001,0.184162,0.236128,0.061264,0.348667,0.116028,0.286442,0.094580,0.359984,0.277292,0.320764,0.139098,0.411303,0.621858,0.591103,-0.052521,0.008795,0.081788,0.012934,0.114088,0.145006,0.102884,0.101809,-0.166786,0.042877,0.344622,0.470232,0.062913,0.104250,0.470428,0.517256,0.226101,0.368434,0.058741,0.104167,0.172663,0.167264,-0.159458,0.165363,0.000000,0.992642,0.812810,0.561103,1.251049,1.465245,0.399553,0.070110,0.537151,0.194357,0.766103,0.588935,0.548480,0.497600,0.527760,0.468237,0.261032,0.047637,0.285582,0.138345,0.563847,0.320917,0.110425,0.199080,0.400179,0.501188,0.218947,0.220731,-0.068680,0.038126,0.226869,0.003225,0.040904,0.076248,0.436907,0.461241,0.571868,0.401353,0.521401,0.774182,0.264230,0.234932,0.186237,0.361879,0.010096,0.198269,0.219904,0.341842
0.107265,0.363713,0.076075,0.090708,0.128055,0.045847,0.063518,0.186964,0.075041,0.130043,0.129631,0.289339,0.231761,0.237310,0.070828,0.175067,0.420949,0.400138,0.062254,0.134788,0.053712,0.015672,0.091710,0.102861,0.052582,0.057047,-0.055411,0.088138,0.309693,0.335697,0.066687,0.072977,0.400603,0.366509,0.310321,0.283966,0.119358,0.149024,0.123602,0.147304,-0.038268,0.120481,0.992642,0.000000,0.901547,0.694573,0.995678,1.141417,0.579875,0.291181,0.705316,0.401284,0.616526,0.712597,0.510874,0.579091,0.489293,0.515008,0.496380,0.343827,0.397810,0.335864,0.393703,0.371080,0.151191,0.180184,0.624667,0.707547,0.320190,0.348139,-0.042644,0.058551,0.193745,-0.045686,0.046079,-0.021592,0.249534,0.272885,0.329179,0.199900,0.410603,0.507111,0.164662,0.098495,0.241051,0.421338,0.002276,0.124591,0.245169,0.421384
0.287008,0.442376,0.094797,0.152958,0.062455,-0.011908,0.166089,0.200613,0.051461,0.012412,0.285818,0.347212,0.262857,0.223608,0.076917,0.034852,0.516206,0.536799,0.250500,0.350971,0.284457,0.175363,0.112448,0.122670,0.050568,0.022304,0.101917,0.221664,0.398431,0.402549,0.145591,0.198045,0.402277,0.418422,0.288526,0.139242,0.177095,0.308411,0.180861,0.310374,0.043517,0.297695,0.812810,0.901547,0.000000,0.666519,0.742536,0.760863,0.693652,0.220356,0.625508,0.282548,0.464878,0.360962,0.448459,0.322735,0.558470,0.562688,0.616162,0.333355,0.554719,0.357556,0.486559,0.365369,0.139060,0.083114,0.642088,0.634436,0.451086,0.359013,-0.072515,0.061040,0.107852,-0.054679,0.076232,-0.063752,0.152970,0.163857,0.337155,0.243097,0.442692,0.479532,0.202391,0.141912,0.268296,0.379570,0.053220,0.053078,0.311422,0.375649
-0.150386,-0.011865,0.134792,0.252801,0.251839,0.216068,0.181410,0.474858,0.116477,0.253895,-0.025931,0.416124,0.113216,0.264881,0.176995,0.254057,0.103006,0.179678,-0.058913,0.099885,-0.005417,0.060005,-0.001412,0.132584,0.106920,0.030417,0.029744,0.139292,0.117119,0.164356,0.092971,0.131802,0.097481,0.203791,0.328684,0.332383,0.068182,0.021443,0.158166,0.135244,-0.235266,0.010385,0.561103,0.694573,0.666519,0.000000,0.630050,0.479660,0.570201,0.764894,0.583177,0.751483,0.565273,0.575353,0.378653,0.358807,0.071664,0.104561,0.425391,0.444383,0.298867,0.320602,0.279796,0.104956,0.396324,0.604352,0.509703,0.531694,0.045229,-0.005470,-0.048869,0.010653,-0.020593,-0.063283,0.029573,-0.061614,0.217464,0.283999,0.167830,0.007786,0.096321,0.172826,0.102954,0.103167,0.036521,0.309602,0.123488,0.177337,0.138558,0.530131
-0.054110,0.284848,0.115109,0.112410,0.261348,0.229094,0.067770,0.355754,0.117757,0.342549,0.109439,0.310491,0.263987,0.339856,0.173323,0.383371,0.502623,0.502449,0.004675,0.027694,-0.000954,-0.022449,0.138355,0.154010,0.126641,0.124527,-0.148482,-0.015990,0.346934,0.429310,0.101115,0.100233,0.423373,0.455233,0.368495,0.458193,0.160793,0.126632,0.247817,0.178169,-0.071045,0.098075,1.251049,0.995678,0.742536,0.630050,0.000000,1.231828,0.527171,0.182424,0.743748,0.277926,0.869295,0.611178,0.675026,0.658230,0.481011,0.479930,0.350098,0.213342,0.281878,0.172379,0.499809,0.338873,0.194731,0.188287,0.518508,0.617440,0.214681,0.252111,-0.033487,0.035076,0.261934,0.061448,0.044088,0.087930,0.457159,0.453982,0.518250,0.366544,0.513192,0.725432,0.340359,0.248671,0.284958,0.413917,0.119182,0.295103,0.222688,0.396438
-0.007496,0.351011,0.049697,0.062336,0.147084,0.147989,0.001205,0.260192,0.058776,0.235548,0.086617,0.276924,0.289359,0.292927,0.086647,0.340720,0.625939,0.574611,-0.062353,-0.009107,0.077115,0.002722,0.107187,0.141693,0.085900,0.095490,-0.214844,0.009602,0.345526,0.459848,0.098919,0.100791,0.543114,0.505533,0.244763,0.376306,0.073984,0.158828,0.156567,0.160333,-0.096300,0.192951,1.465245,1.141417,0.760863,0.479660,1.231828,0.000000,0.329171,0.011684,0.493861,0.159690,0.624166,0.574574,0.490982,0.541444,0.581117,0.526219,0.252962,0.079044,0.267486,0.159857,0.501321,0.364204,0.057104,0.126942,0.409351,0.542916,0.215411,0.280985,-0.052507,0.024817,0.269184,0.041222,0.051342,0.052458,0.377231,0.419961,0.548391,0.394648,0.522937,0.804956,0.233750,0.172197,0.204832,0.369051,-0.021173,0.175013,0.184446,0.279422
