0.000000,1.377285,1.166135,0.842507,0.742935,0.684889,1.001106,0.544977,0.847077,0.781181,1.137038,1.206668,1.193786,1.041318,1.156045,1.169983,0.868752,1.097404,1.345169,1.238406,0.542774,0.412206,1.244437,1.045621,0.994565,0.766652,1.043021,0.723716,0.940864,0.808466,0.955387,0.859602,1.299548,1.159364,0.809500,0.791159,0.826904,0.812626,0.895174,0.886443,0.382803,0.593907,0.748614,0.736777,0.644966,0.735896,0.747201,0.860285,0.366424,0.888059,0.532639,0.812826,0.374737,0.869297,0.849018,0.973283,1.305042,0.976152,0.972294,1.104402,1.480658,0.815008,1.197687,1.075304,0.820998,0.650595,0.838987,0.787072,1.250357,1.116513,-0.071137,-0.338298,0.776978,0.682833,0.790089,0.735915,0.910294,0.711519,0.727641,0.388867,0.868367,1.015209,1.090635,0.950122,1.351306,0.994867,0.763318,0.758928,1.067836,0.925910
1.377285,0.000000,0.794124,0.616514,0.445973,0.320584,0.639293,0.384597,0.505457,0.475611,0.855410,1.071940,0.731980,0.843044,0.693020,0.847436,0.808009,1.202981,0.892920,0.923454,0.393103,0.225607,0.859006,0.724595,0.836834,0.552872,0.713808,0.450683,0.776192,0.828853,0.791394,0.760627,1.097828,1.037822,0.624260,0.569291,0.681720,0.792395,0.703366,0.816557,0.420763,0.485379,0.542973,0.631423,0.538574,0.658923,0.517104,0.680849,0.280411,0.753812,0.367856,0.671679,0.195981,0.663253,0.548782,0.798801,1.220242,1.328098,0.702370,0.972606,0.954654,0.608938,0.941092,0.903807,0.535562,0.429139,0.589176,0.597729,0.990813,0.866522,-0.054369,-0.295917,0.558576,0.603556,0.573076,0.495736,0.637158,0.539775,0.680462,0.501266,0.787069,0.930554,0.841035,0.886979,1.136287,0.990913,0.728065,0.774234,0.686959,0.644068
1.166135,0.794124,0.000000,1.509689,0.963967,0.853809,1.435558,0.831144,1.069532,0.939210,0.885181,0.913017,1.196928,0.789171,1.105593,0.962445,0.494381,0.625461,1.379888,1.262989,0.368494,0.425257,1.750040,1.749750,1.287583,1.031277,0.968039,0.613251,0.717021,0.592750,1.107489,0.970217,0.989926,0.993039,1.051521,1.059816,0.774941,0.626983,0.963693,0.790741,0.231947,0.525654,1.056152,0.792746,0.830102,0.824365,1.066621,1.054970,0.489655,0.896072,0.764665,0.928054,0.615955,0.844875,1.159231,1.011731,0.776152,0.612801,0.965113,0.854419,1.191914,0.699991,0.754783,0.681410,0.984146,0.863187,1.184337,1.083767,1.155674,1.211395,-0.045855,-0.269603,0.760795,0.590995,0.825214,0.784465,0.908792,0.864047,0.571239,0.210852,0.618893,0.727737,1.019176,0.866827,1.038925,0.816120,0.661450,0.787909,1.404015,1.289439
0.842507,0.616514,1.509689,0.000000,0.763148,0.744872,1.396180,1.160421,0.935643,0.872604,0.612216,0.788655,0.900982,0.579497,0.764610,0.703185,0.277767,0.457292,1.087036,1.134844,0.159457,0.222754,1.237496,1.672363,1.038478,1.018623,0.648224,0.397384,0.514934,0.506365,0.875614,0.901826,0.793976,0.877088,0.867788,1.060318,0.509059,0.443874,0.705263,0.663418,0.147063,0.450006,1.009694,0.716165,0.847016,0.860729,1.006914,0.997980,0.450621,0.833608,0.725158,0.968771,0.614222,0.788327,1.034176,0.945026,0.643213,0.475991,0.900199,0.801390,0.986560,0.692571,0.499558,0.470515,0.799726,1.029936,1.237475,1.258893,1.038092,1.082972,-0.133567,-0.292454,0.526224,0.493163,0.574517,0.591727,0.665466,0.629992,0.463022,0.108700,0.487915,0.551269,0.875833,0.820268,0.807890,0.739427,0.593993,0.802512,1.108018,1.343149
0.742935,0.445973,0.963967,0.763148,0.000000,1.146467,0.967365,0.671849,1.247966,0.993505,0.784534,0.684397,1.082423,0.742839,1.202428,0.776258,0.428469,0.319638,0.948754,0.846464,0.582602,0.773372,0.850573,0.914381,0.783455,0.920301,0.881317,0.936349,0.766378,0.411558,0.907163,0.761635,0.662590,0.702034,1.069008,0.906337,0.778814,0.492337,0.870717,0.456452,0.181367,0.432093,0.705541,0.601210,0.531899,0.530738,0.780943,0.740761,0.360798,0.503965,0.617723,0.519459,0.456875,0.603094,0.846836,0.507823,0.388502,0.226007,0.652940,0.635087,0.859693,0.777741,0.675517,0.609872,1.235860,0.863629,0.804094,0.707966,0.638975,0.722286,-0.034295,-0.266218,0.838315,0.415234,0.826830,0.791302,0.929650,0.963811,0.413932,0.154590,0.488231,0.492841,0.693853,0.469328,0.686137,0.443489,0.323257,0.346324,0.880735,0.566757
0.684889,0.320584,0.853809,0.744872,1.146467,0.000000,0.897267,0.635065,1.062047,1.019247,0.653681,0.657939,1.026251,0.695245,1.115332,0.813725,0.437609,0.312532,0.857683,0.816845,0.537694,0.703953,0.810256,0.840036,0.692911,0.866620,0.828730,1.006377,0.658436,0.374220,0.698366,0.604729,0.602327,0.645089,0.889310,0.947102,0.631856,0.408760,0.753046,0.452375,0.174598,0.370802,0.692123,0.567044,0.536622,0.547803,0.791587,0.690831,0.345948,0.528287,0.603610,0.537442,0.474227,0.626425,0.834321,0.554701,0.367029,0.158062,0.614032,0.644474,0.864616,0.820127,0.667590,0.652701,1.066433,0.878426,0.760961,0.696740,0.578668,0.678056,-0.184878,-0.302866,0.726993,0.440001,0.754005,0.736667,0.803820,0.753207,0.365407,0.045014,0.449070,0.452386,0.601710,0.393795,0.621981,0.405033,0.323467,0.289893,0.789393,0.654697
1.001106,0.639293,1.435558,1.396180,0.967365,0.897267,0.000000,1.295019,1.437693,1.144585,0.813336,1.035491,1.389754,0.814605,1.136706,0.910537,0.395326,0.483024,1.283296,1.153311,0.295473,0.355050,1.259073,1.462975,0.895208,0.980032,0.727099,0.566901,0.677204,0.535699,0.966882,0.927411,0.852455,0.922809,1.017891,1.129380,0.607460,0.437868,0.780899,0.618302,0.146303,0.455643,0.944946,0.723089,0.826975,0.884087,0.977992,0.967881,0.397917,0.771234,0.661083,0.846450,0.541145,0.811121,1.055292,0.879192,0.655208,0.439466,0.939731,0.759052,1.244961,0.989831,0.686614,0.650053,1.255122,1.305101,1.149844,1.125165,0.938063,1.074380,-0.093266,-0.315926,0.736560,0.582311,0.757461,0.754816,0.815703,0.738062,0.452416,0.099403,0.518935,0.592061,0.870299,0.745313,0.908020,0.781228,0.527711,0.698857,1.160335,1.187603
0.544977,0.384597,0.831144,1.160421,0.671849,0.635065,1.295019,0.000000,1.019570,0.982644,0.419259,0.763491,0.801986,0.546135,0.624745,0.492962,0.149920,0.259726,0.794549,0.786831,0.050846,0.150000,0.734929,0.974471,0.636365,0.837355,0.333820,0.257168,0.408681,0.337496,0.670593,0.740230,0.542577,0.679502,0.773565,1.037348,0.313755,0.200931,0.517767,0.397574,-0.008117,0.341986,0.850497,0.644144,0.798864,0.864681,0.860524,0.825938,0.362514,0.602830,0.581828,0.728728,0.508144,0.636451,0.808739,0.650311,0.416179,0.252985,0.724350,0.545740,0.810856,0.953855,0.372727,0.345086,0.897942,1.525994,0.978870,1.110002,0.595827,0.795794,-0.184472,-0.309191,0.426008,0.400852,0.431967,0.487301,0.456461,0.487403,0.302883,-0.000311,0.336184,0.354853,0.565263,0.576365,0.559136,0.558612,0.306943,0.560761,0.707245,0.849941
0.847077,0.505457,1.069532,0.935643,1.247966,1.062047,1.437693,1.019570,0.000000,1.356571,0.798412,0.938177,1.308300,0.854781,1.272486,0.844472,0.368201,0.360642,1.009506,0.886180,0.376861,0.482722,0.975630,1.053801,0.717622,0.834408,0.770202,0.721322,0.633092,0.403380,0.792800,0.726873,0.671075,0.715597,0.906080,0.941794,0.581256,0.379804,0.741985,0.452164,0.117613,0.356762,0.802140,0.614638,0.693306,0.699052,0.884828,0.803890,0.418702,0.632371,0.667491,0.651632,0.550159,0.715346,0.945224,0.679416,0.524617,0.311280,0.870372,0.670391,1.141088,1.009099,0.686720,0.645477,1.350109,1.131174,0.936127,0.880502,0.699490,0.850999,-0.098402,-0.308878,0.716792,0.416650,0.695933,0.700264,0.739936,0.710466,0.362868,0.081997,0.413292,0.468138,0.710109,0.553633,0.736697,0.592638,0.342728,0.484862,0.993721,0.840323
0.781181,0.475611,0.939210,0.872604,0.993505,1.019247,1.144585,0.982644,1.356571,0.000000,0.696493,0.885023,1.188776,0.946524,1.101048,0.870562,0.369773,0.383196,0.889311,0.859728,0.361142,0.410374,0.869389,0.992356,0.719918,0.819423,0.690666,0.600311,0.581769,0.402935,0.706694,0.632720,0.644289,0.690047,0.792917,0.965519,0.617990,0.423152,0.729950,0.497048,0.135700,0.395847,0.833649,0.680958,0.746825,0.765779,0.910083,0.865825,0.469689,0.691246,0.676423,0.726238,0.545772,0.773877,0.947508,0.738274,0.503703,0.312787,0.905343,0.747507,1.042449,1.070571,0.661974,0.634707,1.158331,1.149791,0.965775,0.920805,0.682712,0.899972,-0.187307,-0.341416,0.695067,0.448023,0.662127,0.660831,0.645760,0.683884,0.370594,0.073786,0.448784,0.484328,0.652697,0.557769,0.719070,0.587841,0.313110,0.518203,0.926324,0.843354
1.137038,0.855410,0.885181,0.612216,0.784534,0.653681,0.813336,0.419259,0.798412,0.696493,0.000000,1.031259,1.224131,1.038007,1.178812,1.199579,0.778616,0.746728,1.058460,0.924808,0.496556,0.483527,1.081600,0.848411,0.884096,0.721227,1.009175,0.694289,0.941201,0.754718,1.010499,0.816874,0.931976,0.850279,0.927957,0.627513,0.808489,0.610189,0.894358,0.645956,0.243651,0.484443,0.452184,0.462060,0.351427,0.416777,0.480385,0.526644,0.116388,0.456701,0.293754,0.417916,0.191707,0.474673,0.548090,0.562878,0.713463,0.602331,0.539595,0.719381,0.955628,0.672986,0.950117,0.870400,0.950001,0.537111,0.533882,0.498819,0.714729,0.651732,-0.006314,-0.271609,0.845739,0.645235,0.823827,0.766507,0.768084,0.644969,0.555458,0.423120,0.644190,0.760559,0.836211,0.634933,1.061202,0.713074,0.622588,0.561748,0.780741,0.539704
1.206668,1.071940,0.913017,0.788655,0.684397,0.657939,1.035491,0.763491,0.938177,0.885023,1.031259,0.000000,1.192318,1.305682,1.031926,1.077100,0.657224,0.851153,1.136292,1.148693,0.420697,0.347364,1.030750,0.950201,0.850907,0.737136,0.763181,0.635949,0.825448,0.764454,0.914255,0.888673,0.989561,1.027700,0.817042,0.868259,0.755085,0.665087,0.849237,0.789153,0.427800,0.631544,0.619990,0.695104,0.581813,0.809876,0.645168,0.795966,0.178469,0.705642,0.340485,0.679780,0.177247,0.722533,0.671673,0.854999,0.843129,0.701487,0.711135,0.995914,1.240517,1.084045,0.976834,0.973692,0.977127,0.891228,0.691610,0.786587,0.835894,0.954932,-0.222354,-0.421512,0.777124,0.777160,0.750469,0.709330,0.749010,0.648086,0.577626,0.265220,0.729117,0.835240,0.903653,0.789008,1.126507,1.011342,0.647834,0.735643,0.742329,0.749693
1.193786,0.731980,1.196928,0.900982,1.082423,1.026251,1.389754,0.801986,1.308300,1.188776,1.224131,1.192318,0.000000,1.274480,1.667358,1.197779,0.620061,0.609029,1.361657,1.133002,0.523732,0.595104,1.225080,1.155114,0.972980,0.968710,0.973733,0.779754,0.926905,0.637174,1.092657,0.899959,0.973522,0.976588,1.111257,1.046349,0.827545,0.560133,0.993539,0.691955,0.266497,0.539794,0.776821,0.708172,0.625338,0.697770,0.835302,0.842331,0.306082,0.675338,0.532133,0.663565,0.389405,0.729859,0.896092,0.772256,0.666443,0.460324,0.809388,0.849177,1.366409,1.053886,0.983046,0.946776,1.385806,0.992563,0.865793,0.803976,0.850976,0.930591,-0.079278,-0.308297,1.036722,0.740060,1.071105,1.012785,1.023935,0.901649,0.528228,0.221868,0.642481,0.725569,0.859311,0.664364,1.027442,0.731214,0.514891,0.545677,0.979054,0.810334
1.041318,0.843044,0.789171,0.579497,0.742839,0.695245,0.814605,0.546135,0.854781,0.946524,1.038007,1.305682,1.274480,0.000000,1.090581,1.120955,0.666609,0.725554,0.913452,0.863196,0.544968,0.448428,0.779587,0.727096,0.773846,0.645128,0.786298,0.696099,0.797790,0.685123,0.853288,0.719328,0.808275,0.807961,0.826626,0.783647,0.765264,0.620358,0.869344,0.643766,0.454203,0.565859,0.502704,0.558126,0.461286,0.582740,0.537031,0.606095,0.207430,0.543188,0.349755,0.489699,0.127969,0.538011,0.595029,0.583558,0.666239,0.522346,0.658342,0.889831,1.047964,0.988646,0.945217,1.060009,1.001309,0.743390,0.583667,0.560637,0.637401,0.695218,-0.177049,-0.336754,0.910913,0.707189,0.886649,0.810078,0.739118,0.661730,0.484445,0.256805,0.587758,0.663376,0.649256,0.502266,0.839454,0.693783,0.372671,0.415466,0.621858,0.515765
1.156045,0.693020,1.105593,0.764610,1.202428,1.115332,1.136706,0.624745,1.272486,1.101048,1.178812,1.031926,1.667358,1.090581,0.000000,1.390398,0.757772,0.617286,1.266865,1.119523,0.619206,0.699722,1.207973,1.043277,0.927806,0.963635,1.066411,1.012658,1.119104,0.694256,1.083257,0.926126,0.988545,0.976802,1.066911,0.905998,1.050228,0.710808,1.093266,0.736568,0.323131,0.566976,0.732998,0.742714,0.560002,0.654226,0.787654,0.827372,0.313578,0.659249,0.528471,0.632996,0.363839,0.739148,0.854335,0.754274,0.682426,0.452537,0.706532,0.838459,1.224963,0.925758,1.132920,0.999595,1.253782,0.813797,0.788800,0.707972,0.834768,0.840528,-0.049439,-0.351923,1.150610,0.727599,1.093207,1.005302,1.026566,0.873775,0.642845,0.325504,0.772682,0.831486,0.957821,0.714660,1.054336,0.753496,0.624590,0.571223,1.041401,0.762992
1.169983,0.847436,0.962445,0.703185,0.776258,0.813725,0.910537,0.492962,0.844472,0.870562,1.199579,1.077100,1.197779,1.120955,1.390398,0.000000,0.925908,0.912434,1.188336,1.207754,0.561741,0.485853,1.150355,0.933186,0.947444,0.846168,0.994393,0.804276,1.116478,0.998198,1.005704,0.912054,1.085619,1.067256,0.892586,0.797058,1.002579,0.805489,1.018885,0.882423,0.356353,0.553236,0.625525,0.690435,0.559448,0.701534,0.638700,0.744394,0.244072,0.673401,0.392795,0.643176,0.229593,0.655131,0.734574,0.804466,0.832135,0.630664,0.638995,0.979756,1.134998,0.830062,1.221196,1.168663,0.956029,0.718319,0.710579,0.690939,0.917318,0.839174,-0.107676,-0.425869,0.970389,0.867759,0.945801,0.843167,0.757285,0.601939,0.775269,0.468349,0.910368,1.037683,1.011493,0.851867,1.172580,0.954185,0.719168,0.667071,0.912705,0.773259
0.868752,0.808009,0.494381,0.277767,0.428469,0.437609,0.395326,0.149920,0.368201,0.369773,0.778616,0.657224,0.620061,0.666609,0.757772,0.925908,0.000000,1.189766,0.784320,0.768243,0.659508,0.514396,0.621537,0.443619,0.638540,0.528029,0.685965,0.648380,1.156836,1.022473,0.732587,0.697854,0.989904,0.908202,0.633807,0.472618,0.715271,0.736878,0.700422,0.645563,0.356303,0.370695,0.384905,0.543887,0.334637,0.460857,0.380575,0.484509,0.130461,0.461356,0.176734,0.373237,0.041223,0.403321,0.381991,0.486355,0.834582,0.690862,0.354459,0.599412,0.722412,0.498416,1.230636,1.203366,0.522338,0.320056,0.384612,0.358523,0.680365,0.543850,-0.022020,-0.317572,0.720582,0.680705,0.676811,0.611750,0.583216,0.411187,0.960074,0.655805,0.995952,1.032558,0.696550,0.664321,0.795197,0.633241,0.561638,0.417024,0.457896,0.380230
1.097404,1.202981,0.625461,0.457292,0.319638,0.312532,0.483024,0.259726,0.360642,0.383196,0.746728,0.851153,0.609029,0.725554,0.617286,0.912434,1.189766,0.000000,0.907491,0.962268,0.504728,0.268594,0.757698,0.576295,0.754542,0.485572,0.630277,0.435754,0.882488,1.064708,0.676950,0.661634,1.197252,1.054102,0.518874,0.535701,0.642891,0.784437,0.642785,0.849005,0.389275,0.412305,0.516357,0.631658,0.527556,0.679655,0.508611,0.643621,0.230670,0.712894,0.257970,0.604619,0.141214,0.560907,0.557873,0.755137,1.300021,1.218796,0.598682,0.835762,0.885063,0.543051,1.158763,1.156288,0.431650,0.380452,0.571876,0.582763,1.015563,0.839155,-0.114577,-0.394940,0.574217,0.727525,0.577915,0.530328,0.523272,0.365829,0.919137,0.609628,1.068569,1.264106,0.847680,0.946410,0.987599,0.898380,0.696374,0.591899,0.605944,0.586726
1.345169,0.892920,1.379888,1.087036,0.948754,0.857683,1.283296,0.794549,1.009506,0.889311,1.058460,1.136292,1.361657,0.913452,1.266865,1.188336,0.784320,0.907491,0.000000,1.976520,0.509678,0.497871,1.573241,1.293850,1.168822,1.006526,0.882944,0.671602,1.124183,0.852173,1.233012,1.084885,1.528550,1.463340,1.108246,1.182874,0.896413,0.732940,1.011192,0.923147,0.308127,0.617490,0.962559,0.936946,0.767900,0.950106,1.020518,1.119748,0.311243,0.872358,0.509699,0.865130,0.411324,0.846659,1.083454,1.030630,0.950182,0.729378,0.810176,0.970463,1.466595,0.892776,1.132875,0.977601,1.062026,0.946988,1.089982,1.109961,1.357590,1.371222,-0.138629,-0.462367,0.975720,0.873768,1.011163,0.973106,1.019507,0.821353,0.837485,0.371928,0.985903,1.144654,1.248889,1.054205,1.268099,0.918596,0.770157,0.739874,1.124820,1.006492
1.238406,0.923454,1.262989,1.134844,0.846464,0.816845,1.153311,0.786831,0.886180,0.859728,0.924808,1.148693,1.133002,0.863196,1.119523,1.207754,0.768243,0.962268,1.976520,0.000000,0.501811,0.455600,1.463062,1.296070,1.155218,1.045521,0.815417,0.640104,1.118809,0.933947,1.155689,1.118370,1.548154,1.620811,1.006161,1.177158,0.896666,0.765861,0.998980,0.990233,0.363533,0.636386,0.937950,0.981596,0.775890,1.051601,0.974817,1.152311,0.288286,0.916186,0.476590,0.936353,0.353994,0.881715,1.029664,1.124342,0.991086,0.777833,0.761584,1.107096,1.354947,0.901931,1.094901,0.997110,0.931904,0.934394,1.091655,1.179272,1.434910,1.374413,-0.216787,-0.511599,0.877133,0.889622,0.891572,0.857796,0.857846,0.708553,0.898643,0.389920,1.066019,1.240579,1.289520,1.151227,1.331304,1.032953,0.836594,0.823478,1.034472,1.046560
0.542774,0.393103,0.368494,0.159457,0.582602,0.537694,0.295473,0.050846,0.376861,0.361142,0.496556,0.420697,0.523732,0.544968,0.619206,0.561741,0.659508,0.504728,0.509678,0.501811,0.000000,1.027386,0.409271,0.356662,0.490760,0.476254,0.637843,0.844491,0.628616,0.419704,0.552949,0.449605,0.585635,0.534417,0.488973,0.465869,0.685862,0.485954,0.601076,0.474180,0.425260,0.374541,0.297221,0.406412,0.237987,0.304611,0.341033,0.399287,0.139907,0.303361,0.251094,0.278040,0.104001,0.358378,0.424088,0.298819,0.443844,0.347294,0.308468,0.470766,0.540637,0.444380,0.758736,0.759318,0.511643,0.293868,0.337867,0.293242,0.396555,0.418508,0.010492,-0.137790,0.539085,0.331141,0.545016,0.413000,0.576027,0.467589,0.470768,0.204093,0.549912,0.539134,0.417113,0.268219,0.535133,0.382687,0.211140,0.079369,0.406678,0.214118
0.412206,0.225607,0.425257,0.222754,0.773372,0.703953,0.355050,0.150000,0.482722,0.410374,0.483527,0.347364,0.595104,0.448428,0.699722,0.485853,0.514396,0.268594,0.497871,0.455600,1.027386,0.000000,0.454124,0.426125,0.503704,0.656745,0.646784,0.898573,0.647292,0.314456,0.626929,0.539947,0.496314,0.497538,0.609846,0.509772,0.689551,0.390710,0.685763,0.359498,0.281227,0.384229,0.336975,0.411589,0.203019,0.241848,0.390613,0.398749,0.090748,0.188683,0.257981,0.181931,0.144298,0.306011,0.412798,0.231708,0.241136,0.123572,0.199407,0.303566,0.460999,0.415552,0.626284,0.600629,0.643359,0.370946,0.332525,0.276458,0.298154,0.317157,0.032342,-0.100024,0.598439,0.319976,0.642946,0.556070,0.697702,0.649082,0.398886,0.146678,0.478012,0.450321,0.392728,0.230943,0.483240,0.305326,0.213646,0.068356,0.393803,0.198221
1.244437,0.859006,1.750040,1.237496,0.850573,0.810256,1.259073,0.734929,0.975630,0.869389,1.081600,1.030750,1.225080,0.779587,1.207973,1.150355,0.621537,0.757698,1.573241,1.463062,0.409271,0.454124,0.000000,1.721324,1.369267,1.041999,1.031244,0.634519,0.869945,0.731900,1.170946,1.064994,1.205876,1.158713,1.018572,0.974670,0.878024,0.734898,1.010636,0.966526,0.235913,0.574423,1.001622,0.881878,0.783354,0.853995,1.009583,1.075436,0.401755,0.909775,0.628880,0.924798,0.536105,0.868432,1.044687,1.118917,0.870285,0.720731,0.826080,0.870015,1.219858,0.680872,0.892394,0.755187,0.932710,0.776995,1.047504,1.019762,1.224252,1.245885,-0.054617,-0.363852,0.771166,0.702139,0.829471,0.794457,0.870056,0.750109,0.712534,0.344766,0.805758,0.948280,1.281473,1.081596,1.349229,0.990145,0.898692,0.944161,1.340925,1.199152
1.045621,0.724595,1.749750,1.672363,0.914381,0.840036,1.462975,0.974471,1.053801,0.992356,0.848411,0.950201,1.155114,0.727096,1.043277,0.933186,0.443619,0.576295,1.293850,1.296070,0.356662,0.426125,1.721324,0.000000,1.259759,1.225195,0.900087,0.600442,0.709957,0.600070,1.117646,1.129517,0.998160,1.048192,1.046241,1.094081,0.711058,0.565833,0.921181,0.785127,0.185676,0.550565,1.055188,0.837479,0.833614,0.872518,1.071572,1.100728,0.456398,0.869620,0.745285,0.962901,0.610071,0.860402,1.072290,1.011564,0.759278,0.561647,0.880503,0.814474,1.134879,0.728095,0.716362,0.640464,0.989096,0.974917,1.196109,1.164897,1.116163,1.183945,-0.079659,-0.306470,0.671342,0.575538,0.730219,0.735322,0.831772,0.780177,0.591061,0.233795,0.645664,0.725824,1.063171,0.941582,1.114489,0.935141,0.707013,0.887886,1.381346,1.315950
0.994565,0.836834,1.287583,1.038478,0.783455,0.692911,0.895208,0.636365,0.717622,0.719918,0.884096,0.850907,0.972980,0.773846,0.927806,0.947444,0.638540,0.754542,1.168822,1.155218,0.490760,0.503704,1.369267,1.259759,0.000000,1.233870,1.078565,0.598570,0.826739,0.703111,1.245896,1.113295,1.100739,1.090255,1.119326,0.997953,0.854714,0.723521,1.121270,1.024428,0.187842,0.575882,0.892026,0.886731,0.724012,0.782860,0.873340,0.993884,0.391995,0.816920,0.631330,0.868298,0.465245,0.757210,0.877618,0.908432,0.788936,0.715221,0.736753,0.899146,1.021602,0.641459,0.872549,0.749513,0.783541,0.722542,0.926735,0.923702,0.969271,0.997884,0.008931,-0.282187,0.697245,0.662722,0.806082,0.733596,0.795364,0.756396,0.716420,0.475854,0.781872,0.900226,0.944548,0.983576,1.135710,0.897775,0.745310,0.819525,0.995892,0.897839
0.766652,0.552872,1.031277,1.018623,0.920301,0.866620,0.980032,0.837355,0.834408,0.819423,0.721227,0.737136,0.968710,0.645128,0.963635,0.846168,0.528029,0.485572,1.006526,1.045521,0.476254,0.656745,1.041999,1.225195,1.233870,0.000000,0.868808,0.679225,0.829352,0.581076,1.175698,1.230400,0.875582,0.995505,1.186184,1.104329,0.731555,0.481646,1.039745,0.714055,0.118489,0.612088,0.804602,0.770265,0.642433,0.713565,0.800295,0.861550,0.298717,0.597306,0.575305,0.702341,0.417309,0.657238,0.784376,0.694605,0.570925,0.391862,0.594089,0.695922,0.908504,0.731256,0.757226,0.656904,0.951472,0.959347,0.882544,0.896988,0.726388,0.773396,0.021590,-0.227314,0.704716,0.635716,0.750655,0.794043,0.763500,0.769590,0.618548,0.316814,0.679435,0.710819,0.800026,0.781538,0.914536,0.784657,0.573599,0.658122,0.830832,0.816217
1.043021,0.713808,0.968039,0.648224,0.881317,0.828730,0.727099,0.333820,0.770202,0.690666,1.009175,0.763181,0.973733,0.786298,1.066411,0.994393,0.685965,0.630277,0.882944,0.815417,0.637843,0.646784,1.031244,0.900087,1.078565,0.868808,0.000000,1.078587,0.700934,0.541189,0.813875,0.698493,0.747162,0.684097,0.812893,0.639073,0.824634,0.667682,0.979878,0.782693,0.216247,0.494317,0.585027,0.578647,0.460822,0.472612,0.591260,0.660801,0.347963,0.635848,0.544907,0.614615,0.381433,0.685736,0.694927,0.733759,0.692125,0.521965,0.666862,0.767614,0.920707,0.555947,0.874749,0.760704,0.766534,0.505903,0.603336,0.540119,0.741327,0.734141,0.084983,-0.181576,0.652525,0.460133,0.692435,0.638969,0.748651,0.683408,0.556288,0.347253,0.612659,0.706489,0.826085,0.690412,0.965138,0.727383,0.600530,0.575959,0.928818,0.727437
0.723716,0.450683,0.613251,0.397384,0.936349,1.006377,0.566901,0.257168,0.721322,0.600311,0.694289,0.635949,0.779754,0.696099,1.012658,0.804276,0.648380,0.435754,0.671602,0.640104,0.844491,0.898573,0.634519,0.600442,0.598570,0.679225,1.078587,0.000000,0.698406,0.420769,0.652209,0.588394,0.591907,0.568728,0.721673,0.573623,0.775369,0.614014,0.763021,0.538550,0.332196,0.428970,0.387655,0.432270,0.272105,0.337381,0.449626,0.469230,0.214335,0.374188,0.379973,0.344557,0.195201,0.454336,0.516371,0.409166,0.487714,0.284534,0.419254,0.552973,0.680237,0.581960,0.777634,0.734186,0.783208,0.492624,0.424167,0.378000,0.498575,0.485436,-0.050733,-0.256977,0.688648,0.364314,0.660035,0.609110,0.717062,0.631218,0.480325,0.229318,0.554652,0.547694,0.600774,0.410327,0.631101,0.472821,0.420692,0.287311,0.634334,0.448092
0.940864,0.776192,0.717021,0.514934,0.766378,0.658436,0.677204,0.408681,0.633092,0.581769,0.941201,0.825448,0.926905,0.797790,1.119104,1.116478,1.156836,0.882488,1.124183,1.118809,0.628616,0.647292,0.869945,0.709957,0.826739,0.829352,0.700934,0.698406,0.000000,1.165776,1.117241,1.054232,1.271117,1.279320,0.947295,0.765037,0.978700,0.797896,0.996035,0.728521,0.418452,0.538563,0.555850,0.734098,0.429162,0.636134,0.588454,0.722280,0.116612,0.530283,0.275067,0.515157,0.121274,0.543149,0.577553,0.608833,0.775100,0.608788,0.429033,0.763882,0.921157,0.711186,1.371699,1.196230,0.790588,0.584861,0.618332,0.599421,0.819598,0.724013,-0.066289,-0.479344,0.982515,0.828306,0.991747,0.948655,0.878667,0.690702,1.055580,0.634123,1.204609,1.222066,1.020210,0.846331,1.044710,0.782352,0.690901,0.556365,0.663625,0.501826
0.808466,0.828853,0.592750,0.506365,0.411558,0.374220,0.535699,0.337496,0.403380,0.402935,0.754718,0.764454,0.637174,0.685123,0.694256,0.998198,1.022473,1.064708,0.852173,0.933947,0.419704,0.314456,0.731900,0.600070,0.703111,0.581076,0.541189,0.420769,1.165776,0.000000,0.848019,0.890250,1.024177,1.053773,0.663962,0.582861,0.630361,0.717125,0.681857,0.672456,0.447169,0.406842,0.419600,0.514064,0.400210,0.573148,0.414793,0.546906,0.070345,0.471852,0.160512,0.437953,0.031073,0.375403,0.434033,0.537028,0.848618,0.723770,0.397650,0.693596,0.773209,0.571278,0.988337,1.090057,0.511345,0.462698,0.523533,0.527640,0.844750,0.656485,-0.192393,-0.502748,0.648692,0.707079,0.662860,0.592732,0.550236,0.339157,0.983011,0.513301,0.989522,1.050643,0.985544,0.912496,0.887432,0.815402,0.725999,0.674074,0.547362,0.515315
0.955387,0.791394,1.107489,0.875614,0.907163,0.698366,0.966882,0.670593,0.792800,0.706694,1.010499,0.914255,1.092657,0.853288,1.083257,1.005704,0.732587,0.676950,1.233012,1.155689,0.552949,0.626929,1.170946,1.117646,1.245896,1.175698,0.813875,0.652209,1.117241,0.848019,0.000000,1.764878,1.201490,1.271893,1.371285,1.045865,0.866036,0.666469,1.089382,0.703716,0.283921,0.620105,0.712323,0.743273,0.538898,0.647735,0.728119,0.809467,0.203075,0.556518,0.419992,0.578823,0.265597,0.557801,0.697172,0.631866,0.696858,0.565984,0.534401,0.719242,0.977548,0.721783,0.948609,0.864712,1.021123,0.790563,0.793695,0.781213,0.847954,0.818556,0.022896,-0.243985,0.970198,0.798303,0.958237,0.972415,1.025860,0.910881,0.690991,0.357027,0.764519,0.854282,0.891585,0.803410,1.051145,0.826544,0.621593,0.670560,0.817705,0.688527
0.859602,0.760627,0.970217,0.901826,0.761635,0.604729,0.927411,0.740230,0.726873,0.632720,0.816874,0.888673,0.899959,0.719328,0.926126,0.912054,0.697854,0.661634,1.084885,1.118370,0.449605,0.539947,1.064994,1.129517,1.113295,1.230400,0.698493,0.588394,1.054232,0.890250,1.764878,0.000000,1.132958,1.290948,1.180109,0.950236,0.723580,0.650381,0.938560,0.709587,0.286849,0.629268,0.675068,0.742458,0.536735,0.686138,0.675934,0.790455,0.186314,0.546867,0.400515,0.591944,0.218541,0.530480,0.614489,0.616200,0.718153,0.546957,0.480390,0.657972,0.890953,0.687125,0.861387,0.777921,0.896274,0.812038,0.764504,0.784903,0.823074,0.756295,0.001731,-0.304102,0.804603,0.751292,0.769230,0.823146,0.813766,0.690836,0.790596,0.427582,0.830840,0.864991,0.935272,0.908018,1.033953,0.937666,0.689190,0.787298,0.746465,0.717929
1.299548,1.097828,0.989926,0.793976,0.662590,0.602327,0.852455,0.542577,0.671075,0.644289,0.931976,0.989561,0.973522,0.808275,0.988545,1.085619,0.989904,1.197252,1.528550,1.548154,0.585635,0.496314,1.205876,0.998160,1.100739,0.875582,0.747162,0.591907,1.271117,1.024177,1.201490,1.132958,0.000000,2.064975,0.953337,0.965468,0.831247,0.814403,0.949568,0.949267,0.335627,0.590281,0.787985,0.913946,0.675411,0.880718,0.820778,0.966582,0.263071,0.811233,0.404252,0.786971,0.287146,0.708350,0.822536,0.903176,1.278535,1.048949,0.677974,0.908782,1.216698,0.710278,1.299185,1.120892,0.781972,0.674941,0.934506,0.934097,1.425531,1.143638,-0.117285,-0.491291,0.807919,0.844872,0.858541,0.808441,0.860578,0.656659,1.081117,0.575737,1.277898,1.536199,1.215658,1.190299,1.441518,1.107118,0.864616,0.774936,0.899009,0.785867
1.159364,1.037822,0.993039,0.877088,0.702034,0.645089,0.922809,0.679502,0.715597,0.690047,0.850279,1.027700,0.976588,0.807961,0.976802,1.067256,0.908202,1.054102,1.463340,1.620811,0.534417,0.497538,1.158713,1.048192,1.090255,0.995505,0.684097,0.568728,1.279320,1.053773,1.271893,1.290948,2.064975,0.000000,1.034892,1.126934,0.820879,0.766125,0.995950,0.921875,0.341807,0.606262,0.812382,0.953223,0.697725,0.960969,0.828349,0.999174,0.234067,0.778104,0.398182,0.796635,0.250710,0.691047,0.812642,0.879005,1.089462,0.894956,0.632295,0.942089,1.204533,0.838029,1.211077,1.105659,0.841779,0.833008,0.955299,1.015249,1.252535,1.086175,-0.163360,-0.521328,0.811429,0.900795,0.870449,0.836144,0.818474,0.664066,0.995998,0.522072,1.188229,1.352358,1.148670,1.166137,1.322895,1.082698,0.812170,0.786387,0.837920,0.816160
0.809500,0.624260,1.051521,0.867788,1.069008,0.889310,1.017891,0.773565,0.906080,0.792917,0.927957,0.817042,1.111257,0.826626,1.066911,0.892586,0.633807,0.518874,1.108246,1.006161,0.488973,0.609846,1.018572,1.046241,1.119326,1.186184,0.812893,0.721673,0.947295,0.663962,1.371285,1.180109,0.953337,1.034892,0.000000,1.207539,0.726883,0.528815,1.039031,0.600987,0.171739,0.438640,0.783450,0.724810,0.652387,0.693980,0.821074,0.808594,0.315557,0.558956,0.580654,0.597435,0.390509,0.557915,0.760038,0.565442,0.575510,0.437245,0.564718,0.630135,0.903608,0.749258,0.784347,0.721829,1.298737,0.954115,0.884861,0.831095,0.736628,0.758802,-0.052280,-0.337177,0.845894,0.614917,0.924876,0.842937,0.871420,0.881748,0.632484,0.340416,0.638540,0.668588,0.778207,0.638055,0.886215,0.647267,0.473498,0.504284,0.834239,0.624767
0.791159,0.569291,1.059816,1.060318,0.906337,0.947102,1.129380,1.037348,0.941794,0.965519,0.627513,0.868259,1.046349,0.783647,0.905998,0.797058,0.472618,0.535701,1.182874,1.177158,0.465869,0.509772,0.974670,1.094081,0.997953,1.104329,0.639073,0.573623,0.765037,0.582861,1.045865,0.950236,0.965468,1.126934,1.207539,0.000000,0.604039,0.406443,0.927551,0.627956,0.162298,0.455525,1.003855,0.902360,0.871668,1.052476,1.040677,1.067516,0.342746,0.744456,0.596096,0.823148,0.452750,0.743828,1.019060,0.785461,0.624550,0.456528,0.734526,0.815576,1.148044,1.018459,0.745810,0.736475,1.125362,1.431795,1.181493,1.307072,0.848883,1.062389,-0.208900,-0.438545,0.755501,0.664791,0.830626,0.781101,0.783943,0.763253,0.574042,0.144388,0.632662,0.694729,0.756545,0.688905,0.824662,0.713353,0.388898,0.511589,0.853310,0.857825
0.826904,0.681720,0.774941,0.509059,0.778814,0.631856,0.607460,0.313755,0.581256,0.617990,0.808489,0.755085,0.827545,0.765264,1.050228,1.002579,0.715271,0.642891,0.896413,0.896666,0.685862,0.689551,0.878024,0.711058,0.854714,0.731555,0.824634,0.775369,0.978700,0.630361,0.866036,0.723580,0.831247,0.820879,0.726883,0.604039,0.000000,1.115401,1.128978,1.061618,0.602367,0.720108,0.581279,0.796224,0.413619,0.566948,0.608888,0.781828,0.220948,0.591350,0.370262,0.573855,0.183136,0.688051,0.664242,0.743663,0.543947,0.477599,0.411520,0.793404,0.705194,0.557351,0.924108,0.771893,0.707174,0.454459,0.512665,0.496004,0.669453,0.690105,-0.039946,-0.289464,0.944375,0.713001,0.953497,0.824134,0.944037,0.918966,0.631720,0.417447,0.901898,0.931033,0.813540,0.673863,0.941762,0.712775,0.790556,0.534850,0.775110,0.554219
0.812626,0.792395,0.626983,0.443874,0.492337,0.408760,0.437868,0.200931,0.379804,0.423152,0.610189,0.665087,0.560133,0.620358,0.710808,0.805489,0.736878,0.784437,0.732940,0.765861,0.485954,0.390710,0.734898,0.565833,0.723521,0.481646,0.667682,0.614014,0.797896,0.717125,0.666469,0.650381,0.814403,0.766125,0.528815,0.406443,1.115401,0.000000,0.733396,1.089775,0.625289,0.569700,0.512415,0.679520,0.393950,0.490797,0.527857,0.656321,0.286354,0.611206,0.357833,0.568189,0.134965,0.545165,0.532438,0.641185,0.645162,0.649947,0.401455,0.702137,0.581920,0.384598,0.761624,0.645901,0.433151,0.283550,0.462067,0.420014,0.762860,0.629357,-0.099215,-0.397990,0.610380,0.572095,0.569332,0.549417,0.663764,0.594805,0.752757,0.575089,1.033213,0.946957,0.897167,0.798206,0.821428,0.652594,0.981225,0.643079,0.636198,0.505146
0.895174,0.703366,0.963693,0.705263,0.870717,0.753046,0.780899,0.517767,0.741985,0.729950,0.894358,0.849237,0.993539,0.869344,1.093266,1.018885,0.700422,0.642785,1.011192,0.998980,0.601076,0.685763,1.010636,0.921181,1.121270,1.039745,0.979878,0.763021,0.996035,0.681857,1.089382,0.938560,0.949568,0.995950,1.039031,0.927551,1.128978,0.733396,0.000000,0.980077,0.311211,0.792933,0.667142,0.756091,0.503801,0.656681,0.681460,0.790300,0.198373,0.563286,0.414015,0.593739,0.275204,0.653013,0.754626,0.764369,0.647261,0.533762,0.555403,0.804225,0.947922,0.734763,0.973654,0.878156,0.913656,0.712765,0.713423,0.719169,0.728144,0.797158,-0.088652,-0.422898,0.872430,0.718222,0.912079,0.909158,0.798580,0.834870,0.698465,0.437397,0.808927,0.924990,0.863036,0.783650,1.031256,0.891071,0.633144,0.598977,0.846822,0.664019
0.886443,0.816557,0.790741,0.663418,0.456452,0.452375,0.618302,0.397574,0.452164,0.497048,0.645956,0.789153,0.691955,0.643766,0.736568,0.882423,0.645563,0.849005,0.923147,0.990233,0.474180,0.359498,0.966526,0.785127,1.024428,0.714055,0.782693,0.538550,0.728521,0.672456,0.703716,0.709587,0.949267,0.921875,0.600987,0.627956,1.061618,1.089775,0.980077,0.000000,0.466481,0.721668,0.642557,0.856552,0.569164,0.745017,0.615235,0.828941,0.266715,0.769651,0.377675,0.794129,0.217090,0.702363,0.689723,0.974106,0.777732,0.734309,0.529465,0.857235,0.754893,0.502031,0.784563,0.653389,0.484060,0.481015,0.621169,0.665225,0.884355,0.871320,-0.094115,-0.433982,0.587955,0.743310,0.636410,0.624829,0.598061,0.522754,0.811088,0.567277,1.043932,1.106608,0.970455,1.032466,1.064950,0.979987,1.039395,0.817127,0.761660,0.765542
0.382803,0.420763,0.231947,0.147063,0.181367,0.174598,0.146303,-0.008117,0.117613,0.135700,0.243651,0.427800,0.266497,0.454203,0.323131,0.356353,0.356303,0.389275,0.308127,0.363533,0.425260,0.281227,0.235913,0.185676,0.187842,0.118489,0.216247,0.332196,0.418452,0.447169,0.283921,0.286849,0.335627,0.341807,0.171739,0.162298,0.602367,0.625289,0.311211,0.466481,0.000000,0.430654,0.124949,0.324253,0.067212,0.232967,0.145557,0.300097,-0.016779,0.256545,0.007857,0.188698,-0.247485,0.265106,0.119198,0.306522,0.287407,0.225870,0.077618,0.460678,0.248414,0.247515,0.402156,0.465535,0.184558,0.084662,0.073075,0.092287,0.299582,0.259181,-0.195778,-0.189645,0.471920,0.416082,0.456320,0.342971,0.439868,0.350599,0.360760,0.082270,0.460724,0.413669,0.346312,0.180369,0.342652,0.286593,0.348884,0.122416,0.140850,0.131619
0.593907,0.485379,0.525654,0.450006,0.432093,0.370802,0.455643,0.341986,0.356762,0.395847,0.484443,0.631544,0.539794,0.565859,0.566976,0.553236,0.370695,0.412305,0.617490,0.636386,0.374541,0.384229,0.574423,0.550565,0.575882,0.612088,0.494317,0.428970,0.538563,0.406842,0.620105,0.629268,0.590281,0.606262,0.438640,0.455525,0.720108,0.569700,0.792933,0.721668,0.430654,0.000000,0.322546,0.467262,0.189529,0.370627,0.311880,0.458092,-0.056128,0.330420,0.107985,0.372754,-0.015168,0.419266,0.373515,0.516346,0.418342,0.338550,0.268348,0.540623,0.497760,0.447569,0.537376,0.473057,0.437963,0.377809,0.318062,0.395871,0.443570,0.466612,-0.057900,-0.236170,0.477901,0.615100,0.550586,0.595943,0.525433,0.513789,0.482416,0.251961,0.568559,0.614776,0.590789,0.585266,0.660481,0.638782,0.573215,0.506149,0.409268,0.434385
0.748614,0.542973,1.056152,1.009694,0.705541,0.692123,0.944946,0.850497,0.802140,0.833649,0.452184,0.619990,0.776821,0.502704,0.732998,0.625525,0.384905,0.516357,0.962559,0.937950,0.297221,0.336975,1.001622,1.055188,0.892026,0.804602,0.585027,0.387655,0.555850,0.419600,0.712323,0.675068,0.787985,0.812382,0.783450,1.003855,0.581279,0.512415,0.667142,0.642557,0.124949,0.322546,0.000000,1.391940,1.697595,1.342085,2.133029,1.742819,0.997421,1.402757,1.182874,1.415063,1.020732,1.146768,1.493779,1.128275,0.655688,0.533430,0.995805,0.761970,0.895129,0.626621,0.600771,0.518790,0.706581,0.826253,1.495010,1.338237,0.978659,1.248805,-0.117377,-0.306809,0.469405,0.358820,0.528278,0.534972,0.624206,0.684202,0.520474,0.130322,0.574522,0.615126,0.790371,0.748958,0.776565,0.594472,0.440316,0.510445,1.041330,1.006483
0.736777,0.631423,0.792746,0.716165,0.601210,0.567044,0.723089,0.644144,0.614638,0.680958,0.462060,0.695104,0.708172,0.558126,0.742714,0.690435,0.543887,0.631658,0.936946,0.981596,0.406412,0.411589,0.881878,0.837479,0.886731,0.770265,0.578647,0.432270,0.734098,0.514064,0.743273,0.742458,0.913946,0.953223,0.724810,0.902360,0.796224,0.679520,0.756091,0.856552,0.324253,0.467262,1.391940,0.000000,1.146044,1.447153,1.258924,1.843720,0.643102,1.275090,0.716213,1.236377,0.525114,1.192480,0.989086,1.210241,0.684153,0.578837,0.652783,0.868762,0.815507,0.635834,0.751779,0.623856,0.617849,0.686613,0.945018,0.994817,0.869546,1.042975,-0.094704,-0.387980,0.590503,0.562854,0.642546,0.627038,0.671419,0.683089,0.689158,0.332113,0.829031,0.867062,0.804935,0.826976,0.910434,0.745534,0.579172,0.558018,0.759499,0.742063
0.644966,0.538574,0.830102,0.847016,0.531899,0.536622,0.826975,0.798864,0.693306,0.746825,0.351427,0.581813,0.625338,0.461286,0.560002,0.559448,0.334637,0.527556,0.767900,0.775890,0.237987,0.203019,0.783354,0.833614,0.724012,0.642433,0.460822,0.272105,0.429162,0.400210,0.538898,0.536735,0.675411,0.697725,0.652387,0.871668,0.413619,0.393950,0.503801,0.569164,0.067212,0.189529,1.697595,1.146044,0.000000,1.507369,1.468102,1.357402,1.105196,1.394788,1.145383,1.398803,0.980921,1.005889,1.263636,1.023708,0.669091,0.576639,1.100285,0.729834,0.799785,0.584428,0.510545,0.476395,0.596894,0.798010,1.419804,1.310258,0.872804,1.148153,-0.129150,-0.321289,0.341607,0.294115,0.383552,0.368018,0.419620,0.470968,0.462509,0.102224,0.467579,0.517879,0.635998,0.660363,0.671460,0.588260,0.317981,0.463955,0.869716,0.916964
0.735896,0.658923,0.824365,0.860729,0.530738,0.547803,0.884087,0.864681,0.699052,0.765779,0.416777,0.809876,0.697770,0.582740,0.654226,0.701534,0.460857,0.679655,0.950106,1.051601,0.304611,0.241848,0.853995,0.872518,0.782860,0.713565,0.472612,0.337381,0.636134,0.573148,0.647735,0.686138,0.880718,0.960969,0.693980,1.052476,0.566948,0.490797,0.656681,0.745017,0.232967,0.370627,1.342085,1.447153,1.507369,0.000000,1.212774,1.609621,0.624360,1.353276,0.697177,1.390868,0.553537,1.123573,1.074733,1.275399,0.794330,0.679027,0.866278,0.954739,0.952573,0.784031,0.712042,0.658759,0.642063,0.937527,1.209356,1.428247,0.959712,1.275156,-0.191789,-0.491986,0.502330,0.526458,0.549865,0.494709,0.505083,0.496961,0.628078,0.201913,0.707680,0.785091,0.788756,0.862399,0.853796,0.832591,0.470843,0.605639,0.785517,0.924552
0.747201,0.517104,1.066621,1.006914,0.780943,0.791587,0.977992,0.860524,0.884828,0.910083,0.480385,0.645168,0.835302,0.537031,0.787654,0.638700,0.380575,0.508611,1.020518,0.974817,0.341033,0.390613,1.009583,1.071572,0.873340,0.800295,0.591260,0.449626,0.588454,0.414793,0.728119,0.675934,0.820778,0.828349,0.821074,1.040677,0.608888,0.527857,0.681460,0.615235,0.145557,0.311880,2.133029,1.258924,1.468102,1.212774,0.000000,1.673380,0.951672,1.248441,1.194687,1.286474,1.046426,1.094731,1.680194,1.063640,0.662661,0.518516,1.013894,0.734188,0.921610,0.651193,0.624677,0.539136,0.780386,0.868856,1.588614,1.372851,1.009854,1.279612,-0.154100,-0.318241,0.521596,0.373764,0.565870,0.569581,0.691044,0.740459,0.526343,0.133756,0.590660,0.630901,0.797850,0.721045,0.773302,0.575854,0.431673,0.463806,1.119215,0.968999
0.860285,0.680849,1.054970,0.997980,0.740761,0.690831,0.967881,0.825938,0.803890,0.865825,0.526644,0.795966,0.842331,0.606095,0.827372,0.744394,0.484509,0.643621,1.119748,1.152311,0.399287,0.398749,1.075436,1.100728,0.993884,0.861550,0.660801,0.469230,0.722280,0.546906,0.809467,0.790455,0.966582,0.999174,0.808594,1.067516,0.781828,0.656321,0.790300,0.828941,0.300097,0.458092,1.742819,1.843720,1.357402,1.609621,1.673380,0.000000,0.733455,1.496082,0.904664,1.553418,0.714213,1.425380,1.346821,1.439530,0.767101,0.627936,0.913365,0.980233,1.005104,0.727480,0.771981,0.656766,0.732078,0.863876,1.297435,1.344511,1.077657,1.400309,-0.129990,-0.404499,0.607715,0.524084,0.667820,0.632267,0.757580,0.769159,0.668476,0.231698,0.782156,0.839969,0.944166,0.922384,0.971832,0.789384,0.581381,0.637868,1.046837,1.001476
0.366424,0.280411,0.489655,0.450621,0.360798,0.345948,0.397917,0.362514,0.418702,0.469689,0.116388,0.178469,0.306082,0.207430,0.313578,0.244072,0.130461,0.230670,0.311243,0.288286,0.139907,0.090748,0.401755,0.456398,0.391995,0.298717,0.347963,0.214335,0.116612,0.070345,0.203075,0.186314,0.263071,0.234067,0.315557,0.342746,0.220948,0.286354,0.198373,0.266715,-0.016779,-0.056128,0.997421,0.643102,1.105196,0.624360,0.951672,0.733455,0.000000,0.973354,1.566187,0.885748,1.271252,0.695172,0.818294,0.560522,0.378788,0.314299,0.876974,0.403299,0.367199,0.204053,0.193112,0.171689,0.263592,0.304738,0.789975,0.586343,0.484027,0.592949,0.013220,-0.030199,0.073778,-0.095243,0.090241,0.090475,0.195009,0.302945,0.171059,0.019977,0.150631,0.151877,0.302881,0.290445,0.283778,0.180750,0.076628,0.153162,0.634692,0.527973
