0.000000,0.328544,0.566793,0.352955,0.450580,0.422832,0.776369,0.179915,0.214706,0.025755,0.883201,0.169885,0.299925,0.242145,0.478119,0.294606,0.348825,-0.225410,0.576632,0.262681,-0.062405,0.147508,0.458233,0.179911,0.308361,0.275775,0.318937,0.344012,-0.068538,-0.170619,0.114187,0.269429,0.027361,0.007103,0.178893,-0.051495,0.248565,0.106374,0.012237,-0.006402,0.039173,-0.000195,0.142090,0.241205,-0.054832,-0.122768,0.208553,-0.067029,0.014925,0.051545,0.509717,0.326172,0.640386,0.456358,0.340706,0.359331,0.380363,0.210668,0.159236,0.031117,0.300717,0.282532,-0.109810,-0.188467,0.471602,0.303602,0.294317,0.242369,0.137848,0.308730,0.391973,0.522705,0.386219,0.078957,0.372485,0.054949,0.694784,0.563235,0.029566,-0.294034,0.092965,0.074104,0.044753,0.080762,0.571704,0.348865,0.309186,0.378921,0.387328,0.505372
0.328544,0.000000,-0.145439,0.532930,0.039890,0.306575,-0.200373,0.361658,0.179329,0.201418,-0.076649,1.096970,-0.175858,0.582333,0.042694,0.537036,0.064527,0.447831,-0.040616,0.604310,0.189929,0.301902,-0.076356,0.300609,0.061907,0.076091,-0.074255,-0.024066,-0.037549,0.272903,-0.028992,0.276295,0.376972,0.549227,0.036210,0.134171,-0.074904,0.186737,-0.134336,0.157348,-0.064751,-0.049266,0.489123,0.571899,0.341035,0.572569,0.540814,0.504092,0.442884,0.588091,0.570480,0.785382,0.469013,0.475163,0.594738,0.735371,0.315979,0.924122,0.009989,0.505665,-0.178839,0.241495,-0.213892,0.502999,-0.106821,0.030179,0.352434,0.494449,0.441186,0.291726,-0.071412,0.182679,0.039215,0.550775,-0.045348,-0.042259,0.364708,0.689155,0.053057,-0.095239,0.193790,0.408537,-0.013777,0.117889,0.129816,0.567288,0.037146,0.238082,-0.055138,0.428869
0.566793,-0.145439,0.000000,0.300370,0.598922,0.192050,1.015967,-0.024136,0.048314,-0.177902,0.601974,-0.292825,0.203978,-0.264425,0.472151,0.073738,0.176480,-0.363264,0.655463,0.161134,-0.009154,-0.007401,1.001058,0.310755,0.509895,0.426579,0.503742,0.294725,-0.025937,-0.295110,0.497848,0.408528,-0.042387,-0.124957,0.188736,-0.056701,0.286722,0.191522,0.269507,0.013621,-0.154238,-0.050755,-0.026900,-0.031133,-0.150045,-0.354574,0.071354,-0.173720,-0.146032,-0.157111,0.254611,0.033481,0.277306,0.237151,0.126502,0.089574,0.010511,-0.031254,-0.013390,-0.424171,0.374037,0.056567,-0.162065,-0.467031,0.941283,0.451169,0.263051,0.063465,-0.075685,0.246639,0.377027,0.496357,0.200206,-0.181182,0.188469,0.072579,0.439127,0.255744,-0.033742,-0.168607,-0.079058,0.036824,0.092004,0.077044,0.488871,0.144957,0.221339,0.279982,0.645060,0.334070
0.352955,0.532930,0.300370,0.000000,0.441939,0.329996,0.289278,0.729993,0.140446,0.091537,0.088586,0.520283,-0.320468,-0.007155,0.102348,0.520312,-0.097428,-0.053009,0.020499,0.571414,0.165488,0.218436,0.272399,0.885102,0.383421,0.543500,0.101596,0.085931,-0.242102,-0.072497,0.203420,0.777864,0.278795,0.471789,0.205994,0.046346,0.166990,0.303880,0.039606,0.068118,0.035707,-0.019197,0.185910,0.280999,0.047520,0.148873,0.252544,0.246145,0.102933,0.290961,0.461237,0.612144,0.446987,0.504272,0.463910,0.556318,0.119304,0.220602,-0.138485,0.092561,-0.099815,0.268840,-0.190338,0.113782,0.260066,0.611180,0.565302,0.857455,0.385709,0.680813,0.210938,0.458574,0.202501,0.303661,0.178672,0.019189,0.520901,0.750616,0.036755,-0.219150,0.153984,0.405005,0.051729,0.242319,0.438413,0.744771,0.187144,0.503976,0.381409,0.631477
0.450580,0.039890,0.598922,0.441939,0.000000,0.487037,0.699165,0.406740,0.352244,0.246520,0.519169,-0.020028,0.119084,-0.047577,0.340583,0.316595,0.160636,-0.075248,0.502635,0.353755,-0.014116,0.018641,0.565203,0.298834,0.374713,0.475129,0.371336,0.252065,0.104073,-0.083872,0.258420,0.417418,0.037411,0.098646,0.310668,0.157792,-0.004741,0.039996,0.221299,-0.028807,-0.119807,0.036967,0.105418,0.066267,-0.006316,-0.035104,0.067427,0.039591,0.034393,0.052566,0.193914,0.088332,0.291584,0.335103,0.139001,0.195904,0.008716,0.141034,0.190260,-0.028638,0.281384,0.180069,-0.127642,-0.116150,0.556251,0.540254,0.344233,0.255947,0.114197,0.498813,0.313972,0.448032,0.232586,0.059377,0.105146,-0.112886,0.368039,0.263167,0.068553,0.097408,0.024299,0.337232,0.223997,0.188640,0.434843,0.212778,0.164791,0.361218,0.483326,0.501150
0.422832,0.306575,0.192050,0.329996,0.487037,0.000000,0.292968,0.323451,0.416711,0.348109,0.216030,0.243645,0.258982,0.302729,0.361721,0.345384,0.154402,0.018161,0.227459,0.312000,0.135491,0.324885,0.126079,0.132866,-0.008441,0.399327,0.089344,0.268433,0.020757,-0.052945,0.050400,0.203561,0.035551,0.124259,0.040569,0.004264,0.106239,0.035601,0.102747,0.130500,0.009495,-0.026025,0.319648,0.389687,0.161916,0.202571,0.254424,0.187518,0.175878,0.237136,0.298185,0.293081,0.383808,0.348944,0.400533,0.388924,0.307142,0.330306,0.187006,0.332887,0.123979,0.286732,-0.239887,0.023430,0.006401,0.129959,0.140952,0.190598,0.110563,0.354521,0.178912,0.257895,0.250515,0.188178,0.014990,-0.093889,0.356178,0.340672,0.006344,-0.046928,0.002860,0.155984,-0.013449,0.011805,0.113491,0.105101,0.115250,0.151640,0.313530,0.545417
0.776369,-0.200373,1.015967,0.289278,0.699165,0.292968,0.000000,0.277802,0.175912,-0.074979,0.823789,-0.253145,0.378305,-0.105241,0.570440,0.072688,0.264190,-0.389994,0.647678,0.025443,-0.140618,-0.040298,0.603064,0.081217,0.248473,0.282539,0.320780,0.209666,0.001297,-0.365416,0.252173,0.313860,-0.079051,-0.134957,0.165844,-0.117589,0.240130,0.040305,0.173352,-0.069624,-0.015569,0.044906,-0.050516,-0.007117,-0.161934,-0.341440,-0.038140,-0.229145,-0.192098,-0.137098,0.156419,-0.030477,0.274003,0.205739,0.046958,0.036807,0.023239,-0.167149,0.162783,-0.240290,0.549999,0.288765,-0.051634,-0.365703,0.717588,0.475248,0.218537,0.063243,-0.132425,0.311006,0.463365,0.537735,0.323937,-0.152776,0.357857,0.068238,0.520265,0.266093,0.046297,-0.108169,-0.138750,-0.094229,0.045831,0.062445,0.450110,0.062717,0.251485,0.260018,0.457601,0.333403
0.179915,0.361658,-0.024136,0.729993,0.406740,0.323451,0.277802,0.000000,0.144166,0.196946,0.131381,0.442219,0.046460,0.311472,0.202776,0.413750,0.035604,0.129164,0.087780,0.362739,-0.106832,-0.030125,-0.042839,0.263439,-0.130345,0.160044,-0.255086,-0.191055,-0.056363,0.012881,-0.128166,0.422682,0.095699,0.362299,-0.020794,0.008709,-0.169195,-0.003131,-0.180777,-0.192229,0.032719,-0.039999,0.030241,0.094771,0.023828,0.132845,-0.027555,0.129008,0.055289,0.194338,0.036873,0.119739,0.161084,0.220004,-0.031102,0.145455,-0.124355,0.105722,0.043367,0.266130,0.196350,0.790482,-0.011677,0.352647,0.000670,0.531627,0.119837,0.317310,0.137917,0.470961,0.012257,0.200596,0.111835,0.278354,0.091289,-0.058923,0.221615,0.312583,0.023308,0.106321,-0.001372,0.128593,-0.006323,0.124215,0.048768,0.170878,0.028646,0.171384,-0.024826,0.264371
0.214706,0.179329,0.048314,0.140446,0.352244,0.416711,0.175912,0.144166,0.000000,0.545346,0.002006,0.127243,0.220656,0.177785,-0.029691,0.152659,-0.071185,0.000249,-0.056744,0.055469,0.064656,0.150110,-0.028814,-0.030482,0.104046,0.296031,0.124772,0.229435,-0.080277,-0.043208,-0.044952,0.012499,-0.022213,0.075649,0.150517,0.175456,-0.014685,-0.064734,0.075884,0.014026,-0.175049,-0.067895,0.252473,0.265447,0.174534,0.232093,0.214706,0.180001,0.160114,0.241668,0.112793,0.142451,0.171474,0.152685,0.269350,0.246373,0.180302,0.209814,0.296788,0.243301,0.212179,0.167933,-0.184423,0.102305,0.056167,0.079376,0.132868,0.140650,0.089945,0.167241,0.055376,0.062492,-0.042044,0.078628,0.035847,-0.041372,0.075025,0.196121,-0.024330,-0.019034,-0.135362,0.209011,-0.106805,-0.149102,0.016365,0.057517,-0.139081,0.011370,0.136552,0.340788
0.025755,0.201418,-0.177902,0.091537,0.246520,0.348109,-0.074979,0.196946,0.545346,0.000000,-0.003505,0.372189,0.045663,0.373143,0.001645,0.317516,-0.027391,0.042866,-0.179739,0.003527,0.221403,0.204626,-0.085665,0.081675,0.099464,0.316848,-0.068072,-0.003144,0.057214,0.035231,0.057109,0.150372,0.162112,0.241190,0.343736,0.363092,0.010995,-0.023264,0.227261,0.124697,-0.138190,-0.072528,0.212380,0.225256,0.223734,0.326482,0.154871,0.347530,0.150303,0.181049,0.017438,0.121140,0.071582,0.088331,0.158812,0.268683,0.216919,0.203898,0.140603,0.096614,0.090159,0.017921,-0.069668,0.077571,-0.010256,0.137235,0.162805,0.240211,0.044828,0.115334,0.146372,0.078737,0.059369,0.092596,-0.060709,-0.128486,-0.021664,0.070771,0.028576,0.013078,0.021657,0.273228,0.010282,-0.072239,-0.008925,0.034197,-0.070076,0.042327,-0.007092,0.019395
0.883201,-0.076649,0.601974,0.088586,0.519169,0.216030,0.823789,0.131381,0.002006,-0.003505,0.000000,-0.116545,0.379867,0.155828,0.549015,0.038966,0.699193,-0.308332,1.021541,0.135580,-0.239547,-0.138423,0.670786,0.069841,0.261817,0.128638,0.261870,0.118174,0.220901,-0.123905,0.139118,0.155054,-0.137108,-0.150966,0.103697,-0.175684,0.162557,-0.074929,-0.056973,-0.267550,-0.070210,-0.092108,0.073633,0.088101,-0.075495,-0.247723,0.094974,-0.080897,-0.030307,-0.021117,0.131948,-0.036441,0.306643,0.210302,0.008251,0.075447,0.111751,-0.014020,-0.052495,-0.178089,0.307387,0.180258,0.151361,-0.347172,0.612683,0.278502,-0.016735,-0.086206,-0.134112,0.160755,0.410478,0.431531,0.221931,-0.144999,0.288534,0.070619,0.350196,0.138642,0.023107,-0.112174,0.018250,-0.179491,0.039066,-0.028693,0.351225,-0.063116,0.123517,0.102682,0.223622,0.118058
0.169885,1.096970,-0.292825,0.520283,-0.020028,0.243645,-0.253145,0.442219,0.127243,0.372189,-0.116545,0.000000,-0.240750,0.644294,0.011216,0.555146,-0.110352,0.237986,-0.270726,0.384816,0.226902,0.355143,-0.231019,0.330134,0.038336,0.055431,-0.210247,-0.136617,0.002428,0.280585,-0.138618,0.207552,0.255023,0.408309,0.037860,0.099886,-0.157973,0.132557,-0.110924,0.144188,0.097254,0.063928,0.235696,0.349444,0.156859,0.433706,0.281892,0.298131,0.207610,0.379394,0.351314,0.598320,0.293216,0.292122,0.412484,0.496710,0.078268,0.406261,-0.002718,0.314271,-0.213808,0.104397,-0.179521,0.372514,-0.157800,0.140011,0.387242,0.565554,0.241259,0.204954,-0.072266,0.128499,0.084348,0.485807,-0.038065,-0.056372,0.281600,0.490769,-0.002518,-0.042083,0.071903,0.308012,0.065170,0.207038,0.071821,0.522182,0.069489,0.277973,-0.129802,0.179523
0.299925,-0.175858,0.203978,-0.320468,0.119084,0.258982,0.378305,0.046460,0.220656,0.045663,0.379867,-0.240750,0.000000,0.354933,0.480516,-0.038153,0.316705,-0.000210,0.386816,-0.157675,-0.167163,-0.111553,-0.038779,-0.529268,-0.416460,-0.145247,-0.143830,0.032560,0.146583,-0.044592,-0.128218,-0.188987,-0.228103,-0.301702,-0.305262,-0.233864,-0.036034,-0.143260,-0.037902,0.013811,-0.146848,-0.070292,-0.025105,0.000631,-0.105587,-0.171769,-0.143601,-0.220577,-0.095904,-0.100334,-0.208290,-0.325668,-0.096609,-0.195065,-0.228250,-0.248775,0.027758,0.008037,0.447384,0.146286,0.624043,0.439553,0.045193,-0.017777,-0.110494,-0.205219,-0.417888,-0.539776,-0.216635,-0.113987,-0.024105,0.030511,0.009864,-0.101586,0.003335,-0.051622,0.050780,-0.127153,-0.107014,0.044716,-0.300027,-0.271450,-0.097797,-0.155361,-0.301781,-0.483878,0.051392,-0.088773,0.095474,0.046390
0.242145,0.582333,-0.264425,-0.007155,-0.047577,0.302729,-0.105241,0.311472,0.177785,0.373143,0.155828,0.644294,0.354933,0.000000,0.219111,0.413874,0.127599,0.274386,0.073128,0.171453,-0.075133,0.144126,-0.290040,-0.182097,-0.361502,-0.135418,-0.277015,-0.054159,-0.009061,0.035738,-0.230312,-0.057649,0.031593,0.126534,-0.209403,-0.050325,-0.118145,-0.018248,-0.155199,0.115850,0.141326,0.045402,0.250211,0.372085,0.119817,0.218848,0.143252,0.197959,0.210862,0.268252,0.167615,0.180032,0.148303,0.059620,0.134937,0.262486,0.195331,0.414130,0.128579,0.449348,0.119355,0.408511,-0.111657,0.285297,-0.245267,-0.140539,-0.169110,-0.056368,-0.040986,-0.020212,-0.036216,-0.009488,-0.039199,0.162155,-0.047962,-0.038127,0.076755,0.126806,-0.017880,-0.003034,-0.066667,-0.091529,0.024728,0.033124,-0.191235,-0.107192,0.162408,0.039929,-0.154174,0.063199
0.478119,0.042694,0.472151,0.102348,0.340583,0.361721,0.570440,0.202776,-0.029691,0.001645,0.549015,0.011216,0.480516,0.219111,0.000000,0.432578,0.403707,0.073251,0.541575,0.254596,0.152506,0.245310,0.392590,-0.005826,0.045556,0.091541,0.173263,0.134380,0.353831,0.053740,0.257480,0.263194,0.027840,-0.003563,0.022327,-0.067513,0.078263,0.094162,0.221612,0.196193,0.160801,0.208713,0.091492,0.136483,-0.039867,-0.048973,-0.053132,-0.049699,-0.041343,0.046612,0.111222,-0.004434,0.162771,0.136943,0.057324,0.089789,0.011661,0.057597,0.108217,-0.026061,0.341458,0.280515,-0.039510,-0.105686,0.322389,0.207285,-0.032814,-0.055396,-0.006709,0.347051,0.297434,0.429401,0.276363,0.140521,0.160765,-0.034522,0.480111,0.259063,0.225708,0.203567,0.020281,0.041004,0.367717,0.255195,0.201173,-0.011929,0.472588,0.321322,0.275566,0.274505
0.294606,0.537036,0.073738,0.520312,0.316595,0.345384,0.072688,0.413750,0.152659,0.317516,0.038966,0.555146,-0.038153,0.413874,0.432578,0.000000,-0.079443,0.161591,0.074903,0.554954,0.349324,0.472434,0.097590,0.391704,0.194072,0.444474,0.123136,0.203887,-0.015935,0.017369,0.206176,0.491038,0.236839,0.366629,0.195508,0.273874,0.050178,0.206534,0.320245,0.272097,0.209132,0.362565,0.185850,0.258229,0.040515,0.166032,0.093997,0.225154,0.112661,0.188252,0.456329,0.457307,0.354315,0.363348,0.380250,0.447932,0.043929,0.266724,0.057192,0.248924,-0.033237,0.224983,-0.296559,0.140944,0.131674,0.337232,0.311541,0.467267,0.285401,0.579389,0.155556,0.307108,0.261933,0.359966,0.188541,-0.026311,0.444608,0.562156,0.236225,0.154541,0.265360,0.460039,0.465967,0.420356,0.441594,0.486929,0.549785,0.644212,0.227574,0.537746
0.348825,0.064527,0.176480,-0.097428,0.160636,0.154402,0.264190,0.035604,-0.071185,-0.027391,0.699193,-0.110352,0.316705,0.127599,0.403707,-0.079443,0.000000,0.188093,0.771939,0.290741,-0.079393,-0.090467,0.421104,-0.057663,0.014785,-0.045551,0.094993,0.003260,0.578173,0.336530,0.222478,0.121246,0.278298,0.196173,0.083461,-0.056644,0.127182,-0.018518,-0.147652,-0.213248,-0.316614,-0.262573,0.337422,0.255650,0.275574,0.200226,0.352232,0.292387,0.323810,0.273820,-0.019811,-0.075715,0.207011,0.160730,0.056863,0.132205,0.327792,0.334341,-0.065221,0.122355,0.174505,0.176103,0.587019,0.194684,0.190583,-0.092398,-0.206961,-0.259534,0.142673,0.084142,0.250239,0.345353,0.193682,0.133274,0.092584,0.170696,0.280970,0.138193,0.201669,-0.017841,0.387080,0.021922,-0.107693,-0.201964,0.097310,-0.201514,-0.115869,-0.245229,-0.026230,0.002339
-0.225410,0.447831,-0.363264,-0.053009,-0.075248,0.018161,-0.389994,0.129164,0.000249,0.042866,-0.308332,0.237986,-0.000210,0.274386,0.073251,0.161591,0.188093,0.000000,-0.007351,0.371139,0.059290,0.037646,-0.294513,-0.205146,-0.291942,-0.261591,-0.221265,-0.300959,0.337302,0.632131,-0.131719,-0.167154,0.284770,0.267203,-0.107422,0.046216,-0.282862,0.146723,-0.200131,0.117977,0.134449,0.088307,0.310525,0.289192,0.352795,0.522513,0.188237,0.338174,0.362052,0.500485,-0.082237,0.005895,-0.128200,-0.090679,-0.055793,0.019674,0.107150,0.641824,0.227215,0.590232,0.004165,0.309879,0.210441,0.813453,-0.379081,-0.218042,-0.100919,-0.108870,0.176434,0.006405,-0.183123,-0.062607,-0.110858,0.470761,-0.106304,-0.092323,0.023497,0.057153,0.223931,0.553228,0.256816,0.292101,0.176814,0.353433,-0.292236,-0.037051,-0.003327,-0.099741,-0.262657,0.034779
0.576632,-0.040616,0.655463,0.020499,0.502635,0.227459,0.647678,0.087780,-0.056744,-0.179739,1.021541,-0.270726,0.386816,0.073128,0.541575,0.074903,0.771939,-0.007351,0.000000,0.404161,-0.214399,-0.190331,0.718260,0.025268,0.147250,0.110859,0.315987,0.159601,0.289022,-0.004570,0.258896,0.181517,-0.039547,-0.045544,-0.055528,-0.174622,0.058040,0.016259,-0.045946,-0.245786,-0.179271,-0.053555,0.133956,0.089616,0.011675,-0.180208,0.142874,-0.029998,0.059963,0.047922,0.023799,-0.148952,0.145677,0.098351,-0.067077,-0.006372,0.065342,0.183661,-0.056420,-0.059407,0.289674,0.281173,0.148102,-0.127383,0.487540,0.121133,-0.157526,-0.302019,-0.044541,0.213193,0.308951,0.418025,0.130063,-0.037599,0.163511,0.062049,0.311809,0.105686,0.080034,0.059617,0.097780,-0.009251,0.103107,-0.021079,0.193615,-0.187506,0.090674,0.032565,0.191472,0.189638
0.262681,0.604310,0.161134,0.571414,0.353755,0.312000,0.025443,0.362739,0.055469,0.003527,0.135580,0.384816,-0.157675,0.171453,0.254596,0.554954,0.290741,0.371139,0.404161,0.000000,0.140785,0.178168,0.400740,0.624167,0.283538,0.310298,0.221637,0.144224,0.181133,0.307188,0.315394,0.513026,0.403492,0.602500,0.116713,0.144560,0.006725,0.280455,-0.057004,-0.107354,0.020913,0.113913,0.342506,0.315390,0.170182,0.244587,0.288748,0.309822,0.331510,0.392292,0.331267,0.328125,0.390673,0.396738,0.322456,0.367940,0.089460,0.588228,-0.060354,0.307822,-0.075723,0.231712,-0.007241,0.405998,0.158141,0.211072,0.178941,0.254532,0.556191,0.751234,0.095689,0.351614,0.133616,0.533485,0.029419,0.078460,0.417944,0.564739,0.136926,0.046062,0.429247,0.519223,0.202288,0.222107,0.328108,0.324849,0.098788,0.212330,0.214802,0.504515
-0.062405,0.189929,-0.009154,0.165488,-0.014116,0.135491,-0.140618,-0.106832,0.064656,0.221403,-0.239547,0.226902,-0.167163,-0.075133,0.152506,0.349324,-0.079393,0.059290,-0.214399,0.140785,0.000000,0.822604,0.112861,0.319550,0.316288,0.300905,0.233370,0.295999,0.257119,0.264025,0.605522,0.410638,0.330778,0.330809,0.329973,0.289905,0.183391,0.167446,0.383268,0.460867,-0.108338,-0.039300,0.159784,0.056844,0.078266,0.247596,0.228506,0.273220,0.018181,0.029120,0.133866,0.206891,0.059873,0.117049,0.380052,0.280875,0.184188,0.173787,0.056935,0.037534,-0.025482,-0.133254,-0.071432,0.040560,0.093398,0.114216,0.291998,0.314008,0.258176,0.022716,0.136892,0.275827,0.122165,0.159081,-0.148132,-0.094427,0.210061,0.341608,0.044294,-0.070944,0.172568,0.413518,0.169267,0.059522,0.106684,0.258396,0.251941,0.428322,0.356289,0.279808
0.147508,0.301902,-0.007401,0.218436,0.018641,0.324885,-0.040298,-0.030125,0.150110,0.204626,-0.138423,0.355143,-0.111553,0.144126,0.245310,0.472434,-0.090467,0.037646,-0.190331,0.178168,0.822604,0.000000,-0.009986,0.225163,0.142272,0.232173,0.195464,0.436262,0.076846,0.149035,0.358748,0.335039,0.299158,0.342201,0.236897,0.236233,0.279896,0.219534,0.412747,0.600189,0.143498,0.155835,0.264959,0.254045,0.171255,0.296085,0.209308,0.207984,0.120376,0.094766,0.304074,0.320370,0.253255,0.206206,0.504004,0.371245,0.200164,0.154082,0.182257,0.165940,-0.047679,-0.059363,-0.161868,0.026081,0.030506,0.125100,0.443175,0.417773,0.288542,0.199530,0.229753,0.328218,0.338658,0.356467,-0.044810,0.005555,0.390551,0.443016,0.112612,-0.060153,0.219588,0.302518,0.230163,0.239767,0.208748,0.328799,0.473230,0.597670,0.304280,0.447397
0.458233,-0.076356,1.001058,0.272399,0.565203,0.126079,0.603064,-0.042839,-0.028814,-0.085665,0.670786,-0.231019,-0.038779,-0.290040,0.392590,0.097590,0.421104,-0.294513,0.718260,0.400740,0.112861,-0.009986,0.000000,0.659341,0.927734,0.485348,0.672317,0.290817,0.157236,-0.103140,0.782279,0.553899,0.093292,0.135235,0.388804,0.070815,0.337660,0.197522,0.236482,-0.171049,-0.150265,-0.032256,0.102149,0.016023,-0.062237,-0.212765,0.191144,0.022479,-0.010613,-0.039057,0.244880,0.070754,0.340457,0.336946,0.148367,0.159417,0.073607,0.080539,-0.231848,-0.423496,0.138068,-0.075908,-0.054752,-0.400277,1.100695,0.522195,0.179933,0.105432,0.125133,0.392448,0.415531,0.524187,0.133402,-0.120919,0.089322,0.096175,0.346222,0.271646,0.110833,-0.153870,0.218493,0.153290,0.200667,0.037848,0.620601,0.164392,0.091119,0.170064,0.483833,0.215203
0.179911,0.300609,0.310755,0.885102,0.298834,0.132866,0.081217,0.263439,-0.030482,0.081675,0.069841,0.330134,-0.529268,-0.182097,-0.005826,0.391704,-0.057663,-0.205146,0.025268,0.624167,0.319550,0.225163,0.659341,0.000000,0.816290,0.642398,0.318779,0.184577,-0.164865,-0.038851,0.522220,0.871920,0.292181,0.553906,0.398896,0.210239,0.262058,0.362617,0.132462,-0.114893,0.021710,-0.037824,0.055108,0.034872,-0.073470,0.013369,0.182520,0.162983,0.014612,0.078500,0.379198,0.416857,0.451429,0.506512,0.348790,0.360379,0.051257,0.144979,-0.310765,-0.203796,-0.159697,-0.108589,-0.172557,-0.104868,0.505747,0.700476,0.446710,0.652244,0.400218,0.561513,0.164838,0.339278,0.144906,0.177422,-0.030932,0.063903,0.293549,0.512686,0.000234,-0.285879,0.279878,0.378443,0.130747,0.179913,0.563669,0.595983,0.086739,0.356974,0.374143,0.325288
0.308361,0.061907,0.509895,0.383421,0.374713,-0.008441,0.248473,-0.130345,0.104046,0.099464,0.261817,0.038336,-0.416460,-0.361502,0.045556,0.194072,0.014785,-0.291942,0.147250,0.283538,0.316288,0.142272,0.927734,0.816290,0.000000,0.773339,0.749866,0.248471,0.039402,-0.020107,0.605557,0.490138,0.152875,0.204487,0.702884,0.358069,0.412705,0.328753,0.374077,-0.001924,-0.038651,0.028959,0.089879,0.010032,-0.035333,-0.067911,0.283535,0.110945,-0.045487,-0.035957,0.397810,0.285375,0.400680,0.384183,0.358500,0.300834,0.074176,0.012742,-0.187836,-0.406940,-0.058215,-0.254544,-0.134445,-0.365534,0.844498,0.638551,0.532909,0.533655,0.185019,0.274478,0.399867,0.434140,0.130062,-0.025656,0.155002,0.074213,0.305251,0.410409,0.149247,-0.167239,0.290573,0.399400,0.264068,0.125344,0.764020,0.571542,0.080741,0.291167,0.466525,0.222157
0.275775,0.076091,0.426579,0.543500,0.475129,0.399327,0.282539,0.160044,0.296031,0.316848,0.128638,0.055431,-0.145247,-0.135418,0.091541,0.444474,-0.045551,-0.261591,0.110859,0.310298,0.300905,0.232173,0.485348,0.642398,0.773339,0.000000,0.492914,0.388585,-0.120305,-0.149011,0.494727,0.727924,0.266898,0.336287,0.610409,0.487231,0.472769,0.334862,0.435725,0.087967,-0.054341,0.006944,0.131115,0.104569,-0.012532,-0.022950,0.253624,0.186628,-0.025075,-0.049921,0.391769,0.254926,0.472109,0.368727,0.401125,0.378217,0.206125,0.064483,-0.015593,-0.172404,0.090217,0.044290,-0.186735,-0.201672,0.479349,0.588598,0.429927,0.539598,0.256480,0.389405,0.497795,0.520854,0.373191,0.138979,0.277388,0.197133,0.419616,0.547268,0.148211,-0.172097,0.315027,0.494170,0.166509,0.044188,0.598702,0.483610,0.152912,0.323779,0.651225,0.431552
0.318937,-0.074255,0.503742,0.101596,0.371336,0.089344,0.320780,-0.255086,0.124772,-0.068072,0.261870,-0.210247,-0.143830,-0.277015,0.173263,0.123136,0.094993,-0.221265,0.315987,0.221637,0.233370,0.195464,0.672317,0.318779,0.749866,0.492914,0.000000,0.784394,0.060493,0.003296,0.544385,0.324447,0.070147,0.057818,0.412243,0.224380,0.345561,0.199627,0.312020,0.119071,-0.047786,0.039477,0.067041,-0.011491,-0.035362,-0.152903,0.210063,-0.045701,-0.000411,-0.096043,0.300892,0.053682,0.290839,0.187083,0.261076,0.194327,0.158321,0.020293,-0.071522,-0.316784,0.167860,-0.152635,0.004682,-0.277888,0.744051,0.293575,0.235225,0.096916,0.250619,0.212980,0.462947,0.366840,0.201248,0.003178,0.100237,0.084228,0.247040,0.236457,0.179680,-0.086348,0.290142,0.295825,0.129983,-0.055806,0.584494,0.219145,0.092450,0.165201,0.520027,0.260163
0.344012,-0.024066,0.294725,0.085931,0.252065,0.268433,0.209666,-0.191055,0.229435,-0.003144,0.118174,-0.136617,0.032560,-0.054159,0.134380,0.203887,0.003260,-0.300959,0.159601,0.144224,0.295999,0.436262,0.290817,0.184577,0.248471,0.388585,0.784394,0.000000,-0.147439,-0.146337,0.409767,0.339232,0.110917,0.099035,0.265201,0.221014,0.315432,0.142303,0.347054,0.286255,-0.039106,0.071052,0.139899,0.071601,0.015977,-0.065062,0.122000,-0.064225,0.062618,-0.125059,0.259182,0.029653,0.294733,0.143902,0.330978,0.223234,0.334424,0.017730,0.032617,-0.121578,0.122071,-0.118767,-0.162239,-0.258718,0.352560,0.081694,0.135036,0.064787,0.290891,0.231902,0.363938,0.291503,0.234572,0.059201,0.045063,0.130299,0.226322,0.222106,0.110426,-0.216214,0.277578,0.264122,0.115996,-0.077508,0.396953,0.114508,0.312861,0.348858,0.643231,0.388457
-0.068538,-0.037549,-0.025937,-0.242102,0.104073,0.020757,0.001297,-0.056363,-0.080277,0.057214,0.220901,0.002428,0.146583,-0.009061,0.353831,-0.015935,0.578173,0.337302,0.289022,0.181133,0.257119,0.076846,0.157236,-0.164865,0.039402,-0.120305,0.060493,-0.147439,0.000000,0.842801,0.212020,-0.035298,0.167486,0.083380,0.053268,0.048684,-0.148621,-0.050006,0.048645,-0.034631,-0.111416,-0.005366,0.165342,0.064083,0.193547,0.246825,0.128431,0.169213,0.154895,0.181827,-0.171910,-0.149766,-0.134532,-0.044022,-0.050028,-0.116909,-0.056933,0.065124,0.111779,0.036064,0.144268,-0.024387,0.448952,0.222457,0.049948,-0.074223,-0.061389,-0.201380,0.042783,-0.034428,0.047291,0.165416,0.127625,0.174338,-0.053292,-0.039295,0.132774,0.003157,0.402819,0.478800,0.250802,0.224191,0.217694,0.058732,-0.042443,-0.137533,-0.040931,-0.115592,-0.068405,-0.099032
-0.170619,0.272903,-0.295110,-0.072497,-0.083872,-0.052945,-0.365416,0.012881,-0.043208,0.035231,-0.123905,0.280585,-0.044592,0.035738,0.053740,0.017369,0.336530,0.632131,-0.004570,0.307188,0.264025,0.149035,-0.103140,-0.038851,-0.020107,-0.149011,0.003296,-0.146337,0.842801,0.000000,-0.015881,-0.020711,0.297720,0.285499,0.031085,0.048503,-0.247920,0.067394,-0.218763,0.018377,-0.148264,-0.164589,0.228543,0.091610,0.321397,0.462961,0.243271,0.276673,0.245448,0.291622,-0.147499,-0.052623,-0.121465,-0.081950,-0.014718,-0.071252,-0.012860,0.323546,0.121719,0.226820,0.023103,0.063971,0.462574,0.605280,-0.185506,-0.083907,0.004936,-0.096263,0.237765,-0.057001,-0.126803,0.085755,0.005592,0.420045,-0.139424,-0.036497,0.027825,0.088024,0.231232,0.458631,0.289702,0.338984,0.030542,0.033538,-0.194822,0.003775,-0.160500,-0.165584,-0.205062,-0.120199
0.114187,-0.028992,0.497848,0.203420,0.258420,0.050400,0.252173,-0.128166,-0.044952,0.057109,0.139118,-0.138618,-0.128218,-0.230312,0.257480,0.206176,0.222478,-0.131719,0.258896,0.315394,0.605522,0.358748,0.782279,0.522220,0.605557,0.494727,0.544385,0.409767,0.212020,-0.015881,0.000000,0.844104,0.510810,0.489068,0.565427,0.396491,0.397818,0.284239,0.468933,0.154000,-0.179112,0.050965,0.159040,0.048934,0.054123,0.025218,0.203902,0.192543,0.027981,-0.061282,0.127751,0.026691,0.140456,0.176707,0.252149,0.209389,0.182353,0.097167,-0.058269,-0.278863,0.115019,-0.152746,-0.021581,-0.170397,0.618676,0.289351,0.284193,0.211048,0.303480,0.257560,0.437069,0.500117,0.242750,0.077544,-0.028387,0.098130,0.300701,0.352662,0.191915,-0.179985,0.360388,0.412159,0.286998,0.051390,0.429846,0.143715,0.255137,0.249684,0.503970,0.208531
0.269429,0.276295,0.408528,0.777864,0.417418,0.203561,0.313860,0.422682,0.012499,0.150372,0.155054,0.207552,-0.188987,-0.057649,0.263194,0.491038,0.121246,-0.167154,0.181517,0.513026,0.410638,0.335039,0.553899,0.871920,0.490138,0.727924,0.324447,0.339232,-0.035298,-0.020711,0.844104,0.000000,0.559675,0.770772,0.496349,0.379772,0.288708,0.303555,0.299774,0.089449,-0.167815,-0.065822,0.123580,0.071773,0.016580,0.080293,0.155695,0.198679,0.016341,-0.008394,0.256695,0.215081,0.343549,0.376921,0.341648,0.370832,0.169050,0.165132,-0.141821,-0.203135,0.128853,0.135903,-0.080841,-0.019661,0.525212,0.636603,0.439141,0.551823,0.485244,0.602656,0.399373,0.622116,0.415877,0.333363,0.063170,0.182712,0.477787,0.705741,0.182168,-0.232987,0.362806,0.536657,0.170562,0.081478,0.540358,0.441666,0.265068,0.422201,0.472588,0.386140
0.027361,0.376972,-0.042387,0.278795,0.037411,0.035551,-0.079051,0.095699,-0.022213,0.162112,-0.137108,0.255023,-0.228103,0.031593,0.027840,0.236839,0.278298,0.284770,-0.039547,0.403492,0.330778,0.299158,0.093292,0.292181,0.152875,0.266898,0.070147,0.110917,0.167486,0.297720,0.510810,0.559675,0.000000,1.229547,0.490208,0.503526,0.291341,0.296089,0.208397,0.096060,-0.125810,-0.011478,0.480379,0.438395,0.554408,0.673913,0.449063,0.571576,0.552519,0.422130,0.282997,0.314357,0.284519,0.310827,0.442581,0.435018,0.418546,0.428465,0.190855,0.228184,0.008488,-0.001102,0.256582,0.493585,0.040690,0.059578,0.477217,0.444210,0.643273,0.275503,0.248483,0.364601,0.313826,0.560681,-0.075683,0.194404,0.426194,0.603406,0.268386,-0.144929,0.566454,0.579854,0.041646,0.017180,0.279590,0.359298,0.047347,0.066768,0.123724,0.218044
0.007103,0.549227,-0.124957,0.471789,0.098646,0.124259,-0.134957,0.362299,0.075649,0.241190,-0.150966,0.408309,-0.301702,0.126534,-0.003563,0.366629,0.196173,0.267203,-0.045544,0.602500,0.330809,0.342201,0.135235,0.553906,0.204487,0.336287,0.057818,0.099035,0.083380,0.285499,0.489068,0.770772,1.229547,0.000000,0.501255,0.554446,0.227396,0.268947,0.121676,-0.008110,-0.156650,-0.099823,0.429615,0.374250,0.466022,0.656614,0.406657,0.586001,0.473090,0.420346,0.236397,0.321624,0.281028,0.322601,0.397279,0.462923,0.297250,0.490766,0.038302,0.226453,-0.021579,0.124303,0.136406,0.514082,0.089924,0.246173,0.406515,0.523086,0.716842,0.387519,0.182934,0.341324,0.228553,0.628071,-0.134708,0.151925,0.337079,0.656765,0.215675,-0.127566,0.527273,0.616778,0.049797,0.010464,0.252045,0.358212,-0.023054,0.120426,0.078106,0.229077
0.178893,0.036210,0.188736,0.205994,0.310668,0.040569,0.165844,-0.020794,0.150517,0.343736,0.103697,0.037860,-0.305262,-0.209403,0.022327,0.195508,0.083461,-0.107422,-0.055528,0.116713,0.329973,0.236897,0.388804,0.398896,0.702884,0.610409,0.412243,0.265201,0.053268,0.031085,0.565427,0.496349,0.490208,0.501255,0.000000,0.958440,0.403694,0.219516,0.466767,0.125366,-0.115094,-0.027354,0.203072,0.107230,0.230718,0.238265,0.269539,0.275718,0.104884,0.002890,0.201586,0.100597,0.274813,0.211446,0.279065,0.300960,0.252780,0.076547,0.163556,-0.181664,0.145106,-0.155608,0.115911,-0.106538,0.548153,0.527875,0.641673,0.581621,0.333993,0.201214,0.451508,0.363703,0.341384,0.145477,0.133309,0.139095,0.295816,0.413281,0.239093,-0.087070,0.464796,0.514668,0.221443,0.105890,0.597636,0.349716,0.081242,0.262563,0.346648,0.078574
-0.051495,0.134171,-0.056701,0.046346,0.157792,0.004264,-0.117589,0.008709,0.175456,0.363092,-0.175684,0.099886,-0.233864,-0.050325,-0.067513,0.273874,-0.056644,0.046216,-0.174622,0.144560,0.289905,0.236233,0.070815,0.210239,0.358069,0.487231,0.224380,0.221014,0.048684,0.048503,0.396491,0.379772,0.503526,0.554446,0.958440,0.000000,0.211359,0.024048,0.536710,0.146675,-0.135181,0.078682,0.173903,0.086402,0.248446,0.345051,0.187649,0.269354,0.170788,0.039105,0.128903,0.069991,0.093133,0.124033,0.216211,0.207996,0.099090,0.060325,0.187840,-0.049062,0.031032,-0.109326,-0.025823,0.062851,0.179429,0.281927,0.426563,0.458781,0.317979,0.108247,0.188301,0.101036,0.216406,0.274395,-0.003238,0.079088,0.114483,0.252424,0.286227,0.034083,0.469247,0.655840,0.313746,0.077841,0.366637,0.283268,0.085137,0.214664,0.203288,0.081034
0.248565,-0.074904,0.286722,0.166990,-0.004741,0.106239,0.240130,-0.169195,-0.014685,0.010995,0.162557,-0.157973,-0.036034,-0.118145,0.078263,0.050178,0.127182,-0.282862,0.058040,0.006725,0.183391,0.279896,0.337660,0.262058,0.412705,0.472769,0.345561,0.315432,-0.148621,-0.247920,0.397818,0.288708,0.291341,0.227396,0.403694,0.211359,0.000000,0.401854,0.426641,0.255068,0.130241,0.018558,0.216700,0.224801,0.098337,0.012212,0.372152,0.204063,0.068431,0.002410,0.365333,0.230270,0.385184,0.254852,0.448041,0.358825,0.338496,-0.059953,-0.127006,-0.174216,0.034968,-0.097523,0.014718,-0.294776,0.332839,0.230726,0.257637,0.304464,0.185728,0.149373,0.424180,0.336245,0.289891,-0.025964,0.094758,0.308963,0.359823,0.355710,0.175964,-0.368037,0.459136,0.052176,0.058173,0.028798,0.484743,0.249263,0.210189,0.153425,0.498318,0.239695
0.106374,0.186737,0.191522,0.303880,0.039996,0.035601,0.040305,-0.003131,-0.064734,-0.023264,-0.074929,0.132557,-0.143260,-0.018248,0.094162,0.206534,-0.018518,0.146723,0.016259,0.280455,0.167446,0.219534,0.197522,0.362617,0.328753,0.334862,0.199627,0.142303,-0.050006,0.067394,0.284239,0.303555,0.296089,0.268947,0.219516,0.024048,0.401854,0.000000,0.275642,0.343642,0.294468,0.273183,0.108500,0.128928,0.001066,0.003428,0.140900,0.105609,0.010439,0.061672,0.392022,0.278001,0.408896,0.340958,0.286631,0.288597,0.085310,0.199796,0.016525,-0.045830,-0.004270,-0.025161,-0.111938,-0.016010,0.226119,0.260520,0.293258,0.268265,0.232685,0.302936,0.166010,0.233131,0.030060,0.252540,0.025001,0.086045,0.228550,0.419128,0.086439,0.025058,0.306131,0.274600,0.296692,0.418045,0.292836,0.421248,0.279236,0.261720,0.387323,0.287020
0.012237,-0.134336,0.269507,0.039606,0.221299,0.102747,0.173352,-0.180777,0.075884,0.227261,-0.056973,-0.110924,-0.037902,-0.155199,0.221612,0.320245,-0.147652,-0.200131,-0.045946,-0.057004,0.383268,0.412747,0.236482,0.132462,0.374077,0.435725,0.312020,0.347054,0.048645,-0.218763,0.468933,0.299774,0.208397,0.121676,0.466767,0.536710,0.426641,0.275642,0.000000,0.560400,0.063777,0.420134,0.146905,0.090754,0.124474,0.076968,0.080068,0.126533,0.031295,-0.095272,0.244318,0.134515,0.094591,0.175194,0.272680,0.199326,0.079278,-0.106847,0.100192,-0.260751,-0.032058,-0.283237,-0.280923,-0.366045,0.289917,0.171876,0.442856,0.348532,0.091777,0.262773,0.288884,0.259720,0.197354,0.065652,-0.064315,0.039330,0.279284,0.199027,0.362037,0.103527,0.289644,0.341724,0.564311,0.179182,0.477972,0.269115,0.425812,0.463957,0.406922,0.274657
-0.006402,0.157348,0.013621,0.068118,-0.028807,0.130500,-0.069624,-0.192229,0.014026,0.124697,-0.267550,0.144188,0.013811,0.115850,0.196193,0.272097,-0.213248,0.117977,-0.245786,-0.107354,0.460867,0.600189,-0.171049,-0.114893,-0.001924,0.087967,0.119071,0.286255,-0.034631,0.018377,0.154000,0.089449,0.096060,-0.008110,0.125366,0.146675,0.255068,0.343642,0.560400,0.000000,0.164120,0.257145,0.278422,0.278863,0.188959,0.223931,0.172639,0.178201,0.108112,0.101102,0.225731,0.265380,0.035832,0.013455,0.400368,0.347232,0.248772,0.098139,0.048360,0.022601,-0.141205,-0.159830,-0.274645,-0.128627,-0.054259,-0.084729,0.230606,0.220502,0.146168,0.072752,0.114811,0.125160,0.079067,0.135135,-0.035695,-0.137837,0.189612,0.176999,0.216576,0.083412,0.158351,0.184703,0.350109,0.257655,0.077991,0.187965,0.516525,0.496194,0.279978,0.254494
0.039173,-0.064751,-0.154238,0.035707,-0.119807,0.009495,-0.015569,0.032719,-0.175049,-0.138190,-0.070210,0.097254,-0.146848,0.141326,0.160801,0.209132,-0.316614,0.134449,-0.179271,0.020913,-0.108338,0.143498,-0.150265,0.021710,-0.038651,-0.054341,-0.047786,-0.039106,-0.111416,-0.148264,-0.179112,-0.167815,-0.125810,-0.156650,-0.115094,-0.135181,0.130241,0.294468,0.063777,0.164120,0.000000,0.729756,-0.173483,0.002216,-0.262370,-0.206954,-0.295374,-0.290939,-0.193715,-0.039661,0.158787,0.082657,0.082177,0.041657,-0.050141,-0.099707,-0.190105,-0.294859,0.035239,0.032118,-0.105088,0.011958,-0.249179,-0.157699,-0.086785,0.134816,0.028150,0.135157,-0.153410,0.183890,0.059298,-0.078388,0.100196,0.050302,0.194861,-0.073303,0.087460,0.008823,0.195705,0.245547,0.109331,-0.136585,0.474526,0.831586,0.175670,0.198294,0.452096,0.195583,0.037328,0.059227
-0.000195,-0.049266,-0.050755,-0.019197,0.036967,-0.026025,0.044906,-0.039999,-0.067895,-0.072528,-0.092108,0.063928,-0.070292,0.045402,0.208713,0.362565,-0.262573,0.088307,-0.053555,0.113913,-0.039300,0.155835,-0.032256,-0.037824,0.028959,0.006944,0.039477,0.071052,-0.005366,-0.164589,0.050965,-0.065822,-0.011478,-0.099823,-0.027354,0.078682,0.018558,0.273183,0.420134,0.257145,0.729756,0.000000,-0.021872,0.078524,-0.125209,-0.140931,-0.282875,-0.177934,-0.102734,-0.069464,0.120955,0.082787,-0.013631,0.021870,0.000464,-0.031088,-0.263307,-0.185117,0.080334,-0.010014,-0.282296,-0.164806,-0.465817,-0.168943,-0.026309,-0.024259,0.110716,0.117777,-0.029277,0.446364,0.089137,0.005681,0.047899,0.079212,0.180772,-0.029094,0.121639,0.017678,0.300882,0.323190,0.159762,0.188580,0.854733,0.702145,0.296511,0.217745,0.540455,0.371702,0.070213,0.138234
0.142090,0.489123,-0.026900,0.185910,0.105418,0.319648,-0.050516,0.030241,0.252473,0.212380,0.073633,0.235696,-0.025105,0.250211,0.091492,0.185850,0.337422,0.310525,0.133956,0.342506,0.159784,0.264959,0.102149,0.055108,0.089879,0.131115,0.067041,0.139899,0.165342,0.228543,0.159040,0.123580,0.480379,0.429615,0.203072,0.173903,0.216700,0.108500,0.146905,0.278422,-0.173483,-0.021872,0.000000,1.468647,1.309671,1.040450,1.139818,1.147173,1.317732,1.046204,0.452675,0.491802,0.283483,0.242635,0.739029,0.714068,0.571200,0.657497,0.032352,0.433172,-0.133126,0.032660,0.040374,0.307002,0.005685,-0.123504,0.238278,0.210798,0.448074,0.308760,0.097985,0.257480,0.020863,0.296075,-0.040700,0.104596,0.317399,0.392725,0.374398,-0.010379,0.419432,0.186846,0.072075,-0.064871,0.154897,0.102117,-0.028613,0.055647,-0.004104,0.293339
0.241205,0.571899,-0.031133,0.280999,0.066267,0.389687,-0.007117,0.094771,0.265447,0.225256,0.088101,0.349444,0.000631,0.372085,0.136483,0.258229,0.255650,0.289192,0.089616,0.315390,0.056844,0.254045,0.016023,0.034872,0.010032,0.104569,-0.011491,0.071601,0.064083,0.091610,0.048934,0.071773,0.438395,0.374250,0.107230,0.086402,0.224801,0.128928,0.090754,0.278863,0.002216,0.078524,1.468647,0.000000,1.066402,0.936391,0.883176,0.872066,1.072156,1.124424,0.524933,0.643108,0.344575,0.282151,0.738074,0.812411,0.540972,0.587340,0.044603,0.505995,-0.154291,0.102591,-0.029514,0.306194,-0.043652,-0.127216,0.243345,0.280099,0.366583,0.332326,0.103030,0.209077,0.066419,0.330797,0.040982,0.063351,0.396428,0.448690,0.309562,-0.081532,0.326794,0.158739,0.054981,0.021600,0.174866,0.206946,0.044738,0.093985,-0.037171,0.336570
-0.054832,0.341035,-0.150045,0.047520,-0.006316,0.161916,-0.161934,0.023828,0.174534,0.223734,-0.075495,0.156859,-0.105587,0.119817,-0.039867,0.040515,0.275574,0.352795,0.011675,0.170182,0.078266,0.171255,-0.062237,-0.073470,-0.035333,-0.012532,-0.035362,0.015977,0.193547,0.321397,0.054123,0.016580,0.554408,0.466022,0.230718,0.248446,0.098337,0.001066,0.124474,0.188959,-0.262370,-0.125209,1.309671,1.066402,0.000000,1.420850,0.864057,0.994320,1.293633,0.922947,0.201254,0.294546,0.076484,0.061783,0.482742,0.482737,0.453755,0.501218,0.093967,0.349302,-0.061130,-0.006747,0.233754,0.409316,-0.063049,-0.128882,0.252327,0.157227,0.370356,0.141807,0.009434,0.141556,-0.006258,0.349754,-0.137412,0.083809,0.147736,0.226687,0.306102,0.062190,0.364464,0.169817,-0.053609,-0.167633,0.038689,-0.011663,-0.212767,-0.108967,-0.190067,0.073327
-0.122768,0.572569,-0.354574,0.148873,-0.035104,0.202571,-0.341440,0.132845,0.232093,0.326482,-0.247723,0.433706,-0.171769,0.218848,-0.048973,0.166032,0.200226,0.522513,-0.180208,0.244587,0.247596,0.296085,-0.212765,0.013369,-0.067911,-0.022950,-0.152903,-0.065062,0.246825,0.462961,0.025218,0.080293,0.673913,0.656614,0.238265,0.345051,0.012212,0.003428,0.076968,0.223931,-0.206954,-0.140931,1.040450,0.936391,1.420850,0.000000,0.764244,0.973413,1.129140,1.051912,0.221921,0.413814,0.111509,0.154056,0.529153,0.563226,0.386846,0.568305,0.136783,0.495963,-0.124828,0.012589,0.210492,0.613998,-0.220335,-0.115196,0.328245,0.337715,0.462720,0.125121,-0.086011,0.092430,0.037917,0.526586,-0.208049,-0.035282,0.184238,0.335095,0.284830,0.095798,0.372392,0.353108,-0.009629,-0.054356,-0.024603,0.158895,-0.178890,-0.016862,-0.219188,0.148862
0.208553,0.540814,0.071354,0.252544,0.067427,0.254424,-0.038140,-0.027555,0.214706,0.154871,0.094974,0.281892,-0.143601,0.143252,-0.053132,0.093997,0.352232,0.188237,0.142874,0.288748,0.228506,0.209308,0.191144,0.182520,0.283535,0.253624,0.210063,0.122000,0.128431,0.243271,0.203902,0.155695,0.449063,0.406657,0.269539,0.187649,0.372152,0.140900,0.080068,0.172639,-0.295374,-0.282875,1.139818,0.883176,0.864057,0.764244,0.000000,1.098510,0.909556,0.813483,0.532746,0.584338,0.406541,0.339382,0.893574,0.814431,0.628644,0.612202,-0.046010,0.311605,-0.071690,0.005416,0.150851,0.253645,0.135387,-0.017348,0.327581,0.296445,0.436839,0.080480,0.156083,0.297578,0.066117,0.161937,-0.016693,0.081032,0.326065,0.474867,0.229903,-0.234765,0.407632,0.206886,-0.145305,-0.209772,0.232230,0.249326,-0.161537,-0.021095,0.078853,0.285515
-0.067029,0.504092,-0.173720,0.246145,0.039591,0.187518,-0.229145,0.129008,0.180001,0.347530,-0.080897,0.298131,-0.220577,0.197959,-0.049699,0.225154,0.292387,0.338174,-0.029998,0.309822,0.273220,0.207984,0.022479,0.162983,0.110945,0.186628,-0.045701,-0.064225,0.169213,0.276673,0.192543,0.198679,0.571576,0.586001,0.275718,0.269354,0.204063,0.105609,0.126533,0.178201,-0.290939,-0.177934,1.147173,0.872066,0.994320,0.973413,1.098510,0.000000,1.023240,0.907665,0.385933,0.532551,0.257541,0.320816,0.704723,0.804196,0.538347,0.652355,-0.112735,0.417581,-0.221527,0.004463,0.175517,0.401590,-0.059258,-0.079770,0.204122,0.292028,0.470833,0.210240,0.036245,0.169243,-0.060362,0.225517,-0.140535,0.060648,0.133324,0.342717,0.268360,-0.082852,0.415284,0.250096,-0.058731,-0.183286,0.076979,0.139518,-0.176123,-0.041925,-0.091854,0.179095
