0.000000,1.701778,0.432315,0.195257,0.058600,0.141898,0.654999,0.411459,0.392929,0.337543,1.189535,0.681636,0.881347,0.638808,0.812065,0.830843,1.346289,1.115048,0.841061,1.105241,0.443646,0.474462,0.522800,0.296068,0.033752,0.025738,0.130841,0.064658,0.817435,0.619267,0.410340,0.428828,1.553598,1.206789,0.451553,0.355167,0.367801,0.398933,0.409002,0.391418,0.702297,0.603730,0.523951,0.620712,0.763738,0.699836,0.943434,0.925594,0.711579,0.609297,0.540361,0.332669,0.970547,0.966867,1.002712,0.892849,1.512046,1.180796,0.776867,0.666678,0.694069,0.436663,1.054781,0.681372,0.275848,0.133228,0.946161,0.715003,1.453751,0.955431,0.010533,-0.123202,0.912350,0.775361,0.605354,0.613239,0.738417,0.497786,0.986614,0.659056,1.178216,1.126356,0.689738,0.958535,0.898465,0.832068,0.453770,0.817703,0.838482,0.849391
1.701778,0.000000,0.437106,0.180679,0.104280,0.188786,0.661671,0.331205,0.411515,0.284704,1.079211,0.666099,0.751204,0.586082,0.837693,0.791498,1.265530,1.020380,0.939774,1.142282,0.445727,0.423403,0.598242,0.305162,0.077766,0.061969,0.206549,0.153926,0.786023,0.589449,0.441919,0.400691,1.514135,1.250810,0.452296,0.339906,0.342732,0.357018,0.382643,0.344894,0.615611,0.584706,0.573035,0.705564,0.804425,0.681684,0.997714,1.024354,0.689803,0.583896,0.564789,0.357662,0.974548,0.929050,0.975385,0.905627,1.395952,1.518360,0.646761,0.636810,0.592776,0.286731,0.946297,0.622987,0.299922,0.100753,0.889198,0.661869,1.418171,0.940088,0.074894,-0.124837,0.934167,0.814065,0.645100,0.636034,0.778472,0.491137,1.098993,0.761621,1.188099,1.170803,0.655968,0.885561,0.867989,0.860575,0.424313,0.862635,0.792692,0.834948
0.432315,0.437106,0.000000,0.860729,0.468180,0.289392,1.056997,0.527713,0.801335,0.492591,0.536949,0.267631,0.442058,0.324166,0.611795,0.375773,0.310619,0.320711,0.809624,0.651067,0.365564,0.276293,1.018617,0.741983,0.487057,0.471466,0.197380,0.191930,0.243289,0.086328,0.788729,0.458247,0.562265,0.539596,0.793019,0.704134,0.201269,0.164189,0.322606,0.230986,0.354582,0.168706,0.617026,0.499659,0.455074,0.331391,0.563467,0.542973,0.461763,0.548206,0.755262,0.548545,0.537721,0.538711,0.464633,0.430718,0.278023,0.409448,0.506853,0.293921,0.585322,0.097788,0.200260,-0.028072,0.850424,0.641056,0.822679,0.607126,0.473360,0.533760,0.188926,-0.014982,0.361770,0.244133,0.286643,0.360561,0.448982,0.394769,0.415343,0.273763,0.371084,0.526334,0.445584,0.524194,0.572968,0.540434,0.257809,0.563315,0.467406,0.427735
0.195257,0.180679,0.860729,0.000000,0.348644,0.124108,0.658002,0.808357,0.449702,0.578015,0.221542,0.267371,0.145472,0.333121,0.280566,0.333847,0.179455,0.233527,0.503730,0.465718,0.478175,0.174105,0.702413,1.028112,0.434856,0.618282,0.133469,0.101765,0.200627,0.145877,0.756708,0.741410,0.342422,0.475682,0.861711,0.910427,0.179759,0.138396,0.221302,0.236889,0.257347,0.147938,0.314279,0.243458,0.304641,0.244986,0.301756,0.311634,0.305354,0.321694,0.613880,0.407858,0.439973,0.382732,0.270233,0.321554,0.085403,0.199085,0.273687,0.126954,0.416810,0.278813,0.086146,-0.027448,0.800703,1.100365,0.584392,0.567706,0.290241,0.269782,0.173960,-0.063431,0.207566,0.140884,0.103944,0.256051,0.181189,0.316938,0.288703,0.134078,0.200983,0.347798,0.362916,0.278765,0.451110,0.495744,0.244936,0.353660,0.362941,0.292438
0.058600,0.104280,0.468180,0.348644,0.000000,0.595373,0.389297,0.361268,0.736508,0.466133,0.186320,0.167481,0.289849,0.297651,0.171915,0.156176,-0.008645,0.043899,0.162082,0.138772,0.067216,-0.055315,0.271360,0.153538,1.035976,0.630855,0.119634,0.439685,0.048266,0.094584,0.186032,0.002966,0.168647,0.195052,0.166386,0.173665,-0.101306,-0.050436,-0.096977,-0.082861,-0.011209,-0.089507,0.325583,0.227128,0.274139,0.237557,0.243590,0.192972,0.360601,0.392679,0.375928,0.315021,0.248867,0.210842,-0.052138,0.003491,0.005765,0.090347,0.274136,0.306373,0.346059,0.224998,-0.024243,0.031342,0.309754,0.335291,0.306991,0.242864,0.059233,0.115315,0.287572,0.015028,0.092009,-0.017334,0.067585,0.168155,0.078957,0.022795,0.072453,0.073363,0.090213,0.150655,0.165844,0.135234,0.179448,0.139852,-0.107948,0.215890,0.049669,0.164851
0.141898,0.188786,0.289392,0.124108,0.595373,0.000000,0.249071,0.187071,0.508392,0.615392,0.176364,0.126294,0.230181,0.257053,0.256020,0.240380,0.006801,0.034971,0.149087,0.138211,0.112990,0.121109,0.097676,0.072577,0.538876,0.449355,0.194501,0.572271,-0.022871,0.010270,0.019620,-0.063867,0.123386,0.142166,0.028945,0.072702,-0.022031,0.125772,0.019193,0.038917,0.078738,0.075999,0.474831,0.344779,0.158681,0.232335,0.370147,0.303559,0.273297,0.356767,0.387157,0.381169,0.321767,0.267473,0.219812,0.193773,0.147542,0.117539,0.268497,0.411676,0.224771,0.231387,0.137792,0.149245,0.020946,0.117667,0.339930,0.385761,0.151184,0.314836,0.137765,-0.116969,0.106074,0.081417,0.017787,0.186082,0.209315,0.066154,0.073423,0.086739,0.167480,0.160805,0.030785,0.158711,0.084622,0.152739,0.015719,0.110230,0.191726,0.409275
0.654999,0.661671,1.056997,0.658002,0.389297,0.249071,0.000000,0.770901,0.664594,0.479387,0.836902,0.549200,0.719385,0.543213,0.743011,0.497831,0.529376,0.472836,1.082521,0.907266,0.495893,0.340748,0.810126,0.504451,0.216223,0.188809,0.233706,0.153353,0.472773,0.290536,0.563378,0.356644,0.843476,0.757446,0.580643,0.515343,0.266350,0.197459,0.343810,0.278913,0.519185,0.302041,0.722282,0.649168,0.601935,0.581017,0.809896,0.709433,0.618336,0.827492,0.836652,0.549331,0.752402,0.737502,0.581530,0.522826,0.470294,0.618271,0.783933,0.385956,0.866305,0.281242,0.440392,0.196724,0.663095,0.576826,0.972861,0.678347,0.620004,0.621137,0.181206,-0.099166,0.567182,0.439095,0.436547,0.461773,0.591517,0.389785,0.597401,0.353895,0.611168,0.718883,0.619693,0.582263,0.737935,0.773842,0.344932,0.659113,0.597846,0.556056
0.411459,0.331205,0.527713,0.808357,0.361268,0.187071,0.770901,0.000000,0.535448,0.755559,0.421354,0.703348,0.519967,0.806137,0.382490,0.557023,0.416475,0.458686,0.422215,0.517545,0.533484,0.258351,0.285728,0.480035,0.135606,0.179928,0.152539,0.106132,0.425837,0.481314,0.416994,0.437720,0.502483,0.647371,0.426918,0.471909,0.253773,0.261740,0.189584,0.315548,0.420183,0.358908,0.367973,0.299994,0.351662,0.562682,0.457726,0.410325,0.487397,0.690347,0.630906,0.417494,0.665407,0.436082,0.431620,0.390826,0.351317,0.290061,0.662840,0.469047,0.784074,0.949486,0.322159,0.434296,0.440097,0.758718,0.640885,0.625018,0.333112,0.351150,0.276961,-0.023888,0.443502,0.413601,0.239863,0.386143,0.311204,0.318118,0.435670,0.259970,0.472035,0.498918,0.359874,0.409385,0.529832,0.546265,0.200087,0.326559,0.473845,0.415494
0.392929,0.411515,0.801335,0.449702,0.736508,0.508392,0.664594,0.535448,0.000000,0.838937,0.558295,0.424794,0.648596,0.559339,0.714349,0.535605,0.288695,0.344690,0.496011,0.380237,0.234334,0.146490,0.518697,0.381884,0.481237,0.433743,0.062538,0.298069,0.308943,0.230587,0.423912,0.230509,0.414565,0.425941,0.414850,0.433048,0.066414,0.170735,0.224300,0.148364,0.356120,0.145838,0.578746,0.365748,0.376051,0.315706,0.484837,0.413261,0.501127,0.543672,0.453752,0.364590,0.465389,0.399325,0.356542,0.287667,0.331315,0.349097,0.559214,0.337135,0.728226,0.361340,0.236203,0.208562,0.642064,0.490934,0.534672,0.357979,0.347495,0.400199,0.140789,-0.119556,0.424479,0.297258,0.317458,0.417034,0.345441,0.324755,0.382893,0.216120,0.364568,0.449859,0.353850,0.488205,0.438761,0.323076,0.211834,0.419324,0.375372,0.380937
0.337543,0.284704,0.492591,0.578015,0.466133,0.615392,0.479387,0.755559,0.838937,0.000000,0.348447,0.475739,0.424521,0.662965,0.568473,0.770844,0.235212,0.285812,0.327050,0.314565,0.265199,0.192024,0.369796,0.520794,0.375115,0.492087,-0.036852,0.268052,0.267152,0.270656,0.250138,0.261755,0.313385,0.366540,0.465329,0.572737,0.144079,0.372309,0.262638,0.335737,0.429200,0.338499,0.422371,0.262989,0.283096,0.395232,0.369852,0.317078,0.337533,0.477064,0.363682,0.243910,0.396378,0.323220,0.308812,0.312461,0.229329,0.180764,0.501113,0.424590,0.609879,0.601457,0.236277,0.238620,0.506234,0.658769,0.516495,0.504048,0.293937,0.404670,0.184661,-0.125812,0.321520,0.292340,0.214794,0.418476,0.350779,0.437137,0.298711,0.199729,0.325546,0.348102,0.310087,0.398225,0.472083,0.357212,0.315229,0.315812,0.455923,0.459595
1.189535,1.079211,0.536949,0.221542,0.186320,0.176364,0.836902,0.421354,0.558295,0.348447,0.000000,0.817680,1.365934,0.797910,1.007689,0.764936,0.927347,0.711943,1.013121,0.902036,0.355076,0.289146,0.585163,0.328087,0.034430,-0.013503,0.155575,0.089401,0.708208,0.486551,0.303715,0.258533,1.133292,0.885979,0.449449,0.367415,0.251099,0.244045,0.361323,0.260985,0.628008,0.486711,0.709516,0.695512,0.694669,0.568085,0.866327,0.851581,0.788471,0.677753,0.582071,0.377763,0.770935,0.778537,0.779602,0.660538,0.861345,0.884893,0.999949,0.464625,0.936302,0.337918,0.883074,0.496186,0.422244,0.240725,0.803474,0.519653,0.895163,0.616289,0.025417,-0.173347,0.846079,0.660912,0.718344,0.659982,0.664450,0.444223,0.730016,0.458810,0.833318,0.923569,0.758118,0.772825,0.940144,0.830563,0.410240,0.791251,0.701745,0.641571
0.681636,0.666099,0.267631,0.267371,0.167481,0.126294,0.549200,0.703348,0.424794,0.475739,0.817680,0.000000,0.832214,1.125766,0.575463,0.703685,0.638094,0.615204,0.546468,0.572071,0.333812,0.184170,0.303708,0.288941,-0.045409,-0.088486,0.107694,0.034476,0.659988,0.729986,0.168040,0.186207,0.698084,0.709313,0.317229,0.296236,0.140962,0.226046,0.161771,0.178965,0.444132,0.386503,0.408933,0.412026,0.397154,0.493583,0.542572,0.560978,0.516244,0.646518,0.425114,0.279308,0.657156,0.454816,0.531769,0.429342,0.536127,0.591275,0.768394,0.401865,0.794422,0.602136,0.589137,0.561630,0.242683,0.313424,0.535495,0.412466,0.502939,0.400382,0.135997,-0.075067,0.708502,0.641867,0.554828,0.604466,0.446339,0.351868,0.489806,0.315214,0.520296,0.575139,0.507950,0.460076,0.589522,0.515522,0.201664,0.476843,0.515160,0.478698
0.881347,0.751204,0.442058,0.145472,0.289849,0.230181,0.719385,0.519967,0.648596,0.424521,1.365934,0.832214,0.000000,0.927548,0.860343,0.626718,0.640488,0.538005,0.702402,0.625685,0.268235,0.178396,0.357977,0.174276,0.020034,-0.095087,0.052143,0.073358,0.541377,0.410626,0.125719,0.051055,0.810757,0.660124,0.250170,0.199069,0.105536,0.152475,0.217419,0.162764,0.449356,0.344960,0.613646,0.524722,0.492241,0.446415,0.651501,0.584721,0.646122,0.620855,0.444551,0.322748,0.686942,0.626459,0.592466,0.489109,0.630046,0.607533,0.933579,0.393219,1.002261,0.431705,0.578153,0.427692,0.348962,0.194282,0.565045,0.335599,0.658326,0.505319,0.021639,-0.201309,0.620029,0.502909,0.554823,0.538959,0.563503,0.356610,0.554924,0.392792,0.625962,0.657851,0.514982,0.554240,0.652992,0.523668,0.263207,0.554045,0.540315,0.488901
0.638808,0.586082,0.324166,0.333121,0.297651,0.257053,0.543213,0.806137,0.559339,0.662965,0.797910,1.125766,0.927548,0.000000,0.597321,0.799176,0.600482,0.556230,0.436237,0.529875,0.436442,0.281326,0.308074,0.313710,0.080733,0.093281,0.131066,0.140732,0.575888,0.647245,0.239010,0.287840,0.622190,0.675020,0.348925,0.373165,0.140365,0.255162,0.174380,0.196566,0.476132,0.458207,0.435269,0.367462,0.423513,0.492754,0.570439,0.489477,0.543873,0.607187,0.457705,0.229754,0.632654,0.412686,0.541914,0.407036,0.575723,0.495981,0.845369,0.521543,0.922386,0.741767,0.592688,0.610338,0.350296,0.434575,0.602904,0.480692,0.463817,0.430161,0.212799,-0.067944,0.678895,0.596351,0.480992,0.506059,0.433093,0.307860,0.510816,0.336692,0.534547,0.620694,0.475301,0.499783,0.586739,0.514874,0.149075,0.460084,0.557189,0.506554
0.812065,0.837693,0.611795,0.280566,0.171915,0.256020,0.743011,0.382490,0.714349,0.568473,1.007689,0.575463,0.860343,0.597321,0.000000,1.116840,0.739887,0.608387,1.012012,0.718370,0.388043,0.336708,0.743672,0.523584,0.113470,0.118966,0.120024,0.170734,0.669823,0.429822,0.456727,0.340432,0.814308,0.656591,0.593993,0.505760,0.393181,0.455541,0.556108,0.450873,0.760423,0.547306,0.639844,0.575806,0.577386,0.430220,0.671692,0.755163,0.507857,0.469362,0.418650,0.305265,0.635163,0.651970,0.726099,0.708103,0.648025,0.678384,0.691658,0.389165,0.772805,0.216983,0.653964,0.316876,0.727213,0.329992,0.636443,0.385505,0.793697,0.560529,0.042727,-0.190945,0.746910,0.637524,0.640387,0.599539,0.693437,0.617630,0.830474,0.627250,0.809222,0.858437,0.763011,0.799359,0.999485,0.800250,0.592519,0.788142,0.844792,0.593531
0.830843,0.791498,0.375773,0.333847,0.156176,0.240380,0.497831,0.557023,0.535605,0.770844,0.764936,0.703685,0.626718,0.799176,1.116840,0.000000,0.890819,0.795873,0.650521,0.696450,0.431355,0.403522,0.543744,0.532902,0.129280,0.226319,0.098297,0.128776,0.887183,0.732025,0.465915,0.520550,0.837954,0.795854,0.603275,0.537344,0.437631,0.617554,0.454276,0.530667,0.868767,0.723247,0.400664,0.416152,0.645186,0.605116,0.604738,0.636688,0.555893,0.461881,0.397438,0.192587,0.615649,0.538375,0.661504,0.679029,0.744654,0.631268,0.672177,0.590645,0.692130,0.537265,0.787712,0.624931,0.533409,0.372549,0.663587,0.525895,0.735260,0.530669,0.122518,-0.204542,0.791836,0.683017,0.554127,0.550046,0.567818,0.511357,0.799316,0.553719,0.863975,0.868322,0.742839,0.898485,0.998553,0.856728,0.469640,0.709872,0.825713,0.673478
1.346289,1.265530,0.310619,0.179455,-0.008645,0.006801,0.529376,0.416475,0.288695,0.235212,0.927347,0.638094,0.640488,0.600482,0.739887,0.890819,0.000000,1.342557,0.727949,0.995184,0.507146,0.544869,0.421141,0.278972,-0.030471,0.006209,0.153387,-0.004986,1.223127,0.894302,0.460215,0.493828,1.274438,1.167027,0.438548,0.307330,0.463392,0.439833,0.432759,0.480385,0.760393,0.698338,0.349297,0.500486,0.751172,0.676204,0.779070,0.813442,0.674980,0.525034,0.474583,0.264826,0.822753,0.733557,0.803432,0.783206,1.451715,1.027363,0.594252,0.614610,0.532956,0.451930,1.181159,0.920275,0.270866,0.098685,0.736827,0.574037,1.200054,0.680531,0.084633,-0.040671,1.147803,0.948919,0.654371,0.551264,0.659276,0.497355,1.308374,0.736010,1.519031,1.389346,0.759943,1.089975,0.918083,0.866830,0.415363,0.736467,0.732138,0.684599
1.115048,1.020380,0.320711,0.233527,0.043899,0.034971,0.472836,0.458686,0.344690,0.285812,0.711943,0.615204,0.538005,0.556230,0.608387,0.795873,1.342557,0.000000,0.607074,0.860269,0.437069,0.483676,0.352617,0.210254,0.006030,0.026141,0.206978,0.067504,1.074797,0.913115,0.501432,0.517206,1.066888,1.072898,0.361217,0.256271,0.290548,0.416921,0.230229,0.289088,0.537477,0.472086,0.318674,0.413916,0.643079,0.613980,0.629959,0.698056,0.635698,0.544891,0.494114,0.324935,0.772490,0.658578,0.643228,0.556921,1.164585,0.965607,0.488235,0.523521,0.481986,0.513828,0.922837,0.885127,0.251815,0.126790,0.669033,0.561124,1.038772,0.702172,0.012706,-0.091565,0.888999,0.789544,0.517420,0.473339,0.480880,0.366702,1.018191,0.744537,1.109429,1.232050,0.562930,0.911449,0.644099,0.652339,0.189241,0.567527,0.545841,0.505074
0.841061,0.939774,0.809624,0.503730,0.162082,0.149087,1.082521,0.422215,0.496011,0.327050,1.013121,0.546468,0.702402,0.436237,1.012012,0.650521,0.727949,0.607074,0.000000,1.379259,0.400017,0.373173,0.968580,0.604186,0.111224,0.085733,0.176779,0.063105,0.592449,0.311956,0.524558,0.365355,1.067650,0.860466,0.621180,0.470492,0.365424,0.290489,0.476118,0.375144,0.575730,0.382302,0.688816,0.679058,0.730340,0.538237,0.797652,0.855866,0.611020,0.653343,0.641981,0.472375,0.830970,0.943247,0.678489,0.759852,0.607752,0.815095,0.602167,0.264994,0.653646,0.132646,0.627658,0.237215,0.625658,0.335300,0.797799,0.519241,0.969477,0.644318,0.063036,-0.128805,0.658530,0.532802,0.573924,0.555548,0.698545,0.584811,0.830245,0.520760,0.793736,0.910566,0.770332,0.708981,1.034860,0.957443,0.509270,0.808522,0.728364,0.592330
1.105241,1.142282,0.651067,0.465718,0.138772,0.138211,0.907266,0.517545,0.380237,0.314565,0.902036,0.572071,0.625685,0.529875,0.718370,0.696450,0.995184,0.860269,1.379259,0.000000,0.472493,0.487880,0.705926,0.471679,0.107036,0.113047,0.208947,0.047146,0.732653,0.482382,0.509467,0.434488,1.298331,1.150565,0.528628,0.375038,0.401339,0.323005,0.406293,0.435090,0.608090,0.480167,0.503241,0.584583,0.861484,0.755699,0.880578,0.869191,0.705566,0.711300,0.687158,0.439716,1.071513,1.070133,0.757373,0.808135,0.930104,0.895551,0.593709,0.503717,0.582157,0.324521,0.805799,0.504546,0.381934,0.239098,0.965002,0.753853,1.309958,0.918547,0.124313,-0.094176,0.694615,0.581579,0.508686,0.464278,0.692657,0.508458,0.989651,0.575578,1.037265,1.080359,0.755356,0.872626,0.935991,0.988212,0.406418,0.794686,0.728344,0.696736
0.443646,0.445727,0.365564,0.478175,0.067216,0.112990,0.495893,0.533484,0.234334,0.265199,0.355076,0.333812,0.268235,0.436442,0.388043,0.431355,0.507146,0.437069,0.400017,0.472493,0.000000,0.631285,0.338931,0.396891,0.090409,0.220310,0.448097,0.270652,0.493932,0.473418,0.620858,0.686302,0.512710,0.635497,0.445452,0.433193,0.327247,0.187683,0.297033,0.291592,0.461397,0.490673,0.316492,0.307270,0.383976,0.354567,0.441131,0.467421,0.450408,0.364235,0.470900,0.266739,0.518757,0.395352,0.571348,0.486222,0.469497,0.465153,0.452954,0.387301,0.445574,0.398779,0.434731,0.428087,0.323566,0.344904,0.571809,0.536826,0.441042,0.309778,0.411537,0.088957,0.632922,0.701692,0.430737,0.468366,0.247768,0.167683,0.542750,0.418736,0.531658,0.543306,0.380022,0.388366,0.389304,0.486824,0.231121,0.242340,0.460822,0.392799
0.474462,0.423403,0.276293,0.174105,-0.055315,0.121109,0.340748,0.258351,0.146490,0.192024,0.289146,0.184170,0.178396,0.281326,0.336708,0.403522,0.544869,0.483676,0.373173,0.487880,0.631285,0.000000,0.265763,0.237153,0.007641,0.095170,0.301574,0.245991,0.471396,0.397633,0.397167,0.446209,0.431210,0.470700,0.265901,0.238299,0.527691,0.359041,0.530423,0.499267,0.604760,0.516644,0.245861,0.310218,0.426991,0.375906,0.447360,0.480336,0.332379,0.304966,0.339728,0.211086,0.399210,0.341011,0.553831,0.506054,0.526380,0.381101,0.372064,0.351980,0.229142,0.261567,0.433417,0.423224,0.119635,0.044470,0.523047,0.454095,0.502598,0.459686,0.203172,0.203354,0.512147,0.489325,0.289933,0.309401,0.401165,0.411945,0.564733,0.397890,0.621968,0.571423,0.289572,0.486638,0.413019,0.433614,0.305435,0.271978,0.521860,0.459540
0.522800,0.598242,1.018617,0.702413,0.271360,0.097676,0.810126,0.285728,0.518697,0.369796,0.585163,0.303708,0.357977,0.308074,0.743672,0.543744,0.421141,0.352617,0.968580,0.705926,0.338931,0.265763,0.000000,1.014881,0.437955,0.534916,0.126752,0.101193,0.351859,0.145876,0.878770,0.636312,0.669759,0.566935,1.044856,0.869354,0.273322,0.240854,0.405832,0.265479,0.444240,0.243912,0.473142,0.399225,0.525977,0.310167,0.561891,0.573523,0.356152,0.358409,0.501447,0.285141,0.489925,0.600204,0.501516,0.531066,0.370342,0.534188,0.376754,0.211337,0.468990,-0.031376,0.363126,-0.006605,0.917015,0.541635,0.725439,0.524906,0.598931,0.545319,0.168766,-0.022085,0.426414,0.279717,0.399181,0.407081,0.497847,0.414363,0.483151,0.300455,0.442156,0.558036,0.680038,0.518309,0.812825,0.660659,0.449626,0.749912,0.674977,0.549471
0.296068,0.305162,0.741983,1.028112,0.153538,0.072577,0.504451,0.480035,0.381884,0.520794,0.328087,0.288941,0.174276,0.313710,0.523584,0.532902,0.278972,0.210254,0.604186,0.471679,0.396891,0.237153,1.014881,0.000000,0.372179,0.587432,0.082609,0.093175,0.233108,0.163145,0.756530,0.796646,0.394210,0.429909,1.037721,1.033337,0.307473,0.310009,0.411463,0.361004,0.433848,0.340670,0.415171,0.279283,0.323053,0.200639,0.356691,0.424846,0.268520,0.222037,0.467256,0.282457,0.408111,0.389527,0.455276,0.492218,0.194431,0.258890,0.365681,0.214528,0.387767,0.107953,0.257888,-0.039752,0.786563,0.818479,0.590007,0.525431,0.334892,0.317499,0.141702,-0.026068,0.308599,0.245732,0.223288,0.358113,0.299560,0.434274,0.352742,0.241435,0.280612,0.357330,0.462911,0.352996,0.662901,0.611345,0.454675,0.450335,0.598160,0.407933
0.033752,0.077766,0.487057,0.434856,1.035976,0.538876,0.216223,0.135606,0.481237,0.375115,0.034430,-0.045409,0.020034,0.080733,0.113470,0.129280,-0.030471,0.006030,0.111224,0.107036,0.090409,0.007641,0.437955,0.372179,0.000000,1.302574,0.104848,0.481600,-0.005502,-0.006369,0.429479,0.260681,0.127910,0.157617,0.416015,0.325828,-0.072898,-0.076431,-0.020852,-0.039440,-0.053852,-0.074090,0.247560,0.225076,0.279789,0.177779,0.200115,0.191404,0.240101,0.185992,0.374041,0.319462,0.167660,0.191084,-0.033455,0.027749,-0.019933,0.039510,0.046900,0.283550,0.100592,0.038860,-0.058903,-0.092365,0.347881,0.354775,0.350943,0.356682,0.098296,0.140189,0.234469,0.012055,0.016785,-0.066599,-0.030722,0.084233,0.059629,0.045908,0.088629,0.122213,0.080355,0.135705,0.178268,0.169932,0.188001,0.195443,-0.021166,0.247990,0.050645,0.161943
0.025738,0.061969,0.471466,0.618282,0.630855,0.449355,0.188809,0.179928,0.433743,0.492087,-0.013503,-0.088486,-0.095087,0.093281,0.118966,0.226319,0.006209,0.026141,0.085733,0.113047,0.220310,0.095170,0.534916,0.587432,1.302574,0.000000,0.096558,0.428072,0.025894,-0.012649,0.629623,0.552260,0.104842,0.174145,0.611329,0.584357,0.072706,0.052845,0.097124,0.100395,0.075235,0.060018,0.197092,0.155736,0.286295,0.164792,0.208304,0.185443,0.168992,0.073392,0.317282,0.179932,0.171560,0.188941,0.077827,0.112179,0.028630,0.000124,-0.005519,0.247321,0.077448,0.055963,0.003578,-0.059557,0.427536,0.479257,0.401835,0.452165,0.129540,0.222469,0.245174,0.015009,0.040660,-0.037012,-0.064082,0.053255,0.082178,0.095726,0.105948,0.084613,0.085661,0.126723,0.189421,0.217134,0.204246,0.229965,0.125177,0.243296,0.167032,0.261457
0.130841,0.206549,0.197380,0.133469,0.119634,0.194501,0.233706,0.152539,0.062538,-0.036852,0.155575,0.107694,0.052143,0.131066,0.120024,0.098297,0.153387,0.206978,0.176779,0.208947,0.448097,0.301574,0.126752,0.082609,0.104848,0.096558,0.000000,0.688368,0.251712,0.294274,0.287525,0.291730,0.206317,0.285725,0.155420,0.213941,0.080161,-0.019935,-0.103492,-0.086837,-0.054821,0.025706,0.177893,0.240402,0.257101,0.243643,0.240090,0.337499,0.227752,0.197007,0.383521,0.206770,0.260363,0.205493,0.297756,0.216112,0.237079,0.269643,0.203122,0.250599,0.211568,0.055703,0.267149,0.219779,0.128683,0.140822,0.319407,0.330516,0.148335,0.224710,0.207431,0.157883,0.186756,0.226709,0.075732,0.171768,-0.050782,-0.214434,0.161476,0.262844,0.178482,0.265900,0.039020,0.127672,0.100977,0.275791,-0.228817,-0.025651,0.161442,0.145485
0.064658,0.153926,0.191930,0.101765,0.439685,0.572271,0.153353,0.106132,0.298069,0.268052,0.089401,0.034476,0.073358,0.140732,0.170734,0.128776,-0.004986,0.067504,0.063105,0.047146,0.270652,0.245991,0.101193,0.093175,0.481600,0.428072,0.688368,0.000000,0.035414,0.128941,0.169000,0.116589,0.071573,0.124417,0.068020,0.174401,0.025997,-0.040477,-0.079173,-0.117152,-0.070047,0.040490,0.367056,0.307204,0.220454,0.192069,0.262766,0.295259,0.183511,0.160020,0.280916,0.224265,0.222317,0.138062,0.172660,0.087565,0.112291,0.189990,0.162574,0.283351,0.145919,0.061176,0.068982,0.075317,0.090249,0.116977,0.256717,0.260934,0.081092,0.186629,0.223106,0.214201,0.076745,0.194885,0.001534,0.179882,0.031257,-0.041543,0.081878,0.256984,0.137985,0.176900,-0.047165,0.066042,0.042932,0.153231,-0.149791,0.031927,0.100936,0.136731
0.817435,0.786023,0.243289,0.200627,0.048266,-0.022871,0.472773,0.425837,0.308943,0.267152,0.708208,0.659988,0.541377,0.575888,0.669823,0.887183,1.223127,1.074797,0.592449,0.732653,0.493932,0.471396,0.351859,0.233108,-0.005502,0.025894,0.251712,0.035414,0.000000,1.339578,0.486574,0.473012,0.933127,0.919485,0.394871,0.239130,0.328072,0.353005,0.332895,0.396806,0.613788,0.563253,0.244850,0.418703,0.632183,0.563470,0.548342,0.642828,0.583589,0.505870,0.418084,0.247186,0.599005,0.473736,0.523041,0.513248,0.849072,0.696393,0.528217,0.478237,0.533680,0.432081,0.853761,0.821212,0.292581,0.143123,0.577761,0.468469,0.779106,0.447493,0.071392,-0.145489,0.956894,0.799577,0.587034,0.488337,0.447215,0.343068,1.016742,0.669630,1.097376,1.124155,0.809264,0.948698,0.728647,0.697788,0.259103,0.511078,0.564439,0.468051
0.619267,0.589449,0.086328,0.145877,0.094584,0.010270,0.290536,0.481314,0.230587,0.270656,0.486551,0.729986,0.410626,0.647245,0.429822,0.732025,0.894302,0.913115,0.311956,0.482382,0.473418,0.397633,0.145876,0.163145,-0.006369,-0.012649,0.294274,0.128941,1.339578,0.000000,0.345810,0.422498,0.645252,0.750220,0.240617,0.166080,0.169789,0.320616,0.109614,0.204341,0.422715,0.448850,0.221491,0.309137,0.450243,0.463128,0.467687,0.523539,0.505265,0.460985,0.352799,0.192276,0.520872,0.312331,0.387277,0.320842,0.704675,0.605937,0.488438,0.492461,0.426602,0.519426,0.693761,0.818144,0.123940,0.111703,0.452255,0.413785,0.513468,0.322429,0.174097,-0.067610,0.789410,0.782727,0.447387,0.491588,0.227261,0.155275,0.680457,0.532065,0.779751,0.810588,0.530093,0.667576,0.465907,0.450777,0.057387,0.282500,0.398989,0.308107
0.410340,0.441919,0.788729,0.756708,0.186032,0.019620,0.563378,0.416994,0.423912,0.250138,0.303715,0.168040,0.125719,0.239010,0.456727,0.465915,0.460215,0.501432,0.524558,0.509467,0.620858,0.397167,0.878770,0.756530,0.429479,0.629623,0.287525,0.169000,0.486574,0.345810,0.000000,1.335982,0.588673,0.668981,0.911879,0.730229,0.353937,0.230775,0.296116,0.242975,0.436592,0.267385,0.317202,0.358006,0.480640,0.288596,0.420491,0.512223,0.355507,0.269462,0.537694,0.342123,0.464320,0.432741,0.481378,0.449752,0.416949,0.454355,0.248249,0.253393,0.364355,0.146961,0.324443,0.167804,0.689520,0.512631,0.664945,0.544887,0.468776,0.368098,0.165938,-0.013763,0.474734,0.361854,0.237837,0.259966,0.292958,0.251121,0.521083,0.399344,0.446029,0.593662,0.443529,0.569447,0.486262,0.557439,0.236067,0.467817,0.446003,0.335514
0.428828,0.400691,0.458247,0.741410,0.002966,-0.063867,0.356644,0.437720,0.230509,0.261755,0.258533,0.186207,0.051055,0.287840,0.340432,0.520550,0.493828,0.517206,0.365355,0.434488,0.686302,0.446209,0.636312,0.796646,0.260681,0.552260,0.291730,0.116589,0.473012,0.422498,1.335982,0.000000,0.511532,0.627317,0.908992,0.845313,0.417340,0.356453,0.307285,0.288198,0.497692,0.369096,0.229250,0.251091,0.415791,0.266415,0.359460,0.459761,0.301547,0.126887,0.442245,0.172790,0.410921,0.345184,0.521801,0.459816,0.470541,0.418178,0.261245,0.254150,0.337088,0.262014,0.408324,0.261800,0.564621,0.573626,0.638376,0.588996,0.433261,0.328247,0.111780,-0.022084,0.462021,0.407615,0.215025,0.256043,0.199470,0.196681,0.486264,0.377268,0.418375,0.541887,0.392502,0.510588,0.481386,0.570482,0.247918,0.350818,0.502390,0.338393
1.553598,1.514135,0.562265,0.342422,0.168647,0.123386,0.843476,0.502483,0.414565,0.313385,1.133292,0.698084,0.810757,0.622190,0.814308,0.837954,1.274438,1.066888,1.067650,1.298331,0.512710,0.431210,0.669759,0.394210,0.127910,0.104842,0.206317,0.071573,0.933127,0.645252,0.588673,0.511532,0.000000,1.700949,0.566317,0.418960,0.368273,0.328621,0.369232,0.346916,0.703119,0.544458,0.548370,0.720949,0.953387,0.812324,0.911645,1.005222,0.856642,0.724018,0.677056,0.423193,1.022637,0.989113,0.909250,0.910169,1.156677,1.281810,0.755036,0.614822,0.751221,0.390750,0.913600,0.608894,0.409707,0.238011,1.037542,0.743140,1.306642,0.810617,0.124335,-0.128235,1.005397,0.791418,0.682326,0.652413,0.809750,0.491381,1.012161,0.667332,1.140016,1.216314,0.716003,0.903703,0.994706,1.000163,0.391487,0.822338,0.761467,0.747981
1.206789,1.250810,0.539596,0.475682,0.195052,0.142166,0.757446,0.647371,0.425941,0.366540,0.885979,0.709313,0.660124,0.675020,0.656591,0.795854,1.167027,1.072898,0.860466,1.150565,0.635497,0.470700,0.566935,0.429909,0.157617,0.174145,0.285725,0.124417,0.919485,0.750220,0.668981,0.627317,1.700949,0.000000,0.607373,0.493215,0.373942,0.317994,0.306211,0.321658,0.643088,0.530700,0.515580,0.708325,0.957633,0.873572,0.853099,1.006505,0.894859,0.710887,0.717208,0.431229,1.082829,0.895214,0.893558,0.869110,1.077176,1.162530,0.678774,0.652787,0.708837,0.491332,0.795527,0.664078,0.428585,0.346444,1.021380,0.811282,1.117276,0.732935,0.200200,-0.147953,1.001224,0.800467,0.561164,0.643464,0.674976,0.450745,0.995686,0.643203,1.025133,1.164026,0.612508,0.845905,0.867856,0.949600,0.337803,0.698139,0.682584,0.675926
0.451553,0.452296,0.793019,0.861711,0.166386,0.028945,0.580643,0.426918,0.414850,0.465329,0.449449,0.317229,0.250170,0.348925,0.593993,0.603275,0.438548,0.361217,0.621180,0.528628,0.445452,0.265901,1.044856,1.037721,0.416015,0.611329,0.155420,0.068020,0.394871,0.240617,0.911879,0.908992,0.566317,0.607373,0.000000,1.344861,0.360879,0.270922,0.426098,0.343458,0.456602,0.344272,0.352048,0.391908,0.610043,0.442677,0.417997,0.512054,0.363329,0.286671,0.503714,0.194653,0.446601,0.458397,0.467769,0.537796,0.321763,0.384995,0.381039,0.277391,0.540378,0.167512,0.328187,0.041455,1.138787,0.941242,0.793930,0.637514,0.494513,0.397468,0.172121,-0.012845,0.420187,0.322662,0.300459,0.407230,0.346126,0.420121,0.511695,0.363832,0.407273,0.535031,0.622660,0.520087,0.847056,0.743902,0.463278,0.593522,0.646754,0.453523
0.355167,0.339906,0.704134,0.910427,0.173665,0.072702,0.515343,0.471909,0.433048,0.572737,0.367415,0.296236,0.199069,0.373165,0.505760,0.537344,0.307330,0.256271,0.470492,0.375038,0.433193,0.238299,0.869354,1.033337,0.325828,0.584357,0.213941,0.174401,0.239130,0.166080,0.730229,0.845313,0.418960,0.493215,1.344861,0.000000,0.354145,0.312316,0.391636,0.324139,0.444893,0.318922,0.322282,0.302283,0.456304,0.336371,0.360693,0.424058,0.252713,0.184454,0.381876,0.066665,0.357602,0.343340,0.492886,0.512314,0.246508,0.323240,0.363188,0.196028,0.517218,0.175910,0.222091,-0.031273,1.041028,1.052947,0.684075,0.553102,0.363608,0.344962,0.218418,0.047663,0.387662,0.268807,0.266279,0.447880,0.338433,0.403126,0.342398,0.212275,0.257089,0.375805,0.421648,0.384216,0.667494,0.563181,0.433495,0.479077,0.614283,0.422692
0.367801,0.342732,0.201269,0.179759,-0.101306,-0.022031,0.266350,0.253773,0.066414,0.144079,0.251099,0.140962,0.105536,0.140365,0.393181,0.437631,0.463392,0.290548,0.365424,0.401339,0.327247,0.527691,0.273322,0.307473,-0.072898,0.072706,0.080161,0.025997,0.328072,0.169789,0.353937,0.417340,0.368273,0.373942,0.360879,0.354145,0.000000,0.840102,0.834342,0.943131,0.736929,0.719818,0.116176,0.260256,0.361701,0.339470,0.349543,0.462532,0.193341,0.121260,0.195149,0.066885,0.305681,0.297006,0.581908,0.665361,0.368358,0.232344,0.267910,0.271524,0.201000,0.176248,0.318553,0.165676,0.236664,0.169312,0.372992,0.250392,0.382751,0.298955,0.024074,0.058624,0.390522,0.370775,0.193208,0.096059,0.531195,0.678490,0.458096,0.318647,0.442366,0.335995,0.335302,0.486617,0.609181,0.609462,0.625868,0.474690,0.620481,0.466357
0.398933,0.357018,0.164189,0.138396,-0.050436,0.125772,0.197459,0.261740,0.170735,0.372309,0.244045,0.226046,0.152475,0.255162,0.455541,0.617554,0.439833,0.416921,0.290489,0.323005,0.187683,0.359041,0.240854,0.310009,-0.076431,0.052845,-0.019935,-0.040477,0.353005,0.320616,0.230775,0.356453,0.328621,0.317994,0.270922,0.312316,0.840102,0.000000,0.620783,0.791067,0.656718,0.612482,0.159827,0.173829,0.217295,0.243783,0.319372,0.368158,0.159789,0.156557,0.148751,0.043834,0.217478,0.174431,0.501782,0.515432,0.383156,0.270485,0.334262,0.361451,0.212962,0.292961,0.352874,0.271810,0.189286,0.171682,0.355441,0.301591,0.339449,0.344694,-0.085596,-0.122728,0.359174,0.337369,0.087675,0.096329,0.431347,0.544144,0.412609,0.326652,0.420190,0.328194,0.300124,0.506332,0.513383,0.449313,0.451513,0.424696,0.602320,0.428234
0.409002,0.382643,0.322606,0.221302,-0.096977,0.019193,0.343810,0.189584,0.224300,0.262638,0.361323,0.161771,0.217419,0.174380,0.556108,0.454276,0.432759,0.230229,0.476118,0.406293,0.297033,0.530423,0.405832,0.411463,-0.020852,0.097124,-0.103492,-0.079173,0.332895,0.109614,0.296116,0.307285,0.369232,0.306211,0.426098,0.391636,0.834342,0.620783,0.000000,1.358964,0.796474,0.762107,0.254486,0.355366,0.244622,0.190260,0.442101,0.436819,0.206060,0.150745,0.284353,0.213981,0.283351,0.281777,0.650337,0.793457,0.298167,0.244290,0.420087,0.255899,0.219554,0.071812,0.246197,0.072478,0.310389,0.211424,0.488331,0.365914,0.420430,0.330141,-0.102995,-0.047087,0.416880,0.380859,0.259167,0.240265,0.646639,0.871688,0.581341,0.329892,0.494436,0.389014,0.561217,0.562789,0.693054,0.599366,1.073510,0.745180,0.820655,0.597976
0.391418,0.344894,0.230986,0.236889,-0.082861,0.038917,0.278913,0.315548,0.148364,0.335737,0.260985,0.178965,0.162764,0.196566,0.450873,0.530667,0.480385,0.289088,0.375144,0.435090,0.291592,0.499267,0.265479,0.361004,-0.039440,0.100395,-0.086837,-0.117152,0.396806,0.204341,0.242975,0.288198,0.346916,0.321658,0.343458,0.324139,0.943131,0.791067,1.358964,0.000000,0.796678,0.864410,0.115504,0.219904,0.258723,0.273024,0.348626,0.369401,0.185121,0.173746,0.230673,0.146340,0.323570,0.273985,0.558848,0.762983,0.340122,0.171503,0.343755,0.334446,0.179799,0.250802,0.298910,0.217773,0.203879,0.183142,0.432790,0.364229,0.435251,0.339551,-0.052907,-0.042531,0.394637,0.364443,0.170833,0.119363,0.597234,0.827306,0.578626,0.291111,0.556245,0.382259,0.542290,0.601985,0.697094,0.624133,0.962842,0.638646,0.800979,0.606987
0.702297,0.615611,0.354582,0.257347,-0.011209,0.078738,0.519185,0.420183,0.356120,0.429200,0.628008,0.444132,0.449356,0.476132,0.760423,0.868767,0.760393,0.537477,0.575730,0.608090,0.461397,0.604760,0.444240,0.433848,-0.053852,0.075235,-0.054821,-0.070047,0.613788,0.422715,0.436592,0.497692,0.703119,0.643088,0.456602,0.444893,0.736929,0.656718,0.796474,0.796678,0.000000,0.877321,0.320741,0.370729,0.478729,0.419629,0.495829,0.555274,0.444219,0.359001,0.314160,0.166668,0.485730,0.461286,0.727450,0.752200,0.635627,0.494712,0.620740,0.387430,0.512842,0.346676,0.590129,0.417787,0.372769,0.247620,0.583857,0.397413,0.626641,0.464800,0.100824,-0.145828,0.821817,0.684149,0.620799,0.391377,0.760141,0.689252,0.660177,0.366015,0.695632,0.599676,0.553532,0.743193,0.796919,0.748723,0.720728,0.678831,0.803601,0.612913
0.603730,0.584706,0.168706,0.147938,-0.089507,0.075999,0.302041,0.358908,0.145838,0.338499,0.486711,0.386503,0.344960,0.458207,0.547306,0.723247,0.698338,0.472086,0.382302,0.480167,0.490673,0.516644,0.243912,0.340670,-0.074090,0.060018,0.025706,0.040490,0.563253,0.448850,0.267385,0.369096,0.544458,0.530700,0.344272,0.318922,0.719818,0.612482,0.762107,0.864410,0.877321,0.000000,0.258582,0.366380,0.367561,0.399809,0.516866,0.521284,0.334633,0.280150,0.289261,0.157280,0.459993,0.340791,0.654631,0.719557,0.575990,0.383973,0.494726,0.558180,0.328200,0.355772,0.545294,0.464269,0.191200,0.148506,0.479654,0.427784,0.565342,0.414969,0.040859,-0.046276,0.662848,0.756605,0.459767,0.346841,0.602252,0.625382,0.657308,0.419010,0.673557,0.499000,0.490057,0.618330,0.678439,0.644527,0.620938,0.554609,0.762874,0.613043
0.523951,0.573035,0.617026,0.314279,0.325583,0.474831,0.722282,0.367973,0.578746,0.422371,0.709516,0.408933,0.613646,0.435269,0.639844,0.400664,0.349297,0.318674,0.688816,0.503241,0.316492,0.245861,0.473142,0.415171,0.247560,0.197092,0.177893,0.367056,0.244850,0.221491,0.317202,0.229250,0.548370,0.515580,0.352048,0.322282,0.116176,0.159827,0.254486,0.115504,0.320741,0.258582,0.000000,1.201319,0.547726,0.451892,0.986630,0.964736,0.746215,0.672056,0.866705,0.766196,0.659533,0.545887,0.562751,0.466738,0.354552,0.573510,0.704890,0.374206,0.486887,0.108830,0.303481,0.120484,0.321275,0.282102,0.742645,0.554395,0.400390,0.416925,0.013454,-0.146212,0.441209,0.461900,0.339758,0.544797,0.389423,0.290241,0.444571,0.375440,0.450384,0.536465,0.269007,0.415585,0.471132,0.578485,0.240832,0.427656,0.380420,0.369132
0.620712,0.705564,0.499659,0.243458,0.227128,0.344779,0.649168,0.299994,0.365748,0.262989,0.695512,0.412026,0.524722,0.367462,0.575806,0.416152,0.500486,0.413916,0.679058,0.584583,0.307270,0.310218,0.399225,0.279283,0.225076,0.155736,0.240402,0.307204,0.418703,0.309137,0.358006,0.251091,0.720949,0.708325,0.391908,0.302283,0.260256,0.173829,0.355366,0.219904,0.370729,0.366380,1.201319,0.000000,0.768946,0.659203,1.084419,1.338760,0.820581,0.643443,0.934721,0.819665,0.683782,0.600372,0.683884,0.668350,0.453490,0.671790,0.669423,0.515566,0.462498,0.085095,0.355629,0.185915,0.295454,0.241412,0.833646,0.654893,0.523362,0.473306,-0.077309,-0.225015,0.501475,0.490164,0.329693,0.470350,0.498249,0.371969,0.611720,0.529969,0.587872,0.686047,0.318531,0.526466,0.560631,0.794344,0.310251,0.592180,0.428479,0.440214
0.763738,0.804425,0.455074,0.304641,0.274139,0.158681,0.601935,0.351662,0.376051,0.283096,0.694669,0.397154,0.492241,0.423513,0.577386,0.645186,0.751172,0.643079,0.730340,0.861484,0.383976,0.426991,0.525977,0.323053,0.279789,0.286295,0.257101,0.220454,0.632183,0.450243,0.480640,0.415791,0.953387,0.957633,0.610043,0.456304,0.361701,0.217295,0.244622,0.258723,0.478729,0.367561,0.547726,0.768946,0.000000,1.288039,0.751857,0.921227,1.075881,0.731374,0.658650,0.313122,0.827842,0.853872,0.582279,0.660606,0.679779,0.669479,0.547115,0.509160,0.525108,0.289523,0.599120,0.423869,0.469383,0.285710,0.858029,0.602770,0.825599,0.566101,0.179653,-0.021473,0.585912,0.436945,0.374737,0.446288,0.446944,0.352700,0.762308,0.519984,0.803050,0.837606,0.506746,0.688726,0.877236,0.933714,0.296824,0.595759,0.489865,0.509942
0.699836,0.681684,0.331391,0.244986,0.237557,0.232335,0.581017,0.562682,0.315706,0.395232,0.568085,0.493583,0.446415,0.492754,0.430220,0.605116,0.676204,0.613980,0.538237,0.755699,0.354567,0.375906,0.310167,0.200639,0.177779,0.164792,0.243643,0.192069,0.563470,0.463128,0.288596,0.266415,0.812324,0.873572,0.442677,0.336371,0.339470,0.243783,0.190260,0.273024,0.419629,0.399809,0.451892,0.659203,1.288039,0.000000,0.722604,0.773830,0.912512,0.966363,0.632148,0.325508,0.804722,0.742526,0.566576,0.599144,0.667006,0.521702,0.612810,0.782695,0.602756,0.633010,0.616980,0.600718,0.279531,0.298810,0.869113,0.780824,0.674051,0.615724,0.257293,0.052274,0.507811,0.414483,0.278765,0.424815,0.466831,0.314711,0.645078,0.438466,0.769740,0.695066,0.417454,0.628187,0.761240,0.812580,0.267894,0.522150,0.507273,0.609403
0.943434,0.997714,0.563467,0.301756,0.243590,0.370147,0.809896,0.457726,0.484837,0.369852,0.866327,0.542572,0.651501,0.570439,0.671692,0.604738,0.779070,0.629959,0.797652,0.880578,0.441131,0.447360,0.561891,0.356691,0.200115,0.208304,0.240090,0.262766,0.548342,0.467687,0.420491,0.359460,0.911645,0.853099,0.417997,0.360693,0.349543,0.319372,0.442101,0.348626,0.495829,0.516866,0.986630,1.084419,0.751857,0.722604,0.000000,1.318349,0.808478,0.725293,0.926534,0.643626,0.957040,0.814234,0.979773,0.825421,0.816713,0.819190,0.790216,0.722209,0.532189,0.273043,0.643388,0.458197,0.281165,0.214190,1.073453,0.871936,0.811845,0.820249,0.078595,-0.072623,0.646847,0.610105,0.411074,0.553053,0.582284,0.359787,0.787318,0.485818,0.870716,0.850463,0.533347,0.784407,0.710006,0.808613,0.443254,0.773118,0.732420,0.850861
0.925594,1.024354,0.542973,0.311634,0.192972,0.303559,0.709433,0.410325,0.413261,0.317078,0.851581,0.560978,0.584721,0.489477,0.755163,0.636688,0.813442,0.698056,0.855866,0.869191,0.467421,0.480336,0.573523,0.424846,0.191404,0.185443,0.337499,0.295259,0.642828,0.523539,0.512223,0.459761,1.005222,1.006505,0.512054,0.424058,0.462532,0.368158,0.436819,0.369401,0.555274,0.521284,0.964736,1.338760,0.921227,0.773830,1.318349,0.000000,0.948878,0.697886,0.905886,0.660457,0.954375,0.822195,1.008425,0.947555,0.784687,0.893143,0.770534,0.650348,0.547029,0.216412,0.628763,0.388532,0.358103,0.244020,1.033280,0.779615,0.826841,0.695380,0.039476,-0.110957,0.727268,0.686117,0.476121,0.597566,0.607452,0.446604,0.808474,0.663938,0.856548,0.938240,0.482595,0.726374,0.812363,0.988702,0.421111,0.696746,0.720095,0.668949
0.711579,0.689803,0.461763,0.305354,0.360601,0.273297,0.618336,0.487397,0.501127,0.337533,0.788471,0.516244,0.646122,0.543873,0.507857,0.555893,0.674980,0.635698,0.611020,0.705566,0.450408,0.332379,0.356152,0.268520,0.240101,0.168992,0.227752,0.183511,0.583589,0.505265,0.355507,0.301547,0.856642,0.894859,0.363329,0.252713,0.193341,0.159789,0.206060,0.185121,0.444219,0.334633,0.746215,0.820581,1.075881,0.912512,0.808478,0.948878,0.000000,1.046698,0.946797,0.665980,0.812062,0.698553,0.571211,0.551983,0.590092,0.651052,0.885009,0.642382,0.546522,0.438960,0.549469,0.510388,0.268307,0.269621,0.869392,0.647475,0.573559,0.420847,0.161167,-0.111777,0.631986,0.550654,0.433202,0.483296,0.338216,0.273277,0.629406,0.453338,0.727461,0.750869,0.366730,0.566792,0.673584,0.767290,0.186399,0.463255,0.400970,0.454782
