0.000000,0.694687,0.909293,0.841975,0.466681,0.504039,0.841080,0.751095,0.581974,0.107350,0.439158,0.555292,0.632764,0.524215,0.825699,0.726262,0.278901,0.223008,1.027256,1.036410,0.523403,0.437986,0.533638,0.611929,0.356518,0.419311,0.485489,0.611477,0.207099,0.200142,0.226530,0.149424,0.489260,0.611506,0.311227,0.192245,-0.028052,-0.052114,0.262191,0.180506,0.497476,0.182940,0.311465,0.092531,0.420871,0.445766,0.459349,0.614524,0.655107,0.518328,0.633965,0.475409,0.441457,0.193837,0.365285,0.405879,0.919162,0.733814,0.422328,0.360708,0.620861,0.231002,0.602340,0.470483,0.503478,0.476470,0.772960,0.714705,1.084704,0.915729,0.093926,0.179897,0.723273,0.748637,0.609506,0.589807,0.360313,0.117070,0.159551,0.055849,0.406423,0.503790,0.422087,0.410604,0.324139,0.354729,0.384605,0.187357,0.610875,0.615136
0.694687,0.000000,0.468405,0.468589,0.497634,0.469927,0.528541,0.505864,0.435712,0.187488,0.314574,0.765841,0.520858,0.672417,0.660744,0.592007,0.281396,0.262922,0.520152,0.671250,0.412798,0.405571,0.316164,0.367995,0.340722,0.432811,0.540736,0.587293,0.201715,0.284875,0.337823,0.243151,0.569137,0.703280,0.178256,0.068292,-0.072349,-0.132646,0.115928,0.175171,0.464129,0.347861,0.180332,-0.002337,0.197815,0.354810,0.241687,0.440531,0.413515,0.430905,0.418258,0.239678,0.343499,0.138104,0.214780,0.212376,0.723720,1.391413,0.424996,0.718924,0.379219,0.500088,0.455123,0.560243,0.300927,0.365388,0.586668,0.513531,0.620859,0.795337,0.161402,0.236813,0.587468,0.544718,0.369484,0.389946,0.222098,0.032156,0.188619,0.158039,0.421960,0.465026,0.529991,0.412212,0.329529,0.316477,0.341156,0.137453,0.380662,0.335498
0.909293,0.468405,0.000000,0.929815,0.667816,0.418818,1.222293,0.723799,0.798504,0.269701,0.323752,0.135449,0.608149,0.371274,0.643791,0.317037,0.128095,0.265955,1.043544,1.023067,0.345037,0.342107,1.264678,1.012286,0.549231,0.544608,0.469154,0.555603,0.014389,0.086959,0.194210,0.069749,0.346629,0.404971,0.605357,0.505475,0.077060,0.035569,0.391035,0.244397,0.451717,0.101977,0.407468,0.225893,0.483394,0.426798,0.525591,0.603452,0.381308,0.320593,0.632273,0.374278,0.317493,0.117267,0.582607,0.433319,0.614186,0.477622,0.071948,0.010214,0.421366,0.058184,0.326609,0.250472,0.746884,0.507512,0.851641,0.842864,1.110578,0.948849,-0.072270,-0.081002,0.582113,0.518769,0.610733,0.602197,0.491911,0.219729,0.140770,0.105738,0.310803,0.446304,0.406330,0.361364,0.486248,0.381417,0.450281,0.418908,0.997703,0.873501
0.841975,0.468589,0.929815,0.000000,0.525934,0.758499,0.911149,1.233923,0.513823,0.172952,0.141943,0.206736,0.319286,0.324151,0.493249,0.459973,0.105049,0.062000,0.812080,1.041130,0.206405,0.311511,0.675610,0.877768,0.458310,0.631179,0.426701,0.561037,0.011152,0.136143,0.024259,0.038716,0.232569,0.583047,0.303592,0.318275,-0.103017,0.032412,0.082992,0.054234,0.229566,0.095512,0.363188,0.131129,0.589730,0.518712,0.413386,0.655609,0.474068,0.371544,0.478552,0.319090,0.408883,0.244786,0.519592,0.411383,0.546897,0.481730,0.123896,0.135707,0.328132,0.213511,0.385975,0.396375,0.412380,0.564812,0.620523,0.795752,1.008794,0.890274,-0.085917,0.019626,0.533209,0.432896,0.468631,0.427584,0.445190,0.219144,0.028503,-0.046548,0.344973,0.403979,0.265033,0.390042,0.306083,0.412534,0.306728,0.109723,0.684010,0.712594
0.466681,0.497634,0.667816,0.525934,0.000000,0.726886,0.668350,0.473940,0.768336,0.387935,0.229391,0.350169,0.483954,0.495218,0.560466,0.368382,0.184097,0.403725,0.495459,0.575958,0.450417,0.544768,0.601981,0.543146,0.836229,0.721313,0.832500,0.705728,0.168960,0.227419,0.313733,0.136406,0.339417,0.371608,0.486268,0.414532,0.136640,0.033292,0.224457,0.262460,0.397882,0.105075,0.454421,0.344505,0.470615,0.468284,0.507078,0.435121,0.505164,0.459506,0.631081,0.355473,0.452234,0.215521,0.473016,0.268642,0.397225,0.556942,0.260996,0.303693,0.416829,0.438684,0.298413,0.445999,0.567104,0.511473,0.687455,0.643615,0.645973,0.653821,0.112895,0.010447,0.553008,0.426519,0.407760,0.414453,0.511479,0.233639,0.283163,0.243894,0.367652,0.448704,0.460760,0.445433,0.360561,0.305041,0.384081,0.240576,0.634951,0.630032
0.504039,0.469927,0.418818,0.758499,0.726886,0.000000,0.475700,0.541837,0.393257,0.177005,0.164787,0.368423,0.203062,0.348943,0.436494,0.474195,0.166902,0.175137,0.401900,0.509094,0.444730,0.460896,0.299896,0.376453,0.630821,0.869097,0.860297,0.911994,0.144774,0.211422,0.248896,0.211853,0.310476,0.541085,0.271118,0.281878,0.067464,0.079094,-0.012733,0.105877,0.159364,0.273193,0.487687,0.306031,0.573504,0.564854,0.422778,0.555632,0.606184,0.498179,0.495468,0.363292,0.546725,0.418448,0.396447,0.360566,0.454238,0.509642,0.329200,0.362446,0.347338,0.463520,0.267204,0.450110,0.302435,0.446472,0.520197,0.558810,0.544785,0.481671,0.174807,0.208796,0.463095,0.330145,0.313574,0.279743,0.385465,0.175895,0.136817,0.136337,0.395277,0.407142,0.337893,0.447242,0.244576,0.361094,0.257142,0.011834,0.386470,0.492524
0.841080,0.528541,1.222293,0.911149,0.668350,0.475700,0.000000,0.942926,0.743489,0.189857,0.394508,0.310655,0.647243,0.467661,0.620871,0.431339,0.026557,0.120822,0.831191,0.817450,0.249312,0.308277,0.915687,0.828897,0.496453,0.491338,0.373088,0.473451,-0.091069,0.037882,0.206168,0.119304,0.308215,0.474728,0.400426,0.325964,-0.055008,-0.025204,0.189431,0.086825,0.339948,0.044019,0.286826,0.117742,0.424561,0.376807,0.355241,0.514545,0.453963,0.364672,0.579811,0.390856,0.309698,0.140504,0.440065,0.310647,0.566019,0.504917,0.271242,0.218479,0.511698,0.270748,0.335786,0.362412,0.708341,0.621052,0.797422,0.737933,0.797987,0.747053,0.003759,0.014640,0.544469,0.508713,0.494712,0.535416,0.394210,0.205399,-0.034982,-0.017709,0.176623,0.300595,0.341479,0.307376,0.349534,0.304621,0.311086,0.189894,0.769540,0.713522
0.751095,0.505864,0.723799,1.233923,0.473940,0.541837,0.942926,0.000000,0.631875,0.267670,0.186610,0.348863,0.447367,0.589542,0.525444,0.476155,0.020997,0.013266,0.626750,0.804724,0.115441,0.304223,0.511738,0.754974,0.358707,0.431154,0.297689,0.458351,-0.065111,0.112333,0.038633,0.100986,0.209405,0.638921,0.177543,0.192100,-0.228920,-0.071896,0.011959,-0.038501,0.204869,0.024753,0.168097,-0.060829,0.440308,0.404304,0.230824,0.419248,0.382963,0.295490,0.347092,0.227153,0.274562,0.094378,0.333699,0.201830,0.475995,0.497313,0.144638,0.235691,0.329285,0.362351,0.401584,0.470663,0.367469,0.631115,0.506698,0.666647,0.822623,0.775433,-0.067692,0.041088,0.491949,0.428400,0.370761,0.382471,0.277971,0.142908,-0.069986,-0.133685,0.232796,0.263329,0.247453,0.289597,0.178859,0.253209,0.158895,0.021735,0.451637,0.515621
0.581974,0.435712,0.798504,0.513823,0.768336,0.393257,0.743489,0.631875,0.000000,0.621936,0.545856,0.259464,0.795160,0.645801,0.812214,0.280792,0.179960,0.431414,0.642254,0.680036,0.334258,0.399062,0.695543,0.667086,0.437601,0.310599,0.414223,0.428599,0.135472,0.193445,0.250774,0.143246,0.349378,0.414715,0.562228,0.497432,0.073555,-0.039267,0.331638,0.281757,0.448328,0.126016,0.360713,0.235308,0.476689,0.468808,0.456237,0.346505,0.362185,0.324149,0.569854,0.292647,0.348125,0.070207,0.490826,0.271683,0.450293,0.501032,0.215367,0.176979,0.480439,0.311542,0.384587,0.454306,0.689133,0.559118,0.704091,0.680955,0.783142,0.754728,0.083098,0.012387,0.472677,0.402638,0.424663,0.565360,0.383304,0.164053,0.247329,0.209563,0.391020,0.467760,0.478845,0.424893,0.510803,0.432319,0.406457,0.379548,0.644534,0.714328
0.107350,0.187488,0.269701,0.172952,0.387935,0.177005,0.189857,0.267670,0.621936,0.000000,0.191102,0.090193,0.379954,0.365089,0.215709,-0.054646,0.152202,0.313794,0.069060,0.213751,0.148750,0.322396,0.244725,0.203783,0.209779,0.084069,0.260904,0.187121,0.065284,0.131874,0.185202,0.132210,0.246297,0.208686,0.409208,0.397044,0.220917,-0.030406,0.111958,0.220929,0.196626,0.038826,0.281499,0.195027,0.339871,0.390610,0.253247,0.065362,0.179282,0.207434,0.243662,0.134258,0.255941,0.095065,0.424292,0.141028,0.244225,0.312293,0.158502,0.131115,0.330960,0.290044,0.204600,0.366121,0.277907,0.324808,0.347531,0.362095,0.267385,0.335450,0.061146,-0.043217,0.158398,0.010297,0.138087,0.081994,0.228989,0.078280,0.205869,0.218865,0.275214,0.260868,0.196222,0.248070,0.274203,0.244622,0.248369,0.225112,0.336556,0.390901
0.439158,0.314574,0.323752,0.141943,0.229391,0.164787,0.394508,0.186610,0.545856,0.191102,0.000000,0.519132,0.910975,0.632950,0.759349,0.419656,0.499704,0.470823,0.321251,0.199589,0.434203,0.216624,0.207716,0.119151,0.092449,0.007684,0.156105,0.104740,0.272971,0.063066,0.539078,0.407461,0.507073,0.351439,0.385756,0.303492,0.196820,-0.235815,0.204442,0.228045,0.378610,0.255820,0.350499,0.258906,0.321272,0.390547,0.309556,0.221651,0.504032,0.416016,0.465032,0.386835,0.278514,0.143669,0.292301,0.262361,0.463592,0.407895,0.578682,0.370353,0.752743,0.431506,0.369855,0.488134,0.561241,0.367892,0.360410,0.182554,0.186221,0.222107,0.455661,0.328608,0.414015,0.345050,0.101466,0.335593,0.056895,-0.082082,0.278019,0.327202,0.391160,0.371458,0.612785,0.660718,0.558116,0.400610,0.578711,0.351751,0.411178,0.457427
0.555292,0.765841,0.135449,0.206736,0.350169,0.368423,0.310655,0.348863,0.259464,0.090193,0.519132,0.000000,0.573453,0.817106,0.607885,0.845980,0.362616,0.275158,0.256357,0.294833,0.531319,0.342470,-0.052546,0.024257,0.144922,0.192385,0.328940,0.384032,0.370335,0.357105,0.373653,0.238815,0.467799,0.490488,-0.017611,-0.107915,0.093832,-0.124021,0.141311,0.140525,0.375546,0.226236,0.177749,0.125105,0.150890,0.309795,0.206997,0.271843,0.782278,0.596445,0.414551,0.454132,0.468926,0.359361,0.167689,0.224413,0.446268,0.762117,0.805641,0.922422,0.537730,0.719286,0.540459,0.838827,0.141655,0.261319,0.276568,0.179495,0.228140,0.286177,0.404052,0.389843,0.562279,0.505767,0.231550,0.327542,0.171837,0.044204,0.084599,0.124890,0.344310,0.319087,0.446036,0.451880,0.215702,0.253687,0.243667,-0.005795,0.155514,0.270139
0.632764,0.520858,0.608149,0.319286,0.483954,0.203062,0.647243,0.447367,0.795160,0.379954,0.910975,0.573453,0.000000,0.783951,0.807883,0.411534,0.430749,0.467047,0.537994,0.463394,0.466374,0.336027,0.493041,0.448812,0.360545,0.252078,0.315942,0.280728,0.204429,0.023494,0.469569,0.364039,0.592034,0.445988,0.608020,0.374657,0.139772,-0.343929,0.283112,0.316623,0.521985,0.184082,0.323869,0.197197,0.383845,0.444075,0.278841,0.230347,0.533058,0.445941,0.667272,0.422419,0.242929,0.004960,0.292372,0.149690,0.545396,0.541450,0.524670,0.386567,0.931823,0.467649,0.444879,0.446195,0.852920,0.607267,0.656531,0.490982,0.497668,0.528951,0.325774,0.204075,0.509256,0.478040,0.297523,0.454398,0.192706,-0.079904,0.295021,0.270143,0.340571,0.466357,0.557151,0.524796,0.462766,0.300698,0.599055,0.367376,0.612750,0.586542
0.524215,0.672417,0.371274,0.324151,0.495218,0.348943,0.467661,0.589542,0.645801,0.365089,0.632950,0.817106,0.783951,0.000000,0.797886,0.564027,0.295527,0.357104,0.396752,0.412449,0.451336,0.386017,0.258695,0.382635,0.304951,0.310133,0.384500,0.410950,0.205939,0.130841,0.473582,0.376234,0.586478,0.697184,0.357162,0.323443,0.082522,-0.176841,0.177830,0.192986,0.430760,0.294995,0.251307,0.116197,0.445934,0.536031,0.248822,0.286149,0.517915,0.422501,0.427663,0.320250,0.305819,0.096208,0.246450,0.213817,0.533039,0.679262,0.515650,0.538502,0.612104,0.732706,0.404917,0.691707,0.432545,0.600366,0.536589,0.508159,0.431492,0.497618,0.305692,0.304020,0.614558,0.499413,0.319564,0.437569,0.180950,-0.030982,0.167255,0.152679,0.362237,0.380717,0.593704,0.552869,0.387105,0.386810,0.389878,0.282549,0.314743,0.472849
0.825699,0.660744,0.643791,0.493249,0.560466,0.436494,0.620871,0.525444,0.812214,0.215709,0.759349,0.607885,0.807883,0.797886,0.000000,0.876393,0.450529,0.437492,0.731064,0.731656,0.582140,0.494113,0.368394,0.436672,0.192171,0.300973,0.464182,0.607384,0.359967,0.233221,0.535741,0.389145,0.615627,0.606164,0.302981,0.232812,0.078253,-0.157405,0.256439,0.254273,0.583169,0.382241,0.307818,0.188654,0.332683,0.384803,0.454085,0.439288,0.564592,0.542627,0.586822,0.437161,0.393123,0.180611,0.347516,0.318804,0.710301,0.752052,0.400320,0.458912,0.520923,0.445593,0.659129,0.739170,0.543008,0.450168,0.463526,0.400167,0.648868,0.649807,0.295512,0.261499,0.713464,0.621312,0.418061,0.559680,0.198430,0.007377,0.349811,0.236007,0.556586,0.562577,0.857414,0.728886,0.544708,0.527330,0.530133,0.362429,0.440818,0.546373
0.726262,0.592007,0.317037,0.459973,0.368382,0.474195,0.431339,0.476155,0.280792,-0.054646,0.419656,0.845980,0.411534,0.564027,0.876393,0.000000,0.251599,0.108247,0.460161,0.489615,0.473782,0.371520,0.093618,0.206434,0.119440,0.297887,0.361310,0.469229,0.269016,0.227969,0.364435,0.312731,0.392555,0.549432,0.008555,-0.063674,-0.045922,-0.083111,0.043514,0.088577,0.302400,0.243199,0.211556,0.099377,0.275206,0.332227,0.356232,0.507136,0.746120,0.699974,0.493746,0.512659,0.457698,0.421904,0.244218,0.353134,0.520913,0.598824,0.471728,0.628380,0.386851,0.452538,0.599268,0.654062,0.213566,0.365665,0.260692,0.228848,0.432253,0.431155,0.295487,0.332522,0.682945,0.592426,0.382465,0.363493,0.097184,0.008937,0.037444,-0.010534,0.342902,0.321378,0.571764,0.530608,0.232322,0.339830,0.264731,0.028233,0.199426,0.320519
0.278901,0.281396,0.128095,0.105049,0.184097,0.166902,0.026557,0.020997,0.179960,0.152202,0.499704,0.362616,0.430749,0.295527,0.450529,0.251599,0.000000,0.889326,0.156284,0.211823,0.673112,0.343966,-0.044913,0.017131,0.083937,0.075477,0.142973,0.152221,0.945698,0.454423,0.528919,0.299416,0.633465,0.314652,0.349878,0.350448,0.481585,-0.211359,0.393566,0.409122,0.546130,0.541259,0.485097,0.483507,0.292785,0.547479,0.346576,0.127468,0.332841,0.361655,0.355051,0.247203,0.161335,0.113606,0.211071,0.123468,0.590672,0.499015,0.328224,0.276408,0.506034,0.431800,0.660490,0.586032,0.379556,0.277124,0.192701,0.131020,0.080773,0.203673,0.541650,0.286784,0.414103,0.287274,0.013412,0.267846,0.195164,-0.026333,1.091252,0.963073,1.112981,0.984772,0.722917,0.944984,0.611393,0.620709,0.720920,0.424102,0.248464,0.286269
0.223008,0.262922,0.265955,0.062000,0.403725,0.175137,0.120822,0.013266,0.431414,0.313794,0.470823,0.275158,0.467047,0.357104,0.437492,0.108247,0.889326,0.000000,0.260777,0.267301,0.598264,0.279214,0.215532,0.164311,0.211543,0.147505,0.259748,0.179934,0.701797,0.548677,0.405534,0.124917,0.459545,0.177325,0.578379,0.575332,0.655234,-0.017116,0.632567,0.702204,0.596862,0.558659,0.708269,0.703477,0.371215,0.580563,0.572011,0.238162,0.297553,0.370491,0.489817,0.264011,0.272103,0.169684,0.436577,0.271865,0.480754,0.448623,0.222823,0.141595,0.375148,0.270141,0.402055,0.435260,0.473320,0.255740,0.388293,0.321702,0.180415,0.253708,0.223814,-0.020001,0.424632,0.322580,0.131538,0.365853,0.466966,0.219244,1.033088,0.960482,0.904439,0.976055,0.561848,0.753747,0.731914,0.656614,0.722854,0.717526,0.458408,0.449996
1.027256,0.520152,1.043544,0.812080,0.495459,0.401900,0.831191,0.626750,0.642254,0.069060,0.321251,0.256357,0.537994,0.396752,0.731064,0.460161,0.156284,0.260777,0.000000,1.489518,0.301331,0.215838,0.837916,0.924266,0.339640,0.470199,0.320294,0.493325,0.109379,0.131792,0.123834,0.067851,0.360069,0.469038,0.337998,0.311308,-0.014730,0.047411,0.360179,0.287406,0.443843,0.175362,0.320934,0.192700,0.376620,0.398191,0.545129,0.769490,0.432396,0.342092,0.557845,0.279267,0.362319,0.212905,0.413183,0.485420,0.631300,0.507714,0.161142,0.072583,0.308594,0.006773,0.480118,0.284046,0.489582,0.338730,0.747720,0.808248,1.154155,0.997477,-0.208935,-0.101658,0.595872,0.576307,0.576347,0.506384,0.379732,0.161738,0.212943,0.022486,0.373627,0.548836,0.355183,0.308558,0.452882,0.440294,0.435667,0.407279,0.734827,0.722887
1.036410,0.671250,1.023067,1.041130,0.575958,0.509094,0.817450,0.804724,0.680036,0.213751,0.199589,0.294833,0.463394,0.412449,0.731656,0.489615,0.211823,0.267301,1.489518,0.000000,0.352111,0.319545,0.749765,0.938794,0.341900,0.533602,0.436516,0.650054,0.204903,0.278510,0.134832,0.078470,0.417954,0.594406,0.271369,0.268333,-0.037039,0.025772,0.284194,0.219157,0.544551,0.205697,0.265476,0.107125,0.340075,0.397485,0.489768,0.701217,0.387819,0.301574,0.480716,0.204303,0.377607,0.180013,0.440860,0.440713,0.732370,0.691012,0.153464,0.158827,0.271163,0.064232,0.650508,0.443908,0.363473,0.328197,0.722222,0.845887,1.431880,1.345681,-0.179122,-0.065968,0.643041,0.586567,0.602060,0.533710,0.439141,0.195088,0.260841,0.078654,0.512142,0.646715,0.386457,0.396989,0.386774,0.477112,0.393346,0.289289,0.674838,0.691181
0.523403,0.412798,0.345037,0.206405,0.450417,0.444730,0.249312,0.115441,0.334258,0.148750,0.434203,0.531319,0.466374,0.451336,0.582140,0.473782,0.673112,0.598264,0.301331,0.352111,0.000000,0.684739,0.131933,0.155458,0.287414,0.282240,0.571280,0.576218,0.693950,0.334935,0.625995,0.352523,0.663444,0.399047,0.383845,0.314265,0.260865,-0.209313,0.338003,0.311051,0.564609,0.320051,0.382840,0.321706,0.298011,0.465254,0.335558,0.236435,0.543144,0.499936,0.547106,0.443706,0.406976,0.202426,0.292412,0.299408,0.589791,0.559245,0.425420,0.438041,0.528719,0.388809,0.509147,0.555412,0.361638,0.343505,0.354488,0.299741,0.318410,0.343325,0.696796,0.476208,0.624240,0.379000,0.313170,0.360442,0.198739,-0.106231,0.528556,0.487523,0.687332,0.689975,0.695106,0.642516,0.353860,0.391607,0.501607,0.245339,0.354602,0.372691
0.437986,0.405571,0.342107,0.311511,0.544768,0.460896,0.308277,0.304223,0.399062,0.322396,0.216624,0.342470,0.336027,0.386017,0.494113,0.371520,0.343966,0.279214,0.215838,0.319545,0.684739,0.000000,0.157950,0.172098,0.343413,0.301986,0.634685,0.662314,0.446726,0.243242,0.324993,0.170317,0.367640,0.300333,0.299338,0.189193,0.137899,0.008113,0.173254,0.237076,0.439106,0.172893,0.235544,0.191430,0.305101,0.330218,0.247283,0.168843,0.366237,0.381131,0.364272,0.350098,0.287964,0.126751,0.244882,0.230364,0.331152,0.436726,0.169856,0.304687,0.341971,0.344210,0.310649,0.413112,0.280342,0.321734,0.286367,0.317086,0.340566,0.365963,0.437433,0.384648,0.563725,0.307104,0.441889,0.326688,0.198328,0.054517,0.305918,0.278270,0.377057,0.331160,0.490997,0.385878,0.203518,0.212935,0.188170,0.019876,0.231434,0.266729
0.533638,0.316164,1.264678,0.675610,0.601981,0.299896,0.915687,0.511738,0.695543,0.244725,0.207716,-0.052546,0.493041,0.258695,0.368394,0.093618,-0.044913,0.215532,0.837916,0.749765,0.131933,0.157950,0.000000,1.374651,0.681265,0.623645,0.418169,0.426847,-0.166982,-0.046046,0.121065,0.000787,0.181952,0.257505,0.713608,0.589159,0.030988,0.014077,0.301521,0.259368,0.352495,0.059722,0.330419,0.182134,0.444276,0.337095,0.384394,0.478353,0.182783,0.156045,0.484762,0.221485,0.158269,0.001055,0.415877,0.281571,0.355898,0.252990,-0.085056,-0.176736,0.257769,-0.074851,0.048054,-0.029548,0.692217,0.455516,0.788916,0.816034,0.840227,0.723443,-0.213745,-0.171397,0.365133,0.343922,0.470845,0.442586,0.439497,0.207686,0.081238,0.031288,0.116645,0.287585,0.282885,0.185459,0.417396,0.242988,0.375196,0.441855,0.879534,0.725782
0.611929,0.367995,1.012286,0.877768,0.543146,0.376453,0.828897,0.754974,0.667086,0.203783,0.119151,0.024257,0.448812,0.382635,0.436672,0.206434,0.017131,0.164311,0.924266,0.938794,0.155458,0.172098,1.374651,0.000000,0.578263,0.669537,0.379488,0.491064,-0.063064,0.010824,0.092665,0.039453,0.241627,0.405025,0.543315,0.521833,-0.078034,-0.019487,0.258616,0.201490,0.369637,0.085670,0.233587,0.092145,0.483377,0.396228,0.306008,0.453202,0.181983,0.153110,0.421085,0.146402,0.127454,-0.051392,0.331625,0.216954,0.460466,0.330095,-0.045218,-0.098628,0.236736,0.027821,0.208160,0.098943,0.574041,0.557371,0.728742,0.867770,0.951536,0.853940,-0.195911,-0.067114,0.424171,0.373568,0.488989,0.422663,0.403792,0.176884,0.103508,-0.016280,0.222467,0.379257,0.314811,0.225229,0.385608,0.319739,0.350806,0.350302,0.721936,0.658431
0.356518,0.340722,0.549231,0.458310,0.836229,0.630821,0.496453,0.358707,0.437601,0.209779,0.092449,0.144922,0.360545,0.304951,0.192171,0.119440,0.083937,0.211543,0.339640,0.341900,0.287414,0.343413,0.681265,0.578263,0.000000,1.020281,0.681512,0.485316,0.009643,0.032369,0.153695,0.072345,0.184454,0.307000,0.687252,0.472977,0.063820,0.003506,0.259352,0.207148,0.214070,0.059599,0.501262,0.364710,0.564950,0.515322,0.398442,0.422488,0.400577,0.389818,0.652619,0.390665,0.369181,0.158594,0.369869,0.246140,0.237343,0.298932,0.081561,0.140471,0.328562,0.277971,-0.006734,0.052759,0.608687,0.587669,0.698893,0.682293,0.519464,0.466719,0.086988,0.037478,0.307163,0.265211,0.306065,0.281552,0.332947,0.130049,0.142221,0.128293,0.132738,0.271929,0.346767,0.214562,0.297664,0.179440,0.333708,0.245669,0.555131,0.573084
0.419311,0.432811,0.544608,0.631179,0.721313,0.869097,0.491338,0.431154,0.310599,0.084069,0.007684,0.192385,0.252078,0.310133,0.300973,0.297887,0.075477,0.147505,0.470199,0.533602,0.282240,0.301986,0.623645,0.669537,1.020281,0.000000,0.790171,0.779865,0.049967,0.097307,0.225634,0.192784,0.273413,0.458207,0.446309,0.325288,0.079484,0.042655,0.162688,0.168420,0.274601,0.254905,0.373926,0.279904,0.456240,0.426759,0.354549,0.564195,0.370104,0.364761,0.512034,0.299571,0.340485,0.253363,0.316714,0.286119,0.316677,0.378313,0.052484,0.165991,0.222619,0.214181,0.127901,0.132683,0.390028,0.455079,0.546747,0.615494,0.592829,0.538364,-0.005383,0.001235,0.446211,0.404006,0.399901,0.353668,0.319506,0.114131,0.136656,0.093579,0.214672,0.337462,0.341878,0.306033,0.265620,0.246125,0.299249,0.139657,0.485833,0.488843
0.485489,0.540736,0.469154,0.426701,0.832500,0.860297,0.373088,0.297689,0.414223,0.260904,0.156105,0.328940,0.315942,0.384500,0.464182,0.361310,0.142973,0.259748,0.320294,0.436516,0.571280,0.634685,0.418169,0.379488,0.681512,0.790171,0.000000,1.219507,0.191816,0.212979,0.377559,0.276844,0.355770,0.449884,0.376831,0.231445,0.027939,-0.049001,0.065904,0.167281,0.461283,0.265971,0.326519,0.174827,0.365722,0.328495,0.301002,0.345111,0.442887,0.364999,0.504600,0.368317,0.386018,0.191096,0.352618,0.276521,0.361377,0.449410,0.183276,0.293669,0.305389,0.271525,0.183166,0.282360,0.260699,0.308043,0.451045,0.430094,0.524079,0.428969,0.254244,0.242464,0.515618,0.392626,0.414062,0.396962,0.322041,0.065368,0.203314,0.201156,0.294391,0.326325,0.419764,0.356995,0.176226,0.157840,0.312291,0.075920,0.444419,0.405321
0.611477,0.587293,0.555603,0.561037,0.705728,0.911994,0.473451,0.458351,0.428599,0.187121,0.104740,0.384032,0.280728,0.410950,0.607384,0.469229,0.152221,0.179934,0.493325,0.650054,0.576218,0.662314,0.426847,0.491064,0.485316,0.779865,1.219507,0.000000,0.247327,0.313503,0.345944,0.225564,0.347174,0.490944,0.187135,0.111437,-0.017377,-0.036090,0.044333,0.127287,0.478436,0.333638,0.174683,0.050083,0.233747,0.235983,0.227714,0.356898,0.367103,0.288148,0.340569,0.248100,0.267190,0.154010,0.184424,0.202001,0.410070,0.509503,0.078484,0.239492,0.177499,0.195674,0.302756,0.339804,0.161587,0.219052,0.339494,0.407853,0.629053,0.534583,0.158860,0.246783,0.589562,0.490794,0.500830,0.414197,0.312367,0.115106,0.157315,0.107024,0.311510,0.341883,0.457372,0.345244,0.134420,0.154548,0.173342,-0.004379,0.316381,0.328959
0.207099,0.201715,0.014389,0.011152,0.168960,0.144774,-0.091069,-0.065111,0.135472,0.065284,0.272971,0.370335,0.204429,0.205939,0.359967,0.269016,0.945698,0.701797,0.109379,0.204903,0.693950,0.446726,-0.166982,-0.063064,0.009643,0.049967,0.191816,0.247327,0.000000,0.802790,0.307945,0.097668,0.427829,0.155653,0.094610,0.153056,0.517156,0.063254,0.499594,0.393314,0.634624,0.393802,0.294520,0.392395,0.138540,0.300856,0.295699,0.072677,0.233992,0.218521,0.211783,0.141919,0.130936,0.131694,0.112128,0.134653,0.327489,0.343721,0.191871,0.189948,0.199920,0.182360,0.619232,0.471378,0.099158,0.019104,0.024061,0.010558,0.038436,0.137680,0.432962,0.235100,0.489549,0.348119,0.239479,0.422882,0.266650,0.149738,0.760037,0.711868,0.850158,0.780675,0.554633,0.563738,0.394615,0.486777,0.333966,0.208767,0.057290,0.091607
0.200142,0.284875,0.086959,0.136143,0.227419,0.211422,0.037882,0.112333,0.193445,0.131874,0.063066,0.357105,0.023494,0.130841,0.233221,0.227969,0.454423,0.548677,0.131792,0.278510,0.334935,0.243242,-0.046046,0.010824,0.032369,0.097307,0.212979,0.313503,0.802790,0.000000,-0.058039,-0.254932,0.015774,0.042469,-0.084932,0.030647,0.482627,0.376909,0.437087,0.449304,0.451875,0.310722,0.320629,0.410149,0.091592,0.206894,0.431196,0.244534,0.191093,0.172252,0.154936,0.104596,0.197173,0.240488,0.264739,0.234345,0.150316,0.317550,-0.049250,0.084548,-0.076496,0.071417,0.410303,0.406084,-0.073137,-0.032602,0.004499,0.066124,0.188854,0.188999,0.053063,-0.024469,0.339678,0.316365,0.230523,0.493023,0.467583,0.601865,0.471335,0.510503,0.622278,0.573361,0.280203,0.342454,0.391288,0.460803,0.069547,0.151386,0.080426,0.142179
0.226530,0.337823,0.194210,0.024259,0.313733,0.248896,0.206168,0.038633,0.250774,0.185202,0.539078,0.373653,0.469569,0.473582,0.535741,0.364435,0.528919,0.405534,0.123834,0.134832,0.625995,0.324993,0.121065,0.092665,0.153695,0.225634,0.377559,0.345944,0.307945,-0.058039,0.000000,1.378344,1.030145,0.609907,0.290594,0.206209,0.012572,-0.618954,-0.069957,-0.105360,0.348648,0.272507,0.130658,0.068722,0.253235,0.311808,0.038024,-0.022116,0.300989,0.278539,0.227078,0.209488,0.095666,-0.021298,0.009176,-0.036154,0.594602,0.446614,0.461679,0.371782,0.528581,0.502815,0.365923,0.479813,0.341846,0.271368,0.190655,0.038115,0.036201,0.135288,0.718216,0.554164,0.408959,0.233160,0.045387,0.071744,-0.200691,-0.495662,0.371415,0.419003,0.424702,0.375574,0.690868,0.702074,0.194478,0.177433,0.508124,0.193266,0.166068,0.139417
0.149424,0.243151,0.069749,0.038716,0.136406,0.211853,0.119304,0.100986,0.143246,0.132210,0.407461,0.238815,0.364039,0.376234,0.389145,0.312731,0.299416,0.124917,0.067851,0.078470,0.352523,0.170317,0.000787,0.039453,0.072345,0.192784,0.276844,0.225564,0.097668,-0.254932,1.378344,0.000000,0.818936,0.706220,0.148196,0.044742,-0.240579,-0.734636,-0.296229,-0.340199,0.150997,0.146196,-0.059181,-0.165895,0.194586,0.190865,-0.155212,-0.090517,0.159332,0.136788,0.077889,0.043906,0.000052,-0.119207,-0.124848,-0.118828,0.480025,0.288899,0.371054,0.304771,0.405289,0.390005,0.266139,0.318376,0.203572,0.214500,0.074891,-0.038139,0.008311,0.087796,0.576925,0.576470,0.252895,0.101218,-0.081119,-0.084696,-0.463391,-0.770673,0.156597,0.161980,0.227221,0.173008,0.437136,0.457650,-0.009430,0.023432,0.340318,0.050449,0.042941,0.030622
0.489260,0.569137,0.346629,0.232569,0.339417,0.310476,0.308215,0.209405,0.349378,0.246297,0.507073,0.467799,0.592034,0.586478,0.615627,0.392555,0.633465,0.459545,0.360069,0.417954,0.663444,0.367640,0.181952,0.241627,0.184454,0.273413,0.355770,0.347174,0.427829,0.015774,1.030145,0.818936,0.000000,0.951380,0.412276,0.314385,0.091154,-0.456319,0.154114,-0.009281,0.477923,0.346125,0.209301,0.084086,0.372019,0.480220,0.196331,0.159661,0.356960,0.314816,0.309779,0.182738,0.173110,-0.009141,0.161583,0.118568,1.019870,0.793631,0.671152,0.479987,0.841945,0.550609,0.717808,0.681270,0.489031,0.367351,0.548957,0.366833,0.306890,0.479030,0.577914,0.488581,0.507033,0.329323,0.214088,0.175413,-0.021262,-0.416139,0.470016,0.482668,0.696445,0.678767,0.726372,0.775757,0.380076,0.395837,0.724841,0.314900,0.396125,0.301836
0.611506,0.703280,0.404971,0.583047,0.371608,0.541085,0.474728,0.638921,0.414715,0.208686,0.351439,0.490488,0.445988,0.697184,0.606164,0.549432,0.314652,0.177325,0.469038,0.594406,0.399047,0.300333,0.257505,0.405025,0.307000,0.458207,0.449884,0.490944,0.155653,0.042469,0.609907,0.706220,0.951380,0.000000,0.286479,0.213825,-0.186834,-0.335141,-0.013554,-0.146049,0.348478,0.367063,0.154038,-0.101453,0.465218,0.465644,0.168268,0.345449,0.309061,0.224203,0.207400,0.065856,0.203076,0.017349,0.185450,0.162727,0.824645,0.742685,0.419757,0.390458,0.566639,0.509965,0.586375,0.608384,0.337694,0.455621,0.562220,0.542817,0.527831,0.648393,0.262437,0.403537,0.586290,0.391573,0.254051,0.229169,0.001474,-0.341882,0.132728,0.105629,0.463775,0.438364,0.586508,0.550524,0.241958,0.321376,0.436883,0.153964,0.328835,0.346569
0.311227,0.178256,0.605357,0.303592,0.486268,0.271118,0.400426,0.177543,0.562228,0.409208,0.385756,-0.017611,0.608020,0.357162,0.302981,0.008555,0.349878,0.578379,0.337998,0.271369,0.383845,0.299338,0.713608,0.543315,0.687252,0.446309,0.376831,0.187135,0.094610,-0.084932,0.290594,0.148196,0.412276,0.286479,0.000000,1.221878,0.418141,-0.022311,0.517052,0.506948,0.339933,0.244367,0.735131,0.548846,0.835859,0.750000,0.509969,0.330273,0.270224,0.368548,0.641566,0.396226,0.187340,0.010808,0.532712,0.298217,0.428694,0.265922,0.121643,-0.041242,0.635528,0.256114,0.072296,0.101740,1.118472,0.778348,0.873980,0.778534,0.377349,0.409659,0.135005,0.008869,0.360152,0.192127,0.237062,0.305634,0.409999,0.008519,0.420359,0.459763,0.354844,0.502260,0.441818,0.468948,0.629157,0.456420,0.704938,0.709500,0.807344,0.704871
0.192245,0.068292,0.505475,0.318275,0.414532,0.281878,0.325964,0.192100,0.497432,0.397044,0.303492,-0.107915,0.374657,0.323443,0.232812,-0.063674,0.350448,0.575332,0.311308,0.268333,0.314265,0.189193,0.589159,0.521833,0.472977,0.325288,0.231445,0.111437,0.153056,0.030647,0.206209,0.044742,0.314385,0.213825,1.221878,0.000000,0.427243,0.137816,0.482879,0.507700,0.248105,0.218782,0.725513,0.611237,0.881377,0.813486,0.553954,0.343315,0.178788,0.258415,0.467781,0.250477,0.180642,0.054419,0.601023,0.382609,0.393178,0.220437,0.078547,-0.122570,0.463969,0.299062,0.116197,0.191610,0.832201,0.721594,0.741253,0.762684,0.334544,0.361312,0.055815,-0.066611,0.313802,0.086155,0.171773,0.330699,0.501260,0.168556,0.463561,0.505661,0.487436,0.601445,0.373402,0.484462,0.733990,0.676927,0.625286,0.723848,0.707577,0.725283
-0.028052,-0.072349,0.077060,-0.103017,0.136640,0.067464,-0.055008,-0.228920,0.073555,0.220917,0.196820,0.093832,0.139772,0.082522,0.078253,-0.045922,0.481585,0.655234,-0.014730,-0.037039,0.260865,0.137899,0.030988,-0.078034,0.063820,0.079484,0.027939,-0.017377,0.517156,0.482627,0.012572,-0.240579,0.091154,-0.186834,0.418141,0.427243,0.000000,0.423824,0.686051,0.782936,0.365008,0.391790,0.695179,0.868920,0.270985,0.322552,0.568953,0.229299,0.176145,0.241924,0.267439,0.263713,0.207621,0.311926,0.403877,0.319020,0.109567,0.087654,0.100912,-0.047132,0.234872,0.115810,0.125183,0.198857,0.297318,0.108434,0.187948,0.126134,-0.058058,-0.015804,0.048869,-0.233226,0.176736,0.170767,0.147931,0.342212,0.602527,0.477971,0.557169,0.619420,0.441848,0.488395,0.218502,0.392287,0.574080,0.553797,0.331388,0.442824,0.237813,0.262472
-0.052114,-0.132646,0.035569,0.032412,0.033292,0.079094,-0.025204,-0.071896,-0.039267,-0.030406,-0.235815,-0.124021,-0.343929,-0.176841,-0.157405,-0.083111,-0.211359,-0.017116,0.047411,0.025772,-0.209313,0.008113,0.014077,-0.019487,0.003506,0.042655,-0.049001,-0.036090,0.063254,0.376909,-0.618954,-0.734636,-0.456319,-0.335141,-0.022311,0.137816,0.423824,0.000000,0.368901,0.377807,-0.073697,0.018112,0.269529,0.406069,0.103986,0.037024,0.426772,0.384736,-0.053546,-0.008487,-0.006552,0.053974,0.183897,0.321227,0.343425,0.451389,-0.177928,-0.098959,-0.204308,-0.218465,-0.254880,-0.185618,-0.116649,-0.063737,-0.082137,-0.050196,0.078071,0.142184,0.068839,0.018135,-0.416015,-0.328272,0.013827,-0.039169,0.255050,0.269989,0.461555,0.785147,-0.081335,-0.016974,-0.016798,-0.000508,-0.264003,-0.207761,0.203901,0.256247,-0.236913,0.053004,0.052048,0.115343
0.262191,0.115928,0.391035,0.082992,0.224457,-0.012733,0.189431,0.011959,0.331638,0.111958,0.204442,0.141311,0.283112,0.177830,0.256439,0.043514,0.393566,0.632567,0.360179,0.284194,0.338003,0.173254,0.301521,0.258616,0.259352,0.162688,0.065904,0.044333,0.499594,0.437087,-0.069957,-0.296229,0.154114,-0.013554,0.517052,0.482879,0.686051,0.368901,0.000000,0.866923,0.490299,0.323705,0.548039,0.664963,0.273344,0.350404,0.627880,0.398994,0.186970,0.243552,0.453807,0.293732,0.211035,0.208450,0.562041,0.515924,0.205476,0.228889,-0.003086,-0.027313,0.201033,0.012169,0.272827,0.168828,0.478145,0.256723,0.399582,0.401998,0.266296,0.302483,-0.000831,-0.175526,0.320851,0.292009,0.355839,0.516942,0.514177,0.374663,0.454116,0.432086,0.488473,0.621413,0.373849,0.308022,0.775066,0.650690,0.498914,0.736154,0.551169,0.536926
0.180506,0.175171,0.244397,0.054234,0.262460,0.105877,0.086825,-0.038501,0.281757,0.220929,0.228045,0.140525,0.316623,0.192986,0.254273,0.088577,0.409122,0.702204,0.287406,0.219157,0.311051,0.237076,0.259368,0.201490,0.207148,0.168420,0.167281,0.127287,0.393314,0.449304,-0.105360,-0.340199,-0.009281,-0.146049,0.506948,0.507700,0.782936,0.377807,0.866923,0.000000,0.352055,0.421201,0.759495,0.776546,0.295728,0.434022,0.701555,0.486397,0.286668,0.392819,0.536195,0.357657,0.294718,0.327273,0.506033,0.525367,0.122814,0.228758,0.030200,0.033515,0.151863,0.047640,0.099698,0.110628,0.383946,0.258665,0.371370,0.408640,0.252059,0.252838,-0.077882,-0.255518,0.262941,0.281470,0.220561,0.469614,0.646660,0.498317,0.566030,0.485850,0.492179,0.645495,0.309387,0.344724,0.742494,0.662416,0.460222,0.682772,0.460232,0.534431
0.497476,0.464129,0.451717,0.229566,0.397882,0.159364,0.339948,0.204869,0.448328,0.196626,0.378610,0.375546,0.521985,0.430760,0.583169,0.302400,0.546130,0.596862,0.443843,0.544551,0.564609,0.439106,0.352495,0.369637,0.214070,0.274601,0.461283,0.478436,0.634624,0.451875,0.348648,0.150997,0.477923,0.348478,0.339933,0.248105,0.365008,-0.073697,0.490299,0.352055,0.000000,0.524078,0.224106,0.197202,0.163825,0.227371,0.283196,0.167067,0.156006,0.130611,0.286266,0.162568,0.100324,-0.021070,0.223019,0.123552,0.492231,0.495062,0.124013,0.155194,0.316279,0.131445,0.515999,0.386091,0.305774,0.204815,0.359384,0.316056,0.406225,0.456835,0.153450,0.052536,0.835712,0.731086,0.542429,0.655695,0.418769,0.170013,0.482797,0.399769,0.519596,0.591678,0.562335,0.481672,0.436083,0.373905,0.432603,0.264838,0.368279,0.273413
0.182940,0.347861,0.101977,0.095512,0.105075,0.273193,0.044019,0.024753,0.126016,0.038826,0.255820,0.226236,0.184082,0.294995,0.382241,0.243199,0.541259,0.558659,0.175362,0.205697,0.320051,0.172893,0.059722,0.085670,0.059599,0.254905,0.265971,0.333638,0.393802,0.310722,0.272507,0.146196,0.346125,0.367063,0.244367,0.218782,0.391790,0.018112,0.323705,0.421201,0.524078,0.000000,0.300929,0.259674,0.099415,0.233497,0.265014,0.246689,0.062942,0.095923,0.152876,0.035517,0.092177,0.121724,0.141569,0.196110,0.346607,0.380881,0.073339,0.131522,0.157780,0.167595,0.288382,0.278889,0.180865,0.109336,0.164149,0.174910,0.119303,0.193741,0.113008,0.080020,0.428122,0.426309,0.170105,0.345432,0.206560,0.050309,0.400148,0.359528,0.479832,0.493141,0.492158,0.524284,0.424044,0.419657,0.408949,0.349767,0.156121,0.163117
0.311465,0.180332,0.407468,0.363188,0.454421,0.487687,0.286826,0.168097,0.360713,0.281499,0.350499,0.177749,0.323869,0.251307,0.307818,0.211556,0.485097,0.708269,0.320934,0.265476,0.382840,0.235544,0.330419,0.233587,0.501262,0.373926,0.326519,0.174683,0.294520,0.320629,0.130658,-0.059181,0.209301,0.154038,0.735131,0.725513,0.695179,0.269529,0.548039,0.759495,0.224106,0.300929,0.000000,1.328875,0.880922,0.960811,1.165521,0.780932,0.621534,0.735220,0.862990,0.667653,0.649217,0.626246,0.874642,0.697491,0.386477,0.306279,0.234545,0.097525,0.420468,0.301093,0.210095,0.339498,0.631849,0.514428,0.616269,0.555181,0.288081,0.263737,0.075489,-0.112828,0.327709,0.174228,0.160174,0.392664,0.632757,0.363531,0.535048,0.574646,0.621601,0.753200,0.411357,0.637598,0.853697,0.849120,0.711744,0.685334,0.669354,0.774498
0.092531,-0.002337,0.225893,0.131129,0.344505,0.306031,0.117742,-0.060829,0.235308,0.195027,0.258906,0.125105,0.197197,0.116197,0.188654,0.099377,0.483507,0.703477,0.192700,0.107125,0.321706,0.191430,0.182134,0.092145,0.364710,0.279904,0.174827,0.050083,0.392395,0.410149,0.068722,-0.165895,0.084086,-0.101453,0.548846,0.611237,0.868920,0.406069,0.664963,0.776546,0.197202,0.259674,1.328875,0.000000,0.609556,0.734762,1.043088,0.598437,0.496217,0.668314,0.704731,0.634053,0.537829,0.631103,0.775134,0.641154,0.179937,0.145980,0.168692,0.033230,0.256747,0.247099,0.151123,0.286115,0.478584,0.381681,0.371838,0.330701,0.084597,0.074926,0.105516,-0.157125,0.204106,0.077005,0.135098,0.355396,0.559719,0.448218,0.563802,0.634590,0.542515,0.644062,0.343108,0.523084,0.794014,0.790913,0.519549,0.599755,0.479968,0.580991
0.420871,0.197815,0.483394,0.589730,0.470615,0.573504,0.424561,0.440308,0.476689,0.339871,0.321272,0.150890,0.383845,0.445934,0.332683,0.275206,0.292785,0.371215,0.376620,0.340075,0.298011,0.305101,0.444276,0.483377,0.564950,0.456240,0.365722,0.233747,0.138540,0.091592,0.253235,0.194586,0.372019,0.465218,0.835859,0.881377,0.270985,0.103986,0.273344,0.295728,0.163825,0.099415,0.880922,0.609556,0.000000,1.327735,0.622218,0.545119,0.580501,0.585426,0.644104,0.502826,0.395153,0.283864,0.634806,0.442896,0.497905,0.282907,0.249685,0.083099,0.608443,0.467248,0.189065,0.361622,0.733308,0.871390,0.750344,0.773978,0.409390,0.381429,0.161798,0.153275,0.409722,0.174804,0.234135,0.320052,0.381344,0.077323,0.286005,0.319845,0.462833,0.544250,0.386102,0.565329,0.609073,0.668726,0.539861,0.453660,0.639661,0.675054
0.445766,0.354810,0.426798,0.518712,0.468284,0.564854,0.376807,0.404304,0.468808,0.390610,0.390547,0.309795,0.444075,0.536031,0.384803,0.332227,0.547479,0.580563,0.398191,0.397485,0.465254,0.330218,0.337095,0.396228,0.515322,0.426759,0.328495,0.235983,0.300856,0.206894,0.311808,0.190865,0.480220,0.465644,0.750000,0.813486,0.322552,0.037024,0.350404,0.434022,0.227371,0.233497,0.960811,0.734762,1.327735,0.000000,0.691738,0.626511,0.698736,0.815081,0.814862,0.618203,0.515097,0.373512,0.699533,0.506820,0.611476,0.493395,0.382869,0.297102,0.659860,0.620501,0.347116,0.547595,0.722640,0.932371,0.781334,0.820217,0.403550,0.470089,0.240505,0.129997,0.457943,0.223033,0.170437,0.340598,0.412549,0.131843,0.478861,0.507977,0.669592,0.811392,0.485712,0.697385,0.707865,0.846663,0.695113,0.498533,0.637233,0.713592
0.459349,0.241687,0.525591,0.413386,0.507078,0.422778,0.355241,0.230824,0.456237,0.253247,0.309556,0.206997,0.278841,0.248822,0.454085,0.356232,0.346576,0.572011,0.545129,0.489768,0.335558,0.247283,0.384394,0.306008,0.398442,0.354549,0.301002,0.227714,0.295699,0.431196,0.038024,-0.155212,0.196331,0.168268,0.509969,0.553954,0.568953,0.426772,0.627880,0.701555,0.283196,0.265014,1.165521,1.043088,0.622218,0.691738,0.000000,1.031164,0.622088,0.717692,0.826120,0.622543,0.765451,0.707810,1.055599,0.927086,0.422365,0.385312,0.208642,0.137239,0.326972,0.225841,0.364788,0.426452,0.528193,0.447122,0.607830,0.582685,0.496127,0.440458,-0.078253,-0.224193,0.398467,0.257577,0.349983,0.514466,0.618011,0.494119,0.464303,0.409732,0.611948,0.722429,0.443291,0.504397,0.872694,0.882426,0.577551,0.653497,0.694795,0.797012
0.614524,0.440531,0.603452,0.655609,0.435121,0.555632,0.514545,0.419248,0.346505,0.065362,0.221651,0.271843,0.230347,0.286149,0.439288,0.507136,0.127468,0.238162,0.769490,0.701217,0.236435,0.168843,0.478353,0.453202,0.422488,0.564195,0.345111,0.356898,0.072677,0.244534,-0.022116,-0.090517,0.159661,0.345449,0.330273,0.343315,0.229299,0.384736,0.398994,0.486397,0.167067,0.246689,0.780932,0.598437,0.545119,0.626511,1.031164,0.000000,0.606210,0.659515,0.704888,0.546513,0.817934,0.740846,0.785274,1.145524,0.457736,0.434621,0.187927,0.188435,0.230195,0.162906,0.307834,0.343871,0.383263,0.420324,0.652017,0.705724,0.710026,0.627435,-0.187083,-0.143233,0.425042,0.333860,0.422078,0.512463,0.474283,0.370826,0.144496,0.087895,0.389596,0.540175,0.320704,0.352765,0.577818,0.698402,0.420460,0.428899,0.634682,0.799238
0.655107,0.413515,0.381308,0.474068,0.505164,0.606184,0.453963,0.382963,0.362185,0.179282,0.504032,0.782278,0.533058,0.517915,0.564592,0.746120,0.332841,0.297553,0.432396,0.387819,0.543144,0.366237,0.182783,0.181983,0.400577,0.370104,0.442887,0.367103,0.233992,0.191093,0.300989,0.159332,0.356960,0.309061,0.270224,0.178788,0.176145,-0.053546,0.186970,0.286668,0.156006,0.062942,0.621534,0.496217,0.580501,0.698736,0.622088,0.606210,0.000000,1.258593,1.046171,1.056949,0.961385,0.735914,0.600554,0.605413,0.437471,0.486785,0.719810,0.687791,0.672235,0.601915,0.390653,0.660118,0.426633,0.518150,0.466568,0.392567,0.401985,0.337734,0.376674,0.232833,0.478977,0.340215,0.253691,0.338137,0.301300,0.129695,0.183838,0.166822,0.398251,0.428143,0.390631,0.551010,0.405725,0.445113,0.471373,0.219622,0.514242,0.691606
