0.000000,1.143791,0.919384,0.630280,0.268400,0.236326,0.800954,0.535058,0.236366,0.137406,0.459445,0.639766,0.372268,0.448576,0.319602,0.358528,0.238699,0.381425,0.923845,0.701839,0.502256,0.255510,0.672428,0.543979,0.304693,0.323467,0.235353,0.210841,0.111538,0.061767,0.392680,0.305423,0.578692,0.402378,0.598617,0.621419,0.100396,0.067122,0.394176,-0.073881,0.163831,0.145465,0.376597,0.473280,-0.052071,0.169413,0.538912,0.284895,0.097697,0.199738,0.187543,-0.022205,0.277296,0.218615,0.466065,0.417252,1.005414,0.871184,0.347124,0.416522,0.435069,0.588462,-0.021158,0.446556,0.040792,0.313271,0.501759,0.509517,0.770459,0.821166,0.491367,0.373284,0.232651,0.502628,0.301667,0.501709,0.519822,0.478294,-0.119585,-0.381269,-0.204278,0.172570,-0.127204,-0.324289,0.619582,-0.101082,0.143068,0.294814,0.545973,0.617553
1.143791,0.000000,0.912978,0.750012,0.431997,0.180468,0.595146,0.623197,0.207011,0.103779,0.136938,0.630974,0.105180,0.373700,0.293786,0.303004,0.245328,0.481446,0.905679,0.768827,0.602635,0.387744,0.596501,0.687132,0.271082,0.367439,0.389645,0.317866,0.006335,0.231461,0.271874,0.347658,0.582527,0.542367,0.555294,0.701058,0.105090,0.104320,0.443221,0.046467,0.084343,0.320101,0.575417,0.688476,-0.042475,0.154342,0.777917,0.366884,0.081436,0.138747,0.154276,-0.070857,0.302781,0.223674,0.502223,0.431113,0.901160,1.246326,0.348394,0.462731,0.288026,0.616825,-0.115030,0.458223,-0.156664,0.208921,0.519879,0.487844,0.985784,0.939964,0.334533,0.317707,0.255488,0.591070,0.282672,0.566023,0.518909,0.578143,-0.057647,-0.482031,-0.171379,0.173171,-0.029396,-0.262959,0.430600,-0.133127,0.124588,0.136339,0.464027,0.500232
0.919384,0.912978,0.000000,1.099883,0.602393,0.319593,1.022013,0.794838,0.361938,0.255066,0.123750,0.522509,0.078862,0.358379,0.427168,0.353750,0.029579,0.297070,0.780836,0.439588,0.608291,0.448076,1.168335,0.877074,0.646266,0.606866,0.531782,0.387836,-0.144031,0.116066,0.417204,0.401201,0.634533,0.409037,0.777905,0.654094,0.208068,0.069873,0.534486,0.098280,0.085633,0.277368,0.619867,0.626519,0.122225,0.194965,0.766945,0.409347,0.169262,0.188797,0.404064,0.027195,0.399489,0.322032,0.613641,0.417958,0.640783,0.790045,0.331099,0.408779,0.328165,0.422718,-0.109240,0.304712,0.192784,0.433496,0.691933,0.525590,0.753561,0.765056,0.412963,0.443691,0.007977,0.302506,0.168719,0.378950,0.397008,0.419230,-0.171715,-0.271419,-0.140780,0.168628,-0.019518,-0.132555,0.714746,0.055714,0.148930,0.190064,0.677358,0.564713
0.630280,0.750012,1.099883,0.000000,0.604142,0.450085,0.747899,1.209215,0.410610,0.435462,0.079130,0.371357,0.036113,0.166117,0.439814,0.346507,0.260048,0.311684,0.487117,0.410825,0.476727,0.426654,0.911821,1.214593,0.594320,0.641847,0.417098,0.405760,-0.026664,0.201511,0.319562,0.466486,0.571437,0.505510,0.630762,0.540931,0.091344,0.109684,0.516241,0.137904,0.090174,0.252655,0.628880,0.663732,0.222842,0.331989,0.692285,0.546702,0.232167,0.245105,0.448612,0.140433,0.604311,0.516903,0.658523,0.458406,0.667917,0.692038,0.468291,0.531091,0.405412,0.475771,0.093782,0.423684,0.126629,0.482848,0.751720,0.724469,0.663904,0.667792,0.324513,0.405163,0.130770,0.249999,0.192869,0.283098,0.404035,0.419379,-0.046741,-0.265766,0.064079,0.182620,0.208126,-0.025737,0.497420,0.172399,0.324941,0.136136,0.704570,0.646550
0.268400,0.431997,0.602393,0.604142,0.000000,0.857953,0.403349,0.598335,0.878480,0.744413,-0.082547,0.489845,-0.006787,0.310083,0.733387,0.624070,0.155928,0.438450,0.301107,0.132138,0.863021,1.145542,0.527016,0.578603,0.913167,1.128293,1.183239,1.043802,-0.156930,0.129956,0.059559,-0.005898,0.358387,0.275846,0.491813,0.338515,0.334987,0.220446,0.450415,0.058309,0.278565,0.134989,0.869497,0.698145,0.517197,0.454794,0.844190,0.614486,0.588285,0.477782,0.632063,0.418285,0.523773,0.550055,0.707010,0.532801,0.343028,0.445813,0.544586,0.617165,0.348379,0.269931,0.081947,0.258439,0.141304,0.325853,0.700185,0.569961,0.442138,0.492071,0.407344,0.360856,-0.180586,0.020055,0.032372,0.036642,0.367435,0.247916,0.032359,-0.089859,0.107161,0.211358,0.411365,0.186855,0.376947,0.237364,0.198421,0.111282,0.489138,0.387020
0.236326,0.180468,0.319593,0.450085,0.857953,0.000000,0.375320,0.545438,1.001443,1.054249,0.173048,0.313763,0.214008,0.269467,0.781857,0.798965,0.293304,0.260655,0.166611,0.112815,0.446522,0.712598,0.508396,0.404676,0.895957,0.993515,0.732347,0.841789,0.077673,0.042920,0.144685,-0.020903,0.263269,0.195368,0.507732,0.232500,0.269520,0.291616,0.234860,0.042278,0.201180,0.003292,0.674429,0.568992,0.721098,0.615086,0.463580,0.580891,0.732427,0.590261,0.659459,0.556483,0.574716,0.635481,0.547675,0.479481,0.288149,0.204747,0.564023,0.622881,0.421885,0.200552,0.205672,0.182500,0.274070,0.348440,0.617675,0.586305,0.269909,0.331610,0.458017,0.369454,-0.173431,-0.121338,-0.120980,-0.128766,0.286116,0.230552,0.154359,0.056363,0.297367,0.213779,0.497771,0.236342,0.464374,0.408904,0.441379,0.250626,0.619259,0.548093
0.800954,0.595146,1.022013,0.747899,0.403349,0.375320,0.000000,0.955070,0.424277,0.471965,0.234257,0.711069,0.265614,0.492168,0.355097,0.484362,0.215874,0.468392,0.489726,0.411213,0.373389,0.359666,0.846327,0.626144,0.591071,0.514784,0.341524,0.270944,0.049043,0.155609,0.560270,0.478945,0.827411,0.611302,0.648564,0.514841,0.223671,0.063287,0.440214,0.022246,0.207112,0.105130,0.565426,0.635865,0.281092,0.472011,0.611792,0.558392,0.308701,0.459920,0.534667,0.314948,0.616249,0.455883,0.663871,0.511714,0.650932,0.632789,0.525952,0.570927,0.793410,0.681230,0.232158,0.568571,0.521713,0.674118,0.746086,0.633987,0.542054,0.634965,0.499767,0.594510,0.021374,0.188364,0.105815,0.280283,0.447955,0.448189,0.025540,-0.024840,0.086652,0.378873,0.072080,-0.093351,0.767758,0.328423,0.084330,0.103478,0.500069,0.572949
0.535058,0.623197,0.794838,1.209215,0.598335,0.545438,0.955070,0.000000,0.474742,0.651947,0.101516,0.543040,0.140862,0.281965,0.501430,0.498807,0.404411,0.482650,0.294809,0.348409,0.414816,0.486569,0.704343,0.938128,0.586966,0.645588,0.415233,0.454573,-0.004189,0.265939,0.300794,0.442405,0.670733,0.684366,0.629124,0.427212,0.204198,0.220002,0.403703,0.091115,0.150047,0.270795,0.769162,0.791490,0.371257,0.508017,0.729062,0.752792,0.370386,0.430015,0.584940,0.334544,0.778598,0.649118,0.663033,0.510050,0.684525,0.701354,0.627303,0.733186,0.695118,0.695879,0.243890,0.623298,0.271633,0.631019,0.789347,0.820069,0.508320,0.586827,0.258169,0.427968,0.099507,0.168948,0.134507,0.225983,0.431111,0.441088,0.112518,-0.145080,0.217560,0.334308,0.363957,0.071304,0.511994,0.379668,0.282514,0.028050,0.592422,0.656973
0.236366,0.207011,0.361938,0.410610,0.878480,1.001443,0.424277,0.474742,0.000000,0.910705,0.155737,0.376369,0.262841,0.241901,0.802898,0.757070,0.199856,0.390175,0.227520,0.170030,0.475214,0.655939,0.615553,0.427308,0.957515,0.941136,0.742829,0.629805,0.106238,0.114570,0.363888,0.203305,0.426013,0.295208,0.471215,0.339725,0.320526,0.269811,0.482333,0.199872,0.341799,0.096131,0.671345,0.521872,0.620770,0.625736,0.534443,0.590273,0.666305,0.723892,0.733346,0.647712,0.630533,0.599442,0.792753,0.624289,0.244848,0.235724,0.589294,0.676634,0.512589,0.296865,0.169681,0.261845,0.452349,0.568221,0.674493,0.585936,0.238250,0.334174,0.522404,0.445373,-0.042460,0.041396,0.030034,-0.001510,0.372052,0.306026,0.145209,0.088683,0.188359,0.212860,0.404318,0.194752,0.557985,0.404773,0.393959,0.135456,0.658628,0.460335
0.137406,0.103779,0.255066,0.435462,0.744413,1.054249,0.471965,0.651947,0.910705,0.000000,0.140522,0.398908,0.230680,0.222913,0.695362,0.766210,0.331371,0.309908,0.079831,0.075244,0.272407,0.575425,0.438864,0.465523,0.724267,0.879513,0.464150,0.661973,0.044062,0.079945,0.230013,0.150950,0.385520,0.390933,0.466863,0.175079,0.292582,0.236830,0.264675,0.079280,0.385822,0.069355,0.656727,0.545835,0.772392,0.819110,0.432662,0.750869,0.765694,0.853523,0.782061,0.773373,0.802585,0.837955,0.668895,0.634810,0.268874,0.149171,0.751869,0.839491,0.698799,0.350922,0.422272,0.291365,0.557019,0.603639,0.738292,0.711614,0.224067,0.297792,0.367742,0.375293,-0.137796,-0.158506,-0.062741,-0.087322,0.294212,0.238225,0.206912,0.118069,0.393369,0.279559,0.578638,0.253950,0.505871,0.650433,0.358495,0.059858,0.469096,0.595670
0.459445,0.136938,0.123750,0.079130,-0.082547,0.173048,0.234257,0.101516,0.155737,0.140522,0.000000,0.197755,1.086395,0.227300,0.507347,0.417288,0.357068,0.098869,0.209592,0.104785,-0.038768,-0.082220,0.230025,0.131075,-0.004330,0.066647,-0.107856,0.068255,0.372671,-0.059162,0.339005,0.149514,0.138072,0.077014,0.196078,0.135439,0.042032,-0.045739,0.135300,-0.083730,0.180395,-0.160051,-0.056136,-0.049152,-0.005162,0.101780,-0.101188,0.015253,0.024853,0.163199,0.061946,0.114662,0.140482,0.146142,0.126887,0.093552,0.327317,0.092314,0.074958,0.132684,0.199674,0.100106,0.170592,0.125093,0.169242,0.154750,0.127753,0.195398,0.016224,0.109191,0.308478,0.125257,0.335398,0.148159,0.143219,0.144155,0.123437,0.125214,-0.130137,0.025331,-0.048974,0.090415,0.148739,0.043111,0.544086,0.100417,0.499289,0.477473,0.348273,0.333883
0.639766,0.630974,0.522509,0.371357,0.489845,0.313763,0.711069,0.543040,0.376369,0.398908,0.197755,0.000000,0.364001,1.102544,0.374508,0.726966,0.187849,0.665251,0.348825,0.265210,0.542296,0.482257,0.389542,0.373486,0.411542,0.443430,0.444312,0.365407,-0.009864,0.189268,0.287557,0.169494,0.454647,0.389845,0.384768,0.349930,0.259467,0.099400,0.361286,-0.002755,0.242117,0.083090,0.500239,0.514847,0.146545,0.298191,0.582908,0.373749,0.314437,0.463037,0.426588,0.303939,0.411691,0.336664,0.538979,0.497389,0.477120,0.508432,0.401166,0.587619,0.573805,0.676745,0.112071,0.514652,0.169045,0.405772,0.398074,0.401379,0.289421,0.389762,0.363036,0.361721,-0.056720,0.187181,0.043681,0.220005,0.396230,0.374049,-0.012819,-0.186021,-0.076311,0.307875,0.030170,-0.112845,0.504502,0.192217,-0.037804,0.045016,0.247490,0.498409
0.372268,0.105180,0.078862,0.036113,-0.006787,0.214008,0.265614,0.140862,0.262841,0.230680,1.086395,0.364001,0.000000,0.416717,0.595465,0.546453,0.368159,0.223162,0.088416,0.034623,0.022288,-0.007439,0.140818,0.071087,0.016519,0.114936,-0.009900,0.109939,0.318182,-0.091266,0.293090,0.074594,0.080783,0.065441,0.104982,-0.021063,0.051733,0.000568,0.124341,-0.046620,0.251530,-0.190081,0.054358,0.001268,0.074844,0.154416,0.009623,0.034912,0.157360,0.238785,0.145357,0.195500,0.159417,0.148168,0.159559,0.127574,0.231325,0.041563,0.134118,0.162626,0.284393,0.114447,0.230777,0.188899,0.155561,0.177851,0.122007,0.169809,-0.029477,0.013287,0.330582,0.136262,0.232350,0.094382,0.074839,0.072316,0.071133,0.067357,-0.060945,0.095406,-0.021772,0.156559,0.081470,0.008810,0.477538,0.127432,0.298661,0.315879,0.312551,0.324433
0.448576,0.373700,0.358379,0.166117,0.310083,0.269467,0.492168,0.281965,0.241901,0.222913,0.227300,1.102544,0.416717,0.000000,0.355589,0.704927,0.100403,0.553537,0.164886,0.104792,0.414657,0.385292,0.243228,0.150163,0.322646,0.271637,0.414132,0.284916,-0.000655,0.132946,0.189643,-0.005141,0.208476,0.144227,0.238556,0.150375,0.227929,0.060866,0.152740,0.014406,0.124603,-0.017895,0.303028,0.264466,0.104864,0.110360,0.381142,0.155912,0.227851,0.261752,0.296389,0.193805,0.254842,0.148976,0.298704,0.214901,0.308757,0.305991,0.189363,0.284209,0.304133,0.293725,0.074052,0.292851,0.087335,0.224271,0.138642,0.117860,0.114606,0.168794,0.282376,0.297993,-0.128150,0.103996,0.033370,0.166534,0.251016,0.218264,0.039089,0.002907,-0.021447,0.287086,0.005080,-0.068865,0.373714,0.102596,-0.088471,0.096222,0.181364,0.216088
0.319602,0.293786,0.427168,0.439814,0.733387,0.781857,0.355097,0.501430,0.802898,0.695362,0.507347,0.374508,0.595465,0.355589,0.000000,1.029792,0.369419,0.418722,0.210479,0.103707,0.449077,0.638842,0.560645,0.495649,0.657970,0.860639,0.705848,0.852427,0.130029,0.117252,0.315786,0.143613,0.330618,0.315870,0.522883,0.291244,0.239242,0.255044,0.377244,0.105565,0.305133,0.113614,0.598644,0.429206,0.453999,0.425047,0.429330,0.513350,0.462994,0.452095,0.603249,0.475504,0.582580,0.531342,0.599694,0.422440,0.371191,0.353066,0.496647,0.621417,0.402033,0.200731,0.180848,0.225659,0.333686,0.495717,0.607227,0.539956,0.240971,0.312918,0.416217,0.323887,0.128860,0.119282,0.156886,0.145372,0.359836,0.292335,0.098732,0.060399,0.223339,0.257410,0.614432,0.267906,0.703565,0.384192,0.607054,0.332194,0.745603,0.487844
0.358528,0.303004,0.353750,0.346507,0.624070,0.798965,0.484362,0.498807,0.757070,0.766210,0.417288,0.726966,0.546453,0.704927,1.029792,0.000000,0.307285,0.482113,0.180122,0.158520,0.429555,0.565883,0.475251,0.432173,0.563953,0.668345,0.592590,0.669032,0.159257,0.151297,0.301505,0.156539,0.351735,0.360485,0.504287,0.314257,0.264165,0.235605,0.384696,0.125348,0.372816,0.066948,0.512269,0.389407,0.417013,0.432508,0.413038,0.476259,0.459079,0.549453,0.567757,0.547553,0.614332,0.529339,0.632504,0.558428,0.361424,0.300313,0.492691,0.679193,0.542111,0.416663,0.225713,0.320511,0.421808,0.546825,0.488286,0.450935,0.188588,0.278115,0.472405,0.413130,0.062218,0.139567,0.104564,0.176262,0.375010,0.321476,0.070573,0.080626,0.195701,0.243567,0.496982,0.177269,0.776093,0.420140,0.431748,0.310618,0.617971,0.515143
0.238699,0.245328,0.029579,0.260048,0.155928,0.293304,0.215874,0.404411,0.199856,0.331371,0.357068,0.187849,0.368159,0.100403,0.369419,0.307285,0.000000,0.722074,0.044865,0.321277,0.089162,0.153039,0.070597,0.289988,0.128388,0.235647,0.011252,0.181173,0.628699,0.371313,0.179123,0.202803,0.447613,0.562122,0.214553,0.192572,0.051944,0.192016,0.171426,0.005952,0.339235,0.177104,0.314239,0.356954,0.320829,0.519844,0.209114,0.515469,0.329633,0.452409,0.253123,0.455959,0.487302,0.478893,0.310629,0.339377,0.742160,0.487350,0.509997,0.453568,0.504680,0.321903,0.862420,0.654673,0.105826,0.220380,0.404277,0.508190,0.305423,0.383322,0.288775,0.142565,0.486191,0.220487,0.296274,0.158593,0.483524,0.417983,0.528131,0.277894,0.648224,0.746906,0.602139,0.180932,0.217634,0.425146,0.224036,0.044818,0.124775,0.287572
0.381425,0.481446,0.297070,0.311684,0.438450,0.260655,0.468392,0.482650,0.390175,0.309908,0.098869,0.665251,0.223162,0.553537,0.418722,0.482113,0.722074,0.000000,0.201394,0.456924,0.384194,0.397742,0.279240,0.307360,0.421546,0.379519,0.430150,0.325174,0.395491,0.646922,0.280939,0.231104,0.653799,0.662466,0.391121,0.356841,0.265657,0.190870,0.317157,0.084879,0.280126,0.239012,0.626385,0.573933,0.357397,0.547220,0.641269,0.629230,0.469959,0.558091,0.459910,0.509460,0.626630,0.467242,0.535136,0.398524,0.728854,0.813913,0.564517,0.555292,0.601656,0.504743,0.590074,0.882850,0.231952,0.455677,0.495025,0.494668,0.433630,0.525013,0.369817,0.335009,0.310308,0.408225,0.281733,0.321212,0.655607,0.540172,0.570236,0.266106,0.431491,0.891906,0.448761,0.108679,0.273890,0.346192,-0.054057,-0.166642,0.127847,0.184489
0.923845,0.905679,0.780836,0.487117,0.301107,0.166611,0.489726,0.294809,0.227520,0.079831,0.209592,0.348825,0.088416,0.164886,0.210479,0.180122,0.044865,0.201394,0.000000,1.036640,0.403842,0.214505,0.729470,0.477813,0.249278,0.301367,0.206300,0.164948,0.134374,0.195207,0.362153,0.361439,0.662450,0.459577,0.588875,0.670070,0.167945,0.101782,0.482116,0.091954,0.182757,0.276568,0.455758,0.563211,-0.005247,0.146642,0.592915,0.310063,0.054824,0.086510,0.151728,-0.085557,0.184674,0.175820,0.454498,0.407045,0.616283,0.722338,0.321326,0.322408,0.213038,0.318718,-0.142013,0.188863,0.007058,0.149113,0.552576,0.403979,0.851233,0.982898,0.415064,0.269512,0.241478,0.581100,0.234992,0.491880,0.568469,0.568720,-0.060459,-0.371954,-0.172256,0.087593,-0.069060,-0.154895,0.587126,-0.074775,0.248096,0.291026,0.452845,0.448772
0.701839,0.768827,0.439588,0.410825,0.132138,0.112815,0.411213,0.348409,0.170030,0.075244,0.104785,0.265210,0.034623,0.104792,0.103707,0.158520,0.321277,0.456924,1.036640,0.000000,0.219864,0.097058,0.517472,0.370606,0.162883,0.156386,0.065791,0.031289,0.331493,0.459239,0.391816,0.466820,0.850741,0.749661,0.464731,0.548660,0.153775,0.187911,0.369509,0.157798,0.219646,0.384269,0.464078,0.534553,0.054606,0.287756,0.527143,0.482903,0.104618,0.181263,0.164207,0.048900,0.342274,0.286998,0.437439,0.403197,0.799173,0.883794,0.462317,0.403801,0.382811,0.456587,0.146838,0.455188,0.042713,0.225941,0.521215,0.422000,0.857237,1.034757,0.322796,0.226745,0.459095,0.769386,0.364925,0.542625,0.750317,0.764242,0.265106,-0.220802,0.146388,0.337451,0.111465,-0.054169,0.415593,0.107915,0.213001,0.102992,0.308427,0.369079
0.502256,0.602635,0.608291,0.476727,0.863021,0.446522,0.373389,0.414816,0.475214,0.272407,-0.038768,0.542296,0.022288,0.414657,0.449077,0.429555,0.089162,0.384194,0.403842,0.219864,0.000000,1.062033,0.395707,0.420850,0.570199,0.679338,0.936036,0.793204,-0.136887,-0.041628,0.016163,0.011352,0.294652,0.207948,0.488817,0.525219,0.060815,0.054907,0.373406,-0.154094,0.171120,-0.020410,0.437952,0.388984,-0.029895,0.009286,0.567366,0.157599,0.142598,0.085278,0.177574,0.010694,0.127222,0.056641,0.326869,0.279257,0.444620,0.555114,0.216179,0.303833,0.204540,0.461202,-0.143272,0.312618,-0.092610,0.266714,0.330389,0.400383,0.321090,0.395634,0.327146,0.255491,-0.127714,0.220347,0.035556,0.225359,0.246589,0.202308,-0.162705,-0.442541,-0.302843,0.021554,-0.015804,-0.230704,0.247241,-0.183679,0.015459,0.195075,0.349005,0.190231
0.255510,0.387744,0.448076,0.426654,1.145542,0.712598,0.359666,0.486569,0.655939,0.575425,-0.082220,0.482257,-0.007439,0.385292,0.638842,0.565883,0.153039,0.397742,0.214505,0.097058,1.062033,0.000000,0.363906,0.408824,0.721944,0.972303,1.195574,1.208725,-0.132790,0.075687,0.048541,-0.006854,0.291757,0.255518,0.423929,0.302343,0.245483,0.279701,0.342715,0.016966,0.270553,0.085556,0.664053,0.582775,0.384096,0.312179,0.623121,0.432082,0.457591,0.350171,0.478663,0.336207,0.378199,0.333789,0.493035,0.428245,0.284000,0.383714,0.427880,0.495021,0.302713,0.305451,0.042091,0.248008,0.080540,0.293480,0.500852,0.472949,0.332255,0.381302,0.392631,0.392312,-0.236459,0.028021,0.066592,0.019136,0.321584,0.243562,0.055894,-0.116930,0.078146,0.204279,0.299922,0.112113,0.310485,0.194227,0.148425,0.168598,0.386503,0.321272
0.672428,0.596501,1.168335,0.911821,0.527016,0.508396,0.846327,0.704343,0.615553,0.438864,0.230025,0.389542,0.140818,0.243228,0.560645,0.475251,0.070597,0.279240,0.729470,0.517472,0.395707,0.363906,0.000000,1.009992,0.858751,0.679100,0.425723,0.324284,0.059764,0.261147,0.755975,0.659227,0.792539,0.540088,0.823508,0.679202,0.345700,0.229072,0.609951,0.312878,0.187154,0.385777,0.666301,0.649180,0.302961,0.382105,0.627896,0.574761,0.290725,0.354259,0.562845,0.214705,0.565548,0.459026,0.738399,0.509628,0.520163,0.595873,0.428447,0.509678,0.410409,0.365210,-0.003996,0.239431,0.431436,0.611288,0.793412,0.560266,0.571759,0.734181,0.480909,0.540735,0.137233,0.344382,0.195949,0.339890,0.603446,0.639783,0.016169,-0.152515,0.058500,0.275440,0.196443,0.094422,0.960120,0.328582,0.425158,0.276921,0.776761,0.620049
0.543979,0.687132,0.877074,1.214593,0.578603,0.404676,0.626144,0.938128,0.427308,0.465523,0.131075,0.373486,0.071087,0.150163,0.495649,0.432173,0.289988,0.307360,0.477813,0.370606,0.420850,0.408824,1.009992,0.000000,0.552996,0.635148,0.314601,0.359349,-0.009018,0.251810,0.454549,0.668291,0.702911,0.713063,0.690004,0.634217,0.147748,0.208468,0.571802,0.226715,0.224133,0.371459,0.574381,0.613138,0.167175,0.305355,0.557401,0.603743,0.116313,0.239286,0.377340,0.133773,0.576515,0.462035,0.661969,0.521070,0.591212,0.618315,0.420835,0.530979,0.433123,0.512265,0.090067,0.385799,0.222826,0.534205,0.713106,0.669060,0.537734,0.658501,0.259707,0.331946,0.257919,0.324416,0.321891,0.391690,0.569632,0.543194,-0.017488,-0.275889,0.119854,0.242824,0.332740,0.071928,0.606458,0.301404,0.458837,0.248794,0.622091,0.586595
0.304693,0.271082,0.646266,0.594320,0.913167,0.895957,0.591071,0.586966,0.957515,0.724267,-0.004330,0.411542,0.016519,0.322646,0.657970,0.563953,0.128388,0.421546,0.249278,0.162883,0.570199,0.721944,0.858751,0.552996,0.000000,1.236706,0.877366,0.629826,0.041078,0.222534,0.457494,0.213805,0.544963,0.319323,0.645969,0.459226,0.460244,0.186814,0.426254,0.179064,0.169394,0.148599,0.776733,0.659007,0.676503,0.603761,0.656934,0.631234,0.695383,0.595873,0.901547,0.531792,0.607096,0.553341,0.704419,0.481538,0.337662,0.384447,0.532571,0.579612,0.471340,0.270545,0.160556,0.246831,0.468308,0.626942,0.742722,0.600476,0.325050,0.453770,0.548947,0.483075,-0.164284,-0.009627,-0.050268,-0.022691,0.448973,0.407232,0.252022,0.048738,0.254427,0.375704,0.392314,0.242053,0.575380,0.430850,0.273091,0.121978,0.591187,0.406415
0.323467,0.367439,0.606866,0.641847,1.128293,0.993515,0.514784,0.645588,0.941136,0.879513,0.066647,0.443430,0.114936,0.271637,0.860639,0.668345,0.235647,0.379519,0.301367,0.156386,0.679338,0.972303,0.679100,0.635148,1.236706,0.000000,0.957709,1.030586,0.048460,0.182127,0.325932,0.182435,0.513071,0.394350,0.641308,0.442685,0.400554,0.281616,0.481066,0.132443,0.282192,0.187050,0.707620,0.643342,0.551797,0.542694,0.604076,0.596122,0.598427,0.540488,0.803603,0.515307,0.596486,0.602771,0.748730,0.542787,0.372673,0.397209,0.570526,0.653603,0.483931,0.295806,0.163414,0.232460,0.369619,0.563006,0.781742,0.662823,0.387800,0.475413,0.517908,0.426127,-0.086944,0.009755,0.035591,0.042085,0.435883,0.386082,0.156168,-0.002765,0.232320,0.305659,0.465098,0.242460,0.577123,0.407381,0.388309,0.295005,0.636158,0.530731
0.235353,0.389645,0.531782,0.417098,1.183239,0.732347,0.341524,0.415233,0.742829,0.464150,-0.107856,0.444312,-0.009900,0.414132,0.705848,0.592590,0.011252,0.430150,0.206300,0.065791,0.936036,1.195574,0.425723,0.314601,0.877366,0.957709,0.000000,1.238013,-0.175597,0.089163,0.047240,-0.106608,0.216753,0.101594,0.440942,0.298223,0.282243,0.225353,0.290783,0.063224,0.084392,0.061547,0.705271,0.518081,0.401695,0.284118,0.684690,0.398347,0.452890,0.323091,0.526523,0.330357,0.388957,0.332500,0.497641,0.354527,0.243371,0.418626,0.339860,0.434599,0.206074,0.175634,-0.064524,0.177535,0.087583,0.280652,0.443727,0.352803,0.336457,0.320274,0.383751,0.300072,-0.276980,-0.010544,-0.066512,0.023802,0.217756,0.176444,0.082527,-0.040092,0.042187,0.188440,0.272343,0.167323,0.296971,0.139730,0.084411,0.112631,0.448577,0.248877
0.210841,0.317866,0.387836,0.405760,1.043802,0.841789,0.270944,0.454573,0.629805,0.661973,0.068255,0.365407,0.109939,0.284916,0.852427,0.669032,0.181173,0.325174,0.164948,0.031289,0.793204,1.208725,0.324284,0.359349,0.629826,1.030586,1.238013,0.000000,-0.109020,0.041700,-0.058396,-0.132611,0.206604,0.188655,0.432690,0.254028,0.211159,0.334387,0.248584,0.008053,0.196761,0.093614,0.586238,0.482185,0.398389,0.327009,0.501068,0.444383,0.456956,0.350928,0.514415,0.389993,0.435961,0.429722,0.475506,0.421236,0.278646,0.338815,0.430234,0.523553,0.289851,0.219247,0.044474,0.189303,0.125964,0.292369,0.473492,0.433978,0.325474,0.306551,0.287339,0.202752,-0.181290,-0.029474,0.013282,0.019445,0.231059,0.169790,0.049422,-0.072258,0.129632,0.161486,0.388130,0.205773,0.346399,0.250978,0.230500,0.285117,0.471787,0.383873
0.111538,0.006335,-0.144031,-0.026664,-0.156930,0.077673,0.049043,-0.004189,0.106238,0.044062,0.372671,-0.009864,0.318182,-0.000655,0.130029,0.159257,0.628699,0.395491,0.134374,0.331493,-0.136887,-0.132790,0.059764,-0.009018,0.041078,0.048460,-0.175597,-0.109020,0.000000,0.661717,0.340005,0.298617,0.328646,0.371893,0.076122,0.227230,0.102512,0.080291,0.219363,0.126407,0.265267,0.106380,0.021071,0.135241,0.181277,0.294242,-0.024138,0.120190,0.196908,0.226149,0.085484,0.275914,0.166697,0.165183,0.101417,0.065960,0.302112,0.155323,0.147182,0.039328,0.191339,0.050758,0.671444,0.297476,0.193131,0.128794,0.123825,0.161669,0.092263,0.153564,0.267601,0.130276,0.729436,0.437580,0.394977,0.274715,0.399042,0.428462,0.510574,0.429201,0.452884,0.487410,0.313407,0.217657,0.161758,0.218048,0.232341,0.192961,-0.033173,-0.023875
0.061767,0.231461,0.116066,0.201511,0.129956,0.042920,0.155609,0.265939,0.114570,0.079945,-0.059162,0.189268,-0.091266,0.132946,0.117252,0.151297,0.371313,0.646922,0.195207,0.459239,-0.041628,0.075687,0.261147,0.251810,0.222534,0.182127,0.089163,0.041700,0.661717,0.000000,0.340523,0.409276,0.566652,0.622852,0.160602,0.238531,0.428742,0.366334,0.312131,0.472774,0.124731,0.568602,0.433143,0.453112,0.301693,0.390119,0.364667,0.436634,0.316277,0.346638,0.370243,0.341946,0.457857,0.427869,0.386284,0.256281,0.353026,0.438362,0.312736,0.238462,0.248759,0.149946,0.493196,0.405350,0.159604,0.197175,0.279373,0.132156,0.313565,0.338496,0.113055,0.127110,0.513848,0.556495,0.444509,0.375254,0.621585,0.635232,0.619165,0.349799,0.616668,0.698140,0.527005,0.523179,0.160110,0.403487,0.192903,-0.024485,0.044912,0.055445
0.392680,0.271874,0.417204,0.319562,0.059559,0.144685,0.560270,0.300794,0.363888,0.230013,0.339005,0.287557,0.293090,0.189643,0.315786,0.301505,0.179123,0.280939,0.362153,0.391816,0.016163,0.048541,0.755975,0.454549,0.457494,0.325932,0.047240,-0.058396,0.340005,0.340523,0.000000,1.117053,0.741234,0.563430,0.401911,0.420509,0.232834,0.049866,0.407535,0.231477,0.258964,0.208957,0.320932,0.358462,0.180499,0.328938,0.174182,0.366815,0.123834,0.308354,0.323305,0.233358,0.389245,0.261188,0.410822,0.280394,0.303454,0.331041,0.236918,0.322764,0.393640,0.280205,0.180047,0.263006,0.446498,0.596359,0.453240,0.351469,0.221073,0.363910,0.459847,0.526372,0.284475,0.312664,0.246861,0.240962,0.458492,0.490337,0.136519,0.079362,0.168837,0.377584,0.194098,0.124848,0.627358,0.376691,0.344531,0.158725,0.315804,0.332923
0.305423,0.347658,0.401201,0.466486,-0.005898,-0.020903,0.478945,0.442405,0.203305,0.150950,0.149514,0.169494,0.074594,-0.005141,0.143613,0.156539,0.202803,0.231104,0.361439,0.466820,0.011352,-0.006854,0.659227,0.668291,0.213805,0.182435,-0.106608,-0.132611,0.298617,0.409276,1.117053,0.000000,0.803588,0.835506,0.376154,0.507071,0.002459,0.026469,0.443538,0.218037,0.285768,0.358171,0.234320,0.326624,-0.024482,0.175369,0.140000,0.323914,-0.102348,0.107173,0.100738,0.045960,0.327525,0.178264,0.326815,0.242159,0.350673,0.399513,0.201848,0.286296,0.349777,0.467965,0.153312,0.360114,0.366415,0.591978,0.422761,0.407779,0.257145,0.400569,0.167119,0.349546,0.443317,0.445555,0.374716,0.430197,0.390696,0.456620,0.076855,-0.059594,0.122468,0.242177,0.172098,0.005997,0.456410,0.320873,0.340031,0.100711,0.223962,0.274486
0.578692,0.582527,0.634533,0.571437,0.358387,0.263269,0.827411,0.670733,0.426013,0.385520,0.138072,0.454647,0.080783,0.208476,0.330618,0.351735,0.447613,0.653799,0.662450,0.850741,0.294652,0.291757,0.792539,0.702911,0.544963,0.513071,0.216753,0.206604,0.328646,0.566652,0.741234,0.803588,0.000000,1.360138,0.709013,0.729273,0.266257,0.219190,0.530189,0.206387,0.399231,0.452636,0.630284,0.739832,0.290300,0.600910,0.597161,0.821977,0.282418,0.487646,0.549095,0.419536,0.715288,0.546615,0.741369,0.650687,0.796445,0.859633,0.774304,0.709005,0.885421,0.721307,0.376711,0.715541,0.512726,0.716919,0.924004,0.759754,0.640615,0.984063,0.431811,0.408937,0.369379,0.535684,0.392244,0.484084,0.934818,0.866114,0.376043,-0.028465,0.372790,0.631298,0.380034,0.132180,0.690103,0.538504,0.265947,0.123671,0.383307,0.451269
0.402378,0.542367,0.409037,0.505510,0.275846,0.195368,0.611302,0.684366,0.295208,0.390933,0.077014,0.389845,0.065441,0.144227,0.315870,0.360485,0.562122,0.662466,0.459577,0.749661,0.207948,0.255518,0.540088,0.713063,0.319323,0.394350,0.101594,0.188655,0.371893,0.622852,0.563430,0.835506,1.360138,0.000000,0.590974,0.617684,0.176347,0.266191,0.440878,0.207329,0.434864,0.526922,0.537182,0.622860,0.227963,0.526158,0.471940,0.766930,0.184240,0.393427,0.401053,0.363782,0.682035,0.478587,0.609180,0.556534,0.706141,0.794273,0.701816,0.701219,0.841262,0.776098,0.452840,0.772204,0.417064,0.698850,0.753538,0.735687,0.555529,0.750199,0.257078,0.341501,0.515358,0.546274,0.492657,0.522609,0.849660,0.869922,0.444959,-0.024322,0.464050,0.567582,0.490525,0.116024,0.514032,0.537956,0.279406,0.069715,0.286636,0.368811
0.598617,0.555294,0.777905,0.630762,0.491813,0.507732,0.648564,0.629124,0.471215,0.466863,0.196078,0.384768,0.104982,0.238556,0.522883,0.504287,0.214553,0.391121,0.588875,0.464731,0.488817,0.423929,0.823508,0.690004,0.645969,0.641308,0.440942,0.432690,0.076122,0.160602,0.401911,0.376154,0.709013,0.590974,0.000000,0.875554,0.244105,0.153464,0.353064,0.043594,0.188315,0.175992,0.551631,0.556051,0.268030,0.360787,0.538068,0.496353,0.255903,0.268355,0.447028,0.166537,0.438782,0.350124,0.475116,0.367662,0.564361,0.568236,0.419970,0.505504,0.471543,0.401087,0.068869,0.227365,0.445355,0.665989,0.748081,0.782726,0.522554,0.669785,0.364187,0.368318,0.055174,0.225587,0.110067,0.215898,0.539217,0.497406,0.172373,-0.109464,0.085900,0.292650,0.268857,0.010615,0.771512,0.313277,0.242357,0.188691,0.567495,0.477108
0.621419,0.701058,0.654094,0.540931,0.338515,0.232500,0.514841,0.427212,0.339725,0.175079,0.135439,0.349930,-0.021063,0.150375,0.291244,0.314257,0.192572,0.356841,0.670070,0.548660,0.525219,0.302343,0.679202,0.634217,0.459226,0.442685,0.298223,0.254028,0.227230,0.238531,0.420509,0.507071,0.729273,0.617684,0.875554,0.000000,0.070071,0.029022,0.538128,0.041652,0.173551,0.188987,0.339701,0.429932,-0.023985,0.155512,0.451102,0.278566,-0.022329,0.093094,0.200382,0.013178,0.260959,0.112764,0.402968,0.357319,0.578483,0.668920,0.264938,0.352287,0.344047,0.497591,0.019495,0.321555,0.222337,0.473332,0.519977,0.613330,0.493649,0.643212,0.379021,0.325967,0.268728,0.521373,0.269465,0.522737,0.550890,0.546351,0.083066,-0.297513,-0.082279,0.214184,0.060618,-0.148881,0.537423,0.080815,0.178652,0.292102,0.452208,0.367797
0.100396,0.105090,0.208068,0.091344,0.334987,0.269520,0.223671,0.204198,0.320526,0.292582,0.042032,0.259467,0.051733,0.227929,0.239242,0.264165,0.051944,0.265657,0.167945,0.153775,0.060815,0.245483,0.345700,0.147748,0.460244,0.400554,0.282243,0.211159,0.102512,0.428742,0.232834,0.002459,0.266257,0.176347,0.244105,0.070071,0.000000,0.578645,0.305221,0.626316,0.157334,0.372678,0.422779,0.350231,0.503905,0.382173,0.407117,0.331384,0.588202,0.412231,0.616606,0.347003,0.328828,0.416375,0.440962,0.307749,0.099774,0.163802,0.209993,0.221829,0.172208,-0.033158,0.135086,-0.003856,0.251525,0.181800,0.208207,0.010679,0.243892,0.222263,0.445620,0.325248,0.074463,0.104261,0.030701,0.065941,0.484399,0.513893,0.285261,0.193339,0.322790,0.415408,0.341516,0.520401,0.451677,0.404039,0.113226,0.041817,0.258216,0.211206
0.067122,0.104320,0.069873,0.109684,0.220446,0.291616,0.063287,0.220002,0.269811,0.236830,-0.045739,0.099400,0.000568,0.060866,0.255044,0.235605,0.192016,0.190870,0.101782,0.187911,0.054907,0.279701,0.229072,0.208468,0.186814,0.281616,0.225353,0.334387,0.080291,0.366334,0.049866,0.026469,0.219190,0.266191,0.153464,0.029022,0.578645,0.000000,0.207075,0.720062,0.229513,0.764985,0.416768,0.354775,0.408687,0.348079,0.342482,0.413866,0.381910,0.335331,0.400460,0.291626,0.337979,0.349961,0.410190,0.471485,0.162386,0.154572,0.317100,0.293757,0.181693,-0.027315,0.124275,0.028952,0.055117,0.063053,0.219979,0.078459,0.265056,0.199695,0.151970,0.060640,0.257683,0.178734,0.234106,0.130297,0.532273,0.515170,0.314569,0.066065,0.414869,0.315082,0.382376,0.488047,0.235651,0.402651,0.268922,0.126183,0.286707,0.272695
0.394176,0.443221,0.534486,0.516241,0.450415,0.234860,0.440214,0.403703,0.482333,0.264675,0.135300,0.361286,0.124341,0.152740,0.377244,0.384696,0.171426,0.317157,0.482116,0.369509,0.373406,0.342715,0.609951,0.571802,0.426254,0.481066,0.290783,0.248584,0.219363,0.312131,0.407535,0.443538,0.530189,0.440878,0.353064,0.538128,0.305221,0.207075,0.000000,0.557049,0.446616,0.398891,0.313690,0.375431,0.164877,0.236341,0.434742,0.367606,0.175812,0.280556,0.363347,0.226572,0.380533,0.329713,0.757063,0.615579,0.336250,0.411800,0.311593,0.372162,0.364245,0.333611,0.113495,0.315456,0.223032,0.385576,0.502058,0.390111,0.437438,0.446539,0.360341,0.341224,0.284197,0.457643,0.399704,0.421376,0.541281,0.538858,-0.026849,-0.086249,0.058626,0.203123,0.184189,0.085311,0.623174,0.202958,0.385201,0.259476,0.526460,0.452600
-0.073881,0.046467,0.098280,0.137904,0.058309,0.042278,0.022246,0.091115,0.199872,0.079280,-0.083730,-0.002755,-0.046620,0.014406,0.105565,0.125348,0.005952,0.084879,0.091954,0.157798,-0.154094,0.016966,0.312878,0.226715,0.179064,0.132443,0.063224,0.008053,0.126407,0.472774,0.231477,0.218037,0.206387,0.207329,0.043594,0.041652,0.626316,0.720062,0.557049,0.000000,0.133429,0.754575,0.220898,0.186773,0.305438,0.220283,0.212580,0.258213,0.229807,0.222165,0.373249,0.219074,0.335125,0.306213,0.472309,0.443801,-0.036685,0.053106,0.151107,0.127110,0.058168,-0.148959,0.043427,-0.093376,0.108155,0.088699,0.137025,-0.086528,0.209753,0.142586,0.146051,0.063773,0.255809,0.268768,0.251677,0.199816,0.456088,0.585000,0.293701,0.130416,0.361978,0.262347,0.302269,0.505753,0.344092,0.391362,0.341653,0.096119,0.335544,0.221481
0.163831,0.084343,0.085633,0.090174,0.278565,0.201180,0.207112,0.150047,0.341799,0.385822,0.180395,0.242117,0.251530,0.124603,0.305133,0.372816,0.339235,0.280126,0.182757,0.219646,0.171120,0.270553,0.187154,0.224133,0.169394,0.282192,0.084392,0.196761,0.265267,0.124731,0.258964,0.285768,0.399231,0.434864,0.188315,0.173551,0.157334,0.229513,0.446616,0.133429,0.000000,0.207075,0.216985,0.193208,0.245127,0.348076,0.238518,0.338697,0.272366,0.343548,0.188423,0.326099,0.258710,0.275468,0.403387,0.393597,0.216106,0.135352,0.400691,0.364091,0.415724,0.261722,0.437669,0.361301,0.277243,0.320858,0.370293,0.395601,0.217579,0.249731,0.366605,0.271461,0.318126,0.253928,0.364031,0.332104,0.392027,0.298681,0.095874,0.181011,0.210608,0.237720,0.324487,0.053631,0.306069,0.316490,0.157036,0.062021,0.089177,0.146459
0.145465,0.320101,0.277368,0.252655,0.134989,0.003292,0.105130,0.270795,0.096131,0.069355,-0.160051,0.083090,-0.190081,-0.017895,0.113614,0.066948,0.177104,0.239012,0.276568,0.384269,-0.020410,0.085556,0.385777,0.371459,0.148599,0.187050,0.061547,0.093614,0.106380,0.568602,0.208957,0.358171,0.452636,0.526922,0.175992,0.188987,0.372678,0.764985,0.398891,0.754575,0.207075,0.000000,0.369504,0.352636,0.193698,0.230913,0.388486,0.468474,0.164180,0.208104,0.288330,0.126605,0.361018,0.304118,0.445933,0.407635,0.303962,0.429346,0.321368,0.281534,0.194692,0.149092,0.111147,0.186409,0.095856,0.176593,0.312078,0.119969,0.439107,0.382008,-0.018009,0.032564,0.433049,0.440677,0.488695,0.411260,0.576210,0.648865,0.299297,0.016126,0.370688,0.306347,0.308676,0.284816,0.247145,0.293305,0.230929,0.006744,0.245128,0.211934
0.376597,0.575417,0.619867,0.628880,0.869497,0.674429,0.565426,0.769162,0.671345,0.656727,-0.056136,0.500239,0.054358,0.303028,0.598644,0.512269,0.314239,0.626385,0.455758,0.464078,0.437952,0.664053,0.666301,0.574381,0.776733,0.707620,0.705271,0.586238,0.021071,0.433143,0.320932,0.234320,0.630284,0.537182,0.551631,0.339701,0.422779,0.416768,0.313690,0.220898,0.216985,0.369504,0.000000,1.540239,0.855422,0.872040,1.311846,1.085820,0.846569,0.696627,0.840828,0.526568,0.826665,0.771247,0.828913,0.679705,0.501355,0.661646,0.796535,0.820650,0.426388,0.299959,0.210221,0.403448,0.157682,0.356705,0.975591,0.679436,0.690379,0.751091,0.442413,0.393497,0.010893,0.203124,0.066707,0.116557,0.571382,0.528734,0.314215,0.017146,0.344538,0.459220,0.496663,0.252580,0.448279,0.408460,0.246341,-0.109921,0.491980,0.471670
0.473280,0.688476,0.626519,0.663732,0.698145,0.568992,0.635865,0.791490,0.521872,0.545835,-0.049152,0.514847,0.001268,0.264466,0.429206,0.389407,0.356954,0.573933,0.563211,0.534553,0.388984,0.582775,0.649180,0.613138,0.659007,0.643342,0.518081,0.482185,0.135241,0.453112,0.358462,0.326624,0.739832,0.622860,0.556051,0.429932,0.350231,0.354775,0.375431,0.186773,0.193208,0.352636,1.540239,0.000000,0.727384,0.847921,1.132681,1.037729,0.736141,0.614181,0.682862,0.439480,0.699261,0.677935,0.746625,0.665025,0.547171,0.709543,0.744916,0.763989,0.419024,0.379940,0.193619,0.417190,0.126134,0.304640,0.959686,0.686569,0.768867,0.865074,0.439992,0.429709,0.060351,0.239386,0.103061,0.153663,0.653591,0.628264,0.303707,-0.029419,0.320169,0.464464,0.386300,0.159474,0.431539,0.359241,0.218967,-0.076567,0.366397,0.469528
-0.052071,-0.042475,0.122225,0.222842,0.517197,0.721098,0.281092,0.371257,0.620770,0.772392,-0.005162,0.146545,0.074844,0.104864,0.453999,0.417013,0.320829,0.357397,-0.005247,0.054606,-0.029895,0.384096,0.302961,0.167175,0.676503,0.551797,0.401695,0.398389,0.181277,0.301693,0.180499,-0.024482,0.290300,0.227963,0.268030,-0.023985,0.503905,0.408687,0.164877,0.305438,0.245127,0.193698,0.855422,0.727384,0.000000,1.343260,0.561220,0.899836,1.409652,1.012675,1.045669,0.993212,0.786503,0.921236,0.602299,0.544351,0.097958,0.069491,0.733564,0.605030,0.380362,-0.061475,0.486730,0.109931,0.411395,0.252793,0.679712,0.468717,0.305190,0.323377,0.421442,0.367511,-0.127502,-0.228669,-0.115479,-0.285541,0.333269,0.294603,0.554264,0.539130,0.787324,0.496572,0.699646,0.559724,0.323225,0.722849,0.248375,-0.158143,0.310656,0.303746
0.169413,0.154342,0.194965,0.331989,0.454794,0.615086,0.472011,0.508017,0.625736,0.819110,0.101780,0.298191,0.154416,0.110360,0.425047,0.432508,0.519844,0.547220,0.146642,0.287756,0.009286,0.312179,0.382105,0.305355,0.603761,0.542694,0.284118,0.327009,0.294242,0.390119,0.328938,0.175369,0.600910,0.526158,0.360787,0.155512,0.382173,0.348079,0.236341,0.220283,0.348076,0.230913,0.872040,0.847921,1.343260,0.000000,0.620558,1.184220,1.205204,1.451362,1.053115,1.162858,1.078488,1.191547,0.819655,0.817051,0.370607,0.283711,1.084508,0.929819,0.711786,0.254698,0.683665,0.443411,0.495756,0.444548,0.957183,0.764533,0.464695,0.542637,0.514303,0.422991,0.064057,-0.005434,0.024884,-0.063649,0.520265,0.456033,0.542499,0.400749,0.744188,0.638676,0.665907,0.387642,0.396613,0.756891,0.258512,-0.145208,0.323959,0.472459
0.538912,0.777917,0.766945,0.692285,0.844190,0.463580,0.611792,0.729062,0.534443,0.432662,-0.101188,0.582908,0.009623,0.381142,0.429330,0.413038,0.209114,0.641269,0.592915,0.527143,0.567366,0.623121,0.627896,0.557401,0.656934,0.604076,0.684690,0.501068,-0.024138,0.364667,0.174182,0.140000,0.597161,0.471940,0.538068,0.451102,0.407117,0.342482,0.434742,0.212580,0.238518,0.388486,1.311846,1.132681,0.561220,0.620558,0.000000,0.810894,0.648102,0.540335,0.685521,0.363674,0.652750,0.602280,0.892271,0.647116,0.584326,0.818759,0.743602,0.702576,0.422431,0.357915,0.135969,0.470276,0.083847,0.322792,0.870001,0.630555,0.803992,0.794590,0.459483,0.395479,0.071126,0.340051,0.122063,0.271732,0.586854,0.536379,0.171182,-0.085999,0.143485,0.340336,0.240043,0.052610,0.403890,0.170604,0.082646,-0.127076,0.507007,0.396519
0.284895,0.366884,0.409347,0.546702,0.614486,0.580891,0.558392,0.752792,0.590273,0.750869,0.015253,0.373749,0.034912,0.155912,0.513350,0.476259,0.515469,0.629230,0.310063,0.482903,0.157599,0.432082,0.574761,0.603743,0.631234,0.596122,0.398347,0.444383,0.120190,0.436634,0.366815,0.323914,0.821977,0.766930,0.496353,0.278566,0.331384,0.413866,0.367606,0.258213,0.338697,0.468474,1.085820,1.037729,0.899836,1.184220,0.810894,0.000000,0.734788,0.903906,0.916040,0.803234,1.177552,1.110132,0.958850,0.900399,0.533849,0.567812,1.142254,1.049615,0.758501,0.401438,0.490836,0.564919,0.404731,0.484780,1.095886,0.780612,0.616221,0.736041,0.331865,0.335592,0.136564,0.145312,0.177688,0.085469,0.726744,0.584764,0.488339,0.192217,0.695738,0.605353,0.750462,0.334415,0.470521,0.729582,0.312121,-0.156361,0.408238,0.496512
0.097697,0.081436,0.169262,0.232167,0.588285,0.732427,0.308701,0.370386,0.666305,0.765694,0.024853,0.314437,0.157360,0.227851,0.462994,0.459079,0.329633,0.469959,0.054824,0.104618,0.142598,0.457591,0.290725,0.116313,0.695383,0.598427,0.452890,0.456956,0.196908,0.316277,0.123834,-0.102348,0.282418,0.184240,0.255903,-0.022329,0.588202,0.381910,0.175812,0.229807,0.272366,0.164180,0.846569,0.736141,1.409652,1.205204,0.648102,0.734788,0.000000,1.153141,1.011625,0.931294,0.674961,0.886575,0.631888,0.569329,0.219264,0.156834,0.715297,0.619444,0.402982,0.076337,0.466557,0.218570,0.336898,0.261962,0.609988,0.445508,0.352614,0.345003,0.517179,0.409081,-0.103988,-0.101570,-0.087676,-0.193805,0.340718,0.297123,0.399936,0.401409,0.527330,0.469780,0.487524,0.358666,0.319409,0.508074,0.128600,-0.139483,0.296428,0.333021
