0.000000,0.907284,0.411035,0.242727,0.294682,0.314513,0.842380,0.415245,0.357999,0.241917,0.869427,0.625904,0.638910,0.506321,0.550235,0.237838,0.491081,0.424423,0.628952,0.445654,-0.079158,0.066453,0.196065,0.143799,0.133743,-0.034618,0.079311,0.044073,0.367942,0.282158,-0.097102,-0.080386,0.431785,0.410686,0.249032,0.175195,0.021440,0.020667,0.205956,0.081044,0.144429,0.032765,0.615658,0.438993,0.547812,0.633727,0.720883,0.526940,0.585147,0.673730,0.791152,0.562344,0.790687,0.543469,0.646353,0.302340,0.844704,0.711173,0.754077,0.559542,0.892624,0.512514,0.489334,0.516461,0.574345,0.165901,0.654609,0.445076,0.749203,0.556472,0.141439,0.362014,0.617849,0.325623,0.543540,0.330661,0.694856,0.304199,0.253781,0.091802,0.384771,0.353152,0.407648,0.329667,0.731358,0.198786,0.604234,0.296831,0.567363,0.261665
0.907284,0.000000,0.451025,0.589205,0.315009,0.358313,0.565614,0.594005,0.170844,0.302936,0.568607,0.672980,0.333677,0.464706,0.423207,0.457478,0.350617,0.556686,0.785584,0.912901,0.061796,0.252405,0.484891,0.502027,0.423698,0.243684,0.308292,0.337296,0.198985,0.394906,0.157019,0.169264,0.702444,0.739524,0.571674,0.403208,0.142864,0.256555,0.469205,0.382590,0.163899,0.153542,0.877838,0.718041,0.534661,0.756406,0.806686,0.823090,0.422981,0.827071,0.618471,0.714109,0.656511,0.729147,0.740993,0.564712,0.989902,1.207713,0.643153,0.650381,0.561252,0.441042,0.470021,0.606006,0.524938,0.417695,0.896043,0.781018,1.134698,0.982032,0.179470,0.348526,0.367666,0.393772,0.514864,0.378827,0.633784,0.555103,0.233292,0.372225,0.592329,0.758246,0.521290,0.466772,0.775478,0.591656,0.761431,0.588168,0.781520,0.585016
0.411035,0.451025,0.000000,0.657155,-0.052230,-0.057783,0.510558,0.392878,0.069813,-0.114828,0.523646,0.122635,0.319591,-0.038595,0.292923,0.091867,0.002550,0.004827,0.639531,0.581491,0.087899,0.227431,1.011214,0.727562,0.408489,0.266311,0.123847,0.272233,-0.196437,0.083088,0.459505,0.407672,0.430667,0.515151,0.567426,0.428915,0.215212,0.269298,0.445106,0.337546,0.270582,0.271885,0.433359,0.299074,0.274997,0.303037,0.475707,0.463277,0.075943,0.235968,0.139690,0.139091,0.320770,0.267671,0.229139,0.026052,0.519197,0.486260,0.080838,-0.034506,0.107820,-0.017257,-0.076961,-0.087339,0.732688,0.367606,0.478062,0.354112,0.633204,0.403481,0.050861,0.199859,-0.004879,0.015461,0.039670,-0.023405,0.233283,0.134951,0.100720,0.309907,0.209098,0.345326,0.305246,0.222353,0.671976,0.326592,0.518620,0.387257,0.359244,0.096785
0.242727,0.589205,0.657155,0.000000,0.136903,0.359298,0.266703,1.068661,0.003374,0.333549,0.249135,0.364729,0.098914,0.189132,0.113390,0.347131,0.013507,0.014620,0.617644,0.735528,0.235370,0.466113,1.056092,1.457567,0.785227,0.797401,0.529763,0.684238,-0.275802,0.008603,0.572080,0.683375,0.714496,0.810276,0.813530,0.704074,0.070075,0.500046,0.474724,0.515112,0.031238,0.045474,0.596925,0.587114,0.250779,0.371973,0.465776,0.682537,0.021573,0.447941,0.144184,0.413348,0.291249,0.361376,0.364351,0.375083,0.446473,0.493631,0.139773,0.247474,0.043267,0.173740,-0.047804,-0.012586,0.396331,1.051134,0.688803,0.807306,0.614784,0.601552,0.211448,0.128900,-0.073129,0.200498,0.151281,0.232388,0.231045,0.421272,0.105115,0.353267,0.264920,0.434892,0.175687,0.120409,0.504481,0.809210,0.345824,0.489583,0.591420,0.572365
0.294682,0.315009,-0.052230,0.136903,0.000000,0.568773,0.319322,0.294559,0.834075,0.707697,0.071905,0.606340,0.189994,0.479542,0.577685,0.639554,0.157647,0.204407,0.147613,0.182762,-0.016671,0.054396,0.144242,0.230046,0.288446,0.315225,0.540546,0.328294,0.182278,0.014765,0.032996,0.133205,0.389112,0.346638,0.163573,0.155386,-0.021669,-0.055865,0.089576,0.085171,-0.123019,-0.071226,0.356464,0.346581,0.200098,0.194297,0.173159,0.206546,0.263235,0.384256,0.406071,0.274729,0.174273,0.149336,0.244058,0.117399,0.188908,0.079150,0.397694,0.475912,0.424441,0.375290,0.383003,0.388219,0.379900,0.322735,0.387092,0.351918,0.239135,0.340878,0.199719,0.410791,0.415339,0.220391,0.468915,0.405870,0.392237,0.384357,0.050464,0.061738,0.221926,0.170172,0.232043,0.300900,0.217588,0.131967,0.372511,0.181027,0.555558,0.520069
0.314513,0.358313,-0.057783,0.359298,0.568773,0.000000,0.217448,0.625616,0.409763,1.195555,0.156470,0.608089,0.219774,0.615094,0.388236,0.516138,0.161575,0.214634,0.173580,0.179457,0.137400,0.225903,0.166980,0.341636,0.356593,0.680230,0.639713,0.520855,0.086380,0.020498,0.213327,0.356474,0.488979,0.474591,0.230746,0.220862,-0.049868,0.047922,0.101338,0.154659,-0.226132,-0.138175,0.398203,0.501584,0.225417,0.291023,0.162545,0.341695,0.244988,0.453697,0.302511,0.255144,0.238141,0.098194,0.263613,0.224785,0.231643,0.156529,0.403473,0.476991,0.353361,0.541457,0.336011,0.308951,0.116351,0.512893,0.384325,0.516238,0.290928,0.347611,0.236839,0.415542,0.295228,0.196923,0.429548,0.397431,0.325022,0.389090,0.043503,0.105239,0.242324,0.215251,0.126485,0.173230,0.176802,0.223971,0.184946,0.207408,0.462444,0.504433
0.842380,0.565614,0.510558,0.266703,0.319322,0.217448,0.000000,0.390151,0.755759,0.186805,0.592367,0.453082,0.686397,0.411741,0.580972,0.297795,0.474217,0.256844,0.424960,0.284400,-0.149384,-0.053549,0.194820,0.140065,-0.062749,-0.093060,-0.127172,-0.119732,0.479480,0.284665,-0.056095,-0.047185,0.424678,0.341732,0.117357,0.117800,-0.063345,-0.063019,0.082845,-0.027266,0.126091,0.095012,0.504510,0.360167,0.596202,0.588510,0.569072,0.431863,0.518236,0.433159,0.580930,0.310615,0.476469,0.361846,0.482869,0.132378,0.511542,0.379681,0.537962,0.371555,0.807441,0.449888,0.387373,0.476274,0.707892,0.095868,0.554693,0.318338,0.506322,0.335879,0.081761,0.368876,0.483788,0.198193,0.375525,0.128642,0.458490,0.218694,0.180543,0.062223,0.310964,0.197492,0.403858,0.350065,0.444170,0.120894,0.472058,0.190641,0.362715,0.082421
0.415245,0.594005,0.392878,1.068661,0.294559,0.625616,0.390151,0.000000,0.225698,0.570304,0.230073,0.667810,0.296350,0.490301,0.199652,0.395116,0.032711,0.086135,0.501379,0.597948,0.160145,0.390517,0.639872,0.829253,0.479946,0.623350,0.561041,0.608319,-0.082672,0.100941,0.430731,0.591252,0.814588,0.830796,0.551126,0.471427,0.022620,0.361854,0.309975,0.374124,-0.057893,-0.015768,0.571367,0.659531,0.299199,0.393652,0.387278,0.662190,0.165397,0.532899,0.277100,0.462764,0.309325,0.287553,0.384658,0.357977,0.369037,0.390332,0.298738,0.519746,0.304257,0.636520,0.166114,0.280996,0.397830,1.032530,0.748346,0.890677,0.516527,0.586252,0.205629,0.272105,0.183275,0.300198,0.398648,0.355026,0.322862,0.453931,0.063394,0.179171,0.268779,0.398314,0.173108,0.186171,0.407103,0.683620,0.270145,0.411732,0.639404,0.645434
0.357999,0.170844,0.069813,0.003374,0.834075,0.409763,0.755759,0.225698,0.000000,0.560574,0.172627,0.453369,0.429263,0.465589,0.775420,0.470525,0.305353,0.162752,0.082789,-0.034604,-0.114246,-0.143882,0.026081,0.022948,-0.068586,0.002966,0.084811,-0.045673,0.349238,-0.016638,-0.056266,0.000068,0.228265,0.125739,-0.075659,0.024044,-0.218103,-0.267058,-0.139798,-0.166547,-0.155817,-0.116313,0.157148,0.122180,0.226229,0.196529,0.070149,0.033899,0.271122,0.265308,0.358635,0.108437,0.183649,0.074454,0.158051,-0.059491,0.169175,0.003404,0.346411,0.295801,0.638212,0.521564,0.303986,0.346339,0.514934,0.125944,0.221005,0.113823,0.167219,0.142742,0.119764,0.363959,0.409282,0.058420,0.352672,0.078474,0.285500,0.173988,0.085448,-0.065545,0.098256,-0.038788,0.149822,0.173680,0.136498,-0.054609,0.264182,0.012171,0.368654,0.162681
0.241917,0.302936,-0.114828,0.333549,0.707697,1.195555,0.186805,0.570304,0.560574,0.000000,0.052846,0.585286,0.108171,0.581697,0.500529,0.693042,0.072678,0.259185,0.120600,0.086534,0.066701,0.142364,0.167663,0.311587,0.336016,0.564423,0.565266,0.400535,0.003324,-0.070505,0.095495,0.249226,0.335434,0.320655,0.213631,0.226605,-0.106465,-0.059065,0.034023,0.055549,-0.317623,-0.236543,0.229261,0.325453,0.078878,0.130775,0.032602,0.180643,0.178987,0.447714,0.313792,0.272279,0.227465,0.167803,0.240065,0.250502,0.151199,0.101707,0.364761,0.497282,0.339405,0.633370,0.252604,0.274763,0.277799,0.591454,0.323255,0.379334,0.224041,0.318092,0.261010,0.388840,0.212797,0.180524,0.393220,0.349027,0.298475,0.393016,0.014599,0.014100,0.144791,0.152768,0.067287,0.097323,0.157372,0.208561,0.201720,0.197446,0.645289,0.625676
0.869427,0.568607,0.523646,0.249135,0.071905,0.156470,0.592367,0.230073,0.172627,0.052846,0.000000,0.366432,0.723305,0.302944,0.561212,0.148635,0.331497,0.248099,0.649859,0.394200,0.134459,0.116016,0.322141,0.201176,0.220904,0.010796,0.074072,0.083608,0.105446,0.052136,0.145100,0.104685,0.254906,0.233484,0.251078,0.254839,-0.019445,0.153243,0.135091,0.120367,0.038748,0.041087,0.393885,0.286909,0.308380,0.419244,0.530126,0.465984,0.245188,0.380706,0.351029,0.305882,0.459907,0.318585,0.403123,0.246325,0.596656,0.555746,0.342095,0.239499,0.443860,0.171178,0.105520,0.210676,0.442960,0.053838,0.376265,0.212358,0.511480,0.313848,0.114416,0.282384,0.318751,0.232923,0.308774,0.226325,0.509345,0.242562,0.157797,0.080252,0.070810,0.154369,0.150237,0.122839,0.541946,0.085788,0.488850,0.174557,0.255903,0.081845
0.625904,0.672980,0.122635,0.364729,0.606340,0.608089,0.453082,0.667810,0.453369,0.585286,0.366432,0.000000,0.255290,0.998102,0.448237,0.678782,0.244549,0.214358,0.313361,0.326916,0.084090,0.179666,0.193301,0.318320,0.334001,0.211832,0.420158,0.320140,0.241076,0.078871,0.065946,0.153400,0.497910,0.472961,0.332985,0.204259,0.027634,0.027098,0.131699,0.121852,-0.027101,0.072235,0.517784,0.596535,0.232310,0.380632,0.377527,0.467375,0.348252,0.633416,0.637153,0.674344,0.523277,0.447377,0.536096,0.302753,0.380110,0.271420,0.627510,0.813617,0.662545,0.776145,0.490890,0.488387,0.364414,0.455340,0.688821,0.652796,0.376325,0.378022,0.280940,0.474827,0.519481,0.480796,0.625551,0.437024,0.545189,0.539524,0.018457,0.061881,0.266888,0.283505,0.213051,0.295205,0.473651,0.429075,0.414700,0.291421,0.609691,0.606346
0.638910,0.333677,0.319591,0.098914,0.189994,0.219774,0.686397,0.296350,0.429263,0.108171,0.723305,0.255290,0.000000,0.516026,0.704750,0.185660,0.290306,0.148238,0.494196,0.315587,-0.023991,-0.049763,0.256848,0.088411,0.023250,0.001423,0.119613,0.053710,0.214438,0.074792,0.124992,0.099241,0.375235,0.240155,0.067478,0.114743,-0.101121,0.201750,0.047923,0.091447,-0.012181,-0.063207,0.311090,0.291207,0.337081,0.382103,0.292716,0.387020,0.118257,0.175834,0.213652,0.091510,0.144581,0.108257,0.289928,0.169144,0.294214,0.350740,0.207565,0.158072,0.548991,0.196596,0.210547,0.364579,0.386764,-0.064572,0.286506,0.185226,0.302355,0.318980,0.064113,0.274553,0.386625,0.116122,0.410853,0.199300,0.317222,0.121018,0.145708,0.086624,0.131469,0.153132,0.163696,0.169728,0.279041,0.054507,0.309337,0.099101,0.241512,0.048977
0.506321,0.464706,-0.038595,0.189132,0.479542,0.615094,0.411741,0.490301,0.465589,0.581697,0.302944,0.998102,0.516026,0.000000,0.587146,0.561482,0.232200,0.186677,0.220450,0.197414,-0.058280,-0.006327,0.059762,0.123046,0.102311,0.077800,0.340121,0.263937,0.170288,0.026185,-0.037779,0.027228,0.335147,0.256710,0.143688,0.030185,-0.035114,-0.010582,-0.020117,-0.029903,-0.005620,-0.001750,0.346463,0.452405,0.183245,0.336366,0.208584,0.315177,0.194551,0.444291,0.417691,0.442232,0.304369,0.266584,0.381526,0.282516,0.214193,0.206610,0.401349,0.677308,0.546181,0.671787,0.359904,0.508144,0.214964,0.221792,0.396466,0.398533,0.215089,0.291637,0.120905,0.239401,0.309136,0.334388,0.538671,0.326227,0.312391,0.279706,-0.107283,0.043925,0.142976,0.192427,0.063384,0.202537,0.262599,0.299498,0.228414,0.109612,0.461790,0.455988
0.550235,0.423207,0.292923,0.113390,0.577685,0.388236,0.580972,0.199652,0.775420,0.500529,0.561212,0.448237,0.704750,0.587146,0.000000,0.668244,0.248409,0.292865,0.335983,0.156579,0.057600,0.041926,0.318576,0.210483,0.206430,0.142001,0.269476,0.136102,0.144434,-0.041792,0.144524,0.162213,0.295549,0.225517,0.163322,0.183617,-0.025609,-0.031268,0.104654,0.060895,-0.083679,-0.105168,0.328470,0.268753,0.290699,0.337786,0.248850,0.317752,0.227018,0.327514,0.398194,0.156792,0.282317,0.206821,0.282130,0.184628,0.384417,0.365642,0.291091,0.240021,0.501259,0.278490,0.265163,0.360947,0.690002,0.113761,0.307105,0.208189,0.359234,0.317365,0.213637,0.469198,0.339030,0.137202,0.450079,0.212106,0.413972,0.273004,0.055931,0.064392,0.147220,0.190469,0.277182,0.241871,0.400365,0.116394,0.560221,0.199077,0.536969,0.214474
0.237838,0.457478,0.091867,0.347131,0.639554,0.516138,0.297795,0.395116,0.470525,0.693042,0.148635,0.678782,0.185660,0.561482,0.668244,0.000000,0.099832,0.258820,0.235752,0.216102,0.031990,0.172021,0.308246,0.418211,0.457825,0.361818,0.457072,0.331506,0.088661,0.070538,0.158647,0.249259,0.453735,0.487540,0.385020,0.376893,0.138412,0.026363,0.247135,0.283298,-0.060466,0.045866,0.440774,0.524676,0.164388,0.265121,0.219160,0.416527,0.124340,0.363098,0.412660,0.371058,0.235936,0.315816,0.358060,0.382446,0.227624,0.242936,0.339801,0.341126,0.349487,0.328924,0.338270,0.388667,0.530298,0.479266,0.549498,0.593479,0.247556,0.352166,0.317272,0.553198,0.292570,0.432338,0.477030,0.401027,0.410051,0.493601,-0.005679,0.166186,0.256073,0.371142,0.328673,0.366443,0.383096,0.549023,0.551957,0.449918,0.743358,0.688888
0.491081,0.350617,0.002550,0.013507,0.157647,0.161575,0.474217,0.032711,0.305353,0.072678,0.331497,0.244549,0.290306,0.232200,0.248409,0.099832,0.000000,0.460768,0.078785,-0.034831,0.219274,-0.024824,-0.098899,-0.120188,0.066528,-0.019293,-0.189583,-0.178584,0.709039,0.205948,0.042316,-0.038500,0.256481,0.213170,0.148211,0.193788,-0.254597,0.044507,0.078268,0.026979,0.008361,-0.091837,0.329795,0.182740,0.453795,0.320613,0.323314,0.256595,0.369471,0.231315,0.421244,0.175197,0.451136,0.220076,0.373186,0.157508,0.572150,0.380718,0.537696,0.313937,0.561494,0.308821,0.505450,0.396146,0.118419,-0.022650,0.239533,0.200677,0.367726,0.102389,0.443383,0.376445,0.455075,0.233246,0.321299,0.193379,0.518409,0.377577,0.411802,0.087698,0.344738,0.099110,0.139159,0.104984,0.284550,-0.054904,0.296592,0.052986,0.120482,0.077292
0.424423,0.556686,0.004827,0.014620,0.204407,0.214634,0.256844,0.086135,0.162752,0.259185,0.248099,0.214358,0.148238,0.186677,0.292865,0.258820,0.460768,0.000000,0.267078,0.266231,0.156855,0.033565,0.049325,-0.014987,0.166432,0.106335,0.006558,0.025787,0.262950,0.490294,0.012600,-0.019821,0.213281,0.297668,0.246933,0.195062,0.052728,0.056115,0.340843,0.249359,0.009373,0.125043,0.282312,0.261942,0.259530,0.315578,0.228774,0.385152,0.337229,0.457711,0.340716,0.309009,0.360242,0.401467,0.472515,0.464549,0.556268,0.619636,0.391583,0.372548,0.327736,0.329124,0.354078,0.550781,0.236404,0.153356,0.263851,0.225645,0.499498,0.353015,0.190639,0.409565,0.236477,0.254088,0.357196,0.291665,0.398750,0.420887,0.215779,0.201116,0.387246,0.450431,0.266347,0.367395,0.327275,0.122199,0.424185,0.345860,0.414737,0.455103
0.628952,0.785584,0.639531,0.617644,0.147613,0.173580,0.424960,0.501379,0.082789,0.120600,0.649859,0.313361,0.494196,0.220450,0.335983,0.235752,0.078785,0.267078,0.000000,1.179320,0.003263,0.214454,0.702121,0.563004,0.314103,0.227849,0.325708,0.462196,-0.003692,0.274763,0.214350,0.229409,0.635600,0.626445,0.455249,0.388579,0.101388,0.316266,0.353296,0.452669,0.115881,0.101911,0.493046,0.466889,0.242139,0.460008,0.417323,0.619599,0.046197,0.431257,0.131034,0.309423,0.259666,0.379757,0.364682,0.337753,0.662516,0.733452,0.183012,0.184758,0.247425,0.067904,0.110212,0.273321,0.464933,0.310714,0.540308,0.508336,0.831886,0.824957,0.022610,0.256063,0.182977,0.233218,0.410574,0.280209,0.395753,0.310455,0.121288,0.371855,0.423614,0.568953,0.492773,0.380704,0.592969,0.367647,0.621879,0.473604,0.566763,0.328936
0.445654,0.912901,0.581491,0.735528,0.182762,0.179457,0.284400,0.597948,-0.034604,0.086534,0.394200,0.326916,0.315587,0.197414,0.156579,0.216102,-0.034831,0.266231,1.179320,0.000000,0.046077,0.291811,0.822077,0.773218,0.431652,0.358615,0.437905,0.563945,-0.083240,0.349530,0.353560,0.367244,0.761053,0.763975,0.556625,0.386393,0.259854,0.478859,0.556591,0.583462,0.196040,0.242167,0.601583,0.539259,0.255613,0.450770,0.472665,0.698974,-0.002745,0.439994,0.069364,0.334065,0.225208,0.351386,0.371877,0.369928,0.618037,0.777569,0.145678,0.283644,0.147723,0.083789,0.176009,0.367917,0.341666,0.406058,0.610918,0.635390,0.910024,1.056873,0.039882,0.162643,0.094693,0.222288,0.294089,0.276947,0.304838,0.353644,0.138099,0.451005,0.507630,0.699231,0.429739,0.395049,0.554564,0.552157,0.558590,0.572094,0.592987,0.460260
-0.079158,0.061796,0.087899,0.235370,-0.016671,0.137400,-0.149384,0.160145,-0.114246,0.066701,0.134459,0.084090,-0.023991,-0.058280,0.057600,0.031990,0.219274,0.156855,0.003263,0.046077,0.000000,0.551412,0.281109,0.248338,0.498025,0.524875,0.394774,0.360844,-0.038092,-0.182243,0.852710,0.679941,0.242941,0.214236,0.493806,0.428478,-0.109603,0.304648,0.263767,0.278668,-0.249045,-0.157695,0.095093,0.044223,0.024068,-0.121745,0.038767,0.194282,-0.063919,-0.069241,-0.027154,-0.041354,0.059159,-0.087306,0.008093,0.125184,0.221895,0.188550,-0.014083,-0.016693,-0.127331,0.050193,0.031054,-0.062410,0.019914,0.285766,0.064274,0.162367,0.139871,0.008054,0.741978,0.335121,0.042670,0.106086,0.121864,0.206431,0.238290,0.389591,0.029560,0.107062,-0.066301,-0.034911,-0.304895,-0.345385,0.046417,0.002552,-0.038156,-0.022197,0.043739,0.110160
0.066453,0.252405,0.227431,0.466113,0.054396,0.225903,-0.053549,0.390517,-0.143882,0.142364,0.116016,0.179666,-0.049763,-0.006327,0.041926,0.172021,-0.024824,0.033565,0.214454,0.291811,0.551412,0.000000,0.477702,0.469293,0.586987,0.487093,0.409732,0.415425,-0.056459,-0.009780,0.698478,0.694225,0.508042,0.450866,0.637889,0.517414,0.308154,0.333275,0.405271,0.420508,-0.029171,-0.125218,0.334412,0.291099,0.047122,0.060247,0.303809,0.317898,-0.032515,0.052985,0.082728,0.080272,0.103851,-0.058169,0.104253,0.323068,0.347393,0.309689,0.154954,0.098232,-0.008352,0.071274,0.149440,0.056076,0.117982,0.483062,0.357942,0.525105,0.278037,0.311012,0.519160,0.382418,0.127200,0.153279,0.229640,0.212518,0.379260,0.518316,0.034334,0.246561,0.114058,0.154317,0.124200,-0.129045,0.154348,0.295577,0.150739,0.234136,0.285586,0.227099
0.196065,0.484891,1.011214,1.056092,0.144242,0.166980,0.194820,0.639872,0.026081,0.167663,0.322141,0.193301,0.256848,0.059762,0.318576,0.308246,-0.098899,0.049325,0.702121,0.822077,0.281109,0.477702,0.000000,1.476287,0.881225,0.732106,0.570024,0.691151,-0.367066,0.014236,0.862125,0.854713,0.747552,0.789128,0.868734,0.720941,0.147136,0.560984,0.546444,0.597432,0.012581,0.075468,0.518594,0.449131,0.191362,0.253192,0.371830,0.590312,-0.110595,0.254077,0.002764,0.151251,0.156722,0.232155,0.215997,0.248886,0.465017,0.551871,-0.021205,0.027465,-0.050834,-0.041249,-0.100618,-0.042966,0.628857,0.697016,0.560179,0.621268,0.670774,0.671641,0.258914,0.247871,-0.099392,0.087499,0.105917,0.207906,0.243114,0.378839,0.146704,0.466222,0.260651,0.490818,0.243354,0.168137,0.572184,0.604199,0.566680,0.547407,0.560285,0.418643
0.143799,0.502027,0.727562,1.457567,0.230046,0.341636,0.140065,0.829253,0.022948,0.311587,0.201176,0.318320,0.088411,0.123046,0.210483,0.418211,-0.120188,-0.014987,0.563004,0.773218,0.248338,0.469293,1.476287,0.000000,0.945706,0.908180,0.661176,0.815391,-0.372903,0.012424,0.728527,0.868915,0.761421,0.890889,0.860194,0.756801,0.167251,0.502345,0.554446,0.615380,0.038383,0.112197,0.619759,0.595729,0.224917,0.323297,0.418795,0.636965,-0.072639,0.340620,0.041353,0.255226,0.183335,0.255355,0.235683,0.257541,0.427986,0.460362,0.022133,0.101187,-0.052152,0.026590,-0.049899,-0.056096,0.506276,0.995005,0.649909,0.814615,0.614982,0.645351,0.247052,0.198616,-0.094393,0.175780,0.126607,0.233280,0.211659,0.426781,0.113502,0.450611,0.304919,0.510450,0.251621,0.201442,0.581165,0.822174,0.477532,0.601432,0.591723,0.569100
0.133743,0.423698,0.408489,0.785227,0.288446,0.356593,-0.062749,0.479946,-0.068586,0.336016,0.220904,0.334001,0.023250,0.102311,0.206430,0.457825,0.066528,0.166432,0.314103,0.431652,0.498025,0.586987,0.881225,0.945706,0.000000,1.045058,0.815389,0.775782,-0.355343,-0.128614,0.781339,0.775747,0.573462,0.677150,0.999697,0.760220,0.062773,0.423757,0.532751,0.587096,-0.045831,-0.033962,0.532082,0.528136,0.100820,0.145387,0.306207,0.550913,-0.038841,0.299779,0.160924,0.317509,0.183526,0.245210,0.236085,0.351644,0.330560,0.426682,0.136916,0.183971,-0.048651,0.065074,-0.028838,-0.073869,0.342586,0.861568,0.543066,0.693252,0.404452,0.418413,0.447319,0.283061,0.032117,0.246864,0.207672,0.381595,0.358912,0.600748,0.155031,0.336843,0.176063,0.374407,0.086703,0.070239,0.423135,0.585196,0.375232,0.466913,0.478489,0.657332
-0.034618,0.243684,0.266311,0.797401,0.315225,0.680230,-0.093060,0.623350,0.002966,0.564423,0.010796,0.211832,0.001423,0.077800,0.142001,0.361818,-0.019293,0.106335,0.227849,0.358615,0.524875,0.487093,0.732106,0.908180,1.045058,0.000000,0.928043,0.915670,-0.344903,-0.134843,0.812706,0.972279,0.567578,0.668726,0.691798,0.668625,-0.053841,0.439185,0.436294,0.566161,-0.238615,-0.119919,0.367223,0.443900,0.077529,0.067626,0.119113,0.449969,-0.049562,0.237334,0.001671,0.118624,0.036758,0.041763,0.140563,0.224239,0.180256,0.234085,0.066228,0.109808,-0.111871,0.090727,-0.060595,-0.099771,0.167874,0.935508,0.391232,0.581143,0.354381,0.382970,0.383399,0.280351,-0.058803,0.094967,0.126733,0.288734,0.180623,0.466913,0.146368,0.268686,0.180120,0.307847,-0.007557,0.011001,0.201050,0.440171,0.170229,0.369276,0.432492,0.563475
0.079311,0.308292,0.123847,0.529763,0.540546,0.639713,-0.127172,0.561041,0.084811,0.565266,0.074072,0.420158,0.119613,0.340121,0.269476,0.457072,-0.189583,0.006558,0.325708,0.437905,0.394774,0.409732,0.570024,0.661176,0.815389,0.928043,0.000000,1.282520,-0.339009,-0.228926,0.546804,0.654591,0.506658,0.503754,0.569565,0.479487,0.017987,0.288295,0.286599,0.380652,-0.217058,-0.159486,0.309294,0.393646,0.058764,0.109424,0.085967,0.337737,-0.070523,0.252038,0.081264,0.187204,0.010179,0.063219,0.108760,0.253125,0.152190,0.240344,0.067968,0.241874,-0.020616,0.147722,-0.012053,0.049137,0.199801,0.615427,0.404092,0.519586,0.317003,0.520506,0.199651,0.244406,0.035927,0.086615,0.256496,0.417820,0.196500,0.355517,-0.065201,0.292041,0.083047,0.251169,0.029357,0.031545,0.174446,0.413253,0.177364,0.286324,0.514332,0.575969
0.044073,0.337296,0.272233,0.684238,0.328294,0.520855,-0.119732,0.608319,-0.045673,0.400535,0.083608,0.320140,0.053710,0.263937,0.136102,0.331506,-0.178584,0.025787,0.462196,0.563945,0.360844,0.415425,0.691151,0.815391,0.775782,0.915670,1.282520,0.000000,-0.408749,-0.099083,0.616911,0.730264,0.556180,0.617811,0.742605,0.584457,0.077903,0.386596,0.388236,0.476711,-0.076689,0.037537,0.423738,0.550511,0.072717,0.189324,0.126938,0.468452,-0.112755,0.251382,-0.017634,0.203561,0.005381,0.079911,0.123601,0.236721,0.208382,0.286346,0.036879,0.194571,-0.090354,0.078881,-0.044381,0.003333,0.167483,0.698081,0.477719,0.622637,0.429202,0.551646,0.141402,0.206529,-0.064383,0.146112,0.237586,0.323713,0.167122,0.393020,-0.118507,0.424180,0.199737,0.403817,0.037610,0.127221,0.269011,0.521512,0.218913,0.388132,0.468070,0.584366
0.367942,0.198985,-0.196437,-0.275802,0.182278,0.086380,0.479480,-0.082672,0.349238,0.003324,0.105446,0.241076,0.214438,0.170288,0.144434,0.088661,0.709039,0.262950,-0.003692,-0.083240,-0.038092,-0.056459,-0.367066,-0.372903,-0.355343,-0.344903,-0.339009,-0.408749,0.000000,0.448754,-0.225793,-0.261681,0.153706,0.038329,-0.231623,-0.177335,0.008554,-0.113591,-0.073193,-0.093303,0.010465,0.023985,0.117433,0.038010,0.432108,0.279694,0.197858,0.048035,0.447576,0.076638,0.379439,0.054095,0.326212,0.114033,0.236822,0.072770,0.293332,0.093535,0.459223,0.255588,0.503175,0.265172,0.846932,0.557909,0.034124,-0.288865,0.124979,0.082127,0.153031,0.017584,0.259256,0.389879,0.660243,0.208654,0.374813,0.078131,0.314961,0.123129,0.240035,-0.035020,0.402002,0.050078,0.377310,0.240470,0.143911,-0.189216,0.214696,-0.068945,-0.021571,-0.087530
0.282158,0.394906,0.083088,0.008603,0.014765,0.020498,0.284665,0.100941,-0.016638,-0.070505,0.052136,0.078871,0.074792,0.026185,-0.041792,0.070538,0.205948,0.490294,0.274763,0.349530,-0.182243,-0.009780,0.014236,0.012424,-0.128614,-0.134843,-0.228926,-0.099083,0.448754,0.000000,-0.135658,-0.110923,0.277572,0.352330,0.039660,-0.120897,0.364115,0.170266,0.328117,0.355896,0.377548,0.487252,0.351958,0.336491,0.340275,0.316883,0.316524,0.348540,0.314027,0.212947,0.182749,0.174140,0.104668,0.259760,0.262265,0.214683,0.342920,0.373969,0.311304,0.252931,0.196605,0.170284,0.522692,0.552561,0.141995,0.008656,0.365841,0.306644,0.315522,0.317511,-0.041827,0.156051,0.277793,0.311397,0.222074,0.138387,0.249271,0.188982,0.189709,0.420765,0.727821,0.704310,0.595722,0.752629,0.357542,0.240515,0.440797,0.496627,0.151000,0.175039
-0.097102,0.157019,0.459505,0.572080,0.032996,0.213327,-0.056095,0.430731,-0.056266,0.095495,0.145100,0.065946,0.124992,-0.037779,0.144524,0.158647,0.042316,0.012600,0.214350,0.353560,0.852710,0.698478,0.862125,0.728527,0.781339,0.812706,0.546804,0.616911,-0.225793,-0.135658,0.000000,1.689263,0.656439,0.604203,0.714766,0.627226,0.071260,0.490823,0.376409,0.443642,-0.098010,-0.058758,0.269990,0.276994,0.058379,-0.028156,0.069811,0.357588,-0.250967,-0.089767,-0.204699,-0.151644,-0.071347,-0.185429,-0.092505,0.083564,0.267359,0.315673,-0.114081,-0.070534,-0.164366,-0.023449,-0.024794,-0.031871,0.215135,0.487971,0.254773,0.442961,0.303268,0.243867,0.619827,0.351632,-0.017349,0.107531,0.136597,0.201861,0.258165,0.504368,-0.009537,0.337967,0.037698,0.160011,-0.111710,-0.177408,0.145318,0.265777,0.126634,0.159535,0.165054,0.197502
-0.080386,0.169264,0.407672,0.683375,0.133205,0.356474,-0.047185,0.591252,0.000068,0.249226,0.104685,0.153400,0.099241,0.027228,0.162213,0.249259,-0.038500,-0.019821,0.229409,0.367244,0.679941,0.694225,0.854713,0.868915,0.775747,0.972279,0.654591,0.730264,-0.261681,-0.110923,1.689263,0.000000,0.704049,0.692730,0.705787,0.660337,0.088034,0.442414,0.342323,0.422314,-0.106550,-0.071067,0.307881,0.351107,0.064512,0.028872,0.099585,0.373263,-0.213894,-0.012460,-0.168870,-0.101951,-0.060797,-0.155697,-0.095740,0.108727,0.269417,0.294805,-0.068749,-0.022351,-0.132114,0.027508,0.013187,-0.016768,0.216529,0.628645,0.331512,0.542226,0.315447,0.305852,0.528632,0.355103,0.008006,0.159495,0.144960,0.241430,0.258625,0.503965,-0.050505,0.356469,0.077408,0.204235,-0.061723,-0.146427,0.161783,0.366572,0.125078,0.208630,0.230165,0.285395
0.431785,0.702444,0.430667,0.714496,0.389112,0.488979,0.424678,0.814588,0.228265,0.335434,0.254906,0.497910,0.375235,0.335147,0.295549,0.453735,0.256481,0.213281,0.635600,0.761053,0.242941,0.508042,0.747552,0.761421,0.573462,0.567578,0.506658,0.556180,0.153706,0.277572,0.656439,0.704049,0.000000,1.377246,0.685353,0.570985,0.092291,0.472421,0.450884,0.524591,0.059686,0.027103,0.885702,0.861944,0.449509,0.467712,0.495414,0.809251,0.105577,0.350571,0.229617,0.291241,0.181874,0.199303,0.319327,0.389995,0.602134,0.605683,0.316149,0.335910,0.342879,0.294234,0.458329,0.475702,0.474360,0.564014,0.883524,1.129186,0.683290,0.744682,0.503006,0.509924,0.402778,0.480694,0.582811,0.565947,0.658051,0.757683,0.156310,0.467090,0.520403,0.568758,0.415012,0.314814,0.434334,0.554528,0.523049,0.472260,0.554076,0.521588
0.410686,0.739524,0.515151,0.810276,0.346638,0.474591,0.341732,0.830796,0.125739,0.320655,0.233484,0.472961,0.240155,0.256710,0.225517,0.487540,0.213170,0.297668,0.626445,0.763975,0.214236,0.450866,0.789128,0.890889,0.677150,0.668726,0.503754,0.617811,0.038329,0.352330,0.604203,0.692730,1.377246,0.000000,0.793711,0.691565,0.234202,0.422160,0.609259,0.640124,0.175748,0.203273,0.986420,0.961678,0.447643,0.533038,0.574733,0.896959,0.149016,0.449367,0.246891,0.347931,0.250829,0.264965,0.372260,0.337639,0.676238,0.720965,0.352111,0.347375,0.286805,0.265902,0.415220,0.394149,0.505163,0.737778,1.005718,1.378018,0.762804,0.769357,0.349447,0.502562,0.302197,0.481543,0.515165,0.468355,0.623719,0.731523,0.153146,0.481770,0.653145,0.792112,0.489658,0.489867,0.618518,0.718341,0.641299,0.683993,0.604774,0.662456
0.249032,0.571674,0.567426,0.813530,0.163573,0.230746,0.117357,0.551126,-0.075659,0.213631,0.251078,0.332985,0.067478,0.143688,0.163322,0.385020,0.148211,0.246933,0.455249,0.556625,0.493806,0.637889,0.868734,0.860194,0.999697,0.691798,0.569565,0.742605,-0.231623,0.039660,0.714766,0.705787,0.685353,0.793711,0.000000,0.927469,0.178399,0.468177,0.706804,0.586295,0.075112,0.098251,0.640866,0.608407,0.266356,0.325122,0.453650,0.678690,0.085208,0.405496,0.289222,0.410626,0.320047,0.296481,0.396686,0.439237,0.524498,0.600143,0.261550,0.270568,0.079555,0.141860,0.069241,0.062325,0.438851,0.798214,0.733424,0.826224,0.596638,0.503873,0.406364,0.410726,0.018426,0.268815,0.214449,0.326252,0.441247,0.655174,0.081279,0.432680,0.304079,0.489721,0.171069,0.145623,0.558013,0.624161,0.448618,0.554658,0.565713,0.625255
0.175195,0.403208,0.428915,0.704074,0.155386,0.220862,0.117800,0.471427,0.024044,0.226605,0.254839,0.204259,0.114743,0.030185,0.183617,0.376893,0.193788,0.195062,0.388579,0.386393,0.428478,0.517414,0.720941,0.756801,0.760220,0.668625,0.479487,0.584457,-0.177335,-0.120897,0.627226,0.660337,0.570985,0.691565,0.927469,0.000000,0.018166,0.381670,0.437044,0.467758,-0.150175,-0.099358,0.445669,0.424457,0.219270,0.279386,0.345367,0.543740,-0.028462,0.248898,0.131050,0.185009,0.256882,0.132551,0.293352,0.365575,0.484353,0.516790,0.160499,0.100804,0.082643,0.027907,-0.005762,-0.030852,0.381856,0.640401,0.538357,0.683262,0.585012,0.472170,0.404980,0.451199,0.016935,0.201700,0.126110,0.316751,0.367231,0.575622,0.158074,0.295481,0.137045,0.231032,0.111397,0.020589,0.360508,0.476439,0.386770,0.479915,0.511181,0.490335
0.021440,0.142864,0.215212,0.070075,-0.021669,-0.049868,-0.063345,0.022620,-0.218103,-0.106465,-0.019445,0.027634,-0.101121,-0.035114,-0.025609,0.138412,-0.254597,0.052728,0.101388,0.259854,-0.109603,0.308154,0.147136,0.167251,0.062773,-0.053841,0.017987,0.077903,0.008554,0.364115,0.071260,0.088034,0.092291,0.234202,0.178399,0.018166,0.000000,0.170930,0.588124,0.406284,0.723943,0.707960,0.193869,0.182812,0.036956,0.097595,0.247202,0.151110,-0.050197,-0.040604,-0.008425,-0.003669,-0.003780,-0.051453,0.067657,0.049186,0.147061,0.126421,-0.024844,0.038736,-0.114294,-0.143190,0.236217,0.114637,0.121685,0.096129,0.195001,0.285235,0.072574,0.153281,-0.062744,0.229749,0.102278,0.106220,0.051954,-0.024090,0.075488,0.103913,-0.251854,0.245264,0.292801,0.358596,0.473926,0.451518,0.350301,0.320096,0.298580,0.435984,0.153681,0.142873
0.020667,0.256555,0.269298,0.500046,-0.055865,0.047922,-0.063019,0.361854,-0.267058,-0.059065,0.153243,0.027098,0.201750,-0.010582,-0.031268,0.026363,0.044507,0.056115,0.316266,0.478859,0.304648,0.333275,0.560984,0.502345,0.423757,0.439185,0.288295,0.386596,-0.113591,0.170266,0.490823,0.442414,0.472421,0.422160,0.468177,0.381670,0.170930,0.000000,0.573440,0.823988,0.017478,0.097678,0.363996,0.395473,0.134264,0.168269,0.301204,0.573388,-0.105123,0.121418,-0.021900,0.167859,-0.019226,0.082529,0.333952,0.426980,0.196711,0.281065,-0.033628,0.079131,-0.136742,-0.102764,-0.037967,0.033918,0.049010,0.319199,0.320063,0.432960,0.246700,0.322226,0.248199,0.130561,-0.051949,0.121196,0.010188,0.159212,0.173256,0.363422,0.253120,0.398672,0.270126,0.444411,0.092796,0.140010,0.240883,0.500035,0.287942,0.447565,0.204269,0.284122
0.205956,0.469205,0.445106,0.474724,0.089576,0.101338,0.082845,0.309975,-0.139798,0.034023,0.135091,0.131699,0.047923,-0.020117,0.104654,0.247135,0.078268,0.340843,0.353296,0.556591,0.263767,0.405271,0.546444,0.554446,0.532751,0.436294,0.286599,0.388236,-0.073193,0.328117,0.376409,0.342323,0.450884,0.609259,0.706804,0.437044,0.588124,0.573440,0.000000,1.104312,0.440052,0.539978,0.583640,0.476008,0.254954,0.328994,0.527512,0.703498,0.106146,0.330335,0.224832,0.372719,0.235680,0.238278,0.512592,0.389841,0.430089,0.453840,0.174342,0.184116,-0.000706,-0.015189,0.140789,0.153540,0.297705,0.456922,0.523057,0.597449,0.517801,0.448836,0.229307,0.374318,0.071148,0.219790,0.146613,0.168844,0.236684,0.426478,0.077084,0.483932,0.528453,0.676781,0.431027,0.567772,0.602304,0.583018,0.568872,0.892871,0.493464,0.513387
0.081044,0.382590,0.337546,0.515112,0.085171,0.154659,-0.027266,0.374124,-0.166547,0.055549,0.120367,0.121852,0.091447,-0.029903,0.060895,0.283298,0.026979,0.249359,0.452669,0.583462,0.278668,0.420508,0.597432,0.615380,0.587096,0.566161,0.380652,0.476711,-0.093303,0.355896,0.443642,0.422314,0.524591,0.640124,0.586295,0.467758,0.406284,0.823988,1.104312,0.000000,0.192930,0.358897,0.487696,0.518894,0.066657,0.186248,0.278792,0.687502,-0.102427,0.236658,0.038513,0.278370,0.014514,0.142118,0.317424,0.357119,0.302068,0.340741,0.058376,0.076712,-0.094806,-0.101228,0.040347,0.029810,0.167608,0.528746,0.452034,0.638375,0.383284,0.418345,0.242145,0.378681,0.035484,0.258360,0.166748,0.321086,0.258287,0.502080,0.246166,0.551576,0.505989,0.711446,0.423193,0.528901,0.417430,0.564865,0.511967,0.906988,0.399673,0.502878
0.144429,0.163899,0.270582,0.031238,-0.123019,-0.226132,0.126091,-0.057893,-0.155817,-0.317623,0.038748,-0.027101,-0.012181,-0.005620,-0.083679,-0.060466,0.008361,0.009373,0.115881,0.196040,-0.249045,-0.029171,0.012581,0.038383,-0.045831,-0.238615,-0.217058,-0.076689,0.010465,0.377548,-0.098010,-0.106550,0.059686,0.175748,0.075112,-0.150175,0.723943,0.017478,0.440052,0.192930,0.000000,0.806982,0.282094,0.259649,0.169134,0.235763,0.356178,0.188115,0.109487,0.028035,0.108329,0.169482,0.085076,0.120138,0.072206,-0.042392,0.134726,0.154895,0.098139,0.091192,0.077456,-0.064762,0.168370,0.084692,0.128476,-0.069141,0.241713,0.180195,0.068022,0.045411,-0.189104,-0.114658,0.170881,0.264553,0.024155,-0.083942,0.088322,0.025917,-0.319737,0.321632,0.244536,0.314646,0.388079,0.495368,0.306861,0.247989,0.176662,0.270450,-0.026648,-0.001842
0.032765,0.153542,0.271885,0.045474,-0.071226,-0.138175,0.095012,-0.015768,-0.116313,-0.236543,0.041087,0.072235,-0.063207,-0.001750,-0.105168,0.045866,-0.091837,0.125043,0.101911,0.242167,-0.157695,-0.125218,0.075468,0.112197,-0.033962,-0.119919,-0.159486,0.037537,0.023985,0.487252,-0.058758,-0.071067,0.027103,0.203273,0.098251,-0.099358,0.707960,0.097678,0.539978,0.358897,0.806982,0.000000,0.239937,0.250558,0.091209,0.164496,0.246274,0.243492,0.076903,0.080241,0.054737,0.195172,0.095187,0.131762,0.160500,-0.057526,0.088374,0.052581,0.087950,0.106437,0.006443,-0.054971,0.175121,0.078049,0.083970,0.030378,0.239346,0.184221,0.074592,0.020910,-0.209535,0.080926,0.090393,0.260775,0.052896,-0.079113,-0.037628,0.025425,-0.285814,0.266728,0.294571,0.403323,0.283106,0.776054,0.345834,0.246964,0.279300,0.432442,0.041958,0.161520
0.615658,0.877838,0.433359,0.596925,0.356464,0.398203,0.504510,0.571367,0.157148,0.229261,0.393885,0.517784,0.311090,0.346463,0.328470,0.440774,0.329795,0.282312,0.493046,0.601583,0.095093,0.334412,0.518594,0.619759,0.532082,0.367223,0.309294,0.423738,0.117433,0.351958,0.269990,0.307881,0.885702,0.986420,0.640866,0.445669,0.193869,0.363996,0.583640,0.487696,0.282094,0.239937,0.000000,1.387596,0.662770,0.883259,1.078471,1.201385,0.410641,0.548363,0.498764,0.561995,0.401676,0.449482,0.587658,0.418229,0.659429,0.671229,0.512638,0.410599,0.429859,0.240430,0.454463,0.397144,0.485947,0.477305,0.984693,1.013536,0.690334,0.644891,0.312414,0.397566,0.366237,0.480725,0.532484,0.413812,0.723335,0.640658,0.222743,0.436192,0.695807,0.815949,0.471545,0.548674,0.704836,0.642693,0.742584,0.652398,0.559328,0.499403
0.438993,0.718041,0.299074,0.587114,0.346581,0.501584,0.360167,0.659531,0.122180,0.325453,0.286909,0.596535,0.291207,0.452405,0.268753,0.524676,0.182740,0.261942,0.466889,0.539259,0.044223,0.291099,0.449131,0.595729,0.528136,0.443900,0.393646,0.550511,0.038010,0.336491,0.276994,0.351107,0.861944,0.961678,0.608407,0.424457,0.182812,0.395473,0.476008,0.518894,0.259649,0.250558,1.387596,0.000000,0.493413,0.824248,0.718878,1.210279,0.317862,0.559695,0.414101,0.614833,0.236748,0.360302,0.486497,0.454576,0.419146,0.493453,0.436152,0.470906,0.377741,0.307502,0.397232,0.364148,0.347095,0.523779,0.938227,1.097190,0.472191,0.511927,0.196958,0.346610,0.340876,0.601934,0.594322,0.416461,0.588454,0.645258,0.068107,0.438780,0.573338,0.812084,0.401156,0.588156,0.507533,0.736662,0.523109,0.610654,0.467677,0.602664
0.547812,0.534661,0.274997,0.250779,0.200098,0.225417,0.596202,0.299199,0.226229,0.078878,0.308380,0.232310,0.337081,0.183245,0.290699,0.164388,0.453795,0.259530,0.242139,0.255613,0.024068,0.047122,0.191362,0.224917,0.100820,0.077529,0.058764,0.072717,0.432108,0.340275,0.058379,0.064512,0.449509,0.447643,0.266356,0.219270,0.036956,0.134264,0.254954,0.066657,0.169134,0.091209,0.662770,0.493413,0.000000,1.137129,0.851540,0.538332,0.839537,0.427840,0.611628,0.322628,0.452435,0.352942,0.539742,0.304012,0.563505,0.564206,0.497567,0.292973,0.517579,0.246836,0.547518,0.428456,0.497929,0.095163,0.674287,0.521562,0.607518,0.426647,0.102811,0.265035,0.330612,0.154422,0.315215,0.102275,0.272203,0.153043,0.192102,0.124650,0.515705,0.391560,0.485644,0.385596,0.567309,0.309896,0.427016,0.274304,0.265526,0.135904
0.633727,0.756406,0.303037,0.371973,0.194297,0.291023,0.588510,0.393652,0.196529,0.130775,0.419244,0.380632,0.382103,0.336366,0.337786,0.265121,0.320613,0.315578,0.460008,0.450770,-0.121745,0.060247,0.253192,0.323297,0.145387,0.067626,0.109424,0.189324,0.279694,0.316883,-0.028156,0.028872,0.467712,0.533038,0.325122,0.279386,0.097595,0.168269,0.328994,0.186248,0.235763,0.164496,0.883259,0.824248,1.137129,0.000000,0.978824,0.846070,0.631477,0.665662,0.589685,0.609453,0.494562,0.512019,0.656242,0.487581,0.598089,0.674905,0.510919,0.403041,0.534408,0.242316,0.430145,0.414540,0.415664,0.153187,0.741115,0.650225,0.682460,0.539166,-0.088422,0.220566,0.249756,0.264438,0.355859,0.191095,0.298981,0.199056,0.111823,0.233533,0.551502,0.580517,0.537222,0.504119,0.609704,0.511257,0.511580,0.415038,0.368923,0.291904
0.720883,0.806686,0.475707,0.465776,0.173159,0.162545,0.569072,0.387278,0.070149,0.032602,0.530126,0.377527,0.292716,0.208584,0.248850,0.219160,0.323314,0.228774,0.417323,0.472665,0.038767,0.303809,0.371830,0.418795,0.306207,0.119113,0.085967,0.126938,0.197858,0.316524,0.069811,0.099585,0.495414,0.574733,0.453650,0.345367,0.247202,0.301204,0.527512,0.278792,0.356178,0.246274,1.078471,0.718878,0.851540,0.978824,0.000000,0.857811,0.658073,0.591038,0.704334,0.593487,0.651521,0.576563,0.765572,0.449063,0.718030,0.691231,0.588703,0.400095,0.489088,0.189172,0.401783,0.332663,0.474727,0.246802,0.836865,0.653079,0.665251,0.566853,0.136175,0.260881,0.336142,0.283412,0.331561,0.153239,0.511445,0.347016,0.147045,0.270608,0.464055,0.519250,0.439968,0.420824,0.733478,0.494615,0.596776,0.470882,0.386665,0.245231
0.526940,0.823090,0.463277,0.682537,0.206546,0.341695,0.431863,0.662190,0.033899,0.180643,0.465984,0.467375,0.387020,0.315177,0.317752,0.416527,0.256595,0.385152,0.619599,0.698974,0.194282,0.317898,0.590312,0.636965,0.550913,0.449969,0.337737,0.468452,0.048035,0.348540,0.357588,0.373263,0.809251,0.896959,0.678690,0.543740,0.151110,0.573388,0.703498,0.687502,0.188115,0.243492,1.201385,1.210279,0.538332,0.846070,0.857811,0.000000,0.304896,0.617519,0.403933,0.650171,0.394400,0.518853,0.715835,0.702907,0.551138,0.690395,0.411758,0.445232,0.308225,0.235432,0.273331,0.382289,0.378622,0.499999,0.859264,0.904176,0.639405,0.575299,0.232936,0.378516,0.240325,0.447277,0.484331,0.416434,0.500478,0.570235,0.138134,0.409888,0.505664,0.797108,0.335860,0.514320,0.593991,0.703327,0.610266,0.664654,0.522040,0.568942
