0.000000,0.746634,0.320852,0.302162,0.420715,0.459468,0.427880,0.300880,0.417482,0.309605,0.608142,0.560221,0.667339,0.365141,0.816085,0.380711,0.607538,0.497574,0.590809,0.526187,0.117070,0.115706,0.226042,0.267936,0.109996,0.094685,0.122469,0.198559,0.475885,0.243217,0.170504,0.128730,0.479932,0.449995,0.236320,0.172258,0.379300,0.358001,0.177975,0.257000,0.286297,0.451846,0.509180,0.519063,0.473074,0.464103,0.618601,0.589922,0.506077,0.637354,0.713625,0.528166,0.479416,0.470752,0.445958,0.533096,0.925792,0.725742,0.801473,0.467567,0.505110,0.344595,0.206601,0.135430,0.377245,0.336956,0.507903,0.409361,0.672110,0.419944,0.247592,0.158959,0.511132,0.412661,0.502159,0.396540,0.501665,0.393252,0.248367,0.406103,0.395050,0.357520,0.218680,0.336076,0.760981,0.449740,0.290467,0.160845,0.494233,0.520007
0.746634,0.000000,0.017105,0.265940,0.240916,0.415109,0.127330,0.196963,0.171654,0.114459,0.232504,0.755203,0.315610,0.425624,0.410600,0.445319,0.646630,0.699132,0.225330,0.721375,0.104368,0.074498,0.015837,0.071862,0.135098,0.201858,-0.037373,-0.016235,0.542014,0.601704,0.201557,0.143719,0.475840,0.560613,0.068679,-0.009305,0.174259,0.228900,0.102551,0.142740,0.329628,0.412106,0.610572,0.651591,0.530692,0.684724,0.775682,0.686797,0.396410,0.602775,0.833823,0.685043,0.690273,0.771769,0.511165,0.700836,0.536031,0.874788,0.422507,0.329321,0.251292,0.223451,0.487811,0.314087,0.324307,0.061261,0.406179,0.428445,0.346292,0.441644,0.231761,0.187216,0.440810,0.424231,0.413486,0.481769,0.433011,0.445491,0.274839,0.507305,0.474895,0.813267,0.095074,0.474896,0.445845,0.602856,0.089048,0.076348,0.102298,0.119230
0.320852,0.017105,0.000000,0.460674,0.418413,-0.024638,0.640677,0.156212,0.284195,0.226528,0.190485,-0.134672,0.243069,0.024269,0.402450,0.247164,-0.064987,-0.125335,0.607811,0.303004,0.321090,0.276652,1.072831,0.914399,0.256800,0.309098,0.178419,0.316315,-0.043722,-0.197934,0.667384,0.499728,0.399219,0.236939,0.616547,0.369384,0.474134,0.277520,0.374055,0.443321,0.279380,0.207736,0.213831,0.024166,0.109401,-0.103428,0.113325,0.103851,0.346647,0.020671,0.409085,0.254046,0.163208,0.065863,0.141074,0.003006,0.258857,0.366393,0.228395,-0.145165,0.191808,-0.250465,-0.275474,-0.269289,0.331866,0.239004,0.451703,0.254818,0.443839,0.308500,0.364801,0.279885,0.231400,0.093524,0.260672,0.084891,0.428838,0.283127,0.117218,0.116467,-0.017001,-0.098680,-0.008063,-0.001085,0.380510,0.121653,0.320770,0.238292,0.445589,0.282870
0.302162,0.265940,0.460674,0.000000,0.734358,0.439111,0.704086,1.061197,0.733242,0.437122,0.434697,0.437780,0.252627,0.511135,0.401573,0.577611,0.173878,0.067246,0.529090,0.825511,0.065739,0.240094,0.393409,0.658099,0.475749,0.533239,-0.010540,0.203480,0.003490,0.070495,0.207621,0.378234,0.351752,0.661989,0.308890,0.524602,0.292336,0.261302,0.351882,0.388495,0.285748,0.271995,0.458555,0.311576,0.235313,0.254997,0.529204,0.495508,0.435869,0.314204,0.531299,0.532756,0.595986,0.480622,0.528360,0.337224,0.113363,0.130176,0.434445,0.425712,0.508515,0.380531,0.062005,0.215754,0.491940,0.702833,0.705064,0.658790,0.312030,0.597912,0.326587,0.325021,0.209072,0.291719,0.350342,0.168684,0.602018,0.647282,0.075683,-0.028115,-0.034371,0.013142,-0.015059,0.251699,0.505990,0.516418,0.121697,0.198569,0.624831,0.698182
0.420715,0.240916,0.418413,0.734358,0.000000,0.784873,0.571670,0.640378,1.037720,0.727908,0.398568,0.338474,0.269493,0.173339,0.594089,0.442522,0.386579,0.238574,0.585295,0.632942,0.203683,0.329768,0.199905,0.429493,0.307379,0.540086,0.075614,0.262523,0.166056,0.071968,0.084651,0.043362,0.261797,0.428229,0.437624,0.563037,0.263910,0.206433,0.209544,0.350520,0.292773,0.232280,0.511171,0.468689,0.548672,0.483985,0.599835,0.604139,0.553308,0.585499,0.620342,0.593461,0.607401,0.500822,0.553316,0.505312,0.262778,0.150263,0.683417,0.475943,0.557034,0.443418,0.082930,0.187678,0.587337,0.718996,0.786927,0.798076,0.346838,0.510813,0.327416,0.329056,0.399869,0.351003,0.475455,0.357342,0.666124,0.646468,0.253967,0.030466,0.098592,0.072063,-0.151351,0.098653,0.584718,0.474148,0.204108,0.241033,0.697142,0.773992
0.459468,0.415109,-0.024638,0.439111,0.784873,0.000000,0.259349,0.450103,0.666177,0.656963,0.193967,0.398159,0.185340,0.104468,0.425226,0.358140,0.440278,0.383142,0.338668,0.565430,0.080713,0.074984,-0.154746,0.082539,0.116881,0.389519,0.066776,0.170005,0.293668,0.262470,-0.032541,-0.031882,0.219497,0.428246,0.033267,0.174129,0.049683,0.231287,0.002320,0.117696,0.139396,0.424890,0.535559,0.648795,0.548967,0.626180,0.770411,0.689856,0.443073,0.680216,0.531518,0.552226,0.593474,0.537939,0.559611,0.781729,0.254922,0.032172,0.647244,0.508136,0.409985,0.427579,0.360782,0.300898,0.426915,0.351181,0.552792,0.643868,0.243034,0.246679,0.128946,0.207773,0.378414,0.329631,0.408049,0.409264,0.328130,0.373650,0.208403,0.122580,0.218295,0.255475,0.034185,0.190731,0.315324,0.493148,0.113059,0.133667,0.326832,0.507941
0.427880,0.127330,0.640677,0.704086,0.571670,0.259349,0.000000,0.917653,0.864095,0.464253,0.787056,0.390205,0.578436,0.467932,0.476351,0.361539,0.302798,0.147085,0.516977,0.426756,0.208096,0.261864,0.441142,0.290387,0.218042,0.274092,-0.037259,0.100315,0.097935,-0.008319,0.272212,0.260421,0.592186,0.674217,0.257551,0.364198,0.377088,0.298878,0.290787,0.359613,0.361793,0.323950,0.362460,0.176888,0.183785,0.047947,0.354593,0.235238,0.712292,0.297162,0.293748,0.154655,0.431435,0.101620,0.472003,0.148853,0.271581,0.250599,0.772937,0.402375,1.068974,0.469708,0.112004,0.356967,0.507827,0.544862,0.713381,0.342983,0.255183,0.357808,0.606484,0.463094,0.432344,0.389771,0.561471,0.294421,0.725931,0.482881,0.052018,0.027191,-0.093893,-0.059413,-0.058648,0.098693,0.418858,0.104212,0.154796,0.141515,0.829589,0.552080
0.300880,0.196963,0.156212,1.061197,0.640378,0.450103,0.917653,0.000000,0.979413,0.469275,0.746320,0.697020,0.500494,0.702097,0.416454,0.471171,0.275081,0.142014,0.285720,0.493488,-0.001757,0.153990,0.127997,0.248830,0.308715,0.285844,-0.074104,0.098788,0.053286,0.110616,-0.014749,0.202731,0.320243,0.747576,0.135361,0.380523,0.175796,0.211775,0.204908,0.235687,0.204629,0.246428,0.414378,0.302209,0.209687,0.233059,0.507095,0.386708,0.505634,0.397311,0.325637,0.298004,0.515631,0.272962,0.495752,0.309485,0.039676,0.000484,0.700330,0.738998,0.877588,0.912091,0.215863,0.487471,0.578498,0.932034,0.607112,0.478253,0.104847,0.320584,0.408272,0.411904,0.284743,0.422469,0.444982,0.256631,0.560703,0.555910,-0.028182,-0.100797,-0.126136,-0.036487,-0.047031,0.168122,0.463937,0.323149,0.064956,0.082171,0.700578,0.775439
0.417482,0.171654,0.284195,0.733242,1.037720,0.666177,0.864095,0.979413,0.000000,0.565482,0.631507,0.443738,0.481636,0.400038,0.543355,0.421830,0.443950,0.347695,0.389258,0.405627,0.181106,0.208788,0.225513,0.274134,0.406887,0.345469,0.069949,0.237680,0.124109,0.041417,-0.030625,0.051953,0.311901,0.537590,0.254063,0.534444,0.228916,0.177050,0.234208,0.289586,0.240928,0.347093,0.455101,0.342959,0.391685,0.340360,0.514515,0.481732,0.686130,0.571842,0.459876,0.418779,0.612940,0.385165,0.615182,0.450747,0.269435,0.102711,0.916735,0.674345,0.903815,0.676936,0.237276,0.416531,0.588506,0.797892,0.748455,0.563987,0.347770,0.364851,0.382443,0.376510,0.486906,0.502264,0.527349,0.315181,0.749431,0.642777,0.101811,0.000631,0.008349,0.061132,-0.082079,0.151599,0.379165,0.294210,0.154891,0.156095,0.795808,0.861631
0.309605,0.114459,0.226528,0.437122,0.727908,0.656963,0.464253,0.469275,0.565482,0.000000,0.226683,0.225899,0.096019,0.053189,0.344228,0.364520,0.248664,0.099293,0.349888,0.403356,0.059146,0.271298,-0.045664,0.208375,-0.017256,0.368525,0.015800,0.140894,0.166831,0.178167,-0.032374,-0.050076,0.144621,0.367340,0.199205,0.303496,0.199606,0.123384,0.116097,0.258375,0.336320,0.214786,0.279547,0.329972,0.288920,0.261142,0.457476,0.404669,0.469113,0.417708,0.352440,0.393718,0.391973,0.279637,0.412633,0.347935,0.178900,0.046447,0.509616,0.398914,0.410060,0.415977,-0.054294,0.087207,0.197019,0.515744,0.511920,0.539381,0.132524,0.383435,0.144273,0.106753,0.185718,0.196824,0.376781,0.356137,0.350296,0.286994,0.306517,0.077266,0.181728,0.037608,-0.078117,0.107935,0.330879,0.303207,0.157150,0.170544,0.494454,0.483222
0.608142,0.232504,0.190485,0.434697,0.398568,0.193967,0.787056,0.746320,0.631507,0.226683,0.000000,0.795138,1.323693,0.870214,0.700418,0.443923,0.339917,0.210987,0.352515,0.270302,0.139369,0.153311,0.153641,0.154598,0.057596,0.011675,-0.015717,0.069884,0.237536,0.106026,0.017713,0.117681,0.249374,0.405883,0.078263,0.174353,0.355598,0.308705,0.250985,0.273323,0.263505,0.290419,0.351251,0.252696,0.155553,0.115814,0.334877,0.215098,0.476288,0.351276,0.271522,0.106503,0.339058,0.060447,0.378878,0.200927,0.207478,0.233993,0.743867,0.504659,0.902262,0.672118,0.153597,0.414069,0.436511,0.536035,0.360416,0.130634,0.123006,0.163618,0.454246,0.385613,0.405836,0.441315,0.431966,0.286345,0.600390,0.385518,-0.020228,-0.087806,-0.205927,-0.063600,0.073229,0.243779,0.605322,0.183321,0.098357,0.142809,0.618324,0.539515
0.560221,0.755203,-0.134672,0.437780,0.338474,0.398159,0.390205,0.697020,0.443738,0.225899,0.795138,0.000000,0.663635,1.112618,0.563153,0.641360,0.560164,0.582411,0.182495,0.538817,0.134691,0.185245,-0.131764,0.021115,0.098037,0.160725,-0.155777,-0.119752,0.434223,0.493773,-0.041477,0.055860,0.289500,0.579777,-0.039958,0.059882,0.134050,0.245844,0.116173,0.181841,0.413435,0.374433,0.509926,0.510616,0.340698,0.494835,0.661018,0.457266,0.434234,0.650092,0.516478,0.423641,0.636313,0.433979,0.596160,0.539808,0.187100,0.303527,0.638073,0.710476,0.681772,0.848752,0.483115,0.681291,0.417574,0.468231,0.369263,0.319643,0.066441,0.321700,0.326399,0.259516,0.450594,0.600149,0.526121,0.531711,0.518233,0.445830,0.039441,0.053232,0.064806,0.329112,0.015458,0.377533,0.488544,0.490909,0.049387,0.144037,0.350519,0.393294
0.667339,0.315610,0.243069,0.252627,0.269493,0.185340,0.578436,0.500494,0.481636,0.096019,1.323693,0.663635,0.000000,0.770541,0.773168,0.398003,0.272355,0.237360,0.290886,0.183403,0.216291,0.145539,0.278395,0.218937,-0.043871,-0.083263,0.035868,0.079110,0.309933,0.125116,0.131511,0.193422,0.270085,0.309367,0.156834,0.086871,0.357021,0.314713,0.283384,0.311379,0.273730,0.346830,0.322374,0.226642,0.168131,0.096117,0.282848,0.148496,0.390956,0.286101,0.334382,0.116622,0.238172,0.037648,0.296768,0.232914,0.229281,0.338696,0.635030,0.312326,0.605304,0.402725,0.176937,0.260544,0.434872,0.386599,0.234477,0.014372,0.178130,0.032405,0.463396,0.390994,0.460639,0.468049,0.400903,0.272417,0.497204,0.304569,-0.046813,0.018808,-0.129425,0.038252,0.096044,0.242869,0.606505,0.144645,0.130035,0.195278,0.484567,0.399823
0.365141,0.425624,0.024269,0.511135,0.173339,0.104468,0.467932,0.702097,0.400038,0.053189,0.870214,1.112618,0.770541,0.000000,0.416858,0.632939,0.227502,0.247056,0.038987,0.288498,0.129519,0.164545,0.121592,0.209790,0.093586,0.006831,-0.156005,-0.019527,0.137338,0.233531,0.057430,0.220217,0.221830,0.423184,0.018041,0.083883,0.233260,0.242405,0.258478,0.240229,0.332556,0.352083,0.303413,0.203790,0.062154,0.144802,0.324153,0.206991,0.334827,0.298751,0.353081,0.248480,0.455643,0.236864,0.449140,0.287506,0.106556,0.293993,0.435123,0.449764,0.591658,0.540493,0.275863,0.478458,0.367446,0.493106,0.246309,0.126432,0.020275,0.223941,0.363884,0.302431,0.273420,0.449888,0.319108,0.195966,0.491022,0.373078,-0.109787,-0.020630,-0.126748,0.125724,0.055320,0.328907,0.405397,0.339498,0.053321,0.197013,0.402221,0.383607
0.816085,0.410600,0.402450,0.401573,0.594089,0.425226,0.476351,0.416454,0.543355,0.344228,0.700418,0.563153,0.773168,0.416858,0.000000,0.775397,0.372121,0.341901,0.597570,0.504824,0.263567,0.210104,0.324032,0.400472,0.072474,0.212664,0.238595,0.286778,0.490155,0.284269,0.201701,0.190984,0.269855,0.345181,0.272921,0.191218,0.466813,0.507980,0.133456,0.254875,0.314499,0.420099,0.459706,0.425244,0.364290,0.379701,0.465101,0.429385,0.398762,0.509413,0.655936,0.461526,0.488499,0.406073,0.444353,0.534258,0.286145,0.264722,0.616079,0.368271,0.442987,0.350968,0.087439,0.111180,0.560806,0.452051,0.404044,0.295831,0.378439,0.305720,0.304796,0.279404,0.580254,0.522577,0.611460,0.533784,0.531104,0.385770,0.213801,0.241227,0.188344,0.215734,0.223078,0.343002,0.950963,0.431587,0.388484,0.311240,0.559478,0.559675
0.380711,0.445319,0.247164,0.577611,0.442522,0.358140,0.361539,0.471171,0.421830,0.364520,0.443923,0.641360,0.398003,0.632939,0.775397,0.000000,0.199968,0.260979,0.327177,0.623649,0.246837,0.271577,0.212525,0.410271,0.112751,0.327891,0.061665,0.322053,0.207089,0.410962,0.221649,0.250837,0.316332,0.527312,0.220057,0.218224,0.412365,0.488215,0.171963,0.305320,0.369408,0.407329,0.550753,0.547451,0.372747,0.468586,0.556808,0.560931,0.473279,0.499394,0.669212,0.618831,0.678359,0.571292,0.640020,0.694825,0.144939,0.223999,0.453333,0.341057,0.394838,0.304714,0.152025,0.172728,0.448528,0.395621,0.482547,0.482191,0.245859,0.505966,0.156903,0.147930,0.277798,0.398928,0.406790,0.357597,0.418818,0.388472,0.000612,0.079148,0.152139,0.283020,0.253417,0.540522,0.552140,0.574916,0.488785,0.534784,0.495804,0.433852
0.607538,0.646630,-0.064987,0.173878,0.386579,0.440278,0.302798,0.275081,0.443950,0.248664,0.339917,0.560164,0.272355,0.227502,0.372121,0.199968,0.000000,0.924962,0.332237,0.506807,0.196156,0.158114,-0.081456,-0.039628,0.125402,0.338808,0.050708,-0.078632,0.674873,0.436383,0.044542,-0.067300,0.392520,0.438052,0.089080,0.150114,0.052409,0.109358,-0.026922,0.098754,0.305663,0.295802,0.466859,0.504217,0.481600,0.517489,0.538326,0.580995,0.370244,0.575181,0.382268,0.353067,0.458964,0.518687,0.427606,0.461165,0.656990,0.469517,0.502399,0.393279,0.499223,0.418447,0.552413,0.447911,0.227871,0.224079,0.377686,0.334928,0.258087,0.455634,0.380516,0.224425,0.613285,0.425440,0.492769,0.556684,0.515064,0.429567,0.584111,0.513028,0.479893,0.548017,-0.062716,0.428387,0.340266,0.319306,-0.028961,0.026312,0.233218,0.262984
0.497574,0.699132,-0.125335,0.067246,0.238574,0.383142,0.147085,0.142014,0.347695,0.099293,0.210987,0.582411,0.237360,0.247056,0.341901,0.260979,0.924962,0.000000,0.134897,0.427693,0.268588,0.166763,-0.141023,-0.080610,0.208611,0.303112,-0.104382,-0.200832,0.698094,0.626333,0.049545,-0.047203,0.363226,0.386824,0.056851,-0.060093,-0.007656,0.206760,-0.014290,0.062034,0.280163,0.455631,0.395238,0.430287,0.396352,0.476681,0.518514,0.437029,0.379579,0.572243,0.397549,0.375181,0.464974,0.415147,0.474074,0.525408,0.616601,0.520453,0.493051,0.408000,0.437002,0.314525,0.651706,0.537938,0.276848,0.105031,0.348338,0.266590,0.149389,0.271776,0.251317,0.250638,0.636150,0.643095,0.483077,0.621590,0.471721,0.414308,0.253710,0.437068,0.466663,0.729785,0.087171,0.458101,0.158903,0.387064,0.100405,0.050670,0.157595,0.157089
0.590809,0.225330,0.607811,0.529090,0.585295,0.338668,0.516977,0.285720,0.389258,0.349888,0.352515,0.182495,0.290886,0.038987,0.597570,0.327177,0.332237,0.134897,0.000000,0.730296,0.231087,0.266371,0.341799,0.450661,0.148286,0.358213,0.133079,0.190861,0.315326,0.057861,0.321921,0.211391,0.352352,0.330157,0.386995,0.384031,0.257782,0.337901,0.134588,0.242582,0.168109,0.239672,0.464508,0.370803,0.411617,0.304019,0.410215,0.418074,0.311219,0.318294,0.438723,0.318408,0.285192,0.325522,0.268572,0.302651,0.288643,0.237243,0.378639,0.102324,0.292001,0.076793,-0.025078,-0.040337,0.266669,0.254072,0.460942,0.375288,0.572187,0.493035,0.393692,0.308499,0.449711,0.293837,0.445450,0.425778,0.505244,0.424699,0.348499,0.159787,0.155413,0.040515,-0.020841,0.187431,0.570043,0.252428,0.194364,0.260001,0.432125,0.449421
0.526187,0.721375,0.303004,0.825511,0.632942,0.565430,0.426756,0.493488,0.405627,0.403356,0.270302,0.538817,0.183403,0.288498,0.504824,0.623649,0.506807,0.427693,0.730296,0.000000,0.115689,0.300978,0.201130,0.408056,0.281792,0.576112,-0.034622,0.081491,0.372473,0.435413,0.287321,0.216947,0.521029,0.752795,0.235872,0.211152,0.295131,0.304596,0.219845,0.323684,0.365554,0.344595,0.635958,0.618239,0.469670,0.549428,0.871847,0.720310,0.424467,0.495385,0.714650,0.635888,0.739795,0.706407,0.580216,0.600169,0.315187,0.359603,0.438319,0.337090,0.357629,0.236552,0.225657,0.193994,0.363414,0.307362,0.682626,0.721616,0.320924,0.878816,0.300452,0.275555,0.386439,0.374025,0.526193,0.525055,0.602405,0.686809,0.376675,0.249546,0.287326,0.341263,-0.016172,0.372784,0.521304,0.589383,0.107381,0.218402,0.405981,0.403092
0.117070,0.104368,0.321090,0.065739,0.203683,0.080713,0.208096,-0.001757,0.181106,0.059146,0.139369,0.134691,0.216291,0.129519,0.263567,0.246837,0.196156,0.268588,0.231087,0.115689,0.000000,0.806134,0.194206,0.231509,-0.066669,0.333376,0.172058,0.106143,0.273335,0.102543,0.561008,0.383717,0.239443,0.155236,0.313377,0.084615,0.126774,0.155063,0.061171,0.182350,0.465857,0.422805,0.245474,0.170648,0.158823,0.012210,0.090268,0.112985,0.192514,0.109348,0.132190,0.145055,0.011088,0.014577,0.046423,0.039114,0.189942,0.178793,0.024774,-0.191534,0.074660,-0.123564,0.048403,0.011537,0.083035,0.019947,0.126167,-0.009242,0.114499,0.015844,0.655375,0.517092,0.742042,0.533854,0.441015,0.416960,0.439176,0.225317,0.083323,0.090844,0.007807,0.078398,-0.078191,0.252689,0.084092,0.079696,0.075686,0.346417,-0.031441,-0.033833
0.115706,0.074498,0.276652,0.240094,0.329768,0.074984,0.261864,0.153990,0.208788,0.271298,0.153311,0.185245,0.145539,0.164545,0.210104,0.271577,0.158114,0.166763,0.266371,0.300978,0.806134,0.000000,0.189316,0.293184,-0.056976,0.545074,-0.046848,-0.029849,0.153327,0.067954,0.264199,0.119082,0.168345,0.200323,0.469505,0.330826,0.206550,0.044129,0.261189,0.368597,0.678210,0.224756,0.250246,0.181333,0.208292,0.082695,0.187974,0.174644,0.263735,0.150324,0.160697,0.224199,0.129550,0.124733,0.208901,0.050212,0.161789,0.151933,0.107501,-0.000820,0.166164,-0.001464,-0.192807,-0.101538,-0.089111,0.181213,0.277421,0.243593,0.090732,0.379399,0.513667,0.443391,0.459484,0.453679,0.427159,0.343927,0.559956,0.447577,0.182719,-0.022487,0.018209,-0.047545,-0.347303,0.158361,0.145256,0.045686,0.032859,0.343760,0.215127,0.134766
0.226042,0.015837,1.072831,0.393409,0.199905,-0.154746,0.441142,0.127997,0.225513,-0.045664,0.153641,-0.131764,0.278395,0.121592,0.324032,0.212525,-0.081456,-0.141023,0.341799,0.201130,0.194206,0.189316,0.000000,1.006661,0.437012,0.189841,0.242415,0.363738,-0.170322,-0.299844,0.522753,0.547035,0.303346,0.151983,0.673154,0.487941,0.512778,0.252759,0.327601,0.352124,0.184033,0.221009,0.194696,-0.047105,0.088370,-0.077096,0.058352,0.102510,0.252591,-0.069408,0.373147,0.197343,0.113856,0.080344,0.064792,-0.038266,0.231030,0.326123,0.121604,-0.156557,0.065254,-0.298766,-0.283032,-0.383378,0.183256,0.235937,0.318689,0.224732,0.579406,0.378347,0.267229,0.233177,0.151716,0.044063,0.131511,-0.107850,0.376063,0.353087,0.056861,0.193871,-0.046717,-0.115024,0.053473,0.076216,0.330076,0.037918,0.293239,0.184712,0.398309,0.283020
0.267936,0.071862,0.914399,0.658099,0.429493,0.082539,0.290387,0.248830,0.274134,0.208375,0.154598,0.021115,0.218937,0.209790,0.400472,0.410271,-0.039628,-0.080610,0.450661,0.408056,0.231509,0.293184,1.006661,0.000000,0.427248,0.408449,0.214883,0.363671,-0.091844,-0.147021,0.456186,0.567744,0.145298,0.154530,0.729354,0.451355,0.352186,0.301379,0.296499,0.399790,0.219001,0.240791,0.248799,0.101256,0.117386,0.017541,0.195814,0.219419,0.180185,0.030481,0.528676,0.441772,0.177396,0.210692,0.102591,0.123312,0.193533,0.226966,0.144940,-0.055295,0.037007,-0.179303,-0.270420,-0.366369,0.255058,0.516200,0.353800,0.403223,0.463279,0.441757,0.279542,0.307232,0.167265,0.093099,0.164725,0.017583,0.397255,0.443405,0.124158,0.102035,0.021434,-0.117496,0.072705,0.136276,0.473291,0.371981,0.305417,0.312806,0.429628,0.496569
0.109996,0.135098,0.256800,0.475749,0.307379,0.116881,0.218042,0.308715,0.406887,-0.017256,0.057596,0.098037,-0.043871,0.093586,0.072474,0.112751,0.125402,0.208611,0.148286,0.281792,-0.066669,-0.056976,0.437012,0.427248,0.000000,0.353361,0.046640,0.188494,-0.219247,-0.165342,-0.081931,0.108929,0.112191,0.203959,0.315842,0.343132,0.065582,0.124421,0.060140,0.101044,-0.064130,0.118010,0.221610,0.085884,0.149374,0.160682,0.280030,0.287850,0.280142,0.221099,0.336316,0.360011,0.330350,0.273894,0.174686,0.134657,0.143264,0.105399,0.314638,0.306086,0.230020,0.126495,0.074274,0.046165,0.137919,0.376387,0.440210,0.460854,0.331325,0.415103,0.070409,0.164144,0.063218,0.080228,0.131379,0.039285,0.305019,0.402374,-0.053182,0.014768,0.045948,0.025428,0.076650,-0.021968,0.130672,0.233055,0.135649,-0.213923,0.359890,0.447697
0.094685,0.201858,0.309098,0.533239,0.540086,0.389519,0.274092,0.285844,0.345469,0.368525,0.011675,0.160725,-0.083263,0.006831,0.212664,0.327891,0.338808,0.303112,0.358213,0.576112,0.333376,0.545074,0.189841,0.408449,0.353361,0.000000,0.073238,0.031099,0.092421,0.105780,0.204233,0.127062,0.187056,0.358788,0.497897,0.346244,0.091766,0.135098,0.135800,0.256531,0.449982,0.268408,0.392060,0.350228,0.375184,0.294729,0.467327,0.468680,0.431343,0.393942,0.454444,0.584320,0.401217,0.474321,0.387349,0.358650,0.157885,0.095521,0.239175,0.158279,0.231650,0.055179,-0.031879,0.008587,0.082133,0.329376,0.583755,0.620505,0.107810,0.486801,0.434918,0.473531,0.382778,0.315190,0.452103,0.426821,0.484864,0.480571,0.324057,0.102975,0.087568,0.059163,-0.162572,0.231040,0.210150,0.318772,0.015324,0.145803,0.283153,0.363152
0.122469,-0.037373,0.178419,-0.010540,0.075614,0.066776,-0.037259,-0.074104,0.069949,0.015800,-0.015717,-0.155777,0.035868,-0.156005,0.238595,0.061665,0.050708,-0.104382,0.133079,-0.034622,0.172058,-0.046848,0.242415,0.214883,0.046640,0.073238,0.000000,0.966506,0.184739,0.063832,0.223270,0.290878,0.030566,-0.017210,0.008213,0.024291,0.153595,0.130854,-0.077024,-0.141910,-0.095779,0.080429,0.083473,0.060984,-0.022335,-0.016705,-0.004704,0.081526,-0.066588,-0.089852,0.065389,0.022897,-0.051407,0.036415,-0.176567,0.025492,0.082570,-0.047230,-0.072557,-0.163276,-0.177039,-0.201816,0.034146,-0.154302,0.038109,0.006465,-0.033244,-0.048928,0.288297,-0.067536,0.014500,0.029424,0.205408,0.102266,0.192325,0.166357,-0.048361,-0.070978,0.303774,0.352457,0.158320,0.063342,0.271430,0.072242,0.077748,-0.020690,-0.037512,-0.032327,-0.134862,0.044804
0.198559,-0.016235,0.316315,0.203480,0.262523,0.170005,0.100315,0.098788,0.237680,0.140894,0.069884,-0.119752,0.079110,-0.019527,0.286778,0.322053,-0.078632,-0.200832,0.190861,0.081491,0.106143,-0.029849,0.363738,0.363671,0.188494,0.031099,0.966506,0.000000,-0.008174,0.027545,0.306350,0.372795,0.203551,0.189443,0.136505,0.290647,0.391994,0.345729,-0.024293,-0.024518,-0.120895,0.161679,0.275733,0.207525,0.144809,0.159558,0.149082,0.276131,0.181843,0.106505,0.225828,0.191289,0.168800,0.173979,0.066548,0.197792,0.183489,-0.008678,0.138991,0.047521,0.009070,-0.079232,0.005521,-0.170488,0.164816,0.099692,0.259572,0.272187,0.459575,0.140505,-0.096364,-0.062773,0.049284,0.071567,0.139280,-0.016603,0.005710,0.020332,0.041686,0.182993,0.185786,0.077446,0.432505,0.083622,0.166622,0.111276,0.345557,0.079699,0.154954,0.260375
0.475885,0.542014,-0.043722,0.003490,0.166056,0.293668,0.097935,0.053286,0.124109,0.166831,0.237536,0.434223,0.309933,0.137338,0.490155,0.207089,0.674873,0.698094,0.315326,0.372473,0.273335,0.153327,-0.170322,-0.091844,-0.219247,0.092421,0.184739,-0.008174,0.000000,0.966583,0.310030,0.155483,0.428970,0.369002,-0.009376,-0.050446,0.142792,0.212172,-0.045199,-0.017516,0.256288,0.354136,0.402208,0.456598,0.378664,0.424108,0.374673,0.307434,0.205110,0.326825,0.282565,0.196219,0.246473,0.262266,0.276785,0.358364,0.405431,0.357302,0.219214,0.122532,0.210430,0.156248,0.434079,0.306232,0.291038,-0.083942,0.147655,0.055220,0.118559,0.120346,0.180237,0.094619,0.639497,0.649986,0.456007,0.687170,0.282912,0.173779,0.523206,0.630605,0.571622,0.654196,0.168475,0.432379,0.272023,0.288357,0.046713,0.106289,-0.076483,-0.076323
0.243217,0.601704,-0.197934,0.070495,0.071968,0.262470,-0.008319,0.110616,0.041417,0.178167,0.106026,0.493773,0.125116,0.233531,0.284269,0.410962,0.436383,0.626333,0.057861,0.435413,0.102543,0.067954,-0.299844,-0.147021,-0.165342,0.105780,0.063832,0.027545,0.966583,0.000000,0.239149,0.210138,0.385803,0.515682,-0.116222,-0.230869,0.107201,0.269819,-0.088766,-0.039478,0.173170,0.233205,0.439161,0.581461,0.297114,0.468717,0.512254,0.393829,0.231579,0.326991,0.310599,0.278763,0.395713,0.330955,0.344431,0.488191,0.222845,0.272849,0.176159,0.155400,0.190101,0.222761,0.548263,0.427652,0.346983,-0.070585,0.148605,0.122796,-0.086008,0.157718,-0.044843,-0.010864,0.291359,0.498600,0.276349,0.589235,0.124249,0.076702,0.269406,0.543854,0.713720,0.957461,0.377491,0.420147,0.189715,0.495692,0.103308,0.047330,-0.098149,-0.144804
0.170504,0.201557,0.667384,0.207621,0.084651,-0.032541,0.272212,-0.014749,-0.030625,-0.032374,0.017713,-0.041477,0.131511,0.057430,0.201701,0.221649,0.044542,0.049545,0.321921,0.287321,0.561008,0.264199,0.522753,0.456186,-0.081931,0.204233,0.223270,0.306350,0.310030,0.239149,0.000000,1.195159,0.752624,0.472951,0.378992,0.153530,0.379845,0.341752,0.222507,0.286119,0.323764,0.410590,0.408566,0.247334,0.251778,0.085457,0.171627,0.175130,0.290217,0.017378,0.319261,0.204343,0.084627,0.067483,0.115330,0.091046,0.290928,0.347996,-0.044978,-0.356791,-0.020797,-0.400546,0.031392,-0.162292,0.307602,-0.162709,0.306039,0.147440,0.241138,0.118400,0.347739,0.249896,0.413609,0.277090,0.305841,0.216289,0.301963,0.165749,0.118390,0.353819,0.149897,0.210099,0.150502,0.292964,0.155598,0.205257,0.210717,0.329578,-0.082491,-0.176542
0.128730,0.143719,0.499728,0.378234,0.043362,-0.031882,0.260421,0.202731,0.051953,-0.050076,0.117681,0.055860,0.193422,0.220217,0.190984,0.250837,-0.067300,-0.047203,0.211391,0.216947,0.383717,0.119082,0.547035,0.567744,0.108929,0.127062,0.290878,0.372795,0.155483,0.210138,1.195159,0.000000,0.543142,0.463571,0.329623,0.164179,0.259920,0.333697,0.160070,0.206004,0.173062,0.412219,0.386303,0.199770,0.146363,0.047003,0.171503,0.171453,0.204290,-0.045331,0.296456,0.181597,0.054533,0.042786,0.027555,0.054476,0.166803,0.200684,-0.029869,-0.237183,-0.018156,-0.197852,0.020878,-0.125233,0.342276,0.050151,0.230722,0.115497,0.258707,0.029304,0.280427,0.268193,0.321113,0.277779,0.240991,0.140394,0.239406,0.160977,-0.015045,0.289973,0.098019,0.140245,0.313952,0.321978,0.222654,0.324225,0.180387,0.225068,-0.046622,-0.021379
0.479932,0.475840,0.399219,0.351752,0.261797,0.219497,0.592186,0.320243,0.311901,0.144621,0.249374,0.289500,0.270085,0.221830,0.269855,0.316332,0.392520,0.363226,0.352352,0.521029,0.239443,0.168345,0.303346,0.145298,0.112191,0.187056,0.030566,0.203551,0.428970,0.385803,0.752624,0.543142,0.000000,1.184355,0.242272,0.264691,0.415055,0.303333,0.243286,0.309594,0.365662,0.421537,0.709731,0.535962,0.583739,0.436479,0.566288,0.475609,0.751011,0.414284,0.458929,0.331351,0.495645,0.309816,0.522874,0.357038,0.628839,0.464111,0.458909,0.187139,0.489218,0.067074,0.436615,0.249066,0.486522,0.028832,0.782731,0.481583,0.398504,0.387504,0.285444,0.131356,0.505681,0.479695,0.556266,0.375862,0.504461,0.370774,0.079775,0.333290,0.311422,0.448021,0.097780,0.241595,0.269943,0.285593,0.235564,0.143585,0.246416,0.075258
0.449995,0.560613,0.236939,0.661989,0.428229,0.428246,0.674217,0.747576,0.537590,0.367340,0.405883,0.579777,0.309367,0.423184,0.345181,0.527312,0.438052,0.386824,0.330157,0.752795,0.155236,0.200323,0.151983,0.154530,0.203959,0.358788,-0.017210,0.189443,0.369002,0.515682,0.472951,0.463571,1.184355,0.000000,0.156727,0.287648,0.360639,0.341537,0.236103,0.314721,0.366896,0.467323,0.838914,0.696148,0.568179,0.540346,0.837003,0.690721,0.865529,0.585072,0.559912,0.488805,0.727538,0.458685,0.716007,0.538139,0.435332,0.317863,0.617179,0.477822,0.686149,0.427701,0.438814,0.440299,0.588924,0.306666,0.905052,0.693688,0.275457,0.477045,0.321940,0.258986,0.451957,0.591508,0.604711,0.481573,0.607349,0.571951,0.078834,0.233888,0.253725,0.430347,0.112529,0.347530,0.355280,0.498951,0.214197,0.165505,0.414694,0.316354
0.236320,0.068679,0.616547,0.308890,0.437624,0.033267,0.257551,0.135361,0.254063,0.199205,0.078263,-0.039958,0.156834,0.018041,0.272921,0.220057,0.089080,0.056851,0.386995,0.235872,0.313377,0.469505,0.673154,0.729354,0.315842,0.497897,0.008213,0.136505,-0.009376,-0.116222,0.378992,0.329623,0.242272,0.156727,0.000000,0.703394,0.299850,0.185690,0.243533,0.378231,0.310505,0.185647,0.284762,0.146837,0.421310,0.131571,0.179686,0.217850,0.357788,0.121908,0.440849,0.403036,0.046226,0.154262,0.094257,0.081184,0.283977,0.368524,0.261533,-0.028790,0.113358,-0.107056,-0.331265,-0.426361,0.169836,0.390062,0.511124,0.517403,0.391755,0.433779,0.355950,0.354634,0.261222,0.228822,0.226038,0.119024,0.453157,0.413834,0.083501,0.156055,0.097921,-0.058703,-0.088746,0.082791,0.481627,0.239156,0.345162,0.312451,0.428255,0.375313
0.172258,-0.009305,0.369384,0.524602,0.563037,0.174129,0.364198,0.380523,0.534444,0.303496,0.174353,0.059882,0.086871,0.083883,0.191218,0.218224,0.150114,-0.060093,0.384031,0.211152,0.084615,0.330826,0.487941,0.451355,0.343132,0.346244,0.024291,0.290647,-0.050446,-0.230869,0.153530,0.164179,0.264691,0.287648,0.703394,0.000000,0.258767,0.044754,0.210768,0.280652,0.244255,0.162632,0.355082,0.171294,0.542563,0.358763,0.189066,0.357889,0.457270,0.293936,0.316404,0.348355,0.232062,0.316597,0.315288,0.110739,0.241760,0.105761,0.292049,0.247122,0.238220,0.152464,-0.255444,-0.187699,0.126149,0.373883,0.580336,0.695665,0.621753,0.576195,0.136114,0.066014,0.178439,0.218901,0.164328,-0.065103,0.489951,0.500791,0.092887,0.008970,-0.051847,-0.127571,-0.196179,0.140792,0.264730,0.097835,0.284088,0.250548,0.446496,0.427313
0.379300,0.174259,0.474134,0.292336,0.263910,0.049683,0.377088,0.175796,0.228916,0.199606,0.355598,0.134050,0.357021,0.233260,0.466813,0.412365,0.052409,-0.007656,0.257782,0.295131,0.126774,0.206550,0.512778,0.352186,0.065582,0.091766,0.153595,0.391994,0.142792,0.107201,0.379845,0.259920,0.415055,0.360639,0.299850,0.258767,0.000000,0.513269,0.672969,0.724065,0.467605,0.325287,0.422802,0.324694,0.190604,0.169337,0.295678,0.310017,0.453179,0.208847,0.416279,0.312016,0.332506,0.177795,0.401622,0.276588,0.305511,0.299159,0.266820,0.086003,0.231366,-0.036130,-0.146193,-0.178881,0.198402,0.118767,0.357504,0.304232,0.311962,0.387303,0.118592,0.067656,0.128466,0.204057,0.267698,0.115083,0.414607,0.376723,0.245984,0.177471,0.054948,0.006387,0.086832,0.203718,0.381413,0.246243,0.314211,0.456919,0.438020,0.239075
0.358001,0.228900,0.277520,0.261302,0.206433,0.231287,0.298878,0.211775,0.177050,0.123384,0.308705,0.245844,0.314713,0.242405,0.507980,0.488215,0.109358,0.206760,0.337901,0.304596,0.155063,0.044129,0.252759,0.301379,0.124421,0.135098,0.130854,0.345729,0.212172,0.269819,0.341752,0.333697,0.303333,0.341537,0.185690,0.044754,0.513269,0.000000,0.083343,0.246727,0.118986,0.540300,0.455779,0.331579,0.198172,0.208543,0.321028,0.275506,0.276906,0.183342,0.344756,0.221850,0.263861,0.100419,0.251132,0.353954,0.256677,0.216552,0.283113,0.087131,0.311100,0.098324,0.113979,0.067434,0.295571,0.105054,0.269395,0.235964,0.312053,0.218831,0.257642,0.356693,0.234994,0.349939,0.258110,0.238282,0.290047,0.262459,-0.005805,0.266443,0.208114,0.240305,0.514777,0.311134,0.449477,0.420075,0.522985,0.222084,0.335268,0.279873
0.177975,0.102551,0.374055,0.351882,0.209544,0.002320,0.290787,0.204908,0.234208,0.116097,0.250985,0.116173,0.283384,0.258478,0.133456,0.171963,-0.026922,-0.014290,0.134588,0.219845,0.061171,0.261189,0.327601,0.296499,0.060140,0.135800,-0.077024,-0.024293,-0.045199,-0.088766,0.222507,0.160070,0.243286,0.236103,0.243533,0.210768,0.672969,0.083343,0.000000,1.420820,0.595986,0.198278,0.171364,0.061834,0.002869,-0.047502,0.110544,0.029807,0.311112,0.094515,0.308682,0.258864,0.242947,0.064815,0.383365,0.108008,0.130237,0.263355,0.149273,0.034582,0.159496,-0.067533,-0.194059,-0.134592,0.066849,0.132449,0.242924,0.179547,0.139041,0.196387,0.195348,0.140810,0.078122,0.113845,0.224589,0.049446,0.411616,0.334119,0.214149,-0.090484,-0.247574,-0.191162,-0.373712,0.088994,0.150375,0.218849,-0.078052,0.527241,0.377529,0.220669
0.257000,0.142740,0.443321,0.388495,0.350520,0.117696,0.359613,0.235687,0.289586,0.258375,0.273323,0.181841,0.311379,0.240229,0.254875,0.305320,0.098754,0.062034,0.242582,0.323684,0.182350,0.368597,0.352124,0.399790,0.101044,0.256531,-0.141910,-0.024518,-0.017516,-0.039478,0.286119,0.206004,0.309594,0.314721,0.378231,0.280652,0.724065,0.246727,1.420820,0.000000,0.745021,0.289515,0.326321,0.214303,0.159329,0.080674,0.237054,0.169336,0.411976,0.209034,0.425538,0.368276,0.312268,0.146264,0.477399,0.238393,0.210060,0.292144,0.239280,0.068635,0.237141,0.002677,-0.182469,-0.150853,0.122047,0.199639,0.334732,0.316975,0.197464,0.322648,0.279329,0.182860,0.162160,0.175846,0.297769,0.146698,0.519105,0.413468,0.206321,-0.044085,-0.117042,-0.129213,-0.279981,0.152748,0.297894,0.333319,0.085491,0.647000,0.519459,0.311106
0.286297,0.329628,0.279380,0.285748,0.292773,0.139396,0.361793,0.204629,0.240928,0.336320,0.263505,0.413435,0.273730,0.332556,0.314499,0.369408,0.305663,0.280163,0.168109,0.365554,0.465857,0.678210,0.184033,0.219001,-0.064130,0.449982,-0.095779,-0.120895,0.256288,0.173170,0.323764,0.173062,0.365662,0.366896,0.310505,0.244255,0.467605,0.118986,0.595986,0.745021,0.000000,0.489612,0.392304,0.329620,0.287484,0.229806,0.354880,0.265855,0.509545,0.420263,0.467596,0.489550,0.406966,0.311395,0.552823,0.292185,0.270864,0.330546,0.252942,0.114414,0.280207,0.080958,-0.056621,-0.002501,0.029899,0.153174,0.392592,0.297015,0.065982,0.409008,0.402482,0.187649,0.498390,0.430668,0.593312,0.445499,0.594823,0.383122,0.327708,0.123584,-0.025780,0.093813,-0.323161,0.374367,0.298484,0.314778,0.005981,0.499181,0.261001,0.096937
0.451846,0.412106,0.207736,0.271995,0.232280,0.424890,0.323950,0.246428,0.347093,0.214786,0.290419,0.374433,0.346830,0.352083,0.420099,0.407329,0.295802,0.455631,0.239672,0.344595,0.422805,0.224756,0.221009,0.240791,0.118010,0.268408,0.080429,0.161679,0.354136,0.233205,0.410590,0.412219,0.421537,0.467323,0.185647,0.162632,0.325287,0.540300,0.198278,0.289515,0.489612,0.000000,0.631760,0.453757,0.423488,0.382589,0.480241,0.443191,0.570092,0.456771,0.554702,0.456272,0.459673,0.314031,0.508519,0.539304,0.469237,0.291963,0.354199,0.150926,0.285079,0.074847,0.122688,0.055771,0.212333,0.095113,0.411085,0.324280,0.374045,0.193776,0.377186,0.336559,0.720734,0.711726,0.589810,0.426266,0.585573,0.460340,0.142676,0.402531,0.109790,0.310244,0.270112,0.577560,0.325996,0.497320,0.432066,0.414753,0.234930,0.266104
0.509180,0.610572,0.213831,0.458555,0.511171,0.535559,0.362460,0.414378,0.455101,0.279547,0.351251,0.509926,0.322374,0.303413,0.459706,0.550753,0.466859,0.395238,0.464508,0.635958,0.245474,0.250246,0.194696,0.248799,0.221610,0.392060,0.083473,0.275733,0.402208,0.439161,0.408566,0.386303,0.709731,0.838914,0.284762,0.355082,0.422802,0.455779,0.171364,0.326321,0.392304,0.631760,0.000000,1.456888,1.136292,1.052065,1.274487,1.119237,0.881180,0.818859,0.826694,0.639609,0.807402,0.624366,0.735295,0.851210,0.451930,0.321244,0.530714,0.267572,0.415906,0.198276,0.308510,0.177886,0.378389,0.192143,0.760226,0.694151,0.409457,0.438831,0.285269,0.272391,0.551758,0.517765,0.531063,0.552702,0.606144,0.578580,0.207836,0.343637,0.248155,0.425692,0.136477,0.465984,0.456888,0.544032,0.320093,0.254689,0.291540,0.322659
0.519063,0.651591,0.024166,0.311576,0.468689,0.648795,0.176888,0.302209,0.342959,0.329972,0.252696,0.510616,0.226642,0.203790,0.425244,0.547451,0.504217,0.430287,0.370803,0.618239,0.170648,0.181333,-0.047105,0.101256,0.085884,0.350228,0.060984,0.207525,0.456598,0.581461,0.247334,0.199770,0.535962,0.696148,0.146837,0.171294,0.324694,0.331579,0.061834,0.214303,0.329620,0.453757,1.456888,0.000000,1.057903,1.241032,1.393233,1.326536,0.732416,0.966382,0.776466,0.735242,0.730815,0.696423,0.695157,1.050990,0.437832,0.249869,0.509213,0.307503,0.329977,0.250615,0.353327,0.198358,0.405930,0.198067,0.597468,0.642298,0.282014,0.364101,0.118108,0.125673,0.435570,0.400499,0.453815,0.588441,0.372762,0.395546,0.222160,0.299533,0.347443,0.486182,0.160415,0.443125,0.411983,0.646215,0.252330,0.247984,0.194583,0.261092
0.473074,0.530692,0.109401,0.235313,0.548672,0.548967,0.183785,0.209687,0.391685,0.288920,0.155553,0.340698,0.168131,0.062154,0.364290,0.372747,0.481600,0.396352,0.411617,0.469670,0.158823,0.208292,0.088370,0.117386,0.149374,0.375184,-0.022335,0.144809,0.378664,0.297114,0.251778,0.146363,0.583739,0.568179,0.421310,0.542563,0.190604,0.198172,0.002869,0.159329,0.287484,0.423488,1.136292,1.057903,0.000000,1.409103,0.906875,1.020375,0.823536,0.935678,0.734445,0.650648,0.616200,0.646385,0.634116,0.753717,0.490049,0.319695,0.525423,0.320360,0.316196,0.184749,0.215702,0.091883,0.324088,0.152521,0.805598,0.842622,0.467709,0.420791,0.180432,0.125883,0.479164,0.416359,0.385532,0.436393,0.469912,0.498706,0.157154,0.309048,0.285132,0.400258,-0.003936,0.323014,0.407984,0.405103,0.323018,0.203332,0.212841,0.249341
0.464103,0.684724,-0.103428,0.254997,0.483985,0.626180,0.047947,0.233059,0.340360,0.261142,0.115814,0.494835,0.096117,0.144802,0.379701,0.468586,0.517489,0.476681,0.304019,0.549428,0.012210,0.082695,-0.077096,0.017541,0.160682,0.294729,-0.016705,0.159558,0.424108,0.468717,0.085457,0.047003,0.436479,0.540346,0.131571,0.358763,0.169337,0.208543,-0.047502,0.080674,0.229806,0.382589,1.052065,1.241032,1.409103,0.000000,1.037978,1.222338,0.650489,1.158958,0.780071,0.765906,0.825710,0.909995,0.748401,1.033491,0.397651,0.234416,0.484896,0.489378,0.260935,0.300707,0.337917,0.212260,0.317323,0.154897,0.633823,0.809606,0.396848,0.457454,-0.013440,-0.036546,0.355693,0.373141,0.321089,0.438986,0.326943,0.438575,0.225271,0.352215,0.361311,0.548282,0.062355,0.420284,0.357492,0.518788,0.259931,0.163661,0.157243,0.246810
0.618601,0.775682,0.113325,0.529204,0.599835,0.770411,0.354593,0.507095,0.514515,0.457476,0.334877,0.661018,0.282848,0.324153,0.465101,0.556808,0.538326,0.518514,0.410215,0.871847,0.090268,0.187974,0.058352,0.195814,0.280030,0.467327,-0.004704,0.149082,0.374673,0.512254,0.171627,0.171503,0.566288,0.837003,0.179686,0.189066,0.295678,0.321028,0.110544,0.237054,0.354880,0.480241,1.274487,1.393233,0.906875,1.037978,0.000000,1.377493,0.853176,1.030654,0.927329,0.823923,0.968735,0.787717,0.870044,1.067478,0.452425,0.330683,0.736442,0.509028,0.501158,0.377217,0.377546,0.304741,0.406946,0.344163,0.854398,0.834721,0.317275,0.532215,0.187804,0.220610,0.413122,0.396310,0.523383,0.594823,0.512235,0.537483,0.223183,0.271832,0.305904,0.464646,0.118196,0.418496,0.462091,0.642114,0.186261,0.092974,0.384087,0.451415
0.589922,0.686797,0.103851,0.495508,0.604139,0.689856,0.235238,0.386708,0.481732,0.404669,0.215098,0.457266,0.148496,0.206991,0.429385,0.560931,0.580995,0.437029,0.418074,0.720310,0.112985,0.174644,0.102510,0.219419,0.287850,0.468680,0.081526,0.276131,0.307434,0.393829,0.175130,0.171453,0.475609,0.690721,0.217850,0.357889,0.310017,0.275506,0.029807,0.169336,0.265855,0.443191,1.119237,1.326536,1.020375,1.222338,1.377493,0.000000,0.753726,1.024093,0.883634,0.937476,0.879336,1.033701,0.808300,1.079690,0.551566,0.328129,0.590085,0.456131,0.370934,0.299731,0.274895,0.180889,0.370026,0.320405,0.775960,0.912523,0.497523,0.619186,0.120468,0.120192,0.349683,0.314036,0.364928,0.405876,0.439836,0.523926,0.262784,0.360222,0.392886,0.487040,0.158929,0.570402,0.445223,0.629376,0.280196,0.200608,0.340800,0.444295
