0.000000,0.748087,0.224069,0.038553,0.393740,0.196586,0.354308,0.384716,0.496667,0.203512,0.554788,0.642961,0.519833,0.530207,0.470424,0.268306,0.460908,0.317003,0.671421,0.579367,0.282870,0.139755,0.037350,0.020737,-0.087699,0.075808,-0.255894,-0.052750,0.442437,0.142401,0.311842,0.238603,0.395855,0.287922,0.156857,0.310764,0.223976,0.240234,0.129733,0.198720,0.245242,0.361632,0.602545,0.561400,0.708167,0.573438,0.548172,0.559356,0.751821,0.613125,0.695809,0.607333,0.737696,0.715213,0.684097,0.542001,0.606772,0.659939,0.737899,0.606357,0.555752,0.266377,0.319023,0.274278,-0.086503,0.075522,0.305630,0.331852,0.471839,0.423734,0.150915,0.278501,0.500518,0.378965,0.503330,0.429200,0.389821,0.273449,-0.095240,-0.136354,0.336579,0.278278,0.401099,0.266346,0.381568,0.523626,0.510280,0.475014,0.356492,0.504612
0.748087,0.000000,-0.027774,-0.040626,0.281124,0.072307,-0.035723,0.128577,0.086115,-0.014290,0.129901,0.403594,0.041256,0.209385,0.221714,0.265807,0.661451,0.576298,0.492700,0.836477,0.323966,0.123627,0.035010,-0.030796,-0.168383,-0.046886,-0.162253,-0.122230,0.372976,0.307080,0.164229,0.207912,0.326944,0.282282,-0.029608,0.105522,0.374229,0.359594,0.243502,0.309743,0.265930,0.398632,0.490133,0.560079,0.605515,0.582974,0.613834,0.557376,0.427418,0.702997,0.421674,0.584837,0.652882,0.701222,0.601243,0.673335,0.932786,1.175157,0.535215,0.661729,0.270417,0.042650,0.398928,0.350221,-0.111968,-0.167463,0.149743,0.245164,0.677743,0.526675,0.245672,0.278289,0.370756,0.382509,0.325050,0.469815,0.315488,0.250877,0.174793,0.187694,0.519638,0.476617,0.430059,0.400655,0.459012,0.502738,0.460520,0.496218,0.297926,0.625831
0.224069,-0.027774,0.000000,0.743682,0.543893,0.300014,1.410176,0.372306,0.546810,0.216843,0.399844,0.265506,0.500412,0.230697,0.717024,0.506466,-0.011513,-0.254196,0.601044,0.119547,0.188784,0.201032,1.172125,0.765561,0.671491,0.365444,0.333977,0.488463,0.084420,-0.136370,0.148601,0.008798,0.045380,-0.035900,0.778479,0.331069,0.318591,0.214401,0.284407,0.238704,0.151018,0.224125,0.189888,0.018704,-0.151123,-0.195650,0.075438,0.095103,0.077884,-0.198964,0.474705,-0.036579,0.134765,0.067358,0.301068,0.130922,-0.238586,-0.217595,0.144991,-0.209831,0.348642,0.094625,0.006432,-0.142047,1.019137,0.452844,0.695076,0.214300,0.058944,0.102764,0.203637,0.318965,0.412311,0.189824,0.437877,0.401976,0.564322,0.472264,0.086000,-0.098979,-0.023122,-0.126987,0.390649,0.110030,0.514534,0.285790,0.239369,0.182820,0.680815,0.543277
0.038553,-0.040626,0.743682,0.000000,0.464494,0.522202,0.686696,0.785008,0.255453,0.194952,0.080522,0.330588,0.067499,0.189383,0.333404,0.729358,0.106556,-0.194069,0.315589,0.286624,0.452150,0.502809,0.733073,1.469794,0.508585,0.806558,0.429627,0.669742,0.177367,0.039074,0.162332,0.398266,0.110832,0.325332,0.586047,0.539564,0.388257,0.450844,0.332543,0.386078,0.285650,0.322265,0.235810,0.131015,-0.063843,0.019023,0.145862,0.203438,-0.013746,-0.113665,0.310527,-0.042882,0.034496,-0.025968,0.308800,0.199277,-0.189122,-0.254754,-0.002344,-0.052989,0.084238,0.376167,0.117965,0.192247,0.641505,0.728240,0.629875,0.613125,-0.015169,0.153029,0.372066,0.591812,0.508318,0.404353,0.543878,0.483622,0.559068,0.721268,0.245005,-0.021514,0.114009,0.046210,0.366030,0.223098,0.413906,0.494122,0.222989,0.294852,0.372114,0.737119
0.393740,0.281124,0.543893,0.464494,0.000000,0.616177,0.569133,0.547141,0.544581,0.488048,0.275214,0.452850,0.251338,0.401827,0.454852,0.553291,0.296935,0.188743,0.550921,0.513970,0.221877,0.178243,0.566144,0.424976,0.394276,0.542755,0.085071,0.292424,0.213645,0.068596,0.472583,0.357009,0.364449,0.414935,0.279244,0.400198,0.290241,0.311023,0.063385,0.136427,0.117612,0.288825,0.457348,0.440907,0.246623,0.346006,0.306133,0.514286,0.384954,0.319449,0.595319,0.498365,0.473054,0.522412,0.385769,0.331506,0.215231,0.164568,0.464337,0.418400,0.293880,0.344364,0.376625,0.325818,0.269610,0.231978,0.376674,0.470293,0.178946,0.274560,0.103085,0.283978,0.382097,0.365922,0.544448,0.555321,0.345962,0.379923,-0.002386,-0.126665,0.094719,0.157180,0.376177,0.180922,0.250908,0.457161,0.279443,0.327926,0.458078,0.612347
0.196586,0.072307,0.300014,0.522202,0.616177,0.000000,0.346986,0.760394,0.405379,0.814307,0.185908,0.476443,0.243421,0.544636,0.374062,0.658547,0.281403,-0.016805,0.211716,0.417699,0.437594,0.402982,0.299261,0.645249,0.079420,0.579819,0.085928,0.447652,0.212615,0.104003,0.330590,0.529940,0.272567,0.413114,0.214618,0.415685,0.161109,0.251536,0.089464,0.176692,0.210479,0.249612,0.363633,0.320512,0.245150,0.253838,0.259952,0.374859,0.342175,0.259978,0.289634,0.282826,0.171836,0.182581,0.309998,0.261200,0.117835,0.094832,0.310009,0.341512,0.303122,0.642590,0.300906,0.326879,0.201764,0.490256,0.337421,0.476954,0.110002,0.337936,0.249709,0.395601,0.481957,0.452745,0.540134,0.438738,0.328744,0.394036,-0.002458,-0.094005,0.068132,0.007155,0.255371,0.138324,0.104082,0.275246,0.217522,0.290623,0.452602,0.525096
0.354308,-0.035723,1.410176,0.686696,0.569133,0.346986,0.000000,0.572185,0.838625,0.221756,0.578950,0.403383,0.738899,0.405349,0.750723,0.480022,-0.027621,-0.128320,0.615452,0.147224,0.163198,0.211813,0.748682,0.630821,0.529203,0.377440,0.276249,0.381663,0.242444,0.005310,0.215027,0.065033,0.154735,0.092652,0.640213,0.377682,0.374721,0.324243,0.272981,0.246849,0.236935,0.187021,0.340254,0.191456,-0.020711,-0.009746,0.197629,0.249633,0.201165,-0.048941,0.472577,0.063630,0.192421,0.183059,0.324354,0.231899,-0.264080,-0.237117,0.186987,-0.110851,0.520670,0.218870,0.224143,0.034144,0.743364,0.437845,0.646865,0.314723,-0.021589,0.078009,0.184884,0.337324,0.458296,0.265579,0.515689,0.422729,0.654090,0.524836,0.030651,-0.134017,0.043858,-0.043947,0.440229,0.177140,0.414272,0.328644,0.301002,0.192312,0.505253,0.483577
0.384716,0.128577,0.372306,0.785008,0.547141,0.760394,0.572185,0.000000,0.580366,0.543544,0.224751,0.736819,0.391391,0.703597,0.341589,0.546752,0.313369,0.069495,0.365548,0.470963,0.484178,0.470356,0.228321,0.615000,0.207694,0.741852,0.082728,0.384691,0.475896,0.276611,0.354606,0.529021,0.341585,0.618829,0.318786,0.577905,0.378037,0.463405,0.300532,0.412311,0.328931,0.371876,0.613247,0.558146,0.421575,0.521837,0.499876,0.603718,0.483942,0.307472,0.459478,0.251377,0.294694,0.256769,0.486193,0.437605,0.015579,0.038582,0.368481,0.376365,0.487794,1.043917,0.440968,0.605795,0.125668,0.703920,0.488920,0.827722,0.012670,0.246882,0.366790,0.556205,0.523892,0.518457,0.708762,0.551516,0.526859,0.663683,0.125592,-0.078348,0.269288,0.179987,0.479187,0.384629,0.189082,0.423597,0.381183,0.316951,0.378859,0.622018
0.496667,0.086115,0.546810,0.255453,0.544581,0.405379,0.838625,0.580366,0.000000,0.464783,0.582903,0.475813,0.958860,0.588411,0.690847,0.281811,0.095633,0.107955,0.337717,0.111948,0.053106,0.054127,0.229107,0.236062,0.230350,0.211181,-0.046456,0.110261,0.251513,0.071696,0.333612,0.076868,0.310142,0.204029,0.347564,0.340166,0.163829,0.152580,0.061602,0.041341,0.070027,0.017705,0.335177,0.262911,0.188648,0.173539,0.209560,0.282549,0.347148,0.168831,0.336258,0.164279,0.252552,0.244751,0.243044,0.222003,-0.029273,0.016812,0.344373,0.132527,0.814531,0.512641,0.335601,0.242523,0.323533,0.375543,0.348961,0.250023,-0.050973,0.043603,0.007947,0.153479,0.263988,0.173724,0.368575,0.234358,0.384815,0.271729,-0.192501,-0.189223,-0.023688,-0.030481,0.230987,0.054444,0.101085,0.162476,0.236997,0.106599,0.367317,0.325406
0.203512,-0.014290,0.216843,0.194952,0.488048,0.814307,0.221756,0.543544,0.464783,0.000000,0.190763,0.290721,0.247756,0.350428,0.187422,0.198654,0.229607,0.001661,0.122322,0.192085,0.081552,0.046238,0.122875,0.229352,0.137173,0.347845,-0.031832,0.254564,-0.028600,-0.092563,0.265724,0.189316,0.244114,0.288352,0.123212,0.290768,-0.128251,-0.100991,-0.175906,-0.128702,-0.158898,-0.014321,0.153871,0.167180,0.111138,0.151554,0.097474,0.194647,0.265009,0.183728,0.165545,0.192446,0.101226,0.133595,0.048931,0.037025,0.108526,0.136879,0.287473,0.296573,0.371829,0.763214,0.104811,0.210875,0.027000,0.468788,0.136802,0.236883,0.005833,0.161257,-0.072640,0.021953,0.086173,0.079444,0.212501,0.080177,0.000143,0.055716,-0.213415,-0.237282,-0.170057,-0.147846,0.010839,-0.125194,-0.116446,0.002842,-0.085854,-0.051321,0.380740,0.235388
0.554788,0.129901,0.399844,0.080522,0.275214,0.185908,0.578950,0.224751,0.582903,0.190763,0.000000,0.568777,1.005949,0.666206,0.839203,0.331152,0.177136,0.249245,0.635889,0.113282,0.126577,0.076151,0.258918,0.146500,0.155149,0.076710,0.120210,0.087409,0.342416,0.230125,0.273807,0.048259,0.259800,0.131959,0.288813,0.265754,0.248499,0.174247,-0.063952,-0.056521,0.160412,0.104140,0.297711,0.203246,0.018383,0.034110,0.094193,0.209096,0.269905,0.135460,0.353611,0.194746,0.342077,0.246244,0.185519,0.138435,-0.080036,0.030086,0.260289,0.087221,0.697301,0.174921,0.475475,0.224772,0.292633,0.061568,0.164286,0.019902,-0.024849,-0.018549,-0.037100,0.159243,0.454298,0.347011,0.512193,0.280681,0.465813,0.251917,-0.100125,0.002455,0.084068,0.054048,0.286257,0.036051,0.270999,0.147672,0.136610,0.061708,0.169143,0.236968
0.642961,0.403594,0.265506,0.330588,0.452850,0.476443,0.403383,0.736819,0.475813,0.290721,0.568777,0.000000,0.492715,1.145020,0.616200,0.703814,0.448829,0.452091,0.642067,0.751474,0.441251,0.401373,0.199559,0.338016,0.056889,0.259985,-0.020374,0.111851,0.708841,0.530150,0.390510,0.398306,0.457052,0.467774,0.128993,0.291114,0.472085,0.473495,0.168193,0.276773,0.420908,0.675564,0.686800,0.562707,0.425777,0.475061,0.456449,0.498207,0.593029,0.476982,0.598876,0.436689,0.578544,0.367822,0.554834,0.471035,0.175363,0.235849,0.604728,0.565844,0.639074,0.514739,0.774778,0.818832,0.084352,0.153300,0.264418,0.392582,0.152341,0.194633,0.263639,0.631651,0.789178,0.749047,0.698816,0.695567,0.512888,0.603658,0.140245,0.036724,0.394045,0.324390,0.540748,0.448389,0.272949,0.501691,0.384464,0.323436,0.241794,0.558697
0.519833,0.041256,0.500412,0.067499,0.251338,0.243421,0.738899,0.391391,0.958860,0.247756,1.005949,0.492715,0.000000,0.787700,0.776484,0.231335,0.014848,0.101898,0.426560,0.014974,0.061910,0.053609,0.197723,0.116738,0.180463,0.073218,0.024136,0.127011,0.317821,0.146431,0.229475,-0.023116,0.211731,0.078506,0.404229,0.281724,0.202712,0.143680,0.036386,0.024452,0.067018,0.008558,0.311173,0.176714,0.127162,0.060725,0.118583,0.189256,0.407898,0.090328,0.366041,0.077103,0.262183,0.149114,0.208923,0.142891,-0.130133,0.015054,0.368568,0.030180,0.941720,0.290064,0.332654,0.117870,0.276246,0.246323,0.314825,0.111760,-0.046387,0.003720,0.018247,0.111099,0.290959,0.227105,0.424210,0.243012,0.446869,0.251421,-0.115174,-0.043066,0.020636,-0.043793,0.230369,0.039136,0.114658,0.054625,0.200171,0.023771,0.334771,0.164510
0.530207,0.209385,0.230697,0.189383,0.401827,0.544636,0.405349,0.703597,0.588411,0.350428,0.666206,1.145020,0.787700,0.000000,0.649341,0.540340,0.232388,0.272005,0.407252,0.375904,0.350173,0.362291,0.143783,0.252625,0.002258,0.213770,-0.022797,0.127812,0.586067,0.344629,0.378901,0.354825,0.375889,0.398085,0.187185,0.326509,0.355161,0.379593,0.119978,0.187659,0.362437,0.355713,0.531567,0.464550,0.371771,0.420855,0.370902,0.416162,0.645348,0.409796,0.529561,0.397555,0.511598,0.277599,0.457082,0.389801,0.022236,0.150686,0.473916,0.387806,0.619949,0.506099,0.594237,0.604621,0.044231,0.177157,0.222869,0.323187,-0.014752,0.074860,0.203490,0.396216,0.581517,0.561393,0.634225,0.491497,0.429981,0.418891,-0.033586,-0.097849,0.216364,0.156780,0.394885,0.267068,0.147228,0.342360,0.339235,0.245344,0.283803,0.366891
0.470424,0.221714,0.717024,0.333404,0.454852,0.374062,0.750723,0.341589,0.690847,0.187422,0.839203,0.616200,0.776484,0.649341,0.000000,0.854188,0.316681,0.162470,0.728470,0.352082,0.331477,0.297374,0.642405,0.451752,0.058862,0.142518,0.032499,0.163290,0.508197,0.239664,0.276734,0.219260,0.217799,0.106794,0.326460,0.191035,0.421521,0.347327,0.216067,0.247996,0.339038,0.352769,0.274847,0.203546,0.067061,0.024634,0.170925,0.224795,0.253481,0.120546,0.465382,0.279484,0.370606,0.291636,0.453238,0.328845,0.001336,0.037710,0.238685,0.067729,0.458563,0.120088,0.439173,0.191239,0.547825,0.069241,0.246081,0.066836,0.144231,0.113195,0.317625,0.429269,0.612661,0.401936,0.615502,0.559450,0.567464,0.458184,0.085897,0.048838,0.249064,0.156871,0.621184,0.299930,0.600393,0.361040,0.496746,0.355697,0.410704,0.540477
0.268306,0.265807,0.506466,0.729358,0.553291,0.658547,0.480022,0.546752,0.281811,0.198654,0.331152,0.703814,0.231335,0.540340,0.854188,0.000000,0.420632,0.157322,0.584342,0.624273,0.587414,0.516722,0.653771,0.833248,0.097106,0.473503,0.147432,0.373808,0.580702,0.372573,0.326257,0.598600,0.248928,0.345801,0.267571,0.341705,0.542800,0.543868,0.265448,0.390736,0.477491,0.634807,0.364110,0.310867,0.158041,0.182096,0.248921,0.352784,0.238799,0.198963,0.426131,0.294431,0.303673,0.229090,0.457456,0.376661,0.097791,0.012041,0.247927,0.185100,0.201904,0.192473,0.548562,0.426930,0.452683,0.167515,0.295883,0.355604,0.198761,0.285806,0.500291,0.729843,0.883248,0.749998,0.718096,0.815369,0.579798,0.680576,0.281013,0.124964,0.367904,0.258103,0.636069,0.456612,0.511490,0.533728,0.448466,0.541343,0.321081,0.708851
0.460908,0.661451,-0.011513,0.106556,0.296935,0.281403,-0.027621,0.313369,0.095633,0.229607,0.177136,0.448829,0.014848,0.232388,0.316681,0.420632,0.000000,0.618066,0.541932,0.776724,0.351881,0.185848,0.095014,0.088587,-0.091380,0.247585,-0.080321,0.074669,0.503354,0.472119,0.333876,0.530712,0.514511,0.532442,-0.014237,0.252293,0.267765,0.329772,0.050169,0.204317,0.334975,0.513066,0.415679,0.514211,0.458370,0.503785,0.443107,0.513526,0.312683,0.440016,0.257437,0.445446,0.390996,0.440873,0.366100,0.349219,0.621621,0.515507,0.411894,0.498006,0.235077,0.259582,0.556991,0.487798,-0.010015,-0.028546,0.119071,0.278014,0.424342,0.347874,0.220995,0.287116,0.516156,0.462838,0.436821,0.440026,0.323000,0.350038,0.274146,0.236807,0.520611,0.586732,0.325910,0.370101,0.330992,0.374417,0.237340,0.374594,0.229971,0.433692
0.317003,0.576298,-0.254196,-0.194069,0.188743,-0.016805,-0.128320,0.069495,0.107955,0.001661,0.249245,0.452091,0.101898,0.272005,0.162470,0.157322,0.618066,0.000000,0.266297,0.559697,0.062221,-0.015501,-0.110591,-0.244472,-0.111835,0.062211,-0.040038,-0.046423,0.437720,0.781801,0.429685,0.360995,0.749111,0.675557,-0.068644,0.178734,0.315957,0.287076,-0.160880,-0.046281,0.140625,0.185151,0.468035,0.584179,0.428986,0.612712,0.357843,0.489223,0.307799,0.638407,0.189848,0.501727,0.435587,0.481254,0.142952,0.312260,0.575430,0.561882,0.489192,0.669992,0.367118,0.108064,0.817583,0.768485,-0.147825,-0.238934,0.012706,0.221686,0.267859,0.125257,-0.021851,0.127894,0.219751,0.415711,0.151789,0.246591,0.169547,0.143075,0.103718,0.446427,0.387202,0.678075,0.160476,0.248033,0.067109,0.268527,0.151739,0.122179,-0.092793,0.189741
0.671421,0.492700,0.601044,0.315589,0.550921,0.211716,0.615452,0.365548,0.337717,0.122322,0.635889,0.642067,0.426560,0.407252,0.728470,0.584342,0.541932,0.266297,0.000000,0.730769,0.413882,0.340732,0.534794,0.310664,0.271468,0.214625,0.188410,0.254373,0.587162,0.316070,0.208291,0.146083,0.261408,0.201437,0.212552,0.186968,0.534150,0.531663,0.322289,0.405105,0.397531,0.586750,0.597058,0.481323,0.211570,0.237312,0.472641,0.515733,0.356844,0.265269,0.600745,0.342316,0.476223,0.464214,0.585059,0.443604,0.168522,0.196073,0.421445,0.296434,0.403332,0.056556,0.443866,0.185084,0.282314,-0.030224,0.324262,0.225864,0.488231,0.387891,0.375707,0.520851,0.719152,0.515135,0.777104,0.723517,0.737734,0.706568,0.259135,0.156349,0.476194,0.305793,0.780192,0.497775,0.591121,0.384664,0.421990,0.338791,0.409725,0.571150
0.579367,0.836477,0.119547,0.286624,0.513970,0.417699,0.147224,0.470963,0.111948,0.192085,0.113282,0.751474,0.014974,0.375904,0.352082,0.624273,0.776724,0.559697,0.730769,0.000000,0.597069,0.483872,0.188442,0.248669,-0.100162,0.277532,-0.061562,0.156556,0.661273,0.487930,0.330991,0.526490,0.538801,0.586910,0.000873,0.220581,0.522134,0.600047,0.342552,0.488072,0.466078,0.751861,0.752008,0.779375,0.629003,0.728862,0.761905,0.740797,0.487805,0.698043,0.502519,0.642216,0.562989,0.588102,0.754486,0.698381,0.683891,0.614554,0.605422,0.828063,0.245071,0.252075,0.621270,0.583698,-0.040994,-0.013311,0.302103,0.527034,0.834089,0.737113,0.474157,0.644556,0.693255,0.732151,0.591158,0.754030,0.459157,0.604378,0.316679,0.190391,0.694915,0.601402,0.684375,0.653761,0.476887,0.693941,0.575673,0.528750,0.358031,0.761621
0.282870,0.323966,0.188784,0.452150,0.221877,0.437594,0.163198,0.484178,0.053106,0.081552,0.126577,0.441251,0.061910,0.350173,0.331477,0.587414,0.351881,0.062221,0.413882,0.597069,0.000000,1.071994,0.224784,0.480939,0.017956,0.397704,0.285206,0.513132,0.670126,0.442723,0.013445,0.401868,0.043017,0.244387,0.224141,0.242043,0.539110,0.632013,0.679102,0.847857,0.724892,0.671482,0.594178,0.496022,0.445016,0.401172,0.625383,0.535593,0.383986,0.263510,0.478431,0.264267,0.326193,0.244437,0.769892,0.645900,0.257454,0.217594,0.275110,0.334346,0.075137,0.207234,0.195807,0.213411,0.145641,0.228186,0.387019,0.530660,0.447214,0.488558,0.753138,0.882088,0.879938,0.810537,0.692424,0.704373,0.590223,0.720868,0.480102,0.328367,0.668009,0.411657,0.707593,0.703772,0.625970,0.647178,0.579944,0.403370,0.298408,0.622008
0.139755,0.123627,0.201032,0.502809,0.178243,0.402982,0.211813,0.470356,0.054127,0.046238,0.076151,0.401373,0.053609,0.362291,0.297374,0.516722,0.185848,-0.015501,0.340732,0.483872,1.071994,0.000000,0.243998,0.486838,0.036774,0.299831,0.339955,0.477888,0.587307,0.343624,-0.055541,0.281636,0.010906,0.164089,0.165210,0.122492,0.441408,0.646583,0.624839,0.741390,0.723791,0.581388,0.410861,0.355157,0.257380,0.272982,0.466839,0.354686,0.262867,0.140980,0.385887,0.176542,0.188264,0.102593,0.669643,0.555238,0.002095,0.015870,0.021162,0.180817,-0.039091,0.182681,0.120454,0.143341,0.129404,0.211576,0.303669,0.367602,0.246486,0.287784,0.753105,0.837964,0.752594,0.752331,0.652941,0.572801,0.543302,0.769565,0.426834,0.226185,0.543446,0.302058,0.588417,0.650438,0.498244,0.548658,0.500214,0.350718,0.227577,0.433919
0.037350,0.035010,1.172125,0.733073,0.566144,0.299261,0.748682,0.228321,0.229107,0.122875,0.258918,0.199559,0.197723,0.143783,0.642405,0.653771,0.095014,-0.110591,0.534794,0.188442,0.224784,0.243998,0.000000,0.850054,0.650113,0.415832,0.436545,0.560750,0.076796,-0.041384,0.280981,0.190186,0.101014,0.055855,0.669537,0.330299,0.421826,0.264309,0.172772,0.161817,0.177416,0.295925,0.109678,-0.015034,-0.262618,-0.232254,-0.009935,0.056044,-0.061156,-0.216829,0.384669,0.007607,0.152659,0.060996,0.219806,0.079442,-0.196171,-0.213977,0.029950,-0.202297,0.075024,-0.041417,0.085416,-0.080436,1.038434,0.226155,0.488875,0.156833,0.039773,0.044449,0.196564,0.325253,0.403808,0.252587,0.395104,0.446387,0.461949,0.439978,0.175432,0.023085,-0.029165,-0.071033,0.345440,0.067474,0.471014,0.230961,0.166161,0.155476,0.449697,0.540164
0.020737,-0.030796,0.765561,1.469794,0.424976,0.645249,0.630821,0.615000,0.236062,0.229352,0.146500,0.338016,0.116738,0.252625,0.451752,0.833248,0.088587,-0.244472,0.310664,0.248669,0.480939,0.486838,0.850054,0.000000,0.475706,0.654208,0.479484,0.666940,0.169051,0.023396,0.114163,0.364591,0.022708,0.206581,0.605145,0.460581,0.386451,0.436145,0.328738,0.363852,0.292087,0.307928,0.161353,0.038723,-0.118500,-0.108941,0.059614,0.101869,-0.043998,-0.171853,0.270723,-0.075543,-0.000515,-0.070005,0.296692,0.154336,-0.207871,-0.228928,-0.041921,-0.142810,0.078291,0.319262,0.081593,0.092023,0.752213,0.636341,0.555654,0.430386,0.018695,0.178251,0.391555,0.585101,0.547293,0.375718,0.514902,0.435784,0.571681,0.687237,0.256204,0.019489,0.106725,-0.000637,0.369397,0.191158,0.450156,0.444524,0.244600,0.306042,0.438952,0.744697
-0.087699,-0.168383,0.671491,0.508585,0.394276,0.079420,0.529203,0.207694,0.230350,0.137173,0.155149,0.056889,0.180463,0.002258,0.058862,0.097106,-0.091380,-0.111835,0.271468,-0.100162,0.017956,0.036774,0.650113,0.475706,0.000000,0.543373,0.791224,0.699469,-0.167767,-0.081506,0.129953,-0.072958,0.071774,0.092793,0.688518,0.408200,0.165898,0.125068,0.001689,-0.033305,-0.071561,0.008312,0.116053,-0.054819,-0.266592,-0.218821,-0.091302,-0.000807,-0.124730,-0.350183,0.215861,-0.268582,-0.004021,-0.115973,-0.059529,-0.161154,-0.316357,-0.262743,0.082487,-0.177879,0.213400,0.146041,-0.061104,-0.068341,0.620949,0.412550,0.491391,0.228235,-0.160922,-0.091142,-0.180399,0.061233,0.130851,0.091044,0.149660,0.121344,0.335897,0.322820,0.095323,0.077116,-0.229508,-0.201059,-0.017699,-0.170623,0.027496,0.005683,-0.239771,-0.276990,0.198949,0.185494
0.075808,-0.046886,0.365444,0.806558,0.542755,0.579819,0.377440,0.741852,0.211181,0.347845,0.076710,0.259985,0.073218,0.213770,0.142518,0.473503,0.247585,0.062211,0.214625,0.277532,0.397704,0.299831,0.415832,0.654208,0.543373,0.000000,0.320390,0.749718,0.154670,0.160162,0.455310,0.693841,0.393763,0.699445,0.569745,0.883377,0.273472,0.252357,0.129251,0.207104,0.212896,0.255561,0.328392,0.284008,0.124888,0.242057,0.186225,0.378948,0.082415,0.002773,0.319783,0.106916,0.212729,0.162065,0.221701,0.134061,0.037811,-0.043693,0.281361,0.236487,0.186674,0.558331,0.203261,0.386415,0.328384,0.700658,0.687607,0.962943,0.036779,0.253224,0.157203,0.365052,0.403008,0.431141,0.457833,0.404149,0.361022,0.460273,0.117190,0.046330,0.091247,0.154250,0.167793,0.090649,0.156254,0.394840,0.105350,0.165460,0.281766,0.481311
-0.255894,-0.162253,0.333977,0.429627,0.085071,0.085928,0.276249,0.082728,-0.046456,-0.031832,0.120210,-0.020374,0.024136,-0.022797,0.032499,0.147432,-0.080321,-0.040038,0.188410,-0.061562,0.285206,0.339955,0.436545,0.479484,0.791224,0.320390,0.000000,0.853752,0.086428,0.244614,-0.205802,-0.083936,-0.094100,0.024969,0.370850,0.127956,0.373906,0.447387,0.231741,0.242560,0.248656,-0.010116,0.148068,0.051841,-0.220163,-0.146102,0.065028,0.080240,-0.083456,-0.249088,0.118203,-0.177270,-0.035932,-0.135022,0.031784,0.066812,-0.311753,-0.238921,-0.123667,-0.204853,0.001831,-0.024261,0.002370,-0.092910,0.529115,0.221353,0.285613,0.104068,-0.074108,-0.008516,0.155432,0.279615,0.254559,0.236192,0.199329,0.110680,0.403615,0.398964,0.431703,0.525671,0.140540,0.132239,0.140687,0.114667,0.263819,0.147578,-0.077209,-0.157423,0.025307,0.155412
-0.052750,-0.122230,0.488463,0.669742,0.292424,0.447652,0.381663,0.384691,0.110261,0.254564,0.087409,0.111851,0.127011,0.127812,0.163290,0.373808,0.074669,-0.046423,0.254373,0.156556,0.513132,0.477888,0.560750,0.666940,0.699469,0.749718,0.853752,0.000000,0.073657,0.104568,0.199292,0.362108,0.244936,0.372948,0.715085,0.591710,0.293685,0.301264,0.155520,0.217541,0.159090,0.197745,0.275917,0.149220,-0.029462,0.016598,0.120584,0.215097,0.017879,-0.146770,0.241652,-0.106695,0.045702,-0.051981,0.159328,0.055379,-0.080859,-0.105685,0.158701,0.025987,0.109192,0.249829,-0.049392,0.008089,0.516439,0.589619,0.683913,0.549443,0.129743,0.212491,0.196611,0.363180,0.378615,0.324570,0.341805,0.261362,0.368572,0.451511,0.220005,0.228132,0.031341,0.001469,0.131123,0.036270,0.189297,0.199434,0.024523,-0.071506,0.283299,0.362792
0.442437,0.372976,0.084420,0.177367,0.213645,0.212615,0.242444,0.475896,0.251513,-0.028600,0.342416,0.708841,0.317821,0.586067,0.508197,0.580702,0.503354,0.437720,0.587162,0.661273,0.670126,0.587307,0.076796,0.169051,-0.167767,0.154670,0.086428,0.073657,0.000000,1.077507,0.080647,0.325708,0.170694,0.261396,-0.010488,0.056529,0.711914,0.781127,0.584877,0.790844,0.742544,0.616727,0.677002,0.690460,0.576577,0.634310,0.706218,0.653128,0.581991,0.517631,0.444125,0.473173,0.345229,0.391249,0.706110,0.835513,0.246185,0.204164,0.310007,0.388531,0.307871,0.151771,0.676023,0.450741,0.045503,-0.063807,0.147573,0.315855,0.341410,0.335725,0.767349,0.787545,0.793622,0.751420,0.692966,0.691986,0.675166,0.693272,0.668261,0.505023,1.123955,0.840167,0.828995,1.106594,0.550258,0.586882,0.821174,0.593328,0.211977,0.448781
0.142401,0.307080,-0.136370,0.039074,0.068596,0.104003,0.005310,0.276611,0.071696,-0.092563,0.230125,0.530150,0.146431,0.344629,0.239664,0.372573,0.472119,0.781801,0.316070,0.487930,0.442723,0.343624,-0.041384,0.023396,-0.081506,0.160162,0.244614,0.104568,1.077507,0.000000,0.111301,0.290056,0.275743,0.373017,-0.054933,0.038567,0.643642,0.598710,0.290519,0.451556,0.516801,0.369995,0.569261,0.624511,0.433998,0.574787,0.495797,0.572071,0.367334,0.469393,0.210557,0.326398,0.249558,0.298258,0.314836,0.514790,0.240541,0.198286,0.243592,0.368045,0.307334,0.124204,0.790316,0.575176,0.038802,-0.115223,0.049255,0.252615,0.197655,0.209573,0.424446,0.540343,0.491163,0.634926,0.335813,0.408188,0.444805,0.448478,0.710303,0.967230,0.872679,0.976081,0.510534,0.768568,0.300651,0.373100,0.439801,0.309863,-0.013751,0.251399
0.311842,0.164229,0.148601,0.162332,0.472583,0.330590,0.215027,0.354606,0.333612,0.265724,0.273807,0.390510,0.229475,0.378901,0.276734,0.326257,0.333876,0.429685,0.208291,0.330991,0.013445,-0.055541,0.280981,0.114163,0.129953,0.455310,-0.205802,0.199292,0.080647,0.111301,0.000000,0.939960,1.145867,0.901249,0.363952,0.733704,0.097981,-0.070832,-0.392465,-0.309493,-0.016082,0.253649,0.258056,0.254411,0.201319,0.311810,0.069328,0.259049,0.138021,0.258326,0.162765,0.260377,0.320566,0.253000,0.066982,-0.027129,0.255206,0.183486,0.458285,0.384482,0.356424,0.365410,0.526095,0.589393,0.099112,0.149516,0.320095,0.449996,0.040063,0.052334,-0.286087,0.014792,0.269740,0.283688,0.279506,0.274212,0.083697,0.043719,-0.313944,-0.246096,-0.179572,-0.017729,-0.087938,-0.175482,-0.213693,0.051937,-0.053100,0.027429,0.056749,0.187374
0.238603,0.207912,0.008798,0.398266,0.357009,0.529940,0.065033,0.529021,0.076868,0.189316,0.048259,0.398306,-0.023116,0.354825,0.219260,0.598600,0.530712,0.360995,0.146083,0.526490,0.401868,0.281636,0.190186,0.364591,-0.072958,0.693841,-0.083936,0.362108,0.325708,0.290056,0.939960,0.000000,0.801647,1.082393,0.278325,0.739653,0.214053,0.172635,-0.083848,0.060239,0.265871,0.418024,0.326718,0.396887,0.385798,0.490250,0.245031,0.408211,0.179562,0.308700,0.184598,0.362763,0.277070,0.265799,0.279402,0.190966,0.363346,0.235689,0.340320,0.431252,0.096968,0.412332,0.500521,0.688690,0.054622,0.247824,0.370713,0.721867,0.170788,0.240305,0.156585,0.312697,0.513962,0.487844,0.458837,0.429967,0.201972,0.251084,-0.018855,-0.057853,0.178726,0.267906,0.102139,0.150713,0.067529,0.389483,0.190454,0.370407,0.079898,0.361429
0.395855,0.326944,0.045380,0.110832,0.364449,0.272567,0.154735,0.341585,0.310142,0.244114,0.259800,0.457052,0.211731,0.375889,0.217799,0.248928,0.514511,0.749111,0.261408,0.538801,0.043017,0.010906,0.101014,0.022708,0.071774,0.393763,-0.094100,0.244936,0.170694,0.275743,1.145867,0.801647,0.000000,1.288357,0.315327,0.695110,0.137669,0.061384,-0.309608,-0.221309,0.068007,0.173592,0.391173,0.451537,0.325159,0.509520,0.245334,0.399444,0.188404,0.394488,0.141199,0.296340,0.367360,0.317125,0.111255,0.078966,0.435868,0.399663,0.565517,0.552433,0.480570,0.424108,0.624965,0.757642,0.046194,0.173503,0.411348,0.545552,0.240977,0.176617,-0.188222,0.068363,0.285781,0.346127,0.267385,0.273665,0.147294,0.126995,-0.195242,-0.027368,0.022733,0.230659,-0.031222,-0.069316,-0.093274,0.202777,0.019149,0.053780,0.084389,0.230984
0.287922,0.282282,-0.035900,0.325332,0.414935,0.413114,0.092652,0.618829,0.204029,0.288352,0.131959,0.467774,0.078506,0.398085,0.106794,0.345801,0.532442,0.675557,0.201437,0.586910,0.244387,0.164089,0.055855,0.206581,0.092793,0.699445,0.024969,0.372948,0.261396,0.373017,0.901249,1.082393,1.288357,0.000000,0.305323,0.858439,0.222119,0.217492,-0.154079,-0.029408,0.178383,0.215539,0.470629,0.583987,0.398501,0.679173,0.357134,0.550430,0.198774,0.422581,0.143764,0.317666,0.332241,0.321379,0.189995,0.193336,0.371324,0.357979,0.479214,0.625328,0.364445,0.666152,0.672018,1.015304,-0.016475,0.346391,0.429441,0.861963,0.187085,0.208976,0.007754,0.225585,0.361901,0.476436,0.404624,0.369092,0.242794,0.280612,-0.067144,0.039063,0.160871,0.334339,0.064933,0.065513,-0.026337,0.352615,0.090514,0.158751,0.081297,0.356217
0.156857,-0.029608,0.778479,0.586047,0.279244,0.214618,0.640213,0.318786,0.347564,0.123212,0.288813,0.128993,0.404229,0.187185,0.326460,0.267571,-0.014237,-0.068644,0.212552,0.000873,0.224141,0.165210,0.669537,0.605145,0.688518,0.569745,0.370850,0.715085,-0.010488,-0.054933,0.363952,0.278325,0.315327,0.305323,0.000000,0.982659,0.206727,0.088341,0.103050,0.082152,0.046461,0.053595,0.169176,0.010938,-0.060524,-0.074568,0.020120,0.062669,-0.062876,-0.279154,0.206499,-0.271159,0.006768,-0.112632,0.130254,-0.028725,-0.088868,-0.021737,0.179888,-0.175109,0.385457,0.269301,-0.053212,-0.014505,0.897134,0.807530,1.195617,0.560674,0.057056,0.043265,0.056948,0.231848,0.341779,0.223941,0.315100,0.247692,0.524853,0.369514,0.004792,0.013783,-0.158376,-0.145785,0.013212,-0.155296,0.225952,0.174450,0.071931,0.023414,0.492066,0.376940
0.310764,0.105522,0.331069,0.539564,0.400198,0.415685,0.377682,0.577905,0.340166,0.290768,0.265754,0.291114,0.281724,0.326509,0.191035,0.341705,0.252293,0.178734,0.186968,0.220581,0.242043,0.122492,0.330299,0.460581,0.408200,0.883377,0.127956,0.591710,0.056529,0.038567,0.733704,0.739653,0.695110,0.858439,0.982659,0.000000,0.126711,0.072075,-0.103796,-0.066317,0.048614,0.126102,0.322582,0.276516,0.172431,0.284899,0.145684,0.329825,0.041634,0.008332,0.185562,-0.004481,0.194551,0.140779,0.127342,0.002077,0.133828,0.125646,0.330304,0.168063,0.371198,0.564659,0.214144,0.385981,0.347974,0.739477,0.880954,0.966492,0.055145,0.092353,-0.075904,0.168170,0.359416,0.371342,0.378780,0.300207,0.381993,0.327243,-0.182457,-0.122675,-0.127074,-0.026062,-0.038526,-0.188803,0.021945,0.251084,0.054235,0.089709,0.267965,0.356342
0.223976,0.374229,0.318591,0.388257,0.290241,0.161109,0.374721,0.378037,0.163829,-0.128251,0.248499,0.472085,0.202712,0.355161,0.421521,0.542800,0.267765,0.315957,0.534150,0.522134,0.539110,0.441408,0.421826,0.386451,0.165898,0.273472,0.373906,0.293685,0.711914,0.643642,0.097981,0.214053,0.137669,0.222119,0.206727,0.126711,0.000000,0.916936,0.592446,0.679174,0.618533,0.526263,0.666997,0.536019,0.313862,0.372200,0.576608,0.569840,0.371735,0.326926,0.524493,0.340521,0.457458,0.331393,0.598657,0.686429,0.150460,0.118417,0.294603,0.230641,0.235589,0.020533,0.498695,0.292911,0.314471,0.009129,0.321696,0.356638,0.343088,0.394754,0.602597,0.691638,0.684875,0.649629,0.544204,0.707706,0.689100,0.765729,0.595129,0.528555,0.663021,0.538250,0.715098,0.627258,0.622970,0.491669,0.544752,0.309332,0.220305,0.647162
0.240234,0.359594,0.214401,0.450844,0.311023,0.251536,0.324243,0.463405,0.152580,-0.100991,0.174247,0.473495,0.143680,0.379593,0.347327,0.543868,0.329772,0.287076,0.531663,0.600047,0.632013,0.646583,0.264309,0.436145,0.125068,0.252357,0.447387,0.301264,0.781127,0.598710,-0.070832,0.172635,0.061384,0.217492,0.088341,0.072075,0.916936,0.000000,0.716770,0.901245,0.758290,0.464632,0.656059,0.572662,0.333598,0.394386,0.654355,0.588521,0.405969,0.324567,0.503516,0.337551,0.357813,0.319184,0.668503,0.774881,0.109343,0.085631,0.158782,0.247308,0.086569,0.040221,0.418218,0.249187,0.171434,0.017487,0.220497,0.342170,0.351411,0.406231,0.725253,0.780137,0.645807,0.668292,0.633398,0.622108,0.763917,0.935537,0.636896,0.468446,0.781371,0.647169,0.786130,0.847355,0.586626,0.677366,0.576598,0.423363,0.174261,0.613447
0.129733,0.243502,0.284407,0.332543,0.063385,0.089464,0.272981,0.300532,0.061602,-0.175906,-0.063952,0.168193,0.036386,0.119978,0.216067,0.265448,0.050169,-0.160880,0.322289,0.342552,0.679102,0.624839,0.172772,0.328738,0.001689,0.129251,0.231741,0.155520,0.584877,0.290519,-0.392465,-0.083848,-0.309608,-0.154079,0.103050,-0.103796,0.592446,0.716770,0.000000,1.623188,0.689765,0.428626,0.454083,0.336543,0.351212,0.257565,0.724491,0.375769,0.312186,0.150364,0.462651,0.148376,0.224162,0.185006,0.901179,0.860517,0.080522,0.075626,0.097647,0.087668,-0.016901,-0.060168,-0.048194,-0.098031,0.192533,0.113064,0.336337,0.297620,0.416108,0.398426,1.012334,0.666784,0.469137,0.361155,0.417045,0.542407,0.554668,0.668004,0.631396,0.359156,0.775197,0.375827,0.875781,0.927314,0.798317,0.532065,0.840105,0.512112,0.342780,0.512441
0.198720,0.309743,0.238704,0.386078,0.136427,0.176692,0.246849,0.412311,0.041341,-0.128702,-0.056521,0.276773,0.024452,0.187659,0.247996,0.390736,0.204317,-0.046281,0.405105,0.488072,0.847857,0.741390,0.161817,0.363852,-0.033305,0.207104,0.242560,0.217541,0.790844,0.451556,-0.309493,0.060239,-0.221309,-0.029408,0.082152,-0.066317,0.679174,0.901245,1.623188,0.000000,0.710998,0.522464,0.568979,0.484742,0.434977,0.374049,0.819049,0.530739,0.406769,0.235413,0.518451,0.249981,0.274587,0.284575,0.989270,0.991399,0.158935,0.139309,0.147671,0.189169,0.000017,0.007831,0.080558,0.013705,0.137234,0.126020,0.320657,0.385657,0.474245,0.490681,1.170906,0.821494,0.567178,0.447273,0.545222,0.625088,0.645949,0.800246,0.780846,0.434639,0.977620,0.554468,0.979276,1.212392,0.831405,0.663356,0.923483,0.595944,0.350619,0.594005
0.245242,0.265930,0.151018,0.285650,0.117612,0.210479,0.236935,0.328931,0.070027,-0.158898,0.160412,0.420908,0.067018,0.362437,0.339038,0.477491,0.334975,0.140625,0.397531,0.466078,0.724892,0.723791,0.177416,0.292087,-0.071561,0.212896,0.248656,0.159090,0.742544,0.516801,-0.016082,0.265871,0.068007,0.178383,0.046461,0.048614,0.618533,0.758290,0.689765,0.710998,0.000000,0.685918,0.445219,0.434012,0.345397,0.352082,0.582595,0.407277,0.323854,0.232765,0.349761,0.292007,0.331005,0.234143,0.597508,0.617418,0.119907,0.069869,0.137487,0.182945,0.046282,0.007940,0.350227,0.254960,0.172254,-0.041248,0.216816,0.242353,0.231675,0.217604,0.696868,0.720429,0.859130,0.745568,0.596286,0.677454,0.573281,0.619817,0.461908,0.282437,0.787681,0.525558,0.658929,0.767710,0.674424,0.593389,0.565582,0.478301,0.203512,0.402369
0.361632,0.398632,0.224125,0.322265,0.288825,0.249612,0.187021,0.371876,0.017705,-0.014321,0.104140,0.675564,0.008558,0.355713,0.352769,0.634807,0.513066,0.185151,0.586750,0.751861,0.671482,0.581388,0.295925,0.307928,0.008312,0.255561,-0.010116,0.197745,0.616727,0.369995,0.253649,0.418024,0.173592,0.215539,0.053595,0.126102,0.526263,0.464632,0.428626,0.522464,0.685918,0.000000,0.515580,0.402484,0.409033,0.345306,0.480631,0.425055,0.369488,0.309019,0.550208,0.381957,0.477740,0.329113,0.694714,0.512951,0.266575,0.150391,0.422814,0.409244,0.107497,0.041402,0.368882,0.348671,0.077664,-0.081474,0.239683,0.338626,0.344529,0.332473,0.457481,0.642033,0.915332,0.821887,0.610258,0.881440,0.411551,0.596261,0.345474,0.106064,0.564915,0.345598,0.628719,0.654100,0.470550,0.508036,0.441385,0.433598,0.216513,0.530168
0.602545,0.490133,0.189888,0.235810,0.457348,0.363633,0.340254,0.613247,0.335177,0.153871,0.297711,0.686800,0.311173,0.531567,0.274847,0.364110,0.415679,0.468035,0.597058,0.752008,0.594178,0.410861,0.109678,0.161353,0.116053,0.328392,0.148068,0.275917,0.677002,0.569261,0.258056,0.326718,0.391173,0.470629,0.169176,0.322582,0.666997,0.656059,0.454083,0.568979,0.445219,0.515580,0.000000,1.473514,0.942230,1.061693,1.345569,1.408028,0.962045,0.859512,0.817111,0.635810,0.710234,0.614802,0.832201,0.900060,0.385140,0.367238,0.771972,0.773361,0.447291,0.288299,0.531900,0.503386,-0.006350,0.112914,0.433265,0.668473,0.443539,0.477498,0.376679,0.516953,0.643892,0.711659,0.644781,0.760520,0.619849,0.692529,0.242978,0.275712,0.628161,0.516805,0.747750,0.663493,0.379974,0.568077,0.608059,0.424110,0.269275,0.578675
0.561400,0.560079,0.018704,0.131015,0.440907,0.320512,0.191456,0.558146,0.262911,0.167180,0.203246,0.562707,0.176714,0.464550,0.203546,0.310867,0.514211,0.584179,0.481323,0.779375,0.496022,0.355157,-0.015034,0.038723,-0.054819,0.284008,0.051841,0.149220,0.690460,0.624511,0.254411,0.396887,0.451537,0.583987,0.010938,0.276516,0.536019,0.572662,0.336543,0.484742,0.434012,0.402484,1.473514,0.000000,0.895110,1.407038,1.388986,1.990698,0.825476,1.037228,0.584174,0.858691,0.692796,0.789384,0.692306,0.947274,0.443681,0.467392,0.595858,0.901783,0.318807,0.306804,0.585472,0.586946,-0.151181,0.031597,0.265669,0.622915,0.420517,0.469146,0.356015,0.417958,0.514052,0.630682,0.544942,0.635520,0.461589,0.513204,0.225338,0.254705,0.713695,0.698036,0.662630,0.672387,0.353453,0.618281,0.635661,0.494387,0.230233,0.503650
0.708167,0.605515,-0.151123,-0.063843,0.246623,0.245150,-0.020711,0.421575,0.188648,0.111138,0.018383,0.425777,0.127162,0.371771,0.067061,0.158041,0.458370,0.428986,0.211570,0.629003,0.445016,0.257380,-0.262618,-0.118500,-0.266592,0.124888,-0.220163,-0.029462,0.576577,0.433998,0.201319,0.385798,0.325159,0.398501,-0.060524,0.172431,0.313862,0.333598,0.351212,0.434977,0.345397,0.409033,0.942230,0.895110,0.000000,1.295947,1.004377,0.873210,1.142445,1.077596,0.626310,0.740515,0.623486,0.607581,0.747273,0.784779,0.790788,0.689971,0.831653,0.922333,0.297740,0.266111,0.341113,0.459683,-0.329094,0.008518,0.237094,0.523772,0.460998,0.515310,0.325002,0.306590,0.414177,0.458337,0.336737,0.449361,0.230158,0.250236,0.107188,0.152851,0.603325,0.505103,0.438862,0.565031,0.267841,0.524657,0.633185,0.587346,0.197043,0.377390
0.573438,0.582974,-0.195650,0.019023,0.346006,0.253838,-0.009746,0.521837,0.173539,0.151554,0.034110,0.475061,0.060725,0.420855,0.024634,0.182096,0.503785,0.612712,0.237312,0.728862,0.401172,0.272982,-0.232254,-0.108941,-0.218821,0.242057,-0.146102,0.016598,0.634310,0.574787,0.311810,0.490250,0.509520,0.679173,-0.074568,0.284899,0.372200,0.394386,0.257565,0.374049,0.352082,0.345306,1.061693,1.407038,1.295947,0.000000,1.124278,1.241790,0.857656,1.325987,0.471960,0.830304,0.592618,0.685715,0.621416,0.834811,0.630689,0.614255,0.654142,1.057490,0.276950,0.372864,0.535197,0.677735,-0.349381,0.028805,0.216921,0.671980,0.397621,0.436357,0.285634,0.321873,0.367391,0.531894,0.383920,0.485197,0.262698,0.309224,0.155426,0.190257,0.639282,0.667882,0.442142,0.556251,0.209417,0.579277,0.611079,0.541393,0.174835,0.403994
0.548172,0.613834,0.075438,0.145862,0.306133,0.259952,0.197629,0.499876,0.209560,0.097474,0.094193,0.456449,0.118583,0.370902,0.170925,0.248921,0.443107,0.357843,0.472641,0.761905,0.625383,0.466839,-0.009935,0.059614,-0.091302,0.186225,0.065028,0.120584,0.706218,0.495797,0.069328,0.245031,0.245334,0.357134,0.020120,0.145684,0.576608,0.654355,0.724491,0.819049,0.582595,0.480631,1.345569,1.388986,1.004377,1.124278,0.000000,1.365271,0.872528,0.893141,0.673338,0.686343,0.646593,0.655797,1.001721,1.237531,0.476339,0.477268,0.566349,0.728827,0.255842,0.205841,0.382603,0.381526,-0.100322,0.022897,0.325065,0.554358,0.536005,0.553930,0.570358,0.519128,0.562305,0.591396,0.571235,0.718941,0.534924,0.596695,0.305185,0.255569,0.814227,0.617778,0.773547,0.846322,0.514724,0.641966,0.769028,0.563650,0.293588,0.546513
0.559356,0.557376,0.095103,0.203438,0.514286,0.374859,0.249633,0.603718,0.282549,0.194647,0.209096,0.498207,0.189256,0.416162,0.224795,0.352784,0.513526,0.489223,0.515733,0.740797,0.535593,0.354686,0.056044,0.101869,-0.000807,0.378948,0.080240,0.215097,0.653128,0.572071,0.259049,0.408211,0.399444,0.550430,0.062669,0.329825,0.569840,0.588521,0.375769,0.530739,0.407277,0.425055,1.408028,1.990698,0.873210,1.241790,1.365271,0.000000,0.830091,0.955173,0.675657,0.830651,0.721877,0.877089,0.728161,0.946738,0.452221,0.421345,0.596293,0.837220,0.292631,0.291025,0.528372,0.496913,-0.102748,0.072743,0.327936,0.717269,0.430509,0.566609,0.356624,0.403195,0.516419,0.636785,0.571562,0.661718,0.458204,0.516183,0.237703,0.255766,0.680951,0.667979,0.693381,0.668960,0.385385,0.633393,0.659354,0.518806,0.259268,0.571344
