0.000000,1.232338,1.113085,1.012693,0.797152,0.860701,0.956061,0.920818,1.012894,0.872810,0.658690,0.746755,0.774746,0.719229,0.896854,0.965108,0.737778,0.861903,1.110394,1.213098,0.175820,0.075530,0.632425,0.574817,0.352162,0.872688,0.221157,0.487099,0.549701,0.416110,0.255387,0.377547,0.933359,0.969541,0.772191,0.407918,0.204269,0.400861,0.240762,0.173867,0.143604,0.510472,1.059747,1.012474,0.888509,1.011392,1.064176,1.020471,1.035801,1.089675,1.255326,1.181138,0.784121,1.118458,0.964427,1.019610,1.663028,1.262813,1.507533,1.436881,1.166839,1.023641,0.894763,0.955942,0.444611,0.585795,1.281948,1.241399,0.745985,0.886490,0.404605,0.379416,0.669887,0.616009,0.952355,0.878994,0.586760,0.611871,0.618648,0.751330,1.008552,1.007143,0.820120,0.449086,1.123656,0.865850,0.364165,0.614562,1.060463,1.211440
1.232338,0.000000,0.844976,1.097479,0.442053,0.762635,0.818277,1.056469,0.578775,0.563129,0.693218,1.003450,0.769166,0.832361,0.686038,0.743859,0.725892,0.855072,1.169369,1.318927,0.260770,0.244205,0.530906,0.777292,0.063513,0.714471,0.239027,0.528831,0.581252,0.461966,0.324087,0.442974,0.788742,0.887603,0.483714,0.400370,-0.014424,0.196939,0.208316,0.160670,0.176589,0.328106,0.723925,0.789179,0.697218,0.826847,0.762701,0.798595,0.834586,0.860215,0.853945,0.861194,0.670308,0.856940,0.744330,0.805681,1.216678,1.276254,0.945303,1.230875,0.946629,1.054649,0.818625,1.065542,0.358842,0.532511,0.921197,0.917847,0.879319,0.784317,0.355079,0.386911,0.562596,0.595747,0.580172,0.521513,0.424051,0.522652,0.672843,0.579284,0.908044,0.795458,0.613435,0.455140,0.865994,0.679134,0.341301,0.623405,0.792270,0.938181
1.113085,0.844976,0.000000,1.378270,0.670505,0.698640,1.336731,1.064057,0.828053,0.702700,0.689843,0.683851,0.678730,0.788014,0.843261,0.924983,0.669046,0.851042,0.952256,0.873189,0.241349,0.157158,1.324692,1.052837,0.552383,0.992862,0.214546,0.427066,0.601675,0.527722,0.566780,0.716535,0.860841,0.974077,0.707487,0.372902,0.081251,0.278416,0.168762,0.081844,0.149243,0.465372,0.818499,0.740591,0.730059,0.749189,0.773795,0.775339,0.702617,0.723491,0.918499,0.900897,0.494015,0.808982,0.612103,0.661865,1.014398,0.891650,0.887375,0.865490,0.850650,0.693069,0.730493,0.774628,0.503412,0.538803,1.020951,0.972716,0.581243,0.695127,0.591535,0.597904,0.711016,0.695230,0.762387,0.696768,0.579206,0.626905,0.703567,0.853306,0.865380,1.045288,0.711738,0.453625,0.989250,0.810650,0.431378,0.541698,0.707318,0.797620
1.012693,1.097479,1.378270,0.000000,0.637189,0.754562,1.288997,1.407125,0.713968,0.696104,0.772105,0.865122,0.774601,0.799135,0.792128,0.885430,0.636087,0.808190,1.161987,1.078695,0.268225,0.216102,1.161443,1.301935,0.450969,1.027850,0.359942,0.585565,0.576607,0.497237,0.561468,0.683227,0.814756,0.948577,0.706010,0.488230,-0.005327,0.180550,0.209132,0.154308,0.185993,0.390631,0.782960,0.754980,0.757127,0.805637,0.768709,0.796414,0.720709,0.662605,0.820023,0.767729,0.484929,0.798797,0.624780,0.667753,0.892069,0.938948,0.850004,0.881773,0.841255,0.867930,0.625141,0.718513,0.634085,0.692521,0.931264,0.949558,0.702599,0.738933,0.493865,0.509898,0.616559,0.674260,0.626223,0.592284,0.529647,0.575582,0.636561,0.655754,0.820165,0.851692,0.726286,0.469042,0.978654,0.764154,0.436389,0.567657,0.786481,0.870233
0.797152,0.442053,0.670505,0.637189,0.000000,0.842087,0.618145,0.532778,1.304185,1.368413,0.285749,0.389576,0.464243,0.352459,0.786808,0.944123,0.417570,0.496390,0.563957,0.594683,0.172780,-0.057307,0.529313,0.287261,0.746477,0.774423,0.401402,0.434334,0.367581,0.333750,0.200232,0.253540,0.594198,0.540116,0.809240,0.354388,0.528129,0.676475,0.117066,0.024869,-0.002716,0.499922,0.760388,0.692683,0.627482,0.707882,0.708929,0.671365,0.677691,0.753780,0.792182,0.727824,0.518863,0.756865,0.650957,0.680779,0.598952,0.465233,0.922887,0.759674,0.660355,0.669883,0.408030,0.384317,0.435934,0.499491,0.703877,0.784142,0.381682,0.562840,0.315516,0.282379,0.487613,0.462700,0.943862,1.141044,0.640328,0.473885,0.314541,0.588209,0.564457,0.603065,0.638610,0.174847,0.783936,0.661098,0.034569,0.312669,0.906242,0.925432
0.860701,0.762635,0.698640,0.754562,0.842087,0.000000,0.717003,0.767188,1.049804,1.063537,0.477925,0.861929,0.854691,0.720086,1.062663,1.113192,0.750155,0.861638,0.663278,0.801812,0.381671,0.229344,0.485157,0.481542,0.251033,1.197154,0.373863,0.734673,0.677514,0.582721,0.405964,0.450826,0.717433,0.661614,0.824024,0.615362,0.213616,0.358164,0.129903,0.108030,0.147145,0.516313,1.014993,1.005827,0.964108,1.023537,1.059532,1.073715,1.006158,0.911332,0.941421,0.768308,0.610788,1.061244,0.790449,1.047047,0.776833,0.723301,0.959410,0.951592,0.839262,0.893501,0.635164,0.747484,0.401651,0.606746,0.893695,0.984494,0.535881,0.824105,0.385188,0.389624,0.681013,0.733141,0.804569,0.925515,0.678736,0.567586,0.637683,0.654954,1.045640,0.871428,1.024314,0.618904,1.129037,0.875700,0.217442,0.745797,1.037882,1.173041
0.956061,0.818277,1.336731,1.288997,0.618145,0.717003,0.000000,1.617453,0.830582,0.652557,0.906333,0.912031,0.988728,1.030668,0.983806,0.992665,0.877174,1.054289,0.744126,0.745741,0.429070,0.309227,1.148531,1.023619,0.358690,0.970261,0.155307,0.375452,0.793943,0.713015,0.744189,0.908543,0.963531,1.137711,0.842924,0.572292,0.071440,0.247160,0.162931,0.111025,0.153247,0.486781,0.777968,0.761125,0.785953,0.841553,0.740838,0.770288,0.666222,0.635574,0.826549,0.841533,0.425752,0.714590,0.478333,0.637636,0.912868,0.799090,0.717007,0.708467,1.111174,0.974715,0.859750,0.845174,0.803082,0.806273,0.913751,1.007800,0.479916,0.642842,0.874219,0.883547,0.952992,0.922896,0.713463,0.608267,0.731162,0.894622,0.795755,0.810474,0.981377,1.081591,0.584650,0.360239,1.047719,0.912985,0.395771,0.653753,0.677792,0.739551
0.920818,1.056469,1.064057,1.407125,0.532778,0.767188,1.617453,0.000000,0.724916,0.660474,0.998483,1.150748,1.009910,1.162438,0.956892,0.979935,0.884670,1.052076,0.788223,0.871040,0.348648,0.311957,0.963083,1.149788,0.197313,0.879268,0.123240,0.366008,0.766550,0.683290,0.626132,0.861292,0.865106,1.149779,0.670382,0.515864,-0.022544,0.147178,0.091817,0.067273,0.091631,0.450699,0.713881,0.715728,0.730731,0.820348,0.681591,0.717478,0.673707,0.661865,0.734326,0.781952,0.421992,0.701672,0.467168,0.616559,0.874642,0.826442,0.709311,0.769011,1.053547,1.170840,0.828998,0.926278,0.696184,0.790135,0.804280,0.932427,0.478997,0.628509,0.688242,0.759761,0.810521,0.837248,0.595853,0.549544,0.516172,0.675949,0.741110,0.733827,0.925991,0.976327,0.601444,0.389948,1.010330,0.811843,0.420259,0.641985,0.671376,0.757387
1.012894,0.578775,0.828053,0.713968,1.304185,1.049804,0.830582,0.724916,0.000000,1.557738,0.466869,0.534453,0.684173,0.540134,1.019222,1.110266,0.614339,0.721986,0.608959,0.685156,0.140169,-0.050954,0.558367,0.339166,0.584731,0.939110,0.193540,0.383378,0.532767,0.448507,0.245270,0.339173,0.725292,0.717701,0.861303,0.500699,0.372507,0.549671,0.022805,-0.025553,-0.019570,0.520674,1.012255,0.933482,0.834171,0.967543,0.927473,0.921490,0.870289,0.948737,1.080514,0.969296,0.685874,0.978464,0.709294,0.847963,0.747912,0.552005,1.123483,0.983945,0.988717,0.902209,0.636470,0.644444,0.464950,0.530530,0.870543,0.963818,0.365950,0.658109,0.434341,0.377332,0.646744,0.595347,1.126800,1.241704,0.670941,0.605400,0.540474,0.736199,0.819332,0.862100,0.851494,0.323397,1.027992,0.803719,0.128594,0.489450,1.064287,1.121732
0.872810,0.563129,0.702700,0.696104,1.368413,1.063537,0.652557,0.660474,1.557738,0.000000,0.345707,0.512141,0.563766,0.460833,0.909004,1.126015,0.439464,0.529853,0.602990,0.690266,0.080578,-0.101592,0.499618,0.348654,0.525767,0.804221,0.261548,0.415565,0.385077,0.328426,0.155975,0.244825,0.559566,0.563128,0.750963,0.369782,0.414876,0.550598,-0.017189,-0.062693,-0.092527,0.478733,0.837019,0.782388,0.684900,0.765116,0.780021,0.738468,0.761860,0.879152,0.890631,0.797151,0.620797,0.872972,0.681717,0.748820,0.612733,0.470298,1.066521,0.930869,0.783893,0.830084,0.462925,0.473312,0.422278,0.528915,0.716849,0.800187,0.347486,0.580573,0.276763,0.260139,0.470226,0.481984,0.999202,1.239026,0.524458,0.421307,0.405417,0.603190,0.641053,0.646942,0.787265,0.305957,0.872522,0.656091,0.046283,0.383895,1.077396,1.087304
0.658690,0.693218,0.689843,0.772105,0.285749,0.477925,0.906333,0.998483,0.466869,0.345707,0.000000,1.106781,1.078873,1.196394,0.951329,0.791800,0.909089,0.851956,0.501972,0.482177,0.440207,0.414775,0.729193,0.859126,0.078377,0.616745,0.020731,0.197042,0.775948,0.633666,0.610330,0.799774,0.685772,0.823778,0.516316,0.543460,-0.073561,0.129238,0.085272,0.043422,-0.016755,0.315692,0.461413,0.488395,0.471513,0.522889,0.433284,0.469989,0.466984,0.427697,0.500123,0.557277,0.273818,0.489424,0.254809,0.409554,0.648763,0.663041,0.422050,0.440543,0.685156,0.629418,0.672694,0.729149,0.620294,0.610944,0.571867,0.620119,0.297520,0.350767,0.730731,0.737927,0.773608,0.723446,0.425680,0.285614,0.480815,0.637670,0.703100,0.539532,0.689008,0.734147,0.393064,0.230120,0.786871,0.721443,0.384429,0.649006,0.411504,0.469731
0.746755,1.003450,0.683851,0.865122,0.389576,0.861929,0.912031,1.150748,0.534453,0.512141,1.106781,0.000000,1.371949,1.690517,1.086536,1.010505,1.196589,1.185777,0.626555,0.690570,0.593722,0.463271,0.654009,0.902506,-0.021182,0.760508,0.189600,0.388044,1.035131,0.894845,0.711420,0.812934,0.819602,0.849613,0.565933,0.635857,0.014448,0.212183,0.015584,0.015621,0.048342,0.379910,0.627429,0.718116,0.640920,0.706991,0.610338,0.661646,0.737347,0.644305,0.654274,0.690608,0.412740,0.697977,0.393067,0.633170,0.793052,0.794069,0.557822,0.631890,0.866439,0.868365,0.902173,0.985734,0.538244,0.681383,0.661283,0.763945,0.467881,0.502158,0.704722,0.777440,0.852112,0.891866,0.478108,0.449566,0.636956,0.697219,0.959786,0.702950,1.077226,0.922679,0.502215,0.364825,0.966683,0.913732,0.174062,0.733680,0.559992,0.667413
0.774746,0.769166,0.678730,0.774601,0.464243,0.854691,0.988728,1.009910,0.684173,0.563766,1.078873,1.371949,0.000000,1.374332,1.315258,1.070054,1.030632,1.029035,0.525249,0.556545,0.594297,0.420040,0.616585,0.723310,0.047212,0.785658,0.250940,0.457864,0.933484,0.796985,0.681017,0.682565,0.790131,0.772700,0.674114,0.757359,0.093845,0.221733,0.068975,0.087831,0.161555,0.408794,0.728580,0.841647,0.701707,0.785066,0.715022,0.756428,0.780045,0.665370,0.742455,0.732701,0.507613,0.749409,0.455574,0.751408,0.717194,0.639029,0.598696,0.595327,0.979149,0.849328,0.872951,0.823347,0.615806,0.741861,0.666704,0.744785,0.414616,0.483789,0.787769,0.776680,0.884191,0.872227,0.518432,0.477035,0.715602,0.738143,0.917178,0.628925,1.122274,0.901532,0.568154,0.376108,0.971655,0.905436,0.152216,0.683127,0.667453,0.793357
0.719229,0.832361,0.788014,0.799135,0.352459,0.720086,1.030668,1.162438,0.540134,0.460833,1.196394,1.690517,1.374332,0.000000,1.119131,1.003305,1.177640,1.210167,0.472954,0.534282,0.558294,0.459938,0.754946,0.960251,0.012782,0.721203,0.039960,0.240950,0.994304,0.885006,0.727804,0.943269,0.824805,0.913542,0.551525,0.550826,-0.007429,0.195450,-0.023644,-0.022266,0.010711,0.415473,0.597927,0.663384,0.585408,0.670325,0.572046,0.606497,0.663414,0.650352,0.662314,0.770185,0.408859,0.656498,0.312189,0.566514,0.772633,0.676404,0.522270,0.570238,0.889609,0.750302,0.998277,1.039850,0.500846,0.597602,0.642746,0.733782,0.283631,0.388784,0.889468,1.019595,1.007615,0.957268,0.501102,0.391172,0.597970,0.745748,0.976410,0.726885,1.026741,1.006563,0.416594,0.325868,0.919508,0.861479,0.208988,0.659933,0.446925,0.568927
0.896854,0.686038,0.843261,0.792128,0.786808,1.062663,0.983806,0.956892,1.019222,0.909004,0.951329,1.086536,1.315258,1.119131,0.000000,1.899388,1.097019,1.010999,0.572471,0.667307,0.594515,0.358434,0.693116,0.675497,0.254548,1.082933,0.186237,0.403371,1.029827,0.917325,0.709431,0.795394,0.747922,0.767199,0.829825,0.555807,0.370892,0.494434,0.101213,0.090134,0.060920,0.660617,0.886165,0.910742,0.816987,0.839936,0.854278,0.842638,0.816797,0.762989,0.850347,0.823609,0.526156,0.851733,0.584762,0.835823,0.775006,0.691713,0.724672,0.704632,0.917011,0.819992,0.804262,0.752645,0.631644,0.716172,0.777730,0.864521,0.444198,0.675871,0.721730,0.739171,0.997634,0.936064,0.819884,0.833270,0.869032,0.810917,0.889748,0.942050,1.114436,1.109805,0.758726,0.442069,1.327553,1.166431,0.158501,0.769953,0.835800,0.934661
0.965108,0.743859,0.924983,0.885430,0.944123,1.113192,0.992665,0.979935,1.110266,1.126015,0.791800,1.010505,1.070054,1.003305,1.899388,0.000000,0.893524,0.904726,0.627660,0.727843,0.523702,0.323952,0.741777,0.708194,0.323395,1.153816,0.257953,0.474330,0.842159,0.804219,0.614361,0.721945,0.700855,0.729645,0.858349,0.519700,0.419619,0.600665,0.110704,0.088644,0.051170,0.732860,0.878153,0.894295,0.801198,0.833505,0.855651,0.827469,0.836422,0.849556,0.897141,0.864192,0.576330,0.912985,0.629061,0.853796,0.799547,0.727870,0.843569,0.827854,0.921003,0.906369,0.719080,0.697931,0.623561,0.776668,0.801679,0.908216,0.482496,0.715545,0.646189,0.679289,0.917866,0.934970,0.888080,0.963103,0.865126,0.779704,0.802886,0.933257,1.029826,1.075060,0.746581,0.448318,1.404889,1.235362,0.126124,0.781347,0.952301,1.050741
0.737778,0.725892,0.669046,0.636087,0.417570,0.750155,0.877174,0.884670,0.614339,0.439464,0.909089,1.196589,1.030632,1.177640,1.097019,0.893524,0.000000,1.575454,0.519233,0.648605,0.677307,0.400394,0.574139,0.621195,0.118568,0.789842,0.026628,0.203763,1.619802,1.215707,0.806412,0.957900,0.887830,0.939928,0.733284,0.591366,0.199350,0.286954,0.043610,0.021192,0.078646,0.541299,0.747381,0.772101,0.787912,0.817077,0.692467,0.726766,0.744339,0.601951,0.691362,0.748791,0.365550,0.675394,0.382996,0.625694,0.860859,0.781258,0.484152,0.538395,0.876195,0.730220,1.231188,1.109769,0.574721,0.596906,0.750935,0.840844,0.452080,0.618987,0.798388,0.861120,1.231295,1.076925,0.676625,0.586890,0.853339,0.957857,1.216257,1.074051,1.312747,1.269753,0.510131,0.346348,1.062730,1.064671,0.179657,0.790217,0.492740,0.556281
0.861903,0.855072,0.851042,0.808190,0.496390,0.861638,1.054289,1.052076,0.721986,0.529853,0.851956,1.185777,1.029035,1.210167,1.010999,0.904726,1.575454,0.000000,0.595878,0.715200,0.521709,0.296564,0.640725,0.706611,0.188658,0.886768,0.132384,0.337083,1.231817,1.099018,0.711747,0.939792,1.164687,1.193977,0.824378,0.712731,0.074519,0.251007,-0.005556,0.003838,0.086930,0.465551,0.878519,0.919739,0.968397,1.061399,0.821542,0.887457,0.869576,0.750405,0.866600,0.897957,0.395541,0.813946,0.445163,0.709716,1.078343,0.939945,0.624962,0.707354,1.075785,0.914067,1.411025,1.423008,0.644198,0.724212,0.963992,1.050902,0.507420,0.695620,0.756287,0.794301,1.113303,1.052683,0.696188,0.572235,0.782624,0.955733,1.318613,1.178188,1.613072,1.640552,0.548224,0.336200,1.186731,1.128846,0.212900,0.828166,0.596946,0.692820
1.110394,1.169369,0.952256,1.161987,0.563957,0.663278,0.744126,0.788223,0.608959,0.602990,0.501972,0.626555,0.525249,0.472954,0.572471,0.627660,0.519233,0.595878,0.000000,1.652948,0.126959,0.077079,0.698891,0.716218,0.321950,0.682400,0.378071,0.587454,0.431323,0.305985,0.307725,0.354358,0.690575,0.711039,0.496209,0.312747,0.054824,0.195123,0.245182,0.147070,0.172465,0.294869,0.650136,0.617759,0.598543,0.613514,0.657169,0.677724,0.611402,0.549818,0.696781,0.596175,0.436820,0.657466,0.714097,0.622408,0.939914,1.032294,0.868878,0.974045,0.678650,0.728465,0.531777,0.637436,0.351174,0.453873,0.852301,0.784165,1.057585,0.859601,0.208005,0.178820,0.363623,0.397908,0.574299,0.595343,0.410341,0.384041,0.479148,0.545585,0.677826,0.622518,0.751960,0.435354,0.744161,0.562720,0.383862,0.457696,0.824239,0.863729
1.213098,1.318927,0.873189,1.078695,0.594683,0.801812,0.745741,0.871040,0.685156,0.690266,0.482177,0.690570,0.556545,0.534282,0.667307,0.727843,0.648605,0.715200,1.652948,0.000000,0.150214,0.097093,0.559573,0.627364,0.255750,0.774731,0.313609,0.553612,0.523421,0.393571,0.269946,0.374365,0.749727,0.833341,0.581539,0.277163,0.142503,0.224881,0.267522,0.176326,0.199676,0.423914,0.836569,0.768039,0.783628,0.818719,0.860738,0.858652,0.779767,0.709215,0.808399,0.736585,0.546927,0.787231,0.850504,0.781898,1.087804,1.182945,0.960904,1.142547,0.812711,0.911553,0.651127,0.793706,0.361476,0.493596,1.027831,0.980562,1.095360,1.126596,0.202368,0.209855,0.474828,0.495222,0.700320,0.757480,0.476300,0.471068,0.546887,0.662248,0.826211,0.754201,0.858674,0.519857,0.893084,0.662177,0.406032,0.541700,0.928772,0.953747
0.175820,0.260770,0.241349,0.268225,0.172780,0.381671,0.429070,0.348648,0.140169,0.080578,0.440207,0.593722,0.594297,0.558294,0.594515,0.523702,0.677307,0.521709,0.126959,0.150214,0.000000,1.172253,0.324189,0.402099,-0.013052,0.569512,0.146183,0.263139,0.814492,0.833289,1.009792,0.730006,0.286218,0.228206,0.465313,0.482488,0.351220,0.385401,0.368033,0.336817,0.373961,0.530643,0.236187,0.332070,0.376873,0.305555,0.295331,0.303187,0.309617,0.184631,0.233832,0.216727,0.183126,0.321642,0.210168,0.392468,0.270448,0.341908,0.068667,0.088435,0.249456,0.251332,0.364583,0.277140,0.447515,0.476607,0.269147,0.295499,0.355935,0.322704,0.764977,0.798968,0.807907,0.828588,0.259525,0.202847,0.812296,0.770739,0.554372,0.400089,0.536698,0.470316,0.132431,0.262575,0.501404,0.646381,0.026007,0.673384,0.227689,0.241014
0.075530,0.244205,0.157158,0.216102,-0.057307,0.229344,0.309227,0.311957,-0.050954,-0.101592,0.414775,0.463271,0.420040,0.459938,0.358434,0.323952,0.400394,0.296564,0.077079,0.097093,1.172253,0.000000,0.243068,0.404947,-0.226949,0.423690,0.028034,0.206490,0.491461,0.462921,0.707080,0.539147,0.142905,0.117560,0.228469,0.333613,0.062417,0.231333,0.458047,0.430196,0.363100,0.445620,0.065770,0.151300,0.193689,0.142953,0.154696,0.172394,0.145823,0.073112,0.068625,0.062468,0.099440,0.168656,0.127894,0.288698,0.164081,0.269089,-0.003316,0.059748,0.116584,0.186768,0.165935,0.187094,0.239760,0.343789,0.160572,0.196292,0.243849,0.196081,0.605457,0.622058,0.567267,0.627477,0.085852,0.012531,0.448582,0.501445,0.312433,0.137125,0.288946,0.253763,0.080906,0.328170,0.314697,0.383408,0.204525,0.626365,0.105577,0.120923
0.632425,0.530906,1.324692,1.161443,0.529313,0.485157,1.148531,0.963083,0.558367,0.499618,0.729193,0.654009,0.616585,0.754946,0.693116,0.741777,0.574139,0.640725,0.698891,0.559573,0.324189,0.243068,0.000000,1.328085,0.549829,0.771695,0.183401,0.262450,0.533316,0.480594,0.704632,0.873149,0.657738,0.781802,0.593790,0.376645,0.016055,0.158126,0.094283,0.002991,0.023351,0.368904,0.450207,0.394729,0.428626,0.422042,0.406760,0.413164,0.362355,0.351266,0.473800,0.489600,0.213209,0.467769,0.250231,0.333334,0.542575,0.530670,0.480726,0.421373,0.521133,0.484089,0.440877,0.468604,0.561193,0.547475,0.575412,0.617338,0.332484,0.413813,0.721699,0.741627,0.638831,0.635933,0.501135,0.445437,0.517934,0.555683,0.505312,0.594673,0.558534,0.675981,0.412567,0.239111,0.670169,0.583520,0.321883,0.384282,0.395269,0.463682
0.574817,0.777292,1.052837,1.301935,0.287261,0.481542,1.023619,1.149788,0.339166,0.348654,0.859126,0.902506,0.723310,0.960251,0.675497,0.708194,0.621195,0.706611,0.716218,0.627364,0.402099,0.404947,1.328085,0.000000,0.212769,0.696664,0.167627,0.330229,0.608837,0.568168,0.765927,0.969885,0.598555,0.761231,0.433413,0.364560,-0.161417,0.006311,0.091665,0.070702,0.075319,0.245153,0.389926,0.396327,0.421949,0.431936,0.386223,0.405364,0.390048,0.368284,0.423042,0.450248,0.241755,0.450999,0.245702,0.353813,0.576750,0.646143,0.399235,0.445195,0.528674,0.547247,0.507712,0.574988,0.552068,0.595043,0.509175,0.538489,0.417662,0.403358,0.616431,0.708019,0.602688,0.645870,0.314922,0.258513,0.402474,0.498442,0.639477,0.532329,0.625739,0.673083,0.367126,0.343088,0.682127,0.584732,0.359578,0.492171,0.349629,0.440867
0.352162,0.063513,0.552383,0.450969,0.746477,0.251033,0.358690,0.197313,0.584731,0.525767,0.078377,-0.021182,0.047212,0.012782,0.254548,0.323395,0.118568,0.188658,0.321950,0.255750,-0.013052,-0.226949,0.549829,0.212769,0.000000,0.475704,0.305523,0.212391,0.150481,0.143107,0.139417,0.125451,0.216312,0.231897,0.465045,0.162218,0.321164,0.389456,0.160135,0.070180,0.131510,0.308004,0.450883,0.378958,0.369754,0.343120,0.405784,0.393865,0.319381,0.322137,0.430073,0.399951,0.272122,0.452367,0.366388,0.278936,0.236357,0.172007,0.439283,0.293367,0.143304,0.084591,0.120647,0.025887,0.209222,0.123477,0.418585,0.376476,0.212386,0.306081,0.183215,0.118531,0.282281,0.262828,0.626832,0.579857,0.385420,0.291941,0.162462,0.390378,0.237173,0.342132,0.406464,0.169517,0.379617,0.324774,0.170002,0.028730,0.337150,0.336271
0.872688,0.714471,0.992862,1.027850,0.774423,1.197154,0.970261,0.879268,0.939110,0.804221,0.616745,0.760508,0.785658,0.721203,1.082933,1.153816,0.789842,0.886768,0.682400,0.774731,0.569512,0.423690,0.771695,0.696664,0.475704,0.000000,0.341808,0.684759,0.749986,0.675716,0.686922,0.724900,0.717340,0.705588,1.048700,0.602305,0.245222,0.416988,0.365895,0.280277,0.276972,0.702062,1.056511,1.005970,1.113081,1.050928,1.116060,1.113418,0.925613,0.767198,0.958465,0.762139,0.562547,1.022877,0.801537,0.982325,0.813065,0.858306,0.857516,0.822006,0.756846,0.753332,0.585958,0.667390,0.613358,0.734545,1.065168,1.102071,0.650490,0.976361,0.575168,0.566457,0.854190,0.900151,0.850970,0.814653,0.899983,0.821804,0.709276,0.808516,1.009702,1.057723,0.958048,0.659254,1.336374,1.105499,0.364824,0.967430,0.951806,0.990337
0.221157,0.239027,0.214546,0.359942,0.401402,0.373863,0.155307,0.123240,0.193540,0.261548,0.020731,0.189600,0.250940,0.039960,0.186237,0.257953,0.026628,0.132384,0.378071,0.313609,0.146183,0.028034,0.183401,0.167627,0.305523,0.341808,0.000000,1.248155,-0.002181,0.061102,0.065340,-0.054123,0.183517,0.040507,0.282859,0.288040,0.081354,0.042968,0.285076,0.300191,0.388262,0.126277,0.274346,0.313314,0.277796,0.260716,0.323545,0.374002,0.281084,0.179610,0.215115,0.075031,0.125353,0.323708,0.339817,0.395170,0.192534,0.317443,0.303752,0.255746,0.156691,0.241335,-0.054988,-0.019921,0.362398,0.447238,0.273470,0.250195,0.526239,0.387217,-0.184307,-0.194170,-0.011979,0.100632,0.058945,0.175946,0.293746,0.077094,0.122776,0.065117,0.254533,0.149736,0.346375,0.244647,0.295965,0.349685,0.012947,0.205257,0.541924,0.534427
0.487099,0.528831,0.427066,0.585565,0.434334,0.734673,0.375452,0.366008,0.383378,0.415565,0.197042,0.388044,0.457864,0.240950,0.403371,0.474330,0.203763,0.337083,0.587454,0.553612,0.263139,0.206490,0.262450,0.330229,0.212391,0.684759,1.248155,0.000000,0.170217,0.190707,0.202791,0.087521,0.294035,0.195564,0.426261,0.404233,0.027826,0.058691,0.463573,0.485301,0.550884,0.278200,0.549996,0.605621,0.584437,0.561976,0.673272,0.743624,0.578870,0.455862,0.497445,0.301859,0.373000,0.634005,0.692544,0.766240,0.461779,0.599040,0.589180,0.573695,0.378216,0.480448,0.164432,0.234913,0.387735,0.566344,0.537513,0.500398,0.733532,0.668385,-0.057318,-0.055691,0.165400,0.287163,0.221559,0.310416,0.392595,0.224088,0.284970,0.189505,0.522384,0.390267,0.721280,0.663713,0.599344,0.564006,0.313599,0.577609,0.835887,0.879608
0.549701,0.581252,0.601675,0.576607,0.367581,0.677514,0.793943,0.766550,0.532767,0.385077,0.775948,1.035131,0.933484,0.994304,1.029827,0.842159,1.619802,1.231817,0.431323,0.523421,0.814492,0.491461,0.533316,0.608837,0.150481,0.749986,-0.002181,0.170217,0.000000,1.733898,1.112901,1.033738,0.658990,0.706329,0.609572,0.549713,0.219255,0.329623,0.011871,-0.020887,0.106167,0.487311,0.655253,0.698278,0.674694,0.671245,0.599779,0.645286,0.664782,0.498415,0.600008,0.664909,0.319380,0.582391,0.330209,0.532680,0.635420,0.607706,0.358579,0.419380,0.680605,0.562567,1.001543,0.871970,0.441189,0.427567,0.573434,0.608344,0.429774,0.556792,0.930298,0.942214,1.153776,1.123994,0.597973,0.555463,0.898162,0.959069,1.355643,1.103269,1.126492,1.091264,0.481644,0.377019,0.912118,0.945365,0.155423,0.694956,0.393708,0.435708
0.416110,0.461966,0.527722,0.497237,0.333750,0.582721,0.713015,0.683290,0.448507,0.328426,0.633666,0.894845,0.796985,0.885006,0.917325,0.804219,1.215707,1.099018,0.305985,0.393571,0.833289,0.462921,0.480594,0.568168,0.143107,0.675716,0.061102,0.190707,1.733898,0.000000,1.140829,1.095272,0.515028,0.558439,0.482161,0.461596,0.249152,0.365180,-0.026206,0.014084,0.136535,0.504608,0.515066,0.586620,0.580630,0.553646,0.485185,0.530756,0.531247,0.403766,0.483307,0.537335,0.206167,0.469209,0.227979,0.439070,0.504373,0.496266,0.233987,0.301635,0.552594,0.479819,0.858966,0.699900,0.448214,0.426048,0.434227,0.461651,0.381238,0.497860,0.835562,0.910005,0.996735,1.039974,0.455220,0.441078,0.798518,0.871269,1.223365,1.158701,0.993309,1.043887,0.379606,0.352536,0.810779,0.957867,0.099107,0.686324,0.291660,0.360841
0.255387,0.324087,0.566780,0.561468,0.200232,0.405964,0.744189,0.626132,0.245270,0.155975,0.610330,0.711420,0.681017,0.727804,0.709431,0.614361,0.806412,0.711747,0.307725,0.269946,1.009792,0.707080,0.704632,0.765927,0.139417,0.686922,0.065340,0.202791,1.112901,1.140829,0.000000,1.340695,0.427675,0.433487,0.456508,0.444745,0.125044,0.193925,0.132484,0.083516,0.196276,0.391842,0.327238,0.366695,0.403714,0.328540,0.316585,0.355401,0.307656,0.159502,0.279868,0.278900,0.051788,0.282175,0.142089,0.286181,0.322636,0.385711,0.081361,0.130569,0.326476,0.278196,0.509740,0.433335,0.474363,0.412784,0.313511,0.325859,0.330164,0.347943,0.991134,0.999013,0.810846,0.881960,0.303838,0.245088,0.730831,0.732324,0.855847,0.705312,0.647074,0.670246,0.286068,0.311897,0.574361,0.639125,0.182146,0.593476,0.191683,0.213191
0.377547,0.442974,0.716535,0.683227,0.253540,0.450826,0.908543,0.861292,0.339173,0.244825,0.799774,0.812934,0.682565,0.943269,0.795394,0.721945,0.957900,0.939792,0.354358,0.374365,0.730006,0.539147,0.873149,0.969885,0.125451,0.724900,-0.054123,0.087521,1.033738,1.095272,1.340695,0.000000,0.632403,0.758797,0.560028,0.410065,0.066211,0.173370,-0.003391,-0.048301,-0.011278,0.398849,0.347748,0.342059,0.456226,0.408125,0.315898,0.327808,0.286844,0.202988,0.300778,0.339427,0.007641,0.272212,0.064785,0.223311,0.469797,0.523360,0.143138,0.203973,0.475551,0.430143,0.644572,0.629017,0.606507,0.550754,0.419045,0.472631,0.261817,0.399508,0.974112,1.138169,0.910659,0.895197,0.363521,0.268007,0.627374,0.797566,0.859522,0.885349,0.696764,0.851183,0.228992,0.172268,0.677247,0.710885,0.192199,0.631853,0.202955,0.243333
0.933359,0.788742,0.860841,0.814756,0.594198,0.717433,0.963531,0.865106,0.725292,0.559566,0.685772,0.819602,0.790131,0.824805,0.747922,0.700855,0.887830,1.164687,0.690575,0.749727,0.286218,0.142905,0.657738,0.598555,0.216312,0.717340,0.183517,0.294035,0.658990,0.515028,0.427675,0.632403,0.000000,1.679954,0.994180,0.756614,0.062310,0.231928,-0.026562,-0.070358,-0.051882,0.308483,0.873506,0.807209,0.887089,1.008008,0.776645,0.775072,0.781887,0.686544,0.814333,0.814965,0.399723,0.678600,0.434094,0.620369,1.042464,0.869795,0.729992,0.753288,1.179364,0.912597,0.906528,1.046720,0.704911,0.745674,1.128199,1.256924,0.486392,0.622040,0.609849,0.583082,0.788395,0.700135,0.676460,0.578365,0.618763,0.698916,0.737400,0.705957,0.949436,0.948173,0.415521,0.077149,0.846644,0.740311,0.111752,0.510774,0.655978,0.670456
0.969541,0.887603,0.974077,0.948577,0.540116,0.661614,1.137711,1.149779,0.717701,0.563128,0.823778,0.849613,0.772700,0.913542,0.767199,0.729645,0.939928,1.193977,0.711039,0.833341,0.228206,0.117560,0.781802,0.761231,0.231897,0.705588,0.040507,0.195564,0.706329,0.558439,0.433487,0.758797,1.679954,0.000000,0.890534,0.596735,-0.010919,0.135042,-0.052094,-0.105721,-0.077655,0.297425,0.820775,0.731880,0.831808,0.961802,0.720655,0.712461,0.711127,0.670103,0.763644,0.854876,0.380805,0.640117,0.387193,0.534293,1.041013,0.884055,0.712390,0.746671,1.186321,0.995815,0.958967,1.128635,0.672476,0.704099,1.056452,1.202878,0.421664,0.614867,0.645118,0.672114,0.838570,0.739602,0.694368,0.581392,0.508336,0.694657,0.743142,0.765510,0.916528,0.997042,0.408126,0.117460,0.860130,0.697515,0.249767,0.500042,0.576801,0.608776
0.772191,0.483714,0.707487,0.706010,0.809240,0.824024,0.842924,0.670382,0.861303,0.750963,0.516316,0.565933,0.674114,0.551525,0.829825,0.858349,0.733284,0.824378,0.496209,0.581539,0.465313,0.228469,0.593790,0.433413,0.465045,1.048700,0.282859,0.426261,0.609572,0.482161,0.456508,0.560028,0.994180,0.890534,0.000000,0.845839,0.351568,0.408879,0.234520,0.138597,0.101229,0.532809,0.979401,0.842140,1.117624,1.072889,0.942088,0.851932,0.811798,0.633703,0.855097,0.703021,0.456185,0.774312,0.551222,0.711311,0.755188,0.701647,0.767248,0.636819,0.895367,0.762305,0.601026,0.595966,0.935458,0.949374,1.065089,1.206131,0.458873,0.735822,0.600968,0.560615,0.832684,0.788235,0.917703,0.849495,1.011524,0.935611,0.600596,0.668131,0.850164,0.898660,0.551062,0.225135,1.066835,0.970698,0.165858,0.717035,0.871707,0.775184
0.407918,0.400370,0.372902,0.488230,0.354388,0.615362,0.572292,0.515864,0.500699,0.369782,0.543460,0.635857,0.757359,0.550826,0.555807,0.519700,0.591366,0.712731,0.312747,0.277163,0.482488,0.333613,0.376645,0.364560,0.162218,0.602305,0.288040,0.404233,0.549713,0.461596,0.444745,0.410065,0.756614,0.596735,0.845839,0.000000,0.074685,0.236381,0.022471,0.067629,0.118186,0.236692,0.579527,0.670834,0.681271,0.739692,0.555970,0.616346,0.573871,0.423951,0.538185,0.441643,0.362116,0.578102,0.285769,0.531408,0.441206,0.405083,0.414510,0.420805,0.635725,0.629495,0.502873,0.481987,0.667497,0.767605,0.585624,0.682255,0.324011,0.366750,0.623167,0.512917,0.611722,0.704752,0.428315,0.379393,0.669399,0.695117,0.609772,0.372545,0.736716,0.616126,0.331242,0.148337,0.694066,0.671566,0.022803,0.565411,0.524458,0.558770
0.204269,-0.014424,0.081251,-0.005327,0.528129,0.213616,0.071440,-0.022544,0.372507,0.414876,-0.073561,0.014448,0.093845,-0.007429,0.370892,0.419619,0.199350,0.074519,0.054824,0.142503,0.351220,0.062417,0.016055,-0.161417,0.321164,0.245222,0.081354,0.027826,0.219255,0.249152,0.125044,0.066211,0.062310,-0.010919,0.351568,0.074685,0.000000,1.014764,0.335800,0.289395,0.254962,0.681917,0.311909,0.322834,0.282463,0.225362,0.319637,0.242399,0.248566,0.246465,0.267445,0.219199,0.323959,0.258599,0.399720,0.333392,0.121957,0.048866,0.177754,0.165935,0.109486,0.125339,0.136520,-0.055236,0.130082,0.147126,0.182201,0.203925,0.246270,0.316496,0.179177,0.183895,0.308439,0.247546,0.454362,0.575507,0.556039,0.368691,0.045523,0.326574,0.180998,0.208727,0.208190,0.063716,0.299744,0.365046,-0.239101,0.136174,0.319755,0.309308
0.400861,0.196939,0.278416,0.180550,0.676475,0.358164,0.247160,0.147178,0.549671,0.550598,0.129238,0.212183,0.221733,0.195450,0.494434,0.600665,0.286954,0.251007,0.195123,0.224881,0.385401,0.231333,0.158126,0.006311,0.389456,0.416988,0.042968,0.058691,0.329623,0.365180,0.193925,0.173370,0.231928,0.135042,0.408879,0.236381,1.014764,0.000000,0.234383,0.225124,0.136375,0.732069,0.386443,0.433865,0.343783,0.338661,0.403886,0.349960,0.358420,0.426611,0.470866,0.442380,0.423064,0.421546,0.440807,0.438042,0.311637,0.217358,0.371817,0.398136,0.273796,0.260383,0.292302,0.163371,0.145637,0.188557,0.353242,0.383825,0.274286,0.311865,0.385486,0.327866,0.468342,0.453557,0.667692,0.653023,0.586409,0.536343,0.216260,0.486576,0.321526,0.405359,0.271966,0.142078,0.479539,0.550495,-0.188248,0.326318,0.372805,0.425921
0.240762,0.208316,0.168762,0.209132,0.117066,0.129903,0.162931,0.091817,0.022805,-0.017189,0.085272,0.015584,0.068975,-0.023644,0.101213,0.110704,0.043610,-0.005556,0.245182,0.267522,0.368033,0.458047,0.094283,0.091665,0.160135,0.365895,0.285076,0.463573,0.011871,-0.026206,0.132484,-0.003391,-0.026562,-0.052094,0.234520,0.022471,0.335800,0.234383,0.000000,1.359236,0.925458,0.423702,0.238294,0.243811,0.313024,0.220646,0.387034,0.357947,0.206580,0.123408,0.221244,0.079735,0.266617,0.270223,0.611083,0.461468,0.249712,0.351863,0.214301,0.211645,0.013322,0.105372,-0.008699,-0.031405,0.162107,0.247281,0.329111,0.276901,0.559571,0.444067,0.038085,0.032930,0.181320,0.167334,0.198584,0.139617,0.373451,0.286310,-0.105688,-0.051365,0.123248,0.111234,0.392967,0.538381,0.274631,0.273430,0.602828,0.471219,0.306093,0.309203
0.173867,0.160670,0.081844,0.154308,0.024869,0.108030,0.111025,0.067273,-0.025553,-0.062693,0.043422,0.015621,0.087831,-0.022266,0.090134,0.088644,0.021192,0.003838,0.147070,0.176326,0.336817,0.430196,0.002991,0.070702,0.070180,0.280277,0.300191,0.485301,-0.020887,0.014084,0.083516,-0.048301,-0.070358,-0.105721,0.138597,0.067629,0.289395,0.225124,1.359236,0.000000,0.950726,0.435260,0.204583,0.262425,0.326602,0.225403,0.365606,0.347905,0.188325,0.103330,0.173247,0.027686,0.221070,0.227559,0.509605,0.440192,0.195713,0.262632,0.140283,0.153409,0.010036,0.089665,0.002391,-0.069113,0.189747,0.287016,0.237483,0.208855,0.452341,0.345632,-0.044791,-0.030028,0.152417,0.146092,0.096538,0.043211,0.250278,0.207379,-0.097254,-0.063636,0.139032,0.119454,0.327856,0.623296,0.246033,0.284071,0.440968,0.501607,0.240906,0.282745
0.143604,0.176589,0.149243,0.185993,-0.002716,0.147145,0.153247,0.091631,-0.019570,-0.092527,-0.016755,0.048342,0.161555,0.010711,0.060920,0.051170,0.078646,0.086930,0.172465,0.199676,0.373961,0.363100,0.023351,0.075319,0.131510,0.276972,0.388262,0.550884,0.106167,0.136535,0.196276,-0.011278,-0.051882,-0.077655,0.101229,0.118186,0.254962,0.136375,0.925458,0.950726,0.000000,0.400428,0.265741,0.344655,0.295707,0.239476,0.393327,0.411033,0.282533,0.169560,0.251445,0.137101,0.325748,0.322174,0.576571,0.495930,0.188373,0.225339,0.123381,0.148898,0.048213,0.088966,0.149003,0.031624,0.033068,0.117083,0.270977,0.179796,0.493404,0.356305,0.037049,0.026465,0.213205,0.233195,0.095039,0.087851,0.278674,0.207764,0.083112,0.034005,0.256326,0.168173,0.393663,0.658035,0.234643,0.270505,0.405897,0.346591,0.218336,0.270291
0.510472,0.328106,0.465372,0.390631,0.499922,0.516313,0.486781,0.450699,0.520674,0.478733,0.315692,0.379910,0.408794,0.415473,0.660617,0.732860,0.541299,0.465551,0.294869,0.423914,0.530643,0.445620,0.368904,0.245153,0.308004,0.702062,0.126277,0.278200,0.487311,0.504608,0.391842,0.398849,0.308483,0.297425,0.532809,0.236692,0.681917,0.732069,0.423702,0.435260,0.400428,0.000000,0.579265,0.563637,0.572604,0.507199,0.626272,0.571161,0.524640,0.482387,0.515254,0.498503,0.367483,0.604922,0.577870,0.642502,0.444531,0.421781,0.460445,0.445339,0.387863,0.402310,0.416952,0.350119,0.298815,0.382641,0.540742,0.566003,0.430659,0.660895,0.444184,0.464807,0.796541,0.830715,0.692909,0.660839,0.618888,0.575738,0.384891,0.604749,0.524015,0.614829,0.570861,0.547496,0.698591,0.734459,0.205681,0.590342,0.540460,0.542903
1.059747,0.723925,0.818499,0.782960,0.760388,1.014993,0.777968,0.713881,1.012255,0.837019,0.461413,0.627429,0.728580,0.597927,0.886165,0.878153,0.747381,0.878519,0.650136,0.836569,0.236187,0.065770,0.450207,0.389926,0.450883,1.056511,0.274346,0.549996,0.655253,0.515066,0.327238,0.347748,0.873506,0.820775,0.979401,0.579527,0.311909,0.386443,0.238294,0.204583,0.265741,0.579265,0.000000,1.982667,1.651198,1.713610,2.104554,1.864549,1.682540,1.224545,1.538630,1.222473,0.867216,1.301099,1.096376,1.266898,0.967776,0.778314,1.127349,1.070784,1.001466,0.818092,0.827061,0.804275,0.437479,0.547569,1.419322,1.337279,0.629852,0.957584,0.415191,0.377408,0.747411,0.698072,1.024939,0.973240,0.745945,0.680868,0.699755,0.771187,1.129174,1.057875,1.058009,0.615002,1.174551,0.883440,0.318338,0.641349,1.009610,1.006008
1.012474,0.789179,0.740591,0.754980,0.692683,1.005827,0.761125,0.715728,0.933482,0.782388,0.488395,0.718116,0.841647,0.663384,0.910742,0.894295,0.772101,0.919739,0.617759,0.768039,0.332070,0.151300,0.394729,0.396327,0.378958,1.005970,0.313314,0.605621,0.698278,0.586620,0.366695,0.342059,0.807209,0.731880,0.842140,0.670834,0.322834,0.433865,0.243811,0.262425,0.344655,0.563637,1.982667,0.000000,1.520471,1.663982,1.845333,1.872540,1.701514,1.302135,1.482219,1.191085,0.941756,1.387274,1.110100,1.433433,0.948149,0.753130,1.040795,1.063676,0.975761,0.852796,0.902074,0.799166,0.427533,0.585174,1.251360,1.194901,0.654795,0.859361,0.460087,0.415020,0.780087,0.749318,0.931930,0.839393,0.754429,0.721820,0.778902,0.755172,1.264391,1.055865,0.960957,0.635834,1.150077,0.906344,0.242283,0.668203,0.952947,1.046584
0.888509,0.697218,0.730059,0.757127,0.627482,0.964108,0.785953,0.730731,0.834171,0.684900,0.471513,0.640920,0.701707,0.585408,0.816987,0.801198,0.787912,0.968397,0.598543,0.783628,0.376873,0.193689,0.428626,0.421949,0.369754,1.113081,0.277796,0.584437,0.674694,0.580630,0.403714,0.456226,0.887089,0.831808,1.117624,0.681271,0.282463,0.343783,0.313024,0.326602,0.295707,0.572604,1.651198,1.520471,0.000000,1.923256,1.628368,1.518150,1.353085,0.971164,1.171883,0.910340,0.658747,1.044264,0.892557,1.076942,0.941604,0.837125,0.877861,0.880135,0.921016,0.827353,0.798621,0.765462,0.610167,0.749302,1.351530,1.338854,0.701151,1.012567,0.437657,0.432328,0.747071,0.715137,0.856001,0.782419,0.796721,0.799647,0.701664,0.771190,1.180446,1.122590,0.884306,0.587322,1.212593,0.984329,0.336582,0.853786,0.924707,0.905637
1.011392,0.826847,0.749189,0.805637,0.707882,1.023537,0.841553,0.820348,0.967543,0.765116,0.522889,0.706991,0.785066,0.670325,0.839936,0.833505,0.817077,1.061399,0.613514,0.818719,0.305555,0.142953,0.422042,0.431936,0.343120,1.050928,0.260716,0.561976,0.671245,0.553646,0.328540,0.408125,1.008008,0.961802,1.072889,0.739692,0.225362,0.338661,0.220646,0.225403,0.239476,0.507199,1.713610,1.663982,1.923256,0.000000,1.664832,1.644246,1.521143,1.216400,1.370409,1.156537,0.809815,1.199432,0.926024,1.191625,1.033716,0.852819,1.048801,1.096801,1.148689,1.023713,0.910654,0.945462,0.569809,0.717118,1.417968,1.512248,0.628267,0.922681,0.461860,0.447462,0.774113,0.742609,0.913530,0.821916,0.747866,0.796666,0.731355,0.733761,1.239362,1.130964,0.839616,0.506474,1.211881,0.938179,0.288758,0.753187,0.985808,1.039519
1.064176,0.762701,0.773795,0.768709,0.708929,1.059532,0.740838,0.681591,0.927473,0.780021,0.433284,0.610338,0.715022,0.572046,0.854278,0.855651,0.692467,0.821542,0.657169,0.860738,0.295331,0.154696,0.406760,0.386223,0.405784,1.116060,0.323545,0.673272,0.599779,0.485185,0.316585,0.315898,0.776645,0.720655,0.942088,0.555970,0.319637,0.403886,0.387034,0.365606,0.393327,0.626272,2.104554,1.845333,1.628368,1.664832,0.000000,2.285760,1.581431,1.205297,1.457896,1.101704,0.928020,1.402303,1.270858,1.555629,0.978809,0.830151,1.144461,1.124327,0.912839,0.813530,0.761927,0.746314,0.428546,0.572953,1.395487,1.302268,0.708282,1.047800,0.375643,0.340753,0.741092,0.718051,0.972428,0.906314,0.754980,0.699932,0.647749,0.686469,1.104875,1.004156,1.131191,0.764230,1.197089,0.905046,0.404343,0.751995,1.021588,1.093836
1.020471,0.798595,0.775339,0.796414,0.671365,1.073715,0.770288,0.717478,0.921490,0.738468,0.469989,0.661646,0.756428,0.606497,0.842638,0.827469,0.726766,0.887457,0.677724,0.858652,0.303187,0.172394,0.413164,0.405364,0.393865,1.113418,0.374002,0.743624,0.645286,0.530756,0.355401,0.327808,0.775072,0.712461,0.851932,0.616346,0.242399,0.349960,0.357947,0.347905,0.411033,0.571161,1.864549,1.872540,1.518150,1.644246,2.285760,0.000000,1.509781,1.175201,1.406228,1.087069,0.895034,1.434048,1.201740,1.571128,0.976379,0.843289,1.084831,1.126664,0.917289,0.845903,0.779658,0.791043,0.424096,0.565478,1.304994,1.229421,0.716297,1.017560,0.379275,0.333108,0.726856,0.744908,0.896719,0.816221,0.748095,0.709355,0.711648,0.680375,1.181023,1.040453,1.136613,0.786463,1.198360,0.919255,0.412035,0.769014,1.011377,1.112798
1.035801,0.834586,0.702617,0.720709,0.677691,1.006158,0.666222,0.673707,0.870289,0.761860,0.466984,0.737347,0.780045,0.663414,0.816797,0.836422,0.744339,0.869576,0.611402,0.779767,0.309617,0.145823,0.362355,0.390048,0.319381,0.925613,0.281084,0.578870,0.664782,0.531247,0.307656,0.286844,0.781887,0.711127,0.811798,0.573871,0.248566,0.358420,0.206580,0.188325,0.282533,0.524640,1.682540,1.701514,1.353085,1.521143,1.581431,1.509781,0.000000,1.538253,1.603081,1.316798,1.059906,1.439013,1.127894,1.354216,0.984004,0.799455,1.198246,1.146294,0.991773,0.820211,0.856625,0.864392,0.334763,0.482506,1.232054,1.135295,0.622678,0.818669,0.408300,0.390963,0.708866,0.683311,0.879950,0.874184,0.723411,0.638584,0.714932,0.670066,1.118003,0.961944,0.923665,0.600355,1.079491,0.851118,0.278404,0.655556,0.981426,0.996804
