0.000000,1.396720,0.681854,0.495680,0.231220,0.061951,0.859747,0.864480,0.354655,0.172829,1.033648,1.150873,0.990467,1.080948,0.850915,0.847731,1.008352,1.087241,1.033820,1.209712,0.043237,-0.075592,0.626554,0.578150,0.250737,0.220505,0.255513,0.075406,0.919502,1.078141,1.072726,1.132388,1.369740,1.393824,0.431742,0.234611,0.183015,0.542553,0.340364,0.706407,0.399737,0.767731,0.450064,0.564331,0.628515,0.718223,0.674032,0.294779,0.432284,0.561543,0.491172,0.427076,0.436952,0.416340,0.567611,0.577991,1.369308,1.332541,0.845007,0.757819,1.010486,0.883435,0.642967,0.964993,0.545843,0.524566,0.556720,0.587601,1.065419,0.839280,0.219182,0.468802,0.966445,1.085955,0.815120,0.991044,0.917748,0.531670,1.020511,1.148363,0.991972,1.115598,0.357051,0.692609,0.965484,0.697332,0.624812,0.554661,0.417896,0.386381
1.396720,0.000000,0.658005,0.561939,0.303675,0.203997,0.866174,0.957352,0.345009,0.213432,0.829524,1.125891,0.873807,1.067518,0.785680,0.902959,1.045826,1.242558,1.258291,1.508834,0.050785,-0.063021,0.646724,0.661596,0.267878,0.165673,0.266576,0.091286,0.852146,1.051153,0.809081,0.901968,1.331701,1.343541,0.489979,0.319364,0.245287,0.575357,0.464641,0.840709,0.528160,0.882043,0.590814,0.714822,0.725591,0.836732,0.917567,0.561483,0.508756,0.612009,0.565863,0.471186,0.772598,0.687441,0.881358,0.835469,1.682326,1.800604,0.903818,0.948904,0.882563,0.707434,0.656652,1.039327,0.545204,0.402192,0.818611,0.890165,1.240740,1.241388,0.132385,0.380244,0.944597,1.113509,0.805366,0.926326,0.825728,0.573287,0.972591,1.145464,1.146618,1.185996,0.430850,0.862040,0.985229,0.792431,0.700425,0.619664,0.583695,0.660830
0.681854,0.658005,0.000000,1.020261,0.719040,0.420919,1.333749,0.833973,0.564063,0.421839,0.392365,0.483504,0.636512,0.537469,0.756756,0.807218,0.546848,0.533280,0.864468,0.828651,0.270894,0.042529,1.425273,1.142426,0.838535,0.748595,0.692115,0.387723,0.507647,0.586485,0.760613,0.757359,0.682401,0.610245,0.743957,0.446796,0.487802,0.321840,0.678883,0.582089,0.609301,0.502536,0.541583,0.566124,0.528634,0.508862,0.599633,0.406728,0.476230,0.555849,0.626378,0.576273,0.524065,0.462851,0.579136,0.528648,0.612575,0.708712,0.615301,0.440610,0.514164,0.438408,0.256575,0.440051,0.674577,0.418878,0.723292,0.575520,0.794881,0.570778,0.530436,0.779885,0.577134,0.647752,0.659832,0.754406,0.752741,0.807348,0.552673,0.635405,0.630061,0.610897,0.333200,0.464883,0.755520,0.524351,0.884697,0.761115,0.914754,0.579975
0.495680,0.561939,1.020261,0.000000,0.582187,0.652525,1.027329,1.000891,0.595847,0.703601,0.213800,0.427811,0.515543,0.535016,0.418261,1.035916,0.507833,0.466926,0.696240,0.739577,0.291558,0.119825,0.881865,1.198647,0.491871,0.634552,0.609239,0.418843,0.355507,0.503566,0.485100,0.618041,0.524329,0.530194,0.510098,0.496493,0.529918,0.140454,0.642853,0.350162,0.577550,0.363798,0.683674,0.700679,0.557548,0.519559,0.611156,0.515946,0.632063,0.670499,0.729552,0.678055,0.627609,0.498522,0.612963,0.536366,0.463245,0.544599,0.573626,0.484113,0.531170,0.559789,0.437035,0.528082,0.685351,0.395706,0.766866,0.607461,0.666605,0.522841,0.527134,0.685638,0.387764,0.532056,0.523627,0.595705,0.645182,0.790303,0.363185,0.471668,0.570195,0.510169,0.353712,0.506987,0.729969,0.609783,0.616718,0.570748,0.792992,0.688066
0.231220,0.303675,0.719040,0.582187,0.000000,0.786656,0.713559,0.580895,0.938273,0.651892,0.318561,0.293500,0.437508,0.336902,0.484701,0.607039,0.290759,0.322732,0.497995,0.402714,0.625556,0.473987,0.788581,0.801467,1.080073,0.868555,0.910735,0.658518,0.217144,0.244729,0.207052,0.251798,0.345795,0.301235,0.813012,0.566316,0.282309,0.119325,0.405334,0.433778,0.281506,0.306169,0.537410,0.545314,0.436514,0.456452,0.579209,0.364860,0.429997,0.485470,0.611080,0.553302,0.530670,0.505196,0.506913,0.449345,0.273987,0.293338,0.622389,0.521524,0.470665,0.326388,0.204464,0.305587,0.685752,0.637537,0.747416,0.649091,0.341190,0.447873,0.181006,0.265437,0.250403,0.279340,0.290423,0.377101,0.495219,0.433334,0.276983,0.344456,0.330905,0.307424,0.121261,0.264172,0.469049,0.367041,0.488626,0.397800,0.560876,0.446021
0.061951,0.203997,0.420919,0.652525,0.786656,0.000000,0.427111,0.539404,0.718055,1.031346,0.056488,0.164048,0.147381,0.269456,0.179338,0.541377,0.134313,0.175907,0.236341,0.219711,0.535163,0.471022,0.346050,0.651982,0.464230,0.650766,0.659264,0.808218,0.027927,0.105087,-0.028114,0.010932,0.105382,0.105115,0.450669,0.522773,0.431064,0.135791,0.411619,0.310486,0.330367,0.183558,0.665909,0.591078,0.405604,0.432642,0.547560,0.581437,0.615487,0.572134,0.715610,0.697879,0.724083,0.651644,0.594207,0.495584,0.157646,0.094366,0.326085,0.422188,0.193650,0.229696,0.200440,0.235018,0.308119,0.283628,0.624749,0.622026,0.203917,0.346874,0.173662,0.206599,0.039762,0.123140,0.142011,0.176287,0.330466,0.399683,0.004869,0.124501,0.206201,0.194737,0.081849,0.271805,0.339626,0.525503,0.363956,0.377102,0.556034,0.851588
0.859747,0.866174,1.333749,1.027329,0.713559,0.427111,0.000000,1.335263,0.679172,0.526974,0.718262,0.845837,0.958593,0.835714,0.760479,1.073376,0.870421,0.849131,1.015299,1.043053,0.175715,-0.012679,1.140625,1.125793,0.658826,0.605090,0.546215,0.301901,0.722140,0.846406,0.798801,0.863113,1.004514,0.928172,0.756227,0.459736,0.559051,0.469811,0.638388,0.737389,0.648061,0.716046,0.717439,0.778754,0.695789,0.669090,0.816920,0.538634,0.658662,0.713946,0.853231,0.757871,0.704849,0.624260,0.779296,0.736792,0.799377,0.857555,0.969717,0.652986,0.858482,0.685772,0.619511,0.841374,0.971793,0.588559,0.916694,0.787512,0.837814,0.790926,0.352045,0.608629,0.753244,0.870249,0.798492,0.917640,0.924401,0.810752,0.744754,0.910822,0.908002,0.881149,0.406747,0.682145,1.074851,0.723916,0.912017,0.771372,0.945843,0.646975
0.864480,0.957352,0.833973,1.000891,0.580895,0.539404,1.335263,0.000000,0.700782,0.719570,0.744244,1.036569,1.051463,1.075827,0.678632,1.210521,0.906312,0.879568,0.983554,1.069728,0.046745,-0.041341,0.802777,1.149162,0.376606,0.433381,0.401075,0.217311,0.706696,0.872866,0.613017,0.760886,0.921809,0.932088,0.539396,0.401337,0.531277,0.445763,0.634157,0.686929,0.682129,0.738402,0.674520,0.764990,0.642561,0.660678,0.795583,0.561080,0.681091,0.711745,0.780079,0.773398,0.826284,0.660275,0.837903,0.726733,0.845858,0.817919,0.917394,0.859467,0.857070,0.875707,0.700524,1.016548,0.789883,0.605216,0.853586,0.844692,0.798679,0.872550,0.300650,0.509411,0.757992,0.924582,0.788330,0.892263,0.904211,0.797121,0.695341,0.864038,0.966805,0.865521,0.437806,0.773474,0.997792,0.749866,0.783805,0.683332,0.888192,0.829194
0.354655,0.345009,0.564063,0.595847,0.938273,0.718055,0.679172,0.700782,0.000000,0.944277,0.380034,0.388359,0.529696,0.424881,0.474597,0.712257,0.347205,0.350173,0.520283,0.416253,0.413567,0.457347,0.640378,0.721435,0.527610,0.590143,0.606230,0.660950,0.179020,0.259443,0.239779,0.321555,0.339042,0.358914,0.456380,0.529984,0.210396,0.153774,0.192076,0.284525,0.202587,0.288755,0.526152,0.513332,0.310469,0.373582,0.549226,0.262432,0.410292,0.455131,0.658790,0.604292,0.478304,0.533161,0.457870,0.452172,0.346467,0.275145,0.593056,0.538025,0.556946,0.488876,0.313831,0.379722,0.612044,0.670695,0.551535,0.534028,0.367158,0.420190,0.193366,0.359902,0.228815,0.307452,0.289089,0.426464,0.651859,0.503336,0.239404,0.356402,0.299713,0.309987,-0.000002,0.205818,0.487172,0.464519,0.305338,0.242236,0.517237,0.483372
0.172829,0.213432,0.421839,0.703601,0.651892,1.031346,0.526974,0.719570,0.944277,0.000000,0.164329,0.300482,0.326588,0.324003,0.192097,0.651832,0.196124,0.192455,0.296062,0.278298,0.335582,0.378838,0.359329,0.760967,0.335812,0.568943,0.471159,0.531458,0.070902,0.135530,0.013687,0.111161,0.162502,0.199827,0.365212,0.483068,0.311147,0.103277,0.234521,0.196174,0.185055,0.128103,0.607923,0.560975,0.309786,0.355393,0.485618,0.404683,0.531024,0.522088,0.633810,0.649673,0.535782,0.544396,0.454843,0.399120,0.188584,0.078245,0.415209,0.410950,0.339282,0.439353,0.279998,0.348692,0.441894,0.536317,0.472948,0.509453,0.167885,0.300646,0.096790,0.185396,0.054710,0.113734,0.129150,0.228770,0.444441,0.434975,0.056621,0.157981,0.186506,0.178172,-0.028051,0.159376,0.352403,0.420833,0.268506,0.241767,0.475123,0.618431
1.033648,0.829524,0.392365,0.213800,0.318561,0.056488,0.718262,0.744244,0.380034,0.164329,0.000000,1.293304,1.225477,1.154274,0.869734,0.675243,1.011201,1.030548,0.759369,0.816373,-0.050963,-0.201975,0.428620,0.422672,0.226973,0.111338,0.166520,0.004682,1.000327,0.995650,0.769161,0.721997,1.025028,1.021895,0.395616,0.245341,0.295591,0.683520,0.233267,0.793606,0.461102,0.924876,0.357120,0.444511,0.435445,0.508995,0.545537,0.250524,0.284571,0.338439,0.419298,0.357405,0.374889,0.417387,0.528128,0.558515,0.844356,0.781428,0.728158,0.601108,0.879302,0.706746,0.696361,0.928120,0.583918,0.593556,0.443710,0.548036,0.623703,0.656245,0.008938,0.203858,1.020002,0.980446,0.803142,0.875918,0.699472,0.389373,0.954567,1.065615,0.865067,0.959283,0.385264,0.683178,0.808745,0.595349,0.580776,0.593323,0.389556,0.305261
1.150873,1.125891,0.483504,0.427811,0.293500,0.164048,0.845837,1.036569,0.388359,0.300482,1.293304,0.000000,1.127947,1.355051,0.698128,0.946301,1.202762,1.220804,0.991490,1.133953,-0.056104,-0.212893,0.516798,0.634809,0.193240,0.140553,0.163040,-0.017939,1.098213,1.196306,0.796068,0.831543,1.282194,1.335460,0.457909,0.318456,0.362911,0.663947,0.348050,0.815357,0.549620,0.969527,0.502222,0.619274,0.552315,0.656370,0.733062,0.433730,0.468653,0.538413,0.553166,0.519846,0.626140,0.605146,0.753730,0.772268,1.065744,1.020107,0.943761,0.875027,1.185416,1.036452,0.926049,1.500209,0.696352,0.630297,0.662298,0.784601,0.824670,0.887405,0.074332,0.269500,1.068260,1.174966,0.872883,0.943214,0.821175,0.551208,0.959295,1.091082,1.087932,1.119270,0.412978,0.841826,0.994800,0.781684,0.669720,0.596033,0.488498,0.509534
0.990467,0.873807,0.636512,0.515543,0.437508,0.147381,0.958593,1.051463,0.529696,0.326588,1.225477,1.127947,0.000000,1.237927,1.001323,0.938572,0.974066,0.924173,1.029042,1.046733,-0.013942,-0.252005,0.730038,0.693190,0.292779,0.187826,0.316573,0.013258,0.913860,1.030650,0.845162,0.877303,0.965809,0.956935,0.387590,0.232672,0.368738,0.456336,0.376160,0.610457,0.658577,0.822856,0.354608,0.432750,0.419445,0.458378,0.534079,0.260816,0.328623,0.390651,0.436211,0.431170,0.421833,0.388480,0.501792,0.485734,0.861706,0.876367,0.721690,0.658193,0.862005,0.748236,0.588947,0.825172,0.770675,0.613211,0.515469,0.522565,0.835938,0.704542,0.220958,0.438430,0.905006,1.039924,0.807126,0.969055,0.664594,0.520441,0.899640,1.005701,0.894157,0.816940,0.502929,0.733950,0.800118,0.489128,0.679062,0.594339,0.584731,0.404923
1.080948,1.067518,0.537469,0.535016,0.336902,0.269456,0.835714,1.075827,0.424881,0.324003,1.154274,1.355051,1.237927,0.000000,0.898412,1.079935,1.120567,1.090829,0.977898,1.113034,-0.050401,-0.229223,0.580155,0.653530,0.200717,0.158566,0.234802,0.075303,0.973422,1.122821,0.801180,0.755605,1.069124,1.066672,0.343915,0.329020,0.477083,0.632188,0.407866,0.749734,0.691987,0.958157,0.532987,0.615294,0.565057,0.660568,0.718211,0.490373,0.515078,0.575736,0.619579,0.598239,0.683045,0.664891,0.790903,0.768189,1.018226,0.973313,0.754682,0.829563,0.912797,0.886818,0.760442,1.123518,0.567502,0.476415,0.714460,0.793470,0.930634,0.829813,0.284818,0.457233,1.052181,1.197814,0.933414,1.121922,0.791013,0.642901,0.862514,1.046348,1.107886,1.146683,0.489033,0.923770,1.054662,0.911211,0.772533,0.695005,0.596592,0.636499
0.850915,0.785680,0.756756,0.418261,0.484701,0.179338,0.760479,0.678632,0.474597,0.192097,0.869734,0.698128,1.001323,0.898412,0.000000,0.751847,0.861653,0.859352,0.937264,0.872545,0.098662,-0.103659,0.760716,0.612447,0.458876,0.283325,0.516128,0.222783,0.857132,0.931143,0.958357,0.780905,0.875439,0.791320,0.456186,0.206952,0.366065,0.661640,0.439214,0.797688,0.651988,0.945828,0.300701,0.365574,0.396185,0.461091,0.532050,0.302178,0.218957,0.302774,0.375000,0.323541,0.423988,0.478395,0.530637,0.549128,0.858988,0.861844,0.501340,0.540221,0.521180,0.447433,0.313910,0.560954,0.491013,0.394712,0.538547,0.525279,0.925033,0.710994,0.293285,0.522928,0.964913,0.961800,0.847933,0.959181,0.595556,0.465968,1.000913,0.981193,0.915794,0.865974,0.610829,0.748543,0.795477,0.550897,0.786520,0.776325,0.712847,0.496171
0.847731,0.902959,0.807218,1.035916,0.607039,0.541377,1.073376,1.210521,0.712257,0.651832,0.675243,0.946301,0.938572,1.079935,0.751847,0.000000,1.039602,0.971325,1.118569,1.158953,0.227775,0.029284,0.858807,1.123938,0.452692,0.453357,0.562626,0.345926,0.732967,0.941600,0.764052,0.876395,0.948063,0.974598,0.614875,0.570573,0.511299,0.354993,0.541643,0.571831,0.697705,0.696690,0.777589,0.886437,0.681863,0.756076,0.898691,0.614833,0.626415,0.711573,0.797055,0.740969,0.829794,0.765435,0.913187,0.815179,0.891941,0.866459,0.918049,0.874622,0.924699,0.832288,0.789347,1.046403,0.866575,0.617450,0.972739,0.936268,0.985674,0.899465,0.333089,0.576144,0.719399,0.974596,0.790894,0.971357,0.885443,0.806912,0.802732,0.940913,1.064010,0.984217,0.493833,0.873117,1.236303,0.992263,0.801172,0.677590,0.768448,0.764220
1.008352,1.045826,0.546848,0.507833,0.290759,0.134313,0.870421,0.906312,0.347205,0.196124,1.011201,1.202762,0.974066,1.120567,0.861653,1.039602,0.000000,1.843616,1.109240,1.210483,-0.007239,-0.266207,0.561207,0.589626,0.231736,0.144692,0.227069,-0.003926,1.369697,1.682259,0.925268,0.871662,1.378165,1.337944,0.446816,0.320501,0.465742,0.656502,0.439909,0.818637,0.764596,1.054713,0.538244,0.702165,0.690899,0.742097,0.807255,0.542756,0.450105,0.512538,0.513952,0.441356,0.638304,0.692732,0.808922,0.828486,1.211327,1.128167,0.829764,0.708023,0.928741,0.654711,1.044211,1.289758,0.673263,0.409031,0.744797,0.777313,1.047303,0.980386,0.133797,0.354011,1.172978,1.414906,1.006999,1.069404,0.731939,0.565037,1.581351,1.535154,1.642211,1.445078,0.690940,1.225637,1.152387,0.803545,0.748941,0.790282,0.584304,0.540228
1.087241,1.242558,0.533280,0.466926,0.322732,0.175907,0.849131,0.879568,0.350173,0.192455,1.030548,1.220804,0.924173,1.090829,0.859352,0.971325,1.843616,0.000000,1.091039,1.231092,0.073425,-0.154353,0.544460,0.577285,0.280952,0.167804,0.302350,0.043035,1.292041,1.644768,0.924667,0.885178,1.524554,1.464350,0.536082,0.329189,0.381346,0.674943,0.412206,0.892333,0.688704,1.047454,0.545919,0.712583,0.701393,0.785044,0.828258,0.536563,0.434356,0.524086,0.520514,0.436133,0.670629,0.741381,0.815428,0.837134,1.468922,1.311303,0.893933,0.804340,0.974542,0.670701,0.944835,1.314940,0.680356,0.467668,0.753645,0.851701,1.052437,1.157632,0.036922,0.289983,1.102096,1.370629,0.890662,0.977025,0.699236,0.496873,1.553043,1.804913,1.591551,1.591734,0.623268,1.252331,1.137913,0.848761,0.744206,0.782031,0.530388,0.569682
1.033820,1.258291,0.864468,0.696240,0.497995,0.236341,1.015299,0.983554,0.520283,0.296062,0.759369,0.991490,1.029042,0.977898,0.937264,1.118569,1.109240,1.091039,0.000000,1.966422,0.130891,-0.065726,1.016951,0.901744,0.427551,0.257354,0.367752,0.174666,0.827195,1.001896,0.815245,0.888791,1.218611,1.186258,0.569453,0.426031,0.274756,0.474493,0.530667,0.754135,0.615767,0.927381,0.543171,0.648022,0.603805,0.706846,0.905542,0.538823,0.413679,0.524776,0.519096,0.429590,0.712242,0.719035,0.876306,0.829783,1.197932,1.269194,0.952795,0.883528,0.918530,0.668259,0.615254,0.907488,0.695578,0.499724,0.958702,0.889816,1.400753,1.221084,0.228465,0.522354,1.004380,1.154481,0.873289,1.055983,0.832537,0.672615,1.016151,1.059801,1.167514,1.043820,0.526905,0.849545,0.981213,0.652746,0.757760,0.653098,0.683393,0.618693
1.209712,1.508834,0.828651,0.739577,0.402714,0.219711,1.043053,1.069728,0.416253,0.278298,0.816373,1.133953,1.046733,1.113034,0.872545,1.158953,1.210483,1.231092,1.966422,0.000000,0.074208,-0.125974,0.902643,0.872009,0.342432,0.219846,0.324412,0.099815,0.923711,1.154798,0.878936,0.980422,1.424358,1.383303,0.545381,0.380524,0.323928,0.522929,0.590258,0.811275,0.658643,0.967329,0.555784,0.670823,0.632883,0.716485,0.896528,0.596403,0.447912,0.550821,0.536145,0.447214,0.716624,0.734170,0.907435,0.847785,1.401366,1.474829,0.969224,0.901250,0.983212,0.783485,0.691453,1.058000,0.681903,0.479080,0.909154,0.881581,1.551973,1.322429,0.216618,0.515839,1.067197,1.284136,0.902532,1.107286,0.832350,0.688194,1.073284,1.194861,1.357398,1.256523,0.581262,0.991093,1.087166,0.737263,0.822266,0.716235,0.678006,0.663195
0.043237,0.050785,0.270894,0.291558,0.625556,0.535163,0.175715,0.046745,0.413567,0.335582,-0.050963,-0.056104,-0.013942,-0.050401,0.098662,0.227775,-0.007239,0.073425,0.130891,0.074208,0.000000,0.723945,0.210218,0.253771,0.511464,0.511928,0.677195,0.729803,-0.040271,0.029754,0.076765,0.026664,0.058613,0.038475,0.356769,0.381677,-0.035777,-0.193837,-0.037985,-0.026975,-0.026146,-0.050128,0.300867,0.302564,0.299011,0.343762,0.257207,0.111239,0.297439,0.351180,0.322921,0.262041,0.183749,0.190166,0.130473,0.100782,0.084835,0.113353,0.259665,0.267174,0.225557,0.118805,0.006708,0.023669,0.225721,0.294044,0.327836,0.300528,0.185904,0.148694,0.194799,0.168895,-0.137909,-0.040253,-0.104934,-0.030606,0.056517,0.048600,0.041465,0.080352,0.018843,0.070983,-0.042798,0.052429,0.125965,0.248928,-0.005942,-0.003700,0.084281,0.138213
-0.075592,-0.063021,0.042529,0.119825,0.473987,0.471022,-0.012679,-0.041341,0.457347,0.378838,-0.201975,-0.212893,-0.252005,-0.229223,-0.103659,0.029284,-0.266207,-0.154353,-0.065726,-0.125974,0.723945,0.000000,0.073469,0.096614,0.368889,0.408406,0.477313,0.781268,-0.374847,-0.317141,-0.225654,-0.139446,-0.166479,-0.136219,0.223367,0.289346,-0.378274,-0.195844,-0.175947,-0.091438,-0.496673,-0.254444,0.186634,0.177382,0.124083,0.180211,0.156470,-0.032181,0.183982,0.235050,0.205227,0.161072,0.075372,0.081457,0.011088,0.001703,-0.095689,-0.107961,0.160406,0.196144,0.049690,0.037051,-0.170645,-0.145333,0.074998,0.288753,0.161810,0.140157,-0.073915,0.019142,-0.031788,0.010283,-0.334223,-0.304011,-0.312022,-0.210781,0.091636,-0.083054,-0.231626,-0.171622,-0.245956,-0.157288,-0.386544,-0.291304,-0.048199,0.059717,-0.250269,-0.284067,-0.062460,0.030097
0.626554,0.646724,1.425273,0.881865,0.788581,0.346050,1.140625,0.802777,0.640378,0.359329,0.428620,0.516798,0.730038,0.580155,0.760716,0.858807,0.561207,0.544460,1.016951,0.902643,0.210218,0.073469,0.000000,1.200245,0.926239,0.634979,0.707851,0.361606,0.466074,0.559523,0.719265,0.816739,0.691054,0.641396,0.713191,0.513114,0.343350,0.241018,0.633155,0.584845,0.519161,0.555084,0.487397,0.516577,0.409993,0.433723,0.633102,0.345152,0.347414,0.452292,0.600084,0.524717,0.541534,0.466686,0.622580,0.574117,0.597704,0.713465,0.740828,0.549807,0.607025,0.477079,0.258395,0.451824,0.798235,0.558320,0.790798,0.635449,0.784030,0.611610,0.437361,0.690841,0.578374,0.669470,0.645122,0.800476,0.722482,0.696363,0.563194,0.629297,0.622668,0.584225,0.343881,0.469341,0.730598,0.476820,0.800114,0.601983,0.818083,0.472589
0.578150,0.661596,1.142426,1.198647,0.801467,0.651982,1.125793,1.149162,0.721435,0.760967,0.422672,0.634809,0.693190,0.653530,0.612447,1.123938,0.589626,0.577285,0.901744,0.872009,0.253771,0.096614,1.200245,0.000000,0.690332,0.653393,0.684370,0.410652,0.486041,0.579486,0.559040,0.689170,0.655697,0.648555,0.757143,0.621884,0.497171,0.237178,0.628262,0.552160,0.620227,0.539525,0.646834,0.674986,0.486802,0.501411,0.699933,0.467052,0.495611,0.544868,0.708669,0.638527,0.757563,0.628876,0.769709,0.649469,0.605273,0.623155,0.764006,0.650254,0.640637,0.619452,0.430247,0.628678,0.880630,0.651678,0.875600,0.837673,0.695283,0.701299,0.348712,0.575187,0.535256,0.658751,0.635865,0.701065,0.754519,0.842367,0.503637,0.583005,0.661267,0.606256,0.320739,0.529632,0.802968,0.632189,0.788711,0.677589,0.897413,0.733760
0.250737,0.267878,0.838535,0.491871,1.080073,0.464230,0.658826,0.376606,0.527610,0.335812,0.226973,0.193240,0.292779,0.200717,0.458876,0.452692,0.231736,0.280952,0.427551,0.342432,0.511464,0.368889,0.926239,0.690332,0.000000,1.154758,1.026103,0.554454,0.253163,0.257189,0.416337,0.427774,0.376646,0.320211,0.947594,0.552964,0.285457,0.116560,0.391940,0.438268,0.262281,0.265159,0.513020,0.516252,0.432066,0.423769,0.488973,0.289575,0.351827,0.461550,0.577425,0.510429,0.389729,0.315699,0.386707,0.373014,0.237715,0.288891,0.549123,0.366542,0.336142,0.200517,0.089839,0.207465,0.659386,0.594383,0.601594,0.536174,0.303962,0.317832,0.170361,0.269897,0.219652,0.252138,0.263319,0.354504,0.374235,0.305487,0.312319,0.360514,0.287195,0.316681,0.176935,0.239480,0.445100,0.352547,0.533918,0.431754,0.448333,0.239078
0.220505,0.165673,0.748595,0.634552,0.868555,0.650766,0.605090,0.433381,0.590143,0.568943,0.111338,0.140553,0.187826,0.158566,0.283325,0.453357,0.144692,0.167804,0.257354,0.219846,0.511928,0.408406,0.634979,0.653393,1.154758,0.000000,0.807786,0.665153,0.178329,0.185963,0.333082,0.370280,0.282199,0.248583,0.695858,0.493418,0.324854,0.038784,0.334882,0.291557,0.208382,0.124870,0.549666,0.519549,0.401530,0.377494,0.402148,0.252822,0.447705,0.527769,0.640795,0.635359,0.350793,0.275677,0.317700,0.295850,0.152476,0.143486,0.431194,0.298557,0.284959,0.282264,0.102280,0.196264,0.540700,0.575199,0.450376,0.412471,0.195081,0.191284,0.227446,0.276631,0.101600,0.151394,0.206026,0.292468,0.432690,0.400116,0.179424,0.254725,0.182557,0.210227,0.037830,0.114914,0.361985,0.368118,0.418461,0.325240,0.370534,0.256542
0.255513,0.266576,0.692115,0.609239,0.910735,0.659264,0.546215,0.401075,0.606230,0.471159,0.166520,0.163040,0.316573,0.234802,0.516128,0.562626,0.227069,0.302350,0.367752,0.324412,0.677195,0.477313,0.707851,0.684370,1.026103,0.807786,0.000000,0.757894,0.229369,0.307543,0.414569,0.433424,0.304444,0.279961,0.655161,0.488331,0.270112,0.053075,0.407498,0.331764,0.338720,0.285067,0.447297,0.458318,0.399973,0.403774,0.414916,0.273026,0.339376,0.427922,0.503699,0.433800,0.378327,0.324140,0.333157,0.279172,0.255015,0.290607,0.400547,0.398319,0.285790,0.233745,0.094379,0.184575,0.569616,0.508230,0.521089,0.470292,0.393155,0.338660,0.256536,0.383828,0.163889,0.291331,0.206359,0.334823,0.276294,0.275329,0.293848,0.360125,0.314152,0.319168,0.289452,0.324971,0.459301,0.412286,0.455036,0.414300,0.531299,0.385662
0.075406,0.091286,0.387723,0.418843,0.658518,0.808218,0.301901,0.217311,0.660950,0.531458,0.004682,-0.017939,0.013258,0.075303,0.222783,0.345926,-0.003926,0.043035,0.174666,0.099815,0.729803,0.781268,0.361606,0.410652,0.554454,0.665153,0.757894,0.000000,-0.111556,-0.025273,0.051560,0.087242,0.033443,0.020680,0.388075,0.440250,0.141989,0.050556,0.130812,0.160586,0.037767,0.073907,0.474064,0.422555,0.321138,0.364483,0.431814,0.283795,0.455164,0.458975,0.578166,0.498832,0.413783,0.369473,0.348905,0.325762,0.060505,0.055530,0.250145,0.277332,0.126268,0.133626,-0.017602,0.028645,0.216847,0.275760,0.439760,0.403888,0.183344,0.180406,0.285589,0.328508,-0.062908,0.005746,0.028811,0.117249,0.306582,0.279681,-0.021778,0.039490,0.026930,0.106977,-0.074755,0.033855,0.247716,0.430921,0.143446,0.153677,0.408453,0.392878
0.919502,0.852146,0.507647,0.355507,0.217144,0.027927,0.722140,0.706696,0.179020,0.070902,1.000327,1.098213,0.913860,0.973422,0.857132,0.732967,1.369697,1.292041,0.827195,0.923711,-0.040271,-0.374847,0.466074,0.486041,0.253163,0.178329,0.229369,-0.111556,0.000000,1.773294,1.037390,0.861029,1.183405,1.096626,0.411965,0.188744,0.477486,0.653040,0.336113,0.816307,0.731096,1.056189,0.330887,0.465626,0.510724,0.526292,0.536118,0.331540,0.283965,0.356576,0.334688,0.310953,0.434580,0.451845,0.559270,0.587243,0.936173,0.931160,0.636674,0.532757,0.750614,0.561080,0.863228,1.038749,0.564868,0.352651,0.501660,0.559493,0.815912,0.694090,0.088358,0.300762,1.204921,1.274046,0.943891,0.939378,0.549404,0.434793,1.316522,1.253016,1.175830,1.041282,0.625163,0.930181,0.802019,0.573667,0.704175,0.772220,0.406613,0.323722
1.078141,1.051153,0.586485,0.503566,0.244729,0.105087,0.846406,0.872866,0.259443,0.135530,0.995650,1.196306,1.030650,1.122821,0.931143,0.941600,1.682259,1.644768,1.001896,1.154798,0.029754,-0.317141,0.559523,0.579486,0.257189,0.185963,0.307543,-0.025273,1.773294,0.000000,1.154284,1.009498,1.403869,1.320486,0.423289,0.238250,0.494620,0.614627,0.465762,0.806827,0.848385,1.085626,0.444443,0.584202,0.610337,0.639781,0.646363,0.445838,0.385143,0.457912,0.436582,0.392058,0.533302,0.536474,0.653810,0.654304,1.147668,1.167529,0.709827,0.633997,0.831085,0.637148,0.864884,1.135203,0.620767,0.388244,0.622086,0.667966,1.066212,0.873857,0.161306,0.386303,1.211284,1.485387,0.997420,1.040093,0.589492,0.495667,1.589706,1.646536,1.541853,1.350903,0.786290,1.225558,0.985463,0.719966,0.756013,0.831975,0.548347,0.477706
1.072726,0.809081,0.760613,0.485100,0.207052,-0.028114,0.798801,0.613017,0.239779,0.013687,0.769161,0.796068,0.845162,0.801180,0.958357,0.764052,0.925268,0.924667,0.815245,0.878936,0.076765,-0.225654,0.719265,0.559040,0.416337,0.333082,0.414569,0.051560,1.037390,1.154284,0.000000,1.573837,1.132768,1.080144,0.466901,0.244240,0.306397,0.435393,0.291556,0.538797,0.579046,0.707831,0.304796,0.377713,0.448907,0.469912,0.424116,0.206338,0.216612,0.346509,0.341425,0.279297,0.278241,0.289682,0.386215,0.422471,0.892715,0.967801,0.540849,0.494241,0.695245,0.643128,0.520969,0.732193,0.561164,0.435729,0.438424,0.460027,0.959662,0.627172,0.363787,0.613295,0.856138,1.050024,0.816768,0.981587,0.575191,0.466925,1.037352,1.084336,0.898244,0.954860,0.499077,0.684605,0.819725,0.591948,0.617385,0.591622,0.440235,0.269686
1.132388,0.901968,0.757359,0.618041,0.251798,0.010932,0.863113,0.760886,0.321555,0.111161,0.721997,0.831543,0.877303,0.755605,0.780905,0.876395,0.871662,0.885178,0.888791,0.980422,0.026664,-0.139446,0.816739,0.689170,0.427774,0.370280,0.433424,0.087242,0.861029,1.009498,1.573837,0.000000,1.128896,1.184138,0.478350,0.282425,0.226558,0.327340,0.371012,0.515632,0.492616,0.650619,0.355520,0.440985,0.457375,0.473708,0.505323,0.221239,0.242296,0.374905,0.376996,0.299731,0.330090,0.265338,0.440976,0.441539,0.907191,0.973619,0.685691,0.587615,0.791613,0.736553,0.564737,0.763313,0.682511,0.553024,0.475790,0.487433,0.907576,0.686982,0.275999,0.572944,0.783228,1.003123,0.771829,0.942701,0.662712,0.478000,0.926642,1.020132,0.868392,0.883743,0.460887,0.631698,0.828952,0.540931,0.624114,0.524511,0.464828,0.259787
1.369740,1.331701,0.682401,0.524329,0.345795,0.105382,1.004514,0.921809,0.339042,0.162502,1.025028,1.282194,0.965809,1.069124,0.875439,0.948063,1.378165,1.524554,1.218611,1.424358,0.058613,-0.166479,0.691054,0.655697,0.376646,0.282199,0.304444,0.033443,1.183405,1.403869,1.132768,1.128896,0.000000,2.164321,0.623628,0.350569,0.328009,0.633571,0.497184,0.918602,0.586218,0.996839,0.543286,0.669043,0.691809,0.748716,0.821817,0.495310,0.426625,0.542378,0.530403,0.416471,0.583511,0.613542,0.764122,0.785110,1.485027,1.413217,1.028738,0.821524,1.132591,0.823323,0.824972,1.275963,0.723113,0.558293,0.789957,0.840793,1.150411,1.206405,0.099287,0.360585,1.160908,1.299485,0.931411,1.042084,0.816004,0.541923,1.378799,1.555846,1.448029,1.521884,0.559956,1.023088,1.139170,0.764924,0.793376,0.734214,0.512295,0.477388
1.393824,1.343541,0.610245,0.530194,0.301235,0.105115,0.928172,0.932088,0.358914,0.199827,1.021895,1.335460,0.956935,1.066672,0.791320,0.974598,1.337944,1.464350,1.186258,1.383303,0.038475,-0.136219,0.641396,0.648555,0.320211,0.248583,0.279961,0.020680,1.096626,1.320486,1.080144,1.184138,2.164321,0.000000,0.549276,0.382592,0.252657,0.579612,0.418214,0.840098,0.516053,0.936738,0.541571,0.675392,0.690558,0.773911,0.821439,0.469612,0.405961,0.534490,0.512497,0.381923,0.556041,0.587254,0.751764,0.783560,1.422990,1.309209,1.030523,0.850821,1.164394,0.876420,0.867887,1.333262,0.694618,0.624655,0.748333,0.833909,1.123546,1.160078,0.048953,0.299833,1.119824,1.261731,0.922653,1.044478,0.779749,0.473954,1.257240,1.422940,1.317925,1.411064,0.523966,0.942852,1.080188,0.766713,0.703170,0.665740,0.455497,0.451867
0.431742,0.489979,0.743957,0.510098,0.813012,0.450669,0.756227,0.539396,0.456380,0.365212,0.395616,0.457909,0.387590,0.343915,0.456186,0.614875,0.446816,0.536082,0.569453,0.545381,0.356769,0.223367,0.713191,0.757143,0.947594,0.695858,0.655161,0.388075,0.411965,0.423289,0.466901,0.478350,0.623628,0.549276,0.000000,0.698533,0.382601,0.289922,0.434332,0.547543,0.356322,0.350865,0.518749,0.588960,0.549951,0.543133,0.565422,0.401467,0.394507,0.509765,0.531066,0.488432,0.491403,0.481367,0.514047,0.487426,0.503872,0.508863,0.748611,0.555319,0.580441,0.439743,0.347081,0.518214,0.898390,0.657827,0.733981,0.749008,0.471865,0.626411,0.078475,0.272015,0.393791,0.426010,0.402907,0.418800,0.638795,0.528871,0.462934,0.520645,0.499185,0.547889,0.169354,0.425772,0.681628,0.497621,0.599170,0.544633,0.463818,0.436182
0.234611,0.319364,0.446796,0.496493,0.566316,0.522773,0.459736,0.401337,0.529984,0.483068,0.245341,0.318456,0.232672,0.329020,0.206952,0.570573,0.320501,0.329189,0.426031,0.380524,0.381677,0.289346,0.513114,0.621884,0.552964,0.493418,0.488331,0.440250,0.188744,0.238250,0.244240,0.282425,0.350569,0.382592,0.698533,0.000000,0.290729,0.139588,0.268877,0.358288,0.264909,0.264084,0.683740,0.703158,0.431641,0.506982,0.634054,0.529127,0.391144,0.469768,0.603455,0.487136,0.522199,0.607325,0.602137,0.552248,0.311633,0.257858,0.543449,0.437629,0.445194,0.300271,0.314535,0.350348,0.556519,0.545830,0.675404,0.769489,0.363454,0.441148,0.080222,0.235060,0.294492,0.308888,0.359826,0.386939,0.583544,0.530544,0.231300,0.300301,0.299927,0.381518,0.026364,0.245750,0.497080,0.548296,0.339719,0.340530,0.379647,0.461341
0.183015,0.245287,0.487802,0.529918,0.282309,0.431064,0.559051,0.531277,0.210396,0.311147,0.295591,0.362911,0.368738,0.477083,0.366065,0.511299,0.465742,0.381346,0.274756,0.323928,-0.035777,-0.378274,0.343350,0.497171,0.285457,0.324854,0.270112,0.141989,0.477486,0.494620,0.306397,0.226558,0.328009,0.252657,0.382601,0.290729,0.000000,0.496512,0.683713,0.513776,1.172181,0.516703,0.501885,0.488667,0.395088,0.293845,0.375410,0.569779,0.508412,0.395774,0.567362,0.618593,0.535213,0.456116,0.509340,0.438234,0.217742,0.217358,0.206709,0.146584,0.171863,0.178813,0.392636,0.379359,0.418182,0.053369,0.439085,0.426982,0.309321,0.239594,0.379756,0.386024,0.438937,0.470945,0.530386,0.407552,0.369418,0.707309,0.321127,0.391518,0.512630,0.462130,0.449148,0.570588,0.563302,0.559171,0.816944,0.857521,0.786115,0.636512
0.542553,0.575357,0.321840,0.140454,0.119325,0.135791,0.469811,0.445763,0.153774,0.103277,0.683520,0.663947,0.456336,0.632188,0.661640,0.354993,0.656502,0.674943,0.474493,0.522929,-0.193837,-0.195844,0.241018,0.237178,0.116560,0.038784,0.053075,0.050556,0.653040,0.614627,0.435393,0.327340,0.633571,0.579612,0.289922,0.139588,0.496512,0.000000,0.388101,1.158663,0.494431,0.983979,0.354049,0.422183,0.399745,0.445069,0.569600,0.460987,0.328199,0.333722,0.406384,0.360815,0.442976,0.580142,0.633348,0.771573,0.590270,0.494769,0.344558,0.279683,0.345951,0.283600,0.385997,0.565161,0.203948,0.157531,0.368017,0.436205,0.452065,0.490686,-0.000365,0.179108,0.860197,0.686758,0.719056,0.626584,0.562404,0.388492,0.605666,0.649430,0.663066,0.714790,0.340608,0.601980,0.610658,0.562056,0.645924,0.785913,0.468548,0.488737
0.340364,0.464641,0.678883,0.642853,0.405334,0.411619,0.638388,0.634157,0.192076,0.234521,0.233267,0.348050,0.376160,0.407866,0.439214,0.541643,0.439909,0.412206,0.530667,0.590258,-0.037985,-0.175947,0.633155,0.628262,0.391940,0.334882,0.407498,0.130812,0.336113,0.465762,0.291556,0.371012,0.497184,0.418214,0.434332,0.268877,0.683713,0.388101,0.000000,0.718863,0.800023,0.554246,0.465300,0.478522,0.401673,0.329047,0.503987,0.664015,0.401139,0.374191,0.457450,0.434200,0.533249,0.435213,0.615063,0.487500,0.397159,0.451266,0.353915,0.279384,0.219205,0.195062,0.181297,0.314253,0.372457,0.100566,0.569034,0.436977,0.511088,0.540240,0.230499,0.364019,0.537590,0.534893,0.562790,0.470145,0.404025,0.516469,0.427373,0.495616,0.683047,0.562863,0.737425,0.693472,0.585893,0.389270,0.925540,0.840079,0.863570,0.720352
0.706407,0.840709,0.582089,0.350162,0.433778,0.310486,0.737389,0.686929,0.284525,0.196174,0.793606,0.815357,0.610457,0.749734,0.797688,0.571831,0.818637,0.892333,0.754135,0.811275,-0.026975,-0.091438,0.584845,0.552160,0.438268,0.291557,0.331764,0.160586,0.816307,0.806827,0.538797,0.515632,0.918602,0.840098,0.547543,0.358288,0.513776,1.158663,0.718863,0.000000,0.616556,1.259248,0.545433,0.615819,0.537119,0.597638,0.869668,0.621807,0.396387,0.433384,0.594829,0.476203,0.727687,0.765543,1.012767,1.044300,0.814752,0.751791,0.646060,0.530304,0.528341,0.369359,0.439146,0.689650,0.427015,0.332133,0.696582,0.742443,0.689863,0.812359,-0.031050,0.189003,1.055846,0.883201,0.872927,0.789151,0.681985,0.460829,0.815622,0.887435,0.923162,0.926194,0.494989,0.808150,0.817050,0.665114,0.949432,1.013094,0.694552,0.653604
0.399737,0.528160,0.609301,0.577550,0.281506,0.330367,0.648061,0.682129,0.202587,0.185055,0.461102,0.549620,0.658577,0.691987,0.651988,0.697705,0.764596,0.688704,0.615767,0.658643,-0.026146,-0.496673,0.519161,0.620227,0.262281,0.208382,0.338720,0.037767,0.731096,0.848385,0.579046,0.492616,0.586218,0.516053,0.356322,0.264909,1.172181,0.494431,0.800023,0.616556,0.000000,0.822453,0.400298,0.433129,0.419270,0.364526,0.428375,0.570039,0.367185,0.324989,0.406758,0.437421,0.598839,0.506302,0.608620,0.510773,0.537346,0.552703,0.305805,0.333008,0.293320,0.247105,0.457595,0.535445,0.420074,0.070469,0.533156,0.528305,0.666347,0.537437,0.371346,0.487897,0.755559,0.899098,0.826244,0.680854,0.362032,0.682294,0.655665,0.714045,0.862320,0.727853,0.794673,0.967980,0.659821,0.571421,1.003270,1.075449,0.876432,0.727742
0.767731,0.882043,0.502536,0.363798,0.306169,0.183558,0.716046,0.738402,0.288755,0.128103,0.924876,0.969527,0.822856,0.958157,0.945828,0.696690,1.054713,1.047454,0.927381,0.967329,-0.050128,-0.254444,0.555084,0.539525,0.265159,0.124870,0.285067,0.073907,1.056189,1.085626,0.707831,0.650619,0.996839,0.936738,0.350865,0.264084,0.516703,0.983979,0.554246,1.259248,0.822453,0.000000,0.417021,0.492564,0.504376,0.553387,0.717763,0.502224,0.354339,0.388347,0.460116,0.391905,0.638602,0.655509,0.844368,0.887673,0.860284,0.841661,0.626859,0.578472,0.632874,0.452854,0.607163,0.819500,0.413424,0.278912,0.656559,0.681976,0.826518,0.789939,0.105673,0.337002,1.320753,1.265221,1.004193,1.032228,0.608057,0.492092,0.996789,1.012399,1.110252,1.021264,0.669645,0.956349,0.829349,0.697883,0.913647,0.890611,0.659542,0.545994
0.450064,0.590814,0.541583,0.683674,0.537410,0.665909,0.717439,0.674520,0.526152,0.607923,0.357120,0.502222,0.354608,0.532987,0.300701,0.777589,0.538244,0.545919,0.543171,0.555784,0.300867,0.186634,0.487397,0.646834,0.513020,0.549666,0.447297,0.474064,0.330887,0.444443,0.304796,0.355520,0.543286,0.541571,0.518749,0.683740,0.501885,0.354049,0.465300,0.545433,0.400298,0.417021,0.000000,1.864397,1.078539,1.121533,1.347888,1.070917,1.205356,1.185149,1.328734,1.010313,1.059234,0.946008,0.995122,0.965636,0.496322,0.442751,0.744309,0.570726,0.501600,0.390346,0.580362,0.633704,0.500795,0.357455,1.018388,1.038574,0.450607,0.580536,0.106146,0.193943,0.309942,0.403062,0.313754,0.416375,0.615563,0.515620,0.373875,0.487691,0.580830,0.599943,0.253466,0.514674,0.806842,0.885878,0.539728,0.465297,0.601939,0.711025
0.564331,0.714822,0.566124,0.700679,0.545314,0.591078,0.778754,0.764990,0.513332,0.560975,0.444511,0.619274,0.432750,0.615294,0.365574,0.886437,0.702165,0.712583,0.648022,0.670823,0.302564,0.177382,0.516577,0.674986,0.516252,0.519549,0.458318,0.422555,0.465626,0.584202,0.377713,0.440985,0.669043,0.675392,0.588960,0.703158,0.488667,0.422183,0.478522,0.615819,0.433129,0.492564,1.864397,0.000000,1.243098,1.345059,1.452581,0.998234,1.232446,1.304251,1.283808,1.037537,1.039728,0.934731,1.020432,0.991212,0.613298,0.574417,0.878515,0.665273,0.627979,0.471365,0.695850,0.788171,0.607083,0.450778,1.059900,1.085785,0.547679,0.666374,0.110508,0.226811,0.423496,0.543339,0.419327,0.519158,0.731498,0.574997,0.531273,0.641540,0.719985,0.731696,0.310067,0.612436,0.938911,0.951944,0.567414,0.509472,0.586408,0.680504
0.628515,0.725591,0.528634,0.557548,0.436514,0.405604,0.695789,0.642561,0.310469,0.309786,0.435445,0.552315,0.419445,0.565057,0.396185,0.681863,0.690899,0.701393,0.603805,0.632883,0.299011,0.124083,0.409993,0.486802,0.432066,0.401530,0.399973,0.321138,0.510724,0.610337,0.448907,0.457375,0.691809,0.690558,0.549951,0.431641,0.395088,0.399745,0.401673,0.537119,0.419270,0.504376,1.078539,1.243098,0.000000,1.895379,1.090054,0.769349,1.253847,1.388340,0.819599,0.717860,0.752023,0.613326,0.701579,0.750657,0.627349,0.648949,0.812179,0.687640,0.618948,0.458585,0.722629,0.765892,0.473011,0.321764,1.007580,0.915854,0.597676,0.625212,0.195817,0.268117,0.451723,0.580527,0.409295,0.514745,0.574900,0.441577,0.545349,0.600258,0.697404,0.703165,0.341839,0.610450,0.813344,0.737869,0.553848,0.472876,0.485637,0.510275
0.718223,0.836732,0.508862,0.519559,0.456452,0.432642,0.669090,0.660678,0.373582,0.355393,0.508995,0.656370,0.458378,0.660568,0.461091,0.756076,0.742097,0.785044,0.706846,0.716485,0.343762,0.180211,0.433723,0.501411,0.423769,0.377494,0.403774,0.364483,0.526292,0.639781,0.469912,0.473708,0.748716,0.773911,0.543133,0.506982,0.293845,0.445069,0.329047,0.597638,0.364526,0.553387,1.121533,1.345059,1.895379,0.000000,1.275337,0.779254,1.139742,1.384951,0.853676,0.743610,0.840480,0.753897,0.818182,0.876580,0.745042,0.728269,0.909654,0.859261,0.721123,0.539021,0.726910,0.848688,0.455759,0.414312,1.087623,1.085901,0.672831,0.717233,0.158200,0.251995,0.510950,0.641555,0.439298,0.588519,0.657116,0.444143,0.593707,0.666123,0.727726,0.774379,0.278644,0.617039,0.845524,0.846405,0.516918,0.453001,0.451993,0.558167
0.674032,0.917567,0.599633,0.611156,0.579209,0.547560,0.816920,0.795583,0.549226,0.485618,0.545537,0.733062,0.534079,0.718211,0.532050,0.898691,0.807255,0.828258,0.905542,0.896528,0.257207,0.156470,0.633102,0.699933,0.488973,0.402148,0.414916,0.431814,0.536118,0.646363,0.424116,0.505323,0.821817,0.821439,0.565422,0.634054,0.375410,0.569600,0.503987,0.869668,0.428375,0.717763,1.347888,1.452581,1.090054,1.275337,0.000000,1.051517,0.961192,1.044877,1.117940,0.840175,1.268275,1.143148,1.437339,1.442897,0.819255,0.745249,1.010414,0.818047,0.726473,0.495892,0.709199,0.854286,0.562642,0.420538,1.279760,1.271283,0.737102,0.926951,0.064760,0.236985,0.598133,0.681307,0.533792,0.645994,0.801374,0.550956,0.617577,0.721130,0.840176,0.838558,0.329538,0.702850,0.962416,0.920926,0.676911,0.579763,0.666408,0.742553
0.294779,0.561483,0.406728,0.515946,0.364860,0.581437,0.538634,0.561080,0.262432,0.404683,0.250524,0.433730,0.260816,0.490373,0.302178,0.614833,0.542756,0.536563,0.538823,0.596403,0.111239,-0.032181,0.345152,0.467052,0.289575,0.252822,0.273026,0.283795,0.331540,0.445838,0.206338,0.221239,0.495310,0.469612,0.401467,0.529127,0.569779,0.460987,0.664015,0.621807,0.570039,0.502224,1.070917,0.998234,0.769349,0.779254,1.051517,0.000000,0.793940,0.746135,0.760830,0.632560,1.033999,1.152647,1.047095,0.954028,0.505827,0.433722,0.510346,0.496477,0.333659,0.246561,0.481562,0.560107,0.286541,0.085191,0.976067,0.954655,0.539727,0.766856,0.037052,0.155278,0.395490,0.444042,0.359912,0.404187,0.408126,0.467009,0.364561,0.436810,0.669537,0.645880,0.430216,0.695197,0.668312,0.713677,0.592150,0.560124,0.681743,1.005417
0.432284,0.508756,0.476230,0.632063,0.429997,0.615487,0.658662,0.681091,0.410292,0.531024,0.284571,0.468653,0.328623,0.515078,0.218957,0.626415,0.450105,0.434356,0.413679,0.447912,0.297439,0.183982,0.347414,0.495611,0.351827,0.447705,0.339376,0.455164,0.283965,0.385143,0.216612,0.242296,0.426625,0.405961,0.394507,0.391144,0.508412,0.328199,0.401139,0.396387,0.367185,0.354339,1.205356,1.232446,1.253847,1.139742,0.961192,0.793940,0.000000,1.894163,1.202649,1.250999,0.899645,0.626759,0.710689,0.696819,0.390143,0.414147,0.697795,0.589247,0.512041,0.473210,0.585366,0.612051,0.404876,0.230390,0.864390,0.749133,0.379849,0.413816,0.319050,0.303806,0.246134,0.372711,0.246003,0.334461,0.574538,0.544436,0.263112,0.367686,0.487118,0.492442,0.198133,0.445346,0.702216,0.777751,0.463093,0.344903,0.549095,0.617634
