0.000000,0.775912,0.851373,0.524280,0.235550,0.219713,0.700116,0.547096,0.289485,0.167384,0.716365,0.553825,0.423272,0.348630,0.578090,0.398425,0.822811,0.617083,0.785163,0.720072,0.180214,0.251558,0.572248,0.601211,0.600024,0.449471,0.144501,0.094981,0.209144,0.449051,0.635217,0.573232,0.789514,0.644958,0.537741,0.591239,0.164109,0.069095,0.056384,0.120255,0.294806,0.230803,0.671388,0.602648,0.461808,0.496200,0.524155,0.669727,0.544409,0.475651,0.383506,0.305242,0.310850,0.494501,0.341672,0.396566,1.486386,0.743857,0.869613,0.542655,0.630364,0.475027,0.416470,0.346121,0.437707,0.442566,0.835305,0.620018,0.664608,0.745989,0.091561,0.086775,0.300946,0.327255,0.302921,0.288588,0.342574,0.280863,0.609908,0.416561,0.427784,0.512522,0.452111,0.512584,0.373164,0.340544,0.306581,0.335237,0.503245,0.667648
0.775912,0.000000,0.641517,0.613190,0.199273,0.139302,0.513401,0.633369,0.365022,0.142362,0.393590,0.637502,0.204730,0.425183,0.429181,0.337059,0.645019,0.680334,0.452310,0.659557,0.223037,0.382647,0.517577,0.599254,0.331406,0.337399,0.159933,0.074051,0.100118,0.373164,0.615464,0.742616,0.756499,0.830569,0.450487,0.578243,0.033062,-0.122820,-0.022407,0.074968,0.170487,0.106848,0.814625,0.731830,0.724078,0.760051,0.718870,0.790218,0.731460,0.634666,0.467492,0.407924,0.437704,0.491841,0.451465,0.418987,0.770909,1.155766,0.497445,0.565644,0.336314,0.491484,0.298068,0.378059,0.205233,0.398474,0.785777,0.748187,0.708907,0.828406,0.086735,0.101294,0.251508,0.426367,0.216994,0.298242,0.506563,0.448833,0.386513,0.394829,0.347038,0.543956,0.282578,0.255230,0.284513,0.265329,0.228956,0.093100,0.516177,0.542434
0.851373,0.641517,0.000000,1.186866,0.438543,0.465823,1.377845,0.881298,0.485495,0.476789,0.731478,0.563550,0.628890,0.552081,0.851685,0.561246,0.505202,0.416539,0.688443,0.727558,0.185366,0.277007,1.074209,1.034523,0.867834,0.713780,0.298192,0.271465,0.164513,0.323080,0.850112,0.742592,0.752573,0.801229,0.938298,0.836983,0.184897,0.039136,0.057488,0.187006,0.139350,0.087247,0.575628,0.473666,0.454348,0.500813,0.511425,0.721717,0.581306,0.551804,0.584255,0.484664,0.401976,0.539491,0.484407,0.577689,0.723298,0.659350,0.879311,0.601970,0.762981,0.627126,0.412441,0.430955,0.843043,0.781504,1.007196,0.805986,0.482961,0.736581,0.196881,0.256276,0.313545,0.330170,0.353602,0.385213,0.322739,0.279128,0.319964,0.220253,0.349432,0.475842,0.434190,0.405873,0.626647,0.545285,0.408130,0.416625,0.746488,0.781175
0.524280,0.613190,1.186866,0.000000,0.469986,0.537473,0.900837,1.165020,0.491156,0.577225,0.420387,0.613356,0.289293,0.598436,0.616217,0.591876,0.397254,0.354118,0.495241,0.662821,0.162095,0.332868,0.945627,1.220555,0.702783,0.730440,0.374333,0.333739,0.050422,0.229214,0.684407,0.726993,0.570595,0.800152,0.781961,0.882246,0.183414,0.009023,0.055012,0.189181,0.094834,-0.015044,0.607672,0.540019,0.425383,0.520614,0.642616,0.761377,0.670107,0.751433,0.872915,0.786297,0.673304,0.709248,0.693651,0.722806,0.539199,0.637679,0.754230,0.717701,0.604357,0.700782,0.425733,0.490720,0.518588,0.844085,0.864286,0.881973,0.297003,0.557567,0.312480,0.342079,0.175961,0.353572,0.260048,0.241126,0.409681,0.383261,0.174570,0.094204,0.303755,0.456206,0.382571,0.283565,0.520350,0.630586,0.415503,0.281399,0.805093,0.829995
0.235550,0.199273,0.438543,0.469986,0.000000,1.006911,0.372941,0.332732,0.636119,1.007936,0.388139,0.349732,0.231193,0.328747,0.432923,0.511017,0.209671,0.109143,0.067094,0.161750,0.416925,0.707327,0.348280,0.465585,0.433735,0.444356,0.967589,1.117298,0.211037,0.155153,0.159163,0.191650,0.205670,0.302061,0.341361,0.332698,0.442903,0.379736,0.459464,0.556598,0.363374,0.206198,0.216747,0.164264,0.102515,0.137276,0.263400,0.276488,0.258026,0.263842,0.390601,0.361425,0.318602,0.383820,0.445125,0.396408,0.235003,0.204488,0.487108,0.361718,0.458859,0.274214,0.323172,0.283201,0.290066,0.308972,0.417030,0.331268,0.104143,0.160365,0.102080,0.087252,0.203744,0.221524,0.335001,0.188396,0.368654,0.304776,0.011346,-0.043737,0.083041,0.231671,0.326603,0.136682,0.293411,0.274685,0.441864,0.103706,0.475760,0.445325
0.219713,0.139302,0.465823,0.537473,1.006911,0.000000,0.359538,0.258508,0.404033,1.488991,0.273753,0.177080,0.187433,0.264076,0.326407,0.464805,0.242449,0.073251,0.157547,0.099097,0.237735,0.513405,0.471233,0.586054,0.543619,0.626877,0.805401,0.839838,0.146501,0.111950,0.167119,0.094227,0.036353,0.128341,0.326712,0.313260,0.435551,0.300089,0.376954,0.519170,0.209190,0.150805,0.198281,0.143755,0.031191,0.049192,0.268093,0.266895,0.145151,0.180285,0.524405,0.442059,0.449215,0.538117,0.546692,0.493496,0.194637,0.083514,0.320865,0.184952,0.363375,0.190379,0.206453,0.201212,0.310265,0.277696,0.350212,0.247655,0.001728,0.046187,0.082050,0.049656,0.086978,0.114483,0.273028,0.241147,0.247881,0.216395,0.181619,-0.048392,0.290997,0.295892,0.341947,0.215003,0.404657,0.452252,0.461961,0.336218,0.474213,0.515681
0.700116,0.513401,1.377845,0.900837,0.372941,0.359538,0.000000,1.039500,0.596817,0.387748,0.695452,0.655660,0.654578,0.575639,0.964735,0.601389,0.421560,0.444632,0.555939,0.626849,0.146349,0.122919,0.633584,0.606039,0.606053,0.554990,0.127946,0.173530,0.330002,0.422196,0.715039,0.662198,0.725590,0.821548,0.713181,0.758854,0.179238,0.019022,-0.082555,0.051825,0.098169,0.047761,0.491431,0.433471,0.470462,0.532111,0.430470,0.607988,0.632589,0.620455,0.586291,0.486345,0.328562,0.425145,0.412812,0.495891,0.581382,0.602901,0.988098,0.709152,1.037826,0.858414,0.524185,0.598632,0.814763,0.844696,0.947578,0.760693,0.403663,0.612349,0.166757,0.225563,0.311705,0.346469,0.304198,0.382013,0.279314,0.238063,0.216329,0.173373,0.185722,0.369402,0.354318,0.424689,0.436521,0.466222,0.246238,0.356129,0.597278,0.693385
0.547096,0.633369,0.881298,1.165020,0.332732,0.258508,1.039500,0.000000,0.640823,0.340856,0.484724,0.984801,0.369572,0.773255,0.765538,0.675453,0.346998,0.494284,0.397461,0.612706,0.138905,0.206168,0.531593,0.626453,0.500559,0.497895,0.165637,0.186660,0.130910,0.291421,0.565041,0.805729,0.662961,0.987671,0.713858,0.971207,0.103808,-0.057876,-0.144537,-0.046375,0.065076,-0.110435,0.593503,0.552602,0.502894,0.635027,0.567989,0.736927,0.900910,1.047458,0.850658,0.769173,0.548512,0.539206,0.536802,0.598192,0.614139,0.891577,0.957428,1.196012,0.886902,1.369921,0.548307,0.793225,0.560820,1.123650,0.892451,0.990509,0.308398,0.637177,0.169422,0.166239,0.135199,0.340005,0.171096,0.144990,0.286350,0.256108,0.040123,0.096665,0.072209,0.318870,0.289682,0.307521,0.402477,0.493574,0.244279,0.164401,0.685985,0.698470
0.289485,0.365022,0.485495,0.491156,0.636119,0.404033,0.596817,0.640823,0.000000,0.551844,0.515174,0.634272,0.507727,0.776536,0.702412,0.727278,0.242099,0.281921,0.006601,0.229951,0.343464,0.436892,0.244458,0.354667,0.282194,0.329646,0.516144,0.497677,0.407845,0.257642,0.241106,0.416768,0.349242,0.465780,0.336468,0.413377,0.271249,0.067300,0.107834,0.101781,0.125120,-0.015600,0.304523,0.260487,0.260605,0.317302,0.267788,0.291237,0.491488,0.524626,0.500658,0.492979,0.372192,0.405626,0.370328,0.276338,0.347180,0.473670,0.578607,0.630726,0.630250,0.610534,0.449903,0.499761,0.382075,0.564425,0.504513,0.516300,0.202222,0.360624,0.118379,0.112529,0.114986,0.179962,0.084660,0.122748,0.277618,0.244514,0.095277,0.086879,0.016191,0.248743,0.266204,0.148152,0.320526,0.264410,0.249250,-0.058941,0.451998,0.312301
0.167384,0.142362,0.476789,0.577225,1.007936,1.488991,0.387748,0.340856,0.551844,0.000000,0.314037,0.246553,0.288686,0.429712,0.435938,0.636379,0.128875,0.012265,0.109227,0.071220,0.298372,0.557214,0.457339,0.597731,0.489390,0.579670,0.951251,0.925545,0.149991,0.067572,0.192770,0.183775,0.022031,0.154083,0.396048,0.386285,0.414677,0.221530,0.374176,0.379785,0.137184,0.028147,0.140394,0.101166,0.019093,0.036951,0.217448,0.219721,0.126583,0.157959,0.466591,0.404140,0.346357,0.447895,0.457713,0.391892,0.105480,0.066450,0.295349,0.200479,0.342285,0.247441,0.175136,0.223923,0.367709,0.385232,0.348177,0.260485,-0.046049,0.042461,0.135856,0.108572,0.051115,0.131385,0.307536,0.246241,0.267806,0.248750,0.071367,-0.109594,0.222358,0.220461,0.268268,0.074835,0.408576,0.415780,0.392014,0.201848,0.402384,0.388638
0.716365,0.393590,0.731478,0.420387,0.388139,0.273753,0.695452,0.484724,0.515174,0.314037,0.000000,0.616598,1.229167,0.567653,0.638055,0.418539,0.566782,0.346312,0.463047,0.389066,0.291641,0.272930,0.742477,0.548837,0.752960,0.447262,0.282078,0.252328,0.488414,0.519307,0.414250,0.530901,0.496210,0.431720,0.599890,0.482951,0.446657,0.324320,0.187801,0.229579,0.303494,0.254400,0.324767,0.261708,0.162528,0.207083,0.258061,0.398122,0.340462,0.322760,0.361995,0.293174,0.232044,0.363491,0.338820,0.400045,0.520542,0.352429,0.637589,0.374301,0.700979,0.464939,0.597908,0.449242,0.819684,0.459489,0.480619,0.296490,0.167740,0.378068,0.047114,0.082717,0.383978,0.342522,0.385504,0.342949,0.164566,0.128821,0.358043,0.254598,0.403768,0.471243,0.483141,0.460995,0.710820,0.414322,0.539001,0.326829,0.537678,0.489896
0.553825,0.637502,0.563550,0.613356,0.349732,0.177080,0.655660,0.984801,0.634272,0.246553,0.616598,0.000000,0.367054,0.865440,0.666962,0.669248,0.606899,0.842560,0.228912,0.445676,0.286466,0.281972,0.369865,0.432617,0.400600,0.444410,0.204980,0.256977,0.382174,0.522508,0.449453,0.801875,0.641936,0.892899,0.463937,0.696066,0.252695,0.126327,-0.056678,0.044387,0.184344,0.034039,0.644233,0.627659,0.445888,0.596557,0.599966,0.778854,0.837985,0.948785,0.825662,0.772550,0.502889,0.454655,0.598018,0.625966,0.715625,0.900451,0.883388,0.970092,0.945901,1.196332,0.944940,1.134639,0.454264,0.832440,0.721325,0.703605,0.297637,0.495117,0.012155,0.006935,0.241939,0.441531,0.229808,0.222355,0.266199,0.177565,0.094165,0.204455,0.079724,0.400025,0.281780,0.372475,0.278445,0.412435,0.227768,0.134904,0.542469,0.571576
0.423272,0.204730,0.628890,0.289293,0.231193,0.187433,0.654578,0.369572,0.507727,0.288686,1.229167,0.367054,0.000000,0.663450,0.705622,0.412456,0.302457,0.185506,0.341466,0.243502,0.275416,0.086588,0.617382,0.375722,0.679059,0.430885,0.181241,0.211396,0.398449,0.353401,0.357155,0.418387,0.352127,0.274163,0.529724,0.368690,0.376189,0.185783,0.007304,0.037612,0.128383,0.159455,0.107357,0.051890,0.095588,0.109243,0.047083,0.176752,0.186610,0.181563,0.196765,0.160761,0.041006,0.154421,0.169963,0.186829,0.262035,0.214594,0.363600,0.231993,0.498378,0.357421,0.340895,0.291604,0.904147,0.454537,0.331964,0.200204,0.118817,0.316619,0.003483,0.042167,0.318145,0.216989,0.266057,0.326955,0.005446,-0.057431,0.266080,0.203350,0.272700,0.304486,0.384849,0.266898,0.671000,0.348563,0.402293,0.256831,0.300840,0.209400
0.348630,0.425183,0.552081,0.598436,0.328747,0.264076,0.575639,0.773255,0.776536,0.429712,0.567653,0.865440,0.663450,0.000000,0.735691,1.008895,0.410190,0.479345,0.198978,0.278221,0.444718,0.428605,0.479141,0.548144,0.460958,0.530327,0.352870,0.410413,0.294039,0.353859,0.479839,0.760848,0.420865,0.586775,0.472834,0.591444,0.310823,0.113093,0.059735,0.080068,0.226837,0.047713,0.362415,0.325953,0.247813,0.342387,0.338897,0.427398,0.477854,0.565896,0.664976,0.658974,0.429657,0.449165,0.487176,0.439255,0.425885,0.519711,0.457385,0.506998,0.558809,0.685101,0.487136,0.572408,0.514206,0.792724,0.470379,0.507387,0.188324,0.419123,0.154359,0.138954,0.161400,0.273846,0.163349,0.173913,0.162155,0.112760,0.188049,0.233713,0.243154,0.493562,0.349949,0.331892,0.559682,0.630377,0.337758,0.229104,0.431294,0.340247
0.578090,0.429181,0.851685,0.616217,0.432923,0.326407,0.964735,0.765538,0.702412,0.435938,0.638055,0.666962,0.705622,0.735691,0.000000,0.920357,0.394317,0.513767,0.464513,0.521396,0.395262,0.233750,0.526997,0.502100,0.631369,0.625226,0.312129,0.371814,0.473417,0.582467,0.767812,0.775547,0.631179,0.710270,0.780792,0.739282,0.271720,0.114534,-0.067555,0.067954,0.180781,0.150606,0.430207,0.394432,0.437869,0.505164,0.350238,0.505572,0.540724,0.577873,0.492720,0.434352,0.217083,0.287991,0.325780,0.369952,0.539299,0.589937,0.764411,0.656974,0.743535,0.719599,0.460603,0.516257,0.671883,0.737498,0.784754,0.681850,0.382062,0.573406,0.236154,0.216858,0.343891,0.379565,0.350582,0.406028,0.302921,0.226233,0.311977,0.310593,0.233173,0.450746,0.531710,0.414115,0.460874,0.429217,0.303006,0.265988,0.483967,0.473355
0.398425,0.337059,0.561246,0.591876,0.511017,0.464805,0.601389,0.675453,0.727278,0.636379,0.418539,0.669248,0.412456,1.008895,0.920357,0.000000,0.348219,0.440448,0.247660,0.356053,0.495733,0.530191,0.428646,0.550920,0.408210,0.503611,0.580220,0.502343,0.325030,0.397040,0.539803,0.586341,0.373558,0.508408,0.454642,0.592274,0.284991,0.162497,0.198439,0.216456,0.274670,0.156298,0.344370,0.316393,0.240338,0.302588,0.329727,0.391882,0.385120,0.467533,0.607270,0.600942,0.415583,0.439858,0.479207,0.400831,0.429819,0.460356,0.555872,0.518363,0.555299,0.592938,0.470894,0.487945,0.352384,0.600703,0.551463,0.510507,0.225175,0.384057,0.343558,0.296130,0.234484,0.318528,0.330064,0.248450,0.384925,0.306946,0.187328,0.166591,0.250537,0.496696,0.483254,0.536122,0.530340,0.627994,0.397372,0.381785,0.520762,0.493046
0.822811,0.645019,0.505202,0.397254,0.209671,0.242449,0.421560,0.346998,0.242099,0.128875,0.566782,0.606899,0.302457,0.410190,0.394317,0.348219,0.000000,0.926994,0.497886,0.564922,0.283669,0.304500,0.462208,0.537367,0.569424,0.587194,0.082260,0.078136,0.560592,0.829159,0.508724,0.504487,0.663633,0.567969,0.353860,0.471128,0.420559,0.311163,0.152028,0.316154,0.480627,0.489602,0.780108,0.715770,0.400042,0.466449,0.691576,0.789360,0.511739,0.491175,0.591837,0.551685,0.483120,0.618559,0.619552,0.591922,0.916245,0.567675,0.550554,0.383648,0.481967,0.352719,0.652502,0.401493,0.308731,0.358517,0.614369,0.483012,0.463447,0.466212,0.032342,0.020150,0.385525,0.534148,0.310932,0.351541,0.377252,0.251973,0.858914,0.735800,0.679830,0.866317,0.560366,0.655755,0.412744,0.507040,0.426275,0.425099,0.449204,0.614284
0.617083,0.680334,0.416539,0.354118,0.109143,0.073251,0.444632,0.494284,0.281921,0.012265,0.346312,0.842560,0.185506,0.479345,0.513767,0.440448,0.926994,0.000000,0.322496,0.502216,0.260634,0.135300,0.247613,0.294020,0.292959,0.443685,-0.021290,0.040728,0.426528,0.669939,0.537959,0.564246,0.727698,0.767438,0.373922,0.554845,0.227165,0.104212,-0.043480,0.075560,0.307136,0.267933,0.874031,0.864696,0.640402,0.759615,0.712007,0.822569,0.757928,0.774791,0.529394,0.528599,0.330601,0.345357,0.432841,0.430115,0.776757,0.829119,0.614615,0.574827,0.567866,0.638912,0.674285,0.660483,0.269864,0.520878,0.673584,0.627266,0.492783,0.538199,-0.091456,-0.085490,0.281403,0.521295,0.207736,0.275137,0.319772,0.187340,0.457682,0.706462,0.179062,0.549848,0.298824,0.520341,0.096037,0.270480,0.140701,0.188645,0.306132,0.406969
0.785163,0.452310,0.688443,0.495241,0.067094,0.157547,0.555939,0.397461,0.006601,0.109227,0.463047,0.228912,0.341466,0.198978,0.464513,0.247660,0.497886,0.322496,0.000000,0.873662,0.071510,0.063727,0.538157,0.478804,0.492408,0.360337,0.022521,-0.058435,0.159917,0.483263,0.544630,0.485698,0.592498,0.477485,0.546018,0.408330,0.050804,0.020499,0.002055,0.121566,0.159439,0.226378,0.375983,0.311531,0.270908,0.266495,0.316499,0.440257,0.242520,0.202623,0.250066,0.166755,0.180949,0.256346,0.246920,0.348200,0.529063,0.373783,0.451278,0.269485,0.344347,0.296135,0.249926,0.200001,0.462798,0.325597,0.579326,0.387695,0.559355,0.562475,0.090922,0.085545,0.339570,0.331654,0.392068,0.387245,0.221975,0.154088,0.505644,0.363825,0.589360,0.520794,0.421554,0.493862,0.457052,0.411230,0.297391,0.489696,0.471176,0.510663
0.720072,0.659557,0.727558,0.662821,0.161750,0.099097,0.626849,0.612706,0.229951,0.071220,0.389066,0.445676,0.243502,0.278221,0.521396,0.356053,0.564922,0.502216,0.873662,0.000000,0.168935,0.207415,0.493191,0.536549,0.401936,0.359274,0.096520,-0.009299,0.216683,0.510356,0.652974,0.631492,0.879592,0.789268,0.593154,0.542755,0.088525,0.029580,0.038551,0.175412,0.246643,0.196935,0.676503,0.577459,0.605784,0.626614,0.601637,0.760011,0.599401,0.548078,0.440705,0.406632,0.383063,0.405157,0.461918,0.510395,0.676884,0.694750,0.636466,0.592433,0.460910,0.453808,0.442616,0.340697,0.411291,0.438896,0.857965,0.770503,0.746726,0.766218,0.050839,0.062706,0.374821,0.444248,0.302410,0.309369,0.334338,0.189196,0.401198,0.389724,0.443293,0.597316,0.497187,0.528831,0.391610,0.475688,0.395157,0.437624,0.613473,0.702282
0.180214,0.223037,0.185366,0.162095,0.416925,0.237735,0.146349,0.138905,0.343464,0.298372,0.291641,0.286466,0.275416,0.444718,0.395262,0.495733,0.283669,0.260634,0.071510,0.168935,0.000000,0.563472,0.281340,0.307897,0.338660,0.366852,0.538124,0.631166,0.519098,0.526370,0.461769,0.449673,0.282819,0.334080,0.271633,0.260493,0.481409,0.416502,0.343123,0.386503,0.542835,0.454524,0.224571,0.156596,0.185684,0.194678,0.201021,0.220665,0.186932,0.168396,0.180713,0.236804,0.086302,0.172226,0.163973,0.153254,0.191246,0.193174,0.089273,0.073657,0.104455,0.068376,0.131441,0.020938,0.230490,0.278227,0.177036,0.203206,0.168735,0.228066,0.060503,-0.046511,0.281941,0.288757,0.128366,0.102919,0.239228,0.119652,0.268886,0.394408,0.324616,0.434399,0.510078,0.194502,0.301753,0.358764,0.368832,0.153176,0.122554,0.174768
0.251558,0.382647,0.277007,0.332868,0.707327,0.513405,0.122919,0.206168,0.436892,0.557214,0.272930,0.281972,0.086588,0.428605,0.233750,0.530191,0.304500,0.135300,0.063727,0.207415,0.563472,0.000000,0.358465,0.549321,0.226974,0.247660,0.846962,0.686940,0.199400,0.212778,0.335861,0.368700,0.244668,0.304773,0.279295,0.261690,0.290082,0.258558,0.534071,0.497017,0.497039,0.198772,0.298154,0.238233,0.210148,0.204980,0.343015,0.333898,0.236290,0.221890,0.334172,0.413519,0.393093,0.606097,0.481306,0.444134,0.290727,0.263568,0.167274,0.131103,0.118857,0.039284,0.099647,0.057337,0.058508,0.151220,0.290878,0.299425,0.205505,0.308113,0.257346,0.230918,0.390371,0.353210,0.368072,0.244250,0.515743,0.520303,0.127595,0.143745,0.405063,0.500113,0.304589,0.218527,0.430239,0.439447,0.497512,0.180095,0.368159,0.458061
0.572248,0.517577,1.074209,0.945627,0.348280,0.471233,0.633584,0.531593,0.244458,0.457339,0.742477,0.369865,0.617382,0.479141,0.526997,0.428646,0.462208,0.247613,0.538157,0.493191,0.281340,0.358465,0.000000,1.547694,1.074136,0.754042,0.393565,0.316602,0.128218,0.314723,0.765680,0.705061,0.434742,0.476781,0.779531,0.625244,0.338983,0.180093,0.202524,0.340317,0.223003,0.225930,0.412966,0.316457,0.244289,0.277723,0.414264,0.547776,0.339424,0.348716,0.531240,0.488640,0.454741,0.620371,0.539194,0.597973,0.477689,0.390085,0.423698,0.252573,0.346276,0.275623,0.266008,0.186128,0.628755,0.475660,0.544007,0.448697,0.188592,0.452828,0.306967,0.355392,0.273024,0.288816,0.328529,0.308901,0.334835,0.296551,0.362962,0.221301,0.598639,0.633972,0.591261,0.370984,0.882423,0.700750,0.696922,0.489122,0.657742,0.730670
0.601211,0.599254,1.034523,1.220555,0.465585,0.586054,0.606039,0.626453,0.354667,0.597731,0.548837,0.432617,0.375722,0.548144,0.502100,0.550920,0.537367,0.294020,0.478804,0.536549,0.307897,0.549321,1.547694,0.000000,0.914551,0.834500,0.502369,0.407140,0.099183,0.287853,0.785330,0.740659,0.478748,0.577697,0.750247,0.749130,0.392092,0.186491,0.314378,0.409197,0.313710,0.210399,0.576189,0.485312,0.334167,0.375382,0.611998,0.697713,0.451542,0.445612,0.724545,0.675327,0.640010,0.853910,0.724921,0.735204,0.553680,0.445787,0.489229,0.329115,0.360686,0.306552,0.264869,0.207433,0.455683,0.541921,0.669214,0.621184,0.255157,0.478725,0.403124,0.430829,0.238045,0.318422,0.306153,0.286767,0.525118,0.497752,0.388846,0.223462,0.608628,0.709972,0.595447,0.380433,0.803614,0.803961,0.696239,0.457053,0.745928,0.834458
0.600024,0.331406,0.867834,0.702783,0.433735,0.543619,0.606053,0.500559,0.282194,0.489390,0.752960,0.400600,0.679059,0.460958,0.631369,0.408210,0.569424,0.292959,0.492408,0.401936,0.338660,0.226974,1.074136,0.914551,0.000000,1.265300,0.298510,0.410178,0.242978,0.382963,0.635817,0.580443,0.417035,0.455051,0.805638,0.675929,0.553588,0.405102,0.123381,0.339516,0.285061,0.330056,0.371907,0.287430,0.195229,0.241354,0.359684,0.520994,0.356206,0.377834,0.532380,0.437694,0.341977,0.465650,0.483110,0.527314,0.527367,0.356762,0.527109,0.349866,0.477539,0.389776,0.325710,0.255411,0.693647,0.601540,0.529419,0.413453,0.138546,0.366386,0.186654,0.117765,0.279522,0.310126,0.289904,0.231392,0.260927,0.171901,0.389211,0.232528,0.436613,0.485846,0.561906,0.355429,0.748271,0.602823,0.639718,0.443326,0.560875,0.608910
0.449471,0.337399,0.713780,0.730440,0.444356,0.626877,0.554990,0.497895,0.329646,0.579670,0.447262,0.444410,0.430885,0.530327,0.625226,0.503611,0.587194,0.443685,0.360337,0.359274,0.366852,0.247660,0.754042,0.834500,1.265300,0.000000,0.300719,0.458580,0.278486,0.418679,0.655663,0.577102,0.393660,0.513370,0.751696,0.816305,0.669334,0.416156,0.142159,0.362110,0.319760,0.323536,0.500645,0.442326,0.312549,0.382912,0.551226,0.633384,0.452759,0.481901,0.686107,0.584314,0.445106,0.482177,0.608163,0.572136,0.434130,0.365488,0.456901,0.361487,0.422350,0.428947,0.338398,0.331511,0.516023,0.708953,0.566207,0.523554,0.163162,0.314703,0.179595,0.121161,0.249804,0.353400,0.219038,0.254423,0.413764,0.312591,0.413247,0.363049,0.367222,0.521054,0.510340,0.321470,0.500292,0.571124,0.468946,0.368232,0.469912,0.521141
0.144501,0.159933,0.298192,0.374333,0.967589,0.805401,0.127946,0.165637,0.516144,0.951251,0.282078,0.204980,0.181241,0.352870,0.312129,0.580220,0.082260,-0.021290,0.022521,0.096520,0.538124,0.846962,0.393565,0.502369,0.298510,0.300719,0.000000,1.107945,0.103753,0.060487,0.123644,0.177729,0.026464,0.096888,0.286291,0.261118,0.323682,0.310316,0.491429,0.471226,0.230981,0.094978,0.060757,0.015469,-0.067903,-0.045712,0.151907,0.135034,0.038472,0.073828,0.296714,0.332576,0.305266,0.401976,0.368146,0.317887,0.139416,0.086585,0.192642,0.109609,0.201117,0.042458,0.158112,0.068795,0.239228,0.196367,0.214984,0.178576,0.043719,0.114270,0.155359,0.126369,0.113236,0.071188,0.242334,0.159673,0.302139,0.271767,0.027936,-0.059151,0.217035,0.247105,0.325989,0.046999,0.393241,0.341028,0.448711,0.150553,0.350575,0.322218
0.094981,0.074051,0.271465,0.333739,1.117298,0.839838,0.173530,0.186660,0.497677,0.925545,0.252328,0.256977,0.211396,0.410413,0.371814,0.502343,0.078136,0.040728,-0.058435,-0.009299,0.631166,0.686940,0.316602,0.407140,0.410178,0.458580,1.107945,0.000000,0.173910,0.093595,0.167888,0.217875,0.102816,0.190511,0.309421,0.259619,0.468545,0.377794,0.379856,0.403742,0.262641,0.116050,0.080916,0.036952,0.017654,0.053998,0.163947,0.146434,0.098587,0.142224,0.293438,0.303550,0.258634,0.321089,0.367804,0.306507,0.125234,0.072346,0.252163,0.154885,0.287448,0.116681,0.202496,0.143350,0.254395,0.263473,0.226851,0.187508,0.003071,0.092294,0.051892,0.005089,0.117081,0.095103,0.158065,0.084780,0.244588,0.160996,-0.026239,-0.021672,0.078695,0.215080,0.272331,-0.001640,0.258079,0.305728,0.428186,0.090746,0.296321,0.255624
0.209144,0.100118,0.164513,0.050422,0.211037,0.146501,0.330002,0.130910,0.407845,0.149991,0.488414,0.382174,0.398449,0.294039,0.473417,0.325030,0.560592,0.426528,0.159917,0.216683,0.519098,0.199400,0.128218,0.099183,0.242978,0.278486,0.103753,0.173910,0.000000,1.119881,0.380492,0.375918,0.361813,0.332417,0.144963,0.160307,0.500971,0.406259,0.185415,0.296977,0.396503,0.443625,0.288987,0.268925,0.222316,0.264007,0.245151,0.284883,0.266604,0.250181,0.284144,0.317583,0.091414,0.210578,0.276106,0.282887,0.190564,0.100788,0.225278,0.150528,0.353443,0.231108,0.501868,0.348962,0.359191,0.236432,0.244090,0.177356,0.128260,0.103457,0.039867,0.026932,0.450494,0.509460,0.238970,0.357941,0.170621,0.085319,0.429471,0.461145,0.359773,0.429648,0.437082,0.390362,0.202858,0.267447,0.272414,0.181743,0.107027,0.223329
0.449051,0.373164,0.323080,0.229214,0.155153,0.111950,0.422196,0.291421,0.257642,0.067572,0.519307,0.522508,0.353401,0.353859,0.582467,0.397040,0.829159,0.669939,0.483263,0.510356,0.526370,0.212778,0.314723,0.287853,0.382963,0.418679,0.060487,0.093595,1.119881,0.000000,0.591840,0.604635,0.559425,0.539317,0.339671,0.360114,0.443126,0.401110,0.107872,0.298121,0.448730,0.496251,0.525319,0.483268,0.359830,0.419371,0.462988,0.542748,0.376381,0.372663,0.426075,0.438855,0.236206,0.326199,0.414621,0.450932,0.423959,0.318298,0.346128,0.256672,0.388105,0.319631,0.534446,0.398567,0.365233,0.313233,0.419450,0.349527,0.292678,0.326940,0.015379,-0.002158,0.470748,0.607039,0.279661,0.389974,0.280480,0.126954,0.717823,0.734271,0.638160,0.861873,0.601742,0.616291,0.323578,0.494286,0.378120,0.372941,0.268548,0.438933
0.635217,0.615464,0.850112,0.684407,0.159163,0.167119,0.715039,0.565041,0.241106,0.192770,0.414250,0.449453,0.357155,0.479839,0.767812,0.539803,0.508724,0.537959,0.544630,0.652974,0.461769,0.335861,0.765680,0.785330,0.635817,0.655663,0.123644,0.167888,0.380492,0.591840,0.000000,1.283966,0.872319,0.958361,0.801407,0.751622,0.273643,0.147701,0.041810,0.206127,0.326029,0.228532,0.669443,0.623786,0.693086,0.721592,0.608752,0.796993,0.639722,0.541385,0.471125,0.459264,0.221423,0.376139,0.370744,0.517974,0.603840,0.569429,0.490385,0.343192,0.382424,0.387223,0.237297,0.273084,0.472873,0.592382,0.778753,0.741636,0.502271,0.687051,0.444402,0.433536,0.425843,0.537622,0.296752,0.409473,0.492041,0.447859,0.399575,0.471256,0.431789,0.602529,0.499846,0.431309,0.405198,0.537442,0.358153,0.406367,0.352124,0.574951
0.573232,0.742616,0.742592,0.726993,0.191650,0.094227,0.662198,0.805729,0.416768,0.183775,0.530901,0.801875,0.418387,0.760848,0.775547,0.586341,0.504487,0.564246,0.485698,0.631492,0.449673,0.368700,0.705061,0.740659,0.580443,0.577102,0.177729,0.217875,0.375918,0.604635,1.283966,0.000000,0.845871,1.126247,0.787252,0.802625,0.274327,0.132022,-0.016532,0.123114,0.250084,0.112836,0.662565,0.605518,0.619657,0.691996,0.642775,0.842708,0.745440,0.654717,0.620664,0.564669,0.326091,0.406235,0.475111,0.599911,0.620523,0.726658,0.512622,0.505289,0.455555,0.585835,0.374370,0.460660,0.495263,0.705997,0.753704,0.786152,0.438651,0.677497,0.340362,0.324845,0.350641,0.533400,0.258001,0.327156,0.409184,0.366530,0.267198,0.337649,0.336695,0.579992,0.430766,0.303246,0.446929,0.529387,0.351949,0.261680,0.437613,0.512756
0.789514,0.756499,0.752573,0.570595,0.205670,0.036353,0.725590,0.662961,0.349242,0.022031,0.496210,0.641936,0.352127,0.420865,0.631179,0.373558,0.663633,0.727698,0.592498,0.879592,0.282819,0.244668,0.434742,0.478748,0.417035,0.393660,0.026464,0.102816,0.361813,0.559425,0.872319,0.845871,0.000000,1.525858,0.732503,0.741692,0.219202,0.101728,0.002310,0.146300,0.356234,0.190992,0.880916,0.827778,0.949840,0.996673,0.730475,0.940661,0.957550,0.751174,0.407274,0.380073,0.195049,0.327494,0.382577,0.509809,0.810039,0.871409,0.820762,0.722155,0.655191,0.615063,0.537537,0.551580,0.503151,0.631595,1.313981,1.107484,1.056192,1.098041,0.087862,0.092675,0.556273,0.687906,0.304063,0.395313,0.480654,0.353870,0.297694,0.521411,0.222446,0.512453,0.387941,0.415700,0.264452,0.336161,0.252291,0.218929,0.444865,0.541954
0.644958,0.830569,0.801229,0.800152,0.302061,0.128341,0.821548,0.987671,0.465780,0.154083,0.431720,0.892899,0.274163,0.586775,0.710270,0.508408,0.567969,0.767438,0.477485,0.789268,0.334080,0.304773,0.476781,0.577697,0.455051,0.513370,0.096888,0.190511,0.332417,0.539317,0.958361,1.126247,1.525858,0.000000,0.808838,0.949027,0.238640,0.108465,0.008218,0.156707,0.343162,0.121574,0.987246,0.934537,0.997071,1.136872,0.865055,1.150741,1.226148,1.020379,0.635612,0.591051,0.304993,0.398845,0.496148,0.656339,0.731142,1.026860,0.842606,0.884953,0.710798,0.872685,0.528920,0.712912,0.495769,0.900535,1.333852,1.364402,0.768910,0.995954,0.138070,0.131517,0.400537,0.650304,0.224222,0.286347,0.520391,0.426446,0.178369,0.416956,0.136305,0.484349,0.374902,0.361064,0.256215,0.410464,0.243744,0.175211,0.498374,0.602043
0.537741,0.450487,0.938298,0.781961,0.341361,0.326712,0.713181,0.713858,0.336468,0.396048,0.599890,0.463937,0.529724,0.472834,0.780792,0.454642,0.353860,0.373922,0.546018,0.593154,0.271633,0.279295,0.779531,0.750247,0.805638,0.751696,0.286291,0.309421,0.144963,0.339671,0.801407,0.787252,0.732503,0.808838,0.000000,1.231220,0.315935,0.225095,0.132711,0.247438,0.191424,0.091200,0.520584,0.484682,0.486974,0.538231,0.500540,0.700526,0.537899,0.524850,0.436996,0.393970,0.195442,0.311083,0.357481,0.536661,0.461321,0.507171,0.602274,0.525411,0.543998,0.552592,0.306912,0.409957,0.890738,0.899972,0.880372,0.842285,0.395847,0.638308,0.108770,0.108879,0.298180,0.409738,0.332603,0.343391,0.318375,0.303626,0.255276,0.362355,0.259687,0.417396,0.420849,0.271416,0.489937,0.451210,0.395337,0.253257,0.507722,0.526074
0.591239,0.578243,0.836983,0.882246,0.332698,0.313260,0.758854,0.971207,0.413377,0.386285,0.482951,0.696066,0.368690,0.591444,0.739282,0.592274,0.471128,0.554845,0.408330,0.542755,0.260493,0.261690,0.625244,0.749130,0.675929,0.816305,0.261118,0.259619,0.160307,0.360114,0.751622,0.802625,0.741692,0.949027,1.231220,0.000000,0.381612,0.186734,0.079537,0.193974,0.252171,0.077934,0.740107,0.725180,0.606843,0.714364,0.775125,0.942069,0.822231,0.813765,0.709944,0.655794,0.380136,0.462546,0.520200,0.660323,0.588606,0.709302,0.741658,0.756773,0.672305,0.815653,0.429285,0.570825,0.679150,1.162717,1.038224,1.109271,0.418587,0.690528,0.150226,0.122249,0.231378,0.406566,0.221888,0.250955,0.461120,0.433365,0.252809,0.369543,0.180437,0.440669,0.401149,0.316455,0.405887,0.496662,0.303396,0.224217,0.539466,0.639056
0.164109,0.033062,0.184897,0.183414,0.442903,0.435551,0.179238,0.103808,0.271249,0.414677,0.446657,0.252695,0.376189,0.310823,0.271720,0.284991,0.420559,0.227165,0.050804,0.088525,0.481409,0.290082,0.338983,0.392092,0.553588,0.669334,0.323682,0.468545,0.500971,0.443126,0.273643,0.274327,0.219202,0.238640,0.315935,0.381612,0.000000,1.010482,0.595634,0.585978,0.654929,0.558149,0.228183,0.220040,0.085414,0.113322,0.301386,0.301198,0.153639,0.105021,0.391988,0.369085,0.190209,0.269714,0.440514,0.392302,0.104290,-0.049732,0.147031,0.016694,0.275088,0.108592,0.311038,0.181385,0.361489,0.339478,0.221183,0.158394,-0.037048,0.004693,0.043283,0.007377,0.247828,0.279784,0.133570,0.181975,0.374404,0.264551,0.319095,0.282437,0.298948,0.407843,0.639809,0.331994,0.404182,0.444847,0.615960,0.326442,0.244832,0.246239
0.069095,-0.122820,0.039136,0.009023,0.379736,0.300089,0.019022,-0.057876,0.067300,0.221530,0.324320,0.126327,0.185783,0.113093,0.114534,0.162497,0.311163,0.104212,0.020499,0.029580,0.416502,0.258558,0.180093,0.186491,0.405102,0.416156,0.310316,0.377794,0.406259,0.401110,0.147701,0.132022,0.101728,0.108465,0.225095,0.186734,1.010482,0.000000,0.652692,0.832647,0.734881,0.672075,0.132959,0.113334,-0.052894,-0.031108,0.176970,0.180774,0.013439,-0.005299,0.268195,0.262871,0.128303,0.173865,0.356357,0.362022,0.024983,-0.177345,0.058559,-0.094982,0.176716,-0.024980,0.236631,0.090581,0.229351,0.176380,0.056347,0.008559,-0.108180,-0.133199,0.010158,-0.026754,0.179394,0.194607,0.036719,0.064519,0.234254,0.165927,0.234538,0.266398,0.245786,0.332862,0.612615,0.437656,0.308657,0.379616,0.618635,0.390934,0.194092,0.186959
0.056384,-0.022407,0.057488,0.055012,0.459464,0.376954,-0.082555,-0.144537,0.107834,0.374176,0.187801,-0.056678,0.007304,0.059735,-0.067555,0.198439,0.152028,-0.043480,0.002055,0.038551,0.343123,0.534071,0.202524,0.314378,0.123381,0.142159,0.491429,0.379856,0.185415,0.107872,0.041810,-0.016532,0.002310,0.008218,0.132711,0.079537,0.595634,0.652692,0.000000,1.067385,0.732090,0.466144,0.132223,0.088511,-0.048285,-0.085556,0.136272,0.085386,-0.107998,-0.171782,0.120167,0.151619,0.128469,0.242456,0.268855,0.264207,-0.030714,-0.195293,-0.052659,-0.207536,-0.023088,-0.226720,0.013822,-0.093144,0.075860,-0.008121,0.068518,0.026953,-0.008344,-0.063817,0.042254,0.070158,0.076838,0.068585,0.099901,-0.005598,0.230645,0.274668,0.176526,0.162136,0.303567,0.288265,0.472061,0.297683,0.327621,0.305986,0.589197,0.261155,0.273588,0.163458
0.120255,0.074968,0.187006,0.189181,0.556598,0.519170,0.051825,-0.046375,0.101781,0.379785,0.229579,0.044387,0.037612,0.080068,0.067954,0.216456,0.316154,0.075560,0.121566,0.175412,0.386503,0.497017,0.340317,0.409197,0.339516,0.362110,0.471226,0.403742,0.296977,0.298121,0.206127,0.123114,0.146300,0.156707,0.247438,0.193974,0.585978,0.832647,1.067385,0.000000,0.776689,0.696425,0.259079,0.187011,0.071384,0.056942,0.266473,0.280847,0.083554,0.032124,0.342399,0.338983,0.285977,0.356981,0.509993,0.552218,0.090416,-0.037660,0.078963,-0.066642,0.082909,-0.112308,0.128551,-0.008384,0.168132,0.075264,0.201212,0.153433,0.087918,0.023339,0.090285,0.090791,0.236259,0.247215,0.194050,0.149224,0.308158,0.290250,0.294493,0.217190,0.402496,0.407116,0.598493,0.405180,0.397661,0.426718,0.703007,0.419326,0.389048,0.382203
0.294806,0.170487,0.139350,0.094834,0.363374,0.209190,0.098169,0.065076,0.125120,0.137184,0.303494,0.184344,0.128383,0.226837,0.180781,0.274670,0.480627,0.307136,0.159439,0.246643,0.542835,0.497039,0.223003,0.313710,0.285061,0.319760,0.230981,0.262641,0.396503,0.448730,0.326029,0.250084,0.356234,0.343162,0.191424,0.252171,0.654929,0.734881,0.732090,0.776689,0.000000,0.931092,0.449272,0.373956,0.291509,0.272047,0.363785,0.384343,0.273482,0.187032,0.288975,0.315718,0.212291,0.381992,0.390470,0.416277,0.274906,0.115877,0.189456,0.045177,0.158447,0.004722,0.132028,-0.008383,0.084841,0.162246,0.270990,0.257734,0.227642,0.204385,0.056577,0.001770,0.310386,0.309662,0.129091,0.066672,0.389284,0.313058,0.375200,0.444615,0.424785,0.609180,0.700256,0.593345,0.383552,0.514612,0.583789,0.422157,0.286842,0.365988
0.230803,0.106848,0.087247,-0.015044,0.206198,0.150805,0.047761,-0.110435,-0.015600,0.028147,0.254400,0.034039,0.159455,0.047713,0.150606,0.156298,0.489602,0.267933,0.226378,0.196935,0.454524,0.198772,0.225930,0.210399,0.330056,0.323536,0.094978,0.116050,0.443625,0.496251,0.228532,0.112836,0.190992,0.121574,0.091200,0.077934,0.558149,0.672075,0.466144,0.696425,0.931092,0.000000,0.224381,0.160855,0.075626,0.060508,0.134451,0.162496,0.037059,0.006927,0.126545,0.148311,0.101146,0.200728,0.246062,0.234778,0.169938,0.015786,0.064295,-0.082836,0.056673,-0.110336,0.080264,-0.098901,0.091179,0.019498,0.095212,0.033782,0.142064,0.069658,0.078433,0.022757,0.317626,0.317580,0.145568,0.191609,0.296900,0.188235,0.522224,0.474728,0.467213,0.518580,0.788559,0.605047,0.333920,0.353536,0.529579,0.439886,0.211909,0.261388
0.671388,0.814625,0.575628,0.607672,0.216747,0.198281,0.491431,0.593503,0.304523,0.140394,0.324767,0.644233,0.107357,0.362415,0.430207,0.344370,0.780108,0.874031,0.375983,0.676503,0.224571,0.298154,0.412966,0.576189,0.371907,0.500645,0.060757,0.080916,0.288987,0.525319,0.669443,0.662565,0.880916,0.987246,0.520584,0.740107,0.228183,0.132959,0.132223,0.259079,0.449272,0.224381,0.000000,2.125992,1.171836,1.287819,1.678965,1.589912,1.215448,0.948964,0.733497,0.682651,0.535146,0.658611,0.713081,0.769236,0.762925,0.823140,0.641973,0.579710,0.442925,0.525938,0.396176,0.455789,0.232984,0.555050,0.980476,0.986974,0.609658,0.734769,0.054250,0.041449,0.215739,0.424482,0.103966,0.180979,0.533891,0.411959,0.428333,0.602003,0.290300,0.587186,0.432420,0.440290,0.261327,0.442076,0.306864,0.252085,0.516313,0.640530
0.602648,0.731830,0.473666,0.540019,0.164264,0.143755,0.433471,0.552602,0.260487,0.101166,0.261708,0.627659,0.051890,0.325953,0.394432,0.316393,0.715770,0.864696,0.311531,0.577459,0.156596,0.238233,0.316457,0.485312,0.287430,0.442326,0.015469,0.036952,0.268925,0.483268,0.623786,0.605518,0.827778,0.934537,0.484682,0.725180,0.220040,0.113334,0.088511,0.187011,0.373956,0.160855,2.125992,0.000000,1.125273,1.293841,1.630419,1.471243,1.170974,0.930923,0.680289,0.652979,0.469123,0.556630,0.634973,0.691356,0.671755,0.731290,0.619702,0.550934,0.421820,0.534649,0.399265,0.512130,0.169601,0.537527,0.913368,0.919370,0.555367,0.648104,0.098673,0.088436,0.157785,0.398097,0.076330,0.189648,0.554951,0.458890,0.372870,0.574686,0.213851,0.490313,0.366726,0.383229,0.148196,0.342230,0.207755,0.177576,0.415987,0.534280
0.461808,0.724078,0.454348,0.425383,0.102515,0.031191,0.470462,0.502894,0.260605,0.019093,0.162528,0.445888,0.095588,0.247813,0.437869,0.240338,0.400042,0.640402,0.270908,0.605784,0.185684,0.210148,0.244289,0.334167,0.195229,0.312549,-0.067903,0.017654,0.222316,0.359830,0.693086,0.619657,0.949840,0.997071,0.486974,0.606843,0.085414,-0.052894,-0.048285,0.071384,0.291509,0.075626,1.171836,1.125273,0.000000,2.071644,0.945570,1.004721,1.223282,0.827871,0.347636,0.344852,0.167425,0.298157,0.356081,0.445663,0.530359,0.775502,0.484573,0.530647,0.296589,0.422572,0.213951,0.346684,0.171022,0.405305,0.951482,1.027551,0.711354,0.819606,0.081627,0.054532,0.301643,0.489617,0.119569,0.255466,0.503429,0.427103,0.193867,0.437818,0.080419,0.362082,0.199112,0.220004,0.070543,0.214914,0.105710,0.070001,0.271070,0.407942
0.496200,0.760051,0.500813,0.520614,0.137276,0.049192,0.532111,0.635027,0.317302,0.036951,0.207083,0.596557,0.109243,0.342387,0.505164,0.302588,0.466449,0.759615,0.266495,0.626614,0.194678,0.204980,0.277723,0.375382,0.241354,0.382912,-0.045712,0.053998,0.264007,0.419371,0.721592,0.691996,0.996673,1.136872,0.538231,0.714364,0.113322,-0.031108,-0.085556,0.056942,0.272047,0.060508,1.287819,1.293841,2.071644,0.000000,1.067289,1.144957,1.462711,1.053170,0.470038,0.472875,0.274184,0.361422,0.435190,0.511305,0.591663,0.872688,0.592705,0.662993,0.393804,0.576806,0.336506,0.494018,0.206859,0.523119,0.992685,1.126994,0.680541,0.829299,0.092958,0.066232,0.284318,0.497472,0.104369,0.233530,0.505863,0.423260,0.213741,0.489007,0.065986,0.383627,0.234580,0.263235,0.068874,0.237663,0.108493,0.072143,0.322791,0.459834
0.524155,0.718870,0.511425,0.642616,0.263400,0.268093,0.430470,0.567989,0.267788,0.217448,0.258061,0.599966,0.047083,0.338897,0.350238,0.329727,0.691576,0.712007,0.316499,0.601637,0.201021,0.343015,0.414264,0.611998,0.359684,0.551226,0.151907,0.163947,0.245151,0.462988,0.608752,0.642775,0.730475,0.865055,0.500540,0.775125,0.301386,0.176970,0.136272,0.266473,0.363785,0.134451,1.678965,1.630419,0.945570,1.067289,0.000000,1.560898,1.061301,0.866858,0.843188,0.781600,0.637968,0.688746,0.897278,0.872913,0.588178,0.659189,0.555975,0.510419,0.379058,0.471405,0.408851,0.460218,0.202089,0.545000,0.872229,0.871923,0.521481,0.603662,0.097044,0.088238,0.244227,0.404218,0.160003,0.221681,0.667013,0.522504,0.331368,0.469669,0.274044,0.539868,0.360662,0.304320,0.256579,0.430083,0.309980,0.229905,0.524060,0.623213
0.669727,0.790218,0.721717,0.761377,0.276488,0.266895,0.607988,0.736927,0.291237,0.219721,0.398122,0.778854,0.176752,0.427398,0.505572,0.391882,0.789360,0.822569,0.440257,0.760011,0.220665,0.333898,0.547776,0.697713,0.520994,0.633384,0.135034,0.146434,0.284883,0.542748,0.796993,0.842708,0.940661,1.150741,0.700526,0.942069,0.301198,0.180774,0.085386,0.280847,0.384343,0.162496,1.589912,1.471243,1.004721,1.144957,1.560898,0.000000,1.249523,1.036760,0.894683,0.853407,0.558041,0.668584,0.852472,1.077391,0.768780,0.850440,0.715133,0.663065,0.545956,0.635323,0.461625,0.547675,0.389561,0.719601,1.117959,1.116197,0.568000,0.759966,0.058232,0.053449,0.293209,0.506752,0.188654,0.282076,0.552372,0.430244,0.318486,0.468706,0.297726,0.585480,0.415211,0.410345,0.340739,0.548375,0.357159,0.319445,0.564582,0.810278
0.544409,0.731460,0.581306,0.670107,0.258026,0.145151,0.632589,0.900910,0.491488,0.126583,0.340462,0.837985,0.186610,0.477854,0.540724,0.385120,0.511739,0.757928,0.242520,0.599401,0.186932,0.236290,0.339424,0.451542,0.356206,0.452759,0.038472,0.098587,0.266604,0.376381,0.639722,0.745440,0.957550,1.226148,0.537899,0.822231,0.153639,0.013439,-0.107998,0.083554,0.273482,0.037059,1.215448,1.170974,1.223282,1.462711,1.061301,1.249523,0.000000,1.611805,0.725519,0.720848,0.435439,0.508688,0.565723,0.671549,0.719090,1.033667,0.855809,0.972580,0.614584,0.852075,0.465949,0.636668,0.290952,0.726379,1.073692,1.275678,0.569010,0.809369,0.101989,0.065900,0.283652,0.476152,0.093481,0.179002,0.489854,0.419645,0.142309,0.355883,0.012481,0.333756,0.246410,0.275246,0.162514,0.289916,0.160079,0.059996,0.455582,0.593940
