0.000000,1.566782,1.081291,1.065946,0.348308,0.476430,1.431249,1.299224,0.331963,0.479945,1.291188,1.067781,1.379830,1.100646,0.784498,0.913838,1.034434,0.986955,1.269012,1.298398,0.283449,0.287604,0.695605,0.694824,0.327929,0.306597,0.164733,0.448838,0.435382,0.861681,0.888135,0.815778,1.150902,1.067181,0.553840,0.659601,0.577379,0.579099,0.323807,0.470990,0.514202,0.806492,0.954597,0.979654,0.484129,0.952581,1.112823,1.062750,1.016446,1.065842,1.075938,1.185200,1.099208,1.018740,1.106111,0.940427,1.165474,1.228741,1.097953,1.038911,1.257410,0.889888,1.043955,1.313311,0.768583,0.890723,0.858503,0.921505,0.912264,0.487398,0.457538,0.080318,0.773592,0.645354,0.746740,0.711328,0.750263,0.613502,0.290169,0.775094,1.274830,1.321740,0.569316,0.713662,1.192700,1.330827,0.403950,0.471913,1.149721,1.183671
1.566782,0.000000,0.965631,1.160207,0.387975,0.530449,1.347443,1.449277,0.366246,0.534229,1.107074,1.205809,1.242324,1.217075,0.814400,0.989646,0.928968,1.005406,1.234623,1.433784,0.258883,0.320101,0.700181,0.740945,0.395624,0.404395,0.193147,0.581482,0.282954,0.791096,0.826690,0.736498,1.185577,1.085413,0.534108,0.687506,0.625980,0.623815,0.251652,0.403155,0.528769,0.861523,1.009325,1.098002,0.467418,0.994191,1.157522,1.110969,1.184389,1.262339,1.127750,1.336315,1.311985,1.169645,1.113215,0.971039,1.090465,1.335726,1.037625,1.043450,1.089548,0.863880,0.899066,1.288474,0.700639,0.897273,0.912845,1.007877,0.972510,0.598647,0.443638,0.047847,0.805899,0.740573,0.742499,0.761161,0.739688,0.605502,0.185897,0.725403,1.121019,1.280884,0.551095,0.695855,1.172672,1.432602,0.416868,0.445851,1.049273,1.281355
1.081291,0.965631,0.000000,1.493037,0.498662,0.636768,1.426267,1.245049,0.508074,0.647188,0.985862,0.744486,1.092245,0.789064,0.944467,0.890211,0.681790,0.577250,1.149275,1.066686,0.277037,0.316199,1.243536,1.168882,0.466575,0.468904,0.252954,0.557384,0.375911,0.542320,0.979725,0.684651,0.841744,0.848740,0.446431,0.486744,0.496995,0.517577,0.274613,0.393430,0.430272,0.575119,0.678478,0.611437,0.381127,0.717020,0.672814,0.746841,0.833924,0.842555,0.858915,0.904662,0.891671,0.917395,0.762527,0.622246,0.742984,0.769941,0.866538,0.837575,0.900689,0.659037,0.778056,0.861461,0.673578,0.819682,0.778506,0.784435,0.737119,0.512581,0.589574,0.133441,0.565463,0.422393,0.552010,0.504033,0.661648,0.586537,0.263706,0.567196,0.955299,0.918170,0.542995,0.676613,0.875655,1.173979,0.500882,0.478107,1.019079,1.076003
1.065946,1.160207,1.493037,0.000000,0.460346,0.792218,1.399971,1.387039,0.446562,0.793881,0.933711,0.797721,1.069580,0.857461,0.927142,1.051286,0.668547,0.634156,1.230066,1.275332,0.273009,0.342809,1.181308,1.386968,0.517699,0.558721,0.258145,0.673145,0.292099,0.531746,0.932332,0.650406,0.854612,0.852357,0.448180,0.561797,0.631612,0.627857,0.287611,0.435687,0.480986,0.644390,0.702493,0.687309,0.421535,0.800067,0.719839,0.771940,1.001353,1.044449,0.945576,0.986802,1.092744,0.951691,0.866793,0.717552,0.820209,0.901055,1.059304,1.043485,0.978631,0.755407,0.779944,0.914538,0.735011,0.963353,0.992229,1.019167,0.890666,0.681698,0.622716,0.169055,0.642014,0.462596,0.600216,0.524855,0.731535,0.623177,0.205843,0.526000,0.990206,0.976227,0.591296,0.768381,0.950441,1.309635,0.541797,0.566346,1.082908,1.330327
0.348308,0.387975,0.498662,0.460346,0.000000,0.667012,0.495359,0.406928,0.848900,0.692815,0.423800,0.305027,0.463303,0.350620,0.718641,0.537651,0.312487,0.232262,0.332448,0.314455,0.091706,0.069249,0.670128,0.541157,0.679521,0.589334,0.376824,0.405117,0.132850,0.152849,0.442052,0.099545,0.363698,0.370799,0.069355,0.119771,0.270270,0.236821,0.273073,0.291876,0.213793,0.213127,0.346186,0.256112,0.274353,0.368744,0.267632,0.366237,0.370596,0.364556,0.316159,0.400132,0.351832,0.466629,0.330155,0.262056,0.236510,0.278170,0.399334,0.420777,0.343367,0.231052,0.313785,0.375444,0.156803,0.193704,0.343066,0.327362,0.250613,0.277069,0.310364,0.106918,0.225105,0.133549,0.199113,0.239696,0.296856,0.304758,0.190362,0.361340,0.457056,0.396825,0.218884,0.345279,0.285095,0.464460,0.261104,0.253722,0.461206,0.453799
0.476430,0.530449,0.636768,0.792218,0.667012,0.000000,0.631086,0.544967,0.550165,1.272733,0.569921,0.422848,0.578124,0.493224,0.764649,0.800121,0.336452,0.320466,0.440345,0.470327,0.170094,0.084344,0.855343,0.886503,0.646534,0.928180,0.368504,0.627596,0.138862,0.232830,0.560313,0.207113,0.432532,0.469144,0.159184,0.284464,0.345758,0.364376,0.299421,0.373713,0.299739,0.283090,0.462474,0.391604,0.401871,0.554124,0.354346,0.467198,0.608229,0.623442,0.529286,0.613759,0.573351,0.655271,0.449118,0.454013,0.371742,0.420811,0.597735,0.629673,0.508460,0.404793,0.436011,0.480427,0.298751,0.425485,0.508790,0.528216,0.401119,0.372805,0.497543,0.185763,0.331484,0.258176,0.346343,0.363347,0.363814,0.351744,0.215939,0.359042,0.573131,0.514571,0.328980,0.533163,0.433200,0.649525,0.393836,0.441781,0.557306,0.664174
1.431249,1.347443,1.426267,1.399971,0.495359,0.631086,0.000000,1.650677,0.474891,0.628397,1.142171,0.929948,1.615212,1.046351,0.949028,1.033489,0.893425,0.799483,1.261784,1.291983,0.283245,0.298792,0.912295,0.899885,0.400738,0.403207,0.195104,0.506883,0.332519,0.664220,0.905676,0.718109,1.037673,0.984136,0.520675,0.630328,0.544375,0.553170,0.303223,0.444915,0.480093,0.735029,0.834624,0.859126,0.402135,0.847739,0.906361,0.933261,1.012721,1.090212,1.060628,1.213472,1.104130,1.177021,1.045149,0.845130,1.015333,1.104162,1.122026,1.063971,1.185639,0.806107,0.926831,1.115669,0.777220,0.923851,0.952803,0.952211,0.930838,0.568736,0.504207,0.102070,0.763880,0.563546,0.692539,0.644236,0.755308,0.595836,0.188749,0.646594,1.114120,1.112251,0.577616,0.702558,1.044626,1.365128,0.468314,0.481694,1.201717,1.236602
1.299224,1.449277,1.245049,1.387039,0.406928,0.544967,1.650677,0.000000,0.405849,0.538507,1.040209,1.149021,1.316846,1.277882,0.866562,1.072619,0.816998,0.871307,1.151442,1.283402,0.272895,0.320469,0.835228,0.825128,0.400228,0.418840,0.181880,0.575096,0.308920,0.751550,0.930245,0.834715,1.088040,1.082530,0.676354,0.776282,0.549914,0.517504,0.246574,0.368585,0.496312,0.815932,0.868935,0.921712,0.375351,0.817513,0.913513,0.862992,1.026481,1.124525,1.225247,1.318782,1.145154,1.188525,1.034836,0.902865,1.034221,1.111495,0.998249,0.925870,1.167381,0.936714,0.933617,1.168684,0.907353,1.101467,0.822987,0.854770,0.818605,0.471576,0.402167,0.054012,0.759979,0.613460,0.689298,0.656639,0.688654,0.534392,0.168642,0.635051,1.038082,1.149431,0.548547,0.682430,1.244929,1.425090,0.444644,0.474414,1.066221,1.144795
0.331963,0.366246,0.508074,0.446562,0.848900,0.550165,0.474891,0.405849,0.000000,0.608723,0.426980,0.273375,0.471925,0.357688,0.783948,0.550854,0.297560,0.234733,0.293995,0.320558,0.094544,0.043480,0.627771,0.514763,0.491149,0.432448,0.279253,0.344804,0.137151,0.134740,0.396664,0.132819,0.358368,0.341916,0.132344,0.185724,0.218319,0.220538,0.291813,0.280219,0.287380,0.258019,0.345895,0.281813,0.243331,0.361808,0.267842,0.338005,0.389329,0.396774,0.340104,0.409721,0.324861,0.457542,0.304228,0.281633,0.254839,0.288813,0.391072,0.433149,0.346240,0.264486,0.281521,0.325394,0.213497,0.258549,0.315728,0.327340,0.252899,0.270394,0.350365,0.088293,0.172968,0.131797,0.256688,0.289796,0.228603,0.175415,0.172306,0.196908,0.371980,0.341122,0.287351,0.382515,0.319323,0.446000,0.288764,0.318422,0.445650,0.435214
0.479945,0.534229,0.647188,0.793881,0.692815,1.272733,0.628397,0.538507,0.608723,0.000000,0.556467,0.395092,0.559493,0.434054,0.861735,0.861989,0.347857,0.292106,0.492930,0.528219,0.128911,0.063760,0.826100,0.886496,0.572133,0.689818,0.243837,0.457861,0.095019,0.186611,0.508470,0.213542,0.449395,0.480301,0.124966,0.240590,0.313538,0.336894,0.348219,0.389068,0.342705,0.284956,0.416251,0.336444,0.323633,0.529849,0.311957,0.425676,0.618491,0.593660,0.471415,0.545050,0.569952,0.607852,0.478380,0.464283,0.393820,0.435310,0.597574,0.655501,0.494330,0.362483,0.441369,0.474947,0.291844,0.412291,0.522450,0.541088,0.470628,0.471865,0.494465,0.110274,0.336205,0.246136,0.401370,0.377978,0.432206,0.388838,0.176271,0.343878,0.580231,0.489152,0.439833,0.575879,0.406188,0.628170,0.527559,0.584236,0.626342,0.749238
1.291188,1.107074,0.985862,0.933711,0.423800,0.569921,1.142171,1.040209,0.426980,0.556467,0.000000,1.040440,1.308254,1.066507,0.861289,0.985857,0.985367,0.926943,1.007445,1.019473,0.280387,0.263783,0.776739,0.646954,0.405935,0.385795,0.212872,0.417994,0.369637,0.732818,0.929045,0.791231,1.007320,1.046021,0.526454,0.665373,0.441140,0.411704,0.325852,0.433704,0.458045,0.762657,0.913706,0.922043,0.397775,0.760117,0.906126,0.907104,0.780685,0.880476,0.929031,1.088450,0.845490,0.978065,0.819997,0.838128,0.961318,0.966699,0.732122,0.773612,1.008624,0.811965,0.927417,1.104135,0.661881,0.815954,0.563642,0.630530,0.622895,0.317322,0.416191,0.054444,0.680013,0.660897,0.646946,0.719281,0.587593,0.442625,0.285347,0.708508,0.994199,1.064143,0.477049,0.637593,1.036416,1.075377,0.277701,0.371114,0.932245,0.812099
1.067781,1.205809,0.744486,0.797721,0.305027,0.422848,0.929948,1.149021,0.273375,0.395092,1.040440,0.000000,1.034758,1.511852,0.672748,0.916128,0.837914,1.023507,0.841166,0.960762,0.279145,0.255987,0.529294,0.478730,0.347139,0.382100,0.129346,0.458534,0.299642,0.920357,0.881489,0.943693,1.010245,1.115545,0.721195,0.825050,0.335736,0.265311,0.063198,0.181680,0.358516,0.745212,0.928343,1.088210,0.243727,0.716709,0.923098,0.785272,0.852046,0.936251,1.070987,1.253085,0.842840,0.983510,0.829394,0.904592,0.998216,1.018561,0.605360,0.579306,0.878735,0.852913,0.877221,1.146550,0.736943,0.891004,0.461378,0.520751,0.551410,0.207735,0.205178,-0.008658,0.723946,0.883017,0.647372,0.697963,0.481068,0.393985,0.136043,0.655913,0.773504,1.078421,0.305730,0.447932,1.138005,0.981014,0.245585,0.304672,0.709420,0.715435
1.379830,1.242324,1.092245,1.069580,0.463303,0.578124,1.615212,1.316846,0.471925,0.559493,1.308254,1.034758,0.000000,1.184214,0.949162,1.085579,0.954326,0.911735,1.058312,1.127960,0.263436,0.249912,0.738252,0.694214,0.356298,0.344558,0.133858,0.411357,0.298021,0.705823,0.830666,0.757652,1.027504,0.999178,0.531037,0.685947,0.449062,0.472143,0.289989,0.422112,0.512442,0.818505,0.889596,0.938386,0.348346,0.776549,0.943932,0.898858,0.941018,1.033007,1.052754,1.253513,0.938472,1.129944,0.983311,0.920699,1.030737,1.090564,0.983372,0.911373,1.189624,0.861243,0.945477,1.179080,0.770758,0.895720,0.722214,0.756582,0.778961,0.424342,0.374568,0.035786,0.782818,0.639098,0.730938,0.688828,0.664717,0.458099,0.186837,0.634334,0.990849,1.122444,0.517916,0.680433,1.021219,1.163606,0.357203,0.449799,1.100042,1.015072
1.100646,1.217075,0.789064,0.857461,0.350620,0.493224,1.046351,1.277882,0.357688,0.434054,1.066507,1.511852,1.184214,0.000000,0.720974,1.058085,0.854747,1.091993,0.812768,0.958158,0.249701,0.239160,0.569152,0.519830,0.378850,0.419066,0.153384,0.474167,0.303995,0.864381,0.833807,0.851127,1.010830,1.073747,0.704264,0.838776,0.374592,0.368848,0.171600,0.292713,0.441893,0.826854,0.989261,1.158647,0.319031,0.790591,1.002693,0.868503,0.941421,1.045316,1.213259,1.357887,0.930008,1.101230,0.954795,1.043583,0.974969,1.038203,0.748596,0.696005,1.002064,0.931064,0.910352,1.192523,0.754206,0.880826,0.551326,0.617947,0.579778,0.241607,0.221662,0.009024,0.729476,0.782360,0.624534,0.735334,0.500487,0.364700,0.169411,0.632184,0.854272,1.114440,0.353501,0.567722,1.117332,1.024586,0.273767,0.396636,0.788477,0.823310
0.784498,0.814400,0.944467,0.927142,0.718641,0.764649,0.949028,0.866562,0.783948,0.861735,0.861289,0.672748,0.949162,0.720974,0.000000,1.162462,0.580707,0.565800,0.740366,0.810492,0.254711,0.210774,0.910431,0.875021,0.498735,0.516411,0.194745,0.475066,0.257096,0.421989,0.800389,0.561206,0.671348,0.703994,0.407217,0.459015,0.382483,0.404247,0.392545,0.452749,0.445890,0.572449,0.617271,0.582124,0.320754,0.629010,0.581167,0.641657,0.748078,0.738822,0.718563,0.818667,0.724571,0.838353,0.725784,0.717899,0.657216,0.709111,0.707658,0.736311,0.716432,0.521166,0.585198,0.678906,0.584025,0.702602,0.592721,0.618792,0.616329,0.463766,0.492617,0.087310,0.546633,0.389307,0.635059,0.593820,0.583297,0.449450,0.202001,0.470016,0.760635,0.762431,0.682365,0.778063,0.809542,0.966640,0.689315,0.687823,1.008154,0.926444
0.913838,0.989646,0.890211,1.051286,0.537651,0.800121,1.033489,1.072619,0.550854,0.861989,0.985857,0.916128,1.085579,1.058085,1.162462,0.000000,0.767782,0.811629,0.858023,0.985271,0.277779,0.230419,0.806120,0.826513,0.438796,0.499709,0.145313,0.491891,0.226255,0.553354,0.867483,0.750921,0.825758,0.878918,0.601789,0.722519,0.402989,0.426274,0.396502,0.511734,0.497164,0.707017,0.755153,0.768238,0.383091,0.785272,0.733979,0.696549,0.947637,0.983859,1.038870,1.055871,0.909957,0.953675,0.934786,1.018342,0.880028,0.977089,0.837275,0.881820,0.941719,0.819613,0.783680,0.942710,0.785494,0.998673,0.680050,0.742234,0.683124,0.379658,0.420523,0.062135,0.749838,0.574496,0.739682,0.654949,0.663532,0.458408,0.169564,0.542316,0.875355,0.923115,0.613474,0.840623,1.009092,1.094495,0.581204,0.777392,1.005993,1.021742
1.034434,0.928968,0.681790,0.668547,0.312487,0.336452,0.893425,0.816998,0.297560,0.347857,0.985367,0.837914,0.954326,0.854747,0.580707,0.767782,0.000000,1.318925,0.917326,0.932436,0.229871,0.178935,0.490752,0.468929,0.239765,0.226821,0.169497,0.276571,0.448902,0.805254,0.865275,0.891639,1.157303,1.083105,0.507350,0.641659,0.485641,0.467708,0.489076,0.581837,0.573020,0.871704,0.842552,0.828942,0.419709,0.737666,0.941181,0.829438,0.676294,0.762604,0.826995,0.843935,0.732352,0.745074,0.855783,0.876011,1.207783,1.125286,0.722618,0.808070,0.993438,0.756726,1.111795,1.244813,0.667846,0.713237,0.612345,0.704810,0.732600,0.346204,0.283962,-0.006569,0.818261,0.688137,0.720156,0.718841,0.593308,0.390211,0.474649,0.783783,1.111818,1.171127,0.456315,0.692618,0.927242,0.951844,0.296123,0.425284,0.782845,0.728519
0.986955,1.005406,0.577250,0.634156,0.232262,0.320466,0.799483,0.871307,0.234733,0.292106,0.926943,1.023507,0.911735,1.091993,0.565800,0.811629,1.318925,0.000000,0.827202,0.926890,0.185657,0.171504,0.428806,0.384114,0.217189,0.255530,0.137352,0.341131,0.384065,0.872566,0.776799,0.899888,1.105051,1.104572,0.627572,0.770291,0.478689,0.507938,0.444094,0.570571,0.590593,1.036859,0.935015,1.006533,0.400690,0.719452,1.005026,0.900903,0.696116,0.802325,0.936195,0.931104,0.707590,0.766219,0.824532,1.024112,1.171575,1.204920,0.656969,0.720037,0.957873,0.847282,0.949896,1.241157,0.725746,0.794525,0.536076,0.627984,0.661905,0.305171,0.184480,-0.025727,0.823483,0.748219,0.707934,0.800172,0.511089,0.338204,0.479322,0.758104,1.013911,1.229717,0.460862,0.686381,1.037870,0.982596,0.301711,0.441893,0.725020,0.708185
1.269012,1.234623,1.149275,1.230066,0.332448,0.440345,1.261784,1.151442,0.293995,0.492930,1.007445,0.841166,1.058312,0.812768,0.740366,0.858023,0.917326,0.827202,0.000000,1.664003,0.263534,0.351900,0.805579,0.889101,0.322573,0.291481,0.157969,0.462902,0.343296,0.633922,0.905404,0.809427,0.982213,0.950315,0.501296,0.600203,0.596333,0.618430,0.273262,0.427321,0.436666,0.713238,0.710228,0.746537,0.371128,0.754452,0.837992,0.812949,0.835619,0.885963,0.837721,0.840838,0.941160,0.789703,0.911317,0.738104,1.017100,1.164684,0.943034,0.962774,0.984934,0.719561,0.813250,1.021997,0.756136,0.909692,0.974530,1.011795,1.120324,0.708673,0.592467,0.097606,0.773848,0.596391,0.682963,0.617338,0.809690,0.686158,0.235342,0.597546,1.067111,1.061821,0.553704,0.655977,1.033514,1.244782,0.448745,0.493403,1.073986,1.156160
1.298398,1.433784,1.066686,1.275332,0.314455,0.470327,1.291983,1.283402,0.320558,0.528219,1.019473,0.960762,1.127960,0.958158,0.810492,0.985271,0.932436,0.926890,1.664003,0.000000,0.287351,0.340453,0.723408,0.822872,0.286733,0.297370,0.107345,0.487076,0.318312,0.686798,0.873034,0.846084,1.063045,1.036869,0.555560,0.670540,0.589053,0.605877,0.255696,0.402354,0.474874,0.826400,0.729577,0.856147,0.298173,0.790195,0.889507,0.844604,0.932535,1.001699,0.924458,0.965466,1.064495,0.884812,0.984500,0.854270,1.179093,1.337644,0.979996,1.046865,1.096078,0.815742,0.904461,1.124453,0.818797,1.015516,1.007721,1.058653,1.251509,0.743688,0.499772,0.044001,0.861265,0.676363,0.784500,0.697223,0.785400,0.587027,0.185747,0.597836,1.072060,1.130104,0.565179,0.685616,1.097706,1.237665,0.445938,0.511061,1.105322,1.259528
0.283449,0.258883,0.277037,0.273009,0.091706,0.170094,0.283245,0.272895,0.094544,0.128911,0.280387,0.279145,0.263436,0.249701,0.254711,0.277779,0.229871,0.185657,0.263534,0.287351,0.000000,0.261120,0.173167,0.234366,0.054306,0.104296,0.054060,0.184990,0.340835,0.413257,0.309886,0.316853,0.228288,0.226583,0.088468,0.139277,0.099445,0.077390,0.038664,0.089278,0.069719,0.143133,0.151700,0.146037,0.103973,0.219100,0.196918,0.178781,0.170615,0.179985,0.178859,0.213268,0.228658,0.146797,0.246160,0.199673,0.246650,0.257051,0.187531,0.232087,0.194662,0.219251,0.251604,0.249043,0.173139,0.268086,0.195670,0.189970,0.241208,0.090003,0.162767,0.065306,0.262375,0.204363,0.264509,0.171826,0.320498,0.331963,-0.004899,0.225764,0.266061,0.269008,0.193639,0.200558,0.284963,0.235076,0.254088,0.190405,0.292274,0.246944
0.287604,0.320101,0.316199,0.342809,0.069249,0.084344,0.298792,0.320469,0.043480,0.063760,0.263783,0.255987,0.249912,0.239160,0.210774,0.230419,0.178935,0.171504,0.351900,0.340453,0.261120,0.000000,0.230297,0.323083,0.077196,0.087567,0.016238,0.246432,0.213160,0.297036,0.332250,0.331992,0.242935,0.231262,0.147766,0.209257,0.234107,0.201011,-0.064173,0.035885,0.072042,0.183546,0.186375,0.219837,0.146905,0.272408,0.265463,0.227040,0.257908,0.279290,0.248092,0.256444,0.321553,0.204197,0.304198,0.218291,0.219796,0.259488,0.278432,0.268506,0.210732,0.188316,0.191335,0.235523,0.212744,0.320108,0.314201,0.295476,0.311438,0.199021,0.226457,0.070985,0.266187,0.257074,0.263275,0.198236,0.363160,0.401622,-0.065224,0.204845,0.284588,0.295701,0.173655,0.184885,0.314778,0.314588,0.222617,0.143905,0.301581,0.329560
0.695605,0.700181,1.243536,1.181308,0.670128,0.855343,0.912295,0.835228,0.627771,0.826100,0.776739,0.529294,0.738252,0.569152,0.910431,0.806120,0.490752,0.428806,0.805579,0.723408,0.173167,0.230297,0.000000,1.451432,0.760753,0.736782,0.487985,0.717809,0.276016,0.316893,0.856155,0.420367,0.636265,0.635739,0.297831,0.328643,0.617637,0.611639,0.359282,0.468726,0.468005,0.466633,0.559672,0.435216,0.454003,0.549662,0.456873,0.593140,0.609928,0.617274,0.621003,0.651318,0.643222,0.741687,0.488683,0.443928,0.489629,0.544348,0.653125,0.662336,0.601700,0.467786,0.513645,0.582447,0.462793,0.566851,0.616176,0.643823,0.516419,0.539209,0.636741,0.209041,0.384994,0.238174,0.350308,0.393041,0.458094,0.461710,0.352740,0.442833,0.774576,0.714272,0.491895,0.698248,0.692284,1.003716,0.493395,0.446054,0.767139,0.824223
0.694824,0.740945,1.168882,1.386968,0.541157,0.886503,0.899885,0.825128,0.514763,0.886496,0.646954,0.478730,0.694214,0.519830,0.875021,0.826513,0.468929,0.384114,0.889101,0.822872,0.234366,0.323083,1.451432,0.000000,0.613519,0.655031,0.354964,0.712667,0.305443,0.335630,0.795167,0.430986,0.572542,0.548544,0.212769,0.303444,0.653821,0.665267,0.333824,0.465273,0.405421,0.420294,0.477308,0.381727,0.436966,0.583256,0.440981,0.554355,0.695052,0.683815,0.580408,0.605671,0.749687,0.653007,0.587396,0.465945,0.489957,0.582757,0.769917,0.780631,0.574763,0.428588,0.496923,0.567553,0.436695,0.601854,0.808983,0.825662,0.709316,0.739942,0.751788,0.240465,0.432242,0.247859,0.418175,0.361352,0.629866,0.612559,0.264480,0.404669,0.793169,0.687978,0.561083,0.749601,0.636663,0.972037,0.648115,0.586315,0.846453,1.050923
0.327929,0.395624,0.466575,0.517699,0.679521,0.646534,0.400738,0.400228,0.491149,0.572133,0.405935,0.347139,0.356298,0.378850,0.498735,0.438796,0.239765,0.217189,0.322573,0.286733,0.054306,0.077196,0.760753,0.613519,0.000000,0.880389,0.642755,0.584559,0.150613,0.203476,0.511142,0.122301,0.344923,0.340916,0.104547,0.157899,0.388690,0.321988,0.173737,0.253249,0.316985,0.253683,0.368662,0.281879,0.288960,0.345836,0.234328,0.341935,0.345738,0.349083,0.320830,0.397345,0.330456,0.440915,0.220002,0.192681,0.189001,0.254132,0.311885,0.310806,0.280912,0.237274,0.237354,0.302628,0.152841,0.206199,0.267367,0.301545,0.153841,0.234440,0.317998,0.205872,0.148040,0.157347,0.088759,0.230275,0.146148,0.224922,0.159722,0.267518,0.371155,0.398917,0.227120,0.431422,0.356961,0.488669,0.169034,0.178521,0.317177,0.394205
0.306597,0.404395,0.468904,0.558721,0.589334,0.928180,0.403207,0.418840,0.432448,0.689818,0.385795,0.382100,0.344558,0.419066,0.516411,0.499709,0.226821,0.255530,0.291481,0.297370,0.104296,0.087567,0.736782,0.655031,0.880389,0.000000,0.664453,0.815360,0.257360,0.256774,0.562975,0.180737,0.371885,0.398983,0.115501,0.202753,0.374531,0.327808,0.226748,0.255186,0.338029,0.296092,0.377468,0.313441,0.329118,0.363831,0.252835,0.358874,0.389093,0.380976,0.393436,0.445432,0.371560,0.491183,0.240448,0.253029,0.219465,0.262809,0.333047,0.332302,0.313673,0.291472,0.313198,0.338830,0.189090,0.238427,0.296396,0.320761,0.177981,0.271410,0.296114,0.153400,0.204766,0.195324,0.126193,0.260437,0.150257,0.213093,0.276750,0.353389,0.422599,0.462218,0.240320,0.434025,0.369368,0.507934,0.226541,0.221243,0.304172,0.403431
0.164733,0.193147,0.252954,0.258145,0.376824,0.368504,0.195104,0.181880,0.279253,0.243837,0.212872,0.129346,0.133858,0.153384,0.194745,0.145313,0.169497,0.137352,0.157969,0.107345,0.054060,0.016238,0.487985,0.354964,0.642755,0.664453,0.000000,0.544793,0.351479,0.194777,0.351140,0.041216,0.214841,0.173072,0.013973,0.033962,0.449485,0.341020,0.272626,0.285441,0.338890,0.180570,0.223498,0.117731,0.361151,0.217537,0.136079,0.244599,0.135774,0.137691,0.136293,0.149471,0.130466,0.171372,-0.004359,0.005690,0.060933,0.089936,0.192554,0.227591,0.158969,0.198741,0.172413,0.169297,0.044042,0.070315,0.189747,0.235216,0.041051,0.178805,0.209116,0.135958,0.004514,-0.020259,-0.117253,0.065009,-0.020636,0.071481,0.361577,0.177300,0.285257,0.244769,0.135816,0.320589,0.168130,0.278100,0.020885,-0.008576,0.086708,0.160939
0.448838,0.581482,0.557384,0.673145,0.405117,0.627596,0.506883,0.575096,0.344804,0.457861,0.417994,0.458534,0.411357,0.474167,0.475066,0.491891,0.276571,0.341131,0.462902,0.487076,0.184990,0.246432,0.717809,0.712667,0.584559,0.815360,0.544793,0.000000,0.306356,0.359621,0.572168,0.256190,0.474204,0.469862,0.163766,0.256154,0.517323,0.479970,0.144082,0.240265,0.344718,0.365966,0.424438,0.381343,0.371261,0.470491,0.377556,0.458505,0.520600,0.492820,0.463678,0.482379,0.515433,0.496325,0.341473,0.337054,0.308552,0.402870,0.499092,0.475101,0.399570,0.420754,0.327584,0.449071,0.243859,0.376882,0.511880,0.519644,0.382714,0.445603,0.374917,0.172598,0.327201,0.238173,0.207240,0.281130,0.320541,0.358957,0.237544,0.364455,0.519856,0.526088,0.288071,0.451991,0.477740,0.663909,0.339592,0.268612,0.415404,0.585836
0.435382,0.282954,0.375911,0.292099,0.132850,0.138862,0.332519,0.308920,0.137151,0.095019,0.369637,0.299642,0.298021,0.303995,0.257096,0.226255,0.448902,0.384065,0.343296,0.318312,0.340835,0.213160,0.276016,0.305443,0.150613,0.257360,0.351479,0.306356,0.000000,0.835742,0.584104,0.418574,0.343977,0.334785,0.079541,0.108373,0.303905,0.231133,0.261462,0.280967,0.242637,0.270177,0.252003,0.222250,0.238013,0.307116,0.275221,0.340960,0.205627,0.201044,0.190670,0.196925,0.211675,0.142128,0.201436,0.180731,0.296104,0.282083,0.274227,0.306391,0.300856,0.308827,0.430497,0.378714,0.197318,0.207106,0.259982,0.294270,0.286655,0.229477,0.229863,0.116791,0.222832,0.122696,0.189360,0.154781,0.227196,0.349182,0.585920,0.462164,0.510261,0.479522,0.243798,0.412965,0.305000,0.326416,0.265148,0.254491,0.248336,0.290439
0.861681,0.791096,0.542320,0.531746,0.152849,0.232830,0.664220,0.751550,0.134740,0.186611,0.732818,0.920357,0.705823,0.864381,0.421989,0.553354,0.805254,0.872566,0.633922,0.686798,0.413257,0.297036,0.316893,0.335630,0.203476,0.256774,0.194777,0.359621,0.835742,0.000000,0.833006,0.846888,0.828401,0.849500,0.435292,0.510533,0.331125,0.265581,0.181986,0.248680,0.363987,0.579168,0.677644,0.701946,0.330913,0.641360,0.752860,0.675741,0.565372,0.597955,0.631116,0.683957,0.564241,0.525961,0.614788,0.642721,0.735857,0.736637,0.490888,0.530066,0.658820,0.694857,0.809888,0.878008,0.539558,0.622729,0.397729,0.485645,0.502071,0.200987,0.145894,0.028382,0.594622,0.623034,0.507093,0.551685,0.460731,0.470105,0.338021,0.746921,0.778752,0.991726,0.324894,0.510140,0.768346,0.690428,0.287997,0.310810,0.528676,0.549924
0.888135,0.826690,0.979725,0.932332,0.442052,0.560313,0.905676,0.930245,0.396664,0.508470,0.929045,0.881489,0.830666,0.833807,0.800389,0.867483,0.865275,0.776799,0.905404,0.873034,0.309886,0.332250,0.856155,0.795167,0.511142,0.562975,0.351140,0.572168,0.584104,0.833006,0.000000,1.091365,0.890952,0.968380,0.550366,0.573064,0.414014,0.363628,0.231246,0.322453,0.433259,0.605302,0.691800,0.683856,0.330141,0.681166,0.669993,0.665466,0.651948,0.718992,0.750577,0.824874,0.679857,0.703169,0.683511,0.677944,0.838706,0.793296,0.606676,0.656233,0.762213,0.676734,0.790782,0.899672,0.654444,0.783574,0.536372,0.604847,0.600323,0.330421,0.448344,0.153377,0.663801,0.626623,0.585988,0.609398,0.513598,0.482183,0.352392,0.679823,0.912990,1.049896,0.397211,0.624424,0.966447,1.005952,0.413796,0.424067,0.754060,0.752068
0.815778,0.736498,0.684651,0.650406,0.099545,0.207113,0.718109,0.834715,0.132819,0.213542,0.791231,0.943693,0.757652,0.851127,0.561206,0.750921,0.891639,0.899888,0.809427,0.846084,0.316853,0.331992,0.420367,0.430986,0.122301,0.180737,0.041216,0.256190,0.418574,0.846888,1.091365,0.000000,0.843933,0.963335,0.697539,0.730988,0.246630,0.213077,0.145832,0.224853,0.411811,0.701891,0.626474,0.723148,0.161409,0.560289,0.697111,0.540716,0.567690,0.645994,0.769021,0.781431,0.594893,0.583364,0.725431,0.826246,1.027227,0.869043,0.507823,0.542083,0.775595,0.725007,0.852155,0.919659,0.824139,0.925280,0.426060,0.479752,0.597242,0.172457,0.225166,0.018686,0.765931,0.752869,0.674685,0.599361,0.488589,0.328439,0.195440,0.556953,0.739914,0.942838,0.391042,0.493187,0.996637,0.777233,0.312075,0.403549,0.672225,0.588503
1.150902,1.185577,0.841744,0.854612,0.363698,0.432532,1.037673,1.088040,0.358368,0.449395,1.007320,1.010245,1.027504,1.010830,0.671348,0.825758,1.157303,1.105051,0.982213,1.063045,0.228288,0.242935,0.636265,0.572542,0.344923,0.371885,0.214841,0.474204,0.343977,0.828401,0.890952,0.843933,0.000000,1.527946,0.590916,0.699729,0.527079,0.535730,0.378256,0.468124,0.658717,0.913133,0.955648,0.926668,0.492444,0.868475,1.040036,0.981207,0.816842,0.870787,0.987696,1.014733,0.842124,0.903887,0.852659,0.875430,1.153162,1.150154,0.836663,0.866102,1.151841,0.942395,1.124304,1.327886,0.744880,0.839476,0.724934,0.786804,0.814300,0.429988,0.320353,-0.049735,0.724071,0.706588,0.609593,0.747918,0.566337,0.440516,0.367970,0.846663,1.218430,1.389651,0.513950,0.690135,1.094759,1.231889,0.355759,0.426156,0.882279,0.859274
1.067181,1.085413,0.848740,0.852357,0.370799,0.469144,0.984136,1.082530,0.341916,0.480301,1.046021,1.115545,0.999178,1.073747,0.703994,0.878918,1.083105,1.104572,0.950315,1.036869,0.226583,0.231262,0.635739,0.548544,0.340916,0.398983,0.173072,0.469862,0.334785,0.849500,0.968380,0.963335,1.527946,0.000000,0.634586,0.726321,0.399605,0.411461,0.291122,0.359275,0.558032,0.810471,0.900522,0.913962,0.397762,0.826249,0.920448,0.867155,0.804558,0.877942,0.993077,1.060216,0.806805,0.923682,0.816832,0.902456,1.161393,1.147603,0.746072,0.794884,1.090620,0.966753,1.109611,1.405485,0.770589,0.874737,0.623522,0.701591,0.732658,0.356406,0.306347,-0.012146,0.767192,0.768132,0.636069,0.739930,0.542907,0.413633,0.356483,0.883604,1.125466,1.368879,0.450875,0.625814,1.067881,1.127804,0.332760,0.408947,0.792782,0.791232
0.553840,0.534108,0.446431,0.448180,0.069355,0.159184,0.520675,0.676354,0.132344,0.124966,0.526454,0.721195,0.531037,0.704264,0.407217,0.601789,0.507350,0.627572,0.501296,0.555560,0.088468,0.147766,0.297831,0.212769,0.104547,0.115501,0.013973,0.163766,0.079541,0.435292,0.550366,0.697539,0.590916,0.634586,0.000000,0.904086,0.162479,0.145951,0.160343,0.209932,0.287005,0.540304,0.496576,0.578988,0.164368,0.390409,0.519280,0.368077,0.469504,0.518885,0.850783,0.678762,0.499447,0.548104,0.602139,0.665282,0.695050,0.618679,0.405835,0.397881,0.723247,0.713516,0.571286,0.564083,0.992340,0.899423,0.340410,0.381074,0.328147,-0.025945,0.070746,-0.056045,0.486094,0.503052,0.437859,0.508484,0.287512,0.157355,0.034824,0.264758,0.478051,0.551870,0.274774,0.315051,0.877142,0.600122,0.188630,0.272726,0.495643,0.382422
0.659601,0.687506,0.486744,0.561797,0.119771,0.284464,0.630328,0.776282,0.185724,0.240590,0.665373,0.825050,0.685947,0.838776,0.459015,0.722519,0.641659,0.770291,0.600203,0.670540,0.139277,0.209257,0.328643,0.303444,0.157899,0.202753,0.033962,0.256154,0.108373,0.510533,0.573064,0.730988,0.699729,0.726321,0.904086,0.000000,0.234790,0.221155,0.187602,0.306368,0.346155,0.666690,0.614826,0.695718,0.185772,0.480964,0.612762,0.471071,0.591040,0.653863,0.929311,0.804154,0.608905,0.687793,0.669070,0.747583,0.799720,0.802086,0.512947,0.523868,0.815858,0.799261,0.655701,0.727421,0.833586,0.889639,0.415983,0.474271,0.427823,0.080415,0.143934,-0.024106,0.572811,0.608246,0.552732,0.551183,0.311784,0.203957,0.065059,0.343567,0.572707,0.649351,0.306492,0.421342,0.857197,0.713640,0.168506,0.339005,0.562714,0.494804
0.577379,0.625980,0.496995,0.631612,0.270270,0.345758,0.544375,0.549914,0.218319,0.313538,0.441140,0.335736,0.449062,0.374592,0.382483,0.402989,0.485641,0.478689,0.596333,0.589053,0.099445,0.234107,0.617637,0.653821,0.388690,0.374531,0.449485,0.517323,0.303905,0.331125,0.414014,0.246630,0.527079,0.399605,0.162479,0.234790,0.000000,1.099872,0.541904,0.655105,0.659848,0.601667,0.459245,0.365706,0.559997,0.435854,0.498365,0.610735,0.422635,0.441837,0.451242,0.396906,0.531772,0.395437,0.430890,0.363446,0.437711,0.496303,0.624720,0.617297,0.527570,0.409425,0.467865,0.509685,0.385877,0.375600,0.699955,0.727788,0.556960,0.705087,0.426014,0.081913,0.350152,0.097361,0.250566,0.282427,0.426479,0.346227,0.471224,0.380022,0.713187,0.600119,0.425295,0.645441,0.552269,0.733882,0.309201,0.285867,0.558712,0.684058
0.579099,0.623815,0.517577,0.627857,0.236821,0.364376,0.553170,0.517504,0.220538,0.336894,0.411704,0.265311,0.472143,0.368848,0.404247,0.426274,0.467708,0.507938,0.618430,0.605877,0.077390,0.201011,0.611639,0.665267,0.321988,0.327808,0.341020,0.479970,0.231133,0.265581,0.363628,0.213077,0.535730,0.411461,0.145951,0.221155,1.099872,0.000000,0.612891,0.785252,0.666188,0.641224,0.468306,0.363860,0.618613,0.478872,0.511825,0.648613,0.444037,0.443348,0.440128,0.390416,0.526962,0.409651,0.477792,0.413717,0.422108,0.527317,0.684049,0.681628,0.531565,0.415090,0.427661,0.494440,0.362522,0.402072,0.757968,0.790319,0.634674,0.759802,0.439498,0.065294,0.319224,0.086845,0.255872,0.317561,0.501517,0.385078,0.503585,0.337943,0.736916,0.627379,0.515568,0.687319,0.548763,0.787096,0.413934,0.403353,0.639731,0.783638
0.323807,0.251652,0.274613,0.287611,0.273073,0.299421,0.303223,0.246574,0.291813,0.348219,0.325852,0.063198,0.289989,0.171600,0.392545,0.396502,0.489076,0.444094,0.273262,0.255696,0.038664,-0.064173,0.359282,0.333824,0.173737,0.226748,0.272626,0.144082,0.261462,0.181986,0.231246,0.145832,0.378256,0.291122,0.160343,0.187602,0.541904,0.612891,0.000000,1.365679,0.739024,0.478641,0.373399,0.177931,0.655100,0.341132,0.350153,0.440690,0.210990,0.223849,0.292626,0.194659,0.219649,0.192614,0.329854,0.385407,0.291640,0.287016,0.435767,0.507304,0.428861,0.337895,0.396572,0.332407,0.313623,0.265070,0.354054,0.421445,0.227979,0.230484,0.210754,-0.025584,0.203710,-0.094302,0.214690,0.248269,0.294905,0.153530,0.695365,0.326967,0.559228,0.365452,0.716636,0.829944,0.315711,0.429076,0.448734,0.540455,0.496137,0.384182
0.470990,0.403155,0.393430,0.435687,0.291876,0.373713,0.444915,0.368585,0.280219,0.389068,0.433704,0.181680,0.422112,0.292713,0.452749,0.511734,0.581837,0.570571,0.427321,0.402354,0.089278,0.035885,0.468726,0.465273,0.253249,0.255186,0.285441,0.240265,0.280967,0.248680,0.322453,0.224853,0.468124,0.359275,0.209932,0.306368,0.655105,0.785252,1.365679,0.000000,0.745721,0.594733,0.459738,0.288163,0.696430,0.441824,0.459188,0.558894,0.332701,0.350467,0.418437,0.311820,0.372142,0.295994,0.453167,0.486015,0.405117,0.440481,0.565612,0.645575,0.544839,0.430340,0.452259,0.445562,0.384783,0.380949,0.498653,0.576739,0.359812,0.315791,0.327584,0.049757,0.332397,0.031561,0.323009,0.352546,0.432165,0.286389,0.648491,0.385390,0.721959,0.492163,0.728193,0.940284,0.429873,0.610482,0.464648,0.638227,0.620986,0.560034
0.514202,0.528769,0.430272,0.480986,0.213793,0.299739,0.480093,0.496312,0.287380,0.342705,0.458045,0.358516,0.512442,0.441893,0.445890,0.497164,0.573020,0.590593,0.436666,0.474874,0.069719,0.072042,0.468005,0.405421,0.316985,0.338029,0.338890,0.344718,0.242637,0.363987,0.433259,0.411811,0.658717,0.558032,0.287005,0.346155,0.659848,0.666188,0.739024,0.745721,0.000000,0.852798,0.543277,0.437308,0.485182,0.465172,0.533192,0.575663,0.407125,0.438769,0.478621,0.472581,0.383049,0.430504,0.430438,0.512995,0.524244,0.488733,0.542254,0.588848,0.610881,0.588263,0.584753,0.566160,0.472474,0.448372,0.427992,0.532917,0.378831,0.335535,0.173882,-0.076355,0.404456,0.194225,0.355337,0.464213,0.225136,0.098402,0.482146,0.389573,0.678154,0.648139,0.756131,0.959055,0.562333,0.664759,0.359201,0.457899,0.533285,0.540453
0.806492,0.861523,0.575119,0.644390,0.213127,0.283090,0.735029,0.815932,0.258019,0.284956,0.762657,0.745212,0.818505,0.826854,0.572449,0.707017,0.871704,1.036859,0.713238,0.826400,0.143133,0.183546,0.466633,0.420294,0.253683,0.296092,0.180570,0.365966,0.270177,0.579168,0.605302,0.701891,0.913133,0.810471,0.540304,0.666690,0.601667,0.641224,0.478641,0.594733,0.852798,0.000000,0.772362,0.839120,0.294092,0.554915,0.818959,0.799541,0.591427,0.668500,0.780757,0.808700,0.613408,0.712985,0.692472,0.795738,0.905284,0.859022,0.608630,0.651455,0.867632,0.720226,0.773697,0.879325,0.667237,0.718828,0.495440,0.550131,0.604996,0.370818,0.160511,-0.147392,0.701261,0.508087,0.627725,0.746675,0.354774,0.138868,0.374534,0.502659,0.816059,0.957544,0.598675,0.747636,0.927588,0.909673,0.305041,0.413523,0.717239,0.696309
0.954597,1.009325,0.678478,0.702493,0.346186,0.462474,0.834624,0.868935,0.345895,0.416251,0.913706,0.928343,0.889596,0.989261,0.617271,0.755153,0.842552,0.935015,0.710228,0.729577,0.151700,0.186375,0.559672,0.477308,0.368662,0.377468,0.223498,0.424438,0.252003,0.677644,0.691800,0.626474,0.955648,0.900522,0.496576,0.614826,0.459245,0.468306,0.373399,0.459738,0.543277,0.772362,0.000000,1.425136,0.762235,1.178375,1.555551,1.451735,1.017710,1.055640,1.011993,1.140265,0.811648,0.943831,0.838526,0.904567,0.789156,0.817877,0.696806,0.687837,0.805223,0.718122,0.721521,0.955590,0.549827,0.649681,0.508164,0.605305,0.473344,0.251166,0.260163,-0.011177,0.550962,0.553643,0.545122,0.705908,0.468534,0.372943,0.361503,0.672720,0.806266,0.965433,0.408713,0.642894,0.868386,0.957119,0.280267,0.381690,0.701601,0.727363
0.979654,1.098002,0.611437,0.687309,0.256112,0.391604,0.859126,0.921712,0.281813,0.336444,0.922043,1.088210,0.938386,1.158647,0.582124,0.768238,0.828942,1.006533,0.746537,0.856147,0.146037,0.219837,0.435216,0.381727,0.281879,0.313441,0.117731,0.381343,0.222250,0.701946,0.683856,0.723148,0.926668,0.913962,0.578988,0.695718,0.365706,0.363860,0.177931,0.288163,0.437308,0.839120,1.425136,0.000000,0.422415,1.036771,1.493631,1.249385,1.050731,1.157526,1.036588,1.235435,0.845651,1.009963,0.892111,0.972107,0.925829,0.969227,0.651918,0.649398,0.830683,0.723035,0.689541,0.966382,0.604846,0.713778,0.516781,0.586516,0.569067,0.256913,0.216319,-0.017332,0.703834,0.766797,0.641990,0.828516,0.450064,0.335451,0.164015,0.575961,0.712136,0.932696,0.335921,0.488140,0.908727,0.893394,0.165074,0.289064,0.646082,0.698311
0.484129,0.467418,0.381127,0.421535,0.274353,0.401871,0.402135,0.375351,0.243331,0.323633,0.397775,0.243727,0.348346,0.319031,0.320754,0.383091,0.419709,0.400690,0.371128,0.298173,0.103973,0.146905,0.454003,0.436966,0.288960,0.329118,0.361151,0.371261,0.238013,0.330913,0.330141,0.161409,0.492444,0.397762,0.164368,0.185772,0.559997,0.618613,0.655100,0.696430,0.485182,0.294092,0.762235,0.422415,0.000000,0.865835,0.696363,0.760871,0.540425,0.524660,0.483823,0.411589,0.442446,0.337051,0.435979,0.414325,0.263097,0.330964,0.596338,0.583365,0.422470,0.464027,0.352600,0.437205,0.283321,0.338093,0.503461,0.604801,0.236714,0.257442,0.355107,0.097363,0.176617,0.047270,0.169393,0.275889,0.439932,0.427205,0.534102,0.487208,0.620169,0.508384,0.380182,0.597362,0.409606,0.566978,0.322996,0.377822,0.468215,0.497188
0.952581,0.994191,0.717020,0.800067,0.368744,0.554124,0.847739,0.817513,0.361808,0.529849,0.760117,0.716709,0.776549,0.790591,0.629010,0.785272,0.737666,0.719452,0.754452,0.790195,0.219100,0.272408,0.549662,0.583256,0.345836,0.363831,0.217537,0.470491,0.307116,0.641360,0.681166,0.560289,0.868475,0.826249,0.390409,0.480964,0.435854,0.478872,0.341132,0.441824,0.465172,0.554915,1.178375,1.036771,0.865835,0.000000,1.289623,1.250120,1.327703,1.298250,0.914012,0.978077,0.913387,0.766762,0.881429,0.817390,0.706453,0.784421,0.944666,0.976733,0.815820,0.775519,0.673433,0.939187,0.514062,0.691656,0.802522,0.936830,0.628494,0.381027,0.407241,0.064547,0.564015,0.497712,0.560667,0.583588,0.627113,0.533265,0.287172,0.634447,0.898416,0.895507,0.432631,0.666652,0.722317,0.906239,0.387758,0.481188,0.721671,0.921110
1.112823,1.157522,0.672814,0.719839,0.267632,0.354346,0.906361,0.913513,0.267842,0.311957,0.906126,0.923098,0.943932,1.002693,0.581167,0.733979,0.941181,1.005026,0.837992,0.889507,0.196918,0.265463,0.456873,0.440981,0.234328,0.252835,0.136079,0.377556,0.275221,0.752860,0.669993,0.697111,1.040036,0.920448,0.519280,0.612762,0.498365,0.511825,0.350153,0.459188,0.533192,0.818959,1.555551,1.493631,0.696363,1.289623,0.000000,1.570171,1.081253,1.130753,1.019973,1.103200,0.898901,0.870889,1.029411,1.013977,0.901271,0.930403,0.807533,0.796963,0.895550,0.762326,0.782148,1.051444,0.611562,0.730089,0.669404,0.765639,0.636644,0.326520,0.266131,-0.020006,0.675544,0.624110,0.623342,0.738897,0.587609,0.438544,0.290205,0.666827,0.893322,1.034814,0.440007,0.611833,0.927593,0.979731,0.287530,0.380362,0.803088,0.824117
1.062750,1.110969,0.746841,0.771940,0.366237,0.467198,0.933261,0.862992,0.338005,0.425676,0.907104,0.785272,0.898858,0.868503,0.641657,0.696549,0.829438,0.900903,0.812949,0.844604,0.178781,0.227040,0.593140,0.554355,0.341935,0.358874,0.244599,0.458505,0.340960,0.675741,0.665466,0.540716,0.981207,0.867155,0.368077,0.471071,0.610735,0.648613,0.440690,0.558894,0.575663,0.799541,1.451735,1.249385,0.760871,1.250120,1.570171,0.000000,1.012873,1.022224,0.863486,0.973777,0.826774,0.866396,0.836325,0.815351,0.753316,0.840743,0.804449,0.808847,0.811693,0.654596,0.716924,0.947314,0.472345,0.586449,0.698798,0.793874,0.646993,0.453514,0.362531,0.021556,0.576764,0.501599,0.517231,0.681076,0.601319,0.494768,0.424281,0.718337,0.958058,0.999748,0.473732,0.674216,0.791008,1.020554,0.336889,0.378922,0.762909,0.885809
1.016446,1.184389,0.833924,1.001353,0.370596,0.608229,1.012721,1.026481,0.389329,0.618491,0.780685,0.852046,0.941018,0.941421,0.748078,0.947637,0.676294,0.696116,0.835619,0.932535,0.170615,0.257908,0.609928,0.695052,0.345738,0.389093,0.135774,0.520600,0.205627,0.565372,0.651948,0.567690,0.816842,0.804558,0.469504,0.591040,0.422635,0.444037,0.210990,0.332701,0.407125,0.591427,1.017710,1.050731,0.540425,1.327703,1.081253,1.012873,0.000000,1.806427,1.248751,1.245223,1.304360,1.057181,1.054480,0.907332,0.809002,0.920756,1.115102,1.014113,0.909605,0.761334,0.702900,0.954139,0.633719,0.779339,0.918346,0.959388,0.756299,0.483234,0.424774,0.048205,0.641109,0.560493,0.660024,0.587431,0.634999,0.498855,0.124274,0.524618,0.808629,0.864459,0.432616,0.631533,0.799636,0.998937,0.436541,0.527429,0.805262,1.108116
