0.000000,0.794696,0.717284,0.730540,-0.189724,-0.087361,0.814235,0.539507,-0.059700,0.018733,0.505013,0.450905,0.481824,0.332663,0.387628,0.193378,0.205664,0.065637,0.688065,0.584763,-0.109327,0.327093,0.297799,0.425434,-0.068182,-0.112672,-0.047377,-0.110009,0.178984,0.099138,0.229537,0.214274,0.500082,0.405942,0.372458,0.375816,0.128299,0.279446,0.461746,0.279519,0.346179,0.231080,0.443444,0.265820,0.467543,0.660497,0.448382,0.337388,0.695843,0.530281,0.714429,0.597701,0.522167,0.424054,0.436552,0.609139,1.020096,0.564846,0.727736,0.751029,0.477572,0.361346,0.568016,0.318095,0.353026,0.339628,0.409945,0.463377,0.710721,0.574805,0.331651,0.389855,0.345879,0.289768,0.244613,0.139634,0.544370,0.440407,0.166422,0.068365,0.344003,0.448341,0.206209,0.182067,0.573405,0.612666,0.234628,0.236486,0.503464,0.543371
0.794696,0.000000,0.639631,0.565280,-0.184652,-0.111112,0.605895,0.467074,-0.122622,-0.134087,0.384489,0.684273,0.366974,0.603203,0.359050,0.479870,0.307349,0.237881,0.498114,0.351555,-0.006786,0.319299,0.267311,0.300873,-0.224426,-0.132596,0.026332,0.106782,0.273747,0.222104,0.241480,0.302186,0.363432,0.375917,0.200595,0.236110,0.223287,0.353988,0.392876,0.169696,0.065507,0.073402,0.167837,-0.105063,0.249287,0.292645,0.227947,0.187177,0.559905,0.253039,0.461384,0.268806,0.184339,0.152201,0.355550,0.365054,0.693620,1.018682,0.452611,0.493312,0.299902,0.217255,0.418482,0.404194,0.173923,0.142409,0.411221,0.314084,0.418546,0.443531,0.251526,0.373309,0.190867,0.281914,0.159371,0.024206,0.539130,0.397297,0.199779,-0.019878,0.284329,0.330547,0.269168,0.132992,0.399108,0.207471,0.382414,-0.183789,0.479259,0.402546
0.717284,0.639631,0.000000,1.311199,-0.043481,0.057622,1.248703,0.967490,0.178026,0.145902,0.474426,0.588618,0.534788,0.360806,0.670757,0.274697,0.060637,-0.029697,0.870255,0.677486,-0.005100,0.452132,0.911264,0.882068,0.026538,0.067842,0.153845,0.059939,0.158230,0.128692,0.263449,0.341057,0.484886,0.384026,0.586835,0.589625,0.025026,0.196344,0.504124,0.396489,0.291019,0.439545,0.433081,0.157690,0.169274,0.423415,0.256345,0.192765,0.421466,0.473973,0.486698,0.504389,0.463198,0.297789,0.468393,0.484091,0.455165,0.175994,0.445885,0.520889,0.438624,0.401614,0.365777,0.322008,0.476595,0.374825,0.486785,0.525147,0.481451,0.427973,0.518494,0.697103,0.505649,0.394844,0.491698,0.250066,0.661525,0.667087,0.070781,0.044279,0.336019,0.402893,0.266421,0.277201,0.604529,0.591543,0.187482,0.318538,0.669798,0.740263
0.730540,0.565280,1.311199,0.000000,0.068287,0.170722,1.066065,1.287745,0.266999,0.351598,0.408773,0.497892,0.481750,0.238515,0.444818,0.094856,-0.058484,-0.084814,0.871556,0.870757,0.055950,0.378052,1.032492,1.214487,0.152652,0.158121,0.229152,0.148027,0.051329,-0.007876,0.127808,0.191499,0.497047,0.324214,0.577702,0.584517,0.015806,0.229895,0.346792,0.427269,0.130820,0.523298,0.547743,0.393531,0.198760,0.519469,0.193782,0.191593,0.512641,0.639258,0.607578,0.722943,0.537583,0.486377,0.236188,0.355177,0.357966,0.115072,0.409321,0.534571,0.375422,0.520724,0.384044,0.344123,0.377041,0.381103,0.420583,0.677672,0.372032,0.421981,0.612102,0.712046,0.466906,0.280329,0.461624,0.285298,0.643124,0.667328,0.048529,-0.025312,0.302855,0.357894,0.231576,0.277119,0.623527,0.744788,-0.015590,0.447465,0.544356,0.692662
-0.189724,-0.184652,-0.043481,0.068287,0.000000,1.346511,-0.134374,0.007504,1.525010,1.096560,-0.079278,-0.143826,0.100966,-0.127505,0.190682,-0.133063,-0.295799,-0.041610,-0.034335,0.110170,-0.222429,-0.069029,0.396903,0.298382,1.001567,1.168057,0.856420,0.940015,-0.204995,-0.140948,-0.047824,-0.132795,0.062047,-0.003499,0.251601,0.288082,-0.099825,-0.147404,-0.049154,0.174410,-0.334264,0.015406,0.085353,0.291389,-0.054024,0.078407,0.125757,0.237091,-0.086258,0.196806,0.147018,0.217159,0.179572,0.085634,-0.108086,0.091356,-0.189144,-0.153539,0.059977,-0.065773,0.117392,0.176160,-0.066342,0.080699,0.046288,0.136445,0.077108,0.263556,0.044423,-0.053673,0.318205,0.186942,0.143214,0.109610,0.352993,0.387855,0.166855,0.223985,-0.178438,0.033674,-0.102252,0.032626,0.059929,0.120789,-0.142498,0.058477,-0.293956,0.369199,-0.038996,0.245711
-0.087361,-0.111112,0.057622,0.170722,1.346511,0.000000,-0.007393,0.078726,1.173026,1.235055,0.048573,-0.034592,0.119239,-0.025509,0.277307,0.035718,-0.102275,0.037461,-0.036657,0.107814,-0.176549,0.077045,0.423559,0.302564,0.948883,1.261691,1.197834,1.111181,-0.035381,0.030871,0.150721,0.060447,0.095135,0.078239,0.219357,0.311901,-0.154780,-0.057693,-0.108351,0.140796,-0.264015,0.145967,0.078555,0.260660,-0.066772,0.076714,0.086255,0.233259,-0.040027,0.191595,0.176426,0.205939,0.151578,0.120447,-0.089005,0.077590,-0.064921,-0.091651,0.085845,0.009193,0.132705,0.209979,-0.012276,0.163250,-0.000517,0.169382,0.011069,0.239850,0.012968,-0.075947,0.487291,0.370845,0.194914,0.214104,0.345651,0.349501,0.239139,0.310851,-0.023717,0.120680,0.033179,0.195226,0.104378,0.253081,-0.120830,0.115328,-0.324918,0.393655,-0.044082,0.266952
0.814235,0.605895,1.248703,1.066065,-0.134374,-0.007393,0.000000,0.919833,0.126979,0.133381,0.650122,0.679276,0.650352,0.485604,0.735808,0.348863,0.101205,0.056956,1.033527,0.631637,0.095867,0.625838,0.558226,0.629797,0.002127,0.006445,0.058871,-0.083591,0.265746,0.223058,0.446577,0.497919,0.637158,0.588865,0.530001,0.640553,-0.012876,0.395020,0.399395,0.252671,0.461318,0.406465,0.410418,0.168922,0.143952,0.445727,0.260338,0.190307,0.432110,0.502410,0.519183,0.473936,0.320764,0.162769,0.364597,0.446335,0.637257,0.289909,0.706470,0.794523,0.730414,0.682565,0.607547,0.562617,0.557167,0.528526,0.617593,0.638455,0.576395,0.557523,0.451914,0.726573,0.596795,0.499573,0.371499,0.211439,0.727810,0.818190,0.180650,0.103614,0.471409,0.589158,0.236999,0.301710,0.572945,0.786259,0.207686,0.199504,0.580912,0.650564
0.539507,0.467074,0.967490,1.287745,0.007504,0.078726,0.919833,0.000000,0.239526,0.329900,0.565162,0.765968,0.733193,0.442101,0.512259,0.238384,0.093520,0.169669,0.931143,0.940516,0.058619,0.185886,1.047359,1.174142,0.014955,0.096680,0.122192,0.105073,0.149854,0.102096,0.267166,0.333040,0.712002,0.573378,0.399624,0.452455,0.077336,0.136759,0.247918,0.164364,0.031171,0.550769,0.509233,0.252985,0.138987,0.355508,0.231890,0.216467,0.388246,0.499486,0.467829,0.550987,0.393218,0.271347,0.204632,0.123228,0.382288,0.148091,0.447093,0.613785,0.562397,0.816954,0.610340,0.590652,0.415804,0.445868,0.524081,0.734161,0.303296,0.472271,0.472929,0.597351,0.440824,0.385278,0.541081,0.183065,0.720212,0.587498,0.098518,-0.004459,0.304506,0.295023,0.160526,0.297235,0.547601,0.614827,-0.058304,0.252703,0.445119,0.478389
-0.059700,-0.122622,0.178026,0.266999,1.525010,1.173026,0.126979,0.239526,0.000000,1.154839,0.092154,0.053551,0.260699,-0.012995,0.385432,-0.061107,-0.296657,-0.025168,0.186156,0.280471,-0.156745,0.036338,0.599918,0.480572,1.051287,1.237627,0.749230,0.704614,-0.081878,-0.022657,0.138230,0.066560,0.289978,0.200944,0.371600,0.419885,-0.197253,-0.163638,-0.010313,0.135012,-0.196059,0.109250,0.161900,0.352225,-0.021197,0.190047,0.214737,0.314650,-0.037092,0.340778,0.247642,0.349587,0.303021,0.067707,0.004018,0.147814,-0.083860,-0.177406,0.223605,0.115356,0.351755,0.385070,0.073760,0.240434,0.205812,0.307148,0.228187,0.474559,0.179835,0.115674,0.417835,0.327233,0.310122,0.286671,0.495803,0.487022,0.290496,0.373887,-0.132058,0.096287,0.023145,0.167144,0.090618,0.231414,-0.060848,0.226246,-0.268843,0.508477,0.043111,0.320946
0.018733,-0.134087,0.145902,0.351598,1.096560,1.235055,0.133381,0.329900,1.154839,0.000000,0.162116,0.095801,0.292368,0.048593,0.318069,0.051951,-0.128573,-0.031201,0.130174,0.222852,-0.132031,0.060327,0.587059,0.579439,0.875904,1.024507,0.923829,0.704906,0.028180,0.067357,0.174435,0.100219,0.263759,0.178360,0.347636,0.397498,-0.054286,-0.130007,-0.057526,0.229053,-0.259722,0.315959,0.163002,0.328901,-0.001963,0.188530,0.085270,0.249795,0.065582,0.400997,0.289994,0.414535,0.227541,0.155965,-0.098235,0.042147,-0.041737,-0.189211,0.195626,0.129675,0.294714,0.389861,0.068477,0.159213,0.232279,0.377625,0.140686,0.409051,0.141327,-0.031815,0.515587,0.424857,0.209811,0.270668,0.483599,0.472891,0.267085,0.295661,0.015263,0.206958,0.135729,0.257046,0.193414,0.335675,0.111820,0.347377,-0.338816,0.544813,0.021150,0.330835
0.505013,0.384489,0.474426,0.408773,-0.079278,0.048573,0.650122,0.565162,0.092154,0.162116,0.000000,0.765798,0.929585,0.631362,0.899765,0.498089,0.464666,0.612769,0.723497,0.409331,0.102188,0.153703,0.346244,0.405094,0.026020,0.149911,0.120867,-0.024572,0.651694,0.501874,0.710035,0.800577,0.694451,0.775202,0.321107,0.433082,0.158879,0.102464,0.139079,-0.181228,0.133333,0.436834,0.333314,0.013178,0.108671,0.226335,0.390593,0.388831,0.224914,0.265465,0.257051,0.295552,0.047613,-0.077258,0.308158,0.194664,0.600477,0.347904,0.553286,0.705346,0.790055,0.785670,0.778037,0.697694,0.611526,0.729204,0.590460,0.518979,0.392258,0.388050,0.348084,0.527013,0.391045,0.547331,0.387082,0.104644,0.649922,0.459213,0.345400,0.151784,0.535544,0.557548,0.459859,0.563457,0.445956,0.374340,0.204392,0.070492,0.349186,0.416982
0.450905,0.684273,0.588618,0.497892,-0.143826,-0.034592,0.679276,0.765968,0.053551,0.095801,0.765798,0.000000,0.763635,1.097566,0.741954,0.781747,0.353258,0.439319,0.659873,0.361892,0.065607,0.297229,0.434412,0.481867,-0.223429,-0.012655,0.064014,0.104488,0.504082,0.444109,0.668497,0.757331,0.790301,0.910629,0.196619,0.321571,0.218270,0.203112,0.304274,-0.020212,0.099460,0.346965,0.076361,-0.202212,0.015201,0.067985,0.111912,0.106607,0.208024,0.190524,0.262161,0.235437,0.080754,-0.135178,0.384726,0.058844,0.486733,0.570314,0.497755,0.605003,0.630924,0.645392,0.591699,0.655032,0.432332,0.462905,0.600254,0.557834,0.417408,0.481865,0.349558,0.615851,0.476337,0.661013,0.485778,0.183603,0.671216,0.479404,0.257442,0.124617,0.428601,0.414447,0.285459,0.281783,0.352143,0.276596,0.173222,-0.132584,0.505352,0.342220
0.481824,0.366974,0.534788,0.481750,0.100966,0.119239,0.650352,0.733193,0.260699,0.292368,0.929585,0.763635,0.000000,0.740968,0.894595,0.443051,0.313737,0.446249,0.688295,0.505307,-0.184164,0.052043,0.619402,0.635248,-0.031978,0.099148,0.078439,0.124230,0.308421,0.241213,0.360925,0.391034,0.735015,0.778221,0.460330,0.402172,0.290754,-0.025949,0.213805,-0.045752,-0.024335,0.487881,0.360486,0.042222,0.202938,0.237967,0.362720,0.307137,0.258242,0.335328,0.325853,0.355414,0.152589,0.022437,0.313924,0.154809,0.514086,0.357694,0.574234,0.632480,0.793368,0.843937,0.699076,0.663128,0.512237,0.566280,0.688860,0.599159,0.389303,0.368632,0.384168,0.386303,0.575798,0.651494,0.575128,0.270370,0.726598,0.429829,0.141827,0.105600,0.248735,0.286101,0.179684,0.275426,0.504674,0.315806,0.048293,-0.003866,0.367005,0.425883
0.332663,0.603203,0.360806,0.238515,-0.127505,-0.025509,0.485604,0.442101,-0.012995,0.048593,0.631362,1.097566,0.740968,0.000000,0.706701,1.231648,0.463364,0.476022,0.355867,0.120813,-0.001792,0.254118,0.190505,0.197007,-0.277830,-0.084077,0.067941,0.141827,0.480646,0.436614,0.464912,0.589868,0.464554,0.700301,0.042908,0.155497,0.375746,0.145758,0.368847,-0.007477,0.056144,0.240681,-0.030448,-0.387686,0.106162,-0.036811,0.050340,0.031138,0.221214,-0.027555,0.155187,0.007862,-0.195380,-0.317738,0.415100,0.015062,0.460592,0.726034,0.486134,0.504147,0.523468,0.460705,0.543236,0.584681,0.287685,0.298090,0.622754,0.356825,0.313929,0.369128,0.206110,0.323262,0.336830,0.518046,0.359029,0.114369,0.585206,0.326765,0.272365,0.099803,0.412931,0.283146,0.344299,0.209595,0.358233,0.011823,0.412818,-0.476848,0.384217,0.224120
0.387628,0.359050,0.670757,0.444818,0.190682,0.277307,0.735808,0.512259,0.385432,0.318069,0.899765,0.741954,0.894595,0.706701,0.000000,0.731852,0.375380,0.376428,0.669719,0.300450,0.015743,0.365942,0.487396,0.459157,0.210224,0.359574,0.374416,0.217273,0.710113,0.574890,0.639530,0.684739,0.579218,0.624106,0.467851,0.643074,0.116154,0.101560,0.378448,0.128400,0.227054,0.493896,0.237183,0.008962,0.155172,0.197527,0.314789,0.346164,0.190350,0.295470,0.266055,0.321239,0.046960,-0.164084,0.495320,0.330592,0.467292,0.253016,0.499592,0.545355,0.666919,0.645369,0.494435,0.533198,0.646961,0.783454,0.568969,0.508889,0.470209,0.234912,0.487423,0.685390,0.611251,0.762604,0.576182,0.408944,0.768990,0.655177,0.412932,0.345630,0.653663,0.720325,0.567378,0.626328,0.470079,0.375216,0.364415,0.100524,0.510999,0.554928
0.193378,0.479870,0.274697,0.094856,-0.133063,0.035718,0.348863,0.238384,-0.061107,0.051951,0.498089,0.781747,0.443051,1.231648,0.731852,0.000000,0.687701,0.540776,0.161906,-0.135651,0.040117,0.361438,0.050303,0.022302,-0.213750,0.023825,0.256825,0.192226,0.776470,0.786372,0.532314,0.634870,0.225301,0.387676,-0.067350,0.185838,0.256865,0.154599,0.359329,0.113518,0.097729,0.252918,-0.128326,-0.412131,0.086323,-0.115679,0.007222,0.022156,0.181438,-0.040502,0.084017,-0.073351,-0.343011,-0.445076,0.455810,-0.005572,0.402377,0.513413,0.323231,0.298982,0.300360,0.280532,0.301630,0.342562,0.299695,0.396767,0.344061,0.121546,0.183566,0.024494,0.245261,0.384989,0.184944,0.493145,0.263105,0.053725,0.494444,0.287713,0.561138,0.395493,0.696151,0.539382,0.568816,0.435013,0.342187,0.044613,0.582172,-0.389610,0.412789,0.185794
0.205664,0.307349,0.060637,-0.058484,-0.295799,-0.102275,0.101205,0.093520,-0.296657,-0.128573,0.464666,0.353258,0.313737,0.463364,0.375380,0.687701,0.000000,0.792558,0.148063,-0.061061,0.046300,-0.165376,-0.056863,-0.110836,-0.249788,-0.086090,0.032446,-0.012509,0.865615,0.797440,0.323527,0.357826,0.191759,0.234371,-0.071027,0.036782,0.335646,0.125690,0.059027,-0.080698,-0.083437,0.306277,0.138202,-0.124456,0.350295,0.003128,0.379599,0.377435,0.258827,-0.058360,0.080980,-0.038683,-0.127262,-0.114307,0.367151,0.101908,0.503379,0.402067,0.212560,0.256739,0.161505,0.146359,0.412157,0.342440,0.225401,0.362320,0.261047,-0.015234,0.052886,-0.062044,-0.070924,0.077859,-0.021834,0.335565,0.047831,-0.132235,0.238320,0.009907,0.769623,0.476287,0.558094,0.583591,0.377291,0.469381,0.349778,0.046840,0.359743,-0.267998,0.123976,0.035903
0.065637,0.237881,-0.029697,-0.084814,-0.041610,0.037461,0.056956,0.169669,-0.025168,-0.031201,0.612769,0.439319,0.446249,0.476022,0.376428,0.540776,0.792558,0.000000,0.220582,0.082431,0.109043,-0.191013,0.030862,-0.026128,-0.115527,0.162903,0.061357,0.155012,0.587450,0.605222,0.419889,0.490419,0.351874,0.449739,-0.028054,0.119774,0.135943,0.050747,-0.074388,-0.342682,-0.247100,0.072466,0.082799,-0.093592,0.009400,-0.091977,0.407515,0.316749,-0.002245,-0.102697,-0.014198,-0.165377,-0.115199,-0.265570,0.249460,-0.101507,0.491495,0.429743,0.218974,0.262239,0.396012,0.441331,0.564422,0.649996,0.233124,0.430409,0.285908,0.111766,-0.026529,0.074645,-0.039202,0.077363,-0.015186,0.393195,0.156304,-0.236476,0.380129,0.158128,0.407979,0.248436,0.324180,0.368065,0.184000,0.354306,0.027866,-0.055669,0.073755,-0.225939,0.068980,-0.025369
0.688065,0.498114,0.870255,0.871556,-0.034335,-0.036657,1.033527,0.931143,0.186156,0.130174,0.723497,0.659873,0.688295,0.355867,0.669719,0.161906,0.148063,0.220582,0.000000,0.999792,0.057921,0.202147,0.587549,0.692806,0.004469,0.035616,-0.024991,-0.080973,0.250941,0.102865,0.299446,0.354907,0.770710,0.651014,0.603489,0.612635,0.130031,0.369202,0.449388,0.139198,0.299356,0.495797,0.676513,0.280124,0.229476,0.520052,0.521626,0.396747,0.411842,0.494233,0.488971,0.588491,0.501536,0.324163,0.424270,0.488263,0.548038,0.247616,0.668618,0.838300,0.759522,0.738505,0.759031,0.638920,0.690353,0.548237,0.898413,0.933877,0.721434,0.771080,0.274745,0.592298,0.672671,0.582246,0.565360,0.315749,0.819683,0.767091,0.159984,-0.052998,0.383531,0.481316,0.245900,0.262196,0.603047,0.703683,0.132785,0.215506,0.640179,0.736256
0.584763,0.351555,0.677486,0.870757,0.110170,0.107814,0.631637,0.940516,0.280471,0.222852,0.409331,0.361892,0.505307,0.120813,0.300450,-0.135651,-0.061061,0.082431,0.999792,0.000000,-0.045050,0.014984,0.691693,0.730362,0.052481,0.059908,0.038617,0.114709,-0.133256,-0.258430,0.036908,0.061655,0.520018,0.433271,0.449133,0.370620,0.070836,0.259485,0.275864,0.128370,0.153928,0.261403,0.741465,0.425569,0.117889,0.470091,0.423798,0.295674,0.352476,0.406346,0.503200,0.548825,0.575791,0.604363,0.181192,0.366931,0.394382,0.114811,0.397112,0.572072,0.461097,0.565239,0.613931,0.489298,0.207123,0.153358,0.458923,0.625716,0.400742,0.696380,0.245284,0.306986,0.456944,0.218314,0.511617,0.205266,0.634086,0.593794,-0.144897,-0.322946,0.033411,0.097799,0.015552,0.038861,0.349743,0.460665,-0.129381,0.299822,0.379202,0.557528
-0.109327,-0.006786,-0.005100,0.055950,-0.222429,-0.176549,0.095867,0.058619,-0.156745,-0.132031,0.102188,0.065607,-0.184164,-0.001792,0.015743,0.040117,0.046300,0.109043,0.057921,-0.045050,0.000000,0.240582,-0.093207,-0.067014,-0.108786,-0.008932,-0.052613,-0.145373,0.220783,0.145679,0.275064,0.399399,-0.034171,-0.050517,-0.113035,-0.040778,-0.239868,0.089448,0.006501,-0.026453,0.029491,0.045552,-0.056719,0.048131,-0.158311,-0.046364,-0.195260,-0.172388,-0.062722,0.031594,-0.128593,-0.025813,-0.190044,-0.104698,-0.121163,-0.157739,-0.049905,-0.039304,-0.106847,-0.020403,-0.097585,-0.047347,0.023764,0.066584,-0.040638,0.000326,-0.061855,-0.053317,-0.170063,-0.027067,0.039948,0.150934,-0.007539,0.006814,-0.043061,-0.192102,0.034180,0.120723,0.228381,-0.116037,0.261933,0.123056,0.284609,0.269971,0.008381,0.015524,0.124330,0.082187,0.031632,-0.123931
0.327093,0.319299,0.452132,0.378052,-0.069029,0.077045,0.625838,0.185886,0.036338,0.060327,0.153703,0.297229,0.052043,0.254118,0.365942,0.361438,-0.165376,-0.191013,0.202147,0.014984,0.240582,0.000000,0.070308,0.131092,0.043801,0.051046,0.196719,0.049157,0.125109,0.120917,0.368417,0.352882,0.062212,0.109013,0.129871,0.317235,-0.130718,0.448032,0.350028,0.365174,0.551876,0.090471,-0.123629,-0.051863,-0.155283,0.109301,-0.187564,-0.191011,0.185451,0.210609,0.277011,0.169783,-0.012292,-0.041966,0.195871,0.262246,0.202422,0.132256,0.244367,0.196765,0.175768,0.158965,0.065872,0.071160,0.157156,0.155749,0.032841,0.092022,0.251081,0.052009,0.441719,0.596407,0.414816,0.276371,0.110675,0.209609,0.330017,0.635788,0.122596,0.090625,0.398490,0.404272,0.241188,0.128688,0.159807,0.401964,0.236649,0.072779,0.390837,0.353005
0.297799,0.267311,0.911264,1.032492,0.396903,0.423559,0.558226,1.047359,0.599918,0.587059,0.346244,0.434412,0.619402,0.190505,0.487396,0.050303,-0.056863,0.030862,0.587549,0.691693,-0.093207,0.070308,0.000000,1.590619,0.319593,0.423802,0.354353,0.358205,-0.002794,-0.005958,0.166298,0.185410,0.571229,0.387295,0.622972,0.522902,0.032959,-0.075480,0.169287,0.252077,-0.153027,0.551089,0.411826,0.267340,0.052699,0.199513,0.190395,0.227097,0.167821,0.389825,0.309951,0.449286,0.425740,0.286992,0.143226,0.102661,0.150423,-0.036385,0.198617,0.250610,0.375333,0.494801,0.240113,0.262147,0.397043,0.388769,0.365786,0.573828,0.183511,0.210631,0.559423,0.522249,0.407670,0.319717,0.609389,0.368284,0.494763,0.429194,-0.048194,0.004811,0.088384,0.161968,0.131388,0.278892,0.364015,0.376898,-0.222442,0.488698,0.316108,0.462513
0.425434,0.300873,0.882068,1.214487,0.298382,0.302564,0.629797,1.174142,0.480572,0.579439,0.405094,0.481867,0.635248,0.197007,0.459157,0.022302,-0.110836,-0.026128,0.692806,0.730362,-0.067014,0.131092,1.590619,0.000000,0.299012,0.349375,0.276017,0.219554,0.038991,-0.012350,0.146541,0.176404,0.606933,0.398230,0.643657,0.533260,-0.001834,-0.027793,0.185308,0.265873,-0.132215,0.576128,0.398750,0.294393,0.105608,0.305561,0.143358,0.208469,0.283337,0.564143,0.401740,0.612585,0.461105,0.322333,0.105195,0.128159,0.211491,-0.024284,0.291718,0.383671,0.414538,0.564888,0.275084,0.272144,0.470289,0.472239,0.383821,0.673308,0.288662,0.289968,0.665152,0.628130,0.424068,0.318379,0.573247,0.385128,0.522605,0.451328,0.001211,0.003117,0.169968,0.205434,0.182949,0.295534,0.473554,0.562371,-0.178335,0.539682,0.358895,0.525824
-0.068182,-0.224426,0.026538,0.152652,1.001567,0.948883,0.002127,0.014955,1.051287,0.875904,0.026020,-0.223429,-0.031978,-0.277830,0.210224,-0.213750,-0.249788,-0.115527,0.004469,0.052481,-0.108786,0.043801,0.319593,0.299012,0.000000,1.330013,0.716877,0.406842,0.002868,0.089701,0.118623,0.022034,0.086788,-0.023752,0.307134,0.344841,-0.275363,-0.097821,-0.222700,0.098063,-0.178934,0.021830,0.141791,0.447492,-0.009584,0.251998,0.186129,0.387023,0.025854,0.368059,0.246097,0.359348,0.258297,0.103483,-0.121401,0.204516,-0.104285,-0.286665,0.109910,0.060578,0.150973,0.242819,-0.080179,0.116592,0.167990,0.335151,-0.022720,0.246737,0.023133,-0.117306,0.333676,0.278288,-0.007120,0.047252,0.048858,0.301671,0.063467,0.239803,-0.005448,0.258281,0.065862,0.277296,0.123228,0.333348,-0.119798,0.249829,-0.216627,0.580182,-0.165702,0.201134
-0.112672,-0.132596,0.067842,0.158121,1.168057,1.261691,0.006445,0.096680,1.237627,1.024507,0.149911,-0.012655,0.099148,-0.084077,0.359574,0.023825,-0.086090,0.162903,0.035616,0.059908,-0.008932,0.051046,0.423802,0.349375,1.330013,0.000000,1.010025,0.717201,0.130498,0.233967,0.281751,0.230449,0.171177,0.092067,0.288560,0.385768,-0.339044,-0.102737,-0.191170,0.061631,-0.292540,0.108672,0.050819,0.290662,-0.095464,0.107416,0.161666,0.354570,-0.047640,0.301634,0.166089,0.248234,0.175331,-0.028188,-0.034117,0.072951,-0.055233,-0.168529,0.116533,0.053203,0.204582,0.315378,-0.031239,0.232109,0.196034,0.419382,0.028336,0.269355,0.012471,-0.101439,0.479673,0.408330,0.097170,0.264570,0.221655,0.256998,0.229293,0.325987,0.067598,0.247163,0.143728,0.331794,0.188508,0.425740,-0.135231,0.193337,-0.249516,0.510496,-0.056171,0.211040
-0.047377,0.026332,0.153845,0.229152,0.856420,1.197834,0.058871,0.122192,0.749230,0.923829,0.120867,0.064014,0.078439,0.067941,0.374416,0.256825,0.032446,0.061357,-0.024991,0.038617,-0.052613,0.196719,0.354353,0.276017,0.716877,1.010025,0.000000,1.162743,0.168908,0.248838,0.188226,0.191826,-0.007941,-0.033947,0.268979,0.372873,-0.088993,0.020672,-0.017632,0.260251,-0.213006,0.174506,0.098081,0.171029,-0.035145,0.098490,0.067572,0.247772,0.129736,0.286848,0.286947,0.260974,0.074390,0.052982,0.050296,0.128296,-0.043834,-0.103361,0.130812,0.067209,0.096305,0.189122,0.014375,0.117767,0.150090,0.319291,0.052244,0.251362,0.011652,-0.156458,0.617416,0.568211,0.068377,0.184580,0.310784,0.248225,0.356786,0.357756,0.174885,0.260047,0.308258,0.401590,0.386035,0.485416,0.103308,0.237712,-0.069156,0.288773,0.167635,0.400388
-0.110009,0.106782,0.059939,0.148027,0.940015,1.111181,-0.083591,0.105073,0.704614,0.704906,-0.024572,0.104488,0.124230,0.141827,0.217273,0.192226,-0.012509,0.155012,-0.080973,0.114709,-0.145373,0.049157,0.358205,0.219554,0.406842,0.717201,1.162743,0.000000,-0.087012,-0.036681,0.015029,0.008950,0.024611,0.025139,0.129647,0.207675,0.046753,0.012760,0.007546,0.148721,-0.374051,0.056633,0.014935,0.049031,-0.055713,-0.038662,0.021109,0.096521,0.043250,0.083475,0.184197,0.094906,0.050271,0.070574,0.007745,0.000788,-0.059844,0.112976,0.023400,-0.036036,0.016842,0.121786,0.066379,0.187707,-0.091549,0.018923,0.066794,0.175126,-0.083258,-0.060547,0.424752,0.323052,0.155903,0.166048,0.398954,0.209572,0.317867,0.253396,-0.077432,-0.036323,0.036215,0.066246,0.144982,0.136697,-0.014818,-0.028829,-0.193507,0.059280,0.116795,0.252966
0.178984,0.273747,0.158230,0.051329,-0.204995,-0.035381,0.265746,0.149854,-0.081878,0.028180,0.651694,0.504082,0.308421,0.480646,0.710113,0.776470,0.865615,0.587450,0.250941,-0.133256,0.220783,0.125109,-0.002794,0.038991,0.002868,0.130498,0.168908,-0.087012,0.000000,1.448258,0.685599,0.750957,0.306103,0.313175,0.043883,0.216001,0.046637,0.011547,0.040771,-0.108273,-0.006009,0.322417,0.043606,-0.085632,0.254200,0.061873,0.230971,0.334348,0.166093,0.160297,0.101508,0.097832,-0.116179,-0.336838,0.383535,0.074868,0.402977,0.231619,0.286766,0.336799,0.324108,0.278612,0.295575,0.303615,0.463417,0.708452,0.273107,0.166534,0.240490,-0.052098,0.146295,0.369321,0.096608,0.540180,0.162437,0.053529,0.293964,0.143256,1.060057,0.685253,0.919086,0.935374,0.663269,0.905742,0.349358,0.208387,0.471655,-0.008570,0.208931,0.119654
0.099138,0.222104,0.128692,-0.007876,-0.140948,0.030871,0.223058,0.102096,-0.022657,0.067357,0.501874,0.444109,0.241213,0.436614,0.574890,0.786372,0.797440,0.605222,0.102865,-0.258430,0.145679,0.120917,-0.005958,-0.012350,0.089701,0.233967,0.248838,-0.036681,1.448258,0.000000,0.677724,0.734955,0.232929,0.256191,0.001736,0.216559,-0.066690,-0.063116,-0.079936,-0.107232,-0.059681,0.199635,-0.087930,-0.111706,0.110933,0.020246,0.180758,0.304607,0.099928,0.155116,0.102101,0.025498,-0.092879,-0.424145,0.328773,0.002171,0.333016,0.188456,0.297641,0.308959,0.329927,0.293403,0.194050,0.333624,0.408522,0.725530,0.190879,0.121747,0.126597,-0.140717,0.100020,0.291958,-0.075772,0.441962,0.010528,-0.061336,0.245117,0.099169,1.064930,0.936929,0.766467,0.980534,0.490611,0.889823,0.214856,0.213395,0.353348,-0.004823,0.102375,0.020511
0.229537,0.241480,0.263449,0.127808,-0.047824,0.150721,0.446577,0.267166,0.138230,0.174435,0.710035,0.668497,0.360925,0.464912,0.639530,0.532314,0.323527,0.419889,0.299446,0.036908,0.275064,0.368417,0.166298,0.146541,0.118623,0.281751,0.188226,0.015029,0.685599,0.677724,0.000000,1.595575,0.668559,0.805950,0.078029,0.231495,-0.188049,0.111628,-0.097180,-0.263307,0.168478,0.158038,-0.045077,-0.147024,-0.115462,-0.035017,0.105863,0.211403,-0.058039,0.013756,0.014299,-0.008135,-0.130554,-0.382210,0.104676,-0.012167,0.456779,0.295861,0.268787,0.346974,0.520175,0.424937,0.402427,0.476046,0.312484,0.456523,0.192076,0.202849,0.257903,0.192305,0.300916,0.485991,0.254752,0.604612,0.162824,0.067496,0.292281,0.357504,0.363416,0.288599,0.442652,0.566384,0.220417,0.436006,-0.048821,0.200078,0.017553,0.075213,0.053926,0.044259
0.214274,0.302186,0.341057,0.191499,-0.132795,0.060447,0.497919,0.333040,0.066560,0.100219,0.800577,0.757331,0.391034,0.589868,0.684739,0.634870,0.357826,0.490419,0.354907,0.061655,0.399399,0.352882,0.185410,0.176404,0.022034,0.230449,0.191826,0.008950,0.750957,0.734955,1.595575,0.000000,0.629656,0.786200,0.146670,0.200894,-0.171328,0.127106,-0.039398,-0.280298,0.092366,0.162904,-0.085625,-0.238028,-0.151703,-0.058981,0.055757,0.146088,-0.036745,0.007078,0.011645,-0.023723,-0.144123,-0.431096,0.142628,-0.051246,0.441510,0.299834,0.260354,0.356642,0.519858,0.413121,0.420943,0.525485,0.348381,0.467659,0.279398,0.233791,0.220501,0.214454,0.313686,0.544857,0.255112,0.592273,0.216508,0.037596,0.385572,0.366534,0.345621,0.206814,0.476922,0.524562,0.313967,0.466717,0.039058,0.165321,0.132706,-0.014617,0.131928,0.077156
0.500082,0.363432,0.484886,0.497047,0.062047,0.095135,0.637158,0.712002,0.289978,0.263759,0.694451,0.790301,0.735015,0.464554,0.579218,0.225301,0.191759,0.351874,0.770710,0.520018,-0.034171,0.062212,0.571229,0.606933,0.086788,0.171177,-0.007941,0.024611,0.306103,0.232929,0.668559,0.629656,0.000000,1.485768,0.472631,0.385068,0.088501,0.131795,0.043838,-0.209684,-0.004662,0.303082,0.239641,0.034213,0.172133,0.207537,0.415760,0.460792,0.125025,0.238342,0.265117,0.283265,0.299860,-0.018160,0.221516,0.132372,0.601915,0.404138,0.486020,0.555400,1.006241,0.704900,0.767050,0.739040,0.577656,0.549306,0.679318,0.655002,0.452777,0.568384,0.223068,0.408417,0.493508,0.681343,0.502969,0.375554,0.450326,0.379050,0.082624,0.052265,0.239735,0.353124,0.000155,0.200986,0.210450,0.332955,-0.151596,0.138125,0.104755,0.188725
0.405942,0.375917,0.384026,0.324214,-0.003499,0.078239,0.588865,0.573378,0.200944,0.178360,0.775202,0.910629,0.778221,0.700301,0.624106,0.387676,0.234371,0.449739,0.651014,0.433271,-0.050517,0.109013,0.387295,0.398230,-0.023752,0.092067,-0.033947,0.025139,0.313175,0.256191,0.805950,0.786200,1.485768,0.000000,0.370192,0.281217,0.133541,0.174322,0.052540,-0.328380,0.058440,0.180431,0.099152,-0.161625,0.019169,0.056311,0.300532,0.313178,0.006261,0.019137,0.127032,0.083672,0.085562,-0.167967,0.185646,0.053328,0.571990,0.503270,0.440021,0.560404,0.982806,0.686221,0.765192,0.799824,0.450937,0.422085,0.648441,0.551084,0.438194,0.631665,0.138383,0.325242,0.459494,0.661305,0.418487,0.314434,0.461101,0.365914,0.038374,-0.027609,0.157221,0.256546,-0.037738,0.101452,0.076080,0.145227,-0.086982,-0.084982,0.078851,0.136253
0.372458,0.200595,0.586835,0.577702,0.251601,0.219357,0.530001,0.399624,0.371600,0.347636,0.321107,0.196619,0.460330,0.042908,0.467851,-0.067350,-0.071027,-0.028054,0.603489,0.449133,-0.113035,0.129871,0.622972,0.643657,0.307134,0.288560,0.268979,0.129647,0.043883,0.001736,0.078029,0.146670,0.472631,0.370192,0.000000,0.669034,0.104928,0.108077,0.187604,0.143366,0.013110,0.307766,0.299271,0.180042,0.050712,0.224611,0.309286,0.363944,0.178134,0.351192,0.367864,0.426313,0.421141,0.248286,0.183594,0.395339,0.255076,-0.080974,0.306788,0.305558,0.550789,0.310659,0.312244,0.172249,0.696662,0.513964,0.487795,0.555456,0.326731,0.217697,0.377044,0.433190,0.326334,0.311899,0.438602,0.480249,0.471620,0.401093,-0.048198,-0.005180,0.082133,0.237165,0.084078,0.196431,0.349837,0.374301,-0.116990,0.367636,0.308963,0.579484
0.375816,0.236110,0.589625,0.584517,0.288082,0.311901,0.640553,0.452455,0.419885,0.397498,0.433082,0.321571,0.402172,0.155497,0.643074,0.185838,0.036782,0.119774,0.612635,0.370620,-0.040778,0.317235,0.522902,0.533260,0.344841,0.385768,0.372873,0.207675,0.216001,0.216559,0.231495,0.200894,0.385068,0.281217,0.669034,0.000000,-0.052053,0.272536,0.279832,0.353382,0.218212,0.325274,0.361060,0.236090,0.001939,0.275448,0.337297,0.352186,0.168024,0.490690,0.326993,0.470805,0.364963,0.157113,0.337828,0.451410,0.360083,0.032622,0.406435,0.424213,0.499453,0.534705,0.294445,0.269685,0.692253,0.748283,0.462134,0.564893,0.420309,0.226887,0.388215,0.530446,0.310339,0.330748,0.384128,0.236182,0.616379,0.698406,0.214774,0.199475,0.432614,0.591234,0.314405,0.418049,0.379065,0.657050,0.047074,0.394997,0.531837,0.722213
0.128299,0.223287,0.025026,0.015806,-0.099825,-0.154780,-0.012876,0.077336,-0.197253,-0.054286,0.158879,0.218270,0.290754,0.375746,0.116154,0.256865,0.335646,0.135943,0.130031,0.070836,-0.239868,-0.130718,0.032959,-0.001834,-0.275363,-0.339044,-0.088993,0.046753,0.046637,-0.066690,-0.188049,-0.171328,0.088501,0.133541,0.104928,-0.052053,0.000000,0.130553,0.301105,0.080539,-0.088479,0.323128,0.174640,-0.133656,0.300640,0.017894,0.186249,0.129987,0.211599,-0.122320,0.104781,0.023813,-0.099711,0.159897,0.267970,0.177912,0.112222,0.320717,0.103437,0.071413,0.100660,0.001269,0.239911,0.041002,0.181547,0.009993,0.328169,0.083275,0.096861,0.069950,-0.243715,-0.104653,0.120639,0.084186,0.301815,0.272093,0.119372,-0.045483,0.048953,0.030791,0.044597,-0.008120,0.210931,-0.058209,0.386971,-0.150479,0.189496,-0.378009,0.178379,0.187160
0.279446,0.353988,0.196344,0.229895,-0.147404,-0.057693,0.395020,0.136759,-0.163638,-0.130007,0.102464,0.203112,-0.025949,0.145758,0.101560,0.154599,0.125690,0.050747,0.369202,0.259485,0.089448,0.448032,-0.075480,-0.027793,-0.097821,-0.102737,0.020672,0.012760,0.011547,-0.063116,0.111628,0.127106,0.131795,0.174322,0.108077,0.272536,0.130553,0.000000,0.218737,0.237533,0.395470,0.064919,0.150234,0.049737,-0.016941,0.128313,0.119163,0.088454,0.240437,0.058724,0.270336,0.185219,0.035192,0.206004,0.175609,0.407030,0.248404,0.296536,0.227064,0.283703,0.112533,0.148959,0.307687,0.318205,0.050181,0.053288,0.245365,0.187374,0.192659,0.360395,0.053038,0.313179,0.380730,0.271532,0.018761,0.069977,0.411204,0.669702,0.023447,-0.209763,0.124807,0.256160,0.006548,-0.196012,0.033969,0.294135,0.137518,-0.245149,0.292159,0.366187
0.461746,0.392876,0.504124,0.346792,-0.049154,-0.108351,0.399395,0.247918,-0.010313,-0.057526,0.139079,0.304274,0.213805,0.368847,0.378448,0.359329,0.059027,-0.074388,0.449388,0.275864,0.006501,0.350028,0.169287,0.185308,-0.222700,-0.191170,-0.017632,0.007546,0.040771,-0.079936,-0.097180,-0.039398,0.043838,0.052540,0.187604,0.279832,0.301105,0.218737,0.000000,0.779594,0.432615,0.209386,0.211799,-0.014920,0.282018,0.218340,0.145497,-0.080621,0.346057,0.145607,0.391036,0.320087,0.212898,0.189585,0.729591,0.497046,0.328512,0.262530,0.336888,0.258343,0.115542,0.001258,0.225549,-0.074740,0.301397,0.068514,0.483198,0.351657,0.638949,0.369374,0.096460,0.218291,0.410935,0.139368,0.500876,0.268039,0.479004,0.346959,0.051519,-0.080862,0.355437,0.199609,0.492375,0.086184,0.553340,0.244932,0.659186,0.062972,0.980240,0.622461
0.279519,0.169696,0.396489,0.427269,0.174410,0.140796,0.252671,0.164364,0.135012,0.229053,-0.181228,-0.020212,-0.045752,-0.007477,0.128400,0.113518,-0.080698,-0.342682,0.139198,0.128370,-0.026453,0.365174,0.252077,0.265873,0.098063,0.061631,0.260251,0.148721,-0.108273,-0.107232,-0.263307,-0.280298,-0.209684,-0.328380,0.143366,0.353382,0.080539,0.237533,0.779594,0.000000,0.300549,0.248568,0.262065,0.343308,0.227030,0.282621,0.052138,-0.025338,0.323273,0.314303,0.398292,0.441841,0.240374,0.346494,0.406249,0.484683,0.009902,-0.085535,0.165124,0.087158,-0.149932,-0.032866,-0.134290,-0.280133,0.141667,0.103778,0.099286,0.192905,0.298006,0.017291,0.228745,0.232365,0.170949,-0.041368,0.231930,0.217361,0.275085,0.345681,0.050685,0.115968,0.249815,0.243510,0.322450,0.093804,0.439633,0.443562,0.312500,0.315359,0.678149,0.612139
0.346179,0.065507,0.291019,0.130820,-0.334264,-0.264015,0.461318,0.031171,-0.196059,-0.259722,0.133333,0.099460,-0.024335,0.056144,0.227054,0.097729,-0.083437,-0.247100,0.299356,0.153928,0.029491,0.551876,-0.153027,-0.132215,-0.178934,-0.292540,-0.213006,-0.374051,-0.006009,-0.059681,0.168478,0.092366,-0.004662,0.058440,0.013110,0.218212,-0.088479,0.395470,0.432615,0.300549,0.000000,0.122738,0.129142,0.039668,-0.039757,0.193293,0.068578,-0.097407,0.132619,0.015350,0.091010,0.091448,0.000682,0.040023,0.305274,0.327629,0.170177,-0.012508,0.188156,0.210929,0.117875,0.085945,0.108250,-0.010529,0.117394,0.067671,0.064433,0.062440,0.325095,0.226627,0.010170,0.152766,0.333409,0.056821,-0.034369,0.073355,0.127416,0.361356,0.014283,-0.034397,0.229013,0.239216,0.050701,-0.079102,0.159276,0.370367,0.312134,0.048031,0.374561,0.223905
0.231080,0.073402,0.439545,0.523298,0.015406,0.145967,0.406465,0.550769,0.109250,0.315959,0.436834,0.346965,0.487881,0.240681,0.493896,0.252918,0.306277,0.072466,0.495797,0.261403,0.045552,0.090471,0.551089,0.576128,0.021830,0.108672,0.174506,0.056633,0.322417,0.199635,0.158038,0.162904,0.303082,0.180431,0.307766,0.325274,0.323128,0.064919,0.209386,0.248568,0.122738,0.000000,0.342814,0.197447,0.246493,0.140267,0.104870,0.173109,0.230916,0.247605,0.100748,0.311862,0.049872,0.102329,0.222489,0.024516,0.102415,-0.054624,0.205443,0.248493,0.209965,0.351841,0.179747,0.190844,0.412167,0.454139,0.320410,0.405348,0.159449,0.081043,0.424145,0.550697,0.555143,0.446472,0.494211,0.331216,0.426918,0.300795,0.358226,0.179017,0.366052,0.359486,0.389601,0.389083,0.619135,0.474179,0.034038,0.253838,0.366228,0.326299
0.443444,0.167837,0.433081,0.547743,0.085353,0.078555,0.410418,0.509233,0.161900,0.163002,0.333314,0.076361,0.360486,-0.030448,0.237183,-0.128326,0.138202,0.082799,0.676513,0.741465,-0.056719,-0.123629,0.411826,0.398750,0.141791,0.050819,0.098081,0.014935,0.043606,-0.087930,-0.045077,-0.085625,0.239641,0.099152,0.299271,0.361060,0.174640,0.150234,0.211799,0.262065,0.129142,0.342814,0.000000,0.891700,0.490252,0.774754,0.794245,0.748202,0.582668,0.498956,0.502902,0.673077,0.537213,0.745421,0.292993,0.610168,0.289160,-0.012399,0.408363,0.536518,0.271565,0.422234,0.440212,0.253681,0.272272,0.294898,0.439583,0.534009,0.338003,0.378565,0.141088,0.215399,0.186707,0.074654,0.301829,0.103069,0.421069,0.435431,0.118869,0.040970,0.222415,0.303293,0.188099,0.292519,0.469840,0.498341,0.013023,0.323402,0.366594,0.634533
0.265820,-0.105063,0.157690,0.393531,0.291389,0.260660,0.168922,0.252985,0.352225,0.328901,0.013178,-0.202212,0.042222,-0.387686,0.008962,-0.412131,-0.124456,-0.093592,0.280124,0.425569,0.048131,-0.051863,0.267340,0.294393,0.447492,0.290662,0.171029,0.049031,-0.085632,-0.111706,-0.147024,-0.238028,0.034213,-0.161625,0.180042,0.236090,-0.133656,0.049737,-0.014920,0.343308,0.039668,0.197447,0.891700,0.000000,0.370026,0.806116,0.520192,0.547643,0.355640,0.605231,0.486384,0.707047,0.588682,0.708210,0.055630,0.460719,0.014217,-0.288864,0.246307,0.261294,0.085886,0.264780,0.104367,0.067099,0.049839,0.219062,0.064021,0.388153,0.128388,0.113410,0.133423,0.122867,0.088132,-0.013512,0.121644,0.147394,0.180295,0.307358,0.087428,0.192330,0.059809,0.251284,0.024446,0.239569,0.134966,0.556686,-0.198145,0.667193,0.074585,0.341216
0.467543,0.249287,0.169274,0.198760,-0.054024,-0.066772,0.143952,0.138987,-0.021197,-0.001963,0.108671,0.015201,0.202938,0.106162,0.155172,0.086323,0.350295,0.009400,0.229476,0.117889,-0.158311,-0.155283,0.052699,0.105608,-0.009584,-0.095464,-0.035145,-0.055713,0.254200,0.110933,-0.115462,-0.151703,0.172133,0.019169,0.050712,0.001939,0.300640,-0.016941,0.282018,0.227030,-0.039757,0.246493,0.490252,0.370026,0.000000,0.745562,0.645400,0.580017,0.851028,0.478410,0.576822,0.510229,0.390309,0.435300,0.493787,0.562766,0.317821,0.245740,0.480151,0.372873,0.183197,0.038328,0.297393,0.058229,0.271975,0.186654,0.391522,0.326192,0.421608,0.257289,0.048848,0.049024,0.163501,0.243081,0.189088,0.167434,0.109559,-0.029109,0.234737,0.243992,0.317271,0.303746,0.221445,0.197648,0.549622,0.306983,0.302559,0.107421,0.198002,0.250442
0.660497,0.292645,0.423415,0.519469,0.078407,0.076714,0.445727,0.355508,0.190047,0.188530,0.226335,0.067985,0.237967,-0.036811,0.197527,-0.115679,0.003128,-0.091977,0.520052,0.470091,-0.046364,0.109301,0.199513,0.305561,0.251998,0.107416,0.098490,-0.038662,0.061873,0.020246,-0.035017,-0.058981,0.207537,0.056311,0.224611,0.275448,0.017894,0.128313,0.218340,0.282621,0.193293,0.140267,0.774754,0.806116,0.745562,0.000000,0.742716,0.673717,1.012208,1.010615,0.970009,1.003243,0.803323,0.802639,0.386389,0.867689,0.332526,0.089703,0.640141,0.679804,0.359169,0.317160,0.312164,0.247732,0.236065,0.245359,0.328639,0.540090,0.510582,0.396341,0.134947,0.222403,0.192870,0.182457,0.177032,0.213544,0.277813,0.324505,0.102787,0.172562,0.258724,0.434558,0.154390,0.242227,0.475500,0.752761,0.123995,0.404918,0.309008,0.564106
0.448382,0.227947,0.256345,0.193782,0.125757,0.086255,0.260338,0.231890,0.214737,0.085270,0.390593,0.111912,0.362720,0.050340,0.314789,0.007222,0.379599,0.407515,0.521626,0.423798,-0.195260,-0.187564,0.190395,0.143358,0.186129,0.161666,0.067572,0.021109,0.230971,0.180758,0.105863,0.055757,0.415760,0.300532,0.309286,0.337297,0.186249,0.119163,0.145497,0.052138,0.068578,0.104870,0.794245,0.520192,0.645400,0.742716,0.000000,1.244492,0.497642,0.406244,0.550928,0.510046,0.575171,0.427569,0.572402,0.780729,0.482388,0.201811,0.506551,0.495661,0.521512,0.361112,0.618867,0.418420,0.401752,0.400615,0.547464,0.460651,0.460983,0.390216,-0.038529,0.096501,0.156803,0.368452,0.312371,0.182958,0.372171,0.267283,0.152986,0.197426,0.239775,0.464097,0.094383,0.258193,0.296422,0.405578,0.102165,0.232601,0.224866,0.453188
0.337388,0.187177,0.192765,0.191593,0.237091,0.233259,0.190307,0.216467,0.314650,0.249795,0.388831,0.106607,0.307137,0.031138,0.346164,0.022156,0.377435,0.316749,0.396747,0.295674,-0.172388,-0.191011,0.227097,0.208469,0.387023,0.354570,0.247772,0.096521,0.334348,0.304607,0.211403,0.146088,0.460792,0.313178,0.363944,0.352186,0.129987,0.088454,-0.080621,-0.025338,-0.097407,0.173109,0.748202,0.547643,0.580017,0.673717,1.244492,0.000000,0.489577,0.449831,0.494071,0.553506,0.477044,0.366313,0.359356,0.669989,0.370434,0.125059,0.461189,0.487850,0.519102,0.368322,0.473210,0.406176,0.396023,0.518952,0.433366,0.454563,0.328696,0.268718,0.073398,0.183290,0.049834,0.322669,0.241909,0.236613,0.325733,0.277467,0.269390,0.331570,0.268483,0.520743,0.144995,0.409167,0.211593,0.352741,-0.001969,0.253236,0.064053,0.391784
