0.000000,1.280845,0.629230,0.603953,0.389855,0.385550,0.728206,0.605615,0.508322,0.449477,0.523261,0.553320,0.519544,0.632945,0.444661,0.744948,0.422221,0.779605,1.031494,0.990117,0.132128,0.082257,0.566450,0.519159,0.418483,0.421317,0.243473,0.264998,0.843705,0.674523,0.645728,0.561657,0.962254,1.026653,0.462684,0.504181,0.605648,0.318216,0.368838,0.292540,0.392785,0.178154,0.735720,0.731034,0.562976,0.745351,0.728922,0.760990,0.579806,0.576715,0.655528,0.660866,0.453367,0.500415,0.612666,0.692625,1.225527,0.799541,0.623656,0.593930,0.526175,0.569853,0.492251,0.673362,0.423686,0.533754,0.663079,0.664808,1.060146,0.819584,-0.083217,-0.031711,0.660386,0.712703,0.753670,0.722282,0.809430,0.741544,0.489613,0.541423,0.826329,0.840511,0.604759,0.500589,0.531900,0.798086,0.333777,0.034879,0.343310,0.831752
1.280845,0.000000,0.458867,0.556000,0.330786,0.408931,0.547933,0.613038,0.420975,0.366809,0.322340,0.498597,0.343985,0.472283,0.292844,0.611400,0.460689,0.963685,0.982733,1.131659,0.027310,0.037165,0.436553,0.439037,0.366526,0.406869,0.250446,0.311737,0.744502,0.623262,0.517001,0.473656,1.053263,1.129187,0.438609,0.450456,0.445519,0.299569,0.300814,0.303769,0.314045,0.204505,0.689080,0.683448,0.526147,0.662348,0.747487,0.758606,0.600350,0.621531,0.682251,0.694219,0.484651,0.524260,0.595420,0.706350,1.383401,1.091862,0.595928,0.662819,0.443616,0.729254,0.515566,0.849879,0.317544,0.592007,0.542406,0.608812,0.862662,0.748159,-0.116583,-0.150572,0.544344,0.629316,0.543786,0.676594,0.633251,0.579346,0.391799,0.705174,0.848513,0.812812,0.568823,0.505885,0.464616,0.642280,0.342721,0.083021,0.225932,0.671903
0.629230,0.458867,0.000000,0.940512,0.464476,0.108692,1.161975,0.535433,0.530940,0.106771,0.285987,0.268466,0.242730,0.285359,0.459893,0.298164,0.264900,0.341132,0.497227,0.405870,0.256075,0.196576,1.603606,0.925136,0.758414,0.501166,0.421451,0.279796,0.407739,0.203750,0.683855,0.567148,0.466023,0.344763,0.788826,0.581574,0.423047,0.235513,0.491086,0.136397,0.280581,0.130569,0.415375,0.408846,0.457269,0.444055,0.403002,0.387647,0.482674,0.355685,0.451731,0.481685,0.295601,0.353916,0.490681,0.396164,0.547109,0.573648,0.371187,0.444411,0.205732,0.214603,0.321030,0.252052,0.649784,0.245534,0.631298,0.639162,0.486895,0.268921,0.161500,0.169767,0.503548,0.427438,0.594932,0.394646,0.588198,0.547464,0.145925,0.330907,0.401417,0.372564,0.386783,0.197547,0.597685,0.623177,0.372981,0.211406,0.558903,0.585143
0.603953,0.556000,0.940512,0.000000,0.302092,0.137242,1.200598,1.284502,0.314453,0.315863,0.292347,0.539632,0.304814,0.550119,0.422358,0.436341,0.328851,0.402630,0.679075,0.587541,0.166428,0.129889,0.922346,1.316502,0.406562,0.439894,0.140435,0.104145,0.592197,0.420995,0.660835,0.817303,0.599467,0.662855,0.462198,0.579538,0.167188,0.231332,0.293348,0.051307,0.113449,0.228890,0.297057,0.350015,0.317123,0.454954,0.289266,0.410182,0.455884,0.431422,0.351014,0.397271,0.271491,0.212847,0.423901,0.270481,0.560110,0.428096,0.399574,0.313625,0.442211,0.332405,0.282948,0.270736,0.598389,0.502217,0.373590,0.509018,0.399501,0.320102,0.339972,0.232308,0.579741,0.644158,0.711146,0.595312,0.357668,0.345705,0.160336,0.354147,0.388726,0.502816,0.396430,0.301249,0.550534,0.622792,0.378536,0.276619,0.532461,0.551989
0.389855,0.330786,0.464476,0.302092,0.000000,0.714962,0.439449,0.232375,1.104020,0.665356,0.548031,0.231914,0.426495,0.445350,0.762281,0.404362,0.623129,0.176231,0.315406,0.288389,0.655930,0.447473,0.551070,0.375375,1.219868,1.078547,1.045102,0.939600,0.240911,0.026476,0.055551,-0.088282,0.180078,0.170384,0.812647,0.628707,0.468457,0.095716,0.885492,0.382844,0.158681,-0.162749,0.563736,0.565456,0.650395,0.597778,0.471251,0.458955,0.634272,0.574289,0.567496,0.644225,0.358607,0.456905,0.573313,0.490252,0.333573,0.216539,0.564524,0.559798,0.359759,0.331955,0.608960,0.192696,0.724375,0.576525,0.694829,0.711390,0.475386,0.341548,-0.269465,-0.308413,0.315894,0.095186,0.532910,0.332765,0.459912,0.392972,0.384985,0.331143,0.575673,0.273328,0.306810,0.119172,0.632383,0.544641,0.244426,0.134925,0.600377,0.524151
0.385550,0.408931,0.108692,0.137242,0.714962,0.000000,0.112848,0.238124,0.550992,0.934063,0.351171,0.314702,0.245791,0.330210,0.289602,0.456127,0.388405,0.229435,0.279204,0.335468,0.531411,0.461509,0.090150,0.166224,0.439986,0.753405,0.493320,0.798981,0.148621,0.074447,-0.120395,-0.241597,0.180382,0.256230,0.295675,0.359271,0.378199,0.080835,0.452884,0.352945,0.068382,-0.127085,0.442073,0.410999,0.342380,0.340208,0.470397,0.422412,0.336338,0.400039,0.435910,0.433822,0.470538,0.445269,0.416184,0.415540,0.310846,0.184910,0.335422,0.393743,0.354154,0.473118,0.434983,0.301157,0.209431,0.526627,0.301162,0.326158,0.342364,0.391592,-0.305719,-0.281327,0.171830,0.061366,0.258279,0.334248,0.272938,0.255428,0.188420,0.193568,0.391194,0.225053,0.223237,0.152838,0.339270,0.379330,0.114442,0.056203,0.362730,0.526226
0.728206,0.547933,1.161975,1.200598,0.439449,0.112848,0.000000,0.906431,0.485953,0.279102,0.535533,0.579466,0.526426,0.617521,0.663154,0.522516,0.438498,0.366739,0.671400,0.482314,0.198758,0.192575,1.141290,1.133917,0.641078,0.524593,0.293162,0.201167,0.640650,0.407428,0.810630,0.742471,0.629867,0.596019,0.718363,0.699529,0.237808,0.201465,0.436556,0.035695,0.154443,0.138724,0.394969,0.472066,0.540413,0.625593,0.370573,0.468223,0.646372,0.541656,0.515410,0.592627,0.258809,0.283529,0.496218,0.365174,0.563514,0.430189,0.599523,0.422616,0.608993,0.401883,0.446697,0.374501,0.971280,0.576190,0.646420,0.688760,0.392792,0.363301,0.262392,0.243537,0.541131,0.573885,0.780662,0.581380,0.503145,0.475759,0.197464,0.415593,0.429865,0.522854,0.421858,0.217832,0.706123,0.842353,0.438861,0.219889,0.502415,0.572575
0.605615,0.613038,0.535433,1.284502,0.232375,0.238124,0.906431,0.000000,0.281236,0.435983,0.459771,0.922030,0.470801,0.873734,0.434449,0.658839,0.406973,0.416938,0.610160,0.527505,0.061548,0.163330,0.556320,0.974126,0.235452,0.347511,0.029726,0.060254,0.669697,0.466124,0.503915,0.751929,0.575232,0.768770,0.270103,0.424363,0.072866,0.118627,0.127460,-0.031745,-0.020075,0.146014,0.206391,0.240188,0.239250,0.394747,0.242219,0.336358,0.365890,0.330779,0.257317,0.315598,0.188728,0.134169,0.266328,0.210423,0.612805,0.363901,0.351448,0.236861,0.719215,0.553840,0.404643,0.426733,0.525525,0.761482,0.210525,0.368191,0.287357,0.336900,0.349915,0.247247,0.523908,0.636731,0.577850,0.589504,0.343410,0.334748,0.152679,0.352492,0.359457,0.377781,0.248075,0.189510,0.461301,0.467563,0.207863,0.174935,0.378702,0.450518
0.508322,0.420975,0.530940,0.314453,1.104020,0.550992,0.485953,0.281236,0.000000,0.575379,0.549218,0.323360,0.450960,0.452956,0.697173,0.369232,0.512406,0.286037,0.433022,0.326579,0.372675,0.446200,0.584338,0.393617,1.063684,0.876186,0.841146,0.714291,0.254950,0.026531,0.106842,0.019646,0.263267,0.238760,0.876556,0.650649,0.531005,0.203567,0.659205,0.356845,0.133830,-0.081341,0.604985,0.551823,0.722302,0.631108,0.527343,0.495429,0.640060,0.577730,0.616809,0.604778,0.397881,0.463650,0.552660,0.555622,0.430579,0.301268,0.611982,0.534134,0.412815,0.303308,0.689746,0.255604,0.863972,0.488249,0.860378,0.805297,0.493141,0.496178,-0.273100,-0.248821,0.239162,0.175290,0.493570,0.334421,0.641950,0.556182,0.401303,0.393649,0.588977,0.326694,0.310207,0.082052,0.846555,0.600088,0.265352,0.099055,0.555558,0.606018
0.449477,0.366809,0.106771,0.315863,0.665356,0.934063,0.279102,0.435983,0.575379,0.000000,0.478239,0.590956,0.375404,0.628681,0.398938,0.477636,0.436676,0.231758,0.451628,0.388921,0.372646,0.257039,0.140579,0.386662,0.356686,0.666609,0.190939,0.331684,0.315459,0.236210,-0.065992,-0.061482,0.191692,0.323973,0.255176,0.445452,0.278659,0.116673,0.478431,0.294857,0.046448,-0.025983,0.342022,0.366280,0.286341,0.341961,0.302635,0.323149,0.309905,0.367253,0.370664,0.398550,0.340691,0.313658,0.342640,0.366528,0.233844,0.066090,0.443476,0.326898,0.592795,0.517345,0.333310,0.222403,0.449198,0.817420,0.250631,0.314359,0.405680,0.483431,-0.088274,-0.087536,0.297256,0.257510,0.495283,0.510557,0.297622,0.290980,0.267427,0.265047,0.383191,0.331459,0.233267,0.195261,0.395054,0.504540,0.202928,0.024486,0.517061,0.568390
0.523261,0.322340,0.285987,0.292347,0.548031,0.351171,0.535533,0.459771,0.549218,0.478239,0.000000,0.764996,1.185434,1.088655,1.189872,0.856842,0.679618,0.037998,0.286301,0.088062,0.164472,0.286590,0.289599,0.408440,0.410695,0.466195,0.326605,0.279579,0.541078,0.269232,0.130252,0.115544,0.145233,0.278347,0.351420,0.427897,0.201843,0.195435,0.429660,0.223136,0.106105,-0.006233,0.262821,0.325840,0.394104,0.450825,0.203721,0.236605,0.385052,0.340020,0.253546,0.337350,0.146221,0.079352,0.226723,0.238493,0.333850,0.119592,0.297229,0.148647,0.764139,0.370076,0.722817,0.253782,0.738631,0.681259,0.221081,0.258507,0.248840,0.108416,-0.015011,0.044211,0.509216,0.396394,0.719280,0.433431,0.452910,0.407795,0.417756,0.123395,0.368954,0.197034,0.149428,0.016027,0.588328,0.425382,-0.021363,0.007431,0.293998,0.326780
0.553320,0.498597,0.268466,0.539632,0.231914,0.314702,0.579466,0.922030,0.323360,0.590956,0.764996,0.000000,0.639329,1.092168,0.536479,0.763296,0.536368,0.345521,0.455920,0.307743,0.025165,0.166719,0.246132,0.592217,0.165922,0.290493,-0.035672,-0.039831,0.603451,0.427894,0.203064,0.303520,0.397724,0.563337,0.153659,0.353397,0.148673,0.164812,0.241895,0.086043,0.027492,0.154838,0.035144,0.054343,0.092414,0.186136,0.100176,0.154282,0.188339,0.167979,0.185309,0.249892,0.181592,0.069952,0.191552,0.285422,0.462396,0.219870,0.354492,0.181076,0.960664,0.675822,0.591392,0.535910,0.478621,0.871149,0.107722,0.194373,0.286669,0.311282,0.205033,0.179429,0.613554,0.622395,0.593837,0.540171,0.377571,0.455698,0.249629,0.341606,0.349381,0.269102,0.129179,0.074128,0.388869,0.354510,0.139880,0.140694,0.295207,0.402575
0.519544,0.343985,0.242730,0.304814,0.426495,0.245791,0.526426,0.470801,0.450960,0.375404,1.185434,0.639329,0.000000,1.085361,1.085680,0.870784,0.449118,0.130145,0.276440,0.167007,0.057194,0.155314,0.254063,0.297208,0.310932,0.281905,0.202607,0.215209,0.476193,0.346384,0.194569,0.214552,0.226159,0.339558,0.246178,0.401355,0.155893,0.190507,0.217043,0.176400,0.119925,0.063843,0.241923,0.294953,0.322775,0.419131,0.185881,0.227112,0.290953,0.308753,0.216911,0.265938,-0.049977,0.004834,0.156499,0.218295,0.276060,0.160849,0.265679,0.101840,0.628878,0.319622,0.546045,0.345443,0.636906,0.612490,0.239360,0.250175,0.219009,0.195369,-0.038676,0.020443,0.499270,0.424889,0.611453,0.404077,0.359961,0.332015,0.446052,0.208326,0.269654,0.263131,0.063768,0.065462,0.463728,0.406311,-0.005792,-0.132205,0.105194,0.255702
0.632945,0.472283,0.285359,0.550119,0.445350,0.330210,0.617521,0.873734,0.452956,0.628681,1.088655,1.092168,1.085361,0.000000,0.866139,1.028336,0.574107,0.274610,0.409666,0.263160,0.111438,0.222385,0.317534,0.582823,0.333129,0.400394,0.123721,0.152962,0.670688,0.497023,0.241852,0.342623,0.349837,0.507531,0.260898,0.458620,0.118881,0.198064,0.248495,0.155002,0.074225,0.075337,0.224390,0.300839,0.307224,0.437015,0.194058,0.273476,0.353933,0.371997,0.301417,0.372907,0.160454,0.099711,0.220066,0.286435,0.469235,0.224034,0.361772,0.188770,0.942595,0.534904,0.629856,0.429283,0.623547,0.886096,0.184104,0.294518,0.319844,0.268284,0.189498,0.146762,0.590474,0.550553,0.734059,0.542243,0.452299,0.446098,0.483169,0.279315,0.393833,0.347649,0.173181,0.121713,0.520230,0.495978,0.036361,-0.039272,0.302551,0.404553
0.444661,0.292844,0.459893,0.422358,0.762281,0.289602,0.663154,0.434449,0.697173,0.398938,1.189872,0.536479,1.085680,0.866139,0.000000,0.762278,0.655794,0.030626,0.268399,0.122110,0.347118,0.372862,0.487042,0.559895,0.709351,0.685320,0.564838,0.449903,0.432536,0.186557,0.134433,0.123162,0.142280,0.215965,0.534464,0.611557,0.187264,0.183390,0.525443,0.214627,0.058900,-0.044978,0.301187,0.381913,0.526661,0.529970,0.209338,0.261933,0.506581,0.448509,0.345476,0.404602,0.176844,0.116557,0.283180,0.212312,0.287499,0.124241,0.344193,0.216594,0.568049,0.256872,0.735950,0.207596,0.875223,0.575450,0.368857,0.434224,0.286258,0.095877,-0.007032,0.039302,0.483055,0.298107,0.732510,0.379906,0.369864,0.344189,0.478225,0.166735,0.428672,0.244931,0.135521,0.004834,0.806529,0.510740,0.041932,0.031969,0.373683,0.318724
0.744948,0.611400,0.298164,0.436341,0.404362,0.456127,0.522516,0.658839,0.369232,0.477636,0.856842,0.763296,0.870784,1.028336,0.762278,0.000000,0.567082,0.322135,0.441356,0.382095,0.160119,0.208992,0.310976,0.431591,0.329044,0.406816,0.262028,0.316696,0.657657,0.591205,0.331517,0.337060,0.400419,0.575606,0.213439,0.406520,0.188701,0.250985,0.215707,0.270977,0.177958,0.114218,0.346360,0.402549,0.352549,0.453590,0.338357,0.378751,0.324292,0.352246,0.308680,0.338146,0.178707,0.200916,0.203420,0.327915,0.630198,0.313731,0.240879,0.133177,0.552076,0.425650,0.620629,0.471349,0.388089,0.597107,0.214406,0.235701,0.354358,0.286311,0.043056,0.091745,0.551733,0.552786,0.577274,0.611208,0.376045,0.422269,0.407081,0.307625,0.509801,0.446351,0.221277,0.263067,0.504892,0.553165,0.052684,-0.026639,0.176123,0.519561
0.422221,0.460689,0.264900,0.328851,0.623129,0.388405,0.438498,0.406973,0.512406,0.436676,0.679618,0.536368,0.449118,0.574107,0.655794,0.567082,0.000000,0.434781,0.429435,0.371575,0.361071,0.367567,0.284806,0.347847,0.582532,0.592046,0.509463,0.469429,0.659510,0.344372,0.173157,0.073181,0.352562,0.421269,0.554601,0.591388,0.364971,0.319225,0.614791,0.513252,0.237850,0.168292,0.411210,0.438209,0.448953,0.461452,0.381315,0.362106,0.502589,0.522671,0.547750,0.579490,0.409873,0.365328,0.513989,0.458886,0.497706,0.262059,0.443264,0.411291,0.568112,0.546899,0.991439,0.475948,0.544415,0.646460,0.371927,0.458787,0.386803,0.304872,-0.109894,-0.091670,0.458815,0.401927,0.565441,0.523318,0.306472,0.346897,0.607360,0.411183,0.877465,0.487034,0.452834,0.296619,0.775943,0.561479,0.188362,0.161322,0.272232,0.468849
0.779605,0.963685,0.341132,0.402630,0.176231,0.229435,0.366739,0.416938,0.286037,0.231758,0.037998,0.345521,0.130145,0.274610,0.030626,0.322135,0.434781,0.000000,0.696185,0.982704,0.042729,-0.032128,0.361538,0.228586,0.263168,0.174016,0.099640,0.141367,0.652784,0.715459,0.597660,0.543294,1.096644,0.971408,0.349555,0.343916,0.555371,0.356366,0.195078,0.338907,0.393305,0.318403,0.534127,0.519443,0.375293,0.510379,0.603498,0.614183,0.396628,0.507271,0.590573,0.552755,0.312041,0.442553,0.559404,0.755280,0.977504,0.915778,0.472924,0.582975,0.237761,0.586095,0.390222,0.930902,0.132665,0.365044,0.468726,0.529936,0.677169,0.730082,-0.079127,-0.082112,0.505588,0.667727,0.348101,0.526771,0.534140,0.594593,0.438898,0.952780,0.773777,0.948507,0.559340,0.624659,0.317783,0.578050,0.326918,0.105620,0.091132,0.644631
1.031494,0.982733,0.497227,0.679075,0.315406,0.279204,0.671400,0.610160,0.433022,0.451628,0.286301,0.455920,0.276440,0.409666,0.268399,0.441356,0.429435,0.696185,0.000000,1.337252,0.030234,0.018217,0.516610,0.538159,0.307315,0.376086,0.198956,0.249642,0.685349,0.501123,0.572354,0.555086,0.979515,1.076819,0.463217,0.434043,0.462633,0.266536,0.385413,0.355204,0.428927,0.373499,0.680387,0.659168,0.406431,0.584421,0.680129,0.778990,0.496531,0.549393,0.577412,0.561560,0.358861,0.464256,0.563626,0.617772,0.782669,0.603424,0.598829,0.523017,0.445475,0.468230,0.313657,0.485661,0.418308,0.488037,0.635267,0.581795,0.846989,0.976272,-0.182367,-0.133649,0.568185,0.735475,0.669108,0.952490,0.471564,0.436850,0.249109,0.636895,0.742852,0.783289,0.704817,0.577834,0.481826,0.639021,0.608262,0.202521,0.311029,0.797601
0.990117,1.131659,0.405870,0.587541,0.288389,0.335468,0.482314,0.527505,0.326579,0.388921,0.088062,0.307743,0.167007,0.263160,0.122110,0.382095,0.371575,0.982704,1.337252,0.000000,0.051491,-0.060884,0.396254,0.370830,0.260157,0.328927,0.154006,0.250519,0.691942,0.646035,0.553203,0.489521,1.110764,1.229579,0.382929,0.360611,0.646153,0.316904,0.359542,0.400581,0.537079,0.360969,0.722518,0.669568,0.428990,0.584194,0.773155,0.779453,0.515547,0.589174,0.686020,0.621225,0.459519,0.594620,0.693494,0.779754,0.876677,0.685633,0.632475,0.711677,0.303627,0.600224,0.354214,0.705752,0.203677,0.468778,0.658876,0.652068,1.012080,1.108011,-0.237182,-0.238150,0.558298,0.673761,0.566156,0.810114,0.517094,0.491624,0.309591,0.646490,0.873649,0.973938,0.727252,0.752771,0.396325,0.663406,0.497312,0.133910,0.270019,0.876655
0.132128,0.027310,0.256075,0.166428,0.655930,0.531411,0.198758,0.061548,0.372675,0.372646,0.164472,0.025165,0.057194,0.111438,0.347118,0.160119,0.361071,0.042729,0.030234,0.051491,0.000000,0.921003,0.268766,0.155300,0.594747,0.563516,0.655076,0.619645,0.034019,-0.076115,0.011176,-0.165236,-0.031653,0.002443,0.393080,0.360975,0.217449,-0.039350,0.520003,0.117547,-0.091931,-0.272077,0.324422,0.353055,0.386278,0.333841,0.332891,0.277271,0.370311,0.340839,0.311874,0.346958,0.324838,0.289306,0.307934,0.103267,0.119748,-0.006043,0.220287,0.179964,0.154752,0.085875,0.275947,-0.009543,0.284664,0.171955,0.290392,0.309460,0.145036,0.114113,-0.076754,-0.014978,0.034317,-0.163940,0.134992,0.031741,0.049695,0.124910,0.166107,0.086075,0.337009,0.188789,0.168692,0.042608,0.381730,0.396510,0.077036,0.146150,0.288558,0.181495
0.082257,0.037165,0.196576,0.129889,0.447473,0.461509,0.192575,0.163330,0.446200,0.257039,0.286590,0.166719,0.155314,0.222385,0.372862,0.208992,0.367567,-0.032128,0.018217,-0.060884,0.921003,0.000000,0.144915,0.128196,0.474451,0.503480,0.625548,0.584559,-0.026290,-0.178571,-0.092861,-0.207857,-0.085496,-0.006642,0.322215,0.270210,0.094278,-0.071999,0.374367,0.065090,-0.230573,-0.248967,0.169374,0.220337,0.329854,0.243688,0.241600,0.177228,0.356637,0.274899,0.265767,0.284899,0.353173,0.260724,0.164669,0.020850,0.147421,0.047520,0.204596,0.110765,0.388840,0.212034,0.413802,0.096683,0.329429,0.251924,0.161722,0.153978,-0.031496,0.028505,-0.039344,0.012868,-0.035374,-0.146043,0.138296,0.038693,0.096178,0.116935,0.095082,0.026645,0.207430,-0.005489,0.012231,-0.148735,0.399695,0.245231,-0.080549,0.146002,0.166238,0.063637
0.566450,0.436553,1.603606,0.922346,0.551070,0.090150,1.141290,0.556320,0.584338,0.140579,0.289599,0.246132,0.254063,0.317534,0.487042,0.310976,0.284806,0.361538,0.516610,0.396254,0.268766,0.144915,0.000000,0.975816,0.838466,0.511599,0.493469,0.303867,0.435737,0.261414,0.845141,0.687599,0.506236,0.381742,0.840582,0.592145,0.361969,0.229315,0.490423,0.151173,0.282237,0.159549,0.479527,0.476047,0.516616,0.530843,0.410405,0.423468,0.543975,0.435458,0.461482,0.473034,0.183195,0.266611,0.465250,0.381960,0.510937,0.508661,0.376696,0.390373,0.178771,0.122722,0.294597,0.173892,0.758294,0.233426,0.663600,0.679947,0.424423,0.273751,0.239705,0.218605,0.455817,0.417777,0.519137,0.389951,0.521595,0.471092,0.201577,0.416536,0.435249,0.458558,0.433730,0.264949,0.628228,0.704736,0.384810,0.192714,0.524026,0.581276
0.519159,0.439037,0.925136,1.316502,0.375375,0.166224,1.133917,0.974126,0.393617,0.386662,0.408440,0.592217,0.297208,0.582823,0.559895,0.431591,0.347847,0.228586,0.538159,0.370830,0.155300,0.128196,0.975816,0.000000,0.554498,0.620306,0.210201,0.127216,0.468102,0.279380,0.520176,0.604731,0.422329,0.432761,0.514024,0.615219,0.127749,0.140286,0.365197,-0.015292,0.020160,0.123536,0.233012,0.277295,0.328771,0.384279,0.204434,0.294967,0.476231,0.353353,0.351174,0.395400,0.298079,0.174932,0.368506,0.229214,0.455715,0.303450,0.396297,0.330589,0.488325,0.297858,0.339983,0.193844,0.704318,0.502239,0.377588,0.520662,0.349003,0.237680,0.342439,0.288597,0.470792,0.471859,0.704178,0.494952,0.373538,0.324893,0.148658,0.240496,0.324793,0.350180,0.279262,0.122813,0.588233,0.569878,0.307886,0.205502,0.612496,0.527379
0.418483,0.366526,0.758414,0.406562,1.219868,0.439986,0.641078,0.235452,1.063684,0.356686,0.410695,0.165922,0.310932,0.333129,0.709351,0.329044,0.582532,0.263168,0.307315,0.260157,0.594747,0.474451,0.838466,0.554498,0.000000,1.143788,1.169053,0.920703,0.215546,0.021927,0.257660,0.094848,0.312811,0.200616,1.252717,0.802435,0.415008,0.137736,0.722696,0.275436,0.119781,-0.096872,0.645584,0.632503,0.873940,0.707266,0.549272,0.498097,0.810659,0.642991,0.700912,0.730591,0.407925,0.489629,0.592268,0.441864,0.421796,0.378296,0.582022,0.602989,0.285823,0.266082,0.665173,0.275298,0.839784,0.408420,0.932847,0.962536,0.447107,0.282090,-0.137163,-0.182203,0.266731,0.096046,0.488195,0.258295,0.564413,0.493096,0.369323,0.387829,0.573768,0.320859,0.275044,0.037523,0.860511,0.662322,0.242049,0.056262,0.489749,0.490239
0.421317,0.406869,0.501166,0.439894,1.078547,0.753405,0.524593,0.347511,0.876186,0.666609,0.466195,0.290493,0.281905,0.400394,0.685320,0.406816,0.592046,0.174016,0.376086,0.328927,0.563516,0.503480,0.511599,0.620306,1.143788,0.000000,0.798549,0.906265,0.277820,0.051635,0.098592,0.021666,0.236913,0.243349,0.848232,0.712573,0.376043,0.085095,0.710849,0.234791,0.023774,-0.098156,0.598617,0.599754,0.711634,0.636095,0.542368,0.506782,0.751464,0.615319,0.730375,0.755444,0.617797,0.567637,0.567336,0.414449,0.406653,0.223007,0.579925,0.619512,0.406595,0.402683,0.660899,0.243374,0.694232,0.619708,0.681650,0.776820,0.395933,0.326733,-0.160611,-0.182175,0.269311,0.105965,0.571876,0.376563,0.449400,0.340430,0.320739,0.272490,0.572219,0.298027,0.270126,0.059434,0.832812,0.593604,0.202793,0.110416,0.649733,0.506716
0.243473,0.250446,0.421451,0.140435,1.045102,0.493320,0.293162,0.029726,0.841146,0.190939,0.326605,-0.035672,0.202607,0.123721,0.564838,0.262028,0.509463,0.099640,0.198956,0.154006,0.655076,0.625548,0.493469,0.210201,1.169053,0.798549,0.000000,1.345831,0.032368,-0.163245,0.054766,-0.111665,0.141017,0.068488,0.834715,0.471897,0.342808,0.073522,0.657688,0.368137,0.106851,-0.121612,0.613188,0.570059,0.685437,0.518136,0.526279,0.474862,0.600083,0.486913,0.531275,0.521386,0.353924,0.435894,0.455983,0.298343,0.306899,0.286572,0.316477,0.372755,0.086720,0.089684,0.509402,0.104990,0.519277,0.191418,0.645418,0.594553,0.317859,0.196531,-0.320323,-0.301749,0.083277,-0.066378,0.233258,0.165271,0.290251,0.260282,0.283368,0.236431,0.511420,0.168981,0.284956,0.045610,0.640037,0.389318,0.186859,0.152217,0.282348,0.305794
0.264998,0.311737,0.279796,0.104145,0.939600,0.798981,0.201167,0.060254,0.714291,0.331684,0.279579,-0.039831,0.215209,0.152962,0.449903,0.316696,0.469429,0.141367,0.249642,0.250519,0.619645,0.584559,0.303867,0.127216,0.920703,0.906265,1.345831,0.000000,0.070236,-0.104060,-0.005022,-0.152868,0.182838,0.140052,0.729884,0.477343,0.350275,0.085842,0.524455,0.399256,0.124752,-0.131210,0.726663,0.691284,0.699913,0.577833,0.683902,0.608938,0.628953,0.582592,0.628065,0.594472,0.405317,0.548751,0.479384,0.370243,0.303753,0.263174,0.314406,0.402926,0.106213,0.189362,0.487007,0.198115,0.396795,0.269920,0.600205,0.573012,0.314974,0.278577,-0.445212,-0.386966,0.048373,-0.084603,0.190627,0.207256,0.287707,0.221591,0.254629,0.231976,0.493844,0.206183,0.277982,0.101070,0.594663,0.372188,0.130942,0.074777,0.238016,0.342389
0.843705,0.744502,0.407739,0.592197,0.240911,0.148621,0.640650,0.669697,0.254950,0.315459,0.541078,0.603451,0.476193,0.670688,0.432536,0.657657,0.659510,0.652784,0.685349,0.691942,0.034019,-0.026290,0.435737,0.468102,0.215546,0.277820,0.032368,0.070236,0.000000,1.182274,0.734222,0.651584,0.748122,0.878305,0.274395,0.381759,0.521856,0.585006,0.351696,0.372713,0.545132,0.401408,0.410792,0.504941,0.385514,0.581443,0.395994,0.426106,0.463946,0.517095,0.507937,0.524810,0.290410,0.270954,0.474786,0.570023,0.744574,0.485349,0.420986,0.387188,0.500224,0.526118,0.541560,0.589145,0.399597,0.584151,0.320884,0.429814,0.613835,0.411962,0.176066,0.206165,0.777774,0.839904,0.750928,0.708258,0.530431,0.529967,0.672491,0.499553,0.859730,0.883634,0.645532,0.615272,0.553003,0.741958,0.214170,0.116911,0.347955,0.603623
0.674523,0.623262,0.203750,0.420995,0.026476,0.074447,0.407428,0.466124,0.026531,0.236210,0.269232,0.427894,0.346384,0.497023,0.186557,0.591205,0.344372,0.715459,0.501123,0.646035,-0.076115,-0.178571,0.261414,0.279380,0.021927,0.051635,-0.163245,-0.104060,1.182274,0.000000,0.728783,0.605763,0.698146,0.797996,0.020477,0.152640,0.326299,0.524411,0.101601,0.300999,0.508740,0.463364,0.277600,0.395132,0.270943,0.446724,0.257263,0.317128,0.326323,0.404875,0.372492,0.352396,0.135136,0.149668,0.303320,0.455552,0.570587,0.464474,0.331682,0.282669,0.322494,0.441111,0.301154,0.585904,0.137459,0.385310,0.177774,0.264723,0.455948,0.324124,0.259280,0.227828,0.643764,0.743500,0.494156,0.605160,0.322701,0.371622,0.627698,0.513215,0.606716,1.032784,0.565924,0.825881,0.238986,0.643209,0.108289,0.046839,0.101982,0.504436
0.645728,0.517001,0.683855,0.660835,0.055551,-0.120395,0.810630,0.503915,0.106842,-0.065992,0.130252,0.203064,0.194569,0.241852,0.134433,0.331517,0.173157,0.597660,0.572354,0.553203,0.011176,-0.092861,0.845141,0.520176,0.257660,0.098592,0.054766,-0.005022,0.734222,0.728783,0.000000,1.299468,0.843316,0.721531,0.354421,0.256483,0.301400,0.298515,0.058079,0.042487,0.381032,0.351620,0.412216,0.453371,0.329069,0.489835,0.404237,0.430553,0.403238,0.377867,0.419218,0.384887,0.057806,0.204062,0.275020,0.325900,0.602339,0.518641,0.324607,0.272260,0.145862,0.161220,0.153416,0.393830,0.299842,0.111086,0.444768,0.425718,0.335228,0.343563,0.385854,0.426483,0.379792,0.579279,0.366498,0.397223,0.433088,0.428569,0.204207,0.447637,0.394568,0.722556,0.537006,0.491241,0.302500,0.606477,0.295736,0.062655,0.069391,0.438134
0.561657,0.473656,0.567148,0.817303,-0.088282,-0.241597,0.742471,0.751929,0.019646,-0.061482,0.115544,0.303520,0.214552,0.342623,0.123162,0.337060,0.073181,0.543294,0.555086,0.489521,-0.165236,-0.207857,0.687599,0.604731,0.094848,0.021666,-0.111665,-0.152868,0.651584,0.605763,1.299468,0.000000,0.786542,0.749449,0.233226,0.226922,0.118525,0.179020,-0.138623,-0.109247,0.201141,0.343228,0.284652,0.302702,0.178325,0.389061,0.273521,0.347611,0.247298,0.223946,0.235734,0.240365,-0.035609,0.086319,0.140908,0.196234,0.586392,0.471461,0.165999,0.123058,0.155595,0.128056,0.046390,0.316725,0.264392,0.166803,0.259935,0.327442,0.249023,0.288344,0.453336,0.441629,0.429752,0.693432,0.355658,0.439801,0.356305,0.351295,0.121070,0.417598,0.238436,0.513401,0.330953,0.324550,0.230673,0.399298,0.237335,0.074772,0.094714,0.286071
0.962254,1.053263,0.466023,0.599467,0.180078,0.180382,0.629867,0.575232,0.263267,0.191692,0.145233,0.397724,0.226159,0.349837,0.142280,0.400419,0.352562,1.096644,0.979515,1.110764,-0.031653,-0.085496,0.506236,0.422329,0.312811,0.236913,0.141017,0.182838,0.748122,0.698146,0.843316,0.786542,0.000000,1.571559,0.499196,0.503096,0.492281,0.389663,0.203902,0.260810,0.472397,0.387244,0.619220,0.589852,0.461890,0.672882,0.624750,0.698894,0.601881,0.665230,0.636483,0.664529,0.312576,0.434832,0.572836,0.703700,0.973041,0.870020,0.646707,0.655541,0.383700,0.617106,0.432467,0.969542,0.275927,0.459700,0.653106,0.723155,0.791729,0.778030,-0.020948,-0.059592,0.612925,0.764598,0.525111,0.630934,0.669812,0.645638,0.391256,0.757501,0.703927,0.895860,0.560453,0.497246,0.424852,0.655199,0.402239,0.063944,0.122037,0.696577
1.026653,1.129187,0.344763,0.662855,0.170384,0.256230,0.596019,0.768770,0.238760,0.323973,0.278347,0.563337,0.339558,0.507531,0.215965,0.575606,0.421269,0.971408,1.076819,1.229579,0.002443,-0.006642,0.381742,0.432761,0.200616,0.243349,0.068488,0.140052,0.878305,0.797996,0.721531,0.749449,1.571559,0.000000,0.355987,0.460125,0.452705,0.376888,0.214616,0.278880,0.410344,0.407101,0.594079,0.588588,0.445823,0.695740,0.628399,0.697564,0.554901,0.638244,0.577423,0.588567,0.352022,0.389329,0.543565,0.638146,0.992599,0.710539,0.608421,0.551958,0.536494,0.714876,0.483183,0.917147,0.279469,0.617245,0.521392,0.616984,0.761134,0.809343,-0.018971,-0.052779,0.693226,0.901582,0.609405,0.788301,0.611295,0.564656,0.344600,0.629299,0.757126,0.941093,0.558104,0.552553,0.438507,0.677521,0.353882,0.070943,0.166249,0.744459
0.462684,0.438609,0.788826,0.462198,0.812647,0.295675,0.718363,0.270103,0.876556,0.255176,0.351420,0.153659,0.246178,0.260898,0.534464,0.213439,0.554601,0.349555,0.463217,0.382929,0.393080,0.322215,0.840582,0.514024,1.252717,0.848232,0.834715,0.729884,0.274395,0.020477,0.354421,0.233226,0.499196,0.355987,0.000000,0.975385,0.457867,0.209178,0.720875,0.282846,0.277519,0.011219,0.796186,0.715474,0.888836,0.800890,0.648753,0.605399,0.811268,0.709637,0.753342,0.816512,0.467242,0.521422,0.693168,0.533748,0.495608,0.478707,0.578830,0.637629,0.309236,0.345643,0.628229,0.352576,0.928534,0.444473,1.068538,1.144672,0.522463,0.390996,-0.170501,-0.194167,0.319534,0.207722,0.491112,0.337651,0.677723,0.490288,0.288656,0.453160,0.566570,0.382330,0.387572,0.084522,0.959204,0.693479,0.359702,0.048219,0.519321,0.555987
0.504181,0.450456,0.581574,0.579538,0.628707,0.359271,0.699529,0.424363,0.650649,0.445452,0.427897,0.353397,0.401355,0.458620,0.611557,0.406520,0.591388,0.343916,0.434043,0.360611,0.360975,0.270210,0.592145,0.615219,0.802435,0.712573,0.471897,0.477343,0.381759,0.152640,0.256483,0.226922,0.503096,0.460125,0.975385,0.000000,0.340120,0.309863,0.559607,0.282115,0.148237,-0.010673,0.561384,0.602075,0.645033,0.703743,0.458854,0.527009,0.625246,0.727865,0.561570,0.658710,0.401629,0.428825,0.590481,0.481091,0.486910,0.314025,0.467393,0.452906,0.458506,0.421638,0.652564,0.399209,0.776096,0.567840,0.685389,0.848288,0.475781,0.402850,-0.059612,-0.087120,0.408292,0.334048,0.565867,0.415165,0.530646,0.396820,0.371148,0.369530,0.509646,0.489404,0.249166,0.111775,0.840118,0.756305,0.254810,0.027878,0.494981,0.624659
0.605648,0.445519,0.423047,0.167188,0.468457,0.378199,0.237808,0.072866,0.531005,0.278659,0.201843,0.148673,0.155893,0.118881,0.187264,0.188701,0.364971,0.555371,0.462633,0.646153,0.217449,0.094278,0.361969,0.127749,0.415008,0.376043,0.342808,0.350275,0.521856,0.326299,0.301400,0.118525,0.492281,0.452705,0.457867,0.340120,0.000000,0.552766,0.760816,0.682021,0.772045,0.295263,0.605108,0.503764,0.394130,0.417505,0.665323,0.460774,0.380075,0.388686,0.651587,0.537592,0.505945,0.588004,0.730080,0.948357,0.472948,0.391327,0.471269,0.655225,0.136039,0.354164,0.455736,0.484258,0.178587,0.248766,0.664522,0.578092,0.862886,0.638156,-0.330313,-0.168720,0.484073,0.407274,0.479890,0.408327,0.797203,0.749111,0.441721,0.268148,0.754417,0.569119,0.578577,0.489650,0.424166,0.537987,0.313670,0.144804,0.439519,0.795082
0.318216,0.299569,0.235513,0.231332,0.095716,0.080835,0.201465,0.118627,0.203567,0.116673,0.195435,0.164812,0.190507,0.198064,0.183390,0.250985,0.319225,0.356366,0.266536,0.316904,-0.039350,-0.071999,0.229315,0.140286,0.137736,0.085095,0.073522,0.085842,0.585006,0.524411,0.298515,0.179020,0.389663,0.376888,0.209178,0.309863,0.552766,0.000000,0.430333,0.869779,0.784453,0.740397,0.248327,0.323519,0.289282,0.309078,0.245538,0.218111,0.299134,0.424795,0.303289,0.243841,0.220620,0.092853,0.430768,0.493113,0.236397,0.285639,0.168122,0.144725,0.136391,0.158769,0.303897,0.319806,0.146707,0.144973,0.166824,0.222293,0.375255,0.101969,0.129016,0.207896,0.490323,0.563531,0.444840,0.475947,0.434845,0.475668,0.584170,0.240871,0.475982,0.612126,0.452510,0.440344,0.456443,0.542676,0.170457,0.088356,0.187289,0.496537
0.368838,0.300814,0.491086,0.293348,0.885492,0.452884,0.436556,0.127460,0.659205,0.478431,0.429660,0.241895,0.217043,0.248495,0.525443,0.215707,0.614791,0.195078,0.385413,0.359542,0.520003,0.374367,0.490423,0.365197,0.722696,0.710849,0.657688,0.524455,0.351696,0.101601,0.058079,-0.138623,0.203902,0.214616,0.720875,0.559607,0.760816,0.430333,0.000000,0.688382,0.482975,0.163109,0.493897,0.507998,0.537896,0.446102,0.463933,0.372545,0.578299,0.531619,0.604324,0.608291,0.567771,0.430988,0.839444,0.637213,0.264371,0.221828,0.511772,0.531373,0.343742,0.357007,0.531771,0.207816,0.590839,0.480429,0.568483,0.556236,0.585577,0.338294,-0.231865,-0.203446,0.428462,0.199328,0.604760,0.421778,0.453664,0.386288,0.347906,0.217161,0.690566,0.402791,0.556435,0.322763,0.666395,0.694590,0.458839,0.371363,0.777278,0.673999
0.292540,0.303769,0.136397,0.051307,0.382844,0.352945,0.035695,-0.031745,0.356845,0.294857,0.223136,0.086043,0.176400,0.155002,0.214627,0.270977,0.513252,0.338907,0.355204,0.400581,0.117547,0.065090,0.151173,-0.015292,0.275436,0.234791,0.368137,0.399256,0.372713,0.300999,0.042487,-0.109247,0.260810,0.278880,0.282846,0.282115,0.682021,0.869779,0.688382,0.000000,0.862800,0.581131,0.439724,0.458543,0.304137,0.282740,0.421332,0.347211,0.268260,0.420799,0.433818,0.340558,0.359489,0.307515,0.564139,0.690339,0.233972,0.288814,0.166972,0.259781,0.060252,0.211739,0.354720,0.282050,0.111611,0.175587,0.248166,0.227067,0.468865,0.281271,-0.263857,-0.185863,0.385464,0.353938,0.330276,0.483537,0.273476,0.307625,0.521540,0.212058,0.608951,0.527990,0.598410,0.625084,0.437706,0.454315,0.279954,0.184399,0.198280,0.623510
0.392785,0.314045,0.280581,0.113449,0.158681,0.068382,0.154443,-0.020075,0.133830,0.046448,0.106105,0.027492,0.119925,0.074225,0.058900,0.177958,0.237850,0.393305,0.428927,0.537079,-0.091931,-0.230573,0.282237,0.020160,0.119781,0.023774,0.106851,0.124752,0.545132,0.508740,0.381032,0.201141,0.472397,0.410344,0.277519,0.148237,0.772045,0.784453,0.482975,0.862800,0.000000,0.761375,0.420086,0.394753,0.185438,0.250830,0.377476,0.292294,0.169382,0.265716,0.379121,0.306017,0.212793,0.252062,0.453530,0.654336,0.252870,0.332080,0.153416,0.265512,-0.059907,0.161750,0.158274,0.325204,0.058067,0.077403,0.310896,0.270165,0.583750,0.347951,-0.184019,-0.110971,0.640037,0.597380,0.432732,0.535143,0.414443,0.397765,0.418626,0.301184,0.576958,0.590009,0.664224,0.720336,0.270311,0.441602,0.307984,0.075301,0.160115,0.579136
0.178154,0.204505,0.130569,0.228890,-0.162749,-0.127085,0.138724,0.146014,-0.081341,-0.025983,-0.006233,0.154838,0.063843,0.075337,-0.044978,0.114218,0.168292,0.318403,0.373499,0.360969,-0.272077,-0.248967,0.159549,0.123536,-0.096872,-0.098156,-0.121612,-0.131210,0.401408,0.463364,0.351620,0.343228,0.387244,0.407101,0.011219,-0.010673,0.295263,0.740397,0.163109,0.581131,0.761375,0.000000,0.088348,0.093091,-0.075110,0.004264,0.096503,0.081507,-0.004089,0.074837,0.157445,0.075619,0.046861,0.017678,0.184051,0.276168,0.105553,0.224440,0.011539,0.020388,0.040198,0.094655,0.011905,0.205679,0.028607,0.064770,0.038479,0.041358,0.218663,0.158832,0.111460,0.163891,0.496476,0.670264,0.285909,0.532442,0.089913,0.173780,0.230120,0.228757,0.318298,0.454807,0.456609,0.540255,0.191770,0.269289,0.337537,0.164237,0.006014,0.305922
0.735720,0.689080,0.415375,0.297057,0.563736,0.442073,0.394969,0.206391,0.604985,0.342022,0.262821,0.035144,0.241923,0.224390,0.301187,0.346360,0.411210,0.534127,0.680387,0.722518,0.324422,0.169374,0.479527,0.233012,0.645584,0.598617,0.613188,0.726663,0.410792,0.277600,0.412216,0.284652,0.619220,0.594079,0.796186,0.561384,0.605108,0.248327,0.493897,0.439724,0.420086,0.088348,0.000000,1.630619,1.039286,1.155453,1.564943,1.256665,0.870912,0.902151,1.000170,0.938774,0.602716,0.758857,0.768754,0.722568,0.666783,0.534168,0.525109,0.636820,0.149385,0.296435,0.439389,0.384010,0.446553,0.349484,0.977663,0.920109,0.722990,0.715907,-0.394015,-0.338297,0.219444,0.235282,0.282571,0.380050,0.522526,0.369377,0.334076,0.404998,0.774311,0.711146,0.619468,0.479494,0.692394,0.734389,0.318713,0.002345,0.315155,0.711791
0.731034,0.683448,0.408846,0.350015,0.565456,0.410999,0.472066,0.240188,0.551823,0.366280,0.325840,0.054343,0.294953,0.300839,0.381913,0.402549,0.438209,0.519443,0.659168,0.669568,0.353055,0.220337,0.476047,0.277295,0.632503,0.599754,0.570059,0.691284,0.504941,0.395132,0.453371,0.302702,0.589852,0.588588,0.715474,0.602075,0.503764,0.323519,0.507998,0.458543,0.394753,0.093091,1.630619,0.000000,1.072645,1.339427,1.338395,1.469127,0.990561,1.166503,1.018775,1.070634,0.584711,0.729372,0.791124,0.732526,0.658077,0.517707,0.555907,0.583149,0.214283,0.301545,0.425816,0.382185,0.485604,0.388761,0.843167,0.847677,0.653264,0.595721,-0.269788,-0.234843,0.241577,0.275966,0.346104,0.436124,0.428371,0.300796,0.391832,0.419551,0.755803,0.826520,0.635464,0.538851,0.658344,0.863751,0.275155,0.034037,0.313960,0.663871
0.562976,0.526147,0.457269,0.317123,0.650395,0.342380,0.540413,0.239250,0.722302,0.286341,0.394104,0.092414,0.322775,0.307224,0.526661,0.352549,0.448953,0.375293,0.406431,0.428990,0.386278,0.329854,0.516616,0.328771,0.873940,0.711634,0.685437,0.699913,0.385514,0.270943,0.329069,0.178325,0.461890,0.445823,0.888836,0.645033,0.394130,0.289282,0.537896,0.304137,0.185438,-0.075110,1.039286,1.072645,0.000000,1.585343,0.852731,0.769126,1.329242,1.108302,0.802608,0.815115,0.483042,0.442388,0.693215,0.533422,0.519133,0.438143,0.674664,0.605673,0.347081,0.341612,0.625557,0.380644,0.699553,0.437122,0.945355,1.025473,0.507398,0.356428,-0.214718,-0.238645,0.168712,0.114245,0.365711,0.264764,0.585397,0.378781,0.414658,0.351978,0.649068,0.591100,0.442305,0.255984,0.868899,0.809278,0.185396,0.025180,0.381001,0.554779
0.745351,0.662348,0.444055,0.454954,0.597778,0.340208,0.625593,0.394747,0.631108,0.341961,0.450825,0.186136,0.419131,0.437015,0.529970,0.453590,0.461452,0.510379,0.584421,0.584194,0.333841,0.243688,0.530843,0.384279,0.707266,0.636095,0.518136,0.577833,0.581443,0.446724,0.489835,0.389061,0.672882,0.695740,0.800890,0.703743,0.417505,0.309078,0.446102,0.282740,0.250830,0.004264,1.155453,1.339427,1.585343,0.000000,0.924355,1.002785,1.217857,1.245447,0.796205,0.898208,0.442888,0.440545,0.731847,0.603790,0.680544,0.506402,0.697055,0.603572,0.425488,0.405283,0.572722,0.453983,0.702834,0.550127,0.938181,1.101013,0.616084,0.482345,-0.164080,-0.193756,0.310951,0.301697,0.444858,0.386223,0.593360,0.399700,0.473633,0.453974,0.695969,0.746142,0.502327,0.361730,0.777924,0.899721,0.235520,0.045732,0.380402,0.612728
0.728922,0.747487,0.403002,0.289266,0.471251,0.470397,0.370573,0.242219,0.527343,0.302635,0.203721,0.100176,0.185881,0.194058,0.209338,0.338357,0.381315,0.603498,0.680129,0.773155,0.332891,0.241600,0.410405,0.204434,0.549272,0.542368,0.526279,0.683902,0.395994,0.257263,0.404237,0.273521,0.624750,0.628399,0.648753,0.458854,0.665323,0.245538,0.463933,0.421332,0.377476,0.096503,1.564943,1.338395,0.852731,0.924355,0.000000,1.416803,0.872012,0.891988,1.123691,1.048130,0.726162,0.981683,0.852162,0.874596,0.719145,0.547528,0.586382,0.724146,0.212760,0.387592,0.471873,0.501668,0.294982,0.344377,0.874011,0.781043,0.634423,0.784198,-0.379661,-0.307274,0.182281,0.243166,0.251910,0.404175,0.513555,0.420690,0.253451,0.407029,0.749493,0.679050,0.586369,0.469822,0.558250,0.610007,0.304181,0.064127,0.239402,0.704570
0.760990,0.758606,0.387647,0.410182,0.458955,0.422412,0.468223,0.336358,0.495429,0.323149,0.236605,0.154282,0.227112,0.273476,0.261933,0.378751,0.362106,0.614183,0.778990,0.779453,0.277271,0.177228,0.423468,0.294967,0.498097,0.506782,0.474862,0.608938,0.426106,0.317128,0.430553,0.347611,0.698894,0.697564,0.605399,0.527009,0.460774,0.218111,0.372545,0.347211,0.292294,0.081507,1.256665,1.469127,0.769126,1.002785,1.416803,0.000000,0.841034,1.037318,0.943590,1.075539,0.616910,0.891043,0.818520,0.831197,0.747611,0.531588,0.582517,0.636427,0.235240,0.336838,0.392913,0.432353,0.365000,0.375845,0.839594,0.786303,0.625818,0.801096,-0.309699,-0.291312,0.253430,0.350722,0.303996,0.458510,0.393100,0.361311,0.265682,0.508585,0.673821,0.739009,0.554773,0.467227,0.535699,0.669394,0.322544,0.073293,0.243128,0.690166
0.579806,0.600350,0.482674,0.455884,0.634272,0.336338,0.646372,0.365890,0.640060,0.309905,0.385052,0.188339,0.290953,0.353933,0.506581,0.324292,0.502589,0.396628,0.496531,0.515547,0.370311,0.356637,0.543975,0.476231,0.810659,0.751464,0.600083,0.628953,0.463946,0.326323,0.403238,0.247298,0.601881,0.554901,0.811268,0.625246,0.380075,0.299134,0.578299,0.268260,0.169382,-0.004089,0.870912,0.990561,1.329242,1.217857,0.872012,0.841034,0.000000,1.486517,1.080480,1.217463,0.648155,0.610912,0.840026,0.646233,0.579827,0.457238,1.025769,0.885687,0.523860,0.519422,0.705451,0.532728,0.642640,0.604064,0.906295,1.040020,0.507006,0.429252,-0.112535,-0.173277,0.195431,0.162523,0.472594,0.346471,0.544013,0.399237,0.432436,0.350724,0.672451,0.633209,0.496148,0.294679,0.782943,0.784256,0.231207,0.124026,0.372079,0.565482
