0.000000,1.308228,0.812128,0.629223,0.169473,0.268630,0.883084,0.704350,0.310351,0.208750,0.848072,0.521868,0.631622,0.380938,0.602747,0.445007,0.832876,0.767344,1.275909,0.985847,-0.127247,-0.189169,0.416335,0.345315,0.142005,0.105634,0.233729,0.291491,0.624202,0.437859,0.533271,0.370680,1.009337,1.044078,0.519891,0.623440,-0.072563,-0.053616,0.110213,0.345091,0.107320,-0.017222,0.632885,0.592719,0.447936,0.568300,0.747144,0.669432,0.506591,0.585616,0.588414,0.417512,0.766913,0.817029,0.752858,0.658542,1.017181,0.811494,1.034129,0.755772,1.048069,0.772789,0.784217,0.755795,0.676970,0.587336,0.953586,0.745882,0.746103,0.647579,-0.066524,-0.063024,0.710136,0.655774,0.682155,0.531566,0.671310,0.579310,0.419538,0.355481,0.759716,0.650346,0.761545,0.633655,0.719758,0.594749,0.698168,0.416017,0.778203,0.946333
1.308228,0.000000,0.709457,0.697664,0.104736,0.262795,0.706152,0.661955,0.243110,0.168469,0.726329,0.572479,0.474110,0.387077,0.531872,0.462770,0.760721,0.825651,1.167105,1.122209,-0.079843,-0.104451,0.459200,0.405341,0.130041,0.194349,0.262528,0.253424,0.661276,0.539351,0.594933,0.483719,1.003662,1.121232,0.573152,0.629936,-0.100882,-0.026652,0.057190,0.296888,0.131372,-0.018597,0.716762,0.692890,0.577917,0.772390,0.785948,0.743303,0.487356,0.616405,0.665261,0.431717,0.667482,0.788579,0.724397,0.729346,0.929983,1.150909,0.847246,0.826405,0.851455,0.794302,0.859352,0.876149,0.678178,0.572416,0.890635,0.757485,0.794196,0.726155,-0.031438,-0.016014,0.774715,0.876623,0.670527,0.652264,0.633826,0.587926,0.399596,0.356787,0.766831,0.746107,0.750153,0.604328,0.745053,0.730418,0.663170,0.373215,0.740596,0.878988
0.812128,0.709457,0.000000,1.015521,0.273608,0.305181,1.274802,0.919486,0.317013,0.316750,0.611825,0.338337,0.527703,0.314131,0.508925,0.388685,0.406015,0.414686,0.856558,0.760807,0.010344,-0.104688,1.175284,0.852433,0.242546,0.370184,0.424201,0.389702,0.412110,0.321732,0.795506,0.662046,0.623703,0.682002,0.393586,0.443819,-0.104688,-0.153831,0.149871,0.133820,-0.018704,-0.031390,0.544392,0.481242,0.358425,0.387597,0.601394,0.570355,0.369143,0.427613,0.527945,0.380811,0.643441,0.664838,0.551209,0.520917,0.479122,0.504577,0.555552,0.422854,0.503359,0.417726,0.411012,0.399479,0.374343,0.363725,0.544597,0.449641,0.464583,0.423424,0.240688,0.251403,0.418998,0.285633,0.338188,0.286258,0.358280,0.323752,0.287814,0.181612,0.435982,0.415956,0.378314,0.349319,0.479652,0.429466,0.481545,0.315279,0.684175,0.685549
0.629223,0.697664,1.015521,0.000000,0.413873,0.584843,1.250441,1.444259,0.357607,0.212368,0.430478,0.674020,0.517964,0.591154,0.448202,0.485189,0.472264,0.546235,0.889063,0.925613,0.033612,-0.101727,1.083680,1.371729,0.381624,0.429810,0.234056,0.482206,0.413789,0.452168,0.874916,0.954693,0.741258,0.893898,0.396270,0.579890,-0.067073,-0.011437,0.137732,0.201756,0.086672,-0.011585,0.622341,0.589570,0.472073,0.512161,0.560199,0.549497,0.589916,0.590774,0.656602,0.523217,0.685001,0.688691,0.604634,0.539030,0.273963,0.361678,0.593067,0.545241,0.546606,0.719630,0.467870,0.569369,0.524612,0.637674,0.709878,0.739049,0.386351,0.415341,0.088455,0.071373,0.458679,0.464672,0.420175,0.507124,0.408112,0.349774,0.392407,0.262828,0.573021,0.575215,0.394358,0.268452,0.597361,0.591948,0.281389,0.170718,0.502716,0.685322
0.169473,0.104736,0.273608,0.413873,0.000000,1.001861,0.306507,0.372566,0.976025,0.636127,0.194960,0.427939,0.305185,0.400014,0.735302,0.631684,0.211508,0.163467,0.310584,0.242302,0.244143,-0.104807,0.473554,0.446196,1.172480,0.865658,0.365727,0.882477,0.168697,0.151852,0.275629,0.354087,0.318089,0.368709,0.224393,0.288274,0.104328,0.158642,0.259893,0.212866,0.058506,-0.095697,0.483255,0.529157,0.488799,0.443783,0.360268,0.332452,0.505893,0.451140,0.519824,0.491484,0.366313,0.360476,0.469332,0.441893,0.056580,0.112581,0.340314,0.317772,0.318234,0.460066,0.246255,0.248475,0.377061,0.416377,0.486297,0.549606,0.113553,0.171171,-0.183428,-0.226755,0.173819,0.062327,0.241296,0.253455,0.253122,0.102346,0.230554,-0.046778,0.264495,0.233559,0.211467,-0.135860,0.342406,0.303070,-0.006809,-0.199415,0.260840,0.322019
0.268630,0.262795,0.305181,0.584843,1.001861,0.000000,0.504720,0.536647,0.597109,0.434513,0.328732,0.747428,0.376831,0.471239,0.914035,0.726625,0.415312,0.419810,0.472756,0.370633,0.390380,0.048264,0.411005,0.464273,1.168364,0.848970,0.347961,1.088153,0.416567,0.419281,0.340656,0.465723,0.448281,0.507192,0.357800,0.520290,0.234965,0.370339,0.318949,0.211039,0.183510,0.052257,0.557392,0.541539,0.546821,0.488392,0.393447,0.360219,0.567315,0.440972,0.504180,0.438190,0.382491,0.363438,0.505713,0.444274,0.111942,0.150695,0.425460,0.329832,0.423455,0.626771,0.361597,0.399291,0.543116,0.546960,0.531050,0.622485,0.158201,0.184360,-0.226146,-0.288666,0.310764,0.316763,0.388881,0.486029,0.347944,0.255849,0.454158,0.146192,0.399112,0.446366,0.329574,-0.050308,0.491629,0.448781,0.046839,-0.085076,0.357933,0.461069
0.883084,0.706152,1.274802,1.250441,0.306507,0.504720,0.000000,1.427032,0.361252,0.208174,0.688057,0.628996,0.859371,0.574187,0.588609,0.461796,0.671493,0.671793,0.950616,0.797906,-0.009525,-0.096557,0.818086,0.813833,0.263355,0.261479,0.257413,0.427146,0.535091,0.486635,0.802990,0.673341,0.733814,0.795707,0.495539,0.600978,-0.031312,-0.043920,0.195873,0.254693,0.113584,0.051888,0.532626,0.442410,0.365159,0.372751,0.569174,0.507040,0.533435,0.509156,0.570553,0.414229,0.813231,0.734786,0.670883,0.528631,0.356769,0.382142,0.767416,0.550569,0.765764,0.725337,0.612424,0.642696,0.630120,0.638015,0.741884,0.652926,0.395606,0.370705,0.160381,0.156611,0.546198,0.457611,0.560457,0.526101,0.538179,0.481938,0.491357,0.362632,0.619576,0.601669,0.485870,0.391789,0.638221,0.541799,0.430706,0.292482,0.764023,0.882747
0.704350,0.661955,0.919486,1.444259,0.372566,0.536647,1.427032,0.000000,0.461944,0.328753,0.484536,0.686035,0.748702,0.739560,0.508162,0.481508,0.513394,0.532244,0.791897,0.727314,-0.042961,-0.151470,0.777300,0.904435,0.251600,0.342078,0.305644,0.392903,0.430533,0.430911,0.739454,0.711158,0.655325,0.776425,0.376711,0.601328,-0.142739,-0.107875,0.130101,0.277616,0.046167,-0.028569,0.527522,0.505457,0.379991,0.438401,0.498852,0.476594,0.586678,0.557659,0.579543,0.466937,0.757399,0.674740,0.609696,0.507983,0.259170,0.295440,0.667406,0.564503,0.660828,0.751628,0.517472,0.605880,0.546586,0.801321,0.710683,0.743925,0.282732,0.335228,0.123782,0.142732,0.440774,0.465318,0.445957,0.489380,0.368216,0.343565,0.388508,0.248436,0.575902,0.527499,0.387490,0.313253,0.558878,0.530419,0.326835,0.172266,0.608752,0.733649
0.310351,0.243110,0.317013,0.357607,0.976025,0.597109,0.361252,0.461944,0.000000,1.106119,0.141903,0.225902,0.426087,0.446108,0.737005,0.698830,0.191530,0.156144,0.453215,0.385015,0.078955,-0.101654,0.398753,0.294731,0.484926,0.652366,0.625144,0.488360,0.175527,0.141784,0.170532,0.146459,0.327109,0.364206,0.311868,0.320438,-0.019324,-0.024698,0.176475,0.336940,0.021626,-0.162976,0.403744,0.433417,0.398756,0.392365,0.328119,0.346720,0.447530,0.455359,0.428111,0.362364,0.367003,0.354790,0.415873,0.386037,0.127041,0.214393,0.483003,0.467568,0.446660,0.512735,0.313021,0.345575,0.422387,0.510718,0.563321,0.558255,0.250636,0.317968,-0.050835,0.007213,0.233107,0.130905,0.239482,0.188672,0.273896,0.209915,0.113127,-0.064394,0.269703,0.172475,0.291498,0.088276,0.255046,0.261131,0.106156,-0.160082,0.384661,0.402478
0.208750,0.168469,0.316750,0.212368,0.636127,0.434513,0.208174,0.328753,1.106119,0.000000,0.064577,0.013510,0.152416,0.208191,0.478836,0.472219,-0.040111,-0.060382,0.250613,0.227953,0.196640,-0.067290,0.341837,0.183547,0.327516,0.703226,1.045480,0.395394,0.098723,-0.018254,0.076810,0.062036,0.223755,0.240257,0.210409,0.237143,-0.131604,-0.100234,0.027111,0.171218,-0.125605,-0.285092,0.412684,0.462315,0.410206,0.404273,0.343603,0.359683,0.423771,0.426647,0.373376,0.334550,0.314011,0.318278,0.326886,0.363959,0.156763,0.222524,0.333217,0.368044,0.257411,0.275037,0.150516,0.154653,0.174381,0.344085,0.376014,0.394616,0.194927,0.248261,0.005041,0.094113,0.126153,0.065768,0.072577,0.025697,0.083669,0.117915,0.032346,-0.216689,0.127743,0.025363,0.077651,0.083526,0.087368,0.126436,0.153162,-0.060696,0.338979,0.302812
0.848072,0.726329,0.611825,0.430478,0.194960,0.328732,0.688057,0.484536,0.141903,0.064577,0.000000,0.627469,0.764573,0.381651,0.674639,0.389880,1.044466,0.742643,0.640959,0.423360,-0.088112,-0.172287,0.410606,0.312057,0.247471,0.114267,-0.021214,0.270828,0.714287,0.427685,0.533811,0.381800,0.618179,0.622300,0.474319,0.467075,0.028090,0.114917,0.059552,0.127609,0.029099,0.007677,0.473745,0.429048,0.314084,0.367188,0.539076,0.428591,0.386504,0.370791,0.514461,0.286784,0.605252,0.564755,0.617649,0.470395,0.562644,0.522379,0.613014,0.431767,0.782566,0.544763,0.808578,0.606526,0.674213,0.390714,0.517173,0.411984,0.306985,0.190724,-0.011542,-0.066323,0.575258,0.514857,0.605332,0.495922,0.588427,0.415670,0.600871,0.399040,0.588283,0.585191,0.563070,0.499770,0.708865,0.527008,0.599570,0.450753,0.633793,0.665720
0.521868,0.572479,0.338337,0.674020,0.427939,0.747428,0.628996,0.686035,0.225902,0.013510,0.627469,0.000000,0.775394,1.134642,0.630693,0.743017,0.895008,0.889868,0.562948,0.454405,0.187915,0.068931,0.381096,0.564317,0.618148,0.438229,-0.008548,0.534323,0.710772,0.767771,0.754426,0.777939,0.638700,0.731325,0.537185,0.681510,0.219040,0.415699,0.124984,0.252643,0.210680,0.037186,0.432453,0.446581,0.352728,0.404767,0.422360,0.297740,0.522570,0.375706,0.610897,0.506054,0.613450,0.577342,0.768887,0.662478,0.238552,0.242944,0.458224,0.351993,0.561876,0.775390,0.678502,0.723966,0.831991,0.762203,0.539689,0.580601,0.150701,0.136168,-0.120564,-0.197588,0.608175,0.717870,0.741742,0.882213,0.628379,0.500971,0.813216,0.530251,0.772773,0.810546,0.506274,0.153810,0.835375,0.726075,0.186706,0.000065,0.484316,0.614556
0.631622,0.474110,0.527703,0.517964,0.305185,0.376831,0.859371,0.748702,0.426087,0.152416,0.764573,0.775394,0.000000,1.028303,0.691141,0.534595,0.799142,0.631602,0.529294,0.330060,-0.082116,-0.149303,0.384331,0.349099,0.230026,0.198284,0.062309,0.200417,0.516874,0.458075,0.521220,0.401686,0.386784,0.429536,0.281009,0.323845,0.054783,0.026539,0.130887,0.227527,0.077899,-0.025605,0.193441,0.164393,0.131322,0.164788,0.268171,0.148233,0.400447,0.364298,0.360403,0.220558,0.669374,0.497503,0.582306,0.376314,0.134241,0.153954,0.612267,0.485625,0.751487,0.659277,0.649922,0.689643,0.560205,0.544839,0.489273,0.419936,0.039117,0.049897,0.138608,0.103956,0.499276,0.440511,0.620975,0.557867,0.485824,0.378778,0.455631,0.267250,0.469621,0.425618,0.384763,0.225248,0.472264,0.330658,0.257156,0.047790,0.618695,0.603378
0.380938,0.387077,0.314131,0.591154,0.400014,0.471239,0.574187,0.739560,0.446108,0.208191,0.381651,1.134642,1.028303,0.000000,0.536900,0.766280,0.556426,0.537651,0.377769,0.298290,0.105009,0.063538,0.411651,0.555531,0.389956,0.449197,0.142600,0.300638,0.472248,0.574460,0.632732,0.580605,0.377091,0.441324,0.320317,0.393235,0.115461,0.200101,0.066929,0.264819,0.139786,-0.085487,0.212046,0.256001,0.179464,0.241236,0.215730,0.120932,0.473304,0.383903,0.461857,0.404215,0.596834,0.501390,0.605745,0.500938,0.023490,0.044702,0.404169,0.390580,0.437814,0.624065,0.462365,0.585309,0.558532,0.706439,0.432881,0.466277,-0.016407,0.036634,0.062096,0.056805,0.444456,0.488621,0.529014,0.580490,0.413489,0.368256,0.489282,0.315112,0.506688,0.452097,0.306539,0.085584,0.485740,0.422478,0.094095,-0.152102,0.429018,0.471958
0.602747,0.531872,0.508925,0.448202,0.735302,0.914035,0.588609,0.508162,0.737005,0.478836,0.674639,0.630693,0.691141,0.536900,0.000000,1.063489,0.680718,0.583593,0.652233,0.454064,0.264783,0.059185,0.440720,0.361528,0.787821,0.653906,0.421710,0.805416,0.666215,0.604863,0.398772,0.327996,0.485403,0.508880,0.435713,0.470368,0.208276,0.247976,0.383763,0.411568,0.251739,0.101279,0.517142,0.491756,0.441610,0.458776,0.474977,0.439578,0.475938,0.486821,0.535357,0.407474,0.544007,0.528750,0.639525,0.555102,0.381642,0.388851,0.624226,0.506329,0.656676,0.650073,0.587270,0.561672,0.650632,0.562993,0.623497,0.562155,0.302047,0.286792,-0.114012,-0.138952,0.519784,0.438112,0.499233,0.427765,0.474239,0.352432,0.436497,0.250627,0.496541,0.477886,0.713959,0.288040,0.593012,0.488799,0.418961,0.167180,0.660831,0.674485
0.445007,0.462770,0.388685,0.485189,0.631684,0.726625,0.461796,0.481508,0.698830,0.472219,0.389880,0.743017,0.534595,0.766280,1.063489,0.000000,0.538965,0.602360,0.572544,0.508430,0.306333,0.245574,0.485056,0.499678,0.716972,0.773040,0.453559,0.738097,0.640662,0.818496,0.535300,0.470153,0.502353,0.539304,0.614994,0.587810,0.295282,0.412244,0.335803,0.508851,0.279851,0.069084,0.428316,0.439815,0.322440,0.366768,0.375942,0.336447,0.390505,0.369100,0.557758,0.486905,0.471259,0.528930,0.702732,0.748429,0.256887,0.308401,0.433100,0.418569,0.443647,0.646970,0.519474,0.575365,0.680218,0.638194,0.555481,0.545323,0.290549,0.344332,-0.070237,-0.037165,0.519946,0.550031,0.503872,0.483832,0.548335,0.500927,0.535414,0.416110,0.665176,0.650799,0.704461,0.381215,0.700719,0.688843,0.387401,0.105157,0.601728,0.662268
0.832876,0.760721,0.406015,0.472264,0.211508,0.415312,0.671493,0.513394,0.191530,-0.040111,1.044466,0.895008,0.799142,0.556426,0.680718,0.538965,0.000000,1.520587,0.807840,0.626478,-0.023887,-0.010386,0.296185,0.315440,0.298106,0.074499,-0.098026,0.304357,1.037304,0.818235,0.676008,0.509075,0.946492,0.882414,0.627727,0.534851,0.142567,0.264352,0.031109,0.242680,0.267782,0.022816,0.511172,0.426189,0.357152,0.396178,0.529473,0.423267,0.406069,0.366605,0.551214,0.297141,0.612640,0.580126,0.740009,0.566271,0.557166,0.555132,0.703154,0.505325,0.966252,0.859529,1.331392,1.057026,1.100708,0.515619,0.696842,0.566758,0.433024,0.326588,-0.065353,-0.097645,0.842598,0.880764,0.896284,0.879830,0.989905,0.773966,1.118232,0.920014,1.133747,1.041773,0.821922,0.573530,1.035943,0.720553,0.528456,0.349196,0.719822,0.819448
0.767344,0.825651,0.414686,0.546235,0.163467,0.419810,0.671793,0.532244,0.156144,-0.060382,0.742643,0.889868,0.631602,0.537651,0.583593,0.602360,1.520587,0.000000,0.844221,0.736763,0.040609,0.133550,0.299980,0.346496,0.284641,0.156722,-0.036196,0.351398,0.974489,0.989002,0.701606,0.567396,1.014850,0.942092,0.759101,0.666816,0.178435,0.331562,0.079819,0.268158,0.379540,0.067623,0.567210,0.466384,0.420679,0.443462,0.551675,0.469638,0.374445,0.390966,0.579515,0.354247,0.568652,0.607919,0.765400,0.664838,0.556647,0.628020,0.725867,0.544452,0.887508,0.999544,1.311974,1.294112,1.134775,0.572115,0.763098,0.656444,0.522701,0.438882,-0.051900,-0.037204,0.879097,1.080907,0.955163,1.002278,1.023607,0.877085,1.110899,1.056416,1.264428,1.396350,0.834301,0.611173,1.117185,0.888855,0.543348,0.389090,0.770769,0.962123
1.275909,1.167105,0.856558,0.889063,0.310584,0.472756,0.950616,0.791897,0.453215,0.250613,0.640959,0.562948,0.529294,0.377769,0.652233,0.572544,0.807840,0.844221,0.000000,1.662117,-0.071903,-0.135338,0.622064,0.541014,0.295740,0.275885,0.243481,0.390024,0.583598,0.509860,0.579348,0.492288,1.110236,1.172245,0.621121,0.721230,0.037972,0.069635,0.199016,0.392176,0.194742,0.039343,0.657990,0.587711,0.465509,0.546171,0.645482,0.626268,0.437791,0.490401,0.552618,0.360226,0.580975,0.655228,0.698573,0.620451,0.670292,0.697503,0.843400,0.646925,0.846109,0.859912,0.726818,0.786523,0.816230,0.593447,0.974790,0.804494,0.856236,0.796642,-0.073937,-0.063441,0.709529,0.682602,0.697843,0.623463,0.828095,0.737205,0.507710,0.391161,0.790558,0.760441,0.742049,0.509707,0.759469,0.657181,0.502420,0.260635,0.764342,0.942025
0.985847,1.122209,0.760807,0.925613,0.242302,0.370633,0.797906,0.727314,0.385015,0.227953,0.423360,0.454405,0.330060,0.298290,0.454064,0.508430,0.626478,0.736763,1.662117,0.000000,-0.040119,-0.049350,0.604148,0.596657,0.208320,0.252127,0.267433,0.341133,0.533336,0.510563,0.585893,0.524839,1.165420,1.232014,0.601670,0.656956,0.009055,0.043800,0.151056,0.375115,0.222368,0.046814,0.706980,0.614290,0.516062,0.581898,0.665279,0.687807,0.398733,0.451787,0.553733,0.382415,0.520370,0.652404,0.627625,0.638425,0.670461,0.798538,0.727724,0.608133,0.693956,0.764755,0.657121,0.694692,0.719115,0.521022,0.913336,0.780819,1.031001,0.997559,0.027685,0.043116,0.707975,0.701685,0.575417,0.571567,0.760227,0.738901,0.469523,0.416816,0.827295,0.772731,0.744439,0.553605,0.736100,0.712777,0.528851,0.266962,0.628686,0.840913
-0.127247,-0.079843,0.010344,0.033612,0.244143,0.390380,-0.009525,-0.042961,0.078955,0.196640,-0.088112,0.187915,-0.082116,0.105009,0.264783,0.306333,-0.023887,0.040609,-0.071903,-0.040119,0.000000,0.684035,0.024068,0.079457,0.397290,0.497307,0.373005,0.487741,0.308727,0.281600,0.157513,0.222706,0.008086,0.047863,0.189312,0.214857,0.302129,0.352633,0.034626,0.018853,0.123555,0.127268,0.141301,0.167491,0.242754,0.168716,0.131693,0.100545,0.152544,0.064506,0.183250,0.244323,0.082613,0.112360,0.112608,0.180581,0.024630,0.035204,-0.030167,-0.062827,-0.079432,-0.004149,0.015409,0.008571,0.048626,0.108011,0.001609,0.026521,-0.029172,-0.060660,0.110121,0.051988,0.252747,0.167034,0.066213,0.045844,0.018211,0.079101,0.170587,0.084339,0.123006,0.128263,0.066875,-0.072571,0.120586,0.194923,-0.007594,0.006364,0.028816,0.019695
-0.189169,-0.104451,-0.104688,-0.101727,-0.104807,0.048264,-0.096557,-0.151470,-0.101654,-0.067290,-0.172287,0.068931,-0.149303,0.063538,0.059185,0.245574,-0.010386,0.133550,-0.135338,-0.049350,0.684035,0.000000,-0.103176,-0.009170,0.089176,0.161556,0.174572,0.164543,0.349865,0.497093,0.155483,0.099701,-0.048606,-0.113204,0.129205,0.023215,0.585471,0.617502,0.116252,0.094213,0.631390,0.369664,0.020107,0.000028,0.058230,-0.094515,0.106615,0.129989,-0.003172,-0.085331,0.125551,0.208396,-0.005651,0.071664,0.083576,0.179419,-0.052439,-0.033574,-0.201173,-0.256615,-0.293945,-0.168616,-0.047220,-0.086325,0.064233,-0.043198,-0.164461,-0.193107,0.019012,-0.030045,0.216657,0.252650,0.153870,0.118240,-0.024455,-0.105853,0.045944,0.216895,0.226318,0.367138,0.184673,0.166117,0.175053,0.150607,0.187574,0.246338,0.002029,0.076473,0.006488,-0.013596
0.416335,0.459200,1.175284,1.083680,0.473554,0.411005,0.818086,0.777300,0.398753,0.341837,0.410606,0.381096,0.384331,0.411651,0.440720,0.485056,0.296185,0.299980,0.622064,0.604148,0.024068,-0.103176,0.000000,1.401693,0.447480,0.601342,0.371757,0.447197,0.310937,0.282437,0.955598,0.917748,0.519038,0.581041,0.309891,0.344863,-0.070095,-0.048205,0.089276,0.065479,-0.063267,-0.094853,0.460654,0.473787,0.326212,0.334696,0.443365,0.442205,0.298810,0.352027,0.502711,0.382656,0.435733,0.490531,0.438361,0.458634,0.246991,0.316575,0.306923,0.298025,0.274565,0.349180,0.284638,0.287408,0.341968,0.305824,0.415246,0.411902,0.317535,0.327593,0.165888,0.172599,0.278325,0.194154,0.204744,0.247389,0.263962,0.213941,0.273016,0.132170,0.334604,0.334565,0.224619,0.164445,0.395544,0.388515,0.212252,0.143285,0.411285,0.438302
0.345315,0.405341,0.852433,1.371729,0.446196,0.464273,0.813833,0.904435,0.294731,0.183547,0.312057,0.564317,0.349099,0.555531,0.361528,0.499678,0.315440,0.346496,0.541014,0.596657,0.079457,-0.009170,1.401693,0.000000,0.472963,0.517079,0.229171,0.469549,0.310679,0.375096,0.980080,1.031021,0.517600,0.595314,0.350304,0.457014,0.010454,0.059149,0.137337,0.170856,0.069797,0.004765,0.480036,0.482116,0.343259,0.346050,0.437381,0.438705,0.431682,0.406245,0.605833,0.539278,0.541730,0.563892,0.513128,0.502684,0.144948,0.198416,0.294151,0.288159,0.255100,0.422236,0.288934,0.320811,0.409494,0.459974,0.439850,0.481557,0.250192,0.282820,0.095948,0.073356,0.275699,0.237206,0.211172,0.320732,0.282299,0.230210,0.342731,0.241034,0.439397,0.422154,0.303299,0.201745,0.514346,0.508722,0.190198,0.099444,0.351075,0.454825
0.142005,0.130041,0.242546,0.381624,1.172480,1.168364,0.263355,0.251600,0.484926,0.327516,0.247471,0.618148,0.230026,0.389956,0.787821,0.716972,0.298106,0.284641,0.295740,0.208320,0.397290,0.089176,0.447480,0.472963,0.000000,0.975183,0.233107,0.979090,0.339749,0.387863,0.381719,0.469319,0.296573,0.335201,0.238472,0.311531,0.330973,0.476001,0.341026,0.243978,0.185997,0.088189,0.426713,0.458683,0.416165,0.367859,0.314104,0.273544,0.407881,0.331493,0.448848,0.457558,0.261294,0.296469,0.435360,0.428357,0.079993,0.061139,0.208250,0.159892,0.185358,0.353076,0.187543,0.211838,0.348805,0.322717,0.352951,0.403270,0.097791,0.103735,-0.276684,-0.342392,0.206999,0.179723,0.273909,0.320758,0.279118,0.152640,0.388109,0.095389,0.273910,0.300615,0.297776,-0.136030,0.372857,0.317098,-0.056294,-0.145428,0.201364,0.263436
0.105634,0.194349,0.370184,0.429810,0.865658,0.848970,0.261479,0.342078,0.652366,0.703226,0.114267,0.438229,0.198284,0.449197,0.653906,0.773040,0.074499,0.156722,0.275885,0.252127,0.497307,0.161556,0.601342,0.517079,0.975183,0.000000,0.701654,0.714522,0.312997,0.301401,0.402175,0.539173,0.271393,0.328520,0.345656,0.421124,0.161643,0.266586,0.160829,0.121242,0.012170,-0.086908,0.478281,0.536428,0.536071,0.487465,0.354801,0.337227,0.396982,0.363690,0.467535,0.495205,0.226975,0.281389,0.379760,0.472111,0.079138,0.164859,0.184513,0.202538,0.115486,0.327175,0.117177,0.206156,0.284224,0.426174,0.363162,0.462532,0.200059,0.272903,-0.030097,-0.000326,0.213171,0.184351,0.163276,0.205389,0.174495,0.190173,0.257683,-0.058796,0.227197,0.233127,0.183571,-0.115284,0.269610,0.319812,-0.018393,-0.202356,0.237300,0.274297
0.233729,0.262528,0.424201,0.234056,0.365727,0.347961,0.257413,0.305644,0.625144,1.045480,-0.021214,-0.008548,0.062309,0.142600,0.421710,0.453559,-0.098026,-0.036196,0.243481,0.267433,0.373005,0.174572,0.371757,0.229171,0.233107,0.701654,0.000000,0.424246,0.128858,0.071161,0.153481,0.110785,0.229625,0.214097,0.307173,0.333413,-0.128169,-0.111848,0.034135,0.146446,-0.017303,-0.195947,0.377908,0.411783,0.420892,0.427516,0.382106,0.428279,0.354213,0.444384,0.408122,0.447170,0.367966,0.429429,0.355040,0.482696,0.253229,0.340906,0.300006,0.359863,0.170797,0.203262,0.119146,0.134129,0.155182,0.385915,0.373741,0.389823,0.328415,0.376313,0.069541,0.184661,0.100073,0.085727,0.020161,-0.006791,0.021504,0.148491,0.002466,-0.133229,0.145389,0.083910,0.133524,0.171181,0.126238,0.246303,0.223169,0.095425,0.439700,0.368279
0.291491,0.253424,0.389702,0.482206,0.882477,1.088153,0.427146,0.392903,0.488360,0.395394,0.270828,0.534323,0.200417,0.300638,0.805416,0.738097,0.304357,0.351398,0.390024,0.341133,0.487741,0.164543,0.447197,0.469549,0.979090,0.714522,0.424246,0.000000,0.351790,0.381930,0.417883,0.474283,0.412908,0.481880,0.375414,0.445424,0.139776,0.255350,0.334537,0.193247,0.176537,0.012944,0.522634,0.533370,0.461901,0.412922,0.402529,0.412650,0.422142,0.400182,0.507754,0.486736,0.352300,0.424453,0.468562,0.537316,0.286571,0.239340,0.310207,0.227528,0.297400,0.405110,0.302790,0.267088,0.427381,0.427726,0.425613,0.446953,0.201786,0.182712,-0.148686,-0.198969,0.303020,0.208462,0.374571,0.399410,0.282233,0.196845,0.342170,0.226876,0.376229,0.416253,0.311677,0.004233,0.484890,0.460005,0.205494,0.081145,0.368332,0.479608
0.624202,0.661276,0.412110,0.413789,0.168697,0.416567,0.535091,0.430533,0.175527,0.098723,0.714287,0.710772,0.516874,0.472248,0.666215,0.640662,1.037304,0.974489,0.583598,0.533336,0.308727,0.349865,0.310937,0.310679,0.339749,0.312997,0.128858,0.351790,0.000000,1.313145,0.746033,0.625710,0.707577,0.712469,0.527235,0.438008,0.288455,0.389496,0.085521,0.220371,0.308320,0.170891,0.557803,0.500034,0.447133,0.438321,0.585298,0.489292,0.371860,0.303834,0.508660,0.327950,0.476213,0.512783,0.564721,0.522858,0.572740,0.526910,0.461939,0.351884,0.553513,0.537866,0.814631,0.690891,0.693778,0.376123,0.472958,0.410806,0.385658,0.298534,0.078462,0.084521,0.917768,0.912285,0.631572,0.572878,0.585562,0.603938,0.951221,0.735813,0.982563,0.817980,0.813047,0.533136,0.832508,0.650788,0.446330,0.291251,0.494262,0.551587
0.437859,0.539351,0.321732,0.452168,0.151852,0.419281,0.486635,0.430911,0.141784,-0.018254,0.427685,0.767771,0.458075,0.574460,0.604863,0.818496,0.818235,0.989002,0.509860,0.510563,0.281600,0.497093,0.282437,0.375096,0.387863,0.301401,0.071161,0.381930,1.313145,0.000000,0.687730,0.576624,0.542485,0.552423,0.462093,0.363407,0.425708,0.521002,0.274576,0.397314,0.543829,0.337339,0.402732,0.349613,0.266634,0.271100,0.410751,0.359807,0.269711,0.241429,0.435747,0.335881,0.417135,0.497268,0.555464,0.547565,0.329728,0.338580,0.346312,0.296716,0.400406,0.524191,0.628181,0.648129,0.616103,0.364164,0.375831,0.333868,0.259261,0.227016,0.059689,0.103398,0.721828,0.878538,0.563742,0.585289,0.552042,0.599394,0.845249,0.836020,0.917920,0.861615,0.835420,0.498520,0.794930,0.671853,0.366770,0.223693,0.477916,0.544780
0.533271,0.594933,0.795506,0.874916,0.275629,0.340656,0.802990,0.739454,0.170532,0.076810,0.533811,0.754426,0.521220,0.632732,0.398772,0.535300,0.676008,0.701606,0.579348,0.585893,0.157513,0.155483,0.955598,0.980080,0.381719,0.402175,0.153481,0.417883,0.746033,0.687730,0.000000,1.610568,0.771507,0.832408,0.529755,0.516056,0.033772,0.148642,-0.083474,0.033330,0.100936,-0.054186,0.475087,0.493726,0.372012,0.364128,0.549615,0.463964,0.365270,0.296234,0.583088,0.445050,0.526983,0.576656,0.571956,0.603054,0.398085,0.413062,0.340848,0.232635,0.374763,0.443822,0.583002,0.548246,0.605819,0.412901,0.435447,0.398939,0.338523,0.273972,0.220028,0.192926,0.718886,0.553085,0.547063,0.601195,0.532476,0.483586,0.697548,0.615894,0.739132,0.681991,0.405158,0.296879,0.697117,0.610872,0.287331,0.222528,0.444026,0.540778
0.370680,0.483719,0.662046,0.954693,0.354087,0.465723,0.673341,0.711158,0.146459,0.062036,0.381800,0.777939,0.401686,0.580605,0.327996,0.470153,0.509075,0.567396,0.492288,0.524839,0.222706,0.099701,0.917748,1.031021,0.469319,0.539173,0.110785,0.474283,0.625710,0.576624,1.610568,0.000000,0.656612,0.791915,0.432040,0.493200,0.049167,0.162361,-0.068951,-0.082195,0.027437,-0.066970,0.477393,0.505027,0.435354,0.405067,0.478884,0.391862,0.364779,0.268321,0.506639,0.390407,0.383020,0.403035,0.444788,0.468254,0.286838,0.312660,0.231661,0.162955,0.274130,0.400167,0.431239,0.457432,0.476577,0.381612,0.361980,0.388468,0.248981,0.229204,0.153676,0.109870,0.629343,0.485273,0.466444,0.594256,0.414452,0.363773,0.590146,0.432388,0.595684,0.603333,0.246850,0.091937,0.578465,0.532505,0.140166,0.061543,0.285646,0.384577
1.009337,1.003662,0.623703,0.741258,0.318089,0.448281,0.733814,0.655325,0.327109,0.223755,0.618179,0.638700,0.386784,0.377091,0.485403,0.502353,0.946492,1.014850,1.110236,1.165420,0.008086,-0.048606,0.519038,0.517600,0.296573,0.271393,0.229625,0.412908,0.707577,0.542485,0.771507,0.656612,0.000000,1.954972,0.790026,0.795178,-0.059365,0.096283,-0.085821,0.213921,0.149317,-0.146715,0.891894,0.811601,0.726875,0.788113,0.867118,0.772868,0.592485,0.581461,0.787237,0.524791,0.675330,0.759372,0.828533,0.815908,0.836894,0.955715,0.904855,0.689443,0.929048,0.967566,1.019445,0.912942,1.074167,0.654930,1.165487,0.999340,1.004826,0.898237,-0.034442,-0.031933,0.878364,0.873829,0.751158,0.773031,0.974314,0.846578,0.862533,0.709611,1.239062,1.104154,0.753745,0.588088,1.035526,0.895376,0.586159,0.364823,0.710752,0.972501
1.044078,1.121232,0.682002,0.893898,0.368709,0.507192,0.795707,0.776425,0.364206,0.240257,0.622300,0.731325,0.429536,0.441324,0.508880,0.539304,0.882414,0.942092,1.172245,1.232014,0.047863,-0.113204,0.581041,0.595314,0.335201,0.328520,0.214097,0.481880,0.712469,0.552423,0.832408,0.791915,1.954972,0.000000,0.770819,0.840403,-0.080383,0.050911,-0.044967,0.194379,0.072803,-0.140328,0.885490,0.848486,0.716346,0.820119,0.826557,0.739329,0.598839,0.578746,0.758083,0.502141,0.641659,0.723564,0.757618,0.755904,0.823855,0.914902,0.864508,0.685674,0.929800,0.978802,0.940479,0.911939,0.951901,0.687436,1.073517,0.964362,0.843990,0.783059,-0.037316,-0.052478,0.945476,0.904168,0.803645,0.816941,0.857663,0.728657,0.720362,0.568521,1.127915,1.035008,0.710503,0.496445,0.978735,0.876350,0.527804,0.297220,0.624383,0.885139
0.519891,0.573152,0.393586,0.396270,0.224393,0.357800,0.495539,0.376711,0.311868,0.210409,0.474319,0.537185,0.281009,0.320317,0.435713,0.614994,0.627727,0.759101,0.621121,0.601670,0.189312,0.129205,0.309891,0.350304,0.238472,0.345656,0.307173,0.375414,0.527235,0.462093,0.529755,0.432040,0.790026,0.770819,0.000000,1.254289,0.052038,0.223100,-0.052201,0.193778,0.137002,-0.107542,0.476930,0.421331,0.452259,0.435112,0.467544,0.410704,0.373060,0.295329,0.580578,0.416025,0.402065,0.448987,0.602341,0.634051,0.401185,0.567202,0.592245,0.396872,0.642170,0.730259,0.753836,0.761146,1.107959,0.767809,0.683154,0.599924,0.554187,0.501200,-0.071884,-0.021230,0.579919,0.547768,0.632469,0.596502,0.818017,0.801711,0.688128,0.629450,0.776087,0.802635,0.614365,0.488870,0.815147,0.801619,0.461971,0.280605,0.667932,0.789646
0.623440,0.629936,0.443819,0.579890,0.288274,0.520290,0.600978,0.601328,0.320438,0.237143,0.467075,0.681510,0.323845,0.393235,0.470368,0.587810,0.534851,0.666816,0.721230,0.656956,0.214857,0.023215,0.344863,0.457014,0.311531,0.421124,0.333413,0.445424,0.438008,0.363407,0.516056,0.493200,0.795178,0.840403,1.254289,0.000000,0.046315,0.226695,0.054812,0.276043,0.093132,-0.055346,0.580063,0.560007,0.541508,0.560793,0.559273,0.497338,0.508379,0.418967,0.662547,0.588021,0.508577,0.550260,0.689254,0.706336,0.423395,0.508245,0.634194,0.433179,0.650530,0.816676,0.645290,0.691864,0.947903,1.013103,0.805021,0.826925,0.567309,0.584380,-0.162214,-0.156155,0.500102,0.547222,0.566805,0.583843,0.638923,0.613115,0.544116,0.422913,0.736492,0.797595,0.586640,0.449950,0.826453,0.902816,0.417862,0.263096,0.618417,0.824765
-0.072563,-0.100882,-0.104688,-0.067073,0.104328,0.234965,-0.031312,-0.142739,-0.019324,-0.131604,0.028090,0.219040,0.054783,0.115461,0.208276,0.295282,0.142567,0.178435,0.037972,0.009055,0.302129,0.585471,-0.070095,0.010454,0.330973,0.161643,-0.128169,0.139776,0.288455,0.425708,0.033772,0.049167,-0.059365,-0.080383,0.052038,0.046315,0.000000,1.249931,0.630875,0.352504,0.857939,0.863919,0.064512,0.025309,0.004820,-0.172926,0.160560,0.128593,0.037075,-0.118479,0.125077,0.175732,0.010286,0.007903,0.222869,0.148924,-0.114074,-0.173128,-0.171992,-0.256391,-0.172516,-0.075817,-0.026948,-0.075705,0.110082,-0.071124,-0.128188,-0.149659,-0.035842,-0.060111,-0.059172,-0.079917,0.121820,0.109823,0.014428,-0.035148,0.235590,0.309208,0.264726,0.173538,0.173341,0.190337,0.297920,0.066812,0.288767,0.223561,-0.078182,-0.177559,0.005240,-0.057579
-0.053616,-0.026652,-0.153831,-0.011437,0.158642,0.370339,-0.043920,-0.107875,-0.024698,-0.100234,0.114917,0.415699,0.026539,0.200101,0.247976,0.412244,0.264352,0.331562,0.069635,0.043800,0.352633,0.617502,-0.048205,0.059149,0.476001,0.266586,-0.111848,0.255350,0.389496,0.521002,0.148642,0.162361,0.096283,0.050911,0.223100,0.226695,1.249931,0.000000,0.295668,0.327826,0.731547,0.549834,0.163412,0.164655,0.171523,-0.004646,0.209113,0.161943,0.196283,0.014791,0.299423,0.327121,0.064753,0.078223,0.333315,0.285571,-0.069331,-0.073017,-0.057996,-0.158043,-0.062043,0.101887,0.102496,0.081401,0.339922,0.148285,0.027140,0.024697,0.065892,0.001762,-0.290760,-0.294263,0.164304,0.233191,0.133578,0.133583,0.331065,0.364376,0.511344,0.374415,0.288689,0.347762,0.317641,0.093070,0.415620,0.391266,-0.065665,-0.057176,0.040498,0.078476
0.110213,0.057190,0.149871,0.137732,0.259893,0.318949,0.195873,0.130101,0.176475,0.027111,0.059552,0.124984,0.130887,0.066929,0.383763,0.335803,0.031109,0.079819,0.199016,0.151056,0.034626,0.116252,0.089276,0.137337,0.341026,0.160829,0.034135,0.334537,0.085521,0.274576,-0.083474,-0.068951,-0.085821,-0.044967,-0.052201,0.054812,0.630875,0.295668,0.000000,0.629284,0.483074,0.764387,0.140258,0.063194,-0.064878,-0.100036,0.139878,0.205862,0.008870,0.042160,0.059525,0.132938,0.115782,0.178154,0.223293,0.177161,-0.022054,-0.106052,0.016278,0.018426,0.010553,0.061247,-0.039199,-0.024230,-0.026756,-0.007401,0.033156,0.030393,-0.029238,0.055567,-0.145080,-0.146580,-0.091535,-0.042644,-0.071035,-0.085730,0.048054,0.066568,-0.071243,-0.090091,0.054548,0.086743,0.353754,0.084459,0.149522,0.102205,0.123368,-0.139558,0.177366,0.131817
0.345091,0.296888,0.133820,0.201756,0.212866,0.211039,0.254693,0.277616,0.336940,0.171218,0.127609,0.252643,0.227527,0.264819,0.411568,0.508851,0.242680,0.268158,0.392176,0.375115,0.018853,0.094213,0.065479,0.170856,0.243978,0.121242,0.146446,0.193247,0.220371,0.397314,0.033330,-0.082195,0.213921,0.194379,0.193778,0.276043,0.352504,0.327826,0.629284,0.000000,0.407220,0.550909,0.204393,0.167426,0.050611,0.080318,0.246187,0.281294,0.212705,0.232306,0.319410,0.381570,0.391677,0.420766,0.514249,0.490831,0.161511,0.185314,0.357933,0.345844,0.331132,0.386328,0.253932,0.287024,0.320235,0.373006,0.396819,0.367754,0.298268,0.317535,-0.178306,-0.101161,0.134596,0.301019,0.130601,0.117844,0.319620,0.317209,0.166157,0.169383,0.349530,0.268228,0.662134,0.470291,0.365055,0.346039,0.365351,0.117187,0.426234,0.472481
0.107320,0.131372,-0.018704,0.086672,0.058506,0.183510,0.113584,0.046167,0.021626,-0.125605,0.029099,0.210680,0.077899,0.139786,0.251739,0.279851,0.267782,0.379540,0.194742,0.222368,0.123555,0.631390,-0.063267,0.069797,0.185997,0.012170,-0.017303,0.176537,0.308320,0.543829,0.100936,0.027437,0.149317,0.072803,0.137002,0.093132,0.857939,0.731547,0.483074,0.407220,0.000000,0.661303,0.186517,0.098307,0.163265,0.000035,0.272542,0.295372,0.191252,0.137244,0.282170,0.309518,0.210425,0.246891,0.361256,0.318072,0.014208,0.059074,0.089234,0.039499,0.040408,0.150874,0.184452,0.157645,0.276661,0.116695,0.121321,0.063182,0.158992,0.126813,-0.054976,-0.012829,0.179304,0.241677,0.158496,0.143503,0.330601,0.438693,0.316471,0.423443,0.337661,0.339216,0.454754,0.250750,0.402965,0.365295,0.082685,0.036548,0.232865,0.240327
-0.017222,-0.018597,-0.031390,-0.011585,-0.095697,0.052257,0.051888,-0.028569,-0.162976,-0.285092,0.007677,0.037186,-0.025605,-0.085487,0.101279,0.069084,0.022816,0.067623,0.039343,0.046814,0.127268,0.369664,-0.094853,0.004765,0.088189,-0.086908,-0.195947,0.012944,0.170891,0.337339,-0.054186,-0.066970,-0.146715,-0.140328,-0.107542,-0.055346,0.863919,0.549834,0.764387,0.550909,0.661303,0.000000,-0.011768,-0.083985,-0.122169,-0.248831,0.086577,0.112009,-0.120830,-0.187928,-0.035194,0.065971,-0.044069,-0.010100,0.039934,0.003520,-0.035583,-0.114860,-0.146662,-0.215564,-0.136953,-0.134975,-0.097183,-0.115903,-0.061897,-0.129787,-0.150181,-0.174066,0.002186,-0.010877,0.035926,0.021370,0.058061,0.084946,-0.093684,-0.151624,0.060932,0.127249,-0.021827,0.004278,0.015279,0.045335,0.326559,0.181444,0.111643,0.110800,0.028424,-0.004513,-0.052072,-0.065733
0.632885,0.716762,0.544392,0.622341,0.483255,0.557392,0.532626,0.527522,0.403744,0.412684,0.473745,0.432453,0.193441,0.212046,0.517142,0.428316,0.511172,0.567210,0.657990,0.706980,0.141301,0.020107,0.460654,0.480036,0.426713,0.478281,0.377908,0.522634,0.557803,0.402732,0.475087,0.477393,0.891894,0.885490,0.476930,0.580063,0.064512,0.163412,0.140258,0.204393,0.186517,-0.011768,0.000000,1.902656,1.370323,1.315383,1.511126,1.536736,0.863508,0.869847,1.166470,0.867486,0.699828,0.835552,0.830134,0.874330,0.705729,0.832523,0.629411,0.595029,0.588568,0.645950,0.686592,0.545720,0.620958,0.492676,0.865555,0.881220,0.763290,0.720418,-0.052383,-0.053486,0.460751,0.494080,0.309436,0.388059,0.571695,0.510034,0.484307,0.284760,0.773036,0.719501,0.618593,0.422622,0.790593,0.822598,0.506802,0.230536,0.481206,0.641229
0.592719,0.692890,0.481242,0.589570,0.529157,0.541539,0.442410,0.505457,0.433417,0.462315,0.429048,0.446581,0.164393,0.256001,0.491756,0.439815,0.426189,0.466384,0.587711,0.614290,0.167491,0.000028,0.473787,0.482116,0.458683,0.536428,0.411783,0.533370,0.500034,0.349613,0.493726,0.505027,0.811601,0.848486,0.421331,0.560007,0.025309,0.164655,0.063194,0.167426,0.098307,-0.083985,1.902656,0.000000,1.341115,1.415891,1.328647,1.349965,0.879636,0.897743,1.133834,0.884460,0.649699,0.779507,0.770148,0.839240,0.663633,0.758705,0.573588,0.570538,0.521203,0.591705,0.578621,0.485979,0.573226,0.527332,0.795733,0.854063,0.667330,0.633004,-0.100661,-0.102177,0.425604,0.457800,0.274611,0.367813,0.481949,0.407126,0.408889,0.209652,0.665956,0.633653,0.498134,0.337510,0.705762,0.769793,0.404538,0.195950,0.398559,0.551528
0.447936,0.577917,0.358425,0.472073,0.488799,0.546821,0.365159,0.379991,0.398756,0.410206,0.314084,0.352728,0.131322,0.179464,0.441610,0.322440,0.357152,0.420679,0.465509,0.516062,0.242754,0.058230,0.326212,0.343259,0.416165,0.536071,0.420892,0.461901,0.447133,0.266634,0.372012,0.435354,0.726875,0.716346,0.452259,0.541508,0.004820,0.171523,-0.064878,0.050611,0.163265,-0.122169,1.370323,1.341115,0.000000,1.620624,1.149643,1.082156,0.988107,0.940084,1.026242,0.798451,0.573851,0.610993,0.660271,0.669251,0.523252,0.748805,0.636531,0.612189,0.527682,0.581727,0.553774,0.484719,0.552878,0.540388,0.856410,0.885781,0.671805,0.649003,-0.085088,-0.089595,0.429217,0.400974,0.298287,0.404627,0.447163,0.424651,0.375748,0.202641,0.533645,0.529597,0.406749,0.214715,0.574262,0.641668,0.270003,0.152738,0.371740,0.515130
0.568300,0.772390,0.387597,0.512161,0.443783,0.488392,0.372751,0.438401,0.392365,0.404273,0.367188,0.404767,0.164788,0.241236,0.458776,0.366768,0.396178,0.443462,0.546171,0.581898,0.168716,-0.094515,0.334696,0.346050,0.367859,0.487465,0.427516,0.412922,0.438321,0.271100,0.364128,0.405067,0.788113,0.820119,0.435112,0.560793,-0.172926,-0.004646,-0.100036,0.080318,0.000035,-0.248831,1.315383,1.415891,1.620624,0.000000,1.037352,0.981433,0.937848,1.062981,0.982497,0.760677,0.631976,0.701113,0.673178,0.717105,0.631618,0.879547,0.703105,0.811489,0.601170,0.673248,0.621787,0.587053,0.528921,0.589407,0.951138,1.034584,0.671621,0.686521,-0.097094,-0.112172,0.454073,0.504681,0.329205,0.451491,0.422773,0.357852,0.316275,0.169563,0.573336,0.565399,0.464803,0.276893,0.565417,0.639609,0.375887,0.172608,0.420555,0.557920
0.747144,0.785948,0.601394,0.560199,0.360268,0.393447,0.569174,0.498852,0.328119,0.343603,0.539076,0.422360,0.268171,0.215730,0.474977,0.375942,0.529473,0.551675,0.645482,0.665279,0.131693,0.106615,0.443365,0.437381,0.314104,0.354801,0.382106,0.402529,0.585298,0.410751,0.549615,0.478884,0.867118,0.826557,0.467544,0.559273,0.160560,0.209113,0.139878,0.246187,0.272542,0.086577,1.511126,1.328647,1.149643,1.037352,0.000000,1.937037,0.900594,0.864740,1.283799,1.007865,0.891327,1.039040,1.030328,1.030919,0.749101,0.880097,0.645210,0.593313,0.576087,0.558067,0.674932,0.502282,0.599021,0.473664,0.831480,0.777950,0.739457,0.666666,0.014102,0.007018,0.518171,0.495621,0.354925,0.351430,0.577863,0.564219,0.459551,0.289722,0.760603,0.647243,0.670791,0.496433,0.821389,0.822964,0.557652,0.282607,0.576100,0.672971
0.669432,0.743303,0.570355,0.549497,0.332452,0.360219,0.507040,0.476594,0.346720,0.359683,0.428591,0.297740,0.148233,0.120932,0.439578,0.336447,0.423267,0.469638,0.626268,0.687807,0.100545,0.129989,0.442205,0.438705,0.273544,0.337227,0.428279,0.412650,0.489292,0.359807,0.463964,0.391862,0.772868,0.739329,0.410704,0.497338,0.128593,0.161943,0.205862,0.281294,0.295372,0.112009,1.536736,1.349965,1.082156,0.981433,1.937037,0.000000,0.769687,0.828571,1.127171,0.959678,0.722326,0.923739,0.833831,0.905140,0.761266,0.861789,0.564509,0.539075,0.489586,0.476667,0.574798,0.416155,0.505272,0.416899,0.755461,0.716949,0.795053,0.711601,0.000801,0.015343,0.383812,0.404398,0.222887,0.235862,0.461339,0.479004,0.348207,0.248536,0.666054,0.574006,0.645179,0.514286,0.707856,0.766323,0.512245,0.299280,0.481607,0.608904
