0.000000,1.404776,0.815849,0.721599,0.605452,0.635304,0.913538,0.720256,0.531951,0.574183,0.573772,0.651331,0.547958,0.731564,0.593268,0.561089,0.533069,0.404210,1.106016,0.899295,0.089198,0.259709,0.503625,0.345915,0.274347,-0.049126,0.578210,0.326598,0.375686,0.406451,0.381946,0.262605,0.839904,0.707604,0.361220,0.430303,0.450806,0.385926,0.418829,0.627658,0.182400,0.282497,0.784689,0.751119,0.562017,0.835048,0.853196,0.837712,0.791610,0.796295,0.774229,0.704729,0.909466,0.833232,0.804996,0.735429,1.379452,1.166925,0.871669,0.696106,0.946529,0.532211,0.469370,0.533810,0.288665,0.122157,0.797289,0.653275,1.059464,0.935578,-0.171697,0.080856,0.545507,0.661922,0.676075,0.710901,0.556015,0.697703,0.495195,0.352450,0.714776,0.742461,0.704058,0.622932,0.892116,0.734059,0.469889,0.348869,0.955916,0.877119
1.404776,0.000000,0.676873,0.708942,0.522894,0.572298,0.716584,0.669780,0.374113,0.526078,0.478407,0.633332,0.484122,0.690250,0.544001,0.550254,0.648154,0.512685,0.995800,1.046549,0.097121,0.365721,0.372779,0.207175,0.204445,-0.056385,0.484912,0.298010,0.433534,0.550399,0.330589,0.233626,0.855347,0.762714,0.281003,0.392486,0.477717,0.459266,0.319128,0.562687,0.252048,0.423945,0.746302,0.716799,0.561829,0.720604,0.802267,0.745176,0.775342,0.707514,0.845597,0.722958,0.947775,0.820777,0.784365,0.736480,1.362515,1.363186,0.808901,0.717499,0.769156,0.461548,0.648139,0.726695,0.173147,0.023770,0.797579,0.650174,0.961696,0.869074,-0.228266,0.022043,0.507363,0.777921,0.665040,0.809287,0.447363,0.653706,0.521119,0.429321,0.866981,0.938771,0.717303,0.653175,0.787636,0.689517,0.400335,0.212857,0.815002,0.711380
0.815849,0.676873,0.000000,0.973186,0.400669,0.348366,1.269554,0.620675,0.741437,0.606418,0.418316,0.331035,0.632936,0.666413,0.803607,0.795310,0.480050,-0.038377,1.159686,0.963863,0.100568,0.258165,1.072933,0.682631,0.565365,-0.073319,0.323057,0.126056,0.502468,0.261621,0.563115,0.422625,1.039777,0.799322,0.841336,0.762820,0.340250,0.284336,0.326657,0.474741,0.237172,0.239968,0.751177,0.663975,0.678145,0.566890,0.682893,0.604494,0.492332,0.483992,0.633905,0.628325,0.684370,0.555266,0.579413,0.515558,0.514135,0.430786,0.607399,0.361134,0.705381,0.259175,0.382102,0.278138,0.801016,0.348082,0.918289,0.700744,0.809133,0.863218,-0.043477,0.257883,0.571390,0.502259,0.760003,0.576248,0.767929,0.766444,0.333647,0.353279,0.602357,0.475911,0.759025,0.402061,0.886734,0.613838,0.410621,0.145303,0.704432,0.594973
0.721599,0.708942,0.973186,0.000000,0.505229,0.647129,0.870297,1.185304,0.583876,0.841725,0.401578,0.641421,0.454072,0.668773,0.515242,0.645958,0.556136,0.116699,0.771638,1.043335,0.155071,0.335601,0.570251,0.612162,0.306220,0.094595,0.320593,0.244720,0.514172,0.357289,0.554748,0.596061,1.027525,1.101902,0.512992,0.775445,0.381527,0.302578,0.282445,0.567999,0.262944,0.368406,0.612826,0.548924,0.619246,0.601029,0.588847,0.548212,0.506074,0.550668,0.698728,0.615873,0.752449,0.542673,0.599488,0.526216,0.626461,0.469098,0.737194,0.751465,0.871800,0.744219,0.598036,0.582938,0.445708,0.441576,1.001399,1.028923,0.791572,0.816194,-0.102780,0.143994,0.519677,0.647513,0.721244,0.643547,0.480158,0.618506,0.421723,0.304291,0.684306,0.595423,0.651900,0.495037,0.759264,0.953423,0.439335,0.153093,0.618531,0.702506
0.605452,0.522894,0.400669,0.505229,0.000000,1.015941,0.535240,0.508121,0.713863,0.557425,0.272651,0.304431,0.151511,0.300572,0.332745,0.353289,0.081338,0.272093,0.404853,0.371040,0.335491,0.144092,0.371428,0.387857,0.293521,0.341248,1.165471,0.944710,0.094326,0.402249,0.449346,0.459006,0.453607,0.478969,0.393553,0.410742,0.371641,0.314915,0.532014,0.573675,0.124705,0.098707,0.573043,0.594123,0.435416,0.763199,0.639907,0.768476,0.558866,0.568945,0.429738,0.443670,0.462073,0.650992,0.597007,0.537073,0.569583,0.672758,0.394379,0.471245,0.525205,0.557883,0.137553,0.291309,0.266155,0.276857,0.516152,0.470897,0.619824,0.485614,-0.158371,0.138892,0.338319,0.396934,0.386215,0.386183,0.295909,0.325320,0.264740,0.086143,0.400807,0.460470,0.522483,0.578481,0.615391,0.507427,0.458874,0.370530,0.527413,0.606510
0.635304,0.572298,0.348366,0.647129,1.015941,0.000000,0.490958,0.848493,0.710364,0.953540,0.121419,0.315715,0.068669,0.255852,0.141389,0.288209,0.044098,0.186397,0.390155,0.481296,0.229037,0.136372,0.123715,0.194073,0.055415,0.112056,0.799348,0.656100,0.099832,0.325471,0.248944,0.271582,0.480055,0.591507,0.176516,0.407761,0.386874,0.410095,0.350030,0.464015,0.045640,0.181310,0.592603,0.599992,0.404124,0.772035,0.721317,0.767220,0.651009,0.711454,0.533789,0.525575,0.674466,0.794741,0.649015,0.488764,0.572872,0.653042,0.613703,0.860553,0.571501,0.758442,0.289959,0.370557,0.062392,0.165117,0.592428,0.712772,0.763875,0.633886,-0.415932,-0.177408,0.215534,0.399126,0.357206,0.400588,0.184656,0.303485,0.203356,0.023107,0.494080,0.523211,0.349734,0.565718,0.592532,0.699523,0.416269,0.223980,0.702070,0.827220
0.913538,0.716584,1.269554,0.870297,0.535240,0.490958,0.000000,0.876598,0.884668,0.657942,0.506810,0.454247,0.661714,0.555546,0.798735,0.674472,0.471732,0.072059,1.111011,0.852714,0.035570,0.181438,0.787487,0.459462,0.527632,-0.025121,0.382247,0.157191,0.526263,0.387504,0.490512,0.353721,1.062588,0.873449,0.540362,0.696188,0.438249,0.294081,0.274133,0.441105,0.240723,0.180147,0.740231,0.714079,0.699594,0.669925,0.692478,0.726962,0.673569,0.603180,0.739552,0.640306,0.802158,0.626600,0.654713,0.495896,0.600763,0.517582,0.774280,0.469940,0.995394,0.431995,0.460218,0.406714,0.499776,0.250066,0.981668,0.752898,0.826982,0.828370,-0.161178,0.100766,0.555248,0.486013,0.693604,0.634529,0.676785,0.768766,0.410124,0.303606,0.625050,0.568645,0.694602,0.505172,0.860593,0.615425,0.404925,0.135711,0.861973,0.642113
0.720256,0.669780,0.620675,1.185304,0.508121,0.848493,0.876598,0.000000,0.668018,1.025534,0.274770,0.618762,0.424481,0.467430,0.419104,0.551062,0.467172,0.154098,0.666221,0.852908,0.122254,0.234949,0.251140,0.223884,0.105897,-0.038522,0.277363,0.116324,0.504383,0.363124,0.304921,0.301553,0.808558,0.977654,0.238061,0.561674,0.348114,0.297702,0.157203,0.427720,0.136746,0.291905,0.606894,0.550288,0.585427,0.670112,0.622805,0.585100,0.712723,0.721060,0.718013,0.555405,0.831057,0.604178,0.585264,0.511054,0.599178,0.506131,0.920502,1.080187,0.974574,1.102655,0.570823,0.589355,0.086191,0.153794,0.872267,0.959121,0.850423,0.815642,-0.306608,-0.135950,0.407681,0.514653,0.557500,0.611460,0.336542,0.503595,0.365655,0.241154,0.625210,0.554130,0.489176,0.455409,0.628636,0.875636,0.334131,0.138044,0.747113,0.816868
0.531951,0.374113,0.741437,0.583876,0.713863,0.710364,0.884668,0.668018,0.000000,0.931995,0.286292,0.244126,0.415574,0.363908,0.662657,0.667030,0.143284,-0.035087,0.517962,0.452596,0.174364,0.082285,0.552184,0.407566,0.369015,0.042269,0.473311,0.241831,0.317892,0.245630,0.195755,0.174304,0.486435,0.467169,0.493152,0.616037,0.398559,0.300442,0.285422,0.391602,0.111105,0.097817,0.677805,0.675597,0.516952,0.730995,0.738668,0.760628,0.518210,0.629356,0.511736,0.521571,0.598089,0.596961,0.524172,0.450602,0.284648,0.379634,0.542050,0.461798,0.583424,0.454044,0.146852,0.142010,0.379680,0.233315,0.614043,0.595919,0.696110,0.647345,-0.246301,0.008074,0.292274,0.238774,0.378756,0.404486,0.473828,0.445311,0.211295,0.117235,0.442576,0.370966,0.534929,0.389579,0.824586,0.637072,0.332205,0.194441,0.768093,0.678917
0.574183,0.526078,0.606418,0.841725,0.557425,0.953540,0.657942,1.025534,0.931995,0.000000,0.116779,0.355439,0.393220,0.390712,0.470468,0.624661,0.276917,0.006203,0.446603,0.602220,0.190598,0.237924,0.357826,0.309694,0.151782,0.071811,0.370993,0.267484,0.260401,0.227141,0.157810,0.143288,0.534715,0.621381,0.388908,0.603621,0.449888,0.338063,0.238909,0.473619,0.207979,0.348654,0.783252,0.668057,0.665331,0.762846,0.829356,0.740864,0.677271,0.730367,0.691738,0.634256,0.847868,0.668175,0.636919,0.579947,0.413411,0.510215,0.654878,0.776515,0.626573,0.713690,0.292748,0.275912,0.266785,0.248858,0.700583,0.761967,0.847444,0.857268,-0.314755,-0.097726,0.296547,0.395500,0.448436,0.472233,0.390047,0.520525,0.253971,0.225215,0.585203,0.541961,0.482091,0.433632,0.795684,0.928477,0.307464,0.158601,0.802499,0.869159
0.573772,0.478407,0.418316,0.401578,0.272651,0.121419,0.506810,0.274770,0.286292,0.116779,0.000000,0.786284,0.705401,0.745879,0.711278,0.476316,0.566904,0.450644,0.520577,0.347674,-0.050089,0.131611,0.518989,0.449784,0.359152,0.205851,0.311556,0.270198,0.465465,0.420295,0.467511,0.468241,0.411740,0.307403,0.304226,0.314136,0.341181,0.175418,0.384539,0.375375,0.373053,0.266044,0.278061,0.282725,0.314793,0.308350,0.228170,0.278426,0.278590,0.291402,0.292310,0.310448,0.256565,0.243552,0.308591,0.252586,0.497590,0.415601,0.295529,0.152390,0.579928,0.181780,0.428902,0.392626,0.335116,0.269658,0.304924,0.234872,0.243481,0.185658,0.163217,0.303658,0.579832,0.467032,0.484210,0.508549,0.453875,0.382695,0.459374,0.148657,0.419682,0.492522,0.670625,0.568420,0.578371,0.426155,0.331460,0.248633,0.314248,0.336026
0.651331,0.633332,0.331035,0.641421,0.304431,0.315715,0.454247,0.618762,0.244126,0.355439,0.786284,0.000000,0.501288,0.906907,0.540117,0.557758,0.550008,0.659475,0.433235,0.468438,0.021794,0.182555,0.266632,0.317926,0.133889,0.088382,0.288977,0.227977,0.456839,0.521692,0.356404,0.391333,0.480639,0.540110,0.139519,0.343184,0.389420,0.195741,0.253948,0.386066,0.289080,0.262772,0.238547,0.202107,0.265904,0.319606,0.272034,0.313893,0.363626,0.353549,0.413075,0.294470,0.430657,0.294564,0.398793,0.299119,0.693850,0.518232,0.556632,0.519444,0.721315,0.588328,0.586329,0.711219,0.099655,0.214923,0.463847,0.452927,0.411361,0.364935,0.002951,0.156229,0.451304,0.589956,0.451971,0.608474,0.319416,0.429177,0.424476,0.227717,0.491000,0.539097,0.554558,0.679727,0.513831,0.604676,0.377508,0.211348,0.384753,0.419952
0.547958,0.484122,0.632936,0.454072,0.151511,0.068669,0.661714,0.424481,0.415574,0.393220,0.705401,0.501288,0.000000,0.797162,0.765181,0.644201,0.705078,0.170201,0.501706,0.463533,0.133592,0.295832,0.668697,0.411481,0.384402,0.116933,0.138290,0.041791,0.538610,0.258638,0.302875,0.137016,0.507215,0.330022,0.421366,0.367167,0.421791,0.198543,0.249788,0.377684,0.434382,0.411508,0.507004,0.414632,0.519889,0.394698,0.412036,0.375821,0.450501,0.458478,0.589881,0.555956,0.519814,0.368543,0.383382,0.363156,0.421073,0.367388,0.465958,0.257323,0.590142,0.183538,0.495256,0.364146,0.417297,0.172120,0.435344,0.313930,0.447315,0.483118,0.145136,0.281862,0.492654,0.372526,0.457929,0.414851,0.688830,0.544242,0.413323,0.364180,0.480868,0.445921,0.615285,0.282669,0.617993,0.513848,0.132015,0.111756,0.534300,0.443785
0.731564,0.690250,0.666413,0.668773,0.300572,0.255852,0.555546,0.467430,0.363908,0.390712,0.745879,0.906907,0.797162,0.000000,0.764346,0.928562,0.548185,0.352871,0.618005,0.685331,0.077886,0.310100,0.650614,0.691712,0.379591,0.159123,0.362559,0.257135,0.477952,0.416703,0.540035,0.458069,0.639656,0.586373,0.515930,0.547717,0.441503,0.306597,0.416590,0.505078,0.347829,0.377012,0.528440,0.454169,0.432952,0.430380,0.468777,0.456250,0.405666,0.444343,0.576584,0.584487,0.504124,0.488605,0.472303,0.472466,0.632585,0.504649,0.492023,0.368685,0.533591,0.319784,0.548835,0.501377,0.458422,0.362502,0.553051,0.488981,0.441386,0.521849,0.092644,0.309405,0.559975,0.609304,0.605046,0.653061,0.542300,0.565247,0.496519,0.416473,0.593982,0.583071,0.704950,0.502420,0.744457,0.787152,0.250995,0.195425,0.473504,0.548094
0.593268,0.544001,0.803607,0.515242,0.332745,0.141389,0.798735,0.419104,0.662657,0.470468,0.711278,0.540117,0.765181,0.764346,0.000000,1.205604,0.580351,0.175078,0.748015,0.570975,0.056738,0.296787,0.756016,0.490363,0.665423,0.166252,0.228776,0.085466,0.680088,0.495826,0.457495,0.343772,0.657345,0.529603,0.589443,0.586590,0.560576,0.359282,0.452596,0.476775,0.451957,0.343486,0.702010,0.612312,0.652800,0.513903,0.582933,0.589871,0.481144,0.406457,0.558365,0.514670,0.551594,0.405027,0.562224,0.492241,0.433595,0.379436,0.460560,0.249329,0.586428,0.219411,0.333795,0.269930,0.521495,0.301439,0.625981,0.435656,0.459058,0.512923,0.001645,0.247122,0.709516,0.533350,0.677343,0.677023,0.608263,0.664337,0.428243,0.453062,0.674121,0.607727,0.993042,0.557982,0.964379,0.660347,0.339776,0.170658,0.582120,0.477653
0.561089,0.550254,0.795310,0.645958,0.353289,0.288209,0.674472,0.551062,0.667030,0.624661,0.476316,0.557758,0.644201,0.928562,1.205604,0.000000,0.521669,0.174549,0.704092,0.705633,0.089088,0.224346,0.647492,0.557667,0.454861,0.119957,0.236050,0.087556,0.627096,0.473038,0.378452,0.331256,0.630105,0.590172,0.577338,0.599985,0.547610,0.456587,0.512470,0.568931,0.449852,0.397035,0.749841,0.598943,0.583686,0.516442,0.698590,0.611314,0.515727,0.491135,0.598160,0.532329,0.583866,0.503553,0.552751,0.591522,0.399874,0.343952,0.492020,0.373902,0.512822,0.323373,0.368918,0.287753,0.433337,0.286344,0.628601,0.538920,0.558478,0.679455,-0.075280,0.172214,0.547640,0.480858,0.606585,0.657837,0.544652,0.551490,0.396177,0.462345,0.676840,0.545552,0.894995,0.490365,0.856919,0.811805,0.255718,0.228534,0.551706,0.545296
0.533069,0.648154,0.480050,0.556136,0.081338,0.044098,0.471732,0.467172,0.143284,0.276917,0.566904,0.550008,0.705078,0.548185,0.580351,0.521669,0.000000,0.439157,0.629007,0.799841,0.232640,0.534658,0.275043,0.120247,0.159394,0.113022,-0.110227,-0.089830,1.074699,0.577924,0.410392,0.317678,0.563816,0.516961,0.119570,0.185179,0.395667,0.228826,0.136904,0.391412,0.495032,0.602245,0.440775,0.283661,0.440195,0.244648,0.326752,0.232436,0.385506,0.256902,0.540920,0.332054,0.483913,0.249637,0.319827,0.351734,0.610378,0.391798,0.418350,0.281572,0.507615,0.262919,0.743240,0.656379,0.070625,-0.024306,0.445060,0.340185,0.401896,0.429915,0.169963,0.180184,0.613243,0.579959,0.599059,0.650744,0.485521,0.372798,0.834469,0.718610,0.773912,0.576366,0.597211,0.239849,0.454499,0.465227,-0.005213,0.024324,0.257783,0.225270
0.404210,0.512685,-0.038377,0.116699,0.272093,0.186397,0.072059,0.154098,-0.035087,0.006203,0.450644,0.659475,0.170201,0.352871,0.175078,0.174549,0.439157,0.000000,0.244035,0.218452,0.082995,0.154387,0.005028,0.013025,0.049285,0.198820,0.314432,0.268200,0.247634,0.581928,0.210502,0.315479,0.084704,0.156025,-0.120927,-0.093276,0.288785,0.234082,0.287069,0.296288,0.258434,0.218654,0.137536,0.120454,0.102008,0.212401,0.131961,0.216243,0.306605,0.285640,0.263279,0.140320,0.198906,0.208419,0.241906,0.184315,0.599486,0.619066,0.174329,0.199979,0.293016,0.306374,0.281281,0.466387,-0.133117,-0.076675,0.056113,0.037833,0.164712,0.071406,0.082452,0.152578,0.280467,0.400862,0.252717,0.423847,0.037786,0.058094,0.371941,0.303980,0.284300,0.383683,0.256843,0.397629,0.210867,0.206346,0.095935,0.199609,0.144189,0.169670
1.106016,0.995800,1.159686,0.771638,0.404853,0.390155,1.111011,0.666221,0.517962,0.446603,0.520577,0.433235,0.501706,0.618005,0.748015,0.704092,0.629007,0.244035,0.000000,1.269524,0.052696,0.266799,0.609694,0.354155,0.394351,-0.128244,0.318431,0.095131,0.618238,0.497483,0.548257,0.423259,0.971169,0.823518,0.413090,0.446187,0.350167,0.370487,0.353395,0.460749,0.175876,0.237886,0.698289,0.621606,0.570102,0.540931,0.660656,0.593836,0.635002,0.542544,0.636839,0.542582,0.687362,0.605539,0.669331,0.617299,0.780481,0.622042,0.714627,0.467915,0.789518,0.356645,0.487217,0.425137,0.375514,0.096112,0.789168,0.579362,0.816542,0.781719,-0.126998,0.105205,0.699078,0.644925,0.862811,0.743864,0.599836,0.631030,0.442447,0.464121,0.697035,0.592806,0.749834,0.464435,0.777704,0.551930,0.414199,0.240912,0.760661,0.626727
0.899295,1.046549,0.963863,1.043335,0.371040,0.481296,0.852714,0.852908,0.452596,0.602220,0.347674,0.468438,0.463533,0.685331,0.570975,0.705633,0.799841,0.218452,1.269524,0.000000,0.121754,0.409819,0.419522,0.288425,0.209704,-0.075580,0.214750,0.085470,0.676840,0.511908,0.450754,0.376562,1.067073,1.055889,0.349935,0.519210,0.363228,0.396370,0.232660,0.476277,0.286495,0.431125,0.715342,0.573477,0.555381,0.521806,0.679915,0.553406,0.586684,0.511214,0.754720,0.576065,0.850115,0.652889,0.637920,0.622990,0.763094,0.595399,0.810852,0.660409,0.735355,0.494306,0.772631,0.683853,0.254384,0.102640,0.920933,0.809157,0.858496,0.956106,-0.173399,0.034448,0.566506,0.668051,0.786878,0.795400,0.525920,0.603536,0.514537,0.610085,0.824580,0.690950,0.718632,0.410663,0.684273,0.755202,0.232554,0.086467,0.653671,0.597288
0.089198,0.097121,0.100568,0.155071,0.335491,0.229037,0.035570,0.122254,0.174364,0.190598,-0.050089,0.021794,0.133592,0.077886,0.056738,0.089088,0.232640,0.082995,0.052696,0.121754,0.000000,0.738747,0.058753,0.059687,-0.027808,0.266874,0.151958,0.293947,0.199986,0.046118,0.344365,0.209789,0.009710,0.075476,0.048117,-0.088392,0.158898,-0.000462,0.163257,0.284350,0.166730,0.252348,0.108759,0.024834,-0.012920,0.040917,0.099661,0.024737,0.048796,0.059258,0.023654,-0.024788,0.039769,0.082540,-0.024434,0.047524,0.092128,0.106690,-0.087147,0.005708,-0.052303,0.157678,-0.093196,-0.045478,-0.028377,-0.039925,-0.015850,-0.009860,0.186719,0.145830,0.502819,0.443057,0.238684,0.154150,0.178822,0.039372,0.322082,0.115302,0.330600,0.263967,0.075173,-0.091842,0.065252,-0.220034,0.123865,0.085527,-0.171986,0.276517,0.002003,0.029137
0.259709,0.365721,0.258165,0.335601,0.144092,0.136372,0.181438,0.234949,0.082285,0.237924,0.131611,0.182555,0.295832,0.310100,0.296787,0.224346,0.534658,0.154387,0.266799,0.409819,0.738747,0.000000,0.193034,0.122965,0.141443,0.406736,-0.012120,0.264132,0.388394,0.262699,0.361534,0.281581,0.369287,0.413040,0.162855,0.172885,0.342790,0.217903,0.129304,0.365142,0.457898,0.648693,0.305452,0.210280,0.294026,0.155974,0.192281,0.148978,0.175680,0.140475,0.287360,0.217816,0.298693,0.155697,0.114424,0.145963,0.326471,0.284510,0.084820,0.125726,0.130514,0.204793,0.201263,0.243108,0.113296,0.157034,0.266117,0.251706,0.225608,0.233831,0.410165,0.440616,0.465188,0.488229,0.456157,0.314305,0.362321,0.368542,0.599216,0.528138,0.458922,0.337736,0.318424,0.030362,0.321770,0.355594,-0.182533,0.055527,0.125045,0.136116
0.503625,0.372779,1.072933,0.570251,0.371428,0.123715,0.787487,0.251140,0.552184,0.357826,0.518989,0.266632,0.668697,0.650614,0.756016,0.647492,0.275043,0.005028,0.609694,0.419522,0.058753,0.193034,0.000000,1.242319,0.943880,0.230611,0.447960,0.298087,0.216050,0.131999,0.635515,0.576759,0.632713,0.446262,1.159436,0.761690,0.251832,0.168967,0.451438,0.449368,0.256383,0.138682,0.559052,0.543144,0.586831,0.473826,0.424138,0.475064,0.310650,0.373130,0.415288,0.548691,0.331706,0.297700,0.383563,0.385504,0.326962,0.327627,0.184473,0.008543,0.419690,0.051730,0.056287,0.016485,1.280601,0.685414,0.494696,0.343147,0.408531,0.437419,0.201155,0.549255,0.534459,0.391387,0.529255,0.318657,0.664748,0.612263,0.237024,0.218352,0.333365,0.337471,0.579296,0.299216,0.726046,0.432602,0.346636,0.181413,0.458862,0.452516
0.345915,0.207175,0.682631,0.612162,0.387857,0.194073,0.459462,0.223884,0.407566,0.309694,0.449784,0.317926,0.411481,0.691712,0.490363,0.557667,0.120247,0.013025,0.354155,0.288425,0.059687,0.122965,1.242319,0.000000,0.695008,0.357913,0.487521,0.437658,0.080150,0.039059,0.657288,0.783947,0.459553,0.360919,0.963352,0.711567,0.137817,0.107233,0.482015,0.453628,0.134853,0.105031,0.364495,0.392043,0.448572,0.405000,0.274832,0.350348,0.181179,0.315944,0.285181,0.459918,0.146597,0.208120,0.268270,0.295799,0.247053,0.190526,0.083362,0.034745,0.322588,0.173182,-0.016664,-0.012385,1.112569,0.941424,0.350360,0.321644,0.254497,0.275215,0.247808,0.573698,0.367689,0.303599,0.387229,0.215371,0.402817,0.364533,0.184092,0.073496,0.188230,0.207637,0.364149,0.213565,0.538073,0.476108,0.295510,0.217104,0.260624,0.405583
0.274347,0.204445,0.565365,0.306220,0.293521,0.055415,0.527632,0.105897,0.369015,0.151782,0.359152,0.133889,0.384402,0.379591,0.665423,0.454861,0.159394,0.049285,0.394351,0.209704,-0.027808,0.141443,0.943880,0.695008,0.000000,0.384420,0.337509,0.146527,0.292475,0.272348,0.623161,0.534584,0.539822,0.396023,0.837071,0.625892,0.436898,0.326416,0.607137,0.462212,0.258500,0.063045,0.497400,0.551238,0.542910,0.403420,0.364183,0.494140,0.286973,0.287033,0.435472,0.515942,0.286868,0.263754,0.468418,0.322346,0.238066,0.165015,0.119933,-0.064331,0.249466,-0.044569,0.029943,0.017812,0.859136,0.597733,0.440050,0.286107,0.200452,0.178562,0.080431,0.284115,0.432088,0.301381,0.502263,0.285549,0.483890,0.536694,0.194289,0.195157,0.344389,0.355514,0.500090,0.318264,0.567782,0.344820,0.323233,0.067300,0.402690,0.348960
-0.049126,-0.056385,-0.073319,0.094595,0.341248,0.112056,-0.025121,-0.038522,0.042269,0.071811,0.205851,0.088382,0.116933,0.159123,0.166252,0.119957,0.113022,0.198820,-0.128244,-0.075580,0.266874,0.406736,0.230611,0.357913,0.384420,0.000000,0.145114,0.596748,0.044523,0.248069,0.330358,0.470504,0.053449,0.140540,0.248749,0.096405,0.398110,0.156516,0.421198,0.392388,0.530767,0.402390,0.168441,0.122328,0.231504,0.120984,-0.006535,0.113293,0.011772,0.024045,0.076042,0.069856,-0.043688,-0.065387,0.057412,0.100101,0.061695,0.077716,-0.205161,-0.174230,0.029329,0.123289,-0.113855,-0.013639,0.253643,0.590893,0.027469,0.027158,-0.135737,-0.169071,0.329659,0.378538,0.226962,0.179090,0.144924,0.061128,0.034914,-0.012534,0.263804,0.244389,0.147932,0.169947,0.217103,0.094199,0.179492,0.207134,-0.116720,0.108001,-0.063322,0.034734
0.578210,0.484912,0.323057,0.320593,1.165471,0.799348,0.382247,0.277363,0.473311,0.370993,0.311556,0.288977,0.138290,0.362559,0.228776,0.236050,-0.110227,0.314432,0.318431,0.214750,0.151958,-0.012120,0.447960,0.487521,0.337509,0.145114,0.000000,1.021225,-0.152185,0.225720,0.421979,0.409946,0.349807,0.296544,0.453796,0.412746,0.239855,0.333168,0.616531,0.504593,-0.016651,-0.083336,0.482139,0.571521,0.305252,0.681516,0.601448,0.735850,0.486984,0.536590,0.340915,0.479570,0.367249,0.638626,0.600572,0.456240,0.522631,0.700536,0.274600,0.346773,0.340735,0.321286,0.048780,0.177719,0.396949,0.292555,0.350565,0.327333,0.507239,0.406436,-0.158428,0.158518,0.282257,0.385929,0.318527,0.284372,0.263584,0.384192,0.091534,-0.106962,0.242189,0.402809,0.410594,0.625844,0.581662,0.431000,0.616771,0.390287,0.524686,0.656078
0.326598,0.298010,0.126056,0.244720,0.944710,0.656100,0.157191,0.116324,0.241831,0.267484,0.270198,0.227977,0.041791,0.257135,0.085466,0.087556,-0.089830,0.268200,0.095131,0.085470,0.293947,0.264132,0.298087,0.437658,0.146527,0.596748,1.021225,0.000000,-0.253235,0.171335,0.364368,0.449127,0.208608,0.227747,0.314272,0.257142,0.275629,0.206237,0.480162,0.442799,0.198304,0.158199,0.297519,0.306512,0.217347,0.408377,0.314801,0.434257,0.245357,0.274842,0.164566,0.251805,0.190946,0.365506,0.329170,0.253264,0.384261,0.525747,0.061496,0.189566,0.230249,0.293007,-0.004585,0.143674,0.319597,0.451209,0.216439,0.229133,0.272866,0.182221,0.033254,0.303107,0.227423,0.357229,0.230117,0.149120,0.092832,0.190255,0.180285,-0.080969,0.174944,0.317007,0.308768,0.485013,0.374771,0.317064,0.345382,0.335683,0.239742,0.371057
0.375686,0.433534,0.502468,0.514172,0.094326,0.099832,0.526263,0.504383,0.317892,0.260401,0.465465,0.456839,0.538610,0.477952,0.680088,0.627096,1.074699,0.247634,0.618238,0.676840,0.199986,0.388394,0.216050,0.080150,0.292475,0.044523,-0.152185,-0.253235,0.000000,0.842564,0.511753,0.327611,0.594828,0.556842,0.130237,0.226713,0.418555,0.267459,0.161224,0.287192,0.379548,0.463864,0.380856,0.273061,0.381223,0.183555,0.293081,0.211004,0.292166,0.173771,0.453201,0.259437,0.380443,0.196653,0.261069,0.229646,0.399251,0.161976,0.437569,0.289348,0.441334,0.232256,0.650419,0.581494,-0.006137,-0.073812,0.499644,0.400670,0.308847,0.304482,0.078110,0.057799,0.588760,0.458073,0.577082,0.668057,0.467876,0.291069,0.741237,0.655686,0.837278,0.521954,0.615018,0.270764,0.457109,0.427462,-0.007902,-0.063348,0.208280,0.135859
0.406451,0.550399,0.261621,0.357289,0.402249,0.325471,0.387504,0.363124,0.245630,0.227141,0.420295,0.521692,0.258638,0.416703,0.495826,0.473038,0.577924,0.581928,0.497483,0.511908,0.046118,0.262699,0.131999,0.039059,0.272348,0.248069,0.225720,0.171335,0.842564,0.000000,0.461302,0.392695,0.474502,0.517138,0.084825,0.178292,0.512737,0.493170,0.335946,0.332455,0.379115,0.354188,0.454014,0.420395,0.341060,0.315276,0.412053,0.426518,0.370004,0.215610,0.474768,0.285346,0.388232,0.362134,0.416070,0.377274,0.527954,0.430649,0.354924,0.295678,0.374496,0.242284,0.553269,0.694995,-0.066383,-0.054438,0.428362,0.324689,0.301432,0.251043,-0.108546,0.036970,0.555110,0.665977,0.548950,0.675870,0.290724,0.309537,0.535439,0.582724,0.943875,0.896321,0.622984,0.705549,0.503477,0.429510,0.189847,0.006884,0.218985,0.188227
0.381946,0.330589,0.563115,0.554748,0.449346,0.248944,0.490512,0.304921,0.195755,0.157810,0.467511,0.356404,0.302875,0.540035,0.457495,0.378452,0.410392,0.210502,0.548257,0.450754,0.344365,0.361534,0.635515,0.657288,0.623161,0.330358,0.421979,0.364368,0.511753,0.461302,0.000000,1.295313,0.600069,0.548906,0.512810,0.360261,0.172655,0.135379,0.501274,0.404919,0.149650,0.152144,0.309391,0.289806,0.385364,0.226724,0.201729,0.219041,0.223720,0.124218,0.262669,0.261554,0.135038,0.180667,0.266692,0.229087,0.414313,0.203122,0.100834,0.054674,0.278443,0.186359,0.208225,0.212082,0.473488,0.399552,0.357995,0.257378,0.207309,0.154268,0.353959,0.497065,0.687508,0.536862,0.602837,0.394307,0.439396,0.349093,0.432812,0.308284,0.442106,0.336085,0.466083,0.275398,0.467677,0.302403,0.260176,0.191658,0.138698,0.228788
0.262605,0.233626,0.422625,0.596061,0.459006,0.271582,0.353721,0.301553,0.174304,0.143288,0.468241,0.391333,0.137016,0.458069,0.343772,0.331256,0.317678,0.315479,0.423259,0.376562,0.209789,0.281581,0.576759,0.783947,0.534584,0.470504,0.409946,0.449127,0.327611,0.392695,1.295313,0.000000,0.457151,0.526166,0.468341,0.388788,0.108685,0.139069,0.442415,0.371520,0.112072,0.101997,0.196793,0.196407,0.297766,0.203649,0.088896,0.154775,0.128406,0.104552,0.133324,0.152274,0.038074,0.084743,0.204424,0.205987,0.320997,0.154597,-0.012038,0.022205,0.252001,0.295214,0.121395,0.150223,0.517660,0.620530,0.250664,0.233505,0.114336,0.065328,0.343817,0.543995,0.606230,0.526241,0.539640,0.342914,0.243263,0.198718,0.312771,0.208555,0.323473,0.276809,0.380488,0.269115,0.405748,0.350674,0.298316,0.215416,0.070919,0.238932
0.839904,0.855347,1.039777,1.027525,0.453607,0.480055,1.062588,0.808558,0.486435,0.534715,0.411740,0.480639,0.507215,0.639656,0.657345,0.630105,0.563816,0.084704,0.971169,1.067073,0.009710,0.369287,0.632713,0.459553,0.539822,0.053449,0.349807,0.208608,0.594828,0.474502,0.600069,0.457151,0.000000,1.538691,0.570278,0.876649,0.454830,0.405007,0.392506,0.604450,0.305220,0.395351,0.742504,0.709966,0.775125,0.664397,0.694857,0.696583,0.580802,0.537666,0.795758,0.758324,0.821330,0.582439,0.679877,0.544961,0.748491,0.525514,0.781108,0.582915,0.797517,0.426196,0.686081,0.645278,0.479675,0.358768,1.318504,1.123153,0.818203,0.782518,-0.185738,0.095639,0.590559,0.723436,0.780528,0.650217,0.536971,0.767042,0.471939,0.358869,0.912109,0.823830,0.837243,0.606805,0.816998,0.802841,0.430507,0.003192,0.657592,0.595332
0.707604,0.762714,0.799322,1.101902,0.478969,0.591507,0.873449,0.977654,0.467169,0.621381,0.307403,0.540110,0.330022,0.586373,0.529603,0.590172,0.516961,0.156025,0.823518,1.055889,0.075476,0.413040,0.446262,0.360919,0.396023,0.140540,0.296544,0.227747,0.556842,0.517138,0.548906,0.526166,1.538691,0.000000,0.451753,0.848211,0.465999,0.373757,0.295174,0.545522,0.313172,0.404789,0.654727,0.585709,0.654348,0.574614,0.587863,0.588912,0.507953,0.494646,0.665111,0.576109,0.762090,0.508794,0.572503,0.483325,0.649985,0.469633,0.682132,0.616024,0.714833,0.608743,0.643753,0.658939,0.332587,0.399556,1.142227,1.126789,0.722112,0.706282,-0.204526,0.065599,0.550522,0.731759,0.713823,0.618437,0.435696,0.660093,0.447960,0.426577,0.893215,0.794240,0.732742,0.575796,0.751794,0.878799,0.351558,0.013988,0.565214,0.573895
0.361220,0.281003,0.841336,0.512992,0.393553,0.176516,0.540362,0.238061,0.493152,0.388908,0.304226,0.139519,0.421366,0.515930,0.589443,0.577338,0.119570,-0.120927,0.413090,0.349935,0.048117,0.162855,1.159436,0.963352,0.837071,0.248749,0.453796,0.314272,0.130237,0.084825,0.512810,0.468341,0.570278,0.451753,0.000000,0.996021,0.196592,0.221568,0.512865,0.541325,0.143857,0.076683,0.675213,0.702340,0.707257,0.586237,0.556745,0.562993,0.323815,0.389422,0.439255,0.581035,0.343597,0.396936,0.418062,0.481556,0.228702,0.278921,0.167600,0.087805,0.314717,0.143521,0.008433,0.022293,1.269543,0.813915,0.607248,0.498083,0.392170,0.432415,0.082204,0.440243,0.410259,0.374628,0.467413,0.285457,0.603395,0.647529,0.120332,0.134163,0.309852,0.335981,0.558757,0.303596,0.718456,0.529395,0.396899,0.191950,0.401883,0.481342
0.430303,0.392486,0.762820,0.775445,0.410742,0.407761,0.696188,0.561674,0.616037,0.603621,0.314136,0.343184,0.367167,0.547717,0.586590,0.599985,0.185179,-0.093276,0.446187,0.519210,-0.088392,0.172885,0.761690,0.711567,0.625892,0.096405,0.412746,0.257142,0.226713,0.178292,0.360261,0.388788,0.876649,0.848211,0.996021,0.000000,0.337284,0.315699,0.358117,0.518956,0.166012,0.150310,0.677200,0.714808,0.772362,0.702648,0.610313,0.702221,0.435557,0.518699,0.581171,0.707012,0.600689,0.503538,0.516057,0.438577,0.309459,0.286149,0.430719,0.384765,0.485346,0.362980,0.323080,0.307239,0.771715,0.742885,0.935257,0.974387,0.538034,0.639864,-0.271256,0.111206,0.365458,0.481887,0.523316,0.404499,0.429805,0.722079,0.214124,0.129756,0.545211,0.612527,0.573306,0.538477,0.829431,0.867408,0.509027,-0.026094,0.541781,0.574388
0.450806,0.477717,0.340250,0.381527,0.371641,0.386874,0.438249,0.348114,0.398559,0.449888,0.341181,0.389420,0.421791,0.441503,0.560576,0.547610,0.395667,0.288785,0.350167,0.363228,0.158898,0.342790,0.251832,0.137817,0.436898,0.398110,0.239855,0.275629,0.418555,0.512737,0.172655,0.108685,0.454830,0.465999,0.196592,0.337284,0.000000,0.822398,0.608301,0.693573,0.762056,0.651444,0.652798,0.524921,0.467545,0.440424,0.648021,0.669308,0.481663,0.390357,0.658033,0.495476,0.699654,0.510931,0.688533,0.480395,0.448072,0.437160,0.435482,0.294663,0.403494,0.162783,0.413794,0.414931,0.155229,0.139459,0.519129,0.416318,0.462465,0.449715,-0.167549,-0.000557,0.426303,0.475989,0.589560,0.600153,0.472844,0.553892,0.462110,0.377651,0.703507,0.655677,0.653663,0.581380,0.747979,0.627033,0.228632,0.068551,0.561451,0.445064
0.385926,0.459266,0.284336,0.302578,0.314915,0.410095,0.294081,0.297702,0.300442,0.338063,0.175418,0.195741,0.198543,0.306597,0.359282,0.456587,0.228826,0.234082,0.370487,0.396370,-0.000462,0.217903,0.168967,0.107233,0.326416,0.156516,0.333168,0.206237,0.267459,0.493170,0.135379,0.139069,0.405007,0.373757,0.221568,0.315699,0.822398,0.000000,0.676898,0.674117,0.373213,0.389116,0.685831,0.623398,0.418782,0.501170,0.773648,0.724193,0.564391,0.464973,0.643378,0.557416,0.559526,0.630050,0.762058,0.628584,0.385223,0.403097,0.349011,0.321214,0.267205,0.141883,0.369265,0.363394,0.132368,0.035753,0.384451,0.344575,0.393259,0.406301,-0.297746,-0.096751,0.375874,0.519037,0.501378,0.450255,0.319633,0.433942,0.180618,0.168614,0.625872,0.616574,0.542547,0.559250,0.633573,0.619618,0.373933,0.111511,0.490272,0.550924
0.418829,0.319128,0.326657,0.282445,0.532014,0.350030,0.274133,0.157203,0.285422,0.238909,0.384539,0.253948,0.249788,0.416590,0.452596,0.512470,0.136904,0.287069,0.353395,0.232660,0.163257,0.129304,0.451438,0.482015,0.607137,0.421198,0.616531,0.480162,0.161224,0.335946,0.501274,0.442415,0.392506,0.295174,0.512865,0.358117,0.608301,0.676898,0.000000,1.092925,0.329530,0.291977,0.619626,0.571360,0.439206,0.502788,0.643177,0.657779,0.425945,0.431649,0.449489,0.487936,0.344238,0.479992,0.726116,0.686741,0.391896,0.346798,0.199762,0.142791,0.278348,0.162171,0.064818,0.111702,0.450274,0.362959,0.331155,0.269245,0.362475,0.292423,0.000088,0.219897,0.451576,0.426874,0.487493,0.337372,0.409016,0.412026,0.202811,0.147590,0.362883,0.389410,0.622930,0.496391,0.639392,0.530050,0.522880,0.463291,0.407173,0.523832
0.627658,0.562687,0.474741,0.567999,0.573675,0.464015,0.441105,0.427720,0.391602,0.473619,0.375375,0.386066,0.377684,0.505078,0.476775,0.568931,0.391412,0.296288,0.460749,0.476277,0.284350,0.365142,0.449368,0.453628,0.462212,0.392388,0.504593,0.442799,0.287192,0.332455,0.404919,0.371520,0.604450,0.545522,0.541325,0.518956,0.693573,0.674117,1.092925,0.000000,0.448463,0.479151,0.850498,0.729880,0.642965,0.752596,0.829024,0.834644,0.625632,0.691931,0.686366,0.655222,0.660804,0.684715,0.850334,0.878907,0.599828,0.560098,0.437348,0.391880,0.503517,0.378472,0.258836,0.333629,0.398335,0.338674,0.612966,0.579946,0.626492,0.598135,-0.018326,0.182279,0.493087,0.575042,0.604959,0.525933,0.515994,0.637942,0.491648,0.319386,0.578767,0.537529,0.714706,0.457135,0.805372,0.816802,0.435834,0.502138,0.616339,0.711789
0.182400,0.252048,0.237172,0.262944,0.124705,0.045640,0.240723,0.136746,0.111105,0.207979,0.373053,0.289080,0.434382,0.347829,0.451957,0.449852,0.495032,0.258434,0.175876,0.286495,0.166730,0.457898,0.256383,0.134853,0.258500,0.530767,-0.016651,0.198304,0.379548,0.379115,0.149650,0.112072,0.305220,0.313172,0.143857,0.166012,0.762056,0.373213,0.329530,0.448463,0.000000,0.904568,0.353223,0.155011,0.298865,0.103683,0.228599,0.201123,0.174746,0.080747,0.329604,0.178394,0.326471,0.128139,0.197515,0.136493,0.187705,0.196547,0.123737,0.029216,0.197166,-0.026690,0.338120,0.323212,0.119750,0.095741,0.241256,0.192462,0.126596,0.239202,0.118302,0.210009,0.462184,0.361009,0.380487,0.422219,0.382062,0.327295,0.460123,0.459388,0.444468,0.405729,0.520794,0.308875,0.362200,0.342940,-0.140276,-0.001375,0.119385,0.060115
0.282497,0.423945,0.239968,0.368406,0.098707,0.181310,0.180147,0.291905,0.097817,0.348654,0.266044,0.262772,0.411508,0.377012,0.343486,0.397035,0.602245,0.218654,0.237886,0.431125,0.252348,0.648693,0.138682,0.105031,0.063045,0.402390,-0.083336,0.158199,0.463864,0.354188,0.152144,0.101997,0.395351,0.404789,0.076683,0.150310,0.651444,0.389116,0.291977,0.479151,0.904568,0.000000,0.439162,0.253674,0.455543,0.206550,0.333250,0.230481,0.313832,0.249308,0.472717,0.315620,0.415205,0.208931,0.237271,0.318270,0.304577,0.303262,0.218585,0.201562,0.250947,0.162015,0.438054,0.380720,0.012020,0.066258,0.313161,0.304927,0.269693,0.316605,0.090962,0.152991,0.428590,0.450869,0.408606,0.480326,0.288888,0.252771,0.488268,0.499749,0.628395,0.538534,0.450258,0.259062,0.408303,0.487552,-0.118199,0.020069,0.134956,0.128218
0.784689,0.746302,0.751177,0.612826,0.573043,0.592603,0.740231,0.606894,0.677805,0.783252,0.278061,0.238547,0.507004,0.528440,0.702010,0.749841,0.440775,0.137536,0.698289,0.715342,0.108759,0.305452,0.559052,0.364495,0.497400,0.168441,0.482139,0.297519,0.380856,0.454014,0.309391,0.196793,0.742504,0.654727,0.675213,0.677200,0.652798,0.685831,0.619626,0.850498,0.353223,0.439162,0.000000,1.616414,1.059233,1.129237,1.623159,1.347571,1.092216,0.934882,1.245324,1.100586,1.099600,1.088657,1.054316,1.035931,0.610561,0.694990,0.596268,0.496842,0.540268,0.346836,0.358058,0.349043,0.425732,0.231407,0.881714,0.711500,0.878197,0.956535,-0.271794,0.025975,0.603908,0.685151,0.726717,0.670633,0.661626,0.849903,0.355455,0.391200,0.812988,0.817754,0.726582,0.602603,1.098961,0.900920,0.433657,0.248293,0.866081,0.834570
0.751119,0.716799,0.663975,0.548924,0.594123,0.599992,0.714079,0.550288,0.675597,0.668057,0.282725,0.202107,0.414632,0.454169,0.612312,0.598943,0.283661,0.120454,0.621606,0.573477,0.024834,0.210280,0.543144,0.392043,0.551238,0.122328,0.571521,0.306512,0.273061,0.420395,0.289806,0.196407,0.709966,0.585709,0.702340,0.714808,0.524921,0.623398,0.571360,0.729880,0.155011,0.253674,1.616414,0.000000,1.033517,1.393953,1.381334,1.496577,0.998569,0.979848,1.129816,1.252205,0.932671,1.062592,0.973584,0.946364,0.601223,0.731537,0.541116,0.474312,0.515281,0.342970,0.264037,0.281729,0.470434,0.290291,0.841226,0.721427,0.829841,0.801421,-0.300397,0.010856,0.462672,0.596234,0.602815,0.563488,0.542289,0.786079,0.289340,0.259045,0.705074,0.807091,0.578331,0.598606,1.019862,0.832643,0.478631,0.188185,0.858791,0.864328
0.562017,0.561829,0.678145,0.619246,0.435416,0.404124,0.699594,0.585427,0.516952,0.665331,0.314793,0.265904,0.519889,0.432952,0.652800,0.583686,0.440195,0.102008,0.570102,0.555381,-0.012920,0.294026,0.586831,0.448572,0.542910,0.231504,0.305252,0.217347,0.381223,0.341060,0.385364,0.297766,0.775125,0.654348,0.707257,0.772362,0.467545,0.418782,0.439206,0.642965,0.298865,0.455543,1.059233,1.033517,0.000000,0.932818,0.800115,0.805587,0.936247,0.768675,1.005818,0.963144,0.709870,0.557566,0.653373,0.639150,0.493493,0.502638,0.457512,0.381215,0.559384,0.402480,0.307733,0.267422,0.522121,0.442355,0.801248,0.666465,0.593289,0.580311,-0.154536,0.133563,0.482164,0.489970,0.563696,0.499073,0.479140,0.587968,0.317553,0.350983,0.706765,0.735996,0.546725,0.452535,0.899919,0.735845,0.323613,0.027356,0.600407,0.569733
0.835048,0.720604,0.566890,0.601029,0.763199,0.772035,0.669925,0.670112,0.730995,0.762846,0.308350,0.319606,0.394698,0.430380,0.513903,0.516442,0.244648,0.212401,0.540931,0.521806,0.040917,0.155974,0.473826,0.405000,0.403420,0.120984,0.681516,0.408377,0.183555,0.315276,0.226724,0.203649,0.664397,0.574614,0.586237,0.702648,0.440424,0.501170,0.502788,0.752596,0.103683,0.206550,1.129237,1.393953,0.932818,0.000000,1.174813,1.479635,1.111777,1.373520,1.014376,1.190295,0.969470,1.087753,0.908352,0.855206,0.694233,0.862169,0.648788,0.696338,0.670024,0.566226,0.242395,0.328891,0.387444,0.316930,0.832618,0.828108,0.970359,0.851171,-0.320587,-0.022408,0.323782,0.502950,0.462274,0.477384,0.393351,0.641718,0.309208,0.178594,0.599243,0.700119,0.540172,0.598215,0.907732,0.858641,0.519929,0.246849,0.933295,1.038833
0.853196,0.802267,0.682893,0.588847,0.639907,0.721317,0.692478,0.622805,0.738668,0.829356,0.228170,0.272034,0.412036,0.468777,0.582933,0.698590,0.326752,0.131961,0.660656,0.679915,0.099661,0.192281,0.424138,0.274832,0.364183,-0.006535,0.601448,0.314801,0.293081,0.412053,0.201729,0.088896,0.694857,0.587863,0.556745,0.610313,0.648021,0.773648,0.643177,0.829024,0.228599,0.333250,1.623159,1.381334,0.800115,1.174813,0.000000,1.585823,1.091899,0.965638,1.150500,1.005416,1.188127,1.328145,1.211529,1.146635,0.668441,0.771081,0.705701,0.643752,0.561696,0.400979,0.377741,0.396157,0.328357,0.114764,0.856283,0.730865,1.082508,1.051606,-0.387421,-0.066324,0.455292,0.626974,0.632604,0.630653,0.620465,0.837172,0.263952,0.221732,0.774741,0.775999,0.737788,0.696583,1.076298,0.917985,0.566686,0.327657,0.959393,0.954112
0.837712,0.745176,0.604494,0.548212,0.768476,0.767220,0.726962,0.585100,0.760628,0.740864,0.278426,0.313893,0.375821,0.456250,0.589871,0.611314,0.232436,0.216243,0.593836,0.553406,0.024737,0.148978,0.475064,0.350348,0.494140,0.113293,0.735850,0.434257,0.211004,0.426518,0.219041,0.154775,0.696583,0.588912,0.562993,0.702221,0.669308,0.724193,0.657779,0.834644,0.201123,0.230481,1.347571,1.496577,0.805587,1.479635,1.585823,0.000000,1.087352,1.099092,1.084816,1.114576,1.140730,1.349025,1.242079,0.976740,0.679147,0.820890,0.692425,0.627336,0.617200,0.423569,0.303381,0.371403,0.391189,0.229814,0.876554,0.776533,1.003291,0.932461,-0.405227,-0.071509,0.394616,0.572714,0.578120,0.585778,0.459931,0.781086,0.311285,0.200971,0.706393,0.803028,0.676378,0.761171,1.044962,0.882368,0.603094,0.267461,1.046177,1.001036
0.791610,0.775342,0.492332,0.506074,0.558866,0.651009,0.673569,0.712723,0.518210,0.677271,0.278590,0.363626,0.450501,0.405666,0.481144,0.515727,0.385506,0.306605,0.635002,0.586684,0.048796,0.175680,0.310650,0.181179,0.286973,0.011772,0.486984,0.245357,0.292166,0.370004,0.223720,0.128406,0.580802,0.507953,0.323815,0.435557,0.481663,0.564391,0.425945,0.625632,0.174746,0.313832,1.092216,0.998569,0.936247,1.111777,1.091899,1.087352,0.000000,1.294135,1.253150,0.979917,1.033621,1.079815,0.944839,0.829312,0.674715,0.744128,0.641223,0.605797,0.626141,0.491069,0.372538,0.375607,0.153861,0.029281,0.643699,0.543399,0.869344,0.784243,-0.316804,-0.111056,0.438484,0.508902,0.534785,0.597715,0.400480,0.607196,0.299246,0.236521,0.621218,0.648159,0.470509,0.546440,0.766971,0.657741,0.447452,0.279189,0.872068,0.806721
