0.000000,0.373145,0.632957,0.070914,-0.121659,-0.171530,0.828268,-0.008286,-0.117845,-0.151095,0.506722,0.083453,0.553251,-0.077390,0.319511,0.032837,0.724486,0.348310,0.526242,0.443761,0.239410,0.221190,0.327032,0.173693,-0.140305,-0.147697,0.044887,-0.118494,0.449608,0.195838,0.557016,0.337236,0.707855,0.411935,0.234175,0.267924,0.333844,0.022214,0.283616,0.359349,0.369315,0.334319,-0.091799,-0.098518,0.108653,0.055201,0.177998,0.099226,0.002126,-0.014951,-0.091747,-0.117335,0.063395,-0.044459,0.201654,0.234326,0.982094,0.426552,0.295128,0.112576,0.511137,0.243009,0.421634,0.217912,0.274286,0.024257,0.317714,0.172743,0.271561,0.249086,0.240531,0.085638,0.502675,0.063376,0.133480,0.079782,0.191845,0.115376,0.579944,0.342594,0.698398,0.376117,0.449224,0.318704,0.563838,0.264213,0.317626,0.267244,0.332457,0.309612
0.373145,0.000000,0.166575,0.271823,0.344389,0.342091,0.222717,0.287337,0.354553,0.306694,0.162220,0.396706,0.392288,0.575126,0.411137,0.545609,0.484506,0.757054,0.388700,0.718712,0.160015,0.389151,0.146968,0.128716,0.151210,0.143073,0.304724,0.424532,0.215302,0.488880,0.328321,0.373150,0.600268,0.516499,-0.122201,0.077149,0.025166,0.064465,0.122605,0.381263,0.069927,0.244008,-0.122952,0.014849,0.222762,0.291127,0.304710,0.359720,0.195836,0.266365,0.012170,0.242187,0.253324,0.150711,0.457047,0.524318,0.600453,1.192738,0.548446,0.659335,0.281368,0.396997,0.261079,0.646524,-0.103537,0.010488,0.518297,0.417360,0.572125,0.664827,0.485713,0.402678,0.076022,0.404768,-0.010802,0.143658,0.072422,0.181664,0.565463,0.723032,0.435834,0.883833,0.468898,0.415610,0.326134,0.601307,0.088498,0.525667,0.237516,0.505383
0.632957,0.166575,0.000000,0.480437,-0.145984,-0.204347,1.117601,0.259331,-0.188831,-0.168619,0.063669,-0.115920,0.198358,-0.365572,0.251949,0.044578,0.089913,0.078096,0.505014,0.437719,0.269834,0.327071,0.545790,0.634683,-0.108447,-0.021424,0.013524,-0.211609,-0.102476,-0.143930,0.387089,0.205319,0.306631,0.057864,0.335626,0.218164,0.261807,-0.083118,0.378269,0.390067,0.016348,0.265796,0.215699,0.186733,0.025680,-0.024383,0.371784,0.350965,-0.115803,-0.037320,0.059015,0.037808,0.296439,0.291347,0.338549,0.316101,0.280816,0.125119,0.064563,0.074626,0.163272,-0.048639,-0.010051,-0.069453,0.113428,0.065320,0.127403,0.121090,0.004588,0.101870,0.263764,0.182141,0.087601,0.134696,0.132190,0.110351,0.227454,0.317448,0.066737,-0.026427,0.150501,0.164344,0.440897,0.195972,0.263863,0.253141,0.385967,0.176511,0.611725,0.581364
0.070914,0.271823,0.480437,0.000000,-0.090671,-0.065097,0.426874,1.174291,-0.070177,-0.005323,-0.191181,0.143295,0.034771,0.092689,0.067874,0.190145,0.102474,0.141135,0.274996,0.527927,0.345151,0.293122,0.544715,0.763585,-0.203727,-0.094426,-0.096576,-0.005108,-0.071717,0.112888,0.236519,0.272595,0.365029,0.412272,0.178502,0.420565,-0.066191,0.059465,0.306539,0.317422,0.097110,0.279404,0.345615,0.372768,0.416789,0.395323,0.651204,0.575909,0.195150,0.323745,0.373359,0.528134,0.536611,0.491567,0.512065,0.449314,0.053654,0.211875,0.075439,0.311591,0.085914,0.326263,-0.041671,0.194479,0.013868,0.298526,0.316522,0.602083,0.128280,0.324150,0.140909,0.094054,0.080741,0.340124,0.228091,0.281643,0.228079,0.393664,0.058403,0.173369,0.108861,0.241267,0.134048,0.296258,0.109965,0.394569,0.300847,0.326450,0.530887,0.496665
-0.121659,0.344389,-0.145984,-0.090671,0.000000,1.853503,-0.034621,-0.150314,1.976146,1.578299,0.018605,0.015966,0.358746,0.378694,0.658025,0.702138,0.020050,0.041189,0.024072,0.104374,-0.153049,-0.021444,-0.112289,-0.219868,1.170423,1.236811,1.114416,1.299530,-0.042001,-0.068651,-0.017173,0.138882,0.120264,0.066533,0.026849,0.058413,0.332500,0.111198,0.173221,0.111768,-0.045511,0.104067,0.105063,0.194363,0.206854,0.250990,0.194601,0.285060,0.193769,0.283036,0.192961,0.353601,0.230254,0.344467,0.476590,0.366228,0.220531,0.309927,0.756525,0.570378,0.164975,0.122968,0.009627,0.109493,0.045533,0.142479,0.518370,0.342534,0.508809,0.466248,0.216059,0.231368,-0.095461,-0.017458,-0.113378,-0.039397,0.158085,0.166077,0.270834,0.180835,0.167998,0.401121,0.182584,0.174956,0.235985,0.430492,0.176776,0.241856,0.224487,0.412291
-0.171530,0.342091,-0.204347,-0.065097,1.853503,0.000000,-0.068506,-0.123759,1.605930,1.642900,0.021690,0.049406,0.300613,0.426083,0.583116,0.662801,0.004293,0.035223,-0.056653,0.078531,-0.181369,-0.093903,-0.084942,-0.250344,1.217344,1.172642,1.094775,1.331545,-0.052524,-0.040953,-0.071662,0.020251,0.072986,0.066170,-0.073164,0.001465,0.233763,0.202266,0.105354,0.065055,-0.008144,0.044694,0.147946,0.217074,0.177902,0.231207,0.179907,0.280038,0.195916,0.272770,0.194127,0.363474,0.234983,0.372116,0.419980,0.329780,0.153128,0.298125,0.652320,0.511257,0.091925,0.066413,-0.004966,0.118779,-0.058053,0.053669,0.482932,0.300357,0.544674,0.479932,0.103884,0.126487,-0.132026,0.018505,-0.172476,-0.022153,0.192238,0.198716,0.254367,0.186704,0.157416,0.394084,0.078810,0.186864,0.179399,0.367256,0.099814,0.201664,0.125669,0.322957
0.828268,0.222717,1.117601,0.426874,-0.034621,-0.068506,0.000000,0.351310,-0.030922,-0.030138,0.324484,0.058953,0.603731,-0.100873,0.400517,0.140365,0.306479,0.180412,0.581964,0.545219,0.213168,0.276933,0.649459,0.465389,-0.070367,-0.047273,0.038974,-0.074244,0.164632,-0.061690,0.527199,0.317588,0.494638,0.309767,0.357463,0.387812,0.323814,0.079036,0.417629,0.354675,0.281157,0.361785,0.295525,0.291212,0.134072,0.012140,0.414026,0.389010,-0.047547,-0.014410,0.134539,0.041023,0.266829,0.360602,0.408837,0.382292,0.362692,0.152972,0.222233,0.122751,0.415034,0.173975,0.190340,0.055795,0.271427,0.175788,0.294752,0.234335,0.076263,0.153060,0.250811,0.137918,0.358392,0.185101,0.280290,0.141227,0.490031,0.444518,0.214823,0.061427,0.339309,0.201302,0.376856,0.207876,0.476736,0.297123,0.360021,0.242177,0.586375,0.477089
-0.008286,0.287337,0.259331,1.174291,-0.150314,-0.123759,0.351310,0.000000,-0.112229,-0.055298,0.043583,0.434638,0.182355,0.298419,-0.011624,0.098248,0.077869,0.215963,0.218955,0.433587,0.301830,0.278447,0.417415,0.462913,-0.216710,-0.182074,-0.155198,-0.028088,0.096567,0.258171,0.214564,0.348624,0.269127,0.490658,0.095633,0.298672,-0.125431,0.094870,0.140587,0.108160,0.132867,0.255931,0.385535,0.409236,0.268088,0.308750,0.523009,0.442023,0.226399,0.273535,0.488037,0.421760,0.476520,0.358437,0.346381,0.242540,-0.126909,0.108611,0.088959,0.266831,0.224450,0.429591,0.070041,0.318043,0.011416,0.296923,0.190085,0.490338,0.004110,0.127588,0.111287,0.142129,0.227880,0.340612,0.391181,0.282142,0.355788,0.429261,-0.041248,0.134777,0.021270,0.040131,-0.042723,0.077870,-0.005942,0.176115,0.001954,0.122658,0.322983,0.176589
-0.117845,0.354553,-0.188831,-0.070177,1.976146,1.605930,-0.030922,-0.112229,0.000000,1.474563,0.035687,0.060013,0.405758,0.422226,0.616642,0.638392,0.064940,0.081455,-0.074367,0.040163,-0.144847,-0.007649,-0.112522,-0.231952,1.105539,1.041053,1.061303,1.304261,0.019300,-0.039083,0.000210,0.126246,0.176693,0.138329,0.087568,0.128243,0.296254,0.097379,0.175472,0.063625,-0.012700,0.065695,0.038094,0.116802,0.163101,0.222377,0.157905,0.219895,0.173412,0.261165,0.164243,0.345452,0.188708,0.310015,0.431946,0.310566,0.263006,0.376971,0.817673,0.624264,0.243120,0.209365,0.010838,0.167622,0.108049,0.256253,0.567319,0.382659,0.607881,0.514723,0.242866,0.233482,-0.089082,-0.009502,-0.126355,-0.083696,0.155666,0.149328,0.291527,0.211098,0.196034,0.388719,0.126424,0.182054,0.223803,0.444293,0.151462,0.268684,0.192250,0.366637
-0.151095,0.306694,-0.168619,-0.005323,1.578299,1.642900,-0.030138,-0.055298,1.474563,0.000000,0.040770,0.016008,0.356675,0.412688,0.665009,0.729935,0.051733,-0.004163,-0.020938,0.088600,-0.130512,-0.077185,0.002472,-0.164180,1.216157,1.247042,1.117541,1.200548,0.002014,-0.077223,-0.021784,0.154685,0.098045,0.097524,0.034688,0.070125,0.281333,0.173129,0.152204,0.081678,0.020494,0.096358,0.105119,0.178957,0.147236,0.192479,0.171413,0.263581,0.159621,0.245673,0.227208,0.303189,0.290404,0.386955,0.401595,0.335559,0.198254,0.301875,0.708612,0.549615,0.201075,0.209576,0.007621,0.111683,0.123199,0.233871,0.516652,0.346021,0.581724,0.534522,0.138165,0.157805,-0.069102,-0.066658,-0.046529,0.039709,0.216999,0.206249,0.254780,0.189907,0.188545,0.282092,0.096635,0.173816,0.226740,0.380945,0.186823,0.188795,0.223311,0.375969
0.506722,0.162220,0.063669,-0.191181,0.018605,0.021690,0.324484,0.043583,0.035687,0.040770,0.000000,0.728182,0.936724,0.421247,0.277110,-0.026420,0.561046,0.339460,0.170511,0.206409,0.103329,-0.054870,0.151454,-0.288940,-0.018128,-0.035942,0.102471,0.013658,0.737699,0.320246,0.425690,0.346314,0.464718,0.445837,0.031636,-0.084579,-0.014656,0.183073,0.002073,-0.137040,0.404824,0.115104,0.024771,-0.028324,0.053263,0.023645,-0.031375,-0.147058,0.217052,0.076889,0.155948,-0.116362,-0.009710,-0.209774,-0.080685,-0.133305,0.336526,0.150480,0.284329,0.009562,0.780634,0.292307,0.857412,0.423840,0.170333,-0.056982,0.229461,0.057220,0.063701,-0.025825,0.084026,0.035377,0.543000,0.072830,0.071798,0.139716,0.225650,0.022770,0.372290,0.170027,0.381074,-0.008008,-0.062601,0.037746,0.265105,-0.227513,-0.119049,-0.150187,0.005853,-0.209485
0.083453,0.396706,-0.115920,0.143295,0.015966,0.049406,0.058953,0.434638,0.060013,0.016008,0.728182,0.000000,0.535371,0.964905,0.122141,0.246768,0.304797,0.501687,0.012750,0.306959,0.234659,0.189652,0.141423,-0.115684,-0.160847,-0.135934,-0.016804,0.142200,0.466432,0.557054,0.398307,0.380780,0.467266,0.675941,-0.096459,0.008840,-0.243710,0.148584,-0.030105,-0.160678,0.278945,0.010564,0.075836,0.077020,0.080976,0.121023,0.068914,-0.009991,0.256215,0.186086,0.265677,0.141942,0.151522,-0.065450,0.068588,-0.054501,0.067153,0.244161,0.151697,0.155415,0.429144,0.376615,0.529801,0.754262,-0.225214,-0.061984,0.190032,0.235473,0.028582,0.058356,0.169227,0.189797,0.337705,0.331858,0.142517,0.175085,0.271722,0.224852,0.181836,0.216935,0.113826,0.194230,-0.191672,0.145407,-0.026692,-0.072129,-0.244164,0.087917,-0.047625,-0.146202
0.553251,0.392288,0.198358,0.034771,0.358746,0.300613,0.603731,0.182355,0.405758,0.356675,0.936724,0.535371,0.000000,0.543933,0.787941,0.375794,0.660554,0.469314,0.381857,0.422504,0.169242,0.151541,0.333791,-0.074280,0.205264,0.186719,0.375876,0.347422,0.742826,0.311749,0.565276,0.471808,0.722936,0.628966,0.200922,0.270664,0.227205,0.293534,0.343101,0.149723,0.504565,0.352175,0.191726,0.210327,0.301628,0.238496,0.299551,0.203386,0.317025,0.286528,0.283057,0.133439,0.164944,0.101841,0.342060,0.305468,0.514485,0.365641,0.623686,0.328503,0.860648,0.417771,0.632564,0.400822,0.279774,0.156248,0.560772,0.380697,0.342570,0.280828,0.215219,0.132560,0.610300,0.191255,0.215956,0.246953,0.478486,0.259387,0.554705,0.383696,0.638991,0.296710,0.216080,0.283720,0.520966,0.216111,0.182086,0.279124,0.296201,0.204388
-0.077390,0.575126,-0.365572,0.092689,0.378694,0.426083,-0.100873,0.298419,0.422226,0.412688,0.421247,0.964905,0.543933,0.000000,0.328637,0.591220,0.313541,0.595164,0.038566,0.302905,0.186417,0.204651,0.068575,-0.189360,0.130062,0.142674,0.250574,0.556042,0.385825,0.523753,0.294718,0.363866,0.429346,0.623272,-0.297807,-0.030379,-0.189480,0.234374,0.037576,-0.071355,0.270809,0.067701,0.000375,0.113520,0.214070,0.214414,0.122716,0.122540,0.286685,0.266172,0.211798,0.213163,0.146773,0.057585,0.198129,0.235380,0.121332,0.435325,0.349622,0.328753,0.253600,0.403866,0.334866,0.667190,-0.173896,-0.016100,0.334563,0.311371,0.265662,0.260859,0.202553,0.236492,0.224359,0.326767,0.061671,0.159925,0.174324,0.154464,0.276043,0.433616,0.143526,0.407517,-0.069372,0.248310,0.018049,0.142184,-0.198380,0.233199,-0.088074,-0.018342
0.319511,0.411137,0.251949,0.067874,0.658025,0.583116,0.400517,-0.011624,0.616642,0.665009,0.277110,0.122141,0.787941,0.328637,0.000000,0.911670,0.457724,0.261805,0.432299,0.465789,0.148653,0.048188,0.436205,0.153265,0.513746,0.503373,0.792801,0.664494,0.379827,0.156712,0.378753,0.278206,0.427354,0.306423,0.187207,0.336659,0.403140,0.273475,0.495990,0.330196,0.374013,0.384001,0.231144,0.288581,0.319831,0.214093,0.429848,0.403237,0.180158,0.228313,0.258501,0.208193,0.303503,0.390052,0.567029,0.559335,0.510232,0.399011,0.503751,0.354425,0.351328,0.136828,0.241042,0.066425,0.289125,0.190917,0.549819,0.408009,0.434018,0.523917,0.132290,0.030222,0.336601,0.168967,0.283451,0.390716,0.451002,0.307439,0.526970,0.391544,0.637370,0.470361,0.610413,0.448468,0.632046,0.478415,0.533237,0.472814,0.562043,0.561369
0.032837,0.545609,0.044578,0.190145,0.702138,0.662801,0.140365,0.098248,0.638392,0.729935,-0.026420,0.246768,0.375794,0.591220,0.911670,0.000000,0.212817,0.323966,0.275831,0.488620,0.208809,0.314351,0.263537,0.214974,0.444297,0.546853,0.651376,0.815366,0.118982,0.288994,0.345983,0.350192,0.368098,0.313054,-0.077323,0.230339,0.224204,0.153392,0.335869,0.331919,0.159768,0.274905,0.107533,0.226789,0.214523,0.142245,0.326681,0.443548,0.036610,0.121096,0.108114,0.232141,0.240050,0.386311,0.549369,0.635669,0.234421,0.415994,0.357395,0.402210,0.057862,0.167648,0.052804,0.267528,-0.059796,0.108150,0.413713,0.380041,0.302388,0.486333,0.325107,0.322649,0.101897,0.321051,0.244784,0.286393,0.280958,0.368814,0.327718,0.401156,0.233797,0.730583,0.486774,0.559756,0.234556,0.627769,0.313888,0.661622,0.300302,0.537063
0.724486,0.484506,0.089913,0.102474,0.020050,0.004293,0.306479,0.077869,0.064940,0.051733,0.561046,0.304797,0.660554,0.313541,0.457724,0.212817,0.000000,0.731893,0.313527,0.453536,0.368238,0.148704,0.307651,0.001006,-0.078668,-0.057798,0.141689,0.136285,1.031171,0.632313,0.504042,0.386708,0.882461,0.721116,0.112912,0.329578,0.189568,0.252875,0.299929,0.389237,0.634119,0.312109,-0.137833,-0.105080,0.415200,0.307471,0.193679,0.115240,0.285992,0.239424,0.047317,0.023416,0.106454,-0.083403,0.210521,0.255837,0.958570,0.586174,0.354748,0.195221,0.574896,0.406917,0.721274,0.442409,0.323623,0.128452,0.513952,0.421951,0.530178,0.551948,0.110063,-0.067318,0.579053,0.197248,0.100722,0.220993,0.098138,0.032786,1.104921,0.941484,1.162167,0.546374,0.447289,0.565560,0.629772,0.318535,0.366878,0.334283,0.181103,0.191284
0.348310,0.757054,0.078096,0.141135,0.041189,0.035223,0.180412,0.215963,0.081455,-0.004163,0.339460,0.501687,0.469314,0.595164,0.261805,0.323966,0.731893,0.000000,0.284564,0.395155,0.446832,0.391408,0.144557,0.014365,-0.117135,-0.083912,0.090093,0.214709,0.550633,0.744591,0.503941,0.313228,0.762950,0.709902,-0.147017,0.082623,-0.176438,0.169184,0.110612,0.242287,0.247841,0.177997,-0.158146,-0.064515,0.245071,0.225432,0.147853,0.135570,0.183900,0.208245,-0.121458,0.011680,0.014828,-0.114879,0.122532,0.231293,0.489929,0.736147,0.207652,0.232391,0.246696,0.263005,0.296786,0.610386,-0.081299,-0.021667,0.282243,0.293534,0.316148,0.355875,0.359586,0.292120,0.232337,0.483160,0.025889,0.071366,-0.017063,0.039550,0.517016,0.799478,0.405014,0.711003,0.336752,0.532664,0.123646,0.328236,-0.026435,0.369731,-0.058769,0.078405
0.526242,0.388700,0.505014,0.274996,0.024072,-0.056653,0.581964,0.218955,-0.074367,-0.020938,0.170511,0.012750,0.381857,0.038566,0.432299,0.275831,0.313527,0.284564,0.000000,0.967697,0.169021,0.069087,0.464264,0.331255,-0.132101,-0.086460,-0.016766,-0.011706,0.214612,0.169876,0.362966,0.313414,0.482563,0.319413,0.002475,0.109715,0.127165,0.061192,0.310820,0.342944,0.204059,0.315703,0.250075,0.296071,0.356958,0.245997,0.397064,0.428569,0.210020,0.269386,0.164208,0.102314,0.207713,0.128978,0.396931,0.504296,0.328817,0.244187,0.252600,0.237686,0.266865,0.240839,0.284852,0.119011,0.244478,-0.006284,0.358872,0.313931,0.047704,0.238557,0.048922,0.059071,0.305264,0.172202,0.414147,0.327099,0.232758,0.046950,0.246431,0.312536,0.359239,0.232167,0.593620,0.287248,0.401568,0.199345,0.352368,0.240922,0.434295,0.355889
0.443761,0.718712,0.437719,0.527927,0.104374,0.078531,0.545219,0.433587,0.040163,0.088600,0.206409,0.306959,0.422504,0.302905,0.465789,0.488620,0.453536,0.395155,0.967697,0.000000,0.139728,0.204758,0.443119,0.369463,-0.146710,-0.067239,-0.005956,0.119985,0.249322,0.368643,0.366956,0.380063,0.680025,0.550922,-0.065615,0.209421,0.104397,0.078990,0.389622,0.415205,0.229989,0.428006,0.312604,0.418216,0.546359,0.490629,0.648777,0.671312,0.443410,0.471944,0.331445,0.385776,0.405160,0.265457,0.705495,0.797625,0.348670,0.441457,0.436926,0.522202,0.361469,0.370557,0.469471,0.440740,-0.001559,-0.022816,0.646898,0.621347,0.280558,0.543587,0.208979,0.132126,0.281622,0.380694,0.295628,0.385564,0.275118,0.249612,0.469166,0.458211,0.449405,0.514092,0.538303,0.483229,0.414602,0.387073,0.355266,0.417605,0.559149,0.566986
0.239410,0.160015,0.269834,0.345151,-0.153049,-0.181369,0.213168,0.301830,-0.144847,-0.130512,0.103329,0.234659,0.169242,0.186417,0.148653,0.208809,0.368238,0.446832,0.169021,0.139728,0.000000,0.458766,0.427895,0.377485,-0.117004,-0.052604,0.082225,-0.015538,0.314092,0.346038,0.513134,0.370728,0.331288,0.373835,0.219895,0.342929,0.074446,0.264454,0.209147,0.364061,0.386112,0.287624,-0.016751,-0.007937,0.182811,0.109821,0.135201,0.101447,0.039181,-0.001410,0.082902,-0.052545,0.115199,0.036595,0.111987,0.086466,0.243197,0.161492,-0.099379,-0.004534,0.067474,0.073153,0.091280,0.100634,0.133518,0.165233,0.071481,0.207777,0.039591,0.117922,0.233003,0.222686,0.406099,0.327132,0.298576,0.249774,0.229042,0.308937,0.203404,0.290386,0.258224,0.244955,0.222406,0.240424,0.213191,0.235039,0.274103,0.240794,0.156777,0.097721
0.221190,0.389151,0.327071,0.293122,-0.021444,-0.093903,0.276933,0.278447,-0.007649,-0.077185,-0.054870,0.189652,0.151541,0.204651,0.048188,0.314351,0.148704,0.391408,0.069087,0.204758,0.458766,0.000000,0.152638,0.392058,-0.117756,-0.021342,0.030343,0.081000,-0.045182,0.159420,0.440275,0.460676,0.291777,0.175954,0.129028,0.140631,0.212257,0.052591,0.265528,0.447802,0.008086,0.409594,-0.094421,-0.005201,0.045824,-0.017996,0.169843,0.231627,-0.095396,-0.070757,-0.113987,0.092016,0.004865,0.070998,0.276864,0.323855,0.157571,0.284065,0.031480,0.131474,0.021953,0.078775,-0.113080,0.157215,-0.133563,0.065692,0.052629,0.079299,0.001312,0.086682,0.535737,0.552123,0.121707,0.465441,0.096218,0.054047,0.077901,0.328686,0.084036,0.166594,-0.044760,0.427298,0.264722,0.238712,0.096697,0.465464,0.123726,0.546180,0.181059,0.435610
0.327032,0.146968,0.545790,0.544715,-0.112289,-0.084942,0.649459,0.417415,-0.112522,0.002472,0.151454,0.141423,0.333791,0.068575,0.436205,0.263537,0.307651,0.144557,0.464264,0.443119,0.427895,0.152638,0.000000,0.787077,0.024378,-0.001477,0.137674,-0.031834,0.275155,0.119410,0.747222,0.409952,0.396562,0.307007,0.268948,0.384611,0.035216,0.195445,0.249543,0.178295,0.403530,0.239351,0.243272,0.171540,0.096076,0.003660,0.300351,0.260935,-0.030475,0.013531,0.212496,0.071431,0.369766,0.309918,0.228684,0.163545,0.219821,0.148661,-0.052418,0.029575,0.136937,0.070885,0.136965,-0.065281,0.376511,0.217582,0.206100,0.301390,0.049411,0.241586,0.003865,-0.088468,0.375591,0.289772,0.446332,0.413238,0.425612,0.326110,0.136126,0.164028,0.337711,0.130283,0.284444,0.218920,0.469937,0.283186,0.515819,0.319889,0.453013,0.298438
0.173693,0.128716,0.634683,0.763585,-0.219868,-0.250344,0.465389,0.462913,-0.231952,-0.164180,-0.288940,-0.115684,-0.074280,-0.189360,0.153265,0.214974,0.001006,0.014365,0.331255,0.369463,0.377485,0.392058,0.787077,0.000000,-0.154077,-0.101888,-0.092843,-0.175637,-0.248371,-0.147568,0.400317,0.240462,0.215897,0.070454,0.311766,0.420243,0.065406,-0.099616,0.236578,0.232878,-0.072895,0.172445,0.057515,0.028982,0.075098,-0.032344,0.270477,0.227996,-0.232022,-0.129214,-0.013879,0.050289,0.236201,0.312385,0.279549,0.212745,0.105908,0.134855,-0.177542,0.109477,-0.097381,0.077125,-0.241214,-0.080292,0.131221,0.330814,0.023213,0.215152,-0.156190,0.121272,0.300845,0.229267,-0.068723,0.147766,0.244758,0.135707,0.182815,0.332793,-0.103742,-0.020404,-0.002795,0.156384,0.385900,0.103636,0.187498,0.471167,0.420328,0.464834,0.526068,0.497175
-0.140305,0.151210,-0.108447,-0.203727,1.170423,1.217344,-0.070367,-0.216710,1.105539,1.216157,-0.018128,-0.160847,0.205264,0.130062,0.513746,0.444297,-0.078668,-0.117135,-0.132101,-0.146710,-0.117004,-0.117756,0.024378,-0.154077,0.000000,1.465897,1.232886,0.824009,-0.046400,-0.114865,0.006905,0.031442,-0.091612,-0.128585,0.084802,0.052222,0.317960,0.151166,0.033367,0.016865,-0.037557,0.060511,0.073471,0.063322,-0.082723,0.007826,0.022747,0.090778,0.000299,0.044091,0.117158,0.102620,0.165224,0.289465,0.177568,0.057398,0.107027,0.148675,0.455074,0.324758,0.026915,-0.058623,-0.146701,-0.124443,0.170359,0.165277,0.248386,0.100248,0.416550,0.307366,0.056022,0.088854,-0.101209,-0.095248,-0.076570,-0.065456,0.214851,0.166070,0.141147,0.039261,0.126328,0.153617,0.129340,-0.007809,0.171677,0.265583,0.175409,0.077156,0.080429,0.199788
-0.147697,0.143073,-0.021424,-0.094426,1.236811,1.172642,-0.047273,-0.182074,1.041053,1.247042,-0.035942,-0.135934,0.186719,0.142674,0.503373,0.546853,-0.057798,-0.083912,-0.086460,-0.067239,-0.052604,-0.021342,-0.001477,-0.101888,1.465897,0.000000,1.067628,0.797424,-0.093831,-0.139663,0.051357,0.171117,-0.010160,-0.077827,0.043716,-0.000939,0.304561,0.087038,0.094651,0.089392,-0.101225,0.062088,0.090114,0.123777,0.009751,0.064762,0.069817,0.158308,0.026318,0.099986,0.140647,0.149414,0.189456,0.294843,0.249741,0.121742,0.108142,0.138196,0.438603,0.317242,-0.009277,-0.049844,-0.113778,-0.089949,0.085868,0.121507,0.262940,0.130796,0.351472,0.284225,0.171665,0.215591,-0.110700,-0.075144,-0.124247,-0.076642,0.106010,0.140962,0.138097,0.022921,0.059448,0.224140,0.173884,0.078813,0.151550,0.312656,0.208837,0.077621,0.142686,0.295618
0.044887,0.304724,0.013524,-0.096576,1.114416,1.094775,0.038974,-0.155198,1.061303,1.117541,0.102471,-0.016804,0.375876,0.250574,0.792801,0.651376,0.141689,0.090093,-0.016766,-0.005956,0.082225,0.030343,0.137674,-0.092843,1.232886,1.067628,0.000000,1.131761,0.103102,0.045584,0.130562,0.181803,0.094745,0.047152,0.147352,0.144443,0.376166,0.284021,0.226629,0.205521,0.144990,0.237835,0.090385,0.110370,0.084002,0.103969,0.171118,0.229557,0.074768,0.126370,0.153603,0.190555,0.247795,0.284309,0.332270,0.265085,0.323964,0.308711,0.537230,0.331086,0.155206,-0.028838,-0.012162,-0.031464,0.231840,0.195255,0.397968,0.239103,0.541967,0.462309,0.123027,0.107983,0.039710,0.006014,-0.003692,0.095595,0.248332,0.248100,0.364835,0.275065,0.331485,0.376603,0.245823,0.267961,0.371135,0.443995,0.267979,0.285114,0.237255,0.366572
-0.118494,0.424532,-0.211609,-0.005108,1.299530,1.331545,-0.074244,-0.028088,1.304261,1.200548,0.013658,0.142200,0.347422,0.556042,0.664494,0.815366,0.136285,0.214709,-0.011706,0.119985,-0.015538,0.081000,-0.031834,-0.175637,0.824009,0.797424,1.131761,0.000000,0.054232,0.083831,0.001894,0.147577,0.170326,0.201706,-0.039533,0.095482,0.256554,0.262323,0.229378,0.170576,0.111409,0.139321,0.108490,0.220752,0.265356,0.278159,0.216209,0.317989,0.218224,0.287811,0.211913,0.363234,0.239494,0.297929,0.469058,0.440832,0.231880,0.381684,0.670050,0.496539,0.148961,0.123878,0.016471,0.174123,0.010163,0.149342,0.560158,0.418135,0.587622,0.554610,0.120490,0.134549,-0.027088,0.079380,-0.032079,0.037242,0.175803,0.213426,0.308835,0.327500,0.231921,0.476056,0.135260,0.333031,0.213106,0.511809,0.101958,0.406942,0.172057,0.365319
0.449608,0.215302,-0.102476,-0.071717,-0.042001,-0.052524,0.164632,0.096567,0.019300,0.002014,0.737699,0.466432,0.742826,0.385825,0.379827,0.118982,1.031171,0.550633,0.214612,0.249322,0.314092,-0.045182,0.275155,-0.248371,-0.046400,-0.093831,0.103102,0.054232,0.000000,0.906112,0.491380,0.352554,0.615214,0.715250,0.067869,0.261553,0.039665,0.378741,0.095246,0.141513,0.833478,0.256612,0.065431,0.030919,0.267971,0.275702,0.134321,0.054988,0.420322,0.288885,0.228027,-0.020978,0.053925,-0.208862,0.009310,0.032807,0.450509,0.248675,0.228120,0.047209,0.538597,0.347291,0.769727,0.332790,0.401505,0.108356,0.350715,0.316659,0.360268,0.257687,-0.114891,-0.191835,0.867480,0.254533,0.285872,0.346787,0.222770,-0.008877,0.681919,0.588017,0.850686,0.189548,0.179781,0.352935,0.377453,-0.037454,0.214814,0.100437,-0.028810,-0.184342
0.195838,0.488880,-0.143930,0.112888,-0.068651,-0.040953,-0.061690,0.258171,-0.039083,-0.077223,0.320246,0.557054,0.311749,0.523753,0.156712,0.288994,0.632313,0.744591,0.169876,0.368643,0.346038,0.159420,0.119410,-0.147568,-0.114865,-0.139663,0.045584,0.083831,0.906112,0.000000,0.339172,0.253282,0.484028,0.608289,-0.279961,0.078863,-0.149524,0.243518,-0.014373,0.220624,0.514237,0.283708,0.028638,0.042920,0.252401,0.316752,0.200638,0.193614,0.390661,0.303365,0.125963,0.073856,0.046292,-0.191131,0.023023,0.159091,0.220283,0.367374,0.058153,0.080185,0.128565,0.210497,0.429792,0.473438,-0.047210,-0.082522,0.186406,0.246784,0.272004,0.279648,-0.009463,-0.028734,0.463757,0.530393,0.178637,0.358226,0.037951,-0.030737,0.541294,0.800107,0.459546,0.479833,0.263978,0.525401,0.023230,0.063630,0.036678,0.233586,-0.208891,-0.139708
0.557016,0.328321,0.387089,0.236519,-0.017173,-0.071662,0.527199,0.214564,0.000210,-0.021784,0.425690,0.398307,0.565276,0.294718,0.378753,0.345983,0.504042,0.503941,0.362966,0.366956,0.513134,0.440275,0.747222,0.400317,0.006905,0.051357,0.130562,0.001894,0.491380,0.339172,0.000000,0.871235,0.840925,0.563822,0.149156,0.332468,-0.108074,0.092429,0.126426,0.115741,0.303414,0.207338,-0.052205,-0.052928,0.050847,0.004955,0.097578,0.064223,-0.058063,-0.006973,-0.077483,-0.139377,-0.002025,-0.084006,0.032618,0.054108,0.412221,0.412004,0.077657,0.083236,0.249476,0.260938,0.228158,0.239603,0.284216,0.172222,0.242100,0.261714,0.089546,0.162687,0.384107,0.319110,0.528669,0.489440,0.289960,0.232139,0.236335,0.225514,0.344418,0.274647,0.363622,0.388136,0.336893,0.343426,0.316457,0.274196,0.319707,0.415953,0.153426,0.155003
0.337236,0.373150,0.205319,0.272595,0.138882,0.020251,0.317588,0.348624,0.126246,0.154685,0.346314,0.380780,0.471808,0.363866,0.278206,0.350192,0.386708,0.313228,0.313414,0.380063,0.370728,0.460676,0.409952,0.240462,0.031442,0.171117,0.181803,0.147577,0.352554,0.253282,0.871235,0.000000,0.538287,0.451578,0.091719,0.191953,-0.030948,0.088475,0.060805,0.135782,0.136032,0.278585,0.029327,0.089546,0.095916,0.114150,0.230013,0.233376,0.115870,0.132332,0.148264,0.063662,0.191131,0.020493,0.211309,0.197720,0.286087,0.291216,0.297485,0.230338,0.336160,0.390108,0.307514,0.268101,0.324486,0.219994,0.267052,0.296244,0.115433,0.171640,0.431088,0.473041,0.503662,0.284545,0.298201,0.178234,0.183973,0.228383,0.236397,0.213945,0.245991,0.247535,0.144819,0.128622,0.312751,0.291518,0.213571,0.245912,0.247030,0.239023
0.707855,0.600268,0.306631,0.365029,0.120264,0.072986,0.494638,0.269127,0.176693,0.098045,0.464718,0.467266,0.722936,0.429346,0.427354,0.368098,0.882461,0.762950,0.482563,0.680025,0.331288,0.291777,0.396562,0.215897,-0.091612,-0.010160,0.094745,0.170326,0.615214,0.484028,0.840925,0.538287,0.000000,1.129926,0.128396,0.407500,0.009301,0.052938,0.291106,0.243922,0.388680,0.260153,-0.040776,-0.000080,0.428455,0.396941,0.305755,0.212292,0.291944,0.363725,0.049406,0.136501,0.126006,-0.080990,0.351766,0.361612,0.833731,0.755371,0.477439,0.473046,0.587692,0.622738,0.545202,0.679142,0.158341,0.155795,0.708431,0.692679,0.453522,0.539858,0.396690,0.245693,0.448345,0.368346,0.151682,0.220769,0.164672,0.129686,0.668949,0.574461,0.678078,0.630846,0.391737,0.622765,0.380807,0.380186,0.346817,0.493863,0.292627,0.331953
0.411935,0.516499,0.057864,0.412272,0.066533,0.066170,0.309767,0.490658,0.138329,0.097524,0.445837,0.675941,0.628966,0.623272,0.306423,0.313054,0.721116,0.709902,0.319413,0.550922,0.373835,0.175954,0.307007,0.070454,-0.128585,-0.077827,0.047152,0.201706,0.715250,0.608289,0.563822,0.451578,1.129926,0.000000,0.070903,0.479093,-0.068363,0.242913,0.180313,0.154344,0.515126,0.211719,0.109564,0.162396,0.510438,0.510643,0.349952,0.231512,0.454200,0.454863,0.288045,0.176214,0.231183,-0.021192,0.295548,0.263607,0.474582,0.534374,0.360371,0.360547,0.512040,0.710201,0.562493,0.739949,0.140403,0.217281,0.585348,0.725047,0.412154,0.416849,0.188660,0.117774,0.594456,0.421852,0.294693,0.270274,0.267377,0.191424,0.469129,0.489177,0.587223,0.412314,0.152277,0.499109,0.276769,0.241838,0.135954,0.290508,0.154602,0.062464
0.234175,-0.122201,0.335626,0.178502,0.026849,-0.073164,0.357463,0.095633,0.087568,0.034688,0.031636,-0.096459,0.200922,-0.297807,0.187207,-0.077323,0.112912,-0.147017,0.002475,-0.065615,0.219895,0.129028,0.268948,0.311766,0.084802,0.043716,0.147352,-0.039533,0.067869,-0.279961,0.149156,0.091719,0.128396,0.070903,0.000000,0.777879,0.464796,0.099735,0.361280,0.205269,0.111498,0.160112,0.069603,0.022183,0.149686,0.127784,0.067772,-0.013534,-0.032960,0.041966,0.150759,0.109198,0.107744,0.212011,0.175648,-0.051701,0.307849,0.058938,0.176172,0.194138,0.473751,0.266515,0.008334,-0.145511,0.643563,0.757071,0.245543,0.352444,0.093681,0.137268,0.150449,0.015288,0.146194,-0.155652,0.190087,0.039203,0.383885,0.418914,0.122176,-0.084383,0.298926,-0.066122,0.118284,-0.060074,0.540998,0.200499,0.455081,0.165746,0.568092,0.343970
0.267924,0.077149,0.218164,0.420565,0.058413,0.001465,0.387812,0.298672,0.128243,0.070125,-0.084579,0.008840,0.270664,-0.030379,0.336659,0.230339,0.329578,0.082623,0.109715,0.209421,0.342929,0.140631,0.384611,0.420243,0.052222,-0.000939,0.144443,0.095482,0.261553,0.078863,0.332468,0.191953,0.407500,0.479093,0.777879,0.000000,0.292261,0.267991,0.394293,0.378190,0.424475,0.316255,0.190761,0.185623,0.453267,0.348304,0.342697,0.235360,0.147862,0.218890,0.277975,0.185885,0.240571,0.294963,0.345782,0.256729,0.332112,0.214934,0.165779,0.267749,0.279438,0.404680,0.025146,0.072987,0.478204,0.675615,0.442542,0.688587,0.274554,0.365142,0.079469,-0.072505,0.368769,0.156835,0.368704,0.293414,0.478248,0.491551,0.285730,0.191592,0.551386,0.255683,0.275857,0.322152,0.490174,0.452235,0.556339,0.459601,0.452552,0.312729
0.333844,0.025166,0.261807,-0.066191,0.332500,0.233763,0.323814,-0.125431,0.296254,0.281333,-0.014656,-0.243710,0.227205,-0.189480,0.403140,0.224204,0.189568,-0.176438,0.127165,0.104397,0.074446,0.212257,0.035216,0.065406,0.317960,0.304561,0.376166,0.256554,0.039665,-0.149524,-0.108074,-0.030948,0.009301,-0.068363,0.464796,0.292261,0.000000,0.158540,0.719645,0.555832,0.240474,0.445323,0.165099,0.186572,0.168063,0.075029,0.268022,0.247758,0.062990,0.004493,0.223314,0.186103,0.168887,0.315373,0.511497,0.351359,0.321031,-0.048133,0.335234,0.177955,0.270284,-0.000500,0.076180,-0.180727,0.244029,0.163034,0.254837,0.146160,0.207255,0.203702,0.052839,-0.059368,0.198278,-0.174398,0.174957,0.061675,0.333743,0.283854,0.273997,0.090426,0.303149,0.104763,0.404957,0.124150,0.532942,0.310768,0.477145,0.215773,0.511451,0.495578
0.022214,0.064465,-0.083118,0.059465,0.111198,0.202266,0.079036,0.094870,0.097379,0.173129,0.183073,0.148584,0.293534,0.234374,0.273475,0.153392,0.252875,0.169184,0.061192,0.078990,0.264454,0.052591,0.195445,-0.099616,0.151166,0.087038,0.284021,0.262323,0.378741,0.243518,0.092429,0.088475,0.052938,0.242913,0.099735,0.267991,0.158540,0.000000,0.308745,0.492624,0.719412,0.346389,0.541472,0.507426,0.388076,0.329200,0.449287,0.346123,0.462141,0.344870,0.510713,0.249175,0.315463,0.219268,0.210988,0.222078,0.066134,0.028984,0.058733,0.010975,0.095096,0.018708,0.137542,-0.067303,0.139210,0.016180,0.267880,0.234713,0.283141,0.228963,-0.402015,-0.332392,0.410480,0.284282,0.207325,0.441099,0.502622,0.391479,0.176217,0.265582,0.426014,0.109549,-0.026276,0.237520,0.396869,0.012498,0.312525,0.070088,0.158664,0.010817
0.283616,0.122605,0.378269,0.306539,0.173221,0.105354,0.417629,0.140587,0.175472,0.152204,0.002073,-0.030105,0.343101,0.037576,0.495990,0.335869,0.299929,0.110612,0.310820,0.389622,0.209147,0.265528,0.249543,0.236578,0.033367,0.094651,0.226629,0.229378,0.095246,-0.014373,0.126426,0.060805,0.291106,0.180313,0.361280,0.394293,0.719645,0.308745,0.000000,0.697354,0.382652,0.670258,0.335469,0.409365,0.491736,0.315232,0.565739,0.420808,0.214968,0.259132,0.353000,0.412371,0.295396,0.391689,0.634217,0.613984,0.346498,0.119597,0.315789,0.238127,0.299261,0.112296,0.091528,-0.013567,0.197230,0.231947,0.447770,0.434325,0.264276,0.362417,-0.033859,-0.149732,0.218230,0.091577,0.250519,0.236714,0.305338,0.263317,0.364119,0.338092,0.362751,0.287856,0.496977,0.569831,0.538013,0.441826,0.610846,0.470698,0.701038,0.624962
0.359349,0.381263,0.390067,0.317422,0.111768,0.065055,0.354675,0.108160,0.063625,0.081678,-0.137040,-0.160678,0.149723,-0.071355,0.330196,0.331919,0.389237,0.242287,0.342944,0.415205,0.364061,0.447802,0.178295,0.232878,0.016865,0.089392,0.205521,0.170576,0.141513,0.220624,0.115741,0.135782,0.243922,0.154344,0.205269,0.378190,0.555832,0.492624,0.697354,0.000000,0.439089,0.752811,0.181276,0.272331,0.448450,0.316745,0.522493,0.519620,0.204137,0.196884,0.208722,0.263455,0.262170,0.279105,0.542681,0.669004,0.415664,0.285001,0.160120,0.186304,0.048013,0.007864,0.022636,-0.007913,0.075618,0.019953,0.348476,0.303830,0.360436,0.475165,0.042413,-0.009534,0.296181,0.355982,0.200288,0.349918,0.212039,0.295192,0.382888,0.466320,0.486607,0.530081,0.616899,0.559932,0.528534,0.488464,0.638486,0.503324,0.511101,0.657310
0.369315,0.069927,0.016348,0.097110,-0.045511,-0.008144,0.281157,0.132867,-0.012700,0.020494,0.404824,0.278945,0.504565,0.270809,0.374013,0.159768,0.634119,0.247841,0.204059,0.229989,0.386112,0.008086,0.403530,-0.072895,-0.037557,-0.101225,0.144990,0.111409,0.833478,0.514237,0.303414,0.136032,0.388680,0.515126,0.111498,0.424475,0.240474,0.719412,0.382652,0.439089,0.000000,0.515510,0.313123,0.305060,0.433714,0.303433,0.331390,0.223545,0.397261,0.263916,0.444362,0.079135,0.198092,0.013777,0.182822,0.250860,0.300162,0.096400,0.097539,-0.055697,0.290809,0.173053,0.416591,0.073842,0.325808,0.079868,0.367049,0.331404,0.303894,0.292673,-0.346226,-0.411186,0.874054,0.325053,0.438399,0.617987,0.466894,0.212074,0.483621,0.433259,0.731126,0.151202,0.168709,0.438083,0.491665,-0.004507,0.472005,0.199342,0.211938,-0.030686
0.334319,0.244008,0.265796,0.279404,0.104067,0.044694,0.361785,0.255931,0.065695,0.096358,0.115104,0.010564,0.352175,0.067701,0.384001,0.274905,0.312109,0.177997,0.315703,0.428006,0.287624,0.409594,0.239351,0.172445,0.060511,0.062088,0.237835,0.139321,0.256612,0.283708,0.207338,0.278585,0.260153,0.211719,0.160112,0.316255,0.445323,0.346389,0.670258,0.752811,0.515510,0.000000,0.260982,0.337410,0.421011,0.324300,0.487367,0.409799,0.258733,0.209216,0.305800,0.246809,0.185518,0.161272,0.408594,0.561323,0.243135,0.113786,0.247250,0.121757,0.209260,0.092304,0.138547,-0.011076,0.229342,0.149706,0.336211,0.321830,0.228476,0.284339,-0.022339,-0.055880,0.493835,0.401004,0.392879,0.480280,0.317213,0.243979,0.384899,0.359106,0.393271,0.296518,0.472092,0.469529,0.454805,0.388657,0.485456,0.441027,0.411519,0.420349
-0.091799,-0.122952,0.215699,0.345615,0.105063,0.147946,0.295525,0.385535,0.038094,0.105119,0.024771,0.075836,0.191726,0.000375,0.231144,0.107533,-0.137833,-0.158146,0.250075,0.312604,-0.016751,-0.094421,0.243272,0.057515,0.073471,0.090114,0.090385,0.108490,0.065431,0.028638,-0.052205,0.029327,-0.040776,0.109564,0.069603,0.190761,0.165099,0.541472,0.335469,0.181276,0.313123,0.260982,0.000000,1.634228,0.472407,0.520820,1.001169,0.908465,0.690674,0.631641,1.116678,0.673071,0.683764,0.554473,0.558547,0.412226,-0.284568,-0.284639,0.128443,0.158572,0.076106,-0.014531,0.130182,-0.115018,-0.012000,-0.058762,0.292130,0.358516,-0.012044,0.057315,-0.391588,-0.339115,0.235631,0.182212,0.263999,0.342555,0.653954,0.492408,-0.100963,-0.172320,0.092926,-0.140844,-0.041705,0.065877,0.176884,-0.094883,0.233537,-0.112286,0.400460,0.149608
-0.098518,0.014849,0.186733,0.372768,0.194363,0.217074,0.291212,0.409236,0.116802,0.178957,-0.028324,0.077020,0.210327,0.113520,0.288581,0.226789,-0.105080,-0.064515,0.296071,0.418216,-0.007937,-0.005201,0.171540,0.028982,0.063322,0.123777,0.110370,0.220752,0.030919,0.042920,-0.052928,0.089546,-0.000080,0.162396,0.022183,0.185623,0.186572,0.507426,0.409365,0.272331,0.305060,0.337410,1.634228,0.000000,0.583587,0.645705,1.047604,1.067496,0.692534,0.684090,1.040440,0.719879,0.613998,0.559899,0.651833,0.586089,-0.260460,-0.169693,0.208963,0.225602,0.043197,0.029250,0.086354,-0.085448,-0.026641,-0.016742,0.367095,0.447250,0.067286,0.133740,-0.261903,-0.214152,0.267387,0.272120,0.323487,0.361905,0.578576,0.501390,-0.020508,-0.078085,0.103014,-0.005130,0.034947,0.122675,0.229378,0.032794,0.231790,-0.030592,0.449807,0.255038
0.108653,0.222762,0.025680,0.416789,0.206854,0.177902,0.134072,0.268088,0.163101,0.147236,0.053263,0.080976,0.301628,0.214070,0.319831,0.214523,0.415200,0.245071,0.356958,0.546359,0.182811,0.045824,0.096076,0.075098,-0.082723,0.009751,0.084002,0.265356,0.267971,0.252401,0.050847,0.095916,0.428455,0.510438,0.149686,0.453267,0.168063,0.388076,0.491736,0.448450,0.433714,0.421011,0.472407,0.583587,0.000000,1.347503,0.741415,0.637472,0.897788,0.983303,0.533898,0.571523,0.275213,0.172268,0.558160,0.682056,0.280685,0.259710,0.338259,0.351088,0.234518,0.302723,0.294526,0.164218,0.105928,0.156877,0.706805,0.853893,0.328937,0.466432,-0.103155,-0.229339,0.253522,0.236478,0.105646,0.406372,0.151863,0.141638,0.479113,0.408953,0.554211,0.375435,0.334923,0.496592,0.433984,0.277281,0.424352,0.347550,0.419206,0.333106
0.055201,0.291127,-0.024383,0.395323,0.250990,0.231207,0.012140,0.308750,0.222377,0.192479,0.023645,0.121023,0.238496,0.214414,0.214093,0.142245,0.307471,0.225432,0.245997,0.490629,0.109821,-0.017996,0.003660,-0.032344,0.007826,0.064762,0.103969,0.278159,0.275702,0.316752,0.004955,0.114150,0.396941,0.510643,0.127784,0.348304,0.075029,0.329200,0.315232,0.316745,0.303433,0.324300,0.520820,0.645705,1.347503,0.000000,0.782571,0.709316,1.222130,1.455514,0.640342,0.769867,0.376005,0.122391,0.554656,0.582931,0.241491,0.339700,0.512740,0.603393,0.282947,0.396653,0.327374,0.291859,0.055463,0.182041,0.802598,1.027628,0.486242,0.557838,-0.044657,-0.120143,0.224466,0.244578,0.070246,0.302666,0.175937,0.169111,0.451378,0.372294,0.523277,0.316751,0.173884,0.353115,0.333898,0.216185,0.337440,0.228945,0.376031,0.316454
0.177998,0.304710,0.371784,0.651204,0.194601,0.179907,0.414026,0.523009,0.157905,0.171413,-0.031375,0.068914,0.299551,0.122716,0.429848,0.326681,0.193679,0.147853,0.397064,0.648777,0.135201,0.169843,0.300351,0.270477,0.022747,0.069817,0.171118,0.216209,0.134321,0.200638,0.097578,0.230013,0.305755,0.349952,0.067772,0.342697,0.268022,0.449287,0.565739,0.522493,0.331390,0.487367,1.001169,1.047604,0.741415,0.782571,0.000000,1.391993,0.750313,0.761525,0.858625,0.863696,0.837684,0.621561,1.018761,0.921990,0.154729,0.166629,0.337520,0.446019,0.166449,0.160696,0.196053,0.103051,-0.006384,0.052453,0.539411,0.666997,0.307799,0.444315,-0.066812,-0.127399,0.239071,0.315705,0.216695,0.366923,0.443069,0.447034,0.239195,0.219318,0.406138,0.299185,0.290324,0.359859,0.408931,0.302031,0.480911,0.212635,0.713286,0.565692
0.099226,0.359720,0.350965,0.575909,0.285060,0.280038,0.389010,0.442023,0.219895,0.263581,-0.147058,-0.009991,0.203386,0.122540,0.403237,0.443548,0.115240,0.135570,0.428569,0.671312,0.101447,0.231627,0.260935,0.227996,0.090778,0.158308,0.229557,0.317989,0.054988,0.193614,0.064223,0.233376,0.212292,0.231512,-0.013534,0.235360,0.247758,0.346123,0.420808,0.519620,0.223545,0.409799,0.908465,1.067496,0.637472,0.709316,1.391993,0.000000,0.642319,0.725287,0.680802,0.826090,0.727811,0.613615,1.035495,1.069787,0.068465,0.178381,0.400098,0.475736,0.092350,0.151601,0.085465,0.081016,-0.007809,0.038186,0.565088,0.618162,0.335319,0.485121,0.023162,-0.004885,0.161961,0.371890,0.211253,0.358188,0.423787,0.520601,0.243491,0.234093,0.275893,0.363263,0.297184,0.323721,0.344088,0.388604,0.380611,0.269963,0.604729,0.648969
