0.000000,1.648230,1.294359,1.353831,0.857253,0.831274,1.333847,1.439056,0.975301,0.851091,1.063451,1.346332,0.971619,0.672986,0.887767,1.017977,0.891723,1.187968,1.652863,1.474031,0.335922,0.767057,0.995490,1.054434,0.351029,0.406583,0.638463,0.787825,0.818200,0.967545,0.697842,0.838842,1.404453,1.447059,0.631884,0.730247,0.006923,0.341447,0.584109,0.784339,0.705554,0.636032,0.805659,0.724111,0.729732,0.960293,0.646538,0.926721,0.964886,0.993289,0.983135,0.876050,0.957897,0.957620,0.755889,0.876246,1.649382,1.310034,1.200821,1.043756,1.441426,1.194183,1.008000,1.258112,0.589928,0.724622,1.084521,1.005982,1.689209,1.461247,0.727294,0.804936,0.927620,1.129967,0.909603,1.064033,1.025417,1.003478,0.780142,0.697338,0.885655,1.015405,0.857370,1.025071,0.594182,0.880779,0.864800,0.928279,1.058714,1.048413
1.648230,0.000000,1.004829,1.235454,0.635300,0.628474,0.981476,1.256101,0.800329,0.658022,0.802754,1.264803,0.752261,0.702384,0.707178,0.870251,0.745710,1.102075,1.486623,1.422922,0.330385,0.753301,0.816768,0.896322,0.223659,0.288502,0.523517,0.673392,0.719798,0.901984,0.656685,0.740996,1.468060,1.599940,0.580763,0.710691,0.023221,0.422929,0.624540,0.877387,0.675825,0.665477,0.721889,0.711970,0.732514,0.961660,0.591678,0.842419,0.922245,0.984274,0.926859,0.850910,0.862704,0.832452,0.761379,0.892218,1.703343,1.899143,1.109644,1.069974,1.189937,1.066472,0.824218,1.149013,0.460002,0.667999,1.107220,1.050505,1.615177,1.372628,0.745642,0.794370,0.751391,1.000196,0.748467,0.883876,0.908250,0.908802,0.680800,0.632738,0.747525,0.852321,0.845356,0.946126,0.514159,0.772588,0.902850,0.910224,0.945839,0.893465
1.294359,1.004829,0.000000,1.794930,0.891420,1.038724,1.680846,1.378448,1.044214,0.991918,0.871240,0.971761,0.848556,0.566872,0.905665,0.895015,0.670058,0.770212,1.210631,1.102193,0.313352,0.632236,1.410199,1.723479,0.573472,0.673975,0.508568,0.682354,0.633111,0.713645,0.687406,0.805582,0.965197,1.015081,0.601301,0.511984,0.004586,0.204366,0.529992,0.623473,0.664076,0.444552,0.777361,0.560717,0.460310,0.612421,0.573737,0.825998,0.654527,0.689163,0.824528,0.660125,0.957850,0.917339,0.701404,0.690994,0.969884,0.867489,0.869114,0.750351,0.986061,1.030225,0.759671,0.883281,0.532597,0.625389,0.785097,0.711646,1.169448,1.064588,0.634233,0.704742,0.841279,0.835108,0.798013,1.083315,0.997878,0.937326,0.577614,0.598516,0.709448,0.765303,0.663072,0.754872,0.607854,0.750306,0.684259,0.683650,1.000075,0.942051
1.353831,1.235454,1.794930,0.000000,0.862479,0.960908,1.376771,1.721978,0.977802,0.990042,0.803210,1.078317,0.760748,0.611113,0.826097,0.864351,0.710848,0.795728,1.387423,1.373719,0.275641,0.588309,1.178966,1.611243,0.472428,0.596545,0.451632,0.685765,0.649968,0.734637,0.603710,0.742728,1.133026,1.200754,0.584409,0.577826,0.066197,0.295106,0.596265,0.669930,0.618651,0.458826,0.778371,0.568256,0.481019,0.652162,0.567442,0.801335,0.673486,0.692099,0.851753,0.653095,0.987186,0.848405,0.730815,0.726145,1.059133,1.002997,0.845290,0.772344,0.999177,1.080149,0.812586,0.918472,0.521154,0.687707,0.835213,0.778274,1.320875,1.180846,0.589667,0.647332,0.840522,0.861248,0.806417,1.009757,0.923152,0.890897,0.550678,0.640989,0.744827,0.799760,0.650063,0.772493,0.596217,0.736593,0.666152,0.678860,0.973110,0.913693
0.857253,0.635300,0.891420,0.862479,0.000000,1.189761,1.071782,1.025609,1.308431,1.522866,0.869251,0.842078,0.924582,0.482573,1.119561,0.857581,0.768744,0.757414,0.799471,0.799130,0.227369,0.566366,0.858990,0.963993,0.804822,0.888477,0.550651,0.844331,0.706356,0.622587,0.477953,0.583369,0.696203,0.703277,0.631656,0.672554,0.116725,0.345243,0.487949,0.543187,0.636569,0.519100,0.886227,0.706254,0.525065,0.711789,0.635325,0.822054,0.672188,0.679115,0.875163,0.688791,1.033670,0.947777,0.729873,0.712046,0.671656,0.493667,0.735555,0.645833,0.887435,0.969486,0.895534,0.810129,0.838603,1.055909,0.752155,0.736548,0.817618,0.852987,0.482236,0.493240,1.113704,0.937730,0.803255,0.810252,0.866745,0.870524,0.551524,0.525195,0.884289,1.025586,0.602873,0.712343,0.834563,0.904784,0.581811,0.544551,0.962365,0.963235
0.831274,0.628474,1.038724,0.960908,1.189761,0.000000,1.066472,0.976274,1.293104,1.294864,0.750074,0.769230,0.687480,0.488843,0.830070,0.779369,0.709742,0.647557,0.707635,0.674597,0.301733,0.589182,0.818719,1.053112,0.966957,1.128699,0.527793,0.712062,0.649544,0.634720,0.587830,0.695318,0.745128,0.768021,0.399460,0.402302,0.101731,0.259747,0.409637,0.547357,0.741175,0.447072,0.825663,0.599709,0.404545,0.584888,0.556737,0.735558,0.514873,0.554072,0.684411,0.607466,0.884582,0.834551,0.652870,0.565618,0.661705,0.507658,0.655919,0.519196,0.825385,0.985025,0.861488,0.790904,0.546558,0.774314,0.578921,0.568382,0.779345,0.791257,0.588990,0.616917,0.923634,0.832124,0.722003,0.932550,0.928638,0.966172,0.543745,0.472111,0.792539,0.851166,0.520413,0.619303,0.672590,0.784972,0.484472,0.550080,0.777892,0.781909
1.333847,0.981476,1.680846,1.376771,1.071782,1.066472,0.000000,1.456652,1.383656,1.095599,1.124142,1.123204,1.155341,0.614968,1.112227,1.117937,0.755648,0.904938,1.161121,1.026462,0.382243,0.808652,1.341841,1.457573,0.598723,0.688768,0.642549,0.816123,0.776349,0.869090,0.850581,0.962896,1.041848,1.131717,0.581153,0.560891,-0.079856,0.177112,0.456205,0.645198,0.821650,0.590498,0.804315,0.634974,0.546556,0.764737,0.543676,0.875331,0.746299,0.826803,0.874577,0.770243,0.990373,1.015137,0.697187,0.720036,0.983297,0.857830,1.120389,0.921847,1.280159,1.317631,0.922458,1.064052,0.751440,0.875003,0.966003,0.893342,1.134969,1.084746,0.802389,0.899330,1.094952,1.056582,0.912732,1.268430,1.115286,1.115079,0.727453,0.591228,0.846744,0.969260,0.810704,0.933873,0.648019,0.977417,0.828158,0.845772,1.098299,1.036553
1.439056,1.256101,1.378448,1.721978,1.025609,0.976274,1.456652,0.000000,1.116037,1.107302,1.015413,1.476932,1.009814,0.777757,0.984479,1.101612,0.917198,0.982821,1.616162,1.600169,0.331654,0.663013,1.126456,1.362365,0.483087,0.573589,0.562615,0.794975,0.803416,0.944286,0.663430,0.848612,1.314045,1.374229,0.670395,0.672670,0.024408,0.276047,0.580616,0.692008,0.697140,0.577493,0.828312,0.629673,0.540489,0.757362,0.590655,0.815505,0.733731,0.747783,0.883218,0.675407,1.035778,0.886137,0.727771,0.739734,1.139464,1.014351,0.988408,0.927227,1.291283,1.414373,1.062576,1.158357,0.780659,0.883932,1.022421,0.958073,1.476936,1.322143,0.609662,0.680205,1.088543,1.125650,0.935088,1.062187,0.908322,0.890650,0.635998,0.679327,0.967330,1.054610,0.813168,0.944266,0.710727,0.867814,0.753082,0.796066,1.040015,0.937647
0.975301,0.800329,1.044214,0.977802,1.308431,1.293104,1.383656,1.116037,0.000000,1.276402,0.928663,0.923283,1.024286,0.474781,1.033223,0.948674,0.741749,0.841208,0.853012,0.772266,0.391494,0.813503,1.061072,1.124831,0.839450,0.911834,0.559693,0.733388,0.802686,0.816219,0.760540,0.768928,0.812066,0.905291,0.507375,0.558810,-0.014597,0.238862,0.421612,0.697659,1.046047,0.721000,0.864820,0.739971,0.574287,0.798384,0.587371,0.921407,0.776442,0.828851,0.925232,0.879568,1.044254,1.104052,0.748599,0.712974,0.824424,0.679706,0.988104,0.766043,1.090243,1.136469,0.871597,0.906645,0.776674,1.026298,0.861283,0.855853,0.943388,0.940090,0.810313,0.825871,1.131000,1.070935,0.829556,1.148101,1.117762,1.209187,0.617762,0.384501,0.864767,1.010291,0.799216,0.893445,0.721671,1.144617,0.751075,0.834504,0.996214,0.921091
0.851091,0.658022,0.991918,0.990042,1.522866,1.294864,1.095599,1.107302,1.276402,0.000000,0.753974,0.897046,0.827427,0.597424,0.972728,0.840577,0.650205,0.651452,0.797799,0.788602,0.182280,0.555087,0.916082,1.126283,0.854635,1.053274,0.460032,0.724470,0.584503,0.532696,0.485884,0.565890,0.712516,0.739631,0.611407,0.625472,0.078956,0.321422,0.478087,0.558631,0.642549,0.455866,0.889664,0.643294,0.458885,0.609728,0.638908,0.796439,0.597965,0.584640,0.810875,0.600334,1.026634,0.805691,0.728595,0.599465,0.640895,0.497809,0.726176,0.610024,0.870764,0.965567,0.858707,0.816358,0.745397,0.909646,0.723961,0.695800,0.809384,0.796036,0.503373,0.524625,1.029616,0.855111,0.857245,0.908355,0.914978,0.974983,0.471424,0.431465,0.732112,0.867325,0.496497,0.630302,0.793223,0.742852,0.508897,0.501648,0.875137,0.819779
1.063451,0.802754,0.871240,0.803210,0.869251,0.750074,1.124142,1.015413,0.928663,0.753974,0.000000,1.117266,1.709220,0.685141,1.304385,1.248783,1.043301,1.052236,0.915290,0.867521,0.420092,0.828412,0.786720,0.821158,0.398522,0.457029,0.768761,0.864348,1.170622,1.018082,0.855351,1.126448,0.967080,0.925050,0.647160,0.634801,0.033715,0.206674,0.457524,0.547264,0.756224,0.659714,0.670069,0.621830,0.519653,0.764183,0.456581,0.717514,0.698598,0.715608,0.781812,0.717443,0.751982,0.848191,0.604643,0.686181,0.908091,0.711694,0.874348,0.778631,1.123262,1.085174,1.077941,0.958080,0.778537,0.797653,0.841142,0.778956,0.912429,0.881673,0.644785,0.689450,1.177188,1.102481,0.864415,0.903956,0.805939,0.731396,0.903166,0.713841,1.154893,1.105673,0.888965,0.942278,0.694576,1.009250,0.794410,0.825389,0.947458,0.920388
1.346332,1.264803,0.971761,1.078317,0.842078,0.769230,1.123204,1.476932,0.923283,0.897046,1.117266,0.000000,1.081794,1.040423,0.953636,1.217740,0.894777,1.186715,1.328893,1.310317,0.338992,0.746326,0.892084,0.935994,0.373362,0.458831,0.636760,0.831621,0.898835,1.127981,0.757640,0.949445,1.392535,1.432591,0.780728,0.860301,-0.036873,0.267602,0.540646,0.669761,0.676063,0.582551,0.717565,0.590743,0.572591,0.834707,0.539012,0.734923,0.754664,0.838436,0.806755,0.674873,0.856486,0.751367,0.676508,0.697243,1.186985,1.112300,1.158040,1.211812,1.406512,1.455578,1.177513,1.454106,0.722019,0.878794,1.210897,1.094234,1.271845,1.221578,0.727085,0.804766,1.117051,1.257258,0.909512,0.996780,0.880292,0.897611,0.797158,0.701224,0.931957,1.049013,0.827430,0.955521,0.650165,0.771091,0.753079,0.785976,0.910995,0.816607
0.971619,0.752261,0.848556,0.760748,0.924582,0.687480,1.155341,1.009814,1.024286,0.827427,1.709220,1.081794,0.000000,0.643994,1.285746,1.151602,0.859504,0.974630,0.873700,0.808399,0.401584,0.833837,0.881093,0.858426,0.444676,0.455489,0.721685,0.762469,0.972724,0.928497,0.849436,0.944934,0.854043,0.862381,0.638954,0.614465,-0.062935,0.123364,0.399738,0.538608,0.804988,0.737735,0.657483,0.600630,0.550759,0.770178,0.455281,0.712947,0.789000,0.781403,0.847632,0.790276,0.752114,0.884940,0.580303,0.620699,0.820433,0.707712,0.976654,0.850600,1.134503,1.096552,0.933446,0.953932,0.912969,0.847232,0.905963,0.833296,0.886789,0.849247,0.673275,0.731232,1.132141,1.065386,0.814344,0.878671,0.801118,0.776738,0.702693,0.477324,0.963161,1.022510,0.952274,0.922580,0.715885,1.009312,0.806897,0.823057,0.928272,0.823153
0.672986,0.702384,0.566872,0.611113,0.482573,0.488843,0.614968,0.777757,0.474781,0.597424,0.685141,1.040423,0.643994,0.000000,0.735645,0.981982,0.582529,0.612310,0.682191,0.697529,0.260332,0.554734,0.445130,0.535047,0.189358,0.297536,0.431500,0.681713,0.654647,0.615948,0.535069,0.719611,0.737019,0.735309,0.606371,0.640419,0.146206,0.401949,0.538406,0.549692,0.436888,0.318275,0.417453,0.323332,0.306803,0.428112,0.321457,0.391579,0.402666,0.415671,0.416211,0.326612,0.468283,0.364701,0.530861,0.520948,0.668808,0.600035,0.608420,0.632601,0.681717,0.781885,0.837529,0.838282,0.434131,0.524826,0.635070,0.572049,0.623108,0.621865,0.481534,0.446995,0.811876,0.745367,0.714683,0.617980,0.557471,0.539889,0.404547,0.530332,0.584823,0.607445,0.430582,0.391412,0.593003,0.419481,0.535483,0.362021,0.615673,0.605605
0.887767,0.707178,0.905665,0.826097,1.119561,0.830070,1.112227,0.984479,1.033223,0.972728,1.304385,0.953636,1.285746,0.735645,0.000000,1.380876,0.966914,0.895945,0.823011,0.799827,0.453953,0.848390,0.814541,0.884139,0.524834,0.639327,0.774226,1.206840,1.064772,0.836547,0.724269,0.978104,0.755339,0.743371,0.747659,0.683904,0.214528,0.387946,0.693596,0.694585,0.781010,0.609295,0.859629,0.691856,0.535206,0.703697,0.586515,0.794124,0.715056,0.700548,0.966100,0.732985,0.975263,0.973135,0.875251,0.838825,0.772573,0.582841,0.796408,0.684505,0.934348,0.987263,1.018783,0.866331,0.896338,0.964583,0.824385,0.746419,0.831420,0.820001,0.574612,0.587920,1.379951,1.103088,1.099183,0.939735,0.950171,0.803974,0.711752,0.759151,1.153702,1.144432,0.803678,0.779423,0.996321,1.065999,0.888101,0.666978,1.267975,1.113090
1.017977,0.870251,0.895015,0.864351,0.857581,0.779369,1.117937,1.101612,0.948674,0.840577,1.248783,1.217740,1.151602,0.981982,1.380876,0.000000,1.043431,1.145041,0.926365,0.896012,0.566788,0.992361,0.748172,0.818492,0.410397,0.519467,0.799717,1.002357,1.189107,1.191793,0.798354,1.115533,0.962248,0.949829,0.704064,0.749982,0.155261,0.437706,0.717030,0.865347,0.861371,0.745907,0.830677,0.694303,0.576381,0.805033,0.578506,0.766201,0.718344,0.761075,0.829892,0.696994,0.875770,0.868858,0.887485,0.894313,0.944567,0.763264,0.890900,0.799842,1.087626,1.214989,1.201429,1.150301,0.849558,0.997998,0.879264,0.862525,0.939968,0.877856,0.675279,0.718794,1.335115,1.357535,1.126811,1.106338,0.962352,0.866179,0.810093,0.791555,1.163452,1.274968,0.883370,0.906732,0.919698,1.040301,0.964243,0.800862,1.226981,1.130572
0.891723,0.745710,0.670058,0.710848,0.768744,0.709742,0.755648,0.917198,0.741749,0.650205,1.043301,0.894777,0.859504,0.582529,0.966914,1.043431,0.000000,1.109497,0.886422,0.901077,0.423214,0.654353,0.494453,0.585117,0.327722,0.382278,0.614564,0.940298,1.210695,1.020785,0.425973,0.722641,0.807759,0.750459,0.701447,0.712619,0.386115,0.493886,0.823973,0.793460,0.721242,0.626274,1.024034,0.900159,0.736852,0.897653,0.822134,0.877045,0.809950,0.751903,0.947558,0.767045,0.971552,0.946042,0.937208,0.954914,0.923322,0.592238,0.665069,0.616452,0.978612,0.890911,1.400878,0.921267,0.744247,0.776574,0.792418,0.802028,0.958491,0.936572,0.365682,0.388729,1.001497,1.099637,0.861880,0.745450,0.724174,0.558591,0.731171,0.889977,1.835211,1.301290,0.892893,0.832023,0.898856,0.988483,0.784036,0.732006,1.041832,0.998898
1.187968,1.102075,0.770212,0.795728,0.757414,0.647557,0.904938,0.982821,0.841208,0.651452,1.052236,1.186715,0.974630,0.612310,0.895945,1.145041,1.109497,0.000000,1.064963,1.007255,0.445874,0.858094,0.689599,0.683528,0.289872,0.312860,0.754222,0.844166,1.027556,1.255837,0.679720,0.864345,1.089730,1.085580,0.700683,0.876294,0.009608,0.400690,0.666465,0.899196,0.775902,0.818122,0.900613,0.926903,0.867203,1.216351,0.757586,1.000323,1.068465,1.175272,1.047477,0.938938,0.944272,1.019151,0.844861,1.050587,1.295012,1.074143,1.156171,1.110959,1.391880,1.136674,1.176533,1.319057,0.741769,0.897136,1.147966,1.129366,1.222817,1.103011,0.601759,0.694241,0.995553,1.339026,0.870407,0.899357,0.772286,0.752197,1.040386,0.748286,1.102816,1.236705,1.064540,1.147972,0.632839,0.957202,0.946193,1.021154,1.112462,1.021211
1.652863,1.486623,1.210631,1.387423,0.799471,0.707635,1.161121,1.616162,0.853012,0.797799,0.915290,1.328893,0.873700,0.682191,0.823011,0.926365,0.886422,1.064963,0.000000,2.224053,0.310570,0.580772,1.035016,1.094724,0.333177,0.373775,0.595205,0.751321,0.742869,0.906381,0.552105,0.706614,1.282142,1.307448,0.706601,0.751643,0.020009,0.301627,0.603495,0.691074,0.617010,0.563435,0.773638,0.659434,0.621158,0.820615,0.649972,0.856906,0.817700,0.824658,0.881127,0.680909,0.964009,0.842445,0.694834,0.782135,1.405974,1.185083,1.013141,1.013413,1.258272,1.093959,0.943483,1.071668,0.663311,0.684660,1.091944,0.994004,1.836874,1.499516,0.515106,0.584201,0.870430,1.036206,0.854085,0.959903,0.785163,0.751209,0.698522,0.711892,0.881782,0.951231,0.818387,0.938663,0.599274,0.754818,0.772854,0.789670,0.952447,0.850670
1.474031,1.422922,1.102193,1.373719,0.799130,0.674597,1.026462,1.600169,0.772266,0.788602,0.867521,1.310317,0.808399,0.697529,0.799827,0.896012,0.901077,1.007255,2.224053,0.000000,0.283926,0.512604,0.932339,1.037911,0.325018,0.379207,0.560937,0.745201,0.739456,0.862109,0.488874,0.655932,1.267115,1.244354,0.735547,0.774104,0.114707,0.353357,0.656022,0.653013,0.532627,0.496239,0.748442,0.611163,0.569142,0.754878,0.624718,0.786957,0.746388,0.733680,0.854268,0.615167,0.951120,0.775209,0.698334,0.747690,1.282301,1.105367,0.866500,0.913367,1.128858,1.062029,0.944355,1.021697,0.655789,0.695944,1.012234,0.912697,1.681450,1.443678,0.445520,0.491531,0.820191,0.963793,0.835997,0.837549,0.739998,0.696507,0.661986,0.783963,0.893873,0.932207,0.756705,0.859389,0.644532,0.689060,0.681840,0.681775,0.921433,0.828126
0.335922,0.330385,0.313352,0.275641,0.227369,0.301733,0.382243,0.331654,0.391494,0.182280,0.420092,0.338992,0.401584,0.260332,0.453953,0.566788,0.423214,0.445874,0.310570,0.283926,0.000000,0.715210,0.253274,0.279905,0.197165,0.166201,0.800053,0.431669,0.650534,0.716742,0.769903,0.678579,0.357168,0.344811,0.135468,0.139613,0.107093,0.188853,0.349814,0.542216,0.573104,0.588812,0.270121,0.277912,0.243721,0.342346,0.111555,0.243037,0.312714,0.360953,0.383082,0.357014,0.288987,0.421645,0.393449,0.342498,0.360773,0.340271,0.349725,0.298072,0.351690,0.371046,0.401290,0.384131,0.261658,0.385257,0.331086,0.305470,0.346642,0.260758,0.519807,0.504485,0.424960,0.447685,0.399330,0.406584,0.494330,0.458617,0.348008,0.270407,0.482031,0.514499,0.707761,0.549915,0.318489,0.515860,0.580665,0.554069,0.472913,0.387335
0.767057,0.753301,0.632236,0.588309,0.566366,0.589182,0.808652,0.663013,0.813503,0.555087,0.828412,0.746326,0.833837,0.554734,0.848390,0.992361,0.654353,0.858094,0.580772,0.512604,0.715210,0.000000,0.498080,0.572364,0.231420,0.325525,0.612488,0.687102,0.908036,0.897330,0.988254,0.982443,0.759690,0.815932,0.436653,0.505800,-0.014376,0.362888,0.514111,0.995175,1.064041,1.023397,0.640178,0.707586,0.658261,0.863351,0.406478,0.661002,0.786470,0.846250,0.767367,0.923844,0.612928,0.808331,0.802669,0.763284,0.789189,0.753592,0.883586,0.714818,0.847400,0.845976,0.788606,0.885959,0.492264,0.716180,0.763528,0.791133,0.679178,0.582712,1.049114,1.057418,0.915966,0.970088,0.870910,0.988447,1.098000,1.092550,0.651110,0.386323,0.769924,0.860346,0.878342,0.806771,0.517718,1.001999,1.259638,1.002795,0.914617,0.878544
0.995490,0.816768,1.410199,1.178966,0.858990,0.818719,1.341841,1.126456,1.061072,0.916082,0.786720,0.892084,0.881093,0.445130,0.814541,0.748172,0.494453,0.689599,1.035016,0.932339,0.253274,0.498080,0.000000,1.624402,0.672185,0.693521,0.517370,0.587203,0.483858,0.601345,0.632116,0.659886,0.789664,0.853862,0.614346,0.516021,-0.141987,0.031628,0.377185,0.494419,0.632872,0.427238,0.638577,0.488067,0.409872,0.565907,0.523314,0.797679,0.608715,0.707961,0.753141,0.610937,0.865535,0.865183,0.528709,0.537372,0.821566,0.769626,0.942628,0.859824,0.958778,0.905851,0.577509,0.705680,0.679215,0.691588,0.840087,0.778371,1.038190,1.014013,0.558138,0.649065,0.748359,0.727881,0.657194,0.885514,0.770052,0.787567,0.551572,0.425049,0.556556,0.654575,0.642470,0.764739,0.514795,0.706378,0.562649,0.667689,0.800767,0.692138
1.054434,0.896322,1.723479,1.611243,0.963993,1.053112,1.457573,1.362365,1.124831,1.126283,0.821158,0.935994,0.858426,0.535047,0.884139,0.818492,0.585117,0.683528,1.094724,1.037911,0.279905,0.572364,1.624402,0.000000,0.712497,0.800913,0.513624,0.639840,0.554310,0.631353,0.668736,0.727064,0.924427,0.992775,0.575453,0.517750,-0.039036,0.126756,0.439012,0.550417,0.677224,0.461216,0.714293,0.494032,0.396104,0.566194,0.497637,0.756168,0.591331,0.634688,0.785838,0.610796,0.931073,0.892468,0.616134,0.561687,0.841648,0.791589,0.852227,0.750781,0.949924,1.049620,0.711936,0.801069,0.623001,0.760672,0.793291,0.744106,1.103319,1.028315,0.597609,0.659039,0.823182,0.786383,0.739613,0.995677,0.910728,0.927680,0.531819,0.492462,0.653309,0.751243,0.645398,0.730805,0.592395,0.760191,0.601364,0.635973,0.884237,0.779698
0.351029,0.223659,0.573472,0.472428,0.804822,0.966957,0.598723,0.483087,0.839450,0.854635,0.398522,0.373362,0.444676,0.189358,0.524834,0.410397,0.327722,0.289872,0.333177,0.325018,0.197165,0.231420,0.672185,0.712497,0.000000,1.437825,0.383254,0.391885,0.278190,0.240082,0.347697,0.336104,0.295121,0.328889,0.244519,0.226579,0.162487,0.090950,0.228099,0.249954,0.493546,0.265850,0.477549,0.275290,0.092344,0.211937,0.333358,0.398968,0.202427,0.235488,0.385321,0.238343,0.551280,0.452121,0.405065,0.215943,0.220493,0.130831,0.313606,0.237234,0.396697,0.526538,0.443079,0.372626,0.431997,0.595078,0.275731,0.253638,0.404468,0.392709,0.296762,0.302448,0.543406,0.433782,0.405202,0.526484,0.541857,0.559454,0.265918,0.135908,0.408430,0.424190,0.251523,0.259278,0.590654,0.430337,0.129826,0.132495,0.427885,0.335842
0.406583,0.288502,0.673975,0.596545,0.888477,1.128699,0.688768,0.573589,0.911834,1.053274,0.457029,0.458831,0.455489,0.297536,0.639327,0.519467,0.382278,0.312860,0.373775,0.379207,0.166201,0.325525,0.693521,0.800913,1.437825,0.000000,0.328732,0.539265,0.332514,0.281875,0.358208,0.392194,0.357460,0.388254,0.385380,0.319106,0.183113,0.198020,0.312008,0.331595,0.530764,0.257096,0.588847,0.356898,0.123963,0.244271,0.404938,0.494971,0.216362,0.261004,0.448541,0.293497,0.675716,0.530026,0.519217,0.315034,0.275059,0.183887,0.344109,0.265735,0.435619,0.597749,0.495593,0.408483,0.428544,0.661539,0.326741,0.315677,0.439451,0.449795,0.349094,0.340781,0.625073,0.494962,0.514412,0.654271,0.668661,0.652828,0.310071,0.277318,0.462557,0.503155,0.215486,0.276687,0.632972,0.484648,0.210635,0.183372,0.517680,0.465735
0.638463,0.523517,0.508568,0.451632,0.550651,0.527793,0.642549,0.562615,0.559693,0.460032,0.768761,0.636760,0.721685,0.431500,0.774226,0.799717,0.614564,0.754222,0.595205,0.560937,0.800053,0.612488,0.517370,0.513624,0.383254,0.328732,0.000000,0.890321,0.697658,0.769436,0.690966,0.778425,0.622310,0.570321,0.310810,0.349138,-0.019211,0.104573,0.285240,0.449557,0.484248,0.561523,0.465055,0.447205,0.416442,0.583256,0.361874,0.514216,0.518342,0.596996,0.604757,0.493337,0.525383,0.612949,0.391642,0.472516,0.585315,0.500391,0.592147,0.546639,0.673042,0.633709,0.653017,0.620012,0.574933,0.599349,0.573817,0.510923,0.623001,0.593479,0.385211,0.478350,0.637245,0.626816,0.584158,0.526575,0.484363,0.480869,0.768144,0.527935,0.724072,0.785263,0.780870,0.768855,0.437118,0.651655,0.533051,0.588688,0.609774,0.526833
0.787825,0.673392,0.682354,0.685765,0.844331,0.712062,0.816123,0.794975,0.733388,0.724470,0.864348,0.831621,0.762469,0.681713,1.206840,1.002357,0.940298,0.844166,0.751321,0.745201,0.431669,0.687102,0.587203,0.639840,0.391885,0.539265,0.890321,0.000000,0.835463,0.721178,0.498062,0.731455,0.685041,0.659405,0.695298,0.678995,0.272311,0.468002,0.730500,0.742111,0.555605,0.471393,0.812464,0.705968,0.534551,0.668582,0.665548,0.787389,0.638601,0.666877,0.889597,0.657936,0.928161,0.813724,0.847140,0.855379,0.766327,0.547815,0.721973,0.686387,0.835663,0.797606,0.967612,0.763775,0.668174,0.835917,0.834945,0.762931,0.795750,0.882770,0.407820,0.442240,1.022066,0.862610,0.964926,0.711502,0.751493,0.602776,0.707860,0.896914,1.024926,1.002786,0.612617,0.682096,0.765031,0.824731,0.713408,0.529955,0.975484,0.941309
0.818200,0.719798,0.633111,0.649968,0.706356,0.649544,0.776349,0.803416,0.802686,0.584503,1.170622,0.898835,0.972724,0.654647,1.064772,1.189107,1.210695,1.027556,0.742869,0.739456,0.650534,0.908036,0.483858,0.554310,0.278190,0.332514,0.697658,0.835463,0.000000,1.319704,0.721073,1.021715,0.754364,0.733451,0.612896,0.710245,0.265356,0.456020,0.680792,0.733520,0.817576,0.713437,0.738308,0.702387,0.627932,0.812345,0.523418,0.716144,0.762488,0.760648,0.814743,0.784622,0.757688,0.835929,0.825480,0.847167,0.826986,0.602957,0.729543,0.643364,0.857761,0.858181,1.141689,0.874156,0.670003,0.775507,0.763255,0.743193,0.737239,0.718757,0.600579,0.565368,1.123915,1.092763,0.825432,0.785297,0.768526,0.705644,0.880759,0.729312,1.298328,1.153068,0.907561,0.838855,0.776691,1.003767,0.836146,0.760833,0.953668,0.981177
0.967545,0.901984,0.713645,0.734637,0.622587,0.634720,0.869090,0.944286,0.816219,0.532696,1.018082,1.127981,0.928497,0.615948,0.836547,1.191793,1.020785,1.255837,0.906381,0.862109,0.716742,0.897330,0.601345,0.631353,0.240082,0.281875,0.769436,0.721178,1.319704,0.000000,0.894308,1.086403,1.042575,1.012315,0.518724,0.622336,0.014984,0.305255,0.509478,0.724623,0.764600,0.768388,0.651102,0.637735,0.622211,0.871334,0.460849,0.676592,0.733992,0.863489,0.736293,0.731820,0.702884,0.793378,0.635493,0.720287,0.963055,0.880538,0.920443,0.901328,1.062374,1.070773,1.027934,1.108884,0.675683,0.804378,0.939580,0.935450,0.912064,0.857442,0.747675,0.840179,0.911444,1.205600,0.701026,0.858630,0.770564,0.767586,0.894095,0.717484,1.068211,1.220886,1.074199,1.195533,0.543770,0.955820,0.835237,1.006574,0.872832,0.821983
0.697842,0.656685,0.687406,0.603710,0.477953,0.587830,0.850581,0.663430,0.760540,0.485884,0.855351,0.757640,0.849436,0.535069,0.724269,0.798354,0.425973,0.679720,0.552105,0.488874,0.769903,0.988254,0.632116,0.668736,0.347697,0.358208,0.690966,0.498062,0.721073,0.894308,0.000000,1.457169,0.790445,0.841894,0.261694,0.275081,-0.189753,0.057935,0.211250,0.500791,0.722580,0.626663,0.295662,0.333247,0.313842,0.508449,0.088084,0.360959,0.450225,0.574634,0.475313,0.538730,0.357603,0.515769,0.349804,0.346548,0.591119,0.697546,0.727948,0.686104,0.717696,0.781341,0.562868,0.721372,0.406398,0.561628,0.632736,0.572981,0.554341,0.466345,1.181904,1.226819,0.687251,0.724517,0.528937,0.741307,0.787784,0.832716,0.602827,0.316898,0.499395,0.588164,0.779626,0.742272,0.271417,0.672707,0.701125,0.832241,0.625117,0.527388
0.838842,0.740996,0.805582,0.742728,0.583369,0.695318,0.962896,0.848612,0.768928,0.565890,1.126448,0.949445,0.944934,0.719611,0.978104,1.115533,0.722641,0.864345,0.706614,0.655932,0.678579,0.982443,0.659886,0.727064,0.336104,0.392194,0.778425,0.731455,1.021715,1.086403,1.457169,0.000000,0.931079,0.941283,0.396141,0.410496,-0.041407,0.172801,0.386176,0.598271,0.727746,0.620403,0.443068,0.418954,0.397630,0.591916,0.242924,0.466296,0.521388,0.613696,0.567656,0.570896,0.480911,0.618255,0.502122,0.534718,0.709815,0.699344,0.735981,0.672990,0.824313,0.890521,0.850719,0.853237,0.532680,0.627179,0.670966,0.601250,0.689435,0.608608,0.873358,0.942242,0.916271,0.949459,0.720534,0.844581,0.785309,0.757943,0.783450,0.602600,0.786189,0.775285,0.806613,0.768304,0.433285,0.765218,0.755092,0.819574,0.770204,0.720567
1.404453,1.468060,0.965197,1.133026,0.696203,0.745128,1.041848,1.314045,0.812066,0.712516,0.967080,1.392535,0.854043,0.737019,0.755339,0.962248,0.807759,1.089730,1.282142,1.267115,0.357168,0.759690,0.789664,0.924427,0.295121,0.357460,0.622310,0.685041,0.754364,1.042575,0.790445,0.931079,0.000000,2.237697,0.520595,0.633402,-0.032605,0.319685,0.471077,0.640933,0.589166,0.622438,0.616757,0.572181,0.581985,0.845246,0.446686,0.636198,0.698343,0.784507,0.728763,0.662097,0.725085,0.663581,0.572510,0.654898,1.269974,1.352201,0.989943,1.027117,1.297083,1.360874,1.044394,1.339929,0.598511,0.784993,1.031416,0.961386,1.305114,1.153843,0.802441,0.874462,0.834412,1.122423,0.762596,0.906933,0.846168,0.887269,0.780913,0.750019,0.840430,0.983711,0.793820,0.947970,0.476994,0.738725,0.728938,0.833655,0.820128,0.771157
1.447059,1.599940,1.015081,1.200754,0.703277,0.768021,1.131717,1.374229,0.905291,0.739631,0.925050,1.432591,0.862381,0.735309,0.743371,0.949829,0.750459,1.085580,1.307448,1.244354,0.344811,0.815932,0.853862,0.992775,0.328889,0.388254,0.570321,0.659405,0.733451,1.012315,0.841894,0.941283,2.237697,0.000000,0.498509,0.632955,-0.081925,0.284031,0.448719,0.694702,0.682330,0.662306,0.631448,0.586729,0.607404,0.878213,0.439035,0.669344,0.752052,0.846797,0.752994,0.709532,0.730945,0.700397,0.594630,0.650600,1.287959,1.452491,1.118772,1.088961,1.355803,1.410717,0.991106,1.354763,0.579434,0.798204,1.098316,1.032415,1.346617,1.162047,0.913975,0.987268,0.864753,1.151441,0.765929,0.985392,0.937170,1.002677,0.763365,0.650387,0.788874,0.929600,0.814887,0.953373,0.458465,0.778521,0.809115,0.890367,0.832699,0.767553
0.631884,0.580763,0.601301,0.584409,0.631656,0.399460,0.581153,0.670395,0.507375,0.611407,0.647160,0.780728,0.638954,0.606371,0.747659,0.704064,0.701447,0.700683,0.706601,0.735547,0.135468,0.436653,0.614346,0.575453,0.244519,0.385380,0.310810,0.695298,0.612896,0.518724,0.261694,0.396141,0.520595,0.498509,0.000000,1.252355,0.202722,0.397612,0.763344,0.581606,0.377225,0.285206,0.811331,0.694146,0.555194,0.588386,0.821543,0.790325,0.621363,0.606715,0.753585,0.526422,0.844332,0.630365,0.801643,0.715201,0.721504,0.517250,0.689365,0.751825,0.747807,0.653940,0.721110,0.609955,0.718555,0.678635,0.900659,0.839846,0.696272,0.731816,0.293070,0.282692,0.715122,0.665423,0.682666,0.564844,0.556815,0.484369,0.466008,0.598839,0.663424,0.637184,0.428414,0.461001,0.764005,0.524619,0.568329,0.401226,0.839365,0.731968
0.730247,0.710691,0.511984,0.577826,0.672554,0.402302,0.560891,0.672670,0.558810,0.625472,0.634801,0.860301,0.614465,0.640419,0.683904,0.749982,0.712619,0.876294,0.751643,0.774104,0.139613,0.505800,0.516021,0.517750,0.226579,0.319106,0.349138,0.678995,0.710245,0.622336,0.275081,0.410496,0.633402,0.632955,1.252355,0.000000,0.170562,0.506183,0.685032,0.651640,0.464745,0.428123,0.778574,0.715746,0.645005,0.739356,0.736668,0.793797,0.766532,0.751589,0.780669,0.610542,0.840832,0.637422,0.831535,0.791248,0.826929,0.622241,0.816083,0.847303,0.859546,0.744623,0.906070,0.822234,0.660666,0.774774,0.954487,0.947455,0.749854,0.781418,0.367760,0.370690,0.811597,0.849353,0.798214,0.634634,0.599531,0.580919,0.619874,0.573721,0.671330,0.748871,0.437407,0.514473,0.698379,0.564217,0.574305,0.433131,0.777541,0.768669
0.006923,0.023221,0.004586,0.066197,0.116725,0.101731,-0.079856,0.024408,-0.014597,0.078956,0.033715,-0.036873,-0.062935,0.146206,0.214528,0.155261,0.386115,0.009608,0.020009,0.114707,0.107093,-0.014376,-0.141987,-0.039036,0.162487,0.183113,-0.019211,0.272311,0.265356,0.014984,-0.189753,-0.041407,-0.032605,-0.081925,0.202722,0.170562,0.000000,0.858777,0.688302,0.299380,0.036027,-0.032505,0.307537,0.213655,0.149868,0.060279,0.314887,0.117892,0.097535,-0.027932,0.236886,0.065434,0.240598,0.068917,0.500622,0.315285,0.043227,-0.109693,-0.215111,-0.182228,-0.082033,-0.020309,0.232939,0.002680,0.027997,0.131417,-0.034362,-0.041022,0.053964,0.069409,-0.142395,-0.260669,0.149946,0.107310,0.179545,0.006257,0.185308,-0.004428,-0.030578,0.354665,0.355391,0.186650,-0.057140,-0.128062,0.595653,0.103897,0.006996,-0.204360,0.265670,0.257666
0.341447,0.422929,0.204366,0.295106,0.345243,0.259747,0.177112,0.276047,0.238862,0.321422,0.206674,0.267602,0.123364,0.401949,0.387946,0.437706,0.493886,0.400690,0.301627,0.353357,0.188853,0.362888,0.031628,0.126756,0.090950,0.198020,0.104573,0.468002,0.456020,0.305255,0.057935,0.172801,0.319685,0.284031,0.397612,0.506183,0.858777,0.000000,0.946254,0.760185,0.267906,0.334564,0.535376,0.584573,0.452259,0.454724,0.533018,0.429398,0.392784,0.354874,0.461567,0.375103,0.473872,0.302244,0.843791,0.788484,0.419964,0.302111,0.189585,0.206894,0.257352,0.274611,0.467866,0.379533,0.183416,0.416170,0.309104,0.350201,0.357088,0.323418,0.219481,0.137555,0.413613,0.455147,0.436432,0.293817,0.476267,0.382185,0.193199,0.505855,0.470796,0.482025,0.173096,0.212643,0.579169,0.350864,0.383783,0.175499,0.562903,0.671054
0.584109,0.624540,0.529992,0.596265,0.487949,0.409637,0.456205,0.580616,0.421612,0.478087,0.457524,0.540646,0.399738,0.538406,0.693596,0.717030,0.823973,0.666465,0.603495,0.656022,0.349814,0.514111,0.377185,0.439012,0.228099,0.312008,0.285240,0.730500,0.680792,0.509478,0.211250,0.386176,0.471077,0.448719,0.763344,0.685032,0.688302,0.946254,0.000000,1.055882,0.535503,0.444115,0.889975,0.749341,0.576437,0.599379,0.838108,0.721707,0.593192,0.575016,0.812911,0.573597,0.870810,0.657149,1.444491,1.089309,0.711057,0.510914,0.464844,0.466957,0.553897,0.509155,0.695199,0.571713,0.447958,0.600926,0.607283,0.595688,0.674429,0.616706,0.248749,0.217873,0.651426,0.669669,0.728950,0.525081,0.641080,0.479054,0.332196,0.681187,0.776631,0.703703,0.526738,0.446799,0.964117,0.601445,0.720929,0.415565,1.049439,0.949244
0.784339,0.877387,0.623473,0.669930,0.543187,0.547357,0.645198,0.692008,0.697659,0.558631,0.547264,0.669761,0.538608,0.549692,0.694585,0.865347,0.793460,0.899196,0.691074,0.653013,0.542216,0.995175,0.494419,0.550417,0.249954,0.331595,0.449557,0.742111,0.733520,0.724623,0.500791,0.598271,0.640933,0.694702,0.581606,0.651640,0.299380,0.760185,1.055882,0.000000,0.934717,0.897354,0.917464,0.973821,0.794948,0.911905,0.793542,0.905493,0.884142,0.902678,0.967665,0.929743,0.856107,0.934329,1.361450,1.243720,0.945392,0.803912,0.791724,0.646990,0.773021,0.677154,0.736178,0.793986,0.465261,0.725152,0.787494,0.854209,0.878975,0.755296,0.602153,0.608867,0.766554,0.902550,0.847541,0.792721,0.945647,0.821468,0.465667,0.477161,0.815027,0.850616,0.810268,0.738266,0.741416,0.989843,1.159328,0.862598,1.176050,1.083018
0.705554,0.675825,0.664076,0.618651,0.636569,0.741175,0.821650,0.697140,1.046047,0.642549,0.756224,0.676063,0.804988,0.436888,0.781010,0.861371,0.721242,0.775902,0.617010,0.532627,0.573104,1.064041,0.632872,0.677224,0.493546,0.530764,0.484248,0.555605,0.817576,0.764600,0.722580,0.727746,0.589166,0.682330,0.377225,0.464745,0.036027,0.267906,0.535503,0.934717,0.000000,1.011768,0.727431,0.684772,0.566000,0.775234,0.467342,0.747316,0.755509,0.798170,0.735615,0.869440,0.747724,0.988605,0.829577,0.705333,0.724563,0.625999,0.808369,0.578403,0.824272,0.819578,0.727687,0.768406,0.512889,0.707043,0.628167,0.686128,0.750949,0.646741,0.764983,0.787812,0.889512,0.919354,0.789097,1.030084,1.019147,0.985897,0.535191,0.248924,0.807820,0.844322,0.922372,0.736892,0.653602,1.141807,1.071089,0.955285,0.881110,0.794133
0.636032,0.665477,0.444552,0.458826,0.519100,0.447072,0.590498,0.577493,0.721000,0.455866,0.659714,0.582551,0.737735,0.318275,0.609295,0.745907,0.626274,0.818122,0.563435,0.496239,0.588812,1.023397,0.427238,0.461216,0.265850,0.257096,0.561523,0.471393,0.713437,0.768388,0.626663,0.620403,0.622438,0.662306,0.285206,0.428123,-0.032505,0.334564,0.444115,0.897354,1.011768,0.000000,0.563678,0.681449,0.596796,0.817439,0.386511,0.582924,0.747503,0.788706,0.724173,0.845111,0.555017,0.804815,0.700815,0.762347,0.680012,0.688313,0.691413,0.557752,0.701337,0.662500,0.616481,0.724948,0.524795,0.657846,0.569636,0.651050,0.682376,0.526229,0.610968,0.676123,0.683280,0.874666,0.618462,0.743261,0.667166,0.684810,0.453610,0.197758,0.707367,0.831176,0.988892,0.781955,0.533331,0.992123,0.950103,0.974264,0.756629,0.691116
0.805659,0.721889,0.777361,0.778371,0.886227,0.825663,0.804315,0.828312,0.864820,0.889664,0.670069,0.717565,0.657483,0.417453,0.859629,0.830677,1.024034,0.900613,0.773638,0.748442,0.270121,0.640178,0.638577,0.714293,0.477549,0.588847,0.465055,0.812464,0.738308,0.651102,0.295662,0.443068,0.616757,0.631448,0.811331,0.778574,0.307537,0.535376,0.889975,0.917464,0.727431,0.563678,0.000000,1.501515,1.004352,1.054391,1.540288,1.512361,0.995847,0.936959,1.281217,0.936326,1.558645,1.167999,1.279260,1.157080,0.865639,0.607161,0.807423,0.662311,0.942902,0.831328,0.910952,0.804160,0.761118,0.822703,0.915162,0.922641,0.916773,0.903714,0.358944,0.395687,0.873355,0.923389,0.811159,0.835257,0.860075,0.760523,0.638455,0.664439,1.035138,0.980575,0.636624,0.677430,1.002752,0.909347,0.783955,0.643370,1.208297,1.081589
0.724111,0.711970,0.560717,0.568256,0.706254,0.599709,0.634974,0.629673,0.739971,0.643294,0.621830,0.590743,0.600630,0.323332,0.691856,0.694303,0.900159,0.926903,0.659434,0.611163,0.277912,0.707586,0.488067,0.494032,0.275290,0.356898,0.447205,0.705968,0.702387,0.637735,0.333247,0.418954,0.572181,0.586729,0.694146,0.715746,0.213655,0.584573,0.749341,0.973821,0.684772,0.681449,1.501515,0.000000,1.295607,1.349225,1.401213,1.538863,1.108991,1.119622,1.226517,1.112448,1.142406,1.075593,1.069128,1.255328,0.852515,0.644022,0.798805,0.684387,0.860283,0.652699,0.744846,0.685314,0.673507,0.720190,0.923722,0.978909,0.793681,0.759979,0.415760,0.445121,0.723603,0.829631,0.657881,0.678521,0.733877,0.662474,0.633785,0.560339,0.892348,0.850722,0.660996,0.724133,0.730196,0.928551,0.844014,0.789919,1.072535,1.012160
0.729732,0.732514,0.460310,0.481019,0.525065,0.404545,0.546556,0.540489,0.574287,0.458885,0.519653,0.572591,0.550759,0.306803,0.535206,0.576381,0.736852,0.867203,0.621158,0.569142,0.243721,0.658261,0.409872,0.396104,0.092344,0.123963,0.416442,0.534551,0.627932,0.622211,0.313842,0.397630,0.581985,0.607404,0.555194,0.645005,0.149868,0.452259,0.576437,0.794948,0.566000,0.596796,1.004352,1.295607,0.000000,1.702229,1.045614,1.084573,1.566999,1.383466,1.165343,1.252034,0.814488,0.870530,0.781273,0.964886,0.841212,0.720892,0.871501,0.765031,0.838296,0.599845,0.687815,0.699662,0.582996,0.620246,0.976240,0.991434,0.746316,0.734953,0.436829,0.444370,0.553044,0.714269,0.488014,0.521876,0.651817,0.632343,0.614941,0.462379,0.723916,0.734013,0.649501,0.659352,0.542725,0.771891,0.758982,0.751842,0.838666,0.780209
0.960293,0.961660,0.612421,0.652162,0.711789,0.584888,0.764737,0.757362,0.798384,0.609728,0.764183,0.834707,0.770178,0.428112,0.703697,0.805033,0.897653,1.216351,0.820615,0.754878,0.342346,0.863351,0.565907,0.566194,0.211937,0.244271,0.583256,0.668582,0.812345,0.871334,0.508449,0.591916,0.845246,0.878213,0.588386,0.739356,0.060279,0.454724,0.599379,0.911905,0.775234,0.817439,1.054391,1.349225,1.702229,0.000000,0.943572,1.186216,1.564734,1.791666,1.234868,1.389044,0.953835,1.058875,0.867606,1.102789,1.081041,0.947690,1.118547,1.013151,1.139978,0.880830,0.907940,0.981012,0.667703,0.840909,1.173732,1.235078,0.984116,0.928530,0.626165,0.670256,0.769262,0.984031,0.651040,0.720219,0.814425,0.837420,0.809889,0.546236,0.936626,1.003138,0.891994,0.944354,0.598512,1.014005,0.951634,1.009345,1.013346,0.971173
0.646538,0.591678,0.573737,0.567442,0.635325,0.556737,0.543676,0.590655,0.587371,0.638908,0.456581,0.539012,0.455281,0.321457,0.586515,0.578506,0.822134,0.757586,0.649972,0.624718,0.111555,0.406478,0.523314,0.497637,0.333358,0.404938,0.361874,0.665548,0.523418,0.460849,0.088084,0.242924,0.446686,0.439035,0.821543,0.736668,0.314887,0.533018,0.838108,0.793542,0.467342,0.386511,1.540288,1.401213,1.045614,0.943572,0.000000,1.496585,0.930079,0.889308,1.097582,0.845872,1.234146,0.914305,1.028694,1.096958,0.747982,0.507514,0.659928,0.604148,0.733744,0.559228,0.671059,0.583193,0.648164,0.592659,0.801519,0.801438,0.764006,0.799825,0.166342,0.203071,0.575131,0.660707,0.579689,0.548472,0.562942,0.485587,0.489703,0.537345,0.757571,0.672404,0.456962,0.497832,0.797566,0.622704,0.544552,0.465656,0.896556,0.820920
0.926721,0.842419,0.825998,0.801335,0.822054,0.735558,0.875331,0.815505,0.921407,0.796439,0.717514,0.734923,0.712947,0.391579,0.794124,0.766201,0.877045,1.000323,0.856906,0.786957,0.243037,0.661002,0.797679,0.756168,0.398968,0.494971,0.514216,0.787389,0.716144,0.676592,0.360959,0.466296,0.636198,0.669344,0.790325,0.793797,0.117892,0.429398,0.721707,0.905493,0.747316,0.582924,1.512361,1.538863,1.084573,1.186216,1.496585,0.000000,1.168634,1.230971,1.349352,1.147050,1.514393,1.355321,1.038724,1.263370,0.999103,0.737521,0.984317,0.820592,1.031464,0.775398,0.775152,0.747121,0.692374,0.737371,1.024242,1.031125,1.006364,1.050686,0.419747,0.479491,0.778619,0.857612,0.734164,0.803251,0.812235,0.763054,0.727810,0.591785,0.881915,0.863990,0.701328,0.815563,0.717816,0.931107,0.809868,0.791692,1.118333,1.080592
0.964886,0.922245,0.654527,0.673486,0.672188,0.514873,0.746299,0.733731,0.776442,0.597965,0.698598,0.754664,0.789000,0.402666,0.715056,0.718344,0.809950,1.068465,0.817700,0.746388,0.312714,0.786470,0.608715,0.591331,0.202427,0.216362,0.518342,0.638601,0.762488,0.733992,0.450225,0.521388,0.698343,0.752052,0.621363,0.766532,0.097535,0.392784,0.593192,0.884142,0.755509,0.747503,0.995847,1.108991,1.566999,1.564734,0.930079,1.168634,0.000000,1.674761,1.516445,1.546451,0.960517,1.103671,0.888132,1.030214,1.011112,0.869479,1.079232,0.894522,1.014728,0.752696,0.812031,0.859881,0.622287,0.689366,1.054310,1.023755,0.984082,0.925213,0.530032,0.543495,0.719216,0.896600,0.660828,0.702179,0.803047,0.770423,0.670816,0.439321,0.819951,0.839628,0.827481,0.784825,0.638255,0.908263,0.892006,0.858332,0.978529,0.886307
