0.000000,1.111353,0.658619,0.502253,0.169285,0.021124,0.884328,0.695668,0.416064,0.270288,0.672246,0.831268,0.805212,0.707676,0.375734,0.483899,0.551290,0.491757,0.755361,0.726028,0.204094,0.106080,0.413372,0.388048,0.251396,0.226580,0.178628,0.061635,0.272748,0.316614,0.385074,0.352499,0.782934,0.743367,0.317026,0.296042,0.389088,0.100045,0.321796,0.067183,0.355408,0.521422,0.605066,0.592806,0.475673,0.529660,0.614488,0.713838,0.544067,0.615968,0.591489,0.595599,0.492255,0.659790,0.558432,0.488768,0.925960,0.714107,0.563850,0.540343,0.765615,0.537797,0.532387,0.540637,0.458527,0.463911,0.532522,0.564564,0.571876,0.615614,0.340711,0.309908,0.674134,0.488911,0.557273,0.500875,0.753448,0.760211,0.283509,0.330112,0.319352,0.548754,0.130613,0.250983,0.506603,0.463202,0.512438,0.368180,0.440684,0.344540
1.111353,0.000000,0.559008,0.572882,0.280880,0.091371,0.605803,0.618319,0.437879,0.332006,0.483495,0.751612,0.534557,0.632116,0.336316,0.449032,0.743065,0.719972,0.913754,1.041510,0.236251,0.119918,0.506661,0.359674,0.218220,0.211902,0.219950,0.136605,0.331363,0.430499,0.414956,0.390517,1.006698,0.905780,0.328430,0.262073,0.346419,0.246532,0.212756,0.115241,0.385367,0.463564,0.682263,0.609408,0.602636,0.673126,0.682713,0.806544,0.606674,0.660215,0.554765,0.548899,0.454647,0.719856,0.508420,0.570486,1.486591,1.198153,0.745489,0.838488,0.809551,0.529020,0.665586,0.677304,0.363080,0.399886,0.640336,0.636470,1.064816,0.978095,0.474492,0.382510,0.581476,0.522751,0.515511,0.490340,0.763632,0.750728,0.457605,0.484475,0.639347,0.735363,0.267833,0.333844,0.467822,0.455116,0.463854,0.289166,0.385885,0.410464
0.658619,0.559008,0.000000,0.930427,0.602431,0.204685,1.060148,0.678645,0.710332,0.411197,0.382537,0.385385,0.519683,0.318419,0.585467,0.495816,0.316104,0.203194,0.847496,0.639923,0.281142,0.238341,1.068216,0.760515,0.574023,0.785010,0.556272,0.435165,0.133744,0.069459,0.712420,0.607505,0.763925,0.697236,0.407673,0.370810,0.321401,0.226813,0.416509,0.245714,0.211193,0.341083,0.551312,0.513675,0.329937,0.439154,0.680942,0.656716,0.249905,0.394718,0.466270,0.436211,0.539173,0.471841,0.504868,0.415907,0.503232,0.483650,0.607065,0.422192,0.535179,0.274008,0.452846,0.263700,0.889053,0.601804,0.807790,0.638333,0.506256,0.529033,0.686966,0.713027,0.719452,0.435232,0.534979,0.327178,0.837879,0.824562,0.205156,0.359108,0.286582,0.503410,0.185300,0.358109,0.728520,0.761851,0.724447,0.571950,0.894716,0.658046
0.502253,0.572882,0.930427,0.000000,0.479319,0.432226,0.924650,1.199423,0.658790,0.743411,0.347609,0.587238,0.451179,0.567233,0.440275,0.698016,0.362804,0.185384,0.777125,0.799131,0.177210,0.173678,0.798945,1.235543,0.442304,0.716557,0.442239,0.334697,0.241344,0.229815,0.715563,0.790223,0.677948,0.709973,0.321755,0.321849,0.296848,0.267579,0.258204,0.278008,0.231327,0.293003,0.590692,0.506376,0.392662,0.582237,0.702208,0.679403,0.353322,0.475809,0.488681,0.559945,0.414298,0.570309,0.422225,0.473410,0.408482,0.371271,0.548494,0.557627,0.532078,0.614471,0.364214,0.380742,0.702455,0.986470,0.691307,0.772817,0.428964,0.607834,0.606857,0.485758,0.522099,0.405284,0.433952,0.372282,0.569571,0.514894,0.213718,0.251086,0.370817,0.408886,0.378614,0.487882,0.540888,0.787700,0.567435,0.414270,0.674324,0.723751
0.169285,0.280880,0.602431,0.479319,0.000000,0.461770,0.394196,0.301165,0.803746,0.450691,0.091990,0.194386,0.183808,0.194676,0.643824,0.499077,0.279623,0.251020,0.427387,0.378357,0.466853,0.499915,0.588986,0.360185,0.508160,0.532354,0.874517,0.724803,0.175586,0.168898,0.332707,0.310816,0.400271,0.298102,0.257924,0.217201,0.345614,0.366785,0.175172,0.025851,0.261705,0.136529,0.351611,0.217413,0.255829,0.246469,0.432909,0.339781,0.191061,0.189512,0.251487,0.142108,0.460982,0.210736,0.350301,0.263351,0.459608,0.433233,0.647703,0.338786,0.417326,0.134103,0.524339,0.219905,0.542495,0.270104,0.537108,0.360773,0.430520,0.340003,0.417704,0.485591,0.551746,0.515438,0.412571,0.408484,0.562481,0.631586,0.315496,0.340882,0.409113,0.285674,0.133583,0.164226,0.414802,0.315906,0.362942,0.279227,0.629086,0.554452
0.021124,0.091371,0.204685,0.432226,0.461770,0.000000,0.195472,0.362553,0.372981,0.743799,0.054350,0.267695,0.089276,0.232075,0.318249,0.443170,0.133692,0.013310,0.164651,0.300272,0.084767,0.083814,0.280008,0.389360,0.274670,0.528087,0.217074,0.356704,0.207733,0.142069,0.240721,0.278903,0.088450,0.090563,0.019302,0.119325,0.047610,0.389498,0.127204,0.140697,-0.071835,0.110567,0.164834,0.128918,0.175857,0.202969,0.250944,0.193118,0.161018,0.116053,0.117693,0.177001,0.081603,0.090248,0.180969,0.193594,0.134182,0.101839,0.140778,0.173379,0.167059,0.303177,0.100122,0.158795,0.192014,0.372030,0.212761,0.222365,0.098558,0.302728,0.204436,0.284541,0.202123,0.255744,0.089453,0.206584,0.147858,0.159424,0.143878,0.052541,0.262228,0.133907,0.190677,0.214739,0.146792,0.273327,0.303417,0.159005,0.348394,0.444558
0.884328,0.605803,1.060148,0.924650,0.394196,0.195472,0.000000,1.087012,0.795947,0.578718,0.508483,0.729565,0.724966,0.641359,0.497901,0.668836,0.431065,0.271197,0.684268,0.582534,0.276694,0.161508,0.598253,0.743783,0.429421,0.540853,0.280712,0.175096,0.269989,0.260033,0.596281,0.536982,0.777924,0.728515,0.350322,0.387091,0.364773,0.077915,0.283811,0.105282,0.414544,0.314760,0.558266,0.479402,0.453886,0.523126,0.581359,0.633496,0.435727,0.515010,0.576817,0.537390,0.517572,0.570060,0.478354,0.463000,0.491363,0.427660,0.617072,0.516539,0.813091,0.715377,0.580386,0.526979,0.834149,0.836360,0.696774,0.735738,0.319392,0.491772,0.511734,0.488701,0.722785,0.511356,0.563723,0.488171,0.679574,0.731949,0.171727,0.197111,0.256437,0.443422,0.195928,0.268013,0.584970,0.609678,0.516010,0.359618,0.602338,0.575010
0.695668,0.618319,0.678645,1.199423,0.301165,0.362553,1.087012,0.000000,0.669250,0.896723,0.395465,0.790850,0.542829,0.722367,0.342245,0.751560,0.382066,0.221389,0.687665,0.837079,0.084218,0.071465,0.495969,0.989258,0.189211,0.424948,0.136914,0.103060,0.241792,0.286140,0.488072,0.615977,0.670459,0.732736,0.251402,0.326701,0.302935,0.136666,0.200643,0.170585,0.288520,0.289335,0.652049,0.520495,0.500943,0.586785,0.651253,0.676878,0.498439,0.500939,0.505118,0.545577,0.422970,0.604502,0.415642,0.436542,0.481789,0.339393,0.435967,0.467978,0.604237,1.019911,0.390844,0.496055,0.581138,1.125186,0.494107,0.633629,0.357288,0.548081,0.515536,0.398434,0.517311,0.399708,0.431833,0.480228,0.583514,0.532458,0.177909,0.184524,0.317164,0.425639,0.289431,0.412759,0.431983,0.636917,0.560203,0.385935,0.486219,0.534688
0.416064,0.437879,0.710332,0.658790,0.803746,0.372981,0.795947,0.669250,0.000000,0.789336,0.306992,0.512079,0.489613,0.430972,0.737192,0.785262,0.452579,0.262622,0.514143,0.480201,0.506686,0.268888,0.588603,0.530113,0.634798,0.566629,0.483707,0.441992,0.322762,0.374590,0.461570,0.465336,0.490308,0.393162,0.287867,0.391091,0.398236,0.210759,0.057300,0.012905,0.416295,0.290813,0.485537,0.272648,0.349594,0.296378,0.566279,0.522770,0.260136,0.300068,0.342787,0.318285,0.472774,0.305373,0.438759,0.400002,0.466318,0.354555,0.643020,0.474144,0.674067,0.559492,0.732872,0.494066,0.718815,0.634763,0.565270,0.537442,0.408336,0.466550,0.480088,0.557306,0.730366,0.546130,0.575129,0.583918,0.602554,0.688174,0.146368,0.200408,0.347522,0.350653,0.261782,0.213134,0.419529,0.435090,0.427890,0.251869,0.726116,0.773859
0.270288,0.332006,0.411197,0.743411,0.450691,0.743799,0.578718,0.896723,0.789336,0.000000,0.269018,0.538901,0.368705,0.501111,0.551293,0.825203,0.387490,0.204572,0.393671,0.529860,0.277812,0.198802,0.448796,0.684258,0.294974,0.510863,0.241773,0.325380,0.398504,0.399929,0.400386,0.536021,0.322738,0.275815,0.249129,0.368695,0.220178,0.241821,-0.000389,0.008815,0.202586,0.260119,0.413506,0.219180,0.408904,0.386354,0.435350,0.444924,0.298992,0.287348,0.249248,0.286704,0.158197,0.287153,0.204057,0.312892,0.356901,0.275744,0.397134,0.401293,0.440936,0.854140,0.399518,0.460887,0.504561,0.863536,0.422234,0.492927,0.276054,0.479797,0.379473,0.395655,0.469682,0.513762,0.298378,0.555674,0.333152,0.397592,0.140299,0.072277,0.400233,0.231845,0.353355,0.264366,0.309823,0.403136,0.401858,0.127732,0.446295,0.610595
0.672246,0.483495,0.382537,0.347609,0.091990,0.054350,0.508483,0.395465,0.306992,0.269018,0.000000,0.797770,1.174572,0.930724,0.611771,0.669475,0.589458,0.331573,0.381187,0.385970,0.173141,-0.026290,0.543152,0.458397,0.291538,0.243843,0.167498,0.069399,0.575616,0.435200,0.550757,0.531138,0.518083,0.414769,0.691148,0.596884,0.315541,0.142569,0.208923,0.035648,0.267112,0.320733,0.369389,0.429158,0.346157,0.425913,0.468439,0.497907,0.289706,0.538592,0.293080,0.465828,0.169473,0.352316,0.289549,0.439453,0.418880,0.398818,0.308963,0.405575,0.359216,0.348539,0.333996,0.438727,0.355285,0.381188,0.541914,0.589256,0.332891,0.416902,0.146583,0.212227,0.561705,0.504733,0.557993,0.427880,0.422975,0.425366,0.149930,0.072770,0.324080,0.289856,0.275170,0.192437,0.470576,0.458577,0.468821,0.113646,0.330035,0.388738
0.831268,0.751612,0.385385,0.587238,0.194386,0.267695,0.729565,0.790850,0.512079,0.538901,0.797770,0.000000,0.826202,1.251994,0.493475,0.840717,0.664409,0.493747,0.490557,0.640336,0.199545,0.096156,0.331376,0.488630,0.303626,0.260915,0.088214,0.033643,0.535618,0.581960,0.395298,0.432966,0.636994,0.550038,0.316553,0.377600,0.362093,0.228964,0.159611,0.016635,0.428239,0.438990,0.514994,0.526145,0.550694,0.614206,0.576812,0.667768,0.583080,0.757548,0.560630,0.669363,0.358578,0.507741,0.482510,0.592432,0.668709,0.565903,0.537766,0.708825,0.752135,0.807877,0.530801,0.842809,0.417421,0.668128,0.544252,0.717788,0.381865,0.695476,0.329350,0.333241,0.685872,0.607045,0.572554,0.616496,0.559283,0.648151,0.201357,0.137116,0.404023,0.452828,0.225151,0.241549,0.392116,0.461311,0.368271,0.189360,0.285910,0.449614
0.805212,0.534557,0.519683,0.451179,0.183808,0.089276,0.724966,0.542829,0.489613,0.368705,1.174572,0.826202,0.000000,1.035268,0.628975,0.757340,0.487264,0.305086,0.358621,0.347768,0.228125,0.029518,0.434032,0.429828,0.332103,0.268616,0.193696,0.084711,0.484620,0.415528,0.442059,0.419206,0.477625,0.411456,0.528727,0.600231,0.301260,0.180372,0.244255,0.009323,0.295657,0.401590,0.400019,0.419311,0.341026,0.421379,0.477233,0.485500,0.352925,0.514714,0.463555,0.571218,0.303117,0.356112,0.405958,0.421210,0.452399,0.404196,0.404100,0.453145,0.623939,0.558353,0.518909,0.637988,0.454697,0.525184,0.524500,0.635195,0.293742,0.432388,0.198436,0.263797,0.710480,0.502048,0.594575,0.519482,0.502166,0.590454,0.036832,0.040038,0.253245,0.305791,0.164547,0.177314,0.394199,0.450095,0.413938,0.157404,0.396276,0.439136
0.707676,0.632116,0.318419,0.567233,0.194676,0.232075,0.641359,0.722367,0.430972,0.501111,0.930724,1.251994,1.035268,0.000000,0.417539,0.903599,0.631799,0.456488,0.420269,0.505456,0.210078,0.072600,0.346346,0.532139,0.235388,0.184972,0.144788,0.024362,0.498073,0.559549,0.356214,0.395205,0.556186,0.467757,0.382296,0.425081,0.292900,0.176288,0.079615,-0.071557,0.402805,0.365455,0.502019,0.410615,0.485031,0.552387,0.480764,0.560701,0.511810,0.673966,0.518694,0.605372,0.318517,0.410010,0.372214,0.475294,0.592012,0.483359,0.475125,0.618204,0.698445,0.783289,0.522142,0.796939,0.361863,0.645295,0.529562,0.729256,0.370478,0.606797,0.138041,0.127321,0.637696,0.607514,0.663363,0.690022,0.482019,0.555275,0.161972,0.025537,0.373921,0.303106,0.179922,0.138729,0.310133,0.368874,0.298600,0.078769,0.229449,0.379456
0.375734,0.336316,0.585467,0.440275,0.643824,0.318249,0.497901,0.342245,0.737192,0.551293,0.611771,0.493475,0.628975,0.417539,0.000000,0.858003,0.514487,0.422027,0.562603,0.445088,0.523066,0.361386,0.740822,0.468731,0.823081,0.574228,0.675608,0.581580,0.694138,0.511175,0.751423,0.742198,0.473391,0.380307,0.407575,0.369137,0.326780,0.319466,0.298074,0.167853,0.301439,0.374162,0.398123,0.357108,0.356296,0.375630,0.536949,0.507045,0.271343,0.340059,0.351000,0.298696,0.348719,0.243572,0.443550,0.425630,0.401323,0.382108,0.465079,0.363511,0.382229,0.217536,0.485500,0.269635,0.661121,0.400020,0.588973,0.447046,0.417555,0.398324,0.323689,0.508723,0.701563,0.577955,0.445117,0.384518,0.350582,0.427491,0.297861,0.357730,0.527526,0.413856,0.554862,0.427814,0.770824,0.537202,0.482777,0.269590,0.742479,0.646239
0.483899,0.449032,0.495816,0.698016,0.499077,0.443170,0.668836,0.751560,0.785262,0.825203,0.669475,0.840717,0.757340,0.903599,0.858003,0.000000,0.562474,0.404551,0.466827,0.550339,0.390606,0.271349,0.522900,0.641782,0.505867,0.478639,0.425185,0.353866,0.631923,0.662957,0.566768,0.666102,0.484841,0.426074,0.397414,0.446719,0.397212,0.311994,0.166183,0.081806,0.369563,0.406193,0.500181,0.453089,0.478541,0.557985,0.616973,0.580613,0.446575,0.547164,0.539537,0.542585,0.349217,0.311000,0.478814,0.509352,0.442132,0.362609,0.515177,0.494506,0.574437,0.612145,0.485472,0.502706,0.620220,0.776170,0.610165,0.663295,0.319505,0.521949,0.281497,0.327492,0.782954,0.738659,0.635807,0.709982,0.496695,0.509518,0.201681,0.178093,0.477474,0.409455,0.423420,0.367685,0.565608,0.585361,0.470284,0.226501,0.613421,0.755434
0.551290,0.743065,0.316104,0.362804,0.279623,0.133692,0.431065,0.382066,0.452579,0.387490,0.589458,0.664409,0.487264,0.631799,0.514487,0.562474,0.000000,0.969053,0.560912,0.649155,0.330981,0.205982,0.352559,0.188626,0.294476,0.133825,0.202157,0.176022,0.881710,0.962776,0.547559,0.508376,0.723350,0.618909,0.345418,0.249496,0.319702,0.311562,0.055948,0.147023,0.402441,0.396812,0.634744,0.565513,0.881901,0.792902,0.660457,0.789316,0.772507,0.782678,0.547090,0.551625,0.333929,0.517697,0.435039,0.735765,0.821484,0.724804,0.675450,0.896542,0.582168,0.426001,0.766234,0.709854,0.235816,0.275875,0.686706,0.605471,0.758641,0.712437,0.198989,0.240126,0.579301,0.649307,0.431105,0.458756,0.379899,0.399175,0.569649,0.442126,1.054360,0.640791,0.625902,0.347585,0.319674,0.220172,0.296758,-0.002140,0.315272,0.462139
0.491757,0.719972,0.203194,0.185384,0.251020,0.013310,0.271197,0.221389,0.262622,0.204572,0.331573,0.493747,0.305086,0.456488,0.422027,0.404551,0.969053,0.000000,0.558463,0.615427,0.251584,0.260822,0.213310,-0.002503,0.201978,0.036237,0.145279,0.124091,0.772616,0.920562,0.318981,0.365428,0.699867,0.603253,0.214445,0.029756,0.270249,0.349749,0.153662,0.198457,0.268344,0.469205,0.551910,0.482861,0.783844,0.636621,0.516129,0.661470,0.653780,0.507045,0.455647,0.327869,0.380567,0.489997,0.433574,0.548171,0.844554,0.824011,0.567297,0.720786,0.494130,0.299378,0.667724,0.600520,0.179296,0.145263,0.511253,0.405516,0.724138,0.718675,0.074689,0.121484,0.547425,0.542261,0.250985,0.289268,0.293242,0.322904,0.671356,0.676723,1.011573,0.815038,0.476582,0.446513,0.395266,0.219364,0.164251,0.092871,0.205905,0.236540
0.755361,0.913754,0.847496,0.777125,0.427387,0.164651,0.684268,0.687665,0.514143,0.393671,0.381187,0.490557,0.358621,0.420269,0.562603,0.466827,0.560912,0.558463,0.000000,1.413659,0.205498,0.164187,0.799754,0.637308,0.383906,0.400116,0.362448,0.326390,0.301764,0.265420,0.636312,0.651790,1.108354,1.079498,0.258510,0.147295,0.239030,0.218749,0.339765,0.345148,0.231067,0.403027,0.814110,0.696846,0.595972,0.651449,0.792660,0.915424,0.524780,0.550101,0.524094,0.433877,0.512340,0.648249,0.518026,0.570723,0.834276,0.662649,0.577441,0.576162,0.512889,0.333419,0.541853,0.351688,0.631312,0.519000,0.688744,0.550050,1.055954,0.810174,0.463053,0.379175,0.501614,0.345207,0.396594,0.306513,0.630502,0.535325,0.397827,0.657276,0.589295,0.805292,0.489075,0.609471,0.766895,0.713280,0.634274,0.563766,0.682311,0.527375
0.726028,1.041510,0.639923,0.799131,0.378357,0.300272,0.582534,0.837079,0.480201,0.529860,0.385970,0.640336,0.347768,0.505456,0.445088,0.550339,0.649155,0.615427,1.413659,0.000000,0.109310,0.124982,0.651012,0.599878,0.186916,0.347752,0.218712,0.245780,0.381823,0.396487,0.568008,0.626202,0.962082,1.014388,0.226329,0.137694,0.337308,0.316162,0.323660,0.331817,0.197772,0.401996,0.841603,0.783110,0.693515,0.754774,0.820380,0.927171,0.613964,0.596175,0.495368,0.478461,0.477604,0.629274,0.532435,0.605264,0.947805,0.721665,0.553900,0.615110,0.521038,0.452872,0.517886,0.460557,0.405238,0.530726,0.585502,0.507350,1.011980,0.881130,0.570792,0.430997,0.526778,0.408114,0.398160,0.398131,0.688186,0.556974,0.407170,0.587709,0.684565,0.846039,0.458985,0.636705,0.581992,0.636656,0.683874,0.535802,0.600568,0.542859
0.204094,0.236251,0.281142,0.177210,0.466853,0.084767,0.276694,0.084218,0.506686,0.277812,0.173141,0.199545,0.228125,0.210078,0.523066,0.390606,0.330981,0.251584,0.205498,0.109310,0.000000,0.639096,0.305349,0.137182,0.483349,0.180704,0.658320,0.477502,0.256911,0.322926,0.199745,0.162133,0.131843,-0.009196,0.197968,0.327334,0.269879,0.067447,-0.115822,-0.241492,0.565071,0.139704,0.199781,-0.006596,0.149403,0.116734,0.232941,0.216020,0.118625,0.188978,0.222155,0.130114,0.316322,0.131033,0.228898,0.280468,0.316439,0.332237,0.476048,0.296685,0.381890,0.125827,0.519297,0.272623,0.320696,0.125661,0.348012,0.343810,0.247226,0.181102,0.201314,0.296833,0.418319,0.475411,0.494715,0.490494,0.294068,0.334191,0.098573,-0.002989,0.270621,-0.012139,0.224301,-0.080029,0.273189,0.006984,0.075637,-0.029033,0.361754,0.401060
0.106080,0.119918,0.238341,0.173678,0.499915,0.083814,0.161508,0.071465,0.268888,0.198802,-0.026290,0.096156,0.029518,0.072600,0.361386,0.271349,0.205982,0.260822,0.164187,0.124982,0.639096,0.000000,0.192398,0.076883,0.345290,0.187366,0.640629,0.775169,0.221633,0.257459,0.201012,0.156770,0.146835,0.099607,0.152782,0.144666,0.294441,0.297871,0.103570,-0.006796,0.254650,0.177664,0.130958,-0.003931,0.138010,0.127456,0.230352,0.142652,0.096528,0.118004,0.235569,-0.008161,0.266694,0.027609,0.185799,0.133748,0.264328,0.325798,0.430326,0.227539,0.275307,0.044094,0.365105,0.071943,0.349896,0.136172,0.368764,0.274839,0.200778,0.119873,0.178232,0.212776,0.403011,0.437987,0.225113,0.292465,0.224650,0.286272,0.262529,0.219862,0.307649,0.085640,0.127329,0.072909,0.290290,0.009564,0.095140,0.147688,0.251481,0.175875
0.413372,0.506661,1.068216,0.798945,0.588986,0.280008,0.598253,0.495969,0.588603,0.448796,0.543152,0.331376,0.434032,0.346346,0.740822,0.522900,0.352559,0.213310,0.799754,0.651012,0.305349,0.192398,0.000000,0.943079,0.670859,0.794688,0.668246,0.520964,0.248853,0.116717,0.903471,0.820071,0.709632,0.574249,0.575580,0.446982,0.172993,0.234252,0.314025,0.187038,0.225916,0.247449,0.469056,0.367277,0.265135,0.387727,0.573491,0.526010,0.105527,0.316615,0.235527,0.264676,0.330888,0.341166,0.350619,0.360726,0.477911,0.476930,0.533409,0.384196,0.311024,0.155123,0.353299,0.159724,0.733144,0.496195,0.779413,0.600889,0.556039,0.524609,0.588067,0.619966,0.560709,0.396032,0.497722,0.279897,0.581862,0.552109,0.220460,0.311878,0.374952,0.372797,0.352791,0.382118,0.850558,0.731123,0.786817,0.432929,0.819619,0.684630
0.388048,0.359674,0.760515,1.235543,0.360185,0.389360,0.743783,0.989258,0.530113,0.684258,0.458397,0.488630,0.429828,0.532139,0.468731,0.641782,0.188626,-0.002503,0.637308,0.599878,0.137182,0.076883,0.943079,0.000000,0.427310,0.676375,0.414299,0.265476,0.114704,0.053759,0.712775,0.828386,0.503451,0.496764,0.291768,0.335308,0.185969,0.086542,0.221747,0.176436,0.168936,0.223442,0.439262,0.347060,0.226492,0.389515,0.526062,0.476021,0.177653,0.353861,0.304599,0.379247,0.291640,0.409881,0.309974,0.297611,0.236071,0.163456,0.342634,0.263656,0.287231,0.426261,0.187318,0.154837,0.634738,0.834302,0.498484,0.541317,0.259265,0.348465,0.562373,0.448063,0.371562,0.314941,0.448004,0.322599,0.502165,0.429437,0.071700,0.091124,0.171831,0.245406,0.292886,0.365361,0.578660,0.755453,0.624384,0.421276,0.595270,0.622234
0.251396,0.218220,0.574023,0.442304,0.508160,0.274670,0.429421,0.189211,0.634798,0.294974,0.291538,0.303626,0.332103,0.235388,0.823081,0.505867,0.294476,0.201978,0.383906,0.186916,0.483349,0.345290,0.670859,0.427310,0.000000,0.783499,0.838850,0.475395,0.405255,0.314608,0.800542,0.661624,0.352062,0.251584,0.226996,0.264929,0.189373,0.252123,0.243664,0.198462,0.326940,0.322085,0.275882,0.196504,0.167492,0.245113,0.434094,0.360590,0.110189,0.261070,0.327563,0.296050,0.309684,0.219298,0.420030,0.398529,0.190171,0.192064,0.473096,0.352581,0.298662,0.089041,0.311678,0.177367,0.605293,0.300724,0.556330,0.446795,0.185612,0.294912,0.317489,0.517817,0.532186,0.397235,0.376380,0.158157,0.289560,0.340635,0.222600,0.286059,0.334578,0.266073,0.455120,0.358350,0.617862,0.471192,0.320803,0.219963,0.660630,0.577979
0.226580,0.211902,0.785010,0.716557,0.532354,0.528087,0.540853,0.424948,0.566629,0.510863,0.243843,0.260915,0.268616,0.184972,0.574228,0.478639,0.133825,0.036237,0.400116,0.347752,0.180704,0.187366,0.794688,0.676375,0.783499,0.000000,0.575541,0.516714,0.185499,0.107194,0.766266,0.723743,0.356507,0.353726,0.330652,0.294828,0.189344,0.342523,0.371575,0.268547,0.078462,0.252954,0.271898,0.284655,0.169700,0.292070,0.469249,0.377667,0.047247,0.201024,0.255417,0.263795,0.275104,0.172565,0.358977,0.283373,0.153474,0.186861,0.314267,0.268264,0.210262,0.162709,0.172771,0.091976,0.598404,0.508380,0.552189,0.485603,0.150191,0.367758,0.533243,0.671756,0.520408,0.415905,0.325761,0.198909,0.478654,0.490153,0.150150,0.211299,0.209741,0.285989,0.218707,0.343574,0.553124,0.667959,0.511870,0.375409,0.683781,0.582587
0.178628,0.219950,0.556272,0.442239,0.874517,0.217074,0.280712,0.136914,0.483707,0.241773,0.167498,0.088214,0.193696,0.144788,0.675608,0.425185,0.202157,0.145279,0.362448,0.218712,0.658320,0.640629,0.668246,0.414299,0.838850,0.575541,0.000000,0.892556,0.181165,0.159442,0.530696,0.453144,0.277326,0.186798,0.278937,0.266099,0.319229,0.350371,0.295444,0.118769,0.360979,0.239707,0.231691,0.116346,0.072270,0.168157,0.378767,0.232803,0.012842,0.140112,0.256760,0.134714,0.374096,0.123223,0.357898,0.252398,0.256303,0.292294,0.532798,0.268616,0.274176,-0.054120,0.272600,0.042884,0.523899,0.183992,0.522766,0.356353,0.302646,0.242257,0.355248,0.418280,0.441577,0.424508,0.374150,0.242560,0.398832,0.393543,0.279917,0.285670,0.322015,0.130032,0.295815,0.233193,0.565450,0.321647,0.329412,0.289682,0.643916,0.484698
0.061635,0.136605,0.435165,0.334697,0.724803,0.356704,0.175096,0.103060,0.441992,0.325380,0.069399,0.033643,0.084711,0.024362,0.581580,0.353866,0.176022,0.124091,0.326390,0.245780,0.477502,0.775169,0.520964,0.265476,0.475395,0.516714,0.892556,0.000000,0.219052,0.106866,0.376749,0.316661,0.245458,0.191412,0.299547,0.177389,0.341337,0.576165,0.344401,0.276076,0.217386,0.232751,0.173244,0.070759,0.087093,0.115701,0.301337,0.209281,0.006745,0.050329,0.206217,0.008822,0.218135,0.030987,0.294745,0.229338,0.204039,0.248725,0.377220,0.194834,0.188114,-0.062145,0.257651,-0.045247,0.505875,0.201469,0.468781,0.291189,0.333332,0.218685,0.266257,0.313184,0.353169,0.326342,0.156405,0.175502,0.296122,0.291427,0.237267,0.297521,0.340102,0.150862,0.280590,0.295852,0.532420,0.317478,0.412476,0.373935,0.578569,0.445905
0.272748,0.331363,0.133744,0.241344,0.175586,0.207733,0.269989,0.241792,0.322762,0.398504,0.575616,0.535618,0.484620,0.498073,0.694138,0.631923,0.881710,0.772616,0.301764,0.381823,0.256911,0.221633,0.248853,0.114704,0.405255,0.185499,0.181165,0.219052,0.000000,1.334241,0.638520,0.638022,0.380906,0.340803,0.274036,0.250388,0.258667,0.370824,0.073975,0.174159,0.228249,0.358810,0.383124,0.445747,0.630533,0.595282,0.448175,0.522718,0.481962,0.433288,0.378884,0.397398,0.160180,0.325579,0.311664,0.533960,0.365617,0.359628,0.425800,0.553810,0.366638,0.348999,0.476229,0.528309,0.173928,0.250214,0.463690,0.426424,0.312749,0.390789,0.063887,0.186611,0.547336,0.465088,0.182522,0.267171,0.033136,0.095928,0.484969,0.361128,0.955924,0.446094,0.756073,0.444181,0.343800,0.234242,0.133441,-0.122959,0.252602,0.391414
0.316614,0.430499,0.069459,0.229815,0.168898,0.142069,0.260033,0.286140,0.374590,0.399929,0.435200,0.581960,0.415528,0.559549,0.511175,0.662957,0.962776,0.920562,0.265420,0.396487,0.322926,0.257459,0.116717,0.053759,0.314608,0.107194,0.159442,0.106866,1.334241,0.000000,0.462355,0.505413,0.348355,0.300908,0.177424,0.201934,0.265806,0.314405,-0.027721,0.062519,0.277705,0.337204,0.505530,0.446111,0.738510,0.614586,0.511790,0.598091,0.608142,0.494224,0.439279,0.450087,0.278712,0.366362,0.346081,0.575286,0.460506,0.410885,0.507255,0.683244,0.481766,0.474006,0.542440,0.722616,0.102209,0.258272,0.417003,0.441464,0.367333,0.476175,0.055207,0.139815,0.502488,0.585049,0.251862,0.384963,0.078444,0.167516,0.452000,0.340459,0.966415,0.472721,0.659456,0.376736,0.206508,0.096131,0.033246,-0.171960,0.160965,0.376908
0.385074,0.414956,0.712420,0.715563,0.332707,0.240721,0.596281,0.488072,0.461570,0.400386,0.550757,0.395298,0.442059,0.356214,0.751423,0.566768,0.547559,0.318981,0.636312,0.568008,0.199745,0.201012,0.903471,0.712775,0.800542,0.766266,0.530696,0.376749,0.638520,0.462355,0.000000,1.429345,0.625765,0.612937,0.272820,0.269621,0.299986,0.372769,0.416073,0.470081,0.215833,0.351891,0.470775,0.558059,0.402140,0.567691,0.661410,0.613211,0.307560,0.478229,0.419742,0.462865,0.297674,0.398634,0.505076,0.525277,0.319254,0.285023,0.440401,0.430961,0.258034,0.148566,0.239851,0.194044,0.436492,0.379002,0.638583,0.537511,0.345731,0.415972,0.568485,0.635370,0.556552,0.415857,0.379522,0.180020,0.378101,0.284078,0.370671,0.433226,0.581305,0.518091,0.754909,0.705128,0.685297,0.691545,0.588915,0.341359,0.712031,0.630106
0.352499,0.390517,0.607505,0.790223,0.310816,0.278903,0.536982,0.615977,0.465336,0.536021,0.531138,0.432966,0.419206,0.395205,0.742198,0.666102,0.508376,0.365428,0.651790,0.626202,0.162133,0.156770,0.820071,0.828386,0.661624,0.723743,0.453144,0.316661,0.638022,0.505413,1.429345,0.000000,0.595226,0.636556,0.272254,0.244136,0.239591,0.340362,0.353095,0.481971,0.140294,0.416229,0.485114,0.541282,0.416481,0.535492,0.684281,0.630963,0.283337,0.396283,0.361425,0.423111,0.266802,0.389436,0.489811,0.456890,0.293984,0.266414,0.356357,0.399609,0.250126,0.296394,0.259426,0.225941,0.456313,0.513978,0.565286,0.521529,0.356458,0.424389,0.514078,0.572677,0.520236,0.372402,0.336468,0.195546,0.341365,0.229307,0.356582,0.469696,0.619877,0.547502,0.827626,0.784889,0.731272,0.778536,0.625136,0.346706,0.688791,0.608570
0.782934,1.006698,0.763925,0.677948,0.400271,0.088450,0.777924,0.670459,0.490308,0.322738,0.518083,0.636994,0.477625,0.556186,0.473391,0.484841,0.723350,0.699867,1.108354,0.962082,0.131843,0.146835,0.709632,0.503451,0.352062,0.356507,0.277326,0.245458,0.380906,0.348355,0.625765,0.595226,0.000000,1.631938,0.532472,0.311805,0.368042,0.329565,0.413327,0.374748,0.329701,0.351580,0.841465,0.769992,0.761798,0.845674,0.833687,0.929840,0.639683,0.667631,0.612701,0.516471,0.499087,0.622556,0.547834,0.551588,0.885417,0.797368,0.701624,0.799016,0.571508,0.446517,0.592492,0.483950,0.684512,0.599961,1.030868,0.864278,0.960307,1.006244,0.362706,0.297138,0.616271,0.451843,0.421858,0.316895,0.665885,0.635985,0.444913,0.686553,0.678906,0.999692,0.451209,0.572728,0.784807,0.794732,0.640546,0.446461,0.525237,0.371186
0.743367,0.905780,0.697236,0.709973,0.298102,0.090563,0.728515,0.732736,0.393162,0.275815,0.414769,0.550038,0.411456,0.467757,0.380307,0.426074,0.618909,0.603253,1.079498,1.014388,-0.009196,0.099607,0.574249,0.496764,0.251584,0.353726,0.186798,0.191412,0.340803,0.300908,0.612937,0.636556,1.631938,0.000000,0.393025,0.175381,0.307612,0.323895,0.549522,0.554971,0.245674,0.402776,0.785829,0.870142,0.708127,0.846881,0.823110,0.879076,0.640752,0.634754,0.605239,0.539816,0.466344,0.548624,0.573972,0.511434,0.736399,0.630728,0.527139,0.671643,0.472664,0.416823,0.458485,0.369127,0.573820,0.608958,0.799616,0.714424,0.845960,0.834643,0.362585,0.253844,0.516191,0.362016,0.313126,0.232549,0.602526,0.482029,0.457331,0.713599,0.598736,1.003971,0.484133,0.694337,0.719023,0.854871,0.718232,0.549900,0.541455,0.334490
0.317026,0.328430,0.407673,0.321755,0.257924,0.019302,0.350322,0.251402,0.287867,0.249129,0.691148,0.316553,0.528727,0.382296,0.407575,0.397414,0.345418,0.214445,0.258510,0.226329,0.197968,0.152782,0.575580,0.291768,0.226996,0.330652,0.278937,0.299547,0.274036,0.177424,0.272820,0.272254,0.532472,0.393025,0.000000,0.822219,0.150006,0.116815,0.151893,-0.059335,0.198009,-0.019094,0.289344,0.209171,0.233857,0.282386,0.342142,0.319529,0.067528,0.199985,0.109627,0.147939,0.065740,0.138141,0.043069,0.174844,0.311091,0.423250,0.355425,0.397576,0.230932,0.298985,0.289849,0.260517,0.610736,0.478901,0.765313,0.716855,0.363386,0.429220,-0.003364,0.050480,0.390227,0.373449,0.290273,0.344520,0.299197,0.403360,0.078399,0.059656,0.255411,0.171643,0.151904,0.068901,0.426101,0.395471,0.407313,0.059512,0.253897,0.233218
0.296042,0.262073,0.370810,0.321849,0.217201,0.119325,0.387091,0.326701,0.391091,0.368695,0.596884,0.377600,0.600231,0.425081,0.369137,0.446719,0.249496,0.029756,0.147295,0.137694,0.327334,0.144666,0.446982,0.335308,0.264929,0.294828,0.266099,0.177389,0.250388,0.201934,0.269621,0.244136,0.311805,0.175381,0.822219,0.000000,0.221162,0.060868,-0.025902,-0.208918,0.175774,-0.001868,0.316715,0.246489,0.215630,0.321693,0.350700,0.292827,0.077791,0.305870,0.185196,0.312230,0.067578,0.111655,0.007285,0.231492,0.203267,0.265104,0.378247,0.377155,0.343910,0.414395,0.298243,0.353410,0.448355,0.531813,0.623909,0.768162,0.217880,0.372368,0.121929,0.209545,0.376476,0.409623,0.489217,0.432575,0.315326,0.451769,-0.076347,-0.154401,0.178070,0.033298,0.101577,-0.041827,0.218248,0.271403,0.298495,-0.068996,0.177758,0.355981
0.389088,0.346419,0.321401,0.296848,0.345614,0.047610,0.364773,0.302935,0.398236,0.220178,0.315541,0.362093,0.301260,0.292900,0.326780,0.397212,0.319702,0.270249,0.239030,0.337308,0.269879,0.294441,0.172993,0.185969,0.189373,0.189344,0.319229,0.341337,0.258667,0.265806,0.299986,0.239591,0.368042,0.307612,0.150006,0.221162,0.000000,0.471900,0.329426,0.251112,0.415583,0.414304,0.313405,0.346875,0.290002,0.310827,0.418044,0.370860,0.362193,0.360379,0.434192,0.322537,0.343976,0.265720,0.496309,0.412364,0.337108,0.286802,0.457740,0.329268,0.373412,0.168135,0.295149,0.233916,0.263346,0.212629,0.385166,0.318896,0.243898,0.209619,0.332211,0.291818,0.504647,0.480962,0.347333,0.349422,0.564388,0.492410,0.273824,0.230250,0.272138,0.311316,0.115973,0.264507,0.344464,0.304816,0.381833,0.324114,0.396127,0.387816
0.100045,0.246532,0.226813,0.267579,0.366785,0.389498,0.077915,0.136666,0.210759,0.241821,0.142569,0.228964,0.180372,0.176288,0.319466,0.311994,0.311562,0.349749,0.218749,0.316162,0.067447,0.297871,0.234252,0.086542,0.252123,0.342523,0.350371,0.576165,0.370824,0.314405,0.372769,0.340362,0.329565,0.323895,0.116815,0.060868,0.471900,0.000000,0.550122,0.652664,0.117241,0.455624,0.249283,0.317469,0.268547,0.345805,0.396835,0.371487,0.236769,0.284453,0.330504,0.299227,0.183614,0.127802,0.448755,0.353553,0.239862,0.262055,0.322393,0.466379,0.269594,0.103950,0.188877,0.270521,0.147032,0.208868,0.382478,0.353500,0.283403,0.421143,0.269072,0.257754,0.350753,0.323245,-0.017916,0.056360,0.235466,0.201351,0.301236,0.368587,0.531618,0.448989,0.333827,0.581455,0.308696,0.422715,0.287423,0.300562,0.316987,0.244381
0.321796,0.212756,0.416509,0.258204,0.175172,0.127204,0.283811,0.200643,0.057300,-0.000389,0.208923,0.159611,0.244255,0.079615,0.298074,0.166183,0.055948,0.153662,0.339765,0.323660,-0.115822,0.103570,0.314025,0.221747,0.243664,0.371575,0.295444,0.344401,0.073975,-0.027721,0.416073,0.353095,0.413327,0.549522,0.151893,-0.025902,0.329426,0.550122,0.000000,0.905363,0.115840,0.350178,0.232118,0.393109,0.138953,0.241797,0.372710,0.265273,0.157502,0.161512,0.292798,0.203673,0.222903,0.103326,0.539902,0.238601,0.114583,0.086932,0.081198,0.093389,0.014688,-0.096021,-0.103322,-0.123289,0.312585,0.188439,0.276186,0.175531,0.157260,0.232103,0.319097,0.239163,0.264560,0.091721,-0.076870,-0.187611,0.342147,0.206622,0.239088,0.446984,0.169750,0.417881,0.244064,0.743319,0.569443,0.627802,0.678976,0.918571,0.560000,0.172159
0.067183,0.115241,0.245714,0.278008,0.025851,0.140697,0.105282,0.170585,0.012905,0.008815,0.035648,0.016635,0.009323,-0.071557,0.167853,0.081806,0.147023,0.198457,0.345148,0.331817,-0.241492,-0.006796,0.187038,0.176436,0.198462,0.268547,0.118769,0.276076,0.174159,0.062519,0.470081,0.481971,0.374748,0.554971,-0.059335,-0.208918,0.251112,0.652664,0.905363,0.000000,-0.006066,0.379638,0.196924,0.424246,0.219329,0.315786,0.371608,0.310747,0.233976,0.177273,0.316951,0.269940,0.191065,0.120991,0.568726,0.347756,-0.021708,-0.053049,0.023264,0.193215,-0.051275,-0.058334,-0.084288,-0.113602,0.167125,0.174914,0.229955,0.143301,0.186321,0.229452,0.192598,0.138736,0.086231,-0.064423,-0.213732,-0.356184,0.082941,-0.124676,0.251213,0.581346,0.315139,0.548248,0.596232,1.154425,0.503731,0.662167,0.498701,0.728027,0.494044,0.190693
0.355408,0.385367,0.211193,0.231327,0.261705,-0.071835,0.414544,0.288520,0.416295,0.202586,0.267112,0.428239,0.295657,0.402805,0.301439,0.369563,0.402441,0.268344,0.231067,0.197772,0.565071,0.254650,0.225916,0.168936,0.326940,0.078462,0.360979,0.217386,0.228249,0.277705,0.215833,0.140294,0.329701,0.245674,0.198009,0.175774,0.415583,0.117241,0.115840,-0.006066,0.000000,0.276110,0.185146,0.088604,0.202897,0.224698,0.209018,0.218312,0.268305,0.352032,0.284745,0.225367,0.295056,0.234993,0.353796,0.400998,0.353836,0.302432,0.410454,0.368486,0.417477,0.281327,0.366372,0.315677,0.300264,0.172198,0.311476,0.336568,0.199003,0.194810,0.278545,0.278354,0.455113,0.367431,0.362187,0.348628,0.384157,0.368233,0.240043,0.093650,0.205848,0.077442,0.202142,0.047511,0.323425,0.094417,0.229875,0.110722,0.248690,0.260864
0.521422,0.463564,0.341083,0.293003,0.136529,0.110567,0.314760,0.289335,0.290813,0.260119,0.320733,0.438990,0.401590,0.365455,0.374162,0.406193,0.396812,0.469205,0.403027,0.401996,0.139704,0.177664,0.247449,0.223442,0.322085,0.252954,0.239707,0.232751,0.358810,0.337204,0.351891,0.416229,0.351580,0.402776,-0.019094,-0.001868,0.414304,0.455624,0.350178,0.379638,0.276110,0.000000,0.223204,0.294974,0.270062,0.303460,0.364078,0.374458,0.298379,0.353781,0.392445,0.331544,0.210252,0.202402,0.462497,0.383375,0.410999,0.371038,0.382545,0.372616,0.444689,0.280708,0.348804,0.356883,0.249800,0.264787,0.303950,0.294162,0.340727,0.387114,0.225580,0.204342,0.503503,0.405353,0.292991,0.237963,0.386820,0.291937,0.289957,0.355845,0.402329,0.460800,0.286589,0.402050,0.446483,0.398127,0.336264,0.339968,0.363236,0.389226
0.605066,0.682263,0.551312,0.590692,0.351611,0.164834,0.558266,0.652049,0.485537,0.413506,0.369389,0.514994,0.400019,0.502019,0.398123,0.500181,0.634744,0.551910,0.814110,0.841603,0.199781,0.130958,0.469056,0.439262,0.275882,0.271898,0.231691,0.173244,0.383124,0.505530,0.470775,0.485114,0.841465,0.785829,0.289344,0.316715,0.313405,0.249283,0.232118,0.196924,0.185146,0.223204,0.000000,1.117272,1.174251,1.099338,1.355728,1.462039,0.956596,0.820719,0.815800,0.822127,0.655491,0.687656,0.598672,0.740338,0.679392,0.437912,0.659545,0.779153,0.495038,0.461361,0.531675,0.533933,0.372537,0.589991,0.783454,0.751420,0.694856,0.661094,0.287492,0.254163,0.472096,0.392846,0.392750,0.390844,0.516158,0.529155,0.245077,0.365686,0.656396,0.662556,0.451408,0.506133,0.443703,0.495371,0.543471,0.277395,0.467101,0.485145
0.592806,0.609408,0.513675,0.506376,0.217413,0.128918,0.479402,0.520495,0.272648,0.219180,0.429158,0.526145,0.419311,0.410615,0.357108,0.453089,0.565513,0.482861,0.696846,0.783110,-0.006596,-0.003931,0.367277,0.347060,0.196504,0.284655,0.116346,0.070759,0.445747,0.446111,0.558059,0.541282,0.769992,0.870142,0.209171,0.246489,0.346875,0.317469,0.393109,0.424246,0.088604,0.294974,1.117272,0.000000,1.022820,1.258926,1.173701,1.241156,0.906043,0.997579,0.861475,1.032946,0.617215,0.596038,0.718681,0.684426,0.514778,0.353874,0.484149,0.700103,0.373978,0.284099,0.366192,0.400153,0.241318,0.456959,0.640689,0.621389,0.513064,0.570995,0.291332,0.280426,0.455936,0.308839,0.293688,0.268535,0.475287,0.397357,0.259308,0.468957,0.590841,0.824485,0.470609,0.651850,0.469169,0.680452,0.583728,0.354852,0.483147,0.398205
0.475673,0.602636,0.329937,0.392662,0.255829,0.175857,0.453886,0.500943,0.349594,0.408904,0.346157,0.550694,0.341026,0.485031,0.356296,0.478541,0.881901,0.783844,0.595972,0.693515,0.149403,0.138010,0.265135,0.226492,0.167492,0.169700,0.072270,0.087093,0.630533,0.738510,0.402140,0.416481,0.761798,0.708127,0.233857,0.215630,0.290002,0.268547,0.138953,0.219329,0.202897,0.270062,1.174251,1.022820,0.000000,1.478968,1.026878,1.178734,1.413075,0.934727,0.919559,0.803391,0.570410,0.655099,0.593498,0.798532,0.637607,0.462516,0.664828,0.916559,0.497708,0.504994,0.639264,0.632667,0.283915,0.497087,0.760804,0.698446,0.572328,0.669259,0.143057,0.159213,0.470102,0.422761,0.241211,0.354534,0.344401,0.390143,0.396127,0.427427,0.891387,0.757852,0.520808,0.488920,0.412878,0.398728,0.364007,0.125780,0.266252,0.366007
0.529660,0.673126,0.439154,0.582237,0.246469,0.202969,0.523126,0.586785,0.296378,0.386354,0.425913,0.614206,0.421379,0.552387,0.375630,0.557985,0.792902,0.636621,0.651449,0.754774,0.116734,0.127456,0.387727,0.389515,0.245113,0.292070,0.168157,0.115701,0.595282,0.614586,0.567691,0.535492,0.845674,0.846881,0.282386,0.321693,0.310827,0.345805,0.241797,0.315786,0.224698,0.303460,1.099338,1.258926,1.478968,0.000000,1.072926,1.153469,1.203663,1.245751,1.092507,1.083146,0.582748,0.667730,0.622388,0.805487,0.607934,0.454715,0.717699,0.994616,0.529754,0.466210,0.529598,0.546340,0.345815,0.616245,0.910445,0.920358,0.541248,0.685147,0.251263,0.224458,0.518831,0.451698,0.318609,0.346252,0.382915,0.401024,0.324799,0.386628,0.795885,0.741793,0.535623,0.555139,0.489818,0.586707,0.437017,0.177378,0.340964,0.419661
0.614488,0.682713,0.680942,0.702208,0.432909,0.250944,0.581359,0.651253,0.566279,0.435350,0.468439,0.576812,0.477233,0.480764,0.536949,0.616973,0.660457,0.516129,0.792660,0.820380,0.232941,0.230352,0.573491,0.526062,0.434094,0.469249,0.378767,0.301337,0.448175,0.511790,0.661410,0.684281,0.833687,0.823110,0.342142,0.350700,0.418044,0.396835,0.372710,0.371608,0.209018,0.364078,1.355728,1.173701,1.026878,1.072926,0.000000,1.604700,0.847566,0.885474,0.938176,0.907878,0.728579,0.644780,0.875359,0.913004,0.624920,0.448565,0.664625,0.801866,0.483249,0.398085,0.497226,0.472029,0.447826,0.598503,0.879635,0.818863,0.649344,0.693421,0.390979,0.408084,0.606961,0.474560,0.435171,0.353517,0.636660,0.576478,0.358139,0.476085,0.691790,0.746802,0.536759,0.669391,0.591386,0.683035,0.699224,0.438832,0.679125,0.640952
0.713838,0.806544,0.656716,0.679403,0.339781,0.193118,0.633496,0.676878,0.522770,0.444924,0.497907,0.667768,0.485500,0.560701,0.507045,0.580613,0.789316,0.661470,0.915424,0.927171,0.216020,0.142652,0.526010,0.476021,0.360590,0.377667,0.232803,0.209281,0.522718,0.598091,0.613211,0.630963,0.929840,0.879076,0.319529,0.292827,0.370860,0.371487,0.265273,0.310747,0.218312,0.374458,1.462039,1.241156,1.178734,1.153469,1.604700,0.000000,0.966971,0.991284,0.888472,0.968225,0.667999,0.824974,0.754908,0.953863,0.749651,0.544840,0.715767,0.935907,0.602884,0.484153,0.606406,0.628975,0.419603,0.593393,0.842723,0.807180,0.754102,0.801096,0.339787,0.367521,0.592895,0.515997,0.420256,0.437960,0.604887,0.579075,0.395544,0.479595,0.795000,0.824961,0.538907,0.606098,0.532528,0.633363,0.564472,0.315790,0.546317,0.556038
0.544067,0.606674,0.249905,0.353322,0.191061,0.161018,0.435727,0.498439,0.260136,0.298992,0.289706,0.583080,0.352925,0.511810,0.271343,0.446575,0.772507,0.653780,0.524780,0.613964,0.118625,0.096528,0.105527,0.177653,0.110189,0.047247,0.012842,0.006745,0.481962,0.608142,0.307560,0.283337,0.639683,0.640752,0.067528,0.077791,0.362193,0.236769,0.157502,0.233976,0.268305,0.298379,0.956596,0.906043,1.413075,1.203663,0.847566,0.966971,0.000000,0.979219,1.154262,0.918400,0.646318,0.688005,0.697807,0.825980,0.623511,0.412160,0.561783,0.778035,0.487020,0.447194,0.527143,0.561398,0.166919,0.379241,0.550642,0.538880,0.486524,0.545417,0.126359,0.111693,0.366686,0.372667,0.222101,0.338090,0.356612,0.341176,0.327760,0.392484,0.665945,0.716405,0.437361,0.460054,0.310916,0.319222,0.296383,0.164974,0.216147,0.318401
