0.000000,1.412714,0.929593,0.866712,0.555366,0.608518,0.929731,0.850702,0.616881,0.397555,0.924601,0.813290,0.734158,0.629457,0.810449,0.662817,0.943976,0.936036,1.158687,1.224079,0.440838,0.320498,0.714046,0.686934,0.669500,0.672487,0.454167,0.318520,0.835197,0.654531,0.553529,0.757443,0.996177,0.947510,0.586244,0.540313,0.526581,0.266033,0.623663,0.581057,0.237341,0.220680,0.779075,1.078076,0.880409,1.083791,1.178927,0.952457,1.080407,0.958049,1.157104,1.069212,0.546163,0.379885,0.931627,0.966053,1.723963,1.402033,0.766023,0.686371,0.729214,0.579467,0.988788,0.723404,0.885074,0.758625,1.061086,0.735418,0.968987,0.647774,0.474748,0.440846,0.565057,0.528097,0.285295,0.217995,0.771909,0.829755,0.831247,0.593439,1.014532,1.045730,0.515433,0.524430,1.071523,1.038393,0.274180,0.395057,0.717383,0.605474
1.412714,0.000000,0.820473,0.827316,0.527332,0.591498,0.779773,0.812251,0.537891,0.354442,0.834982,0.867607,0.672667,0.670858,0.716603,0.624469,0.660556,0.849851,1.109149,1.252761,0.554649,0.144487,0.599151,0.657582,0.583364,0.607832,0.350142,0.199105,0.716166,0.556893,0.477059,0.673359,0.815652,0.946107,0.519024,0.405181,0.394972,0.109816,0.609157,0.719478,-0.004525,0.009535,0.506021,1.154514,0.674915,0.919080,1.308276,0.958590,1.307692,1.205642,1.210744,1.231558,0.319860,0.177455,0.901115,1.146121,1.324905,1.567102,0.624575,0.656170,0.623943,0.636639,0.955564,0.857447,0.757236,0.859204,1.105798,0.573153,1.230872,0.856278,0.450740,0.455806,0.520709,0.620972,0.205793,0.104507,0.629345,0.735201,0.794069,0.517539,0.861770,0.968475,0.394551,0.435771,0.843580,0.949117,0.334596,0.446382,0.602346,0.474458
0.929593,0.820473,0.000000,1.383739,0.796374,0.831408,1.480021,1.106607,0.808573,0.590617,0.902546,0.728905,0.745362,0.660287,1.004117,0.720463,0.691023,0.657283,1.138869,0.930128,0.480061,0.185547,1.460875,1.299240,0.883423,0.874276,0.428464,0.299102,0.735221,0.522138,0.797410,1.043135,0.857908,0.888832,0.688279,0.623335,0.376966,0.061054,0.607717,0.569427,0.122867,0.087623,0.441820,0.616849,0.464143,0.589451,0.827989,0.672220,0.824734,0.723529,0.975169,0.841973,0.446974,0.328380,0.989333,0.908566,0.793126,0.749756,0.820840,0.707602,0.830120,0.689012,0.834960,0.673631,0.966103,0.892219,0.887425,0.604516,0.798607,0.735768,0.484631,0.396761,0.646764,0.603144,0.226745,0.196040,0.722803,0.760816,0.730170,0.467758,0.801978,0.831545,0.549873,0.499728,1.139556,1.021001,0.347512,0.514558,0.998390,0.783310
0.866712,0.827316,1.383739,0.000000,0.920803,1.084018,1.310643,1.578850,0.959520,0.731006,0.851915,0.917525,0.763254,0.775122,0.978329,0.787734,0.673998,0.720207,1.150185,1.073119,0.480289,0.144778,1.041867,1.429647,0.812304,0.874411,0.378578,0.291554,0.738306,0.606011,0.654485,1.003684,0.864148,1.070260,0.607730,0.608126,0.336247,0.055119,0.617372,0.580311,0.066720,0.046424,0.430436,0.674459,0.448680,0.605366,0.863392,0.726429,0.896517,0.845033,1.074888,0.967280,0.473441,0.372364,1.047210,1.036067,0.750159,0.747321,0.808309,0.935085,0.822583,0.901323,0.907031,0.917976,0.774706,1.039450,0.981153,0.743883,0.852901,0.870919,0.411272,0.333829,0.572848,0.644931,0.208405,0.217884,0.746198,0.864423,0.797585,0.518199,0.823593,0.926635,0.551826,0.527808,0.956348,1.101021,0.404902,0.508522,0.931976,0.859082
0.555366,0.527332,0.796374,0.920803,0.000000,1.203725,0.734835,0.883217,1.104600,0.878311,0.484228,0.517887,0.467549,0.456847,0.900260,0.641320,0.423691,0.498021,0.743791,0.643808,0.341722,0.123722,0.885808,0.851133,0.996830,0.832317,0.393822,0.221466,0.378698,0.413979,0.381550,0.519783,0.569667,0.623010,0.387675,0.528173,0.330917,0.150882,0.494571,0.429713,0.162791,0.160230,0.484862,0.563534,0.474132,0.550676,0.668868,0.710796,0.727411,0.682113,0.815716,0.746146,0.621218,0.466605,0.896575,0.794094,0.452760,0.512807,0.688978,0.818262,0.514204,0.594750,0.479518,0.601264,0.618522,0.635438,0.677966,0.684425,0.576879,0.641477,0.157711,0.114082,0.315370,0.320854,0.218250,0.277928,0.555485,0.646974,0.484420,0.444889,0.514980,0.663198,0.575452,0.618047,0.695989,0.836520,0.476907,0.422416,0.964729,0.906666
0.608518,0.591498,0.831408,1.084018,1.203725,0.000000,0.857352,1.171013,1.156572,1.028856,0.662967,0.818033,0.648454,0.727567,1.009647,0.924876,0.569848,0.634136,0.804090,0.763959,0.343736,0.124767,0.790451,1.011501,0.797139,0.809130,0.354248,0.268282,0.550513,0.510975,0.440566,0.678408,0.692171,0.817768,0.447719,0.581900,0.350249,0.111701,0.539067,0.466740,0.136535,0.130256,0.491520,0.660690,0.480848,0.584610,0.727112,0.708502,0.788199,0.753939,0.922380,0.811169,0.577198,0.432665,0.975128,0.931904,0.512896,0.554774,0.756990,0.957545,0.704385,0.832361,0.655366,0.811821,0.666203,0.777031,0.772228,0.755162,0.616703,0.640778,0.205168,0.162844,0.365979,0.404948,0.214635,0.263542,0.637814,0.728631,0.630162,0.495255,0.663575,0.783822,0.564270,0.605037,0.755779,0.882429,0.525313,0.513089,0.896271,0.806620
0.929731,0.779773,1.480021,1.310643,0.734835,0.857352,0.000000,1.347863,0.849561,0.594144,1.131960,0.922840,1.049778,0.867947,0.955333,0.804053,0.793718,0.747076,1.129384,0.938148,0.369519,0.199000,1.103128,1.217176,0.633151,0.702376,0.356970,0.313400,0.828892,0.560579,0.731791,1.032366,0.954991,0.998983,0.723495,0.629168,0.344098,0.077287,0.482621,0.449725,0.120165,0.080528,0.503902,0.684929,0.514078,0.641153,0.778828,0.621030,0.790497,0.739812,0.945780,0.859526,0.442741,0.370502,0.861066,0.867724,0.755067,0.681962,0.879095,0.783882,0.994582,0.886628,0.813759,0.760799,0.923280,0.866982,0.860615,0.647592,0.693924,0.602789,0.429661,0.365410,0.676999,0.614319,0.262493,0.191347,0.756474,0.785590,0.835970,0.519338,0.876159,0.843196,0.403791,0.442939,1.150722,0.969711,0.325427,0.493894,0.872834,0.724976
0.850702,0.812251,1.106607,1.578850,0.883217,1.171013,1.347863,0.000000,1.005758,0.768521,0.861108,1.158875,0.873282,0.944258,0.984957,0.867656,0.774377,0.836927,1.096756,1.102479,0.380564,0.135089,0.861584,1.347146,0.664839,0.773755,0.331029,0.266198,0.773991,0.634652,0.611608,1.006940,0.934360,1.185760,0.609246,0.656173,0.345434,0.099875,0.506941,0.507438,0.079931,0.097060,0.536293,0.787738,0.550373,0.701933,0.844797,0.722959,0.890199,0.892882,1.126019,1.018831,0.493931,0.396370,0.973627,0.997337,0.716777,0.707858,0.815217,0.992161,0.915991,1.109637,0.876907,1.096747,0.734016,1.003044,1.004626,0.855987,0.781246,0.743823,0.364367,0.314286,0.607852,0.644113,0.283187,0.246604,0.810091,0.947787,0.930041,0.605752,0.900689,1.016837,0.483366,0.507232,0.912937,1.135010,0.392876,0.468325,0.829900,0.808923
0.616881,0.537891,0.808573,0.959520,1.104600,1.156572,0.849561,1.005758,0.000000,0.918757,0.629043,0.734955,0.697924,0.687096,0.998773,0.847032,0.541394,0.590913,0.734333,0.660598,0.278673,0.130928,0.758302,0.841824,0.760601,0.708578,0.342267,0.235818,0.491360,0.410268,0.399997,0.584817,0.636360,0.671614,0.363093,0.519826,0.344458,0.156433,0.499755,0.401825,0.208829,0.164898,0.475324,0.556873,0.446546,0.520542,0.634882,0.659287,0.692838,0.628016,0.801498,0.730216,0.582768,0.467035,0.858667,0.789548,0.485130,0.496781,0.700982,0.842731,0.591324,0.665821,0.537842,0.632593,0.580876,0.650331,0.664583,0.674128,0.513320,0.550729,0.190269,0.116164,0.354094,0.356034,0.207660,0.278087,0.632551,0.656364,0.583394,0.426676,0.586210,0.685181,0.566008,0.579772,0.685676,0.751696,0.537997,0.513413,0.848500,0.797155
0.397555,0.354442,0.590617,0.731006,0.878311,1.028856,0.594144,0.768521,0.918757,0.000000,0.473631,0.534920,0.512491,0.542935,0.763424,0.738178,0.393621,0.398167,0.502093,0.464675,0.157591,0.028308,0.559704,0.657369,0.666383,0.627943,0.308470,0.187962,0.316697,0.260810,0.222088,0.392287,0.447349,0.486240,0.314831,0.508581,0.299724,0.100346,0.361318,0.279331,0.122673,0.096332,0.396557,0.421372,0.368037,0.374781,0.496625,0.537232,0.524556,0.491474,0.585889,0.511179,0.484470,0.420626,0.694573,0.574982,0.304260,0.305273,0.614975,0.681283,0.484878,0.512391,0.386948,0.440242,0.441096,0.524029,0.541459,0.581791,0.375619,0.428870,0.137688,0.055892,0.216213,0.204960,0.178009,0.285749,0.468042,0.478906,0.433441,0.284280,0.424917,0.471414,0.496937,0.469032,0.526837,0.524589,0.537102,0.448899,0.703473,0.636571
0.924601,0.834982,0.902546,0.851915,0.484228,0.662967,1.131960,0.861108,0.629043,0.473631,0.000000,0.980627,1.054381,0.901558,0.851779,0.843254,0.833201,0.737843,0.971347,0.800221,0.378988,0.141287,0.690496,0.780842,0.423993,0.448806,0.281198,0.286350,1.024396,0.630172,0.584518,0.747916,0.807608,0.868926,0.580936,0.455247,0.359971,-0.004063,0.538492,0.461984,0.040108,-0.048981,0.385329,0.705642,0.416916,0.538784,0.732864,0.506230,0.724778,0.711258,0.757375,0.760461,0.289653,0.203042,0.723509,0.849570,0.794303,0.718750,0.758619,0.641409,0.975533,0.811359,1.033835,0.773490,0.820080,0.843913,0.719735,0.453468,0.670076,0.485088,0.339963,0.293562,0.519884,0.518650,0.177219,0.077018,0.594574,0.561618,0.802271,0.454836,1.020357,0.761141,0.451742,0.496564,1.005263,0.689818,0.360949,0.505295,0.578100,0.422960
0.813290,0.867607,0.728905,0.917525,0.517887,0.818033,0.922840,1.158875,0.734955,0.534920,0.980627,0.000000,1.105600,1.504155,0.760968,1.039023,0.837959,0.948421,0.881370,0.991682,0.410658,0.192634,0.519885,0.856724,0.416954,0.523272,0.289720,0.291754,0.852115,0.632648,0.546062,0.828132,0.879228,1.074711,0.493815,0.503800,0.357751,0.077088,0.472487,0.474346,0.076067,0.050256,0.475375,0.775907,0.503747,0.649995,0.751419,0.621818,0.771558,0.802094,0.923098,0.916064,0.401473,0.333780,0.782869,0.979861,0.733681,0.721700,0.604302,0.783283,0.778281,0.903134,0.917281,1.067470,0.601100,0.883670,0.805676,0.699779,0.684055,0.551009,0.333928,0.332099,0.528548,0.613469,0.232899,0.183389,0.731742,0.796299,0.909798,0.562930,0.901978,0.955852,0.345545,0.411871,0.678313,0.794606,0.323256,0.454892,0.492583,0.427665
0.734158,0.672667,0.745362,0.763254,0.467549,0.648454,1.049778,0.873282,0.697924,0.512491,1.054381,1.105600,0.000000,1.351476,0.787042,0.904987,0.747412,0.779004,0.751041,0.717160,0.282971,0.204056,0.568663,0.736505,0.417591,0.484289,0.346343,0.277939,0.739844,0.448413,0.522411,0.708407,0.725811,0.732345,0.522165,0.496683,0.368549,0.128508,0.381332,0.379820,0.128519,0.094985,0.458213,0.600242,0.472355,0.549624,0.585874,0.468348,0.608544,0.581670,0.704501,0.688779,0.352845,0.307569,0.643156,0.707562,0.638078,0.579017,0.629477,0.646819,0.714966,0.689930,0.649513,0.585528,0.655846,0.665810,0.622737,0.537625,0.486344,0.363299,0.322744,0.262027,0.559257,0.451172,0.173027,0.172731,0.587072,0.582239,0.723314,0.448951,0.770591,0.688219,0.176837,0.338350,0.776544,0.609246,0.354923,0.484133,0.518238,0.403288
0.629457,0.670858,0.660287,0.775122,0.456847,0.727567,0.867947,0.944258,0.687096,0.542935,0.901558,1.504155,1.351476,0.000000,0.707604,0.997553,0.690743,0.818478,0.714554,0.764762,0.334660,0.161286,0.477172,0.798958,0.360382,0.476643,0.297989,0.300335,0.708355,0.450025,0.479124,0.723511,0.695057,0.810837,0.476099,0.484857,0.346095,0.063373,0.423963,0.415109,0.069131,0.013392,0.382702,0.621254,0.405552,0.499055,0.580217,0.468748,0.617328,0.635306,0.732522,0.733905,0.316528,0.273987,0.657402,0.797733,0.559108,0.543696,0.527271,0.667725,0.695485,0.792333,0.716898,0.758347,0.560785,0.752838,0.653897,0.571340,0.529166,0.440109,0.294395,0.244854,0.478428,0.510027,0.145154,0.126078,0.589674,0.621473,0.768179,0.486913,0.757400,0.750676,0.208585,0.342039,0.629682,0.603683,0.370573,0.564628,0.446366,0.352179
0.810449,0.716603,1.004117,0.978329,0.900260,1.009647,0.955333,0.984957,0.998773,0.763424,0.851779,0.760968,0.787042,0.707604,0.000000,1.028775,0.650394,0.643432,0.995300,0.844360,0.404002,0.164495,0.974573,0.979630,0.859509,0.859815,0.409002,0.246560,0.636931,0.464401,0.581753,0.763416,0.684318,0.697632,0.552660,0.592463,0.409458,0.183047,0.527673,0.533807,0.178884,0.188520,0.513953,0.671581,0.536676,0.592924,0.761126,0.683324,0.784533,0.717389,0.925813,0.844775,0.501078,0.329670,1.052330,0.914611,0.662234,0.705334,0.814486,0.866179,0.750841,0.683889,0.703571,0.653044,0.833201,0.796403,0.793259,0.620898,0.649085,0.577725,0.330685,0.256688,0.503372,0.420339,0.262822,0.274249,0.689111,0.744799,0.694783,0.483227,0.775671,0.825276,0.619220,0.605951,1.055234,0.980480,0.470056,0.521910,1.027271,0.838327
0.662817,0.624469,0.720463,0.787734,0.641320,0.924876,0.804053,0.867656,0.847032,0.738178,0.843254,1.039023,0.904987,0.997553,1.028775,0.000000,0.768415,0.751089,0.778124,0.698924,0.322020,0.217290,0.629252,0.827653,0.576655,0.603833,0.362448,0.321370,0.686513,0.499648,0.474918,0.712896,0.720325,0.738836,0.494482,0.557577,0.480703,0.183350,0.487585,0.408969,0.225449,0.156778,0.501939,0.653772,0.511362,0.576578,0.598617,0.521584,0.635827,0.614298,0.767714,0.693263,0.429931,0.313533,0.748510,0.814829,0.554528,0.552129,0.604130,0.682020,0.723890,0.738774,0.638420,0.680777,0.663087,0.743665,0.618241,0.585463,0.494403,0.381194,0.257981,0.235842,0.493214,0.452079,0.235758,0.286432,0.642137,0.665615,0.672835,0.447482,0.753331,0.809166,0.523302,0.617436,0.773780,0.737803,0.484108,0.473980,0.614363,0.506616
0.943976,0.660556,0.691023,0.673998,0.423691,0.569848,0.793718,0.774377,0.541394,0.393621,0.833201,0.837959,0.747412,0.690743,0.650394,0.768415,0.000000,1.200393,0.753470,0.752398,0.256934,0.433117,0.583412,0.671982,0.496124,0.549056,0.431879,0.397185,1.112410,0.887526,0.678462,0.887671,1.115536,0.902632,0.602114,0.673624,0.583266,0.344169,0.504115,0.366376,0.520206,0.431243,0.891705,0.727226,0.838255,0.905286,0.615058,0.512011,0.528157,0.543687,0.750177,0.619161,0.585740,0.460109,0.645658,0.638786,0.900087,0.693321,0.652605,0.567897,0.862948,0.612257,0.881327,0.754200,0.811630,0.632958,0.624831,0.787214,0.430555,0.214842,0.297818,0.393321,0.631059,0.464326,0.351451,0.367079,0.707683,0.722797,0.857592,0.740712,1.199383,1.105264,0.568236,0.596682,0.927667,0.857038,0.237429,0.273010,0.456357,0.403649
0.936036,0.849851,0.657283,0.720207,0.498021,0.634136,0.747076,0.836927,0.590913,0.398167,0.737843,0.948421,0.779004,0.818478,0.643432,0.751089,1.200393,0.000000,0.832486,0.905483,0.326093,0.455598,0.574678,0.711029,0.548008,0.582736,0.477474,0.363317,0.986516,0.937886,0.604753,0.859213,1.063607,0.938438,0.554660,0.648032,0.545090,0.345954,0.559175,0.496887,0.446010,0.357911,0.786044,0.862764,0.822099,0.972925,0.728227,0.614628,0.662525,0.710768,0.882705,0.786936,0.501065,0.378247,0.708746,0.844207,0.867723,0.841319,0.523141,0.577224,0.700576,0.674735,0.814391,0.917131,0.727920,0.701389,0.666871,0.749398,0.538450,0.340877,0.313159,0.451524,0.657906,0.627965,0.343957,0.328576,0.717817,0.757875,0.810374,0.828453,1.079493,1.286881,0.466503,0.624020,0.835307,0.941881,0.303999,0.345421,0.470913,0.386675
1.158687,1.109149,1.138869,1.150185,0.743791,0.804090,1.129384,1.096756,0.734333,0.502093,0.971347,0.881370,0.751041,0.714554,0.995300,0.778124,0.753470,0.832486,0.000000,1.478088,0.500213,0.178918,0.981274,1.079611,0.707034,0.739426,0.415337,0.258187,0.792228,0.583002,0.611328,0.946525,0.852741,1.026541,0.666705,0.612423,0.445648,0.058414,0.623261,0.576051,0.053601,0.024797,0.517075,0.993289,0.603938,0.816334,1.122160,0.756907,1.074326,1.102677,1.175978,1.212220,0.408871,0.216460,1.011223,1.153444,0.912522,0.949480,0.724323,0.721925,0.853234,0.845136,0.996233,0.925845,0.842399,0.960194,1.099398,0.642675,1.076140,0.820844,0.397166,0.357464,0.612909,0.708733,0.230015,0.184983,0.786112,0.906664,0.843779,0.557525,1.009010,1.083552,0.455717,0.486803,1.075083,1.185574,0.366138,0.479702,0.788457,0.675040
1.224079,1.252761,0.930128,1.073119,0.643808,0.763959,0.938148,1.102479,0.660598,0.464675,0.800221,0.991682,0.717160,0.764762,0.844360,0.698924,0.752398,0.905483,1.478088,0.000000,0.489358,0.183900,0.740375,0.911312,0.642499,0.725727,0.377684,0.210963,0.755425,0.606016,0.600990,0.909540,0.924833,1.145819,0.572864,0.574736,0.414496,0.129129,0.574556,0.625932,0.074815,0.095545,0.576697,1.072601,0.702768,0.907730,1.158361,0.923352,1.087061,1.086632,1.243477,1.235706,0.429392,0.295111,0.968923,1.103350,1.028425,1.091140,0.654017,0.765979,0.722661,0.763251,1.020308,0.993570,0.724580,0.893554,1.202404,0.793844,1.226305,0.901950,0.445394,0.395803,0.564271,0.674955,0.254103,0.211081,0.791589,1.003039,0.891633,0.656141,0.955403,1.133744,0.408142,0.434493,0.868305,1.157159,0.291185,0.419865,0.689735,0.655469
0.440838,0.554649,0.480061,0.480289,0.341722,0.343736,0.369519,0.380564,0.278673,0.157591,0.378988,0.410658,0.282971,0.334660,0.404002,0.322020,0.256934,0.326093,0.500213,0.489358,0.000000,0.099855,0.402973,0.421477,0.383376,0.396156,0.147319,0.137524,0.291346,0.257701,0.348832,0.433051,0.350440,0.440813,0.256476,0.215070,0.201706,-0.076229,0.399638,0.513045,-0.070350,-0.076401,0.152180,0.434174,0.161639,0.302246,0.509099,0.459368,0.520122,0.477622,0.501161,0.491555,0.149294,0.080759,0.443845,0.512720,0.426585,0.497507,0.233073,0.323778,0.256516,0.313345,0.475575,0.428466,0.317935,0.478900,0.487095,0.290398,0.551368,0.538255,0.321445,0.269132,0.278950,0.432475,0.026418,-0.065096,0.332131,0.386456,0.319721,0.269751,0.348676,0.410304,0.273883,0.265204,0.357646,0.446013,0.166534,0.257725,0.320243,0.253772
0.320498,0.144487,0.185547,0.144778,0.123722,0.124767,0.199000,0.135089,0.130928,0.028308,0.141287,0.192634,0.204056,0.161286,0.164495,0.217290,0.433117,0.455598,0.178918,0.183900,0.099855,0.000000,0.262040,0.172897,0.306566,0.257961,0.282745,0.400489,0.315983,0.439572,0.200547,0.300459,0.428969,0.231917,0.224060,0.316561,0.440637,0.562482,0.222144,0.005388,0.743333,0.552366,0.546723,0.182222,0.464546,0.420022,0.124130,0.168052,0.043346,0.033029,0.219103,0.140308,0.448417,0.472161,0.199889,0.186908,0.318269,0.275022,0.100050,0.086681,0.146057,0.059984,0.139475,0.114447,0.269038,0.089460,0.042654,0.292325,-0.083282,-0.139471,0.132310,0.333097,0.350120,0.206237,0.287895,0.273162,0.351926,0.299962,0.124834,0.237556,0.271833,0.384510,0.202509,0.312457,0.327784,0.357913,-0.114311,-0.087620,0.170417,0.190277
0.714046,0.599151,1.460875,1.041867,0.885808,0.790451,1.103128,0.861584,0.758302,0.559704,0.690496,0.519885,0.568663,0.477172,0.974573,0.629252,0.583412,0.574678,0.981274,0.740375,0.402973,0.262040,0.000000,1.256104,0.992044,0.907241,0.438015,0.296429,0.600479,0.498367,0.783721,0.949981,0.744555,0.701160,0.675364,0.652571,0.377563,0.150324,0.556602,0.465600,0.237905,0.203068,0.479157,0.500977,0.469338,0.568102,0.676641,0.591036,0.647533,0.584398,0.822153,0.705020,0.548199,0.403391,0.878201,0.759399,0.580029,0.587021,0.716509,0.634929,0.642176,0.553583,0.585297,0.537125,0.890123,0.682884,0.686573,0.570512,0.615067,0.605427,0.390668,0.338900,0.559500,0.472297,0.255426,0.277762,0.685841,0.726062,0.565893,0.470457,0.674611,0.756488,0.548631,0.509770,1.034304,0.974207,0.259807,0.409760,1.021201,0.857829
0.686934,0.657582,1.299240,1.429647,0.851133,1.011501,1.217176,1.347146,0.841824,0.657369,0.780842,0.856724,0.736505,0.798958,0.979630,0.827653,0.671982,0.711029,1.079611,0.911312,0.421477,0.172897,1.256104,0.000000,0.764033,0.836179,0.358202,0.302061,0.739556,0.582325,0.765955,1.198779,0.807601,0.964096,0.719210,0.714046,0.338985,0.056044,0.549635,0.524453,0.111942,0.107419,0.414469,0.601562,0.421159,0.565935,0.680954,0.533593,0.725920,0.726689,0.965122,0.855563,0.428313,0.308424,0.886431,0.902844,0.574193,0.569731,0.675912,0.774044,0.817908,0.909333,0.763430,0.850167,0.820685,0.950663,0.796080,0.673054,0.697320,0.682963,0.383914,0.355410,0.654270,0.643060,0.262569,0.245224,0.769931,0.865424,0.758709,0.550810,0.826798,0.916910,0.457413,0.495487,0.967801,1.095333,0.364470,0.482152,0.810366,0.753019
0.669500,0.583364,0.883423,0.812304,0.996830,0.797139,0.633151,0.664839,0.760601,0.666383,0.423993,0.416954,0.417591,0.360382,0.859509,0.576655,0.496124,0.548008,0.707034,0.642499,0.383376,0.306566,0.992044,0.764033,0.000000,1.158077,0.531258,0.265083,0.442070,0.462622,0.561331,0.609049,0.642116,0.575323,0.435746,0.584473,0.399799,0.286253,0.572646,0.504539,0.331030,0.332658,0.602613,0.553704,0.604091,0.632807,0.709649,0.748789,0.675882,0.577947,0.826585,0.673546,0.646540,0.473432,0.908049,0.751985,0.605596,0.669523,0.595780,0.648549,0.413177,0.351576,0.493563,0.441059,0.714556,0.593248,0.652905,0.676089,0.521281,0.532554,0.278812,0.285208,0.385514,0.307827,0.244610,0.292366,0.581592,0.627314,0.449883,0.484748,0.541884,0.726006,0.633393,0.623541,0.768697,0.876630,0.360516,0.344634,0.917698,0.774743
0.672487,0.607832,0.874276,0.874411,0.832317,0.809130,0.702376,0.773755,0.708578,0.627943,0.448806,0.523272,0.484289,0.476643,0.859815,0.603833,0.549056,0.582736,0.739426,0.725727,0.396156,0.257961,0.907241,0.836179,1.158077,0.000000,0.480524,0.332494,0.481657,0.490424,0.611184,0.748222,0.653631,0.635610,0.472786,0.634878,0.376137,0.250728,0.490558,0.509095,0.278596,0.326476,0.586518,0.588220,0.604439,0.659800,0.705744,0.740535,0.687686,0.620928,0.877949,0.726113,0.599485,0.450635,0.944268,0.765716,0.619675,0.680250,0.644041,0.719818,0.491378,0.430096,0.547454,0.506022,0.713685,0.629058,0.743327,0.735168,0.554474,0.543884,0.310537,0.305635,0.426819,0.359352,0.268655,0.291641,0.587252,0.718465,0.577979,0.502177,0.621922,0.801349,0.529922,0.470765,0.792521,0.930831,0.312225,0.341772,0.886724,0.770124
0.454167,0.350142,0.428464,0.378578,0.393822,0.354248,0.356970,0.331029,0.342267,0.308470,0.281198,0.289720,0.346343,0.297989,0.409002,0.362448,0.431879,0.477474,0.415337,0.377684,0.147319,0.282745,0.438015,0.358202,0.531258,0.480524,0.000000,0.296921,0.428305,0.460322,0.344103,0.381302,0.423623,0.316259,0.272491,0.344166,0.356905,0.329156,0.351915,0.273100,0.349892,0.358101,0.486486,0.349152,0.436139,0.425270,0.374294,0.402062,0.321278,0.290741,0.407760,0.339845,0.451599,0.346135,0.505837,0.398398,0.409109,0.432147,0.327055,0.289888,0.263901,0.190522,0.326934,0.211217,0.397179,0.341262,0.317275,0.384344,0.236667,0.146756,0.157374,0.204642,0.266070,0.212174,0.178140,0.201400,0.356401,0.392420,0.259636,0.334347,0.385111,0.499392,0.336368,0.353949,0.474154,0.480160,0.170506,0.186620,0.437720,0.387612
0.318520,0.199105,0.299102,0.291554,0.221466,0.268282,0.313400,0.266198,0.235818,0.187962,0.286350,0.291754,0.277939,0.300335,0.246560,0.321370,0.397185,0.363317,0.258187,0.210963,0.137524,0.400489,0.296429,0.302061,0.265083,0.332494,0.296921,0.000000,0.353757,0.342264,0.188296,0.340650,0.348959,0.273064,0.282351,0.299927,0.387237,0.213775,0.231693,0.014332,0.306067,0.173800,0.350215,0.231924,0.315610,0.336460,0.220441,0.165641,0.169871,0.176921,0.280020,0.231696,0.300486,0.267624,0.266716,0.221001,0.292598,0.238120,0.208355,0.150086,0.315040,0.196741,0.261860,0.200638,0.300128,0.279725,0.197115,0.248901,0.067501,0.041150,0.084722,0.239412,0.315655,0.230475,0.116648,0.083027,0.322510,0.244349,0.223220,0.139408,0.307602,0.312152,0.197528,0.203244,0.374640,0.303748,0.052325,0.143328,0.268161,0.189808
0.835197,0.716166,0.735221,0.738306,0.378698,0.550513,0.828892,0.773991,0.491360,0.316697,1.024396,0.852115,0.739844,0.708355,0.636931,0.686513,1.112410,0.986516,0.792228,0.755425,0.291346,0.315983,0.600479,0.739556,0.442070,0.481657,0.428305,0.353757,0.000000,1.136136,0.801090,0.931457,1.062974,1.006764,0.596470,0.548439,0.383734,0.200016,0.560334,0.477913,0.258246,0.177465,0.575536,0.711352,0.582685,0.702247,0.637492,0.445552,0.579217,0.611743,0.751857,0.658898,0.361357,0.237431,0.637515,0.749142,0.820548,0.694386,0.614567,0.557205,0.899881,0.725433,1.035912,0.837384,0.795762,0.797363,0.631136,0.594590,0.521565,0.294776,0.322686,0.374880,0.615090,0.539846,0.309277,0.212986,0.592763,0.600637,0.912493,0.689011,1.225737,1.005611,0.530372,0.540654,0.931679,0.766957,0.232827,0.350206,0.428988,0.334065
0.654531,0.556893,0.522138,0.606011,0.413979,0.510975,0.560579,0.634652,0.410268,0.260810,0.630172,0.632648,0.448413,0.450025,0.464401,0.499648,0.887526,0.937886,0.583002,0.606016,0.257701,0.439572,0.498367,0.582325,0.462622,0.490424,0.460322,0.342264,1.136136,0.000000,0.740540,0.779510,0.981864,0.870621,0.487705,0.510381,0.368616,0.329832,0.549381,0.472111,0.425068,0.360232,0.707142,0.627400,0.612827,0.712048,0.517992,0.474058,0.426105,0.479002,0.615480,0.525312,0.490662,0.398221,0.559429,0.621986,0.673832,0.615718,0.498950,0.495827,0.636256,0.574939,0.768354,0.757391,0.615303,0.621281,0.476576,0.647993,0.372222,0.207649,0.267557,0.365765,0.443300,0.435426,0.357032,0.270043,0.528225,0.551795,0.661316,0.731924,0.896490,0.977508,0.598299,0.599440,0.734453,0.756143,0.186318,0.203853,0.391246,0.368553
0.553529,0.477059,0.797410,0.654485,0.381550,0.440566,0.731791,0.611608,0.399997,0.222088,0.584518,0.546062,0.522411,0.479124,0.581753,0.474918,0.678462,0.604753,0.611328,0.600990,0.348832,0.200547,0.783721,0.765955,0.561331,0.611184,0.344103,0.188296,0.801090,0.740540,0.000000,1.180799,0.828473,0.775819,0.598090,0.581373,0.208450,0.139685,0.400427,0.478101,0.228192,0.256196,0.485675,0.458736,0.448139,0.489606,0.495683,0.437211,0.388565,0.378678,0.558635,0.439263,0.357477,0.284927,0.510576,0.486013,0.523578,0.482639,0.518736,0.476274,0.583379,0.466289,0.618266,0.521673,0.660660,0.537902,0.546445,0.599922,0.453368,0.310671,0.436296,0.423590,0.425055,0.370975,0.213913,0.223863,0.544387,0.560584,0.638718,0.686438,0.720229,0.696270,0.422310,0.324514,0.709853,0.644624,0.098569,0.252474,0.468670,0.385673
0.757443,0.673359,1.043135,1.003684,0.519783,0.678408,1.032366,1.006940,0.584817,0.392287,0.747916,0.828132,0.708407,0.723511,0.763416,0.712896,0.887671,0.859213,0.946525,0.909540,0.433051,0.300459,0.949981,1.198779,0.609049,0.748222,0.381302,0.340650,0.931457,0.779510,1.180799,0.000000,1.009106,1.065205,0.731158,0.727160,0.408497,0.152900,0.505521,0.483168,0.229659,0.229404,0.571318,0.664408,0.539423,0.654830,0.654677,0.509824,0.584127,0.585276,0.827033,0.698619,0.404904,0.299853,0.709424,0.727681,0.685373,0.636524,0.601435,0.598551,0.805168,0.743433,0.816931,0.802632,0.779494,0.793972,0.777816,0.736813,0.625102,0.482707,0.493651,0.482725,0.687609,0.610172,0.261923,0.264968,0.755854,0.840806,0.833174,0.683933,0.967241,0.984958,0.438157,0.432843,0.934089,0.984902,0.201879,0.342568,0.607486,0.525710
0.996177,0.815652,0.857908,0.864148,0.569667,0.692171,0.954991,0.934360,0.636360,0.447349,0.807608,0.879228,0.725811,0.695057,0.684318,0.720325,1.115536,1.063607,0.852741,0.924833,0.350440,0.428969,0.744555,0.807601,0.642116,0.653631,0.423623,0.348959,1.062974,0.981864,0.828473,1.009106,0.000000,1.367156,0.734474,0.734147,0.440742,0.360569,0.566328,0.486821,0.393138,0.344206,0.918937,0.872549,0.888260,0.986709,0.775838,0.715356,0.692155,0.657960,0.933645,0.754301,0.590627,0.523337,0.754186,0.775175,0.971516,0.805650,0.779754,0.672082,0.894303,0.728170,0.919116,0.892067,0.907387,0.778691,0.855122,1.012132,0.618879,0.431474,0.365033,0.410575,0.575898,0.464437,0.378902,0.315775,0.826439,0.836159,0.863684,0.775081,1.043773,1.151880,0.510915,0.535219,0.977791,1.003136,0.186879,0.278366,0.588558,0.541408
0.947510,0.946107,0.888832,1.070260,0.623010,0.817768,0.998983,1.185760,0.671614,0.486240,0.868926,1.074711,0.732345,0.810837,0.697632,0.738836,0.902632,0.938438,1.026541,1.145819,0.440813,0.231917,0.701160,0.964096,0.575323,0.635610,0.316259,0.273064,1.006764,0.870621,0.775819,1.065205,1.367156,0.000000,0.714073,0.686267,0.341058,0.137263,0.606755,0.537697,0.122452,0.112361,0.647284,0.973354,0.672768,0.865672,0.912396,0.728749,0.860363,0.869941,1.045326,0.937191,0.444794,0.360693,0.798941,0.961435,0.891609,0.831601,0.759210,0.791134,0.929995,0.987966,1.082962,1.213921,0.778114,1.017925,1.072682,0.969870,0.862845,0.661677,0.391485,0.368723,0.559492,0.598274,0.275625,0.202705,0.829390,0.868393,0.954177,0.725704,1.055103,1.127589,0.448162,0.477961,0.884023,1.023057,0.249858,0.382427,0.576727,0.543836
0.586244,0.519024,0.688279,0.607730,0.387675,0.447719,0.723495,0.609246,0.363093,0.314831,0.580936,0.493815,0.522165,0.476099,0.552660,0.494482,0.602114,0.554660,0.666705,0.572864,0.256476,0.224060,0.675364,0.719210,0.435746,0.472786,0.272491,0.282351,0.596470,0.487705,0.598090,0.731158,0.734474,0.714073,0.000000,0.730373,0.304463,0.169441,0.386042,0.340874,0.142191,0.119985,0.552733,0.622143,0.543101,0.584488,0.546356,0.388956,0.512676,0.532971,0.626575,0.573492,0.335237,0.241348,0.497449,0.520595,0.559581,0.485518,0.687438,0.450483,0.793236,0.598604,0.596624,0.573455,0.799862,0.669170,0.683932,0.569248,0.472370,0.326338,0.277440,0.266747,0.424750,0.317792,0.210581,0.165917,0.586935,0.571663,0.580590,0.435404,0.691695,0.644586,0.239681,0.295729,0.855974,0.691955,0.172860,0.287580,0.467517,0.408599
0.540313,0.405181,0.623335,0.608126,0.528173,0.581900,0.629168,0.656173,0.519826,0.508581,0.455247,0.503800,0.496683,0.484857,0.592463,0.557577,0.673624,0.648032,0.612423,0.574736,0.215070,0.316561,0.652571,0.714046,0.584473,0.634878,0.344166,0.299927,0.548439,0.510381,0.581373,0.727160,0.734147,0.686267,0.730373,0.000000,0.365389,0.261161,0.356387,0.289691,0.309616,0.278774,0.724414,0.605484,0.661506,0.679127,0.511634,0.445999,0.442040,0.476973,0.623268,0.541175,0.517287,0.402717,0.533621,0.496241,0.470034,0.409003,0.584124,0.515244,0.648643,0.531322,0.500277,0.535816,0.631483,0.565988,0.626831,0.807207,0.368306,0.279662,0.232361,0.209450,0.396950,0.292648,0.312523,0.329471,0.664139,0.663447,0.562812,0.520763,0.663854,0.711130,0.379039,0.392122,0.714658,0.721346,0.188309,0.296328,0.503360,0.496112
0.526581,0.394972,0.376966,0.336247,0.330917,0.350249,0.344098,0.345434,0.344458,0.299724,0.359971,0.357751,0.368549,0.346095,0.409458,0.480703,0.583266,0.545090,0.445648,0.414496,0.201706,0.440637,0.377563,0.338985,0.399799,0.376137,0.356905,0.387237,0.383734,0.368616,0.208450,0.408497,0.440742,0.341058,0.304463,0.365389,0.000000,0.467173,0.483400,0.213060,0.489421,0.321169,0.551703,0.459819,0.545790,0.555850,0.423921,0.365473,0.365772,0.366057,0.469985,0.432189,0.459364,0.348665,0.470977,0.457344,0.510737,0.453490,0.284697,0.237490,0.369990,0.267796,0.394913,0.316465,0.449179,0.365068,0.342397,0.373570,0.234222,0.169120,0.119901,0.216034,0.421043,0.332026,0.195714,0.283421,0.416246,0.448942,0.324756,0.321105,0.532303,0.579456,0.372300,0.469127,0.551721,0.541336,0.255121,0.201073,0.343040,0.308956
0.266033,0.109816,0.061054,0.055119,0.150882,0.111701,0.077287,0.099875,0.156433,0.100346,-0.004063,0.077088,0.128508,0.063373,0.183047,0.183350,0.344169,0.345954,0.058414,0.129129,-0.076229,0.562482,0.150324,0.056044,0.286253,0.250728,0.329156,0.213775,0.200016,0.329832,0.139685,0.152900,0.360569,0.137263,0.169441,0.261161,0.467173,0.000000,0.170293,0.012761,0.774910,0.750831,0.660411,0.209114,0.685979,0.498016,0.112846,0.235878,0.050248,0.018422,0.202318,0.111795,0.472605,0.478507,0.176846,0.096645,0.268924,0.219334,0.087541,0.069248,0.035243,-0.056961,-0.015515,0.014601,0.221292,-0.012731,0.050798,0.369864,-0.121209,-0.149897,0.046782,0.157813,0.235855,-0.071110,0.344794,0.468494,0.288298,0.297816,0.073684,0.245323,0.195747,0.351316,0.169399,0.294053,0.241138,0.333650,0.021757,-0.083739,0.118493,0.215298
0.623663,0.609157,0.607717,0.617372,0.494571,0.539067,0.482621,0.506941,0.499755,0.361318,0.538492,0.472487,0.381332,0.423963,0.527673,0.487585,0.504115,0.559175,0.623261,0.574556,0.399638,0.222144,0.556602,0.549635,0.572646,0.490558,0.351915,0.231693,0.560334,0.549381,0.400427,0.505521,0.566328,0.606755,0.386042,0.356387,0.483400,0.170293,0.000000,0.574275,0.251265,0.111711,0.351242,0.506207,0.424102,0.541615,0.644656,0.537382,0.593208,0.591147,0.619682,0.570818,0.361078,0.218113,0.705151,0.738924,0.609086,0.614162,0.473354,0.467345,0.461534,0.472597,0.657821,0.591090,0.566837,0.658447,0.531802,0.423560,0.541642,0.493487,0.230797,0.248519,0.319402,0.382378,0.088979,0.166926,0.476751,0.437057,0.391319,0.386367,0.621700,0.726212,0.527039,0.514180,0.643801,0.638243,0.368766,0.473321,0.503585,0.446037
0.581057,0.719478,0.569427,0.580311,0.429713,0.466740,0.449725,0.507438,0.401825,0.279331,0.461984,0.474346,0.379820,0.415109,0.533807,0.408969,0.366376,0.496887,0.576051,0.625932,0.513045,0.005388,0.465600,0.524453,0.504539,0.509095,0.273100,0.014332,0.477913,0.472111,0.478101,0.483168,0.486821,0.537697,0.340874,0.289691,0.213060,0.012761,0.574275,0.000000,-0.000548,0.006655,0.225429,0.553206,0.302297,0.436053,0.642061,0.580036,0.672880,0.643063,0.661102,0.633983,0.200741,0.066773,0.651011,0.775780,0.598505,0.714305,0.432306,0.527951,0.396469,0.447216,0.654391,0.560623,0.547998,0.650018,0.594381,0.391108,0.687695,0.598468,0.311216,0.293968,0.293163,0.406896,0.066841,0.010585,0.307637,0.392165,0.510057,0.460674,0.546891,0.625418,0.432264,0.446538,0.587298,0.595520,0.382138,0.460027,0.492587,0.380879
0.237341,-0.004525,0.122867,0.066720,0.162791,0.136535,0.120165,0.079931,0.208829,0.122673,0.040108,0.076067,0.128519,0.069131,0.178884,0.225449,0.520206,0.446010,0.053601,0.074815,-0.070350,0.743333,0.237905,0.111942,0.331030,0.278596,0.349892,0.306067,0.258246,0.425068,0.228192,0.229659,0.393138,0.122452,0.142191,0.309616,0.489421,0.774910,0.251265,-0.000548,0.000000,1.117798,0.668644,0.075050,0.544515,0.409980,-0.001288,0.125965,-0.068610,-0.105558,0.141765,0.010389,0.588606,0.594240,0.192980,0.059298,0.246248,0.157678,0.119146,0.060702,0.129374,-0.032408,0.052162,0.026902,0.276819,-0.033301,-0.066641,0.338823,-0.228577,-0.281325,0.009050,0.192931,0.257262,0.004842,0.254096,0.452932,0.309428,0.234599,0.088306,0.346347,0.240734,0.393154,0.330364,0.410861,0.296658,0.334369,-0.030427,-0.116985,0.159146,0.222960
0.220680,0.009535,0.087623,0.046424,0.160230,0.130256,0.080528,0.097060,0.164898,0.096332,-0.048981,0.050256,0.094985,0.013392,0.188520,0.156778,0.431243,0.357911,0.024797,0.095545,-0.076401,0.552366,0.203068,0.107419,0.332658,0.326476,0.358101,0.173800,0.177465,0.360232,0.256196,0.229404,0.344206,0.112361,0.119985,0.278774,0.321169,0.750831,0.111711,0.006655,1.117798,0.000000,0.681563,0.085960,0.526662,0.386565,-0.002117,0.177469,-0.083090,-0.117141,0.136536,0.004924,0.573659,0.581234,0.202865,0.022324,0.236710,0.184691,0.115204,0.131409,0.057451,-0.066230,0.012356,-0.001548,0.225351,-0.090905,-0.026507,0.389969,-0.191060,-0.258938,0.092214,0.207824,0.260642,-0.013682,0.289190,0.466981,0.271018,0.261200,0.069866,0.389866,0.188605,0.372100,0.258390,0.312670,0.239831,0.357917,-0.083591,-0.200802,0.181982,0.263650
0.779075,0.506021,0.441820,0.430436,0.484862,0.491520,0.503902,0.536293,0.475324,0.396557,0.385329,0.475375,0.458213,0.382702,0.513953,0.501939,0.891705,0.786044,0.517075,0.576697,0.152180,0.546723,0.479157,0.414469,0.602613,0.586518,0.486486,0.350215,0.575536,0.707142,0.485675,0.571318,0.918937,0.647284,0.552733,0.724414,0.551703,0.660411,0.351242,0.225429,0.668644,0.681563,0.000000,0.840668,1.364308,1.177167,0.662692,0.775900,0.499129,0.485824,0.695560,0.560294,0.993761,0.835080,0.592170,0.442047,0.755550,0.633760,0.636137,0.522108,0.515352,0.346585,0.462527,0.437638,0.658387,0.378447,0.635192,1.033082,0.313411,0.163415,0.181163,0.242860,0.320897,0.124529,0.385673,0.425560,0.692695,0.699634,0.540801,0.654266,0.679785,0.799430,0.497854,0.483514,0.723176,0.763305,0.083723,0.113241,0.516419,0.537761
1.078076,1.154514,0.616849,0.674459,0.563534,0.660690,0.684929,0.787738,0.556873,0.421372,0.705642,0.775907,0.600242,0.621254,0.671581,0.653772,0.727226,0.862764,0.993289,1.072601,0.434174,0.182222,0.500977,0.601562,0.553704,0.588220,0.349152,0.231924,0.711352,0.627400,0.458736,0.664408,0.872549,0.973354,0.622143,0.605484,0.459819,0.209114,0.506207,0.553206,0.075050,0.085960,0.840668,0.000000,0.979974,1.249344,1.349249,1.034709,1.218014,1.278427,1.145421,1.160440,0.415963,0.247846,0.781339,0.942858,1.004539,1.056649,0.687310,0.682251,0.707710,0.748440,0.853202,0.878452,0.770197,0.842161,1.163360,0.804287,0.885858,0.607418,0.278614,0.307309,0.403233,0.441641,0.270231,0.147785,0.650569,0.767134,0.802255,0.629442,0.929474,0.963887,0.408889,0.479238,0.841493,0.927853,0.337815,0.396028,0.531988,0.455010
0.880409,0.674915,0.464143,0.448680,0.474132,0.480848,0.514078,0.550373,0.446546,0.368037,0.416916,0.503747,0.472355,0.405552,0.536676,0.511362,0.838255,0.822099,0.603938,0.702768,0.161639,0.464546,0.469338,0.421159,0.604091,0.604439,0.436139,0.315610,0.582685,0.612827,0.448139,0.539423,0.888260,0.672768,0.543101,0.661506,0.545790,0.685979,0.424102,0.302297,0.544515,0.526662,1.364308,0.979974,0.000000,1.617171,0.805390,0.836560,0.695986,0.671177,0.812835,0.699641,0.656969,0.514257,0.613052,0.533816,0.851593,0.765164,0.597643,0.511293,0.522560,0.381387,0.485238,0.507996,0.717856,0.452648,0.714685,0.937047,0.426823,0.242670,0.213043,0.295727,0.417129,0.210617,0.393698,0.437817,0.645497,0.704247,0.551662,0.588307,0.720811,0.872120,0.394876,0.447483,0.747277,0.818932,0.165494,0.159796,0.469267,0.446920
1.083791,0.919080,0.589451,0.605366,0.550676,0.584610,0.641153,0.701933,0.520542,0.374781,0.538784,0.649995,0.549624,0.499055,0.592924,0.576578,0.905286,0.972925,0.816334,0.907730,0.302246,0.420022,0.568102,0.565935,0.632807,0.659800,0.425270,0.336460,0.702247,0.712048,0.489606,0.654830,0.986709,0.865672,0.584488,0.679127,0.555850,0.498016,0.541615,0.436053,0.409980,0.386565,1.177167,1.249344,1.617171,0.000000,1.066099,0.967055,0.928571,0.960798,1.042432,0.957711,0.624799,0.456831,0.740430,0.746274,1.026853,0.976478,0.639705,0.621706,0.588279,0.525054,0.649030,0.705537,0.780993,0.611641,0.896200,0.954593,0.626160,0.406407,0.281267,0.333939,0.513042,0.395658,0.374509,0.352664,0.709003,0.809719,0.697678,0.685695,0.871495,1.077937,0.448898,0.513290,0.836366,1.004500,0.227460,0.269009,0.527296,0.483743
1.178927,1.308276,0.827989,0.863392,0.668868,0.727112,0.778828,0.844797,0.634882,0.496625,0.732864,0.751419,0.585874,0.580217,0.761126,0.598617,0.615058,0.728227,1.122160,1.158361,0.509099,0.124130,0.676641,0.680954,0.709649,0.705744,0.374294,0.220441,0.637492,0.517992,0.495683,0.654677,0.775838,0.912396,0.546356,0.511634,0.423921,0.112846,0.644656,0.642061,-0.001288,-0.002117,0.662692,1.349249,0.805390,1.066099,0.000000,1.338359,1.515138,1.390550,1.277247,1.279785,0.498105,0.295257,1.018111,1.088123,1.093025,1.200227,0.777992,0.780241,0.639959,0.645466,0.909228,0.810156,0.804217,0.894732,1.397356,0.767255,1.178457,0.907216,0.352704,0.321044,0.376352,0.493494,0.197548,0.133358,0.677962,0.789776,0.767042,0.514267,0.830783,0.895220,0.484512,0.436109,0.874764,0.967948,0.317053,0.472759,0.761331,0.619396
0.952457,0.958590,0.672220,0.726429,0.710796,0.708502,0.621030,0.722959,0.659287,0.537232,0.506230,0.621818,0.468348,0.468748,0.683324,0.521584,0.512011,0.614628,0.756907,0.923352,0.459368,0.168052,0.591036,0.533593,0.748789,0.740535,0.402062,0.165641,0.445552,0.474058,0.437211,0.509824,0.715356,0.728749,0.388956,0.445999,0.365473,0.235878,0.537382,0.580036,0.125965,0.177469,0.775900,1.034709,0.836560,0.967055,1.338359,0.000000,1.045701,0.964953,1.010676,0.959758,0.671239,0.566450,0.968349,0.844454,0.896845,1.005099,0.733731,0.801463,0.434526,0.450656,0.651081,0.606905,0.637516,0.636332,1.066137,0.886999,0.896849,0.813267,0.352252,0.292180,0.246810,0.315269,0.225359,0.182412,0.648934,0.737020,0.614410,0.557519,0.598093,0.779323,0.537050,0.418010,0.686944,0.852289,0.235062,0.356018,0.815741,0.771911
1.080407,1.307692,0.824734,0.896517,0.727411,0.788199,0.790497,0.890199,0.692838,0.524556,0.724778,0.771558,0.608544,0.617328,0.784533,0.635827,0.528157,0.662525,1.074326,1.087061,0.520122,0.043346,0.647533,0.725920,0.675882,0.687686,0.321278,0.169871,0.579217,0.426105,0.388565,0.584127,0.692155,0.860363,0.512676,0.442040,0.365772,0.050248,0.593208,0.672880,-0.068610,-0.083090,0.499129,1.218014,0.695986,0.928571,1.515138,1.045701,0.000000,1.674348,1.512100,1.518299,0.364096,0.166976,1.010049,1.155106,1.012036,1.116812,0.759941,0.810566,0.659403,0.711932,0.860235,0.828438,0.808647,0.973095,1.294002,0.628529,1.134551,0.922985,0.289709,0.264344,0.410447,0.491703,0.193747,0.087698,0.605258,0.706919,0.737367,0.439953,0.779052,0.830513,0.430465,0.460526,0.821800,0.931541,0.451946,0.511838,0.683775,0.549921
