0.000000,1.076289,0.868962,1.083191,0.746092,0.584458,1.116105,1.190784,0.872321,0.697902,1.041247,1.060915,1.021269,0.936049,0.774798,0.666682,0.721801,0.731523,0.776055,0.897448,0.251416,0.242739,0.723798,0.828335,0.336135,0.214074,0.367937,0.363647,0.225110,0.123951,0.360895,0.650722,0.984727,0.944439,0.614339,0.483766,0.156744,0.080345,-0.125814,-0.069680,-0.000666,0.042267,0.268333,0.680479,0.575796,0.645286,0.295912,0.293437,0.813136,0.663176,0.651331,0.667475,0.399857,0.610817,0.814900,0.626886,1.015968,1.069963,1.326878,1.083262,1.226253,1.005105,0.537126,0.957723,0.703179,0.843445,1.195657,1.136000,1.097064,0.987634,0.026486,0.055806,0.758303,0.730905,0.210803,0.034116,0.345264,0.222141,0.085011,-0.041105,0.203369,0.266373,0.378040,0.369439,0.521739,0.484619,-0.060221,0.086110,0.861238,0.849323
1.076289,0.000000,0.529748,0.752941,0.511958,0.497660,0.601504,0.727181,0.642264,0.604865,0.739815,0.955186,0.636094,0.756454,0.564989,0.566953,0.677184,1.052592,0.573310,0.803351,0.184564,0.111874,0.436693,0.631160,0.292241,0.171565,0.282347,0.284233,0.223859,0.145607,0.169022,0.397874,0.861204,0.957202,0.500365,0.435982,0.160553,0.161161,-0.087591,-0.044719,0.043869,0.099271,0.272846,0.593067,0.555136,0.557461,0.277152,0.232480,0.567774,0.583033,0.541596,0.469470,0.294405,0.419260,0.610512,0.466835,1.081998,1.240388,1.080154,1.231065,0.713465,1.004975,0.447352,0.770215,0.426182,0.515395,0.845617,0.731511,1.073205,0.905068,-0.085443,0.048431,0.456057,0.489750,0.233752,0.205291,0.169741,0.061193,0.072103,-0.061878,0.199761,0.253535,0.320649,0.301536,0.466048,0.449074,-0.022750,0.043124,0.516539,0.475019
0.868962,0.529748,0.000000,1.187020,0.662898,0.518160,1.294942,1.062266,0.708388,0.591299,0.749701,0.582717,0.764299,0.660484,0.670946,0.499835,0.441330,0.566251,1.014386,0.742982,0.111828,0.176609,0.742580,1.037717,0.159379,0.016707,0.282107,0.197614,0.124894,-0.069995,0.277962,0.564698,0.579075,0.660953,0.641315,0.456076,0.121953,0.014304,-0.155002,-0.130021,-0.075445,-0.037011,0.172600,0.425004,0.328294,0.377445,0.157610,0.184799,0.410709,0.338211,0.370675,0.322587,0.163948,0.378098,0.577387,0.442067,0.511771,0.496673,0.690150,0.641406,0.844793,0.625518,0.391602,0.578527,0.610307,0.598145,0.860438,0.713508,0.687716,0.644631,0.162082,0.225496,0.912965,0.943147,0.380221,0.131241,0.565253,0.436013,-0.040650,-0.171649,0.018938,0.110196,0.200006,0.106415,0.337346,0.213904,-0.163131,-0.084147,0.695987,0.616169
1.083191,0.752941,1.187020,0.000000,0.643867,0.603777,1.094605,1.488330,0.759270,0.707829,0.713602,0.726517,0.655280,0.675899,0.615721,0.581669,0.528568,0.642976,0.907028,1.021167,0.121510,0.201976,0.635160,1.156639,0.285732,0.100722,0.335467,0.275231,0.164977,-0.000011,0.157533,0.541711,0.687431,0.817418,0.621832,0.560780,0.217403,0.102742,-0.047857,-0.026855,-0.000323,0.080597,0.356028,0.621296,0.588508,0.679801,0.343304,0.415738,0.707540,0.555431,0.615186,0.576052,0.344932,0.624706,0.772324,0.657817,0.702178,0.662466,1.008795,0.932090,0.909915,0.791094,0.404769,0.681656,0.552930,0.899463,1.213272,1.041047,0.868007,0.949130,0.072819,0.171339,0.804715,0.871153,0.266613,0.174628,0.506981,0.338932,0.010330,-0.161674,0.158165,0.217161,0.326611,0.253187,0.464628,0.434381,-0.073165,0.036820,0.790840,0.788718
0.746092,0.511958,0.662898,0.643867,0.000000,0.824799,0.633727,0.745604,1.167211,1.035251,0.590942,0.512647,0.610130,0.751616,0.965229,0.758356,0.707141,0.588864,0.625268,0.675578,0.449022,0.347248,0.719031,0.656153,0.520557,0.311808,0.539125,0.517661,0.302524,0.316552,0.372295,0.468307,0.641390,0.609841,0.649646,0.656491,0.227751,0.174892,0.053275,0.045243,0.077227,0.113594,0.255636,0.533683,0.375812,0.508556,0.295271,0.251457,0.533310,0.507902,0.584453,0.497593,0.382509,0.496919,0.687127,0.526924,0.721411,0.635925,0.706361,0.653309,0.761691,0.670356,0.433272,0.645660,0.737971,0.684837,0.870424,0.710428,0.661214,0.746704,0.005378,-0.031294,0.595298,0.519372,0.207309,0.060907,0.243975,0.152767,0.307492,0.219399,0.293367,0.412474,0.394420,0.337441,0.544361,0.451036,0.047049,0.101518,0.829012,0.693416
0.584458,0.497660,0.518160,0.603777,0.824799,0.000000,0.531942,0.672064,0.842410,1.068321,0.632967,0.492329,0.555183,0.757771,0.773587,0.762320,0.726368,0.529777,0.499791,0.620022,0.629723,0.578201,0.527511,0.638086,0.458897,0.431893,0.804931,0.810083,0.417870,0.429911,0.258103,0.306130,0.612205,0.672655,0.600612,0.689678,0.382282,0.376264,0.242586,0.274599,0.225317,0.267696,0.476856,0.668442,0.473562,0.629571,0.451237,0.423120,0.644550,0.626689,0.757979,0.640647,0.442418,0.592054,0.748273,0.690399,0.599346,0.520108,0.691230,0.699570,0.687334,0.716639,0.465237,0.627685,0.671192,0.728712,0.801332,0.663996,0.478153,0.663993,0.099898,0.082974,0.487814,0.318426,0.241938,0.153640,0.338792,0.361411,0.508990,0.300030,0.486947,0.582541,0.484806,0.483254,0.714278,0.680433,0.170018,0.301576,0.846052,0.752198
1.116105,0.601504,1.294942,1.094605,0.633727,0.531942,0.000000,1.463612,0.811951,0.647445,1.012742,0.812692,1.046015,0.840967,0.762429,0.652463,0.436643,0.566114,0.876219,0.809441,0.241990,0.230752,0.813675,0.926731,0.332190,0.183194,0.376794,0.316561,0.228182,0.051443,0.390301,0.683434,0.707045,0.817168,0.810585,0.554871,0.212427,0.127581,-0.066861,-0.002043,0.008161,0.093053,0.285247,0.606145,0.396240,0.514497,0.270880,0.309141,0.634885,0.427835,0.554722,0.488873,0.305570,0.546181,0.748345,0.577901,0.498412,0.598875,0.845895,0.750380,1.187545,0.830699,0.440436,0.735459,0.927022,0.898654,1.007966,0.885599,0.633416,0.713572,0.152776,0.166770,0.972840,0.937079,0.353772,0.151497,0.592668,0.438957,0.072995,-0.022776,0.167682,0.256154,0.336666,0.294953,0.473144,0.366494,-0.057798,0.075114,0.877425,0.753193
1.190784,0.727181,1.062266,1.488330,0.745604,0.672064,1.463612,0.000000,0.998785,0.821180,0.905487,0.967344,0.862893,0.936616,0.757839,0.722949,0.534472,0.641104,0.867880,0.948143,0.246469,0.240808,0.727594,1.026886,0.388901,0.203447,0.407498,0.368992,0.209380,0.103891,0.308689,0.667725,0.755449,0.904030,0.777256,0.637263,0.216338,0.166608,-0.083199,-0.016902,-0.027510,0.106559,0.332400,0.695340,0.535891,0.681946,0.316299,0.397303,0.793477,0.581651,0.668137,0.615677,0.387862,0.641737,0.802768,0.629743,0.607039,0.684015,1.067310,0.942358,1.167537,1.030807,0.468380,0.869994,0.822929,1.176993,1.203302,1.093550,0.723308,0.844635,0.060288,0.114157,0.895716,0.883831,0.259056,0.177113,0.494988,0.337576,0.070096,-0.065291,0.201227,0.285892,0.369270,0.307055,0.493099,0.439708,-0.112207,0.037984,0.854886,0.782426
0.872321,0.642264,0.708388,0.759270,1.167211,0.842410,0.811951,0.998785,0.000000,1.089343,0.732496,0.674593,0.670260,0.859477,1.132203,0.958561,0.645396,0.684679,0.627604,0.786535,0.337797,0.336404,0.641974,0.676427,0.541157,0.350886,0.516645,0.509168,0.342548,0.334766,0.274619,0.417615,0.603057,0.700455,0.695240,0.732434,0.303876,0.287213,0.082016,0.108660,0.128228,0.225931,0.379374,0.657590,0.535979,0.668564,0.387984,0.385714,0.755800,0.663379,0.743793,0.699865,0.438799,0.611887,0.767977,0.636899,0.647582,0.613498,0.863834,0.779447,0.924808,0.871360,0.452525,0.726997,0.888172,1.009715,0.917267,0.737932,0.599826,0.776415,0.046954,0.046736,0.699042,0.641867,0.244303,0.231727,0.343163,0.227681,0.273880,0.192916,0.340887,0.492757,0.459608,0.447649,0.647401,0.598823,0.015239,0.137394,0.892992,0.757644
0.697902,0.604865,0.591299,0.707829,1.035251,1.068321,0.647445,0.821180,1.089343,0.000000,0.656447,0.542523,0.659498,0.873078,0.969930,0.939938,0.659015,0.659918,0.622707,0.808722,0.455151,0.360582,0.722575,0.770994,0.611716,0.418438,0.607704,0.580570,0.366859,0.341866,0.251917,0.365636,0.621295,0.701651,0.668870,0.738298,0.389991,0.293898,0.235297,0.222347,0.192552,0.271783,0.443834,0.603540,0.490557,0.645759,0.474381,0.489540,0.687434,0.669034,0.759295,0.645573,0.603841,0.696300,0.813730,0.719616,0.672880,0.618489,0.733362,0.736178,0.688312,0.790439,0.452794,0.655716,0.664017,0.744726,0.908363,0.710047,0.590372,0.812842,0.079247,0.036760,0.576948,0.466633,0.143626,0.169317,0.387602,0.305119,0.343255,0.216607,0.429055,0.502202,0.550398,0.499337,0.785104,0.638096,0.221344,0.289973,0.943058,0.857573
1.041247,0.739815,0.749701,0.713602,0.590942,0.632967,1.012742,0.905487,0.732496,0.656447,0.000000,1.145913,1.366667,1.164224,0.777555,0.751692,0.824080,0.818344,0.727139,0.738381,0.361457,0.307301,0.787038,0.694067,0.362722,0.333216,0.390874,0.419317,0.513245,0.367363,0.534788,0.590620,0.916770,0.978337,0.707908,0.551404,0.317789,0.242275,0.039804,0.131648,0.143917,0.200948,0.344461,0.551891,0.440712,0.519079,0.323361,0.236318,0.654684,0.438632,0.670079,0.471998,0.366783,0.393572,0.793945,0.566826,0.690731,0.750422,0.901286,0.749471,1.345040,1.014566,0.781964,1.079251,0.929959,0.773770,0.842145,0.730451,0.587144,0.674517,0.066585,0.040592,0.748279,0.680198,0.309147,0.088586,0.396326,0.352444,0.301851,0.178296,0.379554,0.432920,0.496223,0.471525,0.654098,0.551190,0.099380,0.231001,0.821821,0.679893
1.060915,0.955186,0.582717,0.726517,0.512647,0.492329,0.812692,0.967344,0.674593,0.542523,1.145913,0.000000,0.914107,1.081087,0.532404,0.529212,0.678070,0.934294,0.547197,0.686005,0.282478,0.222718,0.610066,0.606575,0.328399,0.241058,0.345540,0.363590,0.301383,0.263009,0.423792,0.570992,0.890247,0.943006,0.649028,0.517666,0.184284,0.187689,-0.101573,0.016877,0.008928,0.139964,0.186540,0.579680,0.406434,0.469240,0.180980,0.171667,0.620968,0.397210,0.542941,0.424475,0.294732,0.349295,0.648889,0.432148,0.665647,0.863872,0.874901,0.868855,1.055763,1.137325,0.508436,1.139367,0.750788,0.833178,0.843355,0.833501,0.681980,0.669230,-0.016246,0.018277,0.604281,0.570062,0.269290,0.117274,0.209185,0.089006,0.174729,0.062615,0.226189,0.319452,0.288719,0.313405,0.438176,0.415619,-0.034284,0.026488,0.614631,0.507025
1.021269,0.636094,0.764299,0.655280,0.610130,0.555183,1.046015,0.862893,0.670260,0.659498,1.366667,0.914107,0.000000,1.219259,0.952225,0.802755,0.715060,0.678130,0.793336,0.768321,0.281179,0.241622,1.064320,0.867877,0.443012,0.394381,0.393876,0.410054,0.483236,0.307037,0.724353,0.825493,0.910987,0.842052,0.712327,0.522150,0.265373,0.176530,-0.016553,0.077968,0.121936,0.155567,0.265818,0.592646,0.446458,0.530764,0.272903,0.246435,0.644606,0.489292,0.588960,0.463378,0.384642,0.506483,0.800107,0.587852,0.732867,0.846560,0.761998,0.696740,1.070175,0.882391,0.603710,1.002825,0.868547,0.668261,0.930569,0.906639,0.650494,0.731222,0.129703,0.049642,0.840626,0.713488,0.284522,-0.039959,0.447809,0.370361,0.300197,0.183136,0.301093,0.371490,0.464271,0.434205,0.617123,0.462372,0.134309,0.211950,0.961508,0.791236
0.936049,0.756454,0.660484,0.675899,0.751616,0.757771,0.840967,0.936616,0.859477,0.873078,1.164224,1.081087,1.219259,0.000000,0.963769,0.904233,0.803036,0.891523,0.686672,0.705446,0.354643,0.287216,0.931993,0.913287,0.483403,0.380846,0.441129,0.487089,0.390593,0.386041,0.577559,0.696216,0.918038,0.933952,0.735880,0.678757,0.259867,0.280222,0.013628,0.120174,0.113868,0.213869,0.298252,0.624088,0.394485,0.525687,0.272185,0.260026,0.630795,0.505122,0.636256,0.495562,0.385532,0.485396,0.766763,0.569454,0.773228,0.879349,0.876948,0.803804,1.062550,1.119843,0.642466,1.162564,0.853112,0.765485,0.920097,0.829765,0.603645,0.676269,-0.012387,0.009217,0.737756,0.674222,0.229729,0.116483,0.362514,0.300504,0.290426,0.206200,0.314136,0.454478,0.453059,0.409796,0.624882,0.544282,0.128878,0.173455,0.818807,0.670047
0.774798,0.564989,0.670946,0.615721,0.965229,0.773587,0.762429,0.757839,1.132203,0.969930,0.777555,0.532404,0.952225,0.963769,0.000000,1.346437,0.760802,0.637018,0.756801,0.799818,0.321014,0.345929,0.873274,0.820577,0.613629,0.503624,0.562976,0.546314,0.618221,0.531958,0.500935,0.594405,0.700172,0.702209,0.674523,0.645830,0.401109,0.376736,0.193837,0.260814,0.302656,0.390486,0.490439,0.672226,0.676621,0.766528,0.502783,0.401865,0.780636,0.738655,0.757528,0.663234,0.470459,0.604273,0.938083,0.775665,0.739967,0.670410,0.820150,0.653129,0.863290,0.722654,0.638052,0.721484,0.881319,0.692455,0.949307,0.737894,0.575620,0.748269,0.075114,0.048370,0.895970,0.758873,0.221622,0.183710,0.447691,0.368215,0.440819,0.363424,0.510507,0.646403,0.717930,0.648760,0.900955,0.700167,0.233125,0.321429,1.059317,0.858194
0.666682,0.566953,0.499835,0.581669,0.758356,0.762320,0.652463,0.722949,0.958561,0.939938,0.751692,0.529212,0.802755,0.904233,1.346437,0.000000,0.702851,0.674047,0.626742,0.764714,0.392908,0.382001,0.719235,0.723040,0.700325,0.624406,0.668217,0.720837,0.711722,0.689454,0.471922,0.536461,0.683877,0.774436,0.615557,0.616685,0.530841,0.525078,0.345614,0.440755,0.413319,0.570980,0.677212,0.739934,0.739029,0.887291,0.682513,0.515280,0.871645,0.754551,0.957323,0.731832,0.600415,0.605855,1.034850,0.858428,0.702478,0.646947,0.813695,0.642011,0.753832,0.705053,0.695233,0.697436,0.760514,0.707296,0.832110,0.638821,0.450514,0.672085,0.143625,0.127595,0.773984,0.687128,0.255762,0.303625,0.459241,0.375718,0.492824,0.381090,0.695440,0.797678,0.740173,0.831511,1.079251,0.887080,0.299685,0.461219,1.003393,0.813767
0.721801,0.677184,0.441330,0.528568,0.707141,0.726368,0.436643,0.534472,0.645396,0.659015,0.824080,0.678070,0.715060,0.803036,0.760802,0.702851,0.000000,0.903964,0.545120,0.644055,0.538756,0.506868,0.659382,0.561971,0.513863,0.485214,0.509575,0.505856,0.690243,0.715980,0.604413,0.572175,1.067958,0.874169,0.538915,0.583914,0.349548,0.344689,0.103613,0.189026,0.174042,0.277057,0.426842,0.601614,0.612472,0.613778,0.443901,0.335753,0.614905,0.517931,0.685873,0.477000,0.413410,0.373287,0.770872,0.560683,1.085375,0.924123,0.754533,0.693428,0.770138,0.719690,0.904865,0.941167,0.608215,0.546178,0.870071,0.714046,0.709127,0.718265,-0.108083,-0.078138,0.487580,0.418182,0.267266,0.070845,0.164430,0.159229,0.641187,0.446386,0.650995,0.741376,0.484441,0.588702,0.675793,0.642930,0.121125,0.247343,0.671996,0.587432
0.731523,1.052592,0.566251,0.642976,0.588864,0.529777,0.566114,0.641104,0.684679,0.659918,0.818344,0.934294,0.678130,0.891523,0.637018,0.674047,0.903964,0.000000,0.622342,0.736336,0.298694,0.236763,0.595247,0.692012,0.397984,0.239754,0.362975,0.366006,0.371272,0.384057,0.356275,0.461078,0.932178,0.999626,0.684833,0.603747,0.307993,0.305405,0.034134,0.094106,0.097162,0.201604,0.382081,0.608764,0.455620,0.511407,0.327285,0.253583,0.465974,0.436005,0.560795,0.378116,0.315393,0.294940,0.651826,0.491952,0.921107,1.050414,0.760554,0.920916,0.750255,0.981250,0.628858,0.952690,0.559730,0.538921,0.811589,0.608091,0.725021,0.710723,-0.143379,-0.009904,0.558244,0.603621,0.320409,0.271457,0.217176,0.104915,0.277975,0.136833,0.343333,0.506872,0.301147,0.338748,0.545920,0.500869,0.086123,0.070026,0.537151,0.455275
0.776055,0.573310,1.014386,0.907028,0.625268,0.499791,0.876219,0.867880,0.627604,0.622707,0.727139,0.547197,0.793336,0.686672,0.756801,0.626742,0.545120,0.622342,0.000000,1.192723,0.206552,0.235117,0.868653,1.061375,0.241483,0.123802,0.332751,0.311475,0.178856,0.051130,0.357939,0.592815,0.660419,0.666127,0.575919,0.405603,0.186101,0.105238,-0.080616,-0.065173,0.012835,0.038314,0.307875,0.539709,0.503668,0.536419,0.322280,0.387843,0.543833,0.466136,0.467260,0.374844,0.322699,0.538416,0.654692,0.553847,0.603321,0.636212,0.616716,0.569059,0.704585,0.598660,0.425599,0.626080,0.571248,0.492568,0.868968,0.741280,0.676520,0.850058,0.156216,0.083363,0.800350,0.793634,0.108578,0.027712,0.510551,0.419125,0.045207,-0.081652,0.198721,0.255154,0.445499,0.307795,0.488678,0.328318,-0.062846,0.037096,0.743495,0.745558
0.897448,0.803351,0.742982,1.021167,0.675578,0.620022,0.809441,0.948143,0.786535,0.808722,0.738381,0.686005,0.768321,0.705446,0.799818,0.764714,0.644055,0.736336,1.192723,0.000000,0.292059,0.282925,0.742335,0.956121,0.417166,0.262411,0.451431,0.475318,0.312533,0.197158,0.230832,0.459190,0.713983,0.833938,0.700151,0.584964,0.405821,0.251736,0.127148,0.122346,0.168183,0.251385,0.556834,0.812171,0.794144,0.853536,0.585599,0.695036,0.848855,0.676667,0.798849,0.614537,0.624422,0.884210,0.973810,0.895541,0.733591,0.789032,0.805423,0.788007,0.754728,0.731449,0.431089,0.681410,0.614516,0.702423,1.149030,0.924550,0.918529,1.379774,0.140164,0.104913,0.709863,0.693877,0.114843,0.124831,0.479108,0.295612,0.210889,0.031492,0.396380,0.465062,0.637030,0.548626,0.755919,0.623375,0.119392,0.230587,0.984433,1.022556
0.251416,0.184564,0.111828,0.121510,0.449022,0.629723,0.241990,0.246469,0.337797,0.455151,0.361457,0.282478,0.281179,0.354643,0.321014,0.392908,0.538756,0.298694,0.206552,0.292059,0.000000,0.972306,0.417245,0.238655,0.545012,0.484273,0.904858,0.847793,0.381307,0.530306,0.396218,0.268336,0.442046,0.460271,0.491179,0.485538,0.469583,0.363621,0.374941,0.398095,0.266676,0.282853,0.453366,0.494457,0.202508,0.362248,0.481718,0.377237,0.435817,0.303948,0.646774,0.426914,0.454575,0.379396,0.555533,0.468389,0.316475,0.313720,0.298384,0.282143,0.375929,0.306544,0.310404,0.329480,0.540841,0.403805,0.389056,0.314666,0.120926,0.274076,0.094330,-0.014727,0.125544,0.010287,0.195741,0.056653,0.163176,0.164488,0.610265,0.588876,0.709130,0.698462,0.415356,0.600836,0.574726,0.617950,0.290306,0.474586,0.527816,0.519629
0.242739,0.111874,0.176609,0.201976,0.347248,0.578201,0.230752,0.240808,0.336404,0.360582,0.307301,0.222718,0.241622,0.287216,0.345929,0.382001,0.506868,0.236763,0.235117,0.282925,0.972306,0.000000,0.383844,0.262578,0.393669,0.397279,0.818957,0.826213,0.332800,0.453092,0.337914,0.226366,0.435065,0.475881,0.393355,0.444862,0.479319,0.418211,0.397540,0.473937,0.417478,0.422543,0.453663,0.594962,0.310109,0.528038,0.435877,0.316356,0.523558,0.388115,0.676782,0.570577,0.283913,0.303826,0.595395,0.526521,0.294866,0.235901,0.307011,0.279531,0.379841,0.258012,0.317509,0.353363,0.514146,0.464950,0.392859,0.354584,0.090819,0.272908,0.221843,0.134686,0.213954,0.069140,0.060531,0.077800,0.248700,0.288723,0.612709,0.649274,0.647629,0.732536,0.316243,0.575613,0.550618,0.693784,0.276880,0.513508,0.541810,0.549113
0.723798,0.436693,0.742580,0.635160,0.719031,0.527511,0.813675,0.727594,0.641974,0.722575,0.787038,0.610066,1.064320,0.931993,0.873274,0.719235,0.659382,0.595247,0.868653,0.742335,0.417245,0.383844,0.000000,1.158529,0.741717,0.536492,0.580578,0.520583,0.371422,0.283039,0.922431,1.014781,0.861505,0.752052,0.874413,0.746075,0.356256,0.180116,0.108485,0.129670,0.181206,0.184107,0.257931,0.491547,0.318442,0.476432,0.297466,0.299967,0.532778,0.395049,0.599573,0.416265,0.392833,0.507719,0.757527,0.555675,0.728399,0.716333,0.537266,0.486199,0.797113,0.571389,0.363325,0.679747,0.915905,0.647044,0.910777,0.938752,0.555092,0.744992,0.140231,-0.009944,0.760933,0.629023,0.202301,-0.017211,0.500738,0.395738,0.335008,0.233241,0.341959,0.402971,0.435353,0.424697,0.611903,0.497678,0.205229,0.230605,1.035536,0.851091
0.828335,0.631160,1.037717,1.156639,0.656153,0.638086,0.926731,1.026886,0.676427,0.770994,0.694067,0.606575,0.867877,0.913287,0.820577,0.723040,0.561971,0.692012,1.061375,0.956121,0.238655,0.262578,1.158529,0.000000,0.501160,0.278320,0.515778,0.417128,0.210626,0.088381,0.426396,0.797602,0.749844,0.810115,0.815586,0.711332,0.254865,0.141210,-0.004623,0.012523,0.073661,0.093578,0.313642,0.569914,0.420757,0.552684,0.305445,0.363721,0.561051,0.497522,0.567609,0.468076,0.325659,0.592889,0.762956,0.629141,0.770389,0.727327,0.743614,0.716316,0.774722,0.694893,0.367154,0.657084,0.657211,0.706752,1.090548,1.006789,0.744657,0.876590,0.105750,0.089473,0.897416,0.822438,0.214689,0.068727,0.537242,0.427104,0.103294,-0.032928,0.206350,0.282470,0.409597,0.277109,0.553726,0.453986,0.057668,0.116237,0.949041,0.853519
0.336135,0.292241,0.159379,0.285732,0.520557,0.458897,0.332190,0.388901,0.541157,0.611716,0.362722,0.328399,0.443012,0.483403,0.613629,0.700325,0.513863,0.397984,0.241483,0.417166,0.545012,0.393669,0.741717,0.501160,0.000000,1.324356,0.743122,0.755904,0.676083,0.719933,0.701221,0.669683,0.543380,0.598669,0.655178,0.650973,0.538868,0.444723,0.436510,0.461583,0.348759,0.455942,0.501457,0.491631,0.390453,0.503158,0.542518,0.389805,0.584075,0.334214,0.784611,0.448280,0.479614,0.403229,0.659293,0.511486,0.473431,0.425227,0.419800,0.368366,0.393436,0.339119,0.184906,0.294734,0.701478,0.627959,0.588941,0.540563,0.261664,0.456357,0.120372,0.026870,0.289930,0.201193,0.267561,0.199287,0.234586,0.175482,0.652174,0.607481,0.750140,0.714859,0.515624,0.711458,0.743520,0.732873,0.421148,0.465100,0.728186,0.595117
0.214074,0.171565,0.016707,0.100722,0.311808,0.431893,0.183194,0.203447,0.350886,0.418438,0.333216,0.241058,0.394381,0.380846,0.503624,0.624406,0.485214,0.239754,0.123802,0.262411,0.484273,0.397279,0.536492,0.278320,1.324356,0.000000,0.707497,0.780695,0.886235,0.905346,0.823661,0.611479,0.499933,0.497188,0.446225,0.404194,0.519779,0.469692,0.490578,0.552783,0.453784,0.523208,0.477584,0.392748,0.409632,0.459349,0.513735,0.274201,0.529064,0.286698,0.685769,0.370572,0.372781,0.249065,0.538137,0.404942,0.383177,0.300998,0.306731,0.231385,0.292152,0.197478,0.207379,0.229862,0.552962,0.449733,0.390392,0.389536,0.102778,0.265319,0.237467,0.105659,0.210030,0.062218,0.250344,0.162065,0.174406,0.208328,0.842026,0.772800,0.865566,0.758520,0.503948,0.827625,0.671205,0.682603,0.478809,0.558486,0.588651,0.457192
0.367937,0.282347,0.282107,0.335467,0.539125,0.804931,0.376794,0.407498,0.516645,0.607704,0.390874,0.345540,0.393876,0.441129,0.562976,0.668217,0.509575,0.362975,0.332751,0.451431,0.904858,0.818957,0.580578,0.515778,0.743122,0.707497,0.000000,1.273569,0.464720,0.571172,0.415417,0.400216,0.490042,0.561900,0.579267,0.588728,0.490849,0.435974,0.383494,0.402315,0.314218,0.419400,0.501685,0.670501,0.442581,0.646728,0.551674,0.422418,0.685547,0.534336,0.844442,0.656158,0.391572,0.480446,0.737347,0.593042,0.433621,0.390425,0.422996,0.393506,0.434058,0.339818,0.251803,0.342860,0.704025,0.654924,0.617324,0.573982,0.252428,0.463538,0.159396,0.079969,0.366464,0.155432,0.281075,0.090554,0.247157,0.230281,0.663308,0.542608,0.684870,0.738481,0.559818,0.668832,0.751545,0.788861,0.255777,0.432763,0.813597,0.703790
0.363647,0.284233,0.197614,0.275231,0.517661,0.810083,0.316561,0.368992,0.509168,0.580570,0.419317,0.363590,0.410054,0.487089,0.546314,0.720837,0.505856,0.366006,0.311475,0.475318,0.847793,0.826213,0.520583,0.417128,0.755904,0.780695,1.273569,0.000000,0.513931,0.616155,0.454332,0.391154,0.536608,0.633548,0.567776,0.557709,0.577170,0.452278,0.479179,0.515353,0.425008,0.489382,0.572313,0.667790,0.457691,0.617174,0.570516,0.409712,0.651162,0.468708,0.852261,0.581984,0.478804,0.457877,0.745302,0.631740,0.418602,0.409600,0.402208,0.364030,0.393866,0.370605,0.289845,0.376644,0.601863,0.611673,0.549636,0.499718,0.224397,0.451000,0.236740,0.143971,0.361157,0.180402,0.157532,0.113948,0.267557,0.227727,0.689494,0.554692,0.786304,0.815129,0.544126,0.779651,0.813815,0.871979,0.413906,0.576890,0.791388,0.706215
0.225110,0.223859,0.124894,0.164977,0.302524,0.417870,0.228182,0.209380,0.342548,0.366859,0.513245,0.301383,0.483236,0.390593,0.618221,0.711722,0.690243,0.371272,0.178856,0.312533,0.381307,0.332800,0.371422,0.210626,0.676083,0.886235,0.464720,0.513931,0.000000,1.214868,0.560859,0.361944,0.476065,0.507222,0.393194,0.384352,0.702378,0.667673,0.580120,0.718205,0.574538,0.723785,0.633319,0.438841,0.519098,0.490869,0.639139,0.345759,0.469845,0.294468,0.631223,0.353847,0.434002,0.235181,0.616899,0.509555,0.370019,0.278046,0.381573,0.263794,0.418974,0.326770,0.578607,0.383082,0.471390,0.360921,0.391893,0.267245,0.145557,0.272498,0.101018,0.098513,0.320776,0.221223,0.507394,0.282534,0.284000,0.236443,1.013430,0.863147,0.996644,0.886222,0.617266,0.889529,0.747907,0.687466,0.532261,0.603068,0.518940,0.389951
0.123951,0.145607,-0.069995,-0.000011,0.316552,0.429911,0.051443,0.103891,0.334766,0.341866,0.367363,0.263009,0.307037,0.386041,0.531958,0.689454,0.715980,0.384057,0.051130,0.197158,0.530306,0.453092,0.283039,0.088381,0.719933,0.905346,0.571172,0.616155,1.214868,0.000000,0.552340,0.298872,0.422944,0.395628,0.330090,0.374807,0.595002,0.714541,0.558950,0.700945,0.473199,0.732473,0.618755,0.424239,0.469271,0.470683,0.627628,0.349348,0.446452,0.276226,0.630087,0.338852,0.429559,0.179294,0.537293,0.449705,0.310099,0.244680,0.292009,0.197996,0.319358,0.276361,0.570456,0.387282,0.472598,0.331933,0.299865,0.165457,0.037054,0.156152,-0.051884,-0.043403,0.168293,0.063408,0.306168,0.279353,0.083384,0.092188,1.165801,1.068222,1.059447,1.146084,0.581580,0.905865,0.733704,0.703467,0.449817,0.532332,0.410254,0.304069
0.360895,0.169022,0.277962,0.157533,0.372295,0.258103,0.390301,0.308689,0.274619,0.251917,0.534788,0.423792,0.724353,0.577559,0.500935,0.471922,0.604413,0.356275,0.357939,0.230832,0.396218,0.337914,0.922431,0.426396,0.701221,0.823661,0.415417,0.454332,0.560859,0.552340,0.000000,1.251678,0.784989,0.544679,0.516691,0.320292,0.214381,0.177361,0.036041,0.153909,0.161165,0.179742,0.092471,0.267518,0.172205,0.223432,0.128767,-0.032541,0.274441,0.119572,0.341508,0.114929,0.115854,0.047834,0.392788,0.184488,0.477201,0.485029,0.260212,0.194971,0.470065,0.275182,0.325731,0.503595,0.648802,0.342681,0.418169,0.485388,0.201798,0.230241,0.175850,0.053245,0.407068,0.297235,0.278383,-0.031305,0.172115,0.210171,0.549456,0.496529,0.404474,0.414441,0.215606,0.397603,0.339273,0.272878,0.153581,0.165019,0.497670,0.324350
0.650722,0.397874,0.564698,0.541711,0.468307,0.306130,0.683434,0.667725,0.417615,0.365636,0.590620,0.570992,0.825493,0.696216,0.594405,0.536461,0.572175,0.461078,0.592815,0.459190,0.268336,0.226366,1.014781,0.797602,0.669683,0.611479,0.400216,0.391154,0.361944,0.298872,1.251678,0.000000,0.934525,0.752557,0.646244,0.412472,0.130789,0.090442,-0.139876,-0.023325,0.035782,0.062934,0.089722,0.361672,0.261308,0.307104,0.103185,0.034543,0.374496,0.206223,0.356433,0.187378,0.094561,0.180434,0.470089,0.251499,0.640021,0.648600,0.516564,0.442805,0.646195,0.399053,0.293411,0.536606,0.694510,0.535492,0.717962,0.809717,0.484243,0.488903,0.170162,0.098833,0.679309,0.605661,0.276628,0.017649,0.269413,0.264217,0.287316,0.201318,0.243257,0.264183,0.216164,0.277574,0.317489,0.248588,-0.007467,0.029297,0.605166,0.446898
0.984727,0.861204,0.579075,0.687431,0.641390,0.612205,0.707045,0.755449,0.603057,0.621295,0.916770,0.890247,0.910987,0.918038,0.700172,0.683877,1.067958,0.932178,0.660419,0.713983,0.442046,0.435065,0.861505,0.749844,0.543380,0.499933,0.490042,0.536608,0.476065,0.422944,0.784989,0.934525,0.000000,1.457202,0.759057,0.580377,0.291069,0.199121,0.028626,0.125135,0.206868,0.236634,0.331793,0.661297,0.525163,0.574798,0.306784,0.177051,0.572314,0.451331,0.634527,0.441219,0.262066,0.335261,0.742302,0.517535,1.197741,1.198979,0.922200,0.874709,0.951660,0.821180,0.667963,0.953264,0.678172,0.634947,1.023834,0.983922,0.870547,0.807991,0.083283,0.101162,0.648941,0.543936,0.233185,0.049422,0.254152,0.236347,0.459935,0.307828,0.470609,0.533158,0.320227,0.497845,0.565364,0.541413,0.140395,0.214475,0.716788,0.614013
0.944439,0.957202,0.660953,0.817418,0.609841,0.672655,0.817168,0.904030,0.700455,0.701651,0.978337,0.943006,0.842052,0.933952,0.702209,0.774436,0.874169,0.999626,0.666127,0.833938,0.460271,0.475881,0.752052,0.810115,0.598669,0.497188,0.561900,0.633548,0.507222,0.395628,0.544679,0.752557,1.457202,0.000000,0.859909,0.691324,0.439898,0.297843,0.149562,0.230830,0.292790,0.343471,0.484405,0.735060,0.557188,0.646815,0.426416,0.275787,0.637357,0.454504,0.770827,0.498553,0.317971,0.371997,0.849116,0.604395,0.913310,0.983714,1.060764,1.012357,0.975339,0.928770,0.632176,0.842245,0.722577,0.767262,1.019562,0.875781,0.818414,0.876192,0.138133,0.221250,0.691872,0.629864,0.305752,0.243407,0.392268,0.301698,0.398246,0.270076,0.556173,0.613667,0.409870,0.567372,0.710309,0.696712,0.211041,0.295141,0.769628,0.671756
0.614339,0.500365,0.641315,0.621832,0.649646,0.600612,0.810585,0.777256,0.695240,0.668870,0.707908,0.649028,0.712327,0.735880,0.674523,0.615557,0.538915,0.684833,0.575919,0.700151,0.491179,0.393355,0.874413,0.815586,0.655178,0.446225,0.579267,0.567776,0.393194,0.330090,0.516691,0.646244,0.759057,0.859909,0.000000,1.229571,0.569478,0.417776,0.200835,0.229454,0.216080,0.287263,0.391554,0.596170,0.236965,0.430729,0.345785,0.325421,0.443248,0.310423,0.663305,0.419360,0.435130,0.473556,0.716146,0.577463,0.525290,0.551955,0.620033,0.595149,0.893958,0.694112,0.395371,0.614824,0.989361,0.797676,0.781665,0.663149,0.492730,0.619601,0.015217,0.017170,0.592910,0.540165,0.335263,0.264178,0.479427,0.378204,0.401797,0.259846,0.342871,0.494530,0.266901,0.365463,0.595039,0.534217,0.253791,0.303327,0.827947,0.684913
0.483766,0.435982,0.456076,0.560780,0.656491,0.689678,0.554871,0.637263,0.732434,0.738298,0.551404,0.517666,0.522150,0.678757,0.645830,0.616685,0.583914,0.603747,0.405603,0.584964,0.485538,0.444862,0.746075,0.711332,0.650973,0.404194,0.588728,0.557709,0.384352,0.374807,0.320292,0.412472,0.580377,0.691324,1.229571,0.000000,0.672186,0.574827,0.342114,0.365733,0.311850,0.401989,0.450822,0.553755,0.305998,0.522785,0.412924,0.456025,0.453224,0.403997,0.717986,0.524709,0.512006,0.558678,0.697768,0.627099,0.499097,0.456749,0.583648,0.564886,0.774980,0.646730,0.420794,0.560356,0.817818,0.794523,0.721510,0.606822,0.416677,0.641947,-0.041082,-0.026360,0.489394,0.425505,0.254068,0.300256,0.515661,0.428221,0.469285,0.286201,0.382405,0.543328,0.272184,0.380595,0.645599,0.655758,0.344978,0.376444,0.803226,0.671709
0.156744,0.160553,0.121953,0.217403,0.227751,0.382282,0.212427,0.216338,0.303876,0.389991,0.317789,0.184284,0.265373,0.259867,0.401109,0.530841,0.349548,0.307993,0.186101,0.405821,0.469583,0.479319,0.356256,0.254865,0.538868,0.519779,0.490849,0.577170,0.702378,0.595002,0.214381,0.130789,0.291069,0.439898,0.569478,0.672186,0.000000,1.016087,1.148623,1.133162,1.014239,1.031828,0.881910,0.439516,0.397555,0.536482,0.906650,0.746254,0.406891,0.289170,0.740594,0.487288,0.743740,0.481690,0.705826,0.805992,0.207370,0.122084,0.264882,0.224637,0.324256,0.247141,0.360612,0.187748,0.349040,0.374797,0.324632,0.192208,0.077853,0.338418,0.165475,0.234693,0.274385,0.277431,0.297055,0.540979,0.750548,0.522929,0.741031,0.409964,0.705597,0.756178,0.421630,0.772203,0.839879,0.861965,0.911708,0.829185,0.561427,0.549044
0.080345,0.161161,0.014304,0.102742,0.174892,0.376264,0.127581,0.166608,0.287213,0.293898,0.242275,0.187689,0.176530,0.280222,0.376736,0.525078,0.344689,0.305405,0.105238,0.251736,0.363621,0.418211,0.180116,0.141210,0.444723,0.469692,0.435974,0.452278,0.667673,0.714541,0.177361,0.090442,0.199121,0.297843,0.417776,0.574827,1.016087,0.000000,0.719460,0.934723,0.654312,0.942152,0.636989,0.410385,0.350147,0.460474,0.655082,0.585003,0.378166,0.321163,0.569853,0.420095,0.507904,0.347883,0.544147,0.597933,0.128730,0.065328,0.246645,0.229895,0.276347,0.260722,0.353371,0.237123,0.339643,0.313196,0.212282,0.088046,-0.034783,0.197128,0.044730,0.143217,0.190109,0.143259,0.302668,0.603615,0.510966,0.461417,0.734169,0.470563,0.532822,0.686106,0.339062,0.609252,0.605233,0.638304,0.542716,0.549232,0.390235,0.321301
-0.125814,-0.087591,-0.155002,-0.047857,0.053275,0.242586,-0.066861,-0.083199,0.082016,0.235297,0.039804,-0.101573,-0.016553,0.013628,0.193837,0.345614,0.103613,0.034134,-0.080616,0.127148,0.374941,0.397540,0.108485,-0.004623,0.436510,0.490578,0.383494,0.479179,0.580120,0.558950,0.036041,-0.139876,0.028626,0.149562,0.200835,0.342114,1.148623,0.719460,0.000000,1.693843,1.232024,1.125263,0.883525,0.231030,0.268264,0.351729,0.952430,0.682805,0.252399,0.119561,0.571344,0.342341,0.658560,0.363318,0.475410,0.613761,-0.024318,-0.124666,0.017763,-0.030733,0.022568,-0.014942,0.163544,-0.085447,0.090192,0.107812,0.049693,-0.091251,-0.157890,0.079874,0.238722,0.251311,0.023146,-0.004152,0.174627,0.465436,0.566058,0.378888,0.654203,0.549013,0.772613,0.752561,0.422975,0.828168,0.752059,0.791727,1.280770,1.054966,0.362181,0.351373
-0.069680,-0.044719,-0.130021,-0.026855,0.045243,0.274599,-0.002043,-0.016902,0.108660,0.222347,0.131648,0.016877,0.077968,0.120174,0.260814,0.440755,0.189026,0.094106,-0.065173,0.122346,0.398095,0.473937,0.129670,0.012523,0.461583,0.552783,0.402315,0.515353,0.718205,0.700945,0.153909,-0.023325,0.125135,0.230830,0.229454,0.365733,1.133162,0.934723,1.693843,0.000000,1.208199,1.331179,0.867482,0.324920,0.322532,0.412189,0.902697,0.615181,0.323017,0.171711,0.617068,0.395637,0.602103,0.318581,0.539106,0.621443,0.010108,-0.062863,0.087717,0.029909,0.115270,0.067739,0.275476,0.041360,0.178631,0.178501,0.095189,-0.034989,-0.162266,0.072596,0.237119,0.283220,0.090756,0.043741,0.235165,0.493072,0.573215,0.440612,0.752314,0.677003,0.846651,0.857277,0.426015,0.914068,0.771515,0.850708,1.171061,1.080058,0.373042,0.340196
-0.000666,0.043869,-0.075445,-0.000323,0.077227,0.225317,0.008161,-0.027510,0.128228,0.192552,0.143917,0.008928,0.121936,0.113868,0.302656,0.413319,0.174042,0.097162,0.012835,0.168183,0.266676,0.417478,0.181206,0.073661,0.348759,0.453784,0.314218,0.425008,0.574538,0.473199,0.161165,0.035782,0.206868,0.292790,0.216080,0.311850,1.014239,0.654312,1.232024,1.208199,0.000000,1.193961,0.686180,0.293579,0.310423,0.391640,0.730378,0.435603,0.267339,0.185952,0.508291,0.365240,0.448182,0.277385,0.495284,0.548935,0.123112,0.005896,0.142249,0.077935,0.128656,0.028658,0.234780,0.006430,0.120960,0.096268,0.113580,0.015364,-0.046646,0.158580,0.419267,0.425500,0.192524,0.160249,0.195575,0.448246,0.576097,0.439181,0.624342,0.508565,0.640979,0.634399,0.358485,0.745560,0.689646,0.718230,1.063340,0.855069,0.383254,0.317297
0.042267,0.099271,-0.037011,0.080597,0.113594,0.267696,0.093053,0.106559,0.225931,0.271783,0.200948,0.139964,0.155567,0.213869,0.390486,0.570980,0.277057,0.201604,0.038314,0.251385,0.282853,0.422543,0.184107,0.093578,0.455942,0.523208,0.419400,0.489382,0.723785,0.732473,0.179742,0.062934,0.236634,0.343471,0.287263,0.401989,1.031828,0.942152,1.125263,1.331179,1.193961,0.000000,0.784423,0.403777,0.452402,0.517629,0.802910,0.557739,0.406054,0.254974,0.608458,0.413653,0.521704,0.306410,0.613312,0.642315,0.133393,0.049044,0.216171,0.150583,0.204786,0.152800,0.349489,0.136001,0.234294,0.236915,0.212779,0.080562,-0.020397,0.213993,0.262437,0.344313,0.276646,0.208076,0.222659,0.611246,0.529794,0.376054,0.816912,0.598105,0.777967,0.871314,0.456723,0.892863,0.775829,0.810799,0.852223,0.804707,0.417758,0.336130
0.268333,0.272846,0.172600,0.356028,0.255636,0.476856,0.285247,0.332400,0.379374,0.443834,0.344461,0.186540,0.265818,0.298252,0.490439,0.677212,0.426842,0.382081,0.307875,0.556834,0.453366,0.453663,0.257931,0.313642,0.501457,0.477584,0.501685,0.572313,0.633319,0.618755,0.092471,0.089722,0.331793,0.484405,0.391554,0.450822,0.881910,0.636989,0.883525,0.867482,0.686180,0.784423,0.000000,0.786457,0.869630,0.937671,1.846603,1.051962,0.752505,0.548943,1.081662,0.714388,0.905980,0.650711,0.896880,1.034315,0.321602,0.272897,0.424213,0.362455,0.332060,0.344622,0.543258,0.265088,0.289878,0.407294,0.512089,0.296129,0.213328,0.387479,0.118491,0.179328,0.277440,0.289869,0.217979,0.432508,0.536690,0.354497,0.518053,0.432444,1.040370,1.057727,0.764852,1.081228,1.098343,1.064380,0.669079,0.810293,0.603942,0.628706
0.680479,0.593067,0.425004,0.621296,0.533683,0.668442,0.606145,0.695340,0.657590,0.603540,0.551891,0.579680,0.592646,0.624088,0.672226,0.739934,0.601614,0.608764,0.539709,0.812171,0.494457,0.594962,0.491547,0.569914,0.491631,0.392748,0.670501,0.667790,0.438841,0.424239,0.267518,0.361672,0.661297,0.735060,0.596170,0.553755,0.439516,0.410385,0.231030,0.324920,0.293579,0.403777,0.786457,0.000000,0.843216,1.184601,0.719689,0.611558,1.119668,0.905094,1.076797,1.012426,0.578788,0.747788,1.052531,0.947576,0.596210,0.713752,0.785268,0.855048,0.674743,0.787560,0.487972,0.737928,0.635667,0.802991,0.985808,0.845290,0.506148,0.651604,0.115143,0.116363,0.431758,0.358829,0.202762,0.139292,0.294297,0.185761,0.464194,0.410625,0.620918,0.736392,0.558656,0.700859,0.743084,0.825685,0.176342,0.377529,0.800131,0.833218
0.575796,0.555136,0.328294,0.588508,0.375812,0.473562,0.396240,0.535891,0.535979,0.490557,0.440712,0.406434,0.446458,0.394485,0.676621,0.739029,0.612472,0.455620,0.503668,0.794144,0.202508,0.310109,0.318442,0.420757,0.390453,0.409632,0.442581,0.457691,0.519098,0.469271,0.172205,0.261308,0.525163,0.557188,0.236965,0.305998,0.397555,0.350147,0.268264,0.322532,0.310423,0.452402,0.869630,0.843216,0.000000,1.469462,0.882536,0.676098,1.158948,1.005214,0.955532,0.824954,0.556093,0.610429,0.874710,0.807225,0.594911,0.549214,0.668079,0.561165,0.439718,0.469909,0.519406,0.471156,0.368960,0.537050,0.827429,0.661893,0.545781,0.669636,0.086968,0.103493,0.428291,0.378923,0.144411,0.189636,0.272515,0.221474,0.367298,0.224096,0.630162,0.636375,0.668829,0.759096,0.797597,0.730093,0.194923,0.324070,0.623622,0.617549
0.645286,0.557461,0.377445,0.679801,0.508556,0.629571,0.514497,0.681946,0.668564,0.645759,0.519079,0.469240,0.530764,0.525687,0.766528,0.887291,0.613778,0.511407,0.536419,0.853536,0.362248,0.528038,0.476432,0.552684,0.503158,0.459349,0.646728,0.617174,0.490869,0.470683,0.223432,0.307104,0.574798,0.646815,0.430729,0.522785,0.536482,0.460474,0.351729,0.412189,0.391640,0.517629,0.937671,1.184601,1.469462,0.000000,0.930721,0.763932,1.496708,1.313752,1.314271,1.278298,0.679174,0.820408,1.155752,1.074275,0.637402,0.599279,0.761374,0.702787,0.599684,0.598395,0.521889,0.598811,0.569781,0.781667,0.983429,0.826962,0.482628,0.714617,0.092814,0.077400,0.487620,0.417429,0.138574,0.196938,0.383746,0.306016,0.443540,0.307615,0.664902,0.739306,0.678764,0.806338,0.933704,0.973814,0.259536,0.450161,0.846909,0.848213
0.295912,0.277152,0.157610,0.343304,0.295271,0.451237,0.270880,0.316299,0.387984,0.474381,0.323361,0.180980,0.272903,0.272185,0.502783,0.682513,0.443901,0.327285,0.322280,0.585599,0.481718,0.435877,0.297466,0.305445,0.542518,0.513735,0.551674,0.570516,0.639139,0.627628,0.128767,0.103185,0.306784,0.426416,0.345785,0.412924,0.906650,0.655082,0.952430,0.902697,0.730378,0.802910,1.846603,0.719689,0.882536,0.930721,0.000000,1.253235,0.792359,0.576442,1.113233,0.732654,1.062795,0.774353,0.979620,1.113896,0.328620,0.273929,0.411658,0.328420,0.304601,0.293439,0.486644,0.234207,0.293852,0.384205,0.507433,0.297997,0.233610,0.422814,0.124542,0.162186,0.251044,0.254478,0.251326,0.423160,0.556184,0.347700,0.540459,0.438822,1.033585,1.024847,0.828166,1.208122,1.228901,1.118795,0.675963,0.823401,0.685579,0.695788
0.293437,0.232480,0.184799,0.415738,0.251457,0.423120,0.309141,0.397303,0.385714,0.489540,0.236318,0.171667,0.246435,0.260026,0.401865,0.515280,0.335753,0.253583,0.387843,0.695036,0.377237,0.316356,0.299967,0.363721,0.389805,0.274201,0.422418,0.409712,0.345759,0.349348,-0.032541,0.034543,0.177051,0.275787,0.325421,0.456025,0.746254,0.585003,0.682805,0.615181,0.435603,0.557739,1.051962,0.611558,0.676098,0.763932,1.253235,0.000000,0.689778,0.534323,0.811426,0.657219,1.144170,1.170299,0.778081,1.062839,0.242704,0.239013,0.319894,0.315773,0.267566,0.319039,0.292771,0.232174,0.248196,0.434803,0.502343,0.360439,0.260540,0.544668,0.019604,0.015224,0.229651,0.250218,0.101067,0.274559,0.596517,0.335472,0.337449,0.199996,0.600576,0.658555,0.682585,0.771108,0.848846,0.795574,0.434795,0.570972,0.646688,0.735575
0.813136,0.567774,0.410709,0.707540,0.533310,0.644550,0.634885,0.793477,0.755800,0.687434,0.654684,0.620968,0.644606,0.630795,0.780636,0.871645,0.614905,0.465974,0.543833,0.848855,0.435817,0.523558,0.532778,0.561051,0.584075,0.529064,0.685547,0.651162,0.469845,0.446452,0.274441,0.374496,0.572314,0.637357,0.443248,0.453224,0.406891,0.378166,0.252399,0.323017,0.267339,0.406054,0.752505,1.119668,1.158948,1.496708,0.792359,0.689778,0.000000,1.229325,1.422968,1.357112,0.699549,0.853930,1.191618,0.983514,0.612088,0.602910,0.866578,0.739341,0.710428,0.665480,0.446505,0.652854,0.733598,0.987485,1.032684,0.916509,0.468457,0.709318,0.122561,0.068007,0.472723,0.398860,0.156089,0.127353,0.324075,0.264151,0.392362,0.320322,0.636031,0.669625,0.725461,0.828511,0.893623,0.975789,0.192780,0.430858,0.965744,0.983756
