0.000000,1.222034,0.442036,0.398663,0.243419,0.305198,0.400591,0.464041,0.004060,-0.072835,0.561384,0.627936,0.484030,0.376533,0.335334,0.307941,0.579667,0.186218,0.744520,0.814655,0.378537,0.465409,0.332239,0.289914,0.111237,0.178238,0.249534,0.315107,0.270509,0.026249,0.218375,0.271410,0.467700,0.421951,0.370918,0.483476,0.097198,0.293042,0.508356,0.496094,0.069570,0.500422,0.431228,0.554607,0.539743,0.561034,0.365694,0.652984,0.478698,0.417596,0.476897,0.406617,0.497322,0.528698,0.551421,0.677890,1.047280,0.933180,0.478432,0.801719,0.353158,0.431426,0.203422,0.320539,0.061391,0.285649,0.562455,0.465822,0.741712,0.691813,0.394488,0.330141,0.629226,0.569732,0.512250,0.292101,0.655373,0.469861,0.603861,0.081116,0.354192,0.441330,0.394040,0.472531,0.687404,0.713814,0.350945,0.572787,0.585685,0.684654
1.222034,0.000000,0.182201,0.316526,0.118196,0.187075,0.131953,0.365183,-0.062675,-0.180272,0.328157,0.596982,0.230455,0.366235,0.302935,0.284771,0.601609,0.279501,0.570908,0.557773,0.295408,0.382180,0.075742,0.102888,0.010927,0.074104,0.190969,0.327758,0.254079,0.136893,0.107554,0.153059,0.403530,0.422952,0.176087,0.331394,0.086901,0.215417,0.377044,0.390332,0.029743,0.458815,0.298160,0.459198,0.511917,0.601803,0.286324,0.569324,0.520647,0.555634,0.548024,0.546096,0.505215,0.626298,0.589359,0.771475,1.209568,1.256267,0.672212,1.007748,0.468322,0.537076,0.234325,0.438204,-0.052261,0.270708,0.505728,0.485843,0.666050,0.716936,0.282037,0.212797,0.451033,0.417036,0.335208,0.205403,0.441892,0.327449,0.689423,0.167321,0.425208,0.512453,0.355696,0.430786,0.545934,0.631058,0.299803,0.505408,0.658837,0.714287
0.442036,0.182201,0.000000,0.819579,0.816692,0.659763,1.378319,0.599550,0.383048,0.232675,0.368571,0.362328,0.414946,0.158526,0.223758,0.377563,0.092072,-0.056186,0.784106,0.704077,0.383137,0.253090,1.097652,0.847434,0.736113,0.821563,0.773323,0.439527,0.062311,-0.093614,0.445919,0.431667,0.437064,0.338061,0.851420,0.661891,0.126396,0.230189,0.277877,0.273267,0.024015,0.174309,0.767850,0.415104,0.215585,0.245757,0.689590,0.631900,0.176780,0.208406,0.346041,0.310652,0.480701,0.443347,0.336119,0.270147,0.058731,0.051411,0.127955,0.144266,0.160012,0.254280,0.029441,0.039122,0.679447,0.564195,0.751861,0.568982,0.561674,0.483951,0.502267,0.406772,0.192673,0.323008,0.408041,0.388797,0.856916,0.835018,0.186008,0.142567,0.177036,0.290055,0.151424,0.204552,0.615556,0.607018,0.180811,0.275468,0.343880,0.504471
0.398663,0.316526,0.819579,0.000000,0.538126,0.521372,0.840637,1.171576,0.210414,0.202140,0.035975,0.449754,0.152650,0.303606,0.186154,0.338216,0.219513,0.015841,0.366534,0.711661,0.323172,0.330381,0.477374,0.819305,0.280682,0.517679,0.436724,0.437753,0.055199,-0.106872,0.542628,0.498440,0.467737,0.605681,0.456430,0.576990,0.146051,0.194037,0.444744,0.504127,0.049680,0.435593,0.526886,0.386332,0.241814,0.245250,0.465640,0.542100,0.183496,0.217785,0.415603,0.383858,0.533059,0.402918,0.340145,0.428553,0.154748,0.123991,0.300884,0.408945,0.232666,0.549132,0.112236,0.245881,0.291161,0.680440,0.721314,0.839939,0.466511,0.397541,0.677126,0.432073,0.252526,0.447697,0.355996,0.388495,0.789271,0.854399,0.349133,0.122581,0.101196,0.355136,0.180520,0.370022,0.336177,0.714495,0.242598,0.419525,0.514113,0.661000
0.243419,0.118196,0.816692,0.538126,0.000000,1.040346,0.810851,0.446002,0.679525,0.287834,0.300946,0.405174,0.437390,0.280583,0.278459,0.694418,0.182388,0.148336,0.567971,0.340614,0.277380,0.181958,0.651241,0.515614,0.866851,0.903544,0.984539,0.585739,0.200293,0.151421,0.384463,0.376601,0.292101,0.347226,0.260101,0.185733,0.014804,-0.039725,0.161017,0.141028,0.197068,0.156683,0.501185,0.266596,0.141507,0.260643,0.533559,0.433453,0.352948,0.415167,0.587921,0.523740,0.617970,0.584362,0.469894,0.394231,0.027547,0.055787,0.331994,0.219251,0.347517,0.414337,0.118621,0.189255,0.555358,0.622315,0.524883,0.485047,0.527789,0.479351,0.507812,0.399305,0.121018,0.204641,0.443862,0.537252,0.538648,0.704626,0.330588,0.263171,0.268422,0.431078,0.217591,0.263978,0.450574,0.459402,0.217972,0.340440,0.368459,0.395649
0.305198,0.187075,0.659763,0.521372,1.040346,0.000000,0.716961,0.551796,0.242137,0.329372,0.545290,0.582201,0.595322,0.422740,0.619056,0.804417,0.397965,0.343180,0.642558,0.453729,0.397643,0.283471,0.612260,0.586520,0.508296,0.703849,0.794803,0.802786,0.421142,0.330286,0.336206,0.425901,0.367358,0.471904,0.280302,0.203624,0.099486,-0.054839,0.265716,0.178741,0.260344,0.255039,0.554217,0.321328,0.202538,0.377094,0.609901,0.479574,0.389997,0.477058,0.506829,0.462674,0.613059,0.702175,0.574709,0.466186,0.159085,0.206389,0.397307,0.360895,0.544171,0.635917,0.391782,0.446201,0.508675,0.730777,0.473987,0.571425,0.712689,0.622900,0.457235,0.488062,0.199257,0.278530,0.532292,0.743838,0.575406,0.723070,0.489730,0.384610,0.500726,0.607601,0.458574,0.390047,0.636577,0.543026,0.423839,0.568568,0.465506,0.544773
0.400591,0.131953,1.378319,0.840637,0.810851,0.716961,0.000000,0.829155,0.343664,0.272070,0.373785,0.459418,0.651147,0.410630,0.294977,0.414318,0.090548,0.019794,0.537861,0.501724,0.280474,0.154075,0.798453,0.667740,0.546183,0.641154,0.577357,0.432495,0.129349,0.028988,0.473465,0.424479,0.448567,0.405014,0.577870,0.441470,0.068353,0.064045,0.246478,0.203238,0.052570,0.095137,0.622679,0.342697,0.164286,0.230982,0.655672,0.552520,0.154801,0.179991,0.368969,0.291106,0.458145,0.446001,0.335650,0.236920,0.005730,0.011352,0.221085,0.122473,0.377038,0.402763,0.087325,0.116269,0.837254,0.813377,0.698890,0.621336,0.471501,0.410153,0.510251,0.450734,0.222707,0.284334,0.372870,0.396066,0.716228,0.797390,0.249618,0.169432,0.180782,0.327355,0.136463,0.161008,0.506384,0.512271,0.191131,0.240722,0.345428,0.437465
0.464041,0.365183,0.599550,1.171576,0.446002,0.551796,0.829155,0.000000,0.141988,0.211028,0.112292,0.696054,0.404486,0.636164,0.321464,0.432756,0.284485,0.090486,0.322457,0.667531,0.265194,0.269317,0.285908,0.504785,0.038751,0.257235,0.259010,0.428388,0.167120,0.037233,0.299259,0.324670,0.451662,0.625016,0.250925,0.410790,-0.026279,0.132856,0.383402,0.436114,0.042127,0.407904,0.589101,0.503822,0.291039,0.368662,0.601819,0.666971,0.238282,0.282385,0.395455,0.391884,0.553075,0.542707,0.442119,0.485587,0.176532,0.128811,0.321090,0.517395,0.465936,0.832317,0.320077,0.478918,0.228707,0.793531,0.623818,0.868453,0.488934,0.414039,0.441348,0.253626,0.373412,0.558759,0.425366,0.437545,0.760749,0.776870,0.356527,0.108936,0.132029,0.380839,0.241573,0.324033,0.322354,0.648144,0.276153,0.385777,0.520422,0.753421
0.004060,-0.062675,0.383048,0.210414,0.679525,0.242137,0.343664,0.141988,0.000000,0.334071,0.077261,0.090432,0.178444,0.024437,-0.065500,0.158774,-0.069614,-0.095907,0.200330,0.156585,-0.038244,-0.069771,0.371271,0.261623,0.506583,0.390115,0.381903,0.091269,-0.032369,-0.075281,0.166098,0.108364,-0.004599,0.019397,0.065224,0.008830,-0.063633,0.015234,-0.058647,0.010926,-0.083821,-0.021344,0.159583,-0.049269,-0.139964,-0.135703,0.235919,0.112807,0.010644,0.108268,0.212331,0.216520,0.167084,0.171075,0.104857,0.032280,-0.136059,-0.161361,-0.010132,-0.037571,0.003831,0.023774,-0.115220,-0.056388,0.153009,0.120551,0.028212,0.017925,0.042796,0.022728,0.257699,0.062799,0.082517,0.081755,0.138209,0.098152,0.239003,0.332402,-0.041888,-0.069344,-0.114467,0.025809,-0.110815,-0.029515,0.025962,0.062622,-0.083239,-0.058938,0.071222,0.087097
-0.072835,-0.180272,0.232675,0.202140,0.287834,0.329372,0.272070,0.211028,0.334071,0.000000,0.032215,0.053173,0.101682,0.085448,0.510989,0.323123,-0.098252,-0.099243,0.042601,0.079111,0.025381,-0.014810,0.198312,0.148305,0.183586,0.166347,0.236783,0.094536,-0.006335,-0.085530,0.084334,0.062698,0.019803,-0.006913,0.161685,0.124881,0.121319,0.010098,0.089585,0.001577,-0.026046,0.036692,0.082031,0.040021,-0.122839,-0.085678,0.174245,0.065042,-0.048010,0.002836,0.096749,0.095204,0.187448,0.072272,0.105178,-0.034653,-0.170017,-0.161715,-0.118571,-0.149135,-0.037089,-0.023316,-0.014241,-0.032104,0.178458,0.067557,0.041387,0.081986,0.070635,0.025211,0.088448,0.146681,-0.003833,0.076399,0.126031,0.098573,0.199493,0.239788,-0.066891,-0.096499,-0.072958,-0.003992,0.015115,0.028351,0.053801,0.124536,0.124406,0.068707,-0.006010,0.080641
0.561384,0.328157,0.368571,0.035975,0.300946,0.545290,0.373785,0.112292,0.077261,0.032215,0.000000,0.750212,1.038378,0.461900,0.496165,0.440367,0.459331,0.463543,0.829161,0.316882,0.335330,0.282373,0.663955,0.382563,0.332857,0.413745,0.309403,0.326175,0.573178,0.432884,0.350369,0.446560,0.429367,0.365519,0.301934,0.136480,-0.015643,-0.052509,0.097568,-0.001158,0.158147,0.028284,0.411009,0.312051,0.336736,0.449982,0.420500,0.353901,0.424076,0.351640,0.189239,0.189572,0.210510,0.405061,0.339675,0.230278,0.426826,0.453839,0.254516,0.262388,0.387113,0.301671,0.465541,0.393354,0.371392,0.346150,0.214456,0.228893,0.519933,0.492637,0.334666,0.469068,0.422623,0.291868,0.416459,0.419437,0.348554,0.399883,0.389546,0.245266,0.557819,0.428360,0.390814,0.197901,0.752927,0.350020,0.348540,0.355353,0.111221,0.236542
0.627936,0.596982,0.362328,0.449754,0.405174,0.582201,0.459418,0.696054,0.090432,0.053173,0.750212,0.000000,0.821353,1.037393,0.587138,0.775112,0.650475,0.599061,0.609595,0.508874,0.446399,0.325883,0.419980,0.390360,0.128326,0.382829,0.280741,0.495986,0.642785,0.554052,0.486904,0.570868,0.813573,0.916892,0.224054,0.287952,-0.113049,-0.027349,0.238491,0.226783,0.178806,0.237464,0.509214,0.527334,0.368613,0.628046,0.582925,0.623952,0.575293,0.609939,0.534460,0.571625,0.601804,0.787533,0.676663,0.645726,0.530244,0.574535,0.642586,0.731752,0.760754,0.850238,0.754194,0.898229,0.285368,0.663071,0.582229,0.819093,0.759371,0.758851,0.399905,0.327468,0.582902,0.597068,0.563661,0.553558,0.548038,0.638205,0.570803,0.364513,0.524588,0.697424,0.447492,0.317454,0.583753,0.663382,0.478479,0.577176,0.399632,0.660695
0.484030,0.230455,0.414946,0.152650,0.437390,0.595322,0.651147,0.404486,0.178444,0.101682,1.038378,0.821353,0.000000,0.866894,0.549204,0.515759,0.344609,0.395169,0.524806,0.284238,0.341423,0.253257,0.550099,0.344565,0.250027,0.371076,0.228949,0.366642,0.539541,0.444621,0.411774,0.446860,0.452869,0.409561,0.214659,0.109579,-0.054544,-0.106681,0.172722,0.055313,0.155496,0.008683,0.430387,0.299409,0.181267,0.307124,0.564735,0.453472,0.315924,0.322507,0.305568,0.253145,0.312535,0.499937,0.418754,0.275767,0.247193,0.254468,0.301924,0.224773,0.589520,0.445062,0.453196,0.421775,0.443247,0.527495,0.261536,0.346373,0.501567,0.475231,0.336652,0.409345,0.475872,0.346550,0.455419,0.470562,0.427008,0.528175,0.361484,0.244960,0.376877,0.361670,0.289399,0.141678,0.493887,0.295709,0.357990,0.294369,0.179087,0.267419
0.376533,0.366235,0.158526,0.303606,0.280583,0.422740,0.410630,0.636164,0.024437,0.085448,0.461900,1.037393,0.866894,0.000000,0.591005,0.678560,0.373840,0.466286,0.290452,0.214259,0.263509,0.187881,0.188722,0.218302,0.008027,0.189467,0.079487,0.376209,0.482185,0.492427,0.383340,0.413836,0.440350,0.591860,-0.006656,-0.000280,-0.101128,-0.131816,0.210082,0.159083,0.200284,0.118541,0.333355,0.352132,0.209077,0.378597,0.463438,0.437189,0.310400,0.346460,0.357078,0.332797,0.444825,0.506076,0.476227,0.444568,0.245512,0.281701,0.517890,0.426757,0.806597,0.798870,0.573390,0.640535,0.273166,0.646766,0.299516,0.503874,0.420874,0.387753,0.284856,0.314209,0.429179,0.351128,0.396137,0.457197,0.377805,0.474137,0.447784,0.274106,0.308654,0.425202,0.274922,0.197026,0.288701,0.306177,0.371435,0.308827,0.342003,0.353916
0.335334,0.302935,0.223758,0.186154,0.278459,0.619056,0.294977,0.321464,-0.065500,0.510989,0.496165,0.587138,0.549204,0.591005,0.000000,1.016591,0.448209,0.425497,0.479704,0.238625,0.429277,0.341577,0.329324,0.292691,0.040052,0.224719,0.380881,0.658382,0.519060,0.415514,0.310597,0.341876,0.396883,0.414947,0.174299,0.123970,0.081970,-0.049432,0.361058,0.249024,0.419285,0.274621,0.318497,0.303760,0.162813,0.359979,0.413143,0.345377,0.288534,0.369684,0.388494,0.370215,0.543900,0.545411,0.630881,0.486053,0.345515,0.403311,0.483773,0.405984,0.535093,0.516451,0.493222,0.452845,0.338344,0.479347,0.365665,0.452458,0.734421,0.664267,0.274711,0.394179,0.314437,0.278098,0.487761,0.537763,0.321516,0.388465,0.546662,0.341819,0.524439,0.525435,0.563627,0.431370,0.588726,0.468981,0.615592,0.621378,0.472326,0.484796
0.307941,0.284771,0.377563,0.338216,0.694418,0.804417,0.414318,0.432756,0.158774,0.323123,0.440367,0.775112,0.515759,0.678560,1.016591,0.000000,0.473915,0.415324,0.585816,0.300842,0.538826,0.370050,0.458156,0.436264,0.265789,0.498573,0.673322,0.878325,0.466586,0.421105,0.384942,0.455391,0.425818,0.521030,0.164408,0.171562,0.008200,-0.046580,0.336386,0.322472,0.536484,0.377366,0.421541,0.380549,0.241461,0.471561,0.479887,0.416632,0.402195,0.499019,0.565630,0.538662,0.749230,0.683313,0.759557,0.643153,0.265439,0.329458,0.570568,0.495625,0.566171,0.701425,0.509146,0.526692,0.420786,0.667759,0.542956,0.608034,0.827703,0.786060,0.434553,0.427867,0.306190,0.313756,0.627375,0.732397,0.444248,0.583707,0.573586,0.359141,0.497323,0.660657,0.607558,0.563287,0.713999,0.680533,0.641670,0.741878,0.624519,0.609392
0.579667,0.601609,0.092072,0.219513,0.182388,0.397965,0.090548,0.284485,-0.069614,-0.098252,0.459331,0.650475,0.344609,0.373840,0.448209,0.473915,0.000000,0.978093,0.468703,0.551805,0.620208,0.574503,0.081729,0.092380,-0.152283,0.114515,0.243620,0.662891,1.108589,0.620116,0.278956,0.303317,0.648728,0.870768,0.046331,0.169483,0.134463,0.194040,0.661437,0.601922,0.446462,0.675323,0.423660,0.498581,0.563552,0.740726,0.393901,0.442690,0.632639,0.609525,0.529644,0.423324,0.674036,0.630468,0.914693,0.959851,0.896904,0.861282,0.789138,1.030243,0.634694,0.787436,0.929691,1.016459,-0.012352,0.267978,0.528885,0.633502,0.938426,0.927814,0.316227,0.232430,0.725116,0.650519,0.583965,0.618679,0.392861,0.440001,1.191880,0.707576,1.141165,1.225649,1.052831,0.835348,0.700730,0.765034,0.730531,0.983155,0.658807,0.740363
0.186218,0.279501,-0.056186,0.015841,0.148336,0.343180,0.019794,0.090486,-0.095907,-0.099243,0.463543,0.599061,0.395169,0.466286,0.425497,0.415324,0.978093,0.000000,0.227555,0.140161,0.382357,0.301114,0.041721,-0.036559,-0.091528,0.160988,0.091600,0.419873,1.160365,1.312780,0.370020,0.342964,0.636770,0.812771,-0.107369,-0.123224,-0.087067,-0.175509,0.233520,0.100371,0.350698,0.092000,0.243135,0.256136,0.333236,0.574063,0.286763,0.230467,0.596469,0.599978,0.326099,0.344794,0.348761,0.519899,0.594378,0.547961,0.472583,0.557205,0.723779,0.594140,0.685738,0.614685,0.883344,1.062045,0.133759,0.265523,0.314657,0.488333,0.532756,0.562185,0.049160,0.131487,0.411836,0.402395,0.306360,0.457629,0.056719,0.193175,0.716973,0.922183,1.077806,1.020663,0.579363,0.306482,0.318909,0.252378,0.526176,0.502124,0.201126,0.312665
0.744520,0.570908,0.784106,0.366534,0.567971,0.642558,0.537861,0.322457,0.200330,0.042601,0.829161,0.609595,0.524806,0.290452,0.479704,0.585816,0.468703,0.227555,0.000000,0.704951,0.410983,0.365364,0.769428,0.552659,0.430723,0.507712,0.674506,0.587366,0.323702,0.106279,0.242097,0.332307,0.388485,0.402880,0.422221,0.350301,0.059341,0.184902,0.299517,0.309173,0.205495,0.355488,0.812890,0.576806,0.488999,0.585849,0.720182,0.662550,0.491952,0.460015,0.440902,0.400748,0.589282,0.592622,0.618490,0.557542,0.441896,0.451746,0.335309,0.486828,0.338307,0.458725,0.320978,0.327234,0.336866,0.459759,0.527427,0.429283,0.877178,0.801672,0.520775,0.485677,0.361113,0.407090,0.560342,0.604038,0.695784,0.717309,0.471783,0.279574,0.500184,0.487111,0.489006,0.441776,1.082243,0.720283,0.424116,0.531444,0.546604,0.621960
0.814655,0.557773,0.704077,0.711661,0.340614,0.453729,0.501724,0.667531,0.156585,0.079111,0.316882,0.508874,0.284238,0.214259,0.238625,0.300842,0.551805,0.140161,0.704951,0.000000,0.506084,0.503788,0.553570,0.643115,0.104039,0.259849,0.387680,0.457470,0.287382,-0.074791,0.306150,0.339675,0.528406,0.559941,0.504573,0.599108,0.338255,0.666945,0.759196,0.824021,0.069093,0.676209,0.721616,0.546640,0.499034,0.394759,0.646498,0.786030,0.298334,0.235998,0.254649,0.207249,0.533929,0.447488,0.521973,0.613589,0.516633,0.452123,0.247478,0.649940,0.163128,0.469125,0.329797,0.400569,0.032593,0.257567,0.561156,0.560627,0.726244,0.614033,0.477199,0.313465,0.617931,0.763062,0.535367,0.349492,0.982879,0.801794,0.485643,0.100268,0.316439,0.452469,0.502830,0.645150,0.648159,0.894179,0.520895,0.638707,0.571106,0.910902
0.378537,0.295408,0.383137,0.323172,0.277380,0.397643,0.280474,0.265194,-0.038244,0.025381,0.335330,0.446399,0.341423,0.263509,0.429277,0.538826,0.620208,0.382357,0.410983,0.506084,0.000000,0.993027,0.413127,0.419663,0.127883,0.415600,0.494195,0.790035,0.589475,0.261344,0.506488,0.478395,0.512165,0.505227,0.467221,0.432699,0.313688,0.351137,0.688921,0.663803,0.605506,0.565042,0.388078,0.335251,0.320008,0.378968,0.306835,0.347181,0.251207,0.276816,0.308965,0.284189,0.539159,0.398545,0.576451,0.560000,0.396700,0.373319,0.340356,0.445642,0.307718,0.432222,0.398561,0.406787,0.300766,0.373012,0.578800,0.533145,0.794401,0.757736,0.364474,0.344697,0.322634,0.340549,0.419587,0.369623,0.483143,0.577734,0.532452,0.399222,0.527310,0.562477,0.733939,0.709037,0.706045,0.754201,0.730440,0.718881,0.524441,0.593807
0.465409,0.382180,0.253090,0.330381,0.181958,0.283471,0.154075,0.269317,-0.069771,-0.014810,0.282373,0.325883,0.253257,0.187881,0.341577,0.370050,0.574503,0.301114,0.365364,0.503788,0.993027,0.000000,0.298013,0.409248,0.118893,0.347606,0.409414,0.601917,0.490034,0.173875,0.336504,0.378900,0.359558,0.354662,0.353534,0.418978,0.252281,0.320880,0.666241,0.616464,0.516424,0.565138,0.378382,0.376562,0.394206,0.402079,0.284644,0.376965,0.373606,0.336584,0.341408,0.305897,0.462600,0.341424,0.507757,0.576328,0.481500,0.401748,0.260943,0.470424,0.089033,0.295856,0.243603,0.302993,0.075713,0.228808,0.408341,0.390338,0.654292,0.622973,0.256225,0.275506,0.293579,0.378106,0.447743,0.333259,0.497004,0.452508,0.530858,0.236217,0.447052,0.432090,0.683546,0.647080,0.610340,0.669598,0.638136,0.647318,0.414494,0.500612
0.332239,0.075742,1.097652,0.477374,0.651241,0.612260,0.798453,0.285908,0.371271,0.198312,0.663955,0.419980,0.550099,0.188722,0.329324,0.458156,0.081729,0.041721,0.769428,0.553570,0.413127,0.298013,0.000000,1.195572,0.774709,0.940629,0.720373,0.417864,0.143175,0.016220,0.727737,0.805615,0.478555,0.328729,0.876016,0.571543,0.160142,0.145503,0.175473,0.149040,0.091718,0.055297,0.552895,0.257303,0.152194,0.145182,0.514390,0.424394,0.118970,0.138365,0.112858,0.133576,0.242364,0.302014,0.198742,0.096880,0.106839,0.097947,-0.004460,0.022808,0.039210,0.104945,0.057464,0.004651,0.662989,0.442971,0.416334,0.328599,0.495401,0.427253,0.497105,0.516051,0.267044,0.276580,0.450011,0.335483,0.658681,0.667756,0.157530,0.106791,0.182601,0.225356,0.184326,0.149849,0.615170,0.446653,0.270118,0.271810,0.126598,0.285089
0.289914,0.102888,0.847434,0.819305,0.515614,0.586520,0.667740,0.504785,0.261623,0.148305,0.382563,0.390360,0.344565,0.218302,0.292691,0.436264,0.092380,-0.036559,0.552659,0.643115,0.419663,0.409248,1.195572,0.000000,0.541226,0.825645,0.653873,0.491142,0.054442,-0.068603,0.718494,0.818930,0.414706,0.382811,0.763924,0.597314,0.159601,0.166122,0.236364,0.289944,0.134277,0.224810,0.514704,0.214491,0.103351,0.050674,0.420224,0.389514,0.042623,0.061185,0.109969,0.119576,0.249934,0.252344,0.138384,0.138023,0.099955,0.060472,0.044052,0.108349,0.043240,0.239458,0.040224,0.033269,0.484420,0.580899,0.407343,0.413755,0.424728,0.336241,0.610097,0.556553,0.214583,0.272250,0.403476,0.342191,0.712257,0.757505,0.220179,0.047355,0.085618,0.184665,0.156758,0.216440,0.469287,0.488621,0.245681,0.328288,0.244685,0.368110
0.111237,0.010927,0.736113,0.280682,0.866851,0.508296,0.546183,0.038751,0.506583,0.183586,0.332857,0.128326,0.250027,0.008027,0.040052,0.265789,-0.152283,-0.091528,0.430723,0.104039,0.127883,0.118893,0.774709,0.541226,0.000000,1.330192,0.846645,0.184662,-0.064815,-0.040845,0.319191,0.353379,0.067906,-0.037436,0.513133,0.294589,0.041086,0.005689,-0.143846,-0.130492,-0.055074,-0.149663,0.299688,0.082654,-0.010081,0.036646,0.278208,0.209408,0.141282,0.203947,0.308373,0.324865,0.246648,0.242095,0.080841,-0.013638,-0.110688,-0.055742,0.006821,-0.153613,-0.048482,-0.101547,-0.246029,-0.246011,0.625129,0.323162,0.311803,0.150790,0.177248,0.164304,0.270237,0.335236,-0.161971,-0.076506,0.109423,0.161178,0.353293,0.403340,-0.013649,0.057876,0.022147,0.090696,-0.130297,-0.070090,0.284612,0.183864,-0.155078,-0.040960,-0.053956,0.018788
0.178238,0.074104,0.821563,0.517679,0.903544,0.703849,0.641154,0.257235,0.390115,0.166347,0.413745,0.382829,0.371076,0.189467,0.224719,0.498573,0.114515,0.160988,0.507712,0.259849,0.415600,0.347606,0.940629,0.825645,1.330192,0.000000,0.904431,0.477124,0.179805,0.182840,0.662549,0.746708,0.370987,0.308571,0.663841,0.467772,-0.013545,-0.032175,0.030368,0.033237,0.085064,-0.019151,0.465347,0.217835,0.074143,0.184314,0.395070,0.341892,0.249699,0.340521,0.405516,0.448519,0.393238,0.442783,0.278021,0.184888,0.048577,0.082126,0.207870,0.066275,0.156863,0.162340,0.014138,0.020305,0.730050,0.600207,0.564795,0.479036,0.451263,0.428176,0.425917,0.429795,0.023185,0.142634,0.300660,0.371535,0.465293,0.606693,0.198494,0.312433,0.212822,0.320254,0.064163,0.076560,0.419126,0.387043,0.068666,0.200143,0.124144,0.253034
0.249534,0.190969,0.773323,0.436724,0.984539,0.794803,0.577357,0.259010,0.381903,0.236783,0.309403,0.280741,0.228949,0.079487,0.380881,0.673322,0.243620,0.091600,0.674506,0.387680,0.494195,0.409414,0.720373,0.653873,0.846645,0.904431,0.000000,0.895515,0.210762,0.080365,0.285426,0.335509,0.250728,0.200603,0.474899,0.346521,0.247314,0.152382,0.230458,0.250918,0.357698,0.282682,0.473499,0.267067,0.159209,0.255275,0.438641,0.362686,0.281264,0.337669,0.525126,0.482968,0.653506,0.506874,0.492884,0.383895,0.120858,0.164474,0.267904,0.187114,0.199370,0.253277,0.063024,0.071356,0.615546,0.530088,0.538320,0.400807,0.686231,0.619608,0.395744,0.463590,-0.024098,0.074950,0.349152,0.416319,0.508551,0.684873,0.375030,0.270148,0.398012,0.485447,0.390670,0.409683,0.753499,0.663509,0.274289,0.402676,0.454493,0.514214
0.315107,0.327758,0.439527,0.437753,0.585739,0.802786,0.432495,0.428388,0.091269,0.094536,0.326175,0.495986,0.366642,0.376209,0.658382,0.878325,0.662891,0.419873,0.587366,0.457470,0.790035,0.601917,0.417864,0.491142,0.184662,0.477124,0.895515,0.000000,0.534122,0.313927,0.363893,0.406391,0.464760,0.539415,0.249523,0.214212,0.234315,0.123337,0.594490,0.514102,0.639921,0.501199,0.530834,0.395105,0.342148,0.479749,0.508253,0.436668,0.379820,0.429676,0.502519,0.464898,0.769092,0.671486,0.824414,0.715094,0.365180,0.382779,0.531069,0.530992,0.545369,0.696926,0.469089,0.492542,0.413629,0.682365,0.591589,0.636051,1.116215,1.016290,0.418051,0.454039,0.219098,0.264859,0.525120,0.626091,0.493544,0.674584,0.728849,0.493428,0.711605,0.793723,0.892210,0.740670,0.865080,0.859184,0.799538,0.823643,0.838485,0.867162
0.270509,0.254079,0.062311,0.055199,0.200293,0.421142,0.129349,0.167120,-0.032369,-0.006335,0.573178,0.642785,0.539541,0.482185,0.519060,0.466586,1.108589,1.160365,0.323702,0.287382,0.589475,0.490034,0.143175,0.054442,-0.064815,0.179805,0.210762,0.534122,0.000000,1.064725,0.400216,0.397319,0.644259,0.770424,-0.020178,0.000220,0.091219,-0.014426,0.423236,0.338944,0.478572,0.264853,0.296489,0.273334,0.327931,0.494415,0.332692,0.216936,0.480873,0.425821,0.324949,0.246679,0.451448,0.423115,0.642431,0.564112,0.476645,0.493091,0.597532,0.535179,0.648259,0.591676,1.039120,0.913424,0.155782,0.265080,0.329286,0.478204,0.684528,0.646418,0.208265,0.287691,0.634837,0.510330,0.484894,0.544665,0.236720,0.356127,0.841271,0.831925,1.102343,0.983651,0.822549,0.497112,0.490809,0.421888,0.634536,0.666634,0.311995,0.379493
0.026249,0.136893,-0.093614,-0.106872,0.151421,0.330286,0.028988,0.037233,-0.075281,-0.085530,0.432884,0.554052,0.444621,0.492427,0.415514,0.421105,0.620116,1.312780,0.106279,-0.074791,0.261344,0.173875,0.016220,-0.068603,-0.040845,0.182840,0.080365,0.313927,1.064725,0.000000,0.323370,0.320751,0.549904,0.627353,-0.124218,-0.170152,-0.253578,-0.427512,-0.044014,-0.150951,0.314182,-0.141179,0.112732,0.072906,0.077301,0.363502,0.181938,0.078099,0.422937,0.475061,0.251893,0.272509,0.193833,0.436845,0.373893,0.316656,0.297479,0.391156,0.663739,0.375760,0.765818,0.519346,0.782933,0.825019,0.261094,0.329263,0.236139,0.403968,0.361904,0.398899,-0.043464,0.061352,0.279284,0.223806,0.241306,0.391230,-0.086819,0.078503,0.542496,0.904939,0.878211,0.766942,0.341194,0.062527,0.206533,0.058808,0.284982,0.303730,0.065454,0.125657
0.218375,0.107554,0.445919,0.542628,0.384463,0.336206,0.473465,0.299259,0.166098,0.084334,0.350369,0.486904,0.411774,0.383340,0.310597,0.384942,0.278956,0.370020,0.242097,0.306150,0.506488,0.336504,0.727737,0.718494,0.319191,0.662549,0.285426,0.363893,0.400216,0.323370,0.000000,1.616895,0.804360,0.790625,0.486411,0.396203,0.036685,-0.106349,0.266088,0.229160,0.198007,0.059270,0.212593,0.111837,0.092583,0.113437,0.184576,0.194956,0.134810,0.136115,0.124056,0.104562,0.175065,0.219227,0.180948,0.187354,0.255527,0.246500,0.297010,0.177757,0.253339,0.280464,0.264325,0.232974,0.476960,0.450852,0.436824,0.511394,0.412009,0.373936,0.572236,0.493601,0.448535,0.332197,0.327522,0.290190,0.332165,0.450660,0.360198,0.346885,0.258391,0.372004,0.181612,0.169648,0.242992,0.306190,0.338573,0.345632,0.137265,0.182593
0.271410,0.153059,0.431667,0.498440,0.376601,0.425901,0.424479,0.324670,0.108364,0.062698,0.446560,0.570868,0.446860,0.413836,0.341876,0.455391,0.303317,0.342964,0.332307,0.339675,0.478395,0.378900,0.805615,0.818930,0.353379,0.746708,0.335509,0.406391,0.397319,0.320751,1.616895,0.000000,0.743628,0.750567,0.551694,0.469967,-0.053657,-0.150582,0.198046,0.199498,0.128443,0.064744,0.239095,0.150788,0.118881,0.150521,0.179400,0.224299,0.134656,0.149785,0.096290,0.100551,0.161604,0.258569,0.174938,0.186127,0.306267,0.282367,0.234022,0.207833,0.246247,0.299111,0.290881,0.232994,0.461388,0.499507,0.407703,0.505551,0.478665,0.428048,0.496963,0.453864,0.505373,0.371553,0.399405,0.350628,0.380148,0.447858,0.373113,0.363199,0.229682,0.335610,0.195421,0.145341,0.300031,0.337870,0.295873,0.359849,0.144707,0.207044
0.467700,0.403530,0.437064,0.467737,0.292101,0.367358,0.448567,0.451662,-0.004599,0.019803,0.429367,0.813573,0.452869,0.440350,0.396883,0.425818,0.648728,0.636770,0.388485,0.528406,0.512165,0.359558,0.478555,0.414706,0.067906,0.370987,0.250728,0.464760,0.644259,0.549904,0.804360,0.743628,0.000000,1.309572,0.502519,0.566940,-0.049556,-0.014946,0.335678,0.243204,0.151378,0.161099,0.467551,0.399153,0.331928,0.483372,0.457335,0.533602,0.413470,0.411379,0.294653,0.312538,0.362301,0.575808,0.478372,0.480620,0.600451,0.612012,0.591878,0.568233,0.567668,0.534953,0.677246,0.668909,0.373603,0.458274,0.824860,0.981246,0.752462,0.753059,0.302759,0.231757,0.623168,0.605169,0.525269,0.397742,0.514952,0.547291,0.623198,0.518622,0.614231,0.730175,0.404752,0.256623,0.467555,0.565704,0.498973,0.580899,0.280076,0.514073
0.421951,0.422952,0.338061,0.605681,0.347226,0.471904,0.405014,0.625016,0.019397,-0.006913,0.365519,0.916892,0.409561,0.591860,0.414947,0.521030,0.870768,0.812771,0.402880,0.559941,0.505227,0.354662,0.328729,0.382811,-0.037436,0.308571,0.200603,0.539415,0.770424,0.627353,0.790625,0.750567,1.309572,0.000000,0.236032,0.337715,-0.053537,-0.026527,0.431225,0.395094,0.245983,0.332928,0.498665,0.461265,0.398166,0.579035,0.475643,0.528215,0.490863,0.482327,0.386577,0.354355,0.513485,0.604197,0.616595,0.678072,0.543354,0.554235,0.770922,0.811598,0.758351,0.947705,0.949000,1.033412,0.249409,0.590118,0.748904,1.083026,0.751973,0.723149,0.487909,0.310881,0.760276,0.759755,0.588334,0.620207,0.522197,0.629193,0.798121,0.625405,0.699185,0.917684,0.542308,0.429183,0.446019,0.625218,0.593699,0.712507,0.459697,0.613659
0.370918,0.176087,0.851420,0.456430,0.260101,0.280302,0.577870,0.250925,0.065224,0.161685,0.301934,0.224054,0.214659,-0.006656,0.174299,0.164408,0.046331,-0.107369,0.422221,0.504573,0.467221,0.353534,0.876016,0.763924,0.513133,0.663841,0.474899,0.249523,-0.020178,-0.124218,0.486411,0.551694,0.502519,0.236032,0.000000,1.287853,0.130417,0.246244,0.177030,0.146769,-0.157631,0.017231,0.388622,0.246098,0.116322,0.110268,0.294647,0.435933,-0.021241,0.053729,0.078372,0.149561,0.178115,0.254247,0.092443,0.044857,0.245164,0.226114,0.021786,0.045414,0.003486,0.013454,-0.103151,-0.112713,0.682489,0.395349,0.677348,0.485024,0.410601,0.393077,0.274247,0.199408,0.159680,0.245210,0.238545,0.093929,0.591829,0.470245,0.127925,0.031288,0.075141,0.099227,0.007616,0.030939,0.496907,0.457607,0.089177,0.163273,0.143914,0.328122
0.483476,0.331394,0.661891,0.576990,0.185733,0.203624,0.441470,0.410790,0.008830,0.124881,0.136480,0.287952,0.109579,-0.000280,0.123970,0.171562,0.169483,-0.123224,0.350301,0.599108,0.432699,0.418978,0.571543,0.597314,0.294589,0.467772,0.346521,0.214212,0.000220,-0.170152,0.396203,0.469967,0.566940,0.337715,1.287853,0.000000,0.121098,0.314377,0.291870,0.324698,-0.159134,0.240107,0.395449,0.353813,0.215511,0.196895,0.307862,0.512734,0.095431,0.170773,0.204815,0.258017,0.269253,0.316656,0.202872,0.217088,0.389611,0.313260,0.095272,0.250301,-0.001728,0.116918,-0.016709,0.010931,0.329480,0.302342,0.746623,0.623687,0.474203,0.462441,0.319125,0.130512,0.327796,0.449913,0.351426,0.168848,0.725234,0.521695,0.195839,-0.011863,0.060156,0.151685,0.076840,0.156641,0.427930,0.610745,0.122927,0.304912,0.252933,0.467719
0.097198,0.086901,0.126396,0.146051,0.014804,0.099486,0.068353,-0.026279,-0.063633,0.121319,-0.015643,-0.113049,-0.054544,-0.101128,0.081970,0.008200,0.134463,-0.087067,0.059341,0.338255,0.313688,0.252281,0.160142,0.159601,0.041086,-0.013545,0.247314,0.234315,0.091219,-0.253578,0.036685,-0.053657,-0.049556,-0.053537,0.130417,0.121098,0.000000,0.866407,0.699181,0.584214,0.268531,0.484615,0.079546,0.051035,0.167324,-0.013151,0.141211,0.112039,-0.047690,-0.096997,0.071632,-0.032378,0.265239,-0.080031,0.203133,0.159420,0.058532,0.061558,-0.025452,0.057878,-0.132858,-0.010824,-0.075534,-0.059565,-0.042385,-0.093552,0.015268,-0.050479,0.150598,0.126158,0.217218,0.357409,0.026815,0.078509,0.111768,-0.081875,0.278751,0.290201,0.185025,-0.135849,0.143053,0.149142,0.422072,0.569707,0.262262,0.399051,0.437620,0.300924,0.264531,0.254708
0.293042,0.215417,0.230189,0.194037,-0.039725,-0.054839,0.064045,0.132856,0.015234,0.010098,-0.052509,-0.027349,-0.106681,-0.131816,-0.049432,-0.046580,0.194040,-0.175509,0.184902,0.666945,0.351137,0.320880,0.145503,0.166122,0.005689,-0.032175,0.152382,0.123337,-0.014426,-0.427512,-0.106349,-0.150582,-0.014946,-0.026527,0.246244,0.314377,0.866407,0.000000,0.723084,0.854038,0.088472,0.671578,0.340198,0.286100,0.350504,0.135963,0.310653,0.345815,0.014158,-0.039077,0.065377,0.046424,0.325699,0.024637,0.278841,0.293718,0.137552,0.093728,-0.082863,0.205686,-0.234428,0.008454,-0.059960,-0.029484,-0.182740,-0.145256,0.197462,0.059104,0.190341,0.152731,0.142916,0.127379,0.154655,0.248688,0.132336,-0.125352,0.437521,0.348457,0.114704,-0.190971,0.031188,0.101120,0.352688,0.599474,0.305878,0.540014,0.327181,0.289905,0.274272,0.446474
0.508356,0.377044,0.277877,0.444744,0.161017,0.265716,0.246478,0.383402,-0.058647,0.089585,0.097568,0.238491,0.172722,0.210082,0.361058,0.336386,0.661437,0.233520,0.299517,0.759196,0.688921,0.666241,0.175473,0.236364,-0.143846,0.030368,0.230458,0.594490,0.423236,-0.044014,0.266088,0.198046,0.335678,0.431225,0.177030,0.291870,0.699181,0.723084,0.000000,1.370062,0.405424,0.906604,0.416702,0.495456,0.575263,0.409821,0.413466,0.465570,0.293846,0.203293,0.331068,0.216452,0.631409,0.279631,0.702407,0.748000,0.451719,0.384272,0.306966,0.565601,0.142641,0.419968,0.320744,0.373332,-0.082767,0.120494,0.422697,0.415999,0.690432,0.604456,0.352936,0.324393,0.527674,0.580046,0.535080,0.334928,0.580995,0.507895,0.605295,0.133176,0.399156,0.499292,0.909839,1.130681,0.532167,0.875607,1.001906,0.910789,0.684079,0.784021
0.496094,0.390332,0.273267,0.504127,0.141028,0.178741,0.203238,0.436114,0.010926,0.001577,-0.001158,0.226783,0.055313,0.159083,0.249024,0.322472,0.601922,0.100371,0.309173,0.824021,0.663803,0.616464,0.149040,0.289944,-0.130492,0.033237,0.250918,0.514102,0.338944,-0.150951,0.229160,0.199498,0.243204,0.395094,0.146769,0.324698,0.584214,0.854038,1.370062,0.000000,0.418420,1.174286,0.383086,0.409491,0.473141,0.315212,0.319580,0.390850,0.158021,0.100332,0.278281,0.159942,0.634134,0.210600,0.577317,0.720940,0.384772,0.300217,0.256062,0.592015,0.083218,0.420507,0.262579,0.290082,-0.155799,0.131307,0.418210,0.390138,0.591197,0.499378,0.481403,0.294116,0.533475,0.565134,0.464944,0.267815,0.618116,0.532190,0.567253,0.101206,0.256124,0.416314,0.787435,1.180876,0.470683,0.886945,0.689137,0.789026,0.773276,0.746541
0.069570,0.029743,0.024015,0.049680,0.197068,0.260344,0.052570,0.042127,-0.083821,-0.026046,0.158147,0.178806,0.155496,0.200284,0.419285,0.536484,0.446462,0.350698,0.205495,0.069093,0.605506,0.516424,0.091718,0.134277,-0.055074,0.085064,0.357698,0.639921,0.478572,0.314182,0.198007,0.128443,0.151378,0.245983,-0.157631,-0.159134,0.268531,0.088472,0.405424,0.418420,0.000000,0.546596,0.109554,0.082729,0.128600,0.207311,0.051402,-0.029642,0.205006,0.147462,0.256920,0.131797,0.370778,0.118767,0.374682,0.386814,0.106862,0.096447,0.289960,0.243721,0.226668,0.333391,0.324186,0.287538,0.111875,0.205676,0.161236,0.131774,0.391964,0.340488,0.242770,0.344644,0.027102,-0.071649,0.261523,0.303150,0.049045,0.212557,0.450631,0.357578,0.524007,0.488565,0.816928,0.677890,0.437132,0.370232,0.637054,0.593142,0.383087,0.216915
0.500422,0.458815,0.174309,0.435593,0.156683,0.255039,0.095137,0.407904,-0.021344,0.036692,0.028284,0.237464,0.008683,0.118541,0.274621,0.377366,0.675323,0.092000,0.355488,0.676209,0.565042,0.565138,0.055297,0.224810,-0.149663,-0.019151,0.282682,0.501199,0.264853,-0.141179,0.059270,0.064744,0.161099,0.332928,0.017231,0.240107,0.484615,0.671578,0.906604,1.174286,0.546596,0.000000,0.329632,0.360026,0.429192,0.352860,0.244476,0.340463,0.240051,0.211083,0.391674,0.230832,0.611813,0.255362,0.553565,0.727694,0.433590,0.343516,0.287071,0.658114,0.124483,0.501559,0.315239,0.355952,-0.253368,0.104117,0.345259,0.321323,0.559735,0.476990,0.495014,0.329624,0.385972,0.384457,0.466226,0.345633,0.552025,0.523710,0.604939,0.109670,0.322289,0.480476,0.799613,1.288345,0.546683,0.876764,0.589590,0.857486,0.802725,0.674204
0.431228,0.298160,0.767850,0.526886,0.501185,0.554217,0.622679,0.589101,0.159583,0.082031,0.411009,0.509214,0.430387,0.333355,0.318497,0.421541,0.423660,0.243135,0.812890,0.721616,0.388078,0.378382,0.552895,0.514704,0.299688,0.465347,0.473499,0.530834,0.296489,0.112732,0.212593,0.239095,0.467551,0.498665,0.388622,0.395449,0.079546,0.340198,0.416702,0.383086,0.109554,0.329632,0.000000,1.135562,0.763595,0.819753,1.412637,1.177009,0.666502,0.611462,0.396221,0.426526,0.613128,0.677912,0.655939,0.635492,0.230908,0.192524,0.278089,0.489375,0.289612,0.485025,0.354810,0.389600,0.260026,0.463243,0.703476,0.667911,0.679173,0.655762,0.307099,0.241285,0.325212,0.530962,0.605352,0.527246,0.774233,0.801953,0.331294,0.259508,0.367669,0.418175,0.393823,0.338215,0.575401,0.626443,0.382914,0.394424,0.367528,0.675020
0.554607,0.459198,0.415104,0.386332,0.266596,0.321328,0.342697,0.503822,-0.049269,0.040021,0.312051,0.527334,0.299409,0.352132,0.303760,0.380549,0.498581,0.256136,0.576806,0.546640,0.335251,0.376562,0.257303,0.214491,0.082654,0.217835,0.267067,0.395105,0.273334,0.072906,0.111837,0.150788,0.399153,0.461265,0.246098,0.353813,0.051035,0.286100,0.495456,0.409491,0.082729,0.360026,1.135562,0.000000,1.061171,1.263450,0.865379,1.073935,0.958298,0.831425,0.535801,0.566167,0.689988,0.613591,0.751561,0.786036,0.421450,0.387154,0.323124,0.644543,0.230735,0.407955,0.339976,0.423574,0.046143,0.265897,0.640246,0.615724,0.636437,0.657457,0.181274,0.124281,0.384082,0.537598,0.562478,0.403615,0.564440,0.502491,0.333255,0.135100,0.316488,0.379110,0.431444,0.398854,0.488100,0.657454,0.398601,0.457314,0.343808,0.682481
0.539743,0.511917,0.215585,0.241814,0.141507,0.202538,0.164286,0.291039,-0.139964,-0.122839,0.336736,0.368613,0.181267,0.209077,0.162813,0.241461,0.563552,0.333236,0.488999,0.499034,0.320008,0.394206,0.152194,0.103351,-0.010081,0.074143,0.159209,0.342148,0.327931,0.077301,0.092583,0.118881,0.331928,0.398166,0.116322,0.215511,0.167324,0.350504,0.575263,0.473141,0.128600,0.429192,0.763595,1.061171,0.000000,1.293888,0.515636,0.619199,0.909288,0.573277,0.237315,0.262142,0.355898,0.349183,0.494352,0.586613,0.565687,0.504235,0.258130,0.568964,0.145766,0.394051,0.301481,0.404704,-0.050205,0.158477,0.450803,0.417743,0.556157,0.593513,0.119623,0.109902,0.404370,0.436562,0.439608,0.209649,0.406427,0.316228,0.438750,0.138082,0.393887,0.425466,0.575262,0.481096,0.489826,0.599678,0.450308,0.469095,0.267036,0.518484
0.561034,0.601803,0.245757,0.245250,0.260643,0.377094,0.230982,0.368662,-0.135703,-0.085678,0.449982,0.628046,0.307124,0.378597,0.359979,0.471561,0.740726,0.574063,0.585849,0.394759,0.378968,0.402079,0.145182,0.050674,0.036646,0.184314,0.255275,0.479749,0.494415,0.363502,0.113437,0.150521,0.483372,0.579035,0.110268,0.196895,-0.013151,0.135963,0.409821,0.315212,0.207311,0.352860,0.819753,1.263450,1.293888,0.000000,0.647502,0.759271,1.231308,1.036631,0.543186,0.596843,0.621380,0.684059,0.806078,0.854766,0.605310,0.626782,0.543204,0.820351,0.421546,0.579472,0.498903,0.651108,0.095772,0.325493,0.679414,0.678600,0.752624,0.837944,0.140324,0.135267,0.384625,0.451719,0.513971,0.415720,0.374870,0.370293,0.567431,0.362293,0.624491,0.663017,0.596581,0.461685,0.621956,0.659228,0.459627,0.558416,0.378173,0.637623
0.365694,0.286324,0.689590,0.465640,0.533559,0.609901,0.655672,0.601819,0.235919,0.174245,0.420500,0.582925,0.564735,0.463438,0.413143,0.479887,0.393901,0.286763,0.720182,0.646498,0.306835,0.284644,0.514390,0.420224,0.278208,0.395070,0.438641,0.508253,0.332692,0.181938,0.184576,0.179400,0.457335,0.475643,0.294647,0.307862,0.141211,0.310653,0.413466,0.319580,0.051402,0.244476,1.412637,0.865379,0.515636,0.647502,0.000000,1.247695,0.594068,0.658880,0.507408,0.553222,0.741031,0.847735,0.813922,0.663007,0.184243,0.193177,0.322579,0.474406,0.369496,0.514386,0.385480,0.479540,0.272950,0.452467,0.569679,0.634097,0.668496,0.664690,0.267584,0.265169,0.307839,0.538196,0.546156,0.549863,0.733533,0.800027,0.332418,0.247726,0.386038,0.472997,0.386080,0.323097,0.562047,0.584963,0.454707,0.386037,0.369941,0.707039
0.652984,0.569324,0.631900,0.542100,0.433453,0.479574,0.552520,0.666971,0.112807,0.065042,0.353901,0.623952,0.453472,0.437189,0.345377,0.416632,0.442690,0.230467,0.662550,0.786030,0.347181,0.376965,0.424394,0.389514,0.209408,0.341892,0.362686,0.436668,0.216936,0.078099,0.194956,0.224299,0.533602,0.528215,0.435933,0.512734,0.112039,0.345815,0.465570,0.390850,-0.029642,0.340463,1.177009,1.073935,0.619199,0.759271,1.247695,0.000000,0.646571,0.756595,0.597006,0.642560,0.743893,0.992101,0.775605,0.823455,0.453797,0.431749,0.444821,0.735593,0.361488,0.540634,0.311686,0.451340,0.171125,0.430862,0.743456,0.766113,0.707542,0.714078,0.303107,0.184560,0.398508,0.617164,0.536745,0.434343,0.812955,0.733466,0.434227,0.164467,0.317944,0.428445,0.318798,0.368067,0.544208,0.699578,0.381084,0.434267,0.470770,0.844163
0.478698,0.520647,0.176780,0.183496,0.352948,0.389997,0.154801,0.238282,0.010644,-0.048010,0.424076,0.575293,0.315924,0.310400,0.288534,0.402195,0.632639,0.596469,0.491952,0.298334,0.251207,0.373606,0.118970,0.042623,0.141282,0.249699,0.281264,0.379820,0.480873,0.422937,0.134810,0.134656,0.413470,0.490863,-0.021241,0.095431,-0.047690,0.014158,0.293846,0.158021,0.205006,0.240051,0.666502,0.958298,0.909288,1.231308,0.594068,0.646571,0.000000,1.367595,0.733000,0.712580,0.563354,0.685217,0.752966,0.794782,0.560983,0.559259,0.524555,0.663258,0.305520,0.414488,0.385333,0.571112,-0.009257,0.171613,0.441742,0.465245,0.614445,0.682039,0.123706,0.150653,0.297072,0.381288,0.473553,0.398706,0.275664,0.321656,0.464443,0.358507,0.552913,0.564647,0.456488,0.326133,0.404894,0.438514,0.375902,0.475938,0.201400,0.451689
