0.000000,0.919148,0.499200,0.315232,0.239270,-0.068297,0.536453,0.179176,0.064905,-0.014519,0.646796,0.419814,0.611331,0.058037,0.102256,-0.056421,0.554954,0.517763,0.911440,1.121520,-0.110534,0.122754,0.184307,0.101173,0.132660,0.276581,0.396539,0.246783,0.213847,0.197327,0.328410,0.183124,0.689499,0.683164,0.101070,0.061205,-0.234377,-0.064220,-0.011703,0.025434,-0.044214,0.020956,0.448561,0.330819,0.131277,0.245197,0.438868,0.525516,0.426448,0.412275,0.530482,0.211844,0.535378,0.384549,0.495651,0.320361,1.008211,0.504839,0.727863,0.549965,0.728357,0.406760,0.585580,0.592753,0.260065,0.229318,0.729602,0.541021,0.972284,0.714283,0.203019,0.095875,0.304939,0.381124,0.202990,0.026279,0.280629,0.305832,0.233133,0.333138,0.518552,0.223754,0.120734,0.170280,0.503057,0.306853,-0.039627,0.100684,0.523329,0.586954
0.919148,0.000000,0.306366,0.296926,0.416915,-0.014184,0.261779,0.282110,0.150441,0.046043,0.526749,0.615594,0.566621,0.254952,0.114693,0.051471,0.318600,0.682429,0.662439,0.963611,-0.154252,0.077640,0.136154,0.124422,0.184526,0.222201,0.332753,0.277491,0.083745,0.268384,0.283374,0.253889,0.629210,0.669905,0.064161,0.063863,-0.340941,0.116966,-0.079179,0.052448,-0.250489,-0.213902,0.348155,0.371356,-0.050476,0.205087,0.529036,0.715538,0.399524,0.473756,0.374919,0.293867,0.653102,0.557839,0.502792,0.572085,0.622409,0.935078,0.505970,0.736874,0.395962,0.716915,0.510196,0.907344,0.065171,0.282440,0.577467,0.610915,0.883457,0.757194,0.003126,0.003808,0.142820,0.243332,0.084051,-0.053795,0.287014,0.316713,0.093808,0.445831,0.303797,0.301122,0.107874,0.147255,0.382591,0.423151,0.106032,0.159690,0.396279,0.617809
0.499200,0.306366,0.000000,1.122539,0.340951,0.448932,1.619185,1.018016,0.380614,0.421575,0.523690,0.530925,0.675071,0.467734,0.429821,0.659199,0.220494,0.218380,0.626809,0.565335,0.159717,0.220175,1.201329,1.012884,0.638447,0.796044,0.489323,0.600814,0.286237,0.228531,0.786966,0.522585,0.354445,0.387622,0.213892,0.165671,-0.071537,0.082053,-0.022597,0.019895,-0.043415,0.025475,-0.145047,-0.256729,-0.052006,-0.068895,-0.090584,-0.144292,-0.074353,-0.166732,0.253250,0.047457,-0.096474,-0.072606,0.051075,-0.192200,0.151235,0.032795,0.056194,-0.050482,0.159116,-0.137766,-0.070492,-0.065653,0.386288,0.099056,0.258252,0.127179,0.356684,0.341235,0.730317,0.575921,0.517071,0.553285,0.205359,0.260097,0.371561,0.353246,0.194377,0.202764,0.150311,0.039018,0.092850,0.167789,0.148143,0.059028,0.052276,0.157653,0.353509,0.224920
0.315232,0.296926,1.122539,0.000000,0.291161,0.421392,0.801678,1.141235,0.249596,0.296504,0.406205,0.666167,0.511371,0.419691,0.418319,0.738941,0.122991,0.191666,0.497044,0.530624,0.170200,0.228716,1.053098,1.304883,0.531455,0.642846,0.224769,0.433221,0.304230,0.236285,0.640302,0.507362,0.345597,0.380315,0.322007,0.265662,0.056317,0.195262,0.029580,0.209809,-0.120076,0.085743,-0.206402,-0.242889,-0.025317,0.015712,-0.033516,-0.157414,-0.028237,-0.091327,0.289415,0.243074,-0.121448,-0.085053,0.123206,-0.142668,0.070717,0.046704,-0.054793,-0.127810,-0.040518,-0.224385,-0.138114,-0.164607,0.277872,0.193022,0.233106,0.241894,0.289028,0.313736,0.597076,0.549991,0.395037,0.381369,0.204839,0.320395,0.485908,0.429395,0.165812,0.246167,0.080644,0.070313,0.293372,0.259753,0.120656,0.217835,0.313159,0.288726,0.267593,0.277823
0.239270,0.416915,0.340951,0.291161,0.000000,0.604578,0.329109,0.372935,0.744649,0.689673,0.201186,0.383622,0.335743,0.356032,0.421609,0.414958,-0.020605,0.200612,0.273930,0.328105,0.050790,-0.004149,0.440363,0.278960,0.721641,0.624852,0.721773,0.366671,-0.095831,0.072387,0.290765,0.213020,0.185178,0.218711,0.072606,0.009827,-0.137620,0.041591,0.083363,-0.008822,0.047042,-0.131109,0.212759,0.210178,-0.086749,0.069588,0.454415,0.369819,0.325544,0.246714,0.371028,0.262634,0.404815,0.306698,0.328327,0.347694,0.123585,0.196287,0.298351,0.289239,0.077811,0.162393,0.073329,0.199394,0.102493,0.144162,0.246878,0.235978,0.286259,0.293850,0.232670,0.234750,0.088250,0.144390,0.154897,-0.113676,0.219345,0.181634,-0.027604,0.086692,-0.012900,0.076363,0.038311,0.187535,0.122638,0.234218,0.115179,0.245009,0.179714,0.274354
-0.068297,-0.014184,0.448932,0.421392,0.604578,0.000000,0.315177,0.371526,0.913636,1.100555,0.170236,0.316834,0.207337,0.423785,0.624159,0.767369,-0.045393,0.022271,0.153166,0.057356,0.342143,0.142789,0.596798,0.431124,0.944166,0.858290,0.458104,0.512674,-0.065660,0.003291,0.315848,0.226287,0.046551,0.068112,0.351510,0.345306,0.002312,-0.078007,0.127316,0.018548,0.046567,-0.094834,0.079492,0.091140,0.133253,0.101895,0.197453,0.054140,0.148588,0.072205,0.251106,0.218811,-0.043566,-0.047281,0.083517,0.033921,-0.174644,-0.215712,0.079530,-0.101469,-0.074180,-0.242630,-0.123240,-0.238634,0.302126,0.037979,0.116940,0.118063,-0.026061,0.004283,0.337106,0.295337,0.257875,0.219052,0.221494,0.173166,0.433580,0.337957,0.001062,0.049913,-0.104390,0.019029,-0.001302,0.089296,-0.008948,0.086055,0.105190,0.259040,0.204460,0.125695
0.536453,0.261779,1.619185,0.801678,0.329109,0.315177,0.000000,0.873702,0.357892,0.372258,0.523899,0.405762,0.703372,0.317076,0.310733,0.488285,0.290468,0.211114,0.614369,0.530703,0.075308,0.129869,1.048839,0.777802,0.583245,0.660462,0.463055,0.488479,0.303107,0.219434,0.665307,0.392343,0.318779,0.310449,0.138715,0.075725,-0.034488,0.067005,-0.022407,0.007351,0.091860,0.127107,-0.160182,-0.268597,-0.064200,-0.062464,-0.152575,-0.150953,-0.093011,-0.150949,0.224190,0.009355,-0.051781,-0.037822,0.020221,-0.194619,0.210834,0.030875,0.100731,-0.000104,0.264385,-0.104484,0.020225,-0.062877,0.453130,0.168090,0.266930,0.097871,0.402435,0.377427,0.685873,0.485740,0.458986,0.543181,0.143258,0.182632,0.254738,0.290476,0.218863,0.165157,0.246059,0.096222,0.170360,0.243891,0.268443,0.125318,0.043872,0.151881,0.301828,0.184510
0.179176,0.282110,1.018016,1.141235,0.372935,0.371526,0.873702,0.000000,0.322467,0.293578,0.332991,0.633635,0.489481,0.571465,0.296247,0.631764,0.010424,0.091746,0.315350,0.319465,0.153448,0.236686,1.039725,1.150083,0.650200,0.639219,0.379848,0.552341,0.209427,0.285643,0.647911,0.557544,0.207845,0.299957,0.190458,0.154213,-0.075956,0.150552,0.001345,0.099126,-0.122957,-0.056734,-0.239758,-0.345200,-0.188756,-0.070732,-0.133335,-0.176690,-0.132849,-0.146060,0.179267,0.162385,-0.140811,-0.153844,-0.040483,-0.151405,-0.063755,0.047141,-0.123371,-0.032450,-0.070957,-0.044733,-0.193153,-0.117691,0.218191,0.308286,0.129727,0.169706,0.123809,0.189952,0.499262,0.448851,0.278042,0.377972,0.045008,0.177631,0.280475,0.307405,0.048714,0.167374,0.004335,-0.007300,0.115771,0.148058,0.056130,0.135835,0.131004,0.201661,0.171525,0.151434
0.064905,0.150441,0.380614,0.249596,0.744649,0.913636,0.357892,0.322467,0.000000,0.787168,0.303376,0.294475,0.376034,0.446264,0.809403,0.659015,0.013005,0.103677,0.285884,0.120918,0.409675,0.125120,0.558988,0.236956,0.854302,0.619951,0.609610,0.427579,-0.132703,0.017980,0.301626,0.186819,0.089458,0.109587,0.403657,0.271745,-0.050135,-0.216357,0.256644,-0.080061,-0.011942,-0.265149,0.117183,0.105535,0.109723,0.122100,0.233860,0.206816,0.185421,0.121999,0.395459,0.230301,0.115749,0.186302,0.228937,0.246581,0.000386,0.084656,0.139319,0.072292,0.082748,-0.051865,-0.074459,-0.052824,0.469067,0.168962,0.235789,0.148815,0.115909,0.140239,0.166047,0.055780,0.231348,0.200236,0.211436,-0.018457,0.431154,0.261949,0.053265,0.086826,-0.023600,0.093927,0.094489,0.094539,0.238207,0.146887,0.081629,0.279512,0.457659,0.314602
-0.014519,0.046043,0.421575,0.296504,0.689673,1.100555,0.372258,0.293578,0.787168,0.000000,0.207003,0.160551,0.227117,0.281701,0.494251,0.603135,0.056321,0.160070,0.191213,0.104138,0.210009,0.029778,0.486401,0.324105,0.764616,0.732981,0.514101,0.390569,-0.053530,0.040628,0.205428,0.120742,0.083064,0.112800,0.341928,0.309816,-0.021596,0.050245,0.115456,-0.078830,0.137259,-0.097527,0.085178,0.139300,0.214881,0.100687,0.121379,0.113256,0.139604,0.044727,0.199387,0.144078,-0.010150,0.029222,0.025104,0.006186,-0.064621,-0.049118,0.083735,-0.021561,0.003737,-0.103486,-0.024775,-0.096065,0.294509,0.083769,0.174562,0.159584,0.066139,0.110468,0.233476,0.198066,0.180569,0.180760,0.168079,0.035636,0.331327,0.299655,0.055550,0.105698,0.061480,0.181146,0.005103,0.065746,0.090333,0.106888,0.005843,0.134953,0.248933,0.128476
0.646796,0.526749,0.523690,0.406205,0.201186,0.170236,0.523899,0.332991,0.303376,0.207003,0.000000,0.785637,1.309355,0.365614,0.439874,0.339480,0.809086,0.742854,0.728884,0.654053,0.278263,0.485913,0.439504,0.395482,0.317103,0.472862,0.446756,0.468827,0.573638,0.521053,0.529364,0.265704,0.496278,0.466496,0.234325,0.120981,0.007269,-0.040478,0.065294,0.189318,-0.018845,0.067449,0.073616,0.041327,0.089583,0.190506,0.042407,0.128847,0.039303,0.042457,0.131265,0.046032,0.081822,0.096450,0.230711,0.196325,0.482463,0.322125,0.220761,0.094854,0.291906,0.139365,0.466229,0.326201,0.507782,0.135231,0.333422,0.281843,0.551858,0.453462,0.428046,0.342556,0.681982,0.659812,0.568692,0.319249,0.512583,0.482231,0.405448,0.610624,0.517820,0.517220,0.327969,0.294428,0.555634,0.305525,0.228692,0.299370,0.666987,0.599922
0.419814,0.615594,0.530925,0.666167,0.383622,0.316834,0.405762,0.633635,0.294475,0.160551,0.785637,0.000000,0.902284,0.864530,0.446466,0.564806,0.174055,0.455038,0.461324,0.503422,0.254825,0.410799,0.556650,0.569896,0.444792,0.581175,0.346146,0.417482,0.241218,0.456547,0.628820,0.507812,0.370885,0.368890,0.137553,0.061214,-0.231483,0.025957,0.027059,0.132701,-0.232661,-0.070938,0.053511,0.012911,-0.163201,0.113968,0.242303,0.164919,0.093039,0.078746,0.206255,0.237746,0.159057,0.100547,0.288007,0.280718,0.160697,0.250055,0.145809,0.094937,0.015886,0.097701,0.102070,0.203884,0.092831,0.072421,0.226496,0.269010,0.293120,0.250825,0.419942,0.434694,0.433082,0.488181,0.345462,0.221821,0.452736,0.410476,0.012034,0.374321,0.010329,0.138590,0.238007,0.254316,0.134165,0.263412,0.325428,0.343812,0.334778,0.392469
0.611331,0.566621,0.675071,0.511371,0.335743,0.207337,0.703372,0.489481,0.376034,0.227117,1.309355,0.902284,0.000000,0.532056,0.519194,0.439557,0.423575,0.606650,0.738954,0.622661,0.171729,0.394712,0.671974,0.553886,0.473132,0.593961,0.466749,0.458972,0.335007,0.420090,0.767896,0.442132,0.510301,0.445148,0.286620,0.128447,-0.148281,-0.040705,-0.034451,0.072140,-0.133371,-0.095319,-0.025989,-0.064537,-0.022341,0.153251,0.004776,0.037209,-0.050691,-0.006654,0.135893,0.029147,0.043177,0.085499,0.164393,0.143295,0.481269,0.487626,0.164849,0.123209,0.272637,0.159120,0.249488,0.254219,0.479729,0.185274,0.296727,0.212594,0.512271,0.459902,0.422685,0.325743,0.559537,0.580529,0.441536,0.190509,0.469905,0.438343,0.138223,0.456886,0.268469,0.343900,0.314269,0.284427,0.490261,0.277168,0.271085,0.293792,0.535568,0.451420
0.058037,0.254952,0.467734,0.419691,0.356032,0.423785,0.317076,0.571465,0.446264,0.281701,0.365614,0.864530,0.532056,0.000000,0.619040,0.787884,-0.172507,0.140562,0.125444,0.103240,0.238126,0.322447,0.556336,0.558132,0.456934,0.468398,0.264129,0.353668,-0.000955,0.246512,0.567061,0.546820,0.057229,0.040104,-0.021829,-0.159295,-0.336412,0.004660,0.075703,-0.051190,-0.307211,-0.305701,-0.065366,-0.148907,-0.243561,-0.046194,0.084979,-0.042335,-0.036818,-0.147102,-0.063162,-0.140178,0.022840,-0.036094,0.034842,0.067654,-0.172941,0.034177,0.060057,-0.027219,-0.111419,0.040676,-0.190566,0.053409,-0.045780,-0.175709,-0.032156,-0.061374,-0.014831,-0.043699,0.286177,0.400248,0.240507,0.252147,0.189780,0.036267,0.174592,0.047333,-0.183931,0.158940,-0.339230,-0.148508,0.146803,0.094627,-0.211148,-0.163256,0.218694,0.246701,0.184580,0.033857
0.102256,0.114693,0.429821,0.418319,0.421609,0.624159,0.310733,0.296247,0.809403,0.494251,0.439874,0.446466,0.519194,0.619040,0.000000,0.917402,0.054778,0.226747,0.406034,0.225013,0.735784,0.385494,0.494763,0.361432,0.394569,0.407336,0.348146,0.420225,-0.005410,0.099492,0.450000,0.290450,0.133322,0.173325,0.372175,0.183636,-0.037741,-0.250749,0.498855,0.107374,-0.101561,-0.144901,-0.051822,-0.032256,0.108801,0.079116,0.114601,-0.006849,0.006397,-0.152529,0.142922,-0.032199,-0.067243,-0.031474,0.235740,0.193181,0.043062,0.045268,0.025098,-0.239476,-0.032950,-0.245838,-0.146566,-0.090892,0.357003,-0.118589,0.133390,0.007175,0.126722,0.128072,0.298640,0.266864,0.569795,0.393243,0.467254,0.283298,0.601295,0.248002,0.016695,0.223784,-0.117238,0.097843,0.412158,0.384482,0.087733,-0.040532,0.469210,0.561090,0.666946,0.372599
-0.056421,0.051471,0.659199,0.738941,0.414958,0.767369,0.488285,0.631764,0.659015,0.603135,0.339480,0.564806,0.439557,0.787884,0.917402,0.000000,0.055178,0.150256,0.185339,0.134035,0.553608,0.361339,0.783676,0.732393,0.635602,0.629481,0.277597,0.489183,0.160223,0.227611,0.575729,0.410050,0.061372,0.094994,0.248992,0.135839,0.117515,0.081398,0.308513,0.247370,0.075487,-0.010521,-0.219107,-0.200371,0.006792,-0.004943,-0.047327,-0.185120,-0.079703,-0.184245,0.065896,0.043553,-0.147826,-0.062503,0.072700,0.010653,-0.129564,-0.081461,-0.103498,-0.241884,-0.154213,-0.288479,-0.228807,-0.237102,0.283092,-0.042935,-0.014166,-0.014617,0.027468,0.072088,0.659876,0.623096,0.493609,0.468074,0.380448,0.429348,0.484396,0.342380,0.100753,0.169289,-0.074133,0.112191,0.323251,0.398930,-0.042007,0.064750,0.416209,0.564070,0.289776,0.178061
0.554954,0.318600,0.220494,0.122991,-0.020605,-0.045393,0.290468,0.010424,0.013005,0.056321,0.809086,0.174055,0.423575,-0.172507,0.054778,0.055178,0.000000,0.739803,0.466053,0.597460,0.250203,0.401354,0.062052,0.065390,0.070898,0.191860,0.338459,0.335537,0.839852,0.443860,0.189009,-0.004048,0.500481,0.491974,0.104616,0.056266,0.410952,0.113563,0.151956,0.473133,0.362608,0.501289,0.234021,0.219596,0.327421,0.278080,0.114413,0.239719,0.119244,0.126973,0.167523,0.070378,0.220179,0.199183,0.336898,0.285648,0.700482,0.231400,0.327498,0.213224,0.476546,0.138459,0.773557,0.375881,0.483762,0.206592,0.350581,0.348321,0.602595,0.565333,0.373246,0.267985,0.608007,0.680367,0.581261,0.450779,0.400246,0.449950,1.052019,0.643875,1.272973,0.887290,0.200946,0.377053,0.658428,0.473169,0.090946,0.304400,0.444025,0.560418
0.517763,0.682429,0.218380,0.191666,0.200612,0.022271,0.211114,0.091746,0.103677,0.160070,0.742854,0.455038,0.606650,0.140562,0.226747,0.150256,0.739803,0.000000,0.641000,0.771192,0.153302,0.401770,0.171541,0.158823,0.159762,0.233025,0.289866,0.435348,0.511872,0.692119,0.293700,0.164960,0.741900,0.737938,0.182237,0.067697,-0.046514,0.374252,-0.069841,0.207160,-0.092609,0.099072,0.265436,0.344703,0.231388,0.469914,0.253030,0.399143,0.104217,0.159791,0.037550,-0.053270,0.243484,0.225892,0.237713,0.309624,0.696585,0.660969,0.395384,0.334030,0.406845,0.445015,0.720253,0.880370,0.278451,0.118061,0.410062,0.436124,0.732119,0.695564,0.125726,0.121358,0.491346,0.504496,0.375033,0.242253,0.419550,0.439127,0.373790,1.096368,0.529579,1.009514,0.201970,0.423272,0.395545,0.347231,0.264668,0.306463,0.409011,0.442336
0.911440,0.662439,0.626809,0.497044,0.273930,0.153166,0.614369,0.315350,0.285884,0.191213,0.728884,0.461324,0.738954,0.125444,0.406034,0.185339,0.466053,0.641000,0.000000,1.362761,0.102790,0.063999,0.424629,0.278367,0.201601,0.310791,0.313515,0.374178,0.177784,0.166862,0.432616,0.199320,0.674963,0.740590,0.371831,0.348712,-0.184664,0.033051,0.015124,0.031214,-0.040315,0.034103,0.270700,0.229519,0.288801,0.283495,0.181144,0.252335,0.197451,0.106134,0.339805,0.053143,0.120943,0.070494,0.211102,0.066781,0.634712,0.493331,0.346036,0.173173,0.462476,0.067090,0.350925,0.309288,0.496798,0.079807,0.646354,0.397039,0.926655,0.782304,0.223571,0.076314,0.556026,0.535826,0.231948,0.225040,0.564101,0.489289,0.232284,0.424394,0.376203,0.323457,0.251770,0.196044,0.475846,0.150477,0.094302,0.114468,0.549911,0.417607
1.121520,0.963611,0.565335,0.530624,0.328105,0.057356,0.530703,0.319465,0.120918,0.104138,0.654053,0.503422,0.622661,0.103240,0.225013,0.134035,0.597460,0.771192,1.362761,0.000000,-0.002592,0.088634,0.322711,0.309457,0.193743,0.303874,0.301323,0.292464,0.281567,0.220105,0.422744,0.262303,0.856471,0.901112,0.168820,0.173577,-0.119429,0.139128,0.008691,0.231533,-0.019520,0.149688,0.345942,0.322551,0.242382,0.345571,0.357330,0.417532,0.344617,0.256531,0.370627,0.113814,0.362348,0.215605,0.407946,0.231792,0.761013,0.628365,0.543910,0.456568,0.569712,0.277644,0.528537,0.548901,0.342029,0.166244,0.759046,0.570405,1.300466,1.130101,0.290225,0.230980,0.460740,0.527845,0.269397,0.222748,0.504844,0.482530,0.342186,0.538385,0.502506,0.391337,0.228962,0.295239,0.440434,0.311082,0.144607,0.219782,0.443907,0.516236
-0.110534,-0.154252,0.159717,0.170200,0.050790,0.342143,0.075308,0.153448,0.409675,0.210009,0.278263,0.254825,0.171729,0.238126,0.735784,0.553608,0.250203,0.153302,0.102790,-0.002592,0.000000,0.763134,0.164860,0.089823,0.192264,0.196987,0.334240,0.446734,0.241021,0.291673,0.170681,0.016781,-0.022725,0.089819,0.343161,0.202251,0.220278,-0.256299,0.655646,0.295072,0.113871,0.115071,-0.036929,-0.037329,0.157141,0.037681,-0.004686,-0.043545,-0.122558,-0.229600,0.103027,0.061683,-0.181034,-0.139839,0.237508,0.238527,-0.052648,-0.135351,-0.151035,-0.319931,-0.091160,-0.339469,-0.142488,-0.177323,0.277105,-0.037960,0.003060,-0.024172,-0.121933,-0.058760,0.341621,0.211482,0.703603,0.509938,0.499393,0.507232,0.568880,0.286049,0.294763,0.243976,0.029933,0.243687,0.157004,0.246860,0.007651,0.022732,0.251660,0.471891,0.559020,0.355212
0.122754,0.077640,0.220175,0.228716,-0.004149,0.142789,0.129869,0.236686,0.125120,0.029778,0.485913,0.410799,0.394712,0.322447,0.385494,0.361339,0.401354,0.401770,0.063999,0.088634,0.763134,0.000000,0.170058,0.243731,0.202389,0.288531,0.414609,0.655687,0.672669,0.878923,0.386903,0.292743,0.303532,0.330550,0.195779,0.017034,0.148835,-0.031498,0.123110,0.209259,-0.224394,0.001339,-0.061467,-0.121129,-0.013568,0.141639,-0.001659,-0.025582,-0.144185,-0.090880,-0.036399,-0.002624,-0.075912,-0.086059,0.139783,0.172086,0.165064,0.042094,0.020657,-0.072579,0.072596,0.096119,0.117797,0.190391,0.202800,0.139357,0.035683,0.160288,-0.023757,-0.005398,0.265733,0.286002,0.564669,0.445884,0.512957,0.367796,0.381618,0.294647,0.242470,0.668488,0.099154,0.361091,0.034894,0.228056,0.014522,0.095998,0.247428,0.402732,0.376278,0.288508
0.184307,0.136154,1.201329,1.053098,0.440363,0.596798,1.048839,1.039725,0.558988,0.486401,0.439504,0.556650,0.671974,0.556336,0.494763,0.783676,0.062052,0.171541,0.424629,0.322711,0.164860,0.170058,0.000000,1.283096,0.882359,0.903084,0.414044,0.495594,0.199816,0.200656,0.875239,0.577469,0.233908,0.235730,0.342464,0.224554,0.024727,0.122143,-0.029002,0.037526,-0.093059,-0.028153,-0.234813,-0.307719,-0.067930,-0.000398,-0.111947,-0.227478,-0.143112,-0.203849,0.201251,0.059474,-0.161463,-0.092506,0.003484,-0.198330,0.054144,0.027212,-0.068143,-0.159635,-0.012720,-0.252089,-0.187922,-0.215044,0.455478,0.150356,0.110600,0.027596,0.176080,0.211651,0.635152,0.505818,0.431558,0.444061,0.285369,0.191195,0.387213,0.346420,0.105403,0.168670,0.040725,0.085147,0.182461,0.197473,0.183727,0.121858,0.190570,0.194838,0.246003,0.104236
0.101173,0.124422,1.012884,1.304883,0.278960,0.431124,0.777802,1.150083,0.236956,0.324105,0.395482,0.569896,0.553886,0.558132,0.361432,0.732393,0.065390,0.158823,0.278367,0.309457,0.089823,0.243731,1.283096,0.000000,0.632263,0.726064,0.250915,0.436053,0.300321,0.240446,0.810988,0.666368,0.253607,0.262405,0.191300,0.127332,0.023614,0.215746,-0.104858,0.157044,-0.197167,0.009425,-0.362722,-0.417651,-0.135048,-0.033208,-0.200723,-0.328630,-0.251227,-0.272299,0.012851,-0.002485,-0.263419,-0.186140,-0.091115,-0.285442,-0.035478,0.010119,-0.166911,-0.160357,-0.119204,-0.198233,-0.196284,-0.188826,0.299301,0.160589,0.046503,0.067311,0.144573,0.204673,0.596228,0.660038,0.345231,0.381170,0.222732,0.243143,0.282047,0.258349,0.085217,0.264475,0.011614,0.059976,0.191893,0.208041,0.036586,0.103529,0.271944,0.230465,0.112105,0.083400
0.132660,0.184526,0.638447,0.531455,0.721641,0.944166,0.583245,0.650200,0.854302,0.764616,0.317103,0.444792,0.473132,0.456934,0.394569,0.635602,0.070898,0.159762,0.201601,0.193743,0.192264,0.202389,0.882359,0.632263,0.000000,1.393282,0.721019,0.587939,0.062062,0.202316,0.586316,0.470222,0.228314,0.243282,0.334036,0.224812,-0.011906,-0.003279,-0.042894,0.012890,-0.030572,-0.128199,0.054560,-0.025939,-0.001105,0.099325,0.209170,0.102814,0.110000,0.104921,0.397092,0.289717,0.133377,0.119478,0.163545,0.070929,0.075607,0.073129,0.206721,0.190302,0.117605,0.026065,-0.086120,-0.013500,0.393957,0.316222,0.245411,0.250198,0.173424,0.287747,0.473094,0.370233,0.245360,0.340052,0.289799,0.049546,0.414902,0.413728,0.085807,0.165424,0.059636,0.106500,-0.040188,0.116636,0.147225,0.245164,0.021771,0.273400,0.218021,0.194823
0.276581,0.222201,0.796044,0.642846,0.624852,0.858290,0.660462,0.639219,0.619951,0.732981,0.472862,0.581175,0.593961,0.468398,0.407336,0.629481,0.191860,0.233025,0.310791,0.303874,0.196987,0.288531,0.903084,0.726064,1.393282,0.000000,0.844062,0.646999,0.174612,0.288849,0.767482,0.563136,0.333310,0.359209,0.323423,0.247159,-0.002593,-0.012291,-0.086025,0.031581,-0.008910,-0.033553,0.088651,-0.018604,0.017050,0.099078,0.228739,0.096512,0.102118,0.081020,0.415142,0.301844,0.116807,0.091265,0.214118,0.056914,0.191796,0.058730,0.230534,0.142677,0.146515,-0.019186,-0.019368,0.006319,0.379802,0.257306,0.311131,0.304414,0.243831,0.299588,0.652714,0.508402,0.388061,0.526179,0.381705,0.162271,0.487201,0.504720,0.129574,0.179935,0.156738,0.100719,-0.066559,0.125866,0.175242,0.236965,-0.017821,0.216617,0.305270,0.278723
0.396539,0.332753,0.489323,0.224769,0.721773,0.458104,0.463055,0.379848,0.609610,0.514101,0.446756,0.346146,0.466749,0.264129,0.348146,0.277597,0.338459,0.289866,0.313515,0.301323,0.334240,0.414609,0.414044,0.250915,0.721019,0.844062,0.000000,0.727813,0.182533,0.328938,0.448711,0.253077,0.245532,0.349668,0.155801,0.062493,-0.062600,-0.140908,0.041918,-0.058242,0.004881,-0.088307,0.187721,0.070524,-0.030814,0.023630,0.272420,0.308923,0.114225,0.110162,0.417952,0.260996,0.312467,0.297474,0.342878,0.293560,0.313033,0.216478,0.212425,0.252102,0.178730,0.117402,0.101830,0.217670,0.264174,0.180988,0.284256,0.277882,0.284698,0.301474,0.353884,0.236399,0.334075,0.448793,0.347044,-0.013887,0.290025,0.273968,0.246103,0.198703,0.231284,0.179086,-0.192614,0.021947,0.225721,0.213052,-0.248009,0.088277,0.454761,0.473568
0.246783,0.277491,0.600814,0.433221,0.366671,0.512674,0.488479,0.552341,0.427579,0.390569,0.468827,0.417482,0.458972,0.353668,0.420225,0.489183,0.335537,0.435348,0.374178,0.292464,0.446734,0.655687,0.495594,0.436053,0.587939,0.646999,0.727813,0.000000,0.397389,0.657640,0.431346,0.259981,0.386924,0.454468,0.371445,0.310246,0.044995,0.119048,0.007358,0.094728,-0.051278,-0.084405,0.045581,0.013180,0.090723,0.089844,0.058680,0.069799,-0.093749,-0.034916,0.166040,0.128920,-0.024106,-0.049901,0.112131,0.092992,0.144544,0.089006,0.093540,0.052420,0.157821,0.104599,0.187254,0.205172,0.371266,0.180166,0.249136,0.287303,0.186335,0.207980,0.363297,0.190069,0.597695,0.578922,0.286667,0.419533,0.523580,0.581240,0.258099,0.414674,0.212728,0.353168,-0.158114,0.139580,0.192804,0.179800,0.026748,0.193918,0.449265,0.338889
0.213847,0.083745,0.286237,0.304230,-0.095831,-0.065660,0.303107,0.209427,-0.132703,-0.053530,0.573638,0.241218,0.335007,-0.000955,-0.005410,0.160223,0.839852,0.511872,0.177784,0.281567,0.241021,0.672669,0.199816,0.300321,0.062062,0.174612,0.182533,0.397389,0.000000,0.947309,0.165522,0.020656,0.246139,0.221298,-0.023882,-0.065307,0.545232,0.420804,0.000325,0.528065,0.199246,0.601327,-0.201440,-0.205157,-0.032873,0.005529,-0.170798,-0.138292,-0.190871,-0.162765,-0.097489,-0.056520,-0.052151,-0.080818,0.046593,-0.053138,0.234311,-0.020064,0.036710,-0.084833,0.087875,-0.004984,0.355838,0.157143,0.196679,0.081877,0.005866,0.097694,0.191463,0.232985,0.428705,0.418775,0.430199,0.480972,0.359369,0.485567,0.188358,0.314959,0.718230,0.676616,0.533182,0.671199,0.248504,0.408147,0.239533,0.270146,0.277489,0.297185,0.154142,0.229101
0.197327,0.268384,0.228531,0.236285,0.072387,0.003291,0.219434,0.285643,0.017980,0.040628,0.521053,0.456547,0.420090,0.246512,0.099492,0.227611,0.443860,0.692119,0.166862,0.220105,0.291673,0.878923,0.200656,0.240446,0.202316,0.288849,0.328938,0.657640,0.947309,0.000000,0.186522,0.076969,0.324046,0.308502,0.080601,0.023512,0.193235,0.394178,-0.126313,0.189980,-0.065616,0.103206,-0.070923,-0.065842,-0.055023,0.104901,-0.000198,0.076193,-0.144855,-0.035213,-0.036555,0.018053,0.055797,0.053339,0.064118,0.072687,0.221127,0.213767,0.120212,0.099155,0.121714,0.276986,0.291500,0.392065,0.098886,0.126318,0.118090,0.241004,0.203756,0.251696,0.213335,0.152175,0.376335,0.428089,0.244605,0.325341,0.239229,0.413308,0.292544,0.710049,0.263117,0.624157,0.068006,0.267438,0.152633,0.219921,0.152175,0.174304,0.263169,0.224475
0.328410,0.283374,0.786966,0.640302,0.290765,0.315848,0.665307,0.647911,0.301626,0.205428,0.529364,0.628820,0.767896,0.567061,0.450000,0.575729,0.189009,0.293700,0.432616,0.422744,0.170681,0.386903,0.875239,0.810988,0.586316,0.767482,0.448711,0.431346,0.165522,0.186522,0.000000,1.385259,0.519519,0.585250,0.165670,0.019075,-0.182165,-0.070074,-0.061295,0.083061,-0.212807,-0.100298,-0.127505,-0.251706,-0.124145,0.081871,-0.035778,-0.146462,-0.093873,-0.158657,0.011492,-0.112152,-0.095609,-0.147396,0.057570,-0.079157,0.251795,0.194413,0.077972,0.016707,0.122803,-0.000249,-0.046332,0.094108,0.316921,0.114628,0.161803,0.103828,0.246009,0.241758,0.678542,0.703509,0.558821,0.632387,0.537103,0.222606,0.458278,0.350026,0.031240,0.311716,0.034812,0.003720,0.064560,0.241295,0.017243,-0.010511,0.199146,0.321572,0.210051,0.126069
0.183124,0.253889,0.522585,0.507362,0.213020,0.226287,0.392343,0.557544,0.186819,0.120742,0.265704,0.507812,0.442132,0.546820,0.290450,0.410050,-0.004048,0.164960,0.199320,0.262303,0.016781,0.292743,0.577469,0.666368,0.470222,0.563136,0.253077,0.259981,0.020656,0.076969,1.385259,0.000000,0.474969,0.535370,0.066731,-0.043320,-0.310908,-0.061357,-0.105024,-0.016260,-0.386187,-0.243568,-0.151956,-0.269885,-0.196131,0.068573,-0.001576,-0.149105,-0.059545,-0.146587,-0.096036,-0.148120,-0.127335,-0.216267,-0.038181,-0.126864,0.108927,0.154330,0.083301,0.064513,0.080575,0.098743,-0.135265,0.133554,0.125599,0.140511,0.092227,0.099759,0.076269,0.091272,0.387531,0.555847,0.239130,0.277895,0.300617,0.002857,0.325296,0.216492,-0.139155,0.290473,-0.156157,-0.168836,-0.068064,0.135872,-0.207814,-0.125177,0.176876,0.263451,-0.015451,-0.032860
0.689499,0.629210,0.354445,0.345597,0.185178,0.046551,0.318779,0.207845,0.089458,0.083064,0.496278,0.370885,0.510301,0.057229,0.133322,0.061372,0.500481,0.741900,0.674963,0.856471,-0.022725,0.303532,0.233908,0.253607,0.228314,0.333310,0.245532,0.386924,0.246139,0.324046,0.519519,0.474969,0.000000,1.524624,0.426297,0.331975,-0.149450,0.149124,-0.154187,0.074852,-0.222260,-0.057900,0.359144,0.344858,0.396032,0.648058,0.318505,0.358822,0.315810,0.392000,0.309138,0.194000,0.226188,0.114739,0.267911,0.237784,0.736916,0.549258,0.558808,0.539407,0.838483,0.578976,0.635825,0.665209,0.526725,0.466721,0.918566,0.907714,0.819504,0.725287,0.136612,0.084986,0.421380,0.379276,0.283751,0.203417,0.639241,0.656801,0.248725,0.751707,0.483973,0.418508,-0.051611,0.202756,0.435373,0.379542,0.105262,0.180624,0.331729,0.406368
0.683164,0.669905,0.387622,0.380315,0.218711,0.068112,0.310449,0.299957,0.109587,0.112800,0.466496,0.368890,0.445148,0.040104,0.173325,0.094994,0.491974,0.737938,0.740590,0.901112,0.089819,0.330550,0.235730,0.262405,0.243282,0.359209,0.349668,0.454468,0.221298,0.308502,0.585250,0.535370,1.524624,0.000000,0.452317,0.379995,-0.192847,0.102050,-0.067390,0.081561,-0.209321,-0.094358,0.333526,0.321963,0.350346,0.577062,0.316400,0.397260,0.296328,0.350616,0.323026,0.217009,0.213823,0.092291,0.257648,0.222731,0.740982,0.582481,0.496361,0.525404,0.710378,0.535118,0.551366,0.677611,0.511436,0.522120,0.892576,0.914863,0.774316,0.725537,0.137219,0.096381,0.445184,0.447563,0.295876,0.202566,0.677443,0.653727,0.210428,0.755182,0.445150,0.394883,-0.069200,0.169506,0.339836,0.333338,0.071892,0.189121,0.371926,0.455435
0.101070,0.064161,0.213892,0.322007,0.072606,0.351510,0.138715,0.190458,0.403657,0.341928,0.234325,0.137553,0.286620,-0.021829,0.372175,0.248992,0.104616,0.182237,0.371831,0.168820,0.343161,0.195779,0.342464,0.191300,0.334036,0.323423,0.155801,0.371445,-0.023882,0.080601,0.165670,0.066731,0.426297,0.452317,0.000000,1.276327,0.097176,-0.005922,0.122328,-0.090190,-0.136641,-0.236374,0.111756,0.183607,0.521543,0.421520,0.063236,0.083713,0.094290,0.205000,0.461212,0.460356,-0.165816,-0.060308,0.055839,0.070308,0.275493,0.245482,0.037802,-0.012157,0.263783,-0.002007,0.105957,-0.081738,0.722300,0.518388,0.474682,0.461471,0.148107,0.178966,-0.064065,-0.300594,0.321279,0.165884,0.179604,0.208630,0.803600,0.768659,0.054936,0.238793,0.245426,0.301040,0.001077,-0.061528,0.455382,0.293920,0.034203,0.011856,0.450475,0.287453
0.061205,0.063863,0.165671,0.265662,0.009827,0.345306,0.075725,0.154213,0.271745,0.309816,0.120981,0.061214,0.128447,-0.159295,0.183636,0.135839,0.056266,0.067697,0.348712,0.173577,0.202251,0.017034,0.224554,0.127332,0.224812,0.247159,0.062493,0.310246,-0.065307,0.023512,0.019075,-0.043320,0.331975,0.379995,1.276327,0.000000,0.100393,-0.004909,-0.004835,-0.079154,-0.086316,-0.175473,0.118387,0.234878,0.484191,0.295338,0.067765,0.120762,0.065961,0.202963,0.394500,0.480664,-0.193319,-0.094034,0.015528,0.009273,0.151953,0.194087,-0.034944,0.008913,0.194978,-0.015478,0.103906,-0.130165,0.560812,0.438599,0.437183,0.444117,0.137242,0.187424,-0.082935,-0.349249,0.213786,0.101096,-0.001578,0.240754,0.683971,0.813476,0.030381,0.096761,0.242272,0.222684,-0.150693,-0.247594,0.390154,0.257643,-0.131535,-0.210593,0.356240,0.272469
-0.234377,-0.340941,-0.071537,0.056317,-0.137620,0.002312,-0.034488,-0.075956,-0.050135,-0.021596,0.007269,-0.231483,-0.148281,-0.336412,-0.037741,0.117515,0.410952,-0.046514,-0.184664,-0.119429,0.220278,0.148835,0.024727,0.023614,-0.011906,-0.002593,-0.062600,0.044995,0.545232,0.193235,-0.182165,-0.310908,-0.149450,-0.192847,0.097176,0.100393,0.000000,0.228175,0.161946,0.603688,0.544280,0.649604,-0.101382,-0.031045,0.226535,-0.009886,-0.114005,-0.183132,-0.049038,-0.042216,0.111465,0.180636,-0.070222,-0.038024,0.147959,0.025521,-0.026153,-0.244031,-0.160705,-0.218921,-0.100754,-0.317070,0.041619,-0.294916,0.206606,0.075515,-0.138718,-0.065566,-0.090549,0.022532,0.283991,0.168549,0.200382,0.225240,0.289336,0.494399,0.180399,0.274092,0.634559,0.007438,0.431965,0.380487,0.219942,0.256525,0.323733,0.327069,0.181719,0.171902,0.015658,0.103841
-0.064220,0.116966,0.082053,0.195262,0.041591,-0.078007,0.067005,0.150552,-0.216357,0.050245,-0.040478,0.025957,-0.040705,0.004660,-0.250749,0.081398,0.113563,0.374252,0.033051,0.139128,-0.256299,-0.031498,0.122143,0.215746,-0.003279,-0.012291,-0.140908,0.119048,0.420804,0.394178,-0.070074,-0.061357,0.149124,0.102050,-0.005922,-0.004909,0.228175,0.000000,-0.239346,0.283999,0.133420,0.277547,-0.141623,-0.063700,-0.034331,0.002952,-0.164034,-0.105031,-0.231098,-0.111526,-0.216477,-0.087377,-0.057527,-0.022231,-0.228603,-0.110657,0.051497,0.136703,-0.028370,-0.009834,-0.054149,0.112027,0.151498,0.170215,-0.090118,-0.016311,-0.090756,0.063654,0.111451,0.150876,0.046319,0.084447,0.022899,0.036843,-0.155619,0.189902,-0.043420,0.161061,0.223384,0.342173,0.184911,0.455041,0.197288,0.227229,0.072798,0.206905,0.249771,0.051843,-0.272664,-0.162629
-0.011703,-0.079179,-0.022597,0.029580,0.083363,0.127316,-0.022407,0.001345,0.256644,0.115456,0.065294,0.027059,-0.034451,0.075703,0.498855,0.308513,0.151956,-0.069841,0.015124,0.008691,0.655646,0.123110,-0.029002,-0.104858,-0.042894,-0.086025,0.041918,0.007358,0.000325,-0.126313,-0.061295,-0.105024,-0.154187,-0.067390,0.122328,-0.004835,0.161946,-0.239346,0.000000,0.434612,0.437538,0.182733,0.022626,0.019540,0.105318,-0.080487,0.092218,0.031412,0.095932,-0.094910,0.138321,0.015503,0.035370,0.021462,0.337790,0.340254,0.032984,-0.105217,0.092203,-0.134331,0.035212,-0.259485,-0.043222,-0.181177,0.185524,-0.016460,0.070780,-0.048375,-0.020893,-0.027871,0.180559,0.083904,0.286073,0.262219,0.286692,0.237535,0.282792,0.049553,0.193783,-0.031126,0.124393,0.091202,0.425111,0.442170,0.116721,0.070217,0.374772,0.530928,0.411156,0.322662
0.025434,0.052448,0.019895,0.209809,-0.008822,0.018548,0.007351,0.099126,-0.080061,-0.078830,0.189318,0.132701,0.072140,-0.051190,0.107374,0.247370,0.473133,0.207160,0.031214,0.231533,0.295072,0.209259,0.037526,0.157044,0.012890,0.031581,-0.058242,0.094728,0.528065,0.189980,0.083061,-0.016260,0.074852,0.081561,-0.090190,-0.079154,0.603688,0.283999,0.434612,0.000000,0.546272,0.737011,-0.013398,0.041874,0.080786,0.039655,0.032547,-0.028848,-0.017408,-0.045739,0.012265,0.050683,0.099913,-0.014941,0.339693,0.280538,0.164638,-0.012648,0.066012,0.001950,-0.022562,-0.101234,0.205506,0.029359,0.074928,0.045879,-0.000008,0.081650,0.142297,0.251937,0.514704,0.509672,0.298478,0.462662,0.290650,0.710888,0.221951,0.237919,0.528103,0.212500,0.398488,0.446243,0.466041,0.632089,0.269272,0.432691,0.578939,0.705475,0.124357,0.316360
-0.044214,-0.250489,-0.043415,-0.120076,0.047042,0.046567,0.091860,-0.122957,-0.011942,0.137259,-0.018845,-0.232661,-0.133371,-0.307211,-0.101561,0.075487,0.362608,-0.092609,-0.040315,-0.019520,0.113871,-0.224394,-0.093059,-0.197167,-0.030572,-0.008910,0.004881,-0.051278,0.199246,-0.065616,-0.212807,-0.386187,-0.222260,-0.209321,-0.136641,-0.086316,0.544280,0.133420,0.437538,0.546272,0.000000,0.754570,0.075992,0.091921,0.209687,-0.060442,-0.101038,-0.073691,0.069889,0.011796,0.101730,0.068529,0.025975,-0.028330,0.071825,0.046943,0.031123,-0.279471,0.089854,-0.064393,0.089652,-0.277013,0.145237,-0.236673,0.119907,-0.016579,-0.026529,-0.101077,0.035510,0.068558,0.439738,0.230820,0.155411,0.297017,0.124671,0.428694,0.008869,0.101627,0.464815,-0.285234,0.449137,0.206973,0.265548,0.354315,0.266682,0.240443,0.083492,0.219144,0.034217,0.080749
0.020956,-0.213902,0.025475,0.085743,-0.131109,-0.094834,0.127107,-0.056734,-0.265149,-0.097527,0.067449,-0.070938,-0.095319,-0.305701,-0.144901,-0.010521,0.501289,0.099072,0.034103,0.149688,0.115071,0.001339,-0.028153,0.009425,-0.128199,-0.033553,-0.088307,-0.084405,0.601327,0.103206,-0.100298,-0.243568,-0.057900,-0.094358,-0.236374,-0.175473,0.649604,0.277547,0.182733,0.737011,0.754570,0.000000,-0.038436,-0.043612,0.077478,-0.060311,-0.089479,-0.131211,-0.081974,-0.134414,-0.020570,-0.018708,0.015486,-0.111211,0.133620,0.002156,0.077305,-0.312637,0.040439,-0.182679,-0.022242,-0.362693,0.210594,-0.181640,0.000294,-0.150025,-0.080436,-0.075588,0.082693,0.134408,0.497135,0.424306,0.245722,0.382208,0.197489,0.551593,-0.010775,0.046328,0.660830,0.041035,0.436089,0.313292,0.392113,0.539587,0.176889,0.247292,0.310004,0.343571,-0.064965,0.069508
0.448561,0.348155,-0.145047,-0.206402,0.212759,0.079492,-0.160182,-0.239758,0.117183,0.085178,0.073616,0.053511,-0.025989,-0.065366,-0.051822,-0.219107,0.234021,0.265436,0.270700,0.345942,-0.036929,-0.061467,-0.234813,-0.362722,0.054560,0.088651,0.187721,0.045581,-0.201440,-0.070923,-0.127505,-0.151956,0.359144,0.333526,0.111756,0.118387,-0.101382,-0.141623,0.022626,-0.013398,0.075992,-0.038436,0.000000,1.488593,0.616202,0.666170,1.088793,1.059671,0.926856,0.787642,0.628828,0.305551,0.660377,0.402127,0.605355,0.611790,0.485883,0.224513,0.770614,0.601086,0.547419,0.425527,0.570987,0.476259,0.101976,0.118341,0.645704,0.530190,0.435826,0.320845,-0.151121,-0.241712,0.032414,0.088105,0.091457,-0.101140,0.215552,0.180921,0.102439,0.072833,0.352629,0.140638,-0.238806,-0.144889,0.299100,0.223480,-0.314184,-0.100922,0.279720,0.316687
0.330819,0.371356,-0.256729,-0.242889,0.210178,0.091140,-0.268597,-0.345200,0.105535,0.139300,0.041327,0.012911,-0.064537,-0.148907,-0.032256,-0.200371,0.219596,0.344703,0.229519,0.322551,-0.037329,-0.121129,-0.307719,-0.417651,-0.025939,-0.018604,0.070524,0.013180,-0.205157,-0.065842,-0.251706,-0.269885,0.344858,0.321963,0.183607,0.234878,-0.031045,-0.063700,0.019540,0.041874,0.091921,-0.043612,1.488593,0.000000,0.750558,0.812375,0.977249,1.102329,0.978780,0.914516,0.546929,0.399322,0.643456,0.469866,0.586384,0.676426,0.416668,0.299792,0.621474,0.580715,0.469182,0.453072,0.667539,0.529022,0.118250,0.144434,0.613457,0.554635,0.452817,0.356561,-0.252610,-0.325759,-0.009188,-0.017969,0.024242,-0.042942,0.251085,0.245203,0.049481,0.135199,0.365921,0.298275,-0.162010,-0.119667,0.348235,0.404275,-0.198806,-0.095315,0.261922,0.377290
0.131277,-0.050476,-0.052006,-0.025317,-0.086749,0.133253,-0.064200,-0.188756,0.109723,0.214881,0.089583,-0.163201,-0.022341,-0.243561,0.108801,0.006792,0.327421,0.231388,0.288801,0.242382,0.157141,-0.013568,-0.067930,-0.135048,-0.001105,0.017050,-0.030814,0.090723,-0.032873,-0.055023,-0.124145,-0.196131,0.396032,0.350346,0.521543,0.484191,0.226535,-0.034331,0.105318,0.080786,0.209687,0.077478,0.616202,0.750558,0.000000,0.959511,0.237866,0.274656,0.500385,0.395622,0.342607,0.209756,0.026405,0.009381,0.171959,0.126655,0.322408,0.109040,0.282292,0.143438,0.499067,0.059746,0.408146,0.080294,0.550857,0.181932,0.557153,0.437263,0.318050,0.306731,-0.086292,-0.229557,0.211802,0.105344,0.145597,0.249475,0.453182,0.404615,0.258019,0.172915,0.472561,0.354145,-0.067960,-0.018338,0.380795,0.269224,-0.145033,-0.054239,0.290333,0.197807
0.245197,0.205087,-0.068895,0.015712,0.069588,0.101895,-0.062464,-0.070732,0.122100,0.100687,0.190506,0.113968,0.153251,-0.046194,0.079116,-0.004943,0.278080,0.469914,0.283495,0.345571,0.037681,0.141639,-0.000398,-0.033208,0.099325,0.099078,0.023630,0.089844,0.005529,0.104901,0.081871,0.068573,0.648058,0.577062,0.421520,0.295338,-0.009886,0.002952,-0.080487,0.039655,-0.060442,-0.060311,0.666170,0.812375,0.959511,0.000000,0.438412,0.452136,0.696342,0.733174,0.352079,0.277980,0.272119,0.156162,0.232827,0.300834,0.461172,0.290875,0.505841,0.413357,0.618380,0.408850,0.624827,0.416535,0.430795,0.388805,0.648590,0.605460,0.444717,0.399931,-0.142578,-0.142246,0.142745,0.094261,0.189038,0.065356,0.380013,0.360075,0.036036,0.435053,0.361400,0.383908,-0.024916,0.123266,0.317736,0.398464,0.002543,0.113055,0.206233,0.238843
0.438868,0.529036,-0.090584,-0.033516,0.454415,0.197453,-0.152575,-0.133335,0.233860,0.121379,0.042407,0.242303,0.004776,0.084979,0.114601,-0.047327,0.114413,0.253030,0.181144,0.357330,-0.004686,-0.001659,-0.111947,-0.200723,0.209170,0.228739,0.272420,0.058680,-0.170798,-0.000198,-0.035778,-0.001576,0.318505,0.316400,0.063236,0.067765,-0.114005,-0.164034,0.092218,0.032547,-0.101038,-0.089479,1.088793,0.977249,0.237866,0.438412,0.000000,1.335084,0.917480,0.780669,0.758753,0.464419,1.040963,0.676136,0.978356,0.894773,0.430343,0.291927,0.828661,0.696360,0.381014,0.444536,0.387347,0.503088,-0.007741,0.162168,0.612715,0.590469,0.453821,0.406467,-0.107686,-0.115853,-0.060885,0.054053,0.125010,-0.199901,0.244950,0.158080,0.025153,0.119423,0.168781,0.077194,-0.152932,-0.008051,0.197137,0.309346,-0.087849,0.086678,0.303503,0.459797
0.525516,0.715538,-0.144292,-0.157414,0.369819,0.054140,-0.150953,-0.176690,0.206816,0.113256,0.128847,0.164919,0.037209,-0.042335,-0.006849,-0.185120,0.239719,0.399143,0.252335,0.417532,-0.043545,-0.025582,-0.227478,-0.328630,0.102814,0.096512,0.308923,0.069799,-0.138292,0.076193,-0.146462,-0.149105,0.358822,0.397260,0.083713,0.120762,-0.183132,-0.105031,0.031412,-0.028848,-0.073691,-0.131211,1.059671,1.102329,0.274656,0.452136,1.335084,0.000000,0.805910,0.879075,0.688744,0.508897,1.069121,0.894132,0.817116,0.973412,0.531934,0.512390,0.771833,0.900876,0.459055,0.673648,0.596267,0.737211,0.044513,0.269656,0.706676,0.735070,0.604110,0.521228,-0.251446,-0.306916,-0.087017,0.038211,0.025186,-0.223308,0.156458,0.146297,0.087768,0.219565,0.346822,0.270334,-0.119128,-0.076611,0.363562,0.447362,-0.170098,-0.012237,0.390619,0.593436
