0.000000,0.650132,0.343971,0.368099,0.106873,0.168923,0.423957,0.513373,-0.018203,0.034944,0.457224,0.516176,0.249381,0.345337,0.015731,0.118322,0.513452,0.477431,0.476717,0.520680,0.104205,-0.028112,0.005034,0.079227,0.110904,0.132604,0.032881,0.098133,0.443330,0.471003,0.093246,0.121200,0.352538,0.411022,0.021662,0.146500,0.196290,0.082207,0.301216,0.096008,0.091517,0.100358,0.430202,0.349162,0.385933,0.374654,0.432414,0.405085,0.403671,0.312242,0.437002,0.350814,0.425863,0.216860,0.286354,0.193284,0.522623,0.588265,0.546595,0.555340,0.532063,0.466916,0.419888,0.494845,0.002890,0.239982,0.408638,0.347850,0.371477,0.204683,0.127236,0.126938,0.226071,0.153242,0.095146,0.219470,0.269178,0.265954,0.379701,0.230914,0.542850,0.510952,0.157428,0.249906,0.292733,0.338166,0.025529,-0.074414,0.279422,0.362329
0.650132,0.000000,0.399492,0.488342,0.218376,0.263106,0.237203,0.389138,0.065357,0.165924,0.240880,0.298346,0.156128,0.236268,0.096839,0.137756,0.561234,0.529915,0.474925,0.696385,0.125025,0.046865,0.121561,0.189989,0.197181,0.183657,0.128321,0.160461,0.450430,0.537685,0.250407,0.210182,0.515715,0.637362,0.129658,0.132294,0.168538,0.142554,0.232256,0.233882,0.129090,0.114475,0.283598,0.277990,0.260773,0.231231,0.347317,0.298020,0.188795,0.192426,0.217245,0.144457,0.299570,0.237029,0.199024,0.157974,0.783846,0.960303,0.336735,0.302708,0.273064,0.248941,0.390106,0.517510,0.056307,0.155573,0.299399,0.287595,0.488414,0.234930,0.146415,0.105951,0.264059,0.279657,0.136933,0.200552,0.271843,0.334642,0.490090,0.393732,0.665060,0.565578,0.170877,0.265758,0.275731,0.263182,0.041863,0.077977,0.193378,0.293063
0.343971,0.399492,0.000000,0.778165,0.290972,0.122069,0.656646,0.442922,0.086132,0.148394,0.416358,0.244446,0.391409,0.155979,0.438824,0.224055,0.186713,0.079401,0.637142,0.473930,0.113043,0.036922,0.820119,0.707323,0.449687,0.347287,0.237795,0.173392,0.346451,0.273538,0.590201,0.507114,0.473437,0.396210,0.386352,0.287603,0.260693,0.267760,0.269405,0.312242,0.105288,0.151099,0.402927,0.444944,0.368581,0.304045,0.487280,0.426766,0.257369,0.310099,0.355135,0.261804,0.322709,0.287800,0.366777,0.351671,0.237258,0.311452,0.176160,0.104791,0.138896,0.004062,0.175714,0.080162,0.518120,0.283364,0.461834,0.367047,0.191207,0.169887,0.257671,0.201694,0.215240,0.213969,0.097013,0.241125,0.336140,0.270042,0.256222,0.099935,0.297248,0.306873,0.419623,0.287019,0.718218,0.317257,0.287236,0.121263,0.284591,0.319268
0.368099,0.488342,0.778165,0.000000,0.214862,0.155781,0.501528,0.701556,0.138715,0.222220,0.252350,0.307624,0.225644,0.198888,0.239640,0.237272,0.261410,0.189655,0.418905,0.562890,0.114923,0.092963,0.409229,0.679223,0.321258,0.375388,0.118208,0.238788,0.328367,0.383508,0.389885,0.493831,0.514325,0.561645,0.445808,0.361969,0.208169,0.205824,0.222628,0.334873,0.048742,0.089543,0.290399,0.326913,0.404108,0.273846,0.397305,0.349957,0.195568,0.253519,0.297464,0.257109,0.334106,0.258011,0.287087,0.279436,0.317622,0.478128,0.346529,0.322668,0.201369,0.211060,0.265226,0.278217,0.322325,0.448309,0.482426,0.664508,0.358955,0.270011,0.230391,0.197445,0.131244,0.239567,0.053127,0.195001,0.323152,0.335249,0.258964,0.179751,0.395192,0.385134,0.287715,0.234876,0.507651,0.442768,0.217726,0.110852,0.331717,0.386926
0.106873,0.218376,0.290972,0.214862,0.000000,0.688326,0.196695,0.188081,0.758629,0.677887,0.174390,0.114802,0.256286,0.235280,0.489831,0.520344,0.030768,0.089667,0.278602,0.309076,0.034232,0.002675,0.464206,0.337607,0.622680,0.413370,0.504502,0.210251,0.094589,0.102948,0.177592,0.083032,0.264015,0.222127,0.151170,0.161607,0.149920,0.147419,0.142449,0.080269,0.042206,0.010361,0.272956,0.268340,0.198266,0.208057,0.279996,0.283641,0.191224,0.167068,0.207545,0.122117,0.315943,0.213142,0.151549,0.168257,0.080202,0.161203,0.137483,-0.014865,0.152468,-0.005354,0.165608,0.114587,0.330827,0.079604,0.112230,0.129608,0.256716,0.342146,0.175255,0.143070,0.108271,0.085863,0.073532,0.097499,0.227669,0.234169,0.055410,0.104883,0.137420,0.176533,0.221126,0.237650,0.280991,0.243629,0.362851,0.404470,0.157303,0.336527
0.168923,0.263106,0.122069,0.155781,0.688326,0.000000,0.038671,0.196088,0.563263,0.686513,0.107507,0.141490,0.110905,0.247146,0.246128,0.378986,0.086337,0.120253,0.077022,0.170601,0.046316,0.038730,0.153469,0.088592,0.380200,0.468344,0.363718,0.239315,0.062426,0.128900,0.057314,0.040326,0.177342,0.250757,0.065232,0.112906,0.026400,0.027312,0.077045,0.000990,0.004691,-0.023946,0.189230,0.256412,0.173889,0.261126,0.233227,0.229587,0.254401,0.224984,0.231823,0.199772,0.289965,0.175697,0.058178,0.083341,0.153075,0.204231,0.287655,0.113002,0.188460,0.145382,0.177991,0.221430,0.079992,0.122014,0.140303,0.171269,0.161689,0.247905,0.125172,0.091675,0.067217,0.004825,0.037836,0.096047,0.176342,0.134989,0.110312,0.144189,0.218484,0.182294,0.059348,0.128904,0.159123,0.240153,0.119723,0.163861,0.048976,0.237883
0.423957,0.237203,0.656646,0.501528,0.196695,0.038671,0.000000,0.758682,0.136338,0.186889,0.434409,0.349874,0.578280,0.371933,0.304823,0.262138,0.085118,0.062391,0.370577,0.287131,-0.012600,-0.055275,0.381623,0.454482,0.188067,0.129814,0.070698,0.024222,0.206095,0.130635,0.261063,0.258485,0.311745,0.318959,0.228060,0.236171,0.123788,0.189310,0.104729,0.184594,0.071672,0.041675,0.261387,0.272665,0.238634,0.159134,0.303727,0.299951,0.155692,0.155061,0.327440,0.209340,0.345941,0.180725,0.311568,0.258317,0.068394,0.181800,0.279790,0.224009,0.575522,0.392929,0.440773,0.258662,0.461277,0.438498,0.484119,0.393577,0.110133,0.147944,0.204399,0.168471,0.115701,0.180951,0.067526,0.133201,0.234060,0.209597,0.090526,0.073096,0.179716,0.198783,0.220137,0.141144,0.460090,0.408982,0.220141,0.142536,0.500081,0.428140
0.513373,0.389138,0.442922,0.701556,0.188081,0.196088,0.758682,0.000000,0.249110,0.331072,0.209066,0.444087,0.287068,0.483084,0.123856,0.322311,0.260911,0.226767,0.221811,0.418621,0.010993,-0.062756,0.112287,0.371785,0.135337,0.217115,0.091955,0.096208,0.279498,0.415424,0.140824,0.275786,0.441726,0.599527,0.241838,0.283756,0.125943,0.193696,0.173254,0.267209,0.083860,0.078832,0.300617,0.284335,0.374984,0.266210,0.381366,0.361400,0.238330,0.204160,0.377798,0.255560,0.461998,0.165438,0.269649,0.272865,0.256340,0.355430,0.385927,0.383936,0.609537,0.669919,0.584567,0.586618,0.204477,0.616987,0.476881,0.661315,0.251134,0.243695,0.142360,0.128028,0.148238,0.262647,0.042807,0.159799,0.255677,0.283273,0.239092,0.228715,0.451015,0.315260,0.141171,0.081703,0.282557,0.468678,0.164296,0.121019,0.435618,0.425349
-0.018203,0.065357,0.086132,0.138715,0.758629,0.563263,0.136338,0.249110,0.000000,0.625426,-0.012742,0.072050,0.267842,0.327079,0.419437,0.533471,-0.026445,0.002246,0.036155,0.152442,0.014311,0.013574,0.254759,0.174963,0.435746,0.404973,0.372977,0.180589,0.001826,0.117693,0.190479,0.136082,0.167105,0.241350,0.171430,0.165179,0.142842,0.105049,0.123989,0.114744,-0.036779,-0.062875,0.226310,0.209385,0.191506,0.153153,0.238949,0.237490,0.138756,0.103498,0.212599,0.082706,0.253595,0.008718,0.171396,0.142561,-0.054480,0.035162,0.118176,0.079491,0.176804,0.144298,0.244586,0.142732,0.345273,0.216264,0.095137,0.179425,0.104537,0.318226,0.132003,0.107067,0.067718,0.058031,0.019997,0.051785,0.175481,0.142080,0.029093,0.044008,0.096520,0.060565,0.051405,0.081521,0.170430,0.298762,0.417798,0.499047,0.243064,0.363695
0.034944,0.165924,0.148394,0.222220,0.677887,0.686513,0.186889,0.331072,0.625426,0.000000,0.048624,0.120861,0.184117,0.277253,0.310235,0.448626,0.031575,0.018691,0.038317,0.157342,-0.007163,0.006819,0.187297,0.298968,0.380946,0.350920,0.341163,0.156123,-0.002716,0.062800,0.050127,0.039313,0.138782,0.226408,0.081213,0.102488,0.082852,0.099856,0.038445,0.071353,0.048487,-0.009291,0.124015,0.112695,0.080338,0.070305,0.123933,0.119263,0.099203,0.070375,0.158005,0.105802,0.299767,0.170103,0.045550,0.088473,0.036747,0.079477,0.150406,-0.024427,0.229008,0.154489,0.231552,0.200116,0.188473,0.179017,0.046860,0.140784,0.143108,0.173036,0.080728,0.065965,0.002636,-0.012596,0.028578,0.038392,0.136305,0.090881,0.047294,0.094147,0.144654,0.133516,0.078446,0.124427,0.153502,0.252512,0.188643,0.250714,0.166718,0.286773
0.457224,0.240880,0.416358,0.252350,0.174390,0.107507,0.434409,0.209066,-0.012742,0.048624,0.000000,0.675937,0.659863,0.458383,0.458397,0.345228,0.218130,0.202161,0.470285,0.223825,0.066280,-0.050405,0.358035,0.346627,0.255112,0.265749,0.051944,0.054432,0.373654,0.201411,0.209580,0.224837,0.149730,0.128300,0.077877,0.103996,0.161290,0.013479,0.316796,0.088387,0.023466,0.040073,0.299009,0.293251,0.180557,0.140335,0.258945,0.227042,0.212745,0.170655,0.260572,0.212978,0.129568,0.115870,0.195603,0.110954,0.021032,0.183935,0.178250,0.153514,0.268021,0.188547,0.159354,0.039684,0.229704,0.279710,0.214098,0.124112,0.081172,-0.009550,0.196586,0.172002,0.048572,-0.092436,0.011276,0.102712,0.195572,0.098544,0.121439,0.012070,0.192596,0.410226,0.401601,0.463831,0.680895,0.457184,0.204156,0.074032,0.303775,0.368237
0.516176,0.298346,0.244446,0.307624,0.114802,0.141490,0.349874,0.444087,0.072050,0.120861,0.675937,0.000000,0.384907,0.777762,0.253490,0.448690,0.297636,0.312502,0.289679,0.288788,-0.010187,-0.028131,0.063189,0.258269,0.064864,0.226697,-0.073847,0.108182,0.348569,0.398304,0.008041,0.140312,0.120315,0.193871,0.005691,0.097786,0.075994,-0.011044,0.233162,0.079296,-0.072624,0.076563,0.274405,0.217160,0.239974,0.152719,0.239086,0.241842,0.288671,0.250982,0.348451,0.344966,0.271592,0.179541,0.199444,0.132490,0.086061,0.191649,0.270975,0.317609,0.293535,0.474619,0.291195,0.350909,0.076887,0.328679,0.233049,0.249299,0.177649,0.079225,0.113786,0.138091,0.017207,-0.020267,-0.041704,0.085621,0.214683,0.129637,0.104650,0.039552,0.315194,0.399687,0.248617,0.324005,0.426441,0.563512,0.182544,0.052709,0.317694,0.432081
0.249381,0.156128,0.391409,0.225644,0.256286,0.110905,0.578280,0.287068,0.267842,0.184117,0.659863,0.384907,0.000000,0.580555,0.736431,0.518290,0.112221,0.036802,0.335559,0.177592,0.106299,-0.050940,0.426335,0.379938,0.275284,0.266328,0.180523,0.101347,0.264746,0.134534,0.359165,0.295676,0.241093,0.205008,0.168429,0.166314,0.194104,0.128466,0.246848,0.118700,0.077789,0.069131,0.244580,0.176131,0.168519,0.038684,0.257754,0.194825,0.106412,0.080731,0.215200,0.120160,0.157171,0.104846,0.222378,0.144809,-0.100375,0.065632,0.123461,0.079469,0.387488,0.190760,0.359443,0.141394,0.471845,0.371474,0.235939,0.183551,0.051415,0.095105,0.159528,0.180895,0.092305,0.001401,-0.050086,0.121554,0.193660,0.128980,0.077826,0.061015,0.187704,0.329778,0.388371,0.427491,0.630744,0.536455,0.392151,0.362731,0.388258,0.390131
0.345337,0.236268,0.155979,0.198888,0.235280,0.247146,0.371933,0.483084,0.327079,0.277253,0.458383,0.777762,0.580555,0.000000,0.350838,0.665970,0.196883,0.306498,0.132515,0.200292,-0.008821,-0.054547,0.087299,0.259977,0.148716,0.271730,0.134435,0.123509,0.226419,0.304781,0.091134,0.158312,0.170081,0.288850,0.040948,0.151205,0.068500,0.057510,0.173434,0.081157,0.005433,0.059419,0.200013,0.164017,0.186218,0.066188,0.238857,0.218975,0.199810,0.150092,0.352544,0.296595,0.248276,0.075568,0.188720,0.146612,0.023314,0.138315,0.210996,0.220119,0.423321,0.515138,0.417043,0.410294,0.143236,0.442979,0.213258,0.228867,0.195272,0.092002,0.166506,0.184497,0.082945,0.006858,0.011073,0.027870,0.184136,0.176895,0.048835,0.085376,0.286788,0.342173,0.224614,0.321019,0.368815,0.673101,0.281448,0.338756,0.347475,0.495810
0.015731,0.096839,0.438824,0.239640,0.489831,0.246128,0.304823,0.123856,0.419437,0.310235,0.458397,0.253490,0.736431,0.350838,0.000000,0.708656,0.018921,-0.093110,0.359286,0.202047,0.104476,-0.047243,0.708748,0.562391,0.430039,0.365606,0.345528,0.176533,0.153628,0.032382,0.570637,0.449130,0.213431,0.144682,0.242691,0.143949,0.223290,0.181518,0.275714,0.227787,0.121099,0.084343,0.240880,0.247962,0.141169,0.023545,0.213888,0.242010,0.076910,0.080156,0.132572,0.072551,0.120822,0.194743,0.192422,0.146057,-0.111665,0.039542,0.001242,-0.031378,0.142478,-0.013616,0.133059,-0.010674,0.786563,0.290013,0.073154,0.082420,0.041146,0.199419,0.109147,0.139070,0.053984,-0.028883,-0.063626,0.103842,0.221030,0.107957,0.021080,0.019875,0.094176,0.296188,0.537136,0.477003,0.744294,0.490419,0.571535,0.451775,0.280322,0.324474
0.118322,0.137756,0.224055,0.237272,0.520344,0.378986,0.262138,0.322311,0.533471,0.448626,0.345228,0.448690,0.518290,0.665970,0.708656,0.000000,0.078218,0.091311,0.194844,0.203644,-0.013047,-0.095429,0.353856,0.447579,0.343074,0.375911,0.316446,0.264729,0.085758,0.132682,0.222596,0.326786,0.172015,0.197002,0.169225,0.151926,0.171732,0.097391,0.212300,0.159283,-0.012543,0.002879,0.220869,0.135881,0.122350,-0.009664,0.199099,0.171365,0.086653,0.026359,0.162540,0.117389,0.248081,0.120645,0.186766,0.073837,-0.067102,0.044655,0.151003,0.061705,0.251625,0.204452,0.262732,0.199728,0.421356,0.382591,0.138753,0.191217,0.205812,0.230352,0.138541,0.185686,0.022563,-0.038193,-0.072781,0.098227,0.219975,0.153630,0.030434,0.003412,0.158309,0.308606,0.326845,0.408051,0.431866,0.627321,0.458638,0.501647,0.286637,0.435308
0.513452,0.561234,0.186713,0.261410,0.030768,0.086337,0.085118,0.260911,-0.026445,0.031575,0.218130,0.297636,0.112221,0.196883,0.018921,0.078218,0.000000,0.635514,0.168446,0.424146,0.096520,-0.067690,-0.043385,0.075570,0.024197,0.066921,0.019094,0.016440,0.606018,0.605226,0.146076,0.204924,0.418300,0.447240,0.011103,0.115768,0.230161,0.178686,0.388912,0.176450,0.203398,0.141562,0.204336,0.108655,0.220439,0.162767,0.213033,0.194062,0.062724,0.074219,0.074809,-0.018224,0.105580,0.056331,0.180862,0.095359,0.521578,0.563607,0.230808,0.321402,0.304725,0.241037,0.463068,0.551141,-0.043201,0.144780,0.261488,0.197090,0.265160,0.028643,0.072891,0.031941,0.280050,0.200978,0.075621,0.271934,0.204921,0.173469,0.547918,0.435572,0.809393,0.699261,0.230107,0.327578,0.149376,0.251109,0.075739,0.011224,0.274294,0.199355
0.477431,0.529915,0.079401,0.189655,0.089667,0.120253,0.062391,0.226767,0.002246,0.018691,0.202161,0.312502,0.036802,0.306498,-0.093110,0.091311,0.635514,0.000000,0.167155,0.369363,0.064893,-0.028682,-0.113823,-0.029504,0.052303,0.083357,-0.009533,0.070735,0.497041,0.581602,0.001893,0.074583,0.358626,0.383263,-0.016278,0.057703,0.065942,-0.002853,0.184577,-0.033408,0.007320,0.084436,0.094189,0.066463,0.155862,0.134726,0.121774,0.128496,0.044595,0.042369,0.030700,-0.014394,0.034176,0.058777,0.065140,-0.004919,0.528497,0.586190,0.195678,0.278446,0.194238,0.235034,0.365512,0.507118,-0.096147,0.073871,0.199214,0.142190,0.297488,0.018904,0.142798,0.108750,0.141048,0.154185,0.047906,0.200571,0.185574,0.193284,0.336078,0.272082,0.561287,0.578456,0.040751,0.245730,0.115980,0.254528,0.051390,0.106024,0.191274,0.253555
0.476717,0.474925,0.637142,0.418905,0.278602,0.077022,0.370577,0.221811,0.036155,0.038317,0.470285,0.289679,0.335559,0.132515,0.359286,0.194844,0.168446,0.167155,0.000000,0.810517,0.127105,0.023723,0.452066,0.374291,0.281266,0.162569,0.085747,0.122489,0.381935,0.269831,0.349141,0.303147,0.407149,0.277245,0.213009,0.149434,0.251392,0.203161,0.147213,0.218724,0.091917,0.146540,0.529132,0.404638,0.450517,0.306203,0.465830,0.395077,0.315356,0.257186,0.221154,0.154411,0.269137,0.232162,0.298598,0.226284,0.336016,0.384811,0.207276,0.138346,0.098807,0.011469,0.087421,0.054744,0.247291,0.010305,0.267669,0.257176,0.429266,0.383649,0.224970,0.249543,0.204865,0.162135,0.092594,0.160058,0.287900,0.324301,0.219265,0.072892,0.178038,0.300674,0.325024,0.234560,0.556395,0.204633,0.189699,0.114008,0.163565,0.259655
0.520680,0.696385,0.473930,0.562890,0.309076,0.170601,0.287131,0.418621,0.152442,0.157342,0.223825,0.288788,0.177592,0.200292,0.202047,0.203644,0.424146,0.369363,0.810517,0.000000,0.161283,0.011920,0.263487,0.352318,0.268701,0.254580,0.099853,0.155975,0.502059,0.502512,0.338759,0.307186,0.604305,0.570980,0.270685,0.269423,0.257025,0.248526,0.274730,0.262552,0.153187,0.153813,0.465130,0.408961,0.493035,0.395185,0.497864,0.427163,0.288361,0.254032,0.238638,0.150663,0.336194,0.243744,0.335208,0.261653,0.570350,0.653648,0.341494,0.263012,0.222543,0.146794,0.339945,0.384811,0.153488,0.120623,0.395372,0.447036,0.627931,0.552115,0.212394,0.182404,0.294239,0.278741,0.124026,0.258774,0.334323,0.339128,0.409342,0.273581,0.511318,0.554653,0.250482,0.268894,0.386547,0.285134,0.228828,0.211016,0.228930,0.317219
0.104205,0.125025,0.113043,0.114923,0.034232,0.046316,-0.012600,0.010993,0.014311,-0.007163,0.066280,-0.010187,0.106299,-0.008821,0.104476,-0.013047,0.096520,0.064893,0.127105,0.161283,0.000000,-0.013272,0.066618,0.032123,0.105338,0.124638,0.201102,0.075704,0.187369,0.152409,0.269988,0.215873,0.128005,0.139591,0.085033,0.035204,0.088648,0.029930,0.149474,0.040916,0.207384,0.074475,0.152870,0.102878,0.084329,0.135095,0.131022,0.115405,0.060222,0.041095,0.051226,0.039576,-0.005008,0.074141,0.071433,0.091413,0.099258,0.173242,0.119108,0.168930,0.081952,-0.024844,0.029135,0.046901,0.064210,0.044511,0.107127,0.079192,0.024958,0.027330,0.105830,-0.003210,0.225395,0.121629,0.005659,0.089304,0.057736,0.092623,0.135463,0.056713,0.200351,0.229171,0.163197,0.191715,0.138456,0.089580,0.055366,-0.033101,-0.026861,0.042124
-0.028112,0.046865,0.036922,0.092963,0.002675,0.038730,-0.055275,-0.062756,0.013574,0.006819,-0.050405,-0.028131,-0.050940,-0.054547,-0.047243,-0.095429,-0.067690,-0.028682,0.023723,0.011920,-0.013272,0.000000,0.014621,0.025737,0.033291,0.083592,0.042666,0.146176,0.014205,-0.035991,0.066454,0.073030,0.049077,0.048233,0.107989,0.082847,0.013388,0.012427,-0.034592,-0.018465,-0.103256,0.036568,-0.100008,-0.016795,0.047853,-0.002253,0.027241,-0.018152,0.005581,-0.010577,-0.011523,-0.019126,-0.019024,-0.076079,0.031164,0.046445,0.040908,-0.012789,0.025691,-0.035366,-0.125144,-0.074123,-0.044380,-0.115255,0.045952,0.027828,0.052171,0.035996,0.023610,0.017430,0.073044,0.125411,0.029496,0.035695,0.070834,0.070737,0.086608,0.141987,0.024619,0.087700,-0.011003,-0.077174,-0.122632,-0.163713,0.040593,-0.017050,0.028760,0.016144,-0.016664,-0.054709
0.005034,0.121561,0.820119,0.409229,0.464206,0.153469,0.381623,0.112287,0.254759,0.187297,0.358035,0.063189,0.426335,0.087299,0.708748,0.353856,-0.043385,-0.113823,0.452066,0.263487,0.066618,0.014621,0.000000,0.850068,0.780577,0.466582,0.305975,0.188723,0.110065,0.012778,0.634771,0.507454,0.377880,0.253099,0.485209,0.257044,0.248847,0.269854,0.229126,0.260211,0.147756,0.071281,0.223047,0.267124,0.149898,0.116757,0.252517,0.242701,0.050221,0.096747,0.181102,0.074459,0.142678,0.188654,0.250981,0.234975,0.050526,0.046184,-0.041592,-0.204639,-0.015497,-0.276552,-0.025682,-0.203344,0.817395,0.217681,0.248390,0.181346,0.153269,0.211336,0.280418,0.276137,0.101773,0.084128,0.058177,0.192558,0.252439,0.249660,0.108276,0.055645,0.040011,0.136645,0.398407,0.237503,0.663354,0.237858,0.313546,0.202297,0.201049,0.205670
0.079227,0.189989,0.707323,0.679223,0.337607,0.088592,0.454482,0.371785,0.174963,0.298968,0.346627,0.258269,0.379938,0.259977,0.562391,0.447579,0.075570,-0.029504,0.374291,0.352318,0.032123,0.025737,0.850068,0.000000,0.493232,0.391320,0.265125,0.222277,0.129825,0.091526,0.413548,0.460293,0.402384,0.308404,0.461384,0.302769,0.210962,0.250256,0.197006,0.243883,0.114140,0.064499,0.148868,0.141761,0.146026,0.034958,0.190969,0.172266,0.000712,0.031076,0.184455,0.122592,0.209067,0.222437,0.233585,0.205376,0.040564,0.130302,0.056177,-0.061273,0.138067,-0.033996,0.128564,0.003528,0.574009,0.376102,0.305566,0.378222,0.261281,0.254881,0.229362,0.238500,0.035425,0.052543,0.030923,0.141453,0.238386,0.231119,0.114161,0.042152,0.138890,0.247302,0.370809,0.286954,0.587907,0.427357,0.303811,0.184294,0.330821,0.327760
0.110904,0.197181,0.449687,0.321258,0.622680,0.380200,0.188067,0.135337,0.435746,0.380946,0.255112,0.064864,0.275284,0.148716,0.430039,0.343074,0.024197,0.052303,0.281266,0.268701,0.105338,0.033291,0.780577,0.493232,0.000000,0.688883,0.427097,0.327399,0.137982,0.164966,0.401810,0.369490,0.406208,0.296197,0.504976,0.333759,0.203255,0.153908,0.182096,0.168638,-0.001510,-0.009863,0.267209,0.272500,0.244496,0.140435,0.253079,0.260202,0.105964,0.097754,0.254084,0.107866,0.184549,0.126932,0.183427,0.133477,0.104476,0.140717,0.066015,-0.075382,-0.009200,-0.157763,0.042253,-0.125602,0.520580,0.262861,0.278289,0.303783,0.222240,0.249617,0.263070,0.230585,0.097276,0.045551,0.041120,0.110130,0.240092,0.234702,0.135134,0.050367,0.166941,0.180086,0.199603,0.147293,0.463930,0.279686,0.198092,0.142195,0.104217,0.180246
0.132604,0.183657,0.347287,0.375388,0.413370,0.468344,0.129814,0.217115,0.404973,0.350920,0.265749,0.226697,0.266328,0.271730,0.365606,0.375911,0.066921,0.083357,0.162569,0.254580,0.124638,0.083592,0.466582,0.391320,0.688883,0.000000,0.366060,0.353191,0.177982,0.232092,0.322955,0.388138,0.357459,0.378236,0.383463,0.357229,0.133301,0.085352,0.272484,0.133770,0.036880,-0.006482,0.232210,0.263074,0.252940,0.190462,0.242470,0.258028,0.154232,0.141811,0.276630,0.186750,0.139639,0.095098,0.118558,0.072321,0.095647,0.169281,0.140125,0.051900,0.024496,0.004060,0.082742,-0.001589,0.342628,0.383232,0.258682,0.395229,0.121628,0.160328,0.169880,0.174190,0.081672,0.038270,-0.001364,0.093457,0.200302,0.189134,0.180102,0.079667,0.245920,0.311328,0.176518,0.215733,0.452359,0.451949,0.171013,0.123783,0.050630,0.215976
0.032881,0.128321,0.237795,0.118208,0.504502,0.363718,0.070698,0.091955,0.372977,0.341163,0.051944,-0.073847,0.180523,0.134435,0.345528,0.316446,0.019094,-0.009533,0.085747,0.099853,0.201102,0.042666,0.305975,0.265125,0.427097,0.366060,0.000000,0.301122,0.023150,0.043665,0.291069,0.197145,0.217522,0.182861,0.151189,0.110122,0.150289,0.115555,0.137493,0.044106,0.133715,-0.025734,0.186255,0.205407,0.085557,0.148845,0.235598,0.197260,0.103717,0.092601,0.154746,0.118978,0.134804,0.107648,0.092238,0.134213,0.087219,0.134096,0.100997,-0.021997,0.113149,-0.017148,0.078421,0.042733,0.287909,0.178202,0.093095,0.106536,0.091650,0.117340,0.134206,0.171971,0.136604,0.055855,0.065496,0.025818,0.086957,0.164008,0.150354,0.099080,0.167366,0.190048,0.155526,0.186761,0.219971,0.226757,0.176441,0.141824,0.028501,0.098223
0.098133,0.160461,0.173392,0.238788,0.210251,0.239315,0.024222,0.096208,0.180589,0.156123,0.054432,0.108182,0.101347,0.123509,0.176533,0.264729,0.016440,0.070735,0.122489,0.155975,0.075704,0.146176,0.188723,0.222277,0.327399,0.353191,0.301122,0.000000,0.083304,0.128059,0.208963,0.274416,0.142825,0.166646,0.224294,0.176516,0.183011,0.081039,0.051531,0.041728,-0.074009,0.014565,0.110745,0.103179,0.129738,0.004870,0.141117,0.100816,0.054690,0.005627,0.069583,0.030939,0.119235,0.006341,0.048867,0.030366,0.079005,0.148853,0.115488,0.046213,-0.026458,0.031906,0.033495,0.027619,0.184751,0.188151,0.105295,0.206518,0.092907,0.091509,0.133375,0.217555,0.127019,0.054994,0.063077,0.084498,0.083928,0.093626,0.109118,0.071554,0.104593,0.126814,0.025207,0.038582,0.216565,0.204643,0.052386,0.044797,-0.000652,0.097137
0.443330,0.450430,0.346451,0.328367,0.094589,0.062426,0.206095,0.279498,0.001826,-0.002716,0.373654,0.348569,0.264746,0.226419,0.153628,0.085758,0.606018,0.497041,0.381935,0.502059,0.187369,0.014205,0.110065,0.129825,0.137982,0.177982,0.023150,0.083304,0.000000,0.848978,0.396002,0.333743,0.528550,0.494978,0.115289,0.236410,0.234557,0.154128,0.385478,0.224547,0.195687,0.197135,0.290914,0.260026,0.350321,0.185763,0.315591,0.279491,0.158333,0.134934,0.131615,0.011947,0.056393,0.055156,0.267926,0.175436,0.440301,0.473263,0.148058,0.206259,0.181851,0.143641,0.370254,0.348359,0.065918,0.152461,0.257033,0.226356,0.172329,0.019735,0.238650,0.122373,0.282975,0.223777,0.119831,0.194338,0.231976,0.160019,0.477521,0.280825,0.595349,0.623991,0.159248,0.259915,0.325877,0.230697,0.192537,0.103911,0.209829,0.195542
0.471003,0.537685,0.273538,0.383508,0.102948,0.128900,0.130635,0.415424,0.117693,0.062800,0.201411,0.398304,0.134534,0.304781,0.032382,0.132682,0.605226,0.581602,0.269831,0.502512,0.152409,-0.035991,0.012778,0.091526,0.164966,0.232092,0.043665,0.128059,0.848978,0.000000,0.317808,0.316852,0.590099,0.584793,0.148801,0.287442,0.168339,0.104351,0.367064,0.235422,0.027877,0.115588,0.326999,0.216941,0.350972,0.218973,0.335227,0.269930,0.140861,0.122085,0.130594,0.017821,0.140681,0.055565,0.179341,0.086136,0.462725,0.540715,0.189539,0.299100,0.187474,0.227544,0.430995,0.509835,0.002771,0.207169,0.250931,0.334195,0.295193,0.127132,0.171375,0.108912,0.274743,0.267833,0.086410,0.137329,0.280330,0.217630,0.505904,0.360671,0.750330,0.617685,0.118242,0.212671,0.181457,0.272563,0.139267,0.079629,0.160140,0.224537
0.093246,0.250407,0.590201,0.389885,0.177592,0.057314,0.261063,0.140824,0.190479,0.050127,0.209580,0.008041,0.359165,0.091134,0.570637,0.222596,0.146076,0.001893,0.349141,0.338759,0.269988,0.066454,0.634771,0.413548,0.401810,0.322955,0.291069,0.208963,0.396002,0.317808,0.000000,0.953560,0.509913,0.465459,0.371867,0.297403,0.239655,0.238883,0.398788,0.379204,0.305212,0.157735,0.322038,0.384497,0.251083,0.184336,0.384507,0.356527,0.116236,0.099182,0.153733,0.022807,0.006141,0.089523,0.315388,0.245946,0.220083,0.296618,0.112475,0.075332,0.148164,-0.064524,0.205348,0.079955,0.628251,0.352938,0.251772,0.250182,0.001288,0.147161,0.171625,0.202182,0.290780,0.139057,0.077862,0.152804,0.251147,0.160945,0.360407,0.215039,0.317853,0.447825,0.352370,0.399824,0.544115,0.309653,0.339268,0.228151,0.153989,0.162621
0.121200,0.210182,0.507114,0.493831,0.083032,0.040326,0.258485,0.275786,0.136082,0.039313,0.224837,0.140312,0.295676,0.158312,0.449130,0.326786,0.204924,0.074583,0.303147,0.307186,0.215873,0.073030,0.507454,0.460293,0.369490,0.388138,0.197145,0.274416,0.333743,0.316852,0.953560,0.000000,0.460739,0.509367,0.404902,0.340884,0.272105,0.189582,0.309343,0.402719,0.197478,0.130950,0.241016,0.277894,0.281891,0.129514,0.299963,0.267525,0.066834,0.055789,0.133594,0.009640,-0.033351,-0.034016,0.286086,0.230273,0.187488,0.259087,0.142660,0.109645,0.104066,0.042477,0.172034,0.081335,0.560011,0.542582,0.325363,0.403661,0.036545,0.090939,0.200120,0.239796,0.175432,0.125515,-0.005898,0.187949,0.233691,0.155661,0.266085,0.201442,0.342327,0.437965,0.332603,0.323699,0.564231,0.474636,0.280507,0.177476,0.209472,0.179334
0.352538,0.515715,0.473437,0.514325,0.264015,0.177342,0.311745,0.441726,0.167105,0.138782,0.149730,0.120315,0.241093,0.170081,0.213431,0.172015,0.418300,0.358626,0.407149,0.604305,0.128005,0.049077,0.377880,0.402384,0.406208,0.357459,0.217522,0.142825,0.528550,0.590099,0.509913,0.460739,0.000000,0.861253,0.398477,0.377697,0.218607,0.269945,0.354631,0.300756,0.167450,0.131038,0.333450,0.299737,0.449778,0.295929,0.429036,0.356616,0.147087,0.102315,0.167770,0.014234,0.188172,0.141954,0.274693,0.208887,0.534895,0.532232,0.251457,0.139133,0.245716,0.071718,0.410622,0.345000,0.297570,0.283518,0.426768,0.539954,0.398765,0.316886,0.246470,0.223511,0.266819,0.239735,0.131367,0.212278,0.302332,0.337645,0.462250,0.303740,0.640346,0.526150,0.190331,0.219816,0.373384,0.306629,0.173392,0.129898,0.227195,0.197233
0.411022,0.637362,0.396210,0.561645,0.222127,0.250757,0.318959,0.599527,0.241350,0.226408,0.128300,0.193871,0.205008,0.288850,0.144682,0.197002,0.447240,0.383263,0.277245,0.570980,0.139591,0.048233,0.253099,0.308404,0.296197,0.378236,0.182861,0.166646,0.494978,0.584793,0.465459,0.509367,0.861253,0.000000,0.362301,0.418630,0.224662,0.230213,0.358274,0.291697,0.208951,0.149866,0.316825,0.328201,0.371477,0.303907,0.426472,0.374773,0.116605,0.121508,0.254652,0.075109,0.197612,0.073133,0.283332,0.213373,0.579130,0.637128,0.345969,0.228937,0.381281,0.291763,0.492841,0.531643,0.230816,0.482348,0.495157,0.584121,0.402695,0.283184,0.200142,0.171171,0.252295,0.264163,0.104032,0.222424,0.285754,0.278171,0.517878,0.406955,0.759751,0.574531,0.124278,0.210259,0.279747,0.391509,0.171990,0.147252,0.271557,0.295037
0.021662,0.129658,0.386352,0.445808,0.151170,0.065232,0.228060,0.241838,0.171430,0.081213,0.077877,0.005691,0.168429,0.040948,0.242691,0.169225,0.011103,-0.016278,0.213009,0.270685,0.085033,0.107989,0.485209,0.461384,0.504976,0.383463,0.151189,0.224294,0.115289,0.148801,0.371867,0.404902,0.398477,0.362301,0.000000,0.441773,0.156243,0.166822,0.154741,0.231094,-0.039899,-0.024301,0.100069,0.139327,0.257795,0.077776,0.185864,0.132019,-0.011032,0.005184,0.101406,0.009111,0.041825,0.008092,0.202871,0.136817,0.128642,0.159824,0.075933,-0.002461,0.053069,-0.085972,0.121550,-0.060544,0.508263,0.393302,0.399271,0.504716,0.167483,0.309176,0.267900,0.186942,0.065806,0.148937,0.025604,0.120471,0.232080,0.199837,0.168199,0.041174,0.141840,0.069584,0.126880,-0.017600,0.391849,0.241800,0.147027,0.086489,0.173667,0.145244
0.146500,0.132294,0.287603,0.361969,0.161607,0.112906,0.236171,0.283756,0.165179,0.102488,0.103996,0.097786,0.166314,0.151205,0.143949,0.151926,0.115768,0.057703,0.149434,0.269423,0.035204,0.082847,0.257044,0.302769,0.333759,0.357229,0.110122,0.176516,0.236410,0.287442,0.297403,0.340884,0.377697,0.418630,0.441773,0.000000,0.148205,0.100259,0.184051,0.183379,-0.008521,0.028605,0.158532,0.185893,0.306308,0.090685,0.236405,0.211490,0.065369,0.081735,0.206678,0.076238,0.117455,0.007402,0.204925,0.149138,0.137515,0.159795,0.136013,0.068423,0.140094,0.105853,0.204862,0.121972,0.286193,0.405752,0.377295,0.530421,0.191059,0.212818,0.150969,0.118923,0.098604,0.161702,-0.030749,0.128340,0.216353,0.148669,0.166317,0.102513,0.242216,0.211348,0.048475,0.021341,0.295163,0.303749,0.150360,0.104391,0.092351,0.154708
0.196290,0.168538,0.260693,0.208169,0.149920,0.026400,0.123788,0.125943,0.142842,0.082852,0.161290,0.075994,0.194104,0.068500,0.223290,0.171732,0.230161,0.065942,0.251392,0.257025,0.088648,0.013388,0.248847,0.210962,0.203255,0.133301,0.150289,0.183011,0.234557,0.168339,0.239655,0.272105,0.218607,0.224662,0.156243,0.148205,0.000000,0.277862,0.332667,0.228350,0.163308,0.191625,0.208425,0.130554,0.132003,0.074779,0.218026,0.196539,0.054433,0.041033,0.109412,-0.004966,0.116820,-0.018500,0.262527,0.161457,0.206623,0.207005,0.150425,0.093308,0.156126,0.052674,0.155407,0.134563,0.218680,0.167812,0.221580,0.162391,0.164057,0.121691,0.108950,0.080845,0.243590,0.132380,0.020788,0.193663,0.195254,0.182050,0.240649,0.201822,0.227272,0.261491,0.143708,0.134281,0.206566,0.174113,0.199210,0.122087,0.221321,0.198666
0.082207,0.142554,0.267760,0.205824,0.147419,0.027312,0.189310,0.193696,0.105049,0.099856,0.013479,-0.011044,0.128466,0.057510,0.181518,0.097391,0.178686,-0.002853,0.203161,0.248526,0.029930,0.012427,0.269854,0.250256,0.153908,0.085352,0.115555,0.081039,0.154128,0.104351,0.238883,0.189582,0.269945,0.230213,0.166822,0.100259,0.277862,0.000000,0.216070,0.329449,0.293974,0.267768,0.177215,0.193720,0.172602,0.142702,0.253097,0.233288,0.126624,0.094784,0.137075,0.054286,0.177761,0.069185,0.294598,0.316442,0.216347,0.175750,0.092585,0.034961,0.207106,-0.006103,0.158141,0.095496,0.221886,0.085575,0.227981,0.216920,0.146943,0.221657,0.111577,0.109580,0.169471,0.170867,0.041554,0.212824,0.178747,0.218918,0.193128,0.198507,0.177918,0.179238,0.210939,0.115385,0.179499,0.070862,0.187867,0.193363,0.212199,0.140192
0.301216,0.232256,0.269405,0.222628,0.142449,0.077045,0.104729,0.173254,0.123989,0.038445,0.316796,0.233162,0.246848,0.173434,0.275714,0.212300,0.388912,0.184577,0.147213,0.274730,0.149474,-0.034592,0.229126,0.197006,0.182096,0.272484,0.137493,0.051531,0.385478,0.367064,0.398788,0.309343,0.354631,0.358274,0.154741,0.184051,0.332667,0.216070,0.000000,0.335753,0.267912,0.245375,0.395240,0.328986,0.213167,0.309172,0.398707,0.409696,0.145871,0.167422,0.239779,0.131302,0.057750,0.059981,0.345958,0.225329,0.249254,0.291387,0.183348,0.178434,0.289763,0.163804,0.227641,0.281865,0.213822,0.337721,0.198595,0.225021,0.070072,0.091122,0.027386,0.006688,0.028861,-0.005202,0.012199,0.269707,0.273849,0.093516,0.466432,0.179473,0.534692,0.647292,0.383140,0.566140,0.350474,0.346455,0.460109,0.168096,0.295385,0.258983
0.096008,0.233882,0.312242,0.334873,0.080269,0.000990,0.184594,0.267209,0.114744,0.071353,0.088387,0.079296,0.118700,0.081157,0.227787,0.159283,0.176450,-0.033408,0.218724,0.262552,0.040916,-0.018465,0.260211,0.243883,0.168638,0.133770,0.044106,0.041728,0.224547,0.235422,0.379204,0.402719,0.300756,0.291697,0.231094,0.183379,0.228350,0.329449,0.335753,0.000000,0.246507,0.212390,0.207185,0.207160,0.176890,0.055077,0.254551,0.213809,0.080895,0.067859,0.188488,0.064229,0.166595,0.067853,0.313322,0.308486,0.226317,0.250050,0.105756,0.090107,0.117885,0.053394,0.149876,0.097258,0.303241,0.270396,0.264807,0.256357,0.105245,0.164824,0.158849,0.075055,0.143191,0.213702,-0.050846,0.179180,0.199675,0.153434,0.131576,0.146023,0.196739,0.211783,0.284175,0.231616,0.294852,0.213281,0.262849,0.214576,0.263540,0.218481
0.091517,0.129090,0.105288,0.048742,0.042206,0.004691,0.071672,0.083860,-0.036779,0.048487,0.023466,-0.072624,0.077789,0.005433,0.121099,-0.012543,0.203398,0.007320,0.091917,0.153187,0.207384,-0.103256,0.147756,0.114140,-0.001510,0.036880,0.133715,-0.074009,0.195687,0.027877,0.305212,0.197478,0.167450,0.208951,-0.039899,-0.008521,0.163308,0.293974,0.267912,0.246507,0.000000,0.287979,0.050631,0.135481,-0.009271,0.097897,0.095183,0.116358,0.052170,0.015701,0.057544,0.007480,0.045586,0.137599,0.122212,0.191660,0.256862,0.203513,0.002686,0.012911,0.235749,-0.017349,0.070659,0.089126,0.092779,0.010693,0.054335,0.015486,-0.031756,0.047331,0.022050,0.006326,0.186994,0.137759,0.092555,0.191180,0.026040,0.085727,0.173326,0.307819,0.134431,0.327021,0.246778,0.325481,0.096540,0.055038,0.050954,0.057247,0.027059,-0.014701
0.100358,0.114475,0.151099,0.089543,0.010361,-0.023946,0.041675,0.078832,-0.062875,-0.009291,0.040073,0.076563,0.069131,0.059419,0.084343,0.002879,0.141562,0.084436,0.146540,0.153813,0.074475,0.036568,0.071281,0.064499,-0.009863,-0.006482,-0.025734,0.014565,0.197135,0.115588,0.157735,0.130950,0.131038,0.149866,-0.024301,0.028605,0.191625,0.267768,0.245375,0.212390,0.287979,0.000000,0.095628,0.094738,0.044232,0.017535,0.150248,0.155766,0.133478,0.093932,0.172203,0.120552,0.123807,0.115714,0.198995,0.226950,0.177863,0.150527,0.116676,0.061653,0.115973,0.026424,0.049554,0.081444,0.028298,-0.013884,0.155181,0.069080,0.022746,0.046440,0.045580,-0.064177,0.047537,0.096971,-0.044168,0.134890,0.125267,0.032867,0.052333,0.134666,0.095641,0.199420,0.150649,0.193500,0.126665,0.035573,0.148134,0.089272,0.101090,0.116826
0.430202,0.283598,0.402927,0.290399,0.272956,0.189230,0.261387,0.300617,0.226310,0.124015,0.299009,0.274405,0.244580,0.200013,0.240880,0.220869,0.204336,0.094189,0.529132,0.465130,0.152870,-0.100008,0.223047,0.148868,0.267209,0.232210,0.186255,0.110745,0.290914,0.326999,0.322038,0.241016,0.333450,0.316825,0.100069,0.158532,0.208425,0.177215,0.395240,0.207185,0.050631,0.095628,0.000000,1.011152,0.998168,0.888935,1.148934,1.095719,0.736563,0.643629,0.517379,0.356358,0.327919,0.092977,0.449262,0.343670,0.170717,0.238679,0.240767,0.250513,0.176312,0.122405,0.072375,0.135721,0.076764,0.178162,0.293814,0.358775,0.238473,0.237060,0.090535,0.094442,0.154934,0.118315,0.009718,0.109979,0.234696,0.181056,0.216971,0.012199,0.302244,0.354905,0.327465,0.362018,0.349855,0.278899,0.316840,0.122647,0.160050,0.233927
0.349162,0.277990,0.444944,0.326913,0.268340,0.256412,0.272665,0.284335,0.209385,0.112695,0.293251,0.217160,0.176131,0.164017,0.247962,0.135881,0.108655,0.066463,0.404638,0.408961,0.102878,-0.016795,0.267124,0.141761,0.272500,0.263074,0.205407,0.103179,0.260026,0.216941,0.384497,0.277894,0.299737,0.328201,0.139327,0.185893,0.130554,0.193720,0.328986,0.207160,0.135481,0.094738,1.011152,0.000000,0.816732,1.045476,1.088605,1.282780,0.877751,0.860534,0.615296,0.497979,0.256740,0.156324,0.529712,0.530922,0.158673,0.262129,0.271857,0.266336,0.133131,0.113633,0.036323,0.049025,0.182746,0.237146,0.345251,0.334864,0.102591,0.207882,0.124270,0.137417,0.110648,0.081313,0.118356,0.107456,0.248811,0.201959,0.178410,0.078416,0.219088,0.264981,0.268259,0.287059,0.458284,0.269312,0.278132,0.128701,0.159400,0.234801
0.385933,0.260773,0.368581,0.404108,0.198266,0.173889,0.238634,0.374984,0.191506,0.080338,0.180557,0.239974,0.168519,0.186218,0.141169,0.122350,0.220439,0.155862,0.450517,0.493035,0.084329,0.047853,0.149898,0.146026,0.244496,0.252940,0.085557,0.129738,0.350321,0.350972,0.251083,0.281891,0.449778,0.371477,0.257795,0.306308,0.132003,0.172602,0.213167,0.176890,-0.009271,0.044232,0.998168,0.816732,0.000000,0.965879,0.986133,0.899418,0.818941,0.702698,0.446088,0.317356,0.254739,0.015612,0.425381,0.392709,0.193130,0.239456,0.292483,0.302116,0.115136,0.126867,0.134940,0.128148,0.094873,0.229654,0.430242,0.595816,0.261968,0.280719,0.154784,0.189689,0.105814,0.186249,0.035379,0.112977,0.306298,0.270936,0.146023,0.027716,0.331397,0.260941,0.224453,0.143476,0.392367,0.267022,0.224150,0.128718,0.188155,0.190147
0.374654,0.231231,0.304045,0.273846,0.208057,0.261126,0.159134,0.266210,0.153153,0.070305,0.140335,0.152719,0.038684,0.066188,0.023545,-0.009664,0.162767,0.134726,0.306203,0.395185,0.135095,-0.002253,0.116757,0.034958,0.140435,0.190462,0.148845,0.004870,0.185763,0.218973,0.184336,0.129514,0.295929,0.303907,0.077776,0.090685,0.074779,0.142702,0.309172,0.055077,0.097897,0.017535,0.888935,1.045476,0.965879,0.000000,0.940473,0.979493,0.946759,0.971755,0.479319,0.443325,0.177551,0.099152,0.436082,0.496262,0.177354,0.220789,0.353094,0.322343,0.131140,0.104540,0.029908,0.095299,-0.026905,0.104435,0.317261,0.381113,0.164695,0.267357,0.119007,0.144248,0.074363,0.087905,0.128265,0.090982,0.226335,0.217227,0.187684,0.055704,0.303817,0.231637,0.181018,0.231610,0.227730,0.162198,0.191418,0.075538,0.130560,0.207296
0.432414,0.347317,0.487280,0.397305,0.279996,0.233227,0.303727,0.381366,0.238949,0.123933,0.258945,0.239086,0.257754,0.238857,0.213888,0.199099,0.213033,0.121774,0.465830,0.497864,0.131022,0.027241,0.252517,0.190969,0.253079,0.242470,0.235598,0.141117,0.315591,0.335227,0.384507,0.299963,0.429036,0.426472,0.185864,0.236405,0.218026,0.253097,0.398707,0.254551,0.095183,0.150248,1.148934,1.088605,0.986133,0.940473,0.000000,1.135845,0.831164,0.712589,0.612660,0.453346,0.352789,0.111061,0.639096,0.578348,0.213410,0.312062,0.365327,0.314540,0.219381,0.166333,0.154547,0.187867,0.183477,0.327853,0.438439,0.438712,0.221763,0.294924,0.143139,0.172414,0.176613,0.164974,0.043173,0.130505,0.313253,0.267129,0.235801,0.108341,0.385602,0.330486,0.282319,0.281797,0.425590,0.319108,0.331991,0.163111,0.265488,0.309987
0.405085,0.298020,0.426766,0.349957,0.283641,0.229587,0.299951,0.361400,0.237490,0.119263,0.227042,0.241842,0.194825,0.218975,0.242010,0.171365,0.194062,0.128496,0.395077,0.427163,0.115405,-0.018152,0.242701,0.172266,0.260202,0.258028,0.197260,0.100816,0.279491,0.269930,0.356527,0.267525,0.356616,0.374773,0.132019,0.211490,0.196539,0.233288,0.409696,0.213809,0.116358,0.155766,1.095719,1.282780,0.899418,0.979493,1.135845,0.000000,0.830167,0.813433,0.621602,0.507993,0.277451,0.166151,0.571086,0.582614,0.177280,0.258132,0.293504,0.319794,0.206528,0.180377,0.117393,0.140107,0.194731,0.257450,0.339823,0.359370,0.148019,0.201431,0.067135,0.101459,0.090361,0.124166,0.030478,0.146861,0.289359,0.206821,0.208915,0.105149,0.278400,0.317310,0.235475,0.278382,0.398870,0.300400,0.347469,0.180122,0.215185,0.290563
0.403671,0.188795,0.257369,0.195568,0.191224,0.254401,0.155692,0.238330,0.138756,0.099203,0.212745,0.288671,0.106412,0.199810,0.076910,0.086653,0.062724,0.044595,0.315356,0.288361,0.060222,0.005581,0.050221,0.000712,0.105964,0.154232,0.103717,0.054690,0.158333,0.140861,0.116236,0.066834,0.147087,0.116605,-0.011032,0.065369,0.054433,0.126624,0.145871,0.080895,0.052170,0.133478,0.736563,0.877751,0.818941,0.946759,0.831164,0.830167,0.000000,1.166046,0.919566,0.894024,0.486680,0.276114,0.553315,0.624969,0.081293,0.158327,0.517802,0.472188,0.141365,0.193119,0.022809,0.070570,-0.040560,0.059605,0.329801,0.318200,0.119505,0.209434,0.104456,0.119647,0.065823,0.042753,0.030779,0.017715,0.188392,0.189312,0.009748,-0.011030,0.155710,0.128820,0.177351,0.156257,0.287808,0.193473,0.138851,0.036492,0.133634,0.270556
