0.000000,0.832883,0.636350,0.672469,0.114629,0.096563,0.821613,0.822905,0.251166,0.204750,1.034878,0.731400,0.850037,0.669531,0.518599,0.440128,0.616506,0.264979,0.608154,0.594297,0.144881,0.172391,0.452331,0.448318,0.059990,0.132338,0.080838,0.062168,0.352111,0.211668,0.145306,0.218772,0.607788,0.606892,0.180182,0.158444,0.411908,0.275772,0.248329,0.304308,0.253988,0.386425,0.453137,0.352188,0.230596,0.341628,0.485029,0.403051,0.180740,0.227744,0.435755,0.350569,0.490065,0.484753,0.352732,0.341281,0.900734,0.764077,0.578878,0.708391,1.120067,0.980718,0.476667,0.636887,0.601500,0.750959,0.523476,0.448704,0.655743,0.582896,0.097276,-0.123071,0.346577,0.395280,0.375048,0.516413,0.672430,0.662151,0.317021,0.468371,0.575517,0.506827,0.552804,0.400699,0.549086,0.432909,0.382585,0.389851,0.651250,0.609929
0.832883,0.000000,0.283488,0.417336,0.082986,0.232882,0.297082,0.549803,0.216838,0.201173,0.571842,0.920645,0.580603,0.809485,0.357612,0.458763,0.582457,0.639485,0.377792,0.653070,0.071575,0.166843,0.144411,0.231439,0.217578,0.225668,0.169141,0.259287,0.314078,0.333617,-0.026529,-0.038249,0.439187,0.513531,0.009776,0.034006,0.316287,0.406382,0.315645,0.472989,0.318708,0.371632,0.816310,0.685001,0.573372,0.677068,0.860427,0.786339,0.732216,0.765140,0.780079,0.780255,0.867569,0.736071,0.661164,0.723217,0.918890,1.052152,1.069544,1.191327,0.828004,0.902268,0.600137,0.860180,0.147316,0.546866,0.518238,0.563629,0.597624,0.557251,0.058521,-0.290379,0.261656,0.540523,0.461981,0.489923,0.597293,0.659050,0.451568,0.508898,0.511290,0.708901,0.411762,0.408890,0.341879,0.371565,0.389890,0.315163,0.485218,0.686018
0.636350,0.283488,0.000000,0.690069,0.119584,-0.011093,0.937715,0.482606,0.176679,0.116694,0.393368,0.140963,0.357274,0.195313,0.252554,0.212525,0.293579,0.059832,0.630461,0.411191,0.045752,0.093263,0.958323,0.586032,0.028732,0.019456,-0.016989,-0.045429,0.312143,0.138474,0.597987,0.343166,0.618957,0.474861,0.400295,0.236675,0.242702,0.293716,0.252718,0.266680,0.101565,0.239224,0.326499,0.227345,0.214139,0.241554,0.301489,0.326284,-0.003822,0.045551,0.232469,0.065785,0.349768,0.520645,0.296372,0.334057,0.359386,0.343673,0.268929,0.414136,0.459472,0.414655,0.326458,0.313950,0.571624,0.279646,0.566354,0.316473,0.571504,0.540675,0.044362,0.214430,0.171490,0.225100,0.083554,0.187955,0.452379,0.351256,0.163680,0.183702,0.457255,0.345179,0.603697,0.289716,0.464192,0.380573,0.270520,0.331301,0.440000,0.458517
0.672469,0.417336,0.690069,0.000000,0.221805,0.036119,1.010544,1.172035,0.262655,0.196136,0.399763,0.459316,0.523156,0.361312,0.351725,0.226278,0.397884,0.136530,0.469012,0.761289,0.189458,0.231488,0.482243,0.821096,-0.163535,0.041360,-0.077497,-0.073343,0.435895,0.223646,0.428212,0.682468,0.748579,0.853173,0.419141,0.359017,0.087076,0.010445,0.040965,0.019826,0.031799,0.191956,0.263759,0.188857,0.260579,0.347036,0.292363,0.270234,0.025600,0.063147,0.193147,0.064522,0.203475,0.381085,0.176762,0.131482,0.377079,0.267191,0.224055,0.475337,0.578978,0.673083,0.408522,0.447304,0.708556,0.699589,0.476197,0.414135,0.446087,0.501122,0.032816,-0.014991,0.279609,0.250404,0.223021,0.364140,0.467013,0.442882,0.247555,0.114871,0.509122,0.426991,0.486930,0.312895,0.513117,0.458990,0.277610,0.213772,0.381238,0.388462
0.114629,0.082986,0.119584,0.221805,0.000000,0.846331,0.189500,0.033173,1.489887,1.011731,0.389909,0.101209,0.317247,0.167762,0.801345,0.572659,0.270478,0.005849,0.325398,0.232982,0.295544,0.179978,0.272922,0.281819,0.558177,0.565789,0.620198,0.697517,0.190185,0.130843,0.212127,0.093119,0.375222,0.279817,0.096257,0.016792,0.071170,0.045058,0.199027,0.100930,0.187214,0.072900,0.273346,0.217658,0.249247,0.209897,0.324180,0.211898,0.209725,0.216743,0.239718,0.177308,0.293404,0.353284,0.354509,0.327591,0.044752,0.007112,0.270475,0.172213,0.237737,0.072192,0.193306,0.118108,0.294570,0.224077,0.370611,0.305253,0.245589,0.434417,0.168292,0.020213,0.173230,-0.035914,0.505070,0.484160,0.424326,0.231830,0.345572,0.120309,0.327120,0.271599,0.213705,0.158231,0.431944,0.330178,0.567455,0.309961,0.536927,0.422766
0.096563,0.232882,-0.011093,0.036119,0.846331,0.000000,-0.012765,-0.005807,0.901466,1.235780,0.459936,0.292861,0.294942,0.374413,0.559530,0.781206,0.271398,0.243389,0.192797,0.143438,0.204551,0.299473,0.125762,0.170418,0.977842,0.881231,0.581388,0.822557,0.127317,0.326257,0.034412,-0.065360,0.211247,0.125387,-0.036819,-0.113182,0.104199,0.278138,0.338637,0.219269,0.387117,0.180272,0.461496,0.433194,0.323811,0.264065,0.420556,0.290743,0.397091,0.377768,0.389408,0.386161,0.429380,0.379410,0.419661,0.495629,0.035272,0.045737,0.398731,0.178807,0.256179,0.109750,0.189829,0.237274,0.230688,0.274086,0.323497,0.335270,0.154946,0.509374,0.185831,-0.005972,0.127857,0.213850,0.554586,0.635839,0.444592,0.281835,0.376692,0.309984,0.272924,0.380619,0.160513,0.190824,0.436830,0.452412,0.536505,0.246000,0.504868,0.466756
0.821613,0.297082,0.937715,1.010544,0.189500,-0.012765,0.000000,0.926061,0.274514,0.131816,0.475969,0.318117,0.587735,0.323555,0.361882,0.182124,0.326398,-0.012642,0.534045,0.578461,0.165098,0.127750,0.601815,0.564775,-0.138580,-0.028409,-0.130308,-0.135345,0.374024,0.143056,0.434890,0.495626,0.785720,0.733856,0.336201,0.189234,0.155257,0.049762,0.096930,0.047171,0.035258,0.160243,0.222467,0.108581,0.154935,0.188827,0.231049,0.204695,-0.119690,-0.082781,0.181630,0.029096,0.250563,0.301868,0.143412,0.095497,0.318307,0.241052,0.199665,0.458185,0.651519,0.664636,0.357161,0.440244,0.685429,0.556669,0.500107,0.313856,0.551079,0.515707,-0.059607,0.024076,0.231180,0.162222,0.122627,0.300211,0.423123,0.300993,0.208244,0.136244,0.529080,0.338462,0.507007,0.269198,0.448458,0.409896,0.230810,0.209262,0.454361,0.430877
0.822905,0.549803,0.482606,1.172035,0.033173,-0.005807,0.926061,0.000000,0.149426,0.148109,0.515618,0.814134,0.742572,0.753007,0.329957,0.300353,0.429218,0.341115,0.438615,0.786028,0.057566,0.123374,0.325526,0.607679,-0.176865,0.002601,-0.130664,-0.090586,0.454654,0.399398,0.289862,0.576881,0.652526,0.822845,0.216563,0.219761,0.071928,0.125405,-0.001222,-0.003725,-0.005035,0.246359,0.386356,0.317398,0.313969,0.424092,0.356577,0.320919,0.102382,0.125913,0.236297,0.143597,0.252310,0.313735,0.155953,0.147719,0.422948,0.308592,0.252834,0.513604,0.657426,1.025145,0.435666,0.602715,0.700088,0.993941,0.334411,0.350203,0.464161,0.392924,-0.049705,-0.156227,0.229663,0.324428,0.234296,0.321331,0.401639,0.468404,0.299066,0.279733,0.564277,0.545399,0.477515,0.373870,0.434643,0.411874,0.154838,0.161242,0.373224,0.372785
0.251166,0.216838,0.176679,0.262655,1.489887,0.901466,0.274514,0.149426,0.000000,1.135312,0.525546,0.236147,0.408965,0.311077,1.054416,0.704646,0.212682,0.077556,0.322911,0.303101,0.311751,0.258462,0.373427,0.370977,0.684098,0.717643,0.732956,0.801895,0.158458,0.147488,0.218059,0.103498,0.366296,0.286880,0.094290,-0.009786,0.190832,0.202141,0.313693,0.191674,0.287714,0.178252,0.327271,0.244668,0.290782,0.263010,0.382252,0.298956,0.286972,0.312906,0.379243,0.294258,0.411554,0.427958,0.412386,0.457325,0.124940,0.111705,0.306127,0.245815,0.308199,0.215619,0.174152,0.211896,0.358050,0.401386,0.356389,0.323557,0.306919,0.562623,0.213435,0.003135,0.196106,0.067480,0.564343,0.595639,0.474544,0.305663,0.286094,0.210582,0.333461,0.359459,0.261480,0.311042,0.513501,0.431800,0.643668,0.397447,0.740115,0.596348
0.204750,0.201173,0.116694,0.196136,1.011731,1.235780,0.131816,0.148109,1.135312,0.000000,0.463204,0.322943,0.383573,0.422140,0.770133,0.990852,0.289700,0.223502,0.324785,0.247177,0.279064,0.201152,0.297975,0.377554,0.848603,0.878007,0.640380,0.863276,0.186207,0.296059,0.175859,0.106719,0.279758,0.212030,0.063568,-0.013635,0.159397,0.223848,0.291315,0.217532,0.326613,0.234987,0.421090,0.368741,0.307454,0.301109,0.447050,0.314351,0.343528,0.334071,0.355475,0.291581,0.389771,0.431037,0.408842,0.504466,0.115149,0.075933,0.347320,0.162214,0.327761,0.199430,0.218846,0.238977,0.377730,0.425121,0.338802,0.345450,0.226616,0.528079,0.156466,0.000444,0.136947,0.099211,0.577539,0.642688,0.474272,0.347168,0.352081,0.293325,0.355802,0.404368,0.257756,0.232919,0.461297,0.477074,0.547919,0.323532,0.629818,0.564782
1.034878,0.571842,0.393368,0.399763,0.389909,0.459936,0.475969,0.515618,0.525546,0.463204,0.000000,0.671340,0.841745,0.649585,0.727681,0.596068,0.599242,0.262060,0.614285,0.469232,0.222097,0.306782,0.439629,0.423844,0.317623,0.358943,0.299136,0.264287,0.302598,0.302109,0.093135,0.075081,0.426772,0.371292,0.041417,0.025133,0.271700,0.285700,0.275699,0.252021,0.320236,0.332702,0.447647,0.379398,0.269238,0.328039,0.447364,0.290007,0.202011,0.239760,0.441994,0.368302,0.479135,0.438392,0.329529,0.393631,0.548819,0.511604,0.434619,0.416662,0.741768,0.581788,0.387416,0.471009,0.608339,0.648291,0.409748,0.427426,0.449668,0.584093,0.192990,-0.132659,0.271992,0.296276,0.565325,0.577880,0.650346,0.579831,0.431019,0.530767,0.503732,0.493827,0.459048,0.381487,0.694032,0.521783,0.429887,0.333994,0.709920,0.563494
0.731400,0.920645,0.140963,0.459316,0.101209,0.292861,0.318117,0.814134,0.236147,0.322943,0.671340,0.000000,0.706341,1.167242,0.430538,0.570037,0.656831,0.718255,0.463540,0.780725,0.128760,0.216440,0.142590,0.337906,0.187259,0.304112,0.118659,0.205531,0.495567,0.599701,0.159958,0.297541,0.481969,0.571441,-0.010368,0.046317,0.178729,0.288878,0.187872,0.186313,0.199898,0.399203,0.711057,0.688181,0.491104,0.667919,0.695383,0.563360,0.509247,0.534120,0.512008,0.515980,0.548854,0.478078,0.451277,0.474124,0.573193,0.536047,0.590456,0.623140,0.660544,0.933690,0.543960,0.727228,0.367577,0.806900,0.316879,0.408667,0.400047,0.415224,0.105409,-0.156365,0.371537,0.597979,0.562393,0.550228,0.545705,0.659112,0.504651,0.636523,0.571942,0.722188,0.361501,0.426315,0.445873,0.432813,0.337172,0.296697,0.382745,0.462788
0.850037,0.580603,0.357274,0.523156,0.317247,0.294942,0.587735,0.742572,0.408965,0.383573,0.841745,0.706341,0.000000,0.959950,0.605143,0.499157,0.643136,0.453494,0.606252,0.484281,0.017544,0.164813,0.195237,0.224777,0.159295,0.126382,0.282100,0.287173,0.383563,0.364670,0.093300,0.125446,0.584693,0.607701,-0.087583,0.021603,0.082486,0.221421,0.228260,0.146546,0.162212,0.221366,0.445405,0.336802,0.203913,0.314539,0.410387,0.240648,0.168671,0.141561,0.286472,0.192198,0.405217,0.326423,0.416696,0.286301,0.385147,0.427646,0.557560,0.559978,1.053081,0.911103,0.741404,0.816663,0.709891,0.655669,0.397301,0.309724,0.458953,0.525987,0.257772,-0.079709,0.397787,0.410485,0.501577,0.582643,0.612923,0.581665,0.364983,0.472000,0.568821,0.549314,0.456501,0.284351,0.493462,0.346273,0.404922,0.314607,0.602229,0.473520
0.669531,0.809485,0.195313,0.361312,0.167762,0.374413,0.323555,0.753007,0.311077,0.422140,0.649585,1.167242,0.959950,0.000000,0.400017,0.645552,0.601315,0.815969,0.537858,0.610746,-0.038393,0.056659,0.107738,0.201436,0.303841,0.287184,0.207872,0.322328,0.405348,0.546485,0.059393,0.094948,0.430146,0.487148,-0.131258,-0.055861,0.111427,0.351892,0.189861,0.171439,0.178542,0.306735,0.750357,0.706182,0.441135,0.584180,0.688361,0.522557,0.501779,0.489857,0.439336,0.444451,0.569289,0.430899,0.482676,0.497360,0.402625,0.434537,0.642109,0.587911,0.730967,1.025234,0.597523,0.953215,0.406390,0.716330,0.312793,0.320856,0.430237,0.470832,0.066249,-0.221123,0.261053,0.550384,0.496102,0.578313,0.598439,0.659278,0.451000,0.533976,0.531172,0.676876,0.328661,0.279098,0.312379,0.307486,0.313333,0.186625,0.400733,0.454620
0.518599,0.357612,0.252554,0.351725,0.801345,0.559530,0.361882,0.329957,1.054416,0.770133,0.727681,0.430538,0.605143,0.400017,0.000000,0.719824,0.340281,0.113462,0.405140,0.427173,0.422888,0.276340,0.487880,0.484642,0.415822,0.487806,0.582740,0.586008,0.280976,0.205963,0.306750,0.213610,0.494488,0.420123,0.121350,0.026844,0.311228,0.230109,0.415069,0.299794,0.432346,0.392218,0.298275,0.196896,0.266168,0.269172,0.386017,0.287597,0.250044,0.283882,0.422829,0.303438,0.439719,0.505562,0.438607,0.490023,0.365368,0.316632,0.368158,0.412012,0.481646,0.374458,0.314754,0.281236,0.551836,0.536895,0.381043,0.365129,0.397745,0.488778,0.265188,-0.033797,0.338762,0.156807,0.573687,0.525212,0.519258,0.410031,0.327291,0.343848,0.479625,0.508312,0.444556,0.506665,0.796645,0.505902,0.717849,0.623832,0.906849,0.643355
0.440128,0.458763,0.212525,0.226278,0.572659,0.781206,0.182124,0.300353,0.704646,0.990852,0.596068,0.570037,0.499157,0.645552,0.719824,0.000000,0.312898,0.367985,0.434414,0.288408,0.244644,0.204365,0.367853,0.489409,0.739046,0.860334,0.637912,0.770021,0.156486,0.304159,0.097318,0.057682,0.282488,0.254213,0.101483,0.090744,0.364099,0.505991,0.429343,0.403404,0.313362,0.381163,0.576513,0.526415,0.345992,0.434617,0.616237,0.457789,0.435806,0.414308,0.605254,0.475448,0.644231,0.664249,0.651712,0.679348,0.317442,0.352902,0.559031,0.350832,0.509456,0.415124,0.296649,0.404978,0.469678,0.603025,0.500373,0.564892,0.360020,0.639961,0.105489,0.017929,0.100684,0.232811,0.517482,0.629689,0.509210,0.467887,0.345326,0.566320,0.376416,0.520108,0.400683,0.324819,0.561098,0.667267,0.569257,0.356263,0.766126,0.797756
0.616506,0.582457,0.293579,0.397884,0.270478,0.271398,0.326398,0.429218,0.212682,0.289700,0.599242,0.656831,0.643136,0.601315,0.340281,0.312898,0.000000,0.700732,0.711140,0.696643,0.091856,0.207384,0.166460,0.187903,-0.009109,-0.012626,0.103391,0.066284,1.058407,0.796731,0.382510,0.345188,0.745636,0.722165,-0.037328,0.089209,0.145961,0.098684,0.197537,0.229464,0.128490,0.332260,0.545690,0.524279,0.383743,0.519260,0.532361,0.275014,0.254420,0.219101,0.177045,0.148368,0.337413,0.382303,0.407097,0.333423,0.566599,0.528053,0.489401,0.476804,0.664205,0.601574,0.884502,0.777672,0.362558,0.271633,0.361595,0.271207,0.497752,0.378907,-0.005685,-0.064699,0.511867,0.503200,0.588161,0.447528,0.629923,0.481793,0.983371,0.642685,1.069143,0.809535,0.710576,0.353293,0.482310,0.293329,0.406333,0.255848,0.243772,0.261240
0.264979,0.639485,0.059832,0.136530,0.005849,0.243389,-0.012642,0.341115,0.077556,0.223502,0.262060,0.718255,0.453494,0.815969,0.113462,0.367985,0.700732,0.000000,0.388269,0.510335,-0.115465,0.085537,0.010026,0.035754,0.178365,0.118797,0.158249,0.223097,0.555403,0.782948,0.215527,0.150939,0.336856,0.367371,-0.161151,0.013200,-0.027394,0.374333,0.105399,0.195316,0.051125,0.244138,0.542077,0.544744,0.477394,0.657839,0.525516,0.398158,0.476516,0.449045,0.213799,0.240886,0.341681,0.370111,0.396171,0.421401,0.383382,0.484265,0.454066,0.434614,0.384632,0.618952,0.788313,0.987149,0.176880,0.268617,0.152392,0.135498,0.180742,0.228279,0.043629,-0.122161,0.248668,0.583215,0.551359,0.356418,0.426875,0.474241,0.650354,0.732661,0.559323,0.811059,0.323866,0.239555,0.152883,0.177865,0.126910,0.087824,0.076359,0.214995
0.608154,0.377792,0.630461,0.469012,0.325398,0.192797,0.534045,0.438615,0.322911,0.324785,0.614285,0.463540,0.606252,0.537858,0.405140,0.434414,0.711140,0.388269,0.000000,0.653107,0.030052,0.172216,0.496233,0.437010,0.148704,0.101415,0.139207,0.173398,0.495960,0.304253,0.401956,0.227732,0.729045,0.618858,0.211319,0.281639,0.203816,0.186080,0.300695,0.268728,0.061001,0.280983,0.526565,0.488898,0.269135,0.512710,0.528636,0.366154,0.237752,0.221469,0.287233,0.202155,0.488363,0.619872,0.574201,0.476581,0.325447,0.379045,0.500332,0.407696,0.583456,0.492855,0.639422,0.529987,0.510256,0.361068,0.670894,0.503904,0.643026,0.807938,0.017573,0.045906,0.355034,0.376751,0.443262,0.495328,0.662558,0.539828,0.474551,0.435864,0.686881,0.560802,0.579978,0.266854,0.458290,0.383021,0.461041,0.378579,0.397301,0.446098
0.594297,0.653070,0.411191,0.761289,0.232982,0.143438,0.578461,0.786028,0.303101,0.247177,0.469232,0.780725,0.484281,0.610746,0.427173,0.288408,0.696643,0.510335,0.653107,0.000000,0.045045,0.141064,0.412465,0.502598,-0.075288,0.045120,-0.043595,0.026639,0.678494,0.588773,0.506022,0.520010,0.791930,0.829400,0.138719,0.114440,0.086903,0.086298,0.080675,0.062229,0.090290,0.255083,0.513498,0.458077,0.561579,0.625140,0.575470,0.573863,0.368205,0.379030,0.265392,0.239819,0.357451,0.532139,0.337794,0.349888,0.496250,0.390035,0.365910,0.649603,0.415472,0.645230,0.536738,0.598576,0.327512,0.477197,0.319675,0.273940,0.717970,0.484345,-0.110114,-0.085014,0.350430,0.409972,0.394111,0.388160,0.423225,0.381918,0.607349,0.312960,0.743404,0.804348,0.516175,0.498933,0.505459,0.316202,0.352847,0.238817,0.336960,0.360495
0.144881,0.071575,0.045752,0.189458,0.295544,0.204551,0.165098,0.057566,0.311751,0.279064,0.222097,0.128760,0.017544,-0.038393,0.422888,0.244644,0.091856,-0.115465,0.030052,0.045045,0.000000,0.400370,0.226497,0.311906,0.124258,0.294363,0.217857,0.133956,0.141575,-0.049329,0.198063,0.190121,0.127286,0.116322,0.256235,0.142550,0.184264,0.020815,0.147043,0.192545,0.330526,0.186395,-0.013473,-0.084152,0.157267,0.128862,0.110485,0.050863,0.029240,0.058143,0.146372,0.067717,0.121392,0.165074,0.008737,0.150288,0.207807,0.125282,0.080591,0.104408,0.149184,0.081372,0.096237,0.033335,0.185476,0.190825,0.196441,0.252256,-0.030740,0.194678,0.164168,0.067836,0.192455,-0.050406,0.188239,0.184919,0.171092,0.140112,0.073197,0.023796,0.108930,0.068834,0.166128,0.160178,0.245603,0.267213,0.170620,0.284189,0.254247,0.266058
0.172391,0.166843,0.093263,0.231488,0.179978,0.299473,0.127750,0.123374,0.258462,0.201152,0.306782,0.216440,0.164813,0.056659,0.276340,0.204365,0.207384,0.085537,0.172216,0.141064,0.400370,0.000000,0.165831,0.275624,0.154410,0.257346,0.205502,0.245690,0.309314,0.220016,0.329419,0.337707,0.247256,0.298504,0.130724,0.168773,0.250210,0.224580,0.236492,0.125671,0.238030,0.338012,0.128936,0.146464,0.272228,0.333023,0.173617,0.121130,0.115329,0.136782,0.205026,0.113927,0.157336,0.222360,0.185473,0.160363,0.076718,0.163715,0.109789,0.088993,0.197346,0.139730,0.272714,0.193760,0.339945,0.305771,0.226086,0.280305,0.040526,0.379603,0.135560,0.121060,0.435899,0.426709,0.326712,0.472832,0.350081,0.336476,0.251959,0.179059,0.249325,0.274113,0.248740,0.190669,0.375757,0.392084,0.236495,0.189316,0.152084,0.160066
0.452331,0.144411,0.958323,0.482243,0.272922,0.125762,0.601815,0.325526,0.373427,0.297975,0.439629,0.142590,0.195237,0.107738,0.487880,0.367853,0.166460,0.010026,0.496233,0.412465,0.226497,0.165831,0.000000,1.040470,0.162838,0.272905,0.077759,0.075537,0.232053,0.119374,0.730372,0.464197,0.420785,0.267388,0.608577,0.281560,0.423199,0.366883,0.325082,0.313785,0.133396,0.364358,0.189353,0.111321,0.380441,0.325384,0.307668,0.425362,0.118500,0.185858,0.320351,0.098185,0.300679,0.628284,0.280215,0.400712,0.377989,0.333767,0.076823,0.247483,0.226415,0.246677,0.158564,0.112187,0.615283,0.357680,0.450983,0.291967,0.481168,0.462507,0.042934,0.220930,0.101366,0.105400,0.150910,0.193216,0.326052,0.240098,0.215041,0.266810,0.395135,0.360029,0.628603,0.473969,0.652305,0.502275,0.287511,0.386548,0.610303,0.521395
0.448318,0.231439,0.586032,0.821096,0.281819,0.170418,0.564775,0.607679,0.370977,0.377554,0.423844,0.337906,0.224777,0.201436,0.484642,0.489409,0.187903,0.035754,0.437010,0.502598,0.311906,0.275624,1.040470,0.000000,0.135552,0.400301,0.036201,0.078272,0.208592,0.132125,0.476456,0.614821,0.433653,0.380573,0.689805,0.461634,0.391735,0.285953,0.254838,0.266706,0.085432,0.389593,0.280707,0.219845,0.409860,0.445337,0.381803,0.445429,0.197187,0.242994,0.443270,0.219445,0.353929,0.680407,0.326507,0.369702,0.360817,0.279195,0.133501,0.265134,0.290492,0.340812,0.173663,0.125654,0.729643,0.694651,0.550345,0.561430,0.427630,0.530899,-0.024172,0.068559,0.091854,0.092051,0.163576,0.291428,0.317576,0.303437,0.234681,0.277995,0.393055,0.398063,0.564734,0.480738,0.679172,0.718961,0.323516,0.352556,0.631389,0.599157
0.059990,0.217578,0.028732,-0.163535,0.558177,0.977842,-0.138580,-0.176865,0.684098,0.848603,0.317623,0.187259,0.159295,0.303841,0.415822,0.739046,-0.009109,0.178365,0.148704,-0.075288,0.124258,0.154410,0.162838,0.135552,0.000000,1.279174,0.781014,0.965564,-0.226890,0.033497,-0.079868,-0.277649,-0.015899,-0.112131,0.033595,-0.052778,0.243501,0.493478,0.483188,0.393439,0.369628,0.214012,0.471481,0.437343,0.228411,0.225150,0.417884,0.397668,0.474637,0.514154,0.543656,0.544950,0.537867,0.397161,0.498030,0.603080,-0.009531,0.073761,0.497608,0.129360,0.187572,0.032976,0.041976,0.104636,0.141484,0.259438,0.384206,0.402921,0.086144,0.461671,0.221254,-0.035833,0.038638,0.129072,0.469448,0.498976,0.367058,0.357471,0.067302,0.215402,-0.012037,0.159305,-0.026537,0.075370,0.172215,0.357896,0.397100,0.243794,0.509231,0.543307
0.132338,0.225668,0.019456,0.041360,0.565789,0.881231,-0.028409,0.002601,0.717643,0.878007,0.358943,0.304112,0.126382,0.287184,0.487806,0.860334,-0.012626,0.118797,0.101415,0.045120,0.294363,0.257346,0.272905,0.400301,1.279174,0.000000,0.650896,0.770083,-0.137320,0.061730,0.037431,-0.017039,0.050301,-0.004880,0.193512,0.047660,0.332509,0.483054,0.449019,0.357298,0.389170,0.339807,0.401265,0.353614,0.304086,0.309482,0.414717,0.388505,0.445828,0.510508,0.614107,0.553500,0.493413,0.402494,0.390182,0.511048,0.118562,0.116054,0.388796,0.129412,0.198315,0.110096,-0.002486,0.098882,0.248204,0.468112,0.369773,0.475426,0.078686,0.407815,0.180043,-0.061079,0.083524,0.106404,0.472595,0.561839,0.298997,0.327920,0.119990,0.275828,0.066879,0.229826,0.054425,0.215550,0.367356,0.585336,0.375024,0.240918,0.553205,0.640220
0.080838,0.169141,-0.016989,-0.077497,0.620198,0.581388,-0.130308,-0.130664,0.732956,0.640380,0.299136,0.118659,0.282100,0.207872,0.582740,0.637912,0.103391,0.158249,0.139207,-0.043595,0.217857,0.205502,0.077759,0.036201,0.781014,0.650896,0.000000,1.029742,-0.053590,0.051976,-0.007147,-0.209217,0.034214,0.002202,-0.114966,-0.113164,0.128368,0.406971,0.389467,0.318245,0.328486,0.259323,0.198468,0.173324,0.012368,0.046430,0.180026,0.107661,0.203166,0.222314,0.273303,0.233502,0.270677,0.231954,0.374006,0.393204,0.035212,0.084190,0.321314,0.080934,0.207280,0.094484,0.111716,0.172586,0.193922,0.174422,0.162053,0.212289,0.068317,0.319558,0.327635,0.057071,0.133836,0.081350,0.434085,0.345934,0.243010,0.236790,0.059930,0.147547,0.069592,0.199507,0.131625,0.197515,0.244238,0.281273,0.437820,0.342771,0.459573,0.432531
0.062168,0.259287,-0.045429,-0.073343,0.697517,0.822557,-0.135345,-0.090586,0.801895,0.863276,0.264287,0.205531,0.287173,0.322328,0.586008,0.770021,0.066284,0.223097,0.173398,0.026639,0.133956,0.245690,0.075537,0.078272,0.965564,0.770083,1.029742,0.000000,-0.063444,0.092609,-0.011018,-0.183994,0.081984,0.066948,-0.086081,-0.100142,0.181905,0.489338,0.387466,0.321385,0.367453,0.296247,0.398731,0.392754,0.247076,0.250097,0.395716,0.288145,0.437584,0.416546,0.452751,0.420625,0.450880,0.368261,0.526654,0.559873,0.018810,0.111837,0.489348,0.203889,0.230210,0.103580,0.158036,0.198415,0.166379,0.254066,0.309746,0.365193,0.047928,0.432302,0.280938,0.027756,0.136858,0.156064,0.535054,0.459976,0.392184,0.395003,0.111303,0.224992,0.105152,0.289350,0.068194,0.192146,0.264066,0.389934,0.490260,0.352659,0.501466,0.500762
0.352111,0.314078,0.312143,0.435895,0.190185,0.127317,0.374024,0.454654,0.158458,0.186207,0.302598,0.495567,0.383563,0.405348,0.280976,0.156486,1.058407,0.555403,0.495960,0.678494,0.141575,0.309314,0.232053,0.208592,-0.226890,-0.137320,-0.053590,-0.063444,0.000000,1.013574,0.776899,0.708861,0.813090,0.831704,0.072020,0.110471,0.051225,-0.000036,0.078033,0.045376,0.036945,0.276536,0.285461,0.286093,0.424946,0.502946,0.298207,0.177868,0.049462,0.039386,-0.052605,-0.113068,0.087022,0.206443,0.146464,0.155410,0.290794,0.314788,0.141362,0.338609,0.338791,0.478038,0.702054,0.648084,0.373569,0.200006,0.205429,0.099418,0.292414,0.179226,-0.073037,0.040546,0.497564,0.486666,0.461598,0.289159,0.449042,0.299079,0.860513,0.478213,1.078589,0.789705,0.735172,0.412401,0.481684,0.256339,0.244901,0.179889,0.050374,0.085743
0.211668,0.333617,0.138474,0.223646,0.130843,0.326257,0.143056,0.399398,0.147488,0.296059,0.302109,0.599701,0.364670,0.546485,0.205963,0.304159,0.796731,0.782948,0.304253,0.588773,-0.049329,0.220016,0.119374,0.132125,0.033497,0.061730,0.051976,0.092609,1.013574,0.000000,0.465458,0.430129,0.518350,0.500932,-0.172838,-0.103037,-0.067127,0.205775,0.068818,0.062580,0.069060,0.278205,0.412001,0.430097,0.466880,0.506682,0.314751,0.229238,0.175250,0.172546,0.030401,0.020450,0.123808,0.214257,0.165941,0.244228,0.188021,0.193663,0.117243,0.249610,0.181551,0.397805,0.564414,0.585033,0.254230,0.235045,0.060995,0.035008,0.249688,0.173617,-0.180926,-0.098083,0.238789,0.477109,0.485875,0.241579,0.268797,0.179136,0.979571,0.633392,0.947308,1.022091,0.611195,0.561304,0.402812,0.307562,0.175196,0.028806,0.065003,0.087198
0.145306,-0.026529,0.597987,0.428212,0.212127,0.034412,0.434890,0.289862,0.218059,0.175859,0.093135,0.159958,0.093300,0.059393,0.306750,0.097318,0.382510,0.215527,0.401956,0.506022,0.198063,0.329419,0.730372,0.476456,-0.079868,0.037431,-0.007147,-0.011018,0.776899,0.465458,0.000000,1.047013,0.668799,0.592769,0.452517,0.277556,0.113123,0.081362,0.185904,0.037064,0.008912,0.302139,0.113327,0.100533,0.419656,0.422549,0.181085,0.154825,-0.024840,-0.000229,-0.062044,-0.222219,-0.012924,0.230111,0.079564,0.131849,0.138042,0.109738,-0.083214,0.103065,0.088221,0.210779,0.374362,0.216340,0.530806,0.178764,0.230889,0.039934,0.202332,0.151732,0.031035,0.312023,0.473235,0.350719,0.300712,0.177356,0.333965,0.239760,0.398540,0.240782,0.617715,0.475494,0.503045,0.325210,0.482131,0.282485,0.181733,0.284600,0.098039,0.074433
0.218772,-0.038249,0.343166,0.682468,0.093119,-0.065360,0.495626,0.576881,0.103498,0.106719,0.075081,0.297541,0.125446,0.094948,0.213610,0.057682,0.345188,0.150939,0.227732,0.520010,0.190121,0.337707,0.464197,0.614821,-0.277649,-0.017039,-0.209217,-0.183994,0.708861,0.430129,1.047013,0.000000,0.607943,0.669598,0.515678,0.432159,0.090219,-0.051238,0.020490,-0.129829,-0.091809,0.267689,0.022062,0.023761,0.299122,0.352092,0.093382,0.072968,-0.111791,-0.091407,-0.116147,-0.269147,-0.136201,0.072507,-0.076790,-0.090151,0.155679,0.036065,-0.209281,0.055902,0.116282,0.324467,0.297641,0.195811,0.626887,0.416002,0.119069,0.028758,0.125333,0.064587,-0.071073,0.146791,0.376624,0.258132,0.196920,0.186970,0.238877,0.181420,0.297667,0.184820,0.528623,0.385276,0.420970,0.306364,0.440998,0.315942,0.078648,0.127955,0.048538,0.011635
0.607788,0.439187,0.618957,0.748579,0.375222,0.211247,0.785720,0.652526,0.366296,0.279758,0.426772,0.481969,0.584693,0.430146,0.494488,0.282488,0.745636,0.336856,0.729045,0.791930,0.127286,0.247256,0.420785,0.433653,-0.015899,0.050301,0.034214,0.081984,0.813090,0.518350,0.668799,0.607943,0.000000,1.602719,0.336986,0.287437,0.178926,0.116099,0.351523,0.247034,0.161815,0.331620,0.488098,0.374335,0.455318,0.580426,0.464157,0.289736,0.155246,0.147468,0.242710,0.139144,0.393858,0.446212,0.395836,0.321487,0.403765,0.397853,0.443947,0.636809,0.616997,0.606488,0.839614,0.633465,0.632483,0.462949,0.747726,0.500465,0.631625,0.574331,0.022212,0.052695,0.516236,0.463129,0.467904,0.409414,0.700489,0.483721,0.656047,0.445409,1.097941,0.872457,0.698062,0.469740,0.668371,0.517373,0.565919,0.392601,0.417317,0.421758
0.606892,0.513531,0.474861,0.853173,0.279817,0.125387,0.733856,0.822845,0.286880,0.212030,0.371292,0.571441,0.607701,0.487148,0.420123,0.254213,0.722165,0.367371,0.618858,0.829400,0.116322,0.298504,0.267388,0.380573,-0.112131,-0.004880,0.002202,0.066948,0.831704,0.500932,0.592769,0.669598,1.602719,0.000000,0.319244,0.348794,0.139029,0.053123,0.292484,0.200546,0.146222,0.359564,0.435301,0.361672,0.454593,0.603154,0.435679,0.265312,0.162129,0.144260,0.209906,0.125445,0.330110,0.358686,0.336753,0.253232,0.403042,0.396180,0.444827,0.643791,0.621461,0.695747,0.794072,0.698939,0.577343,0.561128,0.637856,0.476439,0.536189,0.475055,0.012524,-0.010157,0.562222,0.510821,0.467358,0.397508,0.672365,0.532033,0.549103,0.345319,0.948431,0.780955,0.635522,0.425340,0.577326,0.456218,0.518538,0.357108,0.341266,0.351345
0.180182,0.009776,0.400295,0.419141,0.096257,-0.036819,0.336201,0.216563,0.094290,0.063568,0.041417,-0.010368,-0.087583,-0.131258,0.121350,0.101483,-0.037328,-0.161151,0.211319,0.138719,0.256235,0.130724,0.608577,0.689805,0.033595,0.193512,-0.114966,-0.086081,0.072020,-0.172838,0.452517,0.515678,0.336986,0.319244,0.000000,0.974321,0.253598,0.030346,0.246005,0.180863,-0.016917,0.194718,0.043827,-0.040234,0.243003,0.298540,0.124682,0.190005,0.044766,0.069533,0.167301,0.004087,0.107492,0.279894,0.093984,0.083349,0.185050,0.163565,0.048635,0.117985,0.159816,0.132048,0.099913,-0.039115,0.494969,0.339889,0.582256,0.459649,0.099164,0.305399,-0.035716,0.109162,0.207454,0.052534,0.056628,0.125068,0.255291,0.178952,-0.027182,-0.015869,0.118388,0.062075,0.271998,0.134190,0.261333,0.308142,0.121467,0.188088,0.254757,0.233583
0.158444,0.034006,0.236675,0.359017,0.016792,-0.113182,0.189234,0.219761,-0.009786,-0.013635,0.025133,0.046317,0.021603,-0.055861,0.026844,0.090744,0.089209,0.013200,0.281639,0.114440,0.142550,0.168773,0.281560,0.461634,-0.052778,0.047660,-0.113164,-0.100142,0.110471,-0.103037,0.277556,0.432159,0.287437,0.348794,0.974321,0.000000,0.180676,-0.026543,0.223948,0.167396,-0.016994,0.179219,-0.032392,-0.090703,0.045128,0.238255,0.013873,0.036041,-0.037318,-0.040849,-0.004537,-0.124654,0.038489,0.173174,0.100419,-0.029521,0.166406,0.197862,0.072344,0.105414,0.216027,0.172268,0.279680,0.076015,0.427750,0.249432,0.470301,0.392184,0.111127,0.329770,-0.039584,0.035612,0.221414,0.070084,0.108319,0.064871,0.271358,0.230169,-0.039214,0.026808,0.124945,0.089402,0.291436,0.077511,0.111144,0.155161,0.080536,0.143189,0.088510,0.068361
0.411908,0.316287,0.242702,0.087076,0.071170,0.104199,0.155257,0.071928,0.190832,0.159397,0.271700,0.178729,0.082486,0.111427,0.311228,0.364099,0.145961,-0.027394,0.203816,0.086903,0.184264,0.250210,0.423199,0.391735,0.243501,0.332509,0.128368,0.181905,0.051225,-0.067127,0.113123,0.090219,0.178926,0.139029,0.253598,0.180676,0.000000,0.491492,0.721988,0.713609,0.513186,0.636810,0.233681,0.217763,0.153110,0.205218,0.365356,0.377662,0.240955,0.281772,0.509189,0.380493,0.495577,0.481854,0.446553,0.482765,0.466418,0.514684,0.329693,0.351820,0.303575,0.224885,0.061023,0.110297,0.203252,0.292458,0.370912,0.380663,0.393532,0.348944,0.070232,0.098738,0.200325,0.145565,0.077260,0.269737,0.314584,0.333552,0.064288,0.355661,0.150398,0.207798,0.360418,0.310707,0.383410,0.458769,0.379505,0.367864,0.472835,0.523423
0.275772,0.406382,0.293716,0.010445,0.045058,0.278138,0.049762,0.125405,0.202141,0.223848,0.285700,0.288878,0.221421,0.351892,0.230109,0.505991,0.098684,0.374333,0.186080,0.086298,0.020815,0.224580,0.366883,0.285953,0.493478,0.483054,0.406971,0.489338,-0.000036,0.205775,0.081362,-0.051238,0.116099,0.053123,0.030346,-0.026543,0.491492,0.000000,0.524735,0.644446,0.378817,0.650415,0.464914,0.383563,0.361172,0.353736,0.454360,0.464456,0.431331,0.468973,0.655630,0.525996,0.600921,0.579291,0.578295,0.710711,0.314865,0.448005,0.409284,0.343045,0.220217,0.280901,0.202534,0.308099,0.233052,0.290765,0.298288,0.352317,0.292213,0.372832,0.121754,0.119251,0.041645,0.262965,0.206699,0.215059,0.239694,0.313130,0.154314,0.553883,0.248157,0.468819,0.331326,0.468046,0.402321,0.611058,0.214529,0.326368,0.470332,0.600471
0.248329,0.315645,0.252718,0.040965,0.199027,0.338637,0.096930,-0.001222,0.313693,0.291315,0.275699,0.187872,0.228260,0.189861,0.415069,0.429343,0.197537,0.105399,0.300695,0.080675,0.147043,0.236492,0.325082,0.254838,0.483188,0.449019,0.389467,0.387466,0.078033,0.068818,0.185904,0.020490,0.351523,0.292484,0.246005,0.223948,0.721988,0.524735,0.000000,1.120154,0.704610,0.729564,0.367011,0.291207,0.269612,0.330226,0.420119,0.278094,0.348053,0.348432,0.552272,0.423828,0.625074,0.454400,0.636631,0.698137,0.297914,0.421481,0.548948,0.411215,0.295220,0.171280,0.246914,0.153188,0.269555,0.225314,0.585968,0.516822,0.361097,0.455771,0.128440,0.013867,0.239914,0.248961,0.296115,0.278486,0.433285,0.375653,0.121083,0.341868,0.309526,0.363342,0.484777,0.540874,0.503951,0.539001,0.691288,0.657918,0.583012,0.606919
0.304308,0.472989,0.266680,0.019826,0.100930,0.219269,0.047171,-0.003725,0.191674,0.217532,0.252021,0.186313,0.146546,0.171439,0.299794,0.403404,0.229464,0.195316,0.268728,0.062229,0.192545,0.125671,0.313785,0.266706,0.393439,0.357298,0.318245,0.321385,0.045376,0.062580,0.037064,-0.129829,0.247034,0.200546,0.180863,0.167396,0.713609,0.644446,1.120154,0.000000,0.735682,0.748675,0.364505,0.272683,0.284133,0.311054,0.440007,0.342090,0.392308,0.386602,0.637249,0.506626,0.684292,0.591606,0.634571,0.827057,0.539670,0.699409,0.615755,0.480319,0.305503,0.215931,0.210888,0.191412,0.092945,0.179096,0.527979,0.536613,0.436557,0.390187,0.053881,-0.035369,0.111185,0.188479,0.214114,0.159927,0.325095,0.290767,0.213125,0.442837,0.302961,0.389232,0.551383,0.570607,0.380950,0.504210,0.554272,0.640580,0.588068,0.711861
0.253988,0.318708,0.101565,0.031799,0.187214,0.387117,0.035258,-0.005035,0.287714,0.326613,0.320236,0.199898,0.162212,0.178542,0.432346,0.313362,0.128490,0.051125,0.061001,0.090290,0.330526,0.238030,0.133396,0.085432,0.369628,0.389170,0.328486,0.367453,0.036945,0.069060,0.008912,-0.091809,0.161815,0.146222,-0.016917,-0.016994,0.513186,0.378817,0.704610,0.735682,0.000000,0.720416,0.130316,0.059501,0.085882,0.048201,0.160174,0.062236,0.136709,0.158691,0.287137,0.268292,0.343260,0.226678,0.214120,0.396120,0.258159,0.308023,0.313128,0.307149,0.204721,0.154616,0.088635,0.138525,0.106275,0.161604,0.159072,0.201088,0.168994,0.252771,0.136854,-0.001514,0.237879,0.217859,0.222170,0.221238,0.286687,0.237592,0.066601,0.210287,0.152074,0.343475,0.260487,0.434738,0.360767,0.367419,0.442077,0.449306,0.407878,0.370463
0.386425,0.371632,0.239224,0.191956,0.072900,0.180272,0.160243,0.246359,0.178252,0.234987,0.332702,0.399203,0.221366,0.306735,0.392218,0.381163,0.332260,0.244138,0.280983,0.255083,0.186395,0.338012,0.364358,0.389593,0.214012,0.339807,0.259323,0.296247,0.276536,0.278205,0.302139,0.267689,0.331620,0.359564,0.194718,0.179219,0.636810,0.650415,0.729564,0.748675,0.720416,0.000000,0.254408,0.208663,0.259702,0.316230,0.310090,0.221599,0.215744,0.262775,0.398176,0.282690,0.385560,0.432579,0.391487,0.505665,0.426452,0.522787,0.292516,0.362561,0.289083,0.342478,0.230754,0.284444,0.330575,0.343465,0.268677,0.308116,0.287250,0.320775,0.024119,-0.012603,0.382046,0.376398,0.274714,0.206593,0.323438,0.351905,0.256116,0.494201,0.452415,0.568493,0.546938,0.704361,0.569024,0.583277,0.380860,0.565052,0.413589,0.489125
0.453137,0.816310,0.326499,0.263759,0.273346,0.461496,0.222467,0.386356,0.327271,0.421090,0.447647,0.711057,0.445405,0.750357,0.298275,0.576513,0.545690,0.542077,0.526565,0.513498,-0.013473,0.128936,0.189353,0.280707,0.471481,0.401265,0.198468,0.398731,0.285461,0.412001,0.113327,0.022062,0.488098,0.435301,0.043827,-0.032392,0.233681,0.464914,0.367011,0.364505,0.130316,0.254408,0.000000,1.721645,0.808245,0.923360,1.502600,0.887729,0.960031,0.869227,0.829990,0.836559,0.998339,0.775639,0.884214,0.876078,0.396538,0.386323,0.976614,0.687720,0.531307,0.505464,0.497577,0.509918,0.187001,0.441183,0.680995,0.640190,0.523755,0.580055,0.039712,-0.088978,0.172825,0.424723,0.430793,0.546879,0.675909,0.663733,0.501977,0.489762,0.524029,0.629261,0.308437,0.259785,0.318179,0.446647,0.434912,0.260255,0.454821,0.600841
0.352188,0.685001,0.227345,0.188857,0.217658,0.433194,0.108581,0.317398,0.244668,0.368741,0.379398,0.688181,0.336802,0.706182,0.196896,0.526415,0.524279,0.544744,0.488898,0.458077,-0.084152,0.146464,0.111321,0.219845,0.437343,0.353614,0.173324,0.392754,0.286093,0.430097,0.100533,0.023761,0.374335,0.361672,-0.040234,-0.090703,0.217763,0.383563,0.291207,0.272683,0.059501,0.208663,1.721645,0.000000,0.704943,0.850818,1.218561,0.858817,0.895053,0.818878,0.684978,0.753498,0.781316,0.654785,0.757112,0.778838,0.300738,0.300541,0.790827,0.507844,0.390548,0.397599,0.386891,0.416621,0.099823,0.357181,0.520630,0.512993,0.407021,0.460831,0.034019,-0.073500,0.193037,0.457845,0.431424,0.518607,0.629221,0.652670,0.487229,0.446339,0.441943,0.518060,0.227371,0.166402,0.222911,0.337695,0.379364,0.183855,0.273108,0.430345
0.230596,0.573372,0.214139,0.260579,0.249247,0.323811,0.154935,0.313969,0.290782,0.307454,0.269238,0.491104,0.203913,0.441135,0.266168,0.345992,0.383743,0.477394,0.269135,0.561579,0.157267,0.272228,0.380441,0.409860,0.228411,0.304086,0.012368,0.247076,0.424946,0.466880,0.419656,0.299122,0.455318,0.454593,0.243003,0.045128,0.153110,0.361172,0.269612,0.284133,0.085882,0.259702,0.808245,0.704943,0.000000,1.449004,1.012485,0.821425,0.971427,0.898907,0.644710,0.545808,0.620075,0.638488,0.499570,0.696662,0.404795,0.404152,0.502769,0.513929,0.189290,0.345071,0.400036,0.403059,0.170303,0.397022,0.468612,0.417895,0.297136,0.277233,0.030377,-0.026942,0.206110,0.440572,0.419240,0.385763,0.448644,0.438343,0.549737,0.451167,0.527330,0.625290,0.367341,0.378879,0.416007,0.411956,0.303187,0.246478,0.355950,0.407852
0.341628,0.677068,0.241554,0.347036,0.209897,0.264065,0.188827,0.424092,0.263010,0.301109,0.328039,0.667919,0.314539,0.584180,0.269172,0.434617,0.519260,0.657839,0.512710,0.625140,0.128862,0.333023,0.325384,0.445337,0.225150,0.309482,0.046430,0.250097,0.502946,0.506682,0.422549,0.352092,0.580426,0.603154,0.298540,0.238255,0.205218,0.353736,0.330226,0.311054,0.048201,0.316230,0.923360,0.850818,1.449004,0.000000,1.117678,0.822192,0.933110,0.907355,0.651586,0.553396,0.693653,0.729718,0.637843,0.726575,0.463647,0.495522,0.626409,0.576100,0.363563,0.510060,0.626400,0.573981,0.299724,0.527780,0.622839,0.589801,0.347146,0.436239,0.066660,-0.036339,0.318726,0.545850,0.538206,0.515110,0.588942,0.620878,0.606409,0.559505,0.648621,0.743648,0.427618,0.350398,0.397199,0.462725,0.359960,0.295778,0.324338,0.450333
0.485029,0.860427,0.301489,0.292363,0.324180,0.420556,0.231049,0.356577,0.382252,0.447050,0.447364,0.695383,0.410387,0.688361,0.386017,0.616237,0.532361,0.525516,0.528636,0.575470,0.110485,0.173617,0.307668,0.381803,0.417884,0.414717,0.180026,0.395716,0.298207,0.314751,0.181085,0.093382,0.464157,0.435679,0.124682,0.013873,0.365356,0.454360,0.420119,0.440007,0.160174,0.310090,1.502600,1.218561,1.012485,1.117678,0.000000,1.148591,1.216358,1.123057,0.989706,0.936901,1.135320,0.967861,0.992094,1.103393,0.547839,0.529088,1.012473,0.777303,0.515636,0.523309,0.519799,0.538682,0.183604,0.466471,0.694348,0.651068,0.543340,0.553420,0.081530,-0.064118,0.170742,0.426546,0.428025,0.591421,0.687826,0.695231,0.496505,0.518098,0.500631,0.601514,0.356639,0.285523,0.378791,0.481695,0.480668,0.368835,0.529516,0.703984
0.403051,0.786339,0.326284,0.270234,0.211898,0.290743,0.204695,0.320919,0.298956,0.314351,0.290007,0.563360,0.240648,0.522557,0.287597,0.457789,0.275014,0.398158,0.366154,0.573863,0.050863,0.121130,0.425362,0.445429,0.397668,0.388505,0.107661,0.288145,0.177868,0.229238,0.154825,0.072968,0.289736,0.265312,0.190005,0.036041,0.377662,0.464456,0.278094,0.342090,0.062236,0.221599,0.887729,0.858817,0.821425,0.822192,1.148591,0.000000,1.034690,1.111062,0.788753,0.760711,0.854886,1.023023,0.737591,0.927478,0.493344,0.521343,0.753051,0.778733,0.341209,0.461558,0.315678,0.411263,0.080047,0.393499,0.554820,0.496451,0.590915,0.507309,-0.012749,-0.095592,0.040599,0.327601,0.265905,0.467609,0.395216,0.458766,0.332900,0.317872,0.304267,0.461327,0.307223,0.280122,0.239771,0.280786,0.274643,0.257295,0.434760,0.659411
0.180740,0.732216,-0.003822,0.025600,0.209725,0.397091,-0.119690,0.102382,0.286972,0.343528,0.202011,0.509247,0.168671,0.501779,0.250044,0.435806,0.254420,0.476516,0.237752,0.368205,0.029240,0.115329,0.118500,0.197187,0.474637,0.445828,0.203166,0.437584,0.049462,0.175250,-0.024840,-0.111791,0.155246,0.162129,0.044766,-0.037318,0.240955,0.431331,0.348053,0.392308,0.136709,0.215744,0.960031,0.895053,0.971427,0.933110,1.216358,1.034690,0.000000,1.901037,0.993583,1.098306,0.947063,0.782405,0.796213,0.983831,0.424031,0.424811,0.831011,0.556319,0.205289,0.260891,0.274311,0.339119,-0.091022,0.297162,0.419029,0.445436,0.331796,0.367863,0.124015,-0.155044,0.078973,0.353909,0.329557,0.436954,0.403908,0.467550,0.341021,0.352397,0.231735,0.403244,0.131355,0.225626,0.190154,0.250982,0.342947,0.244662,0.348296,0.472485
