0.000000,0.816484,0.497113,0.342176,0.505267,0.233573,0.821505,0.524641,0.437528,0.102787,0.453880,-0.026415,0.709949,-0.052311,0.243526,0.063958,0.659242,0.449311,0.978518,0.784233,0.028404,-0.106927,0.132457,-0.118637,-0.037730,0.106409,0.240320,0.169813,0.471602,0.331982,-0.069447,-0.036982,0.165637,0.339700,-0.156366,-0.263614,0.069501,-0.118779,-0.034256,-0.184360,0.068221,-0.186882,0.238204,0.218794,0.177224,0.115462,0.425664,0.406495,0.267906,0.312269,0.305268,0.243458,0.524479,0.520071,0.427865,0.316213,0.639720,0.571747,0.936806,0.577137,0.752715,0.554354,0.455099,0.558195,0.058591,0.058875,0.439889,0.193886,0.633434,0.526677,-0.127273,0.204814,0.281178,0.432489,0.528391,0.202892,0.386913,0.368427,0.234223,0.236492,0.528410,0.473610,0.117785,-0.228230,0.285247,0.187742,-0.004444,-0.100335,0.335968,0.463290
0.816484,0.000000,0.550623,0.572708,0.333432,0.308326,0.317853,0.412009,0.164586,0.147247,0.357375,0.319255,0.364239,0.259668,0.357263,0.324038,0.534399,0.369276,0.653221,1.073907,0.213876,0.240009,0.273475,0.233181,0.116884,0.202312,0.433630,0.261622,0.330139,0.268200,0.064596,0.188145,0.365557,0.514693,0.064211,-0.035087,0.159722,0.089797,0.107720,0.026871,0.067413,-0.073971,0.294037,0.348560,0.334933,0.347990,0.522423,0.496128,0.444556,0.357505,0.484347,0.278597,0.567877,0.674293,0.524877,0.494225,0.763718,1.059248,0.370727,0.435526,0.213206,0.415900,0.485209,0.658046,-0.028034,0.087891,0.314440,0.240769,0.986105,0.912536,0.134886,0.350603,0.278553,0.424718,0.419559,0.191685,0.545789,0.604921,0.203441,0.095436,0.542097,0.439724,0.292644,0.140731,0.466353,0.415597,0.101604,0.194749,0.473003,0.419709
0.497113,0.550623,0.000000,0.530379,0.415051,0.242543,0.671549,0.430249,0.293147,0.171672,0.441054,0.158875,0.494321,0.294913,0.491838,0.433365,0.306588,0.053852,0.682371,0.625537,0.233957,0.326376,0.756081,0.666372,0.369884,0.283590,0.491127,0.373581,0.107092,0.070967,0.087608,0.138139,0.378549,0.346985,0.381310,0.191028,0.047723,0.159351,0.177470,0.145406,0.127343,-0.047618,0.056288,0.317700,0.315670,0.354515,0.136103,0.282766,0.165166,0.277778,0.288866,0.214762,0.347953,0.485714,0.224016,0.330181,0.289270,0.564522,0.310135,0.173792,0.188246,0.102838,0.192610,0.146372,0.451606,0.396621,0.599024,0.331572,0.494798,0.493734,0.249148,0.280749,0.492196,0.384476,0.566724,0.248749,0.431011,0.542184,0.154548,0.117681,0.168891,0.281717,0.362638,-0.020370,0.350305,0.374736,0.201260,0.193739,0.576503,0.443224
0.342176,0.572708,0.530379,0.000000,0.352795,0.338324,0.429901,0.932016,0.444044,0.494765,0.126805,0.415666,0.001564,0.209626,0.383897,0.405496,0.300994,0.163723,0.401095,0.707558,0.153037,0.397377,0.254114,0.418975,0.028776,0.111462,0.115863,0.151480,0.215249,0.277344,0.100874,0.303382,0.419038,0.649237,-0.018921,0.107867,-0.155285,0.168482,0.187457,0.178569,0.065134,0.075538,0.155191,0.219352,0.159280,0.246264,0.139337,0.255391,0.233329,0.212974,0.346441,0.189775,0.401074,0.522668,0.271614,0.282133,0.183028,0.458028,0.266685,0.512063,0.277126,0.680678,0.253495,0.496952,-0.173402,0.177003,0.263432,0.372391,0.338518,0.281631,0.211471,0.406693,0.327006,0.494827,0.394233,0.226183,0.203188,0.293615,0.101752,0.071736,0.168645,0.370989,0.273902,0.183932,0.077070,0.308163,0.107314,0.314904,0.343535,0.534353
0.505267,0.333432,0.415051,0.352795,0.000000,0.611122,0.496035,0.555444,1.053412,0.373773,0.085535,-0.065551,0.331576,-0.045735,0.837595,0.481151,0.086507,-0.053838,0.508221,0.424671,-0.221433,0.042137,0.426481,0.308162,0.341746,0.601435,0.566624,0.570378,-0.155653,-0.121984,-0.093237,0.010611,0.104430,0.164453,-0.031257,-0.085328,-0.079614,-0.034367,0.145473,0.026497,-0.092582,0.064700,0.355152,0.343810,0.005629,0.043837,0.375332,0.470126,0.048927,0.276795,0.230218,0.083647,0.469664,0.412244,0.276702,0.305101,0.061263,0.257905,0.631770,0.661898,0.308093,0.470046,-0.027945,0.124609,0.036025,0.168619,0.388222,0.407542,0.247037,0.221334,0.103703,0.194243,0.234853,0.010425,0.429463,0.248185,0.441247,0.332893,0.062959,-0.032835,0.154541,0.143024,0.157318,-0.137061,0.084241,0.148758,0.191407,0.260737,0.537677,0.679089
0.233573,0.308326,0.242543,0.338324,0.611122,0.000000,0.050373,0.197270,0.417037,0.364983,0.134540,0.190895,0.125541,0.178941,0.447392,0.593657,0.227028,0.042709,0.208595,0.385453,-0.168696,0.093032,0.157940,0.221557,0.562063,0.642999,0.506173,0.579680,0.031426,0.182857,-0.127265,-0.086391,-0.043239,0.168305,-0.049804,0.115626,0.248858,0.150432,0.202309,0.206590,-0.015589,0.090455,0.369480,0.219332,0.223129,0.180534,0.497185,0.359368,0.297662,0.161384,0.251264,0.056042,0.425384,0.495386,0.412334,0.425778,0.208806,0.168643,0.189985,0.403663,0.105240,0.407223,0.382595,0.250335,0.036647,0.053358,0.094581,0.081922,0.311244,0.253430,0.054533,0.076633,0.117667,0.118892,0.306520,0.278036,0.316255,0.304334,-0.057849,-0.018648,0.415278,0.148741,0.254624,0.118779,0.432950,0.303045,-0.031326,0.064717,0.372155,0.413549
0.821505,0.317853,0.671549,0.429901,0.496035,0.050373,0.000000,0.727932,0.609469,0.200092,0.180366,-0.223609,0.528831,-0.218271,0.232528,0.019723,0.394828,0.140020,0.857567,0.514269,0.023774,-0.055690,0.237882,0.050273,-0.152174,-0.035237,0.082910,0.050185,0.184819,0.087400,-0.184385,-0.141314,0.224106,0.194689,0.043559,-0.073354,-0.142555,0.034398,0.112161,-0.043524,0.109404,0.019204,-0.033806,0.249704,0.077356,0.111368,0.055226,0.261691,0.041107,0.359005,0.216529,0.340862,0.284348,0.391711,0.162869,0.194027,0.153423,0.275441,0.899476,0.435877,0.839985,0.451686,0.118719,0.269446,0.267321,0.219299,0.687758,0.424457,0.171055,0.220173,0.051920,0.299730,0.380865,0.417396,0.443534,0.179547,0.311106,0.381271,0.267341,0.278906,0.236698,0.409101,0.009253,-0.311147,0.109343,0.288755,0.193761,0.027299,0.293813,0.547522
0.524641,0.412009,0.430249,0.932016,0.555444,0.197270,0.727932,0.000000,0.744587,0.368419,-0.013321,0.161435,0.186540,0.061360,0.427764,0.295465,0.188812,0.146245,0.521180,0.636001,0.081444,0.246739,0.375823,0.374415,-0.017401,0.224565,0.130638,0.125181,0.109392,0.107350,-0.017820,0.208260,0.323257,0.521055,0.027621,0.126973,-0.211239,0.010551,0.200273,0.088658,0.048335,0.075018,0.163811,0.391159,0.025235,0.161044,0.142961,0.437027,0.077549,0.400001,0.263533,0.240104,0.375869,0.410707,0.207262,0.140033,0.107047,0.305283,0.655669,0.818708,0.552452,0.962768,0.014783,0.327052,0.028641,0.455187,0.477101,0.670954,0.189559,0.254512,0.162470,0.433904,0.263606,0.386305,0.274616,0.207898,0.266780,0.344541,0.214586,0.174172,0.124690,0.405005,0.058634,-0.123466,-0.076018,0.293686,0.162227,0.268516,0.342894,0.845765
0.437528,0.164586,0.293147,0.444044,1.053412,0.417037,0.609469,0.744587,0.000000,0.701218,0.020292,-0.074623,0.218736,-0.198357,0.641998,0.342048,0.172233,-0.010511,0.454128,0.369887,-0.188948,0.000246,0.228282,0.162714,0.054117,0.345400,0.174412,0.179705,-0.049143,0.000460,-0.149248,-0.094144,0.112392,0.212519,-0.103160,-0.048061,-0.154046,-0.048235,0.191674,0.040013,-0.053703,0.133807,0.236722,0.228873,-0.047363,-0.024412,0.217985,0.324289,0.009898,0.267162,0.114879,0.053223,0.311293,0.240735,0.204491,0.108884,-0.027063,0.135062,0.739087,0.663401,0.535481,0.611570,-0.045627,0.108660,-0.020233,0.102320,0.341648,0.411269,0.074274,0.103434,0.096199,0.257911,0.253177,0.138617,0.423331,0.313873,0.349494,0.258687,0.182098,0.099519,0.131819,0.240738,0.103615,-0.128554,-0.101082,0.078937,0.068947,0.190562,0.399278,0.657863
0.102787,0.147247,0.171672,0.494765,0.373773,0.364983,0.200092,0.368419,0.701218,0.000000,0.138137,0.329414,0.114847,0.138569,0.512618,0.454178,0.117502,-0.012698,0.207808,0.260834,-0.003071,0.212774,0.125757,0.157422,0.156567,0.177052,0.078139,0.180404,-0.003609,0.103266,0.026159,-0.037888,0.145502,0.332009,-0.109699,-0.060435,-0.151453,0.047897,0.060638,0.067122,-0.045063,0.118045,0.141869,0.040494,0.043254,0.001583,0.051186,0.105394,0.125992,0.108913,0.047387,-0.004660,-0.006421,0.110190,0.038853,0.090719,-0.047060,0.135851,0.172387,0.148553,0.147834,0.287778,0.005981,0.100824,-0.160658,-0.109597,0.043736,0.079479,0.071826,0.020270,0.174142,0.233248,0.198157,0.176287,0.377369,0.271693,0.134658,0.141296,0.017488,-0.093267,0.014341,0.146816,0.120645,0.088220,-0.062666,0.014660,-0.022190,0.179516,0.187668,0.250282
0.453880,0.357375,0.441054,0.126805,0.085535,0.134540,0.180366,-0.013321,0.020292,0.138137,0.000000,0.623456,0.825577,0.687095,0.361451,0.388947,0.453313,0.205753,0.419494,0.306471,0.340917,0.000209,0.195271,0.050735,0.194458,0.121724,0.286167,0.145558,0.469840,0.376153,0.194781,0.059681,0.083028,0.182771,0.064428,-0.071898,0.191894,-0.015981,-0.039989,-0.139839,0.052081,-0.189684,0.082320,0.012695,0.195143,0.090828,0.195800,0.106192,0.128193,-0.018391,0.077467,0.054777,0.100863,0.155525,0.226209,0.205893,0.330370,0.255747,0.061507,-0.126897,0.194484,-0.038402,0.426291,0.190324,0.181479,-0.010664,0.080281,-0.087389,0.358882,0.314751,0.106806,0.067088,0.324766,0.201973,0.440038,0.194219,0.231060,0.279395,0.036308,0.049636,0.299979,0.141623,0.568001,0.282159,0.480332,0.115061,-0.072003,0.077303,0.304290,0.057248
-0.026415,0.319255,0.158875,0.415666,-0.065551,0.190895,-0.223609,0.161435,-0.074623,0.329414,0.623456,0.000000,0.135744,1.195432,0.347824,0.582289,0.094097,0.082333,-0.015331,0.237227,0.417670,0.383797,0.193506,0.332023,0.247505,0.188151,0.149716,0.074563,0.218641,0.295385,0.407042,0.391812,0.255705,0.446864,0.104978,0.123232,0.080461,0.083007,0.032658,0.025522,-0.104692,-0.072034,0.150949,0.151732,0.219846,0.224425,0.084827,0.156052,0.176659,0.012156,0.161241,0.034757,0.044101,0.190665,0.137135,0.167965,0.141668,0.267349,-0.261816,-0.105754,-0.155828,0.059165,0.147857,0.206532,-0.093347,0.106004,-0.118706,0.037188,0.211782,0.205833,0.302966,0.222567,0.182286,0.126398,0.126473,0.106780,0.028212,0.137526,-0.107132,-0.117815,-0.001030,0.022751,0.452166,0.569791,0.232303,0.124798,-0.049230,0.304589,0.189208,0.024711
0.709949,0.364239,0.494321,0.001564,0.331576,0.125541,0.528831,0.186540,0.218736,0.114847,0.825577,0.135744,0.000000,0.292583,0.516281,0.304650,0.334151,0.160892,0.557618,0.335432,0.080139,-0.056567,0.446677,0.095695,0.217128,0.236526,0.380125,0.182468,0.206889,0.100116,-0.006808,-0.027883,0.077545,0.158008,0.158643,-0.080652,0.200860,-0.057264,0.009806,-0.101510,0.174855,-0.095107,0.274048,0.279039,0.199725,0.155811,0.395342,0.383239,0.209559,0.312926,0.190715,0.234248,0.313372,0.317823,0.406027,0.320321,0.329697,0.234460,0.534795,0.191964,0.441796,0.097366,0.281918,0.151653,0.350614,0.224717,0.471010,0.204536,0.356474,0.463194,0.043704,0.101702,0.238405,0.172039,0.315592,0.281984,0.396002,0.419533,0.126525,0.016152,0.376490,0.227944,0.277696,-0.063648,0.401815,0.280154,0.085312,0.016602,0.421894,0.369680
-0.052311,0.259668,0.294913,0.209626,-0.045735,0.178941,-0.218271,0.061360,-0.198357,0.138569,0.687095,1.195432,0.292583,0.000000,0.454440,0.746097,0.049725,0.062462,-0.034536,0.189757,0.480324,0.358810,0.412397,0.506549,0.534778,0.327968,0.304095,0.195004,0.135567,0.215077,0.511384,0.503324,0.315342,0.416447,0.418471,0.278298,0.165045,0.086437,0.074411,0.076100,0.021433,-0.081202,0.128850,0.238351,0.340231,0.351586,0.139195,0.215520,0.194601,0.053268,0.203359,0.105906,0.063535,0.245915,0.213741,0.251605,0.250702,0.239006,-0.290790,-0.154451,-0.168483,-0.033571,0.173529,0.096788,0.239029,0.372103,0.043185,0.092943,0.188809,0.290987,0.306715,0.206341,0.261349,0.121761,0.151930,0.187205,0.105995,0.295984,-0.039439,-0.069148,0.020902,0.069430,0.490561,0.429630,0.410133,0.296934,0.060343,0.292895,0.358580,0.084921
0.243526,0.357263,0.491838,0.383897,0.837595,0.447392,0.232528,0.427764,0.641998,0.512618,0.361451,0.347824,0.516281,0.454440,0.000000,1.172924,0.036634,-0.099275,0.272596,0.336419,0.113368,0.330046,0.734662,0.626143,0.584650,0.701868,0.678539,0.487329,-0.159693,-0.073608,0.148492,0.264307,0.246699,0.347250,0.327333,0.193391,0.024274,0.133796,0.233234,0.144900,0.013253,0.128294,0.360482,0.452701,0.156338,0.221446,0.386899,0.508379,0.152770,0.307840,0.294000,0.178745,0.367562,0.403669,0.461990,0.401034,0.078203,0.279583,0.336790,0.376855,0.107145,0.219203,-0.018518,0.022498,0.146575,0.325678,0.399327,0.486672,0.197795,0.298137,0.355888,0.388297,0.278820,0.047017,0.363874,0.368010,0.524519,0.528718,0.068298,-0.103681,0.136878,0.096842,0.476214,0.218988,0.223854,0.340385,0.246570,0.533807,0.842385,0.714850
0.063958,0.324038,0.433365,0.405496,0.481151,0.593657,0.019723,0.295465,0.342048,0.454178,0.388947,0.582289,0.304650,0.746097,1.172924,0.000000,0.129389,0.071782,0.143562,0.359646,0.180333,0.335174,0.523420,0.673776,0.701290,0.676899,0.667969,0.522051,-0.040611,0.147365,0.227597,0.283218,0.238266,0.365522,0.375753,0.312798,0.106823,0.183362,0.244275,0.243508,-0.020397,0.084285,0.254353,0.442681,0.320271,0.356619,0.377307,0.473317,0.256266,0.281880,0.311111,0.183873,0.341656,0.488967,0.435139,0.442226,0.182525,0.271905,0.062092,0.258627,-0.000064,0.228993,0.143994,0.159711,0.253789,0.449751,0.250310,0.374663,0.239462,0.288739,0.348476,0.288051,0.243463,0.130504,0.271509,0.304023,0.396693,0.504975,0.070020,-0.040998,0.195786,0.202029,0.560298,0.438607,0.362887,0.525837,0.178890,0.518090,0.657895,0.558565
0.659242,0.534399,0.306588,0.300994,0.086507,0.227028,0.394828,0.188812,0.172233,0.117502,0.453313,0.094097,0.334151,0.049725,0.036634,0.129389,0.000000,0.834701,0.486628,0.563189,0.169979,-0.161984,-0.193807,-0.187753,-0.022894,0.012760,0.092178,0.063747,0.912259,0.888299,-0.018464,-0.105138,0.295344,0.304539,-0.009384,-0.046976,0.193333,0.077148,0.220047,0.119228,0.274298,-0.179935,-0.102762,0.181175,0.401909,0.353592,0.265154,0.241843,0.441442,0.301107,0.367752,0.393289,0.235709,0.417547,0.416605,0.376546,0.806538,0.488865,0.291996,0.253749,0.538270,0.375070,1.011068,0.772306,0.097907,0.050214,0.227967,-0.020061,0.493734,0.373463,-0.086075,0.093868,0.459327,0.664875,0.430647,0.204952,0.235063,0.370741,0.371628,0.615570,0.783677,0.854707,0.443901,0.127774,0.467040,0.455702,-0.031648,-0.094729,0.184915,0.174239
0.449311,0.369276,0.053852,0.163723,-0.053838,0.042709,0.140020,0.146245,-0.010511,-0.012698,0.205753,0.082333,0.160892,0.062462,-0.099275,0.071782,0.834701,0.000000,0.259104,0.389831,0.081032,-0.188803,-0.182956,-0.179238,0.005595,0.039721,-0.008740,-0.003118,0.644548,0.813691,0.064972,0.047951,0.276121,0.344693,-0.000655,-0.055019,0.161495,0.030344,0.002096,0.115389,0.177317,-0.148274,-0.133866,0.137196,0.315016,0.298706,0.193428,0.182207,0.388537,0.298220,0.213204,0.310180,0.252388,0.286259,0.196691,0.154106,0.779828,0.410550,0.176495,0.235493,0.391396,0.394832,0.641974,0.706975,0.084922,0.216076,0.123263,0.057579,0.358198,0.261953,-0.238794,0.023906,0.303942,0.632414,0.181551,0.002426,-0.013519,0.183051,0.244842,0.583128,0.465523,0.845627,0.223081,0.134866,0.245563,0.365529,0.010700,-0.086141,-0.024443,0.070469
0.978518,0.653221,0.682371,0.401095,0.508221,0.208595,0.857567,0.521180,0.454128,0.207808,0.419494,-0.015331,0.557618,-0.034536,0.272596,0.143562,0.486628,0.259104,0.000000,1.057180,-0.068384,0.016063,0.248189,0.068356,-0.017930,0.102060,0.205799,0.169473,0.281353,0.133892,-0.185786,-0.110418,0.223942,0.255459,-0.112609,-0.226123,-0.065675,0.035829,0.077650,0.003393,0.006477,-0.028294,-0.013610,0.192463,-0.009254,0.047539,0.157922,0.227043,0.021011,0.209510,0.120874,0.201158,0.312437,0.311232,0.135827,0.179777,0.310340,0.564642,0.629565,0.356164,0.569778,0.388948,0.283195,0.368805,0.182456,0.029338,0.350459,0.208992,0.458473,0.384584,0.095715,0.369781,0.507030,0.400305,0.622088,0.158940,0.473896,0.503510,0.057215,0.164112,0.345713,0.359125,0.104676,-0.196387,0.217494,0.190744,0.253797,0.190594,0.263515,0.478173
0.784233,1.073907,0.625537,0.707558,0.424671,0.385453,0.514269,0.636001,0.369887,0.260834,0.306471,0.237227,0.335432,0.189757,0.336419,0.359646,0.563189,0.389831,1.057180,0.000000,0.032736,0.179091,0.223247,0.237030,0.078458,0.159760,0.235252,0.150764,0.327564,0.280103,-0.117135,0.017796,0.388289,0.524624,-0.014877,-0.048400,0.120307,0.099052,0.203962,0.157242,0.051395,0.032314,0.111744,0.364381,0.208749,0.298600,0.357345,0.398009,0.287143,0.382903,0.330853,0.306766,0.472596,0.590650,0.402765,0.421977,0.546379,0.818474,0.455556,0.552849,0.388432,0.644936,0.481954,0.689142,0.044756,0.164965,0.328812,0.257393,0.721396,0.678003,0.153534,0.395806,0.500028,0.650014,0.558832,0.227493,0.564250,0.678559,0.061248,0.179461,0.513722,0.484459,0.205566,-0.030541,0.366549,0.427602,0.233013,0.298036,0.399897,0.613248
0.028404,0.213876,0.233957,0.153037,-0.221433,-0.168696,0.023774,0.081444,-0.188948,-0.003071,0.340917,0.417670,0.080139,0.480324,0.113368,0.180333,0.169979,0.081032,-0.068384,0.032736,0.000000,0.470701,0.225330,0.272016,0.134410,0.130862,0.198570,0.051970,0.413720,0.362319,0.738683,0.494498,0.389817,0.349131,0.390848,0.322903,-0.046730,0.057854,-0.003034,-0.188507,0.102068,-0.253894,-0.188101,-0.043705,0.127756,0.179146,-0.240974,-0.039685,-0.027099,-0.065590,0.068838,0.055636,-0.162291,0.034656,-0.008229,-0.021320,0.271743,0.305293,-0.217412,-0.213049,0.001715,-0.096285,0.070742,0.117236,0.119546,0.227219,0.122366,0.077140,0.091016,0.118592,0.141308,0.114276,0.153913,0.093159,0.075787,0.035392,0.007023,0.150789,0.298823,0.207545,-0.028964,0.182687,0.294477,0.214600,0.070505,0.168530,0.037310,0.128957,0.137243,-0.024691
-0.106927,0.240009,0.326376,0.397377,0.042137,0.093032,-0.055690,0.246739,0.000246,0.212774,0.000209,0.383797,-0.056567,0.358810,0.330046,0.335174,-0.161984,-0.188803,0.016063,0.179091,0.470701,0.000000,0.494239,0.626243,0.306882,0.307979,0.281252,0.266889,-0.062560,-0.077253,0.281362,0.395157,0.303621,0.310099,0.282119,0.333271,-0.039768,0.295972,0.258033,0.120616,0.029807,0.154651,0.027716,0.147813,0.018939,0.125237,-0.129996,0.066615,-0.000283,0.012964,0.079379,0.004327,-0.010432,0.037637,0.008674,0.061860,-0.050657,0.239867,-0.144823,-0.021413,-0.267325,-0.039032,-0.112711,-0.039358,-0.027213,0.133267,0.122772,0.230246,0.073059,0.119576,0.389129,0.300751,0.161322,0.001190,0.082829,0.061935,0.125489,0.223875,0.009410,-0.159587,-0.074019,-0.086191,0.187236,0.253336,-0.047283,0.127878,0.212374,0.399812,0.170235,0.165260
0.132457,0.273475,0.756081,0.254114,0.426481,0.157940,0.237882,0.375823,0.228282,0.125757,0.195271,0.193506,0.446677,0.412397,0.734662,0.523420,-0.193807,-0.182956,0.248189,0.223247,0.225330,0.494239,0.000000,1.146000,0.683516,0.655227,0.589915,0.449357,-0.285740,-0.284539,0.249128,0.447132,0.320972,0.331565,0.598739,0.428721,-0.050419,0.193210,0.123228,0.139444,0.072990,0.041646,0.254972,0.300148,0.025492,0.162230,0.110835,0.288283,-0.041743,0.213789,0.098143,0.008827,0.295139,0.240254,0.117375,0.115877,0.012256,0.281213,0.160626,0.209417,-0.044599,0.034206,-0.191056,-0.173318,0.432131,0.563700,0.446109,0.541006,0.169646,0.344923,0.208906,0.194628,0.206468,-0.038649,0.243539,0.192115,0.339433,0.363952,0.075454,-0.141698,-0.120430,-0.027228,0.207005,-0.006837,0.117879,0.237463,0.216127,0.316776,0.578254,0.518770
-0.118637,0.233181,0.666372,0.418975,0.308162,0.221557,0.050273,0.374415,0.162714,0.157422,0.050735,0.332023,0.095695,0.506549,0.626143,0.673776,-0.187753,-0.179238,0.068356,0.237030,0.272016,0.626243,1.146000,0.000000,0.624862,0.612772,0.480971,0.365934,-0.282489,-0.213700,0.256419,0.415349,0.371864,0.265761,0.625431,0.570613,-0.019372,0.246841,0.214784,0.240613,-0.012391,0.125310,0.131735,0.345057,0.101268,0.286459,0.060010,0.247402,0.015570,0.226278,0.145325,0.044199,0.240190,0.239558,0.086249,0.157886,0.009527,0.295147,-0.105794,0.157457,-0.227374,0.036487,-0.150309,-0.121756,0.286673,0.618555,0.306842,0.496846,0.172768,0.295244,0.376115,0.198228,0.185549,0.000943,0.190415,0.134339,0.302961,0.440243,0.093166,-0.018433,-0.135862,-0.019863,0.214110,0.184991,0.068351,0.386386,0.235936,0.490595,0.480305,0.435281
-0.037730,0.116884,0.369884,0.028776,0.341746,0.562063,-0.152174,-0.017401,0.054117,0.156567,0.194458,0.247505,0.217128,0.534778,0.584650,0.701290,-0.022894,0.005595,-0.017930,0.078458,0.134410,0.306882,0.683516,0.624862,0.000000,0.923936,0.649479,0.607762,-0.088585,-0.002997,0.346837,0.337323,0.164124,0.254244,0.506415,0.397552,0.120483,0.154192,0.143578,0.276409,0.076311,-0.040272,0.182133,0.207121,0.237776,0.259488,0.176486,0.225915,0.110324,0.102187,0.114993,0.021721,0.131807,0.274113,0.190328,0.193125,0.176059,0.196992,-0.109799,0.048186,-0.171199,-0.033172,0.080177,-0.051140,0.406271,0.412668,0.197867,0.156872,0.154717,0.232386,0.051527,0.049643,0.150878,-0.030952,0.143127,0.216130,0.205509,0.261638,-0.061477,-0.035559,0.006550,0.071151,0.347568,0.069550,0.350519,0.301054,0.055493,0.071440,0.418323,0.252746
0.106409,0.202312,0.283590,0.111462,0.601435,0.642999,-0.035237,0.224565,0.345400,0.177052,0.121724,0.188151,0.236526,0.327968,0.701868,0.676899,0.012760,0.039721,0.102060,0.159760,0.130862,0.307979,0.655227,0.612772,0.923936,0.000000,0.574956,0.569839,-0.109509,-0.082741,0.262845,0.317342,0.255359,0.260338,0.397797,0.443428,0.022659,0.009892,0.165634,0.102572,-0.021637,-0.089808,0.236258,0.280844,0.091929,0.196431,0.289075,0.437830,0.048646,0.231971,0.170577,0.058634,0.312785,0.225900,0.245877,0.157204,0.193267,0.229778,0.148735,0.329973,0.048447,0.171313,0.036416,0.007243,0.197015,0.437440,0.342430,0.455753,0.209699,0.216185,0.169764,0.088698,0.120360,-0.112099,0.099230,0.210145,0.355144,0.345394,0.079195,0.033927,0.055571,0.064514,0.193918,0.085566,0.138866,0.294601,0.028220,0.241738,0.439326,0.445367
0.240320,0.433630,0.491127,0.115863,0.566624,0.506173,0.082910,0.130638,0.174412,0.078139,0.286167,0.149716,0.380125,0.304095,0.678539,0.667969,0.092178,-0.008740,0.205799,0.235252,0.198570,0.281252,0.589915,0.480971,0.649479,0.574956,0.000000,1.166681,-0.073005,0.016693,0.112071,0.171530,-0.079992,0.058104,0.205342,0.085377,0.195359,0.248945,0.201312,0.114476,0.081803,0.069231,0.328419,0.317858,0.193120,0.148707,0.355443,0.380266,0.246210,0.201199,0.265214,0.044890,0.363675,0.378359,0.260702,0.358951,0.138416,0.189662,0.127839,0.187073,-0.142181,0.034706,0.139013,-0.047849,0.289446,0.270945,0.178538,0.152488,0.347759,0.352716,0.132250,0.059027,0.095191,-0.019154,0.124789,0.128197,0.354333,0.331408,0.032434,-0.178215,0.292548,0.161512,0.404812,0.220689,0.433896,0.324119,0.119336,0.200328,0.549436,0.345430
0.169813,0.261622,0.373581,0.151480,0.570378,0.579680,0.050185,0.125181,0.179705,0.180404,0.145558,0.074563,0.182468,0.195004,0.487329,0.522051,0.063747,-0.003118,0.169473,0.150764,0.051970,0.266889,0.449357,0.365934,0.607762,0.569839,1.166681,0.000000,-0.122006,-0.006447,0.076805,0.141041,-0.043766,0.024725,0.098265,0.036097,0.042585,0.219406,0.090312,0.123836,-0.012696,0.032433,0.247202,0.263895,0.119531,0.099778,0.252748,0.301166,0.200021,0.126551,0.191299,-0.019077,0.331495,0.295740,0.130308,0.248082,0.063113,0.103069,0.115849,0.195978,-0.111774,0.111739,0.096314,0.003711,0.211702,0.132049,0.099515,0.078852,0.174256,0.093105,0.148940,0.041696,0.126912,-0.059471,0.188629,0.044926,0.125044,0.117597,-0.026748,-0.138671,0.162017,0.113945,0.272655,0.084116,0.270361,0.202460,0.106114,0.116705,0.357786,0.255292
0.471602,0.330139,0.107092,0.215249,-0.155653,0.031426,0.184819,0.109392,-0.049143,-0.003609,0.469840,0.218641,0.206889,0.135567,-0.159693,-0.040611,0.912259,0.644548,0.281353,0.327564,0.413720,-0.062560,-0.285740,-0.282489,-0.088585,-0.109509,-0.073005,-0.122006,0.000000,1.159653,0.275930,0.066094,0.290663,0.356046,-0.073787,-0.091499,0.004132,-0.148127,-0.118489,-0.133541,0.236649,-0.484926,-0.153446,-0.056826,0.245576,0.183189,-0.011688,-0.034241,0.231023,0.077592,0.131616,0.178743,-0.062932,0.174280,0.091810,0.082549,0.587825,0.349849,0.046997,0.020159,0.369178,0.249516,0.720024,0.637255,-0.000439,-0.031410,-0.000021,-0.191964,0.277513,0.133672,-0.129246,0.000347,0.298720,0.500351,0.331716,0.196725,-0.060071,0.055519,0.363614,0.531764,0.379422,0.588685,0.314487,0.022587,0.152293,0.165283,-0.171834,-0.267552,-0.156905,-0.076855
0.331982,0.268200,0.070967,0.277344,-0.121984,0.182857,0.087400,0.107350,0.000460,0.103266,0.376153,0.295385,0.100116,0.215077,-0.073608,0.147365,0.888299,0.813691,0.133892,0.280103,0.362319,-0.077253,-0.284539,-0.213700,-0.002997,-0.082741,0.016693,-0.006447,1.159653,0.000000,0.257780,0.117427,0.234167,0.379617,-0.011268,-0.041764,0.113869,0.044301,-0.046737,0.010317,0.262230,-0.349659,-0.092887,0.007852,0.338820,0.248024,0.091884,0.006003,0.334156,0.071503,0.163239,0.145221,0.068968,0.272250,0.183210,0.165334,0.547585,0.275265,0.010684,0.064395,0.345250,0.343360,0.775450,0.694009,0.095662,0.099523,-0.039494,-0.157829,0.291110,0.183621,-0.193782,-0.034657,0.228165,0.506032,0.295058,0.134352,-0.134867,0.046460,0.319437,0.598244,0.449203,0.741627,0.450124,0.205351,0.247223,0.240253,-0.081939,-0.226034,0.002217,-0.051889
-0.069447,0.064596,0.087608,0.100874,-0.093237,-0.127265,-0.184385,-0.017820,-0.149248,0.026159,0.194781,0.407042,-0.006808,0.511384,0.148492,0.227597,-0.018464,0.064972,-0.185786,-0.117135,0.738683,0.281362,0.249128,0.256419,0.346837,0.262845,0.112071,0.076805,0.275930,0.257780,0.000000,1.056325,0.543087,0.511668,0.384016,0.221369,-0.223993,-0.099165,-0.179469,-0.166796,0.008067,-0.328106,-0.087614,-0.120631,0.086507,0.099025,-0.243057,-0.118069,-0.087177,-0.176582,-0.029937,-0.147906,-0.165784,-0.025986,-0.087407,-0.147797,0.201283,0.237497,-0.235908,-0.174210,0.013892,-0.084981,-0.015207,0.119238,0.094204,0.215434,0.038099,0.062732,-0.016512,-0.061814,0.098082,0.143514,0.080874,-0.037387,0.012837,0.127665,-0.145743,-0.128267,0.142235,0.042546,-0.323681,0.104932,0.173949,0.122455,-0.112436,0.011760,0.004830,-0.040774,0.040429,-0.082563
-0.036982,0.188145,0.138139,0.303382,0.010611,-0.086391,-0.141314,0.208260,-0.094144,-0.037888,0.059681,0.391812,-0.027883,0.503324,0.264307,0.283218,-0.105138,0.047951,-0.110418,0.017796,0.494498,0.395157,0.447132,0.415349,0.337323,0.317342,0.171530,0.141041,0.066094,0.117427,1.056325,0.000000,0.565256,0.711285,0.450618,0.298362,-0.174055,-0.022471,-0.020770,0.050048,0.064790,-0.110316,0.011148,0.116752,0.141775,0.194769,-0.105089,0.092137,0.022839,-0.085334,0.125466,-0.110428,0.136067,0.179564,0.098009,-0.055007,0.194742,0.264912,-0.104915,0.067372,0.042696,0.144683,0.008398,0.142663,0.157002,0.373703,0.138129,0.246485,0.027991,0.107570,0.109142,0.316889,0.117408,0.050606,-0.024708,0.125615,-0.063189,-0.057964,0.072335,-0.096062,-0.224326,0.122969,0.235936,0.166505,0.002163,0.140694,0.110858,0.112560,0.265838,0.138244
0.165637,0.365557,0.378549,0.419038,0.104430,-0.043239,0.224106,0.323257,0.112392,0.145502,0.083028,0.255705,0.077545,0.315342,0.246699,0.238266,0.295344,0.276121,0.223942,0.388289,0.389817,0.303621,0.320972,0.371864,0.164124,0.255359,-0.079992,-0.043766,0.290663,0.234167,0.543087,0.565256,0.000000,0.930941,0.507446,0.345904,-0.195379,0.040740,0.122085,0.128054,0.141211,-0.160069,-0.207143,0.257771,0.260512,0.483266,-0.123371,0.119167,0.120038,0.288226,0.267990,0.328630,0.041465,0.232596,0.147209,0.131733,0.454106,0.699652,0.096045,0.142338,0.330640,0.295812,0.194711,0.448321,0.206151,0.383111,0.471856,0.378660,0.239587,0.206939,0.244214,0.398737,0.557272,0.393508,0.382120,0.231077,0.167363,0.333048,0.274220,0.387950,-0.040637,0.427471,0.214992,0.028419,0.021590,0.418849,0.332457,0.221070,0.221825,0.262844
0.339700,0.514693,0.346985,0.649237,0.164453,0.168305,0.194689,0.521055,0.212519,0.332009,0.182771,0.446864,0.158008,0.416447,0.347250,0.365522,0.304539,0.344693,0.255459,0.524624,0.349131,0.310099,0.331565,0.265761,0.254244,0.260338,0.058104,0.024725,0.356046,0.379617,0.511668,0.711285,0.930941,0.000000,0.349137,0.239151,0.005271,0.041513,0.113664,0.148627,0.203448,-0.055500,0.084898,0.262897,0.363500,0.414448,0.099822,0.230533,0.280081,0.233939,0.349717,0.218870,0.211068,0.423346,0.304226,0.206833,0.522668,0.637583,0.199940,0.328756,0.368732,0.540710,0.321812,0.589391,0.155662,0.389645,0.388751,0.383823,0.392676,0.410423,0.019095,0.369123,0.413330,0.530095,0.372701,0.337971,0.180963,0.255672,0.137755,0.080634,0.119122,0.493074,0.327741,0.051399,0.193261,0.338977,0.158853,0.122799,0.286689,0.387356
-0.156366,0.064211,0.381310,-0.018921,-0.031257,-0.049804,0.043559,0.027621,-0.103160,-0.109699,0.064428,0.104978,0.158643,0.418471,0.327333,0.375753,-0.009384,-0.000655,-0.112609,-0.014877,0.390848,0.282119,0.598739,0.625431,0.506415,0.397797,0.205342,0.098265,-0.073787,-0.011268,0.384016,0.450618,0.507446,0.349137,0.000000,0.689033,0.133627,0.205912,0.236742,0.233560,0.221424,-0.004796,-0.103026,0.414693,0.401710,0.505234,0.034403,0.270042,0.171580,0.301142,0.291610,0.261203,0.077896,0.194902,0.226058,0.206301,0.197422,0.211995,-0.051221,-0.001988,-0.005835,-0.114464,0.001240,-0.005599,0.717650,0.705800,0.546049,0.456612,0.083187,0.316878,0.088578,0.084234,0.240632,0.053607,0.048645,0.202800,0.213904,0.375861,0.282138,0.197551,-0.037831,0.172152,0.262191,0.093840,0.232871,0.511653,0.248932,0.087256,0.377627,0.221991
-0.263614,-0.035087,0.191028,0.107867,-0.085328,0.115626,-0.073354,0.126973,-0.048061,-0.060435,-0.071898,0.123232,-0.080652,0.278298,0.193391,0.312798,-0.046976,-0.055019,-0.226123,-0.048400,0.322903,0.333271,0.428721,0.570613,0.397552,0.443428,0.085377,0.036097,-0.091499,-0.041764,0.221369,0.298362,0.345904,0.239151,0.689033,0.000000,0.067460,0.150872,0.291878,0.298135,0.153857,0.034756,0.008905,0.177568,0.129446,0.274454,0.011829,0.145897,0.016891,0.167516,0.153588,0.171798,0.022016,0.124045,0.153466,0.122075,0.054336,0.070184,-0.159748,0.055067,-0.063183,0.093348,0.037922,-0.001130,0.329044,0.567603,0.295051,0.385017,0.004719,0.122213,0.134683,0.038781,0.023978,-0.005554,-0.003809,0.125976,0.148594,0.247613,0.174533,0.160363,0.011240,0.070881,0.132778,0.110532,0.097018,0.424433,-0.080926,0.093771,0.226549,0.266420
0.069501,0.159722,0.047723,-0.155285,-0.079614,0.248858,-0.142555,-0.211239,-0.154046,-0.151453,0.191894,0.080461,0.200860,0.165045,0.024274,0.106823,0.193333,0.161495,-0.065675,0.120307,-0.046730,-0.039768,-0.050419,-0.019372,0.120483,0.022659,0.195359,0.042585,0.004132,0.113869,-0.223993,-0.174055,-0.195379,0.005271,0.133627,0.067460,0.000000,0.334512,0.400122,0.325563,0.229262,0.402971,0.357935,0.366830,0.424656,0.273952,0.519364,0.286097,0.460342,0.168108,0.359109,0.205154,0.233808,0.191182,0.518231,0.475733,0.314175,-0.068498,-0.018742,0.023097,-0.109433,-0.036118,0.510535,0.117583,0.137332,0.076754,0.132281,0.022085,0.266876,0.452580,-0.142496,-0.114897,0.058446,0.162689,0.005521,0.121084,0.303875,0.351776,-0.084354,-0.036820,0.705305,0.090293,0.295014,0.178277,0.806309,0.372668,0.018996,-0.036478,0.253687,0.038910
-0.118779,0.089797,0.159351,0.168482,-0.034367,0.150432,0.034398,0.010551,-0.048235,0.047897,-0.015981,0.083007,-0.057264,0.086437,0.133796,0.183362,0.077148,0.030344,0.035829,0.099052,0.057854,0.295972,0.193210,0.246841,0.154192,0.009892,0.248945,0.219406,-0.148127,0.044301,-0.099165,-0.022471,0.040740,0.041513,0.205912,0.150872,0.334512,0.000000,0.539282,0.617842,0.243036,0.509085,0.029970,0.229438,0.023699,0.084575,-0.011692,-0.033064,0.133296,0.023250,0.115385,0.152168,0.008223,0.015139,0.067206,0.173418,-0.155037,-0.030255,-0.171503,-0.125617,-0.170422,-0.085292,0.116920,-0.047591,0.172701,0.027446,-0.040350,0.046660,-0.000342,0.041480,0.060580,0.137719,0.209030,0.127100,0.118464,-0.078054,0.132341,0.298693,-0.240452,0.068445,0.285958,0.166047,0.300473,0.404044,0.294106,0.361615,0.358195,0.314579,0.100708,0.048843
-0.034256,0.107720,0.177470,0.187457,0.145473,0.202309,0.112161,0.200273,0.191674,0.060638,-0.039989,0.032658,0.009806,0.074411,0.233234,0.244275,0.220047,0.002096,0.077650,0.203962,-0.003034,0.258033,0.123228,0.214784,0.143578,0.165634,0.201312,0.090312,-0.118489,-0.046737,-0.179469,-0.020770,0.122085,0.113664,0.236742,0.291878,0.400122,0.539282,0.000000,0.642602,0.161733,0.644085,0.000868,0.423266,0.151223,0.192548,0.073742,0.273315,0.199735,0.204859,0.322832,0.313031,0.042022,0.108712,0.322265,0.329961,0.012113,0.001644,0.040281,0.151791,0.020775,0.091908,0.215549,0.028197,0.126659,0.172783,0.183636,0.181459,0.097815,0.235732,0.150265,0.282268,0.323722,0.224652,0.001167,0.107701,0.410687,0.513669,0.006789,0.092544,0.498086,0.257495,0.343109,0.308028,0.373489,0.493571,0.322046,0.335659,0.337506,0.304536
-0.184360,0.026871,0.145406,0.178569,0.026497,0.206590,-0.043524,0.088658,0.040013,0.067122,-0.139839,0.025522,-0.101510,0.076100,0.144900,0.243508,0.119228,0.115389,0.003393,0.157242,-0.188507,0.120616,0.139444,0.240613,0.276409,0.102572,0.114476,0.123836,-0.133541,0.010317,-0.166796,0.050048,0.128054,0.148627,0.233560,0.298135,0.325563,0.617842,0.642602,0.000000,0.468629,0.487890,0.032029,0.394783,0.214418,0.310825,0.056795,0.138921,0.248660,0.163880,0.185250,0.208101,0.086665,0.144485,0.234067,0.242682,-0.002115,0.019996,-0.159436,0.069971,-0.112564,0.076601,0.237210,0.051780,0.242134,0.193472,0.064531,0.129100,-0.034829,0.116029,0.062091,0.229778,0.284129,0.287055,0.012939,0.087565,0.117802,0.233600,-0.175435,0.063311,0.301044,0.378869,0.473196,0.369923,0.346446,0.506947,0.285496,0.266203,0.181843,0.177404
0.068221,0.067413,0.127343,0.065134,-0.092582,-0.015589,0.109404,0.048335,-0.053703,-0.045063,0.052081,-0.104692,0.174855,0.021433,0.013253,-0.020397,0.274298,0.177317,0.006477,0.051395,0.102068,0.029807,0.072990,-0.012391,0.076311,-0.021637,0.081803,-0.012696,0.236649,0.262230,0.008067,0.064790,0.141211,0.203448,0.221424,0.153857,0.229262,0.243036,0.161733,0.468629,0.000000,0.038641,0.037310,0.153307,0.286934,0.258762,0.166966,0.092143,0.283505,0.161917,0.188988,0.240102,0.098857,0.150634,0.242485,0.143050,0.157073,-0.040533,0.054365,0.058073,0.151051,0.056885,0.339782,0.071550,0.231882,0.234662,0.228587,0.096902,0.064213,0.209341,-0.157760,0.029002,0.167859,0.315329,-0.015632,0.148943,-0.065213,0.033573,0.028139,0.076590,0.315672,0.431958,0.371096,0.185050,0.220137,0.329552,-0.003032,-0.062673,0.112228,0.063139
-0.186882,-0.073971,-0.047618,0.075538,0.064700,0.090455,0.019204,0.075018,0.133807,0.118045,-0.189684,-0.072034,-0.095107,-0.081202,0.128294,0.084285,-0.179935,-0.148274,-0.028294,0.032314,-0.253894,0.154651,0.041646,0.125310,-0.040272,-0.089808,0.069231,0.032433,-0.484926,-0.349659,-0.328106,-0.110316,-0.160069,-0.055500,-0.004796,0.034756,0.402971,0.509085,0.644085,0.487890,0.038641,0.000000,0.055811,0.282151,-0.041408,-0.080191,0.076690,0.110225,0.066564,0.037535,0.058396,0.046905,0.038231,-0.037131,0.087602,0.125703,-0.239446,-0.255431,-0.027055,0.056365,-0.124600,0.023120,-0.062793,-0.203078,-0.058244,-0.117782,-0.048012,0.106450,-0.125133,0.045517,0.138286,0.256707,0.117269,0.053196,-0.063680,0.035190,0.232351,0.253643,-0.132220,-0.251332,0.295503,-0.038908,0.054207,0.294361,0.222401,0.209296,0.346550,0.383979,0.131196,0.175687
0.238204,0.294037,0.056288,0.155191,0.355152,0.369480,-0.033806,0.163811,0.236722,0.141869,0.082320,0.150949,0.274048,0.128850,0.360482,0.254353,-0.102762,-0.133866,-0.013610,0.111744,-0.188101,0.027716,0.254972,0.131735,0.182133,0.236258,0.328419,0.247202,-0.153446,-0.092887,-0.087614,0.011148,-0.207143,0.084898,-0.103026,0.008905,0.357935,0.029970,0.000868,0.032029,0.037310,0.055811,0.000000,0.372513,0.214946,0.148964,0.801569,0.470342,0.310619,0.229343,0.261920,0.022309,0.355290,0.369151,0.400397,0.397684,0.078343,-0.004897,0.248392,0.368853,-0.087232,0.230274,0.119534,0.085715,-0.181087,0.069790,0.094401,0.233223,0.196883,0.339157,0.021065,-0.026674,-0.106614,-0.118943,0.069791,0.131066,0.186316,0.094594,-0.004490,-0.307899,0.266696,-0.059672,0.155469,0.007107,0.189250,0.028704,-0.147598,-0.071078,0.242170,0.220979
0.218794,0.348560,0.317700,0.219352,0.343810,0.219332,0.249704,0.391159,0.228873,0.040494,0.012695,0.151732,0.279039,0.238351,0.452701,0.442681,0.181175,0.137196,0.192463,0.364381,-0.043705,0.147813,0.300148,0.345057,0.207121,0.280844,0.317858,0.263895,-0.056826,0.007852,-0.120631,0.116752,0.257771,0.262897,0.414693,0.177568,0.366830,0.229438,0.423266,0.394783,0.153307,0.282151,0.372513,0.000000,0.729774,0.881904,0.552252,1.153160,0.688740,0.992803,0.720832,0.693435,0.438661,0.696592,0.593454,0.796702,0.292688,0.215824,0.336985,0.438050,0.129713,0.292924,0.193864,0.252946,0.236747,0.428479,0.515720,0.502054,0.173704,0.429004,0.221211,0.348802,0.410205,0.323372,0.173555,0.268468,0.388292,0.565621,0.178075,0.144574,0.382051,0.355283,0.347649,0.124600,0.377933,0.712545,0.333202,0.274140,0.452579,0.516454
0.177224,0.334933,0.315670,0.159280,0.005629,0.223129,0.077356,0.025235,-0.047363,0.043254,0.195143,0.219846,0.199725,0.340231,0.156338,0.320271,0.401909,0.315016,-0.009254,0.208749,0.127756,0.018939,0.025492,0.101268,0.237776,0.091929,0.193120,0.119531,0.245576,0.338820,0.086507,0.141775,0.260512,0.363500,0.401710,0.129446,0.424656,0.023699,0.151223,0.214418,0.286934,-0.041408,0.214946,0.729774,0.000000,1.282332,0.563990,0.665168,1.163809,0.705086,0.771830,0.600459,0.345731,0.698834,0.647569,0.811941,0.636266,0.304248,0.139169,0.175003,0.103143,0.120789,0.504150,0.377176,0.297943,0.354958,0.503607,0.195072,0.355187,0.508270,-0.004928,0.151771,0.233306,0.498708,0.148082,0.360421,0.212329,0.346034,0.205237,0.133730,0.346610,0.437017,0.439349,0.174802,0.621319,0.590861,0.016093,-0.118200,0.328765,0.157713
0.115462,0.347990,0.354515,0.246264,0.043837,0.180534,0.111368,0.161044,-0.024412,0.001583,0.090828,0.224425,0.155811,0.351586,0.221446,0.356619,0.353592,0.298706,0.047539,0.298600,0.179146,0.125237,0.162230,0.286459,0.259488,0.196431,0.148707,0.099778,0.183189,0.248024,0.099025,0.194769,0.483266,0.414448,0.505234,0.274454,0.273952,0.084575,0.192548,0.310825,0.258762,-0.080191,0.148964,0.881904,1.282332,0.000000,0.460525,0.682734,0.828643,0.911349,0.715119,0.833976,0.317405,0.696582,0.570088,0.810814,0.602315,0.416970,0.145920,0.244948,0.150482,0.178970,0.387981,0.379870,0.323487,0.520597,0.666964,0.396769,0.289424,0.472510,0.137860,0.272964,0.394073,0.534825,0.185635,0.342144,0.306344,0.509419,0.229621,0.309173,0.212252,0.503505,0.451331,0.129571,0.444157,0.779033,0.224414,0.130230,0.357365,0.324950
0.425664,0.522423,0.136103,0.139337,0.375332,0.497185,0.055226,0.142961,0.217985,0.051186,0.195800,0.084827,0.395342,0.139195,0.386899,0.377307,0.265154,0.193428,0.157922,0.357345,-0.240974,-0.129996,0.110835,0.060010,0.176486,0.289075,0.355443,0.252748,-0.011688,0.091884,-0.243057,-0.105089,-0.123371,0.099822,0.034403,0.011829,0.519364,-0.011692,0.073742,0.056795,0.166966,0.076690,0.801569,0.552252,0.563990,0.460525,0.000000,0.885006,0.683176,0.544880,0.626600,0.358721,0.851529,0.689015,0.964542,0.825127,0.468394,0.192400,0.471356,0.602630,0.150898,0.354469,0.392058,0.347289,-0.002288,0.209480,0.350443,0.302787,0.500769,0.661642,-0.068113,0.026263,-0.042360,0.165979,0.095442,0.321324,0.440127,0.398276,0.123440,-0.074603,0.634553,0.190508,0.241801,0.080889,0.541780,0.386573,-0.056226,-0.002555,0.496505,0.436676
0.406495,0.496128,0.282766,0.255391,0.470126,0.359368,0.261691,0.437027,0.324289,0.105394,0.106192,0.156052,0.383239,0.215520,0.508379,0.473317,0.241843,0.182207,0.227043,0.398009,-0.039685,0.066615,0.288283,0.247402,0.225915,0.437830,0.380266,0.301166,-0.034241,0.006003,-0.118069,0.092137,0.119167,0.230533,0.270042,0.145897,0.286097,-0.033064,0.273315,0.138921,0.092143,0.110225,0.470342,1.153160,0.665168,0.682734,0.885006,0.000000,0.732211,0.961933,0.786562,0.592219,0.768949,0.892128,0.845741,0.869119,0.410352,0.276823,0.582489,0.690950,0.232888,0.415659,0.213175,0.359022,0.071257,0.364635,0.567917,0.527531,0.343878,0.562080,0.085912,0.231977,0.209542,0.234194,0.078390,0.335914,0.432735,0.510119,0.245974,-0.004465,0.453689,0.301620,0.237459,0.079187,0.379702,0.595384,0.102680,0.144303,0.582914,0.638900
