0.000000,1.331736,1.211914,1.021137,0.409324,0.602405,0.997053,1.040581,0.334437,0.340104,1.097489,0.833133,0.840398,0.722083,0.921889,0.746756,0.835319,0.699442,1.287367,1.262854,0.398193,0.757148,0.789967,0.821873,0.187646,0.489743,0.731392,0.783498,0.787515,0.680282,0.790323,0.778384,1.061859,1.068220,0.919053,0.860408,0.308218,0.308987,0.383898,0.393772,0.233782,0.137544,0.959069,0.856810,0.828515,0.986779,1.046470,0.989920,0.972541,0.941723,0.951742,0.902700,0.952795,0.892439,0.917805,0.926811,1.084902,1.116422,1.248534,1.044146,1.076796,0.630295,0.869791,0.856886,0.650036,0.630220,1.200063,1.159888,1.274236,1.040588,0.675517,0.604673,0.831012,0.935631,0.564718,0.580247,0.820184,0.739539,0.696530,0.511387,0.760220,0.624698,0.705813,0.572052,1.109375,0.698169,0.472688,0.525589,0.749964,0.906344
1.331736,0.000000,0.904609,0.943596,0.330530,0.467931,0.685051,0.795216,0.185212,0.152368,0.648307,0.575164,0.531400,0.441731,0.732943,0.559198,0.810216,0.790501,0.958706,1.577505,0.480162,0.758865,0.630541,0.707966,0.140259,0.417411,0.726607,0.856559,0.789121,0.776408,0.783764,0.823604,1.087110,1.164535,0.937692,0.893557,0.339786,0.319917,0.381933,0.344182,0.155960,0.072426,0.904157,0.859260,0.989674,1.146124,0.880698,0.877517,0.849090,0.766894,0.768081,0.625480,0.762599,0.758710,0.764246,0.800077,1.551457,1.853482,1.164630,0.921334,0.983231,0.593940,0.892468,0.907226,0.526766,0.544027,1.254057,1.262372,1.417945,1.436884,0.690758,0.656690,0.641178,0.877639,0.543640,0.693661,0.691047,0.699991,0.804916,0.536723,0.756158,0.603672,0.636695,0.545499,0.915537,0.654870,0.556314,0.659306,0.723947,0.855730
1.211914,0.904609,0.000000,1.564540,0.557523,0.725165,1.607860,1.440349,0.497537,0.371602,0.927325,0.669666,0.661414,0.651623,0.776044,0.575888,0.597636,0.548779,1.365949,1.033105,0.357892,0.566866,1.378181,1.187074,0.325827,0.686135,0.603535,0.557542,0.494972,0.464811,0.731309,0.744818,0.834379,0.918181,0.756465,0.937047,0.245306,0.280887,0.229353,0.264787,0.084277,0.120954,1.002230,0.775406,0.747018,0.926958,0.997769,0.918894,0.896722,0.839132,0.920140,0.828299,0.934401,0.839897,0.773148,0.805226,0.640019,0.676412,0.792706,0.744219,0.772023,0.471798,0.677243,0.619759,0.684393,0.501103,0.913041,1.014738,1.022582,0.879874,0.478776,0.381052,0.662353,0.753781,0.469090,0.505757,0.873714,0.806910,0.598841,0.375906,0.626594,0.516108,0.562757,0.511601,0.960691,0.603075,0.327221,0.408504,0.599634,0.771203
1.021137,0.943596,1.564540,0.000000,0.470520,0.630584,1.244801,1.501732,0.401751,0.278904,0.700474,0.628895,0.515406,0.554524,0.605910,0.452361,0.508643,0.465898,1.062695,0.967216,0.355988,0.474328,1.157464,1.127393,0.314313,0.683365,0.529724,0.554134,0.421355,0.376299,0.606156,0.598541,0.701157,0.801410,0.663567,0.896352,0.220742,0.269858,0.139349,0.182794,-0.027629,0.094437,0.894353,0.754427,0.675395,0.893379,0.859351,0.837237,0.829285,0.772404,0.839365,0.754516,0.860163,0.791208,0.626898,0.684085,0.603571,0.678381,0.705928,0.735849,0.637070,0.446139,0.576363,0.552198,0.486927,0.375848,0.799818,1.023663,0.944859,0.878836,0.496433,0.341767,0.534256,0.707849,0.419079,0.420912,0.877153,0.877155,0.603261,0.284973,0.547581,0.427142,0.430190,0.397125,0.778410,0.531668,0.240838,0.363698,0.486083,0.662595
0.409324,0.330530,0.557523,0.470520,0.000000,1.290626,0.808366,0.561643,1.551002,1.057970,0.349577,0.397034,0.627918,0.649348,0.718956,0.595736,0.138687,0.331050,0.442297,0.385395,0.079903,0.306131,0.651241,0.593120,1.072395,1.080316,0.524604,0.493302,0.073430,0.197998,0.305778,0.358696,0.261191,0.230770,0.276515,0.417509,0.318072,0.184196,0.295193,0.262365,0.153583,0.061966,0.444306,0.309681,0.297962,0.336884,0.443072,0.416559,0.416424,0.504516,0.421714,0.401596,0.390906,0.427261,0.482410,0.534021,0.304127,0.262223,0.295544,0.398858,0.348495,-0.017182,0.318507,0.172894,0.349210,0.218232,0.320313,0.383796,0.428431,0.548100,0.189674,0.104823,0.390207,0.387597,0.329128,0.377188,0.375798,0.305093,0.245333,0.221474,0.283255,0.244395,0.402107,0.254453,0.341335,0.334257,0.285486,0.262893,0.487625,0.458812
0.602405,0.467931,0.725165,0.630584,1.290626,0.000000,0.928123,0.780159,1.124354,1.325324,0.465313,0.576445,0.745029,0.832436,0.940792,0.864790,0.254436,0.449848,0.603364,0.548656,0.168654,0.367235,0.750448,0.802478,0.966282,1.241789,0.448176,0.558850,0.230560,0.313731,0.491652,0.521397,0.457714,0.419842,0.389257,0.539370,0.334122,0.212235,0.298839,0.268336,0.184593,0.096134,0.630578,0.445978,0.423374,0.470438,0.640473,0.574759,0.634983,0.654014,0.644161,0.607812,0.620314,0.706332,0.667499,0.705821,0.441675,0.370282,0.475019,0.543012,0.490000,0.117640,0.481440,0.317724,0.411635,0.324720,0.457796,0.557721,0.540313,0.657442,0.276184,0.143746,0.559669,0.631719,0.487570,0.471248,0.569632,0.473067,0.374861,0.292913,0.419931,0.347981,0.533774,0.330260,0.489269,0.443295,0.401782,0.418993,0.581626,0.582795
0.997053,0.685051,1.607860,1.244801,0.808366,0.928123,0.000000,1.447844,0.754802,0.584668,0.875092,0.685588,0.827413,0.747563,0.840475,0.620067,0.532487,0.551096,1.188234,0.853136,0.293176,0.474164,1.527046,1.264837,0.526552,0.884051,0.611066,0.573641,0.448548,0.410039,0.696211,0.730101,0.703208,0.723822,0.702074,0.779372,0.330187,0.293888,0.284076,0.318666,0.192324,0.167482,0.849691,0.683617,0.626703,0.763252,0.868635,0.824717,0.803210,0.817445,0.848034,0.817626,0.762879,0.765271,0.713681,0.772681,0.530929,0.534287,0.624573,0.673342,0.707183,0.394189,0.590756,0.493568,0.760453,0.512832,0.710867,0.812550,0.774199,0.720741,0.432316,0.310499,0.716553,0.675577,0.498843,0.473668,0.802595,0.655660,0.505488,0.376022,0.585490,0.493770,0.586109,0.487604,0.855857,0.592489,0.305523,0.365609,0.616593,0.699704
1.040581,0.795216,1.440349,1.501732,0.561643,0.780159,1.447844,0.000000,0.500514,0.460233,0.872972,0.928591,0.706697,0.795593,0.851685,0.683325,0.503325,0.489042,1.222410,0.918260,0.395445,0.533471,1.334477,1.233697,0.336753,0.723767,0.482343,0.595006,0.425244,0.366395,0.704796,0.697463,0.752617,0.831390,0.803320,1.027002,0.264248,0.304593,0.182752,0.220508,0.038602,0.104471,1.025457,0.783267,0.687892,0.863614,0.943762,0.925216,0.950643,0.888396,0.928102,0.878552,1.011242,0.902841,0.757574,0.821308,0.507919,0.544463,0.697283,0.797364,0.691969,0.507566,0.563016,0.550610,0.650910,0.457513,0.775101,1.024050,0.797921,0.802561,0.419521,0.304534,0.671218,0.851208,0.579608,0.496932,0.995423,0.887159,0.533056,0.293236,0.537563,0.401142,0.479815,0.407792,0.822348,0.544222,0.324940,0.402934,0.573460,0.709695
0.334437,0.185212,0.497537,0.401751,1.551002,1.124354,0.754802,0.500514,0.000000,1.200196,0.366988,0.337515,0.573512,0.642706,0.495968,0.424078,-0.029614,0.131773,0.321152,0.187934,-0.019023,0.103187,0.610566,0.489968,1.174835,1.098131,0.382934,0.237726,-0.074294,-0.015245,0.224572,0.207964,0.117415,0.080516,0.123394,0.265837,0.177622,0.053499,0.061133,0.078756,0.018902,-0.109829,0.258986,0.141091,0.087261,0.150492,0.289806,0.269787,0.253699,0.339809,0.255855,0.266727,0.279877,0.255232,0.255634,0.316729,0.137046,0.109068,0.145929,0.269245,0.153050,-0.152256,0.099778,-0.015474,0.190362,0.053083,0.154406,0.215714,0.271863,0.373539,0.034341,-0.039654,0.208009,0.191805,0.118008,0.114181,0.276558,0.222133,0.119854,0.011145,0.053462,0.016979,0.143815,0.026073,0.166980,0.113183,0.027485,-0.006351,0.240524,0.223183
0.340104,0.152368,0.371602,0.278904,1.057970,1.325324,0.584668,0.460233,1.200196,0.000000,0.322935,0.502366,0.640435,0.886201,0.624099,0.746893,0.057360,0.208072,0.301736,0.191449,0.054502,0.126716,0.470626,0.454912,0.851605,0.879065,0.332437,0.326077,0.064878,0.118397,0.254897,0.249377,0.158460,0.098451,0.125929,0.239090,0.254850,0.155145,0.159662,0.183081,0.188405,0.041159,0.313004,0.168566,0.094761,0.139192,0.372568,0.317173,0.355416,0.414483,0.366954,0.380693,0.361665,0.387523,0.386722,0.421242,0.164057,0.082842,0.200632,0.309691,0.203226,-0.098117,0.178815,0.049234,0.163491,0.127831,0.152297,0.221240,0.227348,0.329064,0.052926,-0.043691,0.336605,0.379365,0.258376,0.172234,0.308103,0.199544,0.158066,0.117364,0.158123,0.126036,0.259620,0.105182,0.195176,0.200837,0.171087,0.127353,0.302920,0.276658
1.097489,0.648307,0.927325,0.700474,0.349577,0.465313,0.875092,0.872972,0.366988,0.322935,0.000000,0.875114,1.065525,0.781241,0.759298,0.636307,0.445611,0.297989,1.191268,0.718983,0.280451,0.617679,0.762832,0.643293,0.175174,0.418537,0.505897,0.436654,0.452987,0.333087,0.745524,0.642403,0.820063,0.805090,0.798544,0.650767,-0.027799,0.114702,0.132970,0.134032,0.058883,-0.056437,0.704333,0.498663,0.486456,0.567210,0.648056,0.603193,0.564062,0.553976,0.552902,0.550546,0.642227,0.549316,0.550382,0.505728,0.473260,0.546063,0.644630,0.683097,0.636503,0.576847,0.449644,0.527810,0.646331,0.490062,0.695987,0.674906,0.672146,0.579568,0.428973,0.465408,0.567631,0.632978,0.451960,0.419265,0.625578,0.608619,0.429289,0.266263,0.360438,0.295873,0.382004,0.294929,0.788856,0.354420,0.268944,0.193662,0.455665,0.483526
0.833133,0.575164,0.669666,0.628895,0.397034,0.576445,0.685588,0.928591,0.337515,0.502366,0.875114,0.000000,0.892530,1.290592,0.957785,1.062100,0.438415,0.491904,0.808335,0.664880,0.497048,0.716634,0.567751,0.634602,0.175638,0.433890,0.396241,0.571280,0.491815,0.477555,0.732164,0.629334,0.840115,0.821119,0.770652,0.770709,0.124437,0.126610,0.175908,0.135376,0.075680,0.057002,0.750255,0.534818,0.467906,0.562521,0.725124,0.672510,0.770483,0.774476,0.718771,0.789802,0.914824,0.839990,0.732152,0.725670,0.422794,0.446084,0.734248,0.856611,0.713495,0.740645,0.600926,0.749248,0.476012,0.465008,0.669267,0.792568,0.605831,0.635935,0.515872,0.492714,0.677540,0.959795,0.726863,0.559079,0.856518,0.703640,0.515033,0.310702,0.452084,0.311114,0.441397,0.394302,0.576791,0.386064,0.465653,0.384277,0.499737,0.542558
0.840398,0.531400,0.661414,0.515406,0.627918,0.745029,0.827413,0.706697,0.573512,0.640435,1.065525,0.892530,0.000000,1.065422,1.032459,1.017183,0.344557,0.367995,0.913624,0.641537,0.296948,0.650305,0.636809,0.667125,0.459199,0.612677,0.476024,0.608233,0.366301,0.409970,0.730965,0.691853,0.770266,0.696456,0.700411,0.563601,0.180414,0.166907,0.311429,0.256119,0.202432,0.027811,0.651251,0.503545,0.491447,0.516702,0.616668,0.614403,0.652279,0.702963,0.617076,0.650380,0.518101,0.593341,0.672952,0.652785,0.523728,0.495451,0.715479,0.783768,0.711525,0.491682,0.489570,0.505038,0.598860,0.555993,0.684926,0.631261,0.590032,0.562271,0.508940,0.498061,0.720340,0.733586,0.610419,0.624075,0.597054,0.487502,0.364999,0.353968,0.401920,0.374064,0.522175,0.304050,0.652952,0.419710,0.491005,0.368328,0.575686,0.545474
0.722083,0.441731,0.651623,0.554524,0.649348,0.832436,0.747563,0.795593,0.642706,0.886201,0.781241,1.290592,1.065422,0.000000,0.859528,1.182599,0.281857,0.310482,0.684823,0.519027,0.398081,0.597938,0.551268,0.605468,0.412231,0.665240,0.447664,0.441732,0.317889,0.349827,0.687647,0.584249,0.678252,0.632576,0.609355,0.675038,0.094016,0.043209,0.102682,0.085351,0.063989,-0.012989,0.640474,0.422262,0.369504,0.468223,0.650631,0.608859,0.653553,0.694011,0.619275,0.651713,0.748706,0.677761,0.634362,0.637870,0.338554,0.319785,0.577577,0.697918,0.538830,0.444038,0.455736,0.526036,0.356124,0.360254,0.551623,0.642834,0.471313,0.534914,0.356886,0.319229,0.545412,0.781875,0.548258,0.438402,0.662211,0.494510,0.390572,0.217357,0.314728,0.219863,0.330362,0.258487,0.434869,0.288248,0.397625,0.275055,0.367283,0.402714
0.921889,0.732943,0.776044,0.605910,0.718956,0.940792,0.840475,0.851685,0.495968,0.624099,0.759298,0.957785,1.032459,0.859528,0.000000,1.418193,0.626864,0.788985,1.017604,0.932495,0.398935,0.878581,0.732069,0.787773,0.377063,0.584399,0.570925,1.005068,0.579923,0.702667,0.742863,0.818864,0.918832,0.857426,0.863731,0.851703,0.435718,0.297845,0.644783,0.498709,0.365597,0.260592,0.966963,0.759082,0.794564,0.747297,0.900088,0.847591,0.984533,0.932355,0.956582,0.943572,0.879542,1.055020,1.182487,1.131994,0.695913,0.666329,0.920210,0.953250,1.042328,0.579465,0.879471,0.762083,0.842832,0.673579,0.934627,0.933860,0.876466,0.872289,0.666865,0.592067,1.068026,1.107869,0.991378,0.947197,0.764080,0.600533,0.517111,0.598430,0.780123,0.644086,0.970839,0.688369,0.933162,0.761271,0.874615,0.810186,1.135462,1.102457
0.746756,0.559198,0.575888,0.452361,0.595736,0.864790,0.620067,0.683325,0.424078,0.746893,0.636307,1.062100,1.017183,1.182599,1.418193,0.000000,0.477366,0.573160,0.739797,0.697761,0.443447,0.836633,0.479094,0.604482,0.315080,0.514650,0.515820,0.819022,0.490349,0.655374,0.649720,0.676579,0.788614,0.735036,0.709164,0.679564,0.276646,0.182631,0.485591,0.367786,0.294086,0.225165,0.806908,0.623702,0.633654,0.632192,0.782525,0.736780,0.869305,0.874002,0.828205,0.873081,0.809943,0.944078,1.008216,0.938418,0.547136,0.502408,0.831535,0.849417,0.843213,0.566306,0.743442,0.711161,0.582660,0.648554,0.760859,0.781836,0.662341,0.704286,0.534625,0.498406,0.832787,1.013170,0.868038,0.783631,0.629188,0.458323,0.494697,0.534964,0.641470,0.557001,0.747663,0.588286,0.683867,0.636181,0.819083,0.710405,0.745226,0.818761
0.835319,0.810216,0.597636,0.508643,0.138687,0.254436,0.532487,0.503325,-0.029614,0.057360,0.445611,0.438415,0.344557,0.281857,0.626864,0.477366,0.000000,1.201191,0.673469,1.007246,0.210135,0.522390,0.462227,0.555596,-0.083634,0.151084,0.577989,0.794477,1.305826,1.081465,0.446831,0.633375,0.817565,0.772456,0.679835,0.528529,0.591902,0.534080,0.841444,0.873252,0.704423,0.696457,0.713622,0.858248,0.883251,0.802760,0.838146,0.837113,0.766497,0.657593,0.864892,0.693300,0.658203,0.783023,0.897584,0.918195,0.943896,0.901217,0.796485,0.644685,1.094995,0.696492,1.303012,1.052249,0.808132,0.882932,0.840954,0.719479,0.804532,0.586269,0.600015,0.566685,0.880606,0.716897,0.705003,0.671298,0.504536,0.309974,0.596477,1.003835,1.481022,1.115258,1.144567,1.093621,1.124771,1.066340,0.544535,0.805672,0.915064,0.962081
0.699442,0.790501,0.548779,0.465898,0.331050,0.449848,0.551096,0.489042,0.131773,0.208072,0.297989,0.491904,0.367995,0.310482,0.788985,0.573160,1.201191,0.000000,0.603717,0.980105,0.369178,0.629411,0.419083,0.526476,0.103167,0.285948,0.546789,0.880057,1.103840,1.259289,0.591458,0.798820,0.808444,0.790595,0.685869,0.508437,0.672029,0.411974,0.839189,0.738230,0.673976,0.551314,0.599570,0.641608,0.787377,0.727502,0.649768,0.628247,0.694420,0.650796,0.733858,0.660992,0.575334,0.766663,0.831803,0.867708,0.983224,0.898551,0.803966,0.628801,1.091263,0.608244,1.322142,1.053050,0.758355,0.775695,0.784098,0.716690,0.817303,0.724621,0.754535,0.706431,0.925588,0.789297,0.747287,0.827278,0.575858,0.391896,0.619661,0.963326,1.225736,0.996400,1.174266,1.134438,0.825075,0.917525,0.784926,0.994989,0.953354,0.999673
1.287367,0.958706,1.365949,1.062695,0.442297,0.603364,1.188234,1.222410,0.321152,0.301736,1.191268,0.808335,0.913624,0.684823,1.017604,0.739797,0.673469,0.603717,0.000000,1.273072,0.475264,0.745418,1.136800,1.022323,0.190080,0.499695,0.596280,0.686571,0.579383,0.548611,0.953696,0.951515,1.080842,1.121751,1.016149,0.957348,0.253587,0.297783,0.342862,0.316444,0.184997,0.127469,1.025725,0.749875,0.808616,0.880990,0.887037,0.830187,0.874481,0.786638,0.866303,0.788780,0.796940,0.791002,0.819454,0.790075,0.739669,0.774031,0.881278,0.802374,0.893983,0.613811,0.708978,0.707592,0.877330,0.596543,1.013387,1.028062,0.989211,0.890874,0.641458,0.584476,0.867721,0.938264,0.641008,0.699077,0.879107,0.853082,0.666525,0.452893,0.665830,0.564444,0.658720,0.565821,1.120840,0.613036,0.554061,0.557820,0.763796,0.800123
1.262854,1.577505,1.033105,0.967216,0.385395,0.548656,0.853136,0.918260,0.187934,0.191449,0.718983,0.664880,0.641537,0.519027,0.932495,0.697761,1.007246,0.980105,1.273072,0.000000,0.477820,0.813325,0.766735,0.894903,0.148618,0.454087,0.684655,0.889946,0.931201,0.925568,0.887713,1.011051,1.374307,1.407265,1.073589,0.956031,0.386463,0.325822,0.509832,0.447047,0.300169,0.254304,1.076107,0.941585,1.139824,1.221961,0.952653,0.940948,0.927171,0.811838,0.887447,0.731703,0.843185,0.899616,0.916516,0.924910,1.264336,1.325813,1.104587,0.856384,1.193175,0.736007,1.150380,1.107215,0.805642,0.728150,1.285211,1.254178,1.339962,1.262482,0.746514,0.705109,0.870969,1.049600,0.728227,0.906012,0.806867,0.745331,0.892638,0.719951,1.026543,0.809933,0.882088,0.793646,1.162190,0.802851,0.682485,0.815237,0.885388,0.977995
0.398193,0.480162,0.357892,0.355988,0.079903,0.168654,0.293176,0.395445,-0.019023,0.054502,0.280451,0.497048,0.296948,0.398081,0.398935,0.443447,0.210135,0.369178,0.475264,0.477820,0.000000,0.762669,0.234742,0.271578,-0.032698,0.164313,0.470211,0.378607,0.412623,0.448308,0.874503,0.778094,0.567132,0.627552,0.630185,0.461844,0.073861,0.044326,0.091514,-0.054547,-0.036220,-0.090334,0.367167,0.203230,0.284265,0.348190,0.318497,0.234137,0.365991,0.333046,0.311541,0.298501,0.295069,0.361656,0.338724,0.286353,0.384564,0.445511,0.469465,0.410916,0.321268,0.425682,0.323646,0.486966,0.222592,0.162454,0.455740,0.513500,0.401204,0.515861,0.644102,0.631043,0.398894,0.557388,0.395028,0.408668,0.453595,0.547472,0.509125,0.161251,0.263472,0.197287,0.214467,0.293331,0.303347,0.191844,0.603173,0.418346,0.291664,0.308093
0.757148,0.758865,0.566866,0.474328,0.306131,0.367235,0.474164,0.533471,0.103187,0.126716,0.617679,0.716634,0.650305,0.597938,0.878581,0.836633,0.522390,0.629411,0.745418,0.813325,0.762669,0.000000,0.315945,0.400832,0.063198,0.242634,0.707183,0.843275,0.620955,0.824538,0.864990,0.887427,1.025356,1.093591,0.977551,0.720815,0.186003,0.094869,0.486110,0.332926,0.178373,0.109730,0.699134,0.572183,0.772075,0.766284,0.661081,0.594381,0.677102,0.714805,0.634119,0.656859,0.590804,0.669916,0.779266,0.732720,0.714888,0.754550,0.953532,0.838376,0.860531,0.813463,0.784233,0.934642,0.617485,0.720627,0.968228,0.909735,0.803865,0.801658,0.941420,0.921761,0.727378,0.901873,0.702071,0.857944,0.596221,0.551619,0.537218,0.551434,0.613881,0.558142,0.694906,0.656442,0.705410,0.592630,0.967877,0.731741,0.681049,0.799829
0.789967,0.630541,1.378181,1.157464,0.651241,0.750448,1.527046,1.334477,0.610566,0.470626,0.762832,0.567751,0.636809,0.551268,0.732069,0.479094,0.462227,0.419083,1.136800,0.766735,0.234742,0.315945,0.000000,1.355341,0.429258,0.726542,0.430236,0.480838,0.328950,0.258886,0.607370,0.647633,0.583709,0.617325,0.591667,0.821494,0.312341,0.369834,0.207978,0.275976,0.110452,0.122849,0.811608,0.638122,0.565828,0.659762,0.789566,0.754809,0.718987,0.657435,0.754965,0.659108,0.727776,0.657609,0.618197,0.670825,0.422185,0.452862,0.492035,0.580013,0.559495,0.316463,0.454354,0.390048,0.672759,0.361279,0.638598,0.762450,0.676709,0.664361,0.291250,0.193499,0.594462,0.596564,0.446729,0.432564,0.769862,0.692567,0.426947,0.253954,0.482368,0.385972,0.438154,0.345272,0.814234,0.526769,0.214490,0.328385,0.593553,0.628033
0.821873,0.707966,1.187074,1.127393,0.593120,0.802478,1.264837,1.233697,0.489968,0.454912,0.643293,0.634602,0.667125,0.605468,0.787773,0.604482,0.555596,0.526476,1.022323,0.894903,0.271578,0.400832,1.355341,0.000000,0.460434,0.815857,0.451376,0.589031,0.437467,0.387221,0.647839,0.729780,0.744684,0.761968,0.640463,0.830281,0.315049,0.303177,0.285904,0.334329,0.225622,0.210880,0.953161,0.726681,0.671344,0.792316,0.852878,0.799022,0.841815,0.780507,0.934906,0.844817,0.820280,0.855495,0.720584,0.790816,0.570897,0.548202,0.662853,0.685881,0.730360,0.400292,0.651998,0.518336,0.686443,0.493534,0.752156,0.922659,0.699326,0.708944,0.395817,0.257744,0.697699,0.717427,0.575350,0.581522,0.744198,0.657845,0.468413,0.371420,0.617193,0.480222,0.578963,0.439597,0.822759,0.625207,0.360979,0.510818,0.655933,0.672648
0.187646,0.140259,0.325827,0.314313,1.072395,0.966282,0.526552,0.336753,1.174835,0.851605,0.175174,0.175638,0.459199,0.412231,0.377063,0.315080,-0.083634,0.103167,0.190080,0.148618,-0.032698,0.063198,0.429258,0.460434,0.000000,1.356445,0.240837,0.194087,-0.106653,0.013162,0.141360,0.142596,0.102612,0.048308,0.063185,0.198028,0.149304,0.057314,0.052025,0.062969,0.033522,-0.117393,0.195370,0.114312,0.124327,0.136394,0.192574,0.196268,0.225355,0.324515,0.234832,0.219445,0.170600,0.228728,0.191814,0.280648,0.149636,0.116018,0.126812,0.251612,0.140591,-0.095691,0.105018,-0.026041,0.133680,0.092938,0.140667,0.170081,0.217130,0.337534,0.106260,-0.036269,0.164891,0.156172,0.144964,0.183954,0.252582,0.249038,0.112811,0.024601,0.037319,-0.001881,0.129640,-0.015823,0.098622,0.109773,0.018244,0.035696,0.210076,0.183592
0.489743,0.417411,0.686135,0.683365,1.080316,1.241789,0.884051,0.723767,1.098131,0.879065,0.418537,0.433890,0.612677,0.665240,0.584399,0.514650,0.151084,0.285948,0.499695,0.454087,0.164313,0.242634,0.726542,0.815857,1.356445,0.000000,0.447112,0.333197,0.130382,0.171702,0.442601,0.419768,0.403885,0.364691,0.341773,0.505789,0.193822,0.081867,0.069170,0.063978,0.042254,-0.065826,0.504433,0.345175,0.347795,0.428114,0.456818,0.446155,0.484188,0.539431,0.476012,0.423812,0.449068,0.486439,0.398553,0.472205,0.363406,0.332999,0.352215,0.461143,0.353803,0.090968,0.334638,0.223781,0.310451,0.223764,0.380203,0.485039,0.438983,0.610049,0.232596,0.100571,0.361164,0.422269,0.322297,0.344461,0.500007,0.457743,0.363975,0.142677,0.244751,0.140775,0.291610,0.169185,0.331958,0.248970,0.177830,0.212719,0.344616,0.352947
0.731392,0.726607,0.603535,0.529724,0.524604,0.448176,0.611066,0.482343,0.382934,0.332437,0.505897,0.396241,0.476024,0.447664,0.570925,0.515820,0.577989,0.546789,0.596280,0.684655,0.470211,0.707183,0.430236,0.451376,0.240837,0.447112,0.000000,0.848075,0.655966,0.641817,0.573000,0.655183,0.604612,0.567976,0.602082,0.457264,0.341964,0.240767,0.487540,0.429940,0.391078,0.173595,0.535188,0.477370,0.541379,0.576839,0.593536,0.514273,0.484634,0.570049,0.517120,0.494304,0.428113,0.474079,0.516396,0.573251,0.744178,0.752619,0.591416,0.578536,0.610187,0.314173,0.579899,0.502180,0.415733,0.474184,0.620952,0.569170,0.695180,0.758245,0.548770,0.580062,0.486137,0.553366,0.382863,0.418201,0.319813,0.302090,0.419869,0.540472,0.562765,0.510545,0.574847,0.546826,0.612714,0.565764,0.411548,0.370088,0.587205,0.658411
0.783498,0.856559,0.557542,0.554134,0.493302,0.558850,0.573641,0.595006,0.237726,0.326077,0.436654,0.571280,0.608233,0.441732,1.005068,0.819022,0.794477,0.880057,0.686571,0.889946,0.378607,0.843275,0.480838,0.589031,0.194087,0.333197,0.848075,0.000000,0.727876,0.900228,0.509913,0.702349,0.738692,0.740601,0.710126,0.629290,0.605611,0.536828,0.901691,0.797485,0.493406,0.436142,0.775964,0.782605,0.790916,0.761031,0.838651,0.784454,0.814442,0.789530,0.867667,0.807050,0.671879,0.871864,0.974452,1.062802,0.915754,0.895350,0.939081,0.923478,1.003828,0.534322,0.893772,0.768339,0.619360,0.698263,0.908860,0.879223,0.935078,0.867704,0.721732,0.679575,0.878652,0.922858,0.801661,0.838610,0.533039,0.455108,0.453191,0.774244,0.913924,0.853848,1.009145,0.706352,0.873102,1.012498,0.715052,0.796926,1.126492,1.215019
0.787515,0.789121,0.494972,0.421355,0.073430,0.230560,0.448548,0.425244,-0.074294,0.064878,0.452987,0.491815,0.366301,0.317889,0.579923,0.490349,1.305826,1.103840,0.579383,0.931201,0.412623,0.620955,0.328950,0.437467,-0.106653,0.130382,0.655966,0.727876,0.000000,1.384913,0.607518,0.794790,0.859965,0.817999,0.700856,0.422049,0.435700,0.365778,0.640834,0.612868,0.603272,0.464166,0.595913,0.652772,0.715357,0.707339,0.683097,0.660718,0.588474,0.515609,0.618706,0.553886,0.552382,0.642945,0.698387,0.684992,0.884198,0.905394,0.727920,0.559082,0.911396,0.709440,1.052257,1.035637,0.635113,0.739123,0.726669,0.639356,0.743973,0.584261,0.713380,0.751234,0.784386,0.695365,0.645373,0.627850,0.541182,0.385345,0.711942,1.017409,1.106818,0.938410,0.941604,0.928632,0.824297,0.798063,0.516915,0.664609,0.716412,0.767031
0.680282,0.776408,0.464811,0.376299,0.197998,0.313731,0.410039,0.366395,-0.015245,0.118397,0.333087,0.477555,0.409970,0.349827,0.702667,0.655374,1.081465,1.259289,0.548611,0.925568,0.448308,0.824538,0.258886,0.387221,0.013162,0.171702,0.641817,0.900228,1.384913,0.000000,0.589435,0.803481,0.872344,0.873186,0.728541,0.440807,0.482262,0.350103,0.794566,0.682886,0.585920,0.477018,0.593713,0.630916,0.808132,0.753554,0.651523,0.627472,0.619670,0.583090,0.634468,0.584088,0.482520,0.624528,0.774624,0.761041,0.933284,0.915335,0.841924,0.610608,0.980365,0.726890,1.150432,1.088002,0.656612,0.922519,0.818713,0.681943,0.834328,0.671859,0.867925,0.926851,0.823055,0.792785,0.690332,0.803831,0.489951,0.364359,0.722390,1.296999,1.117037,1.070935,1.121227,1.150856,0.735229,0.860184,0.777656,0.917030,0.786732,0.905523
0.790323,0.783764,0.731309,0.606156,0.305778,0.491652,0.696211,0.704796,0.224572,0.254897,0.745524,0.732164,0.730965,0.687647,0.742863,0.649720,0.446831,0.591458,0.953696,0.887713,0.874503,0.864990,0.607370,0.647839,0.141360,0.442601,0.573000,0.509913,0.607518,0.589435,0.000000,1.685388,1.169482,1.191224,1.086577,0.808183,0.080595,-0.018786,0.137900,0.023423,0.107217,-0.111423,0.635995,0.404520,0.525142,0.636357,0.523442,0.455224,0.514945,0.487481,0.466142,0.453015,0.492587,0.532403,0.499379,0.463559,0.695110,0.697657,0.694422,0.612209,0.656236,0.581866,0.596894,0.736957,0.543941,0.388566,0.774744,0.818796,0.600626,0.744971,0.719279,0.747126,0.623801,0.869282,0.562066,0.653514,0.664510,0.665721,0.651308,0.293200,0.406345,0.290863,0.418730,0.389212,0.557279,0.282703,0.710389,0.507560,0.471728,0.435607
0.778384,0.823604,0.744818,0.598541,0.358696,0.521397,0.730101,0.697463,0.207964,0.249377,0.642403,0.629334,0.691853,0.584249,0.818864,0.676579,0.633375,0.798820,0.951515,1.011051,0.778094,0.887427,0.647633,0.729780,0.142596,0.419768,0.655183,0.702349,0.794790,0.803481,1.685388,0.000000,1.168356,1.208173,1.044393,0.789633,0.257544,0.161869,0.372668,0.269818,0.311248,0.117215,0.687225,0.479942,0.631593,0.700027,0.597941,0.528608,0.580587,0.509656,0.562088,0.507362,0.506455,0.603171,0.637817,0.607594,0.802553,0.787755,0.739248,0.625722,0.789843,0.604985,0.768631,0.843730,0.704434,0.529695,0.834865,0.829793,0.681676,0.731745,0.792762,0.848947,0.809684,0.952230,0.700885,0.850530,0.714721,0.670266,0.623493,0.511931,0.618017,0.519172,0.625139,0.546943,0.713185,0.517475,0.801904,0.699237,0.688812,0.615009
1.061859,1.087110,0.834379,0.701157,0.261191,0.457714,0.703208,0.752617,0.117415,0.158460,0.820063,0.840115,0.770266,0.678252,0.918832,0.788614,0.817565,0.808444,1.080842,1.374307,0.567132,1.025356,0.583709,0.744684,0.102612,0.403885,0.604612,0.738692,0.859965,0.872344,1.169482,1.168356,0.000000,2.013106,1.357706,1.043642,0.237785,0.136246,0.383401,0.299758,0.233075,0.107760,0.997232,0.783897,0.985404,1.051364,0.842379,0.806983,0.872366,0.800212,0.797840,0.706502,0.778756,0.836606,0.843271,0.851056,1.015244,1.017294,1.108397,0.916787,1.189897,0.968427,1.061909,1.241428,0.781699,0.727592,1.288734,1.192193,0.946831,1.023571,0.773172,0.802395,0.822808,1.079613,0.752708,0.931971,0.745858,0.663171,0.707982,0.594180,0.753084,0.576970,0.733310,0.633464,0.904297,0.611487,0.750980,0.687402,0.733318,0.755800
1.068220,1.164535,0.918181,0.801410,0.230770,0.419842,0.723822,0.831390,0.080516,0.098451,0.805090,0.821119,0.696456,0.632576,0.857426,0.735036,0.772456,0.790595,1.121751,1.407265,0.627552,1.093591,0.617325,0.761968,0.048308,0.364691,0.567976,0.740601,0.817999,0.873186,1.191224,1.208173,2.013106,0.000000,1.396543,1.075952,0.180586,0.130998,0.321272,0.252494,0.145858,0.095024,0.986980,0.760719,0.984706,1.124193,0.828169,0.787196,0.832432,0.751424,0.767697,0.691599,0.779683,0.801040,0.785500,0.784992,0.991069,1.041335,1.122736,0.873365,1.106405,0.972841,0.992922,1.226819,0.765926,0.738829,1.295065,1.311949,1.017910,1.020192,0.782557,0.815877,0.782531,1.074318,0.712957,0.914601,0.790175,0.738782,0.769018,0.566042,0.743687,0.592257,0.692263,0.648190,0.899486,0.613473,0.745699,0.719786,0.664800,0.766517
0.919053,0.937692,0.756465,0.663567,0.276515,0.389257,0.702074,0.803320,0.123394,0.125929,0.798544,0.770652,0.700411,0.609355,0.863731,0.709164,0.679835,0.685869,1.016149,1.073589,0.630185,0.977551,0.591667,0.640463,0.063185,0.341773,0.602082,0.710126,0.700856,0.728541,1.086577,1.044393,1.357706,1.396543,0.000000,1.029796,0.267592,0.122491,0.363744,0.260867,0.197256,0.074479,0.883171,0.743956,0.947387,1.018595,0.771880,0.744175,0.826317,0.749555,0.748705,0.700040,0.639190,0.697599,0.718353,0.729268,0.839754,0.881825,0.970806,0.848750,0.975482,0.926196,0.771484,0.928743,0.897145,0.686126,1.121742,1.125321,0.785558,0.882190,0.689403,0.692939,0.829580,1.026811,0.791654,0.855317,0.681657,0.566795,0.593466,0.497190,0.618055,0.502491,0.641474,0.547392,0.831618,0.562606,0.800298,0.610116,0.698655,0.741051
0.860408,0.893557,0.937047,0.896352,0.417509,0.539370,0.779372,1.027002,0.265837,0.239090,0.650767,0.770709,0.563601,0.675038,0.851703,0.679564,0.528529,0.508437,0.957348,0.956031,0.461844,0.720815,0.821494,0.830281,0.198028,0.505789,0.457264,0.629290,0.422049,0.440807,0.808183,0.789633,1.043642,1.075952,1.029796,0.000000,0.252600,0.246671,0.197447,0.190724,0.033795,0.022986,1.190318,0.923409,0.908554,1.113064,0.941140,0.989527,0.957820,0.904319,0.824811,0.724802,0.995537,0.852511,0.848677,0.914173,0.647478,0.634652,0.796738,0.834106,0.818150,0.576456,0.672005,0.742234,0.567440,0.379797,1.047833,1.292079,0.778207,0.962940,0.430383,0.374516,0.630546,0.948546,0.730061,0.731229,0.936655,0.824192,0.532781,0.234852,0.492485,0.298704,0.447038,0.364134,0.697814,0.469080,0.513216,0.494525,0.618440,0.715082
0.308218,0.339786,0.245306,0.220742,0.318072,0.334122,0.330187,0.264248,0.177622,0.254850,-0.027799,0.124437,0.180414,0.094016,0.435718,0.276646,0.591902,0.672029,0.253587,0.386463,0.073861,0.186003,0.312341,0.315049,0.149304,0.193822,0.341964,0.605611,0.435700,0.482262,0.080595,0.257544,0.237785,0.180586,0.267592,0.252600,0.000000,0.789958,0.957865,0.946911,0.704897,0.652170,0.323072,0.479573,0.451561,0.318105,0.533984,0.503867,0.550625,0.480458,0.601642,0.477909,0.289799,0.407893,0.603347,0.678276,0.494802,0.403486,0.459813,0.446364,0.535652,0.178811,0.537256,0.365423,0.396226,0.377485,0.416358,0.346178,0.416899,0.344129,0.304955,0.197778,0.645662,0.415910,0.485631,0.446940,0.316578,0.136248,0.123960,0.484873,0.646036,0.661574,0.702067,0.502684,0.508191,0.725066,0.400971,0.534621,0.795294,0.693709
0.308987,0.319917,0.280887,0.269858,0.184196,0.212235,0.293888,0.304593,0.053499,0.155145,0.114702,0.126610,0.166907,0.043209,0.297845,0.182631,0.534080,0.411974,0.297783,0.325822,0.044326,0.094869,0.369834,0.303177,0.057314,0.081867,0.240767,0.536828,0.365778,0.350103,-0.018786,0.161869,0.136246,0.130998,0.122491,0.246671,0.789958,0.000000,0.623470,0.812722,0.434336,0.593270,0.417699,0.547804,0.409998,0.320369,0.609034,0.607670,0.556980,0.459345,0.572460,0.394823,0.291956,0.390276,0.580836,0.633586,0.356659,0.323096,0.304266,0.315552,0.354123,0.108780,0.346681,0.252623,0.248494,0.319701,0.324009,0.279554,0.418075,0.261763,0.183527,0.122889,0.444076,0.328138,0.394901,0.274701,0.338351,0.275169,0.131725,0.394090,0.565610,0.610794,0.494336,0.369410,0.545290,0.679849,0.129907,0.374489,0.541868,0.562836
0.383898,0.381933,0.229353,0.139349,0.295193,0.298839,0.284076,0.182752,0.061133,0.159662,0.132970,0.175908,0.311429,0.102682,0.644783,0.485591,0.841444,0.839189,0.342862,0.509832,0.091514,0.486110,0.207978,0.285904,0.052025,0.069170,0.487540,0.901691,0.640834,0.794566,0.137900,0.372668,0.383401,0.321272,0.363744,0.197447,0.957865,0.623470,0.000000,1.492101,1.000054,0.893190,0.406388,0.555643,0.631409,0.416173,0.578446,0.527939,0.582939,0.532597,0.674241,0.598216,0.324414,0.541971,0.835177,0.814658,0.595720,0.516494,0.608391,0.534347,0.764805,0.414416,0.825011,0.588689,0.667895,0.780823,0.560929,0.392113,0.510876,0.352314,0.495162,0.450720,0.884127,0.534053,0.668608,0.718039,0.194891,0.038516,0.158403,0.950106,1.010979,1.113397,1.220259,0.891569,0.786669,1.175787,0.722768,0.898384,1.190522,1.011663
0.393772,0.344182,0.264787,0.182794,0.262365,0.268336,0.318666,0.220508,0.078756,0.183081,0.134032,0.135376,0.256119,0.085351,0.498709,0.367786,0.873252,0.738230,0.316444,0.447047,-0.054547,0.332926,0.275976,0.334329,0.062969,0.063978,0.429940,0.797485,0.612868,0.682886,0.023423,0.269818,0.299758,0.252494,0.260867,0.190724,0.946911,0.812722,1.492101,0.000000,1.073901,1.043157,0.390447,0.577163,0.579583,0.412118,0.597672,0.570073,0.548636,0.524213,0.689520,0.586877,0.351735,0.503149,0.754554,0.816828,0.517718,0.435733,0.504805,0.476082,0.689382,0.358173,0.696385,0.483144,0.650665,0.785853,0.508866,0.359401,0.474718,0.272157,0.388144,0.299144,0.755418,0.452787,0.509690,0.504120,0.183101,0.032352,0.084409,0.891238,0.935472,1.051758,0.988463,0.767537,0.774512,1.245201,0.417162,0.644258,1.000016,0.928020
0.233782,0.155960,0.084277,-0.027629,0.153583,0.184593,0.192324,0.038602,0.018902,0.188405,0.058883,0.075680,0.202432,0.063989,0.365597,0.294086,0.704423,0.673976,0.184997,0.300169,-0.036220,0.178373,0.110452,0.225622,0.033522,0.042254,0.391078,0.493406,0.603272,0.585920,0.107217,0.311248,0.233075,0.145858,0.197256,0.033795,0.704897,0.434336,1.000054,1.073901,0.000000,0.969069,0.163940,0.285588,0.309247,0.194720,0.297027,0.278632,0.263632,0.284824,0.410298,0.393358,0.170248,0.312822,0.440118,0.456154,0.380116,0.268399,0.293769,0.253140,0.557433,0.270289,0.603956,0.386152,0.543409,0.595408,0.276098,0.130665,0.181683,0.069623,0.308086,0.248200,0.599144,0.338954,0.463294,0.377508,0.062701,-0.118972,0.051897,0.683471,0.683264,0.717505,0.734379,0.632095,0.486834,0.721961,0.368603,0.478340,0.674496,0.515294
0.137544,0.072426,0.120954,0.094437,0.061966,0.096134,0.167482,0.104471,-0.109829,0.041159,-0.056437,0.057002,0.027811,-0.012989,0.260592,0.225165,0.696457,0.551314,0.127469,0.254304,-0.090334,0.109730,0.122849,0.210880,-0.117393,-0.065826,0.173595,0.436142,0.464166,0.477018,-0.111423,0.117215,0.107760,0.095024,0.074479,0.022986,0.652170,0.593270,0.893190,1.043157,0.969069,0.000000,0.229178,0.371465,0.337668,0.228580,0.362377,0.349819,0.340316,0.284542,0.477638,0.394923,0.240540,0.371327,0.493942,0.488899,0.192499,0.143480,0.229228,0.189512,0.440166,0.300969,0.568714,0.404436,0.448448,0.579731,0.222105,0.146271,0.214564,0.000077,0.215055,0.088577,0.519556,0.291406,0.419605,0.353548,0.118443,-0.068221,0.065165,0.627097,0.844017,0.905437,0.751641,0.767888,0.520553,0.854723,0.272809,0.528013,0.576952,0.540177
0.959069,0.904157,1.002230,0.894353,0.444306,0.630578,0.849691,1.025457,0.258986,0.313004,0.704333,0.750255,0.651251,0.640474,0.966963,0.806908,0.713622,0.599570,1.025725,1.076107,0.367167,0.699134,0.811608,0.953161,0.195370,0.504433,0.535188,0.775964,0.595913,0.593713,0.635995,0.687225,0.997232,0.986980,0.883171,1.190318,0.323072,0.417699,0.406388,0.390447,0.163940,0.229178,0.000000,1.482501,1.222328,1.385424,1.496224,1.507329,1.368876,1.174853,1.150800,0.968747,1.068807,1.058416,1.216353,1.183477,0.703660,0.697678,0.919487,0.870134,0.859380,0.545619,0.787066,0.742734,0.674370,0.603672,1.136723,1.315609,0.947995,0.967793,0.461028,0.369807,0.801838,0.973469,0.773898,0.799779,0.824488,0.690284,0.631733,0.510966,0.789204,0.603036,0.754064,0.600589,0.954892,0.698353,0.538889,0.612771,0.771417,0.916629
0.856810,0.859260,0.775406,0.754427,0.309681,0.445978,0.683617,0.783267,0.141091,0.168566,0.498663,0.534818,0.503545,0.422262,0.759082,0.623702,0.858248,0.641608,0.749875,0.941585,0.203230,0.572183,0.638122,0.726681,0.114312,0.345175,0.477370,0.782605,0.652772,0.630916,0.404520,0.479942,0.783897,0.760719,0.743956,0.923409,0.479573,0.547804,0.555643,0.577163,0.285588,0.371465,1.482501,0.000000,1.397972,1.486385,1.442588,1.819831,1.354551,1.236578,1.204556,1.025642,0.936215,1.006739,1.209948,1.265599,0.745233,0.724203,0.898628,0.853825,0.908708,0.561922,0.828517,0.739562,0.650496,0.701119,1.093140,1.135073,0.898065,0.814369,0.427818,0.314380,0.789322,0.820107,0.738319,0.704755,0.691101,0.478865,0.538901,0.596095,0.928546,0.741258,0.830410,0.632392,0.982269,0.860141,0.466135,0.627419,0.795397,1.025222
0.828515,0.989674,0.747018,0.675395,0.297962,0.423374,0.626703,0.687892,0.087261,0.094761,0.486456,0.467906,0.491447,0.369504,0.794564,0.633654,0.883251,0.787377,0.808616,1.139824,0.284265,0.772075,0.565828,0.671344,0.124327,0.347795,0.541379,0.790916,0.715357,0.808132,0.525142,0.631593,0.985404,0.984706,0.947387,0.908554,0.451561,0.409998,0.631409,0.579583,0.309247,0.337668,1.222328,1.397972,0.000000,1.616674,1.058678,1.186811,1.188770,1.041796,1.027004,0.839580,0.756392,0.848482,1.024222,1.082466,0.944559,0.916772,0.968690,0.777739,1.041382,0.692855,0.984895,0.892562,0.804361,0.881152,1.258434,1.159338,0.979811,0.908896,0.546206,0.475214,0.835713,0.837625,0.802187,0.976167,0.640822,0.464786,0.570716,0.768899,1.010863,0.830104,0.942878,0.792421,1.036957,0.921772,0.680753,0.834956,0.857116,1.103171
0.986779,1.146124,0.926958,0.893379,0.336884,0.470438,0.763252,0.863614,0.150492,0.139192,0.567210,0.562521,0.516702,0.468223,0.747297,0.632192,0.802760,0.727502,0.880990,1.221961,0.348190,0.766284,0.659762,0.792316,0.136394,0.428114,0.576839,0.761031,0.707339,0.753554,0.636357,0.700027,1.051364,1.124193,1.018595,1.113064,0.318105,0.320369,0.416173,0.412118,0.194720,0.228580,1.385424,1.486385,1.616674,0.000000,1.146864,1.288542,1.122097,1.117212,0.970864,0.867524,0.891216,0.871807,0.968702,1.035298,0.949749,0.947114,1.043845,0.859747,1.019386,0.662927,0.923112,0.900955,0.711185,0.766676,1.347817,1.498538,1.050651,1.072559,0.528374,0.432903,0.724541,0.883784,0.682547,0.786778,0.754702,0.596133,0.684487,0.608187,0.874198,0.697185,0.761401,0.683141,0.937968,0.769412,0.553225,0.682542,0.693204,0.974287
1.046470,0.880698,0.997769,0.859351,0.443072,0.640473,0.868635,0.943762,0.289806,0.372568,0.648056,0.725124,0.616668,0.650631,0.900088,0.782525,0.838146,0.649768,0.887037,0.952653,0.318497,0.661081,0.789566,0.852878,0.192574,0.456818,0.593536,0.838651,0.683097,0.651523,0.523442,0.597941,0.842379,0.828169,0.771880,0.941140,0.533984,0.609034,0.578446,0.597672,0.297027,0.362377,1.496224,1.442588,1.058678,1.146864,0.000000,1.939801,1.555636,1.293171,1.415948,1.130299,1.107442,1.121373,1.459374,1.481684,0.756154,0.738748,1.079727,1.033145,0.944670,0.593434,0.876492,0.825376,0.646327,0.694177,1.183488,1.194014,1.034895,0.882811,0.494122,0.370664,0.882631,0.954580,0.766595,0.678077,0.786471,0.590149,0.546173,0.573865,0.920018,0.787924,0.831061,0.648187,1.102828,0.921583,0.502462,0.628908,0.897517,1.094952
0.989920,0.877517,0.918894,0.837237,0.416559,0.574759,0.824717,0.925216,0.269787,0.317173,0.603193,0.672510,0.614403,0.608859,0.847591,0.736780,0.837113,0.628247,0.830187,0.940948,0.234137,0.594381,0.754809,0.799022,0.196268,0.446155,0.514273,0.784454,0.660718,0.627472,0.455224,0.528608,0.806983,0.787196,0.744175,0.989527,0.503867,0.607670,0.527939,0.570073,0.278632,0.349819,1.507329,1.819831,1.186811,1.288542,1.939801,0.000000,1.488124,1.288888,1.274272,1.079367,1.083588,1.057114,1.371457,1.474250,0.740284,0.715303,0.971512,0.937596,0.945183,0.561410,0.843454,0.783246,0.629667,0.673043,1.121890,1.141045,0.958514,0.837446,0.427199,0.320038,0.786794,0.838757,0.767602,0.685177,0.791103,0.565661,0.544818,0.562322,0.878617,0.718805,0.776774,0.598254,0.992554,0.850980,0.441478,0.592509,0.802752,1.034957
0.972541,0.849090,0.896722,0.829285,0.416424,0.634983,0.803210,0.950643,0.253699,0.355416,0.564062,0.770483,0.652279,0.653553,0.984533,0.869305,0.766497,0.694420,0.874481,0.927171,0.365991,0.677102,0.718987,0.841815,0.225355,0.484188,0.484634,0.814442,0.588474,0.619670,0.514945,0.580587,0.872366,0.832432,0.826317,0.957820,0.550625,0.556980,0.582939,0.548636,0.263632,0.340316,1.368876,1.354551,1.188770,1.122097,1.555636,1.488124,0.000000,1.625488,1.832415,1.379594,1.040851,1.305322,1.494138,1.512901,0.764396,0.732200,1.151018,1.115420,1.021652,0.660767,0.900196,0.812629,0.682720,0.703741,1.193857,1.222996,0.971191,0.860161,0.531351,0.397159,1.005402,1.011442,0.865550,0.824732,0.869253,0.612249,0.528194,0.545067,0.915422,0.752542,0.870763,0.626889,1.085643,0.949983,0.640451,0.752271,0.934708,1.139471
