0.000000,1.268953,0.522963,0.569978,0.053440,0.011075,0.652278,0.552698,0.235430,-0.063306,0.759865,0.611573,0.743599,0.175166,0.823646,0.343516,0.887533,0.808736,0.722162,1.210549,0.220415,0.532301,0.192158,0.253413,0.041424,0.330015,0.024102,0.342660,0.533308,0.301481,0.371549,0.440206,0.969187,0.836038,0.588076,0.420663,0.171563,0.163675,-0.094195,0.053059,0.151287,-0.002327,0.540824,0.354027,0.656316,0.638326,0.587112,0.601013,0.604159,0.511987,0.588890,0.452507,0.424305,0.361887,0.488936,0.603798,1.075438,0.961085,0.772324,0.647234,0.832750,0.606004,0.554023,0.835359,0.308311,0.451894,0.710243,0.596267,0.941501,0.927431,0.616894,0.503529,0.518420,0.600971,0.144295,0.367497,0.379725,0.344891,0.244469,0.327498,0.766728,0.563673,0.408938,0.277224,0.595001,0.707733,0.189932,0.274882,0.804553,0.723440
1.268953,0.000000,0.332722,0.411093,-0.007436,-0.004113,0.426651,0.395996,0.275301,-0.079287,0.391125,0.685305,0.477023,0.313001,0.585612,0.378204,0.970394,0.889140,0.346287,1.275185,0.209268,0.449154,-0.015204,0.081407,0.020485,0.298857,0.092386,0.354423,0.418321,0.272995,0.165847,0.247810,0.878317,0.811658,0.471073,0.373935,0.249202,0.308454,-0.132818,0.117990,0.168850,-0.112739,0.773893,0.494949,0.744558,0.808271,0.840673,0.802572,0.796395,0.696472,0.765457,0.658557,0.593213,0.501994,0.720313,0.913574,1.146310,1.474570,1.056592,0.781276,0.793999,0.559467,0.586722,1.070949,0.093009,0.302323,0.819091,0.697474,1.293659,1.148161,0.487731,0.339823,0.357799,0.560731,0.014705,0.203752,0.246950,0.200703,0.288679,0.479056,0.848716,0.562051,0.294479,0.109174,0.337558,0.662827,0.048860,0.089842,0.811936,0.716599
0.522963,0.332722,0.000000,1.126492,0.691207,0.679736,1.321621,1.065873,0.621555,0.503810,0.217006,0.068446,0.419129,-0.074425,0.590566,0.272758,0.466573,0.222355,0.611232,0.508649,-0.029972,0.268756,1.027358,0.898279,0.600045,0.722583,0.437750,0.402089,0.318600,0.043916,0.336883,0.341003,0.522380,0.551057,0.753592,0.694091,0.260396,-0.089803,0.057462,0.150351,0.192949,0.243202,0.294004,0.327965,0.440764,0.394585,0.349297,0.395349,0.426203,0.305479,0.568809,0.359982,0.391509,0.310062,0.378273,0.324028,0.272286,0.214393,0.512146,0.550931,0.651178,0.671256,0.444988,0.478824,0.537623,0.758377,0.748868,0.639956,0.295846,0.389134,0.397586,0.432825,0.508505,0.490296,0.401265,0.497152,0.684709,0.749655,0.164834,0.223835,0.501570,0.458550,0.408441,0.375983,0.702154,0.553735,0.299919,0.362961,0.572323,0.646823
0.569978,0.411093,1.126492,0.000000,0.541986,0.613540,1.116388,1.678183,0.458833,0.349873,0.403736,0.186329,0.407278,-0.126562,0.765521,0.293194,0.475529,0.248827,0.737611,0.662270,-0.030110,0.339315,0.758089,1.032374,0.487613,0.691114,0.305125,0.328163,0.253796,-0.012104,0.266348,0.399475,0.593932,0.656791,0.888510,0.786195,0.093914,-0.159424,0.093596,0.168827,0.026844,0.174515,0.443275,0.473957,0.609160,0.574168,0.518540,0.547931,0.636647,0.501839,0.657720,0.458210,0.484699,0.457708,0.538720,0.535897,0.342912,0.290524,0.699446,0.942501,0.760318,1.031055,0.424296,0.590744,0.728183,1.339836,0.961373,0.956798,0.365834,0.616527,0.458079,0.615969,0.432593,0.454343,0.200959,0.362021,0.632609,0.729305,0.065962,0.183043,0.533978,0.488660,0.376003,0.386788,0.908316,0.741682,0.292412,0.366545,0.628584,0.930528
0.053440,-0.007436,0.691207,0.541986,0.000000,1.055426,0.536493,0.629077,0.679364,0.984444,-0.003396,-0.112329,0.132320,-0.171131,0.232757,0.058086,0.120190,-0.110522,0.282938,0.162270,-0.200245,-0.136513,0.731102,0.443996,1.072363,0.814235,0.316221,0.125960,0.077349,-0.078328,-0.019533,-0.057787,0.200985,0.260680,0.236084,0.243100,-0.027745,-0.264420,-0.146095,-0.159687,0.052811,0.039536,0.185921,0.223283,0.078975,0.122265,0.213463,0.239777,0.316037,0.245925,0.375179,0.331519,0.388019,0.418705,0.274489,0.192338,-0.079749,-0.104695,0.220895,0.332334,0.311747,0.379256,0.129116,0.237265,0.403798,0.464915,0.245052,0.149192,-0.130390,0.027219,0.053415,0.095577,0.186831,0.126958,0.260157,0.276997,0.447819,0.479607,-0.052389,0.110017,0.156249,0.194079,0.119693,0.152512,0.315741,0.182202,0.072985,0.152883,0.138605,0.293351
0.011075,-0.004113,0.679736,0.613540,1.055426,0.000000,0.497775,0.721164,0.579958,1.040387,-0.080712,-0.098886,0.045069,-0.191193,0.273552,0.179472,0.192205,-0.059798,0.184452,0.118635,-0.113855,-0.055061,0.726838,0.481323,0.912476,0.841991,0.596162,0.326109,0.073236,-0.050297,0.017861,0.041226,0.227182,0.283361,0.312367,0.367955,0.088708,-0.161846,0.061731,0.051063,0.052464,0.192551,0.214486,0.263038,0.163568,0.208622,0.295888,0.283550,0.313834,0.267387,0.393362,0.309479,0.415443,0.353432,0.390822,0.266073,-0.004077,-0.011488,0.263053,0.414791,0.389535,0.422645,0.256298,0.289964,0.379987,0.511359,0.344800,0.300681,-0.066979,0.134177,0.088040,0.101204,0.179790,0.228182,0.236688,0.287613,0.486459,0.479397,0.060541,0.129962,0.302522,0.297990,0.285114,0.324865,0.431855,0.295093,0.242525,0.399491,0.226378,0.403308
0.652278,0.426651,1.321621,1.116388,0.536493,0.497775,0.000000,1.228470,0.668138,0.356013,0.317921,0.332481,0.591395,0.154236,0.525631,0.425869,0.394824,0.241451,0.731587,0.607978,0.074428,0.312513,0.688090,0.897250,0.443646,0.601510,0.260367,0.326929,0.429677,0.146265,0.377107,0.467628,0.515535,0.530772,0.694361,0.534608,0.209115,-0.070202,0.101979,0.099906,0.102132,0.163493,0.297905,0.334315,0.449369,0.377763,0.380200,0.410571,0.393253,0.332399,0.447033,0.279571,0.345805,0.308407,0.426005,0.354315,0.269395,0.250028,0.542178,0.667241,0.593797,0.726861,0.363133,0.471012,0.707599,0.922412,0.674299,0.608496,0.298370,0.448635,0.498891,0.502060,0.402215,0.421106,0.278366,0.349851,0.549020,0.515132,0.190180,0.227826,0.409134,0.353397,0.393762,0.205422,0.695750,0.469853,0.357484,0.239298,0.672552,0.492378
0.552698,0.395996,1.065873,1.678183,0.629077,0.721164,1.228470,0.000000,0.615730,0.481406,0.333075,0.282228,0.422147,-0.001387,0.643466,0.357081,0.407710,0.188849,0.751375,0.619018,-0.015404,0.338708,0.705704,0.894572,0.535716,0.662877,0.329089,0.370456,0.241833,0.006477,0.334992,0.514851,0.593020,0.727072,0.901719,0.795012,0.124939,-0.177945,0.125640,0.181688,0.015018,0.142184,0.436456,0.462856,0.620977,0.526033,0.556032,0.541017,0.542949,0.440094,0.573345,0.354735,0.483943,0.453476,0.570791,0.535527,0.257576,0.248083,0.619237,0.845654,0.734603,1.033231,0.360997,0.544661,0.856393,1.469646,0.856467,0.870875,0.268475,0.521162,0.471980,0.531837,0.398466,0.490381,0.230122,0.396850,0.649395,0.641666,0.094402,0.206563,0.487094,0.404612,0.371703,0.269415,0.843321,0.623235,0.385770,0.332571,0.700102,0.754011
0.235430,0.275301,0.621555,0.458833,0.679364,0.579958,0.668138,0.615730,0.000000,0.802798,-0.089387,0.423524,0.436520,0.469547,0.243099,0.580536,0.055602,-0.090193,0.205589,0.225280,-0.025874,0.032112,0.391324,0.377408,0.556787,0.543608,0.256837,0.181139,-0.018405,-0.168343,0.180762,0.202583,0.264980,0.335032,0.372292,0.391555,-0.038632,-0.155318,-0.085235,-0.010829,0.056534,-0.155225,0.342752,0.291022,0.170165,0.190719,0.456505,0.394589,0.337285,0.248174,0.395924,0.231966,0.500871,0.434971,0.435568,0.393801,-0.041967,0.080964,0.358500,0.383534,0.327285,0.310035,0.057863,0.286112,0.330600,0.411408,0.355289,0.316765,0.043891,0.173884,0.194191,0.102366,-0.005342,0.139428,0.019435,0.154486,0.518265,0.435552,-0.027938,-0.002166,0.098086,-0.087753,0.000999,-0.341054,0.148890,0.005793,0.166935,-0.103774,0.343243,0.159130
-0.063306,-0.079287,0.503810,0.349873,0.984444,1.040387,0.356013,0.481406,0.802798,0.000000,-0.178190,0.047720,0.187962,0.090047,0.113972,0.337923,-0.021757,-0.274107,0.115418,-0.021250,-0.161840,-0.107122,0.572584,0.317593,0.691164,0.530712,0.343105,0.229804,-0.019692,-0.107649,-0.070272,-0.044503,0.060932,0.119493,0.250976,0.320760,0.027204,-0.273949,-0.074705,-0.108689,0.061762,0.006163,0.101943,0.151446,-0.050627,0.002470,0.171243,0.205992,0.145469,0.134100,0.236659,0.166714,0.318962,0.301046,0.231817,0.143885,-0.226367,-0.214256,0.049804,0.173861,0.180225,0.228163,0.060223,0.101100,0.329528,0.340151,0.111131,0.105760,-0.280856,-0.120710,-0.013312,-0.041809,0.025970,0.095078,0.227457,0.327249,0.519229,0.423079,-0.031159,0.004407,0.023108,-0.025498,0.160153,-0.038080,0.190008,-0.048797,0.194735,0.154745,0.118294,0.114588
0.759865,0.391125,0.217006,0.403736,-0.003396,-0.080712,0.317921,0.333075,-0.089387,-0.178190,0.000000,0.384511,0.661924,-0.109015,0.876002,0.161947,0.522610,0.575375,0.533639,0.555203,0.201572,0.369501,0.238187,0.289800,0.068814,0.244862,-0.009867,0.028593,0.340323,0.193055,0.259425,0.297345,0.536601,0.469620,0.419435,0.290182,-0.082406,-0.099276,-0.017904,-0.060531,-0.174368,-0.027529,0.281311,0.246565,0.274955,0.310737,0.297972,0.345009,0.282844,0.242053,0.285681,0.229286,0.165798,0.266632,0.147127,0.229341,0.571838,0.373766,0.262422,0.237302,0.417376,0.341357,0.336191,0.447729,0.346714,0.405798,0.256145,0.254867,0.325946,0.355224,0.283869,0.416302,0.468337,0.391738,0.185417,0.170870,0.246357,0.239834,0.023316,0.222150,0.348257,0.381774,0.291514,0.338566,0.528032,0.463421,0.124790,0.247491,0.276854,0.459276
0.611573,0.685305,0.068446,0.186329,-0.112329,-0.098886,0.332481,0.282228,0.423524,0.047720,0.384511,0.000000,0.881094,1.078389,0.351947,0.995315,0.303890,0.356877,0.154460,0.404186,0.348366,0.414296,-0.096684,0.089664,-0.116168,0.068204,-0.089436,0.112394,0.328114,0.251548,0.257182,0.364215,0.382043,0.353208,0.242430,0.264569,0.077018,0.114244,0.030069,0.032624,0.020289,-0.111339,0.434382,0.324656,0.274076,0.323735,0.517861,0.481106,0.371437,0.367724,0.319949,0.244283,0.316047,0.356804,0.418382,0.519803,0.350709,0.476532,0.324151,0.333651,0.279633,0.137128,0.258049,0.389788,0.182391,0.225062,0.256533,0.297888,0.290542,0.332600,0.374643,0.194323,0.016029,0.243627,-0.130728,0.053351,0.233010,0.064278,0.188284,0.179700,0.219776,-0.005042,0.158971,-0.340151,0.149785,0.098783,0.233722,-0.057558,0.370053,0.141954
0.743599,0.477023,0.419129,0.407278,0.132320,0.045069,0.591395,0.422147,0.436520,0.187962,0.661924,0.881094,0.000000,0.572375,0.600426,0.857049,0.347722,0.320457,0.351633,0.417475,0.089145,0.280871,0.239660,0.444958,0.130139,0.296715,-0.067904,0.119940,0.379318,0.194950,0.259166,0.312611,0.428713,0.364508,0.339966,0.278274,0.001743,-0.069304,-0.168871,-0.145750,0.188446,-0.116475,0.252851,0.245049,0.116048,0.205111,0.289081,0.317229,0.268906,0.251905,0.266982,0.273825,0.180419,0.251620,0.169629,0.252257,0.333598,0.271445,0.224477,0.228222,0.297354,0.246778,0.321137,0.344934,0.266768,0.352439,0.212796,0.209137,0.211892,0.222105,0.456431,0.346553,0.332799,0.241613,0.231445,0.186735,0.377077,0.337733,0.110909,0.020071,0.247174,0.083937,0.382487,-0.040135,0.364913,0.161056,0.236285,0.122196,0.341923,0.233642
0.175166,0.313001,-0.074425,-0.126562,-0.171131,-0.191193,0.154236,-0.001387,0.469547,0.090047,-0.109015,1.078389,0.572375,0.000000,-0.129137,0.973391,-0.106828,-0.032190,-0.123258,0.022293,0.118798,0.087352,-0.265481,-0.026415,-0.222037,-0.151380,-0.202584,-0.037160,0.059074,0.037722,0.114585,0.198622,-0.011135,-0.032247,-0.058173,-0.000845,0.046818,0.092122,0.007809,-0.006623,0.141053,-0.189399,0.103135,0.066246,-0.039550,-0.025433,0.145175,0.128887,-0.004196,0.043901,-0.035205,-0.035015,0.018088,0.039621,0.085868,0.168512,-0.049927,0.153009,-0.002197,-0.016845,-0.100823,-0.205230,-0.006405,-0.025402,-0.028641,-0.089624,-0.040623,0.001432,0.039655,0.017295,0.165789,-0.102643,-0.314707,-0.113219,-0.240146,-0.132314,0.050498,-0.120297,0.129516,-0.098012,-0.151589,-0.415489,-0.100343,-0.771940,-0.239465,-0.344981,0.100204,-0.278999,0.068499,-0.309502
0.823646,0.585612,0.590566,0.765521,0.232757,0.273552,0.525631,0.643466,0.243099,0.113972,0.876002,0.351947,0.600426,-0.129137,0.000000,0.366324,0.862793,0.717288,0.467850,0.638378,0.231024,0.636982,0.380709,0.394735,0.249397,0.555373,0.307243,0.412098,0.414941,0.255936,0.269808,0.341091,0.727276,0.699642,0.651663,0.587169,0.047531,0.003781,0.053652,0.151830,-0.028622,0.125157,0.609373,0.482862,0.591514,0.625908,0.631965,0.645417,0.733055,0.524486,0.773833,0.543917,0.518543,0.496059,0.548819,0.608313,0.732175,0.538137,0.662965,0.600550,0.808056,0.583449,0.611180,0.772433,0.369644,0.610589,0.647664,0.610804,0.519652,0.600001,0.526587,0.610748,0.597811,0.689148,0.160930,0.332673,0.394636,0.464610,0.220524,0.369516,0.781665,0.698243,0.440977,0.476260,0.726399,0.822846,0.241165,0.373532,0.555902,0.844407
0.343516,0.378204,0.272758,0.293194,0.058086,0.179472,0.425869,0.357081,0.580536,0.337923,0.161947,0.995315,0.857049,0.973391,0.366324,0.000000,0.217946,0.217451,0.054774,0.170217,0.233912,0.397954,0.059266,0.280104,-0.001397,0.181018,0.065845,0.191113,0.319957,0.201170,0.134341,0.292180,0.190521,0.162268,0.253039,0.315911,0.061126,-0.025325,0.182818,0.122909,0.017884,0.020815,0.350790,0.342736,0.159235,0.221028,0.399457,0.434593,0.294113,0.317923,0.310054,0.250364,0.269943,0.275148,0.358928,0.404297,0.173360,0.237722,0.215700,0.239476,0.214558,0.096806,0.357885,0.251763,0.193353,0.238797,0.209066,0.234111,0.125407,0.180438,0.398017,0.221978,-0.015995,0.251362,-0.069322,0.080440,0.266442,0.178354,0.273477,0.094585,0.186885,-0.001944,0.180862,-0.238562,0.177772,0.036968,0.287030,0.102320,0.333843,0.074258
0.887533,0.970394,0.466573,0.475529,0.120190,0.192205,0.394824,0.407710,0.055602,-0.021757,0.522610,0.303890,0.347722,-0.106828,0.862793,0.217946,0.000000,1.370847,0.305151,0.918523,0.302415,0.701290,0.219541,0.156382,0.168771,0.477519,0.364381,0.451064,0.781460,0.616250,0.217549,0.215115,0.868453,0.879440,0.535575,0.422653,0.368155,0.326482,0.045150,0.207865,0.145021,0.239634,0.692087,0.508930,0.716986,0.781217,0.646183,0.743849,0.742587,0.613864,0.835879,0.688213,0.515878,0.412368,0.597010,0.652827,1.373888,1.054464,0.901073,0.621209,0.970027,0.587228,1.052593,1.210591,0.142750,0.353443,0.778824,0.630658,1.008916,0.812590,0.475503,0.411919,0.801885,1.019031,0.294641,0.374064,0.270860,0.322983,0.633770,0.830035,1.798235,1.239382,0.602861,0.655661,0.588673,1.012425,0.040536,0.391308,0.721541,0.889605
0.808736,0.889140,0.222355,0.248827,-0.110522,-0.059798,0.241451,0.188849,-0.090193,-0.274107,0.575375,0.356877,0.320457,-0.032190,0.717288,0.217451,1.370847,0.000000,0.267910,0.839891,0.369219,0.750750,0.041234,0.032009,-0.037073,0.255134,0.159324,0.254741,0.743605,0.705080,0.233033,0.198070,0.693234,0.662765,0.354823,0.244889,0.243363,0.349723,0.092199,0.193724,0.018331,0.196741,0.579408,0.410940,0.635485,0.610678,0.473251,0.549555,0.520244,0.453307,0.570358,0.457804,0.344593,0.265636,0.421945,0.461058,1.372214,1.078291,0.689400,0.437670,0.675563,0.394691,0.833265,0.851990,0.083068,0.203057,0.546836,0.422449,0.985428,0.730555,0.439530,0.394148,0.604605,0.885269,0.169622,0.227458,0.060856,0.074283,0.603549,0.762651,1.083698,1.046307,0.438917,0.579854,0.442006,0.856855,0.054532,0.333945,0.653213,0.588418
0.722162,0.346287,0.611232,0.737611,0.282938,0.184452,0.731587,0.751375,0.205589,0.115418,0.533639,0.154460,0.351633,-0.123258,0.467850,0.054774,0.305151,0.267910,0.000000,0.668140,-0.019407,0.282306,0.599023,0.474491,0.127380,0.187528,0.010021,0.157415,0.307623,0.147429,0.272750,0.317414,0.463716,0.444332,0.565529,0.340586,-0.084369,-0.191048,-0.005258,0.016406,0.075023,0.125813,0.068287,0.083071,0.367338,0.221645,0.098684,0.176631,0.179490,0.153461,0.194254,0.049147,0.114171,0.137543,0.111355,0.142645,0.323548,0.231387,0.344709,0.422801,0.569658,0.664200,0.281823,0.358731,1.026697,0.755506,0.482635,0.382533,0.295748,0.443416,0.279165,0.365492,0.302620,0.346459,0.167880,0.469626,0.400233,0.342108,0.097749,0.095272,0.301941,0.354067,0.205556,0.288240,0.856480,0.477848,0.240426,0.211334,0.529443,0.512142
1.210549,1.275185,0.508649,0.662270,0.162270,0.118635,0.607978,0.619018,0.225280,-0.021250,0.555203,0.404186,0.417475,0.022293,0.638378,0.170217,0.918523,0.839891,0.668140,0.000000,0.011226,0.397118,0.236335,0.308831,0.171562,0.347394,0.038618,0.266591,0.362609,0.211044,0.151107,0.239977,0.976668,0.981392,0.686242,0.492112,0.091662,0.098248,-0.203371,0.011984,0.151242,-0.138567,0.649018,0.476462,0.759348,0.750311,0.686848,0.701658,0.688673,0.568077,0.657306,0.524837,0.535403,0.489843,0.572947,0.716475,1.006053,0.981820,0.995749,0.788620,0.858289,0.816780,0.508638,1.000145,0.324034,0.544977,0.902463,0.784097,1.065781,1.081799,0.453500,0.543696,0.496966,0.552330,0.135195,0.378757,0.390209,0.363123,0.153847,0.406696,0.793897,0.645526,0.348737,0.329027,0.515287,0.774215,0.044405,0.207555,0.809849,0.863779
0.220415,0.209268,-0.029972,-0.030110,-0.200245,-0.113855,0.074428,-0.015404,-0.025874,-0.161840,0.201572,0.348366,0.089145,0.118798,0.231024,0.233912,0.302415,0.369219,-0.019407,0.011226,0.000000,0.616180,-0.096434,-0.197101,-0.210886,0.124629,0.272225,0.154411,0.657736,0.507337,0.481174,0.425350,0.304072,0.227889,0.139432,0.140760,0.340601,0.333800,0.494172,0.224950,-0.346666,0.511797,0.105453,0.025889,0.245518,0.177918,0.152080,0.153091,0.119533,0.115216,0.115769,0.027296,0.077093,0.035626,0.272570,0.134901,0.344309,0.318676,0.205599,0.196717,0.351961,0.137443,0.407668,0.296376,0.056107,0.035725,0.167513,0.139368,0.213717,0.181979,0.200463,0.080018,0.229401,0.435623,0.010024,-0.002534,-0.066565,-0.164373,0.333059,0.513708,0.223114,0.223982,0.237420,0.059177,0.148543,0.192319,0.258355,0.200644,0.286702,0.085288
0.532301,0.449154,0.268756,0.339315,-0.136513,-0.055061,0.312513,0.338708,0.032112,-0.107122,0.369501,0.414296,0.280871,0.087352,0.636982,0.397954,0.701290,0.750750,0.282306,0.397118,0.616180,0.000000,0.057196,0.138256,-0.186154,0.140166,0.149050,0.366415,0.724719,0.624618,0.522506,0.559051,0.534112,0.534804,0.498659,0.348708,0.202391,0.129753,0.504472,0.362789,-0.092666,0.486665,0.399480,0.310434,0.676216,0.482266,0.367657,0.416763,0.415858,0.291497,0.422689,0.197786,0.285234,0.164660,0.395254,0.360055,0.654737,0.506447,0.446763,0.420344,0.563183,0.373153,0.644702,0.468303,0.284534,0.402143,0.527293,0.499874,0.425736,0.435185,0.468855,0.515006,0.392678,0.734912,0.018262,0.338374,0.154868,0.153632,0.661717,0.504939,0.701410,0.629121,0.410882,0.346253,0.474865,0.645750,0.282316,0.377987,0.575394,0.437062
0.192158,-0.015204,1.027358,0.758089,0.731102,0.726838,0.688090,0.705704,0.391324,0.572584,0.238187,-0.096684,0.239660,-0.265481,0.380709,0.059266,0.219541,0.041234,0.599023,0.236335,-0.096434,0.057196,0.000000,0.828951,0.666667,0.516187,0.474648,0.205521,0.254498,0.070764,0.195693,0.085071,0.239244,0.256655,0.469428,0.477208,0.066730,-0.298313,-0.027992,-0.054595,0.174346,0.225682,0.008835,0.104760,0.082863,0.102626,0.074861,0.135034,0.142583,0.074800,0.251022,0.116195,0.206530,0.208013,0.112402,0.033446,0.033144,-0.085064,0.180753,0.280801,0.381333,0.415378,0.282630,0.191807,0.634441,0.584128,0.358330,0.291918,-0.029372,0.114642,0.083752,0.188490,0.366711,0.268821,0.372572,0.451938,0.599073,0.633569,0.068631,0.131740,0.214083,0.293416,0.373045,0.400564,0.657510,0.282835,0.253934,0.319781,0.250725,0.470082
0.253413,0.081407,0.898279,1.032374,0.443996,0.481323,0.897250,0.894572,0.377408,0.317593,0.289800,0.089664,0.444958,-0.026415,0.394735,0.280104,0.156382,0.032009,0.474491,0.308831,-0.197101,0.138256,0.828951,0.000000,0.484629,0.516078,0.276250,0.166830,0.151709,-0.102996,0.248350,0.307514,0.298628,0.291056,0.620618,0.534704,-0.003157,-0.302021,0.042376,-0.014373,0.109317,0.072576,0.155393,0.281473,0.259106,0.290990,0.184226,0.232973,0.249598,0.241787,0.282942,0.184613,0.172344,0.213404,0.159068,0.157302,0.086289,0.005926,0.221360,0.414506,0.234083,0.547610,0.136278,0.178230,0.534263,0.864076,0.484322,0.506713,0.079901,0.267852,0.283479,0.430420,0.268769,0.115110,0.184600,0.159771,0.518370,0.618000,-0.019561,-0.069318,0.199146,0.202186,0.290607,0.257132,0.647097,0.363406,0.259453,0.229401,0.267304,0.467902
0.041424,0.020485,0.600045,0.487613,1.072363,0.912476,0.443646,0.535716,0.556787,0.691164,0.068814,-0.116168,0.130139,-0.222037,0.249397,-0.001397,0.168771,-0.037073,0.127380,0.171562,-0.210886,-0.186154,0.666667,0.484629,0.000000,1.041496,0.451102,0.036879,-0.032707,-0.127950,0.158056,0.073276,0.321032,0.368326,0.287730,0.264739,-0.030851,-0.223455,-0.226559,-0.176441,-0.025941,-0.167714,0.264606,0.250117,0.085604,0.110980,0.309824,0.241327,0.262182,0.167727,0.403859,0.296371,0.405102,0.454571,0.266990,0.219907,0.000994,-0.021971,0.235469,0.263702,0.257973,0.276155,0.036265,0.227622,0.269089,0.403116,0.235517,0.147760,-0.036598,0.072253,0.076952,0.152657,0.200608,0.138396,0.163603,0.156324,0.367663,0.512953,-0.134880,0.139824,0.207866,0.209739,0.089302,0.183188,0.293454,0.220649,-0.039441,0.074099,0.181810,0.287798
0.330015,0.298857,0.722583,0.691114,0.814235,0.841991,0.601510,0.662877,0.543608,0.530712,0.244862,0.068204,0.296715,-0.151380,0.555373,0.181018,0.477519,0.255134,0.187528,0.347394,0.124629,0.140166,0.516187,0.516078,1.041496,0.000000,0.455401,0.123680,0.261473,0.055201,0.374202,0.274116,0.647244,0.622688,0.425597,0.334756,0.058720,-0.069170,-0.098530,-0.130755,-0.124532,0.085323,0.479815,0.439046,0.336981,0.417732,0.493528,0.485641,0.540388,0.434394,0.640944,0.538570,0.569896,0.549638,0.501940,0.424507,0.334250,0.281758,0.561358,0.565318,0.619611,0.481867,0.379634,0.586781,0.232834,0.516148,0.545215,0.401505,0.247935,0.375463,0.371042,0.352937,0.461329,0.390619,0.186962,0.120694,0.440822,0.534697,0.038671,0.262043,0.500703,0.443645,0.203156,0.310531,0.407951,0.475626,0.063772,0.262950,0.373243,0.521795
0.024102,0.092386,0.437750,0.305125,0.316221,0.596162,0.260367,0.329089,0.256837,0.343105,-0.009867,-0.089436,-0.067904,-0.202584,0.307243,0.065845,0.364381,0.159324,0.010021,0.038618,0.272225,0.149050,0.474648,0.276250,0.451102,0.455401,0.000000,0.629115,0.237016,0.131589,0.172472,0.138536,0.217293,0.233614,0.289840,0.394859,0.316103,0.158607,0.231325,0.300879,-0.046047,0.301881,0.082299,0.031290,0.182248,0.155603,0.204804,0.167147,0.173450,0.094872,0.319571,0.142379,0.219292,0.093605,0.283345,0.161319,0.176372,0.174516,0.271846,0.246813,0.418341,0.331396,0.407140,0.348012,0.172151,0.256877,0.355753,0.319528,0.190215,0.189353,0.127417,0.023529,0.312273,0.423764,0.255627,0.161805,0.161852,0.205553,0.307458,0.482458,0.437345,0.399258,0.308031,0.269809,0.326109,0.324155,0.143002,0.160149,0.299005,0.386092
0.342660,0.354423,0.402089,0.328163,0.125960,0.326109,0.326929,0.370456,0.181139,0.229804,0.028593,0.112394,0.119940,-0.037160,0.412098,0.191113,0.451064,0.254741,0.157415,0.266591,0.154411,0.366415,0.205521,0.166830,0.036879,0.123680,0.629115,0.000000,0.275888,0.225402,0.062042,0.211844,0.310989,0.293123,0.318004,0.406456,0.440945,0.186785,0.180936,0.440220,0.352791,0.236455,0.119065,0.010271,0.413891,0.340913,0.239072,0.200733,0.308146,0.219293,0.314347,0.198791,0.138107,-0.006223,0.329020,0.316503,0.390928,0.393921,0.395501,0.414777,0.478759,0.452480,0.362509,0.361940,0.141154,0.278816,0.481882,0.532083,0.404228,0.420869,0.173485,0.100909,0.283013,0.418711,0.293323,0.394163,0.139724,0.114019,0.337291,0.302816,0.579098,0.453496,0.706877,0.355358,0.379469,0.442784,0.536849,0.463237,0.500713,0.515761
0.533308,0.418321,0.318600,0.253796,0.077349,0.073236,0.429677,0.241833,-0.018405,-0.019692,0.340323,0.328114,0.379318,0.059074,0.414941,0.319957,0.781460,0.743605,0.307623,0.362609,0.657736,0.724719,0.254498,0.151709,-0.032707,0.261473,0.237016,0.275888,0.000000,1.325900,0.297948,0.204614,0.371334,0.305848,0.195569,0.063537,0.309370,0.233735,0.198889,0.004836,0.082106,0.502650,0.162598,0.159739,0.231106,0.288466,0.136057,0.285300,0.272430,0.307566,0.269496,0.293359,0.136675,0.114857,0.241924,0.158494,0.608301,0.421112,0.369146,0.353775,0.559524,0.337330,0.955495,0.524875,0.282823,0.239575,0.285540,0.151313,0.366803,0.335730,0.428408,0.263082,0.570668,0.648402,0.233519,0.227817,0.089993,0.088459,0.865907,0.703720,0.679207,0.716519,0.577265,0.438995,0.476196,0.454052,0.160015,0.316077,0.461249,0.337857
0.301481,0.272995,0.043916,-0.012104,-0.078328,-0.050297,0.146265,0.006477,-0.168343,-0.107649,0.193055,0.251548,0.194950,0.037722,0.255936,0.201170,0.616250,0.705080,0.147429,0.211044,0.507337,0.624618,0.070764,-0.102996,-0.127950,0.055201,0.131589,0.225402,1.325900,0.000000,0.141869,0.022228,0.177516,0.134727,-0.015732,-0.134952,0.170207,0.241505,0.118586,-0.036734,0.115133,0.343236,0.095490,0.111543,0.103010,0.164756,0.030900,0.169674,0.146503,0.189650,0.138249,0.192526,0.029028,0.022721,0.091143,0.032838,0.451519,0.305316,0.249780,0.168732,0.366358,0.115915,0.688226,0.323597,0.179997,0.039844,0.092169,-0.036038,0.248521,0.156063,0.258207,0.102010,0.379033,0.530818,0.133432,0.147916,-0.101267,-0.111296,0.977363,0.742326,0.544995,0.630427,0.484107,0.385035,0.265380,0.287417,0.057616,0.189535,0.322478,0.140336
0.371549,0.165847,0.336883,0.266348,-0.019533,0.017861,0.377107,0.334992,0.180762,-0.070272,0.259425,0.257182,0.259166,0.114585,0.269808,0.134341,0.217549,0.233033,0.272750,0.151107,0.481174,0.522506,0.195693,0.248350,0.158056,0.374202,0.172472,0.062042,0.297948,0.141869,0.000000,1.358354,0.604408,0.581985,0.367925,0.286239,0.130789,0.058541,0.265173,0.148042,-0.167835,0.318603,0.093711,0.007409,0.406358,0.161427,0.071690,0.014813,0.018715,-0.077066,0.050747,-0.163283,-0.038528,-0.117034,0.020305,0.015335,0.281853,0.250416,0.178973,0.161702,0.371411,0.218396,0.175629,0.152097,0.251572,0.324590,0.321829,0.288298,0.200685,0.239537,0.406600,0.266615,0.339362,0.430725,0.035727,0.186625,0.169783,0.174717,0.198737,0.135477,0.260173,0.174279,0.121452,0.108738,0.319032,0.288561,0.304290,0.257146,0.342360,0.113488
0.440206,0.247810,0.341003,0.399475,-0.057787,0.041226,0.467628,0.514851,0.202583,-0.044503,0.297345,0.364215,0.312611,0.198622,0.341091,0.292180,0.215115,0.198070,0.317414,0.239977,0.425350,0.559051,0.085071,0.307514,0.073276,0.274116,0.138536,0.211844,0.204614,0.022228,1.358354,0.000000,0.650238,0.653800,0.521644,0.472384,0.186561,0.086291,0.376210,0.300673,-0.210191,0.261109,0.172259,0.074144,0.565506,0.240269,0.201597,0.115817,0.074995,-0.010192,0.091237,-0.123099,-0.029969,-0.085819,0.137527,0.161259,0.290355,0.288869,0.231553,0.251532,0.406849,0.359857,0.175480,0.194225,0.324949,0.482530,0.408235,0.468672,0.249924,0.302867,0.503815,0.389614,0.253356,0.465457,0.021808,0.210680,0.226292,0.192494,0.135274,0.082509,0.257350,0.117475,0.137113,0.046517,0.366944,0.357327,0.418258,0.311556,0.483375,0.192091
0.969187,0.878317,0.522380,0.593932,0.200985,0.227182,0.515535,0.593020,0.264980,0.060932,0.536601,0.382043,0.428713,-0.011135,0.727276,0.190521,0.868453,0.693234,0.463716,0.976668,0.304072,0.534112,0.239244,0.298628,0.321032,0.647244,0.217293,0.310989,0.371334,0.177516,0.604408,0.650238,0.000000,1.576235,0.840060,0.669089,0.145832,0.099492,-0.067998,0.067771,-0.053166,0.028948,0.641581,0.417954,0.920932,0.782065,0.666801,0.605840,0.662593,0.486075,0.688762,0.444994,0.480429,0.405517,0.558248,0.664283,0.966636,0.900582,0.951484,0.709122,1.066764,0.737021,0.530504,0.964655,0.285807,0.547986,1.029077,0.827038,0.824571,0.868613,0.474522,0.511589,0.621488,0.690698,0.165130,0.390647,0.501534,0.469338,0.132537,0.393387,0.815201,0.608573,0.365562,0.315504,0.519106,0.801275,0.220856,0.385820,0.780818,0.831444
0.836038,0.811658,0.551057,0.656791,0.260680,0.283361,0.530772,0.727072,0.335032,0.119493,0.469620,0.353208,0.364508,-0.032247,0.699642,0.162268,0.879440,0.662765,0.444332,0.981392,0.227889,0.534804,0.256655,0.291056,0.368326,0.622688,0.233614,0.293123,0.305848,0.134727,0.581985,0.653800,1.576235,0.000000,0.931283,0.758603,0.166731,0.084714,-0.024027,0.161773,-0.039623,0.021256,0.716938,0.504523,1.002992,0.836682,0.744481,0.669692,0.635948,0.447241,0.661135,0.405468,0.512958,0.433197,0.591026,0.701154,0.832905,0.810874,0.924364,0.670775,1.046333,0.861876,0.513836,0.977545,0.314815,0.644751,1.060373,0.939829,0.769236,0.787855,0.505808,0.525699,0.712679,0.846460,0.236622,0.426325,0.502795,0.480663,0.164046,0.447138,0.871533,0.591589,0.356664,0.304090,0.505996,0.769051,0.201079,0.339909,0.815529,0.828826
0.588076,0.471073,0.753592,0.888510,0.236084,0.312367,0.694361,0.901719,0.372292,0.250976,0.419435,0.242430,0.339966,-0.058173,0.651663,0.253039,0.535575,0.354823,0.565529,0.686242,0.139432,0.498659,0.469428,0.620618,0.287730,0.425597,0.289840,0.318004,0.195569,-0.015732,0.367925,0.521644,0.840060,0.931283,0.000000,1.333080,0.104956,-0.132030,0.096542,0.242757,-0.086625,0.042809,0.509537,0.418777,0.882890,0.631126,0.561532,0.567118,0.474800,0.314216,0.565327,0.180669,0.386202,0.349197,0.467908,0.522319,0.462796,0.437474,0.612882,0.609130,0.748665,0.876236,0.337255,0.587850,0.565198,0.903111,1.025958,1.079674,0.449794,0.575952,0.353480,0.527524,0.484954,0.575646,0.167535,0.358333,0.632413,0.582932,0.057543,0.273664,0.523946,0.414956,0.307735,0.287393,0.619021,0.576645,0.304089,0.341900,0.635098,0.709925
0.420663,0.373935,0.694091,0.786195,0.243100,0.367955,0.534608,0.795012,0.391555,0.320760,0.290182,0.264569,0.278274,-0.000845,0.587169,0.315911,0.422653,0.244889,0.340586,0.492112,0.140760,0.348708,0.477208,0.534704,0.264739,0.334756,0.394859,0.406456,0.063537,-0.134952,0.286239,0.472384,0.669089,0.758603,1.333080,0.000000,0.226704,-0.059245,0.164877,0.390856,-0.093766,0.083117,0.483975,0.409802,0.716114,0.585511,0.588626,0.546533,0.454483,0.319391,0.548525,0.213686,0.399145,0.330280,0.537055,0.577215,0.330484,0.345425,0.536637,0.531304,0.646549,0.709654,0.315644,0.524138,0.410707,0.694511,0.887442,1.047534,0.371636,0.453222,0.284383,0.425682,0.393448,0.565706,0.250189,0.396473,0.737742,0.664147,-0.032322,0.254587,0.404299,0.279929,0.314561,0.217142,0.476313,0.449736,0.424068,0.409972,0.576758,0.707449
0.171563,0.249202,0.260396,0.093914,-0.027745,0.088708,0.209115,0.124939,-0.038632,0.027204,-0.082406,0.077018,0.001743,0.046818,0.047531,0.061126,0.368155,0.243363,-0.084369,0.091662,0.340601,0.202391,0.066730,-0.003157,-0.030851,0.058720,0.316103,0.440945,0.309370,0.170207,0.130789,0.186561,0.145832,0.166731,0.104956,0.226704,0.000000,0.827020,0.448382,0.584101,0.190803,0.584115,0.129102,0.119672,0.275150,0.146485,0.172795,0.170920,0.155429,0.145732,0.240654,0.212768,0.089726,-0.015980,0.323667,0.157952,0.227377,0.264021,0.182814,0.169637,0.191399,0.122520,0.353791,0.234786,-0.042620,0.054920,0.215384,0.274157,0.311971,0.172879,0.038374,-0.085201,0.232468,0.383855,0.417048,0.229514,0.030061,-0.034156,0.336257,0.404656,0.377400,0.296007,0.493851,0.268741,0.292147,0.359495,0.162482,0.270417,0.331887,0.160413
0.163675,0.308454,-0.089803,-0.159424,-0.264420,-0.161846,-0.070202,-0.177945,-0.155318,-0.273949,-0.099276,0.114244,-0.069304,0.092122,0.003781,-0.025325,0.326482,0.349723,-0.191048,0.098248,0.333800,0.129753,-0.298313,-0.302021,-0.223455,-0.069170,0.158607,0.186785,0.233735,0.241505,0.058541,0.086291,0.099492,0.084714,-0.132030,-0.059245,0.827020,0.000000,0.219845,0.420742,0.096003,0.377659,0.152521,0.085028,0.189726,0.090402,0.107394,0.130132,0.113444,0.087553,0.115834,0.159868,-0.044287,-0.103666,0.160365,0.119874,0.284790,0.353930,0.153363,0.037672,0.135084,-0.065012,0.261673,0.206010,-0.262082,-0.192507,0.053224,0.085855,0.415787,0.181760,0.120887,-0.049407,0.082797,0.243926,0.081918,-0.020690,-0.246016,-0.214354,0.318060,0.305692,0.316141,0.173419,0.150530,0.114822,0.033012,0.273936,-0.213708,0.004562,0.179089,-0.002543
-0.094195,-0.132818,0.057462,0.093596,-0.146095,0.061731,0.101979,0.125640,-0.085235,-0.074705,-0.017904,0.030069,-0.168871,0.007809,0.053652,0.182818,0.045150,0.092199,-0.005258,-0.203371,0.494172,0.504472,-0.027992,0.042376,-0.226559,-0.098530,0.231325,0.180936,0.198889,0.118586,0.265173,0.376210,-0.067998,-0.024027,0.096542,0.164877,0.448382,0.219845,0.000000,1.015957,-0.326456,0.823920,0.040216,0.095547,0.250719,0.027499,0.058049,0.064948,-0.019591,-0.046429,0.042069,-0.122153,-0.026088,-0.177159,0.174864,-0.025572,0.007255,-0.001493,-0.007277,0.047083,0.050436,0.014594,0.257926,-0.061763,0.237512,0.170570,0.103974,0.166085,-0.012969,-0.034079,-0.019917,0.005938,-0.081907,0.351022,0.016671,0.020556,-0.027549,-0.136827,0.453685,0.291567,0.103431,0.158614,0.103217,0.123416,0.281059,0.233748,0.299285,0.288912,0.224741,0.001546
0.053059,0.117990,0.150351,0.168827,-0.159687,0.051063,0.099906,0.181688,-0.010829,-0.108689,-0.060531,0.032624,-0.145750,-0.006623,0.151830,0.122909,0.207865,0.193724,0.016406,0.011984,0.224950,0.362789,-0.054595,-0.014373,-0.176441,-0.130755,0.300879,0.440220,0.004836,-0.036734,0.148042,0.300673,0.067771,0.161773,0.242757,0.390856,0.584101,0.420742,1.015957,0.000000,-0.082235,0.546830,0.201226,0.171173,0.481946,0.213901,0.231372,0.182601,0.141303,0.046940,0.197139,0.013119,0.029754,-0.135550,0.286938,0.214160,0.161091,0.243180,0.201948,0.167662,0.188048,0.152549,0.249911,0.127486,0.139755,0.176936,0.323807,0.430732,0.292669,0.190963,-0.035375,0.014101,0.025996,0.469582,0.143998,0.123280,-0.003040,-0.039020,0.345877,0.332669,0.299421,0.249613,0.205047,0.172380,0.286908,0.353959,0.322482,0.301190,0.398518,0.205371
0.151287,0.168850,0.192949,0.026844,0.052811,0.052464,0.102132,0.015018,0.056534,0.061762,-0.174368,0.020289,0.188446,0.141053,-0.028622,0.017884,0.145021,0.018331,0.075023,0.151242,-0.346666,-0.092666,0.174346,0.109317,-0.025941,-0.124532,-0.046047,0.352791,0.082106,0.115133,-0.167835,-0.210191,-0.053166,-0.039623,-0.086625,-0.093766,0.190803,0.096003,-0.326456,-0.082235,0.000000,0.018875,-0.159885,-0.114093,-0.060902,-0.004741,-0.136867,-0.136279,-0.002559,-0.045098,-0.060854,0.073760,-0.138615,-0.121150,-0.180080,-0.078549,0.067606,0.074662,0.002546,0.016917,-0.012851,0.016380,0.088025,0.008860,-0.116112,-0.093696,0.021722,0.050290,0.170537,0.085997,0.013043,-0.102349,0.148711,-0.127500,0.262462,0.223657,0.083750,0.095042,0.172086,-0.165781,0.189151,0.058297,0.421943,0.137411,0.097491,-0.012623,0.030287,0.085831,-0.076316,0.098761
-0.002327,-0.112739,0.243202,0.174515,0.039536,0.192551,0.163493,0.142184,-0.155225,0.006163,-0.027529,-0.111339,-0.116475,-0.189399,0.125157,0.020815,0.239634,0.196741,0.125813,-0.138567,0.511797,0.486665,0.225682,0.072576,-0.167714,0.085323,0.301881,0.236455,0.502650,0.343236,0.318603,0.261109,0.028948,0.021256,0.042809,0.083117,0.584115,0.377659,0.823920,0.546830,0.018875,0.000000,-0.109431,-0.058633,0.181133,0.010286,-0.142958,-0.073130,0.022874,-0.010041,0.061374,0.017209,-0.072669,-0.195387,0.069070,-0.137962,0.116789,-0.001124,0.021035,0.118943,0.241134,0.128129,0.511804,0.080703,0.184790,0.150807,0.134315,0.136957,0.026960,-0.003259,0.101775,0.044854,0.261570,0.401807,0.306491,0.251751,0.070894,0.003064,0.564218,0.267734,0.300196,0.374553,0.398973,0.473157,0.426386,0.372041,0.264109,0.492091,0.145061,0.138115
0.540824,0.773893,0.294004,0.443275,0.185921,0.214486,0.297905,0.436456,0.342752,0.101943,0.281311,0.434382,0.252851,0.103135,0.609373,0.350790,0.692087,0.579408,0.068287,0.649018,0.105453,0.399480,0.008835,0.155393,0.264606,0.479815,0.082299,0.119065,0.162598,0.095490,0.093711,0.172259,0.641581,0.716938,0.509537,0.483975,0.129102,0.152521,0.040216,0.201226,-0.159885,-0.109431,0.000000,1.461782,0.853545,1.185651,1.564882,1.654756,1.272026,1.131283,1.123118,0.847774,0.940483,0.888378,1.112606,1.321817,0.598844,0.657022,0.833939,0.642611,0.485761,0.394020,0.315419,0.737483,0.030248,0.361215,0.672631,0.615159,0.546568,0.565134,0.432441,0.503141,0.304488,0.544478,-0.044012,0.188641,0.378723,0.407093,0.124829,0.431391,0.673255,0.469704,0.108414,0.144046,0.275588,0.568443,-0.027948,0.124747,0.613319,0.596163
0.354027,0.494949,0.327965,0.473957,0.223283,0.263038,0.334315,0.462856,0.291022,0.151446,0.246565,0.324656,0.245049,0.066246,0.482862,0.342736,0.508930,0.410940,0.083071,0.476462,0.025889,0.310434,0.104760,0.281473,0.250117,0.439046,0.031290,0.010271,0.159739,0.111543,0.007409,0.074144,0.417954,0.504523,0.418777,0.409802,0.119672,0.085028,0.095547,0.171173,-0.114093,-0.058633,1.461782,0.000000,0.622695,1.042742,1.106119,1.390803,0.970630,1.085842,0.818843,0.827166,0.735919,0.823712,0.827120,0.910620,0.329646,0.362021,0.617263,0.507397,0.339923,0.353720,0.289903,0.558531,0.088119,0.382565,0.511286,0.478702,0.319472,0.334190,0.367230,0.483459,0.294541,0.449846,0.068437,0.188915,0.389931,0.434877,0.109626,0.367582,0.475039,0.372210,0.105806,0.165014,0.271959,0.413984,-0.041228,0.122663,0.456882,0.492266
0.656316,0.744558,0.440764,0.609160,0.078975,0.163568,0.449369,0.620977,0.170165,-0.050627,0.274955,0.274076,0.116048,-0.039550,0.591514,0.159235,0.716986,0.635485,0.367338,0.759348,0.245518,0.676216,0.082863,0.259106,0.085604,0.336981,0.182248,0.413891,0.231106,0.103010,0.406358,0.565506,0.920932,1.002992,0.882890,0.716114,0.275150,0.189726,0.250719,0.481946,-0.060902,0.181133,0.853545,0.622695,0.000000,1.157211,0.788548,0.708663,0.797963,0.597859,0.707759,0.374162,0.419569,0.296812,0.658417,0.749668,0.749619,0.831402,0.862744,0.788570,0.720343,0.739133,0.379283,0.682423,0.252011,0.627489,1.173403,1.203082,0.779778,0.859595,0.404398,0.503516,0.416594,0.681547,0.054430,0.336254,0.256803,0.260711,0.209987,0.405413,0.803514,0.662114,0.304783,0.390796,0.509380,0.936364,0.279139,0.404039,0.771220,0.720383
0.638326,0.808271,0.394585,0.574168,0.122265,0.208622,0.377763,0.526033,0.190719,0.002470,0.310737,0.323735,0.205111,-0.025433,0.625908,0.221028,0.781217,0.610678,0.221645,0.750311,0.177918,0.482266,0.102626,0.290990,0.110980,0.417732,0.155603,0.340913,0.288466,0.164756,0.161427,0.240269,0.782065,0.836682,0.631126,0.585511,0.146485,0.090402,0.027499,0.213901,-0.004741,0.010286,1.185651,1.042742,1.157211,0.000000,1.029124,1.128658,1.124197,1.160359,0.839882,0.742240,0.612110,0.571703,0.825429,1.060014,0.748636,0.795216,0.920822,0.794773,0.654201,0.688187,0.405237,0.848150,0.078970,0.474135,0.988517,0.927645,0.720651,0.808387,0.448609,0.521179,0.514894,0.582474,0.120889,0.321771,0.353354,0.419494,0.154843,0.433879,0.809775,0.643881,0.338667,0.352787,0.375793,0.712406,0.219968,0.346623,0.636325,0.871902
0.587112,0.840673,0.349297,0.518540,0.213463,0.295888,0.380200,0.556032,0.456505,0.171243,0.297972,0.517861,0.289081,0.145175,0.631965,0.399457,0.646183,0.473251,0.098684,0.686848,0.152080,0.367657,0.074861,0.184226,0.309824,0.493528,0.204804,0.239072,0.136057,0.030900,0.071690,0.201597,0.666801,0.744481,0.561532,0.588626,0.172795,0.107394,0.058049,0.231372,-0.136867,-0.142958,1.564882,1.106119,0.788548,1.029124,0.000000,1.505730,1.208007,1.000687,1.135007,0.854292,1.159835,1.016058,1.406840,1.431855,0.541751,0.634039,0.928632,0.771368,0.560127,0.451761,0.340263,0.810485,0.081590,0.419723,0.731861,0.715633,0.553598,0.629672,0.360291,0.448224,0.250014,0.535455,-0.018739,0.183877,0.433073,0.400402,0.084078,0.437090,0.621864,0.393180,0.171161,0.062258,0.275323,0.532969,0.031697,0.078488,0.698587,0.697195
0.601013,0.802572,0.395349,0.547931,0.239777,0.283550,0.410571,0.541017,0.394589,0.205992,0.345009,0.481106,0.317229,0.128887,0.645417,0.434593,0.743849,0.549555,0.176631,0.701658,0.153091,0.416763,0.135034,0.232973,0.241327,0.485641,0.167147,0.200733,0.285300,0.169674,0.014813,0.115817,0.605840,0.669692,0.567118,0.546533,0.170920,0.130132,0.064948,0.182601,-0.136279,-0.073130,1.654756,1.390803,0.708663,1.128658,1.505730,0.000000,1.191640,1.225683,1.100870,0.920624,0.978652,0.970692,1.168419,1.351839,0.570391,0.621664,0.874905,0.708815,0.594315,0.489881,0.449519,0.867424,0.161262,0.454653,0.721254,0.652671,0.534584,0.590156,0.399747,0.482441,0.328158,0.592172,0.041068,0.223948,0.476244,0.457899,0.205071,0.527586,0.685553,0.482550,0.193112,0.127879,0.341675,0.534024,0.008980,0.131941,0.677172,0.707972
