0.000000,1.074415,0.268221,0.580454,0.329538,0.400494,0.406080,0.217190,0.462326,0.432567,0.433794,0.073226,0.195504,0.126208,0.321970,-0.059746,0.814227,0.524650,0.903239,1.060997,0.395743,0.138050,-0.188542,0.165629,0.457111,0.319873,0.638568,0.570369,0.344398,0.074310,0.136889,-0.012821,0.654214,0.719742,0.541577,0.648916,0.125776,0.191837,0.213235,0.268442,0.243820,-0.113982,0.802670,0.579679,0.745422,0.813079,0.784481,0.708740,0.843861,0.867968,0.853459,0.669096,0.515468,0.509073,0.634228,0.624395,0.986391,1.054122,1.338167,1.010336,1.122040,0.561605,0.907198,0.498933,0.705731,0.504465,0.927567,0.850282,0.871299,0.901910,-0.126289,-0.194162,0.078666,-0.080820,0.265600,0.195980,0.755855,0.616646,0.617215,0.253365,0.789115,0.558019,0.655418,0.637519,0.642212,0.310938,0.462520,0.733472,0.693277,0.521891
1.074415,0.000000,0.199093,0.364175,0.239884,0.346578,0.101850,0.010741,0.189137,0.121166,0.085980,-0.105467,-0.098775,-0.128086,0.100357,-0.081133,0.706331,0.488728,0.812566,1.059856,0.304763,0.170045,-0.110568,0.034534,0.366493,0.180437,0.641206,0.588843,0.366817,0.183470,0.294151,0.084911,0.773752,0.856491,0.403267,0.427843,0.206940,0.312379,0.315984,0.435950,0.169698,-0.036183,0.756704,0.601244,0.921059,0.870623,0.900478,0.799008,0.928500,0.776485,0.664685,0.518849,0.536290,0.411706,0.719699,0.710063,1.500190,1.753252,0.834503,0.834429,0.671630,0.216857,0.620376,0.271308,0.359795,0.170428,0.885462,0.694477,1.121018,1.077749,-0.142570,-0.251386,0.087475,-0.049482,0.162722,0.135504,0.749490,0.794594,0.625812,0.464926,0.791669,0.749611,0.576256,0.647790,0.403290,0.344420,0.478259,0.634612,0.448174,0.349157
0.268221,0.199093,0.000000,0.389820,0.476536,0.299005,0.470350,0.676631,0.054847,-0.059648,0.435414,0.468907,0.285167,0.301304,0.382700,0.340754,0.157154,-0.126723,0.469289,0.062221,-0.215043,-0.184319,1.055247,0.384086,0.024225,0.062545,0.164773,0.144863,0.103047,-0.001432,0.045837,0.124333,0.141902,0.175961,0.203166,0.016576,-0.281556,0.088498,0.018044,0.118154,-0.119915,-0.056022,0.166962,0.073641,0.056684,0.073578,0.071396,0.084182,0.043895,0.093903,0.150696,0.152503,0.334308,0.287374,0.278585,0.216400,0.052472,0.131287,0.314873,0.269722,0.249165,0.235036,0.159915,0.139755,0.177863,0.184967,0.246083,0.258044,0.194841,0.119171,0.319717,0.293218,0.097176,-0.082108,0.048008,0.064527,-0.008900,0.018550,-0.082851,0.102584,0.166605,0.230373,0.005407,0.179780,0.182695,0.245651,0.127531,0.277617,0.608181,0.338406
0.580454,0.364175,0.389820,0.000000,0.442170,0.580939,0.951023,0.622311,0.628279,0.805644,0.569604,0.329921,0.483977,0.469384,0.343507,0.234603,0.312092,0.223067,0.463163,0.611251,0.527954,0.337931,0.087921,0.960272,0.773514,0.740536,0.714214,0.717398,0.248196,0.107835,0.503970,0.468301,0.592109,0.608165,0.277942,0.393475,0.056308,0.053713,0.329127,0.207697,0.362349,-0.133524,0.386112,0.336469,0.509102,0.547076,0.408072,0.433132,0.494155,0.529038,0.554688,0.478491,0.283789,0.362414,0.489829,0.596505,0.250853,0.339667,0.546932,0.663572,0.510781,0.359724,0.556886,0.399214,0.501804,0.584008,0.697067,0.727052,0.236266,0.313514,0.328933,0.214254,0.324336,0.278251,0.421252,0.368663,0.430337,0.322690,0.300174,0.104691,0.564057,0.350722,0.545831,0.550031,0.679979,0.529395,0.318178,0.616727,0.570100,0.676173
0.329538,0.239884,0.476536,0.442170,0.000000,0.520769,0.583018,0.608035,0.757550,0.314675,0.338000,0.233009,0.319823,0.160180,0.642559,0.398574,0.250159,0.091214,0.217988,0.141711,-0.057073,-0.096765,0.371751,0.239929,0.438469,0.475193,0.397003,0.414293,0.225928,0.251260,0.323426,0.301956,0.218126,0.292069,0.239542,0.175025,-0.186860,0.092173,0.218785,0.095630,0.159223,-0.031235,0.313928,0.264190,0.330048,0.352247,0.292778,0.275640,0.265428,0.332118,0.276038,0.218821,0.104863,0.056122,0.259765,0.339081,0.207983,0.279302,0.402449,0.363960,0.448871,0.418635,0.242314,0.326033,0.383220,0.386479,0.281209,0.257739,0.181091,0.183372,0.308348,0.327433,0.199529,0.121689,0.126979,0.153040,0.182723,0.173476,0.081520,0.163986,0.234380,0.152698,0.115424,0.263115,-0.025015,0.109535,0.201301,0.317375,0.197456,0.112808
0.400494,0.346578,0.299005,0.580939,0.520769,0.000000,0.494683,0.316434,0.504134,0.688987,0.087791,0.127605,0.128106,0.225393,0.330397,0.185677,0.179294,0.189437,0.388115,0.343267,0.501471,0.494714,0.082028,0.349357,0.754448,0.560108,0.675591,0.900768,0.249872,0.173672,0.329800,0.261229,0.355703,0.402460,0.349255,0.364000,0.059762,0.137079,0.174640,0.213990,-0.010683,-0.177374,0.423494,0.356288,0.552511,0.563796,0.415980,0.426411,0.447988,0.438536,0.424896,0.325651,0.135491,0.235522,0.352127,0.416629,0.360919,0.424417,0.475317,0.389876,0.494662,0.353981,0.423587,0.363960,0.498736,0.468241,0.466740,0.452094,0.263337,0.307566,0.226183,0.142967,0.146736,0.105259,0.189678,0.175643,0.367390,0.395987,0.370926,0.277491,0.269537,0.413539,0.359759,0.350283,0.151944,0.165697,0.248971,0.442359,0.246267,0.344933
0.406080,0.101850,0.470350,0.951023,0.583018,0.494683,0.000000,0.979516,0.835609,0.747850,0.731041,0.481049,0.763122,0.552681,0.627927,0.194547,0.248840,0.170763,0.290429,0.246463,0.361229,0.268412,0.246509,0.704866,0.498339,0.475657,0.407261,0.466682,0.203161,0.090962,0.388589,0.446506,0.221769,0.328362,0.186107,0.223944,-0.125818,-0.008319,0.052381,-0.007505,0.100865,-0.198036,0.290887,0.217493,0.264899,0.305226,0.233203,0.206059,0.265029,0.394133,0.379501,0.350595,0.097274,0.184132,0.193523,0.243564,0.031280,0.152910,0.434423,0.497110,0.618347,0.608959,0.485713,0.539680,0.671715,0.667103,0.335353,0.374695,0.012873,0.109038,0.472320,0.381742,0.279155,0.238580,0.288628,0.292053,0.232722,0.123579,0.188833,0.039966,0.181408,0.110936,0.218180,0.195536,0.281003,0.146842,0.069758,0.264462,0.374186,0.331144
0.217190,0.010741,0.676631,0.622311,0.608035,0.316434,0.979516,0.000000,0.575799,0.379503,0.724325,0.866830,0.805884,0.817286,0.587351,0.464572,0.207776,0.130334,0.255772,-0.030303,0.004934,0.012277,0.502517,0.445507,0.165718,0.209954,0.099444,0.148061,0.331770,0.213806,0.251621,0.357292,0.063579,0.199348,-0.024650,0.001781,-0.253434,0.011534,-0.035528,0.060129,-0.045647,-0.084849,0.116738,0.114281,0.036025,0.130997,0.052152,0.091821,0.103809,0.260749,0.277694,0.351763,0.249948,0.235048,0.175157,0.176440,-0.145697,-0.018962,0.360553,0.420120,0.486725,0.755133,0.385860,0.614704,0.265999,0.600229,0.127623,0.252828,-0.115615,-0.138482,0.592177,0.469146,0.229264,0.166341,0.225046,0.238575,0.044646,-0.017616,0.045041,-0.008050,0.128852,0.046938,0.120560,0.170220,0.131089,0.130818,0.090439,0.158911,0.384340,0.272425
0.462326,0.189137,0.054847,0.628279,0.757550,0.504134,0.835609,0.575799,0.000000,1.042932,0.509018,0.190970,0.683772,0.371878,0.704590,0.199317,0.359217,0.304639,0.264733,0.273929,0.390832,0.256473,-0.122096,0.355072,0.611641,0.534207,0.515772,0.591083,0.269516,0.150276,0.358616,0.271794,0.222412,0.334971,0.142600,0.374840,-0.013589,-0.093371,0.130545,-0.046254,0.233745,-0.148047,0.227227,0.189587,0.338841,0.397893,0.246859,0.247445,0.348593,0.493331,0.403884,0.340995,-0.009320,0.007891,0.119808,0.235449,0.183337,0.281171,0.549680,0.516913,0.826326,0.795108,0.645260,0.690792,0.588200,0.640273,0.306495,0.321765,0.115848,0.151290,0.242007,0.176416,0.268305,0.279022,0.305814,0.313169,0.364122,0.222563,0.343257,-0.006067,0.334955,0.109639,0.453082,0.358042,0.243031,0.081371,0.232478,0.338523,0.235475,0.241685
0.432567,0.121166,-0.059648,0.805644,0.314675,0.688987,0.747850,0.379503,1.042932,0.000000,0.450949,0.222461,0.577325,0.483088,0.470851,0.159814,0.283553,0.330852,0.239682,0.351597,0.783962,0.574996,-0.279007,0.575083,0.823398,0.684812,0.524401,0.615886,0.235734,0.088677,0.302997,0.260290,0.273796,0.312558,0.200134,0.421764,0.067748,-0.143711,0.025735,-0.020582,0.170463,-0.287219,0.235208,0.178874,0.357544,0.414101,0.243025,0.265131,0.342589,0.423366,0.413209,0.348870,0.003700,0.208155,0.147142,0.265010,0.135671,0.206405,0.462768,0.484670,0.637099,0.605528,0.583455,0.548660,0.634087,0.720642,0.385466,0.432246,0.093014,0.187882,0.235034,0.134145,0.205716,0.280522,0.311826,0.299074,0.396092,0.214665,0.431688,-0.005361,0.317800,0.191104,0.639340,0.399147,0.415619,0.162113,0.244570,0.396432,0.275479,0.433950
0.433794,0.085980,0.435414,0.569604,0.338000,0.087791,0.731041,0.724325,0.509018,0.450949,0.000000,0.887437,1.262041,0.849129,0.810653,0.471928,0.572612,0.369756,0.347365,0.196039,0.112716,0.035631,0.255936,0.526841,0.192216,0.311425,0.070994,0.064113,0.438280,0.318142,0.188108,0.340420,0.197942,0.250946,0.131777,0.075982,-0.098473,0.083187,0.040034,0.048993,0.226586,-0.011379,0.146564,0.072398,-0.000214,0.081088,0.095036,0.084807,0.059768,0.206838,0.203470,0.269120,0.153632,0.237345,0.071313,0.122969,-0.023301,0.031299,0.365601,0.388163,0.507297,0.511160,0.535043,0.502369,0.426814,0.463139,0.180995,0.282559,0.005023,0.071329,0.488021,0.431548,0.231585,0.215780,0.242918,0.286775,0.161445,-0.000841,0.222807,0.079498,0.367221,0.226575,0.362941,0.380111,0.480829,0.255499,0.287422,0.337615,0.598877,0.373486
0.073226,-0.105467,0.468907,0.329921,0.233009,0.127605,0.481049,0.866830,0.190970,0.222461,0.887437,0.000000,0.853028,1.245912,0.590336,0.722599,0.304627,0.357363,0.110996,-0.085465,-0.045139,0.014960,0.456800,0.415538,0.004807,0.151194,-0.185984,-0.148597,0.521761,0.538681,0.153227,0.367857,0.049579,0.081071,-0.034913,-0.163068,-0.188334,0.144661,-0.046076,0.091909,0.013538,0.032352,-0.093878,-0.126894,-0.209461,-0.127549,-0.162186,-0.128774,-0.163565,-0.048017,-0.005915,0.128363,0.153968,0.256389,-0.034607,0.002657,-0.230737,-0.189046,0.130506,0.185317,0.213175,0.413587,0.274026,0.469689,0.139631,0.360065,-0.053118,0.124835,-0.243813,-0.174995,0.729153,0.685207,0.165068,0.200578,0.131670,0.206789,-0.060892,-0.089305,0.064746,0.159815,0.153833,0.221837,0.169059,0.271054,0.239589,0.242680,0.202040,0.191766,0.432504,0.297819
0.195504,-0.098775,0.285167,0.483977,0.319823,0.128106,0.763122,0.805884,0.683772,0.577325,1.262041,0.853028,0.000000,0.998838,0.888944,0.557443,0.321598,0.328566,0.137368,-0.019471,0.151575,0.182421,0.249139,0.555138,0.192590,0.302517,0.022010,0.050759,0.425656,0.332998,0.281545,0.429829,0.032980,0.105132,-0.044993,-0.038104,-0.115479,-0.040785,-0.032103,-0.089153,0.180740,-0.004028,-0.082298,-0.094248,-0.124565,-0.049449,-0.092759,-0.067891,-0.030800,0.115465,0.108209,0.171856,-0.005145,0.078789,-0.099427,-0.012254,-0.209731,-0.116832,0.224463,0.268206,0.420852,0.514847,0.396206,0.520762,0.277426,0.394711,-0.009426,0.094393,-0.204774,-0.149745,0.672417,0.573621,0.310038,0.362643,0.228634,0.302543,0.021624,-0.098755,0.147078,0.011429,0.202130,0.104468,0.357976,0.305456,0.286922,0.148169,0.208500,0.191188,0.407263,0.265157
0.126208,-0.128086,0.301304,0.469384,0.160180,0.225393,0.552681,0.817286,0.371878,0.483088,0.849129,1.245912,0.998838,0.000000,0.585007,0.568819,0.235755,0.433846,0.079455,-0.063589,0.161109,0.177140,0.242564,0.513580,0.148765,0.251604,-0.042309,-0.013542,0.455440,0.379118,0.163771,0.333638,-0.004833,0.048816,-0.031951,-0.048326,-0.001424,0.076936,-0.023256,0.058817,0.130076,-0.041110,-0.074087,-0.117285,-0.157319,-0.073383,-0.128253,-0.087190,-0.045305,0.079688,0.170128,0.276376,0.185648,0.292409,0.027803,0.019235,-0.230968,-0.188426,0.212686,0.248082,0.292670,0.463701,0.325985,0.496167,0.175831,0.457258,-0.031270,0.129389,-0.315815,-0.240946,0.685139,0.590083,0.180646,0.272901,0.173819,0.232784,0.014439,-0.099505,0.095977,0.041087,0.147338,0.161315,0.313944,0.246619,0.360952,0.256084,0.229077,0.251654,0.476062,0.432034
0.321970,0.100357,0.382700,0.343507,0.642559,0.330397,0.627927,0.587351,0.704590,0.470851,0.810653,0.590336,0.888944,0.585007,0.000000,0.597795,0.416134,0.425071,0.228153,0.036355,0.079774,0.145572,0.381380,0.482975,0.298936,0.497131,0.206926,0.253917,0.521837,0.470410,0.292468,0.432021,0.072677,0.172967,0.209278,0.087478,-0.030373,0.134696,0.049537,0.130169,0.167773,0.068743,0.033655,-0.038465,0.004126,0.050166,-0.004554,-0.014061,-0.027256,0.115634,0.067531,0.096335,-0.006709,0.076135,0.001125,0.073151,0.006065,0.094974,0.265358,0.262010,0.468652,0.570697,0.388672,0.490562,0.487658,0.483939,0.059975,0.100434,-0.020240,0.018381,0.439358,0.445586,0.310525,0.332857,0.156237,0.353239,0.122583,0.088351,0.232144,0.244867,0.238471,0.238403,0.327564,0.328251,0.218820,0.144095,0.249084,0.282602,0.389289,0.189508
-0.059746,-0.081133,0.340754,0.234603,0.398574,0.185677,0.194547,0.464572,0.199317,0.159814,0.471928,0.722599,0.557443,0.568819,0.597795,0.000000,0.101631,0.137294,0.130797,-0.076932,-0.083874,0.103892,0.430762,0.312345,0.029365,0.197839,-0.087258,0.002323,0.522745,0.651168,0.262555,0.437252,0.213492,0.199104,-0.046007,-0.132648,-0.110584,0.301474,0.166434,0.275098,0.189274,0.303934,-0.210406,-0.137764,-0.066445,-0.042058,-0.186330,-0.111542,-0.128455,-0.145917,-0.096477,-0.023641,0.019549,-0.005649,0.024629,0.097243,-0.201160,-0.185283,-0.024576,0.073587,0.023325,0.138423,0.138576,0.202059,-0.078261,0.083309,-0.043802,0.084296,-0.201200,-0.215644,0.586976,0.523974,0.506647,0.487360,0.376486,0.450585,-0.066088,-0.017315,-0.042772,0.222983,0.218671,0.307980,0.168537,0.388221,0.132985,0.412981,0.218313,0.198247,0.222573,0.168949
0.814227,0.706331,0.157154,0.312092,0.250159,0.179294,0.248840,0.207776,0.359217,0.283553,0.572612,0.304627,0.321598,0.235755,0.416134,0.101631,0.000000,0.827791,0.658864,0.726357,0.306552,0.105174,-0.103123,0.121755,0.361783,0.310332,0.382871,0.300509,0.773113,0.509735,0.245017,0.190796,0.588614,0.664053,0.443706,0.457179,0.059211,0.286308,0.162075,0.268036,0.252582,0.068582,0.560900,0.429813,0.452618,0.496150,0.550289,0.496163,0.422130,0.455367,0.384099,0.334656,0.389257,0.474739,0.344941,0.420759,0.720445,0.649244,0.611139,0.482626,0.707587,0.448933,0.787868,0.419541,0.543493,0.452791,0.619132,0.637129,0.634510,0.693253,0.037766,-0.036128,0.134415,0.095165,0.277073,0.306913,0.575141,0.509226,0.874720,0.441351,0.907240,0.662147,0.730875,0.740631,0.535031,0.348153,0.493676,0.652769,0.529969,0.376878
0.524650,0.488728,-0.126723,0.223067,0.091214,0.189437,0.170763,0.130334,0.304639,0.330852,0.369756,0.357363,0.328566,0.433846,0.425071,0.137294,0.827791,0.000000,0.275343,0.462048,0.392013,0.291359,-0.185967,0.190649,0.372526,0.373837,0.267554,0.236161,0.832419,0.755467,0.405111,0.406275,0.399119,0.441995,0.180468,0.179123,0.339429,0.315191,0.170707,0.322080,0.330967,0.139025,0.227264,0.153148,0.200260,0.230343,0.283399,0.250880,0.234949,0.244139,0.209878,0.198667,0.238336,0.372004,0.177039,0.234646,0.545892,0.426203,0.333620,0.289832,0.449409,0.319116,0.574164,0.495283,0.291343,0.298144,0.231630,0.263247,0.214730,0.339320,0.110186,0.073317,0.163456,0.295367,0.141840,0.275994,0.364971,0.342206,0.719263,0.576052,0.610211,0.593736,0.580075,0.485436,0.336827,0.280473,0.277609,0.382487,0.255936,0.240636
0.903239,0.812566,0.469289,0.463163,0.217988,0.388115,0.290429,0.255772,0.264733,0.239682,0.347365,0.110996,0.137368,0.079455,0.228153,0.130797,0.658864,0.275343,0.000000,0.868789,0.315065,0.258249,0.090106,0.226068,0.314836,0.186385,0.604244,0.574667,0.441740,0.157593,0.260593,0.105564,0.778145,0.894106,0.492148,0.580799,0.093039,0.285138,0.208424,0.376770,-0.006828,0.002433,0.595816,0.484650,0.665325,0.673668,0.569809,0.600080,0.545424,0.481324,0.473639,0.360385,0.384974,0.396300,0.499336,0.503287,0.670554,0.685297,0.687884,0.584798,0.722546,0.412548,0.759475,0.316438,0.482417,0.400169,0.853861,0.780318,0.902955,0.684463,-0.109759,-0.288541,0.256166,0.027066,0.396826,0.399660,0.799831,0.791389,0.619495,0.393602,0.807422,0.715626,0.620895,0.712224,0.629045,0.388407,0.435430,0.521744,0.630977,0.485943
1.060997,1.059856,0.062221,0.611251,0.141711,0.343267,0.246463,-0.030303,0.273929,0.351597,0.196039,-0.085465,-0.019471,-0.063589,0.036355,-0.076932,0.726357,0.462048,0.868789,0.000000,0.534715,0.295112,-0.327687,0.215837,0.523093,0.362658,0.724735,0.674263,0.349552,0.172731,0.353722,0.141465,1.157224,1.129530,0.541245,0.710604,0.180775,0.256152,0.355593,0.286344,0.380857,-0.020368,0.776511,0.630983,0.966122,0.905753,0.881191,0.776165,0.833592,0.675843,0.628322,0.454904,0.364111,0.394520,0.586259,0.640678,1.091603,1.004833,0.707901,0.664819,0.605644,0.184692,0.714170,0.252435,0.500421,0.274445,1.122394,0.979874,1.005030,1.244744,-0.190650,-0.281130,0.180879,0.050428,0.376767,0.321954,0.858196,0.826220,0.648224,0.367322,1.020429,0.713187,0.663436,0.765982,0.624845,0.423766,0.378153,0.653419,0.426807,0.414893
0.395743,0.304763,-0.215043,0.527954,-0.057073,0.501471,0.361229,0.004934,0.390832,0.783962,0.112716,-0.045139,0.151575,0.161109,0.079774,-0.083874,0.306552,0.392013,0.315065,0.534715,0.000000,1.137731,-0.400935,0.404365,0.766655,0.523777,0.717273,0.737410,0.312629,0.161431,0.443398,0.278044,0.475464,0.497743,0.258950,0.434969,0.284398,0.051652,0.005724,0.166719,-0.003754,-0.278205,0.288824,0.275683,0.569154,0.527106,0.405064,0.423793,0.443386,0.385702,0.318121,0.244277,-0.025625,0.148531,0.224309,0.335846,0.382721,0.352202,0.320729,0.326315,0.383841,0.180160,0.484583,0.201613,0.430451,0.369057,0.537233,0.492696,0.331145,0.418150,0.132521,-0.044684,0.291531,0.280774,0.436857,0.304315,0.622599,0.501811,0.668954,0.261379,0.437901,0.382298,0.632841,0.340658,0.417211,0.171390,0.174997,0.297553,0.130368,0.256235
0.138050,0.170045,-0.184319,0.337931,-0.096765,0.494714,0.268412,0.012277,0.256473,0.574996,0.035631,0.014960,0.182421,0.177140,0.145572,0.103892,0.105174,0.291359,0.258249,0.295112,1.137731,0.000000,-0.221224,0.348730,0.545734,0.375706,0.579138,0.710328,0.389690,0.284565,0.539027,0.406012,0.347291,0.373530,0.045955,0.143859,0.325366,0.138491,0.010581,0.215348,-0.028032,-0.048301,0.115070,0.169822,0.392869,0.340968,0.225496,0.278798,0.258177,0.190095,0.129631,0.093897,-0.197956,0.020436,0.091684,0.217046,0.193598,0.187302,0.081971,0.132725,0.178110,0.063636,0.290215,0.122812,0.152391,0.158287,0.297191,0.255327,0.173392,0.194358,0.259140,0.062952,0.487082,0.475460,0.496968,0.437103,0.469526,0.455879,0.540871,0.364292,0.299837,0.413023,0.495654,0.272147,0.265175,0.163011,0.075529,0.098867,-0.005128,0.119696
-0.188542,-0.110568,1.055247,0.087921,0.371751,0.082028,0.246509,0.502517,-0.122096,-0.279007,0.255936,0.456800,0.249139,0.242564,0.381380,0.430762,-0.103123,-0.185967,0.090106,-0.327687,-0.400935,-0.221224,0.000000,0.450802,-0.065967,0.107067,-0.078646,-0.111054,0.077013,0.159677,0.196459,0.381941,-0.107537,-0.068252,0.043138,-0.329602,-0.191300,0.076575,-0.005867,0.105764,-0.197355,0.075330,-0.184378,-0.193793,-0.276610,-0.283381,-0.245818,-0.224232,-0.347166,-0.313602,-0.280989,-0.229785,0.049482,0.003133,-0.062065,-0.083267,-0.224261,-0.218769,-0.200240,-0.181109,-0.165949,-0.056481,-0.229879,-0.083387,-0.043321,-0.069113,-0.192282,-0.206666,-0.146594,-0.236970,0.421234,0.438973,0.098217,0.051892,-0.114344,-0.002063,-0.304584,-0.205548,-0.274308,0.125380,-0.162608,0.022616,-0.229909,-0.064489,-0.096647,0.106257,-0.052569,-0.041651,0.222907,0.062456
0.165629,0.034534,0.384086,0.960272,0.239929,0.349357,0.704866,0.445507,0.355072,0.575083,0.526841,0.415538,0.555138,0.513580,0.482975,0.312345,0.121755,0.190649,0.226068,0.215837,0.404365,0.348730,0.450802,0.000000,0.662012,0.925708,0.435116,0.395478,0.202406,0.191257,0.616009,0.723907,0.288099,0.286691,0.265851,0.157616,0.099185,-0.046934,0.179827,0.127044,0.220948,-0.117521,-0.009830,-0.045649,0.091732,0.083080,0.007946,0.028670,-0.004068,0.007197,0.011826,-0.017116,-0.018022,0.134860,0.056265,0.161327,-0.025529,-0.016878,0.036924,0.130636,0.106024,0.097934,0.160012,0.135690,0.375742,0.339794,0.248703,0.224942,-0.009564,0.046973,0.466963,0.374831,0.286896,0.365841,0.194885,0.275153,0.143683,0.086752,0.126218,0.158773,0.237065,0.198651,0.391249,0.330948,0.482901,0.386067,0.166495,0.301984,0.379017,0.463636
0.457111,0.366493,0.024225,0.773514,0.438469,0.754448,0.498339,0.165718,0.611641,0.823398,0.192216,0.004807,0.192590,0.148765,0.298936,0.029365,0.361783,0.372526,0.314836,0.523093,0.766655,0.545734,-0.065967,0.662012,0.000000,1.262357,0.947382,0.893252,0.335791,0.246964,0.751096,0.528394,0.596124,0.587486,0.489993,0.491947,0.248546,0.097520,0.312223,0.270583,0.267587,-0.106400,0.386719,0.367621,0.628018,0.600860,0.460501,0.488491,0.392760,0.366549,0.309497,0.161071,0.017635,0.153019,0.331443,0.491690,0.447815,0.393058,0.313723,0.282707,0.368261,0.179679,0.359733,0.165977,0.576203,0.457647,0.616135,0.521179,0.376072,0.468152,0.231439,0.195044,0.316126,0.356953,0.350113,0.305557,0.527419,0.438750,0.514939,0.291102,0.490826,0.342616,0.668243,0.503208,0.387708,0.271682,0.313056,0.515088,0.194004,0.329345
0.319873,0.180437,0.062545,0.740536,0.475193,0.560108,0.475657,0.209954,0.534207,0.684812,0.311425,0.151194,0.302517,0.251604,0.497131,0.197839,0.310332,0.373837,0.186385,0.362658,0.523777,0.375706,0.107067,0.925708,1.262357,0.000000,0.677059,0.591942,0.344526,0.367358,0.679957,0.634320,0.407203,0.391263,0.488013,0.391913,0.192373,0.069592,0.311766,0.241446,0.357671,-0.021561,0.238688,0.205205,0.342906,0.346993,0.266906,0.270574,0.179789,0.188154,0.152045,0.068236,0.002952,0.170135,0.174205,0.341368,0.233917,0.197764,0.163743,0.153616,0.207838,0.121086,0.202851,0.129136,0.542704,0.454291,0.398959,0.347508,0.178068,0.266616,0.274365,0.269903,0.243186,0.346386,0.254538,0.287189,0.304028,0.290360,0.376735,0.283870,0.379792,0.238108,0.513077,0.426732,0.364058,0.279770,0.265774,0.423776,0.221228,0.346708
0.638568,0.641206,0.164773,0.714214,0.397003,0.675591,0.407261,0.099444,0.515772,0.524401,0.070994,-0.185984,0.022010,-0.042309,0.206926,-0.087258,0.382871,0.267554,0.604244,0.724735,0.717273,0.579138,-0.078646,0.435116,0.947382,0.677059,0.000000,1.610264,0.276825,0.086330,0.585076,0.310049,0.642095,0.698260,0.460299,0.617559,0.179258,0.073955,0.328566,0.285663,0.131700,-0.198997,0.528826,0.476309,0.834705,0.764572,0.605951,0.618261,0.581528,0.540650,0.433005,0.255388,0.079592,0.155583,0.469357,0.605609,0.685342,0.668936,0.504411,0.433153,0.473116,0.198836,0.435809,0.124552,0.467773,0.371140,0.861327,0.641192,0.706702,0.659431,0.034864,-0.128410,0.249934,0.147773,0.362921,0.339131,0.761804,0.727959,0.657504,0.369407,0.695890,0.501820,0.641643,0.527132,0.519616,0.313283,0.325207,0.506790,0.260072,0.309002
0.570369,0.588843,0.144863,0.717398,0.414293,0.900768,0.466682,0.148061,0.591083,0.615886,0.064113,-0.148597,0.050759,-0.013542,0.253917,0.002323,0.300509,0.236161,0.574667,0.674263,0.737410,0.710328,-0.111054,0.395478,0.893252,0.591942,1.610264,0.000000,0.251432,0.099627,0.584530,0.342287,0.628562,0.684876,0.353989,0.530511,0.163849,0.068494,0.278129,0.251757,0.119396,-0.168867,0.435482,0.394672,0.782940,0.718323,0.524972,0.514431,0.559668,0.521317,0.407077,0.249406,0.038774,0.076077,0.423773,0.517857,0.596352,0.642293,0.490929,0.452874,0.495710,0.251237,0.517411,0.248737,0.426954,0.346127,0.717035,0.553087,0.556558,0.554099,0.100063,-0.058650,0.356988,0.247437,0.438009,0.409566,0.677487,0.668232,0.558448,0.293500,0.594479,0.490053,0.543985,0.473545,0.385856,0.246435,0.234981,0.422558,0.193933,0.251069
0.344398,0.366817,0.103047,0.248196,0.225928,0.249872,0.203161,0.331770,0.269516,0.235734,0.438280,0.521761,0.425656,0.455440,0.521837,0.522745,0.773113,0.832419,0.441740,0.349552,0.312629,0.389690,0.077013,0.202406,0.335791,0.344526,0.276825,0.251432,0.000000,1.247814,0.592054,0.602760,0.555005,0.630972,0.143809,0.142023,0.213930,0.510294,0.325212,0.598604,0.221631,0.307708,0.240961,0.238264,0.283705,0.304315,0.285077,0.325521,0.197591,0.187174,0.150399,0.169940,0.247001,0.346035,0.270269,0.397817,0.359183,0.278300,0.224852,0.211151,0.332815,0.286846,0.486128,0.323216,0.155481,0.297867,0.310511,0.385984,0.259121,0.264100,0.260610,0.178598,0.417745,0.391301,0.405812,0.536674,0.436662,0.475344,0.744713,0.732335,0.749467,0.704282,0.680211,0.723414,0.417050,0.453231,0.469475,0.431182,0.290019,0.222469
0.074310,0.183470,-0.001432,0.107835,0.251260,0.173672,0.090962,0.213806,0.150276,0.088677,0.318142,0.538681,0.332998,0.379118,0.470410,0.651168,0.509735,0.755467,0.157593,0.172731,0.161431,0.284565,0.159677,0.191257,0.246964,0.367358,0.086330,0.099627,1.247814,0.000000,0.614195,0.759010,0.411285,0.426668,-0.003671,-0.105111,0.160097,0.584949,0.307998,0.500115,0.278633,0.433975,0.064351,0.104250,0.107888,0.105902,0.140275,0.140766,0.026579,-0.008608,-0.059585,0.006143,0.072029,0.174396,0.049735,0.216257,0.205977,0.109742,-0.015103,0.020716,0.079186,0.044145,0.222861,0.203814,0.014236,0.061774,0.064177,0.127625,0.023789,0.094546,0.397392,0.384213,0.384226,0.503002,0.258246,0.446205,0.185276,0.285373,0.426469,0.781261,0.462647,0.594876,0.377863,0.531957,0.154171,0.374178,0.271302,0.259864,0.077064,0.051190
0.136889,0.294151,0.045837,0.503970,0.323426,0.329800,0.388589,0.251621,0.358616,0.302997,0.188108,0.153227,0.281545,0.163771,0.292468,0.262555,0.245017,0.405111,0.260593,0.353722,0.443398,0.539027,0.196459,0.616009,0.751096,0.679957,0.585076,0.584530,0.592054,0.614195,0.000000,1.315098,0.627795,0.665769,0.093276,0.056728,0.242248,0.193451,0.315707,0.329077,0.219324,0.155690,0.135267,0.198428,0.322312,0.271817,0.259824,0.264200,0.163703,0.087334,-0.013789,-0.076639,-0.072559,-0.035770,0.092165,0.248339,0.324014,0.216842,-0.056858,0.039918,0.066017,-0.019491,0.185674,0.120479,0.125420,0.076365,0.257148,0.171448,0.217620,0.240504,0.429100,0.294169,0.461666,0.530967,0.317244,0.415401,0.332703,0.405016,0.413693,0.508134,0.441841,0.370813,0.444562,0.437434,0.189529,0.253679,0.172558,0.177099,-0.013626,0.042755
-0.012821,0.084911,0.124333,0.468301,0.301956,0.261229,0.446506,0.357292,0.271794,0.260290,0.340420,0.367857,0.429829,0.333638,0.432021,0.437252,0.190796,0.406275,0.105564,0.141465,0.278044,0.406012,0.381941,0.723907,0.528394,0.634320,0.310049,0.342287,0.602760,0.759010,1.315098,0.000000,0.399212,0.445083,-0.023872,-0.129943,0.242580,0.297036,0.331132,0.378566,0.212985,0.263881,-0.044369,0.024870,0.054746,0.038971,0.051170,0.046656,-0.046252,-0.083193,-0.130015,-0.133465,-0.101440,-0.024107,0.030543,0.120579,0.096423,0.004500,-0.169223,-0.030524,-0.024186,-0.029042,0.137963,0.176879,0.096035,0.060480,0.024556,0.015823,-0.057317,0.000446,0.551414,0.451968,0.515645,0.702686,0.272962,0.483958,0.145103,0.204775,0.250509,0.444056,0.253609,0.323469,0.248516,0.309483,0.129725,0.310102,0.081226,0.108436,0.013756,0.046226
0.654214,0.773752,0.141902,0.592109,0.218126,0.355703,0.221769,0.063579,0.222412,0.273796,0.197942,0.049579,0.032980,-0.004833,0.072677,0.213492,0.588614,0.399119,0.778145,1.157224,0.475464,0.347291,-0.107537,0.288099,0.596124,0.407203,0.642095,0.628562,0.555005,0.411285,0.627795,0.399212,0.000000,1.671140,0.502518,0.545908,0.168342,0.358674,0.442022,0.452096,0.322255,0.129795,0.522981,0.517616,0.852315,0.800301,0.644937,0.668165,0.597550,0.429323,0.400738,0.272271,0.254996,0.268696,0.557350,0.647353,0.766549,0.672300,0.432541,0.475934,0.410147,0.096574,0.588450,0.219225,0.359447,0.205040,0.955509,0.886086,0.800247,0.861570,-0.008629,-0.101057,0.409486,0.254184,0.533082,0.465742,0.690634,0.742225,0.640903,0.539766,1.132163,0.899093,0.674269,0.910061,0.575993,0.526086,0.385504,0.562298,0.287587,0.307894
0.719742,0.856491,0.175961,0.608165,0.292069,0.402460,0.328362,0.199348,0.334971,0.312558,0.250946,0.081071,0.105132,0.048816,0.172967,0.199104,0.664053,0.441995,0.894106,1.129530,0.497743,0.373530,-0.068252,0.286691,0.587486,0.391263,0.698260,0.684876,0.630972,0.426668,0.665769,0.445083,1.671140,0.000000,0.503985,0.602781,0.167755,0.389031,0.413696,0.491485,0.230251,0.103389,0.597227,0.588388,0.934241,0.884025,0.719490,0.734796,0.669052,0.527349,0.481840,0.352192,0.278567,0.255515,0.612366,0.655815,0.835299,0.755503,0.509300,0.560401,0.550086,0.249176,0.726666,0.309485,0.456823,0.335244,0.958843,0.899322,0.825428,0.857044,0.023197,-0.117769,0.405043,0.235991,0.532507,0.498870,0.855870,0.896024,0.735654,0.547213,1.070400,0.848290,0.671358,0.821200,0.549180,0.454227,0.410334,0.565777,0.301093,0.273080
0.541577,0.403267,0.203166,0.277942,0.239542,0.349255,0.186107,-0.024650,0.142600,0.200134,0.131777,-0.034913,-0.044993,-0.031951,0.209278,-0.046007,0.443706,0.180468,0.492148,0.541245,0.258950,0.045955,0.043138,0.265851,0.489993,0.488013,0.460299,0.353989,0.143809,-0.003671,0.093276,-0.023872,0.502518,0.503985,0.000000,1.009030,0.088794,0.183381,0.207926,0.248460,0.079539,-0.155703,0.441172,0.286640,0.518413,0.483570,0.361711,0.353215,0.272674,0.252074,0.287771,0.126312,0.210285,0.251912,0.370569,0.309196,0.415601,0.434059,0.361155,0.248904,0.370777,0.208331,0.297100,0.061445,0.875859,0.515503,0.674246,0.597708,0.574179,0.644802,-0.240204,-0.261473,0.031017,-0.101226,0.167087,0.099164,0.485329,0.475333,0.440422,0.288957,0.406367,0.365679,0.338722,0.348772,0.414440,0.181425,0.285632,0.481399,0.342821,0.334871
0.648916,0.427843,0.016576,0.393475,0.175025,0.364000,0.223944,0.001781,0.374840,0.421764,0.075982,-0.163068,-0.038104,-0.048326,0.087478,-0.132648,0.457179,0.179123,0.580799,0.710604,0.434969,0.143859,-0.329602,0.157616,0.491947,0.391913,0.617559,0.530511,0.142023,-0.105111,0.056728,-0.129943,0.545908,0.602781,1.009030,0.000000,0.091887,0.070277,0.252754,0.203229,0.128446,-0.211780,0.474791,0.355835,0.676816,0.670484,0.432962,0.451065,0.455841,0.453805,0.446226,0.257665,0.189382,0.184305,0.426410,0.390899,0.469418,0.493152,0.542040,0.425337,0.545193,0.399228,0.521059,0.191789,0.698248,0.687710,0.847924,0.850443,0.634878,0.667349,-0.314803,-0.421903,0.063495,-0.055821,0.339039,0.247699,0.725107,0.659986,0.511671,0.148062,0.571318,0.318652,0.523942,0.441639,0.519827,0.209868,0.355739,0.490325,0.281526,0.336553
0.125776,0.206940,-0.281556,0.056308,-0.186860,0.059762,-0.125818,-0.253434,-0.013589,0.067748,-0.098473,-0.188334,-0.115479,-0.001424,-0.030373,-0.110584,0.059211,0.339429,0.093039,0.180775,0.284398,0.325366,-0.191300,0.099185,0.248546,0.192373,0.179258,0.163849,0.213930,0.160097,0.242248,0.242580,0.168342,0.167755,0.088794,0.091887,0.000000,0.559056,0.609973,0.677536,0.390250,0.415113,0.050208,0.046918,0.140643,0.124054,0.127112,0.135529,0.144700,0.026369,0.131111,0.059969,0.054569,0.108132,0.308819,0.181671,0.259298,0.115267,-0.002987,-0.032345,0.011977,-0.138929,0.155983,0.012667,0.030185,0.014797,0.092059,0.080106,0.088416,0.084021,-0.201988,-0.192138,0.234977,0.304342,0.158799,0.257390,0.322806,0.270618,0.240701,0.196060,0.157624,0.261290,0.305004,0.218878,0.287028,0.409942,0.328518,0.286729,0.139977,0.262355
0.191837,0.312379,0.088498,0.053713,0.092173,0.137079,-0.008319,0.011534,-0.093371,-0.143711,0.083187,0.144661,-0.040785,0.076936,0.134696,0.301474,0.286308,0.315191,0.285138,0.256152,0.051652,0.138491,0.076575,-0.046934,0.097520,0.069592,0.073955,0.068494,0.510294,0.584949,0.193451,0.297036,0.358674,0.389031,0.183381,0.070277,0.559056,0.000000,0.673586,1.028478,0.335728,0.672157,0.285863,0.315087,0.306014,0.313091,0.326105,0.341826,0.270374,0.171770,0.234514,0.252788,0.246747,0.226617,0.464284,0.454491,0.286723,0.199989,0.145824,0.157213,0.124214,-0.035237,0.259597,0.062623,0.099170,0.051314,0.244927,0.336794,0.158315,0.176299,0.026215,0.049797,0.388713,0.407916,0.319474,0.474193,0.406779,0.495935,0.207841,0.523420,0.316771,0.616812,0.162280,0.414296,0.220556,0.633287,0.341327,0.463283,0.234182,0.238839
0.213235,0.315984,0.018044,0.329127,0.218785,0.174640,0.052381,-0.035528,0.130545,0.025735,0.040034,-0.046076,-0.032103,-0.023256,0.049537,0.166434,0.162075,0.170707,0.208424,0.355593,0.005724,0.010581,-0.005867,0.179827,0.312223,0.311766,0.328566,0.278129,0.325212,0.307998,0.315707,0.331132,0.442022,0.413696,0.207926,0.252754,0.609973,0.673586,0.000000,0.814053,0.664154,0.462680,0.269481,0.288519,0.370420,0.346853,0.316783,0.331401,0.308522,0.186281,0.273112,0.163130,0.187907,0.112554,0.599929,0.563804,0.302912,0.248121,0.150270,0.145841,0.065617,-0.128777,0.195546,-0.035009,0.080828,0.036582,0.355954,0.354337,0.201639,0.228411,-0.070866,-0.016229,0.270137,0.266788,0.293877,0.424075,0.390342,0.394974,0.190468,0.322435,0.428379,0.400040,0.314383,0.566804,0.409265,0.665768,0.566000,0.595141,0.239135,0.325134
0.268442,0.435950,0.118154,0.207697,0.095630,0.213990,-0.007505,0.060129,-0.046254,-0.020582,0.048993,0.091909,-0.089153,0.058817,0.130169,0.275098,0.268036,0.322080,0.376770,0.286344,0.166719,0.215348,0.105764,0.127044,0.270583,0.241446,0.285663,0.251757,0.598604,0.500115,0.329077,0.378566,0.452096,0.491485,0.248460,0.203229,0.677536,1.028478,0.814053,0.000000,0.205344,0.382051,0.274781,0.322053,0.383435,0.414807,0.331796,0.402124,0.300567,0.191499,0.270918,0.246679,0.355976,0.293048,0.688414,0.662384,0.363327,0.285381,0.183692,0.216371,0.137196,-0.001444,0.286696,0.051649,0.086718,0.156457,0.333729,0.401633,0.258524,0.208964,-0.047264,-0.084137,0.370453,0.321889,0.339090,0.465137,0.465943,0.526143,0.348856,0.511446,0.413145,0.596754,0.336892,0.483583,0.361169,0.675364,0.503462,0.517562,0.293490,0.316996
0.243820,0.169698,-0.119915,0.362349,0.159223,-0.010683,0.100865,-0.045647,0.233745,0.170463,0.226586,0.013538,0.180740,0.130076,0.167773,0.189274,0.252582,0.330967,-0.006828,0.380857,-0.003754,-0.028032,-0.197355,0.220948,0.267587,0.357671,0.131700,0.119396,0.221631,0.278633,0.219324,0.212985,0.322255,0.230251,0.079539,0.128446,0.390250,0.335728,0.664154,0.205344,0.000000,0.543515,0.142781,0.113121,0.160657,0.157642,0.188671,0.136852,0.210672,0.180191,0.211761,0.172204,0.112581,0.118408,0.202578,0.238302,0.205715,0.135616,0.125593,0.130239,0.059116,-0.076907,0.150326,0.101731,0.050036,-0.007291,0.208027,0.216289,0.019223,0.154451,0.011847,0.127355,0.254361,0.373537,0.240894,0.286620,0.133004,0.087270,0.016677,0.080171,0.393942,0.194367,0.313955,0.416286,0.391269,0.562993,0.280702,0.463802,0.229231,0.323394
-0.113982,-0.036183,-0.056022,-0.133524,-0.031235,-0.177374,-0.198036,-0.084849,-0.148047,-0.287219,-0.011379,0.032352,-0.004028,-0.041110,0.068743,0.303934,0.068582,0.139025,0.002433,-0.020368,-0.278205,-0.048301,0.075330,-0.117521,-0.106400,-0.021561,-0.198997,-0.168867,0.307708,0.433975,0.155690,0.263881,0.129795,0.103389,-0.155703,-0.211780,0.415113,0.672157,0.462680,0.382051,0.543515,0.000000,-0.063873,0.030340,-0.117381,-0.098032,-0.039159,-0.012572,-0.069405,-0.148031,-0.062521,-0.037583,0.038205,0.047547,0.086085,0.071573,-0.003737,-0.126640,-0.216914,-0.207532,-0.180375,-0.185874,0.006592,-0.021765,-0.268618,-0.244821,-0.123958,-0.063276,-0.121501,-0.139424,-0.002950,0.097668,0.457143,0.514663,0.304290,0.466840,-0.024499,0.074059,-0.071478,0.169609,0.118233,0.162567,-0.031361,0.181793,0.056554,0.419804,0.040480,0.090638,0.052984,0.052562
0.802670,0.756704,0.166962,0.386112,0.313928,0.423494,0.290887,0.116738,0.227227,0.235208,0.146564,-0.093878,-0.082298,-0.074087,0.033655,-0.210406,0.560900,0.227264,0.595816,0.776511,0.288824,0.115070,-0.184378,-0.009830,0.386719,0.238688,0.528826,0.435482,0.240961,0.064351,0.135267,-0.044369,0.522981,0.597227,0.441172,0.474791,0.050208,0.285863,0.269481,0.274781,0.142781,-0.063873,0.000000,1.569359,1.095094,1.183785,1.755393,1.403681,1.153258,0.999388,0.996848,0.806378,0.598029,0.674281,0.798581,0.923518,0.796240,0.790184,0.736149,0.625436,0.576874,0.207437,0.412475,0.111228,0.532253,0.357082,0.898286,0.789058,0.845777,0.861218,-0.171475,-0.232842,-0.085299,-0.228534,0.126122,0.068940,0.613630,0.579733,0.494860,0.264512,0.458231,0.360206,0.421064,0.439379,0.303766,0.179926,0.388227,0.521397,0.329463,0.341687
0.579679,0.601244,0.073641,0.336469,0.264190,0.356288,0.217493,0.114281,0.189587,0.178874,0.072398,-0.126894,-0.094248,-0.117285,-0.038465,-0.137764,0.429813,0.153148,0.484650,0.630983,0.275683,0.169822,-0.193793,-0.045649,0.367621,0.205205,0.476309,0.394672,0.238264,0.104250,0.198428,0.024870,0.517616,0.588388,0.286640,0.355835,0.046918,0.315087,0.288519,0.322053,0.113121,0.030340,1.569359,0.000000,1.095425,1.279034,1.598683,1.665294,1.124978,0.922368,0.902166,0.747127,0.447304,0.513246,0.800726,0.990976,0.662176,0.602310,0.549216,0.485936,0.438092,0.104555,0.343226,0.020619,0.337717,0.234472,0.773915,0.733115,0.704301,0.667867,-0.127071,-0.197439,0.002578,-0.139442,0.208825,0.122769,0.500269,0.520041,0.435273,0.268537,0.385624,0.298963,0.355873,0.377713,0.191771,0.182732,0.285978,0.393772,0.171466,0.223654
0.745422,0.921059,0.056684,0.509102,0.330048,0.552511,0.264899,0.036025,0.338841,0.357544,-0.000214,-0.209461,-0.124565,-0.157319,0.004126,-0.066445,0.452618,0.200260,0.665325,0.966122,0.569154,0.392869,-0.276610,0.091732,0.628018,0.342906,0.834705,0.782940,0.283705,0.107888,0.322312,0.054746,0.852315,0.934241,0.518413,0.676816,0.140643,0.306014,0.370420,0.383435,0.160657,-0.117381,1.095094,1.095425,0.000000,1.996023,1.350411,1.381700,1.353746,1.036876,0.862015,0.644714,0.353481,0.349343,0.859398,1.036018,0.900791,0.992473,0.720575,0.722130,0.587943,0.159881,0.496971,0.083103,0.478224,0.326325,1.343352,1.070451,0.993295,0.997209,-0.100259,-0.232444,0.172706,-0.012956,0.392803,0.231904,0.901938,0.892082,0.586469,0.385064,0.673312,0.546712,0.618593,0.620414,0.364333,0.291236,0.464627,0.601487,0.243350,0.323659
0.813079,0.870623,0.073578,0.547076,0.352247,0.563796,0.305226,0.130997,0.397893,0.414101,0.081088,-0.127549,-0.049449,-0.073383,0.050166,-0.042058,0.496150,0.230343,0.673668,0.905753,0.527106,0.340968,-0.283381,0.083080,0.600860,0.346993,0.764572,0.718323,0.304315,0.105902,0.271817,0.038971,0.800301,0.884025,0.483570,0.670484,0.124054,0.313091,0.346853,0.414807,0.157642,-0.098032,1.183785,1.279034,1.996023,0.000000,1.406313,1.564385,1.510196,1.249999,1.030062,0.823501,0.418691,0.436586,0.925085,1.152119,0.839252,0.924723,0.829783,0.820153,0.704771,0.281572,0.589480,0.204743,0.514596,0.431710,1.231216,1.137585,0.903121,0.880015,-0.118464,-0.251569,0.143389,-0.018481,0.388533,0.241346,0.828369,0.816074,0.600684,0.320137,0.648628,0.518359,0.617383,0.603149,0.380966,0.320252,0.465169,0.599728,0.306538,0.397122
0.784481,0.900478,0.071396,0.408072,0.292778,0.415980,0.233203,0.052152,0.246859,0.243025,0.095036,-0.162186,-0.092759,-0.128253,-0.004554,-0.186330,0.550289,0.283399,0.569809,0.881191,0.405064,0.225496,-0.245818,0.007946,0.460501,0.266906,0.605951,0.524972,0.285077,0.140275,0.259824,0.051170,0.644937,0.719490,0.361711,0.432962,0.127112,0.326105,0.316783,0.331796,0.188671,-0.039159,1.755393,1.598683,1.350411,1.406313,0.000000,1.855883,1.456965,1.123870,0.985246,0.790516,0.515457,0.547408,0.865958,1.035534,0.951087,0.936602,0.717611,0.663942,0.557301,0.125429,0.443976,0.084209,0.422130,0.228633,0.962146,0.809545,0.912753,0.953001,-0.133283,-0.206485,0.003975,-0.116599,0.183883,0.113215,0.684970,0.696267,0.530068,0.341705,0.533192,0.419224,0.480513,0.497754,0.256863,0.201879,0.367273,0.510941,0.250430,0.269929
0.708740,0.799008,0.084182,0.433132,0.275640,0.426411,0.206059,0.091821,0.247445,0.265131,0.084807,-0.128774,-0.067891,-0.087190,-0.014061,-0.111542,0.496163,0.250880,0.600080,0.776165,0.423793,0.278798,-0.224232,0.028670,0.488491,0.270574,0.618261,0.514431,0.325521,0.140766,0.264200,0.046656,0.668165,0.734796,0.353215,0.451065,0.135529,0.341826,0.331401,0.402124,0.136852,-0.012572,1.403681,1.665294,1.381700,1.564385,1.855883,0.000000,1.380717,1.106091,0.977907,0.804978,0.491370,0.548766,0.919343,1.205567,0.802851,0.810906,0.681265,0.651062,0.549734,0.156441,0.471903,0.086836,0.379718,0.267436,1.004194,0.905928,0.858986,0.813420,-0.128538,-0.226176,0.058629,-0.072729,0.262078,0.163320,0.698494,0.719720,0.547740,0.374986,0.574207,0.454240,0.539795,0.526904,0.292704,0.261129,0.379241,0.496963,0.264942,0.307100
