0.000000,1.329931,0.682779,0.527020,0.274275,0.167504,0.654793,0.474629,0.070012,0.103505,0.651381,0.571109,0.577413,0.548449,0.522179,0.648306,0.743627,0.651768,1.030561,0.960255,0.222768,0.124309,0.445782,0.339692,0.228599,-0.046624,0.215547,0.272702,0.195072,0.153686,0.219116,0.249732,0.642321,0.592805,0.231940,0.199984,0.067566,0.150975,0.149405,0.169265,0.078700,0.011879,0.480756,0.436503,0.582710,0.755433,0.618505,0.549681,0.582243,0.676947,0.531902,0.536832,0.645311,0.630121,0.649108,0.605975,1.570788,1.342785,0.958454,0.740768,0.547262,0.428744,0.345308,0.488673,0.314756,0.187291,0.847560,0.606704,1.158238,0.980380,0.062864,0.030727,0.531674,0.394663,0.497688,0.523814,0.240545,0.062711,0.313642,0.169247,0.536390,0.535082,-0.056323,0.035255,0.943173,0.557508,-0.020533,0.665886,0.836321,0.742136
1.329931,0.000000,0.705128,0.588238,0.412206,0.286780,0.734646,0.597255,0.199257,0.239106,0.730803,0.712363,0.665692,0.673497,0.525650,0.713633,0.689363,0.645871,0.953381,1.024211,0.208599,0.080174,0.421007,0.386953,0.298536,0.067334,0.203599,0.273771,0.217743,0.177224,0.180618,0.202227,0.627660,0.623672,0.196669,0.183324,0.045435,0.147727,0.128859,0.174824,0.024487,0.095143,0.470389,0.512345,0.538641,0.810548,0.651590,0.600955,0.540101,0.785552,0.658740,0.712842,0.764518,0.750343,0.727858,0.721272,1.083190,1.128364,0.816673,0.828743,0.497845,0.448790,0.354538,0.570324,0.271147,0.284764,0.786777,0.686076,1.028348,0.859546,0.064373,0.024099,0.552862,0.474396,0.505502,0.569043,0.338109,0.152111,0.217792,0.128793,0.472586,0.515355,-0.048276,0.021609,0.886003,0.678020,-0.064769,0.560664,0.711775,0.790074
0.682779,0.705128,0.000000,0.976524,0.525373,0.457972,1.126956,0.815045,0.530613,0.467156,0.482080,0.526840,0.554662,0.590946,0.519029,0.728578,0.514843,0.470317,1.008604,0.883750,0.429573,0.133423,1.198350,0.936839,0.849762,0.470961,0.587642,0.371117,0.284447,0.284054,0.466128,0.499483,0.611162,0.585251,0.561232,0.430115,0.281395,0.256814,0.348262,0.226997,0.326312,0.118028,0.678539,0.478180,0.454569,0.514787,0.626038,0.605343,0.426394,0.564362,0.618868,0.536383,0.670756,0.557740,0.712224,0.550078,0.521508,0.625661,0.699574,0.612652,0.537844,0.552027,0.353196,0.436461,0.836123,0.547503,0.754109,0.597424,0.787430,0.606317,0.249296,0.191413,0.672693,0.662228,0.552801,0.580034,0.538744,0.445935,0.238823,0.304502,0.453926,0.456513,0.223605,0.143255,0.542177,0.424400,0.287307,0.424014,0.747245,0.857373
0.527020,0.588238,0.976524,0.000000,0.636274,0.474937,0.908569,1.059284,0.661249,0.517496,0.429080,0.567400,0.501498,0.664408,0.467316,0.607181,0.402925,0.359482,0.737896,0.790211,0.266725,0.276557,0.929503,1.107895,0.749027,0.575755,0.519014,0.390647,0.259723,0.252660,0.455305,0.561121,0.658181,0.717177,0.513746,0.530686,0.237619,0.106374,0.113540,0.033849,0.225359,0.109553,0.455181,0.394823,0.366040,0.351005,0.469294,0.403199,0.344174,0.467405,0.424448,0.337265,0.348530,0.299211,0.495864,0.362975,0.405598,0.422718,0.498208,0.583712,0.489346,0.733336,0.435996,0.495239,0.597727,0.844607,0.488781,0.553327,0.487994,0.426244,0.300243,0.228486,0.678443,0.701989,0.529174,0.615063,0.605815,0.526930,0.294298,0.317001,0.501300,0.458759,0.156686,0.172431,0.371313,0.403899,0.129745,0.343943,0.652904,0.772862
0.274275,0.412206,0.525373,0.636274,0.000000,0.727540,0.669688,0.774606,1.159507,0.896226,0.549200,0.654725,0.692905,0.695717,0.758194,0.642305,0.473080,0.485996,0.512254,0.681187,0.411374,0.321353,0.469923,0.596579,0.530276,0.533091,0.347299,0.514405,0.405364,0.400687,0.041889,0.139242,0.369591,0.343089,0.199745,0.231165,0.202341,0.107803,-0.016823,-0.058262,0.126976,0.161944,0.462853,0.397204,0.264554,0.322565,0.556252,0.365758,0.301237,0.412525,0.475167,0.340263,0.479227,0.295925,0.500156,0.418382,0.204109,0.305098,0.415795,0.647851,0.507177,0.657252,0.628321,0.652810,0.342903,0.592947,0.387096,0.382890,0.357809,0.311276,-0.082375,-0.167568,0.423982,0.468719,0.500607,0.612785,0.357813,0.323255,0.308761,0.285842,0.472700,0.467723,0.156210,0.293557,0.329329,0.433984,-0.055456,0.240178,0.469680,0.646907
0.167504,0.286780,0.457972,0.474937,0.727540,0.000000,0.542691,0.566270,0.791131,1.185759,0.417566,0.395030,0.472713,0.595432,0.478017,0.584743,0.286116,0.242812,0.385908,0.455001,0.317251,0.301459,0.484413,0.538624,0.542921,0.778970,0.192927,0.346688,0.313943,0.248491,-0.022339,0.082943,0.347723,0.283579,0.235487,0.207026,0.102427,0.050513,-0.026827,0.077248,0.221608,0.293901,0.375526,0.396203,0.282610,0.352624,0.446975,0.327980,0.320511,0.458409,0.605182,0.517358,0.464981,0.380299,0.551217,0.527897,0.113992,0.158744,0.452637,0.526709,0.424184,0.394759,0.425883,0.379406,0.328254,0.494934,0.417495,0.465286,0.282509,0.326905,0.037218,-0.024028,0.299254,0.467635,0.482556,0.421421,0.300834,0.319335,0.272573,0.235842,0.401827,0.326091,0.124089,0.227805,0.331107,0.340828,0.043216,0.217165,0.409882,0.562465
0.654793,0.734646,1.126956,0.908569,0.669688,0.542691,0.000000,1.350172,0.677326,0.615358,0.826358,0.900279,0.801594,0.936642,0.596961,0.903478,0.648025,0.611347,1.104930,1.175305,0.329871,0.256846,0.758182,0.718418,0.631438,0.408802,0.327756,0.357546,0.437171,0.434007,0.366295,0.514611,0.844021,0.815437,0.499983,0.554592,0.323243,0.254973,0.192678,0.164859,0.333900,0.115933,0.804630,0.617747,0.480682,0.571202,0.771187,0.687355,0.535174,0.712269,0.803446,0.687892,0.782664,0.578712,0.885833,0.698023,0.536331,0.609913,0.895662,0.926969,0.912262,0.903153,0.775629,0.849111,0.638198,0.711516,0.897889,0.790556,0.692104,0.577286,0.248663,0.171475,0.824966,0.788502,0.724969,0.694707,0.587543,0.473675,0.353401,0.343263,0.643707,0.624870,0.236292,0.289986,0.644530,0.611035,0.216220,0.478589,0.956577,1.166647
0.474629,0.597255,0.815045,1.059284,0.774606,0.566270,1.350172,0.000000,0.813154,0.736404,0.718448,1.034630,0.743585,1.015318,0.582867,0.806083,0.594718,0.599442,0.854518,1.029301,0.311730,0.200077,0.724333,0.772014,0.661316,0.546900,0.336338,0.353656,0.484867,0.449084,0.410067,0.558946,0.797918,0.979826,0.506820,0.617022,0.373315,0.272840,0.144681,0.083770,0.339547,0.165880,0.745071,0.641342,0.441803,0.500046,0.734550,0.664572,0.490623,0.675757,0.710926,0.585834,0.637133,0.457568,0.777789,0.581896,0.377083,0.478659,0.652609,0.925774,0.826293,1.271232,0.741346,0.923032,0.557762,1.021367,0.693519,0.782688,0.493244,0.413992,0.246905,0.114090,0.827698,0.870432,0.675443,0.701814,0.606653,0.567823,0.372507,0.360647,0.655161,0.606150,0.262717,0.275357,0.481979,0.555724,0.132445,0.363412,0.760013,0.983913
0.070012,0.199257,0.530613,0.661249,1.159507,0.791131,0.677326,0.813154,0.000000,1.177611,0.387153,0.474921,0.547266,0.634954,0.553845,0.451463,0.321530,0.319649,0.452907,0.519766,0.240977,0.189205,0.525758,0.769976,0.778614,0.860995,0.362631,0.273275,0.472716,0.449302,0.168017,0.263388,0.300941,0.284198,0.181573,0.286126,0.320783,0.051740,-0.016255,-0.151706,0.313774,0.150551,0.480896,0.410510,0.250917,0.162373,0.459051,0.335444,0.305602,0.353758,0.452185,0.285225,0.408953,0.206284,0.447737,0.358063,-0.031084,0.050721,0.256968,0.422716,0.351172,0.583010,0.492039,0.476389,0.314598,0.579607,0.229487,0.252795,0.171711,0.086408,0.112948,0.063220,0.451321,0.604578,0.392083,0.463488,0.480737,0.566372,0.263333,0.358153,0.405851,0.348429,0.268020,0.306605,0.139853,0.243685,0.085142,0.026687,0.342948,0.573733
0.103505,0.239106,0.467156,0.517496,0.896226,1.185759,0.615358,0.736404,1.177611,0.000000,0.427526,0.492021,0.548999,0.666597,0.521824,0.573377,0.310639,0.295859,0.455794,0.534356,0.195904,0.138562,0.451926,0.654809,0.705724,0.861375,0.169374,0.154238,0.424123,0.378215,0.057973,0.131081,0.328424,0.339718,0.174311,0.234406,0.221372,0.108328,-0.015396,-0.073045,0.240858,0.254303,0.471560,0.409208,0.271979,0.320631,0.489027,0.387027,0.370305,0.482432,0.633434,0.472042,0.538617,0.376092,0.533928,0.473740,0.024683,0.110572,0.425287,0.590824,0.395985,0.578060,0.451517,0.478828,0.242714,0.530060,0.380734,0.427632,0.245382,0.226731,0.086594,-0.000287,0.351400,0.563154,0.424488,0.460166,0.389445,0.407011,0.245413,0.284722,0.402774,0.303038,0.154739,0.194251,0.237287,0.284039,0.004331,0.032325,0.396759,0.646694
0.651381,0.730803,0.482080,0.429080,0.549200,0.417566,0.826358,0.718448,0.387153,0.427526,0.000000,1.192623,1.484929,1.228948,0.814088,0.825587,0.871840,0.861998,0.650352,0.755015,0.359677,0.237821,0.380866,0.325544,0.421258,0.254016,0.115701,0.364886,0.604807,0.508468,0.222467,0.390585,0.581781,0.541430,0.275746,0.207468,0.392973,0.275038,0.201055,0.191408,0.308361,0.191874,0.426503,0.418360,0.302633,0.505047,0.543052,0.470119,0.285354,0.464592,0.563246,0.494798,0.578452,0.418746,0.674167,0.499613,0.658186,0.654295,0.754078,0.700285,0.926744,0.629633,0.714181,0.714452,0.282827,0.437448,0.682472,0.597317,0.575215,0.503191,0.111192,0.020070,0.684353,0.609027,0.769664,0.662423,0.330088,0.217605,0.490775,0.455507,0.636445,0.567458,0.067132,0.163666,0.642976,0.519427,-0.065902,0.354541,0.777688,0.772693
0.571109,0.712363,0.526840,0.567400,0.654725,0.395030,0.900279,1.034630,0.474921,0.492021,1.192623,0.000000,1.188015,1.356428,0.735222,0.875244,0.879834,1.001946,0.644584,0.859366,0.298564,0.251781,0.442096,0.423837,0.436848,0.325197,0.172531,0.378322,0.664566,0.570917,0.307559,0.481614,0.750575,0.809822,0.371700,0.367873,0.313703,0.271352,0.073486,0.056418,0.176065,0.120544,0.532150,0.587732,0.429325,0.624645,0.675337,0.638430,0.396317,0.596025,0.595126,0.571069,0.590815,0.489115,0.686270,0.574424,0.620565,0.675634,0.598952,0.841019,0.841728,0.973433,0.866489,1.046845,0.435422,0.691490,0.702985,0.744784,0.455245,0.457053,0.058417,-0.073925,0.671962,0.628693,0.685428,0.622000,0.276583,0.194863,0.516237,0.444224,0.706467,0.696628,0.171964,0.252593,0.616266,0.665364,-0.082328,0.363861,0.626181,0.773505
0.577413,0.665692,0.554662,0.501498,0.692905,0.472713,0.801594,0.743585,0.547266,0.548999,1.484929,1.188015,0.000000,1.314723,1.000095,0.883825,0.882032,0.887476,0.628360,0.736577,0.377962,0.198252,0.494720,0.457234,0.529111,0.386765,0.216784,0.401478,0.722469,0.608042,0.254543,0.405499,0.539277,0.550206,0.308820,0.225784,0.377710,0.284788,0.210016,0.154336,0.252935,0.168446,0.492967,0.535008,0.425266,0.541912,0.590058,0.559965,0.331457,0.512364,0.512605,0.434128,0.578966,0.400326,0.651007,0.497130,0.554265,0.634226,0.607998,0.668130,0.798582,0.702898,0.632438,0.679801,0.398325,0.533512,0.612758,0.546398,0.501293,0.423980,0.052525,-0.038615,0.631077,0.613306,0.707782,0.612893,0.274766,0.199270,0.508938,0.510666,0.685720,0.613228,0.178031,0.230648,0.617932,0.499916,-0.052973,0.332632,0.684443,0.767477
0.548449,0.673497,0.590946,0.664408,0.695717,0.595432,0.936642,1.015318,0.634954,0.666597,1.228948,1.356428,1.314723,0.000000,0.888114,1.014537,0.827809,0.819408,0.666417,0.808780,0.376119,0.280453,0.516263,0.594260,0.556103,0.472365,0.255734,0.424522,0.694372,0.589444,0.281143,0.474849,0.719645,0.651984,0.366084,0.381769,0.340970,0.201349,0.134736,0.071323,0.315836,0.158143,0.576570,0.662922,0.521719,0.620450,0.707798,0.654260,0.462266,0.673819,0.734044,0.649237,0.664611,0.525620,0.794847,0.621391,0.551348,0.577298,0.647209,0.789618,0.798494,0.890815,0.748418,0.835728,0.477392,0.762501,0.708053,0.719051,0.492057,0.423865,0.150586,0.038029,0.622564,0.690132,0.739094,0.650274,0.321185,0.270897,0.592578,0.517273,0.834480,0.719362,0.233484,0.283470,0.679322,0.641992,-0.013848,0.353540,0.686206,0.851382
0.522179,0.525650,0.519029,0.467316,0.758194,0.478017,0.596961,0.582867,0.553845,0.521824,0.814088,0.735222,1.000095,0.888114,0.000000,1.043444,0.961119,0.853538,0.607485,0.659886,0.570358,0.317600,0.504314,0.479799,0.437500,0.433315,0.443982,0.626417,0.746995,0.673699,0.220845,0.325617,0.518980,0.440127,0.254167,0.173682,0.369515,0.284246,0.273522,0.201369,0.342711,0.318465,0.561189,0.603858,0.545609,0.571379,0.696560,0.620558,0.446238,0.501555,0.504862,0.369349,0.538476,0.404356,0.677093,0.534873,0.473275,0.596331,0.476325,0.521765,0.457400,0.528229,0.579889,0.608347,0.361609,0.401297,0.516718,0.416603,0.548525,0.393053,-0.069533,-0.115212,0.486259,0.448945,0.579748,0.549901,0.129889,0.120650,0.584527,0.555356,0.970766,0.857040,0.367928,0.433495,0.719806,0.575623,0.029113,0.392204,0.714761,0.673066
0.648306,0.713633,0.728578,0.607181,0.642305,0.584743,0.903478,0.806083,0.451463,0.573377,0.825587,0.875244,0.883825,1.014537,1.043444,0.000000,0.829249,0.790950,0.842662,0.941971,0.512099,0.330420,0.628038,0.601316,0.447086,0.345283,0.371293,0.554203,0.630318,0.557977,0.294704,0.385325,0.713337,0.705786,0.383272,0.326142,0.294394,0.403088,0.151922,0.258656,0.249524,0.276893,0.667783,0.733418,0.608406,0.818690,0.789911,0.856402,0.605058,0.756466,0.837440,0.734206,0.756215,0.733464,0.837388,0.742160,0.636385,0.693694,0.753052,0.913005,0.651412,0.676900,0.711018,0.748869,0.501062,0.556589,0.813108,0.727241,0.673640,0.568784,-0.002199,-0.098602,0.608433,0.556144,0.697180,0.630384,0.229956,0.155231,0.634452,0.466282,0.953589,0.813818,0.329160,0.426990,0.802511,0.775717,0.102757,0.574543,0.827607,0.932429
0.743627,0.689363,0.514843,0.402925,0.473080,0.286116,0.648025,0.594718,0.321530,0.310639,0.871840,0.879834,0.882032,0.827809,0.961119,0.829249,0.000000,1.629143,0.689133,0.746346,0.448043,0.198603,0.385275,0.269465,0.418517,0.287758,0.399800,0.479302,0.848588,0.692258,0.235353,0.395103,0.595485,0.569839,0.259828,0.201668,0.360076,0.312847,0.302359,0.211678,0.371083,0.219173,0.584774,0.663487,0.621792,0.728447,0.766535,0.743833,0.447540,0.559120,0.533553,0.456305,0.638408,0.542475,0.672569,0.618168,0.826708,0.993479,0.550705,0.614911,0.567821,0.681713,0.677616,0.793411,0.435689,0.371701,0.652033,0.502367,0.686266,0.564795,-0.067679,-0.118501,0.590275,0.507379,0.574427,0.444692,0.035882,0.019222,0.769500,0.604905,1.195182,1.117437,0.339561,0.388064,0.863028,0.758747,0.088279,0.448379,0.715561,0.723246
0.651768,0.645871,0.470317,0.359482,0.485996,0.242812,0.611347,0.599442,0.319649,0.295859,0.861998,1.001946,0.887476,0.819408,0.853538,0.790950,1.629143,0.000000,0.600588,0.717557,0.428934,0.211334,0.367068,0.296852,0.386079,0.266696,0.390216,0.455550,0.811177,0.722549,0.221942,0.375402,0.549012,0.549573,0.242469,0.202163,0.343957,0.320671,0.224237,0.184006,0.265137,0.157124,0.514249,0.594352,0.505020,0.622620,0.671097,0.659019,0.371151,0.466323,0.489828,0.413984,0.605906,0.495304,0.592071,0.521398,0.787883,0.932144,0.475866,0.612175,0.582265,0.716660,0.683522,0.855194,0.436961,0.362500,0.578400,0.458629,0.551966,0.498875,-0.117648,-0.176684,0.574324,0.475853,0.478455,0.406975,0.025864,0.024695,0.790593,0.614895,0.996823,1.038262,0.336153,0.416677,0.749045,0.715509,0.053850,0.455422,0.592911,0.645994
1.030561,0.953381,1.008604,0.737896,0.512254,0.385908,1.104930,0.854518,0.452907,0.455794,0.650352,0.644584,0.628360,0.666417,0.607485,0.842662,0.689133,0.600588,0.000000,1.535683,0.292942,0.136457,0.695722,0.587265,0.432285,0.193420,0.289389,0.271388,0.254124,0.229088,0.299981,0.303838,0.805926,0.782741,0.397983,0.363509,0.232689,0.291738,0.113563,0.118457,0.211111,0.153418,0.805098,0.594334,0.545116,0.669163,0.848438,0.750944,0.597165,0.742599,0.724220,0.655104,0.821806,0.727700,0.825522,0.702740,0.761721,0.878291,1.033765,0.960638,0.702711,0.730826,0.561374,0.722010,0.482916,0.437167,0.996014,0.706779,1.151332,0.913154,0.135509,0.091980,0.791000,0.670261,0.648426,0.619918,0.523905,0.366001,0.284580,0.184859,0.599424,0.563432,0.099031,0.195836,0.770569,0.579353,0.070378,0.573381,1.053165,1.095073
0.960255,1.024211,0.883750,0.790211,0.681187,0.455001,1.175305,1.029301,0.519766,0.534356,0.755015,0.859366,0.736577,0.808780,0.659886,0.941971,0.746346,0.717557,1.535683,0.000000,0.316425,0.238568,0.618243,0.584961,0.440184,0.243918,0.222542,0.362420,0.380579,0.356770,0.254825,0.330401,0.922672,0.921992,0.393098,0.421962,0.190210,0.262514,0.015954,0.039871,0.129097,0.111941,0.834612,0.704261,0.571266,0.764116,1.027327,0.813517,0.619245,0.817440,0.799136,0.726722,0.878705,0.760104,0.897525,0.754324,0.784359,0.909422,1.009709,1.188198,0.732296,0.871271,0.708885,0.967478,0.452760,0.560563,1.070059,0.877593,0.985737,0.932364,0.066485,-0.004627,0.786066,0.649079,0.726924,0.709307,0.457034,0.319265,0.372851,0.244332,0.673579,0.704909,0.095115,0.258353,0.754988,0.716771,-0.038386,0.553000,0.945543,1.124658
0.222768,0.208599,0.429573,0.266725,0.411374,0.317251,0.329871,0.311730,0.240977,0.195904,0.359677,0.298564,0.377962,0.376119,0.570358,0.512099,0.448043,0.428934,0.292942,0.316425,0.000000,0.286496,0.433439,0.332647,0.345247,0.317667,0.590860,0.673512,0.383977,0.369067,0.257021,0.309703,0.349390,0.247202,0.383617,0.195406,0.227996,0.248632,0.307347,0.238193,0.293967,0.271837,0.333611,0.276968,0.255449,0.287648,0.341614,0.323391,0.223605,0.267029,0.350254,0.269645,0.362247,0.281947,0.374339,0.219165,0.236715,0.285427,0.309331,0.300232,0.332809,0.290709,0.282221,0.346363,0.471578,0.354749,0.381947,0.320620,0.355477,0.282890,0.121166,0.062481,0.319239,0.333575,0.404195,0.357636,0.144522,0.171809,0.320387,0.338761,0.466025,0.486913,0.377789,0.305431,0.378430,0.437329,0.167036,0.275639,0.343851,0.293538
0.124309,0.080174,0.133423,0.276557,0.321353,0.301459,0.256846,0.200077,0.189205,0.138562,0.237821,0.251781,0.198252,0.280453,0.317600,0.330420,0.198603,0.211334,0.136457,0.238568,0.286496,0.000000,0.160729,0.177369,0.104108,0.154942,0.160373,0.505414,0.205878,0.230009,0.105726,0.221263,0.399322,0.190907,0.247022,0.307451,-0.027718,-0.030335,-0.314822,-0.073278,-0.065550,-0.008275,0.152191,0.194707,0.190638,0.167273,0.234198,0.118679,0.153272,0.122474,0.187387,0.082699,0.099241,0.022045,0.199375,0.174813,0.204198,0.172903,0.220602,0.228170,0.241528,0.244841,0.401976,0.306352,0.215731,0.272202,0.260995,0.251607,0.150132,0.254416,-0.026678,-0.001550,0.239632,0.152350,0.406942,0.270932,0.107248,0.037048,0.356086,0.277882,0.288657,0.387419,-0.042791,0.333762,0.217621,0.235559,-0.043822,0.321972,0.292303,0.208720
0.445782,0.421007,1.198350,0.929503,0.469923,0.484413,0.758182,0.724333,0.525758,0.451926,0.380866,0.442096,0.494720,0.516263,0.504314,0.628038,0.385275,0.367068,0.695722,0.618243,0.433439,0.160729,0.000000,1.138913,0.917018,0.623943,0.677031,0.409910,0.261726,0.210149,0.685040,0.672422,0.493098,0.526352,0.639728,0.463352,0.392281,0.269336,0.346151,0.221423,0.452377,0.214820,0.535261,0.369992,0.345737,0.320738,0.447379,0.436669,0.317910,0.384910,0.416099,0.327642,0.409493,0.332337,0.509757,0.347397,0.341958,0.411466,0.483027,0.451985,0.488739,0.514154,0.320641,0.339637,0.856218,0.611350,0.489133,0.436656,0.545453,0.438442,0.257445,0.202103,0.655565,0.678723,0.508926,0.629373,0.620244,0.551840,0.239289,0.284519,0.383972,0.323883,0.261990,0.140042,0.366174,0.279945,0.295789,0.392088,0.614175,0.653915
0.339692,0.386953,0.936839,1.107895,0.596579,0.538624,0.718418,0.772014,0.769976,0.654809,0.325544,0.423837,0.457234,0.594260,0.479799,0.601316,0.269465,0.296852,0.587265,0.584961,0.332647,0.177369,1.138913,0.000000,0.925058,0.702156,0.597653,0.341878,0.248437,0.251628,0.481344,0.516125,0.410165,0.404225,0.444763,0.460539,0.383955,0.175974,0.231889,0.134089,0.323001,0.182215,0.447691,0.338509,0.288356,0.236091,0.363075,0.347284,0.356571,0.383548,0.450743,0.313934,0.399292,0.322746,0.473422,0.300296,0.237081,0.270227,0.387770,0.474779,0.342433,0.546028,0.295464,0.321453,0.619516,0.670522,0.368424,0.385050,0.408164,0.292455,0.243926,0.188313,0.508285,0.646417,0.401215,0.585397,0.595055,0.530220,0.241456,0.295084,0.389105,0.329118,0.186066,0.105819,0.313649,0.287845,0.250546,0.352408,0.539614,0.691392
0.228599,0.298536,0.849762,0.749027,0.530276,0.542921,0.631438,0.661316,0.778614,0.705724,0.421258,0.436848,0.529111,0.556103,0.437500,0.447086,0.418517,0.386079,0.432285,0.440184,0.345247,0.104108,0.917018,0.925058,0.000000,1.074151,0.579937,0.212939,0.551526,0.505944,0.473902,0.559595,0.360104,0.357832,0.463910,0.436752,0.486794,0.291485,0.347691,0.154032,0.516386,0.269461,0.435547,0.348024,0.289811,0.262360,0.372622,0.379846,0.264292,0.324378,0.478026,0.317159,0.454087,0.291415,0.461967,0.310554,0.147792,0.235040,0.322266,0.315891,0.331149,0.425429,0.248074,0.257998,0.558801,0.520256,0.360276,0.364261,0.353731,0.237122,0.309778,0.283127,0.565075,0.767891,0.450776,0.605249,0.553924,0.557887,0.288389,0.552302,0.386360,0.353216,0.310825,0.161539,0.220922,0.202498,0.291279,0.117165,0.433336,0.544468
-0.046624,0.067334,0.470961,0.575755,0.533091,0.778970,0.408802,0.546900,0.860995,0.861375,0.254016,0.325197,0.386765,0.472365,0.433315,0.345283,0.287758,0.266696,0.193420,0.243918,0.317667,0.154942,0.623943,0.702156,1.074151,0.000000,0.440046,0.242772,0.522487,0.494101,0.294227,0.409246,0.297976,0.287910,0.377071,0.389041,0.331078,0.089474,0.155748,0.022477,0.428016,0.275989,0.288224,0.340099,0.257487,0.175325,0.310881,0.267699,0.206168,0.248853,0.355691,0.238715,0.248935,0.126950,0.329567,0.269813,-0.089570,-0.013085,0.113684,0.162163,0.203912,0.345644,0.231551,0.226701,0.458961,0.567298,0.195025,0.304001,0.076801,0.034687,0.134319,0.121878,0.378488,0.568716,0.339828,0.387157,0.309411,0.456438,0.314651,0.536552,0.372041,0.357215,0.339155,0.262469,0.129838,0.191755,0.144765,-0.037204,0.186919,0.327870
0.215547,0.203599,0.587642,0.519014,0.347299,0.192927,0.327756,0.336338,0.362631,0.169374,0.115701,0.172531,0.216784,0.255734,0.443982,0.371293,0.399800,0.390216,0.289389,0.222542,0.590860,0.160373,0.677031,0.597653,0.579937,0.440046,0.000000,0.590346,0.291333,0.264309,0.396478,0.415688,0.186002,0.135244,0.315860,0.164254,0.245819,0.213240,0.325726,0.240394,0.285888,0.173310,0.329254,0.253428,0.258639,0.144900,0.170531,0.262373,0.161380,0.132364,0.178929,0.059572,0.195587,0.132010,0.220078,0.120230,0.160623,0.241805,0.123352,0.122171,0.116415,0.218778,0.124488,0.158593,0.565800,0.348162,0.150964,0.094381,0.284931,0.113470,0.104712,0.093852,0.312275,0.319740,0.146576,0.235298,0.212640,0.202720,0.355451,0.352701,0.438428,0.429049,0.521936,0.351376,0.252109,0.288221,0.466913,0.311327,0.298568,0.313530
0.272702,0.273771,0.371117,0.390647,0.514405,0.346688,0.357546,0.353656,0.273275,0.154238,0.364886,0.378322,0.401478,0.424522,0.626417,0.554203,0.479302,0.455550,0.271388,0.362420,0.673512,0.505414,0.409910,0.341878,0.212939,0.242772,0.590346,0.000000,0.267777,0.293370,0.069183,0.160055,0.265619,0.154949,0.210084,0.159148,0.026425,0.008774,0.113138,0.100398,0.107075,0.048523,0.267626,0.307773,0.193474,0.268572,0.328369,0.265763,0.161883,0.230283,0.284422,0.232703,0.240064,0.222757,0.345956,0.290742,0.258791,0.340335,0.195256,0.273241,0.244524,0.289515,0.327598,0.358575,0.404024,0.353361,0.249331,0.242508,0.311205,0.253977,-0.183721,-0.206350,0.249889,0.143259,0.343139,0.314353,0.048789,-0.006958,0.410920,0.265077,0.531976,0.540710,0.225479,0.426770,0.386492,0.428045,0.142120,0.395371,0.348280,0.311116
0.195072,0.217743,0.284447,0.259723,0.405364,0.313943,0.437171,0.484867,0.472716,0.424123,0.604807,0.664566,0.722469,0.694372,0.746995,0.630318,0.848588,0.811177,0.254124,0.380579,0.383977,0.205878,0.261726,0.248437,0.551526,0.522487,0.291333,0.267777,0.000000,1.483748,0.371267,0.592943,0.389051,0.405598,0.210243,0.221008,0.521318,0.332193,0.189125,0.104205,0.386354,0.182595,0.401460,0.507033,0.423997,0.378100,0.469467,0.505095,0.375783,0.336707,0.395670,0.252756,0.368953,0.273830,0.388439,0.307742,0.244946,0.286752,0.204138,0.297418,0.292474,0.425964,0.540335,0.440051,0.244160,0.293562,0.273022,0.261921,0.152975,0.096949,0.112991,0.062703,0.474242,0.462618,0.464650,0.370172,0.030910,0.146992,0.864286,1.082739,0.884885,0.790013,0.641259,0.586103,0.333413,0.367576,0.137443,0.093505,0.311661,0.394279
0.153686,0.177224,0.284054,0.252660,0.400687,0.248491,0.434007,0.449084,0.449302,0.378215,0.508468,0.570917,0.608042,0.589444,0.673699,0.557977,0.692258,0.722549,0.229088,0.356770,0.369067,0.230009,0.210149,0.251628,0.505944,0.494101,0.264309,0.293370,1.483748,0.000000,0.294520,0.489256,0.380134,0.348350,0.193241,0.280953,0.373000,0.194774,0.181367,0.086216,0.301718,0.053472,0.397749,0.494822,0.387125,0.309514,0.450081,0.477806,0.368363,0.301081,0.374577,0.235063,0.361188,0.203890,0.371213,0.294928,0.185535,0.248859,0.126897,0.241439,0.231358,0.398621,0.535885,0.436087,0.257410,0.261279,0.243706,0.238884,0.094095,0.048342,0.064692,0.052384,0.385715,0.383271,0.397947,0.372130,-0.020717,0.123827,0.845027,1.323172,0.794487,0.861172,0.635327,0.642106,0.324112,0.358761,0.182791,0.129940,0.309282,0.370988
0.219116,0.180618,0.466128,0.455305,0.041889,-0.022339,0.366295,0.410067,0.168017,0.057973,0.222467,0.307559,0.254543,0.281143,0.220845,0.294704,0.235353,0.221942,0.299981,0.254825,0.257021,0.105726,0.685040,0.481344,0.473902,0.294227,0.396478,0.069183,0.371267,0.294520,0.000000,1.348998,0.379785,0.469959,0.462199,0.382840,0.418181,0.280009,0.239300,0.121802,0.351920,0.190555,0.211972,0.153531,0.243856,0.126692,0.124331,0.210711,0.234392,0.184445,0.081293,0.020150,0.076174,0.004065,0.132862,0.002521,0.175718,0.139469,0.195496,0.152675,0.255652,0.284541,0.209875,0.124767,0.399742,0.313278,0.167428,0.156730,0.108041,0.080979,0.526017,0.478552,0.572538,0.557693,0.369505,0.455535,0.479202,0.472602,0.180248,0.344873,0.240743,0.152070,0.309036,0.105976,0.146777,0.067436,0.271475,0.075092,0.274955,0.249161
0.249732,0.202227,0.499483,0.561121,0.139242,0.082943,0.514611,0.558946,0.263388,0.131081,0.390585,0.481614,0.405499,0.474849,0.325617,0.385325,0.395103,0.375402,0.303838,0.330401,0.309703,0.221263,0.672422,0.516125,0.559595,0.409246,0.415688,0.160055,0.592943,0.489256,1.348998,0.000000,0.491398,0.549320,0.577868,0.504690,0.482933,0.250857,0.214989,0.077483,0.509599,0.206246,0.253365,0.229270,0.270331,0.138458,0.215180,0.258502,0.199302,0.173588,0.136131,0.056014,0.095918,0.019372,0.207991,0.059274,0.237822,0.176328,0.252785,0.201725,0.396119,0.413064,0.407624,0.276505,0.516094,0.468086,0.265147,0.260683,0.107216,0.082326,0.490906,0.453334,0.720648,0.662714,0.493056,0.522314,0.442476,0.467816,0.367376,0.522678,0.419717,0.348648,0.386747,0.224981,0.224715,0.183860,0.273110,0.119983,0.317208,0.317102
0.642321,0.627660,0.611162,0.658181,0.369591,0.347723,0.844021,0.797918,0.300941,0.328424,0.581781,0.750575,0.539277,0.719645,0.518980,0.713337,0.595485,0.549012,0.805926,0.922672,0.349390,0.399322,0.493098,0.410165,0.360104,0.297976,0.186002,0.265619,0.389051,0.380134,0.379785,0.491398,0.000000,1.354977,0.749969,0.767477,0.163681,0.221515,0.011726,0.027224,0.187109,0.073167,0.555741,0.552400,0.575705,0.606399,0.709331,0.636692,0.504400,0.641075,0.580350,0.557349,0.552390,0.467567,0.706715,0.560340,0.670383,0.643540,0.783267,0.786061,0.734122,0.786921,0.747274,0.836550,0.579642,0.687180,1.021244,1.017909,0.616161,0.655202,0.165673,0.115027,0.703425,0.547813,0.665951,0.652505,0.326570,0.322330,0.330835,0.299347,0.579881,0.672578,0.166343,0.236082,0.636043,0.621288,-0.055930,0.369590,0.697456,0.699277
0.592805,0.623672,0.585251,0.717177,0.343089,0.283579,0.815437,0.979826,0.284198,0.339718,0.541430,0.809822,0.550206,0.651984,0.440127,0.705786,0.569839,0.549573,0.782741,0.921992,0.247202,0.190907,0.526352,0.404225,0.357832,0.287910,0.135244,0.154949,0.405598,0.348350,0.469959,0.549320,1.354977,0.000000,0.709791,0.693737,0.234499,0.314127,0.049257,0.043225,0.180261,0.117214,0.508647,0.534015,0.510490,0.605643,0.642253,0.661127,0.465936,0.636415,0.503903,0.516518,0.481703,0.467871,0.603776,0.495442,0.596804,0.633915,0.700130,0.855929,0.775525,0.962020,0.697308,0.827997,0.518410,0.758818,0.841704,0.929806,0.526880,0.585407,0.179156,0.069659,0.745747,0.590407,0.581440,0.600133,0.350782,0.329443,0.293087,0.259849,0.535786,0.534711,0.146953,0.133021,0.506355,0.536273,-0.073766,0.323733,0.626677,0.680080
0.231940,0.196669,0.561232,0.513746,0.199745,0.235487,0.499983,0.506820,0.181573,0.174311,0.275746,0.371700,0.308820,0.366084,0.254167,0.383272,0.259828,0.242469,0.397983,0.393098,0.383617,0.247022,0.639728,0.444763,0.463910,0.377071,0.315860,0.210084,0.210243,0.193241,0.462199,0.577868,0.749969,0.709791,0.000000,1.044819,0.293117,0.317040,0.218670,0.144334,0.379517,0.228963,0.328096,0.235037,0.239260,0.218495,0.340501,0.349172,0.150311,0.269329,0.293856,0.228119,0.254469,0.176336,0.401272,0.199890,0.208936,0.227711,0.447146,0.336828,0.567354,0.514375,0.354390,0.427839,0.977581,0.743952,0.664690,0.627057,0.312647,0.276199,0.285666,0.239068,0.609424,0.515570,0.492331,0.577088,0.462427,0.509265,0.089881,0.221749,0.215417,0.271822,0.129899,0.015222,0.276005,0.213913,0.109638,0.248687,0.366472,0.328829
0.199984,0.183324,0.430115,0.530686,0.231165,0.207026,0.554592,0.617022,0.286126,0.234406,0.207468,0.367873,0.225784,0.381769,0.173682,0.326142,0.201668,0.202163,0.363509,0.421962,0.195406,0.307451,0.463352,0.460539,0.436752,0.389041,0.164254,0.159148,0.221008,0.280953,0.382840,0.504690,0.767477,0.693737,1.044819,0.000000,0.184835,0.095460,0.122833,-0.003147,0.373004,0.072811,0.377803,0.329135,0.313055,0.206558,0.434011,0.353755,0.276623,0.359996,0.368467,0.310461,0.304250,0.162648,0.429833,0.289972,0.162236,0.163152,0.325202,0.339191,0.412155,0.553611,0.371764,0.467384,0.655150,0.654972,0.544661,0.613318,0.220604,0.163817,0.261258,0.254686,0.527558,0.546466,0.432257,0.556975,0.489759,0.578580,0.068823,0.217545,0.231429,0.306130,0.114894,0.078939,0.258662,0.248265,0.131790,0.225745,0.352927,0.345325
0.067566,0.045435,0.281395,0.237619,0.202341,0.102427,0.323243,0.373315,0.320783,0.221372,0.392973,0.313703,0.377710,0.340970,0.369515,0.294394,0.360076,0.343957,0.232689,0.190210,0.227996,-0.027718,0.392281,0.383955,0.486794,0.331078,0.245819,0.026425,0.521318,0.373000,0.418181,0.482933,0.163681,0.234499,0.293117,0.184835,0.000000,0.717748,0.582613,0.466830,0.632130,0.360826,0.345639,0.132272,0.068246,0.036245,0.201132,0.246759,0.076322,0.034006,0.169374,0.011909,0.235066,0.112916,0.282426,0.113312,0.043018,0.097623,0.193784,0.170494,0.281726,0.301736,0.322382,0.212450,0.240844,0.240285,0.157598,0.142736,0.136470,-0.006703,0.277043,0.190844,0.365060,0.396251,0.279744,0.319088,0.382250,0.450884,0.229035,0.363884,0.327050,0.256749,0.330625,0.098213,0.161479,0.138424,0.341144,0.107205,0.391843,0.411541
0.150975,0.147727,0.256814,0.106374,0.107803,0.050513,0.254973,0.272840,0.051740,0.108328,0.275038,0.271352,0.284788,0.201349,0.284246,0.403088,0.312847,0.320671,0.291738,0.262514,0.248632,-0.030335,0.269336,0.175974,0.291485,0.089474,0.213240,0.008774,0.332193,0.194774,0.280009,0.250857,0.221515,0.314127,0.317040,0.095460,0.717748,0.000000,0.373544,0.657050,0.246543,0.475239,0.460510,0.267429,0.153258,0.234615,0.250187,0.426216,0.144468,0.134336,0.298882,0.143042,0.371485,0.287589,0.365145,0.200510,0.138592,0.248594,0.330592,0.335436,0.352307,0.297007,0.266150,0.291149,0.296274,0.236065,0.342457,0.256326,0.299371,0.181883,0.144876,0.043927,0.374148,0.327920,0.310771,0.300825,0.222766,0.224120,0.144434,0.189403,0.290893,0.259396,0.272459,0.154153,0.242314,0.287741,0.271743,0.394779,0.453555,0.381844
0.149405,0.128859,0.348262,0.113540,-0.016823,-0.026827,0.192678,0.144681,-0.016255,-0.015396,0.201055,0.073486,0.210016,0.134736,0.273522,0.151922,0.302359,0.224237,0.113563,0.015954,0.307347,-0.314822,0.346151,0.231889,0.347691,0.155748,0.325726,0.113138,0.189125,0.181367,0.239300,0.214989,0.011726,0.049257,0.218670,0.122833,0.582613,0.373544,0.000000,0.854591,0.618159,0.311778,0.228537,0.054581,0.047902,0.064625,0.065549,0.199205,0.024169,0.062814,0.125612,0.059888,0.245835,0.127836,0.261698,0.121059,0.080402,0.193693,0.122407,-0.002445,0.084050,0.056286,-0.080210,-0.012259,0.246824,0.072950,0.119769,0.067675,0.228066,-0.018500,0.175816,0.116915,0.153877,0.218752,0.106750,0.168069,0.165699,0.218700,-0.034185,0.104633,0.216837,0.181330,0.407482,-0.075546,0.254512,0.111637,0.716741,0.121303,0.334836,0.262397
0.169265,0.174824,0.226997,0.033849,-0.058262,0.077248,0.164859,0.083770,-0.151706,-0.073045,0.191408,0.056418,0.154336,0.071323,0.201369,0.258656,0.211678,0.184006,0.118457,0.039871,0.238193,-0.073278,0.221423,0.134089,0.154032,0.022477,0.240394,0.100398,0.104205,0.086216,0.121802,0.077483,0.027224,0.043225,0.144334,-0.003147,0.466830,0.657050,0.854591,0.000000,0.320566,0.392581,0.268592,0.183722,0.129617,0.191101,0.080973,0.272325,0.127914,0.139713,0.235774,0.189414,0.287060,0.230406,0.340801,0.240514,0.152397,0.238118,0.227143,0.131533,0.167395,0.011232,-0.001636,0.000687,0.182385,0.049597,0.194153,0.140800,0.253689,0.091944,0.069906,0.054177,0.143976,0.181126,0.183830,0.136844,0.086614,0.070528,0.084137,0.070049,0.235056,0.236016,0.311941,0.144416,0.381135,0.263567,0.724401,0.485382,0.458585,0.328040
0.078700,0.024487,0.326312,0.225359,0.126976,0.221608,0.333900,0.339547,0.313774,0.240858,0.308361,0.176065,0.252935,0.315836,0.342711,0.249524,0.371083,0.265137,0.211111,0.129097,0.293967,-0.065550,0.452377,0.323001,0.516386,0.428016,0.285888,0.107075,0.386354,0.301718,0.351920,0.509599,0.187109,0.180261,0.379517,0.373004,0.632130,0.246543,0.618159,0.320566,0.000000,0.462355,0.221119,0.177971,0.155285,0.042823,0.217116,0.236508,0.075914,0.110444,0.243024,0.153308,0.186479,0.082771,0.366631,0.216525,0.043215,0.044968,0.163593,0.059186,0.288754,0.229443,0.226264,0.172230,0.402027,0.280648,0.163633,0.122168,0.105399,-0.088083,0.281822,0.305691,0.473346,0.601275,0.396506,0.311743,0.313204,0.490340,0.164532,0.278304,0.360587,0.248703,0.418039,0.147942,0.222543,0.146838,0.447868,0.015325,0.318878,0.230724
0.011879,0.095143,0.118028,0.109553,0.161944,0.293901,0.115933,0.165880,0.150551,0.254303,0.191874,0.120544,0.168446,0.158143,0.318465,0.276893,0.219173,0.157124,0.153418,0.111941,0.271837,-0.008275,0.214820,0.182215,0.269461,0.275989,0.173310,0.048523,0.182595,0.053472,0.190555,0.206246,0.073167,0.117214,0.228963,0.072811,0.360826,0.475239,0.311778,0.392581,0.462355,0.000000,0.117899,0.125203,0.006776,0.070262,0.085162,0.143186,0.026681,0.070358,0.214649,0.146992,0.159378,0.129807,0.234172,0.164144,-0.064773,-0.032802,0.206964,0.123926,0.129131,0.083152,0.162593,0.186808,0.075560,0.145105,0.121948,0.109313,0.107282,-0.046915,0.143416,0.171662,0.357306,0.514390,0.295039,0.326674,0.312031,0.370968,-0.020689,-0.028905,0.263952,0.131569,0.247652,0.116351,0.236790,0.261778,0.179464,0.069733,0.251250,0.236986
0.480756,0.470389,0.678539,0.455181,0.462853,0.375526,0.804630,0.745071,0.480896,0.471560,0.426503,0.532150,0.492967,0.576570,0.561189,0.667783,0.584774,0.514249,0.805098,0.834612,0.333611,0.152191,0.535261,0.447691,0.435547,0.288224,0.329254,0.267626,0.401460,0.397749,0.211972,0.253365,0.555741,0.508647,0.328096,0.377803,0.345639,0.460510,0.228537,0.268592,0.221119,0.117899,0.000000,1.151767,0.841157,0.787495,1.261198,1.253533,0.797229,0.849982,0.895037,0.684272,1.084163,0.700349,1.077011,0.894640,0.348135,0.599583,0.573990,0.716423,0.431872,0.632355,0.443787,0.672953,0.476537,0.486074,0.850113,0.736269,0.655260,0.481200,0.089620,0.012524,0.421828,0.437276,0.490589,0.411305,0.302387,0.307674,0.315264,0.308691,0.620580,0.710744,0.314625,0.333590,0.694335,0.668773,0.287581,0.574110,0.770089,0.906738
0.436503,0.512345,0.478180,0.394823,0.397204,0.396203,0.617747,0.641342,0.410510,0.409208,0.418360,0.587732,0.535008,0.662922,0.603858,0.733418,0.663487,0.594352,0.594334,0.704261,0.276968,0.194707,0.369992,0.338509,0.348024,0.340099,0.253428,0.307773,0.507033,0.494822,0.153531,0.229270,0.552400,0.534015,0.235037,0.329135,0.132272,0.267429,0.054581,0.183722,0.177971,0.125203,1.151767,0.000000,1.284292,1.160373,1.224411,1.610730,0.930061,1.135680,0.905124,0.910389,0.853825,0.747574,1.010838,1.103126,0.413304,0.609516,0.428795,0.657777,0.370434,0.586386,0.451495,0.624756,0.432509,0.536625,0.728507,0.756641,0.443432,0.350966,-0.036888,-0.066099,0.360823,0.370417,0.496178,0.284327,0.049862,0.062525,0.514593,0.402685,0.810943,0.866782,0.327295,0.458801,0.811862,0.850725,0.141572,0.547361,0.555221,0.703275
0.582710,0.538641,0.454569,0.366040,0.264554,0.282610,0.480682,0.441803,0.250917,0.271979,0.302633,0.429325,0.425266,0.521719,0.545609,0.608406,0.621792,0.505020,0.545116,0.571266,0.255449,0.190638,0.345737,0.288356,0.289811,0.257487,0.258639,0.193474,0.423997,0.387125,0.243856,0.270331,0.575705,0.510490,0.239260,0.313055,0.068246,0.153258,0.047902,0.129617,0.155285,0.006776,0.841157,1.284292,0.000000,1.312302,1.043540,1.126659,1.162671,1.190625,0.736211,0.756031,0.707472,0.674837,0.807613,0.885309,0.572503,0.682570,0.462002,0.572415,0.309645,0.434994,0.293369,0.422081,0.449939,0.403348,0.735494,0.696537,0.474459,0.438874,0.062686,0.034469,0.294680,0.299366,0.408215,0.281209,-0.024793,-0.038097,0.440545,0.371714,0.666985,0.694862,0.249161,0.305045,0.831210,0.647733,0.047037,0.488429,0.500375,0.521269
0.755433,0.810548,0.514787,0.351005,0.322565,0.352624,0.571202,0.500046,0.162373,0.320631,0.505047,0.624645,0.541912,0.620450,0.571379,0.818690,0.728447,0.622620,0.669163,0.764116,0.287648,0.167273,0.320738,0.236091,0.262360,0.175325,0.144900,0.268572,0.378100,0.309514,0.126692,0.138458,0.606399,0.605643,0.218495,0.206558,0.036245,0.234615,0.064625,0.191101,0.042823,0.070262,0.787495,1.160373,1.312302,0.000000,1.101810,1.261446,1.005277,1.449166,0.936606,1.104708,0.935480,1.031820,0.979357,1.154419,0.796707,0.971551,0.722154,0.875849,0.457863,0.489178,0.380190,0.555833,0.369941,0.397008,1.029000,0.992958,0.691805,0.679279,-0.050934,-0.117176,0.304609,0.256635,0.465122,0.335766,-0.030541,-0.148751,0.428094,0.275648,0.679409,0.700369,0.105762,0.207492,0.998841,0.846421,-0.068588,0.558311,0.604214,0.692660
0.618505,0.651590,0.626038,0.469294,0.556252,0.446975,0.771187,0.734550,0.459051,0.489027,0.543052,0.675337,0.590058,0.707798,0.696560,0.789911,0.766535,0.671097,0.848438,1.027327,0.341614,0.234198,0.447379,0.363075,0.372622,0.310881,0.170531,0.328369,0.469467,0.450081,0.124331,0.215180,0.709331,0.642253,0.340501,0.434011,0.201132,0.250187,0.065549,0.080973,0.217116,0.085162,1.261198,1.224411,1.043540,1.101810,0.000000,1.343530,0.900404,1.112486,1.028702,0.930707,1.100335,0.911859,1.196234,1.131709,0.563301,0.782381,0.664464,0.851798,0.473027,0.670297,0.531756,0.797143,0.462212,0.498554,1.043306,0.924797,0.731181,0.646569,0.008258,-0.051531,0.479228,0.459859,0.608797,0.482407,0.187672,0.181863,0.396601,0.344218,0.713928,0.821939,0.167489,0.319388,0.814853,0.787550,-0.055228,0.491191,0.692475,0.785944
0.549681,0.600955,0.605343,0.403199,0.365758,0.327980,0.687355,0.664572,0.335444,0.387027,0.470119,0.638430,0.559965,0.654260,0.620558,0.856402,0.743833,0.659019,0.750944,0.813517,0.323391,0.118679,0.436669,0.347284,0.379846,0.267699,0.262373,0.265763,0.505095,0.477806,0.210711,0.258502,0.636692,0.661127,0.349172,0.353755,0.246759,0.426216,0.199205,0.272325,0.236508,0.143186,1.253533,1.610730,1.126659,1.261446,1.343530,0.000000,0.929810,1.181918,0.986737,0.972121,1.046255,0.988082,1.131207,1.196312,0.531113,0.772348,0.591752,0.794665,0.449105,0.642677,0.483358,0.692786,0.499627,0.516608,0.927842,0.861109,0.604418,0.473349,0.021644,-0.044827,0.435693,0.400466,0.547873,0.339609,0.106457,0.097826,0.432128,0.374997,0.769167,0.836968,0.315793,0.337692,0.836171,0.846935,0.172017,0.550593,0.655875,0.812946
0.582243,0.540101,0.426394,0.344174,0.301237,0.320511,0.535174,0.490623,0.305602,0.370305,0.285354,0.396317,0.331457,0.462266,0.446238,0.605058,0.447540,0.371151,0.597165,0.619245,0.223605,0.153272,0.317910,0.356571,0.264292,0.206168,0.161380,0.161883,0.375783,0.368363,0.234392,0.199302,0.504400,0.465936,0.150311,0.276623,0.076322,0.144468,0.024169,0.127914,0.075914,0.026681,0.797229,0.930061,1.162671,1.005277,0.900404,0.929810,0.000000,1.385225,0.994370,0.871112,0.811312,0.785137,0.810076,0.842036,0.493511,0.552036,0.615363,0.694753,0.289788,0.412759,0.298614,0.414560,0.250119,0.281339,0.660563,0.598046,0.498247,0.426241,0.136925,0.093916,0.293612,0.360113,0.422655,0.378943,0.131615,0.070455,0.343118,0.304231,0.548937,0.524689,0.231844,0.304811,0.673339,0.522957,0.095742,0.477102,0.547059,0.581866
