0.000000,1.078586,0.835878,0.592976,0.583205,0.461472,0.871962,0.646106,0.625900,0.489132,0.864335,0.582148,0.975684,0.729979,0.877752,0.623805,0.682505,0.844403,1.102783,0.973761,0.095008,0.481164,0.656625,0.497076,0.520232,0.552595,0.433225,0.437044,0.746351,0.528815,0.575450,0.492796,0.805413,0.857292,0.583726,0.560845,0.359639,0.255088,0.245805,0.440151,0.319892,0.069055,0.687708,0.583281,0.813032,0.647565,0.608407,0.527695,0.727830,0.660608,0.699846,0.680931,0.531003,0.368069,0.589167,0.713915,0.593812,0.634555,1.019775,0.809961,1.050795,0.938987,0.650234,0.819971,0.753234,0.644012,0.837593,0.747013,0.995442,0.708962,0.330528,0.426627,0.533424,0.325001,0.435464,0.458904,0.471939,0.409625,0.674969,0.114488,0.588013,0.606319,0.690930,0.522864,0.729875,0.521425,0.519230,0.440046,0.946365,0.718330
1.078586,0.000000,0.511018,0.420742,0.240353,0.311652,0.368690,0.305860,0.336146,0.237937,0.437611,0.359950,0.477702,0.387466,0.542520,0.436400,0.654758,0.835265,0.764351,1.051736,0.201386,0.570287,0.498099,0.239649,0.293347,0.398824,0.400715,0.410050,0.592327,0.580465,0.586456,0.482175,0.645850,0.706560,0.414464,0.375145,0.199883,0.334730,0.174197,0.390494,0.424960,0.127084,0.421671,0.373436,0.643300,0.453322,0.368021,0.317234,0.738214,0.657641,0.556265,0.495454,0.795699,0.507388,0.480815,0.573877,1.071749,1.225878,1.038580,0.937746,0.791585,0.838812,0.387492,0.756032,0.504832,0.339475,0.584948,0.476881,1.224771,0.530599,0.404695,0.566709,0.383148,0.278066,0.263105,0.285168,0.204485,0.234562,0.712175,0.295396,0.479723,0.660490,0.450178,0.380915,0.698659,0.454864,0.452382,0.386898,0.687302,0.653690
0.835878,0.511018,0.000000,1.356821,1.042201,0.746918,1.446136,1.228750,1.020948,0.986200,0.849544,0.707344,0.917383,0.863031,0.883352,0.785010,0.286588,0.424437,1.043883,0.702653,0.075772,0.408528,1.044186,1.112578,0.818313,0.772398,0.463048,0.490946,0.417640,0.288975,0.586189,0.592122,0.529720,0.617985,0.794522,0.810015,0.447430,0.263682,0.312892,0.399461,0.300941,0.179779,0.847960,0.736195,0.834585,0.909624,0.753645,0.722489,0.538031,0.656932,0.700811,0.741066,0.310694,0.440553,0.679412,0.753935,0.069102,0.125186,0.617865,0.553481,0.630592,0.671776,0.352868,0.364347,0.932472,1.108170,1.089718,1.047162,0.598208,0.929653,0.156618,0.344775,0.462369,0.323201,0.497346,0.474316,0.586659,0.652441,0.316543,-0.115889,0.390501,0.318102,0.606701,0.399725,0.613901,0.571997,0.590451,0.332917,0.836053,0.837582
0.592976,0.420742,1.356821,0.000000,0.912515,0.834524,0.999158,1.458223,0.929675,1.153458,0.613572,0.825771,0.657714,0.953175,0.642435,0.962027,0.297426,0.405508,0.899118,0.749974,0.045288,0.384248,0.820809,1.325336,0.681835,0.710978,0.321526,0.396423,0.350564,0.342512,0.576083,0.641336,0.584961,0.699458,0.728499,0.836501,0.528845,0.332364,0.312603,0.434192,0.351439,0.241728,0.695852,0.651060,0.594649,0.793672,0.595881,0.679177,0.341851,0.523348,0.557030,0.646225,0.297130,0.427390,0.611094,0.743276,-0.040992,0.041052,0.362812,0.424612,0.383541,0.550300,0.367256,0.334100,0.605440,1.115565,0.821537,1.019571,0.453644,0.815855,0.165119,0.246460,0.544213,0.523837,0.529003,0.536541,0.718338,0.819451,0.234098,-0.191737,0.457181,0.394017,0.490790,0.408968,0.604787,0.730159,0.536849,0.308609,0.643306,0.901823
0.583205,0.240353,1.042201,0.912515,0.000000,0.643491,1.125686,1.040876,1.373983,0.913524,0.831156,0.804187,0.936512,0.946325,0.958247,0.946194,0.208527,0.315781,0.719235,0.475861,0.058696,0.399013,0.741517,0.995166,0.770355,0.697074,0.441936,0.537484,0.370303,0.298280,0.540208,0.479255,0.519551,0.583784,0.693038,0.719230,0.372355,0.168995,0.256053,0.298030,0.183031,0.281446,0.802467,0.726446,0.625474,0.799999,0.773861,0.816152,0.457096,0.529129,0.666052,0.681146,0.173413,0.352783,0.554446,0.666901,-0.186614,-0.111466,0.388954,0.368640,0.456268,0.520951,0.512043,0.380372,0.702008,0.948491,0.840812,0.927728,0.289695,0.719400,0.121038,0.184241,0.354164,0.298679,0.526975,0.516938,0.719560,0.729398,0.218844,-0.213922,0.457604,0.336448,0.680070,0.507911,0.577511,0.686892,0.455191,0.408283,0.747905,0.731445
0.461472,0.311652,0.746918,0.834524,0.643491,0.000000,0.686868,0.802206,0.576034,0.844581,0.372643,0.437525,0.528207,0.626489,0.376742,0.532104,0.165867,0.242792,0.532888,0.511230,0.134531,0.364712,0.416633,0.648382,0.634508,0.551267,0.517427,0.713014,0.236743,0.304606,0.322307,0.455947,0.496056,0.601558,0.518286,0.491425,0.306190,0.247016,0.246738,0.377251,0.374615,0.138482,0.707203,0.724515,0.664166,0.754834,0.690393,0.723671,0.477081,0.578043,0.638549,0.607296,0.306144,0.378585,0.657524,0.601240,-0.021635,0.001298,0.392573,0.309979,0.375629,0.470939,0.315932,0.251535,0.393576,0.697539,0.741956,0.816341,0.316610,0.654453,0.037104,0.147539,0.326533,0.304156,0.467366,0.509275,0.442841,0.532213,0.174858,-0.141782,0.345212,0.323507,0.238040,0.259960,0.515254,0.442150,0.333356,0.201075,0.651863,0.736235
0.871962,0.368690,1.446136,0.999158,1.125686,0.686868,0.000000,1.306359,1.172145,0.902754,0.904376,0.769928,1.213781,0.995883,0.939849,0.796992,0.265503,0.387330,0.927047,0.504888,0.058571,0.298875,0.805696,0.918204,0.773383,0.683007,0.454248,0.476618,0.449278,0.254332,0.451995,0.463067,0.539027,0.618933,0.763766,0.769141,0.392440,0.182612,0.277231,0.328810,0.225454,0.107858,0.854973,0.751307,0.756874,0.861440,0.785955,0.724461,0.454240,0.533056,0.667587,0.693353,0.147097,0.218494,0.560679,0.627065,-0.029528,0.028979,0.560785,0.486698,0.689770,0.669864,0.480288,0.443903,0.974738,1.201228,1.005413,1.009270,0.443847,0.706415,0.138697,0.212158,0.433076,0.272645,0.496720,0.478507,0.597572,0.582692,0.250876,-0.222637,0.416426,0.304076,0.647387,0.430077,0.566161,0.555675,0.524509,0.353437,0.830646,0.690980
0.646106,0.305860,1.228750,1.458223,1.040876,0.802206,1.306359,0.000000,1.020515,1.237858,0.720727,1.016520,0.851480,1.273544,0.679150,0.994490,0.323150,0.410248,0.891207,0.606664,0.021699,0.325932,0.702743,1.229749,0.709922,0.673946,0.269013,0.407323,0.421437,0.392186,0.469053,0.520106,0.639172,0.738703,0.662397,0.861744,0.511200,0.247289,0.298436,0.387707,0.264546,0.204849,0.794132,0.759594,0.614694,0.846985,0.689016,0.786250,0.341474,0.491311,0.594708,0.686613,0.163252,0.281433,0.657728,0.707453,-0.147561,-0.050063,0.378015,0.405573,0.450348,0.618057,0.473059,0.388421,0.630235,1.440777,0.872917,1.140087,0.373030,0.804267,0.154611,0.159381,0.537695,0.467080,0.582577,0.615451,0.807735,0.857554,0.237912,-0.249421,0.482086,0.387522,0.494809,0.440813,0.563483,0.696818,0.498690,0.289513,0.642722,0.764890
0.625900,0.336146,1.020948,0.929675,1.373983,0.576034,1.172145,1.020515,0.000000,0.857035,0.754063,0.775183,0.895513,0.857746,0.997548,0.938236,0.260946,0.405986,0.776616,0.481525,0.152884,0.445927,0.704860,0.857814,0.688059,0.741005,0.457982,0.517673,0.453249,0.326767,0.558025,0.497868,0.532966,0.601957,0.719667,0.763524,0.301894,0.113146,0.280517,0.308035,0.114971,0.283202,0.673895,0.607547,0.581368,0.739221,0.647653,0.661618,0.413981,0.504778,0.602750,0.627717,0.168692,0.268913,0.515675,0.627697,-0.032902,0.037514,0.436154,0.426993,0.510959,0.515325,0.459771,0.417456,0.789080,1.004255,0.803181,0.852470,0.374121,0.598249,0.181878,0.199239,0.383727,0.311840,0.451696,0.477805,0.638821,0.626044,0.255679,-0.142815,0.449250,0.376515,0.610453,0.469267,0.529353,0.616962,0.465372,0.339100,0.707791,0.662121
0.489132,0.237937,0.986200,1.153458,0.913524,0.844581,0.902754,1.237858,0.857035,0.000000,0.631036,0.717618,0.732936,0.914086,0.603631,0.906344,0.182954,0.330977,0.738069,0.551445,-0.067416,0.242324,0.594377,1.050286,0.536913,0.542558,0.228611,0.332383,0.281739,0.236760,0.396407,0.445851,0.465146,0.570606,0.502504,0.620713,0.397788,0.243329,0.266162,0.292279,0.254004,0.190282,0.587031,0.545689,0.448379,0.624279,0.512443,0.616146,0.258078,0.414033,0.478046,0.535618,0.192757,0.316982,0.532225,0.605803,-0.164279,-0.081800,0.250776,0.234982,0.342871,0.494587,0.376307,0.271197,0.559341,1.129351,0.615337,0.744306,0.214943,0.728352,0.091609,0.193098,0.466944,0.434510,0.494377,0.538813,0.658922,0.763296,0.084080,-0.223397,0.376062,0.300766,0.388780,0.276295,0.494697,0.538578,0.406331,0.224794,0.514851,0.685825
0.864335,0.437611,0.849544,0.613572,0.831156,0.372643,0.904376,0.720727,0.754063,0.631036,0.000000,0.853537,1.281377,0.944437,1.102532,0.788821,0.525857,0.550453,0.973049,0.598052,0.007198,0.384958,0.727809,0.745189,0.606258,0.619857,0.406726,0.358848,0.704128,0.361005,0.718023,0.532674,0.681134,0.744963,0.678887,0.645329,0.324993,0.156114,0.306317,0.353169,0.298939,0.277530,0.813158,0.663713,0.736410,0.666542,0.794063,0.718539,0.488743,0.560250,0.623229,0.715041,0.299958,0.322915,0.631161,0.740200,0.085319,0.125883,0.496883,0.406961,0.686303,0.603116,0.589353,0.504908,0.754627,0.813115,0.679296,0.680417,0.445694,0.681574,0.156860,0.213186,0.523584,0.376894,0.508158,0.546516,0.591644,0.543666,0.502704,-0.025991,0.549199,0.473608,0.960238,0.587079,0.757951,0.617636,0.482363,0.386499,0.753166,0.687530
0.582148,0.359950,0.707344,0.825771,0.804187,0.437525,0.769928,1.016520,0.775183,0.717618,0.853537,0.000000,0.785691,1.369767,0.710268,1.068210,0.441253,0.552201,0.818230,0.620321,0.129506,0.497566,0.552100,0.908442,0.598106,0.584042,0.214647,0.310831,0.594219,0.540392,0.628738,0.522281,0.773147,0.781433,0.566490,0.722492,0.406271,0.311601,0.231450,0.330218,0.239018,0.292699,0.733245,0.712033,0.514040,0.719991,0.694427,0.795489,0.446795,0.601295,0.635583,0.779499,0.301497,0.410101,0.596420,0.737551,-0.091882,0.021635,0.369901,0.408967,0.409091,0.508321,0.531019,0.492626,0.435047,0.915787,0.656335,0.840587,0.369776,0.647821,0.325778,0.175019,0.533550,0.485295,0.605649,0.634855,0.884073,0.916794,0.386461,-0.136462,0.622772,0.577519,0.714702,0.690983,0.625878,0.882327,0.448100,0.336215,0.507981,0.711491
0.975684,0.477702,0.917383,0.657714,0.936512,0.528207,1.213781,0.851480,0.895513,0.732936,1.281377,0.785691,0.000000,1.171521,1.083763,0.878427,0.516534,0.630221,0.952836,0.607569,0.065426,0.361020,0.610290,0.627991,0.494268,0.530505,0.379648,0.392163,0.663867,0.385225,0.503748,0.406960,0.684341,0.725284,0.572396,0.585037,0.266573,0.220332,0.223588,0.267393,0.186262,0.128405,0.906919,0.775217,0.863654,0.856044,0.858336,0.800451,0.603854,0.654529,0.700293,0.761183,0.283558,0.317194,0.581706,0.724560,0.101845,0.127866,0.628264,0.501731,0.836400,0.809386,0.815658,0.684996,0.794426,0.950902,0.762060,0.742932,0.381608,0.569515,0.155199,0.218944,0.408413,0.247640,0.503444,0.465469,0.540914,0.497526,0.378753,-0.109647,0.623766,0.547199,0.802945,0.601398,0.807612,0.606675,0.486449,0.417485,0.969221,0.698770
0.729979,0.387466,0.863031,0.953175,0.946325,0.626489,0.995883,1.273544,0.857746,0.914086,0.944437,1.369767,1.171521,0.000000,0.776953,1.171953,0.532787,0.640986,0.909861,0.704991,0.033834,0.421819,0.538575,0.891439,0.513766,0.534274,0.255796,0.392062,0.622608,0.521579,0.533605,0.468858,0.892999,0.914882,0.534481,0.722626,0.392124,0.264217,0.252884,0.324194,0.190529,0.221703,0.944411,0.909143,0.726302,0.969684,0.837810,0.982429,0.537863,0.698479,0.700588,0.886341,0.299595,0.416656,0.668078,0.872136,-0.066848,0.003740,0.447045,0.461038,0.524563,0.721101,0.770537,0.660438,0.464733,1.106091,0.791455,0.999274,0.350765,0.708497,0.249050,0.184254,0.492130,0.395938,0.631584,0.629924,0.857566,0.830419,0.360431,-0.161005,0.732905,0.645490,0.638649,0.635891,0.724871,0.833886,0.463336,0.352612,0.690748,0.812278
0.877752,0.542520,0.883352,0.642435,0.958247,0.376742,0.939849,0.679150,0.997548,0.603631,1.102532,0.710268,1.083763,0.776953,0.000000,0.921140,0.455177,0.513380,0.892121,0.614332,0.256707,0.596476,0.883830,0.717498,0.602415,0.693655,0.616513,0.586023,0.796276,0.459768,0.812502,0.638216,0.665306,0.729682,0.883299,0.769504,0.319034,0.153516,0.323448,0.420884,0.234973,0.215482,0.783914,0.659484,0.768561,0.694203,0.745220,0.675583,0.597147,0.626012,0.817897,0.796542,0.461886,0.420760,0.697722,0.826638,0.169237,0.227695,0.666132,0.508239,0.792981,0.597822,0.467684,0.489161,0.988564,0.832464,0.866592,0.772407,0.579067,0.674418,0.198111,0.332189,0.420218,0.284971,0.496607,0.483254,0.517692,0.472282,0.522650,0.113901,0.542591,0.531036,1.005705,0.616663,0.750231,0.750814,0.617978,0.585918,0.897178,0.769829
0.623805,0.436400,0.785010,0.962027,0.946194,0.532104,0.796992,0.994490,0.938236,0.906344,0.788821,1.068210,0.878427,1.171953,0.921140,0.000000,0.632516,0.550901,0.813598,0.767808,0.157325,0.550002,0.560648,0.841130,0.393297,0.522108,0.288517,0.369328,0.762415,0.714915,0.649069,0.526362,0.873856,0.924709,0.571059,0.757847,0.283136,0.261431,0.170900,0.291703,0.177834,0.246069,0.696486,0.659951,0.606975,0.811536,0.651584,0.746592,0.498351,0.634269,0.605900,0.699340,0.424935,0.500734,0.623375,0.851616,0.032669,0.087064,0.452021,0.511855,0.465799,0.665650,0.747572,0.668957,0.442391,0.980222,0.634674,0.811831,0.383755,0.573937,0.241842,0.223109,0.506011,0.484853,0.640782,0.603531,0.691934,0.717786,0.493767,-0.005811,0.935019,0.869294,0.769311,0.830771,0.906212,1.040517,0.582396,0.480964,0.660936,0.937975
0.682505,0.654758,0.286588,0.297426,0.208527,0.165867,0.265503,0.323150,0.260946,0.182954,0.525857,0.441253,0.516534,0.532787,0.455177,0.632516,0.000000,0.752701,0.649059,0.833682,0.174731,0.402836,0.174366,0.177626,0.086087,0.194159,0.114022,0.132119,1.004488,0.926881,0.393195,0.278489,0.847526,0.760499,0.165010,0.309435,0.178642,0.242124,0.055539,0.172205,0.164852,0.097994,0.416772,0.386278,0.460004,0.423940,0.399252,0.355489,0.470760,0.434356,0.292672,0.338469,0.399230,0.278330,0.434014,0.494539,0.572311,0.517692,0.468123,0.522617,0.394230,0.532289,0.735071,0.777213,0.113727,0.272492,0.262322,0.315679,0.576061,0.302320,0.337474,0.274539,0.481811,0.368165,0.455474,0.465123,0.399983,0.332505,0.906449,0.268776,1.013650,1.080703,0.465455,0.705373,0.736278,0.458314,0.411461,0.417805,0.457508,0.457281
0.844403,0.835265,0.424437,0.405508,0.315781,0.242792,0.387330,0.410248,0.405986,0.330977,0.550453,0.552201,0.630221,0.640986,0.513380,0.550901,0.752701,0.000000,0.706448,0.781401,0.103795,0.517616,0.329243,0.288653,0.238179,0.403923,0.207993,0.290497,0.738476,0.632050,0.563922,0.464923,0.713937,0.778649,0.294601,0.355489,0.144506,0.285295,0.078814,0.274374,0.236483,0.249947,0.446807,0.428612,0.514097,0.445977,0.398791,0.394347,0.578622,0.557235,0.439666,0.529550,0.468534,0.341720,0.394343,0.558576,0.560172,0.582872,0.650564,0.650875,0.758991,0.800538,0.742232,0.946861,0.385262,0.470191,0.470195,0.497667,0.587241,0.435398,0.465032,0.329054,0.445825,0.355694,0.332556,0.406204,0.454587,0.413522,0.665450,0.225584,0.565233,0.714459,0.449217,0.487711,0.606839,0.494557,0.244076,0.314676,0.517987,0.514926
1.102783,0.764351,1.043883,0.899118,0.719235,0.532888,0.927047,0.891207,0.776616,0.738069,0.973049,0.818230,0.952836,0.909861,0.892121,0.813598,0.649059,0.706448,0.000000,1.157563,0.140401,0.464063,0.624340,0.706762,0.563133,0.558822,0.369301,0.382981,0.683675,0.545200,0.641625,0.483822,0.781679,0.842132,0.560934,0.579914,0.382297,0.319270,0.239172,0.406601,0.321991,0.179581,0.831068,0.732688,0.759108,0.753185,0.747342,0.691359,0.598519,0.681492,0.650127,0.705227,0.419007,0.472533,0.638799,0.782786,0.312123,0.372857,0.642490,0.595892,0.622642,0.723874,0.505977,0.583176,0.622286,0.766817,0.773176,0.773362,0.707645,0.749248,0.304361,0.409862,0.584322,0.437701,0.511424,0.548440,0.640694,0.640195,0.506851,0.016714,0.618870,0.587091,0.638120,0.484758,0.756359,0.564770,0.616050,0.434202,0.785680,0.799387
0.973761,1.051736,0.702653,0.749974,0.475861,0.511230,0.504888,0.606664,0.481525,0.551445,0.598052,0.620321,0.607569,0.704991,0.614332,0.767808,0.833682,0.781401,1.157563,0.000000,0.154053,0.526691,0.431873,0.477176,0.319611,0.353433,0.312929,0.342661,0.714586,0.740019,0.576995,0.455483,0.909715,0.927721,0.363325,0.407612,0.370304,0.378425,0.166160,0.382558,0.366999,0.226670,0.640004,0.606752,0.724508,0.652533,0.564380,0.560176,0.667502,0.667151,0.592794,0.578326,0.635749,0.572626,0.617908,0.772037,0.599904,0.590541,0.663492,0.625208,0.542447,0.739565,0.581721,0.657350,0.349236,0.488852,0.612307,0.627863,0.833586,0.693820,0.329499,0.439507,0.491765,0.438037,0.427856,0.497773,0.523840,0.588488,0.635145,0.203213,0.799285,0.873150,0.515576,0.568848,0.817514,0.592792,0.507418,0.387427,0.668735,0.831163
0.095008,0.201386,0.075772,0.045288,0.058696,0.134531,0.058571,0.021699,0.152884,-0.067416,0.007198,0.129506,0.065426,0.033834,0.256707,0.157325,0.174731,0.103795,0.140401,0.154053,0.000000,0.684263,0.121673,0.003859,0.189256,0.251670,0.434796,0.418722,0.304520,0.432867,0.282695,0.255494,0.124920,0.161833,0.198980,0.133602,-0.068619,0.030291,0.070937,0.107561,0.124214,0.177050,0.162172,0.175779,0.202765,0.166174,0.235365,0.157066,0.296613,0.278547,0.293776,0.231078,0.302621,0.239578,0.151929,0.118571,0.209402,0.180335,0.311697,0.317265,0.192044,0.166607,-0.013456,0.139178,0.117833,0.089029,0.264053,0.215864,0.292740,0.128221,0.236462,0.217600,0.120937,0.021777,0.228146,0.129001,-0.034200,0.034448,0.342923,0.183403,0.173333,0.291537,0.131999,0.280706,0.108764,0.140445,0.243236,0.321505,0.179934,0.171945
0.481164,0.570287,0.408528,0.384248,0.399013,0.364712,0.298875,0.325932,0.445927,0.242324,0.384958,0.497566,0.361020,0.421819,0.596476,0.550002,0.402836,0.517616,0.464063,0.526691,0.684263,0.000000,0.415584,0.349107,0.406869,0.523354,0.760164,0.810284,0.566279,0.657905,0.657931,0.577701,0.439860,0.567906,0.539273,0.536467,0.155764,0.126614,0.243861,0.355724,0.274994,0.458791,0.471849,0.469311,0.525407,0.520500,0.488210,0.459787,0.675228,0.720811,0.648896,0.696177,0.641811,0.574305,0.565647,0.643838,0.317445,0.348873,0.696625,0.645487,0.595171,0.591785,0.312212,0.502074,0.398017,0.438699,0.657978,0.621743,0.568137,0.572851,0.403023,0.463657,0.411422,0.368615,0.470244,0.475968,0.312209,0.329246,0.588049,0.219084,0.384719,0.550287,0.377490,0.458458,0.459602,0.512906,0.309435,0.404348,0.572161,0.625026
0.656625,0.498099,1.044186,0.820809,0.741517,0.416633,0.805696,0.702743,0.704860,0.594377,0.727809,0.552100,0.610290,0.538575,0.883830,0.560648,0.174366,0.329243,0.624340,0.431873,0.121673,0.415584,0.000000,1.129514,0.938558,1.039590,0.490828,0.454131,0.309623,0.166872,0.937643,1.038357,0.470283,0.577036,1.050930,0.930459,0.388445,0.195044,0.310353,0.367583,0.277198,0.203633,0.479616,0.385322,0.468909,0.453944,0.405471,0.395549,0.336715,0.447214,0.594024,0.595690,0.417852,0.364189,0.553838,0.645285,0.135453,0.259216,0.537129,0.481940,0.540736,0.413861,0.165590,0.267674,0.972472,0.709743,0.804898,0.757689,0.666644,0.807801,0.255698,0.442130,0.452786,0.387773,0.396333,0.420166,0.509512,0.528266,0.350939,-0.001824,0.173734,0.204845,0.632681,0.309441,0.463933,0.591420,0.411214,0.264079,0.643667,0.637344
0.497076,0.239649,1.112578,1.325336,0.995166,0.648382,0.918204,1.229749,0.857814,1.050286,0.745189,0.908442,0.627991,0.891439,0.717498,0.841130,0.177626,0.288653,0.706762,0.477176,0.003859,0.349107,1.129514,0.000000,0.978091,0.885442,0.363600,0.409204,0.270727,0.203443,0.729238,0.818253,0.532572,0.625722,0.878586,0.994800,0.569602,0.277360,0.349938,0.421715,0.317968,0.229967,0.617518,0.564837,0.436374,0.631032,0.525013,0.636044,0.250840,0.456638,0.597171,0.695840,0.263832,0.402436,0.628804,0.720712,-0.206911,-0.072123,0.286573,0.317451,0.319915,0.394292,0.292065,0.223801,0.639556,1.038742,0.809236,1.019772,0.395712,0.916646,0.122827,0.188217,0.532065,0.537499,0.521311,0.620463,0.848087,0.894566,0.201830,-0.212641,0.332114,0.275624,0.560597,0.391610,0.483176,0.777743,0.427964,0.307967,0.541994,0.787800
0.520232,0.293347,0.818313,0.681835,0.770355,0.634508,0.773383,0.709922,0.688059,0.536913,0.606258,0.598106,0.494268,0.513766,0.602415,0.393297,0.086087,0.238179,0.563133,0.319611,0.189256,0.406869,0.938558,0.978091,0.000000,1.195884,0.659153,0.705158,0.206236,0.189399,0.703137,0.840197,0.386441,0.512505,0.902354,0.795573,0.501517,0.228843,0.337644,0.433358,0.400480,0.241247,0.627717,0.561875,0.445901,0.484826,0.579624,0.552530,0.327560,0.415745,0.671676,0.640194,0.263211,0.304941,0.585352,0.517310,-0.070936,0.035661,0.346633,0.277882,0.403856,0.274908,0.124189,0.143819,0.762787,0.656322,0.854290,0.833058,0.471412,0.805336,0.178484,0.250810,0.405710,0.354676,0.429906,0.523553,0.632743,0.701632,0.306811,-0.084429,0.152244,0.169115,0.479030,0.308861,0.326830,0.470896,0.274927,0.268892,0.568242,0.558534
0.552595,0.398824,0.772398,0.710978,0.697074,0.551267,0.683007,0.673946,0.741005,0.542558,0.619857,0.584042,0.530505,0.534274,0.693655,0.522108,0.194159,0.403923,0.558822,0.353433,0.251670,0.523354,1.039590,0.885442,1.195884,0.000000,0.526411,0.672588,0.328586,0.320695,0.876135,1.165806,0.471129,0.623871,0.969543,0.837776,0.294526,0.208324,0.180347,0.278168,0.340696,0.289396,0.493690,0.406014,0.394184,0.433610,0.460089,0.443818,0.287335,0.413961,0.525557,0.570857,0.284521,0.254364,0.481349,0.488667,0.050358,0.144825,0.406125,0.381235,0.470116,0.352619,0.195527,0.292241,0.825009,0.737030,0.713973,0.739069,0.557991,0.759338,0.319624,0.353083,0.436582,0.414286,0.333401,0.445811,0.586192,0.640008,0.432124,0.079912,0.198832,0.277367,0.515333,0.381645,0.448845,0.519444,0.191930,0.176473,0.541445,0.527881
0.433225,0.400715,0.463048,0.321526,0.441936,0.517427,0.454248,0.269013,0.457982,0.228611,0.406726,0.214647,0.379648,0.255796,0.616513,0.288517,0.114022,0.207993,0.369301,0.312929,0.434796,0.760164,0.490828,0.363600,0.659153,0.526411,0.000000,1.220419,0.322999,0.213011,0.528203,0.525431,0.261879,0.359308,0.677891,0.472733,0.187769,0.047018,0.381026,0.438292,0.298467,0.226351,0.472662,0.452894,0.549510,0.474645,0.504472,0.408378,0.548481,0.545598,0.682639,0.630150,0.495607,0.414802,0.517244,0.499526,0.212275,0.250577,0.612336,0.461932,0.620492,0.472565,0.172002,0.293926,0.630583,0.398244,0.783299,0.615639,0.476268,0.573160,0.175445,0.279025,0.206271,0.135445,0.322801,0.327933,0.120142,0.142830,0.363976,0.141040,0.185556,0.251991,0.369850,0.251485,0.328023,0.376244,0.263533,0.420833,0.644870,0.571133
0.437044,0.410050,0.490946,0.396423,0.537484,0.713014,0.476618,0.407323,0.517673,0.332383,0.358848,0.310831,0.392163,0.392062,0.586023,0.369328,0.132119,0.290497,0.382981,0.342661,0.418722,0.810284,0.454131,0.409204,0.705158,0.672588,1.220419,0.000000,0.380050,0.356032,0.561433,0.626822,0.369285,0.491853,0.724787,0.563315,0.166092,0.104558,0.232796,0.369325,0.318867,0.230229,0.595830,0.592777,0.632101,0.572767,0.601215,0.575785,0.620224,0.597567,0.787596,0.721323,0.491765,0.422323,0.620837,0.550499,0.137932,0.184142,0.588264,0.433575,0.611254,0.530965,0.190090,0.331867,0.564068,0.500296,0.918585,0.791211,0.475995,0.676645,0.216247,0.291371,0.193250,0.138446,0.368278,0.400734,0.236498,0.253251,0.392354,0.183234,0.243077,0.318283,0.311684,0.275516,0.381570,0.456462,0.205064,0.363309,0.646942,0.621829
0.746351,0.592327,0.417640,0.350564,0.370303,0.236743,0.449278,0.421437,0.453249,0.281739,0.704128,0.594219,0.663867,0.622608,0.796276,0.762415,1.004488,0.738476,0.683675,0.714586,0.304520,0.566279,0.309623,0.270727,0.206236,0.328586,0.322999,0.380050,0.000000,0.999774,0.670253,0.470750,0.944278,0.913257,0.403099,0.480408,0.134667,0.117674,0.093465,0.294371,0.175036,0.166298,0.620136,0.585692,0.714765,0.585231,0.623791,0.526605,0.633742,0.537071,0.539544,0.563687,0.487531,0.290868,0.573242,0.655507,0.430623,0.395322,0.597809,0.499934,0.675638,0.602036,0.680765,0.761052,0.368205,0.503639,0.526973,0.558281,0.570901,0.417642,0.288098,0.216734,0.503791,0.332544,0.541639,0.510903,0.371965,0.301586,0.924759,0.347484,0.993521,1.034671,0.731373,0.836004,0.773679,0.653524,0.406175,0.469226,0.575359,0.569799
0.528815,0.580465,0.288975,0.342512,0.298280,0.304606,0.254332,0.392186,0.326767,0.236760,0.361005,0.540392,0.385225,0.521579,0.459768,0.714915,0.926881,0.632050,0.545200,0.740019,0.432867,0.657905,0.166872,0.203443,0.189399,0.320695,0.213011,0.356032,0.999774,0.000000,0.553516,0.420254,0.818935,0.790121,0.193888,0.352703,0.147739,0.225445,0.022727,0.222660,0.141963,0.265643,0.481722,0.468037,0.498180,0.458538,0.469946,0.436325,0.525595,0.457197,0.421011,0.417250,0.486659,0.362863,0.533245,0.584814,0.396275,0.416549,0.482501,0.474167,0.421828,0.503316,0.558878,0.698665,0.127902,0.319444,0.361639,0.423558,0.520631,0.379991,0.409619,0.371466,0.492404,0.430766,0.574062,0.503612,0.374026,0.389799,0.907757,0.378216,0.883597,1.072887,0.405173,0.714839,0.583392,0.501922,0.363732,0.406556,0.432997,0.486131
0.575450,0.586456,0.586189,0.576083,0.540208,0.322307,0.451995,0.469053,0.558025,0.396407,0.718023,0.628738,0.503748,0.533605,0.812502,0.649069,0.393195,0.563922,0.641625,0.576995,0.282695,0.657931,0.937643,0.729238,0.703137,0.876135,0.528203,0.561433,0.670253,0.553516,0.000000,1.359400,0.707265,0.870280,0.825530,0.795480,0.213677,0.162691,0.179711,0.354738,0.303687,0.373578,0.453411,0.381767,0.449852,0.375672,0.428343,0.373662,0.370519,0.429957,0.531837,0.571107,0.519006,0.384118,0.534362,0.637398,0.281111,0.342398,0.460946,0.419945,0.542999,0.416853,0.295152,0.458243,0.624141,0.546217,0.625106,0.638607,0.655421,0.717246,0.437228,0.462697,0.553888,0.499655,0.458451,0.511919,0.503489,0.503920,0.710106,0.239089,0.402746,0.533776,0.643046,0.485612,0.561928,0.708566,0.246283,0.300888,0.510579,0.630375
0.492796,0.482175,0.592122,0.641336,0.479255,0.455947,0.463067,0.520106,0.497868,0.445851,0.532674,0.522281,0.406960,0.468858,0.638216,0.526362,0.278489,0.464923,0.483822,0.455483,0.255494,0.577701,1.038357,0.818253,0.840197,1.165806,0.525431,0.626822,0.470750,0.420254,1.359400,0.000000,0.587898,0.776923,0.910741,0.853769,0.240215,0.188054,0.169764,0.303105,0.298649,0.317527,0.383953,0.309189,0.355325,0.314296,0.343721,0.309551,0.253314,0.336478,0.485249,0.493517,0.439995,0.286925,0.519106,0.543967,0.218031,0.274439,0.397143,0.354087,0.470384,0.337047,0.206662,0.323485,0.623977,0.558460,0.628652,0.663517,0.595552,0.752805,0.365808,0.414944,0.495777,0.510051,0.409455,0.484791,0.530477,0.556574,0.550211,0.239470,0.272538,0.402483,0.462194,0.362722,0.483741,0.616137,0.147770,0.187398,0.458693,0.561419
0.805413,0.645850,0.529720,0.584961,0.519551,0.496056,0.539027,0.639172,0.532966,0.465146,0.681134,0.773147,0.684341,0.892999,0.665306,0.873856,0.847526,0.713937,0.781679,0.909715,0.124920,0.439860,0.470283,0.532572,0.386441,0.471129,0.261879,0.369285,0.944278,0.818935,0.707265,0.587898,0.000000,1.615663,0.495238,0.592787,0.292030,0.178626,0.110262,0.272028,0.208486,0.168089,0.728700,0.709892,0.679978,0.693464,0.642709,0.668840,0.562944,0.593979,0.608432,0.622790,0.453524,0.330965,0.608616,0.758678,0.362487,0.394254,0.542119,0.525340,0.495378,0.559852,0.696796,0.792658,0.304556,0.515631,0.644188,0.759132,0.649206,0.555951,0.317158,0.235904,0.466068,0.391485,0.531274,0.595924,0.750515,0.612576,0.766695,0.192932,1.050490,1.060559,0.703256,0.809980,0.904646,0.866346,0.417033,0.331347,0.565532,0.695712
0.857292,0.706560,0.617985,0.699458,0.583784,0.601558,0.618933,0.738703,0.601957,0.570606,0.744963,0.781433,0.725284,0.914882,0.729682,0.924709,0.760499,0.778649,0.842132,0.927721,0.161833,0.567906,0.577036,0.625722,0.512505,0.623871,0.359308,0.491853,0.913257,0.790121,0.870280,0.776923,1.615663,0.000000,0.614325,0.685839,0.307206,0.171247,0.158049,0.371366,0.337397,0.244102,0.750653,0.726325,0.691140,0.670356,0.656627,0.670764,0.543234,0.599220,0.643414,0.671266,0.464380,0.344119,0.649291,0.792689,0.344571,0.402402,0.574366,0.560434,0.577941,0.637214,0.683931,0.779282,0.437663,0.652524,0.721032,0.864882,0.683302,0.642274,0.365876,0.299762,0.542726,0.512261,0.596607,0.677091,0.749026,0.660864,0.736452,0.138496,0.898558,0.974189,0.688785,0.709021,0.931688,0.907775,0.422305,0.324612,0.623353,0.787876
0.583726,0.414464,0.794522,0.728499,0.693038,0.518286,0.763766,0.662397,0.719667,0.502504,0.678887,0.566490,0.572396,0.534481,0.883299,0.571059,0.165010,0.294601,0.560934,0.363325,0.198980,0.539273,1.050930,0.878586,0.902354,0.969543,0.677891,0.724787,0.403099,0.193888,0.825530,0.910741,0.495238,0.614325,0.000000,1.198471,0.336015,0.145793,0.379979,0.483268,0.349097,0.281510,0.536528,0.473770,0.529916,0.526111,0.502357,0.486693,0.334222,0.475708,0.643096,0.674928,0.379955,0.318440,0.609771,0.639202,0.048932,0.149345,0.510104,0.409623,0.617661,0.409746,0.123330,0.229570,0.984314,0.830297,0.938355,0.911742,0.572913,0.788802,0.155758,0.241534,0.469110,0.404213,0.450970,0.460451,0.461477,0.461144,0.355260,-0.027929,0.192848,0.224485,0.587365,0.314595,0.488418,0.696117,0.388837,0.376855,0.616700,0.620274
0.560845,0.375145,0.810015,0.836501,0.719230,0.491425,0.769141,0.861744,0.763524,0.620713,0.645329,0.722492,0.585037,0.722626,0.769504,0.757847,0.309435,0.355489,0.579914,0.407612,0.133602,0.536467,0.930459,0.994800,0.795573,0.837776,0.472733,0.563315,0.480408,0.352703,0.795480,0.853769,0.592787,0.685839,1.198471,0.000000,0.398578,0.142810,0.338170,0.448429,0.207398,0.317735,0.535218,0.491340,0.481309,0.568152,0.474680,0.517417,0.302922,0.449396,0.580629,0.674620,0.359247,0.368563,0.680935,0.740143,-0.007204,0.110626,0.420801,0.401645,0.522665,0.443001,0.264167,0.307315,0.691571,0.906695,0.813780,0.933441,0.506802,0.797196,0.163984,0.218043,0.594164,0.513425,0.542715,0.652473,0.680342,0.623269,0.422718,0.005008,0.349980,0.356145,0.508641,0.386880,0.483653,0.774112,0.388723,0.342474,0.583463,0.657135
0.359639,0.199883,0.447430,0.528845,0.372355,0.306190,0.392440,0.511200,0.301894,0.397788,0.324993,0.406271,0.266573,0.392124,0.319034,0.283136,0.178642,0.144506,0.382297,0.370304,-0.068619,0.155764,0.388445,0.569602,0.501517,0.294526,0.187769,0.166092,0.134667,0.147739,0.213677,0.240215,0.292030,0.307206,0.336015,0.398578,0.000000,0.543106,0.710561,0.705341,0.494081,0.141618,0.424137,0.413333,0.243614,0.270660,0.360513,0.439259,0.127313,0.173705,0.463485,0.390295,0.249541,0.262980,0.567114,0.492176,-0.067268,0.019786,0.115969,0.068272,0.116439,0.125369,0.066447,-0.026922,0.306236,0.377421,0.415406,0.449631,0.302434,0.486041,-0.087612,-0.029961,0.408656,0.408375,0.355935,0.452860,0.601881,0.628205,0.104246,-0.167148,0.205966,0.123158,0.363076,0.234773,0.244486,0.404227,0.483863,0.446161,0.357768,0.419547
0.255088,0.334730,0.263682,0.332364,0.168995,0.247016,0.182612,0.247289,0.113146,0.243329,0.156114,0.311601,0.220332,0.264217,0.153516,0.261431,0.242124,0.285295,0.319270,0.378425,0.030291,0.126614,0.195044,0.277360,0.228843,0.208324,0.047018,0.104558,0.117674,0.225445,0.162691,0.188054,0.178626,0.171247,0.145793,0.142810,0.543106,0.000000,0.243179,0.386840,0.503973,0.103934,0.248347,0.255487,0.184494,0.209069,0.240606,0.300326,0.241747,0.272917,0.353140,0.256777,0.364821,0.338902,0.357729,0.303940,0.113060,0.161980,0.197028,0.177147,0.121682,0.202578,0.135825,0.159491,0.170655,0.227069,0.196801,0.208595,0.239054,0.208746,0.082121,0.161080,0.383813,0.360049,0.316684,0.309267,0.377978,0.498935,0.125997,-0.043123,0.221127,0.240923,0.168574,0.187407,0.349500,0.330136,0.283711,0.315024,0.275431,0.358456
0.245805,0.174197,0.312892,0.312603,0.256053,0.246738,0.277231,0.298436,0.280517,0.266162,0.306317,0.231450,0.223588,0.252884,0.323448,0.170900,0.055539,0.078814,0.239172,0.166160,0.070937,0.243861,0.310353,0.349938,0.337644,0.180347,0.381026,0.232796,0.093465,0.022727,0.179711,0.169764,0.110262,0.158049,0.379979,0.338170,0.710561,0.243179,0.000000,1.095646,0.296093,0.130358,0.383656,0.375311,0.329587,0.295036,0.411445,0.399035,0.193999,0.251729,0.448608,0.411972,0.220721,0.220709,0.580933,0.511623,0.000951,0.081795,0.277522,0.175937,0.262440,0.229051,-0.002578,-0.025453,0.354936,0.364822,0.430686,0.406415,0.173126,0.364248,-0.186874,-0.088147,0.143851,0.168483,0.150617,0.179551,0.205422,0.271968,0.031753,-0.181624,0.070718,0.022633,0.223906,-0.002806,0.161421,0.260859,0.619714,0.443922,0.407597,0.411927
0.440151,0.390494,0.399461,0.434192,0.298030,0.377251,0.328810,0.387707,0.308035,0.292279,0.353169,0.330218,0.267393,0.324194,0.420884,0.291703,0.172205,0.274374,0.406601,0.382558,0.107561,0.355724,0.367583,0.421715,0.433358,0.278168,0.438292,0.369325,0.294371,0.222660,0.354738,0.303105,0.272028,0.371366,0.483268,0.448429,0.705341,0.386840,1.095646,0.000000,0.468893,0.168478,0.518305,0.514039,0.502295,0.441146,0.528490,0.543685,0.386887,0.425019,0.649292,0.602236,0.449428,0.432293,0.706203,0.705500,0.139869,0.238630,0.449829,0.357070,0.425340,0.378208,0.122312,0.145303,0.404050,0.442913,0.584425,0.606189,0.405387,0.485562,-0.139988,-0.056491,0.227135,0.238761,0.218656,0.264559,0.271807,0.327020,0.218890,-0.078276,0.245200,0.214764,0.374643,0.171125,0.354953,0.470647,0.688161,0.587340,0.490126,0.604973
0.319892,0.424960,0.300941,0.351439,0.183031,0.374615,0.225454,0.264546,0.114971,0.254004,0.298939,0.239018,0.186262,0.190529,0.234973,0.177834,0.164852,0.236483,0.321991,0.366999,0.124214,0.274994,0.277198,0.317968,0.400480,0.340696,0.298467,0.318867,0.175036,0.141963,0.303687,0.298649,0.208486,0.337397,0.349097,0.207398,0.494081,0.503973,0.296093,0.468893,0.000000,0.306666,0.341960,0.398416,0.349687,0.260656,0.381878,0.386451,0.254078,0.316454,0.449610,0.392712,0.415523,0.283514,0.462737,0.283049,0.139096,0.185868,0.227323,0.218946,0.236754,0.257167,0.057966,0.076217,0.310090,0.336139,0.352940,0.364040,0.402592,0.414458,0.002650,0.096858,0.410844,0.362241,0.262013,0.394536,0.211715,0.318187,0.248483,-0.134777,0.160574,0.235595,0.322879,0.180529,0.476771,0.364819,0.246268,0.298654,0.376619,0.571294
0.069055,0.127084,0.179779,0.241728,0.281446,0.138482,0.107858,0.204849,0.283202,0.190282,0.277530,0.292699,0.128405,0.221703,0.215482,0.246069,0.097994,0.249947,0.179581,0.226670,0.177050,0.458791,0.203633,0.229967,0.241247,0.289396,0.226351,0.230229,0.166298,0.265643,0.373578,0.317527,0.168089,0.244102,0.281510,0.317735,0.141618,0.103934,0.130358,0.168478,0.306666,0.000000,0.205688,0.219482,0.190133,0.132272,0.226397,0.200182,0.095509,0.144680,0.196901,0.236194,0.181858,0.199206,0.324667,0.270736,-0.005134,-0.051518,0.004116,-0.022467,0.173317,0.101632,0.101272,0.082168,0.196829,0.222837,0.180480,0.205511,0.074893,0.312279,0.236450,0.192330,0.386697,0.434008,0.281473,0.359832,0.281334,0.364915,0.230325,0.054716,0.061043,0.165324,0.176740,0.161127,0.117857,0.218153,0.003793,0.001861,0.130685,0.201527
0.687708,0.421671,0.847960,0.695852,0.802467,0.707203,0.854973,0.794132,0.673895,0.587031,0.813158,0.733245,0.906919,0.944411,0.783914,0.696486,0.416772,0.446807,0.831068,0.640004,0.162172,0.471849,0.479616,0.617518,0.627717,0.493690,0.472662,0.595830,0.620136,0.481722,0.453411,0.383953,0.728700,0.750653,0.536528,0.535218,0.424137,0.248347,0.383656,0.518305,0.341960,0.205688,0.000000,1.760706,1.350955,1.311944,1.840658,1.628591,0.897595,0.903219,1.128159,1.117103,0.403242,0.566342,1.006381,0.975386,-0.001422,0.036458,0.556976,0.405753,0.564724,0.577363,0.481667,0.442019,0.515079,0.714090,1.066153,1.015527,0.403339,0.673908,-0.016901,0.074425,0.210191,0.159412,0.519161,0.463499,0.598185,0.582516,0.377733,-0.049330,0.625287,0.530605,0.671135,0.597608,0.675920,0.621214,0.590931,0.497316,0.824790,0.819361
0.583281,0.373436,0.736195,0.651060,0.726446,0.724515,0.751307,0.759594,0.607547,0.545689,0.663713,0.712033,0.775217,0.909143,0.659484,0.659951,0.386278,0.428612,0.732688,0.606752,0.175779,0.469311,0.385322,0.564837,0.561875,0.406014,0.452894,0.592777,0.585692,0.468037,0.381767,0.309189,0.709892,0.726325,0.473770,0.491340,0.413333,0.255487,0.375311,0.514039,0.398416,0.219482,1.760706,0.000000,1.278401,1.326940,1.572619,1.667625,0.893809,0.946121,1.128829,1.190765,0.432058,0.576724,0.943726,0.946547,-0.026509,0.018579,0.525082,0.387183,0.512198,0.572246,0.495171,0.431247,0.407042,0.700642,1.023782,1.062025,0.354242,0.615350,-0.012573,0.045384,0.188882,0.149136,0.487684,0.458946,0.538041,0.551739,0.315485,-0.061848,0.623371,0.549892,0.560069,0.545079,0.662194,0.679885,0.524982,0.449753,0.780074,0.881869
0.813032,0.643300,0.834585,0.594649,0.625474,0.664166,0.756874,0.614694,0.581368,0.448379,0.736410,0.514040,0.863654,0.726302,0.768561,0.606975,0.460004,0.514097,0.759108,0.724508,0.202765,0.525407,0.468909,0.436374,0.445901,0.394184,0.549510,0.632101,0.714765,0.498180,0.449852,0.355325,0.679978,0.691140,0.529916,0.481309,0.243614,0.184494,0.329587,0.502295,0.349687,0.190133,1.350955,1.278401,0.000000,1.391681,1.307443,1.130258,1.147969,1.049184,1.002795,0.999479,0.532297,0.559994,0.886195,0.912467,0.263525,0.234205,0.849836,0.613024,0.851844,0.802188,0.524321,0.562929,0.577915,0.663797,1.119363,0.958246,0.552079,0.599115,0.020257,0.201151,0.196273,0.099589,0.406871,0.312147,0.296824,0.303818,0.526255,0.108660,0.629353,0.595796,0.631682,0.557698,0.787922,0.574437,0.585188,0.468064,0.933369,0.868476
0.647565,0.453322,0.909624,0.793672,0.799999,0.754834,0.861440,0.846985,0.739221,0.624279,0.666542,0.719991,0.856044,0.969684,0.694203,0.811536,0.423940,0.445977,0.753185,0.652533,0.166174,0.520500,0.453944,0.631032,0.484826,0.433610,0.474645,0.572767,0.585231,0.458538,0.375672,0.314296,0.693464,0.670356,0.526111,0.568152,0.270660,0.209069,0.295036,0.441146,0.260656,0.132272,1.311944,1.326940,1.391681,0.000000,1.225436,1.401925,1.066981,1.281644,1.000538,1.150143,0.443345,0.671010,0.809596,0.962224,0.041105,0.066315,0.716490,0.647786,0.606551,0.752309,0.563187,0.571723,0.479704,0.850805,1.103021,1.139784,0.408015,0.605703,0.021256,0.135087,0.219306,0.161766,0.449980,0.381113,0.439081,0.428835,0.383538,-0.034508,0.733891,0.630689,0.633501,0.685539,0.806371,0.733964,0.630533,0.499725,0.828184,0.900705
0.608407,0.368021,0.753645,0.595881,0.773861,0.690393,0.785955,0.689016,0.647653,0.512443,0.794063,0.694427,0.858336,0.837810,0.745220,0.651584,0.399252,0.398791,0.747342,0.564380,0.235365,0.488210,0.405471,0.525013,0.579624,0.460089,0.504472,0.601215,0.623791,0.469946,0.428343,0.343721,0.642709,0.656627,0.502357,0.474680,0.360513,0.240606,0.411445,0.528490,0.381878,0.226397,1.840658,1.572619,1.307443,1.225436,0.000000,1.679909,0.900069,0.891795,1.080965,1.068373,0.399228,0.539587,0.930127,0.883241,-0.005310,-0.000155,0.566719,0.412252,0.559620,0.558853,0.462484,0.417428,0.468463,0.673431,0.998760,0.930627,0.351532,0.620329,-0.046206,0.029039,0.182914,0.135045,0.493412,0.434198,0.508200,0.522254,0.381854,-0.053128,0.621024,0.510728,0.668198,0.603676,0.699558,0.583304,0.588404,0.514391,0.794918,0.824550
0.527695,0.317234,0.722489,0.679177,0.816152,0.723671,0.724461,0.786250,0.661618,0.616146,0.718539,0.795489,0.800451,0.982429,0.675583,0.746592,0.355489,0.394347,0.691359,0.560176,0.157066,0.459787,0.395549,0.636044,0.552530,0.443818,0.408378,0.575785,0.526605,0.436325,0.373662,0.309551,0.668840,0.670764,0.486693,0.517417,0.439259,0.300326,0.399035,0.543685,0.386451,0.200182,1.628591,1.667625,1.130258,1.401925,1.679909,0.000000,0.899316,1.039565,1.156386,1.256905,0.443030,0.699377,0.944267,1.023630,-0.112391,-0.049907,0.501939,0.400566,0.454389,0.539714,0.493285,0.407722,0.377200,0.731998,0.949181,1.002349,0.281822,0.621343,-0.063182,0.007771,0.196443,0.199286,0.488194,0.505580,0.596855,0.616695,0.298574,-0.100667,0.658012,0.539186,0.626814,0.620225,0.707728,0.721330,0.568439,0.499573,0.727362,0.882869
0.727830,0.738214,0.538031,0.341851,0.457096,0.477081,0.454240,0.341474,0.413981,0.258078,0.488743,0.446795,0.603854,0.537863,0.597147,0.498351,0.470760,0.578622,0.598519,0.667502,0.296613,0.675228,0.336715,0.250840,0.327560,0.287335,0.548481,0.620224,0.633742,0.525595,0.370519,0.253314,0.562944,0.543234,0.334222,0.302922,0.127313,0.241747,0.193999,0.386887,0.254078,0.095509,0.897595,0.893809,1.147969,1.066981,0.900069,0.899316,0.000000,1.512623,1.143943,1.047163,0.814955,0.902353,0.734133,0.800454,0.381526,0.406745,1.095607,0.847326,0.748064,0.789917,0.481277,0.661609,0.379611,0.405935,0.888814,0.710056,0.573185,0.491833,0.198172,0.332128,0.133268,0.045736,0.342710,0.273401,0.214036,0.211514,0.576192,0.263287,0.564182,0.616779,0.493583,0.533715,0.686515,0.524768,0.483222,0.467299,0.765914,0.715812
