0.000000,1.020718,0.269081,0.317007,0.132397,0.183708,0.509902,0.256542,0.374566,0.213341,0.796964,0.546909,0.606959,0.513714,0.234674,0.090926,0.974797,0.617781,0.669829,0.621230,-0.037989,-0.151944,0.098114,0.169973,0.094281,-0.060678,0.154487,0.104049,0.735214,0.484536,-0.053821,-0.097454,0.560363,0.438243,0.198116,0.125995,0.049534,0.260474,0.325612,0.359100,-0.024681,-0.067137,0.614490,0.509960,0.375910,0.450681,0.560771,0.561290,0.637264,0.644674,0.448161,0.407020,0.632219,0.638444,0.663865,0.613709,1.413339,0.760790,0.859605,0.584604,0.497409,0.332053,0.658895,0.329065,-0.107733,0.126973,0.526283,0.408802,0.796466,0.403426,0.004414,-0.101556,0.524831,0.609523,0.386509,0.326170,0.754756,0.508189,0.422050,0.220342,0.833895,0.423320,0.556462,0.363151,0.357235,0.136799,0.099055,0.236149,0.358591,0.322329
1.020718,0.000000,0.313993,0.367536,0.103403,0.185306,0.421673,0.111650,0.377215,0.007002,0.521117,0.363425,0.471493,0.412849,0.246122,0.039366,0.784284,0.831496,0.467360,0.458485,0.042384,-0.199743,0.268841,0.238274,0.176078,0.009943,0.142378,0.064724,0.526698,0.316987,0.151466,0.092163,0.683274,0.512402,0.328610,0.322574,0.118785,0.378471,0.315130,0.342507,-0.009411,-0.079755,0.523361,0.493660,0.503398,0.536146,0.553971,0.535156,0.594351,0.639641,0.598278,0.340601,0.579048,0.645634,0.603704,0.547456,1.199720,1.270928,0.694702,0.461166,0.452372,0.200001,0.520482,0.345512,0.137317,0.020202,0.624848,0.464569,0.910869,0.466833,-0.038009,-0.127481,0.427679,0.536147,0.259614,0.292862,0.603375,0.509239,0.395354,0.314954,0.669790,0.458971,0.546896,0.522867,0.456443,0.282741,0.394780,0.262949,0.447821,0.235458
0.269081,0.313993,0.000000,1.488029,0.585848,0.474139,0.746868,0.664455,0.735349,0.588084,0.204263,0.295105,0.282946,0.315067,0.705810,0.458573,0.404088,0.356960,0.716326,0.927308,0.124494,0.285743,1.057963,0.943885,0.618346,0.577053,0.386619,0.315264,0.394525,0.426798,0.884062,0.870772,0.847174,0.990568,0.602837,0.467524,-0.051835,0.274455,0.661501,0.501860,-0.169529,-0.136804,0.552372,0.473972,0.562611,0.493524,0.649324,0.684769,0.360220,0.440027,0.571732,0.398719,0.589699,0.515352,0.771228,0.690123,0.291278,0.297906,0.477033,0.324981,0.616889,0.448408,0.409983,0.343477,0.771752,0.581520,0.873582,0.588552,0.452422,0.559394,0.291915,0.392966,0.697104,0.587873,0.386890,0.506436,0.883258,0.816710,0.385519,0.077290,0.311690,0.466568,0.257467,0.355576,0.352377,0.392723,0.446689,0.330628,0.833751,0.784600
0.317007,0.367536,1.488029,0.000000,0.663408,0.599473,0.748610,0.876631,0.729603,0.668551,0.190054,0.406632,0.259922,0.358740,0.609751,0.543528,0.461865,0.371802,0.603472,0.887981,0.179112,0.320054,0.905542,0.972488,0.531137,0.529407,0.373091,0.305394,0.408358,0.528538,0.711359,0.823303,0.821838,1.046923,0.584951,0.537885,-0.019010,0.332775,0.610760,0.504338,-0.119357,-0.070325,0.641871,0.586726,0.591805,0.597570,0.710664,0.786208,0.376787,0.554835,0.616748,0.549570,0.670969,0.560028,0.876824,0.771405,0.322296,0.316431,0.529416,0.475110,0.601663,0.541798,0.341849,0.326489,0.669327,0.750215,0.905390,0.786524,0.436506,0.558960,0.200347,0.229361,0.667779,0.686985,0.421317,0.504077,0.845305,0.891314,0.387140,0.129325,0.367105,0.523706,0.346762,0.362596,0.374037,0.484574,0.469187,0.368851,0.801106,0.920895
0.132397,0.103403,0.585848,0.663408,0.000000,0.780237,0.352499,0.419853,0.696553,0.589009,-0.061626,0.053868,0.030529,0.118500,0.290514,0.284129,0.283203,0.187478,0.186547,0.448007,0.139225,0.339101,0.361660,0.478618,0.371349,0.376445,0.668480,0.482637,0.175335,0.233414,0.298547,0.387956,0.541959,0.597930,0.433090,0.332322,-0.081954,0.161944,0.295510,0.107521,-0.135708,-0.023389,0.188819,0.204359,0.395740,0.442730,0.258595,0.353155,0.172529,0.300969,0.287084,0.401942,0.194026,0.283901,0.339638,0.335864,0.169234,0.114250,0.373683,0.343808,0.434343,0.350347,0.128928,0.111723,0.416514,0.568862,0.587480,0.632630,0.231835,0.359034,0.244081,0.322317,0.427521,0.351306,0.295020,0.335854,0.336215,0.276170,0.305761,0.066261,0.133909,0.309979,0.101877,0.204156,0.090968,0.261170,0.203765,0.211089,0.441156,0.454133
0.183708,0.185306,0.474139,0.599473,0.780237,0.000000,0.448691,0.474908,0.859049,0.908085,0.166333,0.316486,0.308108,0.177612,0.398695,0.437662,0.299105,0.180636,0.214641,0.342538,0.190638,0.161014,0.366054,0.560921,0.412624,0.314188,0.687490,0.642805,0.311128,0.267990,0.106279,0.215503,0.378132,0.464492,0.436758,0.413288,-0.048740,0.181173,0.367007,0.260850,0.052535,0.080929,0.337633,0.374553,0.402069,0.387981,0.330587,0.403110,0.273953,0.380368,0.366611,0.567456,0.254275,0.239085,0.344106,0.297227,0.214510,0.123409,0.491581,0.545511,0.565583,0.568919,0.133142,0.042276,0.474574,0.832129,0.546637,0.642807,0.235879,0.295747,0.140805,0.217034,0.464402,0.533836,0.337935,0.440084,0.302243,0.304495,0.163243,0.226298,0.275693,0.291354,0.127344,0.357186,0.317224,0.423628,0.373758,0.371949,0.671039,0.710598
0.509902,0.421673,0.746868,0.748610,0.352499,0.448691,0.000000,1.119005,0.771264,0.619622,0.741468,0.893746,0.810552,0.760533,0.535054,0.364896,0.486092,0.277165,0.731151,0.607540,0.096812,0.103149,0.367511,0.356375,0.277588,0.324570,0.120418,0.145802,0.796138,0.700240,0.267554,0.317405,0.755591,0.862804,0.305113,0.290991,0.015306,0.286575,0.457035,0.353986,-0.221571,-0.140166,0.776173,0.672272,0.439535,0.523880,0.803146,0.814108,0.828697,0.716070,0.723869,0.837485,0.816729,0.400107,0.826738,0.523136,0.410193,0.235046,1.128209,0.659653,1.126946,0.793739,0.344660,0.316329,0.403660,0.858778,0.913236,0.772005,0.408104,0.374711,-0.037601,0.044700,0.720300,0.747245,0.427635,0.494556,0.853693,0.749696,0.167460,0.142428,0.496515,0.410305,0.356319,0.311577,0.309820,0.345624,0.179563,0.160264,0.493874,0.679448
0.256542,0.111650,0.664455,0.876631,0.419853,0.474908,1.119005,0.000000,0.574249,0.847991,0.299881,0.757955,0.371746,0.585242,0.355540,0.391746,0.260211,0.082492,0.411207,0.504349,0.169147,0.259921,0.266869,0.345792,0.138158,0.336936,0.110828,0.134117,0.420320,0.682912,0.244745,0.366686,0.506766,0.758967,0.211544,0.225875,-0.070210,0.233075,0.366674,0.278498,-0.200765,-0.013912,0.615799,0.565447,0.263827,0.374127,0.625625,0.692267,0.480019,0.563936,0.468838,0.784005,0.630006,0.290742,0.672289,0.439552,0.154706,-0.008569,0.664511,0.622188,0.726713,0.890293,0.164555,0.275425,0.301680,1.164454,0.614631,0.709073,0.133938,0.257255,-0.021005,0.015045,0.472968,0.555055,0.413137,0.433528,0.669179,0.682964,0.039196,-0.020063,0.260774,0.261333,0.250824,0.137616,0.124333,0.287733,0.114995,0.164467,0.356642,0.747253
0.374566,0.377215,0.735349,0.729603,0.696553,0.859049,0.771264,0.574249,0.000000,0.860854,0.415155,0.562560,0.581171,0.499781,0.666117,0.518026,0.564752,0.413909,0.497046,0.623089,0.094756,0.071183,0.526937,0.608912,0.587684,0.465143,0.584078,0.498775,0.562922,0.460844,0.284101,0.345240,0.689043,0.736012,0.556871,0.501697,0.032647,0.226545,0.555150,0.351059,-0.061384,-0.102889,0.411204,0.415105,0.491550,0.542640,0.510822,0.611061,0.485768,0.558087,0.634967,0.675033,0.530881,0.510958,0.620851,0.528146,0.453946,0.402254,0.796330,0.709261,0.916882,0.700707,0.409959,0.363465,0.601378,0.808646,0.903874,0.851179,0.574187,0.576349,0.157845,0.187770,0.704215,0.654427,0.345585,0.551355,0.626624,0.535862,0.363215,0.248447,0.381913,0.473692,0.223347,0.392483,0.396555,0.474015,0.275030,0.320865,0.695199,0.736169
0.213341,0.007002,0.588084,0.668551,0.589009,0.908085,0.619622,0.847991,0.860854,0.000000,0.291919,0.583421,0.425817,0.422412,0.551144,0.542924,0.308689,0.120297,0.377367,0.561090,0.166914,0.198301,0.347411,0.557576,0.428318,0.513622,0.559893,0.486484,0.371183,0.495958,0.108251,0.247257,0.292189,0.461191,0.248525,0.222332,-0.141287,0.132100,0.426881,0.320456,-0.075139,0.026800,0.320621,0.301511,0.159693,0.255101,0.379683,0.476834,0.232180,0.372705,0.317204,0.646224,0.479452,0.321960,0.545710,0.449605,0.141935,0.013150,0.521533,0.727513,0.663493,0.896724,0.263643,0.264104,0.351072,1.140374,0.505279,0.604848,0.262803,0.404536,0.132175,0.194702,0.455296,0.614151,0.408299,0.440218,0.477675,0.386301,0.190176,0.013897,0.252514,0.282807,0.145316,0.212608,0.295137,0.405841,0.155414,0.340274,0.660162,1.061103
0.796964,0.521117,0.204263,0.190054,-0.061626,0.166333,0.741468,0.299881,0.415155,0.291919,0.000000,0.984135,1.515639,0.860500,0.533224,0.334167,0.565208,0.308214,0.824445,0.486400,-0.120357,-0.156050,0.173968,0.199873,0.312565,0.181665,0.094701,0.168082,0.810438,0.487309,-0.106289,-0.065296,0.308848,0.243789,0.018008,0.026832,0.005155,0.110015,0.351202,0.310695,-0.121982,-0.167301,0.478821,0.393410,0.178012,0.302121,0.494171,0.443570,0.645223,0.481931,0.512037,0.494916,0.657156,0.366481,0.576327,0.457523,0.537740,0.364625,0.823851,0.507156,0.583102,0.423017,0.452303,0.211730,0.001317,0.255116,0.450250,0.346749,0.654657,0.403981,-0.074654,-0.089972,0.532482,0.591713,0.309317,0.303962,0.603454,0.407421,0.215847,0.125543,0.667108,0.279704,0.407053,0.374587,0.594561,0.313408,0.138327,0.219078,0.394582,0.413796
0.546909,0.363425,0.295105,0.406632,0.053868,0.316486,0.893746,0.757955,0.562560,0.583421,0.984135,0.000000,0.964593,1.176123,0.530365,0.567585,0.479275,0.278141,0.545371,0.470322,0.021723,-0.062662,0.157677,0.289720,0.286585,0.290353,0.051269,0.191835,0.675240,0.691949,-0.050394,0.047841,0.372086,0.416962,0.068618,0.149961,-0.014308,0.166266,0.317121,0.348045,-0.131865,-0.073286,0.560388,0.582474,0.208983,0.432739,0.626849,0.664139,0.656743,0.733167,0.647038,0.826867,0.830093,0.453989,0.726436,0.584675,0.370921,0.233561,0.905708,0.826683,0.767207,0.791948,0.437172,0.440019,0.104237,0.626762,0.566784,0.627189,0.447205,0.337597,-0.174605,-0.199625,0.448362,0.611404,0.257626,0.361646,0.631781,0.559988,0.065660,0.096097,0.477607,0.346501,0.403507,0.260561,0.530647,0.454544,0.059072,0.186634,0.322079,0.563710
0.606959,0.471493,0.282946,0.259922,0.030529,0.308108,0.810552,0.371746,0.581171,0.425817,1.515639,0.964593,0.000000,0.935499,0.699199,0.497273,0.471083,0.264509,0.679921,0.428848,-0.127320,-0.076988,0.352521,0.386645,0.448733,0.320828,0.158901,0.259341,0.637941,0.418123,-0.003913,0.070612,0.312381,0.269852,0.151145,0.164195,-0.009343,0.101275,0.458075,0.376941,-0.085082,-0.100749,0.444777,0.358246,0.205085,0.299955,0.501532,0.443509,0.548411,0.446450,0.575371,0.565861,0.642260,0.380166,0.571110,0.440222,0.426424,0.325122,0.737535,0.442199,0.615001,0.391330,0.362893,0.114716,0.174196,0.378669,0.495774,0.420566,0.574622,0.412966,-0.085119,-0.039800,0.504315,0.588714,0.246430,0.339596,0.533564,0.400749,0.153630,0.126218,0.507450,0.300836,0.314079,0.420084,0.710963,0.515864,0.255827,0.346925,0.522584,0.569433
0.513714,0.412849,0.315067,0.358740,0.118500,0.177612,0.760533,0.585242,0.499781,0.422412,0.860500,1.176123,0.935499,0.000000,0.525569,0.499084,0.391047,0.347320,0.523705,0.473990,-0.098270,-0.066399,0.236707,0.323909,0.415893,0.424536,0.003916,0.152789,0.457892,0.473594,0.058641,0.123693,0.417063,0.383728,0.148151,0.100360,-0.048196,0.174361,0.278862,0.298212,-0.330931,-0.175934,0.445744,0.410032,0.176117,0.364510,0.585002,0.588448,0.575843,0.650797,0.653228,0.654163,0.809067,0.530923,0.735717,0.591451,0.353126,0.286111,0.720767,0.490010,0.597329,0.423443,0.488970,0.366236,0.120258,0.395681,0.562919,0.580823,0.517227,0.498259,-0.144975,-0.135543,0.381959,0.504060,0.168956,0.241350,0.668157,0.489277,0.085998,-0.061105,0.358904,0.268365,0.382497,0.270750,0.564594,0.511075,0.132973,0.228403,0.330378,0.512069
0.234674,0.246122,0.705810,0.609751,0.290514,0.398695,0.535054,0.355540,0.666117,0.551144,0.533224,0.530365,0.699199,0.525569,0.000000,0.947158,0.249751,0.149518,0.849070,0.780081,0.064096,0.202426,0.849338,0.815045,0.809325,0.664442,0.555312,0.545988,0.350507,0.391516,0.456845,0.565742,0.338313,0.406010,0.260696,0.230066,-0.042627,0.169989,0.660179,0.349595,-0.043386,-0.049874,0.308554,0.268271,0.262832,0.307069,0.424651,0.446768,0.237381,0.274236,0.414390,0.315168,0.505773,0.443182,0.578289,0.570956,0.153192,0.222504,0.397733,0.282899,0.439349,0.317273,0.356177,0.164671,0.506118,0.368983,0.463726,0.348626,0.543986,0.515556,0.245625,0.318136,0.461615,0.587643,0.112617,0.312051,0.465049,0.496064,0.212821,0.113639,0.429860,0.482504,0.306810,0.422922,0.778051,0.665851,0.470252,0.305655,0.868489,0.757232
0.090926,0.039366,0.458573,0.543528,0.284129,0.437662,0.364896,0.391746,0.518026,0.542924,0.334167,0.567585,0.497273,0.499084,0.947158,0.000000,0.165913,0.010747,0.409886,0.486258,0.021313,0.268942,0.612500,0.864109,0.722279,0.596568,0.449576,0.632624,0.202942,0.326244,0.260349,0.459644,0.117786,0.207408,0.208760,0.236749,-0.092167,0.062860,0.562230,0.366302,-0.016636,0.071532,0.251939,0.247288,0.251937,0.358164,0.360642,0.354807,0.194563,0.289580,0.443790,0.447391,0.489021,0.390997,0.553818,0.506430,-0.012201,0.005506,0.238166,0.210396,0.246445,0.210576,0.188645,0.014040,0.309831,0.416438,0.299504,0.345577,0.249790,0.345497,0.263713,0.261617,0.281880,0.484824,0.011931,0.114134,0.273034,0.372328,0.108936,0.095776,0.216456,0.462077,0.138544,0.326896,0.582932,0.723793,0.244999,0.273182,0.607875,0.726349
0.974797,0.784284,0.404088,0.461865,0.283203,0.299105,0.486092,0.260211,0.564752,0.308689,0.565208,0.479275,0.471083,0.391047,0.249751,0.165913,0.000000,0.885360,0.500988,0.606831,-0.014316,-0.164540,0.215491,0.338226,0.306731,0.108175,0.213384,0.176831,0.984138,0.773366,0.161672,0.126635,0.709732,0.586705,0.408472,0.364223,0.135061,0.305628,0.413783,0.506564,0.147224,0.029152,0.579238,0.512739,0.582127,0.643968,0.542246,0.621560,0.619874,0.691593,0.579532,0.515043,0.675646,0.671478,0.717748,0.695413,1.076318,0.783968,0.799980,0.644897,0.688171,0.503661,0.878914,0.602936,0.227692,0.341293,0.751755,0.635013,0.910174,0.567980,0.089771,0.054608,0.677098,0.716575,0.412581,0.466373,0.715628,0.584168,0.804860,0.467695,0.807258,0.731004,0.575632,0.467977,0.341621,0.241280,0.160227,0.315827,0.424735,0.404011
0.617781,0.831496,0.356960,0.371802,0.187478,0.180636,0.277165,0.082492,0.413909,0.120297,0.308214,0.278141,0.264509,0.347320,0.149518,0.010747,0.885360,0.000000,0.275859,0.419836,-0.050897,-0.235007,0.266926,0.237100,0.259546,0.043714,0.110300,0.011266,0.558750,0.452583,0.302683,0.221674,0.739137,0.574415,0.458304,0.403896,0.112926,0.212870,0.229233,0.306541,-0.016718,-0.130804,0.331274,0.326065,0.492780,0.425823,0.389044,0.414355,0.399300,0.485758,0.474822,0.223271,0.437050,0.478167,0.469017,0.483642,0.888886,0.928625,0.495766,0.408362,0.517291,0.321036,0.817923,0.669979,0.352530,0.156891,0.621945,0.474772,0.747599,0.509926,0.081410,0.017684,0.464885,0.474245,0.187143,0.282272,0.578831,0.490250,0.571324,0.359400,0.443667,0.497781,0.359034,0.406696,0.289555,0.143448,0.318422,0.365158,0.341326,0.194511
0.669829,0.467360,0.716326,0.603472,0.186547,0.214641,0.731151,0.411207,0.497046,0.377367,0.824445,0.545371,0.679921,0.523705,0.849070,0.409886,0.500988,0.275859,0.000000,1.326053,0.064092,0.054268,0.496594,0.448675,0.504710,0.322573,0.340834,0.287710,0.637158,0.495642,0.329114,0.324164,0.502459,0.544065,0.074021,0.005983,-0.086702,0.128904,0.512968,0.301150,-0.147201,-0.182889,0.521866,0.397119,0.250980,0.370871,0.593629,0.574282,0.438039,0.369474,0.354178,0.268074,0.533568,0.462906,0.725854,0.652671,0.430847,0.353393,0.656874,0.408639,0.490457,0.382033,0.473278,0.241637,0.181590,0.251031,0.545851,0.308038,0.759931,0.625078,0.295195,0.255597,0.647774,0.664739,0.284021,0.424137,0.737594,0.567574,0.318918,0.054850,0.658496,0.382610,0.473137,0.355146,0.452607,0.217548,0.289474,0.113801,0.712487,0.548620
0.621230,0.458485,0.927308,0.887981,0.448007,0.342538,0.607540,0.504349,0.623089,0.561090,0.486400,0.470322,0.428848,0.473990,0.780081,0.486258,0.606831,0.419836,1.326053,0.000000,0.096213,0.143139,0.598323,0.648841,0.575126,0.415631,0.491374,0.341930,0.541455,0.567247,0.487634,0.506473,0.648909,0.762228,0.198586,0.145220,-0.201526,0.111980,0.534902,0.306887,-0.203438,-0.194792,0.477303,0.379985,0.320630,0.474756,0.637111,0.630348,0.337357,0.405082,0.352984,0.295832,0.543623,0.586090,0.851049,0.833583,0.462976,0.408742,0.577857,0.506496,0.508801,0.493340,0.583659,0.410434,0.276931,0.390112,0.643092,0.464028,0.822845,0.800650,0.342192,0.293884,0.611458,0.765340,0.284219,0.500097,0.817670,0.596518,0.449619,0.049598,0.524077,0.498842,0.393643,0.314788,0.382964,0.246163,0.321284,0.200890,0.823507,0.700136
-0.037989,0.042384,0.124494,0.179112,0.139225,0.190638,0.096812,0.169147,0.094756,0.166914,-0.120357,0.021723,-0.127320,-0.098270,0.064096,0.021313,-0.014316,-0.050897,0.064092,0.096213,0.000000,0.119385,0.050168,0.104300,-0.018450,0.192859,0.186987,0.102353,-0.027165,0.078555,0.035242,0.052344,0.006251,0.111100,-0.093750,0.044376,0.101546,0.403079,0.045617,0.148445,0.173885,0.103917,0.234148,0.264430,0.138604,0.170995,0.157481,0.263959,0.061916,0.127796,0.073685,0.155219,0.045135,0.028363,0.129578,0.160522,-0.089469,-0.034777,0.090820,0.205922,0.073821,0.084497,-0.181853,-0.074560,0.007677,0.117198,0.118545,0.129837,-0.049603,-0.027932,-0.055694,-0.098484,-0.027553,0.148252,0.099148,0.127044,-0.045546,0.057782,0.011928,0.094570,0.143988,0.011465,0.258879,0.100670,0.092056,0.096966,0.086207,0.004020,0.177726,0.204605
-0.151944,-0.199743,0.285743,0.320054,0.339101,0.161014,0.103149,0.259921,0.071183,0.198301,-0.156050,-0.062662,-0.076988,-0.066399,0.202426,0.268942,-0.164540,-0.235007,0.054268,0.143139,0.119385,0.000000,0.279511,0.325532,0.081351,0.249722,0.283435,0.242902,-0.121121,0.065395,0.244539,0.328572,0.023486,0.139882,0.086056,0.146535,-0.286456,0.064913,0.141391,0.084938,-0.248698,0.096652,0.099114,0.131561,0.144386,0.159773,0.170403,0.118640,-0.057628,0.044623,0.073682,0.141912,0.085763,0.070563,0.151231,0.166867,-0.259898,-0.252794,-0.089009,-0.068417,-0.004115,0.004421,-0.138368,-0.182359,0.130893,0.232722,0.038071,0.066865,-0.098861,0.022269,0.208518,0.308244,0.198008,0.117783,0.082451,0.054153,0.117433,0.096127,-0.067963,-0.042289,-0.063106,0.200376,-0.118435,0.085870,0.012314,0.172019,-0.002251,0.072313,0.151346,0.273742
0.098114,0.268841,1.057963,0.905542,0.361660,0.366054,0.367511,0.266869,0.526937,0.347411,0.173968,0.157677,0.352521,0.236707,0.849338,0.612500,0.215491,0.266926,0.496594,0.598323,0.050168,0.279511,0.000000,1.392570,0.868444,0.636639,0.357851,0.345923,0.115792,0.132169,0.909597,0.943907,0.517892,0.543146,0.615572,0.573431,0.012333,0.268936,0.695655,0.441927,0.022025,-0.043141,0.274467,0.248092,0.463021,0.336503,0.363209,0.344272,0.105853,0.178413,0.506349,0.238171,0.401630,0.401751,0.482193,0.484118,0.136412,0.297235,0.170059,0.026556,0.300444,0.077404,0.250108,0.068246,0.801274,0.300379,0.561440,0.379006,0.400514,0.522177,0.278929,0.385480,0.476082,0.437210,0.159653,0.300800,0.516555,0.604622,0.319381,0.102449,0.202740,0.428736,0.158736,0.440281,0.664641,0.682630,0.696366,0.439501,0.830655,0.703454
0.169973,0.238274,0.943885,0.972488,0.478618,0.560921,0.356375,0.345792,0.608912,0.557576,0.199873,0.289720,0.386645,0.323909,0.815045,0.864109,0.338226,0.237100,0.448675,0.648841,0.104300,0.325532,1.392570,0.000000,0.898826,0.760001,0.494385,0.512318,0.187449,0.249489,0.647529,0.777625,0.451016,0.489824,0.594579,0.572194,-0.016215,0.271374,0.693878,0.565437,0.059560,0.085525,0.367918,0.353868,0.497244,0.472052,0.442914,0.465579,0.164294,0.327738,0.570823,0.421736,0.545851,0.565870,0.635690,0.635674,0.166855,0.250473,0.230723,0.181260,0.341095,0.179025,0.318392,0.101703,0.634242,0.436806,0.576968,0.509181,0.422147,0.585744,0.233522,0.339484,0.457118,0.542415,0.196492,0.315641,0.520198,0.577877,0.322142,0.133393,0.260916,0.525976,0.202315,0.510942,0.747121,0.903414,0.573475,0.580929,0.884417,0.949676
0.094281,0.176078,0.618346,0.531137,0.371349,0.412624,0.277588,0.138158,0.587684,0.428318,0.312565,0.286585,0.448733,0.415893,0.809325,0.722279,0.306731,0.259546,0.504710,0.575126,-0.018450,0.081351,0.868444,0.898826,0.000000,0.895549,0.449707,0.488148,0.223132,0.197518,0.540612,0.573511,0.332025,0.303106,0.332198,0.233902,-0.057405,0.016273,0.458178,0.320390,-0.011610,0.032504,0.095982,0.075564,0.259826,0.294716,0.238763,0.258650,0.095962,0.211045,0.426370,0.258203,0.354130,0.371060,0.420596,0.473886,0.090734,0.249923,0.252344,0.194733,0.297093,0.153534,0.338106,0.205128,0.574231,0.264761,0.488577,0.385279,0.469665,0.573069,0.322152,0.395574,0.392276,0.428119,0.134213,0.221870,0.330016,0.318985,0.281754,0.012330,0.206554,0.404147,0.114517,0.366859,0.635054,0.593497,0.425350,0.373409,0.730746,0.579410
-0.060678,0.009943,0.577053,0.529407,0.376445,0.314188,0.324570,0.336936,0.465143,0.513622,0.181665,0.290353,0.320828,0.424536,0.664442,0.596568,0.108175,0.043714,0.322573,0.415631,0.192859,0.249722,0.636639,0.760001,0.895549,0.000000,0.358560,0.483618,0.074467,0.216142,0.440762,0.582655,0.225521,0.309053,0.253905,0.224135,-0.110107,0.116154,0.387585,0.285609,-0.056458,0.035846,0.142765,0.163377,0.258753,0.339810,0.317881,0.323692,0.195008,0.280999,0.497694,0.443550,0.466777,0.343173,0.449057,0.424477,-0.081356,0.054661,0.234449,0.250510,0.252692,0.179189,0.134767,0.112743,0.439851,0.361415,0.471788,0.483784,0.292270,0.485821,0.156070,0.294919,0.237947,0.360742,0.133760,0.212947,0.300431,0.304545,0.042856,-0.163874,0.134658,0.334186,0.095931,0.282647,0.566927,0.680026,0.286704,0.263847,0.584787,0.638705
0.154487,0.142378,0.386619,0.373091,0.668480,0.687490,0.120418,0.110828,0.584078,0.559893,0.094701,0.051269,0.158901,0.003916,0.555312,0.449576,0.213384,0.110300,0.340834,0.491374,0.186987,0.283435,0.357851,0.494385,0.449707,0.358560,0.000000,0.981787,0.131643,0.146854,0.174973,0.269871,0.190313,0.251624,0.179349,0.143943,-0.223757,0.104517,0.341649,0.135667,0.035942,0.087161,0.094319,0.133964,0.247086,0.282898,0.201824,0.207261,0.038998,0.129835,0.112835,0.195197,0.085951,0.217684,0.243620,0.264427,0.164678,0.165584,0.194690,0.269924,0.191749,0.273573,0.091881,0.000663,0.236399,0.322865,0.220512,0.205354,0.370743,0.328260,0.528713,0.526787,0.376824,0.423589,0.239957,0.288167,0.189834,0.171256,0.222292,0.095462,0.235422,0.311909,0.075070,0.370555,0.294063,0.307497,0.334437,0.334647,0.720607,0.510700
0.104049,0.064724,0.315264,0.305394,0.482637,0.642805,0.145802,0.134117,0.498775,0.486484,0.168082,0.191835,0.259341,0.152789,0.545988,0.632624,0.176831,0.011266,0.287710,0.341930,0.102353,0.242902,0.345923,0.512318,0.488148,0.483618,0.981787,0.000000,0.093632,0.125775,0.075004,0.179443,0.074251,0.108672,0.175126,0.102705,-0.221917,0.038077,0.410239,0.275465,0.143013,0.160049,0.146772,0.173987,0.222643,0.296527,0.246978,0.223966,0.147432,0.217571,0.258226,0.303070,0.194278,0.232471,0.297826,0.333938,0.058211,0.029272,0.205055,0.211582,0.159931,0.178008,0.123056,-0.059490,0.176495,0.273941,0.207683,0.210853,0.267822,0.283020,0.518950,0.499770,0.337868,0.303035,0.129235,0.175965,0.167121,0.224495,0.162093,0.015778,0.241589,0.322412,0.113343,0.322640,0.400801,0.413700,0.289180,0.268398,0.597449,0.509827
0.735214,0.526698,0.394525,0.408358,0.175335,0.311128,0.796138,0.420320,0.562922,0.371183,0.810438,0.675240,0.637941,0.457892,0.350507,0.202942,0.984138,0.558750,0.637158,0.541455,-0.027165,-0.121121,0.115792,0.187449,0.223132,0.074467,0.131643,0.093632,0.000000,1.124239,0.108204,0.105333,0.629136,0.576776,0.279231,0.244360,0.078078,0.224386,0.336350,0.387527,-0.007459,-0.054350,0.652517,0.540479,0.449667,0.510287,0.566710,0.614660,0.707935,0.593116,0.474499,0.502913,0.610093,0.384340,0.634576,0.491376,0.685008,0.414426,0.898993,0.695984,0.898094,0.724109,0.655948,0.513177,0.279802,0.525068,0.652414,0.568462,0.603250,0.345285,-0.069908,-0.031197,0.744568,0.775231,0.408117,0.515140,0.642039,0.495292,0.593173,0.363646,0.783190,0.567103,0.477142,0.424821,0.249059,0.149152,0.058509,0.200568,0.357084,0.389203
0.484536,0.316987,0.426798,0.528538,0.233414,0.267990,0.700240,0.682912,0.460844,0.495958,0.487309,0.691949,0.418123,0.473594,0.391516,0.326244,0.773366,0.452583,0.495642,0.567247,0.078555,0.065395,0.132169,0.249489,0.197518,0.216142,0.146854,0.125775,1.124239,0.000000,0.228172,0.284926,0.548341,0.629918,0.226018,0.249653,-0.025147,0.274573,0.323381,0.365282,0.006974,0.118682,0.615393,0.559108,0.417546,0.537151,0.572293,0.674608,0.555194,0.575599,0.438876,0.557281,0.673652,0.407914,0.711274,0.565296,0.415382,0.233215,0.705589,0.661831,0.787414,0.822972,0.613154,0.597790,0.289256,0.675925,0.595574,0.617814,0.453375,0.294810,-0.032164,0.005679,0.582766,0.827475,0.397326,0.486997,0.600613,0.564936,0.449072,0.278294,0.658446,0.661753,0.519650,0.377281,0.230486,0.238271,0.052724,0.228925,0.332512,0.511592
-0.053821,0.151466,0.884062,0.711359,0.298547,0.106279,0.267554,0.244745,0.284101,0.108251,-0.106289,-0.050394,-0.003913,0.058641,0.456845,0.260349,0.161672,0.302683,0.329114,0.487634,0.035242,0.244539,0.909597,0.647529,0.540612,0.440762,0.174973,0.075004,0.108204,0.228172,0.000000,1.635406,0.630439,0.687115,0.521834,0.472299,-0.036113,0.089133,0.429663,0.215073,-0.028300,-0.117802,0.184428,0.153232,0.441688,0.302055,0.279721,0.265701,0.029587,0.062692,0.243991,0.002844,0.170454,0.183890,0.312588,0.293287,0.069351,0.217533,0.053072,-0.041001,0.285433,0.131204,0.308268,0.299734,0.867371,0.239653,0.488005,0.291206,0.205953,0.312525,0.291934,0.427057,0.338639,0.279916,0.095125,0.331214,0.401289,0.503989,0.240137,0.074692,0.052262,0.380841,0.040511,0.189933,0.217401,0.256037,0.495612,0.210841,0.442883,0.316342
-0.097454,0.092163,0.870772,0.823303,0.387956,0.215503,0.317405,0.366686,0.345240,0.247257,-0.065296,0.047841,0.070612,0.123693,0.565742,0.459644,0.126635,0.221674,0.324164,0.506473,0.052344,0.328572,0.943907,0.777625,0.573511,0.582655,0.269871,0.179443,0.105333,0.284926,1.635406,0.000000,0.547741,0.687023,0.494104,0.484725,-0.117457,0.063285,0.461760,0.241376,-0.082366,-0.127174,0.235100,0.226050,0.468028,0.393368,0.383871,0.332262,0.057396,0.111792,0.296541,0.134401,0.249313,0.224049,0.405639,0.353215,0.001988,0.143431,0.077659,0.018398,0.292196,0.203444,0.204929,0.212704,0.841736,0.377444,0.494333,0.380006,0.220007,0.356570,0.288228,0.411370,0.346751,0.338495,0.112084,0.353486,0.369556,0.519397,0.181191,0.023111,0.027133,0.408296,0.016786,0.231669,0.274233,0.382631,0.503660,0.278802,0.559425,0.474737
0.560363,0.683274,0.847174,0.821838,0.541959,0.378132,0.755591,0.506766,0.689043,0.292189,0.308848,0.372086,0.312381,0.417063,0.338313,0.117786,0.709732,0.739137,0.502459,0.648909,0.006251,0.023486,0.517892,0.451016,0.332025,0.225521,0.190313,0.074251,0.629136,0.548341,0.630439,0.547741,0.000000,1.563336,0.690595,0.569609,0.042485,0.328538,0.415861,0.330517,-0.113052,-0.164095,0.600367,0.581741,0.806201,0.757406,0.684072,0.707820,0.674820,0.667516,0.708247,0.497597,0.608207,0.540151,0.687646,0.560612,0.741471,0.614599,0.797124,0.475325,0.960440,0.534213,0.651990,0.627095,0.618813,0.500405,1.159396,0.878637,0.633549,0.501639,0.021473,0.097751,0.665645,0.621988,0.360038,0.546429,0.909828,0.757369,0.403839,0.184655,0.377937,0.509127,0.305680,0.373322,0.269848,0.276158,0.329836,0.300980,0.414362,0.362628
0.438243,0.512402,0.990568,1.046923,0.597930,0.464492,0.862804,0.758967,0.736012,0.461191,0.243789,0.416962,0.269852,0.383728,0.406010,0.207408,0.586705,0.574415,0.544065,0.762228,0.111100,0.139882,0.543146,0.489824,0.303106,0.309053,0.251624,0.108672,0.576776,0.629918,0.687115,0.687023,1.563336,0.000000,0.616381,0.603239,-0.038177,0.319051,0.459527,0.298430,-0.153649,-0.178654,0.592740,0.590914,0.717274,0.725531,0.735563,0.718369,0.576982,0.577677,0.615731,0.535988,0.574516,0.437121,0.687434,0.539571,0.563319,0.480175,0.753213,0.550880,0.948130,0.719554,0.513264,0.579384,0.654998,0.725134,1.097083,0.919289,0.521204,0.463178,0.108464,0.173998,0.658494,0.707236,0.377280,0.615834,0.904018,0.807254,0.336128,0.135134,0.348014,0.487195,0.238173,0.317921,0.204511,0.263689,0.322391,0.236315,0.531895,0.515056
0.198116,0.328610,0.602837,0.584951,0.433090,0.436758,0.305113,0.211544,0.556871,0.248525,0.018008,0.068618,0.151145,0.148151,0.260696,0.208760,0.408472,0.458304,0.074021,0.198586,-0.093750,0.086056,0.615572,0.594579,0.332198,0.253905,0.179349,0.175126,0.279231,0.226018,0.521834,0.494104,0.690595,0.616381,0.000000,0.990823,0.296227,0.381101,0.383886,0.400555,0.072108,-0.012792,0.413051,0.380218,0.748802,0.447860,0.365027,0.422133,0.346365,0.397288,0.614353,0.386387,0.388293,0.395040,0.341346,0.333898,0.417856,0.374333,0.341254,0.183404,0.521459,0.172452,0.407246,0.203631,0.897461,0.414474,0.721590,0.642466,0.289647,0.266291,-0.011142,0.131179,0.407450,0.336295,0.215951,0.351585,0.519612,0.534899,0.353879,0.341548,0.260286,0.459326,0.133829,0.319421,0.388814,0.488399,0.360048,0.437491,0.374356,0.400375
0.125995,0.322574,0.467524,0.537885,0.332322,0.413288,0.290991,0.225875,0.501697,0.222332,0.026832,0.149961,0.164195,0.100360,0.230066,0.236749,0.364223,0.403896,0.005983,0.145220,0.044376,0.146535,0.573431,0.572194,0.233902,0.224135,0.143943,0.102705,0.244360,0.249653,0.472299,0.484725,0.569609,0.603239,0.990823,0.000000,0.224398,0.412061,0.396097,0.385453,0.176845,0.016508,0.361344,0.414814,0.686725,0.501826,0.302484,0.347920,0.284770,0.348015,0.608590,0.465931,0.348302,0.261736,0.279985,0.244970,0.307140,0.308310,0.283631,0.187186,0.480434,0.195390,0.240379,0.160703,0.788646,0.463909,0.616464,0.678502,0.201065,0.188254,-0.090038,0.030666,0.316157,0.388634,0.244412,0.331526,0.386255,0.412530,0.259783,0.387839,0.247636,0.462048,0.094212,0.390862,0.377208,0.581950,0.360955,0.460845,0.328211,0.405196
0.049534,0.118785,-0.051835,-0.019010,-0.081954,-0.048740,0.015306,-0.070210,0.032647,-0.141287,0.005155,-0.014308,-0.009343,-0.048196,-0.042627,-0.092167,0.135061,0.112926,-0.086702,-0.201526,0.101546,-0.286456,0.012333,-0.016215,-0.057405,-0.110107,-0.223757,-0.221917,0.078078,-0.025147,-0.036113,-0.117457,0.042485,-0.038177,0.296227,0.224398,0.000000,0.506392,0.092974,0.107884,0.341944,0.147194,0.155179,0.139057,0.134037,0.008905,-0.151258,0.098788,0.182749,0.127772,0.215028,0.143303,0.134945,0.126738,-0.028115,-0.017833,0.145259,0.213471,0.121405,0.064448,0.082780,-0.124604,-0.013485,-0.034502,0.123069,-0.021246,0.160621,0.140277,-0.032132,-0.032462,-0.185316,-0.190447,-0.132796,-0.121019,-0.076186,-0.210497,-0.000941,0.177104,0.168178,0.405365,0.242672,0.086489,0.416624,0.188199,0.143476,0.210283,0.071907,0.030423,-0.134036,-0.011109
0.260474,0.378471,0.274455,0.332775,0.161944,0.181173,0.286575,0.233075,0.226545,0.132100,0.110015,0.166266,0.101275,0.174361,0.169989,0.062860,0.305628,0.212870,0.128904,0.111980,0.403079,0.064913,0.268936,0.271374,0.016273,0.116154,0.104517,0.038077,0.224386,0.274573,0.089133,0.063285,0.328538,0.319051,0.381101,0.412061,0.506392,0.000000,0.250668,0.433710,0.272740,0.226451,0.491242,0.589756,0.442780,0.381641,0.271749,0.483440,0.365352,0.361747,0.452546,0.419554,0.424708,0.320239,0.325872,0.270160,0.283761,0.377024,0.339610,0.231501,0.301393,0.091365,0.099569,0.046058,0.185388,0.194870,0.434462,0.417225,0.260180,0.187647,-0.081606,-0.081486,0.174696,0.368798,0.142646,0.068848,0.338429,0.502055,0.332379,0.351547,0.532063,0.339998,0.642021,0.527923,0.411688,0.535793,0.192400,0.229033,0.243457,0.361810
0.325612,0.315130,0.661501,0.610760,0.295510,0.367007,0.457035,0.366674,0.555150,0.426881,0.351202,0.317121,0.458075,0.278862,0.660179,0.562230,0.413783,0.229233,0.512968,0.534902,0.045617,0.141391,0.695655,0.693878,0.458178,0.387585,0.341649,0.410239,0.336350,0.323381,0.429663,0.461760,0.415861,0.459527,0.383886,0.396097,0.092974,0.250668,0.000000,0.581297,0.224511,0.089394,0.381497,0.297033,0.371526,0.325861,0.391451,0.383207,0.349378,0.291525,0.508664,0.400171,0.502780,0.374591,0.601991,0.476860,0.333038,0.322244,0.348218,0.218039,0.384394,0.255135,0.302165,0.089896,0.439340,0.365041,0.468598,0.382886,0.455959,0.436390,0.314086,0.313183,0.503556,0.572219,0.284169,0.323309,0.544665,0.588982,0.308253,0.176722,0.321786,0.397225,0.194421,0.399225,0.440016,0.519903,0.398046,0.446919,0.684560,0.701749
0.359100,0.342507,0.501860,0.504338,0.107521,0.260850,0.353986,0.278498,0.351059,0.320456,0.310695,0.348045,0.376941,0.298212,0.349595,0.366302,0.506564,0.306541,0.301150,0.306887,0.148445,0.084938,0.441927,0.565437,0.320390,0.285609,0.135667,0.275465,0.387527,0.365282,0.215073,0.241376,0.330517,0.298430,0.400555,0.385453,0.107884,0.433710,0.581297,0.000000,0.236486,0.261957,0.727383,0.653069,0.565008,0.550786,0.617918,0.699850,0.460406,0.559576,0.599772,0.543413,0.685278,0.565242,0.652250,0.754463,0.331009,0.278458,0.345836,0.253532,0.330617,0.162967,0.330385,0.152832,0.247116,0.236510,0.480363,0.446200,0.402637,0.307082,0.031517,0.106126,0.348261,0.465821,0.357389,0.307699,0.497906,0.528406,0.343250,0.227495,0.365803,0.423999,0.415364,0.429711,0.519860,0.558953,0.263973,0.596469,0.455262,0.653180
-0.024681,-0.009411,-0.169529,-0.119357,-0.135708,0.052535,-0.221571,-0.200765,-0.061384,-0.075139,-0.121982,-0.131865,-0.085082,-0.330931,-0.043386,-0.016636,0.147224,-0.016718,-0.147201,-0.203438,0.173885,-0.248698,0.022025,0.059560,-0.011610,-0.056458,0.035942,0.143013,-0.007459,0.006974,-0.028300,-0.082366,-0.113052,-0.153649,0.072108,0.176845,0.341944,0.272740,0.224511,0.236486,0.000000,0.749965,0.026472,0.092730,0.178478,0.043926,-0.197899,-0.052962,0.000452,-0.036948,0.010250,0.037207,-0.078857,-0.058954,-0.186597,-0.134639,0.043317,0.041589,-0.112381,-0.089747,-0.088822,-0.157196,-0.012272,-0.055877,0.030794,-0.092593,-0.079981,-0.032256,-0.085656,-0.097191,0.051101,0.054483,-0.191682,-0.026435,-0.047840,-0.093148,-0.222738,0.034687,0.111307,0.379275,0.170431,0.228759,0.062134,0.207348,0.154059,0.222637,0.140185,0.101421,-0.089884,-0.028156
-0.067137,-0.079755,-0.136804,-0.070325,-0.023389,0.080929,-0.140166,-0.013912,-0.102889,0.026800,-0.167301,-0.073286,-0.100749,-0.175934,-0.049874,0.071532,0.029152,-0.130804,-0.182889,-0.194792,0.103917,0.096652,-0.043141,0.085525,0.032504,0.035846,0.087161,0.160049,-0.054350,0.118682,-0.117802,-0.127174,-0.164095,-0.178654,-0.012792,0.016508,0.147194,0.226451,0.089394,0.261957,0.749965,0.000000,0.119319,0.169598,0.154910,0.086444,-0.078186,0.043721,0.063834,0.105991,0.091024,0.178383,0.074216,0.034552,-0.068241,-0.055183,-0.081454,-0.149622,-0.070519,-0.086123,-0.095685,-0.125401,-0.039433,-0.127118,-0.055208,-0.008684,-0.116028,0.011183,-0.097532,-0.187810,0.033815,0.118649,-0.191559,0.041549,0.052748,-0.098552,-0.197861,0.035214,-0.108402,0.238249,0.111102,0.222735,0.057306,0.226664,0.118587,0.289669,0.056949,0.189852,-0.110064,0.064204
0.614490,0.523361,0.552372,0.641871,0.188819,0.337633,0.776173,0.615799,0.411204,0.320621,0.478821,0.560388,0.444777,0.445744,0.308554,0.251939,0.579238,0.331274,0.521866,0.477303,0.234148,0.099114,0.274467,0.367918,0.095982,0.142765,0.094319,0.146772,0.652517,0.615393,0.184428,0.235100,0.600367,0.592740,0.413051,0.361344,0.155179,0.491242,0.381497,0.727383,0.026472,0.119319,0.000000,1.652012,0.789055,0.829124,1.306289,1.478244,0.943341,0.972864,0.802354,0.770420,0.880345,0.620760,0.941769,0.833944,0.498860,0.251975,0.803591,0.516581,0.683136,0.403301,0.371210,0.203546,0.235515,0.448539,0.706060,0.665687,0.433044,0.256069,-0.186609,-0.114952,0.486602,0.652089,0.434454,0.405843,0.700454,0.698950,0.206033,0.204936,0.620416,0.511190,0.556179,0.454441,0.367320,0.405084,0.199966,0.372286,0.383069,0.583951
0.509960,0.493660,0.473972,0.586726,0.204359,0.374553,0.672272,0.565447,0.415105,0.301511,0.393410,0.582474,0.358246,0.410032,0.268271,0.247288,0.512739,0.326065,0.397119,0.379985,0.264430,0.131561,0.248092,0.353868,0.075564,0.163377,0.133964,0.173987,0.540479,0.559108,0.153232,0.226050,0.581741,0.590914,0.380218,0.414814,0.139057,0.589756,0.297033,0.653069,0.092730,0.169598,1.652012,0.000000,0.916158,0.978408,1.194412,1.440212,0.934378,1.033566,0.850340,0.845336,0.836046,0.611769,0.803911,0.746799,0.441839,0.261572,0.774140,0.537742,0.648133,0.415543,0.315293,0.231986,0.224622,0.447217,0.704476,0.705534,0.412529,0.240285,-0.158962,-0.081248,0.439212,0.629691,0.375454,0.360524,0.615592,0.714624,0.119836,0.235521,0.596596,0.594780,0.499894,0.521886,0.409478,0.489648,0.169820,0.329925,0.327334,0.523817
0.375910,0.503398,0.562611,0.591805,0.395740,0.402069,0.439535,0.263827,0.491550,0.159693,0.178012,0.208983,0.205085,0.176117,0.262832,0.251937,0.582127,0.492780,0.250980,0.320630,0.138604,0.144386,0.463021,0.497244,0.259826,0.258753,0.247086,0.222643,0.449667,0.417546,0.441688,0.468028,0.806201,0.717274,0.748802,0.686725,0.134037,0.442780,0.371526,0.565008,0.178478,0.154910,0.789055,0.916158,0.000000,1.278975,0.770981,0.799114,0.851295,0.839241,0.965924,0.656670,0.643105,0.619601,0.610978,0.610775,0.493486,0.389812,0.608990,0.303331,0.585371,0.211997,0.405185,0.261491,0.501876,0.301882,0.915486,0.765281,0.452333,0.294853,0.044628,0.183662,0.442015,0.495851,0.295167,0.361502,0.518201,0.625334,0.281926,0.338689,0.430741,0.804623,0.242989,0.504478,0.438611,0.507718,0.252823,0.352706,0.345334,0.351543
0.450681,0.536146,0.493524,0.597570,0.442730,0.387981,0.523880,0.374127,0.542640,0.255101,0.302121,0.432739,0.299955,0.364510,0.307069,0.358164,0.643968,0.425823,0.370871,0.474756,0.170995,0.159773,0.336503,0.472052,0.294716,0.339810,0.282898,0.296527,0.510287,0.537151,0.302055,0.393368,0.757406,0.725531,0.447860,0.501826,0.008905,0.381641,0.325861,0.550786,0.043926,0.086444,0.829124,0.978408,1.278975,0.000000,0.914572,0.989855,0.952180,1.081220,1.009085,0.848516,0.792823,0.845690,0.853281,0.885522,0.458436,0.400402,0.767103,0.499580,0.628695,0.349528,0.442015,0.375657,0.304791,0.358346,0.980017,0.927355,0.618556,0.487598,0.082485,0.160573,0.434318,0.587376,0.322802,0.349953,0.531332,0.584813,0.257149,0.225392,0.436800,0.862075,0.309894,0.466996,0.413562,0.509688,0.155537,0.215594,0.348088,0.407526
0.560771,0.553971,0.649324,0.710664,0.258595,0.330587,0.803146,0.625625,0.510822,0.379683,0.494171,0.626849,0.501532,0.585002,0.424651,0.360642,0.542246,0.389044,0.593629,0.637111,0.157481,0.170403,0.363209,0.442914,0.238763,0.317881,0.201824,0.246978,0.566710,0.572293,0.279721,0.383871,0.684072,0.735563,0.365027,0.302484,-0.151258,0.271749,0.391451,0.617918,-0.197899,-0.078186,1.306289,1.194412,0.770981,0.914572,0.000000,1.372250,0.832353,0.948301,0.807937,0.714386,0.904884,0.650753,1.183280,1.031935,0.481690,0.312394,0.789953,0.549726,0.713898,0.476405,0.433560,0.320583,0.255889,0.426334,0.733988,0.647122,0.577061,0.369078,-0.071876,-0.023299,0.572920,0.746484,0.394320,0.520643,0.757617,0.668096,0.181318,0.021130,0.430150,0.525195,0.373222,0.402373,0.388725,0.389999,0.220866,0.374047,0.550204,0.619348
0.561290,0.535156,0.684769,0.786208,0.353155,0.403110,0.814108,0.692267,0.611061,0.476834,0.443570,0.664139,0.443509,0.588448,0.446768,0.354807,0.621560,0.414355,0.574282,0.630348,0.263959,0.118640,0.344272,0.465579,0.258650,0.323692,0.207261,0.223966,0.614660,0.674608,0.265701,0.332262,0.707820,0.718369,0.422133,0.347920,0.098788,0.483440,0.383207,0.699850,-0.052962,0.043721,1.478244,1.440212,0.799114,0.989855,1.372250,0.000000,0.905437,1.145085,0.878177,0.862696,0.985150,0.841299,1.149698,1.145260,0.477916,0.335818,0.895156,0.684865,0.789756,0.536574,0.491831,0.401586,0.316836,0.528727,0.929828,0.868445,0.585962,0.472248,-0.109058,-0.045197,0.538407,0.702759,0.411317,0.462508,0.777553,0.746423,0.205497,0.158912,0.567807,0.623590,0.569187,0.440678,0.437306,0.496447,0.186333,0.343144,0.458649,0.696810
