0.000000,1.533829,0.853214,0.594724,0.773176,0.680874,0.828376,0.611542,0.821385,0.643813,0.819717,0.506834,0.589937,0.438038,0.762779,0.687532,0.804675,0.824033,1.094443,1.072989,0.439385,0.248622,0.486809,0.367629,0.457128,0.445900,0.665852,0.727359,0.528882,0.320741,0.058937,0.029359,0.631672,0.621392,0.216578,0.272897,0.718455,0.689962,0.507323,0.496857,0.358027,0.222573,0.552026,0.553696,0.414457,0.493909,0.758361,0.779883,0.585558,0.687556,0.749384,0.666234,1.020076,1.009860,0.955052,0.941090,1.336205,1.406274,1.100374,0.834787,0.990465,0.477549,0.715608,0.451954,0.270731,0.483353,0.746116,0.735165,1.129692,1.108267,0.316300,0.340281,0.543839,0.525043,0.721170,0.651297,0.663885,0.713203,0.378292,0.522444,0.582680,0.610703,0.605495,0.225812,0.708504,0.623136,0.390863,0.539060,0.870888,1.134606
1.533829,0.000000,0.608226,0.458355,0.656381,0.552253,0.604286,0.542052,0.654023,0.527921,0.692175,0.477349,0.547145,0.429493,0.632368,0.573871,0.716342,0.804710,0.867539,0.958293,0.423714,0.305409,0.331185,0.240102,0.398661,0.332958,0.515224,0.581534,0.483345,0.291959,-0.090963,-0.064166,0.537706,0.575927,0.135407,0.230897,0.646761,0.671038,0.407300,0.480942,0.290445,0.275110,0.600557,0.583045,0.421858,0.513712,0.792633,0.776216,0.645035,0.677574,0.843102,0.749133,0.934254,1.007418,0.916401,0.897135,1.219566,1.327790,0.922354,0.777675,0.817229,0.441624,0.670481,0.399869,0.155298,0.426515,0.660459,0.731304,1.057877,1.050180,0.321685,0.314512,0.486648,0.523955,0.666035,0.595914,0.643333,0.725502,0.309627,0.482775,0.569719,0.557322,0.429073,0.171181,0.601289,0.637311,0.249069,0.511519,0.687404,0.867172
0.853214,0.608226,0.000000,1.100364,0.624626,0.671813,1.764425,0.889287,0.989285,0.742321,0.963903,0.448125,0.943518,0.505476,0.935335,0.952957,0.587314,0.512859,1.058232,0.821207,0.356019,0.129934,1.345972,1.019087,0.708687,0.651010,0.542806,0.673218,0.425132,0.381447,0.309400,0.318509,0.711102,0.668875,0.545466,0.429653,0.626661,0.516709,0.511741,0.311487,0.169036,0.075919,0.530526,0.537183,0.481730,0.497473,0.629723,0.665881,0.490431,0.534859,0.472768,0.398502,0.677542,0.691082,0.719491,0.710146,0.550489,0.603721,0.672433,0.406076,0.836690,0.479164,0.381616,0.375514,0.692522,0.616060,0.787689,0.623247,0.691237,0.766983,0.351718,0.432608,0.445729,0.383410,0.665515,0.643117,0.673727,0.679680,0.370815,0.545902,0.377998,0.518563,0.600229,0.227475,0.773789,0.523912,0.428694,0.691863,1.030668,0.921632
0.594724,0.458355,1.100364,0.000000,0.597198,0.705535,1.196779,1.528537,0.850681,0.834815,0.628725,0.499295,0.601076,0.538387,0.604962,0.864861,0.399361,0.341931,0.603883,0.749208,0.231260,0.114281,0.829532,1.223773,0.393006,0.620283,0.413623,0.612357,0.375792,0.477884,0.278104,0.446689,0.467072,0.668395,0.343955,0.287382,0.457605,0.371929,0.294364,0.171126,0.084602,0.075507,0.338737,0.380623,0.324721,0.423988,0.473714,0.489086,0.354028,0.390980,0.403369,0.320097,0.499308,0.613655,0.453584,0.462551,0.398424,0.409149,0.609824,0.597019,0.680094,0.830288,0.333789,0.641847,0.495101,0.505960,0.615149,0.640574,0.449082,0.573452,0.283758,0.391397,0.292071,0.346307,0.552155,0.500958,0.369888,0.485595,0.437409,0.466443,0.427641,0.560534,0.501626,0.252136,0.538272,0.574960,0.363529,0.578144,0.540415,0.673808
0.773176,0.656381,0.624626,0.597198,0.000000,1.559000,0.653919,0.682978,0.977148,1.004578,0.486571,0.321934,0.415128,0.294211,0.920289,0.638039,0.451448,0.388840,0.583865,0.668568,0.322523,0.130409,0.446992,0.359805,0.661729,0.813153,0.723962,0.737638,0.438310,0.268000,0.066444,-0.000302,0.409127,0.438113,0.106309,0.178091,0.452488,0.385038,0.244219,0.194886,0.200394,0.090048,0.268593,0.293575,0.248207,0.409388,0.403639,0.436248,0.452412,0.684855,0.622915,0.632781,0.574953,0.640635,0.473636,0.438689,0.537843,0.630931,0.844426,0.838333,0.669484,0.552833,0.457535,0.448964,0.206880,0.461980,0.533811,0.575162,0.577035,0.595754,0.176776,0.168202,0.323263,0.298939,0.493774,0.435979,0.369217,0.424025,0.423579,0.408323,0.417592,0.408046,0.582034,0.103126,0.459654,0.516488,0.323917,0.300362,0.437277,0.712722
0.680874,0.552253,0.671813,0.705535,1.559000,0.000000,0.735523,0.772816,1.077344,1.287631,0.488016,0.318596,0.487298,0.355407,0.900743,0.676969,0.428946,0.387979,0.490376,0.572735,0.305428,0.082537,0.486951,0.473774,0.678551,0.998548,0.826757,0.909256,0.390785,0.283432,0.114807,0.052893,0.367406,0.419845,0.121175,0.181872,0.369467,0.261770,0.179187,0.088256,0.131831,0.033232,0.264602,0.311399,0.322201,0.466580,0.403704,0.407032,0.499931,0.699459,0.583137,0.564543,0.547372,0.589991,0.415543,0.395063,0.496985,0.565713,0.787209,0.760745,0.650410,0.585344,0.347329,0.438302,0.257778,0.431985,0.503842,0.513235,0.547151,0.575062,0.185746,0.236371,0.321780,0.289005,0.420787,0.400489,0.313792,0.362563,0.458012,0.467862,0.406723,0.455126,0.519471,0.130305,0.474316,0.475757,0.278784,0.299578,0.420573,0.689053
0.828376,0.604286,1.764425,1.196779,0.653919,0.735523,0.000000,1.168637,1.127507,0.835995,0.924076,0.517405,0.919406,0.552694,0.865429,0.914815,0.568144,0.528980,0.858464,0.775002,0.308736,0.103690,1.161068,0.973317,0.579763,0.674682,0.536573,0.662650,0.523242,0.501694,0.336657,0.366227,0.730004,0.761570,0.430731,0.373821,0.588229,0.511060,0.475939,0.319943,0.162648,0.066946,0.541606,0.554859,0.514595,0.573166,0.667654,0.692688,0.533855,0.576502,0.523371,0.423634,0.673484,0.751454,0.692825,0.693268,0.595365,0.592768,0.753794,0.499457,0.974290,0.621240,0.406608,0.477759,0.603790,0.577594,0.756395,0.657263,0.600322,0.690703,0.289219,0.403026,0.365197,0.361243,0.637200,0.564856,0.612780,0.650124,0.468573,0.584994,0.483273,0.638712,0.643214,0.304075,0.698764,0.537959,0.485470,0.688057,0.803635,0.822340
0.611542,0.542052,0.889287,1.528537,0.682978,0.772816,1.168637,0.000000,0.912785,0.994829,0.656679,0.662282,0.708916,0.736660,0.623879,0.953661,0.424065,0.413257,0.510078,0.713614,0.228462,0.130556,0.699585,0.925502,0.325288,0.593279,0.361492,0.542185,0.487660,0.558576,0.232829,0.387950,0.483647,0.731392,0.262611,0.288518,0.472985,0.435470,0.296395,0.228741,0.131923,0.133469,0.398404,0.418298,0.353692,0.517091,0.564099,0.545210,0.439570,0.498834,0.583211,0.474552,0.600992,0.756537,0.556089,0.549343,0.458533,0.460930,0.740991,0.720203,0.875411,1.035204,0.408058,0.770842,0.445930,0.555723,0.661062,0.726292,0.423580,0.574996,0.239671,0.340383,0.232183,0.328942,0.550216,0.449198,0.412470,0.547849,0.525125,0.546208,0.542269,0.678413,0.492984,0.297080,0.541681,0.681669,0.386435,0.622791,0.448277,0.673477
0.821385,0.654023,0.989285,0.850681,0.977148,1.077344,1.127507,0.912785,0.000000,1.292508,0.751180,0.386803,0.773854,0.467974,1.176320,0.942801,0.498187,0.392514,0.714760,0.683974,0.372023,0.072769,0.749705,0.644518,0.739187,0.869000,0.746341,0.882577,0.440362,0.373282,0.148433,0.105069,0.494995,0.524779,0.315278,0.296081,0.586684,0.409139,0.299436,0.193147,0.065007,-0.067616,0.498084,0.559693,0.531783,0.682521,0.673604,0.702944,0.657538,0.823537,0.639238,0.602580,0.677726,0.792090,0.650854,0.625697,0.551310,0.580789,0.802315,0.746813,0.792300,0.703803,0.352325,0.428705,0.506349,0.616539,0.659024,0.646967,0.613725,0.686376,0.166556,0.222626,0.303319,0.251513,0.573972,0.544064,0.521571,0.574199,0.508846,0.539469,0.462879,0.540813,0.650622,0.176975,0.654541,0.574791,0.372268,0.493594,0.701543,0.823418
0.643813,0.527921,0.742321,0.834815,1.004578,1.287631,0.835995,0.994829,1.292508,0.000000,0.635031,0.471516,0.708211,0.656460,0.906792,1.012145,0.425322,0.354098,0.494741,0.560551,0.287872,0.006769,0.583611,0.636189,0.622990,0.999223,0.656422,0.762097,0.382526,0.346236,0.102977,0.096488,0.371734,0.467112,0.281723,0.325837,0.465464,0.306325,0.232524,0.101765,0.139195,-0.022316,0.401851,0.438187,0.447996,0.604424,0.541290,0.515383,0.568189,0.805963,0.663862,0.652962,0.667749,0.686708,0.574474,0.541198,0.411641,0.479718,0.794203,0.750534,0.745721,0.774913,0.340640,0.489962,0.489779,0.643024,0.602239,0.579874,0.467611,0.560900,0.139320,0.194325,0.252978,0.208840,0.445223,0.452074,0.417175,0.461333,0.508537,0.514046,0.445125,0.546294,0.523613,0.204102,0.572596,0.589153,0.309282,0.479287,0.527276,0.813005
0.819717,0.692175,0.963903,0.628725,0.486571,0.488016,0.924076,0.656679,0.751180,0.635031,0.000000,0.673011,1.309458,0.680980,0.891221,0.918009,0.732391,0.542089,1.034328,0.690355,0.332487,0.110477,0.978399,0.637882,0.587904,0.576151,0.493098,0.508971,0.426731,0.351095,0.311857,0.316452,0.680936,0.615482,0.539955,0.430890,0.671105,0.633910,0.462052,0.338754,0.235688,0.100879,0.634695,0.591785,0.564434,0.516302,0.742300,0.729606,0.576623,0.582746,0.611322,0.522183,0.830183,0.773136,0.862864,0.843913,0.576137,0.609509,0.601991,0.383940,0.721521,0.471138,0.390384,0.336548,0.701617,0.672431,0.720783,0.614209,0.624879,0.714594,0.381946,0.431135,0.515993,0.357166,0.621227,0.587787,0.802496,0.733486,0.449141,0.639936,0.389986,0.530651,0.468589,0.161944,0.778319,0.590691,0.287966,0.652672,0.951055,0.819093
0.506834,0.477349,0.448125,0.499295,0.321934,0.318596,0.517405,0.662282,0.386803,0.471516,0.673011,0.000000,0.628735,1.123431,0.272859,0.738486,0.595780,0.676140,0.474630,0.644027,0.227904,0.151203,0.417121,0.461134,0.203857,0.263404,0.199185,0.248328,0.542881,0.666940,0.374916,0.477201,0.523318,0.619098,0.317268,0.357526,0.392414,0.515372,0.479698,0.522263,0.317715,0.283258,0.490760,0.442476,0.346432,0.395971,0.520042,0.475290,0.482155,0.511751,0.773033,0.740418,0.773069,0.680803,0.845453,0.712479,0.369477,0.444822,0.637127,0.425447,0.702302,0.543173,0.632408,0.764369,0.345900,0.452996,0.543268,0.537716,0.315962,0.359176,0.294799,0.351804,0.319137,0.336036,0.512377,0.353951,0.520347,0.607452,0.473845,0.513896,0.604747,0.751487,0.554131,0.563888,0.550594,0.647536,0.528372,0.714952,0.375619,0.536893
0.589937,0.547145,0.943518,0.601076,0.415128,0.487298,0.919406,0.708916,0.773854,0.708211,1.309458,0.628735,0.000000,0.881259,0.897448,1.001212,0.600773,0.480932,0.722405,0.519628,0.322649,0.105594,0.963461,0.630528,0.670824,0.595324,0.361860,0.418171,0.402322,0.376102,0.249391,0.270414,0.520013,0.487259,0.572529,0.484684,0.597568,0.502272,0.429942,0.246463,0.191546,0.063689,0.687611,0.637536,0.612757,0.585153,0.778333,0.698419,0.644926,0.602454,0.673557,0.558073,0.781429,0.702379,0.882124,0.804360,0.372730,0.440644,0.565218,0.264550,0.712444,0.382524,0.285496,0.269050,0.773980,0.675994,0.726059,0.560639,0.522651,0.623213,0.385215,0.412331,0.384805,0.297283,0.550109,0.553090,0.774708,0.687673,0.395842,0.632485,0.354452,0.487726,0.346365,0.123472,0.700860,0.583947,0.248188,0.709358,0.790099,0.684891
0.438038,0.429493,0.505476,0.538387,0.294211,0.355407,0.552694,0.736660,0.467974,0.656460,0.680980,1.123431,0.881259,0.000000,0.416470,1.066063,0.464094,0.499986,0.391692,0.549854,0.207180,0.090045,0.455333,0.566400,0.302375,0.435843,0.243413,0.309606,0.316019,0.426780,0.212963,0.329240,0.393762,0.528238,0.585621,0.671990,0.449007,0.545355,0.444003,0.407102,0.298690,0.224538,0.570444,0.495732,0.431857,0.537732,0.627879,0.541401,0.505138,0.532348,0.877198,0.749115,0.881606,0.779986,0.883971,0.787319,0.307436,0.368507,0.601216,0.344815,0.670947,0.577311,0.368788,0.512110,0.652550,0.787842,0.736734,0.716993,0.311321,0.457610,0.215212,0.257332,0.246453,0.228445,0.459890,0.407994,0.596690,0.635627,0.447516,0.571287,0.483023,0.694632,0.387713,0.381745,0.765134,0.923718,0.318401,0.813068,0.536532,0.654298
0.762779,0.632368,0.935335,0.604962,0.920289,0.900743,0.865429,0.623879,1.176320,0.906792,0.891221,0.272859,0.897448,0.416470,0.000000,1.004035,0.570392,0.378028,0.786217,0.580286,0.560538,0.236296,0.864823,0.566431,0.951627,0.862345,0.793394,0.775004,0.414753,0.285783,0.238099,0.159301,0.488981,0.444032,0.402464,0.361762,0.751980,0.548279,0.383955,0.267778,0.286607,0.153646,0.462720,0.487913,0.459163,0.529278,0.641263,0.642073,0.522943,0.639250,0.587402,0.527391,0.592316,0.706132,0.633651,0.624597,0.475663,0.530516,0.589436,0.522430,0.586348,0.453715,0.290849,0.223047,0.541869,0.657787,0.602977,0.589838,0.646571,0.678789,0.298207,0.331868,0.483814,0.359225,0.616797,0.635720,0.573513,0.575665,0.436927,0.526247,0.401918,0.425347,0.615761,0.128364,0.786006,0.616925,0.276570,0.464804,0.795559,0.743537
0.687532,0.573871,0.952957,0.864861,0.638039,0.676969,0.914815,0.953661,0.942801,1.012145,0.918009,0.738486,1.001212,1.066063,1.004035,0.000000,0.579740,0.447460,0.722974,0.740971,0.497957,0.207085,0.864337,0.909967,0.641543,0.710094,0.532729,0.647706,0.461829,0.479975,0.313075,0.337514,0.527402,0.622898,0.597663,0.580204,0.712203,0.663718,0.536089,0.382892,0.346653,0.200040,0.527152,0.482703,0.417851,0.531245,0.652652,0.590260,0.515079,0.605979,0.805890,0.668855,0.822458,0.824452,0.903418,0.763404,0.422187,0.514357,0.711611,0.561406,0.796804,0.750775,0.370703,0.470244,0.755389,0.882984,0.825853,0.797564,0.534576,0.687249,0.308906,0.377790,0.470330,0.376172,0.697875,0.694852,0.756839,0.803291,0.563263,0.659399,0.517212,0.642265,0.637633,0.312436,0.949973,0.904453,0.395402,0.817649,0.815063,0.947909
0.804675,0.716342,0.587314,0.399361,0.451448,0.428946,0.568144,0.424065,0.498187,0.425322,0.732391,0.595780,0.600773,0.464094,0.570392,0.579740,0.000000,1.173853,0.966623,0.818022,0.405075,0.272402,0.455132,0.304762,0.534901,0.501065,0.377083,0.345880,0.823127,0.629807,0.386653,0.297221,0.643222,0.604616,0.374666,0.405769,0.584112,0.702453,0.538700,0.424101,0.428924,0.253451,0.491358,0.475636,0.418547,0.417552,0.581523,0.625668,0.401450,0.477108,0.519931,0.442217,0.636930,0.775829,0.712704,0.705979,0.763455,0.812344,0.589294,0.363302,0.650807,0.349776,0.713547,0.409682,0.352378,0.429684,0.591468,0.535595,0.737020,0.751278,0.467432,0.450894,0.653124,0.596832,0.695063,0.590186,0.907146,0.980142,0.784139,0.994550,0.913567,0.828860,0.507925,0.328912,0.690659,0.470335,0.547652,0.421287,0.587323,0.654772
0.824033,0.804710,0.512859,0.341931,0.388840,0.387979,0.528980,0.413257,0.392514,0.354098,0.542089,0.676140,0.480932,0.499986,0.378028,0.447460,1.173853,0.000000,0.777607,0.863077,0.367474,0.340376,0.292429,0.171598,0.301063,0.360186,0.323332,0.312513,0.787083,0.650943,0.276445,0.274205,0.614075,0.677308,0.285897,0.394912,0.558318,0.707643,0.465240,0.477232,0.498538,0.447756,0.535000,0.537956,0.455229,0.478079,0.651908,0.661414,0.488451,0.499362,0.559313,0.489864,0.682561,0.798519,0.714171,0.791065,0.932962,0.974405,0.730579,0.381868,0.765510,0.311432,1.053170,0.648781,0.237877,0.326111,0.615688,0.569951,0.766700,0.768316,0.474073,0.509335,0.654158,0.743605,0.758430,0.603270,0.787836,0.901734,0.524695,0.812187,0.986598,1.000364,0.491191,0.451605,0.616385,0.501350,0.470592,0.406251,0.475308,0.598004
1.094443,0.867539,1.058232,0.603883,0.583865,0.490376,0.858464,0.510078,0.714760,0.494741,1.034328,0.474630,0.722405,0.391692,0.786217,0.722974,0.966623,0.777607,0.000000,1.242631,0.414713,0.246131,0.704999,0.450794,0.557639,0.487047,0.502844,0.509983,0.606468,0.419626,0.216694,0.201372,0.804058,0.744093,0.515770,0.454746,0.799444,0.781695,0.511748,0.417573,0.290141,0.224068,0.643102,0.624017,0.480310,0.479627,0.721362,0.776008,0.551066,0.551017,0.535845,0.451456,0.761371,0.816862,0.846981,0.840910,0.768854,0.866179,0.730902,0.437261,0.788201,0.424780,0.655471,0.396778,0.537013,0.535707,0.801965,0.665914,1.028464,1.023249,0.359777,0.404065,0.711277,0.615666,0.926688,0.893283,1.015955,0.992660,0.441815,0.678447,0.572582,0.610452,0.578438,0.212433,0.811562,0.503512,0.368543,0.481033,1.013256,0.895285
1.072989,0.958293,0.821207,0.749208,0.668568,0.572735,0.775002,0.713614,0.683974,0.560551,0.690355,0.644027,0.519628,0.549854,0.580286,0.740971,0.818022,0.863077,1.242631,0.000000,0.399613,0.338487,0.452299,0.449116,0.330085,0.428715,0.505675,0.613201,0.657173,0.575688,0.169681,0.251482,0.768813,0.997849,0.427825,0.522781,0.749105,0.831481,0.449540,0.450508,0.293981,0.305342,0.562888,0.532083,0.371419,0.529670,0.708430,0.747612,0.549059,0.555732,0.670342,0.579627,0.792018,1.079133,0.821237,0.819681,0.848024,0.923182,0.980333,0.700205,0.903187,0.727433,0.843397,0.728279,0.379806,0.528655,0.903100,0.962870,1.046390,1.129648,0.250549,0.331170,0.549624,0.629885,0.911032,0.808903,0.849617,1.035637,0.563701,0.710724,0.834298,0.907953,0.689178,0.331895,0.763643,0.707444,0.396937,0.576498,0.733149,0.896405
0.439385,0.423714,0.356019,0.231260,0.322523,0.305428,0.308736,0.228462,0.372023,0.287872,0.332487,0.227904,0.322649,0.207180,0.560538,0.497957,0.405075,0.367474,0.414713,0.399613,0.000000,1.143940,0.290964,0.243777,0.338187,0.328545,0.376950,0.523423,0.520560,0.371343,0.259390,0.229123,0.269118,0.298848,0.107029,0.137698,0.481415,0.428466,0.341445,0.300597,0.540048,0.485753,0.167673,0.165626,0.165839,0.196412,0.281284,0.241469,0.295871,0.330831,0.337908,0.318864,0.339766,0.409786,0.338530,0.244055,0.385781,0.444787,0.343340,0.380815,0.333778,0.246809,0.270087,0.195408,0.100502,0.140089,0.309879,0.337608,0.500609,0.480641,0.603980,0.665522,0.768374,0.703487,0.649011,0.591234,0.454846,0.494976,0.311635,0.322556,0.367565,0.323739,0.343438,0.171969,0.356625,0.302644,0.093083,0.148351,0.285974,0.280473
0.248622,0.305409,0.129934,0.114281,0.130409,0.082537,0.103690,0.130556,0.072769,0.006769,0.110477,0.151203,0.105594,0.090045,0.236296,0.207085,0.272402,0.340376,0.246131,0.338487,1.143940,0.000000,0.029479,0.037750,0.060230,0.074217,0.104140,0.249403,0.459180,0.350453,0.221281,0.262396,0.202531,0.306614,0.022343,0.086730,0.385544,0.436859,0.190865,0.326240,0.557690,0.768443,0.135236,0.125691,0.071821,0.132227,0.247863,0.197360,0.193436,0.145153,0.196763,0.180457,0.134741,0.342471,0.190350,0.172157,0.284350,0.308747,0.196320,0.227327,0.188849,0.179428,0.271553,0.225680,-0.031399,0.012659,0.197096,0.250416,0.359697,0.346436,0.599636,0.705657,0.686964,0.877021,0.611635,0.507517,0.296227,0.390124,0.142080,0.202546,0.322219,0.292979,0.166494,0.146177,0.194307,0.242440,0.012376,0.046923,0.066936,0.072475
0.486809,0.331185,1.345972,0.829532,0.446992,0.486951,1.161068,0.699585,0.749705,0.583611,0.978399,0.417121,0.963461,0.455333,0.864823,0.864337,0.455132,0.292429,0.704999,0.452299,0.290964,0.029479,0.000000,1.185092,0.778498,0.622544,0.416789,0.491434,0.280323,0.311930,0.490720,0.477067,0.631178,0.515247,0.598795,0.390992,0.462815,0.368826,0.454770,0.232093,0.086880,-0.025760,0.413821,0.392279,0.408391,0.353510,0.437286,0.474317,0.309897,0.358225,0.300974,0.258421,0.411792,0.427623,0.521119,0.480767,0.263489,0.283147,0.340369,0.179584,0.514885,0.338461,0.167738,0.197223,0.753677,0.568318,0.535995,0.396850,0.345286,0.403264,0.304499,0.362329,0.280492,0.166261,0.404642,0.405071,0.528110,0.487944,0.321351,0.456455,0.184583,0.316136,0.453828,0.134309,0.585929,0.390409,0.345791,0.631069,0.795873,0.623080
0.367629,0.240102,1.019087,1.223773,0.359805,0.473774,0.973317,0.925502,0.644518,0.636189,0.637882,0.461134,0.630528,0.566400,0.566431,0.909967,0.304762,0.171598,0.450794,0.449116,0.243777,0.037750,1.185092,0.000000,0.501106,0.580686,0.378132,0.513138,0.176539,0.302442,0.441281,0.597438,0.463314,0.509553,0.498410,0.361590,0.318202,0.246075,0.360053,0.167452,0.066173,0.000164,0.270987,0.259460,0.294984,0.296499,0.323270,0.333403,0.230788,0.270776,0.281862,0.216711,0.339918,0.401722,0.388512,0.339645,0.214403,0.216417,0.320889,0.285544,0.441117,0.558218,0.076328,0.319547,0.638848,0.538590,0.489047,0.451357,0.262284,0.363241,0.228740,0.338326,0.165318,0.116347,0.307720,0.293187,0.300172,0.353768,0.305458,0.347461,0.176720,0.345909,0.418507,0.199668,0.530343,0.478314,0.329470,0.612813,0.566858,0.556393
0.457128,0.398661,0.708687,0.393006,0.661729,0.678551,0.579763,0.325288,0.739187,0.622990,0.587904,0.203857,0.670824,0.302375,0.951627,0.641543,0.534901,0.301063,0.557639,0.330085,0.338187,0.060230,0.778498,0.501106,0.000000,1.032524,0.612492,0.508496,0.244671,0.151416,0.198712,0.071414,0.405025,0.233530,0.479029,0.345893,0.455860,0.309010,0.414984,0.225171,0.143406,0.024381,0.461856,0.468173,0.457694,0.405588,0.445839,0.491684,0.386022,0.516381,0.451010,0.402224,0.420526,0.385573,0.482252,0.436688,0.254643,0.339777,0.337911,0.161740,0.364505,0.094104,0.146038,-0.033303,0.516383,0.552041,0.463629,0.340625,0.377330,0.380333,0.272259,0.207141,0.308163,0.158263,0.382695,0.416318,0.451750,0.425892,0.250175,0.386504,0.200280,0.240289,0.376370,0.053882,0.565738,0.403569,0.303735,0.377432,0.589079,0.544313
0.445900,0.332958,0.651010,0.620283,0.813153,0.998548,0.674682,0.593279,0.869000,0.999223,0.576151,0.263404,0.595324,0.435843,0.862345,0.710094,0.501065,0.360186,0.487047,0.428715,0.328545,0.074217,0.622544,0.580686,1.032524,0.000000,0.828544,0.675216,0.330340,0.302224,0.263243,0.239845,0.453278,0.440037,0.484944,0.444291,0.498991,0.367583,0.296881,0.133368,0.215942,0.085066,0.435659,0.481162,0.529196,0.545530,0.502509,0.544558,0.431940,0.568336,0.446477,0.364308,0.453741,0.549786,0.400719,0.442271,0.363055,0.394445,0.507356,0.377124,0.495201,0.433818,0.225273,0.237262,0.608715,0.655130,0.592769,0.510295,0.383456,0.457616,0.154538,0.225187,0.334070,0.247706,0.417257,0.437204,0.438394,0.449436,0.451926,0.530934,0.410642,0.503023,0.458931,0.146071,0.659356,0.537803,0.251719,0.321716,0.520689,0.617932
0.665852,0.515224,0.542806,0.413623,0.723962,0.826757,0.536573,0.361492,0.746341,0.656422,0.493098,0.199185,0.361860,0.243413,0.793394,0.532729,0.377083,0.323332,0.502844,0.505675,0.376950,0.104140,0.416789,0.378132,0.612492,0.828544,0.000000,1.286801,0.201054,0.135114,0.199007,0.164258,0.488027,0.392235,0.288325,0.318436,0.488757,0.359403,0.320016,0.301935,0.210019,0.117275,0.337755,0.349579,0.383151,0.400324,0.424100,0.491141,0.430371,0.558331,0.422328,0.429797,0.521777,0.577523,0.424187,0.493733,0.610749,0.615412,0.608673,0.557711,0.470364,0.410197,0.191757,0.168584,0.338935,0.542397,0.472639,0.469228,0.645397,0.599289,-0.018171,0.092926,0.308602,0.184626,0.300842,0.320132,0.295532,0.315629,0.310624,0.335250,0.355959,0.401475,0.615159,0.231433,0.663257,0.435145,0.200099,0.369514,0.645360,0.734812
0.727359,0.581534,0.673218,0.612357,0.737638,0.909256,0.662650,0.542185,0.882577,0.762097,0.508971,0.248328,0.418171,0.309606,0.775004,0.647706,0.345880,0.312513,0.509983,0.613201,0.523423,0.249403,0.491434,0.513138,0.508496,0.675216,1.286801,0.000000,0.229100,0.191490,0.163321,0.150710,0.456904,0.447861,0.294965,0.334355,0.445683,0.339472,0.328943,0.265816,0.124720,0.035227,0.331479,0.334974,0.376672,0.489872,0.464725,0.510331,0.493532,0.609774,0.496075,0.478196,0.592275,0.653387,0.455276,0.456204,0.614264,0.624820,0.723602,0.755061,0.584562,0.560649,0.193553,0.249893,0.367715,0.516572,0.618257,0.629108,0.753563,0.767735,0.128540,0.243729,0.337738,0.243015,0.394556,0.361602,0.338720,0.399520,0.376114,0.389199,0.334822,0.432797,0.553105,0.156828,0.645217,0.484112,0.183492,0.426716,0.651422,0.761815
0.528882,0.483345,0.425132,0.375792,0.438310,0.390785,0.523242,0.487660,0.440362,0.382526,0.426731,0.542881,0.402322,0.316019,0.414753,0.461829,0.823127,0.787083,0.606468,0.657173,0.520560,0.459180,0.280323,0.176539,0.244671,0.330340,0.201054,0.229100,0.000000,1.424280,0.557490,0.444528,0.567426,0.669322,0.047853,0.108930,0.432933,0.503842,0.371508,0.311643,0.477124,0.386831,0.345529,0.332452,0.259505,0.331083,0.404822,0.361288,0.452487,0.459162,0.508354,0.461627,0.420243,0.543368,0.493914,0.445024,0.512291,0.559686,0.649077,0.465103,0.670068,0.410084,0.743626,0.624489,0.027412,0.077261,0.390902,0.390342,0.528970,0.480276,0.421126,0.422773,0.634880,0.742218,0.775190,0.578488,0.622428,0.695753,0.864544,0.826452,1.066540,0.872056,0.597933,0.549340,0.325603,0.266540,0.488028,0.270108,0.169234,0.306350
0.320741,0.291959,0.381447,0.477884,0.268000,0.283432,0.501694,0.558576,0.373282,0.346236,0.351095,0.666940,0.376102,0.426780,0.285783,0.479975,0.629807,0.650943,0.419626,0.575688,0.371343,0.350453,0.311930,0.302442,0.151416,0.302224,0.135114,0.191490,1.424280,0.000000,0.722833,0.696906,0.549959,0.705789,0.144689,0.179100,0.348147,0.444243,0.347726,0.287206,0.343366,0.331093,0.368019,0.349240,0.290480,0.360971,0.398462,0.346978,0.425548,0.386634,0.469845,0.418518,0.320158,0.508979,0.452362,0.428988,0.297929,0.327873,0.531743,0.392127,0.549607,0.469611,0.601909,0.713946,0.102577,0.107556,0.383604,0.406121,0.321431,0.323158,0.288098,0.353315,0.426990,0.584593,0.647973,0.464767,0.496519,0.619809,0.938650,0.872243,1.054807,0.975881,0.614536,0.698553,0.317669,0.335005,0.512513,0.426680,0.099675,0.211029
0.058937,-0.090963,0.309400,0.278104,0.066444,0.114807,0.336657,0.232829,0.148433,0.102977,0.311857,0.374916,0.249391,0.212963,0.238099,0.313075,0.386653,0.276445,0.216694,0.169681,0.259390,0.221281,0.490720,0.441281,0.198712,0.263243,0.199007,0.163321,0.557490,0.722833,0.000000,1.311099,0.457131,0.432285,0.239921,0.191147,0.071008,0.180129,0.285599,0.191017,0.237921,0.177382,0.037496,-0.001944,0.059638,0.042970,0.027988,0.040578,0.015151,0.054074,0.059820,0.072110,0.014173,0.181268,0.123243,0.137807,0.032526,0.051777,0.113491,0.040509,0.156941,0.192653,0.199315,0.310974,0.219880,0.116202,0.103053,0.086577,0.040518,0.029890,0.216053,0.233907,0.215878,0.193302,0.189313,0.063687,0.188221,0.224037,0.590235,0.561387,0.390636,0.437809,0.432763,0.450100,0.220351,0.115718,0.422691,0.283320,0.130816,0.095805
0.029359,-0.064166,0.318509,0.446689,-0.000302,0.052893,0.366227,0.387950,0.105069,0.096488,0.316452,0.477201,0.270414,0.329240,0.159301,0.337514,0.297221,0.274205,0.201372,0.251482,0.229123,0.262396,0.477067,0.597438,0.071414,0.239845,0.164258,0.150710,0.444528,0.696906,1.311099,0.000000,0.521162,0.585442,0.302627,0.262131,0.132727,0.237764,0.221586,0.201297,0.209860,0.296629,0.150660,0.109694,0.161317,0.133246,0.152047,0.146841,0.070721,0.017681,0.050090,0.016481,0.030421,0.245843,0.129463,0.173126,0.067465,0.041952,0.139864,0.068739,0.188516,0.314197,0.215698,0.426288,0.267637,0.133100,0.196431,0.210692,0.064973,0.077545,0.154890,0.270512,0.188963,0.235887,0.216999,0.075656,0.150261,0.228184,0.429634,0.428674,0.412207,0.502722,0.384501,0.473107,0.262054,0.210847,0.312009,0.348764,0.111631,0.076661
0.631672,0.537706,0.711102,0.467072,0.409127,0.367406,0.730004,0.483647,0.494995,0.371734,0.680936,0.523318,0.520013,0.393762,0.488981,0.527402,0.643222,0.614075,0.804058,0.768813,0.269118,0.202531,0.631178,0.463314,0.405025,0.453278,0.488027,0.456904,0.567426,0.549959,0.457131,0.521162,0.000000,1.442322,0.658326,0.685597,0.532351,0.621479,0.422045,0.450825,0.213994,0.262589,0.734963,0.670656,0.631258,0.661861,0.710016,0.753158,0.564762,0.532485,0.516938,0.424083,0.529133,0.718756,0.695777,0.733020,0.602768,0.624066,0.693417,0.378136,0.878461,0.508219,0.632104,0.500906,0.530717,0.530140,0.812919,0.703824,0.631464,0.604139,0.006537,0.122073,0.346240,0.325181,0.461175,0.380563,0.701248,0.722981,0.443989,0.617998,0.646912,0.802637,0.553421,0.389871,0.680109,0.499509,0.292063,0.537050,0.634573,0.587523
0.621392,0.575927,0.668875,0.668395,0.438113,0.419845,0.761570,0.731392,0.524779,0.467112,0.615482,0.619098,0.487259,0.528238,0.444032,0.622898,0.604616,0.677308,0.744093,0.997849,0.298848,0.306614,0.515247,0.509553,0.233530,0.440037,0.392235,0.447861,0.669322,0.705789,0.432285,0.585442,1.442322,0.000000,0.586011,0.728713,0.568793,0.676369,0.335789,0.398641,0.250157,0.324197,0.653423,0.608847,0.513539,0.694667,0.737521,0.736067,0.505034,0.469535,0.537481,0.424389,0.540694,0.849392,0.626669,0.692482,0.588893,0.615007,0.774439,0.545882,0.914897,0.828591,0.799220,0.823039,0.474023,0.521199,0.864127,0.910416,0.592018,0.658542,0.061649,0.193500,0.362104,0.449962,0.587618,0.469300,0.715940,0.843760,0.563357,0.697904,0.846426,1.079640,0.548857,0.409677,0.632038,0.631299,0.263184,0.513973,0.500459,0.568345
0.216578,0.135407,0.545466,0.343955,0.106309,0.121175,0.430731,0.262611,0.315278,0.281723,0.539955,0.317268,0.572529,0.585621,0.402464,0.597663,0.374666,0.285897,0.515770,0.427825,0.107029,0.022343,0.598795,0.498410,0.479029,0.484944,0.288325,0.294965,0.047853,0.144689,0.239921,0.302627,0.658326,0.586011,0.000000,1.524510,0.542428,0.559898,0.467873,0.340619,0.138969,0.089997,0.679847,0.597225,0.606611,0.596241,0.594615,0.645672,0.319966,0.282529,0.338588,0.217748,0.376236,0.466224,0.528226,0.576093,0.093136,0.144904,0.281947,-0.039145,0.402640,0.266307,0.232592,0.165060,1.389493,0.903546,0.906405,0.661059,0.289516,0.397535,0.036588,0.077712,0.186336,0.053671,0.340700,0.368584,0.734600,0.673765,0.231646,0.463175,0.266779,0.458488,0.259345,0.107892,0.840739,0.626164,0.137198,0.545336,0.696248,0.484083
0.272897,0.230897,0.429653,0.287382,0.178091,0.181872,0.373821,0.288518,0.296081,0.325837,0.430890,0.357526,0.484684,0.671990,0.361762,0.580204,0.405769,0.394912,0.454746,0.522781,0.137698,0.086730,0.390992,0.361590,0.345893,0.444291,0.318436,0.334355,0.108930,0.179100,0.191147,0.262131,0.685597,0.728713,1.524510,0.000000,0.560677,0.638173,0.439794,0.377418,0.227536,0.183109,0.642736,0.564817,0.542062,0.683382,0.634961,0.687440,0.329125,0.329862,0.428469,0.311358,0.445736,0.610521,0.547529,0.614175,0.202991,0.257861,0.408119,0.115704,0.478355,0.392610,0.379576,0.292937,0.992913,0.911539,0.945822,0.845982,0.353144,0.487396,-0.036234,0.004323,0.159810,0.093738,0.337926,0.343243,0.723713,0.714851,0.309780,0.524283,0.424871,0.634931,0.296657,0.171032,0.834752,0.724341,0.136299,0.523201,0.597210,0.514151
0.718455,0.646761,0.626661,0.457605,0.452488,0.369467,0.588229,0.472985,0.586684,0.465464,0.671105,0.392414,0.597568,0.449007,0.751980,0.712203,0.584112,0.558318,0.799444,0.749105,0.481415,0.385544,0.462815,0.318202,0.455860,0.498991,0.488757,0.445683,0.432933,0.348147,0.071008,0.132727,0.532351,0.568793,0.542428,0.560677,0.000000,1.246386,0.608942,0.584539,0.655565,0.543074,0.630431,0.628710,0.444788,0.476616,0.882918,0.878844,0.415102,0.351253,0.535468,0.362691,0.619807,0.827200,0.798636,0.818594,0.541866,0.524335,0.526367,0.365174,0.604909,0.406471,0.546632,0.320420,0.549114,0.589549,0.697017,0.704672,0.605042,0.638527,0.286099,0.379047,0.605377,0.543776,0.914106,0.861791,0.727818,0.775342,0.264936,0.413298,0.623969,0.621325,0.619819,0.254629,0.862409,0.740007,0.257384,0.505524,0.718055,0.679371
0.689962,0.671038,0.516709,0.371929,0.385038,0.261770,0.511060,0.435470,0.409139,0.306325,0.633910,0.515372,0.502272,0.545355,0.548279,0.663718,0.702453,0.707643,0.781695,0.831481,0.428466,0.436859,0.368826,0.246075,0.309010,0.367583,0.359403,0.339472,0.503842,0.444243,0.180129,0.237764,0.621479,0.676369,0.559898,0.638173,1.246386,0.000000,0.697958,0.838134,0.678568,0.670218,0.581762,0.558572,0.360942,0.471660,0.770920,0.817617,0.369193,0.329437,0.644374,0.452955,0.644786,0.995313,0.834043,0.872142,0.640105,0.639146,0.556153,0.395814,0.658340,0.442385,0.642071,0.409780,0.498903,0.622932,0.779087,0.877444,0.586597,0.697400,0.256273,0.325551,0.614847,0.598936,0.890173,0.750144,0.855027,0.984157,0.413704,0.606245,0.741255,0.791666,0.598655,0.379221,0.999610,0.949146,0.328131,0.595052,0.692406,0.686440
0.507323,0.407300,0.511741,0.294364,0.244219,0.179187,0.475939,0.296395,0.299436,0.232524,0.462052,0.479698,0.429942,0.444003,0.383955,0.536089,0.538700,0.465240,0.511748,0.449540,0.341445,0.190865,0.454770,0.360053,0.414984,0.296881,0.320016,0.328943,0.371508,0.347726,0.285599,0.221586,0.422045,0.335789,0.467873,0.439794,0.608942,0.697958,0.000000,1.160875,0.728164,0.390824,0.483791,0.396077,0.326337,0.358879,0.504335,0.508230,0.282951,0.317187,0.533985,0.403570,0.462420,0.468731,0.767044,0.683181,0.341114,0.370868,0.446247,0.216281,0.556981,0.146546,0.362607,0.155683,0.461211,0.533112,0.664824,0.564405,0.413093,0.455693,0.257812,0.288238,0.298525,0.241800,0.482377,0.428185,0.543958,0.564983,0.230389,0.349186,0.342274,0.429997,0.622943,0.535322,0.692806,0.557239,0.680028,0.717735,0.575794,0.536041
0.496857,0.480942,0.311487,0.171126,0.194886,0.088256,0.319943,0.228741,0.193147,0.101765,0.338754,0.522263,0.246463,0.407102,0.267778,0.382892,0.424101,0.477232,0.417573,0.450508,0.300597,0.326240,0.232093,0.167452,0.225171,0.133368,0.301935,0.265816,0.311643,0.287206,0.191017,0.201297,0.450825,0.398641,0.340619,0.377418,0.584539,0.838134,1.160875,0.000000,0.691568,0.636066,0.510683,0.457360,0.283125,0.379225,0.552554,0.583927,0.295086,0.322912,0.579341,0.511265,0.452782,0.580349,0.699290,0.709492,0.425985,0.406062,0.393066,0.270741,0.506753,0.220865,0.416953,0.231441,0.292160,0.490250,0.512245,0.542326,0.371263,0.374210,0.110435,0.176118,0.233814,0.247136,0.420628,0.312557,0.393731,0.475739,0.105275,0.220934,0.382791,0.475393,0.630812,0.706637,0.657475,0.639744,0.524394,0.591583,0.444135,0.435757
0.358027,0.290445,0.169036,0.084602,0.200394,0.131831,0.162648,0.131923,0.065007,0.139195,0.235688,0.317715,0.191546,0.298690,0.286607,0.346653,0.428924,0.498538,0.290141,0.293981,0.540048,0.557690,0.086880,0.066173,0.143406,0.215942,0.210019,0.124720,0.477124,0.343366,0.237921,0.209860,0.213994,0.250157,0.138969,0.227536,0.655565,0.678568,0.728164,0.691568,0.000000,1.042463,0.214740,0.178357,0.094946,0.139016,0.322861,0.263231,0.110675,0.119367,0.329546,0.243447,0.283911,0.347806,0.413779,0.404109,0.315395,0.321883,0.279233,0.211814,0.343267,0.102569,0.466292,0.233628,0.110941,0.198527,0.302641,0.320167,0.308525,0.290761,0.443491,0.540342,0.608192,0.640721,0.583476,0.537680,0.354324,0.392871,0.134855,0.196465,0.407914,0.417307,0.442360,0.501016,0.368262,0.396338,0.320985,0.261579,0.193483,0.291675
0.222573,0.275110,0.075919,0.075507,0.090048,0.033232,0.066946,0.133469,-0.067616,-0.022316,0.100879,0.283258,0.063689,0.224538,0.153646,0.200040,0.253451,0.447756,0.224068,0.305342,0.485753,0.768443,-0.025760,0.000164,0.024381,0.085066,0.117275,0.035227,0.386831,0.331093,0.177382,0.296629,0.262589,0.324197,0.089997,0.183109,0.543074,0.670218,0.390824,0.636066,1.042463,0.000000,0.253783,0.244126,0.127677,0.168929,0.325867,0.279808,0.177290,0.095158,0.295687,0.220379,0.165964,0.344586,0.277494,0.340711,0.273086,0.263557,0.169430,0.143512,0.220348,0.148383,0.384685,0.296404,0.003181,0.126747,0.213634,0.289317,0.273110,0.223355,0.349894,0.499488,0.594722,0.752398,0.582737,0.488947,0.216933,0.312772,0.013079,0.132309,0.407812,0.415761,0.286069,0.498991,0.344520,0.400189,0.117120,0.176088,0.071929,0.112120
0.552026,0.600557,0.530526,0.338737,0.268593,0.264602,0.541606,0.398404,0.498084,0.401851,0.634695,0.490760,0.687611,0.570444,0.462720,0.527152,0.491358,0.535000,0.643102,0.562888,0.167673,0.135236,0.413821,0.270987,0.461856,0.435659,0.337755,0.331479,0.345529,0.368019,0.037496,0.150660,0.734963,0.653423,0.679847,0.642736,0.630431,0.581762,0.483791,0.510683,0.214740,0.253783,0.000000,1.915492,1.428789,1.263754,1.656667,1.416899,1.127692,0.806671,0.736884,0.576966,0.693096,0.752780,0.873458,1.024310,0.422940,0.431948,0.593954,0.221590,0.641241,0.264492,0.382271,0.192923,0.593200,0.610209,0.908681,0.693496,0.543989,0.568665,0.129246,0.195440,0.279478,0.285524,0.573902,0.506103,0.730797,0.708284,0.216786,0.466704,0.513237,0.615053,0.336843,0.286870,0.693699,0.565533,0.175885,0.568609,0.520985,0.469320
0.553696,0.583045,0.537183,0.380623,0.293575,0.311399,0.554859,0.418298,0.559693,0.438187,0.591785,0.442476,0.637536,0.495732,0.487913,0.482703,0.475636,0.537956,0.624017,0.532083,0.165626,0.125691,0.392279,0.259460,0.468173,0.481162,0.349579,0.334974,0.332452,0.349240,-0.001944,0.109694,0.670656,0.608847,0.597225,0.564817,0.628710,0.558572,0.396077,0.457360,0.178357,0.244126,1.915492,0.000000,1.518720,1.411159,1.610252,1.574302,1.156855,0.880401,0.676509,0.558396,0.658898,0.738381,0.752837,0.970127,0.448073,0.432865,0.547225,0.253878,0.600940,0.293894,0.398540,0.234266,0.536422,0.561130,0.791008,0.646093,0.527706,0.529999,0.139323,0.177112,0.268743,0.286824,0.542713,0.482817,0.615709,0.634486,0.217660,0.456246,0.528092,0.624421,0.371544,0.301869,0.684096,0.570814,0.163937,0.462526,0.493556,0.464827
0.414457,0.421858,0.481730,0.324721,0.248207,0.322201,0.514595,0.353692,0.531783,0.447996,0.564434,0.346432,0.612757,0.431857,0.459163,0.417851,0.418547,0.455229,0.480310,0.371419,0.165839,0.071821,0.408391,0.294984,0.457694,0.529196,0.383151,0.376672,0.259505,0.290480,0.059638,0.161317,0.631258,0.513539,0.606611,0.542062,0.444788,0.360942,0.326337,0.283125,0.094946,0.127677,1.428789,1.518720,0.000000,1.471729,1.165092,1.111104,1.222831,0.904380,0.509359,0.439355,0.509491,0.543754,0.572783,0.738006,0.381088,0.356246,0.482418,0.172074,0.498246,0.249980,0.234344,0.151035,0.577755,0.545362,0.749816,0.549647,0.495929,0.495931,0.151805,0.200381,0.241925,0.205559,0.394552,0.386529,0.534886,0.516343,0.231891,0.449615,0.411319,0.498194,0.260786,0.192877,0.571534,0.389395,0.101346,0.371752,0.428487,0.372329
0.493909,0.513712,0.497473,0.423988,0.409388,0.466580,0.573166,0.517091,0.682521,0.604424,0.516302,0.395971,0.585153,0.537732,0.529278,0.531245,0.417552,0.478079,0.479627,0.529670,0.196412,0.132227,0.353510,0.296499,0.405588,0.545530,0.400324,0.489872,0.331083,0.360971,0.042970,0.133246,0.661861,0.694667,0.596241,0.683382,0.476616,0.471660,0.358879,0.379225,0.139016,0.168929,1.263754,1.411159,1.471729,0.000000,1.286527,1.254702,1.157967,1.047204,0.683294,0.610516,0.570143,0.757288,0.619925,0.799241,0.423783,0.421722,0.660182,0.443392,0.648318,0.491952,0.372801,0.349524,0.544376,0.672803,0.940140,0.874338,0.544320,0.612244,0.088542,0.126918,0.188795,0.211901,0.448748,0.395965,0.565645,0.629901,0.349868,0.541751,0.542037,0.693136,0.397091,0.282929,0.653997,0.621230,0.167728,0.447040,0.427052,0.469254
0.758361,0.792633,0.629723,0.473714,0.403639,0.403704,0.667654,0.564099,0.673604,0.541290,0.742300,0.520042,0.778333,0.627879,0.641263,0.652652,0.581523,0.651908,0.721362,0.708430,0.281284,0.247863,0.437286,0.323270,0.445839,0.502509,0.424100,0.464725,0.404822,0.398462,0.027988,0.152047,0.710016,0.737521,0.594615,0.634961,0.882918,0.770920,0.504335,0.552554,0.322861,0.325867,1.656667,1.610252,1.165092,1.286527,0.000000,1.876629,1.050069,0.821890,0.830106,0.625307,0.844349,1.062432,1.001111,1.240093,0.610183,0.600451,0.736542,0.430191,0.773500,0.433820,0.514661,0.341087,0.584303,0.679297,0.995491,0.891886,0.681147,0.756277,0.189451,0.284027,0.354338,0.397123,0.687988,0.592969,0.741747,0.793778,0.286246,0.533605,0.641985,0.771628,0.465968,0.297267,0.842476,0.784353,0.231137,0.636823,0.637476,0.637734
0.779883,0.776216,0.665881,0.489086,0.436248,0.407032,0.692688,0.545210,0.702944,0.515383,0.729606,0.475290,0.698419,0.541401,0.642073,0.590260,0.625668,0.661414,0.776008,0.747612,0.241469,0.197360,0.474317,0.333403,0.491684,0.544558,0.491141,0.510331,0.361288,0.346978,0.040578,0.146841,0.753158,0.736067,0.645672,0.687440,0.878844,0.817617,0.508230,0.583927,0.263231,0.279808,1.416899,1.574302,1.111104,1.254702,1.876629,0.000000,0.920671,0.804892,0.723543,0.581030,0.788410,1.126880,0.861465,1.146048,0.660256,0.611839,0.682738,0.419025,0.731388,0.451204,0.525355,0.332706,0.613782,0.714116,0.977749,0.907991,0.674073,0.740286,0.150691,0.209599,0.298676,0.321307,0.631977,0.528961,0.706278,0.797880,0.309249,0.547033,0.643258,0.770600,0.525041,0.301516,0.903309,0.794173,0.259617,0.578329,0.672227,0.666997
0.585558,0.645035,0.490431,0.354028,0.452412,0.499931,0.533855,0.439570,0.657538,0.568189,0.576623,0.482155,0.644926,0.505138,0.522943,0.515079,0.401450,0.488451,0.551066,0.549059,0.295871,0.193436,0.309897,0.230788,0.386022,0.431940,0.430371,0.493532,0.452487,0.425548,0.015151,0.070721,0.564762,0.505034,0.319966,0.329125,0.415102,0.369193,0.282951,0.295086,0.110675,0.177290,1.127692,1.156855,1.222831,1.157967,1.050069,0.920671,0.000000,1.419978,0.904750,0.875979,0.759580,0.717088,0.788762,0.858894,0.475504,0.517672,0.778718,0.406593,0.656411,0.349765,0.314167,0.282292,0.325625,0.408464,0.694113,0.566971,0.671973,0.621412,0.206194,0.240604,0.336217,0.351919,0.533335,0.520504,0.541264,0.548886,0.306617,0.486690,0.482340,0.532608,0.408699,0.285010,0.528693,0.448392,0.182465,0.459316,0.412407,0.449464
