0.000000,1.317098,1.097578,1.041717,0.570254,0.666050,1.153959,1.178683,0.621254,0.719257,0.989209,1.097487,0.967068,1.039815,0.638908,0.663739,0.844579,0.896450,1.091707,1.089179,-0.209985,-0.294815,0.864384,0.853614,0.730607,0.478677,0.444499,0.434794,0.446866,0.467739,0.281462,0.604915,0.904448,1.141394,0.767919,0.593668,0.103385,0.494547,-0.030760,0.106497,-0.354573,0.069269,0.781811,0.586854,0.811886,0.850235,0.589450,0.529831,0.845512,0.823268,0.944490,0.853238,0.821329,0.888685,0.762818,0.795368,1.598861,1.364865,1.393256,1.128363,1.087337,0.931616,1.040168,1.187932,0.715313,0.828807,1.293421,1.226584,0.929249,1.073750,0.478196,0.557664,0.660744,0.743616,0.786686,0.545248,0.752836,0.738924,0.411563,0.231596,0.760534,0.979054,0.633536,0.507654,0.800986,0.931108,0.360015,0.013384,0.842709,0.890826
1.317098,0.000000,0.737450,0.663432,0.319030,0.377123,0.843532,0.845131,0.341432,0.459284,0.881011,0.930181,0.696789,0.748700,0.378052,0.368875,0.681973,0.734384,0.645873,0.688994,-0.107779,-0.123742,0.661716,0.631377,0.435817,0.220532,0.271434,0.240985,0.449914,0.371470,0.070256,0.471943,0.642760,0.855718,0.560344,0.412260,0.174188,0.260720,-0.070507,0.024910,-0.188737,-0.022477,0.688513,0.655961,0.863538,0.949092,0.557492,0.556103,0.885500,0.971963,0.816681,0.855175,0.721250,0.776222,0.633292,0.610509,1.369189,1.151667,1.227301,1.024665,0.891234,0.991437,0.808801,0.923660,0.637338,0.762091,1.066901,0.958500,0.517739,0.888628,0.378026,0.472685,0.684529,0.710071,0.558377,0.354722,0.477633,0.553177,0.379055,0.128841,0.590843,0.724103,0.363907,0.272793,0.636504,0.668946,0.127690,0.009744,0.595893,0.638323
1.097578,0.737450,0.000000,1.518726,0.900454,0.982977,1.214986,1.205846,0.868991,0.931858,0.816773,0.898031,0.957820,1.050939,0.796049,0.904709,0.797215,0.732245,1.169039,1.050674,-0.263828,-0.383546,1.127326,1.097582,1.108073,0.726206,0.612855,0.636974,0.385644,0.464294,0.500273,0.664272,0.776996,0.916271,0.771492,0.775403,-0.015121,0.604067,-0.015573,0.062709,-0.513503,0.080223,0.844522,0.514782,0.599161,0.594754,0.594595,0.440079,0.606137,0.583057,0.971175,0.716283,0.893339,0.974167,0.789419,0.862357,0.960092,1.089200,0.816729,0.895114,0.760538,0.587699,1.080593,0.920065,0.683442,0.790088,0.857779,0.971494,1.057789,0.703870,0.607580,0.722338,0.571202,0.773888,0.929687,0.759200,0.927279,0.861011,0.361582,0.298961,0.776922,0.909078,0.714622,0.526163,0.860978,1.097466,0.451770,-0.075896,1.063542,1.222138
1.041717,0.663432,1.518726,0.000000,0.845794,1.013072,1.161433,1.297239,0.793956,1.058533,0.835336,0.934671,0.884150,1.095502,0.703964,0.952398,0.834610,0.808167,1.187612,1.079196,-0.295802,-0.399856,1.000669,1.201782,1.134304,0.644000,0.503618,0.581412,0.400803,0.485665,0.518941,0.729287,0.762985,0.862015,0.728696,0.782993,0.092709,0.597605,0.056790,0.133436,-0.390798,0.060011,0.886705,0.519761,0.597037,0.577084,0.634320,0.485019,0.574328,0.531682,0.883443,0.625470,0.848409,0.827905,0.814384,0.827083,0.845035,1.003450,0.768640,0.869397,0.684358,0.583503,0.958379,0.921760,0.594925,0.748194,0.864543,0.991919,1.193895,0.761636,0.490835,0.589364,0.638274,0.796926,1.015748,0.824038,0.864761,0.778511,0.343307,0.399038,0.751727,0.907049,0.684218,0.564569,0.891750,1.029407,0.418077,-0.024535,1.023645,1.034490
0.570254,0.319030,0.900454,0.845794,0.000000,1.486723,0.665042,0.709403,1.568985,0.982859,0.499575,0.545874,0.819217,0.742387,1.302190,0.972579,0.512456,0.497984,0.940246,0.787177,-0.165350,-0.357911,0.570405,0.579711,1.196604,1.132124,1.218337,1.221898,0.192581,0.475902,0.713606,0.561855,0.440599,0.451252,0.390012,0.457265,-0.210933,0.801831,0.097190,0.170648,-0.766900,0.266032,0.398184,0.220266,0.150693,0.129983,0.278387,0.087918,0.193022,0.183869,0.529523,0.294262,0.675081,0.563896,0.711008,0.659919,0.542497,0.743430,0.442556,0.765976,0.370520,0.226667,0.702043,0.568287,0.308126,0.430038,0.432242,0.498253,0.950934,0.356768,0.848802,0.864784,0.241010,0.579061,0.987734,0.827448,0.993606,0.751539,0.170316,0.155926,0.484639,0.649366,0.720453,0.535583,0.607053,0.790168,0.795295,-0.065334,1.262810,1.166076
0.666050,0.377123,0.982977,1.013072,1.486723,0.000000,0.752611,0.749470,1.186568,1.383318,0.563023,0.571487,0.805339,0.798028,1.053163,1.209930,0.627845,0.492199,1.039768,0.881281,-0.201725,-0.302149,0.698819,0.732992,1.341445,1.011680,0.910089,0.977764,0.238990,0.475157,0.707155,0.683240,0.442150,0.484747,0.417719,0.520672,-0.057889,0.710577,0.156988,0.238103,-0.579789,0.169789,0.505861,0.285766,0.247276,0.212591,0.411253,0.226896,0.304135,0.272843,0.619838,0.394619,0.808113,0.711578,0.836742,0.830941,0.596710,0.769574,0.542394,0.831477,0.403847,0.276983,0.687196,0.561183,0.349409,0.453401,0.518986,0.591969,1.019720,0.487625,0.708622,0.742307,0.364557,0.599417,1.041894,0.823521,0.931921,0.764101,0.238798,0.192865,0.583086,0.679978,0.736091,0.583051,0.770733,0.881895,0.689918,0.046582,1.284890,1.213535
1.153959,0.843532,1.214986,1.161433,0.665042,0.752611,0.000000,1.670338,0.807169,0.915575,0.854142,0.989810,1.186685,1.172598,0.763835,0.909478,0.893433,0.758553,1.082124,1.093405,-0.152382,-0.244952,1.189656,1.167896,0.952185,0.648900,0.441389,0.530252,0.674000,0.617209,0.494469,0.805433,0.818709,0.959670,0.732447,0.713663,0.175233,0.553937,0.113599,0.234725,-0.264744,0.162851,0.874339,0.641398,0.750237,0.675750,0.743279,0.594555,0.733459,0.637846,0.978082,0.726816,0.936526,0.909921,0.827226,0.822259,0.885285,0.842746,0.872130,0.903043,0.755954,0.724234,0.946521,0.927091,0.695025,0.844466,0.970348,1.057672,0.792093,0.798826,0.471524,0.506168,0.695238,0.782222,0.824488,0.636875,0.809328,0.820689,0.436101,0.220830,0.786551,0.863888,0.567839,0.470079,0.924338,1.023779,0.343315,-0.058858,0.960018,1.095869
1.178683,0.845131,1.205846,1.297239,0.709403,0.749470,1.670338,0.000000,0.834045,0.852069,0.956964,1.209543,1.208174,1.456526,0.789134,0.860507,0.952178,0.915913,1.160055,1.222281,-0.165682,-0.306440,1.153669,1.217476,0.911121,0.660471,0.495449,0.551189,0.649388,0.714209,0.500997,0.844557,0.928237,1.086068,0.807546,0.721905,0.077921,0.616168,0.029367,0.158851,-0.372878,0.205098,0.884930,0.618443,0.795804,0.708067,0.632917,0.497532,0.715542,0.672407,1.008643,0.777916,0.916249,0.878621,0.828951,0.777797,1.010894,0.959853,0.860188,0.943090,0.819925,0.805699,1.119338,1.129535,0.726546,0.923831,1.021522,1.156431,0.853599,0.862863,0.558703,0.548856,0.648327,0.860021,0.887661,0.628659,0.823425,0.794669,0.488194,0.272668,0.874273,1.117619,0.683236,0.591305,0.952757,1.159209,0.403600,-0.072851,0.933740,1.082224
0.621254,0.341432,0.868991,0.793956,1.568985,1.186568,0.807169,0.834045,0.000000,0.953667,0.516355,0.614843,0.977560,0.849386,1.513031,0.980943,0.517227,0.496779,1.010026,0.907330,-0.215943,-0.372193,0.629219,0.605152,1.189239,1.160561,0.919146,0.962316,0.245581,0.556984,0.718204,0.602284,0.471431,0.528708,0.434683,0.459971,-0.230745,0.822605,0.042307,0.173423,-0.795558,0.265382,0.431264,0.289101,0.192216,0.141774,0.315936,0.109333,0.231807,0.186412,0.555653,0.313354,0.650750,0.549604,0.687688,0.621357,0.536441,0.679132,0.486470,0.773758,0.375671,0.269664,0.683193,0.580165,0.327462,0.436634,0.450466,0.543285,0.902252,0.412695,0.773329,0.749949,0.226837,0.557567,0.961032,0.757349,0.961486,0.768932,0.219971,0.162915,0.473171,0.689588,0.714523,0.565730,0.594335,0.815212,0.781551,-0.073088,1.172868,1.152429
0.719257,0.459284,0.931858,1.058533,0.982859,1.383318,0.915575,0.852069,0.953667,0.000000,0.607021,0.612124,0.807230,0.879175,0.814863,1.384769,0.760004,0.549170,1.011639,0.927435,-0.325606,-0.282526,0.859798,0.939890,1.309070,0.732432,0.512782,0.630167,0.404390,0.497871,0.638693,0.784602,0.521421,0.582268,0.501976,0.559884,0.142502,0.573637,0.174173,0.237868,-0.339918,0.033171,0.743507,0.524999,0.453603,0.381892,0.649933,0.478475,0.481727,0.355318,0.738471,0.484724,0.832992,0.787201,0.802042,0.867916,0.611588,0.703856,0.595456,0.750671,0.462997,0.350205,0.705673,0.579896,0.454573,0.492759,0.579309,0.690454,0.900694,0.574908,0.438566,0.497180,0.516531,0.592733,0.990727,0.812192,0.777698,0.707180,0.370010,0.305985,0.652135,0.685931,0.656787,0.542429,0.901473,0.900032,0.454267,0.037251,1.001028,1.061699
0.989209,0.881011,0.816773,0.835336,0.499575,0.563023,0.854142,0.956964,0.516355,0.607021,0.000000,1.390961,0.923770,1.066801,0.555746,0.625372,0.832412,0.846807,0.820182,0.797909,-0.163798,-0.218940,0.866022,0.875703,0.617573,0.408883,0.434049,0.382877,0.453714,0.675099,0.361931,0.680382,0.763438,0.855110,0.636882,0.580592,0.024784,0.314926,-0.159685,-0.063309,-0.426576,0.008957,0.575120,0.543913,0.661969,0.629356,0.356361,0.303910,0.625944,0.585627,0.821462,0.673110,0.638185,0.609182,0.563453,0.528641,0.963982,0.974254,0.745768,0.779537,0.824694,0.702944,0.948827,0.933914,0.762498,0.832107,0.813235,0.797051,0.548293,0.675323,0.641979,0.659729,0.650210,0.703383,0.717585,0.500162,0.616277,0.579034,0.466183,0.499718,0.821547,1.170056,0.609871,0.546824,0.734676,0.870326,0.300904,-0.106436,0.700309,0.732789
1.097487,0.930181,0.898031,0.934671,0.545874,0.571487,0.989810,1.209543,0.614843,0.612124,1.390961,0.000000,0.917492,1.394800,0.577081,0.666488,0.961905,1.086494,0.898672,0.986965,-0.273783,-0.396372,0.837626,0.901850,0.659340,0.429092,0.412192,0.358082,0.477044,0.721085,0.371654,0.623718,0.960689,1.065246,0.686550,0.580539,-0.002874,0.428990,-0.211912,-0.108915,-0.488592,0.086702,0.738201,0.621724,0.735213,0.701670,0.396267,0.353458,0.694134,0.656015,0.955890,0.795215,0.718240,0.694368,0.633452,0.571883,1.111036,1.131491,0.774269,0.833309,0.874040,0.738863,1.193768,1.331431,0.657564,0.844613,0.853430,0.919582,0.654763,0.784584,0.624619,0.612626,0.626579,0.829581,0.805110,0.590095,0.655146,0.623402,0.512642,0.510359,0.866222,1.359478,0.647460,0.603943,0.728838,1.005885,0.341255,-0.194304,0.657055,0.794802
0.967068,0.696789,0.957820,0.884150,0.819217,0.805339,1.186685,1.208174,0.977560,0.807230,0.923770,0.917492,0.000000,1.262979,1.253076,0.942544,0.876377,0.762631,1.152591,1.048785,-0.025311,-0.224315,0.997211,0.849728,0.968727,0.920701,0.709317,0.708899,0.728409,0.855651,0.796055,0.982174,0.769923,0.846717,0.648305,0.588680,0.020394,0.756851,0.170894,0.293774,-0.408607,0.405925,0.615480,0.591867,0.545661,0.462173,0.582788,0.360344,0.544799,0.482228,0.906073,0.645101,0.870159,0.758396,0.935401,0.840770,0.856780,0.864841,0.721958,0.908949,0.667609,0.554053,0.919562,0.822261,0.673036,0.756470,0.740858,0.770955,0.816162,0.604989,0.735360,0.674706,0.471491,0.673759,0.820699,0.527281,0.913396,0.828284,0.539068,0.185971,0.854722,1.042724,0.785397,0.622983,1.032869,1.212228,0.583842,-0.020511,1.149983,1.171922
1.039815,0.748700,1.050939,1.095502,0.742387,0.798028,1.172598,1.456526,0.849386,0.879175,1.066801,1.394800,1.262979,0.000000,0.846676,1.017893,1.033170,1.021941,1.086928,1.072959,-0.268715,-0.422359,0.950904,1.018811,0.965524,0.641600,0.507158,0.484068,0.665744,0.837392,0.586230,0.761865,0.863656,0.947575,0.696762,0.671018,0.037797,0.719809,-0.037696,0.071786,-0.473083,0.202966,0.934353,0.758615,0.710912,0.630743,0.614168,0.464951,0.683285,0.605693,1.084473,0.801092,0.994477,0.905872,0.913334,0.904401,0.956850,1.019934,0.689971,0.838881,0.702310,0.570279,1.088332,1.049766,0.609224,0.716513,0.774320,0.897910,0.814584,0.685067,0.620318,0.557628,0.563743,0.780139,0.927479,0.705488,0.833074,0.772276,0.562556,0.412931,0.958752,1.264913,0.786283,0.682580,0.989435,1.314486,0.460726,-0.153828,0.890815,1.149244
0.638908,0.378052,0.796049,0.703964,1.302190,1.053163,0.763835,0.789134,1.513031,0.814863,0.555746,0.577081,1.253076,0.846676,0.000000,0.949219,0.545115,0.521957,1.030159,0.869801,-0.013553,-0.274789,0.616842,0.505066,1.138081,1.414018,1.039244,1.028239,0.416729,0.712131,0.876216,0.717020,0.457611,0.496357,0.396460,0.444030,-0.184720,0.899932,0.210787,0.326931,-0.656500,0.470774,0.355999,0.278414,0.183495,0.145467,0.340785,0.090502,0.232376,0.200156,0.549292,0.338416,0.679432,0.532947,0.802486,0.682877,0.560565,0.683781,0.492756,0.799406,0.400818,0.274609,0.678816,0.582779,0.384438,0.450937,0.461393,0.513821,0.887069,0.390033,0.860014,0.764022,0.219580,0.481797,0.820122,0.529330,0.975262,0.758807,0.260626,0.067007,0.580503,0.739837,0.810904,0.636227,0.716298,0.847973,0.807885,0.009446,1.266777,1.142326
0.663739,0.368875,0.904709,0.952398,0.972579,1.209930,0.909478,0.860507,0.980943,1.384769,0.625372,0.666488,0.942544,1.017893,0.949219,0.000000,0.796921,0.635677,1.025661,0.942037,-0.201576,-0.334334,0.888403,0.910770,1.289017,0.915666,0.608630,0.725297,0.521536,0.650355,0.864039,0.824839,0.594227,0.582617,0.487428,0.627827,0.109827,0.755187,0.225667,0.284771,-0.380924,0.236832,0.694549,0.537924,0.356763,0.280918,0.589617,0.395515,0.365807,0.245907,0.707176,0.427481,0.842986,0.722892,0.832945,0.935905,0.563095,0.652239,0.460651,0.659562,0.411103,0.260333,0.718076,0.618363,0.393058,0.452051,0.486208,0.584799,0.851763,0.486856,0.470664,0.482085,0.386507,0.547441,0.870035,0.719198,0.869685,0.743348,0.439965,0.288790,0.788135,0.793404,0.793176,0.671806,0.986895,1.067173,0.541356,-0.045268,1.019387,1.215671
0.844579,0.681973,0.797215,0.834610,0.512456,0.627845,0.893433,0.952178,0.517227,0.760004,0.832412,0.961905,0.876377,1.033170,0.545115,0.796921,0.000000,0.937989,0.878170,0.853353,-0.107436,-0.235026,0.996626,1.013295,0.670449,0.420680,0.366035,0.410183,0.782538,0.586365,0.555022,0.840374,0.930023,1.009841,0.614954,0.512876,0.351281,0.457207,0.109276,0.136325,-0.158295,0.168779,0.947731,0.828789,0.805388,0.695314,0.694064,0.599652,0.698624,0.615131,1.060319,0.784036,0.812028,0.790032,0.829699,0.795047,0.877112,0.798320,0.559860,0.632725,0.713788,0.572342,1.013771,0.938919,0.716049,0.809136,0.702572,0.760350,0.599483,0.622860,0.471308,0.521406,0.775944,0.862534,0.670431,0.502087,0.703987,0.718043,0.724698,0.378544,1.001014,0.968548,0.606996,0.460688,1.213636,1.131009,0.294529,-0.107754,0.687553,0.808564
0.896450,0.734384,0.732245,0.808167,0.497984,0.492199,0.758553,0.915913,0.496779,0.549170,0.846807,1.086494,0.762631,1.021941,0.521957,0.635677,0.937989,0.000000,0.788831,0.805073,-0.186723,-0.433098,0.683426,0.736233,0.598006,0.389622,0.417377,0.352502,0.607906,0.682194,0.481053,0.631506,0.917879,0.949544,0.595912,0.598695,0.112263,0.569594,-0.013614,0.010213,-0.304181,0.187706,0.912707,0.743315,0.723225,0.706386,0.535945,0.444440,0.606166,0.548995,0.848058,0.681876,0.766789,0.701041,0.763548,0.751023,0.945230,1.005267,0.606749,0.561993,0.729033,0.512950,0.928509,1.169541,0.497190,0.674223,0.749345,0.761538,0.668089,0.686083,0.373041,0.397115,0.510785,0.619614,0.697646,0.529494,0.614526,0.514886,0.594420,0.554184,1.003083,1.123030,0.714761,0.525802,0.866736,1.037598,0.331060,-0.233974,0.597578,0.729202
1.091707,0.645873,1.169039,1.187612,0.940246,1.039768,1.082124,1.160055,1.010026,1.011639,0.820182,0.898672,1.152591,1.086928,1.030159,1.025661,0.878170,0.788831,0.000000,1.924689,-0.154155,-0.366454,1.007045,0.912715,1.050674,0.935865,0.710948,0.759311,0.493583,0.714034,0.790950,0.930356,0.900932,0.996096,0.678237,0.682509,-0.023541,0.659951,0.167402,0.278535,-0.462865,0.272133,0.671390,0.503427,0.573029,0.493569,0.568512,0.364509,0.561328,0.520966,0.853913,0.636283,0.840100,0.777880,0.870444,0.840443,0.966856,1.000169,0.851583,0.995154,0.794517,0.569111,1.041854,0.962016,0.694993,0.684645,0.922659,0.985005,1.391041,0.843523,0.650850,0.668192,0.545894,0.673663,1.063730,0.671518,1.037042,0.854574,0.452647,0.280241,0.908217,1.058477,0.919347,0.768291,0.997002,1.064542,0.691420,0.028944,1.158356,1.139380
1.089179,0.688994,1.050674,1.079196,0.787177,0.881281,1.093405,1.222281,0.907330,0.927435,0.797909,0.986965,1.048785,1.072959,0.869801,0.942037,0.853353,0.805073,1.924689,0.000000,-0.190352,-0.365053,1.016597,0.956555,0.929396,0.812644,0.613042,0.663849,0.503687,0.715025,0.693202,0.895250,1.020019,1.136672,0.738079,0.627631,-0.018985,0.575256,0.103273,0.225076,-0.435876,0.255184,0.676667,0.543252,0.653652,0.545606,0.530596,0.374102,0.600263,0.553750,0.877759,0.673360,0.744386,0.752846,0.781669,0.748247,1.009869,0.939524,0.879618,0.954741,0.862242,0.642715,1.080027,1.042259,0.725989,0.741661,0.983842,1.012506,1.192628,0.942510,0.550201,0.552440,0.531359,0.672620,0.967647,0.608306,0.855115,0.747749,0.532197,0.317677,0.950945,1.126342,0.884077,0.764255,0.946083,1.061904,0.638042,-0.028844,0.972718,1.045902
-0.209985,-0.107779,-0.263828,-0.295802,-0.165350,-0.201725,-0.152382,-0.165682,-0.215943,-0.325606,-0.163798,-0.273783,-0.025311,-0.268715,-0.013553,-0.201576,-0.107436,-0.186723,-0.154155,-0.190352,0.000000,0.764123,-0.056247,-0.190455,-0.258348,0.108920,0.183406,0.251079,0.184314,0.086905,0.038991,0.091565,-0.239501,-0.254782,-0.211134,-0.090849,0.181910,-0.003596,0.609655,0.585771,0.458399,0.574367,-0.391531,-0.231750,-0.219148,-0.229534,-0.060308,-0.048568,-0.235522,-0.129360,-0.252799,-0.199177,-0.085090,-0.194502,-0.031238,-0.159677,-0.135990,-0.225271,-0.183242,-0.135258,-0.178048,-0.109826,-0.218112,-0.206821,-0.061043,-0.118914,-0.089254,-0.192105,-0.182260,-0.182714,0.139351,0.083903,-0.029007,-0.026235,-0.356646,-0.528246,-0.038507,0.004276,-0.070830,-0.531005,-0.069465,-0.157952,-0.137783,-0.139746,0.018297,-0.204080,0.063012,0.479557,0.023721,-0.133854
-0.294815,-0.123742,-0.383546,-0.399856,-0.357911,-0.302149,-0.244952,-0.306440,-0.372193,-0.282526,-0.218940,-0.396372,-0.224315,-0.422359,-0.274789,-0.334334,-0.235026,-0.433098,-0.366454,-0.365053,0.764123,0.000000,-0.146437,-0.262402,-0.406276,-0.218777,-0.134325,-0.016805,0.005812,-0.055687,-0.190731,-0.039264,-0.430618,-0.380266,-0.196351,-0.132182,0.211482,-0.215404,0.351099,0.337329,0.521316,0.021224,-0.458929,-0.213052,-0.231439,-0.242778,-0.095249,-0.015566,-0.192438,-0.105296,-0.324497,-0.276773,-0.208840,-0.213124,-0.270905,-0.278234,-0.279922,-0.371514,-0.220297,-0.228166,-0.335355,-0.152964,-0.394998,-0.474022,-0.148116,-0.255786,-0.224256,-0.296680,-0.419919,-0.205097,0.001801,-0.005988,0.002208,-0.057304,-0.467963,-0.505686,-0.240184,-0.111197,-0.090719,-0.399165,-0.238641,-0.332437,-0.428783,-0.320386,-0.164120,-0.384877,-0.225417,0.452755,-0.173907,-0.291301
0.864384,0.661716,1.127326,1.000669,0.570405,0.698819,1.189656,1.153669,0.629219,0.859798,0.866022,0.837626,0.997211,0.950904,0.616842,0.888403,0.996626,0.683426,1.007045,1.016597,-0.056247,-0.146437,0.000000,1.583213,0.862837,0.607260,0.483810,0.542011,0.651723,0.585283,0.606553,1.044282,0.883782,0.968415,0.822653,0.664024,0.187148,0.424576,0.124940,0.224929,-0.210049,0.172609,0.745520,0.668891,0.731088,0.605563,0.649150,0.535914,0.648101,0.547521,1.018480,0.739921,0.774589,0.834113,0.741762,0.760627,0.823771,0.711667,0.648664,0.692184,0.724038,0.612882,0.955928,0.753705,0.905450,0.926374,0.789000,0.842221,0.629902,0.608179,0.485803,0.555313,0.673494,0.761894,0.642256,0.515171,0.698601,0.779949,0.625734,0.300399,0.918615,0.929306,0.613646,0.490934,1.140549,1.149889,0.354330,-0.028183,0.842285,0.980126
0.853614,0.631377,1.097582,1.201782,0.579711,0.732992,1.167896,1.217476,0.605152,0.939890,0.875703,0.901850,0.849728,1.018811,0.505066,0.910770,1.013295,0.736233,0.912715,0.956555,-0.190455,-0.262402,1.583213,0.000000,0.893937,0.491201,0.389971,0.472916,0.562179,0.463868,0.488930,0.922328,0.940720,0.995689,0.894704,0.736816,0.244779,0.424164,0.017013,0.132280,-0.206824,0.061576,0.947908,0.750865,0.829463,0.690502,0.676229,0.637480,0.689894,0.561161,1.069356,0.743077,0.779434,0.882690,0.745686,0.757771,0.804326,0.728436,0.649089,0.645982,0.716517,0.640474,0.921133,0.784920,0.801122,0.962083,0.844477,0.952618,0.636029,0.628662,0.373370,0.487753,0.705395,0.796474,0.747684,0.714492,0.650726,0.691425,0.585271,0.434219,0.833883,0.894421,0.558629,0.431445,1.032985,1.165299,0.283864,-0.135899,0.764924,0.926478
0.730607,0.435817,1.108073,1.134304,1.196604,1.341445,0.952185,0.911121,1.189239,1.309070,0.617573,0.659340,0.968727,0.965524,1.138081,1.289017,0.670449,0.598006,1.050674,0.929396,-0.258348,-0.406276,0.862837,0.893937,0.000000,1.022792,0.685068,0.769756,0.379038,0.540161,0.708061,0.731895,0.528375,0.583510,0.498947,0.581124,0.029542,0.758931,0.146861,0.272792,-0.523375,0.198197,0.690581,0.470603,0.355236,0.304134,0.585986,0.388124,0.393233,0.280961,0.728334,0.462790,0.876442,0.749684,0.903682,0.884096,0.588724,0.742876,0.575931,0.768537,0.461202,0.336428,0.742131,0.626848,0.406688,0.546424,0.588330,0.703364,0.989970,0.483903,0.559587,0.600026,0.447627,0.596056,0.978741,0.833770,0.929222,0.861530,0.272403,0.275805,0.642137,0.714039,0.716827,0.580605,0.862993,0.974523,0.563340,0.005806,1.262629,1.270185
0.478677,0.220532,0.726206,0.644000,1.132124,1.011680,0.648900,0.660471,1.160561,0.732432,0.408883,0.429092,0.920701,0.641600,1.414018,0.915666,0.420680,0.389622,0.935865,0.812644,0.108920,-0.218777,0.607260,0.491201,1.022792,0.000000,1.077198,1.221250,0.326794,0.644950,0.971812,0.714644,0.387477,0.383224,0.378569,0.493741,-0.189666,0.831696,0.335935,0.475141,-0.535733,0.637499,0.229454,0.128783,0.062867,0.002220,0.279570,0.056816,0.096603,0.084394,0.417633,0.227343,0.577990,0.412777,0.651934,0.546400,0.442773,0.507270,0.381081,0.651454,0.323982,0.199940,0.576030,0.462054,0.334293,0.385543,0.414924,0.451194,0.862485,0.323421,0.763605,0.641820,0.157115,0.372478,0.677309,0.447938,0.900331,0.693148,0.160172,0.002652,0.534981,0.607447,0.799118,0.665362,0.632782,0.695646,0.938263,0.126493,1.107789,0.961873
0.444499,0.271434,0.612855,0.503618,1.218337,0.910089,0.441389,0.495449,0.919146,0.512782,0.434049,0.412192,0.709317,0.507158,1.039244,0.608630,0.366035,0.417377,0.710948,0.613042,0.183406,-0.134325,0.483810,0.389971,0.685068,1.077198,0.000000,1.569904,0.199717,0.470615,0.695652,0.555178,0.364886,0.345133,0.313868,0.334999,-0.292887,0.679806,0.182500,0.277270,-0.574873,0.520920,0.125828,0.067983,0.062080,0.036723,0.099162,-0.065184,0.072591,0.136867,0.378324,0.232959,0.496745,0.416105,0.586107,0.491717,0.509985,0.600196,0.365541,0.626070,0.315965,0.163390,0.543951,0.457897,0.294199,0.382036,0.377739,0.344826,0.647604,0.274703,0.960218,0.883231,0.121702,0.489855,0.602568,0.400180,0.728541,0.543303,0.167310,0.007934,0.457069,0.593680,0.647651,0.489729,0.511514,0.656164,0.870698,0.029847,1.022575,0.871784
0.434794,0.240985,0.636974,0.581412,1.221898,0.977764,0.530252,0.551189,0.962316,0.630167,0.382877,0.358082,0.708899,0.484068,1.028239,0.725297,0.410183,0.352502,0.759311,0.663849,0.251079,-0.016805,0.542011,0.472916,0.769756,1.221250,1.569904,0.000000,0.226194,0.447947,0.718644,0.644050,0.362187,0.360628,0.350605,0.399085,-0.144553,0.678188,0.317262,0.411881,-0.439320,0.525828,0.151604,0.076888,0.060369,0.022253,0.194906,0.027780,0.091722,0.124121,0.386247,0.192536,0.507857,0.409608,0.572471,0.489882,0.454683,0.512309,0.364930,0.632168,0.311083,0.213418,0.547734,0.427966,0.322441,0.407085,0.405930,0.381923,0.700970,0.300814,0.867718,0.839745,0.187329,0.544918,0.611838,0.415437,0.800180,0.634423,0.140435,-0.076348,0.443043,0.530654,0.651917,0.498139,0.574531,0.629227,0.873521,0.128901,1.089488,0.877965
0.446866,0.449914,0.385644,0.400803,0.192581,0.238990,0.674000,0.649388,0.245581,0.404390,0.453714,0.477044,0.728409,0.665744,0.416729,0.521536,0.782538,0.607906,0.493583,0.503687,0.184314,0.005812,0.651723,0.562179,0.379038,0.326794,0.199717,0.226194,0.000000,0.832055,0.608388,0.852067,0.464844,0.491953,0.352071,0.394224,0.484480,0.420889,0.510582,0.466934,0.246577,0.408869,0.594454,0.661414,0.524403,0.392712,0.758120,0.537174,0.393588,0.281502,0.510926,0.383926,0.583506,0.447851,0.731877,0.635286,0.451598,0.341882,0.258939,0.359299,0.292442,0.312547,0.451212,0.466580,0.434385,0.414515,0.365443,0.369791,0.296623,0.314065,0.217654,0.158704,0.555311,0.458456,0.354910,0.214831,0.396677,0.413995,0.690718,0.139522,0.845987,0.579688,0.424658,0.337035,0.911176,0.600094,0.130134,0.005737,0.469657,0.532406
0.467739,0.371470,0.464294,0.485665,0.475902,0.475157,0.617209,0.714209,0.556984,0.497871,0.675099,0.721085,0.855651,0.837392,0.712131,0.650355,0.586365,0.682194,0.714034,0.715025,0.086905,-0.055687,0.585283,0.463868,0.540161,0.644950,0.470615,0.447947,0.832055,0.000000,0.876476,0.868476,0.449057,0.468531,0.345127,0.423542,0.008460,0.631934,0.302347,0.355432,-0.216175,0.460989,0.335442,0.436435,0.292590,0.187897,0.448005,0.213294,0.242696,0.189922,0.469499,0.313517,0.619418,0.408313,0.652373,0.537720,0.491602,0.479259,0.279166,0.485276,0.269060,0.214902,0.580715,0.559609,0.325866,0.341357,0.339897,0.367627,0.515256,0.347326,0.637893,0.417582,0.368058,0.402628,0.566046,0.318031,0.622748,0.532810,0.605048,0.293523,0.947693,0.939818,0.662832,0.727406,0.765964,0.671353,0.477936,0.092299,0.655970,0.700206
0.281462,0.070256,0.500273,0.518941,0.713606,0.707155,0.494469,0.500997,0.718204,0.638693,0.361931,0.371654,0.796055,0.586230,0.876216,0.864039,0.555022,0.481053,0.790950,0.693202,0.038991,-0.190731,0.606553,0.488930,0.708061,0.971812,0.695652,0.718644,0.608388,0.876476,0.000000,0.983324,0.472202,0.379649,0.346458,0.477931,-0.016915,0.629775,0.441149,0.457219,-0.251623,0.572134,0.301977,0.351298,0.138295,0.021857,0.401623,0.111013,0.082893,0.014136,0.423838,0.192293,0.464124,0.307343,0.618713,0.584699,0.293744,0.325841,0.144502,0.376069,0.201616,0.041080,0.477912,0.359397,0.355385,0.328424,0.212197,0.240579,0.633011,0.151676,0.520425,0.393023,0.134441,0.256274,0.545941,0.402461,0.641859,0.462488,0.515435,0.297798,0.774501,0.641468,0.770757,0.647575,0.790843,0.717311,0.712826,-0.007522,0.706881,0.704856
0.604915,0.471943,0.664272,0.729287,0.561855,0.683240,0.805433,0.844557,0.602284,0.784602,0.680382,0.623718,0.982174,0.761865,0.717020,0.824839,0.840374,0.631506,0.930356,0.895250,0.091565,-0.039264,1.044282,0.922328,0.731895,0.714644,0.555178,0.644050,0.852067,0.868476,0.983324,0.000000,0.660602,0.687648,0.630607,0.585015,0.274322,0.515584,0.419889,0.509814,-0.051612,0.417394,0.513678,0.576612,0.515845,0.368408,0.639468,0.410928,0.409073,0.341832,0.702380,0.479015,0.722095,0.582101,0.829379,0.749664,0.604547,0.537635,0.479076,0.629921,0.452048,0.432809,0.648450,0.588069,0.639352,0.675667,0.587559,0.603869,0.599475,0.481991,0.484508,0.481977,0.493975,0.576714,0.653774,0.411826,0.652309,0.618089,0.616263,0.253594,0.903733,0.834369,0.651680,0.554067,1.194880,0.927196,0.463630,0.097635,0.817459,0.796853
0.904448,0.642760,0.776996,0.762985,0.440599,0.442150,0.818709,0.928237,0.471431,0.521421,0.763438,0.960689,0.769923,0.863656,0.457611,0.594227,0.930023,0.917879,0.900932,1.020019,-0.239501,-0.430618,0.883782,0.940720,0.528375,0.387477,0.364886,0.362187,0.464844,0.449057,0.472202,0.660602,0.000000,1.750172,0.871525,0.537103,0.073716,0.324447,-0.127714,-0.069768,-0.323876,0.146517,0.751452,0.704760,0.932046,0.866413,0.376436,0.341761,0.820302,0.674790,1.062857,0.848910,0.510359,0.587256,0.515214,0.536493,0.981040,0.817240,0.740058,0.616489,1.242928,0.822402,1.215404,1.243828,0.981885,1.092770,0.968729,0.959594,0.636352,0.668500,0.339389,0.388413,0.422765,0.539159,0.540219,0.475809,0.527177,0.474488,0.702688,0.454580,0.960121,1.003827,0.728170,0.483499,0.813048,1.017021,0.392634,-0.315971,0.475311,0.604354
1.141394,0.855718,0.916271,0.862015,0.451252,0.484747,0.959670,1.086068,0.528708,0.582268,0.855110,1.065246,0.846717,0.947575,0.496357,0.582617,1.009841,0.949544,0.996096,1.136672,-0.254782,-0.380266,0.968415,0.995689,0.583510,0.383224,0.345133,0.360628,0.491953,0.468531,0.379649,0.687648,1.750172,0.000000,0.959261,0.530014,0.100508,0.368603,-0.124196,-0.042370,-0.324063,0.086409,0.837227,0.725480,1.068475,0.972531,0.490014,0.438047,0.942847,0.815272,1.164447,0.977501,0.618579,0.744645,0.604883,0.609709,1.197330,0.961130,0.925677,0.747015,1.330902,0.937990,1.376545,1.373675,1.024732,1.126190,1.167840,1.170762,0.701380,0.891235,0.396817,0.468637,0.560654,0.683910,0.630085,0.489818,0.606328,0.575463,0.668915,0.358205,0.950103,1.073314,0.682028,0.457830,0.893080,1.089856,0.348133,-0.189038,0.583318,0.702645
0.767919,0.560344,0.771492,0.728696,0.390012,0.417719,0.732447,0.807546,0.434683,0.501976,0.636882,0.686550,0.648305,0.696762,0.396460,0.487428,0.614954,0.595912,0.678237,0.738079,-0.211134,-0.196351,0.822653,0.894704,0.498947,0.378569,0.313868,0.350605,0.352071,0.345127,0.346458,0.630607,0.871525,0.959261,0.000000,0.754792,0.098592,0.384381,-0.074437,0.079694,-0.258674,0.131631,0.592259,0.537325,0.702431,0.659393,0.390651,0.361772,0.624846,0.537622,0.813490,0.633172,0.468310,0.590216,0.387045,0.425871,0.759656,0.653603,0.620754,0.529056,0.804202,0.667394,0.820606,0.694475,0.877672,0.816394,0.900170,0.892035,0.560091,0.650550,0.322022,0.378376,0.408083,0.470796,0.427581,0.370066,0.559974,0.547130,0.445957,0.297206,0.634695,0.722161,0.473303,0.339197,0.667547,0.759021,0.295009,-0.108382,0.459637,0.517963
0.593668,0.412260,0.775403,0.782993,0.457265,0.520672,0.713663,0.721905,0.459971,0.559884,0.580592,0.580539,0.588680,0.671018,0.444030,0.627827,0.512876,0.598695,0.682509,0.627631,-0.090849,-0.132182,0.664024,0.736816,0.581124,0.493741,0.334999,0.399085,0.394224,0.423542,0.477931,0.585015,0.537103,0.530014,0.754792,0.000000,0.104694,0.463621,0.123465,0.170100,-0.239826,0.096208,0.625416,0.485106,0.482208,0.496582,0.520155,0.394195,0.383570,0.397349,0.554148,0.413887,0.543948,0.534683,0.426431,0.523481,0.534980,0.572580,0.481983,0.532252,0.507940,0.421517,0.609889,0.553489,0.562847,0.554253,0.651617,0.747931,0.615511,0.472561,0.332306,0.438477,0.514971,0.462404,0.591215,0.475816,0.696300,0.626322,0.326635,0.345255,0.633396,0.592841,0.454226,0.354070,0.619286,0.667496,0.268594,-0.061900,0.556845,0.569633
0.103385,0.174188,-0.015121,0.092709,-0.210933,-0.057889,0.175233,0.077921,-0.230745,0.142502,0.024784,-0.002874,0.020394,0.037797,-0.184720,0.109827,0.351281,0.112263,-0.023541,-0.018985,0.181910,0.211482,0.187148,0.244779,0.029542,-0.189666,-0.292887,-0.144553,0.484480,0.008460,-0.016915,0.274322,0.073716,0.100508,0.098592,0.104694,0.000000,0.048001,0.573091,0.470574,0.786054,0.063130,0.413096,0.340065,0.289669,0.231746,0.602782,0.713866,0.274660,0.164527,0.155210,0.142768,0.270383,0.194882,0.314255,0.294879,0.062476,-0.013580,0.055258,0.000081,0.031929,0.155550,-0.036974,0.048651,0.098360,0.114294,0.175948,0.139587,-0.037810,0.172485,-0.282820,-0.131555,0.464334,0.220592,-0.029228,0.005564,0.086445,0.197608,0.127732,-0.009801,0.132820,-0.050875,-0.134012,-0.189774,0.399866,0.077647,-0.265152,0.219414,0.039582,-0.006714
0.494547,0.260720,0.604067,0.597605,0.801831,0.710577,0.553937,0.616168,0.822605,0.573637,0.314926,0.428990,0.756851,0.719809,0.899932,0.755187,0.457207,0.569594,0.659951,0.575256,-0.003596,-0.215404,0.424576,0.424164,0.758931,0.831696,0.679806,0.678188,0.420889,0.631934,0.629775,0.515584,0.324447,0.368603,0.384381,0.463621,0.048001,0.000000,0.358972,0.447924,-0.368949,0.589161,0.432173,0.251758,0.142147,0.084560,0.446552,0.232647,0.134043,0.141624,0.439259,0.224419,0.764020,0.552794,0.828291,0.706521,0.446869,0.566593,0.285275,0.495468,0.185699,0.099502,0.467027,0.415535,0.134184,0.202801,0.352382,0.408329,0.699615,0.382491,0.650827,0.581459,0.219495,0.476736,0.636102,0.478723,1.019880,0.780961,0.165261,0.036297,0.490821,0.568857,0.543795,0.456895,0.648528,0.727590,0.519821,0.147887,0.919674,0.853428
-0.030760,-0.070507,-0.015573,0.056790,0.097190,0.156988,0.113599,0.029367,0.042307,0.174173,-0.159685,-0.211912,0.170894,-0.037696,0.210787,0.225667,0.109276,-0.013614,0.167402,0.103273,0.609655,0.351099,0.124940,0.017013,0.146861,0.335935,0.182500,0.317262,0.510582,0.302347,0.441149,0.419889,-0.127714,-0.124196,-0.074437,0.123465,0.573091,0.358972,0.000000,1.361667,0.575811,0.666099,-0.000201,-0.010553,-0.096896,-0.176208,0.443593,0.285823,-0.091426,-0.101747,-0.074440,-0.118077,0.277806,0.077975,0.396728,0.317702,-0.051964,-0.084416,-0.033166,0.094510,-0.184681,-0.126465,-0.122499,-0.125947,-0.048319,-0.140225,0.024690,-0.018177,0.217795,0.066977,0.035688,0.004459,0.150502,0.043054,0.045603,-0.122826,0.246896,0.243288,0.016561,-0.299496,0.153022,-0.051058,0.106306,0.051723,0.399467,0.028997,0.190656,0.631155,0.333131,0.153550
0.106497,0.024910,0.062709,0.133436,0.170648,0.238103,0.234725,0.158851,0.173423,0.237868,-0.063309,-0.108915,0.293774,0.071786,0.326931,0.284771,0.136325,0.010213,0.278535,0.225076,0.585771,0.337329,0.224929,0.132280,0.272792,0.475141,0.277270,0.411881,0.466934,0.355432,0.457219,0.509814,-0.069768,-0.042370,0.079694,0.170100,0.470574,0.447924,1.361667,0.000000,0.413011,0.717676,0.002818,0.040123,-0.049536,-0.151243,0.450818,0.332930,-0.053694,-0.066656,0.021352,-0.052395,0.355234,0.156785,0.457854,0.346492,0.055825,-0.014641,0.090713,0.171223,-0.100047,-0.029916,-0.061140,-0.070029,0.005017,-0.034665,0.153827,0.094352,0.300989,0.167947,0.140644,0.077429,0.188595,0.115716,0.136086,-0.061687,0.361143,0.368382,0.036677,-0.293777,0.170462,0.035742,0.128759,0.129655,0.428571,0.103632,0.294447,0.670792,0.450759,0.262872
-0.354573,-0.188737,-0.513503,-0.390798,-0.766900,-0.579789,-0.264744,-0.372878,-0.795558,-0.339918,-0.426576,-0.488592,-0.408607,-0.473083,-0.656500,-0.380924,-0.158295,-0.304181,-0.462865,-0.435876,0.458399,0.521316,-0.210049,-0.206824,-0.523375,-0.535733,-0.574873,-0.439320,0.246577,-0.216175,-0.251623,-0.051612,-0.323876,-0.324063,-0.258674,-0.239826,0.786054,-0.368949,0.575811,0.413011,0.000000,0.056428,-0.105169,0.007461,-0.020328,-0.068642,0.205955,0.308610,-0.093033,-0.131240,-0.342354,-0.213818,-0.205218,-0.231786,-0.158450,-0.166166,-0.378307,-0.551947,-0.308842,-0.440907,-0.366264,-0.200953,-0.536968,-0.426171,-0.213748,-0.327104,-0.241437,-0.312635,-0.460180,-0.198666,-0.647691,-0.575862,0.055421,-0.223073,-0.519702,-0.504092,-0.478251,-0.346804,-0.054025,-0.250794,-0.231820,-0.491727,-0.481842,-0.438347,-0.077625,-0.438417,-0.541838,0.324812,-0.431884,-0.508872
0.069269,-0.022477,0.080223,0.060011,0.266032,0.169789,0.162851,0.205098,0.265382,0.033171,0.008957,0.086702,0.405925,0.202966,0.470774,0.236832,0.168779,0.187706,0.272133,0.255184,0.574367,0.021224,0.172609,0.061576,0.198197,0.637499,0.520920,0.525828,0.408869,0.460989,0.572134,0.417394,0.146517,0.086409,0.131631,0.096208,0.063130,0.589161,0.666099,0.717676,0.056428,0.000000,-0.025169,-0.018887,-0.078374,-0.162053,0.130711,-0.000225,-0.128998,-0.089054,0.067625,-0.016453,0.248510,0.051080,0.375435,0.204452,0.112927,0.110198,-0.018982,0.131917,0.006086,-0.045681,0.138290,0.132582,0.048378,0.057454,0.096519,0.062380,0.252371,0.073024,0.369764,0.200564,-0.084749,0.132443,0.059710,-0.128282,0.375410,0.277499,0.082368,-0.247525,0.253708,0.227213,0.345577,0.267206,0.358911,0.252480,0.485760,0.286856,0.363376,0.269754
0.781811,0.688513,0.844522,0.886705,0.398184,0.505861,0.874339,0.884930,0.431264,0.743507,0.575120,0.738201,0.615480,0.934353,0.355999,0.694549,0.947731,0.912707,0.671390,0.676667,-0.391531,-0.458929,0.745520,0.947908,0.690581,0.229454,0.125828,0.151604,0.594454,0.335442,0.301977,0.513678,0.751452,0.837227,0.592259,0.625416,0.413096,0.432173,-0.000201,0.002818,-0.105169,-0.025169,0.000000,1.085522,1.052788,0.939584,1.028173,0.922701,0.894553,0.719018,1.008126,0.841646,0.901294,0.976447,0.830124,0.919417,0.721316,0.748868,0.599497,0.515562,0.617591,0.486832,0.743911,0.799405,0.508524,0.596512,0.706228,0.843998,0.584895,0.650300,0.107481,0.221900,0.655794,0.644107,0.679051,0.650956,0.543189,0.563810,0.521034,0.455464,0.712367,0.649692,0.441042,0.263587,0.901178,0.934559,0.097273,-0.231453,0.523360,0.719000
0.586854,0.655961,0.514782,0.519761,0.220266,0.285766,0.641398,0.618443,0.289101,0.524999,0.543913,0.621724,0.591867,0.758615,0.278414,0.537924,0.828789,0.743315,0.503427,0.543252,-0.231750,-0.213052,0.668891,0.750865,0.470603,0.128783,0.067983,0.076888,0.661414,0.436435,0.351298,0.576612,0.704760,0.725480,0.537325,0.485106,0.340065,0.251758,-0.010553,0.040123,0.007461,-0.018887,1.085522,0.000000,0.999639,0.880099,0.861412,0.814102,0.821192,0.640391,0.952268,0.791307,0.638753,0.733034,0.649130,0.704892,0.616835,0.538515,0.519291,0.403121,0.528826,0.420381,0.570739,0.590569,0.553489,0.613153,0.555965,0.596025,0.356714,0.370654,0.066505,0.126147,0.490479,0.464942,0.446100,0.418438,0.314470,0.378847,0.846505,0.506103,0.733295,0.636051,0.344361,0.209679,0.806455,0.809790,0.051006,-0.317274,0.357027,0.554770
0.811886,0.863538,0.599161,0.597037,0.150693,0.247276,0.750237,0.795804,0.192216,0.453603,0.661969,0.735213,0.545661,0.710912,0.183495,0.356763,0.805388,0.723225,0.573029,0.653652,-0.219148,-0.231439,0.731088,0.829463,0.355236,0.062867,0.062080,0.060369,0.524403,0.292590,0.138295,0.515845,0.932046,1.068475,0.702431,0.482208,0.289669,0.142147,-0.096896,-0.049536,-0.020328,-0.078374,1.052788,0.999639,0.000000,1.654588,0.732785,0.760192,1.474694,1.260352,1.110048,1.259615,0.618667,0.821529,0.542629,0.588129,0.842254,0.658184,0.830879,0.569130,0.999771,0.890949,0.791487,0.822884,0.900765,0.901949,1.038127,1.046306,0.359331,0.706422,0.106548,0.189110,0.640204,0.551444,0.430696,0.317663,0.287420,0.366335,0.647922,0.343889,0.660333,0.624453,0.302113,0.142270,0.736475,0.757328,0.008064,-0.202796,0.320420,0.435648
0.850235,0.949092,0.594754,0.577084,0.129983,0.212591,0.675750,0.708067,0.141774,0.381892,0.629356,0.701670,0.462173,0.630743,0.145467,0.280918,0.695314,0.706386,0.493569,0.545606,-0.229534,-0.242778,0.605563,0.690502,0.304134,0.002220,0.036723,0.022253,0.392712,0.187897,0.021857,0.368408,0.866413,0.972531,0.659393,0.496582,0.231746,0.084560,-0.176208,-0.151243,-0.068642,-0.162053,0.939584,0.880099,1.654588,0.000000,0.601598,0.664778,1.475497,1.357018,1.022353,1.246665,0.579753,0.786158,0.459661,0.537574,0.899403,0.758982,0.949786,0.624261,1.043010,0.887184,0.771585,0.836231,0.825167,0.856767,1.060217,1.070024,0.368058,0.686269,0.068565,0.182765,0.603295,0.486611,0.368380,0.300806,0.231912,0.286221,0.551643,0.295289,0.597038,0.589099,0.323904,0.154902,0.604831,0.666888,-0.002289,-0.206746,0.279073,0.384438
0.589450,0.557492,0.594595,0.634320,0.278387,0.411253,0.743279,0.632917,0.315936,0.649933,0.356361,0.396267,0.582788,0.614168,0.340785,0.589617,0.694064,0.535945,0.568512,0.530596,-0.060308,-0.095249,0.649150,0.676229,0.585986,0.279570,0.099162,0.194906,0.758120,0.448005,0.401623,0.639468,0.376436,0.490014,0.390651,0.520155,0.602782,0.446552,0.443593,0.450818,0.205955,0.130711,1.028173,0.861412,0.732785,0.601598,0.000000,1.395613,0.671111,0.562507,0.711898,0.616996,0.898418,0.888323,0.865527,0.973635,0.520104,0.458049,0.482561,0.454865,0.340677,0.318901,0.411483,0.419442,0.388704,0.375898,0.513018,0.593701,0.530768,0.471053,0.070754,0.132138,0.698632,0.474642,0.522001,0.432766,0.503830,0.589282,0.485877,0.179818,0.594920,0.427743,0.293318,0.195588,0.934946,0.638742,0.089815,0.136612,0.574729,0.619568
0.529831,0.556103,0.440079,0.485019,0.087918,0.226896,0.594555,0.497532,0.109333,0.478475,0.303910,0.353458,0.360344,0.464951,0.090502,0.395515,0.599652,0.444440,0.364509,0.374102,-0.048568,-0.015566,0.535914,0.637480,0.388124,0.056816,-0.065184,0.027780,0.537174,0.213294,0.111013,0.410928,0.341761,0.438047,0.361772,0.394195,0.713866,0.232647,0.285823,0.332930,0.308610,-0.000225,0.922701,0.814102,0.760192,0.664778,1.395613,0.000000,0.709463,0.630618,0.635465,0.643985,0.750834,0.895245,0.600046,0.758425,0.481138,0.387355,0.479517,0.305886,0.325108,0.327967,0.288067,0.344267,0.320387,0.339142,0.538750,0.593045,0.346676,0.462980,-0.122829,-0.006016,0.637648,0.404080,0.304831,0.337499,0.286418,0.425032,0.426264,0.228162,0.417751,0.298224,0.107458,0.051514,0.669995,0.473291,-0.078897,0.107105,0.347616,0.419242
