0.000000,1.067206,0.625668,0.619275,0.395410,0.265172,0.802054,0.816536,0.255324,0.293391,0.734591,0.616674,0.639002,0.463819,0.291594,0.061081,0.406013,0.335210,1.076224,0.917744,0.135099,0.116589,0.331440,0.369846,0.008359,-0.138324,-0.071068,0.169821,0.217456,-0.145663,0.347758,0.238043,0.927549,0.864191,0.404832,0.467703,0.179637,0.175991,-0.096186,-0.287666,-0.010531,-0.151493,-0.022825,-0.081527,0.084188,0.268442,0.189480,0.220427,0.219768,0.228698,0.141943,0.150337,0.270516,0.370247,0.175542,0.437949,1.049161,0.935350,0.510201,0.451554,0.789855,0.599827,0.293980,0.475037,0.405584,0.314536,0.510033,0.492695,0.686231,0.454548,0.435736,0.483744,0.427365,0.374177,0.395767,0.346967,0.568421,0.430424,0.284158,0.036717,0.106950,0.082148,0.225744,-0.184671,0.335708,0.208866,-0.089853,-0.121158,0.203497,0.305415
1.067206,0.000000,0.594072,0.680610,0.475186,0.310966,0.710008,0.925773,0.367679,0.340829,0.529519,0.573306,0.528240,0.347790,0.343535,0.133925,0.328127,0.295250,0.970143,1.054580,0.130221,0.178684,0.378521,0.442736,0.040333,-0.024050,-0.012488,0.219219,0.267373,-0.034322,0.362682,0.300444,0.733999,0.786197,0.297942,0.321782,0.133868,0.146210,-0.035917,-0.285601,-0.047838,-0.073752,0.057277,-0.016580,0.194128,0.405329,0.244972,0.225918,0.300610,0.313124,0.163353,0.148991,0.356767,0.406880,0.203750,0.456490,0.814865,0.996400,0.559393,0.638503,0.643447,0.678277,0.341725,0.488909,0.266159,0.183837,0.468960,0.453861,0.816391,0.563656,0.422379,0.435022,0.406563,0.444129,0.483097,0.438234,0.580161,0.432756,0.237063,0.067265,0.201988,0.104799,0.378758,-0.103683,0.353178,0.191240,-0.071646,-0.119405,0.363735,0.441546
0.625668,0.594072,0.000000,1.087961,0.691600,0.141383,1.139703,0.807470,0.699789,0.371492,0.286180,0.252958,0.423395,0.118191,0.574773,0.339943,0.187082,-0.016765,0.664050,0.700779,-0.055786,-0.001852,1.314612,1.209368,0.590105,0.432230,0.082970,0.030387,0.139725,-0.079412,0.400152,0.414652,0.655982,0.758822,0.594901,0.666267,0.162748,0.077653,0.094675,0.008753,-0.010908,0.060896,0.047638,0.006947,0.191625,0.283047,0.228846,0.182957,0.140396,0.185356,0.258643,0.255965,0.248590,0.528082,0.241788,0.578561,0.508613,0.498360,0.529212,0.443804,0.571463,0.430608,0.201650,0.097923,0.667764,0.577630,0.899720,0.799437,0.584377,0.618087,0.520640,0.398513,0.519149,0.645520,0.517262,0.569316,0.850396,0.551553,0.116200,-0.000038,0.250326,0.130770,0.495302,-0.011982,0.660692,0.399989,0.175388,0.098789,0.528570,0.605949
0.619275,0.680610,1.087961,0.000000,0.669124,0.266918,0.905921,1.021406,0.576896,0.470170,0.142290,0.114674,0.230069,0.047062,0.328782,0.135217,0.116422,-0.149538,0.653141,0.795221,-0.035430,0.089741,1.047893,1.361708,0.313305,0.283466,-0.026050,0.061344,0.038477,-0.263221,0.437000,0.474094,0.657238,0.836169,0.610445,0.658887,-0.063730,-0.062171,-0.099044,-0.117945,-0.097310,-0.058743,-0.177769,-0.238998,0.050276,0.133943,-0.005273,-0.053503,-0.045972,-0.024144,-0.044183,-0.046075,0.025237,0.256578,-0.007649,0.378998,0.611401,0.660016,0.329780,0.421070,0.381401,0.461402,0.174117,0.034586,0.585767,0.615073,0.815365,0.693121,0.788671,0.525757,0.671191,0.372076,0.537250,0.569065,0.498192,0.448473,0.740121,0.596056,0.026320,-0.123775,0.092305,0.013806,0.324908,-0.230347,0.516407,0.354969,-0.028865,-0.192162,0.341050,0.447503
0.395410,0.475186,0.691600,0.669124,0.000000,0.594392,0.641153,0.678484,0.715265,0.633421,0.173050,0.198679,0.315499,0.149141,0.649759,0.274666,-0.006887,-0.115769,0.444156,0.459578,0.198562,0.379911,0.524982,0.628725,0.134517,0.206818,0.202014,0.324701,0.144334,-0.142047,0.062761,0.100556,0.487599,0.527006,0.284691,0.371081,-0.021559,-0.096924,0.104875,-0.029527,-0.174396,-0.023708,0.134325,0.080405,0.344530,0.433135,0.273399,0.219325,0.298770,0.304251,0.181802,0.138686,0.232157,0.366164,0.217174,0.427439,0.386503,0.359115,0.499584,0.620424,0.508856,0.641431,0.340671,0.304534,0.267853,0.240189,0.615562,0.497156,0.653406,0.446332,0.276592,0.206085,0.276765,0.274811,0.392005,0.190983,0.537532,0.302332,-0.101494,-0.168899,0.349163,0.216864,0.644712,0.101483,0.577201,0.299614,0.237718,-0.003688,0.407479,0.509915
0.265172,0.310966,0.141383,0.266918,0.594392,0.000000,0.221996,0.437910,0.331053,0.586395,0.090273,0.123207,0.154722,0.129912,0.340930,0.227002,-0.101777,-0.011009,0.286070,0.344798,0.332829,0.340644,0.021562,0.158544,-0.222952,-0.005744,0.231769,0.408744,0.081186,-0.102210,-0.138439,-0.193826,0.221168,0.264413,0.036073,0.051932,-0.030353,-0.014434,0.085899,0.045670,-0.131144,-0.050825,0.156949,0.128755,0.338757,0.353914,0.312834,0.304321,0.322061,0.289174,0.168509,0.152632,0.345343,0.299223,0.275509,0.241112,0.189902,0.249160,0.376295,0.697789,0.362327,0.570859,0.324625,0.400781,0.023501,0.078121,0.252679,0.328873,0.479881,0.324931,-0.018395,-0.021382,-0.012097,-0.022039,0.211483,0.015081,0.179263,0.095809,-0.155524,-0.227384,0.283281,0.196636,0.510791,0.181288,0.358766,0.307798,0.128951,-0.012538,0.406553,0.435418
0.802054,0.710008,1.139703,0.905921,0.641153,0.221996,0.000000,1.112760,0.574296,0.565921,0.578623,0.378142,0.778520,0.381422,0.626231,0.314621,0.235709,0.033095,0.809292,0.761110,0.097946,0.059529,0.815680,0.783534,0.209973,0.111735,0.003129,0.050812,0.216035,-0.160639,0.339063,0.284703,0.882541,0.820348,0.652681,0.687651,0.063703,0.108972,-0.045127,-0.141431,-0.100852,-0.016638,0.037494,-0.057865,0.189135,0.302259,0.197860,0.239069,0.181577,0.154084,0.185688,0.132328,0.246315,0.440864,0.192149,0.488169,0.619808,0.586615,0.542477,0.479745,0.875094,0.610858,0.284965,0.236458,0.873099,0.641592,0.909946,0.728718,0.648799,0.603292,0.456718,0.294496,0.512032,0.459381,0.518326,0.472182,0.782690,0.626800,0.095080,-0.162329,0.195252,0.106961,0.397551,-0.129254,0.715009,0.464068,0.102153,-0.087235,0.397299,0.534577
0.816536,0.925773,0.807470,1.021406,0.678484,0.437910,1.112760,0.000000,0.578093,0.750016,0.421311,0.433959,0.518873,0.417665,0.486867,0.285979,0.179292,-0.007472,0.730698,0.963199,0.183196,0.233802,0.593070,0.759242,0.053989,0.104412,-0.025696,0.144393,0.220531,-0.154558,0.325301,0.221603,0.897060,0.918828,0.461668,0.548209,0.001693,0.022233,-0.028836,-0.145506,-0.123264,0.011320,-0.017537,-0.064379,0.264653,0.422208,0.213486,0.175623,0.229923,0.197912,0.113776,0.077027,0.262446,0.393847,0.203596,0.507297,0.608094,0.608198,0.499402,0.674749,0.817893,1.005099,0.372724,0.357076,0.554531,0.616980,0.679563,0.747068,0.751168,0.681861,0.506685,0.329992,0.475538,0.436889,0.544299,0.378639,0.642918,0.485193,0.104214,-0.139465,0.277571,0.110444,0.467074,-0.019695,0.648489,0.557947,0.121141,-0.058765,0.453830,0.674640
0.255324,0.367679,0.699789,0.576896,0.715265,0.331053,0.574296,0.578093,0.000000,0.786967,0.181987,0.268555,0.419419,0.256905,0.950629,0.317824,0.275196,-0.043746,0.289813,0.399086,0.036422,0.005891,0.736501,0.662834,0.533401,0.592478,0.156147,-0.077056,0.277697,0.023875,0.063115,-0.037871,0.352109,0.383518,0.212998,0.191706,-0.010381,-0.030399,-0.040945,-0.011900,-0.074914,0.118478,0.152455,0.056785,0.307167,0.450338,0.291647,0.310080,0.302160,0.287169,0.258437,0.290245,0.248710,0.441252,0.262473,0.511680,0.155971,0.184157,0.528119,0.637415,0.597739,0.615801,0.368103,0.293798,0.321610,0.373235,0.550813,0.544894,0.395326,0.536761,0.120085,0.117257,0.280037,0.376905,0.357250,0.273279,0.377921,0.310331,0.054202,-0.136113,0.256079,0.097643,0.454552,0.000983,0.454718,0.371448,0.100363,-0.061690,0.405417,0.635525
0.293391,0.340829,0.371492,0.470170,0.633421,0.586395,0.565921,0.750016,0.786967,0.000000,0.224773,0.278800,0.452032,0.405415,0.665383,0.394750,0.130318,-0.112685,0.277855,0.432345,0.147719,0.134102,0.353237,0.435794,0.064086,0.161705,0.062506,0.035990,0.332987,-0.035980,-0.022993,-0.193085,0.478441,0.430256,0.221246,0.258367,-0.041633,-0.034134,-0.060583,-0.006480,-0.052925,0.149841,0.228699,0.109423,0.464083,0.611392,0.354045,0.390935,0.398371,0.278727,0.208249,0.164562,0.321798,0.341761,0.366118,0.442693,0.215621,0.207006,0.456117,0.626483,0.674444,0.800413,0.386758,0.355635,0.327470,0.428974,0.531909,0.561380,0.539966,0.532939,0.001424,-0.038367,0.297356,0.261007,0.354494,0.234433,0.253816,0.327167,-0.047895,-0.357095,0.367742,0.106895,0.426069,0.039272,0.548873,0.605110,0.108684,-0.102344,0.365009,0.675274
0.734591,0.529519,0.286180,0.142290,0.173050,0.090273,0.578623,0.421311,0.181987,0.224773,0.000000,0.633364,1.042382,0.654660,0.480908,0.133892,0.607900,0.506600,0.555852,0.323415,0.275535,0.016418,0.078317,0.012719,-0.007938,-0.150523,0.031633,0.157475,0.405865,-0.060204,0.200548,-0.038346,0.604353,0.478397,0.355164,0.257861,0.075176,0.257336,-0.150584,-0.269437,-0.044640,-0.147039,0.060344,-0.074888,0.019089,0.121185,0.158849,0.291701,0.178846,0.103528,0.194072,0.196019,0.198847,0.277925,0.170671,0.289957,0.519877,0.431985,0.257645,0.229236,0.671870,0.406031,0.248123,0.492948,0.447867,0.287554,0.304470,0.256635,0.177022,0.248533,0.164594,0.264159,0.228399,0.165806,0.240733,0.197500,0.216412,0.260151,0.284977,0.063910,0.033288,0.063599,0.020056,-0.149725,0.213478,0.186012,-0.104575,-0.175540,0.018694,0.124005
0.616674,0.573306,0.252958,0.114674,0.198679,0.123207,0.378142,0.433959,0.268555,0.278800,0.633364,0.000000,0.572651,0.893611,0.420379,0.359633,0.683254,0.792113,0.481314,0.609270,0.038804,0.008862,-0.051928,0.027199,0.071599,-0.056162,-0.170199,-0.052533,0.617711,0.507355,0.295668,0.135112,0.673388,0.620150,0.168730,0.248296,0.559420,0.294745,0.126411,-0.000806,0.313101,0.120828,0.271207,0.266587,0.420629,0.511638,0.386376,0.314594,0.320877,0.280968,0.157906,0.113887,0.297754,0.221520,0.245618,0.261917,0.440179,0.453409,0.269596,0.270772,0.605174,0.744576,0.781440,0.919873,0.188555,0.215560,0.223655,0.335429,0.378825,0.364016,0.041061,0.202322,0.385820,0.391814,0.204291,0.387960,0.134519,0.072998,0.447633,0.340954,0.405562,0.478576,0.288636,0.275199,0.264901,0.394259,0.036171,0.249589,0.132533,0.293720
0.639002,0.528240,0.423395,0.230069,0.315499,0.154722,0.778520,0.518873,0.419419,0.452032,1.042382,0.572651,0.000000,0.700350,0.839939,0.350088,0.466359,0.308355,0.516644,0.352992,0.163265,-0.000018,0.245738,0.167206,0.038182,-0.039154,0.195808,0.042986,0.453538,0.020405,0.164778,-0.067165,0.620969,0.477027,0.345388,0.322278,0.141107,0.233592,-0.073987,-0.144307,0.004465,-0.072759,0.229339,0.073888,0.131360,0.302084,0.333671,0.464232,0.311377,0.253288,0.384247,0.334401,0.371938,0.423631,0.405847,0.485095,0.438951,0.369638,0.410600,0.383131,0.919367,0.518360,0.256500,0.521881,0.541432,0.343241,0.437655,0.407504,0.256895,0.325331,0.088156,0.174396,0.253994,0.184728,0.278798,0.237165,0.288420,0.304631,0.162666,-0.042684,0.106810,0.082499,0.174531,-0.072626,0.342247,0.317067,-0.065217,-0.155836,0.219402,0.412967
0.463819,0.347790,0.118191,0.047062,0.149141,0.129912,0.381422,0.417665,0.256905,0.405415,0.654660,0.893611,0.700350,0.000000,0.391117,0.303504,0.446514,0.353956,0.268018,0.346456,0.084279,-0.051928,-0.038551,0.008729,-0.098254,-0.107599,-0.186363,-0.135717,0.345742,0.209310,0.088957,-0.141939,0.544551,0.329182,0.050107,0.129987,0.235860,0.067835,-0.021034,-0.186035,0.146892,0.005886,0.176734,0.167755,0.261727,0.380911,0.329126,0.253147,0.376544,0.313485,0.245816,0.209093,0.353211,0.306328,0.277280,0.281765,0.261993,0.236437,0.324301,0.265673,0.663416,0.638485,0.559361,0.607720,0.185879,0.187398,0.121974,0.239142,0.188210,0.186906,-0.011688,0.107156,0.215968,0.144025,0.153233,0.094985,0.002405,-0.028594,0.181437,0.014868,0.170699,0.151736,0.119046,0.109757,0.180965,0.273399,0.016299,0.002205,0.118119,0.250142
0.291594,0.343535,0.574773,0.328782,0.649759,0.340930,0.626231,0.486867,0.950629,0.665383,0.480908,0.420379,0.839939,0.391117,0.000000,0.565668,0.346576,0.163581,0.327695,0.304199,0.143823,-0.045036,0.440199,0.377307,0.274335,0.298508,0.318190,0.066709,0.505046,0.164501,0.037596,-0.110436,0.380124,0.341960,0.253739,0.291483,0.128514,0.124593,0.115952,0.126847,-0.027304,0.173572,0.440728,0.288428,0.420296,0.522256,0.562331,0.621698,0.406808,0.387698,0.533773,0.513930,0.456911,0.594008,0.538664,0.662018,0.198264,0.178894,0.521237,0.642139,0.768654,0.648779,0.379653,0.500596,0.424764,0.370890,0.606001,0.620560,0.375644,0.580293,-0.026336,-0.017774,0.326852,0.339601,0.429609,0.327330,0.355263,0.329758,0.019847,-0.106798,0.385582,0.268322,0.569152,0.153349,0.562308,0.492201,0.191931,0.012130,0.488880,0.730147
0.061081,0.133925,0.339943,0.135217,0.274666,0.227002,0.314621,0.285979,0.317824,0.394750,0.133892,0.359633,0.350088,0.303504,0.565668,0.000000,0.088872,0.133976,0.086852,0.249243,0.114770,-0.050999,0.212478,0.256643,0.209213,0.289306,0.185164,0.029189,0.442809,0.577023,0.173992,0.030634,0.255198,0.199239,0.205695,0.277561,0.393652,0.211707,0.434441,0.491168,0.272306,0.382482,0.521229,0.478629,0.567246,0.447732,0.627359,0.540031,0.275529,0.260732,0.496617,0.398011,0.470226,0.407581,0.639785,0.430910,0.015230,0.070696,0.225213,0.289883,0.312120,0.375826,0.223138,0.256385,0.273974,0.316535,0.338634,0.448282,0.284586,0.428559,-0.039358,-0.048911,0.306050,0.401831,0.199116,0.373774,0.192460,0.186455,0.053980,0.008134,0.600712,0.403547,0.512917,0.598777,0.602949,0.695473,0.327758,0.424274,0.562627,0.610395
0.406013,0.328127,0.187082,0.116422,-0.006887,-0.101777,0.235709,0.179292,0.275196,0.130318,0.607900,0.683254,0.466359,0.446514,0.346576,0.088872,0.000000,0.801542,0.210888,0.270551,-0.108311,-0.301783,0.043609,0.063322,0.337086,0.062216,-0.135528,-0.138772,0.546533,0.325415,0.193029,0.007458,0.466901,0.473509,0.315967,0.240006,0.316749,0.336276,-0.076773,-0.081958,0.396167,0.192599,0.199550,0.116620,0.129496,0.163526,0.224174,0.268595,0.102663,0.080299,0.134060,0.168609,0.104797,0.146847,0.149297,0.225453,0.452862,0.388520,0.146702,0.134657,0.362234,0.298955,0.436353,0.504859,0.372832,0.374964,0.352405,0.383873,0.162479,0.339826,-0.048660,0.034931,0.359984,0.469755,0.193725,0.424944,-0.063453,0.110854,0.557386,0.390920,0.154546,0.192020,-0.107354,-0.039483,0.160785,0.295750,-0.224984,0.035051,0.020371,0.150058
0.335210,0.295250,-0.016765,-0.149538,-0.115769,-0.011009,0.033095,-0.007472,-0.043746,-0.112685,0.506600,0.792113,0.308355,0.353956,0.163581,0.133976,0.801542,0.000000,0.249412,0.269208,0.139633,-0.047492,-0.272478,-0.244281,0.128893,-0.080387,-0.026510,0.045803,0.518169,0.568519,0.184361,0.015588,0.279256,0.303617,0.141882,0.021484,0.563183,0.457050,0.068807,0.029313,0.441590,0.116843,0.362831,0.309166,0.190902,0.156706,0.316104,0.305174,0.103760,0.078043,0.127315,0.088977,0.138208,0.062523,0.162620,0.028820,0.322876,0.375958,0.017202,0.011315,0.160074,0.223394,0.382541,0.666981,0.089896,0.063031,0.080270,0.112507,0.166776,0.157829,-0.188202,0.070647,0.216482,0.216583,0.077642,0.336954,-0.100334,0.038100,0.556861,0.573978,0.277245,0.428185,-0.020108,0.170726,0.055543,0.148008,-0.166364,0.259676,-0.018003,-0.071789
1.076224,0.970143,0.664050,0.653141,0.444156,0.286070,0.809292,0.730698,0.289813,0.277855,0.555852,0.481314,0.516644,0.268018,0.327695,0.086852,0.210888,0.249412,0.000000,1.043548,0.120466,0.216030,0.384772,0.354665,-0.006996,-0.056579,-0.021066,0.190418,0.174337,-0.118546,0.405657,0.380023,0.707441,0.753091,0.344361,0.392533,0.088337,0.164384,-0.185304,-0.316431,-0.204668,-0.236470,-0.124983,-0.188839,0.031546,0.217681,0.058453,0.124145,0.140580,0.125086,-0.022042,-0.033716,0.120232,0.260789,0.004459,0.264025,0.784710,0.887080,0.406427,0.428062,0.594165,0.480476,0.363495,0.351056,0.342594,0.202782,0.413131,0.321009,0.685427,0.404103,0.520798,0.508319,0.404089,0.391546,0.369074,0.377322,0.710275,0.476141,0.180866,-0.031235,0.051056,0.088127,0.346759,-0.216284,0.250015,0.097933,-0.124017,-0.190094,0.244816,0.270355
0.917744,1.054580,0.700779,0.795221,0.459578,0.344798,0.761110,0.963199,0.399086,0.432345,0.323415,0.609270,0.352992,0.346456,0.304199,0.249243,0.270551,0.269208,1.043548,0.000000,0.127076,0.082109,0.415333,0.528305,0.126460,0.069195,-0.095426,0.055144,0.238087,0.136554,0.454667,0.370458,0.791870,0.854767,0.328809,0.397571,0.321759,0.185514,0.071461,-0.134290,0.126620,0.112434,0.062180,0.066994,0.337046,0.460970,0.243077,0.219772,0.261030,0.201034,0.051344,-0.000027,0.231086,0.323590,0.157946,0.398529,0.621832,0.775052,0.440266,0.485928,0.598559,0.682315,0.510126,0.458618,0.364553,0.345281,0.517077,0.566304,0.962693,0.741435,0.357090,0.335074,0.568912,0.596290,0.562559,0.511716,0.642535,0.482210,0.187982,-0.030885,0.336606,0.244379,0.417155,0.043464,0.493789,0.421789,0.029246,0.045599,0.457269,0.516073
0.135099,0.130221,-0.055786,-0.035430,0.198562,0.332829,0.097946,0.183196,0.036422,0.147719,0.275535,0.038804,0.163265,0.084279,0.143823,0.114770,-0.108311,0.139633,0.120466,0.127076,0.000000,0.497330,-0.086290,-0.100592,-0.165814,-0.064466,0.343626,0.383835,0.179312,-0.015005,-0.121317,-0.268523,0.147994,0.071498,0.144882,-0.026160,0.005087,0.044651,0.225577,0.010524,0.016223,-0.076700,0.155375,0.043481,0.145140,0.026709,0.169095,0.242830,0.015367,-0.099890,0.059595,-0.015166,0.114673,0.126743,0.220248,0.136294,-0.028184,0.027590,-0.077591,0.055873,0.105479,0.174470,0.029582,0.340745,0.019691,-0.060793,-0.046031,-0.071622,0.165040,0.152906,-0.083007,0.078852,-0.032108,-0.197054,0.063825,-0.048839,0.099089,0.230456,-0.051745,-0.244561,0.219601,0.047263,0.067217,0.170156,0.275034,0.161512,0.255805,0.077547,0.106513,0.078968
0.116589,0.178684,-0.001852,0.089741,0.379911,0.340644,0.059529,0.233802,0.005891,0.134102,0.016418,0.008862,-0.000018,-0.051928,-0.045036,-0.050999,-0.301783,-0.047492,0.216030,0.082109,0.497330,0.000000,-0.064035,0.011830,-0.261397,-0.080084,0.218902,0.427029,-0.080836,-0.248585,-0.065062,-0.003473,0.121765,0.143843,-0.020808,-0.002877,-0.183492,-0.157451,-0.104143,-0.137895,-0.270205,-0.226998,-0.098565,-0.098098,0.015317,0.049648,-0.016634,-0.083725,0.062909,0.032265,-0.068241,-0.116597,0.015055,0.021851,0.019702,0.010878,0.122171,0.076377,-0.006062,0.111918,0.019620,0.162898,-0.086420,0.124487,-0.207376,-0.200107,-0.072056,-0.168359,0.124784,-0.089052,0.236204,0.321633,-0.079027,-0.162582,-0.099940,-0.092435,0.127040,0.037864,-0.005012,-0.010864,0.078447,-0.010583,0.182521,0.042916,-0.027439,-0.126787,0.088092,-0.025009,-0.059220,-0.053182
0.331440,0.378521,1.314612,1.047893,0.524982,0.021562,0.815680,0.593070,0.736501,0.353237,0.078317,-0.051928,0.245738,-0.038551,0.440199,0.212478,0.043609,-0.272478,0.384772,0.415333,-0.086290,-0.064035,0.000000,1.408877,0.664472,0.519280,0.085858,-0.108459,-0.003423,-0.184490,0.300339,0.344733,0.364399,0.447447,0.523529,0.492106,-0.054928,-0.055459,0.023349,0.021184,-0.094803,0.022896,-0.088524,-0.156920,-0.005862,0.093186,0.042999,0.037340,-0.032549,0.036213,0.132944,0.172117,0.071457,0.378630,0.124424,0.480970,0.269178,0.282569,0.357965,0.294569,0.315798,0.194722,0.004174,-0.170496,0.588390,0.491366,0.730262,0.578321,0.383244,0.444011,0.544589,0.343779,0.395607,0.465710,0.418768,0.425449,0.672284,0.513293,0.003248,-0.127090,0.092754,-0.082320,0.330650,-0.184704,0.555652,0.264863,0.141726,-0.069932,0.387011,0.446197
0.369846,0.442736,1.209368,1.361708,0.628725,0.158544,0.783534,0.759242,0.662834,0.435794,0.012719,0.027199,0.167206,0.008729,0.377307,0.256643,0.063322,-0.244281,0.354665,0.528305,-0.100592,0.011830,1.408877,0.000000,0.551952,0.480811,0.069670,-0.031475,-0.032233,-0.159639,0.354190,0.404291,0.480562,0.580018,0.553779,0.560721,0.019463,-0.051470,0.062209,0.038563,-0.012198,0.057811,-0.019826,-0.076531,0.092641,0.155217,0.091552,0.011039,-0.031165,0.045769,0.091111,0.112873,0.112039,0.331357,0.116669,0.475218,0.381797,0.388215,0.295846,0.337695,0.295045,0.335100,0.067741,-0.106924,0.587766,0.628671,0.742716,0.676284,0.547435,0.505610,0.555070,0.273853,0.417954,0.550978,0.413296,0.434948,0.671907,0.509534,-0.026221,-0.068598,0.139231,-0.003206,0.371709,-0.111121,0.580448,0.415790,0.111832,-0.001137,0.448366,0.531144
0.008359,0.040333,0.590105,0.313305,0.134517,-0.222952,0.209973,0.053989,0.533401,0.064086,-0.007938,0.071599,0.038182,-0.098254,0.274335,0.209213,0.337086,0.128893,-0.006996,0.126460,-0.165814,-0.261397,0.664472,0.551952,0.000000,0.959575,0.156927,-0.156475,0.082103,0.235668,0.318720,0.235880,0.115527,0.197093,0.348622,0.129994,0.300433,0.194685,0.137809,0.145597,0.329915,0.190870,0.166638,0.107005,0.101299,0.050681,0.150021,0.083582,-0.035870,0.028211,0.214665,0.259936,0.079435,0.227252,0.149507,0.234881,0.083915,0.080410,0.116844,0.028449,-0.004528,-0.057399,-0.006813,-0.075968,0.365671,0.363966,0.393521,0.349268,0.032516,0.302486,0.103279,0.177653,0.261819,0.503920,0.156945,0.494972,0.137071,0.129636,0.211280,0.283602,0.118242,0.043151,0.047766,0.085899,0.287903,0.238209,-0.015975,0.303728,0.223376,0.220309
-0.138324,-0.024050,0.432230,0.283466,0.206818,-0.005744,0.111735,0.104412,0.592478,0.161705,-0.150523,-0.056162,-0.039154,-0.107599,0.298508,0.289306,0.062216,-0.080387,-0.056579,0.069195,-0.064466,-0.080084,0.519280,0.480811,0.959575,0.000000,0.263875,-0.035065,0.025958,0.173686,0.314529,0.154467,-0.011229,0.025678,0.073123,-0.027398,0.039705,0.094427,0.066885,0.139434,0.063530,0.085350,0.098314,0.067851,0.067703,0.073958,0.109980,-0.012556,-0.023482,0.053860,0.172565,0.202185,0.092746,0.170872,0.109767,0.152314,0.006431,-0.030339,0.094302,0.114752,0.012155,0.017076,-0.035545,-0.079516,0.090237,0.210144,0.153485,0.179712,-0.006089,0.150146,0.186709,0.247773,0.141157,0.301291,0.043112,0.161707,0.225157,0.122372,0.003819,0.142132,0.099491,0.042128,0.164670,0.089458,0.136524,0.129939,-0.011593,0.196505,0.201283,0.235953
-0.071068,-0.012488,0.082970,-0.026050,0.202014,0.231769,0.003129,-0.025696,0.156147,0.062506,0.031633,-0.170199,0.195808,-0.186363,0.318190,0.185164,-0.135528,-0.026510,-0.021066,-0.095426,0.343626,0.218902,0.085858,0.069670,0.156927,0.263875,0.000000,0.522609,-0.103146,-0.017126,-0.045370,-0.117538,-0.170108,-0.169678,-0.036961,-0.168035,0.055347,0.141845,0.221077,0.126373,-0.091648,-0.029840,0.350197,0.269898,0.149337,0.168028,0.324529,0.369597,0.225851,0.279547,0.413843,0.392225,0.371671,0.298441,0.350639,0.277525,-0.058321,-0.049309,0.164551,0.252134,0.024515,0.011779,-0.215959,0.079473,-0.041005,-0.087930,0.084814,0.093638,-0.030850,0.140206,0.012264,0.034389,-0.125909,-0.152849,0.104680,-0.055021,0.174483,0.164055,-0.081726,-0.002421,0.187062,0.128164,0.280886,0.124270,0.126066,0.046887,0.101810,0.077054,0.233320,0.281542
0.169821,0.219219,0.030387,0.061344,0.324701,0.408744,0.050812,0.144393,-0.077056,0.035990,0.157475,-0.052533,0.042986,-0.135717,0.066709,0.029189,-0.138772,0.045803,0.190418,0.055144,0.383835,0.427029,-0.108459,-0.031475,-0.156475,-0.035065,0.522609,0.000000,-0.166783,-0.215466,-0.088396,-0.090401,0.084464,0.091138,0.012084,-0.002671,0.013321,0.040653,0.054431,-0.132000,-0.141302,-0.202724,0.093030,0.058513,0.073811,0.017484,0.126842,0.152492,0.135809,0.194422,0.203514,0.165777,0.230354,0.223336,0.148179,0.142147,0.202000,0.231544,0.227463,0.361988,0.074252,0.173843,-0.094614,0.139575,-0.043625,-0.084915,0.103820,0.077667,0.183319,0.078480,0.051412,0.098875,-0.056748,-0.156236,0.054010,-0.093204,0.122405,0.039052,-0.010131,0.034674,0.074567,0.053917,0.236214,0.112296,0.081022,-0.005669,0.083463,0.063414,0.119032,0.104310
0.217456,0.267373,0.139725,0.038477,0.144334,0.081186,0.216035,0.220531,0.277697,0.332987,0.405865,0.617711,0.453538,0.345742,0.505046,0.442809,0.546533,0.518169,0.174337,0.238087,0.179312,-0.080836,-0.003423,-0.032233,0.082103,0.025958,-0.103146,-0.166783,0.000000,0.572902,0.279133,0.044080,0.431026,0.443100,0.329044,0.314837,0.219440,0.198324,0.127805,0.258433,0.280536,0.238439,0.255893,0.172802,0.409439,0.359350,0.291328,0.328726,0.136104,-0.020937,0.066369,0.004067,0.070667,0.094599,0.302965,0.263592,0.162719,0.196124,-0.019263,0.066227,0.376175,0.391387,0.457217,0.583451,0.244660,0.223386,0.250009,0.231951,0.287425,0.346471,-0.057235,0.034434,0.406991,0.386874,0.180532,0.388462,0.009829,0.201322,0.383051,0.100360,0.536648,0.488809,0.225431,0.285712,0.374188,0.411759,0.132418,0.129065,0.171678,0.173611
-0.145663,-0.034322,-0.079412,-0.263221,-0.142047,-0.102210,-0.160639,-0.154558,0.023875,-0.035980,-0.060204,0.507355,0.020405,0.209310,0.164501,0.577023,0.325415,0.568519,-0.118546,0.136554,-0.015005,-0.248585,-0.184490,-0.159639,0.235668,0.173686,-0.017126,-0.215466,0.572902,0.000000,0.207238,0.105215,0.001107,0.018289,-0.009910,-0.004440,0.755160,0.278957,0.521238,0.570971,0.732891,0.508807,0.508147,0.594537,0.542452,0.347961,0.411829,0.303423,0.143376,0.099688,0.188520,0.114866,0.164593,0.045183,0.330123,0.126562,-0.126625,-0.092467,-0.107810,-0.084913,-0.032480,0.125914,0.338311,0.364644,-0.091323,-0.034954,-0.008010,0.096702,0.076334,0.224447,-0.269308,-0.127764,0.295366,0.351196,0.038218,0.374547,-0.214895,-0.124036,0.302393,0.429767,0.632965,0.610230,0.228863,0.726500,0.206882,0.351509,0.217339,0.622173,0.253992,0.151069
0.347758,0.362682,0.400152,0.437000,0.062761,-0.138439,0.339063,0.325301,0.063115,-0.022993,0.200548,0.295668,0.164778,0.088957,0.037596,0.173992,0.193029,0.184361,0.405657,0.454667,-0.121317,-0.065062,0.300339,0.354190,0.318720,0.314529,-0.045370,-0.088396,0.279133,0.207238,0.000000,1.015805,0.471644,0.527854,0.373884,0.330073,0.173631,0.159138,-0.194482,-0.101868,0.115874,-0.154017,-0.246408,-0.203864,-0.045752,0.025332,-0.190323,-0.216495,-0.138559,-0.173593,-0.245175,-0.266420,-0.187161,-0.109589,-0.175171,0.034031,0.397480,0.435520,-0.095020,-0.121191,0.058229,0.079040,0.140360,0.023369,0.353044,0.307887,0.170853,0.125675,0.220535,0.135930,0.625038,0.517230,0.436442,0.514590,0.144481,0.467549,0.248566,0.172708,0.402390,0.359443,0.031770,0.097334,0.076838,-0.056918,0.111731,0.040493,-0.229153,-0.013341,0.008529,-0.022753
0.238043,0.300444,0.414652,0.474094,0.100556,-0.193826,0.284703,0.221603,-0.037871,-0.193085,-0.038346,0.135112,-0.067165,-0.141939,-0.110436,0.030634,0.007458,0.015588,0.380023,0.370458,-0.268523,-0.003473,0.344733,0.404291,0.235880,0.154467,-0.117538,-0.090401,0.044080,0.105215,1.015805,0.000000,0.318292,0.413699,0.373925,0.360656,0.116445,-0.035763,-0.131480,-0.003506,0.021053,-0.144273,-0.344814,-0.228526,-0.055324,-0.031129,-0.248159,-0.367227,-0.212769,-0.167732,-0.291772,-0.312704,-0.251267,-0.166406,-0.281097,-0.044283,0.352455,0.406401,-0.096907,-0.160223,-0.097096,-0.056547,0.058863,-0.169950,0.276695,0.215516,0.201644,0.114357,0.252882,0.121252,0.694073,0.433266,0.383253,0.449604,0.131430,0.458577,0.312702,0.133222,0.189111,0.297490,-0.003032,0.152021,0.145613,-0.042184,0.097804,-0.052996,-0.103708,-0.001116,0.009736,-0.079145
0.927549,0.733999,0.655982,0.657238,0.487599,0.221168,0.882541,0.897060,0.352109,0.478441,0.604353,0.673388,0.620969,0.544551,0.380124,0.255198,0.466901,0.279256,0.707441,0.791870,0.147994,0.121765,0.364399,0.480562,0.115527,-0.011229,-0.170108,0.084464,0.431026,0.001107,0.471644,0.318292,0.000000,1.460023,0.696956,0.775160,0.162330,0.024649,-0.087353,-0.205572,0.167889,-0.070370,-0.023437,-0.083649,0.213641,0.288728,0.141582,0.100054,0.124347,0.011953,-0.012850,-0.080157,0.099904,0.220935,0.124054,0.301803,0.749235,0.724539,0.293899,0.269939,0.714138,0.724946,0.529429,0.501091,0.716864,0.617215,0.666140,0.606385,0.731463,0.514533,0.322753,0.369416,0.621003,0.518058,0.399285,0.414554,0.370104,0.271819,0.331883,0.034553,0.246013,0.204865,0.225631,0.006518,0.557528,0.441705,0.027730,0.007538,0.207923,0.306930
0.864191,0.786197,0.758822,0.836169,0.527006,0.264413,0.820348,0.918828,0.383518,0.430256,0.478397,0.620150,0.477027,0.329182,0.341960,0.199239,0.473509,0.303617,0.753091,0.854767,0.071498,0.143843,0.447447,0.580018,0.197093,0.025678,-0.169678,0.091138,0.443100,0.018289,0.527854,0.413699,1.460023,0.000000,0.733966,0.810583,0.174864,0.011567,-0.039829,-0.108396,0.148928,-0.057224,-0.088656,-0.125883,0.193264,0.244262,0.087094,0.039639,0.038969,-0.033205,-0.090244,-0.129334,0.014206,0.161940,0.062516,0.286146,0.777602,0.829969,0.267835,0.315986,0.574396,0.701753,0.530671,0.453331,0.658641,0.652359,0.728486,0.656307,0.772515,0.510833,0.388627,0.357347,0.594864,0.600070,0.376368,0.536785,0.395642,0.305904,0.398474,0.138224,0.282694,0.285585,0.260613,0.022457,0.555191,0.468146,0.031686,0.021848,0.236175,0.332987
0.404832,0.297942,0.594901,0.610445,0.284691,0.036073,0.652681,0.461668,0.212998,0.221246,0.355164,0.168730,0.345388,0.050107,0.253739,0.205695,0.315967,0.141882,0.344361,0.328809,0.144882,-0.020808,0.523529,0.553779,0.348622,0.073123,-0.036961,0.012084,0.329044,-0.009910,0.373884,0.373925,0.696956,0.733966,0.000000,0.968550,0.084406,0.076818,0.046505,0.097185,0.145785,0.019548,-0.010061,-0.094587,0.090463,-0.032252,0.015979,0.035682,-0.225517,-0.291995,-0.075673,-0.124530,-0.125763,0.070689,0.012886,0.174814,0.436859,0.479040,-0.040710,-0.045605,0.208346,0.179606,0.094649,0.079045,1.116394,0.830193,0.811550,0.574958,0.442688,0.387793,0.282432,0.195181,0.442895,0.447812,0.310638,0.526041,0.363761,0.417413,0.102303,-0.005246,0.118252,0.181224,0.098708,-0.027211,0.674621,0.512103,0.040094,0.077984,0.174574,0.174397
0.467703,0.321782,0.666267,0.658887,0.371081,0.051932,0.687651,0.548209,0.191706,0.258367,0.257861,0.248296,0.322278,0.129987,0.291483,0.277561,0.240006,0.021484,0.392533,0.397571,-0.026160,-0.002877,0.492106,0.560721,0.129994,-0.027398,-0.168035,-0.002671,0.314837,-0.004440,0.330073,0.360656,0.775160,0.810583,0.968550,0.000000,0.059135,-0.012131,0.031252,0.142752,0.177509,0.109815,-0.024684,-0.023238,0.173407,0.138788,0.044727,0.019849,-0.077809,-0.138206,-0.031870,-0.073703,-0.030458,0.119530,0.118113,0.280221,0.470940,0.372595,0.096262,0.066771,0.341434,0.357321,0.189304,0.116658,0.754110,0.729745,0.767141,0.663035,0.554444,0.410438,0.270722,0.123481,0.627356,0.530862,0.372188,0.416367,0.457296,0.428004,0.103928,-0.048066,0.196402,0.238948,0.178078,-0.001061,0.601696,0.508625,0.159397,0.073046,0.222868,0.310070
0.179637,0.133868,0.162748,-0.063730,-0.021559,-0.030353,0.063703,0.001693,-0.010381,-0.041633,0.075176,0.559420,0.141107,0.235860,0.128514,0.393652,0.316749,0.563183,0.088337,0.321759,0.005087,-0.183492,-0.054928,0.019463,0.300433,0.039705,0.055347,0.013321,0.219440,0.755160,0.173631,0.116445,0.162330,0.174864,0.084406,0.059135,0.000000,0.431487,0.591615,0.327702,0.865537,0.415778,0.570968,0.649700,0.536360,0.368613,0.577043,0.481941,0.258984,0.269183,0.392467,0.311709,0.395466,0.255807,0.491963,0.319482,0.062340,0.142344,0.171545,0.102410,0.117793,0.200541,0.269060,0.373666,0.105716,0.087223,0.193082,0.300268,0.168207,0.299699,-0.204679,-0.030817,0.286377,0.303930,0.135296,0.440600,-0.016434,0.022515,0.308654,0.442489,0.497581,0.429987,0.211515,0.685305,0.305703,0.460018,0.181792,0.727233,0.424632,0.328616
0.175991,0.146210,0.077653,-0.062171,-0.096924,-0.014434,0.108972,0.022233,-0.030399,-0.034134,0.257336,0.294745,0.233592,0.067835,0.124593,0.211707,0.336276,0.457050,0.164384,0.185514,0.044651,-0.157451,-0.055459,-0.051470,0.194685,0.094427,0.141845,0.040653,0.198324,0.278957,0.159138,-0.035763,0.024649,0.011567,0.076818,-0.012131,0.431487,0.000000,0.148994,0.213292,0.278665,0.268106,0.422369,0.365897,0.158747,0.191404,0.343968,0.481228,0.148890,0.198103,0.300997,0.233922,0.248934,0.141659,0.228784,0.113660,0.161909,0.133422,0.028068,0.045048,0.135326,0.031976,0.000407,0.216956,0.124283,0.158307,0.099932,0.150846,-0.006529,0.186372,0.038320,0.033658,0.261227,0.231411,0.142020,0.273014,0.251806,0.366385,0.256535,0.303822,0.225401,0.182514,0.013334,0.087499,0.095853,0.261742,-0.165073,0.225833,0.031619,0.118571
-0.096186,-0.035917,0.094675,-0.099044,0.104875,0.085899,-0.045127,-0.028836,-0.040945,-0.060583,-0.150584,0.126411,-0.073987,-0.021034,0.115952,0.434441,-0.076773,0.068807,-0.185304,0.071461,0.225577,-0.104143,0.023349,0.062209,0.137809,0.066885,0.221077,0.054431,0.127805,0.521238,-0.194482,-0.131480,-0.087353,-0.039829,0.046505,0.031252,0.591615,0.148994,0.000000,0.805318,0.449830,0.514415,0.538055,0.687082,0.546491,0.265676,0.585648,0.430465,0.141335,0.214079,0.412580,0.365622,0.358287,0.301767,0.514808,0.347743,-0.164253,-0.077659,0.071599,0.097579,-0.002236,0.088997,0.049170,0.174663,-0.054128,-0.023316,0.130416,0.269206,0.127080,0.313473,-0.226792,-0.245330,0.031554,0.094822,0.118161,0.121207,0.094256,0.031685,-0.162782,-0.012334,0.624119,0.492205,0.405807,0.896632,0.472755,0.517078,0.708542,0.790147,0.535913,0.416433
-0.287666,-0.285601,0.008753,-0.117945,-0.029527,0.045670,-0.141431,-0.145506,-0.011900,-0.006480,-0.269437,-0.000806,-0.144307,-0.186035,0.126847,0.491168,-0.081958,0.029313,-0.316431,-0.134290,0.010524,-0.137895,0.021184,0.038563,0.145597,0.139434,0.126373,-0.132000,0.258433,0.570971,-0.101868,-0.003506,-0.205572,-0.108396,0.097185,0.142752,0.327702,0.213292,0.805318,0.000000,0.374529,0.644935,0.443756,0.593064,0.406418,0.140782,0.403388,0.320292,-0.057857,0.009423,0.264508,0.203098,0.116519,0.044864,0.379088,0.185558,-0.223615,-0.250159,-0.113818,-0.068371,-0.129481,-0.057355,-0.056618,-0.013640,-0.008405,0.121259,0.166185,0.252865,0.058147,0.191102,-0.217653,-0.363898,0.139637,0.175328,0.030032,0.152192,0.053908,0.125570,-0.145464,0.010493,0.607383,0.599890,0.290467,0.679300,0.380701,0.501460,0.567783,0.590318,0.337427,0.263257
-0.010531,-0.047838,-0.010908,-0.097310,-0.174396,-0.131144,-0.100852,-0.123264,-0.074914,-0.052925,-0.044640,0.313101,0.004465,0.146892,-0.027304,0.272306,0.396167,0.441590,-0.204668,0.126620,0.016223,-0.270205,-0.094803,-0.012198,0.329915,0.063530,-0.091648,-0.141302,0.280536,0.732891,0.115874,0.021053,0.167889,0.148928,0.145785,0.177509,0.865537,0.278665,0.449830,0.374529,0.000000,0.604595,0.447328,0.506892,0.419201,0.178989,0.361729,0.264840,0.066472,-0.005934,0.213124,0.148336,0.151884,0.074684,0.382167,0.194821,0.022081,0.013432,-0.094894,-0.148265,-0.058060,0.033281,0.173624,0.227466,0.155381,0.188761,0.148438,0.258248,0.121877,0.225036,-0.319545,-0.141885,0.411108,0.374613,0.143309,0.379786,-0.205510,-0.000836,0.237849,0.291945,0.436492,0.331807,-0.136239,0.481805,0.296034,0.467399,0.151964,0.533823,0.176281,0.131200
-0.151493,-0.073752,0.060896,-0.058743,-0.023708,-0.050825,-0.016638,0.011320,0.118478,0.149841,-0.147039,0.120828,-0.072759,0.005886,0.173572,0.382482,0.192599,0.116843,-0.236470,0.112434,-0.076700,-0.226998,0.022896,0.057811,0.190870,0.085350,-0.029840,-0.202724,0.238439,0.508807,-0.154017,-0.144273,-0.070370,-0.057224,0.019548,0.109815,0.415778,0.268106,0.514415,0.644935,0.604595,0.000000,0.583885,0.703978,0.610291,0.430596,0.560990,0.479255,0.301745,0.271552,0.430235,0.343526,0.290703,0.246502,0.473383,0.318585,-0.145189,-0.168067,0.094227,0.097106,0.053200,0.106021,0.037925,0.108039,0.063418,0.192379,0.260205,0.422884,0.116049,0.418154,-0.340939,-0.398627,0.416142,0.470012,0.403706,0.340006,0.030553,0.167885,-0.023475,-0.011108,0.631032,0.354987,0.170751,0.488943,0.400709,0.568565,0.449718,0.434822,0.361045,0.422472
-0.022825,0.057277,0.047638,-0.177769,0.134325,0.156949,0.037494,-0.017537,0.152455,0.228699,0.060344,0.271207,0.229339,0.176734,0.440728,0.521229,0.199550,0.362831,-0.124983,0.062180,0.155375,-0.098565,-0.088524,-0.019826,0.166638,0.098314,0.350197,0.093030,0.255893,0.508147,-0.246408,-0.344814,-0.023437,-0.088656,-0.010061,-0.024684,0.570968,0.422369,0.538055,0.443756,0.447328,0.583885,0.000000,1.387777,0.797688,0.621096,1.267447,1.110490,0.584808,0.561293,0.872463,0.669424,0.759907,0.488621,0.961800,0.546138,-0.017105,-0.062722,0.281141,0.245013,0.221160,0.234816,0.085018,0.381484,0.045522,0.047025,0.253155,0.353132,0.198801,0.379211,-0.494973,-0.276148,0.034107,0.096597,0.198187,0.162065,0.048974,0.179952,-0.072729,0.069208,0.592219,0.384214,0.274229,0.552982,0.380667,0.501268,0.275837,0.540599,0.521659,0.522017
-0.081527,-0.016580,0.006947,-0.238998,0.080405,0.128755,-0.057865,-0.064379,0.056785,0.109423,-0.074888,0.266587,0.073888,0.167755,0.288428,0.478629,0.116620,0.309166,-0.188839,0.066994,0.043481,-0.098098,-0.156920,-0.076531,0.107005,0.067851,0.269898,0.058513,0.172802,0.594537,-0.203864,-0.228526,-0.083649,-0.125883,-0.094587,-0.023238,0.649700,0.365897,0.687082,0.593064,0.506892,0.703978,1.387777,0.000000,0.942236,0.707651,1.224504,0.974424,0.649555,0.641365,0.860974,0.666767,0.756420,0.497173,0.918621,0.490096,-0.071448,-0.132472,0.292675,0.193879,0.152748,0.186647,0.144395,0.316402,-0.055405,-0.015444,0.197121,0.382961,0.139610,0.313722,-0.465292,-0.315185,0.043692,0.117080,0.223896,0.102901,0.007468,0.044935,-0.104897,0.064207,0.692398,0.499628,0.338329,0.773229,0.351060,0.468735,0.426353,0.687909,0.526624,0.507800
0.084188,0.194128,0.191625,0.050276,0.344530,0.338757,0.189135,0.264653,0.307167,0.464083,0.019089,0.420629,0.131360,0.261727,0.420296,0.567246,0.129496,0.190902,0.031546,0.337046,0.145140,0.015317,-0.005862,0.092641,0.101299,0.067703,0.149337,0.073811,0.409439,0.542452,-0.045752,-0.055324,0.213641,0.193264,0.090463,0.173407,0.536360,0.158747,0.546491,0.406418,0.419201,0.610291,0.797688,0.942236,0.000000,1.183575,0.957613,0.726565,0.836232,0.629258,0.570871,0.434536,0.641149,0.529506,0.743765,0.529750,0.045599,0.041889,0.396205,0.425848,0.339749,0.537587,0.383237,0.476501,0.073888,0.145024,0.414379,0.580653,0.422483,0.613995,-0.289816,-0.187232,0.286993,0.337065,0.433998,0.299838,0.083466,0.113185,-0.013599,-0.029989,0.890617,0.622126,0.590539,0.827087,0.638283,0.710753,0.482395,0.564537,0.660693,0.714309
0.268442,0.405329,0.283047,0.133943,0.433135,0.353914,0.302259,0.422208,0.450338,0.611392,0.121185,0.511638,0.302084,0.380911,0.522256,0.447732,0.163526,0.156706,0.217681,0.460970,0.026709,0.049648,0.093186,0.155217,0.050681,0.073958,0.168028,0.017484,0.359350,0.347961,0.025332,-0.031129,0.288728,0.244262,-0.032252,0.138788,0.368613,0.191404,0.265676,0.140782,0.178989,0.430596,0.621096,0.707651,1.183575,0.000000,0.862082,0.705981,1.295455,1.023320,0.611675,0.528811,0.762787,0.596753,0.694394,0.634530,0.148166,0.096028,0.621047,0.634242,0.583992,0.746569,0.419692,0.545487,0.006073,0.112845,0.376075,0.567795,0.403125,0.542399,-0.115600,-0.000372,0.291414,0.344339,0.522016,0.260550,0.212082,0.137686,0.067356,-0.014366,0.658520,0.400350,0.647796,0.448419,0.446483,0.494997,0.307040,0.273564,0.536181,0.790354
0.189480,0.244972,0.228846,-0.005273,0.273399,0.312834,0.197860,0.213486,0.291647,0.354045,0.158849,0.386376,0.333671,0.329126,0.562331,0.627359,0.224174,0.316104,0.058453,0.243077,0.169095,-0.016634,0.042999,0.091552,0.150021,0.109980,0.324529,0.126842,0.291328,0.411829,-0.190323,-0.248159,0.141582,0.087094,0.015979,0.044727,0.577043,0.343968,0.585648,0.403388,0.361729,0.560990,1.267447,1.224504,0.957613,0.862082,0.000000,1.374709,0.827092,0.851734,1.244872,0.967077,1.136515,0.885133,1.342151,0.822108,0.136825,0.113563,0.589214,0.557441,0.453943,0.443157,0.232189,0.499119,0.075637,0.108853,0.432552,0.620929,0.337174,0.581516,-0.317644,-0.195551,0.171044,0.222884,0.342706,0.230272,0.168693,0.169460,-0.044452,-0.025190,0.768462,0.431630,0.506740,0.651762,0.526951,0.587149,0.424741,0.476289,0.673257,0.803221
0.220427,0.225918,0.182957,-0.053503,0.219325,0.304321,0.239069,0.175623,0.310080,0.390935,0.291701,0.314594,0.464232,0.253147,0.621698,0.540031,0.268595,0.305174,0.124145,0.219772,0.242830,-0.083725,0.037340,0.011039,0.083582,-0.012556,0.369597,0.152492,0.328726,0.303423,-0.216495,-0.367227,0.100054,0.039639,0.035682,0.019849,0.481941,0.481228,0.430465,0.320292,0.264840,0.479255,1.110490,0.974424,0.726565,0.705981,1.374709,0.000000,0.715361,0.660782,1.010658,0.832042,0.898479,0.772061,1.132275,0.810516,0.087564,0.072958,0.526427,0.502716,0.503789,0.368394,0.178828,0.458009,0.177398,0.120580,0.393562,0.518175,0.279031,0.532305,-0.343822,-0.264918,0.133356,0.140234,0.333286,0.183022,0.195504,0.282262,-0.016069,-0.137239,0.574675,0.282071,0.393699,0.422688,0.479920,0.539061,0.312597,0.300464,0.619658,0.729325
