0.000000,1.642755,-0.156649,-0.073149,0.156124,-0.001720,-0.061426,-0.062344,-0.021630,-0.189031,0.490190,0.554123,0.457995,0.538377,0.470394,0.276411,0.732178,0.746900,0.717640,0.824530,-0.068370,-0.082433,-0.238725,-0.236377,-0.238186,-0.068322,-0.040799,0.053834,0.646943,0.584558,0.041675,0.010042,0.498868,0.560657,-0.119243,-0.159952,0.425119,0.243317,0.267356,0.317221,0.225002,0.083350,0.699152,0.719590,0.603308,0.612192,0.687015,0.773461,0.682533,0.666977,0.594974,0.452724,0.616847,0.694210,0.733100,0.708922,1.338905,1.301307,0.465536,0.577015,0.295416,0.156603,0.451097,0.421194,-0.252614,-0.215667,0.236108,0.259119,1.176493,1.031177,-0.143983,-0.120385,0.191215,0.227265,0.202123,0.232013,0.004901,0.046502,0.420247,0.603906,0.848607,0.646434,0.264793,0.258061,0.538720,0.384639,0.070308,-0.011881,0.450663,0.509870
1.642755,0.000000,-0.185594,-0.054331,0.210078,0.027350,-0.075586,-0.048819,0.029500,-0.143833,0.462203,0.535481,0.463881,0.501829,0.468968,0.323735,0.685282,0.703207,0.699150,0.890585,-0.135010,-0.097527,-0.271095,-0.232415,-0.289676,-0.125375,-0.062172,-0.005372,0.595270,0.520993,-0.019796,-0.057911,0.423961,0.487923,-0.159984,-0.204047,0.303416,0.225906,0.191852,0.230171,0.152195,0.128031,0.651567,0.724910,0.565004,0.599155,0.685346,0.779478,0.664838,0.627858,0.507842,0.416590,0.608050,0.670760,0.709613,0.680286,1.469097,1.439771,0.408846,0.579901,0.290299,0.180324,0.437890,0.352141,-0.251036,-0.203129,0.196546,0.258872,1.120140,0.985220,-0.268526,-0.172693,0.149532,0.208719,0.218295,0.252872,-0.026909,0.018540,0.426355,0.597208,0.825517,0.633994,0.196597,0.152131,0.521169,0.415653,0.077341,-0.031597,0.452098,0.512267
-0.156649,-0.185594,0.000000,0.802417,0.550276,0.405827,0.964027,0.621281,0.422698,0.223377,-0.001041,-0.184392,0.172460,-0.084527,0.352481,0.325527,-0.304322,-0.292107,0.280049,0.185899,0.012149,0.074955,1.205243,0.507414,0.458069,0.606036,0.243104,0.235588,-0.146449,-0.169099,0.615171,0.755895,0.548966,0.313035,0.790767,0.474975,0.237531,0.095457,0.357021,0.174569,-0.042635,-0.168770,0.184973,0.018815,0.178570,0.156836,0.088361,0.076197,-0.060168,-0.010037,0.267552,0.061305,0.096618,0.053583,0.213139,0.144419,-0.149982,-0.204678,0.235348,-0.052912,0.320122,0.152541,0.005461,-0.230860,1.018603,0.511810,0.759832,0.548668,-0.096555,0.044321,0.266459,0.134580,-0.068815,-0.074817,0.283180,0.034958,0.271443,0.222263,-0.064272,-0.177585,-0.265551,-0.228764,-0.050522,-0.104360,0.467155,0.300033,0.067235,0.080758,0.427260,0.139889
-0.073149,-0.054331,0.802417,0.000000,0.477762,0.596394,0.541362,1.013975,0.520777,0.492546,0.053931,0.120254,0.224806,0.131864,0.335044,0.535172,-0.253001,-0.266542,0.000162,0.297398,-0.012010,0.105161,0.793696,1.113587,0.436275,0.501087,0.257620,0.283630,-0.203224,-0.189524,0.297808,0.659032,0.354634,0.280255,0.560010,0.564151,0.031569,0.056060,0.268867,0.195273,-0.041096,-0.025003,0.042312,-0.067708,-0.046524,0.081734,0.140686,0.074032,-0.079225,0.156812,0.302028,0.344174,0.193461,0.281148,0.322055,0.248366,-0.060287,-0.105980,0.173034,0.141210,0.324752,0.409668,-0.061903,-0.079941,0.711454,0.961396,0.482575,0.626578,-0.018270,0.155499,0.220667,0.144822,0.015225,0.078732,0.353724,0.084283,0.152518,0.222230,-0.214589,-0.253930,-0.216243,-0.211859,-0.044674,-0.138363,0.383076,0.722336,0.103762,0.087480,0.476047,0.372559
0.156124,0.210078,0.550276,0.477762,0.000000,0.706230,0.670221,0.607769,0.409809,0.057217,0.338103,0.235699,0.556609,0.286970,0.580889,0.537691,0.095555,0.072761,0.341441,0.431244,0.023366,0.177925,0.472751,0.254048,0.117215,0.403602,0.093474,0.201267,0.249774,0.143455,0.291612,0.289484,0.568504,0.501572,0.333045,0.337548,0.075087,0.215636,0.294543,0.259445,-0.063651,0.266525,0.441573,0.228475,0.353489,0.412679,0.507464,0.392451,0.260185,0.366044,0.287155,0.317471,0.384612,0.205524,0.593228,0.425731,0.208696,0.158076,0.509560,0.467373,0.577566,0.561892,0.392621,0.162935,0.468919,0.272432,0.602651,0.662844,0.215688,0.407276,0.203075,0.216907,0.244295,0.341042,0.579361,0.428189,0.317835,0.358030,0.062354,-0.128351,0.152250,-0.059195,-0.017429,-0.211510,0.357594,0.329816,-0.075743,-0.042407,0.508503,0.433743
-0.001720,0.027350,0.405827,0.596394,0.706230,0.000000,0.508541,0.696385,0.721177,0.661569,0.134712,0.199227,0.282460,0.238127,0.367714,0.487470,0.002804,0.010731,0.088620,0.253630,0.232290,0.332145,0.317292,0.370725,0.330512,0.570386,0.341603,0.423240,0.117775,0.103323,0.317930,0.330400,0.352644,0.371090,0.235199,0.466906,0.050361,0.110800,0.223441,0.192537,-0.148877,0.165985,0.221237,0.016402,0.088986,0.246230,0.344567,0.228957,0.111069,0.326545,0.346420,0.455935,0.346309,0.323313,0.445472,0.292929,0.096485,0.060026,0.358429,0.415689,0.398762,0.483052,0.178929,0.183974,0.282099,0.345697,0.439343,0.582347,0.178463,0.274940,0.099271,0.097108,0.112362,0.171338,0.341221,0.168539,0.154600,0.271579,0.047609,-0.149890,0.070334,-0.026191,-0.073136,-0.186986,0.151295,0.292259,-0.093179,-0.033201,0.343997,0.484795
-0.061426,-0.075586,0.964027,0.541362,0.670221,0.508541,0.000000,0.982930,0.642497,0.242250,0.228488,0.057225,0.435563,0.148623,0.461439,0.255943,-0.127455,-0.152403,0.297764,0.204992,0.085787,0.094006,0.636670,0.245879,0.188106,0.450177,0.072786,0.200451,0.106656,0.035683,0.499066,0.411319,0.480926,0.380033,0.485612,0.454863,0.205173,0.097427,0.347282,0.207749,-0.139533,0.016126,0.280659,0.107690,0.231618,0.223397,0.202002,0.145177,0.111351,0.178951,0.274365,0.111059,0.172689,0.018518,0.331876,0.238388,-0.029687,-0.067995,0.576718,0.277741,0.819611,0.557277,0.157332,0.001291,0.643539,0.381672,0.719051,0.592114,0.010946,0.204139,0.294281,0.240773,0.225606,0.240433,0.524928,0.323767,0.405266,0.376237,0.003737,-0.156163,-0.079883,-0.178937,-0.026303,-0.152654,0.204435,0.116514,-0.118668,-0.056396,0.621357,0.322591
-0.062344,-0.048819,0.621281,1.013975,0.607769,0.696385,0.982930,0.000000,0.608062,0.394229,0.185196,0.244871,0.410236,0.277044,0.394494,0.444968,-0.163973,-0.192833,0.094843,0.306979,0.090061,0.124481,0.517739,0.618675,0.301245,0.478921,0.073346,0.215977,0.016096,-0.017801,0.339912,0.460271,0.386660,0.419776,0.417444,0.641248,0.057499,0.078147,0.276791,0.173683,-0.218326,0.089216,0.207533,0.044061,0.099131,0.196256,0.222356,0.150355,0.077719,0.292708,0.248845,0.302660,0.193629,0.126836,0.364626,0.301004,-0.034912,-0.077786,0.457134,0.401942,0.657314,0.758555,0.081046,0.072866,0.499956,0.708051,0.569475,0.713671,0.009112,0.215454,0.291431,0.247988,0.272196,0.329875,0.610723,0.335656,0.362258,0.459746,-0.140505,-0.256894,-0.089599,-0.232585,-0.039789,-0.184289,0.151742,0.364913,-0.029481,-0.023733,0.646836,0.466906
-0.021630,0.029500,0.422698,0.520777,0.409809,0.721177,0.642497,0.608062,0.000000,0.917981,0.063708,0.102456,0.291609,0.165732,0.348255,0.252217,-0.180934,-0.144696,0.015946,0.113064,0.130081,0.182516,0.344733,0.369401,0.228985,0.305247,0.271911,0.314380,-0.134883,-0.115089,0.142145,0.192867,0.098292,0.049166,0.230748,0.292265,0.001007,-0.013080,0.191336,0.117700,-0.081529,0.030590,0.085134,-0.013157,-0.037953,0.077482,0.208539,0.133708,0.136998,0.299770,0.320525,0.307872,0.290617,0.240568,0.316060,0.230316,0.096534,0.032064,0.307910,0.250340,0.459359,0.426757,-0.112722,-0.079933,0.338010,0.419427,0.278872,0.366176,0.103700,0.156802,0.022641,0.085166,0.052748,0.109484,0.236664,0.148961,0.063809,0.136040,-0.127410,-0.189304,-0.151365,-0.133196,-0.111637,-0.266227,-0.001697,0.218417,-0.091473,-0.065497,0.411463,0.563453
-0.189031,-0.143833,0.223377,0.492546,0.057217,0.661569,0.242250,0.394229,0.917981,0.000000,-0.097079,0.063878,0.039310,0.086991,0.068097,0.180532,-0.274270,-0.190953,-0.232819,-0.068903,0.102561,0.096439,0.152780,0.408676,0.257712,0.134405,0.207710,0.232776,-0.200331,-0.129904,-0.027434,0.125422,-0.105444,-0.053161,0.049578,0.172821,-0.150744,-0.167984,0.007506,0.025536,-0.100554,-0.034767,-0.103819,-0.194213,-0.167551,-0.041353,0.067198,-0.039089,0.031866,0.150214,0.156452,0.236626,0.202324,0.185539,0.118041,0.045095,-0.138261,-0.158369,0.081042,0.154339,0.120124,0.201797,-0.122289,-0.016147,0.144205,0.327306,0.034690,0.168477,-0.118228,-0.027161,-0.015992,-0.023288,-0.057558,0.012370,0.015221,-0.031080,-0.066695,0.038279,-0.183236,-0.248260,-0.198912,-0.154576,-0.096536,-0.140808,-0.061574,0.144526,0.005014,-0.012832,0.098149,0.291790
0.490190,0.462203,-0.001041,0.053931,0.338103,0.134712,0.228488,0.185196,0.063708,-0.097079,0.000000,1.059008,1.021853,0.947713,0.703579,0.499408,0.545362,0.283211,0.410829,0.477045,-0.168537,-0.114425,-0.057702,-0.088359,-0.182646,-0.040001,-0.209833,-0.172165,0.645950,0.517415,0.162102,-0.012884,0.267729,0.260437,-0.133533,-0.035539,-0.060513,-0.099033,-0.009471,0.058666,0.010389,-0.005852,0.198156,0.116212,0.163735,0.192367,0.234906,0.102981,0.152065,0.245716,0.052843,0.043806,0.277380,0.215255,0.277831,0.117337,0.392569,0.372521,0.509927,0.436344,0.557800,0.469154,0.503825,0.450487,-0.074505,-0.019641,0.110929,0.110506,0.364286,0.393056,0.015024,0.032730,0.276862,0.323550,0.356048,0.268984,-0.052763,-0.005426,0.366814,0.209759,0.425069,0.068747,0.076179,-0.139614,0.366519,0.190566,-0.459105,-0.503839,0.390280,0.418784
0.554123,0.535481,-0.184392,0.120254,0.235699,0.199227,0.057225,0.244871,0.102456,0.063878,1.059008,0.000000,0.901553,1.129080,0.558597,0.570203,0.423475,0.357785,0.286367,0.518160,-0.130860,-0.072477,-0.191968,0.000339,-0.215580,-0.160035,-0.233024,-0.142211,0.519036,0.513398,-0.064732,-0.102190,0.154138,0.289677,-0.266815,-0.078655,-0.140947,-0.003619,-0.013441,0.077725,0.160385,0.191947,0.157461,0.115430,0.123746,0.231736,0.295856,0.198828,0.246345,0.438901,0.090232,0.264224,0.367013,0.323152,0.375424,0.268662,0.414119,0.395410,0.492036,0.666510,0.489450,0.568910,0.483730,0.590971,-0.207996,0.030093,-0.024033,0.108485,0.383331,0.422607,0.007599,0.057453,0.369602,0.485248,0.370688,0.320223,-0.059448,0.052803,0.222497,0.164299,0.421830,0.165537,0.196759,-0.010189,0.275057,0.333991,-0.188185,-0.298765,0.429670,0.560702
0.457995,0.463881,0.172460,0.224806,0.556609,0.282460,0.435563,0.410236,0.291609,0.039310,1.021853,0.901553,0.000000,1.349537,0.954373,0.733781,0.327175,0.265989,0.525783,0.592219,-0.176983,-0.076931,0.161726,0.125227,-0.128680,-0.007327,-0.133712,-0.131671,0.466308,0.359005,0.063024,0.027329,0.413471,0.377217,-0.057002,0.064945,0.018066,0.091544,0.096645,0.098348,0.130535,0.181385,0.283610,0.183767,0.252236,0.341643,0.388839,0.285295,0.339109,0.523139,0.169840,0.242911,0.482718,0.366494,0.526282,0.340835,0.365503,0.328957,0.735157,0.698684,0.934061,0.637497,0.552520,0.430545,0.089678,0.116312,0.178751,0.205720,0.326286,0.485230,0.116062,0.116129,0.330726,0.427797,0.488384,0.398650,0.191060,0.233423,0.217477,0.059260,0.329396,0.091189,0.039962,-0.090914,0.431004,0.383077,-0.162713,-0.146615,0.666833,0.779705
0.538377,0.501829,-0.084527,0.131864,0.286970,0.238127,0.148623,0.277044,0.165732,0.086991,0.947713,1.129080,1.349537,0.000000,0.717909,0.637073,0.353452,0.265112,0.422411,0.586808,-0.113688,-0.072928,-0.048513,0.102246,-0.119738,-0.104191,-0.180705,-0.102978,0.493366,0.411197,-0.065854,-0.044723,0.257258,0.318708,-0.165263,0.010771,0.037300,-0.047199,0.078324,0.103020,0.124110,0.139292,0.206086,0.106666,0.138274,0.236073,0.343508,0.223661,0.272893,0.511112,0.119589,0.277509,0.420585,0.380762,0.418535,0.313570,0.376475,0.369099,0.686031,0.754672,0.660429,0.490168,0.485404,0.518096,-0.118771,0.081990,0.074687,0.135061,0.344934,0.479721,0.100173,0.093645,0.340293,0.451231,0.449217,0.370032,0.085669,0.177238,0.180493,0.077227,0.360653,0.095097,0.055596,-0.076861,0.337104,0.350192,-0.189967,-0.241453,0.490529,0.728687
0.470394,0.468968,0.352481,0.335044,0.580889,0.367714,0.461439,0.394494,0.348255,0.068097,0.703579,0.558597,0.954373,0.717909,0.000000,0.896559,0.365439,0.338878,0.617989,0.654692,0.073417,0.175896,0.369991,0.211386,-0.066945,0.195772,0.074514,0.162183,0.573942,0.500368,0.400564,0.378340,0.618059,0.558987,0.165518,0.176801,0.232454,0.256663,0.276419,0.220583,0.117995,0.204920,0.478379,0.308053,0.327158,0.437211,0.598688,0.410145,0.291456,0.400650,0.343712,0.320781,0.507066,0.363298,0.658639,0.436545,0.427699,0.404919,0.561907,0.509536,0.719669,0.513072,0.504097,0.385908,0.305914,0.186809,0.401995,0.398571,0.414803,0.520573,0.190305,0.194289,0.343117,0.373592,0.574038,0.418657,0.358047,0.399954,0.324180,0.226518,0.429377,0.205282,0.237589,0.078063,0.622750,0.525083,-0.115627,-0.105703,0.670789,0.598692
0.276411,0.323735,0.325527,0.535172,0.537691,0.487470,0.255943,0.444968,0.252217,0.180532,0.499408,0.570203,0.733781,0.637073,0.896559,0.000000,0.156283,0.168689,0.387767,0.668405,-0.084604,0.138676,0.337611,0.444766,0.131947,0.186357,0.178745,0.107574,0.229297,0.251230,0.176538,0.266623,0.359160,0.332444,0.087827,0.145273,-0.006767,0.164330,0.007088,-0.060875,0.014768,0.212868,0.247856,0.145935,0.135599,0.235680,0.414769,0.239271,0.157233,0.302446,0.262074,0.351174,0.449568,0.424118,0.468554,0.232487,0.253039,0.199158,0.340907,0.391891,0.427359,0.375933,0.368820,0.240729,0.255674,0.335939,0.262713,0.331918,0.243991,0.371433,0.148415,0.149992,0.155335,0.178121,0.386558,0.203397,0.164042,0.280258,0.257016,0.079711,0.260120,0.159840,0.095794,0.031563,0.697432,0.751908,-0.087394,-0.045432,0.385421,0.473060
0.732178,0.685282,-0.304322,-0.253001,0.095555,0.002804,-0.127455,-0.163973,-0.180934,-0.274270,0.545362,0.423475,0.327175,0.353452,0.365439,0.156283,0.000000,1.019785,0.386929,0.378659,-0.084414,-0.025423,-0.402129,-0.426632,-0.388089,-0.155987,-0.059929,-0.108681,1.122401,0.893666,0.194857,-0.035729,0.410889,0.544192,-0.266531,-0.222819,0.101600,0.181048,-0.044525,0.156944,0.098006,0.184796,0.437311,0.499350,0.472281,0.515628,0.539719,0.470425,0.456746,0.375450,0.328445,0.354457,0.470932,0.473241,0.468767,0.360423,0.782145,0.898993,0.222042,0.513739,0.200803,0.255754,0.730098,0.913348,-0.289979,-0.327148,-0.034805,0.028470,0.820712,0.678812,-0.289706,-0.242445,0.220527,0.230845,0.100542,0.053568,-0.116928,-0.099058,0.694061,0.744406,1.197522,0.674067,0.229676,0.204774,0.359867,0.213552,-0.222933,-0.223098,0.139769,0.294624
0.746900,0.703207,-0.292107,-0.266542,0.072761,0.010731,-0.152403,-0.192833,-0.144696,-0.190953,0.283211,0.357785,0.265989,0.265112,0.338878,0.168689,1.019785,0.000000,0.470566,0.426037,0.074525,0.054295,-0.378474,-0.428401,-0.413514,-0.157261,0.011125,0.033135,0.919948,1.050891,0.193388,0.001532,0.425367,0.618498,-0.335632,-0.231592,0.211666,0.566233,0.016235,0.168849,0.188852,0.342114,0.514950,0.658887,0.581972,0.689249,0.642354,0.673077,0.625090,0.415783,0.457807,0.456697,0.511957,0.481658,0.589240,0.498876,0.725302,0.837215,0.155173,0.507897,0.073974,0.161397,0.741995,0.800707,-0.374164,-0.463038,-0.006530,0.097796,0.717559,0.615160,-0.164164,-0.086452,0.286298,0.264002,0.093367,0.161284,0.084217,0.077685,0.779397,0.906679,1.368793,1.199590,0.388829,0.488064,0.339575,0.227469,-0.011281,0.096582,0.211754,0.256222
0.717640,0.699150,0.280049,0.000162,0.341441,0.088620,0.297764,0.094843,0.015946,-0.232819,0.410829,0.286367,0.525783,0.422411,0.617989,0.387767,0.386929,0.470566,0.000000,1.177687,0.049420,0.064367,0.102440,-0.197686,-0.154775,-0.021091,0.006129,0.059600,0.527246,0.518732,0.254545,0.138125,0.730558,0.655835,0.098163,0.017000,0.460280,0.286988,0.327843,0.271647,0.052457,0.105419,0.780652,0.667832,0.690970,0.607534,0.620319,0.679807,0.521357,0.403981,0.391539,0.211682,0.406075,0.318418,0.533454,0.522967,0.507085,0.492199,0.582901,0.426402,0.397579,0.041105,0.504381,0.212307,0.022110,-0.192621,0.533258,0.419787,0.517543,0.592368,0.204258,0.190881,0.270759,0.252423,0.445944,0.378795,0.374960,0.365377,0.326017,0.332891,0.476634,0.353053,0.170963,0.191265,0.567539,0.212184,-0.035117,-0.011388,0.440867,0.265598
0.824530,0.890585,0.185899,0.297398,0.431244,0.253630,0.204992,0.306979,0.113064,-0.068903,0.477045,0.518160,0.592219,0.586808,0.654692,0.668405,0.378659,0.426037,1.177687,0.000000,-0.017496,0.080373,0.105008,0.096556,-0.068457,0.027312,0.112605,0.118839,0.449737,0.432187,0.144401,0.172491,0.634923,0.643676,0.102223,0.111785,0.309857,0.264451,0.277810,0.238898,0.012841,0.196801,0.676974,0.577400,0.497467,0.527581,0.715057,0.679147,0.483164,0.558646,0.435441,0.387463,0.535932,0.519445,0.666458,0.597201,0.627085,0.586677,0.601175,0.594320,0.452877,0.222462,0.419898,0.247147,0.036587,0.086007,0.500634,0.555323,0.648395,0.803605,0.183422,0.203410,0.302115,0.328683,0.565728,0.438023,0.299821,0.391816,0.257315,0.263094,0.480920,0.341528,0.125178,0.105209,0.609903,0.535507,0.013714,-0.006577,0.547897,0.473244
-0.068370,-0.135010,0.012149,-0.012010,0.023366,0.232290,0.085787,0.090061,0.130081,0.102561,-0.168537,-0.130860,-0.176983,-0.113688,0.073417,-0.084604,-0.084414,0.074525,0.049420,-0.017496,0.000000,0.954080,0.134156,0.033154,0.115812,0.270744,0.219157,0.613852,0.090585,0.146987,0.306748,0.273017,0.161908,0.193508,0.264304,0.361547,0.349791,0.274688,0.329819,0.280197,0.124901,0.215582,0.074089,-0.033059,-0.046417,-0.001684,0.057236,0.017430,-0.085484,-0.021102,0.051458,0.058703,-0.117770,-0.128647,0.012048,0.065197,-0.094712,-0.078333,-0.012777,-0.028835,-0.044414,0.027657,-0.074234,0.007355,0.015446,0.045700,0.232973,0.255574,-0.033122,-0.031400,0.661192,0.609077,0.401325,0.257540,0.238257,0.226472,0.479541,0.500758,0.001649,-0.090179,0.011206,0.042898,0.101043,0.104046,-0.158038,-0.125297,-0.001681,0.115831,-0.023104,-0.014707
-0.082433,-0.097527,0.074955,0.105161,0.177925,0.332145,0.094006,0.124481,0.182516,0.096439,-0.114425,-0.072477,-0.076931,-0.072928,0.175896,0.138676,-0.025423,0.054295,0.064367,0.080373,0.954080,0.000000,0.271816,0.230464,0.119024,0.256179,0.217451,0.402847,0.091650,0.152683,0.327056,0.368768,0.231784,0.197894,0.340935,0.424957,0.196243,0.337961,0.383844,0.377961,0.188508,0.452918,0.035157,-0.068839,-0.104895,-0.042678,0.078979,0.016543,-0.172673,-0.043969,0.059768,0.127639,-0.080912,-0.073120,0.118107,0.073484,-0.061517,-0.052503,0.030644,-0.011545,-0.025745,0.015034,-0.073733,-0.026435,0.127653,0.175617,0.288776,0.326107,-0.023657,-0.021328,0.541815,0.668335,0.367183,0.282210,0.309030,0.231052,0.336147,0.408475,0.023251,-0.080718,-0.022560,0.014600,0.082432,-0.066859,-0.086068,0.085754,-0.077190,0.044304,0.038069,0.051355
-0.238725,-0.271095,1.205243,0.793696,0.472751,0.317292,0.636670,0.517739,0.344733,0.152780,-0.057702,-0.191968,0.161726,-0.048513,0.369991,0.337611,-0.402129,-0.378474,0.102440,0.105008,0.134156,0.271816,0.000000,0.916581,0.617277,0.703682,0.279687,0.335611,-0.244200,-0.265662,0.550018,0.959248,0.430469,0.163681,1.052897,0.675903,0.287716,0.164704,0.418537,0.254146,0.128095,-0.044979,0.014927,-0.149167,-0.062271,-0.028277,0.001531,-0.043863,-0.269716,-0.046482,0.133566,0.052920,-0.024932,0.014114,0.146498,0.082088,-0.249396,-0.278587,0.125042,-0.160057,0.264862,0.134757,-0.215216,-0.359288,1.254356,0.765071,0.577849,0.434171,-0.205826,-0.074395,0.418154,0.286833,-0.062946,-0.111961,0.267815,0.027935,0.354453,0.306441,-0.167017,-0.236891,-0.398884,-0.271361,-0.048279,-0.144184,0.335428,0.423598,0.073806,0.122306,0.364372,0.161268
-0.236377,-0.232415,0.507414,1.113587,0.254048,0.370725,0.245879,0.618675,0.369401,0.408676,-0.088359,0.000339,0.125227,0.102246,0.211386,0.444766,-0.426632,-0.428401,-0.197686,0.096556,0.033154,0.230464,0.916581,0.000000,0.622482,0.462978,0.306148,0.281040,-0.372469,-0.356634,0.151076,0.653214,0.102262,-0.020723,0.603024,0.647258,0.047796,0.061350,0.258655,0.198160,0.089593,0.087615,-0.217793,-0.332355,-0.372939,-0.214478,-0.048987,-0.169255,-0.343072,0.011858,0.044198,0.168658,0.008658,0.142833,0.113029,0.051727,-0.241268,-0.261400,0.019530,-0.075276,0.150234,0.189318,-0.400973,-0.289156,0.674545,1.178852,0.226230,0.304034,-0.215734,-0.084837,0.293714,0.246098,-0.065354,-0.067588,0.187799,-0.018921,0.131401,0.201081,-0.342113,-0.320900,-0.441823,-0.326357,-0.060341,-0.222404,0.144929,0.612860,0.087446,0.077482,0.275675,0.314208
-0.238186,-0.289676,0.458069,0.436275,0.117215,0.330512,0.188106,0.301245,0.228985,0.257712,-0.182646,-0.215580,-0.128680,-0.119738,-0.066945,0.131947,-0.388089,-0.413514,-0.154775,-0.068457,0.115812,0.119024,0.617277,0.622482,0.000000,0.929995,0.448581,0.359434,-0.330599,-0.312847,0.359802,0.557758,0.131974,-0.048541,0.761255,0.632682,0.238794,-0.068303,0.159623,0.043266,-0.163472,-0.225867,-0.035681,-0.172486,-0.183505,-0.157241,-0.112064,-0.130411,-0.266941,-0.089003,0.145208,0.045491,-0.057723,0.112893,-0.070289,-0.080243,-0.225272,-0.239416,0.037580,-0.202008,-0.038205,-0.125477,-0.449910,-0.370143,0.514796,0.549213,0.401669,0.279430,-0.157351,-0.109511,0.161846,0.026089,-0.246464,-0.358834,-0.040347,-0.230192,0.080789,0.115607,-0.091900,-0.053120,-0.331263,-0.148797,-0.128084,-0.110515,0.140071,0.197881,-0.032705,-0.017798,0.000676,0.143645
-0.068322,-0.125375,0.606036,0.501087,0.403602,0.570386,0.450177,0.478921,0.305247,0.134405,-0.040001,-0.160035,-0.007327,-0.104191,0.195772,0.186357,-0.155987,-0.157261,-0.021091,0.027312,0.270744,0.256179,0.703682,0.462978,0.929995,0.000000,0.386408,0.567503,-0.061368,-0.040615,0.785701,0.887635,0.451973,0.292955,0.839585,0.808493,0.449026,0.179531,0.420737,0.239577,-0.106022,-0.184623,0.231927,0.046380,0.043871,0.134681,0.149596,0.136981,-0.094015,0.091971,0.420673,0.264445,0.063083,0.193114,0.251464,0.186022,0.012479,-0.003034,0.154395,-0.038866,0.175715,0.150504,-0.187952,-0.159801,0.562169,0.459558,0.679954,0.558571,0.069804,0.097072,0.163209,0.059109,-0.082141,-0.131148,0.198832,-0.021043,0.258453,0.239158,0.070180,0.082142,-0.086204,0.032187,-0.050406,-0.043979,0.223756,0.267592,-0.039922,0.077098,0.281254,0.255507
-0.040799,-0.062172,0.243104,0.257620,0.093474,0.341603,0.072786,0.073346,0.271911,0.207710,-0.209833,-0.233024,-0.133712,-0.180705,0.074514,0.178745,-0.059929,0.011125,0.006129,0.112605,0.219157,0.217451,0.279687,0.306148,0.448581,0.386408,0.000000,0.518473,-0.155402,-0.128095,0.217371,0.271915,0.116196,0.033794,0.265696,0.247548,0.191772,0.392257,0.019493,0.016147,0.055821,0.046767,0.117854,0.083056,-0.030885,0.041944,0.137512,0.125235,0.025794,0.096354,0.238083,0.182055,0.114314,0.248232,0.112889,0.003627,-0.003840,-0.024752,-0.009705,-0.073510,0.027160,-0.087093,-0.225028,-0.109576,0.254617,0.259224,0.222145,0.207731,0.081232,0.108290,0.091791,0.056930,-0.155233,-0.238391,-0.096430,-0.178837,0.087619,0.134339,0.227579,0.119837,-0.000796,0.249114,0.091837,0.217251,0.195876,0.257689,0.155267,0.323869,0.041460,0.141293
0.053834,-0.005372,0.235588,0.283630,0.201267,0.423240,0.200451,0.215977,0.314380,0.232776,-0.172165,-0.142211,-0.131671,-0.102978,0.162183,0.107574,-0.108681,0.033135,0.059600,0.118839,0.613852,0.402847,0.335611,0.281040,0.359434,0.567503,0.518473,0.000000,-0.023630,0.109878,0.353694,0.399286,0.143911,0.161245,0.364213,0.433731,0.453275,0.306376,0.335813,0.296300,0.016587,0.033179,0.168533,0.094088,-0.028325,0.090095,0.303621,0.222383,-0.024973,0.107227,0.361494,0.334358,0.203606,0.237779,0.293400,0.312154,0.063370,0.059550,0.068076,0.071382,0.039692,0.024852,-0.133119,-0.088446,0.184835,0.225501,0.410522,0.445762,0.105316,0.127039,0.289199,0.221243,0.094110,-0.006489,0.192204,0.133063,0.318189,0.280958,0.038132,0.036791,0.054310,0.145262,0.285854,0.213341,0.148047,0.266296,0.046004,0.079132,0.227726,0.216119
0.646943,0.595270,-0.146449,-0.203224,0.249774,0.117775,0.106656,0.016096,-0.134883,-0.200331,0.645950,0.519036,0.466308,0.493366,0.573942,0.229297,1.122401,0.919948,0.527246,0.449737,0.090585,0.091650,-0.244200,-0.372469,-0.330599,-0.061368,-0.155402,-0.023630,0.000000,1.416820,0.360770,0.114748,0.555446,0.774353,-0.176512,-0.111037,0.214421,0.214559,0.158202,0.296598,0.026547,0.262114,0.581450,0.518917,0.566181,0.588365,0.588076,0.486772,0.446687,0.365434,0.297798,0.289141,0.457300,0.300274,0.571522,0.467791,0.636325,0.733152,0.447378,0.657217,0.330087,0.295601,0.932024,0.851450,-0.214891,-0.337395,0.199932,0.233750,0.656760,0.656192,-0.017819,0.018613,0.499603,0.483434,0.399160,0.348952,0.164506,0.186081,0.790858,0.707964,1.232282,0.571645,0.310148,0.188399,0.384003,0.102006,-0.233672,-0.271559,0.304884,0.310983
0.584558,0.520993,-0.169099,-0.189524,0.143455,0.103323,0.035683,-0.017801,-0.115089,-0.129904,0.517415,0.513398,0.359005,0.411197,0.500368,0.251230,0.893666,1.050891,0.518732,0.432187,0.146987,0.152683,-0.265662,-0.356634,-0.312847,-0.040615,-0.128095,0.109878,1.416820,0.000000,0.361215,0.134965,0.477035,0.731519,-0.214138,-0.116483,0.214532,0.310711,0.152770,0.299318,0.040496,0.280428,0.535703,0.547069,0.494330,0.611138,0.646246,0.533993,0.439696,0.328104,0.406503,0.403210,0.494718,0.370304,0.593636,0.509255,0.530624,0.615961,0.323075,0.583810,0.163465,0.222347,0.855649,0.841991,-0.285958,-0.398005,0.173297,0.249355,0.544491,0.530351,-0.025058,0.040728,0.489635,0.475415,0.376004,0.346088,0.174374,0.181629,0.716317,0.810081,1.160151,0.726747,0.514087,0.359364,0.381696,0.159663,-0.240704,-0.239739,0.268622,0.260809
0.041675,-0.019796,0.615171,0.297808,0.291612,0.317930,0.499066,0.339912,0.142145,-0.027434,0.162102,-0.064732,0.063024,-0.065854,0.400564,0.176538,0.194857,0.193388,0.254545,0.144401,0.306748,0.327056,0.550018,0.151076,0.359802,0.785701,0.217371,0.353694,0.360770,0.361215,0.000000,1.101826,0.733913,0.563190,0.609869,0.576033,0.424765,0.345096,0.351290,0.288206,-0.081858,-0.095896,0.344136,0.214127,0.288289,0.333707,0.221219,0.191946,-0.022563,0.000246,0.370672,0.143244,0.090393,0.107266,0.275877,0.203056,0.111970,0.141010,0.105859,-0.003158,0.172675,0.166277,0.148627,0.137269,0.506018,0.217090,0.620871,0.485092,0.200781,0.176583,0.168446,0.122360,0.126413,0.015965,0.290425,0.011752,0.275375,0.235383,0.405032,0.360602,0.221726,0.223870,0.120629,0.083431,0.402926,0.224574,-0.178667,-0.053026,0.339038,0.140709
0.010042,-0.057911,0.755895,0.659032,0.289484,0.330400,0.411319,0.460271,0.192867,0.125422,-0.012884,-0.102190,0.027329,-0.044723,0.378340,0.266623,-0.035729,0.001532,0.138125,0.172491,0.273017,0.368768,0.959248,0.653214,0.557758,0.887635,0.271915,0.399286,0.114748,0.134965,1.101826,0.000000,0.683350,0.493717,0.877983,0.729180,0.483307,0.313585,0.580798,0.480658,0.070912,-0.087290,0.225283,0.062911,0.091476,0.180718,0.182283,0.150892,-0.158452,0.055043,0.357193,0.225216,0.037322,0.149019,0.291950,0.237114,0.017751,0.055152,0.025207,-0.084496,0.091343,0.125677,-0.096200,-0.069681,0.779243,0.604188,0.595281,0.521224,0.097020,0.122826,0.302917,0.220563,0.039404,-0.031796,0.314675,-0.039650,0.293375,0.281654,0.140718,0.194524,-0.009612,0.070455,0.111276,-0.011379,0.377901,0.466377,-0.031641,0.028362,0.343303,0.178297
0.498868,0.423961,0.548966,0.354634,0.568504,0.352644,0.480926,0.386660,0.098292,-0.105444,0.267729,0.154138,0.413471,0.257258,0.618059,0.359160,0.410889,0.425367,0.730558,0.634923,0.161908,0.231784,0.430469,0.102262,0.131974,0.451973,0.116196,0.143911,0.555446,0.477035,0.733913,0.683350,0.000000,1.382354,0.534668,0.457035,0.530688,0.407353,0.605055,0.531019,0.131026,0.080204,0.724636,0.517918,0.665130,0.744793,0.568122,0.626597,0.339516,0.386639,0.587877,0.390340,0.347493,0.378343,0.688183,0.643415,0.466605,0.475698,0.499792,0.461245,0.461112,0.345039,0.522227,0.351546,0.441004,0.151877,0.871824,0.813230,0.576776,0.695863,0.188510,0.102462,0.264584,0.263569,0.500845,0.240842,0.416550,0.407574,0.359170,0.315980,0.463165,0.349646,0.068630,0.111767,0.702617,0.459440,0.041299,0.126159,0.594682,0.394723
0.560657,0.487923,0.313035,0.280255,0.501572,0.371090,0.380033,0.419776,0.049166,-0.053161,0.260437,0.289677,0.377217,0.318708,0.558987,0.332444,0.544192,0.618498,0.655835,0.643676,0.193508,0.197894,0.163681,-0.020723,-0.048541,0.292955,0.033794,0.161245,0.774353,0.731519,0.563190,0.493717,1.382354,0.000000,0.257018,0.323161,0.415710,0.444686,0.474219,0.495410,0.100876,0.211730,0.855404,0.685341,0.796795,0.947451,0.759391,0.827174,0.540410,0.542230,0.599447,0.572061,0.434380,0.380548,0.798618,0.790226,0.492166,0.521175,0.538230,0.718161,0.455156,0.478238,0.786761,0.671331,0.178124,0.007580,0.693182,0.804952,0.586277,0.743428,0.138920,0.077696,0.434926,0.482130,0.571714,0.390803,0.471752,0.503146,0.411172,0.382363,0.695747,0.474770,0.212772,0.254497,0.578919,0.410638,0.087917,0.126371,0.608100,0.394770
-0.119243,-0.159984,0.790767,0.560010,0.333045,0.235199,0.485612,0.417444,0.230748,0.049578,-0.133533,-0.266815,-0.057002,-0.165263,0.165518,0.087827,-0.266531,-0.335632,0.098163,0.102223,0.264304,0.340935,1.052897,0.603024,0.761255,0.839585,0.265696,0.364213,-0.176512,-0.214138,0.609869,0.877983,0.534668,0.257018,0.000000,1.021479,0.498303,0.099220,0.518124,0.333827,0.088533,-0.133606,0.125489,-0.034414,0.011366,0.048320,0.045989,0.042401,-0.232581,-0.042944,0.246006,0.060319,-0.090659,0.048887,0.095647,0.138789,-0.103502,-0.113915,0.191631,-0.126464,0.186764,0.059882,-0.316143,-0.349316,1.085569,0.715739,0.826920,0.623649,-0.074021,0.035643,0.337145,0.217181,-0.097153,-0.129885,0.241918,0.007989,0.333058,0.286061,-0.121642,-0.128659,-0.312347,-0.197958,-0.141313,-0.170639,0.257083,0.335796,-0.016607,0.042868,0.236581,0.097317
-0.159952,-0.204047,0.474975,0.564151,0.337548,0.466906,0.454863,0.641248,0.292265,0.172821,-0.035539,-0.078655,0.064945,0.010771,0.176801,0.145273,-0.222819,-0.231592,0.017000,0.111785,0.361547,0.424957,0.675903,0.647258,0.632682,0.808493,0.247548,0.433731,-0.111037,-0.116483,0.576033,0.729180,0.457035,0.323161,1.021479,0.000000,0.377924,0.160015,0.450237,0.359723,0.005614,0.037390,0.082365,-0.085937,-0.092996,0.083789,0.112379,0.043018,-0.216845,0.068080,0.188265,0.168292,-0.093453,0.065122,0.143879,0.172720,-0.167025,-0.149547,0.209400,0.061075,0.282972,0.280302,-0.254433,-0.127754,0.665538,0.764856,0.616541,0.651364,-0.091715,0.019360,0.376969,0.286389,0.124376,0.079375,0.376811,0.130204,0.445636,0.454745,-0.192558,-0.216778,-0.247411,-0.212837,-0.129157,-0.195889,0.049105,0.343616,-0.098760,0.030798,0.301342,0.253342
0.425119,0.303416,0.237531,0.031569,0.075087,0.050361,0.205173,0.057499,0.001007,-0.150744,-0.060513,-0.140947,0.018066,0.037300,0.232454,-0.006767,0.101600,0.211666,0.460280,0.309857,0.349791,0.196243,0.287716,0.047796,0.238794,0.449026,0.191772,0.453275,0.214421,0.214532,0.424765,0.483307,0.530688,0.415710,0.498303,0.377924,0.000000,0.467428,0.790529,0.619690,0.319102,0.012270,0.486973,0.398610,0.314155,0.295965,0.327947,0.453328,0.150736,0.210396,0.462091,0.222545,0.047052,0.160592,0.380761,0.466844,0.346666,0.392853,0.268198,0.105782,0.140579,-0.101148,-0.010641,-0.067164,0.252980,0.086915,0.632744,0.473997,0.367683,0.363803,0.297996,0.179294,0.108784,0.027931,0.301739,0.154129,0.476733,0.381117,0.206250,0.337817,0.225942,0.332586,0.040790,0.140980,0.313688,0.178480,0.033084,0.108815,0.282528,0.130948
0.243317,0.225906,0.095457,0.056060,0.215636,0.110800,0.097427,0.078147,-0.013080,-0.167984,-0.099033,-0.003619,0.091544,-0.047199,0.256663,0.164330,0.181048,0.566233,0.286988,0.264451,0.274688,0.337961,0.164704,0.061350,-0.068303,0.179531,0.392257,0.306376,0.214559,0.310711,0.345096,0.313585,0.407353,0.444686,0.099220,0.160015,0.467428,0.000000,0.289566,0.360212,0.411938,0.487691,0.361024,0.440728,0.321556,0.407536,0.392926,0.518949,0.259346,0.227503,0.311949,0.312095,0.137136,0.168215,0.474194,0.391014,0.237591,0.264699,0.059708,0.142824,0.105334,0.131759,0.182778,0.183601,0.112719,0.009579,0.246235,0.298454,0.238450,0.221543,0.231454,0.289678,0.232938,0.159856,0.201356,0.199943,0.440907,0.407603,0.373009,0.369542,0.389677,0.634309,0.331809,0.444673,0.243042,0.296021,0.249252,0.495782,0.272513,0.103038
0.267356,0.191852,0.357021,0.268867,0.294543,0.223441,0.347282,0.276791,0.191336,0.007506,-0.009471,-0.013441,0.096645,0.078324,0.276419,0.007088,-0.044525,0.016235,0.327843,0.277810,0.329819,0.383844,0.418537,0.258655,0.159623,0.420737,0.019493,0.335813,0.158202,0.152770,0.351290,0.580798,0.605055,0.474219,0.518124,0.450237,0.790529,0.289566,0.000000,1.303455,0.316634,0.151537,0.339703,0.159677,0.154545,0.184960,0.239666,0.309252,-0.011514,0.173892,0.322724,0.215732,0.013062,0.073486,0.482909,0.572849,0.236214,0.262882,0.310035,0.196725,0.201950,0.073441,-0.021944,-0.115948,0.329409,0.230335,0.662383,0.634043,0.305877,0.363898,0.374175,0.354295,0.242837,0.248818,0.525100,0.272836,0.369822,0.341092,-0.073292,0.037789,0.020830,0.005095,0.077591,-0.140264,0.136746,0.178387,0.019223,-0.008916,0.475328,0.242971
0.317221,0.230171,0.174569,0.195273,0.259445,0.192537,0.207749,0.173683,0.117700,0.025536,0.058666,0.077725,0.098348,0.103020,0.220583,-0.060875,0.156944,0.168849,0.271647,0.238898,0.280197,0.377961,0.254146,0.198160,0.043266,0.239577,0.016147,0.296300,0.296598,0.299318,0.288206,0.480658,0.531019,0.495410,0.333827,0.359723,0.619690,0.360212,1.303455,0.000000,0.415446,0.311443,0.323194,0.219916,0.184733,0.270584,0.312664,0.349557,0.056672,0.249557,0.283595,0.293230,0.040945,0.102662,0.534844,0.597576,0.240719,0.300949,0.260230,0.257752,0.135736,0.106864,0.067839,0.067305,0.205956,0.174711,0.446674,0.524106,0.329751,0.366837,0.327304,0.322745,0.317959,0.312932,0.397892,0.225505,0.243253,0.218998,-0.012910,0.156127,0.151511,0.091841,0.253170,-0.077032,0.127559,0.229498,-0.039617,-0.091544,0.373092,0.228239
0.225002,0.152195,-0.042635,-0.041096,-0.063651,-0.148877,-0.139533,-0.218326,-0.081529,-0.100554,0.010389,0.160385,0.130535,0.124110,0.117995,0.014768,0.098006,0.188852,0.052457,0.012841,0.124901,0.188508,0.128095,0.089593,-0.163472,-0.106022,0.055821,0.016587,0.026547,0.040496,-0.081858,0.070912,0.131026,0.100876,0.088533,0.005614,0.319102,0.411938,0.316634,0.415446,0.000000,0.295349,-0.066294,-0.000915,-0.044313,0.010164,-0.011051,0.086033,-0.016044,0.098880,0.013124,0.112696,-0.102408,0.045162,0.116899,0.105295,0.157224,0.180808,0.035344,0.062556,0.049330,0.026324,0.063204,0.108904,0.089962,0.058340,-0.052371,-0.032323,0.099480,0.085754,0.126834,0.085430,0.045727,0.097500,-0.094012,-0.052720,0.051630,-0.009403,0.024730,0.067233,0.056156,0.212643,0.125143,0.122342,0.136571,0.209435,0.204235,0.210965,0.107358,0.092764
0.083350,0.128031,-0.168770,-0.025003,0.266525,0.165985,0.016126,0.089216,0.030590,-0.034767,-0.005852,0.191947,0.181385,0.139292,0.204920,0.212868,0.184796,0.342114,0.105419,0.196801,0.215582,0.452918,-0.044979,0.087615,-0.225867,-0.184623,0.046767,0.033179,0.262114,0.280428,-0.095896,-0.087290,0.080204,0.211730,-0.133606,0.037390,0.012270,0.487691,0.151537,0.311443,0.295349,0.000000,0.054293,0.076372,0.029067,0.140456,0.298609,0.178239,0.111917,0.180980,-0.026166,0.235614,0.141135,0.055431,0.343108,0.248829,0.095121,0.116404,0.222814,0.369300,0.145325,0.195807,0.281984,0.335532,-0.077461,-0.026761,0.005714,0.160817,0.056576,0.163422,0.236781,0.446231,0.587118,0.557746,0.319318,0.456977,0.260033,0.340841,0.029518,0.021472,0.267978,0.186238,0.367608,0.108517,-0.034100,0.153707,0.085800,0.081648,0.133832,0.176383
0.699152,0.651567,0.184973,0.042312,0.441573,0.221237,0.280659,0.207533,0.085134,-0.103819,0.198156,0.157461,0.283610,0.206086,0.478379,0.247856,0.437311,0.514950,0.780652,0.676974,0.074089,0.035157,0.014927,-0.217793,-0.035681,0.231927,0.117854,0.168533,0.581450,0.535703,0.344136,0.225283,0.724636,0.855404,0.125489,0.082365,0.486973,0.361024,0.339703,0.323194,-0.066294,0.054293,0.000000,1.390594,1.242328,1.087229,1.085575,1.387746,0.987027,0.712679,0.670536,0.486535,0.442244,0.335402,0.724617,0.696377,0.529262,0.547722,0.476167,0.502748,0.310427,0.140859,0.496093,0.306167,0.011405,-0.188391,0.642340,0.612165,0.591214,0.692802,0.071452,0.060983,0.309007,0.346399,0.393488,0.407895,0.428354,0.454544,0.412007,0.463178,0.644134,0.503923,0.170335,0.288610,0.545520,0.209617,0.045749,0.107502,0.382296,0.222507
0.719590,0.724910,0.018815,-0.067708,0.228475,0.016402,0.107690,0.044061,-0.013157,-0.194213,0.116212,0.115430,0.183767,0.106666,0.308053,0.145935,0.499350,0.658887,0.667832,0.577400,-0.033059,-0.068839,-0.149167,-0.332355,-0.172486,0.046380,0.083056,0.094088,0.518917,0.547069,0.214127,0.062911,0.517918,0.685341,-0.034414,-0.085937,0.398610,0.440728,0.159677,0.219916,-0.000915,0.076372,1.390594,0.000000,1.337196,1.155373,0.853195,1.496573,1.090297,0.631585,0.633379,0.509756,0.401254,0.357688,0.639106,0.743535,0.577863,0.587853,0.306620,0.423729,0.152045,0.045062,0.494315,0.316881,-0.133566,-0.289128,0.419774,0.448306,0.584126,0.568709,-0.110095,-0.078692,0.185382,0.235770,0.189850,0.293498,0.247390,0.236737,0.480156,0.609242,0.744922,0.737967,0.239978,0.425310,0.512660,0.254254,0.135849,0.190045,0.334228,0.167722
0.603308,0.565004,0.178570,-0.046524,0.353489,0.088986,0.231618,0.099131,-0.037953,-0.167551,0.163735,0.123746,0.252236,0.138274,0.327158,0.135599,0.472281,0.581972,0.690970,0.497467,-0.046417,-0.104895,-0.062271,-0.372939,-0.183505,0.043871,-0.030885,-0.028325,0.566181,0.494330,0.288289,0.091476,0.665130,0.796795,0.011366,-0.092996,0.314155,0.321556,0.154545,0.184733,-0.044313,0.029067,1.242328,1.337196,0.000000,1.432461,0.723564,1.105436,1.092310,0.587400,0.475508,0.370900,0.400777,0.281785,0.568716,0.659797,0.447449,0.459409,0.374689,0.472271,0.242715,0.119261,0.674617,0.391599,-0.009866,-0.312344,0.436372,0.426285,0.472524,0.551908,-0.085477,-0.093180,0.195948,0.234686,0.198006,0.244324,0.220007,0.219759,0.461017,0.444084,0.665858,0.532192,0.152992,0.337370,0.554761,0.170011,0.175056,0.207502,0.339159,0.152015
0.612192,0.599155,0.156836,0.081734,0.412679,0.246230,0.223397,0.196256,0.077482,-0.041353,0.192367,0.231736,0.341643,0.236073,0.437211,0.235680,0.515628,0.689249,0.607534,0.527581,-0.001684,-0.042678,-0.028277,-0.214478,-0.157241,0.134681,0.041944,0.090095,0.588365,0.611138,0.333707,0.180718,0.744793,0.947451,0.048320,0.083789,0.295965,0.407536,0.184960,0.270584,0.010164,0.140456,1.087229,1.155373,1.432461,0.000000,0.978245,1.262440,1.102720,0.816327,0.645151,0.633758,0.537279,0.500628,0.776211,0.880339,0.491416,0.524446,0.404742,0.675601,0.298069,0.262053,0.675591,0.540330,0.037866,-0.182881,0.417819,0.541349,0.530216,0.665538,-0.101754,-0.095548,0.248365,0.302355,0.287210,0.304034,0.244957,0.253214,0.417962,0.474796,0.741821,0.598534,0.271631,0.359537,0.555969,0.373932,0.175640,0.212851,0.438842,0.347113
0.687015,0.685346,0.088361,0.140686,0.507464,0.344567,0.202002,0.222356,0.208539,0.067198,0.234906,0.295856,0.388839,0.343508,0.598688,0.414769,0.539719,0.642354,0.620319,0.715057,0.057236,0.078979,0.001531,-0.048987,-0.112064,0.149596,0.137512,0.303621,0.588076,0.646246,0.221219,0.182283,0.568122,0.759391,0.045989,0.112379,0.327947,0.392926,0.239666,0.312664,-0.011051,0.298609,1.085575,0.853195,0.723564,0.978245,0.000000,1.228371,0.933578,0.896379,0.809758,0.795709,0.853935,0.685333,1.067196,0.875191,0.548782,0.612608,0.535054,0.747210,0.361711,0.304026,0.546514,0.530786,0.002265,-0.104512,0.424736,0.545616,0.590725,0.821057,0.037660,0.090938,0.367981,0.424518,0.470325,0.469971,0.381041,0.422989,0.305047,0.422136,0.731180,0.550416,0.345776,0.304165,0.515756,0.454985,0.009997,0.027288,0.410598,0.460605
0.773461,0.779478,0.076197,0.074032,0.392451,0.228957,0.145177,0.150355,0.133708,-0.039089,0.102981,0.198828,0.285295,0.223661,0.410145,0.239271,0.470425,0.673077,0.679807,0.679147,0.017430,0.016543,-0.043863,-0.169255,-0.130411,0.136981,0.125235,0.222383,0.486772,0.533993,0.191946,0.150892,0.626597,0.827174,0.042401,0.043018,0.453328,0.518949,0.309252,0.349557,0.086033,0.178239,1.387746,1.496573,1.105436,1.262440,1.228371,0.000000,1.124077,0.883744,0.764882,0.729010,0.541780,0.524168,0.903912,1.019473,0.624414,0.639599,0.413139,0.600864,0.247107,0.154462,0.496645,0.372509,-0.064853,-0.198688,0.476848,0.574110,0.636960,0.702714,-0.045899,-0.016407,0.229531,0.329020,0.346018,0.401099,0.347620,0.356827,0.364618,0.470569,0.705313,0.672304,0.248408,0.371232,0.491725,0.381307,0.177686,0.227178,0.439527,0.337756
