0.000000,0.943905,0.601604,0.460758,0.478135,0.237409,0.635136,0.488199,0.709244,0.212415,0.820189,0.549099,0.861383,0.341452,0.913333,0.754097,0.277244,0.401828,0.728711,0.607069,0.289141,0.318108,0.614943,0.468926,0.347416,0.390012,0.402100,0.530122,0.159944,0.139065,0.244135,0.322735,0.555140,0.478010,0.254489,0.082592,0.156919,0.155061,0.216551,0.361991,-0.023893,0.109946,0.354672,0.299843,0.581065,0.620530,0.543744,0.370585,0.802130,0.706605,0.807392,0.734179,0.844845,0.522717,0.791723,0.774003,0.556997,0.559694,1.132525,0.760587,1.157938,0.790885,0.560656,0.606159,0.740777,0.333389,0.768304,0.636870,0.700638,0.630464,0.166859,0.083079,0.183069,0.232963,0.426867,0.395665,0.356323,0.107051,0.306443,0.461052,0.617976,0.624139,0.296446,0.350661,0.799791,0.537391,0.337842,0.463638,1.205216,1.123684
0.943905,0.000000,0.322383,0.475384,0.271350,0.225573,0.125211,0.472613,0.416181,0.042324,0.377995,0.573243,0.363843,0.228490,0.378201,0.394229,0.299807,0.408666,0.304688,0.747733,0.134584,0.274590,0.292845,0.353736,0.086009,0.311254,0.179171,0.618403,0.049280,0.035657,0.297080,0.393725,0.651326,0.661426,0.087943,-0.083992,-0.049676,-0.083400,0.254683,0.316971,-0.132825,-0.036008,0.278947,0.135057,0.503769,0.535613,0.446128,0.268345,0.725119,0.626621,0.474260,0.507966,0.944494,0.678244,0.676140,0.706785,0.752424,0.758439,1.094078,0.997622,1.067435,1.236844,0.622519,0.743021,0.362482,0.148190,0.680950,0.639730,0.764197,0.624363,-0.037222,-0.130750,-0.147589,0.075414,0.143195,0.122342,0.072204,-0.048097,0.228928,0.295440,0.625608,0.580969,0.174959,0.279370,0.549513,0.281882,0.552865,0.415049,0.761852,0.920229
0.601604,0.322383,0.000000,0.464763,0.544541,0.005261,0.893569,0.180535,0.611257,0.024542,0.392474,0.206965,0.530011,0.182470,0.592508,0.466500,0.023118,0.155248,0.707408,0.323728,0.506874,0.396119,1.146215,0.646230,0.849427,0.681998,0.322340,0.522153,0.121522,0.060972,0.660083,0.552793,0.605215,0.421963,0.623758,0.234186,0.274909,0.128132,0.269448,0.375045,0.053633,0.172597,0.433454,0.369179,0.545713,0.464043,0.467443,0.395370,0.280485,0.330450,0.746902,0.200798,0.361854,0.057714,0.424940,0.335493,0.297079,0.369716,0.437614,0.323460,0.464815,0.215346,0.206974,0.290673,0.567765,0.086828,0.649826,0.489943,0.403854,0.426504,0.220424,0.233915,0.272067,0.187539,0.385911,0.299745,0.421878,0.104186,0.175800,0.294244,0.354507,0.460336,0.138389,0.167863,0.592578,0.398727,0.271237,0.353435,0.636778,0.557521
0.460758,0.475384,0.464763,0.000000,0.441591,0.613346,0.403211,1.144102,0.720448,0.410282,0.342782,0.659118,0.421345,0.505768,0.397828,0.673510,0.217157,0.278134,0.375018,0.631748,0.194774,0.291157,0.505095,0.866444,0.182021,0.706273,0.189407,0.393663,0.153371,0.250925,0.543375,0.793926,0.514077,0.598765,0.421856,0.340279,0.190115,0.245962,0.185640,0.395901,0.120463,0.209952,0.185719,0.272501,0.313519,0.439070,0.398863,0.373164,0.418499,0.367436,0.501493,0.562802,0.525524,0.339180,0.525847,0.469543,0.158117,0.181558,0.417591,0.318565,0.454101,0.490013,0.211161,0.258409,0.560212,0.756287,0.448242,0.672287,0.270476,0.210136,0.174274,0.168132,0.068584,0.396367,0.475207,0.385168,0.452709,0.369711,0.266363,0.352386,0.377338,0.319951,0.350620,0.199257,0.390520,0.475135,0.195760,0.395868,0.652089,0.635529
0.478135,0.271350,0.544541,0.441591,0.000000,0.543341,0.682261,0.241894,1.101250,0.193544,0.191142,0.199143,0.309719,0.299017,0.590902,0.550941,0.175140,0.449795,0.866322,0.530172,0.242397,0.164547,0.607416,0.332145,0.558295,0.638251,0.502655,0.293917,0.185156,0.396838,0.254781,0.201973,0.387026,0.318541,0.437609,0.249942,0.377751,0.376301,0.143452,0.248059,0.108220,0.124484,0.475625,0.435300,0.489622,0.474738,0.504424,0.401808,0.466631,0.517465,0.676231,0.434726,0.484448,0.258236,0.606206,0.476286,0.292730,0.347198,0.435054,0.373071,0.340955,0.191084,0.265750,0.347977,0.625341,0.202694,0.508040,0.413703,0.348418,0.406124,0.263202,0.394295,0.291318,0.299310,0.464015,0.486122,0.354421,0.255281,0.127085,0.468590,0.383903,0.473408,0.225557,0.228941,0.590081,0.521518,0.068054,0.181951,0.636965,0.542527
0.237409,0.225573,0.005261,0.613346,0.543341,0.000000,0.271233,0.464804,0.637357,0.337410,0.137738,0.358940,0.190182,0.304224,0.429338,0.560585,0.624078,0.527534,0.443062,0.595424,0.090106,0.124277,0.187952,0.307911,-0.124818,0.383033,0.344960,0.279921,0.346011,0.547231,0.136481,0.261077,0.235628,0.239184,0.273375,0.344170,0.100979,0.361024,0.136438,0.251923,0.191368,0.192460,0.160044,0.194257,0.148900,0.217392,0.240317,0.186238,0.368332,0.347602,0.339432,0.458200,0.430224,0.371668,0.636915,0.504550,0.110032,0.114533,0.276934,0.259086,0.212260,0.311491,0.390102,0.305201,0.547024,0.535368,0.261186,0.336100,0.169008,0.084607,0.118716,0.173726,0.044720,0.238526,0.415356,0.439672,0.302768,0.442352,0.294639,0.468692,0.339982,0.205340,0.347158,0.317624,0.279775,0.450015,0.159374,0.278905,0.444504,0.428654
0.635136,0.125211,0.893569,0.403211,0.682261,0.271233,0.000000,0.325413,0.701922,0.317213,0.624590,0.312711,0.829679,0.359784,0.811119,0.620009,0.187682,0.217081,0.960577,0.323369,0.309319,0.201430,0.681805,0.321498,0.407785,0.300634,0.238092,0.134254,0.439349,0.338621,0.372979,0.275146,0.383745,0.309178,0.487253,0.271721,0.366048,0.385706,0.168487,0.331716,0.207959,0.337373,0.233782,0.286832,0.328006,0.276537,0.356184,0.255152,0.266496,0.260675,0.588300,0.337193,0.168368,0.047384,0.444640,0.372058,0.086099,0.102313,0.286554,0.157287,0.333399,0.094996,0.123330,0.122958,0.790739,0.351521,0.383244,0.319918,0.196707,0.205185,0.526456,0.509699,0.543958,0.392396,0.748177,0.696349,0.581046,0.321066,0.248021,0.394591,0.259693,0.299579,0.378447,0.202720,0.451892,0.425676,-0.075474,0.200941,0.617828,0.432055
0.488199,0.472613,0.180535,1.144102,0.241894,0.464804,0.325413,0.000000,0.488161,0.634500,0.629150,1.187999,0.608768,0.799021,0.314755,0.643941,0.058518,0.050228,0.182642,0.444664,0.046558,0.207915,0.204061,0.485914,-0.111214,0.251954,-0.105531,0.155607,0.178597,0.208123,0.366237,0.561335,0.291860,0.450979,0.190477,0.185243,0.044730,0.137410,0.017545,0.193444,0.081786,0.140000,-0.116837,0.053657,0.056036,0.191904,0.201033,0.214130,0.422200,0.209379,0.248959,0.677437,0.395471,0.420102,0.323897,0.360392,-0.106847,-0.087834,0.297364,0.125901,0.381513,0.572548,-0.012629,0.020689,0.473656,1.016673,0.157598,0.377890,0.010911,-0.068696,0.187794,0.115427,0.092794,0.449738,0.449213,0.335648,0.411800,0.375659,0.081316,0.077370,0.083669,0.032921,0.293331,0.035742,0.133447,0.171844,0.097143,0.191640,0.506256,0.449934
0.709244,0.416181,0.611257,0.720448,1.101250,0.637357,0.701922,0.488161,0.000000,0.361759,0.411663,0.429422,0.541176,0.411084,0.900560,0.879669,0.257588,0.507564,0.734243,0.561601,0.315801,0.288756,0.729190,0.602866,0.434316,0.728371,0.581837,0.455962,0.178160,0.346400,0.349952,0.392627,0.450075,0.424995,0.522414,0.352492,0.347809,0.459646,0.262320,0.460170,0.136012,0.257696,0.403988,0.421450,0.474607,0.515107,0.554930,0.469002,0.555271,0.562496,0.853763,0.607506,0.653853,0.374644,0.835852,0.721294,0.308682,0.374774,0.628522,0.450844,0.543599,0.393467,0.309746,0.388627,0.886685,0.422421,0.621943,0.581522,0.398971,0.448614,0.260237,0.326877,0.215012,0.328674,0.589291,0.588245,0.456825,0.315625,0.260819,0.573141,0.487148,0.512165,0.414879,0.382926,0.726329,0.690956,0.167721,0.422788,1.111420,0.874732
0.212415,0.042324,0.024542,0.410282,0.193544,0.337410,0.317213,0.634500,0.361759,0.000000,0.435691,0.506280,0.439726,0.763267,0.146954,0.373339,-0.121580,-0.209396,0.121030,0.161251,-0.157732,-0.129137,0.052736,0.162388,-0.152398,0.064533,-0.142554,-0.173900,0.097089,0.131137,0.033346,0.123507,-0.082114,0.074092,-0.001356,0.060430,0.031001,0.086084,-0.050512,0.065425,0.101849,0.184981,-0.370681,-0.177595,-0.258181,-0.172817,-0.051736,0.006339,-0.015683,-0.142832,-0.091419,0.220021,-0.021389,0.019078,0.083498,0.153892,-0.367617,-0.364058,-0.055326,-0.174233,0.027635,0.114448,-0.277020,-0.229297,0.267613,0.602829,-0.199582,-0.014876,-0.230982,-0.152643,0.097780,0.113327,0.105170,0.197515,0.307595,0.361574,0.310503,0.407043,-0.068224,-0.057276,-0.203815,-0.216297,0.185323,-0.076164,-0.100165,-0.009274,-0.163655,-0.079745,0.261368,0.139078
0.820189,0.377995,0.392474,0.342782,0.191142,0.137738,0.624590,0.629150,0.411663,0.435691,0.000000,0.884165,1.590908,0.737774,0.714729,0.666983,0.147422,0.019631,0.455877,0.254200,0.187360,0.221177,0.329566,0.314479,-0.007700,0.036180,-0.048606,0.103475,0.320173,0.141757,0.188224,0.229703,0.260488,0.188381,0.155435,0.043894,0.123819,0.133730,-0.005091,0.110801,0.019931,0.096718,-0.065534,0.070472,0.082159,0.103632,0.152223,0.157291,0.419127,0.183138,0.339832,0.536832,0.280919,0.274298,0.314431,0.346524,-0.038173,-0.013624,0.328826,0.104029,0.498862,0.412518,0.089224,0.058686,0.660502,0.501335,0.178800,0.193272,0.097274,0.061102,0.252566,0.165593,0.316816,0.302710,0.398340,0.327027,0.484961,0.286751,0.050558,0.061824,0.102400,0.079632,0.216905,0.049116,0.247602,0.122957,0.099994,0.158070,0.559816,0.454930
0.549099,0.573243,0.206965,0.659118,0.199143,0.358940,0.312711,1.187999,0.429422,0.506280,0.884165,0.000000,0.824652,0.934958,0.416951,0.674689,0.080710,0.046852,0.198347,0.397920,0.077939,0.251658,0.195338,0.381251,-0.179125,0.119479,-0.161839,0.151653,0.246100,0.167534,0.268295,0.381036,0.247096,0.328761,0.110913,0.071574,-0.050879,0.068399,0.058218,0.176500,0.112817,0.167428,-0.166942,0.003683,0.008936,0.096046,0.187178,0.159455,0.488353,0.208847,0.265261,0.700505,0.451693,0.513380,0.362769,0.415906,-0.094186,-0.057445,0.321475,0.121762,0.428197,0.659961,0.043606,0.042854,0.533010,0.707011,0.126715,0.241704,0.019901,-0.044961,0.151702,0.068622,0.117472,0.387395,0.378136,0.243592,0.377382,0.317403,0.002778,0.030318,0.040539,0.011099,0.284037,0.095498,0.133835,0.087947,0.191247,0.180463,0.509013,0.475032
0.861383,0.363843,0.530011,0.421345,0.309719,0.190182,0.829679,0.608768,0.541176,0.439726,1.590908,0.824652,0.000000,0.736479,0.887039,0.763789,0.203634,0.122755,0.549719,0.291148,0.272100,0.288652,0.457776,0.408407,0.109747,0.132809,0.070064,0.148112,0.422794,0.219063,0.282977,0.282841,0.379787,0.312389,0.267529,0.115866,0.185915,0.237988,0.119793,0.291235,0.156589,0.266831,0.034007,0.150466,0.201792,0.214792,0.288240,0.219092,0.431042,0.272498,0.472063,0.538965,0.336685,0.248073,0.436878,0.446065,0.050946,0.072010,0.402295,0.190977,0.602020,0.440737,0.184358,0.160564,0.883064,0.520352,0.292238,0.307992,0.185872,0.141639,0.366641,0.262681,0.427098,0.397100,0.587018,0.444553,0.581602,0.319581,0.186867,0.217650,0.234650,0.227472,0.402638,0.216659,0.384916,0.271366,0.095740,0.278934,0.693607,0.567159
0.341452,0.228490,0.182470,0.505768,0.299017,0.304224,0.359784,0.799021,0.411084,0.763267,0.737774,0.934958,0.736479,0.000000,0.387012,0.702163,0.090245,0.024633,0.306131,0.388634,0.109664,0.131092,0.197841,0.283011,-0.083812,0.113532,-0.173697,-0.094265,0.344911,0.366398,0.254863,0.316913,0.200879,0.260422,0.193587,0.169884,0.055694,0.197170,-0.009196,0.146244,0.147359,0.166261,-0.158045,0.037255,-0.056491,0.026461,0.135343,0.121732,0.245617,0.043726,0.140605,0.401653,0.154178,0.082436,0.283394,0.249512,-0.268896,-0.217403,0.109628,-0.045928,0.230898,0.376916,-0.035741,-0.010817,0.504405,0.750078,0.053358,0.213425,-0.116693,-0.127327,0.210835,0.257044,0.230393,0.400292,0.415428,0.311132,0.440653,0.418279,-0.042819,0.090472,-0.057247,-0.044993,0.277636,0.062497,0.042101,0.118217,0.018976,0.094890,0.355170,0.260934
0.913333,0.378201,0.592508,0.397828,0.590902,0.429338,0.811119,0.314755,0.900560,0.146954,0.714729,0.416951,0.887039,0.387012,0.000000,1.257177,0.488615,0.603905,0.909362,0.544893,0.474786,0.428556,0.790947,0.572310,0.334665,0.371449,0.540680,0.398629,0.499739,0.429135,0.320736,0.314377,0.589981,0.452766,0.442711,0.249915,0.371903,0.509886,0.442758,0.644376,0.171771,0.321229,0.529111,0.567068,0.631242,0.604318,0.679894,0.504896,0.644039,0.707625,1.037310,0.634352,0.567909,0.332417,0.974945,0.843127,0.408709,0.444526,0.693308,0.513204,0.677507,0.390574,0.522127,0.490038,1.081601,0.341980,0.724095,0.599360,0.513264,0.462573,0.336345,0.270693,0.313823,0.303928,0.649094,0.606411,0.424975,0.179776,0.407134,0.711759,0.601912,0.572315,0.600031,0.609095,0.850807,0.779340,0.266526,0.670552,1.044735,0.829080
0.754097,0.394229,0.466500,0.673510,0.550941,0.560585,0.620009,0.643941,0.879669,0.373339,0.666983,0.674689,0.763789,0.702163,1.257177,0.000000,0.354723,0.472856,0.708697,0.611430,0.288668,0.353469,0.724259,0.749450,0.234565,0.424325,0.403337,0.337645,0.345963,0.393632,0.308151,0.401738,0.491082,0.449642,0.439291,0.318733,0.272489,0.437618,0.332295,0.586516,0.126844,0.249258,0.320188,0.426077,0.454273,0.502838,0.582562,0.443009,0.591680,0.569032,0.845151,0.715311,0.572873,0.328265,0.870004,0.743320,0.222387,0.289416,0.596337,0.411300,0.606783,0.469184,0.361926,0.383061,1.011876,0.629616,0.605704,0.635464,0.363336,0.346281,0.249309,0.222340,0.194556,0.364490,0.620564,0.547804,0.440487,0.275016,0.225584,0.549967,0.397071,0.379057,0.530955,0.445358,0.643929,0.741570,0.239647,0.609079,1.029867,0.831077
0.277244,0.299807,0.023118,0.217157,0.175140,0.624078,0.187682,0.058518,0.257588,-0.121580,0.147422,0.080710,0.203634,0.090245,0.488615,0.354723,0.000000,0.967292,0.474629,0.631331,0.365657,0.301608,0.162265,0.201170,-0.064006,0.174394,0.328358,0.229789,0.763811,0.653260,0.215503,0.249907,0.574341,0.419058,0.199067,0.209740,0.186923,0.343105,0.279796,0.347919,0.052690,0.099425,0.374917,0.318781,0.349960,0.368454,0.368942,0.232227,0.355323,0.473479,0.340857,0.285238,0.411757,0.289243,0.621982,0.484781,0.538612,0.476528,0.460290,0.545586,0.457727,0.411999,1.015433,0.697255,0.495342,0.191179,0.510082,0.496835,0.502387,0.322931,0.116200,0.095514,0.033892,0.079699,0.246842,0.231590,0.201320,0.173971,0.713006,0.796228,0.798771,0.524770,0.396189,0.479243,0.415583,0.496320,0.178997,0.411523,0.352761,0.414355
0.401828,0.408666,0.155248,0.278134,0.449795,0.527534,0.217081,0.050228,0.507564,-0.209396,0.019631,0.046852,0.122755,0.024633,0.603905,0.472856,0.967292,0.000000,0.560351,0.714764,0.394295,0.373933,0.326123,0.313989,0.254281,0.390351,0.656850,0.242040,0.586791,0.768160,0.226316,0.229735,0.660207,0.568947,0.304247,0.217046,0.426226,0.559768,0.364945,0.486042,-0.018102,0.091313,0.779568,0.577025,0.701134,0.739698,0.699006,0.399922,0.596255,0.850160,0.692786,0.369984,0.665820,0.349396,0.854273,0.677093,0.863841,0.874257,0.761559,0.879352,0.631274,0.447889,1.098304,1.073314,0.567929,0.121167,0.874385,0.749039,0.789780,0.697290,0.187343,0.237135,0.017188,0.161271,0.251292,0.361407,0.225681,0.121491,0.540765,1.300235,1.151359,1.055385,0.374815,0.638206,0.802080,0.892339,0.158649,0.584357,0.619837,0.609318
0.728711,0.304688,0.707408,0.375018,0.866322,0.443062,0.960577,0.182642,0.734243,0.121030,0.455877,0.198347,0.549719,0.306131,0.909362,0.708697,0.474629,0.560351,0.000000,0.842255,0.429899,0.327826,0.794047,0.391170,0.513298,0.500736,0.456810,0.284820,0.460823,0.481037,0.353285,0.293716,0.653156,0.458872,0.518520,0.300610,0.436731,0.400143,0.248344,0.382654,0.101677,0.173169,0.534355,0.483393,0.568505,0.516194,0.543699,0.362711,0.493659,0.544722,0.732007,0.412443,0.447775,0.203584,0.688304,0.492680,0.394407,0.405277,0.534912,0.432985,0.527835,0.228814,0.462407,0.453134,0.736859,0.193295,0.664836,0.490591,0.584065,0.501539,0.378959,0.449752,0.464777,0.380730,0.598931,0.616009,0.544741,0.315178,0.269550,0.621498,0.516582,0.536464,0.294337,0.298571,0.669963,0.581216,0.105372,0.352324,0.696169,0.577644
0.607069,0.747733,0.323728,0.631748,0.530172,0.595424,0.323369,0.444664,0.561601,0.161251,0.254200,0.397920,0.291148,0.388634,0.544893,0.611430,0.631331,0.714764,0.842255,0.000000,0.310313,0.357900,0.453920,0.470296,0.165328,0.455306,0.284879,0.383061,0.436447,0.518463,0.411243,0.500736,0.971073,0.931690,0.327449,0.194608,0.214354,0.257387,0.298140,0.436033,-0.025360,0.074741,0.466754,0.372985,0.579268,0.617968,0.583151,0.360506,0.605636,0.657623,0.527036,0.427634,0.705761,0.434579,0.803580,0.653036,0.581909,0.562656,0.703805,0.706153,0.679773,0.623012,0.628445,0.663670,0.534996,0.282274,0.752685,0.766485,0.817398,0.561270,0.166292,0.152162,0.070577,0.293180,0.378139,0.426432,0.310918,0.236006,0.312226,0.604901,0.692144,0.599903,0.330978,0.384295,0.585988,0.534109,0.315215,0.466276,0.647331,0.678816
0.289141,0.134584,0.506874,0.194774,0.242397,0.090106,0.309319,0.046558,0.315801,-0.157732,0.187360,0.077939,0.272100,0.109664,0.474786,0.288668,0.365657,0.394295,0.429899,0.310313,0.000000,1.214731,0.567828,0.375993,0.496696,0.523100,0.305247,0.314123,0.555732,0.401129,0.755765,0.675556,0.550273,0.440223,0.361319,0.239557,0.352868,0.363243,0.249356,0.354544,0.009419,0.116818,0.479664,0.423873,0.434823,0.457814,0.464476,0.381786,0.387653,0.374797,0.495715,0.238840,0.384437,0.117519,0.405897,0.354985,0.299053,0.303401,0.369893,0.292442,0.317273,0.152142,0.396868,0.356231,0.396361,0.064003,0.508946,0.412363,0.299896,0.247058,0.441081,0.399363,0.297837,0.287793,0.364203,0.337427,0.510815,0.318483,0.329596,0.427066,0.436289,0.489756,0.110975,0.230253,0.407476,0.418365,0.203367,0.402233,0.340947,0.334495
0.318108,0.274590,0.396119,0.291157,0.164547,0.124277,0.201430,0.207915,0.288756,-0.129137,0.221177,0.251658,0.288652,0.131092,0.428556,0.353469,0.301608,0.373933,0.327826,0.357900,1.214731,0.000000,0.522166,0.478596,0.349714,0.453822,0.229732,0.360323,0.463116,0.286960,0.792664,0.762395,0.588953,0.525641,0.325244,0.211057,0.335820,0.352644,0.339805,0.456170,-0.024763,0.117337,0.476940,0.421999,0.479871,0.510542,0.520170,0.434439,0.494816,0.471106,0.506278,0.343562,0.527126,0.295495,0.431215,0.452828,0.337363,0.341017,0.449031,0.363161,0.415379,0.311775,0.389123,0.370309,0.379053,0.086756,0.516989,0.452660,0.333324,0.241776,0.421383,0.353329,0.187791,0.305560,0.259651,0.327824,0.397823,0.248213,0.150573,0.304112,0.427319,0.456882,0.137803,0.280165,0.411297,0.343478,0.315336,0.519270,0.370533,0.384036
0.614943,0.292845,1.146215,0.505095,0.607416,0.187952,0.681805,0.204061,0.729190,0.052736,0.329566,0.195338,0.457776,0.197841,0.790947,0.724259,0.162265,0.326123,0.794047,0.453920,0.567828,0.522166,0.000000,1.138632,1.001528,0.929576,0.549174,0.557005,0.166215,0.156949,0.606613,0.632001,0.647639,0.501370,0.658560,0.316905,0.384395,0.289818,0.324217,0.493033,0.065620,0.218073,0.530360,0.428582,0.643828,0.599305,0.527500,0.421472,0.341010,0.467670,0.879672,0.264946,0.465484,0.102122,0.524283,0.428662,0.393516,0.466019,0.549085,0.423982,0.536934,0.234504,0.343897,0.415498,0.704026,0.157956,0.718639,0.567273,0.484195,0.517651,0.254092,0.274843,0.248912,0.254667,0.395328,0.333322,0.349718,0.113132,0.277708,0.450020,0.483041,0.548591,0.213031,0.279167,0.813475,0.651423,0.264791,0.503221,0.765319,0.679759
0.468926,0.353736,0.646230,0.866444,0.332145,0.307911,0.321498,0.485914,0.602866,0.162388,0.314479,0.381251,0.408407,0.283011,0.572310,0.749450,0.201170,0.313989,0.391170,0.470296,0.375993,0.478596,1.138632,0.000000,0.556309,0.872685,0.426451,0.547574,0.137415,0.148377,0.530639,0.775442,0.586197,0.531230,0.456288,0.254780,0.263027,0.234386,0.264252,0.460232,0.030259,0.179432,0.370616,0.346050,0.493520,0.544079,0.455915,0.416323,0.331228,0.431934,0.653526,0.299502,0.511964,0.179934,0.446635,0.416392,0.324816,0.375046,0.511060,0.407098,0.548475,0.367584,0.348550,0.400113,0.625116,0.355982,0.571928,0.613393,0.412510,0.389467,0.115102,0.090363,0.028668,0.213170,0.253391,0.202546,0.274956,0.145103,0.274293,0.376031,0.486514,0.481465,0.269139,0.309237,0.652225,0.607000,0.323374,0.574832,0.675530,0.669600
0.347416,0.086009,0.849427,0.182021,0.558295,-0.124818,0.407785,-0.111214,0.434316,-0.152398,-0.007700,-0.179125,0.109747,-0.083812,0.334665,0.234565,-0.064006,0.254281,0.513298,0.165328,0.496696,0.349714,1.001528,0.556309,0.000000,0.943691,0.653644,0.351023,-0.030804,0.041983,0.375246,0.294908,0.384780,0.289976,0.573518,0.260195,0.460120,0.216611,0.209213,0.269582,-0.048496,0.044367,0.639424,0.449125,0.634464,0.585244,0.463705,0.375595,0.218258,0.379166,0.661551,0.086114,0.314573,-0.009669,0.242818,0.174948,0.405159,0.465422,0.373391,0.347640,0.316842,-0.003458,0.209270,0.325721,0.275401,-0.096189,0.597990,0.426751,0.438065,0.572880,0.157888,0.267637,0.229566,0.144919,0.215553,0.198399,0.241856,0.017415,0.163371,0.333358,0.376711,0.554131,-0.056218,0.098719,0.625309,0.517569,0.031767,0.236824,0.435896,0.389307
0.390012,0.311254,0.681998,0.706273,0.638251,0.383033,0.300634,0.251954,0.728371,0.064533,0.036180,0.119479,0.132809,0.113532,0.371449,0.424325,0.174394,0.390351,0.500736,0.455306,0.523100,0.453822,0.929576,0.872685,0.943691,0.000000,0.700814,0.628029,0.012867,0.178550,0.562880,0.673720,0.495972,0.415640,0.563743,0.379230,0.310516,0.255027,0.187269,0.329630,-0.008462,0.067128,0.501877,0.416307,0.508292,0.580077,0.471910,0.433821,0.354700,0.438536,0.667807,0.305684,0.602217,0.262301,0.489909,0.402970,0.401547,0.458392,0.479587,0.429786,0.410473,0.260377,0.355121,0.444695,0.405008,0.166151,0.621700,0.591369,0.458659,0.511395,0.076691,0.205477,0.081307,0.206669,0.342301,0.270603,0.316711,0.198962,0.272482,0.433675,0.506770,0.550700,0.037473,0.179036,0.612427,0.628324,0.205366,0.380128,0.613430,0.651659
0.402100,0.179171,0.322340,0.189407,0.502655,0.344960,0.238092,-0.105531,0.581837,-0.142554,-0.048606,-0.161839,0.070064,-0.173697,0.540680,0.403337,0.328358,0.656850,0.456810,0.284879,0.305247,0.229732,0.549174,0.426451,0.653644,0.700814,0.000000,0.538770,0.041073,0.265905,0.061097,0.072116,0.291009,0.199083,0.284677,0.149187,0.375497,0.393540,0.207731,0.289521,-0.033163,-0.018892,0.586240,0.390485,0.520552,0.530894,0.418835,0.313785,0.334095,0.569548,0.692019,0.259793,0.531032,0.217394,0.587788,0.463321,0.605485,0.631432,0.559336,0.575673,0.418735,0.158498,0.533086,0.557313,0.426590,-0.018802,0.652489,0.462876,0.672301,0.738218,0.045382,0.145844,0.085730,0.080134,0.257599,0.334660,0.097285,-0.021948,0.326718,0.573376,0.638379,0.678519,0.115107,0.393020,0.841208,0.830485,0.083536,0.443052,0.638340,0.644929
0.530122,0.618403,0.522153,0.393663,0.293917,0.279921,0.134254,0.155607,0.455962,-0.173900,0.103475,0.151653,0.148112,-0.094265,0.398629,0.337645,0.229789,0.242040,0.284820,0.383061,0.314123,0.360323,0.557005,0.547574,0.351023,0.628029,0.538770,0.000000,-0.127406,-0.049519,0.387629,0.494067,0.459660,0.288874,0.238548,0.060728,-0.213032,-0.174721,0.165047,0.271579,-0.125946,-0.059803,0.374521,0.284442,0.511859,0.465076,0.386882,0.422299,0.381759,0.451352,0.528342,0.261099,0.677031,0.449673,0.530097,0.490513,0.552768,0.576720,0.615964,0.595508,0.517395,0.520433,0.442140,0.465712,0.303714,-0.051320,0.608668,0.499649,0.525452,0.453500,-0.240092,-0.269816,-0.217157,-0.140298,0.063059,-0.006423,-0.034583,-0.148718,0.287809,0.231695,0.481486,0.441742,0.009922,0.273044,0.481972,0.261907,0.806619,0.512966,0.541620,0.723023
0.159944,0.049280,0.121522,0.153371,0.185156,0.346011,0.439349,0.178597,0.178160,0.097089,0.320173,0.246100,0.422794,0.344911,0.499739,0.345963,0.763811,0.586791,0.460823,0.436447,0.555732,0.463116,0.166215,0.137415,-0.030804,0.012867,0.041073,-0.127406,0.000000,1.114865,0.429716,0.304511,0.515186,0.482871,0.176460,0.090324,0.373647,0.484982,0.175721,0.234048,0.085461,0.156169,0.233823,0.279398,0.219961,0.220012,0.323050,0.196198,0.237084,0.265847,0.204775,0.195240,0.135231,0.089514,0.330462,0.308320,0.144558,0.101507,0.171213,0.175906,0.218320,0.130543,0.416295,0.274067,0.492471,0.264542,0.212468,0.243679,0.174135,0.035935,0.524111,0.429419,0.304060,0.276917,0.441175,0.448993,0.407754,0.305268,0.371189,0.508991,0.401615,0.358170,0.386847,0.276011,0.213447,0.325141,-0.135475,0.190589,0.178039,0.138005
0.139065,0.035657,0.060972,0.250925,0.396838,0.547231,0.338621,0.208123,0.346400,0.131137,0.141757,0.167534,0.219063,0.366398,0.429135,0.393632,0.653260,0.768160,0.481037,0.518463,0.401129,0.286960,0.156949,0.148377,0.041983,0.178550,0.265905,-0.049519,1.114865,0.000000,0.358313,0.291913,0.468350,0.444852,0.203796,0.153325,0.365956,0.603601,-0.039457,0.138811,-0.023091,-0.017391,0.334451,0.390784,0.275442,0.343938,0.372828,0.299588,0.302674,0.368817,0.255334,0.248142,0.242213,0.116363,0.399259,0.357042,0.133248,0.132447,0.198995,0.215333,0.179185,0.134571,0.411991,0.350259,0.464439,0.317240,0.278289,0.351697,0.183996,0.076916,0.355693,0.376599,0.136373,0.238036,0.381206,0.477515,0.306883,0.252224,0.350230,0.665297,0.433205,0.448977,0.292078,0.266669,0.268417,0.473860,-0.164173,0.183699,0.234593,0.183713
0.244135,0.297080,0.660083,0.543375,0.254781,0.136481,0.372979,0.366237,0.349952,0.033346,0.188224,0.268295,0.282977,0.254863,0.320736,0.308151,0.215503,0.226316,0.353285,0.411243,0.755765,0.792664,0.606613,0.530639,0.375246,0.562880,0.061097,0.387629,0.429716,0.358313,0.000000,1.490764,0.890585,0.831548,0.440712,0.263351,0.188523,0.212298,0.194197,0.375418,-0.030324,0.132186,0.338009,0.355962,0.409890,0.428928,0.454911,0.488763,0.286559,0.296577,0.330113,0.188940,0.332685,0.184906,0.304339,0.346913,0.231487,0.258051,0.273290,0.245762,0.294422,0.274018,0.161199,0.198228,0.277515,0.142595,0.429903,0.498844,0.212400,0.109978,0.326242,0.259057,0.073766,0.217187,0.353034,0.267761,0.384987,0.184908,0.298446,0.310387,0.323132,0.326439,0.208500,0.145741,0.254382,0.194392,0.208854,0.308619,0.322215,0.319551
0.322735,0.393725,0.552793,0.793926,0.201973,0.261077,0.275146,0.561335,0.392627,0.123507,0.229703,0.381036,0.282841,0.316913,0.314377,0.401738,0.249907,0.229735,0.293716,0.500736,0.675556,0.762395,0.632001,0.775442,0.294908,0.673720,0.072116,0.494067,0.304511,0.291913,1.490764,0.000000,0.803974,0.806951,0.382956,0.304619,0.116500,0.186974,0.170201,0.396348,-0.014344,0.146155,0.291185,0.326688,0.386703,0.467953,0.433932,0.461732,0.349481,0.312763,0.375584,0.282056,0.463012,0.269935,0.378001,0.406993,0.245845,0.269371,0.359801,0.295430,0.378432,0.410956,0.223741,0.267811,0.321732,0.304872,0.474418,0.616596,0.240385,0.131588,0.234220,0.155876,-0.023079,0.228713,0.297094,0.216751,0.394647,0.272972,0.344071,0.332462,0.384458,0.336695,0.221449,0.182301,0.302677,0.293442,0.353130,0.437359,0.391908,0.432985
0.555140,0.651326,0.605215,0.514077,0.387026,0.235628,0.383745,0.291860,0.450075,-0.082114,0.260488,0.247096,0.379787,0.200879,0.589981,0.491082,0.574341,0.660207,0.653156,0.971073,0.550273,0.588953,0.647639,0.586197,0.384780,0.495972,0.291009,0.459660,0.515186,0.468350,0.890585,0.803974,0.000000,1.506595,0.458708,0.232664,0.331986,0.303080,0.364277,0.530836,-0.053652,0.068539,0.663042,0.534803,0.853975,0.863304,0.767498,0.562872,0.551092,0.717482,0.637687,0.330128,0.645928,0.370412,0.685565,0.663370,0.746427,0.756226,0.736942,0.776308,0.784921,0.580044,0.645876,0.708314,0.528382,0.114626,0.983199,1.001876,0.841495,0.574720,0.249326,0.151828,0.075977,0.269066,0.369384,0.357222,0.327787,0.095094,0.437541,0.643074,0.849374,0.787218,0.371681,0.416836,0.717629,0.528168,0.339919,0.546150,0.619540,0.667011
0.478010,0.661426,0.421963,0.598765,0.318541,0.239184,0.309178,0.450979,0.424995,0.074092,0.188381,0.328761,0.312389,0.260422,0.452766,0.449642,0.419058,0.568947,0.458872,0.931690,0.440223,0.525641,0.501370,0.531230,0.289976,0.415640,0.199083,0.288874,0.482871,0.444852,0.831548,0.806951,1.506595,0.000000,0.393279,0.212637,0.371786,0.341178,0.413820,0.580350,-0.001562,0.147695,0.537062,0.414915,0.725587,0.791003,0.702046,0.459007,0.532934,0.636428,0.521476,0.339163,0.604061,0.373035,0.622344,0.646933,0.629209,0.630940,0.664775,0.719099,0.696254,0.599296,0.469548,0.571563,0.425885,0.229719,0.778262,0.941889,0.694944,0.500265,0.344327,0.231779,0.057418,0.329627,0.407066,0.438241,0.314972,0.134849,0.430161,0.571205,0.697967,0.647550,0.458825,0.382872,0.588902,0.506910,0.183764,0.486021,0.588967,0.612554
0.254489,0.087943,0.623758,0.421856,0.437609,0.273375,0.487253,0.190477,0.522414,-0.001356,0.155435,0.110913,0.267529,0.193587,0.442711,0.439291,0.199067,0.304247,0.518520,0.327449,0.361319,0.325244,0.658560,0.456288,0.573518,0.563743,0.284677,0.238548,0.176460,0.203796,0.440712,0.382956,0.458708,0.393279,0.000000,1.044225,0.358046,0.288629,0.285593,0.405491,0.116827,0.194635,0.430540,0.416831,0.394057,0.409385,0.323026,0.300072,0.209849,0.215109,0.568716,0.181802,0.210812,0.034167,0.371056,0.210739,0.125244,0.186138,0.210304,0.156045,0.207761,0.137415,0.150613,0.209001,0.428234,0.330599,0.486725,0.532388,0.187104,0.175975,0.321742,0.389461,0.246323,0.304586,0.423314,0.355533,0.557021,0.353155,0.150977,0.334413,0.216417,0.236326,0.211808,0.162939,0.376435,0.427131,0.138332,0.332537,0.383581,0.314245
0.082592,-0.083992,0.234186,0.340279,0.249942,0.344170,0.271721,0.185243,0.352492,0.060430,0.043894,0.071574,0.115866,0.169884,0.249915,0.318733,0.209740,0.217046,0.300610,0.194608,0.239557,0.211057,0.316905,0.254780,0.260195,0.379230,0.149187,0.060728,0.090324,0.153325,0.263351,0.304619,0.232664,0.212637,1.044225,0.000000,0.282321,0.366016,0.175114,0.374488,0.292855,0.315397,0.244672,0.347446,0.202163,0.286210,0.250491,0.252659,0.131662,0.122754,0.357553,0.236077,0.104676,0.053856,0.304558,0.201255,-0.042566,-0.017027,0.038219,-0.017894,0.030785,0.054195,0.084919,0.077475,0.324131,0.413411,0.291141,0.442539,-0.013492,-0.037650,0.292874,0.341530,0.201002,0.366094,0.370220,0.365112,0.568027,0.472656,0.182031,0.323322,0.128567,0.080677,0.312193,0.222622,0.228505,0.390741,0.100664,0.342828,0.186386,0.155468
0.156919,-0.049676,0.274909,0.190115,0.377751,0.100979,0.366048,0.044730,0.347809,0.031001,0.123819,-0.050879,0.185915,0.055694,0.371903,0.272489,0.186923,0.426226,0.436731,0.214354,0.352868,0.335820,0.384395,0.263027,0.460120,0.310516,0.375497,-0.213032,0.373647,0.365956,0.188523,0.116500,0.331986,0.371786,0.358046,0.282321,0.000000,0.890115,0.372786,0.397775,0.126170,0.129999,0.539729,0.483496,0.414596,0.425793,0.448566,0.329479,0.275930,0.357220,0.465298,0.264213,0.161680,0.029828,0.306467,0.264909,0.210174,0.218070,0.193582,0.189847,0.174134,-0.081145,0.186038,0.176180,0.355844,0.146055,0.351216,0.360822,0.279873,0.304176,0.498276,0.555963,0.343633,0.369177,0.377870,0.588569,0.447862,0.294366,0.148103,0.416664,0.405499,0.420780,0.259622,0.196376,0.498198,0.581820,-0.268947,0.224698,0.304280,0.187344
0.155061,-0.083400,0.128132,0.245962,0.376301,0.361024,0.385706,0.137410,0.459646,0.086084,0.133730,0.068399,0.237988,0.197170,0.509886,0.437618,0.343105,0.559768,0.400143,0.257387,0.363243,0.352644,0.289818,0.234386,0.216611,0.255027,0.393540,-0.174721,0.484982,0.603601,0.212298,0.186974,0.303080,0.341178,0.288629,0.366016,0.890115,0.000000,0.230191,0.500269,0.280706,0.395635,0.499888,0.530010,0.354808,0.426542,0.490344,0.396058,0.334868,0.438628,0.489318,0.387188,0.224622,0.084456,0.458223,0.439035,0.151287,0.162748,0.200548,0.153941,0.174586,-0.000537,0.261632,0.214019,0.489988,0.323578,0.346117,0.399496,0.188977,0.155008,0.450124,0.503943,0.308014,0.440888,0.514880,0.679598,0.417074,0.346789,0.316146,0.599903,0.420916,0.404191,0.574803,0.524689,0.456310,0.716526,-0.261397,0.301041,0.367301,0.227099
0.216551,0.254683,0.269448,0.185640,0.143452,0.136438,0.168487,0.017545,0.262320,-0.050512,-0.005091,0.058218,0.119793,-0.009196,0.442758,0.332295,0.279796,0.364945,0.248344,0.298140,0.249356,0.339805,0.324217,0.264252,0.209213,0.187269,0.207731,0.165047,0.175721,-0.039457,0.194197,0.170201,0.364277,0.413820,0.285593,0.175114,0.372786,0.230191,0.000000,1.055400,0.411758,0.561178,0.485706,0.418582,0.475103,0.392075,0.531888,0.301083,0.289741,0.409434,0.512893,0.218153,0.297157,0.183094,0.564571,0.444263,0.407811,0.424310,0.377539,0.396296,0.302058,0.184186,0.340144,0.313532,0.286379,0.034035,0.482395,0.410812,0.401314,0.378278,0.167249,0.118355,0.086262,0.157156,0.244027,0.253102,0.153099,0.067017,0.326211,0.436569,0.422592,0.321432,0.558367,0.630767,0.406036,0.392271,0.314076,0.531996,0.393788,0.313583
0.361991,0.316971,0.375045,0.395901,0.248059,0.251923,0.331716,0.193444,0.460170,0.065425,0.110801,0.176500,0.291235,0.146244,0.644376,0.586516,0.347919,0.486042,0.382654,0.436033,0.354544,0.456170,0.493033,0.460232,0.269582,0.329630,0.289521,0.271579,0.234048,0.138811,0.375418,0.396348,0.530836,0.580350,0.405491,0.374488,0.397775,0.500269,1.055400,0.000000,0.358859,0.623653,0.583178,0.587074,0.660634,0.634234,0.797138,0.528566,0.420842,0.577010,0.731957,0.388398,0.433046,0.260204,0.747009,0.715978,0.431508,0.458511,0.450543,0.460901,0.405765,0.301287,0.401234,0.414569,0.502349,0.182770,0.663623,0.708360,0.421282,0.395189,0.226475,0.154207,0.084719,0.255501,0.445409,0.481786,0.282502,0.165424,0.498382,0.656807,0.571573,0.469487,0.784228,0.815049,0.562343,0.625578,0.344383,0.846043,0.595795,0.491632
-0.023893,-0.132825,0.053633,0.120463,0.108220,0.191368,0.207959,0.081786,0.136012,0.101849,0.019931,0.112817,0.156589,0.147359,0.171771,0.126844,0.052690,-0.018102,0.101677,-0.025360,0.009419,-0.024763,0.065620,0.030259,-0.048496,-0.008462,-0.033163,-0.125946,0.085461,-0.023091,-0.030324,-0.014344,-0.053652,-0.001562,0.116827,0.292855,0.126170,0.280706,0.411758,0.358859,0.000000,1.128267,0.079009,0.210915,0.031299,0.006569,0.117735,0.081906,0.008113,0.034900,0.151927,0.132919,-0.074814,0.021242,0.168647,0.147920,-0.159427,-0.179680,-0.112928,-0.159626,-0.121407,-0.091926,0.002328,-0.091472,0.261295,0.224519,-0.035565,0.004042,-0.160998,-0.170241,0.329387,0.364634,0.438507,0.414691,0.352904,0.282758,0.270911,0.344775,0.224741,0.141999,0.011156,-0.027180,0.761228,0.535808,0.095691,0.177021,0.010253,0.101916,-0.013260,-0.055804
0.109946,-0.036008,0.172597,0.209952,0.124484,0.192460,0.337373,0.140000,0.257696,0.184981,0.096718,0.167428,0.266831,0.166261,0.321229,0.249258,0.099425,0.091313,0.173169,0.074741,0.116818,0.117337,0.218073,0.179432,0.044367,0.067128,-0.018892,-0.059803,0.156169,-0.017391,0.132186,0.146155,0.068539,0.147695,0.194635,0.315397,0.129999,0.395635,0.561178,0.623653,1.128267,0.000000,0.125950,0.250224,0.135495,0.105495,0.276660,0.163781,0.114492,0.121128,0.262490,0.171153,0.038634,0.040355,0.268659,0.260063,-0.017778,-0.028476,0.041808,-0.025864,0.045566,-0.012421,0.064677,-0.000351,0.315043,0.228176,0.095206,0.123055,-0.039392,-0.060772,0.338728,0.326742,0.360916,0.348955,0.461723,0.363425,0.362291,0.394402,0.383368,0.344533,0.108951,0.070922,0.950249,0.697475,0.146010,0.235120,0.012968,0.240518,0.189813,0.088179
0.354672,0.278947,0.433454,0.185719,0.475625,0.160044,0.233782,-0.116837,0.403988,-0.370681,-0.065534,-0.166942,0.034007,-0.158045,0.529111,0.320188,0.374917,0.779568,0.534355,0.466754,0.479664,0.476940,0.530360,0.370616,0.639424,0.501877,0.586240,0.374521,0.233823,0.334451,0.338009,0.291185,0.663042,0.537062,0.430540,0.244672,0.539729,0.499888,0.485706,0.583178,0.079009,0.125950,0.000000,1.226666,1.455464,1.277543,1.089614,0.845025,0.662466,1.075375,0.951958,0.342550,0.561207,0.305927,0.705809,0.660438,0.741880,0.762668,0.589533,0.670391,0.431154,0.181026,0.641873,0.661836,0.322079,-0.129906,1.022322,0.802819,0.687105,0.639223,0.170462,0.220567,0.024380,0.074844,0.141680,0.277599,0.149103,-0.025178,0.328082,0.729132,0.819361,0.854161,0.310708,0.648480,0.819857,0.703034,0.348978,0.612533,0.433872,0.413519
0.299843,0.135057,0.369179,0.272501,0.435300,0.194257,0.286832,0.053657,0.421450,-0.177595,0.070472,0.003683,0.150466,0.037255,0.567068,0.426077,0.318781,0.577025,0.483393,0.372985,0.423873,0.421999,0.428582,0.346050,0.449125,0.416307,0.390485,0.284442,0.279398,0.390784,0.355962,0.326688,0.534803,0.414915,0.416831,0.347446,0.483496,0.530010,0.418582,0.587074,0.210915,0.250224,1.226666,0.000000,0.991899,1.018183,1.128277,1.344148,0.643664,0.859540,0.789782,0.531632,0.428450,0.378648,0.619083,0.640894,0.365012,0.373425,0.380916,0.382747,0.259010,0.109620,0.399397,0.371124,0.313985,0.046833,0.701669,0.721885,0.348085,0.291491,0.198216,0.210810,0.028095,0.126195,0.268008,0.352627,0.273021,0.103512,0.282300,0.661382,0.554562,0.533807,0.451388,0.666678,0.522643,0.535855,0.309516,0.532413,0.359443,0.301707
0.581065,0.503769,0.545713,0.313519,0.489622,0.148900,0.328006,0.056036,0.474607,-0.258181,0.082159,0.008936,0.201792,-0.056491,0.631242,0.454273,0.349960,0.701134,0.568505,0.579268,0.434823,0.479871,0.643828,0.493520,0.634464,0.508292,0.520552,0.511859,0.219961,0.275442,0.409890,0.386703,0.853975,0.725587,0.394057,0.202163,0.414596,0.354808,0.475103,0.660634,0.031299,0.135495,1.455464,0.991899,0.000000,1.843546,1.322602,0.849879,0.851229,1.374533,1.132428,0.486225,0.729957,0.414143,0.856846,0.875512,0.825630,0.826337,0.829697,0.898338,0.670118,0.374694,0.689443,0.753005,0.454242,-0.058039,1.305784,1.068230,0.805757,0.703661,0.147712,0.104052,-0.001313,0.090218,0.222408,0.306785,0.123932,-0.110408,0.400930,0.725217,0.885031,0.935167,0.369769,0.625995,0.940938,0.754021,0.430472,0.761289,0.639004,0.654691
0.620530,0.535613,0.464043,0.439070,0.474738,0.217392,0.276537,0.191904,0.515107,-0.172817,0.103632,0.096046,0.214792,0.026461,0.604318,0.502838,0.368454,0.739698,0.516194,0.617968,0.457814,0.510542,0.599305,0.544079,0.585244,0.580077,0.530894,0.465076,0.220012,0.343938,0.428928,0.467953,0.863304,0.791003,0.409385,0.286210,0.425793,0.426542,0.392075,0.634234,0.006569,0.105495,1.277543,1.018183,1.843546,0.000000,1.299375,0.875574,0.968872,1.480395,1.112247,0.647240,0.865052,0.479583,0.901070,0.956406,0.762904,0.762414,0.896296,0.911789,0.737679,0.473635,0.714960,0.800546,0.462566,0.090037,1.337721,1.302642,0.773488,0.648925,0.187347,0.119844,0.001036,0.200601,0.285237,0.365216,0.194863,-0.034137,0.401404,0.762674,0.916816,0.943820,0.378008,0.594336,0.943344,0.845458,0.390760,0.764612,0.695902,0.733159
0.543744,0.446128,0.467443,0.398863,0.504424,0.240317,0.356184,0.201033,0.554930,-0.051736,0.152223,0.187178,0.288240,0.135343,0.679894,0.582562,0.368942,0.699006,0.543699,0.583151,0.464476,0.520170,0.527500,0.455915,0.463705,0.471910,0.418835,0.386882,0.323050,0.372828,0.454911,0.433932,0.767498,0.702046,0.323026,0.250491,0.448566,0.490344,0.531888,0.797138,0.117735,0.276660,1.089614,1.128277,1.322602,1.299375,0.000000,1.156358,0.927569,1.308323,1.003807,0.695793,0.741314,0.469840,0.906505,0.966930,0.600395,0.604394,0.738264,0.727390,0.596111,0.404520,0.573882,0.597905,0.497203,0.099913,1.004107,0.967179,0.603914,0.516415,0.179553,0.158733,0.006859,0.159659,0.353720,0.415067,0.275062,0.056983,0.424999,0.827632,0.782590,0.781176,0.518523,0.721000,0.709800,0.678030,0.351328,0.718410,0.681398,0.635753
0.370585,0.268345,0.395370,0.373164,0.401808,0.186238,0.255152,0.214130,0.469002,0.006339,0.157291,0.159455,0.219092,0.121732,0.504896,0.443009,0.232227,0.399922,0.362711,0.360506,0.381786,0.434439,0.421472,0.416323,0.375595,0.433821,0.313785,0.422299,0.196198,0.299588,0.488763,0.461732,0.562872,0.459007,0.300072,0.252659,0.329479,0.396058,0.301083,0.528566,0.081906,0.163781,0.845025,1.344148,0.849879,0.875574,1.156358,0.000000,0.685598,0.820273,0.650837,0.637042,0.494200,0.512944,0.557474,0.720406,0.312188,0.319215,0.409066,0.382785,0.306347,0.225765,0.285711,0.263163,0.325250,0.087172,0.621852,0.698747,0.286976,0.230501,0.034595,0.025933,-0.112534,0.027202,0.212646,0.269909,0.216262,0.048699,0.304797,0.498504,0.475315,0.445821,0.410635,0.565095,0.420102,0.352812,0.370579,0.466157,0.446219,0.378523
0.802130,0.725119,0.280485,0.418499,0.466631,0.368332,0.266496,0.422200,0.555271,-0.015683,0.419127,0.488353,0.431042,0.245617,0.644039,0.591680,0.355323,0.596255,0.493659,0.605636,0.387653,0.494816,0.341010,0.331228,0.218258,0.354700,0.334095,0.381759,0.237084,0.302674,0.286559,0.349481,0.551092,0.532934,0.209849,0.131662,0.275930,0.334868,0.289741,0.420842,0.008113,0.114492,0.662466,0.643664,0.851229,0.968872,0.927569,0.685598,0.000000,1.233765,0.925992,1.190850,1.122202,0.799276,0.966482,1.045478,0.489932,0.490664,0.954835,0.714070,0.763083,0.626374,0.582469,0.570600,0.473199,0.206453,0.859492,0.743164,0.560917,0.417458,0.207400,0.152087,0.051863,0.242302,0.355572,0.355866,0.314200,0.139827,0.286977,0.556089,0.602079,0.585193,0.366282,0.476895,0.602110,0.497649,0.405343,0.555752,0.763239,0.755065
