0.000000,0.560265,0.506540,0.364208,0.284913,0.311337,0.275405,0.369582,0.241794,0.354725,0.577199,0.474232,0.426949,0.532122,0.463256,0.305759,0.573139,0.492588,0.654592,0.683851,-0.104913,0.071589,0.306750,0.268075,0.264481,0.210004,0.085820,0.217416,0.304841,0.113455,0.164130,0.119997,0.561079,0.431059,0.304170,0.279713,0.103917,0.386419,0.077936,0.312672,0.237923,-0.058064,0.299706,0.263963,0.200399,0.221218,0.180450,0.327312,0.171114,0.245111,0.197225,0.190246,0.215699,0.282752,0.263663,0.358346,0.534016,0.383944,0.339867,0.185428,0.449392,0.265098,0.358781,0.324014,0.183604,0.161613,0.208807,0.238026,0.504375,0.470217,0.150718,0.409299,0.461223,0.486550,0.309540,0.324144,0.374377,0.401454,0.163403,0.013678,0.404433,0.375927,0.265807,0.356882,0.210722,0.313694,0.306519,0.267205,0.327223,0.423566
0.560265,0.000000,-0.164232,-0.015252,-0.112633,-0.007189,-0.120772,0.040781,-0.025944,-0.038803,0.014545,0.148546,0.090372,0.137014,-0.068287,-0.108759,0.585961,0.797009,0.243463,0.317495,-0.244907,-0.114589,-0.226738,-0.171063,-0.121316,-0.040670,-0.087887,0.010145,0.189359,0.169019,-0.197773,-0.180852,0.453371,0.341805,-0.114484,-0.054027,-0.060278,0.064989,-0.167476,-0.030016,-0.034911,-0.179614,0.307102,0.291854,0.243719,0.304474,0.177866,0.317548,0.162061,0.235844,0.032002,0.076539,-0.026776,0.136840,0.103903,0.152602,1.014742,0.949106,0.027507,0.005814,0.098109,0.073290,0.164114,0.347805,-0.299582,-0.182098,-0.041478,-0.005943,0.695076,0.585759,-0.149462,-0.006463,0.067381,0.077546,-0.039999,0.031791,0.045766,0.091408,0.314903,0.029460,0.444939,0.438658,0.102235,0.198679,-0.102737,0.098301,0.057325,0.019037,-0.171546,0.041656
0.506540,-0.164232,0.000000,0.771261,0.729569,0.570964,0.796877,0.631291,0.673237,0.635173,0.674879,0.440954,0.495328,0.458870,0.836877,0.393310,0.141671,-0.183047,0.639375,0.679483,0.046626,0.167486,0.956964,0.739026,0.596586,0.532839,0.316744,0.371804,0.119575,-0.155650,0.512609,0.547429,0.346111,0.400514,0.776760,0.634171,0.066401,0.365863,0.092446,0.386193,0.166224,0.007059,0.168569,0.135164,0.155297,0.131606,0.191696,0.233748,0.211749,0.274447,0.405129,0.405306,0.346670,0.411659,0.336724,0.434491,-0.249063,-0.261278,0.594499,0.481708,0.487751,0.345464,0.310883,0.093217,0.703659,0.579935,0.611317,0.673507,-0.088420,0.217949,0.409622,0.520345,0.468381,0.540965,0.448216,0.421601,0.420611,0.470199,-0.253252,-0.171426,-0.008050,-0.043093,0.168204,0.194945,0.373293,0.357475,0.458443,0.403619,0.892332,0.707630
0.364208,-0.015252,0.771261,0.000000,0.701495,0.966180,0.572872,0.931530,0.687840,0.951400,0.394058,0.459812,0.190508,0.325183,0.482918,0.691709,0.192825,-0.053893,0.283946,0.788718,0.046096,0.154088,0.652821,1.056315,0.503712,0.555064,0.350392,0.582048,0.136634,-0.040477,0.475436,0.818398,0.465400,0.579574,0.659908,0.841710,0.016152,0.322212,0.029674,0.273496,0.092298,-0.086120,0.140421,0.032188,0.075121,0.128311,0.148265,0.163751,0.198435,0.200461,0.290090,0.330626,0.205865,0.424530,0.190790,0.333557,-0.066331,-0.121818,0.338921,0.527422,0.410681,0.622016,0.363447,0.359769,0.575252,1.102939,0.501930,0.763469,-0.035837,0.215759,0.253914,0.396252,0.322075,0.394274,0.407263,0.264599,0.376840,0.439612,-0.106862,-0.212655,0.080391,0.096660,0.177252,0.348775,0.465694,0.597588,0.518638,0.513683,0.626821,1.005362
0.284913,-0.112633,0.729569,0.701495,0.000000,0.825998,0.349332,0.420952,0.668677,0.485108,0.519171,0.463593,0.134349,0.328363,0.708604,0.458063,0.020602,-0.272790,0.245632,0.491320,0.286515,0.266070,0.897964,0.899762,0.808403,0.739768,0.752692,0.403784,0.008813,-0.126646,0.439668,0.540710,0.043719,0.161700,0.645478,0.754993,0.173778,0.431630,0.157614,0.386167,0.275977,0.176536,0.346789,0.284071,0.290312,0.281024,0.392776,0.402767,0.371168,0.452171,0.467661,0.525303,0.328100,0.716086,0.334717,0.456253,-0.235745,-0.247338,0.408574,0.440120,0.110871,0.064882,0.167960,-0.081932,0.754510,0.453697,0.737750,0.778975,-0.020766,0.208803,0.359894,0.423418,0.349477,0.355757,0.372391,0.285265,0.575611,0.556518,-0.101728,-0.195502,-0.004869,0.047284,0.144719,0.214660,0.755146,0.708324,0.656268,0.650586,0.814297,0.722384
0.311337,-0.007189,0.570964,0.966180,0.825998,0.000000,0.626947,0.906535,0.861675,0.880641,0.528742,0.718272,0.282160,0.394281,0.598254,0.669816,0.173919,-0.150165,0.270689,0.695593,0.034870,0.158530,0.482341,0.786628,0.368569,0.437891,0.344018,0.611564,0.056761,-0.034497,0.238737,0.555757,0.263588,0.351344,0.433485,0.589373,-0.031461,0.200210,-0.062296,0.126675,0.053435,-0.062990,0.205773,0.079937,0.123361,0.215791,0.235506,0.228047,0.273528,0.315018,0.362187,0.420417,0.230698,0.487065,0.218197,0.367544,-0.250983,-0.272172,0.366851,0.576367,0.324574,0.535368,0.286011,0.325117,0.446860,0.645500,0.504551,0.695073,-0.100752,0.172999,0.181976,0.383963,0.248578,0.328420,0.375414,0.351545,0.348935,0.368427,-0.236958,-0.300950,-0.046456,0.014374,0.141376,0.307312,0.424549,0.546302,0.397172,0.425594,0.610635,0.875294
0.275405,-0.120772,0.796877,0.572872,0.349332,0.626947,0.000000,1.091101,0.877498,0.806066,0.545175,0.421451,0.643597,0.217923,0.529310,0.327660,0.328024,-0.043153,0.550554,0.442931,-0.169696,0.132804,0.192405,0.239072,-0.026678,0.066312,-0.141533,0.508297,0.277632,0.037780,0.138312,0.289454,0.452229,0.519715,0.284561,0.259362,-0.280143,-0.068491,-0.132737,-0.046572,-0.122040,-0.149780,0.091084,-0.002244,0.065839,0.141262,0.063468,0.043577,0.042869,0.040643,0.050062,0.028967,0.076720,0.036850,0.048518,0.178212,-0.281940,-0.335867,0.404275,0.523967,0.867114,0.908605,0.441843,0.534017,0.158680,0.537637,0.210514,0.314277,-0.264235,-0.079689,0.163746,0.216250,0.166262,0.301171,0.290513,0.372744,0.137339,0.143364,-0.285303,-0.202920,0.013104,-0.091052,0.155278,0.235976,-0.084957,-0.048937,-0.055589,-0.008137,0.482987,0.451722
0.369582,0.040781,0.631291,0.931530,0.420952,0.906535,1.091101,0.000000,1.049105,1.283216,0.570725,0.760498,0.640366,0.484323,0.553888,0.546148,0.518810,0.081176,0.480911,0.768534,-0.176680,0.054393,0.215726,0.386429,0.004759,0.146344,-0.021221,0.695539,0.420984,0.163201,0.180696,0.432154,0.715948,0.771593,0.262947,0.413729,-0.270779,0.030568,-0.184502,0.031113,-0.050576,-0.189436,0.187971,0.084787,0.132985,0.291501,0.131787,0.190819,0.196319,0.179920,0.143673,0.170375,0.164025,0.189378,0.102538,0.262511,-0.085226,-0.205749,0.465614,0.725549,0.797983,1.164441,0.661396,0.784073,0.130543,0.615419,0.291827,0.514593,-0.159963,0.104594,0.177993,0.301934,0.263545,0.397130,0.395812,0.389239,0.202332,0.234492,-0.192899,-0.225297,0.185838,0.099933,0.241244,0.411559,0.042164,0.206933,0.103298,0.098989,0.456761,0.702730
0.241794,-0.025944,0.673237,0.687840,0.668677,0.861675,0.877498,1.049105,0.000000,1.069768,0.426019,0.552832,0.476727,0.409330,0.660818,0.404592,0.340468,-0.036697,0.466460,0.547563,-0.016680,0.132340,0.320399,0.383936,0.122142,0.228796,0.219745,0.646767,0.268233,0.096041,0.212963,0.349437,0.401322,0.463427,0.283711,0.404169,-0.034079,0.168772,-0.061792,0.092732,0.117476,-0.040639,0.326873,0.212727,0.286355,0.402350,0.322206,0.329642,0.405259,0.377793,0.354020,0.362874,0.322294,0.401445,0.359425,0.474911,-0.196214,-0.228954,0.598714,0.792165,0.590667,0.690690,0.471539,0.411392,0.246359,0.439391,0.438914,0.608714,-0.120206,0.089924,0.207456,0.263497,0.190119,0.355443,0.293486,0.366296,0.334608,0.315709,-0.176292,-0.173497,0.105199,0.040560,0.246031,0.307705,0.151008,0.229543,0.265561,0.244522,0.669560,0.756155
0.354725,-0.038803,0.635173,0.951400,0.485108,0.880641,0.806066,1.283216,1.069768,0.000000,0.503482,0.667973,0.483637,0.471434,0.593316,0.713425,0.424390,0.041913,0.434676,0.672642,-0.052455,0.096133,0.317399,0.470544,0.107591,0.200140,0.087913,0.682270,0.350021,0.230466,0.274040,0.440246,0.513976,0.577570,0.260827,0.420801,-0.047623,0.169495,-0.014968,0.116575,0.109499,-0.098436,0.149089,0.090609,0.064409,0.221968,0.149830,0.175703,0.191322,0.211278,0.266027,0.276249,0.287983,0.304533,0.196829,0.345092,-0.109007,-0.216230,0.501192,0.770840,0.671008,1.037835,0.521315,0.590712,0.241147,0.651715,0.312347,0.543151,-0.089337,0.037158,0.192528,0.303157,0.269374,0.376232,0.395196,0.330593,0.289036,0.238475,-0.055411,-0.034840,0.158720,0.120290,0.272637,0.403069,0.166052,0.250029,0.184442,0.160000,0.592369,0.911523
0.577199,0.014545,0.674879,0.394058,0.519171,0.528742,0.545175,0.570725,0.426019,0.503482,0.000000,0.993078,0.872983,0.815835,0.766373,0.566635,0.277247,-0.036600,0.351137,0.491890,-0.002276,0.073463,0.510662,0.443815,0.345846,0.317569,0.112155,0.105561,0.323214,0.047929,0.230105,0.264805,0.280884,0.274965,0.462053,0.495386,-0.026404,0.242842,-0.026626,0.259023,0.015783,-0.075663,0.050074,-0.004705,0.071951,0.108205,0.036387,0.118421,0.152868,0.199572,0.287272,0.306922,0.200513,0.329575,0.134368,0.247369,-0.132810,-0.150893,0.483368,0.389919,0.452204,0.339289,0.368998,0.176672,0.506850,0.361838,0.504522,0.493939,-0.099257,0.181821,0.150981,0.384835,0.395084,0.429123,0.353044,0.288886,0.307736,0.390949,-0.130495,-0.041769,0.110801,0.083157,0.127346,0.264073,0.415841,0.427112,0.263678,0.272356,0.544276,0.505006
0.474232,0.148546,0.440954,0.459812,0.463593,0.718272,0.421451,0.760498,0.552832,0.667973,0.993078,0.000000,0.659392,1.010648,0.521928,0.638848,0.351787,0.115575,0.213936,0.605500,-0.007138,0.034801,0.369079,0.451722,0.257124,0.309155,0.195925,0.287746,0.267220,0.131759,0.200729,0.314696,0.323985,0.285096,0.282560,0.475933,0.005436,0.284291,-0.083615,0.215131,0.074564,-0.005548,0.126681,0.085912,0.079463,0.189387,0.117784,0.236126,0.242650,0.327610,0.369785,0.461958,0.287986,0.505944,0.191891,0.331000,-0.030131,-0.046589,0.481664,0.576208,0.368804,0.445849,0.382231,0.318800,0.328398,0.319209,0.471227,0.564012,-0.090360,0.214995,0.156633,0.351773,0.376009,0.444501,0.468772,0.350719,0.316364,0.389364,-0.054259,-0.068767,0.214835,0.236295,0.130797,0.312733,0.388278,0.583637,0.243096,0.276953,0.458062,0.649099
0.426949,0.090372,0.495328,0.190508,0.134349,0.282160,0.643597,0.640366,0.476727,0.483637,0.872983,0.659392,0.000000,0.675921,0.657037,0.286242,0.489562,0.140074,0.341863,0.348418,-0.286943,-0.070846,0.127816,0.019964,-0.088455,-0.063592,-0.175409,0.172953,0.354984,0.071664,-0.050357,-0.025906,0.405139,0.301730,0.112639,0.080808,-0.258958,0.003464,-0.229172,0.007279,-0.153266,-0.221812,0.069539,0.055772,0.078361,0.128949,-0.006832,0.120594,0.168842,0.164808,0.302523,0.241617,0.354035,0.139281,0.215745,0.259110,0.040224,0.045408,0.679038,0.566391,0.885939,0.553163,0.684528,0.332398,0.049554,0.078463,0.215748,0.208175,-0.103390,0.102120,0.090151,0.253688,0.222145,0.333871,0.264669,0.335191,0.062284,0.126385,-0.248658,-0.098807,0.101800,-0.000436,0.037479,0.100701,-0.140758,-0.048979,-0.105288,-0.163380,0.399337,0.292768
0.532122,0.137014,0.458870,0.325183,0.328363,0.394281,0.217923,0.484323,0.409330,0.471434,0.815835,1.010648,0.675921,0.000000,0.701161,0.561156,0.335270,0.113876,0.229959,0.520126,-0.057501,0.027281,0.374940,0.358426,0.280737,0.247339,0.199587,0.114514,0.327903,0.144794,0.211361,0.153479,0.326200,0.244821,0.215227,0.394016,0.085960,0.366919,0.044184,0.296243,0.226805,0.063413,0.096206,0.067797,-0.007851,0.066806,0.058821,0.178403,0.208102,0.275104,0.423122,0.476992,0.407418,0.466803,0.298247,0.394475,0.047066,0.067237,0.508235,0.435674,0.319207,0.250801,0.432075,0.189932,0.318081,0.136394,0.334345,0.392492,-0.036135,0.193927,0.214920,0.311836,0.479864,0.525654,0.494245,0.314915,0.317398,0.361552,0.002548,0.064596,0.261335,0.261637,0.259765,0.333862,0.369282,0.523516,0.305453,0.351229,0.472337,0.563000
0.463256,-0.068287,0.836877,0.482918,0.708604,0.598254,0.529310,0.553888,0.660818,0.593316,0.766373,0.521928,0.657037,0.701161,0.000000,0.550954,0.345950,-0.143672,0.542094,0.632745,0.133415,0.230974,0.579188,0.487205,0.385284,0.365116,0.333510,0.442688,0.328794,0.093612,0.340482,0.286650,0.243366,0.291612,0.306725,0.364898,0.009352,0.288642,0.165134,0.358248,0.236894,0.074985,0.286982,0.237689,0.150780,0.194650,0.257817,0.299871,0.259706,0.261533,0.383393,0.346680,0.386082,0.404040,0.319173,0.402037,-0.191907,-0.257826,0.507579,0.435980,0.361708,0.281818,0.320095,0.113353,0.425527,0.248553,0.345588,0.382704,0.007529,0.104967,0.253449,0.451054,0.332395,0.423272,0.402244,0.344764,0.333503,0.327850,-0.098696,-0.079478,0.144234,0.117401,0.394402,0.395021,0.359662,0.355214,0.390596,0.393203,0.809644,0.651250
0.305759,-0.108759,0.393310,0.691709,0.458063,0.669816,0.327660,0.546148,0.404592,0.713425,0.566635,0.638848,0.286242,0.561156,0.550954,0.000000,0.137928,0.009032,0.056906,0.372706,0.207064,0.128866,0.420902,0.709241,0.384252,0.346924,0.198640,0.401650,0.193742,0.205422,0.381273,0.471131,0.109443,0.164412,0.316238,0.477706,0.099198,0.168312,0.120492,0.258400,0.051228,-0.036626,-0.061575,-0.139551,-0.192293,-0.128356,-0.112529,-0.071169,-0.051010,0.030746,0.140530,0.199632,0.089707,0.264653,-0.041756,0.132143,-0.111496,-0.139022,0.163412,0.293968,0.258580,0.491002,0.220241,0.274477,0.494778,0.661612,0.166386,0.259186,-0.086689,-0.032494,0.182270,0.254294,0.155525,0.215345,0.240517,0.158134,0.109403,0.122396,0.025783,0.080426,0.008241,0.135679,0.085361,0.262596,0.418261,0.421714,0.242513,0.267345,0.426755,0.665974
0.573139,0.585961,0.141671,0.192825,0.020602,0.173919,0.328024,0.518810,0.340468,0.424390,0.277247,0.351787,0.489562,0.335270,0.345950,0.137928,0.000000,0.743127,0.545149,0.620386,-0.095977,0.004968,-0.183544,-0.155683,-0.224894,-0.101654,-0.122547,0.382154,0.692540,0.593482,-0.013069,-0.041434,0.751816,0.722226,-0.090519,0.041271,-0.200582,0.044569,-0.068656,0.071935,0.023453,-0.125217,0.414185,0.383789,0.284514,0.438603,0.244894,0.395604,0.259348,0.285624,0.081971,0.091779,0.151944,0.115149,0.139037,0.309588,0.545992,0.276716,0.242593,0.289777,0.478952,0.521583,0.468595,0.631405,-0.278972,-0.059269,-0.027392,0.065555,0.399317,0.247821,-0.000752,0.034012,0.161465,0.306836,0.149662,0.164481,0.018419,0.060027,0.381040,0.124225,0.674861,0.516289,0.383473,0.418670,-0.139459,0.006868,0.007783,-0.051225,0.058006,0.206307
0.492588,0.797009,-0.183047,-0.053893,-0.272790,-0.150165,-0.043153,0.081176,-0.036697,0.041913,-0.036600,0.115575,0.140074,0.113876,-0.143672,0.009032,0.743127,0.000000,0.145914,0.179542,-0.138004,-0.078472,-0.346882,-0.300760,-0.296614,-0.245939,-0.257798,0.103011,0.337465,0.465062,-0.158819,-0.198086,0.427724,0.286033,-0.203351,-0.114753,-0.033612,0.022704,-0.057453,-0.061287,0.013822,-0.116083,0.282192,0.281439,0.189121,0.273778,0.121153,0.229239,0.168876,0.237450,-0.026078,0.005754,0.032471,-0.007244,0.063935,0.209151,0.935852,0.783985,0.018261,0.014108,0.203652,0.216576,0.173030,0.439807,-0.428904,-0.213632,-0.245818,-0.200779,0.511587,0.223774,-0.159923,-0.139248,-0.002597,0.051315,-0.068163,0.002635,-0.132689,-0.049756,0.451229,0.313168,0.537377,0.576105,0.077026,0.158789,-0.264994,-0.129204,-0.104403,-0.158089,-0.305684,-0.021674
0.654592,0.243463,0.639375,0.283946,0.245632,0.270689,0.550554,0.480911,0.466460,0.434676,0.351137,0.213936,0.341863,0.229959,0.542094,0.056906,0.545149,0.145914,0.000000,0.800191,-0.106806,0.105865,0.199234,0.079826,0.031742,0.108009,0.036419,0.389596,0.381759,0.226434,0.227064,0.135858,0.666783,0.701301,0.185637,0.124560,-0.055034,0.143355,0.107989,0.205417,0.222885,-0.004805,0.381284,0.346215,0.253440,0.359795,0.310166,0.329609,0.152371,0.165231,0.063967,0.030010,0.100656,0.054825,0.194393,0.269761,0.043350,-0.117393,0.285286,0.200192,0.394115,0.369489,0.184679,0.367401,0.014631,0.090211,0.114161,0.176142,0.296032,0.209316,0.137883,0.274745,0.335454,0.445729,0.293644,0.406575,0.275724,0.226947,0.081060,-0.048996,0.332740,0.196931,0.474509,0.460239,0.039206,0.027245,0.237946,0.191540,0.354774,0.286146
0.683851,0.317495,0.679483,0.788718,0.491320,0.695593,0.442931,0.768534,0.547563,0.672642,0.491890,0.605500,0.348418,0.520126,0.632745,0.372706,0.620386,0.179542,0.800191,0.000000,-0.049791,0.138980,0.422988,0.511840,0.301184,0.407940,0.287304,0.527973,0.352558,0.179925,0.359941,0.419343,0.755230,0.819005,0.389101,0.523126,0.021172,0.378761,0.070978,0.319491,0.226257,0.040684,0.385975,0.334712,0.218054,0.367288,0.341673,0.451549,0.293699,0.315093,0.273813,0.289441,0.245864,0.426730,0.261625,0.437840,0.117659,-0.025555,0.357639,0.436054,0.357448,0.491965,0.283843,0.420500,0.245269,0.364026,0.380326,0.543775,0.308358,0.498541,0.159510,0.353713,0.399410,0.524183,0.450316,0.373052,0.408462,0.474868,0.063764,-0.152109,0.382052,0.306421,0.446296,0.584519,0.347385,0.503460,0.519674,0.448935,0.484446,0.688018
-0.104913,-0.244907,0.046626,0.046096,0.286515,0.034870,-0.169696,-0.176680,-0.016680,-0.052455,-0.002276,-0.007138,-0.286943,-0.057501,0.133415,0.207064,-0.095977,-0.138004,-0.106806,-0.049791,0.000000,0.559004,0.352495,0.309743,0.481753,0.488356,0.617751,0.118414,0.096346,0.224969,0.692633,0.378911,-0.196385,-0.070710,0.223775,0.261727,0.560733,0.394913,0.584093,0.612065,0.410794,0.301924,0.231012,0.247330,0.096250,0.072413,0.248603,0.290361,0.137703,0.166819,0.129293,0.194247,0.079938,0.288498,0.173731,0.242948,-0.155247,-0.255865,-0.136148,-0.085564,-0.411138,-0.267944,-0.438531,-0.362336,0.387493,0.121334,0.160578,0.164830,0.098612,-0.157940,0.310199,0.202986,0.036569,0.014581,0.026568,-0.094596,0.273227,0.156589,0.404595,0.253886,0.043526,0.150764,0.056493,-0.046629,0.499317,0.350789,0.271715,0.275572,0.188191,0.243645
0.071589,-0.114589,0.167486,0.154088,0.266070,0.158530,0.132804,0.054393,0.132340,0.096133,0.073463,0.034801,-0.070846,0.027281,0.230974,0.128866,0.004968,-0.078472,0.105865,0.138980,0.559004,0.000000,0.248655,0.262955,0.263834,0.400723,0.353277,0.201535,0.035346,0.107930,0.529601,0.302160,0.003188,0.119983,0.191413,0.282243,0.376994,0.389083,0.436818,0.240899,0.452237,0.554433,0.235806,0.198115,0.017563,0.050400,0.252854,0.230099,0.098788,0.115174,0.129356,0.141456,0.124263,0.246860,0.198595,0.294357,-0.128638,-0.247391,-0.103417,0.021882,-0.125891,-0.063181,-0.141178,-0.136741,0.215464,0.161173,0.066888,0.145818,0.075854,-0.184102,0.388355,0.285308,0.310506,0.223966,0.375248,0.183229,0.508627,0.411549,0.260016,0.122517,0.124855,0.128875,0.192887,0.093118,0.300131,0.255845,0.158728,0.346561,0.217546,0.317884
0.306750,-0.226738,0.956964,0.652821,0.897964,0.482341,0.192405,0.215726,0.320399,0.317399,0.510662,0.369079,0.127816,0.374940,0.579188,0.420902,-0.183544,-0.346882,0.199234,0.422988,0.352495,0.248655,0.000000,1.307380,1.495710,1.031594,0.837583,0.187819,-0.171813,-0.318430,0.774447,0.741479,-0.016569,0.063645,1.025229,0.871442,0.344998,0.681805,0.291391,0.667789,0.259252,0.163190,0.138987,0.124699,0.137594,0.058473,0.213547,0.278806,0.295915,0.385327,0.597436,0.650985,0.386732,0.708779,0.442653,0.511146,-0.253993,-0.211192,0.432716,0.336895,0.022500,-0.063321,-0.056825,-0.343852,1.125284,0.551769,0.795139,0.818481,-0.043084,0.233026,0.485584,0.527745,0.452854,0.416094,0.394429,0.310449,0.525476,0.578505,-0.161908,-0.167980,-0.113343,-0.034414,0.012932,0.074835,0.799346,0.743923,0.746333,0.716875,0.857355,0.781906
0.268075,-0.171063,0.739026,1.056315,0.899762,0.786628,0.239072,0.386429,0.383936,0.470544,0.443815,0.451722,0.019964,0.358426,0.487205,0.709241,-0.155683,-0.300760,0.079826,0.511840,0.309743,0.262955,1.307380,0.000000,1.187708,1.082507,0.757871,0.335412,-0.179852,-0.277783,0.729682,0.993747,0.038582,0.144019,0.927551,1.021051,0.251387,0.552308,0.185046,0.499932,0.176312,0.053494,0.061334,-0.000853,0.012534,-0.025906,0.109062,0.151198,0.172585,0.236951,0.407806,0.493434,0.207831,0.619405,0.229005,0.350153,-0.224257,-0.202117,0.260636,0.304713,0.054164,0.124750,0.000482,-0.115526,1.100867,0.917824,0.660695,0.790940,-0.051569,0.218647,0.390843,0.503233,0.373927,0.363955,0.393173,0.231088,0.461759,0.541571,-0.133933,-0.176555,-0.101058,0.045282,0.013818,0.155797,0.891607,0.929531,0.743483,0.785015,0.742392,0.927097
0.264481,-0.121316,0.596586,0.503712,0.808403,0.368569,-0.026678,0.004759,0.122142,0.107591,0.345846,0.257124,-0.088455,0.280737,0.385284,0.384252,-0.224894,-0.296614,0.031742,0.301184,0.481753,0.263834,1.495710,1.187708,0.000000,1.197835,0.926123,0.104296,-0.272656,-0.349387,0.725107,0.637239,-0.158791,-0.064512,0.896501,0.799328,0.455838,0.719524,0.329460,0.682679,0.270629,0.186292,0.138875,0.128799,0.136875,0.027404,0.182482,0.276909,0.244906,0.346406,0.467095,0.577348,0.217517,0.699013,0.323160,0.428642,-0.162127,-0.109317,0.219097,0.132992,-0.186479,-0.238922,-0.226435,-0.449600,1.121549,0.498913,0.683326,0.677267,0.075234,0.289988,0.443970,0.451022,0.357552,0.292052,0.285142,0.151314,0.486428,0.535922,-0.043180,-0.124727,-0.132393,0.028444,-0.047423,0.013980,0.912083,0.858127,0.819978,0.780624,0.654845,0.632116
0.210004,-0.040670,0.532839,0.555064,0.739768,0.437891,0.066312,0.146344,0.228796,0.200140,0.317569,0.309155,-0.063592,0.247339,0.365116,0.346924,-0.101654,-0.245939,0.108009,0.407940,0.488356,0.400723,1.031594,1.082507,1.197835,0.000000,0.883725,0.259692,-0.205574,-0.246460,0.734460,0.735752,0.037943,0.152164,0.846863,0.874645,0.394508,0.777851,0.261206,0.672212,0.304930,0.175068,0.266340,0.241191,0.212257,0.165509,0.278274,0.402972,0.345855,0.408167,0.431055,0.554937,0.204875,0.636948,0.373005,0.499627,-0.127294,-0.145296,0.234162,0.196134,-0.146417,-0.143900,-0.171172,-0.247050,0.801738,0.498710,0.652221,0.722108,0.069068,0.265373,0.512246,0.471383,0.433077,0.411409,0.360331,0.183978,0.547764,0.579056,0.026079,-0.082853,0.028779,0.143131,0.018028,0.074525,0.763174,0.808153,0.688063,0.746937,0.514917,0.661422
0.085820,-0.087887,0.316744,0.350392,0.752692,0.344018,-0.141533,-0.021221,0.219745,0.087913,0.112155,0.195925,-0.175409,0.199587,0.333510,0.198640,-0.122547,-0.257798,0.036419,0.287304,0.617751,0.353277,0.837583,0.757871,0.926123,0.883725,0.000000,0.207856,-0.117958,-0.096700,0.597235,0.564574,-0.093007,-0.009181,0.560517,0.642465,0.508260,0.659753,0.441009,0.622814,0.425079,0.334796,0.317805,0.293101,0.232719,0.180277,0.413930,0.465647,0.412595,0.449566,0.548396,0.608559,0.359347,0.789188,0.431897,0.497438,-0.111374,-0.118204,0.277947,0.243941,-0.227469,-0.288876,-0.187640,-0.422359,0.688162,0.217187,0.673938,0.666816,0.127559,0.256691,0.330028,0.319856,0.217437,0.220808,0.237261,0.165934,0.522693,0.493550,0.138188,-0.069443,0.008070,0.127643,0.165816,0.121407,0.826426,0.846771,0.784527,0.810517,0.593590,0.573037
0.217416,0.010145,0.371804,0.582048,0.403784,0.611564,0.508297,0.695539,0.646767,0.682270,0.105561,0.287746,0.172953,0.114514,0.442688,0.401650,0.382154,0.103011,0.389596,0.527973,0.118414,0.201535,0.187819,0.335412,0.104296,0.259692,0.207856,0.000000,0.193997,0.153031,0.269410,0.346962,0.265365,0.403722,0.100590,0.142714,-0.113162,0.105857,0.012224,0.130897,0.021164,-0.110967,0.286339,0.232583,0.109156,0.217389,0.152151,0.221535,0.149485,0.153503,0.062458,0.098730,0.134535,0.185596,0.131562,0.276121,-0.034648,-0.146429,0.222688,0.396089,0.314839,0.574435,0.123088,0.375742,0.019107,0.425991,0.038481,0.194021,0.115100,0.102717,0.233651,0.263378,0.034972,0.130710,0.182473,0.156725,0.114720,0.108994,0.074822,-0.069662,0.221506,0.237315,0.228720,0.290199,0.039447,0.087966,0.158356,0.155847,0.321444,0.542084
0.304841,0.189359,0.119575,0.136634,0.008813,0.056761,0.277632,0.420984,0.268233,0.350021,0.323214,0.267220,0.354984,0.327903,0.328794,0.193742,0.692540,0.337465,0.381759,0.352558,0.096346,0.035346,-0.171813,-0.179852,-0.272656,-0.205574,-0.117958,0.193997,0.000000,0.971895,0.082027,-0.078608,0.525845,0.548043,-0.219957,0.009000,-0.047514,-0.021497,0.280484,0.211189,0.214969,0.114004,0.289796,0.300202,0.152515,0.272273,0.223539,0.264827,0.096954,0.049501,-0.074507,-0.072470,0.156688,0.006845,0.111680,0.189412,0.190666,0.019867,0.093277,0.185023,0.301871,0.381601,0.417320,0.555685,-0.253295,-0.056607,-0.115126,-0.015122,0.114293,-0.086988,0.014875,0.088080,0.164432,0.258652,0.178370,0.133795,0.084418,-0.005337,0.437856,0.299335,0.584533,0.405124,0.614405,0.572417,-0.057815,0.013240,-0.011699,-0.055426,0.097006,0.131039
0.113455,0.169019,-0.155650,-0.040477,-0.126646,-0.034497,0.037780,0.163201,0.096041,0.230466,0.047929,0.131759,0.071664,0.144794,0.093612,0.205422,0.593482,0.465062,0.226434,0.179925,0.224969,0.107930,-0.318430,-0.277783,-0.349387,-0.246460,-0.096700,0.153031,0.971895,0.000000,0.152195,-0.036401,0.307264,0.355809,-0.264877,-0.069800,0.149374,-0.016686,0.452308,0.152995,0.311219,0.248521,0.327578,0.326681,0.112740,0.262469,0.266005,0.229888,0.108160,0.099792,-0.058730,-0.052565,0.088017,0.001865,0.063390,0.206590,0.180335,0.011682,-0.098492,0.027264,0.068478,0.229841,0.148938,0.412362,-0.300261,-0.157336,-0.235661,-0.156336,0.155672,-0.241268,-0.009150,-0.122959,-0.040264,0.018441,0.048899,0.006865,0.058297,-0.067298,0.762229,0.715556,0.668546,0.624543,0.700854,0.651847,-0.020520,-0.022328,-0.011485,-0.027406,-0.074918,0.030239
0.164130,-0.197773,0.512609,0.475436,0.439668,0.238737,0.138312,0.180696,0.212963,0.274040,0.230105,0.200729,-0.050357,0.211361,0.340482,0.381273,-0.013069,-0.158819,0.227064,0.359941,0.692633,0.529601,0.774447,0.729682,0.725107,0.734460,0.597235,0.269410,0.082027,0.152195,0.000000,0.972104,0.160288,0.305683,0.633354,0.603632,0.536314,0.559784,0.649838,0.695580,0.517486,0.334549,0.222758,0.216770,0.056386,0.080802,0.183441,0.237301,0.134513,0.188815,0.214518,0.298460,0.136908,0.409922,0.241728,0.376110,-0.183312,-0.285539,0.029962,0.059511,-0.097797,0.011794,-0.185922,-0.131169,0.574929,0.486881,0.322761,0.399348,0.074316,-0.050126,0.538448,0.433367,0.238747,0.215241,0.307845,0.144843,0.518150,0.461739,0.296345,0.211972,0.172085,0.271707,0.327865,0.292444,0.645192,0.553303,0.551599,0.582606,0.487264,0.582056
0.119997,-0.180852,0.547429,0.818398,0.540710,0.555757,0.289454,0.432154,0.349437,0.440246,0.264805,0.314696,-0.025906,0.153479,0.286650,0.471131,-0.041434,-0.198086,0.135858,0.419343,0.378911,0.302160,0.741479,0.993747,0.637239,0.735752,0.564574,0.346962,-0.078608,-0.036401,0.972104,0.000000,0.204887,0.353396,0.789951,0.808136,0.215310,0.308696,0.214774,0.365753,0.195873,0.042422,0.110430,0.056079,0.055500,0.079863,0.132644,0.170238,0.199175,0.210138,0.301953,0.355573,0.112442,0.389037,0.152273,0.266902,-0.193445,-0.266876,0.180219,0.245336,0.081186,0.197455,0.021862,0.065413,0.737330,0.803295,0.541276,0.649268,-0.075227,0.072979,0.451053,0.455345,0.228718,0.237933,0.324939,0.269855,0.366542,0.429660,0.011106,-0.091132,0.022805,0.153466,0.115314,0.217083,0.650973,0.633730,0.557915,0.572554,0.478442,0.648386
0.561079,0.453371,0.346111,0.465400,0.043719,0.263588,0.452229,0.715948,0.401322,0.513976,0.280884,0.323985,0.405139,0.326200,0.243366,0.109443,0.751816,0.427724,0.666783,0.755230,-0.196385,0.003188,-0.016569,0.038582,-0.158791,0.037943,-0.093007,0.265365,0.525845,0.307264,0.160288,0.204887,0.000000,1.479457,0.183114,0.258866,-0.125900,0.116816,-0.108565,0.089005,0.108013,-0.153015,0.327280,0.305545,0.273812,0.456069,0.253549,0.341462,0.234542,0.221540,0.057344,0.066487,0.088132,0.027601,0.127946,0.216264,0.379990,0.153532,0.297604,0.313360,0.612849,0.634967,0.577994,0.819374,-0.127780,0.213202,0.169573,0.296223,0.270040,0.277523,0.048307,0.168653,0.258414,0.397564,0.282877,0.291584,0.163832,0.187446,0.126329,-0.054622,0.460734,0.286442,0.356404,0.435675,-0.074953,0.078008,0.080322,0.054259,0.110431,0.299584
0.431059,0.341805,0.400514,0.579574,0.161700,0.351344,0.519715,0.771593,0.463427,0.577570,0.274965,0.285096,0.301730,0.244821,0.291612,0.164412,0.722226,0.286033,0.701301,0.819005,-0.070710,0.119983,0.063645,0.144019,-0.064512,0.152164,-0.009181,0.403722,0.548043,0.355809,0.305683,0.353396,1.479457,0.000000,0.222254,0.315482,-0.145843,0.105996,-0.023669,0.133529,0.119561,-0.117308,0.340015,0.292614,0.233423,0.416071,0.239555,0.326049,0.180602,0.158542,-0.011017,0.021735,0.018365,0.037970,0.084639,0.196425,0.236690,-0.006900,0.188348,0.277474,0.497991,0.642421,0.449043,0.791949,-0.058297,0.334907,0.143899,0.305146,0.225171,0.196836,0.166142,0.199260,0.288432,0.392923,0.351082,0.302683,0.246421,0.245660,0.180882,-0.026192,0.448084,0.278980,0.414547,0.485436,-0.001925,0.110361,0.134524,0.106539,0.170571,0.336722
0.304170,-0.114484,0.776760,0.659908,0.645478,0.433485,0.284561,0.262947,0.283711,0.260827,0.462053,0.282560,0.112639,0.215227,0.306725,0.316238,-0.090519,-0.203351,0.185637,0.389101,0.223775,0.191413,1.025229,0.927551,0.896501,0.846863,0.560517,0.100590,-0.219957,-0.264877,0.633354,0.789951,0.183114,0.222254,0.000000,1.209377,0.321984,0.585716,0.162368,0.510301,0.172515,0.098217,0.208069,0.126016,0.275528,0.200531,0.241433,0.291171,0.387844,0.421737,0.484677,0.514769,0.213629,0.531662,0.336227,0.438133,-0.143158,-0.140907,0.409174,0.272882,0.193046,0.024774,0.046114,-0.191168,1.048323,0.662347,0.982566,0.901226,-0.057959,0.256589,0.339184,0.349149,0.303583,0.321756,0.274982,0.235687,0.483469,0.600663,-0.161813,-0.141429,-0.072398,-0.024787,-0.009948,0.070543,0.669550,0.608837,0.628524,0.647749,0.609593,0.583855
0.279713,-0.054027,0.634171,0.841710,0.754993,0.589373,0.259362,0.413729,0.404169,0.420801,0.495386,0.475933,0.080808,0.394016,0.364898,0.477706,0.041271,-0.114753,0.124560,0.523126,0.261727,0.282243,0.871442,1.021051,0.799328,0.874645,0.642465,0.142714,0.009000,-0.069800,0.603632,0.808136,0.258866,0.315482,1.209377,0.000000,0.338041,0.675035,0.219814,0.498096,0.317084,0.221345,0.271119,0.168029,0.290819,0.274636,0.367948,0.382564,0.504760,0.511594,0.565806,0.640603,0.313155,0.715713,0.373478,0.543887,-0.122207,-0.151468,0.411986,0.383394,0.159271,0.098571,0.156204,-0.061329,0.928835,0.678424,0.973647,1.070460,-0.075540,0.195974,0.351309,0.382846,0.424164,0.525952,0.457873,0.358795,0.587907,0.693329,-0.020136,-0.065773,0.049327,0.108731,0.108469,0.207672,0.848245,0.885557,0.721245,0.825835,0.586825,0.758628
0.103917,-0.060278,0.066401,0.016152,0.173778,-0.031461,-0.280143,-0.270779,-0.034079,-0.047623,-0.026404,0.005436,-0.258958,0.085960,0.009352,0.099198,-0.200582,-0.033612,-0.055034,0.021172,0.560733,0.376994,0.344998,0.251387,0.455838,0.394508,0.508260,-0.113162,-0.047514,0.149374,0.536314,0.215310,-0.125900,-0.145843,0.321984,0.338041,0.000000,0.803940,0.874978,0.464364,0.888409,0.701001,0.261460,0.270365,0.180738,0.150136,0.332924,0.276698,0.261322,0.297024,0.317517,0.329753,0.264437,0.468504,0.404581,0.446754,-0.050424,-0.060636,-0.043723,-0.074602,-0.310684,-0.338782,-0.321105,-0.352844,0.359322,0.038813,0.280059,0.243767,0.207915,-0.053861,0.304983,0.235410,0.195206,0.112388,0.082731,-0.035454,0.578423,0.404072,0.400069,0.336116,0.114050,0.244338,0.262642,0.141338,0.562431,0.419192,0.449030,0.464010,0.309695,0.290751
0.386419,0.064989,0.365863,0.322212,0.431630,0.200210,-0.068491,0.030568,0.168772,0.169495,0.242842,0.284291,0.003464,0.366919,0.288642,0.168312,0.044569,0.022704,0.143355,0.378761,0.394913,0.389083,0.681805,0.552308,0.719524,0.777851,0.659753,0.105857,-0.021497,-0.016686,0.559784,0.308696,0.116816,0.105996,0.585716,0.675035,0.803940,0.000000,0.538609,0.710970,0.720920,0.555484,0.452909,0.451797,0.306581,0.303561,0.501955,0.586316,0.481428,0.540131,0.536865,0.560491,0.450903,0.725245,0.638120,0.746834,0.085940,0.030422,0.256277,0.206692,-0.082812,-0.177483,-0.140747,-0.319123,0.482817,0.189517,0.537725,0.583441,0.319453,0.224274,0.339124,0.353358,0.513029,0.498410,0.338702,0.105379,0.837264,0.810951,0.265706,0.142029,0.287748,0.296437,0.271719,0.260104,0.672629,0.682178,0.650856,0.770803,0.513043,0.617264
0.077936,-0.167476,0.092446,0.029674,0.157614,-0.062296,-0.132737,-0.184502,-0.061792,-0.014968,-0.026626,-0.083615,-0.229172,0.044184,0.165134,0.120492,-0.068656,-0.057453,0.107989,0.070978,0.584093,0.436818,0.291391,0.185046,0.329460,0.261206,0.441009,0.012224,0.280484,0.452308,0.649838,0.214774,-0.108565,-0.023669,0.162368,0.219814,0.874978,0.538609,0.000000,0.655916,0.931611,0.802170,0.357135,0.370113,0.112823,0.124153,0.351006,0.284724,0.154774,0.165966,0.144349,0.146665,0.200660,0.300403,0.298128,0.385885,-0.143047,-0.216503,-0.102027,-0.084940,-0.276260,-0.248559,-0.289776,-0.244050,0.198731,-0.009559,0.061953,0.057341,0.135577,-0.271089,0.276710,0.191353,0.143396,0.094454,0.177533,0.059381,0.541583,0.303299,0.527452,0.463780,0.258147,0.345834,0.645645,0.437144,0.447857,0.308736,0.344646,0.405856,0.312118,0.239910
0.312672,-0.030016,0.386193,0.273496,0.386167,0.126675,-0.046572,0.031113,0.092732,0.116575,0.259023,0.215131,0.007279,0.296243,0.358248,0.258400,0.071935,-0.061287,0.205417,0.319491,0.612065,0.240899,0.667789,0.499932,0.682679,0.672212,0.622814,0.130897,0.211189,0.152995,0.695580,0.365753,0.089005,0.133529,0.510301,0.498096,0.464364,0.710970,0.655916,0.000000,0.491789,0.272980,0.360441,0.388911,0.244375,0.206234,0.344011,0.461369,0.332900,0.365322,0.356793,0.397905,0.271219,0.411694,0.424373,0.512038,-0.002395,-0.094315,0.186088,0.079104,-0.114193,-0.176011,-0.135678,-0.234297,0.497301,0.196427,0.358327,0.374144,0.136432,0.085717,0.375491,0.361635,0.262645,0.262820,0.249832,0.156012,0.385976,0.356237,0.235623,0.196864,0.242486,0.314002,0.248690,0.221755,0.526985,0.498882,0.528940,0.528486,0.408332,0.389378
0.237923,-0.034911,0.166224,0.092298,0.275977,0.053435,-0.122040,-0.050576,0.117476,0.109499,0.015783,0.074564,-0.153266,0.226805,0.236894,0.051228,0.023453,0.013822,0.222885,0.226257,0.410794,0.452237,0.259252,0.176312,0.270629,0.304930,0.425079,0.021164,0.214969,0.311219,0.517486,0.195873,0.108013,0.119561,0.172515,0.317084,0.888409,0.720920,0.931611,0.491789,0.000000,0.856041,0.418901,0.415916,0.197476,0.236512,0.455608,0.400975,0.302391,0.294598,0.275988,0.287217,0.328333,0.417802,0.411470,0.451917,-0.039075,-0.147530,0.030270,-0.005795,-0.195588,-0.236113,-0.098433,-0.148426,0.182226,-0.070742,0.178014,0.199789,0.171948,-0.149324,0.283648,0.305264,0.426669,0.373170,0.377390,0.200342,0.701813,0.470930,0.418105,0.336475,0.323240,0.389625,0.619322,0.423922,0.454474,0.413248,0.420969,0.471482,0.282687,0.294102
-0.058064,-0.179614,0.007059,-0.086120,0.176536,-0.062990,-0.149780,-0.189436,-0.040639,-0.098436,-0.075663,-0.005548,-0.221812,0.063413,0.074985,-0.036626,-0.125217,-0.116083,-0.004805,0.040684,0.301924,0.554433,0.163190,0.053494,0.186292,0.175068,0.334796,-0.110967,0.114004,0.248521,0.334549,0.042422,-0.153015,-0.117308,0.098217,0.221345,0.701001,0.555484,0.802170,0.272980,0.856041,0.000000,0.304269,0.328921,0.122491,0.139563,0.441020,0.280499,0.204290,0.196651,0.223368,0.184998,0.329256,0.324301,0.362886,0.344370,-0.187909,-0.213092,-0.116036,-0.003315,-0.295080,-0.315224,-0.184506,-0.304104,0.089693,-0.180515,0.094296,0.088692,0.007951,-0.281603,0.207842,0.074928,0.227192,0.200273,0.239387,0.072558,0.545696,0.390707,0.312199,0.215644,0.183358,0.151959,0.437860,0.273873,0.379219,0.279907,0.215921,0.391220,0.237976,0.136668
0.299706,0.307102,0.168569,0.140421,0.346789,0.205773,0.091084,0.187971,0.326873,0.149089,0.050074,0.126681,0.069539,0.096206,0.286982,-0.061575,0.414185,0.282192,0.381284,0.385975,0.231012,0.235806,0.138987,0.061334,0.138875,0.266340,0.317805,0.286339,0.289796,0.327578,0.222758,0.110430,0.327280,0.340015,0.208069,0.271119,0.261460,0.452909,0.357135,0.360441,0.418901,0.304269,0.000000,1.630508,1.259508,1.326662,1.395921,1.437947,0.954856,0.837271,0.289086,0.266963,0.250710,0.333961,0.532185,0.676433,0.288394,0.111772,0.270549,0.275942,0.034272,-0.018323,0.090384,0.058280,-0.030012,-0.116492,0.339309,0.387726,0.443977,0.250695,0.112951,0.108619,0.162587,0.195582,0.099318,0.092444,0.439944,0.385782,0.317935,0.095744,0.502722,0.398961,0.471794,0.404302,0.135573,0.182407,0.366188,0.334008,0.253952,0.275599
0.263963,0.291854,0.135164,0.032188,0.284071,0.079937,-0.002244,0.084787,0.212727,0.090609,-0.004705,0.085912,0.055772,0.067797,0.237689,-0.139551,0.383789,0.281439,0.346215,0.334712,0.247330,0.198115,0.124699,-0.000853,0.128799,0.241191,0.293101,0.232583,0.300202,0.326681,0.216770,0.056079,0.305545,0.292614,0.126016,0.168029,0.270365,0.451797,0.370113,0.388911,0.415916,0.328921,1.630508,0.000000,1.024716,1.137496,1.200841,1.519848,0.781364,0.785242,0.279176,0.258701,0.338030,0.293319,0.587992,0.665062,0.315605,0.150528,0.273252,0.257590,-0.000151,-0.089373,0.072618,0.021572,-0.111407,-0.228881,0.246844,0.283322,0.485880,0.227658,0.157589,0.112427,0.177284,0.174940,0.101673,0.061671,0.412259,0.343155,0.365908,0.165559,0.542727,0.455684,0.421175,0.356423,0.065023,0.110496,0.252518,0.231952,0.215949,0.189790
0.200399,0.243719,0.155297,0.075121,0.290312,0.123361,0.065839,0.132985,0.286355,0.064409,0.071951,0.079463,0.078361,-0.007851,0.150780,-0.192293,0.284514,0.189121,0.253440,0.218054,0.096250,0.017563,0.137594,0.012534,0.136875,0.212257,0.232719,0.109156,0.152515,0.112740,0.056386,0.055500,0.273812,0.233423,0.275528,0.290819,0.180738,0.306581,0.112823,0.244375,0.197476,0.122491,1.259508,1.024716,0.000000,1.650387,1.100317,1.052668,1.098903,0.894452,0.257512,0.254400,0.117036,0.240281,0.402897,0.517461,0.244890,0.117092,0.332818,0.243131,0.070171,-0.048590,0.156277,0.054496,0.040896,-0.059879,0.524831,0.505259,0.344406,0.359310,0.089017,0.080886,0.073817,0.123640,-0.015297,0.040601,0.257274,0.267850,0.102880,-0.014615,0.273685,0.199403,0.198969,0.155515,0.077181,0.101575,0.355102,0.232081,0.211239,0.140602
0.221218,0.304474,0.131606,0.128311,0.281024,0.215791,0.141262,0.291501,0.402350,0.221968,0.108205,0.189387,0.128949,0.066806,0.194650,-0.128356,0.438603,0.273778,0.359795,0.367288,0.072413,0.050400,0.058473,-0.025906,0.027404,0.165509,0.180277,0.217389,0.272273,0.262469,0.080802,0.079863,0.456069,0.416071,0.200531,0.274636,0.150136,0.303561,0.124153,0.206234,0.236512,0.139563,1.326662,1.137496,1.650387,0.000000,1.092622,1.141174,1.119854,0.974329,0.252394,0.257570,0.145155,0.233240,0.404137,0.562159,0.235768,0.068724,0.358810,0.347962,0.121702,0.107178,0.190308,0.236688,-0.080986,-0.065533,0.448254,0.495121,0.381356,0.331186,0.065282,0.055175,0.061746,0.125782,0.029204,0.056190,0.300523,0.284849,0.159017,0.011342,0.371640,0.273763,0.336788,0.314129,0.037945,0.092458,0.293953,0.213387,0.178996,0.214157
0.180450,0.177866,0.191696,0.148265,0.392776,0.235506,0.063468,0.131787,0.322206,0.149830,0.036387,0.117784,-0.006832,0.058821,0.257817,-0.112529,0.244894,0.121153,0.310166,0.341673,0.248603,0.252854,0.213547,0.109062,0.182482,0.278274,0.413930,0.152151,0.223539,0.266005,0.183441,0.132644,0.253549,0.239555,0.241433,0.367948,0.332924,0.501955,0.351006,0.344011,0.455608,0.441020,1.395921,1.200841,1.100317,1.092622,0.000000,1.368867,1.063096,0.882505,0.480109,0.427041,0.429300,0.436492,0.713702,0.768648,0.128440,0.022932,0.374629,0.380076,-0.001129,-0.088524,0.100606,-0.054933,0.085813,-0.113778,0.503518,0.540280,0.275181,0.216433,0.054936,0.079292,0.171825,0.275794,0.147919,0.172562,0.462521,0.402911,0.228717,0.015674,0.328577,0.246189,0.396032,0.345107,0.244165,0.264323,0.423843,0.424455,0.333522,0.315768
0.327312,0.317548,0.233748,0.163751,0.402767,0.228047,0.043577,0.190819,0.329642,0.175703,0.118421,0.236126,0.120594,0.178403,0.299871,-0.071169,0.395604,0.229239,0.329609,0.451549,0.290361,0.230099,0.278806,0.151198,0.276909,0.402972,0.465647,0.221535,0.264827,0.229888,0.237301,0.170238,0.341462,0.326049,0.291171,0.382564,0.276698,0.586316,0.284724,0.461369,0.400975,0.280499,1.437947,1.519848,1.052668,1.141174,1.368867,0.000000,1.001840,1.038579,0.492495,0.501197,0.445045,0.519580,0.707683,0.905173,0.289839,0.157628,0.465868,0.432164,0.054764,-0.063810,0.109054,-0.013455,0.066598,-0.124387,0.504533,0.561113,0.397452,0.362989,0.176318,0.217881,0.272232,0.349775,0.227376,0.235815,0.482973,0.473504,0.263362,0.025849,0.467168,0.398793,0.337710,0.314066,0.204499,0.312382,0.390494,0.351870,0.306660,0.353129
