0.000000,1.263831,0.794502,0.641068,0.157111,0.179535,0.741277,0.537423,0.163365,0.246903,0.903179,0.726075,0.562602,0.489415,0.405454,0.325690,0.621267,0.719033,0.906289,0.786735,0.308119,0.134126,0.509826,0.319508,0.474212,0.300399,0.194185,0.095278,0.315065,0.198659,0.160112,0.230015,0.709565,0.552362,0.621291,0.476911,0.184339,0.200094,0.292988,0.501228,0.367821,0.368757,0.486312,0.366634,0.364400,0.537097,0.362302,0.435610,0.752243,0.812014,0.797763,0.436432,0.393448,0.262566,0.379154,0.405539,1.154209,1.112606,0.704654,0.528191,0.998790,0.584567,0.333492,0.271689,0.665159,0.688774,0.587189,0.529710,0.587645,0.456762,-0.044746,0.164658,0.510254,0.493875,0.241425,0.367916,0.178743,0.210159,0.266569,0.229838,0.617001,0.526184,0.530803,0.459159,0.772604,0.760430,0.512585,0.462591,0.601693,0.781215
1.263831,0.000000,0.734004,0.601571,0.337080,0.311712,0.746822,0.539471,0.328339,0.335953,0.807231,0.828356,0.715314,0.632727,0.548726,0.430459,0.729618,0.896960,1.002501,0.957314,0.316818,0.134021,0.554899,0.340893,0.633209,0.376029,0.346446,0.176579,0.402834,0.346579,0.168133,0.232596,0.915042,0.799827,0.658546,0.469580,0.256394,0.200390,0.236572,0.503277,0.336675,0.224304,0.608907,0.407088,0.579811,0.762910,0.536700,0.509177,0.849618,0.775156,0.778162,0.400088,0.384342,0.210301,0.518109,0.475947,1.469400,1.553189,0.671062,0.519120,0.990925,0.501419,0.331058,0.327115,0.620338,0.608308,0.812706,0.749131,0.976446,0.799427,-0.088727,0.145537,0.471682,0.471950,0.223598,0.215259,0.246531,0.277503,0.333322,0.255732,0.622056,0.519530,0.472413,0.377571,0.895301,0.746576,0.384423,0.421853,0.576484,0.730920
0.794502,0.734004,0.000000,1.101362,0.503630,0.406688,1.016855,0.758834,0.430828,0.599192,0.643151,0.535494,0.606348,0.564802,0.575211,0.557178,0.377096,0.507293,0.963991,0.787003,0.191162,0.282858,1.131179,0.918040,0.833221,0.523058,0.213274,0.133292,0.195962,0.178152,0.421654,0.377837,0.659779,0.498865,0.677450,0.392705,0.192551,0.342527,0.380195,0.468867,0.373682,0.331799,0.635082,0.402478,0.336100,0.440676,0.389903,0.431578,0.495165,0.636341,0.656753,0.444608,0.482438,0.418716,0.417005,0.534075,0.562181,0.521900,0.514397,0.435579,0.600768,0.392455,0.160898,0.108740,0.575131,0.563013,0.591154,0.525187,0.540127,0.430720,0.344844,0.530463,0.676700,0.504184,0.431280,0.427825,0.379214,0.405079,0.212947,0.241669,0.479924,0.475472,0.463307,0.406792,0.591546,0.693987,0.538764,0.440844,0.764579,0.782811
0.641068,0.601571,1.101362,0.000000,0.487824,0.385176,0.967781,1.043590,0.436481,0.692716,0.472450,0.619773,0.562782,0.691593,0.542852,0.591787,0.372278,0.522360,0.683514,0.748193,0.093805,0.249579,0.867364,0.892944,0.617147,0.465699,0.148187,0.103871,0.214933,0.266642,0.498291,0.522077,0.602885,0.598050,0.741110,0.410717,0.239838,0.366186,0.283905,0.307709,0.397116,0.339472,0.534475,0.355174,0.282355,0.352998,0.328521,0.351762,0.344043,0.479286,0.409499,0.261508,0.301482,0.282777,0.258168,0.313069,0.397914,0.409458,0.349553,0.331763,0.493072,0.620475,0.215844,0.267620,0.514601,0.650721,0.376464,0.385981,0.396731,0.340869,0.141726,0.352141,0.629770,0.655896,0.426875,0.417800,0.415317,0.419144,0.185411,0.320869,0.448538,0.421172,0.330458,0.374945,0.489139,0.506078,0.362574,0.362432,0.514316,0.496569
0.157111,0.337080,0.503630,0.487824,0.000000,1.407991,0.716130,0.745989,1.403827,1.122801,0.100891,0.321481,0.826590,0.808915,1.077938,0.899249,0.343939,0.458377,0.641991,0.698776,0.312023,0.468001,0.553882,0.628389,0.767763,0.572608,0.784210,0.722756,0.476660,0.524135,0.409189,0.201952,0.677658,0.688989,0.377193,0.371398,0.272034,0.287752,0.214864,0.404375,0.169927,0.121289,0.542400,0.279282,0.532791,0.448519,0.567749,0.364309,0.348719,0.249760,0.224070,0.150206,0.328704,0.105231,0.325354,0.487524,0.273280,0.126698,0.296734,0.243065,0.233559,0.192028,0.029873,0.285948,0.207279,0.184823,0.465065,0.538780,0.585169,0.480372,0.244343,0.334284,0.776195,0.603513,0.536052,0.443051,0.498820,0.484913,0.264290,0.316894,0.426385,0.592364,0.216433,0.256441,0.263482,0.307643,-0.077473,0.352929,0.601515,0.461943
0.179535,0.311712,0.406688,0.385176,1.407991,0.000000,0.669124,0.723046,1.149691,1.102379,0.101922,0.307500,0.818305,0.816094,1.168740,1.075221,0.433818,0.497280,0.629363,0.722055,0.486912,0.475633,0.453359,0.518548,0.813674,0.710973,1.106931,1.164093,0.586414,0.561071,0.449812,0.235875,0.779488,0.776015,0.459909,0.517914,0.374488,0.351482,0.197146,0.461355,0.158589,0.155338,0.560275,0.309912,0.649967,0.518202,0.660021,0.428349,0.442141,0.285411,0.246209,0.172499,0.315562,0.071795,0.313404,0.484897,0.310965,0.134180,0.370322,0.232613,0.246392,0.171564,0.035624,0.296147,0.259087,0.206697,0.544365,0.618520,0.558534,0.473894,0.235494,0.298016,0.826806,0.716273,0.600433,0.522121,0.480629,0.462220,0.267117,0.242447,0.479555,0.651064,0.261506,0.273901,0.303290,0.352636,-0.072224,0.437891,0.624649,0.500329
0.741277,0.746822,1.016855,0.967781,0.716130,0.669124,0.000000,1.214051,0.718626,0.875052,0.496325,0.491864,0.842445,0.706687,0.917203,0.811199,0.529027,0.594655,1.081352,0.974881,0.276737,0.289415,0.900783,0.789256,0.790912,0.625641,0.458357,0.431186,0.441636,0.367422,0.497867,0.467947,0.917680,0.824541,0.809106,0.563766,0.274930,0.199682,0.268757,0.530483,0.258897,0.177774,0.554758,0.297656,0.603762,0.600166,0.512985,0.372525,0.567300,0.517271,0.435170,0.215632,0.290671,0.105207,0.334375,0.418365,0.651446,0.557519,0.593252,0.417025,0.780200,0.508576,0.311917,0.408806,0.830789,0.692598,0.726863,0.755810,0.677846,0.568882,0.231201,0.380041,0.837223,0.672021,0.501805,0.528961,0.422445,0.495457,0.318301,0.327800,0.569193,0.653866,0.400116,0.339027,0.801815,0.822457,0.229889,0.348282,0.744343,0.805769
0.537423,0.539471,0.758834,1.043590,0.745989,0.723046,1.214051,0.000000,0.654674,1.003721,0.412965,0.560835,0.673537,0.849430,0.798950,0.940588,0.451497,0.531667,0.844076,1.087789,0.277334,0.366265,0.822097,0.890505,0.745766,0.779520,0.438147,0.517392,0.388200,0.404135,0.673455,0.711931,0.867642,0.893669,0.716195,0.552827,0.328170,0.296395,0.274171,0.430173,0.300902,0.242059,0.568298,0.314302,0.545451,0.456142,0.436561,0.358098,0.420028,0.384732,0.264528,0.123453,0.231943,0.022966,0.169285,0.311015,0.443830,0.336776,0.428332,0.303729,0.498902,0.613521,0.257146,0.478760,0.590999,0.609715,0.497604,0.582965,0.460912,0.429657,0.251591,0.378766,0.801926,0.806253,0.576431,0.560057,0.475749,0.589549,0.207097,0.325636,0.484234,0.616192,0.275453,0.361918,0.559652,0.607777,0.150531,0.423282,0.656136,0.594525
0.163365,0.328339,0.430828,0.436481,1.403827,1.149691,0.718626,0.654674,0.000000,1.119204,0.091876,0.310740,1.042782,0.872219,1.172286,0.856842,0.355961,0.501679,0.511915,0.580869,0.322924,0.250259,0.394486,0.477689,0.549349,0.432730,0.661394,0.617209,0.550651,0.540120,0.284610,0.115729,0.550488,0.570911,0.336842,0.311470,0.239537,0.222916,0.082919,0.318371,0.144349,0.127802,0.493074,0.295178,0.509773,0.455165,0.571698,0.379762,0.355027,0.252818,0.219556,0.107563,0.315863,0.099120,0.284293,0.392246,0.265660,0.158796,0.254255,0.187999,0.268411,0.218461,0.058638,0.344861,0.249142,0.181449,0.413694,0.461951,0.514674,0.415990,0.125742,0.186205,0.632654,0.475289,0.440366,0.294679,0.414711,0.365139,0.239670,0.291393,0.430872,0.573139,0.206139,0.242912,0.287645,0.335332,-0.192284,0.260115,0.457626,0.377059
0.246903,0.335953,0.599192,0.692716,1.122801,1.102379,0.875052,1.003721,1.119204,0.000000,0.146418,0.417398,0.833922,0.952292,1.006203,1.086422,0.319035,0.408589,0.649012,0.760104,0.310404,0.301456,0.627794,0.763394,0.689490,0.659371,0.563714,0.623660,0.396499,0.448503,0.567180,0.416697,0.713081,0.695465,0.490999,0.421156,0.276855,0.304383,0.138977,0.254711,0.185561,0.174051,0.509122,0.226025,0.573755,0.482264,0.519578,0.311358,0.397897,0.311201,0.204086,0.141178,0.267798,0.026157,0.273054,0.358876,0.268930,0.157937,0.358377,0.336076,0.327791,0.276423,0.100174,0.303490,0.370774,0.373577,0.524676,0.618763,0.508305,0.508836,0.288512,0.344864,0.777568,0.737378,0.589111,0.466180,0.465058,0.466621,0.218995,0.243170,0.430759,0.540635,0.244866,0.188755,0.398381,0.465190,-0.055266,0.266864,0.636390,0.511539
0.903179,0.807231,0.643151,0.472450,0.100891,0.101922,0.496325,0.412965,0.091876,0.146418,0.000000,0.747989,0.557569,0.447312,0.381061,0.266989,0.500528,0.753065,0.560657,0.502163,0.245985,0.083091,0.439973,0.207665,0.476154,0.235992,0.119744,0.027896,0.283691,0.134337,0.133289,0.114813,0.543702,0.409949,0.469433,0.246205,0.168585,0.291718,0.219027,0.379880,0.424676,0.249302,0.445043,0.364440,0.319359,0.426717,0.371194,0.455345,0.546081,0.611902,0.748786,0.404579,0.340722,0.296091,0.281478,0.283447,0.732371,0.825108,0.514906,0.446773,0.739044,0.464577,0.380453,0.323056,0.428032,0.423137,0.423509,0.407629,0.431629,0.369854,0.163009,0.179490,0.354763,0.412016,0.200496,0.302282,0.342482,0.389899,0.106160,0.023794,0.407598,0.374459,0.398550,0.325272,0.579980,0.557886,0.427729,0.462645,0.524043,0.462552
0.726075,0.828356,0.535494,0.619773,0.321481,0.307500,0.491864,0.560835,0.310740,0.417398,0.747989,0.000000,0.666989,0.929433,0.524386,0.507326,0.518407,0.755442,0.580506,0.634351,0.304545,0.054153,0.383409,0.231906,0.416520,0.322015,0.265889,0.128989,0.342960,0.378629,0.183767,0.207468,0.683445,0.615424,0.391464,0.272792,0.241438,0.379442,0.140468,0.292305,0.409471,0.401752,0.477609,0.376502,0.266188,0.383870,0.415559,0.444143,0.460768,0.600874,0.636730,0.501795,0.386974,0.349704,0.356874,0.314579,0.625571,0.649975,0.322473,0.438822,0.618600,0.859502,0.348393,0.382216,0.344169,0.534350,0.349439,0.390827,0.517020,0.520021,-0.047500,0.103105,0.384535,0.539356,0.329186,0.289296,0.348290,0.337781,0.223446,0.171196,0.487902,0.340262,0.309244,0.455195,0.449957,0.463269,0.189669,0.474577,0.465006,0.332509
0.562602,0.715314,0.606348,0.562782,0.826590,0.818305,0.842445,0.673537,1.042782,0.833922,0.557569,0.666989,0.000000,1.020722,1.135534,0.751484,0.542341,0.850982,0.645398,0.711114,0.389979,0.112119,0.380496,0.325864,0.556784,0.440477,0.538171,0.444713,0.603002,0.515145,0.180326,0.055453,0.801086,0.709377,0.490172,0.332601,0.293770,0.299102,0.099116,0.445963,0.340479,0.229455,0.629800,0.435241,0.634089,0.693560,0.711932,0.567592,0.653176,0.562286,0.544909,0.353269,0.392773,0.191617,0.410061,0.487964,0.627726,0.578696,0.496446,0.424685,0.600961,0.377958,0.209855,0.393634,0.377768,0.364216,0.601690,0.656910,0.695137,0.626094,0.063735,0.145528,0.659951,0.621974,0.389450,0.349059,0.481686,0.448206,0.260679,0.255508,0.539680,0.608396,0.264671,0.287436,0.510312,0.551165,0.058151,0.378245,0.610906,0.524657
0.489415,0.632727,0.564802,0.691593,0.808915,0.816094,0.706687,0.849430,0.872219,0.952292,0.447312,0.929433,1.020722,0.000000,1.031827,0.977762,0.497813,0.710432,0.652552,0.779690,0.306416,0.286417,0.459029,0.463932,0.629581,0.577274,0.575308,0.460338,0.591017,0.583040,0.366040,0.292652,0.803102,0.782770,0.496864,0.382963,0.346585,0.342863,0.132519,0.304777,0.279005,0.318827,0.700457,0.502044,0.557048,0.613600,0.697743,0.595702,0.564817,0.582952,0.507849,0.381630,0.396343,0.236346,0.286972,0.378991,0.530037,0.446480,0.390859,0.429871,0.527391,0.615871,0.291338,0.577777,0.370105,0.425843,0.491464,0.558721,0.625125,0.576291,0.052191,0.199877,0.634791,0.704369,0.470800,0.382765,0.371412,0.399359,0.366911,0.341997,0.597397,0.599263,0.326694,0.525749,0.473162,0.483286,0.101294,0.471191,0.581273,0.440494
0.405454,0.548726,0.575211,0.542852,1.077938,1.168740,0.917203,0.798950,1.172286,1.006203,0.381061,0.524386,1.135534,1.031827,0.000000,1.268775,0.648432,0.689286,0.804252,0.812455,0.434316,0.335029,0.555805,0.544111,0.840868,0.617914,0.944414,0.770440,0.785403,0.648442,0.385649,0.235327,0.794630,0.751564,0.596299,0.507415,0.320597,0.334184,0.108623,0.440194,0.207024,0.122364,0.597413,0.313167,0.685564,0.627208,0.648751,0.426149,0.564391,0.403191,0.388642,0.209182,0.351798,0.111909,0.346816,0.423936,0.498005,0.376772,0.510920,0.408095,0.572866,0.346065,0.298293,0.475754,0.497613,0.438178,0.652318,0.720085,0.678363,0.586515,0.219830,0.188359,0.776434,0.659336,0.548936,0.467652,0.444318,0.414601,0.370349,0.255085,0.615544,0.714853,0.482106,0.433463,0.572884,0.613109,-0.009442,0.470969,0.693681,0.593291
0.325690,0.430459,0.557178,0.591787,0.899249,1.075221,0.811199,0.940588,0.856842,1.086422,0.266989,0.507326,0.751484,0.977762,1.268775,0.000000,0.611265,0.568172,0.772945,0.915284,0.504554,0.484165,0.684157,0.713996,0.881269,0.744508,0.949480,0.822513,0.811128,0.808261,0.688737,0.511021,0.861277,0.826756,0.597127,0.576443,0.278331,0.315655,0.139978,0.395143,0.217969,0.209582,0.613460,0.324506,0.681112,0.563350,0.648623,0.433189,0.401711,0.321765,0.241236,0.137656,0.249126,0.087634,0.278728,0.396069,0.414060,0.227570,0.329561,0.218279,0.404775,0.397831,0.343097,0.442077,0.489810,0.476241,0.561410,0.649591,0.623011,0.575209,0.236030,0.220320,0.761141,0.734045,0.626504,0.508450,0.436420,0.410786,0.482060,0.311197,0.726195,0.790439,0.538772,0.588184,0.535918,0.604490,0.024554,0.412754,0.614890,0.582888
0.621267,0.729618,0.377096,0.372278,0.343939,0.433818,0.529027,0.451497,0.355961,0.319035,0.500528,0.518407,0.542341,0.497813,0.648432,0.611265,0.000000,0.893927,0.629946,0.683679,0.418590,0.199502,0.260550,0.140709,0.415578,0.307385,0.568148,0.357483,0.915631,0.722620,0.114723,0.130594,0.657172,0.628785,0.361086,0.408801,0.287991,0.217294,0.184774,0.578726,0.280496,0.140147,0.551646,0.392127,0.610114,0.688484,0.515500,0.383241,0.658553,0.511069,0.403096,0.211997,0.173009,0.071562,0.252325,0.375770,0.698343,0.590471,0.473959,0.267746,0.625199,0.344576,0.636815,0.615689,0.412024,0.329456,0.571080,0.564305,0.654780,0.551636,-0.022865,0.006153,0.355086,0.432028,0.248569,0.244939,0.225711,0.154470,0.504587,0.061930,0.762479,0.683636,0.703854,0.521639,0.550158,0.467132,0.082462,0.253827,0.381200,0.466633
0.719033,0.896960,0.507293,0.522360,0.458377,0.497280,0.594655,0.531667,0.501679,0.408589,0.753065,0.755442,0.850982,0.710432,0.689286,0.568172,0.893927,0.000000,0.568119,0.744838,0.506418,0.194019,0.358073,0.210539,0.512303,0.363011,0.510470,0.390092,0.681025,0.636732,0.185363,0.136090,0.749922,0.751280,0.428234,0.340920,0.311941,0.294598,0.249453,0.475194,0.458134,0.337085,0.687901,0.591945,0.509972,0.673562,0.714997,0.645500,0.623876,0.662423,0.633515,0.344418,0.373208,0.324676,0.490357,0.571696,0.827569,0.763203,0.358904,0.213970,0.640580,0.503282,0.465754,0.533370,0.284418,0.293970,0.444797,0.431469,0.704032,0.533492,-0.045113,0.040766,0.424789,0.532402,0.246478,0.315393,0.529619,0.446145,0.298199,0.242114,0.691880,0.654658,0.368238,0.460495,0.521740,0.449460,0.166088,0.407646,0.426904,0.438694
0.906289,1.002501,0.963991,0.683514,0.641991,0.629363,1.081352,0.844076,0.511915,0.649012,0.560657,0.580506,0.645398,0.652552,0.804252,0.772945,0.629946,0.568119,0.000000,1.308072,0.414710,0.356713,1.041396,0.782586,0.985456,0.689201,0.534400,0.469016,0.402889,0.359760,0.547979,0.507408,1.054169,0.864679,0.797583,0.673599,0.282782,0.286605,0.300490,0.585102,0.276636,0.265608,0.580189,0.269403,0.637413,0.645659,0.488842,0.403657,0.713406,0.566869,0.549705,0.313073,0.369043,0.136564,0.423441,0.474542,0.890329,0.688469,0.705090,0.509536,0.850311,0.399601,0.257350,0.252200,0.777191,0.661236,0.929486,0.916530,0.874296,0.691955,0.282539,0.479755,0.849536,0.674045,0.507603,0.519559,0.338767,0.377689,0.341701,0.328003,0.661665,0.684322,0.577105,0.415566,0.942612,0.908994,0.356123,0.596759,0.838897,0.970840
0.786735,0.957314,0.787003,0.748193,0.698776,0.722055,0.974881,1.087789,0.580869,0.760104,0.502163,0.634351,0.711114,0.779690,0.812455,0.915284,0.683679,0.744838,1.308072,0.000000,0.521426,0.405751,0.859533,0.757705,0.938672,0.784798,0.590713,0.622564,0.545744,0.561857,0.682981,0.679826,1.307732,1.185625,0.710431,0.657708,0.353446,0.326770,0.299937,0.565363,0.376941,0.360935,0.746840,0.422361,0.735301,0.709437,0.611389,0.518129,0.676733,0.555023,0.425522,0.226734,0.286179,0.060842,0.374479,0.485620,0.854147,0.609644,0.568517,0.368021,0.655760,0.478196,0.326398,0.456240,0.557386,0.568963,0.799275,0.832697,0.859332,0.690642,0.175714,0.349633,0.791462,0.802720,0.503922,0.492206,0.452399,0.467369,0.334320,0.307840,0.753743,0.849671,0.458966,0.463366,0.726288,0.757232,0.210117,0.541957,0.732379,0.848677
0.308119,0.316818,0.191162,0.093805,0.312023,0.486912,0.276737,0.277334,0.322924,0.310404,0.245985,0.304545,0.389979,0.306416,0.434316,0.504554,0.418590,0.506418,0.414710,0.521426,0.000000,0.281981,0.248402,0.185627,0.418855,0.364823,0.555308,0.611689,0.523282,0.426850,0.264172,0.143963,0.445917,0.478551,0.246445,0.504634,0.235704,0.323673,0.205952,0.371412,0.256666,0.285124,0.449224,0.304580,0.419754,0.432263,0.429149,0.367603,0.426467,0.404341,0.286096,0.174437,0.200111,0.086090,0.294921,0.380903,0.431768,0.270373,0.208176,0.060103,0.254551,0.245720,0.171010,0.218840,0.151365,0.174855,0.330551,0.333943,0.383201,0.315309,0.037590,-0.031688,0.281061,0.348047,0.290141,0.321300,0.319323,0.279606,0.139547,0.130260,0.539296,0.498663,0.426486,0.371299,0.318749,0.386531,0.150809,0.370229,0.453568,0.449216
0.134126,0.134021,0.282858,0.249579,0.468001,0.475633,0.289415,0.366265,0.250259,0.301456,0.083091,0.054153,0.112119,0.286417,0.335029,0.484165,0.199502,0.194019,0.356713,0.405751,0.281981,0.000000,0.365341,0.392278,0.585797,0.357598,0.546009,0.507117,0.328850,0.383607,0.421581,0.257953,0.352426,0.362268,0.282636,0.317684,0.051474,0.106740,0.311843,0.293970,0.050734,0.140340,0.358792,0.256787,0.294114,0.269804,0.331617,0.275914,0.144309,0.153007,0.128447,0.087956,0.182931,0.111832,0.194844,0.398852,0.189559,0.022338,0.154106,0.080260,0.041729,0.196850,0.083537,0.250847,0.114643,0.156917,0.245068,0.251542,0.284965,0.239236,0.148834,0.229719,0.350477,0.426133,0.364543,0.354916,0.168323,0.196122,0.313862,0.258337,0.428453,0.465713,0.409348,0.507738,0.194940,0.258546,0.263564,0.319256,0.410354,0.445234
0.509826,0.554899,1.131179,0.867364,0.553882,0.453359,0.900783,0.822097,0.394486,0.627794,0.439973,0.383409,0.380496,0.459029,0.555805,0.684157,0.260550,0.358073,1.041396,0.859533,0.248402,0.365341,0.000000,1.504896,1.064304,0.733839,0.282687,0.298575,0.169383,0.214537,0.903748,0.774793,0.681772,0.610524,0.777892,0.517249,0.186074,0.276400,0.228464,0.331227,0.293450,0.289555,0.428671,0.144610,0.272456,0.245438,0.259852,0.225798,0.251105,0.282572,0.351515,0.183012,0.335699,0.266804,0.284088,0.331038,0.404765,0.348808,0.305433,0.260827,0.433465,0.300849,0.092718,0.047872,0.627384,0.571342,0.469378,0.456923,0.482967,0.368800,0.473978,0.636282,0.724079,0.534318,0.506171,0.534794,0.419305,0.521270,0.180617,0.320140,0.449780,0.470497,0.389803,0.295202,0.637487,0.659128,0.390795,0.489186,0.579064,0.649352
0.319508,0.340893,0.918040,0.892944,0.628389,0.518548,0.789256,0.890505,0.477689,0.763394,0.207665,0.231906,0.325864,0.463932,0.544111,0.713996,0.140709,0.210539,0.782586,0.757705,0.185627,0.392278,1.504896,0.000000,0.878924,0.712830,0.260029,0.324816,0.122907,0.177479,0.894810,0.760992,0.526464,0.496271,0.711016,0.517076,0.172488,0.316568,0.279912,0.237032,0.190078,0.233728,0.348037,0.074252,0.213808,0.154553,0.170927,0.129820,0.141822,0.193420,0.180947,0.069018,0.274748,0.180724,0.155788,0.237003,0.232243,0.138797,0.246159,0.190859,0.265794,0.248617,0.017607,0.065572,0.480094,0.485067,0.362076,0.368681,0.345942,0.234424,0.477717,0.610048,0.681232,0.498395,0.502997,0.490662,0.335710,0.441717,0.158286,0.361910,0.332938,0.402046,0.268798,0.282322,0.468398,0.519319,0.296540,0.430405,0.516068,0.566373
0.474212,0.633209,0.833221,0.617147,0.767763,0.813674,0.790912,0.745766,0.549349,0.689490,0.476154,0.416520,0.556784,0.629581,0.840868,0.881269,0.415578,0.512303,0.985456,0.938672,0.418855,0.585797,1.064304,0.878924,0.000000,0.849806,0.783683,0.671404,0.397487,0.394041,0.663225,0.513841,0.909220,0.795481,0.830380,0.677537,0.280482,0.329147,0.272833,0.467016,0.247505,0.228727,0.660501,0.317870,0.640258,0.569546,0.594125,0.471202,0.554969,0.444781,0.473539,0.256155,0.409646,0.211519,0.481810,0.575335,0.591150,0.443171,0.500359,0.338991,0.503474,0.277264,0.148822,0.152831,0.594388,0.520655,0.766829,0.739043,0.757860,0.618511,0.391229,0.439240,0.755070,0.634510,0.621182,0.567313,0.466488,0.519436,0.295583,0.286758,0.589977,0.618740,0.496238,0.353325,0.709270,0.732463,0.317174,0.623083,0.835596,0.806633
0.300399,0.376029,0.523058,0.465699,0.572608,0.710973,0.625641,0.779520,0.432730,0.659371,0.235992,0.322015,0.440477,0.577274,0.617914,0.744508,0.307385,0.363011,0.689201,0.784798,0.364823,0.357598,0.733839,0.712830,0.849806,0.000000,0.599691,0.750174,0.354405,0.351796,0.797773,0.767334,0.799965,0.764993,0.589944,0.441312,0.397394,0.261911,0.120881,0.270647,0.121647,0.190149,0.566893,0.324424,0.473881,0.408820,0.437383,0.401224,0.417755,0.324507,0.285514,0.194861,0.293225,0.105748,0.226817,0.336233,0.419255,0.252741,0.354700,0.243203,0.346243,0.186356,0.105051,0.186343,0.394753,0.318158,0.508622,0.527980,0.498657,0.456027,0.413947,0.482691,0.718343,0.580677,0.592912,0.465137,0.400210,0.503719,0.176411,0.173323,0.348419,0.403584,0.162011,0.217992,0.398162,0.398503,0.028755,0.372504,0.481652,0.453604
0.194185,0.346446,0.213274,0.148187,0.784210,1.106931,0.458357,0.438147,0.661394,0.563714,0.119744,0.265889,0.538171,0.575308,0.944414,0.949480,0.568148,0.510470,0.534400,0.590713,0.555308,0.546009,0.282687,0.260029,0.783683,0.599691,0.000000,1.179836,0.740456,0.674465,0.309729,0.140379,0.702132,0.695934,0.402206,0.494902,0.312412,0.193018,0.130478,0.450587,0.095083,0.076827,0.587166,0.350340,0.722443,0.628950,0.711605,0.454249,0.523858,0.329678,0.276362,0.172466,0.289216,0.059568,0.408027,0.546834,0.455175,0.233071,0.381263,0.176092,0.320631,0.161738,0.222106,0.333718,0.294453,0.247320,0.611275,0.645294,0.645449,0.574761,0.079375,0.056996,0.555505,0.447695,0.565672,0.420102,0.361587,0.315275,0.403935,0.196461,0.542196,0.584540,0.422601,0.417980,0.378963,0.372484,-0.067318,0.386172,0.512994,0.525043
0.095278,0.176579,0.133292,0.103871,0.722756,1.164093,0.431186,0.517392,0.617209,0.623660,0.027896,0.128989,0.444713,0.460338,0.770440,0.822513,0.357483,0.390092,0.469016,0.622564,0.611689,0.507117,0.298575,0.324816,0.671404,0.750174,1.179836,0.000000,0.578262,0.526295,0.467875,0.326648,0.664662,0.706068,0.384200,0.488238,0.389374,0.258794,0.122143,0.372730,0.059027,0.099159,0.477613,0.281991,0.623202,0.438299,0.536256,0.380658,0.373669,0.170023,0.072693,-0.003149,0.117802,-0.107034,0.243864,0.361201,0.295101,0.066950,0.256655,0.067945,0.213058,0.135922,0.166398,0.319234,0.253313,0.169716,0.442216,0.503293,0.474716,0.418340,0.191958,0.161571,0.585994,0.548617,0.489032,0.468764,0.434250,0.394666,0.207719,0.101614,0.390154,0.531577,0.187810,0.202329,0.276959,0.274293,-0.124527,0.363447,0.453541,0.411402
0.315065,0.402834,0.195962,0.214933,0.476660,0.586414,0.441636,0.388200,0.550651,0.396499,0.283691,0.342960,0.603002,0.591017,0.785403,0.811128,0.915631,0.681025,0.402889,0.545744,0.523282,0.328850,0.169383,0.122907,0.397487,0.354405,0.740456,0.578262,0.000000,1.097487,0.239873,0.133686,0.601345,0.599270,0.189453,0.308379,0.155037,0.115669,0.061401,0.327554,0.170514,0.173002,0.454017,0.368475,0.573400,0.570039,0.616142,0.419587,0.415050,0.301511,0.196875,0.058726,0.129192,0.029726,0.191382,0.283159,0.477083,0.329714,0.287906,0.089848,0.371322,0.290430,0.588187,0.665686,0.241005,0.185668,0.362624,0.389749,0.548004,0.451962,-0.018417,-0.065673,0.375220,0.430149,0.245965,0.261191,0.230424,0.159809,0.600668,0.148726,0.814911,0.745689,0.630112,0.614890,0.363124,0.314191,-0.071264,0.156649,0.255276,0.301885
0.198659,0.346579,0.178152,0.266642,0.524135,0.561071,0.367422,0.404135,0.540120,0.448503,0.134337,0.378629,0.515145,0.583040,0.648442,0.808261,0.722620,0.636732,0.359760,0.561857,0.426850,0.383607,0.214537,0.177479,0.394041,0.351796,0.674465,0.526295,1.097487,0.000000,0.344612,0.258616,0.605773,0.621698,0.191553,0.257378,0.127867,0.151471,0.022490,0.281114,0.257779,0.284450,0.480157,0.433361,0.535482,0.539924,0.565950,0.452582,0.288229,0.258795,0.136273,0.116645,0.141688,0.111166,0.308038,0.400172,0.364952,0.206490,0.103488,0.038976,0.229767,0.268565,0.468644,0.531663,0.108043,0.128672,0.324110,0.390841,0.513137,0.507085,-0.143889,-0.034940,0.348507,0.510668,0.306027,0.212889,0.244132,0.154688,0.576998,0.332562,0.878993,0.819535,0.521517,0.682590,0.284397,0.274934,-0.117189,0.153872,0.172136,0.263662
0.160112,0.168133,0.421654,0.498291,0.409189,0.449812,0.497867,0.673455,0.284610,0.567180,0.133289,0.183767,0.180326,0.366040,0.385649,0.688737,0.114723,0.185363,0.547979,0.682981,0.264172,0.421581,0.903748,0.894810,0.663225,0.797773,0.309729,0.467875,0.239873,0.344612,0.000000,1.312921,0.641905,0.654752,0.474139,0.381026,0.193438,0.136942,0.036926,0.083103,0.245330,0.343725,0.296443,0.121711,0.262651,0.126587,0.251715,0.200944,0.032878,-0.002999,-0.010720,-0.096526,0.096134,0.036575,0.104880,0.097655,0.142218,0.022899,0.059888,0.015030,0.075472,0.165878,0.064039,0.135952,0.272112,0.288698,0.203475,0.249331,0.243245,0.230582,0.433279,0.448063,0.616573,0.534247,0.509211,0.571561,0.467819,0.544854,0.151284,0.238466,0.398783,0.433107,0.166830,0.185957,0.289866,0.291518,0.080263,0.233667,0.221060,0.252478
0.230015,0.232596,0.377837,0.522077,0.201952,0.235875,0.467947,0.711931,0.115729,0.416697,0.114813,0.207468,0.055453,0.292652,0.235327,0.511021,0.130594,0.136090,0.507408,0.679826,0.143963,0.257953,0.774793,0.760992,0.513841,0.767334,0.140379,0.326648,0.133686,0.258616,1.312921,0.000000,0.543401,0.567172,0.479560,0.349836,0.206498,0.114729,0.004646,0.055796,0.152697,0.271876,0.253253,0.105543,0.249725,0.115387,0.118348,0.129134,0.070011,-0.004522,-0.066737,-0.173630,0.005520,-0.104603,0.003030,-0.032545,0.171123,0.091909,0.073945,-0.020431,0.138311,0.223881,0.120277,0.138597,0.355700,0.382780,0.200647,0.228278,0.172857,0.174711,0.280465,0.333139,0.454126,0.452628,0.413457,0.375133,0.283158,0.411408,0.080392,0.187952,0.272542,0.317805,0.108707,0.155530,0.303861,0.318948,0.063686,0.153307,0.146063,0.250279
0.709565,0.915042,0.659779,0.602885,0.677658,0.779488,0.917680,0.867642,0.550488,0.713081,0.543702,0.683445,0.801086,0.803102,0.794630,0.861277,0.657172,0.749922,1.054169,1.307732,0.445917,0.352426,0.681772,0.526464,0.909220,0.799965,0.702132,0.664662,0.601345,0.605773,0.641905,0.543401,0.000000,1.684162,0.678611,0.594700,0.379919,0.216376,0.249046,0.570430,0.423927,0.369195,0.722800,0.485712,0.888618,0.821563,0.860247,0.661311,0.727396,0.566199,0.504294,0.314475,0.306020,0.093845,0.453156,0.546160,0.904889,0.656831,0.565657,0.392641,0.610392,0.403014,0.285619,0.415604,0.503061,0.480418,0.880010,0.971902,1.078303,0.968147,0.125280,0.324241,0.876692,0.876703,0.545200,0.564598,0.575133,0.613007,0.426145,0.251786,0.749305,0.734330,0.347462,0.347254,0.716192,0.639720,0.186373,0.420865,0.659773,0.705240
0.552362,0.799827,0.498865,0.598050,0.688989,0.776015,0.824541,0.893669,0.570911,0.695465,0.409949,0.615424,0.709377,0.782770,0.751564,0.826756,0.628785,0.751280,0.864679,1.185625,0.478551,0.362268,0.610524,0.496271,0.795481,0.764993,0.695934,0.706068,0.599270,0.621698,0.654752,0.567172,1.684162,0.000000,0.647119,0.601540,0.385888,0.140415,0.211891,0.487747,0.399194,0.291171,0.672128,0.442296,0.841228,0.742192,0.858393,0.621065,0.597496,0.435999,0.381309,0.190672,0.213079,0.017725,0.389922,0.466962,0.758511,0.580256,0.413320,0.264515,0.518086,0.448665,0.289716,0.492047,0.462004,0.467060,0.709083,0.829321,0.997349,0.880615,0.081992,0.266267,0.734190,0.795223,0.448145,0.506271,0.609263,0.662653,0.411671,0.253133,0.689132,0.682990,0.258483,0.285671,0.649912,0.534647,0.134742,0.339801,0.523782,0.541748
0.621291,0.658546,0.677450,0.741110,0.377193,0.459909,0.809106,0.716195,0.336842,0.490999,0.469433,0.391464,0.490172,0.496864,0.596299,0.597127,0.361086,0.428234,0.797583,0.710431,0.246445,0.282636,0.777892,0.711016,0.830380,0.589944,0.402206,0.384200,0.189453,0.191553,0.474139,0.479560,0.678611,0.647119,0.000000,0.784039,0.352998,0.280576,0.286616,0.311038,0.220642,0.157193,0.446034,0.180305,0.467388,0.421197,0.418420,0.330578,0.469706,0.401932,0.493758,0.211058,0.226123,0.107543,0.318019,0.287567,0.554089,0.541429,0.462968,0.289557,0.612359,0.410963,0.142641,0.157666,0.929590,0.917576,0.658815,0.656835,0.505723,0.376306,0.114014,0.228919,0.633717,0.502591,0.397876,0.512875,0.280126,0.358184,0.250323,0.381283,0.517197,0.517762,0.363529,0.294048,0.868340,0.775171,0.426367,0.555346,0.605347,0.662172
0.476911,0.469580,0.392705,0.410717,0.371398,0.517914,0.563766,0.552827,0.311470,0.421156,0.246205,0.272792,0.332601,0.382963,0.507415,0.576443,0.408801,0.340920,0.673599,0.657708,0.504634,0.317684,0.517249,0.517076,0.677537,0.441312,0.494902,0.488238,0.308379,0.257378,0.381026,0.349836,0.594700,0.601540,0.784039,0.000000,0.223768,0.281511,0.458521,0.534697,0.206576,0.300580,0.310265,0.076963,0.471119,0.364430,0.299735,0.213028,0.405022,0.314987,0.295831,0.106125,0.147984,-0.003463,0.191132,0.292590,0.500649,0.345641,0.380733,0.136321,0.385074,0.285720,0.059066,0.146695,0.621677,0.642812,0.545643,0.562286,0.478004,0.296535,0.092293,0.082469,0.443715,0.442547,0.281506,0.495000,0.143786,0.237418,0.359842,0.401257,0.636526,0.607390,0.446966,0.374390,0.616140,0.729386,0.368554,0.477185,0.562202,0.631519
0.184339,0.256394,0.192551,0.239838,0.272034,0.374488,0.274930,0.328170,0.239537,0.276855,0.168585,0.241438,0.293770,0.346585,0.320597,0.278331,0.287991,0.311941,0.282782,0.353446,0.235704,0.051474,0.186074,0.172488,0.280482,0.397394,0.312412,0.389374,0.155037,0.127867,0.193438,0.206498,0.379919,0.385888,0.352998,0.223768,0.000000,0.488522,0.285629,0.313370,0.308248,0.125746,0.470747,0.430253,0.302303,0.343200,0.375426,0.421954,0.420638,0.398188,0.273183,0.192872,0.106789,0.029312,0.204535,0.294178,0.242725,0.180617,0.226129,0.116364,0.192870,0.131757,-0.024869,0.179932,0.157284,0.151558,0.294212,0.265183,0.255522,0.187923,-0.048009,0.133077,0.342092,0.288935,0.303599,0.417116,0.338477,0.404978,0.063549,0.095947,0.147350,0.233172,-0.007987,0.086073,0.158582,0.123853,0.077040,0.313842,0.211481,0.202789
0.200094,0.200390,0.342527,0.366186,0.287752,0.351482,0.199682,0.296395,0.222916,0.304383,0.291718,0.379442,0.299102,0.342863,0.334184,0.315655,0.217294,0.294598,0.286605,0.326770,0.323673,0.106740,0.276400,0.316568,0.329147,0.261911,0.193018,0.258794,0.115669,0.151471,0.136942,0.114729,0.216376,0.140415,0.280576,0.281511,0.488522,0.000000,0.247876,0.328801,0.290985,0.335003,0.389649,0.333499,0.124053,0.182237,0.213937,0.333010,0.269116,0.379134,0.343794,0.360305,0.329238,0.268044,0.209877,0.282283,0.158896,0.088317,0.243980,0.195411,0.140046,0.194920,-0.027650,0.044266,0.029186,0.122237,0.239993,0.192741,0.108167,0.047154,0.189115,0.200869,0.308370,0.380468,0.245454,0.384185,0.255309,0.151872,-0.020025,0.145068,0.239631,0.323943,0.264156,0.281625,0.076555,0.239694,0.144848,0.492509,0.432609,0.309351
0.292988,0.236572,0.380195,0.283905,0.214864,0.197146,0.268757,0.274171,0.082919,0.138977,0.219027,0.140468,0.099116,0.132519,0.108623,0.139978,0.184774,0.249453,0.300490,0.299937,0.205952,0.311843,0.228464,0.279912,0.272833,0.120881,0.130478,0.122143,0.061401,0.022490,0.036926,0.004646,0.249046,0.211891,0.286616,0.458521,0.285629,0.247876,0.000000,0.628752,0.269126,0.187088,0.229967,0.207885,0.133844,0.194726,0.199455,0.207768,0.236498,0.378812,0.313406,0.245526,0.159962,0.135839,0.116871,0.335358,0.253853,0.117959,0.136817,-0.014466,0.109687,0.237171,-0.029026,0.128572,0.111261,0.221046,0.181866,0.194290,0.224451,0.059050,0.021412,0.188508,0.176754,0.194885,0.067863,0.266087,0.067925,0.166043,0.369247,0.295622,0.314388,0.405540,0.223798,0.428348,0.191014,0.231970,0.541968,0.423151,0.467483,0.417671
0.501228,0.503277,0.468867,0.307709,0.404375,0.461355,0.530483,0.430173,0.318371,0.254711,0.379880,0.292305,0.445963,0.304777,0.440194,0.395143,0.578726,0.475194,0.585102,0.565363,0.371412,0.293970,0.331227,0.237032,0.467016,0.270647,0.450587,0.372730,0.327554,0.281114,0.083103,0.055796,0.570430,0.487747,0.311038,0.534697,0.313370,0.328801,0.628752,0.000000,0.332494,0.236368,0.455655,0.386572,0.502580,0.543825,0.456310,0.429232,0.541224,0.499851,0.396422,0.306454,0.208532,0.104433,0.218399,0.539816,0.575320,0.373153,0.376768,0.189836,0.314838,0.175631,0.107815,0.245736,0.288958,0.221452,0.512594,0.553224,0.513847,0.389331,0.034274,0.190732,0.476350,0.413246,0.315489,0.367378,0.205154,0.240861,0.378851,0.153257,0.498576,0.670643,0.406112,0.451416,0.397595,0.520822,0.349987,0.473576,0.612374,0.728466
0.367821,0.336675,0.373682,0.397116,0.169927,0.158589,0.258897,0.300902,0.144349,0.185561,0.424676,0.409471,0.340479,0.279005,0.207024,0.217969,0.280496,0.458134,0.276636,0.376941,0.256666,0.050734,0.293450,0.190078,0.247505,0.121647,0.095083,0.059027,0.170514,0.257779,0.245330,0.152697,0.423927,0.399194,0.220642,0.206576,0.308248,0.290985,0.269126,0.332494,0.000000,0.624652,0.467069,0.524194,0.172022,0.244440,0.387241,0.524260,0.220411,0.354683,0.320278,0.332976,0.168175,0.263619,0.209209,0.469006,0.220914,0.193216,0.070731,0.119756,0.107658,0.176763,0.002408,0.075831,0.007192,0.060515,0.178238,0.196599,0.256368,0.272441,-0.106829,0.129716,0.383355,0.390584,0.287538,0.350694,0.518811,0.447697,0.113695,0.009587,0.370902,0.318831,0.202898,0.153345,0.145281,0.180367,0.242332,0.282443,0.200118,0.166471
0.368757,0.224304,0.331799,0.339472,0.121289,0.155338,0.177774,0.242059,0.127802,0.174051,0.249302,0.401752,0.229455,0.318827,0.122364,0.209582,0.140147,0.337085,0.265608,0.360935,0.285124,0.140340,0.289555,0.233728,0.228727,0.190149,0.076827,0.099159,0.173002,0.284450,0.343725,0.271876,0.369195,0.291171,0.157193,0.300580,0.125746,0.335003,0.187088,0.236368,0.624652,0.000000,0.347044,0.399123,0.044400,0.125619,0.251970,0.451807,0.172332,0.353973,0.286671,0.341967,0.208609,0.329399,0.175102,0.324372,0.193574,0.094553,0.030377,0.037911,0.064165,0.226881,-0.004398,-0.011487,-0.043387,0.108780,0.080729,0.050719,0.149390,0.103878,0.028038,0.205053,0.330857,0.409992,0.321075,0.332876,0.344272,0.307253,0.092526,0.235163,0.471428,0.384943,0.206348,0.355046,0.099165,0.231725,0.214027,0.348396,0.124021,0.150088
0.486312,0.608907,0.635082,0.534475,0.542400,0.560275,0.554758,0.568298,0.493074,0.509122,0.445043,0.477609,0.629800,0.700457,0.597413,0.613460,0.551646,0.687901,0.580189,0.746840,0.449224,0.358792,0.428671,0.348037,0.660501,0.566893,0.587166,0.477613,0.454017,0.480157,0.296443,0.253253,0.722800,0.672128,0.446034,0.310265,0.470747,0.389649,0.229967,0.455655,0.467069,0.347044,0.000000,1.368866,0.694223,0.885647,1.047687,1.239894,0.801612,0.838047,0.597661,0.443883,0.406427,0.302552,0.563684,0.933115,0.600344,0.421065,0.367033,0.226945,0.453540,0.356114,0.354283,0.390067,0.249544,0.246683,0.614023,0.562447,0.684324,0.651808,-0.009750,0.121059,0.498730,0.414700,0.434426,0.327022,0.613374,0.488991,0.255063,0.118664,0.604546,0.613020,0.372715,0.405733,0.374404,0.373452,0.215251,0.380403,0.570746,0.535618
0.366634,0.407088,0.402478,0.355174,0.279282,0.309912,0.297656,0.314302,0.295178,0.226025,0.364440,0.376502,0.435241,0.502044,0.313167,0.324506,0.392127,0.591945,0.269403,0.422361,0.304580,0.256787,0.144610,0.074252,0.317870,0.324424,0.350340,0.281991,0.368475,0.433361,0.121711,0.105543,0.485712,0.442296,0.180305,0.076963,0.430253,0.333499,0.207885,0.386572,0.524194,0.399123,1.368866,0.000000,0.471293,0.702283,0.890050,1.541925,0.593552,0.782455,0.505082,0.443023,0.331220,0.374500,0.472217,0.818400,0.436191,0.292776,0.158558,0.079607,0.253656,0.283644,0.297339,0.352174,-0.004915,0.002929,0.319940,0.272970,0.430907,0.433007,-0.218587,0.005904,0.299135,0.304431,0.279536,0.214048,0.514953,0.371491,0.218602,0.104734,0.443178,0.433887,0.193971,0.388325,0.130754,0.112351,0.176971,0.215809,0.257431,0.266127
0.364400,0.579811,0.336100,0.282355,0.532791,0.649967,0.603762,0.545451,0.509773,0.573755,0.319359,0.266188,0.634089,0.557048,0.685564,0.681112,0.610114,0.509972,0.637413,0.735301,0.419754,0.294114,0.272456,0.213808,0.640258,0.473881,0.722443,0.623202,0.573400,0.535482,0.262651,0.249725,0.888618,0.841228,0.467388,0.471119,0.302303,0.124053,0.133844,0.502580,0.172022,0.044400,0.694223,0.471293,0.000000,1.544808,0.882639,0.604647,0.957341,0.496421,0.229169,0.054153,0.027268,-0.284940,0.334927,0.456072,0.754709,0.547307,0.652305,0.299508,0.558455,0.133181,0.342183,0.408174,0.489987,0.315791,1.115777,1.209148,0.884204,0.912108,0.049988,0.087990,0.541926,0.525974,0.335889,0.228627,0.332255,0.337321,0.293312,0.128795,0.557669,0.664520,0.407701,0.185260,0.703449,0.606682,0.087859,0.161762,0.623566,0.698573
0.537097,0.762910,0.440676,0.352998,0.448519,0.518202,0.600166,0.456142,0.455165,0.482264,0.426717,0.383870,0.693560,0.613600,0.627208,0.563350,0.688484,0.673562,0.645659,0.709437,0.432263,0.269804,0.245438,0.154553,0.569546,0.408820,0.628950,0.438299,0.570039,0.539924,0.126587,0.115387,0.821563,0.742192,0.421197,0.364430,0.343200,0.182237,0.194726,0.543825,0.244440,0.125619,0.885647,0.702283,1.544808,0.000000,0.983445,0.796454,1.377408,0.915975,0.504297,0.332979,0.230394,-0.014774,0.491860,0.663469,0.955831,0.757731,0.776012,0.465955,0.692463,0.203149,0.381143,0.451677,0.402613,0.263013,1.151051,1.108235,0.929112,0.939942,-0.061549,0.081344,0.481588,0.479261,0.328972,0.223626,0.306560,0.280670,0.324492,0.159985,0.608434,0.664857,0.474558,0.298699,0.689541,0.612779,0.169777,0.200560,0.676160,0.784138
0.362302,0.536700,0.389903,0.328521,0.567749,0.660021,0.512985,0.436561,0.571698,0.519578,0.371194,0.415559,0.711932,0.697743,0.648751,0.648623,0.515500,0.714997,0.488842,0.611389,0.429149,0.331617,0.259852,0.170927,0.594125,0.437383,0.711605,0.536256,0.616142,0.565950,0.251715,0.118348,0.860247,0.858393,0.418420,0.299735,0.375426,0.213937,0.199455,0.456310,0.387241,0.251970,1.047687,0.890050,0.882639,0.983445,0.000000,1.238503,0.743780,0.632493,0.578251,0.422364,0.322901,0.226880,0.586434,0.826672,0.599811,0.426028,0.345984,0.156362,0.400039,0.282783,0.295661,0.406021,0.247494,0.192992,0.661696,0.661523,0.850868,0.760513,-0.012871,0.088762,0.508983,0.461541,0.318684,0.362781,0.575224,0.477110,0.408067,0.180974,0.642502,0.682027,0.295778,0.303280,0.464268,0.376554,0.115334,0.269317,0.500631,0.471886
0.435610,0.509177,0.431578,0.351762,0.364309,0.428349,0.372525,0.358098,0.379762,0.311358,0.455345,0.444143,0.567592,0.595702,0.426149,0.433189,0.383241,0.645500,0.403657,0.518129,0.367603,0.275914,0.225798,0.129820,0.471202,0.401224,0.454249,0.380658,0.419587,0.452582,0.200944,0.129134,0.661311,0.621065,0.330578,0.213028,0.421954,0.333010,0.207768,0.429232,0.524260,0.451807,1.239894,1.541925,0.604647,0.796454,1.238503,0.000000,0.701454,0.784630,0.611658,0.501824,0.343904,0.350629,0.546104,0.852935,0.549518,0.398724,0.252905,0.118588,0.321611,0.285399,0.232880,0.290642,0.124317,0.104861,0.463086,0.424288,0.582889,0.522979,-0.115673,0.070539,0.433899,0.400747,0.303639,0.309433,0.538394,0.441348,0.284532,0.191801,0.551958,0.568485,0.235352,0.363571,0.288413,0.273714,0.204677,0.314866,0.375905,0.368960
0.752243,0.849618,0.495165,0.344043,0.348719,0.442141,0.567300,0.420028,0.355027,0.397897,0.546081,0.460768,0.653176,0.564817,0.564391,0.401711,0.658553,0.623876,0.713406,0.676733,0.426467,0.144309,0.251105,0.141822,0.554969,0.417755,0.523858,0.373669,0.415050,0.288229,0.032878,0.070011,0.727396,0.597496,0.469706,0.405022,0.420638,0.269116,0.236498,0.541224,0.220411,0.172332,0.801612,0.593552,0.957341,1.377408,0.743780,0.701454,0.000000,1.224053,0.758442,0.539374,0.415677,0.109336,0.488495,0.644337,0.985946,0.866933,1.046574,0.627932,0.785970,0.208037,0.269637,0.319943,0.430858,0.302152,1.117017,0.943498,0.716244,0.690908,0.009776,0.096217,0.488370,0.453438,0.349373,0.309380,0.237390,0.257196,0.170975,0.111229,0.488982,0.530995,0.457625,0.230217,0.632228,0.629451,0.236995,0.339991,0.788021,0.841653
