0.000000,1.610149,-0.169421,-0.141798,-0.184725,-0.024625,0.044178,0.023103,-0.280698,-0.149572,0.482784,0.358666,0.359113,0.228340,-0.054221,0.043678,0.995904,0.846183,0.657772,0.824737,0.195993,0.224300,-0.368425,-0.409101,-0.001216,0.066934,0.172062,0.326536,0.597504,0.592667,-0.065642,-0.072154,0.038438,0.064228,-0.349265,-0.249918,0.154936,0.196347,0.165649,0.139360,0.119719,0.200837,0.259547,0.330353,0.061335,0.278931,0.401704,0.481488,0.598192,0.588256,0.360368,0.495950,0.717267,0.628715,0.746371,0.716858,1.105821,1.406596,1.004482,0.945223,0.518633,0.043716,0.625748,0.464155,-0.504745,-0.368381,-0.154275,-0.168047,0.856418,0.737330,0.181041,0.179628,0.226490,0.158070,0.143058,0.106977,0.117276,0.033811,0.192556,0.092790,0.441726,0.287508,0.242725,0.190267,-0.209993,-0.026740,-0.213231,0.064221,0.077661,0.313897
1.610149,0.000000,-0.256307,-0.204598,-0.207948,-0.036409,-0.086335,-0.062926,-0.267334,-0.119781,0.292819,0.229101,0.187682,0.085355,-0.111398,-0.069551,0.909995,0.926221,0.426007,0.741760,0.139274,0.164231,-0.433789,-0.431943,-0.035128,0.019115,0.059340,0.222132,0.521971,0.568439,-0.122855,-0.160924,-0.096052,-0.070218,-0.390962,-0.290088,0.083743,0.179106,0.200639,0.233998,0.028575,0.101749,0.334788,0.396160,0.215385,0.407346,0.493083,0.571612,0.678828,0.732245,0.383898,0.552963,0.767680,0.744076,0.884692,0.938362,1.360248,1.730570,0.783306,0.877427,0.302073,-0.064944,0.465330,0.385405,-0.549309,-0.448925,-0.176564,-0.203908,1.029274,0.966236,0.124240,0.126029,0.053847,-0.000937,-0.007751,-0.031801,0.070026,-0.013920,0.227801,0.066953,0.414160,0.255879,0.136880,0.111623,-0.253689,-0.063376,-0.220171,-0.009271,0.019046,0.230111
-0.169421,-0.256307,0.000000,1.407625,0.917313,0.429191,1.073152,0.792029,0.809889,0.398636,0.302068,-0.001694,0.260504,0.185490,0.927296,0.571659,-0.250467,-0.381146,0.313026,-0.015960,0.417431,0.360044,1.423716,1.040868,0.621175,0.453116,0.508332,0.264287,-0.212701,-0.202629,0.620718,0.648781,0.654495,0.592739,1.261435,1.127122,0.409680,0.308484,0.282137,-0.039986,0.118867,0.019440,0.122249,0.057328,-0.020114,-0.029815,0.054928,0.117938,-0.178850,-0.144231,0.304924,0.088563,0.085859,-0.002852,-0.037858,-0.037124,-0.143229,-0.222157,0.044865,-0.190979,0.222668,0.359441,-0.254285,-0.278373,1.170756,1.027618,1.066373,1.038702,0.147436,0.156579,0.322025,0.352976,0.200676,0.198737,0.413131,0.447299,0.426053,0.561052,-0.179716,0.155098,-0.150495,-0.130282,0.407160,0.099941,0.768816,0.659405,0.125015,0.618677,0.687847,0.618677
-0.141798,-0.204598,1.407625,0.000000,1.195457,0.740640,0.792365,0.861653,0.819315,0.387031,0.218128,0.037769,0.160840,0.134495,0.749354,0.443068,-0.161776,-0.279414,0.153424,-0.007861,0.475010,0.390407,1.452242,1.387286,0.872208,0.708126,0.625643,0.416864,-0.219235,-0.158088,0.589646,0.693500,0.556139,0.598855,1.094377,1.147593,0.376347,0.252618,0.235444,-0.057796,0.081400,0.026249,0.214015,0.119643,0.105122,0.090525,0.141378,0.189853,-0.008502,0.036452,0.456770,0.294134,0.229263,0.140601,0.062059,0.086746,-0.074947,-0.196179,0.075294,-0.018615,0.137997,0.377962,-0.257513,-0.222654,0.977473,1.031534,0.934122,1.123338,0.133759,0.156793,0.387669,0.459943,0.136896,0.154321,0.306097,0.318103,0.332613,0.482246,-0.102078,0.157498,-0.101865,-0.112698,0.420537,0.125263,0.731047,0.786567,0.150248,0.679514,0.620048,0.755321
-0.184725,-0.207948,0.917313,1.195457,0.000000,1.075472,0.528297,0.730012,0.742059,0.484920,0.033256,0.024282,0.020506,0.091566,0.599387,0.365134,-0.097260,-0.222122,0.020467,0.030744,0.424787,0.341011,1.069350,1.112357,1.026369,0.880333,0.670276,0.587000,-0.133760,-0.096297,0.569570,0.631041,0.461663,0.518074,0.793079,0.800630,0.264759,0.182607,0.129570,-0.067941,0.050366,-0.032052,0.329350,0.229260,0.283007,0.267629,0.270011,0.259210,0.083176,0.149066,0.448559,0.305672,0.271902,0.199168,0.129352,0.131512,-0.035732,-0.159171,0.056241,0.018463,0.032843,0.377909,-0.275031,-0.133848,0.807567,0.801399,0.729602,0.861038,0.042689,0.100235,0.259447,0.271681,-0.016357,0.019734,0.121210,0.163808,0.189503,0.312895,-0.089694,0.142590,-0.001817,-0.058103,0.385654,0.169196,0.718503,0.686723,0.199196,0.610077,0.498112,0.658498
-0.024625,-0.036409,0.429191,0.740640,1.075472,0.000000,0.206035,0.492396,0.302548,0.222236,-0.000302,-0.001658,-0.066020,-0.013834,0.191004,0.107838,0.094107,0.010243,-0.053877,0.096358,0.444811,0.349053,0.509516,0.642889,1.177807,1.353280,0.714515,0.902952,-0.017759,0.050514,0.385402,0.456605,0.204606,0.317214,0.339220,0.383733,0.085997,0.096950,0.035084,-0.004436,-0.002262,0.033060,0.303304,0.237574,0.314757,0.360900,0.259350,0.242657,0.277529,0.351383,0.451826,0.400205,0.348475,0.316905,0.186686,0.218026,0.083622,-0.017691,0.154157,0.247705,0.001491,0.195634,-0.085986,0.025946,0.299468,0.329935,0.314663,0.421612,0.005428,0.046669,0.280769,0.312607,-0.046952,-0.005009,-0.037936,-0.030553,0.008388,0.111934,-0.004932,0.096243,0.086271,0.034081,0.240240,0.170532,0.339601,0.443779,0.129328,0.446136,0.235364,0.438910
0.044178,-0.086335,1.073152,0.792365,0.528297,0.206035,0.000000,1.077179,0.670529,0.284613,0.676359,0.330198,0.688084,0.426591,0.736583,0.607144,-0.021778,-0.145858,0.600745,0.130125,0.432556,0.415713,0.801190,0.511847,0.268611,0.207579,0.355352,0.173597,0.073566,0.027692,0.566265,0.602607,0.758362,0.689614,0.698419,0.678341,0.535799,0.375085,0.193329,-0.206509,0.231525,0.163180,0.055856,0.028549,-0.119553,-0.053637,0.054076,0.105759,-0.042038,-0.129056,0.336958,0.162086,0.141915,-0.007751,0.032487,-0.019405,-0.149324,-0.079437,0.370980,0.041298,0.676369,0.540833,0.075725,0.047153,0.711127,0.715249,0.917591,0.808591,0.122582,0.106946,0.453059,0.425066,0.428325,0.415011,0.594167,0.600909,0.535008,0.600816,-0.214813,0.208918,0.012892,-0.035696,0.376080,0.164495,0.499517,0.339926,-0.117383,0.433865,0.513853,0.550210
0.023103,-0.062926,0.792029,0.861653,0.730012,0.492396,1.077179,0.000000,0.710097,0.587478,0.504115,0.603706,0.505569,0.533261,0.740363,0.719740,0.128707,-0.001170,0.495017,0.307088,0.581290,0.558865,0.822183,0.656816,0.389543,0.361789,0.437795,0.339720,0.283024,0.313766,0.803742,0.858343,0.996345,1.029828,0.589003,0.660340,0.503128,0.425342,0.062960,-0.222030,0.241693,0.290106,0.208238,0.136780,0.037252,0.143339,0.181047,0.169336,0.129074,0.060283,0.426518,0.306783,0.360939,0.095817,0.104429,0.055594,-0.117317,-0.002934,0.385284,0.252191,0.646973,0.988942,0.236349,0.377747,0.593592,0.744572,0.800631,0.854717,0.103963,0.112725,0.557283,0.554232,0.446187,0.465922,0.605360,0.616832,0.429528,0.608441,-0.146725,0.305952,0.305913,0.145822,0.513486,0.371099,0.626870,0.544131,-0.106144,0.541712,0.591489,0.883893
-0.280698,-0.267334,0.809889,0.819315,0.742059,0.302548,0.670529,0.710097,0.000000,0.653978,0.195697,0.125028,0.328907,0.257386,1.033089,0.565214,-0.260596,-0.317026,-0.000336,-0.191761,0.283190,0.252704,0.955708,0.799648,0.269039,0.105795,0.235505,-0.034449,-0.210047,-0.124261,0.372213,0.438574,0.473453,0.449531,0.940859,0.915126,0.430237,0.374812,0.219757,0.035461,0.203052,0.071454,0.201925,0.121053,0.135160,0.060521,0.150995,0.185877,-0.082381,-0.065061,0.450191,0.223982,0.194665,0.056172,0.118229,0.106810,-0.161394,-0.248262,0.007043,-0.172099,0.153501,0.485378,-0.299540,-0.202876,1.002522,1.046242,0.936374,0.959079,0.124503,0.168130,0.251345,0.271827,0.084028,0.135189,0.303634,0.362508,0.343425,0.501291,-0.218116,0.173894,0.006306,-0.022252,0.312539,0.193039,0.921512,0.695046,0.140688,0.632451,0.700776,0.715047
-0.149572,-0.119781,0.398636,0.387031,0.484920,0.222236,0.284613,0.587478,0.653978,0.000000,0.015717,0.223332,0.051610,0.235057,0.785253,0.645377,0.015731,-0.050826,0.044508,0.100146,0.179740,0.173645,0.531452,0.533300,0.165598,0.065743,0.228200,0.097993,0.192834,0.273195,0.423339,0.460891,0.395770,0.428770,0.486061,0.523518,0.186802,0.256875,0.028390,0.067649,0.168479,0.157559,0.302727,0.266450,0.198330,0.211636,0.263632,0.261734,-0.076010,0.007086,0.269075,0.145673,0.316069,0.108779,0.120568,0.162074,0.013134,-0.015330,-0.061500,-0.050995,0.071559,0.551882,-0.066157,0.086643,0.549482,0.621670,0.561843,0.622971,0.179982,0.235848,0.162725,0.194550,0.011249,0.088405,0.099243,0.191490,0.114152,0.226779,0.019791,0.450712,0.334038,0.288101,0.397794,0.353392,0.697092,0.641670,0.143127,0.509377,0.412221,0.579580
0.482784,0.292819,0.302068,0.218128,0.033256,-0.000302,0.676359,0.504115,0.195697,0.015717,0.000000,0.764152,1.356156,0.797704,0.402486,0.540348,0.322508,0.219660,0.787331,0.372292,0.349717,0.385675,0.145593,-0.012469,-0.007978,0.038036,0.139233,0.143346,0.312052,0.259063,0.218462,0.309527,0.392884,0.378365,0.073092,0.131286,0.307384,0.272184,0.120099,-0.224448,0.254304,0.371698,-0.141661,-0.112658,-0.319438,-0.186918,-0.072033,-0.050958,0.028578,-0.033022,0.135521,0.176129,0.220272,0.082285,0.133190,0.020053,0.063299,0.254589,0.588551,0.344134,0.947473,0.497934,0.565147,0.360524,0.064939,0.214854,0.165706,0.166068,0.242124,0.218792,0.509428,0.482846,0.653447,0.564167,0.611016,0.504649,0.426788,0.393218,-0.072232,0.086161,0.202773,0.020384,0.295562,0.126475,0.226589,0.200542,-0.342228,0.294954,0.319929,0.489618
0.358666,0.229101,-0.001694,0.037769,0.024282,-0.001658,0.330198,0.603706,0.125028,0.223332,0.764152,0.000000,0.822786,1.208191,0.287467,0.648745,0.520127,0.379774,0.501595,0.495350,0.344537,0.412326,0.066870,0.003601,-0.102843,-0.036278,0.112087,0.173638,0.661130,0.611704,0.295437,0.416547,0.480583,0.559516,-0.079939,0.033239,0.253212,0.251938,-0.084298,-0.366293,0.285051,0.466332,0.023008,0.025130,-0.103813,0.024844,0.066240,-0.001321,0.164801,0.107776,0.124849,0.285322,0.315207,0.097422,0.140822,-0.002253,-0.006389,0.238083,0.467430,0.494734,0.769963,0.915092,0.775522,0.924094,-0.109293,0.138800,0.035252,0.110484,0.055746,0.049218,0.384874,0.343113,0.569586,0.558193,0.479036,0.392459,0.239474,0.258347,0.033943,0.243024,0.531499,0.221717,0.346086,0.321154,0.179995,0.197587,-0.377483,0.211125,0.139521,0.503853
0.359113,0.187682,0.260504,0.160840,0.020506,-0.066020,0.688084,0.505569,0.328907,0.051610,1.356156,0.822786,0.000000,0.995305,0.482710,0.593182,0.260236,0.141311,0.645025,0.222068,0.303596,0.395736,0.157717,-0.028704,-0.063850,-0.066420,0.136507,0.051913,0.315218,0.245981,0.176651,0.275058,0.382711,0.368892,0.115545,0.167311,0.395894,0.339382,0.092531,-0.220760,0.390094,0.430992,-0.147182,-0.143073,-0.332638,-0.242896,-0.095880,-0.095408,0.026165,-0.091979,0.173290,0.137980,0.163468,-0.008967,0.098801,-0.047636,-0.032216,0.147163,0.548107,0.268593,0.966265,0.519629,0.495334,0.355097,0.067028,0.226998,0.188727,0.180115,0.175935,0.120765,0.377397,0.339523,0.633111,0.594027,0.595443,0.565189,0.359544,0.348310,-0.166267,0.122585,0.220656,0.052117,0.222965,0.169796,0.191699,0.104478,-0.327854,0.226925,0.311315,0.434773
0.228340,0.085355,0.185490,0.134495,0.091566,-0.013834,0.426591,0.533261,0.257386,0.235057,0.797704,1.208191,0.995305,0.000000,0.487602,0.893046,0.380549,0.147210,0.538621,0.410384,0.365496,0.486214,0.218356,0.125673,-0.024715,-0.003221,0.144116,0.104878,0.485336,0.429693,0.352877,0.463199,0.557528,0.655273,0.108528,0.233305,0.369157,0.382063,-0.079036,-0.424000,0.397628,0.494321,0.064390,0.055683,-0.109949,-0.005374,0.070553,-0.012106,0.054596,-0.016811,0.130426,0.156523,0.172335,-0.035780,0.016564,-0.126068,-0.113762,0.091651,0.352947,0.276107,0.626520,0.641981,0.535112,0.620652,0.041835,0.230362,0.187535,0.228173,0.033177,0.012057,0.321222,0.294716,0.537321,0.577771,0.520870,0.515024,0.310482,0.361751,-0.128679,0.280724,0.514112,0.207283,0.355029,0.370557,0.392047,0.354027,-0.392990,0.319652,0.156982,0.493560
-0.054221,-0.111398,0.927296,0.749354,0.599387,0.191004,0.736583,0.740363,1.033089,0.785253,0.402486,0.287467,0.482710,0.487602,0.000000,1.132231,-0.074713,-0.149196,0.316725,0.078856,0.336103,0.342318,0.893533,0.695810,0.275901,0.146552,0.382576,0.153576,0.066316,0.156426,0.442802,0.522981,0.638477,0.602877,0.897064,0.873486,0.398911,0.370630,0.196101,-0.006062,0.186729,0.153967,0.236478,0.184456,0.049773,0.070626,0.188423,0.218137,-0.115579,-0.041877,0.352532,0.180733,0.244710,0.050990,0.092221,0.069431,-0.035835,-0.056222,0.078358,-0.104158,0.313514,0.595243,-0.073442,-0.048950,0.861207,0.960869,0.861290,0.914182,0.242914,0.279896,0.298826,0.342028,0.199138,0.229519,0.368438,0.452451,0.393468,0.508036,-0.029966,0.448630,0.219025,0.214006,0.576137,0.303860,0.978976,0.831077,0.128390,0.576812,0.758553,0.776396
0.043678,-0.069551,0.571659,0.443068,0.365134,0.107838,0.607144,0.719740,0.565214,0.645377,0.540348,0.648745,0.593182,0.893046,1.132231,0.000000,0.138380,-0.065068,0.482264,0.278960,0.436033,0.505133,0.576572,0.432940,0.159228,0.131389,0.318377,0.195522,0.326589,0.350703,0.454895,0.576644,0.656549,0.691027,0.480670,0.542205,0.394639,0.427840,-0.007851,-0.267697,0.317296,0.366424,0.146975,0.140726,-0.050094,0.046255,0.130358,0.105377,-0.101136,-0.057772,0.197669,0.134677,0.188476,-0.002621,0.004722,-0.077221,-0.097355,-0.023453,0.126707,0.017856,0.418600,0.745900,0.154298,0.260668,0.492597,0.673577,0.479043,0.550738,0.126813,0.138668,0.353788,0.361877,0.379926,0.418334,0.444771,0.504411,0.299238,0.434994,-0.104658,0.501742,0.443622,0.303907,0.598159,0.445664,0.743094,0.618085,-0.081867,0.505562,0.362973,0.592974
0.995904,0.909995,-0.250467,-0.161776,-0.097260,0.094107,-0.021778,0.128707,-0.260596,0.015731,0.322508,0.520127,0.260236,0.380549,-0.074713,0.138380,0.000000,1.076986,0.436197,0.874165,0.209950,0.268953,-0.283791,-0.300702,0.019756,0.152225,0.115906,0.323665,0.894450,0.867782,0.102763,0.108394,0.127470,0.216379,-0.380313,-0.250577,0.210028,0.212707,-0.115045,-0.149416,0.136686,0.284577,0.344864,0.431819,0.195338,0.432510,0.492086,0.485061,0.537043,0.576720,0.295657,0.454681,0.630650,0.525917,0.480346,0.506782,0.736933,1.014091,0.688026,0.857353,0.435116,0.147231,0.761689,0.878765,-0.471559,-0.364943,-0.173260,-0.156178,0.459904,0.423506,0.195467,0.163748,0.168330,0.162750,0.070636,0.069719,0.020564,-0.019011,0.165236,0.343261,0.873205,0.472088,0.172700,0.259094,-0.124807,0.054272,-0.389517,0.008007,-0.142397,0.303813
0.846183,0.926221,-0.381146,-0.279414,-0.222122,0.010243,-0.145858,-0.001170,-0.317026,-0.050826,0.219660,0.379774,0.141311,0.147210,-0.149196,-0.065068,1.076986,0.000000,0.263038,0.702744,0.003189,-0.023417,-0.433597,-0.388096,-0.146713,-0.018913,0.023822,0.235178,0.766623,0.930250,-0.016244,-0.058375,0.027471,0.086257,-0.436340,-0.362474,-0.140957,0.012946,-0.004931,0.095628,-0.189419,0.083119,0.386048,0.441914,0.329474,0.455183,0.472329,0.453536,0.603331,0.607650,0.254117,0.423895,0.559242,0.490682,0.579129,0.593970,0.702082,0.938992,0.563378,0.738403,0.281220,0.058703,0.717004,0.692715,-0.570106,-0.461553,-0.227712,-0.221855,0.368632,0.391486,0.051889,0.083289,-0.014486,-0.018183,-0.107729,-0.163943,0.111335,-0.063682,0.579044,0.284221,0.565265,0.513502,0.155709,0.074299,-0.329340,-0.069157,-0.298761,-0.137180,-0.035561,0.137392
0.657772,0.426007,0.313026,0.153424,0.020467,-0.053877,0.600745,0.495017,-0.000336,0.044508,0.787331,0.501595,0.645025,0.538621,0.316725,0.482264,0.436197,0.263038,0.000000,0.883930,0.430633,0.484283,0.064431,-0.102886,-0.012638,0.047982,0.191145,0.222416,0.549397,0.513383,0.401095,0.324305,0.613234,0.546367,0.002703,0.062009,0.424055,0.417264,0.051881,-0.150258,0.287063,0.417813,0.089022,0.123058,-0.231583,0.009431,0.134069,0.157888,0.196135,0.077361,0.134086,0.092605,0.275347,0.074213,0.165400,0.088208,0.170005,0.410469,0.752232,0.458630,0.810239,0.344569,0.602065,0.477113,-0.045468,0.008161,0.174134,0.110515,0.360522,0.260353,0.381851,0.369883,0.725740,0.636056,0.775851,0.726932,0.441406,0.458423,-0.089126,0.167310,0.394475,0.299856,0.430889,0.305298,0.118561,0.080533,-0.280243,0.190857,0.239839,0.389486
0.824737,0.741760,-0.015960,-0.007861,0.030744,0.096358,0.130125,0.307088,-0.191761,0.100146,0.372292,0.495350,0.222068,0.410384,0.078856,0.278960,0.874165,0.702744,0.883930,0.000000,0.330295,0.372864,-0.130944,-0.158426,0.051178,0.166244,0.144976,0.353639,0.822374,0.906385,0.320033,0.261863,0.478603,0.518250,-0.225508,-0.109817,0.128375,0.264803,-0.091807,-0.096874,0.078771,0.321637,0.340661,0.398582,0.110700,0.397825,0.424398,0.405031,0.485487,0.442764,0.234849,0.328599,0.549604,0.360333,0.390801,0.369743,0.444394,0.739331,0.724445,0.770418,0.457875,0.248096,0.713761,0.831573,-0.347710,-0.239401,-0.015899,-0.021848,0.477696,0.444627,0.242040,0.246181,0.356179,0.358971,0.349171,0.333092,0.279826,0.257522,0.188021,0.221051,0.733370,0.548138,0.420705,0.343525,0.017703,0.178465,-0.284880,0.108080,0.097914,0.404618
0.195993,0.139274,0.417431,0.475010,0.424787,0.444811,0.432556,0.581290,0.283190,0.179740,0.349717,0.344537,0.303596,0.365496,0.336103,0.436033,0.209950,0.003189,0.430633,0.330295,0.000000,1.463645,0.411735,0.328811,0.376191,0.414252,0.443444,0.502272,0.183654,0.217209,0.512276,0.622926,0.464649,0.489991,0.306190,0.441679,0.587645,0.558756,0.148249,-0.180151,0.479910,0.290998,0.140940,0.151349,-0.029290,0.102137,0.145149,0.190062,0.191939,0.133178,0.338244,0.223343,0.291190,0.212004,0.075814,0.136185,0.094181,0.103476,0.371565,0.295669,0.352125,0.289585,0.186436,0.165725,0.180463,0.215330,0.338844,0.354777,0.229382,0.224008,1.078569,1.010806,0.593504,0.583881,0.635674,0.577527,0.372728,0.579953,-0.196237,0.074975,0.078704,-0.140802,0.235807,0.144094,0.290097,0.308750,-0.291240,0.656466,0.100014,0.428955
0.224300,0.164231,0.360044,0.390407,0.341011,0.349053,0.415713,0.558865,0.252704,0.173645,0.385675,0.412326,0.395736,0.486214,0.342318,0.505133,0.268953,-0.023417,0.484283,0.372864,1.463645,0.000000,0.341996,0.230414,0.368492,0.373669,0.444725,0.466748,0.246822,0.261564,0.456440,0.566956,0.480826,0.524252,0.271356,0.419702,0.707605,0.684150,0.142351,-0.189485,0.644635,0.467547,0.114173,0.134795,-0.089164,0.083208,0.129804,0.170437,0.174268,0.117053,0.323031,0.214990,0.282164,0.178184,0.062887,0.079582,0.070958,0.134227,0.388900,0.318947,0.421376,0.360536,0.231913,0.268441,0.121261,0.201324,0.302614,0.327515,0.253275,0.204956,0.864953,0.836854,0.649177,0.650390,0.705075,0.698876,0.360119,0.591156,-0.311958,0.072423,0.212156,-0.042673,0.227152,0.260782,0.289503,0.270584,-0.321946,0.547281,0.078471,0.429400
-0.368425,-0.433789,1.423716,1.452242,1.069350,0.509516,0.801190,0.822183,0.955708,0.531452,0.145593,0.066870,0.157717,0.218356,0.893533,0.576572,-0.283791,-0.433597,0.064431,-0.130944,0.411735,0.341996,0.000000,1.670569,0.610047,0.460036,0.464945,0.225440,-0.239086,-0.211014,0.685273,0.813070,0.675142,0.673946,1.337376,1.240318,0.395606,0.259855,0.243427,-0.058096,0.173064,0.030849,0.142445,0.067396,0.034067,0.001312,0.059917,0.093394,-0.212449,-0.159178,0.295084,0.089760,0.073342,-0.027405,-0.100372,-0.092152,-0.252493,-0.388077,-0.124439,-0.284423,0.088299,0.426032,-0.341730,-0.259925,1.286056,1.165784,1.045503,1.140119,-0.008976,0.020852,0.342504,0.403922,0.126142,0.151519,0.307001,0.321385,0.327945,0.505366,-0.171834,0.197383,-0.114192,-0.126136,0.417208,0.172436,0.877204,0.732851,0.202390,0.689694,0.563831,0.630265
-0.409101,-0.431943,1.040868,1.387286,1.112357,0.642889,0.511847,0.656816,0.799648,0.533300,-0.012469,0.003601,-0.028704,0.125673,0.695810,0.432940,-0.300702,-0.388096,-0.102886,-0.158426,0.328811,0.230414,1.670569,0.000000,0.713822,0.556420,0.523133,0.302792,-0.272112,-0.213540,0.580992,0.683548,0.497037,0.563222,1.104147,1.136904,0.235034,0.163885,0.221880,-0.027689,0.069461,-0.049373,0.225120,0.120570,0.175669,0.085858,0.121328,0.120165,-0.149088,-0.067030,0.303384,0.154635,0.120428,0.014569,-0.041538,-0.026847,-0.219862,-0.396616,-0.197535,-0.233320,-0.089305,0.344894,-0.370474,-0.279432,1.022928,1.032971,0.863394,1.053424,-0.067720,-0.005299,0.270471,0.363186,-0.008184,0.032401,0.135681,0.142272,0.226302,0.370197,-0.048254,0.178671,-0.124589,-0.107927,0.418773,0.173446,0.835440,0.840830,0.246150,0.663932,0.510691,0.582760
-0.001216,-0.035128,0.621175,0.872208,1.026369,1.177807,0.268611,0.389543,0.269039,0.165598,-0.007978,-0.102843,-0.063850,-0.024715,0.275901,0.159228,0.019756,-0.146713,-0.012638,0.051178,0.376191,0.368492,0.610047,0.713822,0.000000,1.656357,0.961724,0.994108,-0.133368,-0.117435,0.416783,0.523346,0.199912,0.305110,0.536566,0.581607,0.168497,0.117699,0.103261,-0.013452,0.048623,-0.011173,0.250961,0.169292,0.239869,0.283399,0.229919,0.222063,0.128210,0.259187,0.365322,0.330816,0.241141,0.240313,0.135625,0.146517,0.127749,-0.012276,0.091465,0.144034,-0.034133,0.120526,-0.262725,-0.154122,0.387844,0.426899,0.419544,0.536969,0.096435,0.125126,0.209407,0.209936,-0.082813,-0.067986,-0.031920,0.039676,-0.011453,0.094497,-0.134621,0.054454,-0.003336,-0.085748,0.209167,0.087291,0.396153,0.501462,0.148162,0.391662,0.225937,0.389778
0.066934,0.019115,0.453116,0.708126,0.880333,1.353280,0.207579,0.361789,0.105795,0.065743,0.038036,-0.036278,-0.066420,-0.003221,0.146552,0.131389,0.152225,-0.018913,0.047982,0.166244,0.414252,0.373669,0.460036,0.556420,1.656357,0.000000,0.771324,1.080540,-0.013883,0.000029,0.439092,0.533390,0.153101,0.268831,0.301217,0.350624,0.133395,0.056510,-0.005408,-0.107089,-0.009055,0.036176,0.223341,0.178913,0.211621,0.309213,0.224332,0.202468,0.188282,0.308223,0.288239,0.313100,0.221038,0.232629,0.113851,0.121156,0.131896,0.036424,0.143398,0.244170,-0.009422,0.100306,-0.140130,-0.015007,0.233768,0.263255,0.240479,0.350037,0.046874,0.070108,0.242744,0.235165,-0.042232,-0.023540,-0.043198,0.004859,-0.091096,0.012962,-0.108502,0.075695,0.075404,-0.036094,0.177187,0.081586,0.281840,0.386686,0.088380,0.318248,0.101543,0.304563
0.172062,0.059340,0.508332,0.625643,0.670276,0.714515,0.355352,0.437795,0.235505,0.228200,0.139233,0.112087,0.136507,0.144116,0.382576,0.318377,0.115906,0.023822,0.191145,0.144976,0.443444,0.444725,0.464945,0.523133,0.961724,0.771324,0.000000,1.252371,0.003925,0.060559,0.285359,0.399328,0.335922,0.437100,0.486346,0.562542,0.179806,0.184329,0.173894,0.011435,0.112794,0.038844,0.295665,0.229395,0.167221,0.214002,0.238036,0.241095,0.218429,0.274154,0.500267,0.396862,0.384190,0.269233,0.181879,0.203155,0.156100,0.064869,0.278098,0.259624,0.178354,0.244812,0.013421,0.008430,0.246698,0.362483,0.416168,0.531636,0.080591,0.095007,0.323036,0.343195,0.064812,0.067748,0.097477,0.122215,0.161655,0.190729,0.088180,0.113489,0.062915,0.028640,0.362819,0.153128,0.275544,0.398287,0.040736,0.377922,0.284704,0.384842
0.326536,0.222132,0.264287,0.416864,0.587000,0.902952,0.173597,0.339720,-0.034449,0.097993,0.143346,0.173638,0.051913,0.104878,0.153576,0.195522,0.323665,0.235178,0.222416,0.353639,0.502272,0.466748,0.225440,0.302792,0.994108,1.080540,1.252371,0.000000,0.204520,0.248958,0.297909,0.408982,0.233878,0.344594,0.163735,0.239722,0.062870,0.063690,0.048900,-0.029184,0.045625,0.111819,0.295149,0.265204,0.215556,0.343080,0.288704,0.264240,0.354673,0.428491,0.384142,0.405407,0.408025,0.343467,0.248204,0.251049,0.259596,0.219558,0.387890,0.459459,0.193877,0.189564,0.171688,0.182173,0.010588,0.114732,0.159347,0.267150,0.093446,0.116167,0.350252,0.341802,0.101819,0.102586,0.032067,0.008199,0.033137,0.030141,0.196865,0.143655,0.166738,0.104820,0.307918,0.139740,0.123146,0.295263,0.019240,0.298542,0.112656,0.290645
0.597504,0.521971,-0.212701,-0.219235,-0.133760,-0.017759,0.073566,0.283024,-0.210047,0.192834,0.312052,0.661130,0.315218,0.485336,0.066316,0.326589,0.894450,0.766623,0.549397,0.822374,0.183654,0.246822,-0.239086,-0.272112,-0.133368,-0.013883,0.003925,0.204520,0.000000,1.564945,0.294970,0.231007,0.273099,0.355926,-0.385640,-0.288759,0.110661,0.198521,-0.216963,-0.156080,0.233816,0.388293,0.272273,0.342900,0.127042,0.356023,0.354059,0.314480,0.399871,0.349199,0.105580,0.263161,0.378500,0.226163,0.328560,0.244651,0.303820,0.557144,0.543349,0.639116,0.459881,0.303798,0.793840,0.948195,-0.396078,-0.294271,-0.116240,-0.122749,0.213745,0.187882,0.109390,0.111812,0.320441,0.313645,0.198955,0.197160,0.051013,0.012133,0.257040,0.669745,0.904488,0.797441,0.327041,0.416479,-0.041447,0.039268,-0.279373,-0.076194,-0.041435,0.219603
0.592667,0.568439,-0.202629,-0.158088,-0.096297,0.050514,0.027692,0.313766,-0.124261,0.273195,0.259063,0.611704,0.245981,0.429693,0.156426,0.350703,0.867782,0.930250,0.513383,0.906385,0.217209,0.261564,-0.211014,-0.213540,-0.117435,0.000029,0.060559,0.248958,1.564945,0.000000,0.288394,0.235695,0.312416,0.393873,-0.320710,-0.220875,0.090165,0.222559,-0.149046,-0.059392,0.131243,0.376659,0.392253,0.454696,0.211446,0.444471,0.436843,0.400572,0.491912,0.461566,0.211788,0.340054,0.488134,0.286255,0.390344,0.346751,0.358232,0.603865,0.541012,0.671435,0.411658,0.324095,0.764902,0.930071,-0.379089,-0.247793,-0.076716,-0.066056,0.267993,0.279264,0.159140,0.204039,0.257190,0.292552,0.180972,0.183219,0.112642,0.079048,0.370138,0.650384,0.949059,0.916286,0.353010,0.392941,-0.027942,0.132022,-0.278114,-0.027644,0.065868,0.285273
-0.065642,-0.122855,0.620718,0.589646,0.569570,0.385402,0.566265,0.803742,0.372213,0.423339,0.218462,0.295437,0.176651,0.352877,0.442802,0.454895,0.102763,-0.016244,0.401095,0.320033,0.512276,0.456440,0.685273,0.580992,0.416783,0.439092,0.285359,0.297909,0.294970,0.288394,0.000000,1.544351,0.812036,0.854043,0.476384,0.506759,0.439397,0.446843,0.085985,-0.127715,0.246928,0.252729,0.241108,0.232089,0.062849,0.180352,0.212105,0.198355,-0.011868,-0.056071,0.102812,0.014335,0.042681,-0.127552,-0.027451,-0.047383,-0.133595,-0.067759,0.180538,0.090270,0.279352,0.462311,0.061000,0.215481,0.440555,0.411523,0.606846,0.579023,-0.046902,0.000461,0.371655,0.396205,0.310438,0.329726,0.444739,0.474152,0.326897,0.452564,-0.214301,0.247030,0.201266,0.077463,0.315972,0.216719,0.421139,0.403224,-0.129737,0.458471,0.294640,0.409510
-0.072154,-0.160924,0.648781,0.693500,0.631041,0.456605,0.602607,0.858343,0.438574,0.460891,0.309527,0.416547,0.275058,0.463199,0.522981,0.576644,0.108394,-0.058375,0.324305,0.261863,0.622926,0.566956,0.813070,0.683548,0.523346,0.533390,0.399328,0.408982,0.231007,0.235695,1.544351,0.000000,0.791646,0.881336,0.562713,0.609619,0.442774,0.395989,0.069138,-0.201730,0.309760,0.273907,0.192861,0.186795,0.028886,0.134458,0.162154,0.159953,-0.041448,-0.044578,0.168018,0.083263,0.094534,-0.058310,-0.056078,-0.068314,-0.151899,-0.129272,0.154245,0.088972,0.309961,0.531182,0.041448,0.183727,0.486567,0.518702,0.596030,0.632920,-0.054094,-0.010122,0.537429,0.521090,0.339365,0.369465,0.434641,0.435804,0.313933,0.436037,-0.207176,0.254547,0.156409,0.008373,0.332981,0.194479,0.490533,0.497769,-0.121764,0.589633,0.234846,0.482239
0.038438,-0.096052,0.654495,0.556139,0.461663,0.204606,0.758362,0.996345,0.473453,0.395770,0.392884,0.480583,0.382711,0.557528,0.638477,0.656549,0.127470,0.027471,0.613234,0.478603,0.464649,0.480826,0.675142,0.497037,0.199912,0.153101,0.335922,0.233878,0.273099,0.312416,0.812036,0.791646,0.000000,1.813523,0.604236,0.621835,0.375630,0.442010,0.109674,-0.096275,0.208514,0.301234,0.223041,0.187969,-0.046810,0.103803,0.163442,0.149596,0.024235,-0.097731,0.269254,0.090807,0.213306,-0.048655,-0.009526,-0.057037,-0.190464,-0.029578,0.333620,0.110707,0.594121,0.723203,0.315102,0.412404,0.451345,0.501161,0.772716,0.740113,0.005815,0.011966,0.437013,0.488111,0.514239,0.527944,0.731203,0.662711,0.638125,0.763819,-0.020319,0.219723,0.335698,0.232051,0.586664,0.383059,0.511351,0.481301,-0.096729,0.482565,0.521284,0.650115
0.064228,-0.070218,0.592739,0.598855,0.518074,0.317214,0.689614,1.029828,0.449531,0.428770,0.378365,0.559516,0.368892,0.655273,0.602877,0.691027,0.216379,0.086257,0.546367,0.518250,0.489991,0.524252,0.673946,0.563222,0.305110,0.268831,0.437100,0.344594,0.355926,0.393873,0.854043,0.881336,1.813523,0.000000,0.553750,0.640527,0.388956,0.457727,0.046055,-0.160225,0.238665,0.338056,0.335059,0.292444,0.068416,0.223522,0.280041,0.236012,0.123340,0.012352,0.371504,0.227477,0.283961,0.022244,0.061612,-0.002395,-0.162988,-0.015615,0.354741,0.215719,0.531023,0.742233,0.325010,0.496108,0.387986,0.486949,0.733103,0.778216,-0.036245,-0.020084,0.414627,0.480728,0.449152,0.486132,0.617920,0.570375,0.582414,0.705977,-0.017045,0.299052,0.444829,0.324207,0.647850,0.498398,0.563398,0.601263,-0.122315,0.539551,0.443694,0.731427
-0.349265,-0.390962,1.261435,1.094377,0.793079,0.339220,0.698419,0.589003,0.940859,0.486061,0.073092,-0.079939,0.115545,0.108528,0.897064,0.480670,-0.380313,-0.436340,0.002703,-0.225508,0.306190,0.271356,1.337376,1.104147,0.536566,0.301217,0.486346,0.163735,-0.385640,-0.320710,0.476384,0.562713,0.604236,0.553750,0.000000,1.786823,0.332202,0.348907,0.394939,0.149029,0.107395,-0.065930,0.160314,0.085215,0.066236,-0.014135,0.068616,0.115814,-0.257804,-0.216239,0.347435,0.066722,0.015306,-0.047498,-0.070092,-0.056957,-0.187626,-0.335485,-0.155655,-0.364440,0.042449,0.337036,-0.444749,-0.399948,1.319127,1.212472,1.328854,1.383923,0.032168,0.084327,0.245631,0.308878,0.014755,0.045049,0.239966,0.270018,0.428623,0.566848,-0.136734,0.152343,-0.193039,-0.157872,0.372668,0.108501,0.814102,0.704829,0.272284,0.705166,0.619945,0.512698
-0.249918,-0.290088,1.127122,1.147593,0.800630,0.383733,0.678341,0.660340,0.915126,0.523518,0.131286,0.033239,0.167311,0.233305,0.873486,0.542205,-0.250577,-0.362474,0.062009,-0.109817,0.441679,0.419702,1.240318,1.136904,0.581607,0.350624,0.562542,0.239722,-0.288759,-0.220875,0.506759,0.609619,0.621835,0.640527,1.786823,0.000000,0.423339,0.442227,0.373311,0.069457,0.197813,0.005361,0.259862,0.174540,0.132592,0.079844,0.178856,0.202707,-0.142180,-0.114909,0.430873,0.172260,0.116519,0.014612,0.003919,0.020375,-0.135856,-0.256237,-0.062577,-0.226392,0.077244,0.384992,-0.356141,-0.290837,1.055755,1.152085,1.302111,1.519636,0.087154,0.143978,0.334884,0.414633,0.095814,0.126826,0.314682,0.341109,0.452601,0.641915,-0.156593,0.192816,-0.088251,-0.126073,0.396219,0.165860,0.861985,0.792171,0.143086,0.807531,0.578949,0.602350
0.154936,0.083743,0.409680,0.376347,0.264759,0.085997,0.535799,0.503128,0.430237,0.186802,0.307384,0.253212,0.395894,0.369157,0.398911,0.394639,0.210028,-0.140957,0.424055,0.128375,0.587645,0.707605,0.395606,0.235034,0.168497,0.133395,0.179806,0.062870,0.110661,0.090165,0.439397,0.442774,0.375630,0.388956,0.332202,0.423339,0.000000,0.765602,0.222485,-0.120123,0.758876,0.387392,0.153539,0.175140,-0.106164,0.046960,0.211964,0.274861,0.111550,0.049739,0.387497,0.178948,0.239603,0.110661,0.108138,0.085386,0.086967,0.122011,0.365226,0.206671,0.426755,0.263404,0.011792,0.097780,0.279737,0.283065,0.419002,0.395183,0.247261,0.198320,0.442914,0.424248,0.442953,0.430576,0.572173,0.760792,0.258800,0.486925,-0.632652,0.133169,0.232633,-0.043871,0.210866,0.352374,0.391908,0.217454,-0.145770,0.409363,0.169069,0.439308
0.196347,0.179106,0.308484,0.252618,0.182607,0.096950,0.375085,0.425342,0.374812,0.256875,0.272184,0.251938,0.339382,0.382063,0.370630,0.427840,0.212707,0.012946,0.417264,0.264803,0.558756,0.684150,0.259855,0.163885,0.117699,0.056510,0.184329,0.063690,0.198521,0.222559,0.446843,0.395989,0.442010,0.457727,0.348907,0.442227,0.765602,0.000000,0.361661,0.172416,0.673470,0.455873,0.248284,0.292306,0.042422,0.158135,0.260648,0.326749,0.158924,0.068750,0.408474,0.175393,0.206736,0.140283,0.175324,0.198662,0.129823,0.176459,0.345040,0.167014,0.355375,0.301738,0.073406,0.146996,0.199590,0.257182,0.440691,0.391553,0.277447,0.271799,0.342831,0.378390,0.383513,0.425611,0.541484,0.700099,0.267560,0.505056,-0.381447,0.165006,0.280191,0.090024,0.168677,0.326731,0.371791,0.286360,-0.167569,0.513504,0.213300,0.363226
0.165649,0.200639,0.282137,0.235444,0.129570,0.035084,0.193329,0.062960,0.219757,0.028390,0.120099,-0.084298,0.092531,-0.079036,0.196101,-0.007851,-0.115045,-0.004931,0.051881,-0.091807,0.148249,0.142351,0.243427,0.221880,0.103261,-0.005408,0.173894,0.048900,-0.216963,-0.149046,0.085985,0.069138,0.109674,0.046055,0.394939,0.373311,0.222485,0.361661,0.000000,0.770001,0.216033,0.046728,0.053334,0.105648,-0.029292,-0.068954,0.091922,0.221218,0.018026,0.019591,0.343187,0.182254,0.219143,0.284093,0.445890,0.374429,0.249660,0.114301,0.156632,0.002934,0.020838,0.010374,-0.183561,-0.332349,0.149413,0.188152,0.343808,0.315207,0.318454,0.366076,0.189660,0.305810,0.050046,0.020514,0.130242,0.007071,0.296699,0.273953,0.079132,-0.125016,-0.252517,-0.194514,0.210968,0.066041,0.042581,0.058803,0.119556,0.438326,0.437041,0.201589
0.139360,0.233998,-0.039986,-0.057796,-0.067941,-0.004436,-0.206509,-0.222030,0.035461,0.067649,-0.224448,-0.366293,-0.220760,-0.424000,-0.006062,-0.267697,-0.149416,0.095628,-0.150258,-0.096874,-0.180151,-0.189485,-0.058096,-0.027689,-0.013452,-0.107089,0.011435,-0.029184,-0.156080,-0.059392,-0.127715,-0.201730,-0.096275,-0.160225,0.149029,0.069457,-0.120123,0.172416,0.770001,0.000000,0.045449,0.018092,0.096610,0.136751,0.051475,0.026408,0.111627,0.221929,0.069505,0.072678,0.236626,0.076898,0.184178,0.238321,0.423819,0.421544,0.330511,0.190366,0.003563,-0.062285,-0.183694,-0.186264,-0.234685,-0.343419,-0.034343,-0.056407,0.100009,0.069003,0.298124,0.345318,-0.200154,-0.057509,-0.170729,-0.172948,-0.123005,-0.162813,-0.024330,-0.045903,0.206569,-0.094334,-0.166128,0.068275,0.110672,0.017088,-0.105039,-0.035064,0.489364,0.150920,0.348897,0.009903
0.119719,0.028575,0.118867,0.081400,0.050366,-0.002262,0.231525,0.241693,0.203052,0.168479,0.254304,0.285051,0.390094,0.397628,0.186729,0.317296,0.136686,-0.189419,0.287063,0.078771,0.479910,0.644635,0.173064,0.069461,0.048623,-0.009055,0.112794,0.045625,0.233816,0.131243,0.246928,0.309760,0.208514,0.238665,0.107395,0.197813,0.758876,0.673470,0.216033,0.045449,0.000000,0.748408,-0.091975,-0.054889,-0.247926,-0.157552,-0.047488,-0.012704,-0.035226,-0.143509,0.135489,-0.048406,0.070927,-0.036295,0.020473,-0.057793,-0.044967,-0.012461,0.213012,0.090945,0.321739,0.202591,0.085739,0.086638,0.037598,0.088714,0.119641,0.103699,0.134500,0.066029,0.357762,0.373237,0.673322,0.712797,0.581526,0.609789,0.095715,0.252500,-0.430870,0.090517,0.185957,0.032452,0.115683,0.369440,0.238986,0.098578,-0.067198,0.337197,0.011842,0.200442
0.200837,0.101749,0.019440,0.026249,-0.032052,0.033060,0.163180,0.290106,0.071454,0.157559,0.371698,0.466332,0.430992,0.494321,0.153967,0.366424,0.284577,0.083119,0.417813,0.321637,0.290998,0.467547,0.030849,-0.049373,-0.011173,0.036176,0.038844,0.111819,0.388293,0.376659,0.252729,0.273907,0.301234,0.338056,-0.065930,0.005361,0.387392,0.455873,0.046728,0.018092,0.748408,0.000000,-0.210036,-0.192793,-0.375007,-0.234445,-0.185884,-0.170853,-0.043996,-0.197110,0.012440,-0.086442,0.079999,-0.136582,0.027709,-0.111615,-0.097194,0.062998,0.292893,0.218271,0.426225,0.309069,0.376320,0.397547,-0.116347,-0.005077,-0.045070,-0.019866,0.110965,0.025563,0.221518,0.286990,0.802758,1.000708,0.590832,0.553458,0.059320,0.161864,-0.141796,0.090900,0.339529,0.219584,0.109783,0.296503,0.060426,0.083116,-0.168967,0.155693,0.100280,0.231688
0.259547,0.334788,0.122249,0.214015,0.329350,0.303304,0.055856,0.208238,0.201925,0.302727,-0.141661,0.023008,-0.147182,0.064390,0.236478,0.146975,0.344864,0.386048,0.089022,0.340661,0.140940,0.114173,0.142445,0.225120,0.250961,0.223341,0.295665,0.295149,0.272273,0.392253,0.241108,0.192861,0.223041,0.335059,0.160314,0.259862,0.153539,0.248284,0.053334,0.096610,-0.091975,-0.210036,0.000000,1.839047,1.233950,1.389195,1.864681,1.381145,0.818844,0.886272,0.718402,0.685157,0.627944,0.562884,0.588260,0.707028,0.438906,0.360450,0.261914,0.355360,-0.106992,0.058406,-0.035828,0.141912,0.057720,0.050188,0.390684,0.398872,0.241632,0.323233,-0.002098,0.013887,-0.312740,-0.296265,-0.189345,-0.063028,0.192910,0.188885,0.192375,0.396304,0.408401,0.461446,0.421383,0.405437,0.256903,0.367485,0.044251,0.287224,0.126654,0.316997
0.330353,0.396160,0.057328,0.119643,0.229260,0.237574,0.028549,0.136780,0.121053,0.266450,-0.112658,0.025130,-0.143073,0.055683,0.184456,0.140726,0.431819,0.441914,0.123058,0.398582,0.151349,0.134795,0.067396,0.120570,0.169292,0.178913,0.229395,0.265204,0.342900,0.454696,0.232089,0.186795,0.187969,0.292444,0.085215,0.174540,0.175140,0.292306,0.105648,0.136751,-0.054889,-0.192793,1.839047,0.000000,1.001492,1.296209,1.800580,1.632915,0.756873,0.869520,0.697399,0.696636,0.604152,0.636742,0.616002,0.753195,0.504560,0.419559,0.279516,0.380226,-0.100169,0.018204,-0.010036,0.160032,-0.014669,-0.027915,0.311459,0.310059,0.276852,0.357682,0.047283,0.050214,-0.288260,-0.281611,-0.170609,-0.071381,0.206622,0.191724,0.192514,0.423323,0.441841,0.506443,0.422361,0.439687,0.184165,0.298115,0.025528,0.290828,0.044731,0.252871
0.061335,0.215385,-0.020114,0.105122,0.283007,0.314757,-0.119553,0.037252,0.135160,0.198330,-0.319438,-0.103813,-0.332638,-0.109949,0.049773,-0.050094,0.195338,0.329474,-0.231583,0.110700,-0.029290,-0.089164,0.034067,0.175669,0.239869,0.211621,0.167221,0.215556,0.127042,0.211446,0.062849,0.028886,-0.046810,0.068416,0.066236,0.132592,-0.106164,0.042422,-0.029292,0.051475,-0.247926,-0.375007,1.233950,1.001492,0.000000,1.398035,1.108045,0.852058,0.715393,0.850595,0.497933,0.584896,0.377058,0.468358,0.490040,0.605926,0.315896,0.199091,0.034834,0.211372,-0.347842,-0.077400,-0.166231,0.032624,0.031420,-0.003841,0.220424,0.229298,0.067993,0.156045,-0.122148,-0.146840,-0.553605,-0.519474,-0.442985,-0.345461,-0.012488,-0.069934,0.277844,0.276489,0.210479,0.278808,0.174292,0.159129,0.168639,0.259547,0.049400,0.120666,-0.020299,0.103493
0.278931,0.407346,-0.029815,0.090525,0.267629,0.360900,-0.053637,0.143339,0.060521,0.211636,-0.186918,0.024844,-0.242896,-0.005374,0.070626,0.046255,0.432510,0.455183,0.009431,0.397825,0.102137,0.083208,0.001312,0.085858,0.283399,0.309213,0.214002,0.343080,0.356023,0.444471,0.180352,0.134458,0.103803,0.223522,-0.014135,0.079844,0.046960,0.158135,-0.068954,0.026408,-0.157552,-0.234445,1.389195,1.296209,1.398035,0.000000,1.473479,1.185652,0.915656,1.169500,0.610376,0.770808,0.588485,0.634636,0.582816,0.729626,0.468034,0.418005,0.284077,0.455984,-0.126759,0.018214,-0.013242,0.244350,-0.064337,-0.069473,0.229501,0.236444,0.239936,0.317912,-0.035184,-0.059665,-0.388868,-0.378697,-0.287401,-0.156195,0.022094,0.034514,0.175714,0.396804,0.492042,0.463047,0.290776,0.349277,0.181897,0.272343,0.015129,0.122811,-0.015941,0.217522
0.401704,0.493083,0.054928,0.141378,0.270011,0.259350,0.054076,0.181047,0.150995,0.263632,-0.072033,0.066240,-0.095880,0.070553,0.188423,0.130358,0.492086,0.472329,0.134069,0.424398,0.145149,0.129804,0.059917,0.121328,0.229919,0.224332,0.238036,0.288704,0.354059,0.436843,0.212105,0.162154,0.163442,0.280041,0.068616,0.178856,0.211964,0.260648,0.091922,0.111627,-0.047488,-0.185884,1.864681,1.800580,1.108045,1.473479,0.000000,1.755802,0.860334,0.992952,0.735008,0.781708,0.726200,0.685492,0.769147,0.880587,0.593589,0.516538,0.367264,0.469333,-0.050100,0.060574,0.007070,0.198747,-0.029379,-0.010820,0.322607,0.330463,0.363365,0.437894,0.036384,0.025573,-0.303919,-0.307968,-0.193548,-0.070511,0.178426,0.174129,0.126333,0.378465,0.495230,0.469487,0.417544,0.431909,0.215513,0.313791,-0.006925,0.257671,0.087287,0.333407
0.481488,0.571612,0.117938,0.189853,0.259210,0.242657,0.105759,0.169336,0.185877,0.261734,-0.050958,-0.001321,-0.095408,-0.012106,0.218137,0.105377,0.485061,0.453536,0.157888,0.405031,0.190062,0.170437,0.093394,0.120165,0.222063,0.202468,0.241095,0.264240,0.314480,0.400572,0.198355,0.159953,0.149596,0.236012,0.115814,0.202707,0.274861,0.326749,0.221218,0.221929,-0.012704,-0.170853,1.381145,1.632915,0.852058,1.185652,1.755802,0.000000,0.796249,0.958968,0.845989,0.839935,0.823044,0.882778,0.845052,1.055926,0.735051,0.585323,0.418184,0.475351,-0.012411,-0.002051,-0.035183,0.095744,0.005338,-0.004008,0.351164,0.344325,0.521497,0.592429,0.089261,0.099648,-0.250319,-0.279944,-0.129585,-0.034074,0.199727,0.213944,0.116017,0.371436,0.410417,0.414477,0.424514,0.415913,0.175198,0.295807,0.039122,0.316738,0.136766,0.369042
