0.000000,1.589804,1.293186,1.443900,0.889883,1.012125,1.316235,1.240413,0.948076,0.984341,1.043695,1.155317,1.203079,1.170442,1.088717,1.218067,1.219791,1.372373,1.739317,1.516279,0.448670,0.443664,1.121740,1.156270,0.984915,0.967284,0.727409,0.568330,0.771694,0.747399,0.760509,0.911918,1.390362,1.241618,1.082174,0.712849,0.613721,0.817359,0.398571,0.628320,0.428612,-0.058199,0.985574,0.855648,1.145501,1.008706,1.136792,1.210061,0.899117,0.819040,1.107948,0.947756,0.904123,1.095102,1.000395,0.943656,1.776658,1.481924,1.319446,1.310002,1.352186,1.133223,1.238906,1.264013,1.396498,1.017221,1.644828,1.540646,1.429221,1.348291,0.768572,0.809457,0.926880,1.118176,0.942755,1.028078,1.079441,0.899025,0.609724,0.919254,1.555097,1.337213,1.292525,1.054094,1.535151,1.495980,0.831271,0.608857,1.217238,1.581394
1.589804,0.000000,0.983600,1.164183,0.780823,0.806962,1.003370,1.048564,0.827398,0.701037,0.699765,0.870354,0.866931,0.893250,0.774149,0.913074,1.043090,1.255048,1.420657,1.668724,0.373956,0.381647,0.884174,0.938702,0.850817,0.790133,0.662316,0.514193,0.638729,0.688844,0.674513,0.789080,1.211134,1.145471,0.910193,0.592216,0.549089,0.754109,0.380425,0.564190,0.335272,-0.032949,0.802396,0.719497,0.956091,0.824436,0.963784,1.020288,0.690399,0.598432,0.825842,0.664835,0.704112,0.879524,0.773159,0.757470,2.300698,2.089265,0.988587,1.039630,1.068688,0.982098,1.319403,1.143739,1.078643,0.839194,1.241819,1.261197,1.536359,1.487634,0.610180,0.629380,0.720848,0.977701,0.780671,0.902201,0.829662,0.734090,0.599574,0.932180,1.499493,1.384244,1.025724,0.910926,1.242413,1.273096,0.690856,0.568019,1.040349,1.301641
1.293186,0.983600,0.000000,1.802083,1.009357,1.324577,1.671270,1.336635,0.942158,1.199829,1.084810,1.071232,1.164771,0.981028,1.277146,1.226179,0.996237,1.070874,1.430706,1.032168,0.652758,0.503149,1.757414,1.583098,1.433196,1.383777,0.969885,0.715974,0.605758,0.595256,0.816308,0.886440,1.146149,1.061195,1.016331,0.724917,0.453977,0.738195,0.357883,0.510424,0.308623,-0.137370,0.874977,0.741329,0.989083,0.844413,1.061468,1.137338,0.878246,0.763926,1.079894,0.928017,0.930270,1.148437,0.826110,0.757886,1.023551,0.898882,1.067274,1.027930,1.026489,0.922651,0.730836,0.767034,1.445293,1.040278,1.369326,1.245408,1.014943,1.004364,0.748748,0.777964,0.712891,0.814107,0.610551,0.798594,0.967734,0.813251,0.456466,0.703775,1.110999,0.971116,1.336238,0.976083,1.177184,1.258236,0.948290,0.584568,1.070571,1.474540
1.443900,1.164183,1.802083,0.000000,0.980271,1.187464,1.736209,1.720375,0.960415,1.099194,0.998992,1.156180,1.214180,1.078772,1.191521,1.266536,1.005002,1.182292,1.535612,1.248663,0.638008,0.468346,1.621044,1.774115,1.311040,1.356438,0.881884,0.608746,0.617387,0.610259,0.815996,1.014347,1.258780,1.253465,1.177747,0.797905,0.552787,0.818368,0.335521,0.534519,0.303275,-0.088383,0.863049,0.734444,0.976446,0.854054,1.060342,1.114396,0.836383,0.765469,1.035184,0.934886,0.886193,1.134060,0.841723,0.787635,1.179031,1.098162,1.142593,1.166411,1.208048,1.194744,0.845031,0.938349,1.610804,1.281297,1.490167,1.441254,1.132401,1.122522,0.805246,0.816816,0.790044,0.961786,0.750285,0.860860,1.088365,0.935449,0.460401,0.711661,1.166753,1.037547,1.232061,0.940552,1.275703,1.347697,0.831332,0.519308,1.114830,1.560982
0.889883,0.780823,1.009357,0.980271,0.000000,1.084010,1.058228,1.049553,1.319889,0.719240,0.761685,1.114975,0.981274,0.967100,0.870406,0.893889,0.587452,0.699728,1.014517,0.856190,0.518177,0.613591,0.950664,1.034012,0.788347,0.805348,0.903265,0.724338,0.519055,0.506390,0.763729,0.869152,0.898467,0.892146,0.789001,0.435064,0.571626,0.651846,0.234997,0.381037,0.259154,-0.147195,0.824404,0.686868,0.811028,0.795473,0.985297,1.034527,0.732994,0.704727,0.929019,0.841561,0.886522,0.969717,0.790714,0.732734,0.763170,0.679808,0.977823,0.993820,0.925689,0.845886,0.787183,0.799197,0.946093,0.740086,0.986181,0.910799,0.706980,0.745371,0.727774,0.814637,0.752037,0.829230,0.663598,0.775708,0.926671,0.838667,0.286996,0.474777,0.780189,0.731372,0.794835,0.663208,0.793231,0.827360,0.503823,0.358957,0.804430,0.978391
1.012125,0.806962,1.324577,1.187464,1.084010,0.000000,1.158347,1.050709,1.025229,1.122202,0.917421,0.982361,0.918796,0.831044,0.984268,0.995080,0.686962,0.823165,1.063436,0.832629,0.650489,0.509743,1.122745,1.123179,1.000864,1.038559,0.860464,1.007050,0.471006,0.401719,0.722270,0.780882,0.965311,0.885829,0.851427,0.643847,0.440977,0.583831,0.190076,0.310920,0.223315,-0.236147,0.816092,0.698747,0.925508,0.841972,0.976081,1.048686,0.827770,0.726143,0.948865,0.859324,0.906000,1.062792,0.721838,0.671472,0.826819,0.710707,0.930971,0.926011,0.846377,0.808632,0.654301,0.735363,1.078322,0.800988,1.071088,1.016376,0.801613,0.818399,0.681018,0.743928,0.577769,0.666188,0.516818,0.695016,0.820374,0.723072,0.307569,0.464805,0.836339,0.675163,0.899376,0.690349,0.881775,0.873843,0.652340,0.388262,0.844797,1.102108
1.316235,1.003370,1.671270,1.736209,1.058228,1.158347,0.000000,1.858417,1.182271,1.107240,1.044342,1.157096,1.449371,1.170746,1.255829,1.167618,0.980140,1.000735,1.523548,1.141909,0.612811,0.461220,1.486957,1.445733,1.214647,1.183597,0.823175,0.586243,0.647752,0.651894,0.905129,1.012296,1.293336,1.260159,1.171023,0.726662,0.614882,0.888747,0.360855,0.570509,0.401862,-0.025323,0.905669,0.767231,0.973407,0.842351,1.094618,1.147705,0.859514,0.786627,1.160568,1.016883,0.961977,1.205487,0.926000,0.847793,1.020007,0.920864,1.227753,1.166279,1.350883,1.160184,0.890850,0.939866,1.501775,1.122785,1.437328,1.336706,0.946801,0.974097,0.884076,0.873089,0.889234,0.985206,0.808044,0.956997,1.208759,0.984014,0.451027,0.686366,1.113133,1.002050,1.201863,0.963887,1.159017,1.229326,0.812209,0.534487,1.130374,1.452229
1.240413,1.048564,1.336635,1.720375,1.049553,1.050709,1.858417,0.000000,1.125512,1.031783,0.923665,1.214768,1.340253,1.249152,1.078350,1.114646,0.850541,1.011336,1.441660,1.193688,0.604003,0.500137,1.329198,1.478716,1.112786,1.137110,0.834256,0.550912,0.612879,0.630923,0.931970,1.129140,1.319682,1.428788,1.212245,0.688429,0.655840,0.874488,0.319321,0.556091,0.381776,0.004578,0.871998,0.765337,0.919650,0.820867,1.062118,1.113965,0.777263,0.750061,1.016924,0.970003,0.860629,1.065760,0.854851,0.797642,1.028067,0.981272,1.176783,1.224892,1.358047,1.433841,0.892452,1.035085,1.423293,1.337490,1.356812,1.385418,0.926693,0.970754,0.943620,0.873128,0.853120,1.006409,0.831523,0.924527,1.202489,1.056650,0.407645,0.653324,1.041379,0.970122,1.062025,0.844224,1.096452,1.169514,0.728863,0.472669,1.099692,1.366616
0.948076,0.827398,0.942158,0.960415,1.319889,1.025229,1.182271,1.125512,0.000000,0.819603,0.702955,1.155719,1.011666,0.970096,0.921602,0.867158,0.584496,0.663479,1.138169,0.937591,0.427131,0.402910,0.919633,0.951389,0.755345,0.690663,0.638634,0.555869,0.592458,0.608517,0.827336,0.918068,1.035194,1.032199,0.872931,0.463786,0.709826,0.814544,0.279366,0.534166,0.417965,-0.048774,0.917743,0.787263,0.899893,0.886605,1.123983,1.124808,0.847572,0.812314,1.133128,0.956596,1.044773,1.143499,1.002180,0.933176,0.801948,0.736864,1.202828,1.198530,1.044504,1.022830,0.990391,0.990608,1.059522,0.764414,1.106677,1.011717,0.685385,0.736021,0.740904,0.816108,0.887869,0.881874,0.832821,0.936875,1.014539,0.924953,0.388394,0.526050,0.866895,0.838764,0.836270,0.761762,0.887831,0.945187,0.567921,0.473582,0.804193,1.051124
0.984341,0.701037,1.199829,1.099194,0.719240,1.122202,1.107240,1.031783,0.819603,0.000000,1.034420,0.880411,0.964077,0.861179,0.974501,0.973649,0.698334,0.834917,0.958279,0.741635,0.550891,0.436566,1.011177,0.956047,0.908036,0.928324,0.604871,0.611772,0.479844,0.404937,0.611517,0.662470,0.879555,0.799149,0.893788,0.643943,0.402547,0.485050,0.143931,0.325032,0.256841,-0.193190,0.776258,0.677911,0.883269,0.772755,0.863942,0.917529,0.785016,0.673340,0.912061,0.831100,0.759003,0.860914,0.692263,0.630841,0.738421,0.641634,0.896454,0.870571,0.868910,0.807590,0.593288,0.714216,1.073026,0.898148,1.065284,1.013258,0.649003,0.708550,0.633944,0.605931,0.552398,0.583534,0.538692,0.641753,0.797369,0.670128,0.358367,0.470119,0.774991,0.651562,0.905511,0.657259,0.879664,0.794955,0.701440,0.392111,0.795394,1.009781
1.043695,0.699765,1.084810,0.998992,0.761685,0.917421,1.044342,0.923665,0.702955,1.034420,0.000000,1.076163,1.386659,1.113546,1.077789,1.091003,1.007756,1.002921,0.995903,0.771201,0.510269,0.473381,0.995798,0.973347,0.823618,0.869493,0.651870,0.585274,0.770993,0.630489,0.696142,0.704630,0.930376,0.850287,0.831530,0.682515,0.464660,0.535127,0.198724,0.380179,0.365927,-0.141868,0.954803,0.834538,0.972433,0.854794,0.950011,1.033903,0.846625,0.810422,0.991151,0.995955,0.803468,0.924092,0.756540,0.765953,0.765910,0.620813,0.868804,0.820790,0.901964,0.739610,0.668772,0.838630,0.942462,0.821456,1.015964,0.989461,0.677968,0.686302,0.676607,0.695864,0.721848,0.749987,0.707597,0.760689,0.907826,0.798682,0.465298,0.662423,0.876222,0.770258,1.043324,0.749508,0.828215,0.800740,0.619834,0.337353,0.888636,0.928988
1.155317,0.870354,1.071232,1.156180,1.114975,0.982361,1.157096,1.214768,1.155719,0.880411,1.076163,0.000000,1.259735,1.562578,1.055228,1.078114,0.777006,0.985286,1.236162,1.046841,0.482395,0.475197,1.055933,1.174273,0.787088,0.869327,0.650644,0.461948,0.781709,0.729256,0.796774,0.919295,1.161216,1.132255,0.937138,0.619453,0.659880,0.769132,0.247023,0.520041,0.415623,-0.040149,1.208190,1.066287,1.135915,1.205620,1.336267,1.324909,1.136767,1.218867,1.368003,1.381275,1.209421,1.317699,1.174757,1.099825,0.880196,0.810008,1.319000,1.330880,1.130542,1.146941,0.884769,1.159491,1.077492,0.948593,1.296540,1.288572,0.768635,0.827575,0.818031,0.840319,1.079948,1.099405,1.020259,0.984274,1.223837,1.127289,0.435848,0.664066,0.947078,0.916156,1.017108,0.869293,0.995346,1.062505,0.608688,0.446135,0.928498,1.167497
1.203079,0.866931,1.164771,1.214180,0.981274,0.918796,1.449371,1.340253,1.011666,0.964077,1.386659,1.259735,0.000000,1.515353,1.384613,1.214794,0.975765,0.963822,1.276466,1.005302,0.560264,0.511898,1.198480,1.166317,0.916747,0.913728,0.700863,0.461129,0.869745,0.780590,0.917735,0.976694,1.203989,1.173971,1.033655,0.598182,0.631689,0.785593,0.304593,0.581552,0.530313,0.031750,1.002806,0.891863,0.970834,0.878501,1.044045,1.122449,0.834302,0.841671,1.060531,1.095478,0.842471,0.999137,0.935354,0.876073,0.880724,0.791365,1.060958,1.056527,1.192047,1.056659,0.884303,1.031273,1.132480,1.058561,1.173707,1.137341,0.790163,0.776809,0.926941,0.911611,1.048045,1.073671,0.912638,0.902996,1.153708,1.004249,0.532349,0.784170,1.033424,1.001447,1.153307,0.928774,1.004360,1.058835,0.702114,0.481741,1.057307,1.101119
1.170442,0.893250,0.981028,1.078772,0.967100,0.831044,1.170746,1.249152,0.970096,0.861179,1.113546,1.562578,1.515353,0.000000,1.071507,1.163156,0.901459,1.008973,1.210729,1.068289,0.507092,0.534635,0.987847,1.037909,0.788688,0.803267,0.661639,0.403085,0.781245,0.781929,0.779195,0.870502,1.124320,1.140463,0.946058,0.532397,0.642242,0.767522,0.309319,0.601998,0.473808,0.041069,1.034434,0.966466,0.983250,0.961780,1.095058,1.155139,0.900260,0.968207,1.108301,1.142793,0.944547,1.057341,0.997693,0.945033,0.901953,0.836307,1.139991,1.151562,1.182457,1.088282,0.879933,1.133481,1.014689,0.981197,1.144109,1.141548,0.804997,0.830623,0.870065,0.814578,1.047079,1.142687,0.990873,0.959880,1.133414,1.030321,0.469221,0.741945,0.987224,0.961065,1.021765,0.906721,0.943866,1.010890,0.644942,0.469045,1.013793,1.060877
1.088717,0.774149,1.277146,1.191521,0.870406,0.984268,1.255829,1.078350,0.921602,0.974501,1.077789,1.055228,1.384613,1.071507,0.000000,1.258645,0.882075,0.865920,1.240621,0.910557,0.560177,0.463016,1.355066,1.214187,1.006748,0.988491,0.780617,0.464965,0.871391,0.741721,0.875737,0.928137,1.034656,0.996871,0.892979,0.550904,0.471969,0.740888,0.349566,0.580110,0.487501,0.004396,0.893343,0.798211,0.901503,0.811787,0.964361,1.026098,0.788449,0.768967,0.932114,0.984107,0.817175,0.957640,0.865681,0.782190,0.781823,0.710107,0.941356,0.957207,0.947055,0.863851,0.729896,0.797215,1.168593,0.975860,1.114110,1.032418,0.777066,0.737549,0.860655,0.844015,0.919959,0.863165,0.764703,0.761735,0.966250,0.868347,0.534349,0.773381,0.979677,0.977301,1.303763,1.016350,1.002776,1.117381,0.919033,0.607999,1.000666,1.104361
1.218067,0.913074,1.226179,1.266536,0.893889,0.995080,1.167618,1.114646,0.867158,0.973649,1.091003,1.078114,1.214794,1.163156,1.258645,0.000000,0.935114,1.029813,1.285029,1.039271,0.584124,0.637643,1.289058,1.281028,1.064970,1.023129,0.851097,0.627779,0.853327,0.851634,0.919786,1.045593,1.162562,1.141725,0.957831,0.559066,0.440673,0.710885,0.339632,0.573467,0.344452,0.006179,0.922798,0.805380,0.907319,0.778494,0.995418,1.051496,0.727147,0.698267,0.900969,0.838207,0.757672,0.973263,0.791868,0.741894,0.938480,0.825756,0.907835,0.960102,0.946504,0.993700,0.824618,0.863869,1.230770,1.048093,1.134695,1.073997,0.891915,0.849246,0.802835,0.869880,0.874247,0.917225,0.749149,0.756765,0.962924,0.902332,0.567969,0.773923,1.101154,1.044463,1.294601,1.099709,1.023939,1.191185,0.782791,0.600124,0.941099,1.064330
1.219791,1.043090,0.996237,1.005002,0.587452,0.686962,0.980140,0.850541,0.584496,0.698334,1.007756,0.777006,0.975765,0.901459,0.882075,0.935114,0.000000,1.225391,1.111714,1.086323,0.462913,0.382317,0.886834,0.867163,0.799274,0.819354,0.565176,0.412115,0.804100,0.788741,0.600689,0.631053,0.925858,0.854840,0.769115,0.619025,0.515945,0.667541,0.417358,0.543501,0.426592,0.012782,0.712357,0.657888,0.837879,0.713671,0.782072,0.821053,0.678416,0.602818,0.825447,0.722429,0.630343,0.816074,0.703415,0.714372,1.135656,0.980495,0.797047,0.737584,0.874271,0.680606,0.895664,0.870866,0.942532,0.741370,0.998056,0.974001,1.068398,1.017229,0.586158,0.573447,0.685056,0.896558,0.718358,0.850882,0.787814,0.671452,0.690297,0.961040,1.289398,1.111668,1.060003,0.934999,0.999921,1.016026,0.662245,0.472085,0.961489,1.019010
1.372373,1.255048,1.070874,1.182292,0.699728,0.823165,1.000735,1.011336,0.663479,0.834917,1.002921,0.985286,0.963822,1.008973,0.865920,1.029813,1.225391,0.000000,1.228352,1.256675,0.450704,0.449775,0.905773,0.962568,0.861766,0.846441,0.697673,0.537699,0.719670,0.725149,0.589825,0.679428,1.068729,0.960860,0.888833,0.725788,0.448856,0.666832,0.349406,0.510890,0.374573,-0.044805,0.850777,0.799912,1.008532,0.906642,0.938938,1.020032,0.829730,0.768378,0.963005,0.851863,0.792025,0.935450,0.832353,0.786870,1.305844,1.261670,0.971796,0.981731,0.950308,0.871840,0.931321,1.011550,0.999612,0.871926,1.191947,1.222040,1.247832,1.213149,0.563490,0.535727,0.658474,0.962853,0.732001,0.828957,0.820055,0.756963,0.633370,0.937438,1.303482,1.176290,1.159784,0.973602,1.152652,1.110515,0.776084,0.513839,1.128068,1.210406
1.739317,1.420657,1.430706,1.535612,1.014517,1.063436,1.523548,1.441660,1.138169,0.958279,0.995903,1.236162,1.276466,1.210729,1.240621,1.285029,1.111714,1.228352,0.000000,1.720991,0.509079,0.516555,1.417397,1.422003,1.128123,1.061375,0.811137,0.561744,0.860956,0.894794,1.006701,1.139225,1.665633,1.545273,1.171574,0.658833,0.651975,0.998063,0.479634,0.746283,0.478272,0.027167,1.088286,0.945326,1.163618,1.020894,1.310117,1.438352,0.917294,0.843975,1.170989,0.994196,0.979496,1.217827,1.070994,1.033941,1.423128,1.247683,1.266784,1.297907,1.275022,1.182788,1.274018,1.132118,1.479787,1.075525,1.675496,1.543149,1.272829,1.219003,0.887793,0.911042,1.060662,1.215253,1.016456,1.091693,1.220731,1.098847,0.581553,0.939592,1.561770,1.430041,1.481269,1.229233,1.376265,1.581794,0.889583,0.722566,1.262746,1.639351
1.516279,1.668724,1.032168,1.248663,0.856190,0.832629,1.141909,1.193688,0.937591,0.741635,0.771201,1.046841,1.005302,1.068289,0.910557,1.039271,1.086323,1.256675,1.720991,0.000000,0.409082,0.455386,1.024112,1.086380,0.885679,0.839247,0.681393,0.449076,0.812923,0.860670,0.775265,0.909628,1.404882,1.300239,1.031304,0.611898,0.657329,0.961741,0.509513,0.718843,0.421934,0.109573,0.958708,0.866767,1.063388,0.965282,1.130854,1.211493,0.830790,0.778337,0.994207,0.862504,0.879486,1.085901,0.981251,0.951489,1.565711,1.485731,1.099704,1.147392,1.145379,1.046744,1.341127,1.151539,1.109465,0.882901,1.370374,1.382983,1.508248,1.564403,0.724203,0.704050,0.921197,1.198690,1.013799,1.049133,1.002395,1.009989,0.586573,0.925489,1.489443,1.370046,1.153163,1.131166,1.214186,1.346142,0.729245,0.641753,1.218251,1.425204
0.448670,0.373956,0.652758,0.638008,0.518177,0.650489,0.612811,0.604003,0.427131,0.550891,0.510269,0.482395,0.560264,0.507092,0.560177,0.584124,0.462913,0.450704,0.509079,0.409082,0.000000,0.680798,0.715141,0.658331,0.794940,0.723104,0.740889,0.453473,0.260607,0.224917,0.572966,0.581900,0.445421,0.455762,0.556547,0.336322,0.297234,0.341487,0.170181,0.204245,0.162183,-0.029092,0.403596,0.390027,0.393897,0.368144,0.464489,0.472179,0.394068,0.385456,0.433283,0.471203,0.432661,0.456861,0.283699,0.235214,0.375417,0.332076,0.426519,0.390916,0.452100,0.398067,0.240975,0.276172,0.591294,0.556869,0.502248,0.455582,0.396849,0.357105,0.699234,0.672895,0.312484,0.380177,0.233789,0.316897,0.444114,0.395445,0.146999,0.259984,0.369555,0.343190,0.386294,0.285562,0.424188,0.447888,0.257180,0.076290,0.512906,0.457927
0.443664,0.381647,0.503149,0.468346,0.613591,0.509743,0.461220,0.500137,0.402910,0.436566,0.473381,0.475197,0.511898,0.534635,0.463016,0.637643,0.382317,0.449775,0.516555,0.455386,0.680798,0.000000,0.543006,0.554324,0.583073,0.540388,0.714482,0.506964,0.390119,0.408421,0.632982,0.612438,0.510970,0.531461,0.484102,0.268272,0.128017,0.250250,0.087251,0.216043,0.075469,-0.006503,0.462842,0.439987,0.367784,0.360048,0.459885,0.509485,0.337741,0.335682,0.392370,0.415438,0.370943,0.402876,0.275082,0.232394,0.374992,0.318354,0.345062,0.357082,0.351193,0.365285,0.361428,0.317508,0.441944,0.438969,0.433319,0.423449,0.412607,0.366799,0.704757,0.678774,0.401236,0.435125,0.312706,0.280618,0.479833,0.468520,0.210824,0.336885,0.435502,0.417952,0.441711,0.397718,0.346192,0.437692,0.271856,0.212068,0.371178,0.369703
1.121740,0.884174,1.757414,1.621044,0.950664,1.122745,1.486957,1.329198,0.919633,1.011177,0.995798,1.055933,1.198480,0.987847,1.355066,1.289058,0.886834,0.905773,1.417397,1.024112,0.715141,0.543006,0.000000,2.077868,1.515978,1.405082,0.941633,0.576951,0.742422,0.709735,1.099356,1.208091,1.243576,1.243836,1.117595,0.686850,0.578781,0.852419,0.406727,0.625924,0.374961,-0.026053,0.937077,0.814251,0.974790,0.835551,1.117307,1.133072,0.853744,0.782930,1.014724,0.952632,0.891379,1.079251,0.866832,0.808398,0.901975,0.804447,0.990471,0.987702,0.995162,0.995208,0.720009,0.725306,1.536810,1.159212,1.322384,1.197137,0.907358,0.870293,0.898223,0.954323,0.843272,0.865577,0.714549,0.792652,1.066401,0.939361,0.494136,0.725198,1.033754,0.977473,1.261849,0.957271,1.084045,1.267011,0.853379,0.573025,1.002913,1.257881
1.156270,0.938702,1.583098,1.774115,1.034012,1.123179,1.445733,1.478716,0.951389,0.956047,0.973347,1.174273,1.166317,1.037909,1.214187,1.281028,0.867163,0.962568,1.422003,1.086380,0.658331,0.554324,2.077868,0.000000,1.325928,1.456916,0.900391,0.563853,0.727620,0.698753,1.049443,1.274102,1.288570,1.353859,1.197543,0.757442,0.636041,0.870567,0.353425,0.583493,0.353965,-0.022562,0.934503,0.817029,0.970592,0.868507,1.149101,1.149679,0.863824,0.803705,1.020120,0.975611,0.909135,1.105933,0.879272,0.842946,0.951621,0.868920,1.039927,1.077529,1.057890,1.137039,0.794249,0.832242,1.534282,1.244918,1.361399,1.290399,0.916256,0.908219,0.887309,0.963318,0.867289,0.936388,0.787772,0.824277,1.181100,1.032077,0.472804,0.685076,1.053340,0.985191,1.223734,0.923683,1.121380,1.275528,0.781047,0.509772,0.995639,1.291378
0.984915,0.850817,1.433196,1.311040,0.788347,1.000864,1.214647,1.112786,0.755345,0.908036,0.823618,0.787088,0.916747,0.788688,1.006748,1.064970,0.799274,0.861766,1.128123,0.885679,0.794940,0.583073,1.515978,1.325928,0.000000,1.415641,1.103300,0.656980,0.569258,0.583223,0.997507,1.032745,1.030195,1.019535,1.016274,0.618539,0.410470,0.683145,0.456123,0.633759,0.286872,-0.051227,0.801842,0.703491,0.864498,0.708469,0.941354,0.988465,0.704382,0.632351,0.853097,0.758204,0.757052,0.884506,0.698091,0.645126,0.864737,0.790428,0.842818,0.840878,0.860957,0.832086,0.607838,0.572804,1.269878,1.015093,1.162237,1.057596,0.951344,0.887940,0.791577,0.819763,0.596814,0.643039,0.511007,0.589868,0.758522,0.687117,0.450441,0.691836,0.964334,0.879276,1.060541,0.840754,1.022376,1.153324,0.876220,0.636738,1.004187,1.136265
0.967284,0.790133,1.383777,1.356438,0.805348,1.038559,1.183597,1.137110,0.690663,0.928324,0.869493,0.869327,0.913728,0.803267,0.988491,1.023129,0.819354,0.846441,1.061375,0.839247,0.723104,0.540388,1.405082,1.456916,1.415641,0.000000,0.928689,0.574476,0.518440,0.480829,0.820313,0.944378,1.000044,1.004223,0.993122,0.785487,0.445662,0.631433,0.328141,0.489739,0.263677,-0.065948,0.775594,0.670329,0.846494,0.730364,0.926322,0.956703,0.754238,0.676315,0.838784,0.819870,0.773038,0.898870,0.694192,0.664337,0.820558,0.730838,0.814945,0.825897,0.833584,0.839724,0.579602,0.608127,1.149688,1.038617,1.108042,1.109922,0.855294,0.839900,0.718158,0.767412,0.601002,0.667644,0.507395,0.590264,0.869332,0.749752,0.363236,0.550703,0.850026,0.746351,0.977671,0.774842,0.912120,0.998678,0.747037,0.487971,0.898733,1.096474
0.727409,0.662316,0.969885,0.881884,0.903265,0.860464,0.823175,0.834256,0.638634,0.604871,0.651870,0.650644,0.700863,0.661639,0.780617,0.851097,0.565176,0.697673,0.811137,0.681393,0.740889,0.714482,0.941633,0.900391,1.103300,0.928689,0.000000,0.808699,0.362291,0.407949,0.718059,0.797713,0.711797,0.753437,0.702322,0.414464,0.237542,0.432971,0.314949,0.369353,0.207929,-0.107715,0.600966,0.514127,0.597042,0.510657,0.687001,0.774418,0.489027,0.444504,0.589111,0.561949,0.610689,0.692476,0.462002,0.422266,0.643734,0.579952,0.609094,0.613796,0.630017,0.569100,0.484327,0.425282,0.808606,0.707997,0.751766,0.706450,0.742977,0.713012,0.738447,0.723787,0.436877,0.505109,0.337150,0.425671,0.613700,0.597099,0.239862,0.475852,0.649794,0.614799,0.764055,0.574989,0.636984,0.736838,0.584656,0.411732,0.805746,0.766954
0.568330,0.514193,0.715974,0.608746,0.724338,1.007050,0.586243,0.550912,0.555869,0.611772,0.585274,0.461948,0.461129,0.403085,0.464965,0.627779,0.412115,0.537699,0.561744,0.449076,0.453473,0.506964,0.576951,0.563853,0.656980,0.574476,0.808699,0.000000,0.214330,0.166337,0.510225,0.511007,0.544687,0.507988,0.509203,0.406508,0.187942,0.270831,0.089347,0.087546,0.005502,-0.383978,0.480975,0.383750,0.550388,0.438319,0.532791,0.603802,0.383450,0.300226,0.455210,0.391723,0.408826,0.509949,0.293033,0.284426,0.545782,0.439019,0.505336,0.516380,0.498641,0.436170,0.416295,0.418125,0.600204,0.461097,0.585120,0.578146,0.513862,0.492074,0.406970,0.489012,0.226356,0.321950,0.187946,0.354557,0.391094,0.339076,0.106598,0.224826,0.510956,0.378410,0.495681,0.351620,0.491812,0.471081,0.370733,0.155539,0.502724,0.611999
0.771694,0.638729,0.605758,0.617387,0.519055,0.471006,0.647752,0.612879,0.592458,0.479844,0.770993,0.781709,0.869745,0.781245,0.871391,0.853327,0.804100,0.719670,0.860956,0.812923,0.260607,0.390119,0.742422,0.727620,0.569258,0.518440,0.362291,0.214330,0.000000,1.393061,0.892032,0.823781,0.886007,0.817809,0.627932,0.292284,0.503612,0.753898,0.433840,0.755449,0.469624,0.230284,0.944062,0.928175,0.840992,0.803884,0.850153,0.842091,0.694071,0.733598,0.780745,0.819092,0.628934,0.719300,0.856991,0.890976,0.664781,0.619444,0.650814,0.691038,0.615854,0.615572,0.800209,0.723364,0.691526,0.589571,0.796060,0.781688,0.622388,0.619066,0.609867,0.633338,0.891309,0.795636,0.945888,0.741504,0.734558,0.800749,0.803765,0.937626,1.005649,0.995893,0.982308,1.113459,0.785628,0.933433,0.584927,0.588981,0.736190,0.755842
0.747399,0.688844,0.595256,0.610259,0.506390,0.401719,0.651894,0.630923,0.608517,0.404937,0.630489,0.729256,0.780590,0.781929,0.741721,0.851634,0.788741,0.725149,0.894794,0.860670,0.224917,0.408421,0.709735,0.698753,0.583223,0.480829,0.407949,0.166337,1.393061,0.000000,0.919472,0.790864,0.872081,0.844701,0.548100,0.217552,0.420118,0.761804,0.524907,0.876239,0.527937,0.413308,0.806671,0.806398,0.714716,0.671061,0.802594,0.798197,0.610973,0.615898,0.774833,0.686358,0.614219,0.709458,0.808027,0.842739,0.689401,0.631008,0.604947,0.622815,0.559243,0.589615,0.864505,0.692876,0.677450,0.524863,0.716699,0.685800,0.636687,0.622451,0.563022,0.565164,0.812278,0.823923,0.840255,0.745426,0.648432,0.708594,0.956395,1.156039,1.091789,1.222842,1.011094,1.283022,0.755412,0.996243,0.574349,0.766531,0.685572,0.725306
0.760509,0.674513,0.816308,0.815996,0.763729,0.722270,0.905129,0.931970,0.827336,0.611517,0.696142,0.796774,0.917735,0.779195,0.875737,0.919786,0.600689,0.589825,1.006701,0.775265,0.572966,0.632982,1.099356,1.049443,0.997507,0.820313,0.718059,0.510225,0.892032,0.919472,0.000000,1.682183,1.144759,1.236274,0.893151,0.397172,0.593146,0.771720,0.397668,0.699801,0.432087,0.146368,0.919356,0.849389,0.788234,0.696321,0.957313,0.932738,0.612334,0.598557,0.777557,0.759932,0.640625,0.721039,0.757801,0.758510,0.674219,0.591765,0.713364,0.757244,0.754024,0.861265,0.776534,0.624281,0.940096,0.846290,0.895228,0.872653,0.570726,0.542379,1.009560,1.108236,0.861927,0.744587,0.760864,0.651702,0.891865,0.849878,0.566888,0.760409,0.879313,0.902130,0.874540,0.787010,0.750918,0.934464,0.530968,0.536236,0.706947,0.804213
0.911918,0.789080,0.886440,1.014347,0.869152,0.780882,1.012296,1.129140,0.918068,0.662470,0.704630,0.919295,0.976694,0.870502,0.928137,1.045593,0.631053,0.679428,1.139225,0.909628,0.581900,0.612438,1.208091,1.274102,1.032745,0.944378,0.797713,0.511007,0.823781,0.790864,1.682183,0.000000,1.286742,1.507196,1.166073,0.578838,0.719459,0.858408,0.388018,0.674271,0.423158,0.088442,0.920794,0.824174,0.828172,0.741102,1.010161,0.983885,0.625506,0.646362,0.789130,0.820912,0.652431,0.777276,0.820202,0.799303,0.793550,0.734681,0.864465,0.958248,0.959765,1.150748,0.878237,0.783231,1.156337,1.103140,1.068652,1.052568,0.705928,0.679856,1.085662,1.218196,0.981434,0.873856,0.904752,0.706022,1.089389,1.051686,0.465261,0.655879,0.902238,0.914053,0.890509,0.769495,0.867399,1.027590,0.531361,0.468797,0.790639,0.923846
1.390362,1.211134,1.146149,1.258780,0.898467,0.965311,1.293336,1.319682,1.035194,0.879555,0.930376,1.161216,1.203989,1.124320,1.034656,1.162562,0.925858,1.068729,1.665633,1.404882,0.445421,0.510970,1.243576,1.288570,1.030195,1.000044,0.711797,0.544687,0.886007,0.872081,1.144759,1.286742,0.000000,1.993564,1.261832,0.718710,0.712681,0.948530,0.452421,0.731909,0.509842,0.105220,1.164048,1.027138,1.204095,1.034148,1.287853,1.368547,0.886749,0.846762,1.086563,1.001405,0.884732,1.043424,1.094054,1.043394,1.202040,1.080960,1.147758,1.169037,1.207467,1.286231,1.197524,1.122927,1.301897,1.156738,1.536900,1.562344,1.046134,1.070241,0.852906,0.916227,1.094980,1.146100,1.070031,0.990940,1.231551,1.238226,0.539818,0.834509,1.304139,1.194717,1.272295,1.067209,1.198986,1.339695,0.783062,0.673657,1.135738,1.373775
1.241618,1.145471,1.061195,1.253465,0.892146,0.885829,1.260159,1.428788,1.032199,0.799149,0.850287,1.132255,1.173971,1.140463,0.996871,1.141725,0.854840,0.960860,1.545273,1.300239,0.455762,0.531461,1.243836,1.353859,1.019535,1.004223,0.753437,0.507988,0.817809,0.844701,1.236274,1.507196,1.993564,0.000000,1.245194,0.705735,0.725341,0.913324,0.384541,0.699263,0.482573,0.108822,1.055260,0.930866,1.021567,0.894864,1.180996,1.217803,0.763169,0.744364,0.969395,0.918592,0.793218,0.950067,0.954463,0.919535,1.110383,1.032535,1.039549,1.110663,1.175680,1.390260,1.190860,1.133583,1.316007,1.254343,1.363932,1.422056,0.953284,0.959651,0.958902,1.000123,1.099919,1.125495,1.016399,0.937334,1.294907,1.232460,0.507554,0.791870,1.198643,1.164564,1.125196,0.937798,1.079270,1.262418,0.703276,0.591573,0.989094,1.202133
1.082174,0.910193,1.016331,1.177747,0.789001,0.851427,1.171023,1.212245,0.872931,0.893788,0.831530,0.937138,1.033655,0.946058,0.892979,0.957831,0.769115,0.888833,1.171574,1.031304,0.556547,0.484102,1.117595,1.197543,1.016274,0.993122,0.702322,0.509203,0.627932,0.548100,0.893151,1.166073,1.261832,1.245194,0.000000,0.952086,0.854453,0.875707,0.416125,0.615814,0.461002,-0.027899,0.862436,0.771940,0.932799,0.806114,0.990677,1.001182,0.743172,0.716033,0.888487,0.887205,0.746470,0.879803,0.880603,0.831334,0.953502,0.875473,1.087547,1.115055,1.242859,1.221186,0.860210,0.884984,1.249596,1.159885,1.321371,1.295143,0.900319,0.957740,0.866491,0.853096,0.918484,0.936302,0.916051,0.821695,1.073966,1.016852,0.374276,0.534981,0.924215,0.830346,0.918070,0.723795,1.037599,1.012898,0.597019,0.397628,1.023373,1.119985
0.712849,0.592216,0.724917,0.797905,0.435064,0.643847,0.726662,0.688429,0.463786,0.643943,0.682515,0.619453,0.598182,0.532397,0.550904,0.559066,0.619025,0.725788,0.658833,0.611898,0.336322,0.268272,0.686850,0.757442,0.618539,0.785487,0.414464,0.406508,0.292284,0.217552,0.397172,0.578838,0.718710,0.705735,0.952086,0.000000,0.562652,0.499122,0.181793,0.223046,0.317915,-0.171566,0.515313,0.455633,0.610689,0.552563,0.595693,0.574938,0.566465,0.528304,0.601004,0.643647,0.544312,0.634181,0.528425,0.522671,0.640675,0.624474,0.696949,0.702562,0.740291,0.722266,0.526697,0.650345,0.766183,0.710604,0.793978,0.836524,0.618794,0.670969,0.380841,0.403908,0.554016,0.623351,0.537299,0.547943,0.713129,0.626942,0.225317,0.277070,0.559560,0.480163,0.552757,0.383734,0.665631,0.575124,0.391583,0.104905,0.611117,0.715864
0.613721,0.549089,0.453977,0.552787,0.571626,0.440977,0.614882,0.655840,0.709826,0.402547,0.464660,0.659880,0.631689,0.642242,0.471969,0.440673,0.515945,0.448856,0.651975,0.657329,0.297234,0.128017,0.578781,0.636041,0.410470,0.445662,0.237542,0.187942,0.503612,0.420118,0.593146,0.719459,0.712681,0.725341,0.854453,0.562652,0.000000,0.928461,0.423274,0.593143,0.574071,0.015908,0.564791,0.572929,0.624271,0.623696,0.687593,0.593468,0.589004,0.603543,0.653399,0.696852,0.558548,0.584890,0.779578,0.827184,0.606043,0.585703,0.880688,0.834000,0.921085,0.836242,0.678360,0.814698,0.725481,0.652423,0.746429,0.712616,0.502385,0.548696,0.560737,0.667142,0.784125,0.782712,0.954352,0.816729,0.752705,0.671821,0.280846,0.324565,0.541715,0.541189,0.406768,0.356603,0.665706,0.585070,0.197434,0.102920,0.626899,0.653287
0.817359,0.754109,0.738195,0.818368,0.651846,0.583831,0.888747,0.874488,0.814544,0.485050,0.535127,0.769132,0.785593,0.767522,0.740888,0.710885,0.667541,0.666832,0.998063,0.961741,0.341487,0.250250,0.852419,0.870567,0.683145,0.631433,0.432971,0.270831,0.753898,0.761804,0.771720,0.858408,0.948530,0.913324,0.875707,0.499122,0.928461,0.000000,0.762987,1.036891,0.597910,0.218712,0.736139,0.754309,0.807617,0.765879,0.890348,0.855518,0.727146,0.736718,0.817239,0.797369,0.726451,0.864957,0.992909,1.064753,0.784714,0.790875,1.009991,1.026661,0.965417,0.915565,0.829683,0.785079,0.875231,0.753580,0.949943,0.897309,0.770291,0.792148,0.606182,0.647457,0.928760,0.932758,0.971983,0.965373,0.840194,0.815227,0.385743,0.566065,0.872130,0.842077,0.764888,0.830495,0.947312,0.941012,0.570944,0.517632,0.947559,0.992187
0.398571,0.380425,0.357883,0.335521,0.234997,0.190076,0.360855,0.319321,0.279366,0.143931,0.198724,0.247023,0.304593,0.309319,0.349566,0.339632,0.417358,0.349406,0.479634,0.509513,0.170181,0.087251,0.406727,0.353425,0.456123,0.328141,0.314949,0.089347,0.433840,0.524907,0.397668,0.388018,0.452421,0.384541,0.416125,0.181793,0.423274,0.762987,0.000000,1.150866,0.572130,0.431424,0.277340,0.307113,0.318258,0.276155,0.334851,0.346629,0.265640,0.266445,0.325629,0.301700,0.324672,0.352249,0.529143,0.540207,0.406766,0.397023,0.382640,0.400600,0.389156,0.306218,0.418786,0.269669,0.400195,0.285191,0.414434,0.375116,0.534154,0.527339,0.209968,0.224329,0.444693,0.446818,0.439545,0.377909,0.282254,0.388489,0.174590,0.358335,0.493783,0.472868,0.436209,0.597759,0.559113,0.539580,0.430429,0.626274,0.753688,0.538649
0.628320,0.564190,0.510424,0.534519,0.381037,0.310920,0.570509,0.556091,0.534166,0.325032,0.380179,0.520041,0.581552,0.601998,0.580110,0.573467,0.543501,0.510890,0.746283,0.718843,0.204245,0.216043,0.625924,0.583493,0.633759,0.489739,0.369353,0.087546,0.755449,0.876239,0.699801,0.674271,0.731909,0.699263,0.615814,0.223046,0.593143,1.036891,1.150866,0.000000,0.696495,0.435586,0.601714,0.660692,0.612778,0.578652,0.665277,0.672597,0.569478,0.572148,0.644899,0.607280,0.557166,0.581866,0.886391,0.932121,0.590036,0.575097,0.648343,0.657334,0.610018,0.582574,0.651776,0.509909,0.636208,0.537596,0.675025,0.619290,0.652376,0.592925,0.499621,0.506828,0.729344,0.701162,0.735483,0.634732,0.524049,0.575672,0.464012,0.646862,0.763954,0.779002,0.718638,0.885729,0.796399,0.871187,0.657323,0.876150,0.830780,0.719465
0.428612,0.335272,0.308623,0.303275,0.259154,0.223315,0.401862,0.381776,0.417965,0.256841,0.365927,0.415623,0.530313,0.473808,0.487501,0.344452,0.426592,0.374573,0.478272,0.421934,0.162183,0.075469,0.374961,0.353965,0.286872,0.263677,0.207929,0.005502,0.469624,0.527937,0.432087,0.423158,0.509842,0.482573,0.461002,0.317915,0.574071,0.597910,0.572130,0.696495,0.000000,0.447502,0.385676,0.469607,0.425738,0.433013,0.421780,0.432069,0.420670,0.428615,0.467060,0.508379,0.359862,0.368545,0.638667,0.637270,0.334173,0.324061,0.475066,0.460413,0.444944,0.421804,0.509799,0.446130,0.428167,0.388036,0.431637,0.410911,0.292851,0.304249,0.376754,0.345427,0.673058,0.651590,0.609443,0.561370,0.429052,0.418608,0.303899,0.415993,0.430506,0.475194,0.460976,0.457484,0.505956,0.462002,0.364043,0.429607,0.588812,0.415527
-0.058199,-0.032949,-0.137370,-0.088383,-0.147195,-0.236147,-0.025323,0.004578,-0.048774,-0.193190,-0.141868,-0.040149,0.031750,0.041069,0.004396,0.006179,0.012782,-0.044805,0.027167,0.109573,-0.029092,-0.006503,-0.026053,-0.022562,-0.051227,-0.065948,-0.107715,-0.383978,0.230284,0.413308,0.146368,0.088442,0.105220,0.108822,-0.027899,-0.171566,0.015908,0.218712,0.431424,0.435586,0.447502,0.000000,-0.041796,0.005839,-0.101258,-0.077723,-0.043012,-0.037417,-0.073221,-0.019105,-0.029992,-0.020506,-0.042608,-0.056396,0.126105,0.106986,-0.080045,-0.046369,-0.076868,-0.075677,-0.042287,-0.009401,0.109472,-0.010311,-0.070865,-0.015524,-0.069252,-0.059206,-0.024651,-0.011934,0.057710,-0.018460,0.179843,0.166972,0.173448,0.090641,0.027754,0.176522,0.107326,0.140793,0.054269,0.109172,0.061258,0.250366,-0.009391,0.069522,0.057286,0.317439,0.118826,-0.042023
0.985574,0.802396,0.874977,0.863049,0.824404,0.816092,0.905669,0.871998,0.917743,0.776258,0.954803,1.208190,1.002806,1.034434,0.893343,0.922798,0.712357,0.850777,1.088286,0.958708,0.403596,0.462842,0.937077,0.934503,0.801842,0.775594,0.600966,0.480975,0.944062,0.806671,0.919356,0.920794,1.164048,1.055260,0.862436,0.515313,0.564791,0.736139,0.277340,0.601714,0.385676,-0.041796,0.000000,2.053401,1.798133,1.798722,1.977713,1.799052,1.467132,1.451990,1.468934,1.418470,1.274924,1.282724,1.323126,1.339372,0.813619,0.735094,1.049227,1.030462,0.833971,0.807232,0.857909,0.848007,0.851960,0.668245,1.184397,1.165440,0.727942,0.758138,0.714968,0.719321,0.885768,0.858848,0.931076,0.895493,0.925105,0.906780,0.565380,0.764058,0.990501,0.909667,1.033297,0.944086,0.902255,0.986221,0.639714,0.530676,0.815826,1.001464
0.855648,0.719497,0.741329,0.734444,0.686868,0.698747,0.767231,0.765337,0.787263,0.677911,0.834538,1.066287,0.891863,0.966466,0.798211,0.805380,0.657888,0.799912,0.945326,0.866767,0.390027,0.439987,0.814251,0.817029,0.703491,0.670329,0.514127,0.383750,0.928175,0.806398,0.849389,0.824174,1.027138,0.930866,0.771940,0.455633,0.572929,0.754309,0.307113,0.660692,0.469607,0.005839,2.053401,0.000000,1.635979,1.802307,1.701084,1.534628,1.483573,1.527529,1.326966,1.369277,1.167033,1.141265,1.303282,1.356697,0.731712,0.687132,0.933501,0.931064,0.725191,0.720360,0.773506,0.769270,0.733371,0.584685,1.004541,0.996388,0.654174,0.685301,0.698081,0.655217,0.817955,0.824956,0.879053,0.847796,0.775422,0.762641,0.563243,0.752214,0.912702,0.856310,0.935752,0.881972,0.851400,0.896200,0.608618,0.512816,0.758567,0.871516
1.145501,0.956091,0.989083,0.976446,0.811028,0.925508,0.973407,0.919650,0.899893,0.883269,0.972433,1.135915,0.970834,0.983250,0.901503,0.907319,0.837879,1.008532,1.163618,1.063388,0.393897,0.367784,0.974790,0.970592,0.864498,0.846494,0.597042,0.550388,0.840992,0.714716,0.788234,0.828172,1.204095,1.021567,0.932799,0.610689,0.624271,0.807617,0.318258,0.612778,0.425738,-0.101258,1.798133,1.635979,0.000000,2.075660,1.871690,1.786969,1.575427,1.371517,1.519911,1.379919,1.192950,1.262303,1.370687,1.346565,0.991897,0.894098,1.212229,1.145967,0.933542,0.848601,0.905525,0.921841,0.988577,0.731818,1.431378,1.397396,0.892252,0.952556,0.626382,0.624588,0.798118,0.865597,0.893533,0.965364,0.862327,0.780818,0.577602,0.811981,1.118368,0.974459,1.105658,0.947044,1.099528,1.089118,0.741367,0.568626,0.936787,1.195477
1.008706,0.824436,0.844413,0.854054,0.795473,0.841972,0.842351,0.820867,0.886605,0.772755,0.854794,1.205620,0.878501,0.961780,0.811787,0.778494,0.713671,0.906642,1.020894,0.965282,0.368144,0.360048,0.835551,0.868507,0.708469,0.730364,0.510657,0.438319,0.803884,0.671061,0.696321,0.741102,1.034148,0.894864,0.806114,0.552563,0.623696,0.765879,0.276155,0.578652,0.433013,-0.077723,1.798722,1.802307,2.075660,0.000000,1.787076,1.610589,1.902126,1.764187,1.616921,1.564641,1.371224,1.297483,1.493969,1.462750,0.851453,0.805295,1.188025,1.117414,0.834611,0.774902,0.836100,0.891539,0.824339,0.611361,1.221832,1.198258,0.776667,0.835052,0.608616,0.601490,0.807377,0.873222,0.902489,0.950841,0.834383,0.771845,0.527686,0.715515,0.966388,0.854661,0.961727,0.860245,0.979752,0.962193,0.651796,0.508480,0.820618,1.045559
1.136792,0.963784,1.061468,1.060342,0.985297,0.976081,1.094618,1.062118,1.123983,0.863942,0.950011,1.336267,1.044045,1.095058,0.964361,0.995418,0.782072,0.938938,1.310117,1.130854,0.464489,0.459885,1.117307,1.149101,0.941354,0.926322,0.687001,0.532791,0.850153,0.802594,0.957313,1.010161,1.287853,1.180996,0.990677,0.595693,0.687593,0.890348,0.334851,0.665277,0.421780,-0.043012,1.977713,1.701084,1.871690,1.787076,0.000000,2.117844,1.565065,1.425052,1.701067,1.458545,1.443148,1.502965,1.452132,1.455682,0.968080,0.879265,1.276474,1.241503,1.001515,0.951011,0.965637,0.946435,1.063460,0.767279,1.425075,1.358381,0.870700,0.911044,0.759186,0.788944,0.890105,0.932582,0.948895,1.001449,1.016712,0.928334,0.553401,0.770340,1.125148,1.025181,1.135534,0.991942,1.072277,1.142804,0.710650,0.557312,0.928288,1.216199
1.210061,1.020288,1.137338,1.114396,1.034527,1.048686,1.147705,1.113965,1.124808,0.917529,1.033903,1.324909,1.122449,1.155139,1.026098,1.051496,0.821053,1.020032,1.438352,1.211493,0.472179,0.509485,1.133072,1.149679,0.988465,0.956703,0.774418,0.603802,0.842091,0.798197,0.932738,0.983885,1.368547,1.217803,1.001182,0.574938,0.593468,0.855518,0.346629,0.672597,0.432069,-0.037417,1.799052,1.534628,1.786969,1.610589,2.117844,0.000000,1.372752,1.285435,1.545612,1.358651,1.296017,1.455420,1.330680,1.344977,1.025554,0.898619,1.235958,1.224761,1.010090,0.952061,0.985546,0.950190,1.072790,0.826412,1.458384,1.398791,0.936782,0.971305,0.771162,0.771237,0.873093,0.967546,0.922722,1.023881,1.017582,0.957889,0.527813,0.796629,1.166955,1.047145,1.220169,1.041729,1.060222,1.170080,0.775419,0.617203,1.041262,1.317167
0.899117,0.690399,0.878246,0.836383,0.732994,0.827770,0.859514,0.777263,0.847572,0.785016,0.846625,1.136767,0.834302,0.900260,0.788449,0.727147,0.678416,0.829730,0.917294,0.830790,0.394068,0.337741,0.853744,0.863824,0.704382,0.754238,0.489027,0.383450,0.694071,0.610973,0.612334,0.625506,0.886749,0.763169,0.743172,0.566465,0.589004,0.727146,0.265640,0.569478,0.420670,-0.073221,1.467132,1.483573,1.575427,1.902126,1.565065,1.372752,0.000000,1.972451,1.808115,1.662720,1.663405,1.439585,1.455288,1.389774,0.722438,0.678275,1.132116,1.001478,0.755161,0.660631,0.673215,0.738121,0.789467,0.538241,1.081426,1.029105,0.688404,0.736417,0.563465,0.560302,0.734727,0.784834,0.783924,0.886022,0.792904,0.703664,0.518030,0.630432,0.851744,0.743769,0.920897,0.822144,0.898739,0.893839,0.648792,0.473192,0.751848,0.967783
