0.000000,1.413690,0.733981,0.632282,0.395324,0.466036,0.766592,0.651503,0.467923,0.398364,0.721510,0.609750,0.920578,0.737865,0.682106,0.666831,0.599627,0.470476,1.078699,1.074562,0.154366,0.179261,0.620892,0.575407,0.377322,0.444558,0.597235,0.607447,0.492398,0.290355,0.450111,0.501419,0.785760,0.883701,0.487631,0.600660,0.458021,0.336248,0.280898,0.362967,0.555066,0.374897,0.385493,0.335478,0.510912,0.399783,0.437107,0.388618,0.378771,0.277127,0.455445,0.341996,0.613946,0.341056,0.835286,0.592609,1.115568,1.034460,1.028650,0.717408,0.952669,0.767715,0.392749,0.522019,0.247611,0.306067,0.840710,0.603548,0.775195,0.617942,0.336789,0.381940,0.687354,0.737170,0.736439,0.818013,0.671091,0.593802,0.234715,0.086771,0.432216,0.366616,0.406332,0.330959,0.458592,0.404738,0.288292,0.247222,0.737279,0.664200
1.413690,0.000000,0.459319,0.516971,0.281463,0.428701,0.570243,0.619288,0.310809,0.339372,0.466159,0.581674,0.650930,0.654057,0.468688,0.504224,0.483789,0.543078,0.841189,0.999473,0.130385,0.200833,0.602195,0.577664,0.371410,0.464496,0.481718,0.502394,0.420951,0.304317,0.357326,0.448586,0.577676,0.718257,0.302955,0.382410,0.297825,0.353039,0.209009,0.276094,0.421451,0.288039,0.354493,0.282558,0.307753,0.417519,0.412357,0.322234,0.383012,0.305389,0.466222,0.439753,0.578358,0.313984,0.733703,0.473205,0.984716,1.313354,0.865442,0.914194,0.701140,0.824963,0.260415,0.592028,0.122994,0.274381,0.719804,0.582643,0.702086,0.691064,0.293663,0.370715,0.444789,0.578703,0.516631,0.515579,0.513363,0.482661,0.293924,0.035233,0.432390,0.400597,0.315317,0.313827,0.331170,0.402170,0.171912,0.210017,0.533781,0.569082
0.733981,0.459319,0.000000,1.085562,0.727130,0.647209,1.125703,0.807918,0.786940,0.690435,0.613644,0.455819,0.782776,0.643017,0.911052,0.857127,0.295149,0.070987,0.903283,0.838017,0.102520,0.086410,0.898192,0.778571,0.553985,0.714302,0.648999,0.621103,0.261817,0.035165,0.521721,0.582319,0.785933,0.737066,0.612719,0.710557,0.338391,0.109053,0.226677,0.428614,0.364789,0.267102,0.318261,0.396066,0.452306,0.241613,0.420558,0.465253,0.260850,0.198698,0.444454,0.248739,0.583446,0.459711,0.676815,0.712772,0.363371,0.269649,0.573817,0.252330,0.672818,0.281920,0.148870,0.040486,0.453232,0.251708,0.713848,0.534402,0.575757,0.524905,0.072273,0.076682,0.689020,0.557005,0.673200,0.738972,0.506602,0.466766,-0.056005,0.085583,0.238029,0.075104,0.587917,0.261691,0.595270,0.296437,0.396755,0.262280,0.877512,0.789792
0.632282,0.516971,1.085562,0.000000,0.751138,0.847150,1.050977,1.518630,0.664247,0.866734,0.590172,0.585259,0.685116,0.695672,0.797897,0.998030,0.166461,0.016141,0.656443,0.817194,0.020332,-0.029979,0.808344,1.283715,0.574042,0.832702,0.639101,0.624968,0.193492,0.022963,0.496185,0.717480,0.561481,0.701777,0.562438,0.782699,0.189272,0.054552,0.156311,0.274073,0.241330,0.199131,0.241564,0.223013,0.340722,0.256712,0.254676,0.282123,0.274684,0.168378,0.421993,0.237239,0.491259,0.368798,0.547516,0.474540,0.257415,0.210882,0.538675,0.393283,0.555637,0.411654,0.156655,0.069311,0.452760,0.524497,0.628494,0.585463,0.488813,0.492236,0.042338,0.065958,0.412130,0.409792,0.515677,0.530509,0.274571,0.263922,-0.057374,-0.058881,0.204665,-0.028289,0.661684,0.363320,0.520063,0.328926,0.434706,0.245388,0.757284,0.685705
0.395324,0.281463,0.727130,0.751138,0.000000,1.117672,0.919003,0.749132,1.357911,0.953209,0.517853,0.264369,0.650903,0.484375,0.938305,0.812202,0.180206,0.075753,0.641105,0.668735,0.014064,-0.052920,0.631317,0.712404,0.405197,0.680081,0.643604,0.534143,0.118592,0.052858,0.109565,0.178397,0.394972,0.475475,0.555600,0.556022,0.334194,0.251553,0.146536,0.276968,0.253135,0.250210,0.418977,0.514488,0.357639,0.511217,0.440024,0.518520,0.540039,0.563162,0.592304,0.491647,0.593526,0.517402,0.523738,0.558548,0.048274,-0.050372,0.415869,0.254952,0.389986,0.228869,0.157080,0.093310,0.342214,0.432545,0.639225,0.645951,0.353014,0.430934,-0.050785,-0.064504,0.290655,0.315914,0.425710,0.570918,0.355785,0.445706,-0.038819,0.068522,0.341287,0.197886,0.802441,0.539768,0.579515,0.465927,0.420396,0.372216,0.554266,0.655032
0.466036,0.428701,0.647209,0.847150,1.117672,0.000000,0.804953,0.929296,0.976121,1.494260,0.387277,0.319105,0.596980,0.570856,0.846147,0.908171,0.154876,0.094514,0.638797,0.791763,-0.051831,-0.026827,0.503166,0.798174,0.334325,0.804672,0.617500,0.627104,0.028205,-0.027332,0.024079,0.155779,0.307537,0.474416,0.431577,0.563773,0.264504,0.351175,0.131676,0.338245,0.176826,0.156880,0.612294,0.608889,0.308544,0.683671,0.580648,0.676030,0.761233,0.709682,0.859426,0.712237,0.886812,0.809580,0.701438,0.739013,0.150236,0.044230,0.539797,0.518435,0.408103,0.342330,0.138054,0.102535,0.223089,0.481193,0.772134,0.880680,0.477859,0.650169,-0.111848,-0.142226,0.242019,0.367465,0.438989,0.474240,0.352785,0.453476,-0.008693,0.037131,0.369401,0.237959,0.743855,0.528615,0.520362,0.566439,0.364070,0.407256,0.545057,0.814986
0.766592,0.570243,1.125703,1.050977,0.919003,0.804953,0.000000,1.312989,0.879544,0.785921,0.877346,0.503430,0.971931,0.684087,0.951504,0.890953,0.393280,0.120197,0.807402,0.960491,0.056471,0.056739,0.970762,0.976840,0.439466,0.558787,0.646129,0.588938,0.302694,0.057560,0.421309,0.519418,0.732213,0.813994,0.823170,0.782453,0.279863,0.202102,0.216919,0.310955,0.406736,0.287443,0.366867,0.405616,0.458138,0.464719,0.447279,0.444949,0.493950,0.404843,0.573149,0.420456,0.587651,0.467812,0.723461,0.599187,0.273435,0.235228,0.718291,0.401200,0.858663,0.504210,0.298503,0.173199,0.572979,0.603087,0.900630,0.653952,0.474694,0.630091,0.063057,0.045375,0.533750,0.504479,0.533147,0.580443,0.452647,0.431986,0.007690,-0.142683,0.377853,0.153144,0.702952,0.383423,0.646474,0.429146,0.426253,0.281665,0.796306,0.745204
0.651503,0.619288,0.807918,1.518630,0.749132,0.929296,1.312989,0.000000,0.651866,0.906027,0.688467,0.640107,0.788509,0.737868,0.789981,0.982820,0.264774,0.084754,0.635716,0.894964,0.014532,0.027485,0.847092,1.405346,0.486319,0.683413,0.646172,0.643134,0.249828,0.047698,0.409663,0.646114,0.534634,0.744920,0.656415,0.781862,0.152398,0.183996,0.130141,0.224621,0.284047,0.209365,0.327861,0.268614,0.358288,0.448463,0.317898,0.328943,0.473903,0.335181,0.578733,0.410466,0.549872,0.442363,0.628496,0.472417,0.233495,0.215588,0.660518,0.525314,0.668816,0.546567,0.248810,0.141175,0.526271,0.766872,0.766131,0.695564,0.467966,0.627952,0.055966,0.052221,0.376011,0.426888,0.462607,0.423167,0.306051,0.308051,0.030733,-0.187454,0.325684,0.069423,0.704417,0.382505,0.580668,0.468618,0.399582,0.279145,0.675750,0.690769
0.467923,0.310809,0.786940,0.664247,1.357911,0.976121,0.879544,0.651866,0.000000,0.945739,0.513947,0.274923,0.754619,0.598629,1.096324,0.799380,0.272335,0.158559,0.644114,0.612266,-0.041543,-0.075226,0.467827,0.576723,0.320173,0.640745,0.523542,0.475982,0.133675,0.064910,0.131359,0.145155,0.433941,0.544992,0.474421,0.540831,0.365094,0.278582,0.115444,0.301290,0.205793,0.200926,0.473560,0.513611,0.438893,0.501133,0.482228,0.569533,0.557289,0.548917,0.598642,0.500040,0.669474,0.564601,0.605541,0.691974,0.159420,0.034742,0.560340,0.346180,0.625968,0.350754,0.304245,0.209895,0.288001,0.305994,0.736546,0.662103,0.336719,0.384469,-0.042767,-0.049897,0.270874,0.333010,0.414808,0.577380,0.374197,0.459150,-0.048523,0.164493,0.335357,0.258066,0.594705,0.462093,0.497162,0.452215,0.280754,0.350638,0.662735,0.775353
0.398364,0.339372,0.690435,0.866734,0.953209,1.494260,0.785921,0.906027,0.945739,0.000000,0.398019,0.365151,0.587826,0.597609,0.864376,1.055969,0.088640,0.076644,0.484694,0.642176,-0.052337,0.045904,0.510005,0.783874,0.420832,0.681302,0.598873,0.613322,-0.012690,-0.069372,0.171670,0.254741,0.343175,0.482570,0.458707,0.626618,0.196960,0.290194,0.038535,0.273988,0.117019,0.092190,0.533778,0.540231,0.362213,0.644196,0.468299,0.585218,0.759176,0.711547,0.858115,0.683938,0.909299,0.835620,0.666049,0.671926,0.140016,0.011171,0.493060,0.459476,0.400844,0.322227,0.103082,0.084441,0.250489,0.532607,0.680410,0.768919,0.370458,0.523804,-0.106538,-0.135857,0.268262,0.393968,0.408886,0.406625,0.286581,0.360853,-0.138971,-0.062242,0.194451,0.140612,0.563569,0.376219,0.458617,0.491052,0.322817,0.353600,0.537124,0.780023
0.721510,0.466159,0.613644,0.590172,0.517853,0.387277,0.877346,0.688467,0.513947,0.398019,0.000000,0.795564,1.180428,0.829697,0.823370,0.829401,0.544257,0.401536,0.562875,0.496064,0.268920,0.279503,0.671974,0.682268,0.599731,0.346643,0.546796,0.516673,0.603715,0.425698,0.546886,0.614075,0.694214,0.743706,0.707907,0.665848,0.437785,0.336441,0.124200,0.210182,0.524763,0.492903,0.291365,0.232438,0.682454,0.402074,0.185579,0.227330,0.332594,0.257459,0.427263,0.296291,0.329512,0.228724,0.481574,0.317052,0.408158,0.311750,0.564637,0.294987,0.752577,0.533206,0.517996,0.390213,0.776777,0.575797,0.503413,0.331108,0.274724,0.204237,0.480846,0.491603,0.662035,0.660158,0.615978,0.668198,0.549981,0.450770,0.177354,0.078017,0.383415,0.292648,0.443708,0.394041,0.701820,0.470600,0.380677,0.368689,0.434230,0.371108
0.609750,0.581674,0.455819,0.585259,0.264369,0.319105,0.503430,0.640107,0.274923,0.365151,0.795564,0.000000,0.830257,1.273367,0.572919,0.862223,0.368112,0.515846,0.348013,0.351261,0.208735,0.245249,0.552757,0.745136,0.661095,0.382495,0.385145,0.444335,0.522628,0.530036,0.621289,0.772188,0.564859,0.703796,0.377389,0.474914,0.188040,0.169284,-0.015759,0.048325,0.325168,0.373039,0.121575,0.047251,0.604853,0.381812,0.020995,0.086844,0.298672,0.181681,0.448562,0.334150,0.389547,0.274013,0.403197,0.277116,0.520727,0.454424,0.549710,0.505827,0.578211,0.667362,0.349371,0.531736,0.479466,0.471629,0.416703,0.378779,0.135598,0.105219,0.512976,0.676636,0.532984,0.663096,0.503400,0.489149,0.395047,0.304279,0.068720,0.089665,0.197822,0.254526,0.233553,0.316515,0.538091,0.452794,0.218261,0.292342,0.259066,0.269467
0.920578,0.650930,0.782776,0.685116,0.650903,0.596980,0.971931,0.788509,0.754619,0.587826,1.180428,0.830257,0.000000,1.073738,1.158709,1.025346,0.484885,0.414761,0.738920,0.726273,0.176450,0.157834,0.724520,0.796258,0.582177,0.519305,0.587147,0.562734,0.567085,0.393448,0.488507,0.539112,0.697972,0.871493,0.664004,0.734216,0.486821,0.385523,0.120681,0.247084,0.488226,0.482845,0.424812,0.395491,0.738486,0.542740,0.370299,0.424894,0.529712,0.427663,0.659717,0.497229,0.612349,0.440598,0.744853,0.570417,0.457376,0.360887,0.816415,0.482976,0.975206,0.621623,0.495666,0.430911,0.577102,0.458695,0.799114,0.598351,0.383466,0.403268,0.323845,0.371669,0.635970,0.763423,0.778070,0.829672,0.670290,0.628656,0.121241,0.099009,0.396572,0.363823,0.510585,0.505353,0.634375,0.559862,0.278921,0.322964,0.530111,0.591190
0.737865,0.654057,0.643017,0.695672,0.484375,0.570856,0.684087,0.737868,0.598629,0.597609,0.829697,1.273367,1.073738,0.000000,0.792613,0.977634,0.500087,0.589648,0.495912,0.508852,0.084130,0.169408,0.584607,0.778590,0.559307,0.569842,0.341448,0.368697,0.463199,0.406770,0.589469,0.653621,0.699060,0.892960,0.362744,0.540440,0.341723,0.290509,-0.032913,0.124255,0.335836,0.358506,0.276128,0.242852,0.694797,0.527709,0.260741,0.313663,0.491779,0.380904,0.622684,0.512196,0.678616,0.478724,0.612955,0.490618,0.503955,0.407300,0.672836,0.582300,0.849672,0.788250,0.507739,0.662623,0.381071,0.364090,0.613679,0.586829,0.180951,0.239256,0.327055,0.463755,0.561063,0.742208,0.518716,0.614305,0.477807,0.420235,-0.006147,0.135342,0.297726,0.364831,0.290638,0.386985,0.542825,0.510699,0.138269,0.285149,0.383616,0.524633
0.682106,0.468688,0.911052,0.797897,0.938305,0.846147,0.951504,0.789981,1.096324,0.864376,0.823370,0.572919,1.158709,0.792613,0.000000,1.326213,0.439351,0.310753,0.790966,0.740960,0.053075,0.109057,0.718675,0.813653,0.598938,0.663099,0.734822,0.801213,0.425431,0.267445,0.384274,0.442889,0.565340,0.711425,0.610566,0.767966,0.426717,0.412446,0.075766,0.308602,0.341322,0.311952,0.512736,0.470691,0.660569,0.568702,0.404294,0.501617,0.558908,0.509858,0.680361,0.524363,0.673288,0.566133,0.716164,0.736507,0.353098,0.215259,0.614331,0.386448,0.684316,0.391510,0.462520,0.251515,0.540487,0.425369,0.722438,0.617372,0.447603,0.415865,0.142201,0.150044,0.521628,0.588278,0.737293,0.753401,0.476088,0.501452,0.117046,0.179441,0.405305,0.277650,0.656316,0.476866,0.707635,0.611048,0.362619,0.498233,0.819243,0.821391
0.666831,0.504224,0.857127,0.998030,0.812202,0.908171,0.890953,0.982820,0.799380,1.055969,0.829401,0.862223,1.025346,0.977634,1.326213,0.000000,0.341007,0.303047,0.631852,0.693550,0.152432,0.233929,0.737703,1.027860,0.667684,0.657616,0.788663,0.842275,0.380832,0.304374,0.467327,0.597402,0.540901,0.700182,0.656530,0.805439,0.356555,0.395528,0.088025,0.306245,0.351279,0.357769,0.446528,0.401829,0.688317,0.602689,0.331591,0.413178,0.614366,0.508062,0.799219,0.597529,0.757031,0.656727,0.731470,0.627633,0.349709,0.216510,0.595456,0.427447,0.588686,0.417955,0.329636,0.241448,0.571164,0.628206,0.669921,0.640335,0.390539,0.400903,0.222327,0.246234,0.592287,0.745084,0.695966,0.693556,0.479292,0.471051,0.041727,0.048955,0.290681,0.253723,0.635062,0.506657,0.767461,0.690867,0.449244,0.511448,0.677217,0.763336
0.599627,0.483789,0.295149,0.166461,0.180206,0.154876,0.393280,0.264774,0.272335,0.088640,0.544257,0.368112,0.484885,0.500087,0.439351,0.341007,0.000000,0.995150,0.653045,0.486890,0.336028,0.389003,0.384168,0.215113,0.207712,0.293804,0.166967,0.209155,1.094127,0.693110,0.307810,0.365623,0.624090,0.660156,0.334646,0.261417,0.445009,0.530718,0.134729,0.242178,0.488378,0.477130,0.496601,0.339252,0.568303,0.498388,0.405468,0.359472,0.379938,0.338587,0.217088,0.255435,0.127817,0.014188,0.355468,0.284658,0.573676,0.495693,0.303849,0.182616,0.580059,0.467318,0.919503,0.625300,0.449436,0.218859,0.323484,0.190685,0.235524,0.170027,0.543564,0.541089,0.680085,0.759039,0.458645,0.478520,0.613230,0.512138,0.571716,0.332527,0.772812,0.742141,0.266006,0.269801,0.491946,0.444857,0.129666,0.235873,0.300878,0.246851
0.470476,0.543078,0.070987,0.016141,0.075753,0.094514,0.120197,0.084754,0.158559,0.076644,0.401536,0.515846,0.414761,0.589648,0.310753,0.303047,0.995150,0.000000,0.423455,0.290659,0.246587,0.431366,0.277802,0.130187,0.333254,0.289460,0.019429,0.085327,0.857958,1.047759,0.276397,0.312442,0.428637,0.526590,0.099217,0.112092,0.354650,0.527827,-0.077589,0.055646,0.280476,0.368933,0.482254,0.308808,0.477546,0.565735,0.299099,0.294129,0.379655,0.428411,0.247345,0.343304,0.146660,0.007376,0.243801,0.171456,0.648964,0.672834,0.248766,0.326275,0.417482,0.635653,0.717848,1.049715,0.293972,0.163019,0.178292,0.133121,0.062792,-0.012629,0.576807,0.719149,0.424247,0.686315,0.335951,0.372954,0.504178,0.449039,0.514927,0.539250,0.560758,1.025150,0.003378,0.278221,0.286265,0.467677,-0.094829,0.226648,0.084014,0.168786
1.078699,0.841189,0.903283,0.656443,0.641105,0.638797,0.807402,0.635716,0.644114,0.484694,0.562875,0.348013,0.738920,0.495912,0.790966,0.631852,0.653045,0.423455,0.000000,1.505076,0.204772,0.157169,0.730634,0.545524,0.400345,0.726714,0.734390,0.733579,0.542031,0.309348,0.238931,0.371646,0.776407,0.829859,0.599696,0.632574,0.592532,0.435690,0.346983,0.507487,0.569626,0.438991,0.636422,0.567985,0.413407,0.468866,0.690633,0.684980,0.399958,0.349384,0.449675,0.350900,0.518113,0.300923,0.772939,0.758847,0.654754,0.597865,0.743137,0.416136,0.674683,0.431689,0.354648,0.259003,0.380512,0.264444,0.911370,0.665309,1.017068,0.763733,0.234302,0.203174,0.727365,0.691147,0.831754,0.932709,0.816000,0.845884,0.393606,0.335516,0.765915,0.499291,0.751501,0.367621,0.676925,0.513942,0.332191,0.304654,0.793609,0.805088
1.074562,0.999473,0.838017,0.817194,0.668735,0.791763,0.960491,0.894964,0.612266,0.642176,0.496064,0.351261,0.726273,0.508852,0.740960,0.693550,0.486890,0.290659,1.505076,0.000000,0.165687,0.115172,0.761032,0.711124,0.315556,0.674231,0.778490,0.737819,0.367306,0.162191,0.216391,0.355965,0.614899,0.748706,0.521711,0.589933,0.474691,0.398089,0.398771,0.515004,0.545849,0.388123,0.564283,0.575004,0.294565,0.471397,0.738312,0.655348,0.504670,0.425393,0.562447,0.450706,0.680463,0.454320,0.901317,0.759638,0.561255,0.569870,0.758952,0.528206,0.631989,0.506304,0.177379,0.212367,0.251972,0.352039,0.931455,0.744485,1.062052,1.128533,0.147093,0.097199,0.602482,0.624710,0.726037,0.709776,0.693894,0.706628,0.261218,0.076275,0.633252,0.385844,0.827072,0.422681,0.572538,0.504824,0.431704,0.288910,0.789593,0.863982
0.154366,0.130385,0.102520,0.020332,0.014064,-0.051831,0.056471,0.014532,-0.041543,-0.052337,0.268920,0.208735,0.176450,0.084130,0.053075,0.152432,0.336028,0.246587,0.204772,0.165687,0.000000,0.829838,0.119499,0.056119,0.236352,0.157729,0.436544,0.322045,0.533942,0.532828,-0.041353,0.074589,0.061730,-0.021052,0.184820,0.036342,0.624333,0.539343,0.758246,0.719805,0.839396,1.022297,0.389230,0.417755,0.128959,0.167174,0.403153,0.377675,0.221676,0.167928,0.280253,0.267090,0.064143,0.090091,0.290178,0.219600,0.133825,0.139218,0.092098,-0.080394,0.003141,-0.057973,-0.060039,-0.054585,0.304603,0.195224,0.024386,-0.081619,0.198726,0.088766,0.900063,0.704206,0.620843,0.628926,0.482953,0.350013,0.773887,0.675922,0.573550,0.250977,0.535802,0.526137,0.411267,0.497147,0.549806,0.487619,0.570798,0.358157,0.013613,-0.066897
0.179261,0.200833,0.086410,-0.029979,-0.052920,-0.026827,0.056739,0.027485,-0.075226,0.045904,0.279503,0.245249,0.157834,0.169408,0.109057,0.233929,0.389003,0.431366,0.157169,0.115172,0.829838,0.000000,0.244537,0.091323,0.309462,0.101666,0.311109,0.354367,0.519154,0.456924,0.151814,0.241109,0.134974,0.084471,0.201345,0.117364,0.254918,0.642095,0.137332,0.364091,0.450517,0.372169,0.430256,0.337684,0.210152,0.326963,0.274447,0.228949,0.288032,0.316414,0.380775,0.395031,0.120944,0.217004,0.285201,0.102896,0.187374,0.233989,0.037701,-0.063431,0.017138,-0.047903,0.073050,0.008206,0.327446,0.272705,-0.039019,-0.081781,0.123357,0.035556,0.721015,0.590240,0.566924,0.618417,0.369269,0.087830,0.596994,0.503159,0.528538,0.138648,0.368014,0.533473,0.132068,0.131570,0.385542,0.493987,0.183740,0.386075,0.031310,0.093851
0.620892,0.602195,0.898192,0.808344,0.631317,0.503166,0.970762,0.847092,0.467827,0.510005,0.671974,0.552757,0.724520,0.584607,0.718675,0.737703,0.384168,0.277802,0.730634,0.761032,0.119499,0.244537,0.000000,1.139016,0.819529,0.700670,0.549258,0.504913,0.450908,0.212179,0.684346,0.865672,0.749333,0.761456,0.749571,0.691011,0.201957,0.234390,0.058302,0.168290,0.331291,0.308541,0.308281,0.322685,0.502957,0.468209,0.319995,0.316204,0.386273,0.356613,0.484555,0.380407,0.385221,0.293356,0.539151,0.357615,0.333207,0.360351,0.414701,0.263834,0.469615,0.287596,0.190806,0.133878,0.694033,0.490515,0.549524,0.471256,0.394764,0.501229,0.119087,0.159198,0.565088,0.521108,0.485803,0.438030,0.404874,0.388667,0.119276,-0.076912,0.326817,0.203063,0.555343,0.237742,0.653545,0.398636,0.288540,0.215081,0.485611,0.465824
0.575407,0.577664,0.778571,1.283715,0.712404,0.798174,0.976840,1.405346,0.576723,0.783874,0.682268,0.745136,0.796258,0.778590,0.813653,1.027860,0.215113,0.130187,0.545524,0.711124,0.056119,0.091323,1.139016,0.000000,0.714372,0.767307,0.642404,0.634208,0.267883,0.115226,0.506811,0.795713,0.478381,0.634230,0.618492,0.709284,0.156147,0.202702,0.095790,0.202476,0.291470,0.273548,0.286160,0.236937,0.401970,0.459996,0.250535,0.274446,0.471849,0.341765,0.634101,0.458589,0.513097,0.414586,0.617587,0.420622,0.240639,0.204957,0.531192,0.450355,0.503902,0.387195,0.187085,0.105575,0.602623,0.685903,0.610014,0.611003,0.406227,0.530278,0.101558,0.108850,0.364033,0.415197,0.445875,0.385623,0.278554,0.281180,0.057392,-0.133797,0.279941,0.078772,0.681502,0.433594,0.676472,0.510563,0.426324,0.367606,0.530975,0.556102
0.377322,0.371410,0.553985,0.574042,0.405197,0.334325,0.439466,0.486319,0.320173,0.420832,0.599731,0.661095,0.582177,0.559307,0.598938,0.667684,0.207712,0.333254,0.400345,0.315556,0.236352,0.309462,0.819529,0.714372,0.000000,0.791309,0.597253,0.601023,0.435500,0.380595,0.674170,0.820444,0.515526,0.555839,0.608953,0.628279,0.258473,0.268423,-0.058950,0.056985,0.198150,0.325888,0.293073,0.234534,0.550624,0.399159,0.086399,0.186008,0.220976,0.225562,0.447251,0.317078,0.306318,0.226040,0.358954,0.190022,0.296570,0.285463,0.291284,0.171222,0.269533,0.172555,0.175836,0.175550,0.654134,0.448559,0.322501,0.277621,0.174905,0.095853,0.279473,0.377311,0.437342,0.456544,0.468216,0.419023,0.303537,0.281909,0.172861,0.117700,0.194625,0.179554,0.259989,0.224468,0.596317,0.434922,0.180791,0.228151,0.301466,0.223284
0.444558,0.464496,0.714302,0.832702,0.680081,0.804672,0.558787,0.683413,0.640745,0.681302,0.346643,0.382495,0.519305,0.569842,0.663099,0.657616,0.293804,0.289460,0.726714,0.674231,0.157729,0.101666,0.700670,0.767307,0.791309,0.000000,0.548173,0.541767,0.344670,0.240913,0.304827,0.520506,0.439802,0.568743,0.480977,0.610639,0.415152,0.353140,0.156980,0.317971,0.223960,0.319709,0.630529,0.510020,0.367548,0.495383,0.553886,0.606325,0.418193,0.372368,0.540980,0.428565,0.510636,0.353506,0.631365,0.556465,0.225032,0.224658,0.401636,0.325372,0.379100,0.281601,0.230614,0.148251,0.402075,0.314161,0.548469,0.535254,0.417754,0.428310,0.110090,0.174130,0.361272,0.435412,0.456652,0.580828,0.401085,0.474399,0.232718,0.283999,0.456737,0.308986,0.586053,0.389112,0.606998,0.510841,0.220538,0.254971,0.531410,0.569096
0.597235,0.481718,0.648999,0.639101,0.643604,0.617500,0.646129,0.646172,0.523542,0.598873,0.546796,0.385145,0.587147,0.341448,0.734822,0.788663,0.166967,0.019429,0.734390,0.778490,0.436544,0.311109,0.549258,0.642404,0.597253,0.548173,0.000000,1.674184,0.261629,0.156008,0.094025,0.263891,0.254693,0.311481,0.543998,0.538926,0.488453,0.506382,0.499053,0.673948,0.559118,0.503615,0.528127,0.499798,0.260683,0.368896,0.466320,0.527608,0.449000,0.338708,0.696345,0.458988,0.633744,0.546466,0.799102,0.669800,0.285556,0.221314,0.615499,0.338271,0.312809,0.138381,-0.017803,-0.091196,0.372989,0.440483,0.559066,0.421108,0.833977,0.618239,0.271738,0.167564,0.522637,0.481579,0.677291,0.613598,0.558210,0.593348,0.355118,0.075927,0.513806,0.208848,0.873222,0.503345,0.839040,0.677968,0.678260,0.649187,0.732716,0.693475
0.607447,0.502394,0.621103,0.624968,0.534143,0.627104,0.588938,0.643134,0.475982,0.613322,0.516673,0.444335,0.562734,0.368697,0.801213,0.842275,0.209155,0.085327,0.733579,0.737819,0.322045,0.354367,0.504913,0.634208,0.601023,0.541767,1.674184,0.000000,0.293705,0.168766,0.112504,0.301965,0.249041,0.345170,0.501342,0.550702,0.379560,0.505861,0.351349,0.591402,0.436782,0.357820,0.572828,0.446458,0.328424,0.420174,0.399736,0.465549,0.446632,0.337997,0.711338,0.485376,0.622866,0.572712,0.779398,0.675279,0.346147,0.269904,0.598726,0.389888,0.338492,0.167232,0.100517,-0.049708,0.392919,0.438507,0.555085,0.437710,0.831602,0.597844,0.259667,0.164339,0.463157,0.445136,0.667652,0.537504,0.484659,0.510109,0.402052,0.109021,0.480368,0.208779,0.745826,0.414351,0.780465,0.701047,0.567353,0.704144,0.796475,0.785059
0.492398,0.420951,0.261817,0.193492,0.118592,0.028205,0.302694,0.249828,0.133675,-0.012690,0.603715,0.522628,0.567085,0.463199,0.425431,0.380832,1.094127,0.857958,0.542031,0.367306,0.533942,0.519154,0.450908,0.267883,0.435500,0.344670,0.261629,0.293705,0.000000,1.181995,0.416058,0.548271,0.519765,0.554936,0.389144,0.272172,0.421252,0.504650,0.113910,0.210501,0.498555,0.598386,0.395522,0.231236,0.580036,0.367564,0.251386,0.253504,0.224979,0.161211,0.170601,0.175751,-0.002727,-0.068637,0.248479,0.193444,0.492423,0.457433,0.231779,0.106993,0.422061,0.356213,0.709790,0.498046,0.586767,0.249364,0.206017,0.060426,0.184428,0.034931,0.837629,0.898913,0.738356,0.838923,0.596141,0.536316,0.619301,0.537545,0.655235,0.407565,0.638974,0.634194,0.306353,0.310557,0.482807,0.434936,0.141287,0.239780,0.194989,0.136544
0.290355,0.304317,0.035165,0.022963,0.052858,-0.027332,0.057560,0.047698,0.064910,-0.069372,0.425698,0.530036,0.393448,0.406770,0.267445,0.304374,0.693110,1.047759,0.309348,0.162191,0.532828,0.456924,0.212179,0.115226,0.380595,0.240913,0.156008,0.168766,1.181995,0.000000,0.190542,0.296493,0.215971,0.283305,0.134218,0.026565,0.403317,0.503821,0.121362,0.182675,0.393675,0.617707,0.360536,0.249421,0.418579,0.336921,0.188958,0.224921,0.205885,0.201028,0.146157,0.207502,-0.040131,-0.106939,0.109716,0.125378,0.390692,0.418448,0.135992,0.121854,0.236803,0.357275,0.508872,0.612259,0.436867,0.198976,0.028568,-0.067250,-0.002612,-0.141571,0.924242,1.065307,0.432334,0.679658,0.419293,0.438075,0.514483,0.479595,0.636843,0.702991,0.561653,0.879840,0.154544,0.522426,0.371718,0.500929,0.147744,0.331955,0.032849,0.005636
0.450111,0.357326,0.521721,0.496185,0.109565,0.024079,0.421309,0.409663,0.131359,0.171670,0.546886,0.621289,0.488507,0.589469,0.384274,0.467327,0.307810,0.276397,0.238931,0.216391,-0.041353,0.151814,0.684346,0.506811,0.674170,0.304827,0.094025,0.112504,0.416058,0.190542,0.000000,1.514186,0.974953,0.920368,0.556499,0.644852,0.040497,-0.059204,-0.299984,-0.259415,0.058944,0.040059,-0.179470,-0.150846,0.580527,0.079695,-0.200383,-0.194288,-0.076620,-0.109889,0.024067,-0.095451,0.110714,0.019035,0.136153,-0.039241,0.450824,0.396320,0.182610,0.088640,0.404863,0.355758,0.272479,0.327476,0.365299,0.190437,0.204370,0.176320,-0.018495,-0.006259,0.162641,0.320536,0.532564,0.439976,0.327471,0.311367,0.108062,-0.004682,-0.269054,-0.225161,-0.165140,-0.107901,-0.043777,-0.169976,0.169266,-0.062802,-0.039470,-0.234701,0.163138,0.076516
0.501419,0.448586,0.582319,0.717480,0.178397,0.155779,0.519418,0.646114,0.145155,0.254741,0.614075,0.772188,0.539112,0.653621,0.442889,0.597402,0.365623,0.312442,0.371646,0.355965,0.074589,0.241109,0.865672,0.795713,0.820444,0.520506,0.263891,0.301965,0.548271,0.296493,1.514186,0.000000,0.864375,0.922460,0.625471,0.695940,0.076552,0.065887,-0.178503,-0.097058,0.165721,0.152734,0.005698,-0.069824,0.527600,0.186744,-0.070389,-0.068493,0.022910,-0.055402,0.151694,0.016058,0.124775,0.049132,0.257092,0.057158,0.448585,0.410906,0.254461,0.171452,0.409378,0.383236,0.306138,0.252037,0.552850,0.401895,0.268560,0.238797,0.125925,0.108426,0.261887,0.387415,0.555448,0.497247,0.386974,0.339647,0.202633,0.101298,-0.019603,-0.111004,0.051430,-0.000528,0.158746,-0.041183,0.382708,0.156262,0.092527,-0.035003,0.254437,0.191466
0.785760,0.577676,0.785933,0.561481,0.394972,0.307537,0.732213,0.534634,0.433941,0.343175,0.694214,0.564859,0.697972,0.699060,0.565340,0.540901,0.624090,0.428637,0.776407,0.614899,0.061730,0.134974,0.749333,0.478381,0.515526,0.439802,0.254693,0.249041,0.519765,0.215971,0.974953,0.864375,0.000000,1.668440,0.770584,0.844435,0.334651,0.142675,-0.052624,0.016003,0.320109,0.251685,0.142806,0.175977,0.676999,0.353213,0.185346,0.210043,0.159234,0.147514,0.220187,0.123614,0.322135,0.164572,0.389513,0.303743,0.676473,0.537644,0.507811,0.279885,0.724407,0.541139,0.457639,0.458469,0.437247,0.275135,0.679866,0.567749,0.311809,0.277774,0.192847,0.285099,0.876889,0.720169,0.642939,0.720122,0.537641,0.433739,-0.096542,0.008165,0.244534,0.206871,0.246970,0.004073,0.455201,0.165793,0.065005,-0.098834,0.361020,0.339949
0.883701,0.718257,0.737066,0.701777,0.475475,0.474416,0.813994,0.744920,0.544992,0.482570,0.743706,0.703796,0.871493,0.892960,0.711425,0.700182,0.660156,0.526590,0.829859,0.748706,-0.021052,0.084471,0.761456,0.634230,0.555839,0.568743,0.311481,0.345170,0.554936,0.283305,0.920368,0.922460,1.668440,0.000000,0.750243,0.898564,0.305301,0.219964,-0.116392,-0.019078,0.246732,0.222154,0.238996,0.208162,0.726670,0.477800,0.219540,0.242500,0.268551,0.232796,0.315899,0.216099,0.403977,0.231970,0.471925,0.340606,0.698222,0.577993,0.618925,0.443853,0.870228,0.761155,0.572194,0.581872,0.453699,0.376958,0.790650,0.692068,0.338690,0.356999,0.165484,0.278577,0.696987,0.686596,0.608674,0.695477,0.507148,0.435921,-0.037791,0.019052,0.308785,0.275618,0.297034,0.101376,0.457974,0.273762,0.036493,-0.041034,0.420071,0.452111
0.487631,0.302955,0.612719,0.562438,0.555600,0.431577,0.823170,0.656415,0.474421,0.458707,0.707907,0.377389,0.664004,0.362744,0.610566,0.656530,0.334646,0.099217,0.599696,0.521711,0.184820,0.201345,0.749571,0.618492,0.608953,0.480977,0.543998,0.501342,0.389144,0.134218,0.556499,0.625471,0.770584,0.750243,0.000000,1.301255,0.349810,0.314994,0.095002,0.111763,0.348876,0.318681,0.295740,0.276266,0.656800,0.508962,0.226439,0.256598,0.339542,0.280642,0.382719,0.242081,0.261511,0.180388,0.474177,0.266473,0.213205,0.126852,0.493457,0.105771,0.516406,0.212325,0.329018,0.057129,0.829127,0.720666,0.709335,0.525878,0.325736,0.345529,0.127043,0.135186,0.577892,0.496850,0.483443,0.543607,0.449565,0.430165,0.042815,-0.194356,0.221414,0.099602,0.487352,0.151864,0.681849,0.374339,0.267811,0.062097,0.425871,0.309984
0.600660,0.382410,0.710557,0.782699,0.556022,0.563773,0.782453,0.781862,0.540831,0.626618,0.665848,0.474914,0.734216,0.540440,0.767966,0.805439,0.261417,0.112092,0.632574,0.589933,0.036342,0.117364,0.691011,0.709284,0.628279,0.610639,0.538926,0.550702,0.272172,0.026565,0.644852,0.695940,0.844435,0.898564,1.301255,0.000000,0.368616,0.262748,0.009350,0.084982,0.311953,0.226737,0.312614,0.296955,0.678529,0.533334,0.240661,0.306305,0.369703,0.308751,0.450267,0.280923,0.393551,0.287155,0.545471,0.377994,0.311706,0.177861,0.581214,0.242768,0.580510,0.311388,0.331335,0.107273,0.604425,0.645849,0.785180,0.708708,0.394556,0.375488,0.032204,0.072793,0.574518,0.526665,0.601182,0.624191,0.420169,0.412569,-0.091020,-0.157692,0.169634,0.044587,0.424174,0.094341,0.620151,0.373669,0.203523,0.042329,0.502867,0.439876
0.458021,0.297825,0.338391,0.189272,0.334194,0.264504,0.279863,0.152398,0.365094,0.196960,0.437785,0.188040,0.486821,0.341723,0.426717,0.356555,0.445009,0.354650,0.592532,0.474691,0.624333,0.254918,0.201957,0.156147,0.258473,0.415152,0.488453,0.379560,0.421252,0.403317,0.040497,0.076552,0.334651,0.305301,0.349810,0.368616,0.000000,0.797844,0.716840,0.747184,0.968829,0.918884,0.576338,0.762303,0.402213,0.428325,0.773767,0.827781,0.443466,0.393664,0.465990,0.425615,0.456712,0.289337,0.632491,0.652792,0.344859,0.206810,0.455232,0.160178,0.369220,0.190925,0.198016,0.183234,0.226227,0.133139,0.454071,0.367835,0.390643,0.344152,0.470236,0.393695,0.698177,0.686743,0.690015,0.871566,0.952305,0.983746,0.291155,0.412899,0.672877,0.616271,0.526378,0.565252,0.752606,0.624003,0.433128,0.241470,0.272072,0.309038
0.336248,0.353039,0.109053,0.054552,0.251553,0.351175,0.202102,0.183996,0.278582,0.290194,0.336441,0.169284,0.385523,0.290509,0.412446,0.395528,0.530718,0.527827,0.435690,0.398089,0.539343,0.642095,0.234390,0.202702,0.268423,0.353140,0.506382,0.505861,0.504650,0.503821,-0.059204,0.065887,0.142675,0.219964,0.314994,0.262748,0.797844,0.000000,0.350483,0.643930,0.562836,0.580388,0.887586,0.838987,0.359271,0.760252,0.779444,0.792507,0.709369,0.715673,0.750520,0.811223,0.474256,0.443646,0.653416,0.569896,0.261796,0.235828,0.367596,0.265652,0.275957,0.210867,0.295026,0.223995,0.331927,0.381731,0.344175,0.301713,0.340162,0.363548,0.471980,0.379567,0.460170,0.634037,0.470387,0.387833,0.759016,0.839287,0.612072,0.318311,0.819518,0.856478,0.433126,0.514011,0.746663,1.036727,0.275830,0.525633,0.250700,0.430645
0.280898,0.209009,0.226677,0.156311,0.146536,0.131676,0.216919,0.130141,0.115444,0.038535,0.124200,-0.015759,0.120681,-0.032913,0.075766,0.088025,0.134729,-0.077589,0.346983,0.398771,0.758246,0.137332,0.058302,0.095790,-0.058950,0.156980,0.499053,0.351349,0.113910,0.121362,-0.299984,-0.178503,-0.052624,-0.116392,0.095002,0.009350,0.716840,0.350483,0.000000,1.254155,0.918802,0.865435,0.330071,0.487297,-0.048751,0.040225,0.608871,0.531713,0.220462,0.123524,0.240591,0.186957,0.247040,0.163218,0.503854,0.554545,0.142572,0.128334,0.293637,0.113766,0.109224,0.015695,-0.205792,-0.156930,0.021272,0.056939,0.235494,0.085844,0.514825,0.463281,0.388769,0.230043,0.361941,0.309087,0.410164,0.432941,0.548029,0.529982,0.330417,0.129722,0.472989,0.256641,0.549893,0.645472,0.452153,0.324835,0.910802,0.367114,0.378964,0.183027
0.362967,0.276094,0.428614,0.274073,0.276968,0.338245,0.310955,0.224621,0.301290,0.273988,0.210182,0.048325,0.247084,0.124255,0.308602,0.306245,0.242178,0.055646,0.507487,0.515004,0.719805,0.364091,0.168290,0.202476,0.056985,0.317971,0.673948,0.591402,0.210501,0.182675,-0.259415,-0.097058,0.016003,-0.019078,0.111763,0.084982,0.747184,0.643930,1.254155,0.000000,0.836052,0.759252,0.609601,0.731247,0.048906,0.209726,0.834067,0.828340,0.379125,0.316371,0.488368,0.419934,0.450660,0.436623,0.690113,0.899162,0.195749,0.163411,0.361591,0.210348,0.205398,0.049695,-0.103933,-0.121510,0.119116,0.118078,0.301467,0.176355,0.663044,0.544132,0.414209,0.238620,0.484967,0.473449,0.557525,0.501061,0.726045,0.726727,0.429698,0.320388,0.610838,0.417901,0.674092,0.676547,0.620869,0.558121,0.844540,0.684153,0.542409,0.535190
0.555066,0.421451,0.364789,0.241330,0.253135,0.176826,0.406736,0.284047,0.205793,0.117019,0.524763,0.325168,0.488226,0.335836,0.341322,0.351279,0.488378,0.280476,0.569626,0.545849,0.839396,0.450517,0.331291,0.291470,0.198150,0.223960,0.559118,0.436782,0.498555,0.393675,0.058944,0.165721,0.320109,0.246732,0.348876,0.311953,0.968829,0.562836,0.918802,0.836052,0.000000,1.177749,0.462382,0.577274,0.329623,0.347349,0.619892,0.597265,0.443612,0.319151,0.479939,0.395624,0.342328,0.286129,0.654295,0.585199,0.402460,0.285785,0.443391,0.144742,0.317004,0.171609,0.082225,0.091141,0.261472,0.250834,0.406628,0.264960,0.492957,0.424437,0.628485,0.489377,0.896765,0.828838,0.801091,0.728300,1.049677,0.918250,0.376382,0.186541,0.675693,0.514561,0.585720,0.556661,0.734788,0.593877,0.769281,0.395896,0.306750,0.248328
0.374897,0.288039,0.267102,0.199131,0.250210,0.156880,0.287443,0.209365,0.200926,0.092190,0.492903,0.373039,0.482845,0.358506,0.311952,0.357769,0.477130,0.368933,0.438991,0.388123,1.022297,0.372169,0.308541,0.273548,0.325888,0.319709,0.503615,0.357820,0.598386,0.617707,0.040059,0.152734,0.251685,0.222154,0.318681,0.226737,0.918884,0.580388,0.865435,0.759252,1.177749,0.000000,0.465040,0.568548,0.404986,0.341294,0.511431,0.570843,0.393075,0.300816,0.430687,0.370642,0.268531,0.234147,0.501429,0.491343,0.290984,0.204912,0.298955,0.097446,0.234986,0.153484,0.131829,0.174011,0.386994,0.229710,0.289946,0.153849,0.307705,0.240390,0.645876,0.573117,0.775021,0.833477,0.730993,0.776197,0.976348,0.899288,0.426314,0.305141,0.667285,0.607259,0.559547,0.789569,0.763972,0.636957,0.688528,0.446661,0.185019,0.110759
0.385493,0.354493,0.318261,0.241564,0.418977,0.612294,0.366867,0.327861,0.473560,0.533778,0.291365,0.121575,0.424812,0.276128,0.512736,0.446528,0.496601,0.482254,0.636422,0.564283,0.389230,0.430256,0.308281,0.286160,0.293073,0.630529,0.528127,0.572828,0.395522,0.360536,-0.179470,0.005698,0.142806,0.238996,0.295740,0.312614,0.576338,0.887586,0.330071,0.609601,0.462382,0.465040,0.000000,1.261175,0.400925,0.966734,1.125636,1.233988,0.985722,0.914655,0.883765,0.840336,0.498394,0.506735,0.736131,0.765141,0.262920,0.190986,0.389787,0.273892,0.320483,0.204219,0.342513,0.149495,0.369650,0.345694,0.479781,0.362456,0.464122,0.428885,0.270939,0.187972,0.402124,0.560677,0.554274,0.459077,0.749065,0.865769,0.660325,0.409776,0.865559,0.818371,0.492143,0.495514,0.636618,0.939770,0.249279,0.576745,0.388766,0.564117
0.335478,0.282558,0.396066,0.223013,0.514488,0.608889,0.405616,0.268614,0.513611,0.540231,0.232438,0.047251,0.395491,0.242852,0.470691,0.401829,0.339252,0.308808,0.567985,0.575004,0.417755,0.337684,0.322685,0.236937,0.234534,0.510020,0.499798,0.446458,0.231236,0.249421,-0.150846,-0.069824,0.175977,0.208162,0.276266,0.296955,0.762303,0.838987,0.487297,0.731247,0.577274,0.568548,1.261175,0.000000,0.410112,0.895843,1.312854,1.504945,0.938596,1.006920,0.901143,0.891864,0.605673,0.634242,0.707385,0.895904,0.184805,0.111380,0.323995,0.176867,0.246455,0.109845,0.058834,0.063898,0.213783,0.246119,0.485080,0.409008,0.400849,0.511000,0.184006,0.094320,0.482955,0.607475,0.632500,0.532615,0.837456,0.984926,0.296053,0.312585,0.653605,0.703351,0.498203,0.588869,0.621559,0.790913,0.400616,0.450947,0.308650,0.483538
0.510912,0.307753,0.452306,0.340722,0.357639,0.308544,0.458138,0.358288,0.438893,0.362213,0.682454,0.604853,0.738486,0.694797,0.660569,0.688317,0.568303,0.477546,0.413407,0.294565,0.128959,0.210152,0.502957,0.401970,0.550624,0.367548,0.260683,0.328424,0.580036,0.418579,0.580527,0.527600,0.676999,0.726670,0.656800,0.678529,0.402213,0.359271,-0.048751,0.048906,0.329623,0.404986,0.400925,0.410112,0.000000,0.741010,0.188658,0.290445,0.513043,0.436746,0.494253,0.387160,0.321705,0.318117,0.381065,0.344664,0.451375,0.241517,0.321567,0.148523,0.528474,0.325736,0.583287,0.435025,0.604913,0.330446,0.460387,0.360970,0.064647,0.034674,0.224234,0.328337,0.673601,0.701308,0.657166,0.633157,0.506946,0.448891,0.019848,0.088407,0.168235,0.310246,0.167997,0.225049,0.533504,0.452786,0.140428,0.196754,0.265686,0.246560
0.399783,0.417519,0.241613,0.256712,0.511217,0.683671,0.464719,0.448463,0.501133,0.644196,0.402074,0.381812,0.542740,0.527709,0.568702,0.602689,0.498388,0.565735,0.468866,0.471397,0.167174,0.326963,0.468209,0.459996,0.399159,0.495383,0.368896,0.420174,0.367564,0.336921,0.079695,0.186744,0.353213,0.477800,0.508962,0.533334,0.428325,0.760252,0.040225,0.209726,0.347349,0.341294,0.966734,0.895843,0.741010,0.000000,0.692591,0.784410,1.354512,1.365619,1.006827,1.126005,0.559027,0.550415,0.636944,0.557885,0.307367,0.192119,0.467195,0.421630,0.425375,0.366451,0.437019,0.371453,0.437006,0.663809,0.669344,0.699190,0.238103,0.386220,0.152697,0.153254,0.368983,0.591058,0.445014,0.362205,0.578690,0.657403,0.266767,0.122329,0.565522,0.717979,0.377232,0.382368,0.674733,0.959202,0.133943,0.356936,0.206720,0.422803
0.437107,0.412357,0.420558,0.254676,0.440024,0.580648,0.447279,0.317898,0.482228,0.468299,0.185579,0.020995,0.370299,0.260741,0.404294,0.331591,0.405468,0.299099,0.690633,0.738312,0.403153,0.274447,0.319995,0.250535,0.086399,0.553886,0.466320,0.399736,0.251386,0.188958,-0.200383,-0.070389,0.185346,0.219540,0.226439,0.240661,0.773767,0.779444,0.608871,0.834067,0.619892,0.511431,1.125636,1.312854,0.188658,0.692591,0.000000,1.637016,0.848575,0.783311,0.764233,0.796709,0.649775,0.546352,0.905656,0.992104,0.219139,0.202902,0.487574,0.305406,0.373117,0.229236,0.096142,0.085202,0.140440,0.224496,0.559663,0.465136,0.574660,0.723493,0.203933,0.111919,0.412306,0.529818,0.455308,0.465276,0.772564,0.908940,0.384005,0.274687,0.811293,0.710275,0.591830,0.502994,0.600745,0.726369,0.341158,0.381693,0.417410,0.636677
0.388618,0.322234,0.465253,0.282123,0.518520,0.676030,0.444949,0.328943,0.569533,0.585218,0.227330,0.086844,0.424894,0.313663,0.501617,0.413178,0.359472,0.294129,0.684980,0.655348,0.377675,0.228949,0.316204,0.274446,0.186008,0.606325,0.527608,0.465549,0.253504,0.224921,-0.194288,-0.068493,0.210043,0.242500,0.256598,0.306305,0.827781,0.792507,0.531713,0.828340,0.597265,0.570843,1.233988,1.504945,0.290445,0.784410,1.637016,0.000000,0.912271,0.844449,0.865453,0.842158,0.709317,0.669642,0.812175,1.221258,0.226626,0.120764,0.504680,0.334927,0.374324,0.208795,0.135307,0.089770,0.207512,0.231825,0.619806,0.543378,0.521536,0.608644,0.188172,0.095647,0.472629,0.578071,0.582459,0.596867,0.849107,1.053497,0.325896,0.411349,0.801043,0.716329,0.631483,0.559284,0.702018,0.800308,0.338609,0.452270,0.377234,0.637170
0.378771,0.383012,0.260850,0.274684,0.540039,0.761233,0.493950,0.473903,0.557289,0.759176,0.332594,0.298672,0.529712,0.491779,0.558908,0.614366,0.379938,0.379655,0.399958,0.504670,0.221676,0.288032,0.386273,0.471849,0.220976,0.418193,0.449000,0.446632,0.224979,0.205885,-0.076620,0.022910,0.159234,0.268551,0.339542,0.369703,0.443466,0.709369,0.220462,0.379125,0.443612,0.393075,0.985722,0.938596,0.513043,1.354512,0.848575,0.912271,0.000000,1.653369,1.330503,1.377319,0.807631,0.772558,0.844108,0.726751,0.223090,0.089707,0.524958,0.461933,0.382559,0.308542,0.284327,0.256686,0.253384,0.522597,0.638145,0.644332,0.300422,0.521972,0.142341,0.068462,0.322592,0.544786,0.394101,0.334491,0.568015,0.646266,0.240771,0.022105,0.579266,0.632838,0.506539,0.519747,0.592118,0.913030,0.278137,0.456943,0.263443,0.529989
