0.000000,1.055231,0.617978,0.543202,0.337675,0.523668,0.749896,0.527341,0.308408,0.314709,0.968175,0.536452,1.087033,0.678282,0.721838,0.564816,0.841553,0.584937,1.043969,0.773110,0.287507,0.200704,0.423846,0.397107,0.228649,0.301496,0.253056,0.389395,0.726326,0.443130,0.304579,0.248856,0.765424,0.548728,0.390630,0.309481,0.651189,0.189062,0.046167,0.094596,0.199652,0.327609,0.579944,0.454063,0.681473,0.561165,0.567221,0.505469,0.569595,0.669202,0.782308,0.717583,0.568204,0.655534,0.662475,0.731603,1.197899,0.751817,0.723913,0.630078,1.082214,0.694522,0.766782,0.641977,0.305921,0.429895,0.509443,0.387339,0.699101,0.487498,0.518012,0.332756,0.949673,0.703441,0.754832,0.625443,0.355821,0.226198,0.393399,0.138903,0.574557,0.442567,0.263682,0.372115,0.734873,0.509044,0.081394,0.045775,0.763862,0.706956
1.055231,0.000000,0.302540,0.553385,0.349897,0.773731,0.473943,0.694497,0.265326,0.471129,0.619730,0.791764,0.736178,1.020565,0.794477,0.636294,0.742048,1.019278,0.832329,1.207155,0.283849,0.242550,0.306875,0.391812,0.184504,0.394666,0.246829,0.421690,0.665702,0.593698,0.342142,0.364761,0.977051,0.844751,0.423587,0.590852,0.600957,0.277242,-0.078044,0.048787,0.035592,0.341235,0.801571,0.654560,0.975280,0.957095,0.868560,0.755896,0.962913,1.164862,1.074328,1.179500,0.983812,1.080242,0.785204,1.047682,1.246329,1.221052,1.332812,1.344020,1.200409,1.158603,0.938760,1.315151,0.174490,0.571365,0.860593,0.769203,0.948461,0.701268,0.289236,0.177222,0.683376,0.748803,0.720494,0.679038,0.381554,0.381936,0.330457,0.157836,0.745207,0.663985,0.310469,0.507330,0.780145,0.663093,-0.056129,-0.052568,0.791111,1.024820
0.617978,0.302540,0.000000,0.961545,0.645792,0.589911,1.376157,0.646705,0.471312,0.474333,0.609239,0.366684,0.590903,0.408806,0.749711,0.551360,0.339349,0.219071,0.887267,0.402505,0.400006,0.251966,1.220444,0.842711,0.841584,0.606146,0.397258,0.492488,0.477796,0.365878,0.514101,0.401232,0.469903,0.355711,0.710204,0.219488,0.410323,0.259571,0.143975,0.165350,0.208331,0.322269,0.360114,0.298907,0.287604,0.315276,0.324811,0.316742,0.358516,0.364712,0.523009,0.405596,0.285753,0.365639,0.411812,0.380915,0.223500,0.151306,0.346967,0.221110,0.424535,0.259056,0.301187,0.119756,0.823605,0.619351,0.466403,0.329485,0.230083,0.283929,0.677679,0.483606,0.721053,0.599286,0.662685,0.638205,0.604812,0.393330,0.295397,0.287882,0.262848,0.288472,0.315965,0.335434,0.573667,0.396368,0.254459,0.139869,0.606372,0.443688
0.543202,0.553385,0.961545,0.000000,0.715337,0.929641,1.059752,1.278628,0.459751,0.731859,0.461931,0.723492,0.528125,0.728929,0.979068,0.918229,0.416036,0.474116,0.842355,0.743560,0.584698,0.457827,1.007550,1.407138,0.842589,1.078458,0.470052,0.706568,0.611575,0.592295,0.683871,0.774793,0.709942,0.712951,0.857575,0.614363,0.532644,0.462972,0.161139,0.241765,0.172873,0.520918,0.595927,0.520900,0.470085,0.569351,0.595487,0.581747,0.596818,0.524578,0.688220,0.592293,0.561614,0.600301,0.600338,0.600461,0.369986,0.408269,0.622384,0.561027,0.512442,0.631020,0.461352,0.445573,0.751051,1.123388,0.840872,0.820049,0.436816,0.533991,0.705769,0.553706,0.756225,0.867060,0.815567,0.916523,0.780697,0.694506,0.290284,0.361763,0.501773,0.543101,0.428940,0.602111,0.770011,0.696920,0.232620,0.092218,0.767598,0.718338
0.337675,0.349897,0.645792,0.715337,0.000000,0.661062,0.784267,0.743181,1.458518,0.650374,0.354323,0.468703,0.385253,0.407191,0.873321,0.618016,0.357715,0.317635,0.433664,0.356994,0.467839,0.377543,0.612213,0.639337,1.052255,0.777697,0.515941,0.466896,0.406991,0.303671,0.569500,0.485843,0.474685,0.491359,0.599676,0.471707,0.294736,0.143620,-0.088067,-0.018545,-0.061230,0.175884,0.529250,0.438440,0.476658,0.511561,0.509437,0.434819,0.598812,0.541374,0.649689,0.547895,0.428894,0.608313,0.375890,0.396333,0.273860,0.349726,0.540478,0.362662,0.476558,0.445019,0.303392,0.296195,0.656000,0.747858,0.658059,0.585290,0.280961,0.354880,0.266407,0.101558,0.394121,0.379708,0.452662,0.470424,0.495923,0.422561,0.246629,0.219843,0.360578,0.319681,0.233618,0.234485,0.598552,0.472121,0.014985,-0.119555,0.528394,0.581591
0.523668,0.773731,0.589911,0.929641,0.661062,0.000000,0.761678,1.209049,0.371127,1.170693,0.553386,1.033451,0.571907,1.027071,1.037614,0.806962,0.455452,0.687955,0.788543,0.905177,0.566082,0.431185,0.678675,0.796469,0.600251,0.866511,0.541867,0.553504,0.561716,0.565701,0.780375,0.753213,1.001688,1.065752,0.750011,0.770587,0.550193,0.338500,-0.182813,-0.037533,-0.125484,0.266666,0.826272,0.653262,0.651183,0.873498,0.826269,0.665489,0.884814,0.807876,0.770071,0.746682,0.699756,0.736582,0.540489,0.611334,0.441245,0.540606,0.925200,0.928191,0.777659,0.941009,0.681420,0.774653,0.554444,1.058006,1.141151,1.118542,0.492262,0.530497,0.214925,0.101725,0.611087,0.791748,0.900550,0.917287,0.732480,0.737474,0.379037,0.283978,0.637932,0.547973,0.322539,0.462450,0.711884,0.549920,-0.053478,-0.162722,0.809382,0.959494
0.749896,0.473943,1.376157,1.059752,0.784267,0.761678,0.000000,1.015183,0.607161,0.649479,0.657417,0.568928,0.871722,0.651543,0.988878,0.775998,0.502028,0.406352,0.945734,0.566924,0.534254,0.389838,0.920812,0.766734,0.764569,0.710292,0.459870,0.477955,0.714619,0.527345,0.669323,0.542074,0.717842,0.621008,0.683819,0.413356,0.505533,0.269146,0.066358,0.104814,0.139092,0.347059,0.496001,0.392056,0.401436,0.418646,0.436368,0.411374,0.449649,0.441852,0.633437,0.495994,0.321384,0.414206,0.453226,0.430095,0.351188,0.258897,0.514805,0.378767,0.699308,0.521935,0.537365,0.360461,0.793185,0.795621,0.674957,0.542911,0.299621,0.338259,0.645133,0.427849,0.888060,0.773481,0.872408,0.811658,0.811672,0.580641,0.334406,0.284099,0.423122,0.385649,0.278354,0.376463,0.617902,0.437395,0.131791,0.006943,0.662548,0.535989
0.527341,0.694497,0.646705,1.278628,0.743181,1.209049,1.015183,0.000000,0.507651,0.996776,0.522581,1.040720,0.629897,1.033909,1.159003,1.026689,0.466806,0.674219,0.827488,0.901143,0.621073,0.533881,0.621486,0.825929,0.598537,0.875517,0.413943,0.514680,0.673564,0.721909,0.674685,0.720864,0.834529,0.949572,0.674469,0.758910,0.557166,0.454064,-0.011761,0.110514,0.032444,0.416541,0.772155,0.657003,0.631527,0.781653,0.765978,0.684827,0.802281,0.736900,0.789715,0.765217,0.632881,0.684966,0.604302,0.647173,0.398260,0.460635,0.837711,0.793395,0.810010,1.047614,0.588416,0.724019,0.663043,1.380295,0.995479,1.015046,0.421907,0.509438,0.416413,0.302138,0.734935,0.999018,0.968508,1.049591,0.918150,0.896498,0.300546,0.301735,0.589666,0.574485,0.354191,0.580689,0.704336,0.618911,0.060033,-0.068812,0.750534,0.805846
0.308408,0.265326,0.471312,0.459751,1.458518,0.371127,0.607161,0.507651,0.000000,0.393676,0.224075,0.239515,0.307197,0.247357,0.637396,0.402679,0.246541,0.184296,0.249137,0.171410,0.366235,0.323158,0.350313,0.369093,0.764746,0.494121,0.364529,0.318348,0.296284,0.156215,0.351866,0.262757,0.285297,0.271817,0.305763,0.249288,0.131831,-0.007736,-0.055391,-0.007669,-0.046468,0.059297,0.332123,0.261237,0.372236,0.330665,0.331069,0.275019,0.433535,0.394092,0.521325,0.425578,0.304826,0.509569,0.278389,0.310674,0.269808,0.300065,0.418425,0.240118,0.438278,0.355398,0.191689,0.208030,0.427535,0.502445,0.421076,0.340219,0.228406,0.259022,0.225803,0.095084,0.271647,0.206122,0.250971,0.225901,0.244116,0.188178,0.164573,0.136122,0.209437,0.182749,0.155592,0.125878,0.475237,0.369911,0.011893,-0.087440,0.453672,0.494080
0.314709,0.471129,0.474333,0.731859,0.650374,1.170693,0.649479,0.996776,0.393676,0.000000,0.464771,0.890885,0.460767,0.794027,0.800666,0.575161,0.383390,0.552283,0.584029,0.657378,0.515422,0.294291,0.509104,0.645054,0.561980,0.726904,0.404534,0.388032,0.527386,0.488034,0.669138,0.675755,0.701335,0.773106,0.565698,0.604781,0.467668,0.381091,-0.107873,-0.003169,-0.100597,0.249192,0.690957,0.616580,0.531952,0.692552,0.668763,0.563807,0.770251,0.597722,0.617434,0.591326,0.552160,0.517527,0.467500,0.435227,0.233702,0.318568,0.634615,0.644839,0.521508,0.706833,0.530189,0.559046,0.532844,0.924975,0.850124,0.854435,0.316833,0.399534,0.164106,0.055076,0.445241,0.555358,0.694373,0.721341,0.722396,0.669697,0.359468,0.317978,0.572355,0.487879,0.318573,0.421641,0.593469,0.504942,0.013323,-0.125282,0.592596,0.671925
0.968175,0.619730,0.609239,0.461931,0.354323,0.553386,0.657417,0.522581,0.224075,0.464771,0.000000,0.780708,1.079953,0.697420,0.766006,0.453943,0.854290,0.504018,0.936755,0.622506,0.374952,0.045027,0.548264,0.475931,0.270217,0.270734,0.076274,0.061897,0.651654,0.326604,0.594782,0.523258,0.803312,0.684215,0.493364,0.363928,0.498165,0.052430,-0.285688,-0.230216,-0.049597,0.167473,0.486471,0.379760,0.542206,0.480530,0.448728,0.339284,0.508152,0.554638,0.496827,0.479799,0.405728,0.473850,0.340926,0.367141,0.601819,0.412502,0.452197,0.392618,0.792805,0.565505,0.714072,0.524680,0.539538,0.522887,0.418164,0.310312,0.336448,0.218586,0.292475,0.137343,0.863325,0.640058,0.788426,0.649440,0.458997,0.297654,0.412971,0.026401,0.520160,0.230796,0.072889,0.157818,0.612812,0.282628,-0.151900,-0.283240,0.476960,0.547385
0.536452,0.791764,0.366684,0.723492,0.468703,1.033451,0.568928,1.040720,0.239515,0.890885,0.780708,0.000000,0.727682,1.316606,1.079042,0.946044,0.763633,1.031293,0.772183,1.007704,0.587117,0.313474,0.467881,0.654784,0.421820,0.693840,0.361104,0.327471,0.862557,0.767124,0.821582,0.908562,0.980658,1.093647,0.564993,0.644702,0.505217,0.356119,-0.223018,-0.090544,-0.081921,0.367462,0.832218,0.734430,0.744249,0.839089,0.819554,0.697389,0.906092,0.768977,0.737170,0.727281,0.678277,0.657580,0.517202,0.521812,0.522870,0.551167,0.799179,0.803510,0.746689,0.959864,0.902672,0.964373,0.438695,0.961791,0.854977,0.882736,0.481676,0.493259,0.261862,0.144833,0.716862,0.901589,0.895793,0.938125,0.808867,0.777580,0.556433,0.353534,0.951666,0.685335,0.370008,0.570360,0.750558,0.574887,-0.063668,-0.255291,0.589503,0.758397
1.087033,0.736178,0.590903,0.528125,0.385253,0.571907,0.871722,0.629897,0.307197,0.460767,1.079953,0.727682,0.000000,0.871014,0.792278,0.666357,0.876276,0.491101,0.734761,0.545808,0.328191,0.053339,0.496869,0.471310,0.228193,0.298410,0.124854,0.132881,0.730442,0.349829,0.590211,0.513199,0.759293,0.668607,0.411878,0.378983,0.445237,0.046025,-0.201582,-0.177852,-0.069553,0.147900,0.446890,0.312471,0.515833,0.410580,0.426853,0.331553,0.439026,0.524371,0.612065,0.543428,0.378767,0.472571,0.363967,0.387516,0.677051,0.447402,0.539469,0.461933,1.068664,0.734653,0.892628,0.622344,0.515430,0.578944,0.447390,0.337904,0.328124,0.252322,0.398909,0.219367,0.875066,0.662127,0.728341,0.623300,0.451392,0.306651,0.356756,0.028975,0.488863,0.254585,0.102400,0.180362,0.525562,0.272448,-0.129394,-0.274704,0.533739,0.573523
0.678282,1.020565,0.408806,0.728929,0.407191,1.027071,0.651543,1.033909,0.247357,0.794027,0.697420,1.316606,0.871014,0.000000,1.024185,0.901536,0.643640,0.916657,0.835572,1.107562,0.476713,0.307619,0.442545,0.574194,0.320741,0.542269,0.275531,0.396275,0.840952,0.734764,0.642888,0.713286,0.980910,0.996468,0.470094,0.607649,0.542243,0.386105,-0.122086,-0.003078,-0.032612,0.396519,0.707247,0.606790,0.667037,0.782882,0.748038,0.649408,0.801804,0.825542,0.799164,0.833294,0.701831,0.726960,0.614807,0.660945,0.570880,0.558420,0.921647,0.977188,0.957899,1.159857,1.099667,1.192747,0.308758,0.834545,0.837709,0.803434,0.547050,0.555138,0.327183,0.210163,0.763826,0.946929,0.965717,0.981994,0.769210,0.747311,0.354412,0.257497,0.788756,0.652319,0.373271,0.601278,0.695114,0.557343,-0.020834,-0.184697,0.796552,0.906875
0.721838,0.794477,0.749711,0.979068,0.873321,1.037614,0.988878,1.159003,0.637396,0.800666,0.766006,1.079042,0.792278,1.024185,0.000000,1.161466,0.720486,0.801753,1.059735,0.981625,0.701309,0.511174,0.724707,0.779178,0.769443,0.914312,0.593319,0.628845,0.970591,0.838375,0.669907,0.622174,0.837035,0.791459,0.766534,0.557946,0.649013,0.462981,0.040041,0.160885,0.148355,0.480049,0.937551,0.799336,0.736372,0.866884,0.925371,0.831742,0.936406,0.835831,0.954509,0.849685,0.797196,0.849344,0.777262,0.754246,0.576887,0.619590,0.889031,0.786463,0.822757,0.866654,0.693701,0.725068,0.638669,0.968424,0.975994,0.852274,0.667192,0.737434,0.510853,0.324660,0.902323,0.927370,1.033245,1.037169,0.931790,0.808316,0.549565,0.477385,0.854302,0.745329,0.563373,0.702164,1.081760,0.745456,0.165211,-0.002816,0.900216,0.853970
0.564816,0.636294,0.551360,0.918229,0.618016,0.806962,0.775998,1.026689,0.402679,0.575161,0.453943,0.946044,0.666357,0.901536,1.161466,0.000000,0.576163,0.689092,0.712230,0.743964,0.474868,0.445498,0.562420,0.720248,0.560979,0.823843,0.581898,0.698426,0.744370,0.769490,0.538903,0.564670,0.600890,0.625724,0.551142,0.452030,0.494671,0.489317,0.113482,0.225647,0.120822,0.474866,0.749023,0.665425,0.583055,0.662726,0.755218,0.736170,0.655968,0.617123,0.739538,0.656015,0.562988,0.595911,0.656507,0.595410,0.503043,0.525744,0.700237,0.650052,0.656564,0.803576,0.591997,0.625954,0.499472,0.877715,0.701155,0.704780,0.499795,0.633291,0.522528,0.362797,0.641156,0.780071,0.735200,0.854567,0.745873,0.690310,0.451662,0.452213,0.700406,0.715694,0.579845,0.752248,0.734268,0.607322,0.191874,0.013477,0.688536,0.563213
0.841553,0.742048,0.339349,0.416036,0.357715,0.455452,0.502028,0.466806,0.246541,0.383390,0.854290,0.763633,0.876276,0.643640,0.720486,0.576163,0.000000,0.925530,0.700306,0.707836,0.403257,0.183646,0.293953,0.383863,0.272768,0.420965,0.207717,0.242109,1.138239,0.618562,0.571103,0.533137,0.804179,0.688823,0.372577,0.298160,0.516746,0.170836,-0.119051,-0.061921,0.082988,0.401275,0.539359,0.448792,0.659625,0.537051,0.555906,0.503561,0.560642,0.576424,0.615712,0.573082,0.488684,0.550700,0.510251,0.512550,0.900241,0.726439,0.586990,0.548404,0.696116,0.618174,0.854233,0.765692,0.294944,0.471838,0.520834,0.444668,0.635734,0.478365,0.353096,0.227323,0.825975,0.607887,0.676082,0.569424,0.447045,0.327851,0.853520,0.312839,0.997814,0.585116,0.292387,0.344444,0.722018,0.494329,0.012027,-0.132600,0.489556,0.556177
0.584937,1.019278,0.219071,0.474116,0.317635,0.687955,0.406352,0.674219,0.184296,0.552283,0.504018,1.031293,0.491101,0.916657,0.801753,0.689092,0.925530,0.000000,0.743949,1.182842,0.472036,0.360437,0.261923,0.372180,0.325037,0.580937,0.368206,0.395922,0.982566,1.052004,0.522177,0.553390,0.970139,0.906016,0.428967,0.494667,0.544488,0.424428,-0.049941,0.111216,0.094899,0.530762,0.850962,0.783653,0.897714,0.956713,0.905019,0.864854,0.930887,0.874943,0.850125,0.862762,0.751264,0.725891,0.731904,0.773245,0.836447,0.948491,1.026997,1.049014,0.731290,0.851259,0.924944,1.255881,0.155945,0.545189,0.944675,0.893963,0.882460,0.762075,0.231381,0.147016,0.614736,0.757920,0.723092,0.698941,0.619996,0.609185,0.710038,0.560139,1.294236,1.094988,0.476391,0.735369,0.820130,0.789533,0.069359,-0.030691,0.621099,0.762103
1.043969,0.832329,0.887267,0.842355,0.433664,0.788543,0.945734,0.827488,0.249137,0.584029,0.936755,0.772183,0.734761,0.835572,1.059735,0.712230,0.700306,0.743949,0.000000,1.252230,0.508917,0.398282,0.685355,0.620821,0.468218,0.593831,0.436420,0.561632,0.901374,0.825533,0.448035,0.418152,0.894863,0.706294,0.695139,0.454073,0.832980,0.518453,0.168285,0.256233,0.317019,0.582865,0.835963,0.769924,0.691936,0.777689,0.785882,0.782806,0.759801,0.748477,0.837549,0.763821,0.683079,0.666196,0.835825,0.828274,0.671536,0.571737,0.760803,0.705489,0.770442,0.655832,0.660728,0.613968,0.471652,0.634498,0.784981,0.653183,0.749104,0.640259,0.575566,0.407114,1.023632,1.005606,1.135181,1.022362,0.864759,0.669609,0.510658,0.392003,0.723719,0.690308,0.495179,0.669048,0.884893,0.651389,0.229370,0.158391,0.835693,0.709466
0.773110,1.207155,0.402505,0.743560,0.356994,0.905177,0.566924,0.901143,0.171410,0.657378,0.622506,1.007704,0.545808,1.107562,0.981625,0.743964,0.707836,1.182842,1.252230,0.000000,0.498332,0.461885,0.421299,0.547212,0.310350,0.608843,0.379336,0.564214,0.881846,0.965034,0.428180,0.504251,1.081577,0.960114,0.577971,0.689420,0.815434,0.588923,0.102836,0.237006,0.206930,0.617251,1.015871,0.925439,0.826019,1.035389,1.028877,0.987215,0.973718,0.935494,0.900318,0.914373,0.943427,0.863396,0.913782,1.011129,0.808340,0.882139,1.102496,1.233922,0.792709,0.973265,0.819529,1.096084,0.231377,0.664154,1.053426,1.021584,1.058150,0.892539,0.359529,0.251643,0.760206,0.966253,0.965455,1.000618,0.790628,0.791315,0.439382,0.396532,0.958814,0.937888,0.492334,0.802724,0.870821,0.800764,0.124251,0.089898,0.818893,0.888157
0.287507,0.283849,0.400006,0.584698,0.467839,0.566082,0.534254,0.621073,0.366235,0.515422,0.374952,0.587117,0.328191,0.476713,0.701309,0.474868,0.403257,0.472036,0.508917,0.498332,0.000000,0.911441,0.369210,0.540884,0.695001,0.847246,0.535955,0.426069,0.677535,0.656178,0.580915,0.568228,0.491387,0.481368,0.423170,0.296188,0.561953,0.374641,0.061662,0.161451,0.245118,0.519302,0.490324,0.449302,0.285985,0.415173,0.469972,0.457398,0.437363,0.280834,0.371163,0.300475,0.328707,0.356695,0.388717,0.354085,0.209984,0.240147,0.358373,0.335144,0.254848,0.299178,0.326530,0.317673,0.260502,0.535346,0.564422,0.583099,0.387657,0.449826,0.369345,0.315370,0.645843,0.670615,0.686817,0.643494,0.790687,0.768325,0.488450,0.556634,0.674278,0.519614,0.414363,0.537574,0.652166,0.547270,0.247121,0.083006,0.506016,0.517108
0.200704,0.242550,0.251966,0.457827,0.377543,0.431185,0.389838,0.533881,0.323158,0.294291,0.045027,0.313474,0.053339,0.307619,0.511174,0.445498,0.183646,0.360437,0.398282,0.461885,0.911441,0.000000,0.199070,0.310772,0.508642,0.698824,0.587248,0.604937,0.503801,0.682544,0.194936,0.172682,0.275578,0.263917,0.253970,0.252592,0.581196,0.523996,0.316073,0.428901,0.421593,0.561079,0.441484,0.453624,0.178896,0.356807,0.432269,0.482722,0.328511,0.216360,0.299045,0.267358,0.279251,0.290096,0.442785,0.417085,0.144431,0.210552,0.302703,0.340773,0.133137,0.235394,0.105676,0.207553,0.043888,0.352936,0.441052,0.528814,0.413865,0.505727,0.363631,0.367551,0.452751,0.583477,0.578391,0.550075,0.642293,0.784609,0.274509,0.539096,0.438786,0.503452,0.449800,0.577254,0.432962,0.449879,0.362632,0.302453,0.411940,0.323720
0.423846,0.306875,1.220444,1.007550,0.612213,0.678675,0.920812,0.621486,0.350313,0.509104,0.548264,0.467881,0.496869,0.442545,0.724707,0.562420,0.293953,0.261923,0.685355,0.421299,0.369210,0.199070,0.000000,1.345628,0.895294,0.714855,0.439823,0.402055,0.365438,0.271118,0.628954,0.566022,0.604706,0.535821,1.081436,0.514105,0.423260,0.254351,0.016751,0.071260,0.090363,0.311367,0.394256,0.304282,0.260863,0.339536,0.361403,0.316193,0.362031,0.360064,0.488145,0.372610,0.353987,0.380753,0.331614,0.313017,0.189306,0.203411,0.369213,0.277569,0.351116,0.270181,0.321023,0.155625,0.967313,0.690359,0.571325,0.472911,0.198338,0.280060,0.572253,0.340482,0.638927,0.607944,0.643251,0.694597,0.624476,0.499774,0.200585,0.180440,0.249019,0.261299,0.229303,0.276641,0.562199,0.373041,0.076374,-0.026185,0.479462,0.481390
0.397107,0.391812,0.842711,1.407138,0.639337,0.796469,0.766734,0.825929,0.369093,0.645054,0.475931,0.654784,0.471310,0.574194,0.779178,0.720248,0.383863,0.372180,0.620821,0.547212,0.540884,0.310772,1.345628,0.000000,0.878285,1.014241,0.449086,0.510066,0.458213,0.376928,0.735848,0.840059,0.688221,0.689170,1.024497,0.682753,0.475674,0.338693,0.032789,0.112293,0.091240,0.430027,0.498068,0.410645,0.366609,0.464923,0.496104,0.448089,0.473527,0.413625,0.545508,0.450441,0.476775,0.508825,0.429266,0.419000,0.289896,0.345440,0.467304,0.422259,0.362921,0.431925,0.375608,0.297758,0.820444,0.976969,0.713471,0.723071,0.332648,0.431966,0.576298,0.401955,0.650157,0.692289,0.658136,0.742946,0.653153,0.610707,0.284523,0.276783,0.417334,0.402377,0.326186,0.423732,0.696624,0.580703,0.109094,-0.030693,0.559402,0.666525
0.228649,0.184504,0.841584,0.842589,1.052255,0.600251,0.764569,0.598537,0.764746,0.561980,0.270217,0.421820,0.228193,0.320741,0.769443,0.560979,0.272768,0.325037,0.468218,0.310350,0.695001,0.508642,0.895294,0.878285,0.000000,1.265842,0.824896,0.655044,0.477717,0.478931,0.640421,0.558109,0.407888,0.386389,0.815465,0.293346,0.368382,0.344225,0.118166,0.208995,0.199835,0.395825,0.483680,0.431025,0.336158,0.411099,0.443424,0.448361,0.479631,0.324873,0.522392,0.377726,0.361623,0.403474,0.411132,0.328893,0.114708,0.193328,0.346497,0.215825,0.181136,0.163595,0.178380,0.111583,0.652494,0.632514,0.630496,0.571636,0.268797,0.408417,0.461517,0.331940,0.457289,0.450383,0.517073,0.562491,0.684631,0.569560,0.445991,0.596205,0.460144,0.491894,0.474349,0.446752,0.685035,0.599976,0.314042,0.108023,0.483699,0.449278
0.301496,0.394666,0.606146,1.078458,0.777697,0.866511,0.710292,0.875517,0.494121,0.726904,0.270734,0.693840,0.298410,0.542269,0.914312,0.823843,0.420965,0.580937,0.593831,0.608843,0.847246,0.698824,0.714855,1.014241,1.265842,0.000000,0.954444,0.878135,0.681993,0.792919,0.705274,0.722905,0.602387,0.625491,0.841270,0.505217,0.576121,0.571799,0.195992,0.329864,0.279325,0.617158,0.746973,0.692934,0.505433,0.648529,0.719857,0.744444,0.662453,0.458312,0.632870,0.520473,0.548018,0.526176,0.622779,0.522190,0.283488,0.395073,0.521726,0.474321,0.293515,0.409323,0.329493,0.347907,0.516016,0.819673,0.888183,0.966576,0.495492,0.643917,0.490866,0.401297,0.555537,0.676385,0.710103,0.768285,0.883658,0.859003,0.583302,0.755661,0.749921,0.769392,0.636341,0.720638,0.832456,0.809779,0.347935,0.139303,0.581999,0.581110
0.253056,0.246829,0.397258,0.470052,0.515941,0.541867,0.459870,0.413943,0.364529,0.404534,0.076274,0.361104,0.124854,0.275531,0.593319,0.581898,0.207717,0.368206,0.436420,0.379336,0.535955,0.587248,0.439823,0.449086,0.824896,0.954444,0.000000,0.918911,0.431763,0.561780,0.312316,0.222317,0.344232,0.294501,0.615714,0.275954,0.420465,0.442193,0.289991,0.403313,0.325298,0.416182,0.572535,0.546874,0.339325,0.424502,0.516107,0.573866,0.414472,0.268077,0.446518,0.320847,0.356033,0.250957,0.488831,0.362498,0.211394,0.243731,0.329773,0.284224,0.154221,0.136484,0.155058,0.130145,0.273867,0.388206,0.563283,0.589265,0.414627,0.498182,0.288373,0.194156,0.330072,0.347122,0.438151,0.434745,0.631781,0.584359,0.527718,0.642849,0.501328,0.601142,0.633051,0.620071,0.542708,0.480136,0.353901,0.241408,0.399232,0.289692
0.389395,0.421690,0.492488,0.706568,0.466896,0.553504,0.477955,0.514680,0.318348,0.388032,0.061897,0.327471,0.132881,0.396275,0.628845,0.698426,0.242109,0.395922,0.561632,0.564214,0.426069,0.604937,0.402055,0.510066,0.655044,0.878135,0.918911,0.000000,0.478864,0.671728,0.153815,0.182090,0.264874,0.186515,0.465520,0.185704,0.549613,0.752517,0.648305,0.777973,0.521081,0.578354,0.618739,0.634164,0.359250,0.540528,0.682325,0.809320,0.509098,0.425058,0.595375,0.514929,0.571300,0.508887,0.876082,0.767290,0.360023,0.432013,0.513939,0.503942,0.216934,0.313340,0.222463,0.266115,0.141706,0.392466,0.600831,0.599512,0.719168,0.913143,0.513376,0.424363,0.350804,0.432208,0.461976,0.548622,0.553730,0.531103,0.364491,0.730491,0.550403,0.811102,0.971167,0.987131,0.713842,0.830939,0.723793,0.578418,0.788197,0.479503
0.726326,0.665702,0.477796,0.611575,0.406991,0.561716,0.714619,0.673564,0.296284,0.527386,0.651654,0.862557,0.730442,0.840952,0.970591,0.744370,1.138239,0.982566,0.901374,0.881846,0.677535,0.503801,0.365438,0.458213,0.477717,0.681993,0.431763,0.478864,0.000000,1.190355,0.551719,0.528284,0.721339,0.605230,0.398614,0.250385,0.674308,0.476992,0.148634,0.227634,0.351768,0.679408,0.665362,0.655305,0.607447,0.622953,0.640793,0.665093,0.653710,0.557683,0.707733,0.612737,0.530336,0.514841,0.730060,0.626069,0.608903,0.486378,0.601450,0.568049,0.587251,0.554993,0.828009,0.694055,0.227442,0.532226,0.643499,0.574454,0.670408,0.646491,0.650065,0.503783,1.077977,0.891009,0.990624,0.847032,0.861212,0.705183,0.866824,0.656701,1.180083,0.885343,0.598663,0.726563,0.846613,0.674508,0.304952,0.129528,0.655209,0.559369
0.443130,0.593698,0.365878,0.592295,0.303671,0.565701,0.527345,0.721909,0.156215,0.488034,0.326604,0.767124,0.349829,0.734764,0.838375,0.769490,0.618562,1.052004,0.825533,0.965034,0.656178,0.682544,0.271118,0.376928,0.478931,0.792919,0.561780,0.671728,1.190355,0.000000,0.318288,0.354532,0.518730,0.480116,0.407331,0.243509,0.665008,0.861838,0.366985,0.523423,0.510211,0.900895,0.838813,0.908415,0.615007,0.786471,0.832665,0.963528,0.763415,0.616301,0.753758,0.701326,0.654441,0.551072,0.946595,0.794198,0.442980,0.494423,0.663956,0.694310,0.425245,0.521611,0.493540,0.619704,0.153534,0.504112,0.742974,0.730818,0.776444,0.903387,0.529594,0.512221,0.700181,0.895970,0.859053,0.871465,0.967240,0.944776,0.732956,1.043849,1.128081,1.372131,0.897494,1.220609,0.815217,0.871154,0.535517,0.373500,0.634337,0.505402
0.304579,0.342142,0.514101,0.683871,0.569500,0.780375,0.669323,0.674685,0.351866,0.669138,0.594782,0.821582,0.590211,0.642888,0.669907,0.538903,0.571103,0.522177,0.448035,0.428180,0.580915,0.194936,0.628954,0.735848,0.640421,0.705274,0.312316,0.153815,0.551719,0.318288,0.000000,1.771533,0.907748,1.011742,0.530972,0.497283,0.174473,-0.063117,-0.506042,-0.396886,-0.374354,0.065531,0.319943,0.228412,0.357458,0.342883,0.297625,0.199615,0.384950,0.288928,0.299399,0.249017,0.184102,0.266633,0.070591,0.063059,0.219688,0.235809,0.365275,0.302089,0.454052,0.489823,0.713753,0.522289,0.602997,0.779376,0.596655,0.580097,0.131270,0.136858,0.142438,0.043238,0.491046,0.451133,0.508987,0.490631,0.496631,0.404890,0.465195,0.188592,0.521397,0.239549,-0.010115,0.106133,0.392873,0.239150,-0.273307,-0.535869,0.346646,0.491202
0.248856,0.364761,0.401232,0.774793,0.485843,0.753213,0.542074,0.720864,0.262757,0.675755,0.523258,0.908562,0.513199,0.713286,0.622174,0.564670,0.533137,0.553390,0.418152,0.504251,0.568228,0.172682,0.566022,0.840059,0.558109,0.722905,0.222317,0.182090,0.528284,0.354532,1.771533,0.000000,0.886942,1.047870,0.532067,0.574895,0.186841,0.025861,-0.424928,-0.328758,-0.347710,0.136430,0.352580,0.275620,0.371638,0.392255,0.357218,0.268863,0.418857,0.308468,0.306672,0.267168,0.252333,0.321834,0.119980,0.119326,0.235051,0.281860,0.398341,0.370688,0.402522,0.543878,0.714749,0.589459,0.537832,0.827450,0.637756,0.663895,0.184010,0.204491,0.172294,0.095026,0.437245,0.474415,0.471493,0.511927,0.496058,0.446481,0.401651,0.211284,0.566856,0.316282,0.050698,0.197678,0.431044,0.331846,-0.227374,-0.461523,0.365574,0.547764
0.765424,0.977051,0.469903,0.709942,0.474685,1.001688,0.717842,0.834529,0.285297,0.701335,0.803312,0.980658,0.759293,0.980910,0.837035,0.600890,0.804179,0.970139,0.894863,1.081577,0.491387,0.275578,0.604706,0.688221,0.407888,0.602387,0.344232,0.264874,0.721339,0.518730,0.907748,0.886942,0.000000,1.940750,0.727581,0.936894,0.557534,0.141124,-0.326832,-0.187886,-0.145822,0.302579,0.740511,0.545802,0.760776,0.756664,0.702372,0.569063,0.719694,0.713488,0.677592,0.644427,0.564071,0.629721,0.442005,0.531659,0.771515,0.758514,0.903765,0.856629,0.922553,0.895141,1.038073,1.017798,0.439358,0.775611,1.068697,0.984845,0.605542,0.438490,0.200409,0.054388,0.759088,0.775742,0.847128,0.763016,0.614377,0.555612,0.433253,0.150768,0.781998,0.535528,0.108074,0.308999,0.706500,0.499406,-0.251896,-0.317963,0.606852,0.871849
0.548728,0.844751,0.355711,0.712951,0.491359,1.065752,0.621008,0.949572,0.271817,0.773106,0.684215,1.093647,0.668607,0.996468,0.791459,0.625724,0.688823,0.906016,0.706294,0.960114,0.481368,0.263917,0.535821,0.689170,0.386389,0.625491,0.294501,0.186515,0.605230,0.480116,1.011742,1.047870,1.940750,0.000000,0.698731,1.072212,0.443600,0.108312,-0.439603,-0.282958,-0.266657,0.227348,0.683808,0.509278,0.708793,0.721919,0.650030,0.512402,0.690246,0.661921,0.582986,0.590801,0.509473,0.582245,0.331415,0.421275,0.596371,0.654491,0.827764,0.813367,0.853040,0.973541,0.946606,1.035548,0.488529,0.926704,1.026929,1.053835,0.448955,0.341251,0.088171,-0.022868,0.619009,0.728300,0.756390,0.739266,0.612195,0.602993,0.368339,0.101100,0.702410,0.458884,0.045982,0.245321,0.571905,0.416680,-0.346688,-0.466424,0.491983,0.805290
0.390630,0.423587,0.710204,0.857575,0.599676,0.750011,0.683819,0.674469,0.305763,0.565698,0.493364,0.564993,0.411878,0.470094,0.766534,0.551142,0.372577,0.428967,0.695139,0.577971,0.423170,0.253970,1.081436,1.024497,0.815465,0.841270,0.615714,0.465520,0.398614,0.407331,0.530972,0.532067,0.727581,0.698731,0.000000,0.870117,0.544772,0.387566,0.048987,0.144537,0.137916,0.391601,0.707125,0.577410,0.526861,0.607957,0.636218,0.603436,0.569328,0.527963,0.631116,0.530928,0.537371,0.512249,0.489972,0.477299,0.295139,0.383707,0.526420,0.471421,0.397858,0.376446,0.307259,0.291474,0.947018,0.786849,0.947546,0.870664,0.383435,0.434568,0.350777,0.192508,0.559187,0.602559,0.700572,0.741579,0.804001,0.710781,0.308143,0.271533,0.425995,0.460704,0.346073,0.379978,0.732248,0.544047,0.101818,0.025150,0.480409,0.571678
0.309481,0.590852,0.219488,0.614363,0.471707,0.770587,0.413356,0.758910,0.249288,0.604781,0.363928,0.644702,0.378983,0.607649,0.557946,0.452030,0.298160,0.494667,0.454073,0.689420,0.296188,0.252592,0.514105,0.682753,0.293346,0.505217,0.275954,0.185704,0.250385,0.243509,0.497283,0.574895,0.936894,1.072212,0.870117,0.000000,0.447568,0.207721,-0.194764,-0.086571,-0.153477,0.224387,0.645032,0.515623,0.565197,0.630062,0.609116,0.511213,0.564936,0.576071,0.506501,0.508770,0.488768,0.513727,0.312905,0.419310,0.396362,0.502956,0.665340,0.676776,0.547369,0.666164,0.439550,0.564720,0.474909,0.743836,0.904388,1.023700,0.330050,0.285625,0.031326,-0.084802,0.386615,0.539726,0.540144,0.580553,0.545101,0.643284,-0.011746,-0.107704,0.303402,0.270853,-0.013044,0.170391,0.411545,0.343117,-0.289327,-0.253075,0.339690,0.601949
0.651189,0.600957,0.410323,0.532644,0.294736,0.550193,0.505533,0.557166,0.131831,0.467668,0.498165,0.505217,0.445237,0.542243,0.649013,0.494671,0.516746,0.544488,0.832980,0.815434,0.561953,0.581196,0.423260,0.475674,0.368382,0.576121,0.420465,0.549613,0.674308,0.665008,0.174473,0.186841,0.557534,0.443600,0.544772,0.447568,0.000000,0.846427,0.408011,0.484041,0.646008,0.765208,0.840314,0.777381,0.491853,0.665247,0.793072,0.801818,0.631518,0.572294,0.651057,0.600244,0.662732,0.548067,0.839415,0.749421,0.491101,0.458361,0.570646,0.591056,0.456633,0.416578,0.368444,0.388791,0.239193,0.387736,0.632968,0.614458,0.658198,0.620297,0.455783,0.289521,0.736461,0.777986,0.924119,0.946693,0.763222,0.749110,0.302166,0.370928,0.635487,0.636594,0.530137,0.676195,0.800853,0.698619,0.409991,0.334748,0.625939,0.525379
0.189062,0.277242,0.259571,0.462972,0.143620,0.338500,0.269146,0.454064,-0.007736,0.381091,0.052430,0.356119,0.046025,0.386105,0.462981,0.489317,0.170836,0.424428,0.518453,0.588923,0.374641,0.523996,0.254351,0.338693,0.344225,0.571799,0.442193,0.752517,0.476992,0.861838,-0.063117,0.025861,0.141124,0.108312,0.387566,0.207721,0.846427,0.000000,0.899628,1.131900,0.885141,1.083377,0.696422,0.810655,0.301893,0.544170,0.727486,0.908693,0.528061,0.388455,0.534629,0.491099,0.643303,0.402567,0.989115,0.709419,0.149301,0.240027,0.390800,0.466268,0.086277,0.228642,0.058450,0.183198,0.078491,0.235257,0.497787,0.512792,0.583800,0.817471,0.456037,0.402811,0.358595,0.590789,0.595123,0.766525,0.811571,0.876577,0.240060,0.732661,0.540756,0.916207,1.050650,1.206285,0.634334,0.843925,0.946335,0.755401,0.500987,0.280024
0.046167,-0.078044,0.143975,0.161139,-0.088067,-0.182813,0.066358,-0.011761,-0.055391,-0.107873,-0.285688,-0.223018,-0.201582,-0.122086,0.040041,0.113482,-0.119051,-0.049941,0.168285,0.102836,0.061662,0.316073,0.016751,0.032789,0.118166,0.195992,0.289991,0.648305,0.148634,0.366985,-0.506042,-0.424928,-0.326832,-0.439603,0.048987,-0.194764,0.408011,0.899628,0.000000,1.721010,1.263680,0.676616,0.175206,0.295112,-0.061963,0.044200,0.190837,0.375715,0.019627,-0.048290,0.134733,0.064284,0.171659,0.015626,0.564631,0.365770,-0.021163,-0.035450,-0.030004,0.008237,-0.255145,-0.215201,-0.302199,-0.272020,-0.168621,-0.179851,0.011908,0.008080,0.327743,0.454003,0.503329,0.516540,0.075617,0.127500,0.107929,0.185299,0.257465,0.261175,0.011230,0.506589,0.071056,0.405742,0.754347,0.688750,0.226045,0.422285,1.258577,1.295835,0.230483,-0.098621
0.094596,0.048787,0.165350,0.241765,-0.018545,-0.037533,0.104814,0.110514,-0.007669,-0.003169,-0.230216,-0.090544,-0.177852,-0.003078,0.160885,0.225647,-0.061921,0.111216,0.256233,0.237006,0.161451,0.428901,0.071260,0.112293,0.208995,0.329864,0.403313,0.777973,0.227634,0.523423,-0.396886,-0.328758,-0.187886,-0.282958,0.144537,-0.086571,0.484041,1.131900,1.721010,0.000000,1.238101,0.810784,0.345157,0.450112,0.089928,0.218131,0.378874,0.569063,0.186822,0.096534,0.275629,0.206856,0.317392,0.137307,0.755441,0.532676,0.074085,0.112663,0.121323,0.161334,-0.143471,-0.074580,-0.220359,-0.134924,-0.138045,-0.072597,0.163197,0.166219,0.467325,0.644095,0.470823,0.463749,0.147406,0.252136,0.219565,0.303735,0.360890,0.394802,0.092801,0.635065,0.220149,0.593376,0.873037,0.899325,0.363309,0.604003,1.265019,1.233585,0.336434,0.027824
0.199652,0.035592,0.208331,0.172873,-0.061230,-0.125484,0.139092,0.032444,-0.046468,-0.100597,-0.049597,-0.081921,-0.069553,-0.032612,0.148355,0.120822,0.082988,0.094899,0.317019,0.206930,0.245118,0.421593,0.090363,0.091240,0.199835,0.279325,0.325298,0.521081,0.351768,0.510211,-0.374354,-0.347710,-0.145822,-0.266657,0.137916,-0.153477,0.646008,0.885141,1.263680,1.238101,0.000000,0.923766,0.258570,0.355542,0.060654,0.126588,0.244017,0.408352,0.111848,0.052198,0.200161,0.152694,0.228647,0.080467,0.606557,0.417175,0.090440,0.028550,0.023838,0.030968,-0.121404,-0.177074,-0.174554,-0.182956,-0.097224,-0.109205,0.060252,0.055040,0.359570,0.436884,0.585266,0.570876,0.354667,0.349751,0.347939,0.356607,0.397674,0.370216,0.171531,0.542865,0.219412,0.455751,0.710517,0.674623,0.344314,0.447046,1.130783,1.026228,0.230474,-0.037536
0.327609,0.341235,0.322269,0.520918,0.175884,0.266666,0.347059,0.416541,0.059297,0.249192,0.167473,0.367462,0.147900,0.396519,0.480049,0.474866,0.401275,0.530762,0.582865,0.617251,0.519302,0.561079,0.311367,0.430027,0.395825,0.617158,0.416182,0.578354,0.679408,0.900895,0.065531,0.136430,0.302579,0.227348,0.391601,0.224387,0.765208,1.083377,0.676616,0.810784,0.923766,0.000000,0.532831,0.580068,0.316453,0.415196,0.521037,0.657736,0.411752,0.319588,0.469165,0.405660,0.477282,0.340686,0.763595,0.594349,0.313756,0.307150,0.335056,0.373771,0.128467,0.198833,0.183071,0.237581,0.078392,0.247416,0.429442,0.442073,0.565000,0.633857,0.679891,0.604518,0.641749,0.822371,0.729146,0.791133,0.745643,0.746632,0.372252,0.654647,0.628962,0.847474,0.745089,0.946464,0.626884,0.726336,0.675468,0.571171,0.412408,0.264900
0.579944,0.801571,0.360114,0.595927,0.529250,0.826272,0.496001,0.772155,0.332123,0.690957,0.486471,0.832218,0.446890,0.707247,0.937551,0.749023,0.539359,0.850962,0.835963,1.015871,0.490324,0.441484,0.394256,0.498068,0.483680,0.746973,0.572535,0.618739,0.665362,0.838813,0.319943,0.352580,0.740511,0.683808,0.707125,0.645032,0.840314,0.696422,0.175206,0.345157,0.258570,0.532831,0.000000,1.879016,1.203476,1.620910,1.995676,1.729749,1.439335,1.107239,1.135675,0.996921,1.056248,0.888256,1.060174,1.012281,0.670310,0.806700,1.055969,0.971033,0.678497,0.739587,0.477484,0.646649,0.345752,0.649401,1.135473,1.065119,0.890384,0.884539,0.257622,0.145663,0.532045,0.694615,0.756348,0.803159,0.745414,0.760996,0.504955,0.542937,0.887737,0.971439,0.661144,0.782675,1.073482,0.948919,0.266642,0.213795,0.757652,0.748720
0.454063,0.654560,0.298907,0.520900,0.438440,0.653262,0.392056,0.657003,0.261237,0.616580,0.379760,0.734430,0.312471,0.606790,0.799336,0.665425,0.448792,0.783653,0.769924,0.925439,0.449302,0.453624,0.304282,0.410645,0.431025,0.692934,0.546874,0.634164,0.655305,0.908415,0.228412,0.275620,0.545802,0.509278,0.577410,0.515623,0.777381,0.810655,0.295112,0.450112,0.355542,0.580068,1.879016,0.000000,1.079023,1.463436,1.598451,1.740726,1.366783,0.991975,1.022565,0.931832,1.038470,0.790917,1.106085,0.959435,0.536371,0.642036,0.869460,0.817551,0.504509,0.580679,0.388819,0.530931,0.256230,0.540066,0.922953,0.898497,0.806769,0.841141,0.288963,0.207455,0.450506,0.617969,0.684602,0.723218,0.746077,0.764827,0.486954,0.618524,0.792887,0.963340,0.742942,0.879759,0.907696,0.901485,0.380393,0.334310,0.659548,0.603585
0.681473,0.975280,0.287604,0.470085,0.476658,0.651183,0.401436,0.631527,0.372236,0.531952,0.542206,0.744249,0.515833,0.667037,0.736372,0.583055,0.659625,0.897714,0.691936,0.826019,0.285985,0.178896,0.260863,0.366609,0.336158,0.505433,0.339325,0.359250,0.607447,0.615007,0.357458,0.371638,0.760776,0.708793,0.526861,0.565197,0.491853,0.301893,-0.061963,0.089928,0.060654,0.316453,1.203476,1.079023,0.000000,1.492396,1.154427,1.046385,1.423777,1.313549,1.117387,1.106456,0.870391,0.887337,0.791449,0.904128,0.900206,0.917951,1.050232,0.889962,0.858095,0.800563,0.584771,0.784397,0.305128,0.638654,0.888883,0.810805,0.713424,0.572708,0.208123,0.142715,0.507015,0.562688,0.545682,0.506642,0.396159,0.359968,0.520525,0.317870,0.750871,0.720234,0.380304,0.490325,0.871750,0.751155,0.041220,0.040854,0.622270,0.774985
0.561165,0.957095,0.315276,0.569351,0.511561,0.873498,0.418646,0.781653,0.330665,0.692552,0.480530,0.839089,0.410580,0.782882,0.866884,0.662726,0.537051,0.956713,0.777689,1.035389,0.415173,0.356807,0.339536,0.464923,0.411099,0.648529,0.424502,0.540528,0.622953,0.786471,0.342883,0.392255,0.756664,0.721919,0.607957,0.630062,0.665247,0.544170,0.044200,0.218131,0.126588,0.415196,1.620910,1.463436,1.492396,0.000000,1.753504,1.452619,1.857564,1.617907,1.268509,1.294968,1.168788,1.086685,1.059426,1.152404,0.738706,0.917269,1.324398,1.203823,0.794606,0.863403,0.558887,0.817592,0.299822,0.695333,1.188177,1.089973,0.871583,0.844102,0.222284,0.133953,0.479830,0.640124,0.674791,0.674756,0.600048,0.628668,0.473661,0.468852,0.837407,0.912502,0.567559,0.714439,1.003154,0.924262,0.166698,0.142781,0.834343,0.933017
0.567221,0.868560,0.324811,0.595487,0.509437,0.826269,0.436368,0.765978,0.331069,0.668763,0.448728,0.819554,0.426853,0.748038,0.925371,0.755218,0.555906,0.905019,0.785882,1.028877,0.469972,0.432269,0.361403,0.496104,0.443424,0.719857,0.516107,0.682325,0.640793,0.832665,0.297625,0.357218,0.702372,0.650030,0.636218,0.609116,0.793072,0.727486,0.190837,0.378874,0.244017,0.521037,1.995676,1.598451,1.154427,1.753504,0.000000,1.984542,1.529975,1.246605,1.233451,1.142271,1.212025,1.050589,1.239219,1.214839,0.748208,0.948202,1.218474,1.133295,0.695919,0.807545,0.502331,0.718085,0.277989,0.622809,1.162107,1.071016,1.012478,1.049915,0.245502,0.137528,0.469797,0.651273,0.685289,0.731481,0.664611,0.710438,0.481474,0.566405,0.912778,1.050970,0.734567,0.864337,1.154120,1.067881,0.301804,0.231078,0.878792,0.867794
0.505469,0.755896,0.316742,0.581747,0.434819,0.665489,0.411374,0.684827,0.275019,0.563807,0.339284,0.697389,0.331553,0.649408,0.831742,0.736170,0.503561,0.864854,0.782806,0.987215,0.457398,0.482722,0.316193,0.448089,0.448361,0.744444,0.573866,0.809320,0.665093,0.963528,0.199615,0.268863,0.569063,0.512402,0.603436,0.511213,0.801818,0.908693,0.375715,0.569063,0.408352,0.657736,1.729749,1.740726,1.046385,1.452619,1.984542,0.000000,1.278909,1.035979,1.133342,1.035597,1.094813,0.901389,1.388919,1.242341,0.662625,0.834421,1.014470,0.973177,0.548537,0.657062,0.416993,0.611513,0.215284,0.540083,1.035727,0.983654,1.032926,1.112689,0.308265,0.227330,0.450479,0.645771,0.661183,0.720520,0.724710,0.754776,0.504860,0.703084,0.905927,1.208576,0.928512,1.054199,1.109129,1.154148,0.480291,0.396659,0.824846,0.725888
0.569595,0.962913,0.358516,0.596818,0.598812,0.884814,0.449649,0.802281,0.433535,0.770251,0.508152,0.906092,0.439026,0.801804,0.936406,0.655968,0.560642,0.930887,0.759801,0.973718,0.437363,0.328511,0.362031,0.473527,0.479631,0.662453,0.414472,0.509098,0.653710,0.763415,0.384950,0.418857,0.719694,0.690246,0.569328,0.564936,0.631518,0.528061,0.019627,0.186822,0.111848,0.411752,1.439335,1.366783,1.423777,1.857564,1.529975,1.278909,0.000000,1.648718,1.463142,1.408605,1.337515,1.196078,1.006326,1.081908,0.723579,0.861258,1.295156,1.112554,0.774650,0.856286,0.554766,0.795228,0.319214,0.711227,1.069878,0.956716,0.797703,0.772761,0.277125,0.180166,0.512863,0.659851,0.690752,0.695088,0.580470,0.589916,0.494985,0.453405,0.834492,0.878509,0.558190,0.700564,1.026763,0.913391,0.167253,0.125899,0.769590,0.934134
