0.000000,0.938192,0.528505,0.678531,0.337323,0.506890,0.633428,0.573372,0.323626,0.341479,0.798652,0.681362,0.686757,0.511924,0.513316,0.529109,0.525614,0.828879,0.872902,0.885815,0.232493,0.235803,0.551714,0.482899,0.402134,0.453458,0.354460,0.428334,0.376469,0.446815,0.134614,0.114225,0.695288,0.783089,0.470273,0.562679,0.361419,0.381574,0.283306,0.288116,0.124855,0.159238,0.647762,0.640700,0.591681,0.654112,0.605044,0.692521,0.622338,0.568757,0.821813,0.605609,0.760763,0.674736,0.529536,0.615789,0.950415,0.917732,0.829310,0.796105,0.849115,0.807148,0.655986,0.590643,0.448562,0.619914,0.818370,0.746295,0.966699,0.971156,0.256307,0.202839,0.392294,0.426332,0.258220,0.209885,0.494768,0.505841,0.651964,0.581321,0.649183,0.710880,0.260568,0.461367,0.794997,0.854253,0.050896,0.405137,0.850025,1.035829
0.938192,0.000000,0.351928,0.443706,0.233040,0.406810,0.277397,0.233116,0.145216,0.169307,0.501565,0.548437,0.325455,0.494209,0.157222,0.338509,0.695138,0.976454,0.541645,0.693790,0.226330,0.197961,0.345161,0.329262,0.446976,0.455143,0.294159,0.350253,0.666909,0.755193,0.136799,0.088643,0.754547,0.740655,0.389716,0.453106,0.495925,0.415537,0.454758,0.463166,0.111566,0.063501,0.637862,0.589457,0.762448,0.760620,0.693265,0.696135,0.627693,0.581980,0.705165,0.584484,0.650768,0.568358,0.639622,0.680147,1.422025,1.409818,0.878750,0.910425,0.677952,0.595034,0.824461,0.623965,0.215895,0.333672,0.859331,0.910365,1.169324,0.998114,0.130173,0.068534,0.365603,0.325368,0.295326,0.181845,0.349246,0.315688,1.069103,0.848280,0.933248,0.933269,0.321559,0.568248,0.766838,0.716407,0.057742,0.306532,0.644508,0.699458
0.528505,0.351928,0.000000,1.064797,0.540929,0.604733,1.326315,0.610335,0.285530,0.366214,0.478715,0.226654,0.429158,0.201592,0.375114,0.394245,0.233431,0.299088,0.799264,0.414641,0.376139,0.187065,1.374841,1.054481,0.784227,0.717622,0.369019,0.261117,0.150266,0.153377,0.207929,0.085279,0.338815,0.340329,0.856657,0.834672,0.400759,0.353558,0.286182,0.215250,0.195910,-0.015599,0.410195,0.383551,0.417709,0.372156,0.341906,0.436147,0.313712,0.257017,0.452335,0.248793,0.270203,0.242549,0.259305,0.304563,0.251553,0.357985,0.346331,0.320052,0.391431,0.305861,0.280440,0.195835,0.804723,0.503729,0.712326,0.580067,0.448919,0.422136,0.531741,0.316344,0.423151,0.367392,0.442507,0.248475,0.705868,0.668320,0.332103,0.228024,0.210464,0.310037,0.240898,0.186440,0.503280,0.434883,-0.010997,0.301006,0.772925,0.671539
0.678531,0.443706,1.064797,0.000000,0.504973,0.625506,1.084651,1.054965,0.333614,0.408063,0.471177,0.372771,0.572098,0.338481,0.433951,0.523723,0.251588,0.436513,0.614535,0.507134,0.205258,0.169794,0.937412,1.030158,0.551806,0.626794,0.390306,0.357938,0.136648,0.107081,0.091024,0.023169,0.285592,0.361683,0.601345,0.738156,0.304546,0.352472,0.248217,0.205773,-0.008711,-0.058517,0.483666,0.464637,0.374933,0.394355,0.375786,0.480748,0.410778,0.387222,0.594357,0.433150,0.410209,0.403582,0.314327,0.374579,0.346460,0.492894,0.446853,0.434747,0.471969,0.629745,0.245001,0.340229,0.618886,0.822679,0.741652,0.638644,0.498363,0.553737,0.355473,0.333956,0.376124,0.423235,0.364125,0.296238,0.620293,0.668803,0.433541,0.208248,0.332900,0.363503,0.197190,0.233864,0.529544,0.592211,0.061195,0.461197,0.859249,0.841686
0.337323,0.233040,0.540929,0.504973,0.000000,0.818492,0.564286,0.527532,0.772039,0.967021,0.356883,0.407920,0.405464,0.247970,0.315807,0.295310,0.119460,0.216402,0.407481,0.344942,0.374705,0.150843,0.450008,0.362383,0.631149,0.639863,0.478479,0.438156,0.256848,0.249418,0.291105,0.281977,0.297750,0.290502,0.462226,0.489418,0.253782,0.335524,0.186657,0.107805,0.093443,-0.004244,0.241021,0.258193,0.340799,0.305427,0.185696,0.263717,0.267735,0.142894,0.384931,0.177432,0.281506,0.213967,0.177734,0.182560,0.159952,0.265998,0.422760,0.404566,0.466066,0.487232,0.378406,0.430244,0.439364,0.439248,0.528210,0.529740,0.264463,0.231718,0.244757,0.185943,0.244560,0.322524,0.274285,0.088756,0.334522,0.364323,0.318714,0.112864,0.206368,0.241622,0.279951,0.208281,0.390912,0.380832,-0.035094,0.298628,0.499335,0.566905
0.506890,0.406810,0.604733,0.625506,0.818492,0.000000,0.587619,0.589463,0.465622,1.000800,0.434086,0.388789,0.427453,0.312090,0.351855,0.321003,0.173055,0.343229,0.439647,0.366546,0.408797,0.270916,0.534597,0.401405,0.802445,0.950411,0.554941,0.583789,0.334089,0.352215,0.187908,0.218889,0.393509,0.437064,0.588928,0.670223,0.323039,0.480182,0.345594,0.292401,0.088716,-0.049195,0.309964,0.292329,0.383347,0.361636,0.339016,0.415109,0.317928,0.192573,0.490360,0.276034,0.401425,0.331832,0.347141,0.352533,0.306862,0.424464,0.519031,0.526105,0.587558,0.688967,0.433529,0.428342,0.428220,0.645777,0.646624,0.690245,0.404844,0.398033,0.345698,0.245934,0.378877,0.427130,0.409763,0.220354,0.490937,0.465878,0.456243,0.280539,0.337340,0.333070,0.299258,0.222787,0.534496,0.538457,0.000446,0.318638,0.657096,0.767887
0.633428,0.277397,1.326315,1.084651,0.564286,0.587619,0.000000,0.914821,0.481133,0.476812,0.574171,0.309053,0.643668,0.266763,0.522609,0.538188,0.157229,0.304664,0.708694,0.400379,0.245098,0.131200,1.182171,1.004188,0.570509,0.583648,0.375957,0.318527,0.028383,0.041178,0.204741,0.095999,0.282230,0.313290,0.776175,0.768375,0.269916,0.270776,0.149506,0.143653,0.122439,0.032160,0.339303,0.328944,0.315585,0.278625,0.225300,0.361843,0.306815,0.218073,0.456534,0.240585,0.289649,0.274960,0.167908,0.241369,0.178720,0.352327,0.342278,0.316499,0.485261,0.523815,0.228776,0.291233,1.084035,0.736287,0.671422,0.531456,0.392594,0.470343,0.474214,0.347179,0.305244,0.333017,0.281617,0.223052,0.600840,0.650832,0.276715,0.144443,0.187769,0.320412,0.253144,0.230765,0.561665,0.513207,0.127248,0.441641,0.879624,0.787941
0.573372,0.233116,0.610335,1.054965,0.527532,0.589463,0.914821,0.000000,0.498049,0.567104,0.460722,0.544149,0.680133,0.513745,0.548206,0.631799,0.135299,0.294896,0.475976,0.415571,0.071097,0.053290,0.553731,0.619506,0.292228,0.389120,0.331864,0.296693,0.019987,0.044070,0.146458,0.144655,0.173286,0.262053,0.408355,0.573026,0.134198,0.215507,0.082521,0.031575,-0.133001,-0.078699,0.306405,0.306256,0.179962,0.228328,0.200884,0.279885,0.290624,0.216483,0.384110,0.268956,0.296529,0.305201,0.157545,0.221724,0.123799,0.241806,0.302056,0.301713,0.451282,0.871361,0.200760,0.449887,0.679533,1.010538,0.414108,0.420184,0.242215,0.356107,0.296757,0.342520,0.185445,0.335412,0.169125,0.178092,0.448025,0.564683,0.248330,0.061530,0.217384,0.238993,0.260581,0.244487,0.576093,0.538248,0.138270,0.436624,0.755182,0.801980
0.323626,0.145216,0.285530,0.333614,0.772039,0.465622,0.481133,0.498049,0.000000,0.696628,0.434008,0.436659,0.438798,0.351837,0.488380,0.455483,0.015162,0.191053,0.310738,0.259169,0.215842,0.098361,0.332912,0.308174,0.281994,0.336077,0.482930,0.460324,-0.002286,0.114562,0.361029,0.378839,0.207577,0.209085,0.400592,0.411531,0.088979,-0.005122,0.073351,-0.005485,0.055073,0.071018,0.096058,0.100869,0.192578,0.138976,0.056731,0.147509,0.253653,0.087865,0.332132,0.173940,0.275994,0.226747,0.122582,0.117805,0.086491,0.233452,0.357087,0.351464,0.506051,0.550353,0.249245,0.429893,0.485895,0.496880,0.380617,0.397139,0.208010,0.255401,0.153045,0.166261,0.095425,0.234679,0.214544,0.213356,0.108707,0.141000,0.090514,0.041079,0.033558,0.117403,0.296555,0.378641,0.307851,0.254991,0.152870,0.485446,0.435032,0.444492
0.341479,0.169307,0.366214,0.408063,0.967021,1.000800,0.476812,0.567104,0.696628,0.000000,0.353988,0.464828,0.501027,0.266005,0.491719,0.423327,0.033987,0.154146,0.281730,0.339368,0.223917,0.020234,0.424611,0.327780,0.554055,0.615774,0.410551,0.453442,0.049468,0.124785,0.151895,0.240663,0.176585,0.224966,0.364116,0.451727,0.042002,0.200174,0.034960,-0.015242,-0.128535,-0.017738,0.156046,0.159851,0.194411,0.188362,0.094318,0.223017,0.234966,0.076121,0.320309,0.213976,0.290504,0.249006,0.084282,0.138234,0.086049,0.218660,0.365223,0.376901,0.396387,0.597998,0.303457,0.459139,0.389597,0.514489,0.384838,0.390418,0.180575,0.246025,0.077111,0.043083,0.072600,0.224434,0.119460,0.064065,0.256749,0.310537,0.177716,0.042572,0.125386,0.138145,0.171599,0.263307,0.363572,0.396578,-0.026545,0.364464,0.472047,0.619810
0.798652,0.501565,0.478715,0.471177,0.356883,0.434086,0.574171,0.460722,0.434008,0.353988,0.000000,0.799869,0.786028,0.634808,0.514664,0.499693,0.559099,0.742879,0.566079,0.463343,0.236410,0.163646,0.504197,0.440292,0.339267,0.323840,0.286864,0.246697,0.437862,0.559250,0.259138,0.280972,0.489467,0.527962,0.486805,0.528855,0.463709,0.400031,0.296103,0.332437,0.296184,0.167539,0.534587,0.563937,0.540514,0.567109,0.505861,0.585009,0.588291,0.495326,0.599756,0.475792,0.591506,0.455783,0.541004,0.537837,0.504931,0.501354,0.641959,0.633466,0.956116,0.650167,0.695451,0.626903,0.447306,0.601421,0.557866,0.570803,0.520347,0.505614,0.262202,0.174455,0.359980,0.388998,0.370488,0.236310,0.384458,0.318794,0.429771,0.458451,0.461755,0.601320,0.347574,0.431373,0.716682,0.637909,0.040906,0.334360,0.737934,0.731147
0.681362,0.548437,0.226654,0.372771,0.407920,0.388789,0.309053,0.544149,0.436659,0.464828,0.799869,0.000000,0.849690,0.950367,0.455822,0.609549,0.507772,0.610076,0.438629,0.535450,0.049697,0.048406,0.246195,0.325854,0.311814,0.223880,0.203118,0.189602,0.392931,0.491673,0.149242,0.197631,0.475660,0.450383,0.187470,0.343181,0.309297,0.264897,0.199305,0.171824,0.039354,-0.003208,0.564506,0.519807,0.468471,0.499554,0.524804,0.566197,0.723397,0.554340,0.626969,0.586086,0.669821,0.527535,0.502038,0.489829,0.462833,0.483307,0.730520,0.708661,0.924536,0.810964,0.749655,1.002067,0.257054,0.647199,0.455796,0.547245,0.376780,0.407415,0.126393,0.087579,0.268283,0.403781,0.296378,0.158335,0.281706,0.295284,0.392389,0.242758,0.458663,0.427791,0.301409,0.529046,0.745932,0.605859,0.011030,0.303368,0.739307,0.710798
0.686757,0.325455,0.429158,0.572098,0.405464,0.427453,0.643668,0.680133,0.438798,0.501027,0.786028,0.849690,0.000000,0.623729,0.865595,0.886440,0.258829,0.441062,0.499700,0.474873,0.195437,0.217643,0.541149,0.545306,0.265794,0.191045,0.350463,0.272746,0.208613,0.246492,0.222446,0.186894,0.307250,0.356745,0.273773,0.374359,0.249705,0.314166,0.150614,0.105259,0.134587,0.105741,0.510711,0.507647,0.344615,0.359746,0.406681,0.490355,0.637959,0.537658,0.636560,0.610321,0.635333,0.566238,0.398387,0.419813,0.295453,0.357799,0.501444,0.504562,0.704737,0.666440,0.344202,0.623992,0.452441,0.739062,0.375627,0.350921,0.274750,0.358714,0.306931,0.261364,0.329001,0.547011,0.278557,0.240862,0.420251,0.409848,0.313520,0.114147,0.317706,0.335196,0.182869,0.322712,0.651121,0.613670,0.029129,0.436355,0.755506,0.708842
0.511924,0.494209,0.201592,0.338481,0.247970,0.312090,0.266763,0.513745,0.351837,0.266005,0.634808,0.950367,0.623729,0.000000,0.383235,0.625239,0.318594,0.485361,0.474474,0.425184,-0.000942,-0.010743,0.169146,0.326944,0.212421,0.156464,0.198735,0.196589,0.255136,0.425487,0.185176,0.157098,0.437013,0.372853,0.208000,0.351432,0.179416,0.111608,0.140897,0.127171,-0.003126,-0.145245,0.561687,0.490265,0.481148,0.524240,0.523725,0.537910,0.621296,0.547095,0.508523,0.484617,0.480275,0.470099,0.397760,0.369326,0.414650,0.401155,0.555789,0.565886,0.663499,0.670931,0.561798,0.674993,0.281738,0.569125,0.377338,0.475130,0.400697,0.449299,0.231093,0.196104,0.283776,0.357810,0.284959,0.112390,0.224133,0.242386,0.350635,0.225753,0.317932,0.336382,0.269823,0.451751,0.641334,0.475135,-0.005167,0.197748,0.663261,0.595525
0.513316,0.157222,0.375114,0.433951,0.315807,0.351855,0.522609,0.548206,0.488380,0.491719,0.514664,0.455822,0.865595,0.383235,0.000000,0.953525,0.175607,0.271742,0.572489,0.503553,0.310874,0.297677,0.610874,0.566546,0.143766,0.219422,0.532528,0.507765,0.083502,0.169977,0.531975,0.536658,0.261672,0.294337,0.422642,0.436050,0.113481,0.141396,0.142671,0.089240,0.124918,0.303398,0.250853,0.246765,0.157469,0.155879,0.177032,0.278718,0.334845,0.273138,0.376691,0.326789,0.354459,0.360882,0.164580,0.217287,0.196622,0.247459,0.275239,0.329046,0.344195,0.420254,0.217731,0.339698,0.504687,0.500269,0.267967,0.210543,0.199037,0.280391,0.288138,0.332400,0.310992,0.372850,0.217027,0.208654,0.346694,0.332730,0.187842,0.073821,0.178095,0.225326,0.267290,0.383596,0.508958,0.522353,0.240706,0.477843,0.551909,0.560501
0.529109,0.338509,0.394245,0.523723,0.295310,0.321003,0.538188,0.631799,0.455483,0.423327,0.499693,0.609549,0.886440,0.625239,0.953525,0.000000,0.272474,0.407742,0.518689,0.537976,0.151104,0.172207,0.608204,0.742255,0.267572,0.309190,0.436913,0.430487,0.155784,0.185620,0.410392,0.364212,0.315864,0.304021,0.357069,0.463893,0.103578,0.192068,0.183049,0.093174,0.072721,0.067627,0.369019,0.373605,0.277437,0.266668,0.288983,0.424669,0.522357,0.452871,0.537151,0.500331,0.496775,0.483917,0.271708,0.317146,0.298549,0.380251,0.426374,0.454089,0.427625,0.528585,0.302503,0.486531,0.488782,0.584650,0.415725,0.377649,0.357786,0.478658,0.166715,0.176384,0.198141,0.410734,0.151457,0.288149,0.314417,0.314246,0.411070,0.140654,0.289787,0.332934,0.258486,0.419080,0.622099,0.693541,0.184544,0.570525,0.663245,0.631698
0.525614,0.695138,0.233431,0.251588,0.119460,0.173055,0.157229,0.135299,0.015162,0.033987,0.559099,0.507772,0.258829,0.318594,0.175607,0.272474,0.000000,0.790142,0.391239,0.602542,0.260386,0.134079,0.218614,0.257230,0.198708,0.263373,0.194918,0.140892,0.782443,0.938888,0.309868,0.327329,0.412741,0.397032,0.249222,0.324213,0.415576,0.410134,0.391860,0.325043,0.262115,0.234399,0.484083,0.478158,0.492040,0.533856,0.454902,0.459177,0.549755,0.544705,0.452409,0.458473,0.494080,0.457002,0.496753,0.460861,0.779554,0.632541,0.561373,0.529467,0.447845,0.263075,0.881107,0.441148,0.110184,0.212556,0.397831,0.425480,0.534521,0.435460,0.098909,0.066054,0.412923,0.217095,0.269980,0.028058,0.267071,0.165653,0.690025,1.011584,0.689897,0.944330,0.147816,0.312637,0.524312,0.601228,-0.051535,0.090956,0.414604,0.389450
0.828879,0.976454,0.299088,0.436513,0.216402,0.343229,0.304664,0.294896,0.191053,0.154146,0.742879,0.610076,0.441062,0.485361,0.271742,0.407742,0.790142,0.000000,0.543560,0.639283,0.180104,0.161563,0.358077,0.363562,0.322155,0.425803,0.277868,0.301664,0.613880,0.786368,0.202819,0.155756,0.546484,0.595031,0.484450,0.525883,0.412734,0.404415,0.370344,0.347098,0.180876,-0.004564,0.691519,0.651063,0.736100,0.794415,0.675452,0.722112,0.612392,0.601004,0.615001,0.497480,0.536698,0.462063,0.570918,0.620510,0.950114,0.855176,0.741584,0.750852,0.702817,0.556870,0.930784,0.720293,0.328786,0.477338,0.767358,0.853843,0.783546,0.743196,0.076543,0.054390,0.332602,0.280979,0.298656,0.158387,0.319208,0.250772,0.931726,0.827442,0.872396,1.110238,0.295167,0.607403,0.828682,0.829354,0.086751,0.337938,0.604863,0.610413
0.872902,0.541645,0.799264,0.614535,0.407481,0.439647,0.708694,0.475976,0.310738,0.281730,0.566079,0.438629,0.499700,0.474474,0.572489,0.518689,0.391239,0.543560,0.000000,1.083208,0.294241,0.147153,0.744474,0.618273,0.498363,0.569383,0.501921,0.389801,0.289288,0.378159,0.411365,0.248154,0.714453,0.672992,0.702757,0.771087,0.340978,0.238924,0.267573,0.175035,0.125575,0.048335,0.491020,0.439073,0.487539,0.501137,0.396114,0.461910,0.394595,0.350004,0.484419,0.277242,0.363463,0.331194,0.249596,0.284707,0.533436,0.606055,0.521413,0.519748,0.520665,0.440365,0.615768,0.475160,0.669628,0.420388,0.765429,0.649195,0.673507,0.658137,0.500389,0.327636,0.353198,0.357816,0.308284,0.238296,0.636451,0.610222,0.508773,0.373011,0.414851,0.488810,0.282448,0.373848,0.753037,0.625984,0.067141,0.299464,0.717479,0.743210
0.885815,0.693790,0.414641,0.507134,0.344942,0.366546,0.400379,0.415571,0.259169,0.339368,0.463343,0.535450,0.474873,0.425184,0.503553,0.537976,0.602542,0.639283,1.083208,0.000000,0.217668,0.107296,0.443715,0.408201,0.343486,0.460747,0.410646,0.377550,0.428640,0.504647,0.344971,0.290113,0.642785,0.629527,0.382835,0.511716,0.254292,0.278919,0.246221,0.145686,-0.009491,0.122371,0.502139,0.438950,0.489148,0.518290,0.351874,0.430470,0.436122,0.392296,0.433670,0.358447,0.425507,0.376048,0.234961,0.275350,0.658993,0.733213,0.604793,0.609896,0.453074,0.537477,0.685872,0.672592,0.318119,0.289754,0.719553,0.583468,0.813489,0.757207,0.240963,0.180933,0.255730,0.330506,0.153873,0.161625,0.536456,0.542668,0.622398,0.517173,0.668513,0.636288,0.261761,0.435362,0.690205,0.782287,0.104127,0.359490,0.548219,0.678450
0.232493,0.226330,0.376139,0.205258,0.374705,0.408797,0.245098,0.071097,0.215842,0.223917,0.236410,0.049697,0.195437,-0.000942,0.310874,0.151104,0.260386,0.180104,0.294241,0.217668,0.000000,0.786537,0.310232,0.144097,0.356445,0.430556,0.582347,0.450764,0.427960,0.493017,0.585086,0.463443,0.351838,0.356085,0.333422,0.210161,0.524242,0.530855,0.472077,0.429774,0.505839,0.426034,0.093114,0.125947,0.233881,0.161075,0.110624,0.152860,0.157155,0.110347,0.221764,0.129050,0.110059,0.141917,0.155153,0.160775,0.240413,0.146868,0.230391,0.158296,0.228960,0.019645,0.198817,0.058705,0.085993,0.083020,0.217248,0.208960,0.213200,0.067883,0.578953,0.474847,0.671321,0.541329,0.584333,0.190253,0.470556,0.281202,0.311092,0.318835,0.245993,0.288918,0.170403,0.103855,0.142966,0.151141,0.031379,0.024839,0.112762,0.126559
0.235803,0.197961,0.187065,0.169794,0.150843,0.270916,0.131200,0.053290,0.098361,0.020234,0.163646,0.048406,0.217643,-0.010743,0.297677,0.172207,0.134079,0.161563,0.147153,0.107296,0.786537,0.000000,0.183483,0.095399,0.195106,0.208722,0.321296,0.361104,0.412487,0.342519,0.331816,0.301027,0.223396,0.238511,0.114600,0.007623,0.438576,0.563495,0.520365,0.457360,0.468493,0.413986,0.145571,0.181020,0.138129,0.103849,0.172889,0.154541,0.132608,0.162460,0.236793,0.172475,0.172685,0.138788,0.264871,0.204610,0.173446,0.121420,0.232489,0.138917,0.251047,0.058912,0.125595,0.037867,-0.032954,0.148292,0.113723,0.128530,0.115607,0.006904,0.499477,0.528702,0.623346,0.551915,0.479928,0.339386,0.308122,0.160828,0.228331,0.132063,0.220359,0.178845,0.110824,-0.008654,0.129230,0.185720,0.134942,0.059893,0.069350,0.070668
0.551714,0.345161,1.374841,0.937412,0.450008,0.534597,1.182171,0.553731,0.332912,0.424611,0.504197,0.246195,0.541149,0.169146,0.610874,0.608204,0.218614,0.358077,0.744474,0.443715,0.310232,0.183483,0.000000,1.458283,0.682140,0.700397,0.361177,0.309107,0.103897,0.103547,0.259370,0.143827,0.366409,0.393429,0.947838,0.876672,0.347920,0.334596,0.296940,0.223466,0.200073,0.059976,0.379047,0.363130,0.367998,0.331394,0.322256,0.435958,0.321378,0.267278,0.477159,0.298491,0.316453,0.278164,0.270197,0.314806,0.278005,0.405055,0.344488,0.367551,0.350378,0.308139,0.265810,0.208278,0.875555,0.545332,0.695218,0.554259,0.398262,0.444086,0.406941,0.259760,0.394406,0.361663,0.379092,0.289749,0.686872,0.626500,0.332574,0.217029,0.208962,0.317510,0.241394,0.235301,0.568818,0.544034,0.058079,0.449875,0.834207,0.713257
0.482899,0.329262,1.054481,1.030158,0.362383,0.401405,1.004188,0.619506,0.308174,0.327780,0.440292,0.325854,0.545306,0.326944,0.566546,0.742255,0.257230,0.363562,0.618273,0.408201,0.144097,0.095399,1.458283,0.000000,0.561619,0.571108,0.287203,0.254602,0.023911,0.037869,0.173699,0.072177,0.234256,0.237060,0.719746,0.765109,0.237183,0.231746,0.200749,0.157888,0.046793,-0.016575,0.434818,0.424207,0.352103,0.353811,0.344772,0.469689,0.411160,0.393437,0.531226,0.411741,0.352469,0.356004,0.268807,0.303272,0.265640,0.407833,0.361911,0.378798,0.307326,0.314438,0.247049,0.206996,0.758664,0.630628,0.655490,0.535868,0.342510,0.468034,0.330444,0.243001,0.333018,0.273346,0.281681,0.190672,0.524935,0.546761,0.301231,0.179291,0.165541,0.298160,0.145926,0.205704,0.542542,0.583614,-0.005246,0.455815,0.868539,0.693639
0.402134,0.446976,0.784227,0.551806,0.631149,0.802445,0.570509,0.292228,0.281994,0.554055,0.339267,0.311814,0.265794,0.212421,0.143766,0.267572,0.198708,0.322155,0.498363,0.343486,0.356445,0.195106,0.682140,0.561619,0.000000,1.005568,0.388728,0.273590,0.366194,0.283881,0.082680,0.001260,0.470868,0.438724,0.545522,0.587495,0.529515,0.525077,0.440778,0.376147,0.242453,-0.129838,0.526008,0.494577,0.581037,0.502189,0.519130,0.584750,0.425269,0.364657,0.559409,0.358395,0.401097,0.314980,0.461825,0.467287,0.367443,0.427496,0.559929,0.498521,0.478655,0.301962,0.397096,0.323367,0.329608,0.352419,0.707117,0.693520,0.470217,0.379832,0.290067,0.065822,0.340304,0.327803,0.489741,0.379052,0.552507,0.418346,0.502041,0.230082,0.350953,0.291181,0.198970,0.255721,0.515414,0.457015,-0.075395,0.174969,0.604079,0.554341
0.453458,0.455143,0.717622,0.626794,0.639863,0.950411,0.583648,0.389120,0.336077,0.615774,0.323840,0.223880,0.191045,0.156464,0.219422,0.309190,0.263373,0.425803,0.569383,0.460747,0.430556,0.208722,0.700397,0.571108,1.005568,0.000000,0.562956,0.624768,0.340384,0.354257,0.285737,0.216135,0.525416,0.555497,0.759658,0.779844,0.383636,0.465414,0.380979,0.315680,0.162508,-0.018298,0.351815,0.361228,0.507279,0.459279,0.335305,0.432421,0.275255,0.233152,0.452316,0.219419,0.295642,0.200346,0.286817,0.332547,0.364609,0.457501,0.495415,0.502927,0.399005,0.407731,0.453392,0.354268,0.486303,0.464860,0.846875,0.825104,0.469629,0.453537,0.247738,0.131885,0.340609,0.297033,0.435707,0.236397,0.510688,0.434392,0.580624,0.397401,0.396582,0.427976,0.211603,0.213126,0.544105,0.601713,-0.029504,0.300181,0.553128,0.627417
0.354460,0.294159,0.369019,0.390306,0.478479,0.554941,0.375957,0.331864,0.482930,0.410551,0.286864,0.203118,0.350463,0.198735,0.532528,0.436913,0.194918,0.277868,0.501921,0.410646,0.582347,0.321296,0.361177,0.287203,0.388728,0.562956,0.000000,1.116215,0.291398,0.317296,0.634788,0.516697,0.294771,0.312034,0.500607,0.453677,0.301148,0.319575,0.304423,0.244603,0.237900,0.153231,0.106944,0.113175,0.259778,0.197895,0.125670,0.195459,0.181119,0.141916,0.317662,0.169028,0.215374,0.235396,0.156519,0.190810,0.317340,0.395075,0.339610,0.358331,0.376435,0.381147,0.273598,0.296702,0.369566,0.322953,0.465359,0.410207,0.363572,0.351950,0.299729,0.357958,0.348452,0.295501,0.280918,0.228557,0.266200,0.222227,0.402439,0.222844,0.309093,0.302820,0.207329,0.218291,0.397719,0.447860,0.166847,0.285623,0.264197,0.397647
0.428334,0.350253,0.261117,0.357938,0.438156,0.583789,0.318527,0.296693,0.460324,0.453442,0.246697,0.189602,0.272746,0.196589,0.507765,0.430487,0.140892,0.301664,0.389801,0.377550,0.450764,0.361104,0.309107,0.254602,0.273590,0.624768,1.116215,0.000000,0.233834,0.320850,0.581234,0.550065,0.347250,0.362861,0.484526,0.425378,0.112488,0.242452,0.236606,0.187558,0.080159,0.214498,0.096029,0.097758,0.218398,0.195928,0.091191,0.169651,0.115119,0.122885,0.307792,0.162830,0.214425,0.239046,0.089208,0.155539,0.315949,0.410495,0.310334,0.371690,0.313049,0.401560,0.272102,0.234775,0.346978,0.369296,0.487271,0.453158,0.406717,0.433299,0.221386,0.323481,0.330156,0.334403,0.170937,0.146065,0.186599,0.190788,0.419600,0.274107,0.337272,0.365474,0.144126,0.205853,0.353037,0.462311,0.126864,0.363512,0.264208,0.432788
0.376469,0.666909,0.150266,0.136648,0.256848,0.334089,0.028383,0.019987,-0.002286,0.049468,0.437862,0.392931,0.208613,0.255136,0.083502,0.155784,0.782443,0.613880,0.289288,0.428640,0.427960,0.412487,0.103897,0.023911,0.366194,0.340384,0.291398,0.233834,0.000000,1.227627,0.331369,0.301351,0.631743,0.628251,0.177817,0.206947,0.794526,0.792142,0.732314,0.621484,0.460755,0.266457,0.538753,0.568292,0.593954,0.610561,0.611658,0.547733,0.478631,0.484668,0.448624,0.373434,0.465395,0.296673,0.656877,0.596839,0.618142,0.534198,0.559160,0.564563,0.514684,0.293461,0.686225,0.462021,-0.085275,0.096364,0.430937,0.512774,0.532503,0.319614,0.162236,0.097441,0.550223,0.430138,0.494280,0.237545,0.350302,0.192138,0.997886,0.761468,0.963348,0.761305,0.327429,0.333755,0.515532,0.552876,0.049102,0.073889,0.302254,0.290142
0.446815,0.755193,0.153377,0.107081,0.249418,0.352215,0.041178,0.044070,0.114562,0.124785,0.559250,0.491673,0.246492,0.425487,0.169977,0.185620,0.938888,0.786368,0.378159,0.504647,0.493017,0.342519,0.103547,0.037869,0.283881,0.354257,0.317296,0.320850,1.227627,0.000000,0.500401,0.457381,0.666325,0.653139,0.307782,0.306165,0.581549,0.513060,0.547797,0.435366,0.346837,0.227048,0.475474,0.465316,0.595074,0.617219,0.519629,0.476198,0.468537,0.447240,0.381370,0.345347,0.393272,0.305433,0.529655,0.479548,0.719449,0.572662,0.578646,0.599433,0.543618,0.344589,0.902355,0.546794,0.042453,0.150412,0.433625,0.526325,0.584797,0.394397,0.268834,0.161858,0.620958,0.395804,0.441807,0.102521,0.324858,0.194981,0.893719,0.963507,0.835949,0.908350,0.350289,0.464174,0.545073,0.525906,0.036961,0.094446,0.352538,0.350517
0.134614,0.136799,0.207929,0.091024,0.291105,0.187908,0.204741,0.146458,0.361029,0.151895,0.259138,0.149242,0.222446,0.185176,0.531975,0.410392,0.309868,0.202819,0.411365,0.344971,0.585086,0.331816,0.259370,0.173699,0.082680,0.285737,0.634788,0.581234,0.331369,0.500401,0.000000,1.419202,0.429890,0.336327,0.427426,0.370608,0.199823,0.144016,0.244203,0.118867,0.392306,0.333817,0.009293,0.044078,0.152844,0.096525,-0.020059,0.012553,0.070540,0.062139,0.052689,-0.010736,-0.022362,0.018252,-0.011124,-0.022879,0.164693,0.111983,0.088517,0.136799,0.149580,0.058234,0.273729,0.184768,0.325275,0.172998,0.208670,0.238563,0.135888,0.070338,0.429986,0.541175,0.494665,0.382052,0.270513,0.104945,0.281440,0.200255,0.264650,0.272940,0.148805,0.271113,0.253142,0.175510,0.229592,0.204513,0.154599,0.173206,0.098618,0.117961
0.114225,0.088643,0.085279,0.023169,0.281977,0.218889,0.095999,0.144655,0.378839,0.240663,0.280972,0.197631,0.186894,0.157098,0.536658,0.364212,0.327329,0.155756,0.248154,0.290113,0.463443,0.301027,0.143827,0.072177,0.001260,0.216135,0.516697,0.550065,0.301351,0.457381,1.419202,0.000000,0.335851,0.266058,0.310962,0.265498,0.112601,0.110795,0.179675,0.061631,0.315127,0.367036,-0.024791,0.039524,0.093987,0.058920,-0.049549,-0.006043,0.100069,0.070718,0.078874,0.053947,0.077438,0.106022,0.020233,-0.000020,0.144377,0.077787,0.074589,0.134215,0.174694,0.099751,0.236829,0.149636,0.230310,0.187294,0.104007,0.152925,0.093538,0.017808,0.248430,0.460077,0.367501,0.314602,0.192518,0.060615,0.123855,0.056909,0.170085,0.253093,0.086706,0.204270,0.164619,0.140011,0.164250,0.195867,0.106783,0.129442,0.070704,0.115744
0.695288,0.754547,0.338815,0.285592,0.297750,0.393509,0.282230,0.173286,0.207577,0.176585,0.489467,0.475660,0.307250,0.437013,0.261672,0.315864,0.412741,0.546484,0.714453,0.642785,0.351838,0.223396,0.366409,0.234256,0.470868,0.525416,0.294771,0.347250,0.631743,0.666325,0.429890,0.335851,0.000000,1.776399,0.473653,0.552591,0.598617,0.415542,0.537292,0.485125,0.311597,0.123557,0.565935,0.535202,0.751165,0.700993,0.607224,0.609815,0.477172,0.438759,0.526770,0.355770,0.485818,0.364988,0.532589,0.531960,0.728396,0.639610,0.655359,0.710759,0.658346,0.447539,0.652870,0.606711,0.242462,0.306360,0.760909,0.826225,0.736945,0.558357,0.347645,0.181892,0.539061,0.526306,0.518042,0.331957,0.578036,0.426290,0.700502,0.451538,0.609414,0.532856,0.376841,0.459584,0.665285,0.582667,0.040845,0.211222,0.592384,0.574426
0.783089,0.740655,0.340329,0.361683,0.290502,0.437064,0.313290,0.262053,0.209085,0.224966,0.527962,0.450383,0.356745,0.372853,0.294337,0.304021,0.397032,0.595031,0.672992,0.629527,0.356085,0.238511,0.393429,0.237060,0.438724,0.555497,0.312034,0.362861,0.628251,0.653139,0.336327,0.266058,1.776399,0.000000,0.481889,0.566744,0.596427,0.465483,0.525868,0.475877,0.266379,0.137584,0.580990,0.587837,0.726386,0.717843,0.613338,0.631990,0.490164,0.464507,0.553906,0.395267,0.517884,0.395133,0.566786,0.568226,0.751610,0.639034,0.662594,0.720720,0.679482,0.543829,0.606935,0.606922,0.239043,0.381190,0.718494,0.783887,0.723906,0.576677,0.318637,0.169842,0.500945,0.494752,0.509229,0.361893,0.582956,0.438581,0.718020,0.478728,0.675151,0.549072,0.367956,0.445242,0.669908,0.654795,0.070060,0.230094,0.595083,0.633059
0.470273,0.389716,0.856657,0.601345,0.462226,0.588928,0.776175,0.408355,0.400592,0.364116,0.486805,0.187470,0.273773,0.208000,0.422642,0.357069,0.249222,0.484450,0.702757,0.382835,0.333422,0.114600,0.947838,0.719746,0.545522,0.759658,0.500607,0.484526,0.177817,0.307782,0.427426,0.310962,0.473653,0.481889,0.000000,1.404828,0.386552,0.269504,0.322398,0.305781,0.246628,0.047415,0.370522,0.303222,0.515445,0.428433,0.344350,0.418563,0.252557,0.192787,0.415221,0.140674,0.223985,0.212098,0.274391,0.300265,0.334844,0.444802,0.403735,0.477526,0.414777,0.384756,0.472139,0.267172,1.035670,0.573520,0.819837,0.801079,0.459583,0.488641,0.360135,0.226671,0.396141,0.199711,0.318052,0.092562,0.542014,0.520561,0.411879,0.366596,0.258647,0.448537,0.370229,0.372508,0.706322,0.569490,0.159886,0.401026,0.715800,0.672501
0.562679,0.453106,0.834672,0.738156,0.489418,0.670223,0.768375,0.573026,0.411531,0.451727,0.528855,0.343181,0.374359,0.351432,0.436050,0.463893,0.324213,0.525883,0.771087,0.511716,0.210161,0.007623,0.876672,0.765109,0.587495,0.779844,0.453677,0.425378,0.206947,0.306165,0.370608,0.265498,0.552591,0.566744,1.404828,0.000000,0.346852,0.269194,0.339604,0.294658,0.122101,-0.043014,0.484060,0.421819,0.555419,0.519600,0.449283,0.531519,0.347253,0.296070,0.478645,0.246837,0.322167,0.332796,0.347420,0.416033,0.406168,0.494102,0.470082,0.550109,0.484699,0.547059,0.540860,0.422729,0.895285,0.735018,0.903908,0.939064,0.518839,0.560329,0.290858,0.146884,0.355345,0.199158,0.260524,0.094637,0.577866,0.623129,0.482903,0.369991,0.374711,0.474643,0.380686,0.472715,0.830725,0.685681,0.115509,0.469337,0.863464,0.867080
0.361419,0.495925,0.400759,0.304546,0.253782,0.323039,0.269916,0.134198,0.088979,0.042002,0.463709,0.309297,0.249705,0.179416,0.113481,0.103578,0.415576,0.412734,0.340978,0.254292,0.524242,0.438576,0.347920,0.237183,0.529515,0.383636,0.301148,0.112488,0.794526,0.581549,0.199823,0.112601,0.598617,0.596427,0.386552,0.346852,0.000000,0.946422,1.036654,1.027785,0.655693,0.216164,0.506901,0.479951,0.585005,0.547589,0.659407,0.571104,0.422654,0.374331,0.477887,0.285264,0.386631,0.204659,0.673261,0.622020,0.475749,0.411199,0.526140,0.483915,0.522147,0.253167,0.464349,0.328542,0.059229,0.197420,0.501984,0.525426,0.416355,0.245120,0.337306,0.201063,0.648952,0.447729,0.668009,0.416033,0.635217,0.414397,0.584471,0.397769,0.631853,0.443147,0.268106,0.221792,0.560782,0.448165,0.060738,0.101621,0.415206,0.406738
0.381574,0.415537,0.353558,0.352472,0.335524,0.480182,0.270776,0.215507,-0.005122,0.200174,0.400031,0.264897,0.314166,0.111608,0.141396,0.192068,0.410134,0.404415,0.238924,0.278919,0.530855,0.563495,0.334596,0.231746,0.525077,0.465414,0.319575,0.242452,0.792142,0.513060,0.144016,0.110795,0.415542,0.465483,0.269504,0.269194,0.946422,0.000000,0.817452,0.803177,0.601640,0.260574,0.503455,0.505548,0.510928,0.538043,0.618682,0.607546,0.418064,0.441673,0.523186,0.368185,0.463720,0.267251,0.655957,0.637638,0.394227,0.344397,0.523063,0.462957,0.421801,0.290736,0.374141,0.250811,-0.000442,0.258172,0.434134,0.434902,0.413869,0.275969,0.221554,0.145680,0.583610,0.475860,0.527815,0.326376,0.565423,0.374745,0.586165,0.394223,0.607617,0.468412,0.141566,0.068403,0.474167,0.589979,-0.068709,0.162012,0.375425,0.440761
0.283306,0.454758,0.286182,0.248217,0.186657,0.345594,0.149506,0.082521,0.073351,0.034960,0.296103,0.199305,0.150614,0.140897,0.142671,0.183049,0.391860,0.370344,0.267573,0.246221,0.472077,0.520365,0.296940,0.200749,0.440778,0.380979,0.304423,0.236606,0.732314,0.547797,0.244203,0.179675,0.537292,0.525868,0.322398,0.339604,1.036654,0.817452,0.000000,1.122664,0.536426,0.297314,0.386174,0.329682,0.503529,0.454073,0.609685,0.497950,0.344830,0.320265,0.420776,0.256697,0.371307,0.236477,0.725946,0.688957,0.434467,0.424199,0.442335,0.483601,0.353351,0.192907,0.372051,0.211237,-0.015631,0.173588,0.440462,0.491468,0.446231,0.285624,0.273257,0.143159,0.595298,0.393533,0.573486,0.409957,0.426189,0.253764,0.590146,0.375797,0.580416,0.379484,0.320866,0.269558,0.499288,0.408257,0.196827,0.144023,0.380398,0.406611
0.288116,0.463166,0.215250,0.205773,0.107805,0.292401,0.143653,0.031575,-0.005485,-0.015242,0.332437,0.171824,0.105259,0.127171,0.089240,0.093174,0.325043,0.347098,0.175035,0.145686,0.429774,0.457360,0.223466,0.157888,0.376147,0.315680,0.244603,0.187558,0.621484,0.435366,0.118867,0.061631,0.485125,0.475877,0.305781,0.294658,1.027785,0.803177,1.122664,0.000000,0.539612,0.273084,0.369897,0.335097,0.515294,0.467284,0.561195,0.505780,0.322790,0.323777,0.419327,0.277838,0.340003,0.249617,0.620351,0.654028,0.451391,0.459803,0.466202,0.474406,0.340816,0.214380,0.322812,0.188919,-0.030674,0.152615,0.444508,0.459756,0.429200,0.329773,0.186392,0.125463,0.459125,0.290297,0.496267,0.273555,0.367562,0.249025,0.508141,0.335960,0.646046,0.446365,0.311071,0.306291,0.514060,0.457446,0.268467,0.190043,0.333823,0.376678
0.124855,0.111566,0.195910,-0.008711,0.093443,0.088716,0.122439,-0.133001,0.055073,-0.128535,0.296184,0.039354,0.134587,-0.003126,0.124918,0.072721,0.262115,0.180876,0.125575,-0.009491,0.505839,0.468493,0.200073,0.046793,0.242453,0.162508,0.237900,0.080159,0.460755,0.346837,0.392306,0.315127,0.311597,0.266379,0.246628,0.122101,0.655693,0.601640,0.536426,0.539612,0.000000,0.515221,0.230765,0.267183,0.290608,0.246184,0.335046,0.284335,0.278061,0.286615,0.305693,0.193429,0.247024,0.129767,0.419588,0.317123,0.179755,0.067916,0.191057,0.150597,0.259889,-0.076111,0.129675,-0.013559,0.022880,0.037512,0.117203,0.140502,0.105525,-0.069210,0.185026,0.196118,0.517133,0.333807,0.470225,0.280641,0.247630,0.068083,0.223443,0.200708,0.166471,0.168360,0.207340,0.022342,0.146219,0.146905,0.053966,-0.034729,0.095752,0.034403
0.159238,0.063501,-0.015599,-0.058517,-0.004244,-0.049195,0.032160,-0.078699,0.071018,-0.017738,0.167539,-0.003208,0.105741,-0.145245,0.303398,0.067627,0.234399,-0.004564,0.048335,0.122371,0.426034,0.413986,0.059976,-0.016575,-0.129838,-0.018298,0.153231,0.214498,0.266457,0.227048,0.333817,0.367036,0.123557,0.137584,0.047415,-0.043014,0.216164,0.260574,0.297314,0.273084,0.515221,0.000000,-0.043390,0.018894,0.048245,0.035880,-0.001801,-0.010928,0.108142,0.115873,0.164744,0.175619,0.184618,0.196602,0.115885,0.120957,0.123987,0.111654,0.093377,0.119045,0.072255,-0.020954,0.054699,-0.084691,-0.044336,-0.006824,-0.056939,-0.078770,0.095332,0.003831,0.063271,0.116974,0.224791,0.104720,0.068904,0.017206,-0.038181,-0.029052,0.073996,0.176316,0.087630,0.126015,0.134772,0.067308,-0.006404,0.105583,0.246679,0.133737,-0.026530,0.031411
0.647762,0.637862,0.410195,0.483666,0.241021,0.309964,0.339303,0.306405,0.096058,0.156046,0.534587,0.564506,0.510711,0.561687,0.250853,0.369019,0.484083,0.691519,0.491020,0.502139,0.093114,0.145571,0.379047,0.434818,0.526008,0.351815,0.106944,0.096029,0.538753,0.475474,0.009293,-0.024791,0.565935,0.580990,0.370522,0.484060,0.506901,0.503455,0.386174,0.369897,0.230765,-0.043390,0.000000,1.735951,1.128676,1.252743,1.328855,1.362052,1.076796,1.146610,0.917504,0.804138,0.774568,0.668802,0.774194,0.817778,0.637293,0.572768,0.805179,0.759313,0.630752,0.477725,0.600972,0.567670,0.180472,0.496704,0.670129,0.719840,0.570068,0.501729,0.211979,0.076914,0.407117,0.370829,0.506358,0.269458,0.504010,0.435600,0.583039,0.460049,0.619123,0.599728,0.285923,0.512773,0.786462,0.743914,-0.070798,0.262863,0.711674,0.596174
0.640700,0.589457,0.383551,0.464637,0.258193,0.292329,0.328944,0.306256,0.100869,0.159851,0.563937,0.519807,0.507647,0.490265,0.246765,0.373605,0.478158,0.651063,0.439073,0.438950,0.125947,0.181020,0.363130,0.424207,0.494577,0.361228,0.113175,0.097758,0.568292,0.465316,0.044078,0.039524,0.535202,0.587837,0.303222,0.421819,0.479951,0.505548,0.329682,0.335097,0.267183,0.018894,1.735951,0.000000,0.954039,1.145763,1.173456,1.292393,1.032474,1.150507,0.918034,0.849255,0.786035,0.702703,0.768058,0.851272,0.638951,0.520199,0.686234,0.651782,0.616581,0.426429,0.517367,0.470986,0.142010,0.491568,0.572666,0.656240,0.512099,0.428524,0.186513,0.093045,0.379517,0.386682,0.478037,0.304186,0.458036,0.401821,0.582984,0.448779,0.577947,0.553250,0.272410,0.458539,0.656287,0.675872,-0.088742,0.274961,0.621978,0.532748
0.591681,0.762448,0.417709,0.374933,0.340799,0.383347,0.315585,0.179962,0.192578,0.194411,0.540514,0.468471,0.344615,0.481148,0.157469,0.277437,0.492040,0.736100,0.487539,0.489148,0.233881,0.138129,0.367998,0.352103,0.581037,0.507279,0.259778,0.218398,0.593954,0.595074,0.152844,0.093987,0.751165,0.726386,0.515445,0.555419,0.585005,0.510928,0.503529,0.515294,0.290608,0.048245,1.128676,0.954039,0.000000,1.833959,1.132400,1.138163,0.914289,0.938618,0.847904,0.665130,0.675546,0.557395,0.797027,0.844635,0.772575,0.752357,1.069599,1.066727,0.705625,0.507143,0.763505,0.653412,0.229207,0.413140,0.947809,1.007076,0.710817,0.636465,0.145897,-0.027424,0.385376,0.255989,0.461682,0.218469,0.351488,0.255203,0.655458,0.517837,0.656910,0.706935,0.365462,0.609147,0.821668,0.838751,0.054595,0.294240,0.632637,0.638379
0.654112,0.760620,0.372156,0.394355,0.305427,0.361636,0.278625,0.228328,0.138976,0.188362,0.567109,0.499554,0.359746,0.524240,0.155879,0.266668,0.533856,0.794415,0.501137,0.518290,0.161075,0.103849,0.331394,0.353811,0.502189,0.459279,0.197895,0.195928,0.610561,0.617219,0.096525,0.058920,0.700993,0.717843,0.428433,0.519600,0.547589,0.538043,0.454073,0.467284,0.246184,0.035880,1.252743,1.145763,1.833959,0.000000,1.275082,1.278704,0.998886,1.100886,0.912748,0.756339,0.744004,0.628080,0.822543,0.917510,0.804729,0.740140,1.050843,1.049264,0.688046,0.534349,0.770631,0.604503,0.167345,0.448241,0.859863,0.949609,0.698632,0.656928,0.114814,-0.036496,0.376580,0.251834,0.418497,0.204933,0.360231,0.291428,0.668577,0.562822,0.714117,0.745472,0.286734,0.566737,0.799861,0.865559,-0.026307,0.280906,0.643636,0.684294
0.605044,0.693265,0.341906,0.375786,0.185696,0.339016,0.225300,0.200884,0.056731,0.094318,0.505861,0.524804,0.406681,0.523725,0.177032,0.288983,0.454902,0.675452,0.396114,0.351874,0.110624,0.172889,0.322256,0.344772,0.519130,0.335305,0.125670,0.091191,0.611658,0.519629,-0.020059,-0.049549,0.607224,0.613338,0.344350,0.449283,0.659407,0.618682,0.609685,0.561195,0.335046,-0.001801,1.328855,1.173456,1.132400,1.275082,0.000000,1.581724,0.968782,1.056744,0.941765,0.750055,0.860034,0.627250,1.222683,1.314492,0.705221,0.603315,0.839003,0.872555,0.681158,0.467664,0.616099,0.505623,0.091615,0.444300,0.643346,0.759843,0.609005,0.520045,0.123333,-0.045124,0.479905,0.331907,0.523116,0.271532,0.382807,0.283347,0.617011,0.463897,0.631036,0.539374,0.341550,0.500031,0.802790,0.698509,-0.065178,0.288698,0.710882,0.630338
0.692521,0.696135,0.436147,0.480748,0.263717,0.415109,0.361843,0.279885,0.147509,0.223017,0.585009,0.566197,0.490355,0.537910,0.278718,0.424669,0.459177,0.722112,0.461910,0.430470,0.152860,0.154541,0.435958,0.469689,0.584750,0.432421,0.195459,0.169651,0.547733,0.476198,0.012553,-0.006043,0.609815,0.631990,0.418563,0.531519,0.571104,0.607546,0.497950,0.505780,0.284335,-0.010928,1.362052,1.292393,1.138163,1.278704,1.581724,0.000000,1.143143,1.170881,1.057000,0.840009,0.928809,0.735963,1.033227,1.201167,0.763203,0.686646,0.951378,0.961372,0.743187,0.539620,0.626585,0.546030,0.172448,0.496920,0.765780,0.851429,0.715391,0.681296,0.136455,-0.039778,0.448130,0.352099,0.511452,0.292203,0.457895,0.375584,0.659138,0.456484,0.649662,0.588864,0.339422,0.569371,0.834252,0.813797,-0.027432,0.326412,0.836009,0.788396
0.622338,0.627693,0.313712,0.410778,0.267735,0.317928,0.306815,0.290624,0.253653,0.234966,0.588291,0.723397,0.637959,0.621296,0.334845,0.522357,0.549755,0.612392,0.394595,0.436122,0.157155,0.132608,0.321378,0.411160,0.425269,0.275255,0.181119,0.115119,0.478631,0.468537,0.070540,0.100069,0.477172,0.490164,0.252557,0.347253,0.422654,0.418064,0.344830,0.322790,0.278061,0.108142,1.076796,1.032474,0.914289,0.998886,0.968782,1.143143,0.000000,1.586639,1.431244,1.421602,1.228233,1.155582,0.874090,0.875991,0.706586,0.671419,1.095420,0.979862,0.762904,0.529248,0.582827,0.551429,0.113522,0.491685,0.567936,0.604482,0.579477,0.588177,0.102055,0.022350,0.388293,0.367987,0.442917,0.301862,0.311999,0.262803,0.507812,0.384060,0.464807,0.484880,0.250565,0.552116,0.629358,0.659143,0.017729,0.292165,0.738470,0.661754
