0.000000,0.619701,0.550970,0.449365,0.235434,0.516171,0.738312,0.493015,0.428565,0.199718,1.191916,0.400868,1.305663,0.515014,-0.053637,0.574333,-0.298000,0.354615,0.686386,0.422325,0.193725,0.302094,0.336262,0.233403,0.336018,0.284214,0.495657,0.430579,0.121958,0.615798,0.565973,0.551881,0.637064,0.662803,0.246432,0.277375,0.383698,0.328058,0.123161,0.317350,0.153077,0.271822,0.397203,0.394868,0.402422,0.400399,0.411358,0.443751,0.363897,0.355344,0.440061,0.373730,0.395010,0.288088,0.461350,0.456323,0.668337,0.367110,0.509083,0.394023,0.574743,0.454593,0.167847,0.424970,0.456443,0.435133,0.586889,0.449180,0.257974,0.210490,0.182774,0.213755,0.493738,0.456404,0.452983,0.408453,0.547841,0.506524,-0.116593,0.358989,-0.205235,0.574379,-0.341451,0.274950,-0.135409,0.517156,0.080746,0.014535,0.567239,0.460248
0.619701,0.000000,0.599698,0.754331,0.115515,0.413515,0.645511,0.688478,0.289121,0.199910,0.221589,0.891798,0.382025,0.898804,0.269909,0.605700,0.337802,0.874452,0.625783,0.590592,0.316941,0.412054,0.398212,0.424832,0.232531,0.265465,0.290520,0.215149,0.576720,0.917858,0.561425,0.537833,0.757516,0.866420,0.267206,0.379043,0.541658,0.514353,-0.015197,0.426851,0.002276,0.435159,0.715273,0.625400,0.709888,0.822122,0.794006,0.787127,0.770175,0.898880,0.830131,0.787636,0.737585,0.648494,0.844564,0.912728,0.955204,1.242599,0.939544,0.774515,0.899357,0.997024,0.576978,1.003937,0.347891,0.628400,0.827763,0.767209,0.493498,0.579145,0.270496,0.103814,0.700613,0.818464,0.471281,0.535028,1.016594,0.932130,0.419549,0.773642,0.487715,0.879359,0.346247,0.545712,0.497539,0.884318,0.125604,0.139856,0.698293,0.801175
0.550970,0.599698,0.000000,1.159387,0.637134,0.650435,1.319998,1.049358,0.800005,0.464812,0.286199,0.759922,0.419316,0.802338,0.470346,0.886403,0.064255,0.247249,0.643835,0.665469,0.352227,0.385301,1.118754,0.883263,0.722053,0.672569,0.471593,0.493544,0.390019,0.447139,0.760096,0.791950,0.698943,0.882893,0.604484,0.622075,0.358048,0.124125,0.106964,0.289676,0.047759,0.343695,0.557666,0.454482,0.274672,0.372384,0.459014,0.509536,0.351541,0.478687,0.617525,0.618141,0.690509,0.561713,0.564609,0.507438,0.368065,0.417077,0.426894,0.326370,0.699977,0.631623,0.199224,0.432061,0.919627,0.826898,0.636469,0.723853,0.388606,0.531210,0.349639,0.186918,0.495612,0.452679,0.138588,0.338357,0.647028,0.650635,0.238724,0.352924,0.249547,0.470148,0.229156,0.298462,0.528202,0.820164,0.029832,-0.114962,0.743031,0.746990
0.449365,0.754331,1.159387,0.000000,0.493494,0.886533,0.887825,1.839995,0.611635,0.602458,0.186850,1.035881,0.277624,0.898693,0.363524,0.946827,0.106251,0.348979,0.561719,0.817830,0.344124,0.439679,0.960506,1.289098,0.720283,0.972458,0.418509,0.515748,0.340846,0.481640,0.802011,0.943730,0.564303,1.011626,0.647425,0.841804,0.464979,0.290092,0.169293,0.417136,0.011483,0.397357,0.698307,0.609726,0.331279,0.502563,0.617534,0.673390,0.348550,0.635067,0.602024,0.761004,0.771803,0.655018,0.669597,0.618953,0.502261,0.514623,0.364206,0.325366,0.590160,0.726088,0.126623,0.400437,0.634275,1.080285,0.536656,0.856442,0.468461,0.694112,0.416843,0.201824,0.531098,0.623755,0.193762,0.409071,0.782644,0.823245,0.322396,0.483156,0.326408,0.514966,0.261486,0.389632,0.523623,1.060302,0.059484,0.002190,0.736265,0.912116
0.235434,0.115515,0.637134,0.493494,0.000000,0.481892,0.645236,0.499379,1.315074,0.487970,0.187559,0.200880,0.214556,0.352397,0.164612,0.334915,-0.006966,-0.071211,0.282605,0.375222,0.087793,0.117458,0.514325,0.427323,1.213928,0.650768,0.348667,0.339088,0.123381,0.108321,0.285621,0.324348,0.279488,0.332318,0.304822,0.279338,0.211801,0.019328,0.182284,0.201791,0.071148,0.147998,0.152727,0.110554,-0.227379,-0.135066,0.083855,0.113888,-0.083403,-0.014106,0.084528,0.105773,0.319257,0.206377,0.145515,0.126411,0.077749,0.054877,-0.010856,0.144583,0.193985,0.178071,-0.054472,-0.060302,0.296355,0.300820,0.087994,0.273801,0.299727,0.324914,0.133208,0.050468,0.242821,0.176260,0.018231,0.207876,0.212424,0.293142,0.150510,0.119471,0.083823,0.154082,0.008034,0.008304,0.235770,0.248877,0.082886,-0.180429,0.354103,0.313413
0.516171,0.413515,0.650435,0.886533,0.481892,0.000000,0.556251,0.899055,0.635783,0.758456,0.464159,0.561911,0.499778,0.596990,0.283490,0.848137,-0.214427,0.183652,0.482041,0.612819,0.131429,0.401397,0.482230,0.657239,0.691742,0.950131,0.651245,0.837081,0.015756,0.322646,0.608079,0.664776,0.342940,0.634206,0.427720,0.633690,0.453475,0.474964,0.293526,0.635284,0.055381,0.473815,0.629617,0.545667,0.318336,0.397359,0.657623,0.700291,0.269248,0.538069,0.405570,0.465701,0.836086,0.723104,0.639412,0.670364,0.323098,0.282641,0.260357,0.137992,0.363260,0.493224,-0.113060,0.227917,0.365334,0.612469,0.404607,0.660748,0.433345,0.682799,0.343143,0.259167,0.348624,0.490785,0.225433,0.326912,0.585892,0.629509,0.036797,0.349706,-0.030716,0.393658,-0.076854,0.373996,0.105738,0.578629,0.060406,0.086208,0.861547,0.900265
0.738312,0.645511,1.319998,0.887825,0.645236,0.556251,0.000000,0.996687,0.797055,0.303606,0.430485,0.694618,0.584532,0.817259,0.331999,0.706326,0.070042,0.253088,0.623869,0.431567,0.378626,0.416314,0.772947,0.555610,0.632472,0.556645,0.485138,0.465010,0.466968,0.537325,0.761449,0.751463,0.776574,0.833156,0.431855,0.413220,0.291652,0.050921,0.042512,0.176718,0.154847,0.376887,0.486947,0.433605,0.289281,0.407637,0.381484,0.377066,0.414594,0.430813,0.584726,0.621050,0.488024,0.335668,0.441646,0.402820,0.437457,0.416642,0.440751,0.437624,0.793121,0.714060,0.266567,0.494177,0.869968,0.780641,0.684389,0.701882,0.280021,0.332569,0.381386,0.239179,0.659161,0.474557,0.256567,0.374867,0.548863,0.498409,0.171976,0.270812,0.198058,0.478215,0.114425,0.199748,0.409680,0.728013,-0.011478,-0.151817,0.606011,0.568680
0.493015,0.688478,1.049358,1.839995,0.499379,0.899055,0.996687,0.000000,0.614208,0.593930,0.272980,1.118333,0.358028,0.961217,0.266716,0.891854,0.036626,0.293571,0.441771,0.621259,0.345522,0.427377,0.802345,1.065356,0.685174,0.953220,0.352682,0.475077,0.284534,0.445376,0.807786,0.951018,0.479283,0.904873,0.543717,0.739213,0.378667,0.227975,0.084752,0.338714,0.035868,0.379727,0.627048,0.547763,0.292565,0.476912,0.525511,0.564514,0.344464,0.596745,0.556691,0.767820,0.653932,0.547767,0.585629,0.539160,0.464919,0.422311,0.328196,0.311187,0.629820,0.826281,0.060080,0.369714,0.664907,1.279790,0.482682,0.797709,0.339369,0.548573,0.425750,0.225017,0.560081,0.655013,0.210370,0.410132,0.695281,0.735074,0.207213,0.379814,0.215472,0.445902,0.149347,0.280988,0.418024,0.943675,0.050175,-0.053379,0.644921,0.774567
0.428565,0.289121,0.800005,0.611635,1.315074,0.635783,0.797055,0.614208,0.000000,0.440208,0.332905,0.396762,0.400926,0.422926,0.284827,0.552789,-0.096099,0.051469,0.372127,0.435172,0.191489,0.242754,0.637186,0.515066,0.881671,0.637116,0.614349,0.599754,0.157218,0.263198,0.470339,0.478827,0.303202,0.409083,0.370721,0.326899,0.378537,0.202868,0.254292,0.369334,0.139459,0.240904,0.241854,0.180868,-0.085039,0.006003,0.256272,0.273020,0.012591,0.122205,0.212621,0.201006,0.511568,0.333822,0.325698,0.333003,0.218546,0.232926,0.145897,0.234039,0.360912,0.314931,-0.028796,0.108682,0.482252,0.432698,0.230020,0.353049,0.347940,0.401450,0.203768,0.111351,0.296174,0.256965,0.098659,0.252976,0.349930,0.420693,0.139644,0.259362,0.082248,0.319121,-0.043495,0.110384,0.238087,0.448332,0.094403,-0.139272,0.624336,0.546953
0.199718,0.199910,0.464812,0.602458,0.487970,0.758456,0.303606,0.593930,0.440208,0.000000,0.199130,0.307072,0.225327,0.545799,0.140919,0.646149,-0.151582,0.020712,0.197707,0.485838,-0.095475,0.018869,0.341852,0.511108,0.550198,0.526825,0.019438,0.109244,-0.149622,0.100486,0.141961,0.206642,0.117832,0.281338,0.231155,0.384015,0.211136,0.287114,0.157539,0.424969,-0.060600,0.259901,0.392284,0.308960,0.060249,0.113249,0.375428,0.441422,0.113521,0.297324,0.188638,0.242193,0.590018,0.534821,0.417859,0.391608,0.067818,0.012824,0.179362,0.184160,0.209121,0.319401,-0.156759,-0.003991,0.141023,0.462426,0.160171,0.309727,0.339348,0.440732,0.078695,0.066239,0.217636,0.409159,0.048315,0.249395,0.471856,0.529867,-0.036064,0.151315,-0.016941,0.202855,0.000400,0.287185,0.113269,0.360734,0.242944,0.116151,0.620629,0.541637
1.191916,0.221589,0.286199,0.186850,0.187559,0.464159,0.430485,0.272980,0.332905,0.199130,0.000000,0.160666,1.571137,0.305141,-0.275226,0.343167,-0.653449,0.072420,0.394960,0.229469,0.069225,0.205972,0.109795,0.056377,0.256078,0.221939,0.404126,0.400149,-0.238865,0.278919,0.369099,0.352157,0.238906,0.293915,0.077012,0.142797,0.229583,0.271192,0.073118,0.236271,0.085777,0.112155,0.158552,0.172784,0.139155,0.142072,0.238135,0.286803,0.105171,0.118022,0.160825,0.119609,0.277659,0.218200,0.301464,0.298168,0.277887,0.017999,0.218957,0.184011,0.286192,0.264209,-0.137189,0.189030,0.245392,0.246482,0.268128,0.229989,0.066527,0.101140,0.096699,0.243907,0.172629,0.203555,0.270706,0.201190,0.245994,0.271683,-0.495146,0.092191,-0.666745,0.253843,-0.758873,0.093362,-0.545644,0.179982,0.057823,-0.021871,0.426245,0.284826
0.400868,0.891798,0.759922,1.035881,0.200880,0.561911,0.694618,1.118333,0.396762,0.307072,0.160666,0.000000,0.297203,1.101582,0.377574,0.844133,0.192333,0.553810,0.308673,0.489885,0.440919,0.438488,0.569655,0.719838,0.347333,0.535047,0.338188,0.332801,0.469185,0.631631,0.631751,0.651164,0.432326,0.750970,0.381033,0.516690,0.435657,0.354594,0.007040,0.322740,0.102668,0.309960,0.691930,0.603281,0.450312,0.696396,0.620443,0.605308,0.595877,0.807439,0.759551,0.915681,0.653172,0.532587,0.690475,0.672457,0.488056,0.613038,0.539873,0.449735,0.727710,1.086805,0.279297,0.709300,0.520231,1.138282,0.585924,0.792358,0.275985,0.475826,0.252643,0.096637,0.490037,0.697984,0.227346,0.363128,0.787482,0.757235,0.302650,0.500257,0.375782,0.537869,0.329210,0.400888,0.508966,0.928521,0.126734,0.066977,0.653846,0.775248
1.305663,0.382025,0.419316,0.277624,0.214556,0.499778,0.584532,0.358028,0.400926,0.225327,1.571137,0.297203,0.000000,0.515120,-0.183944,0.464982,-0.533904,0.255398,0.436676,0.278307,0.115146,0.226052,0.150179,0.091263,0.261209,0.226644,0.423310,0.370413,-0.059062,0.476896,0.418911,0.379815,0.370418,0.405743,0.072268,0.164638,0.296171,0.315414,0.034150,0.261143,0.178558,0.217617,0.258573,0.234472,0.282018,0.285718,0.349822,0.375468,0.251619,0.249703,0.278411,0.222065,0.402766,0.305039,0.405734,0.398800,0.443365,0.194604,0.408961,0.295660,0.501130,0.446382,0.032055,0.379174,0.317904,0.364381,0.436535,0.318476,0.137822,0.167905,0.031969,0.119787,0.260523,0.301753,0.271715,0.255335,0.348481,0.357670,-0.293284,0.242386,-0.436373,0.425776,-0.558377,0.217858,-0.369999,0.323445,0.087540,0.013041,0.564723,0.411975
0.515014,0.898804,0.802338,0.898693,0.352397,0.596990,0.817259,0.961217,0.422926,0.545799,0.305141,1.101582,0.515120,0.000000,0.315060,0.900737,0.216995,0.560814,0.410892,0.528871,0.288579,0.334186,0.451369,0.545545,0.475573,0.477906,0.189385,0.150962,0.466515,0.731144,0.527073,0.514557,0.586068,0.743066,0.227202,0.401053,0.444107,0.365313,-0.042441,0.293068,0.157819,0.387921,0.728294,0.625943,0.502003,0.700221,0.725715,0.680619,0.671930,0.818631,0.725338,0.831994,0.784519,0.599109,0.786407,0.718905,0.530096,0.563790,0.662919,0.547891,0.877720,1.182031,0.427991,0.813378,0.383705,0.862570,0.654430,0.761765,0.385267,0.506060,0.212286,0.069366,0.608779,0.743066,0.269255,0.418413,0.794126,0.784558,0.280790,0.510609,0.353665,0.688752,0.274768,0.534023,0.473163,0.867777,0.185278,0.044520,0.774477,0.826835
-0.053637,0.269909,0.470346,0.363524,0.164612,0.283490,0.331999,0.266716,0.284827,0.140919,-0.275226,0.377574,-0.183944,0.315060,0.000000,0.580912,0.516510,0.110978,0.205614,0.218031,0.188031,0.344605,0.384166,0.262149,0.204562,0.152264,0.391979,0.287493,0.542267,0.210242,0.223744,0.164848,0.325322,0.300833,0.280715,0.251082,0.196599,0.025125,0.130992,0.167222,0.059880,0.300453,0.385522,0.345529,0.214725,0.264583,0.297201,0.203720,0.341884,0.354196,0.443120,0.405764,0.366727,0.260739,0.350382,0.330689,0.036207,0.243784,0.277254,0.114409,0.294646,0.255323,0.318406,0.295457,0.383792,0.260813,0.355714,0.321008,0.267999,0.224909,0.212431,0.099783,0.256871,0.216241,0.048132,0.092000,0.257743,0.194882,0.385717,0.136026,0.589267,0.221131,0.623240,0.203834,0.830050,0.390748,-0.071294,-0.119721,0.416668,0.374703
0.574333,0.605700,0.886403,0.946827,0.334915,0.848137,0.706326,0.891854,0.552789,0.646149,0.343167,0.844133,0.464982,0.900737,0.580912,0.000000,-0.049286,0.327818,0.470851,0.637200,0.291168,0.428111,0.615324,0.697735,0.493690,0.542943,0.478739,0.517622,0.283594,0.593101,0.615233,0.593182,0.442962,0.648295,0.462916,0.568687,0.537212,0.407968,0.226301,0.476186,0.162999,0.384814,0.677131,0.574351,0.351830,0.486417,0.672375,0.677594,0.422825,0.602007,0.614247,0.614307,0.870988,0.696245,0.761056,0.695628,0.360885,0.373845,0.411993,0.219795,0.494945,0.593968,0.081389,0.426584,0.552212,0.757084,0.529587,0.613618,0.412127,0.564364,0.301360,0.219286,0.462183,0.603741,0.174085,0.413764,0.741901,0.753890,0.180439,0.500525,0.210282,0.631128,0.169085,0.526670,0.438996,1.016943,0.122396,0.027746,1.070052,0.990154
-0.298000,0.337802,0.064255,0.106251,-0.006966,-0.214427,0.070042,0.036626,-0.096099,-0.151582,-0.653449,0.192333,-0.533904,0.216995,0.516510,-0.049286,0.000000,0.386078,0.103798,0.092709,0.177391,0.028638,0.111307,0.015597,-0.026970,-0.103878,-0.148029,-0.283470,0.957291,0.293537,-0.031975,-0.072692,0.349310,0.201787,0.020976,-0.047443,0.057408,-0.087324,-0.136934,-0.102080,0.021200,0.095372,0.253101,0.246267,0.271285,0.263538,0.150033,0.038961,0.376169,0.284758,0.282402,0.274002,0.035726,-0.050310,0.092198,0.130125,0.206413,0.459632,0.308522,0.303996,0.331960,0.242482,0.932327,0.410029,0.032937,0.041079,0.227324,0.157115,0.288749,0.096546,0.038860,-0.164684,0.291190,0.188616,0.150080,0.056253,0.176181,0.079831,0.867758,0.226229,1.337463,0.249771,0.967830,0.097335,0.935768,0.164695,-0.019428,-0.062789,-0.085143,0.009659
0.354615,0.874452,0.247249,0.348979,-0.071211,0.183652,0.253088,0.293571,0.051469,0.020712,0.072420,0.553810,0.255398,0.560814,0.110978,0.327818,0.386078,0.000000,0.469525,0.411782,0.325667,0.272361,0.260727,0.230460,0.065325,0.124540,0.171418,0.039139,0.665893,1.012134,0.426510,0.382120,0.618495,0.659609,0.179769,0.163462,0.614831,0.567290,0.038416,0.308439,0.240504,0.230473,0.642855,0.638794,0.735202,0.788030,0.697299,0.654993,0.701938,0.671260,0.726818,0.591834,0.494470,0.333223,0.603494,0.701016,0.965809,1.209205,0.718077,0.426627,0.580802,0.622747,0.761289,0.988924,0.225535,0.254393,0.575126,0.504498,0.415657,0.408218,0.025357,-0.089950,0.486722,0.691588,0.418364,0.465662,0.694015,0.662466,0.587759,1.001929,0.540632,1.063209,0.275929,0.455039,0.397593,0.678373,0.141995,0.166056,0.400609,0.523512
0.686386,0.625783,0.643835,0.561719,0.282605,0.482041,0.623869,0.441771,0.372127,0.197707,0.394960,0.308673,0.436676,0.410892,0.205614,0.470851,0.103798,0.469525,0.000000,1.091356,0.126274,0.333965,0.550627,0.386558,0.297459,0.271231,0.440654,0.392370,0.406557,0.637294,0.633789,0.604117,1.115536,0.900990,0.414350,0.358994,0.425638,0.403772,0.267439,0.443009,0.050023,0.357075,0.619969,0.633625,0.542016,0.502067,0.637503,0.736645,0.379170,0.459588,0.506811,0.358331,0.620293,0.533106,0.592934,0.618128,0.511357,0.597105,0.406949,0.289825,0.402773,0.315198,0.389176,0.497747,0.386642,0.218836,0.729061,0.730976,0.742039,0.746546,0.435778,0.344195,0.546784,0.419051,0.482959,0.420980,0.648496,0.599751,0.239302,0.551050,0.215482,0.685127,0.138227,0.499663,0.265384,0.549902,0.028012,0.096079,0.543339,0.670576
0.422325,0.590592,0.665469,0.817830,0.375222,0.612819,0.431567,0.621259,0.435172,0.485838,0.229469,0.489885,0.278307,0.528871,0.218031,0.637200,0.092709,0.411782,1.091356,0.000000,0.044918,0.217736,0.590769,0.636734,0.400283,0.441071,0.297568,0.343438,0.270308,0.538545,0.524552,0.548337,0.705003,0.808589,0.443263,0.512368,0.472760,0.528738,0.266495,0.582641,-0.052827,0.299801,0.619789,0.589491,0.411181,0.419297,0.686966,0.854473,0.238773,0.486126,0.382944,0.333126,0.834655,0.779384,0.671212,0.688282,0.439595,0.536715,0.347003,0.271431,0.348427,0.383931,0.205108,0.366095,0.279255,0.433772,0.539925,0.737077,1.010012,1.134015,0.317640,0.230176,0.364785,0.459108,0.286725,0.398826,0.769911,0.831334,0.326365,0.661851,0.285927,0.606317,0.240328,0.592488,0.309867,0.632674,0.174155,0.143281,0.667605,0.896446
0.193725,0.316941,0.352227,0.344124,0.087793,0.131429,0.378626,0.345522,0.191489,-0.095475,0.069225,0.440919,0.115146,0.288579,0.188031,0.291168,0.177391,0.325667,0.126274,0.044918,0.000000,0.469926,0.489568,0.399597,0.192140,0.285459,0.309990,0.245399,0.524924,0.373226,0.536583,0.554932,0.181527,0.398797,0.356487,0.235909,0.360227,0.073678,-0.013847,0.042598,0.400040,0.033766,0.259822,0.303728,0.150478,0.353046,0.167284,0.196385,0.282832,0.230858,0.418547,0.416927,0.162680,0.002045,0.150291,0.216873,0.230437,0.297213,0.034516,-0.012520,0.189167,0.261551,0.183617,0.364303,0.492775,0.276217,0.138087,0.276222,0.038580,0.062194,0.104014,-0.049920,0.313034,0.360056,0.171437,0.286741,0.263418,0.183395,0.278991,0.271623,0.283348,0.460276,0.143604,0.071533,0.366171,0.532168,0.023551,-0.056466,0.182051,0.185919
0.302094,0.412054,0.385301,0.439679,0.117458,0.401397,0.416314,0.427377,0.242754,0.018869,0.205972,0.438488,0.226052,0.334186,0.344605,0.428111,0.028638,0.272361,0.333965,0.217736,0.469926,0.000000,0.353924,0.315262,0.248988,0.374801,0.512577,0.562877,0.368394,0.423902,0.731079,0.660445,0.351885,0.390927,0.301522,0.420450,0.522545,0.288337,0.372941,0.419878,0.284159,0.432828,0.445717,0.477732,0.277818,0.381374,0.422024,0.390361,0.302320,0.365723,0.481715,0.498893,0.352041,0.266697,0.487896,0.432023,0.270242,0.319695,0.200479,0.070083,0.209762,0.264503,0.070744,0.329391,0.310537,0.269397,0.358628,0.456320,0.211472,0.293829,0.393480,0.356063,0.440313,0.350788,0.211759,0.295681,0.359540,0.439568,0.126155,0.310960,0.149441,0.351528,0.129061,0.281417,0.290394,0.527732,0.022695,0.026901,0.469365,0.474413
0.336262,0.398212,1.118754,0.960506,0.514325,0.482230,0.772947,0.802345,0.637186,0.341852,0.109795,0.569655,0.150179,0.451369,0.384166,0.615324,0.111307,0.260727,0.550627,0.590769,0.489568,0.353924,0.000000,1.204794,0.700812,0.749403,0.443503,0.408603,0.404069,0.364528,0.903934,1.005471,0.564871,0.876098,0.965058,0.761643,0.455414,0.157741,0.250191,0.288147,0.106408,0.255241,0.452219,0.433218,0.150088,0.260814,0.335713,0.406993,0.155157,0.284798,0.486328,0.480550,0.480822,0.322912,0.395934,0.395921,0.305499,0.370106,0.122950,0.112387,0.342954,0.340071,0.139151,0.242098,0.972173,0.540904,0.352545,0.565742,0.355005,0.414741,0.376054,0.200118,0.472416,0.436241,0.214014,0.349915,0.544715,0.579771,0.322439,0.408525,0.319994,0.491613,0.249810,0.196193,0.567852,0.744076,0.118814,-0.076917,0.518644,0.531946
0.233403,0.424832,0.883263,1.289098,0.427323,0.657239,0.555610,1.065356,0.515066,0.511108,0.056377,0.719838,0.091263,0.545545,0.262149,0.697735,0.015597,0.230460,0.386558,0.636734,0.399597,0.315262,1.204794,0.000000,0.687628,1.046903,0.310768,0.427870,0.206839,0.291972,0.732741,0.925013,0.327825,0.751758,0.769669,0.830280,0.470647,0.268702,0.267399,0.354138,0.064969,0.197154,0.501650,0.448462,0.150794,0.326135,0.445670,0.567643,0.149404,0.402081,0.447898,0.558979,0.639774,0.527784,0.481810,0.448503,0.317906,0.365169,0.114263,0.075735,0.268190,0.417060,-0.023150,0.189135,0.605553,0.699061,0.275994,0.623096,0.336498,0.594915,0.344395,0.158985,0.299367,0.411309,0.081870,0.336901,0.542288,0.652229,0.318927,0.462260,0.273782,0.430890,0.238163,0.304472,0.471843,0.857409,0.090957,0.037703,0.531528,0.721356
0.336018,0.232531,0.722053,0.720283,1.213928,0.691742,0.632472,0.685174,0.881671,0.550198,0.256078,0.347333,0.261209,0.475573,0.204562,0.493690,-0.026970,0.065325,0.297459,0.400283,0.192140,0.248988,0.700812,0.687628,0.000000,1.116386,0.433158,0.464583,0.132799,0.194678,0.508211,0.576396,0.351468,0.538267,0.472473,0.534581,0.389014,0.146267,0.224533,0.310120,0.034147,0.249462,0.365100,0.324941,-0.068983,0.067091,0.267855,0.273669,0.072557,0.194381,0.300090,0.375306,0.428874,0.310582,0.317213,0.296365,0.248511,0.162841,0.081676,0.169258,0.233783,0.276768,-0.072494,0.013208,0.382105,0.449868,0.162468,0.390215,0.291399,0.355978,0.291767,0.169170,0.378886,0.340993,0.131384,0.294391,0.360804,0.455467,0.152243,0.206314,0.096144,0.264007,0.009852,0.099743,0.268333,0.433171,0.086417,-0.173943,0.444385,0.432226
0.284214,0.265465,0.672569,0.972458,0.650768,0.950131,0.556645,0.953220,0.637116,0.526825,0.221939,0.535047,0.226644,0.477906,0.152264,0.542943,-0.103878,0.124540,0.271231,0.441071,0.285459,0.374801,0.749403,1.046903,1.116386,0.000000,0.488636,0.715720,0.077180,0.194635,0.711345,0.851801,0.266190,0.615422,0.567517,0.721107,0.528478,0.306463,0.340062,0.422600,0.120274,0.246988,0.474907,0.409297,0.093015,0.264594,0.422988,0.471358,0.102694,0.332751,0.352299,0.506250,0.565083,0.428203,0.391188,0.396369,0.284705,0.236930,0.073437,0.092719,0.223110,0.378497,-0.170044,0.069290,0.405510,0.609175,0.231203,0.582038,0.320346,0.512204,0.381521,0.238797,0.287943,0.343835,0.038096,0.262366,0.416563,0.553301,0.176956,0.309551,0.098316,0.275205,0.025746,0.207490,0.227849,0.595075,0.086420,0.035867,0.518556,0.643402
0.495657,0.290520,0.471593,0.418509,0.348667,0.651245,0.485138,0.352682,0.614349,0.019438,0.404126,0.338188,0.423310,0.189385,0.391979,0.478739,-0.148029,0.171418,0.440654,0.297568,0.309990,0.512577,0.443503,0.310768,0.433158,0.488636,0.000000,1.144378,0.188521,0.342027,0.567758,0.564701,0.365873,0.509179,0.409494,0.338580,0.459153,0.309329,0.312740,0.435464,0.161579,0.338614,0.357663,0.327025,0.223357,0.289467,0.377270,0.345344,0.179134,0.275199,0.346273,0.290138,0.434414,0.322808,0.411494,0.461312,0.298695,0.304246,0.210136,0.068886,0.226092,0.209999,0.035338,0.253161,0.388716,0.264568,0.399427,0.452102,0.219650,0.301180,0.255720,0.210708,0.213123,0.231511,0.172461,0.186416,0.317583,0.300312,0.060549,0.215364,-0.003279,0.320358,-0.091220,0.183634,0.113218,0.388468,-0.035682,-0.019998,0.615726,0.518793
0.430579,0.215149,0.493544,0.515748,0.339088,0.837081,0.465010,0.475077,0.599754,0.109244,0.400149,0.332801,0.370413,0.150962,0.287493,0.517622,-0.283470,0.039139,0.392370,0.343438,0.245399,0.562877,0.408603,0.427870,0.464583,0.715720,1.144378,0.000000,0.022726,0.203998,0.637699,0.640886,0.218443,0.382184,0.371962,0.392755,0.407497,0.306581,0.344520,0.429004,0.106089,0.290745,0.299284,0.242965,0.113624,0.183800,0.330333,0.352955,0.036984,0.194578,0.231084,0.216100,0.459505,0.366926,0.326642,0.379724,0.211640,0.225476,0.092684,0.032058,0.178171,0.177350,-0.186682,0.134120,0.364807,0.332844,0.283870,0.402761,0.278708,0.422220,0.431050,0.385835,0.135297,0.131997,0.080869,0.187816,0.287710,0.317642,-0.002667,0.230861,-0.073785,0.221038,-0.131470,0.176795,0.035101,0.403857,-0.129848,-0.038560,0.573339,0.586833
0.121958,0.576720,0.390019,0.340846,0.123381,0.015756,0.466968,0.284534,0.157218,-0.149622,-0.238865,0.469185,-0.059062,0.466515,0.542267,0.283594,0.957291,0.665893,0.406557,0.270308,0.524924,0.368394,0.404069,0.206839,0.132799,0.077180,0.188521,0.022726,0.000000,0.859774,0.390721,0.323896,0.699161,0.529380,0.241884,0.106980,0.364894,0.096978,0.053211,0.081727,0.343629,0.275803,0.581207,0.602033,0.537461,0.588715,0.421211,0.321351,0.655666,0.515745,0.660394,0.586111,0.221606,0.100033,0.328679,0.365251,0.474840,0.707004,0.408151,0.232771,0.475856,0.397887,0.880330,0.679071,0.365176,0.195944,0.515827,0.426303,0.351752,0.234835,0.130563,-0.042846,0.575946,0.425558,0.285851,0.269358,0.366996,0.290013,0.947040,0.573373,1.125903,0.655587,0.763332,0.322787,0.945438,0.565751,-0.014270,-0.037908,0.190612,0.277393
0.615798,0.917858,0.447139,0.481640,0.108321,0.322646,0.537325,0.445376,0.263198,0.100486,0.278919,0.631631,0.476896,0.731144,0.210242,0.593101,0.293537,1.012134,0.637294,0.538545,0.373226,0.423902,0.364528,0.291972,0.194678,0.194635,0.342027,0.203998,0.859774,0.000000,0.574804,0.493979,0.787493,0.754434,0.215124,0.187822,0.677089,0.568615,0.132355,0.386461,0.374694,0.338563,0.735145,0.746466,0.683887,0.772559,0.786257,0.728496,0.728158,0.708644,0.771621,0.652665,0.589141,0.401806,0.666914,0.729490,0.784920,0.880032,0.664594,0.404178,0.619433,0.636053,0.603493,0.889752,0.322404,0.365724,0.698802,0.596217,0.442890,0.433899,0.062692,-0.030885,0.648881,0.668717,0.430742,0.481190,0.671720,0.639971,0.581168,1.026860,0.504373,1.140068,0.230717,0.577812,0.389638,0.822390,0.138945,0.094059,0.586710,0.651031
0.565973,0.561425,0.760096,0.802011,0.285621,0.608079,0.761449,0.807786,0.470339,0.141961,0.369099,0.631751,0.418911,0.527073,0.223744,0.615233,-0.031975,0.426510,0.633789,0.524552,0.536583,0.731079,0.903934,0.732741,0.508211,0.711345,0.567758,0.637699,0.390721,0.574804,0.000000,1.820469,0.666334,0.926036,0.686725,0.730172,0.700451,0.409626,0.312139,0.481906,0.208766,0.410746,0.556527,0.589063,0.366548,0.479233,0.525392,0.608197,0.217016,0.380936,0.498713,0.540479,0.486990,0.343631,0.526324,0.539938,0.536605,0.557387,0.180398,0.146093,0.403458,0.446722,0.086542,0.379305,0.793755,0.556448,0.425194,0.636570,0.420904,0.494253,0.567148,0.357236,0.649723,0.544924,0.371529,0.507655,0.606847,0.735981,0.244543,0.581472,0.194515,0.640437,0.061756,0.261107,0.330097,0.802538,0.118552,-0.043570,0.601194,0.689223
0.551881,0.537833,0.791950,0.943730,0.324348,0.664776,0.751463,0.951018,0.478827,0.206642,0.352157,0.651164,0.379815,0.514557,0.164848,0.593182,-0.072692,0.382120,0.604117,0.548337,0.554932,0.660445,1.005471,0.925013,0.576396,0.851801,0.564701,0.640886,0.323896,0.493979,1.820469,0.000000,0.595746,1.003011,0.756323,0.806103,0.622513,0.367148,0.285973,0.440508,0.208427,0.377713,0.561300,0.595653,0.342455,0.492921,0.487869,0.598953,0.210792,0.390835,0.487399,0.572274,0.455049,0.338692,0.493890,0.508757,0.545431,0.505979,0.136936,0.096045,0.342078,0.437677,0.028098,0.312837,0.788106,0.607637,0.386006,0.684224,0.373379,0.488489,0.542008,0.343650,0.585126,0.538132,0.321743,0.526210,0.595080,0.699689,0.218003,0.543788,0.151765,0.599851,0.044975,0.255757,0.298323,0.810285,0.126476,0.000763,0.540888,0.644192
0.637064,0.757516,0.698943,0.564303,0.279488,0.342940,0.776574,0.479283,0.303202,0.117832,0.238906,0.432326,0.370418,0.586068,0.325322,0.442962,0.349310,0.618495,1.115536,0.705003,0.181527,0.351885,0.564871,0.327825,0.351468,0.266190,0.365873,0.218443,0.699161,0.787493,0.666334,0.595746,0.000000,1.194693,0.443112,0.403955,0.443875,0.304081,0.186350,0.306019,0.134721,0.402617,0.661922,0.695847,0.686020,0.659306,0.602264,0.571631,0.581116,0.563356,0.665723,0.565204,0.452384,0.329003,0.577783,0.539956,0.691393,0.721477,0.636193,0.427841,0.679380,0.549435,0.715104,0.708551,0.493749,0.363152,0.999496,0.859177,0.581460,0.507248,0.296656,0.143551,0.736894,0.562011,0.471548,0.435623,0.699668,0.637419,0.451497,0.526915,0.440607,0.702995,0.282206,0.434672,0.466507,0.644704,0.047686,0.041443,0.470159,0.547205
0.662803,0.866420,0.882893,1.011626,0.332318,0.634206,0.833156,0.904873,0.409083,0.281338,0.293915,0.750970,0.405743,0.743066,0.300833,0.648295,0.201787,0.659609,0.900990,0.808589,0.398797,0.390927,0.876098,0.751758,0.538267,0.615422,0.509179,0.382184,0.529380,0.754434,0.926036,1.003011,1.194693,0.000000,0.731752,0.735384,0.528207,0.397873,0.120874,0.384454,0.091072,0.366745,0.741897,0.749247,0.647650,0.769957,0.682191,0.734069,0.523983,0.662316,0.743990,0.739765,0.625636,0.479447,0.651888,0.688172,0.760105,0.759167,0.539962,0.364011,0.684984,0.757668,0.443804,0.658123,0.728379,0.706530,0.838403,1.079225,0.510317,0.603193,0.326257,0.119022,0.705821,0.780520,0.458995,0.562188,0.901116,0.824841,0.398428,0.613634,0.356502,0.799623,0.216308,0.426412,0.445579,0.899073,0.119763,0.074071,0.588836,0.717825
0.246432,0.267206,0.604484,0.647425,0.304822,0.427720,0.431855,0.543717,0.370721,0.231155,0.077012,0.381033,0.072268,0.227202,0.280715,0.462916,0.020976,0.179769,0.414350,0.443263,0.356487,0.301522,0.965058,0.769669,0.472473,0.567517,0.409494,0.371962,0.241884,0.215124,0.686725,0.756323,0.443112,0.731752,0.000000,1.073988,0.417303,0.278509,0.309505,0.331521,0.072203,0.210210,0.397466,0.406644,0.228119,0.271917,0.289454,0.368607,0.107469,0.253483,0.347280,0.313569,0.297286,0.263886,0.273391,0.296200,0.159454,0.267431,-0.001175,-0.042259,0.189002,0.200205,0.039982,0.141740,0.816099,0.408361,0.295753,0.511086,0.252679,0.356470,0.369786,0.246050,0.323637,0.341875,0.155522,0.236875,0.466958,0.468439,0.159348,0.294843,0.165993,0.337329,0.228584,0.244863,0.400870,0.613364,0.208311,0.224889,0.400960,0.397172
0.277375,0.379043,0.622075,0.841804,0.279338,0.633690,0.413220,0.739213,0.326899,0.384015,0.142797,0.516690,0.164638,0.401053,0.251082,0.568687,-0.047443,0.163462,0.358994,0.512368,0.235909,0.420450,0.761643,0.830280,0.534581,0.721107,0.338580,0.392755,0.106980,0.187822,0.730172,0.806103,0.403955,0.735384,1.073988,0.000000,0.395812,0.342355,0.288947,0.442808,-0.054406,0.329940,0.419923,0.400374,0.250554,0.300635,0.382267,0.484757,0.102205,0.346646,0.304003,0.367041,0.446512,0.448215,0.390620,0.399423,0.278430,0.299370,0.119196,0.124587,0.304123,0.381613,-0.038263,0.160919,0.653172,0.676537,0.344763,0.634327,0.377367,0.511304,0.443387,0.257577,0.308835,0.399781,0.110331,0.314088,0.553361,0.658098,0.145701,0.300928,0.114469,0.282297,0.167399,0.284921,0.288721,0.573666,0.146790,0.175280,0.526592,0.558639
0.383698,0.541658,0.358048,0.464979,0.211801,0.453475,0.291652,0.378667,0.378537,0.211136,0.229583,0.435657,0.296171,0.444107,0.196599,0.537212,0.057408,0.614831,0.425638,0.472760,0.360227,0.522545,0.455414,0.470647,0.389014,0.528478,0.459153,0.407497,0.364894,0.677089,0.700451,0.622513,0.443875,0.528207,0.417303,0.395812,0.000000,0.882799,0.633907,0.806512,0.416381,0.347089,0.694798,0.664847,0.419799,0.529097,0.835111,0.809876,0.388766,0.499834,0.583189,0.527687,0.691388,0.477581,0.820651,0.788720,0.537840,0.621887,0.330180,0.155796,0.221182,0.320280,0.167168,0.401456,0.213659,0.197456,0.418929,0.533892,0.465822,0.543592,0.184959,0.081714,0.466230,0.521368,0.238482,0.331525,0.624486,0.831886,0.365682,0.800266,0.277655,0.719881,0.141868,0.563964,0.341894,0.726019,0.399517,0.271400,0.777970,0.823460
0.328058,0.514353,0.124125,0.290092,0.019328,0.474964,0.050921,0.227975,0.202868,0.287114,0.271192,0.354594,0.315414,0.365313,0.025125,0.407968,-0.087324,0.567290,0.403772,0.528738,0.073678,0.288337,0.157741,0.268702,0.146267,0.306463,0.309329,0.306581,0.096978,0.568615,0.409626,0.367148,0.304081,0.397873,0.278509,0.342355,0.882799,0.000000,0.460619,1.039613,0.175619,0.357551,0.604167,0.589410,0.492149,0.531590,0.855575,0.935462,0.357751,0.562505,0.431893,0.358491,0.741898,0.650010,0.759884,0.958790,0.436730,0.592540,0.398698,0.247475,0.217156,0.344724,0.104771,0.412885,0.013077,0.153065,0.414799,0.512440,0.573506,0.668893,0.137298,0.130918,0.273916,0.494625,0.254807,0.374970,0.683318,0.843696,0.173717,0.703532,0.107168,0.604230,0.051977,0.653408,0.046392,0.513469,0.387721,0.405077,0.757869,0.804043
0.123161,-0.015197,0.106964,0.169293,0.182284,0.293526,0.042512,0.084752,0.254292,0.157539,0.073118,0.007040,0.034150,-0.042441,0.130992,0.226301,-0.136934,0.038416,0.267439,0.266495,-0.013847,0.372941,0.250191,0.267399,0.224533,0.340062,0.312740,0.344520,0.053211,0.132355,0.312139,0.285973,0.186350,0.120874,0.309505,0.288947,0.633907,0.460619,0.000000,0.754510,0.510574,0.436658,0.291628,0.348190,0.024863,0.033588,0.278947,0.311633,-0.031515,0.076438,0.141578,0.089600,0.237824,0.134460,0.332932,0.259305,0.034143,0.051957,-0.090294,-0.155989,-0.196994,-0.146565,-0.156647,-0.076758,0.030550,-0.127855,0.120405,0.229557,0.317601,0.294419,0.219246,0.177847,0.176241,0.043020,-0.017831,0.077245,0.145009,0.299002,0.171624,0.272004,0.038813,0.141278,0.106277,0.353450,0.096522,0.271873,0.310792,0.270550,0.418020,0.412950
0.317350,0.426851,0.289676,0.417136,0.201791,0.635284,0.176718,0.338714,0.369334,0.424969,0.236271,0.322740,0.261143,0.293068,0.167222,0.476186,-0.102080,0.308439,0.443009,0.582641,0.042598,0.419878,0.288147,0.354138,0.310120,0.422600,0.435464,0.429004,0.081727,0.386461,0.481906,0.440508,0.306019,0.384454,0.331521,0.442808,0.806512,1.039613,0.754510,0.000000,0.112792,0.627903,0.689037,0.614905,0.408421,0.428859,0.779343,0.861023,0.323986,0.553790,0.444521,0.411766,0.751556,0.738481,0.847708,0.926792,0.332639,0.431303,0.317851,0.176775,0.148772,0.227624,-0.032589,0.206762,0.114966,0.192588,0.437247,0.531798,0.632241,0.685099,0.280918,0.201542,0.332878,0.452837,0.279787,0.393678,0.691529,0.852144,0.157105,0.509905,0.098348,0.401132,0.142180,0.632453,0.125837,0.478926,0.430650,0.396493,0.849270,0.841456
0.153077,0.002276,0.047759,0.011483,0.071148,0.055381,0.154847,0.035868,0.139459,-0.060600,0.085777,0.102668,0.178558,0.157819,0.059880,0.162999,0.021200,0.240504,0.050023,-0.052827,0.400040,0.284159,0.106408,0.064969,0.034147,0.120274,0.161579,0.106089,0.343629,0.374694,0.208766,0.208427,0.134721,0.091072,0.072203,-0.054406,0.416381,0.175619,0.510574,0.112792,0.000000,0.142434,0.142729,0.221967,0.051121,0.156631,0.098660,0.095854,0.155707,0.040387,0.223258,0.154468,0.043371,-0.229679,0.070752,0.053833,0.060416,0.040799,0.014203,-0.124488,0.014190,0.083921,0.145497,0.222360,0.104789,-0.068048,0.127874,0.153970,0.088649,-0.036734,-0.097000,-0.079855,0.234759,0.088035,-0.051904,0.075968,0.036134,0.063651,0.246592,0.294981,0.144564,0.365766,0.084135,0.194435,0.129008,0.323066,0.156850,0.089661,0.176048,0.151395
0.271822,0.435159,0.343695,0.397357,0.147998,0.473815,0.376887,0.379727,0.240904,0.259901,0.112155,0.309960,0.217617,0.387921,0.300453,0.384814,0.095372,0.230473,0.357075,0.299801,0.033766,0.432828,0.255241,0.197154,0.249462,0.246988,0.338614,0.290745,0.275803,0.338563,0.410746,0.377713,0.402617,0.366745,0.210210,0.329940,0.347089,0.357551,0.436658,0.627903,0.142434,0.000000,0.532200,0.526490,0.337923,0.332087,0.420414,0.415752,0.339833,0.465709,0.401904,0.396643,0.376716,0.369675,0.519977,0.555775,0.346464,0.354854,0.281819,0.093492,0.305304,0.286721,0.156664,0.269130,0.191109,0.214468,0.351915,0.341757,0.316256,0.327268,0.294017,0.201677,0.608177,0.493992,0.380903,0.342093,0.412952,0.454170,0.203769,0.257236,0.234184,0.285945,0.270899,0.399634,0.295807,0.434531,0.184312,0.054809,0.542059,0.444053
0.397203,0.715273,0.557666,0.698307,0.152727,0.629617,0.486947,0.627048,0.241854,0.392284,0.158552,0.691930,0.258573,0.728294,0.385522,0.677131,0.253101,0.642855,0.619969,0.619789,0.259822,0.445717,0.452219,0.501650,0.365100,0.474907,0.357663,0.299284,0.581207,0.735145,0.556527,0.561300,0.661922,0.741897,0.397466,0.419923,0.694798,0.604167,0.291628,0.689037,0.142729,0.532200,0.000000,1.719531,1.030312,1.129093,1.387964,1.115134,1.095176,1.360931,1.158862,1.066213,0.770018,0.749445,1.002615,1.091929,0.601112,0.682406,0.608895,0.244207,0.426444,0.541895,0.359289,0.566462,0.292767,0.439019,0.795752,0.834018,0.585808,0.681683,0.261888,0.143664,0.546579,0.722942,0.370099,0.429106,0.837890,0.823285,0.363963,0.640923,0.428872,0.742738,0.411639,0.763042,0.486672,0.843488,0.230076,0.299929,0.685045,0.820048
0.394868,0.625400,0.454482,0.609726,0.110554,0.545667,0.433605,0.547763,0.180868,0.308960,0.172784,0.603281,0.234472,0.625943,0.345529,0.574351,0.246267,0.638794,0.633625,0.589491,0.303728,0.477732,0.433218,0.448462,0.324941,0.409297,0.327025,0.242965,0.602033,0.746466,0.589063,0.595653,0.695847,0.749247,0.406644,0.400374,0.664847,0.589410,0.348190,0.614905,0.221967,0.526490,1.719531,0.000000,0.944126,1.023954,1.137671,0.978544,0.959335,1.115791,1.064260,0.977019,0.594142,0.519856,0.873480,0.947285,0.552718,0.595992,0.494847,0.184798,0.351731,0.444237,0.359140,0.521002,0.325421,0.359357,0.664717,0.732503,0.532299,0.560308,0.255654,0.161825,0.597993,0.698024,0.449851,0.467067,0.748338,0.700587,0.354811,0.632748,0.390534,0.740046,0.337858,0.641988,0.433653,0.798616,0.215248,0.251821,0.581083,0.670122
0.402422,0.709888,0.274672,0.331279,-0.227379,0.318336,0.289281,0.292565,-0.085039,0.060249,0.139155,0.450312,0.282018,0.502003,0.214725,0.351830,0.271285,0.735202,0.542016,0.411181,0.150478,0.277818,0.150088,0.150794,-0.068983,0.093015,0.223357,0.113624,0.537461,0.683887,0.366548,0.342455,0.686020,0.647650,0.228119,0.250554,0.419799,0.492149,0.024863,0.408421,0.051121,0.337923,1.030312,0.944126,0.000000,1.571352,1.061126,0.909391,1.115635,1.179374,0.832485,0.746005,0.492115,0.544614,0.695203,0.805675,0.757933,0.788606,0.803700,0.305681,0.484367,0.516419,0.561674,0.692521,0.221264,0.294545,0.943264,0.704554,0.423312,0.492041,0.110368,0.039471,0.349308,0.513997,0.355860,0.316810,0.625074,0.529796,0.355894,0.585522,0.382726,0.691890,0.332744,0.680348,0.288656,0.537660,0.092877,0.402266,0.376236,0.534432
0.400399,0.822122,0.372384,0.502563,-0.135066,0.397359,0.407637,0.476912,0.006003,0.113249,0.142072,0.696396,0.285718,0.700221,0.264583,0.486417,0.263538,0.788030,0.502067,0.419297,0.353046,0.381374,0.260814,0.326135,0.067091,0.264594,0.289467,0.183800,0.588715,0.772559,0.479233,0.492921,0.659306,0.769957,0.271917,0.300635,0.529097,0.531590,0.033588,0.428859,0.156631,0.332087,1.129093,1.023954,1.571352,0.000000,1.192254,1.002346,1.275926,1.420984,1.057744,1.117113,0.593863,0.571619,0.836078,0.920417,0.745785,0.808595,0.779216,0.334852,0.471625,0.668610,0.482198,0.801112,0.264243,0.424204,0.990165,0.928718,0.367097,0.508666,0.167962,0.072641,0.435481,0.658511,0.320048,0.378348,0.726922,0.627259,0.364918,0.629031,0.425572,0.791850,0.377618,0.765315,0.391544,0.767459,0.140938,0.397444,0.457371,0.661992
0.411358,0.794006,0.459014,0.617534,0.083855,0.657623,0.381484,0.525511,0.256272,0.375428,0.238135,0.620443,0.349822,0.725715,0.297201,0.672375,0.150033,0.697299,0.637503,0.686966,0.167284,0.422024,0.335713,0.445670,0.267855,0.422988,0.377270,0.330333,0.421211,0.786257,0.525392,0.487869,0.602264,0.682191,0.289454,0.382267,0.835111,0.855575,0.278947,0.779343,0.098660,0.420414,1.387964,1.137671,1.061126,1.192254,0.000000,1.600589,0.929711,1.321005,0.931927,0.898515,1.033628,0.958305,1.338339,1.355780,0.686661,0.809336,0.709887,0.344487,0.415898,0.570512,0.302841,0.620642,0.170093,0.374697,0.851842,0.877901,0.611273,0.860176,0.249038,0.150827,0.433101,0.666004,0.317432,0.375548,0.815781,0.902454,0.341791,0.762595,0.342390,0.826499,0.273947,0.923476,0.345307,0.799729,0.218875,0.357741,0.813274,1.083659
0.443751,0.787127,0.509536,0.673390,0.113888,0.700291,0.377066,0.564514,0.273020,0.441422,0.286803,0.605308,0.375468,0.680619,0.203720,0.677594,0.038961,0.654993,0.736645,0.854473,0.196385,0.390361,0.406993,0.567643,0.273669,0.471358,0.345344,0.352955,0.321351,0.728496,0.608197,0.598953,0.571631,0.734069,0.368607,0.484757,0.809876,0.935462,0.311633,0.861023,0.095854,0.415752,1.115134,0.978544,0.909391,1.002346,1.600589,0.000000,0.695566,1.054985,0.793940,0.734635,1.173889,1.122971,1.135718,1.313665,0.650634,0.811101,0.588358,0.312288,0.389175,0.557175,0.219060,0.585035,0.222163,0.399677,0.768330,0.959211,0.726786,1.117124,0.265591,0.188052,0.387280,0.613528,0.277867,0.442419,0.889041,1.050222,0.330421,0.900115,0.271499,0.856574,0.249960,0.923999,0.279027,0.793302,0.236836,0.379590,0.863630,1.263017
0.363897,0.770175,0.351541,0.348550,-0.083403,0.269248,0.414594,0.344464,0.012591,0.113521,0.105171,0.595877,0.251619,0.671930,0.341884,0.422825,0.376169,0.701938,0.379170,0.238773,0.282832,0.302320,0.155157,0.149404,0.072557,0.102694,0.179134,0.036984,0.655666,0.728158,0.217016,0.210792,0.581116,0.523983,0.107469,0.102205,0.388766,0.357751,-0.031515,0.323986,0.155707,0.339833,1.095176,0.959335,1.115635,1.275926,0.929711,0.695566,0.000000,1.432952,1.384255,1.170758,0.533624,0.496229,0.766292,0.842830,0.551684,0.655965,0.955626,0.413742,0.580448,0.662423,0.620398,0.851142,0.207288,0.339591,0.996670,0.706078,0.263860,0.313478,0.047506,-0.036654,0.461078,0.592146,0.349184,0.309863,0.639296,0.491044,0.304534,0.458147,0.424875,0.637050,0.406578,0.616263,0.447921,0.621229,0.095735,0.278655,0.411114,0.477168
