0.000000,1.272616,0.663427,0.622712,0.471438,0.404682,0.516513,0.511286,0.381845,0.308197,0.653966,0.455577,0.471245,0.233669,0.352076,0.400053,0.586550,0.408159,0.812648,1.129447,-0.088456,-0.174676,0.349101,0.324133,0.103561,0.448833,0.442611,0.443491,0.079288,0.104212,0.235575,0.390649,0.367098,0.598000,0.279222,0.052228,0.277369,0.561110,0.341016,0.109667,-0.139206,-0.027046,0.352796,0.326855,0.717968,0.624848,0.640894,0.566910,0.644238,0.782039,0.628327,0.620673,0.532663,0.492832,0.640014,0.522822,1.272172,1.137720,1.213689,0.921483,0.847333,0.667442,0.818826,0.743441,0.006838,0.220203,0.585854,0.440991,1.002633,0.699484,-0.276341,-0.231751,0.380488,0.336665,0.278568,0.140801,0.130054,-0.018706,-0.007334,0.059355,0.241402,0.147946,0.177359,0.011947,0.612011,0.633295,0.661628,0.563769,0.433657,0.844217
1.272616,0.000000,0.582648,0.631245,0.268205,0.372851,0.458166,0.519443,0.367974,0.233274,0.541705,0.457406,0.357227,0.192165,0.250775,0.363294,0.670265,0.651042,0.799588,1.136105,-0.144815,-0.238606,0.325433,0.218871,-0.136004,0.272063,0.449348,0.370206,0.036618,0.167877,0.046276,0.289689,0.326674,0.569879,0.211575,-0.019869,0.209054,0.536823,0.403363,0.214527,-0.114175,0.038728,0.407770,0.380695,0.844177,0.688637,0.698063,0.606085,0.766567,0.884534,0.718609,0.664143,0.486231,0.470682,0.805088,0.711892,1.426743,1.983873,1.234301,1.076568,0.767474,0.613631,0.891371,0.922603,0.047937,0.067706,0.643062,0.495545,1.118129,0.817355,-0.394408,-0.221199,0.251243,0.246077,0.215564,0.082694,0.073790,-0.036063,-0.011962,0.148537,0.309882,0.220771,0.279632,0.147419,0.657875,0.770549,0.816112,0.812193,0.503046,0.828103
0.663427,0.582648,0.000000,1.185927,0.443565,0.707361,1.492278,0.953878,0.483314,0.579908,0.387046,0.245661,0.458149,0.280883,0.439768,0.492507,0.169752,0.181790,1.148130,0.815788,0.099334,0.186605,1.214685,1.088100,0.247313,0.354637,0.155340,0.481279,-0.204695,-0.161835,0.329846,0.528544,0.443458,0.612270,0.682829,0.227371,0.386632,0.678612,0.125881,-0.079962,-0.267038,-0.198414,0.548247,0.358580,0.557267,0.593184,0.598792,0.424413,0.447778,0.558625,0.682708,0.600629,0.562853,0.337677,0.603848,0.478646,0.366656,0.452063,0.579122,0.396451,0.516937,0.449067,0.479208,0.388746,0.496060,0.459438,0.953324,0.720183,0.829926,0.748606,-0.274900,-0.178537,0.700630,0.685824,0.757084,0.725629,0.608162,0.332892,-0.262180,-0.037410,0.039353,-0.038744,-0.017454,-0.192198,0.580924,0.675539,0.374676,0.343441,0.567525,0.706261
0.622712,0.631245,1.185927,0.000000,0.455762,0.724658,1.224652,1.438777,0.686085,0.572899,0.468771,0.386166,0.345158,0.455680,0.423942,0.659438,0.227693,0.283645,0.974915,0.836308,-0.115252,0.120110,0.885692,0.809478,0.094665,0.431396,0.177639,0.434442,-0.165818,-0.077111,0.302053,0.492324,0.409195,0.665582,0.598308,0.229783,0.686794,0.829946,0.354308,-0.001473,-0.133905,-0.195367,0.534817,0.429939,0.561749,0.727458,0.616634,0.456104,0.472281,0.626777,0.690017,0.744310,0.466862,0.220451,0.812766,0.591618,0.362309,0.497060,0.603199,0.514650,0.571206,0.652385,0.604212,0.484022,0.461403,0.550302,0.853641,0.753811,0.726097,0.630737,-0.220615,-0.056310,0.656156,0.638737,0.764380,0.753779,0.553042,0.317122,-0.251023,-0.069894,0.010878,0.006666,0.048373,-0.140209,0.566164,0.781562,0.542011,0.475006,0.706662,0.770410
0.471438,0.268205,0.443565,0.455762,0.000000,0.840030,0.362309,0.483334,0.966467,0.685559,0.548658,0.391286,0.592117,0.505714,0.576297,0.563347,0.171221,-0.045487,0.414325,0.507184,-0.005333,0.110722,0.415768,0.325374,0.460733,0.734819,0.220087,0.399165,-0.056938,-0.134822,0.412843,0.376313,0.342590,0.417854,0.344692,0.093828,0.449671,0.398123,0.167645,-0.031829,-0.184016,-0.128491,0.447352,0.294227,0.413903,0.502548,0.469730,0.383906,0.414810,0.474120,0.458128,0.505814,0.339140,0.317006,0.377834,0.301534,0.252951,0.264721,0.476001,0.526476,0.483646,0.466335,0.498968,0.216981,0.254456,0.287896,0.602037,0.621800,0.388689,0.412911,0.042568,0.069633,0.505537,0.507499,0.535302,0.374743,0.307032,0.165016,-0.175707,-0.263497,-0.063124,-0.132426,-0.013793,-0.198494,0.303013,0.288877,0.319607,0.245298,0.263371,0.484698
0.404682,0.372851,0.707361,0.724658,0.840030,0.000000,0.610416,0.759325,1.063855,1.029750,0.272714,0.341872,0.429720,0.429710,0.452642,0.597113,0.183830,0.061376,0.572537,0.506650,-0.083619,0.231033,0.578934,0.515263,0.307070,0.546406,0.334104,0.609852,-0.250410,-0.155638,0.173081,0.250422,0.269935,0.404920,0.450565,0.193578,0.551442,0.675262,0.265309,0.058319,-0.128016,-0.099434,0.843045,0.597941,0.646014,0.779764,0.827626,0.652207,0.730715,0.749749,0.817467,0.901782,0.687362,0.593683,0.727991,0.572035,0.287085,0.380975,0.611021,0.566616,0.462626,0.449348,0.545229,0.288843,0.297411,0.294209,0.922887,0.865199,0.522587,0.686507,-0.190802,-0.086244,0.476629,0.572230,0.649388,0.625531,0.487963,0.360418,-0.287800,-0.191448,-0.015963,-0.089675,0.122090,-0.140205,0.500037,0.570501,0.435755,0.395999,0.483798,0.631344
0.516513,0.458166,1.492278,1.224652,0.362309,0.610416,0.000000,1.112268,0.492877,0.540590,0.452955,0.330408,0.501695,0.405639,0.525084,0.604040,0.130890,0.222384,0.988739,0.669057,0.078788,0.169819,1.202305,0.989577,0.144460,0.289194,0.077396,0.376968,-0.139905,-0.104608,0.362562,0.562290,0.470281,0.629165,0.798447,0.249806,0.420994,0.668913,0.145018,-0.116225,-0.224359,-0.198551,0.550711,0.349285,0.500499,0.581065,0.494248,0.343908,0.351143,0.479570,0.644331,0.574173,0.547041,0.238083,0.568121,0.407944,0.214064,0.331884,0.487452,0.303079,0.558794,0.513182,0.439418,0.420907,0.676640,0.640420,0.933274,0.723787,0.618721,0.620549,-0.227608,-0.123925,0.786208,0.772290,0.850400,0.829490,0.667651,0.344126,-0.207145,-0.016207,0.032044,0.002138,-0.019598,-0.189133,0.523213,0.626711,0.346829,0.301385,0.645526,0.659501
0.511286,0.519443,0.953878,1.438777,0.483334,0.759325,1.112268,0.000000,0.661425,0.619254,0.479658,0.627963,0.513859,0.705316,0.512928,0.835708,0.227137,0.247506,0.822057,0.717648,-0.039316,0.241462,0.841485,0.814034,0.124628,0.360368,0.105671,0.372649,-0.099784,-0.004595,0.372604,0.562342,0.483982,0.762371,0.676155,0.193829,0.694818,0.917096,0.335326,0.059477,-0.139940,-0.133671,0.592029,0.457863,0.588099,0.714482,0.600928,0.480766,0.485906,0.634347,0.691333,0.813912,0.586950,0.325620,0.769626,0.558403,0.263315,0.409903,0.523220,0.476652,0.641306,0.867570,0.544464,0.479492,0.564703,0.804439,0.838812,0.861678,0.589307,0.598108,-0.143483,-0.017814,0.861334,0.943416,0.976391,0.828399,0.610251,0.388524,-0.216210,-0.105546,0.040303,0.017797,0.035003,-0.162420,0.594995,0.742246,0.444803,0.450111,0.817662,0.789486
0.381845,0.367974,0.483314,0.686085,0.966467,1.063855,0.492877,0.661425,0.000000,0.827756,0.399411,0.312976,0.513105,0.476615,0.598908,0.716749,0.142954,0.049615,0.416917,0.417254,-0.349448,-0.003168,0.412890,0.257357,0.096384,0.377650,0.212712,0.314069,-0.167301,-0.148049,0.100261,0.127818,0.135959,0.259672,0.319632,0.124228,0.574494,0.579375,0.485723,0.206437,-0.052834,-0.092549,0.678341,0.541546,0.525278,0.726161,0.652247,0.582516,0.607155,0.675390,0.707603,0.746757,0.393826,0.334993,0.788056,0.708764,0.229846,0.320859,0.517587,0.548894,0.418612,0.415543,0.490864,0.258928,0.230256,0.178283,0.686496,0.659199,0.388781,0.479712,-0.020465,0.110102,0.379170,0.381391,0.656479,0.482860,0.351552,0.276164,-0.316637,-0.244628,-0.140306,-0.156734,0.178445,-0.090126,0.343974,0.405784,0.663922,0.575793,0.511492,0.509450
0.308197,0.233274,0.579908,0.572899,0.685559,1.029750,0.540590,0.619254,0.827756,0.000000,0.113127,0.212016,0.329281,0.334114,0.463140,0.620499,0.089507,-0.065345,0.454408,0.323900,-0.094795,0.162851,0.521558,0.452379,0.289653,0.429785,0.251678,0.427059,-0.268808,-0.228203,0.196833,0.175669,0.246205,0.301050,0.422858,0.254383,0.266443,0.610600,0.239884,0.115873,-0.187820,-0.073074,0.674570,0.448703,0.374225,0.530394,0.649916,0.516153,0.595991,0.578698,0.648888,0.764528,0.673276,0.528657,0.547977,0.507228,0.150897,0.219170,0.445818,0.414837,0.341370,0.406427,0.380281,0.157285,0.329039,0.365477,0.659305,0.721520,0.433124,0.581794,-0.208474,-0.213919,0.377340,0.476322,0.639378,0.643311,0.525385,0.422399,-0.293965,-0.149425,-0.059828,-0.126902,0.076504,-0.160656,0.267015,0.361264,0.304648,0.380319,0.464788,0.536613
0.653966,0.541705,0.387046,0.468771,0.548658,0.272714,0.452955,0.479658,0.399411,0.113127,0.000000,0.828679,0.874534,0.706970,0.748817,0.541764,0.605891,0.531594,0.444306,0.703980,0.233055,-0.044332,0.335324,0.294172,0.216916,0.571080,0.346408,0.382652,0.531955,0.433475,0.398646,0.682705,0.617589,0.741263,0.397401,-0.044459,0.359939,0.289358,0.263150,-0.001660,0.085223,0.102528,0.295866,0.171377,0.437192,0.470149,0.245832,0.224272,0.225388,0.504132,0.400401,0.381590,0.268427,0.110912,0.344654,0.207094,0.472189,0.509431,0.600871,0.536364,0.960778,0.801279,0.774390,0.782043,0.348023,0.505104,0.406795,0.247989,0.391813,0.194732,0.072555,0.096343,0.673025,0.539260,0.479455,0.161761,0.110617,-0.173111,0.328364,0.211059,0.417891,0.360453,0.185119,0.137812,0.479873,0.404811,0.431286,0.345289,0.239003,0.456070
0.455577,0.457406,0.245661,0.386166,0.391286,0.341872,0.330408,0.627963,0.312976,0.212016,0.828679,0.000000,0.752145,0.946025,0.451355,0.506614,0.498174,0.523052,0.275334,0.495693,0.143931,0.040646,0.205795,0.188225,0.151262,0.366256,0.243006,0.242782,0.416740,0.501702,0.221246,0.504187,0.585952,0.765092,0.270998,-0.185724,0.337292,0.331146,0.254680,0.196049,0.170430,0.282280,0.339380,0.276694,0.512259,0.473392,0.274545,0.323106,0.361802,0.528938,0.465744,0.463793,0.463548,0.303701,0.376432,0.283859,0.332385,0.441510,0.510279,0.468114,0.902501,1.022863,0.738449,0.793591,0.348003,0.590923,0.325404,0.288979,0.251808,0.146108,-0.028019,0.060371,0.587175,0.641139,0.450941,0.185881,0.159710,-0.043246,0.279764,0.192875,0.456642,0.460412,0.207533,0.236438,0.470928,0.430507,0.292210,0.354337,0.381713,0.465620
0.471245,0.357227,0.458149,0.345158,0.592117,0.429720,0.501695,0.513859,0.513105,0.329281,0.874534,0.752145,0.000000,0.764926,0.878230,0.570002,0.301955,0.250646,0.342626,0.512287,0.123872,-0.031770,0.447448,0.448421,0.296061,0.290286,0.154942,0.170532,0.305290,0.254526,0.366605,0.683684,0.638130,0.705028,0.532504,-0.107958,0.200733,0.272801,0.211974,0.057345,0.022886,0.125202,0.512678,0.289400,0.524879,0.447328,0.295268,0.312009,0.364674,0.443406,0.543623,0.404287,0.427265,0.334504,0.317111,0.286841,0.275812,0.325050,0.456987,0.386271,0.721737,0.557295,0.478626,0.464633,0.507223,0.492379,0.547552,0.394487,0.262875,0.196568,-0.062105,-0.055532,0.681395,0.658355,0.625334,0.277413,0.276100,-0.002063,0.114479,0.071713,0.285628,0.233028,0.100179,0.034811,0.482346,0.380776,0.295139,0.371986,0.330051,0.452625
0.233669,0.192165,0.280883,0.455680,0.505714,0.429710,0.405639,0.705316,0.476615,0.334114,0.706970,0.946025,0.764926,0.000000,0.845293,0.985900,0.388496,0.362569,0.321496,0.460290,0.147088,0.171218,0.444929,0.437762,0.256122,0.421832,0.178842,0.232614,0.363560,0.424408,0.377462,0.653886,0.694001,0.765821,0.490962,0.119748,0.523722,0.413206,0.279112,0.062625,0.200778,0.156099,0.561651,0.439882,0.478822,0.569956,0.347743,0.349137,0.349075,0.496187,0.453551,0.486652,0.291884,0.169751,0.362041,0.204560,0.077574,0.182144,0.246729,0.286871,0.532153,0.744740,0.475182,0.477235,0.591800,0.798704,0.401050,0.385838,0.090570,0.057282,0.092985,0.155125,0.749417,0.782120,0.734834,0.404466,0.383252,0.164801,0.254006,0.165699,0.335890,0.386391,0.214459,0.127810,0.542278,0.524267,0.262682,0.287985,0.441523,0.438687
0.352076,0.250775,0.439768,0.423942,0.576297,0.452642,0.525084,0.512928,0.598908,0.463140,0.748817,0.451355,0.878230,0.845293,0.000000,0.996368,0.476295,0.394316,0.486104,0.474276,0.206095,0.203104,0.621617,0.502856,0.303234,0.437598,0.296523,0.390627,0.446988,0.371729,0.354858,0.538489,0.567980,0.551950,0.669857,0.262026,0.454528,0.459119,0.328939,0.070316,0.166894,0.111974,0.651219,0.523638,0.536629,0.636778,0.483438,0.478203,0.387925,0.561733,0.595585,0.558718,0.358708,0.229600,0.443014,0.329129,0.181467,0.243861,0.323843,0.347984,0.484958,0.545698,0.466103,0.462451,0.612471,0.589481,0.531845,0.379633,0.206029,0.181456,0.172521,0.156822,0.646688,0.569862,0.716972,0.437790,0.517526,0.254588,0.250097,0.260491,0.331414,0.327147,0.383951,0.159713,0.649067,0.512464,0.425798,0.325980,0.433216,0.478078
0.400053,0.363294,0.492507,0.659438,0.563347,0.597113,0.604040,0.835708,0.716749,0.620499,0.541764,0.506614,0.570002,0.985900,0.996368,0.000000,0.344284,0.269529,0.490950,0.538423,0.000314,0.189806,0.556703,0.483084,0.176100,0.422484,0.200514,0.414374,0.145664,0.196295,0.390395,0.441654,0.449642,0.550107,0.527967,0.307720,0.588811,0.619757,0.318702,0.034004,-0.031091,-0.098628,0.762639,0.615976,0.579226,0.739490,0.634969,0.565987,0.543196,0.675979,0.615173,0.723151,0.371847,0.248218,0.586706,0.406438,0.207653,0.317364,0.379900,0.435398,0.509353,0.693454,0.520261,0.417265,0.423947,0.614854,0.594111,0.550612,0.280549,0.276995,0.062452,0.156737,0.671273,0.735241,0.826344,0.558741,0.516197,0.330639,0.011871,0.038572,0.117962,0.121806,0.208508,-0.051738,0.550671,0.593490,0.512456,0.398761,0.617576,0.599825
0.586550,0.670265,0.169752,0.227693,0.171221,0.183830,0.130890,0.227137,0.142954,0.089507,0.605891,0.498174,0.301955,0.388496,0.476295,0.344284,0.000000,1.264002,0.427908,0.631784,0.257105,0.066746,0.091828,0.127512,0.146073,0.321124,0.593360,0.484489,0.768522,0.891985,-0.034888,0.349386,0.504438,0.610991,0.225558,0.101879,0.172751,0.324823,0.450376,0.434847,0.424835,0.574598,0.457604,0.588509,0.689259,0.695523,0.600699,0.675789,0.582745,0.739070,0.562537,0.600873,0.406733,0.433111,0.546121,0.492680,0.826863,0.834211,0.617909,0.676537,0.567573,0.547443,0.888480,1.009065,0.119879,0.250071,0.303154,0.197747,0.416281,0.314367,-0.010310,-0.043247,0.236675,0.164715,0.126439,-0.016632,0.075629,-0.075024,0.743299,0.796100,1.097699,0.944016,0.920669,0.734526,0.766796,0.729609,0.484387,0.476915,0.252529,0.580677
0.408159,0.651042,0.181790,0.283645,-0.045487,0.061376,0.222384,0.247506,0.049615,-0.065345,0.531594,0.523052,0.250646,0.362569,0.394316,0.269529,1.264002,0.000000,0.385899,0.522277,0.229199,-0.031851,0.176722,0.140732,-0.027062,0.187589,0.525394,0.329232,0.742090,0.999715,-0.168744,0.313760,0.478406,0.580987,0.260999,-0.042684,0.150903,0.277994,0.430149,0.411132,0.477880,0.618537,0.402997,0.490243,0.630281,0.598273,0.429134,0.479684,0.474902,0.589735,0.544297,0.478598,0.323951,0.277969,0.512544,0.469534,0.606884,0.745263,0.499688,0.505874,0.514809,0.486826,0.778329,1.163021,0.268121,0.255730,0.254166,0.090828,0.330719,0.193592,-0.100154,-0.045071,0.239895,0.147988,0.121795,-0.013327,0.090293,-0.147743,0.806570,1.057711,1.143657,1.189349,0.826957,0.891802,0.757495,0.737171,0.487188,0.480985,0.317132,0.475187
0.812648,0.799588,1.148130,0.974915,0.414325,0.572537,0.988739,0.822057,0.416917,0.454408,0.444306,0.275334,0.342626,0.321496,0.486104,0.490950,0.427908,0.385899,0.000000,1.261180,0.085551,0.168275,1.053283,0.853105,0.118903,0.393246,0.306237,0.475891,-0.076416,-0.037689,0.310170,0.530527,0.558819,0.749279,0.644083,0.307573,0.424782,0.748488,0.197864,-0.056606,-0.222362,-0.143598,0.513552,0.384878,0.696877,0.712936,0.750168,0.510094,0.487456,0.733812,0.646153,0.663124,0.563635,0.411422,0.669606,0.487391,0.632681,0.742709,0.755091,0.646053,0.484359,0.552525,0.603878,0.595501,0.528998,0.441669,0.988004,0.858716,1.138981,1.048220,-0.271152,-0.208863,0.639712,0.585762,0.585960,0.619091,0.567752,0.350974,-0.104407,0.071240,0.215005,0.109290,0.155691,-0.048243,0.796257,0.901888,0.462244,0.411021,0.519553,0.908816
1.129447,1.136105,0.815788,0.836308,0.507184,0.506650,0.669057,0.717648,0.417254,0.323900,0.703980,0.495693,0.512287,0.460290,0.474276,0.538423,0.631784,0.522277,1.261180,0.000000,0.056267,-0.019538,0.659375,0.606049,0.146166,0.512828,0.393893,0.479547,0.059601,0.121383,0.388992,0.695458,0.718312,0.998238,0.487636,0.093364,0.416264,0.593056,0.262511,-0.031477,-0.147107,-0.069865,0.482990,0.369711,0.819890,0.732899,0.680072,0.519153,0.593677,0.821367,0.636109,0.633731,0.466220,0.375923,0.624910,0.458625,0.934009,1.091374,0.961868,0.910629,0.712606,0.691226,0.860808,0.829183,0.328090,0.357441,0.863867,0.718332,1.113406,0.865051,-0.313024,-0.231060,0.609438,0.563873,0.482803,0.352720,0.281544,0.060624,0.022216,0.102694,0.340535,0.249608,0.171276,0.019316,0.794555,0.911123,0.569068,0.542870,0.444876,0.947997
-0.088456,-0.144815,0.099334,-0.115252,-0.005333,-0.083619,0.078788,-0.039316,-0.349448,-0.094795,0.233055,0.143931,0.123872,0.147088,0.206095,0.000314,0.257105,0.229199,0.085551,0.056267,0.000000,0.552101,0.189301,0.284622,0.538028,0.293427,0.112531,0.358771,0.455580,0.333611,0.329404,0.419890,0.431036,0.309656,0.346602,0.173516,-0.028448,-0.068113,-0.322041,-0.133941,0.110407,0.278229,0.019479,-0.059996,-0.073194,-0.050877,-0.096781,-0.058093,-0.222565,-0.066627,-0.078567,-0.094967,0.069043,-0.063088,-0.279468,-0.357641,-0.123328,-0.088446,-0.111891,-0.163437,0.158450,0.120670,0.052182,0.192247,0.353024,0.398142,0.010766,-0.026841,-0.054383,-0.081275,0.255622,0.091820,0.345563,0.352356,0.128786,0.114847,0.191830,0.054254,0.490029,0.443919,0.443459,0.410029,0.023503,0.222593,0.112436,0.046499,-0.409772,-0.337875,-0.173712,-0.047084
-0.174676,-0.238606,0.186605,0.120110,0.110722,0.231033,0.169819,0.241462,-0.003168,0.162851,-0.044332,0.040646,-0.031770,0.171218,0.203104,0.189806,0.066746,-0.031851,0.168275,-0.019538,0.552101,0.000000,0.293115,0.366473,0.430730,0.126599,-0.204414,0.249075,0.024085,-0.001198,0.212831,0.135864,0.092281,0.098314,0.353574,0.394580,0.432216,0.330235,-0.109665,-0.001127,0.063336,0.042366,0.139939,0.195004,0.006086,0.119343,0.114765,0.116749,-0.080579,-0.036568,0.027550,0.081252,0.166905,0.009455,0.005542,-0.083010,-0.298805,-0.224813,-0.243606,-0.180085,-0.065512,0.136675,-0.017670,0.006950,0.294127,0.382449,0.148476,0.279892,-0.057509,0.110577,0.450657,0.333638,0.453048,0.511852,0.432575,0.624693,0.689492,0.680694,-0.059029,-0.015254,0.046432,-0.001376,0.032098,-0.097335,0.235852,0.182137,-0.253724,-0.273340,0.054080,0.154496
0.349101,0.325433,1.214685,0.885692,0.415768,0.578934,1.202305,0.841485,0.412890,0.521558,0.335324,0.205795,0.447448,0.444929,0.621617,0.556703,0.091828,0.176722,1.053283,0.659375,0.189301,0.293115,0.000000,1.287678,0.210929,0.307215,0.088101,0.317384,-0.136915,-0.133461,0.389338,0.621842,0.569105,0.623478,0.829114,0.290193,0.419366,0.623640,0.083713,-0.129058,-0.229430,-0.154928,0.544253,0.341305,0.444074,0.508667,0.468019,0.305139,0.293354,0.396578,0.545661,0.455495,0.430062,0.234839,0.429444,0.309913,0.117463,0.236658,0.329604,0.230847,0.296499,0.379071,0.304512,0.292237,0.854436,0.570268,0.826199,0.707634,0.549985,0.580421,-0.154959,-0.098549,0.757738,0.744015,0.830013,0.873578,0.721308,0.424752,-0.174903,0.018262,0.054311,0.000115,0.008131,-0.149851,0.584214,0.609336,0.292197,0.262568,0.488720,0.584954
0.324133,0.218871,1.088100,0.809478,0.325374,0.515263,0.989577,0.814034,0.257357,0.452379,0.294172,0.188225,0.448421,0.437762,0.502856,0.483084,0.127512,0.140732,0.853105,0.606049,0.284622,0.366473,1.287678,0.000000,0.468578,0.366050,0.029864,0.357119,-0.068657,-0.063660,0.480496,0.806387,0.624900,0.739630,0.858503,0.249645,0.383376,0.552707,0.019443,-0.150060,-0.152392,-0.135259,0.467753,0.303953,0.373768,0.438753,0.388615,0.266343,0.223633,0.306799,0.436292,0.415052,0.390207,0.248760,0.301040,0.203884,0.107852,0.165932,0.235321,0.140423,0.268419,0.328792,0.251303,0.229453,0.765617,0.732719,0.689191,0.618293,0.452849,0.417762,-0.170259,-0.173438,0.832357,0.809028,0.777720,0.787482,0.620776,0.303812,-0.093608,0.046937,0.119494,0.060988,-0.061039,-0.178986,0.587256,0.673789,0.141537,0.172783,0.362720,0.557248
0.103561,-0.136004,0.247313,0.094665,0.460733,0.307070,0.144460,0.124628,0.096384,0.289653,0.216916,0.151262,0.296061,0.256122,0.303234,0.176100,0.146073,-0.027062,0.118903,0.146166,0.538028,0.430730,0.210929,0.468578,0.000000,0.687633,0.043410,0.376692,0.188023,0.113256,0.477017,0.441270,0.356010,0.318112,0.383173,0.234096,0.182361,0.108452,-0.187245,-0.166306,0.061489,0.037139,0.178582,0.119975,0.079107,0.142913,0.108096,0.121790,0.066388,0.100652,0.122228,0.157219,0.215927,0.183098,-0.083042,-0.155473,-0.066864,-0.082522,0.000956,0.026381,0.225508,0.193099,0.148439,0.063331,0.207882,0.395368,0.184910,0.160824,-0.038970,-0.006052,0.189981,0.068016,0.392134,0.414669,0.303121,0.274497,0.330481,0.171780,0.157836,0.094065,0.159973,0.141271,-0.064097,-0.098042,0.189189,0.131000,-0.231820,-0.219340,-0.074877,0.101754
0.448833,0.272063,0.354637,0.431396,0.734819,0.546406,0.289194,0.360368,0.377650,0.429785,0.571080,0.366256,0.290286,0.421832,0.437598,0.422484,0.321124,0.187589,0.393246,0.512828,0.293427,0.126599,0.307215,0.366050,0.687633,0.000000,0.517211,0.695785,0.184550,0.133916,0.598807,0.574623,0.493379,0.536277,0.454094,0.212229,0.373655,0.287493,0.058779,-0.248371,-0.109586,-0.146769,0.294290,0.133921,0.294368,0.384210,0.319917,0.230577,0.270977,0.448255,0.293997,0.427682,0.262778,0.163152,0.229576,0.028896,0.300348,0.317630,0.477613,0.483403,0.513320,0.481332,0.516815,0.356016,0.201526,0.414595,0.445488,0.363999,0.336622,0.247361,-0.005517,-0.011909,0.397986,0.392267,0.337475,0.254061,0.225066,0.008699,0.125800,0.031876,0.124768,0.109157,-0.032549,-0.110800,0.271289,0.295642,0.194026,0.072057,0.099973,0.340973
0.442611,0.449348,0.155340,0.177639,0.220087,0.334104,0.077396,0.105671,0.212712,0.251678,0.346408,0.243006,0.154942,0.178842,0.296523,0.200514,0.593360,0.525394,0.306237,0.393893,0.112531,-0.204414,0.088101,0.029864,0.043410,0.517211,0.000000,0.862024,0.383786,0.456431,-0.104198,0.183055,0.303055,0.322066,0.121038,-0.003149,0.046505,0.289133,0.413483,0.278146,0.207901,0.376496,0.401977,0.343600,0.428496,0.425068,0.489477,0.440807,0.536519,0.627521,0.549109,0.577723,0.424427,0.455935,0.467316,0.362051,0.595993,0.545315,0.643765,0.571431,0.395638,0.308792,0.505803,0.527784,0.014904,0.085706,0.247170,0.080602,0.395677,0.304788,-0.336183,-0.351392,0.034887,-0.001499,-0.008921,-0.119654,-0.038828,-0.161379,0.491133,0.536967,0.571479,0.525231,0.522949,0.489617,0.355143,0.382071,0.384768,0.385361,0.267628,0.421652
0.443491,0.370206,0.481279,0.434442,0.399165,0.609852,0.376968,0.372649,0.314069,0.427059,0.382652,0.242782,0.170532,0.232614,0.390627,0.414374,0.484489,0.329232,0.475891,0.479547,0.358771,0.249075,0.317384,0.357119,0.376692,0.695785,0.862024,0.000000,0.195088,0.225079,0.230230,0.340117,0.358927,0.434586,0.342952,0.161990,0.348687,0.484211,0.167150,0.024421,0.046123,0.080430,0.501221,0.438511,0.440367,0.558961,0.584732,0.510354,0.456627,0.593016,0.570473,0.681694,0.499305,0.436526,0.399902,0.253514,0.394462,0.411927,0.506004,0.445966,0.423008,0.362139,0.530731,0.406912,0.135518,0.270765,0.485050,0.330496,0.450005,0.395016,-0.140198,-0.132208,0.306796,0.313589,0.282053,0.230529,0.219404,0.084551,0.211539,0.272328,0.345526,0.294980,0.295885,0.126331,0.392755,0.480468,0.212349,0.134552,0.301177,0.491044
0.079288,0.036618,-0.204695,-0.165818,-0.056938,-0.250410,-0.139905,-0.099784,-0.167301,-0.268808,0.531955,0.416740,0.305290,0.363560,0.446988,0.145664,0.768522,0.742090,-0.076416,0.059601,0.455580,0.024085,-0.136915,-0.068657,0.188023,0.184550,0.383786,0.195088,0.000000,1.506948,-0.012713,0.299019,0.361250,0.277488,0.025032,-0.071556,-0.034902,-0.080402,0.273790,0.314989,0.598944,0.688115,0.070328,0.173098,0.139765,0.134522,0.001537,0.143026,0.042426,0.148313,0.060889,0.068363,0.045646,0.026454,0.011076,0.004615,0.144430,0.109371,0.026449,0.066600,0.283355,0.302869,0.299929,0.449898,0.118672,0.283768,-0.228344,-0.342157,-0.203901,-0.343824,0.244890,0.102384,0.098300,-0.003401,-0.056581,-0.276654,-0.103487,-0.270415,1.413398,0.957718,0.958254,0.961289,0.608238,0.751247,0.252599,0.124311,0.066192,0.057054,-0.068595,0.038887
0.104212,0.167877,-0.161835,-0.077111,-0.134822,-0.155638,-0.104608,-0.004595,-0.148049,-0.228203,0.433475,0.501702,0.254526,0.424408,0.371729,0.196295,0.891985,0.999715,-0.037689,0.121383,0.333611,-0.001198,-0.133461,-0.063660,0.113256,0.133916,0.456431,0.225079,1.506948,0.000000,-0.179120,0.231211,0.335293,0.312326,0.028656,-0.066153,0.022052,0.045398,0.396397,0.452051,0.723417,0.794994,0.197012,0.321724,0.295426,0.253617,0.121085,0.267164,0.226504,0.273879,0.226171,0.200307,0.126024,0.138652,0.170231,0.150885,0.237629,0.253510,0.096944,0.143431,0.323455,0.339047,0.381124,0.589425,0.125966,0.268329,-0.151523,-0.275265,-0.144653,-0.258005,0.101699,0.062677,0.062746,0.010598,-0.052804,-0.261357,-0.074378,-0.224016,1.359613,1.131561,1.136985,1.284559,0.786270,0.945107,0.429182,0.318638,0.171110,0.201710,0.121239,0.129614
0.235575,0.046276,0.329846,0.302053,0.412843,0.173081,0.362562,0.372604,0.100261,0.196833,0.398646,0.221246,0.366605,0.377462,0.354858,0.390395,-0.034888,-0.168744,0.310170,0.388992,0.329404,0.212831,0.389338,0.480496,0.477017,0.598807,-0.104198,0.230230,-0.012713,-0.179120,0.000000,0.907839,0.722154,0.603943,0.560715,0.228940,0.231254,0.073889,-0.345214,-0.721864,-0.523487,-0.563805,0.070546,-0.159733,-0.006076,0.054094,-0.004981,-0.081800,-0.141336,0.008221,-0.078343,0.028775,0.018897,-0.155170,-0.181513,-0.327442,-0.003235,0.017533,0.081888,0.084044,0.278690,0.284510,0.127703,0.024548,0.326357,0.519849,0.361800,0.375306,0.123018,0.069011,0.014207,-0.018899,0.496860,0.561087,0.374267,0.426110,0.225997,0.082595,-0.172758,-0.320876,-0.211092,-0.226310,-0.523400,-0.575874,-0.015679,0.024886,-0.150182,-0.238489,-0.057613,0.116589
0.390649,0.289689,0.528544,0.492324,0.376313,0.250422,0.562290,0.562342,0.127818,0.175669,0.682705,0.504187,0.683684,0.653886,0.538489,0.441654,0.349386,0.313760,0.530527,0.695458,0.419890,0.135864,0.621842,0.806387,0.441270,0.574623,0.183055,0.340117,0.299019,0.231211,0.907839,0.000000,1.347890,1.351700,0.738682,0.065193,0.210630,0.235829,-0.052475,-0.251352,-0.176528,-0.039922,0.311104,0.123257,0.315487,0.325663,0.198199,0.144585,0.136599,0.255930,0.265478,0.258534,0.229759,0.109486,0.104952,0.011051,0.247623,0.283752,0.331505,0.290159,0.510233,0.480228,0.400069,0.444471,0.608217,0.720621,0.504448,0.416866,0.308243,0.180588,-0.158005,-0.185043,0.742177,0.704061,0.501785,0.387425,0.264867,-0.048182,0.208481,0.159318,0.316636,0.275173,-0.080165,-0.049797,0.396572,0.455805,0.102288,0.127862,0.151235,0.400459
0.367098,0.326674,0.443458,0.409195,0.342590,0.269935,0.470281,0.483982,0.135959,0.246205,0.617589,0.585952,0.638130,0.694001,0.567980,0.449642,0.504438,0.478406,0.558819,0.718312,0.431036,0.092281,0.569105,0.624900,0.356010,0.493379,0.303055,0.358927,0.361250,0.335293,0.722154,1.347890,0.000000,1.539105,0.727537,0.074274,0.176926,0.238835,0.011561,-0.158819,-0.065688,0.096913,0.446316,0.224291,0.426490,0.423444,0.309488,0.256538,0.246061,0.390967,0.374525,0.347777,0.349218,0.189065,0.171306,0.089571,0.302412,0.381691,0.397029,0.362148,0.551164,0.537432,0.519236,0.561683,0.716605,0.710351,0.574826,0.464362,0.326092,0.216258,-0.277657,-0.303313,0.619198,0.603777,0.436854,0.353691,0.284108,-0.024350,0.358361,0.336314,0.502243,0.475009,0.100865,0.142371,0.472342,0.515304,0.098489,0.164585,0.215449,0.476467
0.598000,0.569879,0.612270,0.665582,0.417854,0.404920,0.629165,0.762371,0.259672,0.301050,0.741263,0.765092,0.705028,0.765821,0.551950,0.550107,0.610991,0.580987,0.749279,0.998238,0.309656,0.098314,0.623478,0.739630,0.318112,0.536277,0.322066,0.434586,0.277488,0.312326,0.603943,1.351700,1.539105,0.000000,0.772003,0.052270,0.330258,0.442192,0.116373,-0.081378,-0.055963,0.075717,0.516996,0.336952,0.620389,0.632903,0.447500,0.390985,0.384581,0.573918,0.531205,0.545566,0.438214,0.307125,0.363470,0.259574,0.509260,0.596649,0.617147,0.561704,0.724482,0.731584,0.744745,0.768119,0.691192,0.763659,0.727872,0.617902,0.569359,0.388304,-0.287359,-0.249387,0.819918,0.790788,0.567163,0.450090,0.353699,0.019207,0.247908,0.272178,0.517683,0.463002,0.128590,0.116931,0.674099,0.777946,0.267848,0.335348,0.346212,0.662153
0.279222,0.211575,0.682829,0.598308,0.344692,0.450565,0.798447,0.676155,0.319632,0.422858,0.397401,0.270998,0.532504,0.490962,0.669857,0.527967,0.225558,0.260999,0.644083,0.487636,0.346602,0.353574,0.829114,0.858503,0.383173,0.454094,0.121038,0.342952,0.025032,0.028656,0.560715,0.738682,0.727537,0.772003,0.000000,0.365653,0.428572,0.529032,0.025628,-0.199996,-0.120269,-0.104697,0.576671,0.320927,0.418933,0.509495,0.373958,0.276785,0.214203,0.320598,0.512541,0.436165,0.412958,0.135260,0.294304,0.137363,0.109312,0.202603,0.310444,0.239113,0.444746,0.393357,0.325928,0.383709,0.836235,0.778004,0.893748,0.732217,0.347152,0.377832,-0.068098,-0.064921,0.756562,0.779331,0.759000,0.800645,0.778861,0.411852,-0.030721,0.098329,0.131507,0.142346,-0.009064,-0.111499,0.565050,0.552849,0.123316,0.114218,0.411416,0.481204
0.052228,-0.019869,0.227371,0.229783,0.093828,0.193578,0.249806,0.193829,0.124228,0.254383,-0.044459,-0.185724,-0.107958,0.119748,0.262026,0.307720,0.101879,-0.042684,0.307573,0.093364,0.173516,0.394580,0.290193,0.249645,0.234096,0.212229,-0.003149,0.161990,-0.071556,-0.066153,0.228940,0.065193,0.074274,0.052270,0.365653,0.000000,0.282354,0.325853,0.070765,-0.102266,0.014564,-0.175245,0.230513,0.261793,0.024050,0.234586,0.287031,0.267339,0.016825,0.179894,0.081962,0.220278,0.104028,0.016719,0.192716,0.050407,-0.049124,-0.007255,-0.002700,0.082304,-0.022883,0.111734,0.031640,-0.020011,0.160129,0.217294,0.238542,0.297881,0.066769,0.216352,0.293271,0.245213,0.137490,0.164672,0.287192,0.393820,0.525781,0.729165,-0.071973,-0.019223,-0.086867,-0.080520,0.138251,-0.066821,0.146956,0.203977,0.049672,-0.092565,0.087313,0.099896
0.277369,0.209054,0.386632,0.686794,0.449671,0.551442,0.420994,0.694818,0.574494,0.266443,0.359939,0.337292,0.200733,0.523722,0.454528,0.588811,0.172751,0.150903,0.424782,0.416264,-0.028448,0.432216,0.419366,0.383376,0.182361,0.373655,0.046505,0.348687,-0.034902,0.022052,0.231254,0.210630,0.176926,0.330258,0.428572,0.282354,0.000000,0.769697,0.419891,0.028069,0.205302,-0.123424,0.383770,0.427313,0.311217,0.549095,0.383253,0.364890,0.246705,0.378751,0.434879,0.504958,0.215461,0.052679,0.523142,0.312537,0.065743,0.158241,0.215769,0.268214,0.326592,0.496182,0.379442,0.275489,0.328398,0.454669,0.423668,0.468299,0.247278,0.247018,0.199749,0.320420,0.573615,0.565343,0.644993,0.637917,0.539415,0.459554,-0.164133,-0.156727,-0.051268,-0.009614,0.143061,-0.123001,0.521296,0.499678,0.366938,0.228216,0.489898,0.446573
0.561110,0.536823,0.678612,0.829946,0.398123,0.675262,0.668913,0.917096,0.579375,0.610600,0.289358,0.331146,0.272801,0.413206,0.459119,0.619757,0.324823,0.277994,0.748488,0.593056,-0.068113,0.330235,0.623640,0.552707,0.108452,0.287493,0.289133,0.484211,-0.080402,0.045398,0.073889,0.235829,0.238835,0.442192,0.529032,0.325853,0.769697,0.000000,0.644170,0.355088,0.025964,0.061754,0.582599,0.611193,0.613464,0.750128,0.745133,0.656919,0.650238,0.712132,0.841605,0.916067,0.650271,0.444693,0.960385,0.716560,0.360598,0.464348,0.517883,0.501519,0.438118,0.650881,0.442251,0.467883,0.370570,0.498151,0.641704,0.681038,0.614362,0.684606,-0.160351,-0.122272,0.552641,0.595081,0.751887,0.711993,0.633945,0.579414,-0.144573,0.033783,0.139750,0.086827,0.293423,-0.009610,0.801489,0.879512,0.579409,0.580203,0.902562,0.919187
0.341016,0.403363,0.125881,0.354308,0.167645,0.265309,0.145018,0.335326,0.485723,0.239884,0.263150,0.254680,0.211974,0.279112,0.328939,0.318702,0.450376,0.430149,0.197864,0.262511,-0.322041,-0.109665,0.083713,0.019443,-0.187245,0.058779,0.413483,0.167150,0.273790,0.396397,-0.345214,-0.052475,0.011561,0.116373,0.025628,0.070765,0.419891,0.644170,0.000000,0.843039,0.572995,0.492690,0.360742,0.522925,0.390977,0.497501,0.388569,0.507498,0.529466,0.571412,0.583085,0.610678,0.278744,0.257265,0.893678,0.836118,0.330063,0.374048,0.358345,0.432127,0.308183,0.404217,0.358109,0.397397,0.056056,0.153534,0.156367,0.149270,0.241551,0.238728,-0.061275,-0.038693,0.075813,0.035614,0.255222,0.066824,0.079489,0.116210,0.218967,0.292911,0.325327,0.322672,0.723596,0.431352,0.437161,0.468101,0.796028,0.878192,0.666189,0.525599
0.109667,0.214527,-0.079962,-0.001473,-0.031829,0.058319,-0.116225,0.059477,0.206437,0.115873,-0.001660,0.196049,0.057345,0.062625,0.070316,0.034004,0.434847,0.411132,-0.056606,-0.031477,-0.133941,-0.001127,-0.129058,-0.150060,-0.166306,-0.248371,0.278146,0.024421,0.314989,0.452051,-0.721864,-0.251352,-0.158819,-0.081378,-0.199996,-0.102266,0.028069,0.355088,0.843039,0.000000,0.586558,1.009375,0.206137,0.495467,0.281001,0.289746,0.300554,0.491594,0.474717,0.354884,0.450844,0.369385,0.300387,0.390661,0.586873,0.798611,0.215293,0.220745,0.165615,0.184904,0.096991,0.154686,0.174554,0.275008,-0.113739,-0.057296,-0.124667,-0.073151,0.040949,0.097980,0.038323,-0.004286,-0.095606,-0.118777,0.053835,-0.124418,-0.036907,0.068467,0.315617,0.473085,0.440454,0.440404,0.837580,0.819539,0.314688,0.301414,0.458002,0.680953,0.415828,0.311782
-0.139206,-0.114175,-0.267038,-0.133905,-0.184016,-0.128016,-0.224359,-0.139940,-0.052834,-0.187820,0.085223,0.170430,0.022886,0.200778,0.166894,-0.031091,0.424835,0.477880,-0.222362,-0.147107,0.110407,0.063336,-0.229430,-0.152392,0.061489,-0.109586,0.207901,0.046123,0.598944,0.723417,-0.523487,-0.176528,-0.065688,-0.055963,-0.120269,0.014564,0.205302,0.025964,0.572995,0.586558,0.000000,0.879185,0.106990,0.319943,0.100346,0.161273,0.005260,0.170611,0.099996,0.103328,0.169866,0.118617,0.010233,0.034122,0.164986,0.178481,-0.070983,-0.054636,-0.108437,-0.048107,0.059497,0.107662,0.150167,0.238743,0.053846,0.100419,-0.252836,-0.285461,-0.284831,-0.285744,0.316705,0.251748,-0.056304,-0.116509,-0.040137,-0.214294,0.035216,0.006337,0.674597,0.673793,0.631662,0.785241,0.889894,0.843695,0.268683,0.186493,0.107631,0.170456,0.105075,0.035754
-0.027046,0.038728,-0.198414,-0.195367,-0.128491,-0.099434,-0.198551,-0.133671,-0.092549,-0.073074,0.102528,0.282280,0.125202,0.156099,0.111974,-0.098628,0.574598,0.618537,-0.143598,-0.069865,0.278229,0.042366,-0.154928,-0.135259,0.037139,-0.146769,0.376496,0.080430,0.688115,0.794994,-0.563805,-0.039922,0.096913,0.075717,-0.104697,-0.175245,-0.123424,0.061754,0.492690,1.009375,0.879185,0.000000,0.174021,0.369364,0.194564,0.177590,0.110911,0.306721,0.252402,0.193300,0.287423,0.177730,0.236454,0.278767,0.217636,0.320269,0.097808,0.109154,0.054051,0.044891,0.172438,0.145748,0.171839,0.377248,0.062140,0.093435,-0.203163,-0.228759,-0.123772,-0.098196,0.090710,-0.048950,-0.023516,-0.049713,-0.040547,-0.221835,-0.071387,-0.105178,0.845434,0.966230,0.922307,0.981190,0.866242,1.326502,0.293901,0.203318,0.117101,0.305954,0.168131,0.158411
0.352796,0.407770,0.548247,0.534817,0.447352,0.843045,0.550711,0.592029,0.678341,0.674570,0.295866,0.339380,0.512678,0.561651,0.651219,0.762639,0.457604,0.402997,0.513552,0.482990,0.019479,0.139939,0.544253,0.467753,0.178582,0.294290,0.401977,0.501221,0.070328,0.197012,0.070546,0.311104,0.446316,0.516996,0.576671,0.230513,0.383770,0.582599,0.360742,0.206137,0.106990,0.174021,0.000000,1.286804,0.997908,1.177148,1.221493,1.136628,0.940965,0.880733,1.051788,0.959277,0.676962,0.608920,0.749210,0.625361,0.332746,0.446989,0.511551,0.518662,0.467752,0.437110,0.620281,0.511451,0.403765,0.300787,0.874349,0.707112,0.368301,0.465741,-0.161647,-0.088293,0.376897,0.442862,0.565097,0.447382,0.513218,0.332872,0.049550,0.208046,0.290226,0.273451,0.419825,0.175346,0.690064,0.728073,0.433009,0.438431,0.521634,0.583572
0.326855,0.380695,0.358580,0.429939,0.294227,0.597941,0.349285,0.457863,0.541546,0.448703,0.171377,0.276694,0.289400,0.439882,0.523638,0.615976,0.588509,0.490243,0.384878,0.369711,-0.059996,0.195004,0.341305,0.303953,0.119975,0.133921,0.343600,0.438511,0.173098,0.321724,-0.159733,0.123257,0.224291,0.336952,0.320927,0.261793,0.427313,0.611193,0.522925,0.495467,0.319943,0.369364,1.286804,0.000000,0.982687,1.259474,1.194237,1.575849,0.989553,0.878761,0.986110,0.951090,0.593397,0.666247,0.828076,0.796205,0.340306,0.412291,0.396761,0.443191,0.312813,0.380464,0.555332,0.481902,0.165225,0.159771,0.506071,0.441674,0.258178,0.351204,0.019099,0.067882,0.221179,0.244787,0.416168,0.316567,0.430312,0.387280,0.153515,0.329520,0.365423,0.373333,0.719564,0.380316,0.704631,0.735203,0.500197,0.474859,0.516770,0.538108
0.717968,0.844177,0.557267,0.561749,0.413903,0.646014,0.500499,0.588099,0.525278,0.374225,0.437192,0.512259,0.524879,0.478822,0.536629,0.579226,0.689259,0.630281,0.696877,0.819890,-0.073194,0.006086,0.444074,0.373768,0.079107,0.294368,0.428496,0.440367,0.139765,0.295426,-0.006076,0.315487,0.426490,0.620389,0.418933,0.024050,0.311217,0.613464,0.390977,0.281001,0.100346,0.194564,0.997908,0.982687,0.000000,1.338406,1.176898,1.087069,1.273782,1.150475,1.073240,0.941925,0.658516,0.693426,0.866077,0.762822,0.782643,0.901719,0.853349,0.799080,0.591672,0.559000,0.814232,0.785018,0.274320,0.210744,0.866201,0.665374,0.665331,0.646910,-0.249215,-0.148907,0.351709,0.371070,0.408945,0.231302,0.338755,0.176576,0.091277,0.244474,0.428676,0.384697,0.485152,0.240499,1.059828,1.067103,0.652747,0.647813,0.552763,0.845045
0.624848,0.688637,0.593184,0.727458,0.502548,0.779764,0.581065,0.714482,0.726161,0.530394,0.470149,0.473392,0.447328,0.569956,0.636778,0.739490,0.695523,0.598273,0.712936,0.732899,-0.050877,0.119343,0.508667,0.438753,0.142913,0.384210,0.425068,0.558961,0.134522,0.253617,0.054094,0.325663,0.423444,0.632903,0.509495,0.234586,0.549095,0.750128,0.497501,0.289746,0.161273,0.177590,1.177148,1.259474,1.338406,0.000000,1.229659,1.241275,1.057548,1.299684,1.138897,1.302402,0.635011,0.647940,0.975448,0.813931,0.602585,0.723208,0.783791,0.809473,0.577872,0.632970,0.886597,0.732434,0.330002,0.330343,0.895979,0.757295,0.612213,0.621195,-0.087743,0.012506,0.460070,0.437217,0.577006,0.424999,0.454824,0.306730,0.078209,0.236935,0.364980,0.322317,0.536742,0.245158,0.895313,1.003030,0.702498,0.623366,0.550635,0.757193
0.640894,0.698063,0.598792,0.616634,0.469730,0.827626,0.494248,0.600928,0.652247,0.649916,0.245832,0.274545,0.295268,0.347743,0.483438,0.634969,0.600699,0.429134,0.750168,0.680072,-0.096781,0.114765,0.468019,0.388615,0.108096,0.319917,0.489477,0.584732,0.001537,0.121085,-0.004981,0.198199,0.309488,0.447500,0.373958,0.287031,0.383253,0.745133,0.388569,0.300554,0.005260,0.110911,1.221493,1.194237,1.176898,1.229659,0.000000,1.543487,1.287006,1.162401,1.100665,1.161774,0.826489,0.828358,1.053913,0.896063,0.666572,0.769442,0.782653,0.841011,0.454084,0.486339,0.737236,0.568055,0.161367,0.143207,0.842103,0.745168,0.692820,0.793721,-0.190742,-0.127562,0.251708,0.292125,0.388675,0.336598,0.427452,0.355972,-0.024530,0.153183,0.267277,0.195698,0.513163,0.170947,0.796251,0.886582,0.611356,0.544489,0.542826,0.833381
0.566910,0.606085,0.424413,0.456104,0.383906,0.652207,0.343908,0.480766,0.582516,0.516153,0.224272,0.323106,0.312009,0.349137,0.478203,0.565987,0.675789,0.479684,0.510094,0.519153,-0.058093,0.116749,0.305139,0.266343,0.121790,0.230577,0.440807,0.510354,0.143026,0.267164,-0.081800,0.144585,0.256538,0.390985,0.276785,0.267339,0.364890,0.656919,0.507498,0.491594,0.170611,0.306721,1.136628,1.575849,1.087069,1.241275,1.543487,0.000000,1.182087,1.109593,1.014315,1.093200,0.736885,0.834470,0.958966,0.915291,0.598420,0.653550,0.627214,0.675115,0.431777,0.442533,0.664630,0.545305,0.084505,0.112447,0.580799,0.513618,0.475910,0.524464,-0.090579,-0.050986,0.188777,0.230114,0.357286,0.257457,0.335740,0.325576,0.092859,0.259394,0.336144,0.299869,0.647825,0.329044,0.702979,0.748890,0.578302,0.537835,0.499561,0.651512
