0.000000,1.027940,0.931432,0.863716,0.336069,0.623038,0.943200,0.514808,0.557171,0.605624,0.317505,0.204815,0.471301,0.129640,0.459021,0.491187,0.017740,0.141602,1.242039,0.903887,-0.053856,0.122151,0.571537,0.465078,0.373614,0.727280,0.207327,0.476763,0.085549,0.058707,0.145891,0.138176,0.217876,0.469417,0.162531,-0.222720,-0.216120,-0.076889,0.111435,0.205887,-0.150438,-0.266924,0.467830,0.324921,0.708214,0.360640,0.269463,0.600032,0.530090,0.452947,0.435351,0.252723,0.233467,0.190374,0.075167,0.365663,0.849933,0.984210,0.906160,0.886388,0.578372,0.287519,0.174047,0.178683,0.306305,0.261478,0.992274,0.812370,0.626548,0.832575,0.145042,0.199278,0.278157,0.246764,0.574305,0.693329,0.311413,0.060031,0.094392,0.337708,0.185655,0.359923,0.520802,0.514112,0.302924,0.292074,0.195780,0.465392,1.037662,0.859217
1.027940,0.000000,0.370876,0.693095,0.260123,0.595429,0.444072,0.677245,0.323508,0.563851,0.120885,0.296095,0.218812,0.245507,0.295601,0.452581,0.177986,0.409511,0.923069,1.214318,-0.045373,0.105755,0.255886,0.349539,0.203855,0.640312,0.114043,0.378195,0.265775,0.288985,0.057332,0.094262,0.275109,0.619522,-0.019073,-0.179883,-0.212186,0.018008,0.072193,0.265756,-0.056720,-0.112351,0.499548,0.444750,0.710776,0.479568,0.369211,0.668461,0.600415,0.694376,0.398549,0.340959,0.342095,0.271165,0.119368,0.428999,1.445469,1.260827,1.279302,1.168446,0.639833,0.528230,0.254897,0.373157,0.032081,0.162505,0.904745,0.895341,0.830833,1.055875,0.149389,0.090589,0.144049,0.307059,0.462553,0.637786,0.208088,0.050152,0.180201,0.425700,0.392532,0.499512,0.597712,0.687402,0.349352,0.349224,0.291046,0.516215,0.893425,0.735325
0.931432,0.370876,0.000000,0.750490,0.383060,0.300139,1.119948,0.142146,0.467450,0.281086,0.283299,-0.002632,0.345926,-0.085778,0.425562,0.450523,-0.173470,-0.133403,0.549859,0.315161,0.006793,0.157469,1.203155,0.727222,0.814647,0.629689,0.147955,0.385033,-0.111803,-0.183566,0.331592,0.231644,0.147177,0.230147,0.502336,-0.096024,0.019302,0.004997,0.269444,0.200184,-0.024452,-0.190576,0.411264,0.239049,0.595007,0.301688,0.192346,0.370545,0.300726,0.151058,0.371491,0.099983,0.136807,0.133033,0.150911,0.312176,0.248904,0.466244,0.344348,0.388243,0.224678,0.014865,0.009501,-0.112020,0.578127,0.287230,0.830180,0.620914,0.169766,0.368061,0.161906,0.322727,0.184300,0.002125,0.286856,0.324929,0.315905,0.042282,-0.010788,0.157153,0.055499,0.212876,0.373848,0.320405,0.365886,0.370729,0.166816,0.431289,0.593198,0.718395
0.863716,0.693095,0.750490,0.000000,0.383622,0.660457,0.741115,0.768290,0.478936,0.573044,0.194093,0.219303,0.266143,0.182143,0.384139,0.540834,-0.091059,-0.040659,0.628262,0.731375,0.073197,0.180126,0.753941,0.911580,0.527312,0.722173,0.266487,0.459184,0.025603,0.096232,0.301681,0.380899,0.180971,0.408824,0.229375,-0.120543,-0.068689,0.056129,0.226955,0.302050,-0.068695,-0.110370,0.282006,0.225347,0.408573,0.374712,0.119281,0.325385,0.341863,0.325485,0.387447,0.304535,0.171737,0.132555,0.171486,0.345472,0.494504,0.549479,0.562199,0.547552,0.413493,0.278051,0.036932,0.145734,0.407137,0.574018,0.729485,0.741277,0.369158,0.611400,0.181786,0.261434,0.170978,0.140344,0.291502,0.484365,0.239671,0.179850,0.097431,0.235856,0.189580,0.323419,0.529832,0.463525,0.420103,0.493904,0.285166,0.466403,0.771379,0.928004
0.336069,0.260123,0.383060,0.383622,0.000000,0.507600,0.507577,0.300835,0.342084,0.319613,0.175709,0.200064,0.203103,0.212205,0.672538,0.447258,0.253149,0.049031,0.126128,0.206620,0.208563,0.219540,0.381813,0.348471,0.442156,0.435724,0.140651,0.275981,0.288298,0.275133,0.528929,0.285100,0.286316,0.380429,0.264036,-0.190785,0.383130,0.576872,0.570049,0.214831,0.333237,0.343019,0.370456,0.323732,0.343134,0.581456,0.362247,0.233771,0.444953,0.334734,0.396926,0.297091,0.414982,0.427062,0.609961,0.438800,0.223877,0.130081,0.213027,0.151616,0.287988,0.362587,0.285233,0.380390,0.525115,0.310978,0.395944,0.347267,-0.019417,0.354465,-0.167159,0.121881,0.105721,0.063373,-0.052153,0.001950,0.120810,0.248756,0.152032,0.104420,0.356266,0.265755,0.196840,0.198146,0.533060,0.527259,0.095292,0.181246,0.419639,0.407837
0.623038,0.595429,0.300139,0.660457,0.507600,0.000000,0.391840,0.743467,0.494478,0.768152,0.123505,0.230810,0.347579,0.261209,0.462398,0.576771,0.113619,0.204703,0.576864,0.633198,0.031584,0.196148,0.155784,0.268706,0.182459,0.556003,0.112308,0.424270,0.242135,0.258192,0.084435,0.149846,0.014889,0.312591,-0.061673,-0.131771,-0.043087,0.149823,0.063843,0.233518,-0.067487,-0.034956,0.320806,0.317368,0.414222,0.245757,0.286928,0.454688,0.384307,0.381751,0.292334,0.314683,0.297998,0.250256,0.138818,0.383740,0.632996,0.522188,0.496749,0.495152,0.417621,0.442261,0.178329,0.269770,0.186292,0.298495,0.388223,0.405688,0.502861,0.625737,-0.012584,0.116991,0.126922,0.256527,0.395887,0.530695,0.142056,-0.028993,0.138415,0.221313,0.212388,0.350595,0.302290,0.397418,0.308823,0.277209,0.104486,0.327250,0.565336,0.601729
0.943200,0.444072,1.119948,0.741115,0.507577,0.391840,0.000000,0.481836,0.720321,0.294369,0.570627,0.327819,0.656109,0.272638,0.515034,0.395607,0.148140,0.139923,0.589836,0.292428,0.185161,0.248641,0.959663,0.661472,0.560056,0.615114,0.240535,0.395433,0.134730,0.043054,0.461043,0.348980,0.390516,0.470558,0.400447,-0.043959,-0.097614,-0.041904,0.149822,0.118968,-0.072276,-0.113273,0.332470,0.219405,0.499352,0.426087,0.128484,0.267361,0.496832,0.339889,0.516693,0.267361,0.151551,0.125898,0.101540,0.163900,0.342948,0.406510,0.454761,0.461653,0.617805,0.177756,0.400179,0.302328,0.760290,0.428922,0.741630,0.588707,0.119659,0.351164,0.267995,0.350335,0.429687,0.229781,0.378622,0.401045,0.155497,0.143675,0.161263,0.246313,0.110537,0.230449,0.413816,0.229427,0.381230,0.365531,0.126409,0.299136,0.570391,0.525240
0.514808,0.677245,0.142146,0.768290,0.300835,0.743467,0.481836,0.000000,0.445950,0.631184,0.411840,0.720011,0.505468,0.695671,0.351469,0.471262,0.303853,0.421707,0.442698,0.564871,0.082941,0.150390,0.266411,0.511543,0.044333,0.418549,0.078367,0.211506,0.424724,0.504924,0.225400,0.336483,0.245832,0.665857,0.014183,0.075489,-0.143108,0.089105,0.065189,0.247214,0.092305,0.169506,0.216236,0.261735,0.308708,0.376511,0.154185,0.252189,0.436746,0.623057,0.405783,0.476504,0.252751,0.172301,0.126151,0.228867,0.644792,0.492501,0.559900,0.510582,0.779291,0.827056,0.422960,0.717324,0.319514,0.565172,0.347849,0.466124,0.243077,0.438039,0.209845,0.229958,0.203249,0.384374,0.257479,0.425983,0.070517,0.102646,0.227401,0.286532,0.334086,0.362947,0.447015,0.431975,0.393140,0.362935,0.193585,0.279668,0.453678,0.424457
0.557171,0.323508,0.467450,0.478936,0.342084,0.494478,0.720321,0.445950,0.000000,0.486515,0.506003,0.395812,0.735017,0.489150,0.603633,0.410447,0.311661,0.316994,0.481448,0.204696,0.296068,0.235363,0.454586,0.362335,0.279821,0.358976,0.150634,0.206871,0.247138,0.230989,0.023911,0.133163,0.238525,0.233857,0.235317,0.021252,-0.093426,-0.025098,-0.113188,-0.022636,-0.331134,-0.300019,0.322728,0.301873,0.376124,0.387567,0.154804,0.378142,0.544954,0.488277,0.570279,0.476427,0.208711,0.231908,-0.018191,0.035831,0.268448,0.276615,0.246324,0.307959,0.514266,0.127202,0.474739,0.443468,0.495563,0.597368,0.427143,0.450927,0.227796,0.322063,-0.037746,0.006253,0.416859,0.302313,0.659699,0.566880,-0.058545,-0.006608,0.350549,0.384750,0.057580,0.243807,0.247753,-0.015062,0.362599,0.416053,-0.276020,-0.112270,0.385232,0.536890
0.605624,0.563851,0.281086,0.573044,0.319613,0.768152,0.294369,0.631184,0.486515,0.000000,0.250469,0.286951,0.311924,0.267977,0.514310,0.661843,-0.024178,0.138580,0.600978,0.682542,-0.168758,-0.088324,0.156978,0.263529,0.105188,0.307615,-0.175502,0.036340,0.142269,0.247962,-0.099400,-0.089195,-0.077458,0.178882,0.009753,-0.037614,0.113141,0.306212,0.197878,0.281866,0.124597,0.117703,0.386646,0.406716,0.394735,0.300980,0.391210,0.570859,0.412734,0.481679,0.297957,0.342745,0.349920,0.330058,0.319086,0.462848,0.551842,0.535029,0.451783,0.396929,0.388577,0.540914,0.075149,0.280599,0.294892,0.413544,0.378990,0.409963,0.462360,0.653675,-0.158519,-0.077476,-0.012908,0.091967,0.193512,0.330734,0.162240,-0.021932,0.113257,0.193827,0.254733,0.295781,0.211319,0.387718,0.366175,0.323683,0.015303,0.226140,0.596016,0.570900
0.317505,0.120885,0.283299,0.194093,0.175709,0.123505,0.570627,0.411840,0.506003,0.250469,0.000000,0.813919,1.211580,0.727954,0.685811,0.484658,0.524666,0.459239,0.304912,-0.065415,0.204307,0.051811,0.400008,0.330866,0.230291,0.166612,-0.057596,-0.048046,0.638671,0.517615,0.251054,0.164011,-0.027492,0.159178,0.318680,0.285248,0.013968,0.085473,0.125300,0.020701,0.093430,0.109986,0.456251,0.431127,0.416920,0.495635,0.257346,0.218630,0.573324,0.513088,0.641328,0.526924,0.275075,0.183566,0.177585,0.096571,0.147533,0.031680,-0.004785,-0.011481,0.430533,0.130909,0.637853,0.491718,0.590945,0.407778,0.171897,0.261274,-0.206692,0.006760,0.118586,0.159117,0.229675,0.151988,0.109910,0.075052,-0.162523,0.023731,0.431888,0.374629,0.413701,0.429973,0.294578,0.115915,0.570203,0.425621,-0.178520,-0.109401,0.030441,0.061664
0.204815,0.296095,-0.002632,0.219303,0.200064,0.230810,0.327819,0.720011,0.395812,0.286951,0.813919,0.000000,0.805903,1.276837,0.404006,0.429092,0.575655,0.605118,0.161780,0.106947,0.310596,0.184254,0.220760,0.364919,0.048507,0.273546,0.041639,0.004523,0.831749,0.904915,0.350325,0.450519,0.146336,0.375255,0.248038,0.258685,-0.126562,0.056217,-0.018628,-0.046084,0.061206,0.186804,0.337484,0.425715,0.280170,0.542648,0.161270,0.193231,0.543915,0.706807,0.624561,0.659935,0.281740,0.247570,0.135445,0.007124,0.258644,0.090058,0.138582,0.111552,0.592096,0.364147,0.818589,0.941557,0.420241,0.552502,0.123879,0.269953,-0.119506,0.057988,0.058784,0.044070,0.251360,0.285827,0.180834,0.219084,-0.283050,0.044965,0.714804,0.515837,0.451749,0.418899,0.221094,0.060930,0.522116,0.434884,-0.190608,-0.144749,0.064279,0.118695
0.471301,0.218812,0.345926,0.266143,0.203103,0.347579,0.656109,0.505468,0.735017,0.311924,1.211580,0.805903,0.000000,0.771283,0.678428,0.510821,0.473561,0.506160,0.430068,0.070553,0.169308,0.109849,0.379163,0.329405,0.173793,0.213241,-0.021850,0.072833,0.581485,0.438704,0.136893,0.197193,0.046972,0.241780,0.316700,0.246820,-0.054401,0.005024,-0.027097,-0.024208,-0.081678,-0.091534,0.462342,0.444056,0.512493,0.441192,0.297799,0.352586,0.586384,0.575766,0.679115,0.572627,0.299756,0.248175,0.069321,0.106509,0.208771,0.157419,0.087750,0.121673,0.471856,0.164258,0.639270,0.489418,0.534013,0.422863,0.245438,0.330152,-0.009921,0.117226,0.136927,0.197365,0.345203,0.249371,0.386350,0.306990,-0.059027,0.006681,0.418607,0.455742,0.253663,0.381381,0.273302,0.089199,0.531841,0.420055,-0.194690,-0.044630,0.170127,0.258003
0.129640,0.245507,-0.085778,0.182143,0.212205,0.261209,0.272638,0.695671,0.489150,0.267977,0.727954,1.276837,0.771283,0.000000,0.426492,0.382075,0.661743,0.667407,0.117672,0.105314,0.399323,0.217067,0.097204,0.246439,0.079832,0.197308,0.055839,-0.016205,0.830047,0.892580,0.199309,0.306239,0.218946,0.276382,0.132769,0.239013,0.008512,0.147934,-0.000560,-0.023639,-0.035751,0.082911,0.335440,0.432455,0.216942,0.524929,0.186911,0.202001,0.564895,0.631236,0.622632,0.630819,0.320242,0.317932,0.195197,0.026563,0.226684,0.000120,0.113757,0.067492,0.553272,0.322773,0.896592,0.969139,0.332064,0.512235,0.114470,0.261986,-0.074102,0.071779,-0.057185,-0.082599,0.236586,0.223386,0.205692,0.202809,-0.340206,0.089911,0.636949,0.449844,0.424412,0.413888,0.207226,-0.018644,0.504175,0.449657,-0.265178,-0.276306,0.028778,0.127690
0.459021,0.295601,0.425562,0.384139,0.672538,0.462398,0.515034,0.351469,0.603633,0.514310,0.685811,0.404006,0.678428,0.426492,0.000000,1.039714,0.423525,0.325605,0.392583,0.168681,0.288054,0.225756,0.492548,0.476377,0.510252,0.507207,0.017421,0.180159,0.609405,0.539144,0.284304,0.071405,-0.021715,0.156321,0.204207,-0.077101,0.266525,0.409334,0.476399,0.369143,0.186200,0.188628,0.765490,0.726597,0.577707,0.656210,0.622594,0.562668,0.767494,0.473999,0.788023,0.588303,0.537576,0.501280,0.495689,0.547989,0.314144,0.144579,0.089283,0.081576,0.256192,0.172873,0.407292,0.330715,0.488734,0.324688,0.378975,0.434160,0.026313,0.360623,-0.165798,0.007720,0.044148,0.029733,0.080682,0.075810,-0.105502,0.069035,0.385764,0.404443,0.618021,0.653553,0.551911,0.372354,0.858270,0.797288,-0.004511,0.114552,0.376474,0.511572
0.491187,0.452581,0.450523,0.540834,0.447258,0.576771,0.395607,0.471262,0.410447,0.661843,0.484658,0.429092,0.510821,0.382075,1.039714,0.000000,0.173059,0.239588,0.400308,0.369883,0.071002,0.132145,0.492832,0.638298,0.531000,0.514714,-0.013610,0.302044,0.421003,0.394849,0.167446,0.071543,-0.156629,0.144434,0.197149,0.013436,0.247032,0.383600,0.491635,0.480541,0.257384,0.231007,0.774447,0.730106,0.630750,0.493060,0.608433,0.659870,0.599294,0.444958,0.638049,0.548945,0.542559,0.435935,0.446101,0.636341,0.447456,0.336619,0.228907,0.207463,0.254590,0.266849,0.156000,0.164366,0.354965,0.336638,0.440042,0.542313,0.153616,0.455615,-0.071252,0.111985,0.018655,0.073160,0.072526,0.175975,0.092549,0.038627,0.250349,0.321131,0.549909,0.662321,0.597796,0.606644,0.807640,0.805172,0.168202,0.393210,0.420337,0.654256
0.017740,0.177986,-0.173470,-0.091059,0.253149,0.113619,0.148140,0.303853,0.311661,-0.024178,0.524666,0.575655,0.473561,0.661743,0.423525,0.173059,0.000000,1.090074,0.075239,-0.110414,0.532662,0.302169,0.059562,0.188650,-0.066591,0.151759,0.059627,0.092855,1.015804,0.797088,0.185359,0.224410,0.180858,0.306303,0.061121,0.177846,-0.091186,0.091762,-0.037168,0.016217,-0.019632,0.107634,0.405197,0.467035,0.315428,0.540905,0.217136,0.216561,0.617406,0.570200,0.496342,0.513540,0.259609,0.203744,0.010021,-0.055077,0.330911,0.055440,0.082223,0.087580,0.363408,0.188428,0.813943,0.648446,0.116129,0.143447,0.091809,0.181489,-0.037021,0.089656,-0.030065,0.026328,0.230637,0.306424,0.142391,0.072966,-0.394257,0.040154,0.710508,0.586093,0.606625,0.587274,0.322766,0.050786,0.543971,0.377686,-0.184601,-0.257435,-0.078881,-0.078734
0.141602,0.409511,-0.133403,-0.040659,0.049031,0.204703,0.139923,0.421707,0.316994,0.138580,0.459239,0.605118,0.506160,0.667407,0.325605,0.239588,1.090074,0.000000,0.306152,0.167746,0.302845,0.233322,0.004634,0.160643,-0.117579,0.256521,-0.081386,0.061497,0.959347,0.808962,0.048578,0.203620,0.084571,0.270784,-0.045379,0.167722,-0.193058,0.016524,-0.131621,0.048948,-0.056606,0.011778,0.443265,0.575495,0.432256,0.436218,0.298153,0.431273,0.564669,0.648235,0.385089,0.418604,0.244291,0.200091,-0.064742,0.026413,0.568207,0.329816,0.303533,0.340692,0.357786,0.277967,0.775225,0.614611,-0.051290,0.026587,0.195390,0.285131,0.254723,0.273700,0.110210,0.077187,0.121248,0.288210,0.224778,0.209322,-0.238673,-0.033233,0.590411,0.658632,0.643194,0.714648,0.408750,0.265599,0.484513,0.301869,-0.093114,-0.085749,0.009732,0.011297
1.242039,0.923069,0.549859,0.628262,0.126128,0.576864,0.589836,0.442698,0.481448,0.600978,0.304912,0.161780,0.430068,0.117672,0.392583,0.400308,0.075239,0.306152,0.000000,0.975483,-0.094967,0.028025,0.315013,0.286545,0.145475,0.515229,0.085095,0.317865,0.141607,0.139082,-0.020869,0.004841,0.057194,0.290634,-0.062122,-0.224738,-0.276210,-0.157918,-0.013966,0.165173,-0.233747,-0.337232,0.422265,0.325421,0.588368,0.243293,0.277999,0.622225,0.459726,0.384030,0.272073,0.147517,0.237276,0.157966,-0.013945,0.325688,0.877199,0.888223,0.790597,0.788729,0.416699,0.156693,0.187019,0.138756,0.068390,0.045183,0.649435,0.547826,0.805824,0.828625,0.134074,0.077643,0.142809,0.159572,0.499406,0.611179,0.217979,-0.020111,0.130780,0.401448,0.238370,0.407221,0.514373,0.533426,0.207249,0.126977,0.163258,0.338952,0.826676,0.573101
0.903887,1.214318,0.315161,0.731375,0.206620,0.633198,0.292428,0.564871,0.204696,0.682542,-0.065415,0.106947,0.070553,0.105314,0.168681,0.369883,-0.110414,0.167746,0.975483,0.000000,-0.226369,0.049261,0.091975,0.212013,0.093498,0.508426,0.065688,0.306149,0.054906,0.156885,-0.058647,0.057013,0.106418,0.365303,-0.170403,-0.278836,-0.154777,0.065602,0.127352,0.255887,-0.039114,-0.120257,0.286971,0.257526,0.446211,0.216224,0.234568,0.556830,0.317344,0.368010,0.141869,0.126303,0.238788,0.214617,0.151100,0.464178,0.995739,0.980563,1.029086,0.929239,0.360486,0.420780,0.042355,0.162769,-0.083548,0.043043,0.656921,0.616027,0.880691,1.008959,0.059875,0.055753,-0.008185,0.107777,0.323944,0.531662,0.351601,0.061229,-0.018669,0.219163,0.274914,0.362467,0.414900,0.659748,0.155801,0.151568,0.305805,0.515875,0.919724,0.662575
-0.053856,-0.045373,0.006793,0.073197,0.208563,0.031584,0.185161,0.082941,0.296068,-0.168758,0.204307,0.310596,0.169308,0.399323,0.288054,0.071002,0.532662,0.302845,-0.094967,-0.226369,0.000000,0.737552,0.219752,0.304886,0.389478,0.404644,0.697281,0.471195,0.481951,0.497902,0.481378,0.393376,0.307903,0.092451,0.099977,-0.178518,-0.186576,-0.161641,-0.125560,-0.014919,-0.394115,-0.175874,0.110980,0.175059,-0.091184,0.289154,-0.092300,0.015996,0.197353,0.103609,0.300289,0.211337,-0.126701,0.034289,-0.090348,-0.264813,-0.007631,-0.245594,-0.107881,-0.172149,0.245384,-0.171601,0.443376,0.264677,0.157127,0.288762,0.049251,0.060106,-0.234092,-0.132973,-0.169280,-0.153097,0.259748,0.185764,0.141227,0.022810,-0.677666,-0.013822,0.829007,0.495698,0.288893,0.274886,0.164520,-0.262245,0.282617,0.219463,-0.261872,-0.418143,-0.094235,-0.006403
0.122151,0.105755,0.157469,0.180126,0.219540,0.196148,0.248641,0.150390,0.235363,-0.088324,0.051811,0.184254,0.109849,0.217067,0.225756,0.132145,0.302169,0.233322,0.028025,0.049261,0.737552,0.000000,0.210649,0.289049,0.340786,0.546453,0.390155,0.446899,0.335123,0.301047,0.325611,0.409741,0.219450,0.133721,0.107429,-0.133774,-0.098466,0.020776,0.039089,0.147169,-0.046235,0.073847,0.103156,0.163598,0.067032,0.142823,-0.067825,0.121743,0.143537,0.125077,0.215159,0.155069,-0.108088,0.000051,-0.110013,-0.084952,0.133189,0.001329,0.140398,0.139015,0.181629,-0.038138,0.335451,0.157009,0.078519,0.130727,0.234957,0.191905,0.005583,0.064801,0.121137,0.239482,0.335626,0.373616,0.265765,0.166932,-0.199382,-0.005801,0.419571,0.317113,0.200246,0.210684,0.281613,0.062328,0.178748,0.162047,0.020096,0.013385,-0.000970,0.100933
0.571537,0.255886,1.203155,0.753941,0.381813,0.155784,0.959663,0.266411,0.454586,0.156978,0.400008,0.220760,0.379163,0.097204,0.492548,0.492832,0.059562,0.004634,0.315013,0.091975,0.219752,0.210649,0.000000,1.313599,0.788695,0.571820,0.217225,0.352149,0.053246,0.026510,0.556008,0.466943,0.261655,0.354795,0.598135,0.022044,0.000861,0.009228,0.242888,0.161494,0.011188,-0.074597,0.402140,0.276607,0.440438,0.409953,0.149513,0.243997,0.315288,0.209554,0.434650,0.195272,0.135373,0.093774,0.108149,0.135056,0.159829,0.283464,0.169596,0.206062,0.252307,0.019900,0.140548,0.056517,0.693120,0.488741,0.596109,0.500229,-0.028890,0.207215,0.203681,0.323961,0.205209,0.046479,0.165227,0.187903,0.098627,0.127084,0.216817,0.281889,0.184919,0.324981,0.431705,0.227543,0.566027,0.569313,0.103505,0.251758,0.367573,0.584620
0.465078,0.349539,0.727222,0.911580,0.348471,0.268706,0.661472,0.511543,0.362335,0.263529,0.330866,0.364919,0.329405,0.246439,0.476377,0.638298,0.188650,0.160643,0.286545,0.212013,0.304886,0.289049,1.313599,0.000000,0.631834,0.649713,0.243245,0.417090,0.209429,0.228008,0.525291,0.605373,0.228725,0.426727,0.511495,0.095545,-0.050070,0.059857,0.253869,0.289786,0.046232,0.043946,0.394374,0.331423,0.403891,0.465170,0.129454,0.231402,0.323690,0.300447,0.470298,0.335291,0.144678,0.094988,0.118648,0.176129,0.271566,0.295954,0.226703,0.247811,0.301654,0.151731,0.156187,0.147465,0.533932,0.567445,0.570928,0.591743,0.045150,0.264514,0.177112,0.312250,0.152640,0.081409,0.089496,0.162284,0.016526,0.131996,0.326743,0.361647,0.332906,0.450160,0.541714,0.338295,0.701587,0.704836,0.178680,0.306199,0.344310,0.615329
0.373614,0.203855,0.814647,0.527312,0.442156,0.182459,0.560056,0.044333,0.279821,0.105188,0.230291,0.048507,0.173793,0.079832,0.510252,0.531000,-0.066591,-0.117579,0.145475,0.093498,0.389478,0.340786,0.788695,0.631834,0.000000,0.739246,0.409541,0.495936,0.118956,0.075528,0.522358,0.268285,0.152390,0.071511,0.522501,-0.145454,0.202844,0.156681,0.397055,0.242156,-0.044149,-0.070415,0.502969,0.378057,0.365681,0.427491,0.254409,0.315105,0.267620,0.103655,0.470518,0.212678,0.178634,0.224881,0.325772,0.289672,0.079149,0.073228,0.097410,0.039629,0.149824,-0.071483,0.046831,-0.047061,0.480467,0.353592,0.611001,0.511580,-0.094116,0.129601,-0.022020,0.117781,0.039765,-0.070031,0.104998,0.090120,0.005531,0.142047,0.178124,0.147573,0.234644,0.333241,0.335777,0.179243,0.502929,0.606337,0.032975,0.200629,0.303005,0.532203
0.727280,0.640312,0.629689,0.722173,0.435724,0.556003,0.615114,0.418549,0.358976,0.307615,0.166612,0.273546,0.213241,0.197308,0.507207,0.514714,0.151759,0.256521,0.515229,0.508426,0.404644,0.546453,0.571820,0.649713,0.739246,0.000000,0.461879,0.717583,0.380955,0.349686,0.586405,0.530702,0.178111,0.296810,0.217589,-0.247094,-0.212819,-0.007262,0.160267,0.280220,-0.119530,-0.087328,0.457240,0.433029,0.481144,0.414255,0.185578,0.443232,0.396645,0.332489,0.453968,0.286694,0.142211,0.158212,0.110923,0.265778,0.569813,0.502059,0.585735,0.556015,0.357293,0.167536,0.257401,0.176058,0.228667,0.284053,0.777382,0.722473,0.314535,0.510081,0.101249,0.169452,0.121829,0.167638,0.325504,0.393408,-0.036945,-0.003261,0.400256,0.417000,0.427143,0.561598,0.584346,0.449216,0.474864,0.486335,0.138143,0.325141,0.578653,0.669732
0.207327,0.114043,0.147955,0.266487,0.140651,0.112308,0.240535,0.078367,0.150634,-0.175502,-0.057596,0.041639,-0.021850,0.055839,0.017421,-0.013610,0.059627,-0.081386,0.085095,0.065688,0.697281,0.390155,0.217225,0.243245,0.409541,0.461879,0.000000,1.064321,0.072605,0.067845,0.490461,0.465151,0.449798,0.206386,0.048273,-0.413987,-0.404031,-0.468470,-0.179651,-0.091739,-0.650186,-0.482292,-0.049393,-0.107968,-0.157214,0.030626,-0.229853,-0.032920,0.004725,-0.101270,0.080336,-0.029541,-0.259037,-0.132554,-0.210635,-0.277982,0.051930,-0.022092,0.134379,0.033082,0.270659,-0.152466,0.062346,0.036111,0.030839,0.209325,0.157202,0.094762,-0.070059,-0.049982,-0.033377,-0.035453,0.287386,0.185696,0.316277,0.243373,-0.193256,0.185776,0.320480,0.168104,-0.013972,0.059684,0.148901,-0.179342,-0.113904,-0.051990,-0.087810,-0.153403,0.185126,0.147244
0.476763,0.378195,0.385033,0.459184,0.275981,0.424270,0.395433,0.211506,0.206871,0.036340,-0.048046,0.004523,0.072833,-0.016205,0.180159,0.302044,0.092855,0.061497,0.317865,0.306149,0.471195,0.446899,0.352149,0.417090,0.495936,0.717583,1.064321,0.000000,0.098886,0.049340,0.384471,0.400735,0.221105,0.217011,0.030468,-0.362483,-0.366460,-0.277095,-0.034914,0.200053,-0.444013,-0.365794,0.201453,0.122872,0.171576,0.058234,-0.006016,0.243665,0.167473,0.006781,0.169259,0.048850,-0.076794,-0.067304,-0.140987,0.032776,0.372559,0.325837,0.398475,0.343861,0.246545,-0.048799,0.004622,-0.040017,0.004007,0.108658,0.412682,0.331636,0.246578,0.279913,0.111267,0.176709,0.299413,0.270402,0.428414,0.372905,0.035538,0.071936,0.247322,0.267599,0.092871,0.236740,0.370030,0.194024,0.065102,0.091165,0.169128,0.252714,0.421900,0.436416
0.085549,0.265775,-0.111803,0.025603,0.288298,0.242135,0.134730,0.424724,0.247138,0.142269,0.638671,0.831749,0.581485,0.830047,0.609405,0.421003,1.015804,0.959347,0.141607,0.054906,0.481951,0.335123,0.053246,0.209429,0.118956,0.380955,0.072605,0.098886,0.000000,1.410466,0.369599,0.326210,0.039227,0.243524,0.070382,0.066215,-0.024080,0.165618,0.081369,0.109590,0.077060,0.202128,0.565479,0.728449,0.379010,0.602567,0.397359,0.413311,0.609923,0.650464,0.570100,0.567585,0.359170,0.365278,0.206998,0.176997,0.368565,0.077151,0.085844,0.066845,0.319374,0.281938,0.768446,0.674594,0.129773,0.183525,0.095041,0.214291,-0.072368,0.132705,-0.059907,-0.007427,0.084755,0.227185,0.058572,0.087301,-0.404132,-0.003995,0.908610,0.652501,0.955173,0.870083,0.399319,0.215125,0.669416,0.487179,-0.200036,-0.176789,-0.023519,0.033828
0.058707,0.288985,-0.183566,0.096232,0.275133,0.258192,0.043054,0.504924,0.230989,0.247962,0.517615,0.904915,0.438704,0.892580,0.539144,0.394849,0.797088,0.808962,0.139082,0.156885,0.497902,0.301047,0.026510,0.228008,0.075528,0.349686,0.067845,0.049340,1.410466,0.000000,0.378753,0.348239,0.038167,0.244088,0.044311,-0.003439,-0.055000,0.182671,0.086580,0.079549,0.055613,0.179533,0.461480,0.651662,0.265746,0.624503,0.289507,0.343547,0.566755,0.652745,0.513849,0.546810,0.317897,0.346649,0.231496,0.143133,0.392243,0.085669,0.132601,0.069155,0.348768,0.324075,0.766820,0.772929,0.150029,0.293739,0.073085,0.193937,-0.040310,0.191306,-0.162066,-0.143429,-0.014747,0.137141,0.007621,0.039075,-0.489318,-0.031972,0.926095,0.720716,1.053379,0.867227,0.363570,0.213256,0.661484,0.464124,-0.234524,-0.227633,0.036256,0.064123
0.145891,0.057332,0.331592,0.301681,0.528929,0.084435,0.461043,0.225400,0.023911,-0.099400,0.251054,0.350325,0.136893,0.199309,0.284304,0.167446,0.185359,0.048578,-0.020869,-0.058647,0.481378,0.325611,0.556008,0.525291,0.522358,0.586405,0.490461,0.384471,0.369599,0.378753,0.000000,0.941314,0.337234,0.348944,0.313732,-0.199240,-0.054520,0.015110,0.185201,-0.016530,0.072285,0.136889,0.116452,0.091334,0.058311,0.344063,-0.044207,-0.078075,0.110216,0.093571,0.176635,0.037483,-0.086685,-0.035067,0.127907,-0.055384,0.042400,-0.031163,0.056986,-0.024921,0.215627,0.158786,0.356886,0.276358,0.465574,0.287185,0.150686,0.106455,-0.366595,-0.093439,0.124740,0.233758,0.042170,-0.040836,-0.168414,-0.124334,-0.211233,0.113991,0.413641,0.191033,0.365245,0.283903,0.207831,0.080121,0.286116,0.249952,0.037519,0.078602,0.090089,0.071334
0.138176,0.094262,0.231644,0.380899,0.285100,0.149846,0.348980,0.336483,0.133163,-0.089195,0.164011,0.450519,0.197193,0.306239,0.071405,0.071543,0.224410,0.203620,0.004841,0.057013,0.393376,0.409741,0.466943,0.605373,0.268285,0.530702,0.465151,0.400735,0.326210,0.348239,0.941314,0.000000,0.304770,0.359804,0.332402,0.030037,-0.265421,-0.103220,-0.049671,-0.150394,-0.091847,-0.032162,0.017103,0.041890,0.046149,0.230023,-0.212562,-0.092090,0.025501,0.158448,0.147954,0.124490,-0.238071,-0.133972,-0.111407,-0.203999,0.056277,0.044455,0.103287,0.099905,0.166259,0.093710,0.326965,0.246923,0.252572,0.365979,0.179598,0.205865,-0.133715,-0.086704,0.290467,0.403666,0.183225,0.104503,0.074606,0.092873,-0.086752,0.181527,0.375492,0.224833,0.177883,0.222534,0.134612,0.001049,0.219362,0.190208,-0.053738,0.010686,0.013793,0.116266
0.217876,0.275109,0.147177,0.180971,0.286316,0.014889,0.390516,0.245832,0.238525,-0.077458,-0.027492,0.146336,0.046972,0.218946,-0.021715,-0.156629,0.180858,0.084571,0.057194,0.106418,0.307903,0.219450,0.261655,0.228725,0.152390,0.178111,0.449798,0.221105,0.039227,0.038167,0.337234,0.304770,0.000000,0.988209,0.204259,-0.066202,-0.101702,-0.062611,-0.098039,-0.174679,-0.170032,-0.159160,0.030291,-0.030472,0.020745,0.342382,-0.011089,0.025333,0.188982,0.298857,0.196239,0.138078,0.027062,0.120633,0.024391,-0.155187,0.169681,0.149474,0.287658,0.215432,0.604567,0.253045,0.380270,0.415288,0.273241,0.299592,0.324786,0.258445,0.010325,0.074137,0.036264,-0.009143,0.432335,0.308830,0.281330,0.244785,-0.026837,0.313461,0.103561,0.050949,-0.093832,-0.097740,0.021939,-0.244658,-0.008610,0.068814,-0.059737,-0.114895,0.189489,0.138972
0.469417,0.619522,0.230147,0.408824,0.380429,0.312591,0.470558,0.665857,0.233857,0.178882,0.159178,0.375255,0.241780,0.276382,0.156321,0.144434,0.306303,0.270784,0.290634,0.365303,0.092451,0.133721,0.354795,0.426727,0.071511,0.296810,0.206386,0.217011,0.243524,0.244088,0.348944,0.359804,0.988209,0.000000,0.239358,0.051817,-0.161815,0.014630,0.030467,-0.017225,0.058959,0.031936,0.206362,0.127711,0.361743,0.498963,0.159371,0.207006,0.402534,0.600692,0.329058,0.298951,0.201871,0.143699,0.092002,0.085558,0.569792,0.528868,0.552585,0.490917,0.888295,0.680860,0.439983,0.599047,0.379955,0.412050,0.484745,0.497997,0.144320,0.324206,0.184132,0.212049,0.350937,0.425338,0.285788,0.357925,0.112424,0.199119,0.126694,0.237193,0.192223,0.189750,0.261681,0.182536,0.246347,0.223386,0.120278,0.217047,0.419604,0.298454
0.162531,-0.019073,0.502336,0.229375,0.264036,-0.061673,0.400447,0.014183,0.235317,0.009753,0.318680,0.248038,0.316700,0.132769,0.204207,0.197149,0.061121,-0.045379,-0.062122,-0.170403,0.099977,0.107429,0.598135,0.511495,0.522501,0.217589,0.048273,0.030468,0.070382,0.044311,0.313732,0.332402,0.204259,0.239358,0.000000,0.448397,0.209459,0.175243,0.200349,-0.023401,0.103315,0.058529,0.356751,0.266553,0.437125,0.521377,0.159157,0.123384,0.260206,0.313986,0.545608,0.376417,0.111084,0.137432,0.214241,0.045141,-0.152434,-0.039572,-0.065145,-0.059307,0.238623,0.050085,0.142783,0.099461,0.775910,0.621388,0.451117,0.433563,-0.223469,-0.065175,0.038001,0.216577,0.223783,0.021998,0.099146,0.089502,0.191952,0.243749,0.151878,0.135130,-0.005604,0.056774,0.009640,-0.105976,0.467717,0.457801,-0.144565,-0.003375,0.056448,0.232710
-0.222720,-0.179883,-0.096024,-0.120543,-0.190785,-0.131771,-0.043959,0.075489,0.021252,-0.037614,0.285248,0.258685,0.246820,0.239013,-0.077101,0.013436,0.177846,0.167722,-0.224738,-0.278836,-0.178518,-0.133774,0.022044,0.095545,-0.145454,-0.247094,-0.413987,-0.362483,0.066215,-0.003439,-0.199240,0.030037,-0.066202,0.051817,0.448397,0.000000,0.087844,0.118637,-0.061388,-0.025585,0.218455,0.182478,0.063703,0.089647,0.152082,0.118982,0.026662,-0.101360,0.058179,0.262795,0.208273,0.323392,0.064212,-0.019438,-0.007521,-0.080332,-0.183348,-0.115624,-0.144733,-0.085265,0.090562,0.105204,0.128361,0.095971,0.237524,0.284933,0.008814,0.163122,-0.139690,-0.224786,0.170786,0.202930,0.078471,0.047810,-0.060856,-0.110508,0.084457,-0.036646,-0.056550,-0.098024,-0.161282,-0.121803,-0.095228,-0.111966,0.174792,0.144336,-0.079642,-0.061227,-0.343102,-0.148513
-0.216120,-0.212186,0.019302,-0.068689,0.383130,-0.043087,-0.097614,-0.143108,-0.093426,0.113141,0.013968,-0.126562,-0.054401,0.008512,0.266525,0.247032,-0.091186,-0.193058,-0.276210,-0.154777,-0.186576,-0.098466,0.000861,-0.050070,0.202844,-0.212819,-0.404031,-0.366460,-0.024080,-0.055000,-0.054520,-0.265421,-0.101702,-0.161815,0.209459,0.087844,0.000000,0.991929,0.883858,0.294430,0.732253,0.589338,0.288336,0.263515,0.086637,0.224709,0.530728,0.155767,0.154078,0.047742,0.192138,0.214797,0.552898,0.553762,0.965161,0.569035,-0.264905,-0.313553,-0.321563,-0.389912,-0.197440,0.065275,-0.147602,-0.064898,0.169752,-0.009081,-0.050413,-0.036540,-0.254717,-0.055513,-0.231335,0.079738,-0.121124,-0.117317,-0.333337,-0.261080,0.365758,0.412809,-0.245202,-0.273345,0.059642,-0.093988,-0.105160,0.024731,0.267430,0.331201,0.092643,0.058924,-0.080737,0.053125
-0.076889,0.018008,0.004997,0.056129,0.576872,0.149823,-0.041904,0.089105,-0.025098,0.306212,0.085473,0.056217,0.005024,0.147934,0.409334,0.383600,0.091762,0.016524,-0.157918,0.065602,-0.161641,0.020776,0.009228,0.059857,0.156681,-0.007262,-0.468470,-0.277095,0.165618,0.182671,0.015110,-0.103220,-0.062611,0.014630,0.175243,0.118637,0.991929,0.000000,0.880654,0.305900,0.851109,0.686995,0.384053,0.417062,0.218060,0.384881,0.562025,0.283965,0.302634,0.262263,0.254487,0.329382,0.602606,0.560469,1.016249,0.649711,0.022685,-0.068154,-0.053799,-0.101302,-0.071248,0.269873,0.083670,0.163704,0.183913,0.063117,0.138926,0.169058,-0.046424,0.218522,-0.195566,0.116466,-0.169846,-0.145449,-0.347670,-0.206773,0.298999,0.305018,-0.124029,-0.150033,0.278140,0.128327,0.002588,0.194297,0.440596,0.467534,0.076228,0.110473,0.053323,0.134029
0.111435,0.072193,0.269444,0.226955,0.570049,0.063843,0.149822,0.065189,-0.113188,0.197878,0.125300,-0.018628,-0.027097,-0.000560,0.476399,0.491635,-0.037168,-0.131621,-0.013966,0.127352,-0.125560,0.039089,0.242888,0.253869,0.397055,0.160267,-0.179651,-0.034914,0.081369,0.086580,0.185201,-0.049671,-0.098039,0.030467,0.200349,-0.061388,0.883858,0.880654,0.000000,0.628896,0.853003,0.642273,0.419109,0.363221,0.298582,0.371681,0.513412,0.241117,0.298989,0.116230,0.307972,0.240989,0.593200,0.511606,1.181595,0.884998,0.046508,-0.023720,0.014810,-0.066893,-0.038384,0.163747,-0.107494,-0.008502,0.249728,0.019820,0.271940,0.253868,-0.148248,0.233285,-0.106458,0.217834,-0.214257,-0.195352,-0.427017,-0.297958,0.397439,0.400001,-0.198890,-0.107136,0.391027,0.187374,0.348345,0.485388,0.455755,0.457518,0.400893,0.373568,0.275175,0.283729
0.205887,0.265756,0.200184,0.302050,0.214831,0.233518,0.118968,0.247214,-0.022636,0.281866,0.020701,-0.046084,-0.024208,-0.023639,0.369143,0.480541,0.016217,0.048948,0.165173,0.255887,-0.014919,0.147169,0.161494,0.289786,0.242156,0.280220,-0.091739,0.200053,0.109590,0.079549,-0.016530,-0.150394,-0.174679,-0.017225,-0.023401,-0.025585,0.294430,0.305900,0.628896,0.000000,0.414519,0.404376,0.337179,0.363869,0.292143,0.112570,0.388528,0.316713,0.240234,0.073889,0.229383,0.159749,0.403272,0.209466,0.421153,0.775950,0.227742,0.188433,0.199300,0.191376,-0.025139,0.150836,-0.251706,-0.120175,-0.067495,-0.106159,0.293958,0.315069,0.209810,0.393507,0.066940,0.139385,-0.227511,-0.094127,-0.205226,-0.159735,0.332324,0.192301,-0.058660,0.039116,0.275833,0.229798,0.628936,0.723122,0.303770,0.301229,0.754884,0.613831,0.293911,0.418521
-0.150438,-0.056720,-0.024452,-0.068695,0.333237,-0.067487,-0.072276,0.092305,-0.331134,0.124597,0.093430,0.061206,-0.081678,-0.035751,0.186200,0.257384,-0.019632,-0.056606,-0.233747,-0.039114,-0.394115,-0.046235,0.011188,0.046232,-0.044149,-0.119530,-0.650186,-0.444013,0.077060,0.055613,0.072285,-0.091847,-0.170032,0.058959,0.103315,0.218455,0.732253,0.851109,0.853003,0.414519,0.000000,1.421897,0.149732,0.188997,0.164162,0.166437,0.342336,0.008802,0.082086,0.144533,0.059542,0.129836,0.400036,0.263373,0.670910,0.539997,-0.022205,-0.039289,-0.058918,-0.077192,-0.127335,0.382730,-0.072762,0.052082,0.149164,-0.096616,-0.009206,0.026538,-0.212325,0.049241,0.043235,0.295545,-0.211162,-0.071408,-0.606305,-0.430320,0.358469,0.136073,-0.305219,-0.232937,0.260564,0.003537,0.095179,0.411310,0.291554,0.254839,0.422332,0.399534,-0.061131,-0.061996
-0.266924,-0.112351,-0.190576,-0.110370,0.343019,-0.034956,-0.113273,0.169506,-0.300019,0.117703,0.109986,0.186804,-0.091534,0.082911,0.188628,0.231007,0.107634,0.011778,-0.337232,-0.120257,-0.175874,0.073847,-0.074597,0.043946,-0.070415,-0.087328,-0.482292,-0.365794,0.202128,0.179533,0.136889,-0.032162,-0.159160,0.031936,0.058529,0.182478,0.589338,0.686995,0.642273,0.404376,1.421897,0.000000,0.071969,0.161089,0.031114,0.141317,0.238833,-0.086033,0.034223,0.123456,0.051946,0.155089,0.307462,0.188489,0.505258,0.350840,-0.071201,-0.166978,-0.138536,-0.157561,-0.076597,0.399627,0.016205,0.166775,0.147242,-0.023819,-0.156536,-0.086283,-0.309505,-0.046610,0.008734,0.211240,-0.171647,0.007984,-0.590096,-0.450509,0.134673,0.099396,-0.115298,-0.203615,0.273559,0.008870,0.044615,0.298011,0.277139,0.267723,0.330722,0.275001,-0.190902,-0.160089
0.467830,0.499548,0.411264,0.282006,0.370456,0.320806,0.332470,0.216236,0.322728,0.386646,0.456251,0.337484,0.462342,0.335440,0.765490,0.774447,0.405197,0.443265,0.422265,0.286971,0.110980,0.103156,0.402140,0.394374,0.502969,0.457240,-0.049393,0.201453,0.565479,0.461480,0.116452,0.017103,0.030291,0.206362,0.356751,0.063703,0.288336,0.384053,0.419109,0.337179,0.149732,0.071969,0.000000,1.709685,1.094722,0.882341,1.260169,1.195891,1.040003,0.751711,0.987835,0.749198,0.818049,0.793968,0.573999,0.700447,0.511253,0.358392,0.203336,0.184170,0.218286,0.137529,0.260767,0.141547,0.228311,0.157760,0.600956,0.573997,0.209874,0.485937,-0.206137,0.013589,0.130696,0.142814,0.238029,0.306371,0.143541,0.228455,0.385451,0.387809,0.537069,0.652305,0.436235,0.363033,0.801772,0.770194,-0.047964,0.110530,0.306529,0.519302
0.324921,0.444750,0.239049,0.225347,0.323732,0.317368,0.219405,0.261735,0.301873,0.406716,0.431127,0.425715,0.444056,0.432455,0.726597,0.730106,0.467035,0.575495,0.325421,0.257526,0.175059,0.163598,0.276607,0.331423,0.378057,0.433029,-0.107968,0.122872,0.728449,0.651662,0.091334,0.041890,-0.030472,0.127711,0.266553,0.089647,0.263515,0.417062,0.363221,0.363869,0.188997,0.161089,1.709685,0.000000,0.904390,0.863880,1.180337,1.185011,0.947296,0.840415,0.906608,0.808236,0.755954,0.817809,0.539720,0.663036,0.483736,0.308954,0.184964,0.178605,0.162333,0.170482,0.327393,0.221082,0.142527,0.152053,0.481622,0.505232,0.202305,0.484889,-0.218038,-0.032132,0.055896,0.136710,0.141780,0.231784,0.034943,0.176308,0.494377,0.457651,0.672249,0.748705,0.459483,0.384192,0.864412,0.795061,-0.047177,0.057593,0.200106,0.438052
0.708214,0.710776,0.595007,0.408573,0.343134,0.414222,0.499352,0.308708,0.376124,0.394735,0.416920,0.280170,0.512493,0.216942,0.577707,0.630750,0.315428,0.432256,0.588368,0.446211,-0.091184,0.067032,0.440438,0.403891,0.365681,0.481144,-0.157214,0.171576,0.379010,0.265746,0.058311,0.046149,0.020745,0.361743,0.437125,0.152082,0.086637,0.218060,0.298582,0.292143,0.164162,0.031114,1.094722,0.904390,0.000000,0.863836,0.738191,0.897675,0.973896,0.826105,0.829296,0.586622,0.564384,0.450389,0.328503,0.636887,0.673837,0.667038,0.480052,0.546999,0.337446,0.325468,0.275786,0.181426,0.346867,0.191475,0.912100,0.925922,0.387088,0.674645,0.010452,0.155328,0.074015,0.105804,0.281729,0.365901,0.284570,0.005871,0.218869,0.453461,0.443421,0.570723,0.516193,0.594704,0.749041,0.653621,0.155988,0.426954,0.540340,0.634334
0.360640,0.479568,0.301688,0.374712,0.581456,0.245757,0.426087,0.376511,0.387567,0.300980,0.495635,0.542648,0.441192,0.524929,0.656210,0.493060,0.540905,0.436218,0.243293,0.216224,0.289154,0.142823,0.409953,0.465170,0.427491,0.414255,0.030626,0.058234,0.602567,0.624503,0.344063,0.230023,0.342382,0.498963,0.521377,0.118982,0.224709,0.384881,0.371681,0.112570,0.166437,0.141317,0.882341,0.863880,0.863836,0.000000,0.582091,0.562645,1.058680,1.062518,1.106941,0.932705,0.547399,0.650943,0.557794,0.415684,0.409258,0.229223,0.268359,0.227793,0.476338,0.325727,0.535681,0.500496,0.580770,0.525908,0.668017,0.780703,0.038361,0.409638,-0.183832,-0.065488,0.132486,0.107315,0.071145,0.179460,-0.040853,0.260313,0.472055,0.460062,0.601325,0.563260,0.380994,0.216220,1.003148,0.962042,-0.064840,0.027137,0.348621,0.431500
0.269463,0.369211,0.192346,0.119281,0.362247,0.286928,0.128484,0.154185,0.154804,0.391210,0.257346,0.161270,0.297799,0.186911,0.622594,0.608433,0.217136,0.298153,0.277999,0.234568,-0.092300,-0.067825,0.149513,0.129454,0.254409,0.185578,-0.229853,-0.006016,0.397359,0.289507,-0.044207,-0.212562,-0.011089,0.159371,0.159157,0.026662,0.530728,0.562025,0.513412,0.388528,0.342336,0.238833,1.260169,1.180337,0.738191,0.582091,0.000000,1.084156,0.763851,0.608515,0.625857,0.550794,0.949291,0.979954,0.783397,0.926912,0.379846,0.257891,0.092905,0.061377,0.098984,0.223296,0.111068,0.086450,0.073002,-0.008098,0.322416,0.306702,0.178880,0.415486,-0.277987,-0.018182,0.010461,0.114497,0.085524,0.165819,0.255912,0.284071,0.148916,0.155704,0.389282,0.395907,0.296433,0.339046,0.538857,0.556126,0.035707,0.134807,0.216942,0.409939
0.600032,0.668461,0.370545,0.325385,0.233771,0.454688,0.267361,0.252189,0.378142,0.570859,0.218630,0.193231,0.352586,0.202001,0.562668,0.659870,0.216561,0.431273,0.622225,0.556830,0.015996,0.121743,0.243997,0.231402,0.315105,0.443232,-0.032920,0.243665,0.413311,0.343547,-0.078075,-0.092090,0.025333,0.207006,0.123384,-0.101360,0.155767,0.283965,0.241117,0.316713,0.008802,-0.086033,1.195891,1.185011,0.897675,0.562645,1.084156,0.000000,0.812661,0.700909,0.619369,0.529858,0.680464,0.733251,0.394208,0.689124,0.669442,0.580529,0.395747,0.399371,0.216729,0.172891,0.147400,0.089525,0.003609,0.054733,0.604732,0.557358,0.530734,0.728502,-0.181020,-0.051691,0.091708,0.175647,0.384813,0.478922,0.236918,0.149457,0.310267,0.432303,0.440853,0.597772,0.453962,0.440561,0.521738,0.474598,0.024254,0.174327,0.463192,0.605779
