0.000000,1.150206,0.488544,0.445595,0.144711,0.146426,0.536709,0.507091,0.188794,0.236202,0.434665,0.471773,0.432856,0.437005,0.322023,0.249827,0.721843,0.615553,0.889665,0.632119,0.138998,0.237600,0.077789,0.165759,0.028948,0.164637,-0.010015,0.094368,0.370699,0.380401,0.325121,0.302636,1.081879,0.943108,0.167250,0.290433,0.207992,0.343813,0.189760,0.108286,0.129347,0.285563,0.403484,0.446486,0.296050,0.370847,0.557471,0.544833,0.284424,0.242194,0.242439,0.277781,0.289220,0.317193,0.197366,0.396507,1.207724,0.972480,0.122913,0.142545,0.378982,0.381964,0.510325,0.686344,-0.035473,0.174656,0.431050,0.369757,0.848311,0.395217,0.128344,0.068070,0.315411,0.377493,0.268957,0.434173,0.414095,0.439298,0.372238,0.596101,0.457453,0.654689,0.320837,0.533293,0.333895,0.262487,0.100431,0.213288,0.342015,0.409797
1.150206,0.000000,0.469775,0.464466,0.212370,0.166673,0.530043,0.602722,0.276093,0.302858,0.466263,0.711143,0.540746,0.591974,0.472883,0.363203,0.596070,0.588121,1.062042,0.874009,0.197933,0.296114,0.151084,0.178749,0.031838,0.159416,0.020108,0.109840,0.336203,0.473740,0.368453,0.338976,1.023133,0.975599,0.194358,0.214877,0.081153,0.378663,0.109476,0.219423,0.141245,0.375750,0.441075,0.424791,0.357167,0.437164,0.576153,0.483831,0.329299,0.343824,0.318787,0.394414,0.379848,0.406264,0.233043,0.453879,0.905323,1.427836,0.214978,0.269098,0.444184,0.509315,0.624447,1.024221,0.034666,0.163514,0.480491,0.415713,0.802844,0.530594,0.153949,0.191574,0.216427,0.467804,0.299572,0.462510,0.280407,0.319218,0.342915,0.667621,0.535595,0.771243,0.291693,0.699135,0.483350,0.358887,0.057770,0.218780,0.389358,0.492433
0.488544,0.469775,0.000000,1.288929,0.764012,0.754626,1.207702,1.084183,0.722367,0.899353,0.483668,0.536798,0.704163,0.701598,0.725247,0.868988,0.191450,0.218463,0.782782,0.594660,0.418581,0.497070,1.066200,1.182946,0.749147,0.935316,0.766409,0.743540,0.344045,0.410871,0.608558,0.524535,0.673393,0.783366,0.601295,0.681350,0.189694,0.390510,0.091734,0.364388,0.277082,0.343834,0.586257,0.423144,0.511648,0.562584,0.689055,0.618365,0.538842,0.429328,0.573874,0.405064,0.566799,0.799938,0.514382,0.529753,0.164035,0.373218,0.552641,0.511306,0.709123,0.881703,0.293855,0.449482,0.677643,0.746158,0.890443,0.864217,0.578217,0.624085,0.274169,0.353790,0.358769,0.390291,0.428187,0.488777,0.527703,0.575021,0.136645,0.205508,0.232372,0.484864,0.386389,0.530592,0.597680,0.614793,0.282987,0.334454,0.903332,1.063879
0.445595,0.464466,1.288929,0.000000,0.552806,0.628167,1.058368,1.351251,0.521498,0.819921,0.377960,0.519815,0.516325,0.703155,0.529278,0.654463,0.134911,0.162059,0.758664,0.564439,0.367460,0.458450,0.959179,1.213727,0.563376,0.842990,0.647289,0.624103,0.226429,0.313374,0.759091,0.661179,0.634097,0.782302,0.587770,0.663978,0.004025,0.254491,0.004579,0.254048,0.104610,0.185516,0.449966,0.305010,0.341223,0.413474,0.566964,0.450870,0.400749,0.318504,0.528600,0.318721,0.492360,0.653412,0.345838,0.333718,0.117194,0.315878,0.453641,0.452527,0.772310,0.963355,0.196994,0.396005,0.686905,0.887549,0.803148,0.833955,0.558577,0.465549,0.398592,0.463621,0.265593,0.375300,0.379544,0.407534,0.455211,0.447703,0.023360,0.134711,0.134319,0.359660,0.201740,0.386833,0.366409,0.398291,0.103514,0.240525,0.674732,0.828566
0.144711,0.212370,0.764012,0.552806,0.000000,1.352993,0.460952,0.495261,1.299851,1.007131,0.246942,0.383094,0.525675,0.548918,0.947981,0.910858,0.106607,0.180761,0.295615,0.290153,0.644880,0.537923,0.563879,0.604644,0.608808,0.792296,0.768254,0.892187,0.279668,0.310807,0.088563,0.003972,0.315668,0.354706,0.272798,0.299776,0.266822,0.339589,0.134579,0.405939,0.324768,0.330550,0.385553,0.231273,0.398867,0.360013,0.503410,0.431776,0.518004,0.418694,0.484983,0.437289,0.488463,0.607265,0.565775,0.567928,0.043121,0.314870,0.711053,0.682123,0.439243,0.657159,0.196578,0.367162,0.411006,0.463454,0.763333,0.636789,0.375275,0.537876,-0.080394,0.143963,0.291128,0.298035,0.310814,0.473518,0.222831,0.276979,0.116602,0.124656,0.286424,0.485633,0.366256,0.369908,0.621565,0.581132,0.331826,0.252449,0.759285,0.698732
0.146426,0.166673,0.754626,0.628167,1.352993,0.000000,0.449236,0.466427,1.265600,1.237459,0.221750,0.335197,0.482588,0.499201,0.739075,1.098712,0.101456,0.217974,0.220139,0.165611,0.622151,0.395498,0.623066,0.688218,0.649300,0.913980,0.898138,1.198169,0.193218,0.310801,0.091396,-0.039398,0.289226,0.285229,0.246401,0.292819,0.420654,0.359029,0.164796,0.362639,0.316870,0.320417,0.269908,0.159195,0.255869,0.267357,0.432502,0.398188,0.458643,0.375639,0.398392,0.366813,0.439187,0.547770,0.605003,0.602752,0.029964,0.261513,0.705500,0.686883,0.436251,0.596044,0.187370,0.282830,0.393640,0.449715,0.646069,0.537930,0.276987,0.461487,-0.121866,0.041664,0.381475,0.471578,0.371060,0.505112,0.330337,0.370271,0.093680,0.099418,0.298789,0.505482,0.374873,0.286031,0.539527,0.531524,0.358009,0.403419,0.723776,0.745313
0.536709,0.530043,1.207702,1.058368,0.460952,0.449236,0.000000,1.373848,0.431066,0.765043,0.889470,0.858647,1.025016,1.000490,0.653851,0.633913,0.283481,0.216824,0.943605,0.695743,0.396533,0.466929,0.827846,0.762535,0.322448,0.534654,0.393842,0.396756,0.465618,0.387028,0.736562,0.676666,0.665519,0.793294,0.434239,0.492525,0.118178,0.289338,-0.087934,0.397282,0.226178,0.248788,0.616856,0.437703,0.433666,0.558436,0.708429,0.526711,0.661272,0.614478,0.733484,0.612730,0.735888,0.835669,0.472970,0.526645,0.144149,0.369027,0.557676,0.538986,1.031801,0.957642,0.503010,0.570661,0.528672,0.675250,0.716254,0.804167,0.455098,0.452421,0.482523,0.434257,0.296551,0.286342,0.470907,0.546210,0.486099,0.457509,0.100809,0.124128,0.193663,0.272673,0.291556,0.428153,0.415916,0.419971,0.187607,0.183859,0.676207,0.940955
0.507091,0.602722,1.084183,1.351251,0.495261,0.466427,1.373848,0.000000,0.463937,0.758863,0.688112,0.875339,0.790626,0.987943,0.686075,0.647673,0.277231,0.244851,0.956077,0.704248,0.389011,0.448138,0.829282,0.867569,0.356143,0.581651,0.429473,0.414709,0.421285,0.414667,0.842637,0.784111,0.700150,0.890177,0.480578,0.540340,0.061387,0.288763,-0.074530,0.339728,0.191927,0.283850,0.622703,0.445065,0.448473,0.561071,0.710822,0.528543,0.508568,0.532152,0.646058,0.491588,0.629775,0.738967,0.373871,0.428165,0.174986,0.443488,0.433309,0.495256,0.925434,1.148930,0.452158,0.676882,0.535099,0.751861,0.746039,0.854169,0.490628,0.477098,0.483341,0.481278,0.303525,0.411302,0.475701,0.542020,0.430041,0.373248,0.114199,0.157953,0.251114,0.364324,0.207257,0.503755,0.422345,0.391119,0.083492,0.182383,0.632044,0.782704
0.188794,0.276093,0.722367,0.521498,1.299851,1.265600,0.431066,0.463937,0.000000,1.021622,0.345009,0.402891,0.607770,0.480355,0.987603,1.017858,0.219471,0.241089,0.313830,0.295510,0.478197,0.336011,0.538677,0.543011,0.606475,0.783724,0.732734,0.834212,0.361151,0.397569,0.106166,0.008527,0.383756,0.378688,0.243645,0.234672,0.435880,0.444417,0.114333,0.422922,0.456048,0.520867,0.338681,0.294820,0.354685,0.360775,0.543827,0.491402,0.482251,0.446553,0.429176,0.463973,0.470755,0.591282,0.588122,0.664608,0.112789,0.364525,0.636564,0.677690,0.457077,0.576012,0.312116,0.416872,0.325301,0.351146,0.594307,0.518382,0.287485,0.543157,-0.160127,-0.008475,0.451549,0.513161,0.552968,0.554336,0.368666,0.409662,0.200461,0.187462,0.428871,0.564231,0.352520,0.398151,0.581522,0.487150,0.288559,0.323938,0.688179,0.670040
0.236202,0.302858,0.899353,0.819921,1.007131,1.237459,0.765043,0.758863,1.021622,0.000000,0.477833,0.587203,0.703248,0.732288,0.943888,1.208559,0.149965,0.255389,0.489084,0.449428,0.723798,0.483242,0.825631,0.839547,0.438381,0.819199,0.650897,0.787418,0.369804,0.423895,0.315855,0.253008,0.424364,0.520656,0.456634,0.448474,0.368009,0.382896,-0.071106,0.540079,0.387117,0.372250,0.510744,0.388173,0.396122,0.488246,0.666232,0.525325,0.675180,0.675720,0.747086,0.676271,0.759203,0.879362,0.630664,0.640718,0.039520,0.328152,0.769830,0.819550,0.896125,1.040830,0.384158,0.500357,0.648492,0.729208,0.804875,0.813680,0.314750,0.636770,0.067380,0.251695,0.362621,0.398173,0.563243,0.608610,0.363665,0.444361,0.215153,0.109610,0.337811,0.457574,0.287843,0.357724,0.507333,0.563601,0.335853,0.367909,0.754283,1.041233
0.434665,0.466263,0.483668,0.377960,0.246942,0.221750,0.889470,0.688112,0.345009,0.477833,0.000000,1.049897,1.353791,0.863375,0.624969,0.451993,0.596199,0.292816,0.659336,0.571787,0.253123,0.189201,0.451337,0.308752,0.074878,0.216385,0.156981,0.101797,0.674586,0.388007,0.445036,0.439011,0.453210,0.500057,0.115149,0.113106,0.200660,0.213301,-0.207009,0.294735,0.321934,0.363686,0.376813,0.345496,0.274293,0.391323,0.619091,0.439150,0.597531,0.704137,0.589595,0.742252,0.687717,0.621789,0.352054,0.454915,0.214050,0.385729,0.395313,0.425871,0.686996,0.559724,0.892407,0.687854,0.120822,0.189099,0.307874,0.396097,0.176686,0.283772,0.344203,0.168307,0.321828,0.274439,0.513710,0.495999,0.255005,0.265065,0.184347,0.094733,0.349271,0.194622,0.301562,0.321171,0.227035,0.181531,0.044596,-0.011572,0.308224,0.527939
0.471773,0.711143,0.536798,0.519815,0.383094,0.335197,0.858647,0.875339,0.402891,0.587203,1.049897,0.000000,1.168056,1.242185,0.730968,0.621807,0.493552,0.513699,0.777418,0.671886,0.276755,0.216020,0.458440,0.351456,0.135471,0.294318,0.158238,0.144567,0.575231,0.550065,0.515452,0.505319,0.539799,0.646731,0.237155,0.229563,0.134396,0.265924,-0.085195,0.238816,0.324449,0.350566,0.393693,0.319828,0.299192,0.387039,0.561447,0.419569,0.486606,0.642690,0.525515,0.633482,0.599835,0.543826,0.268148,0.410991,0.296088,0.635674,0.398320,0.462882,0.742605,0.795668,0.750678,0.994502,0.249184,0.337178,0.411045,0.471539,0.284513,0.344510,0.302481,0.299532,0.327806,0.490566,0.573222,0.678754,0.208175,0.175419,0.131078,0.233318,0.385305,0.369716,0.216653,0.425367,0.276184,0.240902,-0.028708,-0.025695,0.348299,0.505585
0.432856,0.540746,0.704163,0.516325,0.525675,0.482588,1.025016,0.790626,0.607770,0.703248,1.353791,1.168056,0.000000,1.166431,0.942517,0.752691,0.446098,0.383676,0.746819,0.620507,0.391245,0.306161,0.609654,0.490622,0.307902,0.475365,0.408415,0.338996,0.670592,0.490257,0.511526,0.469274,0.587372,0.608219,0.296261,0.262630,0.225185,0.278882,-0.162176,0.393772,0.375572,0.417036,0.409201,0.325792,0.356790,0.436054,0.646932,0.473161,0.651332,0.694629,0.622771,0.749641,0.691415,0.725266,0.438292,0.554116,0.211444,0.483328,0.543136,0.532238,0.800957,0.721762,0.755427,0.735599,0.326714,0.325479,0.497812,0.514747,0.301139,0.430535,0.271854,0.269072,0.311051,0.346109,0.581492,0.629631,0.275853,0.304290,0.175198,0.155115,0.391599,0.362359,0.378188,0.449486,0.481974,0.399616,0.156642,0.114556,0.506179,0.729415
0.437005,0.591974,0.701598,0.703155,0.548918,0.499201,1.000490,0.987943,0.480355,0.732288,0.863375,1.242185,1.166431,0.000000,0.845304,0.712138,0.390946,0.432291,0.733268,0.590238,0.446084,0.397590,0.560956,0.520701,0.266463,0.524767,0.363372,0.357036,0.591927,0.469532,0.620088,0.548777,0.623085,0.707095,0.378489,0.361463,0.106645,0.223742,-0.141926,0.355217,0.264720,0.199782,0.418508,0.303525,0.347612,0.457887,0.586865,0.457959,0.559955,0.631666,0.586993,0.625177,0.593129,0.620657,0.350416,0.428543,0.199512,0.521862,0.516287,0.541743,0.775092,0.880778,0.557299,0.768602,0.402070,0.511227,0.629646,0.647541,0.391441,0.453725,0.318034,0.352724,0.263461,0.352569,0.363619,0.562587,0.228052,0.230798,0.156214,0.124344,0.378363,0.368284,0.328915,0.424731,0.394079,0.370233,0.165417,0.074026,0.479311,0.646981
0.322023,0.472883,0.725247,0.529278,0.947981,0.739075,0.653851,0.686075,0.987603,0.943888,0.624969,0.730968,0.942517,0.845304,0.000000,1.147323,0.286920,0.372277,0.548494,0.516077,0.587073,0.442903,0.586960,0.552983,0.363207,0.606546,0.517591,0.533614,0.840055,0.710897,0.395620,0.418038,0.542960,0.609776,0.456907,0.369537,0.315506,0.500438,-0.175915,0.646452,0.526545,0.606534,0.532947,0.414573,0.510718,0.536042,0.716619,0.608151,0.634458,0.721093,0.640685,0.739498,0.610464,0.767762,0.549430,0.671737,0.177078,0.524492,0.573844,0.635158,0.643948,0.808931,0.499849,0.694391,0.478369,0.490108,0.687326,0.628344,0.354803,0.664315,0.062728,0.275872,0.307776,0.359505,0.544527,0.686605,0.295595,0.409875,0.387405,0.305487,0.572746,0.605631,0.476522,0.693111,0.785352,0.720582,0.409111,0.338186,0.712004,0.814066
0.249827,0.363203,0.868988,0.654463,0.910858,1.098712,0.633913,0.647673,1.017858,1.208559,0.451993,0.621807,0.752691,0.712138,1.147323,0.000000,0.199565,0.369286,0.446327,0.393333,0.542840,0.338603,0.810094,0.776456,0.586507,0.847390,0.767742,0.842325,0.547434,0.731992,0.422212,0.356331,0.480785,0.519277,0.487836,0.424255,0.442213,0.532266,-0.042795,0.567240,0.517026,0.608272,0.463138,0.367536,0.443867,0.476111,0.627275,0.585417,0.574673,0.591280,0.558676,0.594394,0.571880,0.734184,0.639491,0.691916,0.088738,0.400712,0.585303,0.606963,0.603014,0.764471,0.387058,0.514301,0.563989,0.537388,0.666652,0.598999,0.266903,0.644992,0.034334,0.200935,0.425918,0.576464,0.532534,0.716022,0.350550,0.488881,0.306822,0.285573,0.556915,0.690221,0.466305,0.611978,0.783101,0.831244,0.436467,0.513474,0.770769,1.001363
0.721843,0.596070,0.191450,0.134911,0.106607,0.101456,0.283481,0.277231,0.219471,0.149965,0.596199,0.493552,0.446098,0.390946,0.286920,0.199565,0.000000,0.784133,0.392272,0.353333,0.132474,0.050127,-0.010979,-0.003097,0.080396,0.163995,0.030633,0.018658,0.605860,0.408518,0.209905,0.166322,0.590543,0.485201,-0.006051,0.089235,0.381397,0.334304,0.084464,0.180141,0.183109,0.313034,0.199925,0.261237,0.142201,0.197592,0.365080,0.325077,0.072733,0.119870,0.023990,0.135507,0.093355,0.079415,0.077919,0.276185,0.876693,0.747752,0.036782,0.036103,0.279988,0.248987,0.789430,0.733131,-0.175100,-0.017168,0.140234,0.123051,0.262686,0.131716,0.053362,-0.122691,0.456820,0.443988,0.299713,0.364601,0.349741,0.292733,0.467058,0.389413,0.725717,0.478391,0.250658,0.359501,0.092984,0.046064,0.039428,0.131885,0.116860,0.197467
0.615553,0.588121,0.218463,0.162059,0.180761,0.217974,0.216824,0.244851,0.241089,0.255389,0.292816,0.513699,0.383676,0.432291,0.372277,0.369286,0.784133,0.000000,0.344600,0.295658,0.178559,0.069639,0.012652,0.055161,0.190065,0.256649,0.100895,0.114160,0.529267,0.714101,0.203607,0.212203,0.568116,0.512927,0.216814,0.224517,0.275057,0.454084,-0.025527,0.200750,0.281238,0.389432,0.174228,0.219063,0.150642,0.188306,0.263569,0.332635,0.013482,0.087698,0.008304,0.079189,-0.004387,0.037874,-0.013560,0.186711,0.819479,0.792595,0.004000,-0.067915,0.281693,0.292134,0.506251,0.724396,0.078405,0.140006,0.156683,0.074222,0.321832,0.227624,-0.100782,0.097087,0.318104,0.518451,0.322803,0.378581,0.207812,0.299663,0.518304,0.555593,0.691394,0.729375,0.238729,0.451555,0.244116,0.225483,0.114195,0.195917,0.131384,0.212958
0.889665,1.062042,0.782782,0.758664,0.295615,0.220139,0.943605,0.956077,0.313830,0.489084,0.659336,0.777418,0.746819,0.733268,0.548494,0.446327,0.392272,0.344600,0.000000,1.398112,0.239284,0.364940,0.493285,0.495507,0.148359,0.318249,0.107215,0.107259,0.363018,0.379298,0.571904,0.565707,1.028719,1.171121,0.396617,0.412597,0.082983,0.291166,-0.001851,0.254964,0.246621,0.310921,0.590988,0.523938,0.440660,0.568172,0.737291,0.603763,0.591236,0.557843,0.684618,0.611013,0.669326,0.802787,0.311227,0.463949,0.492245,0.726327,0.381951,0.407658,0.705377,0.786116,0.517523,0.783521,0.319093,0.448749,0.790712,0.774859,0.931402,0.749540,0.322645,0.311281,0.182674,0.274082,0.445711,0.476035,0.246818,0.321234,0.302380,0.360515,0.337532,0.523567,0.251749,0.591814,0.511038,0.445135,0.044589,0.139287,0.544705,0.752035
0.632119,0.874009,0.594660,0.564439,0.290153,0.165611,0.695743,0.704248,0.295510,0.449428,0.571787,0.671886,0.620507,0.590238,0.516077,0.393333,0.353333,0.295658,1.398112,0.000000,0.264347,0.346310,0.496111,0.456971,0.112558,0.273540,0.029775,0.054524,0.336417,0.328213,0.501058,0.497201,0.824340,0.941276,0.407185,0.357926,-0.007800,0.258656,-0.029497,0.286616,0.259198,0.294143,0.557330,0.536251,0.463878,0.591327,0.760811,0.545248,0.509893,0.527548,0.640880,0.575691,0.597275,0.797648,0.197361,0.331120,0.473374,0.683413,0.320650,0.334338,0.644369,0.749199,0.426709,0.730243,0.316887,0.468635,0.753772,0.737183,0.802747,0.912090,0.350288,0.389582,0.109675,0.164813,0.373272,0.387464,0.140650,0.219507,0.332079,0.358367,0.316056,0.468552,0.149556,0.507902,0.436972,0.418176,-0.038061,0.018123,0.376530,0.615099
0.138998,0.197933,0.418581,0.367460,0.644880,0.622151,0.396533,0.389011,0.478197,0.723798,0.253123,0.276755,0.391245,0.446084,0.587073,0.542840,0.132474,0.178559,0.239284,0.264347,0.000000,0.746686,0.407856,0.414161,0.137469,0.423993,0.494053,0.681143,0.236727,0.139165,0.167249,0.097425,0.259213,0.255706,0.228321,0.206532,0.277213,0.157361,-0.133716,0.626799,0.219594,0.115598,0.335225,0.221683,0.271486,0.341346,0.389049,0.169381,0.475245,0.429145,0.420235,0.428826,0.490552,0.435144,0.431434,0.411903,0.044621,0.268903,0.401563,0.480202,0.552533,0.616861,0.452654,0.426693,0.390461,0.418800,0.481615,0.464910,0.126384,0.373123,0.087516,0.188333,0.243385,-0.016125,0.196157,0.348344,0.206276,0.206134,0.240847,-0.109168,0.280309,0.272555,0.128852,0.170507,0.358724,0.429930,0.338623,0.305118,0.475002,0.651717
0.237600,0.296114,0.497070,0.458450,0.537923,0.395498,0.466929,0.448138,0.336011,0.483242,0.189201,0.216020,0.306161,0.397590,0.442903,0.338603,0.050127,0.069639,0.364940,0.346310,0.746686,0.000000,0.385826,0.423913,0.185323,0.390439,0.372794,0.476566,0.132878,0.030985,0.221113,0.185097,0.332741,0.375790,0.321087,0.303011,-0.090750,0.016541,-0.032214,0.297503,0.052693,0.024157,0.402838,0.255241,0.351127,0.384652,0.406786,0.285460,0.429576,0.320122,0.427933,0.358506,0.421466,0.452571,0.329658,0.332931,0.024435,0.179063,0.364486,0.338602,0.434650,0.528214,0.211460,0.311565,0.412891,0.441644,0.567095,0.551210,0.317166,0.317652,0.217199,0.303554,0.111689,-0.041468,0.167743,0.288823,0.195414,0.203429,0.068758,0.039745,-0.000756,0.124667,0.108389,0.107949,0.225410,0.329947,0.151833,0.161565,0.364957,0.556873
0.077789,0.151084,1.066200,0.959179,0.563879,0.623066,0.827846,0.829282,0.538677,0.825631,0.451337,0.458440,0.609654,0.560956,0.586960,0.810094,-0.010979,0.012652,0.493285,0.496111,0.407856,0.385826,0.000000,1.775207,0.725266,0.923825,0.847717,0.704958,0.275596,0.274028,0.758285,0.668462,0.377306,0.494708,0.682007,0.552292,0.149585,0.149392,-0.104916,0.417352,0.319690,0.269047,0.422650,0.280370,0.368574,0.450811,0.512914,0.365297,0.382356,0.393246,0.528617,0.365201,0.452986,0.716437,0.376400,0.277896,-0.157405,0.071421,0.438705,0.391562,0.734595,0.729724,0.132475,0.204418,0.921687,0.815406,0.654053,0.685256,0.203794,0.501367,0.470603,0.460325,0.247185,0.254652,0.392523,0.318049,0.341397,0.327272,0.013652,-0.030887,0.040265,0.179642,0.106387,0.267437,0.378057,0.480854,0.194635,0.200484,0.596669,0.830842
0.165759,0.178749,1.182946,1.213727,0.604644,0.688218,0.762535,0.867569,0.543011,0.839547,0.308752,0.351456,0.490622,0.520701,0.552983,0.776456,-0.003097,0.055161,0.495507,0.456971,0.414161,0.423913,1.775207,0.000000,0.834338,1.105976,0.946513,0.796934,0.236887,0.270264,0.767122,0.675201,0.441504,0.563942,0.830232,0.735073,0.088246,0.173273,-0.060177,0.353331,0.219759,0.234307,0.417616,0.264545,0.386435,0.428713,0.507414,0.399319,0.332742,0.286772,0.484621,0.262751,0.387157,0.676502,0.344908,0.239344,-0.061360,0.115568,0.426294,0.355499,0.695712,0.776991,0.053048,0.187752,1.005546,0.955027,0.777424,0.771205,0.341823,0.548952,0.399805,0.479130,0.227123,0.246666,0.330847,0.298733,0.354951,0.377463,0.025290,0.014812,0.044874,0.253924,0.147515,0.308597,0.410056,0.516308,0.217355,0.259083,0.638911,0.826534
0.028948,0.031838,0.749147,0.563376,0.608808,0.649300,0.322448,0.356143,0.606475,0.438381,0.074878,0.135471,0.307902,0.266463,0.363207,0.586507,0.080396,0.190065,0.148359,0.112558,0.137469,0.185323,0.725266,0.834338,0.000000,1.275355,1.141397,0.773123,0.250327,0.363922,0.431287,0.285164,0.347247,0.361090,0.582706,0.493929,0.131879,0.220230,0.054691,0.199750,0.302696,0.334662,0.225216,0.130562,0.359689,0.265792,0.332596,0.382220,0.097806,0.042750,0.142771,0.015267,0.027004,0.269663,0.213875,0.189467,-0.017981,0.060047,0.292069,0.131845,0.195717,0.319613,-0.102470,0.043810,0.557095,0.438697,0.417353,0.337797,0.204184,0.329580,0.002625,0.126234,0.247680,0.366821,0.264076,0.184277,0.287293,0.376405,0.058266,0.140481,0.134351,0.344329,0.246343,0.278243,0.392315,0.419424,0.156188,0.206386,0.341218,0.413893
0.164637,0.159416,0.935316,0.842990,0.792296,0.913980,0.534654,0.581651,0.783724,0.819199,0.216385,0.294318,0.475365,0.524767,0.606546,0.847390,0.163995,0.256649,0.318249,0.273540,0.423993,0.390439,0.923825,1.105976,1.275355,0.000000,1.237917,0.995676,0.370260,0.348195,0.562223,0.415585,0.484576,0.538963,0.763095,0.658929,0.175035,0.212841,-0.116986,0.394215,0.248125,0.243070,0.409652,0.302299,0.508780,0.479261,0.574176,0.514193,0.324269,0.249868,0.367439,0.224981,0.267116,0.490817,0.362835,0.314168,0.040636,0.197491,0.467420,0.362083,0.511066,0.649394,0.054656,0.213533,0.774987,0.723198,0.725667,0.658924,0.304162,0.507173,0.098701,0.218153,0.330668,0.357791,0.379972,0.308966,0.406826,0.480592,0.156553,0.059509,0.235859,0.381421,0.212624,0.294887,0.470473,0.539163,0.287770,0.300700,0.529940,0.717453
-0.010015,0.020108,0.766409,0.647289,0.768254,0.898138,0.393842,0.429473,0.732734,0.650897,0.156981,0.158238,0.408415,0.363372,0.517591,0.767742,0.030633,0.100895,0.107215,0.029775,0.494053,0.372794,0.847717,0.946513,1.141397,1.237917,0.000000,1.343875,0.191438,0.256585,0.398803,0.254230,0.256080,0.269332,0.469140,0.385798,0.224977,0.174422,-0.014190,0.303966,0.184652,0.239155,0.174084,0.030856,0.250033,0.197385,0.289777,0.225935,0.242235,0.118474,0.218888,0.113087,0.187418,0.319042,0.376137,0.261151,-0.151173,0.058293,0.415162,0.294982,0.332113,0.409460,0.075570,0.099055,0.608233,0.431350,0.439351,0.350458,0.109404,0.264631,0.085833,0.141254,0.339458,0.306986,0.251929,0.227880,0.328523,0.384054,-0.008689,-0.053160,0.163101,0.279193,0.290571,0.237763,0.464735,0.462250,0.252968,0.322378,0.548661,0.579717
0.094368,0.109840,0.743540,0.624103,0.892187,1.198169,0.396756,0.414709,0.834212,0.787418,0.101797,0.144567,0.338996,0.357036,0.533614,0.842325,0.018658,0.114160,0.107259,0.054524,0.681143,0.476566,0.704958,0.796934,0.773123,0.995676,1.343875,0.000000,0.098718,0.193043,0.255617,0.096412,0.285647,0.242903,0.355279,0.330026,0.301559,0.200498,0.107139,0.351816,0.130484,0.177816,0.206588,0.081250,0.255833,0.252460,0.336504,0.249489,0.299026,0.179885,0.235154,0.169658,0.264681,0.365861,0.484725,0.399662,-0.046496,0.182086,0.482237,0.425541,0.340577,0.470511,0.100275,0.160877,0.492751,0.450248,0.512150,0.411979,0.183204,0.331335,0.019849,0.094752,0.358496,0.377269,0.191808,0.315591,0.389453,0.396571,0.022724,0.012076,0.158773,0.348618,0.301518,0.205147,0.473672,0.508358,0.339230,0.452562,0.590012,0.664884
0.370699,0.336203,0.344045,0.226429,0.279668,0.193218,0.465618,0.421285,0.361151,0.369804,0.674586,0.575231,0.670592,0.591927,0.840055,0.547434,0.605860,0.529267,0.363018,0.336417,0.236727,0.132878,0.275596,0.236887,0.250327,0.370260,0.191438,0.098718,0.000000,1.000767,0.581430,0.625356,0.576665,0.588224,0.407886,0.290074,0.313816,0.463478,-0.376645,0.663840,0.565767,0.628246,0.510042,0.492821,0.500429,0.509551,0.657451,0.653443,0.323647,0.487046,0.362985,0.473630,0.263466,0.396664,0.280174,0.442399,0.314419,0.382239,0.215985,0.193652,0.454468,0.420273,0.479120,0.511785,0.224674,0.306494,0.315313,0.314111,0.147271,0.379805,0.099111,0.162627,0.348107,0.256516,0.425449,0.486749,0.271771,0.439989,0.639929,0.422742,0.740309,0.467942,0.434059,0.630934,0.403531,0.454457,0.354921,0.201862,0.204008,0.400304
0.380401,0.473740,0.410871,0.313374,0.310807,0.310801,0.387028,0.414667,0.397569,0.423895,0.388007,0.550065,0.490257,0.469532,0.710897,0.731992,0.408518,0.714101,0.379298,0.328213,0.139165,0.030985,0.274028,0.270264,0.363922,0.348195,0.256585,0.193043,1.000767,0.000000,0.510270,0.536505,0.603725,0.615733,0.378285,0.303664,0.283074,0.782632,-0.151076,0.531170,0.636874,0.902742,0.459425,0.417173,0.425294,0.399979,0.535717,0.650399,0.219005,0.358956,0.279991,0.363748,0.208382,0.365913,0.275379,0.469829,0.343530,0.492579,0.204840,0.159149,0.339951,0.418239,0.380579,0.571503,0.283107,0.322458,0.292366,0.232195,0.229452,0.408785,-0.058475,0.194745,0.282527,0.516311,0.431563,0.547801,0.201440,0.478482,0.561769,0.781818,0.878249,0.882801,0.584632,0.989155,0.579794,0.624844,0.302178,0.396229,0.282868,0.450400
0.325121,0.368453,0.608558,0.759091,0.088563,0.091396,0.736562,0.842637,0.106166,0.315855,0.445036,0.515452,0.511526,0.620088,0.395620,0.422212,0.209905,0.203607,0.571904,0.501058,0.167249,0.221113,0.758285,0.767122,0.431287,0.562223,0.398803,0.255617,0.581430,0.510270,0.000000,1.672480,0.665894,0.783070,0.780736,0.543457,-0.072493,0.166026,-0.349882,0.366188,0.178012,0.242273,0.446689,0.356275,0.385267,0.437149,0.507426,0.364178,0.142872,0.224256,0.327607,0.223148,0.202817,0.392976,0.043990,0.074373,0.114490,0.212007,0.057286,0.043389,0.631744,0.548892,0.173171,0.318284,0.606355,0.689088,0.416754,0.453084,0.238556,0.328109,0.582789,0.580613,0.173930,0.246297,0.298257,0.326340,0.309328,0.322017,0.175620,0.189720,0.206282,0.218628,0.054832,0.417511,0.231796,0.336657,0.003379,0.075511,0.230177,0.458286
0.302636,0.338976,0.524535,0.661179,0.003972,-0.039398,0.676666,0.784111,0.008527,0.253008,0.439011,0.505319,0.469274,0.548777,0.418038,0.356331,0.166322,0.212203,0.565707,0.497201,0.097425,0.185097,0.668462,0.675201,0.285164,0.415585,0.254230,0.096412,0.625356,0.536505,1.672480,0.000000,0.572907,0.730033,0.770453,0.568673,-0.157828,0.177431,-0.480833,0.382701,0.173759,0.263755,0.463386,0.360328,0.401308,0.456945,0.470458,0.354175,0.151165,0.249478,0.345440,0.243274,0.193268,0.366087,-0.010052,0.022675,0.100518,0.185437,0.020685,0.011035,0.608133,0.539949,0.151770,0.314467,0.631163,0.678996,0.366864,0.423982,0.220243,0.288758,0.608022,0.719680,0.061047,0.141874,0.303851,0.289819,0.262292,0.283965,0.189112,0.174571,0.158844,0.169819,0.017102,0.444537,0.218152,0.331730,0.047410,0.069423,0.196133,0.415025
1.081879,1.023133,0.673393,0.634097,0.315668,0.289226,0.665519,0.700150,0.383756,0.424364,0.453210,0.539799,0.587372,0.623085,0.542960,0.480785,0.590543,0.568116,1.028719,0.824340,0.259213,0.332741,0.377306,0.441504,0.347247,0.484576,0.256080,0.285647,0.576665,0.603725,0.665894,0.572907,0.000000,1.504091,0.500500,0.498097,0.185871,0.433200,0.007589,0.386935,0.338626,0.464587,0.618483,0.616224,0.567655,0.660641,0.840281,0.744842,0.323090,0.357278,0.372732,0.391856,0.311603,0.513495,0.260885,0.476691,0.741237,0.803679,0.283753,0.235408,0.549686,0.605547,0.436089,0.707552,0.273960,0.454595,0.725987,0.623346,0.828273,0.677221,0.169810,0.171775,0.326190,0.423181,0.384708,0.552292,0.443456,0.530672,0.532735,0.669256,0.579983,0.832220,0.333667,0.717124,0.569599,0.583924,0.153225,0.289143,0.388408,0.627227
0.943108,0.975599,0.783366,0.782302,0.354706,0.285229,0.793294,0.890177,0.378688,0.520656,0.500057,0.646731,0.608219,0.707095,0.609776,0.519277,0.485201,0.512927,1.171121,0.941276,0.255706,0.375790,0.494708,0.563942,0.361090,0.538963,0.269332,0.242903,0.588224,0.615733,0.783070,0.730033,1.504091,0.000000,0.647932,0.623003,0.116868,0.390579,-0.071689,0.369615,0.331956,0.427521,0.710641,0.654060,0.634249,0.707776,0.916958,0.788923,0.410267,0.419912,0.535529,0.446546,0.387724,0.593670,0.239963,0.416002,0.616782,0.742426,0.304100,0.261323,0.670584,0.732726,0.366767,0.705814,0.423488,0.615109,0.842701,0.753665,0.900372,0.759167,0.255729,0.288963,0.269976,0.378009,0.402709,0.502101,0.416941,0.527085,0.499964,0.612940,0.480133,0.718484,0.259394,0.707262,0.559291,0.534094,0.111799,0.163863,0.436509,0.645474
0.167250,0.194358,0.601295,0.587770,0.272798,0.246401,0.434239,0.480578,0.243645,0.456634,0.115149,0.237155,0.296261,0.378489,0.456907,0.487836,-0.006051,0.216814,0.396617,0.407185,0.228321,0.321087,0.682007,0.830232,0.582706,0.763095,0.469140,0.355279,0.407886,0.378285,0.780736,0.770453,0.500500,0.647932,0.000000,1.225792,-0.023921,0.180389,-0.259750,0.336074,0.214965,0.194496,0.451583,0.403836,0.512765,0.483319,0.457865,0.449327,0.186094,0.186394,0.401917,0.185506,0.164484,0.455805,0.104534,0.103584,0.083964,0.187622,0.192469,0.080866,0.573530,0.623377,-0.066893,0.160762,1.184826,0.979646,0.671099,0.673858,0.327080,0.593881,0.260400,0.445343,0.162242,0.141058,0.232120,0.246661,0.256472,0.389105,0.298285,0.209271,0.075566,0.228581,0.041792,0.303977,0.350248,0.512130,0.198172,0.138291,0.301634,0.511385
0.290433,0.214877,0.681350,0.663978,0.299776,0.292819,0.492525,0.540340,0.234672,0.448474,0.113106,0.229563,0.262630,0.361463,0.369537,0.424255,0.089235,0.224517,0.412597,0.357926,0.206532,0.303011,0.552292,0.735073,0.493929,0.658929,0.385798,0.330026,0.290074,0.303664,0.543457,0.568673,0.498097,0.623003,1.225792,0.000000,0.036966,0.221764,-0.045256,0.217561,0.087126,0.097158,0.492534,0.457040,0.501016,0.470494,0.463744,0.482069,0.149366,0.108191,0.324788,0.104422,0.163045,0.403545,0.184786,0.184807,0.189152,0.221034,0.201916,0.119480,0.530702,0.693156,-0.019689,0.198931,0.888981,0.856821,0.693924,0.729933,0.375608,0.428136,0.244090,0.316816,0.203491,0.138731,0.172161,0.268444,0.389899,0.447200,0.194314,0.231347,0.075684,0.252428,0.101701,0.318872,0.319856,0.398380,0.212582,0.166490,0.371971,0.505615
0.207992,0.081153,0.189694,0.004025,0.266822,0.420654,0.118178,0.061387,0.435880,0.368009,0.200660,0.134396,0.225185,0.106645,0.315506,0.442213,0.381397,0.275057,0.082983,-0.007800,0.277213,-0.090750,0.149585,0.088246,0.131879,0.175035,0.224977,0.301559,0.313816,0.283074,-0.072493,-0.157828,0.185871,0.116868,-0.023921,0.036966,0.000000,0.417054,0.330521,0.320429,0.535223,0.430520,0.088876,0.153052,-0.012475,0.051933,0.146052,0.199450,0.133588,0.184669,0.051407,0.148919,0.151737,0.155752,0.396440,0.488501,0.192357,0.227373,0.170895,0.268155,0.140957,0.111607,0.351691,0.183258,-0.005502,0.016857,0.078368,0.072593,-0.044610,0.179533,-0.170091,-0.401010,0.604212,0.384091,0.360712,0.325275,0.266822,0.300946,0.374244,0.166971,0.517079,0.386759,0.331982,0.225643,0.273906,0.216977,0.361427,0.446983,0.316099,0.292214
0.343813,0.378663,0.390510,0.254491,0.339589,0.359029,0.289338,0.288763,0.444417,0.382896,0.213301,0.265924,0.278882,0.223742,0.500438,0.532266,0.334304,0.454084,0.291166,0.258656,0.157361,0.016541,0.149392,0.173273,0.220230,0.212841,0.174422,0.200498,0.463478,0.782632,0.166026,0.177431,0.433200,0.390579,0.180389,0.221764,0.417054,0.000000,0.163831,0.518761,0.531700,0.789498,0.383588,0.414338,0.291641,0.344233,0.403676,0.555546,0.211292,0.325416,0.186763,0.292616,0.228468,0.341194,0.425912,0.637756,0.357161,0.437399,0.246529,0.312458,0.233481,0.318721,0.331782,0.452366,0.109866,0.245736,0.296700,0.250283,0.285792,0.354203,-0.157068,0.112307,0.398507,0.528141,0.474111,0.524441,0.310406,0.587196,0.414399,0.592340,0.622733,0.823713,0.556662,0.762011,0.501368,0.603805,0.414246,0.594647,0.459963,0.536243
0.189760,0.109476,0.091734,0.004579,0.134579,0.164796,-0.087934,-0.074530,0.114333,-0.071106,-0.207009,-0.085195,-0.162176,-0.141926,-0.175915,-0.042795,0.084464,-0.025527,-0.001851,-0.029497,-0.133716,-0.032214,-0.104916,-0.060177,0.054691,-0.116986,-0.014190,0.107139,-0.376645,-0.151076,-0.349882,-0.480833,0.007589,-0.071689,-0.259750,-0.045256,0.330521,0.163831,0.000000,-0.439309,0.009675,-0.033081,-0.258480,-0.165155,-0.258994,-0.274819,-0.241941,-0.093929,-0.218420,-0.313712,-0.329428,-0.323638,-0.157539,-0.125524,0.038736,0.085773,0.234765,0.126046,-0.035451,-0.022459,-0.258576,-0.144836,-0.060254,-0.022762,-0.287261,-0.187610,-0.021019,-0.067167,0.232880,-0.078410,-0.102792,-0.305809,0.281265,0.306667,-0.060934,-0.002845,0.055793,-0.024326,-0.139257,0.235070,-0.040848,0.139640,0.230324,-0.021646,-0.059139,-0.139415,-0.095410,0.085940,0.135577,-0.090609
0.108286,0.219423,0.364388,0.254048,0.405939,0.362639,0.397282,0.339728,0.422922,0.540079,0.294735,0.238816,0.393772,0.355217,0.646452,0.567240,0.180141,0.200750,0.254964,0.286616,0.626799,0.297503,0.417352,0.353331,0.199750,0.394215,0.303966,0.351816,0.663840,0.531170,0.366188,0.382701,0.386935,0.369615,0.336074,0.217561,0.320429,0.518761,-0.439309,0.000000,0.543228,0.550298,0.654520,0.514398,0.495320,0.626353,0.636349,0.423432,0.453576,0.579249,0.512982,0.585796,0.423655,0.519276,0.572899,0.620878,0.056618,0.296413,0.397939,0.461050,0.516233,0.474144,0.311008,0.331716,0.422635,0.462933,0.473752,0.453447,0.076665,0.471867,0.055563,0.242280,0.185649,0.083517,0.274575,0.405227,0.334931,0.427089,0.527245,0.139804,0.495399,0.427319,0.127444,0.542026,0.595278,0.747421,0.648293,0.535174,0.440889,0.732588
0.129347,0.141245,0.277082,0.104610,0.324768,0.316870,0.226178,0.191927,0.456048,0.387117,0.321934,0.324449,0.375572,0.264720,0.526545,0.517026,0.183109,0.281238,0.246621,0.259198,0.219594,0.052693,0.319690,0.219759,0.302696,0.248125,0.184652,0.130484,0.565767,0.636874,0.178012,0.173759,0.338626,0.331956,0.214965,0.087126,0.535223,0.531700,0.009675,0.543228,0.000000,0.860711,0.324930,0.367793,0.290599,0.335352,0.427388,0.419095,0.338199,0.506837,0.327875,0.463277,0.296983,0.418915,0.337683,0.510691,0.085004,0.147507,0.304100,0.312142,0.206723,0.210889,0.256649,0.252595,0.201395,0.190173,0.244875,0.222548,0.075869,0.438030,-0.173264,-0.010751,0.392886,0.338546,0.618059,0.481846,0.132698,0.303106,0.455674,0.328570,0.438794,0.511413,0.252055,0.479852,0.382558,0.434991,0.292565,0.306370,0.262702,0.369886
0.285563,0.375750,0.343834,0.185516,0.330550,0.320417,0.248788,0.283850,0.520867,0.372250,0.363686,0.350566,0.417036,0.199782,0.606534,0.608272,0.313034,0.389432,0.310921,0.294143,0.115598,0.024157,0.269047,0.234307,0.334662,0.243070,0.239155,0.177816,0.628246,0.902742,0.242273,0.263755,0.464587,0.427521,0.194496,0.097158,0.430520,0.789498,-0.033081,0.550298,0.860711,0.000000,0.348867,0.326391,0.322845,0.327858,0.478818,0.473953,0.268293,0.387978,0.292707,0.404462,0.255532,0.376199,0.393164,0.519791,0.269062,0.392074,0.216725,0.252483,0.237151,0.271099,0.374435,0.445008,0.118324,0.185469,0.206589,0.167420,0.149892,0.424747,-0.152954,0.074635,0.323412,0.581146,0.527126,0.606881,0.178811,0.411464,0.462587,0.575636,0.619349,0.779966,0.372537,0.784826,0.551161,0.576466,0.235818,0.474959,0.339306,0.428962
0.403484,0.441075,0.586257,0.449966,0.385553,0.269908,0.616856,0.622703,0.338681,0.510744,0.376813,0.393693,0.409201,0.418508,0.532947,0.463138,0.199925,0.174228,0.590988,0.557330,0.335225,0.402838,0.422650,0.417616,0.225216,0.409652,0.174084,0.206588,0.510042,0.459425,0.446689,0.463386,0.618483,0.710641,0.451583,0.492534,0.088876,0.383588,-0.258480,0.654520,0.324930,0.348867,0.000000,1.463471,1.370470,1.394886,1.274039,1.068681,0.719258,0.725929,0.727647,0.606909,0.655114,0.773576,0.612068,0.656733,0.179321,0.359166,0.555897,0.552903,0.660852,0.719732,0.344099,0.459702,0.448256,0.533055,0.833314,0.943299,0.380626,0.602852,0.082925,0.207751,0.240655,0.107709,0.371923,0.404536,0.432384,0.559820,0.382021,0.257883,0.391445,0.448708,0.243613,0.584862,0.594217,0.616019,0.392604,0.286971,0.480358,0.665311
0.446486,0.424791,0.423144,0.305010,0.231273,0.159195,0.437703,0.445065,0.294820,0.388173,0.345496,0.319828,0.325792,0.303525,0.414573,0.367536,0.261237,0.219063,0.523938,0.536251,0.221683,0.255241,0.280370,0.264545,0.130562,0.302299,0.030856,0.081250,0.492821,0.417173,0.356275,0.360328,0.616224,0.654060,0.403836,0.457040,0.153052,0.414338,-0.165155,0.514398,0.367793,0.326391,1.463471,0.000000,1.150730,1.395666,1.138502,1.103395,0.584400,0.691378,0.571502,0.570185,0.576859,0.670955,0.531540,0.651771,0.269350,0.333556,0.391017,0.464255,0.504035,0.557574,0.357718,0.434165,0.292626,0.395284,0.648593,0.785774,0.324011,0.515525,0.004053,0.065646,0.336322,0.159263,0.394367,0.351514,0.471117,0.598414,0.487423,0.333656,0.460622,0.451895,0.219754,0.494969,0.430088,0.449848,0.332356,0.283773,0.317366,0.498696
0.296050,0.357167,0.511648,0.341223,0.398867,0.255869,0.433666,0.448473,0.354685,0.396122,0.274293,0.299192,0.356790,0.347612,0.510718,0.443867,0.142201,0.150642,0.440660,0.463878,0.271486,0.351127,0.368574,0.386435,0.359689,0.508780,0.250033,0.255833,0.500429,0.425294,0.385267,0.401308,0.567655,0.634249,0.512765,0.501016,-0.012475,0.291641,-0.258994,0.495320,0.290599,0.322845,1.370470,1.150730,0.000000,1.586027,1.136847,1.006862,0.616491,0.615058,0.571374,0.474437,0.466562,0.619367,0.420154,0.477742,0.150818,0.291088,0.506671,0.444742,0.466374,0.574281,0.220828,0.362886,0.436468,0.467226,0.795303,0.856825,0.371099,0.614132,0.000890,0.196212,0.163085,0.065204,0.291558,0.315461,0.275904,0.432726,0.356408,0.230193,0.346733,0.446343,0.269404,0.532437,0.601862,0.660443,0.386579,0.274748,0.358672,0.538782
0.370847,0.437164,0.562584,0.413474,0.360013,0.267357,0.558436,0.561071,0.360775,0.488246,0.391323,0.387039,0.436054,0.457887,0.536042,0.476111,0.197592,0.188306,0.568172,0.591327,0.341346,0.384652,0.450811,0.428713,0.265792,0.479261,0.197385,0.252460,0.509551,0.399979,0.437149,0.456945,0.660641,0.707776,0.483319,0.470494,0.051933,0.344233,-0.274819,0.626353,0.335352,0.327858,1.394886,1.395666,1.586027,0.000000,1.241239,1.059719,0.708831,0.826648,0.666794,0.621750,0.601214,0.733411,0.488853,0.603900,0.176018,0.340208,0.528708,0.562311,0.594494,0.704664,0.317199,0.462886,0.455539,0.557324,0.823245,0.966487,0.388684,0.634066,0.094804,0.232998,0.212728,0.129098,0.337960,0.348693,0.362327,0.485222,0.428643,0.199950,0.364958,0.443657,0.236600,0.514810,0.554502,0.646096,0.434461,0.360375,0.385290,0.670460
0.557471,0.576153,0.689055,0.566964,0.503410,0.432502,0.708429,0.710822,0.543827,0.666232,0.619091,0.561447,0.646932,0.586865,0.716619,0.627275,0.365080,0.263569,0.737291,0.760811,0.389049,0.406786,0.512914,0.507414,0.332596,0.574176,0.289777,0.336504,0.657451,0.535717,0.507426,0.470458,0.840281,0.916958,0.457865,0.463744,0.146052,0.403676,-0.241941,0.636349,0.427388,0.478818,1.274039,1.138502,1.136847,1.241239,0.000000,1.244715,0.878844,0.900414,0.908711,0.831750,0.816491,0.965146,0.646261,0.754979,0.317625,0.504225,0.679161,0.679334,0.660317,0.800896,0.421030,0.582236,0.378801,0.543766,0.978251,1.026464,0.526670,0.813714,0.133594,0.185446,0.334303,0.244916,0.516158,0.555400,0.460644,0.572805,0.473569,0.348034,0.506702,0.570071,0.337228,0.618493,0.638112,0.637714,0.301596,0.229326,0.466676,0.783995
0.544833,0.483831,0.618365,0.450870,0.431776,0.398188,0.526711,0.528543,0.491402,0.525325,0.439150,0.419569,0.473161,0.457959,0.608151,0.585417,0.325077,0.332635,0.603763,0.545248,0.169381,0.285460,0.365297,0.399319,0.382220,0.514193,0.225935,0.249489,0.653443,0.650399,0.364178,0.354175,0.744842,0.788923,0.449327,0.482069,0.199450,0.555546,-0.093929,0.423432,0.419095,0.473953,1.068681,1.103395,1.006862,1.059719,1.244715,0.000000,0.671707,0.754531,0.643632,0.631220,0.575954,0.838897,0.597440,0.819631,0.319169,0.409788,0.542488,0.513467,0.427312,0.579464,0.262046,0.416855,0.322138,0.443608,0.804013,0.827623,0.556799,0.698896,-0.054200,0.056188,0.342012,0.308745,0.421020,0.438877,0.390107,0.690954,0.468819,0.535269,0.518783,0.636744,0.600378,0.672445,0.620625,0.643794,0.428213,0.300050,0.375068,0.628161
0.284424,0.329299,0.538842,0.400749,0.518004,0.458643,0.661272,0.508568,0.482251,0.675180,0.597531,0.486606,0.651332,0.559955,0.634458,0.574673,0.072733,0.013482,0.591236,0.509893,0.475245,0.429576,0.382356,0.332742,0.097806,0.324269,0.242235,0.299026,0.323647,0.219005,0.142872,0.151165,0.323090,0.410267,0.186094,0.149366,0.133588,0.211292,-0.218420,0.453576,0.338199,0.268293,0.719258,0.584400,0.616491,0.708831,0.878844,0.671707,0.000000,1.301160,1.446082,1.277593,1.511464,1.089052,0.828791,0.792228,-0.022144,0.243302,1.049466,1.121145,0.580579,0.642210,0.409883,0.372161,0.326666,0.344223,0.808356,0.845367,0.413192,0.611269,0.003478,0.084448,0.201018,0.067260,0.396702,0.471662,0.185547,0.283927,0.254766,0.004497,0.229963,0.276274,0.386514,0.374314,0.578556,0.529036,0.378100,0.204522,0.612274,0.804250
