0.000000,1.133085,0.543816,0.742901,0.790670,0.622636,0.914412,0.988019,0.673550,0.869209,0.874061,0.817474,0.725262,0.689798,0.745782,0.664390,0.678001,0.786581,0.879281,0.737886,0.446867,0.583400,0.409698,0.506587,0.325367,0.334485,0.205657,0.222378,0.630607,0.598381,0.226838,0.392544,0.754687,0.721538,0.464274,0.700648,0.517442,0.857244,0.306604,0.615721,0.541658,0.605525,0.843463,0.871002,0.827157,0.887265,1.129011,0.949410,0.933491,0.939386,0.911103,0.882075,0.850558,0.899176,1.011228,0.887522,1.188268,1.086098,1.000668,1.004059,0.872822,0.897217,0.605418,0.757074,0.476814,0.731352,0.860549,1.059217,1.116275,0.848464,0.578899,0.724689,0.902648,0.792878,0.834200,0.890333,0.947661,0.874189,0.428859,0.310837,0.734951,0.749473,0.551192,0.374181,0.708572,0.875601,0.176541,0.229998,0.714776,1.027203
1.133085,0.000000,0.235711,0.586822,0.576947,0.485274,0.479372,0.709413,0.424266,0.593315,0.632866,0.723974,0.370084,0.483428,0.475983,0.520999,0.764544,1.014595,0.782424,0.907942,0.343826,0.500765,0.198500,0.336283,0.221086,0.254978,0.117438,0.149438,0.643471,0.569307,0.201001,0.430559,0.610761,0.744750,0.293901,0.487476,0.551083,0.676635,0.299979,0.489879,0.650497,0.728497,0.599971,0.625776,0.592885,0.725148,0.842777,0.756614,0.757371,0.751442,0.680842,0.644695,0.684362,0.724239,0.839325,0.670388,1.527920,1.597977,0.768890,0.829983,0.501785,0.664378,0.535839,0.708621,0.236936,0.467215,0.613670,0.788582,1.009285,0.929485,0.406992,0.463804,0.694033,0.682900,0.808950,0.778179,0.746866,0.731631,0.504600,0.296568,0.834720,0.786467,0.513019,0.299160,0.630188,0.771110,0.190370,0.178702,0.567238,0.745360
0.543816,0.235711,0.000000,0.628013,0.576489,0.350653,0.894882,0.344248,0.571297,0.599539,0.316624,0.131436,0.472833,0.365096,0.668164,0.381789,0.131820,0.168326,0.446499,0.125776,0.373851,0.317943,1.530654,0.972279,0.513879,0.322622,0.311369,0.306502,0.092375,0.133230,0.206948,0.219902,0.445715,0.271636,0.865366,0.720796,0.213699,0.538103,0.114200,0.478054,0.282614,0.183688,0.602907,0.515974,0.813096,0.503760,0.665221,0.530679,0.502271,0.334890,0.479750,0.349920,0.499001,0.479109,0.437479,0.392286,0.183019,0.211176,0.323643,0.250158,0.337384,0.276862,-0.013631,0.003896,1.037696,0.692791,0.940587,0.615387,0.408002,0.336487,0.522013,0.452160,0.369010,0.288580,0.230276,0.229257,0.511970,0.428749,0.112070,0.275164,0.133132,0.347570,0.161444,0.165981,0.544916,0.420558,0.036255,0.199368,0.501623,0.612890
0.742901,0.586822,0.628013,0.000000,0.804855,0.690296,0.681768,0.757951,0.595878,0.810528,0.494616,0.513954,0.388707,0.555885,0.559036,0.547968,0.477027,0.485618,0.841730,0.742916,0.460524,0.550404,0.556929,0.970286,0.269789,0.523139,0.263207,0.283557,0.541219,0.453055,0.287139,0.620305,0.751957,0.801971,0.462388,0.618979,0.461428,0.722511,0.193118,0.520990,0.452917,0.452183,0.625007,0.601879,0.783899,0.773904,0.785330,0.615530,0.681213,0.533014,0.538769,0.456439,0.603388,0.553122,0.597936,0.544483,0.590538,0.589677,0.482820,0.527906,0.405829,0.571120,0.455153,0.498959,0.427586,0.659853,0.757902,0.900149,0.582324,0.657639,0.528887,0.658196,0.537664,0.537217,0.562869,0.560101,0.693594,0.740266,0.341955,0.273526,0.547566,0.633151,0.391163,0.282312,0.648278,0.774032,0.147082,0.280750,0.507596,0.655411
0.790670,0.576947,0.576489,0.804855,0.000000,0.909543,0.663570,0.724092,1.026715,0.839529,0.358795,0.566350,0.285299,0.459551,0.446592,0.519378,0.408014,0.461488,0.687448,0.523321,0.467686,0.505816,0.512169,0.664397,0.339309,0.455815,0.471791,0.498301,0.383708,0.343102,0.260647,0.419435,0.744224,0.679830,0.411940,0.586705,0.181036,0.605085,0.099332,0.453016,0.286529,0.271035,0.541133,0.535218,0.708836,0.792761,0.831744,0.674895,0.848375,0.781011,0.702665,0.671579,0.798805,0.906378,0.657598,0.639614,0.638930,0.639470,0.676183,0.702074,0.580930,0.761374,0.392747,0.578981,0.490472,0.618467,0.706828,0.760315,0.624360,0.556080,0.458951,0.590418,0.522363,0.540037,0.400548,0.493003,0.527761,0.597065,0.251179,0.342162,0.465085,0.511251,0.288857,0.118869,0.616565,0.711617,0.050433,0.129039,0.633282,0.919961
0.622636,0.485274,0.350653,0.690296,0.909543,0.000000,0.429760,0.500727,0.721190,0.810031,0.378179,0.336805,0.269229,0.290028,0.431223,0.402775,0.390073,0.412708,0.477475,0.344690,0.414629,0.468514,0.348228,0.580424,0.517424,0.892285,0.710297,0.693962,0.370559,0.351448,0.326702,0.511126,0.499653,0.478294,0.347596,0.455859,0.147338,0.444363,0.061108,0.388810,0.309862,0.291705,0.530016,0.515776,0.491165,0.560975,0.647134,0.509770,0.396938,0.466902,0.343152,0.414266,0.384317,0.515216,0.442884,0.420985,0.565489,0.455443,0.360424,0.451000,0.312951,0.461377,0.215799,0.390793,0.304089,0.496099,0.476030,0.571776,0.497136,0.381261,0.384244,0.546851,0.348404,0.378533,0.440381,0.290845,0.453231,0.518758,0.430056,0.474522,0.487975,0.502405,0.186933,0.076732,0.502540,0.509037,0.036922,-0.026043,0.330442,0.532314
0.914412,0.479372,0.894882,0.681768,0.663570,0.429760,0.000000,0.953631,0.743167,0.810208,0.751468,0.562119,0.942556,0.640108,0.831657,0.587890,0.314752,0.389329,0.681192,0.426990,0.298376,0.370519,0.603358,0.593207,0.273605,0.210821,0.156741,0.171693,0.347302,0.412666,0.100631,0.182249,0.504877,0.416414,0.454853,0.557699,0.301441,0.566503,0.119349,0.407171,0.338311,0.325820,0.558424,0.565427,0.653124,0.533535,0.667120,0.529008,0.507791,0.506055,0.554497,0.491004,0.505294,0.500475,0.451488,0.471957,0.424770,0.489453,0.607577,0.502467,0.825184,0.665444,0.406119,0.434682,0.804435,0.725064,0.648833,0.592811,0.565298,0.544498,0.618425,0.734469,0.688543,0.613727,0.482437,0.523404,0.646381,0.630630,0.206857,0.233038,0.399299,0.498401,0.347208,0.353222,0.535481,0.652431,0.111352,0.200601,0.572209,0.686671
0.988019,0.709413,0.344248,0.757951,0.724092,0.500727,0.953631,0.000000,0.721774,0.958055,0.830149,1.296120,0.781424,1.020198,0.685375,0.830531,0.553659,0.545565,0.774885,0.843401,0.174969,0.443045,0.185115,0.435394,-0.021703,0.109370,-0.028694,-0.022008,0.649366,0.623515,0.125496,0.345528,0.554655,0.697219,0.111446,0.348584,0.471062,0.584496,0.164626,0.271392,0.315504,0.485095,0.496002,0.575022,0.481915,0.648065,0.664565,0.602137,0.675334,0.780005,0.748487,0.793805,0.706946,0.753678,0.661404,0.714336,0.713334,0.764517,0.948557,0.980309,1.031835,1.414913,0.874755,1.163563,0.313585,0.569790,0.387588,0.644550,0.577468,0.671762,0.539932,0.774480,0.716899,0.830768,0.615346,0.730192,0.687366,0.783038,0.268522,0.155183,0.622640,0.549159,0.587276,0.407824,0.590124,0.836863,0.243462,0.245590,0.629324,0.842446
0.673550,0.424266,0.571297,0.595878,1.026715,0.721190,0.743167,0.721774,0.000000,1.043331,0.435029,0.550778,0.532938,0.633034,0.602862,0.593967,0.372727,0.324747,0.394524,0.267638,0.304592,0.447153,0.459701,0.569071,0.335344,0.386777,0.257512,0.197644,0.361569,0.399003,0.256767,0.340592,0.429269,0.389286,0.353581,0.400673,0.280445,0.472419,0.083980,0.312230,0.147014,0.245322,0.531657,0.520244,0.509907,0.590718,0.709146,0.611682,0.561234,0.568980,0.637168,0.644579,0.756117,0.833077,0.620617,0.557635,0.415761,0.500818,0.609409,0.533094,0.637735,0.743586,0.456045,0.505171,0.565856,0.700327,0.513323,0.488411,0.429196,0.423688,0.368243,0.528631,0.369334,0.440343,0.353963,0.410077,0.492398,0.535618,0.348938,0.462702,0.462533,0.533447,0.251263,0.148675,0.712202,0.669353,0.020683,0.106168,0.671214,0.835948
0.869209,0.593315,0.599539,0.810528,0.839529,0.810031,0.810208,0.958055,1.043331,0.000000,0.638310,0.596507,0.572735,0.673618,0.670744,0.649129,0.459915,0.388897,0.569232,0.439848,0.263951,0.464616,0.512744,0.755849,0.283739,0.374193,0.164664,0.136828,0.433295,0.416030,0.251097,0.454834,0.580069,0.594211,0.403795,0.524086,0.359188,0.574817,0.044512,0.322925,0.230912,0.369747,0.603175,0.595178,0.581281,0.679384,0.803737,0.656403,0.641919,0.572145,0.676598,0.649446,0.762563,0.801680,0.696658,0.542365,0.621575,0.614418,0.636179,0.637928,0.635207,0.931989,0.551363,0.629765,0.635600,0.985722,0.682266,0.781934,0.560902,0.547176,0.419207,0.563834,0.470536,0.510185,0.442148,0.524240,0.662615,0.656414,0.398679,0.371161,0.558563,0.578052,0.260065,0.151422,0.719165,0.710483,0.058426,0.061386,0.729043,0.920504
0.874061,0.632866,0.316624,0.494616,0.358795,0.378179,0.751468,0.830149,0.435029,0.638310,0.000000,0.848912,0.867472,0.770962,0.791957,0.692038,0.683815,0.602535,0.803399,0.663193,0.266884,0.374323,0.254323,0.381831,0.144930,0.114813,-0.004484,-0.034190,0.720512,0.617198,0.289039,0.460320,0.437737,0.494409,0.116195,0.190558,0.457143,0.377238,0.070004,0.231531,0.375119,0.426836,0.528194,0.582121,0.412950,0.480304,0.504983,0.417791,0.381466,0.395283,0.380636,0.430229,0.414767,0.356229,0.386755,0.353099,0.622206,0.516289,0.464443,0.420491,0.526261,0.575290,0.712369,0.676480,0.309788,0.453224,0.317410,0.408004,0.555039,0.520572,0.518362,0.714730,0.713993,0.644874,0.617178,0.566830,0.650455,0.646344,0.456046,0.269806,0.803052,0.586324,0.528021,0.410718,0.455579,0.569614,0.142176,0.089947,0.307633,0.388257
0.817474,0.723974,0.131436,0.513954,0.566350,0.336805,0.562119,1.296120,0.550778,0.596507,0.848912,0.000000,0.640075,1.191362,0.589431,0.789362,0.629580,0.658174,0.764004,1.014756,0.136562,0.467850,0.021807,0.215914,-0.119722,-0.006014,-0.126307,-0.070049,0.763813,0.636061,0.128089,0.346891,0.508955,0.683655,-0.047759,0.170630,0.484235,0.480285,0.097712,0.130956,0.252452,0.533401,0.407837,0.511020,0.344615,0.575050,0.510974,0.501394,0.600758,0.706469,0.663042,0.725924,0.605034,0.627022,0.545434,0.608452,0.707338,0.736848,0.837754,0.846260,0.800864,1.038553,1.055593,1.424627,0.082211,0.314929,0.189638,0.447794,0.473560,0.561649,0.425497,0.700893,0.672384,0.834049,0.619123,0.755907,0.526238,0.627653,0.285764,0.103764,0.691887,0.521881,0.613950,0.336227,0.440286,0.717489,0.169509,0.168784,0.435721,0.619275
0.725262,0.370084,0.472833,0.388707,0.285299,0.269229,0.942556,0.781424,0.532938,0.572735,0.867472,0.640075,0.000000,0.922030,0.866450,0.561350,0.346289,0.346932,0.431292,0.325431,0.159426,0.369300,0.368152,0.389752,0.184770,0.167730,-0.050671,-0.027212,0.408029,0.464086,0.188192,0.264656,0.403708,0.369662,0.315068,0.352617,0.436255,0.455837,0.096327,0.210856,0.252200,0.352525,0.511367,0.521747,0.441008,0.398191,0.506346,0.428108,0.327990,0.349347,0.369778,0.355097,0.336985,0.378591,0.420327,0.419514,0.364184,0.385126,0.389484,0.332844,0.744173,0.536143,0.502602,0.426882,0.461282,0.519103,0.315091,0.378005,0.461275,0.440161,0.510457,0.676151,0.553648,0.492182,0.498746,0.537151,0.648577,0.572252,0.299391,0.248369,0.424054,0.448902,0.355827,0.317041,0.348234,0.469084,0.038810,0.158772,0.439252,0.514226
0.689798,0.483428,0.365096,0.555885,0.459551,0.290028,0.640108,1.020198,0.633034,0.673618,0.770962,1.191362,0.922030,0.000000,0.877505,0.933930,0.515882,0.457716,0.637033,0.685013,0.068641,0.424473,0.260648,0.418471,0.034257,0.153095,-0.148442,-0.079342,0.662167,0.642281,0.258297,0.407938,0.515060,0.623472,0.156310,0.297126,0.508313,0.558182,0.075873,0.128988,0.192577,0.454839,0.461550,0.486633,0.380649,0.493502,0.533362,0.496046,0.470651,0.446017,0.524320,0.496240,0.520915,0.566193,0.493660,0.466572,0.480966,0.501794,0.535265,0.528915,0.641960,0.803426,0.842092,0.821484,0.304777,0.537559,0.285220,0.506691,0.407334,0.538287,0.400748,0.606067,0.481499,0.597223,0.560592,0.619841,0.532011,0.548321,0.374142,0.270099,0.633110,0.627032,0.498716,0.312359,0.549545,0.718673,0.030962,0.146485,0.527344,0.661495
0.745782,0.475983,0.668164,0.559036,0.446592,0.431223,0.831657,0.685375,0.602862,0.670744,0.791957,0.589431,0.866450,0.877505,0.000000,1.184290,0.510105,0.477460,0.547620,0.367178,0.236929,0.336727,0.610064,0.683550,0.436743,0.425042,0.230180,0.186305,0.612617,0.768389,0.432443,0.522969,0.478044,0.410174,0.368450,0.406050,0.421461,0.635016,0.240514,0.473876,0.423856,0.506531,0.621177,0.600658,0.499753,0.463761,0.729418,0.631398,0.367205,0.375832,0.392914,0.402904,0.400878,0.421752,0.482854,0.443087,0.452343,0.397604,0.360690,0.361036,0.384801,0.480742,0.450933,0.392067,0.564549,0.604669,0.429317,0.527609,0.542609,0.488171,0.544803,0.668024,0.530514,0.538099,0.574445,0.429079,0.637887,0.645516,0.410890,0.468531,0.674397,0.788026,0.545285,0.523658,0.724720,0.756208,0.174188,0.198633,0.434567,0.575560
0.664390,0.520999,0.381789,0.547968,0.519378,0.402775,0.587890,0.830531,0.593967,0.649129,0.692038,0.789362,0.561350,0.933930,1.184290,0.000000,0.548192,0.460146,0.577817,0.524173,0.111772,0.230270,0.334772,0.536677,0.145324,0.229520,0.169421,0.096475,0.648355,0.758188,0.332848,0.504766,0.367506,0.413054,0.135512,0.268556,0.454572,0.544957,0.259913,0.415258,0.341710,0.390054,0.471889,0.472156,0.332148,0.372726,0.628786,0.547244,0.398899,0.413409,0.389717,0.452754,0.469382,0.542219,0.491216,0.492462,0.514303,0.483405,0.460656,0.504714,0.355867,0.665118,0.644515,0.647819,0.351360,0.449306,0.296816,0.467238,0.504556,0.526350,0.514639,0.609737,0.479177,0.549818,0.592552,0.447381,0.592628,0.701043,0.279225,0.362164,0.694751,0.655450,0.683014,0.512482,0.751227,0.815786,0.352920,0.212079,0.494179,0.590979
0.678001,0.764544,0.131820,0.477027,0.408014,0.390073,0.314752,0.553659,0.372727,0.459915,0.683815,0.629580,0.346289,0.515882,0.510105,0.548192,0.000000,1.049395,0.554621,0.601476,0.405413,0.400306,0.155925,0.320206,0.228349,0.306914,0.121881,0.117037,1.235452,0.906798,0.667946,0.857196,0.545218,0.611448,0.110751,0.237584,0.476000,0.455779,0.366220,0.389076,0.520106,0.507368,0.540502,0.542119,0.421621,0.551879,0.594983,0.557854,0.467697,0.494881,0.381359,0.431199,0.407745,0.493816,0.588225,0.508073,0.786969,0.631454,0.450312,0.463071,0.293396,0.458339,0.587728,0.581401,0.082699,0.316134,0.287208,0.468904,0.590168,0.546355,0.383217,0.497346,0.529692,0.488753,0.583960,0.524195,0.585046,0.624834,0.774172,0.649764,1.117009,0.837897,0.616184,0.463222,0.589767,0.637038,0.275352,0.344389,0.315926,0.428037
0.786581,1.014595,0.168326,0.485618,0.461488,0.412708,0.389329,0.545565,0.324747,0.388897,0.602535,0.658174,0.346932,0.457716,0.477460,0.460146,1.049395,0.000000,0.624184,0.705767,0.405311,0.442399,0.160358,0.327089,0.211742,0.274853,0.185038,0.200886,0.827176,0.708900,0.382539,0.608074,0.649636,0.665081,0.259974,0.402167,0.359106,0.624737,0.339098,0.506492,0.651114,0.677431,0.471969,0.495667,0.498055,0.595642,0.605465,0.568464,0.581852,0.605812,0.467084,0.459390,0.394550,0.452729,0.572463,0.524804,0.989242,0.883013,0.535720,0.532783,0.392915,0.418724,0.514678,0.614700,0.102866,0.283251,0.396202,0.571635,0.781610,0.654650,0.490375,0.575734,0.736174,0.674027,0.711400,0.754337,0.618237,0.701892,0.597793,0.460311,0.920234,0.813539,0.482985,0.386305,0.553831,0.742119,0.173536,0.286269,0.365796,0.483583
0.879281,0.782424,0.446499,0.841730,0.687448,0.477475,0.681192,0.774885,0.394524,0.569232,0.803399,0.764004,0.431292,0.637033,0.547620,0.577817,0.554621,0.624184,0.000000,1.293470,0.302951,0.463970,0.360943,0.497863,0.186797,0.242737,0.100229,0.170157,0.637385,0.471693,0.197401,0.428188,0.787045,0.884065,0.257628,0.392523,0.414969,0.565045,0.080180,0.311957,0.381110,0.456344,0.561366,0.577491,0.644349,0.722457,0.665899,0.537743,0.667437,0.582059,0.504872,0.471901,0.550329,0.544556,0.524124,0.446404,0.789006,0.674902,0.569339,0.602181,0.480006,0.664310,0.547046,0.666207,0.362870,0.489314,0.605012,0.676029,0.639798,0.658867,0.496978,0.603551,0.741456,0.707949,0.704604,0.620103,0.648780,0.630387,0.369961,0.174297,0.694238,0.607018,0.534218,0.305485,0.499914,0.643321,0.087608,0.096356,0.418884,0.547638
0.737886,0.907942,0.125776,0.742916,0.523321,0.344690,0.426990,0.843401,0.267638,0.439848,0.663193,1.014756,0.325431,0.685013,0.367178,0.524173,0.601476,0.705767,1.293470,0.000000,0.163177,0.433300,0.053777,0.264305,-0.046060,0.097449,-0.108449,-0.005346,0.743655,0.544482,0.140075,0.421649,0.653179,0.957760,0.069543,0.281603,0.491833,0.508773,0.088651,0.185147,0.394617,0.544298,0.426653,0.493843,0.467504,0.642574,0.522987,0.450234,0.640784,0.589918,0.501230,0.474187,0.492060,0.489197,0.508423,0.468253,0.889035,0.865060,0.608186,0.694230,0.457829,0.703105,0.716945,0.982062,0.072587,0.280375,0.370301,0.596925,0.614360,0.765747,0.359098,0.493774,0.634245,0.712386,0.694623,0.724469,0.559117,0.614173,0.335455,0.064476,0.734350,0.606255,0.572105,0.326030,0.388555,0.676882,0.131108,0.160123,0.335568,0.477063
0.446867,0.343826,0.373851,0.460524,0.467686,0.414629,0.298376,0.174969,0.304592,0.263951,0.266884,0.136562,0.159426,0.068641,0.236929,0.111772,0.405413,0.405311,0.302951,0.163177,0.000000,0.814088,0.452473,0.470732,0.409740,0.403627,0.507331,0.526034,0.281770,0.185172,0.341041,0.422103,0.459775,0.310336,0.305662,0.351131,0.087195,0.478709,0.164062,0.619895,0.513142,0.315628,0.290919,0.287857,0.419191,0.370440,0.451360,0.397394,0.315091,0.319617,0.284592,0.280481,0.307465,0.326775,0.377572,0.367410,0.415635,0.356817,0.253351,0.218584,0.207618,0.106770,0.072847,0.122141,0.236548,0.317358,0.444922,0.425550,0.507940,0.264044,0.483719,0.528496,0.528390,0.290626,0.300982,0.303208,0.483869,0.489246,0.223558,0.407933,0.304387,0.333027,0.136177,0.132726,0.304245,0.301834,0.067153,0.205516,0.297849,0.357460
0.583400,0.500765,0.317943,0.550404,0.505816,0.468514,0.370519,0.443045,0.447153,0.464616,0.374323,0.467850,0.369300,0.424473,0.336727,0.230270,0.400306,0.442399,0.463970,0.433300,0.814088,0.000000,0.332120,0.450243,0.322187,0.397912,0.250911,0.332826,0.366643,0.294346,0.237344,0.432890,0.577179,0.589217,0.301812,0.406109,0.352493,0.632213,0.107643,0.357817,0.405752,0.637778,0.341265,0.384213,0.370785,0.486527,0.509250,0.508043,0.385840,0.438647,0.462351,0.462390,0.438492,0.482255,0.512034,0.455757,0.519295,0.509669,0.422596,0.436155,0.442629,0.417463,0.315359,0.375352,0.198315,0.451409,0.405473,0.533565,0.447893,0.327792,0.544094,0.742362,0.705224,0.659297,0.515072,0.559429,0.624394,0.571819,0.319252,0.233776,0.406371,0.422634,0.230502,0.091596,0.339332,0.405282,-0.010628,0.130343,0.374028,0.521903
0.409698,0.198500,1.530654,0.556929,0.512169,0.348228,0.603358,0.185115,0.459701,0.512744,0.254323,0.021807,0.368152,0.260648,0.610064,0.334772,0.155925,0.160358,0.360943,0.053777,0.452473,0.332120,0.000000,1.157358,0.643775,0.406376,0.397903,0.388532,0.071351,0.084778,0.375084,0.405602,0.513952,0.318505,0.940189,0.705285,0.164815,0.470428,0.036096,0.435495,0.282249,0.146126,0.515710,0.394505,0.694174,0.425388,0.583449,0.428160,0.388509,0.189090,0.312417,0.187784,0.354226,0.385973,0.339764,0.256835,0.171503,0.154287,0.123543,0.072055,0.154791,0.142519,-0.036639,-0.071117,1.002941,0.647399,0.814317,0.530193,0.359822,0.269279,0.525621,0.400252,0.261163,0.176323,0.184365,0.148527,0.499540,0.415963,0.150643,0.346359,0.146671,0.336043,0.093570,0.090036,0.458995,0.333580,-0.003021,0.129541,0.393737,0.503288
0.506587,0.336283,0.972279,0.970286,0.664397,0.580424,0.593207,0.435394,0.569071,0.755849,0.381831,0.215914,0.389752,0.418471,0.683550,0.536677,0.320206,0.327089,0.497863,0.264305,0.470732,0.450243,1.157358,0.000000,0.450509,0.519529,0.392818,0.363569,0.252022,0.224459,0.365167,0.640949,0.622506,0.547734,0.833064,0.759620,0.231409,0.539417,0.040989,0.484666,0.302612,0.247201,0.456372,0.371919,0.631357,0.519057,0.640094,0.442211,0.470313,0.295465,0.363040,0.275560,0.448516,0.496488,0.432710,0.327489,0.355299,0.315848,0.205607,0.214211,0.210030,0.384670,0.169648,0.166741,0.807360,0.827505,0.781068,0.708642,0.496483,0.437190,0.560341,0.533084,0.371414,0.308304,0.301081,0.301800,0.573712,0.581654,0.283675,0.407122,0.344473,0.474092,0.178759,0.089995,0.595189,0.517310,-0.003691,0.090203,0.440265,0.614101
0.325367,0.221086,0.513879,0.269789,0.339309,0.517424,0.273605,-0.021703,0.335344,0.283739,0.144930,-0.119722,0.184770,0.034257,0.436743,0.145324,0.228349,0.211742,0.186797,-0.046060,0.409740,0.322187,0.643775,0.450509,0.000000,1.040250,0.658536,0.620307,0.191232,0.280589,0.671579,0.483433,0.366469,0.217066,0.575223,0.425454,0.156581,0.408441,0.248265,0.522911,0.387037,0.249203,0.477788,0.360935,0.388575,0.255889,0.546541,0.475626,0.137295,0.092299,0.202507,0.124131,0.210525,0.222116,0.360546,0.241142,0.220920,0.134664,0.017599,0.011130,0.016187,-0.062773,-0.153109,-0.154516,0.395904,0.392894,0.470356,0.362584,0.312808,0.196140,0.238697,0.203484,0.184283,0.107993,0.167652,-0.002323,0.327610,0.238782,0.451611,0.534962,0.357521,0.549268,0.147167,0.212561,0.486026,0.328096,0.039616,0.082794,0.208436,0.315100
0.334485,0.254978,0.322622,0.523139,0.455815,0.892285,0.210821,0.109370,0.386777,0.374193,0.114813,-0.006014,0.167730,0.153095,0.425042,0.229520,0.306914,0.274853,0.242737,0.097449,0.403627,0.397912,0.406376,0.519529,1.040250,0.000000,0.682933,0.780650,0.343579,0.387723,0.663357,0.645158,0.468262,0.408211,0.454824,0.461967,0.195371,0.429206,0.217679,0.432676,0.333651,0.285000,0.468164,0.388761,0.349600,0.336766,0.521281,0.445617,0.119383,0.147852,0.121023,0.130205,0.136281,0.236961,0.330646,0.228328,0.311039,0.192220,-0.002893,0.078459,0.016714,0.060750,0.007897,-0.005190,0.263556,0.456065,0.394739,0.450608,0.315502,0.257932,0.222909,0.324132,0.175673,0.146702,0.311162,0.084919,0.362765,0.321296,0.595647,0.613884,0.454327,0.654903,0.156164,0.146304,0.462017,0.373446,-0.017627,0.034312,0.141438,0.278695
0.205657,0.117438,0.311369,0.263207,0.471791,0.710297,0.156741,-0.028694,0.257512,0.164664,-0.004484,-0.126307,-0.050671,-0.148442,0.230180,0.169421,0.121881,0.185038,0.100229,-0.108449,0.507331,0.250911,0.397903,0.392818,0.658536,0.682933,0.000000,1.266976,-0.019358,0.042943,0.291948,0.292511,0.180052,0.031867,0.317138,0.261499,-0.188384,0.284806,0.148950,0.587961,0.281037,0.036578,0.184060,0.135141,0.253485,0.153913,0.310810,0.260733,0.082891,0.171883,0.055007,0.106707,0.043263,0.163465,0.094025,0.188786,0.153575,0.091722,0.061455,0.089030,-0.036989,-0.065369,-0.242435,-0.108713,0.211084,0.118367,0.282100,0.210447,0.263839,0.027193,0.355377,0.315746,0.111113,0.074315,0.089796,-0.145399,0.187794,0.260580,0.068261,0.380119,0.081008,0.174394,0.001194,0.030466,0.289763,0.212788,0.193419,0.035684,0.111605,0.183941
0.222378,0.149438,0.306502,0.283557,0.498301,0.693962,0.171693,-0.022008,0.197644,0.136828,-0.034190,-0.070049,-0.027212,-0.079342,0.186305,0.096475,0.117037,0.200886,0.170157,-0.005346,0.526034,0.332826,0.388532,0.363569,0.620307,0.780650,1.266976,0.000000,0.029278,0.018718,0.287330,0.282835,0.339792,0.190021,0.411710,0.416333,-0.261092,0.229914,-0.005711,0.407165,0.187769,0.002589,0.155283,0.105577,0.234445,0.179347,0.287643,0.199865,0.088426,0.163202,0.034938,0.077622,-0.034403,0.134079,0.063152,0.124849,0.175322,0.118428,0.005774,0.057809,-0.012826,-0.058933,-0.153691,-0.051499,0.229019,0.184412,0.315684,0.269416,0.272667,0.041917,0.295654,0.314071,0.144344,0.086907,0.126009,-0.028281,0.157329,0.182884,0.133728,0.355586,0.089982,0.182079,-0.063636,-0.085620,0.160405,0.142716,-0.017401,-0.087336,0.066524,0.180383
0.630607,0.643471,0.092375,0.541219,0.383708,0.370559,0.347302,0.649366,0.361569,0.433295,0.720512,0.763813,0.408029,0.662167,0.612617,0.648355,1.235452,0.827176,0.637385,0.743655,0.281770,0.366643,0.071351,0.252022,0.191232,0.343579,-0.019358,0.029278,0.000000,1.308865,0.722787,0.861790,0.487598,0.658958,-0.031629,0.116092,0.628671,0.470582,0.296686,0.282064,0.519488,0.570978,0.620719,0.647008,0.406595,0.560893,0.565484,0.550085,0.406013,0.473947,0.350940,0.416317,0.372122,0.419067,0.555807,0.492975,0.686420,0.559010,0.402889,0.459358,0.322512,0.464421,0.735806,0.637443,0.000856,0.252921,0.189363,0.394358,0.458967,0.579680,0.291391,0.507180,0.568784,0.567333,0.683243,0.555690,0.548495,0.581337,0.852979,0.591543,1.220318,0.932794,0.710670,0.595881,0.519853,0.646790,0.242233,0.343902,0.258344,0.356847
0.598381,0.569307,0.133230,0.453055,0.343102,0.351448,0.412666,0.623515,0.399003,0.416030,0.617198,0.636061,0.464086,0.642281,0.768389,0.758188,0.906798,0.708900,0.471693,0.544482,0.185172,0.294346,0.084778,0.224459,0.280589,0.387723,0.042943,0.018718,1.308865,0.000000,0.661069,0.683694,0.384565,0.495264,-0.007877,0.121058,0.585907,0.570607,0.410975,0.390629,0.545834,0.575489,0.580332,0.618305,0.352441,0.450271,0.606650,0.620302,0.322594,0.398602,0.354037,0.396758,0.390835,0.408867,0.554739,0.521216,0.557047,0.539915,0.381660,0.442317,0.299159,0.414403,0.577594,0.531500,0.040436,0.267792,0.194917,0.412248,0.477558,0.574997,0.317170,0.490817,0.527317,0.525241,0.666102,0.500907,0.575537,0.645024,0.771887,0.629924,1.195163,1.113741,0.675860,0.747890,0.664844,0.784224,0.330488,0.360955,0.349985,0.433727
0.226838,0.201001,0.206948,0.287139,0.260647,0.326702,0.100631,0.125496,0.256767,0.251097,0.289039,0.128089,0.188192,0.258297,0.432443,0.332848,0.667946,0.382539,0.197401,0.140075,0.341041,0.237344,0.375084,0.365167,0.671579,0.663357,0.291948,0.287330,0.722787,0.661069,0.000000,1.311692,0.421415,0.442766,0.132488,0.118030,0.319706,0.320192,0.229651,0.277036,0.350739,0.247055,0.481462,0.400188,0.290361,0.301078,0.409765,0.394389,0.105451,0.091537,0.105073,0.106434,0.168121,0.228603,0.307208,0.230917,0.268547,0.110848,-0.044304,-0.006026,-0.033338,0.024198,0.222860,0.105217,0.089620,0.235706,0.136356,0.211744,0.193812,0.221474,0.130359,0.214438,0.147038,0.097782,0.204175,0.072282,0.362673,0.335118,0.760597,0.841328,0.656630,0.702004,0.284990,0.324011,0.432323,0.339002,0.137268,0.234539,0.172987,0.188426
0.392544,0.430559,0.219902,0.620305,0.419435,0.511126,0.182249,0.345528,0.340592,0.454834,0.460320,0.346891,0.264656,0.407938,0.522969,0.504766,0.857196,0.608074,0.428188,0.421649,0.422103,0.432890,0.405602,0.640949,0.483433,0.645158,0.292511,0.282835,0.861790,0.683694,1.311692,0.000000,0.644826,0.751796,0.229600,0.263927,0.442459,0.451180,0.185568,0.349267,0.428339,0.395167,0.519255,0.471272,0.403976,0.482041,0.534063,0.464098,0.281484,0.229593,0.195994,0.208968,0.272660,0.350277,0.420557,0.322234,0.508911,0.327889,0.098499,0.156286,0.051430,0.230673,0.418648,0.326343,0.146240,0.377230,0.268318,0.424361,0.367771,0.402951,0.344013,0.453018,0.330966,0.302448,0.421694,0.303674,0.581603,0.609629,0.772323,0.688868,0.860046,0.788533,0.384562,0.278079,0.508876,0.496188,0.122363,0.190202,0.228715,0.311008
0.754687,0.610761,0.445715,0.751957,0.744224,0.499653,0.504877,0.554655,0.429269,0.580069,0.437737,0.508955,0.403708,0.515060,0.478044,0.367506,0.545218,0.649636,0.787045,0.653179,0.459775,0.577179,0.513952,0.622506,0.366469,0.468262,0.180052,0.339792,0.487598,0.384565,0.421415,0.644826,0.000000,1.444140,0.617440,0.780160,0.269153,0.676913,0.148201,0.406270,0.345245,0.420778,0.530223,0.517953,0.717626,0.823905,0.731847,0.625345,0.713949,0.583604,0.512315,0.440288,0.511007,0.563413,0.558654,0.466959,0.735421,0.578975,0.407058,0.446475,0.509592,0.550802,0.506856,0.530863,0.447031,0.689827,0.732470,0.929348,0.593872,0.468083,0.447615,0.583578,0.627114,0.558703,0.503020,0.633359,0.621949,0.580136,0.369825,0.277987,0.598492,0.597780,0.305514,0.154606,0.467841,0.631296,-0.080660,0.114184,0.445129,0.627896
0.721538,0.744750,0.271636,0.801971,0.679830,0.478294,0.416414,0.697219,0.389286,0.594211,0.494409,0.683655,0.369662,0.623472,0.410174,0.413054,0.611448,0.665081,0.884065,0.957760,0.310336,0.589217,0.318505,0.547734,0.217066,0.408211,0.031867,0.190021,0.658958,0.495264,0.442766,0.751796,1.444140,0.000000,0.389103,0.610941,0.449804,0.586436,0.132578,0.249943,0.362347,0.491903,0.529759,0.527853,0.606042,0.806575,0.656954,0.560462,0.648487,0.573992,0.494113,0.446039,0.505358,0.578070,0.571525,0.472027,0.849299,0.698537,0.408931,0.507076,0.487970,0.687048,0.619601,0.700928,0.249505,0.576233,0.532581,0.814774,0.548865,0.591416,0.379830,0.553122,0.572736,0.582555,0.556695,0.640922,0.670424,0.650434,0.455715,0.231211,0.714368,0.660551,0.401405,0.190817,0.416840,0.607185,-0.031036,0.136187,0.379905,0.573692
0.464274,0.293901,0.865366,0.462388,0.411940,0.347596,0.454853,0.111446,0.353581,0.403795,0.116195,-0.047759,0.315068,0.156310,0.368450,0.135512,0.110751,0.259974,0.257628,0.069543,0.305662,0.301812,0.940189,0.833064,0.575223,0.454824,0.317138,0.411710,-0.031629,-0.007877,0.132488,0.229600,0.617440,0.389103,0.000000,1.250482,0.083205,0.449908,0.069682,0.507308,0.215480,0.116960,0.376434,0.290510,0.591413,0.388845,0.516875,0.366028,0.408127,0.262414,0.321833,0.226517,0.290978,0.375614,0.392614,0.285787,0.291569,0.308361,0.158812,0.150668,0.204089,0.154784,-0.098652,-0.065956,0.869887,0.696836,1.046682,0.742642,0.500950,0.319043,0.423226,0.293672,0.302632,0.203295,0.215297,0.285534,0.450438,0.354493,0.166556,0.281702,0.123817,0.321360,-0.001851,-0.027959,0.389657,0.352557,-0.175395,0.005848,0.341372,0.536476
0.700648,0.487476,0.720796,0.618979,0.586705,0.455859,0.557699,0.348584,0.400673,0.524086,0.190558,0.170630,0.352617,0.297126,0.406050,0.268556,0.237584,0.402167,0.392523,0.281603,0.351131,0.406109,0.705285,0.759620,0.425454,0.461967,0.261499,0.416333,0.116092,0.121058,0.118030,0.263927,0.780160,0.610941,1.250482,0.000000,0.167840,0.598042,0.167348,0.544393,0.312100,0.302393,0.421517,0.354018,0.634483,0.496590,0.637460,0.466557,0.576297,0.414546,0.460566,0.355000,0.397469,0.514692,0.556221,0.429152,0.498365,0.476781,0.345677,0.376370,0.399956,0.385109,0.086365,0.204315,0.733856,0.821890,1.096453,1.081856,0.665561,0.459841,0.437998,0.409251,0.490789,0.388515,0.389951,0.533611,0.576567,0.486546,0.176946,0.247494,0.231474,0.409575,0.127460,0.021533,0.430250,0.477503,-0.119328,0.042855,0.438329,0.710142
0.517442,0.551083,0.213699,0.461428,0.181036,0.147338,0.301441,0.471062,0.280445,0.359188,0.457143,0.484235,0.436255,0.508313,0.421461,0.454572,0.476000,0.359106,0.414969,0.491833,0.087195,0.352493,0.164815,0.231409,0.156581,0.195371,-0.188384,-0.261092,0.628671,0.585907,0.319706,0.442459,0.269153,0.449804,0.083205,0.167840,0.000000,0.510470,0.517856,0.275677,0.484130,0.661519,0.625944,0.600429,0.393633,0.416593,0.516669,0.575456,0.377788,0.343071,0.448601,0.408398,0.453362,0.462462,0.620096,0.526529,0.480054,0.496192,0.418151,0.447624,0.338625,0.414916,0.421959,0.315633,0.095927,0.256640,0.310988,0.383145,0.295759,0.504708,0.281781,0.341638,0.438086,0.455316,0.635307,0.454664,0.639376,0.540494,0.406923,0.088537,0.553504,0.568027,0.635022,0.437033,0.468384,0.448790,0.276005,0.463710,0.288357,0.369428
0.857244,0.676635,0.538103,0.722511,0.605085,0.444363,0.566503,0.584496,0.472419,0.574817,0.377238,0.480285,0.455837,0.558182,0.635016,0.544957,0.455779,0.624737,0.565045,0.508773,0.478709,0.632213,0.470428,0.539417,0.408441,0.429206,0.284806,0.229914,0.470582,0.570607,0.320192,0.451180,0.676913,0.586436,0.449908,0.598042,0.510470,0.000000,0.468529,0.887648,0.715785,0.762380,0.622026,0.651167,0.717525,0.619711,1.009634,0.995468,0.733906,0.596844,0.699860,0.555160,0.678648,0.738721,0.853164,0.815972,0.683906,0.787655,0.668306,0.678004,0.465511,0.435903,0.284413,0.374379,0.356882,0.524125,0.737480,1.004807,0.805253,0.683926,0.610844,0.680761,0.686596,0.632626,0.696921,0.685872,0.876274,0.856566,0.251097,0.303021,0.525131,0.657977,0.460145,0.367056,0.670005,0.864476,0.190577,0.365957,0.751355,0.913707
0.306604,0.299979,0.114200,0.193118,0.099332,0.061108,0.119349,0.164626,0.083980,0.044512,0.070004,0.097712,0.096327,0.075873,0.240514,0.259913,0.366220,0.339098,0.080180,0.088651,0.164062,0.107643,0.036096,0.040989,0.248265,0.217679,0.148950,-0.005711,0.296686,0.410975,0.229651,0.185568,0.148201,0.132578,0.069682,0.167348,0.517856,0.468529,0.000000,0.729853,0.547752,0.460223,0.358584,0.324730,0.226503,0.155738,0.430456,0.578552,0.245666,0.274845,0.280474,0.274802,0.308788,0.298642,0.547312,0.657230,0.285425,0.271065,0.320685,0.335435,0.189547,0.107572,0.018080,0.012293,-0.106933,0.007703,0.203676,0.308902,0.264083,0.243376,0.213045,0.182042,0.228959,0.167192,0.235304,0.157836,0.377644,0.367923,0.049828,0.042616,0.266106,0.310431,0.858726,0.745130,0.449781,0.415533,0.748084,0.881265,0.277827,0.312941
0.615721,0.489879,0.478054,0.520990,0.453016,0.388810,0.407171,0.271392,0.312230,0.322925,0.231531,0.130956,0.210856,0.128988,0.473876,0.415258,0.389076,0.506492,0.311957,0.185147,0.619895,0.357817,0.435495,0.484666,0.522911,0.432676,0.587961,0.407165,0.282064,0.390629,0.277036,0.349267,0.406270,0.249943,0.507308,0.544393,0.275677,0.887648,0.729853,0.000000,0.793414,0.445714,0.442725,0.417984,0.522402,0.371732,0.745910,0.708637,0.481559,0.466691,0.490444,0.451881,0.504635,0.504434,0.700122,0.762719,0.504686,0.534978,0.449444,0.457133,0.255939,0.174878,0.057793,0.138213,0.304376,0.341298,0.666773,0.708099,0.715447,0.456846,0.546840,0.466184,0.521588,0.359804,0.394132,0.315214,0.691287,0.722379,0.148256,0.361300,0.393302,0.501372,0.442475,0.432408,0.730090,0.720234,0.413206,0.402388,0.520197,0.632026
0.541658,0.650497,0.282614,0.452917,0.286529,0.309862,0.338311,0.315504,0.147014,0.230912,0.375119,0.252452,0.252200,0.192577,0.423856,0.341710,0.520106,0.651114,0.381110,0.394617,0.513142,0.405752,0.282249,0.302612,0.387037,0.333651,0.281037,0.187769,0.519488,0.545834,0.350739,0.428339,0.345245,0.362347,0.215480,0.312100,0.484130,0.715785,0.547752,0.793414,0.000000,0.753993,0.513280,0.505706,0.493904,0.371318,0.621214,0.593730,0.355273,0.377747,0.300506,0.276478,0.327852,0.303005,0.531881,0.514593,0.614672,0.597129,0.311936,0.377795,0.180304,0.145422,0.171117,0.204898,0.109538,0.153451,0.366847,0.477386,0.623471,0.523426,0.516076,0.441464,0.559186,0.432312,0.538763,0.399674,0.690216,0.677680,0.305247,0.316546,0.594054,0.597468,0.471520,0.543998,0.559144,0.668302,0.413259,0.486276,0.364909,0.410811
0.605525,0.728497,0.183688,0.452183,0.271035,0.291705,0.325820,0.485095,0.245322,0.369747,0.426836,0.533401,0.352525,0.454839,0.506531,0.390054,0.507368,0.677431,0.456344,0.544298,0.315628,0.637778,0.146126,0.247201,0.249203,0.285000,0.036578,0.002589,0.570978,0.575489,0.247055,0.395167,0.420778,0.491903,0.116960,0.302393,0.661519,0.762380,0.460223,0.445714,0.753993,0.000000,0.418303,0.462645,0.382932,0.424732,0.575039,0.628614,0.404957,0.429061,0.508314,0.463458,0.417105,0.407141,0.607339,0.520674,0.664136,0.625834,0.504026,0.548336,0.398119,0.402575,0.348799,0.447593,0.070403,0.304774,0.326422,0.548184,0.460000,0.480487,0.353353,0.459278,0.697371,0.737019,0.726977,0.666562,0.514825,0.503161,0.380509,0.176111,0.585778,0.616305,0.488596,0.374892,0.461915,0.600775,0.138246,0.341331,0.346379,0.496774
0.843463,0.599971,0.602907,0.625007,0.541133,0.530016,0.558424,0.496002,0.531657,0.603175,0.528194,0.407837,0.511367,0.461550,0.621177,0.471889,0.540502,0.471969,0.561366,0.426653,0.290919,0.341265,0.515710,0.456372,0.477788,0.468164,0.184060,0.155283,0.620719,0.580332,0.481462,0.519255,0.530223,0.529759,0.376434,0.421517,0.625944,0.622026,0.358584,0.442725,0.513280,0.418303,0.000000,1.817419,1.241966,1.129064,1.148257,1.062776,0.708420,0.719934,0.597776,0.622235,0.630531,0.576645,0.844510,0.757436,0.576416,0.488950,0.497600,0.538130,0.394597,0.414416,0.284857,0.282978,0.332558,0.457933,0.619954,0.610831,0.459749,0.451572,0.382688,0.454328,0.407934,0.382512,0.511994,0.472743,0.693237,0.599682,0.461027,0.363813,0.543561,0.606057,0.485722,0.355820,0.551687,0.556076,0.231055,0.321842,0.377612,0.534155
0.871002,0.625776,0.515974,0.601879,0.535218,0.515776,0.565427,0.575022,0.520244,0.595178,0.582121,0.511020,0.521747,0.486633,0.600658,0.472156,0.542119,0.495667,0.577491,0.493843,0.287857,0.384213,0.394505,0.371919,0.360935,0.388761,0.135141,0.105577,0.647008,0.618305,0.400188,0.471272,0.517953,0.527853,0.290510,0.354018,0.600429,0.651167,0.324730,0.417984,0.505706,0.462645,1.817419,0.000000,1.201746,1.252360,1.160530,1.196521,0.744820,0.881550,0.633740,0.776626,0.660828,0.628273,0.870591,0.871340,0.604773,0.539254,0.601326,0.678254,0.463499,0.481362,0.325353,0.362806,0.267240,0.409044,0.563375,0.628544,0.482537,0.466657,0.421868,0.530563,0.482296,0.481821,0.527938,0.517125,0.732173,0.661203,0.414066,0.296198,0.568015,0.588070,0.500035,0.379851,0.500859,0.567032,0.252155,0.315642,0.373186,0.522928
0.827157,0.592885,0.813096,0.783899,0.708836,0.491165,0.653124,0.481915,0.509907,0.581281,0.412950,0.344615,0.441008,0.380649,0.499753,0.332148,0.421621,0.498055,0.644349,0.467504,0.419191,0.370785,0.694174,0.631357,0.388575,0.349600,0.253485,0.234445,0.406595,0.352441,0.290361,0.403976,0.717626,0.606042,0.591413,0.634483,0.393633,0.717525,0.226503,0.522402,0.493904,0.382932,1.241966,1.201746,0.000000,1.446285,1.185483,0.991146,1.055311,0.848117,0.692143,0.609679,0.680516,0.630589,0.764637,0.714948,0.577275,0.556523,0.572155,0.579496,0.450985,0.429611,0.169851,0.261099,0.509594,0.547567,0.941122,0.852477,0.606455,0.520561,0.470394,0.481590,0.463464,0.386655,0.438342,0.508028,0.647699,0.585651,0.266244,0.293067,0.386270,0.496579,0.307317,0.235751,0.480014,0.557877,0.114846,0.319045,0.452944,0.617019
0.887265,0.725148,0.503760,0.773904,0.792761,0.560975,0.533535,0.648065,0.590718,0.679384,0.480304,0.575050,0.398191,0.493502,0.463761,0.372726,0.551879,0.595642,0.722457,0.642574,0.370440,0.486527,0.425388,0.519057,0.255889,0.336766,0.153913,0.179347,0.560893,0.450271,0.301078,0.482041,0.823905,0.806575,0.388845,0.496590,0.416593,0.619711,0.155738,0.371732,0.371318,0.424732,1.129064,1.252360,1.446285,0.000000,1.096823,1.038398,1.165383,1.196741,0.822026,0.869972,0.774046,0.727344,0.849842,0.766238,0.734106,0.666234,0.708189,0.788696,0.561230,0.670865,0.435258,0.536163,0.349245,0.572055,0.737885,0.818969,0.553483,0.498717,0.381215,0.511821,0.512637,0.527324,0.509282,0.607273,0.605811,0.574788,0.384212,0.276778,0.521594,0.538054,0.328339,0.181923,0.483457,0.591558,0.068721,0.196935,0.435423,0.629980
1.129011,0.842777,0.665221,0.785330,0.831744,0.647134,0.667120,0.664565,0.709146,0.803737,0.504983,0.510974,0.506346,0.533362,0.729418,0.628786,0.594983,0.605465,0.665899,0.522987,0.451360,0.509250,0.583449,0.640094,0.546541,0.521281,0.310810,0.287643,0.565484,0.606650,0.409765,0.534063,0.731847,0.656954,0.516875,0.637460,0.516669,1.009634,0.430456,0.745910,0.621214,0.575039,1.148257,1.160530,1.185483,1.096823,0.000000,1.680469,1.034053,0.889809,0.848443,0.785082,0.942477,1.041920,1.221295,1.072344,0.820939,0.827665,0.754720,0.814142,0.522826,0.625273,0.333670,0.421730,0.468839,0.648108,0.867666,1.028848,0.889727,0.701999,0.528244,0.555041,0.544913,0.491419,0.600610,0.625737,0.953252,0.858076,0.371298,0.374913,0.679496,0.777541,0.555688,0.382363,0.806044,0.876388,0.240268,0.342101,0.726257,1.005310
0.949410,0.756614,0.530679,0.615530,0.674895,0.509770,0.529008,0.602137,0.611682,0.656403,0.417791,0.501394,0.428108,0.496046,0.631398,0.547244,0.557854,0.568464,0.537743,0.450234,0.397394,0.508043,0.428160,0.442211,0.475626,0.445617,0.260733,0.199865,0.550085,0.620302,0.394389,0.464098,0.625345,0.560462,0.366028,0.466557,0.575456,0.995468,0.578552,0.708637,0.593730,0.628614,1.062776,1.196521,0.991146,1.038398,1.680469,0.000000,0.912104,0.941324,0.847101,0.896351,0.910362,0.993491,1.237352,1.234519,0.742918,0.733609,0.794911,0.891039,0.544239,0.587704,0.310422,0.373330,0.315245,0.531385,0.720370,0.893296,0.685023,0.557767,0.492609,0.491576,0.503427,0.478790,0.537366,0.521423,0.822873,0.727097,0.321239,0.291133,0.594881,0.692141,0.627699,0.474729,0.751414,0.792596,0.348302,0.445403,0.700660,0.901252
0.933491,0.757371,0.502271,0.681213,0.848375,0.396938,0.507791,0.675334,0.561234,0.641919,0.381466,0.600758,0.327990,0.470651,0.367205,0.398899,0.467697,0.581852,0.667437,0.640784,0.315091,0.385840,0.388509,0.470313,0.137295,0.119383,0.082891,0.088426,0.406013,0.322594,0.105451,0.281484,0.713949,0.648487,0.408127,0.576297,0.377788,0.733906,0.245666,0.481559,0.355273,0.404957,0.708420,0.744820,1.055311,1.165383,1.034053,0.912104,0.000000,1.242137,1.211320,0.928104,1.088031,0.983793,0.976072,0.866924,0.807220,0.857317,1.074052,1.016513,0.676733,0.753120,0.452618,0.612098,0.356807,0.506425,0.849504,0.915804,0.775029,0.692521,0.327749,0.409320,0.538828,0.555367,0.462062,0.716514,0.581703,0.558281,0.193570,0.109947,0.426500,0.415417,0.400548,0.197097,0.550624,0.682360,0.113079,0.285701,0.678077,0.899957
