0.000000,1.763606,1.131300,1.185954,0.411300,0.571621,0.772983,1.001608,0.341190,0.497714,1.013414,1.171349,0.942386,1.163711,0.935301,0.577940,1.160983,1.149565,1.565167,1.516788,0.735731,0.782674,0.904162,1.013531,0.923793,0.785593,0.498992,0.718599,0.342479,0.486723,0.633606,0.801254,1.098481,1.210826,0.482217,0.646279,0.750571,0.783130,0.807788,1.017913,0.887324,0.539648,1.045951,0.990390,1.157910,1.192726,1.284047,1.164163,1.055344,1.088430,1.107858,1.107653,1.021371,1.035192,1.017313,1.210905,1.638481,1.548972,0.996072,1.027750,0.583585,0.598732,0.965720,0.830695,0.555713,0.812736,1.133044,1.135379,1.223679,1.231068,0.777002,0.562929,0.758747,0.741881,0.726192,0.629690,0.939152,0.975518,0.432235,0.844666,1.161495,1.181634,0.772182,0.688630,1.184958,1.150835,0.871272,0.823951,1.154277,1.156647
1.763606,0.000000,1.092130,1.210683,0.370098,0.546527,0.724742,1.016389,0.338340,0.527883,0.983068,1.236821,0.888921,1.226796,0.903641,0.597942,1.332431,1.354383,1.592020,1.788901,0.770685,0.785011,0.872680,0.975276,0.943100,0.747498,0.463817,0.742826,0.410671,0.576104,0.660052,0.779944,1.203391,1.330163,0.434531,0.630067,0.781702,0.817930,0.816894,0.984833,0.957511,0.591374,1.129376,1.099360,1.323162,1.388601,1.424011,1.347701,1.071767,1.150438,1.180311,1.193496,0.994564,1.099474,1.021029,1.313737,1.908739,2.014195,0.885395,1.054615,0.494667,0.562242,0.936110,0.870743,0.493612,0.732612,1.123951,1.201314,1.468244,1.464975,0.687197,0.520520,0.775811,0.834655,0.719071,0.593696,0.880656,0.910781,0.474043,1.007235,1.322714,1.379811,0.768606,0.665609,1.218188,1.246560,0.823123,0.769822,1.080335,1.190458
1.131300,1.092130,0.000000,1.755920,0.643590,0.720787,1.316858,1.350879,0.545747,0.738559,0.787472,0.889480,0.984260,1.043015,1.082845,0.679930,0.765676,0.953998,1.396350,1.191592,0.749660,0.771568,1.668436,1.560644,1.244756,1.033221,0.395150,0.727261,0.240586,0.430239,0.687642,0.776841,1.096839,1.167525,0.733806,0.725766,0.662658,0.695737,0.710191,0.920461,0.921847,0.557499,1.132005,0.933436,0.950157,1.067507,1.201728,1.212406,0.975969,1.112671,1.176696,1.285816,1.040879,1.204054,0.752891,1.240270,1.228699,1.017393,1.301622,1.145464,0.610334,0.636513,0.675291,0.626880,0.715417,1.084306,1.415576,1.322475,1.287846,1.182432,0.744717,0.608674,0.681555,0.788771,0.835400,0.688599,0.929168,0.949565,0.272756,0.786940,0.972624,1.095518,0.830299,0.724973,1.230356,1.108970,1.003378,0.919212,1.346719,1.394379
1.185954,1.210683,1.755920,0.000000,0.606923,0.749237,1.216867,1.580828,0.546651,0.801146,0.819697,0.891285,0.942669,1.081993,0.978770,0.618832,0.829107,1.025132,1.339585,1.301418,0.742344,0.769833,1.417327,1.437264,1.165174,1.001375,0.437555,0.718258,0.235536,0.438880,0.597779,0.736698,1.196017,1.324336,0.690846,0.735690,0.712843,0.788662,0.704824,0.920312,0.937970,0.586601,1.311797,1.130447,1.173625,1.285827,1.439226,1.431081,1.081665,1.259168,1.294441,1.413465,1.011301,1.281365,0.871369,1.348356,1.341939,1.120661,1.254672,1.284583,0.621878,0.690867,0.728068,0.659052,0.697264,1.109751,1.554815,1.554465,1.385421,1.346413,0.739809,0.619672,0.698429,0.839790,0.869743,0.726791,0.982590,1.047323,0.329220,0.814813,1.064030,1.128163,0.768935,0.676657,1.262591,1.140080,0.919706,0.787244,1.257168,1.336920
0.411300,0.370098,0.643590,0.606923,0.000000,1.197713,0.703198,0.551905,1.435972,1.046485,0.405271,0.427941,0.594750,0.463373,0.673672,0.714362,0.215323,0.423318,0.533684,0.485649,0.391190,0.519235,0.744014,0.647303,0.690110,0.959545,0.603660,0.632033,-0.007149,0.171981,0.285492,0.254272,0.482748,0.521878,0.614301,0.261141,0.175926,0.395685,0.137786,0.340805,0.377324,0.154183,0.607004,0.560842,0.522675,0.532855,0.508305,0.572109,0.563349,0.604038,0.538162,0.634668,0.386174,0.526395,0.217102,0.523467,0.410402,0.318707,0.498008,0.512806,0.393123,0.432522,0.269540,0.356885,0.297441,0.510950,0.595913,0.561209,0.473421,0.466597,0.322466,0.201596,0.425642,0.524864,0.493575,0.409782,0.537822,0.552587,-0.082264,0.307525,0.221314,0.344589,0.346720,0.311871,0.308346,0.374604,0.346028,0.345342,0.415417,0.542363
0.571621,0.546527,0.720787,0.749237,1.197713,0.000000,0.714761,0.699175,1.013703,1.112128,0.517900,0.588077,0.650095,0.630037,0.730416,0.637735,0.365378,0.562162,0.695704,0.636737,0.528904,0.695014,0.787520,0.730334,0.704808,0.947809,0.760373,0.870680,0.065722,0.264163,0.448339,0.356456,0.636725,0.705555,0.529158,0.345923,0.380503,0.542135,0.261458,0.491387,0.489825,0.275197,0.737418,0.650262,0.682497,0.671375,0.687086,0.732636,0.751387,0.795667,0.728161,0.765399,0.609041,0.753400,0.372909,0.671510,0.569106,0.480298,0.619315,0.728808,0.474187,0.586075,0.418425,0.454337,0.349284,0.558291,0.696928,0.654231,0.607480,0.611774,0.479253,0.349476,0.514610,0.584564,0.508864,0.407193,0.566704,0.627609,0.098090,0.373840,0.450600,0.563150,0.424465,0.439456,0.513012,0.575060,0.457324,0.383048,0.580874,0.761750
0.772983,0.724742,1.316858,1.216867,0.703198,0.714761,0.000000,1.488762,0.659721,0.869908,0.767130,0.761664,1.114940,0.944539,0.928236,0.624632,0.549499,0.764594,0.908903,0.796834,0.566851,0.603392,1.187152,0.958615,0.782190,0.811884,0.287461,0.469802,0.163485,0.374861,0.552855,0.584779,0.953742,0.984548,0.673617,0.546049,0.533161,0.560851,0.506737,0.694532,0.778417,0.484674,0.964862,0.819752,0.800037,0.822606,0.948594,0.941365,0.900727,0.976180,0.938392,1.009520,0.839856,0.998574,0.666962,0.996209,0.777703,0.648278,1.263745,1.055295,0.941178,0.993285,0.634387,0.636874,0.763402,0.904277,1.137905,0.983007,0.868834,0.778165,0.603403,0.509990,0.701052,0.766122,0.890552,0.836342,0.915457,0.880388,0.146379,0.576508,0.694346,0.774982,0.659244,0.614736,0.865882,0.719036,0.804521,0.768764,1.109844,1.064501
1.001608,1.016389,1.350879,1.580828,0.551905,0.699175,1.488762,0.000000,0.538924,0.878923,0.846810,0.903994,1.052930,1.217055,0.863322,0.615427,0.790031,0.958708,1.110206,1.082268,0.698715,0.701916,1.128045,1.053687,0.846126,0.795358,0.337385,0.532817,0.215024,0.430743,0.589519,0.682754,1.190226,1.350314,0.626490,0.625502,0.608321,0.674206,0.591221,0.768173,0.905638,0.567608,1.305363,1.072827,1.090556,1.084037,1.296989,1.249289,1.038260,1.144965,1.132128,1.140653,0.982660,1.202279,0.821476,1.200130,1.076957,0.921497,1.299839,1.298840,0.821070,1.040473,0.774183,0.689992,0.728741,1.052331,1.321536,1.251803,1.134896,1.062448,0.696284,0.571758,0.764289,0.860888,0.929701,0.826439,0.915797,0.968578,0.282260,0.748123,0.976436,0.981369,0.655254,0.603736,1.129261,0.976883,0.818852,0.718097,1.219300,1.243356
0.341190,0.338340,0.545747,0.546651,1.435972,1.013703,0.659721,0.538924,0.000000,1.107541,0.432837,0.405783,0.615424,0.459673,0.629408,0.751079,0.208664,0.393858,0.464820,0.434377,0.305816,0.411312,0.640647,0.543804,0.609186,0.801309,0.542085,0.541269,0.027808,0.175252,0.231294,0.208561,0.457182,0.490644,0.522410,0.261221,0.112255,0.373991,0.049327,0.219194,0.278665,0.125078,0.573936,0.542466,0.490096,0.464233,0.462611,0.533835,0.503624,0.516647,0.515027,0.542774,0.332174,0.463960,0.181923,0.431405,0.347067,0.257778,0.372335,0.399204,0.354234,0.411465,0.277365,0.366584,0.244972,0.435029,0.497288,0.484025,0.400000,0.407711,0.236166,0.104168,0.350291,0.456890,0.518095,0.335395,0.477432,0.502899,-0.053744,0.329285,0.190445,0.285084,0.245961,0.207997,0.236586,0.298402,0.195259,0.228932,0.322764,0.424966
0.497714,0.527883,0.738559,0.801146,1.046485,1.112128,0.869908,0.878923,1.107541,0.000000,0.520219,0.595864,0.773600,0.736143,0.714770,0.858917,0.338846,0.475565,0.627088,0.614756,0.448406,0.534544,0.788836,0.734093,0.677615,0.831777,0.519336,0.569695,-0.020520,0.172412,0.329515,0.272257,0.661336,0.697421,0.544481,0.356437,0.303631,0.461950,0.214714,0.447919,0.486509,0.308013,0.768922,0.698248,0.678318,0.670295,0.687239,0.728393,0.704722,0.754292,0.718851,0.798078,0.538986,0.707766,0.360294,0.640583,0.521063,0.433298,0.638450,0.700411,0.452908,0.688134,0.341325,0.388337,0.422565,0.685240,0.688700,0.671094,0.615210,0.587528,0.405316,0.264182,0.435153,0.548401,0.545123,0.433795,0.570300,0.632756,-0.029922,0.401039,0.373188,0.452721,0.353268,0.334957,0.498335,0.557817,0.432427,0.380572,0.586918,0.718801
1.013414,0.983068,0.787472,0.819697,0.405271,0.517900,0.767130,0.846810,0.432837,0.520219,0.000000,1.273595,1.360592,1.245384,1.043992,0.655281,0.936142,0.922881,0.952172,0.928469,0.454218,0.533877,0.690374,0.726156,0.755617,0.615557,0.371536,0.507471,0.369109,0.509244,0.502407,0.613941,0.946079,1.021555,0.471596,0.506554,0.651055,0.709152,0.493801,0.723680,0.666902,0.454842,0.755241,0.674609,0.707879,0.666203,0.846293,0.749503,0.724403,0.711324,0.687001,0.727973,0.688100,0.666265,0.725921,0.737265,0.922042,0.872537,0.770301,0.673149,0.698478,0.628917,0.884627,0.728479,0.540219,0.687192,0.686321,0.628927,0.721555,0.708819,0.487885,0.335523,0.660623,0.674868,0.720388,0.579962,0.819492,0.731226,0.411052,0.573331,0.760307,0.738109,0.586709,0.525918,0.878209,0.739890,0.677365,0.560691,0.898759,0.721026
1.171349,1.236821,0.889480,0.891285,0.427941,0.588077,0.761664,0.903994,0.405783,0.595864,1.273595,0.000000,1.163905,1.646841,0.964676,0.701693,1.006091,1.052212,1.092887,1.067005,0.652825,0.676016,0.741682,0.771230,0.815867,0.701261,0.488529,0.658125,0.350675,0.532909,0.649341,0.704799,0.971208,1.061298,0.407479,0.544711,0.767135,0.763709,0.621446,0.877875,0.792504,0.496701,0.833381,0.775511,0.890518,0.872901,0.964593,0.883335,0.933790,0.947997,0.927656,0.891633,0.883676,0.831731,0.895145,0.932966,1.050618,1.071914,0.916679,0.855217,0.702585,0.696560,0.922723,0.851352,0.567916,0.670961,0.815861,0.762733,0.879270,0.821306,0.643131,0.446914,0.686085,0.685184,0.675511,0.584119,0.806145,0.779493,0.380966,0.649672,0.860069,0.905942,0.607303,0.603160,0.939247,0.901825,0.733021,0.640174,1.031122,0.930119
0.942386,0.888921,0.984260,0.942669,0.594750,0.650095,1.114940,1.052930,0.615424,0.773600,1.360592,1.163905,0.000000,1.277702,1.129070,0.750847,0.678888,0.821383,0.952654,0.883285,0.558265,0.616573,0.904544,0.815383,0.764151,0.737005,0.383931,0.499178,0.200229,0.364613,0.469411,0.534008,0.952595,0.985439,0.539951,0.442013,0.596729,0.675465,0.504814,0.702128,0.764941,0.432966,0.798912,0.696871,0.741375,0.716922,0.837110,0.785617,0.839788,0.813656,0.781980,0.805160,0.740361,0.729642,0.657330,0.821678,0.835666,0.766946,0.989878,0.835609,0.907390,0.821537,0.741936,0.716563,0.636790,0.779668,0.846950,0.736245,0.817578,0.760878,0.581864,0.440677,0.624627,0.662584,0.750682,0.725173,0.853197,0.787568,0.204986,0.602049,0.693839,0.770226,0.550673,0.498630,0.882099,0.747249,0.729029,0.657134,1.073807,0.893859
1.163711,1.226796,1.043015,1.081993,0.463373,0.630037,0.944539,1.217055,0.459673,0.736143,1.245384,1.646841,1.277702,0.000000,1.000111,0.789178,0.946852,0.976156,1.141472,1.090521,0.684245,0.720907,0.842120,0.904114,0.856507,0.745463,0.462676,0.661713,0.309157,0.517413,0.658535,0.739997,1.120655,1.239716,0.471908,0.622275,0.800671,0.763313,0.667735,0.894273,0.853523,0.549956,0.972118,0.877106,0.985068,0.988322,1.090478,1.015881,0.970422,1.027075,1.029041,0.990990,0.894351,0.946412,0.909941,1.038079,1.126800,1.082688,1.049668,0.973741,0.744611,0.794982,0.871429,0.782183,0.629642,0.844939,0.961785,0.929231,0.999231,0.926235,0.651713,0.440606,0.696487,0.726516,0.713862,0.614865,0.814193,0.800543,0.350710,0.655564,0.910925,0.940021,0.622080,0.601264,1.072222,1.042197,0.789443,0.666640,1.154138,1.056007
0.935301,0.903641,1.082845,0.978770,0.673672,0.730416,0.928236,0.863322,0.629408,0.714770,1.043992,0.964676,1.129070,1.000111,0.000000,0.976957,0.697246,0.820964,1.078710,0.935056,0.666894,0.660348,1.115871,1.050429,1.146299,0.991126,0.577434,0.832374,0.325804,0.553647,0.692532,0.726601,1.009789,1.035767,0.673930,0.598194,0.646885,0.671295,0.581815,0.773587,0.730341,0.438121,0.785692,0.718740,0.751805,0.766655,0.846513,0.851027,0.723511,0.783778,0.789484,0.931197,0.773209,0.789703,0.622686,0.786048,0.872196,0.783806,0.787315,0.700553,0.541151,0.519014,0.659725,0.597561,0.687892,0.920266,0.781059,0.741045,0.794234,0.784196,0.496519,0.320921,0.544243,0.656487,0.597795,0.516212,0.693288,0.624688,0.323399,0.652582,0.783624,0.843422,0.769838,0.685066,0.942839,0.887974,0.710467,0.680570,0.969100,0.885187
0.577940,0.597942,0.679930,0.618832,0.714362,0.637735,0.624632,0.615427,0.751079,0.858917,0.655281,0.701693,0.750847,0.789178,0.976957,0.000000,0.465119,0.529992,0.715832,0.668022,0.548327,0.518468,0.732581,0.784758,0.797160,0.854170,0.549298,0.698389,0.209662,0.430321,0.616324,0.591493,0.661036,0.732755,0.473427,0.418745,0.437005,0.540708,0.423509,0.519117,0.520799,0.465429,0.617594,0.620143,0.584403,0.566189,0.585545,0.592070,0.525996,0.536636,0.585164,0.659647,0.496820,0.492260,0.485286,0.561685,0.555599,0.521077,0.459266,0.436915,0.292361,0.394309,0.376061,0.377737,0.559728,0.697996,0.532649,0.554826,0.558203,0.524357,0.385684,0.212081,0.474338,0.542962,0.543936,0.432874,0.463154,0.463411,0.112845,0.465608,0.434744,0.463576,0.478910,0.514508,0.551884,0.607735,0.353078,0.448073,0.513286,0.557913
1.160983,1.332431,0.765676,0.829107,0.215323,0.365378,0.549499,0.790031,0.208664,0.338846,0.936142,1.006091,0.678888,0.946852,0.697246,0.465119,0.000000,1.414275,1.153686,1.231733,0.630749,0.580556,0.594446,0.663869,0.712795,0.491148,0.275131,0.546393,0.683440,0.793294,0.610256,0.709788,1.086875,1.147186,0.329125,0.509130,0.704338,0.815616,0.685877,0.824727,0.800087,0.622495,0.975834,0.972428,0.991964,0.962600,1.105536,1.059406,0.814730,0.803252,0.824125,0.870020,0.785288,0.791131,0.834327,0.956256,1.263912,1.274778,0.647290,0.761413,0.365666,0.464773,1.000503,0.899832,0.371673,0.528267,0.831419,0.869661,0.987564,1.008020,0.422050,0.307900,0.793187,0.803223,0.687597,0.510718,0.672936,0.662066,0.544040,1.032104,1.238556,1.077997,0.688873,0.610734,0.933586,0.872498,0.633142,0.615235,0.775381,0.817682
1.149565,1.354383,0.953998,1.025132,0.423318,0.562162,0.764594,0.958708,0.393858,0.475565,0.922881,1.052212,0.821383,0.976156,0.820964,0.529992,1.414275,0.000000,1.311737,1.380777,0.783587,0.770658,0.801891,0.785971,0.800649,0.694984,0.341796,0.603138,0.550603,0.745824,0.672425,0.709849,1.151041,1.255140,0.443268,0.595775,0.757897,0.872493,0.666454,0.884119,0.983616,0.653181,1.122878,1.040176,1.154146,1.124362,1.286003,1.271862,1.070618,1.071209,1.020518,1.046385,0.936670,1.004281,0.857281,1.190314,1.334373,1.271982,0.808482,0.987383,0.489999,0.576087,0.941861,0.982139,0.452362,0.606920,1.074369,1.057569,1.184877,1.220307,0.559680,0.446608,0.835299,0.903538,0.784955,0.642770,0.834979,0.852618,0.463665,1.045666,1.257727,1.347389,0.709305,0.639227,1.014386,0.908954,0.764640,0.699685,0.944885,1.066010
1.565167,1.592020,1.396350,1.339585,0.533684,0.695704,0.908903,1.110206,0.464820,0.627088,0.952172,1.092887,0.952654,1.141472,1.078710,0.715832,1.153686,1.311737,0.000000,1.990531,0.845228,0.850604,1.154589,1.246931,1.118922,0.946921,0.525704,0.839755,0.398964,0.579822,0.712774,0.844918,1.281918,1.426959,0.574877,0.684928,0.749870,0.788901,0.801322,0.997378,1.015046,0.631898,1.230424,1.122197,1.243729,1.302657,1.371673,1.354163,1.005524,1.084631,1.119554,1.234101,0.965856,1.096887,0.866037,1.332744,1.575704,1.383783,0.946079,1.032642,0.488481,0.545169,0.871324,0.762424,0.588781,0.909943,1.209989,1.299820,1.408441,1.370215,0.709991,0.545050,0.845002,0.957919,0.783560,0.672496,0.907977,0.920127,0.393365,1.036654,1.272556,1.395247,0.854898,0.795489,1.344080,1.279135,0.849758,0.880787,1.155262,1.258562
1.516788,1.788901,1.191592,1.301418,0.485649,0.636737,0.796834,1.082268,0.434377,0.614756,0.928469,1.067005,0.883285,1.090521,0.935056,0.668022,1.231733,1.380777,1.990531,0.000000,0.802353,0.815248,0.991875,1.109276,1.027561,0.883204,0.488892,0.765417,0.397997,0.549856,0.668726,0.764758,1.243947,1.405075,0.512900,0.635702,0.711344,0.774856,0.746945,0.912216,0.965557,0.610564,1.246837,1.201052,1.393450,1.452575,1.445529,1.444855,1.044015,1.123874,1.133275,1.252921,0.897429,1.071577,0.867717,1.305220,1.682924,1.581568,0.871866,1.027131,0.435368,0.521435,0.859400,0.769983,0.526957,0.833358,1.176065,1.297652,1.587850,1.589174,0.719468,0.561856,0.836972,0.946144,0.742604,0.647358,0.907146,0.962029,0.424416,1.095262,1.261266,1.369696,0.739280,0.664969,1.211377,1.225689,0.754801,0.783896,1.011503,1.162898
0.735731,0.770685,0.749660,0.742344,0.391190,0.528904,0.566851,0.698715,0.305816,0.448406,0.454218,0.652825,0.558265,0.684245,0.666894,0.548327,0.630749,0.783587,0.845228,0.802353,0.000000,1.057809,0.746425,0.747651,0.733847,0.753288,0.606341,0.724852,0.295242,0.477182,0.780225,0.724157,0.794653,0.830844,0.391996,0.450223,0.746849,0.722546,0.719928,0.754514,0.924634,0.688774,0.775049,0.715679,0.780102,0.750493,0.811876,0.748220,0.779572,0.743895,0.783009,0.774970,0.753974,0.677208,0.722290,0.822500,0.754266,0.740784,0.682345,0.772599,0.365098,0.439044,0.532740,0.531990,0.456605,0.533890,0.784365,0.786575,0.808514,0.738649,0.776595,0.684609,0.712761,0.665130,0.548845,0.575035,0.510893,0.611328,0.303344,0.629038,0.849594,0.899527,0.553226,0.578571,0.805677,0.762942,0.527205,0.552814,0.824733,0.850501
0.782674,0.785011,0.771568,0.769833,0.519235,0.695014,0.603392,0.701916,0.411312,0.534544,0.533877,0.676016,0.616573,0.720907,0.660348,0.518468,0.580556,0.770658,0.850604,0.815248,1.057809,0.000000,0.777616,0.780413,0.717237,0.863664,0.611907,0.737502,0.265648,0.391937,0.768039,0.694352,0.721545,0.832201,0.487005,0.497792,0.743120,0.800511,0.658149,0.770156,0.844586,0.596781,0.776145,0.709123,0.781992,0.803373,0.874399,0.806590,0.811552,0.845748,0.810465,0.806884,0.746685,0.777201,0.717424,0.858060,0.810052,0.769770,0.730483,0.842587,0.467059,0.526045,0.565209,0.569182,0.501592,0.557840,0.857317,0.838336,0.818590,0.756403,0.981579,0.855917,0.685402,0.701226,0.648294,0.627823,0.622068,0.757942,0.318005,0.543290,0.750258,0.858633,0.523827,0.496547,0.746362,0.765046,0.658376,0.555842,0.798162,0.887873
0.904162,0.872680,1.668436,1.417327,0.744014,0.787520,1.187152,1.128045,0.640647,0.788836,0.690374,0.741682,0.904544,0.842120,1.115871,0.732581,0.594446,0.801891,1.154589,0.991875,0.746425,0.777616,0.000000,1.665001,1.285891,1.198787,0.553307,0.776081,0.195520,0.378416,0.746549,0.838028,1.002445,1.042526,0.791638,0.611084,0.558135,0.639344,0.560080,0.730094,0.792572,0.445511,0.978284,0.835969,0.830471,0.885300,0.972742,0.960151,0.797735,0.891275,0.991667,1.090503,0.834674,1.000451,0.643429,0.960593,0.938548,0.799339,0.945830,0.880530,0.543178,0.577759,0.538363,0.537742,0.774669,1.099094,1.074373,1.054320,0.984346,0.933359,0.719004,0.578070,0.615480,0.767649,0.723816,0.707881,0.845597,0.843827,0.191223,0.739321,0.786158,0.919821,0.742529,0.676639,1.011157,0.927566,0.745236,0.721105,1.012562,1.035709
1.013531,0.975276,1.560644,1.437264,0.647303,0.730334,0.958615,1.053687,0.543804,0.734093,0.726156,0.771230,0.815383,0.904114,1.050429,0.784758,0.663869,0.785971,1.246931,1.109276,0.747651,0.780413,1.665001,0.000000,1.509511,1.284207,0.602001,0.885799,0.170366,0.350013,0.764042,0.924193,0.960479,1.048095,0.796182,0.746768,0.650493,0.741799,0.632167,0.836326,0.798316,0.531034,0.998651,0.880697,0.870216,0.956670,1.058204,1.015498,0.810959,0.929614,1.063858,1.151452,0.844273,1.027115,0.754507,1.042041,1.073408,0.938704,0.935329,0.874940,0.437895,0.480101,0.552678,0.461956,0.807390,1.237113,1.088530,1.165473,1.037793,1.017655,0.748167,0.591628,0.588292,0.747269,0.699266,0.634785,0.834459,0.890400,0.246871,0.689745,0.811130,0.932107,0.706205,0.693235,1.125786,1.132787,0.756912,0.710509,1.017019,1.060341
0.923793,0.943100,1.244756,1.165174,0.690110,0.704808,0.782190,0.846126,0.609186,0.677615,0.755617,0.815867,0.764151,0.856507,1.146299,0.797160,0.712795,0.800649,1.118922,1.027561,0.733847,0.717237,1.285891,1.509511,0.000000,1.415226,0.690901,0.985208,0.204561,0.396717,0.720284,0.846066,0.912225,0.990258,0.832007,0.741491,0.575600,0.709219,0.501952,0.704857,0.701592,0.415224,0.871793,0.818022,0.826148,0.887763,0.935214,0.929173,0.719302,0.836350,0.940162,1.062088,0.780752,0.884106,0.676541,0.909806,0.997294,0.880331,0.772755,0.714061,0.344260,0.357512,0.524359,0.449917,0.744354,1.095500,0.894908,0.978209,0.905692,0.891683,0.562892,0.428560,0.574770,0.715087,0.621993,0.538082,0.705158,0.760531,0.207780,0.670866,0.699199,0.826688,0.585599,0.545996,0.958938,0.964646,0.653414,0.609786,0.906345,0.905513
0.785593,0.747498,1.033221,1.001375,0.959545,0.947809,0.811884,0.795358,0.801309,0.831777,0.615557,0.701261,0.737005,0.745463,0.991126,0.854170,0.491148,0.694984,0.946921,0.883204,0.753288,0.863664,1.198787,1.284207,1.415226,0.000000,0.876447,0.972463,0.120520,0.284082,0.710300,0.751747,0.747474,0.858155,0.842075,0.652412,0.497123,0.618841,0.426943,0.616481,0.696769,0.344019,0.821349,0.768190,0.810565,0.836677,0.857219,0.856194,0.738824,0.831355,0.880700,1.008876,0.683647,0.816277,0.637997,0.871477,0.807277,0.698698,0.748678,0.728155,0.417895,0.424364,0.465133,0.397893,0.786008,0.998934,0.866961,0.917062,0.826548,0.785867,0.672340,0.536942,0.571401,0.647806,0.639870,0.571419,0.695723,0.784974,0.157500,0.503227,0.563481,0.699724,0.517488,0.497257,0.765680,0.791174,0.580625,0.539144,0.789773,0.850765
0.498992,0.463817,0.395150,0.437555,0.603660,0.760373,0.287461,0.337385,0.542085,0.519336,0.371536,0.488529,0.383931,0.462676,0.577434,0.549298,0.275131,0.341796,0.525704,0.488892,0.606341,0.611907,0.553307,0.602001,0.690901,0.876447,0.000000,1.075746,0.128649,0.255328,0.554498,0.530202,0.419602,0.442519,0.265079,0.273436,0.404908,0.449260,0.326834,0.353453,0.341582,0.119858,0.432715,0.473766,0.495887,0.473909,0.442087,0.416215,0.423812,0.434238,0.539088,0.498052,0.382391,0.415160,0.461623,0.412996,0.418166,0.413990,0.289699,0.305068,0.213630,0.192269,0.266802,0.276336,0.348405,0.406355,0.345619,0.400070,0.344003,0.328072,0.506024,0.347030,0.362704,0.359896,0.243560,0.259148,0.357638,0.373079,0.206545,0.309626,0.351782,0.383213,0.347475,0.422307,0.373972,0.433269,0.148699,0.191341,0.348239,0.360120
0.718599,0.742826,0.727261,0.718258,0.632033,0.870680,0.469802,0.532817,0.541269,0.569695,0.507471,0.658125,0.499178,0.661713,0.832374,0.698389,0.546393,0.603138,0.839755,0.765417,0.724852,0.737502,0.776081,0.885799,0.985208,0.972463,1.075746,0.000000,0.307858,0.436517,0.710346,0.691977,0.632808,0.708034,0.373755,0.464091,0.647084,0.694018,0.593040,0.614301,0.587833,0.370023,0.645433,0.664710,0.684275,0.719255,0.689850,0.707610,0.605782,0.666154,0.744359,0.789877,0.642174,0.680126,0.605032,0.708574,0.685339,0.670316,0.495675,0.540595,0.202127,0.245887,0.380709,0.405650,0.449022,0.591945,0.623740,0.691332,0.637210,0.620823,0.490063,0.359306,0.484079,0.534228,0.410519,0.358490,0.408537,0.441817,0.272565,0.523074,0.602311,0.653906,0.524637,0.582466,0.678049,0.762027,0.386624,0.390800,0.602349,0.675681
0.342479,0.410671,0.240586,0.235536,-0.007149,0.065722,0.163485,0.215024,0.027808,-0.020520,0.369109,0.350675,0.200229,0.309157,0.325804,0.209662,0.683440,0.550603,0.398964,0.397997,0.295242,0.265648,0.195520,0.170366,0.204561,0.120520,0.128649,0.307858,0.000000,1.175795,0.438547,0.330290,0.399830,0.407126,0.061480,0.150601,0.408744,0.349771,0.418372,0.392642,0.251897,0.263362,0.330694,0.378530,0.380817,0.353095,0.363239,0.377581,0.272257,0.244170,0.256621,0.266696,0.235590,0.243403,0.286367,0.291920,0.367872,0.367743,0.123296,0.129857,0.053932,0.016318,0.415271,0.471233,-0.002236,0.033773,0.234339,0.242673,0.271706,0.266640,0.042947,0.035280,0.282747,0.325854,0.265599,0.096197,0.200751,0.094829,0.878046,0.580731,0.612038,0.455426,0.548582,0.495393,0.266418,0.282892,0.145483,0.183743,0.188042,0.195146
0.486723,0.576104,0.430239,0.438880,0.171981,0.264163,0.374861,0.430743,0.175252,0.172412,0.509244,0.532909,0.364613,0.517413,0.553647,0.430321,0.793294,0.745824,0.579822,0.549856,0.477182,0.391937,0.378416,0.350013,0.396717,0.284082,0.255328,0.436517,1.175795,0.000000,0.593573,0.491148,0.646895,0.652001,0.233809,0.268330,0.564836,0.476155,0.560112,0.644233,0.448676,0.505409,0.553627,0.598341,0.580541,0.548751,0.564643,0.585381,0.458653,0.449110,0.445394,0.471695,0.416179,0.430504,0.443508,0.475333,0.552557,0.552060,0.314754,0.344911,0.188068,0.222342,0.560059,0.622733,0.173316,0.224917,0.432659,0.442579,0.450859,0.441356,0.136150,0.063233,0.498207,0.524200,0.459424,0.324217,0.305186,0.191582,0.745045,0.716795,0.839452,0.684361,0.859267,0.823391,0.471522,0.483232,0.332610,0.414990,0.360292,0.420133
0.633606,0.660052,0.687642,0.597779,0.285492,0.448339,0.552855,0.589519,0.231294,0.329515,0.502407,0.649341,0.469411,0.658535,0.692532,0.616324,0.610256,0.672425,0.712774,0.668726,0.780225,0.768039,0.746549,0.764042,0.720284,0.710300,0.554498,0.710346,0.438547,0.593573,0.000000,1.229494,0.755105,0.804750,0.384508,0.495734,0.622951,0.523852,0.569182,0.653227,0.580077,0.497691,0.582660,0.572128,0.608512,0.610049,0.639547,0.614129,0.558403,0.588539,0.653034,0.637689,0.557730,0.595192,0.653148,0.623429,0.660935,0.662476,0.515711,0.477605,0.361033,0.397294,0.493829,0.508032,0.597982,0.501150,0.560253,0.578990,0.582950,0.526470,0.661418,0.503717,0.545522,0.567279,0.438772,0.439733,0.484025,0.466742,0.436181,0.461966,0.670002,0.694208,0.604227,0.652523,0.611196,0.613720,0.440614,0.449961,0.589551,0.619375
0.801254,0.779944,0.776841,0.736698,0.254272,0.356456,0.584779,0.682754,0.208561,0.272257,0.613941,0.704799,0.534008,0.739997,0.726601,0.591493,0.709788,0.709849,0.844918,0.764758,0.724157,0.694352,0.838028,0.924193,0.846066,0.751747,0.530202,0.691977,0.330290,0.491148,1.229494,0.000000,0.878160,0.958664,0.476849,0.615544,0.651324,0.558134,0.586658,0.640561,0.649782,0.500574,0.649609,0.623052,0.631750,0.631801,0.720153,0.643157,0.515171,0.563821,0.660323,0.656031,0.594513,0.588999,0.764241,0.667293,0.814109,0.803819,0.574740,0.511221,0.381108,0.407588,0.591777,0.521099,0.781808,0.712729,0.642231,0.708333,0.661357,0.627075,0.655534,0.500095,0.676959,0.649703,0.580496,0.544466,0.572419,0.570071,0.389126,0.525905,0.741702,0.728288,0.587261,0.627878,0.785929,0.694930,0.504565,0.496964,0.694797,0.605262
1.098481,1.203391,1.096839,1.196017,0.482748,0.636725,0.953742,1.190226,0.457182,0.661336,0.946079,0.971208,0.952595,1.120655,1.009789,0.661036,1.086875,1.151041,1.281918,1.243947,0.794653,0.721545,1.002445,0.960479,0.912225,0.747474,0.419602,0.632808,0.399830,0.646895,0.755105,0.878160,0.000000,1.786257,0.584763,0.592608,0.709121,0.800049,0.627741,0.860315,0.935527,0.623177,1.256601,1.138050,1.133104,1.143266,1.296914,1.237613,0.981369,0.999846,1.080462,1.125424,0.875699,1.017622,0.784478,1.044302,1.313480,1.140988,0.878047,0.954510,0.637267,0.704617,1.042239,0.910465,0.611470,0.765427,1.102670,1.091132,1.182893,1.146546,0.536674,0.401816,0.750679,0.948980,0.763606,0.666587,0.776437,0.733769,0.364615,0.842935,1.165466,1.184143,0.775485,0.671519,1.096923,0.996283,0.729839,0.653054,0.951129,1.013760
1.210826,1.330163,1.167525,1.324336,0.521878,0.705555,0.984548,1.350314,0.490644,0.697421,1.021555,1.061298,0.985439,1.239716,1.035767,0.732755,1.147186,1.255140,1.426959,1.405075,0.830844,0.832201,1.042526,1.048095,0.990258,0.858155,0.442519,0.708034,0.407126,0.652001,0.804750,0.958664,1.786257,0.000000,0.676882,0.703070,0.746706,0.799553,0.711040,0.943572,1.003499,0.703174,1.336951,1.185415,1.249376,1.227380,1.414696,1.324570,1.042570,1.109399,1.094339,1.187906,0.927714,1.036814,0.892881,1.193777,1.399785,1.233507,0.967505,1.073534,0.638105,0.781833,0.975824,0.852135,0.677761,0.910126,1.217490,1.255235,1.277046,1.216811,0.637729,0.493067,0.894628,1.056132,0.877287,0.727498,0.846903,0.865093,0.420407,0.879487,1.195440,1.177624,0.794244,0.704355,1.182270,1.065477,0.795957,0.702173,1.073206,1.128090
0.482217,0.434531,0.733806,0.690846,0.614301,0.529158,0.673617,0.626490,0.522410,0.544481,0.471596,0.407479,0.539951,0.471908,0.673930,0.473427,0.329125,0.443268,0.574877,0.512900,0.391996,0.487005,0.791638,0.796182,0.832007,0.842075,0.265079,0.373755,0.061480,0.233809,0.384508,0.476849,0.584763,0.676882,0.000000,0.676711,0.251478,0.342913,0.238426,0.466510,0.481161,0.333001,0.622440,0.560803,0.513300,0.529319,0.595671,0.597726,0.470477,0.523663,0.519052,0.633799,0.413488,0.557851,0.316677,0.575733,0.544827,0.439095,0.556358,0.487816,0.370044,0.362818,0.351095,0.238763,0.679680,0.913076,0.639604,0.650137,0.550052,0.523975,0.358699,0.252574,0.391289,0.526620,0.545913,0.445836,0.471833,0.534134,0.072696,0.334240,0.366977,0.502698,0.449641,0.390765,0.570545,0.593406,0.555879,0.450387,0.557087,0.587687
0.646279,0.630067,0.725766,0.735690,0.261141,0.345923,0.546049,0.625502,0.261221,0.356437,0.506554,0.544711,0.442013,0.622275,0.598194,0.418745,0.509130,0.595775,0.684928,0.635702,0.450223,0.497792,0.611084,0.746768,0.741491,0.652412,0.273436,0.464091,0.150601,0.268330,0.495734,0.615544,0.592608,0.703070,0.676711,0.000000,0.594346,0.530422,0.466630,0.676363,0.551268,0.441526,0.682619,0.615470,0.629779,0.706948,0.783045,0.727182,0.586063,0.668071,0.717291,0.707626,0.495125,0.687562,0.570823,0.699215,0.743461,0.657317,0.644613,0.545835,0.378644,0.335062,0.451395,0.281260,0.664528,0.838244,0.728313,0.827983,0.662146,0.650790,0.451888,0.327423,0.281262,0.342062,0.397877,0.240780,0.515102,0.590962,0.283014,0.365124,0.541894,0.613367,0.473591,0.445857,0.662489,0.709491,0.598573,0.495465,0.657057,0.676127
0.750571,0.781702,0.662658,0.712843,0.175926,0.380503,0.533161,0.608321,0.112255,0.303631,0.651055,0.767135,0.596729,0.800671,0.646885,0.437005,0.704338,0.757897,0.749870,0.711344,0.746849,0.743120,0.558135,0.650493,0.575600,0.497123,0.404908,0.647084,0.408744,0.564836,0.622951,0.651324,0.709121,0.746706,0.251478,0.594346,0.000000,0.849650,0.951103,0.960345,0.874224,0.709506,0.706089,0.665168,0.693629,0.734249,0.846543,0.724994,0.783503,0.763929,0.796284,0.789083,0.732122,0.697405,0.957540,0.804827,0.777620,0.768440,0.734819,0.707888,0.420882,0.409979,0.604363,0.536468,0.469012,0.479776,0.760713,0.731927,0.753948,0.691424,0.601314,0.509460,0.562260,0.540467,0.491198,0.438359,0.634242,0.623238,0.474576,0.493261,0.843780,0.798108,0.653334,0.679505,0.826027,0.743699,0.627443,0.522871,0.824760,0.779347
0.783130,0.817930,0.695737,0.788662,0.395685,0.542135,0.560851,0.674206,0.373991,0.461950,0.709152,0.763709,0.675465,0.763313,0.671295,0.540708,0.815616,0.872493,0.788901,0.774856,0.722546,0.800511,0.639344,0.741799,0.709219,0.618841,0.449260,0.694018,0.349771,0.476155,0.523852,0.558134,0.800049,0.799553,0.342913,0.530422,0.849650,0.000000,0.652440,0.794716,0.795029,0.709250,0.836870,0.815794,0.747482,0.768498,0.901064,0.826234,0.794526,0.775305,0.893706,0.815085,0.792845,0.800762,0.846914,0.818810,0.801827,0.766371,0.636830,0.712588,0.463963,0.479636,0.698413,0.697603,0.439631,0.514471,0.815979,0.804584,0.733774,0.727339,0.553909,0.467633,0.500083,0.610514,0.625193,0.574378,0.570635,0.643725,0.291781,0.635791,0.789054,0.808460,0.496260,0.513748,0.798517,0.790835,0.539226,0.478864,0.716966,0.779221
0.807788,0.816894,0.710191,0.704824,0.137786,0.261458,0.506737,0.591221,0.049327,0.214714,0.493801,0.621446,0.504814,0.667735,0.581815,0.423509,0.685877,0.666454,0.801322,0.746945,0.719928,0.658149,0.560080,0.632167,0.501952,0.426943,0.326834,0.593040,0.418372,0.560112,0.569182,0.586658,0.627741,0.711040,0.238426,0.466630,0.951103,0.652440,0.000000,1.075678,0.976468,0.841288,0.676054,0.716627,0.685751,0.779380,0.778801,0.741134,0.684078,0.742806,0.740913,0.784198,0.708356,0.661135,0.935639,0.908328,0.776514,0.777153,0.709520,0.735371,0.322483,0.342264,0.482053,0.471534,0.343098,0.444602,0.812051,0.803895,0.809626,0.726272,0.661914,0.578120,0.573291,0.534000,0.514158,0.427291,0.518953,0.488695,0.492209,0.605761,0.890850,0.758529,0.912941,0.869747,0.808866,0.750550,0.713302,0.766427,0.819627,0.809381
1.017913,0.984833,0.920461,0.920312,0.340805,0.491387,0.694532,0.768173,0.219194,0.447919,0.723680,0.877875,0.702128,0.894273,0.773587,0.519117,0.824727,0.884119,0.997378,0.912216,0.754514,0.770156,0.730094,0.836326,0.704857,0.616481,0.353453,0.614301,0.392642,0.644233,0.653227,0.640561,0.860315,0.943572,0.466510,0.676363,0.960345,0.794716,1.075678,0.000000,0.998012,0.839760,0.844996,0.827300,0.849741,0.970760,1.014325,0.954504,0.898797,0.988788,0.938601,1.012731,0.823529,0.928729,0.867584,1.055524,1.033133,0.989433,0.911242,0.927433,0.464671,0.492511,0.687582,0.648512,0.442851,0.600079,0.983664,0.971236,0.949324,0.888193,0.637835,0.524744,0.606719,0.642094,0.569082,0.503000,0.693370,0.621239,0.485538,0.608119,1.000820,1.010080,1.146690,1.107012,0.949447,0.988257,1.092668,1.028875,0.951464,1.033823
0.887324,0.957511,0.921847,0.937970,0.377324,0.489825,0.778417,0.905638,0.278665,0.486509,0.666902,0.792504,0.764941,0.853523,0.730341,0.520799,0.800087,0.983616,1.015046,0.965557,0.924634,0.844586,0.792572,0.798316,0.701592,0.696769,0.341582,0.587833,0.251897,0.448676,0.580077,0.649782,0.935527,1.003499,0.481161,0.551268,0.874224,0.795029,0.976468,0.998012,0.000000,0.890803,0.989204,0.918809,0.950015,1.005048,1.079370,1.006949,0.989853,0.994824,0.966357,1.080285,0.915824,0.972191,0.927967,1.231328,0.968806,0.899082,0.916738,1.069745,0.500385,0.587782,0.669823,0.684069,0.511279,0.607064,1.106305,1.059484,1.054185,0.977753,0.665740,0.619535,0.800963,0.827052,0.692398,0.713183,0.598574,0.682311,0.252418,0.730453,0.963414,0.997052,0.778742,0.699412,1.028188,0.875625,0.930718,0.818011,1.037660,1.103903
0.539648,0.591374,0.557499,0.586601,0.154183,0.275197,0.484674,0.567608,0.125078,0.308013,0.454842,0.496701,0.432966,0.549956,0.438121,0.465429,0.622495,0.653181,0.631898,0.610564,0.688774,0.596781,0.445511,0.531034,0.415224,0.344019,0.119858,0.370023,0.263362,0.505409,0.497691,0.500574,0.623177,0.703174,0.333001,0.441526,0.709506,0.709250,0.841288,0.839760,0.890803,0.000000,0.650599,0.630578,0.559549,0.595002,0.674043,0.640444,0.613318,0.565929,0.575551,0.630432,0.610297,0.555012,0.630533,0.715638,0.636753,0.601685,0.594185,0.649365,0.314392,0.454494,0.517701,0.462435,0.387237,0.435485,0.673744,0.657194,0.641965,0.586505,0.430533,0.397599,0.625584,0.588584,0.569822,0.521892,0.394922,0.417192,0.270422,0.473847,0.723958,0.666171,0.637185,0.694623,0.718706,0.678313,0.623367,0.607928,0.660118,0.721000
1.045951,1.129376,1.132005,1.311797,0.607004,0.737418,0.964862,1.305363,0.573936,0.768922,0.755241,0.833381,0.798912,0.972118,0.785692,0.617594,0.975834,1.122878,1.230424,1.246837,0.775049,0.776145,0.978284,0.998651,0.871793,0.821349,0.432715,0.645433,0.330694,0.553627,0.582660,0.649609,1.256601,1.336951,0.622440,0.682619,0.706089,0.836870,0.676054,0.844996,0.989204,0.650599,0.000000,1.986354,1.603184,1.507829,1.903872,1.810459,1.281892,1.302458,1.300437,1.328849,0.896818,1.177878,0.867034,1.373965,1.263330,1.056411,0.961595,1.165241,0.576086,0.696773,0.861212,0.762189,0.542500,0.811780,1.462873,1.510804,1.353136,1.306200,0.636225,0.505083,0.816691,0.960273,0.957149,0.713307,0.908458,0.961358,0.367938,0.888483,1.088297,1.072571,0.751374,0.661773,1.006421,0.940695,0.703792,0.644401,0.881201,1.112166
0.990390,1.099360,0.933436,1.130447,0.560842,0.650262,0.819752,1.072827,0.542466,0.698248,0.674609,0.775511,0.696871,0.877106,0.718740,0.620143,0.972428,1.040176,1.122197,1.201052,0.715679,0.709123,0.835969,0.880697,0.818022,0.768190,0.473766,0.664710,0.378530,0.598341,0.572128,0.623052,1.138050,1.185415,0.560803,0.615470,0.665168,0.815794,0.716627,0.827300,0.918809,0.630578,1.986354,0.000000,1.667615,1.616906,1.629467,1.740839,1.144959,1.224410,1.222698,1.281897,0.757749,1.064366,0.842866,1.297771,1.161218,1.048911,0.780231,0.972887,0.453248,0.574783,0.793762,0.736990,0.470536,0.707590,1.229254,1.362518,1.220602,1.180321,0.564404,0.425945,0.749676,0.911980,0.818645,0.664163,0.833515,0.846752,0.373407,0.890104,1.005732,0.990096,0.742698,0.681919,0.869292,0.879261,0.595431,0.615664,0.718055,0.943827
1.157910,1.323162,0.950157,1.173625,0.522675,0.682497,0.800037,1.090556,0.490096,0.678318,0.707879,0.890518,0.741375,0.985068,0.751805,0.584403,0.991964,1.154146,1.243729,1.393450,0.780102,0.781992,0.830471,0.870216,0.826148,0.810565,0.495887,0.684275,0.380817,0.580541,0.608512,0.631750,1.133104,1.249376,0.513300,0.629779,0.693629,0.747482,0.685751,0.849741,0.950015,0.559549,1.603184,1.667615,0.000000,2.041035,1.681620,1.665818,1.363573,1.410064,1.309898,1.335577,0.817004,1.134718,0.905293,1.387585,1.309642,1.202001,0.845965,1.096068,0.502146,0.598218,0.784992,0.794659,0.468580,0.701389,1.307077,1.413918,1.336626,1.337103,0.642728,0.519379,0.801061,0.929726,0.770052,0.660584,0.824759,0.888537,0.398502,0.935343,1.061498,1.128648,0.701675,0.621748,0.906347,0.954193,0.652407,0.620796,0.818326,1.047632
1.192726,1.388601,1.067507,1.285827,0.532855,0.671375,0.822606,1.084037,0.464233,0.670295,0.666203,0.872901,0.716922,0.988322,0.766655,0.566189,0.962600,1.124362,1.302657,1.452575,0.750493,0.803373,0.885300,0.956670,0.887763,0.836677,0.473909,0.719255,0.353095,0.548751,0.610049,0.631801,1.143266,1.227380,0.529319,0.706948,0.734249,0.768498,0.779380,0.970760,1.005048,0.595002,1.507829,1.616906,2.041035,0.000000,1.737055,1.901205,1.296838,1.544642,1.464464,1.541762,0.836546,1.304904,0.889079,1.529113,1.462251,1.327682,0.915299,1.155810,0.474170,0.542427,0.772765,0.765960,0.468645,0.736212,1.430581,1.637523,1.524407,1.510399,0.660693,0.531278,0.704747,0.869293,0.689249,0.593035,0.839170,0.884904,0.402206,0.900246,1.087228,1.206416,0.790441,0.679265,0.960150,1.101822,0.774342,0.724616,0.868858,1.187179
1.284047,1.424011,1.201728,1.439226,0.508305,0.687086,0.948594,1.296989,0.462611,0.687239,0.846293,0.964593,0.837110,1.090478,0.846513,0.585545,1.105536,1.286003,1.371673,1.445529,0.811876,0.874399,0.972742,1.058204,0.935214,0.857219,0.442087,0.689850,0.363239,0.564643,0.639547,0.720153,1.296914,1.414696,0.595671,0.783045,0.846543,0.901064,0.778801,1.014325,1.079370,0.674043,1.903872,1.629467,1.681620,1.737055,0.000000,2.088786,1.440452,1.557466,1.556188,1.562381,1.081639,1.440166,1.088351,1.722655,1.621911,1.333868,1.090679,1.345195,0.605898,0.677754,0.928808,0.805576,0.570621,0.834503,1.635563,1.682083,1.615909,1.570568,0.732905,0.584609,0.801196,0.931549,0.905414,0.680670,0.958047,1.031287,0.434559,0.869213,1.221456,1.259137,0.791987,0.689776,1.154267,1.094535,0.884900,0.746823,1.052804,1.320252
1.164163,1.347701,1.212406,1.431081,0.572109,0.732636,0.941365,1.249289,0.533835,0.728393,0.749503,0.883335,0.785617,1.015881,0.851027,0.592070,1.059406,1.271862,1.354163,1.444855,0.748220,0.806590,0.960151,1.015498,0.929173,0.856194,0.416215,0.707610,0.377581,0.585381,0.614129,0.643157,1.237613,1.324570,0.597726,0.727182,0.724994,0.826234,0.741134,0.954504,1.006949,0.640444,1.810459,1.740839,1.665818,1.901205,2.088786,0.000000,1.276368,1.512067,1.436877,1.572816,0.947651,1.417763,0.870158,1.634451,1.515180,1.279614,0.981604,1.242309,0.502566,0.596483,0.855436,0.764987,0.498188,0.803196,1.521659,1.635217,1.634222,1.641191,0.625054,0.483504,0.739731,0.898504,0.832645,0.604127,0.896405,0.939115,0.429416,0.921669,1.186033,1.278584,0.788612,0.674675,1.068889,1.107457,0.835902,0.742560,0.949529,1.281271
1.055344,1.071767,0.975969,1.081665,0.563349,0.751387,0.900727,1.038260,0.503624,0.704722,0.724403,0.933790,0.839788,0.970422,0.723511,0.525996,0.814730,1.070618,1.005524,1.044015,0.779572,0.811552,0.797735,0.810959,0.719302,0.738824,0.423812,0.605782,0.272257,0.458653,0.558403,0.515171,0.981369,1.042570,0.470477,0.586063,0.783503,0.794526,0.684078,0.898797,0.989853,0.613318,1.281892,1.144959,1.363573,1.296838,1.440452,1.276368,0.000000,1.830139,1.527075,1.394833,1.127414,1.246393,0.952613,1.365912,1.105156,0.999453,1.147145,1.380840,0.707124,0.782035,0.773933,0.900996,0.446615,0.589652,1.433950,1.186781,1.154950,1.129790,0.700994,0.587402,0.758559,0.814666,0.784801,0.684323,0.883719,0.967275,0.297897,0.671835,0.870099,0.962538,0.662320,0.590653,0.827375,0.793323,0.822007,0.670956,0.963118,1.220372
