0.000000,0.903070,0.262071,0.045125,0.350208,0.227932,0.449429,0.337510,0.220477,0.281210,0.962244,0.480167,0.770353,0.510758,0.336260,0.237607,0.626605,0.732073,0.926114,0.763492,0.366972,0.231996,0.098774,-0.102457,0.246537,0.028431,0.158694,0.036380,0.541778,0.353237,0.254243,0.154317,0.786911,0.700499,0.222310,0.292609,0.010402,0.046811,0.237391,0.256364,0.099534,0.248300,0.195743,0.035076,0.378161,0.205030,0.308247,0.421126,0.313874,0.187294,0.482536,0.245953,0.421618,0.293745,0.406636,0.391401,0.612906,0.532859,1.120313,0.661217,1.144751,0.532255,0.747765,0.746578,0.129320,0.121125,0.870998,0.589211,0.634131,0.414220,0.178248,0.201092,0.383242,0.313207,0.421732,0.336122,0.414642,0.299085,0.501106,0.636640,0.554460,0.648127,0.133262,0.276077,0.593843,0.523835,0.071072,-0.181985,0.470684,0.542889
0.903070,0.000000,-0.103986,-0.146247,-0.015394,0.082123,0.058812,0.012961,-0.096014,0.149456,0.537389,0.292986,0.287642,0.311669,0.205439,0.064270,1.090880,1.166991,0.673409,0.973471,0.254326,0.165998,-0.095716,-0.246241,0.125649,-0.016133,0.049703,-0.018701,0.591158,0.378194,0.166623,0.093326,0.949841,0.838880,0.008643,0.092589,-0.203321,0.008056,-0.043897,0.093790,0.066813,0.134458,-0.032311,-0.051157,0.454647,0.457619,0.254455,0.390615,0.314506,0.363035,0.368373,0.302463,0.452126,0.444012,0.442436,0.461624,1.053135,1.186765,0.716925,0.621659,0.500896,0.351305,0.541830,0.565131,-0.198710,-0.094395,0.631477,0.610594,1.102498,0.709668,0.128747,0.106151,0.362024,0.416426,0.251781,0.261213,0.270892,0.246531,0.793575,1.058911,0.873720,1.014527,0.116910,0.304740,0.463969,0.784242,0.050290,-0.033107,0.159682,0.461620
0.262071,-0.103986,0.000000,0.971154,0.763674,0.389932,1.003373,0.759709,0.722540,0.442037,0.079314,0.123697,0.255383,0.188594,0.440345,0.336267,-0.193364,-0.047203,0.689720,0.286705,0.494987,0.532450,1.233132,0.692237,0.708616,0.462800,0.609517,0.483443,0.028362,-0.010966,0.917322,0.784978,0.304229,0.414412,0.980293,0.776462,0.409500,0.029368,0.642571,0.337499,0.255476,0.401951,0.540767,0.260826,0.130113,-0.057506,0.400411,0.432358,0.119684,-0.012455,0.722272,0.210690,0.269784,0.219333,0.438302,0.306050,-0.214890,-0.201586,0.384596,0.107155,0.566554,0.542646,0.313248,0.270501,0.992485,0.504138,0.457770,0.266145,-0.104143,-0.157557,0.234009,0.388731,0.366375,0.256201,0.562010,0.431895,0.467859,0.380802,0.020538,-0.081502,0.061913,0.028949,0.013337,0.004066,0.610075,0.153903,0.358323,0.238159,0.920101,0.514628
0.045125,-0.146247,0.971154,0.000000,0.555274,0.510192,0.605545,0.898213,0.760421,0.675269,-0.106454,0.253244,0.144039,0.160337,0.523440,0.468096,-0.388662,-0.260914,0.413487,0.108642,0.409816,0.303230,1.116362,1.289507,0.787391,0.778400,0.660400,0.636157,-0.149391,-0.156809,0.719996,0.825926,0.037402,0.207088,0.903771,0.887367,0.387404,0.076346,0.419795,0.215484,0.278670,0.275345,0.343505,0.143136,-0.100185,-0.181625,0.168067,0.275642,-0.048864,-0.084948,0.515023,0.191643,0.110678,0.087631,0.309338,0.219776,-0.436857,-0.382136,0.214501,0.240397,0.331166,0.592387,0.140696,0.057221,0.938938,0.871556,0.212278,0.257545,-0.326996,-0.283559,0.202855,0.263323,0.219015,0.116862,0.360584,0.397516,0.280486,0.233269,-0.145403,-0.308193,-0.160314,-0.264946,-0.055925,-0.023821,0.389012,0.177660,0.401478,0.419425,0.621531,0.425351
0.350208,-0.015394,0.763674,0.555274,0.000000,0.679190,1.015293,0.888997,0.987383,0.480166,0.138543,0.373887,0.366755,0.512294,0.432293,0.546709,-0.041988,0.079558,0.459405,0.206294,0.392104,0.310853,0.524882,0.431496,0.280971,0.315604,0.318115,0.300066,0.376997,0.279161,0.360279,0.301161,0.274646,0.410556,0.413263,0.419189,0.432400,0.175936,0.454707,0.407380,0.361601,0.386962,0.645270,0.434263,0.166605,0.062248,0.448096,0.457555,0.259679,0.194331,0.525061,0.352213,0.326605,0.208319,0.496621,0.367133,-0.333054,-0.268290,0.566421,0.449969,0.692451,0.703207,0.482704,0.462022,0.757014,0.470614,0.544363,0.490921,-0.217652,-0.214043,0.072667,0.091120,0.291539,0.309550,0.487055,0.517913,0.232937,0.119232,0.115278,-0.018212,0.141884,0.086184,0.114941,0.024258,0.451944,0.081134,0.159538,0.043023,0.685676,0.435000
0.227932,0.082123,0.389932,0.510192,0.679190,0.000000,0.531754,0.482397,0.515616,0.782994,0.151922,0.323158,0.252078,0.346053,0.448223,0.591504,-0.034140,0.036960,0.311081,0.158853,0.496443,0.288848,0.242333,0.383288,0.198250,0.604162,0.313719,0.518553,0.283523,0.261132,0.161898,0.091650,0.171878,0.260892,0.238692,0.291271,0.270034,0.133731,0.271325,0.231485,0.322209,0.115176,0.235607,0.114788,0.009681,-0.010342,0.146469,0.179696,0.102090,0.091124,0.349568,0.343660,0.175040,0.127482,0.298335,0.158145,-0.241194,-0.192240,0.332343,0.419408,0.369994,0.357035,0.178052,0.215881,0.373171,0.402057,0.318511,0.369126,-0.101115,-0.153740,-0.064073,-0.085965,0.030097,0.044323,0.129091,0.246468,0.033885,-0.005538,0.185074,-0.037393,0.113532,0.050401,0.095473,0.102015,0.291055,0.249828,0.150723,0.187239,0.445730,0.346833
0.449429,0.058812,1.003373,0.605545,1.015293,0.531754,0.000000,0.945618,0.727241,0.449858,0.214396,0.403963,0.437374,0.425948,0.478507,0.496588,-0.044782,0.061658,0.677224,0.409599,0.452236,0.500207,0.631062,0.576540,0.274347,0.298489,0.392115,0.438030,0.397599,0.346129,0.579739,0.501444,0.427190,0.626515,0.558221,0.439284,0.493090,0.237092,0.561001,0.508910,0.401428,0.449748,0.526834,0.343759,0.118525,-0.030883,0.392510,0.396109,0.087265,0.005239,0.446303,0.189984,0.373280,0.305032,0.531673,0.468121,-0.251927,-0.214516,0.477619,0.380111,0.759392,0.815568,0.585908,0.620520,0.853666,0.438457,0.504581,0.364181,-0.107277,-0.166790,0.159126,0.282416,0.331053,0.327686,0.557250,0.525122,0.449163,0.361943,0.092011,0.047349,0.190617,0.253297,0.196148,0.160397,0.597363,0.245604,0.288068,0.088733,0.756862,0.717715
0.337510,0.012961,0.759709,0.898213,0.888997,0.482397,0.945618,0.000000,0.892812,0.559302,0.179642,0.726611,0.478209,0.732329,0.502344,0.780606,-0.208679,-0.082201,0.417507,0.268564,0.253087,0.256099,0.629057,0.642845,0.460328,0.264332,0.387688,0.454101,0.137862,0.103477,0.409647,0.454779,0.133892,0.343129,0.570682,0.573558,0.423064,0.181423,0.564930,0.476538,0.267037,0.529317,0.640809,0.368260,0.113731,-0.013070,0.379613,0.397158,0.115424,0.141896,0.497485,0.311136,0.371223,0.241829,0.483789,0.376993,-0.422790,-0.399867,0.436194,0.630633,0.671726,1.089887,0.590282,0.554297,0.795210,0.688747,0.392012,0.520598,-0.279583,-0.300816,0.241090,0.305351,0.394231,0.386417,0.627319,0.602010,0.458493,0.326197,-0.058421,-0.179572,-0.045319,-0.029202,0.010136,0.064406,0.372078,0.177362,0.168526,0.010038,0.663282,0.645322
0.220477,-0.096014,0.722540,0.760421,0.987383,0.515616,0.727241,0.892812,0.000000,0.516042,0.051106,0.370547,0.445861,0.472491,0.667426,0.621229,-0.156855,-0.003758,0.406445,0.024413,0.360397,0.285803,0.666166,0.537851,0.449530,0.518088,0.541053,0.382816,0.181785,0.136462,0.466143,0.410727,0.126715,0.209092,0.603632,0.578630,0.441524,0.143359,0.355923,0.190305,0.428608,0.244776,0.586606,0.371040,0.014080,-0.091504,0.331309,0.411944,0.086309,0.030447,0.449108,0.170963,0.180438,0.045434,0.336940,0.234410,-0.356280,-0.286274,0.405232,0.418385,0.626378,0.663516,0.273456,0.302227,0.967914,0.763606,0.379412,0.341814,-0.295292,-0.192369,0.103189,0.146657,0.157042,0.155332,0.332558,0.380708,0.246880,0.220270,0.109502,-0.121574,-0.003505,-0.129769,0.070822,-0.034255,0.423941,0.044717,0.357186,0.202143,0.701331,0.336687
0.281210,0.149456,0.442037,0.675269,0.480166,0.782994,0.449858,0.559302,0.516042,0.000000,0.260009,0.512901,0.433318,0.369357,0.633666,0.643660,-0.071065,0.003911,0.304136,0.177648,0.472826,0.284222,0.325031,0.438208,0.542504,0.509422,0.435437,0.504552,0.137518,0.079281,0.311677,0.244389,0.129361,0.250379,0.356119,0.439218,0.150939,-0.036191,0.190166,0.087114,0.114147,0.197925,0.133524,-0.042734,-0.040349,-0.074848,0.065330,0.190756,-0.000996,0.021094,0.338214,0.294839,0.103735,0.089751,0.277587,0.102562,-0.164098,-0.117241,0.276916,0.554262,0.399828,0.523975,0.256907,0.300377,0.382929,0.674942,0.238144,0.398027,-0.065815,-0.176946,0.308607,0.279898,0.190069,0.129398,0.231265,0.416800,0.237243,0.132246,0.180667,-0.032734,0.062003,-0.029390,-0.208184,0.239904,0.290790,0.340881,0.103157,0.188169,0.378087,0.367428
0.962244,0.537389,0.079314,-0.106454,0.138543,0.151922,0.214396,0.179642,0.051106,0.260009,0.000000,0.694041,1.012277,0.529861,0.408973,0.377285,0.384696,0.457457,0.477402,0.365332,0.178555,0.090730,-0.038215,-0.248728,0.252200,-0.015332,-0.043129,-0.009747,0.449483,0.191615,0.089128,-0.018347,0.310811,0.259936,0.100426,0.192883,-0.143778,-0.097887,0.030522,0.011887,-0.128016,0.063254,0.096927,-0.083430,0.224804,0.129250,0.087702,0.194858,0.239396,0.156811,0.245405,0.205336,0.171777,0.075291,0.138023,0.058230,0.375269,0.310348,0.596139,0.496884,0.705172,0.361314,0.617520,0.584710,0.014675,0.166659,0.390224,0.312488,0.371205,0.117238,0.350426,0.296749,0.338983,0.162755,0.362562,0.272297,0.350875,0.188636,0.436621,0.350118,0.312389,0.262830,0.043095,0.328661,0.361097,0.380570,-0.030122,-0.205783,0.178495,0.201531
0.480167,0.292986,0.123697,0.253244,0.373887,0.323158,0.403963,0.726611,0.370547,0.512901,0.694041,0.000000,0.835803,1.051712,0.584488,0.925952,0.073690,0.150684,0.214550,0.206693,0.042306,-0.079367,0.110225,0.223113,0.266670,0.117982,0.060157,0.252896,0.372711,0.179372,0.111778,0.119392,0.075922,0.202573,0.183199,0.295105,0.105423,0.061502,0.100903,0.160656,0.065245,0.330413,0.296068,0.088828,0.087255,0.035484,0.130385,0.208081,0.147737,0.215580,0.204490,0.251470,0.237449,0.147831,0.234399,0.152728,-0.140352,-0.132748,0.380108,0.806232,0.583756,0.872522,0.742777,0.718186,0.295109,0.576176,0.172401,0.375567,-0.125512,-0.249393,0.448152,0.383995,0.450533,0.384083,0.514354,0.565536,0.389857,0.240596,0.154944,0.003036,0.009177,-0.020683,-0.101297,0.234223,0.170353,0.253013,-0.041740,-0.148931,0.186054,0.368563
0.770353,0.287642,0.255383,0.144039,0.366755,0.252078,0.437374,0.478209,0.445861,0.433318,1.012277,0.835803,0.000000,0.696887,0.552518,0.592384,0.139133,0.224747,0.379445,0.156397,0.202643,0.176764,0.086634,0.016642,0.273947,0.143246,0.197825,0.158580,0.393173,0.185309,0.201337,0.110550,0.255186,0.251961,0.259196,0.375708,0.161389,0.145682,0.231012,0.190533,0.136418,0.189283,0.253411,0.036704,0.112722,-0.014397,0.127887,0.192031,0.169303,0.082421,0.250649,0.221971,0.138718,-0.010615,0.136987,0.095325,0.069898,0.023208,0.514893,0.606781,0.791305,0.555315,0.571271,0.640710,0.239387,0.439091,0.336169,0.304497,0.025894,-0.068381,0.304145,0.243078,0.281483,0.164203,0.344123,0.290730,0.473541,0.350512,0.236128,0.108357,0.118935,0.074010,-0.003007,0.298020,0.273322,0.190454,0.089629,-0.159505,0.315466,0.189697
0.510758,0.311669,0.188594,0.160337,0.512294,0.346053,0.425948,0.732329,0.472491,0.369357,0.529861,1.051712,0.696887,0.000000,0.403642,0.918499,0.211869,0.346212,0.262340,0.275692,0.010156,0.042878,0.082508,0.028340,0.183413,-0.082607,-0.010573,0.089626,0.392543,0.270435,0.042812,0.020197,0.215940,0.304306,0.083591,0.194325,0.200642,0.184944,0.306752,0.378230,0.103371,0.474667,0.401657,0.207879,0.203879,0.122300,0.286181,0.258066,0.254668,0.308915,0.336739,0.294119,0.381459,0.213639,0.359039,0.211165,-0.045620,-0.030214,0.530865,0.806648,0.633962,0.695149,0.828329,0.885472,0.207635,0.271661,0.424484,0.515291,0.003927,-0.079892,0.216523,0.230991,0.428554,0.490067,0.476238,0.546878,0.384597,0.254970,0.232274,0.145598,0.189977,0.186234,-0.058640,0.179734,0.221060,0.196168,-0.130754,-0.275937,0.384053,0.429230
0.336260,0.205439,0.440345,0.523440,0.432293,0.448223,0.478507,0.502344,0.667426,0.633666,0.408973,0.584488,0.552518,0.403642,0.000000,0.901512,0.085701,0.153230,0.540221,0.269208,0.434977,0.274799,0.599682,0.436357,0.592465,0.581405,0.604791,0.667948,0.352595,0.219551,0.586988,0.499236,0.232013,0.305661,0.555144,0.591364,0.266456,0.083632,0.169105,0.086254,0.306024,0.185601,0.364926,0.137879,0.122023,0.076577,0.249969,0.407711,0.044055,0.077736,0.380056,0.171628,0.201951,0.144573,0.351322,0.251338,-0.029843,0.032078,0.300370,0.456620,0.478591,0.661967,0.324401,0.319490,0.605920,0.742832,0.225384,0.279973,0.039011,0.036350,0.325467,0.303101,0.257465,0.167859,0.320283,0.328935,0.339923,0.258760,0.433101,0.132242,0.222686,0.027208,0.115398,0.304131,0.609398,0.516332,0.403955,0.392762,0.584572,0.445377
0.237607,0.064270,0.336267,0.468096,0.546709,0.591504,0.496588,0.780606,0.621229,0.643660,0.377285,0.925952,0.592384,0.918499,0.901512,0.000000,-0.064514,0.045876,0.243490,0.136817,0.186100,0.180323,0.353138,0.370929,0.380920,0.309967,0.251216,0.455031,0.347790,0.287351,0.236799,0.210918,0.000888,0.144187,0.289200,0.359447,0.376218,0.210546,0.298902,0.295674,0.223875,0.400998,0.461298,0.226543,0.066334,0.039426,0.258003,0.269632,0.110306,0.198266,0.305757,0.291500,0.270139,0.182216,0.344194,0.171862,-0.299765,-0.261350,0.243281,0.588047,0.431048,0.718960,0.471343,0.475779,0.460139,0.645067,0.123279,0.294039,-0.220360,-0.263487,0.266834,0.253174,0.284845,0.325375,0.443224,0.502731,0.303286,0.222844,0.201929,-0.079777,0.062339,-0.079575,0.005565,0.295130,0.291862,0.281959,0.080093,0.086483,0.475682,0.429026
0.626605,1.090880,-0.193364,-0.388662,-0.041988,-0.034140,-0.044782,-0.208679,-0.156855,-0.071065,0.384696,0.073690,0.139133,0.211869,0.085701,-0.064514,0.000000,1.630053,0.478465,0.657622,0.222371,0.107168,-0.228372,-0.475008,-0.040570,-0.160068,-0.065667,-0.157250,0.813238,0.500825,0.147528,0.028228,0.982205,0.758486,-0.130211,-0.072918,-0.210350,-0.058204,-0.137577,-0.017720,-0.014756,0.085136,-0.114352,-0.126115,0.453488,0.407578,0.161783,0.278900,0.247629,0.264394,0.219402,0.115993,0.276648,0.265515,0.246853,0.285578,1.168367,1.209533,0.493357,0.295384,0.346729,0.125324,0.497682,0.486040,-0.244750,-0.218976,0.500376,0.373638,1.107433,0.756998,0.098943,0.081508,0.335823,0.363392,0.134990,0.139021,0.148965,0.131297,1.133677,1.245265,1.135253,0.990819,0.110595,0.181315,0.343329,0.457375,-0.140679,-0.183049,0.068422,0.229577
0.732073,1.166991,-0.047203,-0.260914,0.079558,0.036960,0.061658,-0.082201,-0.003758,0.003911,0.457457,0.150684,0.224747,0.346212,0.153230,0.045876,1.630053,0.000000,0.580783,0.653111,0.282205,0.165302,-0.096219,-0.388371,0.074589,-0.091288,-0.017804,-0.128651,0.792617,0.495189,0.237153,0.105394,1.057264,0.822088,-0.016846,0.017698,-0.168836,-0.018081,-0.053756,0.041755,0.013546,0.216827,-0.031485,-0.088314,0.492467,0.407978,0.216273,0.333497,0.296871,0.281599,0.353941,0.181285,0.304994,0.260774,0.309528,0.309480,1.089231,1.214678,0.654384,0.358786,0.454991,0.219853,0.564567,0.584918,-0.122056,-0.142701,0.649162,0.462738,1.017259,0.681129,0.171717,0.172088,0.418783,0.490836,0.241163,0.256347,0.227033,0.207091,1.141001,1.248741,1.094903,0.988351,0.046342,0.233388,0.445136,0.462520,-0.087764,-0.146563,0.189644,0.281407
0.926114,0.673409,0.689720,0.413487,0.459405,0.311081,0.677224,0.417507,0.406445,0.304136,0.477402,0.214550,0.379445,0.262340,0.540221,0.243490,0.478465,0.580783,0.000000,1.095655,0.599837,0.526634,0.603091,0.266181,0.517971,0.340714,0.484125,0.281151,0.470522,0.343258,0.740031,0.604297,0.967885,0.959406,0.601693,0.528014,0.192312,0.087402,0.372955,0.326536,0.284993,0.248097,0.290211,0.152678,0.289796,0.169422,0.416510,0.557924,0.177628,0.064815,0.666848,0.146551,0.439351,0.392945,0.637793,0.511637,0.442876,0.459360,0.807502,0.400025,0.916402,0.563576,0.564284,0.472792,0.457698,0.231021,0.821159,0.480886,0.610291,0.471010,0.132090,0.235777,0.382341,0.298681,0.503541,0.400846,0.469958,0.427810,0.508631,0.601133,0.677958,0.673481,0.325861,0.255092,1.058928,0.737089,0.443730,0.226086,0.845502,0.755022
0.763492,0.973471,0.286705,0.108642,0.206294,0.158853,0.409599,0.268564,0.024413,0.177648,0.365332,0.206693,0.156397,0.275692,0.269208,0.136817,0.657622,0.653111,1.095655,0.000000,0.322683,0.388065,0.246161,0.027742,0.246635,0.001578,0.203930,0.121415,0.453743,0.376852,0.350818,0.273826,0.915397,0.963344,0.189112,0.188923,0.023598,0.073090,0.284554,0.403037,0.160300,0.283319,0.205445,0.175532,0.397752,0.366323,0.467518,0.539798,0.221359,0.243336,0.459703,0.182266,0.680383,0.718253,0.740091,0.662444,0.596301,0.611407,0.578699,0.432328,0.556803,0.426599,0.577880,0.527555,0.043176,-0.082268,0.633114,0.521098,0.895804,0.650914,0.102714,0.202665,0.370310,0.375560,0.441954,0.349964,0.470795,0.436252,0.490571,0.815330,0.762089,1.047655,0.295041,0.272784,0.651424,0.839782,0.216967,0.041650,0.549239,0.925873
0.366972,0.254326,0.494987,0.409816,0.392104,0.496443,0.452236,0.253087,0.360397,0.472826,0.178555,0.042306,0.202643,0.010156,0.434977,0.186100,0.222371,0.282205,0.599837,0.322683,0.000000,0.562250,0.395047,0.245759,0.396545,0.524659,0.682699,0.483896,0.387466,0.268168,0.593020,0.441834,0.488356,0.500787,0.510730,0.444112,0.248900,0.093019,0.240116,0.115401,0.297653,0.115909,0.127876,0.001290,0.168883,0.131502,0.222897,0.384992,0.119086,0.043942,0.518934,0.228797,0.173698,0.138163,0.361199,0.307194,0.118314,0.142579,0.393392,0.219437,0.396927,0.261936,0.176570,0.168647,0.477111,0.366617,0.557513,0.448336,0.228174,0.100845,0.124234,0.134609,0.187430,0.063000,0.151856,0.191907,0.063078,-0.001721,0.462991,0.201677,0.392904,0.274266,0.137651,0.111067,0.649153,0.440134,0.236040,0.184227,0.467504,0.378395
0.231996,0.165998,0.532450,0.303230,0.310853,0.288848,0.500207,0.256099,0.285803,0.284222,0.090730,-0.079367,0.176764,0.042878,0.274799,0.180323,0.107168,0.165302,0.526634,0.388065,0.562250,0.000000,0.408723,0.173347,0.258256,0.243531,0.471096,0.305318,0.213099,0.239623,0.447047,0.286219,0.403311,0.456991,0.491351,0.427643,0.303033,0.147905,0.362872,0.341558,0.248871,0.083392,0.137438,0.056313,0.027796,-0.035115,0.191359,0.173542,0.001304,-0.056362,0.392148,0.152591,0.177456,0.165540,0.236888,0.252921,0.068447,0.086112,0.216541,0.170810,0.254379,0.238128,0.128787,0.174804,0.355058,0.164306,0.404599,0.263081,0.176976,0.100840,-0.053778,0.005385,0.046522,0.057592,0.257687,0.116801,0.279839,0.316405,0.197745,0.205920,0.362428,0.364217,0.213060,0.125397,0.550161,0.332300,0.332380,0.146917,0.516313,0.383018
0.098774,-0.095716,1.233132,1.116362,0.524882,0.242333,0.631062,0.629057,0.666166,0.325031,-0.038215,0.110225,0.086634,0.082508,0.599682,0.353138,-0.228372,-0.096219,0.603091,0.246161,0.395047,0.408723,0.000000,0.942867,0.867434,0.585349,0.681982,0.497740,-0.086419,-0.108179,1.011311,0.991807,0.182393,0.294540,1.110963,0.866979,0.358359,0.030410,0.429052,0.209175,0.302902,0.315566,0.525820,0.281819,0.121189,-0.000080,0.404341,0.511235,0.096795,0.018385,0.680157,0.172385,0.250684,0.248538,0.417165,0.349822,-0.216589,-0.163035,0.290511,0.067803,0.372569,0.547653,0.204590,0.092955,1.057862,0.577347,0.318808,0.209109,-0.134595,-0.058079,0.263123,0.384890,0.373055,0.253799,0.520591,0.441207,0.425126,0.358158,-0.004712,-0.128105,0.007864,-0.096206,0.057618,-0.000097,0.646041,0.236154,0.539427,0.468572,0.763140,0.506448
-0.102457,-0.246241,0.692237,1.289507,0.431496,0.383288,0.576540,0.642845,0.537851,0.438208,-0.248728,0.223113,0.016642,0.028340,0.436357,0.370929,-0.475008,-0.388371,0.266181,0.027742,0.245759,0.173347,0.942867,0.000000,0.444576,0.710342,0.500224,0.628349,-0.128524,-0.075016,0.589641,0.747422,-0.051679,0.130495,0.671189,0.583365,0.423979,0.152215,0.290709,0.226272,0.381596,0.236952,0.372055,0.259150,-0.122533,-0.155998,0.183085,0.251926,-0.064693,-0.091916,0.290415,0.086128,0.103560,0.129311,0.258550,0.270064,-0.553051,-0.485121,0.025699,0.118907,0.147268,0.485583,0.072605,-0.021870,0.782437,0.666066,0.023680,0.073010,-0.474272,-0.337192,0.144138,0.212246,0.166584,0.104891,0.329261,0.410083,0.211958,0.217918,-0.268728,-0.358894,-0.233497,-0.302523,0.015254,0.005811,0.278077,0.122403,0.406898,0.481137,0.414320,0.381465
0.246537,0.125649,0.708616,0.787391,0.280971,0.198250,0.274347,0.460328,0.449530,0.542504,0.252200,0.266670,0.273947,0.183413,0.592465,0.380920,-0.040570,0.074589,0.517971,0.246635,0.396545,0.258256,0.867434,0.444576,0.000000,0.579655,0.614046,0.305146,-0.007930,-0.129610,0.844126,0.767210,0.198122,0.244353,0.836648,0.857851,0.076881,-0.172154,0.223189,-0.018712,0.054735,0.173134,0.228743,0.024382,0.082985,0.013406,0.195075,0.450794,0.088561,0.061982,0.601781,0.198165,0.143641,0.126368,0.314749,0.157173,0.020050,0.057135,0.340307,0.272615,0.419940,0.460950,0.240632,0.128640,0.569937,0.587596,0.320145,0.362267,0.048876,-0.031622,0.467787,0.463233,0.296501,0.158624,0.338793,0.280727,0.386880,0.221046,0.232951,0.006732,0.068169,-0.083596,-0.091040,0.140411,0.460675,0.305101,0.306097,0.303355,0.481997,0.346858
0.028431,-0.016133,0.462800,0.778400,0.315604,0.604162,0.298489,0.264332,0.518088,0.509422,-0.015332,0.117982,0.143246,-0.082607,0.581405,0.309967,-0.160068,-0.091288,0.340714,0.001578,0.524659,0.243531,0.585349,0.710342,0.579655,0.000000,0.566164,0.538710,0.120096,0.054672,0.597682,0.587745,0.095754,0.143845,0.688353,0.649247,0.268109,0.097327,0.075693,-0.067029,0.474567,-0.078016,0.132876,0.051102,-0.134478,-0.100169,0.076505,0.195855,-0.023973,-0.076088,0.292394,0.120267,-0.008405,-0.033825,0.226564,0.115533,-0.211622,-0.133322,0.144949,0.191635,0.239496,0.268852,-0.053532,-0.110697,0.590094,0.711171,0.093247,0.119366,-0.192634,-0.173218,-0.048401,-0.067983,-0.035511,-0.103226,0.067499,0.119320,0.003934,0.013475,0.135718,-0.124254,0.016881,-0.172832,0.186026,0.112777,0.349345,0.289829,0.613768,0.687693,0.337245,0.180210
0.158694,0.049703,0.609517,0.660400,0.318115,0.313719,0.392115,0.387688,0.541053,0.435437,-0.043129,0.060157,0.197825,-0.010573,0.604791,0.251216,-0.065667,-0.017804,0.484125,0.203930,0.682699,0.471096,0.681982,0.500224,0.614046,0.566164,0.000000,0.766043,0.076029,0.113920,0.693090,0.644992,0.290498,0.302530,0.745176,0.709024,0.371998,0.208048,0.346577,0.195342,0.492871,0.097383,0.174088,0.066325,0.014418,-0.022563,0.179374,0.277925,-0.045267,-0.064139,0.445375,0.110742,0.135075,0.095811,0.265159,0.231313,-0.072931,-0.034784,0.166349,0.130092,0.262481,0.291295,-0.067133,-0.042382,0.588903,0.502363,0.298342,0.296091,-0.015068,0.089009,0.022011,0.071464,0.063968,-0.036110,0.115989,0.088666,0.177373,0.223008,0.167851,0.004617,0.097078,0.042577,0.214674,0.186744,0.521522,0.349814,0.482082,0.416077,0.470673,0.346931
0.036380,-0.018701,0.483443,0.636157,0.300066,0.518553,0.438030,0.454101,0.382816,0.504552,-0.009747,0.252896,0.158580,0.089626,0.667948,0.455031,-0.157250,-0.128651,0.281151,0.121415,0.483896,0.305318,0.497740,0.628349,0.305146,0.538710,0.766043,0.000000,0.088730,0.052870,0.493043,0.515090,0.129547,0.229129,0.523478,0.520034,0.210428,0.148334,0.164079,0.105849,0.299029,0.097110,0.319859,0.191273,0.178654,0.126329,0.248461,0.270995,0.070155,0.098720,0.365889,0.241093,0.218495,0.178197,0.264186,0.246540,-0.221420,-0.189698,0.054941,0.147444,0.122952,0.350778,0.012631,0.016580,0.485993,0.551921,0.102367,0.211968,-0.110200,-0.034595,0.061908,0.106749,0.103319,0.006614,0.110409,0.129764,0.096488,0.132029,0.105754,-0.133064,0.011064,-0.065476,0.008800,0.038266,0.337129,0.342262,0.261711,0.405098,0.325141,0.344389
0.541778,0.591158,0.028362,-0.149391,0.376997,0.283523,0.397599,0.137862,0.181785,0.137518,0.449483,0.372711,0.393173,0.392543,0.352595,0.347790,0.813238,0.792617,0.470522,0.453743,0.387466,0.213099,-0.086419,-0.128524,-0.007930,0.120096,0.076029,0.088730,0.000000,1.166550,0.253483,0.162755,0.731802,0.741919,0.006417,0.006282,0.110431,0.216266,0.034011,0.139694,0.328524,0.207288,0.136510,0.086083,0.370849,0.337620,0.278675,0.292814,0.259222,0.244562,0.176663,0.194844,0.308388,0.240705,0.394889,0.361300,0.357631,0.410697,0.411188,0.424105,0.469547,0.370205,0.581289,0.627308,0.060889,0.062759,0.384857,0.373738,0.374561,0.199024,0.065054,0.065686,0.332041,0.415191,0.272572,0.341061,0.117512,0.089891,0.971926,0.635994,0.854071,0.654711,0.344625,0.403186,0.394283,0.418314,-0.012597,-0.044106,0.153007,0.274823
0.353237,0.378194,-0.010966,-0.156809,0.279161,0.261132,0.346129,0.103477,0.136462,0.079281,0.191615,0.179372,0.185309,0.270435,0.219551,0.287351,0.500825,0.495189,0.343258,0.376852,0.268168,0.239623,-0.108179,-0.075016,-0.129610,0.054672,0.113920,0.052870,1.166550,0.000000,0.089205,0.058706,0.499199,0.530905,-0.104531,-0.155939,0.285670,0.418190,0.183562,0.358212,0.421249,0.260947,0.186927,0.204754,0.281996,0.298482,0.302598,0.173553,0.251105,0.207653,0.122041,0.161854,0.383029,0.302937,0.419144,0.387101,0.195374,0.229664,0.220881,0.248103,0.250258,0.181605,0.288043,0.380481,-0.061869,-0.130493,0.266329,0.242574,0.257115,0.159736,-0.176890,-0.118170,0.159717,0.302744,0.173545,0.203008,-0.014539,0.022691,0.601652,0.474732,0.648385,0.640031,0.601480,0.614069,0.275780,0.380820,0.020588,0.018537,0.166064,0.296525
0.254243,0.166623,0.917322,0.719996,0.360279,0.161898,0.579739,0.409647,0.466143,0.311677,0.089128,0.111778,0.201337,0.042812,0.586988,0.236799,0.147528,0.237153,0.740031,0.350818,0.593020,0.447047,1.011311,0.589641,0.844126,0.597682,0.693090,0.493043,0.253483,0.089205,0.000000,1.719527,0.574299,0.642374,1.025114,0.835286,0.216627,-0.029170,0.247306,0.075621,0.310470,0.285485,0.257463,0.047263,0.160326,0.019293,0.245018,0.462071,0.001861,-0.085564,0.541842,0.065007,0.095536,0.093975,0.326911,0.296316,0.098241,0.152240,0.314595,0.094649,0.461659,0.546985,0.374162,0.275772,0.806875,0.548345,0.373793,0.232295,0.119952,0.050603,0.432457,0.526571,0.422224,0.324391,0.484106,0.365525,0.397153,0.327544,0.367119,0.164469,0.318589,0.149166,0.001376,0.086025,0.680302,0.303096,0.377024,0.311933,0.509767,0.393537
0.154317,0.093326,0.784978,0.825926,0.301161,0.091650,0.501444,0.454779,0.410727,0.244389,-0.018347,0.119392,0.110550,0.020197,0.499236,0.210918,0.028228,0.105394,0.604297,0.273826,0.441834,0.286219,0.991807,0.747422,0.767210,0.587745,0.644992,0.515090,0.162755,0.058706,1.719527,0.000000,0.445204,0.555204,0.956160,0.802939,0.224087,0.036369,0.244612,0.111508,0.324995,0.314289,0.259896,0.079828,0.133362,0.013281,0.224220,0.382492,-0.014448,-0.092155,0.451143,0.040584,0.085491,0.066033,0.310633,0.289250,-0.000979,0.053516,0.223484,0.061049,0.345796,0.535083,0.307994,0.177801,0.741403,0.545454,0.263993,0.185068,0.007761,-0.021745,0.359595,0.462508,0.395956,0.303453,0.443910,0.358161,0.351400,0.300856,0.211996,0.049769,0.192063,0.045086,0.016144,0.090791,0.508816,0.248254,0.356887,0.368660,0.385124,0.336473
0.786911,0.949841,0.304229,0.037402,0.274646,0.171878,0.427190,0.133892,0.126715,0.129361,0.310811,0.075922,0.255186,0.215940,0.232013,0.000888,0.982205,1.057264,0.967885,0.915397,0.488356,0.403311,0.182393,-0.051679,0.198122,0.095754,0.290498,0.129547,0.731802,0.499199,0.574299,0.445204,0.000000,1.760956,0.263828,0.259444,0.062195,0.160758,0.220396,0.285033,0.247121,0.299617,0.091639,0.022603,0.498760,0.365062,0.343747,0.469535,0.246008,0.165432,0.491345,0.189396,0.379435,0.349648,0.508657,0.509210,0.808984,0.864240,0.695184,0.354752,0.614582,0.388088,0.566376,0.593726,0.123789,-0.053199,0.872181,0.585739,0.886229,0.649344,0.112698,0.164290,0.394195,0.436943,0.287555,0.254164,0.436206,0.399644,0.839504,1.062013,1.136911,1.150368,0.231215,0.265842,0.731683,0.591261,0.160315,0.019562,0.407398,0.483388
0.700499,0.838880,0.414412,0.207088,0.410556,0.260892,0.626515,0.343129,0.209092,0.250379,0.259936,0.202573,0.251961,0.304306,0.305661,0.144187,0.758486,0.822088,0.959406,0.963344,0.500787,0.456991,0.294540,0.130495,0.244353,0.143845,0.302530,0.229129,0.741919,0.530905,0.642374,0.555204,1.760956,0.000000,0.321533,0.321890,0.142388,0.199020,0.315229,0.397148,0.265648,0.448801,0.204247,0.114897,0.476382,0.359560,0.414381,0.528889,0.262768,0.207698,0.558831,0.296204,0.458061,0.445953,0.646649,0.658633,0.536103,0.597720,0.686031,0.465144,0.640659,0.611059,0.709146,0.717923,0.248836,0.066806,0.846375,0.673931,0.652958,0.433813,0.189366,0.247194,0.509834,0.580535,0.444135,0.419990,0.522391,0.450202,0.710338,0.847447,0.979358,1.001363,0.197537,0.293234,0.749544,0.614659,0.171355,0.045313,0.474442,0.656868
0.222310,0.008643,0.980293,0.903771,0.413263,0.238692,0.558221,0.570682,0.603632,0.356119,0.100426,0.183199,0.259196,0.083591,0.555144,0.289200,-0.130211,-0.016846,0.601693,0.189112,0.510730,0.491351,1.110963,0.671189,0.836648,0.688353,0.745176,0.523478,0.006417,-0.104531,1.025114,0.956160,0.263828,0.321533,0.000000,1.425547,0.236524,-0.032567,0.292436,0.117616,0.327483,0.190506,0.314974,0.079486,0.071429,-0.070991,0.248322,0.353426,0.058954,-0.038399,0.656725,0.189139,0.090682,0.060978,0.259924,0.211710,-0.107998,-0.092379,0.406254,0.236793,0.529639,0.597162,0.229487,0.133882,1.050028,0.825188,0.396880,0.304624,-0.101671,-0.083383,0.203157,0.265079,0.330672,0.202893,0.441849,0.332881,0.313322,0.265919,0.095088,-0.110324,0.090640,-0.037696,0.071127,0.006881,0.682933,0.334145,0.587284,0.429765,0.548221,0.346033
0.292609,0.092589,0.776462,0.887367,0.419189,0.291271,0.439284,0.573558,0.578630,0.439218,0.192883,0.295105,0.375708,0.194325,0.591364,0.359447,-0.072918,0.017698,0.528014,0.188923,0.444112,0.427643,0.866979,0.583365,0.857851,0.649247,0.709024,0.520034,0.006282,-0.155939,0.835286,0.802939,0.259444,0.321890,1.425547,0.000000,0.161871,0.019270,0.257262,0.131578,0.227963,0.173091,0.291958,0.057208,0.094422,-0.036556,0.250408,0.391196,0.146797,0.065753,0.661569,0.305951,0.118326,0.077073,0.286618,0.252683,-0.076473,-0.061434,0.459755,0.369573,0.532989,0.627442,0.249419,0.149944,0.778275,0.843790,0.432758,0.423506,-0.086737,-0.052539,0.218760,0.220989,0.308372,0.182879,0.394491,0.259246,0.366895,0.299366,0.115861,-0.059028,0.045161,-0.080607,0.010406,0.019921,0.532982,0.316683,0.513001,0.384100,0.472290,0.340414
0.010402,-0.203321,0.409500,0.387404,0.432400,0.270034,0.493090,0.423064,0.441524,0.150939,-0.143778,0.105423,0.161389,0.200642,0.266456,0.376218,-0.210350,-0.168836,0.192312,0.023598,0.248900,0.303033,0.358359,0.423979,0.076881,0.268109,0.371998,0.210428,0.110431,0.285670,0.216627,0.224087,0.062195,0.142388,0.236524,0.161871,0.000000,0.876072,0.819984,0.704136,0.547867,0.393044,0.324950,0.251922,-0.174666,-0.211393,0.115411,0.017946,-0.127177,-0.141628,0.102547,0.002437,0.084854,0.042365,0.216482,0.223092,-0.392720,-0.371750,-0.034266,0.078601,0.164526,0.225194,0.070033,0.122636,0.432363,0.222319,0.089554,0.049590,-0.341143,-0.242584,-0.234226,-0.134910,0.082044,0.099877,0.235250,0.158556,0.191607,0.241378,-0.157484,-0.124916,-0.041717,0.010427,0.348685,0.296236,0.238348,0.034054,0.306537,0.141164,0.501507,0.294299
0.046811,0.008056,0.029368,0.076346,0.175936,0.133731,0.237092,0.181423,0.143359,-0.036191,-0.097887,0.061502,0.145682,0.184944,0.083632,0.210546,-0.058204,-0.018081,0.087402,0.073090,0.093019,0.147905,0.030410,0.152215,-0.172154,0.097327,0.208048,0.148334,0.216266,0.418190,-0.029170,0.036369,0.160758,0.199020,-0.032567,0.019270,0.876072,0.000000,0.504051,0.746116,0.481405,0.366672,0.228316,0.306017,0.057672,0.101756,0.203184,0.026762,0.058029,0.090200,0.003433,0.112481,0.205149,0.167049,0.296822,0.335765,-0.164290,-0.147637,-0.041811,0.101933,0.001676,0.047877,-0.028984,0.063596,0.012293,-0.087235,0.085109,0.125545,-0.145836,0.004986,-0.421654,-0.305090,-0.006284,0.089407,-0.023557,-0.067184,0.173407,0.278044,-0.051344,0.101411,0.093705,0.212430,0.564195,0.458699,0.126055,0.207062,0.294347,0.217386,0.198522,0.256186
0.237391,-0.043897,0.642571,0.419795,0.454707,0.271325,0.561001,0.564930,0.355923,0.190166,0.030522,0.100903,0.231012,0.306752,0.169105,0.298902,-0.137577,-0.053756,0.372955,0.284554,0.240116,0.362872,0.429052,0.290709,0.223189,0.075693,0.346577,0.164079,0.034011,0.183562,0.247306,0.244612,0.220396,0.315229,0.292436,0.257262,0.819984,0.504051,0.000000,1.062396,0.331934,0.584814,0.361639,0.204496,0.022713,-0.083524,0.260590,0.136404,0.074926,-0.034424,0.399120,0.175301,0.326338,0.212138,0.382687,0.298860,-0.178014,-0.213401,0.214768,0.150193,0.313987,0.280144,0.243299,0.271700,0.339766,0.037449,0.363553,0.264530,-0.075196,-0.073895,-0.064825,0.043606,0.246265,0.231892,0.369944,0.204411,0.433988,0.409109,-0.098505,0.008258,0.039844,0.179887,0.248355,0.285492,0.338306,0.103101,0.197044,0.014072,0.758427,0.451236
0.256364,0.093790,0.337499,0.215484,0.407380,0.231485,0.508910,0.476538,0.190305,0.087114,0.011887,0.160656,0.190533,0.378230,0.086254,0.295674,-0.017720,0.041755,0.326536,0.403037,0.115401,0.341558,0.209175,0.226272,-0.018712,-0.067029,0.195342,0.105849,0.139694,0.358212,0.075621,0.111508,0.285033,0.397148,0.117616,0.131578,0.704136,0.746116,1.062396,0.000000,0.360598,0.664191,0.400151,0.359988,0.125347,0.076771,0.374723,0.166705,0.168877,0.135193,0.324151,0.269877,0.479017,0.370840,0.520105,0.524544,-0.134468,-0.151041,0.180091,0.238552,0.209230,0.259669,0.246439,0.270359,0.124037,-0.106350,0.340121,0.324069,-0.032725,0.018048,-0.178813,-0.092427,0.156333,0.234014,0.297065,0.161886,0.405670,0.467766,-0.086935,0.137065,0.129970,0.363588,0.418344,0.383880,0.233338,0.219801,0.209462,0.010728,0.554329,0.560773
0.099534,0.066813,0.255476,0.278670,0.361601,0.322209,0.401428,0.267037,0.428608,0.114147,-0.128016,0.065245,0.136418,0.103371,0.306024,0.223875,-0.014756,0.013546,0.284993,0.160300,0.297653,0.248871,0.302902,0.381596,0.054735,0.474567,0.492871,0.299029,0.328524,0.421249,0.310470,0.324995,0.247121,0.265648,0.327483,0.227963,0.547867,0.481405,0.331934,0.360598,0.000000,0.200598,0.216994,0.157744,-0.011713,-0.062080,0.224855,0.126753,-0.023704,-0.079366,0.121433,0.059309,0.204916,0.098474,0.287319,0.299559,-0.154376,-0.090223,0.106719,0.182019,0.247633,0.210886,0.022246,0.051101,0.323470,0.178967,0.133011,0.084628,-0.139334,-0.001759,-0.338587,-0.243484,0.082289,0.108321,0.194067,0.224666,-0.010351,0.107403,0.064732,-0.012547,0.156779,0.163450,0.543384,0.235956,0.261102,0.230566,0.487047,0.373123,0.359270,0.265428
0.248300,0.134458,0.401951,0.275345,0.386962,0.115176,0.449748,0.529317,0.244776,0.197925,0.063254,0.330413,0.189283,0.474667,0.185601,0.400998,0.085136,0.216827,0.248097,0.283319,0.115909,0.083392,0.315566,0.236952,0.173134,-0.078016,0.097383,0.097110,0.207288,0.260947,0.285485,0.314289,0.299617,0.448801,0.190506,0.173091,0.393044,0.366672,0.584814,0.664191,0.200598,0.000000,0.409552,0.184881,0.325118,0.185222,0.409888,0.291814,0.270996,0.214807,0.420978,0.284493,0.396999,0.346010,0.499203,0.425269,-0.017309,-0.011628,0.271797,0.201277,0.314632,0.437056,0.536222,0.496707,0.256889,0.081230,0.283372,0.274503,0.008024,-0.091135,0.298737,0.441114,0.677524,0.791844,0.595957,0.515906,0.477955,0.409092,0.072904,0.158585,0.158475,0.228611,-0.026459,0.397370,0.217758,0.122107,-0.076087,-0.072115,0.417157,0.457148
0.195743,-0.032311,0.540767,0.343505,0.645270,0.235607,0.526834,0.640809,0.586606,0.133524,0.096927,0.296068,0.253411,0.401657,0.364926,0.461298,-0.114352,-0.031485,0.290211,0.205445,0.127876,0.137438,0.525820,0.372055,0.228743,0.132876,0.174088,0.319859,0.136510,0.186927,0.257463,0.259896,0.091639,0.204247,0.314974,0.291958,0.324950,0.228316,0.361639,0.400151,0.216994,0.409552,0.000000,1.403102,0.678285,0.571205,1.210061,0.969323,0.728586,0.714341,0.609416,0.549781,0.765144,0.618162,0.676185,0.676894,-0.227951,-0.227703,0.329574,0.256790,0.354671,0.490328,0.375218,0.313279,0.403788,0.201691,0.334148,0.394897,-0.133989,-0.071313,0.121892,0.178665,0.309823,0.336076,0.480675,0.388276,0.417969,0.298349,0.056508,-0.038478,0.021909,0.034350,0.122531,-0.002092,0.296597,0.161971,0.176620,0.114717,0.529221,0.502448
0.035076,-0.051157,0.260826,0.143136,0.434263,0.114788,0.343759,0.368260,0.371040,-0.042734,-0.083430,0.088828,0.036704,0.207879,0.137879,0.226543,-0.126115,-0.088314,0.152678,0.175532,0.001290,0.056313,0.281819,0.259150,0.024382,0.051102,0.066325,0.191273,0.086083,0.204754,0.047263,0.079828,0.022603,0.114897,0.079486,0.057208,0.251922,0.306017,0.204496,0.359988,0.157744,0.184881,1.403102,0.000000,0.567175,0.650411,1.056525,0.839432,0.633604,0.744472,0.343496,0.424352,0.709750,0.652472,0.626008,0.655583,-0.234682,-0.211213,0.152665,0.165669,0.123809,0.258386,0.161496,0.132376,0.164749,-0.025742,0.228225,0.337954,-0.122478,-0.006580,-0.091319,-0.036382,0.036053,0.158817,0.205232,0.174774,0.282714,0.237229,-0.006287,0.009760,0.015553,0.094629,0.243718,-0.018521,0.155567,0.147277,0.217329,0.173101,0.295052,0.427901
0.378161,0.454647,0.130113,-0.100185,0.166605,0.009681,0.118525,0.113731,0.014080,-0.040349,0.224804,0.087255,0.112722,0.203879,0.122023,0.066334,0.453488,0.492467,0.289796,0.397752,0.168883,0.027796,0.121189,-0.122533,0.082985,-0.134478,0.014418,0.178654,0.370849,0.281996,0.160326,0.133362,0.498760,0.476382,0.071429,0.094422,-0.174666,0.057672,0.022713,0.125347,-0.011713,0.325118,0.678285,0.567175,0.000000,1.432008,1.039249,0.888482,1.097860,1.046613,0.593342,0.661273,0.815654,0.674794,0.620969,0.682894,0.446384,0.435225,0.468045,0.190301,0.186923,0.201886,0.361171,0.312082,-0.095519,-0.187349,0.493231,0.548456,0.482886,0.457895,0.175355,0.179694,0.402081,0.406658,0.209866,0.182730,0.282355,0.139181,0.519674,0.418494,0.474499,0.450222,0.047428,0.102756,0.295112,0.380874,-0.088926,0.017893,0.159101,0.301427
0.205030,0.457619,-0.057506,-0.181625,0.062248,-0.010342,-0.030883,-0.013070,-0.091504,-0.074848,0.129250,0.035484,-0.014397,0.122300,0.076577,0.039426,0.407578,0.407978,0.169422,0.366323,0.131502,-0.035115,-0.000080,-0.155998,0.013406,-0.100169,-0.022563,0.126329,0.337620,0.298482,0.019293,0.013281,0.365062,0.359560,-0.070991,-0.036556,-0.211393,0.101756,-0.083524,0.076771,-0.062080,0.185222,0.571205,0.650411,1.432008,0.000000,0.954568,0.828432,1.092842,1.365602,0.507575,0.710752,0.861386,0.796235,0.694222,0.703560,0.376690,0.411988,0.322036,0.204996,0.011412,0.095151,0.227814,0.206278,-0.252324,-0.282928,0.381445,0.566677,0.456037,0.417090,0.080936,0.056888,0.247529,0.292572,0.082678,0.087853,0.143948,0.025952,0.485590,0.407618,0.478616,0.444569,0.149318,0.176910,0.260350,0.496822,-0.039052,0.086260,0.047305,0.285830
0.308247,0.254455,0.400411,0.168067,0.448096,0.146469,0.392510,0.379613,0.331309,0.065330,0.087702,0.130385,0.127887,0.286181,0.249969,0.258003,0.161783,0.216273,0.416510,0.467518,0.222897,0.191359,0.404341,0.183085,0.195075,0.076505,0.179374,0.248461,0.278675,0.302598,0.245018,0.224220,0.343747,0.414381,0.248322,0.250408,0.115411,0.203184,0.260590,0.374723,0.224855,0.409888,1.210061,1.056525,1.039249,0.954568,0.000000,1.241532,1.092264,1.001480,0.760725,0.679774,1.239651,1.003980,1.084887,1.057261,0.107729,0.119640,0.462779,0.283620,0.324206,0.364526,0.354683,0.298687,0.173704,-0.025597,0.500214,0.549260,0.203624,0.251593,0.028459,0.102124,0.334867,0.413379,0.387661,0.352610,0.354548,0.282574,0.256904,0.225760,0.267522,0.335420,0.214782,0.122822,0.373908,0.386191,0.204852,0.204073,0.485267,0.619597
0.421126,0.390615,0.432358,0.275642,0.457555,0.179696,0.396109,0.397158,0.411944,0.190756,0.194858,0.208081,0.192031,0.258066,0.407711,0.269632,0.278900,0.333497,0.557924,0.539798,0.384992,0.173542,0.511235,0.251926,0.450794,0.195855,0.277925,0.270995,0.292814,0.173553,0.462071,0.382492,0.469535,0.528889,0.353426,0.391196,0.017946,0.026762,0.136404,0.166705,0.126753,0.291814,0.969323,0.839432,0.888482,0.828432,1.241532,0.000000,0.800857,0.811781,0.795530,0.548116,0.835079,0.826361,0.873322,0.913787,0.207329,0.243716,0.600706,0.391025,0.467647,0.498272,0.473376,0.368804,0.305726,0.134283,0.641271,0.709016,0.314622,0.319359,0.282121,0.308908,0.350053,0.378145,0.396575,0.353863,0.470409,0.322981,0.450101,0.338924,0.368883,0.321723,0.086798,0.033837,0.550269,0.456597,0.201230,0.197323,0.463925,0.676589
