0.000000,1.710400,1.291988,1.417856,0.766810,1.055788,1.135975,1.276939,0.776393,1.236583,1.100775,1.616626,1.317382,1.561393,1.311087,1.404411,1.278683,1.383491,1.612795,1.476511,0.601787,0.578677,1.172151,1.182356,0.550597,0.617189,0.795529,1.045228,1.202496,1.539982,0.705305,0.956738,1.211306,1.157348,0.588670,0.767074,0.620247,0.936454,0.648413,0.757067,0.197589,0.484920,0.879179,0.869867,1.075914,1.048789,1.214124,0.999494,1.263279,1.203843,1.348862,1.194462,1.014533,0.928053,1.129741,1.018874,1.357085,1.260493,1.463756,1.408036,1.636710,1.397844,1.494172,1.357245,0.840786,0.898342,1.137336,0.966374,1.245668,1.212017,-0.305547,0.060607,0.434156,0.598017,0.309767,0.625383,0.601717,0.896340,1.204743,1.083186,1.333001,1.392099,1.107658,0.973428,1.269616,1.352882,1.036187,0.134390,1.134441,1.602663
1.710400,0.000000,0.988920,1.161396,0.623997,0.902224,0.814576,0.933449,0.572982,0.869370,0.776420,1.222657,0.964648,1.180465,0.969266,1.148499,1.009473,1.588606,1.390246,1.656132,0.640062,0.611962,0.861928,0.927888,0.442145,0.428095,0.810942,0.960920,1.052366,1.334012,0.550763,0.731119,0.989351,0.940310,0.390457,0.547746,0.496059,0.796739,0.592573,0.798539,0.137404,0.433253,0.848184,0.933437,1.024690,1.025184,1.223200,0.974210,1.118718,1.188713,1.101750,1.137176,0.999767,0.977378,1.058791,1.100464,1.804524,1.777560,1.334823,1.382804,1.170561,1.154898,1.264895,1.434541,0.520113,0.659344,1.102204,0.904258,1.540510,1.512342,-0.283856,0.019941,0.388389,0.592978,0.218264,0.509109,0.458526,0.730288,1.241750,1.095787,1.345767,1.345300,0.915203,0.834714,1.096381,1.098529,0.795895,0.085744,0.862828,1.328093
1.291988,0.988920,0.000000,1.881454,0.713376,0.953967,1.771757,1.582987,0.748674,1.100757,1.008247,1.103339,1.229726,1.300509,1.141478,1.030315,0.886149,0.847736,1.203031,0.936046,0.684784,0.602552,1.393976,1.281164,0.725100,0.723688,0.774394,1.060481,0.822042,0.946704,0.900469,1.050509,1.001113,1.083976,0.703162,0.965651,0.609583,0.841662,0.531796,0.684919,0.284225,0.536251,0.753456,0.659751,0.995577,0.883566,0.825543,0.738761,1.135742,0.898414,1.355334,1.047572,0.669982,0.615513,0.798705,0.776578,0.833984,0.795621,0.996976,0.961628,1.371896,1.122950,0.937110,0.854702,1.008704,1.039281,1.012344,0.900855,0.777839,0.785446,-0.283613,0.178172,0.569284,0.644768,0.470309,0.775071,0.713394,0.881918,0.823879,0.740609,0.924409,0.924251,0.933010,0.730970,0.893583,1.069671,0.932983,0.063815,0.932717,1.211350
1.417856,1.161396,1.881454,0.000000,0.684538,0.995796,1.439683,1.793947,0.675880,1.100557,0.992309,1.231443,1.151449,1.280131,1.105599,1.096190,0.899780,0.959512,1.254036,1.076780,0.744753,0.665715,1.327220,1.402368,0.730705,0.724904,0.812901,1.170922,0.846044,0.996307,0.816364,1.066904,1.038012,1.151485,0.738574,1.006372,0.553710,0.815028,0.554755,0.790218,0.247176,0.525524,0.811422,0.725913,1.162246,1.008880,0.938156,0.820093,1.251184,1.047318,1.424645,1.208049,0.790105,0.743796,0.887914,0.937765,0.990437,0.960790,1.123685,1.183093,1.480725,1.400057,1.008802,1.017099,0.939988,1.168960,1.119490,1.032939,0.924577,0.907977,-0.227611,0.153076,0.497803,0.620849,0.414451,0.667094,0.661476,0.855469,0.894045,0.794118,1.011741,1.010486,0.909742,0.780101,0.999360,1.186253,0.929133,0.096529,1.039712,1.451075
0.766810,0.623997,0.713376,0.684538,0.000000,1.431315,0.882854,0.707083,1.445863,0.985143,1.053502,0.790727,0.956243,0.898161,1.029467,0.808221,0.807779,0.633456,0.858336,0.704041,0.150778,0.028362,0.816921,0.781382,0.751960,0.921160,0.605325,0.704602,0.589022,0.740878,0.623473,0.643830,0.897541,0.828440,0.538345,0.548908,0.557825,0.545962,0.368814,0.283960,-0.005210,0.145593,0.678491,0.605417,0.656404,0.739233,0.766214,0.720181,0.765566,0.577740,0.948723,0.654561,0.699229,0.590309,0.931632,0.734823,0.484669,0.499504,0.963661,0.832145,0.707143,0.602028,0.671151,0.568840,0.746164,0.481409,1.114043,1.074904,0.735789,0.733829,-0.199255,0.066429,0.317618,0.356869,0.307931,0.526556,0.388494,0.557787,0.572513,0.590947,0.706362,0.813797,0.856998,0.704774,0.900476,0.930041,0.973020,0.243678,0.929832,0.918932
1.055788,0.902224,0.953967,0.995796,1.431315,0.000000,1.069147,1.002152,1.200226,1.312254,1.144663,1.021029,1.082826,1.151892,1.301830,1.025747,0.991831,0.862289,1.055513,0.927885,0.443481,0.312009,1.001107,0.992175,0.801622,0.895514,0.895706,1.162407,0.758963,0.959903,0.761385,0.858852,1.104445,1.033331,0.509548,0.642501,0.623869,0.731041,0.494278,0.475625,0.124776,0.305830,0.829538,0.813497,0.847802,0.939923,0.994888,0.919299,1.037917,0.843946,1.234184,0.933276,0.881220,0.805369,1.112889,1.018589,0.718009,0.711318,1.206979,1.110823,0.934000,0.863234,0.879138,0.821291,0.798519,0.622110,1.259508,1.219506,0.861351,0.878422,-0.209472,0.091673,0.427887,0.486391,0.358078,0.657961,0.518789,0.755192,0.770118,0.763756,0.991114,1.055977,1.116021,0.882954,1.098269,1.074290,1.235976,0.125740,1.062514,1.165472
1.135975,0.814576,1.771757,1.439683,0.882854,1.069147,0.000000,1.589514,0.963514,1.209004,1.189185,1.192983,1.474213,1.336083,1.286846,1.074610,0.982782,0.770380,1.160908,0.851188,0.507558,0.464762,1.372456,1.202795,0.769371,0.842457,0.694877,0.883784,0.950352,0.974358,0.933537,1.063737,1.055821,1.081937,0.670928,0.881814,0.708520,0.914121,0.546578,0.628750,0.341454,0.565448,0.663555,0.584230,0.873274,0.805004,0.748254,0.676842,1.051500,0.827629,1.324018,0.982977,0.647403,0.578003,0.773267,0.690556,0.663078,0.635558,0.933603,0.895526,1.235040,0.996430,0.943363,0.799019,1.238430,0.994492,0.982355,0.909110,0.653939,0.682630,-0.196993,0.216789,0.612185,0.636594,0.535833,0.821174,0.761209,0.885216,0.724930,0.637205,0.883885,0.895796,1.052389,0.831162,0.879088,1.013182,1.012640,0.100668,1.010328,1.123356
1.276939,0.933449,1.582987,1.793947,0.707083,1.002152,1.589514,0.000000,0.768883,1.268566,1.038258,1.309669,1.167620,1.283937,1.174536,1.097916,0.943159,0.836055,1.093814,0.923843,0.596818,0.562005,1.270010,1.249606,0.678342,0.735460,0.722934,1.015119,0.911131,1.011639,0.866587,1.112357,1.119434,1.250417,0.672135,1.086078,0.592029,0.866763,0.494001,0.662239,0.254347,0.500971,0.698555,0.628077,0.987342,0.925505,0.835969,0.773327,1.122896,0.984399,1.266925,1.091749,0.717043,0.668977,0.757925,0.802809,0.765392,0.720221,0.988596,1.067800,1.353444,1.383985,0.978398,0.960029,1.165192,1.334324,0.950866,0.950833,0.718799,0.711349,-0.194347,0.153803,0.498870,0.575333,0.468844,0.720864,0.725578,0.928203,0.775863,0.681639,0.977238,0.938814,0.990173,0.896608,0.953389,1.043535,1.046830,0.155738,1.085649,1.241333
0.776393,0.572982,0.748674,0.675880,1.445863,1.200226,0.963514,0.768883,0.000000,1.136257,1.135468,0.844420,1.006892,0.894134,1.084201,0.823361,0.831322,0.606187,0.799247,0.634926,0.226062,0.089870,0.835090,0.760403,0.648841,0.879128,0.589953,0.663250,0.630486,0.739593,0.657819,0.696592,0.893202,0.827352,0.531647,0.569610,0.502499,0.567699,0.315259,0.250552,0.008449,0.176685,0.483248,0.427576,0.468105,0.553841,0.578023,0.559878,0.597088,0.500312,0.777143,0.532237,0.468482,0.397864,0.723023,0.574176,0.459257,0.465834,0.727465,0.648399,0.741471,0.605964,0.693530,0.564547,0.979081,0.606310,0.777759,0.722274,0.554657,0.616411,-0.275221,-0.002547,0.247641,0.285111,0.244850,0.475199,0.396297,0.531521,0.529997,0.611288,0.680100,0.792154,0.865937,0.672955,0.732732,0.793043,0.893724,0.092148,0.851853,0.796706
1.236583,0.869370,1.100757,1.100557,0.985143,1.312254,1.209004,1.268566,1.136257,0.000000,1.234537,1.339305,1.269601,1.280320,1.460387,1.305252,1.082194,0.809739,1.053542,0.875557,0.468135,0.392651,1.233832,1.199278,0.675378,0.832186,0.765834,0.958387,0.960785,1.103119,0.957763,1.199888,1.193618,1.197794,0.552375,0.816232,0.663689,0.823205,0.506282,0.477558,0.175498,0.383257,0.605598,0.593303,0.716627,0.784757,0.796518,0.734313,0.949107,0.844425,1.132284,0.927902,0.737961,0.655724,0.886848,0.745822,0.681181,0.650769,1.052977,1.031158,1.173096,1.061522,1.068474,0.915965,1.156143,0.918914,0.957507,0.941057,0.675631,0.708453,-0.154796,0.176671,0.382165,0.431700,0.373337,0.659970,0.646650,0.846638,0.761751,0.730317,0.979762,1.030660,1.252399,1.076273,1.039905,1.053249,1.393919,0.191453,1.173670,1.141122
1.100775,0.776420,1.008247,0.992309,1.053502,1.144663,1.189185,1.038258,1.135468,1.234537,0.000000,1.219561,1.617175,1.389085,1.640743,1.161185,1.118971,0.793375,1.141897,0.868972,0.332201,0.269782,1.286890,1.071388,0.708315,0.777368,0.512118,0.696533,0.886839,1.045097,0.687613,0.842510,0.950432,0.916648,0.626869,0.719733,0.546935,0.718191,0.377340,0.407645,0.153505,0.359199,0.632882,0.564361,0.725967,0.681064,0.717425,0.645488,0.854601,0.705053,1.059589,0.763517,0.639549,0.582478,0.792810,0.740642,0.643301,0.659525,0.913543,0.909124,1.072213,0.864360,0.894202,0.725752,1.200819,0.797507,0.922500,0.833569,0.761333,0.764160,-0.204689,0.084321,0.387826,0.454638,0.362139,0.605542,0.539030,0.667810,0.793844,0.732447,0.887957,1.023737,1.033854,0.834719,1.040438,1.099409,0.995604,0.180969,1.226087,1.149924
1.616626,1.222657,1.103339,1.231443,0.790727,1.021029,1.192983,1.309669,0.844420,1.339305,1.219561,0.000000,1.458124,1.530230,1.452471,1.632785,1.300081,1.122024,1.500051,1.318722,0.526268,0.543184,1.343423,1.347053,0.605827,0.692947,0.672329,0.839937,1.367182,1.692780,0.825603,1.121753,1.266888,1.225961,0.513987,0.725636,0.629112,0.971320,0.619887,0.680949,0.256841,0.528607,0.653126,0.654608,0.880995,0.860797,0.936780,0.810064,0.984204,0.949623,1.200361,1.022455,0.888452,0.782923,0.958633,0.884664,0.984067,0.958081,1.151551,1.198215,1.338896,1.205938,1.466517,1.271684,1.079902,0.966631,1.050551,0.961919,0.968050,1.005988,-0.174895,0.116629,0.412705,0.551067,0.310554,0.591109,0.621739,0.813034,1.016453,0.889068,1.268599,1.353392,1.247637,1.148955,1.299526,1.315764,1.100719,0.146913,1.271148,1.516498
1.317382,0.964648,1.229726,1.151449,0.956243,1.082826,1.474213,1.167620,1.006892,1.269601,1.617175,1.458124,0.000000,1.730101,1.738320,1.427097,1.219615,0.903017,1.413239,1.044334,0.461220,0.401888,1.345195,1.191296,0.667898,0.710949,0.645815,0.773942,1.146039,1.275306,0.786690,0.958484,1.033832,0.987840,0.587388,0.686977,0.661653,0.909100,0.522344,0.555891,0.242138,0.496995,0.672324,0.647158,0.836918,0.796126,0.849262,0.704573,1.007153,0.857347,1.275913,0.990519,0.756129,0.643835,0.894472,0.726234,0.776726,0.758707,1.038099,1.001191,1.232885,0.963612,1.130998,0.894184,1.136281,0.822875,1.042747,0.909104,0.850979,0.893371,-0.162233,0.171959,0.482967,0.577929,0.413960,0.680804,0.627936,0.742455,0.871788,0.791021,0.998518,1.113019,1.230502,0.955413,1.109458,1.203933,1.062787,0.142203,1.196508,1.265527
1.561393,1.180465,1.300509,1.280131,0.898161,1.151892,1.336083,1.283937,0.894134,1.280320,1.389085,1.530230,1.730101,0.000000,1.664209,1.439959,1.221921,1.050348,1.482272,1.143797,0.479009,0.434907,1.329646,1.199243,0.611733,0.635168,0.666969,0.860338,1.111391,1.393363,0.767757,0.950638,1.103909,1.053973,0.544147,0.774954,0.608105,0.930917,0.510833,0.563914,0.174341,0.422716,0.836237,0.809523,0.981176,1.002848,1.032175,0.910269,1.158851,1.063909,1.418409,1.198605,0.819877,0.718593,1.014073,0.897259,0.934199,0.909935,1.202193,1.209087,1.261077,1.083035,1.141980,1.014023,1.003792,0.899634,1.162804,1.036501,0.984370,1.000120,-0.238358,0.097879,0.426798,0.550825,0.356034,0.694672,0.632921,0.872037,1.017587,0.913800,1.161883,1.260579,1.199601,0.970516,1.207372,1.244896,1.183801,0.167232,1.261296,1.420373
1.311087,0.969266,1.141478,1.105599,1.029467,1.301830,1.286846,1.174536,1.084201,1.460387,1.640743,1.452471,1.738320,1.664209,0.000000,1.568712,1.318213,0.955968,1.406399,1.068602,0.464535,0.410378,1.444720,1.240536,0.690238,0.798046,0.716401,0.883322,1.113446,1.303279,0.906602,1.075306,1.226534,1.099546,0.524512,0.667450,0.671413,0.893021,0.506017,0.524390,0.240646,0.462827,0.688610,0.652547,0.820122,0.810834,0.868633,0.755353,0.986643,0.861532,1.249559,0.924457,0.800592,0.697793,0.943991,0.841606,0.762965,0.738765,1.130524,1.099266,1.117903,0.935463,1.146917,0.933122,1.127171,0.776694,1.064597,0.982384,0.854719,0.864506,-0.181773,0.129904,0.487340,0.580663,0.407722,0.712768,0.642587,0.798901,0.867452,0.810829,1.159270,1.265395,1.579852,1.149865,1.324141,1.287854,1.405329,0.221539,1.371128,1.301678
1.404411,1.148499,1.030315,1.096190,0.808221,1.025747,1.074610,1.097916,0.823361,1.305252,1.161185,1.632785,1.427097,1.439959,1.568712,0.000000,1.274584,1.041179,1.578962,1.342889,0.569586,0.546990,1.283703,1.301766,0.706464,0.700248,0.814079,0.903762,1.307827,1.586795,0.950088,1.192226,1.326430,1.173259,0.463025,0.655326,0.778183,1.020687,0.671955,0.741626,0.293586,0.536715,0.674695,0.671782,0.800042,0.812394,0.936950,0.808989,0.902618,0.871041,1.096702,0.948052,0.810777,0.729672,0.959818,0.844649,0.912881,0.867282,1.185735,1.171703,1.068798,0.948316,1.325492,1.073786,0.874731,0.759207,1.074081,1.010377,0.968043,0.973392,-0.070472,0.221235,0.433132,0.548959,0.352967,0.650308,0.730876,0.898532,1.007584,0.826724,1.261728,1.356007,1.629828,1.448822,1.502613,1.460286,1.248855,0.262333,1.387722,1.364385
1.278683,1.009473,0.886149,0.899780,0.807779,0.991831,0.982782,0.943159,0.831322,1.082194,1.118971,1.300081,1.219615,1.221921,1.318213,1.274584,0.000000,1.156661,1.423311,1.228376,0.354976,0.414610,1.039496,0.985251,0.592607,0.634282,0.646242,0.800906,1.346455,1.343226,0.747291,0.926932,1.224820,1.070624,0.463031,0.494213,0.773834,1.110699,0.693114,0.724306,0.337962,0.591405,0.743845,0.700980,0.763168,0.761994,0.953764,0.780881,0.884757,0.821845,1.038927,0.863208,0.889384,0.757468,1.013606,0.811745,0.865197,0.797143,1.035286,0.945740,0.960680,0.863163,1.295248,1.006174,0.826753,0.628830,0.919629,0.834637,0.897373,0.857390,-0.092021,0.200145,0.527428,0.672427,0.389283,0.690979,0.663889,0.872239,1.063752,0.849032,1.169573,1.168604,1.249548,0.976590,1.180187,1.120892,1.028920,0.178315,1.070148,1.131493
1.383491,1.588606,0.847736,0.959512,0.633456,0.862289,0.770380,0.836055,0.606187,0.809739,0.793375,1.122024,0.903017,1.050348,0.955968,1.041179,1.156661,0.000000,1.249226,1.434507,0.437405,0.463719,0.780027,0.826085,0.417453,0.422523,0.668404,0.808363,1.096899,1.318516,0.503135,0.676283,0.976602,0.885617,0.411063,0.477687,0.505376,0.832838,0.535411,0.701116,0.119265,0.381557,0.780559,0.833634,0.885995,0.877037,1.106659,0.862462,0.925338,0.979265,0.971913,0.963383,0.952347,0.866328,0.935114,0.929031,1.655766,1.577531,1.107119,1.085766,1.025244,1.019881,1.398910,1.434916,0.546350,0.605931,0.948520,0.792329,1.264329,1.254184,-0.297741,-0.061606,0.324432,0.517023,0.148946,0.409664,0.409230,0.680391,1.283090,1.198861,1.418404,1.487510,0.893179,0.780026,1.023419,1.036509,0.730275,0.039643,0.767231,1.120458
1.612795,1.390246,1.203031,1.254036,0.858336,1.055513,1.160908,1.093814,0.799247,1.053542,1.141897,1.500051,1.413239,1.482272,1.406399,1.578962,1.423311,1.249226,0.000000,1.912191,0.578725,0.551120,1.260660,1.235677,0.716342,0.693683,0.790397,0.945865,1.294129,1.570441,0.828456,0.987962,1.322870,1.201609,0.492950,0.616801,0.726262,1.018066,0.681095,0.833910,0.282402,0.560991,0.851087,0.822290,0.985112,0.945263,1.132793,0.949328,1.052425,0.917562,1.235142,1.000772,0.907886,0.837297,1.098720,1.015439,1.123086,1.084584,1.314069,1.227173,1.144682,0.958151,1.320484,1.049360,0.800923,0.706980,1.285014,1.109966,1.314424,1.207878,-0.154079,0.158502,0.485490,0.669986,0.332709,0.641927,0.665794,0.890238,1.189445,0.945171,1.394385,1.483747,1.305689,1.081831,1.497842,1.502422,1.050428,0.201168,1.234915,1.607131
1.476511,1.656132,0.936046,1.076780,0.704041,0.927885,0.851188,0.923843,0.634926,0.875557,0.868972,1.318722,1.044334,1.143797,1.068602,1.342889,1.228376,1.434507,1.912191,0.000000,0.619642,0.601043,0.957452,1.048576,0.602040,0.567239,0.758657,0.899810,1.234438,1.545641,0.686987,0.854270,1.202277,1.133623,0.366683,0.515823,0.600814,0.901167,0.662183,0.856375,0.233927,0.507972,0.812911,0.834010,0.924794,0.907381,1.182691,0.944930,0.926282,0.888595,1.018965,0.925949,0.936925,0.893153,1.057975,1.070731,1.398699,1.354468,1.242153,1.201668,1.002351,0.933803,1.292384,1.152729,0.590584,0.617866,1.170765,1.025262,1.574896,1.426214,-0.165179,0.096680,0.390182,0.620719,0.207776,0.499528,0.533926,0.768213,1.288285,1.030111,1.523050,1.543807,1.076261,0.979599,1.345310,1.285073,0.851874,0.147891,0.977375,1.400718
0.601787,0.640062,0.684784,0.744753,0.150778,0.443481,0.507558,0.596818,0.226062,0.468135,0.332201,0.526268,0.461220,0.479009,0.464535,0.569586,0.354976,0.437405,0.578725,0.619642,0.000000,1.268896,0.543340,0.645456,0.519604,0.370951,0.829108,0.880777,0.409906,0.490155,0.603854,0.666290,0.442225,0.479104,0.201114,0.380497,0.336223,0.439298,0.470579,0.694817,0.441658,0.626603,0.349055,0.354775,0.443449,0.408908,0.492387,0.399872,0.472843,0.437316,0.472022,0.452167,0.342763,0.380124,0.442652,0.511219,0.613422,0.569893,0.461364,0.476915,0.526708,0.533341,0.455497,0.466484,0.266334,0.412290,0.430690,0.421812,0.477765,0.541428,-0.007610,0.296410,0.411759,0.509292,0.310059,0.407350,0.494741,0.466402,0.467504,0.468539,0.559361,0.495221,0.484752,0.409076,0.496488,0.530606,0.378149,-0.131726,0.403126,0.562025
0.578677,0.611962,0.602552,0.665715,0.028362,0.312009,0.464762,0.562005,0.089870,0.392651,0.269782,0.543184,0.401888,0.434907,0.410378,0.546990,0.414610,0.463719,0.551120,0.601043,1.268896,0.000000,0.503457,0.573517,0.398760,0.249920,0.592982,0.688976,0.524566,0.533723,0.546848,0.630637,0.390021,0.401382,0.118976,0.267427,0.460068,0.585610,0.629405,0.937114,0.772014,0.972708,0.288858,0.285349,0.400265,0.328572,0.430402,0.312810,0.437440,0.415132,0.410764,0.406568,0.402346,0.473647,0.425449,0.535770,0.581209,0.529916,0.404281,0.463846,0.487317,0.495198,0.488887,0.505121,0.229312,0.366888,0.320769,0.312131,0.419200,0.449687,-0.005465,0.375966,0.614761,0.759921,0.405082,0.562212,0.538874,0.499825,0.501597,0.334076,0.547483,0.458849,0.482959,0.395828,0.466186,0.479017,0.314291,-0.136920,0.361135,0.532332
1.172151,0.861928,1.393976,1.327220,0.816921,1.001107,1.372456,1.270010,0.835090,1.233832,1.286890,1.343423,1.345195,1.329646,1.444720,1.283703,1.039496,0.780027,1.260660,0.957452,0.543340,0.503457,0.000000,1.949038,0.816988,0.907377,0.633557,0.908192,0.891174,1.057895,1.124501,1.389572,1.239097,1.274889,0.706075,0.901502,0.562552,0.854614,0.531049,0.613230,0.276756,0.492719,0.655607,0.579737,0.833291,0.772425,0.737150,0.688018,0.883333,0.734976,1.261072,0.876243,0.637278,0.570277,0.816522,0.751840,0.696646,0.702334,0.982809,0.982531,1.169789,0.972191,1.014336,0.869622,1.212269,0.968865,1.075254,1.026740,0.736880,0.770901,-0.176902,0.219122,0.459724,0.537061,0.385251,0.674230,0.638846,0.783878,0.777556,0.698760,0.958193,1.014875,1.112822,0.898190,1.136280,1.280082,1.159996,0.168459,1.225567,1.323804
1.182356,0.927888,1.281164,1.402368,0.781382,0.992175,1.202795,1.249606,0.760403,1.199278,1.071388,1.347053,1.191296,1.199243,1.240536,1.301766,0.985251,0.826085,1.235677,1.048576,0.645456,0.573517,1.949038,0.000000,0.879228,0.985309,0.685747,1.004926,0.853721,1.038936,1.111859,1.521306,1.241953,1.368885,0.737637,0.909552,0.503432,0.788415,0.561776,0.666794,0.261317,0.479710,0.660153,0.570255,0.851270,0.808501,0.782419,0.679879,0.862898,0.722486,1.219567,0.908873,0.691322,0.581750,0.925257,0.817991,0.805321,0.800593,1.029200,1.007913,1.190407,1.057550,1.074236,0.927117,1.076454,1.058086,1.166707,1.145662,0.808321,0.859194,-0.156021,0.217627,0.378592,0.490767,0.285810,0.561956,0.551998,0.708126,0.816086,0.765757,0.980782,1.044927,1.022908,0.864306,1.146786,1.379467,1.081257,0.127679,1.150022,1.437792
0.550597,0.442145,0.725100,0.730705,0.751960,0.801622,0.769371,0.678342,0.648841,0.675378,0.708315,0.605827,0.667898,0.611733,0.690238,0.706464,0.592607,0.417453,0.716342,0.602040,0.519604,0.398760,0.816988,0.879228,0.000000,1.110625,0.719600,0.840767,0.486200,0.551699,0.882900,0.842899,0.730839,0.748353,0.484686,0.624619,0.470445,0.509946,0.359096,0.511190,0.297203,0.445340,0.528263,0.376561,0.506225,0.492016,0.495640,0.480085,0.493416,0.303413,0.616300,0.395508,0.306286,0.274473,0.549116,0.558985,0.378212,0.383239,0.608147,0.560880,0.520737,0.496929,0.531167,0.355323,0.593883,0.501005,0.782307,0.841399,0.499315,0.457625,-0.007917,0.281088,0.429315,0.421616,0.392997,0.532117,0.572399,0.588354,0.497009,0.367791,0.605440,0.601082,0.700561,0.624088,0.743187,0.786123,0.691572,0.186232,0.767878,0.756858
0.617189,0.428095,0.723688,0.724904,0.921160,0.895514,0.842457,0.735460,0.879128,0.832186,0.777368,0.692947,0.710949,0.635168,0.798046,0.700248,0.634282,0.422523,0.693683,0.567239,0.370951,0.249920,0.907377,0.985309,1.110625,0.000000,0.555008,0.741959,0.479283,0.560321,0.967118,0.994475,0.866551,0.928365,0.687499,0.742823,0.325715,0.427564,0.331663,0.305922,0.158096,0.252400,0.524814,0.334463,0.513381,0.531599,0.469594,0.446564,0.542158,0.363496,0.743494,0.472449,0.402231,0.299787,0.621271,0.478877,0.368513,0.370274,0.695141,0.614288,0.654319,0.592451,0.618007,0.433878,0.802689,0.643080,0.824567,0.900736,0.472257,0.488140,-0.168360,0.153385,0.272410,0.270234,0.205440,0.391209,0.369827,0.471674,0.453245,0.464298,0.544400,0.605822,0.710312,0.587471,0.715363,0.841896,0.805444,0.116319,0.766698,0.778814
0.795529,0.810942,0.774394,0.812901,0.605325,0.895706,0.694877,0.722934,0.589953,0.765834,0.512118,0.672329,0.645815,0.666969,0.716401,0.814079,0.646242,0.668404,0.790397,0.758657,0.829108,0.592982,0.633557,0.685747,0.719600,0.555008,0.000000,1.375397,0.545168,0.649881,0.704126,0.729513,0.736848,0.683406,0.358802,0.483839,0.641079,0.618890,0.546139,0.761653,0.221379,0.444067,0.612374,0.596155,0.632380,0.685159,0.762702,0.670451,0.721988,0.680492,0.729602,0.691859,0.579818,0.607995,0.741421,0.719928,0.669234,0.601873,0.786033,0.755750,0.652514,0.676394,0.666937,0.651290,0.385197,0.428532,0.758718,0.726820,0.629085,0.648366,0.037415,0.333106,0.522172,0.511783,0.470823,0.650765,0.707323,0.832354,0.564463,0.532353,0.703277,0.663628,0.871458,0.764676,0.772750,0.753063,0.793977,0.092623,0.721284,0.743468
1.045228,0.960920,1.060481,1.170922,0.704602,1.162407,0.883784,1.015119,0.663250,0.958387,0.696533,0.839937,0.773942,0.860338,0.883322,0.903762,0.800906,0.808363,0.945865,0.899810,0.880777,0.688976,0.908192,1.004926,0.840767,0.741959,1.375397,0.000000,0.603373,0.778059,0.800563,0.926207,0.960423,0.944511,0.569310,0.702662,0.596672,0.714705,0.589056,0.772488,0.259254,0.445647,0.837420,0.739673,0.839697,0.856915,0.970311,0.863542,0.933393,0.798395,1.015726,0.852203,0.751504,0.725962,0.979301,1.002570,0.812584,0.758546,0.984124,0.954124,0.932093,0.950855,0.840413,0.814955,0.568406,0.656955,0.950387,0.927958,0.775932,0.799553,-0.205884,0.169821,0.494358,0.562640,0.402253,0.667402,0.627581,0.837664,0.776824,0.723149,0.893215,0.844336,0.876604,0.723818,0.940731,1.006885,0.958477,0.038216,0.832748,1.048017
1.202496,1.052366,0.822042,0.846044,0.589022,0.758963,0.950352,0.911131,0.630486,0.960785,0.886839,1.367182,1.146039,1.111391,1.113446,1.307827,1.346455,1.096899,1.294129,1.234438,0.409906,0.524566,0.891174,0.853721,0.486200,0.479283,0.545168,0.603373,0.000000,1.640383,0.731950,0.902954,1.070625,0.944645,0.248447,0.407057,0.763319,1.140640,0.693072,0.745923,0.430011,0.702474,0.584288,0.641728,0.731972,0.689711,0.862209,0.711463,0.851151,0.837847,0.902106,0.851431,0.792409,0.735595,0.744885,0.671072,0.902466,0.838368,0.933695,0.896411,0.903045,0.810667,1.335441,1.073900,0.731912,0.588519,0.772101,0.695303,0.838805,0.802930,-0.070120,0.178532,0.543277,0.700454,0.373112,0.652880,0.697948,0.826245,1.011788,0.749074,1.236438,1.168094,1.197963,1.100407,1.018184,0.917023,0.862179,0.206079,0.874222,0.996880
1.539982,1.334012,0.946704,0.996307,0.740878,0.959903,0.974358,1.011639,0.739593,1.103119,1.045097,1.692780,1.275306,1.393363,1.303279,1.586795,1.343226,1.318516,1.570441,1.545641,0.490155,0.533723,1.057895,1.038936,0.551699,0.560321,0.649881,0.778059,1.640383,0.000000,0.796561,0.979494,1.245533,1.123939,0.375353,0.559130,0.710004,1.095256,0.639621,0.664562,0.265138,0.517529,0.729724,0.786669,0.841894,0.847016,1.065439,0.913784,0.930741,0.899939,1.054095,0.923724,0.889622,0.829098,0.920851,0.873447,1.114401,1.063708,1.190327,1.140255,1.081497,0.967022,1.532192,1.260284,0.775929,0.682461,1.005087,0.911830,1.113041,1.090536,-0.228216,0.057977,0.408393,0.581014,0.268715,0.602366,0.581819,0.817581,1.278315,1.057962,1.582034,1.712405,1.275412,1.123715,1.364861,1.287411,0.986759,0.124415,1.049573,1.314402
0.705305,0.550763,0.900469,0.816364,0.623473,0.761385,0.933537,0.866587,0.657819,0.957763,0.687613,0.825603,0.786690,0.767757,0.906602,0.950088,0.747291,0.503135,0.828456,0.686987,0.603854,0.546848,1.124501,1.111859,0.882900,0.967118,0.704126,0.800563,0.731950,0.796561,0.000000,1.805684,1.072076,1.107571,0.431882,0.694913,0.605455,0.855155,0.508375,0.541326,0.399384,0.521000,0.543216,0.461637,0.557286,0.595699,0.536451,0.545079,0.595008,0.463711,0.786436,0.561666,0.395543,0.367837,0.518048,0.463176,0.430543,0.396544,0.705255,0.654944,0.615579,0.570116,0.722548,0.561210,0.743762,0.607113,0.766681,0.859375,0.429003,0.450511,0.013617,0.401818,0.505708,0.488994,0.427425,0.661033,0.695552,0.779851,0.602192,0.502669,0.818887,0.775821,1.025362,0.830482,0.873220,0.880811,1.024017,0.150854,0.767835,0.745530
0.956738,0.731119,1.050509,1.066904,0.643830,0.858852,1.063737,1.112357,0.696592,1.199888,0.842510,1.121753,0.958484,0.950638,1.075306,1.192226,0.926932,0.676283,0.987962,0.854270,0.666290,0.630637,1.389572,1.521306,0.842899,0.994475,0.729513,0.926207,0.902954,0.979494,1.805684,0.000000,1.247708,1.340120,0.576777,0.835225,0.615309,0.959919,0.601024,0.637970,0.405087,0.577828,0.614026,0.523278,0.715265,0.724077,0.665343,0.612704,0.750109,0.643039,0.983233,0.766444,0.565297,0.505786,0.657740,0.578297,0.615459,0.568631,0.869550,0.830110,0.879061,0.833670,0.955339,0.787316,0.932457,0.859121,0.873238,0.950336,0.561865,0.584581,-0.020449,0.365849,0.489106,0.528875,0.396210,0.653158,0.714642,0.831525,0.728838,0.645528,0.938564,0.907888,1.110454,0.910731,0.999971,1.064774,1.097652,0.122333,0.915780,0.977106
1.211306,0.989351,1.001113,1.038012,0.897541,1.104445,1.055821,1.119434,0.893202,1.193618,0.950432,1.266888,1.033832,1.103909,1.226534,1.326430,1.224820,0.976602,1.322870,1.202277,0.442225,0.390021,1.239097,1.241953,0.730839,0.866551,0.736848,0.960423,1.070625,1.245533,1.072076,1.247708,0.000000,1.996540,0.613592,0.806399,0.632866,0.980390,0.626164,0.658732,0.191889,0.387699,0.790034,0.756136,0.827780,0.938962,0.948685,0.945874,0.876698,0.825854,1.058482,0.859313,0.764056,0.691307,0.865326,0.782787,0.834034,0.787168,1.209637,1.100631,1.016827,0.926745,1.253647,1.018081,0.875090,0.766160,1.168136,1.183165,0.901589,0.890992,-0.173477,0.118714,0.357439,0.470101,0.265924,0.578906,0.623602,0.942233,0.914852,0.851858,1.225431,1.240820,1.246276,1.133582,1.239298,1.223682,1.245976,0.245253,1.088200,1.185382
1.157348,0.940310,1.083976,1.151485,0.828440,1.033331,1.081937,1.250417,0.827352,1.197794,0.916648,1.225961,0.987840,1.053973,1.099546,1.173259,1.070624,0.885617,1.201609,1.133623,0.479104,0.401382,1.274889,1.368885,0.748353,0.928365,0.683406,0.944511,0.944645,1.123939,1.107571,1.340120,1.996540,0.000000,0.676580,0.997335,0.508962,0.888525,0.525670,0.592252,0.158800,0.350664,0.771751,0.693615,0.836337,0.934336,0.874561,0.856443,0.862797,0.786864,1.058055,0.882157,0.697658,0.613376,0.791117,0.749378,0.791994,0.762513,1.093243,1.045717,1.055272,1.036356,1.110860,0.961333,0.926338,0.954018,1.143902,1.192603,0.850586,0.834505,-0.198464,0.121676,0.325349,0.445745,0.246484,0.557103,0.559910,0.865875,0.874081,0.860565,1.099362,1.106818,1.037420,0.931924,1.077464,1.126579,1.103524,0.163508,0.972706,1.177586
0.588670,0.390457,0.703162,0.738574,0.538345,0.509548,0.670928,0.672135,0.531647,0.552375,0.626869,0.513987,0.587388,0.544147,0.524512,0.463025,0.463031,0.411063,0.492950,0.366683,0.201114,0.118976,0.706075,0.737637,0.484686,0.687499,0.358802,0.569310,0.248447,0.375353,0.431882,0.576777,0.613592,0.676580,0.000000,1.087531,0.193937,0.367887,0.318866,0.315672,-0.053502,0.072726,0.564128,0.358456,0.607671,0.576377,0.447357,0.408837,0.560511,0.481993,0.679275,0.547372,0.436822,0.341615,0.506150,0.351823,0.412750,0.399558,0.559142,0.549535,0.810120,0.724658,0.506847,0.455773,0.718454,0.823452,0.629050,0.588850,0.427687,0.434049,-0.272083,0.036316,0.124181,0.175553,0.151094,0.265158,0.223320,0.412641,0.383436,0.484519,0.310800,0.407233,0.333974,0.231150,0.445352,0.665797,0.465557,-0.012727,0.556833,0.630498
0.767074,0.547746,0.965651,1.006372,0.548908,0.642501,0.881814,1.086078,0.569610,0.816232,0.719733,0.725636,0.686977,0.774954,0.667450,0.655326,0.494213,0.477687,0.616801,0.515823,0.380497,0.267427,0.901502,0.909552,0.624619,0.742823,0.483839,0.702662,0.407057,0.559130,0.694913,0.835225,0.806399,0.997335,1.087531,0.000000,0.232904,0.498969,0.288141,0.365270,-0.019773,0.142817,0.661564,0.483329,0.723564,0.765039,0.560982,0.614307,0.699107,0.670130,0.781944,0.715721,0.395870,0.358518,0.463758,0.435358,0.492098,0.478197,0.669103,0.744223,0.909086,0.946889,0.562677,0.543716,0.823888,1.156223,0.732157,0.767755,0.486337,0.486174,-0.254514,0.086011,0.175922,0.231095,0.219287,0.427952,0.464025,0.728714,0.497994,0.541200,0.530029,0.572792,0.508568,0.486589,0.581719,0.712564,0.703996,0.101194,0.719497,0.748807
0.620247,0.496059,0.609583,0.553710,0.557825,0.623869,0.708520,0.592029,0.502499,0.663689,0.546935,0.629112,0.661653,0.608105,0.671413,0.778183,0.773834,0.505376,0.726262,0.600814,0.336223,0.460068,0.562552,0.503432,0.470445,0.325715,0.641079,0.596672,0.763319,0.710004,0.605455,0.615309,0.632866,0.508962,0.193937,0.232904,0.000000,1.075798,1.020610,0.780048,0.662000,0.802958,0.436128,0.446070,0.484908,0.443959,0.615275,0.556399,0.598363,0.466675,0.627561,0.526786,0.612856,0.639105,0.643865,0.552402,0.367705,0.299802,0.631300,0.541401,0.469404,0.365116,0.608614,0.465944,0.400559,0.212891,0.537006,0.553240,0.442536,0.371532,0.211397,0.495918,0.797122,0.778465,0.749726,0.937183,1.023117,0.890380,0.495928,0.317727,0.635247,0.584534,0.906119,0.793781,0.757091,0.688581,0.721502,0.266347,0.695357,0.609862
0.936454,0.796739,0.841662,0.815028,0.545962,0.731041,0.914121,0.866763,0.567699,0.823205,0.718191,0.971320,0.909100,0.930917,0.893021,1.020687,1.110699,0.832838,1.018066,0.901167,0.439298,0.585610,0.854614,0.788415,0.509946,0.427564,0.618890,0.714705,1.140640,1.095256,0.855155,0.959919,0.980390,0.888525,0.367887,0.498969,1.075798,0.000000,0.886868,0.845786,0.569955,0.777716,0.754670,0.755422,0.773476,0.778522,0.868998,0.794292,0.808011,0.778205,0.867702,0.804224,0.716827,0.721698,0.642333,0.612166,0.673866,0.603997,0.843962,0.790888,0.692509,0.645285,0.907854,0.795161,0.576700,0.508021,0.733251,0.713089,0.658295,0.621895,0.015630,0.331098,0.733077,0.840948,0.581264,0.910558,0.881587,1.018632,0.838768,0.659738,0.982084,0.925656,1.027111,0.788930,0.939502,0.894637,0.809289,0.094619,0.761968,0.843056
0.648413,0.592573,0.531796,0.554755,0.368814,0.494278,0.546578,0.494001,0.315259,0.506282,0.377340,0.619887,0.522344,0.510833,0.506017,0.671955,0.693114,0.535411,0.681095,0.662183,0.470579,0.629405,0.531049,0.561776,0.359096,0.331663,0.546139,0.589056,0.693072,0.639621,0.508375,0.601024,0.626164,0.525670,0.318866,0.288141,1.020610,0.886868,0.000000,1.101579,0.696609,0.856436,0.501564,0.467653,0.567155,0.505909,0.605102,0.524765,0.611395,0.560667,0.630348,0.601864,0.714981,0.713851,0.767152,0.512216,0.524154,0.448606,0.657217,0.575776,0.506341,0.408866,0.636143,0.576219,0.283439,0.235756,0.561911,0.541534,0.543663,0.520263,0.183298,0.512146,0.627275,0.796345,0.463004,0.653858,0.739879,0.744631,0.488105,0.341804,0.559015,0.539420,0.661393,0.596886,0.673892,0.661706,0.548899,0.135168,0.579932,0.597513
0.757067,0.798539,0.684919,0.790218,0.283960,0.475625,0.628750,0.662239,0.250552,0.477558,0.407645,0.680949,0.555891,0.563914,0.524390,0.741626,0.724306,0.701116,0.833910,0.856375,0.694817,0.937114,0.613230,0.666794,0.511190,0.305922,0.761653,0.772488,0.745923,0.664562,0.541326,0.637970,0.658732,0.592252,0.315672,0.365270,0.780048,0.845786,1.101579,0.000000,0.641841,0.998349,0.542304,0.521603,0.651461,0.560419,0.659118,0.556683,0.663228,0.658414,0.633746,0.646413,0.658782,0.743553,0.708787,0.701579,0.719772,0.659059,0.681234,0.699082,0.606648,0.584391,0.690774,0.689668,0.288808,0.368844,0.602210,0.553830,0.658842,0.612751,0.183888,0.543698,0.741244,0.930153,0.556371,0.699508,0.768806,0.812007,0.612630,0.348898,0.679179,0.599563,0.657805,0.654771,0.690872,0.687848,0.504724,0.206075,0.627216,0.735702
0.197589,0.137404,0.284225,0.247176,-0.005210,0.124776,0.341454,0.254347,0.008449,0.175498,0.153505,0.256841,0.242138,0.174341,0.240646,0.293586,0.337962,0.119265,0.282402,0.233927,0.441658,0.772014,0.276756,0.261317,0.297203,0.158096,0.221379,0.259254,0.430011,0.265138,0.399384,0.405087,0.191889,0.158800,-0.053502,-0.019773,0.662000,0.569955,0.696609,0.641841,0.000000,1.338797,0.089249,0.032958,0.142538,0.037105,0.109521,0.030992,0.189686,0.092711,0.186676,0.108039,0.191928,0.217564,0.173338,0.172184,0.072129,0.031576,0.120700,0.094360,0.118860,0.054705,0.226322,0.141376,0.153197,0.039593,0.040213,0.063768,0.026696,0.003765,0.238739,0.563385,0.976422,0.935896,0.692846,0.719436,0.659120,0.380123,0.135551,-0.039696,0.228601,0.136294,0.353851,0.266937,0.228058,0.193568,0.174355,-0.024348,0.172381,0.182115
0.484920,0.433253,0.536251,0.525524,0.145593,0.305830,0.565448,0.500971,0.176685,0.383257,0.359199,0.528607,0.496995,0.422716,0.462827,0.536715,0.591405,0.381557,0.560991,0.507972,0.626603,0.972708,0.492719,0.479710,0.445340,0.252400,0.444067,0.445647,0.702474,0.517529,0.521000,0.577828,0.387699,0.350664,0.072726,0.142817,0.802958,0.777716,0.856436,0.998349,1.338797,0.000000,0.219894,0.200696,0.371047,0.253010,0.306178,0.202589,0.425945,0.350064,0.406809,0.356473,0.371390,0.404024,0.359314,0.333565,0.356367,0.299143,0.364659,0.348390,0.378220,0.317410,0.482767,0.404772,0.312966,0.228639,0.269554,0.259824,0.292451,0.257364,0.218343,0.594343,1.099121,1.251687,0.720543,0.857760,0.794422,0.562896,0.344446,0.136161,0.466754,0.369374,0.594629,0.499503,0.455194,0.407386,0.357480,0.062156,0.415295,0.457318
0.879179,0.848184,0.753456,0.811422,0.678491,0.829538,0.663555,0.698555,0.483248,0.605598,0.632882,0.653126,0.672324,0.836237,0.688610,0.674695,0.743845,0.780559,0.851087,0.812911,0.349055,0.288858,0.655607,0.660153,0.528263,0.524814,0.612374,0.837420,0.584288,0.729724,0.543216,0.614026,0.790034,0.771751,0.564128,0.661564,0.436128,0.754670,0.501564,0.542304,0.089249,0.219894,0.000000,1.557903,1.348276,1.473053,1.339438,1.304805,1.155886,1.009856,1.046919,0.948284,0.817696,0.792195,0.778340,0.819891,0.771010,0.730909,1.085555,0.983997,0.675514,0.720032,0.601206,0.625553,0.353104,0.478169,1.095936,1.021481,0.945709,0.815250,-0.227111,0.093247,0.367641,0.488423,0.308832,0.523528,0.451552,0.762140,0.927820,0.771864,0.803932,0.796564,0.621390,0.475046,0.845231,0.887055,0.676791,0.068956,0.668016,0.825930
0.869867,0.933437,0.659751,0.725913,0.605417,0.813497,0.584230,0.628077,0.427576,0.593303,0.564361,0.654608,0.647158,0.809523,0.652547,0.671782,0.700980,0.833634,0.822290,0.834010,0.354775,0.285349,0.579737,0.570255,0.376561,0.334463,0.596155,0.739673,0.641728,0.786669,0.461637,0.523278,0.756136,0.693615,0.358456,0.483329,0.446070,0.755422,0.467653,0.521603,0.032958,0.200696,1.557903,0.000000,1.213636,1.455699,1.485443,1.629996,1.148848,1.138118,0.979229,0.999624,0.888624,0.951508,0.740419,0.825648,0.829721,0.794384,1.118514,1.003062,0.644116,0.675597,0.626430,0.711315,0.273985,0.355401,1.035615,0.950622,0.940465,0.842806,-0.184439,0.060863,0.302310,0.411143,0.264974,0.464803,0.405339,0.722302,0.899045,0.785427,0.850738,0.840480,0.632327,0.536741,0.835140,0.807254,0.642119,0.057926,0.638595,0.772433
1.075914,1.024690,0.995577,1.162246,0.656404,0.847802,0.873274,0.987342,0.468105,0.716627,0.725967,0.880995,0.836918,0.981176,0.820122,0.800042,0.763168,0.885995,0.985112,0.924794,0.443449,0.400265,0.833291,0.851270,0.506225,0.513381,0.632380,0.839697,0.731972,0.841894,0.557286,0.715265,0.827780,0.836337,0.607671,0.723564,0.484908,0.773476,0.567155,0.651461,0.142538,0.371047,1.348276,1.213636,0.000000,1.661887,1.210487,1.109467,1.681874,1.328911,1.431411,1.354551,1.069726,1.044228,0.803141,0.888651,0.921767,0.866845,1.334484,1.271239,0.984717,1.042316,0.786210,0.887277,0.540868,0.704291,1.219933,1.094506,1.038320,0.902722,-0.175125,0.120754,0.464860,0.619281,0.397475,0.571604,0.521125,0.737313,0.878390,0.708530,0.888974,0.874231,0.746476,0.622103,0.957278,1.018250,0.759105,0.137193,0.825367,1.103018
1.048789,1.025184,0.883566,1.008880,0.739233,0.939923,0.805004,0.925505,0.553841,0.784757,0.681064,0.860797,0.796126,1.002848,0.810834,0.812394,0.761994,0.877037,0.945263,0.907381,0.408908,0.328572,0.772425,0.808501,0.492016,0.531599,0.685159,0.856915,0.689711,0.847016,0.595699,0.724077,0.938962,0.934336,0.576377,0.765039,0.443959,0.778522,0.505909,0.560419,0.037105,0.253010,1.473053,1.455699,1.661887,0.000000,1.347849,1.324344,1.531896,1.413990,1.216991,1.262748,0.972154,0.956217,0.829743,0.858587,0.892883,0.832828,1.416582,1.357237,0.877210,0.985408,0.763786,0.869590,0.484798,0.661294,1.308503,1.262972,1.024692,0.907907,-0.192603,0.096352,0.347246,0.471055,0.317186,0.512086,0.456341,0.803667,0.883929,0.790616,0.904369,0.900919,0.784179,0.662706,0.950034,0.958887,0.831093,0.130250,0.810126,1.007678
1.214124,1.223200,0.825543,0.938156,0.766214,0.994888,0.748254,0.835969,0.578023,0.796518,0.717425,0.936780,0.849262,1.032175,0.868633,0.936950,0.953764,1.106659,1.132793,1.182691,0.492387,0.430402,0.737150,0.782419,0.495640,0.469594,0.762702,0.970311,0.862209,1.065439,0.536451,0.665343,0.948685,0.874561,0.447357,0.560982,0.615275,0.868998,0.605102,0.659118,0.109521,0.306178,1.339438,1.485443,1.210487,1.347849,0.000000,1.733583,1.218461,1.156046,1.159376,1.106602,1.158168,1.090941,1.118535,1.120650,1.089412,0.999854,1.303431,1.204208,0.878494,0.903038,0.884242,0.931634,0.433897,0.522161,1.205703,1.101297,1.242218,1.110007,-0.227032,0.061800,0.348199,0.516549,0.283012,0.529100,0.511226,0.852922,1.133729,0.992128,1.126174,1.093119,0.813203,0.703054,1.105238,1.076167,0.824308,0.087159,0.842305,1.077373
0.999494,0.974210,0.738761,0.820093,0.720181,0.919299,0.676842,0.773327,0.559878,0.734313,0.645488,0.810064,0.704573,0.910269,0.755353,0.808989,0.780881,0.862462,0.949328,0.944930,0.399872,0.312810,0.688018,0.679879,0.480085,0.446564,0.670451,0.863542,0.711463,0.913784,0.545079,0.612704,0.945874,0.856443,0.408837,0.614307,0.556399,0.794292,0.524765,0.556683,0.030992,0.202589,1.304805,1.629996,1.109467,1.324344,1.733583,0.000000,1.067973,1.067833,1.000367,0.964677,0.919203,0.959991,0.875866,0.972780,0.840682,0.785749,1.178023,1.083596,0.745687,0.763806,0.732766,0.781575,0.387171,0.454666,1.067360,1.046318,0.985333,0.879495,-0.235168,-0.004090,0.256437,0.386188,0.252960,0.497533,0.519377,0.851415,0.913733,0.822005,0.961905,0.950455,0.742670,0.693538,0.992939,0.943299,0.828331,0.143598,0.820507,0.930454
1.263279,1.118718,1.135742,1.251184,0.765566,1.037917,1.051500,1.122896,0.597088,0.949107,0.854601,0.984204,1.007153,1.158851,0.986643,0.902618,0.884757,0.925338,1.052425,0.926282,0.472843,0.437440,0.883333,0.862898,0.493416,0.542158,0.721988,0.933393,0.851151,0.930741,0.595008,0.750109,0.876698,0.862797,0.560511,0.699107,0.598363,0.808011,0.611395,0.663228,0.189686,0.425945,1.155886,1.148848,1.681874,1.531896,1.218461,1.067973,0.000000,1.641760,1.632089,1.554196,1.202086,1.160303,0.976220,0.939449,0.919322,0.847850,1.493605,1.427580,1.173579,1.166644,0.895652,0.983796,0.619636,0.705248,1.189150,1.062330,0.989849,0.869346,-0.187373,0.169796,0.558213,0.665173,0.507207,0.713733,0.577753,0.839260,0.916041,0.718275,0.933937,0.904938,0.886556,0.734275,0.965329,0.989124,0.894396,0.161466,0.896977,1.135858
