0.000000,1.007677,0.425126,0.297740,0.206088,0.226328,0.350432,0.357193,0.170497,0.104002,0.853783,0.588863,0.531959,0.422327,0.452293,0.297993,0.739906,0.755984,0.802725,0.565686,0.307432,0.192252,0.230215,0.163469,0.286647,0.343759,0.396262,0.204951,0.616447,0.546581,0.369222,0.181338,0.752976,0.647157,0.152020,0.294100,0.068779,0.447416,0.463372,0.236705,0.128881,0.244415,0.370869,0.431236,0.425531,0.512587,0.510305,0.543378,0.440511,0.367105,0.473094,0.429845,0.449414,0.436847,0.543780,0.558694,0.773775,0.719049,0.309680,0.263495,0.438317,0.283145,0.605697,0.757571,0.094474,0.187351,0.457295,0.355501,0.709008,0.175318,0.010682,-0.104999,0.419382,0.317250,0.403059,0.220434,0.286418,0.285013,0.271954,0.334385,0.477479,0.376833,0.397811,0.331430,0.505086,0.479272,0.150193,0.096268,0.197807,0.340101
1.007677,0.000000,0.424540,0.399417,0.262367,0.277083,0.289725,0.442356,0.280599,0.178043,0.530081,0.667625,0.243831,0.434876,0.521275,0.385222,0.516772,0.813877,0.861497,0.859923,0.174854,0.119364,0.252822,0.190718,0.279203,0.371126,0.268445,0.129076,0.477990,0.518252,0.319410,0.115129,0.786077,0.731535,0.209743,0.302900,-0.066189,0.531132,0.297947,0.239308,0.134142,0.376503,0.559906,0.552955,0.431563,0.713703,0.529713,0.635455,0.498053,0.544626,0.499644,0.564227,0.544836,0.609096,0.490218,0.577658,0.536902,1.023239,0.435988,0.447462,0.385539,0.311466,0.524192,0.798764,0.110050,0.225812,0.577228,0.521086,0.804155,0.436623,0.008458,-0.172971,0.295572,0.382025,0.375859,0.336229,0.343692,0.398339,0.249287,0.263285,0.514424,0.429739,0.467460,0.536028,0.453160,0.507011,0.195119,0.185605,0.250813,0.476378
0.425126,0.424540,0.000000,1.147696,0.401115,0.378999,0.966475,0.824975,0.617297,0.295254,0.261375,0.287450,0.248228,0.101850,0.837927,0.607672,0.280043,0.368761,0.807217,0.712484,0.162457,0.141516,1.069664,1.006829,0.560972,0.785232,0.323558,0.249689,0.456859,0.252298,0.841303,0.700791,0.728884,0.746979,0.778468,0.751056,0.280103,0.406134,0.610234,0.513059,0.313269,0.459351,0.609629,0.631244,0.657618,0.653118,0.544938,0.595621,0.496377,0.504940,0.433198,0.411265,0.388217,0.429328,0.496000,0.592068,0.191024,0.383708,0.738567,0.601201,0.634805,0.291010,0.396660,0.300439,0.680124,0.533768,0.900845,0.652765,0.539375,0.641781,0.447726,0.298472,0.637955,0.592940,0.606275,0.665776,0.753936,0.713722,0.211701,0.127103,0.400040,0.425465,0.626471,0.535038,0.739865,0.746858,0.619957,0.580087,0.637500,0.881157
0.297740,0.399417,1.147696,0.000000,0.528716,0.581071,0.699118,1.087674,0.655212,0.493657,0.129439,0.258919,0.068579,0.007027,0.746687,0.493790,0.294663,0.439826,0.701776,0.828758,0.118371,0.218661,1.027717,1.036672,0.496178,0.717246,0.382131,0.289472,0.358610,0.321767,0.641679,0.627984,0.674990,0.861265,0.865276,0.720378,0.165654,0.330962,0.445831,0.507370,0.170612,0.336243,0.491076,0.495754,0.758519,0.718797,0.366102,0.432191,0.391493,0.421119,0.265384,0.317218,0.251386,0.334023,0.332064,0.411403,0.253043,0.501437,0.912130,0.815933,0.706931,0.481790,0.459386,0.409109,0.703709,0.762619,1.009803,0.976027,0.518443,0.768017,0.455390,0.327519,0.445143,0.449565,0.491745,0.620413,0.767782,0.731007,0.208186,0.094116,0.421556,0.541050,0.434044,0.549597,0.598786,0.723764,0.552896,0.625345,0.836975,1.098628
0.206088,0.262367,0.401115,0.528716,0.000000,1.147425,0.333195,0.409479,1.278149,0.918954,0.112514,0.269756,0.008699,0.152175,0.915489,0.647583,0.395936,0.243497,0.414993,0.477179,0.385842,0.536247,0.403362,0.411958,0.562320,0.649378,0.536170,0.601960,0.384981,0.298665,0.259603,0.257350,0.441594,0.382591,0.425130,0.337992,0.334475,0.539297,0.272910,0.232117,0.171514,0.389209,0.564077,0.518495,0.519940,0.509141,0.449522,0.473640,0.445906,0.434747,0.353327,0.355814,0.355159,0.306750,0.268067,0.346432,0.250264,0.337040,0.682912,0.553127,0.674943,0.508984,0.514746,0.389140,0.426262,0.535720,0.477383,0.522142,0.304630,0.441842,0.280026,0.269014,0.391947,0.485438,0.435634,0.432227,0.587044,0.544308,0.307516,0.007683,0.368356,0.375080,0.389921,0.468358,0.293913,0.381285,0.256990,0.442934,0.511408,0.457751
0.226328,0.277083,0.378999,0.581071,1.147425,0.000000,0.346632,0.559201,0.920760,0.972768,0.202202,0.411180,0.165507,0.309762,0.770224,0.666080,0.338269,0.285784,0.431422,0.479683,0.572601,0.643032,0.443908,0.449770,0.424573,0.641706,0.575757,0.693495,0.340969,0.427011,0.262851,0.266389,0.354890,0.382639,0.458931,0.345164,0.150680,0.584110,0.213392,0.175143,0.056347,0.314268,0.487493,0.420586,0.504541,0.447672,0.395201,0.408666,0.354245,0.322201,0.251541,0.233680,0.295536,0.293573,0.191508,0.252705,0.227285,0.353133,0.718639,0.661086,0.711393,0.672759,0.487700,0.413352,0.419088,0.714708,0.487835,0.631777,0.292427,0.530535,0.128211,0.080605,0.239563,0.394068,0.365858,0.359407,0.490437,0.459821,0.224747,-0.006051,0.256386,0.300544,0.350256,0.440839,0.310037,0.273772,0.277094,0.381127,0.609145,0.494189
0.350432,0.289725,0.966475,0.699118,0.333195,0.346632,0.000000,0.880323,0.577794,0.251145,0.438136,0.342659,0.566959,0.160072,0.659227,0.502832,0.281562,0.206345,0.780775,0.432675,0.245414,0.214361,0.812262,0.557750,0.280425,0.655982,0.227730,0.270857,0.607117,0.337244,0.628690,0.616090,0.533171,0.620627,0.731525,0.598366,0.199032,0.390133,0.384184,0.173213,0.209744,0.327082,0.443226,0.444808,0.743243,0.569304,0.330400,0.344242,0.394087,0.272933,0.232025,0.173590,0.122747,0.189346,0.317289,0.321900,0.003735,0.150660,0.453175,0.314817,0.889125,0.435145,0.443698,0.252720,0.677119,0.638270,0.697234,0.573908,0.340025,0.399026,0.316444,0.199456,0.563474,0.486686,0.539376,0.471836,0.662782,0.596280,0.298400,0.153929,0.387878,0.379211,0.603308,0.461646,0.672289,0.493566,0.490824,0.408246,0.429063,0.508008
0.357193,0.442356,0.824975,1.087674,0.409479,0.559201,0.880323,0.000000,0.598283,0.438930,0.372595,0.619443,0.337994,0.287920,0.702819,0.458377,0.293104,0.501290,0.838651,0.665101,0.239759,0.294084,0.814281,0.720179,0.230202,0.625187,0.290029,0.374550,0.467006,0.506525,0.604604,0.592016,0.658815,0.855058,0.848040,0.651334,-0.011302,0.385580,0.223910,0.168918,0.039767,0.309202,0.395303,0.350400,0.688068,0.596688,0.182341,0.251661,0.217401,0.196965,0.068656,0.104310,0.045693,0.135959,0.150858,0.204445,0.169558,0.446991,0.652668,0.609152,0.951446,0.866617,0.484743,0.527330,0.739556,1.048711,0.802198,0.886583,0.421668,0.506175,0.284617,0.154288,0.348212,0.392092,0.513322,0.584614,0.564517,0.536387,0.250012,0.085146,0.374588,0.487067,0.557263,0.567782,0.591790,0.563499,0.547730,0.512423,0.669131,0.712417
0.170497,0.280599,0.617297,0.655212,1.278149,0.920760,0.577794,0.598283,0.000000,0.898023,0.150213,0.333600,0.087336,0.241993,1.096305,0.838551,0.308743,0.242897,0.546951,0.523740,0.243616,0.402535,0.512126,0.515236,0.573351,0.661508,0.329838,0.472471,0.420635,0.307011,0.383860,0.390189,0.436736,0.421440,0.590916,0.528321,0.286959,0.531964,0.280053,0.183086,0.204653,0.362631,0.603426,0.542721,0.519519,0.531733,0.417126,0.451104,0.426654,0.446771,0.367118,0.357786,0.311303,0.312673,0.247508,0.368093,0.132171,0.272838,0.848758,0.641689,0.888678,0.621743,0.459004,0.385042,0.588629,0.689198,0.590040,0.584637,0.306012,0.532521,0.374738,0.296760,0.408118,0.605630,0.537576,0.512946,0.695438,0.662456,0.322239,0.080298,0.373545,0.416962,0.550358,0.507869,0.341151,0.406937,0.394004,0.468237,0.602990,0.523141
0.104002,0.178043,0.295254,0.493657,0.918954,0.972768,0.251145,0.438930,0.898023,0.000000,0.093853,0.399581,0.073346,0.137096,0.685987,0.642184,0.310040,0.268277,0.306562,0.364411,0.091655,0.207710,0.375679,0.405260,0.401474,0.415601,0.289908,0.324470,0.243043,0.316055,0.138375,0.233626,0.264820,0.236784,0.315099,0.333803,0.144550,0.443866,0.078897,0.091847,-0.024766,0.299794,0.405479,0.287771,0.341498,0.338052,0.281040,0.333256,0.213796,0.293570,0.135422,0.232190,0.202852,0.274894,-0.007705,0.169124,0.171700,0.260700,0.607913,0.476301,0.560381,0.571276,0.356005,0.323870,0.453832,0.615338,0.422521,0.511533,0.173776,0.506002,0.090043,0.204213,0.212961,0.409816,0.407598,0.368559,0.371698,0.368058,0.138345,-0.172509,0.163351,0.158115,0.213148,0.300991,0.111183,0.237532,0.132551,0.239639,0.487823,0.395879
0.853783,0.530081,0.261375,0.129439,0.112514,0.202202,0.438136,0.372595,0.150213,0.093853,0.000000,0.758311,1.052758,0.709192,0.344812,0.297340,0.450489,0.505423,0.645683,0.267282,0.214854,0.192518,0.180241,0.043311,0.132770,0.219711,0.257526,0.125156,0.551931,0.475378,0.246893,0.179737,0.401340,0.393481,0.186881,0.282551,-0.043117,0.274838,0.183398,-0.088832,-0.026502,0.130951,0.305353,0.352075,0.388741,0.314010,0.267225,0.270696,0.282474,0.130433,0.257125,0.198477,0.157153,0.161616,0.277101,0.243661,0.222310,0.320031,0.190843,0.157779,0.443259,0.361468,0.521977,0.500511,0.163898,0.334649,0.353200,0.319199,0.214935,0.073596,-0.011526,-0.086256,0.342731,0.227270,0.309349,0.254178,0.149364,0.198328,0.105809,0.184554,0.162668,0.105842,0.307251,0.105871,0.360447,0.196753,0.113539,0.000207,0.113018,0.139122
0.588863,0.667625,0.287450,0.258919,0.269756,0.411180,0.342659,0.619443,0.333600,0.399581,0.758311,0.000000,0.506612,0.874891,0.457321,0.497729,0.338425,0.714895,0.658361,0.435947,0.161679,0.161173,0.275394,0.161296,0.259173,0.345662,0.233694,0.166097,0.427974,0.585306,0.228982,0.215274,0.374877,0.360916,0.224458,0.479412,-0.076300,0.535455,0.061856,-0.071443,-0.029400,0.337656,0.379426,0.369705,0.332586,0.382170,0.286171,0.395418,0.214556,0.227855,0.243680,0.316955,0.257232,0.306791,0.196376,0.310268,0.217620,0.459756,0.379815,0.367152,0.550889,0.596502,0.358436,0.586765,0.248862,0.611231,0.460485,0.517617,0.287819,0.219006,-0.026078,-0.008021,0.225914,0.332039,0.423998,0.354255,0.231549,0.271844,0.072389,-0.064942,0.112599,0.093684,0.403442,0.260566,0.276557,0.267732,0.154687,0.186329,0.239953,0.247587
0.531959,0.243831,0.248228,0.068579,0.008699,0.165507,0.566959,0.337994,0.087336,0.073346,1.052758,0.506612,0.000000,0.614971,0.274269,0.250643,0.305381,0.210135,0.452301,0.076283,0.212509,0.138123,0.120159,-0.072726,-0.000612,0.160142,0.214273,0.148528,0.360273,0.296130,0.238595,0.137727,0.264387,0.263599,0.081501,0.219839,0.005402,0.126409,0.164552,-0.141086,-0.114986,0.043647,0.239568,0.280730,0.372859,0.248595,0.247029,0.224108,0.265460,0.079503,0.199687,0.087959,0.094557,0.073989,0.207593,0.162374,0.040387,0.077510,0.104558,0.059280,0.443890,0.274868,0.432401,0.337287,0.086164,0.249678,0.250806,0.231339,0.019132,-0.030660,0.054292,-0.028425,0.233928,0.135129,0.181919,0.169221,0.075272,0.111733,0.028592,0.078586,0.091151,0.029814,0.156810,-0.000443,0.333713,0.052530,0.082291,-0.021327,0.070710,0.069205
0.422327,0.434876,0.101850,0.007027,0.152175,0.309762,0.160072,0.287920,0.241993,0.137096,0.709192,0.874891,0.614971,0.000000,0.294473,0.365873,0.226357,0.424154,0.390375,0.155206,0.150536,0.133833,-0.078267,-0.108055,0.090506,0.172288,0.094775,0.125780,0.231988,0.391809,0.061902,-0.028043,0.156142,0.151347,-0.043533,0.192707,-0.076068,0.382541,-0.002319,-0.201866,-0.161921,0.077938,0.290520,0.361899,0.184592,0.314085,0.209010,0.302038,0.272187,0.243426,0.301493,0.285569,0.261392,0.256818,0.235764,0.252793,0.042922,0.175007,0.276551,0.320790,0.332053,0.354313,0.285526,0.462429,-0.102551,0.212321,0.210066,0.266719,0.046969,-0.021010,0.021549,-0.125880,0.059190,0.167264,0.128387,0.172977,0.076361,0.095594,0.045209,0.079904,0.057068,0.029009,0.238881,0.084635,0.147862,-0.006722,0.117460,0.029994,0.101129,0.049904
0.452293,0.521275,0.837927,0.746687,0.915489,0.770224,0.659227,0.702819,1.096305,0.685987,0.344812,0.457321,0.274269,0.294473,0.000000,1.129248,0.512701,0.437266,0.831876,0.787840,0.359176,0.376014,0.756569,0.663188,0.709631,0.989435,0.647288,0.545097,0.773872,0.536980,0.771789,0.640558,0.753746,0.625077,0.697564,0.551877,0.311174,0.700504,0.607706,0.386925,0.397383,0.542477,0.727908,0.642089,0.604715,0.644951,0.623259,0.626410,0.479026,0.505242,0.443767,0.423458,0.445195,0.438971,0.471011,0.548134,0.351753,0.500403,0.823285,0.551466,0.847727,0.444330,0.627437,0.420941,0.762505,0.597763,0.724127,0.578416,0.595592,0.618561,0.440419,0.306434,0.634532,0.707545,0.679077,0.625379,0.756533,0.689771,0.506584,0.201716,0.630529,0.627241,0.893909,0.770296,0.699773,0.672855,0.540673,0.586358,0.746901,0.767101
0.297993,0.385222,0.607672,0.493790,0.647583,0.666080,0.502832,0.458377,0.838551,0.642184,0.297340,0.497729,0.250643,0.365873,1.129248,0.000000,0.460454,0.290400,0.559935,0.612714,0.348510,0.299563,0.662980,0.605226,0.764460,0.876457,0.543224,0.425219,0.707038,0.504545,0.644319,0.623897,0.502807,0.402940,0.529780,0.490051,0.296886,0.761921,0.478363,0.311626,0.298689,0.522976,0.617250,0.561061,0.507420,0.481331,0.642258,0.604219,0.466774,0.423494,0.441172,0.380340,0.463426,0.472664,0.466356,0.477843,0.253353,0.323952,0.623637,0.361225,0.552677,0.296162,0.523954,0.263246,0.617990,0.500488,0.568629,0.416695,0.424981,0.536233,0.270180,0.296951,0.449669,0.504017,0.500725,0.353750,0.555500,0.542591,0.421432,0.120279,0.451408,0.373566,0.679403,0.631160,0.549426,0.484891,0.375894,0.477627,0.578716,0.578930
0.739906,0.516772,0.280043,0.294663,0.395936,0.338269,0.281562,0.293104,0.308743,0.310040,0.450489,0.338425,0.305381,0.226357,0.512701,0.460454,0.000000,0.727059,0.501050,0.558497,0.316493,0.296440,0.237403,0.226152,0.296072,0.360729,0.360080,0.306158,0.862888,0.790859,0.329682,0.317626,0.697352,0.677532,0.244846,0.255284,0.357829,0.460681,0.386063,0.375712,0.148973,0.362539,0.249449,0.274202,0.513649,0.445222,0.358686,0.356131,0.369854,0.273779,0.269534,0.214114,0.305604,0.307382,0.349955,0.349947,0.894878,0.603232,0.312474,0.121695,0.497924,0.299525,1.020685,0.725344,0.198216,0.176657,0.445375,0.359119,0.501918,0.231728,0.131537,0.055525,0.544380,0.353440,0.404388,0.134398,0.316878,0.254893,0.714991,0.438312,0.934296,0.702935,0.368668,0.452743,0.508404,0.547130,0.143993,0.314156,0.190861,0.343389
0.755984,0.813877,0.368761,0.439826,0.243497,0.285784,0.206345,0.501290,0.242897,0.268277,0.505423,0.714895,0.210135,0.424154,0.437266,0.290400,0.727059,0.000000,0.590277,0.604704,0.123633,0.195845,0.243890,0.258278,0.313563,0.338055,0.170519,0.137351,0.513664,0.749007,0.268268,0.231391,0.562444,0.660532,0.223410,0.442784,0.041926,0.404270,0.229609,0.197536,0.027617,0.259474,0.274739,0.329411,0.401170,0.577172,0.273562,0.430129,0.310112,0.400299,0.263438,0.408722,0.330890,0.417873,0.278964,0.421279,0.739574,1.003005,0.503029,0.540960,0.470763,0.524052,0.599035,0.960488,0.124353,0.339373,0.624344,0.608186,0.514542,0.296282,0.084645,-0.080709,0.394020,0.395417,0.463542,0.376801,0.265459,0.267367,0.365922,0.257188,0.501104,0.474321,0.356087,0.312561,0.365060,0.500903,0.165501,0.233728,0.270636,0.459628
0.802725,0.861497,0.807217,0.701776,0.414993,0.431422,0.780775,0.838651,0.546951,0.306562,0.645683,0.658361,0.452301,0.390375,0.831876,0.559935,0.501050,0.590277,0.000000,1.084414,0.224283,0.135813,0.587935,0.474379,0.295721,0.608698,0.299768,0.304105,0.817778,0.594656,0.680394,0.450912,1.031480,1.014369,0.644486,0.629371,0.144102,0.524176,0.480861,0.272600,0.237715,0.407334,0.609046,0.584476,0.682893,0.660856,0.484529,0.537747,0.351855,0.305111,0.290087,0.284419,0.303447,0.290277,0.420456,0.424474,0.333855,0.610121,0.553594,0.475529,0.875696,0.545163,0.754063,0.733317,0.513533,0.524421,0.837303,0.747224,0.817497,0.568573,0.186562,-0.017494,0.610117,0.582403,0.690323,0.637860,0.745101,0.766049,0.403483,0.280093,0.614774,0.620845,0.779204,0.694024,0.775452,0.663058,0.474581,0.451918,0.558876,0.688656
0.565686,0.859923,0.712484,0.828758,0.477179,0.479683,0.432675,0.665101,0.523740,0.364411,0.267282,0.435947,0.076283,0.155206,0.787840,0.612714,0.558497,0.604704,1.084414,0.000000,0.227172,0.190965,0.607210,0.644669,0.339538,0.559767,0.404763,0.377512,0.649538,0.548577,0.597888,0.464701,0.981821,1.015474,0.641620,0.535424,0.214374,0.555244,0.498324,0.514266,0.273971,0.504133,0.554505,0.524813,0.578207,0.622513,0.521811,0.567426,0.349087,0.390581,0.291385,0.323525,0.387369,0.400631,0.396539,0.443393,0.508814,0.782858,0.587631,0.455460,0.585033,0.384718,0.703285,0.670210,0.468510,0.393134,0.745555,0.666751,0.963488,0.770651,0.154527,0.063027,0.545207,0.500612,0.537966,0.580204,0.602548,0.662628,0.390350,0.181709,0.736681,0.752589,0.569471,0.859898,0.676229,0.782744,0.408409,0.648094,0.559529,0.873972
0.307432,0.174854,0.162457,0.118371,0.385842,0.572601,0.245414,0.239759,0.243616,0.091655,0.214854,0.161679,0.212509,0.150536,0.359176,0.348510,0.316493,0.123633,0.224283,0.227172,0.000000,0.892271,0.261049,0.173225,0.292077,0.503233,0.707818,0.916395,0.378140,0.329275,0.359043,0.268145,0.273573,0.236441,0.260277,0.087504,0.172069,0.501356,0.233204,0.092034,0.207947,0.208100,0.217698,0.201864,0.307594,0.193375,0.336457,0.236294,0.268606,0.083294,0.199023,0.061885,0.148672,0.094969,0.251971,0.149630,0.265431,0.197152,0.193862,0.137036,0.308849,0.221870,0.323857,0.221278,0.201607,0.240458,0.164356,0.143212,0.274682,0.081269,0.071277,-0.003118,0.265871,0.231654,0.213033,0.081288,0.172627,0.138373,0.380327,0.208031,0.330255,0.314920,0.366887,0.341700,0.388929,0.243523,0.213587,0.229894,0.178483,0.168554
0.192252,0.119364,0.141516,0.218661,0.536247,0.643032,0.214361,0.294084,0.402535,0.207710,0.192518,0.161173,0.138123,0.133833,0.376014,0.299563,0.296440,0.195845,0.135813,0.190965,0.892271,0.000000,0.212865,0.172522,0.292020,0.422134,0.510239,0.714502,0.243348,0.257398,0.233313,0.231857,0.239005,0.253786,0.303424,0.115874,0.213051,0.373191,0.255429,0.189980,0.120243,0.187468,0.221146,0.227533,0.375673,0.276434,0.250198,0.199463,0.329421,0.159338,0.230039,0.114395,0.148279,0.096248,0.275280,0.155753,0.225158,0.222658,0.358812,0.330392,0.412917,0.337680,0.369969,0.278663,0.182055,0.365224,0.245385,0.270190,0.095883,0.072011,0.201678,0.132913,0.193489,0.241425,0.165650,0.152886,0.218370,0.193011,0.353246,0.240446,0.247211,0.299918,0.308297,0.302724,0.282224,0.217985,0.243823,0.328349,0.285053,0.276329
0.230215,0.252822,1.069664,1.027717,0.403362,0.443908,0.812262,0.814281,0.512126,0.375679,0.180241,0.275394,0.120159,-0.078267,0.756569,0.662980,0.237403,0.243890,0.587935,0.607210,0.261049,0.212865,0.000000,1.130816,0.679015,0.983571,0.532680,0.368507,0.477243,0.290652,0.931909,0.979243,0.583945,0.596365,0.935909,0.641094,0.217634,0.487028,0.496730,0.487690,0.360773,0.465133,0.440374,0.389211,0.569830,0.437999,0.431882,0.371560,0.259779,0.263110,0.186394,0.212386,0.179164,0.240835,0.289659,0.341135,0.166740,0.368462,0.651273,0.452643,0.555678,0.304198,0.285790,0.105750,1.123130,0.749328,0.755293,0.597286,0.536761,0.755638,0.325593,0.395571,0.448920,0.426199,0.501370,0.525131,0.595063,0.531638,0.243486,0.064312,0.288244,0.377580,0.590982,0.524132,0.644609,0.668707,0.606735,0.583311,0.676922,0.794413
0.163469,0.190718,1.006829,1.036672,0.411958,0.449770,0.557750,0.720179,0.515236,0.405260,0.043311,0.161296,-0.072726,-0.108055,0.663188,0.605226,0.226152,0.258278,0.474379,0.644669,0.173225,0.172522,1.130816,0.000000,0.532884,0.772308,0.338412,0.286314,0.388798,0.246143,0.773585,0.812713,0.545375,0.580316,0.794155,0.611128,0.216691,0.408729,0.450177,0.461526,0.302676,0.457595,0.339727,0.298282,0.432180,0.327586,0.289835,0.288798,0.190164,0.231261,0.143733,0.157073,0.176280,0.237531,0.204140,0.253150,0.209778,0.299106,0.601053,0.404451,0.436085,0.283860,0.277635,0.147676,0.909429,0.591124,0.645523,0.523728,0.453707,0.673097,0.272379,0.274421,0.486412,0.436812,0.509373,0.485591,0.575008,0.532478,0.221504,-0.006558,0.311822,0.368029,0.461440,0.499652,0.558707,0.628373,0.501294,0.563753,0.613885,0.719295
0.286647,0.279203,0.560972,0.496178,0.562320,0.424573,0.280425,0.230202,0.573351,0.401474,0.132770,0.259173,-0.000612,0.090506,0.709631,0.764460,0.296072,0.313563,0.295721,0.339538,0.292077,0.292020,0.679015,0.532884,0.000000,1.001409,0.606797,0.288603,0.353891,0.186449,0.668232,0.615851,0.408423,0.299736,0.469763,0.548203,0.319432,0.558390,0.488566,0.362594,0.363117,0.380237,0.465522,0.464351,0.441991,0.489884,0.637263,0.601044,0.537345,0.566384,0.539463,0.563834,0.512379,0.566727,0.532045,0.586897,0.345510,0.352045,0.656664,0.485529,0.323833,0.069918,0.231548,0.145052,0.557174,0.410238,0.599719,0.443214,0.358301,0.412579,0.421526,0.507672,0.364113,0.424857,0.429860,0.320725,0.438808,0.380508,0.263380,0.107429,0.251347,0.224664,0.457987,0.247683,0.371603,0.509734,0.323993,0.362708,0.474521,0.563275
0.343759,0.371126,0.785232,0.717246,0.649378,0.641706,0.655982,0.625187,0.661508,0.415601,0.219711,0.345662,0.160142,0.172288,0.989435,0.876457,0.360729,0.338055,0.608698,0.559767,0.503233,0.422134,0.983571,0.772308,1.001409,0.000000,0.682084,0.531148,0.602107,0.400965,0.962537,0.793573,0.688347,0.580775,0.746096,0.549640,0.237018,0.672559,0.579292,0.416516,0.412871,0.522838,0.517330,0.468501,0.624094,0.579662,0.562668,0.511080,0.470145,0.457596,0.381619,0.371534,0.379097,0.390251,0.500137,0.457876,0.285510,0.388352,0.675432,0.496231,0.594125,0.287115,0.435902,0.232865,0.834337,0.594470,0.707216,0.570394,0.577470,0.570172,0.443443,0.345206,0.510405,0.513266,0.566683,0.453099,0.640827,0.541831,0.435511,0.209006,0.517457,0.520798,0.758181,0.625765,0.772367,0.715838,0.582115,0.597431,0.654428,0.764317
0.396262,0.268445,0.323558,0.382131,0.536170,0.575757,0.227730,0.290029,0.329838,0.289908,0.257526,0.233694,0.214273,0.094775,0.647288,0.543224,0.360080,0.170519,0.299768,0.404763,0.707818,0.510239,0.532680,0.338412,0.606797,0.682084,0.000000,0.812357,0.388583,0.314297,0.525153,0.456305,0.428194,0.321804,0.396525,0.223894,0.210765,0.501856,0.549795,0.421338,0.266942,0.288363,0.417171,0.428816,0.356494,0.329706,0.597263,0.485834,0.390965,0.307028,0.381585,0.291988,0.326353,0.279823,0.417020,0.365659,0.390757,0.349333,0.373701,0.222864,0.290638,0.085865,0.346817,0.178377,0.451386,0.340667,0.346495,0.242146,0.432203,0.367247,0.224169,0.227848,0.272438,0.210524,0.233585,0.226166,0.298590,0.253042,0.228334,0.121179,0.330880,0.317895,0.324214,0.409356,0.480168,0.404420,0.280717,0.409456,0.401025,0.419740
0.204951,0.129076,0.249689,0.289472,0.601960,0.693495,0.270857,0.374550,0.472471,0.324470,0.125156,0.166097,0.148528,0.125780,0.545097,0.425219,0.306158,0.137351,0.304105,0.377512,0.916395,0.714502,0.368507,0.286314,0.288603,0.531148,0.812357,0.000000,0.317914,0.261557,0.395773,0.392973,0.424760,0.319198,0.397395,0.143815,0.241596,0.489344,0.305472,0.209094,0.161916,0.220965,0.386690,0.321503,0.310192,0.229269,0.426706,0.336298,0.200866,0.147302,0.170748,0.081314,0.161357,0.086079,0.237461,0.194363,0.289306,0.255304,0.367317,0.221504,0.483936,0.283922,0.446042,0.260672,0.367993,0.317936,0.268281,0.239061,0.354823,0.239139,0.122380,0.088462,0.231266,0.230926,0.247576,0.247232,0.269343,0.266425,0.317943,0.152863,0.379456,0.409888,0.356396,0.446889,0.503687,0.377900,0.328661,0.475513,0.381825,0.380207
0.616447,0.477990,0.456859,0.358610,0.384981,0.340969,0.607117,0.467006,0.420635,0.243043,0.551931,0.427974,0.360273,0.231988,0.773872,0.707038,0.862888,0.513664,0.817778,0.649538,0.378140,0.243348,0.477243,0.388798,0.353891,0.602107,0.388583,0.317914,0.000000,1.037496,0.636197,0.595957,0.712970,0.684733,0.532296,0.361848,0.355050,0.607757,0.543104,0.333697,0.392128,0.404605,0.449705,0.435648,0.627375,0.481679,0.443827,0.401429,0.311928,0.187650,0.205147,0.135168,0.225772,0.200003,0.389869,0.333447,0.432930,0.403519,0.279025,0.101440,0.616922,0.338498,0.842066,0.456086,0.495649,0.336458,0.486514,0.365917,0.579415,0.311119,0.170820,0.060105,0.749553,0.500532,0.662130,0.338339,0.583724,0.502203,0.826151,0.486621,0.882483,0.720174,0.901747,0.741324,0.698808,0.583273,0.350649,0.376275,0.330683,0.401079
0.546581,0.518252,0.252298,0.321767,0.298665,0.427011,0.337244,0.506525,0.307011,0.316055,0.475378,0.585306,0.296130,0.391809,0.536980,0.504545,0.790859,0.749007,0.594656,0.548577,0.329275,0.257398,0.290652,0.246143,0.186449,0.400965,0.314297,0.261557,1.037496,0.000000,0.352332,0.394194,0.463025,0.608298,0.377069,0.278263,0.126352,0.537185,0.259612,0.153420,0.094176,0.231166,0.271030,0.272573,0.464632,0.398533,0.255973,0.274435,0.165161,0.141087,0.087497,0.114022,0.142817,0.189052,0.190762,0.224906,0.453817,0.493472,0.278052,0.231876,0.514217,0.515231,0.600783,0.567226,0.292838,0.408207,0.373881,0.418124,0.455941,0.286105,0.080401,-0.003749,0.478079,0.475296,0.576430,0.288649,0.354309,0.273305,0.584425,0.497352,0.627202,0.571840,0.537753,0.580289,0.357499,0.336583,0.195675,0.205499,0.234551,0.296443
0.369222,0.319410,0.841303,0.641679,0.259603,0.262851,0.628690,0.604604,0.383860,0.138375,0.246893,0.228982,0.238595,0.061902,0.771789,0.644319,0.329682,0.268268,0.680394,0.597888,0.359043,0.233313,0.931909,0.773585,0.668232,0.962537,0.525153,0.395773,0.636197,0.352332,0.000000,1.215001,0.879432,0.735246,0.865327,0.645856,0.288014,0.465029,0.659343,0.401671,0.502754,0.449998,0.483012,0.366774,0.546522,0.383545,0.453245,0.342729,0.218944,0.140534,0.132959,0.076862,0.141366,0.152239,0.397738,0.285346,0.338762,0.390900,0.497392,0.268671,0.579121,0.240080,0.424733,0.233040,0.833012,0.473693,0.676586,0.488964,0.607070,0.470033,0.526215,0.379001,0.627942,0.553540,0.672154,0.558109,0.617888,0.551628,0.432525,0.266583,0.489409,0.546116,0.636204,0.576527,0.753238,0.593823,0.522536,0.529738,0.605691,0.673076
0.181338,0.115129,0.700791,0.627984,0.257350,0.266389,0.616090,0.592016,0.390189,0.233626,0.179737,0.215274,0.137727,-0.028043,0.640558,0.623897,0.317626,0.231391,0.450912,0.464701,0.268145,0.231857,0.979243,0.812713,0.615851,0.793573,0.456305,0.392973,0.595957,0.394194,1.215001,0.000000,0.538982,0.576194,0.953526,0.688128,0.338913,0.472248,0.474694,0.322364,0.332838,0.386025,0.394224,0.306649,0.505992,0.273382,0.355073,0.266074,0.129645,0.040209,0.013922,-0.032653,0.026206,0.046938,0.220828,0.168260,0.253007,0.257284,0.418642,0.201979,0.548184,0.267294,0.342739,0.114088,0.865363,0.599007,0.601005,0.464718,0.426549,0.427640,0.429882,0.501582,0.581803,0.528335,0.649141,0.521784,0.523994,0.482588,0.365762,0.164248,0.359899,0.376754,0.497684,0.446851,0.585986,0.498655,0.371331,0.445088,0.547549,0.555337
0.752976,0.786077,0.728884,0.674990,0.441594,0.354890,0.533171,0.658815,0.436736,0.264820,0.401340,0.374877,0.264387,0.156142,0.753746,0.502807,0.697352,0.562444,1.031480,0.981821,0.273573,0.239005,0.583945,0.545375,0.408423,0.688347,0.428194,0.424760,0.712970,0.463025,0.879432,0.538982,0.000000,1.294657,0.648654,0.575210,0.263690,0.477803,0.651117,0.533414,0.373394,0.516103,0.597408,0.522336,0.705054,0.648140,0.574254,0.537072,0.374755,0.328617,0.284056,0.259494,0.336272,0.349739,0.544360,0.483477,0.636084,0.812618,0.498123,0.352968,0.669110,0.374013,0.890159,0.716409,0.486827,0.354099,0.792969,0.656043,0.911328,0.508319,0.248111,0.058265,0.609740,0.461097,0.547464,0.480177,0.602317,0.615087,0.502552,0.325881,0.862626,0.847084,0.591379,0.814440,0.934545,0.888496,0.491449,0.598926,0.552721,0.803395
0.647157,0.731535,0.746979,0.861265,0.382591,0.382639,0.620627,0.855058,0.421440,0.236784,0.393481,0.360916,0.263599,0.151347,0.625077,0.402940,0.677532,0.660532,1.014369,1.015474,0.236441,0.253786,0.596365,0.580316,0.299736,0.580775,0.321804,0.319198,0.684733,0.608298,0.735246,0.576194,1.294657,0.000000,0.751824,0.605728,0.197162,0.410994,0.529911,0.455350,0.237923,0.409544,0.530631,0.501631,0.823145,0.726209,0.436618,0.451525,0.365060,0.302460,0.192962,0.184381,0.233925,0.250132,0.394204,0.392830,0.513965,0.735332,0.540171,0.439051,0.750600,0.527610,0.853443,0.823795,0.472610,0.482866,0.868998,0.866471,0.786665,0.593431,0.228934,0.033245,0.600472,0.514374,0.539428,0.572301,0.595093,0.602165,0.437529,0.324787,0.795663,0.833618,0.527885,0.777892,0.763567,0.755721,0.433378,0.548895,0.516005,0.798026
0.152020,0.209743,0.778468,0.865276,0.425130,0.458931,0.731525,0.848040,0.590916,0.315099,0.186881,0.224458,0.081501,-0.043533,0.697564,0.529780,0.244846,0.223410,0.644486,0.641620,0.260277,0.303424,0.935909,0.794155,0.469763,0.746096,0.396525,0.397395,0.532296,0.377069,0.865327,0.953526,0.648654,0.751824,0.000000,0.787290,0.262274,0.353002,0.441330,0.336987,0.260832,0.301090,0.364522,0.296210,0.628686,0.392968,0.243218,0.205499,0.125681,0.095582,0.003177,-0.016324,0.012829,0.084467,0.194672,0.178665,0.164707,0.303268,0.498144,0.373693,0.715965,0.519564,0.405771,0.212997,1.125755,0.899753,0.725008,0.722260,0.457215,0.605663,0.363507,0.285675,0.470452,0.479922,0.531790,0.514496,0.679127,0.651643,0.376479,0.178452,0.402999,0.536788,0.532157,0.541411,0.609905,0.557853,0.587014,0.649779,0.615411,0.686390
0.294100,0.302900,0.751056,0.720378,0.337992,0.345164,0.598366,0.651334,0.528321,0.333803,0.282551,0.479412,0.219839,0.192707,0.551877,0.490051,0.255284,0.442784,0.629371,0.535424,0.087504,0.115874,0.641094,0.611128,0.548203,0.549640,0.223894,0.143815,0.361848,0.278263,0.645856,0.688128,0.575210,0.605728,0.787290,0.000000,0.280744,0.275186,0.337546,0.201078,0.143791,0.300693,0.360676,0.370915,0.596327,0.430050,0.309120,0.344085,0.244814,0.173467,0.171311,0.187659,0.158477,0.237482,0.290234,0.323796,0.274118,0.430396,0.600205,0.501891,0.679247,0.489288,0.371004,0.463494,0.518908,0.695541,0.894108,0.860322,0.384093,0.480634,0.267382,0.239733,0.481592,0.425399,0.521391,0.445355,0.623536,0.645233,0.159797,-0.008974,0.214529,0.280302,0.284442,0.259825,0.474367,0.418731,0.364788,0.449495,0.534273,0.519393
0.068779,-0.066189,0.280103,0.165654,0.334475,0.150680,0.199032,-0.011302,0.286959,0.144550,-0.043117,-0.076300,0.005402,-0.076068,0.311174,0.296886,0.357829,0.041926,0.144102,0.214374,0.172069,0.213051,0.217634,0.216691,0.319432,0.237018,0.210765,0.241596,0.355050,0.126352,0.288014,0.338913,0.263690,0.197162,0.262274,0.280744,0.000000,0.435037,0.590080,0.495620,0.395219,0.366400,0.278976,0.269618,0.409289,0.224970,0.417026,0.298563,0.328996,0.174533,0.266086,0.143976,0.227318,0.107063,0.387250,0.292756,0.213169,0.028834,0.239413,0.067046,0.277310,-0.043279,0.339061,0.067884,0.160010,0.037057,0.259058,0.167983,0.142079,0.158380,0.354051,0.419397,0.518491,0.373369,0.327552,0.249433,0.338699,0.361466,0.353549,0.186106,0.330897,0.296050,0.229130,0.237514,0.366587,0.290835,0.240708,0.435032,0.280817,0.227038
0.447416,0.531132,0.406134,0.330962,0.539297,0.584110,0.390133,0.385580,0.531964,0.443866,0.274838,0.535455,0.126409,0.382541,0.700504,0.761921,0.460681,0.404270,0.524176,0.555244,0.501356,0.373191,0.487028,0.408729,0.558390,0.672559,0.501856,0.489344,0.607757,0.537185,0.465029,0.472248,0.477803,0.410994,0.353002,0.275186,0.435037,0.000000,0.492515,0.247326,0.325409,0.596699,0.655353,0.558111,0.470622,0.514176,0.694352,0.667664,0.490049,0.451782,0.454227,0.437358,0.496105,0.489862,0.419412,0.512528,0.305155,0.376993,0.565325,0.372426,0.556295,0.296060,0.441443,0.329947,0.419630,0.438926,0.518136,0.437083,0.541741,0.457526,0.137669,0.174290,0.401626,0.588950,0.599171,0.372639,0.463930,0.419129,0.447544,0.167349,0.408436,0.346733,0.696939,0.540613,0.477710,0.442277,0.297449,0.276851,0.445951,0.422778
0.463372,0.297947,0.610234,0.445831,0.272910,0.213392,0.384184,0.223910,0.280053,0.078897,0.183398,0.061856,0.164552,-0.002319,0.607706,0.478363,0.386063,0.229609,0.480861,0.498324,0.233204,0.255429,0.496730,0.450177,0.488566,0.579292,0.549795,0.305472,0.543104,0.259612,0.659343,0.474694,0.651117,0.529911,0.441330,0.337546,0.590080,0.492515,0.000000,0.852889,0.620141,0.496875,0.454182,0.533328,0.438450,0.398600,0.692167,0.617400,0.444565,0.386397,0.512173,0.387492,0.484576,0.416897,0.848299,0.711290,0.423805,0.342074,0.453482,0.233822,0.366492,-0.037787,0.501660,0.232438,0.369093,0.158987,0.515278,0.290995,0.559257,0.380899,0.369890,0.299963,0.607585,0.451779,0.378138,0.384872,0.584748,0.516205,0.355635,0.350473,0.530111,0.524502,0.606251,0.541574,0.897269,0.679861,0.529278,0.557891,0.606221,0.600804
0.236705,0.239308,0.513059,0.507370,0.232117,0.175143,0.173213,0.168918,0.183086,0.091847,-0.088832,-0.071443,-0.141086,-0.201866,0.386925,0.311626,0.375712,0.197536,0.272600,0.514266,0.092034,0.189980,0.487690,0.461526,0.362594,0.416516,0.421338,0.209094,0.333697,0.153420,0.401671,0.322364,0.533414,0.455350,0.336987,0.201078,0.495620,0.247326,0.852889,0.000000,0.505465,0.481411,0.310712,0.391680,0.355925,0.358504,0.537387,0.477205,0.389709,0.401177,0.438569,0.361365,0.480254,0.393192,0.701568,0.579248,0.354324,0.327145,0.354926,0.208526,0.110989,-0.172571,0.330277,0.136254,0.212094,-0.002521,0.338617,0.196614,0.464020,0.464962,0.332261,0.199120,0.455675,0.268853,0.175469,0.252583,0.436859,0.431458,0.385365,0.351810,0.587147,0.579631,0.405570,0.617671,0.699368,0.744427,0.540822,0.729812,0.480800,0.689774
0.128881,0.134142,0.313269,0.170612,0.171514,0.056347,0.209744,0.039767,0.204653,-0.024766,-0.026502,-0.029400,-0.114986,-0.161921,0.397383,0.298689,0.148973,0.027617,0.237715,0.273971,0.207947,0.120243,0.360773,0.302676,0.363117,0.412871,0.266942,0.161916,0.392128,0.094176,0.502754,0.332838,0.373394,0.237923,0.260832,0.143791,0.395219,0.325409,0.620141,0.505465,0.000000,0.547927,0.264378,0.187370,0.150214,0.145603,0.311063,0.193782,0.153110,0.168080,0.219531,0.162530,0.216249,0.164181,0.368440,0.261899,0.182215,0.158461,0.221082,0.017875,0.129615,-0.151340,0.195343,-0.045954,0.328606,-0.011860,0.180093,0.010237,0.319725,0.200152,0.400537,0.247610,0.404377,0.354952,0.320203,0.212822,0.423733,0.347396,0.358317,0.292468,0.425955,0.466272,0.619983,0.519304,0.515551,0.481384,0.379327,0.480787,0.306369,0.257789
0.244415,0.376503,0.459351,0.336243,0.389209,0.314268,0.327082,0.309202,0.362631,0.299794,0.130951,0.337656,0.043647,0.077938,0.542477,0.522976,0.362539,0.259474,0.407334,0.504133,0.208100,0.187468,0.465133,0.457595,0.380237,0.522838,0.288363,0.220965,0.404605,0.231166,0.449998,0.386025,0.516103,0.409544,0.301090,0.300693,0.366400,0.596699,0.496875,0.481411,0.547927,0.000000,0.410406,0.322863,0.405782,0.320559,0.464180,0.418727,0.339611,0.269513,0.342533,0.295976,0.356134,0.339006,0.423353,0.336467,0.280900,0.389498,0.448555,0.207646,0.401822,0.085225,0.406864,0.260700,0.336568,0.231977,0.501496,0.373111,0.387052,0.429852,0.249209,0.276398,0.589251,0.529157,0.504532,0.470547,0.407371,0.379301,0.332445,-0.027389,0.406335,0.361254,0.480860,0.662099,0.587469,0.542843,0.299948,0.489273,0.405679,0.410939
0.370869,0.559906,0.609629,0.491076,0.564077,0.487493,0.443226,0.395303,0.603426,0.405479,0.305353,0.379426,0.239568,0.290520,0.727908,0.617250,0.249449,0.274739,0.609046,0.554505,0.217698,0.221146,0.440374,0.339727,0.465522,0.517330,0.417171,0.386690,0.449705,0.271030,0.483012,0.394224,0.597408,0.530631,0.364522,0.360676,0.278976,0.655353,0.454182,0.310712,0.264378,0.410406,0.000000,1.548663,0.754166,0.883234,1.109137,1.107114,0.804366,0.686257,0.646716,0.553707,0.603011,0.514299,0.480590,0.679845,0.089572,0.358974,0.668516,0.490466,0.599281,0.208689,0.520896,0.383449,0.321892,0.368538,0.699904,0.598393,0.408983,0.486182,0.245117,0.179490,0.431211,0.518351,0.506377,0.550769,0.653108,0.741766,0.250294,0.113748,0.347783,0.330058,0.603440,0.513590,0.472851,0.414522,0.257802,0.203283,0.451825,0.524589
0.431236,0.552955,0.631244,0.495754,0.518495,0.420586,0.444808,0.350400,0.542721,0.287771,0.352075,0.369705,0.280730,0.361899,0.642089,0.561061,0.274202,0.329411,0.584476,0.524813,0.201864,0.227533,0.389211,0.298282,0.464351,0.468501,0.428816,0.321503,0.435648,0.272573,0.366774,0.306649,0.522336,0.501631,0.296210,0.370915,0.269618,0.558111,0.533328,0.391680,0.187370,0.322863,1.548663,0.000000,0.754623,0.990399,1.144441,1.407586,0.979102,0.850412,0.857955,0.737401,0.704794,0.606231,0.614082,0.883786,0.078769,0.322954,0.634039,0.527607,0.493664,0.133155,0.498243,0.405750,0.189837,0.301530,0.689563,0.561955,0.358927,0.418389,0.240748,0.150540,0.437872,0.453214,0.412985,0.467720,0.612202,0.674199,0.221527,0.186850,0.338829,0.313355,0.547868,0.420106,0.474172,0.430294,0.232049,0.202130,0.369996,0.486221
0.425531,0.431563,0.657618,0.758519,0.519940,0.504541,0.743243,0.688068,0.519519,0.341498,0.388741,0.332586,0.372859,0.184592,0.604715,0.507420,0.513649,0.401170,0.682893,0.578207,0.307594,0.375673,0.569830,0.432180,0.441991,0.624094,0.356494,0.310192,0.627375,0.464632,0.546522,0.505992,0.705054,0.823145,0.628686,0.596327,0.409289,0.470622,0.438450,0.355925,0.150214,0.405782,0.754166,0.754623,0.000000,1.207758,0.671125,0.610353,0.857305,0.514158,0.484099,0.402403,0.383488,0.409763,0.533868,0.524851,0.216457,0.390327,0.663747,0.559760,0.853537,0.399276,0.769194,0.564719,0.401412,0.581559,1.051992,1.031170,0.318053,0.420289,0.406110,0.304568,0.595029,0.471378,0.503939,0.505034,0.679882,0.733835,0.399063,0.189618,0.556550,0.520226,0.466928,0.507799,0.643633,0.575788,0.336599,0.383328,0.497191,0.666623
0.512587,0.713703,0.653118,0.718797,0.509141,0.447672,0.569304,0.596688,0.531733,0.338052,0.314010,0.382170,0.248595,0.314085,0.644951,0.481331,0.445222,0.577172,0.660856,0.622513,0.193375,0.276434,0.437999,0.327586,0.489884,0.579662,0.329706,0.229269,0.481679,0.398533,0.383545,0.273382,0.648140,0.726209,0.392968,0.430050,0.224970,0.514176,0.398600,0.358504,0.145603,0.320559,0.883234,0.990399,1.207758,0.000000,0.800356,0.931975,1.170750,1.109031,0.783993,0.837278,0.690836,0.742537,0.625870,0.791915,0.269799,0.540698,0.765499,0.760772,0.622202,0.317136,0.637527,0.641597,0.239131,0.417406,1.026379,0.909500,0.415179,0.455037,0.323651,0.155231,0.372923,0.408796,0.391084,0.477521,0.532810,0.547864,0.361994,0.212300,0.571946,0.526114,0.545569,0.521227,0.537158,0.666999,0.352676,0.321689,0.431840,0.719299
0.510305,0.529713,0.544938,0.366102,0.449522,0.395201,0.330400,0.182341,0.417126,0.281040,0.267225,0.286171,0.247029,0.209010,0.623259,0.642258,0.358686,0.273562,0.484529,0.521811,0.336457,0.250198,0.431882,0.289835,0.637263,0.562668,0.597263,0.426706,0.443827,0.255973,0.453245,0.355073,0.574254,0.436618,0.243218,0.309120,0.417026,0.694352,0.692167,0.537387,0.311063,0.464180,1.109137,1.144441,0.671125,0.800356,0.000000,1.544496,0.980985,0.869650,1.057587,0.865025,1.005540,0.837587,0.870930,1.066923,0.300574,0.390567,0.567148,0.387524,0.365301,-0.059728,0.488119,0.327027,0.183248,0.163673,0.635803,0.437718,0.517889,0.448373,0.157262,0.175355,0.463265,0.398225,0.352762,0.368472,0.412508,0.452246,0.242743,0.150288,0.393858,0.317732,0.488725,0.425808,0.601208,0.560650,0.241934,0.250408,0.396981,0.563424
0.543378,0.635455,0.595621,0.432191,0.473640,0.408666,0.344242,0.251661,0.451104,0.333256,0.270696,0.395418,0.224108,0.302038,0.626410,0.604219,0.356131,0.430129,0.537747,0.567426,0.236294,0.199463,0.371560,0.288798,0.601044,0.511080,0.485834,0.336298,0.401429,0.274435,0.342729,0.266074,0.537072,0.451525,0.205499,0.344085,0.298563,0.667664,0.617400,0.477205,0.193782,0.418727,1.107114,1.407586,0.610353,0.931975,1.544496,0.000000,1.002049,1.087650,1.050923,0.989197,0.995028,0.931737,0.757076,1.201055,0.285086,0.422442,0.589726,0.460477,0.368377,0.014599,0.440081,0.411693,0.125800,0.212089,0.676657,0.486539,0.490924,0.433113,0.145046,0.113667,0.421569,0.422827,0.395200,0.358036,0.465446,0.486907,0.235471,0.130345,0.379017,0.295561,0.505838,0.401097,0.516331,0.568798,0.217683,0.230404,0.358468,0.561916
0.440511,0.498053,0.496377,0.391493,0.445906,0.354245,0.394087,0.217401,0.426654,0.213796,0.282474,0.214556,0.265460,0.272187,0.479026,0.466774,0.369854,0.310112,0.351855,0.349087,0.268606,0.329421,0.259779,0.190164,0.537345,0.470145,0.390965,0.200866,0.311928,0.165161,0.218944,0.129645,0.374755,0.365060,0.125681,0.244814,0.328996,0.490049,0.444565,0.389709,0.153110,0.339611,0.804366,0.979102,0.857305,1.170750,0.980985,1.002049,0.000000,1.219173,1.331945,1.010699,0.940603,0.839064,0.814365,0.917635,0.177165,0.283894,0.582268,0.483511,0.371049,-0.007275,0.465700,0.411326,0.048133,0.153561,0.634120,0.452224,0.214349,0.288591,0.304195,0.222190,0.321808,0.329566,0.211581,0.276555,0.368553,0.414946,0.269893,0.119057,0.402809,0.267359,0.379682,0.321282,0.423236,0.446842,0.190815,0.179675,0.257871,0.427556
