0.000000,1.436644,0.797608,0.903498,0.549351,0.608243,0.863639,0.687608,0.421308,0.474170,0.969873,0.793706,0.832702,0.778092,0.647299,0.425310,0.647183,0.504871,1.149935,1.017576,0.343765,0.076458,0.586497,0.637190,0.524332,0.507109,0.695105,0.605375,0.394109,0.338903,0.347044,0.438190,0.870998,0.934073,0.590884,0.342232,0.358470,0.477593,0.771197,0.606859,0.218366,0.364685,0.859181,0.738072,0.382524,0.497843,0.915470,0.867627,0.768606,0.745025,1.056253,0.804141,0.978254,0.842022,1.042143,0.981360,1.242794,1.200230,0.907774,0.736944,1.069650,0.765717,0.550794,0.745607,0.487760,0.535731,0.778320,0.648792,1.180335,1.079440,0.259456,0.088637,0.463945,0.375994,0.448930,0.378100,0.479102,0.459321,0.183801,0.119104,0.634710,0.591588,0.676219,0.336228,1.060074,1.050582,0.840226,0.594702,0.965253,1.102156
1.436644,0.000000,0.594850,0.734729,0.412645,0.481586,0.754209,0.610221,0.378729,0.385920,0.753217,0.733097,0.666274,0.683607,0.558421,0.365113,0.728695,0.639246,0.927358,1.053111,0.302621,0.116926,0.439244,0.475148,0.447651,0.507734,0.602278,0.542507,0.454783,0.437163,0.323534,0.387134,0.930940,1.047709,0.467277,0.266355,0.262307,0.416077,0.739928,0.573908,0.112599,0.388912,0.772069,0.761739,0.383780,0.611259,1.003669,0.937995,0.855409,0.793932,0.881517,0.773030,0.895988,0.864613,0.999616,0.989702,1.398201,1.563703,0.717197,0.893924,0.892766,0.792634,0.560892,0.850086,0.324861,0.409374,0.563663,0.601463,1.173465,1.204688,0.296076,0.092609,0.463351,0.459502,0.439692,0.346079,0.415482,0.401187,0.139212,0.092207,0.678347,0.700716,0.627475,0.318413,0.956286,1.051582,0.781086,0.519782,0.789514,0.945390
0.797608,0.594850,0.000000,1.091131,1.032754,0.594211,1.244295,0.623452,0.697861,0.452058,0.658180,0.448350,0.829505,0.485102,0.841372,0.389221,0.307985,0.291983,1.083731,0.680836,0.426571,0.209866,1.365587,1.149498,0.952904,0.751994,0.967716,0.804522,0.477640,0.268839,0.536330,0.688541,0.513404,0.582471,1.069620,0.619688,0.191477,0.312649,0.800895,0.767091,0.054772,0.394022,0.767444,0.506910,0.321731,0.245646,0.717513,0.681420,0.367588,0.391818,0.741301,0.561913,0.680570,0.710804,0.799490,0.687751,0.568642,0.578350,0.411748,0.216184,0.652250,0.288113,0.349172,0.168083,0.955432,0.774217,0.753483,0.429075,0.606877,0.702508,0.176998,0.185030,0.459895,0.320129,0.506306,0.341293,0.605559,0.490724,0.277891,0.235428,0.344229,0.421069,0.672083,0.434085,0.738652,0.752469,0.604583,0.315527,0.747832,0.788786
0.903498,0.734729,1.091131,0.000000,0.831119,0.779567,1.024819,1.257075,0.836134,0.851279,0.678445,0.888680,0.676147,0.852310,0.673326,0.430434,0.372278,0.354539,0.963010,0.816500,0.347618,0.125412,0.765580,1.039043,0.725583,0.801254,0.722656,0.749668,0.283258,0.244918,0.428323,0.591223,0.553893,0.737437,0.730880,0.517153,0.204219,0.428165,0.708143,0.715027,0.113403,0.434033,0.760885,0.625186,0.309069,0.407718,0.739353,0.792105,0.504475,0.583633,0.781610,0.782357,0.723641,0.660120,0.781141,0.681756,0.630730,0.585126,0.594252,0.421509,0.819679,0.669051,0.431017,0.423867,0.844328,1.254352,0.794186,0.606844,0.670233,0.755560,0.330106,0.145481,0.361995,0.422474,0.423405,0.312019,0.701904,0.658490,0.272611,0.155973,0.437959,0.456738,0.552598,0.353356,0.867432,0.882022,0.566007,0.369818,0.651930,0.794649
0.549351,0.412645,1.032754,0.831119,0.000000,0.780473,1.026806,0.619015,0.862169,0.659550,0.564384,0.461526,0.689646,0.476043,0.699071,0.364123,0.203283,0.156568,0.809244,0.498164,0.369764,0.216890,0.877450,0.821825,1.003029,0.763596,0.978694,0.775357,0.298054,0.107962,0.481511,0.550134,0.390319,0.415506,0.853581,0.488148,0.079020,0.205542,0.433396,0.461402,-0.008392,0.176514,0.604396,0.446464,0.385556,0.306500,0.555765,0.591880,0.336123,0.441584,0.650417,0.627370,0.510706,0.540105,0.499902,0.475875,0.413630,0.400809,0.363219,0.202262,0.634988,0.317011,0.313453,0.129462,0.914938,0.766899,0.736210,0.505429,0.458714,0.531104,0.143527,0.129118,0.372875,0.231935,0.319248,0.252028,0.547961,0.459046,0.132854,0.137460,0.183631,0.256993,0.344190,0.231145,0.571080,0.522938,0.296409,0.204394,0.482745,0.689022
0.608243,0.481586,0.594211,0.779567,0.780473,0.000000,0.615470,0.642062,0.663669,0.928993,0.586966,0.713429,0.576125,0.703530,0.533393,0.386896,0.143428,0.218929,0.631839,0.546023,0.375758,0.203263,0.565646,0.616445,0.761768,0.744397,0.752375,0.786783,0.051586,0.027342,0.482557,0.534008,0.253156,0.315448,0.610097,0.390220,0.276410,0.364992,0.315767,0.482512,0.190510,0.008806,0.525600,0.425100,0.264125,0.324773,0.474788,0.584738,0.331568,0.437855,0.500879,0.618539,0.428003,0.428816,0.420272,0.454840,0.375207,0.363704,0.323116,0.263932,0.530988,0.485855,0.218381,0.328619,0.489578,0.786532,0.495768,0.453122,0.418526,0.430351,0.246946,0.061096,0.321929,0.375720,0.253345,0.268255,0.627217,0.620509,-0.012063,0.135956,0.114198,0.113496,0.147948,-0.060796,0.519501,0.405909,0.137017,0.222312,0.448941,0.548728
0.863639,0.754209,1.244295,1.024819,1.026806,0.615470,0.000000,0.972890,0.866467,0.587589,0.896360,0.691473,1.020303,0.716752,0.809830,0.546840,0.505142,0.463889,1.092695,0.898878,0.453660,0.252334,0.911016,0.891801,0.799691,0.773055,0.816655,0.745712,0.478032,0.362805,0.586134,0.603534,0.760409,0.869111,0.776926,0.441138,0.208033,0.332663,0.685151,0.606421,0.148506,0.421425,0.909713,0.705607,0.582635,0.542611,0.944929,0.957483,0.660776,0.647930,1.019693,0.847534,0.789154,0.800640,0.736461,0.792769,0.678954,0.699892,0.552362,0.441508,0.882536,0.529745,0.622987,0.450310,0.871428,0.828963,0.957236,0.769994,0.700261,0.733156,0.241983,0.157858,0.610800,0.495966,0.567663,0.440029,0.622114,0.528113,0.189211,0.123337,0.527109,0.601314,0.553698,0.380578,0.970055,0.932013,0.515941,0.324371,0.689203,1.012811
0.687608,0.610221,0.623452,1.257075,0.619015,0.642062,0.972890,0.000000,0.876200,0.934998,0.708035,1.093292,0.617739,1.072772,0.516777,0.558367,0.471985,0.447869,0.725998,0.774256,0.303264,0.115903,0.435667,0.683216,0.409792,0.606600,0.386781,0.461889,0.166556,0.284735,0.387764,0.419067,0.650527,0.828961,0.339724,0.302592,0.201095,0.397140,0.421272,0.431583,0.232565,0.386787,0.720844,0.726773,0.484265,0.584922,0.701650,0.793802,0.676152,0.609793,0.743250,0.783355,0.645884,0.489841,0.523262,0.545276,0.542342,0.485996,0.602079,0.531093,0.832437,0.938250,0.550518,0.655619,0.620631,1.067566,0.758204,0.778716,0.574722,0.516568,0.323030,0.112821,0.383635,0.541278,0.403380,0.399165,0.668480,0.667496,0.227126,0.047314,0.520118,0.496637,0.361040,0.262811,0.845239,0.743285,0.391999,0.305567,0.498381,0.721872
0.421308,0.378729,0.697861,0.836134,0.862169,0.663669,0.866467,0.876200,0.000000,0.945411,0.463576,0.510862,0.501575,0.513073,0.499654,0.367351,0.280546,0.309970,0.556649,0.495325,0.260247,0.141756,0.596550,0.684920,0.788352,0.758843,0.573539,0.571729,0.234235,0.199411,0.475780,0.478911,0.360012,0.414371,0.509991,0.385765,-0.017785,0.194475,0.385156,0.354476,0.030115,0.234763,0.533921,0.466096,0.399519,0.364501,0.590153,0.630751,0.360343,0.399095,0.424267,0.509515,0.397518,0.417947,0.400161,0.398729,0.397181,0.344963,0.292851,0.207640,0.529853,0.406063,0.336733,0.225855,0.726230,1.063691,0.628783,0.498036,0.359928,0.448127,0.069167,-0.022801,0.343937,0.354700,0.365239,0.273275,0.594606,0.527345,0.173733,0.090793,0.231541,0.327775,0.226337,0.153735,0.510867,0.403241,0.186265,0.025446,0.325207,0.532857
0.474170,0.385920,0.452058,0.851279,0.659550,0.928993,0.587589,0.934998,0.945411,0.000000,0.489577,0.784744,0.488172,0.754289,0.386452,0.406237,0.230929,0.232031,0.441543,0.413517,0.168257,0.005725,0.321080,0.501481,0.506938,0.495900,0.448256,0.461853,0.018408,0.096143,0.220891,0.305246,0.217392,0.298263,0.346298,0.300583,0.059598,0.311050,0.238547,0.270505,0.075699,0.131638,0.369335,0.349031,0.207171,0.317000,0.338629,0.449672,0.363926,0.487202,0.424293,0.599301,0.393853,0.370523,0.352400,0.340856,0.315659,0.280220,0.387332,0.297032,0.567898,0.632104,0.313491,0.379500,0.558833,1.093569,0.431478,0.414406,0.294322,0.383409,0.220952,0.134688,0.197543,0.337197,0.230440,0.211308,0.504799,0.554270,0.113559,0.054985,0.217571,0.228140,0.077586,0.027800,0.526589,0.390335,0.118670,0.068758,0.352919,0.437876
0.969873,0.753217,0.658180,0.678445,0.564384,0.586966,0.896360,0.708035,0.463576,0.489577,0.000000,0.793705,1.435935,0.900693,0.886116,0.682669,0.715749,0.520249,0.907900,0.850302,0.448230,0.278278,0.574421,0.578056,0.513321,0.530465,0.647150,0.666041,0.509701,0.401719,0.566185,0.537919,0.619057,0.699831,0.492716,0.291691,0.297837,0.430637,0.464046,0.613160,0.287947,0.264857,0.624697,0.535052,0.400275,0.407479,0.724166,0.754990,0.594953,0.569372,0.842671,0.623920,0.774284,0.684631,0.656354,0.706270,0.722995,0.732359,0.583440,0.395598,1.021525,0.665017,0.873676,0.790053,0.537769,0.513130,0.597196,0.572738,0.614643,0.569234,0.216539,0.113308,0.712290,0.485219,0.620804,0.407398,0.509736,0.462556,0.086755,0.148060,0.587051,0.545929,0.494965,0.282268,0.884397,0.690901,0.478498,0.403710,0.708168,0.859701
0.793706,0.733097,0.448350,0.888680,0.461526,0.713429,0.691473,1.093292,0.510862,0.784744,0.793705,0.000000,0.713538,1.546626,0.612283,0.620644,0.570130,0.591024,0.669890,0.737604,0.344459,0.179410,0.348915,0.496517,0.366875,0.525318,0.413911,0.384341,0.227393,0.380830,0.355957,0.336365,0.538272,0.731351,0.299126,0.248436,0.385015,0.457494,0.403359,0.483884,0.412179,0.326007,0.566128,0.635686,0.313726,0.476345,0.661612,0.730038,0.629892,0.537016,0.818899,0.753599,0.574078,0.400619,0.524658,0.522774,0.581381,0.572696,0.693550,0.612759,0.979562,1.147219,0.601547,0.887885,0.557046,0.721431,0.533451,0.616951,0.527182,0.442662,0.406123,0.125058,0.453338,0.587089,0.388721,0.416783,0.594794,0.651908,0.278677,0.183409,0.634124,0.537249,0.369564,0.209142,0.924787,0.746555,0.377028,0.427671,0.561942,0.615501
0.832702,0.666274,0.829505,0.676147,0.689646,0.576125,1.020303,0.617739,0.501575,0.488172,1.435935,0.713538,0.000000,0.853341,0.962590,0.739118,0.523610,0.476763,0.884655,0.775902,0.469765,0.342836,0.712388,0.663441,0.629357,0.594331,0.791734,0.736671,0.644471,0.490623,0.572641,0.536173,0.573406,0.666440,0.623217,0.426861,0.181661,0.340868,0.525806,0.679813,0.178673,0.283731,0.631000,0.482649,0.410414,0.353547,0.723101,0.713277,0.536975,0.521543,0.890801,0.602858,0.754817,0.732814,0.671394,0.670371,0.630495,0.666338,0.563231,0.331459,0.980253,0.493471,0.905944,0.578389,0.710649,0.528593,0.674769,0.564405,0.592405,0.602486,0.212912,0.186724,0.680950,0.442153,0.664027,0.397744,0.469576,0.389543,0.128066,0.179537,0.566921,0.604271,0.547416,0.393587,0.855057,0.722583,0.460823,0.296709,0.718784,0.799569
0.778092,0.683607,0.485102,0.852310,0.476043,0.703530,0.716752,1.072772,0.513073,0.754289,0.900693,1.546626,0.853341,0.000000,0.664393,0.812133,0.605073,0.595301,0.726958,0.760519,0.417424,0.193710,0.410717,0.572013,0.399597,0.567091,0.504963,0.515936,0.306527,0.456512,0.483039,0.443397,0.628732,0.783013,0.327573,0.385609,0.352705,0.459966,0.409994,0.548591,0.386232,0.259716,0.589399,0.634450,0.346756,0.444807,0.696956,0.770878,0.621751,0.504431,0.805430,0.689325,0.657114,0.456826,0.580452,0.571946,0.635607,0.598733,0.676500,0.556702,0.998337,1.023769,0.667642,0.904534,0.543778,0.709862,0.597360,0.637467,0.561293,0.472910,0.365547,0.137987,0.563278,0.610821,0.516676,0.489717,0.674249,0.679555,0.285622,0.209649,0.707292,0.586814,0.403383,0.266209,0.970455,0.709937,0.394640,0.421175,0.576358,0.650185
0.647299,0.558421,0.841372,0.673326,0.699071,0.533393,0.809830,0.516777,0.499654,0.386452,0.886116,0.612283,0.962590,0.664393,0.000000,0.811260,0.534379,0.413219,1.006224,0.713104,0.584391,0.388081,0.974094,0.850089,0.738318,0.609039,0.798545,0.631750,0.674066,0.576718,0.706560,0.634074,0.458914,0.504648,0.607808,0.413132,0.346525,0.378359,0.429633,0.688650,0.235361,0.231030,0.499567,0.402718,0.215057,0.196988,0.636776,0.597762,0.356847,0.271339,0.639403,0.405644,0.580035,0.534815,0.641122,0.605682,0.551984,0.562437,0.296449,0.244125,0.682566,0.427498,0.527040,0.416847,0.706919,0.552334,0.392029,0.267735,0.439081,0.430558,0.304892,0.171664,0.798510,0.533043,0.685994,0.443979,0.590121,0.474264,0.461477,0.487282,0.579933,0.573910,0.664630,0.439981,0.813209,0.662912,0.484159,0.464976,0.702555,0.779885
0.425310,0.365113,0.389221,0.430434,0.364123,0.386896,0.546840,0.558367,0.367351,0.406237,0.682669,0.620644,0.739118,0.812133,0.811260,0.000000,0.466065,0.423799,0.600218,0.749017,0.488999,0.429766,0.570949,0.686386,0.367335,0.402162,0.400280,0.398160,0.509621,0.639629,0.649396,0.510000,0.483901,0.545612,0.271430,0.308072,0.187933,0.298002,0.224342,0.408411,0.253290,0.271055,0.442562,0.438741,0.411653,0.300606,0.555447,0.491783,0.389190,0.182353,0.470324,0.220853,0.455746,0.304696,0.426945,0.422089,0.485812,0.424844,0.366475,0.325794,0.614316,0.434828,0.713379,0.628965,0.449851,0.369904,0.416014,0.420559,0.393780,0.295497,0.308508,0.105384,0.833289,0.685170,0.778391,0.577306,0.518094,0.449336,0.344244,0.360290,0.743887,0.695903,0.515757,0.519693,0.709644,0.445686,0.362369,0.268600,0.485018,0.576005
0.647183,0.728695,0.307985,0.372278,0.203283,0.143428,0.505142,0.471985,0.280546,0.230929,0.715749,0.570130,0.523610,0.605073,0.534379,0.466065,0.000000,0.982020,0.608190,0.650247,0.431523,0.119672,0.282984,0.276505,0.222263,0.285930,0.274551,0.305618,0.541260,0.666126,0.373816,0.339136,0.701202,0.762065,0.234109,0.172504,0.289821,0.390066,0.357643,0.441629,0.249576,0.357903,0.458625,0.518705,0.284338,0.372760,0.667779,0.703983,0.542934,0.376187,0.537216,0.401758,0.489006,0.383370,0.554638,0.603548,0.881349,0.901976,0.412978,0.517419,0.615875,0.596294,0.598854,0.830621,0.278900,0.228165,0.305013,0.367591,0.478761,0.409131,0.258743,0.186798,0.724006,0.533839,0.558673,0.453629,0.363653,0.376048,0.336986,0.290489,1.039391,0.791313,0.455424,0.294871,0.841188,0.581292,0.447672,0.412170,0.381259,0.491653
0.504871,0.639246,0.291983,0.354539,0.156568,0.218929,0.463889,0.447869,0.309970,0.232031,0.520249,0.591024,0.476763,0.595301,0.413219,0.423799,0.982020,0.000000,0.480995,0.581269,0.362325,0.234245,0.279795,0.279926,0.254286,0.373818,0.229240,0.285398,0.333401,0.530360,0.475745,0.404105,0.609581,0.653564,0.235373,0.252514,0.266983,0.376924,0.290326,0.425259,0.242946,0.255005,0.454783,0.466204,0.343423,0.411931,0.652984,0.668401,0.513148,0.301133,0.412022,0.329123,0.327316,0.302194,0.403090,0.508876,0.718297,0.784297,0.278528,0.415892,0.466747,0.491863,0.417887,0.627906,0.276025,0.283559,0.251211,0.342654,0.358860,0.315499,0.238451,0.150544,0.616811,0.514233,0.486434,0.368289,0.394296,0.418022,0.215189,0.279001,0.750037,0.685873,0.229036,0.132768,0.708559,0.487676,0.252711,0.217053,0.260464,0.402525
1.149935,0.927358,1.083731,0.963010,0.809244,0.631839,1.092695,0.725998,0.556649,0.441543,0.907900,0.669890,0.884655,0.726958,1.006224,0.600218,0.608190,0.480995,0.000000,1.100227,0.612030,0.233332,1.073465,1.077828,0.779447,0.719235,0.857290,0.705045,0.475323,0.386396,0.661467,0.725630,0.808776,0.875286,0.724405,0.473407,0.420292,0.554572,0.744955,0.746463,0.283271,0.403537,0.847503,0.680186,0.384018,0.354015,0.853699,0.841980,0.536885,0.433999,0.832609,0.571466,0.817287,0.731244,0.920752,0.820956,0.923915,0.899424,0.544035,0.466462,0.821404,0.548640,0.485385,0.537877,0.667716,0.691010,0.723566,0.537900,0.886207,0.761260,0.337403,0.189488,0.733690,0.542340,0.660751,0.523346,0.732733,0.639214,0.319593,0.260217,0.629178,0.587702,0.735569,0.393288,1.062697,0.903510,0.740984,0.589289,0.847367,1.059739
1.017576,1.053111,0.680836,0.816500,0.498164,0.546023,0.898878,0.774256,0.495325,0.413517,0.850302,0.737604,0.775902,0.760519,0.713104,0.749017,0.650247,0.581269,1.100227,0.000000,0.456927,0.296724,0.672077,0.798657,0.523169,0.636796,0.537054,0.597976,0.503176,0.509810,0.563933,0.598096,0.827299,1.004180,0.470800,0.311489,0.195341,0.486787,0.719094,0.721756,0.119110,0.531066,0.852748,0.746877,0.556843,0.568219,0.984616,0.912113,0.710332,0.554341,0.763964,0.541402,0.845742,0.739336,0.982085,0.808355,0.990572,0.959816,0.591239,0.617284,0.751256,0.593854,0.591795,0.737564,0.389937,0.522580,0.668901,0.659450,0.842604,0.858831,0.422552,0.173516,0.629626,0.704826,0.573710,0.501125,0.634749,0.584895,0.214287,0.180938,0.801720,0.828639,0.753540,0.540251,1.071375,0.957486,0.744126,0.418877,0.753550,1.042068
0.343765,0.302621,0.426571,0.347618,0.369764,0.375758,0.453660,0.303264,0.260247,0.168257,0.448230,0.344459,0.469765,0.417424,0.584391,0.488999,0.431523,0.362325,0.612030,0.456927,0.000000,0.368386,0.590218,0.496703,0.463114,0.502916,0.445179,0.421899,0.170313,0.227915,0.754399,0.582986,0.488079,0.475595,0.504382,0.442068,0.529542,0.430222,0.341620,0.497469,0.397369,0.217956,0.554134,0.500510,0.314255,0.225473,0.522872,0.611900,0.211563,0.113643,0.364231,0.245133,0.322714,0.243601,0.324166,0.345665,0.332647,0.392015,0.136849,0.150628,0.361462,0.276874,0.283214,0.353520,0.357076,0.275323,0.329450,0.337544,0.264269,0.184138,0.325552,0.032073,0.787465,0.461856,0.490811,0.427763,0.703369,0.644148,0.190867,0.227969,0.352447,0.264557,0.312146,0.073527,0.516067,0.345970,0.269199,0.446278,0.214574,0.402379
0.076458,0.116926,0.209866,0.125412,0.216890,0.203263,0.252334,0.115903,0.141756,0.005725,0.278278,0.179410,0.342836,0.193710,0.388081,0.429766,0.119672,0.234245,0.233332,0.296724,0.368386,0.000000,0.247444,0.206169,0.215386,0.288235,0.278683,0.471472,0.297263,0.308673,0.413389,0.292372,0.210954,0.249131,0.148706,0.009662,0.025219,0.072132,0.061676,0.231979,0.006304,0.151169,0.156007,0.106756,0.216185,0.191403,0.188485,0.225896,0.109278,0.119372,0.154615,0.124892,0.156668,0.249924,0.110170,0.125376,0.123582,0.155725,0.021499,0.081779,0.188744,0.020765,0.404860,0.163234,0.143324,0.118500,0.106396,0.151297,0.147653,0.182518,0.114454,0.113716,0.431977,0.228627,0.343504,0.198860,0.125911,0.099899,-0.019632,0.157608,0.219255,0.298854,0.230252,0.139974,0.154891,0.225456,0.063801,0.025158,0.095991,0.244758
0.586497,0.439244,1.365587,0.765580,0.877450,0.565646,0.911016,0.435667,0.596550,0.321080,0.574421,0.348915,0.712388,0.410717,0.974094,0.570949,0.282984,0.279795,1.073465,0.672077,0.590218,0.247444,0.000000,1.531372,1.060651,0.815290,0.940392,0.717610,0.485000,0.269649,0.837861,0.954408,0.462608,0.480133,1.008395,0.718516,0.266126,0.343432,0.691111,0.757072,0.147288,0.352056,0.689113,0.440456,0.325288,0.140696,0.688222,0.602674,0.204158,0.141553,0.499265,0.274225,0.543476,0.503752,0.655836,0.549539,0.522289,0.491502,0.211962,0.088844,0.471211,0.148744,0.257363,0.136443,0.829260,0.662109,0.586505,0.291221,0.456530,0.470705,0.147679,0.125343,0.662064,0.456306,0.682376,0.466414,0.735862,0.554894,0.299844,0.317872,0.347200,0.367809,0.605932,0.363038,0.665687,0.510988,0.553072,0.320210,0.622471,0.694321
0.637190,0.475148,1.149498,1.039043,0.821825,0.616445,0.891801,0.683216,0.684920,0.501481,0.578056,0.496517,0.663441,0.572013,0.850089,0.686386,0.276505,0.279926,1.077828,0.798657,0.496703,0.206169,1.531372,0.000000,0.917829,0.835617,0.828655,0.678236,0.378494,0.242056,0.760292,0.998191,0.496127,0.581030,0.857924,0.697393,0.250877,0.411488,0.689859,0.719564,0.166403,0.408607,0.668708,0.474121,0.324393,0.188941,0.670271,0.611219,0.246743,0.176337,0.486030,0.297835,0.582428,0.507537,0.682296,0.545451,0.544525,0.461245,0.307314,0.179461,0.535861,0.291809,0.330838,0.241318,0.843073,0.885290,0.643911,0.364667,0.529084,0.512985,0.190369,0.080057,0.577381,0.520142,0.658667,0.424679,0.808405,0.647708,0.284729,0.219307,0.402372,0.409080,0.551031,0.391813,0.733124,0.578516,0.586403,0.300454,0.590254,0.735854
0.524332,0.447651,0.952904,0.725583,1.003029,0.761768,0.799691,0.409792,0.788352,0.506938,0.513321,0.366875,0.629357,0.399597,0.738318,0.367335,0.222263,0.254286,0.779447,0.523169,0.463114,0.215386,1.060651,0.917829,0.000000,1.299085,1.092331,0.851032,0.340009,0.150630,0.872799,0.868516,0.379288,0.393709,0.955865,0.606683,0.138250,0.303080,0.516939,0.714588,0.036513,0.129955,0.516983,0.335408,0.228142,0.205353,0.558292,0.653365,0.182861,0.261058,0.449322,0.408269,0.418718,0.496336,0.569177,0.563757,0.492947,0.487021,0.230098,0.152633,0.495787,0.227046,0.281769,0.164366,0.716358,0.705140,0.537182,0.330357,0.397572,0.526464,0.207541,0.059330,0.510730,0.401748,0.494749,0.306075,0.686901,0.600249,0.179665,0.347683,0.198225,0.261158,0.281696,0.116173,0.588558,0.448989,0.269344,0.287232,0.502911,0.650904
0.507109,0.507734,0.751994,0.801254,0.763596,0.744397,0.773055,0.606600,0.758843,0.495900,0.530465,0.525318,0.594331,0.567091,0.609039,0.402162,0.285930,0.373818,0.719235,0.636796,0.502916,0.288235,0.815290,0.835617,1.299085,0.000000,0.856662,0.864024,0.291724,0.222117,1.041505,0.999842,0.513570,0.597295,0.700654,0.513497,0.132785,0.354889,0.474915,0.768807,0.069223,0.221270,0.593304,0.430995,0.271226,0.284700,0.650031,0.773222,0.269167,0.271332,0.466718,0.431896,0.487778,0.495833,0.555414,0.601928,0.534754,0.492997,0.246563,0.186713,0.533483,0.342324,0.339462,0.309453,0.580926,0.746175,0.523082,0.388690,0.433128,0.527156,0.278688,0.052348,0.555164,0.608303,0.538285,0.393096,0.815908,0.773454,0.128844,0.250708,0.282957,0.307296,0.211861,0.079945,0.652913,0.508619,0.248476,0.284807,0.437030,0.669520
0.695105,0.602278,0.967716,0.722656,0.978694,0.752375,0.816655,0.386781,0.573539,0.448256,0.647150,0.413911,0.791734,0.504963,0.798545,0.400280,0.274551,0.229240,0.857290,0.537054,0.445179,0.278683,0.940392,0.828655,1.092331,0.856662,0.000000,1.155157,0.506901,0.288802,0.626645,0.727608,0.487070,0.502360,0.896800,0.545214,0.173657,0.235604,0.594177,0.665413,0.034442,0.139582,0.548524,0.349403,0.156105,0.181344,0.629727,0.639499,0.261277,0.390959,0.623486,0.528314,0.567976,0.701267,0.657312,0.635112,0.566087,0.596779,0.324014,0.195672,0.610076,0.283861,0.364752,0.218998,0.746191,0.614369,0.519881,0.320003,0.557401,0.722393,0.177888,0.120580,0.476543,0.326552,0.467896,0.245393,0.487801,0.393270,0.186647,0.265534,0.270032,0.359244,0.452093,0.209799,0.607903,0.584801,0.445174,0.273325,0.561536,0.627021
0.605375,0.542507,0.804522,0.749668,0.775357,0.786783,0.745712,0.461889,0.571729,0.461853,0.666041,0.384341,0.736671,0.515936,0.631750,0.398160,0.305618,0.285398,0.705045,0.597976,0.421899,0.471472,0.717610,0.678236,0.851032,0.864024,1.155157,0.000000,0.495892,0.291291,0.656872,0.778706,0.502266,0.527420,0.791461,0.499335,0.037780,0.263475,0.545470,0.741210,-0.091918,0.115901,0.536889,0.330255,0.215726,0.250535,0.587776,0.650563,0.247596,0.429527,0.524801,0.530532,0.569512,0.728851,0.621947,0.618451,0.549497,0.557868,0.304541,0.191462,0.523584,0.227402,0.397649,0.239636,0.539829,0.609668,0.541968,0.407918,0.520117,0.736536,0.180480,0.174756,0.452839,0.386686,0.505587,0.304196,0.522540,0.414118,0.024206,0.159536,0.282984,0.360395,0.393311,0.184804,0.553954,0.536316,0.346406,0.164069,0.479262,0.612879
0.394109,0.454783,0.477640,0.283258,0.298054,0.051586,0.478032,0.166556,0.234235,0.018408,0.509701,0.227393,0.644471,0.306527,0.674066,0.509621,0.541260,0.333401,0.475323,0.503176,0.170313,0.297263,0.485000,0.378494,0.340009,0.291724,0.506901,0.495892,0.000000,0.996472,0.326428,0.323415,0.360907,0.428155,0.306210,0.214611,-0.197803,-0.078464,0.374214,0.451714,-0.210206,0.252381,0.257955,0.193732,0.114907,0.061091,0.533993,0.367748,0.239532,0.194067,0.416037,0.183318,0.454604,0.552579,0.556099,0.479646,0.522779,0.530902,0.210064,0.155578,0.431800,0.066646,0.567237,0.247721,0.408388,0.131762,0.225416,0.126901,0.375786,0.517665,-0.052940,0.073940,0.510560,0.339859,0.654173,0.328321,0.099970,0.005981,0.273048,0.385990,0.589388,0.810190,0.702348,0.712383,0.413151,0.438657,0.403805,0.009096,0.418511,0.386595
0.338903,0.437163,0.268839,0.244918,0.107962,0.027342,0.362805,0.284735,0.199411,0.096143,0.401719,0.380830,0.490623,0.456512,0.576718,0.639629,0.666126,0.530360,0.386396,0.509810,0.227915,0.308673,0.269649,0.242056,0.150630,0.222117,0.288802,0.291291,0.996472,0.000000,0.280098,0.175826,0.479758,0.563174,0.116184,0.129830,-0.081765,0.008193,0.185221,0.401243,-0.067794,0.263588,0.253073,0.293698,0.143507,0.168375,0.509991,0.441705,0.348874,0.206713,0.435999,0.248876,0.388576,0.399070,0.466853,0.497272,0.533152,0.545951,0.267017,0.356064,0.432777,0.281018,0.578089,0.443174,0.275323,0.114638,0.201185,0.219695,0.374001,0.425290,0.172222,0.196579,0.467024,0.458948,0.548238,0.323157,0.084320,0.053109,0.556670,0.638940,0.917861,1.141908,0.631040,0.710050,0.528855,0.545528,0.347100,0.167767,0.361346,0.362866
0.347044,0.323534,0.536330,0.428323,0.481511,0.482557,0.586134,0.387764,0.475780,0.220891,0.566185,0.355957,0.572641,0.483039,0.706560,0.649396,0.373816,0.475745,0.661467,0.563933,0.754399,0.413389,0.837861,0.760292,0.872799,1.041505,0.626645,0.656872,0.326428,0.280098,0.000000,1.304312,0.554561,0.505762,0.556516,0.563915,0.301324,0.423553,0.351354,0.680876,0.255444,0.191700,0.531485,0.386656,0.334309,0.246092,0.629656,0.707705,0.196411,0.051981,0.272819,0.145156,0.326333,0.286810,0.398207,0.447097,0.477918,0.466234,0.080517,0.143908,0.397374,0.235685,0.339753,0.360393,0.417623,0.445674,0.362293,0.285188,0.270096,0.239267,0.176368,-0.012608,0.883552,0.651850,0.776120,0.422346,0.900778,0.766501,0.129409,0.322158,0.335390,0.287576,0.162859,0.034540,0.572551,0.283651,0.192867,0.322407,0.331124,0.557693
0.438190,0.387134,0.688541,0.591223,0.550134,0.534008,0.603534,0.419067,0.478911,0.305246,0.537919,0.336365,0.536173,0.443397,0.634074,0.510000,0.339136,0.404105,0.725630,0.598096,0.582986,0.292372,0.954408,0.998191,0.868516,0.999842,0.727608,0.778706,0.323415,0.175826,1.304312,0.000000,0.524166,0.527104,0.672803,0.646730,0.228335,0.492822,0.516737,0.800504,0.125813,0.296249,0.469433,0.294724,0.195202,0.133010,0.557346,0.628725,0.150043,0.043935,0.242725,0.110835,0.422528,0.432276,0.533390,0.528477,0.556142,0.495283,0.091950,0.059272,0.372628,0.196323,0.261433,0.275358,0.480123,0.567846,0.322643,0.155443,0.356424,0.370224,0.127745,0.013901,0.678652,0.587153,0.702186,0.305944,0.849422,0.753475,0.053504,0.195975,0.274951,0.229742,0.179945,0.035041,0.582571,0.324536,0.280747,0.246573,0.394614,0.556370
0.870998,0.930940,0.513404,0.553893,0.390319,0.253156,0.760409,0.650527,0.360012,0.217392,0.619057,0.538272,0.573406,0.628732,0.458914,0.483901,0.701202,0.609581,0.808776,0.827299,0.488079,0.210954,0.462608,0.496127,0.379288,0.513570,0.487070,0.502266,0.360907,0.479758,0.554561,0.524166,0.000000,1.542222,0.368873,0.337465,0.291661,0.389368,0.600905,0.491866,0.213244,0.409113,0.861800,0.783295,0.564288,0.661844,0.990673,0.974491,0.810581,0.590558,0.829547,0.591832,0.872359,0.628817,0.755103,0.828638,1.112305,1.094175,0.709651,0.840182,0.841794,0.702727,0.591296,0.810129,0.309711,0.333039,0.774805,0.761911,0.978931,0.798041,0.228757,0.061793,0.528383,0.560945,0.549464,0.417184,0.512134,0.451913,0.248145,0.091803,0.801541,0.735923,0.513605,0.313990,0.974757,0.904237,0.691511,0.586908,0.625848,0.910266
0.934073,1.047709,0.582471,0.737437,0.415506,0.315448,0.869111,0.828961,0.414371,0.298263,0.699831,0.731351,0.666440,0.783013,0.504648,0.545612,0.762065,0.653564,0.875286,1.004180,0.475595,0.249131,0.480133,0.581030,0.393709,0.597295,0.502360,0.527420,0.428155,0.563174,0.505762,0.527104,1.542222,0.000000,0.383019,0.339928,0.290159,0.438255,0.705449,0.599852,0.214890,0.506677,0.840719,0.841909,0.515287,0.653372,1.002443,1.018840,0.824358,0.593889,0.933680,0.659273,0.877050,0.688346,0.846528,0.861155,1.137250,1.117023,0.739737,0.810601,0.935744,0.769418,0.741672,0.907764,0.411310,0.407459,0.755028,0.782506,1.068477,0.889643,0.343700,0.130557,0.552964,0.639841,0.563419,0.456065,0.531605,0.506003,0.226360,0.083845,0.951054,0.899351,0.634837,0.420595,1.148661,1.114914,0.778247,0.562012,0.648622,0.929338
0.590884,0.467277,1.069620,0.730880,0.853581,0.610097,0.776926,0.339724,0.509991,0.346298,0.492716,0.299126,0.623217,0.327573,0.607808,0.271430,0.234109,0.235373,0.724405,0.470800,0.504382,0.148706,1.008395,0.857924,0.955865,0.700654,0.896800,0.791461,0.306210,0.116184,0.556516,0.672803,0.368873,0.383019,0.000000,0.792537,0.161112,0.253066,0.626549,0.661032,-0.000519,0.191174,0.679462,0.457109,0.343152,0.260035,0.618545,0.645466,0.252578,0.331979,0.529114,0.481316,0.461437,0.564307,0.572479,0.543087,0.443168,0.489462,0.257219,0.168428,0.463995,0.179360,0.253593,0.081442,0.832383,0.592267,0.680387,0.409852,0.432161,0.544418,0.071482,0.106306,0.405064,0.221864,0.418192,0.180520,0.533220,0.456786,0.062212,0.201920,0.179255,0.241435,0.418101,0.214946,0.533131,0.508018,0.398878,0.264183,0.454093,0.605006
0.342232,0.266355,0.619688,0.517153,0.488148,0.390220,0.441138,0.302592,0.385765,0.300583,0.291691,0.248436,0.426861,0.385609,0.413132,0.308072,0.172504,0.252514,0.473407,0.311489,0.442068,0.009662,0.718516,0.697393,0.606683,0.513497,0.545214,0.499335,0.214611,0.129830,0.563915,0.646730,0.337465,0.339928,0.792537,0.000000,0.085217,0.213123,0.402423,0.488838,-0.005224,0.197239,0.461595,0.354877,0.225599,0.152341,0.468336,0.485880,0.121629,0.131199,0.265924,0.235603,0.258089,0.301622,0.406493,0.308355,0.373021,0.371701,0.171302,0.148779,0.323831,0.177696,0.147034,0.088348,0.557845,0.480975,0.442470,0.267347,0.276394,0.317264,0.082288,0.187763,0.253105,0.211113,0.408249,0.157533,0.645005,0.505460,0.137760,0.253992,0.173294,0.166682,0.213826,0.110493,0.394545,0.234743,0.254847,0.167341,0.249894,0.315049
0.358470,0.262307,0.191477,0.204219,0.079020,0.276410,0.208033,0.201095,-0.017785,0.059598,0.297837,0.385015,0.181661,0.352705,0.346525,0.187933,0.289821,0.266983,0.420292,0.195341,0.529542,0.025219,0.266126,0.250877,0.138250,0.132785,0.173657,0.037780,-0.197803,-0.081765,0.301324,0.228335,0.291661,0.290159,0.161112,0.085217,0.000000,0.643829,0.350823,0.270619,1.266099,0.089608,0.298548,0.286037,0.090644,0.145958,0.223251,0.255806,0.167229,0.072130,0.265193,0.179480,0.184622,-0.008041,0.179650,0.235861,0.203769,0.247213,0.173744,0.223808,0.244772,0.398933,-0.008832,0.359502,0.101680,0.162485,0.150918,0.184242,0.204738,-0.019159,0.230353,-0.053223,0.390714,0.269646,0.145468,0.269764,0.463175,0.456398,0.183194,0.060688,0.253429,0.005415,0.114504,-0.148265,0.403846,0.299507,0.304861,0.753582,0.276784,0.312610
0.477593,0.416077,0.312649,0.428165,0.205542,0.364992,0.332663,0.397140,0.194475,0.311050,0.430637,0.457494,0.340868,0.459966,0.378359,0.298002,0.390066,0.376924,0.554572,0.486787,0.430222,0.072132,0.343432,0.411488,0.303080,0.354889,0.235604,0.263475,-0.078464,0.008193,0.423553,0.492822,0.389368,0.438255,0.253066,0.213123,0.643829,0.000000,0.492472,0.591315,0.567130,0.424659,0.370253,0.326142,0.102459,0.181354,0.302661,0.390912,0.250925,0.109264,0.275734,0.187334,0.336342,0.169119,0.455495,0.395644,0.363422,0.396072,0.232057,0.241310,0.336085,0.442802,0.146902,0.430136,0.206075,0.392204,0.185926,0.162030,0.248701,0.150987,0.450841,0.225504,0.396319,0.485159,0.308872,0.313326,0.669981,0.770145,0.118736,0.050551,0.341371,0.134372,0.193424,-0.099323,0.601819,0.364115,0.397220,0.601016,0.495523,0.507021
0.771197,0.739928,0.800895,0.708143,0.433396,0.315767,0.685151,0.421272,0.385156,0.238547,0.464046,0.403359,0.525806,0.409994,0.429633,0.224342,0.357643,0.290326,0.744955,0.719094,0.341620,0.061676,0.691111,0.689859,0.516939,0.474915,0.594177,0.545470,0.374214,0.185221,0.351354,0.516737,0.600905,0.705449,0.626549,0.402423,0.350823,0.492472,0.000000,0.851444,0.264179,0.517045,0.692344,0.491728,0.274834,0.284476,0.671195,0.602560,0.355685,0.350663,0.528191,0.347537,0.665643,0.587936,0.934052,0.674168,0.641417,0.722256,0.438031,0.350648,0.503541,0.319366,0.259119,0.307999,0.488521,0.488257,0.590331,0.401935,0.662804,0.758374,0.138463,0.009155,0.351416,0.318003,0.400778,0.373901,0.562750,0.452729,0.080266,-0.072861,0.436086,0.444035,0.666729,0.381886,0.689212,0.700053,0.979157,0.429909,0.691477,0.671739
0.606859,0.573908,0.767091,0.715027,0.461402,0.482512,0.606421,0.431583,0.354476,0.270505,0.613160,0.483884,0.679813,0.548591,0.688650,0.408411,0.441629,0.425259,0.746463,0.721756,0.497469,0.231979,0.757072,0.719564,0.714588,0.768807,0.665413,0.741210,0.451714,0.401243,0.680876,0.800504,0.491866,0.599852,0.661032,0.488838,0.270619,0.591315,0.851444,0.000000,0.159782,0.465809,0.611635,0.450122,0.166099,0.195993,0.664677,0.765131,0.264566,0.186759,0.506808,0.294718,0.560046,0.460748,0.845252,0.865537,0.572327,0.612555,0.292416,0.222311,0.526406,0.296566,0.313798,0.337497,0.498930,0.468250,0.433821,0.271707,0.432322,0.523539,0.320504,0.090590,0.560581,0.434953,0.510063,0.363424,0.718023,0.679438,0.273843,0.368480,0.515101,0.503034,0.540989,0.354563,0.819349,0.611356,0.570333,0.540248,0.714380,0.661956
0.218366,0.112599,0.054772,0.113403,-0.008392,0.190510,0.148506,0.232565,0.030115,0.075699,0.287947,0.412179,0.178673,0.386232,0.235361,0.253290,0.249576,0.242946,0.283271,0.119110,0.397369,0.006304,0.147288,0.166403,0.036513,0.069223,0.034442,-0.091918,-0.210206,-0.067794,0.255444,0.125813,0.213244,0.214890,-0.000519,-0.005224,1.266099,0.567130,0.264179,0.159782,0.000000,0.078005,0.220032,0.260635,0.143147,0.133483,0.145797,0.171610,0.128044,-0.031594,0.164646,0.069436,0.056704,-0.191484,0.026799,0.088974,0.068457,0.103650,0.148504,0.167287,0.223877,0.404905,0.062240,0.382679,0.123710,0.152231,0.136647,0.184240,0.109306,-0.188949,0.141866,-0.142520,0.371738,0.272455,0.142759,0.329444,0.414495,0.447297,0.128412,-0.018901,0.228862,-0.004338,0.057075,-0.116382,0.315177,0.131553,0.193439,0.570994,0.172821,0.192955
0.364685,0.388912,0.394022,0.434033,0.176514,0.008806,0.421425,0.386787,0.234763,0.131638,0.264857,0.326007,0.283731,0.259716,0.231030,0.271055,0.357903,0.255005,0.403537,0.531066,0.217956,0.151169,0.352056,0.408607,0.129955,0.221270,0.139582,0.115901,0.252381,0.263588,0.191700,0.296249,0.409113,0.506677,0.191174,0.197239,0.089608,0.424659,0.517045,0.465809,0.078005,0.000000,0.393733,0.399975,0.281339,0.247651,0.445073,0.462866,0.338349,0.184233,0.296349,0.159645,0.392582,0.305312,0.452576,0.373088,0.376481,0.387571,0.270389,0.235768,0.314711,0.193790,0.296736,0.269154,0.248601,0.283919,0.286780,0.211168,0.290023,0.327884,0.222015,0.124346,0.295575,0.298188,0.348230,0.192384,0.355512,0.349389,0.139315,0.014042,0.457579,0.437568,0.433570,0.389254,0.463542,0.441656,0.507986,0.249897,0.334366,0.367305
0.859181,0.772069,0.767444,0.760885,0.604396,0.525600,0.909713,0.720844,0.533921,0.369335,0.624697,0.566128,0.631000,0.589399,0.499567,0.442562,0.458625,0.454783,0.847503,0.852748,0.554134,0.156007,0.689113,0.668708,0.516983,0.593304,0.548524,0.536889,0.257955,0.253073,0.531485,0.469433,0.861800,0.840719,0.679462,0.461595,0.298548,0.370253,0.692344,0.611635,0.220032,0.393733,0.000000,1.457787,0.973516,0.855855,1.365221,1.166621,0.879390,0.684353,0.922699,0.716989,0.802829,0.528666,0.705206,0.740372,0.690437,0.742223,0.587029,0.592729,0.690043,0.492892,0.337945,0.481461,0.501343,0.567724,1.055945,0.906422,0.692899,0.683913,0.174456,0.022817,0.448756,0.406264,0.414014,0.510604,0.697454,0.632382,0.169442,0.010756,0.509609,0.537844,0.565875,0.344385,0.854506,0.766967,0.650578,0.445102,0.546233,0.853147
0.738072,0.761739,0.506910,0.625186,0.446464,0.425100,0.705607,0.726773,0.466096,0.349031,0.535052,0.635686,0.482649,0.634450,0.402718,0.438741,0.518705,0.466204,0.680186,0.746877,0.500510,0.106756,0.440456,0.474121,0.335408,0.430995,0.349403,0.330255,0.193732,0.293698,0.386656,0.294724,0.783295,0.841909,0.457109,0.354877,0.286037,0.326142,0.491728,0.450122,0.260635,0.399975,1.457787,0.000000,1.100926,1.102425,1.192568,1.159944,0.975856,0.674143,0.778525,0.677509,0.578713,0.394302,0.501186,0.592774,0.657867,0.695658,0.566915,0.741496,0.631627,0.594209,0.360846,0.596971,0.398837,0.406026,0.849219,0.950816,0.647996,0.556648,0.207570,-0.039853,0.422867,0.404593,0.312627,0.466594,0.622543,0.636120,0.133352,-0.042802,0.548325,0.591276,0.536081,0.348829,0.759758,0.675410,0.577198,0.453165,0.395123,0.702234
0.382524,0.383780,0.321731,0.309069,0.385556,0.264125,0.582635,0.484265,0.399519,0.207171,0.400275,0.313726,0.410414,0.346756,0.215057,0.411653,0.284338,0.343423,0.384018,0.556843,0.314255,0.216185,0.325288,0.324393,0.228142,0.271226,0.156105,0.215726,0.114907,0.143507,0.334309,0.195202,0.564288,0.515287,0.343152,0.225599,0.090644,0.102459,0.274834,0.166099,0.143147,0.281339,0.973516,1.100926,0.000000,1.285234,0.798312,0.756274,0.862028,0.663129,0.502450,0.496494,0.390682,0.296043,0.236048,0.332555,0.365049,0.388579,0.401202,0.543961,0.368996,0.270000,0.305159,0.347810,0.233984,0.249321,0.831974,1.029609,0.414701,0.358504,0.018237,-0.061974,0.341821,0.270289,0.245597,0.370018,0.403874,0.373127,-0.118036,-0.207042,0.321469,0.410282,0.285926,0.283896,0.402375,0.390983,0.283766,0.121468,0.155336,0.550355
0.497843,0.611259,0.245646,0.407718,0.306500,0.324773,0.542611,0.584922,0.364501,0.317000,0.407479,0.476345,0.353547,0.444807,0.196988,0.300606,0.372760,0.411931,0.354015,0.568219,0.225473,0.191403,0.140696,0.188941,0.205353,0.284700,0.181344,0.250535,0.061091,0.168375,0.246092,0.133010,0.661844,0.653372,0.260035,0.152341,0.145958,0.181354,0.284476,0.195993,0.133483,0.247651,0.855855,1.102425,1.285234,0.000000,0.791556,0.890528,1.214869,1.072609,0.607089,0.763688,0.423322,0.398900,0.335275,0.451929,0.490364,0.555583,0.569866,0.923730,0.498616,0.560844,0.354279,0.569298,0.162465,0.271346,0.711591,1.114301,0.540536,0.526445,0.174042,-0.023209,0.228707,0.358547,0.125338,0.259459,0.349372,0.387229,-0.108141,-0.196111,0.369276,0.475339,0.245442,0.192274,0.487178,0.567196,0.316810,0.234861,0.208836,0.588831
0.915470,1.003669,0.717513,0.739353,0.555765,0.474788,0.944929,0.701650,0.590153,0.338629,0.724166,0.661612,0.723101,0.696956,0.636776,0.555447,0.667779,0.652984,0.853699,0.984616,0.522872,0.188485,0.688222,0.670271,0.558292,0.650031,0.629727,0.587776,0.533993,0.509991,0.629656,0.557346,0.990673,1.002443,0.618545,0.468336,0.223251,0.302661,0.671195,0.664677,0.145797,0.445073,1.365221,1.192568,0.798312,0.791556,0.000000,1.533448,0.918292,0.701339,0.944546,0.718457,0.944008,0.665776,0.830001,0.839329,0.949998,0.975170,0.608959,0.672375,0.822614,0.553310,0.524523,0.645621,0.489409,0.481935,0.871336,0.819189,0.772962,0.805474,0.142108,-0.063067,0.584431,0.524148,0.560630,0.462150,0.675850,0.568417,0.235365,0.135392,0.687497,0.748320,0.621726,0.425034,0.960119,0.843805,0.627168,0.400393,0.575240,0.879972
0.867627,0.937995,0.681420,0.792105,0.591880,0.584738,0.957483,0.793802,0.630751,0.449672,0.754990,0.730038,0.713277,0.770878,0.597762,0.491783,0.703983,0.668401,0.841980,0.912113,0.611900,0.225896,0.602674,0.611219,0.653365,0.773222,0.639499,0.650563,0.367748,0.441705,0.707705,0.628725,0.974491,1.018840,0.645466,0.485880,0.255806,0.390912,0.602560,0.765131,0.171610,0.462866,1.166621,1.159944,0.756274,0.890528,1.533448,0.000000,0.900606,0.743541,0.878929,0.808424,0.793514,0.659971,0.775057,0.918979,0.912469,0.958052,0.573248,0.726179,0.821037,0.638487,0.561648,0.706148,0.480192,0.565875,0.831007,0.868376,0.743925,0.771401,0.232411,-0.010070,0.626908,0.581110,0.528794,0.414427,0.775115,0.740151,0.176210,0.159831,0.634076,0.684433,0.455385,0.268090,1.005354,0.833148,0.503232,0.469512,0.523584,0.903265
0.768606,0.855409,0.367588,0.504475,0.336123,0.331568,0.660776,0.676152,0.360343,0.363926,0.594953,0.629892,0.536975,0.621751,0.356847,0.389190,0.542934,0.513148,0.536885,0.710332,0.211563,0.109278,0.204158,0.246743,0.182861,0.269167,0.261277,0.247596,0.239532,0.348874,0.196411,0.150043,0.810581,0.824358,0.252578,0.121629,0.167229,0.250925,0.355685,0.264566,0.128044,0.338349,0.879390,0.975856,0.862028,1.214869,0.918292,0.900606,0.000000,1.041133,1.006518,0.838509,0.765898,0.511469,0.628543,0.646195,0.705753,0.726836,0.840777,0.951174,0.792283,0.760822,0.507048,0.741708,0.271101,0.306599,0.691694,0.855936,0.721829,0.674196,0.230651,0.068344,0.307457,0.353277,0.197488,0.266534,0.279714,0.330118,0.103372,-0.079776,0.573004,0.665039,0.409663,0.363647,0.733459,0.845368,0.444644,0.319264,0.446188,0.713159
