0.000000,1.057658,0.822623,1.001824,0.501805,0.826153,1.145222,0.934404,0.580533,0.768012,0.954864,1.029590,0.964766,0.969595,0.851091,0.629575,0.690277,0.710884,1.093319,1.070731,0.254924,0.311075,0.492301,0.560132,0.412970,0.556337,0.322492,0.549268,0.732829,0.642310,0.576230,0.617342,0.999176,0.986476,0.573254,0.590223,0.508923,0.551653,0.025949,0.142618,0.458332,0.227949,0.668932,0.580428,0.775451,0.853499,0.564772,0.574795,0.855836,0.755049,0.831686,0.847907,0.691709,0.413058,0.628716,0.603653,0.654342,0.604204,0.812890,0.695523,1.248536,0.979082,0.910899,0.800175,0.622911,0.826239,0.943815,0.825987,0.792330,0.721964,0.565593,0.513189,0.715649,0.811854,0.718151,0.723428,0.733082,0.782638,0.309384,0.086463,0.642901,0.643670,0.426667,0.569644,0.734816,0.752669,0.583333,0.665876,1.051129,0.973921
1.057658,0.000000,0.401945,0.794841,0.254365,0.635032,0.575626,0.680667,0.264475,0.631330,0.511207,0.758729,0.484654,0.857434,0.542237,0.498949,1.055831,0.993903,0.769383,1.207555,0.442193,0.188742,0.273877,0.388153,0.250427,0.401119,0.239260,0.397278,0.811025,0.786666,0.519135,0.521804,1.079175,1.278724,0.258168,0.384500,0.479932,0.634571,0.207587,0.335784,0.498950,0.549761,0.845666,0.902496,0.841721,0.956597,0.853643,0.860365,0.644029,0.959067,0.551499,0.828855,0.868000,0.808492,0.908015,1.084704,1.153418,1.198502,0.893350,1.031629,0.836323,1.072001,1.083330,1.234406,0.207930,0.616020,0.741661,0.898217,1.183080,1.047256,0.497305,0.345218,0.539093,0.736592,0.499789,0.569915,0.473087,0.563488,0.225434,0.421260,1.070716,1.066946,0.528694,0.714329,0.779585,0.629592,0.672607,0.579266,0.712200,0.901918
0.822623,0.401945,0.000000,1.096087,0.892447,0.947644,1.514615,1.060218,1.058285,0.834762,0.709341,0.834665,0.868964,0.673857,1.018783,0.734916,0.365982,0.383800,1.182390,0.728782,0.229612,0.315433,1.292937,1.127005,0.957225,0.956294,0.722680,0.748499,0.458414,0.437703,0.822341,0.877043,0.705479,0.604564,0.796628,0.659518,0.553875,0.555033,0.006082,0.091655,0.423837,0.189690,0.366830,0.222070,0.293187,0.443412,0.287659,0.300981,0.555945,0.281337,0.936694,0.605589,0.427633,0.106676,0.318062,0.273521,0.173436,0.152862,0.287541,0.235844,0.754411,0.511791,0.417706,0.285953,1.077207,0.751584,0.815838,0.588026,0.445386,0.453916,0.527171,0.677344,0.850387,0.737360,0.831974,0.830935,0.807221,0.744345,0.208768,0.034830,0.420144,0.381358,0.468399,0.533771,0.613602,0.681861,0.645971,0.858431,0.892209,0.736598
1.001824,0.794841,1.096087,0.000000,0.678093,1.488395,1.187769,1.933427,0.719457,1.335339,0.638992,1.329594,0.651873,1.115094,0.836425,0.983508,0.709523,0.775152,1.324520,1.294442,0.444922,0.350794,0.914126,1.221798,0.816142,1.173282,0.614399,0.851650,0.742073,0.750697,1.053070,1.286431,1.140211,1.123088,0.800793,0.976358,0.632952,0.701512,0.135842,0.195982,0.489466,0.383753,0.660996,0.561291,0.548971,0.999720,0.534867,0.612089,0.538668,0.729690,0.775623,1.032245,0.540235,0.351648,0.531551,0.599951,0.532074,0.481452,0.498869,0.638061,0.830405,1.067932,0.740175,0.687378,0.779832,1.355689,1.122069,1.182413,0.764688,0.803870,0.637679,0.639032,0.838905,0.845942,0.856991,0.938779,0.806394,0.802592,0.193250,0.219764,0.736696,0.679161,0.517609,0.799535,0.879410,1.090099,0.799372,1.001110,0.928062,1.272639
0.501805,0.254365,0.892447,0.678093,0.000000,0.525413,0.807288,0.739476,1.223743,0.607798,0.642869,0.663625,0.622184,0.541183,0.834097,0.781297,0.391874,0.426372,0.896912,0.566754,0.279005,0.241843,1.190077,1.011140,1.020527,0.774342,0.927954,0.853799,0.479176,0.431761,0.595592,0.655713,0.536742,0.469343,0.900423,0.830010,0.458055,0.419349,-0.047829,-0.074599,0.300349,0.094638,0.360824,0.166597,0.218480,0.342530,0.249336,0.350771,0.406734,0.196923,0.816415,0.495735,0.478505,0.220036,0.198309,0.202922,0.292978,0.254076,0.187719,0.197942,0.644927,0.400791,0.379742,0.238045,0.989567,0.696940,0.728034,0.544462,0.505437,0.546599,0.341758,0.411152,0.589950,0.495503,0.667267,0.648596,0.717669,0.626639,0.222554,0.147226,0.345756,0.411408,0.469888,0.629885,0.680170,0.683530,0.689807,0.819237,0.662187,0.630414
0.826153,0.635032,0.947644,1.488395,0.525413,0.000000,1.038815,1.448233,0.633964,1.304688,0.595564,1.074503,0.625424,0.889382,0.794681,0.903263,0.581285,0.667897,0.975680,0.985604,0.419211,0.361858,0.810461,1.053416,0.733256,1.188911,0.549753,0.763480,0.626885,0.639658,0.955704,1.131578,0.913200,0.899217,0.665913,0.765917,0.586788,0.625467,0.104611,0.119276,0.517095,0.312020,0.539801,0.495624,0.490989,0.841504,0.466649,0.491286,0.462090,0.573818,0.643783,0.751376,0.415721,0.247051,0.416792,0.505523,0.382507,0.402252,0.433263,0.558739,0.716048,0.879905,0.566895,0.560544,0.723259,1.066407,0.894121,0.906109,0.584948,0.634820,0.550399,0.562633,0.872681,0.814471,0.877408,0.894054,0.770091,0.751243,0.138049,0.124974,0.588770,0.536048,0.364486,0.594541,0.811841,0.940591,0.662000,0.776046,0.785005,1.024659
1.145222,0.575626,1.514615,1.187769,0.807288,1.038815,0.000000,1.333447,1.131849,0.937909,0.905047,1.126915,1.152786,0.933701,1.141173,0.804907,0.530112,0.545117,1.379293,0.919366,0.241086,0.354804,0.961032,0.943733,0.701945,0.804238,0.476483,0.638385,0.588105,0.577113,0.861107,0.882352,0.875562,0.778061,0.751894,0.693468,0.480685,0.485207,0.026404,0.054653,0.410053,0.185416,0.466794,0.324619,0.479809,0.645513,0.357367,0.374267,0.680543,0.442249,0.883706,0.650262,0.497206,0.193796,0.358133,0.339919,0.284681,0.259479,0.450050,0.398963,1.057180,0.754438,0.640330,0.489215,1.168683,0.974470,0.832523,0.651871,0.525046,0.509327,0.561329,0.645615,0.935664,0.853277,0.892818,0.836206,0.835231,0.849677,0.253293,0.045557,0.526036,0.496307,0.469060,0.557438,0.765924,0.764565,0.668249,0.778516,1.019871,0.882561
0.934404,0.680667,1.060218,1.933427,0.739476,1.448233,1.333447,0.000000,0.885504,1.414159,0.705588,1.539413,0.758961,1.220147,0.928355,1.114696,0.668947,0.743378,1.338887,1.142676,0.385164,0.355709,0.980753,1.284163,0.799394,1.138759,0.548762,0.779272,0.691235,0.746759,1.090939,1.326190,1.047877,1.000529,0.887902,1.039619,0.542639,0.574570,0.118534,0.105896,0.450473,0.309623,0.588850,0.460679,0.503856,0.914967,0.446053,0.526593,0.473077,0.618452,0.719305,0.854319,0.462612,0.275882,0.397506,0.480739,0.421429,0.384182,0.406071,0.545519,0.829810,1.038625,0.686550,0.606355,0.980349,1.622060,0.936549,0.947074,0.635043,0.677477,0.548928,0.586417,0.894291,0.857180,0.918741,0.947634,0.808306,0.841187,0.190661,0.163984,0.666220,0.619383,0.501388,0.756144,0.971282,1.065811,0.838296,0.980313,0.938190,1.218656
0.580533,0.264475,1.058285,0.719457,1.223743,0.633964,1.131849,0.885504,0.000000,0.779717,0.796858,0.850108,0.914041,0.704192,1.063729,0.871893,0.347024,0.370590,1.027173,0.568596,0.182335,0.254078,1.225119,1.009314,0.832416,0.720403,0.643623,0.672899,0.412770,0.408578,0.611899,0.645474,0.496120,0.427895,0.806710,0.724928,0.395252,0.359974,-0.030596,-0.089664,0.260777,0.062065,0.308495,0.106656,0.223751,0.318630,0.184086,0.247269,0.464422,0.204775,0.799225,0.432662,0.379833,0.142047,0.112916,0.136083,0.143242,0.129460,0.179815,0.204588,0.734252,0.491282,0.358850,0.232398,1.395600,0.803830,0.536502,0.389501,0.389324,0.422855,0.349397,0.432680,0.656270,0.558093,0.690198,0.667158,0.763300,0.763255,0.168695,0.008263,0.305583,0.312346,0.431811,0.513995,0.706883,0.595557,0.692928,0.759491,0.752071,0.664637
0.768012,0.631330,0.834762,1.335339,0.607798,1.304688,0.937909,1.414159,0.779717,0.000000,0.654056,1.300444,0.686707,1.205841,0.887339,1.273543,0.560574,0.599719,0.977938,0.867342,0.441227,0.199606,0.860870,1.141790,0.767466,1.118225,0.612631,0.791946,0.610470,0.582123,0.830088,0.988681,0.782325,0.771140,0.815995,1.018935,0.563663,0.548425,0.181242,0.061782,0.446694,0.284545,0.511675,0.396583,0.423746,0.746065,0.396813,0.471143,0.408100,0.623364,0.638612,0.768323,0.347688,0.211529,0.329177,0.420488,0.411079,0.423319,0.327778,0.575981,0.702580,1.084983,0.546476,0.546292,0.841192,1.486211,0.734215,0.797260,0.600874,0.693622,0.396542,0.380936,0.668742,0.670037,0.677593,0.731521,0.758473,0.797675,0.027093,0.142544,0.548099,0.494513,0.358916,0.645612,0.880038,0.840134,0.768094,0.767411,0.850107,1.191204
0.954864,0.511207,0.709341,0.638992,0.642869,0.595564,0.905047,0.705588,0.796858,0.654056,0.000000,0.909477,1.275293,0.803762,1.127858,0.817101,0.523498,0.557264,0.888990,0.623940,0.256830,0.270753,0.629082,0.614603,0.490298,0.548844,0.438002,0.567691,0.706871,0.541290,0.429735,0.516686,0.556809,0.537284,0.675361,0.593394,0.450345,0.479835,-0.149565,-0.068698,0.405609,0.061644,0.346109,0.212015,0.331463,0.351438,0.290969,0.319489,0.475969,0.254053,0.645604,0.388786,0.410118,0.161536,0.255736,0.250574,0.384945,0.381544,0.396022,0.337172,0.952489,0.607991,0.625199,0.433551,0.830334,0.707790,0.585292,0.453948,0.491751,0.509784,0.453850,0.362737,0.540093,0.600277,0.613057,0.624803,0.772039,0.764740,0.264085,-0.006489,0.397151,0.392225,0.399896,0.571654,0.733866,0.597555,0.567028,0.600221,0.996856,0.748085
1.029590,0.758729,0.834665,1.329594,0.663625,1.074503,1.126915,1.539413,0.850108,1.300444,0.909477,0.000000,0.891961,1.733323,1.004218,1.291322,0.687075,0.796916,1.202348,1.041559,0.425641,0.323638,0.802571,1.029286,0.638139,0.883443,0.505992,0.743290,0.793390,0.765825,0.796176,0.963569,0.908315,0.874865,0.789745,1.001656,0.513436,0.589103,0.071387,0.087943,0.448387,0.272967,0.591996,0.455897,0.504067,0.800230,0.458187,0.559665,0.500830,0.655838,0.718700,0.841938,0.474253,0.288716,0.400860,0.494341,0.485225,0.430311,0.462650,0.626136,0.936415,1.212595,0.795722,0.715187,0.851832,1.588314,0.806396,0.828507,0.658450,0.694110,0.483285,0.447704,0.784032,0.793288,0.779069,0.848856,0.796929,0.862148,0.186713,0.150723,0.652654,0.599067,0.517923,0.827275,0.863521,0.935203,0.809811,0.829809,0.988137,1.431949
0.964766,0.484654,0.868964,0.651873,0.622184,0.625424,1.152786,0.758961,0.914041,0.686707,1.275293,0.891961,0.000000,0.876358,1.196006,0.750749,0.426320,0.437448,0.811582,0.557024,0.161564,0.134844,0.653071,0.606150,0.473363,0.530380,0.361547,0.480241,0.549675,0.450215,0.487195,0.513992,0.575970,0.528798,0.662952,0.534418,0.333702,0.381295,-0.025854,0.015996,0.342546,0.124495,0.386152,0.248310,0.399165,0.383641,0.314558,0.331915,0.579179,0.251231,0.755281,0.383970,0.433561,0.120320,0.263620,0.248715,0.237773,0.279871,0.363668,0.299088,1.012732,0.597675,0.609031,0.433277,0.874115,0.694244,0.574215,0.407919,0.387001,0.373115,0.362468,0.344796,0.637786,0.638443,0.641072,0.638017,0.699311,0.710596,0.175284,0.017865,0.428854,0.413066,0.409736,0.451773,0.568318,0.498828,0.493862,0.514611,0.973913,0.683173
0.969595,0.857434,0.673857,1.115094,0.541183,0.889382,0.933701,1.220147,0.704192,1.205841,0.803762,1.733323,0.876358,0.000000,0.890188,1.160050,0.658906,0.737588,0.954200,0.923715,0.469296,0.206861,0.636263,0.826943,0.482505,0.695090,0.411320,0.609483,0.712113,0.680534,0.673136,0.776121,0.821163,0.804678,0.649445,0.840573,0.448197,0.591764,0.113387,0.146859,0.450162,0.343801,0.597428,0.480784,0.514783,0.770634,0.493967,0.562885,0.531093,0.721933,0.690452,0.854140,0.510017,0.352200,0.438485,0.553115,0.496013,0.476549,0.464742,0.674542,0.862622,1.306176,0.775582,0.776755,0.656501,1.396197,0.686770,0.756895,0.652535,0.666622,0.438644,0.343382,0.693511,0.743114,0.651723,0.737339,0.701663,0.768508,0.134103,0.188757,0.675038,0.619128,0.472635,0.759178,0.766125,0.762512,0.759011,0.692138,0.951667,1.323049
0.851091,0.542237,1.018783,0.836425,0.834097,0.794681,1.141173,0.928355,1.063729,0.887339,1.127858,1.004218,1.196006,0.890188,0.000000,0.995552,0.563111,0.607362,1.037229,0.741054,0.335758,0.241945,0.903052,0.849923,0.653838,0.711306,0.637814,0.657247,0.719586,0.631252,0.606128,0.693480,0.675930,0.650802,0.726415,0.661833,0.524940,0.495291,-0.086803,-0.028845,0.496133,0.122927,0.483946,0.357623,0.385566,0.462031,0.429116,0.499857,0.563300,0.332430,0.838552,0.487024,0.487658,0.255935,0.316955,0.400954,0.382222,0.396327,0.403423,0.421541,1.027310,0.706646,0.655442,0.496441,1.036497,0.814879,0.714175,0.551974,0.590967,0.562064,0.417489,0.357138,0.716339,0.679724,0.746980,0.706148,0.715175,0.721793,0.261211,0.103459,0.510859,0.543294,0.608435,0.735059,0.815664,0.620968,0.730815,0.727763,1.008221,0.833508
0.629575,0.498949,0.734916,0.983508,0.781297,0.903263,0.804907,1.114696,0.871893,1.273543,0.817101,1.291322,0.750749,1.160050,0.995552,0.000000,0.626429,0.655009,0.935741,0.731523,0.536185,0.241784,0.965253,1.228738,0.824017,1.034740,0.772316,0.929612,0.715572,0.635231,0.693286,0.876031,0.664939,0.638802,0.938004,1.067925,0.546408,0.566043,0.121643,0.016485,0.442981,0.261048,0.468875,0.312710,0.295144,0.532371,0.370902,0.497979,0.317623,0.406562,0.648696,0.619635,0.375383,0.198157,0.249773,0.376180,0.418956,0.397781,0.240159,0.445522,0.650363,0.812647,0.554483,0.454561,0.875671,1.268424,0.711565,0.716741,0.579321,0.668298,0.335658,0.299442,0.658092,0.667668,0.698747,0.767231,0.807961,0.819535,0.024845,0.227399,0.538689,0.524229,0.472017,0.862051,0.858820,0.802730,0.852614,0.790152,0.847417,1.092772
0.690277,1.055831,0.365982,0.709523,0.391874,0.581285,0.530112,0.668947,0.347024,0.560574,0.523498,0.687075,0.426320,0.658906,0.563111,0.626429,0.000000,1.300787,0.799835,1.108465,0.480351,0.205539,0.370276,0.491094,0.347026,0.485186,0.334655,0.455806,1.107562,1.048931,0.590470,0.613291,0.935644,1.212556,0.283977,0.432068,0.415862,0.559410,0.248937,0.298570,0.534326,0.644278,0.778505,0.797911,0.629612,0.821633,0.753845,0.819391,0.342842,0.602863,0.390047,0.553235,0.674067,0.646631,0.617603,0.848746,1.043382,0.956515,0.641949,0.767558,0.649283,0.752391,1.108532,1.007964,0.253102,0.581794,0.691268,0.874228,1.017905,0.955266,0.499593,0.369943,0.605375,0.818275,0.633596,0.696052,0.498108,0.538175,0.180317,0.652807,1.315458,1.239393,0.674254,0.947737,0.859338,0.682768,0.745564,0.583894,0.511256,0.742035
0.710884,0.993903,0.383800,0.775152,0.426372,0.667897,0.545117,0.743378,0.370590,0.599719,0.557264,0.796916,0.437448,0.737588,0.607362,0.655009,1.300787,0.000000,0.862721,1.270038,0.434963,0.336363,0.423471,0.558208,0.380253,0.550412,0.340563,0.529273,1.197934,1.334791,0.698376,0.752375,1.007902,1.211090,0.347142,0.500894,0.536815,0.590816,0.006300,0.160835,0.606467,0.427917,0.828410,0.876559,0.613584,0.857392,0.787462,0.886178,0.316989,0.582138,0.406089,0.563941,0.658265,0.672368,0.604163,0.915934,0.988016,0.950379,0.631221,0.808400,0.685502,0.825930,1.179829,1.151038,0.304473,0.638559,0.767690,0.915453,0.982046,0.909996,0.548141,0.357352,0.635886,0.810842,0.622741,0.637897,0.523081,0.585752,0.454343,0.511428,1.023748,1.116644,0.679607,1.044777,0.869459,0.837659,0.651988,0.716481,0.580954,0.861125
1.093319,0.769383,1.182390,1.324520,0.896912,0.975680,1.379293,1.338887,1.027173,0.977938,0.888990,1.202348,0.811582,0.954200,1.037229,0.935741,0.799835,0.862721,0.000000,1.381998,0.349836,0.399663,1.084913,1.149656,0.794362,0.921896,0.612009,0.771807,0.801013,0.836280,0.978190,1.065239,1.096516,1.022877,0.764590,0.831710,0.652474,0.639671,0.030072,0.087244,0.472926,0.282335,0.650903,0.482262,0.512258,0.769131,0.491811,0.558780,0.571562,0.557526,0.797733,0.761411,0.609574,0.368176,0.429085,0.501514,0.534359,0.507071,0.513941,0.548905,0.917878,0.842397,0.790888,0.631185,0.955874,1.025840,0.947101,0.871378,0.833959,0.848413,0.681743,0.703276,0.966496,0.950779,0.987596,0.966872,0.885829,0.953733,0.342845,0.194406,0.709099,0.713711,0.600944,0.836515,1.022239,0.999143,0.864594,1.125209,0.981602,1.065836
1.070731,1.207555,0.728782,1.294442,0.566754,0.985604,0.919366,1.142676,0.568596,0.867342,0.623940,1.041559,0.557024,0.923715,0.741054,0.731523,1.108465,1.270038,1.381998,0.000000,0.474397,0.368927,0.644048,0.803770,0.563625,0.772367,0.457680,0.674122,0.996837,1.065306,0.899885,0.983344,1.380187,1.549795,0.497691,0.637148,0.636717,0.739468,0.048559,0.150483,0.599763,0.438422,0.924122,0.866761,0.779293,1.129562,0.812163,0.869807,0.582443,0.855174,0.663923,0.911018,0.798698,0.707289,0.726656,0.905092,0.925621,0.859261,0.812524,0.960268,0.898437,1.089294,1.108793,1.098298,0.532044,0.880583,1.058570,1.196399,1.238811,1.177358,0.669435,0.581254,0.827204,0.954024,0.791310,0.840823,0.731190,0.777867,0.365420,0.341607,0.986109,1.024477,0.595705,0.958247,0.978979,0.978858,0.797568,0.929978,0.786372,1.126421
0.254924,0.442193,0.229612,0.444922,0.279005,0.419211,0.241086,0.385164,0.182335,0.441227,0.256830,0.425641,0.161564,0.469296,0.335758,0.536185,0.480351,0.434963,0.349836,0.474397,0.000000,0.193736,0.306747,0.412091,0.377917,0.498045,0.532134,0.518751,0.503881,0.410689,0.459968,0.426052,0.437532,0.442391,0.214991,0.325488,0.302892,0.573503,0.158117,0.076543,0.513779,0.461465,0.293165,0.279029,0.196967,0.349562,0.338196,0.392149,0.240663,0.381591,0.292147,0.454938,0.369572,0.367687,0.311710,0.396287,0.444207,0.447050,0.355471,0.439271,0.267483,0.397429,0.371802,0.444829,0.087610,0.376726,0.401770,0.489151,0.490790,0.514253,0.181918,0.184805,0.428072,0.525305,0.259266,0.450177,0.409751,0.373563,-0.218461,0.364368,0.466383,0.464850,0.157678,0.504799,0.321760,0.255145,0.500306,0.229726,0.249341,0.464369
0.311075,0.188742,0.315433,0.350794,0.241843,0.361858,0.354804,0.355709,0.254078,0.199606,0.270753,0.323638,0.134844,0.206861,0.241945,0.241784,0.205539,0.336363,0.399663,0.368927,0.193736,0.000000,0.258244,0.287099,0.275487,0.342113,0.298716,0.423928,0.424721,0.447822,0.342696,0.379203,0.340919,0.302595,0.218250,0.271750,0.624909,0.349129,-0.121152,0.040035,0.175276,-0.038297,0.079972,0.114124,0.042815,0.147186,0.002979,0.029998,0.091599,0.082350,0.154837,0.210489,0.124497,0.051659,0.086702,0.099392,0.154328,0.096449,0.151830,0.161986,0.224147,0.233187,0.164178,0.150887,0.268778,0.274778,0.291065,0.257443,0.187988,0.214233,0.302343,0.339450,0.435976,0.367871,0.371293,0.387112,0.348410,0.412564,0.446733,-0.066150,0.088782,0.124060,0.164340,0.223863,0.257537,0.454981,0.148554,0.397464,0.285961,0.324346
0.492301,0.273877,1.292937,0.914126,1.190077,0.810461,0.961032,0.980753,1.225119,0.860870,0.629082,0.802571,0.653071,0.636263,0.903052,0.965253,0.370276,0.423471,1.084913,0.644048,0.306747,0.258244,0.000000,1.779390,1.349422,1.150256,0.977344,0.890147,0.422697,0.427966,0.855283,0.930805,0.625273,0.500960,0.932156,0.817781,0.628266,0.526363,0.053245,0.056849,0.386766,0.225841,0.307703,0.138601,0.133006,0.345916,0.198336,0.276212,0.301183,0.149697,0.755987,0.492935,0.355744,0.080017,0.177590,0.200813,0.189039,0.181879,0.097261,0.154320,0.535312,0.412474,0.325579,0.182004,1.089580,0.791768,0.725912,0.549361,0.469038,0.543884,0.473318,0.592706,0.781625,0.647712,0.813714,0.829833,0.771304,0.690290,0.157305,0.144083,0.416724,0.401853,0.504685,0.647463,0.782521,0.804698,0.824403,1.069553,0.763632,0.748457
0.560132,0.388153,1.127005,1.221798,1.011140,1.053416,0.943733,1.284163,1.009314,1.141790,0.614603,1.029286,0.606150,0.826943,0.849923,1.228738,0.491094,0.558208,1.149656,0.803770,0.412091,0.287099,1.779390,0.000000,1.293568,1.504029,0.955378,1.006792,0.540316,0.532409,0.991405,1.195357,0.771341,0.650785,1.006834,1.048723,0.665140,0.626995,0.090268,0.080950,0.448830,0.280483,0.402094,0.256661,0.221290,0.527909,0.283560,0.379259,0.289763,0.314311,0.719291,0.651075,0.356597,0.138967,0.245885,0.311930,0.303946,0.282655,0.154271,0.289926,0.560202,0.611272,0.428022,0.311859,0.991903,1.077539,0.850697,0.750481,0.562980,0.664492,0.510319,0.572656,0.819752,0.696237,0.846065,0.934257,0.845062,0.780017,0.129828,0.176730,0.509442,0.483411,0.474887,0.757847,0.874926,1.029146,0.869028,1.156246,0.812359,0.996612
0.412970,0.250427,0.957225,0.816142,1.020527,0.733256,0.701945,0.799394,0.832416,0.767466,0.490298,0.638139,0.473363,0.482505,0.653838,0.824017,0.347026,0.380253,0.794362,0.563625,0.377917,0.275487,1.349422,1.293568,0.000000,1.336292,1.250251,1.049131,0.397419,0.369609,0.852375,0.887094,0.594653,0.506620,0.843404,0.794082,0.627162,0.491833,0.155654,0.086036,0.330057,0.215657,0.281612,0.158569,0.109833,0.327498,0.221957,0.314134,0.237276,0.157724,0.683415,0.532800,0.366286,0.118171,0.249491,0.213295,0.258904,0.248356,0.125450,0.202886,0.427671,0.373762,0.245023,0.196622,0.779366,0.685305,0.805099,0.638210,0.486384,0.585211,0.376293,0.456689,0.569223,0.511571,0.583038,0.690419,0.679583,0.621814,0.066030,0.154792,0.368321,0.373353,0.358197,0.510216,0.700063,0.784550,0.731228,0.983799,0.649405,0.682791
0.556337,0.401119,0.956294,1.173282,0.774342,1.188911,0.804238,1.138759,0.720403,1.118225,0.548844,0.883443,0.530380,0.695090,0.711306,1.034740,0.485186,0.550412,0.921896,0.772367,0.498045,0.342113,1.150256,1.504029,1.336292,0.000000,0.996642,1.144392,0.557753,0.543038,1.125002,1.323886,0.793076,0.720211,0.957311,0.996704,0.664859,0.653278,0.100830,0.069324,0.487774,0.255482,0.404452,0.318646,0.250166,0.557152,0.319188,0.417040,0.235551,0.322035,0.594097,0.627528,0.297990,0.146240,0.264239,0.327798,0.344452,0.342405,0.182613,0.336047,0.493874,0.588270,0.384484,0.339509,0.766276,0.944641,0.864506,0.821492,0.542616,0.661508,0.458426,0.494441,0.734203,0.661423,0.770119,0.893346,0.868296,0.814550,0.076949,0.101300,0.473954,0.447027,0.294703,0.603625,0.737052,0.941188,0.685704,0.967706,0.685455,0.868453
0.322492,0.239260,0.722680,0.614399,0.927954,0.549753,0.476483,0.548762,0.643623,0.612631,0.438002,0.505992,0.361547,0.411320,0.637814,0.772316,0.334655,0.340563,0.612009,0.457680,0.532134,0.298716,0.977344,0.955378,1.250251,0.996642,0.000000,1.195047,0.560169,0.402154,0.541570,0.604489,0.437228,0.399364,0.694066,0.718265,0.710319,0.579598,0.102342,0.094128,0.347464,0.160588,0.262268,0.143530,0.049998,0.213565,0.206052,0.305010,0.258033,0.152882,0.653716,0.521116,0.384989,0.159028,0.238058,0.251953,0.332493,0.293107,0.165990,0.252085,0.426355,0.334164,0.256145,0.213094,0.545001,0.524374,0.687154,0.576499,0.502793,0.585727,0.297584,0.322211,0.454852,0.411178,0.459513,0.597091,0.650409,0.512660,0.016214,0.193756,0.286012,0.366372,0.366784,0.598333,0.496206,0.570769,0.607443,0.695515,0.578977,0.607976
0.549268,0.397278,0.748499,0.851650,0.853799,0.763480,0.638385,0.779272,0.672899,0.791946,0.567691,0.743290,0.480241,0.609483,0.657247,0.929612,0.455806,0.529273,0.771807,0.674122,0.518751,0.423928,0.890147,1.006792,1.049131,1.144392,1.195047,0.000000,0.651491,0.525963,0.652239,0.788733,0.656091,0.601095,0.867611,0.909173,0.693259,0.798745,0.033680,0.078843,0.497670,0.266009,0.435232,0.326546,0.257382,0.463207,0.365363,0.474154,0.330552,0.355116,0.690932,0.683810,0.423175,0.244510,0.317151,0.366257,0.468189,0.407906,0.273603,0.419346,0.540969,0.535863,0.421042,0.388033,0.609882,0.749033,0.901642,0.823553,0.626996,0.735543,0.295334,0.377678,0.569409,0.601629,0.638703,0.800316,0.923931,0.768184,0.069124,0.155027,0.407616,0.470290,0.344472,0.684886,0.634329,0.783913,0.650229,0.780453,0.662306,0.818376
0.732829,0.811025,0.458414,0.742073,0.479176,0.626885,0.588105,0.691235,0.412770,0.610470,0.706871,0.793390,0.549675,0.712113,0.719586,0.715572,1.107562,1.197934,0.801013,0.996837,0.503881,0.424721,0.422697,0.540316,0.397419,0.557753,0.560169,0.651491,0.000000,1.412436,0.507007,0.595638,0.768261,0.953516,0.420141,0.596794,0.622794,0.646089,-0.013839,0.137773,0.526229,0.335890,0.682287,0.680835,0.513690,0.683965,0.622558,0.689913,0.400684,0.531126,0.507414,0.597721,0.621861,0.526836,0.552548,0.754013,0.886036,0.743964,0.655070,0.777728,0.855487,0.814798,1.141129,1.032929,0.356309,0.645267,0.758236,0.864885,0.814541,0.786818,0.486028,0.319171,0.594133,0.762939,0.604836,0.666523,0.647103,0.634796,0.343740,0.463067,0.799926,0.923767,0.700214,1.141885,0.639346,0.697736,0.588626,0.576760,0.647579,0.864801
0.642310,0.786666,0.437703,0.750697,0.431761,0.639658,0.577113,0.746759,0.408578,0.582123,0.541290,0.765825,0.450215,0.680534,0.631252,0.635231,1.048931,1.334791,0.836280,1.065306,0.410689,0.447822,0.427966,0.532409,0.369609,0.543038,0.402154,0.525963,1.412436,0.000000,0.677620,0.756463,0.818210,1.033789,0.356726,0.525124,0.558106,0.511456,0.068092,0.172144,0.392062,0.344291,0.669809,0.687192,0.481704,0.698461,0.582613,0.683669,0.277714,0.479140,0.379193,0.515553,0.558339,0.538555,0.475260,0.709351,0.749273,0.695456,0.534096,0.708281,0.657751,0.747101,1.024961,1.022061,0.355390,0.606098,0.639465,0.791776,0.775472,0.732809,0.482599,0.357849,0.618813,0.745156,0.621828,0.597943,0.484125,0.585483,0.458429,0.501002,0.814859,0.956760,0.681563,0.991916,0.664233,0.685273,0.557454,0.621506,0.514432,0.729022
0.576230,0.519135,0.822341,1.053070,0.595592,0.955704,0.861107,1.090939,0.611899,0.830088,0.429735,0.796176,0.487195,0.673136,0.606128,0.693286,0.590470,0.698376,0.978190,0.899885,0.459968,0.342696,0.855283,0.991405,0.852375,1.125002,0.541570,0.652239,0.507007,0.677620,0.000000,1.675338,1.067304,0.911030,0.655912,0.657024,0.527778,0.490428,0.218900,0.165942,0.455586,0.418238,0.474671,0.428010,0.336573,0.636375,0.410675,0.492351,0.231815,0.338945,0.427314,0.516694,0.375279,0.253760,0.316882,0.396089,0.343762,0.396565,0.256010,0.335905,0.465121,0.561444,0.465120,0.437339,0.620792,0.771988,0.727843,0.731001,0.551771,0.582867,0.486375,0.545851,0.838851,0.752527,0.759503,0.751716,0.606044,0.691986,0.132705,0.175677,0.642100,0.547699,0.307987,0.483086,0.711358,0.810076,0.671572,0.886116,0.532310,0.698235
0.617342,0.521804,0.877043,1.286431,0.655713,1.131578,0.882352,1.326190,0.645474,0.988681,0.516686,0.963569,0.513992,0.776121,0.693480,0.876031,0.613291,0.752375,1.065239,0.983344,0.426052,0.379203,0.930805,1.195357,0.887094,1.323886,0.604489,0.788733,0.595638,0.756463,1.675338,0.000000,1.031095,0.954658,0.770056,0.854612,0.582868,0.564480,0.121807,0.112751,0.491646,0.357839,0.494759,0.429055,0.316568,0.654474,0.414879,0.512495,0.182105,0.352093,0.443407,0.559235,0.334051,0.240205,0.304442,0.399968,0.374132,0.393236,0.218852,0.353047,0.501539,0.666192,0.513922,0.461588,0.718475,0.961511,0.791454,0.813923,0.580775,0.626126,0.499627,0.530292,0.853497,0.786407,0.882153,0.871709,0.714274,0.750138,0.192191,0.153949,0.623116,0.557705,0.365227,0.617044,0.806521,0.997545,0.699086,0.995718,0.593948,0.817240
0.999176,1.079175,0.705479,1.140211,0.536742,0.913200,0.875562,1.047877,0.496120,0.782325,0.556809,0.908315,0.575970,0.821163,0.675930,0.664939,0.935644,1.007902,1.096516,1.380187,0.437532,0.340919,0.625273,0.771341,0.594653,0.793076,0.437228,0.656091,0.768261,0.818210,1.067304,1.031095,0.000000,1.755670,0.581151,0.648033,0.643070,0.667178,0.153104,0.249695,0.559272,0.505598,0.816392,0.809935,0.691000,1.002726,0.772733,0.832019,0.491664,0.664397,0.640440,0.777365,0.721677,0.561609,0.731698,0.806810,0.850588,0.868552,0.620956,0.686551,0.858480,0.903406,0.958276,0.856893,0.508507,0.808834,1.160455,1.131321,1.069531,1.027891,0.627029,0.588686,0.826811,0.931022,0.769224,0.839305,0.644286,0.712297,0.317227,0.301108,0.997299,0.971509,0.485379,0.737649,0.948164,1.056379,0.781829,0.934672,0.760280,0.945250
0.986476,1.278724,0.604564,1.123088,0.469343,0.899217,0.778061,1.000529,0.427895,0.771140,0.537284,0.874865,0.528798,0.804678,0.650802,0.638802,1.212556,1.211090,1.022877,1.549795,0.442391,0.302595,0.500960,0.650785,0.506620,0.720211,0.399364,0.601095,0.953516,1.033789,0.911030,0.954658,1.755670,0.000000,0.476039,0.611702,0.584339,0.646480,0.201666,0.300750,0.524943,0.550034,0.939737,0.955391,0.779393,1.112180,0.889921,0.942892,0.506295,0.768569,0.592307,0.806079,0.805886,0.684563,0.809286,0.936635,1.016270,1.005715,0.735108,0.875797,0.882204,1.005014,1.171289,1.112821,0.411540,0.786755,1.064719,1.229203,1.156394,1.090798,0.611908,0.494287,0.749933,0.918763,0.722813,0.790359,0.596704,0.669985,0.298652,0.422601,1.153767,1.172423,0.565421,0.832754,0.924137,0.950354,0.753488,0.814588,0.705601,0.927157
0.573254,0.258168,0.796628,0.800793,0.900423,0.665913,0.751894,0.887902,0.806710,0.815995,0.675361,0.789745,0.662952,0.649445,0.726415,0.938004,0.283977,0.347142,0.764590,0.497691,0.214991,0.218250,0.932156,1.006834,0.843404,0.957311,0.694066,0.867611,0.420141,0.356726,0.655912,0.770056,0.581151,0.476039,0.000000,1.316776,0.447363,0.465580,-0.000978,-0.039737,0.296222,0.069868,0.382114,0.169035,0.258221,0.443347,0.232196,0.346489,0.333723,0.264328,0.699326,0.544448,0.289542,0.057947,0.180699,0.168729,0.239437,0.211855,0.115493,0.200057,0.582439,0.509762,0.335642,0.193736,1.011402,0.943216,0.737935,0.629909,0.381174,0.463243,0.262012,0.316548,0.459608,0.429231,0.604739,0.588890,0.849630,0.761146,0.117433,-0.014225,0.298995,0.282363,0.309929,0.556020,0.607412,0.691714,0.587138,0.757419,0.758330,0.725790
0.590223,0.384500,0.659518,0.976358,0.830010,0.765917,0.693468,1.039619,0.724928,1.018935,0.593394,1.001656,0.534418,0.840573,0.661833,1.067925,0.432068,0.500894,0.831710,0.637148,0.325488,0.271750,0.817781,1.048723,0.794082,0.996704,0.718265,0.909173,0.596794,0.525124,0.657024,0.854612,0.648033,0.611702,1.316776,0.000000,0.496629,0.480261,0.100134,0.050142,0.236131,0.125706,0.480301,0.289202,0.312294,0.618334,0.280665,0.431569,0.308934,0.456349,0.619324,0.699430,0.311844,0.167386,0.238468,0.275781,0.370061,0.316819,0.189870,0.389742,0.608394,0.786214,0.475067,0.385052,0.825260,1.259803,0.783606,0.817717,0.516649,0.608187,0.321337,0.311224,0.521641,0.495385,0.632774,0.694812,0.806000,0.707637,0.126470,0.104861,0.400180,0.415697,0.358538,0.684182,0.687598,0.881267,0.609573,0.745774,0.739309,0.945525
0.508923,0.479932,0.553875,0.632952,0.458055,0.586788,0.480685,0.542639,0.395252,0.563663,0.450345,0.513436,0.333702,0.448197,0.524940,0.546408,0.415862,0.536815,0.652474,0.636717,0.302892,0.624909,0.628266,0.665140,0.627162,0.664859,0.710319,0.693259,0.622794,0.558106,0.527778,0.582868,0.643070,0.584339,0.447363,0.496629,0.000000,0.641915,0.117507,0.263903,0.355680,0.199972,0.290651,0.287390,0.155743,0.316589,0.209069,0.252003,0.252677,0.218304,0.430542,0.405921,0.396982,0.206956,0.381904,0.374003,0.485898,0.474695,0.281717,0.393188,0.465379,0.471806,0.420238,0.390927,0.371241,0.486477,0.655309,0.568839,0.607088,0.669974,0.477948,0.448259,0.553514,0.526428,0.561172,0.584740,0.617160,0.575104,0.387199,0.170904,0.394304,0.447778,0.346606,0.510828,0.579004,0.752729,0.452027,0.784231,0.672463,0.664619
0.551653,0.634571,0.555033,0.701512,0.419349,0.625467,0.485207,0.574570,0.359974,0.548425,0.479835,0.589103,0.381295,0.591764,0.495291,0.566043,0.559410,0.590816,0.639671,0.739468,0.573503,0.349129,0.526363,0.626995,0.491833,0.653278,0.579598,0.798745,0.646089,0.511456,0.490428,0.564480,0.667178,0.646480,0.465580,0.480261,0.641915,0.000000,-0.038691,0.164767,0.894316,0.585511,0.555250,0.480757,0.384194,0.497813,0.566124,0.561598,0.418507,0.494806,0.604784,0.669847,0.548987,0.464610,0.493236,0.596954,0.531884,0.498837,0.466082,0.545775,0.482964,0.580785,0.554335,0.579597,0.266987,0.500788,0.672994,0.716969,0.619177,0.687901,0.369993,0.398491,0.628936,0.717963,0.585188,0.747433,0.919410,0.836912,0.067507,0.199901,0.610677,0.572890,0.353241,0.729585,0.486462,0.563101,0.621531,0.547530,0.544324,0.779509
0.025949,0.207587,0.006082,0.135842,-0.047829,0.104611,0.026404,0.118534,-0.030596,0.181242,-0.149565,0.071387,-0.025854,0.113387,-0.086803,0.121643,0.248937,0.006300,0.030072,0.048559,0.158117,-0.121152,0.053245,0.090268,0.155654,0.100830,0.102342,0.033680,-0.013839,0.068092,0.218900,0.121807,0.153104,0.201666,-0.000978,0.100134,0.117507,-0.038691,0.000000,0.759994,-0.279899,0.556145,0.059266,0.032592,0.033353,0.137274,0.026935,0.072786,0.053263,0.149114,0.013133,0.177477,0.185163,0.015814,0.211571,0.084638,0.095743,0.164792,0.024209,0.111685,-0.063160,0.099064,0.050639,0.091877,-0.113674,0.137866,0.036898,0.169741,0.131032,0.168623,-0.033593,0.097482,0.038280,0.079687,0.015117,0.055790,-0.055374,0.009596,-0.529144,0.523191,0.320634,0.257316,0.141766,-0.015205,0.108038,0.039822,0.244521,0.032627,0.065416,0.093493
0.142618,0.335784,0.091655,0.195982,-0.074599,0.119276,0.054653,0.105896,-0.089664,0.061782,-0.068698,0.087943,0.015996,0.146859,-0.028845,0.016485,0.298570,0.160835,0.087244,0.150483,0.076543,0.040035,0.056849,0.080950,0.086036,0.069324,0.094128,0.078843,0.137773,0.172144,0.165942,0.112751,0.249695,0.300750,-0.039737,0.050142,0.263903,0.164767,0.759994,0.000000,-0.149634,0.672901,0.133422,0.206976,0.055346,0.174714,0.154543,0.190414,0.117896,0.182192,0.067757,0.246006,0.253899,0.099785,0.333077,0.288003,0.199141,0.245684,0.105706,0.173879,0.016733,0.100946,0.162032,0.179933,-0.212710,0.076228,0.157326,0.230483,0.221150,0.206761,0.252922,0.220205,0.158697,0.260424,0.135919,0.213025,-0.070399,-0.028008,-0.093037,0.470280,0.457119,0.368751,0.282853,0.139940,0.073460,0.164404,0.199024,0.151647,0.098781,0.135912
0.458332,0.498950,0.423837,0.489466,0.300349,0.517095,0.410053,0.450473,0.260777,0.446694,0.405609,0.448387,0.342546,0.450162,0.496133,0.442981,0.534326,0.606467,0.472926,0.599763,0.513779,0.175276,0.386766,0.448830,0.330057,0.487774,0.347464,0.497670,0.526229,0.392062,0.455586,0.491646,0.559272,0.524943,0.296222,0.236131,0.355680,0.894316,-0.279899,-0.149634,0.000000,0.391577,0.464831,0.456465,0.387679,0.419330,0.550762,0.497743,0.297795,0.355808,0.404148,0.383400,0.377666,0.422092,0.376376,0.532561,0.488064,0.435334,0.434240,0.428885,0.417842,0.474374,0.469461,0.492431,0.235435,0.357154,0.483807,0.451509,0.476642,0.463964,0.195808,0.217539,0.537791,0.636671,0.506001,0.556656,0.653047,0.547971,0.062571,0.122418,0.508278,0.438444,0.266520,0.579103,0.466470,0.371185,0.553670,0.374679,0.373307,0.533009
0.227949,0.549761,0.189690,0.383753,0.094638,0.312020,0.185416,0.309623,0.062065,0.284545,0.061644,0.272967,0.124495,0.343801,0.122927,0.261048,0.644278,0.427917,0.282335,0.438422,0.461465,-0.038297,0.225841,0.280483,0.215657,0.255482,0.160588,0.266009,0.335890,0.344291,0.418238,0.357839,0.505598,0.550034,0.069868,0.125706,0.199972,0.585511,0.556145,0.672901,0.391577,0.000000,0.418523,0.435782,0.275741,0.428579,0.495755,0.524235,0.172437,0.389900,0.194082,0.391627,0.453333,0.381811,0.456951,0.535042,0.426241,0.444316,0.299037,0.348883,0.117652,0.291556,0.387198,0.435240,-0.111549,0.235908,0.322575,0.472978,0.449751,0.456167,0.175986,0.266764,0.407838,0.602218,0.342819,0.458925,0.189837,0.196215,-0.273812,0.727740,0.977902,0.709410,0.455295,0.485605,0.323476,0.279830,0.584735,0.267157,0.112782,0.349299
0.668932,0.845666,0.366830,0.660996,0.360824,0.539801,0.466794,0.588850,0.308495,0.511675,0.346109,0.591996,0.386152,0.597428,0.483946,0.468875,0.778505,0.828410,0.650903,0.924122,0.293165,0.079972,0.307703,0.402094,0.281612,0.404452,0.262268,0.435232,0.682287,0.669809,0.474671,0.494759,0.816392,0.939737,0.382114,0.480301,0.290651,0.555250,0.059266,0.133422,0.464831,0.418523,0.000000,1.572973,1.348684,1.234677,1.598287,1.505446,0.715879,1.012975,0.721061,0.870305,0.934750,0.948011,0.957248,1.179559,0.786450,0.736648,0.969759,0.973285,0.642662,0.754324,0.909923,0.947560,0.258181,0.531213,0.860594,1.054996,0.818395,0.747040,0.266231,0.165034,0.395639,0.485475,0.417040,0.435595,0.495738,0.491842,0.193096,0.388456,0.832704,0.878618,0.507834,0.727936,0.550511,0.508047,0.580368,0.492374,0.473828,0.664457
0.580428,0.902496,0.222070,0.561291,0.166597,0.495624,0.324619,0.460679,0.106656,0.396583,0.212015,0.455897,0.248310,0.480784,0.357623,0.312710,0.797911,0.876559,0.482262,0.866761,0.279029,0.114124,0.138601,0.256661,0.158569,0.318646,0.143530,0.326546,0.680835,0.687192,0.428010,0.429055,0.809935,0.955391,0.169035,0.289202,0.287390,0.480757,0.032592,0.206976,0.456465,0.435782,1.572973,0.000000,1.266426,1.191015,1.527423,1.438766,0.563324,0.959447,0.516986,0.754278,0.795074,1.009334,0.974435,1.449416,0.859090,0.840905,0.929991,0.973381,0.535592,0.668150,0.885700,1.017333,0.064375,0.368813,0.780579,0.974138,0.803332,0.699235,0.284349,0.127226,0.360746,0.458297,0.342622,0.368805,0.327620,0.363389,0.275130,0.373451,0.853452,0.890764,0.452783,0.610662,0.477737,0.492942,0.438992,0.421943,0.338116,0.568915
0.775451,0.841721,0.293187,0.548971,0.218480,0.490989,0.479809,0.503856,0.223751,0.423746,0.331463,0.504067,0.399165,0.514783,0.385566,0.295144,0.629612,0.613584,0.512258,0.779293,0.196967,0.042815,0.133006,0.221290,0.109833,0.250166,0.049998,0.257382,0.513690,0.481704,0.336573,0.316568,0.691000,0.779393,0.258221,0.312294,0.155743,0.384194,0.033353,0.055346,0.387679,0.275741,1.348684,1.266426,0.000000,1.310694,1.110785,0.976366,0.877157,1.157669,0.675120,0.836483,0.779204,0.866285,0.881592,0.990315,0.677984,0.639745,1.094512,0.966646,0.713937,0.746179,0.810730,0.886862,0.247024,0.444747,0.734057,0.827549,0.665360,0.589837,0.221373,0.151884,0.355627,0.425531,0.318648,0.330380,0.410503,0.435131,0.160643,0.211992,0.609696,0.656515,0.301683,0.440453,0.465319,0.377029,0.425415,0.303551,0.453938,0.579065
0.853499,0.956597,0.443412,0.999720,0.342530,0.841504,0.645513,0.914967,0.318630,0.746065,0.351438,0.800230,0.383641,0.770634,0.462031,0.532371,0.821633,0.857392,0.769131,1.129562,0.349562,0.147186,0.345916,0.527909,0.327498,0.557152,0.213565,0.463207,0.683965,0.698461,0.636375,0.654474,1.002726,1.112180,0.443347,0.618334,0.316589,0.497813,0.137274,0.174714,0.419330,0.428579,1.234677,1.191015,1.310694,0.000000,0.972846,1.007266,0.704547,1.355279,0.648563,1.133281,0.721005,0.725733,0.828409,1.021237,0.772881,0.700786,0.905563,1.018247,0.727367,0.998640,0.944024,1.006236,0.348404,0.822715,1.013306,1.361031,0.833577,0.793608,0.405066,0.351703,0.536546,0.607203,0.523445,0.541342,0.492167,0.504053,0.206278,0.357375,0.873021,0.863765,0.452112,0.677345,0.688013,0.721294,0.613913,0.569411,0.561850,0.901719
0.564772,0.853643,0.287659,0.534867,0.249336,0.466649,0.357367,0.446053,0.184086,0.396813,0.290969,0.458187,0.314558,0.493967,0.429116,0.370902,0.753845,0.787462,0.491811,0.812163,0.338196,0.002979,0.198336,0.283560,0.221957,0.319188,0.206052,0.365363,0.622558,0.582613,0.410675,0.414879,0.772733,0.889921,0.232196,0.280665,0.209069,0.566124,0.026935,0.154543,0.550762,0.495755,1.598287,1.527423,1.110785,0.972846,0.000000,1.767236,0.641230,0.892641,0.628186,0.737025,0.982856,1.109853,1.104257,1.387099,0.852797,0.829894,0.945232,0.923129,0.563126,0.641094,0.824954,0.921431,0.132068,0.375214,0.759177,0.894761,0.842336,0.725268,0.213203,0.085928,0.331886,0.464714,0.310376,0.348813,0.371066,0.397159,0.158167,0.384081,0.840084,0.865657,0.489030,0.660312,0.501464,0.392602,0.577962,0.421987,0.368467,0.552872
0.574795,0.860365,0.300981,0.612089,0.350771,0.491286,0.374267,0.526593,0.247269,0.471143,0.319489,0.559665,0.331915,0.562885,0.499857,0.497979,0.819391,0.886178,0.558780,0.869807,0.392149,0.029998,0.276212,0.379259,0.314134,0.417040,0.305010,0.474154,0.689913,0.683669,0.492351,0.512495,0.832019,0.942892,0.346489,0.431569,0.252003,0.561598,0.072786,0.190414,0.497743,0.524235,1.505446,1.438766,0.976366,1.007266,1.767236,0.000000,0.566421,0.875233,0.609329,0.767353,0.910860,1.034714,0.929623,1.325460,0.895806,0.860549,0.838198,0.909635,0.559743,0.673830,0.854338,0.924595,0.181209,0.472369,0.825996,1.002215,0.905730,0.784113,0.204707,0.099295,0.361501,0.498900,0.380793,0.417456,0.372453,0.403505,0.147636,0.435278,0.924546,0.956441,0.543759,0.776761,0.561268,0.479743,0.652257,0.511685,0.390852,0.627904
0.855836,0.644029,0.555945,0.538668,0.406734,0.462090,0.680543,0.473077,0.464422,0.408100,0.475969,0.500830,0.579179,0.531093,0.563300,0.317623,0.342842,0.316989,0.571562,0.582443,0.240663,0.091599,0.301183,0.289763,0.237276,0.235551,0.258033,0.330552,0.400684,0.277714,0.231815,0.182105,0.491664,0.506295,0.333723,0.308934,0.252677,0.418507,0.053263,0.117896,0.297795,0.172437,0.715879,0.563324,0.877157,0.704547,0.641230,0.566421,0.000000,0.908334,1.174837,0.934484,0.979235,0.623989,0.778572,0.628694,0.465091,0.419441,1.061594,0.713893,0.950449,0.616450,0.570025,0.566955,0.411377,0.437876,0.666078,0.601614,0.557697,0.477280,0.237675,0.202082,0.355036,0.358959,0.290780,0.327490,0.471904,0.458414,0.114594,0.087661,0.383963,0.418636,0.355098,0.368785,0.376503,0.275005,0.438896,0.343380,0.717146,0.576972
