0.000000,1.380726,0.656639,0.548451,0.329526,0.452770,0.565384,0.350942,0.331265,0.412879,0.831146,0.556789,0.509973,0.357675,0.531927,0.306257,1.004842,0.851675,0.769351,1.053748,0.480649,0.550404,0.480775,0.352848,0.151540,0.275265,0.114305,0.322476,0.624117,0.537528,0.328885,0.345669,1.049188,0.877543,0.388719,0.350999,0.719000,0.368263,0.426225,0.618427,0.605390,0.536277,0.575276,0.518647,0.670586,0.703367,0.637832,0.621061,0.884588,0.834055,0.802360,0.703347,0.849589,0.659629,0.943094,0.643485,1.580903,1.335278,1.178871,0.896769,0.675273,0.494484,0.455554,0.487748,0.357700,0.441900,0.982540,0.817231,1.409386,1.258529,0.229838,0.271312,0.570489,0.537360,0.298584,0.382736,0.583886,0.567616,0.972014,0.802734,0.883137,0.642437,0.584721,0.466174,0.856154,0.458720,0.620267,0.092495,0.845511,0.670166
1.380726,0.000000,0.491994,0.548204,0.336294,0.554444,0.379418,0.406758,0.290401,0.442900,0.665642,0.666494,0.460198,0.495548,0.528019,0.407793,1.088705,1.092390,0.490785,1.051897,0.495481,0.553466,0.379093,0.355062,0.121570,0.243859,0.176714,0.372851,0.713682,0.725921,0.322459,0.381801,0.997195,0.917500,0.189604,0.222050,0.573481,0.397735,0.313318,0.619406,0.495952,0.618403,0.539657,0.521895,0.628431,0.712200,0.663989,0.668675,0.890349,0.793808,0.784326,0.667965,0.883751,0.685691,0.930849,0.761553,1.360275,1.629593,1.014718,0.913680,0.484073,0.528995,0.408983,0.588622,0.203364,0.359816,0.800622,0.750529,1.411658,1.276624,0.285553,0.278640,0.517191,0.640138,0.367755,0.443551,0.520577,0.552940,1.007858,0.855952,0.953505,0.823057,0.521032,0.546656,0.695655,0.529061,0.626401,0.203077,0.745227,0.615163
0.656639,0.491994,0.000000,1.018715,0.696989,0.572377,1.238568,0.643835,0.669285,0.748467,0.733275,0.483339,0.693443,0.450488,0.755510,0.561589,0.413740,0.375925,1.027246,0.756261,0.409624,0.508491,0.998785,0.794499,0.556676,0.466633,0.410914,0.497939,0.330293,0.325994,0.661747,0.500578,0.799797,0.654294,0.600162,0.601403,0.694636,0.391850,0.443688,0.535618,0.433177,0.469798,0.700208,0.580533,0.545224,0.616077,0.724992,0.684147,0.601116,0.690603,0.795382,0.707500,0.771871,0.611129,0.825109,0.605647,0.478394,0.496820,0.859613,0.636511,0.831476,0.492089,0.527523,0.422370,0.686185,0.688826,0.967382,0.833963,0.557565,0.591080,0.610503,0.571945,0.763952,0.626050,0.545666,0.502655,0.905407,0.800214,0.531925,0.567895,0.621376,0.577181,0.472582,0.417244,0.949071,0.592309,0.696690,0.378247,0.983626,0.759899
0.548451,0.548204,1.018715,0.000000,0.727504,1.035801,0.911107,1.426101,0.439164,1.174596,0.736389,0.889080,0.743093,0.862507,0.743218,0.800744,0.551883,0.592008,0.657273,0.997434,0.552118,0.624808,0.634850,1.012951,0.287830,0.349145,0.346618,0.526570,0.547453,0.665525,0.690954,0.721962,0.935543,1.040778,0.343635,0.773145,0.503175,0.429648,0.295944,0.537627,0.389044,0.544533,0.981286,0.780346,0.749928,0.998586,1.176838,1.091847,0.746466,0.911390,0.819585,0.903473,1.011927,0.912554,1.043789,1.018346,0.467016,0.526612,0.783093,0.879822,0.701543,0.990301,0.780871,0.872960,0.432596,0.934369,0.841370,1.229318,0.437202,0.624696,0.666181,0.389819,0.777499,0.951071,0.804263,0.623156,1.019907,1.040907,0.587915,0.660315,0.826814,0.827176,0.504112,0.512126,0.827346,0.874734,0.789853,0.494550,0.793890,0.955341
0.329526,0.336294,0.696989,0.727504,0.000000,0.734146,0.783630,0.672624,0.982418,0.712093,0.541240,0.447103,0.711508,0.489830,0.649455,0.505998,0.423752,0.367437,0.501113,0.637730,0.338489,0.277629,0.666718,0.688666,0.613476,0.413829,0.444813,0.364735,0.462624,0.417369,0.369884,0.334153,0.631489,0.618756,0.264053,0.511159,0.255760,0.098486,0.267388,0.206383,0.212384,0.187177,0.551870,0.392366,0.499355,0.515954,0.622802,0.539938,0.516795,0.508520,0.515869,0.486970,0.601585,0.523512,0.584595,0.466991,0.371344,0.384050,0.585573,0.565074,0.799128,0.684139,0.580295,0.616733,0.633051,0.772866,0.574267,0.626584,0.294735,0.444163,0.514591,0.341466,0.453746,0.421756,0.581488,0.472111,0.623615,0.577504,0.468695,0.496211,0.606318,0.494688,0.397028,0.239598,0.677856,0.530549,0.467838,0.194505,0.709780,0.660173
0.452770,0.554444,0.572377,1.035801,0.734146,0.000000,0.609985,1.047729,0.387647,1.170695,0.626879,1.095460,0.765189,1.079357,0.780245,0.909134,0.559452,0.801187,0.369008,0.802292,0.827205,0.746484,0.481084,0.841583,0.133036,0.335244,0.458531,0.758451,0.635795,0.904974,0.505636,0.665202,0.778168,0.875703,0.138805,0.547672,0.310840,0.397105,0.161261,0.334417,0.155250,0.487692,0.877296,0.647532,0.613561,0.824969,1.099554,1.035433,0.588139,0.688989,0.523563,0.586909,0.886623,0.876940,0.792311,0.993616,0.442056,0.556599,0.668310,0.729516,0.530199,0.915084,0.677693,0.916318,0.298968,0.723796,0.571469,0.882155,0.345775,0.577817,0.602572,0.298159,0.571765,0.904846,0.700583,0.658001,0.742493,0.749836,0.567271,0.602382,0.745344,0.819828,0.332154,0.340165,0.557898,0.701464,0.680752,0.481890,0.560015,0.809934
0.565384,0.379418,1.238568,0.911107,0.783630,0.609985,0.000000,0.877773,0.851363,0.858947,0.927882,0.585222,1.029628,0.546391,0.807821,0.559719,0.362900,0.389580,0.881427,0.739948,0.322123,0.361968,0.772816,0.640215,0.366899,0.219403,0.319036,0.453527,0.337296,0.394957,0.496390,0.454592,0.764433,0.698633,0.459050,0.614568,0.415085,0.223971,0.254726,0.296016,0.316863,0.417207,0.655181,0.484394,0.588538,0.642643,0.711063,0.612449,0.556840,0.637723,0.600983,0.580722,0.623623,0.526542,0.668122,0.512633,0.380138,0.341409,0.755791,0.593980,1.072110,0.690496,0.649049,0.543996,0.807464,0.931611,0.760479,0.744984,0.389476,0.445089,0.454356,0.371202,0.707790,0.572513,0.495244,0.540194,0.772558,0.722910,0.453378,0.456796,0.589033,0.597171,0.378347,0.350828,0.841068,0.628343,0.547307,0.311787,0.777384,0.730718
0.350942,0.406758,0.643835,1.426101,0.672624,1.047729,0.877773,0.000000,0.446162,1.214692,0.667057,1.084040,0.804841,1.079614,0.661004,0.774097,0.435999,0.592064,0.362753,0.801239,0.438293,0.460484,0.347595,0.709731,0.109719,0.146762,0.252407,0.483468,0.533970,0.786103,0.520083,0.694431,0.766464,0.974522,0.114471,0.668962,0.237065,0.360219,0.091956,0.333714,0.213058,0.533547,0.805354,0.638718,0.658059,0.899533,1.028714,0.895093,0.592194,0.700865,0.561144,0.644094,0.775752,0.713592,0.767515,0.849487,0.292710,0.341925,0.595427,0.717987,0.649474,1.225300,0.813610,1.057195,0.336885,0.953504,0.553242,0.908332,0.221529,0.381630,0.483225,0.223657,0.604688,0.882659,0.696548,0.639605,0.758107,0.846439,0.435728,0.500076,0.693124,0.792699,0.349258,0.427869,0.567564,0.835084,0.560663,0.443304,0.535703,0.815194
0.331265,0.290401,0.669285,0.439164,0.982418,0.387647,0.851363,0.446162,0.000000,0.539853,0.580122,0.216150,0.722479,0.245489,0.703393,0.285581,0.291858,0.233050,0.501618,0.429682,0.144254,0.154467,0.616098,0.391383,0.704415,0.347384,0.320105,0.322769,0.256611,0.178499,0.208275,0.138690,0.466814,0.405144,0.370378,0.427450,0.330252,0.087101,0.314595,0.197442,0.296526,0.221946,0.334106,0.282769,0.360581,0.338858,0.361562,0.323991,0.402918,0.387599,0.464421,0.386505,0.384241,0.263497,0.435279,0.263240,0.335257,0.313157,0.562335,0.423388,0.902859,0.503625,0.333495,0.298697,0.874572,0.760530,0.518961,0.431971,0.341574,0.358821,0.342329,0.235648,0.384240,0.246299,0.295787,0.347064,0.535375,0.442295,0.428061,0.326173,0.406121,0.292655,0.290610,0.230657,0.645332,0.353562,0.380007,0.148713,0.760594,0.528008
0.412879,0.442900,0.748467,1.174596,0.712093,1.170695,0.858947,1.214692,0.539853,0.000000,0.698052,0.835563,0.853708,0.927731,0.941095,1.001621,0.483957,0.634126,0.498109,0.716308,0.588783,0.557498,0.570488,0.898558,0.192962,0.363794,0.456052,0.784344,0.489342,0.685253,0.499002,0.617418,0.695341,0.746961,0.229668,0.575645,0.345520,0.418595,0.221253,0.390296,0.243127,0.563854,0.689733,0.545104,0.495911,0.652194,0.866197,0.801716,0.491795,0.549149,0.516498,0.562126,0.741779,0.692749,0.691170,0.816079,0.365218,0.413675,0.594532,0.603167,0.636244,0.841960,0.697495,0.726881,0.530727,0.992370,0.505156,0.738356,0.332958,0.476835,0.587027,0.317785,0.587701,0.803429,0.586776,0.566563,0.751667,0.725881,0.516711,0.543694,0.650827,0.784557,0.367938,0.439325,0.681107,0.798727,0.660446,0.555499,0.642608,0.810967
0.831146,0.665642,0.733275,0.736389,0.541240,0.626879,0.927882,0.667057,0.580122,0.698052,0.000000,0.799183,1.348303,0.695845,0.999476,0.688570,0.800960,0.831325,0.724986,0.884620,0.510285,0.514273,0.640669,0.591230,0.223079,0.168665,0.348112,0.594439,0.815404,0.725095,0.575427,0.649051,0.979894,0.874221,0.318965,0.433752,0.491492,0.237702,0.217254,0.329600,0.412821,0.580381,0.643923,0.476495,0.604891,0.678216,0.693611,0.642631,0.585994,0.620376,0.522558,0.556162,0.701226,0.571625,0.751006,0.604448,0.705096,0.679972,0.872991,0.754798,0.846511,0.693853,0.828658,0.693020,0.493119,0.666616,0.760022,0.809798,0.590089,0.701997,0.452289,0.382848,0.775017,0.694745,0.479960,0.615109,0.669014,0.657122,0.762450,0.636623,0.975515,0.793287,0.487595,0.573502,0.836378,0.611514,0.694168,0.401791,0.779274,0.778475
0.556789,0.666494,0.483339,0.889080,0.447103,1.095460,0.585222,1.084040,0.216150,0.835563,0.799183,0.000000,0.816010,1.589933,0.686519,0.877337,0.599186,0.945551,0.293066,0.818249,0.669386,0.676919,0.310464,0.592497,-0.081401,0.108519,0.279006,0.649562,0.740405,1.109421,0.473594,0.694447,0.789020,0.901559,0.014372,0.389451,0.280628,0.408363,-0.000396,0.327392,0.186097,0.620512,0.711780,0.535153,0.525497,0.778468,0.932223,0.858060,0.547652,0.659924,0.487441,0.555754,0.844891,0.733602,0.769039,0.859166,0.445678,0.561291,0.701792,0.746836,0.508067,0.948709,0.838248,1.159681,0.142120,0.575099,0.560837,0.821461,0.369275,0.510493,0.516240,0.374915,0.684970,1.060126,0.660877,0.729710,0.633450,0.735793,0.508434,0.559809,0.775628,0.860128,0.252611,0.365042,0.495920,0.654151,0.597987,0.376865,0.467687,0.661872
0.509973,0.460198,0.693443,0.743093,0.711508,0.765189,1.029628,0.804841,0.722479,0.853708,1.348303,0.816010,0.000000,0.858637,1.151843,0.831225,0.475855,0.634033,0.596623,0.674435,0.502576,0.439776,0.715200,0.711266,0.278042,0.181005,0.558217,0.738346,0.589389,0.639998,0.484655,0.591147,0.705364,0.673588,0.262338,0.395858,0.293654,0.170270,0.066298,0.135601,0.182564,0.412558,0.549765,0.367505,0.466681,0.546318,0.637374,0.574917,0.424492,0.473323,0.394764,0.443642,0.616672,0.510955,0.611348,0.556370,0.405829,0.438550,0.673512,0.609250,0.865359,0.759784,0.879356,0.721523,0.610211,0.805755,0.555892,0.639250,0.364366,0.466821,0.570563,0.385126,0.615856,0.603950,0.488630,0.568492,0.599551,0.599045,0.471860,0.458095,0.700344,0.716612,0.301862,0.338578,0.735147,0.616428,0.640919,0.365822,0.707909,0.751531
0.357675,0.495548,0.450488,0.862507,0.489830,1.079357,0.546391,1.079614,0.245489,0.927731,0.695845,1.589933,0.858637,0.000000,0.790234,1.136951,0.460148,0.766708,0.221026,0.666246,0.709990,0.609009,0.389125,0.761798,0.023905,0.221024,0.437663,0.801723,0.612658,0.953157,0.529921,0.767452,0.627469,0.715938,0.003137,0.377539,0.160926,0.383975,-0.050171,0.250544,0.085647,0.587782,0.616345,0.432926,0.368042,0.591334,0.825271,0.772830,0.360810,0.474230,0.388486,0.480714,0.802292,0.690444,0.665107,0.815203,0.308948,0.428744,0.516777,0.609046,0.414171,0.882582,0.755948,1.016696,0.174097,0.625089,0.403361,0.689260,0.233904,0.410011,0.561092,0.366658,0.551052,0.890574,0.628926,0.758834,0.569089,0.680470,0.425823,0.470865,0.663879,0.824480,0.210812,0.355774,0.470629,0.732576,0.568170,0.464471,0.475534,0.667496
0.531927,0.528019,0.755510,0.743218,0.649455,0.780245,0.807821,0.661004,0.703393,0.941095,0.999476,0.686519,1.151843,0.790234,0.000000,1.031743,0.533061,0.656320,0.713421,0.724675,0.597176,0.565912,0.999338,0.887691,0.433080,0.423202,0.725151,1.044504,0.518761,0.601257,0.639929,0.663943,0.686144,0.621491,0.463232,0.459750,0.443742,0.355490,0.218489,0.373070,0.320380,0.556815,0.646859,0.499067,0.476402,0.534202,0.686671,0.681772,0.407002,0.448110,0.422314,0.447433,0.674888,0.536321,0.648895,0.627698,0.447853,0.550240,0.631524,0.618721,0.611247,0.605152,0.596755,0.564002,0.672452,0.732836,0.546415,0.660233,0.435448,0.568964,0.665153,0.492008,0.722569,0.707184,0.534903,0.658576,0.741149,0.641088,0.653714,0.566259,0.664144,0.662897,0.392464,0.477629,0.788404,0.562405,0.770389,0.526313,0.887044,0.745778
0.306257,0.407793,0.561589,0.800744,0.505998,0.909134,0.559719,0.774097,0.285581,1.001621,0.688570,0.877337,0.831225,1.136951,1.031743,0.000000,0.461770,0.683149,0.409295,0.675382,0.700114,0.702317,0.694894,1.042879,0.207171,0.362323,0.833777,1.153146,0.513298,0.824716,0.752697,0.882090,0.556112,0.544179,0.177672,0.360318,0.281885,0.538547,0.122124,0.392605,0.173899,0.647595,0.625319,0.425486,0.336874,0.453694,0.715427,0.706801,0.275681,0.325165,0.300758,0.366010,0.672217,0.605684,0.573300,0.764209,0.272548,0.400306,0.394332,0.479836,0.311858,0.548282,0.578779,0.639453,0.289140,0.524528,0.299180,0.531169,0.241963,0.419367,0.716449,0.539348,0.656908,0.874214,0.658247,0.750880,0.632968,0.690710,0.480592,0.584162,0.643060,0.913791,0.372854,0.557409,0.555982,0.761693,0.715552,0.752355,0.563546,0.688270
1.004842,1.088705,0.413740,0.551883,0.423752,0.559452,0.362900,0.435999,0.291858,0.483957,0.800960,0.599186,0.475855,0.460148,0.533061,0.461770,0.000000,1.310853,0.381439,0.937809,0.503473,0.529598,0.310821,0.338196,0.162460,0.247106,0.147358,0.343198,1.171469,0.994589,0.461312,0.474007,1.071882,0.976255,0.157053,0.298388,0.529456,0.432101,0.423308,0.630763,0.588817,0.656930,0.553332,0.473597,0.599286,0.651059,0.635882,0.590146,0.722966,0.638282,0.590528,0.611659,0.700556,0.607789,0.729523,0.627083,1.307364,1.246848,0.829961,0.818904,0.482689,0.548227,0.539596,0.665057,0.204475,0.397724,0.640114,0.703115,0.848874,0.991992,0.246201,0.212814,0.511330,0.658037,0.395031,0.427814,0.437229,0.438715,1.345172,1.072498,1.217997,0.877283,0.792000,0.736700,0.622450,0.578880,0.625532,0.301975,0.595549,0.674977
0.851675,1.092390,0.375925,0.592008,0.367437,0.801187,0.389580,0.592064,0.233050,0.634126,0.831325,0.945551,0.634033,0.766708,0.656320,0.683149,1.310853,0.000000,0.334659,0.935794,0.720876,0.741094,0.298234,0.386324,-0.029634,0.176183,0.177864,0.538685,1.029313,1.416426,0.463023,0.586244,1.012307,1.005376,0.033866,0.263342,0.398200,0.507674,0.240145,0.555320,0.402071,0.835884,0.627455,0.493481,0.588662,0.700158,0.748097,0.732597,0.627257,0.567083,0.419375,0.445138,0.695764,0.663723,0.688013,0.781530,0.965686,1.130225,0.702848,0.742535,0.383652,0.615646,0.575225,0.828746,0.160026,0.407262,0.491811,0.677033,0.697078,0.885362,0.260381,0.186703,0.554776,0.900438,0.464742,0.602867,0.411693,0.451788,0.994431,0.946492,1.050620,1.014278,0.558268,0.671477,0.516003,0.563094,0.686581,0.422721,0.479785,0.637571
0.769351,0.490785,1.027246,0.657273,0.501113,0.369008,0.881427,0.362753,0.501618,0.498109,0.724986,0.293066,0.596623,0.221026,0.713421,0.409295,0.381439,0.334659,0.000000,0.790691,0.314459,0.448850,0.973327,0.602923,0.381946,0.336503,0.337267,0.367413,0.278737,0.216471,0.497804,0.374159,0.705408,0.572762,0.751673,0.516029,0.585503,0.220729,0.365691,0.381034,0.463367,0.293432,0.639574,0.528062,0.609713,0.553469,0.560215,0.563295,0.578499,0.577732,0.566863,0.483005,0.549811,0.421167,0.613308,0.402478,0.538767,0.497037,0.673369,0.506855,0.685593,0.312555,0.383889,0.225450,0.766502,0.550871,0.801490,0.662342,0.633100,0.665818,0.488936,0.495266,0.721886,0.433579,0.396867,0.389075,0.783383,0.609815,0.529311,0.556174,0.527595,0.408698,0.443766,0.335728,0.888772,0.318577,0.594331,0.200995,0.864181,0.460028
1.053748,1.051897,0.756261,0.997434,0.637730,0.802292,0.739948,0.801239,0.429682,0.716308,0.884620,0.818249,0.674435,0.666246,0.724675,0.675382,0.937809,0.935794,0.790691,0.000000,0.536595,0.659799,0.543894,0.624622,0.172027,0.207029,0.266039,0.454555,0.728754,0.820090,0.553026,0.592142,1.302807,1.328874,0.294824,0.548705,0.594524,0.477304,0.387116,0.700137,0.556299,0.608861,1.057370,0.833401,0.956659,1.116881,1.140725,1.090936,1.055412,1.028680,0.829174,0.779630,1.076343,0.930705,1.196137,1.090501,0.979134,1.067064,1.053809,1.178198,0.704733,0.903826,0.680254,0.901335,0.315957,0.597881,0.941769,1.210064,0.892884,1.160670,0.414379,0.329441,0.727935,0.828639,0.648165,0.668819,0.946574,0.990420,1.017261,0.980396,1.125717,0.925618,0.754593,0.702838,0.865769,0.731170,0.782839,0.346552,0.926653,0.954287
0.480649,0.495481,0.409624,0.552118,0.338489,0.827205,0.322123,0.438293,0.144254,0.588783,0.510285,0.669386,0.502576,0.709990,0.597176,0.700114,0.503473,0.720876,0.314459,0.536595,0.000000,0.767490,0.513009,0.659510,0.133960,0.506691,0.413419,0.746812,0.501390,0.706338,0.593968,0.616754,0.648920,0.597523,0.199432,0.392488,0.355349,0.476350,0.168154,0.382445,0.198551,0.564202,0.585037,0.417398,0.375097,0.471554,0.646963,0.730360,0.340518,0.375271,0.269078,0.346737,0.712529,0.692061,0.592371,0.720464,0.463580,0.565188,0.444640,0.547739,0.201859,0.450629,0.370874,0.515934,0.117811,0.368198,0.329283,0.546315,0.344025,0.550588,0.443390,0.271004,0.476249,0.676516,0.564269,0.631034,0.472391,0.463464,0.460548,0.423419,0.562265,0.613164,0.313528,0.393411,0.414529,0.518025,0.606701,0.454986,0.469949,0.608409
0.550404,0.553466,0.508491,0.624808,0.277629,0.746484,0.361968,0.460484,0.154467,0.557498,0.514273,0.676919,0.439776,0.609009,0.565912,0.702317,0.529598,0.741094,0.448850,0.659799,0.767490,0.000000,0.524986,0.620184,0.107291,0.467229,0.235265,0.688041,0.463721,0.648527,0.530650,0.552532,0.597694,0.560666,0.281792,0.360691,0.470784,0.492111,0.302512,0.577526,0.279370,0.564250,0.619468,0.427198,0.387863,0.500583,0.621197,0.665298,0.390725,0.452563,0.351489,0.354933,0.649704,0.584471,0.588298,0.649784,0.492224,0.638142,0.509603,0.509466,0.273644,0.376205,0.308921,0.425494,0.219595,0.363066,0.446835,0.603618,0.440400,0.640319,0.332867,0.245442,0.584909,0.781113,0.522634,0.611243,0.517379,0.519043,0.614664,0.529748,0.586131,0.565541,0.361835,0.427771,0.495557,0.376811,0.761844,0.418176,0.492162,0.535602
0.480775,0.379093,0.998785,0.634850,0.666718,0.481084,0.772816,0.347595,0.616098,0.570488,0.640669,0.310464,0.715200,0.389125,0.999338,0.694894,0.310821,0.298234,0.973327,0.543894,0.513009,0.524986,0.000000,1.108006,0.758480,0.683912,0.746974,0.717368,0.251952,0.220025,0.669616,0.517724,0.522639,0.387483,0.774161,0.479328,0.582633,0.298370,0.396060,0.376930,0.333266,0.337320,0.483664,0.342559,0.329694,0.313429,0.481343,0.473044,0.344650,0.366723,0.487412,0.427119,0.608593,0.442123,0.583643,0.438552,0.352297,0.397444,0.515797,0.409685,0.535955,0.249146,0.323069,0.206077,0.808575,0.564175,0.535652,0.511631,0.405905,0.499836,0.736927,0.654594,0.704811,0.489377,0.506437,0.481738,0.689011,0.581997,0.463493,0.515812,0.448582,0.440326,0.387109,0.324331,0.894056,0.432984,0.682083,0.376796,1.012026,0.557564
0.352848,0.355062,0.794499,1.012951,0.688666,0.841583,0.640215,0.709731,0.391383,0.898558,0.591230,0.592497,0.711266,0.761798,0.887691,1.042879,0.338196,0.386324,0.602923,0.624622,0.659510,0.620184,1.108006,0.000000,0.535344,0.722446,0.776362,0.856214,0.326898,0.435812,0.839670,0.890196,0.587189,0.563038,0.479795,0.604878,0.421529,0.355665,0.205126,0.339278,0.168593,0.427160,0.639470,0.469394,0.381121,0.465695,0.711963,0.712299,0.359773,0.435360,0.454841,0.505973,0.771728,0.629112,0.684147,0.690711,0.296940,0.358584,0.450986,0.501099,0.415968,0.488375,0.474424,0.449438,0.438091,0.709515,0.466441,0.678561,0.302051,0.495330,0.918158,0.546832,0.742421,0.724838,0.763693,0.595550,0.844854,0.851279,0.421333,0.491914,0.539608,0.620251,0.289003,0.321812,0.682625,0.691618,0.702113,0.532955,0.775691,0.777874
0.151540,0.121570,0.556676,0.287830,0.613476,0.133036,0.366899,0.109719,0.704415,0.192962,0.223079,-0.081401,0.278042,0.023905,0.433080,0.207171,0.162460,-0.029634,0.381946,0.172027,0.133960,0.107291,0.758480,0.535344,0.000000,0.841243,0.481240,0.265203,0.116005,-0.033940,0.504146,0.274680,0.286287,0.171298,0.769073,0.500342,0.398560,0.061830,0.394020,0.205609,0.221249,0.063738,0.240744,0.227527,0.206822,0.128785,0.181686,0.171087,0.192857,0.182189,0.392932,0.306918,0.290376,0.136023,0.327430,0.100429,0.176089,0.199991,0.285616,0.217524,0.341012,0.054650,0.002435,-0.067591,0.576127,0.370967,0.384164,0.286032,0.191970,0.266009,0.353375,0.272845,0.261398,0.091236,0.231173,0.162477,0.397338,0.296085,0.335014,0.271235,0.235697,0.124700,0.269473,0.170769,0.511349,0.209600,0.338506,0.149438,0.650721,0.315216
0.275265,0.243859,0.466633,0.349145,0.413829,0.335244,0.219403,0.146762,0.347384,0.363794,0.168665,0.108519,0.181005,0.221024,0.423202,0.362323,0.247106,0.176183,0.336503,0.207029,0.506691,0.467229,0.683912,0.722446,0.841243,0.000000,0.373092,0.458028,0.164317,0.130662,0.567616,0.425220,0.344027,0.243218,0.601138,0.509468,0.426470,0.291971,0.322308,0.355886,0.175677,0.295639,0.259189,0.212721,0.163961,0.142253,0.231178,0.284254,0.197427,0.183576,0.277749,0.290930,0.359964,0.233740,0.333169,0.226827,0.306275,0.332607,0.255847,0.214764,0.153153,0.064379,-0.035201,-0.007063,0.378069,0.368024,0.268800,0.291401,0.321680,0.402761,0.370250,0.237762,0.243796,0.269017,0.277237,0.218670,0.412565,0.355557,0.338483,0.266390,0.205690,0.178623,0.162693,0.171155,0.397414,0.224775,0.429874,0.236737,0.515661,0.333726
0.114305,0.176714,0.410914,0.346618,0.444813,0.458531,0.319036,0.252407,0.320105,0.456052,0.348112,0.279006,0.558217,0.437663,0.725151,0.833777,0.147358,0.177864,0.337267,0.266039,0.413419,0.235265,0.746974,0.776362,0.481240,0.373092,0.000000,0.920337,0.223901,0.285187,0.459679,0.465987,0.188767,0.129797,0.315377,0.234089,0.200878,0.215013,0.071423,0.069092,-0.024915,0.225330,0.332066,0.249810,0.179362,0.189260,0.374949,0.379430,0.131809,0.181202,0.211058,0.244735,0.453921,0.352922,0.357609,0.414021,0.083822,0.166169,0.264295,0.266191,0.206396,0.204247,0.253640,0.191716,0.303428,0.304533,0.209615,0.255573,0.122425,0.213492,0.671351,0.587273,0.335731,0.321698,0.395707,0.392498,0.419408,0.392505,0.213120,0.280987,0.337309,0.481459,0.190768,0.232354,0.433063,0.479462,0.462599,0.448186,0.521740,0.502293
0.322476,0.372851,0.497939,0.526570,0.364735,0.758451,0.453527,0.483468,0.322769,0.784344,0.594439,0.649562,0.738346,0.801723,1.044504,1.153146,0.343198,0.538685,0.367413,0.454555,0.746812,0.688041,0.717368,0.856214,0.265203,0.458028,0.920337,0.000000,0.353586,0.543156,0.594981,0.663045,0.373532,0.329185,0.322181,0.339605,0.292359,0.404336,0.108883,0.245435,0.107455,0.591549,0.480327,0.351209,0.239607,0.318610,0.530801,0.567620,0.209532,0.276138,0.261891,0.306525,0.596543,0.504413,0.483937,0.625735,0.256402,0.367737,0.402158,0.391582,0.277578,0.367167,0.340483,0.356550,0.356423,0.448208,0.268439,0.412223,0.232323,0.363689,0.525051,0.392898,0.506804,0.608425,0.485649,0.614624,0.500146,0.477745,0.404950,0.355140,0.445903,0.610109,0.195343,0.375782,0.518282,0.563054,0.660983,0.581051,0.563917,0.644975
0.624117,0.713682,0.330293,0.547453,0.462624,0.635795,0.337296,0.533970,0.256611,0.489342,0.815404,0.740405,0.589389,0.612658,0.518761,0.513298,1.171469,1.029313,0.278737,0.728754,0.501390,0.463721,0.251952,0.326898,0.116005,0.164317,0.223901,0.353586,0.000000,1.177657,0.496828,0.526597,0.904549,0.891190,0.049724,0.336721,0.374965,0.309490,0.268478,0.379849,0.426797,0.501609,0.560032,0.461966,0.558065,0.644953,0.661079,0.596900,0.607403,0.602390,0.487810,0.536281,0.621212,0.615198,0.639062,0.602451,0.727824,0.746097,0.630809,0.670395,0.437910,0.640555,0.625246,0.769835,0.136043,0.413999,0.490889,0.632934,0.468713,0.621074,0.292023,0.214877,0.482447,0.680198,0.473038,0.494926,0.391654,0.412852,0.925659,0.816097,1.037576,0.828157,0.591444,0.595813,0.448625,0.555017,0.515280,0.292192,0.431862,0.586971
0.537528,0.725921,0.325994,0.665525,0.417369,0.904974,0.394957,0.786103,0.178499,0.685253,0.725095,1.109421,0.639998,0.953157,0.601257,0.824716,0.994589,1.416426,0.216471,0.820090,0.706338,0.648527,0.220025,0.435812,-0.033940,0.130662,0.285187,0.543156,1.177657,0.000000,0.586264,0.741898,0.924158,1.017935,-0.076510,0.317864,0.223034,0.483807,0.115935,0.447063,0.260342,0.725362,0.698421,0.538754,0.593695,0.727067,0.839142,0.792463,0.551275,0.538969,0.330423,0.419467,0.667476,0.690106,0.606161,0.788239,0.610605,0.714273,0.543601,0.663573,0.293700,0.708819,0.616508,0.959049,0.012614,0.392767,0.358722,0.624323,0.398217,0.608264,0.333633,0.225675,0.559663,0.954815,0.589591,0.703843,0.445634,0.520990,0.783030,0.822112,0.995937,1.114249,0.473435,0.655674,0.344863,0.675387,0.580075,0.519176,0.336099,0.651703
0.328885,0.322459,0.661747,0.690954,0.369884,0.505636,0.496390,0.520083,0.208275,0.499002,0.575427,0.473594,0.484655,0.529921,0.639929,0.752697,0.461312,0.463023,0.497804,0.553026,0.593968,0.530650,0.669616,0.839670,0.504146,0.567616,0.459679,0.594981,0.496828,0.586264,0.000000,1.419235,0.715277,0.652818,0.491337,0.561260,0.376277,0.375604,0.162005,0.422549,0.262239,0.527362,0.695867,0.599463,0.513791,0.507589,0.599978,0.661308,0.326921,0.317625,0.324197,0.357004,0.514528,0.455027,0.508300,0.515640,0.297364,0.380444,0.361190,0.418308,0.191978,0.280809,0.311306,0.342841,0.186232,0.335222,0.384337,0.547739,0.233494,0.411839,0.575330,0.447999,0.677866,0.699369,0.606600,0.569536,0.668625,0.641845,0.507576,0.468508,0.546149,0.601191,0.337994,0.580921,0.412167,0.507535,0.583087,0.613832,0.502691,0.543120
0.345669,0.381801,0.500578,0.721962,0.334153,0.665202,0.454592,0.694431,0.138690,0.617418,0.649051,0.694447,0.591147,0.767452,0.663943,0.882090,0.474007,0.586244,0.374159,0.592142,0.616754,0.552532,0.517724,0.890196,0.274680,0.425220,0.465987,0.663045,0.526597,0.741898,1.419235,0.000000,0.716372,0.747117,0.250418,0.442611,0.265414,0.373152,0.041089,0.346927,0.145995,0.584909,0.669646,0.570198,0.531584,0.552647,0.656728,0.688867,0.341664,0.316292,0.259935,0.310966,0.565122,0.475542,0.526368,0.586810,0.321806,0.401216,0.379063,0.463272,0.201259,0.424164,0.426864,0.499555,0.092178,0.382940,0.337555,0.556772,0.251240,0.415971,0.577792,0.427177,0.660840,0.793124,0.599841,0.602788,0.620906,0.658743,0.491494,0.490003,0.608951,0.723645,0.260917,0.534842,0.377255,0.568721,0.555483,0.626479,0.442574,0.595197
1.049188,0.997195,0.799797,0.935543,0.631489,0.778168,0.764433,0.766464,0.466814,0.695341,0.979894,0.789020,0.705364,0.627469,0.686144,0.556112,1.071882,1.012307,0.705408,1.302807,0.648920,0.597694,0.522639,0.587189,0.286287,0.344027,0.188767,0.373532,0.904549,0.924158,0.715277,0.716372,0.000000,1.908704,0.368811,0.689445,0.584458,0.437338,0.348439,0.609844,0.508795,0.616148,0.967400,0.818969,0.993538,1.100842,1.066058,1.013652,0.990842,0.937434,0.815878,0.825220,1.002898,0.859808,1.118473,0.903183,1.053476,1.054283,1.033412,1.036149,0.730294,0.828044,0.710075,0.889831,0.352997,0.699911,0.954138,1.183968,0.843513,1.129328,0.399398,0.273420,0.712283,0.817250,0.628899,0.588378,0.871763,0.858250,1.037762,0.948806,1.233912,0.993979,0.676924,0.668758,0.832849,0.785269,0.718236,0.377978,0.819405,0.905985
0.877543,0.917500,0.654294,1.040778,0.618756,0.875703,0.698633,0.974522,0.405144,0.746961,0.874221,0.901559,0.673588,0.715938,0.621491,0.544179,0.976255,1.005376,0.572762,1.328874,0.597523,0.560666,0.387483,0.563038,0.171298,0.243218,0.129797,0.329185,0.891190,1.017935,0.652818,0.747117,1.908704,0.000000,0.237207,0.686561,0.457329,0.406687,0.266107,0.565888,0.430145,0.581459,1.009504,0.874026,1.064038,1.244631,1.158198,1.099412,1.000310,0.943952,0.732221,0.774409,0.970038,0.865967,1.056476,0.962760,0.911242,0.938451,0.929045,1.035695,0.670035,0.991973,0.741210,1.057758,0.263806,0.702404,0.852576,1.224362,0.716349,0.997415,0.391624,0.229386,0.668158,0.878019,0.659115,0.609064,0.856195,0.889989,0.943903,0.870808,1.185941,0.978889,0.611415,0.639807,0.712473,0.778688,0.675436,0.378898,0.708694,0.895924
0.388719,0.189604,0.600162,0.343635,0.264053,0.138805,0.459050,0.114471,0.370378,0.229668,0.318965,0.014372,0.262338,0.003137,0.463232,0.177672,0.157053,0.033866,0.751673,0.294824,0.199432,0.281792,0.774161,0.479795,0.769073,0.601138,0.315377,0.322181,0.049724,-0.076510,0.491337,0.250418,0.368811,0.237207,0.000000,0.792663,0.530993,0.083017,0.349144,0.218672,0.305073,0.149669,0.396621,0.373301,0.394652,0.309415,0.288732,0.287181,0.322310,0.330849,0.461490,0.401018,0.307061,0.172250,0.385369,0.170838,0.239533,0.230512,0.375326,0.257789,0.412821,0.077649,0.056374,-0.072328,0.804273,0.498218,0.545455,0.446468,0.282843,0.340958,0.301319,0.223774,0.385880,0.171631,0.263971,0.157417,0.482840,0.331858,0.332084,0.276049,0.203424,0.088257,0.250884,0.099058,0.633962,0.132023,0.425841,0.070704,0.627348,0.257805
0.350999,0.222050,0.601403,0.773145,0.511159,0.547672,0.614568,0.668962,0.427450,0.575645,0.433752,0.389451,0.395858,0.377539,0.459750,0.360318,0.298388,0.263342,0.516029,0.548705,0.392488,0.360691,0.479328,0.604878,0.500342,0.509468,0.234089,0.339605,0.336721,0.317864,0.561260,0.442611,0.689445,0.686561,0.792663,0.000000,0.495587,0.332103,0.374098,0.338053,0.336977,0.383336,0.769474,0.694356,0.691416,0.766789,0.784997,0.726223,0.585346,0.688519,0.640006,0.716380,0.596718,0.535341,0.707000,0.587616,0.282923,0.273622,0.497395,0.535861,0.557008,0.621487,0.357320,0.430744,0.541577,0.859024,0.628573,0.899809,0.194398,0.423523,0.297096,0.068708,0.410603,0.457562,0.591804,0.381457,0.761645,0.716106,0.452032,0.441328,0.489414,0.395735,0.413031,0.287354,0.651188,0.524356,0.538699,0.289494,0.609375,0.620599
0.719000,0.573481,0.694636,0.503175,0.255760,0.310840,0.415085,0.237065,0.330252,0.345520,0.491492,0.280628,0.293654,0.160926,0.443742,0.281885,0.529456,0.398200,0.585503,0.594524,0.355349,0.470784,0.582633,0.421529,0.398560,0.426470,0.200878,0.292359,0.374965,0.223034,0.376277,0.265414,0.584458,0.457329,0.530993,0.495587,0.000000,0.730335,0.894010,0.917437,0.852076,0.546866,0.535811,0.556113,0.487430,0.507804,0.544273,0.512504,0.633697,0.638086,0.749014,0.590951,0.558020,0.441772,0.710375,0.516597,0.623095,0.641422,0.725562,0.626928,0.561709,0.315514,0.306248,0.256791,0.368274,0.349662,0.745739,0.662847,0.619798,0.677774,0.347566,0.385166,0.582958,0.510505,0.367933,0.263164,0.731292,0.699074,0.680958,0.701559,0.547340,0.409412,0.639640,0.493556,0.783737,0.337337,0.688690,0.294260,0.813566,0.539452
0.368263,0.397735,0.391850,0.429648,0.098486,0.397105,0.223971,0.360219,0.087101,0.418595,0.237702,0.408363,0.170270,0.383975,0.355490,0.538547,0.432101,0.507674,0.220729,0.477304,0.476350,0.492111,0.298370,0.355665,0.061830,0.291971,0.215013,0.404336,0.309490,0.483807,0.375604,0.373152,0.437338,0.406687,0.083017,0.332103,0.730335,0.000000,0.537893,0.969199,0.539799,0.819347,0.463070,0.441441,0.297253,0.380004,0.542160,0.521979,0.358407,0.332446,0.327147,0.304643,0.438357,0.380558,0.469883,0.562857,0.366089,0.447554,0.363735,0.407106,0.174333,0.334095,0.244306,0.380158,0.029828,0.186982,0.244309,0.384421,0.317558,0.404886,0.282340,0.286675,0.408068,0.674230,0.434001,0.389282,0.536640,0.606162,0.424469,0.607059,0.422399,0.505593,0.583874,0.611904,0.368976,0.434731,0.542841,0.547584,0.433714,0.478190
0.426225,0.313318,0.443688,0.295944,0.267388,0.161261,0.254726,0.091956,0.314595,0.221253,0.217254,-0.000396,0.066298,-0.050171,0.218489,0.122124,0.423308,0.240145,0.365691,0.387116,0.168154,0.302512,0.396060,0.205126,0.394020,0.322308,0.071423,0.108883,0.268478,0.115935,0.162005,0.041089,0.348439,0.266107,0.349144,0.374098,0.894010,0.537893,0.000000,0.834955,0.868280,0.326986,0.294897,0.315688,0.299690,0.268469,0.312380,0.232179,0.436432,0.401979,0.538993,0.419852,0.304915,0.248219,0.418455,0.315407,0.466550,0.446493,0.386742,0.380022,0.361151,0.154706,0.087634,0.082087,0.360598,0.223444,0.438487,0.393946,0.360893,0.414640,0.066850,0.162272,0.213510,0.203966,0.129313,0.103020,0.337326,0.300576,0.605777,0.714856,0.400319,0.243780,0.948810,0.543158,0.631666,0.261142,0.618977,0.305429,0.539282,0.357825
0.618427,0.619406,0.535618,0.537627,0.206383,0.334417,0.296016,0.333714,0.197442,0.390296,0.329600,0.327392,0.135601,0.250544,0.373070,0.392605,0.630763,0.555320,0.381034,0.700137,0.382445,0.577526,0.376930,0.339278,0.205609,0.355886,0.069092,0.245435,0.379849,0.447063,0.422549,0.346927,0.609844,0.565888,0.218672,0.338053,0.917437,0.969199,0.834955,0.000000,0.916073,0.739517,0.577691,0.579436,0.495430,0.523483,0.568115,0.570376,0.595053,0.522552,0.552105,0.483982,0.500468,0.461365,0.615356,0.638702,0.623568,0.707883,0.539325,0.580067,0.266296,0.313903,0.219057,0.344962,0.096141,0.201259,0.496502,0.576173,0.588303,0.662336,0.235312,0.269856,0.510196,0.660304,0.410432,0.398747,0.612264,0.622468,0.719381,0.829991,0.554841,0.498496,0.783117,0.803315,0.518894,0.402246,0.670543,0.504901,0.565964,0.535279
0.605390,0.495952,0.433177,0.389044,0.212384,0.155250,0.316863,0.213058,0.296526,0.243127,0.412821,0.186097,0.182564,0.085647,0.320380,0.173899,0.588817,0.402071,0.463367,0.556299,0.198551,0.279370,0.333266,0.168593,0.221249,0.175677,-0.024915,0.107455,0.426797,0.260342,0.262239,0.145995,0.508795,0.430145,0.305073,0.336977,0.852076,0.539799,0.868280,0.916073,0.000000,0.525008,0.358712,0.404140,0.415990,0.403737,0.371651,0.331402,0.540604,0.485728,0.585306,0.490858,0.342923,0.310904,0.495332,0.393168,0.584823,0.548884,0.523094,0.500111,0.432913,0.298498,0.269657,0.257500,0.285185,0.295126,0.547154,0.507433,0.522610,0.518118,0.102790,0.185030,0.467336,0.399424,0.258792,0.165266,0.449393,0.409067,0.649047,0.706287,0.525096,0.350493,0.818408,0.689022,0.606005,0.329253,0.596128,0.313768,0.528103,0.384292
0.536277,0.618403,0.469798,0.544533,0.187177,0.487692,0.417207,0.533547,0.221946,0.563854,0.580381,0.620512,0.412558,0.587782,0.556815,0.647595,0.656930,0.835884,0.293432,0.608861,0.564202,0.564250,0.337320,0.427160,0.063738,0.295639,0.225330,0.591549,0.501609,0.725362,0.527362,0.584909,0.616148,0.581459,0.149669,0.383336,0.546866,0.819347,0.326986,0.739517,0.525008,0.000000,0.476628,0.430649,0.417933,0.507923,0.564322,0.552580,0.427678,0.450894,0.352968,0.407578,0.484481,0.403595,0.532399,0.589001,0.490556,0.550674,0.506834,0.526244,0.280207,0.409613,0.325226,0.447850,0.149119,0.379689,0.374343,0.511953,0.431815,0.484766,0.250158,0.242682,0.636887,0.898106,0.546538,0.708027,0.470784,0.552843,0.561398,0.607496,0.594875,0.692997,0.473305,0.706084,0.408608,0.521720,0.606090,0.568201,0.454522,0.554809
0.575276,0.539657,0.700208,0.981286,0.551870,0.877296,0.655181,0.805354,0.334106,0.689733,0.643923,0.711780,0.549765,0.616345,0.646859,0.625319,0.553332,0.627455,0.639574,1.057370,0.585037,0.619468,0.483664,0.639470,0.240744,0.259189,0.332066,0.480327,0.560032,0.698421,0.695867,0.669646,0.967400,1.009504,0.396621,0.769474,0.535811,0.463070,0.294897,0.577691,0.358712,0.476628,0.000000,1.531891,1.334137,1.458246,1.676447,1.751322,0.907323,0.984739,0.635931,0.633129,0.836976,0.861797,0.921469,1.004058,0.536214,0.635662,0.773391,0.919755,0.508912,0.759518,0.537284,0.710644,0.238153,0.544196,0.793839,1.155772,0.401841,0.735076,0.418161,0.269359,0.702107,0.811044,0.786535,0.654213,1.092463,0.972975,0.671853,0.649203,0.762554,0.682831,0.531140,0.561473,0.606859,0.553332,0.630034,0.474710,0.645783,0.774997
0.518647,0.521895,0.580533,0.780346,0.392366,0.647532,0.484394,0.638718,0.282769,0.545104,0.476495,0.535153,0.367505,0.432926,0.499067,0.425486,0.473597,0.493481,0.528062,0.833401,0.417398,0.427198,0.342559,0.469394,0.227527,0.212721,0.249810,0.351209,0.461966,0.538754,0.599463,0.570198,0.818969,0.874026,0.373301,0.694356,0.556113,0.441441,0.315688,0.579436,0.404140,0.430649,1.531891,0.000000,1.416565,1.307816,1.252063,1.355269,1.027684,0.931531,0.682013,0.613675,0.648804,0.650687,0.792772,0.869963,0.470742,0.545543,0.699383,0.763472,0.439318,0.597189,0.436018,0.545952,0.187724,0.427182,0.720105,0.919002,0.392688,0.606362,0.328637,0.225555,0.582893,0.656444,0.584778,0.469862,0.979157,0.836884,0.617920,0.605131,0.588752,0.550378,0.447389,0.519271,0.507912,0.452103,0.493065,0.422019,0.552949,0.597951
0.670586,0.628431,0.545224,0.749928,0.499355,0.613561,0.588538,0.658059,0.360581,0.495911,0.604891,0.525497,0.466681,0.368042,0.476402,0.336874,0.599286,0.588662,0.609713,0.956659,0.375097,0.387863,0.329694,0.381121,0.206822,0.163961,0.179362,0.239607,0.558065,0.593695,0.513791,0.531584,0.993538,1.064038,0.394652,0.691416,0.487430,0.297253,0.299690,0.495430,0.415990,0.417933,1.334137,1.416565,0.000000,1.690186,1.154580,1.151852,1.338264,1.101161,0.700754,0.674789,0.654700,0.642299,0.815225,0.762929,0.615058,0.657624,0.841247,0.931497,0.580168,0.716726,0.486397,0.633167,0.289916,0.535411,0.849232,1.011186,0.513173,0.701246,0.246549,0.170942,0.524996,0.585908,0.537897,0.435264,0.796917,0.716300,0.686458,0.648369,0.745697,0.626014,0.553695,0.552578,0.600105,0.464979,0.525677,0.304809,0.566569,0.613504
0.703367,0.712200,0.616077,0.998586,0.515954,0.824969,0.642643,0.899533,0.338858,0.652194,0.678216,0.778468,0.546318,0.591334,0.534202,0.453694,0.651059,0.700158,0.553469,1.116881,0.471554,0.500583,0.313429,0.465695,0.128785,0.142253,0.189260,0.318610,0.644953,0.727067,0.507589,0.552647,1.100842,1.244631,0.309415,0.766789,0.507804,0.380004,0.268469,0.523483,0.403737,0.507923,1.458246,1.307816,1.690186,0.000000,1.528432,1.447731,1.299421,1.433871,0.845265,0.887623,0.906396,0.882439,1.084060,1.041532,0.626770,0.726493,0.983004,1.231236,0.617808,1.022023,0.624822,0.897157,0.232982,0.652961,0.990579,1.432099,0.540844,0.780329,0.311206,0.188094,0.561845,0.738694,0.622407,0.535333,0.895830,0.898383,0.701887,0.666979,0.877021,0.764277,0.579051,0.578330,0.655139,0.643776,0.615807,0.372183,0.614747,0.802761
0.637832,0.663989,0.724992,1.176838,0.622802,1.099554,0.711063,1.028714,0.361562,0.866197,0.693611,0.932223,0.637374,0.825271,0.686671,0.715427,0.635882,0.748097,0.560215,1.140725,0.646963,0.621197,0.481343,0.711963,0.181686,0.231178,0.374949,0.530801,0.661079,0.839142,0.599978,0.656728,1.066058,1.158198,0.288732,0.784997,0.544273,0.542160,0.312380,0.568115,0.371651,0.564322,1.676447,1.252063,1.154580,1.528432,0.000000,1.911623,1.038880,1.195390,0.827357,0.833074,1.135004,1.132811,1.201638,1.334984,0.588993,0.688555,0.932896,1.107796,0.615848,1.008705,0.687518,0.951024,0.260760,0.696386,0.862521,1.384687,0.463655,0.765537,0.453384,0.286335,0.678327,0.921222,0.796131,0.710612,1.077959,1.078747,0.726803,0.767994,0.921448,0.886663,0.593425,0.553083,0.712077,0.799336,0.712960,0.468474,0.714666,0.969112
0.621061,0.668675,0.684147,1.091847,0.539938,1.035433,0.612449,0.895093,0.323991,0.801716,0.642631,0.858060,0.574917,0.772830,0.681772,0.706801,0.590146,0.732597,0.563295,1.090936,0.730360,0.665298,0.473044,0.712299,0.171087,0.284254,0.379430,0.567620,0.596900,0.792463,0.661308,0.688867,1.013652,1.099412,0.287181,0.726223,0.512504,0.521979,0.232179,0.570376,0.331402,0.552580,1.751322,1.355269,1.151852,1.447731,1.911623,0.000000,0.953644,1.075945,0.727766,0.738569,1.100207,1.149745,1.119782,1.350694,0.587763,0.709306,0.849822,1.029904,0.488948,0.870018,0.594456,0.833006,0.192950,0.590307,0.785146,1.238002,0.497865,0.805059,0.455889,0.278283,0.666621,0.887528,0.783659,0.681863,1.071467,1.054804,0.674379,0.640710,0.832657,0.838686,0.493261,0.584574,0.636710,0.726271,0.689195,0.518632,0.688309,0.909822
0.884588,0.890349,0.601116,0.746466,0.516795,0.588139,0.556840,0.592194,0.402918,0.491795,0.585994,0.547652,0.424492,0.360810,0.407002,0.275681,0.722966,0.627257,0.578499,1.055412,0.340518,0.390725,0.344650,0.359773,0.192857,0.197427,0.131809,0.209532,0.607403,0.551275,0.326921,0.341664,0.990842,1.000310,0.322310,0.585346,0.633697,0.358407,0.436432,0.595053,0.540604,0.427678,0.907323,1.027684,1.338264,1.299421,1.038880,0.953644,0.000000,1.467871,1.131272,0.946909,0.848057,0.776052,1.060376,0.885913,0.796007,0.808965,1.133329,1.095166,0.706490,0.747276,0.515382,0.646091,0.305390,0.532968,1.010812,1.040655,0.767863,0.834228,0.224491,0.165410,0.458695,0.520638,0.426811,0.369521,0.756049,0.736748,0.802015,0.774164,0.807820,0.666684,0.630052,0.525573,0.739424,0.566666,0.563331,0.197209,0.700827,0.703373
