0.000000,0.526782,0.190327,0.224919,0.124295,-0.017150,0.416552,0.341814,0.014480,0.019182,0.399892,0.403761,0.346787,0.414739,0.265970,0.179205,0.312937,0.339451,0.457163,0.258298,0.040299,0.057271,0.182849,0.156267,-0.056846,0.252803,0.022309,0.039457,0.426391,0.284792,0.290145,0.104230,0.507989,0.332593,-0.046487,0.086687,-0.093231,0.001411,0.377414,0.405044,0.170270,0.271381,0.218077,0.321491,0.102440,0.215830,0.307597,0.393297,0.306856,0.294077,0.202305,0.337461,0.386208,0.077651,0.325469,0.475146,0.574092,0.428309,0.386941,0.353507,0.470266,0.381065,0.418098,0.328306,0.214265,0.238950,0.325418,0.291383,0.191412,0.227212,0.119770,-0.016054,0.043622,-0.078920,0.144085,0.357993,0.382655,0.339473,0.152927,0.141490,0.508152,0.370795,0.345938,0.425056,0.343452,0.418562,0.388055,0.089101,0.520794,0.435197
0.526782,0.000000,0.254522,0.244217,0.008124,-0.026583,0.417600,0.334302,0.123561,0.018760,0.376646,0.436259,0.333886,0.461629,0.120751,0.199713,0.388327,0.546405,0.445474,0.393110,0.128735,0.044399,0.222802,0.110658,-0.025139,0.196200,0.054311,0.151381,0.397199,0.462498,0.338269,0.184836,0.573672,0.424094,-0.036973,-0.002733,-0.079742,-0.010474,0.312211,0.177252,0.181895,0.126129,0.242875,0.373940,0.222928,0.307626,0.423768,0.577980,0.352315,0.276512,0.338662,0.332129,0.301652,0.171994,0.372325,0.407966,0.738967,0.695604,0.379146,0.297374,0.452107,0.398356,0.540552,0.440432,0.126303,0.146636,0.445099,0.320189,0.409980,0.264238,0.181620,0.021853,0.158567,0.017089,-0.031970,0.259811,0.088528,0.341594,0.159751,0.338033,0.679402,0.458128,0.335472,0.535886,0.355473,0.427835,0.320157,0.027705,0.410124,0.322542
0.190327,0.254522,0.000000,0.253537,0.094941,-0.181996,0.447238,0.437231,0.379438,0.182588,0.369161,0.225235,0.495466,0.290586,0.077249,0.160875,0.106474,0.038161,0.382716,0.005555,0.038939,0.034030,0.534412,0.385995,0.010708,0.185846,-0.008903,0.050603,0.143541,0.161755,0.158419,0.179950,0.189712,0.171013,-0.115519,0.056993,-0.078691,-0.152161,0.067361,-0.065089,-0.029325,0.051739,0.038037,0.064279,0.065989,0.213488,0.239022,0.320666,0.172196,0.207977,0.176240,0.265678,0.086341,0.107201,-0.064582,0.085998,0.200001,0.127312,0.058735,-0.009093,0.310215,0.335240,0.166905,0.149912,0.319200,0.285743,0.275527,0.169427,0.111916,-0.024781,0.182965,-0.039404,0.076230,0.132625,0.077505,0.123674,-0.102990,0.120308,-0.019001,0.020780,0.155136,0.135666,0.044709,0.075225,0.238683,0.231713,0.015171,-0.090124,0.096427,0.086540
0.224919,0.244217,0.253537,0.000000,0.253934,0.380161,0.455753,0.422513,0.008393,0.104984,0.124188,0.174076,0.113894,0.190365,0.122596,0.332071,0.163644,0.155637,0.294983,0.401273,-0.062621,0.029962,0.333381,0.160386,0.048688,0.009115,0.279706,0.206445,0.239843,0.229881,0.407958,0.381173,0.335965,0.074699,-0.016796,-0.009800,0.100757,0.049678,0.169252,0.188673,0.003598,0.052074,0.187975,0.253200,0.084984,0.203239,0.278168,0.138037,0.089091,0.053330,0.266218,0.217580,0.294018,0.181179,0.217718,0.161186,0.209725,0.146338,0.179687,0.173804,0.347481,0.361822,0.203004,0.197959,0.276375,0.428857,0.407214,0.493485,0.205401,0.147801,-0.073953,0.004593,0.196912,-0.009403,-0.038404,0.060018,0.151612,0.124331,0.075289,0.152390,0.141453,0.220072,0.066499,0.212516,0.369127,0.278572,0.111696,0.059420,0.177955,0.192541
0.124295,0.008124,0.094941,0.253934,0.000000,0.466190,0.209325,0.084447,-0.031317,0.319988,0.069597,0.124820,0.067906,0.058492,0.342896,0.154071,0.037464,0.070976,0.175162,0.085145,-0.087128,-0.005913,0.166175,0.072627,0.135928,0.082024,0.277863,0.042854,-0.014261,0.188033,0.192945,-0.032050,0.154423,-0.111042,-0.087388,-0.082436,0.030544,-0.120511,-0.022504,-0.038751,-0.029226,-0.004112,0.085680,0.170597,0.115690,0.096084,0.108724,0.076607,0.080232,0.122913,0.037820,0.080353,-0.001837,-0.017532,-0.059775,0.044931,0.083646,0.107698,0.041535,0.017373,0.146728,0.128307,0.117030,0.109173,0.137889,0.004376,0.201235,0.107425,0.032875,0.122029,-0.184468,-0.002056,0.064643,0.102944,0.199574,-0.017496,0.018390,0.038415,-0.043479,0.019889,0.060000,0.085366,-0.149175,-0.012891,0.063441,0.064630,-0.077036,-0.007080,0.054535,0.075977
-0.017150,-0.026583,-0.181996,0.380161,0.466190,0.000000,0.016017,-0.059702,-0.209777,0.160763,-0.088503,-0.030335,-0.172967,-0.031017,0.135248,0.042011,-0.020327,0.080171,-0.006172,0.116373,-0.208488,0.011603,0.046030,-0.072591,0.141549,-0.051127,0.476755,0.093785,-0.013401,0.146965,0.187008,-0.005477,0.108306,-0.315881,-0.038553,-0.069045,0.060011,0.013336,-0.008512,-0.033074,-0.010952,-0.050791,0.065085,0.056307,0.032293,-0.038539,-0.071585,-0.091125,-0.031111,-0.012158,-0.012495,-0.017371,0.064924,-0.060723,0.028411,0.017336,0.004564,0.103291,-0.025253,0.032338,-0.009259,0.001869,0.023588,0.017946,0.029018,-0.031853,0.088817,0.051654,0.042042,0.080671,-0.441761,0.066904,0.178818,0.016419,0.106758,-0.067018,0.018078,0.090354,0.001547,0.078685,-0.004844,0.076905,-0.091938,-0.042099,-0.012703,0.007963,-0.020221,-0.040140,0.031844,0.000024
0.416552,0.417600,0.447238,0.455753,0.209325,0.016017,0.000000,0.696454,0.161388,0.172086,0.453498,0.305040,0.491410,0.350027,0.219565,0.254406,0.201880,0.261244,0.580820,0.216793,0.022083,0.015134,0.454621,0.264131,0.019480,0.191545,-0.020885,0.081570,0.340564,0.380067,0.417477,0.291335,0.424799,0.300083,-0.067046,-0.020112,-0.083109,-0.067629,0.276071,0.130319,0.039144,0.080416,0.159925,0.267995,0.150260,0.200507,0.418352,0.364178,0.178306,0.179236,0.318802,0.235651,0.219296,0.209787,0.240539,0.310394,0.365912,0.314291,0.185089,0.093480,0.789593,0.573535,0.341483,0.344530,0.567832,0.467128,0.454861,0.450109,0.261383,0.191211,0.064971,0.089750,0.039355,0.023100,0.019089,0.265332,0.097236,0.282333,0.037351,0.211355,0.382385,0.257789,0.164260,0.334890,0.564499,0.409479,0.189579,0.065079,0.376182,0.342960
0.341814,0.334302,0.437231,0.422513,0.084447,-0.059702,0.696454,0.000000,0.218944,0.253281,0.331961,0.430157,0.459722,0.480758,0.275486,0.076583,0.132966,0.146589,0.309765,0.133500,0.049690,0.119754,0.348771,0.428617,0.027853,0.151646,-0.112895,-0.032644,0.210984,0.347123,0.260480,0.354499,0.385593,0.420935,0.024036,0.060884,-0.045855,-0.046494,0.176207,0.049816,0.118470,0.160548,0.252485,0.205436,0.236141,0.355993,0.322754,0.441983,0.326791,0.404542,0.331665,0.363435,0.215493,0.076802,0.101711,0.195273,0.333469,0.316383,0.241161,0.312487,0.598748,0.821426,0.327197,0.442869,0.295204,0.477888,0.523639,0.477257,0.221358,0.139584,-0.032736,0.189227,-0.144027,0.083523,0.145385,0.198655,0.089046,0.182228,0.026699,0.033622,0.283663,0.224639,0.164676,0.149038,0.295431,0.332400,0.050583,-0.013448,0.257227,0.297131
0.014480,0.123561,0.379438,0.008393,-0.031317,-0.209777,0.161388,0.218944,0.000000,0.163871,0.187722,0.140142,0.341031,0.163583,-0.054904,0.148777,0.066421,0.019558,0.135540,0.082708,0.114977,0.015847,0.151612,0.174268,0.094333,0.056332,-0.070603,0.123095,0.107372,0.014992,-0.024834,0.195480,0.090930,0.257526,0.045334,0.047569,0.033560,0.037943,0.033599,-0.019311,-0.054015,-0.018881,0.137583,0.034104,0.240739,0.240849,0.176591,0.233469,0.272259,0.188293,0.223541,0.213163,0.056253,0.179259,0.097567,0.142727,0.080488,0.065414,0.153293,0.072180,0.244935,0.180795,0.191249,0.104673,0.105595,0.126181,0.117538,0.092002,-0.000680,-0.020244,0.237664,0.004442,0.032103,0.011730,-0.172053,-0.033419,-0.096652,0.047385,0.044165,0.057115,0.051699,0.112842,0.144192,0.137413,0.168431,0.161788,0.036549,0.003880,0.054581,0.115925
0.019182,0.018760,0.182588,0.104984,0.319988,0.160763,0.172086,0.253281,0.163871,0.000000,0.105311,0.193244,0.249332,0.236588,0.320654,0.099989,0.068881,0.036504,0.109121,0.037875,0.066745,0.061849,0.180644,0.140856,0.228735,0.229703,-0.039083,-0.014066,-0.038791,0.212464,-0.011085,0.011362,0.154717,0.081492,-0.031688,-0.067853,0.002118,0.044674,0.079181,-0.177357,0.050029,0.061180,0.131776,-0.019612,0.217974,0.121991,-0.032641,0.139204,0.169702,0.334023,0.088569,0.228324,0.034508,-0.103802,-0.058112,-0.054334,0.045600,0.150625,0.060803,0.098765,0.211816,0.319236,0.145986,0.204268,0.125360,0.130497,0.120832,0.071563,-0.026889,0.020252,-0.057064,0.054494,-0.084696,0.076236,0.011031,-0.020101,-0.119604,0.078108,-0.079007,-0.037666,0.073144,0.169721,0.021624,-0.060075,-0.022858,0.140072,-0.033719,-0.093457,0.085584,0.065717
0.399892,0.376646,0.369161,0.124188,0.069597,-0.088503,0.453498,0.331961,0.187722,0.105311,0.000000,0.369676,0.498998,0.378058,0.135603,0.222089,0.231483,0.346366,0.587396,0.092975,0.134430,0.138078,0.475820,0.349177,0.113022,0.265812,-0.081250,0.057853,0.233387,0.330610,0.288409,0.154302,0.234724,0.199445,-0.059776,-0.008486,-0.185459,-0.078871,0.241497,0.033352,0.047839,0.003118,0.140808,0.138107,0.130090,0.102701,0.265080,0.239213,0.136546,0.186819,0.228575,0.230662,0.198354,0.109558,0.252266,0.383019,0.421128,0.270612,0.043996,0.028058,0.538634,0.388374,0.343825,0.300835,0.401745,0.340081,0.271381,0.299584,0.229323,0.201287,0.133014,0.106601,-0.078914,-0.056619,-0.054493,0.234083,0.011160,0.374516,0.053978,0.180726,0.352809,0.312550,0.348987,0.342781,0.481159,0.434079,0.304028,-0.040116,0.424365,0.279890
0.403761,0.436259,0.225235,0.174076,0.124820,-0.030335,0.305040,0.430157,0.140142,0.193244,0.369676,0.000000,0.389048,0.610476,0.161696,0.127325,0.218011,0.268819,0.274476,0.135274,0.108238,-0.025375,0.291755,0.233323,0.075576,0.238480,-0.044370,0.045341,0.127540,0.366085,0.254536,0.129495,0.365838,0.293386,-0.029495,-0.032019,-0.039195,-0.218289,0.152496,0.064529,0.092196,0.057103,0.205137,0.216186,0.116794,0.238297,0.232444,0.363052,0.292941,0.373568,0.220561,0.382613,0.186133,0.073035,0.082112,0.285149,0.394528,0.343039,0.246850,0.226591,0.378280,0.471427,0.367327,0.390842,0.058355,0.239625,0.369125,0.277857,0.235000,0.178156,0.088131,0.055942,-0.130253,0.147189,0.172207,0.295006,0.105354,0.228074,-0.039928,0.027691,0.457636,0.247963,0.158872,0.268477,0.216161,0.340703,0.046398,-0.004885,0.260171,0.186143
0.346787,0.333886,0.495466,0.113894,0.067906,-0.172967,0.491410,0.459722,0.341031,0.249332,0.498998,0.389048,0.000000,0.529215,0.312354,0.068939,0.155106,0.187666,0.452878,0.084535,0.110620,0.051864,0.399102,0.401285,0.083920,0.282188,-0.161722,-0.014378,0.263530,0.143411,0.085280,0.106177,0.267004,0.336122,-0.052892,0.040084,-0.059439,-0.098605,0.191115,-0.065158,0.060357,0.118044,0.137604,0.104978,0.176728,0.235850,0.250950,0.375556,0.335227,0.366929,0.242612,0.367334,0.141979,0.139066,0.082862,0.196386,0.240484,0.220647,0.204264,0.197324,0.506822,0.479863,0.356179,0.281828,0.314209,0.308361,0.246133,0.186714,0.102326,0.105124,0.047625,0.174231,-0.039198,0.043004,0.018288,0.250167,0.011436,0.178800,0.021001,0.069661,0.268017,0.234300,0.241747,0.210668,0.421340,0.272025,0.071787,-0.063431,0.241792,0.172539
0.414739,0.461629,0.290586,0.190365,0.058492,-0.031017,0.350027,0.480758,0.163583,0.236588,0.378058,0.610476,0.529215,0.000000,0.234132,0.062776,0.172501,0.335086,0.326771,0.164618,0.212598,0.070514,0.274976,0.379484,0.156063,0.317380,-0.068685,0.057902,0.163242,0.480699,0.191943,0.109993,0.449288,0.428862,-0.015232,0.025531,-0.169272,0.068062,0.326049,0.042386,0.209577,0.194851,0.307373,0.182090,0.301786,0.397005,0.087248,0.438645,0.458547,0.695816,0.261893,0.558479,0.345392,-0.027825,0.209595,0.250420,0.387348,0.499744,0.359151,0.432986,0.449130,0.647419,0.458412,0.518430,0.142481,0.336884,0.346901,0.298226,0.082254,0.079179,0.044275,0.029091,-0.116309,0.142132,0.041959,0.403234,0.072146,0.360862,0.016923,-0.008238,0.419142,0.446374,0.285388,0.342597,0.185048,0.540424,0.223659,-0.223452,0.414062,0.296637
0.265970,0.120751,0.077249,0.122596,0.342896,0.135248,0.219565,0.275486,-0.054904,0.320654,0.135603,0.161696,0.312354,0.234132,0.000000,0.045406,0.067043,0.130479,0.263020,0.112103,0.014518,0.078496,0.187148,0.248757,0.052428,0.154027,-0.131843,-0.150733,0.199871,0.139732,0.034224,-0.034079,0.243718,0.145807,0.038225,-0.038596,-0.021651,-0.011202,0.193262,0.006628,0.055855,0.185193,0.096464,0.013890,0.160900,0.118858,0.038834,0.207361,0.202579,0.258747,0.102975,0.218769,0.145292,-0.058900,0.045859,0.099247,0.154985,0.204970,0.166986,0.237586,0.239581,0.321462,0.197716,0.188282,0.221653,0.137476,0.165580,0.139405,0.004982,0.105593,-0.075867,0.127027,0.020302,0.112680,0.178611,0.141306,0.147007,0.169603,-0.014129,-0.022756,0.138649,0.191708,0.128808,0.065199,0.138680,0.220174,0.073148,-0.032790,0.242674,0.197373
0.179205,0.199713,0.160875,0.332071,0.154071,0.042011,0.254406,0.076583,0.148777,0.099989,0.222089,0.127325,0.068939,0.062776,0.045406,0.000000,0.183868,0.162863,0.343599,0.383655,0.104029,-0.044982,0.335438,0.011843,0.031426,0.148824,0.141695,0.279145,0.215245,0.180675,0.374648,0.296693,0.259539,0.193735,-0.008089,-0.000342,0.056961,0.033227,0.099964,0.195096,-0.053489,-0.019879,0.059459,0.196869,0.024418,0.126032,0.207127,0.114142,-0.016533,-0.112157,0.157475,0.000374,0.097919,0.202472,0.191827,0.153923,0.250910,0.126624,0.073866,-0.054999,0.232245,0.115680,0.179090,0.071751,0.173042,0.205660,0.242697,0.290226,0.221669,0.174510,0.346562,-0.181904,0.234584,0.011763,-0.108771,-0.099468,0.096443,0.172577,0.110499,0.159406,0.185480,0.181023,0.135852,0.307268,0.349594,0.243551,0.141487,0.190922,0.124424,0.135685
0.312937,0.388327,0.106474,0.163644,0.037464,-0.020327,0.201880,0.132966,0.066421,0.068881,0.231483,0.218011,0.155106,0.172501,0.067043,0.183868,0.000000,0.411542,0.236226,0.305419,0.041505,-0.004916,0.155618,0.076136,0.065309,0.156961,0.043346,0.133625,0.397592,0.223769,0.226694,0.127596,0.441278,0.342486,0.050225,0.032744,-0.069907,0.071706,0.318399,0.345851,0.093526,0.158716,0.131593,0.245038,0.187063,0.265060,0.195076,0.292240,0.208856,0.160717,0.218252,0.201441,0.247875,0.053469,0.393586,0.293170,0.397424,0.277911,0.240294,0.171290,0.272163,0.238061,0.433051,0.307529,0.160622,0.199830,0.176797,0.247655,0.162929,0.113046,0.174744,0.011045,0.070875,-0.167890,-0.123278,0.135052,0.097549,0.275982,0.272900,0.228802,0.447601,0.364965,0.344937,0.420521,0.300553,0.407914,0.402040,-0.019933,0.344347,0.247004
0.339451,0.546405,0.038161,0.155637,0.070976,0.080171,0.261244,0.146589,0.019558,0.036504,0.346366,0.268819,0.187666,0.335086,0.130479,0.162863,0.411542,0.000000,0.326604,0.248626,0.068039,0.110781,0.123114,0.087524,0.019174,0.083089,0.104697,0.122169,0.367828,0.487525,0.326424,0.061107,0.508108,0.278307,-0.004640,0.032617,-0.183992,0.123731,0.401061,0.295439,0.165821,0.250832,0.262721,0.223428,0.233774,0.205604,0.225193,0.277244,0.265473,0.260571,0.184420,0.211562,0.291048,0.037031,0.455119,0.495777,0.554650,0.471321,0.232282,0.217576,0.374900,0.303262,0.467266,0.376532,0.190778,0.180323,0.265012,0.219926,0.200681,0.247033,0.076013,0.039041,-0.017018,-0.141014,-0.097117,0.315039,0.121762,0.437356,0.151065,0.324940,0.588168,0.422245,0.494069,0.522740,0.310298,0.448019,0.491850,-0.010029,0.598952,0.422539
0.457163,0.445474,0.382716,0.294983,0.175162,-0.006172,0.580820,0.309765,0.135540,0.109121,0.587396,0.274476,0.452878,0.326771,0.263020,0.343599,0.236226,0.326604,0.000000,0.373564,0.081957,0.085378,0.501382,0.272364,0.023184,0.205639,-0.008305,0.094827,0.379539,0.300004,0.315237,0.102332,0.422639,0.315436,-0.095133,-0.006804,-0.150852,0.005021,0.372023,0.146108,0.031013,0.166167,0.187932,0.280318,0.203869,0.228757,0.335807,0.375211,0.125953,0.233541,0.278147,0.279575,0.334811,0.190825,0.329622,0.394437,0.462517,0.300955,0.120212,0.103495,0.577431,0.458703,0.388625,0.279169,0.453065,0.305754,0.394771,0.394512,0.278865,0.342848,0.142953,0.079385,0.123845,-0.016215,-0.115751,0.302111,0.108156,0.427241,0.012436,0.226389,0.350029,0.351546,0.347885,0.490176,0.537541,0.449299,0.360390,0.011370,0.484776,0.377217
0.258298,0.393110,0.005555,0.401273,0.085145,0.116373,0.216793,0.133500,0.082708,0.037875,0.092975,0.135274,0.084535,0.164618,0.112103,0.383655,0.305419,0.248626,0.373564,0.000000,0.084469,-0.021033,0.138187,-0.006606,-0.039154,0.038504,0.153599,0.257289,0.327680,0.164426,0.227649,0.328765,0.451523,0.428092,0.051891,0.031670,0.182137,0.318914,0.188896,0.231930,0.007088,0.117581,0.307790,0.326265,0.365958,0.361731,0.248635,0.281905,0.161265,0.110385,0.397801,0.227482,0.295041,0.279693,0.468663,0.294574,0.386054,0.301015,0.422946,0.316393,0.252920,0.198772,0.358890,0.291380,0.086932,0.162183,0.431489,0.470599,0.287232,0.293130,0.166833,-0.060565,0.325808,-0.075462,-0.279944,-0.097202,0.136045,0.103335,0.243736,0.207688,0.213823,0.380979,0.309004,0.383673,0.393474,0.309202,0.138473,0.107695,0.149704,0.119700
0.040299,0.128735,0.038939,-0.062621,-0.087128,-0.208488,0.022083,0.049690,0.114977,0.066745,0.134430,0.108238,0.110620,0.212598,0.014518,0.104029,0.041505,0.068039,0.081957,0.084469,0.000000,0.092917,0.056956,0.084294,0.057074,0.060694,-0.199228,0.003461,0.000460,0.091251,0.079619,0.067073,0.034870,0.266265,0.007186,0.042762,0.006721,0.063742,0.121316,0.052571,0.086040,0.102175,0.086401,0.083224,0.192543,0.151946,0.007438,0.098185,0.101121,0.134046,0.126398,0.126086,-0.001911,0.002026,0.135041,0.060288,0.111684,0.111986,0.100938,0.077264,0.126524,0.110960,0.125957,0.088719,0.024176,0.050538,0.113825,0.090482,0.029205,-0.029645,0.312230,-0.072067,-0.056340,-0.027988,-0.119014,-0.037874,0.010277,0.022898,-0.020989,-0.057072,0.116031,0.071599,0.186724,0.096929,0.024254,0.187180,0.035591,0.019856,0.103890,0.037198
0.057271,0.044399,0.034030,0.029962,-0.005913,0.011603,0.015134,0.119754,0.015847,0.061849,0.138078,-0.025375,0.051864,0.070514,0.078496,-0.044982,-0.004916,0.110781,0.085378,-0.021033,0.092917,0.000000,-0.012340,0.103569,0.076281,0.056429,-0.176965,-0.271075,0.014820,0.090172,0.014883,0.008508,0.002165,-0.088892,-0.034878,0.021157,-0.064569,0.053445,0.161121,0.040434,0.051670,0.082653,0.049079,-0.052071,0.073201,-0.022608,-0.031839,0.037041,0.038664,0.113585,0.045393,0.041300,0.141575,-0.068422,0.159689,0.018319,0.027691,0.087751,-0.032684,0.031339,0.092924,0.170984,0.066394,0.103256,0.112951,0.117702,0.046488,0.057643,-0.015717,-0.028283,-0.126821,0.399124,-0.155950,-0.108159,-0.112376,0.109038,-0.025910,0.109391,0.024911,0.003207,0.042109,0.120431,0.229622,0.055616,0.097316,0.128467,0.120837,-0.065289,0.170827,0.065177
0.182849,0.222802,0.534412,0.333381,0.166175,0.046030,0.454621,0.348771,0.151612,0.180644,0.475820,0.291755,0.399102,0.274976,0.187148,0.335438,0.155618,0.123114,0.501382,0.138187,0.056956,-0.012340,0.000000,0.554506,0.195427,0.308594,0.013538,0.146880,0.189891,0.173364,0.362263,0.193396,0.306350,0.161232,-0.079324,-0.018385,-0.059389,-0.117572,0.144795,-0.025287,0.065793,0.031690,0.018307,0.126132,0.046456,0.136541,0.235161,0.247516,0.067738,0.160737,0.122422,0.205629,0.099392,0.201290,0.059650,0.152269,0.260818,0.116215,-0.060759,-0.080832,0.273130,0.299802,0.206972,0.153190,0.462808,0.389676,0.238618,0.271538,0.234163,0.092181,0.045362,0.050766,0.058373,0.020394,0.023262,0.157073,0.043889,0.283935,-0.065910,0.105201,0.215136,0.136669,0.105732,0.210227,0.434531,0.314249,0.142769,0.013006,0.176165,0.111849
0.156267,0.110658,0.385995,0.160386,0.072627,-0.072591,0.264131,0.428617,0.174268,0.140856,0.349177,0.233323,0.401285,0.379484,0.248757,0.011843,0.076136,0.087524,0.272364,-0.006606,0.084294,0.103569,0.554506,0.000000,0.130827,0.200861,-0.222292,-0.064160,0.120878,0.169880,0.091340,0.130978,0.168759,0.278429,-0.075772,0.048155,-0.111900,-0.019400,0.191838,-0.031215,0.085496,0.122620,0.066134,-0.022406,0.116506,0.188679,0.077168,0.247629,0.185889,0.335995,0.148507,0.266889,0.185279,0.015226,0.000317,0.085523,0.215070,0.120307,-0.024987,0.080232,0.149579,0.334984,0.133370,0.156592,0.331751,0.381012,0.195575,0.242859,0.054385,-0.045658,-0.063098,0.199786,-0.148693,0.066630,0.062707,0.264513,0.090411,0.229214,-0.057194,-0.079047,0.130901,0.173103,0.129866,0.086233,0.218039,0.299422,0.115276,-0.115921,0.205653,0.136457
-0.056846,-0.025139,0.010708,0.048688,0.135928,0.141549,0.019480,0.027853,0.094333,0.228735,0.113022,0.075576,0.083920,0.156063,0.052428,0.031426,0.065309,0.019174,0.023184,-0.039154,0.057074,0.076281,0.195427,0.130827,0.000000,0.267300,-0.126751,0.101123,-0.053312,0.109069,0.051796,0.090318,0.008970,0.087533,0.082284,-0.016031,0.001856,0.005641,0.032289,-0.086086,-0.025396,-0.010798,0.074860,-0.017584,0.118848,0.040592,-0.090050,0.061518,0.088387,0.233408,0.013340,0.125725,0.008421,-0.036175,-0.003414,0.003002,0.015733,0.076649,-0.013348,-0.023990,0.052672,0.085573,0.065190,0.145984,0.069321,0.084457,0.060884,0.103399,-0.016958,-0.015293,-0.078268,0.159870,-0.167704,0.059838,-0.021103,0.133494,-0.032061,0.088960,-0.087333,-0.028273,0.015873,0.125088,-0.029559,-0.018215,0.005679,0.131336,-0.017247,-0.134193,0.086441,0.003194
0.252803,0.196200,0.185846,0.009115,0.082024,-0.051127,0.191545,0.151646,0.056332,0.229703,0.265812,0.238480,0.282188,0.317380,0.154027,0.148824,0.156961,0.083089,0.205639,0.038504,0.060694,0.056429,0.308594,0.200861,0.267300,0.000000,-0.136154,0.048312,0.098035,0.110252,0.126157,0.037074,0.191179,0.228363,-0.059884,0.013574,-0.046872,-0.056475,0.178040,0.001970,0.140276,0.175752,0.010055,0.081458,0.067803,0.074667,0.107837,0.232116,0.108985,0.231098,0.021171,0.176415,0.119392,0.017614,0.055950,0.080741,0.178230,0.212207,0.091756,0.065447,0.163730,0.233419,0.165425,0.194820,0.104529,0.207476,0.115155,0.115751,0.080701,0.114404,0.104565,0.012142,-0.099898,-0.004776,-0.026056,0.184291,0.062933,0.213676,-0.005538,0.078459,0.149037,0.133345,0.097674,0.181987,0.144140,0.207237,0.149348,-0.075883,0.177282,0.122626
0.022309,0.054311,-0.008903,0.279706,0.277863,0.476755,-0.020885,-0.112895,-0.070603,-0.039083,-0.081250,-0.044370,-0.161722,-0.068685,-0.131843,0.141695,0.043346,0.104697,-0.008305,0.153599,-0.199228,-0.176965,0.013538,-0.222292,-0.126751,-0.136154,0.000000,0.507434,0.065697,0.061709,0.118214,0.052540,0.159068,-0.277944,0.000173,0.048311,0.042513,0.056656,-0.101705,0.043168,-0.007821,-0.066949,0.038929,0.156773,-0.037609,0.062102,0.037299,-0.075428,-0.026646,-0.148529,0.020658,-0.023733,-0.024569,0.080519,0.046998,0.110585,0.024723,0.010989,0.058430,-0.009700,-0.004933,-0.088748,0.014792,-0.048681,-0.064406,-0.056212,0.017487,-0.016978,0.061816,0.030797,-0.080566,-0.339431,0.321037,-0.033024,-0.019036,-0.234018,-0.022372,-0.043791,0.048716,0.137988,0.001527,0.034861,-0.038914,0.041269,0.029456,-0.070540,0.001056,0.038676,-0.068421,0.007201
0.039457,0.151381,0.050603,0.206445,0.042854,0.093785,0.081570,-0.032644,0.123095,-0.014066,0.057853,0.045341,-0.014378,0.057902,-0.150733,0.279145,0.133625,0.122169,0.094827,0.257289,0.003461,-0.271075,0.146880,-0.064160,0.101123,0.048312,0.507434,0.000000,0.095989,0.117251,0.129713,0.216396,0.144397,0.141198,0.076905,0.092900,0.073841,0.078371,-0.050325,0.058220,0.006609,-0.066302,0.120704,0.193753,0.092170,0.148059,0.049914,0.064432,0.051489,-0.046030,0.123353,0.077164,0.057622,0.191848,0.131870,0.126801,0.120531,0.059922,0.154824,0.018495,0.142292,0.032966,0.111071,0.049111,-0.021679,0.071900,0.078177,0.139881,0.129520,0.082242,0.306498,-0.298681,0.165234,0.076590,-0.194350,-0.160344,-0.012287,0.008545,0.087115,0.153533,0.092556,0.126019,0.050490,0.148869,0.144677,0.106899,0.071464,0.062526,-0.010469,0.058740
0.426391,0.397199,0.143541,0.239843,-0.014261,-0.013401,0.340564,0.210984,0.107372,-0.038791,0.233387,0.127540,0.263530,0.163242,0.199871,0.215245,0.397592,0.367828,0.379539,0.327680,0.000460,0.014820,0.189891,0.120878,-0.053312,0.098035,0.065697,0.095989,0.000000,0.177875,0.224435,0.121864,0.493156,0.347980,0.094958,0.052339,-0.039033,0.152156,0.462181,0.462403,0.086797,0.283751,0.164958,0.276171,0.196107,0.204063,0.282068,0.298994,0.235818,0.134883,0.230383,0.138346,0.284228,0.135079,0.472319,0.411402,0.354086,0.258548,0.254142,0.182960,0.353115,0.285070,0.415829,0.199710,0.291874,0.269224,0.165790,0.229220,0.119347,0.205965,0.129903,0.023742,0.209456,-0.181672,-0.119237,0.264389,0.257547,0.405582,0.198350,0.172142,0.399192,0.317886,0.377467,0.553751,0.389873,0.392442,0.510350,0.082027,0.436151,0.413844
0.284792,0.462498,0.161755,0.229881,0.188033,0.146965,0.380067,0.347123,0.014992,0.212464,0.330610,0.366085,0.143411,0.480699,0.139732,0.180675,0.223769,0.487525,0.300004,0.164426,0.091251,0.090172,0.173364,0.169880,0.109069,0.110252,0.061709,0.117251,0.177875,0.000000,0.364481,0.131534,0.458680,0.218675,-0.023839,-0.027264,-0.178987,0.023138,0.280959,0.153132,0.239741,0.109482,0.299454,0.218979,0.210353,0.248038,0.110223,0.310318,0.238753,0.405236,0.175624,0.353347,0.330528,-0.099202,0.215027,0.354804,0.492198,0.535284,0.245264,0.283731,0.400001,0.511309,0.435697,0.578555,0.145936,0.221933,0.417018,0.313055,0.248727,0.185654,0.079052,0.013940,-0.172420,0.099306,0.077400,0.316027,-0.001231,0.399244,-0.038877,0.127251,0.593508,0.376004,0.221486,0.331285,0.131769,0.428170,0.255144,-0.140904,0.524017,0.360011
0.290145,0.338269,0.158419,0.407958,0.192945,0.187008,0.417477,0.260480,-0.024834,-0.011085,0.288409,0.254536,0.085280,0.191943,0.034224,0.374648,0.226694,0.326424,0.315237,0.227649,0.079619,0.014883,0.362263,0.091340,0.051796,0.126157,0.118214,0.129713,0.224435,0.364481,0.000000,0.387736,0.357787,0.170378,-0.027644,-0.040833,-0.035283,-0.088760,0.135733,0.194991,0.020831,-0.026106,0.098057,0.254760,0.066720,0.092108,0.306248,0.148911,0.043313,-0.029205,0.172754,0.061656,0.167871,0.079498,0.234303,0.283108,0.389424,0.320144,0.063866,0.040731,0.346001,0.337075,0.264495,0.251687,0.298102,0.317311,0.422088,0.408056,0.367358,0.242046,0.074973,-0.013903,0.043824,-0.064000,0.027923,0.091437,0.092477,0.277699,0.066173,0.241212,0.367316,0.199180,0.167064,0.302951,0.373340,0.333102,0.224146,0.164570,0.279774,0.230261
0.104230,0.184836,0.179950,0.381173,-0.032050,-0.005477,0.291335,0.354499,0.195480,0.011362,0.154302,0.129495,0.106177,0.109993,-0.034079,0.296693,0.127596,0.061107,0.102332,0.328765,0.067073,0.008508,0.193396,0.130978,0.090318,0.037074,0.052540,0.216396,0.121864,0.131534,0.387736,0.000000,0.130675,0.255634,0.079758,0.023164,0.170137,0.030033,-0.028093,-0.006842,-0.035973,-0.057415,0.143813,0.179405,0.169904,0.213509,0.224908,0.170640,0.081843,-0.031284,0.221368,0.063379,0.093238,0.159716,0.098500,0.096488,0.169782,0.086750,0.077880,0.054425,0.208702,0.238325,0.064587,0.125436,0.133562,0.336660,0.320942,0.442684,0.259122,0.038386,0.137082,0.034660,0.116405,-0.011068,-0.090832,-0.213008,0.014469,-0.049851,0.083979,0.138973,0.093701,0.164568,0.028223,0.023209,0.223461,0.128778,-0.047510,0.096436,-0.010397,0.033793
0.507989,0.573672,0.189712,0.335965,0.154423,0.108306,0.424799,0.385593,0.090930,0.154717,0.234724,0.365838,0.267004,0.449288,0.243718,0.259539,0.441278,0.508108,0.422639,0.451523,0.034870,0.002165,0.306350,0.168759,0.008970,0.191179,0.159068,0.144397,0.493156,0.458680,0.357787,0.130675,0.000000,0.558115,0.030867,0.058991,-0.145944,0.112173,0.560598,0.466346,0.231196,0.318670,0.326089,0.351446,0.336505,0.417520,0.311836,0.485570,0.400141,0.404825,0.352431,0.402162,0.353974,0.048830,0.523341,0.554393,0.587821,0.596219,0.519744,0.501929,0.427187,0.472593,0.636050,0.489306,0.226056,0.297084,0.414756,0.443146,0.260753,0.291175,0.081625,-0.006865,0.082095,-0.050533,-0.057167,0.397644,0.311656,0.509859,0.130888,0.165832,0.654012,0.521497,0.460356,0.644500,0.390119,0.670867,0.460146,-0.051722,0.609940,0.607173
0.332593,0.424094,0.171013,0.074699,-0.111042,-0.315881,0.300083,0.420935,0.257526,0.081492,0.199445,0.293386,0.336122,0.428862,0.145807,0.193735,0.342486,0.278307,0.315436,0.428092,0.266265,-0.088892,0.161232,0.278429,0.087533,0.228363,-0.277944,0.141198,0.347980,0.218675,0.170378,0.255634,0.558115,0.000000,0.053693,0.101877,-0.051634,0.196284,0.374690,0.307007,0.183635,0.322620,0.346225,0.281139,0.432469,0.514037,0.246648,0.464300,0.370888,0.415936,0.351792,0.374556,0.324672,0.135161,0.422668,0.350355,0.441297,0.432337,0.434324,0.433833,0.329710,0.432476,0.445469,0.392908,0.171731,0.282733,0.357889,0.460818,0.226614,0.206813,0.417148,-0.038698,-0.052882,0.010785,-0.177625,0.282594,0.232106,0.275313,0.099605,0.090956,0.393083,0.385276,0.413351,0.450009,0.298983,0.517346,0.294972,-0.051018,0.378749,0.362635
-0.046487,-0.036973,-0.115519,-0.016796,-0.087388,-0.038553,-0.067046,0.024036,0.045334,-0.031688,-0.059776,-0.029495,-0.052892,-0.015232,0.038225,-0.008089,0.050225,-0.004640,-0.095133,0.051891,0.007186,-0.034878,-0.079324,-0.075772,0.082284,-0.059884,0.000173,0.076905,0.094958,-0.023839,-0.027644,0.079758,0.030867,0.053693,0.000000,-0.018979,0.106276,0.089558,0.006379,0.076525,0.003387,0.059477,0.045536,0.033076,0.030156,0.066426,-0.051567,-0.081626,-0.011618,-0.021161,0.043701,0.027580,0.029380,0.024519,0.085664,0.004556,-0.021370,-0.022953,0.051372,0.116830,0.013632,-0.027849,0.069002,0.001280,0.015125,0.070420,-0.040308,0.062317,-0.100518,-0.007721,0.024467,-0.059102,0.014932,-0.060541,-0.043690,-0.127040,0.058831,-0.088419,0.124638,-0.084314,-0.011132,0.005470,0.050406,0.052976,-0.000063,0.073229,0.012253,0.071623,0.030436,0.044647
0.086687,-0.002733,0.056993,-0.009800,-0.082436,-0.069045,-0.020112,0.060884,0.047569,-0.067853,-0.008486,-0.032019,0.040084,0.025531,-0.038596,-0.000342,0.032744,0.032617,-0.006804,0.031670,0.042762,0.021157,-0.018385,0.048155,-0.016031,0.013574,0.048311,0.092900,0.052339,-0.027264,-0.040833,0.023164,0.058991,0.101877,-0.018979,0.000000,0.023139,0.063505,-0.023576,0.106618,0.036772,0.077573,0.056265,0.043513,0.075459,0.135997,-0.023737,0.014919,0.087182,0.097050,0.039129,0.034353,-0.030080,-0.018310,0.050674,-0.009506,-0.001595,-0.014130,0.060162,0.032746,-0.034807,-0.015016,0.018214,-0.028029,-0.017221,0.047841,-0.047394,-0.039773,-0.077272,0.013725,0.057834,-0.047473,-0.020276,-0.036839,-0.052052,0.003341,0.073732,-0.055320,0.018685,0.002524,-0.007229,0.038452,0.092555,0.006317,0.000945,0.011772,0.016878,-0.001258,-0.030628,0.010331
-0.093231,-0.079742,-0.078691,0.100757,0.030544,0.060011,-0.083109,-0.045855,0.033560,0.002118,-0.185459,-0.039195,-0.059439,-0.169272,-0.021651,0.056961,-0.069907,-0.183992,-0.150852,0.182137,0.006721,-0.064569,-0.059389,-0.111900,0.001856,-0.046872,0.042513,0.073841,-0.039033,-0.178987,-0.035283,0.170137,-0.145944,-0.051634,0.106276,0.023139,0.000000,0.028894,-0.214493,-0.082084,0.011111,-0.149676,0.093078,0.098391,0.027777,0.071083,0.025635,-0.072759,-0.008928,-0.152767,0.073009,-0.045624,-0.126653,0.159080,-0.084984,-0.056997,-0.125576,-0.156154,0.075583,-0.023378,-0.124551,-0.176268,-0.097608,-0.119324,-0.133768,-0.046287,0.043855,0.077535,-0.004272,0.017076,0.008672,-0.064878,0.146744,0.081272,0.075398,-0.360942,0.020666,-0.299908,0.001974,-0.062900,-0.209739,-0.074170,-0.256464,-0.220890,-0.011250,-0.200689,-0.271844,0.249209,-0.308269,-0.210097
0.001411,-0.010474,-0.152161,0.049678,-0.120511,0.013336,-0.067629,-0.046494,0.037943,0.044674,-0.078871,-0.218289,-0.098605,0.068062,-0.011202,0.033227,0.071706,0.123731,0.005021,0.318914,0.063742,0.053445,-0.117572,-0.019400,0.005641,-0.056475,0.056656,0.078371,0.152156,0.023138,-0.088760,0.030033,0.112173,0.196284,0.089558,0.063505,0.028894,0.000000,0.354808,0.201441,0.154896,0.232584,0.190345,0.015905,0.310539,0.128791,-0.066177,0.097430,0.109532,0.124890,0.140495,0.106214,0.212639,0.087724,0.437371,0.113370,-0.056707,0.106392,0.202183,0.208170,0.017199,-0.008976,0.073620,0.095422,0.074774,0.084881,-0.017778,0.095068,-0.111901,-0.008692,-0.064003,0.062505,0.226237,-0.224566,-0.349493,-0.036805,0.107312,0.114467,0.115006,-0.003867,0.000066,0.254054,0.384870,0.249309,0.089760,0.199752,0.311559,-0.116385,0.186695,0.136924
0.377414,0.312211,0.067361,0.169252,-0.022504,-0.008512,0.276071,0.176207,0.033599,0.079181,0.241497,0.152496,0.191115,0.326049,0.193262,0.099964,0.318399,0.401061,0.372023,0.188896,0.121316,0.161121,0.144795,0.191838,0.032289,0.178040,-0.101705,-0.050325,0.462181,0.280959,0.135733,-0.028093,0.560598,0.374690,0.006379,-0.023576,-0.214493,0.354808,0.000000,0.514064,0.246887,0.494149,0.197601,0.152943,0.296509,0.178012,0.101034,0.329488,0.323726,0.348530,0.236894,0.310346,0.479296,0.012899,0.673364,0.365197,0.267636,0.347304,0.288593,0.387482,0.361470,0.351433,0.389847,0.291006,0.359102,0.372990,0.127012,0.236168,0.000517,0.105219,-0.021100,0.174078,0.059503,-0.163572,-0.167565,0.557064,0.325796,0.619348,0.078830,0.114659,0.449423,0.445980,0.624481,0.674106,0.324259,0.660779,0.691884,-0.127950,0.799464,0.582568
0.405044,0.177252,-0.065089,0.188673,-0.038751,-0.033074,0.130319,0.049816,-0.019311,-0.177357,0.033352,0.064529,-0.065158,0.042386,0.006628,0.195096,0.345851,0.295439,0.146108,0.231930,0.052571,0.040434,-0.025287,-0.031215,-0.086086,0.001970,0.043168,0.058220,0.462403,0.153132,0.194991,-0.006842,0.466346,0.307007,0.076525,0.106618,-0.082084,0.201441,0.514064,0.000000,0.153649,0.370713,0.206597,0.295662,0.142184,0.168889,0.140407,0.102062,0.175532,0.093611,0.150960,0.159531,0.309368,0.048520,0.557466,0.420525,0.225093,0.147719,0.340168,0.324898,0.185452,0.070061,0.273758,0.118879,0.201762,0.228190,0.095743,0.226516,0.002108,0.142355,0.234448,-0.091950,0.049971,-0.280159,-0.085537,0.262357,0.481291,0.286663,0.206558,0.059192,0.379239,0.230718,0.374078,0.598605,0.312148,0.444492,0.553513,0.107800,0.508750,0.527563
0.170270,0.181895,-0.029325,0.003598,-0.029226,-0.010952,0.039144,0.118470,-0.054015,0.050029,0.047839,0.092196,0.060357,0.209577,0.055855,-0.053489,0.093526,0.165821,0.031013,0.007088,0.086040,0.051670,0.065793,0.085496,-0.025396,0.140276,-0.007821,0.006609,0.086797,0.239741,0.020831,-0.035973,0.231196,0.183635,0.003387,0.036772,0.011111,0.154896,0.246887,0.153649,0.000000,0.179212,0.146605,0.020486,0.092550,0.092504,-0.056606,0.111790,0.163598,0.216936,-0.041018,0.205436,0.182085,-0.073774,0.119469,0.113092,0.145738,0.229277,0.165460,0.248325,0.061747,0.122074,0.118506,0.145279,0.055148,0.153393,0.078246,0.057161,-0.000946,0.098775,0.042021,-0.009215,-0.156268,0.041569,0.061462,0.261877,0.126136,0.176157,-0.045083,-0.034585,0.272015,0.141300,0.180013,0.144228,0.013424,0.177329,0.266222,-0.041209,0.299631,0.139468
0.271381,0.126129,0.051739,0.052074,-0.004112,-0.050791,0.080416,0.160548,-0.018881,0.061180,0.003118,0.057103,0.118044,0.194851,0.185193,-0.019879,0.158716,0.250832,0.166167,0.117581,0.102175,0.082653,0.031690,0.122620,-0.010798,0.175752,-0.066949,-0.066302,0.283751,0.109482,-0.026106,-0.057415,0.318670,0.322620,0.059477,0.077573,-0.149676,0.232584,0.494149,0.370713,0.179212,0.000000,0.176095,0.070518,0.213682,0.192439,0.073369,0.204812,0.167353,0.292902,0.015957,0.191702,0.250782,-0.037442,0.212906,0.187035,0.200403,0.228754,0.244187,0.263671,0.129182,0.219639,0.269019,0.154430,0.115697,0.146119,0.075056,0.099483,0.036377,0.173393,-0.011366,0.089486,-0.006837,-0.130657,0.043106,0.311176,0.311179,0.254363,0.041263,-0.052728,0.219768,0.156374,0.320879,0.300788,0.097203,0.265006,0.313894,-0.014594,0.388725,0.313142
0.218077,0.242875,0.038037,0.187975,0.085680,0.065085,0.159925,0.252485,0.137583,0.131776,0.140808,0.205137,0.137604,0.307373,0.096464,0.059459,0.131593,0.262721,0.187932,0.307790,0.086401,0.049079,0.018307,0.066134,0.074860,0.010055,0.038929,0.120704,0.164958,0.299454,0.098057,0.143813,0.326089,0.346225,0.045536,0.056265,0.093078,0.190345,0.197601,0.206597,0.146605,0.176095,0.000000,0.551337,0.642010,0.552918,0.314827,0.415819,0.457557,0.473808,0.377220,0.386717,0.364573,0.100535,0.455805,0.417373,0.268067,0.280418,0.422519,0.415266,0.261471,0.220893,0.307152,0.317778,0.051857,0.102113,0.299593,0.377350,0.083201,0.187099,0.051538,-0.006549,-0.010823,0.055571,-0.036308,0.095807,0.171041,0.159471,0.020058,0.023664,0.244040,0.362597,0.304129,0.240672,0.135909,0.250607,0.182542,0.011088,0.262385,0.199424
0.321491,0.373940,0.064279,0.253200,0.170597,0.056307,0.267995,0.205436,0.034104,-0.019612,0.138107,0.216186,0.104978,0.182090,0.013890,0.196869,0.245038,0.223428,0.280318,0.326265,0.083224,-0.052071,0.126132,-0.022406,-0.017584,0.081458,0.156773,0.193753,0.276171,0.218979,0.254760,0.179405,0.351446,0.281139,0.033076,0.043513,0.098391,0.015905,0.152943,0.295662,0.020486,0.070518,0.551337,0.000000,0.373900,0.529500,0.540404,0.418857,0.339315,0.271384,0.387902,0.267061,0.221080,0.209074,0.370023,0.392365,0.345770,0.248327,0.337137,0.258783,0.333918,0.204492,0.327031,0.229458,0.051956,0.131399,0.312388,0.404281,0.218623,0.229850,0.113232,-0.131085,0.112760,-0.003118,-0.038875,0.049967,0.157421,0.136115,0.088281,0.175194,0.282162,0.220320,0.196444,0.306121,0.227571,0.205888,0.202742,0.126657,0.164339,0.198240
0.102440,0.222928,0.065989,0.084984,0.115690,0.032293,0.150260,0.236141,0.240739,0.217974,0.130090,0.116794,0.176728,0.301786,0.160900,0.024418,0.187063,0.233774,0.203869,0.365958,0.192543,0.073201,0.046456,0.116506,0.118848,0.067803,-0.037609,0.092170,0.196107,0.210353,0.066720,0.169904,0.336505,0.432469,0.030156,0.075459,0.027777,0.310539,0.296509,0.142184,0.092550,0.213682,0.642010,0.373900,0.000000,0.591801,0.186336,0.465245,0.498011,0.524481,0.408714,0.385680,0.369666,0.130883,0.480904,0.279629,0.228916,0.344025,0.375228,0.396556,0.261692,0.268114,0.291907,0.292618,0.140309,0.121611,0.318706,0.395456,0.098767,0.193090,0.062039,0.086523,0.048314,-0.029894,-0.228536,0.055239,0.039606,0.155956,0.058522,0.016258,0.210520,0.441412,0.379371,0.288604,0.128295,0.336371,0.184005,-0.102258,0.231797,0.197957
0.215830,0.307626,0.213488,0.203239,0.096084,-0.038539,0.200507,0.355993,0.240849,0.121991,0.102701,0.238297,0.235850,0.397005,0.118858,0.126032,0.265060,0.205604,0.228757,0.361731,0.151946,-0.022608,0.136541,0.188679,0.040592,0.074667,0.062102,0.148059,0.204063,0.248038,0.092108,0.213509,0.417520,0.514037,0.066426,0.135997,0.071083,0.128791,0.178012,0.168889,0.092504,0.192439,0.552918,0.529500,0.591801,0.000000,0.292905,0.459969,0.563443,0.599703,0.408154,0.469813,0.279375,0.163431,0.280437,0.225873,0.306233,0.301699,0.422947,0.380469,0.285683,0.326157,0.344105,0.297619,0.044682,0.191270,0.399570,0.445723,0.186825,0.125598,0.159906,-0.053637,0.038468,0.109630,-0.082353,0.058457,0.101551,0.082844,0.045064,0.000370,0.229917,0.401560,0.205227,0.233730,0.127062,0.305371,0.118408,-0.041004,0.181904,0.179147
0.307597,0.423768,0.239022,0.278168,0.108724,-0.071585,0.418352,0.322754,0.176591,-0.032641,0.265080,0.232444,0.250950,0.087248,0.038834,0.207127,0.195076,0.225193,0.335807,0.248635,0.007438,-0.031839,0.235161,0.077168,-0.090050,0.107837,0.037299,0.049914,0.282068,0.110223,0.306248,0.224908,0.311836,0.246648,-0.051567,-0.023737,0.025635,-0.066177,0.101034,0.140407,-0.056606,0.073369,0.314827,0.540404,0.186336,0.292905,0.000000,0.489598,0.236308,0.123226,0.407122,0.250874,0.124497,0.420728,0.236588,0.407925,0.401244,0.201407,0.246442,0.135479,0.318401,0.188453,0.268780,0.111633,0.077182,0.116262,0.346214,0.355736,0.372384,0.242885,0.047556,0.023678,0.147181,-0.081644,-0.024103,0.077804,0.061888,0.146218,0.101355,0.181121,0.259938,0.088967,0.178335,0.313935,0.364891,0.123879,0.095979,0.231947,0.085399,0.164555
0.393297,0.577980,0.320666,0.138037,0.076607,-0.091125,0.364178,0.441983,0.233469,0.139204,0.239213,0.363052,0.375556,0.438645,0.207361,0.114142,0.292240,0.277244,0.375211,0.281905,0.098185,0.037041,0.247516,0.247629,0.061518,0.232116,-0.075428,0.064432,0.298994,0.310318,0.148911,0.170640,0.485570,0.464300,-0.081626,0.014919,-0.072759,0.097430,0.329488,0.102062,0.111790,0.204812,0.415819,0.418857,0.465245,0.459969,0.489598,0.000000,0.526130,0.551609,0.348123,0.494076,0.324034,0.148203,0.271731,0.345667,0.470641,0.452940,0.362391,0.296900,0.342618,0.417394,0.407892,0.386409,0.083713,0.125928,0.341272,0.280920,0.294255,0.194754,0.072115,0.097872,0.098522,-0.013932,-0.024939,0.288497,0.102696,0.311212,0.068870,0.097881,0.412781,0.368674,0.324677,0.387531,0.177006,0.331565,0.217528,-0.017766,0.283398,0.230627
