0.000000,1.364384,0.258047,0.129843,0.254432,0.086318,0.293378,0.298764,0.121761,0.309783,0.713493,0.532887,0.444753,0.254300,0.240050,0.192139,0.939102,1.156087,0.965886,0.867032,-0.052791,0.206540,0.196441,0.048277,-0.081949,0.108837,0.279566,0.059650,0.736173,0.724289,0.481069,0.250526,0.778659,0.713847,0.109423,0.096072,0.116329,0.088402,0.326817,0.346932,0.161210,0.046868,0.281063,0.323562,0.449234,0.344486,0.420262,0.523543,0.375281,0.464209,0.215645,0.207982,0.378042,0.300614,0.440442,0.365758,1.425297,1.333524,0.388333,0.411936,0.858817,0.511931,0.514631,0.599318,0.126793,0.208918,0.332026,0.287425,0.860639,1.060890,0.097090,0.139035,0.560943,0.526419,0.158700,0.182119,0.355746,0.409842,0.735953,0.830252,0.636056,0.654516,0.318651,0.306472,0.432213,0.218000,0.396301,0.460228,0.381318,0.353459
1.364384,0.000000,0.321849,0.254286,0.264582,0.185701,0.185127,0.230164,0.105598,0.233593,0.469352,0.432237,0.342282,0.350616,0.361986,0.239632,0.670390,1.114445,0.787607,0.931011,-0.014330,0.351440,0.278463,0.050778,-0.014407,0.129275,0.411636,0.222927,0.698914,0.702678,0.567867,0.365913,0.932665,0.762435,0.237659,0.163284,0.218572,0.335439,0.481461,0.516638,0.176647,0.161545,0.402908,0.500849,0.600574,0.534187,0.470712,0.642090,0.461026,0.619217,0.382928,0.351893,0.489796,0.329009,0.587323,0.534989,1.256158,1.548272,0.454761,0.556430,0.611632,0.270421,0.334104,0.526908,0.085804,0.070402,0.550399,0.509971,1.005528,1.133713,0.146514,0.209326,0.592820,0.586213,0.147157,0.174020,0.440979,0.500572,0.780475,0.872439,0.739162,0.718759,0.406852,0.375442,0.689627,0.491016,0.565383,0.595849,0.528484,0.548841
0.258047,0.321849,0.000000,1.328756,0.537807,0.550395,0.935124,0.761833,0.759104,0.279103,0.273213,0.209462,0.589084,0.635032,0.805347,0.612853,0.360680,0.369324,0.698088,0.864858,-0.048021,0.247420,1.276839,0.798951,0.355564,0.387080,0.186786,0.210295,0.469528,0.593511,0.714606,0.770256,0.671767,0.759583,0.513813,0.527751,0.152715,0.445758,0.333693,0.648740,-0.019739,0.242484,0.834341,0.743187,0.650107,0.699827,0.518341,0.654291,0.804509,0.674987,0.437864,0.252176,0.666934,0.416198,0.550400,0.662221,0.274731,0.238574,0.566417,0.291047,0.461272,0.190772,0.584690,0.595094,0.528410,0.296933,0.866630,0.716491,0.468500,0.436806,0.264806,0.196333,0.406739,0.473178,0.475094,0.494469,0.503048,0.426823,0.314045,0.404362,0.685358,0.724821,0.584021,0.502750,0.384992,0.367496,0.373346,0.453385,0.684019,0.620140
0.129843,0.254286,1.328756,0.000000,0.601891,0.706214,0.713135,0.785789,0.726740,0.302928,0.147000,0.160882,0.495454,0.738274,0.893884,0.716476,0.240772,0.288413,0.502522,0.780570,-0.003742,0.318171,1.277255,0.939401,0.432932,0.463991,0.282338,0.308870,0.382609,0.417511,0.619157,0.894600,0.611265,0.708279,0.692544,0.635072,0.254746,0.430403,0.334340,0.602382,-0.003184,0.193439,1.004472,0.801164,0.622076,0.723339,0.646891,0.683595,0.814199,0.632224,0.531424,0.286106,0.713206,0.451395,0.613537,0.724267,0.188236,0.177459,0.495179,0.233977,0.332460,0.146856,0.467986,0.512925,0.579231,0.355409,0.982469,0.861328,0.453287,0.398449,0.347444,0.259279,0.438371,0.476192,0.528395,0.414501,0.579533,0.577287,0.242884,0.303796,0.606137,0.636149,0.533228,0.405095,0.528539,0.516329,0.404836,0.516736,0.682685,0.557763
0.254432,0.264582,0.537807,0.601891,0.000000,0.912389,0.588816,0.606086,0.783507,0.367661,0.464204,0.370685,0.420999,0.416370,0.674383,0.471611,0.341988,0.344651,0.523044,0.618117,0.079321,0.332634,0.692679,0.549739,0.247996,0.252005,0.447111,0.437086,0.388727,0.355267,0.514209,0.566769,0.412375,0.559233,0.368258,0.358357,0.091935,0.174781,0.251170,0.272212,-0.115016,-0.038226,0.484119,0.373567,0.286561,0.258486,0.517845,0.399275,0.373441,0.224323,0.251038,0.114628,0.397832,0.322085,0.369522,0.299339,0.202964,0.214335,0.231656,0.129273,0.565348,0.416789,0.538525,0.440692,0.603923,0.578408,0.458257,0.379118,0.363115,0.472192,0.487049,0.358743,0.590105,0.469982,0.449138,0.263840,0.405053,0.412028,0.129456,0.236757,0.286637,0.311631,0.253762,0.113019,0.213923,0.140184,0.261805,0.182395,0.501677,0.286346
0.086318,0.185701,0.550395,0.706214,0.912389,0.000000,0.430913,0.508693,0.787815,0.550625,0.265161,0.354958,0.333857,0.525311,0.696948,0.522307,0.111506,0.189286,0.342935,0.495032,0.076634,0.443298,0.757374,0.651000,0.528267,0.456458,0.555196,0.761256,0.240911,0.262384,0.408223,0.567532,0.307950,0.424847,0.411134,0.348303,0.158688,0.310412,0.230209,0.325286,-0.045886,0.020285,0.546580,0.481346,0.309279,0.346653,0.558157,0.471166,0.422096,0.341410,0.478158,0.341019,0.613680,0.416162,0.500166,0.452169,0.047186,0.112887,0.336833,0.269927,0.336040,0.273318,0.249843,0.303585,0.509395,0.509023,0.606976,0.640870,0.302763,0.357945,0.424985,0.245389,0.413823,0.340727,0.403566,0.245708,0.386521,0.362537,0.121270,0.170739,0.278089,0.336809,0.314690,0.155574,0.307990,0.360690,0.311208,0.179750,0.639293,0.479298
0.293378,0.185127,0.935124,0.713135,0.588816,0.430913,0.000000,1.311144,0.769349,0.288463,0.621994,0.555488,0.761655,0.627209,0.522053,0.424160,0.390122,0.308321,0.659181,0.690275,-0.082892,0.069602,0.725044,0.565591,0.107792,0.139207,-0.051474,-0.097324,0.487652,0.560075,0.368926,0.381755,0.382229,0.617394,0.185328,0.384312,0.039197,0.149550,0.171149,0.260310,-0.006811,-0.022814,0.558842,0.385295,0.339694,0.315050,0.402706,0.429144,0.496872,0.361834,0.316667,0.140117,0.478283,0.382562,0.324864,0.335646,0.178496,0.112534,0.440178,0.231134,0.811285,0.515900,0.935419,0.710028,0.507302,0.516431,0.460905,0.352356,0.218748,0.369009,0.228858,0.132939,0.387739,0.371488,0.437254,0.451855,0.376678,0.340264,0.125304,0.271432,0.392551,0.460878,0.278198,0.277231,0.137982,0.063232,0.080428,0.182784,0.398581,0.298298
0.298764,0.230164,0.761833,0.785789,0.606086,0.508693,1.311144,0.000000,0.716425,0.324712,0.498354,0.534968,0.530304,0.549658,0.516726,0.397315,0.314761,0.324805,0.531425,0.702615,-0.131110,0.088116,0.625705,0.571511,0.010194,0.080149,-0.074079,-0.055102,0.413560,0.512466,0.310126,0.483398,0.323168,0.619589,0.303601,0.523508,0.067429,0.160276,0.191342,0.293706,0.033749,-0.028683,0.521384,0.326188,0.278751,0.302930,0.373810,0.382454,0.398268,0.268277,0.255967,0.056321,0.396559,0.381479,0.293412,0.288839,0.189117,0.167220,0.366692,0.207330,0.769335,0.659429,0.721409,0.656853,0.534936,0.704649,0.443938,0.341271,0.260036,0.377741,0.253474,0.165177,0.398526,0.414945,0.424899,0.420904,0.431126,0.422325,0.128497,0.269895,0.364056,0.401655,0.256570,0.226201,0.192211,0.054579,0.119256,0.204304,0.393222,0.210103
0.121761,0.105598,0.759104,0.726740,0.783507,0.787815,0.769349,0.716425,0.000000,0.457545,0.394103,0.366506,0.579153,0.495525,0.869669,0.581462,0.195982,0.219779,0.532788,0.643618,-0.018442,0.244561,0.975004,0.752155,0.311541,0.193307,0.225731,0.350225,0.337684,0.384944,0.482079,0.556140,0.302859,0.416741,0.326557,0.301270,0.056257,0.259155,0.189513,0.371525,-0.075894,0.162117,0.484960,0.287817,0.321804,0.260697,0.448650,0.348349,0.422042,0.222671,0.202863,0.036564,0.444455,0.180762,0.311501,0.313358,0.044466,0.095393,0.331094,0.155361,0.554164,0.499643,0.562822,0.519569,0.796477,0.672409,0.445819,0.355545,0.345317,0.392766,0.304662,0.215398,0.489859,0.390651,0.587990,0.217565,0.381425,0.312694,0.208171,0.225861,0.352353,0.358219,0.348701,0.152466,0.198333,0.124166,0.262494,0.208099,0.695951,0.373757
0.309783,0.233593,0.279103,0.302928,0.367661,0.550625,0.288463,0.324712,0.457545,0.000000,0.336599,0.223395,0.378111,0.260495,0.401770,0.398185,0.257181,0.209948,0.463848,0.374615,0.054171,0.166322,0.440912,0.485576,0.429250,0.471948,0.395318,0.310371,0.206756,0.162605,0.296561,0.191276,0.378206,0.335479,0.235719,0.259734,0.082417,0.217432,0.234083,0.239096,-0.065105,0.000678,0.267385,0.229151,0.123593,0.088549,0.273460,0.278593,0.180297,0.160455,0.285986,0.206686,0.458363,0.443027,0.287520,0.252432,0.307822,0.307019,0.109426,0.101905,0.380432,0.497494,0.251237,0.168248,0.351534,0.563901,0.295187,0.349723,0.431099,0.440220,0.248913,0.098959,0.352458,0.188219,0.392942,0.242720,0.357449,0.343971,0.292591,0.223168,0.209687,0.258912,0.173791,0.075591,0.280767,0.243639,0.205705,0.264013,0.400481,0.296484
0.713493,0.469352,0.273213,0.147000,0.464204,0.265161,0.621994,0.498354,0.394103,0.336599,0.000000,1.003866,1.021671,0.525422,0.368128,0.307752,0.674322,0.575015,0.773080,0.626812,-0.049456,0.081888,0.317488,0.214136,-0.093236,-0.005767,0.136250,-0.025590,0.625871,0.536607,0.293418,0.162764,0.311620,0.421604,-0.082835,-0.038285,-0.126506,-0.164161,0.028644,-0.049190,-0.082410,-0.322135,0.240446,0.150011,0.187486,0.025941,0.310242,0.270760,0.224995,0.155287,0.179946,0.184636,0.277354,0.226550,0.159873,0.121839,0.562374,0.465843,0.217490,0.254898,0.944343,0.670243,0.970121,0.596882,0.349899,0.478022,0.092599,0.068391,0.343315,0.573092,0.225662,0.291203,0.604688,0.372600,0.300615,0.310791,0.363418,0.381081,0.311392,0.383465,0.272554,0.441858,0.230016,0.220828,0.080826,-0.015164,0.114219,0.146453,0.267206,0.140308
0.532887,0.432237,0.209462,0.160882,0.370685,0.354958,0.555488,0.534968,0.366506,0.223395,1.003866,0.000000,0.669742,0.809690,0.312150,0.352911,0.307973,0.376671,0.487458,0.452144,-0.118745,0.165723,0.179939,0.039415,-0.166137,-0.096096,0.046180,0.017391,0.395704,0.414846,0.025513,0.003374,0.133054,0.243411,-0.172921,-0.059893,-0.065437,-0.000308,0.081018,0.053519,0.091371,-0.139028,0.187501,0.092588,0.088615,0.016132,0.296952,0.257051,0.177010,0.209605,0.421242,0.392986,0.391463,0.356410,0.318939,0.235383,0.339125,0.340071,0.406986,0.597099,0.693713,0.582121,0.579600,0.558303,0.113758,0.375591,0.114601,0.156904,0.186903,0.449130,0.079572,0.153849,0.394844,0.332975,0.238132,0.249929,0.314262,0.322181,0.205692,0.228786,0.171181,0.309202,0.204140,0.184051,0.106520,0.126722,0.139331,0.128793,0.347750,0.304696
0.444753,0.342282,0.589084,0.495454,0.420999,0.333857,0.761655,0.530304,0.579153,0.378111,1.021671,0.669742,0.000000,0.749346,0.698904,0.611554,0.537387,0.469457,0.804392,0.665399,0.025857,0.199756,0.679329,0.535448,0.180971,0.230021,0.251556,0.081347,0.612030,0.473057,0.468967,0.355929,0.427443,0.461437,0.119697,0.050944,0.054177,0.053489,0.096786,0.131571,-0.016138,-0.119236,0.480858,0.385998,0.402619,0.241735,0.434742,0.420860,0.488546,0.337226,0.326884,0.244451,0.460161,0.296745,0.319385,0.314744,0.460813,0.365600,0.267309,0.163838,0.629575,0.424785,0.884109,0.573229,0.548975,0.470715,0.317435,0.260229,0.427322,0.564221,0.257371,0.363923,0.501158,0.362959,0.382177,0.342990,0.463175,0.520576,0.310974,0.377852,0.429504,0.577613,0.384675,0.301493,0.324990,0.256777,0.296824,0.361670,0.487005,0.380289
0.254300,0.350616,0.635032,0.738274,0.416370,0.525311,0.627209,0.549658,0.495525,0.260495,0.525422,0.809690,0.749346,0.000000,0.737942,0.831406,0.219733,0.264241,0.438395,0.565713,0.050730,0.272965,0.652937,0.450506,0.189627,0.225924,0.225121,0.179653,0.443018,0.440639,0.274478,0.366524,0.413421,0.451029,0.127843,0.172882,0.134059,0.380770,0.218442,0.354365,0.072578,0.079881,0.632601,0.475817,0.349429,0.336892,0.504149,0.493494,0.552147,0.518446,0.901925,0.697891,0.842838,0.542881,0.639290,0.660091,0.252862,0.239204,0.623530,0.612594,0.444186,0.157661,0.590422,0.621885,0.196915,0.229641,0.618136,0.702140,0.284349,0.431235,0.315740,0.336917,0.391040,0.373929,0.465009,0.389187,0.500353,0.524175,0.245979,0.262986,0.439700,0.584696,0.479513,0.365660,0.468471,0.648716,0.361544,0.437476,0.658171,0.659626
0.240050,0.361986,0.805347,0.893884,0.674383,0.696948,0.522053,0.516726,0.869669,0.401770,0.368128,0.312150,0.698904,0.737942,0.000000,1.025551,0.268434,0.384933,0.560449,0.737705,0.129912,0.563136,1.104251,0.706686,0.310025,0.337191,0.472517,0.424356,0.666668,0.561642,0.777599,0.854496,0.584765,0.585812,0.430688,0.257076,0.252434,0.460500,0.344468,0.561330,0.067137,0.259643,0.651412,0.583121,0.492283,0.469129,0.544028,0.544956,0.619211,0.518248,0.484842,0.307390,0.632181,0.316573,0.573481,0.631125,0.322774,0.336952,0.405687,0.285794,0.423043,0.256562,0.523509,0.581830,0.602912,0.353618,0.696004,0.635922,0.601964,0.634121,0.452292,0.351198,0.617396,0.348425,0.559816,0.213080,0.520508,0.541456,0.332141,0.408840,0.650897,0.646774,0.624825,0.381075,0.583797,0.537668,0.661188,0.580022,0.937179,0.655974
0.192139,0.239632,0.612853,0.716476,0.471611,0.522307,0.424160,0.397315,0.581462,0.398185,0.307752,0.352911,0.611554,0.831406,1.025551,0.000000,0.224979,0.248246,0.418470,0.494828,0.221003,0.444132,0.842245,0.696308,0.376251,0.427712,0.349119,0.315406,0.463780,0.477171,0.441292,0.532954,0.434987,0.438226,0.310412,0.174459,0.256119,0.383322,0.241991,0.498510,0.125262,0.357176,0.488726,0.466428,0.302475,0.306091,0.527088,0.453938,0.489329,0.413898,0.569291,0.388052,0.701938,0.406868,0.558682,0.511900,0.266232,0.228645,0.346566,0.225453,0.312035,0.198002,0.402601,0.427583,0.478546,0.391507,0.522447,0.554768,0.459463,0.530993,0.388236,0.340041,0.331913,0.189224,0.405475,0.246206,0.368509,0.471680,0.278700,0.326914,0.541783,0.579926,0.577245,0.370762,0.565954,0.604807,0.612814,0.587784,0.727613,0.650699
0.939102,0.670390,0.360680,0.240772,0.341988,0.111506,0.390122,0.314761,0.195982,0.257181,0.674322,0.307973,0.537387,0.219733,0.268434,0.224979,0.000000,1.056619,0.891293,0.778931,0.003264,0.127667,0.351901,0.224746,0.096149,0.246905,0.229598,0.036164,0.879686,0.705167,0.587223,0.387394,0.758167,0.777861,0.257956,0.259370,0.152824,-0.022548,0.224766,0.279989,0.051235,0.079926,0.372904,0.407225,0.477068,0.368235,0.440220,0.501740,0.485308,0.423389,0.252522,0.223145,0.373295,0.309352,0.362380,0.319831,1.011233,0.762682,0.274073,0.149017,0.694140,0.304935,0.657139,0.549022,0.295690,0.306486,0.399063,0.311660,0.711821,0.809651,0.086463,0.165534,0.518697,0.554346,0.167476,0.245743,0.348037,0.431951,0.744227,0.835887,0.761448,0.804247,0.414485,0.449960,0.354556,0.193786,0.253202,0.449592,0.271945,0.228408
1.156087,1.114445,0.369324,0.288413,0.344651,0.189286,0.308321,0.324805,0.219779,0.209948,0.575015,0.376671,0.469457,0.264241,0.384933,0.248246,1.056619,0.000000,0.969150,0.988654,0.051874,0.238155,0.350017,0.194569,0.029777,0.184984,0.355211,0.144624,0.919539,0.843218,0.675343,0.458242,0.957401,0.916953,0.333033,0.244128,0.277085,0.163164,0.379682,0.446113,0.137846,0.117687,0.484665,0.511728,0.656586,0.531535,0.579378,0.693795,0.580174,0.580962,0.240486,0.198123,0.427517,0.235426,0.487191,0.455442,1.185237,1.177037,0.428027,0.361146,0.757517,0.362460,0.555880,0.734478,0.260443,0.249910,0.532603,0.427835,0.962807,1.130587,0.158083,0.184787,0.620335,0.693907,0.100406,0.243538,0.477050,0.527818,0.829767,1.122063,0.912964,0.818243,0.405685,0.381496,0.530529,0.258927,0.427280,0.490177,0.386808,0.369447
0.965886,0.787607,0.698088,0.502522,0.523044,0.342935,0.659181,0.531425,0.532788,0.463848,0.773080,0.487458,0.804392,0.438395,0.560449,0.418470,0.891293,0.969150,0.000000,1.220856,-0.026099,0.254544,0.692141,0.442553,0.182014,0.311128,0.407070,0.188224,0.887653,0.765050,0.781914,0.478147,0.933012,0.960654,0.372076,0.322857,0.170126,0.167218,0.342908,0.390476,0.032118,0.073347,0.612818,0.564581,0.654890,0.497784,0.661570,0.705814,0.658196,0.606114,0.242617,0.159903,0.576453,0.366203,0.471219,0.432234,0.880024,0.819226,0.394804,0.295009,0.890166,0.599303,0.779218,0.783328,0.494337,0.424568,0.546358,0.415721,0.885381,1.069129,0.152199,0.220505,0.657353,0.679611,0.305436,0.459853,0.540838,0.539259,0.627370,0.753304,0.724312,0.730921,0.402162,0.331774,0.405181,0.215197,0.312931,0.426711,0.542151,0.470176
0.867032,0.931011,0.864858,0.780570,0.618117,0.495032,0.690275,0.702615,0.643618,0.374615,0.626812,0.452144,0.665399,0.565713,0.737705,0.494828,0.778931,0.988654,1.220856,0.000000,-0.003537,0.315577,0.870690,0.567280,0.180099,0.268310,0.396251,0.251663,0.902618,0.935519,0.922526,0.764814,1.110381,1.229511,0.513508,0.486095,0.222907,0.361613,0.436859,0.569148,0.003562,0.140448,0.814950,0.712359,0.798792,0.706465,0.740065,0.851325,0.791640,0.676947,0.373214,0.229477,0.676685,0.390174,0.589309,0.599699,0.831656,0.823729,0.487508,0.357937,0.857496,0.448705,0.743906,0.868606,0.509779,0.400802,0.832425,0.679650,1.039089,1.101414,0.242206,0.285643,0.775744,0.769692,0.376006,0.398559,0.647720,0.645701,0.644414,0.828997,0.916729,0.941573,0.558687,0.446636,0.582520,0.373811,0.470235,0.583664,0.711600,0.485865
-0.052791,-0.014330,-0.048021,-0.003742,0.079321,0.076634,-0.082892,-0.131110,-0.018442,0.054171,-0.049456,-0.118745,0.025857,0.050730,0.129912,0.221003,0.003264,0.051874,-0.026099,-0.003537,0.000000,0.296641,0.126029,0.106900,0.278242,0.294307,0.366544,0.291933,0.152521,0.079910,0.295582,0.212923,0.234266,0.232704,0.201631,0.173975,0.325125,0.112863,0.149898,0.072646,0.142404,0.093063,0.083414,0.218415,0.104075,0.118852,0.166388,0.133309,0.104275,0.105299,0.021488,0.026649,0.000214,-0.056928,0.060613,0.015842,0.090355,0.020820,0.004923,-0.018189,-0.036027,-0.014186,0.049048,0.131577,0.085407,0.090221,0.152079,0.182603,0.078445,0.089903,0.469515,0.298079,0.070006,0.044253,-0.002408,-0.136446,-0.030893,-0.003672,0.098472,0.130165,0.140591,0.106723,0.064113,0.022298,0.143794,0.131069,0.104468,-0.012820,0.007454,0.060299
0.206540,0.351440,0.247420,0.318171,0.332634,0.443298,0.069602,0.088116,0.244561,0.166322,0.081888,0.165723,0.199756,0.272965,0.563136,0.444132,0.127667,0.238155,0.254544,0.315577,0.296641,0.000000,0.369531,0.200457,0.145844,0.173384,0.567365,0.652663,0.319492,0.285461,0.479028,0.454762,0.338871,0.291425,0.326197,0.160482,0.290569,0.346139,0.309396,0.338056,0.207368,0.360827,0.204175,0.334742,0.267461,0.286798,0.307583,0.303580,0.259178,0.319819,0.307423,0.184456,0.350472,0.163682,0.399749,0.279868,0.272653,0.309600,0.129856,0.127088,0.091262,0.117538,0.074876,0.172250,0.226904,0.136578,0.345312,0.361155,0.399119,0.418270,0.403755,0.439429,0.388389,0.356375,0.183483,-0.088484,0.248648,0.267546,0.296687,0.247401,0.375036,0.233349,0.377850,0.136912,0.396119,0.434893,0.528571,0.360436,0.541297,0.450074
0.196441,0.278463,1.276839,1.277255,0.692679,0.757374,0.725044,0.625705,0.975004,0.440912,0.317488,0.179939,0.679329,0.652937,1.104251,0.842245,0.351901,0.350017,0.692141,0.870690,0.126029,0.369531,0.000000,1.278413,0.590597,0.546091,0.433927,0.409984,0.523114,0.501587,0.860552,0.954958,0.716085,0.782491,0.659230,0.531962,0.250810,0.447002,0.334454,0.571931,-0.005639,0.216694,0.908816,0.727732,0.627681,0.626621,0.660685,0.626123,0.801233,0.586318,0.434824,0.244130,0.747434,0.366954,0.538220,0.604344,0.250724,0.235246,0.388704,0.149121,0.401004,0.236931,0.544375,0.519081,0.799806,0.449875,0.878805,0.752170,0.587317,0.520431,0.405454,0.302347,0.533370,0.467238,0.544745,0.369654,0.523281,0.499311,0.340019,0.401087,0.636178,0.643158,0.555698,0.388284,0.450329,0.411601,0.429262,0.459629,0.755337,0.573864
0.048277,0.050778,0.798951,0.939401,0.549739,0.651000,0.565591,0.571511,0.752155,0.485576,0.214136,0.039415,0.535448,0.450506,0.706686,0.696308,0.224746,0.194569,0.442553,0.567280,0.106900,0.200457,1.278413,0.000000,0.679898,0.581432,0.359468,0.342630,0.271310,0.242020,0.553636,0.768215,0.443053,0.523349,0.584312,0.439196,0.205485,0.274846,0.078323,0.328572,-0.078095,0.053481,0.668705,0.493520,0.416415,0.416287,0.494920,0.410393,0.527789,0.296943,0.225075,0.090834,0.506378,0.263205,0.268074,0.342374,0.082421,0.049982,0.122062,-0.139848,0.264636,0.222997,0.421165,0.281007,0.867845,0.608495,0.593961,0.529493,0.376181,0.293841,0.437843,0.216143,0.310674,0.293466,0.371744,0.299767,0.325452,0.345281,0.229392,0.246629,0.376449,0.386608,0.299103,0.157054,0.350264,0.280428,0.218090,0.254025,0.408119,0.279161
-0.081949,-0.014407,0.355564,0.432932,0.247996,0.528267,0.107792,0.010194,0.311541,0.429250,-0.093236,-0.166137,0.180971,0.189627,0.310025,0.376251,0.096149,0.029777,0.182014,0.180099,0.278242,0.145844,0.590597,0.679898,0.000000,1.189664,0.721717,0.617336,-0.009789,-0.069578,0.339131,0.296347,0.287158,0.215898,0.509001,0.339025,0.450146,0.328365,0.182949,0.303720,0.087529,0.158156,0.348184,0.456546,0.298773,0.327990,0.379849,0.398840,0.336636,0.282384,0.327348,0.325605,0.401322,0.316499,0.359287,0.328972,0.013979,0.005031,0.068526,0.009425,-0.066714,-0.119129,-0.011628,-0.054243,0.484733,0.251254,0.539884,0.559703,0.250852,0.150577,0.196862,0.004108,-0.005170,0.048456,0.139959,0.111925,0.150789,0.150516,0.195622,0.106675,0.165811,0.178924,0.109960,0.099258,0.397917,0.499755,0.122817,0.131815,0.289306,0.399109
0.108837,0.129275,0.387080,0.463991,0.252005,0.456458,0.139207,0.080149,0.193307,0.471948,-0.005767,-0.096096,0.230021,0.225924,0.337191,0.427712,0.246905,0.184984,0.311128,0.268310,0.294307,0.173384,0.546091,0.581432,1.189664,0.000000,0.701322,0.534711,0.200674,0.124856,0.442407,0.411342,0.457398,0.427941,0.543479,0.402286,0.419227,0.263248,0.173197,0.307656,0.051525,0.149099,0.468945,0.629212,0.318921,0.453344,0.474599,0.525260,0.472688,0.451947,0.409381,0.402592,0.500033,0.464660,0.471109,0.409903,0.238552,0.178618,0.150701,0.073758,0.036189,-0.036678,0.086655,0.073249,0.416730,0.247488,0.629513,0.637520,0.379667,0.270906,0.172191,0.001666,0.005809,0.102389,0.145801,0.176004,0.116497,0.178478,0.334348,0.309058,0.355092,0.385918,0.192084,0.223227,0.535787,0.542724,0.150061,0.240281,0.273092,0.424962
0.279566,0.411636,0.186786,0.282338,0.447111,0.555196,-0.051474,-0.074079,0.225731,0.395318,0.136250,0.046180,0.251556,0.225121,0.472517,0.349119,0.229598,0.355211,0.407070,0.396251,0.366544,0.567365,0.433927,0.359468,0.721717,0.701322,0.000000,1.065175,0.299516,0.193645,0.716445,0.474508,0.526608,0.379954,0.499308,0.243181,0.308894,0.223875,0.264771,0.225847,0.075057,0.129599,0.302280,0.487414,0.410560,0.378375,0.471621,0.467177,0.330480,0.333263,0.280032,0.272421,0.397540,0.178298,0.404227,0.312029,0.407926,0.450005,0.085898,0.144445,0.091090,0.051780,0.053063,0.101289,0.370236,0.250181,0.513053,0.508212,0.554873,0.557276,0.330590,0.245329,0.277239,0.241879,0.026298,-0.053202,0.181422,0.231866,0.448809,0.393403,0.324833,0.299427,0.207501,0.092934,0.562772,0.556815,0.363774,0.238996,0.435957,0.466165
0.059650,0.222927,0.210295,0.308870,0.437086,0.761256,-0.097324,-0.055102,0.350225,0.310371,-0.025590,0.017391,0.081347,0.179653,0.424356,0.315406,0.036164,0.144624,0.188224,0.251663,0.291933,0.652663,0.409984,0.342630,0.617336,0.534711,1.065175,0.000000,0.091897,0.061435,0.492175,0.536214,0.264192,0.181864,0.474894,0.197966,0.202247,0.272509,0.105674,0.199942,-0.011253,0.224653,0.217367,0.341993,0.262957,0.295156,0.388962,0.295360,0.249913,0.184814,0.230171,0.183043,0.322250,0.082321,0.322163,0.223471,0.153472,0.247124,0.054565,0.119731,-0.033480,-0.002198,-0.086688,-0.005635,0.372144,0.253921,0.429750,0.445507,0.395048,0.294339,0.402056,0.272858,0.220917,0.225237,0.038908,-0.102311,0.112511,0.120675,0.334604,0.198745,0.214318,0.166305,0.234538,0.050843,0.406051,0.472672,0.346243,0.155494,0.442436,0.386426
0.736173,0.698914,0.469528,0.382609,0.388727,0.240911,0.487652,0.413560,0.337684,0.206756,0.625871,0.395704,0.612030,0.443018,0.666668,0.463780,0.879686,0.919539,0.887653,0.902618,0.152521,0.319492,0.523114,0.271310,-0.009789,0.200674,0.299516,0.091897,0.000000,1.238739,0.828749,0.627166,0.855135,0.966678,0.285190,0.245341,0.171991,0.157839,0.279819,0.318903,0.088107,0.093685,0.554760,0.544022,0.540583,0.511030,0.581094,0.623662,0.673714,0.664623,0.372926,0.287668,0.521333,0.275333,0.453909,0.475613,0.805876,0.693335,0.417789,0.295952,0.716965,0.333495,0.737712,0.838467,0.264638,0.192531,0.518786,0.411677,0.695140,0.928447,0.145464,0.224758,0.523277,0.400948,0.277413,0.191033,0.312098,0.371076,0.638906,0.985409,1.036286,1.024893,0.514120,0.454261,0.513256,0.276712,0.389925,0.453683,0.431501,0.357295
0.724289,0.702678,0.593511,0.417511,0.355267,0.262384,0.560075,0.512466,0.384944,0.162605,0.536607,0.414846,0.473057,0.440639,0.561642,0.477171,0.705167,0.843218,0.765050,0.935519,0.079910,0.285461,0.501587,0.242020,-0.069578,0.124856,0.193645,0.061435,1.238739,0.000000,0.719933,0.602401,0.769024,0.935924,0.239501,0.287002,0.144235,0.233832,0.308658,0.414182,0.141236,0.187589,0.554624,0.543770,0.525305,0.544678,0.541578,0.659241,0.655900,0.618217,0.319542,0.203807,0.536629,0.280264,0.478167,0.448515,0.676656,0.630132,0.461212,0.329576,0.674632,0.308954,0.614748,0.790265,0.219376,0.170466,0.530842,0.423192,0.613484,0.879477,0.114498,0.172951,0.364076,0.451985,0.237860,0.306826,0.248174,0.279507,0.585669,1.047861,1.018986,1.082943,0.517990,0.531114,0.468969,0.253920,0.378393,0.423979,0.491547,0.384289
0.481069,0.567867,0.714606,0.619157,0.514209,0.408223,0.368926,0.310126,0.482079,0.296561,0.293418,0.025513,0.468967,0.274478,0.777599,0.441292,0.587223,0.675343,0.781914,0.922526,0.295582,0.479028,0.860552,0.553636,0.339131,0.442407,0.716445,0.492175,0.828749,0.719933,0.000000,1.081237,1.039040,0.950701,0.684845,0.456205,0.232731,0.293271,0.405742,0.469193,0.036732,0.187498,0.706348,0.778072,0.860809,0.814450,0.622140,0.694048,0.780040,0.689091,0.225644,0.101144,0.443625,0.130518,0.463617,0.493850,0.691634,0.636935,0.354599,0.167669,0.419461,0.202705,0.460447,0.544149,0.533701,0.295778,0.807180,0.587242,0.847123,0.796508,0.377971,0.363895,0.542170,0.505391,0.237753,0.092979,0.394497,0.383521,0.681150,0.756757,0.866789,0.808904,0.560600,0.442651,0.559906,0.347806,0.488046,0.469197,0.598853,0.457290
0.250526,0.365913,0.770256,0.894600,0.566769,0.567532,0.381755,0.483398,0.556140,0.191276,0.162764,0.003374,0.355929,0.366524,0.854496,0.532954,0.387394,0.458242,0.478147,0.764814,0.212923,0.454762,0.954958,0.768215,0.296347,0.411342,0.474508,0.536214,0.627166,0.602401,1.081237,0.000000,0.731054,0.835874,0.805513,0.536629,0.190243,0.278281,0.205939,0.488146,-0.004477,0.189361,0.781032,0.723674,0.679187,0.797130,0.556865,0.587977,0.767041,0.550449,0.260580,0.108020,0.463726,0.131029,0.444879,0.530910,0.374857,0.344661,0.334921,0.095570,0.332824,0.126543,0.390799,0.461568,0.596101,0.348850,0.871834,0.703030,0.576945,0.494326,0.473255,0.296045,0.434657,0.467961,0.283322,0.122743,0.348974,0.354424,0.493763,0.553970,0.839986,0.744999,0.593886,0.454043,0.615087,0.402793,0.517423,0.511398,0.605477,0.350448
0.778659,0.932665,0.671767,0.611265,0.412375,0.307950,0.382229,0.323168,0.302859,0.378206,0.311620,0.133054,0.427443,0.413421,0.584765,0.434987,0.758167,0.957401,0.933012,1.110381,0.234266,0.338871,0.716085,0.443053,0.287158,0.457398,0.526608,0.264192,0.855135,0.769024,1.039040,0.731054,0.000000,1.538581,0.594373,0.537131,0.328227,0.408462,0.561976,0.680037,0.084244,0.283409,0.805788,0.892918,0.942992,0.899991,0.693792,0.916942,0.912091,0.911976,0.448950,0.317101,0.737845,0.381355,0.744452,0.724753,0.980720,0.923002,0.563932,0.347240,0.591436,0.203429,0.505682,0.742513,0.274197,0.182982,1.083674,0.903928,1.071722,1.040619,0.299760,0.259444,0.611525,0.605820,0.282457,0.232951,0.537965,0.561117,0.705468,0.900753,1.141458,0.986714,0.610922,0.531577,0.735509,0.529485,0.566969,0.709075,0.638091,0.616332
0.713847,0.762435,0.759583,0.708279,0.559233,0.424847,0.617394,0.619589,0.416741,0.335479,0.421604,0.243411,0.461437,0.451029,0.585812,0.438226,0.777861,0.916953,0.960654,1.229511,0.232704,0.291425,0.782491,0.523349,0.215898,0.427941,0.379954,0.181864,0.966678,0.935924,0.950701,0.835874,1.538581,0.000000,0.600348,0.664519,0.335042,0.338705,0.494500,0.626235,0.099492,0.199906,0.915588,0.914407,0.859899,0.889222,0.782092,0.952879,0.968215,0.890477,0.434115,0.284003,0.749082,0.452207,0.706787,0.697195,0.812773,0.725396,0.592398,0.327452,0.773351,0.363837,0.665947,0.905196,0.375802,0.339587,1.014482,0.845338,0.819480,0.944491,0.295155,0.235447,0.584440,0.647304,0.347762,0.330593,0.501685,0.521752,0.578442,0.910304,1.110626,1.009563,0.559709,0.538466,0.591338,0.370353,0.406971,0.543629,0.558234,0.507908
0.109423,0.237659,0.513813,0.692544,0.368258,0.411134,0.185328,0.303601,0.326557,0.235719,-0.082835,-0.172921,0.119697,0.127843,0.430688,0.310412,0.257956,0.333033,0.372076,0.513508,0.201631,0.326197,0.659230,0.584312,0.509001,0.543479,0.499308,0.474894,0.285190,0.239501,0.684845,0.805513,0.594373,0.600348,0.000000,0.991713,0.433177,0.322818,0.432825,0.498197,0.080209,0.219620,0.611615,0.604255,0.585703,0.687062,0.462120,0.536044,0.546530,0.411734,0.187901,0.032389,0.373760,0.215802,0.398634,0.342839,0.253592,0.258729,0.192390,-0.010851,0.134017,0.117726,0.065872,0.153342,0.638060,0.429503,0.823409,0.646133,0.509815,0.412224,0.255354,0.222925,0.333321,0.392440,0.178042,0.103710,0.430523,0.444551,0.307573,0.370228,0.436091,0.332322,0.330251,0.281837,0.453009,0.324508,0.308391,0.365120,0.403873,0.275956
0.096072,0.163284,0.527751,0.635072,0.358357,0.348303,0.384312,0.523508,0.301270,0.259734,-0.038285,-0.059893,0.050944,0.172882,0.257076,0.174459,0.259370,0.244128,0.322857,0.486095,0.173975,0.160482,0.531962,0.439196,0.339025,0.402286,0.243181,0.197966,0.245341,0.287002,0.456205,0.536629,0.537131,0.664519,0.991713,0.000000,0.343323,0.356761,0.451944,0.491351,0.013043,0.222301,0.496963,0.495594,0.374967,0.531467,0.361635,0.504749,0.426710,0.377927,0.307033,0.111561,0.433420,0.404155,0.420011,0.348260,0.183612,0.143198,0.256360,0.111406,0.217249,0.154273,0.155419,0.243487,0.393108,0.424493,0.756490,0.638182,0.314801,0.269298,0.125184,0.110022,0.257625,0.323264,0.250973,0.218496,0.351927,0.352597,0.213104,0.287637,0.408148,0.316872,0.323192,0.343105,0.320497,0.238933,0.172406,0.298436,0.308526,0.242352
0.116329,0.218572,0.152715,0.254746,0.091935,0.158688,0.039197,0.067429,0.056257,0.082417,-0.126506,-0.065437,0.054177,0.134059,0.252434,0.256119,0.152824,0.277085,0.170126,0.222907,0.325125,0.290569,0.250810,0.205485,0.450146,0.419227,0.308894,0.202247,0.171991,0.144235,0.232731,0.190243,0.328227,0.335042,0.433177,0.343323,0.000000,0.510466,0.655717,0.548650,0.660527,0.282603,0.280665,0.433846,0.351859,0.362131,0.411112,0.535360,0.312527,0.369395,0.282705,0.208519,0.267623,0.313929,0.535485,0.402705,0.174510,0.184387,0.144194,0.103998,-0.019333,-0.054681,0.003734,0.156606,0.169513,0.042266,0.413453,0.431062,0.307445,0.344844,0.137544,0.027956,-0.040728,0.170134,0.043675,0.048794,0.261582,0.266571,0.179912,0.245702,0.328629,0.166469,0.156450,0.182205,0.441612,0.396700,0.284563,0.234140,0.226323,0.383586
0.088402,0.335439,0.445758,0.430403,0.174781,0.310412,0.149550,0.160276,0.259155,0.217432,-0.164161,-0.000308,0.053489,0.380770,0.460500,0.383322,-0.022548,0.163164,0.167218,0.361613,0.112863,0.346139,0.447002,0.274846,0.328365,0.263248,0.223875,0.272509,0.157839,0.233832,0.293271,0.278281,0.408462,0.338705,0.322818,0.356761,0.510466,0.000000,0.650988,0.836162,0.185948,0.533630,0.396978,0.433516,0.287893,0.351844,0.264719,0.414359,0.339386,0.390002,0.494121,0.360573,0.510157,0.472614,0.544718,0.549793,0.149405,0.221733,0.268945,0.285599,0.033970,-0.181686,-0.043652,0.100380,0.045970,-0.071000,0.599487,0.640358,0.403039,0.334573,0.152545,0.170895,0.186406,0.221240,0.341862,0.223949,0.366500,0.311694,0.198017,0.280454,0.382944,0.269859,0.367297,0.272405,0.507044,0.605651,0.471448,0.486128,0.564053,0.621954
0.326817,0.481461,0.333693,0.334340,0.251170,0.230209,0.171149,0.191342,0.189513,0.234083,0.028644,0.081018,0.096786,0.218442,0.344468,0.241991,0.224766,0.379682,0.342908,0.436859,0.149898,0.309396,0.334454,0.078323,0.182949,0.173197,0.264771,0.105674,0.279819,0.308658,0.405742,0.205939,0.561976,0.494500,0.432825,0.451944,0.655717,0.650988,0.000000,0.865025,0.403942,0.300962,0.344832,0.357506,0.389485,0.400075,0.275811,0.528574,0.317668,0.509469,0.417071,0.308024,0.470477,0.433715,0.678843,0.610876,0.380570,0.417484,0.462169,0.408589,0.256894,0.122592,0.131602,0.340915,0.066512,0.039798,0.539888,0.515349,0.528386,0.578890,0.035007,0.092297,0.336869,0.407996,0.272985,0.112705,0.619732,0.529223,0.228028,0.311499,0.415226,0.351049,0.400249,0.358689,0.466500,0.365105,0.517547,0.495040,0.574593,0.617945
0.346932,0.516638,0.648740,0.602382,0.272212,0.325286,0.260310,0.293706,0.371525,0.239096,-0.049190,0.053519,0.131571,0.354365,0.561330,0.498510,0.279989,0.446113,0.390476,0.569148,0.072646,0.338056,0.571931,0.328572,0.303720,0.307656,0.225847,0.199942,0.318903,0.414182,0.469193,0.488146,0.680037,0.626235,0.498197,0.491351,0.548650,0.836162,0.865025,0.000000,0.370120,0.694835,0.485125,0.592666,0.560106,0.608308,0.445978,0.676631,0.551456,0.681590,0.579838,0.411168,0.700582,0.516380,0.916926,0.962829,0.401729,0.428152,0.643382,0.430784,0.306078,0.047543,0.185266,0.402467,0.198773,0.110571,0.824185,0.813561,0.619555,0.608674,0.106896,0.003077,0.283378,0.410306,0.340078,0.191689,0.524993,0.472991,0.369028,0.444780,0.707552,0.578888,0.664895,0.607968,0.611254,0.597635,0.721012,0.817618,0.781956,0.884974
0.161210,0.176647,-0.019739,-0.003184,-0.115016,-0.045886,-0.006811,0.033749,-0.075894,-0.065105,-0.082410,0.091371,-0.016138,0.072578,0.067137,0.125262,0.051235,0.137846,0.032118,0.003562,0.142404,0.207368,-0.005639,-0.078095,0.087529,0.051525,0.075057,-0.011253,0.088107,0.141236,0.036732,-0.004477,0.084244,0.099492,0.080209,0.013043,0.660527,0.185948,0.403942,0.370120,0.000000,0.208916,-0.002649,0.111490,0.105548,0.102825,0.193710,0.207384,0.081893,0.225365,0.187113,0.186028,0.139733,0.185911,0.439262,0.296548,0.120033,0.123493,0.175405,0.206662,-0.022437,0.010523,-0.076539,0.068220,-0.157017,-0.116463,0.096631,0.140952,0.068820,0.235705,-0.019342,-0.094460,-0.173393,0.074531,0.005171,-0.099961,0.125010,0.079743,0.078314,0.122285,0.140687,0.022656,-0.013268,0.077849,0.231069,0.180290,0.225881,0.111040,0.116449,0.255305
0.046868,0.161545,0.242484,0.193439,-0.038226,0.020285,-0.022814,-0.028683,0.162117,0.000678,-0.322135,-0.139028,-0.119236,0.079881,0.259643,0.357176,0.079926,0.117687,0.073347,0.140448,0.093063,0.360827,0.216694,0.053481,0.158156,0.149099,0.129599,0.224653,0.093685,0.187589,0.187498,0.189361,0.283409,0.199906,0.219620,0.222301,0.282603,0.533630,0.300962,0.694835,0.208916,0.000000,0.061354,0.227383,0.199608,0.244868,0.134094,0.185087,0.196688,0.270070,0.331998,0.197762,0.377156,0.221398,0.442768,0.360361,0.164142,0.137669,0.275791,0.167570,-0.035439,-0.163563,-0.077416,0.076473,0.032313,-0.042599,0.356555,0.383028,0.317892,0.250124,-0.039913,-0.032450,0.013908,0.053161,0.083059,-0.124675,0.039643,0.059795,0.244670,0.216000,0.416504,0.189976,0.368638,0.240314,0.294658,0.449623,0.443942,0.451698,0.434307,0.536472
0.281063,0.402908,0.834341,1.004472,0.484119,0.546580,0.558842,0.521384,0.484960,0.267385,0.240446,0.187501,0.480858,0.632601,0.651412,0.488726,0.372904,0.484665,0.612818,0.814950,0.083414,0.204175,0.908816,0.668705,0.348184,0.468945,0.302280,0.217367,0.554760,0.554624,0.706348,0.781032,0.805788,0.915588,0.611615,0.496963,0.280665,0.396978,0.344832,0.485125,-0.002649,0.061354,0.000000,1.252420,0.998526,1.072633,0.934058,1.068451,1.380583,0.968568,0.471880,0.274823,0.728834,0.384520,0.627428,0.754374,0.351670,0.325557,0.565525,0.272081,0.394355,0.106154,0.442800,0.576160,0.380135,0.176503,1.094904,0.920829,0.496877,0.574035,0.317536,0.244831,0.422643,0.630170,0.456323,0.472908,0.552619,0.522304,0.311311,0.474587,0.709551,0.792358,0.501811,0.478631,0.476404,0.402368,0.340965,0.471339,0.539052,0.445750
0.323562,0.500849,0.743187,0.801164,0.373567,0.481346,0.385295,0.326188,0.287817,0.229151,0.150011,0.092588,0.385998,0.475817,0.583121,0.466428,0.407225,0.511728,0.564581,0.712359,0.218415,0.334742,0.727732,0.493520,0.456546,0.629212,0.487414,0.341993,0.544022,0.543770,0.778072,0.723674,0.892918,0.914407,0.604255,0.495594,0.433846,0.433516,0.357506,0.592666,0.111490,0.227383,1.252420,0.000000,1.096026,1.270233,0.898119,1.360050,1.236267,1.157677,0.494037,0.363287,0.607626,0.409393,0.743139,0.796431,0.455416,0.400920,0.526173,0.287719,0.258502,-0.027004,0.292685,0.411793,0.300413,0.095733,1.109498,0.998691,0.548628,0.611640,0.326655,0.214791,0.302438,0.444051,0.284741,0.307286,0.429757,0.439187,0.393699,0.527724,0.812913,0.807366,0.549409,0.582371,0.598988,0.609671,0.431602,0.507755,0.529259,0.583292
0.449234,0.600574,0.650107,0.622076,0.286561,0.309279,0.339694,0.278751,0.321804,0.123593,0.187486,0.088615,0.402619,0.349429,0.492283,0.302475,0.477068,0.656586,0.654890,0.798792,0.104075,0.267461,0.627681,0.416415,0.298773,0.318921,0.410560,0.262957,0.540583,0.525305,0.860809,0.679187,0.942992,0.859899,0.585703,0.374967,0.351859,0.287893,0.389485,0.560106,0.105548,0.199608,0.998526,1.096026,0.000000,1.601166,0.837256,1.088172,1.342372,1.028404,0.275257,0.130161,0.479223,0.111465,0.633745,0.664721,0.569739,0.571686,0.655641,0.293393,0.415856,0.109193,0.368440,0.571354,0.338870,0.138214,0.959112,0.744308,0.612284,0.706271,0.185201,0.206396,0.359596,0.562378,0.172623,0.148148,0.456804,0.411400,0.473044,0.599361,0.780225,0.733775,0.505998,0.505105,0.459488,0.383250,0.421075,0.450880,0.550245,0.526717
0.344486,0.534187,0.699827,0.723339,0.258486,0.346653,0.315050,0.302930,0.260697,0.088549,0.025941,0.016132,0.241735,0.336892,0.469129,0.306091,0.368235,0.531535,0.497784,0.706465,0.118852,0.286798,0.626621,0.416287,0.327990,0.453344,0.378375,0.295156,0.511030,0.544678,0.814450,0.797130,0.899991,0.889222,0.687062,0.531467,0.362131,0.351844,0.400075,0.608308,0.102825,0.244868,1.072633,1.270233,1.601166,0.000000,0.781004,1.175334,1.409084,1.253722,0.388229,0.240068,0.521517,0.207727,0.732422,0.779912,0.459587,0.455726,0.704052,0.349386,0.294452,0.000353,0.248576,0.483429,0.269280,0.082869,1.164601,0.942437,0.526091,0.557295,0.148254,0.132459,0.258575,0.497138,0.186998,0.159686,0.369893,0.333360,0.442711,0.575732,0.841096,0.804209,0.550230,0.589814,0.591746,0.499550,0.426641,0.486703,0.522762,0.526049
0.420262,0.470712,0.518341,0.646891,0.517845,0.558157,0.402706,0.373810,0.448650,0.273460,0.310242,0.296952,0.434742,0.504149,0.544028,0.527088,0.440220,0.579378,0.661570,0.740065,0.166388,0.307583,0.660685,0.494920,0.379849,0.474599,0.471621,0.388962,0.581094,0.541578,0.622140,0.556865,0.693792,0.782092,0.462120,0.361635,0.411112,0.264719,0.275811,0.445978,0.193710,0.134094,0.934058,0.898119,0.837256,0.781004,0.000000,1.052614,1.065320,0.796501,0.399607,0.239716,0.667122,0.314435,0.747256,0.648443,0.463963,0.472841,0.489283,0.250732,0.437071,0.258812,0.401032,0.629864,0.407696,0.256043,0.739164,0.628736,0.610447,0.717489,0.205680,0.190894,0.306680,0.436403,0.261310,0.275705,0.280695,0.341834,0.376934,0.545574,0.633960,0.611140,0.372765,0.329445,0.403533,0.324359,0.347588,0.357095,0.441542,0.437136
0.523543,0.642090,0.654291,0.683595,0.399275,0.471166,0.429144,0.382454,0.348349,0.278593,0.270760,0.257051,0.420860,0.493494,0.544956,0.453938,0.501740,0.693795,0.705814,0.851325,0.133309,0.303580,0.626123,0.410393,0.398840,0.525260,0.467177,0.295360,0.623662,0.659241,0.694048,0.587977,0.916942,0.952879,0.536044,0.504749,0.535360,0.414359,0.528574,0.676631,0.207384,0.185087,1.068451,1.360050,1.088172,1.175334,1.052614,0.000000,1.233163,1.237740,0.526452,0.389505,0.678128,0.463397,0.917525,0.876993,0.543519,0.534916,0.692326,0.450850,0.450712,0.144092,0.382579,0.587031,0.281591,0.154654,1.022131,0.931951,0.622068,0.803322,0.233181,0.116020,0.316102,0.522195,0.293803,0.301135,0.500605,0.469785,0.434722,0.584359,0.829053,0.856535,0.592982,0.656041,0.631771,0.530860,0.462642,0.497912,0.564408,0.575203
0.375281,0.461026,0.804509,0.814199,0.373441,0.422096,0.496872,0.398268,0.422042,0.180297,0.224995,0.177010,0.488546,0.552147,0.619211,0.489329,0.485308,0.580174,0.658196,0.791640,0.104275,0.259178,0.801233,0.527789,0.336636,0.472688,0.330480,0.249913,0.673714,0.655900,0.780040,0.767041,0.912091,0.968215,0.546530,0.426710,0.312527,0.339386,0.317668,0.551456,0.081893,0.196688,1.380583,1.236267,1.342372,1.409084,1.065320,1.233163,0.000000,1.259547,0.484436,0.314106,0.721996,0.318805,0.766560,0.812830,0.477815,0.441089,0.721839,0.311850,0.428049,0.090425,0.454036,0.665588,0.330550,0.132203,1.071686,0.881291,0.553128,0.629677,0.167972,0.167119,0.322031,0.527753,0.314835,0.308086,0.402919,0.391148,0.421597,0.623691,0.887905,0.907154,0.572991,0.587502,0.513101,0.432029,0.384724,0.480597,0.567566,0.538410
