0.000000,1.156180,0.596414,0.399880,0.705633,0.156002,0.718836,0.588306,0.558597,0.403846,0.819574,0.620496,0.692118,0.584911,0.745151,0.571552,0.768972,0.601098,1.118980,0.957717,0.393352,0.164181,0.429050,0.201204,0.210639,0.058106,0.163290,0.037801,0.818867,0.611582,0.443738,0.269668,0.752086,0.818543,0.224471,0.361654,0.433983,0.505959,0.326702,0.500924,0.327597,0.552742,0.657121,0.527959,0.620806,0.617318,0.640279,0.633612,0.767765,0.579155,0.931660,0.624571,0.717893,0.538270,0.502912,0.498329,1.034238,0.847592,0.706238,0.553522,0.961978,0.796915,0.797216,0.637260,0.686227,0.540315,0.812578,0.613578,0.548174,0.403216,0.046741,0.144189,0.740125,0.753036,0.698024,0.529635,0.639418,0.670165,0.418557,0.443404,0.702064,0.626464,0.634025,0.735199,0.801171,0.518385,0.471939,0.294589,0.514031,0.543378
1.156180,0.000000,0.466732,0.512166,0.611920,0.224187,0.502502,0.732201,0.432495,0.351918,0.542319,0.661388,0.541174,0.551636,0.611056,0.637622,0.900853,0.834348,0.903835,1.049846,0.532343,0.279087,0.431425,0.312809,0.238692,0.138567,0.228092,0.085437,0.932257,0.893671,0.537584,0.416894,0.971820,1.248467,0.201915,0.444706,0.451041,0.662174,0.332783,0.590145,0.430407,0.798301,0.849537,0.742481,0.806608,0.815848,0.869727,0.882860,0.938893,0.839095,0.930175,0.880689,0.848345,0.606778,0.605329,0.692557,1.108482,1.190119,0.886867,0.828019,0.823686,0.787614,0.938660,0.852132,0.433511,0.552360,0.818492,0.882947,0.626036,0.510167,0.169191,0.165875,1.004515,1.017639,0.969320,0.814191,0.648233,0.677708,0.611421,0.630494,1.059618,0.937786,0.751248,0.958918,0.891083,0.778286,0.585477,0.417389,0.423788,0.651301
0.596414,0.466732,0.000000,1.127056,0.522958,0.676589,1.083898,0.884732,0.544994,0.677605,0.574151,0.785962,0.323725,0.431189,0.676373,0.702368,0.205471,0.008463,0.855594,0.578902,0.186571,0.105659,1.416822,0.975812,0.840998,0.654049,0.457702,0.382951,0.249557,0.206245,0.715261,0.646121,0.334242,0.368421,0.864905,0.747280,0.397325,0.442767,0.334463,0.496661,0.330961,0.421312,0.233673,0.072979,0.231931,0.130669,0.183027,0.114945,0.251460,0.131872,0.635876,0.256617,0.307901,0.335791,0.287573,0.273399,0.310688,0.323227,0.235871,0.082825,0.511759,0.325949,0.078632,0.018060,0.810335,0.791745,0.672634,0.437591,0.717721,0.643595,0.044354,0.084981,0.270970,0.211666,0.420141,0.222274,0.501598,0.581926,0.105317,0.171391,0.189879,0.068013,0.592830,0.441951,0.824069,0.561673,0.804016,0.378903,1.281443,0.925453
0.399880,0.512166,1.127056,0.000000,0.262664,1.017532,0.562778,1.307974,0.173524,0.682836,0.348674,0.920708,0.050502,0.392002,0.362002,0.678267,0.112993,0.028490,0.733123,0.606010,0.183608,0.298323,1.029952,1.325804,1.068572,1.067817,0.683719,0.657745,0.227206,0.306578,0.899022,0.996352,0.351964,0.458283,0.886203,0.859368,0.329547,0.521340,0.433088,0.596598,0.327518,0.526236,0.407248,0.238140,0.337822,0.265560,0.306680,0.255675,0.274865,0.268128,0.616847,0.406291,0.304371,0.421942,0.301517,0.363659,0.281887,0.312469,0.274145,0.164989,0.348364,0.243596,-0.002334,-0.027264,0.404052,0.826490,0.773013,0.705008,0.760683,0.770853,0.130091,0.138860,0.341338,0.280134,0.452265,0.345936,0.438830,0.600516,0.240457,0.337740,0.228551,0.101432,0.628662,0.537033,0.710079,0.670052,0.840236,0.510871,0.816592,0.869259
0.705633,0.611920,0.522958,0.262664,0.000000,0.157839,0.812610,0.541303,1.227675,0.600096,0.589854,0.465925,0.898319,0.675720,0.886714,0.642148,0.406586,0.298675,0.568716,0.461499,0.160871,-0.008380,0.454947,0.122737,0.223113,-0.027698,0.163931,-0.047053,0.541306,0.287440,0.268208,0.049021,0.388838,0.423408,0.216430,0.335095,0.279928,0.232542,0.079165,0.191647,0.226657,0.345054,0.347124,0.280371,0.452748,0.417125,0.326474,0.288358,0.606168,0.462293,0.688794,0.441611,0.518693,0.373757,0.376176,0.300962,0.446945,0.373769,0.352498,0.314710,0.608810,0.722222,0.514776,0.410320,0.916380,0.695281,0.466711,0.294468,0.289078,0.163456,-0.108457,-0.081163,0.363061,0.333665,0.405824,0.285897,0.342863,0.304946,0.211101,0.099631,0.380210,0.365966,0.452251,0.419114,0.558463,0.435835,0.283426,0.076445,0.583812,0.533610
0.156002,0.224187,0.676589,1.017532,0.157839,0.000000,0.187923,0.688410,-0.078749,0.755765,0.098085,0.438764,-0.242206,0.144287,0.019063,0.259364,-0.192308,-0.277708,0.383158,0.218573,0.269033,0.445175,0.571575,0.835741,1.237251,1.447351,1.102759,1.266325,-0.092428,-0.016728,0.694441,0.796273,0.100218,0.220070,0.936402,0.731115,0.117920,0.260706,0.315747,0.455744,0.176156,0.416244,0.275687,0.159071,0.112842,0.088781,0.150028,0.073714,0.031069,0.028131,0.382388,0.174633,0.072097,0.267630,0.105057,0.166454,0.114689,0.165157,0.109614,-0.107769,0.214218,-0.073122,-0.224909,-0.321800,0.182277,0.537879,0.536334,0.474805,0.533772,0.497247,0.250303,0.297338,0.207675,0.159400,0.320828,0.258300,0.226569,0.439329,0.119561,0.170309,-0.049561,-0.153246,0.256671,0.150983,0.363350,0.231177,0.415984,0.206002,0.509811,0.417182
0.718836,0.502502,1.083898,0.562778,0.812610,0.187923,0.000000,0.709367,1.103357,0.517260,0.739847,0.700778,0.864478,0.649845,1.036859,0.845182,0.379211,0.189569,0.761224,0.600486,0.010620,-0.139378,0.888148,0.454686,0.288521,0.106406,0.014286,-0.093640,0.472768,0.302989,0.425334,0.257486,0.392993,0.375584,0.415669,0.395731,0.367108,0.364469,0.218245,0.297319,0.279376,0.272997,0.200432,0.051659,0.273817,0.184482,0.209203,0.144557,0.397442,0.234859,0.664389,0.282780,0.473558,0.337851,0.351010,0.299152,0.314268,0.309588,0.302883,0.226202,0.608789,0.667330,0.367475,0.300155,1.283262,0.714669,0.563366,0.313848,0.510707,0.410098,-0.129101,-0.090654,0.227132,0.214166,0.305408,0.139346,0.435832,0.443391,0.081783,0.091504,0.310901,0.227180,0.561726,0.502719,0.758879,0.523942,0.534231,0.258216,0.929730,0.742725
0.588306,0.732201,0.884732,1.307974,0.541303,0.688410,0.709367,0.000000,0.416128,0.865258,0.464717,1.044728,0.345245,0.756769,0.570290,0.917671,0.284094,0.216991,0.776244,0.689933,0.145172,0.220475,0.796083,0.764435,0.718027,0.618605,0.488888,0.385305,0.470560,0.497158,0.776938,0.693141,0.490349,0.637756,0.670877,0.801441,0.355676,0.528639,0.403599,0.580001,0.367516,0.568395,0.554432,0.364063,0.515639,0.478386,0.436107,0.404086,0.494502,0.472666,0.840693,0.632679,0.524885,0.556057,0.422274,0.464143,0.410760,0.381308,0.354416,0.259378,0.495599,0.564631,0.238430,0.223300,0.610380,1.129368,0.809736,0.771022,0.584922,0.544117,0.053310,0.030282,0.473984,0.442688,0.541423,0.465269,0.446341,0.568953,0.286415,0.339158,0.389432,0.265955,0.755862,0.694280,0.775626,0.759891,0.763364,0.445935,0.776783,0.901786
0.558597,0.432495,0.544994,0.173524,1.227675,-0.078749,1.103357,0.416128,0.000000,0.442529,0.631905,0.498061,1.118313,0.687484,1.128369,0.729331,0.423995,0.236627,0.439163,0.385486,-0.041463,-0.270397,0.527332,0.109295,0.034129,-0.216931,-0.175932,-0.331468,0.503025,0.239508,0.141334,-0.047340,0.271990,0.244185,0.108862,0.213853,0.261848,0.205075,0.034276,0.073249,0.174039,0.190878,0.141267,0.079138,0.280667,0.219382,0.165866,0.117023,0.446233,0.287649,0.485451,0.252972,0.452909,0.234493,0.311243,0.201310,0.251173,0.194999,0.186274,0.203768,0.472543,0.724279,0.432539,0.383451,1.141747,0.611085,0.264472,0.097636,0.222079,0.106209,-0.211172,-0.239664,0.163804,0.136246,0.230644,0.073152,0.288213,0.168513,0.066983,-0.019166,0.300711,0.263642,0.418572,0.357303,0.525908,0.436792,0.259027,0.078619,0.626821,0.572191
0.403846,0.351918,0.677605,0.682836,0.600096,0.755765,0.517260,0.865258,0.442529,0.000000,0.479435,0.756092,0.340678,0.774704,0.497509,0.654161,-0.057295,-0.196651,0.422078,0.161448,0.073454,0.201237,0.472104,0.364229,0.574815,0.492576,0.541635,0.535285,0.110163,-0.021786,0.305465,0.226627,0.026281,0.163568,0.583034,0.603929,0.183255,0.134869,0.160159,0.255249,0.117023,0.316075,0.224569,0.112528,0.157296,0.176500,0.088069,0.032910,0.186622,0.118376,0.573428,0.285920,0.214570,0.287187,0.133365,0.086970,0.124547,0.100568,0.019406,-0.134876,0.422262,0.318746,0.004595,-0.098808,0.700430,1.148424,0.456512,0.280704,0.256018,0.178054,0.005048,0.013003,0.140695,0.101394,0.292267,0.204636,0.242796,0.290718,0.014865,0.073725,-0.028954,-0.105697,0.276479,0.157537,0.404271,0.250569,0.265109,-0.000290,0.702681,0.550242
0.819574,0.542319,0.574151,0.348674,0.589854,0.098085,0.739847,0.464717,0.631905,0.479435,0.000000,0.738049,0.776279,0.586606,0.816865,0.552874,0.498156,0.220045,0.841684,0.535708,0.003706,-0.124643,0.540998,0.245444,0.228190,0.073862,-0.022550,-0.081787,0.658250,0.334640,0.274160,0.146893,0.425926,0.427285,0.291944,0.388492,0.383385,0.343149,0.175326,0.266338,0.168865,0.294145,0.320242,0.200414,0.361685,0.315582,0.271864,0.259175,0.450073,0.279712,0.595739,0.279397,0.334853,0.259295,0.268690,0.261159,0.365378,0.328174,0.213261,0.157174,0.441921,0.479343,0.307747,0.241233,0.815364,0.580490,0.542302,0.327598,0.294766,0.233412,0.011836,-0.104304,0.309300,0.331108,0.350277,0.303059,0.489392,0.442841,0.182576,0.191424,0.261293,0.221632,0.495009,0.459090,0.646205,0.419200,0.440353,0.241338,0.641951,0.500515
0.620496,0.661388,0.785962,0.920708,0.465925,0.438764,0.700778,1.044728,0.498061,0.756092,0.738049,0.000000,0.467634,0.786861,0.811419,0.942255,0.285985,0.192653,0.824193,0.650366,0.100824,0.134458,0.763844,0.664223,0.443319,0.416330,0.307024,0.236048,0.552353,0.456272,0.535822,0.505153,0.363558,0.498346,0.428244,0.555883,0.285180,0.386760,0.219778,0.384886,0.185765,0.403123,0.374739,0.255774,0.338319,0.323721,0.277430,0.256347,0.352553,0.280904,0.576631,0.355396,0.361351,0.346257,0.279304,0.246827,0.309376,0.292252,0.148289,0.090222,0.368246,0.437270,0.146572,0.150289,0.666328,0.915098,0.564965,0.472412,0.455560,0.410134,0.016658,-0.021414,0.320895,0.311284,0.419426,0.311995,0.405001,0.472790,0.174280,0.265080,0.281041,0.191872,0.648092,0.600545,0.664000,0.662588,0.578566,0.325465,0.771744,0.776520
0.692118,0.541174,0.323725,0.050502,0.898319,-0.242206,0.864478,0.345245,1.118313,0.340678,0.776279,0.467634,0.000000,0.862644,1.116733,0.650885,0.529607,0.430832,0.523613,0.411291,-0.025305,-0.203156,0.273167,-0.104476,-0.163755,-0.374296,-0.322274,-0.432049,0.697321,0.379004,0.031406,-0.197243,0.383248,0.372181,-0.066498,0.119437,0.303957,0.285797,0.019154,0.134582,0.141540,0.200570,0.237626,0.167127,0.337073,0.345831,0.274085,0.263077,0.525098,0.371625,0.530672,0.342805,0.507864,0.276051,0.321451,0.244189,0.388302,0.334953,0.242932,0.313636,0.557798,0.874850,0.656236,0.621295,0.920390,0.494820,0.315602,0.149831,0.172085,0.084453,-0.314865,-0.244187,0.309647,0.289010,0.295617,0.183412,0.324936,0.229503,0.176461,0.114517,0.422732,0.427377,0.431500,0.451161,0.455564,0.308952,0.144308,0.037314,0.399974,0.387951
0.584911,0.551636,0.431189,0.392002,0.675720,0.144287,0.649845,0.756769,0.687484,0.774704,0.586606,0.786861,0.862644,0.000000,0.944697,1.069820,0.295942,0.279698,0.470334,0.381653,0.006666,0.042241,0.356918,0.111177,0.103416,-0.003206,0.012516,-0.041353,0.491323,0.364188,0.242686,0.068029,0.291971,0.365473,0.183030,0.412495,0.336444,0.303465,0.134080,0.278282,0.124690,0.387466,0.262341,0.153356,0.282361,0.330841,0.237362,0.228289,0.343598,0.308436,0.565335,0.423451,0.528259,0.319974,0.314463,0.226397,0.304245,0.225258,0.159862,0.180973,0.458281,0.805285,0.415504,0.449921,0.743398,0.900443,0.404386,0.335465,0.270822,0.219638,-0.210482,-0.175583,0.318015,0.314848,0.338908,0.268097,0.343084,0.327799,0.221543,0.150860,0.309052,0.289819,0.436239,0.507306,0.498124,0.413559,0.256438,0.079512,0.499050,0.587422
0.745151,0.611056,0.676373,0.362002,0.886714,0.019063,1.036859,0.570290,1.128369,0.497509,0.816865,0.811419,1.116733,0.944697,0.000000,0.966838,0.494448,0.379864,0.726720,0.567511,0.108346,-0.066162,0.688567,0.238024,0.102972,-0.085317,-0.033348,-0.157373,0.727193,0.462259,0.311527,0.138492,0.402809,0.430906,0.132574,0.251372,0.314749,0.367484,0.051005,0.222186,0.191618,0.295097,0.221954,0.140050,0.298720,0.254024,0.246183,0.221759,0.437520,0.313921,0.562679,0.317748,0.518478,0.354038,0.332164,0.244280,0.405839,0.334351,0.206116,0.221506,0.517167,0.713081,0.446566,0.458207,1.008065,0.601532,0.370644,0.202127,0.360491,0.273375,-0.166636,-0.142330,0.395560,0.328986,0.402731,0.176675,0.450633,0.326116,0.201926,0.134991,0.402839,0.368670,0.643588,0.593270,0.719255,0.537751,0.415263,0.119805,0.767300,0.697660
0.571552,0.637622,0.702368,0.678267,0.642148,0.259364,0.845182,0.917671,0.729331,0.654161,0.552874,0.942255,0.650885,1.069820,0.966838,0.000000,0.394097,0.369993,0.585607,0.592219,0.038486,0.051654,0.731884,0.481865,0.300740,0.150309,0.102272,-0.008951,0.585632,0.543210,0.490589,0.358493,0.406371,0.460364,0.292611,0.495301,0.299447,0.458418,0.258159,0.396998,0.250497,0.431160,0.322781,0.196431,0.423552,0.365841,0.331845,0.300480,0.484289,0.425361,0.642993,0.458554,0.618180,0.467022,0.436952,0.346343,0.345595,0.308519,0.257717,0.285424,0.424017,0.708220,0.397695,0.440145,0.694650,0.838951,0.449768,0.439827,0.507198,0.423714,-0.092959,-0.115708,0.358170,0.338848,0.403506,0.301421,0.408125,0.411746,0.233594,0.238604,0.431752,0.388981,0.703140,0.767500,0.738490,0.769643,0.581248,0.356376,0.645918,0.898241
0.768972,0.900853,0.205471,0.112993,0.406586,-0.192308,0.379211,0.284094,0.423995,-0.057295,0.498156,0.285985,0.529607,0.295942,0.494448,0.394097,0.000000,1.086527,0.597837,0.796334,0.356138,-0.008509,0.252596,0.088321,-0.061881,-0.189652,-0.165404,-0.310817,1.081668,0.933917,0.291040,0.199339,0.830329,0.822593,-0.078477,0.119140,0.397211,0.607148,0.222382,0.376715,0.387543,0.442931,0.602011,0.582554,0.674789,0.663120,0.698252,0.766136,0.908669,0.773320,0.568280,0.600482,0.685065,0.399394,0.583841,0.649088,0.957993,0.829770,0.822137,0.885091,0.574528,0.625772,0.934096,0.872342,0.254534,0.194542,0.461010,0.533644,0.386875,0.319726,0.170762,0.083539,0.838180,0.795271,0.686553,0.531453,0.527480,0.400149,0.684028,0.571421,1.177553,1.080288,0.619652,0.861257,0.690553,0.654419,0.514664,0.430039,0.216420,0.426005
0.601098,0.834348,0.008463,0.028490,0.298675,-0.277708,0.189569,0.216991,0.236627,-0.196651,0.220045,0.192653,0.430832,0.279698,0.379864,0.369993,1.086527,0.000000,0.435295,0.734873,0.390659,0.073752,0.086254,-0.018958,-0.186082,-0.299101,-0.166907,-0.360586,0.933555,1.131847,0.285528,0.181334,0.892257,0.896476,-0.260120,-0.005913,0.275687,0.587796,0.224240,0.356655,0.383515,0.474721,0.548441,0.592663,0.670109,0.693382,0.752791,0.832398,0.800515,0.783295,0.407176,0.584122,0.655796,0.380462,0.471652,0.512781,0.859101,0.823888,0.805954,1.022735,0.380377,0.589340,0.945091,1.132642,0.052068,0.001588,0.333134,0.518138,0.355081,0.309411,0.109858,0.031866,0.796398,0.852188,0.554843,0.533106,0.306663,0.296886,0.665634,0.592094,1.247045,1.515091,0.602587,0.875464,0.476010,0.615200,0.387206,0.419342,-0.036790,0.277789
1.118980,0.903835,0.855594,0.733123,0.568716,0.383158,0.761224,0.776244,0.439163,0.422078,0.841684,0.824193,0.523613,0.470334,0.726720,0.585607,0.597837,0.435295,0.000000,1.245088,0.313714,0.204386,0.801694,0.610084,0.491423,0.377587,0.318828,0.214569,0.763552,0.703720,0.771308,0.636955,0.832421,0.883887,0.433208,0.515780,0.491065,0.607447,0.391368,0.584616,0.458850,0.580499,0.616094,0.437600,0.543013,0.493866,0.546591,0.524969,0.587330,0.444456,0.737220,0.462155,0.485680,0.478148,0.479347,0.460739,0.813058,0.687892,0.526545,0.408454,0.614799,0.514252,0.403693,0.352619,0.576209,0.543556,0.852279,0.655378,0.768824,0.668682,-0.005335,0.080816,0.693575,0.651787,0.738028,0.580141,0.678408,0.735291,0.420772,0.422860,0.569394,0.459324,0.799373,0.848009,0.831410,0.564108,0.748511,0.454698,0.637923,0.652126
0.957717,1.049846,0.578902,0.606010,0.461499,0.218573,0.600486,0.689933,0.385486,0.161448,0.535708,0.650366,0.411291,0.381653,0.567511,0.592219,0.796334,0.734873,1.245088,0.000000,0.382097,0.225047,0.652990,0.573891,0.318167,0.226789,0.227941,0.086365,0.880691,1.039009,0.792422,0.651429,1.037348,1.088571,0.203625,0.353291,0.399030,0.670190,0.408636,0.582694,0.460285,0.632878,0.684174,0.548159,0.701049,0.639531,0.686104,0.698343,0.737968,0.622132,0.620054,0.512856,0.541097,0.399560,0.494172,0.547348,0.836961,0.754138,0.683115,0.630255,0.453905,0.504239,0.507864,0.490001,0.362117,0.352598,0.766795,0.771481,0.926298,0.805522,0.057982,0.115486,0.796646,0.824161,0.773136,0.707092,0.618080,0.643537,0.475554,0.476257,0.825276,0.732296,0.844756,1.108829,0.775819,0.700889,0.665289,0.521571,0.394614,0.522922
0.393352,0.532343,0.186571,0.183608,0.160871,0.269033,0.010620,0.145172,-0.041463,0.073454,0.003706,0.100824,-0.025305,0.006666,0.108346,0.038486,0.356138,0.390659,0.313714,0.382097,0.000000,0.626733,0.157019,0.156814,0.253570,0.237762,0.479211,0.369556,0.272970,0.366890,0.439103,0.393101,0.446605,0.592040,0.129168,0.178229,0.092500,0.333850,0.123422,0.335306,0.213798,0.509728,0.431784,0.516036,0.339643,0.353150,0.423174,0.455566,0.342589,0.311703,0.348791,0.313209,0.318370,0.269498,0.231928,0.316948,0.604334,0.641324,0.607033,0.426877,0.424431,0.136278,0.321044,0.275596,-0.012488,0.037995,0.413954,0.437410,0.412441,0.347154,0.306974,0.390888,0.657239,0.648360,0.594894,0.534049,0.361580,0.419309,0.404011,0.313609,0.468348,0.429370,0.258562,0.314107,0.325047,0.208716,0.298570,0.064934,0.162255,0.163114
0.164181,0.279087,0.105659,0.298323,-0.008380,0.445175,-0.139378,0.220475,-0.270397,0.201237,-0.124643,0.134458,-0.203156,0.042241,-0.066162,0.051654,-0.008509,0.073752,0.204386,0.225047,0.626733,0.000000,0.073843,0.178353,0.301769,0.384643,0.709359,0.718056,-0.003763,0.090811,0.365635,0.305248,0.148073,0.300157,0.177681,0.257760,0.003007,0.150767,0.046179,0.172158,0.021329,0.271729,0.323053,0.337535,0.241118,0.251537,0.261341,0.283945,0.133302,0.198210,0.176686,0.267437,0.073903,0.168118,0.000673,0.046954,0.318556,0.356985,0.324058,0.233426,0.178588,0.034261,0.070101,0.066354,-0.114998,0.120778,0.367265,0.419205,0.323655,0.305067,0.068542,0.428691,0.354429,0.317373,0.395904,0.385588,0.227802,0.325285,0.319302,0.294303,0.178340,0.176694,0.159952,0.104832,0.114358,0.081941,0.098599,-0.072647,0.011260,0.091999
0.429050,0.431425,1.416822,1.029952,0.454947,0.571575,0.888148,0.796083,0.527332,0.472104,0.540998,0.763844,0.273167,0.356918,0.688567,0.731884,0.252596,0.086254,0.801694,0.652990,0.157019,0.073843,0.000000,1.271189,0.811689,0.625019,0.374303,0.277450,0.328132,0.325742,0.881049,0.817564,0.412823,0.414875,0.658675,0.618113,0.329092,0.473226,0.241854,0.438156,0.343496,0.409370,0.185965,0.060248,0.257144,0.123926,0.170080,0.130424,0.254838,0.174415,0.458241,0.197484,0.260112,0.303089,0.281040,0.280597,0.270203,0.287390,0.195606,0.114678,0.291449,0.264846,0.027478,0.024627,0.645605,0.603191,0.513067,0.404790,0.722579,0.716971,0.070627,0.016664,0.300147,0.227041,0.385129,0.241223,0.494075,0.502158,0.129132,0.145025,0.202016,0.100689,0.668025,0.502194,0.766966,0.635196,0.910353,0.423750,1.012915,0.908755
0.201204,0.312809,0.975812,1.325804,0.122737,0.835741,0.454686,0.764435,0.109295,0.364229,0.245444,0.664223,-0.104476,0.111177,0.238024,0.481865,0.088321,-0.018958,0.610084,0.573891,0.156814,0.178353,1.271189,0.000000,1.068130,1.071501,0.570748,0.539462,0.157994,0.275104,0.951774,1.170521,0.323563,0.349228,0.730888,0.649246,0.216731,0.444175,0.338634,0.481057,0.342292,0.397879,0.195965,0.070343,0.183856,0.062427,0.131249,0.097927,0.125232,0.090343,0.317749,0.130298,0.118462,0.230563,0.217093,0.246087,0.172854,0.230527,0.163209,0.062161,0.127906,0.014716,-0.156590,-0.166833,0.259014,0.463618,0.502536,0.479127,0.753213,0.819007,0.151975,0.093136,0.221374,0.171871,0.314818,0.254039,0.361210,0.482159,0.105367,0.193799,0.122870,0.011888,0.513615,0.431623,0.565503,0.570926,0.823176,0.523774,0.683175,0.719834
0.210639,0.238692,0.840998,1.068572,0.223113,1.237251,0.288521,0.718027,0.034129,0.574815,0.228190,0.443319,-0.163755,0.103416,0.102972,0.300740,-0.061881,-0.186082,0.491423,0.318167,0.253570,0.301769,0.811689,1.068130,0.000000,1.522058,0.923703,0.897901,0.039800,0.072374,0.919352,0.951228,0.232897,0.293899,1.161151,0.912258,0.250768,0.402214,0.373955,0.532334,0.273194,0.471695,0.312919,0.168873,0.243176,0.149797,0.196115,0.120790,0.152524,0.091005,0.455207,0.188216,0.094081,0.327168,0.185653,0.239653,0.189210,0.217777,0.160483,-0.027384,0.267913,0.012026,-0.204038,-0.243771,0.274952,0.553619,0.626269,0.536789,0.552705,0.532968,0.125991,0.158754,0.248115,0.149896,0.357053,0.298135,0.296800,0.487538,0.154868,0.215153,0.017474,-0.064128,0.414070,0.261673,0.498104,0.376267,0.659199,0.393316,0.655627,0.589199
0.058106,0.138567,0.654049,1.067817,-0.027698,1.447351,0.106406,0.618605,-0.216931,0.492576,0.073862,0.416330,-0.374296,-0.003206,-0.085317,0.150309,-0.189652,-0.299101,0.377587,0.226789,0.237762,0.384643,0.625019,1.071501,1.522058,0.000000,0.988385,1.160900,-0.082657,0.010418,0.805053,1.005552,0.100074,0.197747,0.970299,0.754757,0.145037,0.302083,0.348465,0.460635,0.204572,0.403886,0.253957,0.123782,0.093769,0.045660,0.117448,0.056857,-0.011718,-0.024514,0.287197,0.091343,-0.033520,0.225217,0.091951,0.162426,0.087019,0.137632,0.044578,-0.151352,0.138801,-0.164460,-0.338588,-0.403014,0.076560,0.430785,0.480754,0.454296,0.482691,0.497489,0.215712,0.226214,0.165535,0.109852,0.271128,0.274251,0.202820,0.419109,0.105069,0.210838,-0.073919,-0.203981,0.270649,0.144909,0.290225,0.214520,0.519704,0.352378,0.461114,0.390721
0.163290,0.228092,0.457702,0.683719,0.163931,1.102759,0.014286,0.488888,-0.175932,0.541635,-0.022550,0.307024,-0.322274,0.012516,-0.033348,0.102272,-0.165404,-0.166907,0.318828,0.227941,0.479211,0.709359,0.374303,0.570748,0.923703,0.988385,0.000000,1.473490,-0.062319,0.020699,0.641054,0.653877,0.105453,0.236579,0.645098,0.506546,-0.018619,0.117299,0.193702,0.311999,0.034725,0.340713,0.245729,0.205284,0.141489,0.140748,0.107393,0.090045,0.030260,0.043186,0.259709,0.155475,-0.041289,0.201639,-0.061815,0.019011,0.163494,0.190856,0.153689,-0.055846,0.163432,-0.099934,-0.191250,-0.254553,0.059496,0.336326,0.469847,0.417925,0.424129,0.353573,0.264159,0.402173,0.251639,0.179094,0.326387,0.297419,0.107121,0.288196,0.172855,0.262243,0.033824,-0.035957,0.282820,0.096910,0.218944,0.159474,0.298796,0.079436,0.303323,0.221687
0.037801,0.085437,0.382951,0.657745,-0.047053,1.266325,-0.093640,0.385305,-0.331468,0.535285,-0.081787,0.236048,-0.432049,-0.041353,-0.157373,-0.008951,-0.310817,-0.360586,0.214569,0.086365,0.369556,0.718056,0.277450,0.539462,0.897901,1.160900,1.473490,0.000000,-0.233707,-0.152914,0.519098,0.594319,-0.040527,0.088634,0.656508,0.493778,-0.039052,0.078389,0.178208,0.301144,-0.031787,0.262839,0.191688,0.143884,0.020364,0.024687,0.040351,0.004547,-0.107664,-0.086564,0.177236,0.065016,-0.127665,0.130071,-0.108522,-0.019718,0.056040,0.099654,0.020094,-0.189279,0.111761,-0.245468,-0.339304,-0.429923,-0.036908,0.293285,0.383601,0.338262,0.370790,0.332361,0.220271,0.412143,0.145096,0.049180,0.246582,0.221257,0.108895,0.275338,0.071470,0.186748,-0.134360,-0.228216,0.107772,-0.027118,0.124727,0.009897,0.182182,0.014324,0.250772,0.140689
0.818867,0.932257,0.249557,0.227206,0.541306,-0.092428,0.472768,0.470560,0.503025,0.110163,0.658250,0.552353,0.697321,0.491323,0.727193,0.585632,1.081668,0.933555,0.763552,0.880691,0.272970,-0.003763,0.328132,0.157994,0.039800,-0.082657,-0.062319,-0.233707,0.000000,1.128286,0.426804,0.288793,0.847348,0.905819,-0.015476,0.187801,0.380723,0.615686,0.275311,0.424993,0.385115,0.502536,0.691123,0.626712,0.719496,0.710381,0.735859,0.786792,0.949471,0.734820,0.671985,0.563459,0.671851,0.502127,0.570468,0.621355,0.769160,0.672906,0.595082,0.608525,0.513087,0.616639,0.747911,0.743097,0.422400,0.302297,0.510916,0.543507,0.397671,0.332040,0.048209,-0.017156,0.876742,0.816130,0.715618,0.543181,0.486939,0.429696,0.642728,0.531754,0.982237,0.941536,0.834573,1.030148,0.703421,0.654814,0.536693,0.425752,0.270281,0.435059
0.611582,0.893671,0.206245,0.306578,0.287440,-0.016728,0.302989,0.497158,0.239508,-0.021786,0.334640,0.456272,0.379004,0.364188,0.462259,0.543210,0.933917,1.131847,0.703720,1.039009,0.366890,0.090811,0.325742,0.275104,0.072374,0.010418,0.020699,-0.152914,1.128286,0.000000,0.605133,0.495911,0.996390,1.123980,0.007091,0.222171,0.296627,0.635427,0.351580,0.513523,0.448573,0.611785,0.666416,0.580828,0.679341,0.700711,0.745668,0.751871,0.692054,0.664799,0.468645,0.524096,0.641015,0.437788,0.620000,0.594109,0.793217,0.697873,0.627213,0.673805,0.339345,0.509876,0.630666,0.749813,0.120280,0.165048,0.470877,0.654807,0.508737,0.479332,0.107561,0.019843,0.890941,0.959090,0.709009,0.694246,0.388479,0.433781,0.639387,0.578083,1.040786,0.992783,0.814100,1.226641,0.611324,0.699739,0.596106,0.574587,0.145265,0.391542
0.443738,0.537584,0.715261,0.899022,0.268208,0.694441,0.425334,0.776938,0.141334,0.305465,0.274160,0.535822,0.031406,0.242686,0.311527,0.490589,0.291040,0.285528,0.771308,0.792422,0.439103,0.365635,0.881049,0.951774,0.919352,0.805053,0.641054,0.519098,0.426804,0.605133,0.000000,1.417008,0.672092,0.733848,0.676729,0.672495,0.335765,0.580985,0.417300,0.629564,0.448135,0.632334,0.482135,0.335995,0.444476,0.352778,0.440141,0.394877,0.333087,0.281815,0.423510,0.276651,0.294540,0.397652,0.323210,0.378914,0.482548,0.486748,0.404922,0.288729,0.310861,0.237098,0.120112,0.147818,0.250973,0.385934,0.701177,0.766647,0.827380,0.783290,0.167134,0.205290,0.573167,0.525887,0.561425,0.567218,0.473129,0.629633,0.384238,0.403048,0.388841,0.323518,0.716082,0.671415,0.610347,0.593819,0.830018,0.510088,0.457662,0.582456
0.269668,0.416894,0.646121,0.996352,0.049021,0.796273,0.257486,0.693141,-0.047340,0.226627,0.146893,0.505153,-0.197243,0.068029,0.138492,0.358493,0.199339,0.181334,0.636955,0.651429,0.393101,0.305248,0.817564,1.170521,0.951228,1.005552,0.653877,0.594319,0.288793,0.495911,1.417008,0.000000,0.567215,0.619928,0.654138,0.604081,0.272550,0.529949,0.434828,0.600258,0.463240,0.584854,0.398620,0.281352,0.287462,0.215345,0.357786,0.319569,0.202009,0.180959,0.311465,0.212928,0.214951,0.350522,0.318284,0.377898,0.369136,0.394770,0.333741,0.210833,0.182787,0.048574,-0.013542,0.006280,0.073671,0.284306,0.557590,0.669684,0.765278,0.770967,0.285879,0.222581,0.480960,0.446072,0.497431,0.476861,0.417345,0.554523,0.333761,0.362312,0.305609,0.203091,0.583902,0.565277,0.526681,0.531389,0.853569,0.599623,0.406057,0.524281
0.752086,0.971820,0.334242,0.351964,0.388838,0.100218,0.392993,0.490349,0.271990,0.026281,0.425926,0.363558,0.383248,0.291971,0.402809,0.406371,0.830329,0.892257,0.832421,1.037348,0.446605,0.148073,0.412823,0.323563,0.232897,0.100074,0.105453,-0.040527,0.847348,0.996390,0.672092,0.567215,0.000000,1.562281,0.212864,0.372339,0.539334,0.738299,0.438937,0.634974,0.608174,0.657803,0.747777,0.656329,0.732913,0.700494,0.824888,0.825138,0.737881,0.611410,0.597097,0.533672,0.680262,0.467027,0.689057,0.656742,0.947680,0.928608,0.927820,0.851604,0.518456,0.534086,0.690090,0.740386,0.226769,0.232851,0.764439,0.903558,0.691781,0.613050,0.110432,0.056523,0.927366,0.901522,0.855156,0.720825,0.614544,0.654003,0.653744,0.484497,1.012158,0.966013,0.700788,0.948793,0.755367,0.712463,0.644752,0.552668,0.269790,0.505175
0.818543,1.248467,0.368421,0.458283,0.423408,0.220070,0.375584,0.637756,0.244185,0.163568,0.427285,0.498346,0.372181,0.365473,0.430906,0.460364,0.822593,0.896476,0.883887,1.088571,0.592040,0.300157,0.414875,0.349228,0.293899,0.197747,0.236579,0.088634,0.905819,1.123980,0.733848,0.619928,1.562281,0.000000,0.261425,0.436504,0.447273,0.757131,0.372893,0.638327,0.546254,0.752061,0.897134,0.790522,0.810029,0.822107,0.910509,0.922206,0.794520,0.693817,0.699156,0.641668,0.705741,0.521919,0.647779,0.670406,1.009678,1.105295,0.915965,0.797696,0.605113,0.537251,0.698571,0.721291,0.247326,0.332294,0.831488,0.987116,0.671291,0.618370,0.188094,0.154705,1.094432,1.152337,1.000123,0.906534,0.622097,0.743109,0.722668,0.626553,1.058016,0.991623,0.722553,0.982092,0.811592,0.730797,0.656060,0.492726,0.308671,0.519472
0.224471,0.201915,0.864905,0.886203,0.216430,0.936402,0.415669,0.670877,0.108862,0.583034,0.291944,0.428244,-0.066498,0.183030,0.132574,0.292611,-0.078477,-0.260120,0.433208,0.203625,0.129168,0.177681,0.658675,0.730888,1.161151,0.970299,0.645098,0.656508,-0.015476,0.007091,0.676729,0.654138,0.212864,0.261425,0.000000,1.173393,0.325809,0.330242,0.459335,0.569048,0.286934,0.376516,0.291486,0.127129,0.243113,0.154867,0.154027,0.065189,0.079001,-0.009708,0.462898,0.131342,0.084466,0.241276,0.195027,0.232405,0.092043,0.145511,0.167045,-0.050231,0.320766,0.083786,-0.175210,-0.216369,0.423863,0.648423,0.727652,0.552634,0.433447,0.442203,0.101831,0.164659,0.146840,0.072219,0.280606,0.181499,0.357211,0.547912,0.133021,0.119278,-0.002101,-0.097175,0.335721,0.215220,0.570974,0.400995,0.561198,0.345719,0.757769,0.579309
0.361654,0.444706,0.747280,0.859368,0.335095,0.731115,0.395731,0.801441,0.213853,0.603929,0.388492,0.555883,0.119437,0.412495,0.251372,0.495301,0.119140,-0.005913,0.515780,0.353291,0.178229,0.257760,0.618113,0.649246,0.912258,0.754757,0.506546,0.493778,0.187801,0.222171,0.672495,0.604081,0.372339,0.436504,1.173393,0.000000,0.354458,0.450065,0.504100,0.645676,0.344465,0.536806,0.465492,0.295105,0.452149,0.406670,0.338668,0.267397,0.302004,0.228640,0.628752,0.370975,0.310994,0.338172,0.399102,0.382053,0.284865,0.315558,0.340711,0.173099,0.422506,0.311359,0.093759,0.061904,0.415077,0.827515,0.849375,0.794743,0.519812,0.466360,0.051439,0.089198,0.292941,0.269081,0.402662,0.403983,0.444019,0.631271,0.331971,0.266989,0.206132,0.126586,0.461101,0.364222,0.597036,0.589075,0.613296,0.479733,0.687734,0.736369
0.433983,0.451041,0.397325,0.329547,0.279928,0.117920,0.367108,0.355676,0.261848,0.183255,0.383385,0.285180,0.303957,0.336444,0.314749,0.299447,0.397211,0.275687,0.491065,0.399030,0.092500,0.003007,0.329092,0.216731,0.250768,0.145037,-0.018619,-0.039052,0.380723,0.296627,0.335765,0.272550,0.539334,0.447273,0.325809,0.354458,0.000000,0.494135,0.393566,0.530052,0.609520,0.553049,0.429740,0.398737,0.349401,0.327915,0.407913,0.450468,0.358353,0.342031,0.427745,0.424760,0.443446,0.395861,0.578742,0.580232,0.455729,0.429543,0.364108,0.437805,0.328160,0.369082,0.274421,0.317147,0.239336,0.339520,0.526072,0.550168,0.439952,0.398008,-0.167768,-0.154147,0.435722,0.342289,0.539058,0.339831,0.660299,0.574078,0.370249,0.195527,0.406051,0.343520,0.390835,0.532823,0.498744,0.372135,0.557097,0.327913,0.380146,0.501298
0.505959,0.662174,0.442767,0.521340,0.232542,0.260706,0.364469,0.528639,0.205075,0.134869,0.343149,0.386760,0.285797,0.303465,0.367484,0.458418,0.607148,0.587796,0.607447,0.670190,0.333850,0.150767,0.473226,0.444175,0.402214,0.302083,0.117299,0.078389,0.615686,0.635427,0.580985,0.529949,0.738299,0.757131,0.330242,0.450065,0.494135,0.000000,0.583547,0.892256,0.552819,0.721909,0.756239,0.632394,0.698901,0.654153,0.773216,0.741236,0.673182,0.648626,0.727812,0.608132,0.608049,0.603870,0.556932,0.712879,0.653141,0.675952,0.611541,0.563995,0.489856,0.466694,0.453882,0.468175,0.289960,0.371813,0.670030,0.780037,0.600907,0.531671,0.094269,0.120050,0.723836,0.610035,0.702120,0.519670,0.500365,0.658902,0.631183,0.488615,0.766962,0.651978,0.823134,0.824076,0.870737,0.697943,0.780611,0.614726,0.401128,0.647111
0.326702,0.332783,0.334463,0.433088,0.079165,0.315747,0.218245,0.403599,0.034276,0.160159,0.175326,0.219778,0.019154,0.134080,0.051005,0.258159,0.222382,0.224240,0.391368,0.408636,0.123422,0.046179,0.241854,0.338634,0.373955,0.348465,0.193702,0.178208,0.275311,0.351580,0.417300,0.434828,0.438937,0.372893,0.459335,0.504100,0.393566,0.583547,0.000000,0.893565,0.589217,0.617028,0.557545,0.384956,0.412875,0.391878,0.528689,0.432705,0.355414,0.268357,0.488489,0.314414,0.383661,0.404508,0.507039,0.544281,0.309579,0.305770,0.399965,0.278394,0.216511,0.182125,0.135784,0.127072,0.081715,0.302874,0.549034,0.619495,0.581236,0.493419,-0.009747,0.066377,0.282902,0.319122,0.334101,0.275089,0.351194,0.476483,0.360910,0.228743,0.400024,0.304857,0.540261,0.539411,0.414647,0.454672,0.559926,0.974524,0.279229,0.421981
0.500924,0.590145,0.496661,0.596598,0.191647,0.455744,0.297319,0.580001,0.073249,0.255249,0.266338,0.384886,0.134582,0.278282,0.222186,0.396998,0.376715,0.356655,0.584616,0.582694,0.335306,0.172158,0.438156,0.481057,0.532334,0.460635,0.311999,0.301144,0.424993,0.513523,0.629564,0.600258,0.634974,0.638327,0.569048,0.645676,0.530052,0.892256,0.893565,0.000000,0.511362,0.767513,0.758389,0.613080,0.586142,0.575417,0.668619,0.642995,0.489166,0.461745,0.694009,0.533585,0.515044,0.558640,0.544960,0.781927,0.572347,0.518790,0.530465,0.400382,0.405109,0.313599,0.249252,0.231991,0.177311,0.419216,0.760216,0.871720,0.701104,0.580241,0.092917,0.153455,0.599334,0.485814,0.638690,0.493443,0.604900,0.724608,0.448107,0.343289,0.532748,0.431128,0.723443,0.844421,0.794676,0.641629,0.786381,0.696728,0.471127,0.609886
0.327597,0.430407,0.330961,0.327518,0.226657,0.176156,0.279376,0.367516,0.174039,0.117023,0.168865,0.185765,0.141540,0.124690,0.191618,0.250497,0.387543,0.383515,0.458850,0.460285,0.213798,0.021329,0.343496,0.342292,0.273194,0.204572,0.034725,-0.031787,0.385115,0.448573,0.448135,0.463240,0.608174,0.546254,0.286934,0.344465,0.609520,0.552819,0.589217,0.511362,0.000000,0.633632,0.482287,0.391200,0.381807,0.343886,0.518653,0.460731,0.465471,0.365419,0.409911,0.318611,0.478883,0.452597,0.595824,0.591362,0.479609,0.472093,0.492324,0.417195,0.273893,0.265098,0.288519,0.256964,0.146839,0.208877,0.422504,0.495675,0.426041,0.411709,0.160352,0.081273,0.554123,0.508058,0.539161,0.419652,0.451189,0.442171,0.345433,0.215648,0.417025,0.392882,0.388129,0.470026,0.421726,0.384893,0.557184,0.551476,0.267438,0.441763
0.552742,0.798301,0.421312,0.526236,0.345054,0.416244,0.272997,0.568395,0.190878,0.316075,0.294145,0.403123,0.200570,0.387466,0.295097,0.431160,0.442931,0.474721,0.580499,0.632878,0.509728,0.271729,0.409370,0.397879,0.471695,0.403886,0.340713,0.262839,0.502536,0.611785,0.632334,0.584854,0.657803,0.752061,0.376516,0.536806,0.553049,0.721909,0.617028,0.767513,0.633632,0.000000,0.670245,0.580263,0.583637,0.571548,0.705120,0.654409,0.585200,0.526420,0.680439,0.584135,0.622971,0.618044,0.564139,0.641515,0.682031,0.719740,0.551045,0.465055,0.410156,0.400639,0.405005,0.394561,0.217084,0.419978,0.623987,0.757270,0.615410,0.547990,0.117835,0.039043,0.866433,0.777461,0.919381,0.758482,0.469150,0.582009,0.695584,0.558824,0.640091,0.557839,0.701375,0.755510,0.613839,0.548347,0.653859,0.562195,0.325509,0.564893
0.657121,0.849537,0.233673,0.407248,0.347124,0.275687,0.200432,0.554432,0.141267,0.224569,0.320242,0.374739,0.237626,0.262341,0.221954,0.322781,0.602011,0.548441,0.616094,0.684174,0.431784,0.323053,0.185965,0.195965,0.312919,0.253957,0.245729,0.191688,0.691123,0.666416,0.482135,0.398620,0.747777,0.897134,0.291486,0.465492,0.429740,0.756239,0.557545,0.758389,0.482287,0.670245,0.000000,1.628443,1.257992,1.280245,1.575211,1.508177,1.109599,1.052539,0.965921,0.967776,0.735563,0.689123,0.732750,0.900842,0.785329,0.693149,0.711886,0.617588,0.541242,0.445700,0.504207,0.456078,0.165884,0.410004,0.816320,0.998261,0.463841,0.310369,0.117585,0.163345,0.823150,0.781745,0.830224,0.761853,0.509375,0.635793,0.598534,0.503074,0.734054,0.633129,0.604014,0.754432,0.625329,0.555279,0.559791,0.565724,0.224506,0.399747
0.527959,0.742481,0.072979,0.238140,0.280371,0.159071,0.051659,0.364063,0.079138,0.112528,0.200414,0.255774,0.167127,0.153356,0.140050,0.196431,0.582554,0.592663,0.437600,0.548159,0.516036,0.337535,0.060248,0.070343,0.168873,0.123782,0.205284,0.143884,0.626712,0.580828,0.335995,0.281352,0.656329,0.790522,0.127129,0.295105,0.398737,0.632394,0.384956,0.613080,0.391200,0.580263,1.628443,0.000000,1.234597,1.359215,1.243607,1.578832,1.066672,1.116751,0.741084,0.924259,0.586615,0.594160,0.590548,0.779561,0.689635,0.639144,0.675499,0.649225,0.392744,0.332964,0.463946,0.438995,0.044739,0.264094,0.632979,0.851991,0.346993,0.213054,0.187161,0.194798,0.785829,0.691270,0.724087,0.686094,0.415790,0.523384,0.596925,0.456679,0.723894,0.658262,0.497800,0.638535,0.474287,0.474220,0.446735,0.384447,0.089852,0.269794
0.620806,0.806608,0.231931,0.337822,0.452748,0.112842,0.273817,0.515639,0.280667,0.157296,0.361685,0.338319,0.337073,0.282361,0.298720,0.423552,0.674789,0.670109,0.543013,0.701049,0.339643,0.241118,0.257144,0.183856,0.243176,0.093769,0.141489,0.020364,0.719496,0.679341,0.444476,0.287462,0.732913,0.810029,0.243113,0.452149,0.349401,0.698901,0.412875,0.586142,0.381807,0.583637,1.257992,1.234597,0.000000,1.785085,1.131390,1.343161,1.358225,1.274490,0.839219,0.900776,0.557370,0.509125,0.574233,0.696775,0.675495,0.603313,0.727963,0.735643,0.426268,0.510482,0.553327,0.537475,0.258528,0.431958,0.755298,0.909099,0.404834,0.314172,0.020721,0.012800,0.769876,0.657289,0.688866,0.630590,0.443144,0.531884,0.592964,0.481677,0.762074,0.734196,0.699265,0.771524,0.628148,0.715183,0.553932,0.489713,0.230215,0.446919
0.617318,0.815848,0.130669,0.265560,0.417125,0.088781,0.184482,0.478386,0.219382,0.176500,0.315582,0.323721,0.345831,0.330841,0.254024,0.365841,0.663120,0.693382,0.493866,0.639531,0.353150,0.251537,0.123926,0.062427,0.149797,0.045660,0.140748,0.024687,0.710381,0.700711,0.352778,0.215345,0.700494,0.822107,0.154867,0.406670,0.327915,0.654153,0.391878,0.575417,0.343886,0.571548,1.280245,1.359215,1.785085,0.000000,1.130949,1.359933,1.256930,1.297639,0.810419,0.944093,0.579387,0.531819,0.592342,0.708588,0.701507,0.596909,0.724710,0.714857,0.429977,0.509690,0.586201,0.548616,0.192918,0.425007,0.729834,0.911802,0.350246,0.248226,0.073496,0.063820,0.757286,0.669179,0.670945,0.661384,0.363166,0.467995,0.672383,0.528931,0.801078,0.778506,0.601134,0.706645,0.528019,0.632121,0.441277,0.425024,0.140779,0.351170
0.640279,0.869727,0.183027,0.306680,0.326474,0.150028,0.209203,0.436107,0.165866,0.088069,0.271864,0.277430,0.274085,0.237362,0.246183,0.331845,0.698252,0.752791,0.546591,0.686104,0.423174,0.261341,0.170080,0.131249,0.196115,0.117448,0.107393,0.040351,0.735859,0.745668,0.440141,0.357786,0.824888,0.910509,0.154027,0.338668,0.407913,0.773216,0.528689,0.668619,0.518653,0.705120,1.575211,1.243607,1.131390,1.130949,0.000000,1.599153,1.172651,1.054082,0.864106,0.866468,0.868139,0.702785,0.834502,0.934761,0.855648,0.810422,0.801974,0.762595,0.548492,0.510504,0.658159,0.630085,0.146382,0.274076,0.654599,0.844801,0.447307,0.318260,0.102586,0.121168,0.850502,0.857373,0.759944,0.682710,0.477866,0.561209,0.719263,0.581004,0.877406,0.814600,0.577572,0.750873,0.631372,0.579830,0.492581,0.617140,0.148774,0.371950
0.633612,0.882860,0.114945,0.255675,0.288358,0.073714,0.144557,0.404086,0.117023,0.032910,0.259175,0.256347,0.263077,0.228289,0.221759,0.300480,0.766136,0.832398,0.524969,0.698343,0.455566,0.283945,0.130424,0.097927,0.120790,0.056857,0.090045,0.004547,0.786792,0.751871,0.394877,0.319569,0.825138,0.922206,0.065189,0.267397,0.450468,0.741236,0.432705,0.642995,0.460731,0.654409,1.508177,1.578832,1.343161,1.359933,1.599153,0.000000,1.270823,1.332199,0.793013,1.003142,0.737821,0.651497,0.736060,0.928254,0.866522,0.790397,0.807438,0.841563,0.451848,0.475230,0.661566,0.659627,0.082622,0.238078,0.630839,0.886803,0.421483,0.308092,0.113086,0.126462,0.944552,0.876766,0.801621,0.740985,0.516846,0.571752,0.710546,0.556369,0.895896,0.854580,0.580943,0.789982,0.546626,0.563340,0.508742,0.513416,0.080202,0.339947
0.767765,0.938893,0.251460,0.274865,0.606168,0.031069,0.397442,0.494502,0.446233,0.186622,0.450073,0.352553,0.525098,0.343598,0.437520,0.484289,0.908669,0.800515,0.587330,0.737968,0.342589,0.133302,0.254838,0.125232,0.152524,-0.011718,0.030260,-0.107664,0.949471,0.692054,0.333087,0.202009,0.737881,0.794520,0.079001,0.302004,0.358353,0.673182,0.355414,0.489166,0.465471,0.585200,1.109599,1.066672,1.358225,1.256930,1.172651,1.270823,0.000000,1.512108,1.094911,1.033668,0.823740,0.711455,0.700946,0.872109,0.844088,0.760861,0.870345,0.842872,0.621328,0.636805,0.780514,0.657678,0.379707,0.409584,0.663102,0.744051,0.397004,0.279905,0.052956,0.024156,0.818073,0.783309,0.712129,0.634455,0.451564,0.437897,0.670729,0.548226,0.925305,0.897866,0.676284,0.782645,0.662556,0.663142,0.526716,0.478191,0.253346,0.466734
