0.000000,0.752709,0.928630,0.812950,0.026983,0.200066,0.775018,0.642024,-0.161419,-0.089332,0.301080,0.299954,0.333166,0.046518,-0.098417,-0.085432,-0.249081,-0.035181,1.050689,0.832977,-0.342463,-0.362862,0.508687,0.432435,-0.073838,0.087195,0.255105,0.359827,-0.329661,-0.235981,0.127946,0.382455,0.482530,0.494167,-0.260932,-0.258988,-0.156094,-0.061114,-0.010044,0.007664,-0.243995,-0.131420,-0.006922,-0.050108,-0.017192,0.019438,0.119953,0.105317,0.029950,0.084716,-0.095751,-0.067554,0.089142,0.073314,0.060957,0.019541,0.923116,0.814687,0.681294,0.404573,0.692916,0.425460,0.164785,0.205922,0.012267,0.070757,0.322971,0.118780,0.987397,0.558296,-0.182783,0.043777,0.017347,0.195841,-0.150377,0.060756,-0.308130,-0.305807,-0.179469,-0.207719,-0.226039,-0.317325,0.162012,0.122481,-0.200205,-0.201350,0.041011,0.054105,0.211940,0.305175
0.752709,0.000000,0.375744,0.395006,0.436458,-0.218337,0.207404,0.493140,0.302884,0.125433,0.576684,0.530834,0.194513,0.642320,-0.370634,-0.054412,0.282620,0.016326,0.341101,0.723803,-0.316042,-0.370962,0.448240,0.439616,-0.135353,0.149717,-0.139176,0.497419,-0.239814,-0.003269,0.002828,0.321577,0.048417,0.314843,-0.407534,-0.345974,0.031965,-0.139366,0.119602,-0.104130,-0.372249,-0.333141,0.049925,-0.028749,0.019988,0.150732,-0.026474,0.114206,0.214588,-0.011334,-0.002712,-0.026704,0.084507,0.115322,-0.009634,0.194656,1.123169,1.239417,0.961389,1.073754,0.584898,0.765534,-0.010399,0.657780,0.143806,0.229455,0.494031,0.375526,1.218324,0.953927,-0.276606,0.053442,-0.297058,0.143272,-0.074656,-0.124880,-0.319693,-0.300559,0.309761,-0.202774,-0.205365,-0.000763,0.040413,0.160641,-0.143132,-0.134666,-0.027108,0.207583,0.127943,0.292786
0.928630,0.375744,0.000000,1.279988,0.055139,0.224575,1.473035,0.897232,-0.164969,0.010055,0.106806,0.121049,0.221349,-0.075284,-0.005410,-0.091971,-0.534407,-0.220948,0.999711,0.561031,-0.315555,-0.295102,0.995179,0.827652,-0.005112,0.258734,0.397808,0.502037,-0.432361,-0.344653,0.422356,0.587568,0.484509,0.468790,-0.284316,-0.258036,-0.220283,-0.093954,-0.111650,-0.030910,-0.347309,-0.199741,-0.136514,-0.165109,-0.072522,-0.135870,0.025181,-0.068300,-0.144485,-0.018088,-0.209890,-0.147606,-0.016269,-0.018787,-0.072307,-0.141161,0.399393,0.377036,0.303884,0.107837,0.292221,0.132745,-0.072021,-0.087968,0.064838,0.056831,0.113223,-0.029829,0.611361,0.276662,-0.030513,0.127759,0.066474,0.151365,-0.092546,0.035377,-0.336196,-0.373642,-0.412780,-0.120356,-0.367159,-0.517524,0.065577,-0.103429,-0.294670,-0.280192,-0.068747,-0.061078,0.122120,0.142034
0.812950,0.395006,1.279988,0.000000,0.021608,0.448316,1.109335,1.250442,-0.403940,0.125322,-0.106314,0.262556,0.119829,-0.103655,-0.075971,-0.133676,-0.477053,-0.033566,1.169529,0.763151,-0.268575,-0.247580,0.625985,0.977750,0.140854,0.425330,0.374983,0.498653,-0.443794,-0.283329,0.256011,0.561121,0.617336,0.645572,-0.222708,-0.086268,-0.238946,-0.030353,-0.079883,0.076660,-0.320625,-0.121407,-0.041617,-0.087651,-0.082291,-0.074805,0.139166,0.004073,-0.058297,0.134795,-0.083017,0.008135,0.182938,0.143862,0.012303,-0.040902,0.421293,0.463123,0.281026,0.149357,0.333879,0.269256,0.183865,0.031580,-0.109034,0.167111,0.109520,0.112849,0.658927,0.354332,-0.107566,0.029298,0.113965,0.327781,-0.067345,0.194719,-0.286914,-0.315568,-0.487016,-0.067511,-0.247915,-0.532540,0.237972,0.012315,-0.350926,-0.203092,-0.003314,-0.094144,0.113485,0.250245
0.026983,0.436458,0.055139,0.021608,0.000000,0.012476,-0.062010,0.129541,0.688414,0.747617,0.382592,0.203575,0.162662,0.504455,-0.075228,0.091511,0.387057,0.109194,-0.108457,0.016109,0.107306,0.060559,0.219747,0.147392,0.287083,0.231797,-0.216533,0.353324,0.076417,0.058525,-0.077037,-0.030281,-0.142347,0.010452,0.134578,0.070532,0.375855,0.255767,0.393845,0.236889,-0.145181,0.019221,0.466217,0.431794,0.324505,0.404573,0.157817,0.303588,0.483005,0.221604,0.383309,0.355824,0.300222,0.272673,0.304590,0.563220,0.240930,0.333711,0.370721,0.511756,0.114244,0.364062,0.004434,0.307420,0.520385,0.428108,0.578314,0.603071,0.305153,0.463922,-0.091668,0.038391,0.016260,0.185394,-0.162888,-0.175951,0.076793,0.084403,0.411923,-0.165038,-0.149850,0.348495,-0.038133,0.287644,0.238972,0.369495,0.256470,0.346858,0.469095,0.377019
0.200066,-0.218337,0.224575,0.448316,0.012476,0.000000,0.214618,0.142645,-0.568050,0.438352,-0.428076,0.074564,0.027389,-0.534420,0.389038,0.199474,-0.400957,0.487664,0.440838,0.328463,0.194880,0.166408,-0.173357,0.130296,0.542781,0.345607,0.617216,-0.094293,0.083273,0.051790,-0.246028,-0.194542,0.406280,0.257102,0.552136,0.558800,-0.287371,0.183438,-0.154276,0.457959,0.346026,0.291164,0.415452,0.486933,0.210103,0.160774,0.735706,0.417973,0.292221,0.568114,0.387450,0.547226,0.517903,0.452557,0.455976,0.294930,-0.052924,0.069278,-0.047545,-0.069744,0.179876,0.150240,0.695194,0.080405,-0.111436,0.128557,0.176743,0.251116,0.050483,0.142075,0.095847,-0.118237,0.595969,0.584234,0.140061,0.671156,0.368748,0.350543,-0.590125,0.334137,0.368623,0.026429,0.557089,0.264758,0.188662,0.281922,0.193988,-0.241074,0.386720,0.299110
0.775018,0.207404,1.473035,1.109335,-0.062010,0.214618,0.000000,0.924589,-0.274560,-0.077603,0.026511,0.119248,0.313694,-0.109860,0.066936,-0.122894,-0.485852,-0.132991,0.999028,0.416820,-0.274171,-0.162233,0.689963,0.595328,0.029422,0.189226,0.291539,0.375394,-0.407341,-0.400053,0.547648,0.570813,0.722688,0.588298,-0.324443,-0.183293,-0.059321,0.105647,0.031137,0.063180,-0.372312,-0.006623,-0.110961,-0.192455,-0.109544,-0.148997,0.062196,-0.041603,-0.246192,-0.027696,-0.213864,-0.175944,0.123221,0.099494,-0.000945,-0.086352,0.354766,0.328312,0.237430,0.031428,0.280695,0.157773,0.045992,-0.111238,-0.120813,0.005054,-0.031622,-0.094836,0.401836,0.179072,-0.010825,0.118245,0.161051,0.161930,-0.301603,-0.047216,-0.318159,-0.334041,-0.428956,-0.231874,-0.432694,-0.528753,0.060815,0.014316,-0.270071,-0.156045,0.106788,0.094138,0.164476,0.245606
0.642024,0.493140,0.897232,1.250442,0.129541,0.142645,0.924589,0.000000,-0.139556,0.161524,0.115272,0.423505,0.248520,0.261291,-0.267561,-0.210798,-0.200433,-0.110064,0.797673,0.567545,-0.230868,-0.251472,0.715320,1.028649,0.021530,0.336835,0.095356,0.511384,-0.436980,-0.234301,0.451856,0.840960,0.532631,0.718057,-0.460130,-0.259008,-0.073914,-0.017631,-0.011704,-0.134287,-0.599379,-0.214811,-0.159377,-0.234997,-0.270141,-0.192312,-0.103115,-0.121600,-0.183432,-0.094882,-0.224751,-0.155555,0.088782,0.045245,-0.122503,-0.077297,0.467604,0.461515,0.318504,0.237383,0.309037,0.348472,0.022483,0.068995,-0.144253,0.174637,0.052400,0.052031,0.552590,0.284827,-0.173241,0.128863,-0.094619,0.193191,-0.141710,-0.008375,-0.503384,-0.508380,-0.223968,-0.243591,-0.451186,-0.547940,0.059188,-0.028777,-0.536433,-0.295440,-0.112015,-0.065614,-0.001464,0.189091
-0.161419,0.302884,-0.164969,-0.403940,0.688414,-0.568050,-0.274560,-0.139556,0.000000,0.377092,0.750635,0.159281,0.200748,0.889544,-0.021720,0.260687,0.583934,-0.202331,-0.510734,-0.250754,0.100312,-0.042946,0.274686,-0.004736,-0.230882,-0.111356,-0.450921,0.140510,0.212052,0.206570,-0.006288,-0.035688,-0.499794,-0.263496,-0.060774,-0.229595,0.287716,-0.110763,0.103736,-0.264153,-0.042161,-0.271401,0.071541,-0.002989,0.069892,0.089967,-0.239333,-0.056861,0.178683,-0.255820,0.033034,-0.024593,-0.200253,-0.130607,-0.039727,0.153181,0.112135,0.061759,0.321566,0.394446,0.063874,0.140346,-0.500568,0.148776,0.690226,0.316014,0.317161,0.221100,0.075616,0.164832,-0.036983,0.137746,-0.245008,-0.157181,-0.007414,-0.363679,-0.028758,-0.011493,0.699839,-0.211565,-0.103284,0.404639,-0.230692,-0.002535,0.167554,-0.000905,-0.060440,0.231856,0.116444,0.025952
-0.089332,0.125433,0.010055,0.125322,0.747617,0.438352,-0.077603,0.161524,0.377092,0.000000,0.157400,0.350361,0.165828,0.352417,0.343140,0.567762,0.202509,0.326032,-0.119007,0.109694,0.344706,0.231047,0.039215,0.318052,0.271192,0.377201,-0.043909,0.124970,0.295606,0.330820,-0.269369,-0.136050,-0.145498,0.033914,0.384028,0.347579,0.014661,0.081795,0.008013,0.191926,0.182527,-0.002294,0.488231,0.506967,0.300273,0.299085,0.447486,0.399033,0.472017,0.357437,0.461775,0.531150,0.366113,0.323460,0.426531,0.465835,0.020703,0.122612,0.150483,0.326958,0.082382,0.376300,0.164501,0.303076,0.378575,0.557548,0.366927,0.496111,0.112326,0.309948,0.094189,0.035698,0.309901,0.517252,0.246256,0.208241,0.334389,0.318082,-0.004177,0.173901,0.261307,0.386674,0.338915,0.244900,0.328377,0.306779,0.063792,-0.062915,0.416112,0.300287
0.301080,0.576684,0.106806,-0.106314,0.382592,-0.428076,0.026511,0.115272,0.750635,0.157400,0.000000,0.443289,0.825626,0.873163,0.096391,0.208204,0.374195,-0.019509,-0.082972,0.046323,0.062669,0.007879,0.403412,0.127379,-0.331516,-0.132680,-0.394145,0.035617,0.220326,0.108152,0.159444,0.241628,-0.163300,-0.027592,-0.230071,-0.268712,0.106938,-0.134062,0.053465,-0.323295,-0.109773,-0.184916,-0.078086,-0.127456,-0.006114,0.010935,-0.183769,-0.030831,0.057232,-0.194111,-0.085277,-0.166188,-0.216974,-0.172579,-0.143439,-0.056939,0.466238,0.404123,0.558494,0.509848,0.461281,0.315008,-0.170578,0.309005,0.466407,0.139443,0.285698,0.077677,0.291499,0.342916,-0.111811,0.175137,-0.127775,0.011893,0.025978,-0.150645,-0.128131,-0.168372,0.364961,-0.239170,-0.184071,0.117629,-0.165418,-0.036163,0.109617,-0.111845,-0.082946,0.128869,0.084540,0.072412
0.299954,0.530834,0.121049,0.262556,0.203575,0.074564,0.119248,0.423505,0.159281,0.350361,0.443289,0.000000,0.516467,0.705805,0.180281,0.382664,0.235370,0.345468,0.116491,0.522559,0.049921,0.062620,0.157810,0.422372,-0.177842,0.052583,-0.128995,0.081968,0.157850,0.312824,-0.099208,0.191207,0.020949,0.386926,-0.151784,-0.074455,-0.255338,-0.205376,-0.186111,-0.070057,0.099194,-0.136907,-0.050711,-0.055096,-0.091437,-0.045682,0.171888,0.065377,0.117045,0.037710,-0.031244,0.027016,0.071933,0.146219,0.093744,0.134505,0.506965,0.580369,0.466990,0.503792,0.466830,0.610750,0.278090,0.667138,0.010056,0.291729,0.169186,0.226722,0.439378,0.470635,-0.031390,0.099629,-0.023388,0.358007,0.202737,0.251246,-0.034807,-0.091088,-0.027421,0.152886,0.133470,0.087256,0.299543,0.165252,-0.052308,-0.078035,-0.038307,-0.050199,0.099576,0.167124
0.333166,0.194513,0.221349,0.119829,0.162662,0.027389,0.313694,0.248520,0.200748,0.165828,0.825626,0.516467,0.000000,0.506148,0.476311,0.305055,0.132516,0.260390,0.191772,0.127019,0.147237,0.252799,0.177877,0.025781,-0.122977,-0.198794,-0.249117,-0.194015,0.373020,0.042897,0.237657,0.247717,0.265241,0.241785,-0.103859,-0.014119,0.078335,0.159257,0.114506,-0.001493,0.048032,0.185700,0.006054,-0.028022,-0.029590,-0.026184,0.079805,0.069400,0.002763,0.008526,-0.017500,-0.096432,0.073337,0.046491,0.062959,0.029370,0.313038,0.314416,0.282831,0.215603,0.499611,0.250194,0.253077,0.237918,0.140778,0.003182,0.075192,-0.059471,0.149357,0.238414,-0.064637,0.084189,0.286130,0.309683,-0.133250,0.087234,0.028736,-0.035290,-0.013508,-0.189063,-0.062658,-0.000365,0.076741,0.203629,0.161179,0.059886,0.204739,0.137269,0.232471,0.173109
0.046518,0.642320,-0.075284,-0.103655,0.504455,-0.534420,-0.109860,0.261291,0.889544,0.352417,0.873163,0.705805,0.506148,0.000000,-0.090354,0.272048,0.696116,0.040491,-0.207440,0.150374,0.040371,0.015405,0.263853,0.222903,-0.305246,-0.072886,-0.592571,0.195743,0.169314,0.299400,0.075248,0.248513,-0.227330,0.122341,-0.331078,-0.280193,0.235695,-0.061266,0.164224,-0.272837,-0.211253,-0.268424,-0.035180,-0.090094,-0.104488,-0.000844,-0.216078,-0.030618,0.075468,-0.250320,-0.050104,-0.112453,-0.065083,-0.054144,-0.047296,0.159205,0.407717,0.386790,0.435886,0.628936,0.262321,0.456274,-0.213110,0.483207,0.258337,0.301232,0.192973,0.181835,0.303187,0.406812,-0.180558,0.148500,-0.224665,0.108981,0.018394,-0.216426,-0.151242,-0.146293,0.549233,-0.202835,-0.112909,0.257329,-0.058521,0.135821,-0.016888,-0.059175,-0.108867,0.177567,0.038634,0.108689
-0.098417,-0.370634,-0.005410,-0.075971,-0.075228,0.389038,0.066936,-0.267561,-0.021720,0.343140,0.096391,0.180281,0.476311,-0.090354,0.000000,1.005208,-0.072160,0.522646,-0.089896,-0.014518,0.478417,0.553821,-0.245624,-0.137749,0.095753,-0.030367,0.137604,-0.372753,0.691552,0.329003,-0.182754,-0.343468,-0.018188,-0.097250,0.566098,0.522372,-0.171392,0.057197,-0.150602,0.228000,0.805360,0.279622,0.222056,0.274583,0.317287,0.121855,0.645313,0.346549,0.148222,0.310827,0.248254,0.266436,0.152833,0.127254,0.434772,0.095348,-0.211965,-0.165019,-0.081346,-0.114557,0.136887,0.056700,0.323918,0.117077,0.211113,0.138095,-0.022982,0.033454,-0.220036,0.040603,0.325731,-0.014001,0.833723,0.551500,0.246115,0.454652,0.789851,0.660665,-0.420516,0.346965,0.582718,0.343615,0.506847,0.195265,0.716092,0.294857,0.207565,-0.059442,0.460654,0.166522
-0.085432,-0.054412,-0.091971,-0.133676,0.091511,0.199474,-0.122894,-0.210798,0.260687,0.567762,0.208204,0.382664,0.305055,0.272048,1.005208,0.000000,0.176749,0.476591,-0.223277,0.184642,0.504223,0.499233,-0.189550,0.021616,-0.096089,-0.034740,0.050352,-0.110768,0.744661,0.709982,-0.295762,-0.260797,-0.302200,-0.117237,0.429539,0.337094,-0.151005,-0.099361,-0.150776,0.115818,0.677277,0.064212,0.229151,0.292440,0.262479,0.148848,0.516534,0.370862,0.203481,0.186618,0.221391,0.285838,0.107281,0.074087,0.523236,0.228363,-0.062133,-0.029973,0.014923,0.115701,0.069725,0.154027,0.053877,0.288012,0.228431,0.289947,0.045538,0.149789,-0.012274,0.223849,0.187050,0.047243,0.499460,0.612097,0.415394,0.407503,0.676651,0.663229,-0.097413,0.465744,0.714802,0.675496,0.593195,0.313005,0.635650,0.225206,0.004955,-0.049097,0.461879,0.239355
-0.249081,0.282620,-0.534407,-0.477053,0.387057,-0.400957,-0.485852,-0.200433,0.583934,0.202509,0.374195,0.235370,0.132516,0.696116,-0.072160,0.176749,0.000000,0.289506,-0.402909,-0.027076,0.231636,0.192610,-0.200633,-0.223083,0.026860,0.029636,-0.377935,0.083600,0.566237,0.578160,-0.084996,-0.040767,-0.287623,0.039059,0.024236,0.062018,0.415330,0.148796,0.213071,-0.080361,-0.005354,-0.106193,0.214962,0.163646,0.067066,0.178059,-0.065433,0.153645,0.190471,-0.111687,0.220626,0.119431,0.150785,0.133932,0.205209,0.409414,0.260013,0.170492,0.219753,0.422509,0.094477,0.301488,0.079931,0.520821,0.146974,0.247570,0.311702,0.389198,0.070145,0.181340,-0.293860,-0.059889,-0.080376,0.127566,0.014060,-0.091836,0.156896,0.156031,0.849706,-0.031069,0.220737,0.538083,0.045733,0.260567,0.183589,0.203678,0.007905,0.233819,0.135822,0.108123
-0.035181,0.016326,-0.220948,-0.033566,0.109194,0.487664,-0.132991,-0.110064,-0.202331,0.326032,-0.019509,0.345468,0.260390,0.040491,0.522646,0.476591,0.289506,0.000000,0.054581,0.328706,0.333971,0.451246,-0.455997,-0.141264,0.347025,0.103021,0.046026,-0.226656,0.527971,0.554877,-0.343944,-0.367872,0.120992,0.212257,0.554544,0.743375,-0.060739,0.237031,0.047975,0.330056,0.473543,0.330579,0.449030,0.543011,0.319470,0.299037,0.757179,0.673699,0.354313,0.440871,0.444083,0.502105,0.457891,0.465843,0.586820,0.414312,0.157102,0.262418,0.103835,0.180875,0.317357,0.411505,0.736722,0.663236,-0.035241,0.238581,0.199336,0.393555,0.020036,0.364657,-0.008716,-0.149214,0.507888,0.716865,0.176895,0.583336,0.704820,0.669866,-0.174303,0.479083,0.669023,0.624675,0.568743,0.478552,0.555499,0.524229,0.181914,-0.017880,0.440204,0.369091
1.050689,0.341101,0.999711,1.169529,-0.108457,0.440838,0.999028,0.797673,-0.510734,-0.119007,-0.082972,0.116491,0.191772,-0.207440,-0.089896,-0.223277,-0.402909,0.054581,0.000000,0.802566,-0.263636,-0.248818,0.436467,0.441327,0.073125,0.184001,0.379971,0.411513,-0.359401,-0.222575,0.279958,0.451400,0.910570,0.765698,-0.232125,-0.082991,-0.105017,0.136545,0.057944,0.184084,-0.293350,0.058367,-0.064153,-0.084024,-0.111325,-0.116668,0.095616,-0.001398,-0.119238,0.068813,-0.134386,-0.080044,0.217434,0.163575,0.029827,-0.005350,0.556239,0.530976,0.306833,0.103195,0.427416,0.227599,0.333421,0.045051,-0.258700,-0.045835,0.063028,-0.004941,0.634043,0.313745,-0.148253,0.013531,0.211635,0.320619,-0.205173,0.138537,-0.283883,-0.296614,-0.413416,-0.072362,-0.224925,-0.467008,0.268138,0.174670,-0.327965,-0.145993,0.109099,0.032537,0.149684,0.246181
0.832977,0.723803,0.561031,0.763151,0.016109,0.328463,0.416820,0.567545,-0.250754,0.109694,0.046323,0.522559,0.127019,0.150374,-0.014518,0.184642,-0.027076,0.328706,0.802566,0.000000,-0.179140,-0.233931,0.277513,0.564218,0.034375,0.301218,0.253400,0.348453,-0.070891,0.210706,-0.094953,0.251032,0.284042,0.647869,-0.121379,-0.052471,-0.404422,-0.234270,-0.183243,0.042871,-0.019082,-0.272516,-0.011853,0.029896,-0.088161,-0.071927,0.302103,0.196132,0.050473,0.073750,-0.056566,0.033661,0.168259,0.144649,0.244085,0.143552,0.753688,0.771447,0.555503,0.492734,0.580623,0.579886,0.288377,0.592932,-0.146412,0.175239,0.253172,0.272957,0.983577,0.782655,-0.193542,-0.064626,0.085964,0.540732,0.244141,0.487816,-0.011823,-0.032349,-0.264425,0.307214,0.249716,-0.019134,0.621783,0.244482,-0.145136,-0.192457,-0.164329,-0.153265,0.204615,0.289161
-0.342463,-0.316042,-0.315555,-0.268575,0.107306,0.194880,-0.274171,-0.230868,0.100312,0.344706,0.062669,0.049921,0.147237,0.040371,0.478417,0.504223,0.231636,0.333971,-0.263636,-0.179140,0.000000,1.142460,-0.291230,-0.137890,0.130526,-0.020162,0.064240,-0.240013,0.809490,0.539627,-0.044514,-0.129607,-0.191865,-0.141972,0.470423,0.478333,0.090396,0.199960,-0.005591,0.167377,0.483577,0.306044,0.276249,0.313373,0.133909,0.094449,0.269417,0.264161,0.116063,0.165611,0.268811,0.290068,0.133599,0.124760,0.319013,0.169723,-0.264683,-0.307187,-0.302001,-0.199749,-0.211152,-0.093301,0.194361,-0.019630,0.056742,0.085918,-0.050772,0.062440,-0.361637,-0.168852,0.466343,0.422785,0.609985,0.385095,0.295510,0.334882,0.572249,0.556752,-0.013127,0.234404,0.460890,0.410955,0.278539,0.224407,0.439575,0.317070,0.090478,-0.044773,0.248871,0.057119
-0.362862,-0.370962,-0.295102,-0.247580,0.060559,0.166408,-0.162233,-0.251472,-0.042946,0.231047,0.007879,0.062620,0.252799,0.015405,0.553821,0.499233,0.192610,0.451246,-0.248818,-0.233931,1.142460,0.000000,-0.419782,-0.266363,0.145221,-0.094270,-0.002691,-0.287876,0.726934,0.400793,-0.034587,-0.153209,-0.057727,-0.075879,0.405833,0.531765,0.198373,0.386213,0.176941,0.320997,0.379578,0.506578,0.316165,0.335598,0.180231,0.190334,0.296224,0.298534,0.068861,0.265343,0.317931,0.282739,0.276782,0.202821,0.367227,0.215241,-0.307157,-0.271079,-0.358438,-0.223872,-0.219110,-0.071050,0.276446,0.014432,-0.015695,0.068830,-0.155875,0.017957,-0.446016,-0.160807,0.421034,0.385462,0.679680,0.402372,0.085440,0.250230,0.588901,0.568990,0.020659,0.131778,0.320186,0.419438,0.180066,0.347218,0.503560,0.507454,0.303891,0.124824,0.287490,0.165689
0.508687,0.448240,0.995179,0.625985,0.219747,-0.173357,0.689963,0.715320,0.274686,0.039215,0.403412,0.157810,0.177877,0.263853,-0.245624,-0.189550,-0.200633,-0.455997,0.436467,0.277513,-0.291230,-0.419782,0.000000,0.999507,-0.128355,0.245199,0.116617,0.559317,-0.392138,-0.208191,0.604517,0.803873,0.133500,0.279373,-0.503462,-0.586496,-0.190306,-0.345879,-0.229551,-0.379135,-0.465163,-0.492667,-0.358786,-0.395004,-0.302987,-0.341510,-0.361275,-0.354074,-0.243274,-0.392252,-0.420155,-0.374432,-0.345663,-0.262038,-0.351457,-0.300505,0.396249,0.285603,0.333748,0.175373,0.167008,0.017355,-0.417934,-0.126099,0.261169,0.054968,0.130333,-0.074314,0.491047,0.166119,-0.134247,0.142176,-0.335925,-0.158032,0.055201,-0.150360,-0.584409,-0.650363,-0.114200,-0.178779,-0.529653,-0.489587,-0.183535,-0.373396,-0.481700,-0.519577,-0.337417,-0.127284,-0.119753,-0.100414
0.432435,0.439616,0.827652,0.977750,0.147392,0.130296,0.595328,1.028649,-0.004736,0.318052,0.127379,0.422372,0.025781,0.222903,-0.137749,0.021616,-0.223083,-0.141264,0.441327,0.564218,-0.137890,-0.266363,0.999507,0.000000,0.007760,0.498450,0.217871,0.553070,-0.323384,-0.026763,0.301755,0.688139,0.085982,0.371535,-0.279269,-0.244693,-0.394958,-0.395262,-0.335504,-0.245205,-0.288239,-0.499961,-0.175908,-0.173574,-0.205970,-0.241443,-0.019168,-0.103998,-0.100066,-0.115007,-0.196933,-0.072267,-0.120754,-0.054291,-0.100531,-0.158475,0.344824,0.295080,0.247684,0.191461,0.152259,0.207847,-0.157291,0.056837,0.087316,0.257308,0.090690,0.089290,0.500271,0.265693,-0.088314,0.097053,-0.170578,0.167059,0.304602,0.177073,-0.309589,-0.364976,-0.361139,0.081244,-0.188394,-0.376161,0.153218,-0.260436,-0.395483,-0.382006,-0.426967,-0.346420,-0.059981,0.038839
-0.073838,-0.135353,-0.005112,0.140854,0.287083,0.542781,0.029422,0.021530,-0.230882,0.271192,-0.331516,-0.177842,-0.122977,-0.305246,0.095753,-0.096089,0.026860,0.347025,0.073125,0.034375,0.130526,0.145221,-0.128355,0.007760,0.000000,0.817864,0.359446,0.008007,0.011913,0.036588,0.037183,-0.114782,0.188277,0.120356,0.451827,0.484257,0.129325,0.334859,0.199751,0.293701,0.055236,0.046412,0.567434,0.524062,0.233368,0.279594,0.515767,0.547582,0.219609,0.346724,0.458413,0.434582,0.551674,0.521041,0.512680,0.445982,-0.065936,-0.022648,-0.041400,0.043510,-0.023863,0.159152,0.296135,-0.031832,0.031791,0.260510,0.305706,0.427314,-0.044678,0.118796,-0.026821,-0.153089,0.215004,0.195498,-0.061548,0.301016,0.357946,0.337973,-0.138736,0.085370,0.182959,0.118636,0.300699,0.221140,0.246752,0.386415,0.218744,-0.009625,0.455219,0.447251
0.087195,0.149717,0.258734,0.425330,0.231797,0.345607,0.189226,0.336835,-0.111356,0.377201,-0.132680,0.052583,-0.198794,-0.072886,-0.030367,-0.034740,0.029636,0.103021,0.184001,0.301218,-0.020162,-0.094270,0.245199,0.498450,0.817864,0.000000,0.320145,0.377486,-0.115486,0.137718,0.127360,0.240766,0.136147,0.341709,0.134217,0.160879,-0.179935,-0.137359,-0.132806,-0.049608,-0.121569,-0.449374,0.161557,0.134767,0.010290,0.024578,0.214936,0.195492,-0.008225,0.065242,0.136071,0.190504,0.197885,0.212964,0.234337,0.139950,0.119533,0.090945,0.166715,0.203473,0.062703,0.245819,0.009632,0.046257,0.083808,0.438113,0.383244,0.509606,0.197154,0.193659,-0.020248,-0.014610,0.029391,0.239076,0.320812,0.364573,0.112958,0.049860,-0.164398,0.214437,0.123783,-0.072556,0.357427,-0.071069,-0.066226,-0.082016,-0.248093,-0.275068,0.177190,0.244186
0.255105,-0.139176,0.397808,0.374983,-0.216533,0.617216,0.291539,0.095356,-0.450921,-0.043909,-0.394145,-0.128995,-0.249117,-0.592571,0.137604,0.050352,-0.377935,0.046026,0.379971,0.253400,0.064240,-0.002691,0.116617,0.217871,0.359446,0.320145,0.000000,0.239683,-0.072973,0.052724,0.109720,0.082272,0.185085,0.151961,0.204180,0.144947,-0.303994,-0.058064,-0.279404,0.142083,0.156099,-0.066329,0.068629,0.105888,0.020853,-0.086020,0.271489,0.130617,-0.035756,0.092077,0.018282,0.125729,0.120510,0.153466,0.151066,0.026496,-0.000818,-0.022120,-0.131847,-0.204669,-0.087268,-0.120020,0.165703,-0.192052,-0.138785,-0.021768,0.048098,0.052008,0.141499,0.030028,0.126502,0.063350,0.256997,0.173008,0.202181,0.425248,0.102405,0.085521,-0.367432,0.256029,0.192953,-0.168237,0.285669,-0.014250,-0.065396,-0.050611,-0.030977,-0.229980,0.142283,0.067018
0.359827,0.497419,0.502037,0.498653,0.353324,-0.094293,0.375394,0.511384,0.140510,0.124970,0.035617,0.081968,-0.194015,0.195743,-0.372753,-0.110768,0.083600,-0.226656,0.411513,0.348453,-0.240013,-0.287876,0.559317,0.553070,0.008007,0.377486,0.239683,0.000000,-0.299639,0.036158,0.350231,0.520892,0.160458,0.384490,-0.349117,-0.314735,0.177507,0.025136,0.192881,0.078858,-0.505419,-0.251303,-0.068173,-0.083163,-0.010691,-0.001672,-0.196307,-0.119905,-0.042542,-0.122474,-0.065453,-0.011994,0.088582,0.078362,0.021037,0.149708,0.489725,0.408711,0.277077,0.294177,0.033544,0.181711,-0.179513,0.087478,0.056388,0.241425,0.231476,0.257770,0.585505,0.306036,-0.202327,0.100581,-0.124007,0.172462,-0.025294,-0.175737,-0.361617,-0.371965,0.144171,-0.100580,-0.349623,-0.158924,0.103980,0.112128,-0.293796,-0.108428,-0.087355,0.186744,0.128891,0.193299
-0.329661,-0.239814,-0.432361,-0.443794,0.076417,0.083273,-0.407341,-0.436980,0.212052,0.295606,0.220326,0.157850,0.373020,0.169314,0.691552,0.744661,0.566237,0.527971,-0.359401,-0.070891,0.809490,0.726934,-0.392138,-0.323384,0.011913,-0.115486,-0.072973,-0.299639,0.000000,0.831929,-0.195718,-0.243835,-0.301064,-0.133799,0.422147,0.382115,-0.011044,0.039792,-0.115336,0.082487,0.612355,0.210966,0.169803,0.259782,0.163272,0.093174,0.252228,0.210193,0.159395,0.114741,0.280048,0.254942,0.090152,0.058009,0.373693,0.193830,-0.151801,-0.206028,-0.189159,-0.095133,-0.032957,-0.054791,0.247457,0.240335,0.118580,0.043151,0.028250,0.095127,-0.264720,-0.089189,0.060395,-0.012302,0.497641,0.455241,0.348221,0.430712,0.613877,0.538728,0.122587,0.433687,0.744276,0.573966,0.364132,0.223463,0.560445,0.282530,-0.022650,-0.098244,0.236444,-0.027496
-0.235981,-0.003269,-0.344653,-0.283329,0.058525,0.051790,-0.400053,-0.234301,0.206570,0.330820,0.108152,0.312824,0.042897,0.299400,0.329003,0.709982,0.578160,0.554877,-0.222575,0.210706,0.539627,0.400793,-0.208191,-0.026763,0.036588,0.137718,0.052724,0.036158,0.831929,0.000000,-0.178423,-0.117986,-0.366921,0.029111,0.287705,0.278113,-0.116146,-0.119617,-0.191772,-0.000669,0.424217,-0.101165,0.082078,0.206319,0.064346,-0.000795,0.200814,0.230411,0.144913,-0.037955,0.162667,0.217243,0.049105,0.105044,0.336791,0.244243,0.052147,-0.036535,-0.032515,0.115407,-0.038889,0.094410,0.107462,0.393755,0.007471,0.137075,0.049296,0.203976,-0.011119,0.073406,0.057005,0.106544,0.187167,0.456008,0.583963,0.441681,0.463419,0.418081,0.089174,0.723261,0.817547,0.665469,0.633096,0.306458,0.276446,0.112320,-0.244190,-0.164574,0.123913,0.020779
0.127946,0.002828,0.422356,0.256011,-0.077037,-0.246028,0.547648,0.451856,-0.006288,-0.269369,0.159444,-0.099208,0.237657,0.075248,-0.182754,-0.295762,-0.084996,-0.343944,0.279958,-0.094953,-0.044514,-0.034587,0.604517,0.301755,0.037183,0.127360,0.109720,0.350231,-0.195718,-0.178423,0.000000,1.116199,0.384470,0.356831,-0.552424,-0.439577,0.198557,0.088285,0.130347,-0.176631,-0.463062,-0.121841,-0.364990,-0.447152,-0.454524,-0.456346,-0.464678,-0.398342,-0.606312,-0.549838,-0.457013,-0.521852,-0.117391,-0.110828,-0.232673,-0.208640,0.152401,0.001728,-0.124571,-0.193044,-0.167668,-0.211859,-0.238928,-0.400134,-0.190162,-0.220049,-0.221251,-0.319760,0.032173,-0.228882,-0.002499,0.308696,-0.130526,-0.175730,-0.222436,-0.259229,-0.495846,-0.513368,-0.029556,-0.296459,-0.586996,-0.526615,-0.214584,-0.203973,-0.435755,-0.272613,-0.071827,0.109360,-0.097584,-0.060209
0.382455,0.321577,0.587568,0.561121,-0.030281,-0.194542,0.570813,0.840960,-0.035688,-0.136050,0.241628,0.191207,0.247717,0.248513,-0.343468,-0.260797,-0.040767,-0.367872,0.451400,0.251032,-0.129607,-0.153209,0.803873,0.688139,-0.114782,0.240766,0.082272,0.520892,-0.243835,-0.117986,1.116199,0.000000,0.350107,0.569433,-0.698114,-0.559490,-0.056388,-0.168656,-0.051249,-0.290982,-0.559152,-0.329919,-0.464203,-0.521604,-0.541701,-0.462605,-0.518200,-0.479996,-0.551071,-0.495098,-0.519150,-0.519160,-0.206132,-0.223369,-0.292087,-0.274408,0.370205,0.220608,0.079720,0.020636,0.016678,-0.031676,-0.222815,-0.182342,-0.166394,-0.054843,-0.068604,-0.168691,0.327524,-0.034350,-0.186976,0.247583,-0.258064,-0.051994,-0.016678,-0.115618,-0.685379,-0.735738,0.006158,-0.223780,-0.505828,-0.647457,-0.120447,-0.248012,-0.704004,-0.520228,-0.272710,-0.092312,-0.204370,-0.096650
0.482530,0.048417,0.484509,0.617336,-0.142347,0.406280,0.722688,0.532631,-0.499794,-0.145498,-0.163300,0.020949,0.265241,-0.227330,-0.018188,-0.302200,-0.287623,0.120992,0.910570,0.284042,-0.191865,-0.057727,0.133500,0.085982,0.188277,0.136147,0.185085,0.160458,-0.301064,-0.366921,0.384470,0.350107,0.000000,1.007535,-0.060526,0.107021,0.120552,0.369659,0.210342,0.220443,-0.314289,0.233787,-0.009407,-0.068962,-0.099704,-0.020794,0.041739,-0.045860,-0.214484,0.081056,-0.094763,-0.074347,0.310642,0.180802,0.011225,0.041915,0.293660,0.352315,0.183000,0.042578,0.385194,0.230113,0.458176,-0.012167,-0.219594,0.079454,0.149817,0.124713,0.228612,0.122877,-0.076198,0.013188,0.249832,0.205750,-0.437157,-0.021687,-0.213013,-0.189931,-0.228326,-0.253998,-0.306765,-0.383376,0.097392,0.165067,-0.235846,0.009881,0.304840,0.188735,0.152892,0.263642
0.494167,0.314843,0.468790,0.645572,0.010452,0.257102,0.588298,0.718057,-0.263496,0.033914,-0.027592,0.386926,0.241785,0.122341,-0.097250,-0.117237,0.039059,0.212257,0.765698,0.647869,-0.141972,-0.075879,0.279373,0.371535,0.120356,0.341709,0.151961,0.384490,-0.133799,0.029111,0.356831,0.569433,1.007535,0.000000,-0.137841,-0.004680,-0.089527,0.056342,0.029924,0.086304,-0.297430,-0.095400,-0.113943,-0.104478,-0.251312,-0.160322,0.007889,-0.057312,-0.273404,-0.120580,-0.196886,-0.124830,0.206713,0.103595,0.098213,0.128590,0.504422,0.505334,0.352139,0.274412,0.430372,0.456520,0.311231,0.288876,-0.174439,0.309478,0.280024,0.352802,0.452583,0.292208,-0.179733,0.044844,0.109801,0.368543,-0.069178,0.182733,-0.193618,-0.198964,-0.091211,0.036694,-0.102881,-0.216876,0.314469,0.171852,-0.369261,-0.172649,-0.032582,0.018821,0.114938,0.225984
-0.260932,-0.407534,-0.284316,-0.222708,0.134578,0.552136,-0.324443,-0.460130,-0.060774,0.384028,-0.230071,-0.151784,-0.103859,-0.331078,0.566098,0.429539,0.024236,0.554544,-0.232125,-0.121379,0.470423,0.405833,-0.503462,-0.279269,0.451827,0.134217,0.204180,-0.349117,0.422147,0.287705,-0.552424,-0.698114,-0.060526,-0.137841,0.000000,1.275586,0.009134,0.244409,0.028457,0.394615,0.639009,0.228401,0.751078,0.915112,0.732295,0.582085,0.806473,0.736393,0.534466,0.642852,0.704455,0.831872,0.329594,0.313849,0.654001,0.454207,-0.366933,-0.267179,-0.159230,-0.119185,0.035347,0.032267,0.372944,0.061079,0.430812,0.484304,0.419573,0.551275,-0.296771,0.019910,0.183007,-0.124269,0.550603,0.363552,0.224914,0.446822,1.164660,1.182304,-0.153767,0.362572,0.750572,0.689931,0.441109,0.267359,0.851991,0.628055,0.207693,-0.037333,0.543485,0.335059
-0.258988,-0.345974,-0.258036,-0.086268,0.070532,0.558800,-0.183293,-0.259008,-0.229595,0.347579,-0.268712,-0.074455,-0.014119,-0.280193,0.522372,0.337094,0.062018,0.743375,-0.082991,-0.052471,0.478333,0.531765,-0.586496,-0.244693,0.484257,0.160879,0.144947,-0.314735,0.382115,0.278113,-0.439577,-0.559490,0.107021,-0.004680,1.275586,0.000000,0.135016,0.468113,0.201720,0.515958,0.501593,0.327895,0.848155,0.938665,0.749504,0.635036,0.883528,0.847308,0.551525,0.786741,0.808458,0.897202,0.572259,0.544992,0.682451,0.542513,-0.293945,-0.172700,-0.160171,-0.076540,0.055281,0.136216,0.552109,0.136681,0.121502,0.373973,0.259887,0.491943,-0.264833,0.074309,0.182591,-0.071596,0.673444,0.511284,0.058691,0.429091,1.131904,1.148079,-0.184491,0.295249,0.675426,0.622413,0.485379,0.432493,0.782360,0.773437,0.347716,0.045302,0.532133,0.443150
-0.156094,0.031965,-0.220283,-0.238946,0.375855,-0.287371,-0.059321,-0.073914,0.287716,0.014661,0.106938,-0.255338,0.078335,0.235695,-0.171392,-0.151005,0.415330,-0.060739,-0.105017,-0.404422,0.090396,0.198373,-0.190306,-0.394958,0.129325,-0.179935,-0.303994,0.177507,-0.011044,-0.116146,0.198557,-0.056388,0.120552,-0.089527,0.009134,0.135016,0.000000,1.193331,1.294692,0.388681,-0.291960,0.404630,0.519887,0.333461,0.355934,0.494621,-0.034628,0.251556,0.265606,0.166134,0.418461,0.236612,0.532324,0.388379,0.227616,0.545186,0.028615,0.040807,-0.059903,0.113429,-0.140413,0.066368,0.064234,-0.070918,0.055419,0.076600,0.087326,0.143840,-0.076999,0.054877,-0.080245,0.106593,0.161353,0.005691,-0.779185,-0.695287,0.035002,0.129579,0.570729,-0.695688,-0.347799,0.250916,-0.230382,0.521329,0.275801,0.671342,0.718095,1.038397,0.361227,0.431292
-0.061114,-0.139366,-0.093954,-0.030353,0.255767,0.183438,0.105647,-0.017631,-0.110763,0.081795,-0.134062,-0.205376,0.159257,-0.061266,0.057197,-0.099361,0.148796,0.237031,0.136545,-0.234270,0.199960,0.386213,-0.345879,-0.395262,0.334859,-0.137359,-0.058064,0.025136,0.039792,-0.119617,0.088285,-0.168656,0.369659,0.056342,0.244409,0.468113,1.193331,0.000000,1.078168,0.721013,-0.124916,0.726865,0.754325,0.618492,0.515622,0.613521,0.308009,0.488883,0.397571,0.521126,0.656684,0.509597,0.879869,0.639519,0.406733,0.654085,-0.046794,0.048850,-0.162866,-0.013276,-0.051447,0.118273,0.490887,-0.010378,-0.100805,0.044416,0.050269,0.154355,-0.118753,0.081555,0.039393,0.102214,0.520670,0.274923,-0.737529,-0.307027,0.241628,0.317149,0.153848,-0.440546,-0.160169,0.237309,-0.032056,0.715682,0.405168,1.068415,0.949356,0.770726,0.482484,0.516418
-0.010044,0.119602,-0.111650,-0.079883,0.393845,-0.154276,0.031137,-0.011704,0.103736,0.008013,0.053465,-0.186111,0.114506,0.164224,-0.150602,-0.150776,0.213071,0.047975,0.057944,-0.183243,-0.005591,0.176941,-0.229551,-0.335504,0.199751,-0.132806,-0.279404,0.192881,-0.115336,-0.191772,0.130347,-0.051249,0.210342,0.029924,0.028457,0.201720,1.294692,1.078168,0.000000,0.703513,-0.276914,0.505374,0.572820,0.444841,0.422980,0.553879,0.130522,0.401576,0.290834,0.277021,0.434170,0.258150,0.637067,0.479501,0.382580,0.654935,0.102379,0.167833,0.020935,0.163493,-0.064527,0.176335,0.141240,-0.002909,-0.017908,0.091021,0.090294,0.184630,0.033373,0.179029,-0.096057,0.041226,0.212622,0.123489,-0.754786,-0.491481,0.101254,0.181951,0.401933,-0.506663,-0.303755,0.249364,-0.067088,0.659439,0.301974,0.679231,0.816851,1.040733,0.469301,0.619576
0.007664,-0.104130,-0.030910,0.076660,0.236889,0.457959,0.063180,-0.134287,-0.264153,0.191926,-0.323295,-0.070057,-0.001493,-0.272837,0.228000,0.115818,-0.080361,0.330056,0.184084,0.042871,0.167377,0.320997,-0.379135,-0.245205,0.293701,-0.049608,0.142083,0.078858,0.082487,-0.000669,-0.176631,-0.290982,0.220443,0.086304,0.394615,0.515958,0.388681,0.721013,0.703513,0.000000,0.166129,0.715391,0.698408,0.732116,0.589319,0.558112,0.647197,0.605637,0.496709,0.669486,0.595311,0.587359,0.812544,0.722001,0.723072,0.785421,0.034882,0.142882,-0.059673,0.000676,-0.072190,0.147627,0.557717,0.135504,-0.120170,0.046075,0.095389,0.291176,0.044735,0.180420,0.143023,-0.010187,0.573636,0.446416,-0.296923,0.034962,0.447308,0.476669,-0.077948,0.067374,0.147049,0.345590,0.371052,0.850141,0.430182,0.763246,0.840326,0.614551,0.562780,0.561905
-0.243995,-0.372249,-0.347309,-0.320625,-0.145181,0.346026,-0.372312,-0.599379,-0.042161,0.182527,-0.109773,0.099194,0.048032,-0.211253,0.805360,0.677277,-0.005354,0.473543,-0.293350,-0.019082,0.483577,0.379578,-0.465163,-0.288239,0.055236,-0.121569,0.156099,-0.505419,0.612355,0.424217,-0.463062,-0.559152,-0.314289,-0.297430,0.639009,0.501593,-0.291960,-0.124916,-0.276914,0.166129,0.000000,0.179772,0.210482,0.273385,0.201230,0.057092,0.518267,0.292092,0.221542,0.232266,0.230524,0.272370,0.042214,0.070137,0.422016,0.130463,-0.236717,-0.222604,-0.164892,-0.167592,-0.035968,-0.115285,0.268273,0.093953,0.098228,0.055019,0.020613,0.082591,-0.203008,-0.009010,0.339850,-0.017004,0.527087,0.352806,0.433519,0.578211,0.835024,0.753867,-0.246477,0.499330,0.945426,0.513775,0.470409,0.188870,0.564447,0.196653,0.131077,-0.147375,0.277130,0.003646
-0.131420,-0.333141,-0.199741,-0.121407,0.019221,0.291164,-0.006623,-0.214811,-0.271401,-0.002294,-0.184916,-0.136907,0.185700,-0.268424,0.279622,0.064212,-0.106193,0.330579,0.058367,-0.272516,0.306044,0.506578,-0.492667,-0.499961,0.046412,-0.449374,-0.066329,-0.251303,0.210966,-0.101165,-0.121841,-0.329919,0.233787,-0.095400,0.228401,0.327895,0.404630,0.726865,0.505374,0.715391,0.179772,0.000000,0.322559,0.288961,0.271772,0.301411,0.265599,0.238227,0.202202,0.409615,0.319858,0.266300,0.441875,0.258085,0.252466,0.217378,-0.189919,-0.031748,-0.263763,-0.209991,-0.104235,-0.103840,0.483335,-0.018339,-0.156847,-0.187999,-0.195768,-0.098452,-0.286982,-0.095567,0.103408,-0.025664,0.552051,0.228534,-0.409277,-0.073796,0.206582,0.267360,-0.036513,-0.115112,-0.077340,0.165571,-0.051303,0.474380,0.368389,0.590908,0.785093,0.502815,0.271026,0.197024
-0.006922,0.049925,-0.136514,-0.041617,0.466217,0.415452,-0.110961,-0.159377,0.071541,0.488231,-0.078086,-0.050711,0.006054,-0.035180,0.222056,0.229151,0.214962,0.449030,-0.064153,-0.011853,0.276249,0.316165,-0.358786,-0.175908,0.567434,0.161557,0.068629,-0.068173,0.169803,0.082078,-0.364990,-0.464203,-0.009407,-0.113943,0.751078,0.848155,0.519887,0.754325,0.572820,0.698408,0.210482,0.322559,0.000000,1.594623,1.033446,1.114095,0.976986,1.329424,1.029754,0.966662,1.434966,1.280817,1.032598,0.948097,0.961658,1.139279,0.007269,0.122486,0.065653,0.231879,0.099226,0.345654,0.442457,0.216123,0.253050,0.402134,0.466776,0.619165,0.026229,0.366758,0.037832,-0.063014,0.472091,0.407795,-0.230603,0.049871,0.700793,0.800502,0.118642,-0.113613,0.303235,0.676321,0.281504,0.669237,0.862636,1.185566,0.615524,0.393922,0.876347,0.825941
-0.050108,-0.028749,-0.165109,-0.087651,0.431794,0.486933,-0.192455,-0.234997,-0.002989,0.506967,-0.127456,-0.055096,-0.028022,-0.090094,0.274583,0.292440,0.163646,0.543011,-0.084024,0.029896,0.313373,0.335598,-0.395004,-0.173574,0.524062,0.134767,0.105888,-0.083163,0.259782,0.206319,-0.447152,-0.521604,-0.068962,-0.104478,0.915112,0.938665,0.333461,0.618492,0.444841,0.732116,0.273385,0.288961,1.594623,0.000000,1.043316,1.032893,1.021373,1.368432,0.962837,0.991870,1.242646,1.336632,0.795118,0.731950,0.925528,0.982225,-0.082707,0.028575,-0.035665,0.136800,0.029401,0.274391,0.444264,0.225756,0.228387,0.370850,0.431191,0.601091,-0.033777,0.296463,0.032314,-0.107059,0.501073,0.461649,-0.058436,0.185654,0.829312,0.898563,-0.008751,0.117217,0.439389,0.729121,0.376059,0.592769,0.885998,1.150209,0.393058,0.187483,0.723695,0.615792
-0.017192,0.019988,-0.072522,-0.082291,0.324505,0.210103,-0.109544,-0.270141,0.069892,0.300273,-0.006114,-0.091437,-0.029590,-0.104488,0.317287,0.262479,0.067066,0.319470,-0.111325,-0.088161,0.133909,0.180231,-0.302987,-0.205970,0.233368,0.010290,0.020853,-0.010691,0.163272,0.064346,-0.454524,-0.541701,-0.099704,-0.251312,0.732295,0.749504,0.355934,0.515622,0.422980,0.589319,0.201230,0.271772,1.033446,1.043316,0.000000,1.495904,0.771641,0.908505,1.161496,1.099011,1.186498,1.089839,0.566870,0.534057,0.601700,0.640929,-0.067291,0.074593,0.073103,0.160245,0.113950,0.220813,0.322513,0.223902,0.403514,0.327900,0.430404,0.494623,0.022792,0.283881,0.083169,-0.139503,0.408586,0.323485,-0.138703,-0.019935,0.653863,0.673591,0.046368,0.006125,0.321393,0.641373,0.194219,0.422978,1.032723,0.943962,0.469495,0.342234,0.590716,0.493114
0.019438,0.150732,-0.135870,-0.074805,0.404573,0.160774,-0.148997,-0.192312,0.089967,0.299085,0.010935,-0.045682,-0.026184,-0.000844,0.121855,0.148848,0.178059,0.299037,-0.116668,-0.071927,0.094449,0.190334,-0.341510,-0.241443,0.279594,0.024578,-0.086020,-0.001672,0.093174,-0.000795,-0.456346,-0.462605,-0.020794,-0.160322,0.582085,0.635036,0.494621,0.613521,0.553879,0.558112,0.057092,0.301411,1.114095,1.032893,1.495904,0.000000,0.611824,0.862892,1.029747,1.161262,1.117046,1.016800,0.644204,0.526072,0.537319,0.692000,0.002630,0.174898,0.097039,0.279585,0.101260,0.292054,0.328278,0.252016,0.345324,0.427820,0.487759,0.604651,0.072680,0.335627,-0.018224,-0.130228,0.295058,0.268944,-0.296706,-0.115886,0.473504,0.555493,0.240285,-0.163423,0.182581,0.616644,0.064609,0.476500,0.777554,0.962420,0.555680,0.460991,0.518796,0.544123
0.119953,-0.026474,0.025181,0.139166,0.157817,0.735706,0.062196,-0.103115,-0.239333,0.447486,-0.183769,0.171888,0.079805,-0.216078,0.645313,0.516534,-0.065433,0.757179,0.095616,0.302103,0.269417,0.296224,-0.361275,-0.019168,0.515767,0.214936,0.271489,-0.196307,0.252228,0.200814,-0.464678,-0.518200,0.041739,0.007889,0.806473,0.883528,-0.034628,0.308009,0.130522,0.647197,0.518267,0.265599,0.976986,1.021373,0.771641,0.611824,0.000000,1.353645,0.719717,0.913456,0.843785,0.941563,0.780696,0.779577,1.091620,0.715396,0.047536,0.174889,0.139961,0.189509,0.263925,0.434230,0.615031,0.381477,0.076214,0.268443,0.298176,0.473071,0.097597,0.441022,0.153419,-0.158739,0.616219,0.610952,0.071917,0.463977,0.936747,0.912659,-0.386612,0.320678,0.647247,0.554874,0.715885,0.550702,0.864636,0.706489,0.392271,0.082273,0.856707,0.698271
