0.000000,0.890639,0.371708,0.715710,0.315815,0.359482,0.838646,0.800979,0.354856,0.401445,0.454448,0.489939,0.507008,0.492599,0.274646,0.282117,0.400456,0.351172,0.934473,0.744204,0.307823,0.246129,0.250573,0.490003,0.026512,0.104004,0.156794,0.107552,0.270588,0.267462,0.069124,0.278595,0.615098,0.789736,0.158205,0.145219,0.148421,0.013059,-0.002395,0.106177,0.073982,0.055082,0.470236,0.196454,0.222008,0.338448,0.447836,0.404007,0.291055,0.418520,0.290063,0.484247,0.569757,0.530378,0.517094,0.439676,1.059841,0.711309,0.766599,0.800680,0.977990,0.933113,0.477863,0.712520,0.593551,0.664048,0.582668,0.561589,0.424090,0.459393,0.092839,0.117559,0.462857,0.440514,0.504761,0.343080,0.711844,0.469187,-0.029126,0.028479,0.364088,0.264348,0.358052,0.088019,0.545467,0.417547,0.273630,0.104534,0.369147,0.665066
0.890639,0.000000,0.291882,0.720837,0.165188,0.149407,0.601655,0.613903,0.185714,0.225788,0.315026,0.337692,0.197081,0.278603,0.125831,0.156059,0.473198,0.517614,0.836940,0.897990,0.242082,0.209999,0.141168,0.382433,-0.051797,-0.012177,0.050631,0.040989,0.208425,0.381599,0.121654,0.264732,0.484835,0.731890,0.127756,0.108907,0.139518,-0.075049,-0.088017,-0.022337,-0.144909,-0.027132,0.293242,0.120499,0.165603,0.204574,0.304794,0.276102,0.115460,0.211504,0.025577,0.162419,0.380516,0.328968,0.276858,0.203507,0.805931,0.961977,0.499254,0.881717,0.846462,1.049344,0.637051,0.942334,0.495732,0.540677,0.438264,0.502823,0.561671,0.506547,0.126845,0.153192,0.382942,0.392950,0.478428,0.343870,0.626980,0.416555,0.065839,0.081771,0.554417,0.451462,0.260308,0.025499,0.603609,0.446477,0.133671,0.029007,0.299236,0.600360
0.371708,0.291882,0.000000,0.621211,0.527854,0.321424,0.840753,0.378136,0.656438,0.299536,0.461855,0.025915,0.458606,0.281776,0.543590,0.425973,0.055122,0.087726,0.409164,0.226554,0.137052,0.082434,0.988749,0.796175,0.319742,0.387088,0.318214,0.132665,0.090533,0.019277,0.459974,0.425012,0.547141,0.414607,0.209225,0.056434,0.247060,0.174446,0.250073,0.235939,0.071767,0.045801,0.322970,0.095927,0.094173,0.134902,0.288444,0.212311,0.246206,0.274539,0.257504,0.200107,0.304273,0.278756,0.343968,0.219867,0.315481,0.443140,0.308755,0.284878,0.270422,0.152718,0.120503,0.108470,0.495641,0.241643,0.327072,0.151957,0.299547,0.279801,0.419114,0.331056,0.314807,0.165224,0.164005,0.189510,0.541741,0.545539,0.008119,0.125016,0.130263,0.210147,0.390022,0.235342,0.295978,0.290714,0.211065,0.263839,0.480731,0.563761
0.715710,0.720837,0.621211,0.000000,0.395422,0.422768,0.907977,0.963497,0.490138,0.625460,0.281781,0.288212,0.313736,0.453382,0.326393,0.382035,0.258049,0.336788,0.840777,0.813403,0.136490,0.096426,0.449545,0.895323,0.024246,0.239141,0.116153,0.134115,0.213274,0.158310,0.314089,0.579344,0.661812,0.810094,0.241979,0.228030,0.100067,0.047530,0.075289,0.027664,-0.037293,0.157894,0.340835,0.034627,0.082637,0.186492,0.255952,0.235926,0.087754,0.206804,-0.000880,0.097402,0.329855,0.294450,0.238887,0.078080,0.728628,0.640242,0.391704,0.636639,0.545159,0.677921,0.450328,0.672407,0.551931,0.701252,0.443356,0.502933,0.462289,0.399025,0.289300,0.209589,0.495568,0.441199,0.421831,0.327609,0.783630,0.684341,-0.029826,-0.011112,0.332860,0.256158,0.433385,0.138310,0.543573,0.468519,0.396332,0.167479,0.368592,0.614008
0.315815,0.165188,0.527854,0.395422,0.000000,0.745203,0.361483,0.279512,0.715000,0.354380,0.221927,-0.032555,0.352191,0.126174,0.685287,0.507625,0.165055,0.046290,0.244053,0.177878,0.361021,0.317596,0.366497,0.434502,0.259236,0.273089,0.570450,0.549234,0.166544,0.030043,0.130158,0.149893,0.448011,0.436947,0.123417,0.208935,0.122410,0.138207,0.299452,0.300399,0.057731,0.166779,0.337575,0.074898,0.192733,0.231301,0.239430,0.079684,0.285900,0.373874,0.282170,0.296989,0.385271,0.309715,0.303051,0.323896,0.248844,0.272358,0.426867,0.346213,0.293950,0.186100,0.194276,0.119211,0.472303,0.248475,0.427187,0.327003,0.338589,0.435882,0.103124,0.108052,0.176516,0.155226,0.265975,0.250659,0.263949,0.248095,0.089942,0.153939,0.241029,0.198275,0.452939,0.205740,0.287774,0.222056,0.278045,0.120880,0.385312,0.520533
0.359482,0.149407,0.321424,0.422768,0.745203,0.000000,0.352186,0.526121,0.765282,1.006323,0.234472,0.153345,0.374986,0.388913,0.471916,0.746519,0.237167,0.143692,0.259256,0.185671,0.377258,0.364527,0.270076,0.555156,0.286537,0.331874,0.385759,0.596406,0.305979,0.202621,0.294429,0.303741,0.405607,0.512084,0.129294,0.261322,0.146683,0.181869,0.069107,0.157321,-0.030710,0.072072,0.384239,0.182958,0.268472,0.319421,0.367932,0.138287,0.205817,0.266748,0.168114,0.207610,0.312255,0.300387,0.226400,0.145039,0.413091,0.271481,0.326438,0.391324,0.373344,0.399128,0.220312,0.260263,0.519867,0.455417,0.387278,0.423999,0.372694,0.496320,0.065051,0.183495,0.134444,0.195351,0.328767,0.259118,0.364103,0.248982,0.192112,0.213630,0.348812,0.264161,0.360680,0.213374,0.356113,0.232704,0.065781,-0.130545,0.218654,0.390664
0.838646,0.601655,0.840753,0.907977,0.361483,0.352186,0.000000,0.796201,0.530101,0.472239,0.735732,0.322312,0.681173,0.480572,0.438662,0.347179,0.249666,0.232261,0.739293,0.482381,0.222455,0.222855,0.556039,0.717263,0.248197,0.360168,0.269669,0.208864,0.333722,0.265383,0.426368,0.544670,0.639039,0.711226,0.278628,0.209770,0.157941,0.111498,-0.011779,0.097770,0.020972,0.080285,0.499222,0.218103,0.318339,0.334233,0.522659,0.383154,0.307183,0.378129,0.272394,0.376892,0.343425,0.405231,0.371391,0.294944,0.562025,0.541963,0.635341,0.630214,0.698972,0.587597,0.344157,0.521181,0.670510,0.653070,0.616183,0.531201,0.282079,0.331559,0.195940,0.197940,0.316842,0.315679,0.307861,0.272409,0.690509,0.490228,-0.011979,0.143251,0.295253,0.243474,0.470000,0.127488,0.592918,0.615416,0.266362,0.231981,0.385462,0.743412
0.800979,0.613903,0.378136,0.963497,0.279512,0.526121,0.796201,0.000000,0.422892,0.745033,0.486724,0.545532,0.511786,0.767339,0.302811,0.574193,0.321828,0.301146,0.700625,0.464296,0.305441,0.261315,0.287684,0.704241,-0.013467,0.171699,0.105046,0.156352,0.318598,0.343429,0.230007,0.567552,0.465987,0.731773,0.160584,0.115565,0.066278,0.089433,0.000319,0.043504,-0.002486,0.039317,0.336187,0.109035,0.199527,0.276927,0.370575,0.231884,0.151934,0.284012,0.067485,0.257283,0.310846,0.249173,0.231924,0.104701,0.760534,0.580579,0.352074,0.608131,0.642738,0.908908,0.369138,0.652981,0.746789,1.111922,0.305886,0.425556,0.287462,0.295590,0.127190,0.130882,0.335620,0.394802,0.299534,0.370807,0.564981,0.459524,0.045317,0.100009,0.374285,0.223209,0.433738,0.162341,0.677601,0.555978,0.338996,0.204015,0.259141,0.574395
0.354856,0.185714,0.656438,0.490138,0.715000,0.765282,0.530101,0.422892,0.000000,0.776595,0.338591,0.129754,0.575090,0.291012,0.912069,0.717305,0.217606,0.194477,0.316292,0.307951,0.171367,0.186341,0.539863,0.674523,0.389811,0.422801,0.195499,0.237744,0.305045,0.195712,0.346045,0.295271,0.382292,0.432690,0.132607,0.170164,0.147034,0.099782,0.163055,0.026050,0.042229,-0.025784,0.395514,0.082713,0.170815,0.181541,0.268206,0.155059,0.209387,0.185400,0.128183,0.096622,0.308463,0.264665,0.205145,0.043404,0.412030,0.377610,0.310592,0.279930,0.277445,0.263432,0.211238,0.148649,0.681211,0.312876,0.347195,0.258800,0.412919,0.394311,0.364640,0.390174,0.307286,0.358229,0.217410,0.275434,0.464256,0.406885,0.159393,0.243491,0.267017,0.282168,0.246431,0.110783,0.293554,0.165778,0.067740,0.032741,0.238759,0.278360
0.401445,0.225788,0.299536,0.625460,0.354380,1.006323,0.472239,0.745033,0.776595,0.000000,0.301608,0.339145,0.389555,0.463763,0.408089,0.826183,0.363726,0.331055,0.431058,0.331084,0.215299,0.111480,0.220156,0.623232,0.127914,0.275811,0.050339,0.228716,0.401542,0.351099,0.358489,0.443331,0.365243,0.549643,0.175832,0.279580,0.097563,0.099059,0.025244,0.044599,-0.050046,-0.009417,0.319288,0.100735,0.204958,0.250473,0.284003,0.101677,0.056164,0.105147,-0.046939,0.003985,0.170975,0.185929,0.053059,-0.029077,0.515762,0.277530,0.148304,0.338156,0.355434,0.557194,0.343723,0.423610,0.601709,0.647841,0.271879,0.366747,0.322048,0.325500,0.150414,0.137471,0.231210,0.309306,0.263439,0.279668,0.493757,0.401028,0.246996,0.231425,0.390113,0.301187,0.305650,0.251554,0.430776,0.341833,0.096551,0.002083,0.072618,0.258881
0.454448,0.315026,0.461855,0.281781,0.221927,0.234472,0.735732,0.486724,0.338591,0.301608,0.000000,0.458218,0.840203,0.500866,0.422523,0.373433,0.295929,0.430301,0.491690,0.229040,0.309495,0.121234,0.335761,0.334313,0.195494,0.130479,0.298248,0.162833,0.241481,0.276440,0.263171,0.259952,0.311450,0.327036,0.168030,0.151467,0.098502,0.196948,-0.003076,0.087206,0.011959,-0.068735,0.340883,0.257201,0.311705,0.244731,0.439217,0.251448,0.256197,0.216743,0.293357,0.347699,0.160842,0.262431,0.256028,0.197850,0.251191,0.305727,0.329972,0.247585,0.470579,0.322664,0.320939,0.211638,0.659938,0.496561,0.337942,0.269047,0.148791,0.218649,0.121715,0.142941,0.006572,0.109161,0.110981,0.224094,0.260694,0.232474,0.125122,0.272577,0.215465,0.269528,0.271451,0.040931,0.511829,0.448663,0.019356,0.088840,0.129650,0.353076
0.489939,0.337692,0.025915,0.288212,-0.032555,0.153345,0.322312,0.545532,0.129754,0.339145,0.458218,0.000000,0.499789,0.889201,0.007674,0.236493,0.313897,0.579229,0.366966,0.329740,0.178371,0.108323,-0.129556,0.052927,-0.256893,-0.208403,-0.055650,-0.060689,0.196483,0.332089,-0.093028,0.110950,0.135052,0.258690,-0.002769,0.012884,-0.067234,-0.060542,-0.117703,-0.118605,0.072038,-0.224823,0.030393,0.025293,0.074130,0.070019,0.120095,0.121789,0.008249,0.045338,-0.000639,0.108679,-0.003585,0.067845,-0.011966,0.101560,0.351671,0.245485,0.034616,0.114375,0.435081,0.439020,0.307732,0.489246,0.217501,0.453391,-0.016838,0.041198,-0.065367,-0.046558,-0.123272,-0.123945,0.222272,0.227662,0.146782,0.078542,0.160520,0.209347,0.001395,0.075082,0.090970,0.061828,0.123416,-0.072750,0.152631,0.178116,0.111040,-0.088848,-0.124380,0.075815
0.507008,0.197081,0.458606,0.313736,0.352191,0.374986,0.681173,0.511786,0.575090,0.389555,0.840203,0.499789,0.000000,0.633576,0.557859,0.529680,0.336718,0.360439,0.406059,0.174749,0.233070,0.122043,0.333888,0.348654,0.157234,0.227493,0.142740,0.122122,0.326111,0.331618,0.190381,0.206696,0.250244,0.282375,0.064029,0.108163,0.064637,0.088740,-0.053360,0.115360,-0.056440,-0.038394,0.269600,0.160945,0.308523,0.192663,0.326941,0.193179,0.267831,0.257078,0.367589,0.396573,0.148390,0.166594,0.211048,0.209873,0.197706,0.210537,0.281115,0.141543,0.419593,0.251820,0.223539,0.134663,0.580169,0.376619,0.227478,0.138396,0.001339,0.040044,0.049360,0.022065,0.135378,0.180161,0.157560,0.155289,0.216246,0.170547,0.044543,0.296156,0.099381,0.143281,0.145219,-0.051069,0.316944,0.296766,0.031808,0.097114,0.066435,0.339413
0.492599,0.278603,0.281776,0.453382,0.126174,0.388913,0.480572,0.767339,0.291012,0.463763,0.500866,0.889201,0.633576,0.000000,0.152087,0.470828,0.232867,0.414664,0.396861,0.231262,0.232257,0.168297,0.199578,0.353035,-0.010363,0.088972,0.053679,0.020661,0.176115,0.226268,0.197968,0.422990,0.328224,0.394738,0.153274,0.102072,0.016437,0.007057,0.087185,0.017897,0.167484,-0.114869,0.180476,0.007134,0.146039,0.181296,0.225759,0.126647,0.151393,0.229707,0.174038,0.270064,0.186233,0.154362,0.158268,0.122705,0.487460,0.348354,0.157591,0.233056,0.375516,0.388051,0.224540,0.325440,0.328491,0.563776,0.140027,0.164461,0.073127,0.083904,0.061687,0.072597,0.350906,0.201662,0.227022,0.119361,0.376930,0.446510,0.066006,0.089174,0.124544,0.146894,0.336805,0.160100,0.270421,0.275723,0.122183,0.035318,0.036635,0.305932
0.274646,0.125831,0.543590,0.326393,0.685287,0.471916,0.438662,0.302811,0.912069,0.408089,0.422523,0.007674,0.557859,0.152087,0.000000,0.800220,0.231829,0.038504,0.373402,0.224629,0.301957,0.250486,0.410308,0.479477,0.333263,0.382480,0.277816,0.317101,0.385544,0.256347,0.265578,0.202885,0.191782,0.295775,0.044498,0.115649,0.204642,0.233431,0.278669,0.251017,0.069065,0.106152,0.376661,-0.011840,0.154573,0.108885,0.251104,0.066763,0.159565,0.136832,0.158769,0.122702,0.229380,0.100761,0.199849,0.057615,0.184266,0.276620,0.224943,0.124444,0.105601,0.112936,0.088049,-0.053046,0.629786,0.237275,0.289651,0.167401,0.335992,0.311300,0.359840,0.325528,0.258742,0.322949,0.215760,0.392262,0.378889,0.303690,0.254782,0.316460,0.323999,0.301919,0.248599,0.204851,0.363235,0.304147,0.080821,0.206605,0.135573,0.300273
0.282117,0.156059,0.425973,0.382035,0.507625,0.746519,0.347179,0.574193,0.717305,0.826183,0.373433,0.236493,0.529680,0.470828,0.800220,0.000000,0.371751,0.199064,0.305849,0.130748,0.418432,0.284017,0.348752,0.608718,0.307762,0.382085,0.172803,0.337431,0.431064,0.496212,0.427283,0.463079,0.298916,0.480662,0.144133,0.105993,0.260242,0.189262,0.200212,0.314322,0.017163,0.046616,0.344228,0.078687,0.313458,0.289440,0.343702,0.058975,0.260624,0.268183,0.172888,0.186889,0.300727,0.125598,0.200332,0.105697,0.325655,0.267085,0.163480,0.263940,0.172143,0.315235,0.187705,0.117916,0.582136,0.409281,0.237077,0.226394,0.285293,0.298841,0.242188,0.186112,0.180969,0.206571,0.250432,0.287895,0.373150,0.364880,0.481013,0.452674,0.509943,0.446758,0.347160,0.460160,0.444310,0.475775,0.043604,0.194065,0.158931,0.425445
0.400456,0.473198,0.055122,0.258049,0.165055,0.237167,0.249666,0.321828,0.217606,0.363726,0.295929,0.313897,0.336718,0.232867,0.231829,0.371751,0.000000,0.689766,0.536785,0.423495,0.254899,0.197632,-0.146865,0.132354,0.029440,0.269398,0.077968,0.184943,0.735720,0.722512,0.231795,0.165926,0.186245,0.420970,0.127738,0.310222,0.155130,0.121249,-0.171769,0.076307,-0.126619,-0.032944,0.410474,0.133604,0.450923,0.392322,0.401570,0.180278,0.234501,0.225481,0.144700,0.186471,0.307457,0.189019,0.134750,0.218794,0.367232,0.226427,0.317254,0.371980,0.360585,0.467248,0.766114,0.435401,0.401635,0.225882,0.400739,0.467679,0.360162,0.363415,-0.033321,-0.130336,0.095474,0.225100,0.311679,0.365222,0.195600,0.088789,0.561530,0.653805,0.821970,0.840532,0.134737,0.086109,0.522296,0.521733,-0.135165,0.037417,-0.004699,0.342257
0.351172,0.517614,0.087726,0.336788,0.046290,0.143692,0.232261,0.301146,0.194477,0.331055,0.430301,0.579229,0.360439,0.414664,0.038504,0.199064,0.689766,0.000000,0.462511,0.524203,0.079848,-0.101377,-0.077125,0.120631,-0.085003,-0.037989,-0.009721,-0.084217,0.346224,0.464297,0.095413,0.085584,0.284506,0.368341,0.193422,0.217198,0.179217,0.060827,-0.091844,-0.097771,-0.053753,-0.140724,0.222395,0.151949,0.230448,0.221984,0.244692,0.139291,0.124774,0.105477,0.062217,0.044722,0.118242,0.187544,0.060865,0.108638,0.371451,0.387134,0.137559,0.289184,0.538788,0.477142,0.853941,0.600523,0.412909,0.363259,0.214060,0.283615,0.230809,0.237125,-0.098907,-0.068991,0.118220,0.111803,0.210771,0.188438,0.182727,0.201698,0.303350,0.320211,0.420686,0.534470,0.147700,-0.010098,0.377456,0.283366,-0.105731,-0.220868,-0.065417,0.205177
0.934473,0.836940,0.409164,0.840777,0.244053,0.259256,0.739293,0.700625,0.316292,0.431058,0.491690,0.366966,0.406059,0.396861,0.373402,0.305849,0.536785,0.462511,0.000000,1.088121,0.145516,0.087227,0.283894,0.530535,0.043065,0.186174,0.148446,0.082649,0.377097,0.250964,0.094940,0.187354,0.517684,0.614865,0.193814,0.238664,0.176545,0.077945,0.118660,0.007865,0.023539,0.066753,0.517467,0.182654,0.228796,0.326427,0.461724,0.438236,0.190652,0.273182,0.215028,0.277283,0.454603,0.515207,0.408753,0.273364,0.609943,0.533604,0.445265,0.517960,0.589680,0.664021,0.481140,0.556090,0.559438,0.643924,0.518085,0.599576,0.605404,0.520462,0.143358,0.080335,0.379769,0.384990,0.463380,0.426878,0.675588,0.481853,0.060197,0.092556,0.416542,0.333941,0.316485,0.057938,0.636668,0.495815,0.230923,0.126393,0.219968,0.581290
0.744204,0.897990,0.226554,0.813403,0.177878,0.185671,0.482381,0.464296,0.307951,0.331084,0.229040,0.329740,0.174749,0.231262,0.224629,0.130748,0.423495,0.524203,1.088121,0.000000,0.099417,0.010955,0.144027,0.407241,-0.029226,0.041076,-0.023344,-0.042294,0.208071,0.158200,0.019184,0.117160,0.461314,0.607108,0.166091,0.256308,-0.014047,-0.155348,-0.007709,-0.250055,-0.061977,0.009545,0.321421,0.071629,0.073478,0.149268,0.196631,0.341228,0.062171,0.114032,0.006768,0.044195,0.350852,0.443038,0.245061,0.051717,0.653879,0.570700,0.406430,0.522525,0.546683,0.639097,0.573973,0.639517,0.435404,0.496266,0.465711,0.539600,0.719381,0.552910,0.160955,0.089613,0.423098,0.399933,0.480913,0.421059,0.546875,0.483278,-0.021557,-0.022562,0.330359,0.255992,0.062927,-0.127324,0.335256,0.246896,0.165157,-0.019733,0.176769,0.392165
0.307823,0.242082,0.137052,0.136490,0.361021,0.377258,0.222455,0.305441,0.171367,0.215299,0.309495,0.178371,0.233070,0.232257,0.301957,0.418432,0.254899,0.079848,0.145516,0.099417,0.000000,0.535512,-0.030867,0.079285,0.232724,0.173582,0.346835,0.351290,0.194559,0.335249,0.302988,0.261853,0.233721,0.380215,0.105341,0.097370,0.078889,0.036247,0.079505,0.294110,-0.181208,-0.097254,0.180244,0.124435,0.326952,0.218326,0.260178,0.005027,0.189933,0.218196,0.217850,0.257714,0.208999,0.107023,0.162477,0.203589,0.272779,0.230839,0.316536,0.318045,0.210728,0.323653,0.195373,0.233900,0.350102,0.332366,0.281726,0.276179,0.259006,0.283630,0.104284,0.035094,0.022568,0.045252,0.112199,0.343696,0.196305,0.032526,0.209142,0.276236,0.360323,0.305067,0.195205,0.188472,0.259901,0.281423,0.050252,0.254329,0.145085,0.359406
0.246129,0.209999,0.082434,0.096426,0.317596,0.364527,0.222855,0.261315,0.186341,0.111480,0.121234,0.108323,0.122043,0.168297,0.250486,0.284017,0.197632,-0.101377,0.087227,0.010955,0.535512,0.000000,0.038691,0.112873,0.304944,0.310209,0.427868,0.656525,0.198333,0.275499,0.205224,0.234563,0.168637,0.324902,0.173363,0.089949,0.165223,0.148673,-0.008262,0.213358,0.001272,0.029115,0.377781,0.175148,0.352591,0.321211,0.359110,0.116468,0.271209,0.312661,0.227444,0.258708,0.331292,0.211942,0.254603,0.345921,0.245297,0.290984,0.350170,0.405441,0.199191,0.298709,0.023532,0.179703,0.237859,0.209252,0.249085,0.310104,0.205769,0.368828,0.036874,0.138562,-0.094398,0.077738,0.246467,0.146611,0.221524,0.056625,0.291579,0.258907,0.479421,0.365705,0.379861,0.168525,0.320290,0.397718,0.145388,0.150007,0.229632,0.389367
0.250573,0.141168,0.988749,0.449545,0.366497,0.270076,0.556039,0.287684,0.539863,0.220156,0.335761,-0.129556,0.333888,0.199578,0.410308,0.348752,-0.146865,-0.077125,0.283894,0.144027,-0.030867,0.038691,0.000000,1.047544,0.522054,0.496150,0.209614,0.056931,-0.073218,-0.154901,0.462173,0.390956,0.574935,0.351833,0.317234,0.079706,0.218775,0.149618,0.250728,0.145371,0.058397,0.112812,0.364802,0.260583,0.145201,0.206996,0.319945,0.348068,0.347703,0.348331,0.353074,0.258396,0.376764,0.433473,0.504402,0.204710,0.270137,0.347914,0.298717,0.229598,0.105670,0.012666,-0.028903,-0.087012,0.368548,0.161244,0.355142,0.188262,0.293004,0.301192,0.413893,0.359122,0.115409,0.130139,0.058891,0.151827,0.514309,0.514322,-0.112918,0.022625,-0.021719,0.064289,0.300743,0.203477,0.268771,0.192377,0.193181,0.212611,0.483002,0.428355
0.490003,0.382433,0.796175,0.895323,0.434502,0.555156,0.717263,0.704241,0.674523,0.623232,0.334313,0.052927,0.348654,0.353035,0.479477,0.608718,0.132354,0.120631,0.530535,0.407241,0.079285,0.112873,1.047544,0.000000,0.295962,0.504762,0.107905,0.143160,0.154668,0.075920,0.523024,0.606726,0.796814,0.740058,0.275866,0.162384,0.153511,0.089109,0.105948,0.062040,0.015671,0.146636,0.441485,0.188473,0.181688,0.278830,0.345832,0.360542,0.288655,0.337226,0.165491,0.185084,0.441334,0.390164,0.442125,0.096122,0.654441,0.540275,0.392278,0.505000,0.374581,0.415171,0.257859,0.289273,0.586975,0.471006,0.472270,0.415327,0.469964,0.434304,0.407737,0.302035,0.325997,0.288957,0.326250,0.227737,0.718906,0.622772,0.028368,0.076376,0.258423,0.256231,0.360069,0.215958,0.456637,0.356683,0.231514,0.177784,0.405130,0.570111
0.026512,-0.051797,0.319742,0.024246,0.259236,0.286537,0.248197,-0.013467,0.389811,0.127914,0.195494,-0.256893,0.157234,-0.010363,0.333263,0.307762,0.029440,-0.085003,0.043065,-0.029226,0.232724,0.304944,0.522054,0.295962,0.000000,0.952361,0.557570,0.424996,0.209134,0.149484,0.562505,0.373110,0.383380,0.248107,0.586251,0.397787,0.337483,0.277337,0.143625,0.183093,0.065756,0.057817,0.526827,0.375076,0.549473,0.515166,0.528398,0.330467,0.494211,0.404249,0.533919,0.349503,0.380824,0.394133,0.495533,0.342966,0.015709,0.056268,0.400469,0.177655,0.068261,-0.063076,0.019372,-0.098812,0.204820,-0.003112,0.555942,0.454103,0.261578,0.388433,-0.003799,0.108108,-0.263795,-0.116157,0.034741,0.173867,0.266891,0.048864,0.282473,0.329176,0.286885,0.308916,0.244009,0.176466,0.371139,0.334604,-0.010556,0.145628,0.319624,0.341168
0.104004,-0.012177,0.387088,0.239141,0.273089,0.331874,0.360168,0.171699,0.422801,0.275811,0.130479,-0.208403,0.227493,0.088972,0.382480,0.382085,0.269398,-0.037989,0.186174,0.041076,0.173582,0.310209,0.496150,0.504762,0.952361,0.000000,0.368712,0.416053,0.413759,0.211532,0.733755,0.572015,0.446618,0.415720,0.618444,0.453199,0.252188,0.210144,0.059452,0.110219,0.055659,0.166867,0.578371,0.240499,0.522333,0.571329,0.456339,0.351964,0.489415,0.461836,0.450346,0.333855,0.432815,0.340041,0.426634,0.326694,0.141812,0.039463,0.416913,0.232839,0.098391,0.025845,0.186368,0.019186,0.278450,0.083798,0.618935,0.546729,0.263764,0.349911,0.083327,0.092805,-0.047788,0.017686,0.151322,0.245798,0.334083,0.109155,0.310020,0.432274,0.347802,0.391023,0.274768,0.163462,0.397443,0.428749,0.037315,0.214899,0.244127,0.429015
0.156794,0.050631,0.318214,0.116153,0.570450,0.385759,0.269669,0.105046,0.195499,0.050339,0.298248,-0.055650,0.142740,0.053679,0.277816,0.172803,0.077968,-0.009721,0.148446,-0.023344,0.346835,0.427868,0.209614,0.107905,0.557570,0.368712,0.000000,0.826009,0.233491,0.133168,0.268221,0.224803,0.310269,0.229085,0.368728,0.289159,0.359737,0.558399,0.273902,0.430104,0.214891,0.207838,0.513733,0.232700,0.398484,0.431191,0.538267,0.249861,0.384397,0.396833,0.533985,0.439343,0.382866,0.366573,0.406179,0.503604,0.029091,0.081597,0.444186,0.308315,0.241514,0.089191,0.063992,0.093368,0.225275,0.177255,0.446654,0.415497,0.224861,0.401081,-0.114471,0.022273,-0.197663,-0.133049,0.125701,0.157080,0.147226,0.023352,0.202681,0.241747,0.358609,0.331242,0.638776,0.268079,0.483171,0.455206,0.137421,0.035650,0.379374,0.421541
0.107552,0.040989,0.132665,0.134115,0.549234,0.596406,0.208864,0.156352,0.237744,0.228716,0.162833,-0.060689,0.122122,0.020661,0.317101,0.337431,0.184943,-0.084217,0.082649,-0.042294,0.351290,0.656525,0.056931,0.143160,0.424996,0.416053,0.826009,0.000000,0.299087,0.206822,0.326358,0.282362,0.198926,0.259899,0.263863,0.316121,0.272985,0.366271,0.031733,0.335967,0.003868,0.249079,0.403009,0.153137,0.403095,0.392249,0.450716,0.101684,0.276268,0.323376,0.269680,0.344691,0.284615,0.192702,0.266953,0.367713,0.093671,0.065302,0.394694,0.339595,0.210009,0.152357,0.063164,0.113422,0.163619,0.131701,0.390518,0.436601,0.142510,0.377483,-0.081870,0.076307,-0.148407,-0.068460,0.248706,0.254130,0.181979,-0.043235,0.256372,0.232466,0.428444,0.335939,0.415723,0.187337,0.406614,0.422071,0.165913,0.065070,0.237752,0.330984
0.270588,0.208425,0.090533,0.213274,0.166544,0.305979,0.333722,0.318598,0.305045,0.401542,0.241481,0.196483,0.326111,0.176115,0.385544,0.431064,0.735720,0.346224,0.377097,0.208071,0.194559,0.198333,-0.073218,0.154668,0.209134,0.413759,0.233491,0.299087,0.000000,0.938072,0.305273,0.185693,0.157190,0.310374,0.199364,0.282272,0.472292,0.460566,-0.115840,0.252981,0.098079,0.149389,0.541211,0.115828,0.470687,0.427368,0.508419,0.279108,0.210943,0.160022,0.196035,0.143342,0.235411,0.187273,0.141369,0.253747,0.116796,-0.024237,0.242735,0.219058,0.268413,0.313797,0.384204,0.281578,0.297483,0.256508,0.323705,0.365496,0.200445,0.212796,-0.069219,-0.064958,-0.004537,0.193370,0.194642,0.237734,0.205588,-0.085434,0.538894,0.753589,0.665185,0.531549,0.335942,0.230398,0.524575,0.597449,-0.117136,0.033391,0.009690,0.324641
0.267462,0.381599,0.019277,0.158310,0.030043,0.202621,0.265383,0.343429,0.195712,0.351099,0.276440,0.332089,0.331618,0.226268,0.256347,0.496212,0.722512,0.464297,0.250964,0.158200,0.335249,0.275499,-0.154901,0.075920,0.149484,0.211532,0.133168,0.206822,0.938072,0.000000,0.355202,0.306537,0.150018,0.378274,0.123534,0.161984,0.336360,0.324052,-0.211505,0.266599,-0.123333,0.048947,0.377977,0.181669,0.559490,0.445353,0.491800,0.140487,0.226562,0.165762,0.141002,0.112648,0.126172,0.069332,0.065338,0.208605,0.173197,0.136723,0.181361,0.300355,0.322017,0.461806,0.387454,0.461613,0.267722,0.241458,0.204019,0.285627,0.136149,0.115869,-0.121293,-0.118432,-0.067603,0.101800,0.079698,0.204631,0.143407,-0.084217,0.676001,0.835706,0.833655,0.692878,0.301500,0.236675,0.542104,0.664578,-0.202013,0.065823,-0.024824,0.279373
0.069124,0.121654,0.459974,0.314089,0.130158,0.294429,0.426368,0.230007,0.346045,0.358489,0.263171,-0.093028,0.190381,0.197968,0.265578,0.427283,0.231795,0.095413,0.094940,0.019184,0.302988,0.205224,0.462173,0.523024,0.562505,0.733755,0.268221,0.326358,0.305273,0.355202,0.000000,1.027522,0.315901,0.337995,0.442086,0.298315,0.217908,0.161235,0.035359,0.207027,-0.124646,0.044872,0.375323,0.154752,0.379451,0.376252,0.348821,0.128605,0.239011,0.231548,0.135829,0.098368,0.207814,0.130163,0.202223,0.116398,0.263892,0.149147,0.279542,0.325982,0.105313,0.171330,0.186987,0.136285,0.298857,0.214567,0.426372,0.405044,0.226052,0.284041,0.317118,0.207631,0.021289,-0.000858,0.186739,0.242247,0.382319,0.261682,0.457700,0.419371,0.450338,0.538634,0.344279,0.356645,0.409031,0.534315,0.028498,0.209224,0.303478,0.388506
0.278595,0.264732,0.425012,0.579344,0.149893,0.303741,0.544670,0.567552,0.295271,0.443331,0.259952,0.110950,0.206696,0.422990,0.202885,0.463079,0.165926,0.085584,0.187354,0.117160,0.261853,0.234563,0.390956,0.606726,0.373110,0.572015,0.224803,0.282362,0.185693,0.306537,1.027522,0.000000,0.422587,0.529970,0.463768,0.293710,0.135671,0.029695,0.012515,0.157886,-0.081768,0.141788,0.310810,0.068485,0.257583,0.326328,0.273585,0.061545,0.174388,0.272064,0.038824,0.117980,0.231967,0.092540,0.163888,0.104268,0.469337,0.357722,0.321952,0.453584,0.273904,0.365111,0.240120,0.291052,0.386729,0.420554,0.403204,0.436385,0.220266,0.265399,0.225692,0.236337,0.215270,0.117343,0.292076,0.263670,0.507282,0.455742,0.340397,0.257798,0.415940,0.372992,0.453324,0.389632,0.483799,0.598731,0.237636,0.318203,0.334283,0.495560
0.615098,0.484835,0.547141,0.661812,0.448011,0.405607,0.639039,0.465987,0.382292,0.365243,0.311450,0.135052,0.250244,0.328224,0.191782,0.298916,0.186245,0.284506,0.517684,0.461314,0.233721,0.168637,0.574935,0.796814,0.383380,0.446618,0.310269,0.198926,0.157190,0.150018,0.315901,0.422587,0.000000,1.145061,0.461170,0.324702,0.153128,0.082850,0.027860,0.024890,0.012607,0.097685,0.474722,0.247895,0.421558,0.492594,0.427859,0.391585,0.484074,0.571754,0.425789,0.394885,0.484697,0.538374,0.501970,0.397110,0.672522,0.580578,0.631124,0.651247,0.603899,0.432936,0.443940,0.477641,0.487464,0.467240,0.747460,0.659846,0.528830,0.506492,0.006362,0.005286,0.209529,0.156845,0.237667,0.256179,0.560538,0.445499,-0.019138,0.089380,0.259986,0.307048,0.434122,0.119045,0.457238,0.376041,0.130665,0.079289,0.284516,0.616655
0.789736,0.731890,0.414607,0.810094,0.436947,0.512084,0.711226,0.731773,0.432690,0.549643,0.327036,0.258690,0.282375,0.394738,0.295775,0.480662,0.420970,0.368341,0.614865,0.607108,0.380215,0.324902,0.351833,0.740058,0.248107,0.415720,0.229085,0.259899,0.310374,0.378274,0.337995,0.529970,1.145061,0.000000,0.444376,0.339724,0.135910,0.063923,-0.013438,0.067436,-0.086120,0.099782,0.525013,0.220712,0.433280,0.501934,0.469081,0.348918,0.433816,0.562774,0.283570,0.373273,0.545060,0.475713,0.449788,0.357966,0.874521,0.698493,0.677556,0.924813,0.739492,0.845495,0.655558,0.800831,0.655333,0.720070,0.747044,0.761715,0.562225,0.591251,0.041659,0.055594,0.311515,0.348075,0.338503,0.369931,0.673977,0.503277,0.121633,0.210383,0.548464,0.490260,0.505723,0.158362,0.688614,0.618156,0.183892,0.115157,0.298820,0.775647
0.158205,0.127756,0.209225,0.241979,0.123417,0.129294,0.278628,0.160584,0.132607,0.175832,0.168030,-0.002769,0.064029,0.153274,0.044498,0.144133,0.127738,0.193422,0.193814,0.166091,0.105341,0.173363,0.317234,0.275866,0.586251,0.618444,0.368728,0.263863,0.199364,0.123534,0.442086,0.463768,0.461170,0.444376,0.000000,0.658981,0.362302,0.220985,0.165099,0.118418,0.199399,0.122749,0.568241,0.414180,0.539076,0.666171,0.476352,0.388787,0.531151,0.630557,0.473605,0.412288,0.434762,0.473141,0.511637,0.493839,0.183732,0.112121,0.398047,0.346314,0.205052,0.152875,0.298186,0.202283,0.256709,0.296936,0.576033,0.620384,0.193721,0.287549,-0.085422,0.062857,-0.001792,-0.007250,0.043617,0.170885,0.337453,0.225012,0.215124,0.200737,0.234151,0.348244,0.404606,0.214866,0.450010,0.517048,0.168653,0.151642,0.280535,0.452363
0.145219,0.108907,0.056434,0.228030,0.208935,0.261322,0.209770,0.115565,0.170164,0.279580,0.151467,0.012884,0.108163,0.102072,0.115649,0.105993,0.310222,0.217198,0.238664,0.256308,0.097370,0.089949,0.079706,0.162384,0.397787,0.453199,0.289159,0.316121,0.282272,0.161984,0.298315,0.293710,0.324702,0.339724,0.658981,0.000000,0.175042,0.182082,0.081993,0.068178,0.151363,0.212334,0.415104,0.309409,0.479840,0.493370,0.305777,0.279123,0.285215,0.324012,0.257192,0.263903,0.220079,0.277097,0.263634,0.295159,0.119834,0.025834,0.353239,0.236887,0.224813,0.134564,0.406163,0.190818,0.292115,0.201928,0.614978,0.629194,0.249898,0.341554,-0.241292,-0.098386,-0.031662,-0.057633,0.123857,0.294169,0.173999,0.076140,0.178672,0.180878,0.260795,0.352459,0.230838,0.122637,0.429759,0.407331,0.079961,0.070474,0.070770,0.292700
0.148421,0.139518,0.247060,0.100067,0.122410,0.146683,0.157941,0.066278,0.147034,0.097563,0.098502,-0.067234,0.064637,0.016437,0.204642,0.260242,0.155130,0.179217,0.176545,-0.014047,0.078889,0.165223,0.218775,0.153511,0.337483,0.252188,0.359737,0.272985,0.472292,0.336360,0.217908,0.135671,0.153128,0.135910,0.362302,0.175042,0.000000,0.652697,0.269761,0.493299,0.297483,0.309883,0.524645,0.296709,0.354606,0.411323,0.534070,0.279457,0.305874,0.272150,0.355391,0.221362,0.361588,0.345671,0.377089,0.515546,0.089019,0.111090,0.235358,0.223594,0.191753,0.135561,0.165740,0.087995,0.172149,0.077787,0.247424,0.232816,0.136075,0.195305,-0.002985,0.086563,-0.009132,-0.035260,0.118286,0.010905,0.223999,0.087733,0.394425,0.277742,0.386570,0.401832,0.564286,0.524375,0.426089,0.408093,-0.076759,0.043598,0.192983,0.399121
0.013059,-0.075049,0.174446,0.047530,0.138207,0.181869,0.111498,0.089433,0.099782,0.099059,0.196948,-0.060542,0.088740,0.007057,0.233431,0.189262,0.121249,0.060827,0.077945,-0.155348,0.036247,0.148673,0.149618,0.089109,0.277337,0.210144,0.558399,0.366271,0.460566,0.324052,0.161235,0.029695,0.082850,0.063923,0.220985,0.182082,0.652697,0.000000,0.284169,0.586534,0.322113,0.393365,0.433035,0.171359,0.310566,0.327527,0.530820,0.269836,0.270122,0.186304,0.346944,0.244860,0.193775,0.187393,0.248040,0.322405,-0.088094,-0.176872,0.133513,0.101130,0.076870,0.032475,-0.001397,-0.018944,0.125216,0.098514,0.141150,0.131628,0.034496,0.083264,-0.112731,-0.008055,-0.274278,-0.099973,-0.099019,0.003298,0.069047,-0.116660,0.282441,0.253537,0.348471,0.367431,0.575105,0.421811,0.509479,0.517848,-0.099335,0.006495,0.113742,0.185463
-0.002395,-0.088017,0.250073,0.075289,0.299452,0.069107,-0.011779,0.000319,0.163055,0.025244,-0.003076,-0.117703,-0.053360,0.087185,0.278669,0.200212,-0.171769,-0.091844,0.118660,-0.007709,0.079505,-0.008262,0.250728,0.105948,0.143625,0.059452,0.273902,0.031733,-0.115840,-0.211505,0.035359,0.012515,0.027860,-0.013438,0.165099,0.081993,0.269761,0.284169,0.000000,0.538008,0.536726,0.183115,0.169560,0.020397,-0.026691,0.095282,0.081525,0.065944,0.112652,0.167870,0.209265,0.120334,0.264159,0.161427,0.235177,0.267120,-0.027299,-0.013141,-0.012423,-0.007286,-0.091846,-0.068157,-0.074790,-0.121670,0.103277,0.097179,0.050702,-0.004560,0.012311,0.002980,0.116172,0.172433,0.158571,-0.053156,0.044913,0.042860,0.110479,0.290336,0.109225,-0.113487,0.007112,0.095204,0.402563,0.491408,0.117432,0.083739,0.371612,0.316965,0.281655,0.141119
0.106177,-0.022337,0.235939,0.027664,0.300399,0.157321,0.097770,0.043504,0.026050,0.044599,0.087206,-0.118605,0.115360,0.017897,0.251017,0.314322,0.076307,-0.097771,0.007865,-0.250055,0.294110,0.213358,0.145371,0.062040,0.183093,0.110219,0.430104,0.335967,0.252981,0.266599,0.207027,0.157886,0.024890,0.067436,0.118418,0.068178,0.493299,0.586534,0.538008,0.000000,0.235702,0.460570,0.251769,0.177146,0.191850,0.195869,0.295509,0.010025,0.162374,0.201303,0.309628,0.255209,0.208722,0.070402,0.275683,0.521571,-0.063672,-0.139293,0.101497,0.126935,0.049493,0.046801,0.038080,-0.019469,0.027783,-0.005703,0.083657,0.025964,-0.167657,-0.035897,-0.085339,-0.032226,-0.108744,-0.111374,-0.020590,0.062303,0.157490,0.055409,0.327552,0.161729,0.332665,0.281350,0.669605,0.775877,0.351150,0.399088,0.275098,0.371085,0.393224,0.377656
0.073982,-0.144909,0.071767,-0.037293,0.057731,-0.030710,0.020972,-0.002486,0.042229,-0.050046,0.011959,0.072038,-0.056440,0.167484,0.069065,0.017163,-0.126619,-0.053753,0.023539,-0.061977,-0.181208,0.001272,0.058397,0.015671,0.065756,0.055659,0.214891,0.003868,0.098079,-0.123333,-0.124646,-0.081768,0.012607,-0.086120,0.199399,0.151363,0.297483,0.322113,0.536726,0.235702,0.000000,0.191802,0.311635,0.118503,0.041387,0.219763,0.202358,0.244531,0.279324,0.295280,0.333214,0.286610,0.305300,0.248534,0.299963,0.363585,0.015144,-0.101268,0.186946,0.077339,0.110269,-0.065169,-0.017648,-0.064055,-0.027054,0.054455,0.147936,0.074444,-0.087045,0.006629,-0.072726,0.076520,0.110120,-0.093228,0.062385,-0.144128,0.028372,0.101152,0.070063,-0.091009,-0.041839,0.034050,0.342364,0.310263,0.029294,0.091100,0.150619,0.030787,0.130959,0.093787
0.055082,-0.027132,0.045801,0.157894,0.166779,0.072072,0.080285,0.039317,-0.025784,-0.009417,-0.068735,-0.224823,-0.038394,-0.114869,0.106152,0.046616,-0.032944,-0.140724,0.066753,0.009545,-0.097254,0.029115,0.112812,0.146636,0.057817,0.166867,0.207838,0.249079,0.149389,0.048947,0.044872,0.141788,0.097685,0.099782,0.122749,0.212334,0.309883,0.393365,0.183115,0.460570,0.191802,0.000000,0.249529,0.004769,0.026195,0.088491,0.122540,0.198588,0.036382,0.103576,0.112137,0.123974,0.195475,0.117938,0.213567,0.282706,0.036513,-0.123867,0.174657,0.110199,0.018869,-0.003356,0.035594,-0.031374,0.011871,-0.000369,0.158358,0.159862,-0.018636,0.026434,-0.055593,0.017044,0.002367,-0.043225,0.152741,-0.010032,0.081123,0.018962,-0.019120,0.023727,0.130495,0.032578,0.433236,0.308941,0.277364,0.289763,0.301220,0.222586,0.252913,0.247055
0.470236,0.293242,0.322970,0.340835,0.337575,0.384239,0.499222,0.336187,0.395514,0.319288,0.340883,0.030393,0.269600,0.180476,0.376661,0.344228,0.410474,0.222395,0.517467,0.321421,0.180244,0.377781,0.364802,0.441485,0.526827,0.578371,0.513733,0.403009,0.541211,0.377977,0.375323,0.310810,0.474722,0.525013,0.568241,0.415104,0.524645,0.433035,0.169560,0.251769,0.311635,0.249529,0.000000,0.724165,0.898112,1.113675,1.247187,0.897188,0.919541,0.876461,0.825689,0.710306,1.011034,0.910278,0.968870,0.741476,0.353153,0.206034,0.793034,0.631603,0.390412,0.376171,0.292419,0.262640,0.475227,0.396275,0.965649,0.936998,0.465011,0.641428,0.093173,0.171113,-0.044822,0.105367,0.251415,0.256787,0.533583,0.358906,0.384599,0.413030,0.670617,0.601160,0.599155,0.283753,0.772970,0.739672,0.100318,0.132210,0.489949,0.639722
0.196454,0.120499,0.095927,0.034627,0.074898,0.182958,0.218103,0.109035,0.082713,0.100735,0.257201,0.025293,0.160945,0.007134,-0.011840,0.078687,0.133604,0.151949,0.182654,0.071629,0.124435,0.175148,0.260583,0.188473,0.375076,0.240499,0.232700,0.153137,0.115828,0.181669,0.154752,0.068485,0.247895,0.220712,0.414180,0.309409,0.296709,0.171359,0.020397,0.177146,0.118503,0.004769,0.724165,0.000000,0.867416,0.921037,0.827594,0.844537,0.836406,0.701981,0.743604,0.613321,0.493839,0.741395,0.773832,0.586037,0.070564,0.078506,0.487112,0.345875,0.222913,0.138657,0.192378,0.107545,0.222375,0.158982,0.618240,0.609427,0.196260,0.413114,-0.154405,-0.065713,-0.267167,-0.130171,-0.054556,0.091363,0.209274,0.131555,0.141883,0.181634,0.247708,0.258557,0.287327,0.100696,0.357080,0.347598,0.079244,0.113990,0.428916,0.389798
0.222008,0.165603,0.094173,0.082637,0.192733,0.268472,0.318339,0.199527,0.170815,0.204958,0.311705,0.074130,0.308523,0.146039,0.154573,0.313458,0.450923,0.230448,0.228796,0.073478,0.326952,0.352591,0.145201,0.181688,0.549473,0.522333,0.398484,0.403095,0.470687,0.559490,0.379451,0.257583,0.421558,0.433280,0.539076,0.479840,0.354606,0.310566,-0.026691,0.191850,0.041387,0.026195,0.898112,0.867416,0.000000,1.450173,1.064819,0.645554,1.139340,0.902584,0.843510,0.728755,0.510050,0.578914,0.615376,0.664939,0.119397,0.068644,0.625339,0.462010,0.296184,0.251311,0.292675,0.232842,0.358341,0.296372,0.807054,0.790908,0.312238,0.414935,-0.254740,-0.160381,-0.258440,-0.111721,0.058432,0.203127,0.197475,0.034951,0.400908,0.558962,0.528579,0.576049,0.348564,0.155578,0.612129,0.676315,-0.079913,0.168094,0.170483,0.484438
0.338448,0.204574,0.134902,0.186492,0.231301,0.319421,0.334233,0.276927,0.181541,0.250473,0.244731,0.070019,0.192663,0.181296,0.108885,0.289440,0.392322,0.221984,0.326427,0.149268,0.218326,0.321211,0.206996,0.278830,0.515166,0.571329,0.431191,0.392249,0.427368,0.445353,0.376252,0.326328,0.492594,0.501934,0.666171,0.493370,0.411323,0.327527,0.095282,0.195869,0.219763,0.088491,1.113675,0.921037,1.450173,0.000000,1.202115,0.782635,1.270425,1.244956,0.935008,0.867725,0.779256,0.846476,0.860471,0.844459,0.241453,0.135244,0.773094,0.620338,0.389497,0.347965,0.299035,0.313560,0.342934,0.387145,0.967253,1.018040,0.343034,0.495180,-0.193623,-0.075687,-0.157085,-0.052558,0.135537,0.199262,0.323387,0.162552,0.410094,0.407666,0.549443,0.573212,0.510900,0.233030,0.667002,0.715129,0.048330,0.122212,0.316934,0.607797
0.447836,0.304794,0.288444,0.255952,0.239430,0.367932,0.522659,0.370575,0.268206,0.284003,0.439217,0.120095,0.326941,0.225759,0.251104,0.343702,0.401570,0.244692,0.461724,0.196631,0.260178,0.359110,0.319945,0.345832,0.528398,0.456339,0.538267,0.450716,0.508419,0.491800,0.348821,0.273585,0.427859,0.469081,0.476352,0.305777,0.534070,0.530820,0.081525,0.295509,0.202358,0.122540,1.247187,0.827594,1.064819,1.202115,0.000000,0.793458,1.017362,0.929667,0.927578,0.828723,0.867134,0.886606,0.992926,0.809427,0.276599,0.193853,0.747085,0.611885,0.467935,0.417230,0.253318,0.307162,0.377818,0.394982,0.789435,0.820337,0.313145,0.497438,-0.070251,0.008547,-0.186785,-0.013781,0.141886,0.170119,0.433633,0.189436,0.363977,0.410926,0.620095,0.547269,0.550480,0.270244,0.785782,0.809329,0.049888,0.103582,0.418064,0.688090
0.404007,0.276102,0.212311,0.235926,0.079684,0.138287,0.383154,0.231884,0.155059,0.101677,0.251448,0.121789,0.193179,0.126647,0.066763,0.058975,0.180278,0.139291,0.438236,0.341228,0.005027,0.116468,0.348068,0.360542,0.330467,0.351964,0.249861,0.101684,0.279108,0.140487,0.128605,0.061545,0.391585,0.348918,0.388787,0.279123,0.279457,0.269836,0.065944,0.010025,0.244531,0.198588,0.897188,0.844537,0.645554,0.782635,0.793458,0.000000,0.728928,0.619011,0.750995,0.661473,0.754075,0.939984,0.930272,0.540639,0.239536,0.133310,0.643523,0.404526,0.337206,0.259233,0.213886,0.217942,0.258327,0.266878,0.725291,0.684538,0.306163,0.388001,-0.010796,0.036601,-0.030429,0.028019,0.169905,0.070976,0.398808,0.227050,-0.024305,0.173120,0.234166,0.223395,0.263621,-0.032445,0.431947,0.410200,0.127180,0.076954,0.439945,0.414959
0.291055,0.115460,0.246206,0.087754,0.285900,0.205817,0.307183,0.151934,0.209387,0.056164,0.256197,0.008249,0.267831,0.151393,0.159565,0.260624,0.234501,0.124774,0.190652,0.062171,0.189933,0.271209,0.347703,0.288655,0.494211,0.489415,0.384397,0.276268,0.210943,0.226562,0.239011,0.174388,0.484074,0.433816,0.531151,0.285215,0.305874,0.270122,0.112652,0.162374,0.279324,0.036382,0.919541,0.836406,1.139340,1.270425,1.017362,0.728928,0.000000,1.503513,1.258927,1.085814,0.851094,0.844350,1.022326,0.861292,0.180092,0.105001,0.814467,0.535955,0.307164,0.158300,0.203450,0.112847,0.281516,0.228000,0.842084,0.702668,0.275626,0.445307,-0.105521,-0.025690,-0.104065,-0.010174,0.074048,0.103557,0.233787,0.169578,0.194070,0.291375,0.312002,0.400255,0.360564,0.110183,0.420406,0.486695,0.028877,0.106348,0.374595,0.570246
