0.000000,2.012807,1.383756,1.418674,0.719777,0.706448,1.323256,1.358862,0.799136,0.987936,1.226231,1.288266,1.383624,1.300161,1.525179,1.258626,1.152795,1.059862,1.643783,1.726964,0.730279,0.595477,1.139679,0.981750,0.704087,0.648332,0.723494,0.653298,0.920463,0.766036,0.901972,0.905725,1.549470,1.778358,0.754173,0.648126,0.310971,0.696808,0.673682,0.623340,0.890603,1.007040,0.950625,0.950211,1.002333,1.204470,1.042903,1.111625,0.971438,1.178313,0.961795,1.016156,0.693753,0.825982,0.694268,0.879045,1.919562,1.906441,1.276441,1.388512,1.301590,1.521874,1.347127,1.501876,0.725721,1.140184,1.370305,1.349736,1.647384,1.529614,0.362837,0.387763,0.777217,0.551811,0.814635,0.467830,0.986641,0.957349,1.115555,0.285473,1.458816,1.291883,1.267207,0.915656,1.345801,1.271719,0.948323,1.113812,1.224357,1.400036
2.012807,0.000000,1.145125,1.345163,0.631032,0.642290,1.149025,1.350091,0.709697,0.915324,1.185282,1.485196,1.282399,1.272690,1.431459,1.309314,1.302652,1.267176,1.389626,1.717268,0.728445,0.556650,0.967943,0.893764,0.644651,0.607872,0.679316,0.606680,0.996550,0.826206,0.817111,0.847404,1.424323,1.725634,0.700288,0.571019,0.298314,0.731321,0.662833,0.608314,0.932874,1.030664,0.935588,0.957194,0.938747,1.144828,1.016538,1.032525,0.955962,1.222221,1.018457,1.067360,0.793558,0.893478,0.735516,0.913316,1.772714,2.220186,1.212803,1.357509,1.237191,1.536894,1.279331,1.625239,0.659300,1.115157,1.220710,1.210785,1.461383,1.400453,0.332517,0.326999,0.861175,0.553236,0.812727,0.453456,0.928128,0.905735,1.149065,0.286635,1.491636,1.403757,1.251441,0.929810,1.319400,1.245364,0.865479,1.046082,1.226421,1.368894
1.383756,1.145125,0.000000,1.506300,1.005343,0.942194,1.757526,1.308743,1.147168,1.242086,0.919286,0.897863,1.337387,1.171057,1.349680,1.176602,0.747121,0.671779,1.429860,1.220904,0.839013,0.773833,1.744938,1.369701,1.067379,0.970364,0.861896,0.774258,0.639040,0.539221,1.028471,1.005223,1.190828,1.289098,0.972868,0.747656,0.329375,0.615167,0.610896,0.556076,0.872378,0.895299,0.945736,0.844493,1.094693,1.165927,0.902789,1.037673,0.985175,1.140454,0.949742,1.016144,0.573699,0.829062,0.558912,0.841581,1.101362,1.093957,1.187584,1.190323,1.228819,1.179682,1.038189,0.995484,1.049867,1.065230,1.344745,1.311782,1.173214,1.156923,0.489817,0.575233,0.685516,0.566952,0.697837,0.515372,1.065487,1.029496,0.818948,0.237470,0.965940,0.902601,0.975364,0.774047,1.091152,1.118030,0.934549,1.052630,1.167571,1.403987
1.418674,1.345163,1.506300,0.000000,0.688701,0.819640,1.443769,1.752196,0.799474,1.095524,0.910608,1.181602,1.230344,1.505650,1.288791,1.416106,0.887133,0.839699,1.546545,1.514392,0.753706,0.652961,1.317853,1.482473,0.745022,0.808288,0.779159,0.746397,0.729207,0.575946,1.141584,1.111762,1.296900,1.480383,0.777756,0.747671,0.249187,0.588302,0.558408,0.564127,0.859097,0.882340,0.870832,0.832673,0.898426,1.070258,0.884732,0.922265,0.923941,1.131367,0.870670,0.989369,0.614089,0.785487,0.613161,0.831999,1.168476,1.259682,1.078831,1.286955,1.104085,1.422622,1.117237,1.157642,0.842426,1.185015,1.212546,1.288339,1.154640,1.149722,0.450894,0.515369,0.857325,0.593593,0.742877,0.514317,0.964419,0.889072,0.851754,0.167241,1.088678,0.993670,1.015802,0.785767,1.138675,1.278665,1.006539,1.075720,1.041184,1.366365
0.719777,0.631032,1.005343,0.688701,0.000000,1.336386,0.865435,0.610249,1.543952,0.991247,0.555728,0.488045,0.724517,0.648324,0.927911,0.773134,0.509957,0.378631,0.628722,0.553885,0.887415,0.889611,0.895299,0.764461,1.042191,0.877717,1.197526,1.044223,0.453499,0.426971,0.664081,0.641280,0.610696,0.656400,0.717515,0.446835,0.307892,0.451963,0.466945,0.418713,0.475039,0.667188,0.509800,0.404201,0.712226,0.651916,0.450557,0.553439,0.614933,0.699215,0.656865,0.711464,0.420367,0.675045,0.314205,0.474546,0.622879,0.625587,0.673764,0.663791,0.781785,0.679380,0.544085,0.557769,0.825576,0.702091,0.715393,0.692411,0.664745,0.666506,0.506436,0.567687,0.372232,0.600327,0.454036,0.432181,0.572268,0.599175,0.604301,0.182707,0.552593,0.580912,0.609176,0.511460,0.661737,0.668931,0.534996,0.648706,0.782042,0.881278
0.706448,0.642290,0.942194,0.819640,1.336386,0.000000,0.894663,0.735435,1.094513,1.074822,0.540318,0.611174,0.695885,0.779178,0.896623,0.956358,0.520442,0.403368,0.672570,0.629685,0.951174,0.963069,0.863552,0.907636,0.840153,0.782447,1.542864,1.356142,0.416224,0.455129,0.855485,0.780186,0.614701,0.678686,0.605695,0.410504,0.151190,0.442578,0.394864,0.388142,0.457240,0.639569,0.435225,0.344021,0.644146,0.614696,0.387040,0.487710,0.570906,0.668334,0.586940,0.653719,0.360886,0.593884,0.281526,0.417515,0.613637,0.611003,0.615707,0.692409,0.678689,0.738906,0.580321,0.602823,0.715902,0.701542,0.667012,0.677473,0.657991,0.667685,0.663793,0.620959,0.455371,0.675714,0.560317,0.459075,0.569332,0.610515,0.529920,0.103347,0.574011,0.605413,0.572766,0.496744,0.634154,0.710787,0.581769,0.658956,0.710621,0.861260
1.323256,1.149025,1.757526,1.443769,0.865435,0.894663,0.000000,1.546820,1.111518,1.209385,1.116211,1.018588,1.697190,1.361173,1.434703,1.167521,0.745702,0.709965,1.347786,1.178969,0.772910,0.679875,1.391611,1.223162,0.797562,0.723069,0.846746,0.774308,0.664325,0.563193,0.975388,0.954309,1.101809,1.192008,0.827245,0.701110,0.176958,0.453657,0.456717,0.432071,0.701742,0.747125,0.845853,0.766100,0.967752,1.075169,0.803821,0.913974,0.935060,1.083675,0.918568,0.998190,0.555267,0.741178,0.474018,0.721847,1.036415,1.040628,1.110760,1.063633,1.308658,1.221010,1.176160,1.045320,0.924249,1.150410,1.115922,1.076513,1.014428,0.988242,0.477130,0.524917,0.702663,0.524723,0.750372,0.428553,0.915054,0.884837,0.763838,0.194083,0.902112,0.865113,0.922349,0.703855,0.998723,1.088202,0.810584,0.916521,1.096854,1.247073
1.358862,1.350091,1.308743,1.752196,0.610249,0.735435,1.546820,0.000000,0.764284,1.190094,1.111423,1.398914,1.347910,1.608563,1.254951,1.452791,0.926898,0.891928,1.473658,1.491281,0.661213,0.529521,1.076521,1.155170,0.571327,0.611022,0.663255,0.608430,0.746121,0.637831,0.999783,0.998600,1.184944,1.373943,0.739173,0.758227,0.167989,0.497242,0.469753,0.467355,0.837927,0.841534,0.877751,0.842881,0.869901,1.136372,0.884983,0.911004,0.969980,1.187694,0.885573,1.006227,0.621998,0.729167,0.601476,0.794294,1.128312,1.175373,1.085389,1.232061,1.171838,1.552641,1.318650,1.268766,0.697846,1.320047,1.077752,1.152327,1.039123,1.063610,0.445697,0.425241,0.866545,0.567724,0.878224,0.522373,0.976559,0.901846,0.850514,0.136496,1.095308,1.018100,1.043371,0.796484,1.033140,1.198506,0.841041,0.932698,1.021373,1.267911
0.799136,0.709697,1.147168,0.799474,1.543952,1.094513,1.111518,0.764284,0.000000,1.144540,0.649544,0.583201,0.947153,0.763656,1.014545,0.812877,0.485678,0.383384,0.762509,0.656550,0.774497,0.762250,1.102336,0.833611,1.011342,0.780377,0.942287,0.813772,0.491799,0.468006,0.661917,0.659555,0.670805,0.723746,0.774892,0.496539,0.268245,0.360787,0.419729,0.340073,0.483154,0.611308,0.609842,0.465223,0.778750,0.767878,0.516963,0.653431,0.668079,0.799795,0.682851,0.707829,0.395413,0.663156,0.272983,0.499875,0.635159,0.676493,0.749856,0.705981,0.888889,0.756021,0.632519,0.600429,0.854325,0.769775,0.798196,0.760991,0.729147,0.724736,0.437241,0.510040,0.382081,0.568860,0.468146,0.399500,0.622817,0.596076,0.600134,0.190724,0.588703,0.600736,0.637983,0.555627,0.687922,0.726517,0.534513,0.651333,0.766677,0.935585
0.987936,0.915324,1.242086,1.095524,0.991247,1.074822,1.209385,1.190094,1.144540,0.000000,0.719604,0.846788,1.007129,0.995997,1.070291,1.235032,0.639569,0.551258,0.995204,0.927108,0.734664,0.734166,1.054160,0.971743,0.716518,0.686758,0.778511,0.740108,0.553582,0.593277,0.777497,0.782891,0.823187,0.930147,0.758943,0.638104,0.210679,0.498200,0.506327,0.432681,0.675031,0.755974,0.692702,0.616208,0.820476,0.943407,0.668228,0.736755,0.770645,0.894274,0.702943,0.732418,0.448706,0.635085,0.403803,0.596556,0.842670,0.832656,0.925030,1.026281,1.069734,1.158836,0.886958,0.829872,0.722721,1.038756,0.902692,0.964120,0.895286,0.969235,0.411546,0.517844,0.566407,0.667289,0.640591,0.474805,0.768380,0.705624,0.704549,0.160748,0.807616,0.792024,0.795160,0.674975,0.824653,0.918442,0.691597,0.868616,0.868336,1.121114
1.226231,1.185282,0.919286,0.910608,0.555728,0.540318,1.116211,1.111423,0.649544,0.719604,0.000000,1.271719,1.278875,1.143162,1.198263,0.988901,1.081588,1.081345,1.035451,1.080916,0.578019,0.380659,0.744409,0.668904,0.445645,0.403919,0.555934,0.483257,0.921337,0.897877,0.758427,0.734850,1.029190,1.067740,0.520361,0.533155,0.165884,0.454787,0.404538,0.384025,0.690553,0.683562,0.710230,0.759091,0.705869,0.881631,0.791437,0.827076,0.787279,0.958490,0.842544,1.000024,0.586754,0.605831,0.568286,0.687771,1.138857,1.147325,0.951465,0.957432,1.043872,1.114381,1.341738,1.282752,0.500159,1.008660,0.847862,0.828658,0.923624,0.902329,0.408345,0.349590,0.777327,0.502698,0.843515,0.405808,0.797160,0.807313,0.957632,0.352860,1.023819,1.029704,0.853122,0.600054,0.945200,0.943780,0.622396,0.696488,0.940305,0.950836
1.288266,1.485196,0.897863,1.181602,0.488045,0.611174,1.018588,1.398914,0.583201,0.846788,1.271719,0.000000,1.112425,1.466968,1.157540,1.455223,1.193571,1.273796,1.152753,1.448665,0.641030,0.456102,0.752703,0.795697,0.411531,0.403675,0.576652,0.523480,0.930600,0.923633,0.865082,0.881418,1.112286,1.268316,0.510393,0.523780,0.156093,0.516891,0.479770,0.473319,0.803252,0.893259,0.716629,0.774704,0.715694,0.962492,0.774170,0.789777,0.832719,1.058112,0.853698,0.926495,0.642863,0.665493,0.632663,0.699872,1.191621,1.322624,0.933749,1.083441,0.962304,1.358727,1.358672,1.549805,0.440260,1.049943,0.895039,0.927944,1.022755,1.014010,0.433062,0.336177,0.915969,0.645797,0.897007,0.471847,0.858105,0.805868,0.994660,0.209781,1.285237,1.245671,1.039768,0.844161,1.009520,1.151087,0.639173,0.869439,0.895010,1.166254
1.383624,1.282399,1.337387,1.230344,0.724517,0.695885,1.697190,1.347910,0.947153,1.007129,1.278875,1.112425,0.000000,1.338801,1.554782,1.101955,0.833782,0.846372,1.310937,1.201813,0.680918,0.547767,1.241060,1.035775,0.703227,0.617425,0.704207,0.647727,0.783988,0.693743,0.908083,0.896302,1.115219,1.160990,0.732993,0.652761,0.232479,0.495133,0.462288,0.482541,0.688197,0.769474,0.851664,0.821632,0.954304,1.073467,0.897626,0.993774,0.878422,1.064221,0.949302,0.979839,0.619162,0.717292,0.514066,0.763669,1.116975,1.190512,1.108798,1.067584,1.292906,1.236124,1.186169,1.122987,0.788097,1.128620,1.077224,1.034696,1.079302,1.045209,0.447952,0.477248,0.691545,0.456755,0.788973,0.369604,0.872796,0.857679,0.872254,0.340220,0.986526,0.999559,0.938735,0.727351,1.079814,1.104663,0.831713,0.931580,1.095776,1.193746
1.300161,1.272690,1.171057,1.505650,0.648324,0.779178,1.361173,1.608563,0.763656,0.995997,1.143162,1.466968,1.338801,0.000000,1.314162,1.487127,0.980919,0.954805,1.195834,1.265355,0.743360,0.606884,1.040328,1.186009,0.618047,0.636541,0.736483,0.733732,0.816478,0.706645,1.117771,1.059223,1.149790,1.246040,0.651317,0.628492,0.162044,0.470251,0.457099,0.540639,0.721329,0.878988,0.717587,0.751136,0.850281,1.038334,0.790397,0.861393,0.893843,1.038549,0.881837,0.955148,0.629176,0.702855,0.627003,0.733453,1.076581,1.197925,0.956221,1.067981,1.042634,1.302845,1.197747,1.196061,0.673662,1.166742,0.975945,1.015325,0.975768,0.974425,0.503389,0.458206,0.787204,0.580353,0.863154,0.467203,0.836627,0.838834,0.900689,0.211527,1.082388,1.066034,0.992245,0.795435,1.049485,1.288624,0.810041,1.043118,0.962084,1.211260
1.525179,1.431459,1.349680,1.288791,0.927911,0.896623,1.434703,1.254951,1.014545,1.070291,1.198263,1.157540,1.554782,1.314162,0.000000,1.293442,1.084655,0.953395,1.339694,1.291774,0.782422,0.639377,1.188241,1.053670,0.826720,0.757246,0.906000,0.848478,1.030246,0.799174,1.035019,1.009733,1.323873,1.405998,0.840275,0.716543,0.364958,0.674352,0.673610,0.669089,0.843736,0.999489,0.894650,0.850177,1.006360,1.086556,0.942268,0.985268,0.943856,1.134652,0.997643,1.069679,0.696311,0.840250,0.668986,0.864941,1.316867,1.379999,1.192701,1.239075,1.382130,1.328898,1.320068,1.241793,0.863396,1.167867,1.248121,1.196620,1.244273,1.188942,0.461456,0.495510,0.770055,0.553741,0.806696,0.445981,0.999654,0.975019,1.101198,0.328977,1.241320,1.230355,1.201345,0.880327,1.267210,1.302744,0.955453,1.101703,1.286529,1.485729
1.258626,1.309314,1.176602,1.416106,0.773134,0.956358,1.167521,1.452791,0.812877,1.235032,0.988901,1.455223,1.101955,1.487127,1.293442,0.000000,1.011731,0.978788,1.125874,1.269015,0.851143,0.711797,0.992571,1.102416,0.668975,0.668715,0.786595,0.738006,0.817192,0.819582,0.992811,1.021517,1.123382,1.321157,0.686356,0.636183,0.194831,0.654746,0.543930,0.519059,0.854350,0.981204,0.769422,0.789230,0.890052,1.074991,0.791108,0.853880,0.895365,1.088644,0.903837,0.961523,0.655523,0.774752,0.632469,0.746495,1.108941,1.185212,0.971930,1.143796,1.042357,1.367671,1.191240,1.237468,0.632183,1.121795,0.970178,1.031117,1.005712,1.017130,0.559871,0.548080,0.953930,0.801678,0.915016,0.566195,0.945559,0.873345,0.942763,0.209384,1.162033,1.136677,0.993763,0.835079,1.084198,1.337563,0.776237,1.046494,0.971895,1.446221
1.152795,1.302652,0.747121,0.887133,0.509957,0.520442,0.745702,0.926898,0.485678,0.639569,1.081588,1.193571,0.833782,0.980919,1.084655,1.011731,0.000000,1.444869,0.913076,1.096952,0.537048,0.385423,0.603934,0.634104,0.514869,0.522619,0.598681,0.560514,1.245019,0.939772,0.793545,0.796826,1.231564,1.260467,0.701112,0.614384,0.358226,0.744483,0.748259,0.734703,0.874552,0.941585,0.737864,0.866435,0.814401,0.924910,0.885660,0.799486,0.872227,0.969903,0.868199,0.955421,0.837843,0.770591,0.947910,0.882521,1.274311,1.335253,0.964237,1.029046,0.999699,1.197343,1.125649,1.244669,0.591105,1.013756,0.992496,0.970726,0.968414,0.964872,0.242338,0.215198,0.837879,0.495140,0.740790,0.329838,0.808091,0.828337,1.343766,0.309335,1.604012,1.495292,1.134873,0.874216,1.251994,1.193937,0.852411,0.929594,1.013560,1.048345
1.059862,1.267176,0.671779,0.839699,0.378631,0.403368,0.709965,0.891928,0.383384,0.551258,1.081345,1.273796,0.846372,0.954805,0.953395,0.978788,1.444869,0.000000,0.842848,1.093174,0.538779,0.359031,0.591542,0.614925,0.404487,0.413966,0.457030,0.448636,1.033821,0.925032,0.738634,0.712297,1.036203,1.073948,0.465559,0.406293,0.198726,0.583329,0.489485,0.509356,0.800879,0.723739,0.609339,0.746089,0.688749,0.765639,0.772920,0.671430,0.707101,0.797278,0.745534,0.785689,0.655013,0.575938,0.679885,0.652197,1.117233,1.258329,0.756536,0.842769,0.804882,0.977306,1.090204,1.201756,0.440527,0.778519,0.758431,0.732343,0.931551,0.899884,0.269601,0.302504,0.961524,0.521369,0.786641,0.349629,0.716413,0.712031,1.094183,0.444746,1.211379,1.265212,0.887224,0.680531,0.966543,0.965331,0.647219,0.746522,0.806781,0.859611
1.643783,1.389626,1.429860,1.546545,0.628722,0.672570,1.347786,1.473658,0.762509,0.995204,1.035451,1.152753,1.310937,1.195834,1.339694,1.125874,0.913076,0.842848,0.000000,1.919231,0.621117,0.505372,1.229233,1.016235,0.612316,0.585703,0.646495,0.591923,0.792399,0.620463,0.963817,0.947411,1.346107,1.465105,0.750907,0.757864,0.311327,0.595786,0.623706,0.561533,0.897749,0.868040,0.987542,0.936421,0.860067,1.110983,0.993315,1.066208,0.943158,1.153282,0.806036,0.922030,0.568475,0.747803,0.623189,0.900267,1.258501,1.283422,1.216101,1.340811,1.075351,1.347074,1.193936,1.165193,0.667049,1.040248,1.307074,1.332017,1.409582,1.347185,0.365956,0.359983,0.771771,0.517045,0.862850,0.514089,1.086832,0.954593,0.914986,0.185609,1.214157,1.006464,1.208969,0.864413,1.088140,1.088475,0.956614,1.014711,1.009455,1.276280
1.726964,1.717268,1.220904,1.514392,0.553885,0.629685,1.178969,1.491281,0.656550,0.927108,1.080916,1.448665,1.201813,1.265355,1.291774,1.269015,1.096952,1.093174,1.919231,0.000000,0.637218,0.493883,1.044102,0.941002,0.572508,0.555231,0.614633,0.562567,0.891432,0.753277,0.905808,0.890310,1.463658,1.672094,0.688706,0.685449,0.312038,0.623852,0.626935,0.593474,0.925247,0.965054,0.956175,0.970431,0.873524,1.124963,1.016394,1.048903,0.940126,1.203079,0.873694,0.962745,0.638009,0.770111,0.692999,0.901472,1.442065,1.572959,1.191757,1.372681,1.064192,1.434803,1.275401,1.355230,0.607380,1.050238,1.285304,1.308553,1.568628,1.502115,0.348914,0.344639,0.851394,0.574900,0.859484,0.521114,1.071390,0.972531,1.037021,0.223105,1.379683,1.218691,1.255535,0.922079,1.165115,1.184730,0.883004,0.997325,1.048557,1.321776
0.730279,0.728445,0.839013,0.753706,0.887415,0.951174,0.772910,0.661213,0.774497,0.734664,0.578019,0.641030,0.680918,0.743360,0.782422,0.851143,0.537048,0.538779,0.621117,0.637218,0.000000,1.579137,0.757505,0.728323,0.658747,0.656057,0.868363,0.918043,0.431761,0.449427,0.680322,0.704588,0.627164,0.709162,0.376518,0.136861,0.056745,0.499003,0.327884,0.270543,0.556431,0.617139,0.430507,0.382245,0.575498,0.546551,0.403906,0.469810,0.540882,0.628482,0.604829,0.683646,0.388726,0.643243,0.260916,0.394854,0.685668,0.708166,0.528862,0.545010,0.615761,0.632432,0.585077,0.712334,0.526125,0.574680,0.571235,0.541303,0.672800,0.656723,0.651174,0.645957,0.601696,0.715501,0.575254,0.513374,0.465957,0.462903,0.478096,0.180671,0.535150,0.556966,0.471788,0.352550,0.597415,0.649863,0.450551,0.595477,0.729280,0.827252
0.595477,0.556650,0.773833,0.652961,0.889611,0.963069,0.679875,0.529521,0.762250,0.734166,0.380659,0.456102,0.547767,0.606884,0.639377,0.711797,0.385423,0.359031,0.505372,0.493883,1.579137,0.000000,0.715920,0.716035,0.690597,0.710240,0.858687,0.984396,0.287997,0.335607,0.593956,0.607912,0.481251,0.555747,0.367081,0.108241,0.027330,0.428261,0.295127,0.257554,0.418186,0.568405,0.310557,0.257943,0.522608,0.451608,0.256336,0.343884,0.428140,0.481962,0.456665,0.483498,0.226916,0.499976,0.147366,0.268968,0.542855,0.544225,0.405932,0.437807,0.509692,0.490682,0.405479,0.508854,0.535250,0.457192,0.487139,0.457147,0.584521,0.556057,0.620665,0.726696,0.462145,0.690063,0.411484,0.448143,0.343507,0.350810,0.360787,0.101230,0.408002,0.423726,0.370899,0.308227,0.490573,0.526904,0.415359,0.520224,0.570434,0.680836
1.139679,0.967943,1.744938,1.317853,0.895299,0.863552,1.391611,1.076521,1.102336,1.054160,0.744409,0.752703,1.241060,1.040328,1.188241,0.992571,0.603934,0.591542,1.229233,1.044102,0.757505,0.715920,0.000000,1.477597,1.076637,0.986024,0.799998,0.753983,0.564943,0.468433,1.022243,0.957084,0.988481,1.036258,0.862862,0.605668,0.322728,0.506543,0.530298,0.487838,0.722284,0.699186,0.878350,0.749636,1.039285,0.994010,0.825442,0.966647,0.886843,0.954986,0.824359,0.786882,0.487571,0.741479,0.442452,0.696924,0.899081,0.933285,0.919912,0.909191,0.938971,0.911004,0.799130,0.765036,0.984128,0.803295,1.100114,1.053671,1.035301,1.005449,0.475864,0.593333,0.571554,0.448396,0.625331,0.447793,0.874459,0.858105,0.685805,0.282312,0.796026,0.761129,0.807811,0.669120,0.938955,0.958889,0.871177,0.913769,0.958406,1.106999
0.981750,0.893764,1.369701,1.482473,0.764461,0.907636,1.223162,1.155170,0.833611,0.971743,0.668904,0.795697,1.035775,1.186009,1.053670,1.102416,0.634104,0.614925,1.016235,0.941002,0.728323,0.716035,1.477597,0.000000,0.987949,1.105124,0.892633,0.880845,0.518014,0.416256,1.240518,1.132059,0.961199,1.021267,0.862000,0.678149,0.217540,0.501132,0.478940,0.542245,0.710256,0.751812,0.662617,0.601068,0.897728,0.841318,0.658396,0.719070,0.774315,0.837784,0.768985,0.783681,0.481608,0.674279,0.462676,0.635342,0.823898,0.880129,0.769359,0.897744,0.902665,0.964771,0.772224,0.800832,1.050774,0.949642,0.942535,0.962754,0.865596,0.846265,0.575636,0.685483,0.668543,0.499065,0.616955,0.430607,0.800238,0.820738,0.669489,0.238440,0.783749,0.783022,0.747943,0.659049,0.909091,1.019307,0.929950,0.916016,0.900953,1.033880
0.704087,0.644651,1.067379,0.745022,1.042191,0.840153,0.797562,0.571327,1.011342,0.716518,0.445645,0.411531,0.703227,0.618047,0.826720,0.668975,0.514869,0.404487,0.612316,0.572508,0.658747,0.690597,1.076637,0.987949,0.000000,1.575861,0.868799,0.764498,0.533275,0.397861,0.772949,0.781710,0.759297,0.734334,1.095271,0.593822,0.534798,0.609447,0.697688,0.666296,0.654970,0.773333,0.686620,0.582602,1.029291,0.788855,0.630165,0.727786,0.676957,0.735946,0.797707,0.731326,0.537403,0.750287,0.508782,0.675137,0.625268,0.673994,0.706763,0.668859,0.802556,0.606750,0.492351,0.501876,1.350857,0.630993,0.942549,0.841365,0.696995,0.664209,0.421798,0.514782,0.404292,0.421986,0.358554,0.358712,0.720352,0.826227,0.667467,0.332106,0.632781,0.686435,0.660278,0.678243,0.815957,0.771961,0.747431,0.731976,0.865301,0.854465
0.648332,0.607872,0.970364,0.808288,0.877717,0.782447,0.723069,0.611022,0.780377,0.686758,0.403919,0.403675,0.617425,0.636541,0.757246,0.668715,0.522619,0.413966,0.585703,0.555231,0.656057,0.710240,0.986024,1.105124,1.575861,0.000000,0.792654,0.789989,0.467389,0.329069,0.908624,0.893034,0.753509,0.729129,1.001512,0.616919,0.456463,0.614496,0.636328,0.682521,0.707413,0.764683,0.657012,0.582238,0.943374,0.729792,0.623567,0.658717,0.679930,0.707609,0.740373,0.729847,0.496673,0.697627,0.551963,0.653079,0.590401,0.631674,0.613801,0.657322,0.715235,0.615178,0.464688,0.507792,1.287856,0.665035,0.843132,0.805532,0.626305,0.620791,0.416633,0.542672,0.462971,0.418081,0.393064,0.414142,0.701448,0.788378,0.630077,0.259528,0.595597,0.640274,0.620594,0.593679,0.777695,0.756808,0.820498,0.750197,0.835534,0.790038
0.723494,0.679316,0.861896,0.779159,1.197526,1.542864,0.846746,0.663255,0.942287,0.778511,0.555934,0.576652,0.704207,0.736483,0.906000,0.786595,0.598681,0.457030,0.646495,0.614633,0.868363,0.858687,0.799998,0.892633,0.868799,0.792654,0.000000,1.665706,0.471767,0.415442,0.847996,0.754212,0.647888,0.678573,0.607524,0.380224,0.173664,0.416418,0.462168,0.495124,0.397273,0.641455,0.418650,0.355394,0.611610,0.552411,0.380892,0.463366,0.576215,0.668813,0.647660,0.732052,0.478841,0.663698,0.353440,0.460666,0.658791,0.665437,0.641731,0.664076,0.702213,0.723357,0.542969,0.640457,0.793680,0.718083,0.680609,0.645706,0.670524,0.641764,0.580953,0.544685,0.423131,0.489022,0.441008,0.268201,0.509996,0.589286,0.584351,0.088472,0.594416,0.613154,0.643918,0.572349,0.688458,0.679395,0.650872,0.632141,0.778920,0.802048
0.653298,0.606680,0.774258,0.746397,1.044223,1.356142,0.774308,0.608430,0.813772,0.740108,0.483257,0.523480,0.647727,0.733732,0.848478,0.738006,0.560514,0.448636,0.591923,0.562567,0.918043,0.984396,0.753983,0.880845,0.764498,0.789989,1.665706,0.000000,0.461559,0.397118,0.886185,0.769447,0.599911,0.619065,0.508784,0.336338,0.105103,0.377823,0.405744,0.504735,0.378789,0.602818,0.337176,0.290870,0.561732,0.489258,0.322892,0.383650,0.504146,0.555186,0.543087,0.619313,0.357293,0.503595,0.293222,0.356768,0.594629,0.604838,0.533095,0.582662,0.640500,0.659527,0.508563,0.584544,0.718583,0.668818,0.605613,0.579952,0.620549,0.583107,0.528276,0.555699,0.436304,0.498614,0.434863,0.292440,0.424491,0.478619,0.530550,0.105513,0.541626,0.567887,0.555255,0.483005,0.622259,0.631653,0.621608,0.648051,0.684413,0.728167
0.920463,0.996550,0.639040,0.729207,0.453499,0.416224,0.664325,0.746121,0.491799,0.553582,0.921337,0.930600,0.783988,0.816478,1.030246,0.817192,1.245019,1.033821,0.792399,0.891432,0.431761,0.287997,0.564943,0.518014,0.533275,0.467389,0.471767,0.461559,0.000000,1.150085,0.717849,0.782490,1.035136,1.024896,0.621527,0.578109,0.511123,0.584794,0.725847,0.772804,0.662796,0.879957,0.733076,0.827843,0.738146,0.808533,0.824245,0.744371,0.724725,0.810904,0.743688,0.755442,0.675170,0.613196,0.739082,0.755350,0.983603,1.065070,0.857289,0.846649,0.920885,0.920599,0.953661,0.966470,0.520302,0.812356,0.908903,0.840705,0.901399,0.858716,0.163437,0.203050,0.740444,0.436801,0.692713,0.319404,0.738041,0.662488,1.444736,0.420151,1.242187,1.262671,1.045501,0.945552,0.938726,1.007240,0.727028,0.744254,0.827348,0.925504
0.766036,0.826206,0.539221,0.575946,0.426971,0.455129,0.563193,0.637831,0.468006,0.593277,0.897877,0.923633,0.693743,0.706645,0.799174,0.819582,0.939772,0.925032,0.620463,0.753277,0.449427,0.335607,0.468433,0.416256,0.397861,0.329069,0.415442,0.397118,1.150085,0.000000,0.621739,0.638916,0.767941,0.824334,0.412380,0.398272,0.285465,0.459567,0.432013,0.447990,0.456343,0.662300,0.542860,0.626225,0.584360,0.671012,0.590352,0.608024,0.568637,0.625167,0.583600,0.554005,0.406974,0.401574,0.434074,0.459291,0.821836,0.846521,0.636451,0.663883,0.696349,0.762377,0.823595,0.822716,0.302982,0.621183,0.642642,0.641092,0.779645,0.747983,0.291666,0.332280,0.521040,0.542082,0.586658,0.264555,0.591619,0.544790,1.082602,0.632555,0.935759,1.159141,0.713014,0.674879,0.729715,0.836679,0.461752,0.526945,0.575461,0.718410
0.901972,0.817111,1.028471,1.141584,0.664081,0.855485,0.975388,0.999783,0.661917,0.777497,0.758427,0.865082,0.908083,1.117771,1.035019,0.992811,0.793545,0.738634,0.963817,0.905808,0.680322,0.593956,1.022243,1.240518,0.772949,0.908624,0.847996,0.886185,0.717849,0.621739,0.000000,1.532100,1.006052,0.950199,0.717430,0.648184,0.238163,0.503539,0.500358,0.628337,0.725724,0.701858,0.650897,0.639674,0.840025,0.818730,0.717555,0.721620,0.811723,0.816966,0.744095,0.784638,0.477856,0.574954,0.608995,0.678103,0.765060,0.813079,0.737672,0.851625,0.764906,0.918294,0.847549,0.816136,0.816218,0.846899,0.887857,0.889188,0.786585,0.765263,0.570811,0.564515,0.728175,0.473703,0.725888,0.418741,0.870820,0.871421,0.817282,0.334636,0.891226,0.900161,0.802893,0.678321,0.866977,0.996574,0.954935,0.899638,0.813683,0.939134
0.905725,0.847404,1.005223,1.111762,0.641280,0.780186,0.954309,0.998600,0.659555,0.782891,0.734850,0.881418,0.896302,1.059223,1.009733,1.021517,0.796826,0.712297,0.947411,0.890310,0.704588,0.607912,0.957084,1.132059,0.781710,0.893034,0.754212,0.769447,0.782490,0.638916,1.532100,0.000000,0.958514,0.960392,0.758453,0.665963,0.269510,0.546473,0.565692,0.603461,0.744286,0.763528,0.639213,0.667495,0.811828,0.804464,0.686955,0.712788,0.708456,0.755731,0.681373,0.730099,0.474178,0.531606,0.570498,0.627054,0.749027,0.806594,0.685718,0.771681,0.804387,0.902602,0.823259,0.825929,0.784590,0.907538,0.858254,0.861728,0.752475,0.700940,0.559035,0.555443,0.800359,0.539973,0.771406,0.423413,0.828436,0.774677,0.833654,0.292426,0.913223,0.898371,0.804202,0.745112,0.841229,1.018512,0.860066,0.876041,0.798641,0.938935
1.549470,1.424323,1.190828,1.296900,0.610696,0.614701,1.101809,1.184944,0.670805,0.823187,1.029190,1.112286,1.115219,1.149790,1.323873,1.123382,1.231564,1.036203,1.346107,1.463658,0.627164,0.481251,0.988481,0.961199,0.759297,0.753509,0.647888,0.599911,1.035136,0.767941,1.006052,0.958514,0.000000,2.067620,0.938752,0.846821,0.438986,0.828263,0.813340,0.840995,1.043230,1.108185,1.026228,1.065049,1.105692,1.235284,1.144922,1.104249,1.054143,1.213862,1.056930,1.105633,0.819912,0.919152,0.903811,1.092985,1.484429,1.520123,1.305624,1.358586,1.333875,1.426345,1.343992,1.301021,0.891067,1.221236,1.549976,1.477125,1.340346,1.278025,0.272385,0.300701,0.835033,0.547966,0.766596,0.471605,1.240088,1.172721,1.277126,0.316741,1.545052,1.390195,1.367072,1.001770,1.460103,1.519357,1.098579,1.244542,1.234294,1.404846
1.778358,1.725634,1.289098,1.480383,0.656400,0.678686,1.192008,1.373943,0.723746,0.930147,1.067740,1.268316,1.160990,1.246040,1.405998,1.321157,1.260467,1.073948,1.465105,1.672094,0.709162,0.555747,1.036258,1.021267,0.734334,0.729129,0.678573,0.619065,1.024896,0.824334,0.950199,0.960392,2.067620,0.000000,0.902952,0.793627,0.377454,0.813735,0.733757,0.697049,1.017183,1.122905,1.048266,1.049054,1.086996,1.278880,1.086263,1.081924,1.084551,1.285473,1.049347,1.106493,0.780973,0.939966,0.790740,0.992907,1.701834,1.740977,1.330154,1.429129,1.348637,1.540390,1.378490,1.454745,0.807020,1.234150,1.506322,1.513149,1.455074,1.398522,0.322478,0.344876,0.842262,0.576015,0.798326,0.480732,1.175432,1.041122,1.230072,0.301323,1.582312,1.445627,1.375154,1.006658,1.431283,1.552957,1.009391,1.202495,1.278079,1.546355
0.754173,0.700288,0.972868,0.777756,0.717515,0.605695,0.827245,0.739173,0.774892,0.758943,0.520361,0.510393,0.732993,0.651317,0.840275,0.686356,0.701112,0.465559,0.750907,0.688706,0.376518,0.367081,0.862862,0.862000,1.095271,1.001512,0.607524,0.508784,0.621527,0.412380,0.717430,0.758453,0.938752,0.902952,0.000000,1.195819,0.589260,0.715926,0.829006,0.753195,0.851768,0.803825,0.905778,0.810789,1.181105,1.036395,0.848377,0.865427,0.898859,0.871297,0.863510,0.792742,0.687574,0.807552,0.763488,0.933625,0.675496,0.693887,0.907772,0.801588,1.030691,0.804828,0.674603,0.580167,1.381219,0.902418,1.184572,1.114646,0.694769,0.685950,0.204358,0.219531,0.486728,0.336058,0.472712,0.276237,0.939142,0.965875,0.787589,0.215871,0.837750,0.817319,0.906616,0.837951,0.994017,0.974461,0.949205,0.852392,0.998263,0.927945
0.648126,0.571019,0.747656,0.747671,0.446835,0.410504,0.701110,0.758227,0.496539,0.638104,0.533155,0.523780,0.652761,0.628492,0.716543,0.636183,0.614384,0.406293,0.757864,0.685449,0.136861,0.108241,0.605668,0.678149,0.593822,0.616919,0.380224,0.336338,0.578109,0.398272,0.648184,0.665963,0.846821,0.793627,1.195819,0.000000,0.560210,0.580972,0.648741,0.693601,0.738484,0.712350,0.778648,0.812178,0.823122,0.900142,0.800275,0.775510,0.725819,0.730181,0.628803,0.691571,0.511996,0.521575,0.739391,0.850411,0.578133,0.567147,0.837072,0.800376,0.864816,0.771673,0.716411,0.532487,0.833126,0.913004,0.968042,1.050838,0.561547,0.571378,0.136566,0.172386,0.460678,0.303767,0.437851,0.279708,0.946157,0.879164,0.718845,0.146510,0.760820,0.684046,0.844665,0.762131,0.800839,0.868313,0.906264,0.773953,0.707678,0.788199
0.310971,0.298314,0.329375,0.249187,0.307892,0.151190,0.176958,0.167989,0.268245,0.210679,0.165884,0.156093,0.232479,0.162044,0.364958,0.194831,0.358226,0.198726,0.311327,0.312038,0.056745,0.027330,0.322728,0.217540,0.534798,0.456463,0.173664,0.105103,0.511123,0.285465,0.238163,0.269510,0.438986,0.377454,0.589260,0.560210,0.000000,0.660070,0.915635,0.901282,0.492450,0.611295,0.600211,0.559708,0.559707,0.499977,0.649833,0.594696,0.471066,0.478888,0.504900,0.452616,0.544921,0.544447,0.676482,0.773951,0.379520,0.373350,0.546805,0.466173,0.433804,0.310226,0.219966,0.217712,0.521995,0.301739,0.637576,0.601566,0.378086,0.396004,0.031130,0.067652,0.106464,0.081212,0.132633,0.161835,0.567081,0.540546,0.566140,0.260869,0.467034,0.470242,0.491329,0.540376,0.534781,0.427569,0.513703,0.428814,0.539991,0.464155
0.696808,0.731321,0.615167,0.588302,0.451963,0.442578,0.453657,0.497242,0.360787,0.498200,0.454787,0.516891,0.495133,0.470251,0.674352,0.654746,0.744483,0.583329,0.595786,0.623852,0.499003,0.428261,0.506543,0.501132,0.609447,0.614496,0.416418,0.377823,0.584794,0.459567,0.503539,0.546473,0.828263,0.813735,0.715926,0.580972,0.660070,0.000000,0.956350,0.841060,0.960138,0.920532,0.681495,0.707331,0.801867,0.755662,0.784032,0.712045,0.673142,0.713004,0.713577,0.713383,0.726491,0.808487,0.804363,0.969418,0.783491,0.765326,0.731439,0.789399,0.710802,0.685425,0.617735,0.676963,0.644020,0.601764,0.824498,0.835643,0.648628,0.676221,0.273090,0.252145,0.567451,0.441395,0.454712,0.400025,0.803199,0.840968,0.699747,0.319259,0.821909,0.803159,0.714601,0.602687,0.883748,0.779932,0.760176,0.864814,0.836618,0.874171
0.673682,0.662833,0.610896,0.558408,0.466945,0.394864,0.456717,0.469753,0.419729,0.506327,0.404538,0.479770,0.462288,0.457099,0.673610,0.543930,0.748259,0.489485,0.623706,0.626935,0.327884,0.295127,0.530298,0.478940,0.697688,0.636328,0.462168,0.405744,0.725847,0.432013,0.500358,0.565692,0.813340,0.733757,0.829006,0.648741,0.915635,0.956350,0.000000,1.229776,0.871501,0.972543,0.769294,0.769866,0.767218,0.758761,0.822204,0.752226,0.716717,0.758927,0.765002,0.705417,0.859329,0.813000,1.038752,0.999298,0.733633,0.702099,0.840146,0.773404,0.766793,0.705118,0.536120,0.588191,0.733175,0.647569,0.946581,0.871943,0.652743,0.660079,0.069406,0.122775,0.412716,0.265937,0.319157,0.189626,0.770630,0.819421,0.823627,0.171203,0.875717,0.779484,0.929692,0.946509,0.875308,0.703382,0.776427,0.857670,0.859255,0.815274
0.623340,0.608314,0.556076,0.564127,0.418713,0.388142,0.432071,0.467355,0.340073,0.432681,0.384025,0.473319,0.482541,0.540639,0.669089,0.519059,0.734703,0.509356,0.561533,0.593474,0.270543,0.257554,0.487838,0.542245,0.666296,0.682521,0.495124,0.504735,0.772804,0.447990,0.628337,0.603461,0.840995,0.697049,0.753195,0.693601,0.901282,0.841060,1.229776,0.000000,0.687235,1.067830,0.620731,0.681936,0.729454,0.692058,0.786664,0.676556,0.652836,0.668930,0.710823,0.666926,0.796426,0.685213,1.008309,0.934256,0.686735,0.696237,0.753210,0.757126,0.723853,0.683061,0.530956,0.586970,0.750942,0.667761,0.878348,0.837090,0.635424,0.632719,0.111394,0.192507,0.388284,0.287204,0.356996,0.245711,0.750022,0.830391,0.868380,0.200609,0.847585,0.850801,0.876580,0.942660,0.860607,0.756756,0.874839,0.804045,0.753184,0.758716
0.890603,0.932874,0.872378,0.859097,0.475039,0.457240,0.701742,0.837927,0.483154,0.675031,0.690553,0.803252,0.688197,0.721329,0.843736,0.854350,0.874552,0.800879,0.897749,0.925247,0.556431,0.418186,0.722284,0.710256,0.654970,0.707413,0.397273,0.378789,0.662796,0.456343,0.725724,0.744286,1.043230,1.017183,0.851768,0.738484,0.492450,0.960138,0.871501,0.687235,0.000000,0.978811,0.887235,0.890277,0.934945,1.028698,0.976019,0.875488,0.891785,1.001949,0.903999,0.988771,0.746900,0.838239,0.952011,1.058527,0.875387,0.909443,0.925976,0.966190,0.860274,0.918920,0.899694,0.865300,0.723194,0.867220,1.029757,1.031279,0.801280,0.826609,0.248506,0.219955,0.905344,0.524527,0.686095,0.511479,1.031451,1.024547,0.840936,0.241567,1.046315,0.911312,0.905207,0.725587,1.083912,0.971449,0.849850,0.984338,1.031417,1.051713
1.007040,1.030664,0.895299,0.882340,0.667188,0.639569,0.747125,0.841534,0.611308,0.755974,0.683562,0.893259,0.769474,0.878988,0.999489,0.981204,0.941585,0.723739,0.868040,0.965054,0.617139,0.568405,0.699186,0.751812,0.773333,0.764683,0.641455,0.602818,0.879957,0.662300,0.701858,0.763528,1.108185,1.122905,0.803825,0.712350,0.611295,0.920532,0.972543,1.067830,0.978811,0.000000,0.806026,0.847008,0.925085,1.021158,0.844876,0.840663,0.843740,1.040503,0.927857,0.999278,0.792494,0.893639,0.849403,0.943279,1.077321,1.072524,0.961082,1.060799,0.995551,1.027438,0.900377,1.029020,0.712428,0.985646,1.109110,1.115553,0.982876,0.972860,0.328285,0.339732,0.631763,0.663938,0.665111,0.539539,0.932454,0.969353,1.079791,0.182324,1.198601,1.165194,1.219703,1.188611,1.109335,1.104756,0.820128,1.027291,1.008713,1.242341
0.950625,0.935588,0.945736,0.870832,0.509800,0.435225,0.845853,0.877751,0.609842,0.692702,0.710230,0.716629,0.851664,0.717587,0.894650,0.769422,0.737864,0.609339,0.987542,0.956175,0.430507,0.310557,0.878350,0.662617,0.686620,0.657012,0.418650,0.337176,0.733076,0.542860,0.650897,0.639213,1.026228,1.048266,0.905778,0.778648,0.600211,0.681495,0.769294,0.620731,0.887235,0.806026,0.000000,1.632494,1.313145,1.486197,1.548089,1.571856,1.507832,1.420342,1.260645,1.086198,0.936391,1.104289,0.912580,1.208206,0.920089,0.886783,1.336009,1.019832,0.976612,0.907381,0.847424,0.802029,0.743436,0.744801,1.293912,1.175393,0.835311,0.847477,0.179778,0.149647,0.510886,0.280207,0.643844,0.414478,1.142800,0.983951,0.791208,0.193561,0.882385,0.828663,1.052088,0.841765,1.004245,0.886405,0.834830,0.811039,1.059069,1.046160
0.950211,0.957194,0.844493,0.832673,0.404201,0.344021,0.766100,0.842881,0.465223,0.616208,0.759091,0.774704,0.821632,0.751136,0.850177,0.789230,0.866435,0.746089,0.936421,0.970431,0.382245,0.257943,0.749636,0.601068,0.582602,0.582238,0.355394,0.290870,0.827843,0.626225,0.639674,0.667495,1.065049,1.049054,0.810789,0.812178,0.559708,0.707331,0.769866,0.681936,0.890277,0.847008,1.632494,0.000000,1.209144,1.427009,1.509544,1.530787,1.282132,1.185599,1.104506,1.045575,0.935027,0.943201,1.016317,1.156944,0.918903,0.902599,1.207544,0.917911,0.893935,0.871815,0.890998,0.823368,0.629085,0.768213,1.135089,1.057234,0.833262,0.829108,0.126844,0.160994,0.586468,0.312390,0.625695,0.337024,1.091406,0.975172,0.910030,0.224347,0.977907,0.881048,1.119870,0.919943,1.028646,0.950227,0.834063,0.869977,0.934712,1.002002
1.002333,0.938747,1.094693,0.898426,0.712226,0.644146,0.967752,0.869901,0.778750,0.820476,0.705869,0.715694,0.954304,0.850281,1.006360,0.890052,0.814401,0.688749,0.860067,0.873524,0.575498,0.522608,1.039285,0.897728,1.029291,0.943374,0.611610,0.561732,0.738146,0.584360,0.840025,0.811828,1.105692,1.086996,1.181105,0.823122,0.559707,0.801867,0.767218,0.729454,0.934945,0.925085,1.313145,1.209144,0.000000,1.725723,1.262501,1.348160,1.396140,1.245174,1.311481,1.045423,0.862109,1.033493,0.842221,1.028400,0.941285,0.921405,1.169364,0.926166,1.121796,0.915975,0.858881,0.783359,1.114522,0.863638,1.344542,1.200734,0.872843,0.874875,0.285957,0.318829,0.553432,0.396824,0.625349,0.400223,1.063898,1.082548,0.871813,0.333863,0.963858,0.985979,1.003611,0.892222,1.205788,1.150384,0.970733,1.010600,1.202960,1.156606
1.204470,1.144828,1.165927,1.070258,0.651916,0.614696,1.075169,1.136372,0.767878,0.943407,0.881631,0.962492,1.073467,1.038334,1.086556,1.074991,0.924910,0.765639,1.110983,1.124963,0.546551,0.451608,0.994010,0.841318,0.788855,0.729792,0.552411,0.489258,0.808533,0.671012,0.818730,0.804464,1.235284,1.278880,1.036395,0.900142,0.499977,0.755662,0.758761,0.692058,1.028698,1.021158,1.486197,1.427009,1.725723,0.000000,1.437133,1.637925,1.530461,1.614523,1.322206,1.217674,0.919822,1.038663,0.927895,1.171728,1.079771,1.068711,1.466387,1.164817,1.214053,1.176170,1.060928,0.969133,0.850402,1.044025,1.480174,1.430743,0.982919,1.010417,0.282046,0.257201,0.632964,0.476229,0.709670,0.464062,1.203516,1.114239,0.933018,0.215401,1.142201,1.074633,1.228158,1.010081,1.291825,1.257433,0.983600,1.086493,1.180200,1.348510
1.042903,1.016538,0.902789,0.884732,0.450557,0.387040,0.803821,0.884983,0.516963,0.668228,0.791437,0.774170,0.897626,0.790397,0.942268,0.791108,0.885660,0.772920,0.993315,1.016394,0.403906,0.256336,0.825442,0.658396,0.630165,0.623567,0.380892,0.322892,0.824245,0.590352,0.717555,0.686955,1.144922,1.086263,0.848377,0.800275,0.649833,0.784032,0.822204,0.786664,0.976019,0.844876,1.548089,1.509544,1.262501,1.437133,0.000000,1.821403,1.277491,1.241933,1.153759,1.029261,0.975596,0.984709,1.097148,1.351429,1.027756,0.995696,1.316100,1.077987,0.985541,0.994169,0.923505,0.854141,0.743473,0.829310,1.292097,1.224916,0.904369,0.944370,0.134291,0.159431,0.604192,0.304001,0.686895,0.370824,1.115639,0.997300,0.904804,0.312921,1.028091,0.991523,1.050009,0.803068,1.127368,0.989642,0.973943,0.925743,1.065450,1.057540
1.111625,1.032525,1.037673,0.922265,0.553439,0.487710,0.913974,0.911004,0.653431,0.736755,0.827076,0.789777,0.993774,0.861393,0.985268,0.853880,0.799486,0.671430,1.066208,1.048903,0.469810,0.343884,0.966647,0.719070,0.727786,0.658717,0.463366,0.383650,0.744371,0.608024,0.721620,0.712788,1.104249,1.081924,0.865427,0.775510,0.594696,0.712045,0.752226,0.676556,0.875488,0.840663,1.571856,1.530787,1.348160,1.637925,1.821403,0.000000,1.273917,1.302025,1.149461,1.036367,0.872579,0.991886,0.945154,1.261280,0.982007,0.970003,1.335035,1.025372,0.980780,0.963504,0.871558,0.805886,0.743752,0.825637,1.316460,1.235237,0.950362,0.955592,0.236555,0.215858,0.519711,0.340341,0.676018,0.394234,1.119896,1.032696,0.836644,0.281303,0.967267,0.923055,1.025349,0.814207,1.101775,0.997545,0.924173,0.925209,1.058292,1.104530
0.971438,0.955962,0.985175,0.923941,0.614933,0.570906,0.935060,0.969980,0.668079,0.770645,0.787279,0.832719,0.878422,0.893843,0.943856,0.895365,0.872227,0.707101,0.943158,0.940126,0.540882,0.428140,0.886843,0.774315,0.676957,0.679930,0.576215,0.504146,0.724725,0.568637,0.811723,0.708456,1.054143,1.084551,0.898859,0.725819,0.471066,0.673142,0.716717,0.652836,0.891785,0.843740,1.507832,1.282132,1.396140,1.530461,1.277491,1.273917,0.000000,1.615175,1.601079,1.268512,1.074871,1.311667,0.958442,1.150917,0.936719,0.904410,1.377942,0.995935,1.003251,0.993816,0.885209,0.869077,0.777490,0.837337,1.210241,1.100700,0.796071,0.833153,0.254503,0.206346,0.538110,0.359352,0.712849,0.389059,1.031292,0.991090,0.837598,0.163510,0.963932,0.910211,1.080370,0.895599,1.127287,1.036786,0.867825,0.931826,1.119551,1.144184
