0.000000,1.470003,0.522674,0.470189,-0.023085,-0.133882,0.615227,0.477760,-0.064318,-0.289312,0.700206,0.730275,0.710380,0.767425,0.674665,0.334800,0.995735,0.928742,0.919283,0.902661,0.456953,0.435308,0.319062,0.203001,0.222508,0.061157,0.370711,0.327331,0.917580,0.683590,0.456779,0.586295,0.899579,0.914596,0.235664,0.224913,0.336383,0.304337,0.730242,0.560612,0.351010,0.356950,0.155563,0.402041,0.828640,0.750238,0.344006,0.457687,0.497978,0.539938,0.672381,0.535510,0.479587,0.466554,0.768924,0.626922,1.221689,0.991899,0.851422,0.703558,0.850892,0.867796,0.626128,0.869473,0.260605,0.341314,0.789532,0.638493,0.744622,0.377193,0.516028,0.576547,0.757130,0.522530,0.355050,0.215539,-0.151372,-0.228748,0.960869,0.861281,1.056102,0.979937,0.477529,0.348641,1.042738,0.868995,0.326566,0.410579,0.773047,0.831284
1.470003,0.000000,0.352050,0.418439,-0.013299,-0.122787,0.365884,0.435179,-0.003818,-0.285629,0.478055,0.626660,0.419847,0.639488,0.448233,0.271224,1.088591,1.046918,0.648959,1.131863,0.377250,0.436635,0.148306,0.038245,0.084916,0.004179,0.318075,0.289780,0.840310,0.747325,0.379279,0.483412,0.878354,0.961196,0.086698,0.054520,0.321759,0.342567,0.619363,0.531255,0.248511,0.356652,0.197347,0.445534,0.839676,0.786260,0.399862,0.539538,0.564164,0.581291,0.642245,0.577394,0.448208,0.501779,0.758024,0.699223,1.430185,1.328227,0.868306,0.854508,0.809931,0.945340,0.683417,1.126951,0.044734,0.182071,0.754585,0.733930,0.877767,0.534045,0.298340,0.412753,0.625553,0.487345,0.249579,0.163325,-0.220038,-0.237884,1.026893,0.933133,1.085946,1.108573,0.418155,0.399393,0.843195,0.801028,0.293009,0.430938,0.735875,0.808258
0.522674,0.352050,0.000000,0.985664,0.155437,-0.028216,1.152622,0.609663,0.318735,0.098822,0.491128,0.404069,0.372179,0.367026,0.641336,0.462629,0.252043,0.197660,0.988328,0.471106,0.299270,0.163946,0.963239,0.768355,0.314496,0.219944,0.304890,0.218975,0.353121,0.221498,0.324860,0.425286,0.537785,0.445054,0.454310,0.330126,0.088111,0.373493,0.400570,0.295392,0.094192,0.035771,0.097157,0.230618,0.296631,0.352183,0.220217,0.304401,0.223566,0.249361,0.507956,0.431787,0.363284,0.480535,0.502962,0.479499,0.325909,0.273073,0.288567,0.276428,0.330900,0.359852,0.183617,0.224386,0.647086,0.485844,0.412716,0.375322,0.308003,0.215447,0.470326,0.345280,0.242104,0.146096,0.184039,0.093356,0.047662,0.061617,0.323296,0.222145,0.458737,0.332599,0.560327,0.182905,0.836741,0.611112,0.179886,0.258079,0.526695,0.563498
0.470189,0.418439,0.985664,0.000000,0.333459,0.227624,0.872337,1.297297,0.557123,0.416968,0.578720,0.675641,0.282975,0.522040,0.616358,0.727756,0.394703,0.346862,0.676462,0.653144,0.302522,0.246161,0.717545,0.706857,0.066309,0.051529,0.130980,0.145543,0.559379,0.531554,0.466732,0.654061,0.565932,0.639979,0.238564,0.214320,0.149860,0.548899,0.223036,0.335328,0.263883,0.382329,0.325800,0.356422,0.289142,0.410606,0.403400,0.461161,0.321613,0.276117,0.485456,0.470484,0.395665,0.489519,0.526817,0.492437,0.394584,0.297857,0.302399,0.392126,0.501016,0.681135,0.446506,0.508705,0.456574,0.628927,0.360045,0.388108,0.235935,0.137848,0.277777,0.299896,0.414409,0.406693,0.410651,0.343228,0.176450,0.196673,0.373458,0.223226,0.550135,0.561128,0.520957,0.257436,0.612017,0.649117,0.033979,0.248524,0.488087,0.553250
-0.023085,-0.013299,0.155437,0.333459,0.000000,0.861191,0.357090,0.531749,0.849903,0.660638,0.203972,0.191766,0.090098,0.090837,0.236822,0.355016,-0.000066,0.002084,0.120859,0.098553,0.469418,0.327100,0.249822,0.131174,0.244392,0.498801,0.379624,0.477710,0.201056,0.194763,0.469114,0.268253,0.200803,0.211460,0.136318,0.269012,0.317223,0.439229,0.024942,0.279419,0.159945,0.250130,0.487981,0.266817,-0.022540,0.105873,0.356394,0.295580,0.148317,0.087922,0.167807,0.203146,0.209899,0.246573,0.173647,0.150976,-0.010098,-0.050250,0.084476,0.108338,0.275768,0.261815,0.107322,0.156966,0.274075,0.415702,0.124807,0.105874,-0.017559,-0.033812,0.056312,0.103415,0.174693,0.209479,0.285976,0.391283,0.339575,0.268819,0.004886,-0.100952,0.097185,0.196306,0.100393,0.029775,0.043459,0.095733,-0.081629,0.064316,0.047511,0.068583
-0.133882,-0.122787,-0.028216,0.227624,0.861191,0.000000,0.091802,0.319027,0.478665,0.880886,0.184313,0.175899,0.030529,0.143499,0.052452,0.386168,0.108218,-0.016638,0.047845,0.067454,0.264727,0.296740,0.207682,0.164020,0.159299,0.407651,0.105048,0.351034,0.123199,0.219298,0.389549,0.384246,0.045120,0.141611,0.051149,0.153230,0.163717,0.296036,-0.017127,0.047948,0.185652,0.263353,0.328569,0.194103,-0.092657,-0.016902,0.199409,0.147113,0.141380,0.021725,0.011728,0.060991,0.090017,0.013434,0.028458,0.001061,-0.161465,-0.251625,-0.099182,-0.106784,0.049500,0.163803,0.003932,0.121450,0.222687,0.358266,-0.087110,-0.135441,-0.187841,-0.224540,0.076775,0.172453,0.203759,0.307213,0.289338,0.430304,0.380110,0.290373,-0.075826,-0.112163,-0.077432,0.090224,-0.018583,-0.028705,-0.165638,-0.136944,-0.192381,-0.152156,-0.222378,-0.149758
0.615227,0.365884,1.152622,0.872337,0.357090,0.091802,0.000000,0.862404,0.373598,0.183872,0.855542,0.582357,0.763800,0.539944,0.858110,0.530731,0.256128,0.221524,1.008137,0.392906,0.485785,0.300565,0.982499,0.700799,0.385834,0.278137,0.377057,0.284933,0.542232,0.304382,0.516899,0.525200,0.680184,0.566523,0.410318,0.498892,0.274027,0.312763,0.375414,0.420468,0.151652,0.064763,0.202642,0.252878,0.319112,0.412872,0.292088,0.346750,0.211267,0.251154,0.523965,0.356142,0.339869,0.477825,0.547811,0.468350,0.373495,0.334079,0.400815,0.417368,0.682463,0.618576,0.281653,0.310893,0.801214,0.774633,0.540098,0.466677,0.322838,0.196075,0.573629,0.442719,0.381923,0.214124,0.334256,0.189421,0.088373,0.111401,0.386194,0.306402,0.520716,0.466034,0.532658,0.202011,0.856489,0.708005,0.240327,0.358995,0.704245,0.707697
0.477760,0.435179,0.609663,1.297297,0.531749,0.319027,0.862404,0.000000,0.635943,0.516314,0.698850,0.928757,0.400433,0.582254,0.579535,0.655286,0.343265,0.371034,0.529187,0.578332,0.370274,0.261756,0.507315,0.545893,0.034237,0.110937,0.158491,0.148157,0.658026,0.611171,0.485975,0.563157,0.571784,0.701031,0.115759,0.226127,0.286899,0.539737,0.162796,0.392360,0.244420,0.350487,0.376492,0.347109,0.271438,0.423412,0.405936,0.447117,0.290386,0.284966,0.377304,0.352463,0.316460,0.399318,0.453934,0.432245,0.402121,0.324158,0.372345,0.538841,0.769045,0.972441,0.509033,0.608977,0.448071,0.833055,0.353043,0.410766,0.245414,0.172575,0.217230,0.265911,0.385535,0.349034,0.419134,0.338262,0.141437,0.196394,0.418425,0.257017,0.566289,0.643893,0.481241,0.334248,0.587134,0.639623,0.089281,0.358668,0.640121,0.662433
-0.064318,-0.003818,0.318735,0.557123,0.849903,0.478665,0.373598,0.635943,0.000000,0.698855,0.207919,0.210852,-0.032741,0.009202,0.224513,0.283690,-0.049368,-0.069273,0.130884,0.140051,0.174905,0.019910,0.206448,0.129878,-0.097822,0.156014,-0.029492,0.009587,0.109958,0.099635,0.099537,0.026309,0.117851,0.117244,-0.078680,-0.038665,0.091333,0.513269,-0.131803,0.212134,0.060799,0.240958,0.453078,0.291211,-0.042296,0.140841,0.356028,0.376065,0.258680,0.260401,0.207159,0.336335,0.205736,0.259216,0.210527,0.315855,-0.051689,-0.096061,0.194606,0.235747,0.248746,0.277980,0.133672,0.142210,0.079844,0.223826,-0.004016,0.118891,-0.099870,-0.076689,-0.160986,-0.126102,0.060670,0.194368,0.359650,0.453326,0.315289,0.362285,-0.027745,-0.197825,0.062768,0.122333,0.232744,0.058324,0.000850,0.090707,-0.137321,0.135957,0.160587,0.168308
-0.289312,-0.285629,0.098822,0.416968,0.660638,0.880886,0.183872,0.516314,0.698855,0.000000,0.185983,0.260570,-0.087258,0.127576,-0.012462,0.557329,-0.143813,-0.123135,0.017763,-0.044534,0.090096,0.027491,0.224942,0.290662,-0.109553,0.167777,-0.145610,0.016460,0.076871,0.162607,0.253912,0.201869,-0.066047,0.047111,-0.104736,0.046299,0.167438,0.485317,-0.195997,0.053317,0.117146,0.210179,0.352829,0.081796,-0.326477,-0.197235,0.190722,0.093780,-0.011490,-0.073885,-0.133489,-0.081013,-0.046611,-0.077951,-0.097096,-0.076866,-0.337463,-0.390106,-0.221996,-0.175947,0.017117,0.133420,-0.023544,-0.029527,0.234814,0.405904,-0.354587,-0.307356,-0.357147,-0.269378,-0.090811,-0.031837,0.001743,0.160108,0.285236,0.389994,0.481450,0.518455,-0.203731,-0.266547,-0.206966,-0.061702,0.055823,-0.052240,-0.290450,-0.257921,-0.328170,-0.195158,-0.243737,-0.206965
0.700206,0.478055,0.491128,0.578720,0.203972,0.184313,0.855542,0.698850,0.207919,0.185983,0.000000,1.067098,1.156835,1.002466,0.782979,0.640439,0.452863,0.375254,0.709497,0.372104,0.496514,0.330725,0.585618,0.497066,0.161832,0.069976,0.240350,0.264005,0.796198,0.516374,0.449853,0.583531,0.561193,0.615262,0.358713,0.342517,0.271631,0.362881,0.361898,0.474043,0.357009,0.312456,0.223328,0.264026,0.333438,0.365427,0.265286,0.353141,0.250728,0.218472,0.374146,0.245992,0.282750,0.338760,0.451378,0.377418,0.454956,0.389858,0.406841,0.364787,0.844426,0.815443,0.545199,0.579083,0.633128,0.661636,0.439011,0.376487,0.259591,0.078022,0.572911,0.499229,0.610231,0.472090,0.561380,0.384103,0.211399,0.198263,0.521845,0.425047,0.567316,0.581679,0.489761,0.264229,0.618170,0.559848,0.140566,0.268792,0.473382,0.557242
0.730275,0.626660,0.404069,0.675641,0.191766,0.175899,0.582357,0.928757,0.210852,0.260570,1.067098,0.000000,0.619961,1.059954,0.544932,0.697972,0.570910,0.620703,0.536284,0.555068,0.378429,0.307638,0.378269,0.476687,0.012952,0.006097,0.167907,0.237437,0.906798,0.786186,0.472835,0.628423,0.579445,0.800719,0.228647,0.225976,0.285924,0.510582,0.379824,0.488807,0.330409,0.410942,0.299436,0.339818,0.396539,0.423258,0.343657,0.380777,0.351503,0.317847,0.396737,0.292271,0.410276,0.348178,0.495501,0.382432,0.566217,0.457193,0.436474,0.421897,0.831994,1.011511,0.631786,0.803009,0.428001,0.664284,0.376605,0.353766,0.298393,0.156676,0.342398,0.479133,0.531622,0.499756,0.473482,0.363723,0.135500,0.159092,0.616117,0.491733,0.647667,0.744938,0.423623,0.355942,0.574217,0.514187,0.135014,0.228877,0.466313,0.507823
0.710380,0.419847,0.372179,0.282975,0.090098,0.030529,0.763800,0.400433,-0.032741,-0.087258,1.156835,0.619961,0.000000,0.836463,0.823525,0.354679,0.360611,0.322779,0.608829,0.206545,0.486615,0.269953,0.548034,0.446805,0.414106,0.209166,0.461390,0.365095,0.659407,0.322286,0.353657,0.494379,0.498867,0.480001,0.479730,0.462798,0.313997,0.139216,0.484220,0.443440,0.391739,0.166076,0.180167,0.259770,0.402012,0.402350,0.235466,0.310854,0.187703,0.244064,0.426416,0.246156,0.337934,0.383208,0.504498,0.395353,0.489845,0.441519,0.425923,0.356601,0.723854,0.543363,0.393496,0.363740,0.635202,0.566412,0.590969,0.434682,0.344040,0.142336,0.605744,0.512567,0.556636,0.313843,0.401877,0.215911,0.061295,-0.012829,0.589028,0.529469,0.499961,0.480957,0.441979,0.264839,0.710373,0.630528,0.365699,0.385818,0.530366,0.649550
0.767425,0.639488,0.367026,0.522040,0.090837,0.143499,0.539944,0.582254,0.009202,0.127576,1.002466,1.059954,0.836463,0.000000,0.565233,0.694699,0.620142,0.590990,0.562891,0.469911,0.388355,0.299313,0.435440,0.467953,0.165454,0.085024,0.331855,0.383602,0.801668,0.597844,0.485345,0.716104,0.581073,0.721231,0.366914,0.380433,0.371046,0.398601,0.576215,0.570077,0.428961,0.471188,0.268526,0.299995,0.483307,0.474646,0.353791,0.366349,0.373973,0.332282,0.499374,0.310443,0.420451,0.361629,0.621661,0.427334,0.628671,0.523108,0.485738,0.396335,0.804983,0.758652,0.614720,0.630628,0.401216,0.566702,0.512131,0.409297,0.364256,0.201410,0.468631,0.522187,0.662728,0.524042,0.473844,0.351051,0.043514,-0.009519,0.688033,0.579913,0.625635,0.721846,0.374586,0.270706,0.615494,0.641447,0.213498,0.212516,0.430666,0.531357
0.674665,0.448233,0.641336,0.616358,0.236822,0.052452,0.858110,0.579535,0.224513,-0.012462,0.782979,0.544932,0.823525,0.565233,0.000000,0.692695,0.394501,0.280498,0.809367,0.504633,0.442151,0.296699,0.623410,0.432123,0.221277,0.029215,0.381136,0.328731,0.735755,0.530070,0.585528,0.661225,0.621105,0.541062,0.371474,0.268785,0.184896,0.262353,0.366464,0.400293,0.316111,0.302314,0.284682,0.316502,0.332279,0.391213,0.380658,0.392793,0.231953,0.191036,0.446367,0.314609,0.426896,0.533231,0.594741,0.431261,0.486147,0.430752,0.391582,0.431337,0.583986,0.492568,0.373983,0.407300,0.511790,0.494497,0.608265,0.481766,0.437549,0.247245,0.521824,0.433144,0.545241,0.310940,0.402909,0.284752,0.126473,0.079405,0.450663,0.268328,0.759147,0.595766,0.766454,0.415881,0.741252,0.752887,0.302727,0.377401,0.573407,0.601307
0.334800,0.271224,0.462629,0.727756,0.355016,0.386168,0.530731,0.655286,0.283690,0.557329,0.640439,0.697972,0.354679,0.694699,0.692695,0.000000,0.326387,0.324914,0.580098,0.495308,0.447630,0.358395,0.605535,0.528769,-0.000100,0.037510,0.190334,0.297793,0.734232,0.748576,0.830042,0.905100,0.525891,0.623306,0.194551,0.218565,0.361234,0.560315,0.298663,0.410029,0.359066,0.445729,0.358965,0.223897,0.031317,0.101290,0.380897,0.285332,0.088554,-0.021094,0.182024,0.068885,0.262877,0.275378,0.340984,0.184247,0.259478,0.227181,0.067401,0.147618,0.397194,0.466306,0.349800,0.409190,0.469203,0.600510,0.182594,0.130237,0.215662,0.161841,0.480541,0.530421,0.510616,0.439614,0.491453,0.437118,0.413795,0.383647,0.311669,0.189012,0.478779,0.511856,0.573809,0.381412,0.275882,0.291129,0.016985,0.093663,0.121598,0.155560
0.995735,1.088591,0.252043,0.394703,-0.000066,0.108218,0.256128,0.343265,-0.049368,-0.143813,0.452863,0.570910,0.360611,0.620142,0.394501,0.326387,0.000000,1.277771,0.580560,1.088111,0.327870,0.474501,0.141367,0.027611,0.075855,-0.003581,0.147035,0.243510,0.932022,0.957855,0.527775,0.652850,0.887714,0.997690,0.092879,0.054016,0.320328,0.366075,0.500696,0.354815,0.441234,0.539556,0.246935,0.512406,0.837796,0.672979,0.404484,0.523749,0.546541,0.441227,0.522258,0.544189,0.337898,0.357909,0.572930,0.550601,1.129659,0.863076,0.587393,0.488570,0.563188,0.644306,0.608681,1.026921,0.042515,0.167530,0.682081,0.543409,0.690094,0.324559,0.323270,0.479243,0.955235,0.783154,0.403767,0.404449,0.063533,-0.033459,0.969776,0.841182,0.973356,1.171270,0.376522,0.343938,0.597628,0.591198,0.155907,0.238909,0.395050,0.457266
0.928742,1.046918,0.197660,0.346862,0.002084,-0.016638,0.221524,0.371034,-0.069273,-0.123135,0.375254,0.620703,0.322779,0.590990,0.280498,0.324914,1.277771,0.000000,0.456578,0.857324,0.296018,0.346081,0.052839,0.025352,-0.002008,-0.028375,0.114128,0.159909,0.948050,0.889873,0.478435,0.523208,0.791545,0.933465,0.046880,0.099071,0.502141,0.390035,0.450516,0.349431,0.424920,0.488712,0.180366,0.394840,0.621160,0.520168,0.335363,0.394437,0.366481,0.360825,0.445985,0.421483,0.356237,0.333881,0.475197,0.409397,1.028057,0.880156,0.532508,0.463240,0.610278,0.671577,0.762013,0.991571,0.047766,0.166857,0.577818,0.439183,0.550218,0.267939,0.251287,0.386474,0.808530,0.612630,0.350938,0.311252,0.054084,-0.055432,0.946013,0.857818,0.842085,1.104810,0.247757,0.304298,0.513408,0.498130,0.149027,0.231009,0.357427,0.414828
0.919283,0.648959,0.988328,0.676462,0.120859,0.047845,1.008137,0.529187,0.130884,0.017763,0.709497,0.536284,0.608829,0.562891,0.809367,0.580098,0.580560,0.456578,0.000000,0.793312,0.425703,0.340137,0.667159,0.400819,0.213957,0.113963,0.279171,0.275956,0.696127,0.519401,0.596099,0.661948,0.844947,0.718813,0.242070,0.228701,0.261789,0.353038,0.577475,0.439666,0.211406,0.187542,0.161706,0.293949,0.436128,0.442326,0.286076,0.338898,0.317789,0.326890,0.462756,0.352878,0.321280,0.381764,0.510674,0.479682,0.536638,0.479612,0.440573,0.439137,0.514307,0.590533,0.330212,0.496686,0.528682,0.459660,0.511559,0.402269,0.563358,0.347049,0.687199,0.543285,0.608927,0.411597,0.407095,0.281815,0.072295,0.009411,0.532534,0.433323,0.685468,0.598327,0.671192,0.327368,0.825264,0.560166,0.245528,0.285171,0.575361,0.620459
0.902661,1.131863,0.471106,0.653144,0.098553,0.067454,0.392906,0.578332,0.140051,-0.044534,0.372104,0.555068,0.206545,0.469911,0.504633,0.495308,1.088111,0.857324,0.793312,0.000000,0.385305,0.492552,0.260607,0.093971,0.024067,0.004630,0.211622,0.244668,0.879143,1.004294,0.603707,0.697312,1.124584,1.195773,0.027191,-0.027051,0.288860,0.442202,0.469102,0.447060,0.300113,0.458235,0.274370,0.483493,0.650109,0.609041,0.428230,0.532770,0.460650,0.407384,0.453092,0.498090,0.325783,0.348827,0.585433,0.580319,0.925657,0.843354,0.574597,0.652993,0.583342,0.698728,0.600344,1.072233,0.076607,0.217578,0.629718,0.596138,0.963633,0.656431,0.302038,0.426553,0.691986,0.625286,0.348788,0.339531,0.025652,-0.016511,0.841169,0.638739,1.044884,1.161292,0.605993,0.536435,0.692770,0.666877,0.196175,0.387137,0.604727,0.604331
0.456953,0.377250,0.299270,0.302522,0.469418,0.264727,0.485785,0.370274,0.174905,0.090096,0.496514,0.378429,0.486615,0.388355,0.442151,0.447630,0.327870,0.296018,0.425703,0.385305,0.000000,1.058483,0.447737,0.218936,0.382304,0.345065,0.611682,0.627943,0.522775,0.337568,0.536645,0.546152,0.558317,0.531857,0.310948,0.341727,0.466713,0.376588,0.382810,0.662637,0.556559,0.387458,0.175187,0.146709,0.185436,0.240408,0.204737,0.264709,0.149044,0.137714,0.302010,0.286864,0.251815,0.272791,0.398553,0.280908,0.412751,0.381111,0.323598,0.285694,0.515417,0.423232,0.357752,0.416608,0.382407,0.397637,0.424025,0.362293,0.423836,0.261207,0.656067,0.722637,0.620181,0.538181,0.507369,0.413128,0.174209,0.141355,0.428940,0.403256,0.410499,0.469154,0.430353,0.184497,0.421858,0.420358,0.205401,0.350859,0.270143,0.361954
0.435308,0.436635,0.163946,0.246161,0.327100,0.296740,0.300565,0.261756,0.019910,0.027491,0.330725,0.307638,0.269953,0.299313,0.296699,0.358395,0.474501,0.346081,0.340137,0.492552,1.058483,0.000000,0.341808,0.092629,0.274439,0.166882,0.477741,0.611335,0.505518,0.465695,0.644508,0.650292,0.581669,0.604072,0.186360,0.184983,0.346663,0.267688,0.359350,0.566593,0.374661,0.344909,0.185512,0.160157,0.249150,0.263713,0.225640,0.261295,0.206969,0.114464,0.292239,0.262696,0.270129,0.280789,0.420267,0.267219,0.463390,0.423505,0.281864,0.261207,0.381488,0.407147,0.292366,0.496874,0.160008,0.238769,0.390122,0.355746,0.473234,0.278501,0.487462,0.711541,0.524627,0.491222,0.343561,0.346162,0.149126,0.159423,0.376547,0.394791,0.481590,0.571037,0.349150,0.232432,0.342899,0.361440,0.180531,0.302632,0.194952,0.238789
0.319062,0.148306,0.963239,0.717545,0.249822,0.207682,0.982499,0.507315,0.206448,0.224942,0.585618,0.378269,0.548034,0.435440,0.623410,0.605535,0.141367,0.052839,0.667159,0.260607,0.447737,0.341808,0.000000,1.181387,0.691157,0.457020,0.546947,0.423387,0.351228,0.250539,0.555919,0.745410,0.512064,0.473139,0.759145,0.693450,0.190211,0.274626,0.480620,0.387357,0.202211,0.006373,0.167084,0.157393,0.163865,0.177144,0.251069,0.278962,0.079032,0.010202,0.438658,0.234918,0.378139,0.520195,0.482009,0.351706,0.236736,0.196443,0.075696,0.089089,0.304524,0.294632,0.022651,0.127380,0.983589,0.817636,0.393938,0.310222,0.201455,0.126502,0.594610,0.567226,0.239526,0.142604,0.182157,0.101077,0.212792,0.251386,0.319931,0.322513,0.319799,0.287354,0.524767,0.187369,0.666037,0.476145,0.249367,0.320190,0.338423,0.389941
0.203001,0.038245,0.768355,0.706857,0.131174,0.164020,0.700799,0.545893,0.129878,0.290662,0.497066,0.476687,0.446805,0.467953,0.432123,0.528769,0.027611,0.025352,0.400819,0.093971,0.218936,0.092629,1.181387,0.000000,0.554035,0.408376,0.363121,0.225874,0.232970,0.164150,0.327968,0.580366,0.243795,0.316677,0.787270,0.715103,0.061052,0.218046,0.330827,0.171337,0.137483,-0.019213,0.109522,0.128987,0.087434,0.128649,0.199736,0.173639,0.044731,-0.015784,0.353738,0.146570,0.320168,0.387501,0.359448,0.221032,0.103921,0.042750,-0.022802,-0.015504,0.216690,0.279797,0.009534,0.029953,1.072988,0.945646,0.217777,0.146831,-0.014143,-0.030246,0.402441,0.461065,0.105175,0.045882,0.115181,0.034158,0.136203,0.176842,0.209793,0.185130,0.202019,0.160552,0.279398,0.095529,0.527854,0.377178,0.131367,0.135464,0.213533,0.255733
0.222508,0.084916,0.314496,0.066309,0.244392,0.159299,0.385834,0.034237,-0.097822,-0.109553,0.161832,0.012952,0.414106,0.165454,0.221277,-0.000100,0.075855,-0.002008,0.213957,0.024067,0.382304,0.274439,0.691157,0.554035,0.000000,1.100296,0.937596,0.650840,0.127794,0.012574,0.334378,0.384444,0.332323,0.267917,0.870552,0.908306,0.086206,0.053194,0.483712,0.292136,0.151369,-0.078853,0.088943,0.157264,0.285759,0.211458,0.168760,0.197784,0.091183,0.059715,0.384725,0.243000,0.301136,0.306412,0.387693,0.291115,0.235113,0.186781,0.147776,0.017406,0.196113,0.033279,-0.058790,0.005526,0.576609,0.402978,0.493117,0.323153,0.226062,0.144875,0.328179,0.374230,0.097804,0.000973,-0.070909,-0.090936,-0.079759,-0.155353,0.342362,0.398973,0.161326,0.145949,0.074977,-0.035383,0.482474,0.330282,0.287291,0.224172,0.214569,0.264722
0.061157,0.004179,0.219944,0.051529,0.498801,0.407651,0.278137,0.110937,0.156014,0.167777,0.069976,0.006097,0.209166,0.085024,0.029215,0.037510,-0.003581,-0.028375,0.113963,0.004630,0.345065,0.166882,0.457020,0.408376,1.100296,0.000000,0.802349,0.591443,0.072563,0.026950,0.256559,0.216498,0.208006,0.200824,0.608555,0.740424,0.109623,0.169957,0.328139,0.234299,0.084488,-0.077534,0.053530,0.116514,0.099331,0.071257,0.085582,0.117454,0.029445,0.010745,0.199361,0.169945,0.134485,0.068258,0.201324,0.165668,0.049704,0.011348,0.090754,-0.027495,0.124578,0.008219,-0.121156,-0.010363,0.472127,0.376749,0.263946,0.160741,0.081185,0.056179,0.155139,0.202509,0.004031,-0.034489,-0.060070,-0.039662,-0.000639,-0.092605,0.220983,0.232450,0.054434,0.087234,0.010757,-0.018296,0.315068,0.173734,0.144936,0.130182,0.133612,0.145897
0.370711,0.318075,0.304890,0.130980,0.379624,0.105048,0.377057,0.158491,-0.029492,-0.145610,0.240350,0.167907,0.461390,0.331855,0.381136,0.190334,0.147035,0.114128,0.279171,0.211622,0.611682,0.477741,0.546947,0.363121,0.937596,0.802349,0.000000,1.329050,0.268265,0.184847,0.356237,0.413833,0.399236,0.369940,0.740700,0.650858,0.175529,0.201415,0.572807,0.544852,0.304601,0.124529,0.190887,0.207204,0.311838,0.271312,0.251427,0.331824,0.145838,0.106939,0.423685,0.354933,0.391256,0.449931,0.499992,0.351301,0.407076,0.401179,0.279808,0.226391,0.314989,0.195186,0.060442,0.180229,0.438386,0.384172,0.584098,0.485921,0.429751,0.337062,0.339628,0.399976,0.219846,0.103021,0.045048,-0.018886,-0.084975,-0.178979,0.423130,0.430271,0.375224,0.330256,0.257702,0.144098,0.635491,0.549563,0.295571,0.317696,0.300207,0.400403
0.327331,0.289780,0.218975,0.145543,0.477710,0.351034,0.284933,0.148157,0.009587,0.016460,0.264005,0.237437,0.365095,0.383602,0.328731,0.297793,0.243510,0.159909,0.275956,0.244668,0.627943,0.611335,0.423387,0.225874,0.650840,0.591443,1.329050,0.000000,0.282159,0.253943,0.480252,0.509352,0.376697,0.374127,0.553430,0.446779,0.131760,0.248820,0.537162,0.522666,0.348605,0.294675,0.312713,0.294367,0.322894,0.292003,0.306217,0.380916,0.273123,0.174883,0.412935,0.396904,0.402512,0.427546,0.481823,0.328924,0.347741,0.304005,0.261939,0.148910,0.266081,0.182929,0.123371,0.235268,0.306741,0.319578,0.496320,0.386098,0.379277,0.257807,0.297263,0.400268,0.314562,0.265413,0.152756,0.148352,0.063754,-0.057047,0.298748,0.286608,0.330535,0.328182,0.179468,0.047233,0.418141,0.387621,0.134300,0.135236,0.095992,0.218286
0.917580,0.840310,0.353121,0.559379,0.201056,0.123199,0.542232,0.658026,0.109958,0.076871,0.796198,0.906798,0.659407,0.801668,0.735755,0.734232,0.932022,0.948050,0.696127,0.879143,0.522775,0.505518,0.351228,0.232970,0.127794,0.072563,0.268265,0.282159,0.000000,1.364099,0.790939,0.871185,0.998025,1.171574,0.177340,0.209299,0.452538,0.581328,0.518674,0.628624,0.575862,0.579435,0.382174,0.486510,0.560312,0.530144,0.540936,0.543053,0.363690,0.293152,0.487684,0.350468,0.484473,0.430688,0.667236,0.547090,0.856558,0.738095,0.555969,0.516203,0.836535,0.820090,0.862340,0.991773,0.269082,0.385963,0.645922,0.519778,0.578487,0.332857,0.451698,0.571438,0.902842,0.687438,0.537631,0.477751,0.214445,0.098973,1.101779,0.779726,1.106902,1.336505,0.661843,0.624792,0.669925,0.678138,0.307447,0.434145,0.522079,0.576583
0.683590,0.747325,0.221498,0.531554,0.194763,0.219298,0.304382,0.611171,0.099635,0.162607,0.516374,0.786186,0.322286,0.597844,0.530070,0.748576,0.957855,0.889873,0.519401,1.004294,0.337568,0.465695,0.250539,0.164150,0.012574,0.026950,0.184847,0.253943,1.364099,0.000000,0.815697,0.897272,0.823002,1.126930,0.051463,0.044546,0.301435,0.561052,0.375918,0.427375,0.405713,0.515684,0.388288,0.439974,0.470532,0.400059,0.495611,0.492062,0.332749,0.193597,0.328197,0.259032,0.334491,0.333074,0.484376,0.407587,0.772114,0.654102,0.354053,0.395220,0.560867,0.691811,0.607845,0.970783,0.140206,0.367384,0.466485,0.391709,0.541957,0.329364,0.255402,0.454863,0.659644,0.572024,0.374847,0.373601,0.250070,0.193297,0.879368,0.682951,0.967766,1.203881,0.572378,0.618577,0.472575,0.482877,0.119538,0.292611,0.351323,0.372072
0.456779,0.379279,0.324860,0.466732,0.469114,0.389549,0.516899,0.485975,0.099537,0.253912,0.449853,0.472835,0.353657,0.485345,0.585528,0.830042,0.527775,0.478435,0.596099,0.603707,0.536645,0.644508,0.555919,0.327968,0.334378,0.256559,0.356237,0.480252,0.790939,0.815697,0.000000,1.273526,0.815946,0.873764,0.220174,0.319025,0.457937,0.414253,0.424725,0.429245,0.302885,0.311606,0.355152,0.290744,0.255047,0.242038,0.391149,0.307997,0.180423,0.041590,0.295415,0.131572,0.296116,0.320970,0.415644,0.233541,0.445933,0.390555,0.196971,0.200388,0.515576,0.436924,0.380201,0.539042,0.401398,0.502092,0.398665,0.245359,0.406942,0.255152,0.501907,0.638273,0.557215,0.386349,0.332982,0.307580,0.346645,0.251478,0.448374,0.387060,0.578562,0.718575,0.411876,0.285131,0.371338,0.342440,0.146137,0.183519,0.226454,0.196104
0.586295,0.483412,0.425286,0.654061,0.268253,0.384246,0.525200,0.563157,0.026309,0.201869,0.583531,0.628423,0.494379,0.716104,0.661225,0.905100,0.652850,0.523208,0.661948,0.697312,0.546152,0.650292,0.745410,0.580366,0.384444,0.216498,0.413833,0.509352,0.871185,0.897272,1.273526,0.000000,0.856687,1.027834,0.410358,0.401285,0.314059,0.401753,0.607424,0.502067,0.481291,0.417198,0.370761,0.349625,0.376439,0.353934,0.472536,0.426678,0.284321,0.116356,0.435595,0.252131,0.424142,0.422423,0.585933,0.381347,0.597273,0.492672,0.236480,0.256877,0.521166,0.545367,0.443612,0.637331,0.514830,0.662090,0.524842,0.380959,0.468617,0.295479,0.576604,0.779463,0.686561,0.545689,0.417889,0.370382,0.276784,0.188200,0.660386,0.569340,0.651536,0.817800,0.557461,0.408775,0.561045,0.532692,0.275017,0.318892,0.300329,0.347796
0.899579,0.878354,0.537785,0.565932,0.200803,0.045120,0.680184,0.571784,0.117851,-0.066047,0.561193,0.579445,0.498867,0.581073,0.621105,0.525891,0.887714,0.791545,0.844947,1.124584,0.558317,0.581669,0.512064,0.243795,0.332323,0.208006,0.399236,0.376697,0.998025,0.823002,0.815946,0.856687,0.000000,1.685915,0.264258,0.337387,0.450027,0.435896,0.661512,0.687784,0.384238,0.418435,0.356044,0.493234,0.675198,0.648295,0.528455,0.595822,0.386346,0.351461,0.545632,0.446141,0.385714,0.425801,0.731561,0.670134,1.011291,0.985051,0.685052,0.714096,0.917559,0.722136,0.688126,0.996663,0.277053,0.363315,1.034925,0.867570,1.028131,0.741701,0.499362,0.539000,0.836729,0.602347,0.473205,0.392962,0.163803,0.073119,1.012790,0.770499,1.102937,1.290930,0.695892,0.585988,0.836661,0.797320,0.442281,0.637538,0.758669,0.726549
0.914596,0.961196,0.445054,0.639979,0.211460,0.141611,0.566523,0.701031,0.117244,0.047111,0.615262,0.800719,0.480001,0.721231,0.541062,0.623306,0.997690,0.933465,0.718813,1.195773,0.531857,0.604072,0.473139,0.316677,0.267917,0.200824,0.369940,0.374127,1.171574,1.126930,0.873764,1.027834,1.685915,0.000000,0.270821,0.326993,0.415192,0.547152,0.628415,0.659617,0.430321,0.498189,0.391366,0.530464,0.679267,0.634364,0.550926,0.615537,0.430457,0.354181,0.535774,0.431860,0.413590,0.404665,0.747446,0.621921,1.033989,0.937474,0.631982,0.638941,0.947343,0.890865,0.749507,1.219107,0.292261,0.457290,0.840838,0.712778,0.811955,0.564716,0.422846,0.591860,0.813197,0.656602,0.472021,0.418423,0.208428,0.121017,1.098764,0.845826,1.144075,1.534259,0.655400,0.628339,0.792641,0.759539,0.343305,0.554374,0.651744,0.652284
0.235664,0.086698,0.454310,0.238564,0.136318,0.051149,0.410318,0.115759,-0.078680,-0.104736,0.358713,0.228647,0.479730,0.366914,0.371474,0.194551,0.092879,0.046880,0.242070,0.027191,0.310948,0.186360,0.759145,0.787270,0.870552,0.608555,0.740700,0.553430,0.177340,0.051463,0.220174,0.410358,0.264258,0.270821,0.000000,1.090794,-0.050976,0.091841,0.506619,0.333230,0.149187,0.051645,0.004792,0.094379,0.186029,0.120802,0.113785,0.175769,0.041647,-0.074304,0.344592,0.238731,0.312531,0.322365,0.382239,0.231275,0.216189,0.167541,0.069752,-0.052691,0.175576,0.096588,0.019772,0.075253,0.839779,0.486795,0.499971,0.335074,0.109049,0.028085,0.291860,0.327126,0.150591,0.067338,0.021659,0.036377,0.052745,-0.033089,0.300127,0.254079,0.267919,0.190233,0.183205,0.075907,0.613237,0.479389,0.243937,0.191663,0.180876,0.247102
0.224913,0.054520,0.330126,0.214320,0.269012,0.153230,0.498892,0.226127,-0.038665,0.046299,0.342517,0.225976,0.462798,0.380433,0.268785,0.218565,0.054016,0.099071,0.228701,-0.027051,0.341727,0.184983,0.693450,0.715103,0.908306,0.740424,0.650858,0.446779,0.209299,0.044546,0.319025,0.401285,0.337387,0.326993,1.090794,0.000000,0.249691,0.114597,0.506710,0.404258,0.209861,0.095888,0.042634,0.042529,0.133988,0.108790,0.105853,0.093979,-0.036317,-0.083027,0.277068,0.112845,0.224075,0.204326,0.288082,0.119972,0.156646,0.128446,0.089972,0.042474,0.305896,0.216413,0.032348,0.068273,0.822314,0.643659,0.460662,0.311207,0.044513,0.004174,0.361825,0.378907,0.228729,0.097171,0.128711,0.105203,0.073444,-0.046454,0.263339,0.273168,0.193302,0.219595,0.086779,0.051933,0.479222,0.395511,0.304891,0.187129,0.228967,0.222372
0.336383,0.321759,0.088111,0.149860,0.317223,0.163717,0.274027,0.286899,0.091333,0.167438,0.271631,0.285924,0.313997,0.371046,0.184896,0.361234,0.320328,0.502141,0.261789,0.288860,0.466713,0.346663,0.190211,0.061052,0.086206,0.109623,0.175529,0.131760,0.452538,0.301435,0.457937,0.314059,0.450027,0.415192,-0.050976,0.249691,0.000000,0.304221,0.348102,0.432443,0.357625,0.231705,0.217366,0.136961,0.118975,0.158482,0.201611,0.124576,0.010605,0.121004,0.154756,0.016913,0.171756,0.131964,0.183108,0.084535,0.283497,0.315240,0.200938,0.257868,0.462601,0.300758,0.297266,0.301967,0.133478,0.259250,0.226463,0.157816,0.306363,0.230160,0.369118,0.367084,0.425773,0.251230,0.325030,0.245476,0.207776,0.098055,0.331659,0.346300,0.255616,0.440038,0.231666,0.215846,0.143933,0.167044,0.224465,0.203363,0.208094,0.178709
0.304337,0.342567,0.373493,0.548899,0.439229,0.296036,0.312763,0.539737,0.513269,0.485317,0.362881,0.510582,0.139216,0.398601,0.262353,0.560315,0.366075,0.390035,0.353038,0.442202,0.376588,0.267688,0.274626,0.218046,0.053194,0.169957,0.201415,0.248820,0.581328,0.561052,0.414253,0.401753,0.435896,0.547152,0.091841,0.114597,0.304221,0.000000,0.325873,0.698062,0.554416,0.698659,0.475502,0.344465,0.183939,0.221494,0.436196,0.448816,0.347331,0.246506,0.322799,0.330332,0.409318,0.349105,0.387933,0.387180,0.316061,0.237509,0.272352,0.229473,0.354741,0.416548,0.391275,0.479828,0.166158,0.236313,0.175698,0.181974,0.153829,0.079629,0.169792,0.219957,0.436258,0.543725,0.561635,0.601309,0.468660,0.410534,0.430512,0.270818,0.410921,0.522254,0.404028,0.273065,0.249526,0.238363,-0.024148,0.238531,0.100055,0.175699
0.730242,0.619363,0.400570,0.223036,0.024942,-0.017127,0.375414,0.162796,-0.131803,-0.195997,0.361898,0.379824,0.484220,0.576215,0.366464,0.298663,0.500696,0.450516,0.577475,0.469102,0.382810,0.359350,0.480620,0.330827,0.483712,0.328139,0.572807,0.537162,0.518674,0.375918,0.424725,0.607424,0.661512,0.628415,0.506619,0.506710,0.348102,0.325873,0.000000,0.898749,0.323353,0.279056,0.200334,0.303905,0.582270,0.503184,0.323693,0.366355,0.427064,0.382781,0.607571,0.350280,0.544478,0.447771,0.733034,0.574803,0.613779,0.553419,0.484219,0.407057,0.393410,0.326139,0.242200,0.368752,0.309500,0.319291,0.661177,0.519722,0.526730,0.390708,0.458595,0.533631,0.450728,0.312357,0.162529,0.120281,-0.061400,-0.157688,0.633897,0.581746,0.510318,0.542319,0.482700,0.447754,0.697821,0.520869,0.619948,0.504650,0.427947,0.433805
0.560612,0.531255,0.295392,0.335328,0.279419,0.047948,0.420468,0.392360,0.212134,0.053317,0.474043,0.488807,0.443440,0.570077,0.400293,0.410029,0.354815,0.349431,0.439666,0.447060,0.662637,0.566593,0.387357,0.171337,0.292136,0.234299,0.544852,0.522666,0.628624,0.427375,0.429245,0.502067,0.687784,0.659617,0.333230,0.404258,0.432443,0.698062,0.898749,0.000000,0.450636,0.590414,0.370492,0.274872,0.366833,0.415093,0.422192,0.488656,0.366775,0.330166,0.495890,0.399108,0.497007,0.462629,0.673387,0.615556,0.550236,0.535802,0.554181,0.553694,0.609745,0.504950,0.426946,0.507609,0.175771,0.280895,0.597861,0.639359,0.526514,0.414831,0.325813,0.407196,0.522168,0.481197,0.470222,0.451305,0.137532,0.066568,0.567826,0.424708,0.559886,0.623882,0.573207,0.432528,0.514148,0.552758,0.408348,0.645858,0.445853,0.501111
0.351010,0.248511,0.094192,0.263883,0.159945,0.185652,0.151652,0.244420,0.060799,0.117146,0.357009,0.330409,0.391739,0.428961,0.316111,0.359066,0.441234,0.424920,0.211406,0.300113,0.556559,0.374661,0.202211,0.137483,0.151369,0.084488,0.304601,0.348605,0.575862,0.405713,0.302885,0.481291,0.384238,0.430321,0.149187,0.209861,0.357625,0.554416,0.323353,0.450636,0.000000,0.889444,0.402958,0.387587,0.320582,0.266742,0.387895,0.392291,0.287289,0.231776,0.366135,0.382653,0.382478,0.267514,0.340824,0.257655,0.337100,0.227931,0.266603,0.123346,0.262476,0.230256,0.406279,0.337655,0.121526,0.142085,0.281926,0.183944,0.216839,0.065589,0.440424,0.505504,0.885538,0.917119,0.804322,0.686115,0.434782,0.238499,0.504508,0.399001,0.323114,0.467195,0.303806,0.175546,0.236488,0.295123,0.132297,0.219026,0.008784,0.154188
0.356950,0.356652,0.035771,0.382329,0.250130,0.263353,0.064763,0.350487,0.240958,0.210179,0.312456,0.410942,0.166076,0.471188,0.302314,0.445729,0.539556,0.488712,0.187542,0.458235,0.387458,0.344909,0.006373,-0.019213,-0.078853,-0.077534,0.124529,0.294675,0.579435,0.515684,0.311606,0.417198,0.418435,0.498189,0.051645,0.095888,0.231705,0.698659,0.279056,0.590414,0.889444,0.000000,0.391851,0.340672,0.280492,0.284747,0.382064,0.381604,0.371025,0.267462,0.316343,0.438341,0.348712,0.239691,0.372878,0.316001,0.359943,0.251487,0.363715,0.279686,0.346745,0.370499,0.591571,0.533246,-0.082325,0.055270,0.307803,0.280546,0.225786,0.089856,0.148685,0.242555,0.902658,1.045366,0.855195,0.928666,0.300873,0.116551,0.374535,0.183083,0.467554,0.579510,0.246445,0.220512,0.159296,0.357370,-0.017308,0.160158,0.044198,0.150804
0.155563,0.197347,0.097157,0.325800,0.487981,0.328569,0.202642,0.376492,0.453078,0.352829,0.223328,0.299436,0.180167,0.268526,0.284682,0.358965,0.246935,0.180366,0.161706,0.274370,0.175187,0.185512,0.167084,0.109522,0.088943,0.053530,0.190887,0.312713,0.382174,0.388288,0.355152,0.370761,0.356044,0.391366,0.004792,0.042634,0.217366,0.475502,0.200334,0.370492,0.402958,0.391851,0.000000,1.140424,0.511133,0.631411,1.487039,1.060798,0.751079,0.597929,0.547539,0.434588,0.536331,0.489896,0.547239,0.589946,0.263173,0.228170,0.363449,0.323141,0.303703,0.298263,0.240340,0.265322,0.000177,0.161030,0.353264,0.343429,0.262123,0.245281,-0.028639,0.143228,0.361865,0.423436,0.496859,0.576056,0.492847,0.387351,0.304301,0.134703,0.313190,0.406715,0.283296,0.215085,0.056280,0.100776,0.070252,0.199229,0.066828,0.128070
0.402041,0.445534,0.230618,0.356422,0.266817,0.194103,0.252878,0.347109,0.291211,0.081796,0.264026,0.339818,0.259770,0.299995,0.316502,0.223897,0.512406,0.394840,0.293949,0.483493,0.146709,0.160157,0.157393,0.128987,0.157264,0.116514,0.207204,0.294367,0.486510,0.439974,0.290744,0.349625,0.493234,0.530464,0.094379,0.042529,0.136961,0.344465,0.303905,0.274872,0.387587,0.340672,1.140424,0.000000,1.009036,1.119237,1.288268,1.507297,1.066394,0.934390,0.792134,0.742886,0.581741,0.512138,0.752733,0.877703,0.449434,0.355393,0.606200,0.435427,0.377748,0.378348,0.310655,0.388634,0.039380,0.129924,0.540337,0.459591,0.387482,0.245715,0.053898,0.222450,0.502493,0.511203,0.408406,0.475139,0.289950,0.147029,0.504226,0.310133,0.519684,0.568067,0.270340,0.240878,0.323557,0.291915,0.106575,0.276640,0.229970,0.307943
0.828640,0.839676,0.296631,0.289142,-0.022540,-0.092657,0.319112,0.271438,-0.042296,-0.326477,0.333438,0.396539,0.402012,0.483307,0.332279,0.031317,0.837796,0.621160,0.436128,0.650109,0.185436,0.249150,0.163865,0.087434,0.285759,0.099331,0.311838,0.322894,0.560312,0.470532,0.255047,0.376439,0.675198,0.679267,0.186029,0.133988,0.118975,0.183939,0.582270,0.366833,0.320582,0.280492,0.511133,1.009036,0.000000,1.658590,0.700562,0.924263,1.131206,1.013025,0.965694,0.804120,0.558879,0.515315,0.902672,0.959557,0.852752,0.683774,0.908080,0.616650,0.544477,0.509034,0.405864,0.548640,0.029436,0.133213,0.913413,0.746946,0.615546,0.355898,0.186708,0.323565,0.553688,0.478908,0.239452,0.212076,-0.087124,-0.180733,0.798545,0.672489,0.716383,0.749728,0.297307,0.278247,0.686381,0.603340,0.314166,0.391418,0.555761,0.593591
0.750238,0.786260,0.352183,0.410606,0.105873,-0.016902,0.412872,0.423412,0.140841,-0.197235,0.365427,0.423258,0.402350,0.474646,0.391213,0.101290,0.672979,0.520168,0.442326,0.609041,0.240408,0.263713,0.177144,0.128649,0.211458,0.071257,0.271312,0.292003,0.530144,0.400059,0.242038,0.353934,0.648295,0.634364,0.120802,0.108790,0.158482,0.221494,0.503184,0.415093,0.266742,0.284747,0.631411,1.119237,1.658590,0.000000,0.860534,1.070706,1.318706,1.291499,1.112002,0.910207,0.666231,0.630878,1.050800,1.166389,0.757683,0.635938,1.064353,0.834291,0.632985,0.632521,0.438139,0.522624,0.016192,0.192761,0.892322,0.843881,0.579758,0.374338,0.151037,0.252199,0.505972,0.436469,0.297119,0.259225,-0.086058,-0.153590,0.675867,0.505846,0.691298,0.722107,0.343207,0.296031,0.640092,0.643232,0.321807,0.464943,0.624685,0.681281
0.344006,0.399862,0.220217,0.403400,0.356394,0.199409,0.292088,0.405936,0.356028,0.190722,0.265286,0.343657,0.235466,0.353791,0.380658,0.380897,0.404484,0.335363,0.286076,0.428230,0.204737,0.225640,0.251069,0.199736,0.168760,0.085582,0.251427,0.306217,0.540936,0.495611,0.391149,0.472536,0.528455,0.550926,0.113785,0.105853,0.201611,0.436196,0.323693,0.422192,0.387895,0.382064,1.487039,1.288268,0.700562,0.860534,0.000000,1.410920,0.878937,0.706367,0.818134,0.634109,0.680277,0.661719,0.876325,0.900179,0.471490,0.427925,0.535559,0.471615,0.390372,0.423426,0.330313,0.353411,0.051865,0.208964,0.543209,0.526965,0.400146,0.334999,0.015942,0.207917,0.438251,0.439464,0.415029,0.479372,0.306276,0.218112,0.501760,0.292692,0.539483,0.601049,0.384323,0.310008,0.273833,0.311291,0.170286,0.324497,0.211089,0.302730
0.457687,0.539538,0.304401,0.461161,0.295580,0.147113,0.346750,0.447117,0.376065,0.093780,0.353141,0.380777,0.310854,0.366349,0.392793,0.285332,0.523749,0.394437,0.338898,0.532770,0.264709,0.261295,0.278962,0.173639,0.197784,0.117454,0.331824,0.380916,0.543053,0.492062,0.307997,0.426678,0.595822,0.615537,0.175769,0.093979,0.124576,0.448816,0.366355,0.488656,0.392291,0.381604,1.060798,1.507297,0.924263,1.070706,1.410920,0.000000,0.977867,0.814288,0.869776,0.884707,0.597576,0.699665,0.907364,1.208334,0.623638,0.526708,0.662087,0.566531,0.479185,0.499068,0.347992,0.463498,0.071347,0.216538,0.661923,0.679236,0.491063,0.323659,0.045031,0.203481,0.508941,0.509265,0.419898,0.460378,0.232785,0.150540,0.619371,0.411861,0.618733,0.657274,0.431824,0.295357,0.443688,0.454052,0.169488,0.453410,0.339972,0.467941
0.497978,0.564164,0.223566,0.321613,0.148317,0.141380,0.211267,0.290386,0.258680,-0.011490,0.250728,0.351503,0.187703,0.373973,0.231953,0.088554,0.546541,0.366481,0.317789,0.460650,0.149044,0.206969,0.079032,0.044731,0.091183,0.029445,0.145838,0.273123,0.363690,0.332749,0.180423,0.284321,0.386346,0.430457,0.041647,-0.036317,0.010605,0.347331,0.427064,0.366775,0.287289,0.371025,0.751079,1.066394,1.131206,1.318706,0.878937,0.977867,0.000000,1.478510,1.025498,0.917220,0.724098,0.549558,0.916507,1.007164,0.469521,0.341663,0.898440,0.559329,0.388954,0.477961,0.306392,0.389816,-0.104441,0.058436,0.505764,0.487858,0.317133,0.161733,0.017200,0.173198,0.407884,0.491684,0.332158,0.384067,0.063421,-0.004029,0.456601,0.319883,0.442098,0.499049,0.237726,0.166430,0.343893,0.312275,0.143824,0.264463,0.298422,0.379921
