0.000000,1.548552,0.446685,0.845536,0.309551,0.453317,0.490568,0.639024,0.572283,0.579811,0.822859,0.804560,0.591204,0.456963,0.806129,0.581742,1.060328,0.949936,1.098102,1.178028,0.560984,0.576447,0.504815,0.537267,0.341678,0.369797,0.304518,0.363625,0.845749,0.615704,0.599712,0.489964,1.281775,1.030873,0.531972,0.579009,0.710496,0.691586,0.622000,0.646131,0.372239,0.357536,0.750408,0.763623,0.871031,0.997949,0.761411,0.758038,0.861594,1.093681,0.792908,0.825395,0.875189,0.716206,0.894822,0.904534,1.756667,1.357798,0.942795,1.085096,0.813700,0.746534,0.393561,0.450731,0.400188,0.628783,0.749199,0.838516,1.594470,1.096265,0.089782,0.017789,0.676490,0.687054,0.698760,0.713681,0.550336,0.434422,1.200762,0.674747,1.140833,0.806398,0.632198,0.658096,1.044988,0.797723,0.747759,0.765510,0.967253,0.904998
1.548552,0.000000,0.319975,0.711481,0.186541,0.319769,0.358324,0.534332,0.405565,0.350096,0.631887,0.821499,0.437438,0.370176,0.689480,0.454778,0.974374,1.104503,0.897527,1.015359,0.515658,0.574104,0.321601,0.361347,0.224864,0.249632,0.181017,0.237641,0.901215,0.702337,0.566236,0.469361,1.155500,0.960018,0.405230,0.441044,0.568115,0.677443,0.626250,0.617005,0.362778,0.402211,0.620362,0.663395,0.762619,0.909229,0.613677,0.607696,0.655098,0.890782,0.538731,0.630692,0.561195,0.470921,0.646670,0.685132,1.427384,1.730362,0.646686,0.926244,0.589938,0.686459,0.335058,0.446199,0.236865,0.531886,0.563603,0.666810,1.439496,0.913889,0.162403,0.123251,0.668749,0.702345,0.681675,0.596443,0.457539,0.386688,1.066104,0.799018,1.033542,0.814260,0.645868,0.590006,0.886344,0.688154,0.807952,0.721378,0.746819,0.778958
0.446685,0.319975,0.000000,1.130857,0.971973,0.873447,1.391868,1.249740,0.922058,0.661141,0.630080,0.659849,0.459655,0.401973,0.769188,0.644112,0.387766,0.369612,0.809101,0.816795,0.585036,0.598225,1.081032,0.977424,0.835795,0.935843,0.662766,0.656233,0.321799,0.415252,0.972449,0.955971,0.653702,0.750835,0.697391,0.623111,0.290457,0.449886,0.252644,0.381209,0.254751,0.244116,0.750703,0.695417,0.679197,0.695812,0.826300,0.841012,0.712063,0.671780,0.798929,0.609196,0.838279,0.756188,0.621488,0.623895,0.268301,0.254772,0.619437,0.566574,0.658778,0.729110,0.490687,0.537043,0.548306,0.550212,0.910246,0.910456,0.447256,0.682126,0.463955,0.322853,0.582481,0.500483,0.616189,0.721049,0.751490,0.716416,0.336893,0.190519,0.523640,0.503875,0.463452,0.623130,0.533755,0.519138,0.399736,0.521758,0.635861,0.767511
0.845536,0.711481,1.130857,0.000000,0.935691,0.960361,1.342958,1.631766,0.780928,0.822507,0.757463,0.903647,0.511272,0.399021,0.893377,0.723103,0.651979,0.743121,1.300278,1.316704,0.683017,0.656191,0.979476,0.910130,0.706588,0.799976,0.585294,0.564739,0.603418,0.662686,0.966139,0.848653,1.073140,1.142941,0.744628,0.718678,0.532454,0.564294,0.424279,0.512666,0.313895,0.410231,1.024103,0.912261,0.929514,0.970193,1.036898,1.105263,0.888170,0.978956,0.923000,0.838886,0.921401,0.846617,0.755778,0.699917,0.617867,0.622986,0.797360,0.871150,0.907488,1.020460,0.607209,0.738362,0.672474,0.787793,1.114824,1.255035,0.748674,1.070085,0.299064,0.158637,0.741276,0.681475,0.819112,0.965235,0.773035,0.710279,0.662702,0.361898,0.872596,0.776835,0.698266,0.823590,0.783421,0.657936,0.627834,0.688508,0.854453,1.004810
0.309551,0.186541,0.971973,0.935691,0.000000,1.165339,1.109799,0.963359,0.714443,0.827843,0.600416,0.483264,0.405871,0.330488,0.720044,0.636135,0.321114,0.321604,0.716275,0.641153,0.446335,0.410790,0.792567,0.699732,0.519176,0.731012,0.497664,0.692434,0.281177,0.416664,0.667103,0.657494,0.514219,0.627407,0.442676,0.393683,0.271059,0.240525,0.118220,0.267636,0.062301,0.273464,0.791150,0.674565,0.567913,0.547839,0.824844,0.872342,0.642139,0.562248,0.684217,0.566544,0.679629,0.709932,0.504587,0.458004,0.139969,0.100729,0.418173,0.470318,0.568557,0.676692,0.600144,0.593743,0.433788,0.306163,0.707730,0.719831,0.265742,0.525510,0.252845,0.159638,0.530881,0.447255,0.519523,0.716524,0.648870,0.568039,0.226105,-0.018091,0.395166,0.398007,0.466435,0.594790,0.285120,0.256016,0.236254,0.328904,0.438002,0.473847
0.453317,0.319769,0.873447,0.960361,1.165339,0.000000,1.006901,0.886535,0.810624,0.972092,0.641321,0.496389,0.399414,0.272536,0.879119,0.693615,0.551226,0.466751,0.947894,0.823875,0.540251,0.615169,0.750708,0.717973,0.528887,0.851451,0.402365,0.699353,0.483975,0.481735,0.632742,0.545981,0.734482,0.782038,0.690654,0.603065,0.483002,0.341596,0.201997,0.387880,0.116943,0.352708,0.980440,0.792962,0.837996,0.770277,1.080339,1.067052,0.866895,0.712743,0.830185,0.613405,0.856990,0.761358,0.614812,0.577329,0.333678,0.260084,0.614069,0.684545,0.767932,0.726615,0.833981,0.618989,0.613071,0.442747,1.015684,0.987654,0.467621,0.709427,0.124373,0.020971,0.617946,0.574308,0.596055,0.865573,0.701470,0.678824,0.419497,0.125989,0.687800,0.568363,0.623798,0.720353,0.566871,0.401699,0.331521,0.479535,0.603267,0.629363
0.490568,0.358324,1.391868,1.342958,1.109799,1.006901,0.000000,1.565455,0.917799,0.765364,0.735147,0.680347,0.516275,0.378026,0.849169,0.703799,0.406913,0.441348,0.973006,0.883390,0.507465,0.503992,1.051061,0.852452,0.818491,0.827153,0.650007,0.585767,0.415017,0.477200,0.950696,0.872847,0.728105,0.850754,0.716785,0.660567,0.365339,0.382364,0.293332,0.372464,0.213279,0.315392,0.845821,0.728694,0.663131,0.661435,0.908642,0.950081,0.688858,0.655408,0.808746,0.640400,0.826762,0.739490,0.630600,0.560548,0.298684,0.283366,0.633863,0.598241,0.802037,0.819436,0.583192,0.635605,0.670404,0.680399,0.957480,0.966741,0.431751,0.751744,0.411962,0.247032,0.626008,0.529991,0.663764,0.813632,0.827708,0.746398,0.353484,0.123827,0.540957,0.516298,0.547777,0.673428,0.521869,0.451583,0.433008,0.498964,0.660549,0.771636
0.639024,0.534332,1.249740,1.631766,0.963359,0.886535,1.565455,0.000000,0.856479,0.737056,0.742221,0.901167,0.560115,0.503352,0.876991,0.787538,0.456115,0.546201,1.010518,1.030097,0.569762,0.588817,0.944488,0.930120,0.818980,0.898049,0.639727,0.585140,0.460862,0.553554,0.977180,0.974259,0.865642,1.003154,0.685323,0.679977,0.352842,0.474863,0.317119,0.401625,0.214241,0.299938,0.901399,0.828606,0.740448,0.807169,0.931240,0.964387,0.719773,0.771010,0.812875,0.704136,0.805759,0.736067,0.657994,0.626078,0.430418,0.463732,0.659010,0.688235,0.815628,0.978890,0.574152,0.746073,0.564573,0.791517,0.945528,1.069134,0.585949,0.812084,0.453209,0.301718,0.657713,0.618303,0.761030,0.843962,0.775139,0.743216,0.483033,0.249562,0.637301,0.599647,0.572239,0.667251,0.632172,0.590766,0.509719,0.549108,0.714421,0.851798
0.572283,0.405565,0.922058,0.780928,0.714443,0.810624,0.917799,0.856479,0.000000,0.858594,0.896343,0.440252,0.918360,0.638970,0.944790,0.808597,0.471007,0.345785,0.751708,0.737618,0.413628,0.451044,0.820884,0.719693,0.643520,0.736283,0.485869,0.615849,0.381509,0.280528,0.761819,0.683490,0.689556,0.683785,0.739381,0.652471,0.315551,0.263861,0.175318,0.282992,0.200281,0.108729,0.733351,0.673066,0.747176,0.721967,0.793981,0.755323,0.758716,0.683120,0.752909,0.619606,0.764560,0.655609,0.640170,0.591924,0.468277,0.369903,0.630089,0.574943,0.664156,0.573495,0.487637,0.431736,0.666265,0.598507,0.779646,0.756275,0.532602,0.584608,0.298328,0.228101,0.458764,0.433708,0.509836,0.617233,0.556144,0.437896,0.400942,0.164699,0.528544,0.381671,0.330038,0.467587,0.622079,0.485505,0.314271,0.463356,0.651583,0.624359
0.579811,0.350096,0.661141,0.822507,0.827843,0.972092,0.765364,0.737056,0.858594,0.000000,0.771796,0.445336,0.709729,0.600364,0.776543,0.910546,0.445888,0.367837,0.817255,0.732408,0.422887,0.386981,0.930224,0.880708,0.579366,0.657166,0.500901,0.620210,0.299902,0.202499,0.518602,0.463810,0.653215,0.587702,0.658471,0.658010,0.485506,0.253796,0.140933,0.314015,0.150686,0.246391,0.852078,0.675137,0.722114,0.656177,0.891651,0.907561,0.778746,0.674296,0.876772,0.734730,1.020580,0.906850,0.680236,0.617345,0.457574,0.286483,0.697816,0.596468,0.619999,0.487955,0.507692,0.316167,0.683775,0.473091,0.948113,0.931672,0.445655,0.726621,0.039317,-0.076819,0.479630,0.455047,0.486897,0.653678,0.494504,0.410259,0.438388,0.032606,0.559148,0.364719,0.386487,0.505923,0.568203,0.542086,0.224565,0.393293,0.614691,0.666163
0.822859,0.631887,0.630080,0.757463,0.600416,0.641321,0.735147,0.742221,0.896343,0.771796,0.000000,0.668493,1.183599,0.803969,1.027961,1.034271,0.619523,0.523150,0.920922,0.862719,0.587348,0.622357,0.700567,0.654317,0.587834,0.498830,0.469581,0.542566,0.642510,0.446105,0.755908,0.693419,0.820675,0.860814,0.540807,0.455992,0.575178,0.423689,0.333783,0.421610,0.329889,0.272388,0.690536,0.668094,0.578351,0.615775,0.753506,0.771296,0.618601,0.628366,0.637931,0.582443,0.758435,0.669918,0.723563,0.691269,0.587801,0.485040,0.668758,0.580978,0.571304,0.556872,0.406694,0.435390,0.409783,0.458523,0.647960,0.647649,0.676257,0.692462,0.258569,0.186148,0.745780,0.640000,0.647099,0.766381,0.733059,0.545634,0.492688,0.213125,0.600191,0.486935,0.425795,0.552232,0.616318,0.446330,0.380198,0.409265,0.637125,0.565072
0.804560,0.821499,0.659849,0.903647,0.483264,0.496389,0.680347,0.901167,0.440252,0.445336,0.668493,0.000000,0.330166,0.421677,0.785797,0.719211,0.711470,0.861459,0.884542,1.047009,0.637712,0.638666,0.649730,0.679460,0.557047,0.411735,0.481918,0.334692,0.759396,0.865378,0.824013,0.882686,0.901972,1.036031,0.415303,0.442036,0.518364,0.733928,0.646398,0.660937,0.432598,0.567978,0.755106,0.797759,0.625813,0.749241,0.729561,0.804036,0.650394,0.767422,0.694164,0.717425,0.725781,0.712868,0.815709,0.829940,0.643476,0.777888,0.668818,0.761548,0.630642,0.801671,0.587599,0.665387,0.268549,0.494792,0.675261,0.758242,0.783152,0.773828,0.380198,0.330973,1.006162,1.013854,0.835103,0.863925,0.748742,0.668863,0.594841,0.469305,0.749209,0.892718,0.721748,0.730033,0.733097,0.834009,0.787814,0.728007,0.693309,0.902681
0.591204,0.437438,0.459655,0.511272,0.405871,0.399414,0.516275,0.560115,0.918360,0.709729,1.183599,0.330166,0.000000,1.290596,0.696330,0.948210,0.294957,0.185970,0.530678,0.514625,0.290229,0.333699,0.583737,0.535332,0.561566,0.516472,0.530194,0.518633,0.240423,0.057913,0.571279,0.539981,0.496713,0.472026,0.410924,0.355775,0.203184,0.111776,0.004213,0.077191,0.140231,-0.041838,0.402173,0.389311,0.404982,0.417711,0.449767,0.443322,0.400926,0.421246,0.469368,0.422875,0.521650,0.428240,0.430324,0.386065,0.436919,0.312291,0.435819,0.316470,0.301525,0.274540,0.100968,0.129535,0.357228,0.391291,0.433363,0.440265,0.405124,0.377069,0.157736,0.161512,0.333657,0.289948,0.366336,0.394327,0.311066,0.181740,0.347631,0.053741,0.291749,0.126772,0.098108,0.189315,0.367551,0.307743,0.091102,0.163677,0.405778,0.332632
0.456963,0.370176,0.401973,0.399021,0.330488,0.272536,0.378026,0.503352,0.638970,0.600364,0.803969,0.421677,1.290596,0.000000,0.518678,0.920156,0.165508,0.113681,0.378049,0.432179,0.248277,0.310906,0.514598,0.530849,0.528336,0.434512,0.550557,0.414053,0.105562,-0.015164,0.504510,0.561068,0.369911,0.382742,0.219222,0.210352,0.056274,0.090178,-0.056036,0.010283,0.087160,-0.090689,0.285281,0.310456,0.272140,0.320151,0.330465,0.342515,0.265984,0.302410,0.376403,0.350023,0.447808,0.405885,0.331125,0.342341,0.320323,0.269298,0.303289,0.217737,0.146407,0.200803,0.033186,0.046057,0.148071,0.221537,0.318150,0.350464,0.311257,0.293757,0.220953,0.254728,0.266999,0.290235,0.355213,0.288679,0.239513,0.160124,0.257329,0.002057,0.156816,0.041017,-0.005492,0.070619,0.272267,0.357946,0.011486,0.090852,0.277824,0.280695
0.806129,0.689480,0.769188,0.893377,0.720044,0.879119,0.849169,0.876991,0.944790,0.776543,1.027961,0.785797,0.696330,0.518678,0.000000,1.188829,0.756967,0.637676,1.223486,1.152972,0.729778,0.754647,0.772630,0.792902,0.532125,0.559128,0.338418,0.679325,0.833497,0.719997,0.929459,0.880077,0.997004,1.059996,0.790824,0.766097,0.641924,0.584628,0.544906,0.723651,0.393879,0.486464,1.039799,0.982215,0.975981,0.956632,1.119989,1.052874,0.949231,0.847275,0.849696,0.735991,0.903023,0.740630,1.018930,0.909791,0.698203,0.626907,0.845632,0.884196,0.868524,0.917494,0.710856,0.730744,0.635049,0.664098,1.013662,1.010465,0.785728,0.774897,0.301301,0.219599,1.010792,0.956819,0.893646,0.999687,0.853013,0.683102,0.615132,0.304470,0.909851,0.802166,0.889557,0.910932,0.877722,0.697049,0.758154,0.681015,0.929164,0.888967
0.581742,0.454778,0.644112,0.723103,0.636135,0.693615,0.703799,0.787538,0.808597,0.910546,1.034271,0.719211,0.948210,0.920156,1.188829,0.000000,0.427461,0.396130,0.802263,0.789774,0.615725,0.599462,0.821540,0.830243,0.652864,0.508799,0.528999,0.557697,0.467037,0.414207,0.784970,0.828497,0.670542,0.727316,0.578627,0.526910,0.411251,0.379662,0.281007,0.437822,0.327720,0.310289,0.751605,0.723326,0.626518,0.623405,0.829681,0.806890,0.665056,0.597311,0.766063,0.665663,0.800722,0.707273,0.838466,0.734390,0.458839,0.371866,0.640342,0.556135,0.517248,0.542965,0.481302,0.443302,0.480777,0.439617,0.740930,0.737975,0.474664,0.537666,0.259036,0.233077,0.768759,0.743938,0.739046,0.811610,0.649621,0.517817,0.396522,0.053749,0.503197,0.461308,0.514421,0.613056,0.545581,0.588303,0.403050,0.443265,0.634829,0.660967
1.060328,0.974374,0.387766,0.651979,0.321114,0.551226,0.406913,0.456115,0.471007,0.445888,0.619523,0.711470,0.294957,0.165508,0.756967,0.427461,0.000000,0.996665,0.984909,1.021777,0.569427,0.527226,0.321263,0.306429,0.144115,0.304155,0.088067,0.304781,1.094868,0.964806,0.507791,0.372414,1.124336,1.014754,0.465057,0.493022,0.741067,0.737383,0.634597,0.710681,0.465927,0.604775,0.709020,0.765777,0.877888,0.912400,0.737080,0.709775,0.781878,0.823607,0.600163,0.559872,0.636769,0.553903,0.720041,0.705743,1.019061,0.949346,0.625034,0.923337,0.803252,0.733568,0.762526,0.667318,0.322273,0.445907,0.659933,0.706892,1.137732,0.865363,0.069322,-0.006913,0.722865,0.755326,0.612593,0.718951,0.536616,0.458239,1.061501,0.740744,1.406589,1.104696,0.884226,0.950033,0.959235,0.642935,0.767879,0.760484,0.690786,0.672106
0.949936,1.104503,0.369612,0.743121,0.321604,0.466751,0.441348,0.546201,0.345785,0.367837,0.523150,0.861459,0.185970,0.113681,0.637676,0.396130,0.996665,0.000000,0.869111,0.915774,0.529390,0.582982,0.300024,0.304675,0.130356,0.235447,0.062382,0.143110,0.982643,0.989383,0.535805,0.404483,0.978741,0.971913,0.431255,0.432243,0.597998,0.701972,0.614367,0.646727,0.374734,0.594287,0.705936,0.699958,0.792906,0.842498,0.660699,0.656395,0.664975,0.741741,0.510809,0.559389,0.521337,0.410522,0.626679,0.603174,0.971200,1.081804,0.610258,0.977027,0.675137,0.777335,0.605914,0.695782,0.303497,0.485844,0.595831,0.701090,0.920588,0.800241,0.165912,0.131704,0.846272,0.849795,0.720255,0.730266,0.581649,0.521432,0.799193,0.718142,1.128386,0.988139,0.858556,0.890334,0.797015,0.578184,0.852681,0.861741,0.707375,0.784896
1.098102,0.897527,0.809101,1.300278,0.716275,0.947894,0.973006,1.010518,0.751708,0.817255,0.920922,0.884542,0.530678,0.378049,1.223486,0.802263,0.984909,0.869111,0.000000,1.901425,0.739065,0.697902,0.810408,0.770555,0.545108,0.623645,0.365312,0.556445,0.902892,0.830978,0.893073,0.742848,1.596811,1.487676,0.788410,0.779960,0.755005,0.676858,0.560326,0.702556,0.368843,0.503411,1.115740,0.996299,1.077822,1.073304,1.178697,1.171785,1.000857,1.016428,0.918365,0.791835,1.043082,0.842620,0.982537,0.873727,0.870891,0.779399,0.907775,1.002504,1.070309,0.992153,0.738541,0.721929,0.683746,0.745188,1.132322,1.204003,1.092662,1.270431,0.210880,0.078487,0.905573,0.847268,0.870213,1.005150,0.891920,0.740701,0.881244,0.502161,1.187799,0.984483,0.902590,1.014835,1.010531,0.728995,0.777895,0.792264,0.989889,0.977933
1.178028,1.015359,0.816795,1.316704,0.641153,0.823875,0.883390,1.030097,0.737618,0.732408,0.862719,1.047009,0.514625,0.432179,1.152972,0.789774,1.021777,0.915774,1.901425,0.000000,0.815657,0.797208,0.785207,0.784729,0.546552,0.636639,0.384111,0.512487,0.918883,0.905225,0.959313,0.832157,1.711412,1.588253,0.784415,0.799615,0.695952,0.797151,0.643990,0.756270,0.416864,0.545992,1.040495,1.023592,1.099542,1.159995,1.108941,1.110665,1.019452,1.122907,0.913737,0.850905,0.994539,0.867302,1.000267,0.940602,0.944017,0.917456,0.900665,1.071658,1.027000,1.064899,0.700327,0.765290,0.599931,0.759191,1.073948,1.219304,1.242549,1.337450,0.234243,0.143323,0.964656,0.942510,0.921679,1.023639,0.848314,0.739102,0.945323,0.599400,1.263664,1.132773,0.884609,1.022604,1.119967,0.873658,0.874052,0.857264,1.011411,1.109048
0.560984,0.515658,0.585036,0.683017,0.446335,0.540251,0.507465,0.569762,0.413628,0.422887,0.587348,0.637712,0.290229,0.248277,0.729778,0.615725,0.569427,0.529390,0.739065,0.815657,0.000000,0.933813,0.606531,0.683056,0.430642,0.448476,0.287429,0.446747,0.558095,0.585549,0.713051,0.648979,0.692845,0.722375,0.619357,0.556271,0.655840,0.701546,0.617713,0.784134,0.522186,0.609850,0.670587,0.669975,0.624782,0.637547,0.686846,0.706773,0.647087,0.715714,0.624332,0.652480,0.616680,0.625984,0.721512,0.767161,0.495595,0.441344,0.596496,0.600956,0.554472,0.608572,0.361431,0.432598,0.514003,0.454446,0.636067,0.679598,0.584796,0.678104,0.215115,0.179105,0.801371,0.756092,0.656202,0.736974,0.695367,0.766624,0.491626,0.326116,0.704877,0.744592,0.623907,0.713878,0.687511,0.629914,0.656211,0.607152,0.653575,0.719904
0.576447,0.574104,0.598225,0.656191,0.410790,0.615169,0.503992,0.588817,0.451044,0.386981,0.622357,0.638666,0.333699,0.310906,0.754647,0.599462,0.527226,0.582982,0.697902,0.797208,0.933813,0.000000,0.454485,0.546653,0.379633,0.505686,0.251195,0.530748,0.569084,0.541876,0.690422,0.639220,0.718587,0.793186,0.589137,0.575013,0.535782,0.750889,0.520895,0.613363,0.346307,0.454050,0.626657,0.635246,0.660953,0.692070,0.675895,0.681765,0.620193,0.613717,0.521615,0.485619,0.623807,0.574899,0.618776,0.690471,0.509217,0.534848,0.666299,0.670090,0.532303,0.632549,0.389933,0.514662,0.334245,0.412895,0.695553,0.712556,0.665597,0.710027,0.370561,0.344654,0.850791,0.785044,0.795020,0.785874,0.776843,0.949115,0.481028,0.266808,0.694623,0.670632,0.586159,0.623744,0.719650,0.512172,0.662298,0.597424,0.671355,0.674664
0.504815,0.321601,1.081032,0.979476,0.792567,0.750708,1.051061,0.944488,0.820884,0.930224,0.700567,0.649730,0.583737,0.514598,0.772630,0.821540,0.321263,0.300024,0.810408,0.785207,0.606531,0.454485,0.000000,1.548867,1.190194,0.763463,0.911810,0.607364,0.238027,0.261743,0.993522,1.009508,0.641189,0.638061,0.823455,0.777296,0.498694,0.449782,0.351575,0.492959,0.415181,0.328126,0.800537,0.683988,0.597889,0.577474,0.811465,0.876995,0.673848,0.701040,0.922394,0.829125,1.011937,0.949061,0.778082,0.740188,0.344431,0.234789,0.662960,0.481310,0.587102,0.506204,0.355122,0.252750,0.914159,0.642550,0.893057,0.876281,0.394641,0.685307,0.230785,0.174946,0.629009,0.570636,0.625301,0.757726,0.662283,0.552224,0.326682,0.126615,0.454087,0.453166,0.361333,0.533618,0.635829,0.689283,0.366554,0.522776,0.775879,0.879230
0.537267,0.361347,0.977424,0.910130,0.699732,0.717973,0.852452,0.930120,0.719693,0.880708,0.654317,0.679460,0.535332,0.530849,0.792902,0.830243,0.306429,0.304675,0.770555,0.784729,0.683056,0.546653,1.548867,0.000000,0.993083,0.827002,0.677134,0.720276,0.230169,0.247117,0.791237,0.908503,0.635559,0.628731,0.816942,0.820644,0.520362,0.519691,0.376185,0.536502,0.342947,0.306076,0.819737,0.729686,0.625488,0.645359,0.823477,0.888209,0.752408,0.769652,0.988650,0.878378,1.043673,0.999939,0.842121,0.898966,0.392191,0.291307,0.755892,0.547507,0.603029,0.551013,0.332211,0.272084,0.811204,0.688923,0.980194,0.966455,0.459332,0.686655,0.216206,0.139060,0.629701,0.606615,0.630622,0.680328,0.640029,0.574768,0.361468,0.140928,0.491292,0.460250,0.369489,0.497694,0.687592,0.811600,0.424627,0.493587,0.799207,0.953121
0.341678,0.224864,0.835795,0.706588,0.519176,0.528887,0.818491,0.818980,0.643520,0.579366,0.587834,0.557047,0.561566,0.528336,0.532125,0.652864,0.144115,0.130356,0.545108,0.546552,0.430642,0.379633,1.190194,0.993083,0.000000,0.831491,1.152716,0.538874,0.111574,0.164503,0.777897,0.819608,0.491981,0.515424,0.657521,0.580669,0.279778,0.324461,0.162418,0.251857,0.281118,0.129132,0.601091,0.582906,0.426988,0.458316,0.587819,0.665772,0.453009,0.516756,0.697560,0.629556,0.737683,0.705903,0.538463,0.532159,0.202266,0.169069,0.485774,0.272356,0.451685,0.303988,0.240742,0.119820,0.632689,0.599749,0.641490,0.646127,0.295088,0.474237,0.222720,0.214312,0.424179,0.397981,0.449854,0.523297,0.503407,0.468893,0.230069,0.187309,0.276037,0.347206,0.150206,0.342226,0.501224,0.594707,0.184391,0.362250,0.562447,0.603089
0.369797,0.249632,0.935843,0.799976,0.731012,0.851451,0.827153,0.898049,0.736283,0.657166,0.498830,0.411735,0.516472,0.434512,0.559128,0.508799,0.304155,0.235447,0.623645,0.636639,0.448476,0.505686,0.763463,0.827002,0.831491,0.000000,0.506321,0.776214,0.217921,0.264744,0.694310,0.637976,0.622089,0.647297,0.687732,0.672228,0.240994,0.288439,0.039640,0.203427,0.035733,0.062634,0.726818,0.683439,0.759789,0.745640,0.781749,0.758754,0.693926,0.671469,0.713209,0.580548,0.702480,0.626731,0.476959,0.497593,0.255629,0.189006,0.442992,0.391495,0.595012,0.504937,0.414014,0.374223,0.556252,0.575393,0.786548,0.851179,0.373015,0.482163,0.084814,0.064348,0.370448,0.337286,0.432310,0.517427,0.384095,0.417388,0.388862,0.216540,0.495334,0.369654,0.298657,0.423770,0.478543,0.431816,0.179680,0.334865,0.480107,0.544652
0.304518,0.181017,0.662766,0.585294,0.497664,0.402365,0.650007,0.639727,0.485869,0.500901,0.469581,0.481918,0.530194,0.550557,0.338418,0.528999,0.088067,0.062382,0.365312,0.384111,0.287429,0.251195,0.911810,0.677134,1.152716,0.506321,0.000000,0.505923,0.019739,0.029873,0.577316,0.613271,0.267620,0.284000,0.334752,0.256215,0.138396,0.182522,0.062205,0.074906,0.174003,0.065037,0.343587,0.286441,0.210728,0.245597,0.343181,0.407279,0.257037,0.349208,0.496029,0.459640,0.551092,0.553222,0.329813,0.317821,0.141332,0.122036,0.366770,0.220464,0.265465,0.229056,0.106957,0.030412,0.347716,0.332328,0.397209,0.400807,0.199414,0.387765,0.203860,0.241302,0.267459,0.235264,0.299180,0.407728,0.308516,0.307416,0.156174,0.037605,0.126308,0.162912,0.044281,0.196161,0.269684,0.377784,0.037933,0.212301,0.417875,0.448322
0.363625,0.237641,0.656233,0.564739,0.692434,0.699353,0.585767,0.585140,0.615849,0.620210,0.542566,0.334692,0.518633,0.414053,0.679325,0.557697,0.304781,0.143110,0.556445,0.512487,0.446747,0.530748,0.607364,0.720276,0.538874,0.776214,0.505923,0.000000,0.186040,0.158339,0.460673,0.502144,0.409443,0.429066,0.481982,0.460094,0.271985,0.275955,0.080675,0.247742,0.044553,0.142624,0.574306,0.485403,0.515862,0.487401,0.597007,0.612755,0.541475,0.464553,0.547626,0.412881,0.637733,0.564133,0.462682,0.480101,0.246529,0.183364,0.506269,0.415875,0.444714,0.470062,0.349893,0.323273,0.399638,0.360291,0.647147,0.603333,0.352298,0.459240,0.096071,0.084159,0.370639,0.353863,0.396463,0.476496,0.395628,0.420296,0.257999,0.017333,0.389370,0.292943,0.325276,0.417764,0.368816,0.311497,0.220349,0.245654,0.478206,0.493999
0.845749,0.901215,0.321799,0.603418,0.281177,0.483975,0.415017,0.460862,0.381509,0.299902,0.642510,0.759396,0.240423,0.105562,0.833497,0.467037,1.094868,0.982643,0.902892,0.918883,0.558095,0.569084,0.238027,0.230169,0.111574,0.217921,0.019739,0.186040,0.000000,1.222516,0.593448,0.470168,0.926701,1.020816,0.389868,0.382312,0.739809,0.596584,0.731168,0.725482,0.329409,0.524763,0.660727,0.693962,0.707559,0.749746,0.704969,0.662810,0.629394,0.649916,0.449573,0.456907,0.463493,0.397769,0.701544,0.642585,0.834018,0.855142,0.598756,0.778311,0.677333,0.707362,0.692458,0.749052,0.260384,0.379238,0.553416,0.568749,0.901777,0.699557,0.134019,0.034527,0.855884,0.870675,0.745165,0.782885,0.568191,0.474284,0.769132,0.547877,1.047891,0.982983,0.984173,0.842425,0.720112,0.465115,0.844619,0.657793,0.606247,0.592642
0.615704,0.702337,0.415252,0.662686,0.416664,0.481735,0.477200,0.553554,0.280528,0.202499,0.446105,0.865378,0.057913,-0.015164,0.719997,0.414207,0.964806,0.989383,0.830978,0.905225,0.585549,0.541876,0.261743,0.247117,0.164503,0.264744,0.029873,0.158339,1.222516,0.000000,0.631569,0.541652,0.883168,1.049524,0.384131,0.410472,0.562746,0.752092,0.775305,0.777765,0.438062,0.734804,0.730872,0.828908,0.708692,0.772695,0.731415,0.717226,0.633719,0.675396,0.456682,0.480824,0.411537,0.431548,0.676611,0.614971,0.586309,0.693673,0.463994,0.720928,0.688817,0.837157,0.825800,1.008686,0.212596,0.402580,0.533416,0.596355,0.730361,0.609235,0.225393,0.164738,0.918620,0.929260,0.760188,0.771975,0.664594,0.572518,0.662414,0.658740,0.948411,1.268021,1.150861,1.108015,0.602411,0.493724,0.949804,0.715815,0.549989,0.641456
0.599712,0.566236,0.972449,0.966139,0.667103,0.632742,0.950696,0.977180,0.761819,0.518602,0.755908,0.824013,0.571279,0.504510,0.929459,0.784970,0.507791,0.535805,0.893073,0.959313,0.713051,0.690422,0.993522,0.791237,0.777897,0.694310,0.577316,0.460673,0.593448,0.631569,0.000000,1.642661,0.858656,0.996832,0.711644,0.647428,0.421164,0.571269,0.490508,0.570716,0.440872,0.434596,0.719648,0.731154,0.693122,0.707000,0.743259,0.753664,0.612933,0.692235,0.665591,0.659003,0.666652,0.616211,0.705796,0.656195,0.495002,0.489563,0.593531,0.573995,0.613667,0.682017,0.446127,0.496170,0.577487,0.638215,0.717592,0.767831,0.552870,0.664590,0.445088,0.407790,0.820851,0.787981,0.920931,0.882250,0.741148,0.669918,0.437952,0.340973,0.613443,0.695457,0.580516,0.685256,0.658367,0.648075,0.627777,0.681368,0.733057,0.803641
0.489964,0.469361,0.955971,0.848653,0.657494,0.545981,0.872847,0.974259,0.683490,0.463810,0.693419,0.882686,0.539981,0.561068,0.880077,0.828497,0.372414,0.404483,0.742848,0.832157,0.648979,0.639220,1.009508,0.908503,0.819608,0.637976,0.613271,0.502144,0.470168,0.541652,1.642661,0.000000,0.694234,0.845909,0.593661,0.592436,0.361086,0.563997,0.446853,0.520317,0.420731,0.376530,0.628932,0.686454,0.518906,0.571190,0.673717,0.678647,0.493623,0.566162,0.603234,0.588859,0.635142,0.598967,0.660638,0.652546,0.373054,0.393926,0.525635,0.462591,0.512670,0.631275,0.381058,0.454641,0.494992,0.589087,0.636209,0.671366,0.457696,0.546328,0.549868,0.498706,0.816348,0.787688,0.851752,0.820830,0.724152,0.666371,0.312784,0.259454,0.465570,0.625010,0.505639,0.593522,0.593197,0.681888,0.591706,0.558980,0.669259,0.756631
1.281775,1.155500,0.653702,1.073140,0.514219,0.734482,0.728105,0.865642,0.689556,0.653215,0.820675,0.901972,0.496713,0.369911,0.997004,0.670542,1.124336,0.978741,1.596811,1.711412,0.692845,0.718587,0.641189,0.635559,0.491981,0.622089,0.267620,0.409443,0.926701,0.883168,0.858656,0.694234,0.000000,1.786728,0.793203,0.812428,0.727687,0.822303,0.598026,0.741688,0.391243,0.504442,1.053599,1.078018,1.168566,1.275383,1.088322,1.066654,1.044991,1.161323,0.859131,0.840856,0.900518,0.790449,0.928752,0.909316,1.099769,1.019836,0.781693,0.966906,1.042935,0.933378,0.708488,0.706050,0.570125,0.781277,0.945210,1.088995,1.361837,1.192741,0.167056,0.098854,0.904690,0.880593,0.869306,0.910441,0.775862,0.683296,1.036085,0.703944,1.322892,1.133656,0.792325,0.942758,1.178806,0.845042,0.817016,0.883196,0.929104,0.924007
1.030873,0.960018,0.750835,1.142941,0.627407,0.782038,0.850754,1.003154,0.683785,0.587702,0.860814,1.036031,0.472026,0.382742,1.059996,0.727316,1.014754,0.971913,1.487676,1.588253,0.722375,0.793186,0.638061,0.628731,0.515424,0.647297,0.284000,0.429066,1.020816,1.049524,0.996832,0.845909,1.786728,0.000000,0.731768,0.729059,0.691223,0.831702,0.623047,0.745996,0.402149,0.512286,1.075364,1.147526,1.073021,1.168785,1.106647,1.090130,0.951278,1.006330,0.806950,0.753122,0.834431,0.731179,0.934089,0.886166,0.873954,0.875992,0.757472,0.883554,1.011282,0.991106,0.762683,0.856433,0.518006,0.713014,0.942716,1.053644,1.066010,1.016830,0.284181,0.165808,1.027787,1.029839,1.033244,1.037567,0.938700,0.818719,0.877655,0.587583,1.159964,1.144870,0.885998,1.006442,1.010406,0.733222,0.857998,0.853056,0.854422,0.876290
0.531972,0.405230,0.697391,0.744628,0.442676,0.690654,0.716785,0.685323,0.739381,0.658471,0.540807,0.415303,0.410924,0.219222,0.790824,0.578627,0.465057,0.431255,0.788410,0.784415,0.619357,0.589137,0.823455,0.816942,0.657521,0.687732,0.334752,0.481982,0.389868,0.384131,0.711644,0.593661,0.793203,0.731768,0.000000,1.401455,0.628265,0.632861,0.461892,0.672622,0.425783,0.364908,0.823409,0.742099,0.903191,0.775940,0.894459,0.799862,0.802145,0.704741,0.753159,0.630773,0.840064,0.660176,0.792679,0.717569,0.526669,0.421054,0.740440,0.667581,0.862509,0.634297,0.491262,0.400068,1.134581,1.026848,1.043418,1.028478,0.517928,0.699665,0.159280,0.098056,0.588387,0.587248,0.588219,0.647837,0.771577,0.616986,0.476228,0.270397,0.745231,0.609778,0.543542,0.663359,0.891341,0.703374,0.587266,0.763690,0.893554,0.951372
0.579009,0.441044,0.623111,0.718678,0.393683,0.603065,0.660567,0.679977,0.652471,0.658010,0.455992,0.442036,0.355775,0.210352,0.766097,0.526910,0.493022,0.432243,0.779960,0.799615,0.556271,0.575013,0.777296,0.820644,0.580669,0.672228,0.256215,0.460094,0.382312,0.410472,0.647428,0.592436,0.812428,0.729059,1.401455,0.000000,0.641455,0.696287,0.483394,0.681044,0.408047,0.389569,0.837047,0.784357,0.936028,0.847473,0.888631,0.808843,0.836536,0.758041,0.753863,0.655700,0.868464,0.724493,0.790425,0.780400,0.584416,0.465649,0.742295,0.686171,0.922687,0.669849,0.461859,0.428921,1.029118,1.107064,1.043971,1.061885,0.562933,0.705310,0.178347,0.105445,0.629899,0.610810,0.647205,0.644156,0.649885,0.568935,0.554307,0.349186,0.777950,0.674647,0.573958,0.668971,0.931433,0.838839,0.660266,0.755343,0.908180,1.014571
0.710496,0.568115,0.290457,0.532454,0.271059,0.483002,0.365339,0.352842,0.315551,0.485506,0.575178,0.518364,0.203184,0.056274,0.641924,0.411251,0.741067,0.597998,0.755005,0.695952,0.655840,0.535782,0.498694,0.520362,0.279778,0.240994,0.138396,0.271985,0.739809,0.562746,0.421164,0.361086,0.727687,0.691223,0.628265,0.641455,0.000000,0.818100,0.925271,0.974095,0.577087,0.661295,0.819024,0.768539,0.638564,0.671041,0.804894,0.792172,0.682207,0.707861,0.623657,0.632445,0.726018,0.676325,0.876691,0.891868,0.711107,0.576963,0.708800,0.689329,0.702898,0.522900,0.486622,0.383655,0.599013,0.479699,0.723071,0.675805,0.683991,0.754313,0.039021,-0.065508,0.817776,0.770692,0.696836,0.714193,0.708623,0.637951,0.612596,0.343057,0.816519,0.750894,0.668229,0.664324,0.864599,0.600331,0.701981,0.593341,0.853872,0.717370
0.691586,0.677443,0.449886,0.564294,0.240525,0.341596,0.382364,0.474863,0.263861,0.253796,0.423689,0.733928,0.111776,0.090178,0.584628,0.379662,0.737383,0.701972,0.676858,0.797151,0.701546,0.750889,0.449782,0.519691,0.324461,0.288439,0.182522,0.275955,0.596584,0.752092,0.571269,0.563997,0.822303,0.831702,0.632861,0.696287,0.818100,0.000000,1.028188,1.155708,0.710913,0.785434,0.701353,0.791014,0.668940,0.748048,0.690051,0.680142,0.659735,0.727877,0.585569,0.569585,0.628508,0.630068,0.783711,0.899732,0.676132,0.706831,0.615038,0.690910,0.605935,0.631485,0.415933,0.513030,0.362788,0.556236,0.664839,0.701664,0.784556,0.745002,0.298177,0.271779,0.872898,0.975271,0.879472,0.718788,0.833973,0.815640,0.622529,0.593889,0.861263,1.039566,0.733239,0.832276,0.880586,0.779270,0.929606,0.782183,0.725030,0.812946
0.622000,0.626250,0.252644,0.424279,0.118220,0.201997,0.293332,0.317119,0.175318,0.140933,0.333783,0.646398,0.004213,-0.056036,0.544906,0.281007,0.634597,0.614367,0.560326,0.643990,0.617713,0.520895,0.351575,0.376185,0.162418,0.039640,0.062205,0.080675,0.731168,0.775305,0.490508,0.446853,0.598026,0.623047,0.461892,0.483394,0.925271,1.028188,0.000000,1.416329,0.781050,0.883038,0.560368,0.616426,0.483349,0.546122,0.526787,0.535221,0.512275,0.622006,0.465335,0.548944,0.454618,0.481956,0.835132,0.840534,0.661958,0.677686,0.642824,0.657119,0.544421,0.539693,0.325875,0.428262,0.358760,0.468777,0.514769,0.501975,0.682590,0.635685,0.208537,0.143776,0.804952,0.862845,0.731118,0.598042,0.694195,0.576467,0.572089,0.437243,0.699625,0.847890,0.774879,0.664370,0.689841,0.617122,1.129136,0.735609,0.708485,0.811269
0.646131,0.617005,0.381209,0.512666,0.267636,0.387880,0.372464,0.401625,0.282992,0.314015,0.421610,0.660937,0.077191,0.010283,0.723651,0.437822,0.710681,0.646727,0.702556,0.756270,0.784134,0.613363,0.492959,0.536502,0.251857,0.203427,0.074906,0.247742,0.725482,0.777765,0.570716,0.520317,0.741688,0.745996,0.672622,0.681044,0.974095,1.155708,1.416329,0.000000,0.810830,0.965242,0.800051,0.827607,0.704797,0.729962,0.779109,0.759663,0.748924,0.770987,0.632443,0.676159,0.642621,0.646563,1.007049,1.048565,0.680881,0.626752,0.669996,0.732572,0.622003,0.635298,0.453528,0.491732,0.463135,0.497912,0.685663,0.687630,0.696992,0.692008,0.143203,0.057488,0.867842,1.021720,0.800332,0.733282,0.767508,0.622330,0.597148,0.419570,0.834180,0.960616,0.937249,0.902434,0.782210,0.703338,1.097493,0.887280,0.766325,0.912681
0.372239,0.362778,0.254751,0.313895,0.062301,0.116943,0.213279,0.214241,0.200281,0.150686,0.329889,0.432598,0.140231,0.087160,0.393879,0.327720,0.465927,0.374734,0.368843,0.416864,0.522186,0.346307,0.415181,0.342947,0.281118,0.035733,0.174003,0.044553,0.329409,0.438062,0.440872,0.420731,0.391243,0.402149,0.425783,0.408047,0.577087,0.710913,0.781050,0.810830,0.000000,0.796355,0.375414,0.444455,0.320582,0.333858,0.347168,0.334842,0.382247,0.450063,0.412265,0.469618,0.340558,0.346317,0.542327,0.503053,0.360733,0.327731,0.353114,0.299184,0.273931,0.222428,0.178915,0.177815,0.356357,0.357295,0.297143,0.309556,0.353019,0.343379,0.186135,0.187752,0.525153,0.651818,0.445300,0.413180,0.418559,0.306938,0.448763,0.397238,0.467468,0.605056,0.524928,0.524021,0.526371,0.511835,0.591988,0.513740,0.437491,0.560681
0.357536,0.402211,0.244116,0.410231,0.273464,0.352708,0.315392,0.299938,0.108729,0.246391,0.272388,0.567978,-0.041838,-0.090689,0.486464,0.310289,0.604775,0.594287,0.503411,0.545992,0.609850,0.454050,0.328126,0.306076,0.129132,0.062634,0.065037,0.142624,0.524763,0.734804,0.434596,0.376530,0.504442,0.512286,0.364908,0.389569,0.661295,0.785434,0.883038,0.965242,0.796355,0.000000,0.571549,0.575641,0.453540,0.473278,0.524949,0.534057,0.504274,0.514851,0.442260,0.510288,0.356664,0.444556,0.562206,0.533051,0.368898,0.395061,0.356159,0.494830,0.424587,0.479818,0.520306,0.499496,0.296136,0.314585,0.426193,0.458042,0.399886,0.494070,0.095917,0.134413,0.734533,0.821896,0.523152,0.559766,0.478085,0.510211,0.382321,0.371600,0.614077,0.827666,0.842162,0.835408,0.520354,0.534160,0.777107,0.595803,0.473792,0.621794
0.750408,0.620362,0.750703,1.024103,0.791150,0.980440,0.845821,0.901399,0.733351,0.852078,0.690536,0.755106,0.402173,0.285281,1.039799,0.751605,0.709020,0.705936,1.115740,1.040495,0.670587,0.626657,0.800537,0.819737,0.601091,0.726818,0.343587,0.574306,0.660727,0.730872,0.719648,0.628932,1.053599,1.075364,0.823409,0.837047,0.819024,0.701353,0.560368,0.800051,0.375414,0.571549,0.000000,1.799904,1.354469,1.421305,2.026369,2.133232,1.346147,1.259171,1.143049,1.068967,1.087336,1.107178,1.110966,1.099889,0.685484,0.607087,0.772861,0.877638,0.924676,0.814069,0.806955,0.697231,0.689064,0.621117,1.255470,1.401018,0.766436,0.905853,0.073527,-0.014537,0.870238,0.851865,0.850190,0.982869,0.822466,0.713231,0.639889,0.344639,0.961260,0.896773,0.841095,0.958063,0.864755,0.789582,0.714642,0.787403,0.913537,0.940487
0.763623,0.663395,0.695417,0.912261,0.674565,0.792962,0.728694,0.828606,0.673066,0.675137,0.668094,0.797759,0.389311,0.310456,0.982215,0.723326,0.765777,0.699958,0.996299,1.023592,0.669975,0.635246,0.683988,0.729686,0.582906,0.683439,0.286441,0.485403,0.693962,0.828908,0.731154,0.686454,1.078018,1.147526,0.742099,0.784357,0.768539,0.791014,0.616426,0.827607,0.444455,0.575641,1.799904,0.000000,1.231728,1.443489,1.634623,1.678531,1.223621,1.230194,1.048304,1.049470,0.940186,1.019367,1.114142,1.146174,0.723515,0.665611,0.698873,0.805662,0.885901,0.777105,0.771174,0.699660,0.586864,0.616833,1.044730,1.187475,0.798433,0.798296,0.116687,0.052006,0.887930,0.923384,0.856798,0.919823,0.798974,0.708147,0.715942,0.486299,0.968640,1.017409,0.818731,0.961728,0.895610,0.889001,0.752058,0.789793,0.875278,0.900422
0.871031,0.762619,0.679197,0.929514,0.567913,0.837996,0.663131,0.740448,0.747176,0.722114,0.578351,0.625813,0.404982,0.272140,0.975981,0.626518,0.877888,0.792906,1.077822,1.099542,0.624782,0.660953,0.597889,0.625488,0.426988,0.759789,0.210728,0.515862,0.707559,0.708692,0.693122,0.518906,1.168566,1.073021,0.903191,0.936028,0.638564,0.668940,0.483349,0.704797,0.320582,0.453540,1.354469,1.231728,0.000000,1.994337,1.358987,1.203403,1.458838,1.290559,0.955692,0.888894,0.936168,0.825241,0.928460,0.905561,0.897481,0.803289,0.781568,1.008494,1.048964,0.851204,0.769500,0.689035,0.683006,0.704733,1.223807,1.412872,0.919915,0.889269,-0.002524,-0.052619,0.706787,0.720857,0.733213,0.817863,0.597775,0.508217,0.844992,0.509215,1.247743,0.913811,0.823056,0.944826,1.032756,0.828628,0.748727,0.930101,0.915086,0.961458
0.997949,0.909229,0.695812,0.970193,0.547839,0.770277,0.661435,0.807169,0.721967,0.656177,0.615775,0.749241,0.417711,0.320151,0.956632,0.623405,0.912400,0.842498,1.073304,1.159995,0.637547,0.692070,0.577474,0.645359,0.458316,0.745640,0.245597,0.487401,0.749746,0.772695,0.707000,0.571190,1.275383,1.168785,0.775940,0.847473,0.671041,0.748048,0.546122,0.729962,0.333858,0.473278,1.421305,1.443489,1.994337,0.000000,1.390703,1.301891,1.468974,1.540034,1.010694,1.001584,0.954628,0.904112,0.966604,1.041391,0.985580,0.944825,0.795943,1.047417,1.019307,0.893305,0.718188,0.702167,0.559895,0.707656,1.150981,1.371594,1.077919,0.941680,0.054248,-0.000372,0.751290,0.787655,0.794298,0.828955,0.628230,0.552546,0.949044,0.630077,1.254983,0.992813,0.814254,0.916279,1.067754,0.932776,0.787604,0.903009,0.932054,0.991326
0.761411,0.613677,0.826300,1.036898,0.824844,1.080339,0.908642,0.931240,0.793981,0.891651,0.753506,0.729561,0.449767,0.330465,1.119989,0.829681,0.737080,0.660699,1.178697,1.108941,0.686846,0.675895,0.811465,0.823477,0.587819,0.781749,0.343181,0.597007,0.704969,0.731415,0.743259,0.673717,1.088322,1.106647,0.894459,0.888631,0.804894,0.690051,0.526787,0.779109,0.347168,0.524949,2.026369,1.634623,1.358987,1.390703,0.000000,2.055524,1.337520,1.213788,1.149024,1.006442,1.165007,1.108436,1.171681,1.120775,0.666443,0.576900,0.794045,0.913550,0.988372,0.854291,0.842300,0.716113,0.682674,0.625793,1.302882,1.413789,0.777854,0.912169,0.091246,0.003449,0.905569,0.857658,0.872774,1.029131,0.863056,0.720925,0.650777,0.303786,0.983524,0.872466,0.849250,0.984050,0.870756,0.775295,0.689176,0.789500,0.951892,0.963308
0.758038,0.607696,0.841012,1.105263,0.872342,1.067052,0.950081,0.964387,0.755323,0.907561,0.771296,0.804036,0.443322,0.342515,1.052874,0.806890,0.709775,0.656395,1.171785,1.110665,0.706773,0.681765,0.876995,0.888209,0.665772,0.758754,0.407279,0.612755,0.662810,0.717226,0.753664,0.678647,1.066654,1.090130,0.799862,0.808843,0.792172,0.680142,0.535221,0.759663,0.334842,0.534057,2.133232,1.678531,1.203403,1.301891,2.055524,0.000000,1.275533,1.235094,1.171015,1.064210,1.194639,1.275236,1.128331,1.156047,0.635162,0.561381,0.795671,0.876662,0.900721,0.810176,0.786093,0.661114,0.643790,0.580633,1.297803,1.408845,0.770929,0.987116,0.080603,-0.016018,0.899605,0.857490,0.838685,1.059390,0.887870,0.762553,0.617024,0.306651,0.909367,0.880244,0.773084,0.928719,0.827036,0.785840,0.659946,0.750823,0.892554,0.941178
0.861594,0.655098,0.712063,0.888170,0.642139,0.866895,0.688858,0.719773,0.758716,0.778746,0.618601,0.650394,0.400926,0.265984,0.949231,0.665056,0.781878,0.664975,1.000857,1.019452,0.647087,0.620193,0.673848,0.752408,0.453009,0.693926,0.257037,0.541475,0.629394,0.633719,0.612933,0.493623,1.044991,0.951278,0.802145,0.836536,0.682207,0.659735,0.512275,0.748924,0.382247,0.504274,1.346147,1.223621,1.458838,1.468974,1.337520,1.275533,0.000000,1.649332,1.433163,1.210465,1.112277,1.060548,1.123810,1.126183,0.824257,0.660117,0.891283,0.968482,0.987817,0.789165,0.733974,0.628103,0.618384,0.571493,1.134099,1.169296,0.832002,0.806960,-0.047161,-0.091255,0.695356,0.757172,0.704363,0.831735,0.622272,0.513732,0.768165,0.426751,1.018611,0.854075,0.745844,0.843139,0.910004,0.814973,0.687474,0.783508,0.885097,0.990027
