0.000000,0.870489,0.498351,0.593723,0.289684,0.204495,0.572021,0.457868,0.128445,0.020231,0.600710,0.482839,0.287083,0.257936,-0.005084,-0.022300,0.248542,0.437993,0.762968,0.647958,-0.142156,-0.022616,0.194204,0.265516,0.054639,0.017228,0.046354,0.079159,0.239227,0.221048,0.020758,0.122762,0.348417,0.423831,-0.146349,-0.065737,-0.329582,-0.032738,-0.019817,0.047767,-0.344304,-0.401892,0.095572,0.210043,0.197839,0.299995,0.286054,0.384290,0.409707,0.505847,0.311982,0.476254,0.451901,0.509555,0.185963,0.477086,0.987163,0.727855,0.748644,0.850606,0.724374,0.459495,0.450142,0.531177,0.038174,0.176324,0.426534,0.238683,0.921389,0.770544,-0.021810,0.010114,0.116114,0.055502,-0.028709,0.054675,0.237129,0.258393,0.292136,0.415067,0.272122,0.232488,0.179918,0.158551,0.095520,0.179896,0.374299,0.268091,0.172559,0.277730
0.870489,0.000000,0.355683,0.598742,0.183628,0.310839,0.248011,0.269287,0.113065,0.055137,0.298204,0.479686,0.174054,0.118923,0.045732,0.026519,0.520702,0.772926,0.840644,0.671471,-0.006436,0.017162,0.154535,0.262109,0.296430,0.241858,0.415649,0.328926,0.244819,0.279329,0.099626,0.135979,0.413705,0.502450,0.022746,-0.043711,-0.326831,-0.055093,0.143451,0.154494,-0.207379,-0.281655,0.150110,0.310858,0.280649,0.393512,0.405658,0.398006,0.458262,0.507836,0.287501,0.323928,0.332454,0.256741,0.105590,0.420763,1.280615,1.409095,0.678390,0.633458,0.658893,0.333828,0.487011,0.652588,-0.060734,0.052596,0.437521,0.138185,0.984314,0.866455,0.083720,-0.020479,0.079571,0.115454,-0.114009,-0.029783,-0.088162,0.030791,0.354284,0.407612,0.379532,0.240471,0.127888,0.183485,0.177869,0.322526,0.248236,0.353863,0.175889,0.269085
0.498351,0.355683,0.000000,0.617640,0.215893,0.218314,0.918736,0.376589,0.183879,0.204738,0.466658,0.328314,0.166554,0.102995,0.408148,0.223083,-0.028581,0.082918,0.704038,0.353822,-0.145579,-0.100572,0.732881,0.649471,0.337121,0.293263,0.371240,0.102186,0.035432,0.127355,0.252728,0.253038,0.392764,0.193436,0.439598,0.305372,0.003825,-0.016148,0.295154,0.312158,-0.157863,-0.329545,0.121283,0.035848,0.017393,0.038256,0.369617,0.298116,0.058955,0.138597,0.182377,0.151663,0.269197,0.345196,0.099095,0.419327,0.289569,0.354961,0.390831,0.395292,0.327529,0.288255,0.007985,0.111097,0.522335,0.324829,0.597396,0.387887,0.399626,0.313176,0.082676,0.045493,-0.054338,-0.203194,-0.119318,-0.076901,0.345692,0.444586,0.164443,0.144811,-0.089926,-0.029568,0.040467,0.140851,0.113578,0.168443,0.422753,0.305028,0.385110,0.332862
0.593723,0.598742,0.617640,0.000000,0.487741,0.775606,0.699576,1.072403,0.274442,0.488179,0.455843,0.592047,0.371711,0.451550,0.196737,0.360315,0.208013,0.238656,0.666539,0.706244,-0.002245,0.213331,0.608791,1.025455,0.514446,0.503121,0.289845,0.344251,0.258696,0.398269,0.410302,0.610754,0.480282,0.508296,0.221259,0.263380,-0.243722,-0.034515,0.206946,0.225095,-0.454438,-0.428003,0.309052,0.431583,0.216958,0.279006,0.535254,0.617198,0.215102,0.286030,0.232555,0.269166,0.210766,0.421995,0.160642,0.453991,0.560722,0.473137,0.406137,0.468009,0.549420,0.679276,0.229444,0.214332,0.288678,0.589948,0.542312,0.429413,0.698891,0.714835,0.214076,-0.002100,0.045102,0.103182,0.061592,0.070386,0.344138,0.416854,0.112362,0.244848,0.158028,0.103277,0.157032,0.273920,0.216255,0.363325,0.336565,0.219088,0.131883,0.344595
0.289684,0.183628,0.215893,0.487741,0.000000,0.572696,0.427397,0.527816,0.542724,0.379075,0.279719,0.347549,0.624547,0.512211,0.414610,0.604062,0.207758,0.205639,0.174615,0.479536,0.371888,0.550097,0.628120,0.399303,0.645970,0.407329,0.335290,0.442853,0.421720,0.509346,0.643687,0.706448,0.449924,0.504390,-0.107357,-0.008481,0.023371,-0.158579,-0.106269,-0.074548,-0.151735,-0.348169,0.459954,0.493166,0.522103,0.393820,0.431516,0.497820,0.320175,0.192057,0.510137,0.356396,0.172909,0.378128,0.038398,0.050596,0.271960,0.047473,0.165703,0.028809,0.386313,0.358620,0.427518,0.198934,0.212662,0.447745,0.291936,0.237864,0.426766,0.363909,0.324586,0.409529,0.130022,0.139195,0.334146,0.215985,0.337635,0.180485,0.072529,0.332091,0.613060,0.534173,0.532014,0.402437,0.567544,0.477445,-0.048171,-0.117698,0.128224,0.080653
0.204495,0.310839,0.218314,0.775606,0.572696,0.000000,0.280597,0.734999,0.373617,1.035695,0.204616,0.443418,0.302593,0.461446,0.237058,0.562835,0.169209,0.004074,0.275302,0.288503,0.100429,0.345732,0.436470,0.719652,0.628326,0.904002,0.530248,0.728936,0.073772,0.132472,0.344504,0.483379,0.199415,0.209573,0.152265,0.110674,-0.168357,-0.049929,0.199865,0.173584,-0.291802,-0.187913,0.273580,0.364236,0.223277,0.204553,0.389922,0.393756,0.168193,0.240019,0.232246,0.236394,0.048248,0.267206,0.011084,0.162717,0.298508,0.238941,0.227000,0.256138,0.314295,0.391135,0.055778,-0.082773,0.136897,0.582877,0.312896,0.288718,0.391104,0.429294,0.295206,-0.048160,-0.126294,0.093896,0.004914,0.010341,0.085309,0.131645,-0.035807,0.057468,0.129092,-0.004755,0.235520,0.253377,0.214120,0.373407,0.153571,0.128192,0.208576,0.412594
0.572021,0.248011,0.918736,0.699576,0.427397,0.280597,0.000000,0.826745,0.379927,0.295046,0.726396,0.550834,0.550109,0.443058,0.413844,0.318845,0.045500,0.182532,0.553377,0.543517,-0.075579,0.042979,0.596797,0.595318,0.256753,0.211904,0.034005,-0.031842,0.360971,0.466782,0.375570,0.382970,0.415087,0.320838,0.106265,0.143555,-0.082249,-0.027598,0.044762,0.135507,-0.271131,-0.376792,0.223818,0.258091,0.134304,0.208631,0.361666,0.420583,0.212790,0.238084,0.234300,0.241731,0.296007,0.567260,0.095210,0.349779,0.282300,0.204715,0.402852,0.379652,0.571991,0.629704,0.283724,0.237974,0.530586,0.477494,0.461683,0.331663,0.404125,0.417078,0.145477,0.086425,0.205419,-0.083275,0.097023,-0.061641,0.581432,0.661744,0.137499,0.357936,0.080685,0.223940,0.190413,0.321888,0.166943,0.187752,0.334286,0.117901,0.115304,0.205480
0.457868,0.269287,0.376589,1.072403,0.527816,0.734999,0.826745,0.000000,0.322049,0.747479,0.622909,0.798727,0.569426,0.827063,0.195380,0.429887,0.142458,0.113416,0.462294,0.600656,0.066172,0.214156,0.480645,0.908297,0.319871,0.464252,0.009446,0.141134,0.296933,0.442126,0.395647,0.623109,0.366793,0.440837,0.070190,0.216959,-0.190724,-0.011324,0.018143,0.126896,-0.321840,-0.306667,0.342677,0.455778,0.246018,0.360449,0.439802,0.581843,0.283586,0.359605,0.271470,0.345656,0.260495,0.499052,0.157258,0.322779,0.306746,0.174524,0.372685,0.474176,0.549720,0.907662,0.276072,0.189904,0.286179,0.893307,0.448449,0.487849,0.413359,0.502025,0.288593,-0.031131,0.074834,0.057678,0.202195,0.047595,0.515462,0.562598,-0.021117,0.279574,0.097033,0.185693,0.229853,0.358526,0.240261,0.375034,0.229466,0.046680,0.070872,0.358122
0.128445,0.113065,0.183879,0.274442,0.542724,0.373617,0.379927,0.322049,0.000000,0.471679,0.276632,0.312555,0.524610,0.304183,0.644458,0.586499,0.254540,0.155023,0.107544,0.304621,0.147141,0.386595,0.509542,0.254959,0.415738,0.267281,0.181214,0.125520,0.292348,0.278093,0.274449,0.342368,0.131112,0.191117,0.141686,-0.064397,0.157044,-0.032389,-0.186181,-0.034899,-0.028926,-0.043232,0.161971,0.267074,0.205252,0.266279,0.263163,0.306853,0.229173,0.234520,0.359559,0.203049,0.162792,0.386684,0.075678,-0.023916,0.232009,0.100562,0.156005,-0.024474,0.505970,0.340793,0.299933,0.157017,0.601321,0.457483,0.204556,0.024476,0.243454,0.230626,0.223928,0.078963,0.202489,0.261567,0.230554,0.328461,0.232388,0.212707,0.179203,0.280274,0.294541,0.250232,0.356817,0.393827,0.209208,0.256374,-0.118084,-0.193662,0.190475,0.239295
0.020231,0.055137,0.204738,0.488179,0.379075,1.035695,0.295046,0.747479,0.471679,0.000000,0.266584,0.509255,0.307096,0.529698,0.396875,0.752007,0.052993,-0.161738,0.199090,0.205785,0.100757,0.163388,0.433478,0.773046,0.423767,0.751480,0.338348,0.306815,-0.107296,-0.003721,0.226253,0.410169,0.131421,0.060245,0.363609,0.271512,-0.000631,0.041277,0.238598,0.211281,-0.016920,-0.009442,0.253797,0.286099,0.089399,0.135982,0.297872,0.275642,0.103772,0.178604,0.243487,0.165830,0.022162,0.305832,0.030195,0.077480,0.080519,0.040622,0.094687,0.148891,0.223530,0.373502,-0.078172,-0.249969,0.404242,0.786367,0.327245,0.363560,0.175219,0.214146,0.321940,-0.111008,-0.158880,-0.019469,-0.022725,0.034947,0.211483,0.264891,-0.230673,-0.024660,-0.060540,-0.112611,0.121291,0.184402,0.251336,0.392502,0.042850,-0.030501,0.301624,0.625041
0.600710,0.298204,0.466658,0.455843,0.279719,0.204616,0.726396,0.622909,0.276632,0.266584,0.000000,0.786300,0.727528,0.552181,0.368462,0.176074,0.237412,0.404577,0.435503,0.483333,-0.156131,0.067914,0.399156,0.397919,0.075954,0.151231,-0.074745,-0.094895,0.381987,0.360176,0.256482,0.324686,0.372443,0.358569,0.126681,0.241131,-0.083909,-0.034914,-0.102616,0.053204,-0.234843,-0.422478,0.162900,0.160838,0.091684,0.273803,0.348356,0.495736,0.282940,0.380615,0.268409,0.367669,0.365182,0.561509,0.277213,0.413807,0.496279,0.351633,0.505977,0.483938,0.794486,0.597196,0.464915,0.479786,0.377097,0.535664,0.426543,0.321387,0.395878,0.414017,-0.011161,-0.067877,0.245942,-0.005573,0.191868,0.068107,0.616343,0.608423,0.165687,0.702136,0.140143,0.285567,0.281723,0.402833,0.153008,0.128473,0.278201,0.171011,0.222657,0.264052
0.482839,0.479686,0.328314,0.592047,0.347549,0.443418,0.550834,0.798727,0.312555,0.509255,0.786300,0.000000,0.520838,0.645990,0.236240,0.331059,0.331404,0.485525,0.548395,0.554557,-0.066613,0.173222,0.367839,0.552584,0.163028,0.367022,0.124492,0.085538,0.302747,0.508198,0.339709,0.515519,0.392407,0.430882,0.095718,0.137192,-0.281772,-0.097121,-0.003990,0.078893,-0.251895,-0.393489,0.163749,0.254987,0.238398,0.325512,0.459935,0.495430,0.342750,0.337778,0.215046,0.283321,0.232083,0.351586,0.114957,0.285104,0.464354,0.387917,0.494368,0.495049,0.657381,0.745399,0.365225,0.419609,0.342342,0.626799,0.427900,0.346076,0.398622,0.447964,0.195065,-0.148181,0.126003,0.089612,0.062303,0.033932,0.379120,0.454456,0.216275,0.534363,0.192841,0.268198,0.161706,0.374909,0.277169,0.363829,0.210299,0.094417,0.180418,0.442183
0.287083,0.174054,0.166554,0.371711,0.624547,0.302593,0.550109,0.569426,0.524610,0.307096,0.727528,0.520838,0.000000,0.837521,0.528967,0.460883,0.431055,0.401672,0.206397,0.477513,0.163916,0.346380,0.647726,0.395242,0.403968,0.313884,0.075566,0.035012,0.658953,0.663525,0.624646,0.577151,0.382638,0.498645,0.024383,0.037668,-0.021012,-0.101309,-0.206281,-0.116405,-0.136469,-0.296536,0.284016,0.413788,0.459035,0.544878,0.304863,0.477253,0.447210,0.349616,0.498090,0.430797,0.232822,0.548829,0.097405,0.182141,0.299154,0.103780,0.213206,0.097934,0.588453,0.428971,0.628569,0.424204,0.328875,0.519074,0.235260,0.176050,0.374696,0.344079,0.227822,0.250333,0.344777,0.211731,0.369470,0.208214,0.384054,0.317575,0.209531,0.711154,0.538206,0.695844,0.410428,0.517260,0.420730,0.482509,-0.023806,-0.108134,0.110337,0.063073
0.257936,0.118923,0.102995,0.451550,0.512211,0.461446,0.443058,0.827063,0.304183,0.529698,0.552181,0.645990,0.837521,0.000000,0.303897,0.593506,0.307935,0.252990,0.213403,0.612526,0.211649,0.347984,0.557490,0.615698,0.420972,0.368037,0.015542,0.123046,0.396556,0.557621,0.687598,0.753580,0.454244,0.514542,-0.026338,0.038638,-0.015375,-0.170577,-0.122727,-0.076914,-0.130871,-0.279729,0.518122,0.622416,0.651634,0.655482,0.479254,0.694586,0.585728,0.483178,0.597816,0.635730,0.284713,0.594207,0.260957,0.317854,0.199161,0.007082,0.221925,0.217937,0.471005,0.487600,0.481823,0.298291,0.337066,0.756218,0.352399,0.424333,0.301052,0.377267,0.185469,0.123691,0.182616,0.178724,0.472124,0.193345,0.456933,0.352864,0.106465,0.516240,0.391222,0.599917,0.391358,0.535903,0.572905,0.604107,-0.071682,-0.124082,0.149817,0.208623
-0.005084,0.045732,0.408148,0.196737,0.414610,0.237058,0.413844,0.195380,0.644458,0.396875,0.368462,0.236240,0.528967,0.303897,0.000000,0.705597,0.252075,0.178880,0.103297,0.222616,0.193168,0.298517,0.669871,0.395495,0.428597,0.290318,0.270887,0.078068,0.228330,0.220024,0.402453,0.321978,0.267639,0.205156,0.377531,0.166098,0.356878,0.095314,0.104970,0.063835,0.111294,0.003616,0.237855,0.198445,0.123485,0.127735,0.244193,0.257621,0.185654,0.185569,0.404882,0.259682,0.138304,0.422889,0.084399,0.119129,0.119991,0.099111,0.087612,-0.082026,0.339317,0.106810,0.287420,0.133638,0.631611,0.355680,0.279402,0.149922,0.178965,0.170828,0.246656,0.260832,0.344940,0.139560,0.156195,0.222497,0.243850,0.240590,0.018115,0.244861,0.244915,0.237968,0.249809,0.329770,0.388144,0.348714,-0.148479,-0.030223,0.278667,0.116476
-0.022300,0.026519,0.223083,0.360315,0.604062,0.562835,0.318845,0.429887,0.586499,0.752007,0.176074,0.331059,0.460883,0.593506,0.705597,0.000000,0.091995,0.005423,0.130226,0.408968,0.424406,0.532383,0.703301,0.633679,0.607666,0.449677,0.433976,0.395572,0.077669,0.248112,0.581764,0.600142,0.301855,0.227593,0.165378,-0.004142,0.225087,-0.026371,0.238894,0.146330,0.168757,0.024783,0.439544,0.501194,0.303913,0.214934,0.301166,0.320190,0.182393,0.119343,0.480753,0.265515,-0.001348,0.346423,0.049836,0.081115,0.027365,-0.078575,-0.067265,-0.131103,0.197806,0.197835,0.148523,-0.086043,0.575397,0.474747,0.254467,0.252719,0.205925,0.232714,0.431498,0.297121,0.096567,0.086256,0.248973,0.138050,0.229589,0.175317,-0.161197,0.036447,0.289933,0.263864,0.439558,0.498334,0.600975,0.572876,-0.286382,-0.187519,0.354730,0.310866
0.248542,0.520702,-0.028581,0.208013,0.207758,0.169209,0.045500,0.142458,0.254540,0.052993,0.237412,0.331404,0.431055,0.307935,0.252075,0.091995,0.000000,0.856897,0.318267,0.429259,0.179394,0.268540,0.153892,0.037208,0.259785,0.277063,0.201336,0.260851,0.590783,0.427773,0.346473,0.320742,0.477642,0.599345,0.053966,-0.048430,0.064048,0.100721,-0.016413,0.123413,0.116450,0.037247,0.153593,0.239692,0.372013,0.386237,0.301979,0.330800,0.356955,0.286013,0.327270,0.286591,0.196767,0.101983,0.117205,0.077244,0.585508,0.539482,0.262693,0.063889,0.493583,0.175385,0.670961,0.592414,0.087374,0.195844,0.304258,0.212331,0.440981,0.427689,0.135429,0.050558,0.420684,0.320129,0.180049,0.086259,-0.028190,0.021326,0.445700,0.578715,0.637308,0.522381,0.219743,0.332958,0.426796,0.439599,-0.011900,0.171043,0.115033,0.173108
0.437993,0.772926,0.082918,0.238656,0.205639,0.004074,0.182532,0.113416,0.155023,-0.161738,0.404577,0.485525,0.401672,0.252990,0.178880,0.005423,0.856897,0.000000,0.499739,0.615789,0.055687,0.152805,0.152845,0.073717,0.254829,0.100487,0.215238,0.147599,0.706013,0.649664,0.378279,0.293297,0.535037,0.647861,-0.070285,-0.068738,-0.143789,-0.046187,-0.068860,-0.032102,-0.076440,-0.258668,0.144059,0.312849,0.348286,0.414868,0.330574,0.386468,0.433875,0.309801,0.286455,0.255914,0.262051,0.231778,0.088828,0.252612,0.761168,0.706532,0.388956,0.209886,0.552398,0.257226,0.825363,0.911608,0.029923,0.052818,0.248573,0.065545,0.535739,0.516588,0.032351,0.095961,0.421773,0.220469,0.168068,0.070486,0.088547,0.152330,0.507967,0.824404,0.741492,0.711504,0.325718,0.467898,0.389563,0.379437,0.072719,0.217401,0.062482,0.037204
0.762968,0.840644,0.704038,0.666539,0.174615,0.275302,0.553377,0.462294,0.107544,0.199090,0.435503,0.548395,0.206397,0.213403,0.103297,0.130226,0.318267,0.499739,0.000000,0.740954,-0.032391,-0.063275,0.310875,0.518102,0.314133,0.222959,0.254888,0.151398,0.288136,0.381170,0.265455,0.279088,0.618576,0.505157,0.240984,0.267120,-0.195651,0.137033,0.307678,0.310408,-0.184928,-0.323173,0.166205,0.247063,0.168026,0.235244,0.462381,0.440766,0.145659,0.215836,0.065986,0.109070,0.213775,0.316726,0.148121,0.503392,0.665083,0.732134,0.404489,0.472469,0.410708,0.339036,0.243968,0.356957,0.187470,0.240427,0.508763,0.347165,0.667683,0.670620,0.164931,-0.053196,0.079993,0.022116,-0.052945,-0.038156,0.364477,0.486840,0.297079,0.391048,0.213213,0.165961,0.087770,0.286000,0.253462,0.294530,0.479793,0.433964,0.231913,0.438595
0.647958,0.671471,0.353822,0.706244,0.479536,0.288503,0.543517,0.600656,0.304621,0.205785,0.483333,0.554557,0.477513,0.612526,0.222616,0.408968,0.429259,0.615789,0.740954,0.000000,0.252569,0.353531,0.463286,0.452285,0.493970,0.125931,0.151810,0.155022,0.550606,0.723824,0.578002,0.592751,0.680429,0.773739,-0.080354,-0.005070,-0.009723,-0.040409,0.099619,0.105788,-0.193284,-0.327845,0.433817,0.687946,0.452327,0.556111,0.648706,0.740477,0.488846,0.409093,0.503506,0.433606,0.302368,0.604575,0.356757,0.552185,0.653351,0.479194,0.354204,0.323483,0.656913,0.571058,0.690188,0.665498,0.256318,0.401764,0.400226,0.273920,0.763153,0.773664,0.169434,0.114416,0.276860,0.171294,0.374135,0.199101,0.394836,0.379633,0.208429,0.609380,0.562273,0.648368,0.480078,0.650447,0.519388,0.562013,0.072630,0.070195,0.190545,0.235697
-0.142156,-0.006436,-0.145579,-0.002245,0.371888,0.100429,-0.075579,0.066172,0.147141,0.100757,-0.156131,-0.066613,0.163916,0.211649,0.193168,0.424406,0.179394,0.055687,-0.032391,0.252569,0.000000,0.704833,0.123392,-0.005701,0.351514,0.108138,0.219633,0.373980,0.232600,0.250347,0.431413,0.351406,0.283750,0.322005,-0.082860,-0.071737,0.373439,0.070825,0.069882,0.095386,0.263505,0.174867,0.309914,0.335505,0.288427,0.193552,0.103499,0.127747,0.115068,0.010819,0.202230,0.063044,-0.039402,-0.020231,0.127798,-0.064846,0.007442,-0.104411,-0.056235,-0.156836,0.045808,0.013599,0.300776,0.124936,0.015173,0.126157,0.162795,0.214968,0.144588,0.162459,0.440597,0.339074,0.206547,0.303679,0.428456,0.253581,0.075041,-0.005104,-0.010774,0.104661,0.464272,0.382845,0.481679,0.545823,0.521250,0.293176,-0.228664,-0.042575,0.186485,0.044176
-0.022616,0.017162,-0.100572,0.213331,0.550097,0.345732,0.042979,0.214156,0.386595,0.163388,0.067914,0.173222,0.346380,0.347984,0.298517,0.532383,0.268540,0.152805,-0.063275,0.353531,0.704833,0.000000,0.274798,0.074767,0.324504,0.131297,0.191616,0.454506,0.384449,0.420032,0.580766,0.610005,0.349651,0.474237,-0.192869,-0.128561,0.309918,-0.052790,-0.097337,-0.062438,0.071530,0.007654,0.368350,0.423315,0.392207,0.274690,0.273326,0.361955,0.244881,0.108586,0.323154,0.237269,0.072750,0.118422,0.165118,-0.028117,0.100387,-0.043461,0.131924,-0.077540,0.300137,0.209114,0.443231,0.251944,0.138650,0.302508,0.161061,0.160176,0.162482,0.190005,0.397618,0.331384,0.303812,0.381882,0.625998,0.307694,0.087422,0.018765,0.015919,0.197117,0.519717,0.422341,0.669473,0.687425,0.494963,0.305026,-0.226854,-0.162023,0.115615,0.042532
0.194204,0.154535,0.732881,0.608791,0.628120,0.436470,0.596797,0.480645,0.509542,0.433478,0.399156,0.367839,0.647726,0.557490,0.669871,0.703301,0.153892,0.152845,0.310875,0.463286,0.123392,0.274798,0.000000,0.889627,0.807147,0.525669,0.466798,0.205733,0.280914,0.393614,0.848037,0.856370,0.421237,0.375735,0.366672,0.137747,0.056935,-0.211274,0.034319,0.039753,-0.120324,-0.379052,0.362665,0.352929,0.346597,0.266189,0.415548,0.488203,0.194421,0.112344,0.490858,0.336487,0.167841,0.521122,0.066264,0.248794,0.150055,0.023866,0.076217,0.001203,0.273541,0.246615,0.175366,0.078619,0.608919,0.573981,0.422694,0.308007,0.380454,0.294229,0.219871,0.231062,0.031263,0.054275,0.254654,0.208852,0.370244,0.347425,0.119397,0.304180,0.305799,0.353304,0.337729,0.429890,0.449401,0.498803,0.038350,-0.107141,0.309704,0.141286
0.265516,0.262109,0.649471,1.025455,0.399303,0.719652,0.595318,0.908297,0.254959,0.773046,0.397919,0.552584,0.395242,0.615698,0.395495,0.633679,0.037208,0.073717,0.518102,0.452285,-0.005701,0.074767,0.889627,0.000000,0.611051,0.687933,0.368816,0.241654,0.061057,0.246916,0.480599,0.622037,0.395161,0.292064,0.474629,0.383091,-0.187756,-0.028830,0.282078,0.173471,-0.272291,-0.308359,0.298154,0.346883,0.162753,0.174481,0.425702,0.445129,0.111764,0.146858,0.219536,0.203052,0.072409,0.395984,0.012762,0.322673,0.221183,0.182624,0.130599,0.220816,0.269627,0.461100,-0.006816,-0.023839,0.461234,0.687671,0.462104,0.433436,0.361280,0.416343,0.307543,0.037627,-0.048294,-0.024712,0.025182,0.019257,0.389121,0.480554,-0.031835,0.116118,0.024632,0.039397,0.072089,0.198838,0.287732,0.478106,0.174955,0.110242,0.199740,0.363905
0.054639,0.296430,0.337121,0.514446,0.645970,0.628326,0.256753,0.319871,0.415738,0.423767,0.075954,0.163028,0.403968,0.420972,0.428597,0.607666,0.259785,0.254829,0.314133,0.493970,0.351514,0.324504,0.807147,0.611051,0.000000,0.604612,0.678865,0.574257,0.322774,0.421977,0.780712,0.620747,0.352373,0.377839,0.236851,0.098086,0.119218,-0.087580,0.241055,0.138727,-0.113442,-0.212721,0.435631,0.519616,0.472470,0.394773,0.543523,0.462612,0.259913,0.215885,0.458466,0.276884,0.118123,0.332175,0.059291,0.205512,0.258368,0.193783,-0.009445,-0.044787,0.170551,0.169616,0.258360,0.089497,0.262629,0.330294,0.288015,0.190279,0.471187,0.444043,0.287761,0.191161,0.054529,0.170713,0.196220,0.103238,0.171090,0.158656,0.153436,0.232034,0.425513,0.390188,0.290588,0.403984,0.474178,0.550206,-0.064552,0.105683,0.220193,0.190641
0.017228,0.241858,0.293263,0.503121,0.407329,0.904002,0.211904,0.464252,0.267281,0.751480,0.151231,0.367022,0.313884,0.368037,0.290318,0.449677,0.277063,0.100487,0.222959,0.125931,0.108138,0.131297,0.525669,0.687933,0.604612,0.000000,0.680243,0.577223,0.037726,0.079903,0.350710,0.461177,0.235830,0.203667,0.344256,0.212303,-0.048887,-0.017498,0.224490,0.277021,-0.001328,-0.134146,0.208798,0.229618,0.206536,0.198637,0.308105,0.290538,0.139339,0.137888,0.235249,0.157437,0.038226,0.105006,-0.067825,0.131072,0.192403,0.181781,0.143048,0.129441,0.167550,0.163635,-0.023200,-0.111277,0.170780,0.490959,0.394664,0.369112,0.260058,0.272447,0.272378,0.038511,-0.136505,0.020320,-0.080542,-0.057652,0.017765,0.069283,0.041925,0.072154,0.147839,0.040765,0.105847,0.166622,0.320496,0.512498,0.203531,0.242437,0.292369,0.441451
0.046354,0.415649,0.371240,0.289845,0.335290,0.530248,0.034005,0.009446,0.181214,0.338348,-0.074745,0.124492,0.075566,0.015542,0.270887,0.433976,0.201336,0.215238,0.254888,0.151810,0.219633,0.191616,0.466798,0.368816,0.678865,0.680243,0.000000,0.902564,-0.037391,0.002715,0.324658,0.291666,0.225119,0.110860,0.323191,0.079392,0.026847,-0.102820,0.421118,0.283482,0.096853,-0.032824,0.143005,0.157161,0.234472,0.115702,0.230523,0.097859,0.102439,0.051009,0.267200,0.053614,-0.051361,-0.030909,-0.179523,0.006319,0.277211,0.310361,0.137424,0.011625,0.071279,-0.079561,0.030773,-0.049944,0.145701,0.097481,0.327197,0.185642,0.351836,0.212073,0.271768,0.147165,-0.161354,-0.015943,-0.143914,-0.145214,-0.247102,-0.149063,0.084385,-0.051104,0.209020,0.022479,0.157713,0.170508,0.327280,0.416289,-0.004972,0.155543,0.446662,0.326722
0.079159,0.328926,0.102186,0.344251,0.442853,0.728936,-0.031842,0.141134,0.125520,0.306815,-0.094895,0.085538,0.035012,0.123046,0.078068,0.395572,0.260851,0.147599,0.151398,0.155022,0.373980,0.454506,0.205733,0.241654,0.574257,0.577223,0.902564,0.000000,-0.001339,0.021052,0.360242,0.386730,0.243929,0.234978,0.030981,-0.042239,0.025887,-0.133313,0.354750,0.290259,0.004045,-0.039647,0.263667,0.245158,0.346423,0.172587,0.239711,0.172283,0.152581,0.110484,0.269891,0.137721,0.027543,-0.111586,0.027080,-0.028328,0.292740,0.252551,0.179838,0.079782,0.144564,0.011171,0.106241,-0.032064,-0.000266,0.173940,0.306907,0.296451,0.318166,0.276699,0.234096,0.154676,-0.071051,0.103078,0.071741,-0.099746,-0.198414,-0.209460,0.073476,-0.084783,0.271319,0.054285,0.330180,0.274692,0.310520,0.296858,0.005512,0.208218,0.381212,0.268797
0.239227,0.244819,0.035432,0.258696,0.421720,0.073772,0.360971,0.296933,0.292348,-0.107296,0.381987,0.302747,0.658953,0.396556,0.228330,0.077669,0.590783,0.706013,0.288136,0.550606,0.232600,0.384449,0.280914,0.061057,0.322774,0.037726,-0.037391,-0.001339,0.000000,1.173615,0.672169,0.530634,0.538263,0.694921,-0.096810,-0.009946,-0.038572,-0.126693,-0.321089,-0.249395,-0.250333,-0.388075,0.167432,0.327893,0.385220,0.375978,0.283273,0.438881,0.244637,0.172709,0.179194,0.236217,0.065753,0.291028,0.012948,0.132334,0.335379,0.168905,0.174031,0.049518,0.426019,0.404574,0.777545,0.671932,0.134800,0.227297,0.166147,0.107481,0.395718,0.409220,0.120605,0.151090,0.586985,0.373709,0.471428,0.291679,0.382857,0.297145,0.596286,0.839608,0.813054,0.840653,0.422748,0.687964,0.299288,0.162522,0.023769,-0.057453,-0.184119,-0.189980
0.221048,0.279329,0.127355,0.398269,0.509346,0.132472,0.466782,0.442126,0.278093,-0.003721,0.360176,0.508198,0.663525,0.557621,0.220024,0.248112,0.427773,0.649664,0.381170,0.723824,0.250347,0.420032,0.393614,0.246916,0.421977,0.079903,0.002715,0.021052,1.173615,0.000000,0.883197,0.718951,0.651468,0.799131,-0.111438,0.013046,-0.065423,-0.127374,-0.206702,-0.144967,-0.240184,-0.414049,0.380970,0.566743,0.490700,0.490869,0.496165,0.657796,0.305651,0.161614,0.233558,0.243991,0.114944,0.387228,0.105900,0.259823,0.249037,0.121913,0.158551,0.079964,0.361652,0.488905,0.672344,0.598761,0.211731,0.297870,0.226110,0.172381,0.342247,0.422700,0.180712,0.191333,0.459634,0.300509,0.556568,0.182029,0.504046,0.395054,0.416104,0.846510,0.724139,0.893201,0.408094,0.764209,0.453425,0.318427,0.026455,-0.031326,-0.169424,-0.122617
0.020758,0.099626,0.252728,0.410302,0.643687,0.344504,0.375570,0.395647,0.274449,0.226253,0.256482,0.339709,0.624646,0.687598,0.402453,0.581764,0.346473,0.378279,0.265455,0.578002,0.431413,0.580766,0.848037,0.480599,0.780712,0.350710,0.324658,0.360242,0.672169,0.883197,0.000000,1.421721,0.754906,0.749670,0.113776,0.111207,0.100544,-0.222651,-0.009592,-0.043549,-0.083049,-0.301142,0.594667,0.608311,0.608324,0.453571,0.481547,0.652574,0.216470,0.054228,0.346260,0.267711,0.054122,0.354884,0.140722,0.150213,0.096265,-0.072912,0.010930,-0.145309,0.184263,0.214017,0.427481,0.242129,0.361331,0.509740,0.386303,0.396606,0.287627,0.319492,0.311589,0.282450,0.277858,0.200479,0.593173,0.199270,0.435667,0.313016,0.183965,0.509668,0.604311,0.705680,0.529840,0.775603,0.703829,0.446227,-0.015552,-0.084771,0.111338,-0.058820
0.122762,0.135979,0.253038,0.610754,0.706448,0.483379,0.382970,0.623109,0.342368,0.410169,0.324686,0.515519,0.577151,0.753580,0.321978,0.600142,0.320742,0.293297,0.279088,0.592751,0.351406,0.610005,0.856370,0.622037,0.620747,0.461177,0.291666,0.386730,0.530634,0.718951,1.421721,0.000000,0.740294,0.808928,0.140901,0.181562,0.029859,-0.257272,-0.040539,0.011756,-0.086250,-0.365790,0.578580,0.586891,0.598079,0.457374,0.443730,0.712273,0.232946,0.096882,0.349997,0.319228,0.089550,0.340609,0.163194,0.139167,0.173906,-0.037443,0.131387,-0.006479,0.284185,0.354343,0.373297,0.182213,0.435674,0.794504,0.522578,0.567158,0.323063,0.352083,0.308702,0.212158,0.189293,0.205275,0.559833,0.261695,0.446130,0.298974,0.125284,0.442619,0.519463,0.523809,0.556665,0.717182,0.719375,0.468629,0.092414,-0.099149,0.192173,0.103986
0.348417,0.413705,0.392764,0.480282,0.449924,0.199415,0.415087,0.366793,0.131112,0.131421,0.372443,0.392407,0.382638,0.454244,0.267639,0.301855,0.477642,0.535037,0.618576,0.680429,0.283750,0.349651,0.421237,0.395161,0.352373,0.235830,0.225119,0.243929,0.538263,0.651468,0.754906,0.740294,0.000000,1.272102,0.251732,0.343582,0.053421,-0.064870,0.104694,0.121671,-0.019888,-0.291726,0.528224,0.511866,0.523234,0.474897,0.510369,0.712129,0.237964,0.141782,0.264354,0.262087,0.112200,0.279896,0.252837,0.365534,0.495509,0.396986,0.349940,0.173758,0.451671,0.358100,0.460520,0.488907,0.409552,0.531414,0.759900,0.708673,0.445230,0.537244,0.150273,0.176568,0.277556,0.081139,0.400027,0.131866,0.568079,0.443314,0.276121,0.622303,0.566404,0.546971,0.424070,0.541785,0.709670,0.430093,0.202300,0.167606,0.186832,0.179315
0.423831,0.502450,0.193436,0.508296,0.504390,0.209573,0.320838,0.440837,0.191117,0.060245,0.358569,0.430882,0.498645,0.514542,0.205156,0.227593,0.599345,0.647861,0.505157,0.773739,0.322005,0.474237,0.375735,0.292064,0.377839,0.203667,0.110860,0.234978,0.694921,0.799131,0.749670,0.808928,1.272102,0.000000,0.059299,0.194244,0.038265,-0.088279,-0.086769,0.077834,-0.098639,-0.339957,0.573960,0.629117,0.633582,0.649549,0.532214,0.823235,0.396058,0.298297,0.361873,0.411089,0.246444,0.361237,0.341425,0.398801,0.614701,0.428265,0.392624,0.240696,0.539074,0.421646,0.701009,0.646830,0.206090,0.520413,0.636716,0.584713,0.581707,0.667799,0.136008,0.128883,0.350468,0.250599,0.515704,0.309775,0.473867,0.313985,0.343031,0.775319,0.775929,0.733283,0.506598,0.673459,0.679148,0.497609,0.182170,0.154227,0.162574,0.152260
-0.146349,0.022746,0.439598,0.221259,-0.107357,0.152265,0.106265,0.070190,0.141686,0.363609,0.126681,0.095718,0.024383,-0.026338,0.377531,0.165378,0.053966,-0.070285,0.240984,-0.080354,-0.082860,-0.192869,0.366672,0.474629,0.236851,0.344256,0.323191,0.030981,-0.096810,-0.111438,0.113776,0.140901,0.251732,0.059299,0.000000,0.939069,0.141003,0.193189,0.326621,0.297608,0.067478,0.010297,0.008381,-0.153072,-0.172818,-0.147525,0.153457,0.068201,-0.301110,-0.156344,-0.168926,-0.190699,-0.171236,0.013194,0.028678,0.130048,0.027943,0.166390,-0.057406,-0.046249,-0.038271,0.024792,-0.262128,-0.205132,0.545361,0.371901,0.487045,0.437772,0.033711,0.045362,0.044223,-0.216535,-0.045619,-0.052119,-0.148150,0.098167,0.272624,0.401614,0.056052,0.062528,-0.243143,-0.243076,-0.300547,-0.037497,0.071929,0.086399,0.254264,0.231015,0.307856,0.341611
-0.065737,-0.043711,0.305372,0.263380,-0.008481,0.110674,0.143555,0.216959,-0.064397,0.271512,0.241131,0.137192,0.037668,0.038638,0.166098,-0.004142,-0.048430,-0.068738,0.267120,-0.005070,-0.071737,-0.128561,0.137747,0.383091,0.098086,0.212303,0.079392,-0.042239,-0.009946,0.013046,0.111207,0.181562,0.343582,0.194244,0.939069,0.000000,0.152797,0.293845,0.292799,0.353051,0.053815,-0.044183,0.077717,-0.080180,-0.171791,-0.085595,0.194679,0.193997,-0.303621,-0.138530,-0.303648,-0.229936,-0.069025,0.042766,0.173480,0.243736,0.040599,0.140624,0.035623,0.104949,-0.016928,0.150589,-0.177863,-0.136000,0.312310,0.424453,0.446322,0.567407,-0.003429,0.042999,0.043052,-0.167927,-0.017806,-0.065438,-0.067482,0.055541,0.466984,0.559291,-0.118822,0.136134,-0.248089,-0.216172,-0.193998,0.000174,0.132727,0.036402,0.468037,0.371695,0.215273,0.308201
-0.329582,-0.326831,0.003825,-0.243722,0.023371,-0.168357,-0.082249,-0.190724,0.157044,-0.000631,-0.083909,-0.281772,-0.021012,-0.015375,0.356878,0.225087,0.064048,-0.143789,-0.195651,-0.009723,0.373439,0.309918,0.056935,-0.187756,0.119218,-0.048887,0.026847,0.025887,-0.038572,-0.065423,0.100544,0.029859,0.053421,0.038265,0.141003,0.152797,0.000000,0.430229,0.196749,0.263732,0.687960,0.402265,0.256261,0.087119,0.044538,0.071408,0.121450,0.086496,-0.061509,0.038931,0.125961,0.034841,0.121383,0.081034,0.363221,0.004620,-0.200077,-0.183015,-0.096868,-0.208761,-0.100319,-0.178482,0.074339,-0.015699,0.234686,0.104658,0.184452,0.225958,-0.133738,-0.156980,0.111360,0.104606,0.078544,0.005482,0.253727,0.085798,0.121303,0.060686,-0.182928,-0.053977,0.018548,0.046129,0.124441,0.256019,0.297798,0.104950,-0.226949,0.055933,0.393116,0.149507
-0.032738,-0.055093,-0.016148,-0.034515,-0.158579,-0.049929,-0.027598,-0.011324,-0.032389,0.041277,-0.034914,-0.097121,-0.101309,-0.170577,0.095314,-0.026371,0.100721,-0.046187,0.137033,-0.040409,0.070825,-0.052790,-0.211274,-0.028830,-0.087580,-0.017498,-0.102820,-0.133313,-0.126693,-0.127374,-0.222651,-0.257272,-0.064870,-0.088279,0.193189,0.293845,0.430229,0.000000,0.381679,0.483202,0.307832,0.548635,-0.018503,-0.061264,-0.261129,-0.105198,0.065165,-0.060004,-0.223071,-0.058058,-0.204614,-0.230246,0.022535,0.031166,0.217538,0.112542,-0.038290,0.111070,-0.028775,0.011115,-0.030441,-0.033975,-0.057582,-0.064855,-0.003420,-0.076610,0.083990,0.097078,-0.020659,0.035187,0.067772,-0.084716,0.020509,-0.069191,-0.167668,-0.123879,0.089734,0.283230,-0.141351,-0.097614,-0.144733,-0.156807,-0.298949,-0.051358,0.066767,0.048346,0.150034,0.446311,0.174246,0.257883
-0.019817,0.143451,0.295154,0.206946,-0.106269,0.199865,0.044762,0.018143,-0.186181,0.238598,-0.102616,-0.003990,-0.206281,-0.122727,0.104970,0.238894,-0.016413,-0.068860,0.307678,0.099619,0.069882,-0.097337,0.034319,0.282078,0.241055,0.224490,0.421118,0.354750,-0.321089,-0.206702,-0.009592,-0.040539,0.104694,-0.086769,0.326621,0.292799,0.196749,0.381679,0.000000,0.889769,0.260920,0.305149,0.046508,0.012272,-0.067296,-0.078487,0.135055,-0.029439,-0.162597,-0.121351,-0.071239,-0.221512,-0.168430,-0.124360,0.158225,0.217468,-0.005063,0.200136,-0.046445,0.034109,-0.145840,-0.131105,-0.244419,-0.218412,0.204951,-0.044110,0.239802,0.229476,0.108974,0.149516,0.075692,-0.046777,-0.142120,-0.135354,-0.328745,-0.256203,-0.047849,0.105746,-0.143828,-0.277122,-0.205787,-0.293687,-0.161231,-0.036872,0.206117,0.266560,0.234423,0.531855,0.420441,0.484201
0.047767,0.154494,0.312158,0.225095,-0.074548,0.173584,0.135507,0.126896,-0.034899,0.211281,0.053204,0.078893,-0.116405,-0.076914,0.063835,0.146330,0.123413,-0.032102,0.310408,0.105788,0.095386,-0.062438,0.039753,0.173471,0.138727,0.277021,0.283482,0.290259,-0.249395,-0.144967,-0.043549,0.011756,0.121671,0.077834,0.297608,0.353051,0.263732,0.483202,0.889769,0.000000,0.380034,0.366292,0.108109,-0.018025,-0.076594,-0.012147,0.185797,0.088326,-0.125926,-0.033675,-0.068318,-0.185453,0.045723,-0.026151,0.316262,0.324512,0.072354,0.254840,0.102841,0.167912,0.034288,0.003544,-0.111012,-0.139835,0.227286,0.114116,0.367757,0.376125,0.159744,0.197958,-0.073256,-0.173372,-0.131877,-0.132574,-0.219965,-0.179478,0.087038,0.217699,-0.145781,-0.066718,-0.191693,-0.202362,-0.014512,0.125847,0.208338,0.240775,0.460228,0.675756,0.570769,0.679430
-0.344304,-0.207379,-0.157863,-0.454438,-0.151735,-0.291802,-0.271131,-0.321840,-0.028926,-0.016920,-0.234843,-0.251895,-0.136469,-0.130871,0.111294,0.168757,0.116450,-0.076440,-0.184928,-0.193284,0.263505,0.071530,-0.120324,-0.272291,-0.113442,-0.001328,0.096853,0.004045,-0.250333,-0.240184,-0.083049,-0.086250,-0.019888,-0.098639,0.067478,0.053815,0.687960,0.307832,0.260920,0.380034,0.000000,0.726331,0.007765,-0.110003,-0.074701,-0.040012,-0.211329,-0.218820,-0.077428,-0.063479,0.033381,-0.096707,0.068634,-0.142984,0.165522,-0.108736,-0.210549,-0.125465,-0.133228,-0.227634,-0.192826,-0.375223,-0.021957,-0.154588,0.076869,-0.119261,0.014838,0.093341,-0.235818,-0.295378,0.146960,0.187239,0.002311,-0.106909,0.039427,-0.151809,-0.172110,-0.163843,-0.263343,-0.202109,-0.037268,-0.056944,0.031851,0.049846,0.277203,0.139657,-0.178666,0.039191,0.312645,0.181627
-0.401892,-0.281655,-0.329545,-0.428003,-0.348169,-0.187913,-0.376792,-0.306667,-0.043232,-0.009442,-0.422478,-0.393489,-0.296536,-0.279729,0.003616,0.024783,0.037247,-0.258668,-0.323173,-0.327845,0.174867,0.007654,-0.379052,-0.308359,-0.212721,-0.134146,-0.032824,-0.039647,-0.388075,-0.414049,-0.301142,-0.365790,-0.291726,-0.339957,0.010297,-0.044183,0.402265,0.548635,0.305149,0.366292,0.726331,0.000000,-0.073387,-0.136467,-0.272239,-0.171803,-0.279306,-0.328176,-0.192165,-0.106560,-0.151459,-0.242028,-0.063305,-0.205513,0.087686,-0.236994,-0.330239,-0.168213,-0.253999,-0.269889,-0.291730,-0.368001,-0.177350,-0.262724,-0.104194,-0.238770,-0.176627,-0.093049,-0.377698,-0.319675,0.116447,-0.022466,0.007296,-0.058257,-0.181355,-0.197642,-0.260361,-0.155459,-0.391870,-0.426970,-0.283802,-0.252814,-0.185271,-0.198967,-0.005385,-0.015773,-0.209397,0.044974,0.106419,0.112001
0.095572,0.150110,0.121283,0.309052,0.459954,0.273580,0.223818,0.342677,0.161971,0.253797,0.162900,0.163749,0.284016,0.518122,0.237855,0.439544,0.153593,0.144059,0.166205,0.433817,0.309914,0.368350,0.362665,0.298154,0.435631,0.208798,0.143005,0.263667,0.167432,0.380970,0.594667,0.578580,0.528224,0.573960,0.008381,0.077717,0.256261,-0.018503,0.046508,0.108109,0.007765,-0.073387,0.000000,1.204856,0.683781,0.626440,0.788892,1.029127,0.386888,0.235712,0.466910,0.380784,0.310299,0.512122,0.273311,0.305674,0.138175,0.027687,0.141969,0.060427,0.188383,0.176177,0.245145,0.098011,0.162021,0.331066,0.483220,0.450483,0.239260,0.359882,0.146555,0.221708,-0.098414,-0.120957,0.328438,-0.024061,0.340507,0.141837,-0.184059,0.261825,0.297727,0.374945,0.374983,0.383165,0.602706,0.396723,0.011104,-0.000466,0.141223,0.104858
0.210043,0.310858,0.035848,0.431583,0.493166,0.364236,0.258091,0.455778,0.267074,0.286099,0.160838,0.254987,0.413788,0.622416,0.198445,0.501194,0.239692,0.312849,0.247063,0.687946,0.335505,0.423315,0.352929,0.346883,0.519616,0.229618,0.157161,0.245158,0.327893,0.566743,0.608311,0.586891,0.511866,0.629117,-0.153072,-0.080180,0.087119,-0.061264,0.012272,-0.018025,-0.110003,-0.136467,1.204856,0.000000,0.791541,0.858589,0.673907,1.050045,0.533834,0.354445,0.505993,0.443586,0.207441,0.603537,0.187757,0.359674,0.280500,0.111892,0.180816,0.110280,0.286933,0.273034,0.357744,0.211880,0.139352,0.308480,0.357896,0.288498,0.413890,0.524590,0.189259,0.221241,-0.032927,0.001097,0.328757,0.012216,0.236716,0.106443,-0.070549,0.361798,0.472867,0.512602,0.442732,0.492951,0.572986,0.494448,-0.046288,-0.079763,0.025285,0.060274
0.197839,0.280649,0.017393,0.216958,0.522103,0.223277,0.134304,0.246018,0.205252,0.089399,0.091684,0.238398,0.459035,0.651634,0.123485,0.303913,0.372013,0.348286,0.168026,0.452327,0.288427,0.392207,0.346597,0.162753,0.472470,0.206536,0.234472,0.346423,0.385220,0.490700,0.608324,0.598079,0.523234,0.633582,-0.172818,-0.171791,0.044538,-0.261129,-0.067296,-0.076594,-0.074701,-0.272239,0.683781,0.791541,0.000000,1.355196,0.474171,0.689131,0.904619,0.511349,0.767107,0.698155,0.342401,0.317857,0.177120,0.155032,0.289954,0.104599,0.327387,0.145047,0.298821,0.142834,0.494346,0.347516,0.147958,0.281767,0.446345,0.372086,0.372630,0.429521,0.123647,0.309513,0.011699,0.149239,0.352757,0.122507,0.083386,-0.080022,0.292211,0.428951,0.634534,0.679351,0.430289,0.425714,0.655268,0.610947,-0.086353,-0.073694,0.157949,0.052866
0.299995,0.393512,0.038256,0.279006,0.393820,0.204553,0.208631,0.360449,0.266279,0.135982,0.273803,0.325512,0.544878,0.655482,0.127735,0.214934,0.386237,0.414868,0.235244,0.556111,0.193552,0.274690,0.266189,0.174481,0.394773,0.198637,0.115702,0.172587,0.375978,0.490869,0.453571,0.457374,0.474897,0.649549,-0.147525,-0.085595,0.071408,-0.105198,-0.078487,-0.012147,-0.040012,-0.171803,0.626440,0.858589,1.355196,0.000000,0.543746,0.811674,1.073139,0.823642,0.751041,0.779454,0.515150,0.525619,0.350379,0.348020,0.448675,0.263194,0.493204,0.328922,0.472060,0.265660,0.612107,0.493691,0.140089,0.350288,0.502960,0.350625,0.469699,0.554048,0.082742,0.127765,0.044043,0.136651,0.302374,0.129332,0.156689,0.039696,0.238518,0.557041,0.512659,0.631300,0.353472,0.453848,0.492385,0.552946,-0.023906,0.040087,0.183621,0.155457
0.286054,0.405658,0.369617,0.535254,0.431516,0.389922,0.361666,0.439802,0.263163,0.297872,0.348356,0.459935,0.304863,0.479254,0.244193,0.301166,0.301979,0.330574,0.462381,0.648706,0.103499,0.273326,0.415548,0.425702,0.543523,0.308105,0.230523,0.239711,0.283273,0.496165,0.481547,0.443730,0.510369,0.532214,0.153457,0.194679,0.121450,0.065165,0.135055,0.185797,-0.211329,-0.279306,0.788892,0.673907,0.474171,0.543746,0.000000,1.103823,0.428798,0.357790,0.441676,0.382241,0.442882,0.520869,0.432084,0.579134,0.393181,0.353524,0.353273,0.339645,0.474578,0.517760,0.315598,0.331198,0.296582,0.427832,0.521927,0.369420,0.410598,0.452853,0.055091,-0.103305,-0.132536,0.016826,0.202542,0.032577,0.375324,0.328703,0.143550,0.445926,0.274345,0.383710,0.266233,0.391120,0.420338,0.467567,0.126384,0.155618,0.253435,0.353647
0.384290,0.398006,0.298116,0.617198,0.497820,0.393756,0.420583,0.581843,0.306853,0.275642,0.495736,0.495430,0.477253,0.694586,0.257621,0.320190,0.330800,0.386468,0.440766,0.740477,0.127747,0.361955,0.488203,0.445129,0.462612,0.290538,0.097859,0.172283,0.438881,0.657796,0.652574,0.712273,0.712129,0.823235,0.068201,0.193997,0.086496,-0.060004,-0.029439,0.088326,-0.218820,-0.328176,1.029127,1.050045,0.689131,0.811674,1.103823,0.000000,0.524013,0.442090,0.452769,0.538111,0.423026,0.720794,0.440569,0.561927,0.439455,0.286651,0.433297,0.373464,0.516711,0.497901,0.434372,0.411299,0.327503,0.569244,0.692078,0.537331,0.475932,0.642525,0.004796,-0.002396,-0.005213,0.026406,0.332203,0.110116,0.561867,0.408441,0.120641,0.651561,0.385553,0.483887,0.395771,0.570062,0.496588,0.423122,0.237108,0.127434,0.133662,0.191494
