0.000000,1.435920,0.882405,0.896896,1.010294,0.883296,1.058317,1.037983,1.005440,0.863274,0.913154,0.875253,0.978887,1.098655,0.881136,0.940970,1.235319,1.258820,1.465775,1.597036,0.135681,0.386814,0.731957,0.540408,0.746980,0.776436,0.756019,0.900588,1.116899,1.254682,0.878224,0.770472,1.334005,1.257178,0.495949,0.660946,0.630034,0.701089,0.722282,0.773006,0.577705,0.677322,1.120024,0.948510,0.895399,0.909505,1.233619,1.197821,0.764575,0.579301,0.777952,0.899989,1.074292,1.027004,1.025970,0.947741,1.595117,1.284294,1.476038,1.234750,1.429177,0.978550,1.059712,1.197041,0.617935,0.618783,1.137949,1.099535,1.135240,1.099256,0.426817,0.720383,1.149443,1.152073,1.057209,1.030003,0.935025,0.905066,0.688336,1.111836,1.221760,1.136306,0.786262,1.010464,0.849054,0.911222,0.680493,0.720735,1.106062,1.152367
1.435920,0.000000,0.878472,0.876026,1.061396,0.892753,0.943042,0.988358,1.049783,0.901722,0.803109,0.894478,0.944459,1.050688,0.917012,0.966525,1.386130,1.291415,1.440742,1.710657,0.144931,0.385584,0.705818,0.439059,0.761033,0.755342,0.861792,1.005887,0.972452,1.335783,0.736597,0.673445,1.268880,1.195651,0.422962,0.554457,0.555569,0.690799,0.746182,0.834589,0.513048,0.697217,1.114679,0.954069,1.069230,1.033117,1.468962,1.402340,1.024911,0.827581,0.991370,1.140306,1.266794,1.325981,1.251850,1.221915,1.428003,2.003763,1.341354,1.408907,1.236331,0.927595,0.950639,1.175406,0.596554,0.587930,1.214729,1.130889,1.386485,1.398171,0.347982,0.672007,1.084520,1.205669,1.043869,0.951406,0.657630,0.668149,0.676148,1.203590,1.183515,1.249473,0.839563,1.112722,0.860517,0.914022,0.698673,0.831657,1.162827,1.218621
0.882405,0.878472,0.000000,1.447855,1.105601,1.019927,1.810796,1.418559,1.331120,1.106253,1.011874,1.053890,1.169948,1.073655,1.272772,1.179964,0.799978,0.804286,1.122969,0.884833,0.196477,0.453698,1.702643,1.140364,1.427402,1.338825,0.881980,0.802389,0.759757,0.874369,1.039634,1.016472,0.994250,1.021400,0.740497,0.905487,0.519002,0.627291,0.509225,0.558392,0.462562,0.672373,0.911318,0.763006,1.021461,1.015326,1.003051,1.033617,0.863188,0.858761,1.070867,1.110933,0.897672,1.071202,0.850328,0.821488,0.735161,0.852704,0.890579,0.808356,1.057750,0.857990,0.545130,0.648123,1.204728,0.934077,1.064105,1.044372,0.817753,0.869851,0.445344,0.740569,0.845160,0.856449,0.733341,0.564709,0.685462,0.737790,0.581664,0.975634,1.000104,1.069640,0.617399,0.890024,1.110493,1.116423,0.590160,0.656575,1.194663,1.049144
0.896896,0.876026,1.447855,0.000000,1.219625,1.356363,1.468235,1.999825,1.237774,1.443279,0.816085,1.139846,0.909086,1.041620,1.207420,1.184837,0.869307,0.755305,1.230730,1.030576,0.129975,0.378618,1.449478,1.286558,1.138604,1.259702,0.778583,0.863006,0.765152,0.862616,0.923401,1.004384,1.046746,1.150161,0.552015,0.916574,0.439749,0.743959,0.570160,0.623894,0.307671,0.712934,1.013293,0.756154,1.010556,1.029495,1.077750,1.029938,0.928108,0.767940,0.952136,1.024833,0.870231,1.159704,0.824289,0.841226,0.752606,0.792026,1.003970,0.919122,1.065769,0.937959,0.687226,0.730868,0.922088,0.933837,1.081738,1.135069,0.819853,0.857239,0.431090,0.705646,0.861593,0.953175,0.828158,0.662845,0.755748,0.851474,0.548719,0.999419,0.972827,1.032476,0.735345,0.910247,1.044842,1.177300,0.798633,0.832405,1.250112,1.322073
1.010294,1.061396,1.105601,1.219625,0.000000,1.563459,1.219756,1.291593,1.746913,1.557424,0.740616,0.891635,0.880329,0.992458,1.263954,1.343376,1.097259,0.861814,1.373309,1.166416,0.109366,0.289299,1.084918,0.811959,1.023338,1.168712,1.158945,1.316216,0.928638,0.984827,0.795747,0.793140,1.058437,1.045883,0.504575,0.721006,0.486132,0.846048,0.597823,0.723801,0.367264,0.641686,1.255296,0.921897,1.165725,1.177427,1.294902,1.177889,1.119047,0.926817,1.087579,1.085524,0.992659,1.458553,0.979397,1.089920,0.895883,0.971931,1.251453,1.176679,1.117422,0.713610,0.794384,0.810026,0.837122,0.663305,1.277365,1.258099,1.103303,1.166670,0.190096,0.477947,0.965164,0.976650,1.027890,0.769665,0.670666,0.668964,0.618006,1.020579,1.082449,1.111919,0.782140,0.981531,0.921122,1.067512,0.781721,0.823459,1.331560,1.405785
0.883296,0.892753,1.019927,1.356363,1.563459,0.000000,1.107364,1.344102,1.305350,1.836834,0.647085,0.886395,0.716111,0.915661,1.090113,1.122120,0.914768,0.757239,1.197359,1.043253,0.096437,0.241149,1.065556,0.871302,0.967954,1.153168,1.012733,1.230754,0.822353,0.826525,0.687538,0.736832,0.958770,1.016773,0.436969,0.756419,0.399201,0.891135,0.598155,0.687232,0.238756,0.713396,1.204218,0.879228,1.071899,1.109735,1.209295,1.103747,1.089941,0.873951,1.022583,1.018941,0.860351,1.292530,0.893319,0.969925,0.756858,0.784083,1.158475,1.087803,0.979675,0.750564,0.691061,0.714316,0.720550,0.663162,1.148109,1.175434,0.893419,0.951080,0.186312,0.433753,0.863385,0.936240,0.974165,0.702521,0.667463,0.706690,0.521483,1.007417,0.942925,0.943917,0.669773,0.909403,0.824859,1.004991,0.865100,0.799957,1.178773,1.312187
1.058317,0.943042,1.810796,1.468235,1.219756,1.107364,0.000000,1.630239,1.330224,1.123441,1.017183,1.042424,1.115598,1.068261,1.239242,1.148968,0.903023,0.863202,1.278265,1.031875,0.156743,0.430559,1.413259,1.020519,1.136981,1.237716,0.852493,0.867699,0.910669,0.960567,1.070874,1.023848,1.153988,1.177362,0.662901,0.865543,0.535474,0.648925,0.559884,0.570480,0.439589,0.679650,0.984155,0.807294,1.044640,0.996693,1.049683,1.053981,0.824261,0.725114,0.957170,1.028974,0.905855,1.066376,0.847045,0.810566,0.829711,0.905735,1.021568,0.881716,1.258217,0.951923,0.695625,0.758968,1.165621,0.881758,1.158560,1.142417,0.842968,0.907780,0.438954,0.756769,0.966041,0.968030,0.851443,0.672695,0.800208,0.834647,0.644285,1.059636,1.115859,1.099402,0.667422,0.909395,1.086721,1.114955,0.654788,0.679100,1.214078,1.109347
1.037983,0.988358,1.418559,1.999825,1.291593,1.344102,1.630239,0.000000,1.293059,1.365788,0.855923,1.224067,0.977807,1.071255,1.205118,1.176978,0.950225,0.785129,1.339866,1.129986,0.096659,0.367004,1.303021,1.075002,1.053681,1.203284,0.794217,0.915974,0.803026,0.949398,0.904324,0.943945,1.129818,1.226661,0.543717,0.862941,0.437842,0.654059,0.561267,0.615053,0.340800,0.698314,1.070337,0.821226,1.033749,1.060513,1.152791,1.080969,0.928437,0.720936,0.977589,1.053594,0.960821,1.194412,0.822932,0.813297,0.870535,0.914914,1.117977,1.002771,1.199183,1.081381,0.739245,0.775398,0.946764,0.965046,1.173855,1.244870,0.860764,0.962522,0.401996,0.717341,0.859381,0.950305,0.830662,0.719969,0.736793,0.806339,0.630828,1.002871,1.084704,1.142729,0.731722,0.947259,1.060149,1.235302,0.756120,0.804216,1.330798,1.378846
1.005440,1.049783,1.331120,1.237774,1.746913,1.305350,1.330224,1.293059,0.000000,1.500951,0.870179,1.011809,1.130100,1.163339,1.421329,1.381912,1.070685,0.929102,1.251201,1.075752,0.165828,0.371447,1.182447,0.848299,1.133106,1.224178,1.024230,1.094671,0.937635,1.006332,0.834284,0.831552,1.005612,0.998580,0.541944,0.711625,0.485011,0.773676,0.530570,0.649396,0.442726,0.653551,1.104421,0.848098,1.071376,1.079432,1.163703,1.118358,1.027623,0.960352,1.121833,1.143760,0.937689,1.353333,0.945892,1.048935,0.860537,0.955675,1.164578,1.060441,1.179631,0.716473,0.716930,0.807816,0.905132,0.708313,1.151061,1.112103,1.050880,1.081022,0.278452,0.571864,1.004447,0.985505,1.015740,0.761470,0.680030,0.704422,0.652306,1.039604,1.116877,1.158077,0.751723,0.982870,0.937294,1.046704,0.690354,0.783133,1.444818,1.295969
0.863274,0.901722,1.106253,1.443279,1.557424,1.836834,1.123441,1.365788,1.500951,0.000000,0.719387,0.998429,0.799691,1.008823,1.212489,1.351133,0.909878,0.788202,1.161982,1.004168,0.094509,0.259254,1.129702,0.965300,1.049264,1.196539,0.986229,1.136216,0.804747,0.846327,0.712862,0.758268,0.931686,0.965797,0.481370,0.809057,0.431051,0.878693,0.612749,0.735058,0.238115,0.702315,1.161859,0.842927,1.053885,1.108353,1.220059,1.119105,1.076232,0.938946,1.095128,1.112679,0.871566,1.296745,0.941776,1.014382,0.769775,0.818166,1.117881,1.057868,1.031315,0.784245,0.667350,0.731987,0.822623,0.740912,1.150972,1.178012,0.942917,0.981745,0.189869,0.462516,0.843843,0.919723,0.931713,0.703586,0.692828,0.731843,0.553198,1.059903,0.950518,0.990238,0.697482,0.924750,0.891974,1.028535,0.856750,0.805572,1.261883,1.336346
0.913154,0.803109,1.011874,0.816085,0.740616,0.647085,1.017183,0.855923,0.870179,0.719387,0.000000,1.163168,1.299574,1.151549,1.111784,0.994180,0.667159,0.881811,0.962619,0.751907,0.208896,0.448901,0.984644,0.752443,0.789314,0.673821,0.606191,0.592280,0.755228,0.885825,0.887748,0.818825,0.781581,0.777708,0.542876,0.594788,0.583242,0.552848,0.445694,0.507102,0.610486,0.650067,0.599753,0.512107,0.747123,0.679554,0.716506,0.755069,0.624379,0.690351,0.768972,0.832491,0.768983,0.776529,0.727297,0.711955,0.717121,0.741808,0.768427,0.713537,0.836216,0.830075,0.556101,0.655491,0.807774,0.830616,0.667302,0.647137,0.594086,0.604039,0.591460,0.794497,0.764286,0.751153,0.649569,0.554304,0.669031,0.673954,0.346767,0.819093,0.809226,0.845766,0.671724,0.795667,1.049450,0.829368,0.512143,0.594136,0.823634,0.793177
0.875253,0.894478,1.053890,1.139846,0.891635,0.886395,1.042424,1.224067,1.011809,0.998429,1.163168,0.000000,1.241546,1.370141,1.246503,1.263916,0.811496,0.834961,0.986401,0.861049,0.228120,0.496936,1.075862,0.923082,0.941674,0.879098,0.690730,0.753582,0.767652,0.984472,0.967265,1.039593,0.921443,0.996568,0.557764,0.732417,0.486006,0.597912,0.493981,0.572665,0.475739,0.793595,0.774331,0.632382,0.931967,0.914178,0.883329,0.831799,0.903247,0.811302,1.034803,1.030918,0.927879,0.963606,0.852265,0.777853,0.739390,0.797921,0.907255,0.857706,0.948815,1.169924,0.617885,0.738628,0.838669,1.228737,0.822149,0.838745,0.642254,0.664966,0.560311,0.869051,0.766416,0.838511,0.692651,0.601712,0.609546,0.690669,0.526906,0.913838,1.002330,1.036782,0.674594,0.871216,1.220273,1.135100,0.607739,0.745182,1.061481,1.072069
0.978887,0.944459,1.169948,0.909086,0.880329,0.716111,1.115598,0.977807,1.130100,0.799691,1.299574,1.241546,0.000000,1.448762,1.262686,1.093042,0.862840,0.901011,0.989243,0.867803,0.293992,0.575243,1.030748,0.726447,0.934322,0.816374,0.680865,0.684432,0.897713,1.104646,1.031087,0.940077,0.915925,0.896278,0.505581,0.563430,0.515267,0.574692,0.467256,0.560937,0.685704,0.764314,0.741836,0.647876,0.861801,0.804583,0.832315,0.839490,0.820736,0.756737,0.892190,0.969180,0.906757,0.896936,0.814254,0.764594,0.759449,0.842476,0.904189,0.833204,1.066925,0.866530,0.689347,0.791737,0.744176,0.787466,0.777929,0.723403,0.713268,0.720889,0.627918,0.903115,0.916350,0.892913,0.743829,0.633204,0.654496,0.672645,0.596469,0.927067,1.050357,1.099962,0.659316,0.945256,1.053918,0.914877,0.528173,0.678703,1.027721,0.914302
1.098655,1.050688,1.073655,1.041620,0.992458,0.915661,1.068261,1.071255,1.163339,1.008823,1.151549,1.370141,1.448762,0.000000,1.284794,1.241545,0.984905,1.193482,1.114677,1.069899,0.201825,0.438031,1.030694,0.831056,0.904873,0.804578,0.724733,0.773992,1.021660,1.241278,1.016078,1.021637,1.049848,1.073702,0.478719,0.619234,0.528453,0.746740,0.547039,0.678501,0.599769,0.878876,0.915884,0.776440,0.953520,0.949874,0.992917,0.977278,1.004539,0.877713,1.001792,1.096576,0.937547,1.037961,0.957102,0.954178,0.852852,0.880999,1.173941,1.115280,1.180834,0.961856,0.873878,1.097477,0.640354,0.763963,0.923236,0.883807,0.777198,0.775253,0.526973,0.787850,0.989012,1.017497,0.866205,0.735115,0.804979,0.865485,0.537773,1.048690,1.084416,1.123724,0.805954,1.059046,1.021279,0.934586,0.643182,0.755891,1.080415,1.092589
0.881136,0.917012,1.272772,1.207420,1.263954,1.090113,1.239242,1.205118,1.421329,1.212489,1.111784,1.246503,1.262686,1.284794,0.000000,1.624079,0.906158,0.840991,1.205934,0.985212,0.192992,0.413171,1.408600,0.993446,1.107819,1.005282,0.890180,0.986200,1.030851,1.095635,1.095355,1.115280,1.015402,1.008943,0.590325,0.704105,0.561377,0.811653,0.630561,0.708401,0.531203,0.867522,0.984507,0.756015,1.073267,0.959513,1.008453,0.945693,0.965570,0.868802,1.004776,0.996879,0.879440,1.082693,0.897017,0.914690,0.717268,0.803168,0.995395,0.900061,1.038299,0.828060,0.744604,0.793088,0.947071,0.792156,0.975542,0.913996,0.841545,0.828313,0.442094,0.728552,0.977556,0.988851,0.874893,0.760679,0.743893,0.745768,0.615196,1.101455,1.140487,1.173605,0.755038,1.095611,1.339594,1.139657,0.728109,0.849335,1.136283,1.128553
0.940970,0.966525,1.179964,1.184837,1.343376,1.122120,1.148968,1.176978,1.381912,1.351133,0.994180,1.263916,1.093042,1.241545,1.624079,0.000000,0.944413,0.901257,1.177675,1.032793,0.284892,0.477904,1.235721,1.019551,1.193849,1.147114,1.097506,1.142133,0.991809,1.109577,1.067351,1.116012,1.087176,1.092644,0.731197,0.880492,0.670718,0.825804,0.632510,0.758586,0.527399,0.826943,1.100147,0.861469,1.171993,1.120380,1.199170,1.064449,1.067016,0.899254,1.151295,1.105270,1.041410,1.170780,1.094682,0.989282,0.846809,0.902016,1.063332,0.973985,1.059197,0.917727,0.813893,0.820957,0.999447,0.921431,1.151027,1.123909,0.974952,0.938622,0.355308,0.718951,1.000979,0.986352,0.943308,0.794445,0.738222,0.731605,0.660606,1.084244,1.244444,1.265232,0.711034,1.002456,1.354583,1.274417,0.680109,0.780347,1.237666,1.219630
1.235319,1.386130,0.799978,0.869307,1.097259,0.914768,0.903023,0.950225,1.070685,0.909878,0.667159,0.811496,0.862840,0.984905,0.906158,0.944413,0.000000,1.191902,1.367178,1.532712,0.184624,0.370385,0.700423,0.472797,0.785843,0.815339,0.739265,0.892080,1.187683,1.439845,0.807585,0.765498,1.308207,1.221408,0.425495,0.584716,0.582440,0.719915,0.668373,0.708727,0.525277,0.738014,1.046063,0.819136,0.961069,0.897094,1.168876,1.078089,0.913355,0.663109,0.844708,0.882060,0.963179,1.113582,0.930115,0.954203,1.181302,1.215143,1.237264,1.132849,1.211870,0.745194,1.096037,1.290411,0.583562,0.513744,1.171200,1.084073,1.203910,1.138944,0.305513,0.575995,1.284640,1.335086,1.186550,0.959604,0.816031,0.756126,0.732445,1.218327,1.284578,1.350720,0.831806,1.038468,0.782665,0.903261,0.626947,0.785567,1.061463,1.105138
1.258820,1.291415,0.804286,0.755305,0.861814,0.757239,0.863202,0.785129,0.929102,0.788202,0.881811,0.834961,0.901011,1.193482,0.840991,0.901257,1.191902,0.000000,1.116576,1.280588,0.290157,0.441361,0.700021,0.511086,0.777498,0.685954,0.655608,0.722442,1.141145,1.359401,0.859453,0.790464,1.120217,1.105975,0.503032,0.587082,0.616146,0.693240,0.633491,0.715765,0.620160,0.741602,0.885363,0.787701,0.856595,0.861448,1.073485,1.144890,0.781663,0.725780,0.798327,0.917151,0.942734,0.949175,1.073728,1.043793,1.151541,1.190417,1.145924,1.149351,1.159301,0.810584,0.986868,1.311385,0.566704,0.566065,0.987401,0.907538,1.005613,0.983820,0.483414,0.657710,1.148905,1.141294,1.091846,0.862109,0.865724,0.874099,0.568834,1.165482,1.078445,1.066684,0.813097,0.897452,0.753016,0.712643,0.680026,0.681510,0.925417,0.950166
1.465775,1.440742,1.122969,1.230730,1.373309,1.197359,1.278265,1.339866,1.251201,1.161982,0.962619,0.986401,0.989243,1.114677,1.205934,1.177675,1.367178,1.116576,0.000000,1.767474,0.087517,0.300583,1.045873,0.722822,0.949479,0.968275,0.897789,1.056885,1.094885,1.278700,0.954738,0.900009,1.522495,1.418317,0.527566,0.758801,0.557283,0.794441,0.723783,0.788861,0.450161,0.744167,1.287163,0.929163,1.104213,1.026727,1.417708,1.249721,0.962809,0.715688,0.907333,0.967558,1.095474,1.276120,0.997507,1.031173,1.205299,1.232461,1.363615,1.210383,1.297739,0.872515,1.025348,1.089261,0.791517,0.657812,1.395966,1.315981,1.226465,1.264255,0.365647,0.651014,1.238150,1.309348,1.197921,1.027553,0.874479,0.866393,0.635992,1.269369,1.261629,1.331577,0.880157,1.153092,0.991949,1.078890,0.812453,0.875902,1.180073,1.309242
1.597036,1.710657,0.884833,1.030576,1.166416,1.043253,1.031875,1.129986,1.075752,1.004168,0.751907,0.861049,0.867803,1.069899,0.985212,1.032793,1.532712,1.280588,1.767474,0.000000,0.149351,0.368347,0.791634,0.572373,0.804777,0.800510,0.806830,1.001094,1.174660,1.452425,0.846417,0.810231,1.501665,1.441070,0.456833,0.651749,0.564165,0.787587,0.738617,0.811723,0.468774,0.728561,1.236148,0.973242,1.034620,0.978073,1.461716,1.311822,0.943702,0.671572,0.818671,0.941209,1.103023,1.211830,1.073605,1.067994,1.352629,1.395354,1.469881,1.392888,1.338084,0.903085,1.224835,1.294590,0.604259,0.571170,1.256597,1.194315,1.396525,1.354365,0.388264,0.688931,1.277539,1.398388,1.225493,1.130033,0.855656,0.860671,0.737124,1.231714,1.303516,1.289630,0.887411,1.126464,0.875811,0.939274,0.791564,0.849245,1.139716,1.314971
0.135681,0.144931,0.196477,0.129975,0.109366,0.096437,0.156743,0.096659,0.165828,0.094509,0.208896,0.228120,0.293992,0.201825,0.192992,0.284892,0.184624,0.290157,0.087517,0.149351,0.000000,1.067812,0.161611,0.172960,0.329453,0.300551,0.143366,0.117970,0.370348,0.340791,0.396773,0.357088,0.210003,0.246925,0.375407,0.275337,0.416794,0.184062,0.110704,0.148009,0.497435,0.380628,0.043441,0.114199,0.220454,0.201803,0.178103,0.194655,0.164194,0.175453,0.184716,0.180315,0.281296,0.105095,0.301804,0.171422,0.164152,0.172449,0.065161,0.073717,0.163545,0.243100,0.206458,0.128252,0.235952,0.337802,0.088049,0.080983,0.166180,0.095314,0.627008,0.547567,0.390191,0.303841,0.288393,0.214676,0.162023,0.192583,0.440919,0.202929,0.335069,0.284458,-0.003353,0.068894,0.269819,0.203462,0.069150,0.061190,0.188479,0.152051
0.386814,0.385584,0.453698,0.378618,0.289299,0.241149,0.430559,0.367004,0.371447,0.259254,0.448901,0.496936,0.575243,0.438031,0.413171,0.477904,0.370385,0.441361,0.300583,0.368347,1.067812,0.000000,0.370807,0.364659,0.552055,0.490833,0.225686,0.252745,0.497689,0.556548,0.581032,0.519019,0.392273,0.436877,0.465249,0.421644,0.474245,0.241324,0.218026,0.215066,0.565626,0.522818,0.214570,0.298757,0.457170,0.429576,0.374686,0.385913,0.380558,0.375049,0.412583,0.446106,0.508889,0.344680,0.517026,0.352876,0.385573,0.412345,0.281005,0.290110,0.415529,0.553795,0.366725,0.338501,0.458501,0.593017,0.271601,0.258189,0.326349,0.258766,0.849137,1.037629,0.560987,0.499456,0.339914,0.267724,0.316957,0.329564,0.597506,0.444462,0.531843,0.525646,0.147769,0.225021,0.531731,0.435970,0.172422,0.253914,0.469710,0.396944
0.731957,0.705818,1.702643,1.449478,1.084918,1.065556,1.413259,1.303021,1.182447,1.129702,0.984644,1.075862,1.030748,1.030694,1.408600,1.235721,0.700423,0.700021,1.045873,0.791634,0.161611,0.370807,0.000000,1.513777,1.422345,1.259593,0.832360,0.774738,0.732240,0.797659,1.096840,1.172522,0.904927,0.971144,0.736711,0.908513,0.478109,0.634086,0.468405,0.509370,0.414650,0.704277,0.852147,0.637230,0.951644,0.901509,0.873695,0.858949,0.839437,0.794995,0.941134,0.907746,0.765595,0.960739,0.703369,0.706707,0.589302,0.654399,0.809242,0.698551,0.885401,0.780045,0.542573,0.579841,1.160458,0.916016,0.920756,0.912962,0.693678,0.731969,0.423801,0.636239,0.779792,0.783137,0.676188,0.530312,0.682468,0.722722,0.501384,0.864880,0.897697,0.944316,0.637221,0.849036,1.156379,1.071557,0.630598,0.648183,0.985610,0.967646
0.540408,0.439059,1.140364,1.286558,0.811959,0.871302,1.020519,1.075002,0.848299,0.965300,0.752443,0.923082,0.726447,0.831056,0.993446,1.019551,0.472797,0.511086,0.722822,0.572373,0.172960,0.364659,1.513777,0.000000,1.109248,1.059508,0.591080,0.557080,0.551506,0.571867,0.879984,1.049828,0.644762,0.745446,0.686504,0.948451,0.436163,0.530865,0.367683,0.379243,0.286300,0.555994,0.651333,0.516801,0.729657,0.774526,0.641568,0.634705,0.664367,0.633428,0.743654,0.728034,0.592593,0.729532,0.564759,0.527424,0.408431,0.407216,0.596394,0.530185,0.649752,0.705893,0.416996,0.423153,0.916529,0.945849,0.672022,0.716946,0.437862,0.449686,0.421450,0.602640,0.570989,0.567474,0.503003,0.379088,0.600943,0.667746,0.365994,0.631862,0.651715,0.657257,0.495512,0.575521,0.953831,0.914018,0.551665,0.524897,0.774262,0.796812
0.746980,0.761033,1.427402,1.138604,1.023338,0.967954,1.136981,1.053681,1.133106,1.049264,0.789314,0.941674,0.934322,0.904873,1.107819,1.193849,0.785843,0.777498,0.949479,0.804777,0.329453,0.552055,1.422345,1.109248,0.000000,1.494500,0.867062,0.824478,0.781226,0.879386,1.093034,1.130002,0.921499,0.960341,0.894635,1.067574,0.635644,0.673165,0.568566,0.587422,0.436565,0.785055,0.896589,0.757052,1.037092,1.032976,0.975906,0.975185,0.880452,0.827468,1.052918,0.988317,0.870679,0.996013,0.886116,0.809918,0.708715,0.774842,0.800581,0.715638,0.856576,0.763844,0.551242,0.603166,1.113592,0.903643,1.006168,0.997253,0.807729,0.807927,0.413676,0.683468,0.848491,0.825110,0.713097,0.525458,0.655529,0.638615,0.631721,0.934960,1.002965,1.012717,0.557876,0.783283,1.087370,1.112526,0.539139,0.656819,0.991411,0.914533
0.776436,0.755342,1.338825,1.259702,1.168712,1.153168,1.237716,1.203284,1.224178,1.196539,0.673821,0.879098,0.816374,0.804578,1.005282,1.147114,0.815339,0.685954,0.968275,0.800510,0.300551,0.490833,1.259593,1.059508,1.494500,0.000000,0.976572,0.941054,0.817052,0.789911,0.996516,1.028492,0.965810,1.015310,0.824166,1.109611,0.564470,0.666308,0.521519,0.520889,0.369042,0.662408,0.989962,0.818538,1.064442,1.126282,1.047426,1.007902,0.909472,0.795677,1.086390,1.016208,0.947433,1.034946,0.873292,0.767895,0.750908,0.789919,0.858528,0.746915,0.939182,0.790577,0.551661,0.593742,1.108497,0.924411,1.150096,1.176322,0.809863,0.841457,0.272612,0.593598,0.805748,0.776161,0.765032,0.517411,0.617931,0.615574,0.647603,0.943372,1.009329,0.968329,0.502431,0.714630,0.964680,1.154872,0.557656,0.568656,1.067316,0.958748
0.756019,0.861792,0.881980,0.778583,1.158945,1.012733,0.852493,0.794217,1.024230,0.986229,0.606191,0.690730,0.680865,0.724733,0.890180,1.097506,0.739265,0.655608,0.897789,0.806830,0.143366,0.225686,0.832360,0.591080,0.867062,0.976572,0.000000,1.601190,0.705063,0.715245,0.679576,0.695331,0.917386,0.880134,0.630238,0.747295,0.562154,0.810512,0.554958,0.715777,0.399424,0.539164,1.135647,0.928633,1.083778,1.092304,1.147565,1.054743,0.986504,0.887121,1.089438,0.957231,0.838889,1.022509,0.972761,0.923714,0.726714,0.840291,0.941669,0.889973,0.841827,0.585161,0.568605,0.609151,0.755359,0.588977,1.128655,1.126375,0.979036,0.966454,0.014083,0.346017,0.724814,0.711352,0.805741,0.582823,0.457881,0.437904,0.511039,0.794770,0.920733,0.845431,0.527040,0.868279,0.847028,0.929449,0.543506,0.547755,0.946145,0.912461
0.900588,1.005887,0.802389,0.863006,1.316216,1.230754,0.867699,0.915974,1.094671,1.136216,0.592280,0.753582,0.684432,0.773992,0.986200,1.142133,0.892080,0.722442,1.056885,1.001094,0.117970,0.252745,0.774738,0.557080,0.824478,0.941054,1.601190,0.000000,0.851221,0.852042,0.696284,0.708413,1.042686,1.002405,0.550806,0.752567,0.582175,0.940333,0.745002,0.869833,0.333704,0.648736,1.357208,1.049711,1.135036,1.122006,1.332687,1.199541,1.031287,0.809141,1.081333,0.978355,0.899065,1.130589,1.075632,1.071577,0.872959,0.950695,1.131757,1.053428,0.970088,0.691811,0.720782,0.767425,0.673483,0.569426,1.269068,1.256047,1.163755,1.135143,0.086425,0.428972,0.873784,0.892466,0.971267,0.783297,0.619618,0.591169,0.582690,0.978799,1.082893,0.945165,0.596488,0.978288,0.868702,1.015557,0.664291,0.714686,1.027073,1.087220
1.116899,0.972452,0.759757,0.765152,0.928638,0.822353,0.910669,0.803026,0.937635,0.804747,0.755228,0.767652,0.897713,1.021660,1.030851,0.991809,1.187683,1.141145,1.094885,1.174660,0.370348,0.497689,0.732240,0.551506,0.781226,0.817052,0.705063,0.851221,0.000000,1.522116,1.125742,1.015260,1.231528,1.191703,0.522420,0.632259,0.778140,0.866627,0.670563,0.679605,0.645967,0.906264,0.969441,0.866573,0.900287,0.855205,0.971399,0.932996,0.751496,0.580247,0.710349,0.741406,0.834396,0.792929,0.909713,0.814367,0.941170,0.890831,1.045847,0.890196,1.145048,0.763199,1.079178,1.165658,0.591069,0.507117,0.944933,0.860651,0.892111,0.803993,0.440859,0.692889,1.349397,1.208577,1.115778,0.942214,0.956250,0.840331,0.805424,1.264267,1.279964,1.033754,0.591257,0.860706,0.817854,0.755716,0.579771,0.560159,0.816991,0.819786
1.254682,1.335783,0.874369,0.862616,0.984827,0.826525,0.960567,0.949398,1.006332,0.846327,0.885825,0.984472,1.104646,1.241278,1.095635,1.109577,1.439845,1.359401,1.278700,1.452425,0.340791,0.556548,0.797659,0.571867,0.879386,0.789911,0.715245,0.852042,1.522116,0.000000,1.131976,1.039379,1.396083,1.359630,0.547182,0.629540,0.734822,0.742304,0.692352,0.771684,0.679669,0.903349,1.043079,0.907023,1.052755,0.966483,1.187557,1.118542,0.914885,0.695716,0.843552,0.905366,1.102735,0.998455,1.073198,0.968886,1.155379,1.223199,1.190498,1.090250,1.230923,0.969512,1.156960,1.330502,0.632607,0.648147,1.068309,0.956998,1.069732,1.019020,0.533330,0.855127,1.303198,1.369344,1.131547,1.027756,0.903123,0.853155,0.793815,1.313011,1.490000,1.423530,0.834299,1.084743,0.995012,0.913936,0.629722,0.759806,0.984887,1.005194
0.878224,0.736597,1.039634,0.923401,0.795747,0.687538,1.070874,0.904324,0.834284,0.712862,0.887748,0.967265,1.031087,1.016078,1.095355,1.067351,0.807585,0.859453,0.954738,0.846417,0.396773,0.581032,1.096840,0.879984,1.093034,0.996516,0.679576,0.696284,1.125742,1.131976,0.000000,1.935111,1.225494,1.222579,0.914617,0.945994,0.765749,0.610930,0.637088,0.617896,0.657986,0.832478,0.856929,0.711826,0.909817,0.815510,0.852126,0.838562,0.666984,0.496687,0.724643,0.701527,0.820803,0.685942,0.782114,0.656396,0.781362,0.733100,0.819667,0.647954,1.012182,0.918710,0.833503,0.864189,0.911522,0.846888,0.921858,0.857597,0.703187,0.657638,0.633029,0.870777,0.975730,0.924254,0.753258,0.704934,0.930817,0.891273,0.673192,0.977560,1.189491,1.037579,0.631449,0.842014,1.122417,0.963365,0.490590,0.574359,0.755865,0.747248
0.770472,0.673445,1.016472,1.004384,0.793140,0.736832,1.023848,0.943945,0.831552,0.758268,0.818825,1.039593,0.940077,1.021637,1.115280,1.116012,0.765498,0.790464,0.900009,0.810231,0.357088,0.519019,1.172522,1.049828,1.130002,1.028492,0.695331,0.708413,1.015260,1.039379,1.935111,0.000000,1.158595,1.225860,0.951892,1.024392,0.700804,0.620629,0.612575,0.584220,0.570489,0.799366,0.871050,0.716289,0.940397,0.857904,0.846123,0.799790,0.730210,0.548012,0.767246,0.714627,0.774278,0.707609,0.783788,0.656275,0.695238,0.658447,0.789384,0.649037,0.925200,0.887128,0.771966,0.801575,0.907564,0.927880,0.914265,0.875235,0.650488,0.610709,0.595279,0.836502,0.888472,0.860107,0.757797,0.673904,0.837299,0.852292,0.647420,0.888536,1.174403,1.008820,0.650714,0.854606,1.227251,1.086438,0.516979,0.638598,0.755621,0.770024
1.334005,1.268880,0.994250,1.046746,1.058437,0.958770,1.153988,1.129818,1.005612,0.931686,0.781581,0.921443,0.915925,1.049848,1.015402,1.087176,1.308207,1.120217,1.522495,1.501665,0.210003,0.392273,0.904927,0.644762,0.921499,0.965810,0.917386,1.042686,1.231528,1.396083,1.225494,1.158595,0.000000,2.261104,0.736485,0.961530,0.701762,0.755930,0.789638,0.826594,0.562489,0.814423,1.371469,1.053684,1.175571,1.074249,1.408472,1.296363,0.915847,0.601165,0.914124,0.909879,1.094622,1.013004,1.039005,0.928279,1.263061,1.225016,1.327702,1.108856,1.488388,1.000875,1.190339,1.278680,0.811875,0.705543,1.583135,1.452898,1.195010,1.158472,0.395226,0.721922,1.249458,1.292348,1.166959,1.066661,0.990039,0.976282,0.809666,1.287241,1.651836,1.436301,0.766152,1.169979,1.026143,1.151450,0.652126,0.758594,1.030311,1.088408
1.257178,1.195651,1.021400,1.150161,1.045883,1.016773,1.177362,1.226661,0.998580,0.965797,0.777708,0.996568,0.896278,1.073702,1.008943,1.092644,1.221408,1.105975,1.418317,1.441070,0.246925,0.436877,0.971144,0.745446,0.960341,1.015310,0.880134,1.002405,1.191703,1.359630,1.222579,1.225860,2.261104,0.000000,0.747452,1.017698,0.682187,0.769785,0.736980,0.771325,0.549331,0.830545,1.286113,0.999297,1.184682,1.109850,1.338212,1.249286,0.955128,0.647924,0.951003,0.933738,1.073976,1.022598,1.028983,0.911939,1.161457,1.151948,1.288461,1.087145,1.433667,1.075491,1.105288,1.199216,0.827043,0.804198,1.440001,1.391069,1.079189,1.067378,0.432247,0.740875,1.201863,1.251945,1.113242,0.983764,0.945856,0.961003,0.781137,1.234615,1.542072,1.355113,0.749206,1.068666,1.020016,1.149852,0.655859,0.740617,1.055616,1.126245
0.495949,0.422962,0.740497,0.552015,0.504575,0.436969,0.662901,0.543717,0.541944,0.481370,0.542876,0.557764,0.505581,0.478719,0.590325,0.731197,0.425495,0.503032,0.527566,0.456833,0.375407,0.465249,0.736711,0.686504,0.894635,0.824166,0.630238,0.550806,0.522420,0.547182,0.914617,0.951892,0.736485,0.747452,0.000000,1.268338,0.683693,0.351058,0.472701,0.412277,0.437993,0.378643,0.654232,0.635736,0.783839,0.727404,0.660469,0.664122,0.509531,0.425921,0.689504,0.557809,0.589965,0.483054,0.656854,0.504246,0.572118,0.537320,0.466674,0.375311,0.590806,0.617257,0.391590,0.424622,1.084735,0.807059,0.760349,0.749153,0.555437,0.532539,0.327981,0.572981,0.516434,0.468563,0.492144,0.466410,0.582930,0.556751,0.524883,0.531718,0.766913,0.681595,0.331913,0.473245,0.871509,0.847503,0.246527,0.361607,0.542461,0.475812
0.660946,0.554457,0.905487,0.916574,0.721006,0.756419,0.865543,0.862941,0.711625,0.809057,0.594788,0.732417,0.563430,0.619234,0.704105,0.880492,0.584716,0.587082,0.758801,0.651749,0.275337,0.421644,0.908513,0.948451,1.067574,1.109611,0.747295,0.752567,0.632259,0.629540,0.945994,1.024392,0.961530,1.017698,1.268338,0.000000,0.713412,0.608093,0.629668,0.597159,0.327286,0.549528,0.888800,0.787849,0.927132,0.961843,0.879495,0.882404,0.683134,0.548299,0.874300,0.751511,0.702148,0.683994,0.792107,0.649086,0.669322,0.631809,0.674281,0.578306,0.803083,0.789788,0.497880,0.556565,1.041674,0.926736,1.016424,1.090126,0.665183,0.658904,0.335381,0.623087,0.688222,0.665586,0.653455,0.563890,0.756266,0.762595,0.569496,0.763918,0.881367,0.794754,0.403831,0.631985,0.893474,1.049719,0.468518,0.528219,0.757008,0.741807
0.630034,0.555569,0.519002,0.439749,0.486132,0.399201,0.535474,0.437842,0.485011,0.431051,0.583242,0.486006,0.515267,0.528453,0.561377,0.670718,0.582440,0.616146,0.557283,0.564165,0.416794,0.474245,0.478109,0.436163,0.635644,0.564470,0.562154,0.582175,0.778140,0.734822,0.765749,0.700804,0.701762,0.682187,0.683693,0.713412,0.000000,0.519269,0.735577,0.611999,0.693424,0.535398,0.558708,0.577746,0.600777,0.601895,0.604274,0.679153,0.415141,0.369990,0.571770,0.536378,0.652936,0.469210,0.743823,0.571687,0.667765,0.629575,0.525648,0.442356,0.590980,0.597552,0.529479,0.578327,0.577094,0.516273,0.624966,0.624197,0.595882,0.499725,0.368860,0.592325,0.727709,0.630339,0.592253,0.589638,0.693001,0.550992,0.467508,0.638229,0.710293,0.603255,0.381161,0.505624,0.709132,0.659479,0.214355,0.412373,0.548450,0.504432
0.701089,0.690799,0.627291,0.743959,0.846048,0.891135,0.648925,0.654059,0.773676,0.878693,0.552848,0.597912,0.574692,0.746740,0.811653,0.825804,0.719915,0.693240,0.794441,0.787587,0.184062,0.241324,0.634086,0.530865,0.673165,0.666308,0.810512,0.940333,0.866627,0.742304,0.610930,0.620629,0.755930,0.769785,0.351058,0.608093,0.519269,0.000000,0.737874,1.003457,0.312889,0.843919,0.908748,0.741690,0.819296,0.826156,0.844405,0.839782,0.771387,0.736648,0.775204,0.751807,0.484946,0.782540,0.865362,1.013131,0.580957,0.613180,0.801696,0.776262,0.699050,0.439799,0.539953,0.657816,0.419805,0.340952,0.779825,0.779783,0.766522,0.687102,0.184812,0.388880,0.820307,0.870074,0.888406,0.638028,0.741488,0.690981,0.417325,0.948857,0.732869,0.656007,0.571000,0.851925,0.602376,0.640173,0.820916,0.675375,0.691664,0.783586
0.722282,0.746182,0.509225,0.570160,0.597823,0.598155,0.559884,0.561267,0.530570,0.612749,0.445694,0.493981,0.467256,0.547039,0.630561,0.632510,0.668373,0.633491,0.723783,0.738617,0.110704,0.218026,0.468405,0.367683,0.568566,0.521519,0.554958,0.745002,0.670563,0.692352,0.637088,0.612575,0.789638,0.736980,0.472701,0.629668,0.735577,0.737874,0.000000,1.381512,0.311815,0.654674,0.821563,0.712411,0.718119,0.685664,0.832595,0.819949,0.563922,0.432519,0.603678,0.572836,0.598178,0.622343,0.942273,0.890893,0.810053,0.765808,0.678073,0.607695,0.690590,0.616844,0.571681,0.683143,0.489328,0.379751,0.810011,0.760180,0.712907,0.651614,0.324036,0.455254,0.684836,0.699327,0.687165,0.732325,0.742860,0.669461,0.478943,0.830048,0.723913,0.698571,0.659914,0.884571,0.674699,0.747815,0.790560,0.990706,0.615048,0.689792
0.773006,0.834589,0.558392,0.623894,0.723801,0.687232,0.570480,0.615053,0.649396,0.735058,0.507102,0.572665,0.560937,0.678501,0.708401,0.758586,0.708727,0.715765,0.788861,0.811723,0.148009,0.215066,0.509370,0.379243,0.587422,0.520889,0.715777,0.869833,0.679605,0.771684,0.617896,0.584220,0.826594,0.771325,0.412277,0.597159,0.611999,1.003457,1.381512,0.000000,0.376254,0.708253,0.954955,0.786958,0.787879,0.783737,0.957843,0.955935,0.661578,0.559968,0.690854,0.685052,0.582605,0.726976,0.977227,1.094338,0.810440,0.817939,0.782390,0.744663,0.751882,0.594744,0.586231,0.708561,0.456784,0.395307,0.867038,0.840378,0.840625,0.793776,0.290401,0.432140,0.707038,0.775699,0.770058,0.829287,0.740800,0.706176,0.495120,0.859806,0.788725,0.781510,0.813825,1.097544,0.678798,0.749988,0.932074,1.038191,0.695192,0.810456
0.577705,0.513048,0.462562,0.307671,0.367264,0.238756,0.439589,0.340800,0.442726,0.238115,0.610486,0.475739,0.685704,0.599769,0.531203,0.527399,0.525277,0.620160,0.450161,0.468774,0.497435,0.565626,0.414650,0.286300,0.436565,0.369042,0.399424,0.333704,0.645967,0.679669,0.657986,0.570489,0.562489,0.549331,0.437993,0.327286,0.693424,0.312889,0.311815,0.376254,0.000000,0.585966,0.330173,0.315008,0.386003,0.402995,0.397913,0.452901,0.332064,0.338987,0.431845,0.437956,0.544805,0.354745,0.509761,0.399290,0.502916,0.495440,0.471504,0.427208,0.567346,0.483866,0.545676,0.533850,0.408823,0.441464,0.398986,0.373607,0.408407,0.345666,0.499939,0.596589,0.645397,0.590560,0.462484,0.505501,0.415111,0.379916,0.515299,0.448781,0.629713,0.646162,0.378610,0.510810,0.612836,0.484098,0.201335,0.338101,0.498274,0.440858
0.677322,0.697217,0.672373,0.712934,0.641686,0.713396,0.679650,0.698314,0.653551,0.702315,0.650067,0.793595,0.764314,0.878876,0.867522,0.826943,0.738014,0.741602,0.744167,0.728561,0.380628,0.522818,0.704277,0.555994,0.785055,0.662408,0.539164,0.648736,0.906264,0.903349,0.832478,0.799366,0.814423,0.830545,0.378643,0.549528,0.535398,0.843919,0.654674,0.708253,0.585966,0.000000,0.671852,0.556644,0.704663,0.682297,0.704675,0.693915,0.694082,0.584558,0.693902,0.681409,0.645573,0.644836,0.738641,0.661098,0.596643,0.627051,0.695940,0.641291,0.699698,0.651160,0.678730,0.720448,0.501965,0.479169,0.696765,0.677219,0.571971,0.536202,0.440318,0.607696,0.884496,0.930953,0.637092,0.579881,0.676676,0.625808,0.530485,0.939418,0.811304,0.830335,0.449191,0.833688,0.764068,0.747680,0.591303,0.620023,0.606546,0.664053
1.120024,1.114679,0.911318,1.013293,1.255296,1.204218,0.984155,1.070337,1.104421,1.161859,0.599753,0.774331,0.741836,0.915884,0.984507,1.100147,1.046063,0.885363,1.287163,1.236148,0.043441,0.214570,0.852147,0.651333,0.896589,0.989962,1.135647,1.357208,0.969441,1.043079,0.856929,0.871050,1.371469,1.286113,0.654232,0.888800,0.558708,0.908748,0.821563,0.954955,0.330173,0.671852,0.000000,1.591314,1.365590,1.411406,1.788165,1.483091,1.171027,0.768354,1.027218,1.020152,0.977184,1.191973,1.156072,1.114401,1.100987,1.066181,1.329408,1.172036,1.143146,0.781150,0.892122,0.961898,0.676809,0.559725,1.697991,1.586457,1.227120,1.226959,0.154593,0.476134,0.957782,1.022699,1.143650,0.988223,0.850074,0.818354,0.702724,1.138693,1.244100,1.135862,0.738604,1.137468,0.895155,1.076847,0.804502,0.842248,1.049815,1.080532
0.948510,0.954069,0.763006,0.756154,0.921897,0.879228,0.807294,0.821226,0.848098,0.842927,0.512107,0.632382,0.647876,0.776440,0.756015,0.861469,0.819136,0.787701,0.929163,0.973242,0.114199,0.298757,0.637230,0.516801,0.757052,0.818538,0.928633,1.049711,0.866573,0.907023,0.711826,0.716289,1.053684,0.999297,0.635736,0.787849,0.577746,0.741690,0.712411,0.786958,0.315008,0.556644,1.591314,0.000000,1.292091,1.460801,1.368203,1.322814,1.120643,0.793136,0.991324,1.018763,0.960542,1.025968,1.140564,1.037501,0.962964,0.970865,1.051560,1.048191,0.930297,0.771022,0.706831,0.799051,0.545393,0.497195,1.234952,1.183031,0.995878,0.990800,0.172294,0.528621,0.800549,0.822032,0.945050,0.770860,0.678920,0.642067,0.680720,0.936263,1.016836,0.869371,0.514294,0.843044,0.785977,0.879860,0.628936,0.646845,0.902483,0.853395
0.895399,1.069230,1.021461,1.010556,1.165725,1.071899,1.044640,1.033749,1.071376,1.053885,0.747123,0.931967,0.861801,0.953520,1.073267,1.171993,0.961069,0.856595,1.104213,1.034620,0.220454,0.457170,0.951644,0.729657,1.037092,1.064442,1.083778,1.135036,0.900287,1.052755,0.909817,0.940397,1.175571,1.184682,0.783839,0.927132,0.600777,0.819296,0.718119,0.787879,0.386003,0.704663,1.365590,1.292091,0.000000,1.743880,1.502136,1.374263,1.607658,1.112338,1.388537,1.306525,1.072061,1.373864,1.247535,1.165942,0.888125,1.075540,1.077647,1.055607,1.022110,0.899167,0.694619,0.800866,0.897626,0.777719,1.343083,1.277270,1.007462,1.036770,0.297275,0.674665,0.956025,1.028484,0.995354,0.754607,0.659829,0.650668,0.683412,1.107290,1.166896,1.108642,0.674690,0.975214,1.123815,1.169912,0.688461,0.796284,1.083283,1.042512
0.909505,1.033117,1.015326,1.029495,1.177427,1.109735,0.996693,1.060513,1.079432,1.108353,0.679554,0.914178,0.804583,0.949874,0.959513,1.120380,0.897094,0.861448,1.026727,0.978073,0.201803,0.429576,0.901509,0.774526,1.032976,1.126282,1.092304,1.122006,0.855205,0.966483,0.815510,0.857904,1.074249,1.109850,0.727404,0.961843,0.601895,0.826156,0.685664,0.783737,0.402995,0.682297,1.411406,1.460801,1.743880,0.000000,1.508367,1.474979,1.497503,1.195508,1.492974,1.441621,1.096836,1.374315,1.351968,1.211816,0.912304,1.051788,1.085978,1.137136,0.999352,0.912023,0.645219,0.786280,0.795778,0.809342,1.340166,1.373155,0.961186,0.998195,0.240149,0.601451,0.842159,0.890441,0.922695,0.667197,0.612723,0.615160,0.674355,1.025164,1.072881,1.035626,0.624031,0.895711,1.014744,1.144411,0.708209,0.774401,1.157109,1.099668
1.233619,1.468962,1.003051,1.077750,1.294902,1.209295,1.049683,1.152791,1.163703,1.220059,0.716506,0.883329,0.832315,0.992917,1.008453,1.199170,1.168876,1.073485,1.417708,1.461716,0.178103,0.374686,0.873695,0.641568,0.975906,1.047426,1.147565,1.332687,0.971399,1.187557,0.852126,0.846123,1.408472,1.338212,0.660469,0.879495,0.604274,0.844405,0.832595,0.957843,0.397913,0.704675,1.788165,1.368203,1.502136,1.508367,0.000000,1.846870,1.286747,0.904939,1.169269,1.273500,1.260869,1.442228,1.477691,1.301872,1.303423,1.419045,1.433039,1.389245,1.240325,0.950647,0.936127,1.038683,0.756436,0.693084,1.770564,1.660642,1.473696,1.493588,0.274353,0.626682,1.050772,1.158940,1.183056,1.004606,0.776958,0.780535,0.752982,1.234364,1.356339,1.303780,0.823794,1.142758,1.013739,1.130688,0.825619,0.889171,1.231836,1.288325
1.197821,1.402340,1.033617,1.029938,1.177889,1.103747,1.053981,1.080969,1.118358,1.119105,0.755069,0.831799,0.839490,0.977278,0.945693,1.064449,1.078089,1.144890,1.249721,1.311822,0.194655,0.385913,0.858949,0.634705,0.975185,1.007902,1.054743,1.199541,0.932996,1.118542,0.838562,0.799790,1.296363,1.249286,0.664122,0.882404,0.679153,0.839782,0.819949,0.955935,0.452901,0.693915,1.483091,1.322814,1.374263,1.474979,1.846870,0.000000,1.115026,0.949852,1.170810,1.371005,1.157581,1.393199,1.384945,1.336379,1.247056,1.459914,1.267375,1.295971,1.219883,0.940230,0.787161,0.974742,0.748986,0.699239,1.494679,1.486377,1.354458,1.424821,0.299480,0.623740,0.970459,1.065596,1.070643,0.840202,0.774363,0.787808,0.658004,1.212852,1.195562,1.150174,0.778921,1.119457,0.944031,1.072145,0.743569,0.829759,1.189960,1.210933
0.764575,1.024911,0.863188,0.928108,1.119047,1.089941,0.824261,0.928437,1.027623,1.076232,0.624379,0.903247,0.820736,1.004539,0.965570,1.067016,0.913355,0.781663,0.962809,0.943702,0.164194,0.380558,0.839437,0.664367,0.880452,0.909472,0.986504,1.031287,0.751496,0.914885,0.666984,0.730210,0.915847,0.955128,0.509531,0.683134,0.415141,0.771387,0.563922,0.661578,0.332064,0.694082,1.171027,1.120643,1.607658,1.497503,1.286747,1.115026,0.000000,1.361248,1.459152,1.371869,1.052799,1.423037,1.160519,1.116463,0.747394,0.929854,1.065732,1.173352,0.877089,0.790515,0.671120,0.767723,0.613593,0.648504,1.091672,1.054561,0.887025,0.909164,0.203398,0.539992,0.833412,0.905386,0.881948,0.648598,0.487170,0.502686,0.598530,0.961933,0.956112,0.999956,0.587354,0.877526,0.915511,0.962123,0.672010,0.756253,1.052548,1.040128
