0.000000,1.001851,0.681889,0.473565,0.385571,0.526015,0.750652,0.538232,0.482317,0.327332,0.714731,0.413599,0.609106,0.434102,0.622189,0.374146,0.597602,0.577711,0.847578,0.849841,0.220482,0.182848,0.403869,0.403404,0.328329,0.424577,0.388290,0.418840,0.494626,0.154014,0.425100,0.474313,0.599131,0.569755,0.260713,0.086442,0.177547,0.032917,0.350583,0.147277,0.411230,0.333480,0.429816,0.129707,0.418341,0.161411,0.453588,0.296664,0.620405,0.226199,0.517647,0.419513,0.582499,0.252917,0.540736,0.406041,1.054864,0.747828,1.032975,0.607492,0.967127,0.757437,0.713317,0.630410,0.445226,0.620252,0.627580,0.569504,0.955703,0.955420,0.203369,-0.004224,0.542179,0.276076,0.443834,0.223681,0.386693,0.155879,0.491145,0.251687,0.619948,0.736375,0.638762,0.468292,0.629497,0.439324,0.439280,0.462685,0.853291,0.630960
1.001851,0.000000,0.796001,0.638946,0.503226,0.595559,0.708684,0.672058,0.508344,0.345970,0.492928,0.591326,0.547619,0.541132,0.661668,0.426722,0.713239,0.761190,0.937128,1.133037,0.284622,0.265675,0.661064,0.535724,0.508377,0.538027,0.532691,0.623814,0.521645,0.273818,0.604162,0.603981,0.729762,0.881620,0.379513,0.188370,0.174034,0.087474,0.302159,0.082288,0.409570,0.360194,0.612763,0.240724,0.557674,0.232582,0.720068,0.431289,0.689406,0.243392,0.665514,0.521875,0.742392,0.280708,0.554121,0.379427,0.811440,1.335490,0.844781,0.800299,0.808176,0.824505,0.629769,0.766225,0.505790,0.636762,0.803150,0.796307,0.820814,1.083979,0.159453,0.067617,0.591808,0.391525,0.490891,0.310663,0.411594,0.216635,0.637350,0.454351,0.833334,1.040569,0.733870,0.547274,0.833295,0.590937,0.423312,0.407474,0.907797,0.729984
0.681889,0.796001,0.000000,1.168934,0.548246,0.637174,1.416937,0.934922,0.808771,0.598218,0.736622,0.225846,0.862503,0.396355,0.826492,0.370526,0.675723,0.350323,1.166715,1.082392,0.022599,-0.028893,1.065701,1.066033,0.561969,0.573036,0.343770,0.329116,0.740207,-0.005964,0.544228,0.582278,0.871875,0.820438,0.630071,0.388747,0.271105,-0.141785,0.387866,0.120868,0.454533,0.338587,0.666795,0.178260,0.536000,0.273569,0.661218,0.265103,0.628521,0.160216,0.636094,0.306461,0.640307,0.046229,0.633865,0.169790,0.459734,0.679334,0.669489,0.677903,0.857530,0.464106,0.632233,0.360681,0.757872,0.541935,0.926995,0.872429,0.550105,0.805370,0.023727,-0.120370,0.736946,0.148837,0.422213,0.123038,0.536990,0.342328,0.551396,0.085368,0.658437,0.552137,0.889368,0.499074,0.717399,0.411345,0.463715,0.421703,0.792763,0.530865
0.473565,0.638946,1.168934,0.000000,0.478296,0.788104,0.933603,1.499455,0.681077,0.595419,0.618154,0.290743,0.784524,0.575717,0.712617,0.539125,0.776828,0.337175,0.885380,0.984536,0.032151,-0.007973,1.051866,1.485398,0.408782,0.579143,0.334290,0.340646,0.824157,0.050757,0.511938,0.694695,0.964206,1.014299,0.672240,0.376522,0.385763,-0.119697,0.417978,0.221768,0.497315,0.438353,0.640760,0.197746,0.544296,0.344518,0.581334,0.258696,0.572861,0.214097,0.620167,0.275965,0.582842,-0.014219,0.591052,0.135190,0.346485,0.610254,0.549438,0.637178,0.747284,0.347100,0.762449,0.279529,0.735317,0.558453,0.945851,0.912859,0.397991,0.653793,0.027808,-0.206111,0.764120,0.142071,0.393953,0.079022,0.608360,0.376069,0.638414,0.108273,0.818545,0.579979,0.786467,0.660156,0.799739,0.556801,0.515112,0.457172,0.726811,0.662368
0.385571,0.503226,0.548246,0.478296,0.000000,0.915267,0.655732,0.631547,1.107755,0.921798,0.519444,0.487036,0.520311,0.517007,0.728846,0.587281,0.325119,0.240322,0.508522,0.467164,0.203958,0.182188,0.471729,0.324914,1.165672,0.710385,0.838149,0.735878,0.322162,0.126757,0.211715,0.346540,0.464453,0.502389,0.385162,0.256523,0.114278,-0.026369,0.231798,0.078403,0.222372,0.213773,0.478650,0.320593,0.450471,0.384796,0.400772,0.212310,0.534973,0.376904,0.481510,0.460552,0.422874,0.154337,0.378416,0.244698,0.212668,0.349845,0.348366,0.453838,0.497199,0.518066,0.329008,0.411756,0.556980,0.650550,0.507095,0.599245,0.235143,0.382628,-0.032714,-0.019316,0.399654,0.238955,0.245989,0.219398,0.396767,0.305626,0.260646,0.197208,0.423814,0.453255,0.415600,0.478291,0.464562,0.409186,0.199512,0.158769,0.535815,0.473970
0.526015,0.595559,0.637174,0.788104,0.915267,0.000000,0.857451,1.058493,1.023158,0.835448,0.540018,0.721540,0.755235,0.890741,0.810628,0.885423,0.440125,0.443292,0.563890,0.591932,0.276320,0.319983,0.628520,0.569760,0.848681,1.115894,0.720402,0.890919,0.407034,0.299529,0.441403,0.631570,0.550149,0.653164,0.393289,0.189153,0.118681,0.103652,0.304587,0.190508,0.334146,0.450276,0.503809,0.330182,0.505061,0.396901,0.394440,0.259129,0.545967,0.451626,0.482923,0.515926,0.469072,0.141941,0.423143,0.354597,0.318657,0.493363,0.425622,0.530492,0.640083,0.620622,0.538342,0.518912,0.734685,0.899449,0.625732,0.675732,0.364499,0.539544,0.112379,0.039942,0.478369,0.409024,0.273647,0.248431,0.349291,0.249377,0.362955,0.287068,0.543909,0.637791,0.550029,0.775031,0.611689,0.569011,0.422075,0.388667,0.845662,0.667613
0.750652,0.708684,1.416937,0.933603,0.655732,0.857451,0.000000,1.016184,1.030721,0.751835,0.886402,0.407022,1.160109,0.598405,0.945354,0.468426,0.607547,0.379504,0.913419,0.885615,0.057252,0.033029,0.828359,0.784223,0.617317,0.640089,0.468431,0.469764,0.638677,0.013552,0.459662,0.555642,0.731504,0.715084,0.472552,0.215319,0.187633,-0.196511,0.292958,0.083455,0.396892,0.310073,0.568995,0.163785,0.449803,0.269861,0.494356,0.215996,0.518657,0.212002,0.469495,0.269730,0.558918,-0.020943,0.507171,0.173364,0.408111,0.582929,0.610424,0.630744,0.954634,0.606081,0.715047,0.479271,0.899018,0.702425,0.766508,0.738893,0.473415,0.703353,0.058661,-0.097361,0.673748,0.174341,0.392307,0.113007,0.444856,0.239613,0.440223,0.080525,0.578242,0.592825,0.793307,0.539661,0.584801,0.320670,0.438435,0.351550,0.749820,0.464909
0.538232,0.672058,0.934922,1.499455,0.631547,1.058493,1.016184,0.000000,0.770377,0.701393,0.622440,0.544676,0.846820,0.940414,0.762717,0.760235,0.686337,0.407262,0.743750,0.855710,0.171131,0.142021,0.901777,1.029635,0.520991,0.705217,0.479642,0.555879,0.674751,0.203995,0.524523,0.771759,0.816858,0.951281,0.586733,0.338321,0.277108,-0.055757,0.332135,0.203655,0.470500,0.455066,0.575237,0.250913,0.530625,0.384534,0.461062,0.255854,0.513060,0.296213,0.515587,0.332141,0.472379,-0.023510,0.464027,0.169761,0.318552,0.554872,0.450748,0.557180,0.729784,0.475366,0.737963,0.385657,0.863268,0.799011,0.800539,0.819707,0.356913,0.562514,0.167961,-0.017263,0.706180,0.297793,0.397246,0.192899,0.531778,0.346357,0.589130,0.160561,0.764147,0.681393,0.730702,0.808265,0.735118,0.608251,0.449026,0.425233,0.722002,0.706924
0.482317,0.508344,0.808771,0.681077,1.107755,1.023158,1.030721,0.770377,0.000000,1.253307,0.728059,0.438364,0.877252,0.561002,0.978515,0.696892,0.487565,0.261577,0.626888,0.602868,0.089817,0.108470,0.655205,0.537218,0.950769,0.804484,0.654526,0.655770,0.501920,0.071058,0.284711,0.418610,0.605391,0.596324,0.445100,0.200934,0.194863,-0.061762,0.367403,0.202895,0.320727,0.267872,0.527258,0.274177,0.447977,0.324505,0.441852,0.249978,0.587572,0.411041,0.558774,0.503586,0.560046,0.164264,0.521839,0.383425,0.254119,0.409168,0.459286,0.594139,0.709611,0.580652,0.528866,0.437948,0.729220,0.751294,0.613834,0.642074,0.317805,0.494413,-0.003126,-0.121022,0.504280,0.174082,0.268157,0.146460,0.396115,0.221752,0.372291,0.164485,0.493037,0.521342,0.623010,0.511759,0.548012,0.410036,0.373922,0.321101,0.744751,0.530884
0.327332,0.345970,0.598218,0.595419,0.921798,0.835448,0.751835,0.701393,1.253307,0.000000,0.529861,0.356698,0.641594,0.502320,0.690913,0.781448,0.306236,0.187205,0.436136,0.415007,0.036783,0.053744,0.449956,0.478226,0.746611,0.552001,0.535882,0.505577,0.321066,0.051499,0.125202,0.338883,0.393136,0.412101,0.400199,0.239531,0.097334,-0.071652,0.205733,0.087907,0.186512,0.122120,0.307939,0.209379,0.294725,0.394179,0.180960,0.083551,0.377430,0.468665,0.349109,0.343712,0.308118,-0.001061,0.307816,0.236505,0.134297,0.223284,0.299015,0.435303,0.550539,0.492424,0.399902,0.329123,0.720751,0.698074,0.415813,0.493290,0.196030,0.293547,-0.124268,-0.167510,0.386701,0.113130,0.221408,0.141336,0.344684,0.225774,0.186843,0.074232,0.291137,0.343703,0.412128,0.373700,0.333099,0.256528,0.269299,0.177314,0.535939,0.354158
0.714731,0.492928,0.736622,0.618154,0.519444,0.540018,0.886402,0.622440,0.728059,0.529861,0.000000,0.291087,1.209023,0.516767,1.030219,0.484897,0.894503,0.198191,0.752146,0.719358,0.024784,-0.004699,0.685264,0.609216,0.344340,0.363689,0.310490,0.315967,0.983017,-0.153450,0.231059,0.309921,0.923719,0.810120,0.368432,0.061951,0.501659,-0.313141,0.617581,0.355472,0.609075,0.414101,0.584801,0.157196,0.451653,0.149593,0.522009,0.288848,0.667104,0.204577,0.662798,0.349869,0.728078,0.141183,0.830921,0.272954,0.423559,0.471858,0.648933,0.697487,0.984396,0.416099,0.878266,0.350255,0.621152,0.414854,0.662140,0.591613,0.348290,0.570747,-0.080646,-0.348457,0.640169,-0.079063,0.182302,-0.035806,0.523385,0.130476,0.671535,0.037631,0.755068,0.499315,1.017547,0.559686,0.680029,0.414730,0.626705,0.519032,0.695630,0.570371
0.413599,0.591326,0.225846,0.290743,0.487036,0.721540,0.407022,0.544676,0.438364,0.356698,0.291087,0.000000,0.361491,1.028896,0.360903,0.577712,0.193029,0.839393,0.208079,0.274964,0.408659,0.515036,0.382121,0.219014,0.500894,0.600979,0.552953,0.692003,0.030009,0.593837,0.361029,0.475874,0.234159,0.362012,0.104949,-0.030133,-0.146786,0.285048,0.028885,0.133526,0.236723,0.395863,0.126825,0.162765,0.185357,0.152469,0.067605,0.127138,0.226662,0.229773,0.295581,0.561686,0.256446,0.258688,0.060755,0.353059,0.179443,0.446195,0.170921,0.243263,0.263733,0.647006,0.247173,0.661067,0.346615,0.859751,0.310936,0.351715,0.179396,0.302386,0.181822,0.291735,0.130348,0.606705,0.175375,0.418256,0.017845,0.020575,0.213213,0.496339,0.366977,0.770626,0.321612,0.661094,0.442853,0.532758,0.217737,0.314397,0.602196,0.604556
0.609106,0.547619,0.862503,0.784524,0.520311,0.755235,1.160109,0.846820,0.877252,0.641594,1.209023,0.361491,0.000000,0.722591,1.400514,0.571324,0.851667,0.281475,0.765247,0.781164,0.021871,0.002407,0.833303,0.667549,0.406260,0.472203,0.323650,0.404667,0.991816,-0.068809,0.304259,0.351644,0.865766,0.811018,0.420253,0.105870,0.486619,-0.207762,0.614711,0.407904,0.649339,0.511362,0.574599,0.125038,0.407091,0.160967,0.491170,0.245104,0.543179,0.242680,0.522372,0.269214,0.656504,0.030554,0.709130,0.244748,0.344905,0.514116,0.579940,0.715538,0.994557,0.496506,0.956537,0.408633,0.826290,0.512266,0.681054,0.610281,0.348139,0.609550,-0.002124,-0.253848,0.848258,0.095059,0.319161,0.044067,0.508670,0.187387,0.627700,0.062001,0.747356,0.548451,1.042864,0.669711,0.595658,0.368658,0.681978,0.481936,0.757892,0.523689
0.434102,0.541132,0.396355,0.575717,0.517007,0.890741,0.598405,0.940414,0.561002,0.502320,0.516767,1.028896,0.722591,0.000000,0.661121,0.939860,0.421424,0.516099,0.310772,0.411029,0.360883,0.418898,0.606910,0.477121,0.424727,0.564897,0.450026,0.626015,0.363573,0.502424,0.445810,0.595624,0.421518,0.606199,0.197898,0.092449,0.117910,0.189444,0.211960,0.297139,0.447795,0.565994,0.211923,0.154958,0.228999,0.189927,0.121919,0.122630,0.238784,0.271329,0.281366,0.350036,0.256146,0.065488,0.180495,0.272702,0.145054,0.382450,0.141185,0.365266,0.442204,0.574470,0.546926,0.587414,0.648887,0.785659,0.310314,0.362676,0.130907,0.292210,0.247671,0.247806,0.392212,0.579772,0.201480,0.325006,0.131747,0.053356,0.383571,0.360334,0.536132,0.758954,0.553080,1.012728,0.539853,0.602269,0.364477,0.396835,0.599577,0.633851
0.622189,0.661668,0.826492,0.712617,0.728846,0.810628,0.945354,0.762717,0.978515,0.690913,1.030219,0.360903,1.400514,0.661121,0.000000,0.738470,0.937703,0.288891,0.820520,0.840833,0.116364,0.130335,0.913419,0.687501,0.571349,0.572644,0.489726,0.559820,1.025051,0.021562,0.428548,0.460441,0.933822,0.926035,0.523695,0.191236,0.554702,-0.084109,0.697693,0.453433,0.665246,0.565368,0.649950,0.224171,0.503089,0.263347,0.598671,0.385809,0.692458,0.373306,0.674863,0.409093,0.803415,0.213429,0.814150,0.420537,0.439429,0.624154,0.615839,0.849384,0.908073,0.545678,0.858184,0.458513,0.834234,0.541223,0.740231,0.703508,0.426969,0.671035,0.038450,-0.154208,0.857290,0.198535,0.357567,0.128110,0.492415,0.209465,0.717482,0.179313,0.863495,0.671305,1.212721,0.782424,0.801262,0.554051,0.759453,0.598573,0.858997,0.720549
0.374146,0.426722,0.370526,0.539125,0.587281,0.885423,0.468426,0.760235,0.696892,0.781448,0.484897,0.577712,0.571324,0.939860,0.738470,0.000000,0.454881,0.342533,0.361383,0.401776,0.297536,0.346404,0.562503,0.509937,0.448708,0.539064,0.467887,0.618184,0.419511,0.439199,0.398575,0.575822,0.437611,0.575279,0.342716,0.189160,0.207300,0.202531,0.324912,0.270401,0.366771,0.432239,0.301095,0.309980,0.345199,0.351865,0.183669,0.223993,0.357198,0.413453,0.322971,0.381395,0.281999,0.131676,0.292608,0.417915,0.164733,0.302041,0.163231,0.362616,0.404475,0.434890,0.423760,0.390911,0.689676,0.659112,0.348363,0.411225,0.146198,0.243621,0.143831,0.134779,0.367912,0.425701,0.219196,0.311769,0.269215,0.143060,0.342521,0.315238,0.518411,0.628732,0.599138,0.866523,0.615895,0.647559,0.425040,0.454720,0.611355,0.657360
0.597602,0.713239,0.675723,0.776828,0.325119,0.440125,0.607547,0.686337,0.487565,0.306236,0.894503,0.193029,0.851667,0.421424,0.937703,0.454881,0.000000,0.305792,0.820554,1.066463,0.076220,0.039634,0.839740,0.781722,0.219314,0.345463,0.312033,0.402282,1.566808,-0.020653,0.467553,0.482541,1.415465,1.379188,0.487780,0.142905,0.760889,-0.230271,0.712724,0.418014,0.762731,0.520481,0.941697,0.345579,0.736138,0.307842,0.942836,0.688714,0.972611,0.374565,0.872518,0.402289,1.032760,0.244465,1.060216,0.387030,0.577658,0.819601,0.718409,0.929937,0.829881,0.321190,1.180878,0.303106,0.510185,0.279222,0.837415,0.789748,0.449035,0.749973,-0.019530,-0.300030,0.787198,-0.013633,0.325858,-0.033236,0.586397,0.186145,1.294295,0.229114,1.531534,0.782678,1.263721,0.641075,0.970252,0.611265,0.750474,0.599029,0.621569,0.718885
0.577711,0.761190,0.350323,0.337175,0.240322,0.443292,0.379504,0.407262,0.261577,0.187205,0.198191,0.839393,0.281475,0.516099,0.288891,0.342533,0.305792,0.000000,0.334845,0.451533,0.308060,0.346926,0.356741,0.318378,0.335340,0.453085,0.457673,0.532358,0.136538,0.656471,0.539179,0.582457,0.299475,0.397192,0.092430,-0.091951,-0.176095,0.211838,0.058192,0.020305,0.235795,0.350993,0.129541,0.006629,0.193600,0.029557,0.188226,0.150509,0.243134,0.086546,0.277020,0.488893,0.351168,0.321736,0.146960,0.342108,0.549805,0.823145,0.392980,0.308804,0.421842,0.743929,0.383179,0.828086,0.294052,0.732277,0.408454,0.356858,0.451219,0.557589,0.064948,0.162551,0.173305,0.463607,0.288454,0.171540,-0.002870,-0.064833,0.326430,0.679615,0.492965,0.981269,0.354413,0.462025,0.529987,0.480414,0.260866,0.337474,0.623969,0.566165
0.847578,0.937128,1.166715,0.885380,0.508522,0.563890,0.913419,0.743750,0.626888,0.436136,0.752146,0.208079,0.765247,0.310772,0.820520,0.361383,0.820554,0.334845,0.000000,1.593264,-0.043334,-0.134849,0.749385,0.711465,0.444340,0.404974,0.341674,0.346609,0.822329,-0.091117,0.399295,0.402687,0.935466,0.844717,0.687196,0.388334,0.414355,-0.205205,0.472506,0.061033,0.440541,0.259304,0.832668,0.196808,0.665080,0.326804,0.881008,0.377163,0.780161,0.209851,0.660017,0.271725,0.709836,0.048518,0.738019,0.180012,0.616486,0.778280,0.915204,0.692066,0.900034,0.358766,0.658871,0.249582,0.594003,0.395189,1.110764,0.996856,0.709373,0.959472,0.042481,-0.215255,0.875191,0.117905,0.634393,0.211682,0.827205,0.462343,0.588069,0.004253,0.779026,0.557576,0.935529,0.421296,0.755053,0.386933,0.496005,0.401962,0.814710,0.584379
0.849841,1.133037,1.082392,0.984536,0.467164,0.591932,0.885615,0.855710,0.602868,0.415007,0.719358,0.274964,0.781164,0.411029,0.840833,0.401776,1.066463,0.451533,1.593264,0.000000,0.024249,-0.053748,0.801487,0.810429,0.442440,0.471380,0.429542,0.463691,0.978664,0.004665,0.544342,0.567879,1.172742,1.179254,0.634738,0.287612,0.451359,-0.172505,0.533038,0.144808,0.576452,0.348151,0.882499,0.192971,0.701303,0.271572,1.000488,0.420059,0.870215,0.211458,0.820160,0.370519,0.879724,0.133154,0.848789,0.233987,0.726179,1.032477,1.014238,0.853295,0.968244,0.429080,0.873504,0.348698,0.590941,0.456677,1.206714,1.031813,0.824293,1.156834,0.056293,-0.206429,0.948047,0.167971,0.620042,0.167552,0.768200,0.358091,0.810538,0.132375,0.984189,0.740223,1.001067,0.490932,0.829511,0.493723,0.562365,0.456219,0.824676,0.693749
0.220482,0.284622,0.022599,0.032151,0.203958,0.276320,0.057252,0.171131,0.089817,0.036783,0.024784,0.408659,0.021871,0.360883,0.116364,0.297536,0.076220,0.308060,-0.043334,0.024249,0.000000,1.438314,0.155534,0.071727,0.233071,0.482186,0.481356,0.533332,-0.043802,0.609543,0.484507,0.507088,0.052737,0.179866,-0.100913,-0.103102,-0.012772,0.563782,0.013796,0.230429,0.096756,0.410142,0.116457,0.370568,0.321279,0.261887,0.057885,0.293729,0.208786,0.263533,0.170758,0.451919,0.097692,0.372830,-0.020111,0.436916,0.266780,0.295857,0.030550,0.147295,0.007289,0.344912,0.027792,0.419161,0.148777,0.346530,0.083116,0.118915,0.210176,0.203260,0.252877,0.577679,0.021128,0.506030,-0.070656,0.292050,-0.178516,-0.138167,0.214259,0.705002,0.266889,0.493340,0.063406,0.389441,0.382902,0.505697,0.041089,0.183213,0.164463,0.272550
0.182848,0.265675,-0.028893,-0.007973,0.182188,0.319983,0.033029,0.142021,0.108470,0.053744,-0.004699,0.515036,0.002407,0.418898,0.130335,0.346404,0.039634,0.346926,-0.134849,-0.053748,1.438314,0.000000,0.168344,0.054802,0.238428,0.497372,0.437686,0.553705,-0.094853,0.733710,0.512143,0.517756,-0.005642,0.160562,-0.156559,-0.186289,-0.061007,0.658473,-0.025857,0.273753,0.033839,0.428119,0.037224,0.343398,0.235605,0.212080,0.001143,0.307686,0.168888,0.302791,0.173128,0.514946,0.110521,0.438369,-0.033242,0.522859,0.222008,0.276375,-0.008204,0.176228,-0.011271,0.404072,0.006815,0.497901,0.116914,0.383503,-0.001222,0.036853,0.171766,0.150299,0.264082,0.641306,-0.054914,0.577176,-0.125140,0.312703,-0.280666,-0.213031,0.191532,0.806091,0.209233,0.498913,0.052000,0.401798,0.370155,0.530707,0.047599,0.211020,0.204472,0.320967
0.403869,0.661064,1.065701,1.051866,0.471729,0.628520,0.828359,0.901777,0.655205,0.449956,0.685264,0.382121,0.833303,0.606910,0.913419,0.562503,0.839740,0.356741,0.749385,0.801487,0.155534,0.168344,0.000000,1.299931,0.522450,0.596483,0.353034,0.410415,0.886661,0.116841,0.725548,0.719217,1.062989,1.080105,0.780673,0.398870,0.480967,0.012215,0.633124,0.460746,0.671123,0.612200,0.627342,0.265171,0.581838,0.289340,0.607898,0.419514,0.635295,0.213764,0.761827,0.421360,0.664868,0.222511,0.673466,0.319205,0.315003,0.659528,0.437328,0.660074,0.640111,0.355603,0.614602,0.330123,0.799593,0.467083,0.856721,0.797032,0.318972,0.604220,0.046232,0.006843,0.677748,0.222184,0.300242,0.138538,0.452849,0.285686,0.792056,0.246464,0.856501,0.636179,1.079520,0.734732,0.883556,0.678535,0.734134,0.696786,0.724543,0.710396
0.403404,0.535724,1.066033,1.485398,0.324914,0.569760,0.784223,1.029635,0.537218,0.478226,0.609216,0.219014,0.667549,0.477121,0.687501,0.509937,0.781722,0.318378,0.711465,0.810429,0.071727,0.054802,1.299931,0.000000,0.360163,0.526702,0.290682,0.276383,0.835092,0.066099,0.671001,0.830098,0.973505,0.986225,0.683587,0.362969,0.380744,-0.082797,0.461139,0.287337,0.585028,0.502704,0.522485,0.159949,0.484138,0.283636,0.506758,0.278265,0.529728,0.162312,0.626599,0.282582,0.579466,0.098996,0.579508,0.195188,0.335534,0.560594,0.469603,0.600649,0.636478,0.281331,0.688777,0.264448,0.706474,0.474756,0.815776,0.770618,0.343514,0.565876,0.021578,-0.110929,0.624799,0.116248,0.332276,0.045422,0.419395,0.220461,0.692019,0.139815,0.786003,0.572929,0.865970,0.655815,0.833980,0.599050,0.592853,0.607556,0.620488,0.664544
0.328329,0.508377,0.561969,0.408782,1.165672,0.848681,0.617317,0.520991,0.950769,0.746611,0.344340,0.500894,0.406260,0.424727,0.571349,0.448708,0.219314,0.335340,0.444340,0.442440,0.233071,0.238428,0.522450,0.360163,0.000000,1.052911,0.924825,0.864504,0.195837,0.212278,0.386134,0.456060,0.412496,0.437440,0.470889,0.322510,-0.017484,0.125902,0.217447,0.051180,0.256519,0.226552,0.398719,0.181415,0.409870,0.299712,0.372776,0.174292,0.429869,0.223642,0.447686,0.502868,0.400337,0.243472,0.289819,0.289430,0.273519,0.412747,0.360340,0.369018,0.447406,0.529223,0.214915,0.441971,0.526458,0.680343,0.555964,0.603398,0.300389,0.429849,0.025232,0.115787,0.313717,0.337001,0.265503,0.290035,0.292077,0.240441,0.211049,0.260740,0.296509,0.442409,0.321775,0.377263,0.404507,0.377583,0.200002,0.196523,0.548652,0.403644
0.424577,0.538027,0.573036,0.579143,0.710385,1.115894,0.640089,0.705217,0.804484,0.552001,0.363689,0.600979,0.472203,0.564897,0.572644,0.539064,0.345463,0.453085,0.404974,0.471380,0.482186,0.497372,0.596483,0.526702,1.052911,0.000000,0.835586,0.928068,0.283111,0.419734,0.634529,0.740195,0.490675,0.545716,0.316074,0.125756,0.019738,0.259783,0.256875,0.175483,0.327762,0.488530,0.485845,0.279301,0.524671,0.260114,0.428855,0.289946,0.538998,0.264328,0.570969,0.718050,0.528588,0.391300,0.396734,0.436704,0.381657,0.517511,0.414235,0.444851,0.461353,0.532679,0.358057,0.484152,0.516538,0.835641,0.595819,0.592893,0.431162,0.579419,0.159899,0.168648,0.336625,0.436775,0.204377,0.288712,0.166865,0.092873,0.347883,0.484469,0.475336,0.632464,0.397943,0.642629,0.609747,0.682306,0.269517,0.374502,0.670615,0.610777
0.388290,0.532691,0.343770,0.334290,0.838149,0.720402,0.468431,0.479642,0.654526,0.535882,0.310490,0.552953,0.323650,0.450026,0.489726,0.467887,0.312033,0.457673,0.341674,0.429542,0.481356,0.437686,0.353034,0.290682,0.924825,0.835586,0.000000,1.331153,0.195312,0.319317,0.567752,0.657770,0.413709,0.462872,0.329285,0.151157,-0.044472,0.064834,0.124463,-0.040284,0.200298,0.211037,0.368216,0.184829,0.361719,0.167207,0.366468,0.209201,0.384271,0.169637,0.406256,0.473929,0.439263,0.309465,0.230323,0.237760,0.423875,0.545769,0.346152,0.293733,0.404128,0.499393,0.293825,0.477085,0.468774,0.679491,0.495315,0.466904,0.342789,0.447630,0.161904,0.185896,0.210507,0.300175,0.217548,0.183440,0.203194,0.052216,0.307165,0.365748,0.434999,0.607628,0.268443,0.368133,0.563963,0.503086,0.147669,0.176052,0.469584,0.501407
0.418840,0.623814,0.329116,0.340646,0.735878,0.890919,0.469764,0.555879,0.655770,0.505577,0.315967,0.692003,0.404667,0.626015,0.559820,0.618184,0.402282,0.532358,0.346609,0.463691,0.533332,0.553705,0.410415,0.276383,0.864504,0.928068,1.331153,0.000000,0.253501,0.432936,0.599266,0.671228,0.441498,0.564798,0.254901,0.039165,0.028632,0.152562,0.220886,0.092689,0.321962,0.361205,0.445898,0.298224,0.471380,0.249359,0.408724,0.310142,0.469845,0.323456,0.427074,0.537985,0.453565,0.298618,0.278802,0.351710,0.381172,0.587267,0.314084,0.380275,0.388666,0.521604,0.389238,0.518135,0.446248,0.665726,0.449526,0.452566,0.330689,0.476688,0.223003,0.266320,0.302642,0.450342,0.217476,0.297783,0.168085,0.031295,0.407190,0.475631,0.521217,0.723331,0.376257,0.508257,0.550293,0.549518,0.242391,0.224742,0.545447,0.540568
0.494626,0.521645,0.740207,0.824157,0.322162,0.407034,0.638677,0.674751,0.501920,0.321066,0.983017,0.030009,0.991816,0.363573,1.025051,0.419511,1.566808,0.136538,0.822329,0.978664,-0.043802,-0.094853,0.886661,0.835092,0.195837,0.283111,0.195312,0.253501,0.000000,-0.158289,0.395412,0.393011,1.386506,1.237627,0.579146,0.222251,0.874296,-0.316934,0.872735,0.479917,0.827151,0.522203,0.864503,0.260701,0.636311,0.228905,0.854622,0.524653,0.835750,0.238362,0.820451,0.291509,0.902286,0.140791,1.139363,0.265061,0.449837,0.601166,0.686742,0.867221,0.841636,0.192908,1.075910,0.165560,0.514146,0.169095,0.838778,0.730657,0.376475,0.639813,-0.050736,-0.398241,0.945489,-0.087371,0.334870,-0.091548,0.677076,0.228298,1.140616,0.043716,1.155630,0.519004,1.288257,0.567058,0.771615,0.486726,0.777723,0.578755,0.550707,0.600681
0.154014,0.273818,-0.005964,0.050757,0.126757,0.299529,0.013552,0.203995,0.071058,0.051499,-0.153450,0.593837,-0.068809,0.502424,0.021562,0.439199,-0.020653,0.656471,-0.091117,0.004665,0.609543,0.733710,0.116841,0.066099,0.212278,0.419734,0.319317,0.432936,-0.158289,0.000000,0.526065,0.541650,-0.090589,0.106594,-0.170683,-0.106649,-0.250575,0.729263,-0.149407,0.029798,0.048373,0.372832,-0.066159,0.212707,0.042944,0.087496,-0.071813,0.127219,0.014905,0.125866,-0.010636,0.351107,-0.032172,0.348240,-0.217141,0.410424,0.113902,0.231283,-0.111927,-0.043012,-0.070111,0.340442,-0.003625,0.427490,0.070266,0.440637,-0.057849,-0.011638,0.091523,0.081797,0.235882,0.592882,-0.122523,0.811201,0.051545,0.416359,-0.331748,-0.210169,0.055139,0.954383,0.190420,0.620956,0.020137,0.559979,0.306554,0.536891,-0.078534,0.096845,0.204823,0.383709
0.425100,0.604162,0.544228,0.511938,0.211715,0.441403,0.459662,0.524523,0.284711,0.125202,0.231059,0.361029,0.304259,0.445810,0.428548,0.398575,0.467553,0.539179,0.399295,0.544342,0.484507,0.512143,0.725548,0.671001,0.386134,0.634529,0.567752,0.599266,0.395412,0.526065,0.000000,1.525897,0.507251,0.658026,0.343882,0.120307,0.098328,0.266949,0.216512,0.167518,0.348355,0.494625,0.340896,0.242305,0.423861,0.137993,0.379720,0.315217,0.354644,0.025558,0.375654,0.340632,0.372714,0.261794,0.240362,0.275417,0.449669,0.642807,0.354461,0.347491,0.404427,0.396155,0.414426,0.454995,0.416020,0.469760,0.510302,0.441594,0.394704,0.511420,0.338387,0.393547,0.326576,0.524279,0.340960,0.259132,0.115431,-0.030324,0.484746,0.444164,0.579180,0.767274,0.472993,0.516099,0.672280,0.566911,0.369808,0.443933,0.414323,0.492395
0.474313,0.603981,0.582278,0.694695,0.346540,0.631570,0.555642,0.771759,0.418610,0.338883,0.309921,0.475874,0.351644,0.595624,0.460441,0.575822,0.482541,0.582457,0.402687,0.567879,0.507088,0.517756,0.719217,0.830098,0.456060,0.740195,0.657770,0.671228,0.393011,0.541650,1.525897,0.000000,0.537673,0.745388,0.329826,0.137755,0.073372,0.229040,0.175518,0.154560,0.339099,0.445344,0.327671,0.243188,0.448414,0.255055,0.327349,0.261144,0.382628,0.135075,0.410296,0.409315,0.372544,0.217674,0.240082,0.309065,0.441452,0.615653,0.354784,0.391016,0.477786,0.486777,0.510131,0.523247,0.548665,0.713819,0.538544,0.508637,0.376845,0.479391,0.276986,0.331836,0.333601,0.457862,0.312681,0.239464,0.127416,-0.027142,0.507946,0.455655,0.600091,0.848522,0.481614,0.607257,0.715740,0.632303,0.368025,0.447078,0.476871,0.589647
0.599131,0.729762,0.871875,0.964206,0.464453,0.550149,0.731504,0.816858,0.605391,0.393136,0.923719,0.234159,0.865766,0.421518,0.933822,0.437611,1.415465,0.299475,0.935466,1.172742,0.052737,-0.005642,1.062989,0.973505,0.412496,0.490675,0.413709,0.441498,1.386506,-0.090589,0.507251,0.537673,0.000000,1.632656,0.814859,0.350993,0.608587,-0.254357,0.802269,0.425326,0.778333,0.460368,1.025715,0.297926,0.850286,0.292947,1.005684,0.556757,1.064858,0.246100,1.036756,0.471654,0.972357,0.226304,1.170854,0.335421,0.609497,0.814346,0.831866,0.850464,0.862987,0.305673,0.933793,0.274676,0.681833,0.394448,1.192147,1.050303,0.543624,0.857466,-0.083536,-0.314662,0.789094,-0.037564,0.340532,-0.003874,0.800811,0.331631,1.134232,0.170980,1.284013,0.690555,1.183977,0.610856,1.001960,0.689834,0.848275,0.702827,0.749554,0.801844
0.569755,0.881620,0.820438,1.014299,0.502389,0.653164,0.715084,0.951281,0.596324,0.412101,0.810120,0.362012,0.811018,0.606199,0.926035,0.575279,1.379188,0.397192,0.844717,1.179254,0.179866,0.160562,1.080105,0.986225,0.437440,0.545716,0.462872,0.564798,1.237627,0.106594,0.658026,0.745388,1.632656,0.000000,0.625653,0.258648,0.580105,-0.117337,0.653334,0.413693,0.688917,0.499843,0.938520,0.365833,0.840775,0.351385,0.963804,0.564331,0.957030,0.309377,0.971210,0.499469,0.908911,0.209819,0.944906,0.360866,0.556305,0.942160,0.702013,0.964077,0.829815,0.390808,0.977839,0.396483,0.674698,0.467427,1.037694,0.971431,0.488983,0.781250,-0.039233,-0.194802,0.762319,0.120543,0.313743,0.059271,0.625029,0.215089,1.214908,0.336333,1.296667,0.869960,1.152353,0.722719,1.019846,0.755137,0.783455,0.629295,0.728011,0.842984
0.260713,0.379513,0.630071,0.672240,0.385162,0.393289,0.472552,0.586733,0.445100,0.400199,0.368432,0.104949,0.420253,0.197898,0.523695,0.342716,0.487780,0.092430,0.687196,0.634738,-0.100913,-0.156559,0.780673,0.683587,0.470889,0.316074,0.329285,0.254901,0.579146,-0.170683,0.343882,0.329826,0.814859,0.625653,0.000000,0.963876,0.378181,-0.136616,0.580689,0.242802,0.415594,0.208311,0.664780,0.265101,0.605221,0.433593,0.555695,0.399774,0.493455,0.162864,0.476255,0.202171,0.376474,0.072905,0.524708,0.193533,0.327721,0.424298,0.464714,0.280314,0.431397,0.057708,0.240368,-0.045595,0.632028,0.224536,1.008466,0.928544,0.370001,0.494714,0.028500,-0.126205,0.585801,0.045322,0.504022,0.142659,0.935591,0.740516,0.409566,-0.128176,0.516065,0.241862,0.545556,0.257997,0.578398,0.387329,0.531707,0.463106,0.527637,0.485269
0.086442,0.188370,0.388747,0.376522,0.256523,0.189153,0.215319,0.338321,0.200934,0.239531,0.061951,-0.030133,0.105870,0.092449,0.191236,0.189160,0.142905,-0.091951,0.388334,0.287612,-0.103102,-0.186289,0.398870,0.362969,0.322510,0.125756,0.151157,0.039165,0.222251,-0.106649,0.120307,0.137755,0.350993,0.258648,0.963876,0.000000,0.107466,-0.075198,0.245160,0.038470,0.212255,0.017953,0.377519,0.194563,0.386305,0.433093,0.269286,0.201638,0.216243,0.130253,0.140521,-0.011382,0.005806,-0.125519,0.187846,0.059668,0.129485,0.147311,0.132423,0.020078,0.113568,-0.046849,-0.030346,-0.153786,0.369542,0.099144,0.427104,0.524571,0.123084,0.145862,-0.005075,-0.023926,0.255223,0.034757,0.295181,0.206477,0.537212,0.637702,0.176677,-0.171432,0.190525,0.060480,0.236621,0.138593,0.253454,0.179728,0.242692,0.231786,0.214022,0.211454
0.177547,0.174034,0.271105,0.385763,0.114278,0.118681,0.187633,0.277108,0.194863,0.097334,0.501659,-0.146786,0.486619,0.117910,0.554702,0.207300,0.760889,-0.176095,0.414355,0.451359,-0.012772,-0.061007,0.480967,0.380744,-0.017484,0.019738,-0.044472,0.028632,0.874296,-0.250575,0.098328,0.073372,0.608587,0.580105,0.378181,0.107466,0.000000,-0.050320,0.838008,0.627848,0.566426,0.458774,0.507523,0.216719,0.337862,0.182303,0.519020,0.412548,0.499053,0.219297,0.503005,0.125128,0.535296,0.124413,0.674444,0.182226,0.132283,0.203255,0.329307,0.505702,0.351735,-0.043097,0.564814,-0.088229,0.199659,-0.111812,0.423504,0.377396,0.157736,0.273050,0.044530,-0.279060,0.673453,-0.074714,0.212727,-0.050699,0.494291,0.277991,0.608797,-0.090854,0.570273,0.158501,0.624803,0.292390,0.396172,0.296096,0.513968,0.325751,0.235061,0.331236
0.032917,0.087474,-0.141785,-0.119697,-0.026369,0.103652,-0.196511,-0.055757,-0.061762,-0.071652,-0.313141,0.285048,-0.207762,0.189444,-0.084109,0.202531,-0.230271,0.211838,-0.205205,-0.172505,0.563782,0.658473,0.012215,-0.082797,0.125902,0.259783,0.064834,0.152562,-0.316934,0.729263,0.266949,0.229040,-0.254357,-0.117337,-0.136616,-0.075198,-0.050320,0.000000,0.041227,0.385943,0.001762,0.422965,-0.182783,0.144251,-0.078000,0.054639,-0.164505,0.068238,-0.074899,0.112879,-0.017365,0.332866,-0.122600,0.405601,-0.206721,0.479106,0.060182,0.040505,-0.127489,-0.131540,-0.268737,0.120147,-0.261661,0.152556,-0.112203,0.187533,-0.136014,-0.082899,0.152980,0.040941,0.207727,0.616677,-0.112182,0.767924,0.038254,0.431115,-0.294338,0.012099,-0.100680,0.587049,-0.083618,0.197114,-0.162291,0.263716,0.102131,0.383314,-0.042603,0.180132,0.139782,0.251974
0.350583,0.302159,0.387866,0.417978,0.231798,0.304587,0.292958,0.332135,0.367403,0.205733,0.617581,0.028885,0.614711,0.211960,0.697693,0.324912,0.712724,0.058192,0.472506,0.533038,0.013796,-0.025857,0.633124,0.461139,0.217447,0.256875,0.124463,0.220886,0.872735,-0.149407,0.216512,0.175518,0.802269,0.653334,0.580689,0.245160,0.838008,0.041227,0.000000,0.948135,0.976592,0.702246,0.547494,0.201977,0.497875,0.155740,0.557281,0.418357,0.701021,0.298808,0.748140,0.484289,0.660708,0.398487,1.020917,0.515073,0.374232,0.375999,0.598127,0.626213,0.480075,0.153589,0.504972,0.028109,0.262300,0.130224,0.665538,0.565569,0.420459,0.546141,0.012368,-0.225995,0.747400,0.047454,0.269555,0.014945,0.536365,0.344868,0.711333,0.075426,0.660136,0.281619,0.803496,0.399500,0.544879,0.547142,0.923050,0.735143,0.625729,0.651091
0.147277,0.082288,0.120868,0.221768,0.078403,0.190508,0.083455,0.203655,0.202895,0.087907,0.355472,0.133526,0.407904,0.297139,0.453433,0.270401,0.418014,0.020305,0.061033,0.144808,0.230429,0.273753,0.460746,0.287337,0.051180,0.175483,-0.040284,0.092689,0.479917,0.029798,0.167518,0.154560,0.425326,0.413693,0.242802,0.038470,0.627848,0.385943,0.948135,0.000000,0.588933,0.782739,0.224895,0.219689,0.254690,0.148380,0.195288,0.343668,0.379826,0.325665,0.501650,0.478910,0.329163,0.399623,0.554091,0.633271,0.179482,0.181525,0.212870,0.385588,0.188277,0.120317,0.318626,0.105078,0.158701,0.114954,0.262323,0.243800,0.210610,0.257457,-0.039783,-0.080643,0.345669,0.157611,-0.056691,0.005717,0.163107,0.145233,0.576156,0.265321,0.404242,0.219705,0.455551,0.409761,0.334164,0.502724,0.684710,0.715629,0.370748,0.511567
0.411230,0.409570,0.454533,0.497315,0.222372,0.334146,0.396892,0.470500,0.320727,0.186512,0.609075,0.236723,0.649339,0.447795,0.665246,0.366771,0.762731,0.235795,0.440541,0.576452,0.096756,0.033839,0.671123,0.585028,0.256519,0.327762,0.200298,0.321962,0.827151,0.048373,0.348355,0.339099,0.778333,0.688917,0.415594,0.212255,0.566426,0.001762,0.976592,0.588933,0.000000,0.952874,0.454764,0.058491,0.337352,0.046259,0.417684,0.242042,0.553085,0.150832,0.590921,0.370798,0.604837,0.263530,0.688357,0.350293,0.328836,0.408026,0.469040,0.503820,0.433063,0.195067,0.608841,0.111169,0.241198,0.233070,0.507643,0.469700,0.329809,0.492057,0.144284,-0.061950,0.739867,0.257341,0.365789,0.169067,0.365596,0.177241,0.776288,0.176893,0.776935,0.496207,0.878189,0.671564,0.538938,0.550985,0.726405,0.590672,0.538085,0.615947
0.333480,0.360194,0.338587,0.438353,0.213773,0.450276,0.310073,0.455066,0.267872,0.122120,0.414101,0.395863,0.511362,0.565994,0.565368,0.432239,0.520481,0.350993,0.259304,0.348151,0.410142,0.428119,0.612200,0.502704,0.226552,0.488530,0.211037,0.361205,0.522203,0.372832,0.494625,0.445344,0.460368,0.499843,0.208311,0.017953,0.458774,0.422965,0.702246,0.782739,0.952874,0.000000,0.309238,0.193531,0.297120,0.099268,0.264034,0.310777,0.440908,0.220557,0.473658,0.482989,0.468771,0.395793,0.457779,0.478912,0.270933,0.382144,0.294286,0.429011,0.314230,0.328690,0.461354,0.301383,0.228148,0.337510,0.349729,0.327062,0.278464,0.423320,0.214231,0.165197,0.541330,0.585641,0.223391,0.212432,0.089495,0.054666,0.594777,0.430831,0.672767,0.579724,0.622850,0.810246,0.607914,0.697265,0.488942,0.594156,0.515837,0.655497
0.429816,0.612763,0.666795,0.640760,0.478650,0.503809,0.568995,0.575237,0.527258,0.307939,0.584801,0.126825,0.574599,0.211923,0.649950,0.301095,0.941697,0.129541,0.832668,0.882499,0.116457,0.037224,0.627342,0.522485,0.398719,0.485845,0.368216,0.445898,0.864503,-0.066159,0.340896,0.327671,1.025715,0.938520,0.664780,0.377519,0.507523,-0.182783,0.547494,0.224895,0.454764,0.309238,0.000000,0.762385,1.244997,0.572045,1.498883,0.950838,1.128118,0.411223,0.739519,0.414774,0.770435,0.201080,0.926934,0.388875,0.459374,0.665405,0.615786,0.602938,0.503133,0.130439,0.525156,0.077624,0.379237,0.180352,0.943961,0.999339,0.462824,0.704944,-0.076223,-0.257275,0.658922,0.004845,0.390729,0.155317,0.836513,0.480098,0.729517,0.163076,0.957708,0.517921,0.736093,0.429627,0.764191,0.504663,0.488106,0.332521,0.555811,0.552308
0.129707,0.240724,0.178260,0.197746,0.320593,0.330182,0.163785,0.250913,0.274177,0.209379,0.157196,0.162765,0.125038,0.154958,0.224171,0.309980,0.345579,0.006629,0.196808,0.192971,0.370568,0.343398,0.265171,0.159949,0.181415,0.279301,0.184829,0.298224,0.260701,0.212707,0.242305,0.243188,0.297926,0.365833,0.265101,0.194563,0.216719,0.144251,0.201977,0.219689,0.058491,0.193531,0.762385,0.000000,0.858088,0.918357,0.521656,1.042416,0.614739,0.723532,0.328354,0.395412,0.239517,0.236448,0.311033,0.518579,0.079856,0.228001,0.111807,0.266575,0.039204,0.070174,0.109681,0.051561,0.121249,0.086453,0.316156,0.481417,0.076493,0.187600,-0.001553,0.096630,0.162805,0.173682,0.118868,0.259476,0.305417,0.312815,0.290491,0.298088,0.448039,0.346255,0.260884,0.320951,0.396255,0.365120,0.217277,0.135727,0.206684,0.285245
0.418341,0.557674,0.536000,0.544296,0.450471,0.505061,0.449803,0.530625,0.447977,0.294725,0.451653,0.185357,0.407091,0.228999,0.503089,0.345199,0.736138,0.193600,0.665080,0.701303,0.321279,0.235605,0.581838,0.484138,0.409870,0.524671,0.361719,0.471380,0.636311,0.042944,0.423861,0.448414,0.850286,0.840775,0.605221,0.386305,0.337862,-0.078000,0.497875,0.254690,0.337352,0.297120,1.244997,0.858088,0.000000,0.869154,0.972534,0.940483,1.173028,0.629897,0.690913,0.538079,0.555532,0.233669,0.774835,0.518687,0.462953,0.603133,0.561723,0.616566,0.419265,0.206545,0.416485,0.149158,0.392825,0.267810,0.871770,0.973650,0.451062,0.628334,-0.020926,-0.057338,0.562262,0.113531,0.323308,0.221124,0.611048,0.364634,0.624489,0.254228,0.806098,0.538595,0.622607,0.360862,0.707982,0.519728,0.500575,0.408617,0.504965,0.513265
0.161411,0.232582,0.273569,0.344518,0.384796,0.396901,0.269861,0.384534,0.324505,0.394179,0.149593,0.152469,0.160967,0.189927,0.263347,0.351865,0.307842,0.029557,0.326804,0.271572,0.261887,0.212080,0.289340,0.283636,0.299712,0.260114,0.167207,0.249359,0.228905,0.087496,0.137993,0.255055,0.292947,0.351385,0.433593,0.433093,0.182303,0.054639,0.155740,0.148380,0.046259,0.099268,0.572045,0.918357,0.869154,0.000000,0.334501,0.701335,0.483293,1.008069,0.228540,0.255640,0.117093,0.033687,0.238093,0.450059,0.103765,0.217980,0.132649,0.300740,0.108810,0.119683,0.143227,0.067228,0.295258,0.165691,0.404613,0.674855,0.131910,0.212127,0.006367,0.071180,0.270325,0.173845,0.239826,0.260204,0.330857,0.441478,0.212428,0.161295,0.354343,0.272834,0.279495,0.261618,0.340153,0.231909,0.250091,0.197517,0.207568,0.233513
0.453588,0.720068,0.661218,0.581334,0.400772,0.394440,0.494356,0.461062,0.441852,0.180960,0.522009,0.067605,0.491170,0.121919,0.598671,0.183669,0.942836,0.188226,0.881008,1.000488,0.057885,0.001143,0.607898,0.506758,0.372776,0.428855,0.366468,0.408724,0.854622,-0.071813,0.379720,0.327349,1.005684,0.963804,0.555695,0.269286,0.519020,-0.164505,0.557281,0.195288,0.417684,0.264034,1.498883,0.521656,0.972534,0.334501,0.000000,0.826815,1.125946,0.256345,0.847164,0.431016,0.960074,0.286261,1.008705,0.348580,0.560377,0.817779,0.758118,0.720661,0.570680,0.160491,0.558681,0.127750,0.284379,0.159450,0.980075,0.953900,0.570364,0.836181,-0.051237,-0.246918,0.660597,0.006586,0.399604,0.105436,0.742587,0.375137,0.806943,0.181392,0.932132,0.534720,0.707510,0.319748,0.766329,0.508059,0.454913,0.325007,0.570109,0.591533
0.296664,0.431289,0.265103,0.258696,0.212310,0.259129,0.215996,0.255854,0.249978,0.083551,0.288848,0.127138,0.245104,0.122630,0.385809,0.223993,0.688714,0.150509,0.377163,0.420059,0.293729,0.307686,0.419514,0.278265,0.174292,0.289946,0.209201,0.310142,0.524653,0.127219,0.315217,0.261144,0.556757,0.564331,0.399774,0.201638,0.412548,0.068238,0.418357,0.343668,0.242042,0.310777,0.950838,1.042416,0.940483,0.701335,0.826815,0.000000,0.885830,0.631232,0.597491,0.532157,0.636631,0.508319,0.624556,0.728126,0.388710,0.537530,0.402715,0.482678,0.260777,0.170808,0.316306,0.156990,0.133294,0.068302,0.548206,0.659665,0.306961,0.469716,0.021296,-0.009319,0.343174,0.086795,0.220948,0.159060,0.383827,0.279936,0.588856,0.331280,0.778483,0.519227,0.493879,0.348882,0.661156,0.502287,0.395637,0.318262,0.350857,0.477602
0.620405,0.689406,0.628521,0.572861,0.534973,0.545967,0.518657,0.513060,0.587572,0.377430,0.667104,0.226662,0.543179,0.238784,0.692458,0.357198,0.972611,0.243134,0.780161,0.870215,0.208786,0.168888,0.635295,0.529728,0.429869,0.538998,0.384271,0.469845,0.835750,0.014905,0.354644,0.382628,1.064858,0.957030,0.493455,0.216243,0.499053,-0.074899,0.701021,0.379826,0.553085,0.440908,1.128118,0.614739,1.173028,0.483293,1.125946,0.885830,0.000000,0.571931,1.244745,0.797467,1.065605,0.489246,1.244123,0.647223,0.585070,0.668952,0.924358,0.911628,0.675369,0.359029,0.638846,0.247681,0.310247,0.354803,0.917160,0.936605,0.561617,0.788805,-0.073589,-0.213912,0.672429,0.089292,0.325171,0.188008,0.630209,0.289065,0.814153,0.287712,0.998824,0.644272,0.834414,0.473564,0.820758,0.623318,0.652823,0.511313,0.692624,0.724401
