0.000000,0.918875,0.944533,0.572876,0.165705,0.008265,0.739086,0.463977,0.245114,0.186936,1.061870,0.622332,0.891132,0.611512,0.590240,0.370876,0.346289,0.517249,1.301248,0.955319,0.045737,-0.083238,0.654031,0.478978,0.341394,0.222308,0.067085,-0.004772,0.186122,0.180993,0.490631,0.396445,0.686308,0.447738,0.274570,0.152832,-0.201381,0.180955,-0.096520,0.260175,-0.103078,-0.047939,0.298414,0.075813,0.273851,0.275102,0.190484,0.371132,0.122054,0.220395,0.178268,0.197203,0.247829,0.330831,0.278249,0.306092,1.088077,0.811515,0.592374,0.483767,0.993125,0.519685,0.562721,0.295585,0.508405,0.256828,0.612615,0.437590,0.710340,0.691250,0.047916,0.070461,0.030478,0.038821,0.005733,0.184135,-0.216989,-0.247805,0.414053,0.136175,0.215143,0.530248,0.157265,0.596214,0.621922,0.483305,-0.192583,0.322172,0.479179,0.622665
0.918875,0.000000,0.431342,0.365713,-0.055886,-0.131152,0.245264,0.274808,-0.049133,-0.077692,0.427958,0.375633,0.420189,0.419277,0.239647,0.060557,0.457037,0.770269,0.855620,1.064459,0.008016,-0.107299,0.236747,0.195741,0.096545,0.036711,-0.051814,-0.135126,-0.014931,0.044366,0.298036,0.233933,0.647550,0.603089,0.078973,0.074995,-0.200889,0.166300,-0.102829,0.235017,-0.166480,-0.153142,0.312543,0.118157,0.290656,0.339250,0.277366,0.452532,0.211947,0.243105,0.124407,0.202280,0.231802,0.242383,0.182525,0.254023,1.244008,1.714150,0.501354,0.453317,0.766285,0.408095,0.497841,0.364239,0.166583,-0.044466,0.418033,0.322922,0.805746,0.751288,0.008346,0.072738,-0.076276,0.031654,-0.034555,0.074295,-0.340433,-0.229877,0.508632,0.072675,0.262137,0.448320,0.139261,0.546112,0.427701,0.235319,-0.191988,0.186040,0.254508,0.430070
0.944533,0.431342,0.000000,1.012757,0.408534,0.217553,1.319525,0.807801,0.475949,0.315822,0.896507,0.537394,0.663732,0.511398,0.701928,0.482801,0.091062,0.212965,0.925060,0.525634,0.060066,0.027375,1.291625,0.999195,0.594482,0.462307,0.131955,0.055435,0.216571,0.193698,0.767491,0.657721,0.441711,0.370135,0.586226,0.417335,-0.058676,0.265572,-0.019646,0.115547,0.006714,0.053075,0.304061,0.086208,0.261542,0.232110,0.158506,0.264144,0.127228,0.184644,0.247447,0.163004,0.144657,0.271977,0.226498,0.246004,0.387636,0.343937,0.347437,0.386760,0.576826,0.497952,0.328322,0.125801,0.963844,0.633027,0.690210,0.468657,0.363668,0.433874,0.158894,0.104619,0.191546,0.169245,0.051236,0.246156,0.070196,0.044530,0.158823,0.095921,0.138084,0.337202,0.120705,0.418387,0.696226,0.497130,0.062074,0.377909,0.573901,0.624488
0.572876,0.365713,1.012757,0.000000,0.430265,0.418693,1.031618,1.495700,0.530959,0.535979,0.630952,0.707898,0.525314,0.514723,0.633810,0.557549,0.067827,0.167869,0.531155,0.483551,0.161295,0.172588,1.005644,1.182186,0.483479,0.556720,0.204897,0.185726,0.116803,0.229401,0.682063,0.756828,0.393120,0.528781,0.556349,0.596196,-0.067774,0.195705,-0.058601,0.072524,0.023850,0.072981,0.246441,0.047837,0.165980,0.157970,0.108420,0.200505,0.114637,0.221741,0.270108,0.252133,0.160508,0.250155,0.212443,0.195048,0.188825,0.299754,0.252801,0.479705,0.426911,0.756799,0.210819,0.190723,0.772750,0.838792,0.600121,0.555608,0.348098,0.534000,0.175473,0.177944,0.263031,0.396290,0.088110,0.262541,0.206832,0.198438,0.041804,0.035275,0.046157,0.274580,-0.043232,0.239702,0.591806,0.481284,-0.007429,0.235653,0.485480,0.619712
0.165705,-0.055886,0.408534,0.430265,0.000000,1.258047,0.470523,0.472653,1.418670,0.973386,0.427028,0.521494,0.442911,0.532616,0.847324,1.012171,-0.048644,-0.002071,0.138275,0.028566,0.624443,0.682890,0.522248,0.539894,0.655272,0.444411,1.000547,0.987096,0.170707,0.259772,0.156353,0.156450,0.003926,-0.039935,0.250989,0.206597,0.108397,0.080343,0.259499,0.226679,0.344627,0.207251,0.156916,0.167560,0.118429,0.094368,0.078896,0.047335,0.202612,0.249711,0.491013,0.316187,0.356883,0.411734,0.537148,0.419620,-0.084743,-0.090600,0.170711,0.267607,0.256381,0.365751,0.252638,0.180302,0.525853,0.463125,0.304948,0.189163,-0.146497,0.045814,0.518483,0.511203,0.202736,0.276893,0.395844,0.416072,0.342762,0.350955,-0.103684,0.219487,0.169472,0.187526,0.063368,0.174462,0.436912,0.453068,0.424179,0.424871,0.640794,0.617044
0.008265,-0.131152,0.217553,0.418693,1.258047,0.000000,0.293198,0.433068,1.086424,1.156771,0.250107,0.465872,0.309783,0.447870,0.735564,1.039571,-0.018114,-0.021446,-0.059696,-0.085150,0.674218,0.721959,0.352095,0.420032,0.653086,0.663416,1.290682,1.268514,0.075725,0.226984,0.132489,0.154866,-0.093736,-0.033247,0.255412,0.288803,0.086652,0.086659,0.245480,0.208472,0.376667,0.205415,0.076622,0.088450,-0.006517,-0.031201,0.022040,-0.040023,0.142174,0.194933,0.512944,0.329586,0.361883,0.346617,0.483940,0.327738,-0.202817,-0.155986,0.076337,0.228742,0.121089,0.281700,0.107644,0.122464,0.340899,0.447759,0.209239,0.164155,-0.199228,-0.016082,0.545049,0.628445,0.219793,0.305796,0.407536,0.379440,0.384949,0.436305,-0.167448,0.178888,0.096175,0.074282,0.008493,0.004121,0.260140,0.301209,0.375127,0.247072,0.488848,0.418229
0.739086,0.245264,1.319525,1.031618,0.470523,0.293198,0.000000,0.900566,0.614452,0.510251,0.919172,0.590342,0.796026,0.456050,0.714594,0.616667,0.086127,0.176442,0.633835,0.387752,0.012681,0.020640,1.040538,0.884196,0.477157,0.336498,0.120604,0.132943,0.118353,0.158540,0.495671,0.460073,0.287459,0.263999,0.441033,0.360908,-0.079040,0.119567,-0.097057,0.015508,-0.079603,0.011798,0.215414,0.055443,0.197282,0.174308,0.070156,0.187430,0.013166,0.095598,0.122379,0.097223,0.018673,0.167024,0.159996,0.170438,0.201534,0.206376,0.297601,0.374379,0.619535,0.710208,0.366237,0.225415,1.070883,0.741981,0.657343,0.444732,0.255612,0.381855,0.077345,0.054981,0.187619,0.179043,-0.007964,0.278068,0.175605,0.093754,0.058282,0.051226,0.020654,0.236409,0.000207,0.285261,0.500036,0.418973,-0.060152,0.300620,0.583997,0.635022
0.463977,0.274808,0.807801,1.495700,0.472653,0.433068,0.900566,0.000000,0.612616,0.592128,0.638465,0.812284,0.537438,0.648887,0.634389,0.577085,0.141320,0.102453,0.460470,0.423175,0.202183,0.217264,0.763482,0.888926,0.437728,0.434831,0.234795,0.240092,0.179680,0.248931,0.525386,0.565439,0.327305,0.433686,0.371388,0.390969,-0.098769,0.179861,-0.071510,0.041362,-0.002373,0.087967,0.245480,0.135861,0.151360,0.173915,0.116446,0.215569,0.154856,0.340045,0.392395,0.376462,0.320230,0.402908,0.354976,0.274080,0.136755,0.204851,0.251218,0.473160,0.429876,0.767706,0.275618,0.279149,0.627178,0.699561,0.491465,0.485372,0.271114,0.477081,0.211050,0.166160,0.238064,0.417014,0.064705,0.275494,0.252064,0.225762,0.005407,0.057971,0.123389,0.296768,-0.009410,0.289018,0.514009,0.450392,0.004097,0.231516,0.560480,0.528202
0.245114,-0.049133,0.475949,0.530959,1.418670,1.086424,0.614452,0.612616,0.000000,1.052209,0.555074,0.630396,0.573792,0.566438,1.060949,1.076465,0.057464,0.006753,0.153308,0.075557,0.500657,0.519957,0.555704,0.571954,0.556847,0.430695,0.854273,0.829865,0.201807,0.276091,0.198650,0.235931,0.022050,-0.016969,0.192982,0.169636,0.005661,0.072788,0.137223,0.142491,0.220639,0.211367,0.090360,0.073082,0.008756,0.001721,-0.000880,-0.003514,0.099043,0.218013,0.427998,0.314468,0.332395,0.450059,0.439621,0.371018,-0.058104,-0.085864,0.150551,0.237365,0.342906,0.437530,0.267765,0.195095,0.584735,0.450741,0.259971,0.150467,-0.075939,0.137586,0.497878,0.499791,0.232363,0.296009,0.278316,0.368925,0.260980,0.259272,-0.105314,0.133466,0.142577,0.149821,-0.044111,0.162800,0.330659,0.371803,0.286422,0.350146,0.571210,0.519239
0.186936,-0.077692,0.315822,0.535979,0.973386,1.156771,0.510251,0.592128,1.052209,0.000000,0.452305,0.665810,0.505899,0.504846,0.747219,1.091588,-0.015003,-0.005617,0.054349,0.024713,0.434475,0.462558,0.423747,0.444110,0.595536,0.492774,0.773967,0.786794,0.087856,0.197191,0.106301,0.114502,-0.091992,-0.078905,0.139039,0.165538,-0.022149,-0.019450,0.106980,0.092716,0.184562,0.148632,0.043943,0.038934,-0.035725,-0.057014,-0.060617,-0.051136,0.029124,0.196198,0.423807,0.311674,0.383226,0.417485,0.427162,0.277933,-0.073058,-0.079665,0.143169,0.347761,0.284238,0.595037,0.183078,0.238365,0.422681,0.457634,0.222721,0.167333,-0.081748,0.124976,0.285413,0.390249,0.176230,0.276228,0.196156,0.225277,0.260729,0.232906,-0.180755,0.017089,-0.030623,0.064992,-0.122352,0.032642,0.229970,0.261380,0.185063,0.167508,0.550991,0.451640
1.061870,0.427958,0.896507,0.630952,0.427028,0.250107,0.919172,0.638465,0.555074,0.452305,0.000000,0.974043,1.367527,0.840950,0.886991,0.696609,0.316754,0.337752,0.864461,0.571083,0.147756,0.012243,0.845860,0.688717,0.497150,0.357402,0.203439,0.186380,0.282362,0.250691,0.471531,0.407767,0.420166,0.208189,0.305325,0.173569,-0.124702,0.117669,-0.092214,0.151637,-0.049038,-0.000850,0.273163,0.134279,0.231811,0.207524,0.123357,0.242271,0.117023,0.253428,0.270950,0.245754,0.304338,0.377331,0.346749,0.267138,0.495724,0.365342,0.366357,0.328761,0.733887,0.574825,0.491053,0.294330,0.625544,0.404810,0.486817,0.352335,0.357157,0.484028,0.063896,0.060715,0.164306,0.128746,0.031824,0.265975,0.056594,0.005993,0.259749,0.084462,0.084301,0.360502,0.093588,0.418488,0.547298,0.452116,-0.041123,0.307981,0.614863,0.542523
0.622332,0.375633,0.537394,0.707898,0.521494,0.465872,0.590342,0.812284,0.630396,0.665810,0.974043,0.000000,0.878580,0.959922,0.788086,0.814585,0.394897,0.330962,0.437171,0.537750,0.334427,0.247458,0.532171,0.588787,0.509639,0.415211,0.402574,0.450668,0.320315,0.327668,0.374669,0.408530,0.463468,0.316344,0.160047,0.128175,-0.138755,0.144289,-0.116400,0.109461,-0.036195,0.015692,0.267525,0.142696,0.160836,0.155417,0.155598,0.235121,0.231873,0.428218,0.585145,0.621593,0.621539,0.605147,0.613563,0.396560,0.369726,0.365352,0.520844,0.639385,0.686202,0.777420,0.482254,0.544966,0.369901,0.355818,0.496014,0.456952,0.393527,0.587220,0.122917,0.167928,0.244819,0.309371,0.199802,0.337106,0.153059,0.159773,0.193215,0.081430,0.125395,0.380848,-0.083627,0.287412,0.486773,0.464887,-0.116155,0.195598,0.588861,0.608166
0.891132,0.420189,0.663732,0.525314,0.442911,0.309783,0.796026,0.537438,0.573792,0.505899,1.367527,0.878580,0.000000,0.954482,1.062635,0.838891,0.369090,0.374845,0.716006,0.526025,0.134305,0.032939,0.675607,0.550832,0.408441,0.291492,0.297760,0.317134,0.143646,0.173831,0.271146,0.240036,0.319486,0.123002,0.187138,0.082914,-0.157698,0.048393,-0.164508,0.125312,-0.080235,0.025722,0.241422,0.160498,0.191565,0.204448,0.077704,0.224611,0.099468,0.244394,0.204577,0.206415,0.286146,0.397767,0.304760,0.278815,0.467844,0.379424,0.400540,0.353148,0.875199,0.642400,0.665453,0.441596,0.545789,0.290083,0.423365,0.297757,0.309407,0.457123,0.059882,0.113809,0.077193,0.107722,0.010944,0.334590,0.014486,-0.043157,0.253445,0.053001,0.112333,0.294267,0.076301,0.468826,0.459854,0.359686,-0.070583,0.275700,0.706243,0.613496
0.611512,0.419277,0.511398,0.514723,0.532616,0.447870,0.456050,0.648887,0.566438,0.504846,0.840950,0.959922,0.954482,0.000000,0.834729,0.877388,0.371053,0.390528,0.602176,0.509065,0.349607,0.272256,0.473233,0.492120,0.470280,0.390834,0.449007,0.438948,0.211043,0.260004,0.179684,0.174373,0.335269,0.147811,0.157345,0.098731,-0.105801,0.167856,0.017798,0.308385,0.136238,0.165951,0.300196,0.311381,0.234728,0.273855,0.213003,0.317751,0.271103,0.475271,0.565314,0.507339,0.629539,0.700770,0.737894,0.602349,0.455079,0.383461,0.408541,0.444208,0.716742,0.556610,0.634381,0.547125,0.325324,0.228055,0.396933,0.351551,0.263440,0.440132,0.198112,0.225139,0.185351,0.257548,0.220073,0.391829,0.114453,0.139277,0.314886,0.259172,0.292219,0.466214,0.138293,0.439143,0.574050,0.559591,0.131207,0.453971,0.811294,0.615965
0.590240,0.239647,0.701928,0.633810,0.847324,0.735564,0.714594,0.634389,1.060949,0.747219,0.886991,0.788086,1.062635,0.834729,0.000000,1.147013,0.204057,0.195815,0.467684,0.317099,0.407172,0.391511,0.813575,0.735476,0.646217,0.582667,0.736220,0.683307,0.221730,0.218304,0.430869,0.436404,0.210621,0.068161,0.310307,0.204876,-0.066169,0.150603,-0.038190,0.166822,0.113120,0.128678,0.180863,0.095980,0.095608,0.116468,0.044774,0.130664,0.137267,0.291127,0.386890,0.303135,0.395184,0.533831,0.431476,0.394828,0.231562,0.182747,0.293143,0.329575,0.584453,0.487572,0.384407,0.243341,0.610103,0.409116,0.385255,0.287235,0.143527,0.303918,0.365186,0.431455,0.172785,0.212631,0.222941,0.405629,0.174236,0.145545,0.125310,0.037239,0.146542,0.177889,0.033287,0.297301,0.424271,0.366380,0.144146,0.367773,0.704233,0.651355
0.370876,0.060557,0.482801,0.557549,1.012171,1.039571,0.616667,0.577085,1.076465,1.091588,0.696609,0.814585,0.838891,0.877388,1.147013,0.000000,0.160740,0.211252,0.260910,0.175519,0.479272,0.451814,0.567750,0.597125,0.625466,0.580453,0.862319,0.902844,0.229209,0.330005,0.222952,0.216925,0.101951,0.012947,0.284562,0.244216,0.037406,0.121372,0.109690,0.222188,0.271289,0.209652,0.174061,0.158362,0.081027,0.059908,0.060892,0.082797,0.119492,0.234943,0.483733,0.349436,0.446601,0.480322,0.598060,0.426982,0.083901,0.031208,0.233330,0.327442,0.456322,0.523153,0.363500,0.345168,0.494311,0.480669,0.365030,0.292976,0.004660,0.202595,0.331025,0.412906,0.265320,0.303359,0.293210,0.478508,0.294370,0.303620,0.061395,0.159313,0.184628,0.275315,0.074359,0.241369,0.437139,0.471558,0.219386,0.348086,0.739598,0.643560
0.346289,0.457037,0.091062,0.067827,-0.048644,-0.018114,0.086127,0.141320,0.057464,-0.015003,0.316754,0.394897,0.369090,0.371053,0.204057,0.160740,0.000000,1.084275,0.378666,0.673477,0.121186,0.097393,-0.043263,0.015557,-0.145405,-0.058742,-0.011260,0.064421,0.521180,0.466085,0.106482,0.095937,0.659437,0.558273,-0.202512,-0.211372,-0.039467,0.288740,-0.125644,0.086166,-0.007085,0.037116,0.371522,0.370128,0.348571,0.412432,0.419443,0.474689,0.365714,0.361609,0.147221,0.305696,0.253412,0.268895,0.356187,0.400432,0.534635,0.472301,0.483646,0.297766,0.615675,0.278459,0.898383,0.850347,-0.133485,-0.192499,0.149417,0.205276,0.422572,0.410911,0.106443,-0.005181,0.306572,0.287648,0.197872,0.328848,0.158410,0.258636,0.692088,0.460956,0.572708,0.656554,0.198281,0.459327,0.098147,0.238437,-0.133192,0.070136,0.215696,0.293708
0.517249,0.770269,0.212965,0.167869,-0.002071,-0.021446,0.176442,0.102453,0.006753,-0.005617,0.337752,0.330962,0.374845,0.390528,0.195815,0.211252,1.084275,0.000000,0.607095,0.916931,0.147332,0.074915,0.069831,0.100970,-0.115375,-0.056840,-0.031037,0.057933,0.382021,0.537205,0.122920,0.103532,0.762324,0.695423,-0.064125,-0.081722,-0.011293,0.326855,0.003705,0.297474,0.095040,0.085159,0.429215,0.346452,0.405129,0.469814,0.491355,0.573439,0.374554,0.315513,0.123241,0.255977,0.201505,0.204483,0.352847,0.484973,0.770030,0.800978,0.541207,0.406930,0.700451,0.384992,0.798888,0.785041,-0.021764,-0.135674,0.279108,0.300855,0.584612,0.557146,0.047664,0.035436,0.329332,0.347191,0.221103,0.406011,0.100616,0.233684,0.818330,0.462011,0.548837,0.754635,0.295246,0.556324,0.249185,0.334230,-0.097026,0.223601,0.270507,0.508341
1.301248,0.855620,0.925060,0.531155,0.138275,-0.059696,0.633835,0.460470,0.153308,0.054349,0.864461,0.437171,0.716006,0.602176,0.467684,0.260910,0.378666,0.607095,0.000000,1.082496,0.015697,-0.084866,0.631311,0.496799,0.202991,0.089525,-0.016688,-0.047544,0.255429,0.317667,0.467040,0.389387,0.678696,0.485392,0.181816,0.085157,-0.117380,0.243009,-0.012009,0.282874,-0.043671,-0.007632,0.416468,0.235002,0.363759,0.392880,0.317620,0.476009,0.241227,0.293237,0.178006,0.181574,0.218942,0.346153,0.267383,0.398989,0.892204,0.680499,0.467797,0.358672,0.770272,0.352667,0.545881,0.239099,0.381245,0.133731,0.499552,0.360645,0.617719,0.634929,0.078537,0.034466,0.149947,0.178659,0.070297,0.232596,-0.078237,-0.083490,0.469302,0.290616,0.309078,0.645359,0.219832,0.693096,0.632231,0.522727,-0.065723,0.394937,0.485604,0.563226
0.955319,1.064459,0.525634,0.483551,0.028566,-0.085150,0.387752,0.423175,0.075557,0.024713,0.571083,0.537750,0.526025,0.509065,0.317099,0.175519,0.673477,0.916931,1.082496,0.000000,0.113922,-0.003740,0.332260,0.326363,0.047055,0.023639,-0.027964,-0.009285,0.304536,0.429891,0.387810,0.358212,1.136713,0.899426,0.028030,0.001063,-0.138561,0.276490,-0.124232,0.257540,-0.128514,-0.042890,0.615915,0.360716,0.544585,0.614958,0.573690,0.782700,0.457505,0.472364,0.224572,0.372703,0.294455,0.355706,0.345289,0.510178,1.073334,0.993847,0.784382,0.654726,0.870552,0.536277,0.680853,0.550971,0.165298,-0.002651,0.629401,0.585991,1.172408,1.269429,0.080556,0.019759,0.211324,0.347257,0.185695,0.351881,-0.020740,0.012664,0.587796,0.311268,0.388233,0.784938,0.109522,0.654676,0.485645,0.484905,-0.258966,0.204299,0.344650,0.635275
0.045737,0.008016,0.060066,0.161295,0.624443,0.674218,0.012681,0.202183,0.500657,0.434475,0.147756,0.334427,0.134305,0.349607,0.407172,0.479272,0.121186,0.147332,0.015697,0.113922,0.000000,0.968046,0.138997,0.171784,0.350430,0.383531,0.743459,0.779812,0.269487,0.374980,0.109349,0.102100,0.169064,0.147451,0.116614,0.097294,0.098787,0.207640,0.271369,0.392663,0.481448,0.380742,0.181967,0.180337,0.159986,0.138365,0.223053,0.137360,0.332580,0.340696,0.500070,0.458581,0.363709,0.371679,0.559940,0.411506,0.001625,-0.001840,0.191463,0.160245,0.078704,0.091655,0.152960,0.169794,0.052632,0.117188,0.127041,0.131263,-0.006422,0.152184,0.405123,0.379559,0.261045,0.325627,0.412697,0.448528,0.388279,0.473586,0.030300,0.248452,0.257606,0.244352,0.209759,0.115683,0.244517,0.350575,0.301744,0.193216,0.236274,0.306293
-0.083238,-0.107299,0.027375,0.172588,0.682890,0.721959,0.020640,0.217264,0.519957,0.462558,0.012243,0.247458,0.032939,0.272256,0.391511,0.451814,0.097393,0.074915,-0.084866,-0.003740,0.968046,0.000000,0.148897,0.203105,0.361309,0.412364,0.812397,0.879029,0.322706,0.327136,0.115808,0.122694,0.110089,0.113666,0.101661,0.116127,0.243188,0.252545,0.388911,0.372383,0.480244,0.379629,0.167174,0.167136,0.124068,0.132329,0.224303,0.121750,0.323028,0.284711,0.498182,0.345869,0.354552,0.324141,0.615654,0.457518,-0.118205,-0.114300,0.173881,0.159350,0.077501,0.121760,0.157882,0.177941,0.055553,0.176475,0.137047,0.129002,-0.100716,0.038705,0.533730,0.473245,0.286788,0.333666,0.513801,0.488504,0.499492,0.621768,0.035750,0.347548,0.366231,0.264781,0.229164,0.093182,0.243474,0.389906,0.378100,0.273790,0.353206,0.369255
0.654031,0.236747,1.291625,1.005644,0.522248,0.352095,1.040538,0.763482,0.555704,0.423747,0.845860,0.532171,0.675607,0.473233,0.813575,0.567750,-0.043263,0.069831,0.631311,0.332260,0.138997,0.148897,0.000000,1.599292,0.718483,0.696160,0.265243,0.165862,0.196794,0.186395,0.888723,0.851446,0.321635,0.259187,0.718102,0.503701,0.036352,0.297777,0.065780,0.198841,0.151175,0.192997,0.184341,-0.018658,0.143853,0.099201,0.021618,0.093677,0.031307,0.085371,0.140360,0.035979,0.056539,0.195380,0.108473,0.132542,0.178872,0.177609,0.120151,0.222808,0.343122,0.447784,0.184287,0.000224,0.968850,0.793047,0.499189,0.363239,0.201698,0.303486,0.208047,0.204270,0.255213,0.214510,0.048556,0.231228,0.148902,0.124904,0.100695,0.060749,0.070704,0.218314,0.109383,0.315863,0.728985,0.490682,0.189231,0.410838,0.540523,0.564354
0.478978,0.195741,0.999195,1.182186,0.539894,0.420032,0.884196,0.888926,0.571954,0.444110,0.688717,0.588787,0.550832,0.492120,0.735476,0.597125,0.015557,0.100970,0.496799,0.326363,0.171784,0.203105,1.599292,0.000000,0.608380,0.718700,0.271499,0.203473,0.230315,0.258467,0.855071,0.964337,0.343859,0.336020,0.718236,0.604713,0.042281,0.269140,0.055511,0.129391,0.169091,0.162230,0.179287,0.006925,0.155333,0.093433,0.037425,0.094775,0.061289,0.106567,0.175939,0.080194,0.092134,0.230591,0.146676,0.118117,0.100287,0.142202,0.080169,0.207645,0.271997,0.447852,0.177203,0.032617,0.848748,0.888483,0.484581,0.414344,0.175590,0.307278,0.258215,0.213171,0.333790,0.323912,0.112472,0.247255,0.245690,0.243544,0.130742,0.117890,0.110290,0.278250,0.037140,0.261964,0.761075,0.607775,0.180210,0.404963,0.480385,0.552865
0.341394,0.096545,0.594482,0.483479,0.655272,0.653086,0.477157,0.437728,0.556847,0.595536,0.497150,0.509639,0.408441,0.470280,0.646217,0.625466,-0.145405,-0.115375,0.202991,0.047055,0.350430,0.361309,0.718483,0.608380,0.000000,1.173518,0.676378,0.489425,-0.082269,-0.163033,0.487272,0.336014,0.049369,-0.029816,0.684532,0.530995,0.013525,0.105866,0.189611,0.182486,0.088204,0.086919,0.119512,-0.003716,0.131099,0.057286,0.003754,0.038214,0.130762,0.217058,0.524285,0.316172,0.377333,0.354674,0.358982,0.210338,0.109850,0.110919,0.225951,0.330619,0.258446,0.328552,0.071873,-0.005048,0.635466,0.611993,0.543354,0.392805,0.051831,0.123398,0.288922,0.332484,0.023323,-0.024802,0.177401,0.198572,0.063436,0.062806,-0.074696,0.033933,-0.067092,-0.003878,-0.017168,0.088828,0.441539,0.276020,0.257102,0.355466,0.483564,0.426672
0.222308,0.036711,0.462307,0.556720,0.444411,0.663416,0.336498,0.434831,0.430695,0.492774,0.357402,0.415211,0.291492,0.390834,0.582667,0.580453,-0.058742,-0.056840,0.089525,0.023639,0.383531,0.412364,0.696160,0.718700,1.173518,0.000000,0.643016,0.463731,0.041215,-0.002925,0.673219,0.585183,0.108970,0.103140,0.824340,0.685906,0.079905,0.236504,0.180059,0.201505,0.266604,0.237906,0.091496,-0.031358,0.078824,0.003017,-0.000036,0.000599,0.103735,0.152376,0.414870,0.239003,0.268040,0.268411,0.282896,0.111057,0.031861,0.045459,0.081729,0.204545,0.112581,0.228153,0.001507,-0.040952,0.465641,0.663007,0.390785,0.375397,0.035424,0.105801,0.348183,0.402628,0.148786,0.085159,0.155259,0.216724,0.152787,0.208620,-0.015593,0.053609,0.031976,0.032814,0.081035,0.055968,0.395537,0.300506,0.275229,0.274187,0.278487,0.295999
0.067085,-0.051814,0.131955,0.204897,1.000547,1.290682,0.120604,0.234795,0.854273,0.773967,0.203439,0.402574,0.297760,0.449007,0.736220,0.862319,-0.011260,-0.031037,-0.016688,-0.027964,0.743459,0.812397,0.265243,0.271499,0.676378,0.643016,0.000000,1.471032,0.067556,0.138308,0.165447,0.154727,-0.031682,-0.085410,0.150466,0.124990,0.117450,0.161746,0.232021,0.282091,0.354597,0.208006,0.132071,0.125095,0.037123,0.022996,0.071938,0.023474,0.236949,0.279570,0.600192,0.395490,0.501408,0.451632,0.547523,0.425022,-0.066286,-0.083683,0.210581,0.263793,0.169858,0.149905,0.105618,0.073383,0.159174,0.217392,0.226757,0.159273,-0.103757,0.012812,0.628057,0.785693,0.131699,0.186954,0.432368,0.415141,0.238487,0.282541,-0.112396,0.136921,0.126008,0.069977,0.002783,0.033673,0.231858,0.248587,0.307180,0.278289,0.452818,0.411149
-0.004772,-0.135126,0.055435,0.185726,0.987096,1.268514,0.132943,0.240092,0.829865,0.786794,0.186380,0.450668,0.317134,0.438948,0.683307,0.902844,0.064421,0.057933,-0.047544,-0.009285,0.779812,0.879029,0.165862,0.203473,0.489425,0.463731,1.471032,0.000000,0.133498,0.277864,0.025278,0.047453,0.002456,-0.052079,0.049995,0.061128,0.067085,0.089728,0.188881,0.261001,0.331546,0.202757,0.165078,0.171195,0.054260,0.064780,0.147119,0.068237,0.285271,0.300781,0.598768,0.455246,0.477175,0.433559,0.622145,0.522868,-0.118355,-0.137261,0.269027,0.310025,0.212918,0.227955,0.204395,0.237495,0.105256,0.185108,0.211575,0.192391,-0.120114,0.036296,0.544797,0.608610,0.201539,0.314656,0.525820,0.574445,0.413292,0.426089,-0.055476,0.185739,0.156861,0.123587,-0.018355,0.057381,0.157053,0.273493,0.216196,0.245262,0.451298,0.478634
0.186122,-0.014931,0.216571,0.116803,0.170707,0.075725,0.118353,0.179680,0.201807,0.087856,0.282362,0.320315,0.143646,0.211043,0.221730,0.229209,0.521180,0.382021,0.255429,0.304536,0.269487,0.322706,0.196794,0.230315,-0.082269,0.041215,0.067556,0.133498,0.000000,1.032824,0.282477,0.340965,0.458450,0.350877,-0.005822,-0.134121,0.173272,0.372206,0.078734,0.159257,0.366991,0.365889,0.176517,0.171091,0.118980,0.129496,0.237533,0.167559,0.252720,0.253510,0.215937,0.263888,0.231238,0.250008,0.362219,0.273594,0.142818,-0.049370,0.157650,0.093689,0.093860,0.043890,0.296440,0.300196,-0.021808,0.020863,-0.012235,0.040927,0.150442,0.170729,0.140263,0.046465,0.525048,0.395816,0.263279,0.269545,0.325818,0.403372,0.411590,0.408259,0.623504,0.600107,0.399315,0.332873,0.289795,0.406586,0.144665,0.057030,0.143184,0.178793
0.180993,0.044366,0.193698,0.229401,0.259772,0.226984,0.158540,0.248931,0.276091,0.197191,0.250691,0.327668,0.173831,0.260004,0.218304,0.330005,0.466085,0.537205,0.317667,0.429891,0.374980,0.327136,0.186395,0.258467,-0.163033,-0.002925,0.138308,0.277864,1.032824,0.000000,0.175986,0.301811,0.546239,0.518230,-0.032162,-0.096183,0.087374,0.384347,0.157323,0.287295,0.378152,0.395211,0.344683,0.307925,0.224147,0.225265,0.412709,0.326172,0.341199,0.288562,0.237599,0.295070,0.197526,0.225037,0.418417,0.423608,0.152877,0.035641,0.241260,0.171008,0.194409,0.149474,0.365012,0.391780,-0.030683,0.015839,0.079515,0.129420,0.241285,0.326439,0.128237,0.071598,0.615199,0.620008,0.349887,0.415131,0.415469,0.505933,0.329631,0.516826,0.627584,0.741753,0.406747,0.395882,0.314913,0.518933,0.152135,0.155269,0.238446,0.366873
0.490631,0.298036,0.767491,0.682063,0.156353,0.132489,0.495671,0.525386,0.198650,0.106301,0.471531,0.374669,0.271146,0.179684,0.430869,0.222952,0.106482,0.122920,0.467040,0.387810,0.109349,0.115808,0.888723,0.855071,0.487272,0.673219,0.165447,0.025278,0.282477,0.175986,0.000000,1.513061,0.552414,0.532154,0.642662,0.504272,0.018740,0.353256,0.024051,0.126292,0.079313,0.098655,0.110662,-0.132240,0.124790,0.077714,0.022742,0.067585,0.062595,0.048649,0.086271,0.023625,-0.011060,0.020909,0.024158,-0.037856,0.220926,0.223706,0.132740,0.213762,0.185639,0.233393,0.004861,-0.078997,0.485334,0.569443,0.422820,0.387427,0.340282,0.358479,0.302958,0.253264,0.367611,0.287745,0.041764,0.177112,0.104736,0.126892,0.121227,0.034314,0.075678,0.237836,0.018773,0.177684,0.461383,0.310119,0.041838,0.188324,0.181169,0.277355
0.396445,0.233933,0.657721,0.756828,0.156450,0.154866,0.460073,0.565439,0.235931,0.114502,0.407767,0.408530,0.240036,0.174373,0.436404,0.216925,0.095937,0.103532,0.389387,0.358212,0.102100,0.122694,0.851446,0.964337,0.336014,0.585183,0.154727,0.047453,0.340965,0.301811,1.513061,0.000000,0.531295,0.552863,0.548945,0.476219,-0.081426,0.336423,-0.103376,0.036731,0.072262,0.125698,0.092544,-0.144811,0.071847,0.027697,0.000725,0.025983,0.049141,0.052939,0.062384,0.024198,-0.007232,0.040993,-0.021835,-0.061223,0.139591,0.167886,0.091353,0.215439,0.153070,0.240371,0.009241,-0.062823,0.441786,0.544294,0.350728,0.357539,0.319802,0.328110,0.274088,0.260495,0.369124,0.326075,0.091343,0.182657,0.127583,0.166213,0.104432,-0.002854,0.104250,0.218082,-0.024732,0.143552,0.460717,0.337946,-0.012921,0.176335,0.142009,0.279765
0.686308,0.647550,0.441711,0.393120,0.003926,-0.093736,0.287459,0.327305,0.022050,-0.091992,0.420166,0.463468,0.319486,0.335269,0.210621,0.101951,0.659437,0.762324,0.678696,1.136713,0.169064,0.110089,0.321635,0.343859,0.049369,0.108970,-0.031682,0.002456,0.458450,0.546239,0.552414,0.531295,0.000000,1.311196,0.212299,0.157395,-0.117918,0.330085,-0.057573,0.338709,-0.014008,0.046551,0.586442,0.336317,0.578482,0.584416,0.610490,0.714425,0.483535,0.369103,0.187694,0.312530,0.160462,0.145965,0.328699,0.413698,0.795638,0.712719,0.722182,0.541597,0.633089,0.397748,0.552716,0.522682,0.137540,0.119728,0.649455,0.690116,0.940945,0.885485,0.114735,-0.010837,0.367849,0.423431,0.252462,0.414048,0.115140,0.143662,0.672291,0.444050,0.491467,0.866100,0.166710,0.542265,0.471922,0.537756,-0.214033,0.201924,0.263257,0.512814
0.447738,0.603089,0.370135,0.528781,-0.039935,-0.033247,0.263999,0.433686,-0.016969,-0.078905,0.208189,0.316344,0.123002,0.147811,0.068161,0.012947,0.558273,0.695423,0.485392,0.899426,0.147451,0.113666,0.259187,0.336020,-0.029816,0.103140,-0.085410,-0.052079,0.350877,0.518230,0.532154,0.552863,1.311196,0.000000,0.293909,0.330212,-0.089755,0.310578,-0.052237,0.221708,-0.022743,0.034399,0.521031,0.283162,0.467830,0.476907,0.533994,0.568068,0.382802,0.257688,0.106283,0.223472,0.013637,-0.029609,0.158120,0.230437,0.525164,0.650655,0.479653,0.478429,0.430651,0.414434,0.403336,0.443172,0.172748,0.243457,0.564637,0.658604,0.747408,0.764376,0.088902,-0.031064,0.308009,0.439735,0.148496,0.301283,0.137261,0.210374,0.480845,0.441113,0.450135,0.727945,0.182254,0.458112,0.422604,0.445025,-0.195034,0.107167,0.130710,0.370659
0.274570,0.078973,0.586226,0.556349,0.250989,0.255412,0.441033,0.371388,0.192982,0.139039,0.305325,0.160047,0.187138,0.157345,0.310307,0.284562,-0.202512,-0.064125,0.181816,0.028030,0.116614,0.101661,0.718102,0.718236,0.684532,0.824340,0.150466,0.049995,-0.005822,-0.032162,0.642662,0.548945,0.212299,0.293909,0.000000,1.213058,-0.024888,0.088275,0.075866,0.070399,0.156255,0.037633,0.084595,-0.069004,0.133166,0.020829,-0.009224,0.008514,-0.070481,-0.076987,0.096614,-0.047567,-0.095346,-0.109372,-0.008632,-0.159275,0.052067,0.114777,-0.051541,0.062709,0.048745,0.192709,-0.070172,-0.171651,0.832477,1.036495,0.531063,0.513059,0.052159,0.076752,0.068217,0.042728,0.016824,-0.071508,0.044150,0.140545,0.059351,0.058069,0.093437,0.045968,-0.001137,0.091899,0.128604,0.042217,0.544975,0.390238,0.174474,0.198244,0.169780,0.204058
0.152832,0.074995,0.417335,0.596196,0.206597,0.288803,0.360908,0.390969,0.169636,0.165538,0.173569,0.128175,0.082914,0.098731,0.204876,0.244216,-0.211372,-0.081722,0.085157,0.001063,0.097294,0.116127,0.503701,0.604713,0.530995,0.685906,0.124990,0.061128,-0.134121,-0.096183,0.504272,0.476219,0.157395,0.330212,1.213058,0.000000,-0.045374,-0.035279,0.102217,0.097855,0.067554,-0.049745,0.044399,-0.117147,0.069107,-0.033065,-0.015312,-0.025028,-0.092525,-0.129880,0.070846,-0.050743,-0.142035,-0.185638,-0.022559,-0.163829,-0.028776,0.102665,-0.105485,0.051639,0.001909,0.150562,-0.151994,-0.206327,0.604131,0.874546,0.468615,0.484425,0.003687,0.073449,0.087533,0.071484,0.061678,0.055661,0.071655,0.130306,0.099603,0.111966,-0.026930,0.007654,-0.124799,0.043948,-0.034196,-0.086672,0.404418,0.297945,0.117904,0.138310,0.150515,0.134523
-0.201381,-0.200889,-0.058676,-0.067774,0.108397,0.086652,-0.079040,-0.098769,0.005661,-0.022149,-0.124702,-0.138755,-0.157698,-0.105801,-0.066169,0.037406,-0.039467,-0.011293,-0.117380,-0.138561,0.098787,0.243188,0.036352,0.042281,0.013525,0.079905,0.117450,0.067085,0.173272,0.087374,0.018740,-0.081426,-0.117918,-0.089755,-0.024888,-0.045374,0.000000,0.620534,0.733197,0.395461,0.464251,0.460766,0.008213,0.123147,-0.041526,-0.000799,0.035676,-0.018025,0.057114,0.010827,0.022274,-0.025674,-0.028967,-0.042141,0.123348,0.156423,-0.219052,-0.217846,-0.119758,-0.117611,-0.253678,-0.167110,-0.146188,-0.074374,-0.201022,-0.068464,-0.155470,-0.096536,-0.200474,-0.178821,0.096329,0.046915,0.266218,0.180936,0.117500,0.062880,0.411024,0.405972,0.049172,0.153983,0.079322,0.024728,0.306410,0.098129,-0.013725,0.084792,0.526773,0.148304,0.059933,0.067340
0.180955,0.166300,0.265572,0.195705,0.080343,0.086659,0.119567,0.179861,0.072788,-0.019450,0.117669,0.144289,0.048393,0.167856,0.150603,0.121372,0.288740,0.326855,0.243009,0.276490,0.207640,0.252545,0.297777,0.269140,0.105866,0.236504,0.161746,0.089728,0.372206,0.384347,0.353256,0.336423,0.330085,0.310578,0.088275,-0.035279,0.620534,0.000000,0.435041,0.452458,0.417265,0.588901,0.232432,0.215703,0.158844,0.184617,0.250202,0.272454,0.190634,0.177311,0.145465,0.140093,0.158565,0.176557,0.294219,0.393574,0.161846,0.137587,0.202971,0.193712,0.148114,0.087136,0.189128,0.167386,-0.027960,0.013867,0.125618,0.195702,0.207309,0.196229,0.247585,0.189045,0.407540,0.309441,0.181901,0.346640,0.327177,0.443763,0.254473,0.256728,0.470813,0.389732,0.538321,0.486012,0.286020,0.351408,0.323801,0.377506,0.203974,0.279177
-0.096520,-0.102829,-0.019646,-0.058601,0.259499,0.245480,-0.097057,-0.071510,0.137223,0.106980,-0.092214,-0.116400,-0.164508,0.017798,-0.038190,0.109690,-0.125644,0.003705,-0.012009,-0.124232,0.271369,0.388911,0.065780,0.055511,0.189611,0.180059,0.232021,0.188881,0.078734,0.157323,0.024051,-0.103376,-0.057573,-0.052237,0.075866,0.102217,0.733197,0.435041,0.000000,0.850122,0.607881,0.582333,-0.033047,0.022342,-0.026455,-0.053485,0.098626,0.000090,0.057104,-0.070124,0.168680,0.005743,0.066424,-0.000443,0.335402,0.300121,-0.068905,-0.090379,-0.093909,-0.159925,-0.128116,-0.213635,-0.122432,-0.134114,-0.097453,0.007710,-0.085983,-0.121856,-0.170721,-0.154507,0.263761,0.233443,0.341482,0.227848,0.164893,0.075419,0.282141,0.359975,0.029320,0.407744,0.198929,0.165518,0.400318,0.165011,0.165664,0.235232,0.763546,0.511058,0.284970,0.168048
0.260175,0.235017,0.115547,0.072524,0.226679,0.208472,0.015508,0.041362,0.142491,0.092716,0.151637,0.109461,0.125312,0.308385,0.166822,0.222188,0.086166,0.297474,0.282874,0.257540,0.392663,0.372383,0.198841,0.129391,0.182486,0.201505,0.282091,0.261001,0.159257,0.287295,0.126292,0.036731,0.338709,0.221708,0.070399,0.097855,0.395461,0.452458,0.850122,0.000000,0.656370,0.646975,0.086934,0.070081,0.078815,0.098337,0.200635,0.178771,0.134257,0.063362,0.167195,0.086413,0.111702,0.076023,0.399094,0.480406,0.286004,0.261295,0.132564,0.078288,0.153870,0.001566,0.086833,0.084990,-0.075199,-0.020050,0.101271,0.097588,0.157357,0.154361,0.302933,0.319959,0.424210,0.400217,0.283100,0.309236,0.203672,0.239796,0.336215,0.468126,0.293345,0.380613,0.366163,0.326005,0.286768,0.309427,0.432184,0.453058,0.402873,0.327710
-0.103078,-0.166480,0.006714,0.023850,0.344627,0.376667,-0.079603,-0.002373,0.220639,0.184562,-0.049038,-0.036195,-0.080235,0.136238,0.113120,0.271289,-0.007085,0.095040,-0.043671,-0.128514,0.481448,0.480244,0.151175,0.169091,0.088204,0.266604,0.354597,0.331546,0.366991,0.378152,0.079313,0.072262,-0.014008,-0.022743,0.156255,0.067554,0.464251,0.417265,0.607881,0.656370,0.000000,0.805458,-0.030892,0.051710,-0.063868,-0.080863,0.055244,-0.068766,0.072259,-0.003040,0.174598,0.037294,0.058073,0.057689,0.298422,0.228064,-0.140145,-0.204234,-0.198811,-0.185758,-0.169543,-0.168888,-0.078965,-0.078202,-0.059336,0.126367,-0.176036,-0.143042,-0.234707,-0.224668,0.381389,0.419656,0.484061,0.355519,0.351431,0.327203,0.437676,0.554855,0.155350,0.337307,0.280813,0.177635,0.449505,0.115606,0.193504,0.273822,0.599584,0.263124,0.183084,0.137430
-0.047939,-0.153142,0.053075,0.072981,0.207251,0.205415,0.011798,0.087967,0.211367,0.148632,-0.000850,0.015692,0.025722,0.165951,0.128678,0.209652,0.037116,0.085159,-0.007632,-0.042890,0.380742,0.379629,0.192997,0.162230,0.086919,0.237906,0.208006,0.202757,0.365889,0.395211,0.098655,0.125698,0.046551,0.034399,0.037633,-0.049745,0.460766,0.588901,0.582333,0.646975,0.805458,0.000000,-0.093981,-0.000718,-0.131776,-0.104802,0.000658,-0.075505,0.032383,0.035661,0.104620,0.048440,0.085255,0.113130,0.256598,0.286083,-0.075203,-0.119804,-0.039813,-0.078965,-0.067328,-0.005869,0.041870,0.113750,-0.072124,-0.001446,-0.177575,-0.173608,-0.042360,-0.032360,0.181271,0.209647,0.524593,0.428977,0.121836,0.265858,0.317975,0.392984,0.102164,0.250772,0.279894,0.165137,0.467210,0.347549,0.118286,0.190195,0.510579,0.410956,0.169643,0.187361
0.298414,0.312543,0.304061,0.246441,0.156916,0.076622,0.215414,0.245480,0.090360,0.043943,0.273163,0.267525,0.241422,0.300196,0.180863,0.174061,0.371522,0.429215,0.416468,0.615915,0.181967,0.167174,0.184341,0.179287,0.119512,0.091496,0.132071,0.165078,0.176517,0.344683,0.110662,0.092544,0.586442,0.521031,0.084595,0.044399,0.008213,0.232432,-0.033047,0.086934,-0.030892,-0.093981,0.000000,1.422853,1.485824,1.373898,1.593582,1.512232,1.206330,0.842398,0.546484,0.606881,0.382690,0.370649,0.501237,0.672306,0.417325,0.333018,0.765900,0.540308,0.476292,0.269631,0.511589,0.454689,0.079603,0.011256,0.725730,0.786194,0.429096,0.546218,0.121022,-0.040665,0.160710,0.238679,0.298171,0.484656,0.289354,0.333281,0.365196,0.351794,0.443569,0.531188,0.281917,0.470367,0.330210,0.429859,-0.014823,0.222009,0.325171,0.505099
0.075813,0.118157,0.086208,0.047837,0.167560,0.088450,0.055443,0.135861,0.073082,0.038934,0.134279,0.142696,0.160498,0.311381,0.095980,0.158362,0.370128,0.346452,0.235002,0.360716,0.180337,0.167136,-0.018658,0.006925,-0.003716,-0.031358,0.125095,0.171195,0.171091,0.307925,-0.132240,-0.144811,0.336317,0.283162,-0.069004,-0.117147,0.123147,0.215703,0.022342,0.070081,0.051710,-0.000718,1.422853,0.000000,1.183330,1.282219,1.256369,1.206793,1.115390,0.926855,0.537320,0.598889,0.400965,0.420927,0.532704,0.669521,0.222246,0.134984,0.547103,0.380344,0.312729,0.161370,0.503392,0.500819,-0.085888,-0.096424,0.423046,0.548579,0.150470,0.269603,0.088952,-0.107845,0.174126,0.224761,0.290982,0.408083,0.386327,0.401544,0.328794,0.394533,0.449105,0.448311,0.331228,0.430350,0.188747,0.373389,0.106569,0.240553,0.274691,0.347704
0.273851,0.290656,0.261542,0.165980,0.118429,-0.006517,0.197282,0.151360,0.008756,-0.035725,0.231811,0.160836,0.191565,0.234728,0.095608,0.081027,0.348571,0.405129,0.363759,0.544585,0.159986,0.124068,0.143853,0.155333,0.131099,0.078824,0.037123,0.054260,0.118980,0.224147,0.124790,0.071847,0.578482,0.467830,0.133166,0.069107,-0.041526,0.158844,-0.026455,0.078815,-0.063868,-0.131776,1.485824,1.183330,0.000000,1.809588,1.403309,1.446425,1.136175,0.731838,0.383588,0.434871,0.239800,0.228557,0.407174,0.548450,0.413018,0.344119,0.738186,0.473746,0.455848,0.252740,0.533964,0.444766,0.140127,0.058541,0.744884,0.798599,0.398143,0.452228,0.133456,-0.067032,0.133458,0.154503,0.230744,0.380845,0.231838,0.266000,0.385779,0.364110,0.411318,0.496878,0.271995,0.403170,0.310904,0.404852,0.008333,0.256481,0.301449,0.501466
0.275102,0.339250,0.232110,0.157970,0.094368,-0.031201,0.174308,0.173915,0.001721,-0.057014,0.207524,0.155417,0.204448,0.273855,0.116468,0.059908,0.412432,0.469814,0.392880,0.614958,0.138365,0.132329,0.099201,0.093433,0.057286,0.003017,0.022996,0.064780,0.129496,0.225265,0.077714,0.027697,0.584416,0.476907,0.020829,-0.033065,-0.000799,0.184617,-0.053485,0.098337,-0.080863,-0.104802,1.373898,1.282219,1.809588,0.000000,1.409278,1.618726,1.237460,0.939910,0.399430,0.517723,0.276105,0.294412,0.426831,0.669347,0.432784,0.382688,0.784384,0.574142,0.490518,0.299835,0.604266,0.550857,0.053872,-0.027557,0.661043,0.790920,0.419229,0.487838,0.147442,-0.060975,0.157741,0.230429,0.251857,0.405412,0.242415,0.255743,0.424478,0.345785,0.420586,0.475774,0.251799,0.447476,0.236317,0.364754,-0.013193,0.240177,0.297793,0.528390
0.190484,0.277366,0.158506,0.108420,0.078896,0.022040,0.070156,0.116446,-0.000880,-0.060617,0.123357,0.155598,0.077704,0.213003,0.044774,0.060892,0.419443,0.491355,0.317620,0.573690,0.223053,0.224303,0.021618,0.037425,0.003754,-0.000036,0.071938,0.147119,0.237533,0.412709,0.022742,0.000725,0.610490,0.533994,-0.009224,-0.015312,0.035676,0.250202,0.098626,0.200635,0.055244,0.000658,1.593582,1.256369,1.403309,1.409278,0.000000,1.650781,1.322487,0.847338,0.565365,0.624345,0.388290,0.341914,0.579678,0.805927,0.400408,0.338660,0.780660,0.476629,0.398374,0.144578,0.470870,0.475229,-0.073394,-0.115760,0.610895,0.690739,0.435831,0.504550,0.148753,-0.017930,0.259668,0.292039,0.353807,0.466687,0.311265,0.399308,0.403813,0.395106,0.465577,0.539218,0.309490,0.413374,0.220504,0.394675,0.020459,0.251938,0.274035,0.475796
0.371132,0.452532,0.264144,0.200505,0.047335,-0.040023,0.187430,0.215569,-0.003514,-0.051136,0.242271,0.235121,0.224611,0.317751,0.130664,0.082797,0.474689,0.573439,0.476009,0.782700,0.137360,0.121750,0.093677,0.094775,0.038214,0.000599,0.023474,0.068237,0.167559,0.326172,0.067585,0.025983,0.714425,0.568068,0.008514,-0.025028,-0.018025,0.272454,0.000090,0.178771,-0.068766,-0.075505,1.512232,1.206793,1.446425,1.618726,1.650781,0.000000,1.150136,0.886655,0.479518,0.605305,0.394251,0.396445,0.557788,0.785557,0.597768,0.520962,0.908585,0.618640,0.590138,0.314938,0.590538,0.550465,0.017764,-0.064562,0.732346,0.818427,0.615694,0.700207,0.113465,-0.049967,0.199565,0.268649,0.295390,0.486421,0.221911,0.268961,0.485692,0.363874,0.474188,0.605751,0.283927,0.507446,0.292161,0.439461,-0.065405,0.240728,0.325422,0.573802
