0.000000,1.304748,0.804367,0.856724,0.640554,0.409912,0.525679,0.618923,0.545787,0.473713,0.683021,0.746671,0.510132,0.622353,0.619090,0.589078,0.860899,0.769294,0.914075,1.114578,0.542021,0.598960,0.501839,0.574592,0.547994,0.597377,0.486952,0.598219,0.639984,0.561071,0.482459,0.536939,0.749161,0.798069,0.238061,0.289407,0.273612,0.353233,0.420970,0.596058,-0.015079,-0.067016,0.540355,0.433465,0.655459,0.693317,0.854298,0.902758,0.847761,0.859327,0.737237,0.784965,1.089638,1.154838,0.903940,0.894399,1.510709,1.534250,0.853661,0.855459,0.358849,0.319331,0.446038,0.617900,0.140688,0.248783,0.471800,0.492406,1.212808,1.271515,0.101758,0.167431,0.259755,0.155259,0.308319,0.212594,0.279826,0.424209,0.866583,0.326335,0.913919,1.004754,0.866861,0.800839,1.118295,1.086999,0.335601,0.296502,0.750127,1.079785
1.304748,0.000000,0.563558,0.703259,0.407300,0.254047,0.311647,0.425898,0.363115,0.448114,0.471447,0.524661,0.388498,0.407821,0.452201,0.470891,0.876109,0.648035,0.569567,0.955622,0.470950,0.419218,0.356333,0.389099,0.368548,0.376720,0.450262,0.534181,0.519829,0.410810,0.269005,0.299980,0.461832,0.518036,0.166556,0.167718,0.239665,0.301540,0.472596,0.525674,-0.066166,-0.138530,0.310314,0.232568,0.427782,0.510223,0.704633,0.668256,0.802492,0.796761,0.706105,0.666925,0.943582,0.878958,0.984533,0.898786,1.710578,1.597819,0.702640,0.696202,0.173469,0.134875,0.177638,0.299575,0.087698,0.123450,0.256631,0.244750,1.383667,1.539711,0.027607,0.096573,0.053164,-0.053343,0.132406,0.037109,0.291822,0.467910,0.875858,0.343195,0.657806,0.808541,0.675796,0.589202,1.063220,0.864332,0.295140,0.114280,0.723678,0.845741
0.804367,0.563558,0.000000,1.164475,0.944987,0.570080,1.364308,0.974520,1.084288,0.497569,0.759356,0.705081,0.883325,0.712517,0.879391,0.731426,0.594085,0.468652,1.018620,0.808948,0.342470,0.420541,1.180411,1.001685,0.864330,0.896196,0.550343,0.618120,0.576511,0.455804,0.644497,0.606918,0.953922,0.852938,0.472908,0.451354,0.318323,0.444507,0.447682,0.623784,0.189347,0.146925,0.586182,0.426828,0.701575,0.563724,0.654689,0.820160,0.602685,0.656244,0.622605,0.661943,0.986018,1.046100,0.784309,0.709486,0.610458,0.716104,0.780583,0.733889,0.652797,0.503900,0.648387,0.545274,0.496843,0.495180,0.825755,0.788697,0.665062,0.714452,0.169874,0.330323,0.510811,0.356039,0.488114,0.399216,0.420976,0.378260,0.682474,0.248919,0.722139,0.751183,0.809529,0.787889,0.812634,0.860146,0.258671,0.414746,0.680120,1.020539
0.856724,0.703259,1.164475,0.000000,0.873510,0.622083,1.021843,1.594201,0.941643,0.788731,0.746043,0.839681,0.720574,0.803325,0.761078,0.949332,0.614078,0.464194,0.927464,1.054414,0.403811,0.433082,0.765134,1.055961,0.668718,0.861385,0.552808,0.749469,0.490446,0.467460,0.557206,0.633693,0.819585,0.828030,0.310841,0.337109,0.124059,0.331362,0.283684,0.559063,0.019567,-0.002959,0.497039,0.333441,0.581891,0.519576,0.668475,0.743146,0.605218,0.607375,0.538163,0.569137,0.998544,0.984493,0.668917,0.616243,0.696937,0.826692,0.696273,0.841627,0.595195,0.617933,0.598276,0.697690,0.287183,0.526339,0.644416,0.701343,0.731612,0.832237,0.166302,0.329013,0.449495,0.324978,0.452215,0.285615,0.261094,0.284535,0.655679,0.366536,0.630369,0.704954,0.712158,0.714596,0.862392,0.813362,0.084335,0.160005,0.655165,1.039776
0.640554,0.407300,0.944987,0.873510,0.000000,0.893433,0.753476,0.721833,1.350895,0.456776,0.679704,0.661884,0.454687,0.588815,0.758237,0.752336,0.493920,0.498804,0.755261,0.575353,0.386149,0.293023,0.685863,0.782465,0.845268,0.991969,0.774438,0.646748,0.491946,0.500112,0.644630,0.673066,0.905259,0.906589,0.455507,0.560119,0.309368,0.494912,0.426112,0.661019,0.245199,0.196416,0.738008,0.551302,0.817722,0.675887,0.743178,0.838572,0.466650,0.535145,0.446021,0.534096,0.744112,0.901484,0.606061,0.561041,0.484991,0.585401,0.599233,0.669146,0.607735,0.606395,0.634731,0.638673,0.286342,0.436586,0.849478,0.904131,0.474739,0.513076,0.185063,0.288788,0.468621,0.406099,0.513726,0.509684,0.223856,0.268547,0.487503,0.300109,0.629878,0.682150,0.717434,0.757876,0.603506,0.661705,0.172662,0.472086,0.471026,0.739228
0.409912,0.254047,0.570080,0.622083,0.893433,0.000000,0.589051,0.593053,0.720650,0.719133,0.493098,0.504959,0.371755,0.362243,0.520107,0.531233,0.266338,0.290685,0.688128,0.492865,0.477978,0.310380,0.580057,0.717010,0.749690,0.868978,0.792150,0.686302,0.300633,0.289422,0.480088,0.491137,0.807418,0.858815,0.634944,0.716499,0.242599,0.439064,0.144819,0.386108,0.035989,0.084523,0.694347,0.496532,0.767529,0.569178,0.574818,0.699906,0.349560,0.379585,0.385174,0.364819,0.640808,0.603611,0.375165,0.368080,0.237956,0.383846,0.498161,0.726707,0.737284,0.900376,0.511873,0.610702,0.415992,0.588177,0.923904,0.975943,0.265975,0.312906,0.203058,0.271296,0.415306,0.376315,0.630844,0.580384,0.273510,0.227156,0.293774,0.225273,0.365442,0.476627,0.491275,0.533326,0.422589,0.486214,0.024294,0.434017,0.471401,0.580512
0.525679,0.311647,1.364308,1.021843,0.753476,0.589051,0.000000,1.133424,0.911474,0.517701,0.684519,0.637489,0.903955,0.621209,0.686745,0.669636,0.363523,0.283250,0.765651,0.575960,0.248246,0.318241,1.001481,0.926593,0.751008,0.789126,0.390864,0.479404,0.372663,0.311392,0.535829,0.533053,0.779258,0.701749,0.508152,0.453993,0.229896,0.361971,0.271324,0.449500,0.097654,0.067953,0.443972,0.283540,0.496285,0.350227,0.458664,0.539457,0.408161,0.422962,0.459141,0.485808,0.747228,0.732101,0.508799,0.457613,0.343628,0.474148,0.669509,0.623657,0.792811,0.590429,0.597797,0.547101,0.546312,0.578416,0.821422,0.736127,0.387423,0.466371,0.138826,0.296875,0.463760,0.338921,0.471589,0.418209,0.277920,0.208509,0.435679,0.214620,0.440669,0.501580,0.569703,0.570769,0.544943,0.606211,0.098424,0.267841,0.544183,0.775395
0.618923,0.425898,0.974520,1.594201,0.721833,0.593053,1.133424,0.000000,0.789251,0.765713,0.676124,0.824327,0.740201,0.815957,0.679424,0.881323,0.396932,0.340716,0.822459,0.814407,0.362016,0.429357,0.655091,0.964304,0.553958,0.753366,0.438936,0.621275,0.364260,0.380294,0.521322,0.601087,0.698576,0.745601,0.235056,0.307613,0.080100,0.265822,0.129842,0.421123,-0.046249,-0.027935,0.457133,0.320116,0.498106,0.439551,0.511279,0.590390,0.470306,0.457851,0.405808,0.446564,0.756327,0.792689,0.453008,0.415466,0.436839,0.577363,0.560791,0.767483,0.656394,0.762880,0.639611,0.800099,0.271589,0.577379,0.599612,0.703262,0.453057,0.559454,0.191594,0.340492,0.495629,0.408611,0.489921,0.327822,0.199960,0.186807,0.419621,0.293322,0.472294,0.524737,0.575402,0.577677,0.628503,0.651828,0.012536,0.101117,0.536623,0.867581
0.545787,0.363115,1.084288,0.941643,1.350895,0.720650,0.911474,0.789251,0.000000,0.520064,0.710209,0.645864,0.680676,0.731542,0.962049,0.840745,0.449008,0.343538,0.692627,0.519816,0.218961,0.181140,0.796984,0.840413,0.739191,0.912550,0.614202,0.641587,0.431264,0.405371,0.526149,0.537108,0.730026,0.696433,0.441895,0.442197,0.251586,0.421947,0.479206,0.620407,0.347911,0.269538,0.584258,0.482354,0.662294,0.530621,0.608435,0.757814,0.440006,0.518420,0.483215,0.539564,0.789466,0.919599,0.626404,0.566566,0.441959,0.539433,0.634305,0.651258,0.645831,0.555182,0.635076,0.477619,0.400109,0.432534,0.779417,0.819182,0.444596,0.487121,0.072839,0.306333,0.423076,0.351126,0.415650,0.373186,0.224371,0.202688,0.490316,0.276112,0.544623,0.585145,0.669192,0.743807,0.597687,0.679250,0.167101,0.459823,0.493192,0.807744
0.473713,0.448114,0.497569,0.788731,0.456776,0.719133,0.517701,0.765713,0.520064,0.000000,0.398561,0.471997,0.434773,0.405607,0.465438,0.716002,0.406685,0.254690,0.480301,0.545400,0.362822,0.408403,0.434164,0.628451,0.493077,0.566300,0.545436,0.739828,0.287065,0.234595,0.217224,0.280209,0.485593,0.542013,0.361244,0.361854,0.216639,0.272405,0.128362,0.308721,-0.091463,-0.049200,0.380181,0.228150,0.430619,0.354890,0.491910,0.509190,0.491976,0.489290,0.495874,0.366329,0.702562,0.589970,0.422356,0.374918,0.444614,0.522080,0.536869,0.695873,0.450584,0.552301,0.301407,0.441851,0.267979,0.453841,0.462994,0.544482,0.412298,0.519437,0.056102,0.183450,0.243332,0.229581,0.296501,0.210257,0.212778,0.160446,0.385404,0.266924,0.315787,0.407974,0.454204,0.437296,0.571391,0.516310,-0.052136,0.035223,0.488454,0.617574
0.683021,0.471447,0.759356,0.746043,0.679704,0.493098,0.684519,0.676124,0.710209,0.398561,0.000000,1.214449,0.959207,1.147640,1.068474,0.930017,0.831001,0.841353,0.910014,0.724618,0.440412,0.424156,0.859982,0.984341,0.573099,0.782446,0.383945,0.382372,0.975670,0.798093,0.920508,0.913578,0.994603,0.945733,0.433355,0.402700,0.393982,0.602972,0.577752,0.750767,0.265964,0.325730,0.675748,0.670776,0.667722,0.522241,0.623770,0.803103,0.434427,0.458129,0.473467,0.582047,0.720122,0.728983,0.594450,0.554890,0.564885,0.635954,0.549371,0.680616,0.797897,0.616433,1.084056,0.796385,0.335884,0.536268,0.594864,0.599307,0.454243,0.427507,0.370102,0.498476,0.610424,0.434226,0.610019,0.486322,0.501911,0.555734,0.766852,0.460189,0.942369,0.905413,1.083605,1.091676,0.780260,0.965010,0.209976,0.491391,0.531491,0.824570
0.746671,0.524661,0.705081,0.839681,0.661884,0.504959,0.637489,0.824327,0.645864,0.471997,1.214449,0.000000,0.635872,1.191778,0.759435,0.815091,0.709220,0.803396,0.834560,0.779716,0.523308,0.484078,0.604802,0.820505,0.453343,0.665472,0.402479,0.364915,0.742476,0.749586,0.719561,0.783474,0.884232,0.922741,0.263238,0.337908,0.249800,0.437826,0.428677,0.652134,0.134293,0.118241,0.638140,0.631107,0.672263,0.617835,0.634818,0.764309,0.535744,0.548505,0.463520,0.615875,0.679992,0.786439,0.555420,0.533683,0.659814,0.743283,0.601860,0.759139,0.620734,0.585012,0.821673,0.958913,0.143376,0.462498,0.489459,0.592750,0.509874,0.514197,0.362275,0.407561,0.491128,0.383152,0.550086,0.435743,0.303098,0.439393,0.647606,0.458893,0.774462,0.803718,0.867041,0.901577,0.664114,0.886773,0.149360,0.349539,0.452705,0.768897
0.510132,0.388498,0.883325,0.720574,0.454687,0.371755,0.903955,0.740201,0.680676,0.434773,0.959207,0.635872,0.000000,0.982071,1.122648,0.893105,0.496781,0.352506,0.803288,0.578641,0.311498,0.410645,1.060815,0.965357,0.617156,0.746023,0.307898,0.383644,0.605425,0.441188,0.675303,0.591398,0.691474,0.627955,0.456942,0.300428,0.338267,0.427963,0.470203,0.561419,0.212111,0.268831,0.446515,0.411689,0.427417,0.307620,0.477098,0.644960,0.371319,0.463257,0.460696,0.552665,0.659869,0.753090,0.602777,0.540560,0.397996,0.495961,0.553397,0.608692,0.846643,0.516757,0.762742,0.431281,0.644685,0.650286,0.548384,0.471152,0.441124,0.423220,0.222803,0.418182,0.589190,0.406562,0.512683,0.353072,0.538614,0.450532,0.600715,0.291022,0.582042,0.650475,0.732850,0.740489,0.729329,0.813968,0.184224,0.348848,0.645554,0.886937
0.622353,0.407821,0.712517,0.803325,0.588815,0.362243,0.621209,0.815957,0.731542,0.405607,1.147640,1.191778,0.982071,0.000000,1.096649,1.029765,0.657592,0.563839,0.811171,0.702936,0.353150,0.433586,0.701873,0.964284,0.444340,0.688677,0.328562,0.405945,0.727646,0.696292,0.756718,0.809802,0.757800,0.764654,0.255477,0.203499,0.225517,0.379957,0.464514,0.646173,0.202305,0.220146,0.638961,0.678616,0.573482,0.479452,0.583398,0.741521,0.421421,0.436010,0.376630,0.527168,0.594294,0.740212,0.521220,0.461447,0.508373,0.586524,0.469026,0.591841,0.686339,0.548113,0.901266,0.762035,0.272750,0.568573,0.435444,0.486998,0.427712,0.405879,0.254954,0.427715,0.583858,0.394201,0.575452,0.369669,0.326156,0.360238,0.630208,0.424808,0.706715,0.707159,0.782208,0.847027,0.628770,0.845195,0.140077,0.307104,0.435962,0.771095
0.619090,0.452201,0.879391,0.761078,0.758237,0.520107,0.686745,0.679424,0.962049,0.465438,1.068474,0.759435,1.122648,1.096649,0.000000,1.100260,0.632748,0.486744,0.989918,0.710585,0.410937,0.463188,1.021994,1.024058,0.733583,0.797157,0.547412,0.526978,0.801578,0.620055,0.813865,0.798747,0.896925,0.871310,0.473274,0.413609,0.467607,0.612685,0.656443,0.768088,0.304279,0.346262,0.628857,0.577630,0.649992,0.478347,0.630035,0.828940,0.422745,0.532924,0.473531,0.599852,0.740897,0.925024,0.676674,0.603360,0.493430,0.600977,0.577070,0.667674,0.742351,0.560449,0.899919,0.519415,0.489054,0.624922,0.660427,0.622117,0.485019,0.472268,0.250616,0.405281,0.636364,0.500978,0.632149,0.478452,0.481872,0.460404,0.673058,0.409581,0.703781,0.829705,1.030193,0.973274,0.757687,0.869755,0.144538,0.483240,0.600483,0.960577
0.589078,0.470891,0.731426,0.949332,0.752336,0.531233,0.669636,0.881323,0.840745,0.716002,0.930017,0.815091,0.893105,1.029765,1.100260,0.000000,0.672460,0.494012,0.728160,0.682143,0.446941,0.480100,0.753043,1.029214,0.608279,0.848495,0.516809,0.581142,0.679543,0.691100,0.745331,0.783692,0.768178,0.788095,0.390682,0.341825,0.345712,0.540969,0.505851,0.775129,0.204686,0.222290,0.561960,0.493499,0.551273,0.456955,0.642574,0.719864,0.461554,0.522997,0.457268,0.510159,0.804113,0.791540,0.582476,0.494884,0.499655,0.565313,0.499784,0.597351,0.739734,0.564805,0.717667,0.560932,0.396071,0.623851,0.478476,0.498696,0.495224,0.483272,0.270052,0.414349,0.576493,0.437627,0.495089,0.355275,0.342212,0.335960,0.663757,0.531817,0.587172,0.764788,0.764126,0.829510,0.748250,0.828008,0.006326,0.222530,0.491636,0.805740
0.860899,0.876109,0.594085,0.614078,0.493920,0.266338,0.363523,0.396932,0.449008,0.406685,0.831001,0.709220,0.496781,0.657592,0.632748,0.672460,0.000000,1.092172,0.609670,0.784917,0.527735,0.403601,0.511910,0.530022,0.356544,0.459152,0.359549,0.406811,1.054085,0.808645,0.655034,0.664119,0.689250,0.714605,0.254974,0.207245,0.359724,0.491954,0.663501,0.690372,0.242542,0.170901,0.484844,0.413142,0.522357,0.497662,0.637944,0.662294,0.530157,0.513487,0.497919,0.460908,0.760304,0.664196,0.716430,0.583427,1.005724,0.928241,0.506115,0.517209,0.325425,0.225840,0.430394,0.499663,0.112262,0.199710,0.291368,0.319123,0.714125,0.682888,0.263707,0.377980,0.373624,0.169589,0.380691,0.257477,0.462905,0.561667,1.168073,0.625600,0.917658,1.043577,0.822054,0.765902,1.001200,0.954808,0.233818,0.247669,0.455955,0.634728
0.769294,0.648035,0.468652,0.464194,0.498804,0.290685,0.283250,0.340716,0.343538,0.254690,0.841353,0.803396,0.352506,0.563839,0.486744,0.494012,1.092172,0.000000,0.556802,0.631563,0.484415,0.335677,0.421755,0.457358,0.304922,0.428691,0.260671,0.263916,0.900826,0.871643,0.666927,0.669983,0.687314,0.751850,0.202956,0.278338,0.353407,0.567427,0.509145,0.685880,0.211349,0.200115,0.535096,0.512623,0.572714,0.566155,0.593421,0.622296,0.453079,0.440127,0.412058,0.459599,0.552658,0.510578,0.467616,0.475573,0.757883,0.735963,0.359434,0.450731,0.320552,0.306331,0.552284,0.636529,0.068314,0.222361,0.252675,0.330111,0.517493,0.473939,0.338501,0.349182,0.298845,0.210671,0.326346,0.281252,0.383694,0.545632,0.719300,0.569988,0.914559,0.935202,0.800413,0.791868,0.750411,0.838531,0.259517,0.425236,0.392371,0.549297
0.914075,0.569567,1.018620,0.927464,0.755261,0.688128,0.765651,0.822459,0.692627,0.480301,0.910014,0.834560,0.803288,0.811171,0.989918,0.728160,0.609670,0.556802,0.000000,1.366278,0.627915,0.761810,0.954085,0.949756,0.806172,0.777466,0.635599,0.622879,0.750573,0.493496,0.771809,0.773378,1.228320,1.225911,0.458737,0.519136,0.337120,0.500308,0.318735,0.514032,0.061530,0.136180,0.702666,0.496727,0.722309,0.529113,0.612834,0.863358,0.433506,0.474639,0.416152,0.487164,0.845071,0.974781,0.594801,0.526261,0.582133,0.730931,0.652824,0.846190,0.719009,0.741579,0.836984,0.866955,0.369013,0.624141,0.841095,0.795907,0.625389,0.613443,0.363381,0.434727,0.724973,0.584163,0.768273,0.550659,0.541210,0.505661,0.708141,0.235468,0.857789,0.876718,1.045317,0.849039,0.865259,0.838736,0.251986,0.446252,0.724766,0.974470
1.114578,0.955622,0.808948,1.054414,0.575353,0.492865,0.575960,0.814407,0.519816,0.545400,0.724618,0.779716,0.578641,0.702936,0.710585,0.682143,0.784917,0.631563,1.366278,0.000000,0.604201,0.702031,0.601520,0.721443,0.529158,0.547199,0.559516,0.693438,0.717402,0.459439,0.509611,0.578474,0.815636,0.879960,0.240909,0.268411,0.219813,0.375657,0.289063,0.457005,-0.071243,-0.037713,0.496903,0.322736,0.511209,0.439370,0.622725,0.723341,0.528706,0.473752,0.420995,0.436797,0.886780,0.904246,0.664114,0.557972,0.857768,1.025953,0.646112,0.809058,0.412270,0.497958,0.509061,0.707132,0.122982,0.398204,0.500466,0.498031,0.881339,0.909156,0.248649,0.354035,0.460837,0.338747,0.526962,0.324709,0.447824,0.489990,0.863598,0.278317,0.829019,0.810441,0.896315,0.701383,0.973386,0.791921,0.218746,0.162999,0.680498,0.874840
0.542021,0.470950,0.342470,0.403811,0.386149,0.477978,0.248246,0.362016,0.218961,0.362822,0.440412,0.523308,0.311498,0.353150,0.410937,0.446941,0.527735,0.484415,0.627915,0.604201,0.000000,0.892830,0.331094,0.392967,0.345044,0.349413,0.483709,0.281604,0.471833,0.365003,0.600321,0.601158,0.532043,0.670580,0.209310,0.403244,0.440585,0.482734,0.314905,0.443451,0.033465,0.080452,0.359122,0.299805,0.462648,0.518029,0.363947,0.497029,0.344418,0.458711,0.338093,0.350871,0.462793,0.509388,0.402195,0.354712,0.476701,0.510184,0.334587,0.538239,0.298919,0.428888,0.327061,0.492274,0.073350,0.321664,0.292501,0.339590,0.399966,0.341333,0.770560,0.456210,0.442490,0.476599,0.488450,0.302759,0.345649,0.410622,0.338256,0.231823,0.352098,0.580386,0.464854,0.344676,0.517520,0.535285,0.152420,0.351312,0.383501,0.507675
0.598960,0.419218,0.420541,0.433082,0.293023,0.310380,0.318241,0.429357,0.181140,0.408403,0.424156,0.484078,0.410645,0.433586,0.463188,0.480100,0.403601,0.335677,0.761810,0.702031,0.892830,0.000000,0.423780,0.474183,0.447667,0.366762,0.326894,0.284327,0.492748,0.333956,0.440250,0.475768,0.499081,0.567449,0.200953,0.264342,0.424834,0.392159,0.190694,0.359818,-0.177089,-0.038404,0.272400,0.197993,0.347360,0.356838,0.363295,0.423227,0.338286,0.409276,0.299524,0.343459,0.467141,0.533990,0.421911,0.354511,0.427543,0.490360,0.383032,0.474526,0.284206,0.359281,0.302670,0.481838,0.178815,0.394085,0.304487,0.283983,0.411271,0.428887,0.516633,0.367200,0.558132,0.573684,0.454618,0.247085,0.273271,0.325353,0.376923,0.055625,0.439887,0.517109,0.565660,0.423783,0.496554,0.508848,0.198500,0.238144,0.460066,0.564720
0.501839,0.356333,1.180411,0.765134,0.685863,0.580057,1.001481,0.655091,0.796984,0.434164,0.859982,0.604802,1.060815,0.701873,1.021994,0.753043,0.511910,0.421755,0.954085,0.601520,0.331094,0.423780,0.000000,1.277465,1.077152,0.955695,0.494777,0.490454,0.597148,0.444364,0.832810,0.677552,1.051207,0.879383,0.827377,0.638729,0.496295,0.644670,0.578362,0.711212,0.259206,0.313056,0.630346,0.473117,0.664685,0.413450,0.534254,0.743037,0.382524,0.493889,0.511231,0.559718,0.770098,0.738658,0.642773,0.579635,0.367643,0.458602,0.538833,0.555549,0.893396,0.572766,0.756508,0.431370,0.893204,0.876580,0.855030,0.655968,0.420777,0.414205,0.288712,0.430439,0.623576,0.471226,0.599639,0.469736,0.576183,0.451927,0.584571,0.284420,0.526429,0.660999,0.804807,0.723133,0.650405,0.696387,0.208380,0.522192,0.619321,0.805290
0.574592,0.389099,1.001685,1.055961,0.782465,0.717010,0.926593,0.964304,0.840413,0.628451,0.984341,0.820505,0.965357,0.964284,1.024058,1.029214,0.530022,0.457358,0.949756,0.721443,0.392967,0.474183,1.277465,0.000000,0.862294,1.190791,0.483279,0.583830,0.594042,0.537325,0.861557,0.850195,1.021663,0.961642,0.648366,0.570182,0.350486,0.609715,0.447365,0.773869,0.203465,0.248493,0.698218,0.583433,0.702420,0.537962,0.676235,0.833614,0.444452,0.510078,0.489499,0.562557,0.791953,0.785979,0.609452,0.565242,0.404534,0.515782,0.514800,0.678709,0.890206,0.832894,0.812333,0.640885,0.598555,0.989627,0.771370,0.732660,0.425615,0.436751,0.337180,0.484035,0.710899,0.556558,0.660439,0.463170,0.470725,0.403860,0.558896,0.376062,0.559472,0.641949,0.788089,0.791826,0.651510,0.795795,0.099638,0.419800,0.559163,0.885505
0.547994,0.368548,0.864330,0.668718,0.845268,0.749690,0.751008,0.553958,0.739191,0.493077,0.573099,0.453343,0.617156,0.444340,0.733583,0.608279,0.356544,0.304922,0.806172,0.529158,0.345044,0.447667,1.077152,0.862294,0.000000,1.062436,0.796179,0.579588,0.386013,0.306337,0.569215,0.455206,0.896055,0.773369,0.808069,0.734202,0.515757,0.547625,0.428295,0.538354,0.058259,0.067495,0.595135,0.371727,0.684867,0.442316,0.601469,0.710117,0.416742,0.535085,0.545895,0.542132,0.822024,0.764397,0.608544,0.604225,0.399206,0.487598,0.564013,0.577662,0.732662,0.528492,0.523133,0.416579,0.741655,0.771003,0.939850,0.675299,0.398755,0.459817,0.121327,0.178507,0.423737,0.391745,0.470796,0.406150,0.279164,0.230538,0.403505,0.152877,0.465786,0.591914,0.689102,0.695784,0.600792,0.563963,0.143717,0.468330,0.571275,0.725870
0.597377,0.376720,0.896196,0.861385,0.991969,0.868978,0.789126,0.753366,0.912550,0.566300,0.782446,0.665472,0.746023,0.688677,0.797157,0.848495,0.459152,0.428691,0.777466,0.547199,0.349413,0.366762,0.955695,1.190791,1.062436,0.000000,0.611755,0.668700,0.529823,0.541546,0.836996,0.794097,0.984319,0.906743,0.673053,0.662834,0.298985,0.509574,0.407088,0.694857,0.230572,0.218512,0.778074,0.587478,0.792287,0.626286,0.762730,0.909997,0.499198,0.580441,0.571365,0.619685,0.859317,0.776582,0.645757,0.628583,0.416794,0.496682,0.606988,0.679431,0.779780,0.655875,0.700417,0.590027,0.509634,0.653089,0.874207,0.845559,0.437212,0.453667,0.206703,0.354356,0.629815,0.472103,0.578837,0.479043,0.339817,0.340321,0.546888,0.368993,0.610067,0.705130,0.714064,0.883215,0.633183,0.730075,0.139937,0.512667,0.594945,0.807294
0.486952,0.450262,0.550343,0.552808,0.774438,0.792150,0.390864,0.438936,0.614202,0.545436,0.383945,0.402479,0.307898,0.328562,0.547412,0.516809,0.359549,0.260671,0.635599,0.559516,0.483709,0.326894,0.494777,0.483279,0.796179,0.611755,0.000000,0.828089,0.297879,0.214136,0.362043,0.312919,0.616686,0.666533,0.479657,0.596325,0.298474,0.293471,0.305054,0.357180,-0.029184,-0.072912,0.605367,0.383043,0.644559,0.490853,0.622601,0.663097,0.462368,0.538584,0.468712,0.413633,0.636513,0.661265,0.557906,0.456974,0.416792,0.517770,0.600801,0.707069,0.453793,0.487491,0.354053,0.333293,0.304757,0.401217,0.699531,0.664721,0.486356,0.488042,0.163671,0.159394,0.214789,0.274455,0.379965,0.482898,0.225856,0.291606,0.383890,0.087210,0.386713,0.476875,0.580656,0.469665,0.517855,0.424569,0.121927,0.252288,0.506380,0.565474
0.598219,0.534181,0.618120,0.749469,0.646748,0.686302,0.479404,0.621275,0.641587,0.739828,0.382372,0.364915,0.383644,0.405945,0.526978,0.581142,0.406811,0.263916,0.622879,0.693438,0.281604,0.284327,0.490454,0.583830,0.579588,0.668700,0.828089,0.000000,0.288433,0.206586,0.303793,0.314885,0.563892,0.572469,0.407087,0.390852,0.032558,0.151131,0.177657,0.340872,-0.010442,-0.053716,0.485166,0.339187,0.467837,0.370314,0.550022,0.584361,0.444172,0.410914,0.412259,0.329741,0.771006,0.641007,0.477053,0.379274,0.481814,0.568608,0.535707,0.626496,0.392082,0.437008,0.307334,0.392263,0.252809,0.341164,0.594581,0.612770,0.581938,0.579919,-0.005770,0.281276,0.282385,0.230485,0.265067,0.224853,0.219558,0.103833,0.450799,0.250341,0.415340,0.426463,0.471857,0.385892,0.578298,0.471512,0.059492,0.034917,0.443813,0.560619
0.639984,0.519829,0.576511,0.490446,0.491946,0.300633,0.372663,0.364260,0.431264,0.287065,0.975670,0.742476,0.605425,0.727646,0.801578,0.679543,1.054085,0.900826,0.750573,0.717402,0.471833,0.492748,0.597148,0.594042,0.386013,0.529823,0.297879,0.288433,0.000000,0.973714,0.755415,0.783570,0.826943,0.825790,0.269712,0.248814,0.520159,0.700915,0.676872,0.744012,0.368439,0.354240,0.605972,0.590270,0.578384,0.481047,0.608989,0.738367,0.424392,0.416787,0.424328,0.464575,0.569903,0.549112,0.602217,0.522443,0.588468,0.600293,0.486441,0.522674,0.418196,0.366581,0.648714,0.595843,0.099734,0.274945,0.408005,0.418933,0.452585,0.436641,0.365615,0.461316,0.624988,0.374964,0.618253,0.538848,0.680155,0.764245,1.126746,0.472326,1.106044,0.959889,1.020771,1.048900,0.765363,0.823585,0.235799,0.425140,0.380135,0.566528
0.561071,0.410810,0.455804,0.467460,0.500112,0.289422,0.311392,0.380294,0.405371,0.234595,0.798093,0.749586,0.441188,0.696292,0.620055,0.691100,0.808645,0.871643,0.493496,0.459439,0.365003,0.333956,0.444364,0.537325,0.306337,0.541546,0.214136,0.206586,0.973714,0.000000,0.817064,0.844844,0.704171,0.729210,0.157503,0.214680,0.265807,0.526774,0.482824,0.766913,0.392907,0.334548,0.425977,0.487236,0.516974,0.481836,0.427061,0.549009,0.346705,0.432284,0.333309,0.454541,0.511987,0.478427,0.387997,0.416001,0.495360,0.493999,0.323268,0.364168,0.432237,0.260150,0.685940,0.571917,0.076692,0.219468,0.290753,0.392176,0.389581,0.334929,0.277636,0.326878,0.501110,0.249115,0.418279,0.342054,0.249715,0.335212,0.857488,0.944323,0.724469,1.058875,0.643349,0.965072,0.530956,0.715957,-0.105119,0.343899,0.252915,0.506488
0.482459,0.269005,0.644497,0.557206,0.644630,0.480088,0.535829,0.521322,0.526149,0.217224,0.920508,0.719561,0.675303,0.756718,0.813865,0.745331,0.655034,0.666927,0.771809,0.509611,0.600321,0.440250,0.832810,0.861557,0.569215,0.836996,0.362043,0.303793,0.755415,0.817064,0.000000,1.681663,1.119436,1.114009,0.449071,0.520300,0.347594,0.617769,0.496206,0.775272,0.393748,0.394598,0.645685,0.608753,0.727301,0.606870,0.473747,0.693603,0.270156,0.370832,0.295804,0.419578,0.526879,0.561562,0.419192,0.373469,0.341285,0.395112,0.320456,0.432479,0.782583,0.566473,0.958983,0.714142,0.337751,0.549308,0.592935,0.620439,0.289574,0.229473,0.588871,0.590184,0.827875,0.519242,0.692221,0.494732,0.445190,0.465243,0.539451,0.579479,0.580301,0.842429,0.717776,0.713982,0.553690,0.689487,0.070523,0.510710,0.431788,0.611007
0.536939,0.299980,0.606918,0.633693,0.673066,0.491137,0.533053,0.601087,0.537108,0.280209,0.913578,0.783474,0.591398,0.809802,0.798747,0.783692,0.664119,0.669983,0.773378,0.578474,0.601158,0.475768,0.677552,0.850195,0.455206,0.794097,0.312919,0.314885,0.783570,0.844844,1.681663,0.000000,1.020070,1.081873,0.352240,0.467305,0.288765,0.552650,0.412841,0.692712,0.340164,0.336224,0.594044,0.563686,0.701012,0.597415,0.447866,0.645603,0.285765,0.333981,0.264893,0.374419,0.503589,0.545223,0.374149,0.335044,0.371792,0.414407,0.317681,0.431444,0.685511,0.598626,0.916373,0.819233,0.213039,0.467468,0.539086,0.617514,0.303475,0.260479,0.529274,0.550090,0.777085,0.487001,0.686221,0.448184,0.350513,0.425911,0.585713,0.606227,0.618181,0.874738,0.728036,0.728762,0.553639,0.685914,0.005861,0.415965,0.386346,0.610208
0.749161,0.461832,0.953922,0.819585,0.905259,0.807418,0.779258,0.698576,0.730026,0.485593,0.994603,0.884232,0.691474,0.757800,0.896925,0.768178,0.689250,0.687314,1.228320,0.815636,0.532043,0.499081,1.051207,1.021663,0.896055,0.984319,0.616686,0.563892,0.826943,0.704171,1.119436,1.020070,0.000000,1.842630,0.710329,0.734643,0.368773,0.616351,0.439082,0.691544,0.189719,0.202236,0.850440,0.645949,0.988562,0.675067,0.691898,0.921255,0.472193,0.521198,0.509298,0.562541,0.849197,0.838988,0.597322,0.566942,0.549600,0.648227,0.659177,0.772198,1.001555,0.751648,0.992774,0.934928,0.472249,0.705780,1.105290,0.998059,0.527073,0.506420,0.359999,0.403692,0.703638,0.457693,0.778859,0.650812,0.481846,0.483158,0.715061,0.476531,0.816078,0.997875,1.034000,0.951062,0.782504,0.881477,0.155725,0.509559,0.713089,0.857892
0.798069,0.518036,0.852938,0.828030,0.906589,0.858815,0.701749,0.745601,0.696433,0.542013,0.945733,0.922741,0.627955,0.764654,0.871310,0.788095,0.714605,0.751850,1.225911,0.879960,0.670580,0.567449,0.879383,0.961642,0.773369,0.906743,0.666533,0.572469,0.825790,0.729210,1.114009,1.081873,1.842630,0.000000,0.557791,0.691026,0.394245,0.641087,0.436597,0.719301,0.172588,0.192613,0.893562,0.699539,1.057984,0.797210,0.749023,0.984305,0.524464,0.591583,0.521548,0.583214,0.824193,0.866022,0.614131,0.563568,0.585438,0.703854,0.657705,0.892422,0.907948,0.908963,0.906896,1.029773,0.344522,0.699033,0.933462,0.995523,0.506635,0.517849,0.414879,0.413466,0.639300,0.480492,0.817368,0.630510,0.465998,0.494661,0.676763,0.466128,0.776718,1.012095,1.023813,0.918539,0.788433,0.890713,0.160381,0.519879,0.702342,0.893626
0.238061,0.166556,0.472908,0.310841,0.455507,0.634944,0.508152,0.235056,0.441895,0.361244,0.433355,0.263238,0.456942,0.255477,0.473274,0.390682,0.254974,0.202956,0.458737,0.240909,0.209310,0.200953,0.827377,0.648366,0.808069,0.673053,0.479657,0.407087,0.269712,0.157503,0.449071,0.352240,0.710329,0.557791,0.000000,1.086693,0.409274,0.476824,0.343218,0.406759,0.128529,0.165640,0.518159,0.294741,0.542375,0.251193,0.374318,0.433389,0.157124,0.228491,0.365173,0.235082,0.459637,0.368182,0.304251,0.286400,0.174831,0.212543,0.325790,0.390035,0.727631,0.440545,0.421965,0.161033,1.056203,0.756493,1.028873,0.667795,0.245318,0.232387,0.161269,0.193109,0.283621,0.229708,0.328698,0.409118,0.323524,0.279226,0.294644,0.206006,0.236445,0.374775,0.398502,0.368070,0.351218,0.391669,0.057176,0.428338,0.491008,0.432783
0.289407,0.167718,0.451354,0.337109,0.560119,0.716499,0.453993,0.307613,0.442197,0.361854,0.402700,0.337908,0.300428,0.203499,0.413609,0.341825,0.207245,0.278338,0.519136,0.268411,0.403244,0.264342,0.638729,0.570182,0.734202,0.662834,0.596325,0.390852,0.248814,0.214680,0.520300,0.467305,0.734643,0.691026,1.086693,0.000000,0.372464,0.455835,0.258337,0.388184,0.172976,0.209378,0.533686,0.287992,0.674516,0.454590,0.358985,0.448307,0.218784,0.310427,0.346852,0.241631,0.455369,0.398820,0.261739,0.282282,0.201924,0.223588,0.261296,0.410748,0.524804,0.516334,0.447819,0.321179,0.600037,0.583712,0.992063,0.868644,0.235766,0.218280,0.322304,0.162328,0.316744,0.365608,0.340372,0.381956,0.252172,0.302233,0.232048,0.157942,0.296099,0.486400,0.469676,0.414199,0.420201,0.450286,0.052063,0.501633,0.443143,0.471540
0.273612,0.239665,0.318323,0.124059,0.309368,0.242599,0.229896,0.080100,0.251586,0.216639,0.393982,0.249800,0.338267,0.225517,0.467607,0.345712,0.359724,0.353407,0.337120,0.219813,0.440585,0.424834,0.496295,0.350486,0.515757,0.298985,0.298474,0.032558,0.520159,0.265807,0.347594,0.288765,0.368773,0.394245,0.409274,0.372464,0.000000,1.021335,0.778252,0.648905,0.263327,0.349562,0.450183,0.437025,0.476139,0.374214,0.411660,0.515101,0.350578,0.434052,0.463013,0.447915,0.304986,0.341081,0.442516,0.461368,0.263738,0.278943,0.317872,0.321062,0.317736,0.269282,0.231201,0.142492,0.373661,0.402452,0.310421,0.235680,0.128654,0.208426,0.276244,0.207794,0.282050,0.364186,0.422424,0.414908,0.535030,0.510342,0.275811,0.023647,0.292864,0.333981,0.441097,0.410520,0.309485,0.369613,0.299149,0.525113,0.221418,0.343127
0.353233,0.301540,0.444507,0.331362,0.494912,0.439064,0.361971,0.265822,0.421947,0.272405,0.602972,0.437826,0.427963,0.379957,0.612685,0.540969,0.491954,0.567427,0.500308,0.375657,0.482734,0.392159,0.644670,0.609715,0.547625,0.509574,0.293471,0.151131,0.700915,0.526774,0.617769,0.552650,0.616351,0.641087,0.476824,0.455835,1.021335,0.000000,0.800060,1.052870,0.435929,0.590696,0.491779,0.470870,0.522151,0.423955,0.434917,0.611754,0.307607,0.394612,0.476676,0.472254,0.465882,0.440821,0.469035,0.522282,0.305066,0.351721,0.360835,0.440371,0.550137,0.524083,0.521832,0.348426,0.385051,0.597929,0.433406,0.394646,0.170652,0.226715,0.465951,0.528175,0.574384,0.568355,0.659362,0.570340,0.665673,0.600625,0.465810,0.374091,0.366709,0.553150,0.523376,0.596843,0.416930,0.543096,0.101289,0.602580,0.317759,0.477699
0.420970,0.472596,0.447682,0.283684,0.426112,0.144819,0.271324,0.129842,0.479206,0.128362,0.577752,0.428677,0.470203,0.464514,0.656443,0.505851,0.663501,0.509145,0.318735,0.289063,0.314905,0.190694,0.578362,0.447365,0.428295,0.407088,0.305054,0.177657,0.676872,0.482824,0.496206,0.412841,0.439082,0.436597,0.343218,0.258337,0.778252,0.800060,0.000000,1.239810,0.597400,0.539564,0.455767,0.510104,0.450046,0.424632,0.507016,0.609721,0.412483,0.560925,0.507406,0.598469,0.459334,0.492888,0.832757,0.750175,0.525605,0.491857,0.453914,0.380611,0.298901,0.171291,0.311799,0.111885,0.289950,0.310718,0.267788,0.219355,0.360108,0.379900,0.246209,0.390941,0.263851,0.240928,0.310263,0.308277,0.523699,0.533277,0.572977,0.361540,0.394751,0.538369,0.590961,0.605575,0.486882,0.573928,0.317974,0.486828,0.299274,0.452188
0.596058,0.525674,0.623784,0.559063,0.661019,0.386108,0.449500,0.421123,0.620407,0.308721,0.750767,0.652134,0.561419,0.646173,0.768088,0.775129,0.690372,0.685880,0.514032,0.457005,0.443451,0.359818,0.711212,0.773869,0.538354,0.694857,0.357180,0.340872,0.744012,0.766913,0.775272,0.692712,0.691544,0.719301,0.406759,0.388184,0.648905,1.052870,1.239810,0.000000,0.552133,0.538645,0.630345,0.670878,0.671370,0.673998,0.698342,0.859195,0.555590,0.712538,0.623316,0.761788,0.662393,0.680123,0.826630,0.840224,0.583962,0.601763,0.548878,0.574944,0.498984,0.406825,0.552313,0.387860,0.312802,0.513637,0.423824,0.453408,0.434680,0.470030,0.345306,0.486446,0.487126,0.414430,0.488498,0.429576,0.486711,0.518941,0.649322,0.572500,0.515081,0.766720,0.671589,0.780867,0.610913,0.826525,0.198770,0.568045,0.432362,0.701949
-0.015079,-0.066166,0.189347,0.019567,0.245199,0.035989,0.097654,-0.046249,0.347911,-0.091463,0.265964,0.134293,0.212111,0.202305,0.304279,0.204686,0.242542,0.211349,0.061530,-0.071243,0.033465,-0.177089,0.259206,0.203465,0.058259,0.230572,-0.029184,-0.010442,0.368439,0.392907,0.393748,0.340164,0.189719,0.172588,0.128529,0.172976,0.263327,0.435929,0.597400,0.552133,0.000000,1.177245,0.245095,0.325373,0.172514,0.184388,0.109769,0.280452,-0.024095,0.113030,0.060276,0.087604,0.045761,0.082968,0.139452,0.140155,0.014867,-0.040852,0.015070,-0.006269,0.096556,0.043703,0.277995,0.036116,0.006838,-0.041602,0.098947,0.171702,-0.082136,-0.139166,0.275695,0.450159,0.332037,0.329163,0.201479,0.217044,0.266112,0.224642,0.250077,0.374419,0.145247,0.279608,0.144237,0.289508,0.131119,0.217141,-0.057731,0.327182,-0.127184,0.025846
-0.067016,-0.138530,0.146925,-0.002959,0.196416,0.084523,0.067953,-0.027935,0.269538,-0.049200,0.325730,0.118241,0.268831,0.220146,0.346262,0.222290,0.170901,0.200115,0.136180,-0.037713,0.080452,-0.038404,0.313056,0.248493,0.067495,0.218512,-0.072912,-0.053716,0.354240,0.334548,0.394598,0.336224,0.202236,0.192613,0.165640,0.209378,0.349562,0.590696,0.539564,0.538645,1.177245,0.000000,0.208062,0.251601,0.106735,0.060920,0.010045,0.215459,-0.156226,0.016514,-0.009111,0.018790,-0.020507,0.027565,0.067818,0.067457,-0.110449,-0.143061,-0.067619,0.006904,0.166883,0.166999,0.348402,0.022428,0.107252,0.116652,0.106056,0.167569,-0.149288,-0.228711,0.452384,0.631771,0.502792,0.543072,0.360792,0.275046,0.400420,0.260952,0.184435,0.306699,0.105554,0.238272,0.120633,0.261989,0.078663,0.166429,-0.037635,0.383980,-0.093550,0.015608
0.540355,0.310314,0.586182,0.497039,0.738008,0.694347,0.443972,0.457133,0.584258,0.380181,0.675748,0.638140,0.446515,0.638961,0.628857,0.561960,0.484844,0.535096,0.702666,0.496903,0.359122,0.272400,0.630346,0.698218,0.595135,0.778074,0.605367,0.485166,0.605972,0.425977,0.645685,0.594044,0.850440,0.893562,0.518159,0.533686,0.450183,0.491779,0.455767,0.630345,0.245095,0.208062,0.000000,1.405352,1.184076,0.859143,1.070581,1.260317,0.573743,0.554627,0.506554,0.567629,0.520514,0.587495,0.553588,0.502552,0.376216,0.453080,0.574297,0.650275,0.562857,0.611247,0.617843,0.668827,0.289538,0.502824,0.706454,0.743869,0.334365,0.344794,0.175946,0.265979,0.399187,0.360859,0.608210,0.689887,0.527464,0.539925,0.445251,0.178120,0.650344,0.556397,0.691419,0.680120,0.482352,0.614450,0.327310,0.579380,0.415902,0.575241
0.433465,0.232568,0.426828,0.333441,0.551302,0.496532,0.283540,0.320116,0.482354,0.228150,0.670776,0.631107,0.411689,0.678616,0.577630,0.493499,0.413142,0.512623,0.496727,0.322736,0.299805,0.197993,0.473117,0.583433,0.371727,0.587478,0.383043,0.339187,0.590270,0.487236,0.608753,0.563686,0.645949,0.699539,0.294741,0.287992,0.437025,0.470870,0.510104,0.670878,0.325373,0.251601,1.405352,0.000000,1.055794,0.966340,0.881029,1.125797,0.611629,0.594137,0.542485,0.685387,0.407356,0.493867,0.525555,0.521075,0.332730,0.384615,0.513118,0.584546,0.515368,0.558864,0.596190,0.626254,0.169481,0.399390,0.471847,0.570498,0.226155,0.234817,0.166212,0.295961,0.349201,0.297318,0.544235,0.604677,0.448988,0.439904,0.347793,0.187165,0.600227,0.452958,0.610322,0.660308,0.356222,0.593696,0.367907,0.628789,0.311363,0.501662
0.655459,0.427782,0.701575,0.581891,0.817722,0.767529,0.496285,0.498106,0.662294,0.430619,0.667722,0.672263,0.427417,0.573482,0.649992,0.551273,0.522357,0.572714,0.722309,0.511209,0.462648,0.347360,0.664685,0.702420,0.684867,0.792287,0.644559,0.467837,0.578384,0.516974,0.727301,0.701012,0.988562,1.057984,0.542375,0.674516,0.476139,0.522151,0.450046,0.671370,0.172514,0.106735,1.184076,1.055794,0.000000,1.506123,1.021429,1.235516,0.845944,0.868967,0.744538,0.795365,0.676079,0.802020,0.717418,0.738156,0.542558,0.621348,0.707351,0.821352,0.640036,0.658194,0.674529,0.722741,0.346668,0.505845,0.877540,0.999470,0.421212,0.494276,0.181697,0.132335,0.343442,0.269647,0.547764,0.555677,0.369791,0.453131,0.477163,0.222634,0.719679,0.771557,0.844877,0.811737,0.652918,0.846104,0.322951,0.691018,0.621545,0.844014
0.693317,0.510223,0.563724,0.519576,0.675887,0.569178,0.350227,0.439551,0.530621,0.354890,0.522241,0.617835,0.307620,0.479452,0.478347,0.456955,0.497662,0.566155,0.529113,0.439370,0.518029,0.356838,0.413450,0.537962,0.442316,0.626286,0.490853,0.370314,0.481047,0.481836,0.606870,0.597415,0.675067,0.797210,0.251193,0.454590,0.374214,0.423955,0.424632,0.673998,0.184388,0.060920,0.859143,0.966340,1.506123,0.000000,1.038119,1.107241,1.035452,1.080807,0.797649,0.917272,0.618284,0.795546,0.776758,0.843907,0.645749,0.687705,0.674389,0.792897,0.406891,0.510032,0.473208,0.635585,0.111789,0.293698,0.528159,0.725133,0.447160,0.538450,0.198676,0.102995,0.240733,0.220341,0.394792,0.391897,0.251020,0.412940,0.408740,0.184135,0.663976,0.688126,0.714108,0.703614,0.635769,0.881144,0.405524,0.634823,0.566759,0.812306
0.854298,0.704633,0.654689,0.668475,0.743178,0.574818,0.458664,0.511279,0.608435,0.491910,0.623770,0.634818,0.477098,0.583398,0.630035,0.642574,0.637944,0.593421,0.612834,0.622725,0.363947,0.363295,0.534254,0.676235,0.601469,0.762730,0.622601,0.550022,0.608989,0.427061,0.473747,0.447866,0.691898,0.749023,0.374318,0.358985,0.411660,0.434917,0.507016,0.698342,0.109769,0.010045,1.070581,0.881029,1.021429,1.038119,0.000000,1.430472,1.077001,1.014047,0.824283,0.917294,0.729536,0.872290,1.032489,0.982507,0.765782,0.846965,0.871881,0.853042,0.386735,0.416644,0.389334,0.502878,0.209455,0.352892,0.538577,0.588497,0.660565,0.754968,0.077213,0.123968,0.245838,0.206603,0.403161,0.447668,0.411207,0.577866,0.601844,0.180512,0.771275,0.652760,0.803028,0.777847,0.737687,0.873015,0.386336,0.390871,0.599413,0.826207
0.902758,0.668256,0.820160,0.743146,0.838572,0.699906,0.539457,0.590390,0.757814,0.509190,0.803103,0.764309,0.644960,0.741521,0.828940,0.719864,0.662294,0.622296,0.863358,0.723341,0.497029,0.423227,0.743037,0.833614,0.710117,0.909997,0.663097,0.584361,0.738367,0.549009,0.693603,0.645603,0.921255,0.984305,0.433389,0.448307,0.515101,0.611754,0.609721,0.859195,0.280452,0.215459,1.260317,1.125797,1.235516,1.107241,1.430472,0.000000,0.976788,1.027096,0.890169,1.007343,0.881557,1.028747,1.014188,1.030958,0.744326,0.837838,0.878063,0.978263,0.582613,0.595669,0.636025,0.637703,0.286484,0.455153,0.676152,0.754640,0.653344,0.713834,0.194895,0.301862,0.429223,0.358531,0.597748,0.536600,0.576125,0.659270,0.675886,0.258311,0.830331,0.826124,0.884268,0.952180,0.817697,1.001876,0.361881,0.622649,0.688154,1.010246
0.847761,0.802492,0.602685,0.605218,0.466650,0.349560,0.408161,0.470306,0.440006,0.491976,0.434427,0.535744,0.371319,0.421421,0.422745,0.461554,0.530157,0.453079,0.433506,0.528706,0.344418,0.338286,0.382524,0.444452,0.416742,0.499198,0.462368,0.444172,0.424392,0.346705,0.270156,0.285765,0.472193,0.524464,0.157124,0.218784,0.350578,0.307607,0.412483,0.555590,-0.024095,-0.156226,0.573743,0.611629,0.845944,1.035452,1.077001,0.976788,0.000000,1.520326,1.452700,1.352576,0.845670,0.799671,1.067257,1.194197,0.889224,0.886954,1.037419,0.817563,0.235491,0.224702,0.216282,0.382457,0.086268,0.163826,0.339222,0.409374,0.685359,0.887991,-0.006023,-0.031846,0.065929,0.030505,0.227932,0.196660,0.235967,0.418195,0.518861,0.124198,0.616961,0.597034,0.664115,0.623337,0.719092,0.822642,0.410557,0.297929,0.656479,0.853019
