0.000000,0.311125,0.507580,0.218731,0.180772,0.245254,0.520588,0.359700,0.287825,0.629423,0.811294,0.729087,0.995202,0.929775,0.601059,0.405683,0.255255,0.151114,0.651645,0.478320,0.175669,0.129114,0.179135,0.173792,0.197625,0.208716,0.160068,0.088115,0.203959,0.111651,-0.012031,0.023570,0.178919,0.188390,0.232899,0.284378,0.569369,0.195074,0.084484,0.226029,0.180491,0.095801,0.368857,0.314753,0.088251,0.149312,0.337639,0.457765,0.348155,0.238392,0.370263,0.276646,0.202425,0.127863,0.338428,0.213803,0.395394,0.275392,0.328163,0.351609,0.633308,0.561153,0.394456,0.208189,0.292783,0.261772,0.326827,0.207499,0.315640,0.285726,0.243898,0.299699,0.382816,0.196140,0.632300,0.338441,0.610399,0.391752,0.040668,0.261909,-0.029343,0.026571,0.255586,0.139269,0.130192,0.107189,0.129720,-0.023612,0.406873,0.296666
0.311125,0.000000,0.093544,0.450785,0.049114,0.363170,0.092243,0.543151,0.081309,0.084319,0.054055,0.210757,0.008907,0.234258,0.117969,0.174376,0.277410,0.247586,0.322078,0.595540,0.242075,0.301597,0.103474,0.287099,-0.016711,0.302852,0.049521,0.239227,0.232884,0.222418,0.097591,0.245417,0.555758,0.510127,0.072895,0.241911,0.102111,0.479130,-0.138963,0.359610,0.221133,0.290388,0.432524,0.501643,0.530521,0.663573,0.420910,0.574150,0.545110,0.645479,0.569371,0.539589,0.603302,0.545097,0.621361,0.650656,0.559609,0.877347,0.357751,0.491614,0.166927,0.288956,0.269061,0.545666,-0.163584,-0.004478,0.395543,0.537412,0.396948,0.534346,0.037348,0.079236,0.189726,0.430693,0.219258,0.416658,0.302371,0.286562,0.222427,0.006701,0.498477,0.355747,0.351661,0.099168,0.772684,0.606818,0.387118,0.362735,0.549776,0.758285
0.507580,0.093544,0.000000,0.542092,0.612160,0.487917,1.539107,0.651994,0.757474,0.896907,0.400663,0.109348,0.552735,0.267338,0.795519,0.239224,0.130404,0.119490,0.881400,0.388426,0.041942,0.198611,0.923133,0.603775,0.415778,0.411481,0.357082,0.340043,0.088109,-0.095175,0.411889,0.391497,0.389639,0.440686,0.398717,0.275921,0.461755,-0.000217,0.138910,0.057245,0.311733,-0.025396,0.287787,0.147890,0.099051,0.029977,0.092305,0.263672,-0.055197,-0.056573,-0.012817,-0.062953,-0.117311,0.015821,0.025513,0.089663,0.198961,0.143726,0.027839,-0.070366,0.271287,0.344106,0.058662,-0.064017,0.808276,0.430609,0.353234,0.108142,0.562743,0.478315,0.221763,0.266616,0.414686,0.180051,0.492769,0.257559,0.490843,0.319602,0.070796,0.127543,0.021027,-0.007855,0.386056,0.096280,0.244476,0.096607,0.272762,0.096955,0.310098,0.141046
0.218731,0.450785,0.542092,0.000000,0.152009,0.450512,0.438787,1.070011,0.128216,0.452681,0.036764,-0.018947,0.013040,0.040161,0.317371,0.272930,0.030196,0.139560,0.572304,0.709899,0.073025,0.317346,0.737860,1.104974,0.340631,0.593565,0.338676,0.376074,0.134229,0.037244,0.393874,0.686877,0.491808,0.708178,0.567410,0.548448,0.219930,0.237602,0.044788,0.197657,0.157508,0.079987,0.332055,0.289225,0.449471,0.282949,0.208708,0.421793,0.078184,0.155316,0.153435,0.212127,0.117159,0.162908,0.182759,0.220733,0.323507,0.385794,0.020597,0.091432,-0.097164,0.211817,-0.098554,0.009023,0.322706,0.509291,0.526196,0.724967,0.625830,0.954290,0.133573,0.039937,0.142070,0.160388,0.209180,0.253002,0.366734,0.215019,0.290551,0.221802,0.208016,0.300643,0.388281,0.268461,0.630539,0.673630,0.249138,0.388271,0.307412,0.588792
0.180772,0.049114,0.612160,0.152009,0.000000,0.335648,0.566112,0.226890,0.876525,0.463282,0.140525,-0.030437,0.189419,-0.005623,0.465642,0.201826,0.162854,0.446817,0.504508,0.214155,0.149876,0.392565,0.516626,0.152128,0.350907,0.222509,0.483845,0.362806,0.182033,0.057430,0.533418,0.507756,0.186382,0.103912,0.133248,0.079524,0.177100,0.044339,-0.025620,-0.025617,0.162900,-0.164466,-0.024501,-0.122679,-0.026616,-0.181411,-0.107964,-0.094424,-0.165985,-0.244121,-0.259250,-0.280129,-0.139658,-0.015807,-0.166716,-0.022305,0.293386,0.177147,-0.067347,-0.123545,0.184332,0.167720,0.085768,0.003243,0.581605,0.296748,0.015480,-0.126162,0.222986,0.235095,0.277551,0.299147,0.425118,0.218951,0.424373,0.164825,0.107401,-0.008049,0.147688,0.083182,0.068632,0.066667,0.251900,0.047283,0.106130,-0.131327,0.272576,-0.128633,0.149159,-0.246088
0.245254,0.363170,0.487917,0.450512,0.335648,0.000000,0.566662,0.632161,0.598901,0.802482,0.247368,0.192822,0.256296,0.309846,0.262415,0.260729,-0.024493,0.079187,0.383559,0.265539,0.118279,0.233832,0.339806,0.408013,0.327302,0.780479,0.308083,0.735178,-0.069348,-0.050830,0.288368,0.320537,0.441630,0.464933,0.242001,0.394739,0.083311,0.092076,-0.160116,-0.073956,0.105307,0.018103,0.305621,0.281521,0.334143,0.372553,0.085949,0.236047,0.321554,0.352834,0.202923,0.282067,0.218310,0.304852,0.202870,0.187202,0.108416,0.260743,0.259391,0.269680,0.235640,0.430926,0.097982,0.184580,0.224385,0.397292,0.455422,0.362492,0.208635,0.333969,0.246763,0.187354,0.330166,0.324421,0.375403,0.472460,0.394583,0.362926,-0.099803,-0.077952,0.055622,-0.084379,0.206424,-0.032247,0.391145,0.172906,0.143852,-0.131572,0.299569,0.274416
0.520588,0.092243,1.539107,0.438787,0.566112,0.566662,0.000000,0.689898,0.759163,0.945665,0.544533,0.255910,0.653648,0.387964,0.779250,0.310107,0.095743,0.148522,0.780254,0.324342,0.010059,0.100084,0.732246,0.487558,0.343942,0.411190,0.290964,0.290301,0.067305,-0.077710,0.369330,0.319709,0.354586,0.384769,0.354760,0.269308,0.351728,-0.039719,-0.020888,-0.071468,0.211000,0.000355,0.354110,0.209202,0.116450,0.096359,0.119504,0.324667,0.029933,0.036268,0.031407,-0.022974,-0.033645,0.080245,0.041404,0.112720,0.068781,0.064137,0.055088,-0.010928,0.381756,0.454908,0.145850,0.043816,0.779412,0.456936,0.349374,0.076241,0.392631,0.315637,0.205369,0.198126,0.396459,0.159500,0.499756,0.278108,0.524388,0.362790,-0.093892,0.063232,-0.035499,-0.050880,0.369347,0.088967,0.211094,0.043104,0.234344,0.005688,0.313472,0.104011
0.359700,0.543151,0.651994,1.070011,0.226890,0.632161,0.689898,0.000000,0.344962,0.597166,0.240930,0.266340,0.239550,0.391857,0.379805,0.411647,0.197146,0.196839,0.608906,0.701816,0.161125,0.195885,0.523222,0.663886,0.188271,0.437281,0.190794,0.345844,0.249238,0.136858,0.366304,0.501812,0.682565,0.888199,0.295972,0.406496,0.263297,0.285558,-0.045122,0.198154,0.236344,0.145027,0.521298,0.433952,0.478421,0.379529,0.381407,0.585088,0.295474,0.368062,0.305919,0.353503,0.284552,0.318709,0.407345,0.409852,0.302528,0.444714,0.200792,0.275960,0.211452,0.530397,0.205774,0.366145,0.194671,0.347170,0.512576,0.555579,0.448995,0.611746,0.170032,0.073873,0.318896,0.300396,0.390852,0.387718,0.522641,0.411754,0.168795,0.041957,0.305669,0.238072,0.500530,0.177042,0.646564,0.456273,0.398890,0.281712,0.480002,0.565337
0.287825,0.081309,0.757474,0.128216,0.876525,0.598901,0.759163,0.344962,0.000000,0.750013,0.306581,0.128372,0.375725,0.188184,0.468604,0.222842,0.153484,0.259021,0.456092,0.211693,0.142575,0.231971,0.384114,0.122478,0.298997,0.369706,0.313217,0.396177,0.025690,0.009010,0.320655,0.216796,0.342873,0.282392,0.135217,0.164385,0.244381,-0.005856,-0.018915,-0.021486,0.146924,-0.179856,0.087615,0.037259,0.053067,0.039223,-0.044382,0.054030,0.007397,-0.029512,-0.063433,-0.094295,-0.079923,0.072055,-0.049768,0.064775,0.160707,0.139033,0.195047,0.050079,0.515721,0.452160,0.291713,0.153373,0.568940,0.342670,0.271107,0.000281,0.242120,0.256086,0.308883,0.274517,0.450975,0.223361,0.483992,0.252779,0.287298,0.235966,-0.066814,0.049513,0.010665,-0.057936,0.197966,-0.015316,0.103877,-0.090949,0.190236,-0.172053,0.226587,-0.095651
0.629423,0.084319,0.896907,0.452681,0.463282,0.802482,0.945665,0.597166,0.750013,0.000000,0.565845,0.395914,0.769063,0.575058,0.664671,0.346617,0.055959,0.060619,0.583940,0.294611,0.132202,0.167949,0.511587,0.512226,0.484272,0.627244,0.376032,0.485558,-0.050262,-0.110426,0.258821,0.233562,0.249893,0.361825,0.448060,0.401749,0.364561,0.108993,0.158868,0.111810,0.202914,-0.036335,0.254728,0.160409,0.067264,0.011059,0.068547,0.198569,0.101043,0.044545,0.124901,0.072100,-0.030823,-0.013768,0.117316,0.068249,0.108712,0.130002,0.150836,0.131890,0.423485,0.567170,0.151986,-0.009187,0.665675,0.653191,0.417043,0.220336,0.392668,0.405244,0.392030,0.344421,0.396889,0.216882,0.594343,0.369015,0.585122,0.484661,-0.045119,0.140270,-0.154376,-0.134371,0.253158,0.014863,0.154097,0.051848,0.193538,-0.042583,0.344074,0.172560
0.811294,0.054055,0.400663,0.036764,0.140525,0.247368,0.544533,0.240930,0.306581,0.565845,0.000000,0.688047,1.042540,0.732913,0.795986,0.639825,0.396527,0.204134,0.521813,0.355264,0.125525,-0.075092,0.217570,0.153223,0.207251,0.243757,0.165524,0.084666,0.397178,0.264869,0.153711,0.068907,0.166100,0.174010,0.170630,0.222759,0.423906,0.136499,0.062911,0.066374,0.194643,0.209519,0.281955,0.208800,-0.048604,0.060256,0.120623,0.341751,0.143336,0.084664,0.085566,0.028460,0.089108,0.084448,0.126438,0.011160,0.179085,-0.012239,0.061036,0.054541,0.529776,0.411182,0.431776,0.134392,0.388941,0.230439,0.100994,-0.060793,0.032515,0.000697,0.319270,0.256827,0.421116,0.163428,0.666116,0.341806,0.437482,0.335844,0.026393,0.298938,-0.003537,0.071663,0.459683,0.352626,0.065521,0.060168,0.154679,-0.028588,0.228552,0.005894
0.729087,0.210757,0.109348,-0.018947,-0.030437,0.192822,0.255910,0.266340,0.128372,0.395914,0.688047,0.000000,0.736621,1.213105,0.231824,0.604238,0.121169,0.144303,0.169320,0.151124,0.248866,-0.117254,-0.090741,-0.041675,0.245661,0.211454,0.116479,0.068597,0.093577,0.242929,-0.022616,-0.049528,0.156065,0.098166,0.171448,0.150301,0.229422,0.132922,-0.138139,0.113133,-0.018557,0.092589,0.272364,0.259480,0.026373,0.152097,0.310063,0.334003,0.477821,0.385397,0.472083,0.487411,0.359794,0.267709,0.411252,0.135887,0.080472,0.102196,0.426251,0.552434,0.755185,0.749982,0.512760,0.467160,0.033118,0.252734,0.344362,0.266782,-0.090462,-0.007403,0.311146,0.068015,0.258288,0.271728,0.413928,0.375714,0.439501,0.419258,-0.191509,0.194629,-0.238561,-0.007212,-0.003174,0.131027,-0.074222,-0.018705,0.009982,-0.167387,0.257841,0.222848
0.995202,0.008907,0.552735,0.013040,0.189419,0.256296,0.653648,0.239550,0.375725,0.769063,1.042540,0.736621,0.000000,1.058083,0.756145,0.446407,0.190825,0.054262,0.421260,0.126456,0.020901,0.027370,0.159507,0.106844,0.270094,0.115824,0.119967,0.083572,0.096394,0.017398,-0.063721,-0.090108,0.109407,0.053857,0.205151,0.147287,0.513721,0.019484,0.038268,-0.010383,0.234249,0.033949,0.285202,0.204080,-0.123922,-0.087295,0.142078,0.318260,0.196613,0.105169,0.253076,0.119208,0.083208,0.058579,0.209325,0.112303,0.126643,0.005426,0.203351,0.210563,0.634081,0.441877,0.394478,0.145847,0.395012,0.217584,0.210153,-0.043462,0.173806,0.043525,0.223447,0.182339,0.387333,0.124230,0.570861,0.329102,0.577191,0.374343,-0.085431,0.184356,-0.225653,-0.140091,0.220990,0.019082,-0.111760,-0.200906,0.066021,-0.193206,0.248919,0.014160
0.929775,0.234258,0.267338,0.040161,-0.005623,0.309846,0.387964,0.391857,0.188184,0.575058,0.732913,1.213105,1.058083,0.000000,0.365400,0.455093,0.127659,-0.004334,0.313564,0.192244,0.219473,-0.044204,-0.084047,0.029938,0.169267,0.126643,0.013904,0.101558,0.084148,0.088729,-0.134752,-0.125686,0.193717,0.194692,0.108539,0.175590,0.411261,0.252000,-0.036037,0.142888,0.128895,0.124392,0.417721,0.380478,0.009231,0.101584,0.374008,0.448127,0.501583,0.453225,0.628948,0.567450,0.400910,0.302226,0.592148,0.308374,0.065397,0.092800,0.408630,0.551501,0.628164,0.625427,0.409420,0.365631,0.008245,0.100870,0.328030,0.209005,0.042146,0.027958,0.252802,0.116002,0.335177,0.296998,0.531329,0.506320,0.665696,0.583746,-0.146300,0.023779,-0.200080,-0.165066,0.133833,-0.087932,-0.026372,-0.123933,0.146414,-0.150301,0.396736,0.252389
0.601059,0.117969,0.795519,0.317371,0.465642,0.262415,0.779250,0.379805,0.468604,0.664671,0.795986,0.231824,0.756145,0.365400,0.000000,0.601641,0.308438,0.335216,0.923885,0.504736,0.166241,0.282248,0.739788,0.506993,0.418095,0.312769,0.463062,0.321984,0.485305,0.296056,0.451984,0.390636,0.254751,0.283956,0.320165,0.267788,0.586491,0.233380,0.178239,0.105979,0.401029,0.278119,0.176978,0.139480,0.025678,-0.027705,0.008136,0.286230,-0.110843,-0.144994,-0.155449,-0.207607,-0.148138,-0.054863,-0.020851,-0.010426,0.338453,0.069556,-0.170905,-0.210013,0.161053,0.120624,0.129579,-0.095638,0.719263,0.262967,0.059175,-0.080511,0.462118,0.361172,0.359493,0.454540,0.577450,0.290848,0.696924,0.382182,0.474491,0.302335,0.302370,0.443811,0.075967,0.257472,0.698882,0.452516,0.187698,0.175048,0.321974,0.141570,0.180913,-0.020588
0.405683,0.174376,0.239224,0.272930,0.201826,0.260729,0.310107,0.411647,0.222842,0.346617,0.639825,0.604238,0.446407,0.455093,0.601641,0.000000,0.297132,0.493237,0.444496,0.486276,0.433717,0.264161,0.311558,0.272919,0.411656,0.303101,0.408309,0.285761,0.544914,0.860745,0.402587,0.424950,0.280586,0.267493,0.232955,0.324063,0.296305,0.275042,-0.029718,0.014888,0.099092,0.287175,0.114060,0.180613,0.141889,0.125369,0.026918,0.300370,0.108584,0.047942,-0.016168,0.048372,0.167867,0.142676,0.050712,-0.091271,0.396001,0.155038,0.006152,0.027966,0.327500,0.310197,0.389706,0.259947,0.260629,0.191511,0.099768,0.126347,0.021505,0.171264,0.557017,0.305153,0.459843,0.381553,0.585741,0.479910,0.307137,0.198186,0.263171,0.449141,0.026669,0.506029,0.471513,0.617778,0.184829,0.247280,0.142706,-0.027690,0.038360,0.100502
0.255255,0.277410,0.130404,0.030196,0.162854,-0.024493,0.095743,0.197146,0.153484,0.055959,0.396527,0.121169,0.190825,0.127659,0.308438,0.297132,0.000000,0.498152,0.280323,0.407834,0.253868,0.072742,0.028013,-0.080788,-0.035504,-0.071688,0.114857,0.039015,0.691473,0.623054,0.111364,0.026739,0.194418,0.249559,-0.163919,-0.062287,0.233807,0.118707,0.189118,0.101697,0.146607,0.136934,0.066547,0.061413,0.066056,0.097394,0.113091,0.149727,0.057852,0.020850,-0.055126,-0.063006,0.073097,-0.004437,0.098848,0.025424,0.685134,0.458466,0.076752,0.042638,0.232075,0.197062,0.568983,0.367245,-0.008152,-0.053596,-0.101197,-0.117169,0.094315,0.119988,0.060883,0.105600,0.354300,0.129631,0.339056,0.109747,0.079731,0.034101,0.521913,0.216608,0.644450,0.605514,0.415988,0.403756,0.339332,0.264486,0.213675,0.189449,0.128256,0.031444
0.151114,0.247586,0.119490,0.139560,0.446817,0.079187,0.148522,0.196839,0.259021,0.060619,0.204134,0.144303,0.054262,-0.004334,0.335216,0.493237,0.498152,0.000000,0.320148,0.337960,0.286518,0.300871,0.191303,0.031680,0.175285,0.123501,0.434616,0.246209,0.431179,0.678118,0.379416,0.392300,0.171735,0.065405,-0.012078,0.055689,0.121318,0.101449,-0.143824,-0.060177,0.015619,0.141006,0.004795,0.017225,0.119401,0.122138,0.053625,0.110116,0.006185,0.011571,-0.188493,-0.122546,0.059175,0.130852,-0.099678,-0.036484,0.685289,0.417132,-0.037058,-0.027456,0.153043,0.100150,0.326556,0.300393,0.144525,0.150712,-0.079903,-0.044439,0.132412,0.241821,0.253386,0.167611,0.311435,0.264077,0.249035,0.179162,-0.037156,-0.042726,0.304388,0.389379,0.300570,0.627189,0.281823,0.512633,0.232646,0.221062,0.114680,-0.011869,0.031307,-0.037985
0.651645,0.322078,0.881400,0.572304,0.504508,0.383559,0.780254,0.608906,0.456092,0.583940,0.521813,0.169320,0.421260,0.313564,0.923885,0.444496,0.280323,0.320148,0.000000,1.056899,0.217697,0.292240,0.836331,0.650074,0.341155,0.398536,0.352969,0.282508,0.506722,0.242615,0.560614,0.579697,0.453064,0.554830,0.335483,0.437748,0.578585,0.268283,0.162458,0.179347,0.333240,0.201688,0.310510,0.255345,0.118268,0.084176,0.137764,0.390564,-0.053042,-0.048920,-0.045588,-0.047460,0.005077,0.094624,0.135016,0.111639,0.426836,0.234809,-0.156191,-0.154517,0.057843,0.171594,0.034460,-0.078122,0.488400,0.202381,0.177912,0.136721,0.586387,0.584026,0.322222,0.475782,0.574400,0.303884,0.722708,0.446251,0.612646,0.413809,0.310160,0.219021,0.230873,0.224253,0.700270,0.350682,0.425768,0.299605,0.435336,0.196179,0.433784,0.287452
0.478320,0.595540,0.388426,0.709899,0.214155,0.265539,0.324342,0.701816,0.211693,0.294611,0.355264,0.151124,0.126456,0.192244,0.504736,0.486276,0.407834,0.337960,1.056899,0.000000,0.322313,0.276912,0.547489,0.544169,0.111431,0.338154,0.172067,0.133416,0.713983,0.468437,0.485957,0.595129,0.546731,0.752377,0.253238,0.477484,0.430765,0.501439,0.165208,0.379850,0.299773,0.384331,0.323636,0.411763,0.351690,0.341760,0.276582,0.557380,0.114944,0.137042,0.093220,0.123212,0.193220,0.194296,0.281315,0.275774,0.587930,0.459925,-0.005313,0.026040,0.064956,0.206691,0.161499,0.155430,0.163068,0.118306,0.248661,0.375387,0.429187,0.640416,0.237592,0.343722,0.462160,0.325568,0.526519,0.382420,0.446302,0.360867,0.515482,0.255009,0.529757,0.514850,0.728820,0.477239,0.701946,0.652224,0.458083,0.398604,0.484201,0.528348
0.175669,0.242075,0.041942,0.073025,0.149876,0.118279,0.010059,0.161125,0.142575,0.132202,0.125525,0.248866,0.020901,0.219473,0.166241,0.433717,0.253868,0.286518,0.217697,0.322313,0.000000,0.361353,0.139234,0.056936,0.313006,0.191019,0.219094,0.211981,0.367199,0.425043,0.307173,0.233559,0.162852,0.318988,0.201543,0.345354,0.257806,0.644765,0.254627,0.352912,0.137752,0.227204,0.108619,0.211818,0.056633,0.130114,0.145677,0.134297,0.095643,0.061543,0.118653,0.187008,0.270728,0.159766,0.262822,-0.006664,0.296064,0.210881,0.097685,0.081824,0.119133,0.098042,0.122444,0.143618,0.031818,0.028083,0.123093,0.209733,-0.128391,0.005692,0.591374,0.493690,0.367506,0.474679,0.561429,0.406422,0.342664,0.488139,0.338857,-0.047338,0.144976,0.252255,0.103793,0.043438,0.266199,0.052285,0.377549,-0.016965,0.268221,0.173944
0.129114,0.301597,0.198611,0.317346,0.392565,0.233832,0.100084,0.195885,0.231971,0.167949,-0.075092,-0.117254,0.027370,-0.044204,0.282248,0.264161,0.072742,0.300871,0.292240,0.276912,0.361353,0.000000,0.348543,0.281484,0.268265,0.152956,0.334650,0.364609,0.259757,0.245508,0.228702,0.482214,0.317505,0.282375,0.344276,0.458189,0.223808,0.357098,0.007354,0.108213,0.314128,0.096773,-0.134584,-0.105539,0.018803,-0.064048,-0.139133,0.006912,-0.156982,-0.169955,-0.165605,-0.127420,0.016270,0.048645,-0.031206,0.095973,0.535328,0.391266,-0.073707,-0.086557,-0.033944,0.056712,-0.070265,0.025088,0.266489,0.179429,0.082262,0.167514,0.382233,0.378054,0.328968,0.295360,0.385686,0.462144,0.346306,0.333095,0.216682,0.074480,0.427152,0.170613,0.201754,0.292478,0.214013,0.032391,0.360422,0.130041,0.225809,0.004954,0.254413,0.167627
0.179135,0.103474,0.923133,0.737860,0.516626,0.339806,0.732246,0.523222,0.384114,0.511587,0.217570,-0.090741,0.159507,-0.084047,0.739788,0.311558,0.028013,0.191303,0.836331,0.547489,0.139234,0.348543,0.000000,1.152437,0.559367,0.544243,0.439295,0.307134,0.233175,0.006851,0.861464,0.944592,0.384538,0.495765,0.728761,0.528642,0.443904,0.193493,0.192110,0.233168,0.338397,0.062424,0.137050,0.015859,0.033803,-0.090075,-0.110334,0.164895,-0.325158,-0.323571,-0.284348,-0.250044,-0.166151,-0.026886,-0.089987,-0.008679,0.256466,0.088681,-0.371693,-0.432616,-0.152684,0.001042,-0.242760,-0.301276,0.925077,0.525558,0.199278,0.156760,0.563865,0.569883,0.378942,0.404695,0.426733,0.242617,0.436169,0.241323,0.398693,0.283530,0.296691,0.241348,0.084398,0.159395,0.453845,0.268051,0.418263,0.317798,0.355087,0.212367,0.292416,0.172215
0.173792,0.287099,0.603775,1.104974,0.152128,0.408013,0.487558,0.663886,0.122478,0.512226,0.153223,-0.041675,0.106844,0.029938,0.506993,0.272919,-0.080788,0.031680,0.650074,0.544169,0.056936,0.281484,1.152437,0.000000,0.447249,0.687378,0.312583,0.346037,0.070908,-0.073784,0.547507,0.778637,0.379746,0.552247,0.743376,0.592495,0.332703,0.282873,0.150095,0.294475,0.209240,0.146633,0.280055,0.155025,0.140375,0.027607,-0.016586,0.275071,-0.137952,-0.093563,-0.010816,0.023262,-0.013419,0.091282,0.076231,0.104343,0.187999,0.107700,-0.332125,-0.269756,-0.258157,-0.008741,-0.250731,-0.284952,0.537084,0.486205,0.286358,0.372790,0.678063,0.707733,0.298053,0.304080,0.184498,0.189726,0.256720,0.290232,0.428531,0.318507,0.225786,0.187710,0.065391,0.096917,0.434211,0.190014,0.493657,0.496934,0.324705,0.322185,0.325765,0.445911
0.197625,-0.016711,0.415778,0.340631,0.350907,0.327302,0.343942,0.188271,0.298997,0.484272,0.207251,0.245661,0.270094,0.169267,0.418095,0.411656,-0.035504,0.175285,0.341155,0.111431,0.313006,0.268265,0.559367,0.447249,0.000000,0.816383,1.001225,0.664346,-0.018577,0.130274,0.537227,0.440433,0.095874,0.108052,0.668526,0.339929,0.309886,0.126670,0.075917,0.102548,0.023010,-0.107007,0.131092,0.015825,0.066549,-0.074830,-0.048689,0.082995,-0.029704,-0.146853,-0.053844,-0.024355,-0.111237,-0.059091,-0.010963,-0.163215,0.119207,-0.010938,-0.088075,-0.088863,-0.031565,0.019953,-0.285437,-0.319115,0.547003,0.545418,0.324015,0.323982,0.227567,0.313198,0.720355,0.347852,0.303996,0.195472,0.384183,0.335022,0.338309,0.302123,0.054164,0.452672,-0.419695,0.067696,-0.078664,0.250585,-0.051560,0.070652,-0.046897,-0.125236,-0.002828,-0.063585
0.208716,0.302852,0.411481,0.593565,0.222509,0.780479,0.411190,0.437281,0.369706,0.627244,0.243757,0.211454,0.115824,0.126643,0.312769,0.303101,-0.071688,0.123501,0.398536,0.338154,0.191019,0.152956,0.544243,0.687378,0.816383,0.000000,0.614922,0.750756,-0.106278,0.011659,0.588417,0.531986,0.310148,0.365867,0.554341,0.520579,0.145669,0.146955,-0.057817,0.143468,-0.057135,0.102581,0.303688,0.216050,0.357102,0.356186,0.097096,0.233185,0.205806,0.177461,0.098199,0.167038,0.053369,0.146820,0.089022,0.007743,0.129917,0.140276,0.057015,0.058847,0.053537,0.178939,-0.103347,-0.124681,0.389035,0.595209,0.517015,0.520226,0.318795,0.503484,0.504399,0.333634,0.172914,0.240260,0.283006,0.356584,0.343856,0.414290,-0.043353,0.282173,-0.107222,0.037836,0.089853,0.250844,0.283317,0.393682,0.021080,0.046161,0.195712,0.274138
0.160068,0.049521,0.357082,0.338676,0.483845,0.308083,0.290964,0.190794,0.313217,0.376032,0.165524,0.116479,0.119967,0.013904,0.463062,0.408309,0.114857,0.434616,0.352969,0.172067,0.219094,0.334650,0.439295,0.312583,1.001225,0.614922,0.000000,0.981092,0.167254,0.331809,0.585836,0.434961,0.098061,0.092139,0.317607,0.095904,0.177684,0.079987,0.035639,0.005129,-0.007577,0.009103,0.042000,0.016910,0.175905,0.051567,0.002552,0.075816,-0.024731,-0.074539,-0.166321,-0.093100,-0.143954,-0.074646,-0.091293,-0.110663,0.278306,0.162732,-0.027735,-0.052813,-0.011116,0.039514,-0.114718,-0.169416,0.456178,0.454032,0.172521,0.212917,0.306786,0.396043,0.442194,0.212519,0.297312,0.183580,0.289858,0.261440,0.046545,-0.014265,0.155731,0.704703,-0.104502,0.395305,0.123166,0.594839,-0.004165,0.241089,-0.022356,0.058350,-0.071056,-0.140278
0.088115,0.239227,0.340043,0.376074,0.362806,0.735178,0.290301,0.345844,0.396177,0.485558,0.084666,0.068597,0.083572,0.101558,0.321984,0.285761,0.039015,0.246209,0.282508,0.133416,0.211981,0.364609,0.307134,0.346037,0.664346,0.750756,0.981092,0.000000,-0.005950,0.171551,0.463373,0.423431,0.299284,0.287447,0.238019,0.254694,0.050662,0.141578,-0.116178,-0.041072,0.037200,0.119175,0.137826,0.090456,0.302886,0.222354,0.037401,0.087023,0.158987,0.156398,-0.019330,0.088762,-0.030100,0.049402,0.058052,0.025045,0.240976,0.320901,0.158469,0.161999,0.012843,0.162777,-0.082399,0.007772,0.239839,0.354984,0.304012,0.334817,0.303453,0.432686,0.380029,0.210115,0.304076,0.355552,0.296433,0.471494,0.119787,0.131032,-0.020682,0.293124,-0.047765,0.151373,0.117082,0.236084,0.152708,0.207679,-0.017889,-0.078497,0.040614,0.037229
0.203959,0.232884,0.088109,0.134229,0.182033,-0.069348,0.067305,0.249238,0.025690,-0.050262,0.397178,0.093577,0.096394,0.084148,0.485305,0.544914,0.691473,0.431179,0.506722,0.713983,0.367199,0.259757,0.233175,0.070908,-0.018577,-0.106278,0.167254,-0.005950,0.000000,0.887595,0.337122,0.355113,0.273634,0.352224,-0.038902,0.151807,0.326415,0.471268,0.317479,0.231122,0.388115,0.473730,0.056421,0.176315,0.100443,0.090591,0.081138,0.265214,-0.055051,-0.062818,-0.155570,-0.100295,0.136460,0.125486,0.133013,0.099570,0.571876,0.251575,-0.159018,-0.164166,-0.021137,-0.023984,0.188295,0.169330,0.030170,-0.164930,-0.169554,-0.060306,0.017740,0.098089,0.102321,0.221696,0.460552,0.265579,0.481843,0.263754,0.110652,0.057122,0.823865,0.361862,0.682514,0.854740,0.883235,0.676802,0.467533,0.419994,0.576873,0.423078,0.217758,0.083155
0.111651,0.222418,-0.095175,0.037244,0.057430,-0.050830,-0.077710,0.136858,0.009010,-0.110426,0.264869,0.242929,0.017398,0.088729,0.296056,0.860745,0.623054,0.678118,0.242615,0.468437,0.425043,0.245508,0.006851,-0.073784,0.130274,0.011659,0.331809,0.171551,0.887595,0.000000,0.215274,0.204181,0.142596,0.154570,-0.135707,0.012698,0.103692,0.269197,0.029372,-0.039168,0.080323,0.331982,-0.044945,0.128324,0.180803,0.209611,0.056790,0.185098,0.080198,0.067880,-0.124146,-0.021820,0.144168,0.089120,-0.008324,-0.083939,0.511364,0.237659,-0.015607,-0.026088,0.088506,0.011009,0.348396,0.280195,-0.126290,-0.167781,-0.152531,-0.013190,-0.074992,0.057228,0.237905,0.178861,0.351068,0.345410,0.282761,0.296892,-0.034819,-0.040589,0.495463,0.506983,0.339254,0.980580,0.378662,0.844459,0.178396,0.353559,0.075724,0.087255,-0.139776,-0.030773
-0.012031,0.097591,0.411889,0.393874,0.533418,0.288368,0.369330,0.366304,0.320655,0.258821,0.153711,-0.022616,-0.063721,-0.134752,0.451984,0.402587,0.111364,0.379416,0.560614,0.485957,0.307173,0.228702,0.861464,0.547507,0.537227,0.588417,0.585836,0.463373,0.337122,0.215274,0.000000,1.143473,0.461547,0.500036,0.428267,0.386361,0.216026,0.201049,0.120875,0.185127,0.228334,0.198407,0.173393,0.088780,0.156781,0.051315,-0.040574,0.096639,-0.161242,-0.217085,-0.351485,-0.250066,-0.108232,-0.000459,-0.040066,-0.041065,0.333515,0.180267,-0.285385,-0.327409,-0.118419,-0.005216,-0.136506,-0.083854,0.506598,0.374691,0.120861,0.139838,0.185905,0.326784,0.494085,0.499704,0.440046,0.358542,0.436461,0.323298,0.211593,0.270324,0.196331,0.151386,0.187438,0.212136,0.407042,0.345480,0.360887,0.242086,0.344729,0.093702,0.247146,0.034836
0.023570,0.245417,0.391497,0.686877,0.507756,0.320537,0.319709,0.501812,0.216796,0.233562,0.068907,-0.049528,-0.090108,-0.125686,0.390636,0.424950,0.026739,0.392300,0.579697,0.595129,0.233559,0.482214,0.944592,0.778637,0.440433,0.531986,0.434961,0.423431,0.355113,0.204181,1.143473,0.000000,0.559709,0.603543,0.612004,0.633483,0.197475,0.331938,0.030164,0.184495,0.286730,0.198364,0.129557,0.075132,0.154239,0.039971,-0.082451,0.155795,-0.180169,-0.203960,-0.285074,-0.180943,-0.002415,0.137408,-0.022020,0.075037,0.426916,0.279638,-0.292922,-0.256263,-0.177521,0.034620,-0.210052,-0.060595,0.480005,0.432962,0.183231,0.315317,0.315992,0.511001,0.367090,0.339328,0.415393,0.360408,0.389615,0.334224,0.249625,0.186461,0.319596,0.201591,0.198702,0.266077,0.477387,0.274301,0.541675,0.363706,0.400109,0.135633,0.331768,0.204686
0.178919,0.555758,0.389639,0.491808,0.186382,0.441630,0.354586,0.682565,0.342873,0.249893,0.166100,0.156065,0.109407,0.193717,0.254751,0.280586,0.194418,0.171735,0.453064,0.546731,0.162852,0.317505,0.384538,0.379746,0.095874,0.310148,0.098061,0.299284,0.273634,0.142596,0.461547,0.559709,0.000000,1.150279,0.324274,0.561049,0.306733,0.363548,-0.075559,0.275800,0.444754,0.209779,0.417535,0.424948,0.337896,0.391862,0.293894,0.541840,0.241726,0.257739,0.211910,0.199312,0.316731,0.318868,0.420678,0.443972,0.368379,0.563460,0.303574,0.271554,0.314015,0.452480,0.294571,0.534677,0.157614,0.160411,0.620267,0.529751,0.343096,0.538500,0.166576,0.129237,0.564675,0.542542,0.460521,0.445538,0.590545,0.449728,0.142844,-0.065457,0.398898,0.174083,0.443807,0.040290,0.695339,0.378127,0.439522,0.162429,0.704619,0.497595
0.188390,0.510127,0.440686,0.708178,0.103912,0.464933,0.384769,0.888199,0.282392,0.361825,0.174010,0.098166,0.053857,0.194692,0.283956,0.267493,0.249559,0.065405,0.554830,0.752377,0.318988,0.282375,0.495765,0.552247,0.108052,0.365867,0.092139,0.287447,0.352224,0.154570,0.500036,0.603543,1.150279,0.000000,0.397692,0.651653,0.287769,0.491828,0.155695,0.378803,0.404762,0.243305,0.378341,0.381717,0.292247,0.352894,0.268518,0.453875,0.116438,0.187897,0.175064,0.209103,0.246217,0.214702,0.407346,0.377768,0.339867,0.535974,0.170560,0.172166,0.134721,0.427405,0.146039,0.332476,0.199441,0.289320,0.566677,0.616209,0.422088,0.625497,0.216723,0.245962,0.551875,0.496151,0.536374,0.456658,0.618921,0.566703,0.302933,-0.058293,0.477630,0.206327,0.470415,0.085661,0.879548,0.500836,0.529536,0.274151,0.757864,0.658726
0.232899,0.072895,0.398717,0.567410,0.133248,0.242001,0.354760,0.295972,0.135217,0.448060,0.170630,0.171448,0.205151,0.108539,0.320165,0.232955,-0.163919,-0.012078,0.335483,0.253238,0.201543,0.344276,0.728761,0.743376,0.668526,0.554341,0.317607,0.238019,-0.038902,-0.135707,0.428267,0.612004,0.324274,0.397692,0.000000,0.955825,0.307287,0.277290,0.131492,0.300863,0.147902,0.011110,0.224047,0.150321,0.061795,-0.035877,0.007337,0.219715,-0.097712,-0.187228,0.000709,0.017227,-0.019125,0.040708,0.099823,0.036682,0.126303,0.124306,-0.069321,-0.050524,0.028030,0.176680,-0.269112,-0.190422,0.740862,0.800810,0.611694,0.630220,0.333906,0.502694,0.394535,0.269231,0.265115,0.206840,0.358653,0.296968,0.564419,0.461565,0.103556,0.168114,-0.208138,-0.016289,0.049155,0.011251,0.277580,0.273937,0.207126,0.035542,0.381932,0.311054
0.284378,0.241911,0.275921,0.548448,0.079524,0.394739,0.269308,0.406496,0.164385,0.401749,0.222759,0.150301,0.147287,0.175590,0.267788,0.324063,-0.062287,0.055689,0.437748,0.477484,0.345354,0.458189,0.528642,0.592495,0.339929,0.520579,0.095904,0.254694,0.151807,0.012698,0.386361,0.633483,0.561049,0.651653,0.955825,0.000000,0.296964,0.456425,-0.018042,0.286135,0.169667,0.170747,0.268850,0.253968,0.173151,0.183596,0.125175,0.345190,0.052273,0.011148,0.049595,0.101262,0.177424,0.170979,0.208981,0.118114,0.283003,0.283039,0.037548,0.044462,0.087050,0.266252,-0.063097,0.021358,0.402223,0.476663,0.551340,0.601624,0.284122,0.518618,0.410770,0.318116,0.427162,0.411531,0.521213,0.420709,0.643939,0.568735,0.183555,0.036768,0.033245,0.028234,0.229705,-0.005804,0.531072,0.319121,0.302841,-0.002587,0.557470,0.471432
0.569369,0.102111,0.461755,0.219930,0.177100,0.083311,0.351728,0.263297,0.244381,0.364561,0.423906,0.229422,0.513721,0.411261,0.586491,0.296305,0.233807,0.121318,0.578585,0.430765,0.257806,0.223808,0.443904,0.332703,0.309886,0.145669,0.177684,0.050662,0.326415,0.103692,0.216026,0.197475,0.306733,0.287769,0.307287,0.296964,0.000000,0.416045,0.398974,0.522904,0.446096,0.196109,0.277674,0.176024,-0.048507,-0.077853,0.143874,0.367743,-0.005336,-0.053492,0.153523,0.099560,0.148271,0.103420,0.287530,0.200192,0.316923,0.035092,-0.018902,-0.075343,0.135798,0.060490,0.082919,-0.081509,0.310475,0.065377,0.220956,0.082146,0.390104,0.264754,0.345554,0.433959,0.552800,0.199270,0.549510,0.272570,0.536747,0.475915,0.274666,0.273981,0.067806,0.069547,0.341547,0.123033,0.159447,0.104777,0.307390,0.127055,0.394342,0.118930
0.195074,0.479130,-0.000217,0.237602,0.044339,0.092076,-0.039719,0.285558,-0.005856,0.108993,0.136499,0.132922,0.019484,0.252000,0.233380,0.275042,0.118707,0.101449,0.268283,0.501439,0.644765,0.357098,0.193493,0.282873,0.126670,0.146955,0.079987,0.141578,0.471268,0.269197,0.201049,0.331938,0.363548,0.491828,0.277290,0.456425,0.416045,0.000000,0.294775,0.821532,0.354809,0.491167,0.262841,0.371630,0.144441,0.179356,0.235544,0.389820,0.145268,0.132265,0.299689,0.290519,0.338090,0.249019,0.482892,0.440573,0.281360,0.306107,0.084646,0.123780,-0.013401,0.027865,-0.024647,0.094166,-0.003467,-0.064757,0.220251,0.368043,0.107533,0.207387,0.346126,0.383737,0.374801,0.494775,0.460262,0.389448,0.419531,0.492986,0.469676,0.073540,0.305219,0.285867,0.393223,0.075522,0.531444,0.381318,0.630606,0.359742,0.544621,0.392892
0.084484,-0.138963,0.138910,0.044788,-0.025620,-0.160116,-0.020888,-0.045122,-0.018915,0.158868,0.062911,-0.138139,0.038268,-0.036037,0.178239,-0.029718,0.189118,-0.143824,0.162458,0.165208,0.254627,0.007354,0.192110,0.150095,0.075917,-0.057817,0.035639,-0.116178,0.317479,0.029372,0.120875,0.030164,-0.075559,0.155695,0.131492,-0.018042,0.398974,0.294775,0.000000,0.566863,0.462597,0.189376,-0.021295,-0.019391,-0.150524,-0.268179,-0.090900,-0.100501,-0.250444,-0.329384,-0.095343,-0.142110,-0.146269,-0.219765,0.089153,0.044986,0.096622,-0.063397,-0.216089,-0.275555,-0.176595,-0.154846,-0.192373,-0.347699,0.169970,0.018677,-0.103441,-0.115364,0.100200,0.049930,0.089863,0.339719,0.056817,-0.057290,0.167667,-0.019860,0.132765,0.172834,0.386708,0.095759,0.175217,0.118914,0.272360,0.088743,0.135871,0.137891,0.464437,0.446928,0.193060,0.072718
0.226029,0.359610,0.057245,0.197657,-0.025617,-0.073956,-0.071468,0.198154,-0.021486,0.111810,0.066374,0.113133,-0.010383,0.142888,0.105979,0.014888,0.101697,-0.060177,0.179347,0.379850,0.352912,0.108213,0.233168,0.294475,0.102548,0.143468,0.005129,-0.041072,0.231122,-0.039168,0.185127,0.184495,0.275800,0.378803,0.300863,0.286135,0.522904,0.821532,0.566863,0.000000,0.338413,0.299012,0.245769,0.217896,0.088525,0.071340,0.256389,0.318231,0.087170,0.026660,0.263522,0.194707,0.152379,0.030930,0.431283,0.389782,0.223209,0.261690,0.047946,0.060399,0.018194,0.093649,-0.016815,-0.021546,0.106916,0.100896,0.239292,0.301157,0.277161,0.312961,0.281940,0.378020,0.225684,0.274768,0.302295,0.151852,0.312516,0.460439,0.320022,0.145198,0.224352,0.130147,0.218205,0.044393,0.429267,0.425454,0.574724,0.561637,0.620851,0.414576
0.180491,0.221133,0.311733,0.157508,0.162900,0.105307,0.211000,0.236344,0.146924,0.202914,0.194643,-0.018557,0.234249,0.128895,0.401029,0.099092,0.146607,0.015619,0.333240,0.299773,0.137752,0.314128,0.338397,0.209240,0.023010,-0.057135,-0.007577,0.037200,0.388115,0.080323,0.228334,0.286730,0.444754,0.404762,0.147902,0.169667,0.446096,0.354809,0.462597,0.338413,0.000000,0.246583,0.072718,0.032524,-0.079835,-0.138675,-0.039276,0.142550,-0.132298,-0.109704,-0.025116,-0.069808,0.065054,0.016502,0.237170,0.270253,0.241063,0.220204,-0.031993,-0.063240,0.006930,0.031841,-0.025247,0.074541,0.210657,-0.040198,0.091580,0.008087,0.234812,0.201772,0.020407,0.214202,0.446500,0.404673,0.397174,0.264527,0.321956,0.227252,0.281748,-0.039347,0.279529,0.090480,0.451354,-0.052083,0.299487,0.048808,0.517057,0.168241,0.369679,0.135467
0.095801,0.290388,-0.025396,0.079987,-0.164466,0.018103,0.000355,0.145027,-0.179856,-0.036335,0.209519,0.092589,0.033949,0.124392,0.278119,0.287175,0.136934,0.141006,0.201688,0.384331,0.227204,0.096773,0.062424,0.146633,-0.107007,0.102581,0.009103,0.119175,0.473730,0.331982,0.198407,0.198364,0.209779,0.243305,0.011110,0.170747,0.196109,0.491167,0.189376,0.299012,0.246583,0.000000,0.164158,0.301850,0.300987,0.339723,0.276334,0.310094,0.185617,0.188465,0.086614,0.114258,0.167743,0.141780,0.256585,0.192301,0.199482,0.171799,0.057519,0.036857,-0.027697,-0.073150,0.059687,0.156786,-0.124316,-0.202755,0.037846,0.074969,0.046185,0.084172,0.049257,0.346070,0.121342,0.369617,0.139087,0.242819,0.035738,0.200188,0.299696,0.153132,0.378302,0.379093,0.493012,0.324455,0.363578,0.412507,0.335453,0.390935,0.186822,0.301353
0.368857,0.432524,0.287787,0.332055,-0.024501,0.305621,0.354110,0.521298,0.087615,0.254728,0.281955,0.272364,0.285202,0.417721,0.176978,0.114060,0.066547,0.004795,0.310510,0.323636,0.108619,-0.134584,0.137050,0.280055,0.131092,0.303688,0.042000,0.137826,0.056421,-0.044945,0.173393,0.129557,0.417535,0.378341,0.224047,0.268850,0.277674,0.262841,-0.021295,0.245769,0.072718,0.164158,0.000000,1.213912,0.659555,0.606309,1.037399,1.129188,0.836343,0.718085,0.748489,0.635940,0.514607,0.511803,0.711107,0.624656,0.093906,0.168678,0.365593,0.364929,0.242102,0.201713,0.150688,0.265746,-0.060600,-0.015402,0.645455,0.473420,0.159953,0.242274,0.004854,0.090036,0.106343,0.165113,0.242671,0.405331,0.549772,0.535890,-0.114794,-0.129659,0.099001,-0.038807,0.251110,-0.039292,0.275295,0.192405,0.328785,0.178153,0.407080,0.321433
0.314753,0.501643,0.147890,0.289225,-0.122679,0.281521,0.209202,0.433952,0.037259,0.160409,0.208800,0.259480,0.204080,0.380478,0.139480,0.180613,0.061413,0.017225,0.255345,0.411763,0.211818,-0.105539,0.015859,0.155025,0.015825,0.216050,0.016910,0.090456,0.176315,0.128324,0.088780,0.075132,0.424948,0.381717,0.150321,0.253968,0.176024,0.371630,-0.019391,0.217896,0.032524,0.301850,1.213912,0.000000,0.778099,0.877272,0.968901,1.296549,0.876277,0.836955,0.750912,0.696175,0.552752,0.546833,0.672570,0.612663,0.111178,0.224324,0.469030,0.470144,0.275513,0.178815,0.205657,0.337737,-0.170185,-0.098361,0.608451,0.547076,0.059905,0.223460,-0.113086,0.043316,0.089078,0.155651,0.183035,0.351108,0.421830,0.448283,0.023017,-0.072499,0.183894,0.129419,0.302307,0.075095,0.321627,0.302617,0.332573,0.225418,0.347974,0.378434
0.088251,0.530521,0.099051,0.449471,-0.026616,0.334143,0.116450,0.478421,0.053067,0.067264,-0.048604,0.026373,-0.123922,0.009231,0.025678,0.141889,0.066056,0.119401,0.118268,0.351690,0.056633,0.018803,0.033803,0.140375,0.066549,0.357102,0.175905,0.302886,0.100443,0.180803,0.156781,0.154239,0.337896,0.292247,0.061795,0.173151,-0.048507,0.144441,-0.150524,0.088525,-0.079835,0.300987,0.659555,0.778099,0.000000,1.169483,0.736200,0.647326,0.837267,0.686817,0.435261,0.418577,0.272839,0.273117,0.394297,0.388621,0.212094,0.362639,0.492751,0.431137,0.173072,0.184503,0.126947,0.328706,-0.147012,0.033617,0.585769,0.559367,0.137862,0.400119,-0.101820,0.013201,-0.070662,0.106900,-0.041975,0.204013,0.029434,0.082898,0.033397,0.163507,0.220442,0.352584,0.228394,0.285825,0.362498,0.562985,0.109028,0.361565,0.122861,0.358265
0.149312,0.663573,0.029977,0.282949,-0.181411,0.372553,0.096359,0.379529,0.039223,0.011059,0.060256,0.152097,-0.087295,0.101584,-0.027705,0.125369,0.097394,0.122138,0.084176,0.341760,0.130114,-0.064048,-0.090075,0.027607,-0.074830,0.356186,0.051567,0.222354,0.090591,0.209611,0.051315,0.039971,0.391862,0.352894,-0.035877,0.183596,-0.077853,0.179356,-0.268179,0.071340,-0.138675,0.339723,0.606309,0.877272,1.169483,0.000000,0.733175,0.771856,0.930070,1.021743,0.532758,0.574544,0.464193,0.456886,0.453587,0.441045,0.195970,0.402929,0.585071,0.544374,0.291367,0.290606,0.288859,0.493766,-0.246070,-0.049421,0.537367,0.560017,0.019722,0.268037,-0.118097,-0.029818,0.025559,0.173923,-0.006996,0.209082,0.077681,0.194618,-0.020215,0.060372,0.301732,0.297375,0.170852,0.252137,0.441805,0.576881,0.070507,0.249539,0.206976,0.472488
0.337639,0.420910,0.092305,0.208708,-0.107964,0.085949,0.119504,0.381407,-0.044382,0.068547,0.120623,0.310063,0.142078,0.374008,0.008136,0.026918,0.113091,0.053625,0.137764,0.276582,0.145677,-0.139133,-0.110334,-0.016586,-0.048689,0.097096,0.002552,0.037401,0.081138,0.056790,-0.040574,-0.082451,0.293894,0.268518,0.007337,0.125175,0.143874,0.235544,-0.090900,0.256389,-0.039276,0.276334,1.037399,0.968901,0.736200,0.733175,0.000000,0.993242,1.019006,0.877512,0.786289,0.694617,0.523249,0.404493,0.723604,0.592542,0.109758,0.301364,0.689616,0.624481,0.371826,0.298040,0.304541,0.456272,-0.291412,-0.127438,0.587902,0.485820,0.110334,0.230347,-0.135243,-0.027379,0.086146,0.254945,0.085197,0.334103,0.298889,0.363872,-0.018315,-0.042065,0.198144,0.112831,0.115057,0.053330,0.225923,0.242852,0.176119,0.241177,0.311333,0.393665
0.457765,0.574150,0.263672,0.421793,-0.094424,0.236047,0.324667,0.585088,0.054030,0.198569,0.341751,0.334003,0.318260,0.448127,0.286230,0.300370,0.149727,0.110116,0.390564,0.557380,0.134297,0.006912,0.164895,0.275071,0.082995,0.233185,0.075816,0.087023,0.265214,0.185098,0.096639,0.155795,0.541840,0.453875,0.219715,0.345190,0.367743,0.389820,-0.100501,0.318231,0.142550,0.310094,1.129188,1.296549,0.647326,0.771856,0.993242,0.000000,0.747772,0.768230,0.683701,0.596924,0.588004,0.532604,0.688810,0.724548,0.242280,0.313447,0.425617,0.424883,0.334086,0.293769,0.265944,0.378914,-0.034153,-0.032796,0.629950,0.576495,0.248890,0.386913,-0.034698,0.001464,0.250595,0.224269,0.279214,0.368330,0.550172,0.464994,0.082710,0.133936,0.200870,0.243436,0.385117,0.207915,0.402229,0.423763,0.314703,0.297144,0.433994,0.478726
