0.000000,1.176382,0.888593,0.708468,0.534373,0.744792,0.901322,0.645679,0.533980,0.794227,0.209548,0.717228,0.215333,0.524645,0.575788,0.647181,0.062817,0.180294,1.084687,0.830671,-0.039322,0.234218,0.726824,0.736179,0.181684,0.250311,0.199718,0.268730,-0.150619,0.167440,0.416831,0.301713,0.781631,0.776495,0.219094,0.258718,-0.024143,0.082012,0.186940,0.044990,0.024299,0.155728,0.533188,0.289264,0.245748,0.350956,0.468749,0.201526,0.340337,0.257623,0.180422,0.207038,0.421682,0.337943,0.441950,0.555681,1.121860,0.987894,0.958985,0.784060,0.704223,0.428775,0.542231,0.643660,0.003268,0.070888,0.600498,0.483226,0.903598,0.362566,0.385182,0.333195,0.687961,0.723538,0.517409,0.604895,0.519785,0.573164,-0.163848,0.110867,0.495384,0.091126,0.454715,0.275294,0.292543,0.314688,0.286154,0.346558,0.616828,0.936411
1.176382,0.000000,0.854978,0.886152,0.391711,0.732533,0.745858,0.722051,0.363245,0.681050,0.237331,0.882742,0.145374,0.412521,0.449798,0.448363,0.121017,0.258218,0.955336,0.970958,0.134925,0.305307,0.598815,0.683630,0.243310,0.358164,0.288392,0.384091,-0.054018,0.258582,0.384581,0.330521,0.641088,0.717107,0.153923,0.220311,0.067651,0.134982,0.032972,0.091470,0.085226,0.306007,0.556658,0.335431,0.319293,0.377664,0.441453,0.218823,0.287475,0.281164,0.227927,0.225758,0.341649,0.354741,0.327304,0.461383,0.870491,1.005975,0.761973,0.953763,0.469891,0.541944,0.462336,0.649277,-0.054046,0.135282,0.534890,0.485127,0.749196,0.470002,0.254875,0.217408,0.564798,0.629487,0.475875,0.484167,0.464614,0.556314,-0.166141,0.117215,0.494991,0.178985,0.382153,0.261989,0.149070,0.350621,0.301493,0.257432,0.512175,0.959718
0.888593,0.854978,0.000000,0.987255,0.776414,0.584755,1.313415,0.585294,0.719347,0.653891,0.030054,0.403068,0.101637,0.233774,0.491465,0.387061,-0.111067,0.013917,0.939707,0.589789,0.090021,0.172418,1.168402,0.684859,0.436395,0.261944,0.234720,0.245408,-0.299613,-0.028145,0.501677,0.312214,0.553645,0.460772,0.214501,0.265177,-0.169050,-0.105472,0.056053,-0.052920,0.068838,0.115865,0.260488,0.024908,0.204851,0.121243,0.163525,-0.037384,0.156294,0.144395,0.139332,0.131777,0.235518,0.157038,0.265484,0.279302,0.502843,0.641944,0.891462,0.663712,0.584983,0.395637,0.254506,0.306278,0.213800,0.261262,0.646083,0.443878,0.549890,0.317055,0.235108,0.134300,0.516062,0.453684,0.417876,0.294956,0.297966,0.418429,-0.215656,-0.003629,0.231745,0.005863,0.310654,0.047302,0.144665,0.189686,0.243862,0.237779,0.485600,0.723817
0.708468,0.886152,0.987255,0.000000,0.557966,0.865536,1.040133,1.188916,0.416171,0.741015,0.071265,0.563600,0.075062,0.378333,0.284528,0.439765,-0.024683,0.053966,0.704622,0.664503,0.203996,0.391775,0.746761,1.279828,0.409668,0.552724,0.316790,0.442475,-0.129651,0.102429,0.584376,0.610921,0.546762,0.648441,0.266562,0.384279,-0.130732,0.007962,0.006275,0.057783,0.047338,0.174771,0.336169,0.116865,0.330390,0.265807,0.181805,0.043553,0.153769,0.102817,0.131559,0.066955,0.128180,0.087678,0.218909,0.282890,0.489012,0.582923,0.601458,0.855573,0.434116,0.687670,0.226790,0.292614,0.213907,0.531925,0.688659,0.784261,0.514265,0.398736,0.269114,0.202425,0.430730,0.428822,0.355229,0.292419,0.332958,0.432598,-0.184876,0.049703,0.310968,0.089757,0.258250,0.105341,0.166198,0.337318,0.282238,0.256119,0.446290,0.766475
0.534373,0.391711,0.776414,0.557966,0.000000,0.697158,0.720752,0.515001,0.955131,0.684465,0.002805,0.224155,0.278676,0.333219,0.597256,0.608437,-0.013143,0.122922,0.493359,0.282675,0.088159,0.280183,0.746670,0.484446,0.232205,0.237605,0.207094,0.272834,-0.038838,0.166770,0.385213,0.237083,0.435984,0.366581,0.331711,0.339337,-0.010219,0.140221,0.117507,0.161770,0.057142,0.152111,0.368784,0.111965,0.300177,0.186217,0.245645,0.127006,0.279550,0.201188,0.227489,0.237437,0.292427,0.249942,0.421151,0.368872,0.344745,0.419905,0.623405,0.477464,0.472370,0.349905,0.296921,0.294276,0.286870,0.314740,0.530643,0.418429,0.354940,0.122987,0.156932,0.033607,0.442197,0.499969,0.452777,0.263676,0.297232,0.346728,0.058304,0.222004,0.286302,0.087650,0.443917,0.231100,0.373893,0.200087,0.315983,0.274820,0.414247,0.467716
0.744792,0.732533,0.584755,0.865536,0.697158,0.000000,0.666995,0.823934,0.450229,0.896886,0.098994,0.645502,0.205888,0.433036,0.512223,0.573929,0.108695,0.325900,0.550938,0.484205,0.233274,0.565200,0.596215,0.945725,0.384740,0.733694,0.494515,0.699822,0.089013,0.402687,0.407727,0.350710,0.586387,0.665675,0.375213,0.563376,0.150341,0.310147,0.174505,0.253265,0.164572,0.358973,0.669429,0.439646,0.475031,0.459420,0.512314,0.288992,0.443976,0.263527,0.327406,0.265471,0.368995,0.357442,0.406338,0.507803,0.663078,0.693234,0.533949,0.684231,0.352475,0.537651,0.357737,0.549125,0.169032,0.405631,0.552021,0.696315,0.496302,0.341203,0.236133,0.170581,0.664768,0.775603,0.592632,0.498913,0.560722,0.614793,-0.065598,0.250182,0.570556,0.256703,0.490093,0.376463,0.405637,0.475086,0.373563,0.386343,0.566639,0.776366
0.901322,0.745858,1.313415,1.040133,0.720752,0.666995,0.000000,0.901766,0.603900,0.566261,0.065011,0.358360,0.144044,0.234344,0.288699,0.467655,-0.202314,-0.131194,0.762155,0.508243,-0.046941,0.198867,0.825448,0.858526,0.195422,0.337565,0.116653,0.204157,-0.394510,-0.100161,0.550354,0.455023,0.634648,0.572279,0.243359,0.237976,-0.324962,-0.086332,0.082743,-0.001756,-0.129334,0.046076,0.226654,-0.038904,0.165476,0.132227,0.089923,-0.051773,0.131928,0.108855,0.095203,0.080816,0.197064,0.111773,0.332028,0.386165,0.434083,0.544555,0.805517,0.679511,0.763908,0.598607,0.279290,0.318922,0.125094,0.255828,0.666323,0.519414,0.432265,0.196635,0.412450,0.331295,0.473362,0.418413,0.367989,0.328191,0.300057,0.388632,-0.130394,0.112199,0.207335,-0.030863,0.340759,0.070473,0.226701,0.178333,0.246721,0.379290,0.347982,0.655035
0.645679,0.722051,0.585294,1.188916,0.515001,0.823934,0.901766,0.000000,0.343320,0.689405,0.079187,0.515850,0.106228,0.449241,0.174932,0.616046,-0.020759,0.043786,0.503959,0.598554,0.032120,0.366527,0.383043,1.202209,0.076580,0.423102,0.112294,0.289367,-0.076834,0.202056,0.577816,0.695754,0.538449,0.729071,0.234754,0.367289,-0.173304,0.094623,0.045132,0.159764,-0.105120,0.105869,0.394147,0.176820,0.352001,0.377963,0.238907,0.159343,0.243152,0.168407,0.216651,0.134674,0.247060,0.259610,0.368107,0.467380,0.445172,0.497940,0.521330,0.817545,0.430908,0.769741,0.320022,0.439844,0.021752,0.383979,0.624535,0.726649,0.445500,0.322359,0.403664,0.338663,0.381025,0.437619,0.253394,0.358308,0.368022,0.370621,0.031323,0.208587,0.398929,0.201346,0.337424,0.272895,0.305141,0.383489,0.287085,0.421600,0.347846,0.686914
0.533980,0.363245,0.719347,0.416171,0.955131,0.450229,0.603900,0.343320,0.000000,0.900758,0.033180,0.268586,0.249031,0.383840,0.713464,0.577558,0.020243,0.210372,0.417478,0.184331,-0.166878,-0.114903,0.700088,0.361188,0.327086,-0.094467,-0.015461,-0.071837,0.020621,0.310908,0.245445,0.061370,0.328222,0.235789,0.270010,0.266257,0.114559,0.274648,0.183163,0.169719,0.134234,0.082022,0.405580,0.226128,0.304581,0.236039,0.398996,0.190381,0.473260,0.383382,0.462479,0.425104,0.487740,0.403773,0.485258,0.418740,0.333476,0.378193,0.664332,0.378369,0.517098,0.335896,0.315346,0.319159,0.354027,0.331454,0.340330,0.254308,0.270521,0.022629,0.161029,0.035612,0.692914,0.673218,0.557421,0.209130,0.380515,0.413697,0.094946,0.187407,0.303642,0.144901,0.456960,0.275149,0.355140,0.234536,0.362648,0.351698,0.468357,0.555810
0.794227,0.681050,0.653891,0.741015,0.684465,0.896886,0.566261,0.689405,0.900758,0.000000,0.070242,0.611881,0.131552,0.606666,0.644931,0.647004,0.162090,0.289236,0.572275,0.463851,0.043311,0.116358,0.553812,0.728306,0.327002,0.103023,0.155056,0.200757,0.135465,0.478457,0.337990,0.221611,0.386422,0.456445,0.149034,0.346005,0.187171,0.210986,0.052436,0.082184,0.139518,0.151689,0.566719,0.381483,0.413268,0.392601,0.501147,0.217110,0.505259,0.285462,0.391875,0.321584,0.456432,0.439061,0.379940,0.460909,0.660369,0.580567,0.690538,0.626168,0.363561,0.355951,0.379371,0.419883,0.133107,0.249115,0.353235,0.411767,0.585798,0.314812,0.252407,0.151818,0.775578,0.837403,0.575932,0.392217,0.463530,0.455282,-0.085553,0.084903,0.546526,0.202684,0.379119,0.269149,0.256681,0.339999,0.331471,0.273749,0.780781,0.941415
0.209548,0.237331,0.030054,0.071265,0.002805,0.098994,0.065011,0.079187,0.033180,0.070242,0.000000,0.527343,0.950344,0.262106,0.225937,-0.062210,0.648336,0.442585,0.185207,0.120924,0.158306,-0.018671,0.104296,-0.009971,0.088338,0.132317,0.161613,0.109976,0.283540,0.197324,-0.073515,-0.023549,0.201854,0.150900,-0.008675,0.041139,0.368661,0.176588,-0.142406,0.038381,0.248188,0.392197,0.279952,0.221267,0.149998,0.215158,0.159520,0.132667,0.228665,0.285315,0.159774,0.140276,0.128704,0.116958,0.030570,0.036825,0.146917,0.133836,0.113892,0.102754,0.264016,0.240195,0.544916,0.283869,0.232440,0.195597,0.051085,-0.054685,0.022076,-0.101851,-0.161440,-0.148826,0.209363,0.186358,0.295218,0.090341,0.034115,0.163034,0.026813,0.179312,0.186990,0.087332,-0.049542,-0.037259,-0.026632,0.017456,0.185000,-0.031408,-0.021184,0.043030
0.717228,0.882742,0.403068,0.563600,0.224155,0.645502,0.358360,0.515850,0.268586,0.611881,0.527343,0.000000,0.426020,0.847473,0.486018,0.354346,0.508857,0.612088,0.652378,0.647910,0.246294,0.178450,0.402310,0.494088,0.286402,0.321880,0.334334,0.364616,0.336960,0.533538,0.189900,0.159388,0.542125,0.565298,0.023340,0.210386,0.375120,0.305298,-0.035694,0.048117,0.282393,0.446954,0.639201,0.595911,0.352948,0.465044,0.585089,0.327402,0.451533,0.366806,0.328234,0.338217,0.403471,0.431623,0.213626,0.305913,0.560015,0.534071,0.425572,0.629350,0.275253,0.412194,0.580505,0.634837,0.119633,0.193884,0.205779,0.319410,0.501753,0.280196,0.004682,-0.008187,0.581412,0.690235,0.555391,0.512046,0.439016,0.526450,-0.185630,0.167574,0.564795,0.265443,0.204021,0.187647,0.125004,0.399556,0.210082,0.026089,0.415909,0.577682
0.215333,0.145374,0.101637,0.075062,0.278676,0.205888,0.144044,0.106228,0.249031,0.131552,0.950344,0.426020,0.000000,0.355807,0.503062,0.214479,0.638298,0.506366,0.153981,0.044798,0.214514,0.074494,0.242234,0.067184,0.196670,0.293248,0.254112,0.242848,0.422324,0.291954,0.089745,0.066218,0.226395,0.155097,0.149263,0.029193,0.431930,0.387754,0.017204,0.225910,0.272784,0.422240,0.507842,0.395574,0.308235,0.318449,0.379731,0.396777,0.336127,0.381866,0.320707,0.272236,0.341394,0.304912,0.311973,0.218579,0.169333,0.187842,0.113644,0.109133,0.254737,0.274025,0.520812,0.320374,0.294852,0.291907,0.161183,0.119297,0.041748,-0.086399,-0.125482,-0.146003,0.278487,0.285165,0.358679,0.223845,0.142188,0.263413,0.236185,0.368855,0.270674,0.248146,0.146486,0.183178,0.334088,0.271082,0.355770,0.089281,0.109999,0.112246
0.524645,0.412521,0.233774,0.378333,0.333219,0.433036,0.234344,0.449241,0.383840,0.606666,0.262106,0.847473,0.355807,0.000000,0.492400,0.568157,0.465201,0.566295,0.512849,0.582422,0.182935,0.138923,0.364503,0.486364,0.269065,0.039736,0.248700,0.226055,0.405570,0.443243,0.285592,0.214137,0.525392,0.592393,0.075850,0.271994,0.262953,0.190405,0.084093,0.004284,0.342171,0.269614,0.413328,0.437095,0.229135,0.331087,0.477172,0.260762,0.328536,0.233828,0.211379,0.189885,0.418996,0.305001,0.121226,0.148704,0.503124,0.360827,0.414517,0.510096,0.188037,0.185538,0.561213,0.479606,0.174376,0.162039,0.227877,0.371966,0.605520,0.255653,-0.049197,-0.050871,0.542893,0.610331,0.589641,0.480583,0.378702,0.443164,-0.198182,-0.016432,0.461265,0.111924,0.250917,0.315186,0.145524,0.339521,0.168054,-0.073717,0.389840,0.384106
0.575788,0.449798,0.491465,0.284528,0.597256,0.512223,0.288699,0.174932,0.713464,0.644931,0.225937,0.486018,0.503062,0.492400,0.000000,0.588695,0.230329,0.556868,0.620532,0.446904,0.176052,0.140179,0.663905,0.263508,0.504713,0.193562,0.475048,0.326297,0.379662,0.592965,0.329802,0.111532,0.339417,0.312783,0.235014,0.274128,0.473756,0.389040,0.331004,0.227174,0.415744,0.250407,0.702283,0.637990,0.347145,0.383891,0.780904,0.512473,0.448109,0.324059,0.341529,0.299832,0.608909,0.456545,0.383734,0.293727,0.543568,0.561224,0.400019,0.336359,0.176794,0.144517,0.238840,0.416029,0.214009,0.165426,0.333378,0.328852,0.453140,0.284377,0.029788,-0.026320,0.727955,0.750743,0.633782,0.465295,0.455512,0.468578,0.009812,0.156124,0.527928,0.256649,0.602104,0.513665,0.463785,0.514541,0.446429,0.209306,0.572959,0.433787
0.647181,0.448363,0.387061,0.439765,0.608437,0.573929,0.467655,0.616046,0.577558,0.647004,-0.062210,0.354346,0.214479,0.568157,0.588695,0.000000,0.074120,0.229796,0.424091,0.414868,-0.125571,0.279761,0.367379,0.628049,0.091524,0.234088,0.078045,0.147173,0.147132,0.456486,0.554058,0.508059,0.400440,0.481782,0.347338,0.239270,0.076334,0.312467,0.256064,0.293971,-0.115387,0.058220,0.495492,0.330311,0.356091,0.410709,0.421970,0.317224,0.416546,0.246457,0.307294,0.245486,0.443974,0.407595,0.627611,0.648613,0.567949,0.564319,0.380201,0.407829,0.310739,0.276205,0.305454,0.414281,-0.016247,0.079614,0.373526,0.442481,0.463474,0.287148,0.548933,0.493349,0.506452,0.649832,0.367376,0.613502,0.502473,0.390460,0.197236,0.363040,0.705390,0.374891,0.665067,0.575995,0.793060,0.554045,0.403811,0.454018,0.513982,0.585958
0.062817,0.121017,-0.111067,-0.024683,-0.013143,0.108695,-0.202314,-0.020759,0.020243,0.162090,0.648336,0.508857,0.638298,0.465201,0.230329,0.074120,0.000000,0.985134,0.088887,0.165331,0.384786,0.076213,0.011614,0.035725,0.280839,0.083330,0.252317,0.167153,0.858870,0.492675,0.022700,-0.075023,0.129419,0.144327,0.008611,0.113584,0.708539,0.249729,-0.281386,-0.061178,0.458397,0.488483,0.356559,0.405158,0.245140,0.272651,0.281250,0.241337,0.268139,0.213166,0.253691,0.161256,0.171946,0.219663,-0.117005,-0.032960,0.256848,0.146824,0.015711,0.046334,-0.071845,-0.026558,0.729345,0.373627,0.357474,0.162865,-0.057539,0.016561,0.262589,0.153946,-0.377998,-0.394585,0.200290,0.327248,0.360112,0.226371,0.120207,0.178166,0.027119,0.117356,0.478062,0.372903,-0.213748,0.103933,0.041257,0.219982,0.035984,-0.313779,0.185233,0.107785
0.180294,0.258218,0.013917,0.053966,0.122922,0.325900,-0.131194,0.043786,0.210372,0.289236,0.442585,0.612088,0.506366,0.566295,0.556868,0.229796,0.985134,0.000000,0.281244,0.363001,0.423317,0.188664,0.286854,0.130103,0.539753,0.176197,0.474352,0.324858,0.776651,0.677730,0.115888,-0.006131,0.376300,0.373415,0.154628,0.346338,0.797144,0.447049,0.069027,0.108982,0.718073,0.585604,0.626052,0.705645,0.312755,0.431708,0.628265,0.455908,0.408695,0.363872,0.358567,0.262083,0.439627,0.397885,0.048673,0.060415,0.497043,0.464612,0.136774,0.195746,-0.040946,0.086483,0.631742,0.710448,0.391574,0.248052,0.129492,0.251636,0.374562,0.245516,-0.431711,-0.451951,0.533474,0.598010,0.572565,0.359788,0.354422,0.522240,-0.058904,0.145308,0.593315,0.359482,0.146513,0.495511,0.188107,0.442447,0.234718,-0.076682,0.202974,0.151076
1.084687,0.955336,0.939707,0.704622,0.493359,0.550938,0.762155,0.503959,0.417478,0.572275,0.185207,0.652378,0.153981,0.512849,0.620532,0.424091,0.088887,0.281244,0.000000,1.233003,0.145228,0.243232,0.882155,0.601461,0.284891,0.159356,0.300678,0.267616,-0.089546,0.107813,0.390962,0.220920,0.823349,0.748062,0.124111,0.308211,-0.057110,-0.089045,0.075495,-0.132444,0.160954,0.144402,0.400916,0.275184,0.187557,0.265869,0.341389,0.113446,0.157610,0.106142,0.038505,0.052190,0.276368,0.166708,0.115501,0.201626,0.788350,0.810194,0.806487,0.742656,0.446897,0.321896,0.450403,0.537829,0.187413,0.105433,0.636326,0.502444,0.995912,0.532330,0.074506,0.042740,0.566822,0.594971,0.551599,0.512867,0.366967,0.469015,-0.417455,-0.093520,0.367971,-0.032170,0.312940,0.185953,0.108388,0.264345,0.170310,0.105875,0.388128,0.603081
0.830671,0.970958,0.589789,0.664503,0.282675,0.484205,0.508243,0.598554,0.184331,0.463851,0.120924,0.647910,0.044798,0.582422,0.446904,0.414868,0.165331,0.363001,1.233003,0.000000,0.248955,0.367557,0.567830,0.661356,0.280510,0.196021,0.356474,0.364699,0.036412,0.223524,0.473535,0.355195,0.743813,0.946106,0.103845,0.287879,-0.001988,-0.059338,0.070592,-0.025098,0.217370,0.195058,0.414411,0.338707,0.140866,0.320916,0.420419,0.287144,0.102358,0.104646,0.018599,-0.002997,0.304235,0.209595,0.060881,0.164898,0.829063,0.796836,0.622132,0.801858,0.240575,0.307201,0.428576,0.622743,0.040741,0.065465,0.617024,0.602573,1.142473,0.706634,0.008170,0.001794,0.460035,0.484762,0.430106,0.479019,0.346153,0.444216,-0.330883,-0.137104,0.368350,0.067196,0.315290,0.371039,0.050498,0.390186,0.188365,0.076560,0.368026,0.532389
-0.039322,0.134925,0.090021,0.203996,0.088159,0.233274,-0.046941,0.032120,-0.166878,0.043311,0.158306,0.246294,0.214514,0.182935,0.176052,-0.125571,0.384786,0.423317,0.145228,0.248955,0.000000,0.449592,0.250512,0.125562,0.473074,0.403580,0.776706,0.743599,0.349024,0.109651,0.283243,0.233121,0.150120,0.231951,0.011437,0.229289,0.360573,-0.027637,-0.169180,-0.070943,0.590099,0.396945,0.128640,0.118551,0.076896,0.025320,0.064910,0.015352,-0.135801,-0.055214,-0.163530,-0.208864,-0.063292,-0.089087,-0.310271,-0.337976,0.164140,0.154757,0.055075,0.147550,-0.170999,-0.015173,0.159212,0.094107,0.219732,0.157736,0.232448,0.292100,0.198838,0.227858,-0.457952,-0.482357,-0.032664,0.006938,0.180052,0.042566,-0.141862,0.112641,-0.305662,-0.141580,-0.004352,-0.016539,-0.104742,-0.033024,-0.238155,0.073014,0.043213,-0.404573,0.096842,-0.068971
0.234218,0.305307,0.172418,0.391775,0.280183,0.565200,0.198867,0.366527,-0.114903,0.116358,-0.018671,0.178450,0.074494,0.138923,0.140179,0.279761,0.076213,0.188664,0.243232,0.367557,0.449592,0.000000,0.285613,0.483046,0.177066,0.706177,0.634636,0.826358,0.116527,-0.010950,0.362489,0.333981,0.319049,0.454546,0.241427,0.284057,-0.014593,0.057372,0.066464,0.045819,0.085883,0.232383,0.248698,0.186173,0.183798,0.266533,0.173244,0.176660,-0.037659,0.003278,-0.031425,-0.064996,0.059254,0.071365,0.070071,0.089494,0.389277,0.396704,0.222221,0.404686,0.122713,0.193494,0.160161,0.295123,0.059784,0.127634,0.447257,0.579452,0.390429,0.260971,-0.060463,-0.074756,0.013957,0.096305,0.184814,0.279250,0.170321,0.288882,-0.241504,-0.032741,0.246766,0.030067,0.152560,0.222365,0.182673,0.297232,-0.040488,-0.037231,0.161358,0.198879
0.726824,0.598815,1.168402,0.746761,0.746670,0.596215,0.825448,0.383043,0.700088,0.553812,0.104296,0.402310,0.242234,0.364503,0.663905,0.367379,0.011614,0.286854,0.882155,0.567830,0.250512,0.285613,0.000000,0.658955,0.760175,0.377950,0.460794,0.385089,-0.120096,0.022058,0.643425,0.363552,0.755541,0.599640,0.409470,0.500776,0.027799,0.033774,0.234967,-0.009455,0.313820,0.233036,0.370340,0.186719,0.187868,0.224073,0.332776,0.088596,0.208359,0.196117,0.130647,0.116038,0.333706,0.119769,0.258707,0.193604,0.610529,0.688581,0.738102,0.495202,0.503028,0.317313,0.330851,0.438106,0.523117,0.415980,0.715078,0.588150,0.553327,0.225837,-0.013855,-0.093263,0.649812,0.554654,0.631381,0.326142,0.390820,0.642000,-0.288240,-0.049770,0.202217,-0.063470,0.342793,0.142394,0.193397,0.222506,0.282992,0.169204,0.426459,0.502309
0.736179,0.683630,0.684859,1.279828,0.484446,0.945725,0.858526,1.202209,0.361188,0.728306,-0.009971,0.494088,0.067184,0.486364,0.263508,0.628049,0.035725,0.130103,0.601461,0.661356,0.125562,0.483046,0.658955,0.000000,0.374414,0.628663,0.268528,0.453006,-0.072860,0.143458,0.685536,0.647651,0.637272,0.788669,0.390624,0.541623,-0.110802,0.049262,0.165843,0.133614,-0.003170,0.088078,0.427689,0.212643,0.264643,0.349658,0.318849,0.171888,0.238947,0.130398,0.188149,0.109914,0.269902,0.187802,0.308676,0.441727,0.623009,0.566871,0.577216,0.682082,0.405358,0.544586,0.365309,0.443928,0.213320,0.494416,0.673081,0.802358,0.666021,0.447613,0.321051,0.263409,0.474193,0.530762,0.390608,0.409452,0.474188,0.477854,-0.122836,0.030136,0.413240,0.142249,0.314848,0.258701,0.315220,0.461512,0.252520,0.360896,0.538054,0.800078
0.181684,0.243310,0.436395,0.409668,0.232205,0.384740,0.195422,0.076580,0.327086,0.327002,0.088338,0.286402,0.196670,0.269065,0.504713,0.091524,0.280839,0.539753,0.284891,0.280510,0.473074,0.177066,0.760175,0.374414,0.000000,0.387932,0.558848,0.424999,0.219049,0.266188,0.469937,0.253952,0.325141,0.307673,0.338827,0.434228,0.395752,0.184908,0.177254,0.089736,0.691488,0.456905,0.262537,0.242930,0.176322,0.195128,0.314391,0.191663,0.193332,0.181370,0.190438,0.084496,0.272869,0.108080,0.028285,-0.021804,0.335461,0.369103,0.220773,0.166425,-0.008237,0.054385,0.149888,0.248784,0.535791,0.509348,0.342500,0.431495,0.295247,0.259130,-0.239034,-0.291004,0.506755,0.431905,0.595645,0.164436,0.292888,0.497636,-0.146120,-0.039937,0.221434,0.146665,0.162261,0.202393,0.121622,0.343555,0.350504,0.023635,0.371394,0.292836
0.250311,0.358164,0.261944,0.552724,0.237605,0.733694,0.337565,0.423102,-0.094467,0.103023,0.132317,0.321880,0.293248,0.039736,0.193562,0.234088,0.083330,0.176197,0.159356,0.196021,0.403580,0.706177,0.377950,0.628663,0.387932,0.000000,0.633705,0.949454,0.073113,0.100702,0.377634,0.467659,0.288753,0.334097,0.404436,0.314758,0.100999,0.241525,0.100017,0.286212,0.033686,0.311657,0.372549,0.221437,0.278712,0.264507,0.227008,0.192974,0.117478,0.095069,0.088649,0.045562,0.051792,0.030158,0.234073,0.269609,0.309245,0.374587,0.063471,0.257559,0.122749,0.390047,0.106846,0.242887,0.160202,0.440841,0.403390,0.536459,0.142847,0.238209,0.113581,0.115984,0.125298,0.183343,0.122682,0.213247,0.278212,0.323140,0.062873,0.262886,0.275283,0.228524,0.255466,0.165178,0.337785,0.371527,0.253773,0.236191,0.253538,0.291010
0.199718,0.288392,0.234720,0.316790,0.207094,0.494515,0.116653,0.112294,-0.015461,0.155056,0.161613,0.334334,0.254112,0.248700,0.475048,0.078045,0.252317,0.474352,0.300678,0.356474,0.776706,0.634636,0.460794,0.268528,0.558848,0.633705,0.000000,1.220448,0.352242,0.190734,0.348830,0.245889,0.240094,0.299772,0.066070,0.208426,0.345877,0.049747,0.060886,-0.043963,0.579004,0.394452,0.275148,0.234956,0.033751,0.053473,0.277471,0.152527,-0.137077,-0.124325,-0.208726,-0.258906,0.042164,-0.078768,-0.161267,-0.238589,0.397468,0.384836,0.148543,0.224109,-0.068898,0.070806,0.112598,0.193949,0.168922,0.156994,0.317820,0.423705,0.353539,0.309830,-0.345519,-0.361635,0.183527,0.227374,0.287331,0.312843,0.056093,0.266745,-0.392369,-0.166088,0.054009,-0.105395,0.124814,0.162081,-0.083970,0.178732,0.068615,-0.264176,0.271352,0.047130
0.268730,0.384091,0.245408,0.442475,0.272834,0.699822,0.204157,0.289367,-0.071837,0.200757,0.109976,0.364616,0.242848,0.226055,0.326297,0.147173,0.167153,0.324858,0.267616,0.364699,0.743599,0.826358,0.385089,0.453006,0.424999,0.949454,1.220448,0.000000,0.215483,0.126216,0.337701,0.311581,0.267524,0.364714,0.122445,0.247271,0.174969,0.069948,0.065596,0.065978,0.370319,0.378414,0.304998,0.194463,0.107926,0.092930,0.249182,0.129095,-0.117473,-0.096045,-0.167818,-0.194088,-0.003657,-0.032669,-0.054020,-0.061553,0.427226,0.415557,0.175277,0.337810,-0.014210,0.167982,0.140567,0.239067,0.077916,0.225952,0.368133,0.538213,0.359029,0.371045,-0.188131,-0.198977,0.121337,0.212107,0.248318,0.288947,0.123146,0.316136,-0.269998,-0.090007,0.107426,-0.012574,0.207781,0.205477,-0.030553,0.227520,0.168711,-0.110673,0.290902,0.191251
-0.150619,-0.054018,-0.299613,-0.129651,-0.038838,0.089013,-0.394510,-0.076834,0.020621,0.135465,0.283540,0.336960,0.422324,0.405570,0.379662,0.147132,0.858870,0.776651,-0.089546,0.036412,0.349024,0.116527,-0.120096,-0.072860,0.219049,0.073113,0.352242,0.215483,0.000000,0.834900,0.013367,-0.087706,-0.106696,-0.022933,-0.142474,0.036101,0.826897,0.410729,0.007213,0.164303,0.514480,0.409824,0.384617,0.565589,0.230352,0.179606,0.445876,0.427521,0.149097,0.032949,0.219403,0.106085,0.192005,0.218219,-0.075323,-0.053436,0.073037,-0.048094,-0.207949,-0.019182,-0.339681,-0.155593,0.162815,0.131317,0.116738,0.039212,-0.208397,0.046029,0.105473,0.173065,-0.366935,-0.328091,0.164630,0.290391,0.269549,0.260871,0.165640,0.097441,0.076715,0.069892,0.372397,0.336982,0.058299,0.337049,0.149001,0.305405,0.088855,-0.235323,0.238824,-0.007980
0.167440,0.258582,-0.028145,0.102429,0.166770,0.402687,-0.100161,0.202056,0.310908,0.478457,0.197324,0.533538,0.291954,0.443243,0.592965,0.456486,0.492675,0.677730,0.107813,0.223524,0.109651,-0.010950,0.022058,0.143458,0.266188,0.100702,0.190734,0.126216,0.834900,0.000000,0.135606,0.118284,0.086103,0.185743,0.110962,0.149838,0.781022,0.746953,0.187726,0.543306,0.410467,0.499466,0.680733,0.765138,0.509072,0.454094,0.699897,0.647835,0.536131,0.333847,0.518359,0.409208,0.405234,0.532021,0.363003,0.434675,0.248581,0.251093,-0.047817,0.159285,-0.132186,0.140044,0.202116,0.339516,0.052448,0.147069,-0.035114,0.160762,0.136592,0.215128,0.082467,0.078034,0.556287,0.766910,0.473868,0.393285,0.523704,0.341709,0.345403,0.491670,0.691831,0.767760,0.426350,0.632152,0.450897,0.581557,0.554795,0.307314,0.444266,0.369556
0.416831,0.384581,0.501677,0.584376,0.385213,0.407727,0.550354,0.577816,0.245445,0.337990,-0.073515,0.189900,0.089745,0.285592,0.329802,0.554058,0.022700,0.115888,0.390962,0.473535,0.283243,0.362489,0.643425,0.685536,0.469937,0.377634,0.348830,0.337701,0.013367,0.135606,0.000000,1.233751,0.406626,0.541478,0.287743,0.318948,-0.030064,-0.029978,0.112843,0.006196,0.137045,0.200058,0.178715,0.026428,0.077125,0.221391,0.124828,0.050408,0.027570,-0.033317,-0.069113,-0.161908,0.137624,0.010767,0.173736,0.158723,0.444786,0.443698,0.270207,0.227577,0.101146,0.117542,0.111089,0.245563,0.065750,0.104154,0.474278,0.526175,0.385800,0.239887,0.312959,0.248000,0.373176,0.390712,0.381946,0.470726,0.258665,0.318954,0.005081,0.064076,0.257792,0.126160,0.250887,0.183124,0.261169,0.223159,0.291259,0.143864,0.377713,0.322214
0.301713,0.330521,0.312214,0.610921,0.237083,0.350710,0.455023,0.695754,0.061370,0.221611,-0.023549,0.159388,0.066218,0.214137,0.111532,0.508059,-0.075023,-0.006131,0.220920,0.355195,0.233121,0.333981,0.363552,0.647651,0.253952,0.467659,0.245889,0.311581,-0.087706,0.118284,1.233751,0.000000,0.286333,0.473243,0.284880,0.263619,-0.095262,0.013403,0.083700,0.131516,0.000221,0.160124,0.110740,-0.062142,0.083300,0.197383,0.006246,-0.018368,0.010553,-0.023421,-0.125085,-0.188666,-0.003255,-0.067426,0.210685,0.197300,0.320770,0.377507,0.089925,0.203448,0.089567,0.280087,0.014690,0.131377,-0.029907,0.187590,0.420150,0.491375,0.167919,0.132377,0.476331,0.432897,0.212922,0.236515,0.181732,0.361317,0.165111,0.235499,0.122662,0.208630,0.187427,0.148322,0.218406,0.146448,0.247745,0.161892,0.383212,0.267606,0.237997,0.218333
0.781631,0.641088,0.553645,0.546762,0.435984,0.586387,0.634648,0.538449,0.328222,0.386422,0.201854,0.542125,0.226395,0.525392,0.339417,0.400440,0.129419,0.376300,0.823349,0.743813,0.150120,0.319049,0.755541,0.637272,0.325141,0.288753,0.240094,0.267524,-0.106696,0.086103,0.406626,0.286333,0.000000,1.472707,0.452998,0.432395,0.036092,0.162385,0.230289,0.070772,0.233170,0.315522,0.435715,0.316873,0.224405,0.414852,0.413255,0.265223,0.328133,0.376852,0.244264,0.240180,0.432870,0.271680,0.291874,0.293001,0.662032,0.693524,0.775556,0.773110,0.711790,0.605761,0.666173,0.882605,0.404410,0.405128,0.804790,0.711915,0.616680,0.131487,-0.026480,-0.059465,0.635153,0.598712,0.639813,0.441166,0.452105,0.717118,-0.231314,0.097354,0.309055,0.008187,0.390434,0.313505,0.243085,0.339479,0.350787,0.254973,0.198067,0.431207
0.776495,0.717107,0.460772,0.648441,0.366581,0.665675,0.572279,0.729071,0.235789,0.456445,0.150900,0.565298,0.155097,0.592393,0.312783,0.481782,0.144327,0.373415,0.748062,0.946106,0.231951,0.454546,0.599640,0.788669,0.307673,0.334097,0.299772,0.364714,-0.022933,0.185743,0.541478,0.473243,1.472707,0.000000,0.401965,0.453071,0.054503,0.150767,0.241481,0.150101,0.244635,0.363979,0.463198,0.339323,0.198307,0.441205,0.449588,0.352979,0.266738,0.312119,0.191544,0.147912,0.412930,0.291712,0.258905,0.311585,0.747194,0.725157,0.677995,0.854110,0.513951,0.575838,0.588904,0.848568,0.234425,0.334649,0.801444,0.817262,0.724105,0.237719,0.031605,0.009262,0.565162,0.558057,0.563095,0.520131,0.474508,0.705523,-0.249736,0.034458,0.351363,0.062010,0.389131,0.421161,0.225499,0.413638,0.370030,0.241354,0.299077,0.488277
0.219094,0.153923,0.214501,0.266562,0.331711,0.375213,0.243359,0.234754,0.270010,0.149034,-0.008675,0.023340,0.149263,0.075850,0.235014,0.347338,0.008611,0.154628,0.124111,0.103845,0.011437,0.241427,0.409470,0.390624,0.338827,0.404436,0.066070,0.122445,-0.142474,0.110962,0.287743,0.284880,0.452998,0.401965,0.000000,0.705810,0.078722,0.430185,0.382535,0.439219,0.030483,0.114967,0.349468,0.291105,0.371482,0.592782,0.308237,0.322104,0.492669,0.540613,0.469849,0.447403,0.345462,0.237849,0.520835,0.442677,0.270339,0.354563,0.161082,0.186819,0.283518,0.370130,0.219032,0.440369,0.485966,0.571223,0.578645,0.520654,0.046385,-0.035711,0.256660,0.213878,0.368313,0.323636,0.326682,0.170599,0.534888,0.514292,0.290805,0.431370,0.351701,0.298919,0.380650,0.315933,0.579883,0.405784,0.348997,0.495818,0.110454,0.244011
0.258718,0.220311,0.265177,0.384279,0.339337,0.563376,0.237976,0.367289,0.266257,0.346005,0.041139,0.210386,0.029193,0.271994,0.274128,0.239270,0.113584,0.346338,0.308211,0.287879,0.229289,0.284057,0.500776,0.541623,0.434228,0.314758,0.208426,0.247271,0.036101,0.149838,0.318948,0.263619,0.432395,0.453071,0.705810,0.000000,0.095159,0.116219,0.269260,0.141798,0.250635,0.092330,0.366540,0.321238,0.258493,0.451185,0.362170,0.160579,0.376506,0.285837,0.321330,0.238192,0.385579,0.205668,0.192724,0.225282,0.362979,0.334165,0.309744,0.296450,0.112829,0.221777,0.247463,0.395975,0.485309,0.510004,0.535389,0.569312,0.300444,0.236131,0.023647,-0.009849,0.469335,0.458594,0.498123,0.255190,0.410913,0.495396,-0.074286,0.016981,0.287606,0.107140,0.203369,0.255852,0.275084,0.292982,0.138428,0.230162,0.214044,0.306317
-0.024143,0.067651,-0.169050,-0.130732,-0.010219,0.150341,-0.324962,-0.173304,0.114559,0.187171,0.368661,0.375120,0.431930,0.262953,0.473756,0.076334,0.708539,0.797144,-0.057110,-0.001988,0.360573,-0.014593,0.027799,-0.110802,0.395752,0.100999,0.345877,0.174969,0.826897,0.781022,-0.030064,-0.095262,0.036092,0.054503,0.078722,0.095159,0.000000,0.776135,0.140009,0.338498,0.694736,0.616941,0.526484,0.657906,0.303771,0.305093,0.586606,0.521998,0.449357,0.365159,0.391630,0.333521,0.335047,0.421905,0.139031,0.126517,0.157861,0.130079,-0.106884,-0.034735,-0.140997,-0.016187,0.244435,0.278828,0.206271,0.140162,-0.128201,0.026302,0.001750,-0.005624,-0.292144,-0.292087,0.389058,0.416060,0.451463,0.250717,0.369624,0.354747,0.144127,0.231412,0.371103,0.377586,0.134292,0.264949,0.204507,0.382750,0.332740,-0.041081,0.361525,0.114645
0.082012,0.134982,-0.105472,0.007962,0.140221,0.310147,-0.086332,0.094623,0.274648,0.210986,0.176588,0.305298,0.387754,0.190405,0.389040,0.312467,0.249729,0.447049,-0.089045,-0.059338,-0.027637,0.057372,0.033774,0.049262,0.184908,0.241525,0.049747,0.069948,0.410729,0.746953,-0.029978,0.013403,0.162385,0.150767,0.430185,0.116219,0.776135,0.000000,0.375720,0.916608,0.279862,0.518554,0.734579,0.861627,0.693483,0.699562,0.751088,0.847684,0.767423,0.759797,0.809780,0.800251,0.491893,0.653841,0.711500,0.650403,0.125946,0.230373,-0.084808,0.118382,0.101743,0.361972,0.152452,0.434600,0.149102,0.321345,0.065913,0.253928,-0.162551,-0.133369,0.062806,0.051026,0.409153,0.454106,0.398415,0.174484,0.682890,0.587882,0.563390,0.787597,0.561897,0.696773,0.483857,0.557764,0.680411,0.703628,0.567013,0.518617,0.194839,0.302925
0.186940,0.032972,0.056053,0.006275,0.117507,0.174505,0.082743,0.045132,0.183163,0.052436,-0.142406,-0.035694,0.017204,0.084093,0.331004,0.256064,-0.281386,0.069027,0.075495,0.070592,-0.169180,0.066464,0.234967,0.165843,0.177254,0.100017,0.060886,0.065596,0.007213,0.187726,0.112843,0.083700,0.230289,0.241481,0.382535,0.269260,0.140009,0.375720,0.000000,0.667999,0.225414,0.049852,0.283632,0.300519,-0.026384,0.131064,0.502161,0.517320,0.177689,0.208688,0.236203,0.253403,0.574582,0.337393,0.481169,0.377567,0.157270,0.152410,0.148282,0.153127,0.206322,0.119331,-0.127928,0.217028,0.037950,0.200297,0.214796,0.208574,0.031662,-0.076560,0.142662,0.173917,0.352709,0.277793,0.247760,0.182176,0.451639,0.433164,0.130177,0.067117,0.081696,-0.007475,0.703158,0.638922,0.466372,0.402127,0.429644,0.556127,0.193702,0.118519
0.044990,0.091470,-0.052920,0.057783,0.161770,0.253265,-0.001756,0.159764,0.169719,0.082184,0.038381,0.048117,0.225910,0.004284,0.227174,0.293971,-0.061178,0.108982,-0.132444,-0.025098,-0.070943,0.045819,-0.009455,0.133614,0.089736,0.286212,-0.043963,0.065978,0.164303,0.543306,0.006196,0.131516,0.070772,0.150101,0.439219,0.141798,0.338498,0.916608,0.667999,0.000000,0.144003,0.334491,0.472666,0.426506,0.374292,0.342536,0.504860,0.760195,0.434964,0.516067,0.562135,0.578282,0.392244,0.477935,0.790101,0.779492,0.013250,0.100365,-0.084202,0.141385,0.120508,0.335753,-0.031683,0.207577,-0.018731,0.338136,0.167536,0.191086,-0.179308,-0.053456,0.211840,0.225143,0.232046,0.267411,0.169866,0.004135,0.488565,0.326143,0.685617,0.609121,0.254917,0.545034,0.628688,0.650899,0.636127,0.530488,0.815494,0.859092,0.198334,0.268312
0.024299,0.085226,0.068838,0.047338,0.057142,0.164572,-0.129334,-0.105120,0.134234,0.139518,0.248188,0.282393,0.272784,0.342171,0.415744,-0.115387,0.458397,0.718073,0.160954,0.217370,0.590099,0.085883,0.313820,-0.003170,0.691488,0.033686,0.579004,0.370319,0.514480,0.410467,0.137045,0.000221,0.233170,0.244635,0.030483,0.250635,0.694736,0.279862,0.225414,0.144003,0.000000,0.732304,0.301942,0.357411,0.175037,0.112188,0.420621,0.273258,0.096248,0.168320,0.113226,0.043298,0.214710,0.109811,-0.172630,-0.236332,0.218688,0.168462,0.161132,0.189842,-0.072631,-0.040844,0.228358,0.254614,0.352313,0.281828,0.183749,0.253933,0.193419,0.149820,-0.598703,-0.604884,0.377139,0.340252,0.542271,0.125420,0.184836,0.420206,-0.144067,-0.110934,0.093691,0.116360,0.163393,0.303525,-0.114508,0.214749,0.293833,-0.180385,0.158400,0.004724
0.155728,0.306007,0.115865,0.174771,0.152111,0.358973,0.046076,0.105869,0.082022,0.151689,0.392197,0.446954,0.422240,0.269614,0.250407,0.058220,0.488483,0.585604,0.144402,0.195058,0.396945,0.232383,0.233036,0.088078,0.456905,0.311657,0.394452,0.378414,0.409824,0.499466,0.200058,0.160124,0.315522,0.363979,0.114967,0.092330,0.616941,0.518554,0.049852,0.334491,0.732304,0.000000,0.416643,0.365743,0.409123,0.317956,0.317353,0.321759,0.266951,0.328501,0.256395,0.187975,0.098911,0.189989,0.110780,0.155663,0.255179,0.297158,0.074691,0.251506,0.072259,0.207583,0.346267,0.411012,0.208384,0.226860,0.214961,0.302220,0.089984,0.085334,-0.225680,-0.248178,0.407278,0.398757,0.558222,0.244772,0.360841,0.516661,0.077623,0.338289,0.318389,0.418093,0.192161,0.275513,0.112992,0.304398,0.509586,0.050211,0.196484,0.227634
0.533188,0.556658,0.260488,0.336169,0.368784,0.669429,0.226654,0.394147,0.405580,0.566719,0.279952,0.639201,0.507842,0.413328,0.702283,0.495492,0.356559,0.626052,0.400916,0.414411,0.128640,0.248698,0.370340,0.427689,0.262537,0.372549,0.275148,0.304998,0.384617,0.680733,0.178715,0.110740,0.435715,0.463198,0.349468,0.366540,0.526484,0.734579,0.283632,0.472666,0.301942,0.416643,0.000000,1.331507,0.812579,0.869428,1.346558,0.927836,0.807288,0.668227,0.677340,0.626372,0.715090,0.753125,0.665543,0.683490,0.550242,0.581300,0.357923,0.464416,0.241806,0.409594,0.457636,0.683270,0.225517,0.352844,0.395491,0.486339,0.382628,0.249596,0.050015,0.030408,0.596310,0.749488,0.550246,0.500062,0.657630,0.674773,0.198818,0.415077,0.648322,0.496704,0.449046,0.566427,0.560452,0.686731,0.467367,0.381795,0.377416,0.602749
0.289264,0.335431,0.024908,0.116865,0.111965,0.439646,-0.038904,0.176820,0.226128,0.381483,0.221267,0.595911,0.395574,0.437095,0.637990,0.330311,0.405158,0.705645,0.275184,0.338707,0.118551,0.186173,0.186719,0.212643,0.242930,0.221437,0.234956,0.194463,0.565589,0.765138,0.026428,-0.062142,0.316873,0.339323,0.291105,0.321238,0.657906,0.861627,0.300519,0.426506,0.357411,0.365743,1.331507,0.000000,0.789860,1.016829,1.445253,1.126282,0.862588,0.703535,0.778154,0.721069,0.745252,0.788849,0.478156,0.491970,0.345395,0.371666,0.144945,0.337558,0.026719,0.254306,0.311572,0.622976,0.225964,0.253621,0.204150,0.389024,0.257957,0.201729,-0.107791,-0.091860,0.502615,0.592214,0.506813,0.414842,0.635306,0.610750,0.145432,0.342533,0.684802,0.542031,0.357743,0.568380,0.521819,0.836917,0.293522,0.240894,0.267735,0.422400
0.245748,0.319293,0.204851,0.330390,0.300177,0.475031,0.165476,0.352001,0.304581,0.413268,0.149998,0.352948,0.308235,0.229135,0.347145,0.356091,0.245140,0.312755,0.187557,0.140866,0.076896,0.183798,0.187868,0.264643,0.176322,0.278712,0.033751,0.107926,0.230352,0.509072,0.077125,0.083300,0.224405,0.198307,0.371482,0.258493,0.303771,0.693483,-0.026384,0.374292,0.175037,0.409123,0.812579,0.789860,0.000000,1.019008,0.549792,0.499424,0.823977,0.687835,0.798512,0.666135,0.343201,0.485246,0.517206,0.533083,0.207876,0.357157,0.157339,0.384257,0.123038,0.380755,0.231026,0.346888,0.275389,0.381773,0.404462,0.549823,0.100736,0.214463,0.105882,0.073742,0.310722,0.404243,0.337772,0.176814,0.488886,0.455648,0.407862,0.640126,0.719234,0.806066,0.292390,0.331343,0.580756,0.656409,0.311493,0.369895,0.127591,0.560230
0.350956,0.377664,0.121243,0.265807,0.186217,0.459420,0.132227,0.377963,0.236039,0.392601,0.215158,0.465044,0.318449,0.331087,0.383891,0.410709,0.272651,0.431708,0.265869,0.320916,0.025320,0.266533,0.224073,0.349658,0.195128,0.264507,0.053473,0.092930,0.179606,0.454094,0.221391,0.197383,0.414852,0.441205,0.592782,0.451185,0.305093,0.699562,0.131064,0.342536,0.112188,0.317956,0.869428,1.016829,1.019008,0.000000,0.783712,0.732714,1.045969,1.010170,0.832136,0.798743,0.624121,0.685954,0.608323,0.605135,0.368620,0.469839,0.195781,0.376971,0.115072,0.361141,0.315658,0.650283,0.250032,0.310830,0.449631,0.576089,0.199131,0.133370,0.160986,0.107803,0.455888,0.479015,0.462225,0.365501,0.557291,0.561438,0.298876,0.583991,0.744926,0.628835,0.314796,0.363705,0.587718,0.745424,0.285661,0.375117,0.135867,0.497936
0.468749,0.441453,0.163525,0.181805,0.245645,0.512314,0.089923,0.238907,0.398996,0.501147,0.159520,0.585089,0.379731,0.477172,0.780904,0.421970,0.281250,0.628265,0.341389,0.420419,0.064910,0.173244,0.332776,0.318849,0.314391,0.227008,0.277471,0.249182,0.445876,0.699897,0.124828,0.006246,0.413255,0.449588,0.308237,0.362170,0.586606,0.751088,0.502161,0.504860,0.420621,0.317353,1.346558,1.445253,0.549792,0.783712,0.000000,1.230232,0.819365,0.707136,0.755694,0.710517,1.084874,0.954229,0.610451,0.578352,0.515487,0.473472,0.345150,0.437781,0.163972,0.298936,0.361868,0.705732,0.184055,0.295661,0.294450,0.420006,0.398970,0.195981,-0.059285,-0.056851,0.646006,0.692587,0.557782,0.473489,0.648492,0.668208,0.149750,0.219445,0.520877,0.400073,0.523630,0.712896,0.523911,0.792934,0.389593,0.331892,0.437433,0.499142
0.201526,0.218823,-0.037384,0.043553,0.127006,0.288992,-0.051773,0.159343,0.190381,0.217110,0.132667,0.327402,0.396777,0.260762,0.512473,0.317224,0.241337,0.455908,0.113446,0.287144,0.015352,0.176660,0.088596,0.171888,0.191663,0.192974,0.152527,0.129095,0.427521,0.647835,0.050408,-0.018368,0.265223,0.352979,0.322104,0.160579,0.521998,0.847684,0.517320,0.760195,0.273258,0.321759,0.927836,1.126282,0.499424,0.732714,1.230232,0.000000,0.669427,0.706135,0.790492,0.704342,0.901897,0.952689,0.666527,0.604222,0.221351,0.235995,0.111176,0.312573,0.102492,0.337352,0.220816,0.526608,0.146708,0.300818,0.270730,0.354459,0.171368,0.078490,-0.047853,-0.059500,0.344276,0.390413,0.333163,0.262999,0.471383,0.424230,0.352096,0.384893,0.427545,0.535226,0.422095,0.711026,0.655840,0.961787,0.413638,0.388598,0.286459,0.323083
