0.000000,1.369682,1.185473,1.266936,0.680133,0.750979,1.519548,1.311621,0.454549,0.703734,1.287972,1.269215,1.238201,1.151428,0.939707,0.813134,0.926349,0.932291,0.702942,0.798557,0.305529,0.294196,0.455442,0.801473,0.769750,0.886781,0.137386,0.302812,1.017686,1.063306,0.629300,0.993471,1.137361,1.200549,0.591082,0.159927,0.255211,0.169963,0.501150,0.696479,0.412387,0.513749,0.858535,1.151839,0.566151,0.980208,1.146766,1.108033,1.117107,1.137602,1.299564,1.104265,0.888629,1.114489,1.112239,1.096059,1.213778,1.102061,0.967571,1.077023,1.279503,1.210162,1.353630,1.397321,1.116042,1.031075,0.976796,0.943269,0.467886,0.030789,0.137644,0.148243,0.741663,0.610032,0.268006,0.270081,0.328025,0.474965,0.430057,0.831199,0.927712,1.008323,0.410485,0.401266,1.375020,1.303134,0.450305,0.519152,0.804382,0.986806
1.369682,0.000000,1.083623,1.170075,0.675936,0.722198,1.247868,1.255079,0.455046,0.656620,1.071355,1.232098,1.082435,1.107088,0.905729,0.819128,0.869762,0.998237,0.797463,0.985080,0.240361,0.306334,0.462382,0.797495,0.747018,0.840124,0.115513,0.346869,1.019533,1.120358,0.652781,1.048722,1.217821,1.296651,0.603432,0.207350,0.298876,0.174373,0.466295,0.661471,0.451341,0.533945,0.817715,1.059020,0.569058,0.968293,1.101889,1.070210,1.051324,1.049421,1.151594,1.067249,0.833681,1.002721,1.046557,1.099076,1.348165,1.228865,1.046400,1.088638,1.235749,1.167906,1.204028,1.308408,0.974987,0.966451,0.960094,0.994937,0.572540,0.096657,0.079049,0.110673,0.675211,0.608565,0.207983,0.291524,0.408788,0.509233,0.465779,0.829147,0.988927,1.079803,0.437490,0.423743,1.301414,1.293645,0.494765,0.571777,0.772936,0.874993
1.185473,1.083623,0.000000,1.177906,0.661493,0.784250,1.274391,1.101119,0.482194,0.609202,0.893097,0.937006,0.847646,0.816494,0.838628,0.627580,0.719599,0.682953,0.748578,0.878583,0.238620,0.287111,0.712729,0.904124,0.790766,0.751674,0.175459,0.297535,0.872703,0.850789,0.654734,0.884431,0.937360,0.972036,0.513904,0.126184,0.205018,0.125997,0.338292,0.510355,0.408636,0.496210,0.635758,0.834575,0.480165,0.912419,0.827163,0.804990,0.763024,0.873124,0.853695,0.752722,0.679812,1.011225,0.734748,0.818582,0.870174,0.979564,0.741927,0.871531,0.922453,0.891485,0.915589,0.990755,0.758771,0.843119,0.734783,0.763419,0.370713,0.122687,0.280592,0.274272,0.687720,0.610870,0.314955,0.205731,0.235955,0.430768,0.341323,0.809220,0.718959,0.782299,0.390983,0.378102,0.997369,0.976906,0.356197,0.439270,0.658701,0.941536
1.266936,1.170075,1.177906,0.000000,0.765798,0.840135,1.498435,1.645525,0.550826,0.802466,1.071488,1.213000,1.074872,1.056392,0.875848,0.833153,0.717887,0.806158,0.692048,0.951183,0.298657,0.309037,0.642921,1.045498,0.871111,0.908763,0.164726,0.324765,0.926254,0.983321,0.692587,1.049922,1.083634,1.128641,0.561100,0.163627,0.220836,0.173319,0.489898,0.643736,0.432081,0.492571,0.796048,0.957402,0.620695,0.995062,1.009689,0.977151,0.964975,0.926881,1.098449,0.938131,0.848410,1.009978,0.918550,0.939000,0.946955,0.952136,0.865495,0.935826,1.115778,1.126422,1.132644,1.243637,0.913418,1.177211,0.912092,1.017075,0.411956,0.097451,0.153154,0.174721,0.678888,0.611059,0.248654,0.305887,0.292028,0.461564,0.419128,0.766053,0.859811,1.005382,0.503177,0.505340,1.178999,1.333370,0.507987,0.532862,0.795235,1.007747
0.680133,0.675936,0.661493,0.765798,0.000000,0.607375,0.809944,0.811701,0.602337,0.808200,0.666374,0.764333,0.698186,0.748047,0.622021,0.683381,0.494685,0.604514,0.506903,0.559522,0.241280,0.270551,0.668651,0.858910,0.708229,0.572842,0.266174,0.312392,0.593019,0.640190,0.514259,0.649442,0.719471,0.688843,0.398338,0.055212,0.356239,0.195321,0.297705,0.527271,0.424016,0.476307,0.601854,0.600777,0.583549,0.690540,0.715257,0.728122,0.643380,0.587464,0.693598,0.681024,0.588514,0.626691,0.619370,0.686484,0.635940,0.615379,0.639144,0.613648,0.761505,0.713374,0.695107,0.723296,0.618317,0.810026,0.682405,0.747549,0.400311,0.078605,-0.042274,0.086141,0.453837,0.269014,0.124707,0.282169,0.317985,0.338526,0.416019,0.553931,0.688058,0.743825,0.526824,0.419222,0.780640,0.818330,0.508533,0.407771,0.683043,0.634672
0.750979,0.722198,0.784250,0.840135,0.607375,0.000000,0.787052,0.830979,0.496112,0.660688,0.670153,0.786334,0.642626,0.728691,0.740623,0.636023,0.510789,0.555601,0.538531,0.604749,0.293402,0.329214,0.543039,0.675555,0.649654,0.597953,0.102953,0.337940,0.586146,0.653912,0.530734,0.737591,0.693192,0.725293,0.374003,0.128485,0.222099,0.115503,0.328921,0.480579,0.378851,0.380735,0.583080,0.657479,0.538352,0.789729,0.701511,0.732302,0.649878,0.661758,0.703383,0.701071,0.687970,0.704211,0.650991,0.698807,0.618861,0.649485,0.634483,0.644074,0.689656,0.762690,0.688017,0.746228,0.533768,0.831096,0.681498,0.803927,0.326202,0.173553,0.184543,0.185818,0.464086,0.413210,0.198683,0.178459,0.226595,0.393298,0.349170,0.539087,0.575128,0.656552,0.365888,0.354078,0.679441,0.801174,0.403759,0.456749,0.551248,0.676570
1.519548,1.247868,1.274391,1.498435,0.809944,0.787052,0.000000,1.588227,0.528709,0.805948,1.282243,1.298221,1.386370,1.224254,1.035177,0.906470,0.865077,0.892582,0.740344,0.819022,0.293968,0.301591,0.583410,0.959146,0.869065,0.929757,0.154372,0.310518,0.992990,1.016567,0.656660,1.036860,1.113756,1.143524,0.629423,0.175297,0.277468,0.133107,0.508074,0.690115,0.432610,0.510818,0.887451,1.087977,0.609942,0.961878,1.155908,1.075679,1.093449,1.065030,1.302141,1.106854,0.932065,1.160721,1.113015,1.107945,1.139927,0.990146,0.960294,0.989579,1.248150,1.155844,1.268167,1.292248,1.126219,1.138887,0.985283,0.959136,0.487989,0.043390,0.121925,0.140921,0.718336,0.591571,0.236195,0.312771,0.319082,0.459204,0.429054,0.811844,0.890417,0.987830,0.476490,0.407465,1.434404,1.368194,0.543093,0.543937,0.873124,1.039024
1.311621,1.255079,1.101119,1.645525,0.811701,0.830979,1.588227,0.000000,0.613898,0.908327,1.107946,1.327122,1.263526,1.285135,0.945994,1.001653,0.739680,0.862320,0.718466,0.897486,0.280106,0.329936,0.646804,1.056464,0.854056,0.842912,0.152238,0.323287,0.920783,0.990522,0.676418,1.034107,1.081888,1.111370,0.561948,0.137647,0.291678,0.185679,0.445090,0.646173,0.470905,0.562935,0.850443,0.984033,0.692731,1.058510,1.113965,1.119676,1.105159,1.020478,1.212999,1.097386,0.943209,1.022495,1.014811,1.027486,1.018462,0.944109,1.018791,1.018509,1.267129,1.248526,1.182569,1.311923,1.008864,1.367569,1.009379,1.107359,0.497484,0.087367,0.049117,0.089274,0.644999,0.538760,0.219365,0.265490,0.341904,0.468348,0.453274,0.744663,0.915696,1.070133,0.510063,0.484426,1.236469,1.420301,0.541044,0.494401,0.941800,1.046121
0.454549,0.455046,0.482194,0.550826,0.602337,0.496112,0.528709,0.613898,0.000000,0.933955,0.398635,0.408876,0.444370,0.429947,0.614876,0.522115,0.166855,0.313422,0.451276,0.424024,0.034740,0.074780,0.549661,0.526371,0.404947,0.306552,0.133010,0.346816,0.302102,0.328376,0.226169,0.330514,0.368058,0.370612,0.246444,-0.003489,0.150521,0.114149,0.156644,0.270433,0.314706,0.305726,0.440941,0.405158,0.455419,0.570678,0.525148,0.555545,0.508688,0.470632,0.488216,0.452111,0.572065,0.549417,0.436212,0.455350,0.354839,0.504506,0.472062,0.421648,0.525888,0.454750,0.413651,0.482843,0.363629,0.623171,0.643260,0.593300,0.351890,0.332003,-0.069528,0.077100,0.263897,0.266970,0.228492,0.132688,0.320513,0.380479,0.179724,0.329893,0.350589,0.397269,0.413237,0.297842,0.429885,0.545698,0.367858,0.356106,0.715571,0.661880
0.703734,0.656620,0.609202,0.802466,0.808200,0.660688,0.805948,0.908327,0.933955,0.000000,0.658967,0.731994,0.718382,0.745172,0.694334,0.828139,0.414816,0.569414,0.519806,0.562967,0.127019,0.143880,0.586192,0.818131,0.612813,0.482722,0.173775,0.311566,0.521362,0.578239,0.422366,0.566190,0.634257,0.627290,0.363503,0.061893,0.292156,0.153347,0.285955,0.449340,0.365462,0.407335,0.650835,0.621990,0.646012,0.744462,0.785807,0.811777,0.708536,0.656768,0.757562,0.735938,0.725480,0.686088,0.713409,0.699832,0.616992,0.617561,0.694984,0.633642,0.760124,0.726871,0.680688,0.732651,0.607023,0.909325,0.764215,0.765134,0.372023,0.123245,-0.059908,0.048553,0.346141,0.292160,0.175674,0.248094,0.311770,0.356024,0.356573,0.480242,0.602016,0.671356,0.458607,0.388778,0.738776,0.845556,0.502452,0.403778,0.818481,0.742158
1.287972,1.071355,0.893097,1.071488,0.666374,0.670153,1.282243,1.107946,0.398635,0.658967,0.000000,1.252504,1.216260,1.163301,1.015080,0.883801,0.936879,0.940894,0.607558,0.632793,0.338700,0.316433,0.391968,0.735823,0.744797,0.921281,0.116736,0.338700,0.984280,1.042216,0.620133,0.982660,1.031404,1.125618,0.607907,0.184700,0.286305,0.191232,0.591041,0.785173,0.398088,0.436071,0.904305,1.111048,0.549718,0.867123,1.083355,1.030100,1.067343,1.060886,1.281193,1.115345,0.832245,0.952142,1.105634,1.014836,1.102676,0.898158,0.808198,0.869787,1.062139,1.035028,1.163065,1.182260,1.136996,0.962917,0.900208,0.904683,0.457738,0.016829,0.069242,0.084192,0.677485,0.547716,0.156211,0.288239,0.332460,0.443485,0.466258,0.760699,0.880509,0.958080,0.421370,0.402553,1.308679,1.183270,0.511865,0.579531,0.789104,0.806298
1.269215,1.232098,0.937006,1.213000,0.764333,0.786334,1.298221,1.327122,0.408876,0.731994,1.252504,0.000000,1.160779,1.373025,0.921335,0.949524,0.849730,0.942076,0.612715,0.734949,0.370069,0.362871,0.478017,0.911705,0.794141,0.933011,0.166657,0.333150,1.001234,1.158712,0.715695,1.129201,1.188871,1.277732,0.593638,0.190618,0.335823,0.184844,0.547841,0.791179,0.487129,0.529261,0.869144,1.065374,0.603701,0.947559,1.108163,1.089379,1.004650,0.986816,1.207535,1.090128,0.791516,0.901886,1.152233,1.086889,1.135431,0.880737,0.869200,0.920066,1.092505,1.179434,1.182290,1.266654,1.075167,1.064206,0.855563,0.993323,0.479073,-0.041259,0.057134,0.057179,0.642225,0.526150,0.172515,0.297534,0.327268,0.399377,0.503366,0.729502,0.928828,1.098581,0.439847,0.445316,1.319028,1.364531,0.527215,0.522816,0.782598,0.799338
1.238201,1.082435,0.847646,1.074872,0.698186,0.642626,1.386370,1.263526,0.444370,0.718382,1.216260,1.160779,0.000000,1.299190,1.002566,0.944164,0.885705,0.892710,0.699152,0.660264,0.253037,0.283133,0.431105,0.778128,0.739105,0.847496,0.210491,0.252690,0.911679,0.920612,0.543355,0.903661,0.931361,0.944720,0.593727,0.167196,0.311293,0.166680,0.505011,0.669837,0.380716,0.475337,0.804730,0.941856,0.552775,0.774021,1.057848,0.970165,1.045161,0.907391,1.165023,1.044929,0.841126,0.907766,1.117495,1.081521,1.105612,0.788554,0.975386,0.946406,1.230392,1.056715,1.180720,1.137197,1.123100,0.999720,0.957220,0.880244,0.587037,-0.011338,0.027792,0.045990,0.683763,0.518402,0.174418,0.248908,0.364904,0.434086,0.434136,0.698365,0.884171,0.891978,0.443015,0.350501,1.272728,1.122109,0.525039,0.474536,0.913763,0.836185
1.151428,1.107088,0.816494,1.056392,0.748047,0.728691,1.224254,1.285135,0.429947,0.745172,1.163301,1.373025,1.299190,0.000000,0.949138,1.107883,0.854745,0.954890,0.701060,0.676197,0.275750,0.314899,0.499543,0.878049,0.773780,0.852643,0.190479,0.345697,0.853335,0.967216,0.575544,0.946934,0.979082,0.997250,0.573518,0.191601,0.340193,0.185361,0.547393,0.749274,0.416648,0.467130,0.836794,1.022662,0.559844,0.800176,1.127276,1.081853,1.109902,0.920751,1.223628,1.159589,0.874648,0.845031,1.216315,1.163505,1.177523,0.763634,1.011223,0.995409,1.119025,1.120875,1.135873,1.132017,1.109430,1.084990,0.968867,1.009812,0.643667,-0.007155,-0.015788,0.027922,0.618168,0.479876,0.098772,0.250897,0.369778,0.404444,0.472998,0.678007,0.877872,0.953963,0.438482,0.384325,1.233127,1.212010,0.598078,0.572578,0.920115,0.810438
0.939707,0.905729,0.838628,0.875848,0.622021,0.740623,1.035177,0.945994,0.614876,0.694334,1.015080,0.921335,1.002566,0.949138,0.000000,0.946534,0.659152,0.731291,0.702347,0.628729,0.258137,0.260733,0.507474,0.684111,0.859843,0.754411,0.029572,0.397544,0.816078,0.809563,0.532042,0.826033,0.770195,0.815645,0.483323,0.188500,0.299039,0.158860,0.544485,0.640775,0.445209,0.414500,0.716131,0.815775,0.574741,0.781684,0.915557,0.892737,0.904826,0.841204,0.931210,0.875526,0.776469,0.865004,0.924833,0.939746,0.883777,0.754417,0.797954,0.746342,0.927595,0.815522,0.890495,0.891575,0.862129,0.906052,0.844966,0.832261,0.562611,0.163349,0.081987,0.106160,0.577511,0.477201,0.184461,0.233921,0.348625,0.497664,0.414682,0.677119,0.764071,0.836542,0.584807,0.393917,1.013044,1.007465,0.622274,0.600304,0.849800,0.853079
0.813134,0.819128,0.627580,0.833153,0.683381,0.636023,0.906470,1.001653,0.522115,0.828139,0.883801,0.949524,0.944164,1.107883,0.946534,0.000000,0.646891,0.783424,0.634561,0.604188,0.212210,0.232494,0.547496,0.850489,0.740206,0.654677,0.060329,0.316852,0.710610,0.781114,0.537182,0.805726,0.753961,0.744353,0.438927,0.144042,0.430107,0.206801,0.566249,0.724026,0.410819,0.484325,0.704233,0.748138,0.607543,0.680383,0.920754,0.915984,0.852622,0.719406,0.896743,0.924401,0.749602,0.671835,0.998657,0.963054,0.920589,0.587080,0.827056,0.747907,0.892135,0.885888,0.849223,0.875924,0.890491,0.995444,0.799301,0.868456,0.615320,0.032944,-0.072412,-0.032444,0.443716,0.312590,0.046619,0.270570,0.369657,0.380822,0.498072,0.534641,0.809156,0.866812,0.581106,0.436253,1.008655,1.019612,0.691341,0.556500,0.893218,0.725621
0.926349,0.869762,0.719599,0.717887,0.494685,0.510789,0.865077,0.739680,0.166855,0.414816,0.936879,0.849730,0.885705,0.854745,0.659152,0.646891,0.000000,0.855377,0.571836,0.629993,0.386991,0.339227,0.292238,0.546374,0.622305,0.741005,0.118182,0.183556,0.995929,0.928026,0.701836,0.878674,0.936842,0.932081,0.451764,0.151115,0.333560,0.228188,0.525845,0.690624,0.380126,0.465017,0.655331,0.759715,0.474948,0.649621,0.724701,0.712267,0.691051,0.707961,0.832837,0.811659,0.504001,0.634456,0.816948,0.780306,0.915697,0.705482,0.661091,0.749962,0.867796,0.835791,0.942877,0.921638,0.821095,0.615082,0.561459,0.612270,0.338514,-0.050181,0.103335,0.090003,0.602152,0.378416,0.082108,0.302562,0.245588,0.292568,0.563426,0.662457,0.950963,0.869517,0.392067,0.424336,1.008096,0.804150,0.450185,0.498091,0.526439,0.540961
0.932291,0.998237,0.682953,0.806158,0.604514,0.555601,0.892582,0.862320,0.313422,0.569414,0.940894,0.942076,0.892710,0.954890,0.731291,0.783424,0.855377,0.000000,0.591970,0.727882,0.306574,0.326010,0.305456,0.597058,0.686912,0.680832,0.044452,0.250104,0.925344,1.046332,0.651387,0.899298,1.012465,0.987130,0.471558,0.130637,0.434697,0.249971,0.512034,0.723261,0.421179,0.541045,0.784013,0.873632,0.561835,0.765334,0.910621,0.895084,0.787140,0.825554,0.950070,0.912470,0.675772,0.742568,0.970631,0.880569,0.990484,0.819284,0.765978,0.824726,0.901470,0.942965,0.947419,1.013156,0.844790,0.744881,0.723237,0.787644,0.470222,0.010281,0.019507,0.042624,0.533687,0.367889,0.081201,0.280845,0.388479,0.351313,0.563217,0.678903,0.960279,1.034303,0.413680,0.450080,1.040607,0.971918,0.470770,0.500445,0.671207,0.619325
0.702942,0.797463,0.748578,0.692048,0.506903,0.538531,0.740344,0.718466,0.451276,0.519806,0.607558,0.612715,0.699152,0.701060,0.702347,0.634561,0.571836,0.591970,0.000000,0.843731,0.144144,0.198856,0.689319,0.643130,0.563759,0.451856,0.109588,0.265057,0.576502,0.579020,0.395473,0.567315,0.620496,0.618386,0.370516,0.128445,0.245293,0.067040,0.340965,0.414659,0.305048,0.277513,0.475295,0.560570,0.412877,0.529837,0.629790,0.602588,0.638182,0.534198,0.594386,0.612727,0.591103,0.617290,0.654751,0.764190,0.799291,0.643611,0.750071,0.775040,0.722931,0.629048,0.656272,0.622932,0.558685,0.600589,0.709337,0.687799,0.622891,0.221656,0.064611,0.153447,0.425928,0.394145,0.104108,0.162198,0.339891,0.362636,0.291940,0.467081,0.552163,0.602084,0.441492,0.291661,0.683479,0.683560,0.503822,0.535617,0.655399,0.650363
0.798557,0.985080,0.878583,0.951183,0.559522,0.604749,0.819022,0.897486,0.424024,0.562967,0.632793,0.734949,0.660264,0.676197,0.628729,0.604188,0.629993,0.727882,0.843731,0.000000,0.252284,0.307955,0.635653,0.767148,0.667225,0.585912,0.121526,0.269128,0.821214,0.854837,0.692163,0.831367,0.911211,0.889879,0.418489,0.096976,0.346964,0.180059,0.376595,0.501747,0.438452,0.460721,0.601384,0.647723,0.619966,0.798873,0.687870,0.678671,0.654930,0.666670,0.670933,0.672799,0.536145,0.628641,0.652145,0.676977,0.793960,0.861181,0.780876,0.857514,0.815776,0.800377,0.770802,0.815299,0.629040,0.731679,0.699673,0.810766,0.418450,0.246828,0.118324,0.176594,0.406936,0.377989,0.128812,0.262221,0.299284,0.410523,0.457922,0.629753,0.788118,0.878532,0.475593,0.522568,0.810589,0.886027,0.444497,0.530106,0.572995,0.687821
0.305529,0.240361,0.238620,0.298657,0.241280,0.293402,0.293968,0.280106,0.034740,0.127019,0.338700,0.370069,0.253037,0.275750,0.258137,0.212210,0.386991,0.306574,0.144144,0.252284,0.000000,0.613039,0.164764,0.169342,0.351375,0.320334,0.078630,0.177003,0.444026,0.455641,0.629839,0.479059,0.499162,0.479733,0.059419,0.049953,0.356790,0.295305,0.406127,0.559156,0.529806,0.380653,0.434363,0.337276,0.499137,0.428467,0.264461,0.319263,0.220919,0.287816,0.315343,0.326970,0.166927,0.206497,0.326585,0.222754,0.189828,0.327481,0.176702,0.228749,0.295421,0.375931,0.295701,0.368573,0.232580,0.244155,0.134449,0.317712,-0.116762,0.086882,0.051364,0.088578,0.168696,-0.015934,-0.047268,0.373898,0.001463,0.060310,0.408384,0.206759,0.468261,0.492694,0.406745,0.549181,0.328526,0.361128,0.383167,0.397097,0.176368,0.180891
0.294196,0.306334,0.287111,0.309037,0.270551,0.329214,0.301591,0.329936,0.074780,0.143880,0.316433,0.362871,0.283133,0.314899,0.260733,0.232494,0.339227,0.326010,0.198856,0.307955,0.613039,0.000000,0.158293,0.178920,0.394708,0.365921,0.218065,0.226946,0.390799,0.464899,0.586599,0.490389,0.513901,0.470817,0.101703,0.072549,0.392218,0.301882,0.344302,0.480708,0.519010,0.541529,0.450701,0.305624,0.513066,0.457355,0.274861,0.354035,0.244329,0.301403,0.336035,0.333456,0.200780,0.239990,0.331272,0.228872,0.218042,0.381276,0.207250,0.248936,0.374638,0.374428,0.289082,0.409473,0.266219,0.291990,0.187863,0.357452,-0.063766,0.115859,0.020726,0.100334,0.225783,0.045444,-0.090774,0.293870,-0.014562,0.117512,0.407808,0.277204,0.475888,0.502840,0.494813,0.530232,0.324930,0.396151,0.418246,0.423334,0.245239,0.176774
0.455442,0.462382,0.712729,0.642921,0.668651,0.543039,0.583410,0.646804,0.549661,0.586192,0.391968,0.478017,0.431105,0.499543,0.507474,0.547496,0.292238,0.305456,0.689319,0.635653,0.164764,0.158293,0.000000,0.976969,0.605307,0.311556,0.178272,0.254841,0.398895,0.404520,0.456368,0.481395,0.445001,0.404197,0.232747,0.044722,0.277249,0.123496,0.185705,0.295966,0.293910,0.276626,0.313803,0.314529,0.444492,0.523542,0.432442,0.430059,0.422318,0.354063,0.361014,0.386813,0.397414,0.419607,0.358509,0.494362,0.418228,0.384368,0.530397,0.539636,0.507587,0.465304,0.436591,0.438375,0.360686,0.599026,0.484709,0.591882,0.404285,0.255063,0.133096,0.229791,0.287747,0.213039,0.119341,0.139571,0.191724,0.240898,0.277454,0.386217,0.410825,0.467661,0.512024,0.372557,0.466376,0.544874,0.451804,0.373034,0.546294,0.573025
0.801473,0.797495,0.904124,1.045498,0.858910,0.675555,0.959146,1.056464,0.526371,0.818131,0.735823,0.911705,0.778128,0.878049,0.684111,0.850489,0.546374,0.597058,0.643130,0.767148,0.169342,0.178920,0.976969,0.000000,0.806621,0.612486,0.170285,0.287958,0.668712,0.688920,0.596447,0.798123,0.745228,0.735761,0.423953,0.149852,0.310700,0.152697,0.360864,0.542367,0.383437,0.398498,0.512450,0.618600,0.499594,0.724540,0.738903,0.732945,0.694205,0.627773,0.690666,0.694576,0.571555,0.610409,0.691072,0.787328,0.770092,0.599348,0.731454,0.778893,0.788367,0.781391,0.777387,0.790309,0.675942,0.914546,0.680832,0.818320,0.500576,0.069582,0.051638,0.097980,0.458775,0.369974,0.153908,0.233460,0.274596,0.343129,0.393790,0.573549,0.703588,0.772915,0.477274,0.435897,0.891805,0.920151,0.501012,0.440290,0.726841,0.692068
0.769750,0.747018,0.790766,0.871111,0.708229,0.649654,0.869065,0.854056,0.404947,0.612813,0.744797,0.794141,0.739105,0.773780,0.859843,0.740206,0.622305,0.686912,0.563759,0.667225,0.351375,0.394708,0.605307,0.806621,0.000000,0.811268,0.086122,0.309359,0.789138,0.759345,0.776405,0.862778,0.850446,0.790945,0.392872,0.147772,0.429921,0.270905,0.618329,0.732072,0.584445,0.511522,0.606860,0.668183,0.651510,0.764356,0.724178,0.720827,0.706613,0.657237,0.763062,0.739873,0.604133,0.628831,0.708629,0.727050,0.700561,0.617499,0.675627,0.627599,0.823778,0.686543,0.755216,0.786119,0.665617,0.796744,0.609340,0.735571,0.394592,0.068834,0.042756,0.065963,0.470815,0.330230,0.065730,0.381677,0.242732,0.378566,0.526168,0.638555,0.864363,0.939193,0.746931,0.641784,0.915288,0.961156,0.779317,0.600378,0.672608,0.608309
0.886781,0.840124,0.751674,0.908763,0.572842,0.597953,0.929757,0.842912,0.306552,0.482722,0.921281,0.933011,0.847496,0.852643,0.754411,0.654677,0.741005,0.680832,0.451856,0.585912,0.320334,0.365921,0.311556,0.612486,0.811268,0.000000,0.193606,0.273573,0.833087,0.812007,0.624229,0.909572,0.840662,0.897320,0.569241,0.211160,0.250203,0.226731,0.697115,0.765172,0.434258,0.425604,0.714411,0.879951,0.501778,0.750894,0.822323,0.759310,0.819873,0.808210,0.923204,0.869772,0.626703,0.748582,0.824212,0.841171,0.829757,0.725121,0.609407,0.677508,0.805990,0.748355,0.847966,0.904600,0.784795,0.759099,0.689419,0.722814,0.393209,0.002899,0.115130,0.088700,0.658573,0.564597,0.155459,0.375654,0.299384,0.386290,0.395205,0.640234,0.783617,0.796110,0.514903,0.509181,1.022751,0.938474,0.562159,0.577547,0.586556,0.640419
0.137386,0.115513,0.175459,0.164726,0.266174,0.102953,0.154372,0.152238,0.133010,0.173775,0.116736,0.166657,0.210491,0.190479,0.029572,0.060329,0.118182,0.044452,0.109588,0.121526,0.078630,0.218065,0.178272,0.170285,0.086122,0.193606,0.000000,0.080955,0.114536,0.152647,0.161789,0.155588,0.140758,0.135479,0.170520,-0.014571,0.103684,0.214185,0.019709,0.124221,0.172555,0.226717,0.111853,0.100080,0.164015,0.194835,0.130280,0.140045,0.135144,0.088257,0.115503,0.120709,0.050550,0.092376,0.149092,0.110316,0.104529,0.158331,0.148535,0.161406,0.211632,0.148069,0.128505,0.173385,0.145651,0.159886,0.200805,0.168533,0.084383,0.025819,0.002731,0.115090,0.140980,0.133797,0.141869,-0.025190,0.104573,0.104120,0.077286,0.157077,0.173089,0.129064,0.164935,0.192981,0.160562,0.152746,0.097275,0.039374,0.190792,0.168582
0.302812,0.346869,0.297535,0.324765,0.312392,0.337940,0.310518,0.323287,0.346816,0.311566,0.338700,0.333150,0.252690,0.345697,0.397544,0.316852,0.183556,0.250104,0.265057,0.269128,0.177003,0.226946,0.254841,0.287958,0.309359,0.273573,0.080955,0.000000,0.231342,0.317540,0.207409,0.283178,0.325919,0.333175,0.192349,0.118501,0.157371,0.087729,0.208002,0.306643,0.242465,0.124937,0.337912,0.357411,0.238773,0.313296,0.399220,0.401996,0.347220,0.344292,0.397022,0.354539,0.378517,0.352323,0.345113,0.328419,0.321340,0.317971,0.261279,0.254880,0.308795,0.253875,0.314346,0.292543,0.298753,0.318991,0.376057,0.388834,0.283781,0.175626,-0.055207,-0.036054,0.245994,0.140850,0.020008,0.180239,0.230055,0.265788,0.167523,0.266733,0.261280,0.282379,0.249460,0.243766,0.330169,0.356338,0.352403,0.371006,0.385115,0.335627
1.017686,1.019533,0.872703,0.926254,0.593019,0.586146,0.992990,0.920783,0.302102,0.521362,0.984280,1.001234,0.911679,0.853335,0.816078,0.710610,0.995929,0.925344,0.576502,0.821214,0.444026,0.390799,0.398895,0.668712,0.789138,0.833087,0.114536,0.231342,0.000000,1.182983,0.953035,1.220837,1.195059,1.229437,0.500341,0.152653,0.433370,0.280111,0.618116,0.827490,0.510278,0.534554,0.794497,0.863486,0.652964,0.888086,0.825771,0.799349,0.729883,0.856287,0.896484,0.874854,0.559341,0.730368,0.866099,0.785100,0.939804,0.862871,0.673334,0.742366,0.937645,0.933380,1.026818,1.081928,0.851955,0.717303,0.613161,0.737789,0.291753,0.001846,0.126356,0.138060,0.555682,0.446029,0.138638,0.383141,0.268114,0.377906,0.694156,0.778131,1.172425,1.149832,0.561720,0.650317,1.178045,1.011051,0.508494,0.485551,0.545460,0.656222
1.063306,1.120358,0.850789,0.983321,0.640190,0.653912,1.016567,0.990522,0.328376,0.578239,1.042216,1.158712,0.920612,0.967216,0.809563,0.781114,0.928026,1.046332,0.579020,0.854837,0.455641,0.464899,0.404520,0.688920,0.759345,0.812007,0.152647,0.317540,1.182983,0.000000,0.927844,1.269555,1.296262,1.323888,0.472556,0.153077,0.453381,0.293094,0.577332,0.828513,0.516059,0.585939,0.868883,0.945466,0.674576,0.920667,0.947386,0.916460,0.779883,0.884073,0.983610,0.962627,0.625955,0.799382,1.005163,0.884189,1.011246,0.919885,0.717205,0.812560,0.955914,1.051516,1.064328,1.172642,0.901178,0.796817,0.686780,0.836056,0.338624,0.028825,0.092412,0.096630,0.566789,0.439386,0.138539,0.368923,0.299131,0.372815,0.626501,0.792499,1.096056,1.227686,0.501978,0.587821,1.173121,1.145281,0.527491,0.569435,0.610482,0.693796
0.629300,0.652781,0.654734,0.692587,0.514259,0.530734,0.656660,0.676418,0.226169,0.422366,0.620133,0.715695,0.543355,0.575544,0.532042,0.537182,0.701836,0.651387,0.395473,0.692163,0.629839,0.586599,0.456368,0.596447,0.776405,0.624229,0.161789,0.207409,0.953035,0.927844,0.000000,1.196050,1.061099,0.954724,0.287393,0.072973,0.598783,0.415989,0.554636,0.775090,0.706254,0.627292,0.595388,0.520075,0.861096,0.815789,0.490785,0.539896,0.441210,0.568299,0.544049,0.594846,0.307078,0.394996,0.553037,0.429410,0.501934,0.605909,0.443453,0.493706,0.688094,0.713050,0.654672,0.764059,0.526902,0.571464,0.362460,0.603742,0.069140,0.050715,0.081278,0.113278,0.308156,0.117359,0.027475,0.439291,0.117069,0.209193,0.875951,0.561503,1.031120,1.088046,0.675066,0.885698,0.758607,0.790428,0.525830,0.497477,0.409590,0.416045
0.993471,1.048722,0.884431,1.049922,0.649442,0.737591,1.036860,1.034107,0.330514,0.566190,0.982660,1.129201,0.903661,0.946934,0.826033,0.805726,0.878674,0.899298,0.567315,0.831367,0.479059,0.490389,0.481395,0.798123,0.862778,0.909572,0.155588,0.283178,1.220837,1.269555,1.196050,0.000000,1.359606,1.346073,0.508271,0.156503,0.469136,0.350882,0.717409,0.929203,0.606811,0.611592,0.839736,0.865568,0.790298,0.997801,0.837275,0.857339,0.741838,0.841546,0.924130,0.945537,0.573913,0.707069,0.916975,0.782241,0.892157,0.874969,0.688506,0.755481,0.981267,1.031491,1.001636,1.157976,0.835356,0.899048,0.653416,0.900594,0.303460,0.044262,0.099905,0.105817,0.533099,0.388171,0.142408,0.419148,0.268587,0.378397,0.738158,0.786662,1.204032,1.322222,0.651564,0.725755,1.186060,1.167280,0.583417,0.617871,0.627142,0.676750
1.137361,1.217821,0.937360,1.083634,0.719471,0.693192,1.113756,1.081888,0.368058,0.634257,1.031404,1.188871,0.931361,0.979082,0.770195,0.753961,0.936842,1.012465,0.620496,0.911211,0.499162,0.513901,0.445001,0.745228,0.850446,0.840662,0.140758,0.325919,1.195059,1.296262,1.061099,1.359606,0.000000,1.721446,0.537183,0.139090,0.498967,0.292659,0.620604,0.935911,0.655871,0.693109,0.962421,0.967083,0.845295,1.076984,0.938874,0.970797,0.829984,0.924826,1.057663,1.006668,0.653000,0.809314,0.998333,0.856895,1.018003,1.089919,0.806690,0.902312,1.178718,1.178764,1.132401,1.310952,0.929379,0.899243,0.744856,0.951698,0.330016,0.074694,0.045792,0.089977,0.556435,0.386978,0.096691,0.477168,0.281927,0.413159,0.701871,0.797027,1.287736,1.459763,0.596371,0.666025,1.246532,1.270923,0.602361,0.630108,0.651030,0.706722
1.200549,1.296651,0.972036,1.128641,0.688843,0.725293,1.143524,1.111370,0.370612,0.627290,1.125618,1.277732,0.944720,0.997250,0.815645,0.744353,0.932081,0.987130,0.618386,0.889879,0.479733,0.470817,0.404197,0.735761,0.790945,0.897320,0.135479,0.333175,1.229437,1.323888,0.954724,1.346073,1.721446,0.000000,0.592690,0.158384,0.398026,0.240908,0.602131,0.898510,0.606781,0.627858,0.929546,1.069602,0.736077,1.118541,0.967912,0.989764,0.849676,0.980812,1.078621,1.017828,0.654863,0.870656,1.010209,0.901627,1.067201,1.134250,0.767942,0.898536,1.115888,1.225281,1.130866,1.345640,0.934368,0.939309,0.735319,0.960352,0.316266,0.057360,0.084717,0.085486,0.594925,0.474870,0.145830,0.444360,0.291999,0.448565,0.626277,0.843457,1.184696,1.351399,0.505843,0.604388,1.285997,1.272740,0.539002,0.597333,0.629634,0.720853
0.591082,0.603432,0.513904,0.561100,0.398338,0.374003,0.629423,0.561948,0.246444,0.363503,0.607907,0.593638,0.593727,0.573518,0.483323,0.438927,0.451764,0.471558,0.370516,0.418489,0.059419,0.101703,0.232747,0.423953,0.392872,0.569241,0.170520,0.192349,0.500341,0.472556,0.287393,0.508271,0.537183,0.592690,0.000000,0.127353,0.156187,0.054225,0.296776,0.395072,0.242859,0.252679,0.436268,0.576165,0.295505,0.496966,0.554384,0.521566,0.580160,0.510640,0.599600,0.533565,0.421372,0.476192,0.602451,0.580796,0.630913,0.509903,0.515842,0.527378,0.563128,0.534637,0.560144,0.578123,0.612738,0.524463,0.564975,0.498841,0.349480,-0.031176,0.039239,0.061887,0.360205,0.393552,0.133058,0.149630,0.302000,0.298398,0.185915,0.391767,0.455411,0.463876,0.233375,0.184215,0.657488,0.582828,0.316052,0.319447,0.431674,0.419765
0.159927,0.207350,0.126184,0.163627,0.055212,0.128485,0.175297,0.137647,-0.003489,0.061893,0.184700,0.190618,0.167196,0.191601,0.188500,0.144042,0.151115,0.130637,0.128445,0.096976,0.049953,0.072549,0.044722,0.149852,0.147772,0.211160,-0.014571,0.118501,0.152653,0.153077,0.072973,0.156503,0.139090,0.158384,0.127353,0.000000,0.036491,-0.020273,0.182817,0.153833,-0.041341,-0.046809,0.107941,0.201365,-0.009012,0.078180,0.178294,0.141468,0.189202,0.162672,0.173322,0.200744,0.131713,0.135538,0.178528,0.231050,0.231589,0.095820,0.132296,0.189334,0.111565,0.145062,0.162655,0.139010,0.195084,0.095048,0.118959,0.145345,0.175459,-0.116226,-0.013612,0.042982,0.140264,0.150517,0.052206,0.052695,0.051345,0.120496,0.045219,0.087981,0.102821,0.127962,0.032423,-0.021661,0.199236,0.156465,0.122737,0.098776,0.087824,0.066372
0.255211,0.298876,0.205018,0.220836,0.356239,0.222099,0.277468,0.291678,0.150521,0.292156,0.286305,0.335823,0.311293,0.340193,0.299039,0.430107,0.333560,0.434697,0.245293,0.346964,0.356790,0.392218,0.277249,0.310700,0.429921,0.250203,0.103684,0.157371,0.433370,0.453381,0.598783,0.469136,0.498967,0.398026,0.156187,0.036491,0.000000,0.381655,0.333026,0.502895,0.493696,0.453742,0.377849,0.235764,0.570142,0.393828,0.303760,0.347744,0.260073,0.250523,0.292361,0.375932,0.201604,0.153780,0.383120,0.271991,0.294714,0.248090,0.315124,0.254281,0.389270,0.351903,0.318148,0.343539,0.331088,0.305495,0.260284,0.356918,0.129750,0.075374,-0.133778,-0.057158,0.044533,-0.134968,-0.082676,0.292313,0.166819,0.086448,0.601678,0.206254,0.572922,0.578279,0.541410,0.531575,0.398802,0.419126,0.512532,0.357583,0.345985,0.154998
0.169963,0.174373,0.125997,0.173319,0.195321,0.115503,0.133107,0.185679,0.114149,0.153347,0.191232,0.184844,0.166680,0.185361,0.158860,0.206801,0.228188,0.249971,0.067040,0.180059,0.295305,0.301882,0.123496,0.152697,0.270905,0.226731,0.214185,0.087729,0.280111,0.293094,0.415989,0.350882,0.292659,0.240908,0.054225,-0.020273,0.381655,0.000000,0.301478,0.400099,0.345280,0.355927,0.278913,0.154934,0.405502,0.286369,0.190176,0.216531,0.169529,0.176274,0.198044,0.245917,0.134063,0.108676,0.166624,0.125090,0.133275,0.218530,0.135672,0.159496,0.227622,0.224571,0.191464,0.268611,0.193239,0.213309,0.182200,0.240339,0.069381,0.132356,-0.019140,0.103059,0.156243,-0.038260,0.001684,0.138294,0.129961,0.084879,0.365898,0.188608,0.388055,0.368035,0.402084,0.467172,0.227553,0.263429,0.238323,0.282328,0.267867,0.195584
0.501150,0.466295,0.338292,0.489898,0.297705,0.328921,0.508074,0.445090,0.156644,0.285955,0.591041,0.547841,0.505011,0.547393,0.544485,0.566249,0.525845,0.512034,0.340965,0.376595,0.406127,0.344302,0.185705,0.360864,0.618329,0.697115,0.019709,0.208002,0.618116,0.577332,0.554636,0.717409,0.620604,0.602131,0.296776,0.182817,0.333026,0.301478,0.000000,0.957234,0.389950,0.298090,0.594538,0.618032,0.427937,0.435858,0.543598,0.507773,0.528390,0.519616,0.620010,0.624370,0.425348,0.405004,0.654371,0.566018,0.524714,0.402392,0.410527,0.408969,0.482496,0.482657,0.515294,0.539821,0.500739,0.459713,0.411473,0.500911,0.304815,-0.010064,0.018397,0.028342,0.384340,0.299559,-0.028657,0.515426,0.223965,0.172214,0.433210,0.393616,0.639860,0.653415,0.652224,0.602055,0.667730,0.624162,0.686674,0.781745,0.412021,0.384582
0.696479,0.661471,0.510355,0.643736,0.527271,0.480579,0.690115,0.646173,0.270433,0.449340,0.785173,0.791179,0.669837,0.749274,0.640775,0.724026,0.690624,0.723261,0.414659,0.501747,0.559156,0.480708,0.295966,0.542367,0.732072,0.765172,0.124221,0.306643,0.827490,0.828513,0.775090,0.929203,0.935911,0.898510,0.395072,0.153833,0.502895,0.400099,0.957234,0.000000,0.585235,0.511227,0.814052,0.791300,0.647299,0.699416,0.729111,0.768802,0.660049,0.684527,0.807771,0.855764,0.529320,0.538325,0.838681,0.738952,0.683997,0.607885,0.554117,0.582083,0.705844,0.749167,0.738969,0.811104,0.677366,0.644592,0.548731,0.711660,0.319082,0.013652,-0.012308,0.013971,0.422789,0.207726,0.029778,0.502700,0.284664,0.293090,0.629709,0.496335,0.931777,0.973077,0.706377,0.702331,0.892359,0.861887,0.805905,0.749828,0.578959,0.503840
0.412387,0.451341,0.408636,0.432081,0.424016,0.378851,0.432610,0.470905,0.314706,0.365462,0.398088,0.487129,0.380716,0.416648,0.445209,0.410819,0.380126,0.421179,0.305048,0.438452,0.529806,0.519010,0.293910,0.383437,0.584445,0.434258,0.172555,0.242465,0.510278,0.516059,0.706254,0.606811,0.655871,0.606781,0.242859,-0.041341,0.493696,0.345280,0.389950,0.585235,0.000000,0.565503,0.439204,0.370260,0.675043,0.640390,0.398075,0.470706,0.362471,0.408781,0.408014,0.411717,0.289209,0.311167,0.414784,0.333271,0.347432,0.505711,0.373702,0.372307,0.556893,0.474863,0.419961,0.548569,0.365652,0.497710,0.355198,0.513943,0.101587,0.187457,-0.099736,0.018619,0.268749,0.086411,0.073049,0.252304,0.151177,0.233893,0.512657,0.399287,0.654485,0.704642,0.641636,0.732710,0.495178,0.582043,0.521077,0.473025,0.412136,0.352064
0.513749,0.533945,0.496210,0.492571,0.476307,0.380735,0.510818,0.562935,0.305726,0.407335,0.436071,0.529261,0.475337,0.467130,0.414500,0.484325,0.465017,0.541045,0.277513,0.460721,0.380653,0.541529,0.276626,0.398498,0.511522,0.425604,0.226717,0.124937,0.534554,0.585939,0.627292,0.611592,0.693109,0.627858,0.252679,-0.046809,0.453742,0.355927,0.298090,0.511227,0.565503,0.000000,0.513775,0.421997,0.628349,0.679560,0.482090,0.547597,0.412097,0.459848,0.499581,0.450002,0.318912,0.404615,0.491007,0.418436,0.429522,0.542982,0.436705,0.420571,0.640563,0.568736,0.507169,0.641577,0.471508,0.552391,0.378654,0.515859,0.113126,0.078555,-0.029293,0.005951,0.355576,0.123367,0.061854,0.265570,0.162945,0.225159,0.457478,0.516665,0.680706,0.676055,0.504755,0.487966,0.562223,0.592086,0.419400,0.369838,0.490756,0.430665
0.858535,0.817715,0.635758,0.796048,0.601854,0.583080,0.887451,0.850443,0.440941,0.650835,0.904305,0.869144,0.804730,0.836794,0.716131,0.704233,0.655331,0.784013,0.475295,0.601384,0.434363,0.450701,0.313803,0.512450,0.606860,0.714411,0.111853,0.337912,0.794497,0.868883,0.595388,0.839736,0.962421,0.929546,0.436268,0.107941,0.377849,0.278913,0.594538,0.814052,0.439204,0.513775,0.000000,1.159500,0.863509,0.959614,1.112028,1.140975,0.935897,1.025149,1.218866,1.130621,0.918849,0.917612,0.991735,0.807302,0.734820,0.886797,0.698737,0.734744,0.854127,0.886880,0.881740,0.952396,0.804850,0.818512,0.896363,0.925115,0.304928,0.234697,0.010339,0.135195,0.518739,0.319748,0.071803,0.403176,0.250864,0.432606,0.477651,0.579577,0.796880,0.892896,0.520882,0.478531,0.911592,1.018577,0.556571,0.663452,0.701791,0.740957
1.151839,1.059020,0.834575,0.957402,0.600777,0.657479,1.087977,0.984033,0.405158,0.621990,1.111048,1.065374,0.941856,1.022662,0.815775,0.748138,0.759715,0.873632,0.560570,0.647723,0.337276,0.305624,0.314529,0.618600,0.668183,0.879951,0.100080,0.357411,0.863486,0.945466,0.520075,0.865568,0.967083,1.069602,0.576165,0.201365,0.235764,0.154934,0.618032,0.791300,0.370260,0.421997,1.159500,0.000000,0.552482,0.970354,1.315053,1.284205,1.217184,1.307051,1.466316,1.269777,0.989184,1.094222,1.181310,1.131762,1.031377,0.963572,0.834511,0.955705,0.947158,1.016216,1.076189,1.089722,0.960775,0.935128,0.953880,0.955462,0.441655,0.038448,0.107551,0.106296,0.679520,0.555022,0.180312,0.319675,0.322753,0.444173,0.356350,0.714868,0.759953,0.877022,0.368081,0.365075,1.126281,1.170955,0.499087,0.599771,0.718950,0.856532
0.566151,0.569058,0.480165,0.620695,0.583549,0.538352,0.609942,0.692731,0.455419,0.646012,0.549718,0.603701,0.552775,0.559844,0.574741,0.607543,0.474948,0.561835,0.412877,0.619966,0.499137,0.513066,0.444492,0.499594,0.651510,0.501778,0.164015,0.238773,0.652964,0.674576,0.861096,0.790298,0.845295,0.736077,0.295505,-0.009012,0.570142,0.405502,0.427937,0.647299,0.675043,0.628349,0.863509,0.552482,0.000000,0.981718,0.637233,0.696604,0.627380,0.616930,0.661360,0.700492,0.517216,0.457658,0.582404,0.467181,0.457669,0.651710,0.595485,0.544246,0.778432,0.708017,0.597763,0.708491,0.561953,0.744713,0.615749,0.784335,0.167696,0.264287,-0.097806,0.071850,0.254438,0.029094,0.026600,0.349402,0.183946,0.268179,0.670180,0.456890,0.875721,0.959746,0.767803,0.740615,0.653409,0.793326,0.620307,0.553244,0.591087,0.548496
0.980208,0.968293,0.912419,0.995062,0.690540,0.789729,0.961878,1.058510,0.570678,0.744462,0.867123,0.947559,0.774021,0.800176,0.781684,0.680383,0.649621,0.765334,0.529837,0.798873,0.428467,0.457355,0.523542,0.724540,0.764356,0.750894,0.194835,0.313296,0.888086,0.920667,0.815789,0.997801,1.076984,1.118541,0.496966,0.078180,0.393828,0.286369,0.435858,0.699416,0.640390,0.679560,0.959614,0.970354,0.981718,0.000000,0.930080,1.043177,0.904871,1.053166,0.965564,0.938636,0.722744,0.836798,0.809504,0.779539,0.738828,1.064766,0.768286,0.867495,1.008647,1.025911,0.910180,1.109198,0.747386,1.076532,0.823054,1.045993,0.291173,0.231334,0.087163,0.154516,0.535037,0.410421,0.198322,0.289120,0.265106,0.463379,0.518042,0.768303,0.938900,1.053870,0.590239,0.659058,0.956880,1.169038,0.497016,0.539201,0.713821,0.847281
1.146766,1.101889,0.827163,1.009689,0.715257,0.701511,1.155908,1.113965,0.525148,0.785807,1.083355,1.108163,1.057848,1.127276,0.915557,0.920754,0.724701,0.910621,0.629790,0.687870,0.264461,0.274861,0.432442,0.738903,0.724178,0.822323,0.130280,0.399220,0.825771,0.947386,0.490785,0.837275,0.938874,0.967912,0.554384,0.178294,0.303760,0.190176,0.543598,0.729111,0.398075,0.482090,1.112028,1.315053,0.637233,0.930080,0.000000,1.484788,1.291805,1.180668,1.494868,1.227651,1.150758,1.127287,1.335098,1.266873,1.109176,0.938721,0.991075,0.959513,1.113951,1.016653,1.155197,1.143611,1.022884,1.067976,1.178260,1.025946,0.579245,0.096125,0.042060,0.088837,0.650627,0.530696,0.215285,0.239347,0.409287,0.494361,0.403599,0.711445,0.812953,0.920407,0.449054,0.396794,1.217033,1.268773,0.553204,0.605509,0.897323,0.959259
1.108033,1.070210,0.804990,0.977151,0.728122,0.732302,1.075679,1.119676,0.555545,0.811777,1.030100,1.089379,0.970165,1.081853,0.892737,0.915984,0.712267,0.895084,0.602588,0.678671,0.319263,0.354035,0.430059,0.732945,0.720827,0.759310,0.140045,0.401996,0.799349,0.916460,0.539896,0.857339,0.970797,0.989764,0.521566,0.141468,0.347744,0.216531,0.507773,0.768802,0.470706,0.547597,1.140975,1.284205,0.696604,1.043177,1.484788,0.000000,1.252934,1.239151,1.406702,1.274731,1.081201,1.058504,1.235197,1.175372,1.011097,0.939935,0.936159,0.943745,1.079913,1.055239,1.079527,1.117559,0.936653,1.102390,1.070070,1.042415,0.502859,0.091778,0.012398,0.086960,0.614836,0.446490,0.197984,0.261089,0.362206,0.454533,0.451940,0.688211,0.845074,0.969029,0.480960,0.458915,1.144100,1.298122,0.579199,0.612362,0.903818,0.902435
1.117107,1.051324,0.763024,0.964975,0.643380,0.649878,1.093449,1.105159,0.508688,0.708536,1.067343,1.004650,1.045161,1.109902,0.904826,0.852622,0.691051,0.787140,0.638182,0.654930,0.220919,0.244329,0.422318,0.694205,0.706613,0.819873,0.135144,0.347220,0.729883,0.779883,0.441210,0.741838,0.829984,0.849676,0.580160,0.189202,0.260073,0.169529,0.528390,0.660049,0.362471,0.412097,0.935897,1.217184,0.627380,0.904871,1.291805,1.252934,0.000000,1.228072,1.485787,1.271198,1.099913,0.988187,1.158746,1.152912,1.074368,0.870846,1.135080,1.047857,1.108625,0.972586,1.045907,1.026179,1.050158,1.092507,1.170768,1.022251,0.613016,0.076064,0.019361,0.089974,0.611778,0.528158,0.163872,0.224141,0.384042,0.476427,0.318228,0.617684,0.749148,0.825661,0.453159,0.344610,1.100069,1.146300,0.571990,0.574127,0.918556,0.908431
