0.000000,0.977424,0.576756,0.223108,0.005139,0.108994,0.461667,0.243979,0.187915,0.143460,0.474184,0.397431,0.418414,0.156383,0.289507,0.140226,0.579629,0.519491,0.669568,0.594307,0.066681,0.150820,0.354618,0.139624,0.113705,0.136259,0.091652,-0.014863,0.342949,0.237875,0.271888,0.209584,0.436077,0.531663,0.096346,-0.013001,0.274633,0.221663,0.387687,0.499198,0.122485,0.291923,0.136406,-0.044424,0.174387,0.105114,0.398631,0.393450,0.244571,0.330223,0.604372,0.507746,0.410138,0.577063,0.365079,0.447899,1.018197,0.774794,0.484702,0.251317,0.596420,0.103523,0.448117,0.155231,0.195566,0.133770,0.423151,0.171142,0.999997,0.773771,0.175938,0.147293,0.264765,0.196884,0.291715,0.183304,0.241068,0.237329,0.537764,0.504066,0.581285,0.473162,0.390029,0.413996,0.598326,0.334568,0.254712,0.457858,0.268978,0.329635
0.977424,0.000000,0.278307,0.116945,-0.019194,0.000479,0.290539,0.172384,0.053283,0.010774,0.190974,0.330733,0.183372,0.222479,0.298573,0.030061,0.719826,0.860726,0.347934,0.483354,0.020099,0.085958,0.095658,-0.093861,0.017154,0.010916,-0.049799,-0.156139,0.453084,0.410389,0.092607,0.011990,0.489600,0.604086,0.018716,0.013878,0.197839,0.181085,0.293037,0.320695,0.156765,0.207483,0.028678,-0.074242,0.127905,0.157444,0.447566,0.468472,0.255364,0.475214,0.802177,0.669398,0.492713,0.678185,0.364011,0.382732,1.431261,1.503679,0.663258,0.385838,0.608754,0.209072,0.490832,0.341508,0.030149,0.003130,0.423925,0.226399,1.033214,1.201791,-0.128872,-0.111527,0.192701,0.133875,0.222829,0.042817,0.088318,0.110392,0.688454,0.864811,0.768254,0.798498,0.370079,0.560125,0.508187,0.429812,0.415025,0.373320,0.202177,0.226100
0.576756,0.278307,0.000000,0.771373,0.463879,0.371142,1.089952,0.597031,0.475826,0.391164,0.086183,0.303757,0.193301,0.068958,0.184494,0.489010,0.234600,0.142289,0.734609,0.817112,0.415003,0.518729,0.923404,0.818197,0.390338,0.534294,0.426343,0.386474,0.146541,0.140654,0.810983,0.766545,0.534288,0.617772,0.477610,0.382687,0.499463,0.443899,0.570492,0.655463,0.097181,0.410028,0.711055,0.391106,0.607449,0.586003,0.631706,0.617375,0.467548,0.529474,0.496278,0.395882,0.429538,0.432264,0.599066,0.595902,0.266404,0.221475,0.271368,0.208576,0.279255,-0.034642,0.404608,0.116932,0.502394,0.219767,0.748530,0.574605,0.548752,0.282374,0.552937,0.625169,0.392582,0.336542,0.329360,0.394983,0.524747,0.662957,0.149760,0.093283,0.424953,0.366098,0.485561,0.313882,0.487805,0.535921,0.171233,0.302618,0.647473,0.667217
0.223108,0.116945,0.771373,0.000000,0.390494,0.550079,0.980856,1.581952,0.617252,0.787927,0.004828,0.687722,0.174952,0.492794,0.097310,0.822544,0.208521,0.212386,0.350414,0.712801,0.224978,0.318889,0.497628,0.690822,-0.018766,0.178136,0.146374,0.218120,0.077043,0.323837,0.601336,0.714094,0.229654,0.487654,0.217466,0.376655,0.486421,0.570030,0.482504,0.538580,-0.014156,0.305404,0.555819,0.355073,0.451915,0.565961,0.507496,0.458549,0.287916,0.406740,0.202724,0.185182,0.372960,0.249257,0.525317,0.495788,-0.007401,0.057007,0.261070,0.476927,0.238717,0.336915,0.490903,0.472470,0.214009,0.298041,0.464954,0.669566,0.315709,0.021472,0.629418,0.808912,0.360340,0.522458,0.188825,0.359924,0.573925,0.779135,-0.178852,0.051155,0.295348,0.225788,0.395000,0.369995,0.200264,0.330252,0.050436,0.071069,0.706638,0.647984
0.005139,-0.019194,0.463879,0.390494,0.000000,0.784354,0.396895,0.290163,0.950999,0.696225,0.231776,0.172030,0.245712,0.036928,0.282901,0.533144,0.133924,0.038875,0.186503,0.300671,0.713935,0.770694,0.260076,0.310360,0.326716,0.525205,0.658801,0.785215,0.134340,0.180620,0.140735,0.132479,0.291947,0.295695,0.413596,0.555215,0.451301,0.236126,0.313653,0.267025,0.068487,0.177422,0.520123,0.432683,0.465004,0.548421,0.417721,0.371561,0.352522,0.365458,0.246932,0.229163,0.341664,0.199133,0.389694,0.182606,-0.016063,0.031685,0.083093,0.122503,0.096032,0.157140,0.324327,0.292180,0.244534,0.139515,0.444054,0.456501,0.163062,0.018607,0.328821,0.393241,0.198804,0.059459,0.224138,0.353851,0.489649,0.442559,0.047213,-0.057259,0.270287,0.357207,0.419658,0.250565,0.133637,0.387145,0.166853,0.196812,0.392475,0.393481
0.108994,0.000479,0.371142,0.550079,0.784354,0.000000,0.390914,0.513599,0.884434,1.153116,0.200313,0.391508,0.365670,0.263399,0.280201,0.789342,0.137201,0.090059,0.197479,0.468725,0.429994,0.549117,0.420797,0.445350,0.359670,0.646276,0.653728,0.956129,0.039147,0.168955,0.237021,0.255876,0.138131,0.273284,0.479699,0.491627,0.367957,0.405191,0.358589,0.416063,0.125588,0.281283,0.520434,0.478079,0.413661,0.405167,0.392612,0.412941,0.246839,0.221189,0.176729,0.229238,0.429749,0.235432,0.468537,0.320043,-0.082097,-0.047716,0.016970,0.126792,0.085861,0.286834,0.174483,0.277323,0.315337,0.477638,0.375931,0.536549,0.113457,-0.052708,0.375276,0.515335,0.249359,0.310501,0.265063,0.498731,0.518288,0.467546,-0.137496,-0.017054,0.139941,0.212830,0.352993,0.169508,0.037386,0.371030,0.009194,0.168872,0.531085,0.485114
0.461667,0.290539,1.089952,0.980856,0.396895,0.390914,0.000000,0.777778,0.591917,0.503312,0.180866,0.476213,0.405731,0.284141,0.166980,0.554652,0.315864,0.278356,0.532514,0.714051,0.307002,0.408209,0.404233,0.405670,-0.000289,0.192620,0.116487,0.184183,0.288686,0.276174,0.573771,0.467497,0.509917,0.678550,0.278734,0.341523,0.504909,0.547722,0.549641,0.609458,0.044023,0.299195,0.683650,0.426692,0.619944,0.648828,0.709305,0.687636,0.466409,0.583653,0.489888,0.380739,0.476048,0.513545,0.636965,0.506864,0.192122,0.247168,0.494304,0.480459,0.480585,0.259049,0.496695,0.417577,0.261020,0.222073,0.793708,0.636098,0.530894,0.244416,0.488496,0.656999,0.546004,0.449432,0.257149,0.409349,0.574629,0.640558,-0.013737,0.071057,0.362783,0.341579,0.292730,0.376987,0.256845,0.346241,0.192671,0.164960,0.535764,0.475862
0.243979,0.172384,0.597031,1.581952,0.290163,0.513599,0.777778,0.000000,0.578073,0.755717,0.070545,0.879187,0.253476,0.730561,0.146537,0.866810,0.237452,0.274525,0.347240,0.650695,0.095066,0.192157,0.472364,0.606438,-0.076786,0.062766,0.098718,0.122630,0.039398,0.377755,0.472960,0.681456,0.085621,0.377204,0.207237,0.330700,0.414439,0.517156,0.458607,0.542548,-0.076475,0.304091,0.493473,0.278042,0.406496,0.519738,0.526383,0.380409,0.284413,0.384966,0.179142,0.160484,0.372109,0.217361,0.533077,0.515911,0.008345,0.067144,0.194915,0.410862,0.239118,0.388084,0.433624,0.423509,0.246854,0.407945,0.386072,0.587543,0.334718,0.024365,0.607848,0.804562,0.317102,0.581842,0.188780,0.342258,0.528179,0.699123,-0.128288,0.111177,0.294372,0.202434,0.362666,0.393254,0.204181,0.269813,0.040123,0.059342,0.774659,0.598306
0.187915,0.053283,0.475826,0.617252,0.950999,0.884434,0.591917,0.578073,0.000000,1.296626,0.332197,0.427649,0.491570,0.240280,0.285734,0.767964,0.311889,0.164313,0.229050,0.408006,0.495597,0.626116,0.270488,0.300933,0.117760,0.361090,0.445056,0.604478,0.187648,0.238266,0.228014,0.204342,0.190574,0.325795,0.383108,0.521717,0.586892,0.365717,0.445745,0.462006,0.044163,0.201576,0.594791,0.507945,0.482524,0.513521,0.566395,0.513556,0.331287,0.344935,0.332626,0.372644,0.554656,0.399058,0.591556,0.379954,0.049802,0.096370,0.242603,0.310946,0.330759,0.360500,0.497387,0.440928,0.242130,0.302245,0.506228,0.534810,0.317804,0.048902,0.499696,0.510028,0.328238,0.284517,0.182038,0.462760,0.659756,0.612045,-0.025272,0.049890,0.353876,0.281568,0.498620,0.418346,0.167555,0.326398,0.210839,0.263147,0.637569,0.522936
0.143460,0.010774,0.391164,0.787927,0.696225,1.153116,0.503312,0.755717,1.296626,0.000000,0.192728,0.539950,0.325875,0.359858,0.185869,0.879272,0.168896,0.150717,0.190094,0.501013,0.345149,0.513724,0.306717,0.437825,0.126075,0.367988,0.379245,0.580754,0.003305,0.205936,0.222520,0.278092,0.068681,0.289686,0.334888,0.468933,0.429949,0.397932,0.411600,0.450964,-0.022175,0.206498,0.498879,0.406331,0.404095,0.452034,0.494559,0.409255,0.216034,0.290499,0.173616,0.257593,0.445821,0.253029,0.485725,0.329836,-0.038398,0.016465,0.158260,0.368055,0.216885,0.466976,0.420657,0.482841,0.234296,0.453469,0.402944,0.606108,0.201875,-0.046380,0.472883,0.584048,0.209990,0.358017,0.172467,0.406227,0.604097,0.631223,-0.122356,0.016479,0.248289,0.226057,0.438640,0.314822,0.146932,0.361398,0.062992,0.143311,0.723747,0.570318
0.474184,0.190974,0.086183,0.004828,0.231776,0.200313,0.180866,0.070545,0.332197,0.192728,0.000000,0.418513,1.026882,0.229837,0.375695,0.166652,0.423491,0.303002,0.232136,0.043573,0.182297,0.132853,-0.027619,-0.194339,-0.025792,-0.019376,0.139754,0.103745,0.368268,0.286033,-0.032412,-0.047520,0.124736,0.126233,0.012472,-0.000015,0.212231,0.058537,0.216639,0.242580,0.140587,0.142493,0.074718,0.051777,0.082428,-0.022531,0.148559,0.097383,0.160109,0.015767,0.246938,0.178960,0.276879,0.225820,0.236756,0.187686,0.243220,0.164607,0.208339,0.031745,0.432484,0.184125,0.244473,0.162648,0.048744,0.095463,0.142047,-0.058904,0.245968,0.107533,0.293176,0.221401,0.298225,0.153427,0.196971,0.273209,0.270250,0.068302,0.227420,0.115178,0.272328,0.199438,0.133806,0.193955,0.064741,-0.089068,0.079446,0.242962,0.062919,0.056640
0.397431,0.330733,0.303757,0.687722,0.172030,0.391508,0.476213,0.879187,0.427649,0.539950,0.418513,0.000000,0.455262,1.085953,0.338346,0.980960,0.520086,0.743988,0.320649,0.527644,-0.045223,0.033121,0.244768,0.289993,-0.161237,-0.084384,-0.003984,0.014467,0.356503,0.738267,0.368420,0.454809,0.137643,0.392643,0.086233,0.173715,0.370094,0.533155,0.459144,0.564825,0.046892,0.311526,0.324167,0.209761,0.315699,0.306502,0.445904,0.356850,0.214347,0.203640,0.169439,0.057034,0.376828,0.191723,0.516962,0.502906,0.196106,0.250518,0.243344,0.340035,0.282492,0.463657,0.492064,0.547987,0.052442,0.220640,0.242299,0.360561,0.404943,0.120561,0.414956,0.539119,0.429623,0.589727,0.362492,0.477625,0.399787,0.441694,0.005745,0.336435,0.455768,0.473236,0.420047,0.459679,0.157787,0.247939,0.059833,0.091671,0.557862,0.470997
0.418414,0.183372,0.193301,0.174952,0.245712,0.365670,0.405731,0.253476,0.491570,0.325875,1.026882,0.455262,0.000000,0.463184,0.539689,0.286351,0.366065,0.239718,0.319331,0.199703,0.121539,0.130767,0.110447,-0.062252,0.029185,0.083779,0.203884,0.183488,0.335583,0.231529,0.117043,0.059153,0.176803,0.256654,0.285877,0.148900,0.238188,0.218127,0.294958,0.381206,0.174598,0.204912,0.361193,0.346830,0.351849,0.201992,0.324332,0.343104,0.286282,0.159691,0.351105,0.297896,0.427855,0.394655,0.439283,0.362913,0.185083,0.126073,0.304021,0.119758,0.633182,0.364037,0.221543,0.217566,0.271546,0.461365,0.380169,0.198146,0.263135,0.129519,0.308636,0.345132,0.429117,0.272260,0.297806,0.401112,0.438453,0.207064,0.083087,0.082419,0.171780,0.144385,0.083041,0.189233,0.084776,0.021173,0.144963,0.273418,0.258566,0.133622
0.156383,0.222479,0.068958,0.492794,0.036928,0.263399,0.284141,0.730561,0.240280,0.359858,0.229837,1.085953,0.463184,0.000000,0.483468,0.646460,0.294402,0.487572,0.211719,0.342128,-0.248690,-0.068029,0.103153,0.161786,-0.229323,-0.200057,-0.037292,-0.089007,0.251569,0.510930,0.174498,0.313610,-0.030958,0.177843,0.126878,0.122548,0.069582,0.302890,0.119917,0.214028,-0.102273,0.077910,0.210588,0.147446,0.221669,0.247365,0.271091,0.222618,0.138864,0.165575,0.044095,-0.003810,0.210966,0.128025,0.274260,0.349929,0.093374,0.154278,0.169627,0.251539,0.270386,0.537630,0.313902,0.463330,0.131265,0.378967,0.151216,0.302859,0.201681,0.077706,0.274136,0.426319,0.209396,0.355160,0.247292,0.217276,0.276200,0.253656,-0.027508,0.242269,0.204084,0.263027,0.196844,0.252144,0.075097,0.105515,-0.072923,-0.075921,0.375829,0.238811
0.289507,0.298573,0.184494,0.097310,0.282901,0.280201,0.166980,0.146537,0.285734,0.185869,0.375695,0.338346,0.539689,0.483468,0.000000,0.276435,0.391416,0.306786,0.461339,0.350234,0.081472,0.110484,0.213433,0.079402,0.269789,0.200685,0.431567,0.181353,0.452251,0.292768,0.197362,0.183400,0.289077,0.331815,0.303736,0.234610,0.150252,0.217389,0.020725,0.136153,0.307472,0.255232,0.159152,0.138148,0.233086,0.058376,0.127285,0.260513,0.048572,0.003123,0.238638,0.205260,0.180984,0.264062,0.101651,0.164852,0.283123,0.233560,0.159355,-0.065677,0.398199,0.127040,0.358551,0.160915,0.356965,0.294082,0.195282,0.137857,0.181726,0.251051,0.198377,0.147721,0.293101,0.065592,0.473915,0.119242,0.249461,0.096809,0.366451,0.168475,0.448490,0.370401,0.569346,0.165274,0.339365,0.273964,0.154915,0.214607,0.083488,0.192003
0.140226,0.030061,0.489010,0.822544,0.533144,0.789342,0.554652,0.866810,0.767964,0.879272,0.166652,0.980960,0.286351,0.646460,0.276435,0.000000,0.307422,0.364903,0.268513,0.582676,0.242515,0.318549,0.428273,0.560165,0.039429,0.226474,0.283681,0.426445,0.188594,0.503670,0.393566,0.525763,0.130410,0.321103,0.326705,0.463661,0.454485,0.596420,0.506007,0.586442,-0.015809,0.312485,0.555641,0.416771,0.453720,0.515348,0.541977,0.451550,0.271104,0.266203,0.096696,0.043904,0.392580,0.170541,0.584947,0.428650,-0.041088,0.028217,0.041473,0.201694,0.007801,0.310816,0.403318,0.451332,0.152501,0.255032,0.291784,0.532755,0.264469,-0.031160,0.555954,0.709594,0.385722,0.497546,0.303165,0.590055,0.523751,0.647290,-0.123935,0.087693,0.376955,0.408600,0.509861,0.357607,0.086766,0.379622,-0.081596,0.038566,0.726521,0.567307
0.579629,0.719826,0.234600,0.208521,0.133924,0.137201,0.315864,0.237452,0.311889,0.168896,0.423491,0.520086,0.366065,0.294402,0.391416,0.307422,0.000000,0.873415,0.176921,0.292338,0.280136,0.154347,-0.034543,-0.146962,-0.126684,-0.040718,-0.077311,-0.058916,1.002061,0.680574,0.084334,-0.003119,0.387555,0.460549,-0.015393,0.217093,0.408964,0.445319,0.439951,0.485095,0.385051,0.405654,0.147659,0.092671,0.204793,0.218621,0.423841,0.447855,0.285946,0.315694,0.571342,0.433464,0.496908,0.507618,0.534272,0.425635,0.697676,0.698000,0.483198,0.306560,0.488326,0.193057,0.645479,0.452574,-0.118934,-0.085754,0.286253,0.163270,0.738758,0.517827,0.192116,0.093728,0.474012,0.329323,0.259580,0.294573,0.199164,0.231131,0.549761,0.660011,1.014259,0.723022,0.512022,0.488772,0.202203,0.249330,0.296453,0.257953,0.235634,0.264985
0.519491,0.860726,0.142289,0.212386,0.038875,0.090059,0.278356,0.274525,0.164313,0.150717,0.303002,0.743988,0.239718,0.487572,0.306786,0.364903,0.873415,0.000000,0.185728,0.409208,-0.038529,-0.020192,-0.047876,-0.113882,-0.174449,-0.139395,-0.158641,-0.177905,0.760075,0.953181,0.120300,0.040527,0.397148,0.544224,-0.099696,0.100523,0.170635,0.386163,0.346088,0.344324,0.231035,0.273320,0.104934,0.081516,0.246329,0.251833,0.409368,0.450757,0.246856,0.376435,0.431575,0.283598,0.336319,0.385371,0.312600,0.343651,0.714448,0.845463,0.557617,0.433170,0.421239,0.377866,0.642191,0.637987,-0.155238,-0.063433,0.330288,0.281717,0.651073,0.637090,-0.011796,0.029787,0.426899,0.425342,0.367859,0.278659,0.121600,0.153195,0.416891,0.899954,0.790900,1.020845,0.412682,0.642660,0.166563,0.352445,0.302318,0.196778,0.201977,0.221383
0.669568,0.347934,0.734609,0.350414,0.186503,0.197479,0.532514,0.347240,0.229050,0.190094,0.232136,0.320649,0.319331,0.211719,0.461339,0.268513,0.176921,0.185728,0.000000,0.936335,0.071776,0.095123,0.561323,0.496333,0.295610,0.311229,0.243388,0.129647,0.191487,0.141688,0.438373,0.468972,0.522716,0.542014,0.426794,0.161278,0.287387,0.209242,0.351788,0.398257,0.230270,0.376264,0.465215,0.308183,0.537534,0.341657,0.392175,0.473565,0.226320,0.255918,0.300616,0.313161,0.099337,0.220993,0.200597,0.469569,0.296501,0.202143,0.308185,0.122467,0.491697,0.067986,0.375309,0.033728,0.577590,0.347526,0.476531,0.341250,0.334470,0.354869,0.257492,0.355232,0.313091,0.301385,0.470709,0.294887,0.498679,0.498195,0.290765,0.114854,0.356967,0.218004,0.482177,0.244102,0.536909,0.364701,0.219442,0.395500,0.215463,0.413773
0.594307,0.483354,0.817112,0.712801,0.300671,0.468725,0.714051,0.650695,0.408006,0.501013,0.043573,0.527644,0.199703,0.342128,0.350234,0.582676,0.292338,0.409208,0.936335,0.000000,0.113479,0.124606,0.697983,0.777009,0.355433,0.491697,0.179118,0.206107,0.182793,0.266501,0.639878,0.638110,0.679428,0.964357,0.552680,0.395963,0.410677,0.387636,0.604081,0.547962,0.225497,0.400762,0.543663,0.313967,0.601218,0.573851,0.572729,0.634198,0.308917,0.516321,0.396992,0.391429,0.257088,0.301059,0.454066,0.547044,0.360467,0.344441,0.401490,0.332897,0.423477,0.252992,0.591161,0.346103,0.580824,0.429628,0.715672,0.747793,0.479208,0.452579,0.261355,0.384183,0.356899,0.403000,0.414215,0.387799,0.503422,0.656963,0.199454,0.249058,0.512277,0.514980,0.537563,0.400776,0.596070,0.775889,0.275287,0.438821,0.518809,0.610470
0.066681,0.020099,0.415003,0.224978,0.713935,0.429994,0.307002,0.095066,0.495597,0.345149,0.182297,-0.045223,0.121539,-0.248690,0.081472,0.242515,0.280136,-0.038529,0.071776,0.113479,0.000000,0.838275,0.175930,0.111442,0.228623,0.403955,0.450675,0.604937,0.230662,0.025511,0.048132,0.029919,0.199247,0.207899,0.227762,0.342667,0.455293,0.318747,0.387348,0.350427,0.218628,0.324206,0.349862,0.310850,0.231378,0.254386,0.365748,0.330761,0.230869,0.178946,0.282460,0.284281,0.417717,0.283490,0.469476,0.129807,0.057965,0.048406,0.045350,0.078009,-0.022797,-0.234206,0.202476,0.016576,0.005835,-0.117628,0.238836,0.178196,0.231443,0.045581,0.395773,0.281488,0.238932,0.026065,0.094219,0.241605,0.393822,0.368097,0.234723,-0.085085,0.368894,0.172663,0.386804,0.102610,0.088535,0.168313,0.036422,0.092140,0.282352,0.235178
0.150820,0.085958,0.518729,0.318889,0.770694,0.549117,0.408209,0.192157,0.626116,0.513724,0.132853,0.033121,0.130767,-0.068029,0.110484,0.318549,0.154347,-0.020192,0.095123,0.124606,0.838275,0.000000,0.249306,0.213415,0.268944,0.476509,0.581517,0.746323,0.090901,0.003643,0.151678,0.128194,0.145044,0.139928,0.297110,0.326013,0.324650,0.281885,0.211672,0.301394,-0.066416,0.123952,0.388971,0.315189,0.288764,0.337857,0.417253,0.340953,0.355912,0.313480,0.379367,0.354511,0.489615,0.376127,0.392328,0.167750,0.087679,0.133320,0.084936,0.161418,0.054775,-0.039693,0.214756,0.161886,0.081770,-0.004273,0.356255,0.286641,0.295632,0.081822,0.444618,0.441360,0.167344,0.025911,0.154303,0.212957,0.455690,0.351529,0.070379,-0.028094,0.253014,0.225034,0.335078,0.169119,0.126150,0.235589,0.006249,0.063857,0.397080,0.343404
0.354618,0.095658,0.923404,0.497628,0.260076,0.420797,0.404233,0.472364,0.270488,0.306717,-0.027619,0.244768,0.110447,0.103153,0.213433,0.428273,-0.034543,-0.047876,0.561323,0.697983,0.175930,0.249306,0.000000,1.334053,0.818838,0.821109,0.614150,0.460807,-0.140503,-0.066633,0.990535,1.188635,0.301982,0.397785,0.734582,0.348995,0.254502,0.269280,0.321132,0.422904,0.102809,0.349093,0.430426,0.256240,0.359413,0.303022,0.251301,0.293413,0.178405,0.216488,0.158590,0.195306,0.168123,0.144051,0.319423,0.433439,0.089270,-0.024297,-0.082984,-0.110444,0.025456,-0.159548,0.095953,-0.169218,0.897686,0.473413,0.434017,0.437435,0.231913,0.114019,0.471362,0.498472,0.189179,0.193185,0.242616,0.255310,0.335281,0.450336,0.068335,-0.015088,0.149696,0.141324,0.394334,0.032636,0.552224,0.582770,-0.008149,0.327585,0.497572,0.559909
0.139624,-0.093861,0.818197,0.690822,0.310360,0.445350,0.405670,0.606438,0.300933,0.437825,-0.194339,0.289993,-0.062252,0.161786,0.079402,0.560165,-0.146962,-0.113882,0.496333,0.777009,0.111442,0.213415,1.334053,0.000000,0.596575,0.675783,0.423590,0.391138,-0.263702,-0.081833,0.851162,1.180619,0.249909,0.346752,0.623966,0.380051,0.237022,0.256950,0.332025,0.367787,0.007205,0.262250,0.480864,0.273769,0.415237,0.427184,0.258884,0.260133,0.197178,0.263276,0.020985,0.078058,0.060605,-0.015066,0.258485,0.395110,-0.099464,-0.162541,-0.132055,-0.019194,-0.098425,-0.039511,0.160131,-0.035886,0.732482,0.447515,0.394915,0.574499,0.094675,-0.023589,0.459567,0.525600,0.117604,0.222664,0.183047,0.266143,0.313617,0.484866,-0.099904,-0.108130,0.099439,0.102490,0.352688,0.039535,0.457409,0.630491,-0.044904,0.238257,0.567894,0.700576
0.113705,0.017154,0.390338,-0.018766,0.326716,0.359670,-0.000289,-0.076786,0.117760,0.126075,-0.025792,-0.161237,0.029185,-0.229323,0.269789,0.039429,-0.126684,-0.174449,0.295610,0.355433,0.228623,0.268944,0.818838,0.596575,0.000000,1.291673,0.773773,0.600286,-0.144524,-0.215135,0.466899,0.429461,0.269334,0.211780,0.748411,0.294949,0.071194,0.013516,0.114917,0.126402,0.236303,0.255819,0.212266,0.184551,0.192017,0.118903,0.007815,0.123663,0.062832,0.140183,0.205145,0.287346,0.001206,0.005554,0.042949,0.064650,0.040048,-0.055906,-0.077566,-0.202880,-0.049003,-0.231063,-0.059797,-0.296494,0.763979,0.411224,0.367310,0.305260,-0.042836,0.100259,0.147191,0.085945,0.032640,-0.025619,0.265825,0.201454,0.120697,0.092317,0.144565,-0.046120,0.060542,0.098441,0.208671,-0.138141,0.451400,0.566726,0.111345,0.341274,0.151508,0.213736
0.136259,0.010916,0.534294,0.178136,0.525205,0.646276,0.192620,0.062766,0.361090,0.367988,-0.019376,-0.084384,0.083779,-0.200057,0.200685,0.226474,-0.040718,-0.139395,0.311229,0.491697,0.403955,0.476509,0.821109,0.675783,1.291673,0.000000,0.866476,0.969768,-0.097764,-0.135566,0.538960,0.475323,0.393317,0.379716,0.946633,0.496277,0.233936,0.101053,0.263007,0.257468,0.270937,0.307329,0.418589,0.371147,0.356620,0.294234,0.181518,0.294330,0.163405,0.245072,0.287367,0.379685,0.165052,0.082780,0.220973,0.202404,0.016789,-0.021282,0.034873,-0.056885,0.014019,-0.122256,0.057593,-0.092280,0.684892,0.398728,0.553465,0.503770,0.028934,0.081861,0.247154,0.273577,0.160150,0.088077,0.323545,0.319573,0.357116,0.329595,0.066916,-0.088721,0.107761,0.182738,0.262245,-0.015927,0.348537,0.624515,0.080339,0.357962,0.293608,0.332296
0.091652,-0.049799,0.426343,0.146374,0.658801,0.653728,0.116487,0.098718,0.445056,0.379245,0.139754,-0.003984,0.203884,-0.037292,0.431567,0.283681,-0.077311,-0.158641,0.243388,0.179118,0.450675,0.581517,0.614150,0.423590,0.773773,0.866476,0.000000,1.195404,-0.119887,-0.083757,0.330975,0.365232,0.067135,0.061987,0.579241,0.328169,0.217502,0.128426,0.052496,0.150567,0.098830,0.197433,0.305829,0.288246,0.174977,0.090745,0.071026,0.169591,0.091078,-0.004759,0.157477,0.201203,0.244027,0.149773,0.156913,0.136879,-0.045549,-0.087226,-0.157367,-0.243917,-0.062089,-0.235008,-0.057380,-0.235913,0.454605,0.241475,0.240193,0.195360,-0.030176,-0.036276,0.336514,0.344528,0.056823,-0.008883,0.314656,0.230544,0.327131,0.173179,0.064507,-0.105852,0.024741,0.091007,0.350079,-0.042929,0.186176,0.290531,-0.032377,0.141494,0.269488,0.315350
-0.014863,-0.156139,0.386474,0.218120,0.785215,0.956129,0.184183,0.122630,0.604478,0.580754,0.103745,0.014467,0.183488,-0.089007,0.181353,0.426445,-0.058916,-0.177905,0.129647,0.206107,0.604937,0.746323,0.460807,0.391138,0.600286,0.969768,1.195404,0.000000,-0.119259,-0.090025,0.231145,0.234240,0.161547,0.133346,0.612982,0.371579,0.269590,0.153311,0.190816,0.206614,0.085580,0.173077,0.460631,0.501709,0.304874,0.240546,0.224529,0.267112,0.163574,0.073346,0.161450,0.205808,0.334040,0.127259,0.315832,0.128187,-0.170384,-0.141972,-0.091657,-0.088411,-0.097821,-0.078004,-0.004288,-0.015396,0.302409,0.225797,0.296068,0.322432,-0.057144,-0.148316,0.328356,0.393212,0.109544,0.089646,0.296801,0.397167,0.456953,0.292674,-0.152445,-0.192056,-0.012699,0.052000,0.216026,-0.040337,-0.050680,0.248267,-0.106144,0.050235,0.355540,0.324588
0.342949,0.453084,0.146541,0.077043,0.134340,0.039147,0.288686,0.039398,0.187648,0.003305,0.368268,0.356503,0.335583,0.251569,0.452251,0.188594,1.002061,0.760075,0.191487,0.182793,0.230662,0.090901,-0.140503,-0.263702,-0.144524,-0.097764,-0.119887,-0.119259,0.000000,0.751091,0.077126,-0.073502,0.439789,0.435509,-0.112003,0.137813,0.232985,0.393373,0.214236,0.210067,0.355400,0.238786,0.147852,0.185836,0.241091,0.176601,0.256983,0.341833,0.209528,0.215723,0.364677,0.235830,0.231838,0.323587,0.277148,0.199609,0.435093,0.455282,0.420051,0.207000,0.347519,0.133764,0.491469,0.396381,-0.161764,-0.184410,0.193312,0.049411,0.473282,0.376974,0.131837,0.041273,0.554535,0.279334,0.297489,0.226476,0.150644,0.148667,0.491644,0.426177,0.763837,0.592467,0.373502,0.332997,0.058800,0.081415,0.251482,0.100657,-0.072688,-0.020692
0.237875,0.410389,0.140654,0.323837,0.180620,0.168955,0.276174,0.377755,0.238266,0.205936,0.286033,0.738267,0.231529,0.510930,0.292768,0.503670,0.680574,0.953181,0.141688,0.266501,0.025511,0.003643,-0.066633,-0.081833,-0.215135,-0.135566,-0.083757,-0.090025,0.751091,0.000000,0.182128,0.131785,0.215870,0.358914,-0.113979,0.156384,0.297670,0.415920,0.333608,0.378243,0.269069,0.395200,0.205786,0.162661,0.229648,0.229227,0.371760,0.294313,0.191208,0.161976,0.226597,0.045351,0.309458,0.198563,0.331473,0.282534,0.291927,0.366962,0.265671,0.246438,0.221854,0.260391,0.475491,0.520950,-0.165134,-0.115139,0.141203,0.138012,0.360818,0.207046,0.107373,0.189632,0.426520,0.540007,0.404858,0.372245,0.192379,0.284702,0.311929,0.523215,0.670014,0.737748,0.471144,0.728119,0.017669,0.164125,0.164337,0.142463,0.243915,0.191953
0.271888,0.092607,0.810983,0.601336,0.140735,0.237021,0.573771,0.472960,0.228014,0.222520,-0.032412,0.368420,0.117043,0.174498,0.197362,0.393566,0.084334,0.120300,0.438373,0.639878,0.048132,0.151678,0.990535,0.851162,0.466899,0.538960,0.330975,0.231145,0.077126,0.182128,0.000000,1.258019,0.402063,0.541297,0.482799,0.295816,0.255178,0.308847,0.322920,0.381641,0.213085,0.403467,0.394309,0.280976,0.348701,0.296818,0.199629,0.283637,0.147640,0.170264,0.175863,0.125902,0.121816,0.057086,0.297357,0.423092,0.040473,-0.002585,0.144855,0.085064,0.162296,-0.078003,0.208634,0.014022,0.546967,0.239815,0.477062,0.422031,0.194308,0.078919,0.407809,0.447050,0.384106,0.368121,0.330658,0.356708,0.298750,0.427713,-0.060323,0.048612,0.201504,0.235600,0.363523,0.210078,0.405058,0.511375,0.096125,0.272902,0.439187,0.461200
0.209584,0.011990,0.766545,0.714094,0.132479,0.255876,0.467497,0.681456,0.204342,0.278092,-0.047520,0.454809,0.059153,0.313610,0.183400,0.525763,-0.003119,0.040527,0.468972,0.638110,0.029919,0.128194,1.188635,1.180619,0.429461,0.475323,0.365232,0.234240,-0.073502,0.131785,1.258019,0.000000,0.214321,0.359690,0.533708,0.325795,0.279552,0.324460,0.321718,0.388944,0.054928,0.330995,0.357390,0.201418,0.306272,0.288118,0.198485,0.192670,0.106593,0.136174,0.031235,0.033340,0.072064,0.011930,0.246137,0.391266,-0.036471,-0.091385,-0.077609,-0.045662,-0.017313,-0.108677,0.151829,-0.059205,0.640670,0.348782,0.332535,0.409173,0.134681,-0.032718,0.566000,0.628375,0.306231,0.381434,0.264546,0.293851,0.307730,0.438382,-0.052212,-0.027946,0.195370,0.174993,0.390610,0.117187,0.448481,0.478257,-0.048141,0.207252,0.514944,0.546503
0.436077,0.489600,0.534288,0.229654,0.291947,0.138131,0.509917,0.085621,0.190574,0.068681,0.124736,0.137643,0.176803,-0.030958,0.289077,0.130410,0.387555,0.397148,0.522716,0.679428,0.199247,0.145044,0.301982,0.249909,0.269334,0.393317,0.067135,0.161547,0.439789,0.215870,0.402063,0.214321,0.000000,1.353019,0.354855,0.276501,0.202153,0.096541,0.282486,0.193141,0.317810,0.214290,0.351179,0.328591,0.539317,0.454395,0.414486,0.567039,0.347869,0.453483,0.491804,0.397209,0.225270,0.274835,0.260776,0.225377,0.463493,0.499119,0.585552,0.244296,0.523544,0.216340,0.582941,0.446399,0.295424,0.048105,0.691004,0.484257,0.390939,0.532061,-0.018161,0.023713,0.442983,0.122310,0.332695,0.179292,0.282175,0.265743,0.254363,0.297638,0.526648,0.555648,0.286748,0.309719,0.342905,0.539048,0.368988,0.298414,0.056824,0.228601
0.531663,0.604086,0.617772,0.487654,0.295695,0.273284,0.678550,0.377204,0.325795,0.289686,0.126233,0.392643,0.256654,0.177843,0.331815,0.321103,0.460549,0.544224,0.542014,0.964357,0.207899,0.139928,0.397785,0.346752,0.211780,0.379716,0.061987,0.133346,0.435509,0.358914,0.541297,0.359690,1.353019,0.000000,0.395217,0.414455,0.330824,0.275784,0.478469,0.396123,0.341488,0.363729,0.433190,0.346810,0.567639,0.516005,0.553244,0.614931,0.336396,0.494303,0.524697,0.401135,0.344614,0.298342,0.438669,0.335915,0.474449,0.540086,0.639379,0.394643,0.596552,0.313452,0.662051,0.551219,0.325501,0.180396,0.784610,0.641308,0.520541,0.533835,0.093073,0.163999,0.516813,0.306571,0.349794,0.281231,0.412575,0.492775,0.221497,0.342982,0.624654,0.643241,0.444070,0.509232,0.472353,0.660445,0.429501,0.377276,0.276534,0.331212
0.096346,0.018716,0.477610,0.217466,0.413596,0.479699,0.278734,0.207237,0.383108,0.334888,0.012472,0.086233,0.285877,0.126878,0.303736,0.326705,-0.015393,-0.099696,0.426794,0.552680,0.227762,0.297110,0.734582,0.623966,0.748411,0.946633,0.579241,0.612982,-0.112003,-0.113979,0.482799,0.533708,0.354855,0.395217,0.000000,0.707140,0.366878,0.163751,0.444848,0.419079,0.156734,0.245036,0.511988,0.452213,0.470551,0.453198,0.304908,0.344114,0.246689,0.305155,0.260191,0.346056,0.198084,0.089202,0.370297,0.343295,-0.056863,-0.059270,0.004349,-0.060126,0.116159,0.022392,0.037638,-0.066052,0.973141,0.634386,0.610305,0.598842,0.024658,0.016880,0.272659,0.356571,0.246074,0.132667,0.242225,0.308668,0.508092,0.460059,-0.011735,-0.090601,0.073991,0.130553,0.175164,0.055722,0.403170,0.542684,0.176379,0.417816,0.409254,0.313807
-0.013001,0.013878,0.382687,0.376655,0.555215,0.491627,0.341523,0.330700,0.521717,0.468933,-0.000015,0.173715,0.148900,0.122548,0.234610,0.463661,0.217093,0.100523,0.161278,0.395963,0.342667,0.326013,0.348995,0.380051,0.294949,0.496277,0.328169,0.371579,0.137813,0.156384,0.295816,0.325795,0.276501,0.414455,0.707140,0.000000,0.412446,0.339016,0.379378,0.408182,0.198256,0.232484,0.487276,0.411459,0.455386,0.600810,0.375880,0.421090,0.311107,0.368412,0.202154,0.219946,0.258850,0.105367,0.364560,0.239935,-0.049127,0.020834,0.021699,0.085172,0.048196,0.176226,0.187052,0.226723,0.392385,0.346684,0.496729,0.591843,0.119881,-0.011591,0.338797,0.322291,0.304621,0.215054,0.099833,0.280785,0.493513,0.580751,0.040952,-0.043574,0.253101,0.345379,0.328362,0.245487,0.219537,0.449144,0.223000,0.293319,0.321700,0.293114
0.274633,0.197839,0.499463,0.486421,0.451301,0.367957,0.504909,0.414439,0.586892,0.429949,0.212231,0.370094,0.238188,0.069582,0.150252,0.454485,0.408964,0.170635,0.287387,0.410677,0.455293,0.324650,0.254502,0.237022,0.071194,0.233936,0.217502,0.269590,0.232985,0.297670,0.255178,0.279552,0.202153,0.330824,0.366878,0.412446,0.000000,0.646693,0.808400,0.794734,0.305586,0.470878,0.517682,0.431309,0.422683,0.439674,0.531052,0.499235,0.323025,0.281856,0.401002,0.358556,0.471577,0.346674,0.701153,0.474358,0.051245,0.121835,0.144877,0.162324,0.152500,0.015526,0.225627,0.138962,0.139680,0.065627,0.349913,0.317462,0.316005,0.017124,0.522605,0.488536,0.544891,0.410131,0.188366,0.470163,0.635035,0.731720,0.090492,0.091899,0.405430,0.264692,0.422184,0.404865,0.234811,0.242119,0.282786,0.327783,0.416817,0.358650
0.221663,0.181085,0.443899,0.570030,0.236126,0.405191,0.547722,0.517156,0.365717,0.397932,0.058537,0.533155,0.218127,0.302890,0.217389,0.596420,0.445319,0.386163,0.209242,0.387636,0.318747,0.281885,0.269280,0.256950,0.013516,0.101053,0.128426,0.153311,0.393373,0.415920,0.308847,0.324460,0.096541,0.275784,0.163751,0.339016,0.646693,0.000000,0.478038,0.784042,0.254302,0.627210,0.491142,0.416857,0.448968,0.405442,0.461609,0.542886,0.246773,0.230529,0.195252,0.117142,0.278410,0.330484,0.539616,0.440020,0.052610,0.093909,0.124784,0.231120,0.107218,0.140300,0.245834,0.235967,0.106289,0.229233,0.320778,0.423216,0.309157,0.042425,0.527048,0.526555,0.499776,0.475281,0.357696,0.388345,0.414001,0.464332,0.044584,0.117996,0.372007,0.335381,0.417239,0.180425,0.134510,0.314597,-0.017709,0.094069,0.480763,0.401277
0.387687,0.293037,0.570492,0.482504,0.313653,0.358589,0.549641,0.458607,0.445745,0.411600,0.216639,0.459144,0.294958,0.119917,0.020725,0.506007,0.439951,0.346088,0.351788,0.604081,0.387348,0.211672,0.321132,0.332025,0.114917,0.263007,0.052496,0.190816,0.214236,0.333608,0.322920,0.321718,0.282486,0.478469,0.444848,0.379378,0.808400,0.478038,0.000000,1.235515,0.225032,0.387395,0.540671,0.365177,0.494296,0.527998,0.695409,0.433196,0.476292,0.440596,0.486080,0.368233,0.512244,0.262019,0.913142,0.605308,0.164646,0.217046,0.225333,0.286078,0.220306,0.129129,0.315007,0.225288,0.228083,0.209634,0.502748,0.440515,0.410009,0.142817,0.331945,0.369202,0.547167,0.596539,0.193940,0.689124,0.531431,0.684084,0.123021,0.243117,0.477024,0.399629,0.249327,0.504461,0.263374,0.383323,0.429951,0.528914,0.679489,0.414318
0.499198,0.320695,0.655463,0.538580,0.267025,0.416063,0.609458,0.542548,0.462006,0.450964,0.242580,0.564825,0.381206,0.214028,0.136153,0.586442,0.485095,0.344324,0.398257,0.547962,0.350427,0.301394,0.422904,0.367787,0.126402,0.257468,0.150567,0.206614,0.210067,0.378243,0.381641,0.388944,0.193141,0.396123,0.419079,0.408182,0.794734,0.784042,1.235515,0.000000,0.208196,0.536911,0.551714,0.329749,0.478299,0.455485,0.708753,0.498337,0.425597,0.350506,0.411560,0.284898,0.538159,0.369740,0.973837,0.759056,0.195613,0.221256,0.125044,0.234519,0.227880,0.142936,0.272221,0.208588,0.275416,0.335548,0.478745,0.437487,0.494340,0.138182,0.427881,0.450548,0.482326,0.541602,0.253926,0.556742,0.532024,0.619131,0.187781,0.230719,0.470315,0.402620,0.358106,0.401094,0.326518,0.400746,0.254053,0.525691,0.791872,0.546329
0.122485,0.156765,0.097181,-0.014156,0.068487,0.125588,0.044023,-0.076475,0.044163,-0.022175,0.140587,0.046892,0.174598,-0.102273,0.307472,-0.015809,0.385051,0.231035,0.230270,0.225497,0.218628,-0.066416,0.102809,0.007205,0.236303,0.270937,0.098830,0.085580,0.355400,0.269069,0.213085,0.054928,0.317810,0.341488,0.156734,0.198256,0.305586,0.254302,0.225032,0.208196,0.000000,0.776414,0.202764,0.283695,0.215921,0.027935,0.080096,0.292445,-0.005711,-0.059307,0.241241,0.225647,0.110755,0.193520,0.170057,0.242450,0.139786,0.073092,0.236185,0.072491,0.207465,-0.033400,0.108735,0.031883,0.009948,0.023737,0.154533,0.116989,0.038258,0.104964,0.084081,-0.037755,0.503141,0.342187,0.528155,0.433908,0.175907,0.199702,0.247011,0.062570,0.255489,0.157588,0.391127,0.113126,0.048163,0.154543,0.243829,0.278892,-0.049295,0.125242
0.291923,0.207483,0.410028,0.305404,0.177422,0.281283,0.299195,0.304091,0.201576,0.206498,0.142493,0.311526,0.204912,0.077910,0.255232,0.312485,0.405654,0.273320,0.376264,0.400762,0.324206,0.123952,0.349093,0.262250,0.255819,0.307329,0.197433,0.173077,0.238786,0.395200,0.403467,0.330995,0.214290,0.363729,0.245036,0.232484,0.470878,0.627210,0.387395,0.536911,0.776414,0.000000,0.390287,0.335483,0.370976,0.243605,0.314106,0.418598,0.092982,0.123103,0.259387,0.228404,0.182174,0.168147,0.359240,0.393404,0.169127,0.106623,0.225461,0.203874,0.217239,-0.003556,0.248619,0.072834,0.120905,0.194971,0.315323,0.361616,0.222360,0.131763,0.354829,0.331312,0.523976,0.570360,0.702354,0.514922,0.417266,0.469116,0.235254,0.176206,0.423882,0.308433,0.559561,0.256591,0.227824,0.350864,0.007696,0.213544,0.349423,0.389407
0.136406,0.028678,0.711055,0.555819,0.520123,0.520434,0.683650,0.493473,0.594791,0.498879,0.074718,0.324167,0.361193,0.210588,0.159152,0.555641,0.147659,0.104934,0.465215,0.543663,0.349862,0.388971,0.430426,0.480864,0.212266,0.418589,0.305829,0.460631,0.147852,0.205786,0.394309,0.357390,0.351179,0.433190,0.511988,0.487276,0.517682,0.491142,0.540671,0.551714,0.202764,0.390287,0.000000,1.345723,1.395405,1.035958,0.961216,0.987736,0.781251,0.583118,0.439668,0.381160,0.492803,0.398136,0.737735,0.546976,-0.017776,0.056897,0.329821,0.346749,0.291494,0.267806,0.326197,0.315205,0.361155,0.355170,0.734400,0.694805,0.295345,0.120325,0.400322,0.579612,0.395780,0.469926,0.290610,0.567160,0.736455,0.739177,-0.082005,0.031889,0.192214,0.209499,0.218925,0.329981,0.106857,0.314214,0.149723,0.166348,0.569429,0.447458
-0.044424,-0.074242,0.391106,0.355073,0.432683,0.478079,0.426692,0.278042,0.507945,0.406331,0.051777,0.209761,0.346830,0.147446,0.138148,0.416771,0.092671,0.081516,0.308183,0.313967,0.310850,0.315189,0.256240,0.273769,0.184551,0.371147,0.288246,0.501709,0.185836,0.162661,0.280976,0.201418,0.328591,0.346810,0.452213,0.411459,0.431309,0.416857,0.365177,0.329749,0.283695,0.335483,1.345723,0.000000,1.235291,0.898255,0.655761,0.873924,0.639530,0.407178,0.337687,0.324601,0.356746,0.248984,0.500961,0.358892,-0.153403,-0.031184,0.327116,0.291491,0.247778,0.298937,0.187746,0.296185,0.215292,0.269010,0.576456,0.583794,0.070791,0.003234,0.292215,0.422421,0.446335,0.442796,0.299716,0.566795,0.710628,0.589726,-0.207629,0.002308,0.056612,0.101882,0.106864,0.209434,-0.108892,0.191687,0.078035,0.060767,0.301197,0.228970
0.174387,0.127905,0.607449,0.451915,0.465004,0.413661,0.619944,0.406496,0.482524,0.404095,0.082428,0.315699,0.351849,0.221669,0.233086,0.453720,0.204793,0.246329,0.537534,0.601218,0.231378,0.288764,0.359413,0.415237,0.192017,0.356620,0.174977,0.304874,0.241091,0.229648,0.348701,0.306272,0.539317,0.567639,0.470551,0.455386,0.422683,0.448968,0.494296,0.478299,0.215921,0.370976,1.395405,1.235291,0.000000,1.309674,0.872883,0.999577,0.872599,0.707324,0.441710,0.405546,0.322380,0.301399,0.530654,0.455915,0.073061,0.162797,0.465347,0.420211,0.421789,0.401315,0.421348,0.435028,0.388860,0.365331,0.872449,0.789316,0.299102,0.232574,0.331700,0.484549,0.478626,0.505057,0.365118,0.519945,0.697354,0.619208,0.021435,0.096041,0.254403,0.339632,0.213497,0.334317,0.164027,0.428088,0.212041,0.205711,0.388455,0.379700
0.105114,0.157444,0.586003,0.565961,0.548421,0.405167,0.648828,0.519738,0.513521,0.452034,-0.022531,0.306502,0.201992,0.247365,0.058376,0.515348,0.218621,0.251833,0.341657,0.573851,0.254386,0.337857,0.303022,0.427184,0.118903,0.294234,0.090745,0.240546,0.176601,0.229227,0.296818,0.288118,0.454395,0.516005,0.453198,0.600810,0.439674,0.405442,0.527998,0.455485,0.027935,0.243605,1.035958,0.898255,1.309674,0.000000,0.838797,0.859575,1.096666,1.150142,0.442572,0.399413,0.291210,0.219693,0.548331,0.493702,0.069349,0.195127,0.389833,0.443070,0.273557,0.438258,0.378415,0.488293,0.309672,0.299058,0.837159,0.834101,0.337368,0.239274,0.333674,0.493017,0.388444,0.425111,0.157194,0.411168,0.663688,0.715688,0.009463,0.184989,0.255420,0.408089,0.135901,0.357484,0.168045,0.471766,0.215378,0.203088,0.469906,0.404692
0.398631,0.447566,0.631706,0.507496,0.417721,0.392612,0.709305,0.526383,0.566395,0.494559,0.148559,0.445904,0.324332,0.271091,0.127285,0.541977,0.423841,0.409368,0.392175,0.572729,0.365748,0.417253,0.251301,0.258884,0.007815,0.181518,0.071026,0.224529,0.256983,0.371760,0.199629,0.198485,0.414486,0.553244,0.304908,0.375880,0.531052,0.461609,0.695409,0.708753,0.080096,0.314106,0.961216,0.655761,0.872883,0.838797,0.000000,0.996034,0.774212,0.711094,0.716472,0.576145,0.873975,0.652138,1.052822,0.571124,0.379589,0.512337,0.482197,0.527853,0.446605,0.375033,0.540508,0.529989,0.197327,0.230115,0.771721,0.658938,0.735609,0.443859,0.267248,0.395610,0.412062,0.479955,0.235147,0.502480,0.561331,0.616849,0.171524,0.308052,0.536993,0.518506,0.311251,0.624090,0.274832,0.427645,0.222703,0.190242,0.732840,0.493281
0.393450,0.468472,0.617375,0.458549,0.371561,0.412941,0.687636,0.380409,0.513556,0.409255,0.097383,0.356850,0.343104,0.222618,0.260513,0.451550,0.447855,0.450757,0.473565,0.634198,0.330761,0.340953,0.293413,0.260133,0.123663,0.294330,0.169591,0.267112,0.341833,0.294313,0.283637,0.192670,0.567039,0.614931,0.344114,0.421090,0.499235,0.542886,0.433196,0.498337,0.292445,0.418598,0.987736,0.873924,0.999577,0.859575,0.996034,0.000000,0.632077,0.729181,0.761566,0.717527,0.614164,0.769504,0.691840,0.575301,0.428377,0.544264,0.675718,0.548532,0.561080,0.391574,0.591359,0.531697,0.219106,0.229501,0.866993,0.751742,0.583378,0.535548,0.237091,0.319703,0.477975,0.377828,0.326762,0.392552,0.619649,0.581628,0.197652,0.358060,0.482578,0.551672,0.418664,0.487314,0.269901,0.524650,0.256475,0.211838,0.425062,0.480032
0.244571,0.255364,0.467548,0.287916,0.352522,0.246839,0.466409,0.284413,0.331287,0.216034,0.160109,0.214347,0.286282,0.138864,0.048572,0.271104,0.285946,0.246856,0.226320,0.308917,0.230869,0.355912,0.178405,0.197178,0.062832,0.163405,0.091078,0.163574,0.209528,0.191208,0.147640,0.106593,0.347869,0.336396,0.246689,0.311107,0.323025,0.246773,0.476292,0.425597,-0.005711,0.092982,0.781251,0.639530,0.872599,1.096666,0.774212,0.632077,0.000000,0.980730,0.614771,0.421002,0.469663,0.330844,0.587222,0.485629,0.214946,0.305386,0.256935,0.234289,0.218204,0.245955,0.239957,0.315138,0.170561,0.067361,0.520679,0.319212,0.420450,0.327471,0.269746,0.343485,0.295262,0.326409,0.032350,0.332057,0.456160,0.421498,0.109810,0.274832,0.242328,0.359682,-0.028017,0.341790,0.106154,0.233584,0.234896,0.253409,0.367411,0.283667
