0.000000,1.454963,0.632052,0.574824,0.280945,0.345827,0.597115,0.571902,0.235192,0.495897,0.718568,0.634930,0.453503,0.454775,0.196914,0.464860,0.674657,0.697240,1.072712,0.966328,0.190809,0.232966,0.482312,0.490125,0.010097,0.136211,0.051579,0.067020,0.470883,0.343287,0.245506,0.265440,0.836214,0.784753,0.399964,0.282315,0.165959,0.223639,0.274076,0.472880,0.179954,-0.130254,0.688110,0.600974,0.836657,0.817781,0.618042,0.616886,1.057075,0.772584,0.828974,0.652562,0.627887,0.581010,0.666892,0.506011,1.329501,1.246572,0.698436,0.558994,0.592412,0.631722,0.547864,0.593872,0.390923,0.444561,0.774500,0.566084,0.988804,0.798809,-0.169891,-0.381373,0.665423,0.601261,0.783175,0.811763,0.278343,0.321972,0.418388,0.493421,0.749877,0.722848,0.306876,0.437258,0.543116,0.464473,-0.027767,0.314709,0.640954,0.538362
1.454963,0.000000,0.692081,0.733083,0.329070,0.404236,0.639792,0.695665,0.282485,0.580424,0.771746,0.827740,0.573420,0.633397,0.348921,0.625652,0.804821,0.930306,1.045356,1.072533,0.160958,0.254949,0.553275,0.592726,0.072325,0.204033,0.128803,0.189813,0.551292,0.489301,0.408864,0.423681,0.963814,0.956736,0.465509,0.433013,0.084333,0.299093,0.202496,0.505621,0.145741,-0.180723,0.863292,0.701520,0.944764,0.976295,0.830513,0.779970,1.041196,0.920685,0.930443,0.760324,0.704304,0.714499,0.744197,0.668407,1.294291,1.611214,0.674064,0.764661,0.614616,0.751750,0.722730,0.873251,0.473034,0.553230,0.952055,0.778556,0.996322,0.911748,-0.092998,-0.289930,0.727383,0.712746,0.874517,0.850262,0.306437,0.393975,0.454900,0.529615,0.827827,0.827556,0.333066,0.457330,0.628461,0.540062,-0.006236,0.229642,0.701933,0.666921
0.632052,0.692081,0.000000,1.471968,0.746785,0.741990,1.457963,1.197470,0.534252,0.937174,0.685255,0.815549,0.682059,0.728932,0.428919,0.681185,0.507558,0.373854,1.002444,1.074807,0.383708,0.518175,1.219558,1.226150,0.482434,0.568682,0.521882,0.538675,0.399236,0.218590,0.692862,0.743109,1.070041,1.020089,0.805049,0.648764,0.113342,0.246141,0.179363,0.576585,0.168158,-0.358637,1.152416,0.579925,1.025523,0.779320,0.945219,0.658825,0.800745,0.797224,0.915183,0.944226,0.786220,0.796804,0.848231,0.762050,0.824092,0.736421,0.979378,1.119079,1.039037,0.995573,0.704599,0.760251,0.816891,1.022234,1.424743,1.195466,0.979013,0.999815,0.159338,-0.116711,0.654753,0.664351,0.847757,0.940189,0.474463,0.622807,0.238520,0.293816,0.634968,0.639651,0.352389,0.557345,0.717850,0.767580,-0.019307,0.268790,1.062976,1.101831
0.574824,0.733083,1.471968,0.000000,0.776631,0.793034,1.188657,1.330563,0.511486,0.990531,0.652589,0.912503,0.702952,0.798579,0.472257,0.799231,0.492546,0.400832,0.833997,1.055351,0.320817,0.505338,1.358665,1.654368,0.512062,0.633072,0.624751,0.633623,0.401387,0.297775,0.768399,0.852084,1.083010,1.119463,0.739037,0.719154,0.157552,0.261708,0.169266,0.582827,0.126835,-0.315768,1.027901,0.559244,0.939461,0.768263,0.978443,0.733190,0.729540,0.805090,0.949641,0.894769,0.797205,0.883190,0.884918,0.902938,0.780883,0.756294,0.737312,1.286819,0.899089,1.120259,0.801468,0.888867,0.873462,1.166890,1.347218,1.349295,0.920179,1.040538,0.182333,-0.034964,0.678095,0.627558,0.870314,0.827479,0.505030,0.665963,0.184442,0.233439,0.600422,0.610840,0.355855,0.507651,0.822494,0.988645,0.033704,0.260817,1.066937,1.283106
0.280945,0.329070,0.746785,0.776631,0.000000,1.150725,0.767974,0.862798,1.204338,0.999882,0.610094,0.631433,0.646875,0.726381,0.747294,0.781843,0.350061,0.163460,0.475533,0.517267,0.277306,0.269599,0.798002,0.791296,0.681560,0.737899,0.559372,0.453444,0.536791,0.377487,0.463072,0.535927,0.692099,0.680652,0.505686,0.507128,0.173146,0.182025,0.113245,0.353879,0.209215,-0.122117,0.679257,0.471978,0.595383,0.499528,0.577369,0.457724,0.535968,0.447281,0.578975,0.556127,0.522235,0.640726,0.633544,0.479585,0.468635,0.382763,0.628425,0.661577,0.838530,0.832239,0.614006,0.524735,0.553944,0.706600,0.701463,0.741465,0.504035,0.520732,0.231639,0.000422,0.591204,0.651102,0.598255,0.613577,0.380703,0.411290,0.238990,0.218800,0.475127,0.446106,0.271713,0.440987,0.497629,0.624850,-0.019717,0.117830,0.608347,0.641658
0.345827,0.404236,0.741990,0.793034,1.150725,0.000000,0.706494,0.867023,1.020048,1.182941,0.496646,0.611740,0.502276,0.592773,0.596409,0.769381,0.339967,0.189687,0.583006,0.679894,0.391152,0.391921,0.733479,0.827929,0.642962,0.770346,0.625964,0.629278,0.485532,0.375417,0.429673,0.461980,0.664158,0.656440,0.517150,0.530376,0.228324,0.261803,0.233693,0.456638,0.142183,-0.001858,0.870425,0.595248,0.743534,0.611363,0.741734,0.576610,0.610294,0.505845,0.658937,0.586725,0.674699,0.748914,0.662418,0.542670,0.515846,0.429336,0.616052,0.722298,0.728378,0.874355,0.548483,0.533774,0.502474,0.629061,0.689778,0.699780,0.578536,0.685954,0.315993,0.019207,0.455600,0.585643,0.599164,0.604264,0.396489,0.470854,0.307403,0.246156,0.578153,0.535495,0.341305,0.638103,0.535585,0.587698,-0.019959,0.189854,0.711905,0.771904
0.597115,0.639792,1.457963,1.188657,0.767974,0.706494,0.000000,1.616469,0.601719,1.097595,0.883971,1.075961,0.880089,0.819313,0.455337,0.622858,0.508427,0.390175,0.999251,1.071710,0.360990,0.498258,0.969620,1.129166,0.233687,0.353901,0.433038,0.422270,0.510883,0.265566,0.615401,0.653362,1.130552,1.130807,0.592149,0.549221,0.131387,0.182353,0.121512,0.414757,0.226788,-0.332813,1.111888,0.586563,0.955219,0.669428,0.814152,0.603276,0.795403,0.680278,0.782256,0.730971,0.688749,0.673627,0.743147,0.640905,0.867610,0.653587,1.143455,1.113911,1.446345,1.285484,0.798032,0.821109,0.609378,0.909951,1.270560,1.099276,0.920604,0.873509,0.153038,-0.145534,0.671337,0.648841,0.853591,0.944169,0.487630,0.561158,0.236945,0.215771,0.578610,0.572185,0.343708,0.463459,0.673053,0.700616,-0.062934,0.166875,0.949820,1.001808
0.571902,0.695665,1.197470,1.330563,0.862798,0.867023,1.616469,0.000000,0.753941,1.356017,0.872580,1.310534,0.854061,0.979665,0.601266,0.796411,0.546832,0.431658,0.963035,1.173686,0.312814,0.491305,0.915309,1.260641,0.322086,0.472583,0.438618,0.447675,0.582151,0.401635,0.693772,0.732962,1.167338,1.255477,0.530232,0.620645,0.141744,0.223684,0.154112,0.511328,0.195357,-0.202366,1.156350,0.645430,0.932181,0.722977,0.961801,0.740211,0.806124,0.696087,0.882381,0.748178,0.804610,0.749078,0.844953,0.761654,0.855353,0.667920,0.938385,1.287093,1.238238,1.719051,0.901135,1.032277,0.531685,0.916208,1.211553,1.233680,0.910063,0.977549,0.258578,-0.032474,0.796926,0.786208,0.958940,0.953070,0.538882,0.605982,0.295402,0.226525,0.679459,0.636637,0.321696,0.499481,0.645788,0.777687,-0.108403,0.144213,0.979830,1.088471
0.235192,0.282485,0.534252,0.511486,1.204338,1.020048,0.601719,0.753941,0.000000,0.915263,0.608523,0.629723,0.639040,0.728341,0.981006,0.726480,0.262112,0.129330,0.424781,0.459706,0.184661,0.203003,0.483233,0.512889,0.487301,0.604543,0.306516,0.280099,0.545617,0.418077,0.291104,0.317416,0.492505,0.497565,0.307538,0.331188,0.162962,0.165949,0.200107,0.310401,0.214429,0.029522,0.567148,0.444974,0.438721,0.393627,0.449916,0.395890,0.429509,0.288774,0.441641,0.383971,0.464129,0.451203,0.518588,0.339323,0.351787,0.285159,0.550777,0.476292,0.747933,0.724978,0.379643,0.430781,0.283967,0.445304,0.493044,0.490355,0.391909,0.430227,0.370373,0.115328,0.630667,0.705967,0.522958,0.566374,0.331184,0.330103,0.308766,0.245738,0.416286,0.348118,0.121325,0.336594,0.284218,0.404561,-0.129277,-0.090525,0.450314,0.461700
0.495897,0.580424,0.937174,0.990531,0.999882,1.182941,1.097595,1.356017,0.915263,0.000000,0.820460,1.038386,0.794730,0.914054,0.666509,0.862963,0.559769,0.473404,0.816752,0.955466,0.297375,0.384340,0.852585,1.127179,0.379016,0.478859,0.498928,0.462427,0.643226,0.462635,0.578073,0.647497,0.987941,1.015177,0.435667,0.519053,0.110071,0.185587,0.106003,0.434344,0.139412,-0.113877,1.137119,0.580603,0.917549,0.633326,0.844633,0.616226,0.703876,0.581160,0.723502,0.619609,0.668731,0.709420,0.649059,0.609898,0.787294,0.604996,0.800448,1.023706,1.055531,1.407938,0.812058,0.861701,0.470168,0.745865,0.852679,0.906472,0.787933,0.881862,0.239670,-0.088752,0.650030,0.711974,0.859886,0.788100,0.342265,0.452098,0.315212,0.290669,0.669495,0.673065,0.316311,0.587292,0.545415,0.663961,-0.114034,0.169928,0.782230,0.897804
0.718568,0.771746,0.685255,0.652589,0.610094,0.496646,0.883971,0.872580,0.608523,0.820460,0.000000,1.293386,1.440197,1.178430,0.755225,0.711644,0.878053,0.753341,0.803000,0.771332,0.167058,0.248936,0.534493,0.608701,0.054692,0.208561,0.165641,0.177098,0.876203,0.488235,0.421370,0.475499,1.050726,1.029576,0.304816,0.401346,0.068746,0.032344,-0.003989,0.183062,0.147789,-0.265734,0.773560,0.456413,0.693995,0.566210,0.578721,0.475319,0.788417,0.620521,0.640821,0.525637,0.444922,0.402336,0.532143,0.429708,0.904133,0.783708,0.926126,0.798120,1.078650,0.994050,0.925668,0.956598,0.400756,0.673972,0.845286,0.831184,0.740950,0.649611,-0.021273,-0.349460,0.841505,0.687413,0.893763,0.888643,0.286025,0.289061,0.399144,0.347422,0.559098,0.520170,0.131160,0.230676,0.376981,0.462466,-0.228369,-0.050917,0.496650,0.585710
0.634930,0.827740,0.815549,0.912503,0.631433,0.611740,1.075961,1.310534,0.629723,1.038386,1.293386,0.000000,1.195313,1.377259,0.688193,0.778485,0.713917,0.732272,0.820271,0.967376,0.151392,0.305956,0.612918,0.861224,0.145368,0.280674,0.205523,0.252268,0.786471,0.533489,0.486992,0.536604,1.087646,1.209476,0.399669,0.567619,0.062247,0.110961,0.050406,0.354741,0.125948,-0.190233,0.933996,0.524270,0.726748,0.600272,0.742765,0.590930,0.739786,0.684218,0.707503,0.630388,0.559946,0.518939,0.613113,0.606788,0.886456,0.760502,0.937303,1.145921,1.048813,1.333718,0.929683,1.269371,0.369294,0.781578,1.023588,1.116329,0.775369,0.831983,0.032008,-0.230501,0.954347,0.828078,1.003355,0.898228,0.360828,0.398827,0.362272,0.285291,0.589519,0.574358,0.210432,0.308399,0.433748,0.579353,-0.165536,0.007597,0.640680,0.791109
0.453503,0.573420,0.682059,0.702952,0.646875,0.502276,0.880089,0.854061,0.639040,0.794730,1.440197,1.195313,0.000000,1.344869,0.972715,0.743974,0.654252,0.579195,0.603734,0.613707,0.142232,0.244965,0.587170,0.679510,0.078488,0.200000,0.274381,0.278659,0.705157,0.391772,0.412044,0.464540,0.838793,0.843937,0.379635,0.487890,0.031890,0.037212,-0.031387,0.154726,0.173138,-0.273575,0.718882,0.426526,0.580486,0.439112,0.542642,0.423921,0.560834,0.534392,0.540458,0.515366,0.395704,0.364803,0.450050,0.393189,0.625037,0.582636,0.788366,0.783749,0.979680,0.878493,0.760151,0.814094,0.434574,0.718357,0.766771,0.787833,0.608454,0.552075,-0.021638,-0.260635,0.727852,0.590010,0.681903,0.677368,0.215252,0.235935,0.199206,0.221040,0.362610,0.342067,0.105717,0.115822,0.358597,0.494709,-0.200921,-0.208289,0.419680,0.588172
0.454775,0.633397,0.728932,0.798579,0.726381,0.592773,0.819313,0.979665,0.728341,0.914054,1.178430,1.377259,1.344869,0.000000,1.109900,1.029922,0.722454,0.695828,0.621815,0.703000,0.068732,0.166603,0.676725,0.802972,0.251832,0.368430,0.225370,0.243973,0.769693,0.532475,0.526349,0.646762,0.971463,1.015372,0.417328,0.612943,-0.087607,-0.015695,-0.056234,0.217703,0.099723,-0.246485,0.762212,0.397444,0.559162,0.463178,0.577738,0.421593,0.523007,0.497162,0.545603,0.521860,0.393269,0.389446,0.470062,0.426060,0.621159,0.587346,0.657583,0.836972,0.909938,0.982665,0.849081,1.011067,0.509321,0.831051,0.831323,0.951006,0.605273,0.616908,0.033068,-0.200225,0.866299,0.724901,0.768547,0.658963,0.169619,0.218640,0.329802,0.275443,0.493991,0.443507,0.100689,0.200171,0.364259,0.540049,-0.173061,-0.120521,0.473056,0.587655
0.196914,0.348921,0.428919,0.472257,0.747294,0.596409,0.455337,0.601266,0.981006,0.666509,0.755225,0.688193,0.972715,1.109900,0.000000,1.054559,0.512513,0.397405,0.390513,0.397841,0.076666,0.147588,0.475410,0.476874,0.292351,0.395817,0.260077,0.281223,0.656343,0.479361,0.425008,0.495273,0.564007,0.562375,0.310410,0.495503,-0.120426,0.062059,0.021889,0.170146,0.127566,-0.034257,0.508936,0.347749,0.362992,0.359035,0.415454,0.322827,0.293612,0.270144,0.370357,0.345347,0.299107,0.293369,0.386777,0.270362,0.297673,0.309879,0.347751,0.457336,0.588545,0.609674,0.546409,0.584298,0.413986,0.565711,0.441863,0.542830,0.378734,0.349173,0.186681,-0.023606,0.633317,0.608182,0.422396,0.411334,0.049288,0.078412,0.338450,0.306233,0.392782,0.306669,0.033368,0.116307,0.269189,0.436429,-0.211085,-0.372461,0.283474,0.404835
0.464860,0.625652,0.681185,0.799231,0.781843,0.769381,0.622858,0.796411,0.726480,0.862963,0.711644,0.778485,0.743974,1.029922,1.054559,0.000000,0.705971,0.605351,0.639919,0.725547,0.122621,0.151575,0.842450,0.818176,0.460375,0.580685,0.396486,0.411081,0.782981,0.691069,0.684976,0.841223,0.907866,0.883623,0.585038,0.760938,-0.019184,0.255751,0.128202,0.411290,0.134507,-0.036521,0.791871,0.552535,0.678353,0.732446,0.665834,0.516640,0.586289,0.553653,0.683178,0.618656,0.509664,0.566639,0.622898,0.512100,0.575432,0.589084,0.469341,0.728530,0.710352,0.838974,0.816038,0.825378,0.760257,0.850809,0.706211,0.851675,0.632973,0.642383,0.148590,-0.092110,0.650623,0.715136,0.623095,0.588617,0.085098,0.202730,0.496107,0.533547,0.762291,0.707348,0.400765,0.515607,0.690310,0.858695,0.024279,-0.019976,0.609892,0.712490
0.674657,0.804821,0.507558,0.492546,0.350061,0.339967,0.508427,0.546832,0.262112,0.559769,0.878053,0.713917,0.654252,0.722454,0.512513,0.705971,0.000000,1.179036,0.817383,0.747756,0.145747,0.146022,0.437691,0.487675,0.151882,0.251348,0.119303,0.180682,1.101406,0.731265,0.589724,0.639389,1.010599,0.996193,0.362869,0.502656,-0.003324,0.154065,-0.016367,0.280585,0.184257,-0.288479,0.788625,0.423695,0.831971,0.837129,0.621041,0.434015,0.675505,0.730572,0.647087,0.578607,0.489428,0.486784,0.539283,0.474433,0.998011,0.934100,0.513832,0.742388,0.568676,0.730238,1.203370,1.082293,0.442449,0.557217,0.643450,0.809108,0.711256,0.634937,-0.110838,-0.472195,0.578906,0.544545,0.606198,0.616923,0.023723,0.096756,0.847170,0.605093,0.908723,1.033967,0.269434,0.459309,0.418424,0.454012,-0.143032,0.061619,0.491554,0.556173
0.697240,0.930306,0.373854,0.400832,0.163460,0.189687,0.390175,0.431658,0.129330,0.473404,0.753341,0.732272,0.579195,0.695828,0.397405,0.605351,1.179036,0.000000,0.654607,0.645064,-0.005524,0.032904,0.337482,0.379587,0.007061,0.065363,-0.007705,0.060257,0.811466,0.747153,0.385021,0.478259,0.771321,0.808135,0.234378,0.349103,-0.122628,0.133388,-0.065271,0.207341,0.003933,-0.174249,0.602578,0.361907,0.624615,0.624261,0.475130,0.379170,0.544482,0.616488,0.486680,0.454061,0.306301,0.369970,0.325854,0.345305,0.832997,0.937920,0.391294,0.594680,0.436770,0.579832,0.836862,0.974041,0.307914,0.409160,0.533535,0.607602,0.583383,0.558889,-0.264336,-0.517081,0.541767,0.533585,0.582469,0.545250,-0.052809,0.049255,0.550703,0.551706,0.611293,0.769398,0.193609,0.292319,0.324478,0.323040,-0.082643,0.042698,0.321567,0.404572
1.072712,1.045356,1.002444,0.833997,0.475533,0.583006,0.999251,0.963035,0.424781,0.816752,0.803000,0.820271,0.603734,0.621815,0.390513,0.639919,0.817383,0.654607,0.000000,1.570402,0.446368,0.509537,0.659355,0.774536,0.147092,0.298175,0.268120,0.326420,0.607293,0.411951,0.510347,0.524035,1.123374,1.045870,0.493995,0.430256,0.179604,0.357085,0.251265,0.589481,0.198111,-0.192431,1.186574,0.745980,1.331776,1.097048,0.997190,0.773468,1.163864,0.932943,1.064796,0.875959,0.929730,0.785053,0.919442,0.741571,1.229516,1.018429,0.881581,0.957756,0.845814,0.980632,0.864953,0.846440,0.499314,0.633958,1.081132,0.934181,1.506957,1.183477,0.032899,-0.307935,0.679875,0.746602,0.858263,0.988679,0.427970,0.482538,0.466988,0.478110,0.993786,0.943064,0.462707,0.672618,0.714428,0.639310,-0.060310,0.258553,0.983522,0.890050
0.966328,1.072533,1.074807,1.055351,0.517267,0.679894,1.071710,1.173686,0.459706,0.955466,0.771332,0.967376,0.613707,0.703000,0.397841,0.725547,0.747756,0.645064,1.570402,0.000000,0.290434,0.459955,0.806562,1.008616,0.191181,0.347478,0.275072,0.321895,0.564889,0.409131,0.554119,0.590957,1.292469,1.252558,0.474115,0.459457,0.197851,0.340548,0.229586,0.671559,0.201255,-0.203367,1.315290,0.691567,1.392401,1.036135,1.046300,0.817803,1.007693,0.899873,1.005007,0.809965,0.891433,0.882341,0.881846,0.843751,1.289463,1.043905,0.796716,1.190891,0.837507,1.179218,0.910672,1.022772,0.521973,0.686539,1.162147,1.083753,1.593044,1.594415,0.034025,-0.251569,0.640830,0.659528,0.872015,0.868253,0.464805,0.586339,0.386574,0.339589,0.886252,0.903094,0.392648,0.684639,0.694323,0.687121,0.001105,0.318364,1.029646,1.093910
0.190809,0.160958,0.383708,0.320817,0.277306,0.391152,0.360990,0.312814,0.184661,0.297375,0.167058,0.151392,0.142232,0.068732,0.076666,0.122621,0.145747,-0.005524,0.446368,0.290434,0.000000,0.813782,0.195061,0.246954,0.177504,0.212652,0.394136,0.467963,0.201165,0.017728,0.219670,0.168505,0.245266,0.212050,0.398571,0.290687,0.275651,0.310706,0.176539,0.189457,0.210590,-0.126847,0.361783,0.328384,0.391277,0.344058,0.366234,0.284473,0.371943,0.339901,0.402713,0.388639,0.494976,0.344860,0.430088,0.269923,0.224509,0.166119,0.325879,0.284126,0.328438,0.273611,0.243587,0.121817,0.246031,0.286596,0.344363,0.314726,0.328960,0.239321,0.368685,0.102061,0.162814,0.174559,0.166177,0.409994,0.346388,0.325191,0.164157,0.112575,0.363533,0.208283,0.429920,0.245002,0.364621,0.233090,0.024303,0.089556,0.451231,0.350848
0.232966,0.254949,0.518175,0.505338,0.269599,0.391921,0.498258,0.491305,0.203003,0.384340,0.248936,0.305956,0.244965,0.166603,0.147588,0.151575,0.146022,0.032904,0.509537,0.459955,0.813782,0.000000,0.323412,0.425140,0.089979,0.158487,0.427389,0.530828,0.139185,-0.020480,0.299652,0.231406,0.314066,0.330200,0.287156,0.245925,0.171310,0.260899,0.151564,0.269616,0.094075,-0.123476,0.462089,0.357754,0.420417,0.311570,0.479292,0.410576,0.376552,0.365263,0.416324,0.345173,0.531673,0.408265,0.457825,0.382418,0.321519,0.271667,0.347896,0.449181,0.383253,0.426026,0.254881,0.276973,0.221703,0.331721,0.444661,0.377728,0.460189,0.376256,0.430125,0.180947,0.238547,0.219295,0.298703,0.485580,0.556432,0.608948,0.000419,-0.004942,0.280440,0.190697,0.255106,0.182206,0.324310,0.278681,-0.115360,0.024091,0.529019,0.521056
0.482312,0.553275,1.219558,1.358665,0.798002,0.733479,0.969620,0.915309,0.483233,0.852585,0.534493,0.612918,0.587170,0.676725,0.475410,0.842450,0.437691,0.337482,0.659355,0.806562,0.195061,0.323412,0.000000,1.515495,0.547508,0.633533,0.628157,0.609743,0.371950,0.268105,0.805989,0.923375,1.029506,0.994111,0.768401,0.650124,0.060475,0.235052,0.105836,0.449217,0.115508,-0.314073,0.850869,0.456578,0.816805,0.676449,0.699561,0.509399,0.565767,0.554526,0.684694,0.642963,0.537224,0.748046,0.641341,0.582911,0.597907,0.581725,0.542250,0.831509,0.793777,0.856994,0.668412,0.662726,1.075918,1.036079,0.990513,0.958784,0.754976,0.799037,0.088016,-0.078292,0.501279,0.465383,0.663935,0.598581,0.302515,0.472123,0.133975,0.264093,0.464476,0.569840,0.333290,0.518713,0.833810,0.964892,0.068799,0.221975,0.765966,0.920950
0.490125,0.592726,1.226150,1.654368,0.791296,0.827929,1.129166,1.260641,0.512889,1.127179,0.608701,0.861224,0.679510,0.802972,0.476874,0.818176,0.487675,0.379587,0.774536,1.008616,0.246954,0.425140,1.515495,0.000000,0.489532,0.576712,0.599598,0.586045,0.460713,0.339433,0.798951,0.910534,1.090675,1.123263,0.667583,0.652918,0.110394,0.222481,0.125399,0.539092,0.096817,-0.254428,1.040999,0.503055,0.903645,0.662048,0.892329,0.626813,0.629441,0.626753,0.757129,0.685482,0.696346,0.804254,0.743693,0.748958,0.710700,0.609668,0.634342,1.084863,0.833924,1.122856,0.782606,0.816252,0.763488,0.976988,1.047784,1.122926,0.836691,0.982946,0.136370,-0.070000,0.599877,0.545984,0.771647,0.658756,0.400773,0.545733,0.165199,0.211229,0.523957,0.575107,0.334461,0.556520,0.730762,0.907358,0.029205,0.258649,0.897907,1.085906
0.010097,0.072325,0.482434,0.512062,0.681560,0.642962,0.233687,0.322086,0.487301,0.379016,0.054692,0.145368,0.078488,0.251832,0.292351,0.460375,0.151882,0.007061,0.147092,0.191181,0.177504,0.089979,0.547508,0.489532,0.000000,1.516995,0.656823,0.657171,0.247375,0.332576,0.526215,0.590356,0.283314,0.291211,0.532975,0.434548,0.099197,0.196469,0.191314,0.349713,0.089652,-0.070232,0.333624,0.191918,0.303572,0.402046,0.350522,0.242441,0.181879,0.284773,0.333679,0.434541,0.350005,0.423591,0.425587,0.373107,0.109959,0.162052,0.181259,0.344924,0.228639,0.292610,0.262584,0.247385,0.518545,0.466793,0.339163,0.449745,0.146593,0.302104,0.186218,0.063841,0.282373,0.351887,0.272817,0.263354,0.136320,0.230937,0.258042,0.229455,0.309528,0.362979,0.202595,0.415177,0.341210,0.478101,0.059680,0.210615,0.414106,0.388416
0.136211,0.204033,0.568682,0.633072,0.737899,0.770346,0.353901,0.472583,0.604543,0.478859,0.208561,0.280674,0.200000,0.368430,0.395817,0.580685,0.251348,0.065363,0.298175,0.347478,0.212652,0.158487,0.633533,0.576712,1.516995,0.000000,0.670853,0.710508,0.371200,0.446301,0.698574,0.739275,0.424373,0.432304,0.599730,0.495229,0.190232,0.242102,0.235421,0.366062,0.188919,-0.057345,0.459734,0.334638,0.445335,0.550073,0.444497,0.368984,0.347782,0.361465,0.463579,0.489579,0.430232,0.447141,0.519997,0.420772,0.216227,0.270939,0.298369,0.446918,0.380900,0.436283,0.366481,0.358331,0.606663,0.586341,0.493303,0.569590,0.278500,0.431877,0.302539,0.100947,0.399977,0.430478,0.367477,0.401157,0.228192,0.294710,0.332659,0.305882,0.400557,0.437143,0.263875,0.483297,0.475052,0.598300,0.066346,0.128567,0.544384,0.508744
0.051579,0.128803,0.521882,0.624751,0.559372,0.625964,0.433038,0.438618,0.306516,0.498928,0.165641,0.205523,0.274381,0.225370,0.260077,0.396486,0.119303,-0.007705,0.268120,0.275072,0.394136,0.427389,0.628157,0.599598,0.656823,0.670853,0.000000,1.570332,0.118653,0.144113,0.520995,0.599706,0.351518,0.359730,0.477230,0.373310,0.143723,0.236476,0.044488,0.151530,0.113778,-0.175487,0.425187,0.309964,0.429435,0.400145,0.456296,0.364927,0.283498,0.332715,0.421852,0.396524,0.337403,0.369823,0.352056,0.382579,0.182043,0.212472,0.313658,0.438994,0.395697,0.406748,0.285979,0.223991,0.627158,0.566448,0.422465,0.442214,0.329442,0.403411,0.183876,0.018897,0.168200,0.261468,0.269141,0.279354,0.179677,0.271514,-0.016991,0.090231,0.237857,0.284453,0.338143,0.277967,0.574884,0.548016,-0.033734,0.052228,0.504498,0.521273
0.067020,0.189813,0.538675,0.633623,0.453444,0.629278,0.422270,0.447675,0.280099,0.462427,0.177098,0.252268,0.278659,0.243973,0.281223,0.411081,0.180682,0.060257,0.326420,0.321895,0.467963,0.530828,0.609743,0.586045,0.657171,0.710508,1.570332,0.000000,0.188361,0.194154,0.560851,0.616153,0.352871,0.382199,0.497024,0.399835,0.121594,0.328444,0.112965,0.211201,0.106660,-0.163460,0.460709,0.340888,0.459631,0.460698,0.515804,0.402166,0.274600,0.353514,0.431405,0.413392,0.400962,0.390922,0.425700,0.403109,0.183074,0.250240,0.302076,0.472158,0.374210,0.426619,0.299612,0.297012,0.624757,0.582996,0.438579,0.472212,0.330026,0.419243,0.212336,0.027231,0.224033,0.304625,0.310589,0.343377,0.196263,0.304991,0.079014,0.167229,0.290548,0.363675,0.408036,0.292207,0.631929,0.545401,-0.040887,-0.016229,0.560278,0.560293
0.470883,0.551292,0.399236,0.401387,0.536791,0.485532,0.510883,0.582151,0.545617,0.643226,0.876203,0.786471,0.705157,0.769693,0.656343,0.782981,1.101406,0.811466,0.607293,0.564889,0.201165,0.139185,0.371950,0.460713,0.247375,0.371200,0.118653,0.188361,0.000000,1.173840,0.529661,0.567221,0.793965,0.839636,0.326647,0.444538,0.139279,0.226616,0.080462,0.223506,0.245534,-0.071496,0.629084,0.411344,0.561203,0.609982,0.463159,0.347044,0.532018,0.489549,0.478825,0.431010,0.454800,0.400856,0.506468,0.335892,0.682842,0.595027,0.510858,0.563115,0.621554,0.729845,0.903046,0.894222,0.267251,0.415283,0.477325,0.638045,0.456721,0.431945,0.014085,-0.326922,0.685174,0.645081,0.567734,0.630747,0.022550,0.075996,0.907669,0.646833,0.753469,0.767212,0.329825,0.466325,0.332012,0.379831,-0.099604,-0.119429,0.408545,0.423234
0.343287,0.489301,0.218590,0.297775,0.377487,0.375417,0.265566,0.401635,0.418077,0.462635,0.488235,0.533489,0.391772,0.532475,0.479361,0.691069,0.731265,0.747153,0.411951,0.409131,0.017728,-0.020480,0.268105,0.339433,0.332576,0.446301,0.144113,0.194154,1.173840,0.000000,0.456954,0.519424,0.523835,0.596720,0.285667,0.331308,0.135425,0.348543,0.156706,0.257734,0.150738,0.117082,0.426397,0.401931,0.388572,0.562676,0.401627,0.353353,0.415633,0.434481,0.439944,0.409604,0.409116,0.380707,0.435474,0.359813,0.465360,0.495474,0.279999,0.399262,0.355202,0.509104,0.633112,0.696510,0.182701,0.241068,0.313084,0.442206,0.299084,0.339549,0.010842,-0.210509,0.512752,0.597484,0.439566,0.397768,-0.031175,0.010990,0.810760,0.806269,0.640405,0.738685,0.391528,0.513026,0.348018,0.349972,0.026290,-0.084175,0.335503,0.323544
0.245506,0.408864,0.692862,0.768399,0.463072,0.429673,0.615401,0.693772,0.291104,0.578073,0.421370,0.486992,0.412044,0.526349,0.425008,0.684976,0.589724,0.385021,0.510347,0.554119,0.219670,0.299652,0.805989,0.798951,0.526215,0.698574,0.520995,0.560851,0.529661,0.456954,0.000000,1.652215,0.807195,0.814625,0.567637,0.666694,-0.070566,0.200039,0.033314,0.307597,0.140229,-0.185976,0.652497,0.306147,0.598675,0.604083,0.534276,0.357296,0.418778,0.417621,0.522051,0.474725,0.411288,0.433751,0.542336,0.488731,0.443282,0.450735,0.364887,0.653086,0.556502,0.647344,0.746939,0.667152,0.598442,0.702771,0.655635,0.814817,0.469429,0.566606,0.285648,0.062367,0.459348,0.450408,0.532032,0.547412,0.171163,0.260953,0.340829,0.336282,0.508513,0.540940,0.264903,0.471664,0.522944,0.691842,-0.055473,0.060702,0.580789,0.633278
0.265440,0.423681,0.743109,0.852084,0.535927,0.461980,0.653362,0.732962,0.317416,0.647497,0.475499,0.536604,0.464540,0.646762,0.495273,0.841223,0.639389,0.478259,0.524035,0.590957,0.168505,0.231406,0.923375,0.910534,0.590356,0.739275,0.599706,0.616153,0.567221,0.519424,1.652215,0.000000,0.865261,0.878632,0.556334,0.639300,-0.134991,0.153650,-0.068001,0.244480,0.082953,-0.258097,0.674786,0.298876,0.613550,0.600737,0.556430,0.367957,0.386496,0.425943,0.488699,0.452960,0.362197,0.400139,0.503562,0.474722,0.464438,0.467654,0.380433,0.687745,0.612376,0.711197,0.805650,0.712615,0.740998,0.823771,0.679861,0.858843,0.501428,0.600358,0.178898,-0.045311,0.497822,0.490313,0.577460,0.543925,0.077022,0.187557,0.322234,0.327578,0.515385,0.573072,0.269585,0.403403,0.585122,0.716431,-0.030184,0.058386,0.595146,0.628051
0.836214,0.963814,1.070041,1.083010,0.692099,0.664158,1.130552,1.167338,0.492505,0.987941,1.050726,1.087646,0.838793,0.971463,0.564007,0.907866,1.010599,0.771321,1.123374,1.292469,0.245266,0.314066,1.029506,1.090675,0.283314,0.424373,0.351518,0.352871,0.793965,0.523835,0.807195,0.865261,0.000000,2.214235,0.580682,0.659343,0.105385,0.197796,0.099239,0.477136,0.217764,-0.355515,1.165955,0.554239,1.187481,0.952457,0.858872,0.653060,0.942262,0.814218,0.916616,0.779912,0.667821,0.761771,0.784481,0.698863,1.214925,1.011056,0.806602,1.167408,1.034178,1.292075,1.314552,1.288894,0.718741,0.920919,1.285794,1.388628,1.145471,1.089275,-0.010306,-0.332459,0.707910,0.663468,0.927928,0.853644,0.317743,0.445560,0.479943,0.433541,0.862905,0.903262,0.374580,0.643766,0.705563,0.797226,-0.060914,0.218644,0.827124,0.960753
0.784753,0.956736,1.020089,1.119463,0.680652,0.656440,1.130807,1.255477,0.497565,1.015177,1.029576,1.209476,0.843937,1.015372,0.562375,0.883623,0.996193,0.808135,1.045870,1.252558,0.212050,0.330200,0.994111,1.123263,0.291211,0.432304,0.359730,0.382199,0.839636,0.596720,0.814625,0.878632,2.214235,0.000000,0.546853,0.641872,0.087532,0.204899,0.075103,0.453110,0.172183,-0.343985,1.114736,0.544725,1.067199,0.905375,0.863489,0.666274,0.860867,0.780521,0.875628,0.739931,0.669447,0.745928,0.770732,0.698203,1.178263,0.983555,0.774921,1.194739,1.020285,1.414843,1.343717,1.471331,0.638600,0.892026,1.201085,1.349273,1.042773,1.041259,-0.004470,-0.319406,0.735505,0.681970,0.938427,0.846946,0.321569,0.446928,0.512762,0.428381,0.856222,0.913049,0.372233,0.591670,0.682323,0.766335,-0.064429,0.173207,0.820772,0.946024
0.399964,0.465509,0.805049,0.739037,0.505686,0.517150,0.592149,0.530232,0.307538,0.435667,0.304816,0.399669,0.379635,0.417328,0.310410,0.585038,0.362869,0.234378,0.493995,0.474115,0.398571,0.287156,0.768401,0.667583,0.532975,0.599730,0.477230,0.497024,0.326647,0.285667,0.567637,0.556334,0.580682,0.546853,0.000000,1.149682,0.031340,0.268571,0.238028,0.460522,0.160987,-0.129789,0.610709,0.406380,0.591335,0.673787,0.470675,0.312707,0.544067,0.608438,0.612468,0.688781,0.495680,0.528209,0.568161,0.369061,0.395100,0.439966,0.551296,0.550951,0.609267,0.504199,0.409531,0.396620,0.880234,0.846028,0.816692,0.779010,0.446870,0.477291,0.122277,-0.095763,0.453409,0.464827,0.376070,0.518324,0.206353,0.254772,0.335872,0.440488,0.484764,0.464214,0.402915,0.450949,0.712685,0.739498,0.115992,0.089441,0.626541,0.605111
0.282315,0.433013,0.648764,0.719154,0.507128,0.530376,0.549221,0.620645,0.331188,0.519053,0.401346,0.567619,0.487890,0.612943,0.495503,0.760938,0.502656,0.349103,0.430256,0.459457,0.290687,0.245925,0.650124,0.652918,0.434548,0.495229,0.373310,0.399835,0.444538,0.331308,0.666694,0.639300,0.659343,0.641872,1.149682,0.000000,-0.141654,0.061369,0.109728,0.343396,0.040753,-0.095853,0.635086,0.385236,0.533172,0.584261,0.504951,0.325911,0.476828,0.546774,0.595899,0.649127,0.437551,0.463620,0.472892,0.359195,0.369324,0.407443,0.429718,0.637899,0.557145,0.587438,0.591143,0.590179,0.714496,0.881928,0.740176,0.900359,0.399755,0.432092,0.158829,-0.031695,0.453857,0.475196,0.404786,0.510735,0.180297,0.200692,0.411200,0.387868,0.567766,0.458701,0.290524,0.364822,0.531339,0.702037,-0.041795,0.000366,0.488443,0.599313
0.165959,0.084333,0.113342,0.157552,0.173146,0.228324,0.131387,0.141744,0.162962,0.110071,0.068746,0.062247,0.031890,-0.087607,-0.120426,-0.019184,-0.003324,-0.122628,0.179604,0.197851,0.275651,0.171310,0.060475,0.110394,0.099197,0.190232,0.143723,0.121594,0.139279,0.135425,-0.070566,-0.134991,0.105385,0.087532,0.031340,-0.141654,0.000000,0.605335,0.669691,0.472135,0.451600,0.079962,0.137104,0.368993,0.276027,0.284351,0.300216,0.443714,0.342583,0.249745,0.363703,0.280264,0.390463,0.286982,0.358032,0.391563,0.216253,0.212702,0.250114,0.221272,0.143122,0.173366,0.032280,0.061451,0.061241,0.046040,0.204145,0.135691,0.238896,0.229205,0.035832,-0.080169,0.094746,0.053542,0.081579,0.206091,0.466525,0.501485,0.093862,0.064758,0.178122,0.159602,0.339176,0.373053,0.304852,0.251115,0.358342,0.293897,0.376729,0.353195
0.223639,0.299093,0.246141,0.261708,0.182025,0.261803,0.182353,0.223684,0.165949,0.185587,0.032344,0.110961,0.037212,-0.015695,0.062059,0.255751,0.154065,0.133388,0.357085,0.340548,0.310706,0.260899,0.235052,0.222481,0.196469,0.242102,0.236476,0.328444,0.226616,0.348543,0.200039,0.153650,0.197796,0.204899,0.268571,0.061369,0.605335,0.000000,0.618817,0.712873,0.341549,0.191612,0.310378,0.486485,0.409007,0.513457,0.447726,0.467852,0.378884,0.423896,0.497616,0.436774,0.523818,0.508273,0.584490,0.556403,0.267755,0.308823,0.234516,0.330437,0.169132,0.275540,0.190102,0.224189,0.236637,0.169533,0.272491,0.241355,0.370583,0.351202,0.028009,-0.039796,0.180489,0.218871,0.220074,0.280482,0.195952,0.322578,0.199680,0.406805,0.402357,0.480864,0.727026,0.539139,0.626667,0.438634,0.424303,0.166932,0.522000,0.490890
0.274076,0.202496,0.179363,0.169266,0.113245,0.233693,0.121512,0.154112,0.200107,0.106003,-0.003989,0.050406,-0.031387,-0.056234,0.021889,0.128202,-0.016367,-0.065271,0.251265,0.229586,0.176539,0.151564,0.105836,0.125399,0.191314,0.235421,0.044488,0.112965,0.080462,0.156706,0.033314,-0.068001,0.099239,0.075103,0.238028,0.109728,0.669691,0.618817,0.000000,0.914369,0.247507,0.370686,0.186187,0.490660,0.307299,0.393246,0.284303,0.431430,0.419743,0.337885,0.466170,0.450306,0.465146,0.373470,0.540315,0.395110,0.173261,0.191161,0.190379,0.140002,0.129351,0.141930,-0.038289,0.028742,0.197401,0.149586,0.210056,0.149274,0.194528,0.180920,0.045363,-0.045183,0.185880,0.137064,0.102193,0.205861,0.221814,0.253456,0.260902,0.426758,0.339861,0.280361,0.467555,0.547107,0.453702,0.396668,0.328128,0.274742,0.462457,0.399306
0.472880,0.505621,0.576585,0.582827,0.353879,0.456638,0.414757,0.511328,0.310401,0.434344,0.183062,0.354741,0.154726,0.217703,0.170146,0.411290,0.280585,0.207341,0.589481,0.671559,0.189457,0.269616,0.449217,0.539092,0.349713,0.366062,0.151530,0.211201,0.223506,0.257734,0.307597,0.244480,0.477136,0.453110,0.460522,0.343396,0.472135,0.712873,0.914369,0.000000,0.208249,0.195923,0.585833,0.589609,0.676530,0.698266,0.687540,0.682177,0.636989,0.627727,0.818005,0.769510,0.757356,0.744352,0.882238,0.835326,0.534807,0.529845,0.394606,0.607834,0.338767,0.491093,0.336446,0.425518,0.414218,0.432421,0.600958,0.582363,0.587419,0.654216,0.078224,-0.061392,0.404210,0.401631,0.417404,0.448323,0.387874,0.513425,0.348193,0.409470,0.652786,0.626787,0.490812,0.787925,0.623151,0.684825,0.284074,0.487790,0.801792,0.863681
0.179954,0.145741,0.168158,0.126835,0.209215,0.142183,0.226788,0.195357,0.214429,0.139412,0.147789,0.125948,0.173138,0.099723,0.127566,0.134507,0.184257,0.003933,0.198111,0.201255,0.210590,0.094075,0.115508,0.096817,0.089652,0.188919,0.113778,0.106660,0.245534,0.150738,0.140229,0.082953,0.217764,0.172183,0.160987,0.040753,0.451600,0.341549,0.247507,0.208249,0.000000,-0.155453,0.232951,0.233861,0.255115,0.290157,0.160544,0.126791,0.273056,0.245844,0.262857,0.239172,0.310867,0.274501,0.314596,0.224146,0.222343,0.184159,0.240712,0.180509,0.259164,0.221250,0.172506,0.146356,0.171043,0.154765,0.193456,0.188641,0.215822,0.160781,0.090086,0.010796,0.214432,0.122507,0.105448,0.170160,0.039863,0.055086,0.210530,0.061686,0.220898,0.210618,0.235582,0.195870,0.191077,0.203703,0.204488,0.000735,0.289893,0.232805
-0.130254,-0.180723,-0.358637,-0.315768,-0.122117,-0.001858,-0.332813,-0.202366,0.029522,-0.113877,-0.265734,-0.190233,-0.273575,-0.246485,-0.034257,-0.036521,-0.288479,-0.174249,-0.192431,-0.203367,-0.126847,-0.123476,-0.314073,-0.254428,-0.070232,-0.057345,-0.175487,-0.163460,-0.071496,0.117082,-0.185976,-0.258097,-0.355515,-0.343985,-0.129789,-0.095853,0.079962,0.191612,0.370686,0.195923,-0.155453,0.000000,-0.196320,0.163388,-0.194853,-0.111773,-0.163477,-0.030441,-0.076923,-0.185017,-0.068486,-0.106450,-0.107588,-0.137026,-0.141145,-0.104687,-0.274011,-0.288529,-0.216914,-0.297387,-0.280213,-0.243319,-0.311824,-0.291214,-0.275794,-0.267292,-0.316942,-0.317799,-0.257696,-0.236370,0.068957,0.178865,-0.051155,0.011845,-0.154399,-0.148735,-0.093468,-0.183135,0.013060,0.179529,-0.065993,-0.094379,0.130995,0.061650,-0.055330,-0.034548,0.131141,-0.070292,-0.180174,-0.153161
0.688110,0.863292,1.152416,1.027901,0.679257,0.870425,1.111888,1.156350,0.567148,1.137119,0.773560,0.933996,0.718882,0.762212,0.508936,0.791871,0.788625,0.602578,1.186574,1.315290,0.361783,0.462089,0.850869,1.040999,0.333624,0.459734,0.425187,0.460709,0.629084,0.426397,0.652497,0.674786,1.165955,1.114736,0.610709,0.635086,0.137104,0.310378,0.186187,0.585833,0.232951,-0.196320,0.000000,0.896650,1.590698,1.110977,1.241444,0.845959,1.038989,0.947762,1.025096,0.941934,0.920275,0.953453,0.810869,0.795194,1.035499,0.883979,0.870083,1.224089,0.940192,1.214815,0.978772,1.018022,0.606123,0.803724,1.167480,1.170166,1.116727,1.170338,0.132105,-0.201715,0.578441,0.670376,0.761963,0.880293,0.393702,0.504084,0.429599,0.400237,0.872007,0.889063,0.406417,0.739011,0.672458,0.729669,-0.068123,0.198646,0.909864,1.079965
0.600974,0.701520,0.579925,0.559244,0.471978,0.595248,0.586563,0.645430,0.444974,0.580603,0.456413,0.524270,0.426526,0.397444,0.347749,0.552535,0.423695,0.361907,0.745980,0.691567,0.328384,0.357754,0.456578,0.503055,0.191918,0.334638,0.309964,0.340888,0.411344,0.401931,0.306147,0.298876,0.554239,0.544725,0.406380,0.385236,0.368993,0.486485,0.490660,0.589609,0.233861,0.163388,0.896650,0.000000,0.887160,0.939464,0.985317,1.179711,0.947764,0.755324,0.960227,0.834775,0.786284,0.727819,0.702066,0.702924,0.601138,0.625021,0.556134,0.565163,0.543215,0.599305,0.477148,0.526434,0.447010,0.494074,0.692009,0.570018,0.639729,0.568073,0.138710,-0.056493,0.429005,0.498717,0.450259,0.600730,0.440974,0.452308,0.356426,0.525292,0.661647,0.665437,0.571016,0.634057,0.762645,0.688675,0.145339,0.182817,0.681033,0.661934
0.836657,0.944764,1.025523,0.939461,0.595383,0.743534,0.955219,0.932181,0.438721,0.917549,0.693995,0.726748,0.580486,0.559162,0.362992,0.678353,0.831971,0.624615,1.331776,1.392401,0.391277,0.420417,0.816805,0.903645,0.303572,0.445335,0.429435,0.459631,0.561203,0.388572,0.598675,0.613550,1.187481,1.067199,0.591335,0.533172,0.276027,0.409007,0.307299,0.676530,0.255115,-0.194853,1.590698,0.887160,0.000000,1.393895,1.153846,0.889385,1.183621,1.068640,1.144065,0.980665,0.905095,0.962912,0.869554,0.812617,1.179230,1.059610,0.800087,1.124783,0.817011,1.027809,0.911923,0.880357,0.687441,0.767819,1.162925,1.078119,1.325109,1.276089,0.019802,-0.310268,0.520277,0.576896,0.709057,0.827835,0.411805,0.531738,0.425543,0.452695,0.914591,1.024147,0.498435,0.836575,0.851534,0.795927,0.025801,0.331526,1.017009,1.112880
0.817781,0.976295,0.779320,0.768263,0.499528,0.611363,0.669428,0.722977,0.393627,0.633326,0.566210,0.600272,0.439112,0.463178,0.359035,0.732446,0.837129,0.624261,1.097048,1.036135,0.344058,0.311570,0.676449,0.662048,0.402046,0.550073,0.400145,0.460698,0.609982,0.562676,0.604083,0.600737,0.952457,0.905375,0.673787,0.584261,0.284351,0.513457,0.393246,0.698266,0.290157,-0.111773,1.110977,0.939464,1.393895,0.000000,0.986442,0.847547,1.194020,1.223801,1.292047,1.076655,0.971686,0.979680,0.980838,0.832560,0.946282,1.044733,0.685971,0.875276,0.689277,0.835653,0.823950,0.835511,0.705141,0.722420,0.971450,0.945439,1.014747,0.972031,0.026818,-0.278593,0.580074,0.650382,0.619165,0.776412,0.314624,0.383553,0.663414,0.630587,1.130360,1.237546,0.563881,0.816096,0.938169,0.881615,0.077886,0.259363,0.958488,0.940444
0.618042,0.830513,0.945219,0.978443,0.577369,0.741734,0.814152,0.961801,0.449916,0.844633,0.578721,0.742765,0.542642,0.577738,0.415454,0.665834,0.621041,0.475130,0.997190,1.046300,0.366234,0.479292,0.699561,0.892329,0.350522,0.444497,0.456296,0.515804,0.463159,0.401627,0.534276,0.556430,0.858872,0.863489,0.470675,0.504951,0.300216,0.447726,0.284303,0.687540,0.160544,-0.163477,1.241444,0.985317,1.153846,0.986442,0.000000,1.461973,0.898826,0.896598,1.122013,0.931625,1.194958,0.986247,1.012855,1.171103,0.885378,0.879863,0.723020,1.109785,0.655717,0.943432,0.777836,0.867256,0.495567,0.642655,1.015367,0.978768,0.969024,1.064847,0.177916,-0.073769,0.548594,0.676825,0.739962,0.812044,0.594984,0.741018,0.331473,0.347340,0.795630,0.767188,0.401230,0.678529,0.729008,0.668696,0.024703,0.334295,1.026422,1.087109
0.616886,0.779970,0.658825,0.733190,0.457724,0.576610,0.603276,0.740211,0.395890,0.616226,0.475319,0.590930,0.423921,0.421593,0.322827,0.516640,0.434015,0.379170,0.773468,0.817803,0.284473,0.410576,0.509399,0.626813,0.242441,0.368984,0.364927,0.402166,0.347044,0.353353,0.357296,0.367957,0.653060,0.666274,0.312707,0.325911,0.443714,0.467852,0.431430,0.682177,0.126791,-0.030441,0.845959,1.179711,0.889385,0.847547,1.461973,0.000000,0.859169,0.766701,0.989210,0.804577,0.988356,0.828540,0.854401,1.075664,0.727662,0.800235,0.571410,0.763137,0.501258,0.690705,0.544537,0.656726,0.399548,0.468142,0.807553,0.684629,0.772422,0.804325,0.140178,-0.042645,0.441997,0.499985,0.576245,0.657901,0.655168,0.779319,0.244315,0.328077,0.639035,0.603506,0.411857,0.595125,0.715827,0.624726,0.138032,0.330863,0.820254,0.844989
1.057075,1.041196,0.800745,0.729540,0.535968,0.610294,0.795403,0.806124,0.429509,0.703876,0.788417,0.739786,0.560834,0.523007,0.293612,0.586289,0.675505,0.544482,1.163864,1.007693,0.371943,0.376552,0.565767,0.629441,0.181879,0.347782,0.283498,0.274600,0.532018,0.415633,0.418778,0.386496,0.942262,0.860867,0.544067,0.476828,0.342583,0.378884,0.419743,0.636989,0.273056,-0.076923,1.038989,0.947764,1.183621,1.194020,0.898826,0.859169,0.000000,1.248708,1.473375,1.131720,0.965780,0.898480,0.993674,0.780960,1.059600,0.997206,0.959137,0.822481,0.820792,0.859534,0.721781,0.711657,0.530198,0.668074,1.042025,0.834220,1.019300,0.877073,0.049694,-0.266798,0.586712,0.643931,0.742446,0.911409,0.439138,0.445850,0.474522,0.556363,0.972471,0.867850,0.527009,0.741776,0.760332,0.726802,0.002582,0.319150,0.898131,0.830374
