0.000000,1.602896,0.760526,0.804248,0.570257,0.423460,0.269413,0.477336,0.441515,0.395566,0.543492,0.426164,0.506860,0.637143,0.674331,0.565318,0.529620,0.713703,0.761399,0.798524,0.435620,0.400773,0.448213,0.332836,0.399672,0.371829,0.527350,0.338901,0.658607,0.414294,0.031750,0.048312,1.037550,0.909099,0.454951,0.216903,0.571578,0.634740,0.570652,0.561329,0.596688,0.804767,0.948276,0.790205,0.652915,0.773345,1.007773,0.920866,0.888019,0.916248,1.136412,0.983566,1.034342,1.124833,1.033960,0.874760,1.842308,1.473609,1.124033,0.937077,1.038105,0.239103,0.861178,0.332306,0.268943,0.494100,1.067502,0.907051,0.911475,1.024671,-0.227720,-0.264734,0.172746,0.307760,0.220350,0.312353,0.421601,0.341431,0.394563,0.604194,0.706592,0.964699,0.895078,0.778771,0.835861,0.851280,0.705509,0.564836,0.621122,0.793663
1.602896,0.000000,0.671934,0.829503,0.445595,0.307403,0.194044,0.500761,0.360142,0.271016,0.567602,0.551764,0.494861,0.642583,0.559983,0.457154,0.524790,0.860285,0.624245,0.654303,0.440192,0.471753,0.419073,0.272316,0.338266,0.332373,0.420714,0.215255,0.690042,0.535751,0.084653,0.113463,0.981417,0.946958,0.299754,0.078285,0.510047,0.482184,0.605812,0.473925,0.623596,0.776301,0.807352,0.713857,0.629756,0.778657,0.923971,0.810160,0.875374,0.943339,1.103284,1.004768,0.958700,0.996456,0.986751,0.808337,1.576796,1.820624,1.101595,1.074266,0.907843,0.310543,0.835335,0.478076,0.247814,0.472830,0.975459,0.887364,0.730921,1.047310,-0.260219,-0.297151,0.143736,0.348975,0.147976,0.385176,0.370947,0.211598,0.375871,0.517685,0.603831,0.913191,0.770286,0.703464,0.763891,0.805306,0.633610,0.586588,0.484045,0.656470
0.760526,0.671934,0.000000,1.389429,0.872228,0.704838,0.956169,0.933735,0.754635,0.593510,0.596478,0.388282,0.697460,0.501814,0.828121,0.660245,0.321724,0.340727,0.785659,0.797948,0.561032,0.432865,1.250278,0.985092,0.570160,0.410668,0.665356,0.617727,0.354216,0.080475,0.428666,0.419568,0.717233,0.802967,0.562308,0.432207,0.655822,0.501479,0.487718,0.341549,0.624139,0.591913,0.550750,0.373606,0.379733,0.413372,0.580478,0.546503,0.484631,0.532935,0.613746,0.443282,0.619723,0.635016,0.655208,0.589359,0.568299,0.599811,0.570987,0.532437,0.675674,0.365039,0.491688,0.261389,0.459290,0.552126,0.601595,0.553072,0.558695,0.532938,0.276160,0.229871,0.278908,0.231143,0.338268,0.276927,0.619454,0.507378,0.127001,0.355009,0.385863,0.465830,0.764554,0.581790,0.493138,0.502160,0.581616,0.363167,0.777609,0.785990
0.804248,0.829503,1.389429,0.000000,0.724758,0.707593,0.862397,1.083090,0.606872,0.628363,0.448626,0.504723,0.569887,0.524014,0.764068,0.704117,0.229316,0.380510,0.903513,0.938692,0.486390,0.369738,1.053049,1.096525,0.451433,0.357220,0.581149,0.590460,0.357028,0.130692,0.332624,0.371707,0.857023,0.857643,0.550536,0.350772,0.629007,0.568933,0.550195,0.402688,0.562994,0.746864,0.567122,0.421416,0.378274,0.466012,0.626712,0.597946,0.513545,0.571171,0.671501,0.483494,0.679929,0.677542,0.661723,0.651882,0.640165,0.726618,0.644903,0.644923,0.707303,0.461876,0.525112,0.290774,0.439749,0.617865,0.676462,0.630014,0.567550,0.615708,0.174781,0.124998,0.274402,0.243454,0.339794,0.349746,0.576333,0.476077,0.138306,0.402652,0.402597,0.558419,0.705753,0.633267,0.554108,0.657813,0.530366,0.408762,0.725393,0.811670
0.570257,0.445595,0.872228,0.724758,0.000000,1.082824,0.578999,0.546794,1.356180,0.887360,0.483150,0.371069,0.588589,0.521962,1.084550,0.920242,0.334834,0.420962,0.380352,0.450973,0.516447,0.405170,0.859430,0.602350,0.793280,0.520575,0.807173,0.821761,0.398638,0.174462,0.447812,0.343882,0.495421,0.511819,0.473511,0.390686,0.631733,0.542563,0.540655,0.307681,0.456690,0.595162,0.412619,0.298521,0.259246,0.269159,0.370226,0.440260,0.362804,0.404612,0.450830,0.344793,0.438711,0.487432,0.461801,0.435942,0.441620,0.438092,0.457957,0.346906,0.571168,0.223461,0.406896,0.211651,0.447347,0.499793,0.476243,0.392398,0.399760,0.309017,0.186328,0.254104,0.373588,0.366434,0.252790,0.375914,0.525737,0.438214,0.051894,0.312467,0.335538,0.421810,0.648131,0.465928,0.447801,0.459827,0.491821,0.334980,0.728712,0.581740
0.423460,0.307403,0.704838,0.707593,1.082824,0.000000,0.570940,0.584194,0.974665,1.180382,0.433766,0.467104,0.602640,0.520319,0.907968,1.089666,0.285867,0.352760,0.299617,0.378761,0.350982,0.254215,0.820694,0.781296,0.800753,0.662131,0.894323,1.177427,0.366971,0.177439,0.506877,0.408373,0.448432,0.436491,0.483785,0.510710,0.704312,0.700897,0.632811,0.345436,0.486713,0.663344,0.358397,0.293270,0.203451,0.266458,0.311531,0.431604,0.322481,0.370844,0.360930,0.317823,0.375221,0.366029,0.403121,0.394501,0.317610,0.311046,0.366862,0.292706,0.451939,0.299413,0.313635,0.180399,0.382679,0.403757,0.353215,0.324723,0.363495,0.261953,0.290481,0.394979,0.515617,0.523880,0.340457,0.350888,0.609290,0.651668,-0.001671,0.251874,0.282788,0.422117,0.560489,0.517790,0.397473,0.493721,0.421806,0.505512,0.650042,0.531053
0.269413,0.194044,0.956169,0.862397,0.578999,0.570940,0.000000,1.137677,0.591277,0.581971,0.345415,0.315129,0.472634,0.234648,0.426671,0.409457,0.014675,-0.107277,0.547838,0.493847,0.299462,0.169551,0.966409,1.081094,0.247536,0.143589,0.389226,0.598168,-0.047810,-0.275693,0.474318,0.472693,0.377609,0.427538,0.441024,0.443609,0.366616,0.301117,0.188508,0.151922,0.171889,0.227475,0.113110,0.013990,0.059033,0.061302,0.132090,0.118494,0.065652,0.131966,0.099945,0.035024,0.197734,0.230711,0.215274,0.248894,0.124956,0.147345,0.108066,0.127598,0.405865,0.467471,0.093475,0.091145,0.420639,0.310114,0.123449,0.093215,0.089482,0.075326,0.684397,0.543216,0.236374,0.008683,0.262584,0.042662,0.524316,0.483815,-0.109712,0.148366,0.047566,0.029167,0.265173,0.185605,0.109469,0.120079,0.176886,0.103507,0.486455,0.477685
0.477336,0.500761,0.933735,1.083090,0.546794,0.584194,1.137677,0.000000,0.519570,0.586160,0.550650,0.775697,0.631896,0.629316,0.490233,0.536858,0.183042,0.237976,0.547623,0.510315,0.393388,0.309059,0.986818,1.040491,0.285744,0.236488,0.433533,0.497048,0.240121,0.083393,0.531118,0.656598,0.572564,0.720820,0.351449,0.295530,0.447074,0.317904,0.389313,0.197164,0.465509,0.419896,0.229115,0.153488,0.206505,0.231775,0.252962,0.213715,0.227224,0.311569,0.277899,0.191735,0.302504,0.278968,0.371332,0.294980,0.361413,0.373209,0.340565,0.385129,0.571450,0.721051,0.303230,0.275207,0.489888,0.467443,0.274430,0.248077,0.171780,0.253262,0.463520,0.406621,0.206880,0.163233,0.314237,0.170713,0.534214,0.443246,-0.017272,0.177631,0.245556,0.298815,0.405651,0.391670,0.351752,0.342959,0.273817,0.356001,0.441193,0.458154
0.441515,0.360142,0.754635,0.606872,1.356180,0.974665,0.591277,0.519570,0.000000,0.724116,0.460662,0.329027,0.589638,0.467752,0.881249,0.704654,0.252128,0.331460,0.235723,0.268335,0.299063,0.210222,0.770937,0.547160,0.750723,0.543981,0.660122,0.728685,0.311351,0.147014,0.500179,0.409353,0.379627,0.432506,0.426872,0.439508,0.557864,0.489313,0.487297,0.276078,0.376270,0.512115,0.306002,0.221651,0.167116,0.174278,0.243934,0.341875,0.280813,0.333832,0.319916,0.279548,0.316496,0.399509,0.357235,0.338369,0.361311,0.369528,0.346387,0.259352,0.468509,0.164816,0.292029,0.148709,0.421719,0.415124,0.359048,0.298247,0.313748,0.211438,0.204622,0.244004,0.349351,0.364589,0.159179,0.226291,0.475032,0.474203,-0.061135,0.174728,0.254240,0.316671,0.515604,0.336298,0.331559,0.353571,0.404584,0.320979,0.566540,0.409358
0.395566,0.271016,0.593510,0.628363,0.887360,1.180382,0.581971,0.586160,0.724116,0.000000,0.390192,0.434388,0.563166,0.562423,0.874995,1.182632,0.295602,0.291526,0.336956,0.408150,0.308191,0.207633,0.625307,0.655674,0.481890,0.310866,0.612112,0.965617,0.333503,0.129718,0.298528,0.278940,0.482705,0.398271,0.450340,0.415962,0.668486,0.788062,0.592153,0.524783,0.309721,0.635805,0.359379,0.319096,0.241190,0.276100,0.350948,0.432103,0.317267,0.352807,0.368256,0.316800,0.463528,0.446265,0.490267,0.544727,0.303683,0.252184,0.333071,0.262715,0.441388,0.302178,0.369511,0.189824,0.379412,0.372595,0.312485,0.255535,0.257976,0.272790,0.311451,0.370446,0.507797,0.474692,0.324192,0.202556,0.624286,0.738967,-0.068628,0.343373,0.365436,0.456166,0.585846,0.560040,0.502985,0.580971,0.527830,0.542085,0.826309,0.676899
0.543492,0.567602,0.596478,0.448626,0.483150,0.433766,0.345415,0.550650,0.460662,0.390192,0.000000,0.664762,1.012102,0.788089,0.596835,0.529799,0.640418,0.605077,0.220198,0.221302,0.591361,0.594522,0.598869,0.326961,0.440717,0.346803,0.592294,0.308672,0.564526,0.443438,0.501383,0.541862,0.525140,0.662499,0.275477,0.085123,0.506373,0.298897,0.553844,0.279493,0.592332,0.429294,0.368530,0.321201,0.469638,0.446304,0.328344,0.295598,0.449427,0.480793,0.449415,0.386703,0.342337,0.333323,0.459777,0.306644,0.480812,0.469894,0.478551,0.422369,0.551956,0.358249,0.465472,0.257209,0.505093,0.413039,0.360734,0.323358,0.189209,0.362532,0.204408,0.208994,0.222676,0.426475,0.065784,0.235514,0.526508,0.330637,0.171207,0.175936,0.379850,0.525085,0.464457,0.602593,0.547002,0.487787,0.456903,0.736711,0.407641,0.368505
0.426164,0.551764,0.388282,0.504723,0.371069,0.467104,0.315129,0.775697,0.329027,0.434388,0.664762,0.000000,0.651683,0.976598,0.518994,0.593872,0.514634,0.738053,0.134912,0.100910,0.293676,0.458792,0.588364,0.422135,0.377557,0.384677,0.432785,0.402873,0.629861,0.615539,0.695038,0.730997,0.467063,0.608845,0.097405,0.125530,0.326301,0.266380,0.483962,0.086492,0.539493,0.493113,0.090138,0.167409,0.164447,0.188773,0.120884,0.107106,0.198525,0.284720,0.269364,0.274342,0.243402,0.121642,0.301607,0.137075,0.385460,0.416386,0.315009,0.381575,0.470240,0.589674,0.446220,0.588073,0.261236,0.323740,0.193148,0.215617,0.068957,0.213944,0.229734,0.365078,0.344118,0.638588,0.179930,0.429704,0.347704,0.204168,0.077763,0.120710,0.270886,0.460317,0.306270,0.449941,0.362006,0.350563,0.192933,0.727541,0.142203,0.162963
0.506860,0.494861,0.697460,0.569887,0.588589,0.602640,0.472634,0.631896,0.589638,0.563166,1.012102,0.651683,0.000000,0.855970,0.713810,0.690464,0.649980,0.512619,0.241572,0.228786,0.341241,0.346970,0.748370,0.513281,0.556773,0.459500,0.630923,0.461402,0.461338,0.304939,0.554693,0.560794,0.545113,0.654087,0.370005,0.278453,0.535777,0.429232,0.547518,0.397518,0.604985,0.480425,0.295379,0.315109,0.379919,0.376603,0.313654,0.314887,0.406283,0.471175,0.451284,0.450902,0.418642,0.429209,0.471548,0.372899,0.464614,0.388768,0.409327,0.385379,0.482486,0.331126,0.513160,0.235852,0.454318,0.385624,0.306195,0.302570,0.216702,0.259686,0.282577,0.284363,0.350412,0.461812,0.051629,0.174991,0.553503,0.462212,-0.020375,0.276821,0.408055,0.536394,0.579899,0.549555,0.605469,0.531635,0.548052,0.688035,0.452090,0.391703
0.637143,0.642583,0.501814,0.524014,0.521962,0.520319,0.234648,0.629316,0.467752,0.562423,0.788089,0.976598,0.855970,0.000000,0.721849,0.847137,0.539971,0.763676,0.289392,0.309987,0.321723,0.343085,0.539442,0.410817,0.521211,0.399251,0.490452,0.418948,0.654433,0.539832,0.376319,0.467086,0.683192,0.754019,0.321665,0.246002,0.534810,0.531772,0.708706,0.456649,0.636447,0.686826,0.408856,0.426627,0.458520,0.419998,0.333170,0.367551,0.438503,0.493820,0.522979,0.482868,0.521791,0.386804,0.595843,0.391755,0.611106,0.529087,0.549799,0.476641,0.600978,0.402812,0.650825,0.347956,0.456140,0.511143,0.478681,0.432117,0.292140,0.438062,0.063219,0.059892,0.355698,0.569277,0.209760,0.243209,0.458146,0.467692,0.055793,0.352908,0.679833,0.875024,0.628406,0.630693,0.946806,0.827212,0.662346,0.952342,0.462322,0.406801
0.674331,0.559983,0.828121,0.764068,1.084550,0.907968,0.426671,0.490233,0.881249,0.874995,0.596835,0.518994,0.713810,0.721849,0.000000,1.116689,0.454820,0.643688,0.414488,0.480201,0.472023,0.382945,0.833789,0.552604,0.813595,0.454809,0.743555,0.747936,0.714177,0.431943,0.486281,0.398540,0.697300,0.676366,0.580197,0.424331,0.766224,0.771537,0.873721,0.479789,0.572346,0.832621,0.603683,0.546303,0.416556,0.415499,0.509874,0.592804,0.522110,0.524318,0.666355,0.504465,0.639215,0.584876,0.654746,0.590167,0.542068,0.502162,0.574526,0.456890,0.620821,0.261781,0.557946,0.301071,0.498845,0.642590,0.647677,0.561093,0.518511,0.476802,0.027461,0.108363,0.427727,0.573169,0.230497,0.408059,0.533426,0.500952,0.169181,0.433771,0.538921,0.728008,0.862848,0.779157,0.699286,0.706030,0.653150,0.717958,0.765813,0.665105
0.565318,0.457154,0.660245,0.704117,0.920242,1.089666,0.409457,0.536858,0.704654,1.182632,0.529799,0.593872,0.690464,0.847137,1.116689,0.000000,0.456488,0.541400,0.414736,0.473920,0.467195,0.351585,0.686661,0.621509,0.608785,0.491613,0.876200,0.881175,0.512135,0.355146,0.343804,0.333024,0.624428,0.561075,0.612726,0.452753,0.752226,0.896964,0.745215,0.624946,0.564428,0.881668,0.484513,0.450013,0.386681,0.406294,0.452542,0.537255,0.428304,0.472064,0.561706,0.471263,0.604469,0.518119,0.610397,0.621859,0.466295,0.414852,0.474328,0.375126,0.501175,0.291206,0.529254,0.211074,0.510018,0.617349,0.484022,0.451063,0.386632,0.392528,0.154593,0.244184,0.554620,0.631979,0.362283,0.394860,0.613747,0.606042,0.057250,0.477234,0.533947,0.761647,0.742202,0.748523,0.798932,0.948246,0.656610,0.733363,0.882719,0.764074
0.529620,0.524790,0.321724,0.229316,0.334834,0.285867,0.014675,0.183042,0.252128,0.295602,0.640418,0.514634,0.649980,0.539971,0.454820,0.456488,0.000000,0.851965,0.121440,0.125768,0.439223,0.565465,0.200006,0.026328,0.322063,0.420307,0.447593,0.216416,0.886761,0.671273,0.376523,0.365276,0.520001,0.589698,0.109189,0.084227,0.496108,0.356103,0.424762,0.294661,0.527864,0.391791,0.311119,0.349019,0.416844,0.473412,0.444266,0.430692,0.429239,0.486189,0.449307,0.524788,0.360752,0.371508,0.500368,0.349842,0.582752,0.538387,0.439897,0.445499,0.494295,0.245057,0.749638,0.633775,0.218880,0.230172,0.369008,0.430524,0.292313,0.377978,0.118215,0.170832,0.437938,0.661558,0.131793,0.354422,0.444944,0.276340,0.374124,0.439817,0.518078,0.637540,0.530126,0.509879,0.455438,0.433290,0.320578,0.592742,0.223864,0.240537
0.713703,0.860285,0.340727,0.380510,0.420962,0.352760,-0.107277,0.237976,0.331460,0.291526,0.605077,0.738053,0.512619,0.763676,0.643688,0.541400,0.851965,0.000000,0.149312,0.167327,0.490260,0.640649,0.296399,0.063867,0.525500,0.470880,0.500194,0.239587,1.175641,1.123657,0.403037,0.390066,0.653616,0.720016,0.187835,0.112806,0.481347,0.420076,0.625635,0.276988,0.823812,0.747283,0.494203,0.569876,0.489517,0.553617,0.507451,0.531122,0.595784,0.642774,0.700242,0.695866,0.478389,0.465237,0.666067,0.424662,0.786959,0.823400,0.668441,0.649444,0.586555,0.277864,0.755814,0.658927,0.322595,0.528758,0.671998,0.682209,0.550794,0.631754,-0.260986,-0.074141,0.303122,0.774776,0.172442,0.571770,0.314465,0.170930,0.356243,0.367731,0.512675,0.893959,0.599979,0.716547,0.614037,0.637907,0.379016,0.776573,0.269510,0.290804
0.761399,0.624245,0.785659,0.903513,0.380352,0.299617,0.547838,0.547623,0.235723,0.336956,0.220198,0.134912,0.241572,0.289392,0.414488,0.414736,0.121440,0.149312,0.000000,1.685214,0.403654,0.218238,0.485564,0.595607,0.118974,0.156402,0.365478,0.378098,0.199712,-0.007892,-0.114516,-0.046154,0.628743,0.557278,0.432877,0.229237,0.392081,0.496686,0.223141,0.438905,0.382089,0.468278,0.605731,0.426529,0.465776,0.517379,0.663142,0.607540,0.449337,0.462147,0.544806,0.420449,0.632384,0.628797,0.585074,0.664032,0.593463,0.593878,0.482151,0.493168,0.514288,0.239000,0.474071,0.124497,0.162931,0.345594,0.588748,0.575633,0.599095,0.640869,0.086855,-0.064166,0.105927,0.037881,0.348303,0.241237,0.396291,0.442749,0.342776,0.616444,0.534951,0.544183,0.662360,0.525620,0.524966,0.584805,0.436330,0.144197,0.649773,0.867057
0.798524,0.654303,0.797948,0.938692,0.450973,0.378761,0.493847,0.510315,0.268335,0.408150,0.221302,0.100910,0.228786,0.309987,0.480201,0.473920,0.125768,0.167327,1.685214,0.000000,0.424551,0.223526,0.471553,0.588299,0.175369,0.166415,0.377630,0.396445,0.209598,-0.015588,-0.131607,-0.073012,0.681549,0.593987,0.446535,0.266664,0.464140,0.541591,0.306781,0.500211,0.342812,0.517256,0.766863,0.525550,0.569804,0.626883,0.771350,0.749165,0.564969,0.552959,0.637763,0.466924,0.707007,0.669286,0.647149,0.701839,0.624295,0.640013,0.607345,0.608090,0.550386,0.196768,0.508995,0.136010,0.158297,0.367777,0.731384,0.708784,0.713261,0.819168,0.060228,-0.106561,0.124297,0.045983,0.337562,0.231553,0.442791,0.492355,0.334145,0.650527,0.576188,0.573344,0.742375,0.608234,0.561593,0.646518,0.565585,0.181483,0.720986,0.954769
0.435620,0.440192,0.561032,0.486390,0.516447,0.350982,0.299462,0.393388,0.299063,0.308191,0.591361,0.293676,0.341241,0.321723,0.472023,0.467195,0.439223,0.490260,0.403654,0.424551,0.000000,1.012192,0.418849,0.274385,0.104556,0.193788,0.630403,0.289353,0.469362,0.348433,0.254359,0.286094,0.463331,0.518962,0.225720,-0.047666,0.384897,0.271214,0.304213,0.169589,0.495100,0.333149,0.485492,0.404688,0.478305,0.508092,0.518427,0.450393,0.479933,0.529365,0.506684,0.394830,0.355739,0.368913,0.409783,0.359253,0.362103,0.409407,0.458991,0.502715,0.450094,0.315942,0.401078,0.298309,0.429501,0.491064,0.424491,0.461572,0.343169,0.285528,0.137824,0.138702,0.110902,0.240795,0.265946,0.426255,0.368830,0.185072,0.310699,0.341845,0.280714,0.442061,0.562462,0.660093,0.370851,0.400048,0.209427,0.272075,0.489013,0.537879
0.400773,0.471753,0.432865,0.369738,0.405170,0.254215,0.169551,0.309059,0.210222,0.207633,0.594522,0.458792,0.346970,0.343085,0.382945,0.351585,0.565465,0.640649,0.218238,0.223526,1.012192,0.000000,0.321061,0.110931,0.115648,0.102596,0.437939,0.159855,0.521464,0.396026,0.314255,0.300729,0.385417,0.483754,0.056871,-0.168191,0.345812,0.151559,0.280343,-0.028349,0.515785,0.317772,0.297489,0.237022,0.344691,0.380684,0.389447,0.254644,0.414930,0.451464,0.425051,0.346064,0.243996,0.256232,0.319342,0.204773,0.376931,0.424038,0.462875,0.537984,0.447025,0.386925,0.396381,0.511890,0.303919,0.399752,0.340058,0.392580,0.210557,0.309420,0.118387,0.219408,0.089210,0.329416,0.218935,0.486017,0.262471,0.034436,0.273768,0.200674,0.140020,0.351042,0.366364,0.435157,0.262876,0.308828,0.168413,0.372754,0.285357,0.326480
0.448213,0.419073,1.250278,1.053049,0.859430,0.820694,0.966409,0.986818,0.770937,0.625307,0.598869,0.588364,0.748370,0.539442,0.833789,0.686661,0.200006,0.296399,0.485564,0.471553,0.418849,0.321061,0.000000,1.297926,0.727793,0.531168,0.748961,0.760462,0.312153,0.146121,0.752422,0.697481,0.481052,0.579995,0.541696,0.466187,0.535389,0.426834,0.453883,0.230351,0.575365,0.497736,0.222856,0.129380,0.144679,0.145672,0.207464,0.211125,0.214686,0.272134,0.326708,0.211130,0.351581,0.293664,0.370236,0.284106,0.280118,0.330034,0.296509,0.295183,0.408810,0.368767,0.264649,0.162548,0.434945,0.474570,0.296685,0.276186,0.283188,0.221554,0.405200,0.435842,0.347637,0.323404,0.233477,0.297564,0.435706,0.386994,0.069847,0.178234,0.257143,0.298862,0.520772,0.508566,0.336323,0.322836,0.378603,0.368779,0.539564,0.471843
0.332836,0.272316,0.985092,1.096525,0.602350,0.781296,1.081094,1.040491,0.547160,0.655674,0.326961,0.422135,0.513281,0.410817,0.552604,0.621509,0.026328,0.063867,0.595607,0.588299,0.274385,0.110931,1.297926,0.000000,0.479672,0.434754,0.538527,0.712672,0.133588,-0.040365,0.499144,0.544229,0.479737,0.508469,0.583000,0.542583,0.384060,0.372952,0.306300,0.217526,0.394887,0.439941,0.172942,0.071369,0.046925,0.083505,0.167418,0.204317,0.081712,0.143003,0.190479,0.078405,0.252532,0.216828,0.277699,0.239766,0.185255,0.218151,0.180253,0.167657,0.343094,0.457466,0.180354,0.024234,0.417173,0.445113,0.222014,0.210478,0.274921,0.163680,0.462769,0.409822,0.366855,0.200913,0.427515,0.233466,0.443584,0.470613,0.033312,0.214868,0.229471,0.222800,0.374199,0.366050,0.279763,0.314414,0.250286,0.225583,0.507925,0.466702
0.399672,0.338266,0.570160,0.451433,0.793280,0.800753,0.247536,0.285744,0.750723,0.481890,0.440717,0.377557,0.556773,0.521211,0.813595,0.608785,0.322063,0.525500,0.118974,0.175369,0.104556,0.115648,0.727793,0.479672,0.000000,0.892606,0.640865,0.616170,0.512741,0.423421,0.673322,0.512549,0.337836,0.368234,0.349886,0.474775,0.527696,0.432229,0.570435,0.270958,0.583607,0.584913,0.269722,0.207279,0.127935,0.097573,0.151935,0.254757,0.197556,0.174561,0.274058,0.202815,0.236124,0.244346,0.342204,0.207559,0.337260,0.342100,0.251484,0.127744,0.283400,-0.002553,0.271459,0.142905,0.247777,0.339193,0.361398,0.289722,0.385020,0.280166,0.051449,0.151772,0.519913,0.497836,0.115044,0.233104,0.340140,0.308351,0.128291,0.166308,0.343698,0.394604,0.503660,0.422340,0.370676,0.341344,0.462987,0.478033,0.310892,0.188191
0.371829,0.332373,0.410668,0.357220,0.520575,0.662131,0.143589,0.236488,0.543981,0.310866,0.346803,0.384677,0.459500,0.399251,0.454809,0.491613,0.420307,0.470880,0.156402,0.166415,0.193788,0.102596,0.531168,0.434754,0.892606,0.000000,0.671921,0.469857,0.533881,0.486839,0.484247,0.387928,0.327613,0.400329,0.377203,0.455935,0.299730,0.332400,0.319084,0.149295,0.609407,0.387133,0.234061,0.188383,0.080866,0.137464,0.178446,0.276043,0.194402,0.188502,0.285090,0.273383,0.170679,0.210524,0.210488,0.098917,0.290876,0.403964,0.283954,0.231451,0.345501,0.143982,0.384614,0.229801,0.204928,0.341245,0.331636,0.368874,0.443217,0.203031,0.067870,0.135252,0.458868,0.407550,0.242321,0.350090,0.293212,0.214718,0.323307,0.279481,0.421367,0.439712,0.433307,0.324998,0.302180,0.312281,0.167674,0.264929,0.138950,0.115584
0.527350,0.420714,0.665356,0.581149,0.807173,0.894323,0.389226,0.433533,0.660122,0.612112,0.592294,0.432785,0.630923,0.490452,0.743555,0.876200,0.447593,0.500194,0.365478,0.377630,0.630403,0.437939,0.748961,0.538527,0.640865,0.671921,0.000000,1.042139,0.413238,0.343118,0.468363,0.407084,0.485737,0.440075,0.591140,0.445040,0.685368,0.663254,0.432595,0.335205,0.661589,0.620954,0.420651,0.362914,0.341638,0.392086,0.412128,0.478114,0.418001,0.434345,0.489473,0.429870,0.388198,0.400293,0.409745,0.408493,0.405832,0.452197,0.438641,0.383967,0.435892,0.187781,0.325840,0.130243,0.483558,0.467300,0.454431,0.483607,0.512826,0.312646,0.188530,0.301368,0.384615,0.553735,0.252944,0.379856,0.604040,0.471121,0.238260,0.351814,0.347910,0.515941,0.612979,0.747000,0.419213,0.521231,0.301892,0.393557,0.614633,0.546685
0.338901,0.215255,0.617727,0.590460,0.821761,1.177427,0.598168,0.497048,0.728685,0.965617,0.308672,0.402873,0.461402,0.418948,0.747936,0.881175,0.216416,0.239587,0.378098,0.396445,0.289353,0.159855,0.760462,0.712672,0.616170,0.469857,1.042139,0.000000,0.222215,0.105632,0.453686,0.380376,0.341581,0.263473,0.465911,0.654494,0.670412,0.750256,0.406081,0.379348,0.365688,0.589048,0.248618,0.226301,0.136837,0.147270,0.245054,0.349199,0.181453,0.200147,0.245400,0.222841,0.352308,0.299656,0.344678,0.416898,0.225314,0.236916,0.199014,0.170563,0.285719,0.168727,0.157519,0.105682,0.254368,0.214055,0.244576,0.241068,0.345412,0.216822,0.368520,0.457306,0.545150,0.595100,0.267826,0.337244,0.615554,0.718191,-0.016366,0.260852,0.217962,0.308175,0.505544,0.546012,0.290536,0.383165,0.294367,0.353250,0.698060,0.575824
0.658607,0.690042,0.354216,0.357028,0.398638,0.366971,-0.047810,0.240121,0.311351,0.333503,0.564526,0.629861,0.461338,0.654433,0.714177,0.512135,0.886761,1.175641,0.199712,0.209598,0.469362,0.521464,0.312153,0.133588,0.512741,0.533881,0.413238,0.222215,0.000000,1.264326,0.380445,0.362057,0.662918,0.703113,0.198492,0.116228,0.558675,0.384515,0.641655,0.240958,0.736329,0.690131,0.501748,0.496065,0.392246,0.441843,0.501290,0.506993,0.467277,0.457136,0.595492,0.506421,0.475355,0.429440,0.641800,0.353588,0.686064,0.665019,0.562088,0.463954,0.600326,0.287837,0.733797,0.583986,0.291305,0.441661,0.589524,0.553941,0.531054,0.508502,-0.228145,-0.107143,0.396140,0.710136,0.259760,0.538244,0.283999,0.144740,0.608126,0.465128,0.681081,0.870042,0.703712,0.685610,0.634082,0.569831,0.361054,0.734815,0.259830,0.288274
0.414294,0.535751,0.080475,0.130692,0.174462,0.177439,-0.275693,0.083393,0.147014,0.129718,0.443438,0.615539,0.304939,0.539832,0.431943,0.355146,0.671273,1.123657,-0.007892,-0.015588,0.348433,0.396026,0.146121,-0.040365,0.423421,0.486839,0.343118,0.105632,1.264326,0.000000,0.359181,0.398449,0.345341,0.397237,0.002401,-0.030172,0.325921,0.263428,0.462278,0.218652,0.618145,0.551652,0.297496,0.370418,0.293839,0.306557,0.275739,0.280342,0.307940,0.307006,0.390269,0.387252,0.244969,0.196403,0.406320,0.144917,0.463514,0.484819,0.345551,0.322143,0.262035,0.139338,0.407653,0.414578,0.157539,0.302764,0.346900,0.353303,0.320441,0.350497,-0.309857,-0.144496,0.301311,0.716549,0.043558,0.408288,0.090764,-0.016180,0.540694,0.278516,0.480887,0.694608,0.492370,0.637814,0.428804,0.420839,0.207632,0.676604,0.033098,0.045995
0.031750,0.084653,0.428666,0.332624,0.447812,0.506877,0.474318,0.531118,0.500179,0.298528,0.501383,0.695038,0.554693,0.376319,0.486281,0.343804,0.376523,0.403037,-0.114516,-0.131607,0.254359,0.314255,0.752422,0.499144,0.673322,0.484247,0.468363,0.453686,0.380445,0.359181,0.000000,1.571696,0.221684,0.404538,0.102620,0.321544,0.285363,0.101737,0.266379,-0.110129,0.457760,0.224747,-0.143990,-0.093205,-0.065830,-0.096047,-0.155256,-0.108577,-0.073760,-0.017852,-0.062866,-0.051531,-0.157875,-0.166203,0.004201,-0.145259,-0.017089,0.025872,-0.051874,-0.037760,0.134479,0.314011,0.097167,0.324305,0.316641,0.221754,-0.034621,0.000617,-0.017779,-0.110690,0.505950,0.681369,0.459365,0.531339,0.154019,0.307985,0.333414,0.174485,-0.032740,-0.050555,0.014034,0.084203,0.118808,0.180042,-0.023373,-0.063280,-0.063956,0.297211,-0.040188,-0.128771
0.048312,0.113463,0.419568,0.371707,0.343882,0.408373,0.472693,0.656598,0.409353,0.278940,0.541862,0.730997,0.560794,0.467086,0.398540,0.333024,0.365276,0.390066,-0.046154,-0.073012,0.286094,0.300729,0.697481,0.544229,0.512549,0.387928,0.407084,0.380376,0.362057,0.398449,1.571696,0.000000,0.253276,0.462161,0.078738,0.237899,0.262674,0.084025,0.250630,-0.023758,0.468940,0.229882,-0.163240,-0.127134,-0.056283,-0.091026,-0.158745,-0.141945,-0.086554,-0.016071,-0.072795,-0.074683,-0.148706,-0.163752,0.013061,-0.174160,0.019878,0.032486,-0.046087,-0.022309,0.126248,0.390536,0.114531,0.237931,0.355296,0.278709,-0.057220,-0.030585,-0.043021,-0.108288,0.537271,0.617772,0.386118,0.471200,0.181971,0.223967,0.348583,0.215810,-0.028944,-0.001884,0.096824,0.151063,0.161481,0.258708,0.059976,0.021216,-0.039683,0.328787,-0.021389,-0.101208
1.037550,0.981417,0.717233,0.857023,0.495421,0.448432,0.377609,0.572564,0.379627,0.482705,0.525140,0.467063,0.545113,0.683192,0.697300,0.624428,0.520001,0.653616,0.628743,0.681549,0.463331,0.385417,0.481052,0.479737,0.337836,0.327613,0.485737,0.341581,0.662918,0.345341,0.221684,0.253276,0.000000,1.506212,0.697393,0.401701,0.593731,0.596709,0.589933,0.457228,0.542329,0.819003,0.728051,0.733281,0.632227,0.789549,0.854347,0.851852,0.816680,0.840915,0.987215,0.801478,0.824767,0.801900,0.941187,0.734992,0.983026,0.989625,1.010842,0.780767,1.184992,0.579737,0.956992,0.483840,0.678478,0.827346,1.135994,1.018408,0.759706,0.754372,-0.092046,-0.152520,0.342149,0.406967,0.527772,0.460162,0.678748,0.501882,0.337204,0.625474,0.644127,0.933550,0.664071,0.601023,0.892474,0.911381,0.542308,0.557033,0.644423,0.719863
0.909099,0.946958,0.802967,0.857643,0.511819,0.436491,0.427538,0.720820,0.432506,0.398271,0.662499,0.608845,0.654087,0.754019,0.676366,0.561075,0.589698,0.720016,0.557278,0.593987,0.518962,0.483754,0.579995,0.508469,0.368234,0.400329,0.440075,0.263473,0.703113,0.397237,0.404538,0.462161,1.506212,0.000000,0.571960,0.352673,0.522997,0.449351,0.591272,0.331424,0.652870,0.701960,0.632562,0.627998,0.658585,0.762766,0.708624,0.675224,0.755042,0.789193,0.833247,0.682467,0.598613,0.564005,0.785044,0.528233,0.812136,0.854793,0.948079,0.803808,1.103416,0.675258,1.056525,0.613656,0.650233,0.812516,0.957434,0.942424,0.574802,0.607228,0.029143,-0.029554,0.300191,0.367643,0.490726,0.506866,0.771643,0.511748,0.313308,0.560268,0.695317,0.919323,0.652495,0.569082,0.794303,0.741449,0.478773,0.537980,0.464257,0.529545
0.454951,0.299754,0.562308,0.550536,0.473511,0.483785,0.441024,0.351449,0.426872,0.450340,0.275477,0.097405,0.370005,0.321665,0.580197,0.612726,0.109189,0.187835,0.432877,0.446535,0.225720,0.056871,0.541696,0.583000,0.349886,0.377203,0.591140,0.465911,0.198492,0.002401,0.102620,0.078738,0.697393,0.571960,0.000000,0.799852,0.397202,0.603971,0.393215,0.400254,0.246664,0.554152,0.495228,0.465205,0.361834,0.408042,0.453523,0.509424,0.424964,0.373125,0.552415,0.364790,0.454145,0.440491,0.467276,0.497493,0.307354,0.363039,0.540660,0.362199,0.618688,0.326640,0.360514,-0.021900,0.765245,0.852810,0.714757,0.658696,0.473709,0.298356,-0.022636,0.000792,0.219813,0.093661,0.443046,0.256004,0.587673,0.542151,0.218743,0.516735,0.424371,0.497868,0.397647,0.364301,0.607116,0.661145,0.394796,0.259943,0.698824,0.622204
0.216903,0.078285,0.432207,0.350772,0.390686,0.510710,0.443609,0.295530,0.439508,0.415962,0.085123,0.125530,0.278453,0.246002,0.424331,0.452753,0.084227,0.112806,0.229237,0.266664,-0.047666,-0.168191,0.466187,0.542583,0.474775,0.455935,0.445040,0.654494,0.116228,-0.030172,0.321544,0.237899,0.401701,0.352673,0.799852,0.000000,0.338684,0.447597,0.273911,0.205343,0.201170,0.339288,0.188286,0.246806,0.042385,0.081237,0.171365,0.321263,0.111969,0.095379,0.199727,0.149408,0.236017,0.223154,0.342076,0.317711,0.143473,0.158537,0.151272,0.054101,0.294991,0.141446,0.122039,0.035232,0.364516,0.363944,0.343033,0.353718,0.484908,0.218754,0.120295,0.132486,0.450276,0.276541,0.413165,0.247116,0.516293,0.581717,-0.060962,0.196092,0.182915,0.215931,0.232260,0.177637,0.236555,0.274198,0.232717,0.187711,0.412874,0.381027
0.571578,0.510047,0.655822,0.629007,0.631733,0.704312,0.366616,0.447074,0.557864,0.668486,0.506373,0.326301,0.535777,0.534810,0.766224,0.752226,0.496108,0.481347,0.392081,0.464140,0.384897,0.345812,0.535389,0.384060,0.527696,0.299730,0.685368,0.670412,0.558675,0.325921,0.285363,0.262674,0.593731,0.522997,0.397202,0.338684,0.000000,0.889636,0.814936,0.615306,0.631560,0.773380,0.621969,0.500963,0.518420,0.555957,0.665834,0.683317,0.593232,0.603813,0.607425,0.520850,0.635933,0.585601,0.762900,0.702870,0.513835,0.465854,0.566157,0.415809,0.534826,0.202303,0.471409,0.274498,0.474997,0.381480,0.552852,0.486578,0.464688,0.620723,0.018291,0.041570,0.485057,0.490765,0.172968,0.258997,0.623206,0.565945,0.202962,0.446250,0.499976,0.654234,0.819407,0.669248,0.652991,0.726613,0.597613,0.544016,0.799932,0.685809
0.634740,0.482184,0.501479,0.568933,0.542563,0.700897,0.301117,0.317904,0.489313,0.788062,0.298897,0.266380,0.429232,0.531772,0.771537,0.896964,0.356103,0.420076,0.496686,0.541591,0.271214,0.151559,0.426834,0.372952,0.432229,0.332400,0.663254,0.750256,0.384515,0.263428,0.101737,0.084025,0.596709,0.449351,0.603971,0.447597,0.889636,0.000000,0.651480,1.037201,0.400558,0.927843,0.661141,0.669217,0.598802,0.615071,0.676221,0.766258,0.635450,0.623194,0.721569,0.693658,0.721619,0.669310,0.741200,0.897784,0.535363,0.506983,0.603364,0.501223,0.509017,0.179562,0.472735,0.210184,0.349213,0.441304,0.651563,0.611555,0.508863,0.561231,0.062559,0.032298,0.511511,0.459419,0.162449,0.158164,0.637066,0.840149,0.184113,0.667894,0.555927,0.764597,0.821671,0.725332,0.747986,0.959971,0.670134,0.571546,0.862304,0.864986
0.570652,0.605812,0.487718,0.550195,0.540655,0.632811,0.188508,0.389313,0.487297,0.592153,0.553844,0.483962,0.547518,0.708706,0.873721,0.745215,0.424762,0.625635,0.223141,0.306781,0.304213,0.280343,0.453883,0.306300,0.570435,0.319084,0.432595,0.406081,0.641655,0.462278,0.266379,0.250630,0.589933,0.591272,0.393215,0.273911,0.814936,0.651480,0.000000,0.672732,0.475582,0.691844,0.545003,0.506736,0.389340,0.418111,0.544177,0.566950,0.535884,0.547234,0.654364,0.535338,0.718942,0.587707,0.787123,0.647199,0.563066,0.556008,0.608702,0.511444,0.524472,0.251729,0.500413,0.336592,0.399910,0.447036,0.568482,0.471719,0.310390,0.535253,-0.129305,-0.105411,0.470046,0.503857,0.194479,0.278581,0.524726,0.461378,0.118059,0.346159,0.552134,0.716651,0.688992,0.613844,0.781833,0.796556,0.909973,1.004517,0.633242,0.603443
0.561329,0.473925,0.341549,0.402688,0.307681,0.345436,0.151922,0.197164,0.276078,0.524783,0.279493,0.086492,0.397518,0.456649,0.479789,0.624946,0.294661,0.276988,0.438905,0.500211,0.169589,-0.028349,0.230351,0.217526,0.270958,0.149295,0.335205,0.379348,0.240958,0.218652,-0.110129,-0.023758,0.457228,0.331424,0.400254,0.205343,0.615306,1.037201,0.672732,0.000000,0.220959,0.641541,0.557693,0.524733,0.511761,0.483015,0.570341,0.597189,0.471009,0.466288,0.557570,0.557463,0.721360,0.684098,0.692841,0.863479,0.547361,0.465264,0.446084,0.371443,0.282694,-0.002578,0.387447,0.037232,0.186655,0.242468,0.477388,0.393226,0.313254,0.510510,-0.032190,-0.152826,0.355671,0.291474,-0.009954,-0.062638,0.412703,0.611905,0.131379,0.632650,0.615617,0.676527,0.791366,0.692910,0.790586,0.908174,0.954442,0.560115,0.747725,0.755343
0.596688,0.623596,0.624139,0.562994,0.456690,0.486713,0.171889,0.465509,0.376270,0.309721,0.592332,0.539493,0.604985,0.636447,0.572346,0.564428,0.527864,0.823812,0.382089,0.342812,0.495100,0.515785,0.575365,0.394887,0.583607,0.609407,0.661589,0.365688,0.736329,0.618145,0.457760,0.468940,0.542329,0.652870,0.246664,0.201170,0.631560,0.400558,0.475582,0.220959,0.000000,0.674849,0.438750,0.360999,0.428723,0.424610,0.459387,0.450993,0.449513,0.481441,0.553791,0.470873,0.390865,0.367910,0.557573,0.340079,0.570575,0.545167,0.481566,0.435989,0.423197,0.273920,0.543618,0.348720,0.364653,0.468244,0.484687,0.485490,0.574551,0.531440,-0.069048,0.046258,0.460271,0.611635,0.433054,0.561311,0.361208,0.269095,0.307856,0.301466,0.497324,0.672486,0.633636,0.568846,0.581762,0.550426,0.345815,0.429252,0.386696,0.331179
0.804767,0.776301,0.591913,0.746864,0.595162,0.663344,0.227475,0.419896,0.512115,0.635805,0.429294,0.493113,0.480425,0.686826,0.832621,0.881668,0.391791,0.747283,0.468278,0.517256,0.333149,0.317772,0.497736,0.439941,0.584913,0.387133,0.620954,0.589048,0.690131,0.551652,0.224747,0.229882,0.819003,0.701960,0.554152,0.339288,0.773380,0.927843,0.691844,0.641541,0.674849,0.000000,0.695296,0.671632,0.574240,0.625186,0.672867,0.704937,0.650215,0.619703,0.798448,0.673288,0.645666,0.610288,0.804725,0.717058,0.735411,0.702018,0.744762,0.583742,0.629566,0.217729,0.574658,0.315448,0.406030,0.563085,0.845808,0.734025,0.604663,0.677192,-0.135871,-0.019918,0.521679,0.654923,0.292103,0.475894,0.574176,0.567745,0.351877,0.513282,0.530338,0.900337,0.746370,0.767065,0.794167,0.977879,0.636155,0.730028,0.675608,0.673764
0.948276,0.807352,0.550750,0.567122,0.412619,0.358397,0.113110,0.229115,0.306002,0.359379,0.368530,0.090138,0.295379,0.408856,0.603683,0.484513,0.311119,0.494203,0.605731,0.766863,0.485492,0.297489,0.222856,0.172942,0.269722,0.234061,0.420651,0.248618,0.501748,0.297496,-0.143990,-0.163240,0.728051,0.632562,0.495228,0.188286,0.621969,0.661141,0.545003,0.557693,0.438750,0.695296,0.000000,1.510025,1.110590,1.213082,1.477859,1.523715,1.242105,1.012529,1.179727,0.904900,0.858951,0.940712,0.826887,0.908376,0.810199,0.773010,1.037609,0.855178,0.691735,0.064810,0.593454,0.164738,0.286326,0.431038,1.193120,1.060834,0.850929,1.039104,-0.347295,-0.389202,0.064162,0.126425,0.132603,0.195071,0.490428,0.479215,0.369015,0.611485,0.644971,0.920830,0.850986,0.783681,0.747956,0.853546,0.599293,0.424573,0.595285,0.767429
0.790205,0.713857,0.373606,0.421416,0.298521,0.293270,0.013990,0.153488,0.221651,0.319096,0.321201,0.167409,0.315109,0.426627,0.546303,0.450013,0.349019,0.569876,0.426529,0.525550,0.404688,0.237022,0.129380,0.071369,0.207279,0.188383,0.362914,0.226301,0.496065,0.370418,-0.093205,-0.127134,0.733281,0.627998,0.465205,0.246806,0.500963,0.669217,0.506736,0.524733,0.360999,0.671632,1.510025,0.000000,1.165344,1.281339,1.280647,1.424660,1.272771,1.079061,1.159008,1.041191,0.785713,0.813831,0.786779,0.901699,0.723482,0.662592,0.910973,0.783514,0.620126,0.097828,0.607713,0.260247,0.253299,0.415424,1.036353,0.999762,0.752525,0.827982,-0.397390,-0.381322,0.065485,0.210762,0.078405,0.225299,0.485518,0.481641,0.238822,0.507207,0.521174,0.902625,0.704121,0.724032,0.681715,0.803191,0.484536,0.477287,0.461737,0.621338
0.652915,0.629756,0.379733,0.378274,0.259246,0.203451,0.059033,0.206505,0.167116,0.241190,0.469638,0.164447,0.379919,0.458520,0.416556,0.386681,0.416844,0.489517,0.465776,0.569804,0.478305,0.344691,0.144679,0.046925,0.127935,0.080866,0.341638,0.136837,0.392246,0.293839,-0.065830,-0.056283,0.632227,0.658585,0.361834,0.042385,0.518420,0.598802,0.389340,0.511761,0.428723,0.574240,1.110590,1.165344,0.000000,1.666213,1.033402,0.979374,1.193079,1.027386,0.933655,0.824618,0.599672,0.546473,0.699397,0.703726,0.575767,0.555361,0.893946,0.809906,0.557577,0.165610,0.674029,0.301902,0.311289,0.373368,0.899523,0.904187,0.457314,0.705609,-0.176747,-0.214056,0.075859,0.182063,0.062322,0.201652,0.575936,0.550430,0.343417,0.615234,0.667917,0.884760,0.644847,0.641216,0.748677,0.768032,0.512851,0.371980,0.478875,0.562829
0.773345,0.778657,0.413372,0.466012,0.269159,0.266458,0.061302,0.231775,0.174278,0.276100,0.446304,0.188773,0.376603,0.419998,0.415499,0.406294,0.473412,0.553617,0.517379,0.626883,0.508092,0.380684,0.145672,0.083505,0.097573,0.137464,0.392086,0.147270,0.441843,0.306557,-0.096047,-0.091026,0.789549,0.762766,0.408042,0.081237,0.555957,0.615071,0.418111,0.483015,0.424610,0.625186,1.213082,1.281339,1.666213,0.000000,1.293387,1.268711,1.584011,1.432239,1.154501,1.102157,0.701822,0.728879,0.790984,0.848256,0.697959,0.726965,1.104039,1.027819,0.712741,0.252078,0.766811,0.384662,0.360364,0.452863,1.060575,1.143214,0.608044,0.857438,-0.233525,-0.256852,0.028157,0.191358,0.107990,0.258680,0.590949,0.522018,0.379184,0.631502,0.583274,0.930951,0.646723,0.650594,0.696930,0.823449,0.455923,0.412946,0.482888,0.629770
1.007773,0.923971,0.580478,0.626712,0.370226,0.311531,0.132090,0.252962,0.243934,0.350948,0.328344,0.120884,0.313654,0.333170,0.509874,0.452542,0.444266,0.507451,0.663142,0.771350,0.518427,0.389447,0.207464,0.167418,0.151935,0.178446,0.412128,0.245054,0.501290,0.275739,-0.155256,-0.158745,0.854347,0.708624,0.453523,0.171365,0.665834,0.676221,0.544177,0.570341,0.459387,0.672867,1.477859,1.280647,1.033402,1.293387,0.000000,1.784905,1.386402,1.213028,1.445390,1.142248,1.031411,1.121947,1.028006,1.195894,0.913719,0.900682,1.132797,0.992966,0.761337,0.159668,0.703995,0.311257,0.276274,0.413760,1.113509,1.080396,0.832214,1.059060,-0.322327,-0.363893,0.147786,0.187801,0.262282,0.335729,0.573645,0.473043,0.396763,0.696344,0.604680,0.889746,0.833188,0.698983,0.735744,0.886383,0.582033,0.390416,0.676160,0.910465
0.920866,0.810160,0.546503,0.597946,0.440260,0.431604,0.118494,0.213715,0.341875,0.432103,0.295598,0.107106,0.314887,0.367551,0.592804,0.537255,0.430692,0.531122,0.607540,0.749165,0.450393,0.254644,0.211125,0.204317,0.254757,0.276043,0.478114,0.349199,0.506993,0.280342,-0.108577,-0.141945,0.851852,0.675224,0.509424,0.321263,0.683317,0.766258,0.566950,0.597189,0.450993,0.704937,1.523715,1.424660,0.979374,1.268711,1.784905,0.000000,1.264163,1.141395,1.252869,1.086312,0.941184,1.086982,0.984791,1.211955,0.851152,0.864499,0.983314,0.856551,0.700484,0.126084,0.681928,0.288563,0.296527,0.444203,1.164236,1.146598,0.998739,1.089390,-0.332833,-0.365724,0.200837,0.276045,0.273762,0.328858,0.592363,0.556438,0.323693,0.651886,0.583362,0.888822,0.800513,0.679634,0.707966,0.899713,0.560358,0.405188,0.685571,0.879268
0.888019,0.875374,0.484631,0.513545,0.362804,0.322481,0.065652,0.227224,0.280813,0.317267,0.449427,0.198525,0.406283,0.438503,0.522110,0.428304,0.429239,0.595784,0.449337,0.564969,0.479933,0.414930,0.214686,0.081712,0.197556,0.194402,0.418001,0.181453,0.467277,0.307940,-0.073760,-0.086554,0.816680,0.755042,0.424964,0.111969,0.593232,0.635450,0.535884,0.471009,0.449513,0.650215,1.242105,1.272771,1.193079,1.584011,1.386402,1.264163,0.000000,1.973284,1.643935,1.492927,0.923514,0.972652,0.906284,0.910508,0.795207,0.802988,1.426126,1.226126,0.815157,0.217695,0.797943,0.385924,0.375714,0.504699,1.137028,1.149865,0.689542,0.907851,-0.325471,-0.337724,0.004372,0.191330,0.097600,0.248162,0.515124,0.456604,0.245789,0.512050,0.486203,0.857334,0.698524,0.633155,0.697225,0.821132,0.546491,0.477641,0.546585,0.682128
