0.000000,1.055489,0.358825,0.220377,0.375504,0.283184,0.380339,0.092073,0.285734,0.159313,0.437969,0.144978,0.477869,0.211912,0.351995,0.184396,0.236385,0.424689,0.959525,0.667866,0.047679,0.114157,0.267878,0.168462,0.188031,0.214624,0.311402,0.199458,0.288964,0.184663,0.045257,0.176665,0.127221,0.001032,0.127404,0.071355,0.217466,0.113255,0.050562,0.184381,0.166956,0.023917,0.268308,0.348967,0.377428,0.289379,0.494944,0.345513,0.302788,0.435934,0.293180,0.399671,0.461890,0.393724,0.402594,0.491262,0.898213,0.760579,0.399660,0.145362,0.232830,-0.032896,0.242577,0.195226,0.216222,0.004126,0.262886,0.126371,0.540311,0.473505,0.312183,0.165998,0.276842,0.200665,0.308822,0.300303,0.588723,0.499910,0.197119,0.133474,0.217390,0.253221,0.207120,0.025138,0.323498,0.288531,0.106768,0.118989,0.383646,0.370010
1.055489,0.000000,0.221603,0.148042,0.352980,0.296612,0.154063,0.042311,0.267363,0.100760,0.194776,0.076996,0.139977,0.117373,0.150111,0.055931,0.215577,0.523849,0.711297,0.881968,0.006212,0.114357,0.071379,0.004197,-0.103480,0.046901,0.264956,0.172139,0.258893,0.224012,-0.038210,0.101433,0.066465,0.087883,0.075392,0.058529,0.109200,0.037276,-0.039236,0.149860,0.029153,0.066178,0.203377,0.366491,0.357572,0.391096,0.470385,0.395092,0.410319,0.546235,0.325265,0.439134,0.548901,0.549314,0.394758,0.519958,0.984292,1.175403,0.324437,0.291809,0.089308,0.029992,0.318324,0.380088,-0.014983,-0.095927,0.207216,0.164513,0.589350,0.660013,0.113091,0.096853,0.231980,0.288262,0.283272,0.400878,0.513014,0.477744,0.174202,0.107974,0.182467,0.285900,0.191794,-0.025980,0.271135,0.183591,0.064967,0.040090,0.218820,0.259554
0.358825,0.221603,0.000000,1.234977,0.696328,0.740838,1.234010,0.685197,0.820650,0.526851,0.063393,0.214899,0.590125,0.590672,1.007228,0.928953,-0.160346,-0.022481,0.579327,0.222082,0.378310,0.446780,1.478653,1.062842,0.636614,0.844579,0.817490,0.829891,0.012058,0.007633,0.462307,0.650249,0.581219,0.320777,0.669524,0.515511,0.278645,0.290160,0.153711,0.331904,0.084882,0.150475,0.224836,0.135934,0.310902,0.208577,0.217159,0.131002,0.112301,0.283282,0.377572,0.343631,0.372383,0.149478,0.457448,0.326648,0.199698,0.149159,0.341076,0.162725,0.414785,0.124244,-0.085753,-0.207768,1.070135,0.728158,0.772664,0.573124,0.301600,0.369819,0.747338,0.670172,0.342736,0.221497,0.406207,0.477017,0.670954,0.652970,0.087760,0.057136,-0.022374,0.043020,0.160156,-0.015895,0.540915,0.660762,0.214910,0.224249,0.941222,0.734935
0.220377,0.148042,1.234977,0.000000,0.792420,0.782335,1.038437,1.105927,0.832958,0.706622,0.035024,0.465991,0.446966,0.676692,0.804638,1.071452,-0.130510,-0.098972,0.334448,0.270111,0.400316,0.489528,1.196181,1.281285,0.636858,0.929599,0.760926,0.712814,-0.013594,0.030802,0.365636,0.616655,0.711951,0.550687,0.807382,0.735684,0.322211,0.299575,0.209757,0.415180,0.078419,0.275545,0.133017,0.013130,0.245851,0.201141,0.163558,0.108965,0.191306,0.375513,0.486355,0.405386,0.377949,0.181126,0.495740,0.394709,0.122766,0.111666,0.525761,0.489243,0.539156,0.461744,-0.039262,-0.124917,0.996998,1.079302,1.084081,1.020840,0.326649,0.424403,0.636411,0.753728,0.291950,0.235711,0.408349,0.544792,0.538352,0.626573,0.097008,-0.055337,0.045370,0.049276,0.137334,0.065784,0.734159,0.945754,0.290634,0.267268,1.049459,1.012419
0.375504,0.352980,0.696328,0.792420,0.000000,0.765262,0.841225,0.692776,1.161115,0.846666,0.150096,0.406632,0.527008,0.431079,0.675596,0.674913,-0.148847,-0.221507,0.509842,0.331099,0.235534,0.222977,0.561444,0.482593,0.373707,0.508325,0.605696,0.453212,-0.040506,-0.081573,-0.036348,0.141802,0.425037,0.305826,0.568537,0.407216,0.500469,0.111110,0.208151,0.291223,-0.051933,0.209100,0.299580,0.167352,0.076309,0.105401,0.261240,0.212209,0.353232,0.394706,0.505332,0.340465,0.593288,0.220989,0.696468,0.515750,0.083698,0.151293,0.772030,0.564034,0.477394,0.400930,-0.089183,-0.053627,0.589119,0.555070,0.741783,0.655972,0.322446,0.429901,0.360532,0.497593,0.253154,0.213909,0.396308,0.616526,0.477732,0.577187,-0.061581,-0.244048,-0.141840,0.050572,0.248417,0.177194,0.702125,0.541182,0.267012,0.135348,1.028361,1.082523
0.283184,0.296612,0.740838,0.782335,0.765262,0.000000,0.697049,0.634342,0.836272,0.581418,0.025870,0.244010,0.325098,0.454016,0.709723,0.729049,-0.126136,-0.028664,0.347621,0.296497,0.355400,0.497537,0.576626,0.516944,0.306379,0.578685,0.780834,0.807037,0.167868,0.119891,0.284945,0.378917,0.443116,0.335581,0.571271,0.403497,0.170069,0.225228,0.200918,0.300066,0.002413,0.322355,0.166745,0.039119,0.205084,0.120472,0.261030,0.097623,0.131425,0.279221,0.291724,0.254039,0.488685,0.204024,0.477247,0.346611,0.166354,0.213282,0.599100,0.544235,0.408138,0.321322,0.042754,-0.021812,0.418876,0.388372,0.601330,0.569750,0.443969,0.432741,0.499773,0.659243,0.334296,0.437169,0.370105,0.514543,0.399969,0.519392,0.059464,-0.021183,0.113507,0.161465,0.337095,0.306321,0.527037,0.487081,0.324805,0.397183,0.689203,0.852235
0.380339,0.154063,1.234010,1.038437,0.841225,0.697049,0.000000,0.920298,0.845403,0.590961,0.329267,0.449697,0.835702,0.542728,0.852513,0.757694,-0.128923,-0.122441,0.602219,0.200522,0.252347,0.196962,0.964439,0.805900,0.558921,0.649865,0.557154,0.594530,-0.052848,-0.075465,0.221015,0.397726,0.607816,0.328226,0.602208,0.486517,0.338537,0.182614,0.074082,0.195835,-0.002012,0.058511,0.279754,0.162880,0.258048,0.157540,0.158952,0.088590,0.130142,0.277794,0.393884,0.309986,0.331001,0.071683,0.345272,0.245199,0.008052,0.003791,0.552468,0.224346,0.715790,0.386385,-0.127320,-0.180615,1.098154,0.799605,0.742836,0.564616,0.133006,0.207216,0.640263,0.651307,0.312942,0.145478,0.397861,0.373055,0.565678,0.553767,-0.037741,-0.076490,-0.135993,-0.045609,0.114336,-0.005962,0.595499,0.629640,0.056571,0.141258,0.957040,0.788134
0.092073,0.042311,0.685197,1.105927,0.692776,0.634342,0.920298,0.000000,0.830846,0.842660,0.269947,0.853963,0.547114,0.778806,0.575585,0.829325,0.030105,-0.120728,0.179920,0.195131,0.269767,0.222717,0.567761,0.674546,0.272811,0.432743,0.360099,0.453269,0.047063,0.137303,0.170470,0.458652,0.681943,0.697349,0.671330,0.718438,0.189507,0.135191,0.019629,0.165803,-0.036869,0.204062,0.363049,0.174832,0.296415,0.311129,0.204227,0.161037,0.321944,0.404710,0.546496,0.473340,0.344833,0.166427,0.349626,0.305007,-0.113187,-0.081581,0.626478,0.661365,0.832011,0.973872,0.109490,0.085556,0.642023,0.919575,0.723788,0.889396,0.026659,0.152406,0.487514,0.746571,0.361555,0.305701,0.396529,0.419675,0.345425,0.446324,0.005489,-0.057120,0.041942,0.074869,0.049928,0.138174,0.754958,0.762806,0.156593,0.151121,0.735427,0.796686
0.285734,0.267363,0.820650,0.832958,1.161115,0.836272,0.845403,0.830846,0.000000,0.958554,0.014735,0.365506,0.628019,0.560761,0.823305,0.898962,-0.133347,-0.218812,0.389267,0.236842,0.377280,0.297221,0.609600,0.486850,0.284552,0.420664,0.679889,0.639448,-0.048052,-0.013854,0.091120,0.249060,0.430217,0.361627,0.578348,0.433331,0.243416,0.058167,0.111533,0.228449,-0.103038,0.219611,0.359588,0.172449,0.087226,0.134595,0.262594,0.193621,0.295945,0.336314,0.534893,0.391037,0.526024,0.208179,0.579164,0.427376,0.021529,0.064049,0.584208,0.544858,0.490789,0.354260,0.036703,0.007155,0.512632,0.517303,0.572851,0.591379,0.272577,0.324311,0.388150,0.520395,0.307505,0.266747,0.410349,0.580701,0.387201,0.488657,-0.052117,-0.198919,-0.061801,0.090362,0.182546,0.217106,0.585844,0.467917,0.347616,0.159704,0.915581,0.926901
0.159313,0.100760,0.526851,0.706622,0.846666,0.581418,0.590961,0.842660,0.958554,0.000000,0.140651,0.502016,0.514516,0.581204,0.545320,0.788508,-0.065405,-0.224527,0.187063,0.176614,0.291264,0.244551,0.454242,0.436125,0.203777,0.316178,0.393976,0.370615,-0.016998,0.030013,0.043779,0.186286,0.377527,0.397666,0.545878,0.460490,0.212613,0.016421,0.064678,0.154542,-0.052907,0.192182,0.364676,0.181206,0.110287,0.189430,0.209533,0.175126,0.332785,0.407582,0.509442,0.421418,0.387416,0.139378,0.466708,0.363435,-0.079461,-0.049623,0.567516,0.631188,0.452860,0.537030,0.002539,-0.005828,0.424441,0.574710,0.513043,0.635783,0.176098,0.237621,0.347274,0.494801,0.306164,0.237854,0.422581,0.506916,0.288294,0.419541,-0.037455,-0.143489,-0.111291,0.072258,0.086338,0.133157,0.582359,0.519678,0.237393,0.027292,0.748899,0.828397
0.437969,0.194776,0.063393,0.035024,0.150096,0.025870,0.329267,0.269947,0.014735,0.140651,0.000000,0.659776,0.744585,0.415601,0.200921,0.069930,0.501122,0.305975,0.416747,0.178826,-0.111416,-0.169881,-0.001810,0.019858,0.082581,-0.067222,-0.133623,-0.176144,0.367670,0.309495,0.070570,0.109239,0.138023,0.109736,-0.113017,-0.096113,0.107591,-0.060992,-0.222158,-0.142913,0.006016,-0.037857,0.431862,0.365337,0.321637,0.201893,0.300094,0.211511,0.305782,0.366303,0.312039,0.396941,0.275266,0.214687,0.070609,0.157528,0.039975,0.017812,0.312794,0.075342,0.420368,0.301771,0.167511,0.188997,0.093672,0.062467,0.005947,-0.029998,-0.185657,-0.162921,0.229697,0.217559,0.290352,0.152325,0.148960,0.028214,0.265754,0.232434,0.167204,0.258648,0.110062,0.235436,0.119030,0.125113,0.261417,0.183007,-0.120233,-0.033206,0.123872,0.115826
0.144978,0.076996,0.214899,0.465991,0.406632,0.244010,0.449697,0.853963,0.365506,0.502016,0.659776,0.000000,0.652386,0.961540,0.413002,0.517023,0.348383,0.054048,0.188720,0.279676,0.023824,0.027025,0.187146,0.323214,0.115928,0.123728,-0.021031,0.012901,0.279524,0.323521,0.062935,0.296022,0.556144,0.656424,0.284026,0.388569,0.219585,0.174006,-0.067350,0.041195,0.058772,0.191567,0.522359,0.357757,0.261935,0.324385,0.301624,0.322965,0.470903,0.481088,0.619441,0.555154,0.416116,0.229286,0.286776,0.329115,-0.158985,-0.082759,0.576832,0.615877,0.749114,0.913471,0.335163,0.371633,0.238238,0.442001,0.396328,0.501340,-0.195357,-0.094035,0.343933,0.540200,0.341334,0.287312,0.368108,0.259625,0.257246,0.331283,0.034581,-0.064634,0.142600,0.151060,0.158710,0.247072,0.576432,0.537551,0.076244,0.054404,0.363234,0.443843
0.477869,0.139977,0.590125,0.446966,0.527008,0.325098,0.835702,0.547114,0.628019,0.514516,0.744585,0.652386,0.000000,0.729272,0.830206,0.636358,0.180980,-0.014995,0.599409,0.112513,0.137267,0.065221,0.502972,0.401141,0.373049,0.264737,0.283008,0.208753,0.156960,0.115415,0.129235,0.249135,0.319106,0.160742,0.225249,0.150664,0.284801,0.046383,-0.075362,0.025460,0.063231,0.013396,0.551856,0.352876,0.199651,0.127194,0.309422,0.165844,0.233362,0.289268,0.427818,0.376782,0.438793,0.101789,0.311537,0.229738,-0.057841,-0.067110,0.384436,0.158879,0.555102,0.218117,0.078713,-0.015828,0.492222,0.342705,0.290787,0.211851,-0.075682,-0.081401,0.544574,0.480418,0.370106,0.180335,0.328250,0.236598,0.500020,0.419706,0.039175,-0.003857,-0.039927,0.097217,0.180694,0.132971,0.418619,0.390800,0.094955,-0.002364,0.580789,0.506472
0.211912,0.117373,0.590672,0.676692,0.431079,0.454016,0.542728,0.778806,0.560761,0.581204,0.415601,0.961540,0.729272,0.000000,0.854256,0.955264,0.315357,0.102757,0.327935,0.249142,0.281927,0.395457,0.535005,0.544779,0.245344,0.338699,0.302712,0.383721,0.364935,0.429631,0.391708,0.622465,0.510117,0.509637,0.384337,0.419793,0.227268,0.405106,0.037804,0.241416,0.232906,0.413705,0.629440,0.433310,0.394118,0.348109,0.426822,0.352532,0.417312,0.483833,0.659895,0.623988,0.548172,0.295956,0.501378,0.483281,-0.007252,-0.023227,0.400709,0.482606,0.603552,0.460403,0.357251,0.244498,0.392536,0.458019,0.457764,0.522655,-0.038302,-0.005737,0.701468,0.844324,0.579706,0.535589,0.485574,0.438928,0.389526,0.510603,0.079863,0.070980,0.184166,0.227292,0.254212,0.257442,0.621994,0.628809,0.295444,0.210530,0.567135,0.550228
0.351995,0.150111,1.007228,0.804638,0.675596,0.709723,0.852513,0.575585,0.823305,0.545320,0.200921,0.413002,0.830206,0.854256,0.000000,1.271698,0.044907,-0.047187,0.516866,0.149610,0.487315,0.485800,0.954244,0.737129,0.644315,0.740280,0.725857,0.760867,0.271984,0.186763,0.499108,0.624227,0.519991,0.303449,0.473270,0.320779,0.428289,0.406109,0.277782,0.466663,0.302587,0.329975,0.406648,0.226907,0.169827,0.120190,0.331758,0.228854,0.140903,0.253667,0.453946,0.362634,0.596507,0.238225,0.599535,0.406483,0.060809,0.049645,0.400555,0.277019,0.506756,0.119297,0.105474,-0.039832,0.637337,0.454566,0.587902,0.437389,0.154463,0.144000,0.760607,0.717816,0.522809,0.372007,0.425764,0.396210,0.502310,0.480047,0.095851,0.022608,0.154159,0.162290,0.475811,0.369021,0.609513,0.614501,0.366272,0.419598,0.850807,0.771670
0.184396,0.055931,0.928953,1.071452,0.674913,0.729049,0.757694,0.829325,0.898962,0.788508,0.069930,0.517023,0.636358,0.955264,1.271698,0.000000,0.046053,-0.063755,0.296012,0.185466,0.566065,0.587850,1.017987,0.976592,0.628161,0.872280,0.678180,0.778059,0.235345,0.243520,0.530838,0.713059,0.644495,0.516261,0.656829,0.573140,0.372435,0.402871,0.287863,0.517451,0.274742,0.362760,0.344363,0.170894,0.190977,0.207726,0.272805,0.175386,0.201592,0.309420,0.566687,0.413754,0.538029,0.201743,0.573400,0.394082,0.023100,0.031419,0.457047,0.485888,0.502674,0.333615,0.071341,-0.069746,0.743752,0.754972,0.781047,0.765946,0.234415,0.256912,0.682250,0.752874,0.479432,0.375604,0.506843,0.507399,0.454325,0.459925,0.199678,0.060765,0.192685,0.226397,0.284260,0.292606,0.800199,0.938393,0.353921,0.312731,0.910421,0.948431
0.236385,0.215577,-0.160346,-0.130510,-0.148847,-0.126136,-0.128923,0.030105,-0.133347,-0.065405,0.501122,0.348383,0.180980,0.315357,0.044907,0.046053,0.000000,0.752938,0.137611,0.320906,0.029271,-0.045403,-0.207161,-0.207369,-0.052956,-0.107029,-0.281468,-0.184177,1.021727,1.034728,0.321774,0.284266,0.107604,0.204026,-0.172176,-0.130970,0.075935,0.148746,-0.152768,-0.000848,0.151029,0.264192,0.521472,0.631172,0.478802,0.522664,0.594825,0.681254,0.510913,0.387371,0.462805,0.451839,0.366066,0.538283,0.274741,0.483610,0.301513,0.280373,0.173735,0.251818,0.199951,0.085777,0.834389,0.742893,-0.249617,-0.258365,0.003348,0.024230,0.068336,-0.028187,0.096227,0.057966,0.429560,0.428115,0.325018,0.164732,0.261923,0.212392,0.654269,0.459584,0.759754,0.771725,0.030105,0.279780,0.236704,0.164308,0.059885,0.051643,-0.123866,-0.103264
0.424689,0.523849,-0.022481,-0.098972,-0.221507,-0.028664,-0.122441,-0.120728,-0.218812,-0.224527,0.305975,0.054048,-0.014995,0.102757,-0.047187,-0.063755,0.752938,0.000000,0.261478,0.507644,-0.052547,0.083970,-0.073939,-0.120098,-0.027623,0.006445,-0.095163,-0.092538,0.729986,0.754678,0.399596,0.370061,0.144911,0.177282,-0.088558,-0.052524,-0.091411,0.056667,-0.116926,0.089386,0.092274,0.120191,0.242802,0.475035,0.710759,0.640028,0.497163,0.517083,0.400060,0.483670,0.216458,0.411160,0.280280,0.545587,0.135977,0.385119,0.755481,0.733211,0.076231,0.108121,-0.028638,-0.111779,0.590760,0.546765,-0.154176,-0.279522,0.054376,0.030540,0.370468,0.301563,0.014782,-0.077433,0.246343,0.304080,0.240593,0.117064,0.378780,0.280852,0.578966,0.826076,0.574919,0.703479,0.054821,0.145141,0.151615,0.188729,0.043766,0.105071,-0.194400,-0.130278
0.959525,0.711297,0.579327,0.334448,0.509842,0.347621,0.602219,0.179920,0.389267,0.187063,0.416747,0.188720,0.599409,0.327935,0.516866,0.296012,0.137611,0.261478,0.000000,0.802248,0.065890,0.030896,0.409129,0.254350,0.187337,0.226849,0.322250,0.203627,0.252620,0.141846,0.023604,0.168633,0.211035,0.042255,0.168605,0.054716,0.271652,0.087405,-0.057405,0.091847,0.108048,-0.032220,0.380934,0.494351,0.369304,0.302581,0.443025,0.344713,0.342887,0.409362,0.300190,0.350934,0.475869,0.345998,0.370134,0.430641,0.515850,0.508044,0.339821,0.107627,0.158346,-0.005802,0.100033,0.047394,0.366001,0.071789,0.300840,0.137637,0.344044,0.329406,0.546453,0.360519,0.394975,0.319731,0.458151,0.426389,0.745686,0.611735,0.063351,0.032205,-0.012672,0.043121,0.215566,0.014071,0.431878,0.276622,0.093659,-0.001394,0.387037,0.295137
0.667866,0.881968,0.222082,0.270111,0.331099,0.296497,0.200522,0.195131,0.236842,0.176614,0.178826,0.279676,0.112513,0.249142,0.149610,0.185466,0.320906,0.507644,0.802248,0.000000,-0.006014,0.058475,0.129664,0.110697,-0.027559,0.126313,0.132778,0.070827,0.390994,0.409848,-0.020877,0.192323,0.316846,0.363605,0.235942,0.197834,0.183964,0.180118,-0.043717,0.148514,0.085308,0.127631,0.284205,0.520351,0.498500,0.600497,0.594377,0.589510,0.634870,0.645582,0.476645,0.511151,0.482177,0.547833,0.440477,0.653765,0.658739,0.819002,0.496694,0.524967,0.133103,0.269590,0.377049,0.452502,0.109100,0.028062,0.416205,0.375076,0.576483,0.569758,0.248711,0.239096,0.289205,0.392039,0.532604,0.586269,0.548498,0.500349,0.180235,0.042534,0.252114,0.235720,0.090490,0.032340,0.468144,0.390584,0.055432,0.000337,0.185797,0.267843
0.047679,0.006212,0.378310,0.400316,0.235534,0.355400,0.252347,0.269767,0.377280,0.291264,-0.111416,0.023824,0.137267,0.281927,0.487315,0.566065,0.029271,-0.052547,0.065890,-0.006014,0.000000,0.834076,0.465439,0.451989,0.442395,0.556310,0.768458,0.722512,0.259073,0.229801,0.605525,0.567892,0.196580,0.184110,0.293460,0.176419,0.181044,0.184505,0.391204,0.527549,0.305956,0.245158,0.006699,-0.028503,-0.092006,-0.077537,0.068737,-0.063381,-0.082676,-0.012946,0.062646,0.037356,0.142469,0.061846,0.252624,0.161950,0.069424,0.014830,0.061515,0.122827,0.108005,-0.016687,-0.014836,-0.178423,0.233091,0.266704,0.283056,0.280252,0.219146,0.267513,0.394897,0.380745,0.281006,0.166795,0.115154,0.165053,0.228211,0.187402,0.246245,0.139194,0.294863,0.215471,0.232788,0.319139,0.282818,0.267048,0.353175,0.335452,0.395071,0.394259
0.114157,0.114357,0.446780,0.489528,0.222977,0.497537,0.196962,0.222717,0.297221,0.244551,-0.169881,0.027025,0.065221,0.395457,0.485800,0.587850,-0.045403,0.083970,0.030896,0.058475,0.834076,0.000000,0.558655,0.542537,0.414506,0.617529,0.820091,0.745987,0.260244,0.272310,0.676947,0.612801,0.303632,0.264237,0.355065,0.301956,0.225381,0.331471,0.489452,0.612013,0.355354,0.497919,-0.035203,-0.112536,-0.041060,-0.091705,0.054205,-0.016454,-0.103172,0.055831,0.069874,0.026725,0.194297,0.049224,0.304322,0.210006,0.176415,0.126523,0.129044,0.221642,0.199786,0.013128,0.074510,-0.033421,0.226466,0.299573,0.396644,0.397389,0.295830,0.270502,0.482024,0.491021,0.230813,0.275051,0.066202,0.239720,0.202659,0.233164,0.151619,0.218637,0.214291,0.206875,0.323694,0.239350,0.178641,0.293625,0.381374,0.467021,0.477543,0.520365
0.267878,0.071379,1.478653,1.196181,0.561444,0.576626,0.964439,0.567761,0.609600,0.454242,-0.001810,0.187146,0.502972,0.535005,0.954244,1.017987,-0.207161,-0.073939,0.409129,0.129664,0.465439,0.558655,0.000000,1.522941,0.846376,1.089329,0.854725,0.816732,-0.031823,-0.032749,0.576353,0.740555,0.644507,0.336793,0.696782,0.532867,0.327405,0.331849,0.307250,0.460409,0.226258,0.185303,0.042992,-0.042985,0.157078,0.067730,0.062782,-0.014362,-0.022327,0.162231,0.293801,0.204706,0.288785,0.041241,0.394689,0.225449,0.150949,0.092187,0.299805,0.106051,0.360861,0.074650,-0.186612,-0.323606,1.228046,0.865221,0.838280,0.589723,0.302966,0.368974,0.694134,0.605386,0.228264,0.115535,0.277603,0.374929,0.512201,0.452062,0.112128,0.054460,-0.010587,0.028409,0.170795,-0.018808,0.506533,0.748018,0.217677,0.220193,0.964755,0.782442
0.168462,0.004197,1.062842,1.281285,0.482593,0.516944,0.805900,0.674546,0.486850,0.436125,0.019858,0.323214,0.401141,0.544779,0.737129,0.976592,-0.207369,-0.120098,0.254350,0.110697,0.451989,0.542537,1.522941,0.000000,0.836599,1.183270,0.717165,0.721350,-0.051538,-0.028011,0.523630,0.726365,0.643155,0.412898,0.658815,0.657332,0.367484,0.385767,0.328391,0.491626,0.309851,0.196939,-0.045039,-0.125323,0.115731,0.092037,-0.008514,-0.083180,0.012359,0.201995,0.334074,0.240085,0.260732,0.001723,0.380463,0.195469,0.089600,0.018552,0.262772,0.146131,0.377159,0.231843,-0.271671,-0.365223,1.121803,1.128907,0.864213,0.693394,0.221361,0.339906,0.637982,0.619340,0.184792,0.073938,0.213796,0.308862,0.412262,0.377094,0.118100,0.041871,0.016656,-0.006435,0.086299,-0.027037,0.561071,0.862293,0.211054,0.209989,0.870128,0.787885
0.188031,-0.103480,0.636614,0.636858,0.373707,0.306379,0.558921,0.272811,0.284552,0.203777,0.082581,0.115928,0.373049,0.245344,0.644315,0.628161,-0.052956,-0.027623,0.187337,-0.027559,0.442395,0.414506,0.846376,0.836599,0.000000,1.225394,0.643889,0.403603,0.135232,0.069530,0.505434,0.447207,0.434250,0.187120,0.412824,0.250520,0.398791,0.281643,0.432674,0.486073,0.171521,0.177294,-0.022564,-0.118793,0.025426,-0.096300,0.147026,0.046079,-0.088782,0.031342,0.132208,0.101111,0.200160,0.066799,0.307690,0.214961,0.058998,-0.008177,0.198138,-0.010637,0.174199,-0.064447,-0.271594,-0.363950,0.783804,0.557869,0.568490,0.335251,0.251832,0.276051,0.305309,0.235693,0.058053,-0.044650,0.106505,0.155457,0.370469,0.301242,0.365481,0.105167,0.223424,0.211319,0.189475,0.178971,0.370293,0.515344,0.272279,0.342357,0.588169,0.527935
0.214624,0.046901,0.844579,0.929599,0.508325,0.578685,0.649865,0.432743,0.420664,0.316178,-0.067222,0.123728,0.264737,0.338699,0.740280,0.872280,-0.107029,0.006445,0.226849,0.126313,0.556310,0.617529,1.089329,1.183270,1.225394,0.000000,0.812501,0.762450,0.121626,0.057804,0.617526,0.602953,0.528695,0.264380,0.544899,0.502771,0.528812,0.523222,0.632727,0.805271,0.337180,0.207879,-0.049147,-0.083559,0.102814,0.063991,0.123628,0.057026,-0.011855,0.145775,0.242001,0.151195,0.317594,0.086750,0.482951,0.299943,0.170912,0.130400,0.258486,0.145056,0.254021,0.057635,-0.245380,-0.317096,0.897466,0.729639,0.874073,0.634066,0.390181,0.469609,0.472153,0.401938,0.169259,0.071903,0.250855,0.288725,0.454401,0.377744,0.275804,0.160127,0.232459,0.188054,0.254979,0.150752,0.576939,0.822239,0.302691,0.422094,0.797699,0.791765
0.311402,0.264956,0.817490,0.760926,0.605696,0.780834,0.557154,0.360099,0.679889,0.393976,-0.133623,-0.021031,0.283008,0.302712,0.725857,0.678180,-0.281468,-0.095163,0.322250,0.132778,0.768458,0.820091,0.854725,0.717165,0.643889,0.812501,0.000000,1.025852,0.066415,0.028335,0.489144,0.524603,0.351167,0.175953,0.454211,0.295653,0.213915,0.125070,0.414421,0.512337,0.082185,0.210146,-0.096965,-0.163691,-0.049289,-0.110649,0.132099,-0.080473,-0.073302,0.111443,0.092202,0.077878,0.268047,0.050120,0.374064,0.233246,0.275857,0.197491,0.246918,0.185690,0.185432,-0.035508,-0.133060,-0.245542,0.517782,0.439509,0.545532,0.451295,0.448852,0.487642,0.445717,0.448791,0.103760,0.103211,0.054887,0.289972,0.442028,0.412337,0.174340,0.004949,0.131633,0.129167,0.382812,0.254809,0.368831,0.379538,0.454808,0.401903,0.747480,0.767512
0.199458,0.172139,0.829891,0.712814,0.453212,0.807037,0.594530,0.453269,0.639448,0.370615,-0.176144,0.012901,0.208753,0.383721,0.760867,0.778059,-0.184177,-0.092538,0.203627,0.070827,0.722512,0.745987,0.816732,0.721350,0.403603,0.762450,1.025852,0.000000,0.078156,0.070756,0.652301,0.648624,0.369116,0.201671,0.454214,0.399867,0.255466,0.417702,0.435565,0.591686,0.270722,0.220558,0.022490,-0.071085,-0.005584,0.007388,0.023165,-0.066950,-0.134790,0.017094,0.172611,0.039925,0.226566,-0.002554,0.362687,0.176493,0.133258,0.063983,0.191802,0.149612,0.348412,0.043045,-0.067472,-0.155061,0.501595,0.457509,0.526583,0.460075,0.289173,0.295909,0.552948,0.555081,0.270196,0.218556,0.176132,0.201779,0.280554,0.252721,0.078732,0.141372,0.195220,0.098105,0.344473,0.220551,0.379323,0.426337,0.311690,0.499276,0.734372,0.689391
0.288964,0.258893,0.012058,-0.013594,-0.040506,0.167868,-0.052848,0.047063,-0.048052,-0.016998,0.367670,0.279524,0.156960,0.364935,0.271984,0.235345,1.021727,0.729986,0.252620,0.390994,0.259073,0.260244,-0.031823,-0.051538,0.135232,0.121626,0.066415,0.078156,0.000000,1.319448,0.573324,0.528836,0.231288,0.278395,-0.048103,-0.121070,0.148088,0.201409,0.001273,0.163054,0.216754,0.339401,0.416338,0.500192,0.408661,0.391483,0.608402,0.563444,0.348482,0.315292,0.283511,0.339544,0.368656,0.469422,0.283687,0.469541,0.369949,0.319523,0.169823,0.284540,0.180758,0.034813,0.740019,0.618290,-0.200918,-0.243315,0.094246,0.086401,0.174796,0.046095,0.251656,0.231674,0.497230,0.557562,0.314165,0.226324,0.335189,0.270337,0.712897,0.463583,0.862578,0.819204,0.205789,0.499028,0.272165,0.184934,0.183278,0.257162,-0.053924,0.029887
0.184663,0.224012,0.007633,0.030802,-0.081573,0.119891,-0.075465,0.137303,-0.013854,0.030013,0.309495,0.323521,0.115415,0.429631,0.186763,0.243520,1.034728,0.754678,0.141846,0.409848,0.229801,0.272310,-0.032749,-0.028011,0.069530,0.057804,0.028335,0.070756,1.319448,0.000000,0.590774,0.618665,0.294468,0.431061,0.031809,-0.035880,0.056739,0.225459,-0.064201,0.132055,0.159354,0.432047,0.464121,0.532913,0.425667,0.454323,0.602963,0.582202,0.363165,0.308180,0.358111,0.395813,0.335032,0.491382,0.284728,0.486369,0.306555,0.256426,0.204382,0.350440,0.253599,0.152083,0.856793,0.752322,-0.181830,-0.148720,0.111187,0.145161,0.151172,0.040774,0.240443,0.235654,0.457938,0.566405,0.298050,0.259236,0.279564,0.230318,0.655541,0.518148,0.839698,0.881479,0.070369,0.389165,0.248204,0.184287,0.161918,0.204115,-0.034906,0.027869
0.045257,-0.038210,0.462307,0.365636,-0.036348,0.284945,0.221015,0.170470,0.091120,0.043779,0.070570,0.062935,0.129235,0.391708,0.499108,0.530838,0.321774,0.399596,0.023604,-0.020877,0.605525,0.676947,0.576353,0.523630,0.505434,0.617526,0.489144,0.652301,0.573324,0.590774,0.000000,1.196307,0.383009,0.263407,0.137761,0.129664,0.102767,0.390961,0.269721,0.456528,0.349154,0.256856,0.025473,0.027512,0.164267,0.098981,0.095288,0.056777,-0.129759,0.029798,0.081387,0.063532,0.121338,0.076308,0.220440,0.149756,0.186115,0.055220,-0.037691,-0.036086,0.225026,-0.096676,0.193282,0.082522,0.249682,0.219368,0.265668,0.201177,0.104387,0.075217,0.378497,0.268633,0.231711,0.151727,0.087568,0.006424,0.185140,0.091583,0.593370,0.700878,0.530392,0.509675,0.147360,0.228130,0.149466,0.314552,0.239273,0.345868,0.300463,0.258284
0.176665,0.101433,0.650249,0.616655,0.141802,0.378917,0.397726,0.458652,0.249060,0.186286,0.109239,0.296022,0.249135,0.622465,0.624227,0.713059,0.284266,0.370061,0.168633,0.192323,0.567892,0.612801,0.740555,0.726365,0.447207,0.602953,0.524603,0.648624,0.528836,0.618665,1.196307,0.000000,0.635962,0.584101,0.432804,0.383520,0.132057,0.364661,0.147569,0.410175,0.336425,0.354637,0.155513,0.177678,0.378915,0.335171,0.250050,0.191661,0.085461,0.235421,0.296524,0.297461,0.255569,0.184870,0.336285,0.294079,0.281071,0.147193,0.156834,0.172385,0.406183,0.155655,0.309583,0.143292,0.460943,0.464553,0.506674,0.463730,0.190568,0.196414,0.576020,0.558140,0.334528,0.223237,0.200299,0.207038,0.376006,0.311272,0.468698,0.440664,0.477201,0.451768,0.144498,0.216494,0.407462,0.562306,0.207144,0.340955,0.451127,0.413150
0.127221,0.066465,0.581219,0.711951,0.425037,0.443116,0.607816,0.681943,0.430217,0.377527,0.138023,0.556144,0.319106,0.510117,0.519991,0.644495,0.107604,0.144911,0.211035,0.316846,0.196580,0.303632,0.644507,0.643155,0.434250,0.528695,0.351167,0.369116,0.231288,0.294468,0.383009,0.635962,0.000000,1.363259,0.897386,0.769207,0.253015,0.291578,0.109594,0.266589,0.069389,0.278767,0.245158,0.210677,0.419055,0.438149,0.322808,0.333213,0.316595,0.384463,0.518025,0.401070,0.397684,0.275782,0.410067,0.400663,0.103142,0.116386,0.668121,0.483643,0.742352,0.594211,0.247002,0.236385,0.664307,0.751464,0.903878,0.789763,0.163219,0.215201,0.491674,0.529678,0.228080,0.220011,0.313552,0.397529,0.454427,0.479836,0.135967,0.025175,0.223761,0.205212,0.086402,0.138325,0.570355,0.695843,0.100219,0.312680,0.604764,0.568875
0.001032,0.087883,0.320777,0.550687,0.305826,0.335581,0.328226,0.697349,0.361627,0.397666,0.109736,0.656424,0.160742,0.509637,0.303449,0.516261,0.204026,0.177282,0.042255,0.363605,0.184110,0.264237,0.336793,0.412898,0.187120,0.264380,0.175953,0.201671,0.278395,0.431061,0.263407,0.584101,1.363259,0.000000,0.822711,0.726713,0.120465,0.174366,-0.030028,0.141046,-0.009778,0.388655,0.302480,0.263646,0.396156,0.486178,0.345751,0.382555,0.405398,0.416437,0.557385,0.466282,0.352620,0.354436,0.326045,0.365953,0.054407,0.110302,0.624673,0.666063,0.641598,0.802408,0.388819,0.397439,0.363909,0.625604,0.667885,0.761058,0.103781,0.179818,0.345967,0.496613,0.266905,0.301972,0.331175,0.466178,0.329295,0.409186,0.130968,-0.002847,0.257058,0.234702,0.037863,0.134651,0.513753,0.548882,0.096485,0.230055,0.386896,0.423030
0.127404,0.075392,0.669524,0.807382,0.568537,0.571271,0.602208,0.671330,0.578348,0.545878,-0.113017,0.284026,0.225249,0.384337,0.473270,0.656829,-0.172176,-0.088558,0.168605,0.235942,0.293460,0.355065,0.696782,0.658815,0.412824,0.544899,0.454211,0.454214,-0.048103,0.031809,0.137761,0.432804,0.897386,0.822711,0.000000,1.153812,0.233129,0.237350,0.193724,0.289655,0.038880,0.329376,0.180094,0.129782,0.350118,0.333225,0.234472,0.198811,0.227616,0.296009,0.388152,0.327321,0.342001,0.237738,0.408399,0.325226,0.040272,0.105394,0.651094,0.551881,0.541282,0.450219,0.065779,-0.024241,0.783494,0.808288,1.118414,1.018959,0.329977,0.392637,0.518242,0.593670,0.286755,0.283890,0.404138,0.576729,0.435490,0.594677,-0.104808,-0.187403,-0.013086,0.028237,0.046242,0.020049,0.577373,0.679725,0.218257,0.212537,0.732252,0.673239
0.071355,0.058529,0.515511,0.735684,0.407216,0.403497,0.486517,0.718438,0.433331,0.460490,-0.096113,0.388569,0.150664,0.419793,0.320779,0.573140,-0.130970,-0.052524,0.054716,0.197834,0.176419,0.301956,0.532867,0.657332,0.250520,0.502771,0.295653,0.399867,-0.121070,-0.035880,0.129664,0.383520,0.769207,0.726713,1.153812,0.000000,0.235685,0.358440,0.288457,0.384142,0.195841,0.196540,0.115374,0.118746,0.384334,0.450386,0.139023,0.159176,0.271667,0.338839,0.409514,0.349158,0.310996,0.207938,0.361719,0.224806,0.011426,0.051554,0.527203,0.514594,0.605425,0.606226,0.042259,0.020457,0.703752,0.892950,0.988293,1.149086,0.148730,0.278774,0.479494,0.535744,0.214393,0.169179,0.329525,0.328842,0.312563,0.445986,-0.148971,-0.116074,-0.013139,-0.059811,0.012429,-0.050791,0.569976,0.781394,0.231135,0.171832,0.657920,0.592259
0.217466,0.109200,0.278645,0.322211,0.500469,0.170069,0.338537,0.189507,0.243416,0.212613,0.107591,0.219585,0.284801,0.227268,0.428289,0.372435,0.075935,-0.091411,0.271652,0.183964,0.181044,0.225381,0.327405,0.367484,0.398791,0.528812,0.213915,0.255466,0.148088,0.056739,0.102767,0.132057,0.253015,0.120465,0.233129,0.235685,0.000000,0.648714,0.476361,0.540660,0.574372,0.294966,0.215378,0.213108,-0.019890,0.117215,0.225836,0.290665,0.210377,0.207430,0.389632,0.143015,0.366698,0.121941,0.575645,0.415326,0.030888,0.022033,0.321570,0.145694,0.343957,0.157035,-0.098005,-0.001609,0.358967,0.308594,0.512714,0.345579,0.106859,0.150762,0.288673,0.214365,0.257910,0.131165,0.330229,0.260089,0.348445,0.270655,-0.040836,-0.058438,0.063516,0.049006,0.169022,0.067000,0.396398,0.445939,0.041253,0.252932,0.511367,0.482060
0.113255,0.037276,0.290160,0.299575,0.111110,0.225228,0.182614,0.135191,0.058167,0.016421,-0.060992,0.174006,0.046383,0.405106,0.406109,0.402871,0.148746,0.056667,0.087405,0.180118,0.184505,0.331471,0.331849,0.385767,0.281643,0.523222,0.125070,0.417702,0.201409,0.225459,0.390961,0.364661,0.291578,0.174366,0.237350,0.358440,0.648714,0.000000,0.582716,0.776545,0.708492,0.433502,0.180566,0.194332,0.162045,0.207904,0.233658,0.312237,0.129542,0.162816,0.356126,0.225762,0.335350,0.221619,0.577758,0.430415,0.069074,0.058386,0.194578,0.135487,0.326616,0.107391,0.107696,0.121846,0.255077,0.231519,0.444010,0.317617,0.089019,0.061319,0.442716,0.318933,0.314714,0.257179,0.323681,0.131403,0.180234,0.179092,0.008137,0.076950,0.305441,0.072274,0.217740,0.035775,0.278440,0.475755,0.147028,0.477918,0.386406,0.310246
0.050562,-0.039236,0.153711,0.209757,0.208151,0.200918,0.074082,0.019629,0.111533,0.064678,-0.222158,-0.067350,-0.075362,0.037804,0.277782,0.287863,-0.152768,-0.116926,-0.057405,-0.043717,0.391204,0.489452,0.307250,0.328391,0.432674,0.632727,0.414421,0.435565,0.001273,-0.064201,0.269721,0.147569,0.109594,-0.030028,0.193724,0.288457,0.476361,0.582716,0.000000,1.121481,0.410376,0.190858,-0.224787,-0.202528,-0.219278,-0.169163,-0.045817,0.042307,-0.138277,-0.075878,-0.049323,-0.146818,0.161635,-0.039048,0.389714,0.132795,0.019303,0.044525,0.166808,0.111149,0.136665,-0.043737,-0.168814,-0.161652,0.200573,0.185732,0.370407,0.270035,0.235161,0.259798,0.177595,0.108387,-0.086781,-0.056830,-0.001578,-0.080649,0.003020,0.025522,-0.000423,0.026318,0.189521,0.109765,0.566545,0.303808,0.245215,0.317468,0.485538,0.591803,0.451256,0.441806
0.184381,0.149860,0.331904,0.415180,0.291223,0.300066,0.195835,0.165803,0.228449,0.154542,-0.142913,0.041195,0.025460,0.241416,0.466663,0.517451,-0.000848,0.089386,0.091847,0.148514,0.527549,0.612013,0.460409,0.491626,0.486073,0.805271,0.512337,0.591686,0.163054,0.132055,0.456528,0.410175,0.266589,0.141046,0.289655,0.384142,0.540660,0.776545,1.121481,0.000000,0.547799,0.322270,-0.121185,-0.055501,0.005679,0.083264,0.103068,0.144214,0.074799,0.203015,0.236513,0.160219,0.353778,0.190541,0.547842,0.364227,0.218493,0.213121,0.227165,0.213953,0.228521,0.033224,-0.032780,-0.081186,0.320066,0.314925,0.543381,0.460100,0.347279,0.421258,0.344992,0.263344,0.132885,0.117003,0.147630,0.064731,0.219487,0.217755,0.122125,0.158064,0.289494,0.199962,0.460016,0.267233,0.394573,0.578774,0.369972,0.637134,0.586846,0.582699
0.166956,0.029153,0.084882,0.078419,-0.051933,0.002413,-0.002012,-0.036869,-0.103038,-0.052907,0.006016,0.058772,0.063231,0.232906,0.302587,0.274742,0.151029,0.092274,0.108048,0.085308,0.305956,0.355354,0.226258,0.309851,0.171521,0.337180,0.082185,0.270722,0.216754,0.159354,0.349154,0.336425,0.069389,-0.009778,0.038880,0.195841,0.574372,0.708492,0.410376,0.547799,0.000000,0.279443,0.029135,0.115941,0.016476,0.140158,0.093048,0.077223,0.025689,0.090623,0.118226,0.054486,0.191469,0.060869,0.334381,0.193756,0.118991,0.034285,0.009987,-0.008814,0.142778,-0.062258,0.022425,-0.046146,0.091609,0.069467,0.168919,0.108582,-0.011395,-0.019732,0.415529,0.231925,0.329645,0.177367,0.128507,-0.036320,0.082617,-0.022906,-0.002570,0.202889,0.200049,-0.023476,0.107799,0.082862,0.118159,0.283906,0.090475,0.229670,0.183781,0.162687
0.023917,0.066178,0.150475,0.275545,0.209100,0.322355,0.058511,0.204062,0.219611,0.192182,-0.037857,0.191567,0.013396,0.413705,0.329975,0.362760,0.264192,0.120191,-0.032220,0.127631,0.245158,0.497919,0.185303,0.196939,0.177294,0.207879,0.210146,0.220558,0.339401,0.432047,0.256856,0.354637,0.278767,0.388655,0.329376,0.196540,0.294966,0.433502,0.190858,0.322270,0.279443,0.000000,0.255136,0.211355,0.168495,0.159954,0.322479,0.403636,0.227685,0.284989,0.386228,0.342421,0.323802,0.351905,0.440656,0.528890,0.088393,0.060863,0.317703,0.404674,0.288844,0.131915,0.368706,0.274313,-0.001634,0.131120,0.333965,0.355041,0.229169,0.108524,0.266961,0.371984,0.418467,0.544496,0.264779,0.471918,0.122308,0.271519,0.100192,-0.000501,0.246722,0.313374,0.183947,0.335429,0.224371,0.247877,0.348043,0.409263,0.247416,0.297898
0.268308,0.203377,0.224836,0.133017,0.299580,0.166745,0.279754,0.363049,0.359588,0.364676,0.431862,0.522359,0.551856,0.629440,0.406648,0.344363,0.521472,0.242802,0.380934,0.284205,0.006699,-0.035203,0.042992,-0.045039,-0.022564,-0.049147,-0.096965,0.022490,0.416338,0.464121,0.025473,0.155513,0.245158,0.302480,0.180094,0.115374,0.215378,0.180566,-0.224787,-0.121185,0.029135,0.255136,0.000000,1.258619,0.558391,0.565725,0.797348,0.772597,0.575696,0.430013,0.649227,0.616722,0.543183,0.514362,0.415695,0.607813,0.019661,0.047418,0.336037,0.359969,0.345108,0.250091,0.492771,0.460225,0.048915,-0.025996,0.191675,0.201508,-0.034644,-0.081723,0.318520,0.349509,0.757711,0.604937,0.690674,0.480963,0.482378,0.498395,0.068871,0.113529,0.222711,0.300116,0.132019,0.243879,0.445204,0.241030,0.193029,0.046590,0.149245,0.097356
0.348967,0.366491,0.135934,0.013130,0.167352,0.039119,0.162880,0.174832,0.172449,0.181206,0.365337,0.357757,0.352876,0.433310,0.226907,0.170894,0.631172,0.475035,0.494351,0.520351,-0.028503,-0.112536,-0.042985,-0.125323,-0.118793,-0.083559,-0.163691,-0.071085,0.500192,0.532913,0.027512,0.177678,0.210677,0.263646,0.129782,0.118746,0.213108,0.194332,-0.202528,-0.055501,0.115941,0.211355,1.258619,0.000000,0.751735,0.897907,0.883802,1.008260,0.718884,0.599014,0.577006,0.668204,0.527018,0.651918,0.402655,0.691432,0.220644,0.236639,0.278502,0.311187,0.233292,0.159463,0.572891,0.538049,-0.010434,-0.140486,0.196400,0.194203,0.101370,0.046680,0.299926,0.228341,0.657161,0.537179,0.670905,0.447294,0.563769,0.508449,0.112916,0.196755,0.262103,0.335239,0.049343,0.184542,0.400064,0.224563,0.118507,-0.016496,0.031851,-0.024879
0.377428,0.357572,0.310902,0.245851,0.076309,0.205084,0.258048,0.296415,0.087226,0.110287,0.321637,0.261935,0.199651,0.394118,0.169827,0.190977,0.478802,0.710759,0.369304,0.498500,-0.092006,-0.041060,0.157078,0.115731,0.025426,0.102814,-0.049289,-0.005584,0.408661,0.425667,0.164267,0.378915,0.419055,0.396156,0.350118,0.384334,-0.019890,0.162045,-0.219278,0.005679,0.016476,0.168495,0.558391,0.751735,0.000000,1.221170,0.830457,0.700492,0.784759,0.783346,0.555033,0.807010,0.481597,0.692870,0.346657,0.587938,0.535383,0.499933,0.349535,0.312855,0.221203,0.176693,0.442493,0.333585,0.271448,0.135620,0.411466,0.398588,0.303848,0.290613,0.307293,0.290555,0.415946,0.405756,0.454032,0.369423,0.542103,0.602433,0.242607,0.326288,0.325469,0.409692,-0.059713,0.025524,0.464644,0.512162,0.052990,0.061337,0.085342,0.029816
0.289379,0.391096,0.208577,0.201141,0.105401,0.120472,0.157540,0.311129,0.134595,0.189430,0.201893,0.324385,0.127194,0.348109,0.120190,0.207726,0.522664,0.640028,0.302581,0.600497,-0.077537,-0.091705,0.067730,0.092037,-0.096300,0.063991,-0.110649,0.007388,0.391483,0.454323,0.098981,0.335171,0.438149,0.486178,0.333225,0.450386,0.117215,0.207904,-0.169163,0.083264,0.140158,0.159954,0.565725,0.897907,1.221170,0.000000,0.787708,0.865543,1.050319,1.005942,0.731588,0.901583,0.529933,0.678227,0.463978,0.685223,0.437447,0.420992,0.353783,0.447691,0.250683,0.269689,0.520554,0.487689,0.151135,0.103364,0.437662,0.500928,0.287874,0.310000,0.291527,0.277959,0.462249,0.426525,0.506846,0.439818,0.548934,0.539277,0.215488,0.268636,0.357833,0.378335,-0.070192,0.086325,0.522232,0.550040,0.094477,0.041061,0.081558,0.074923
0.494944,0.470385,0.217159,0.163558,0.261240,0.261030,0.158952,0.204227,0.262594,0.209533,0.300094,0.301624,0.309422,0.426822,0.331758,0.272805,0.594825,0.497163,0.443025,0.594377,0.068737,0.054205,0.062782,-0.008514,0.147026,0.123628,0.132099,0.023165,0.608402,0.602963,0.095288,0.250050,0.322808,0.345751,0.234472,0.139023,0.225836,0.233658,-0.045817,0.103068,0.093048,0.322479,0.797348,0.883802,0.830457,0.787708,0.000000,1.149751,0.817442,0.695625,0.642574,0.748335,0.754046,0.848755,0.699153,1.062749,0.514737,0.494952,0.448391,0.471817,0.201723,0.114259,0.556883,0.482811,0.060338,-0.062572,0.316080,0.271736,0.398783,0.309654,0.283191,0.257698,0.491119,0.501104,0.484885,0.476857,0.619059,0.632127,0.385060,0.155122,0.610530,0.596161,0.189809,0.278558,0.506634,0.360109,0.232452,0.198181,0.168428,0.174142
0.345513,0.395092,0.131002,0.108965,0.212209,0.097623,0.088590,0.161037,0.193621,0.175126,0.211511,0.322965,0.165844,0.352532,0.228854,0.175386,0.681254,0.517083,0.344713,0.589510,-0.063381,-0.016454,-0.014362,-0.083180,0.046079,0.057026,-0.080473,-0.066950,0.563444,0.582202,0.056777,0.191661,0.333213,0.382555,0.198811,0.159176,0.290665,0.312237,0.042307,0.144214,0.077223,0.403636,0.772597,1.008260,0.700492,0.865543,1.149751,0.000000,0.867712,0.713231,0.664817,0.740317,0.614591,0.908734,0.631108,1.040945,0.367766,0.400057,0.421940,0.472997,0.232227,0.145609,0.674836,0.691523,-0.033373,-0.126730,0.320570,0.284068,0.326420,0.225590,0.189561,0.166768,0.437029,0.451408,0.506735,0.514105,0.517302,0.577707,0.280972,0.124713,0.547406,0.600382,0.203883,0.321215,0.454612,0.320807,0.248754,0.261463,0.115884,0.093404
