0.000000,1.687714,0.952944,0.985310,0.452388,0.552839,1.186978,1.171613,0.744235,0.839693,1.299437,0.919802,0.987896,0.954963,0.507229,0.563995,0.562405,0.702717,1.328804,1.438339,0.099352,0.124925,0.597503,0.551573,0.447113,0.465538,0.246800,0.231763,0.379028,0.168628,0.479846,0.528980,0.959588,1.016398,0.335494,0.491864,0.570910,0.432651,0.368996,0.538214,0.530962,0.248905,1.005358,0.827579,1.038574,1.091022,1.016645,0.997933,1.068510,1.001012,0.964880,0.801578,0.765436,0.685452,1.091339,1.135582,1.465814,1.277935,1.105855,1.469367,1.011249,1.271611,1.235864,1.282433,0.381922,0.792321,1.153848,1.159083,1.349953,1.216625,0.570387,0.546692,0.578039,0.654521,0.434227,0.467141,0.816852,0.703017,0.739614,-0.120548,0.966159,1.011628,0.278503,0.212517,1.181259,1.210263,0.487037,0.633856,1.120277,1.204858
1.687714,0.000000,0.993546,1.128057,0.524974,0.622808,1.215693,1.369018,0.736260,0.879125,1.167915,1.108918,0.946893,1.066656,0.560627,0.678345,0.717706,0.810587,1.373535,1.670747,0.130187,0.128890,0.671510,0.627071,0.496891,0.411146,0.233383,0.227930,0.498329,0.296826,0.407193,0.470437,1.020351,1.078889,0.342207,0.524724,0.542253,0.406344,0.320454,0.561797,0.548357,0.217971,1.053997,0.819152,1.017331,1.093940,1.077722,1.070554,1.032738,1.034295,0.921181,0.845364,0.841035,0.793709,1.073338,1.135062,1.245482,1.512875,0.898053,1.366244,0.896864,1.418006,1.239442,1.481023,0.369497,0.786408,1.093000,1.181793,1.333535,1.088979,0.446983,0.445566,0.622254,0.720870,0.544442,0.498643,0.743501,0.645694,0.852454,-0.046344,1.071527,1.145391,0.402490,0.325408,1.139290,1.200610,0.515101,0.648139,1.028849,1.235191
0.952944,0.993546,0.000000,1.227472,0.513336,0.574522,1.508558,0.851911,0.604929,0.642036,0.882404,0.825201,0.936035,0.827910,0.475222,0.395266,0.268919,0.416165,0.937198,0.996341,-0.017078,-0.059557,1.337260,0.916579,0.712598,0.509086,0.128195,0.059509,0.365384,0.127766,0.406370,0.431925,0.759690,0.720133,0.520602,0.534950,0.425198,0.117911,0.200164,0.298700,0.405253,0.156226,0.760541,0.479657,0.840223,0.860999,0.716305,0.662224,0.897656,0.758345,1.002311,0.689519,0.540871,0.542401,0.702814,0.709195,0.608620,0.748303,0.617638,0.898074,0.760774,0.796328,0.795474,0.829291,0.704720,0.846193,1.075834,1.047366,0.870645,0.751924,0.249391,0.328691,0.313898,0.569809,0.291286,0.402089,0.495296,0.446350,0.521082,0.071050,0.570370,0.708461,0.315113,0.141579,0.928112,0.947837,0.724596,0.656131,1.020316,1.000895
0.985310,1.128057,1.227472,0.000000,0.364775,0.981467,1.220621,1.353031,0.652360,0.898180,0.798241,0.879329,0.842061,1.102890,0.488027,0.518522,0.398503,0.445122,1.031010,1.228501,0.028436,0.008764,0.985208,0.983500,0.476523,0.428333,0.105205,0.117906,0.309135,0.147061,0.410673,0.418187,0.762360,0.775658,0.335151,0.453567,0.513033,0.186987,0.116806,0.274481,0.422057,0.169155,0.892347,0.605036,0.891029,0.989084,0.877871,0.788899,0.881829,0.860904,0.791875,0.763280,0.595697,0.605406,0.819176,0.820137,0.675325,0.794186,0.570712,0.914619,0.694463,1.119042,0.823400,1.005841,0.468894,0.950106,0.851123,0.900660,0.874866,0.823250,0.386466,0.304939,0.392844,0.597084,0.412104,0.431711,0.514982,0.470386,0.539507,0.071213,0.737001,0.820354,0.370750,0.193221,0.944942,1.136305,0.574789,0.588770,0.852296,1.113756
0.452388,0.524974,0.513336,0.364775,0.000000,0.193124,0.526503,0.444499,0.466603,0.385671,0.437888,0.387709,0.325454,0.261299,0.362982,0.553814,0.255471,0.280532,0.347748,0.366307,0.298439,0.168768,0.369238,0.343065,0.636295,0.262257,0.473962,0.343289,0.273187,0.334968,0.112883,0.269146,0.353287,0.334592,0.332113,0.362419,0.143458,0.064576,0.139705,0.295603,0.138668,-0.148456,0.293041,0.267980,0.326133,0.345156,0.318475,0.357171,0.312056,0.308638,0.375158,0.300515,0.303918,0.271899,0.262050,0.307844,0.470951,0.466900,0.435266,0.560008,0.552008,0.514008,0.513366,0.468711,0.315621,0.542768,0.464181,0.543321,0.367651,0.320516,0.106959,0.160211,0.274298,0.272959,0.205293,0.201447,0.185440,0.301210,0.335234,0.096241,0.360165,0.413171,0.248192,0.146397,0.448201,0.444337,0.153944,0.263677,0.466475,0.496703
0.552839,0.622808,0.574522,0.981467,0.193124,0.000000,0.666318,0.806975,0.695475,0.798354,0.519848,0.712747,0.516539,0.855382,0.578719,0.537834,0.365152,0.335790,0.628642,0.717237,0.110336,0.127814,0.596554,0.711757,0.354240,0.326964,0.157124,0.207005,0.385349,0.261606,0.154982,0.193544,0.484999,0.493888,0.316574,0.411853,0.416650,0.137978,0.043429,0.239591,0.308598,0.095853,0.496679,0.374928,0.495137,0.561009,0.604078,0.469289,0.503450,0.447331,0.420061,0.470234,0.375573,0.428189,0.537123,0.542617,0.441932,0.511709,0.334763,0.521817,0.459065,0.758538,0.544500,0.627423,0.364439,0.629663,0.545756,0.528511,0.531855,0.505890,0.258942,0.231632,0.353163,0.479425,0.435634,0.315207,0.326786,0.300804,0.423051,0.047206,0.583265,0.592397,0.418659,0.178711,0.558555,0.651545,0.340563,0.402375,0.517275,0.672961
1.186978,1.215693,1.508558,1.220621,0.526503,0.666318,0.000000,1.198594,0.694108,0.765113,1.137895,1.020769,1.155361,0.952755,0.528107,0.472164,0.344133,0.491845,1.103627,1.163350,0.021506,-0.003394,1.051764,0.732388,0.565852,0.447352,0.175902,0.093813,0.422409,0.191026,0.364533,0.434329,0.874963,0.883010,0.372415,0.424644,0.446873,0.142122,0.232141,0.348828,0.518100,0.200052,0.788539,0.512325,0.826631,0.888952,0.760412,0.757499,0.917952,0.813280,0.964201,0.760944,0.576715,0.644281,0.787906,0.872970,0.800595,0.877877,0.750138,1.054327,0.974189,1.051408,0.983913,1.051881,0.620124,0.899064,1.069584,1.039272,1.007458,0.832127,0.351514,0.393360,0.406748,0.649401,0.380607,0.440143,0.546649,0.504219,0.557295,-0.062250,0.714447,0.831352,0.328742,0.156546,1.044871,1.075961,0.711374,0.625912,1.136591,1.224828
1.171613,1.369018,0.851911,1.353031,0.444499,0.806975,1.198594,0.000000,0.719183,1.049588,0.973221,1.067904,0.896148,1.187441,0.526958,0.646873,0.552395,0.541642,1.134995,1.405091,0.080781,0.091577,0.653879,0.641527,0.338781,0.326023,0.202671,0.163647,0.404235,0.212494,0.289915,0.388516,0.785128,0.853020,0.183674,0.351285,0.566112,0.277827,0.152953,0.358043,0.502804,0.235734,0.913574,0.686267,0.848653,0.923963,0.939205,0.946198,0.875229,0.894738,0.681039,0.715882,0.663000,0.716845,0.966585,1.037499,0.903961,0.926450,0.752099,1.138901,0.812123,1.491742,0.983079,1.278561,0.308772,0.917148,0.776651,0.866579,0.923380,0.862466,0.439079,0.334642,0.531182,0.709405,0.548816,0.473204,0.572193,0.519888,0.617802,-0.144589,0.882389,0.933310,0.356405,0.243576,1.025097,1.306279,0.572881,0.562505,0.919780,1.260016
0.744235,0.736260,0.604929,0.652360,0.466603,0.695475,0.694108,0.719183,0.000000,0.775148,0.860945,0.645630,0.665206,0.761712,0.553811,0.506243,0.336210,0.473190,0.621209,0.722456,0.078768,0.103210,0.492194,0.575822,0.587193,0.485599,0.308323,0.237484,0.286775,0.189555,0.198608,0.300265,0.533620,0.565521,0.292341,0.412736,0.359002,0.276966,0.249360,0.452097,0.389376,0.099300,0.591273,0.497474,0.545252,0.638815,0.608830,0.625386,0.578886,0.527180,0.547107,0.535710,0.367994,0.474535,0.602746,0.648290,0.549922,0.663221,0.558815,0.725081,0.623523,0.760084,0.630992,0.748269,0.370242,0.674312,0.648786,0.678116,0.589884,0.601951,0.260411,0.333004,0.356457,0.501431,0.371712,0.512872,0.491445,0.449493,0.450465,-0.006702,0.584916,0.656523,0.282229,0.172663,0.784928,0.691832,0.457391,0.530264,0.740635,0.747265
0.839693,0.879125,0.642036,0.898180,0.385671,0.798354,0.765113,1.049588,0.775148,0.000000,0.675205,0.707295,0.583263,1.025050,0.632339,0.818419,0.480048,0.523188,0.727979,0.885723,0.184498,0.330500,0.551616,0.564454,0.424031,0.507180,0.421242,0.424572,0.399055,0.362071,0.276661,0.299177,0.564084,0.633129,0.233718,0.441322,0.403306,0.322081,0.259565,0.394066,0.378564,0.053191,0.611771,0.536105,0.588939,0.604884,0.632230,0.586783,0.636386,0.534673,0.418938,0.445856,0.357652,0.450771,0.698132,0.721042,0.745635,0.725641,0.591349,0.833100,0.690213,0.996951,0.679941,0.909121,0.236471,0.805703,0.558329,0.679512,0.688661,0.643787,0.432944,0.317055,0.497088,0.496090,0.572577,0.400901,0.633288,0.563894,0.506333,-0.028180,0.725306,0.784572,0.376257,0.215270,0.691660,0.866815,0.362597,0.542782,0.611523,0.777598
1.299437,1.167915,0.882404,0.798241,0.437888,0.519848,1.137895,0.973221,0.860945,0.675205,0.000000,0.975511,1.281129,0.844459,0.563123,0.435737,0.441095,0.632703,1.042517,1.065283,0.116058,0.067010,0.540669,0.468552,0.443491,0.343788,0.225614,0.178909,0.440571,0.229027,0.271555,0.320274,0.838800,0.820886,0.267485,0.366574,0.508046,0.282977,0.272724,0.440787,0.459362,0.223215,0.845104,0.680828,0.800790,0.847650,0.820368,0.831900,0.882021,0.747111,0.907521,0.693615,0.620995,0.562824,0.827524,0.836255,0.939743,0.917847,0.929562,1.085640,0.979652,0.961188,1.089320,1.075720,0.394578,0.731656,1.008365,0.890901,0.985250,0.832613,0.393784,0.389422,0.485696,0.546788,0.345296,0.333631,0.647772,0.553705,0.594374,-0.097839,0.739969,0.812136,0.336933,0.186824,1.025250,0.889713,0.639470,0.561115,1.168364,1.078871
0.919802,1.108918,0.825201,0.879329,0.387709,0.712747,1.020769,1.067904,0.645630,0.707295,0.975511,0.000000,0.938876,1.133167,0.588675,0.555514,0.500284,0.548693,0.968657,1.045156,0.133235,0.126476,0.629087,0.554225,0.424662,0.230016,0.243662,0.185527,0.667676,0.379627,0.090132,0.183364,0.820283,0.758148,0.342938,0.415094,0.549908,0.237081,0.164091,0.379940,0.455091,0.168733,0.680651,0.508702,0.633755,0.686737,0.731159,0.692718,0.703511,0.705260,0.655705,0.576014,0.560955,0.560889,0.836411,0.785939,0.736313,0.831554,0.673244,1.011280,0.766018,1.023714,0.908482,1.113934,0.355932,0.651520,0.856064,0.838736,0.873016,0.719733,0.313854,0.373399,0.478122,0.726710,0.553078,0.427110,0.533140,0.475726,0.625401,-0.145977,0.770290,0.780888,0.439556,0.258170,0.827220,0.913845,0.626443,0.468529,0.937300,1.079473
0.987896,0.946893,0.936035,0.842061,0.325454,0.516539,1.155361,0.896148,0.665206,0.583263,1.281129,0.938876,0.000000,0.926128,0.518969,0.319113,0.270800,0.468545,0.863322,0.869090,0.085696,0.046470,0.577476,0.439497,0.414172,0.321519,0.179430,0.100583,0.429960,0.147140,0.253514,0.215923,0.667798,0.644822,0.230761,0.264503,0.503663,0.148450,0.186572,0.299044,0.384760,0.155049,0.642984,0.487973,0.645668,0.695518,0.664071,0.662900,0.796118,0.710602,0.863989,0.649132,0.527227,0.478298,0.820237,0.692182,0.715694,0.713538,0.824580,0.918887,0.961740,0.885608,0.941022,1.067574,0.361162,0.641088,0.869967,0.751151,0.747516,0.652587,0.387507,0.325007,0.354758,0.474141,0.337084,0.268598,0.526318,0.408485,0.454144,-0.117354,0.517868,0.619778,0.300609,0.100079,0.771058,0.763585,0.598635,0.428594,1.094776,1.018412
0.954963,1.066656,0.827910,1.102890,0.261299,0.855382,0.952755,1.187441,0.761712,1.025050,0.844459,1.133167,0.926128,0.000000,0.700965,0.695989,0.464170,0.570215,0.955324,1.092626,0.162763,0.215612,0.715946,0.707411,0.483739,0.487704,0.305436,0.288282,0.484558,0.286118,0.264258,0.273632,0.815452,0.776441,0.359785,0.520100,0.501114,0.351811,0.250028,0.403774,0.547113,0.091248,0.678494,0.547128,0.684399,0.766278,0.726051,0.676719,0.761841,0.770198,0.632011,0.615279,0.513599,0.555792,1.022783,0.928960,0.765413,0.842746,0.668484,0.997000,0.750920,1.131866,0.789859,1.123564,0.298286,0.782705,0.817536,0.866742,0.867840,0.748052,0.439636,0.388053,0.491935,0.763078,0.567971,0.519716,0.755134,0.577241,0.581478,-0.077019,0.756499,0.811053,0.371286,0.154406,0.896169,1.086468,0.510939,0.657316,0.893854,1.096764
0.507229,0.560627,0.475222,0.488027,0.362982,0.578719,0.528107,0.526958,0.553811,0.632339,0.563123,0.588675,0.518969,0.700965,0.000000,0.913515,0.484371,0.593506,0.533823,0.529572,0.234688,0.270132,0.433717,0.422155,0.439142,0.290919,0.404901,0.458350,0.716290,0.623417,0.080804,0.151471,0.465601,0.419839,0.297339,0.372828,0.380504,0.227660,0.226584,0.499855,0.392080,-0.001822,0.398308,0.373979,0.382598,0.408564,0.444741,0.390455,0.482438,0.416815,0.389762,0.386327,0.342512,0.453903,0.486942,0.493934,0.584719,0.589180,0.483568,0.551075,0.527561,0.600443,0.653096,0.548768,0.395397,0.546740,0.556091,0.530591,0.485065,0.316909,0.288815,0.261881,0.554163,0.447584,0.335037,0.207176,0.422265,0.253936,0.704833,0.193768,0.660955,0.716403,0.517804,0.381406,0.551450,0.530237,0.272917,0.534466,0.442770,0.455973
0.563995,0.678345,0.395266,0.518522,0.553814,0.537834,0.472164,0.646873,0.506243,0.818419,0.435737,0.555514,0.319113,0.695989,0.913515,0.000000,0.731558,0.734380,0.537955,0.623211,0.284089,0.402614,0.380147,0.435736,0.336000,0.230241,0.555874,0.566845,0.596225,0.782016,0.076821,0.142497,0.577794,0.549574,0.402190,0.608569,0.353016,0.439369,0.396928,0.665489,0.364349,-0.106328,0.440637,0.470115,0.407099,0.412492,0.552054,0.492618,0.429624,0.440463,0.298183,0.361724,0.423266,0.451966,0.525682,0.640417,0.721799,0.732740,0.534025,0.706600,0.498901,0.779727,0.644359,0.705073,0.282749,0.650657,0.516454,0.614090,0.582581,0.431248,0.228160,0.214080,0.652813,0.556529,0.601999,0.330898,0.524601,0.420376,0.710787,0.251984,0.758861,0.843633,0.556219,0.480535,0.561500,0.665818,0.178223,0.553380,0.432568,0.518493
0.562405,0.717706,0.268919,0.398503,0.255471,0.365152,0.344133,0.552395,0.336210,0.480048,0.441095,0.500284,0.270800,0.464170,0.484371,0.731558,0.000000,0.723944,0.551362,0.650072,0.154426,0.179240,0.138473,0.222896,0.078476,0.002730,0.228116,0.279491,0.721267,0.522969,0.027015,0.023492,0.497650,0.557780,0.264763,0.461032,0.435696,0.520654,0.437573,0.736487,0.417277,0.122671,0.668954,0.652018,0.518014,0.504849,0.748907,0.647459,0.510495,0.503946,0.425584,0.424920,0.735422,0.651016,0.597405,0.642760,0.708900,0.777708,0.449062,0.545020,0.355221,0.646857,0.692435,0.613859,0.266480,0.391995,0.508507,0.546064,0.526708,0.429681,0.115052,0.127540,0.654752,0.481955,0.478418,0.297725,0.377411,0.252406,1.124186,0.117239,0.917299,0.851940,0.530848,0.598460,0.519238,0.543019,0.128023,0.377257,0.355220,0.416656
0.702717,0.810587,0.416165,0.445122,0.280532,0.335790,0.491845,0.541642,0.473190,0.523188,0.632703,0.548693,0.468545,0.570215,0.593506,0.734380,0.723944,0.000000,0.609147,0.676188,0.050159,0.181214,0.351457,0.343657,0.304595,0.286212,0.182307,0.284514,0.478729,0.552948,0.314172,0.279403,0.702206,0.811538,0.414288,0.559322,0.379350,0.498479,0.426757,0.639135,0.469696,0.100888,0.623384,0.639058,0.518591,0.514499,0.634167,0.642788,0.529157,0.468533,0.421094,0.410623,0.459546,0.549396,0.537433,0.675569,0.704920,0.992488,0.465730,0.575365,0.367213,0.586347,0.668615,0.685345,0.271200,0.370970,0.551798,0.625097,0.638698,0.437464,0.178550,0.198744,0.582905,0.477361,0.384903,0.331999,0.673713,0.526302,0.799761,0.260588,0.831456,0.929631,0.421099,0.446778,0.649151,0.636032,0.299794,0.621905,0.433118,0.466505
1.328804,1.373535,0.937198,1.031010,0.347748,0.628642,1.103627,1.134995,0.621209,0.727979,1.042517,0.968657,0.863322,0.955324,0.533823,0.537955,0.551362,0.609147,0.000000,1.746567,0.100872,0.142480,0.706794,0.614823,0.459915,0.419807,0.169420,0.170465,0.373684,0.111338,0.538546,0.502810,1.074023,1.044663,0.334561,0.436417,0.504595,0.389588,0.306765,0.472607,0.590698,0.327556,1.078463,0.843844,1.005306,1.054911,1.056247,1.055021,0.936400,0.957714,0.880396,0.794195,0.816823,0.759289,1.035214,1.077098,1.084142,1.062759,0.743009,1.059652,0.771913,1.015929,1.061844,1.077203,0.419911,0.677059,1.050651,1.066403,1.388087,1.015935,0.631149,0.516795,0.669629,0.715821,0.480648,0.462442,0.848910,0.704519,0.665064,-0.095664,0.927086,0.896910,0.265520,0.211065,1.021844,1.115685,0.496400,0.579877,0.975373,1.049093
1.438339,1.670747,0.996341,1.228501,0.366307,0.717237,1.163350,1.405091,0.722456,0.885723,1.065283,1.045156,0.869090,1.092626,0.529572,0.623211,0.650072,0.676188,1.746567,0.000000,0.052885,0.087521,0.743411,0.658840,0.408187,0.386963,0.143240,0.151828,0.445642,0.174245,0.452129,0.476232,1.060866,1.078561,0.304320,0.478206,0.604366,0.383651,0.261108,0.472338,0.562814,0.288637,1.132801,0.875994,1.041199,1.100302,1.157804,1.099771,1.023712,1.024472,0.888490,0.855299,0.816958,0.820099,1.074691,1.156453,1.041576,1.173160,0.779812,1.212189,0.769262,1.268146,1.132734,1.311386,0.397695,0.789336,1.032998,1.117799,1.433222,1.158571,0.501679,0.450271,0.674831,0.786812,0.569655,0.547232,0.783960,0.663262,0.754862,-0.078767,1.001870,1.046361,0.350494,0.284397,1.138674,1.338306,0.585643,0.685303,0.974164,1.167136
0.099352,0.130187,-0.017078,0.028436,0.298439,0.110336,0.021506,0.080781,0.078768,0.184498,0.116058,0.133235,0.085696,0.162763,0.234688,0.284089,0.154426,0.050159,0.100872,0.052885,0.000000,0.939667,0.011969,0.088668,0.332092,0.354594,0.968354,0.947005,0.319146,0.361942,0.072818,0.012480,0.285069,0.240189,0.208496,0.312424,-0.056043,0.123785,0.231826,0.124540,0.043427,-0.449951,-0.104806,-0.058450,-0.099264,-0.067637,-0.079570,-0.115598,-0.155353,-0.139298,-0.085040,-0.112374,-0.008378,-0.184482,0.079642,0.012345,0.276586,0.233446,0.047585,0.169666,0.216065,0.134696,0.135997,0.182521,-0.129028,0.068592,0.109141,0.159950,0.102666,0.067178,0.216062,0.141887,0.253121,0.052431,0.203897,-0.004292,0.299862,0.434020,0.087552,-0.116923,0.026809,0.015723,-0.077408,-0.257035,-0.036280,0.020335,-0.265646,-0.164850,0.052289,0.074950
0.124925,0.128890,-0.059557,0.008764,0.168768,0.127814,-0.003394,0.091577,0.103210,0.330500,0.067010,0.126476,0.046470,0.215612,0.270132,0.402614,0.179240,0.181214,0.142480,0.087521,0.939667,0.000000,0.011164,0.073113,0.307824,0.378331,0.922407,1.132774,0.240633,0.368449,0.183584,0.024184,0.260954,0.257966,0.246433,0.337152,-0.094283,0.138065,0.260291,0.147827,0.025466,-0.431218,-0.052564,0.046134,-0.029498,-0.049099,-0.042044,-0.037602,-0.087637,-0.081209,-0.145245,-0.119928,-0.044045,-0.117151,0.071334,0.088238,0.308412,0.229384,0.102978,0.217391,0.143799,0.164228,0.067069,0.183020,-0.140022,0.091101,0.103287,0.182583,0.165008,0.080502,0.295771,0.177596,0.134044,0.109774,0.208862,0.033017,0.440863,0.470327,0.109002,-0.064331,0.118814,0.081669,0.022231,-0.166842,-0.027313,0.073746,-0.239283,-0.084987,0.016806,0.072615
0.597503,0.671510,1.337260,0.985208,0.369238,0.596554,1.051764,0.653879,0.492194,0.551616,0.540669,0.629087,0.577476,0.715946,0.433717,0.380147,0.138473,0.351457,0.706794,0.743411,0.011969,0.011164,0.000000,1.158201,0.788099,0.634910,0.131501,0.073881,0.307934,0.169708,0.426554,0.491045,0.740367,0.703948,0.571578,0.590810,0.298592,0.056510,0.198428,0.220289,0.443037,0.034945,0.494484,0.308061,0.570496,0.594971,0.463908,0.439546,0.556120,0.481451,0.608066,0.470561,0.294749,0.391734,0.477771,0.565491,0.357009,0.570761,0.267669,0.536652,0.424723,0.510498,0.466930,0.533720,0.647736,0.637136,0.732221,0.788673,0.691239,0.510299,0.111387,0.208681,0.286376,0.580406,0.252607,0.437063,0.465635,0.458891,0.398865,0.138467,0.427169,0.536661,0.208028,-0.006542,0.670439,0.764758,0.612398,0.633067,0.694139,0.673205
0.551573,0.627071,0.916579,0.983500,0.343065,0.711757,0.732388,0.641527,0.575822,0.564454,0.468552,0.554225,0.439497,0.707411,0.422155,0.435736,0.222896,0.343657,0.614823,0.658840,0.088668,0.073113,1.158201,0.000000,0.752758,0.604620,0.147625,0.145801,0.174629,0.165302,0.463551,0.489521,0.592521,0.576595,0.540044,0.568727,0.253757,0.170815,0.238916,0.314371,0.404658,0.101941,0.495003,0.312129,0.554358,0.608581,0.464072,0.451687,0.492198,0.437136,0.481375,0.377207,0.278111,0.301775,0.491163,0.533266,0.350121,0.524031,0.265874,0.504016,0.362540,0.510981,0.427380,0.485012,0.484142,0.600766,0.630707,0.639861,0.580236,0.539498,0.167718,0.201953,0.253135,0.512775,0.256072,0.426918,0.427416,0.427469,0.379451,0.223133,0.505799,0.521947,0.209974,0.079344,0.658310,0.739577,0.480061,0.571072,0.611314,0.628732
0.447113,0.496891,0.712598,0.476523,0.636295,0.354240,0.565852,0.338781,0.587193,0.424031,0.443491,0.424662,0.414172,0.483739,0.439142,0.336000,0.078476,0.304595,0.459915,0.408187,0.332092,0.307824,0.788099,0.752758,0.000000,0.978109,0.418950,0.420478,0.211555,0.136806,0.519167,0.522438,0.511367,0.493743,0.598274,0.585310,0.060815,0.095625,0.274624,0.256370,0.327518,-0.084890,0.261078,0.173487,0.369600,0.385486,0.209163,0.286604,0.284248,0.294431,0.419724,0.241226,0.171296,0.185029,0.285930,0.308295,0.371871,0.518039,0.273343,0.450367,0.416022,0.348895,0.367982,0.396153,0.406703,0.419113,0.568382,0.623946,0.516716,0.397492,0.191703,0.230453,0.231869,0.384224,0.120971,0.419857,0.459819,0.532881,0.287044,0.075829,0.280800,0.303483,0.029653,-0.160798,0.502772,0.449430,0.260383,0.437380,0.531170,0.463627
0.465538,0.411146,0.509086,0.428333,0.262257,0.326964,0.447352,0.326023,0.485599,0.507180,0.343788,0.230016,0.321519,0.487704,0.290919,0.230241,0.002730,0.286212,0.419807,0.386963,0.354594,0.378331,0.634910,0.604620,0.978109,0.000000,0.434157,0.440572,0.041341,-0.021015,0.744170,0.658085,0.511858,0.557489,0.439188,0.504741,0.066227,0.233378,0.350895,0.162919,0.371364,-0.070671,0.189987,0.186242,0.320433,0.340501,0.156321,0.238901,0.258107,0.249185,0.266883,0.182669,0.091991,0.127361,0.318435,0.381704,0.398871,0.488734,0.193770,0.348561,0.306624,0.292117,0.235118,0.339836,0.200357,0.264441,0.383299,0.449253,0.460640,0.388902,0.312080,0.354881,0.211919,0.348333,0.092994,0.402426,0.661616,0.714408,0.142691,-0.115594,0.209916,0.241664,-0.247500,-0.407855,0.384450,0.423090,0.093606,0.375596,0.364599,0.365672
0.246800,0.233383,0.128195,0.105205,0.473962,0.157124,0.175902,0.202671,0.308323,0.421242,0.225614,0.243662,0.179430,0.305436,0.404901,0.555874,0.228116,0.182307,0.169420,0.143240,0.968354,0.922407,0.131501,0.147625,0.418950,0.434157,0.000000,1.265505,0.405712,0.474313,0.011279,-0.016594,0.341033,0.318844,0.342350,0.478425,0.024491,0.249182,0.326676,0.301333,0.114968,-0.425942,-0.006326,0.072111,0.015442,0.012430,0.044440,0.012076,0.010808,-0.013191,-0.003890,-0.028070,0.095551,0.000068,0.165930,0.184071,0.447384,0.328055,0.287059,0.380284,0.416432,0.336306,0.250790,0.320627,0.048761,0.273363,0.269132,0.328066,0.222026,0.155599,0.254250,0.264715,0.270513,0.231932,0.323989,0.117069,0.392582,0.428111,0.199059,-0.142727,0.107178,0.158417,0.013623,-0.128274,0.048195,0.150016,-0.203683,-0.020131,0.184461,0.233772
0.231763,0.227930,0.059509,0.117906,0.343289,0.207005,0.093813,0.163647,0.237484,0.424572,0.178909,0.185527,0.100583,0.288282,0.458350,0.566845,0.279491,0.284514,0.170465,0.151828,0.947005,1.132774,0.073881,0.145801,0.420478,0.440572,1.265505,0.000000,0.344242,0.461229,0.117706,0.017273,0.364349,0.359884,0.291747,0.481960,-0.044947,0.253337,0.273602,0.273476,0.069404,-0.467198,0.045661,0.190659,0.073983,0.091822,0.063079,0.007219,0.061023,0.024570,-0.012565,-0.005230,0.056000,-0.019184,0.141334,0.141329,0.473404,0.362987,0.251600,0.322567,0.325611,0.287712,0.242651,0.280489,0.045261,0.246597,0.236899,0.320024,0.228350,0.141753,0.332458,0.241052,0.237185,0.200006,0.233400,0.072534,0.423734,0.485343,0.239941,-0.036793,0.185344,0.212185,0.043089,-0.151884,0.053509,0.157856,-0.331374,0.000296,0.106480,0.173490
0.379028,0.498329,0.365384,0.309135,0.273187,0.385349,0.422409,0.404235,0.286775,0.399055,0.440571,0.667676,0.429960,0.484558,0.716290,0.596225,0.721267,0.478729,0.373684,0.445642,0.319146,0.240633,0.307934,0.174629,0.211555,0.041341,0.405712,0.344242,0.000000,0.938876,-0.211868,-0.140136,0.417900,0.377536,0.295781,0.420131,0.498432,0.236868,0.259388,0.503288,0.307857,-0.052568,0.289391,0.237292,0.249877,0.233258,0.404791,0.270205,0.355180,0.278381,0.335165,0.278060,0.413644,0.405380,0.412951,0.410644,0.421192,0.496286,0.324923,0.450235,0.389290,0.510077,0.538075,0.518182,0.250957,0.316896,0.441290,0.441756,0.355148,0.227821,-0.005471,0.086315,0.563080,0.378830,0.437447,0.163900,0.245867,0.134991,0.811040,0.058442,0.489604,0.557987,0.598948,0.448232,0.334158,0.364795,0.358431,0.293049,0.363548,0.351244
0.168628,0.296826,0.127766,0.147061,0.334968,0.261606,0.191026,0.212494,0.189555,0.362071,0.229027,0.379627,0.147140,0.286118,0.623417,0.782016,0.522969,0.552948,0.111338,0.174245,0.361942,0.368449,0.169708,0.165302,0.136806,-0.021015,0.474313,0.461229,0.938876,0.000000,-0.298885,-0.199021,0.288069,0.242400,0.345957,0.443337,0.174811,0.121348,0.194647,0.383669,0.115978,-0.338584,0.079154,0.099693,0.057654,0.054565,0.172358,0.090595,0.126719,0.061052,0.035172,0.072201,0.124250,0.173019,0.146879,0.205389,0.268715,0.350264,0.173816,0.256922,0.272533,0.334563,0.324186,0.325707,0.196558,0.277960,0.230812,0.262812,0.179093,0.020864,-0.148757,-0.104283,0.328617,0.156143,0.318729,-0.010982,0.127430,0.084242,0.558040,0.416131,0.454170,0.502674,0.729228,0.536561,0.138108,0.151916,0.148071,0.180463,0.102993,0.131666
0.479846,0.407193,0.406370,0.410673,0.112883,0.154982,0.364533,0.289915,0.198608,0.276661,0.271555,0.090132,0.253514,0.264258,0.080804,0.076821,0.027015,0.314172,0.538546,0.452129,0.072818,0.183584,0.426554,0.463551,0.519167,0.744170,0.011279,0.117706,-0.211868,-0.298885,0.000000,1.080158,0.464528,0.535245,0.201962,0.232305,0.117261,0.261155,0.297397,0.090092,0.393880,0.250539,0.410260,0.327529,0.464288,0.401106,0.300812,0.424257,0.301498,0.291386,0.335961,0.247591,0.198247,0.195612,0.335693,0.360138,0.425057,0.449504,0.164732,0.281588,0.175270,0.212639,0.246508,0.258296,0.136167,0.126784,0.323520,0.361185,0.519311,0.491394,0.558682,0.436453,0.251027,0.223886,0.021078,0.329191,0.622927,0.667853,0.078258,-0.001438,0.273667,0.200937,-0.261384,-0.176397,0.408137,0.372133,0.053885,0.246058,0.281439,0.256134
0.528980,0.470437,0.431925,0.418187,0.269146,0.193544,0.434329,0.388516,0.300265,0.299177,0.320274,0.183364,0.215923,0.273632,0.151471,0.142497,0.023492,0.279403,0.502810,0.476232,0.012480,0.024184,0.491045,0.489521,0.522438,0.658085,-0.016594,0.017273,-0.140136,-0.199021,1.080158,0.000000,0.492963,0.550618,0.221857,0.276476,0.204513,0.180080,0.161718,0.116260,0.508434,0.345542,0.347590,0.249033,0.417918,0.357805,0.299898,0.441400,0.273578,0.270712,0.318445,0.163135,0.190773,0.227475,0.347233,0.405749,0.454206,0.483866,0.185702,0.356696,0.182028,0.269801,0.309502,0.285292,0.123407,0.177993,0.351693,0.411765,0.532084,0.445073,0.338112,0.362568,0.332792,0.363703,0.103863,0.476416,0.461149,0.548316,0.190936,-0.133976,0.398431,0.285861,-0.225049,-0.108450,0.570120,0.457525,0.157359,0.372278,0.328587,0.285848
0.959588,1.020351,0.759690,0.762360,0.353287,0.484999,0.874963,0.785128,0.533620,0.564084,0.838800,0.820283,0.667798,0.815452,0.465601,0.577794,0.497650,0.702206,1.074023,1.060866,0.285069,0.260954,0.740367,0.592521,0.511367,0.511858,0.341033,0.364349,0.417900,0.288069,0.464528,0.492963,0.000000,1.723815,0.571418,0.708412,0.379688,0.350099,0.353939,0.401557,0.565515,0.051150,0.703929,0.626993,0.685335,0.703251,0.725459,0.706067,0.613479,0.598681,0.687441,0.555586,0.647391,0.522181,0.792320,0.855773,0.962742,1.162668,0.538718,0.884662,0.656946,0.755951,0.855386,0.907571,0.406476,0.539234,1.008032,1.091211,1.117330,0.733396,0.435019,0.398736,0.683003,0.706430,0.470890,0.462977,0.935195,0.903117,0.626110,-0.015210,0.692740,0.742352,0.092567,0.012422,0.809822,0.851181,0.292539,0.510611,0.737304,0.766484
1.016398,1.078889,0.720133,0.775658,0.334592,0.493888,0.883010,0.853020,0.565521,0.633129,0.820886,0.758148,0.644822,0.776441,0.419839,0.549574,0.557780,0.811538,1.044663,1.078561,0.240189,0.257966,0.703948,0.576595,0.493743,0.557489,0.318844,0.359884,0.377536,0.242400,0.535245,0.550618,1.723815,0.000000,0.529678,0.724657,0.405457,0.441347,0.400382,0.454043,0.624887,0.114311,0.793861,0.687532,0.728786,0.731904,0.788161,0.822886,0.646798,0.607733,0.674886,0.562712,0.666944,0.601694,0.798690,0.954192,0.975399,1.251578,0.532987,0.852732,0.611113,0.794553,0.837994,0.901234,0.408086,0.551633,0.922178,1.056266,1.060656,0.768683,0.427426,0.389708,0.676898,0.698394,0.464246,0.535182,0.950086,0.972103,0.684322,-0.037472,0.749656,0.792690,0.072795,0.030412,0.823101,0.921144,0.276702,0.530735,0.712780,0.768752
0.335494,0.342207,0.520602,0.335151,0.332113,0.316574,0.372415,0.183674,0.292341,0.233718,0.267485,0.342938,0.230761,0.359785,0.297339,0.402190,0.264763,0.414288,0.334561,0.304320,0.208496,0.246433,0.571578,0.540044,0.598274,0.439188,0.342350,0.291747,0.295781,0.345957,0.201962,0.221857,0.571418,0.529678,0.000000,1.320943,0.264886,0.222975,0.243318,0.236268,0.175321,-0.191939,0.288123,0.195884,0.310836,0.268200,0.341830,0.298300,0.193340,0.146745,0.387286,0.102348,0.280878,0.205503,0.264782,0.330715,0.317263,0.435170,0.205743,0.350684,0.352784,0.264606,0.305139,0.281181,0.618294,0.396353,0.690633,0.704968,0.429109,0.222198,-0.052576,0.015453,0.232405,0.359514,0.270272,0.330175,0.421682,0.417086,0.437392,0.200649,0.276743,0.285522,0.174395,0.040549,0.363144,0.376883,0.211395,0.316753,0.324299,0.305924
0.491864,0.524724,0.534950,0.453567,0.362419,0.411853,0.424644,0.351285,0.412736,0.441322,0.366574,0.415094,0.264503,0.520100,0.372828,0.608569,0.461032,0.559322,0.436417,0.478206,0.312424,0.337152,0.590810,0.568727,0.585310,0.504741,0.478425,0.481960,0.420131,0.443337,0.232305,0.276476,0.708412,0.724657,1.320943,0.000000,0.362045,0.412543,0.331918,0.409017,0.277898,-0.162369,0.392011,0.371926,0.407504,0.391817,0.478793,0.399270,0.299126,0.243834,0.393755,0.204387,0.402067,0.347778,0.427639,0.536204,0.493871,0.647257,0.315349,0.503027,0.400806,0.423434,0.398707,0.439780,0.509617,0.507476,0.743697,0.880707,0.571439,0.352561,0.047773,0.110502,0.417703,0.537250,0.437309,0.453944,0.620079,0.602324,0.601130,0.143986,0.426472,0.477736,0.220071,0.062342,0.467727,0.549564,0.213271,0.482222,0.409767,0.446452
0.570910,0.542253,0.425198,0.513033,0.143458,0.416650,0.446873,0.566112,0.359002,0.403306,0.508046,0.549908,0.503663,0.501114,0.380504,0.353016,0.435696,0.379350,0.504595,0.604366,-0.056043,-0.094283,0.298592,0.253757,0.060815,0.066227,0.024491,-0.044947,0.498432,0.174811,0.117261,0.204513,0.379688,0.405457,0.264886,0.362045,0.000000,0.473393,0.039911,0.345156,0.249750,0.343620,0.561272,0.474243,0.471437,0.386452,0.718509,0.641717,0.446627,0.380643,0.442037,0.355531,0.520882,0.499882,0.556459,0.603359,0.454287,0.472313,0.366845,0.505728,0.352803,0.538142,0.557279,0.483323,0.245715,0.413296,0.440878,0.476781,0.457570,0.453459,0.202930,0.190531,0.501230,0.466973,0.388759,0.314862,0.400113,0.261768,0.542635,-0.122373,0.406204,0.436596,0.279036,0.325811,0.533883,0.647973,0.482534,0.418075,0.408057,0.461085
0.432651,0.406344,0.117911,0.186987,0.064576,0.137978,0.142122,0.277827,0.276966,0.322081,0.282977,0.237081,0.148450,0.351811,0.227660,0.439369,0.520654,0.498479,0.389588,0.383651,0.123785,0.138065,0.056510,0.170815,0.095625,0.233378,0.249182,0.253337,0.236868,0.121348,0.261155,0.180080,0.350099,0.441347,0.222975,0.412543,0.473393,0.000000,0.635148,0.816920,0.370632,0.246132,0.426767,0.501967,0.339764,0.337922,0.474961,0.465554,0.299427,0.279458,0.217143,0.213984,0.436468,0.390423,0.472399,0.606800,0.529816,0.518048,0.343887,0.359651,0.195230,0.362738,0.304806,0.362400,0.043060,0.157055,0.315896,0.333213,0.402865,0.412170,0.380008,0.408683,0.497828,0.350419,0.353734,0.313504,0.593521,0.440589,0.424405,-0.008371,0.373865,0.425971,0.063443,0.241014,0.388527,0.451411,0.065210,0.328183,0.318915,0.287473
0.368996,0.320454,0.200164,0.116806,0.139705,0.043429,0.232141,0.152953,0.249360,0.259565,0.272724,0.164091,0.186572,0.250028,0.226584,0.396928,0.437573,0.426757,0.306765,0.261108,0.231826,0.260291,0.198428,0.238916,0.274624,0.350895,0.326676,0.273602,0.259388,0.194647,0.297397,0.161718,0.353939,0.400382,0.243318,0.331918,0.039911,0.635148,0.000000,0.909718,0.621801,0.103271,0.267776,0.270343,0.209901,0.275967,0.280426,0.243877,0.224684,0.251826,0.265165,0.235042,0.226687,0.169865,0.410239,0.446225,0.461675,0.483897,0.325749,0.321876,0.262089,0.273641,0.276982,0.281504,0.126585,0.187314,0.319543,0.299372,0.354078,0.371718,0.222689,0.311811,0.419403,0.150566,0.277461,0.220777,0.535775,0.430212,0.415318,0.117360,0.406142,0.397127,0.142200,0.121985,0.393485,0.319847,0.094618,0.385989,0.434554,0.273451
0.538214,0.561797,0.298700,0.274481,0.295603,0.239591,0.348828,0.358043,0.452097,0.394066,0.440787,0.379940,0.299044,0.403774,0.499855,0.665489,0.736487,0.639135,0.472607,0.472338,0.124540,0.147827,0.220289,0.314371,0.256370,0.162919,0.301333,0.273476,0.503288,0.383669,0.090092,0.116260,0.401557,0.454043,0.236268,0.409017,0.345156,0.816920,0.909718,0.000000,0.510073,0.265588,0.501333,0.558404,0.436305,0.459141,0.589022,0.509015,0.473479,0.460988,0.433518,0.404310,0.537842,0.478043,0.602947,0.682836,0.640414,0.678676,0.550960,0.545969,0.356288,0.516280,0.545970,0.497984,0.213544,0.363364,0.507365,0.490825,0.508616,0.453463,0.207152,0.340533,0.598017,0.357385,0.406870,0.254608,0.477376,0.335241,0.820604,0.176966,0.656732,0.768139,0.402188,0.519649,0.556893,0.538087,0.227350,0.584631,0.560281,0.430288
0.530962,0.548357,0.405253,0.422057,0.138668,0.308598,0.518100,0.502804,0.389376,0.378564,0.459362,0.455091,0.384760,0.547113,0.392080,0.364349,0.417277,0.469696,0.590698,0.562814,0.043427,0.025466,0.443037,0.404658,0.327518,0.371364,0.114968,0.069404,0.307857,0.115978,0.393880,0.508434,0.565515,0.624887,0.175321,0.277898,0.249750,0.370632,0.621801,0.510073,0.000000,0.486817,0.418494,0.273961,0.395620,0.425723,0.400650,0.421793,0.397702,0.448613,0.449199,0.372140,0.364623,0.360259,0.573226,0.548773,0.523239,0.594060,0.312288,0.441659,0.319657,0.478782,0.483095,0.454956,0.258719,0.344711,0.479765,0.447025,0.531782,0.435980,0.263801,0.332347,0.599215,0.545854,0.328422,0.399471,0.536844,0.440527,0.495239,-0.095633,0.719773,0.577003,0.114378,0.108436,0.764608,0.592298,0.298853,0.557836,0.571780,0.448765
0.248905,0.217971,0.156226,0.169155,-0.148456,0.095853,0.200052,0.235734,0.099300,0.053191,0.223215,0.168733,0.155049,0.091248,-0.001822,-0.106328,0.122671,0.100888,0.327556,0.288637,-0.449951,-0.431218,0.034945,0.101941,-0.084890,-0.070671,-0.425942,-0.467198,-0.052568,-0.338584,0.250539,0.345542,0.051150,0.114311,-0.191939,-0.162369,0.343620,0.246132,0.103271,0.265588,0.486817,0.000000,0.340646,0.221329,0.328618,0.278926,0.349528,0.436673,0.258861,0.255623,0.269813,0.156258,0.308635,0.302282,0.263116,0.255038,0.155402,0.159195,0.156459,0.149053,0.022166,0.130935,0.206641,0.133755,0.042944,0.053928,0.135001,0.105860,0.188754,0.269396,0.200921,0.224933,0.238834,0.066365,0.093250,0.086376,0.084919,-0.001183,0.145496,-0.193472,0.322485,0.211282,-0.002744,0.349709,0.419503,0.282790,0.405835,0.302982,0.228668,0.186263
1.005358,1.053997,0.760541,0.892347,0.293041,0.496679,0.788539,0.913574,0.591273,0.611771,0.845104,0.680651,0.642984,0.678494,0.398308,0.440637,0.668954,0.623384,1.078463,1.132801,-0.104806,-0.052564,0.494484,0.495003,0.261078,0.189987,-0.006326,0.045661,0.289391,0.079154,0.410260,0.347590,0.703929,0.793861,0.288123,0.392011,0.561272,0.426767,0.267776,0.501333,0.418494,0.340646,0.000000,1.377697,1.274455,1.275174,1.591987,1.469274,1.082907,0.998092,0.945581,0.872366,0.897202,0.920807,0.935375,0.960247,0.778728,0.863818,0.679437,0.838029,0.591942,0.873607,0.821258,0.816207,0.496995,0.745928,0.866932,0.891467,0.881896,0.808723,0.387302,0.296738,0.468701,0.528381,0.363386,0.381834,0.547801,0.442332,0.756980,0.107020,0.920510,0.925909,0.384223,0.404645,0.849028,0.907738,0.460089,0.500368,0.749870,0.833998
0.827579,0.819152,0.479657,0.605036,0.267980,0.374928,0.512325,0.686267,0.497474,0.536105,0.680828,0.508702,0.487973,0.547128,0.373979,0.470115,0.652018,0.639058,0.843844,0.875994,-0.058450,0.046134,0.308061,0.312129,0.173487,0.186242,0.072111,0.190659,0.237292,0.099693,0.327529,0.249033,0.626993,0.687532,0.195884,0.371926,0.474243,0.501967,0.270343,0.558404,0.273961,0.221329,1.377697,0.000000,1.078449,1.102520,1.218603,1.177051,0.927685,0.896012,0.687159,0.785972,0.812506,0.823557,0.821858,0.905615,0.761174,0.745094,0.661988,0.712370,0.480165,0.694079,0.680561,0.684043,0.332313,0.582007,0.652501,0.740206,0.743238,0.635525,0.380777,0.286181,0.486280,0.492332,0.317854,0.270893,0.559827,0.431569,0.702802,0.098329,0.764956,0.845784,0.290010,0.301019,0.618535,0.760427,0.232652,0.438123,0.595841,0.661204
1.038574,1.017331,0.840223,0.891029,0.326133,0.495137,0.826631,0.848653,0.545252,0.588939,0.800790,0.633755,0.645668,0.684399,0.382598,0.407099,0.518014,0.518591,1.005306,1.041199,-0.099264,-0.029498,0.570496,0.554358,0.369600,0.320433,0.015442,0.073983,0.249877,0.057654,0.464288,0.417918,0.685335,0.728786,0.310836,0.407504,0.471437,0.339764,0.209901,0.436305,0.395620,0.328618,1.274455,1.078449,0.000000,1.734060,1.138515,1.174033,1.379773,1.229627,1.124943,0.960869,0.866494,0.803381,0.925400,0.905311,0.810456,0.784877,0.812133,0.984406,0.671474,0.871679,0.885155,0.849073,0.537329,0.801415,0.981796,1.036971,0.891551,0.870040,0.454299,0.356222,0.398853,0.533636,0.269337,0.265248,0.549949,0.449075,0.644207,0.087763,0.790580,0.815346,0.300817,0.290351,0.875239,0.870070,0.428022,0.515572,0.811357,0.807373
1.091022,1.093940,0.860999,0.989084,0.345156,0.561009,0.888952,0.923963,0.638815,0.604884,0.847650,0.686737,0.695518,0.766278,0.408564,0.412492,0.504849,0.514499,1.054911,1.100302,-0.067637,-0.049099,0.594971,0.608581,0.385486,0.340501,0.012430,0.091822,0.233258,0.054565,0.401106,0.357805,0.703251,0.731904,0.268200,0.391817,0.386452,0.337922,0.275967,0.459141,0.425723,0.278926,1.275174,1.102520,1.734060,0.000000,1.101037,1.094663,1.409499,1.510327,1.144069,1.162086,0.794805,0.795098,0.961512,0.981124,0.802528,0.835658,0.862945,0.997494,0.758821,0.932549,0.884962,0.903174,0.557367,0.890701,0.998376,1.045233,0.914110,0.939663,0.463787,0.390770,0.384217,0.538442,0.263796,0.297316,0.558334,0.469347,0.636333,0.091759,0.864236,0.895282,0.323938,0.245462,0.956162,0.977536,0.466899,0.586612,0.913610,0.969797
1.016645,1.077722,0.716305,0.877871,0.318475,0.604078,0.760412,0.939205,0.608830,0.632230,0.820368,0.731159,0.664071,0.726051,0.444741,0.552054,0.748907,0.634167,1.056247,1.157804,-0.079570,-0.042044,0.463908,0.464072,0.209163,0.156321,0.044440,0.063079,0.404791,0.172358,0.300812,0.299898,0.725459,0.788161,0.341830,0.478793,0.718509,0.474961,0.280426,0.589022,0.400650,0.349528,1.591987,1.218603,1.138515,1.101037,0.000000,1.570720,1.031618,0.922127,0.927768,0.836258,1.117845,1.016903,1.133193,1.097098,0.872157,0.918845,0.719501,0.899545,0.620728,0.976596,0.937277,0.883725,0.450794,0.714336,0.898887,0.929398,0.876133,0.848982,0.394668,0.343575,0.543191,0.547683,0.502558,0.386514,0.568354,0.439260,0.865818,0.077489,0.946203,0.955483,0.478254,0.483927,0.825691,0.934327,0.441758,0.518604,0.765921,0.841052
0.997933,1.070554,0.662224,0.788899,0.357171,0.469289,0.757499,0.946198,0.625386,0.586783,0.831900,0.692718,0.662900,0.676719,0.390455,0.492618,0.647459,0.642788,1.055021,1.099771,-0.115598,-0.037602,0.439546,0.451687,0.286604,0.238901,0.012076,0.007219,0.270205,0.090595,0.424257,0.441400,0.706067,0.822886,0.298300,0.399270,0.641717,0.465554,0.243877,0.509015,0.421793,0.436673,1.469274,1.177051,1.174033,1.094663,1.570720,0.000000,0.917097,0.960755,0.852746,0.783295,0.983126,0.994355,0.962275,1.101990,0.843870,0.930478,0.676580,0.860818,0.588893,0.880387,0.874483,0.886400,0.393269,0.629435,0.799224,0.878237,0.896350,0.831665,0.408017,0.344736,0.509619,0.538159,0.427062,0.435907,0.593935,0.471130,0.724347,0.034899,0.896152,0.830609,0.312002,0.415400,0.853610,0.905073,0.460945,0.479419,0.709372,0.800177
1.068510,1.032738,0.897656,0.881829,0.312056,0.503450,0.917952,0.875229,0.578886,0.636386,0.882021,0.703511,0.796118,0.761841,0.482438,0.429624,0.510495,0.529157,0.936400,1.023712,-0.155353,-0.087637,0.556120,0.492198,0.284248,0.258107,0.010808,0.061023,0.355180,0.126719,0.301498,0.273578,0.613479,0.646798,0.193340,0.299126,0.446627,0.299427,0.224684,0.473479,0.397702,0.258861,1.082907,0.927685,1.379773,1.409499,1.031618,0.917097,0.000000,1.427899,1.261291,1.118333,0.798079,0.834466,1.055246,0.984027,0.790550,0.734821,1.002987,0.974719,0.774932,0.902698,0.889281,0.877340,0.534498,0.817315,0.928447,0.860607,0.829970,0.831136,0.463263,0.445144,0.390090,0.560336,0.258355,0.231080,0.470135,0.349981,0.654952,0.080655,0.801509,0.950469,0.402527,0.324944,0.871133,0.930692,0.527344,0.633632,0.912395,0.937754
