0.000000,1.261453,0.663024,0.746684,0.654313,0.346879,0.887791,1.034053,0.645982,0.531647,0.975704,1.021762,0.896409,1.034385,0.792663,0.908618,0.979184,0.822744,1.108724,1.092564,0.360727,0.195190,0.588398,0.612359,0.604579,0.570997,0.505976,0.470255,0.813359,0.842188,0.473896,0.653797,0.821973,0.924543,0.448050,0.381946,0.556746,1.016639,0.486131,0.561318,0.608919,0.804591,0.827392,0.854018,0.692750,0.877787,0.937256,0.863693,0.894347,0.904646,1.165119,0.881657,0.832497,0.802085,1.140930,0.953235,1.525482,1.012456,1.231795,0.922430,1.242710,1.164996,0.988501,0.956797,0.728347,0.939433,0.970733,0.854097,0.573220,0.633390,0.069337,0.341314,0.707488,0.707656,0.794728,0.862115,0.451759,0.376893,0.562268,0.859560,0.748724,0.959387,0.691500,0.978651,1.135459,1.000058,0.524259,0.802753,0.970938,0.813580
1.261453,0.000000,0.685894,0.838481,0.284105,0.273308,0.649738,0.927139,0.336202,0.346424,0.721999,1.151350,0.762218,1.130007,0.710367,0.962352,0.727075,1.036312,1.090519,1.325891,0.298223,0.291743,0.629645,0.683617,0.477838,0.598895,0.417903,0.365171,0.786763,0.997963,0.646284,0.812552,0.925090,1.097041,0.509246,0.504662,0.417410,0.728585,0.356335,0.567972,0.529225,0.875473,0.674201,0.802121,0.902321,1.053406,0.780544,0.700170,0.868364,0.860677,0.990624,0.789160,0.683517,0.629984,0.941405,0.838446,1.318073,1.504983,1.147107,1.119966,1.125174,1.240636,0.806521,1.451023,0.627501,0.934642,0.847901,0.873658,0.656163,0.688716,0.145838,0.443168,0.770582,0.834223,0.625015,0.743289,0.168171,0.234073,0.696396,0.877391,0.685606,0.911712,0.624097,0.895201,0.930735,1.129093,0.426000,0.777421,0.712103,0.757671
0.663024,0.685894,0.000000,1.344991,0.589557,0.498211,1.109725,1.064271,0.236956,0.349090,0.670106,0.788764,0.798144,0.756931,0.730955,0.743077,0.403895,0.431862,0.795020,0.841631,0.437229,0.387869,1.446710,1.236571,0.718337,0.832950,0.531006,0.485724,0.521697,0.640699,0.874345,1.051408,0.752798,0.812423,0.496079,0.432922,0.579344,0.501684,0.356356,0.357639,0.512456,0.558710,0.572132,0.579878,0.521534,0.521237,0.505718,0.406466,0.412731,0.429733,0.568027,0.516155,0.473640,0.375294,0.564904,0.395785,0.481602,0.484051,0.452107,0.479641,0.564793,0.475216,0.488705,0.517604,0.594958,0.584703,0.646989,0.619228,0.424739,0.435070,0.280707,0.495083,0.649491,0.591563,0.716191,0.626949,0.275770,0.304480,0.340958,0.504172,0.503661,0.647408,0.598098,0.624883,0.757969,0.679310,0.432616,0.386863,0.529674,0.570844
0.746684,0.838481,1.344991,0.000000,0.514833,0.692560,0.992228,1.410015,0.290768,0.525681,0.632023,0.908174,0.661982,0.873214,0.665826,0.878193,0.350523,0.445999,0.776144,0.884656,0.395402,0.451693,1.229468,1.621786,0.742787,0.987760,0.534704,0.466496,0.426407,0.581005,0.729851,1.094802,0.669683,0.836123,0.588619,0.605437,0.617194,0.531789,0.356315,0.399948,0.414953,0.647287,0.539208,0.560570,0.512420,0.566725,0.501491,0.435260,0.425356,0.478104,0.596608,0.579037,0.447084,0.382541,0.574166,0.417873,0.610060,0.639006,0.577668,0.586979,0.656393,0.647661,0.456928,0.618277,0.602983,0.725322,0.707248,0.776689,0.399196,0.442796,0.375917,0.568957,0.622731,0.640597,0.653350,0.648523,0.261492,0.396843,0.373858,0.471875,0.375356,0.536368,0.436129,0.583367,0.702163,0.761257,0.330381,0.391989,0.503572,0.524945
0.654313,0.284105,0.589557,0.514833,0.000000,0.632831,0.848914,0.717025,0.998783,0.785897,0.770933,0.479277,0.606375,0.509342,0.689883,0.605519,0.458215,0.237551,0.530250,0.406795,0.410522,0.260088,0.586549,0.503434,0.779831,0.537997,0.619164,0.701700,0.333088,0.341951,0.381710,0.400621,0.465293,0.415192,0.282442,0.238419,0.657342,0.607931,0.474782,0.339280,0.417513,0.447779,0.543983,0.480752,0.162630,0.274335,0.561906,0.466274,0.335655,0.288900,0.459653,0.321820,0.447363,0.437101,0.537858,0.404025,0.416707,0.219055,0.503392,0.316309,0.489451,0.383483,0.484373,0.197547,0.568187,0.543658,0.577065,0.442997,0.153185,0.191386,0.073380,0.193649,0.371250,0.322816,0.710922,0.662769,0.602931,0.437791,0.163717,0.340772,0.402220,0.540180,0.539361,0.575584,0.664326,0.435360,0.448212,0.369809,0.712944,0.555092
0.346879,0.273308,0.498211,0.692560,0.632831,0.000000,0.539532,0.693358,0.409017,1.041693,0.437343,0.515732,0.357551,0.496395,0.371673,0.605271,0.204691,0.240558,0.325563,0.235362,0.341147,0.249035,0.502264,0.651560,0.616134,0.693851,0.663067,0.665404,0.193674,0.311148,0.466445,0.446897,0.344639,0.369482,0.273881,0.276640,0.441676,0.250754,0.274650,0.291777,0.072085,0.294985,0.334065,0.371283,0.189172,0.281094,0.406746,0.370981,0.244778,0.261860,0.295151,0.241800,0.236642,0.273528,0.337206,0.205207,0.300007,0.258412,0.451886,0.274751,0.429299,0.359876,0.377969,0.262552,0.440830,0.520803,0.368994,0.388826,0.000411,0.023302,0.180982,0.177854,0.143413,0.203189,0.298725,0.310024,0.187047,0.200370,0.203317,0.258181,0.267322,0.360237,0.329502,0.405846,0.422640,0.390649,0.261461,0.267866,0.391585,0.332844
0.887791,0.649738,1.109725,0.992228,0.848914,0.539532,0.000000,1.134587,0.437092,0.581053,1.011869,0.886737,1.053617,0.919398,0.644385,0.669119,0.619343,0.428290,0.766504,0.695316,0.355293,0.311616,0.858050,0.890157,0.542022,0.556394,0.465575,0.441351,0.636149,0.652099,0.630336,0.738276,0.596286,0.673656,0.260623,0.244127,0.794228,0.680379,0.379442,0.308586,0.640354,0.631807,0.529668,0.518255,0.360564,0.382471,0.514356,0.405038,0.430418,0.448379,0.584152,0.477101,0.406837,0.350826,0.560766,0.390498,0.567565,0.429383,0.575417,0.463062,0.858548,0.719477,0.752070,0.560097,0.562152,0.543016,0.647703,0.498167,0.293682,0.331937,0.284796,0.449043,0.625493,0.597839,0.746726,0.791923,0.416529,0.427096,0.293032,0.474142,0.517900,0.675789,0.505894,0.610376,0.850452,0.565061,0.350207,0.371109,0.686780,0.557179
1.034053,0.927139,1.064271,1.410015,0.717025,0.693358,1.134587,0.000000,0.511406,0.653491,0.789703,1.138030,0.740935,1.098654,0.836806,0.996963,0.588533,0.596635,0.867509,0.955344,0.478709,0.452639,0.998475,1.268251,0.796140,1.066202,0.664725,0.599986,0.573991,0.735842,0.750107,1.096594,0.869117,1.029130,0.647078,0.654861,0.692292,0.809602,0.496065,0.563520,0.583441,0.802755,0.719720,0.740734,0.594010,0.716790,0.718412,0.656629,0.520234,0.576865,0.817674,0.703352,0.632839,0.557925,0.805116,0.599761,0.846150,0.741624,0.759568,0.682339,0.853597,0.842269,0.687034,0.686524,0.748086,1.023370,0.948425,1.004841,0.424709,0.474806,0.258737,0.525779,0.703907,0.744616,0.783895,0.854038,0.445785,0.465754,0.441631,0.686042,0.605834,0.794866,0.646368,0.817413,0.991432,0.970621,0.491888,0.591468,0.733160,0.703884
0.645982,0.336202,0.236956,0.290768,0.998783,0.409017,0.437092,0.511406,0.000000,0.804576,0.733049,0.405779,0.496774,0.426877,0.731641,0.532133,0.478539,0.306775,0.446130,0.350800,0.234935,0.042522,0.340499,0.261181,0.537636,0.328008,0.312352,0.283640,0.362086,0.295238,0.248997,0.300016,0.374104,0.384365,0.283639,0.235761,0.348691,0.551244,0.359528,0.360246,0.270516,0.335327,0.550611,0.516658,0.255165,0.363098,0.619205,0.576971,0.413256,0.405211,0.499576,0.306237,0.425849,0.475773,0.520062,0.518469,0.521559,0.320989,0.585473,0.400606,0.493458,0.493723,0.408719,0.256668,0.602782,0.560863,0.504438,0.435593,0.209344,0.238343,0.024401,0.144056,0.279340,0.228378,0.511859,0.460674,0.465306,0.343690,0.223178,0.353276,0.328425,0.430025,0.434305,0.513175,0.544659,0.439464,0.406055,0.477696,0.533963,0.444645
0.531647,0.346424,0.349090,0.525681,0.785897,1.041693,0.581053,0.653491,0.804576,0.000000,0.654408,0.544848,0.456609,0.547321,0.396041,0.637462,0.375350,0.325393,0.394651,0.244297,0.246822,0.069955,0.422703,0.514530,0.616006,0.506990,0.537800,0.535428,0.261195,0.341978,0.357670,0.387133,0.352895,0.377800,0.273627,0.284928,0.342293,0.456607,0.315896,0.312293,0.181161,0.301653,0.400278,0.389160,0.216253,0.282401,0.535166,0.431044,0.379032,0.381480,0.423988,0.283878,0.299448,0.325409,0.452886,0.304417,0.440580,0.306123,0.597530,0.344556,0.661446,0.568258,0.482216,0.352431,0.665275,0.643008,0.381954,0.375806,-0.057272,-0.011790,0.048352,0.091360,0.160677,0.223058,0.319207,0.403055,0.218433,0.228387,0.202252,0.352170,0.303456,0.399778,0.340142,0.449149,0.535792,0.420862,0.369332,0.320759,0.523181,0.475716
0.975704,0.721999,0.670106,0.632023,0.770933,0.437343,1.011869,0.789703,0.733049,0.654408,0.000000,1.031727,1.256858,0.997768,0.873673,0.845856,0.833780,0.675446,0.881640,0.653562,0.137452,0.110306,0.766995,0.610963,0.612849,0.454180,0.490185,0.372340,0.843656,0.804475,0.759148,0.729893,0.713594,0.777833,0.362212,0.240501,0.473339,0.734278,0.349661,0.449859,0.603121,0.607392,0.674107,0.637294,0.517842,0.505842,0.669438,0.570525,0.494432,0.505301,0.673745,0.447539,0.335918,0.312213,0.601502,0.464303,0.687603,0.530824,0.729717,0.504775,1.076462,0.845768,0.986407,0.673290,0.939690,0.615530,0.676666,0.524103,0.241174,0.262626,0.141133,0.356431,0.590008,0.519846,0.736530,0.689054,0.373145,0.316909,0.501762,0.684191,0.724605,0.826908,0.679046,0.770049,0.832343,0.588052,0.528019,0.531461,0.617834,0.445741
1.021762,1.151350,0.788764,0.908174,0.479277,0.515732,0.886737,1.138030,0.405779,0.544848,1.031727,0.000000,0.964582,1.425633,0.829176,1.149624,0.877554,1.068963,0.980233,0.977166,0.290294,0.330343,0.770103,0.820853,0.580994,0.688921,0.598685,0.509720,0.937724,1.204353,0.999550,1.090574,1.033694,1.179241,0.519337,0.453247,0.514046,0.820317,0.415500,0.635881,0.720928,0.906500,0.752599,0.835898,0.859874,0.860953,0.801879,0.719029,0.620739,0.702856,0.899018,0.719064,0.551273,0.493804,0.851620,0.623382,0.937937,0.877283,0.848978,0.724965,1.159960,1.112790,1.034990,1.038763,0.910706,0.955192,0.852251,0.824787,0.405846,0.412715,0.093627,0.405508,0.770942,0.837150,0.678011,0.780295,0.232628,0.200824,0.645479,1.061298,1.003805,1.129547,0.871226,1.086668,1.190527,1.092297,0.638834,0.752376,0.702957,0.707414
0.896409,0.762218,0.798144,0.661982,0.606375,0.357551,1.053617,0.740935,0.496774,0.456609,1.256858,0.964582,0.000000,1.027415,0.905881,0.770976,0.814794,0.756224,0.665847,0.648990,0.283043,0.169808,0.719022,0.607250,0.382120,0.368033,0.417558,0.242413,0.933799,0.821054,0.716852,0.717048,0.631155,0.647131,0.287739,0.165339,0.465374,0.615469,0.354713,0.432934,0.616158,0.660167,0.633291,0.693498,0.579487,0.622919,0.680673,0.644792,0.640721,0.694806,0.809566,0.556779,0.514957,0.485632,0.653802,0.549468,0.712569,0.602109,0.612411,0.546885,0.966349,0.807482,0.773979,0.751129,0.684094,0.606610,0.622241,0.506331,0.315266,0.346256,0.142518,0.353134,0.660038,0.571887,0.681178,0.643467,0.360122,0.242075,0.514170,0.714013,0.779955,0.901062,0.733279,0.855429,1.077360,0.728337,0.414548,0.583687,0.676564,0.556248
1.034385,1.130007,0.756931,0.873214,0.509342,0.496395,0.919398,1.098654,0.426877,0.547321,0.997768,1.425633,1.027415,0.000000,0.842354,1.150169,0.688545,0.906659,0.900549,0.949677,0.248698,0.290045,0.763212,0.869198,0.545187,0.673074,0.580097,0.423325,0.814363,0.943895,0.810657,0.899827,0.906199,0.937846,0.444018,0.390142,0.519871,0.684936,0.330655,0.526171,0.495344,0.739212,0.695160,0.789587,0.698621,0.767398,0.743457,0.654396,0.626099,0.655310,0.884119,0.687575,0.560777,0.496289,0.768404,0.568331,0.946967,0.885234,0.847353,0.761362,1.140713,1.118328,0.858767,1.017488,0.755620,0.929720,0.820579,0.767517,0.406639,0.451518,0.173413,0.397015,0.624501,0.687107,0.607099,0.709835,0.209703,0.240867,0.671100,0.846133,0.798703,0.936412,0.710737,0.961410,1.073308,1.004937,0.477235,0.707726,0.757587,0.680429
0.792663,0.710367,0.730955,0.665826,0.689883,0.371673,0.644385,0.836806,0.731641,0.396041,0.873673,0.829176,0.905881,0.842354,0.000000,1.039599,0.525669,0.679357,0.722935,0.777407,0.425810,0.310734,0.799699,0.648732,0.706986,0.704050,0.514870,0.317849,0.728859,0.789131,0.841117,0.865873,0.811250,0.807606,0.506095,0.451609,0.523003,0.708419,0.438487,0.626201,0.454329,0.663736,0.822470,0.876742,0.578292,0.761813,0.825778,0.773578,0.548873,0.527196,0.741744,0.543354,0.640610,0.573319,0.760605,0.676580,0.682925,0.645859,0.550633,0.540976,0.615836,0.610345,0.513526,0.529471,0.748100,0.810231,0.762718,0.785492,0.438994,0.459469,0.136132,0.404335,0.627091,0.561644,0.827573,0.692844,0.480648,0.392768,0.547185,0.733921,0.729925,0.845400,0.924074,0.992362,0.913922,0.816844,0.572967,0.737594,0.558448,0.566924
0.908618,0.962352,0.743077,0.878193,0.605519,0.605271,0.669119,0.996963,0.532133,0.637462,0.845856,1.149624,0.770976,1.150169,1.039599,0.000000,0.497626,0.834669,0.844250,0.864980,0.404042,0.344797,0.865618,0.866306,0.903355,0.964124,0.811486,0.631251,0.612470,0.884864,0.879810,0.927279,0.914460,0.948176,0.594882,0.593284,0.566203,0.789924,0.581187,0.821382,0.454865,0.745671,0.769289,0.827701,0.676599,0.806845,0.851952,0.757738,0.616488,0.564471,0.810232,0.619684,0.657718,0.580591,0.976875,0.740759,0.848489,0.860597,0.844296,0.714949,0.905073,0.896351,0.634664,0.730165,0.896399,1.167490,0.821593,0.899475,0.367197,0.403827,0.095998,0.323837,0.511228,0.574118,0.603531,0.689171,0.277683,0.304489,0.523942,0.811391,0.725031,0.886436,0.910563,1.181078,0.995426,1.075564,0.745533,0.888341,0.878516,0.753221
0.979184,0.727075,0.403895,0.350523,0.458215,0.204691,0.619343,0.588533,0.478539,0.375350,0.833780,0.877554,0.814794,0.688545,0.525669,0.497626,0.000000,0.978294,0.727541,0.674926,0.163404,0.135076,0.317923,0.252112,0.281430,0.245858,0.331552,0.378951,1.202865,0.975998,0.502818,0.549219,0.772887,0.794386,0.270581,0.130202,0.358427,0.755511,0.323925,0.419437,0.801392,0.633187,0.689769,0.707780,0.776102,0.762575,0.788590,0.781554,0.675795,0.773993,0.880630,0.650344,0.518183,0.566587,0.670386,0.635891,0.991035,0.668915,0.745928,0.624151,0.884484,0.795839,1.221567,0.819181,0.667298,0.549878,0.668878,0.534487,0.417377,0.398033,-0.086089,0.225092,0.691411,0.690007,0.574564,0.618891,0.316286,0.093028,0.599166,1.062022,1.125960,1.147468,0.756355,0.852154,1.048689,0.754159,0.526643,0.643940,0.584700,0.584109
0.822744,1.036312,0.431862,0.445999,0.237551,0.240558,0.428290,0.596635,0.306775,0.325393,0.675446,1.068963,0.756224,0.906659,0.679357,0.834669,0.978294,0.000000,0.774384,0.797869,0.187889,0.245205,0.422938,0.379340,0.338404,0.403264,0.445489,0.338939,1.140246,1.311764,0.784314,0.727626,1.037414,0.981022,0.448397,0.311171,0.295861,0.674210,0.390851,0.746795,0.582788,0.732642,0.742149,0.857173,1.034256,1.073516,0.897951,0.860316,0.728813,0.747041,0.913128,0.619155,0.606682,0.573255,0.767991,0.681718,1.108050,1.148714,0.812734,0.817300,0.921544,0.919824,0.939776,1.150567,0.780955,0.802010,0.755032,0.724713,0.453560,0.437263,-0.075050,0.241386,0.622409,0.703556,0.487043,0.569609,0.143133,0.062514,0.824141,1.326282,1.279752,1.302281,0.975322,1.179810,1.031107,0.958191,0.601270,0.832616,0.597060,0.580418
1.108724,1.090519,0.795020,0.776144,0.530250,0.325563,0.766504,0.867509,0.446130,0.394651,0.881640,0.980233,0.665847,0.900549,0.722935,0.844250,0.727541,0.774384,0.000000,1.415644,0.148744,0.255129,0.728186,0.635098,0.616701,0.564093,0.434955,0.497387,0.886611,1.017840,0.768614,0.781059,1.158654,1.270400,0.429568,0.350347,0.466544,0.739461,0.254812,0.429470,0.514255,0.707189,0.829190,0.812207,0.734534,0.745110,0.735713,0.641749,0.579075,0.577179,0.682389,0.553621,0.447797,0.431761,0.701998,0.577150,0.926791,0.835397,0.896368,0.783093,0.945951,0.827490,0.912896,0.822380,0.761305,0.676398,0.917397,0.740296,0.696946,0.644839,0.044090,0.336287,0.734971,0.750921,0.824724,0.820836,0.228427,0.271924,0.648199,0.872747,0.755301,0.854622,0.682998,0.804940,0.767712,0.705865,0.482787,0.539038,0.548982,0.477705
1.092564,1.325891,0.841631,0.884656,0.406795,0.235362,0.695316,0.955344,0.350800,0.244297,0.653562,0.977166,0.648990,0.949677,0.777407,0.864980,0.674926,0.797869,1.415644,0.000000,0.294029,0.421656,0.723438,0.719261,0.554516,0.624799,0.446541,0.454447,0.776756,0.917560,0.692266,0.888525,1.142212,1.308634,0.529773,0.513096,0.523326,0.745213,0.331716,0.481453,0.538682,0.797264,0.763829,0.859323,0.806745,0.928781,0.761033,0.697678,0.626147,0.649257,0.808162,0.653506,0.591700,0.582348,0.776084,0.699517,1.046985,1.084016,0.857274,0.948088,0.782748,0.855654,0.722971,0.919461,0.604195,0.766087,1.084265,0.931353,1.047474,1.018119,0.137064,0.480318,0.890623,0.922778,0.826660,0.855245,0.291902,0.312619,0.696141,0.878284,0.681847,0.873264,0.633989,0.839565,0.856410,1.001980,0.414799,0.682481,0.599842,0.638946
0.360727,0.298223,0.437229,0.395402,0.410522,0.341147,0.355293,0.478709,0.234935,0.246822,0.137452,0.290294,0.283043,0.248698,0.425810,0.404042,0.163404,0.187889,0.148744,0.294029,0.000000,0.456218,0.348513,0.442892,0.511719,0.555338,0.458146,0.399301,0.159956,0.240483,0.181005,0.319617,0.211498,0.279111,0.354263,0.397190,0.571646,0.462959,0.640188,0.480278,0.372408,0.415117,0.316376,0.361473,0.176877,0.360772,0.439071,0.444328,0.395305,0.353567,0.461971,0.389600,0.599832,0.607182,0.608931,0.591314,0.279414,0.265984,0.229773,0.243848,0.173353,0.237048,0.084543,0.141777,0.189405,0.544167,0.342425,0.444827,0.198096,0.243199,0.381178,0.442774,0.439031,0.359493,0.514468,0.420910,0.626512,0.495205,0.044454,0.223002,0.185763,0.326064,0.299215,0.368098,0.466097,0.464014,0.391868,0.458878,0.535262,0.576045
0.195190,0.291743,0.387869,0.451693,0.260088,0.249035,0.311616,0.452639,0.042522,0.069955,0.110306,0.330343,0.169808,0.290045,0.310734,0.344797,0.135076,0.245205,0.255129,0.421656,0.456218,0.000000,0.379156,0.454244,0.270800,0.526518,0.420321,0.452191,0.236978,0.295802,0.350205,0.486007,0.312800,0.374258,0.304293,0.455164,0.576811,0.424761,0.462539,0.440892,0.380076,0.518681,0.160857,0.242762,0.145813,0.260176,0.224735,0.256416,0.037006,0.021355,0.137058,0.074899,0.138951,0.197073,0.251350,0.188718,0.210525,0.316216,0.111209,0.181118,0.018611,0.100037,0.033478,0.103374,0.037579,0.234186,0.396694,0.425904,0.326905,0.315924,0.397429,0.616331,0.591772,0.715283,0.523378,0.629503,0.380412,0.403338,0.102615,0.199276,0.186760,0.320202,0.258035,0.336604,0.288673,0.392298,0.168610,0.295890,0.185321,0.231469
0.588398,0.629645,1.446710,1.229468,0.586549,0.502264,0.858050,0.998475,0.340499,0.422703,0.766995,0.770103,0.719022,0.763212,0.799699,0.865618,0.317923,0.422938,0.728186,0.723438,0.348513,0.379156,0.000000,1.484102,0.910108,1.015390,0.635028,0.499915,0.420521,0.548152,0.949216,1.257376,0.767458,0.837907,0.790569,0.665307,0.478207,0.493457,0.410802,0.428148,0.469809,0.506150,0.624018,0.557501,0.540440,0.513246,0.502147,0.424003,0.312946,0.326868,0.542712,0.443668,0.365930,0.266001,0.509237,0.335384,0.461341,0.486617,0.405795,0.400679,0.549272,0.438407,0.392705,0.435551,0.817958,0.670509,0.682272,0.723355,0.335528,0.366491,0.387894,0.602536,0.559620,0.497914,0.690139,0.551251,0.349665,0.417420,0.354006,0.486584,0.421674,0.560338,0.542558,0.565856,0.648674,0.652962,0.472010,0.376028,0.473582,0.444011
0.612359,0.683617,1.236571,1.621786,0.503434,0.651560,0.890157,1.268251,0.261181,0.514530,0.610963,0.820853,0.607250,0.869198,0.648732,0.866306,0.252112,0.379340,0.635098,0.719261,0.442892,0.454244,1.484102,0.000000,0.832366,1.170738,0.648607,0.484030,0.331931,0.467880,0.751578,1.169107,0.637076,0.755631,0.710119,0.696581,0.570155,0.511232,0.414374,0.424827,0.397160,0.556905,0.523376,0.509961,0.467166,0.496664,0.472317,0.407532,0.335123,0.377457,0.564956,0.509320,0.398346,0.327176,0.530184,0.342810,0.496363,0.523991,0.427477,0.410097,0.556574,0.515006,0.351421,0.473448,0.620388,0.730793,0.627853,0.730873,0.284289,0.352774,0.454936,0.645096,0.555517,0.558428,0.627095,0.564911,0.325788,0.471890,0.310973,0.405725,0.323032,0.474240,0.391018,0.499060,0.618069,0.696174,0.376893,0.361880,0.485825,0.480222
0.604579,0.477838,0.718337,0.742787,0.779831,0.616134,0.542022,0.796140,0.537636,0.616006,0.612849,0.580994,0.382120,0.545187,0.706986,0.903355,0.281430,0.338404,0.616701,0.554516,0.511719,0.270800,0.910108,0.832366,0.000000,1.243694,0.910974,0.755094,0.269338,0.390105,0.579814,0.704540,0.654330,0.711036,0.800449,0.673451,0.507502,0.628849,0.544388,0.610520,0.377774,0.510226,0.646745,0.529302,0.433885,0.470523,0.586643,0.498265,0.330125,0.295085,0.570862,0.456990,0.472241,0.379148,0.625177,0.493359,0.450172,0.393231,0.540874,0.370565,0.478504,0.412122,0.440855,0.323136,0.786229,0.721799,0.699120,0.763110,0.230012,0.256996,0.208303,0.397200,0.417179,0.368421,0.682249,0.560602,0.494140,0.517154,0.301655,0.415762,0.399057,0.499826,0.527416,0.587520,0.552294,0.606775,0.656946,0.514353,0.592491,0.520649
0.570997,0.598895,0.832950,0.987760,0.537997,0.693851,0.556394,1.066202,0.328008,0.506990,0.454180,0.688921,0.368033,0.673074,0.704050,0.964124,0.245858,0.403264,0.564093,0.624799,0.555338,0.526518,1.015390,1.170738,1.243694,0.000000,0.901170,0.749221,0.288544,0.474154,0.718272,0.986730,0.734280,0.819679,0.944334,0.951811,0.552817,0.574848,0.534915,0.634623,0.376992,0.592988,0.638358,0.612128,0.518580,0.613497,0.578294,0.551074,0.327861,0.315899,0.576307,0.506262,0.509771,0.427590,0.645286,0.485993,0.505932,0.544704,0.489570,0.406357,0.444816,0.427749,0.343722,0.371699,0.631426,0.832728,0.735049,0.974159,0.281600,0.310309,0.289271,0.513716,0.478746,0.503417,0.606432,0.581727,0.390749,0.464248,0.331962,0.486059,0.423372,0.553589,0.536157,0.644903,0.620444,0.804112,0.533262,0.554652,0.535468,0.564053
0.505976,0.417903,0.531006,0.534704,0.619164,0.663067,0.465575,0.664725,0.312352,0.537800,0.490185,0.598685,0.417558,0.580097,0.514870,0.811486,0.331552,0.445489,0.434955,0.446541,0.458146,0.420321,0.635028,0.648607,0.910974,0.901170,0.000000,1.178747,0.260825,0.424767,0.542811,0.583715,0.634945,0.600686,0.637606,0.530331,0.484790,0.549316,0.662854,0.713224,0.291179,0.436501,0.605756,0.615680,0.387155,0.536240,0.690983,0.627548,0.397102,0.295099,0.572441,0.435568,0.489672,0.425156,0.632314,0.462567,0.460940,0.459396,0.537631,0.396147,0.514252,0.438621,0.511083,0.366000,0.624512,0.766986,0.723907,0.743779,0.188415,0.246609,0.139105,0.247990,0.304823,0.314757,0.465351,0.451260,0.468154,0.355142,0.291612,0.504184,0.488935,0.596106,0.612153,0.684897,0.607166,0.632351,0.661936,0.608352,0.706498,0.529685
0.470255,0.365171,0.485724,0.466496,0.701700,0.665404,0.441351,0.599986,0.283640,0.535428,0.372340,0.509720,0.242413,0.423325,0.317849,0.631251,0.378951,0.338939,0.497387,0.454447,0.399301,0.452191,0.499915,0.484030,0.755094,0.749221,1.178747,0.000000,0.215694,0.406483,0.419196,0.432639,0.612902,0.563108,0.472675,0.449313,0.494247,0.487150,0.530934,0.462451,0.297679,0.367379,0.488570,0.486564,0.300605,0.433708,0.565404,0.481897,0.343954,0.234515,0.431412,0.351288,0.407104,0.406896,0.546649,0.384761,0.428730,0.379865,0.555792,0.406898,0.425212,0.371946,0.495260,0.302805,0.521450,0.620063,0.636096,0.603730,0.229342,0.234491,0.058948,0.189525,0.261660,0.325770,0.406162,0.459695,0.362269,0.248086,0.241571,0.464987,0.429744,0.551687,0.525360,0.574144,0.544954,0.560462,0.562237,0.449171,0.674065,0.596914
0.813359,0.786763,0.521697,0.426407,0.333088,0.193674,0.636149,0.573991,0.362086,0.261195,0.843656,0.937724,0.933799,0.814363,0.728859,0.612470,1.202865,1.140246,0.886611,0.776756,0.159956,0.236978,0.420521,0.331931,0.269338,0.288544,0.260825,0.215694,0.000000,1.378227,0.802249,0.695595,0.915111,0.936236,0.227859,0.113158,0.403035,0.659604,0.178337,0.432493,0.706245,0.684634,0.789064,0.808546,0.885506,0.803090,0.760886,0.751115,0.628674,0.696741,0.746239,0.548552,0.420466,0.474940,0.602652,0.573410,0.817133,0.710843,0.616299,0.596976,0.827672,0.757401,1.008912,0.834916,0.658230,0.504529,0.630124,0.515780,0.462670,0.417266,0.000303,0.319575,0.794143,0.809554,0.669124,0.646145,0.205000,0.133229,0.801639,1.119318,1.232475,1.114961,0.818898,0.897736,0.933855,0.671927,0.450165,0.603743,0.400596,0.391908
0.842188,0.997963,0.640699,0.581005,0.341951,0.311148,0.652099,0.735842,0.295238,0.341978,0.804475,1.204353,0.821054,0.943895,0.789131,0.884864,0.975998,1.311764,1.017840,0.917560,0.240483,0.295802,0.548152,0.467880,0.390105,0.474154,0.424767,0.406483,1.378227,0.000000,1.088351,0.902828,1.207869,1.156253,0.330568,0.279907,0.425114,0.737030,0.354962,0.631684,0.746153,0.804780,0.749219,0.861515,0.888061,0.903086,0.826746,0.729902,0.634148,0.618804,0.730163,0.529003,0.479226,0.467166,0.750794,0.584099,0.880101,0.898253,0.738034,0.742550,0.934568,0.837733,1.008892,0.943873,0.744235,0.729020,0.734578,0.679630,0.431411,0.399912,-0.033582,0.275880,0.687184,0.765575,0.581904,0.681577,0.161624,0.101259,0.657464,1.331639,1.328938,1.464295,1.111126,1.219159,1.058170,0.846519,0.665702,0.703111,0.551927,0.564695
0.473896,0.646284,0.874345,0.729851,0.381710,0.466445,0.630336,0.750107,0.248997,0.357670,0.759148,0.999550,0.716852,0.810657,0.841117,0.879810,0.502818,0.784314,0.768614,0.692266,0.181005,0.350205,0.949216,0.751578,0.579814,0.718272,0.542811,0.419196,0.802249,1.088351,0.000000,1.348336,1.097541,1.006377,0.541086,0.451533,0.296676,0.470769,0.290154,0.556636,0.540865,0.571331,0.665571,0.717000,0.736466,0.666138,0.599238,0.527726,0.323872,0.333886,0.480064,0.349055,0.295663,0.219322,0.476934,0.324211,0.470796,0.581629,0.439160,0.457119,0.603648,0.503093,0.626849,0.572815,0.803976,0.632203,0.659466,0.649466,0.318876,0.296101,0.089964,0.375147,0.550161,0.559768,0.541942,0.516568,0.094317,0.083842,0.561722,0.878740,0.882824,0.928391,0.954399,0.870986,0.709093,0.672797,0.597865,0.489940,0.367082,0.412979
0.653797,0.812552,1.051408,1.094802,0.400621,0.446897,0.738276,1.096594,0.300016,0.387133,0.729893,1.090574,0.717048,0.899827,0.865873,0.927279,0.549219,0.727626,0.781059,0.888525,0.319617,0.486007,1.257376,1.169107,0.704540,0.986730,0.583715,0.432639,0.695595,0.902828,1.348336,0.000000,1.070198,1.187120,0.846542,0.754936,0.406593,0.641439,0.430239,0.597821,0.658693,0.675158,0.735795,0.763091,0.816165,0.784284,0.652367,0.603692,0.348071,0.430393,0.635512,0.499291,0.390173,0.326228,0.592938,0.408217,0.645700,0.721460,0.482816,0.519309,0.627290,0.583461,0.562159,0.623355,0.856058,0.775291,0.842753,0.950178,0.428507,0.439442,0.258533,0.624748,0.733063,0.748122,0.695505,0.641704,0.297870,0.307189,0.499686,0.831168,0.716371,0.839363,0.752116,0.806290,0.816129,0.900465,0.565292,0.542030,0.434731,0.497066
0.821973,0.925090,0.752798,0.669683,0.465293,0.344639,0.596286,0.869117,0.374104,0.352895,0.713594,1.033694,0.631155,0.906199,0.811250,0.914460,0.772887,1.037414,1.158654,1.142212,0.211498,0.312800,0.767458,0.637076,0.654330,0.734280,0.634945,0.612902,0.915111,1.207869,1.097541,1.070198,0.000000,1.689323,0.673352,0.516066,0.362403,0.714006,0.376826,0.626146,0.583937,0.665824,1.038082,1.056333,1.018637,1.060966,0.965273,0.863216,0.554957,0.566649,0.830030,0.627900,0.566456,0.514491,0.765218,0.617067,0.891220,0.936988,0.783701,0.833691,0.822660,0.747505,0.890554,0.841180,0.953343,0.885915,1.181799,1.065608,0.678110,0.640933,-0.060864,0.302283,0.643787,0.692952,0.635994,0.656391,0.253712,0.177932,0.772366,1.328151,1.156564,1.272558,1.025151,1.084740,0.999603,0.988399,0.669974,0.708021,0.605838,0.618407
0.924543,1.097041,0.812423,0.836123,0.415192,0.369482,0.673656,1.029130,0.384365,0.377800,0.777833,1.179241,0.647131,0.937846,0.807606,0.948176,0.794386,0.981022,1.270400,1.308634,0.279111,0.374258,0.837907,0.755631,0.711036,0.819679,0.600686,0.563108,0.936236,1.156253,1.006377,1.187120,1.689323,0.000000,0.757575,0.645674,0.454960,0.797677,0.407083,0.646393,0.638840,0.782015,0.997837,0.981834,1.043931,1.040843,0.891575,0.819330,0.516040,0.566541,0.823250,0.654394,0.509642,0.476516,0.766572,0.649341,0.958085,0.990988,0.826667,0.871831,0.875387,0.861327,0.913256,0.896924,0.970116,0.880675,1.221219,1.194894,0.724593,0.666814,0.118238,0.479963,0.820309,0.880733,0.751972,0.765191,0.319102,0.311019,0.763357,1.194274,0.963359,1.066303,0.804762,0.945886,0.943575,0.994409,0.624335,0.751648,0.567062,0.570615
0.448050,0.509246,0.496079,0.588619,0.282442,0.273881,0.260623,0.647078,0.283639,0.273627,0.362212,0.519337,0.287739,0.444018,0.506095,0.594882,0.270581,0.448397,0.429568,0.529773,0.354263,0.304293,0.790569,0.710119,0.800449,0.944334,0.637606,0.472675,0.227859,0.330568,0.541086,0.846542,0.673352,0.757575,0.000000,1.293806,0.193623,0.429691,0.417605,0.486147,0.352728,0.401023,0.687232,0.558254,0.699076,0.679273,0.512444,0.577187,0.243666,0.289785,0.594975,0.440934,0.423390,0.313459,0.481406,0.405598,0.513434,0.580322,0.408427,0.375448,0.383105,0.366472,0.299334,0.365465,0.830706,0.746884,0.852310,1.076001,0.412729,0.436638,0.256035,0.508845,0.441741,0.401649,0.504849,0.416515,0.418535,0.438095,0.459649,0.523440,0.357860,0.418430,0.379520,0.444169,0.482858,0.655461,0.372017,0.426204,0.406475,0.367748
0.381946,0.504662,0.432922,0.605437,0.238419,0.276640,0.244127,0.654861,0.235761,0.284928,0.240501,0.453247,0.165339,0.390142,0.451609,0.593284,0.130202,0.311171,0.350347,0.513096,0.397190,0.455164,0.665307,0.696581,0.673451,0.951811,0.530331,0.449313,0.113158,0.279907,0.451533,0.754936,0.516066,0.645674,1.293806,0.000000,0.285166,0.401623,0.420685,0.441155,0.257795,0.393586,0.431668,0.401286,0.458349,0.541710,0.383684,0.397697,0.158691,0.140233,0.400141,0.272241,0.347235,0.238455,0.432147,0.331299,0.422184,0.542746,0.349762,0.351686,0.282330,0.320119,0.154091,0.276605,0.573617,0.726578,0.667926,0.920577,0.349054,0.393837,0.316396,0.526626,0.389036,0.419662,0.452344,0.443100,0.385597,0.516833,0.318059,0.378471,0.184881,0.301663,0.276548,0.368438,0.381765,0.602448,0.285460,0.370284,0.350983,0.373538
0.556746,0.417410,0.579344,0.617194,0.657342,0.441676,0.794228,0.692292,0.348691,0.342293,0.473339,0.514046,0.465374,0.519871,0.523003,0.566203,0.358427,0.295861,0.466544,0.523326,0.571646,0.576811,0.478207,0.570155,0.507502,0.552817,0.484790,0.494247,0.403035,0.425114,0.296676,0.406593,0.362403,0.454960,0.193623,0.285166,0.000000,0.628084,0.577063,0.412525,0.533305,0.611764,0.406549,0.421155,0.180563,0.288716,0.452759,0.362748,0.311034,0.236771,0.370049,0.281968,0.377784,0.361490,0.528859,0.379073,0.400456,0.331433,0.374148,0.338380,0.386776,0.425413,0.380338,0.275540,0.255579,0.418639,0.474944,0.409450,0.252137,0.286015,0.464526,0.510072,0.511884,0.526008,0.644290,0.664125,0.539877,0.654570,0.166244,0.218560,0.296681,0.445141,0.326495,0.446411,0.558870,0.417582,0.308957,0.375858,0.538549,0.404251
1.016639,0.728585,0.501684,0.531789,0.607931,0.250754,0.680379,0.809602,0.551244,0.456607,0.734278,0.820317,0.615469,0.684936,0.708419,0.789924,0.755511,0.674210,0.739461,0.745213,0.462959,0.424761,0.493457,0.511232,0.628849,0.574848,0.549316,0.487150,0.659604,0.737030,0.470769,0.641439,0.714006,0.797677,0.429691,0.401623,0.628084,0.000000,0.786308,0.885900,0.872350,0.881875,0.741872,0.714696,0.515648,0.653406,0.875017,0.836552,0.560380,0.582635,0.802071,0.636134,0.616612,0.638681,1.031617,0.841379,0.855797,0.629821,0.694003,0.585583,0.747932,0.758713,0.712485,0.553854,0.605723,0.769109,0.807540,0.768678,0.400878,0.417479,0.079219,0.431686,0.702800,0.789043,0.824263,0.986059,0.674235,0.545106,0.266842,0.684016,0.698006,0.876100,0.735635,0.892388,0.879599,0.782434,0.761154,0.792388,0.828202,0.686799
0.486131,0.356335,0.356356,0.356315,0.474782,0.274650,0.379442,0.496065,0.359528,0.315896,0.349661,0.415500,0.354713,0.330655,0.438487,0.581187,0.323925,0.390851,0.254812,0.331716,0.640188,0.462539,0.410802,0.414374,0.544388,0.534915,0.662854,0.530934,0.178337,0.354962,0.290154,0.430239,0.376826,0.407083,0.417605,0.420685,0.577063,0.786308,0.000000,1.150064,0.568912,0.529435,0.357919,0.406969,0.223010,0.387935,0.576116,0.544709,0.306308,0.255165,0.486815,0.334344,0.565845,0.507929,0.703409,0.539616,0.481276,0.411974,0.417311,0.414301,0.326527,0.354889,0.246646,0.200537,0.341612,0.610084,0.568120,0.610116,0.189546,0.254161,0.198389,0.312656,0.294616,0.314457,0.403980,0.494239,0.720095,0.504355,-0.073505,0.338313,0.372553,0.556471,0.611027,0.646020,0.578764,0.549044,0.876374,0.706054,0.812146,0.569548
0.561318,0.567972,0.357639,0.399948,0.339280,0.291777,0.308586,0.563520,0.360246,0.312293,0.449859,0.635881,0.432934,0.526171,0.626201,0.821382,0.419437,0.746795,0.429470,0.481453,0.480278,0.440892,0.428148,0.424827,0.610520,0.634623,0.713224,0.462451,0.432493,0.631684,0.556636,0.597821,0.626146,0.646393,0.486147,0.441155,0.412525,0.885900,1.150064,0.000000,0.571716,0.685977,0.542719,0.645386,0.503707,0.668530,0.775908,0.754621,0.447714,0.416592,0.629642,0.466778,0.586634,0.528380,0.811462,0.688269,0.634217,0.628845,0.532328,0.533221,0.479426,0.522448,0.415655,0.444943,0.484513,0.743934,0.665584,0.779688,0.262572,0.297398,0.070366,0.313863,0.400435,0.463906,0.450483,0.536733,0.491678,0.347788,0.186534,0.620370,0.661393,0.791189,0.893056,0.978694,0.689152,0.749961,1.111443,1.031330,0.713503,0.551402
0.608919,0.529225,0.512456,0.414953,0.417513,0.072085,0.640354,0.583441,0.270516,0.181161,0.603121,0.720928,0.616158,0.495344,0.454329,0.454865,0.801392,0.582788,0.514255,0.538682,0.372408,0.380076,0.469809,0.397160,0.377774,0.376992,0.291179,0.297679,0.706245,0.746153,0.540865,0.658693,0.583937,0.638840,0.352728,0.257795,0.533305,0.872350,0.568912,0.571716,0.000000,0.956065,0.458047,0.423201,0.525820,0.437608,0.459276,0.448592,0.313417,0.377748,0.541270,0.395150,0.331314,0.335670,0.600891,0.439275,0.537732,0.415564,0.351499,0.310330,0.490961,0.434829,0.576269,0.421471,0.450779,0.420475,0.518879,0.476459,0.230881,0.221339,0.139729,0.473180,0.911931,0.853922,0.695621,0.782838,0.512885,0.351298,0.184634,0.612586,0.706022,0.807731,0.586486,0.616865,0.744274,0.590661,0.570216,0.497891,0.494499,0.461668
0.804591,0.875473,0.558710,0.647287,0.447779,0.294985,0.631807,0.802755,0.335327,0.301653,0.607392,0.906500,0.660167,0.739212,0.663736,0.745671,0.633187,0.732642,0.707189,0.797264,0.415117,0.518681,0.506150,0.556905,0.510226,0.592988,0.436501,0.367379,0.684634,0.804780,0.571331,0.675158,0.665824,0.782015,0.401023,0.393586,0.611764,0.881875,0.529435,0.685977,0.956065,0.000000,0.446285,0.485036,0.592874,0.600438,0.503643,0.518167,0.441559,0.471490,0.643412,0.452771,0.442145,0.442534,0.716203,0.610709,0.764241,0.696902,0.577367,0.523971,0.640192,0.639993,0.562105,0.608074,0.461361,0.643202,0.645551,0.652601,0.371928,0.377166,0.170135,0.515282,1.168816,1.159994,0.872808,1.096699,0.459076,0.413395,0.414350,0.666350,0.688278,0.839221,0.616167,0.772517,0.799669,0.809486,0.472144,0.614911,0.532135,0.500354
0.827392,0.674201,0.572132,0.539208,0.543983,0.334065,0.529668,0.719720,0.550611,0.400278,0.674107,0.752599,0.633291,0.695160,0.822470,0.769289,0.689769,0.742149,0.829190,0.763829,0.316376,0.160857,0.624018,0.523376,0.646745,0.638358,0.605756,0.488570,0.789064,0.749219,0.665571,0.735795,1.038082,0.997837,0.687232,0.431668,0.406549,0.741872,0.357919,0.542719,0.458047,0.446285,0.000000,1.641174,0.976263,1.158772,1.388089,1.314007,0.806358,0.846949,1.035479,0.924386,0.771414,0.768042,0.897630,0.848083,0.831826,0.715031,0.717939,0.687565,0.766338,0.744162,0.760338,0.643990,0.926531,0.876031,1.032014,1.015884,0.540579,0.540576,0.004393,0.254274,0.471331,0.435604,0.611697,0.510487,0.403366,0.341911,0.624450,0.943124,0.822392,0.833494,0.752980,0.845405,0.892325,0.801792,0.554013,0.722416,0.660828,0.576374
0.854018,0.802121,0.579878,0.560570,0.480752,0.371283,0.518255,0.740734,0.516658,0.389160,0.637294,0.835898,0.693498,0.789587,0.876742,0.827701,0.707780,0.857173,0.812207,0.859323,0.361473,0.242762,0.557501,0.509961,0.529302,0.612128,0.615680,0.486564,0.808546,0.861515,0.717000,0.763091,1.056333,0.981834,0.558254,0.401286,0.421155,0.714696,0.406969,0.645386,0.423201,0.485036,1.641174,0.000000,0.922786,1.374227,1.631227,1.501318,0.932234,0.913810,1.025331,0.872663,0.845345,0.842397,0.957202,0.928690,0.909820,0.884026,0.805420,0.829746,0.761790,0.825160,0.761222,0.768191,0.732629,0.940252,1.014423,1.000226,0.581692,0.608268,0.000734,0.240205,0.472402,0.458778,0.557400,0.506268,0.339515,0.258156,0.575396,0.987327,0.846489,0.968181,0.850924,1.012005,0.978265,0.942052,0.578130,0.894996,0.715624,0.698292
0.692750,0.902321,0.521534,0.512420,0.162630,0.189172,0.360564,0.594010,0.255165,0.216253,0.517842,0.859874,0.579487,0.698621,0.578292,0.676599,0.776102,1.034256,0.734534,0.806745,0.176877,0.145813,0.540440,0.467166,0.433885,0.518580,0.387155,0.300605,0.885506,0.888061,0.736466,0.816165,1.018637,1.043931,0.699076,0.458349,0.180563,0.515648,0.223010,0.503707,0.525820,0.592874,0.976263,0.922786,0.000000,1.350182,0.830792,0.850601,0.771850,0.874373,1.036981,0.805688,0.607547,0.567928,0.743185,0.743678,0.877900,0.924266,0.695258,0.682479,0.769929,0.770321,0.726762,0.922418,0.861781,0.766213,0.750790,0.813632,0.584079,0.548122,-0.040530,0.289756,0.616801,0.616621,0.449055,0.467812,0.060778,0.042677,0.828451,1.067360,0.925924,0.874297,0.693956,0.773425,0.871009,1.057949,0.485772,0.715325,0.500206,0.599648
0.877787,1.053406,0.521237,0.566725,0.274335,0.281094,0.382471,0.716790,0.363098,0.282401,0.505842,0.860953,0.622919,0.767398,0.761813,0.806845,0.762575,1.073516,0.745110,0.928781,0.360772,0.260176,0.513246,0.496664,0.470523,0.613497,0.536240,0.433708,0.803090,0.903086,0.666138,0.784284,1.060966,1.040843,0.679273,0.541710,0.288716,0.653406,0.387935,0.668530,0.437608,0.600438,1.158772,1.374227,1.350182,0.000000,1.259564,1.281965,1.079986,1.080264,1.303891,0.972448,0.966207,0.929099,1.043422,1.075962,1.156732,1.234857,0.885018,0.978964,0.786774,0.876399,0.694356,0.958332,0.729542,1.057580,0.988975,1.139224,0.671183,0.688231,0.003320,0.303860,0.561432,0.576769,0.498156,0.495139,0.242075,0.165858,0.773439,1.140643,0.881782,1.009542,0.814051,1.010440,1.024026,1.264565,0.537627,0.997288,0.707086,0.788326
0.937256,0.780544,0.505718,0.501491,0.561906,0.406746,0.514356,0.718412,0.619205,0.535166,0.669438,0.801879,0.680673,0.743457,0.825778,0.851952,0.788590,0.897951,0.735713,0.761033,0.439071,0.224735,0.502147,0.472317,0.586643,0.578294,0.690983,0.565404,0.760886,0.826746,0.599238,0.652367,0.965273,0.891575,0.512444,0.383684,0.452759,0.875017,0.576116,0.775908,0.459276,0.503643,1.388089,1.631227,0.830792,1.259564,0.000000,1.701518,1.097345,1.016837,1.164643,0.905671,0.971434,1.043697,1.168901,1.066413,0.995085,0.861885,0.899133,0.854021,0.822547,0.856096,0.775048,0.742617,0.780969,1.042745,0.941761,0.943959,0.475088,0.510842,-0.034596,0.194245,0.433346,0.447501,0.530230,0.530094,0.422879,0.299845,0.534495,0.986677,0.881542,1.037193,0.919619,1.089685,1.075069,0.962516,0.721890,0.975270,0.867125,0.839562
0.863693,0.700170,0.406466,0.435260,0.466274,0.370981,0.405038,0.656629,0.576971,0.431044,0.570525,0.719029,0.644792,0.654396,0.773578,0.757738,0.781554,0.860316,0.641749,0.697678,0.444328,0.256416,0.424003,0.407532,0.498265,0.551074,0.627548,0.481897,0.751115,0.729902,0.527726,0.603692,0.863216,0.819330,0.577187,0.397697,0.362748,0.836552,0.544709,0.754621,0.448592,0.518167,1.314007,1.501318,0.850601,1.281965,1.701518,0.000000,0.957107,0.994170,1.143582,0.897496,0.957261,1.050488,1.080206,1.140625,1.022850,0.879157,0.804540,0.789435,0.710699,0.779713,0.687954,0.660964,0.694865,0.978244,0.976344,0.988870,0.547370,0.555894,-0.035337,0.228399,0.475147,0.464756,0.541484,0.522823,0.481177,0.299439,0.555754,0.976749,0.835934,0.938764,0.829572,1.006769,0.974275,0.932073,0.590619,1.004527,0.783185,0.700649
0.894347,0.868364,0.412731,0.425356,0.335655,0.244778,0.430418,0.520234,0.413256,0.379032,0.494432,0.620739,0.640721,0.626099,0.548873,0.616488,0.675795,0.728813,0.579075,0.626147,0.395305,0.037006,0.312946,0.335123,0.330125,0.327861,0.397102,0.343954,0.628674,0.634148,0.323872,0.348071,0.554957,0.516040,0.243666,0.158691,0.311034,0.560380,0.306308,0.447714,0.313417,0.441559,0.806358,0.932234,0.771850,1.079986,1.097345,0.957107,0.000000,1.566081,1.259511,1.051395,1.075674,1.119680,1.043048,1.172451,0.920421,0.818114,0.924084,0.806417,0.864762,0.917271,0.620383,0.869289,0.476940,0.852882,0.516650,0.540852,0.372181,0.443039,-0.020312,0.119480,0.368279,0.344123,0.351479,0.379428,0.155613,0.108204,0.515598,0.671751,0.581843,0.706007,0.581305,0.733311,0.849092,0.833284,0.442333,0.752975,0.776629,0.883336
