0.000000,1.399478,0.682091,0.831659,0.688104,0.580814,0.906919,0.982586,0.599431,0.583570,1.019488,0.830119,0.812166,0.655637,0.815944,0.615212,0.874318,0.806737,1.150647,1.179281,0.336822,0.348204,0.549416,0.491134,0.658781,0.607956,0.654167,0.579098,0.992255,0.774371,0.772265,0.668416,0.969463,1.047414,0.604889,0.411488,0.438636,0.410459,0.510485,0.571506,0.696492,0.636907,0.627332,0.576207,0.577101,0.658584,0.701908,0.691895,0.687125,0.668036,0.740693,0.721038,0.564425,0.633421,0.636257,0.536074,1.154230,1.002098,0.813322,0.713039,0.742907,0.747788,0.870733,0.837770,0.495028,0.630363,0.726265,0.536342,0.825412,0.287863,0.016965,0.170157,0.619832,0.435397,0.310279,0.392634,0.768983,0.616822,0.668844,0.494860,0.892674,0.917120,0.603323,0.519596,0.693185,0.666221,0.420572,0.178044,0.618743,0.573198
1.399478,0.000000,0.676413,0.934506,0.624750,0.621901,0.993635,1.150166,0.530245,0.501344,0.749947,0.965039,0.753159,0.660008,0.732882,0.594438,0.850933,1.075927,1.103667,1.384414,0.268739,0.333637,0.557047,0.530349,0.503932,0.567476,0.490853,0.527522,0.947677,0.941587,0.758094,0.699777,1.167864,1.218986,0.619233,0.474829,0.472358,0.545545,0.498630,0.599482,0.708232,0.674853,0.717225,0.833669,0.639197,0.812431,1.013368,0.988691,0.868690,0.892378,0.869662,0.920425,0.744828,0.861167,0.892111,0.801980,1.274301,1.434554,1.044245,1.110327,0.916377,1.006377,0.907813,1.154093,0.549518,0.767323,1.022738,0.766313,1.108575,0.406278,-0.065217,0.128946,0.619841,0.566046,0.401307,0.495632,0.912250,0.728458,0.684784,0.474816,0.969635,1.120768,0.658722,0.615879,0.754950,0.819921,0.543194,0.225890,0.744597,0.858362
0.682091,0.676413,0.000000,1.276583,0.420806,0.483050,1.249288,0.967721,0.271561,0.263482,0.412733,0.533070,0.337714,0.274373,0.458435,0.301767,0.358229,0.527877,0.773413,0.687006,0.194541,0.263412,1.147969,0.982958,0.354953,0.420141,0.316097,0.452664,0.448041,0.569343,0.660150,0.532345,0.563055,0.620376,0.662251,0.526014,0.306720,0.480770,0.316576,0.401026,0.421626,0.428894,0.429562,0.423271,0.384445,0.460028,0.497985,0.499832,0.596946,0.586809,0.849833,0.682896,0.621481,0.673866,0.533543,0.474084,0.431971,0.561377,0.474778,0.453618,0.619220,0.567220,0.454321,0.569291,0.773633,0.763076,0.595825,0.548479,0.450156,0.280362,-0.052589,0.056163,0.320948,0.287501,0.331793,0.291965,0.571966,0.508710,0.316049,0.275016,0.507612,0.615330,0.610047,0.701266,0.848274,0.727766,0.522211,0.477259,0.823692,0.747200
0.831659,0.934506,1.276583,0.000000,0.491593,0.615770,1.297805,1.393746,0.373470,0.332183,0.531054,0.749726,0.468802,0.451975,0.524108,0.413260,0.510131,0.741576,0.864808,0.919682,0.236601,0.326936,0.981940,1.121603,0.386770,0.530551,0.361893,0.564257,0.609467,0.796046,0.842881,0.792916,0.825580,0.977129,0.853125,0.665205,0.382206,0.523375,0.408632,0.526469,0.513823,0.561924,0.625105,0.673952,0.567174,0.720844,0.788806,0.778818,0.789166,0.826783,1.091937,0.980713,0.845569,0.906793,0.779441,0.679888,0.632875,0.796697,0.650946,0.713355,0.769648,0.817684,0.606377,0.787856,0.914859,1.082479,0.882128,0.853945,0.615519,0.313179,-0.044897,0.068116,0.399158,0.435481,0.327071,0.389230,0.720802,0.623364,0.483307,0.359254,0.749794,0.860856,0.623008,0.673047,0.927576,0.914160,0.534430,0.348956,0.876880,0.865926
0.688104,0.624750,0.420806,0.491593,0.000000,1.245011,0.421102,0.614781,1.364589,1.208272,0.411274,0.345102,0.423053,0.246392,0.910350,0.610000,0.351868,0.425547,0.677609,0.666674,0.135855,0.082330,0.475412,0.356538,1.434414,1.055869,0.761066,0.646343,0.525784,0.424962,0.327921,0.292700,0.331838,0.481366,0.282296,0.266931,0.233083,0.266908,0.234686,0.239516,0.376115,0.301913,0.227259,0.142781,0.270683,0.247174,0.209971,0.233808,0.267222,0.256629,0.330561,0.282587,0.325480,0.308000,0.258707,0.192863,0.463519,0.488173,0.497588,0.371616,0.283355,0.347180,0.374145,0.358011,0.214995,0.375010,0.295468,0.329367,0.365881,0.418973,-0.020339,0.137973,0.330655,0.083089,0.197090,0.249251,0.407795,0.388471,0.345162,0.259014,0.401964,0.437407,0.557792,0.489563,0.461907,0.380445,0.466917,0.296359,0.413467,0.408478
0.580814,0.621901,0.483050,0.615770,1.245011,0.000000,0.511558,0.737821,0.987440,1.081933,0.321509,0.434328,0.446031,0.288456,0.794645,0.623333,0.330997,0.506714,0.622589,0.671122,0.109307,0.108894,0.538641,0.483416,0.915933,0.948159,0.513923,0.699385,0.499156,0.540017,0.381237,0.359960,0.378527,0.520981,0.316423,0.323373,0.271129,0.372011,0.229077,0.307632,0.345187,0.358160,0.305686,0.296604,0.353884,0.387682,0.337198,0.351474,0.388493,0.426058,0.444807,0.418701,0.536845,0.507563,0.395087,0.341955,0.440861,0.537989,0.559077,0.473844,0.405312,0.470906,0.362905,0.462033,0.311960,0.498696,0.388749,0.466143,0.371685,0.501290,-0.063974,0.107447,0.254166,0.137843,0.208588,0.317372,0.473429,0.477658,0.370125,0.227879,0.494878,0.522453,0.510861,0.549327,0.533124,0.495976,0.506905,0.276900,0.555275,0.597179
0.906919,0.993635,1.249288,1.297805,0.421102,0.511558,0.000000,1.306601,0.293561,0.283834,0.608105,0.744579,0.549657,0.453449,0.495079,0.359135,0.611121,0.752568,0.868061,0.915787,0.253781,0.323969,0.814355,0.770208,0.313369,0.405191,0.326381,0.437031,0.634367,0.714523,0.773577,0.652168,0.859475,0.905405,0.685618,0.576058,0.373387,0.497095,0.420124,0.507549,0.557905,0.540172,0.625820,0.685378,0.552700,0.702826,0.754378,0.773221,0.734519,0.778627,0.929931,0.871726,0.738384,0.830647,0.709414,0.626607,0.706707,0.872569,0.633368,0.670580,0.819419,0.780949,0.703562,0.887430,0.725210,0.813037,0.852749,0.712494,0.641004,0.262796,-0.051618,0.090784,0.478981,0.466338,0.386959,0.397517,0.776873,0.615301,0.497996,0.404434,0.687035,0.821124,0.607028,0.640006,0.712399,0.720511,0.502274,0.316613,0.756365,0.782459
0.982586,1.150166,0.967721,1.393746,0.614781,0.737821,1.306601,0.000000,0.525401,0.523034,0.602982,0.924280,0.635047,0.605774,0.674184,0.584028,0.610207,0.756075,0.833683,0.963228,0.257659,0.340544,0.676431,0.717107,0.454802,0.610569,0.438717,0.600357,0.649248,0.753310,0.774281,0.736884,0.839371,1.038487,0.768899,0.673881,0.347903,0.456835,0.445972,0.507087,0.613837,0.575349,0.655590,0.690692,0.614307,0.749657,0.774239,0.848149,0.757638,0.807915,0.971101,0.926731,0.860880,0.867026,0.715261,0.610525,0.730195,0.868971,0.770650,0.760216,0.797616,0.955624,0.671051,0.873421,0.760617,1.064208,0.856024,0.805465,0.647608,0.279471,-0.030386,0.135277,0.464156,0.425986,0.326076,0.347097,0.770629,0.627274,0.575729,0.431317,0.781074,0.927136,0.610203,0.570861,0.748273,0.789159,0.468189,0.208380,0.719540,0.781888
0.599431,0.530245,0.271561,0.373470,1.364589,0.987440,0.293561,0.525401,0.000000,1.130755,0.377179,0.324560,0.476707,0.318378,1.021780,0.676206,0.268337,0.313349,0.572609,0.560208,0.054103,-0.006968,0.332094,0.245897,1.180719,0.858205,0.629582,0.544706,0.418988,0.307375,0.227398,0.200459,0.236814,0.366035,0.210522,0.207625,0.190791,0.213271,0.134941,0.158715,0.275682,0.218082,0.160366,0.084518,0.214881,0.180899,0.139737,0.174407,0.228192,0.193360,0.277415,0.225241,0.324592,0.258446,0.182843,0.108377,0.411126,0.385333,0.510715,0.346866,0.233982,0.292188,0.288389,0.262567,0.170581,0.325939,0.268826,0.318979,0.320429,0.446647,0.054588,0.180645,0.303661,0.062568,0.128892,0.209940,0.352256,0.356101,0.266284,0.158679,0.295662,0.334496,0.398725,0.285607,0.342142,0.303396,0.324111,0.118453,0.335970,0.284153
0.583570,0.501344,0.263482,0.332183,1.208272,1.081933,0.283834,0.523034,1.130755,0.000000,0.386277,0.348782,0.493201,0.359279,0.862327,0.830370,0.274028,0.272028,0.529026,0.508757,0.108829,0.064294,0.272226,0.189401,1.097802,0.914167,0.695947,0.600836,0.415128,0.290261,0.252158,0.216762,0.241309,0.343800,0.173625,0.146595,0.181729,0.160295,0.138204,0.163368,0.292454,0.239521,0.129938,0.035527,0.182357,0.143001,0.071061,0.108624,0.140282,0.140655,0.191916,0.142477,0.248882,0.184467,0.084748,0.068792,0.367083,0.357675,0.384608,0.251162,0.182215,0.266993,0.252953,0.227962,0.073532,0.246030,0.173361,0.193035,0.267274,0.357346,0.081626,0.220094,0.258132,0.011467,0.065808,0.143680,0.305797,0.360272,0.277506,0.165500,0.329252,0.321485,0.328889,0.236982,0.289015,0.237528,0.222249,0.058749,0.203959,0.227484
1.019488,0.749947,0.412733,0.531054,0.411274,0.321509,0.608105,0.602982,0.377179,0.386277,0.000000,0.884040,1.029362,0.878470,0.704296,0.697383,0.864809,0.612940,0.727387,0.694999,0.500533,0.446998,0.431637,0.412874,0.467489,0.499304,0.672576,0.518435,0.933437,0.693337,0.797320,0.779149,0.742750,0.783120,0.452302,0.257473,0.382350,0.275401,0.569835,0.632211,0.602822,0.625292,0.539482,0.419833,0.433360,0.493557,0.514958,0.511510,0.451196,0.423207,0.466680,0.493305,0.285772,0.376129,0.512035,0.481910,0.732208,0.682871,0.406259,0.394091,0.518112,0.523902,0.738053,0.585690,0.413095,0.465246,0.405943,0.285697,0.511072,0.092869,0.190469,0.295687,0.525843,0.499062,0.255086,0.290039,0.525330,0.396699,0.593168,0.536141,0.755969,0.727125,0.453544,0.250390,0.399732,0.465450,0.212071,-0.056241,0.397846,0.356090
0.830119,0.965039,0.533070,0.749726,0.345102,0.434328,0.744579,0.924280,0.324560,0.348782,0.884040,0.000000,1.110206,1.237975,0.724436,0.884834,0.694629,0.840017,0.715697,0.795826,0.330447,0.469916,0.498704,0.555424,0.252847,0.491052,0.427253,0.557413,0.850369,0.934580,0.898231,0.904633,0.890848,0.932874,0.562490,0.424256,0.363777,0.474502,0.482294,0.665539,0.553227,0.688017,0.594395,0.721257,0.477681,0.661419,0.818278,0.837785,0.746275,0.768785,0.722920,0.832303,0.603617,0.773500,0.828104,0.890325,0.717799,0.819012,0.695384,0.710818,0.785644,0.827111,0.637801,0.815694,0.607583,0.794301,0.699231,0.543253,0.692851,0.227383,0.054214,0.264873,0.455675,0.670321,0.293515,0.403502,0.671863,0.603227,0.574908,0.401549,0.893598,0.959554,0.442160,0.307970,0.588549,0.772640,0.333399,-0.056496,0.590919,0.747187
0.812166,0.753159,0.337714,0.468802,0.423053,0.446031,0.549657,0.635047,0.476707,0.493201,1.029362,1.110206,0.000000,1.469520,1.037406,1.168145,0.627663,0.560452,0.702938,0.696092,0.284577,0.351571,0.409947,0.375623,0.382572,0.544659,0.579061,0.507675,0.827918,0.665566,0.762905,0.694945,0.671493,0.661506,0.374372,0.266628,0.392545,0.385875,0.326959,0.468843,0.462769,0.508056,0.386792,0.435819,0.329287,0.437459,0.503231,0.519108,0.487625,0.502732,0.465132,0.530338,0.420249,0.523158,0.516739,0.551883,0.653709,0.657597,0.556685,0.523955,0.528191,0.526658,0.541502,0.563868,0.334507,0.459609,0.491725,0.349336,0.611612,0.261894,0.210383,0.404228,0.550512,0.579398,0.234349,0.396022,0.629916,0.595595,0.537362,0.290234,0.684841,0.714330,0.343370,0.104512,0.368501,0.475143,0.168852,-0.239770,0.405585,0.429378
0.655637,0.660008,0.274373,0.451975,0.246392,0.288456,0.453449,0.605774,0.318378,0.359279,0.878470,1.237975,1.469520,0.000000,0.790978,1.178968,0.626834,0.535837,0.567650,0.591905,0.346430,0.445008,0.314801,0.348673,0.223623,0.441215,0.474667,0.486873,0.733857,0.655343,0.807286,0.790426,0.701849,0.690272,0.404626,0.279869,0.349539,0.348180,0.405772,0.558070,0.472506,0.565923,0.473892,0.499560,0.378978,0.483395,0.536196,0.571270,0.499378,0.501062,0.478447,0.528553,0.431003,0.503784,0.512004,0.576083,0.581171,0.596573,0.499189,0.498339,0.522151,0.564981,0.523789,0.553104,0.394843,0.495205,0.499289,0.372454,0.534722,0.162296,0.196026,0.395639,0.448691,0.569014,0.165294,0.299109,0.547362,0.491036,0.555818,0.361560,0.741959,0.745688,0.263365,0.033265,0.379192,0.519725,0.062758,-0.345924,0.325567,0.393973
0.815944,0.732882,0.458435,0.524108,0.910350,0.794645,0.495079,0.674184,1.021780,0.862327,0.704296,0.724436,1.037406,0.790978,0.000000,1.180075,0.438911,0.477957,0.811278,0.734841,0.155914,0.154742,0.551901,0.459704,0.802842,0.813046,0.716389,0.597505,0.698001,0.523685,0.551895,0.469493,0.471839,0.547722,0.359986,0.284587,0.286946,0.321581,0.234209,0.306439,0.400848,0.362187,0.260984,0.262837,0.234768,0.284431,0.341622,0.367081,0.437238,0.428653,0.478621,0.451099,0.467621,0.472249,0.415081,0.386499,0.609325,0.578684,0.656233,0.525471,0.427166,0.463262,0.421064,0.420107,0.372402,0.514714,0.422521,0.344930,0.535453,0.416745,0.110431,0.319583,0.493237,0.346443,0.236202,0.398414,0.597613,0.580522,0.426134,0.208320,0.506806,0.581081,0.537719,0.306615,0.545866,0.530825,0.423301,0.082876,0.531408,0.508772
0.615212,0.594438,0.301767,0.413260,0.610000,0.623333,0.359135,0.584028,0.676206,0.830370,0.697383,0.884834,1.168145,1.178968,1.180075,0.000000,0.420985,0.424422,0.611841,0.566775,0.229960,0.270284,0.384390,0.340498,0.562120,0.748443,0.650591,0.621634,0.615723,0.540004,0.611409,0.573844,0.467013,0.518492,0.306304,0.209142,0.309971,0.304369,0.280226,0.417111,0.381288,0.459196,0.287531,0.275234,0.223956,0.282100,0.314344,0.348203,0.347476,0.348210,0.371976,0.370391,0.388188,0.418790,0.352178,0.424311,0.472319,0.495780,0.478428,0.412477,0.341271,0.414425,0.340471,0.359377,0.302052,0.429456,0.345706,0.280148,0.431015,0.315811,0.183463,0.391536,0.337074,0.337335,0.118795,0.278528,0.469726,0.548686,0.420983,0.220151,0.563900,0.573553,0.321113,0.132811,0.421728,0.495136,0.174565,-0.165696,0.343573,0.416892
0.874318,0.850933,0.358229,0.510131,0.351868,0.330997,0.611121,0.610207,0.268337,0.274028,0.864809,0.694629,0.627663,0.626834,0.438911,0.420985,0.000000,0.859861,0.537129,0.719642,0.713835,0.542769,0.223705,0.226562,0.314825,0.345235,0.492240,0.455169,1.084494,0.785415,0.712369,0.713790,1.018398,1.020997,0.426102,0.250814,0.424559,0.272135,0.940428,0.896967,0.947568,0.835366,0.985686,0.685446,0.826186,0.799750,0.707505,0.737834,0.535935,0.508903,0.541857,0.554780,0.405556,0.436086,0.615423,0.500950,0.873778,0.827690,0.501651,0.554710,0.800532,0.813724,1.336688,0.997721,0.395744,0.467298,0.590708,0.471769,0.598811,0.103364,-0.029427,0.169459,0.498742,0.453380,0.272776,0.229935,0.563663,0.310387,1.086491,1.089314,1.044045,0.997787,0.611843,0.459838,0.480149,0.519734,0.260722,0.041668,0.417995,0.443453
0.806737,1.075927,0.527877,0.741576,0.425547,0.506714,0.752568,0.756075,0.313349,0.272028,0.612940,0.840017,0.560452,0.535837,0.477957,0.424422,0.859861,0.000000,0.711399,0.954348,0.372371,0.390990,0.522751,0.532995,0.344315,0.465305,0.356521,0.500950,1.015248,1.334210,0.825251,0.851336,1.108156,1.155891,0.509528,0.340056,0.418927,0.574368,0.583022,0.814239,0.587360,0.882867,0.728789,0.831998,0.659143,0.868981,0.980746,0.867084,0.746358,0.748207,0.678331,0.726635,0.572114,0.743188,0.993665,1.015048,0.895333,1.230441,0.682375,0.874240,0.833836,0.822823,0.876993,1.142919,0.504673,0.611983,0.804863,0.739299,0.826613,0.423143,-0.163794,0.036133,0.393616,0.560977,0.335756,0.423034,0.627766,0.506577,0.696248,0.556221,1.069644,1.134133,0.625206,0.713534,0.669100,0.824707,0.623124,0.199801,0.773004,0.829696
1.150647,1.103667,0.773413,0.864808,0.677609,0.622589,0.868061,0.833683,0.572609,0.529026,0.727387,0.715697,0.702938,0.567650,0.811278,0.611841,0.537129,0.711399,0.000000,1.479787,0.113690,0.186293,0.869056,0.745135,0.642703,0.614900,0.515498,0.500726,0.753594,0.731217,0.668706,0.565807,0.781082,0.794318,0.533878,0.376601,0.427482,0.536106,0.258295,0.396422,0.452373,0.477100,0.404292,0.476904,0.384321,0.499838,0.604991,0.571687,0.595275,0.619490,0.662018,0.610817,0.607717,0.683844,0.582576,0.559251,0.863451,0.916521,0.707501,0.693874,0.567772,0.556192,0.570215,0.639144,0.482179,0.550964,0.689319,0.578508,0.877314,0.594042,-0.009425,0.153477,0.534103,0.446165,0.302931,0.508420,0.737904,0.771455,0.455782,0.257732,0.689814,0.760548,0.592070,0.564564,0.686421,0.680227,0.505849,0.283273,0.685839,0.674961
1.179281,1.384414,0.687006,0.919682,0.666674,0.671122,0.915787,0.963228,0.560208,0.508757,0.694999,0.795826,0.696092,0.591905,0.734841,0.566775,0.719642,0.954348,1.479787,0.000000,0.191659,0.258013,0.736482,0.679715,0.587129,0.592778,0.497992,0.540892,0.910009,0.917163,0.728550,0.667908,0.983436,1.056352,0.568777,0.416489,0.491886,0.567456,0.380783,0.502003,0.575128,0.598280,0.573174,0.641835,0.562100,0.710535,0.796784,0.756765,0.710847,0.753668,0.739804,0.725215,0.702350,0.776377,0.742180,0.666613,0.993601,1.104712,0.816577,0.885206,0.701293,0.729440,0.747148,0.871178,0.502365,0.628855,0.852092,0.752430,1.043306,0.635522,-0.065137,0.113407,0.570714,0.520637,0.347468,0.513177,0.803207,0.777652,0.640093,0.383540,0.895436,0.990386,0.663324,0.634220,0.713960,0.767899,0.540300,0.248588,0.745939,0.748336
0.336822,0.268739,0.194541,0.236601,0.135855,0.109307,0.253781,0.257659,0.054103,0.108829,0.500533,0.330447,0.284577,0.346430,0.155914,0.229960,0.713835,0.372371,0.113690,0.191659,0.000000,0.619880,0.067077,0.065536,0.182155,0.231891,0.449268,0.371786,0.606488,0.494547,0.600447,0.653181,0.485950,0.545459,0.212891,0.017215,0.325011,0.134879,1.006058,0.887934,0.770179,0.757362,0.681486,0.264625,0.555151,0.416012,0.243880,0.301716,0.139064,0.094679,0.210489,0.194723,0.046592,0.074963,0.216200,0.195912,0.256577,0.294718,0.029645,0.066560,0.368681,0.408517,0.650973,0.459495,0.235488,0.193398,0.133463,0.109423,0.091609,-0.181491,0.091314,0.121753,0.092272,0.144177,0.058740,-0.065408,0.113317,-0.050934,0.617255,0.923604,0.617616,0.562027,0.443983,0.321088,0.258432,0.325260,0.084497,0.003792,0.130563,0.125363
0.348204,0.333637,0.263412,0.326936,0.082330,0.108894,0.323969,0.340544,-0.006968,0.064294,0.446998,0.469916,0.351571,0.445008,0.154742,0.270284,0.542769,0.390990,0.186293,0.258013,0.619880,0.000000,0.168848,0.202593,0.077154,0.228866,0.309527,0.452660,0.517433,0.470636,0.619605,0.657631,0.512289,0.539071,0.332429,0.191772,0.277384,0.240198,0.579418,0.582019,0.506199,0.535154,0.514132,0.358458,0.396459,0.378313,0.374394,0.385936,0.282255,0.253949,0.305787,0.315983,0.149924,0.195683,0.337420,0.315670,0.295342,0.340921,0.148749,0.215468,0.370661,0.425197,0.491740,0.443924,0.282000,0.305425,0.251032,0.184798,0.214693,-0.111657,0.132007,0.270723,0.252509,0.330775,0.144954,0.056654,0.256775,0.135937,0.431232,0.545200,0.547778,0.523872,0.270581,0.212193,0.284400,0.340272,0.018950,-0.045428,0.184753,0.212791
0.549416,0.557047,1.147969,0.981940,0.475412,0.538641,0.814355,0.676431,0.332094,0.272226,0.431637,0.498704,0.409947,0.314801,0.551901,0.384390,0.223705,0.522751,0.869056,0.736482,0.067077,0.168848,0.000000,1.498702,0.466663,0.549732,0.347797,0.500302,0.441704,0.606103,0.657553,0.563727,0.443651,0.503093,0.559309,0.415106,0.320438,0.534146,0.138266,0.288500,0.256962,0.328952,0.218606,0.311440,0.188402,0.319887,0.409611,0.375524,0.473938,0.517721,0.624324,0.529716,0.526166,0.631257,0.528091,0.508733,0.371721,0.520054,0.363627,0.406401,0.370677,0.372644,0.279958,0.395051,0.655695,0.621652,0.439319,0.439607,0.449886,0.451733,-0.002520,0.107510,0.328049,0.382577,0.297697,0.410539,0.490773,0.591642,0.233803,0.110159,0.441530,0.519476,0.535525,0.562642,0.711291,0.637940,0.537437,0.380184,0.798123,0.671720
0.491134,0.530349,0.982958,1.121603,0.356538,0.483416,0.770208,0.717107,0.245897,0.189401,0.412874,0.555424,0.375623,0.348673,0.459704,0.340498,0.226562,0.532995,0.745135,0.679715,0.065536,0.202593,1.498702,0.000000,0.337035,0.491411,0.270493,0.479960,0.415551,0.635679,0.671674,0.658420,0.451262,0.542190,0.651814,0.523319,0.263014,0.501908,0.140421,0.303961,0.235124,0.327096,0.267488,0.399051,0.232134,0.392816,0.514391,0.467617,0.542413,0.600676,0.693296,0.641851,0.612922,0.728784,0.622635,0.604562,0.384003,0.517709,0.373556,0.448023,0.409916,0.417250,0.294593,0.416092,0.729407,0.740163,0.499853,0.513327,0.435540,0.366013,-0.002199,0.064156,0.318107,0.442914,0.294875,0.434247,0.497025,0.569914,0.242819,0.100421,0.483450,0.551196,0.481734,0.519975,0.733174,0.694298,0.503923,0.334676,0.811868,0.703946
0.658781,0.503932,0.354953,0.386770,1.434414,0.915933,0.313369,0.454802,1.180719,1.097802,0.467489,0.252847,0.382572,0.223623,0.802842,0.562120,0.314825,0.344315,0.642703,0.587129,0.182155,0.077154,0.466663,0.337035,0.000000,1.124496,0.926371,0.633138,0.499129,0.363984,0.325593,0.286013,0.257392,0.394527,0.243571,0.159228,0.223979,0.212155,0.213369,0.228098,0.339955,0.288970,0.146157,0.002698,0.188355,0.144687,0.082365,0.099266,0.127941,0.104565,0.192559,0.137020,0.170267,0.150725,0.129073,0.075356,0.382162,0.376601,0.321300,0.207414,0.127095,0.180769,0.317016,0.231017,0.089277,0.218167,0.151290,0.187175,0.275181,0.358716,0.031039,0.127961,0.288086,0.021711,0.120881,0.179259,0.286919,0.315852,0.303054,0.240200,0.357808,0.365046,0.482576,0.409404,0.365808,0.300263,0.351270,0.232686,0.280332,0.204326
0.607956,0.567476,0.420141,0.530551,1.055869,0.948159,0.405191,0.610569,0.858205,0.914167,0.499304,0.491052,0.544659,0.441215,0.813046,0.748443,0.345235,0.465305,0.614900,0.592778,0.231891,0.228866,0.549732,0.491411,1.124496,0.000000,0.827714,0.842234,0.562295,0.525971,0.579153,0.568235,0.383362,0.538353,0.370930,0.311541,0.303594,0.322820,0.270850,0.330042,0.396361,0.370349,0.242022,0.191665,0.236650,0.251438,0.270216,0.287497,0.284409,0.258652,0.336881,0.323307,0.274068,0.300416,0.307342,0.310895,0.420196,0.492319,0.394135,0.334592,0.231284,0.320381,0.341164,0.353038,0.227326,0.414333,0.298576,0.321527,0.335342,0.309351,0.091133,0.256152,0.320108,0.243947,0.148561,0.247803,0.373519,0.427479,0.361413,0.255696,0.491020,0.515608,0.445347,0.371653,0.440996,0.444392,0.347916,0.131021,0.395385,0.384298
0.654167,0.490853,0.316097,0.361893,0.761066,0.513923,0.326381,0.438717,0.629582,0.695947,0.672576,0.427253,0.579061,0.474667,0.716389,0.650591,0.492240,0.356521,0.515498,0.497992,0.449268,0.309527,0.347797,0.270493,0.926371,0.827714,0.000000,0.712226,0.625427,0.405965,0.553910,0.527800,0.386120,0.481579,0.287740,0.152230,0.291569,0.171362,0.401698,0.395135,0.505964,0.459314,0.303777,0.099532,0.262465,0.218750,0.154438,0.193791,0.153256,0.148580,0.230424,0.202781,0.130777,0.134669,0.158800,0.127080,0.400868,0.375198,0.224781,0.180090,0.174261,0.262484,0.421495,0.286052,0.145343,0.265269,0.158023,0.115118,0.276081,0.124639,0.155914,0.259340,0.361872,0.202008,0.091673,0.128963,0.290189,0.264280,0.440925,0.418696,0.488025,0.461705,0.466273,0.255714,0.331348,0.317409,0.188809,0.014092,0.207031,0.160391
0.579098,0.527522,0.452664,0.564257,0.646343,0.699385,0.437031,0.600357,0.544706,0.600836,0.518435,0.557413,0.507675,0.486873,0.597505,0.621634,0.455169,0.500950,0.500726,0.540892,0.371786,0.452660,0.500302,0.479960,0.633138,0.842234,0.712226,0.000000,0.620075,0.604952,0.682200,0.673292,0.460230,0.586310,0.380497,0.281803,0.344678,0.324527,0.423699,0.505389,0.460193,0.537644,0.381083,0.259195,0.323157,0.339808,0.331829,0.345361,0.287244,0.302869,0.389820,0.364242,0.293242,0.333942,0.384020,0.368511,0.386919,0.480026,0.313112,0.308930,0.358466,0.439047,0.448787,0.414710,0.344416,0.467188,0.288493,0.291684,0.333765,0.212533,0.108484,0.256079,0.291258,0.268098,0.153412,0.215500,0.346341,0.337565,0.459643,0.410033,0.631745,0.575611,0.392170,0.332405,0.465211,0.455762,0.224346,0.047903,0.401293,0.388708
0.992255,0.947677,0.448041,0.609467,0.525784,0.499156,0.634367,0.649248,0.418988,0.415128,0.933437,0.850369,0.827918,0.733857,0.698001,0.615723,1.084494,1.015248,0.753594,0.910009,0.606488,0.517433,0.441704,0.415551,0.499129,0.562295,0.625427,0.620075,0.000000,1.204451,0.960400,0.925035,1.080887,1.133940,0.434886,0.254946,0.512464,0.434311,0.781534,0.861749,0.774665,0.899340,0.695483,0.563685,0.641876,0.672376,0.685727,0.640284,0.570599,0.535871,0.532242,0.566811,0.390234,0.473650,0.736183,0.691191,0.870337,0.903290,0.590618,0.621846,0.756485,0.714985,1.008198,0.913481,0.418037,0.478011,0.590409,0.457165,0.703155,0.259985,0.010855,0.190120,0.525590,0.537804,0.269760,0.366674,0.587690,0.456156,0.828041,0.691263,1.112794,1.094819,0.747303,0.604354,0.651179,0.705338,0.492218,0.160018,0.587317,0.558198
0.774371,0.941587,0.569343,0.796046,0.424962,0.540017,0.714523,0.753310,0.307375,0.290261,0.693337,0.934580,0.665566,0.655343,0.523685,0.540004,0.785415,1.334210,0.731217,0.917163,0.494547,0.470636,0.606103,0.635679,0.363984,0.525971,0.405965,0.604952,1.204451,0.000000,1.010402,1.071643,1.066739,1.183173,0.504800,0.326203,0.514723,0.634711,0.690067,0.978672,0.615351,1.026533,0.733406,0.740078,0.671714,0.846382,0.889061,0.811941,0.713166,0.709775,0.675734,0.730109,0.542890,0.726578,0.968481,1.039743,0.717129,1.004790,0.621760,0.769057,0.822244,0.811877,0.797107,1.044423,0.568897,0.634826,0.694079,0.677193,0.699327,0.385200,-0.110200,0.062136,0.308595,0.554664,0.247558,0.424731,0.556935,0.518050,0.710347,0.570220,1.196154,1.303985,0.630541,0.710424,0.730425,0.952392,0.558279,0.161791,0.772770,0.797712
0.772265,0.758094,0.660150,0.842881,0.327921,0.381237,0.773577,0.774281,0.227398,0.252158,0.797320,0.898231,0.762905,0.807286,0.551895,0.611409,0.712369,0.825251,0.668706,0.728550,0.600447,0.619605,0.657553,0.671674,0.325593,0.579153,0.553910,0.682200,0.960400,1.010402,0.000000,1.587228,0.977076,1.051750,0.651382,0.398702,0.461590,0.504656,0.624694,0.858401,0.633249,0.874606,0.661278,0.613860,0.542799,0.657672,0.689889,0.675347,0.594742,0.594322,0.691253,0.682163,0.463674,0.593381,0.700507,0.746811,0.633756,0.777224,0.443206,0.534340,0.655995,0.670307,0.683162,0.744527,0.620965,0.659040,0.600856,0.535818,0.557254,0.191469,0.081989,0.253717,0.445877,0.617011,0.261247,0.343509,0.535476,0.484402,0.634458,0.532930,0.988077,0.982319,0.487357,0.446115,0.631433,0.778259,0.324003,0.058708,0.584856,0.567542
0.668416,0.699777,0.532345,0.792916,0.292700,0.359960,0.652168,0.736884,0.200459,0.216762,0.779149,0.904633,0.694945,0.790426,0.469493,0.573844,0.713790,0.851336,0.565807,0.667908,0.653181,0.657631,0.563727,0.658420,0.286013,0.568235,0.527800,0.673292,0.925035,1.071643,1.587228,0.000000,0.954963,1.108573,0.630816,0.402166,0.472545,0.480910,0.691782,0.932205,0.622017,0.884386,0.718746,0.639179,0.585892,0.700033,0.721315,0.709394,0.578860,0.564131,0.643615,0.666323,0.429728,0.549771,0.734488,0.769464,0.577623,0.750426,0.408158,0.529400,0.629164,0.689362,0.679609,0.743951,0.614736,0.661406,0.578092,0.578224,0.506070,0.166738,0.078585,0.231013,0.359286,0.587063,0.225965,0.311162,0.471030,0.418610,0.649355,0.580735,1.016108,1.013834,0.476959,0.425355,0.579965,0.765396,0.298846,0.028796,0.546932,0.541332
0.969463,1.167864,0.563055,0.825580,0.331838,0.378527,0.859475,0.839371,0.236814,0.241309,0.742750,0.890848,0.671493,0.701849,0.471839,0.467013,1.018398,1.108156,0.781082,0.983436,0.485950,0.512289,0.443651,0.451262,0.257392,0.383362,0.386120,0.460230,1.080887,1.066739,0.977076,0.954963,0.000000,1.537053,0.628066,0.377054,0.509583,0.486935,0.721853,0.840910,0.724968,0.865941,0.956410,0.925103,0.828839,0.976459,1.036524,0.967514,0.816907,0.781905,0.824957,0.854095,0.603156,0.711146,0.920132,0.844362,1.021457,1.153441,0.725762,0.886508,0.952474,0.943842,1.044946,1.178091,0.590718,0.670133,1.017974,0.813750,0.899907,0.269605,-0.080635,0.094636,0.518048,0.607740,0.357153,0.416356,0.736632,0.532814,0.799165,0.645600,1.132873,1.192342,0.580077,0.551603,0.681858,0.819534,0.409655,0.145240,0.625423,0.691936
1.047414,1.218986,0.620376,0.977129,0.481366,0.520981,0.905405,1.038487,0.366035,0.343800,0.783120,0.932874,0.661506,0.690272,0.547722,0.518492,1.020997,1.155891,0.794318,1.056352,0.545459,0.539071,0.503093,0.542190,0.394527,0.538353,0.481579,0.586310,1.133940,1.183173,1.051750,1.108573,1.537053,0.000000,0.715623,0.500538,0.498955,0.487452,0.816736,0.940621,0.832675,0.942203,1.007831,0.899857,0.887634,1.019704,1.020185,1.013420,0.820038,0.794031,0.871670,0.915962,0.652366,0.744779,0.911262,0.820440,0.964364,1.161637,0.720962,0.868259,0.916566,1.025117,1.085067,1.172366,0.657214,0.797338,0.940681,0.841028,0.788544,0.255348,-0.081272,0.095969,0.467746,0.531242,0.311507,0.378267,0.717932,0.522459,0.841783,0.743597,1.251551,1.332815,0.691446,0.640549,0.742033,0.906805,0.466313,0.185896,0.663122,0.718780
0.604889,0.619233,0.662251,0.853125,0.282296,0.316423,0.685618,0.768899,0.210522,0.173625,0.452302,0.562490,0.374372,0.404626,0.359986,0.306304,0.426102,0.509528,0.533878,0.568777,0.212891,0.332429,0.559309,0.651814,0.243571,0.370930,0.287740,0.380497,0.434886,0.504800,0.651382,0.630816,0.628066,0.715623,0.000000,0.805934,0.232690,0.325411,0.356500,0.406357,0.404000,0.414060,0.566072,0.598207,0.520807,0.590524,0.663822,0.669485,0.631102,0.645610,0.819690,0.765830,0.604605,0.632439,0.595949,0.499898,0.513534,0.554887,0.520266,0.544079,0.564199,0.621075,0.463944,0.527321,0.716971,0.823306,0.737880,0.690336,0.447120,0.138367,-0.049159,0.069960,0.337881,0.348015,0.213137,0.257062,0.519398,0.423707,0.402029,0.300065,0.542747,0.599441,0.412963,0.386442,0.647724,0.645357,0.304034,0.158422,0.556481,0.535767
0.411488,0.474829,0.526014,0.665205,0.266931,0.323373,0.576058,0.673881,0.207625,0.146595,0.257473,0.424256,0.266628,0.279869,0.284587,0.209142,0.250814,0.340056,0.376601,0.416489,0.017215,0.191772,0.415106,0.523319,0.159228,0.311541,0.152230,0.281803,0.254946,0.326203,0.398702,0.402166,0.377054,0.500538,0.805934,0.000000,0.132164,0.206410,0.166741,0.159883,0.267180,0.164082,0.356102,0.457269,0.360376,0.421772,0.499642,0.553582,0.505489,0.533709,0.649501,0.658045,0.577935,0.539874,0.452367,0.363321,0.386288,0.440677,0.475920,0.469514,0.435274,0.502025,0.278873,0.402520,0.547139,0.701134,0.596589,0.603929,0.321425,0.097155,-0.012710,0.066696,0.287790,0.308296,0.264241,0.199079,0.486249,0.406331,0.290036,0.145625,0.351448,0.430550,0.309613,0.280736,0.478511,0.490149,0.251698,0.166197,0.474257,0.476554
0.438636,0.472358,0.306720,0.382206,0.233083,0.271129,0.373387,0.347903,0.190791,0.181729,0.382350,0.363777,0.392545,0.349539,0.286946,0.309971,0.424559,0.418927,0.427482,0.491886,0.325011,0.277384,0.320438,0.263014,0.223979,0.303594,0.291569,0.344678,0.512464,0.514723,0.461590,0.472545,0.509583,0.498955,0.232690,0.132164,0.000000,0.499328,0.415452,0.465724,0.526119,0.432517,0.404628,0.352280,0.336884,0.373143,0.409741,0.408287,0.373912,0.338888,0.349668,0.335218,0.270410,0.317770,0.403930,0.398206,0.434412,0.471675,0.350448,0.394322,0.364056,0.359849,0.402041,0.458218,0.234369,0.254863,0.397092,0.347182,0.438753,0.239264,0.068432,0.170597,0.250589,0.346250,0.196725,0.229213,0.396097,0.357489,0.453736,0.300138,0.515172,0.543551,0.304470,0.287511,0.376844,0.398333,0.204983,0.071626,0.368957,0.336016
0.410459,0.545545,0.480770,0.523375,0.266908,0.372011,0.497095,0.456835,0.213271,0.160295,0.275401,0.474502,0.385875,0.348180,0.321581,0.304369,0.272135,0.574368,0.536106,0.567456,0.134879,0.240198,0.534146,0.501908,0.212155,0.322820,0.171362,0.324527,0.434311,0.634711,0.504656,0.480910,0.486935,0.487452,0.325411,0.206410,0.499328,0.000000,0.216746,0.471093,0.281401,0.460783,0.318472,0.453197,0.295311,0.420689,0.503772,0.444272,0.502515,0.497239,0.449503,0.458145,0.407599,0.557428,0.566391,0.658350,0.415349,0.546248,0.439635,0.503343,0.424098,0.398494,0.278405,0.498488,0.330221,0.359842,0.478610,0.495063,0.492556,0.420939,0.008998,0.069748,0.200270,0.379936,0.185484,0.349915,0.426509,0.468690,0.247528,0.137957,0.501336,0.552846,0.294280,0.406065,0.428781,0.526708,0.337768,0.133711,0.544421,0.579043
0.510485,0.498630,0.316576,0.408632,0.234686,0.229077,0.420124,0.445972,0.134941,0.138204,0.569835,0.482294,0.326959,0.405772,0.234209,0.280226,0.940428,0.583022,0.258295,0.380783,1.006058,0.579418,0.138266,0.140421,0.213369,0.270850,0.401698,0.423699,0.781534,0.690067,0.624694,0.691782,0.721853,0.816736,0.356500,0.166741,0.415452,0.216746,0.000000,1.222738,0.971735,0.979238,1.058000,0.548569,0.806148,0.691146,0.524770,0.602631,0.427930,0.371182,0.477917,0.466850,0.251557,0.272518,0.536310,0.449424,0.434053,0.503790,0.308467,0.359963,0.655895,0.707146,0.935165,0.737258,0.448316,0.439455,0.388043,0.348132,0.261346,-0.099932,-0.109147,0.037468,0.130729,0.227047,0.128590,0.085088,0.280943,0.070705,0.773846,1.174240,0.807949,0.803165,0.630096,0.544117,0.489952,0.577523,0.283845,0.134131,0.360629,0.370444
0.571506,0.599482,0.401026,0.526469,0.239516,0.307632,0.507549,0.507087,0.158715,0.163368,0.632211,0.665539,0.468843,0.558070,0.306439,0.417111,0.896967,0.814239,0.396422,0.502003,0.887934,0.582019,0.288500,0.303961,0.228098,0.330042,0.395135,0.505389,0.861749,0.978672,0.858401,0.932205,0.840910,0.940621,0.406357,0.159883,0.465724,0.471093,1.222738,0.000000,0.817795,1.347915,1.052345,0.693046,0.785193,0.833754,0.662109,0.688737,0.555618,0.515671,0.582391,0.580336,0.366965,0.474761,0.688105,0.723443,0.481612,0.660970,0.387458,0.480902,0.747638,0.754550,0.882349,0.856780,0.529883,0.501423,0.481415,0.480751,0.366770,0.080109,-0.111707,0.039429,0.115757,0.320894,0.118556,0.180543,0.331050,0.187115,0.723225,0.954850,1.037519,1.021669,0.530166,0.591356,0.579447,0.777595,0.325469,0.086913,0.505597,0.540272
0.696492,0.708232,0.421626,0.513823,0.376115,0.345187,0.557905,0.613837,0.275682,0.292454,0.602822,0.553227,0.462769,0.472506,0.400848,0.381288,0.947568,0.587360,0.452373,0.575128,0.770179,0.506199,0.256962,0.235124,0.339955,0.396361,0.505964,0.460193,0.774665,0.615351,0.633249,0.622017,0.724968,0.832675,0.404000,0.267180,0.526119,0.281401,0.971735,0.817795,0.000000,0.821175,0.855680,0.541903,0.700093,0.644201,0.554135,0.641721,0.442076,0.441299,0.516358,0.517928,0.366030,0.376281,0.464792,0.393180,0.599181,0.632086,0.426069,0.443098,0.636993,0.736403,0.961441,0.774468,0.413668,0.476169,0.472761,0.346596,0.435844,-0.022204,-0.014654,0.179814,0.365046,0.311505,0.250464,0.116082,0.483721,0.268577,0.777545,0.927584,0.761224,0.844444,0.704899,0.500619,0.547974,0.562225,0.287484,0.112044,0.379629,0.436432
0.636907,0.674853,0.428894,0.561924,0.301913,0.358160,0.540172,0.575349,0.218082,0.239521,0.625292,0.688017,0.508056,0.565923,0.362187,0.459196,0.835366,0.882867,0.477100,0.598280,0.757362,0.535154,0.328952,0.327096,0.288970,0.370349,0.459314,0.537644,0.899340,1.026533,0.874606,0.884386,0.865941,0.942203,0.414060,0.164082,0.432517,0.460783,0.979238,1.347915,0.821175,0.000000,0.896484,0.610499,0.759372,0.797116,0.627231,0.641961,0.524393,0.494170,0.576532,0.569142,0.399735,0.515934,0.611096,0.658509,0.509222,0.716350,0.412302,0.484555,0.726617,0.716601,0.867702,0.840579,0.489900,0.470267,0.504751,0.487126,0.463082,0.183483,-0.115898,0.022814,0.139481,0.313438,0.113051,0.188906,0.379056,0.260591,0.713964,0.819892,1.061875,1.000358,0.565785,0.615503,0.596251,0.788568,0.334163,0.066194,0.513982,0.543902
0.627332,0.717225,0.429562,0.625105,0.227259,0.305686,0.625820,0.655590,0.160366,0.129938,0.539482,0.594395,0.386792,0.473892,0.260984,0.287531,0.985686,0.728789,0.404292,0.573174,0.681486,0.514132,0.218606,0.267488,0.146157,0.242022,0.303777,0.381083,0.695483,0.733406,0.661278,0.718746,0.956410,1.007831,0.566072,0.356102,0.404628,0.318472,1.058000,1.052345,0.855680,0.896484,0.000000,1.173738,1.389240,1.364469,1.028882,1.094992,0.839648,0.801129,0.852816,0.849002,0.610167,0.612379,0.745080,0.615427,0.637301,0.733667,0.586949,0.697312,0.878952,0.962614,0.999350,0.975053,0.612245,0.680027,0.756478,0.729363,0.421275,0.054419,-0.136866,0.008598,0.219873,0.314139,0.227056,0.171396,0.509201,0.246781,0.793619,0.959393,0.929369,0.952749,0.603589,0.538225,0.589299,0.716531,0.308800,0.106348,0.494155,0.576074
0.576207,0.833669,0.423271,0.673952,0.142781,0.296604,0.685378,0.690692,0.084518,0.035527,0.419833,0.721257,0.435819,0.499560,0.262837,0.275234,0.685446,0.831998,0.476904,0.641835,0.264625,0.358458,0.311440,0.399051,0.002698,0.191665,0.099532,0.259195,0.563685,0.740078,0.613860,0.639179,0.925103,0.899857,0.598207,0.457269,0.352280,0.453197,0.548569,0.693046,0.541903,0.610499,1.173738,0.000000,0.883800,1.361868,1.658970,1.629647,1.164729,1.314532,1.000968,1.218581,0.897144,1.023472,1.089993,1.002341,0.755112,0.899911,0.823632,1.082516,0.906117,0.985320,0.705532,1.004610,0.640478,0.848997,1.038496,0.888444,0.622315,0.185090,-0.186507,0.017354,0.330687,0.533792,0.334685,0.402857,0.679487,0.480182,0.565660,0.492721,0.771056,0.874377,0.430050,0.458755,0.579659,0.789252,0.416560,0.117157,0.638012,0.856705
0.577101,0.639197,0.384445,0.567174,0.270683,0.353884,0.552700,0.614307,0.214881,0.182357,0.433360,0.477681,0.329287,0.378978,0.234768,0.223956,0.826186,0.659143,0.384321,0.562100,0.555151,0.396459,0.188402,0.232134,0.188355,0.236650,0.262465,0.323157,0.641876,0.671714,0.542799,0.585892,0.828839,0.887634,0.520807,0.360376,0.336884,0.295311,0.806148,0.785193,0.700093,0.759372,1.389240,0.883800,0.000000,1.415871,0.794778,0.819160,0.791055,0.720003,0.764595,0.712563,0.542352,0.514976,0.611685,0.486748,0.548576,0.616049,0.595157,0.626394,0.774220,0.799678,0.842133,0.836904,0.510764,0.570926,0.702464,0.798514,0.358281,0.130622,-0.145376,-0.037473,0.154398,0.198460,0.165705,0.103204,0.428242,0.237819,0.767124,0.799776,0.862388,0.839137,0.611952,0.524157,0.513770,0.602324,0.311829,0.084704,0.444978,0.483633
0.658584,0.812431,0.460028,0.720844,0.247174,0.387682,0.702826,0.749657,0.180899,0.143001,0.493557,0.661419,0.437459,0.483395,0.284431,0.282100,0.799750,0.868981,0.499838,0.710535,0.416012,0.378313,0.319887,0.392816,0.144687,0.251438,0.218750,0.339808,0.672376,0.846382,0.657672,0.700033,0.976459,1.019704,0.590524,0.421772,0.373143,0.420689,0.691146,0.833754,0.644201,0.797116,1.364469,1.361868,1.415871,0.000000,1.185267,1.155732,1.068329,1.164468,0.995854,1.061676,0.771467,0.819411,0.881790,0.774470,0.672307,0.830764,0.748828,0.907946,0.895789,0.948775,0.818323,1.012003,0.643503,0.771869,0.896085,0.958274,0.524661,0.208354,-0.177522,-0.051544,0.247295,0.386231,0.256022,0.290005,0.563553,0.382962,0.735034,0.645757,0.973977,0.998218,0.543574,0.555601,0.592733,0.775086,0.393812,0.101343,0.612948,0.702934
0.701908,1.013368,0.497985,0.788806,0.209971,0.337198,0.754378,0.774239,0.139737,0.071061,0.514958,0.818278,0.503231,0.536196,0.341622,0.314344,0.707505,0.980746,0.604991,0.796784,0.243880,0.374394,0.409611,0.514391,0.082365,0.270216,0.154438,0.331829,0.685727,0.889061,0.689889,0.721315,1.036524,1.020185,0.663822,0.499642,0.409741,0.503772,0.524770,0.662109,0.554135,0.627231,1.028882,1.658970,0.794778,1.185267,0.000000,1.742427,1.222427,1.263990,1.030947,1.225897,0.901977,1.064577,1.346230,1.167004,0.912404,1.052256,0.940890,1.231445,0.981515,1.001006,0.769966,1.087171,0.671949,0.872252,1.184759,0.919294,0.795046,0.254019,-0.168204,0.023209,0.417365,0.608121,0.376686,0.467524,0.781158,0.549059,0.579828,0.425452,0.874253,0.955440,0.500720,0.529435,0.670301,0.831619,0.523959,0.173167,0.761068,0.914078
0.691895,0.988691,0.499832,0.778818,0.233808,0.351474,0.773221,0.848149,0.174407,0.108624,0.511510,0.837785,0.519108,0.571270,0.367081,0.348203,0.737834,0.867084,0.571687,0.756765,0.301716,0.385936,0.375524,0.467617,0.099266,0.287497,0.193791,0.345361,0.640284,0.811941,0.675347,0.709394,0.967514,1.013420,0.669485,0.553582,0.408287,0.444272,0.602631,0.688737,0.641721,0.641961,1.094992,1.629647,0.819160,1.155732,1.742427,0.000000,1.067700,1.179860,0.996122,1.271410,0.930098,1.080825,1.133840,1.010092,0.848290,0.982947,0.887068,1.123473,0.953537,1.106304,0.795160,1.100870,0.673980,0.969873,1.096243,0.905530,0.698337,0.200381,-0.177124,0.041172,0.396587,0.570900,0.382688,0.401914,0.772281,0.525215,0.661405,0.540831,0.831935,1.008324,0.532550,0.503449,0.636025,0.862630,0.457066,0.129063,0.680619,0.875243
0.687125,0.868690,0.596946,0.789166,0.267222,0.388493,0.734519,0.757638,0.228192,0.140282,0.451196,0.746275,0.487625,0.499378,0.437238,0.347476,0.535935,0.746358,0.595275,0.710847,0.139064,0.282255,0.473938,0.542413,0.127941,0.284409,0.153256,0.287244,0.570599,0.713166,0.594742,0.578860,0.816907,0.820038,0.631102,0.505489,0.373912,0.502515,0.427930,0.555618,0.442076,0.524393,0.839648,1.164729,0.791055,1.068329,1.222427,1.067700,0.000000,1.504280,1.391705,1.301132,0.883745,0.934193,1.135090,0.978585,0.734073,0.825436,1.147651,1.166994,0.972826,0.884576,0.583298,0.838334,0.774904,0.887298,1.105146,0.906087,0.678317,0.287186,-0.152847,-0.003699,0.328930,0.489291,0.300621,0.413411,0.677929,0.530800,0.450407,0.301420,0.734583,0.802069,0.472575,0.495286,0.761244,0.829554,0.513494,0.190330,0.873957,0.936894
