0.000000,1.386806,0.601624,0.711731,0.126375,0.564739,0.721910,0.789900,0.633616,0.635566,1.190484,1.202229,0.907376,0.962956,0.906726,0.950320,1.002714,0.733124,1.393220,1.320879,0.248488,0.499403,0.487947,0.617443,0.299583,0.326082,0.456569,0.201676,0.371274,0.115768,0.184284,0.448621,0.702691,0.796490,0.022687,0.324750,0.497529,0.355959,0.123488,0.026886,0.042546,0.222052,0.449380,0.514896,0.548291,0.740280,0.576368,0.846665,0.761794,0.870114,0.783489,0.766253,0.736405,0.934336,0.764667,1.011891,1.366267,1.079724,1.011491,0.975294,0.652449,0.764689,0.783755,0.961359,0.178237,0.301181,0.655314,0.592850,0.888722,0.958780,0.477513,0.696003,0.786485,0.871931,0.582665,0.616248,0.968224,0.922626,0.372963,0.506528,1.058246,0.790439,0.588278,0.756145,1.009917,0.844202,0.117812,0.145234,0.681894,0.696728
1.386806,0.000000,0.452743,0.622320,0.150947,0.505532,0.539746,0.630549,0.582807,0.484985,0.890337,1.046211,0.807380,0.870804,0.883942,0.881659,1.028942,0.856578,1.262546,1.292100,0.229652,0.470089,0.448605,0.603448,0.435437,0.363004,0.498195,0.177060,0.286644,0.090077,0.171667,0.411154,0.604287,0.790353,0.032630,0.271076,0.448339,0.301094,0.123423,0.041425,0.045894,0.299613,0.468664,0.512766,0.617088,0.806728,0.634414,0.783642,0.776382,0.890323,0.763326,0.832805,0.766191,0.831640,0.707545,0.859928,1.270599,1.304941,0.799375,0.905159,0.433397,0.598251,0.590966,0.809214,0.161846,0.243511,0.593843,0.612067,0.932976,0.977975,0.435147,0.566287,0.751197,0.778625,0.637261,0.544161,0.853631,0.910776,0.409279,0.518807,1.041763,0.839287,0.578790,0.732449,1.028324,0.885056,0.125268,0.153312,0.725873,0.603248
0.601624,0.452743,0.000000,1.320785,0.317094,0.535752,1.547340,1.202364,0.731155,0.831803,0.699905,0.484423,0.624180,0.420669,0.771598,0.463461,0.298236,0.154844,0.686957,0.594258,0.407718,0.643678,1.374287,1.068596,0.258286,0.226929,0.314575,0.125472,0.221914,-0.091634,0.639629,0.838214,0.770353,0.757913,0.461367,0.383528,0.236467,0.241029,0.016660,-0.097886,-0.066870,-0.011269,0.323295,0.451142,0.569085,0.549831,0.547023,0.699934,0.562912,0.438786,0.548915,0.523374,0.328049,0.603607,0.509190,0.573361,0.419279,0.460146,0.685857,0.546085,0.995390,0.883030,0.490159,0.500368,0.919392,0.920755,1.009784,0.881612,0.468677,0.514734,0.413011,0.741376,0.496050,0.403567,0.517801,0.289989,0.606792,0.662402,0.020824,0.122362,0.366963,0.313130,0.314843,0.374878,0.625560,0.520867,-0.009844,-0.000567,1.006060,1.043391
0.711731,0.622320,1.320785,0.000000,0.173405,0.698783,1.343322,1.424188,0.706066,1.084284,0.666845,0.692410,0.541788,0.491598,0.679363,0.500446,0.404501,0.287421,0.658633,0.674296,0.205357,0.565345,1.022633,1.143642,0.212846,0.328141,0.350605,0.181720,0.196809,-0.003142,0.631207,0.902118,0.860496,0.904647,0.406719,0.524686,0.214510,0.206855,-0.120114,-0.130203,-0.076877,-0.019693,0.353493,0.462424,0.653174,0.675970,0.600838,0.701321,0.665332,0.535533,0.635506,0.656775,0.458822,0.699167,0.549759,0.628069,0.526479,0.580473,0.695197,0.661477,0.889669,1.007754,0.570549,0.655015,0.767008,0.975618,0.897971,0.962969,0.466959,0.503421,0.385543,0.639251,0.610959,0.525378,0.557939,0.388701,0.712929,0.669889,0.097041,0.256053,0.499084,0.390139,0.326561,0.431557,0.653590,0.564036,-0.015317,-0.070762,0.865820,1.050162
0.126375,0.150947,0.317094,0.173405,0.000000,0.357161,0.234878,0.213228,0.769461,0.104969,0.178628,0.067832,0.533265,0.145302,0.481554,0.384462,0.044857,0.087955,0.199936,0.176088,0.175667,0.084177,0.362516,0.187120,0.406101,-0.056019,0.123134,0.054485,0.078785,-0.065576,0.175355,0.178614,0.129188,0.209315,0.126795,0.034011,0.023177,0.095160,0.046276,0.056158,-0.060900,0.016629,0.252810,0.272080,0.196389,0.257694,0.274630,0.272693,0.249419,0.256354,0.258110,0.276215,0.264579,0.253473,0.141876,0.151589,-0.042163,0.008683,0.136327,0.113882,0.168458,0.087858,-0.057692,-0.035159,0.243505,0.318434,0.311718,0.306505,0.254282,0.208306,0.131432,0.129943,0.192390,0.181176,0.232391,0.157767,0.140178,0.199358,-0.057604,0.052335,0.045018,0.031560,0.037999,0.143835,0.150478,0.165620,0.130968,0.225440,0.263360,0.381639
0.564739,0.505532,0.535752,0.698783,0.357161,0.000000,0.530982,0.662902,0.719444,0.707499,0.562883,0.543921,0.593754,0.387405,0.461250,0.641987,0.461408,0.170118,0.526627,0.431368,0.069834,0.190787,0.477959,0.485605,0.405420,0.567279,0.436600,0.648593,0.064445,-0.126288,0.275283,0.473375,0.359483,0.417983,0.139274,0.144671,0.222716,0.135193,-0.060789,0.019835,-0.058745,0.149302,0.545843,0.665183,0.697528,0.726663,0.608126,0.652208,0.755595,0.696836,0.704794,0.798962,0.663190,0.604845,0.393126,0.577366,0.362925,0.378938,0.540197,0.497492,0.448709,0.476215,0.309535,0.351538,0.286650,0.421009,0.490565,0.489152,0.329394,0.290566,0.275516,0.377877,0.395404,0.511667,0.333934,0.501490,0.588419,0.443982,0.167029,0.137751,0.461240,0.251206,0.330748,0.263417,0.500858,0.383076,0.070307,0.023825,0.421284,0.528951
0.721910,0.539746,1.547340,1.343322,0.234878,0.530982,0.000000,1.635089,0.751030,1.008836,0.768565,0.712242,0.624481,0.533976,0.777433,0.534455,0.343900,0.273714,0.677610,0.661629,0.347412,0.572615,1.017284,1.104874,0.105138,0.254954,0.258630,0.081574,0.289843,0.006827,0.497365,0.669889,0.878276,0.824501,0.425511,0.470525,0.244472,0.224450,-0.041508,-0.125311,-0.061402,0.009151,0.295675,0.421653,0.578434,0.581145,0.530777,0.684773,0.629582,0.486894,0.608349,0.550512,0.353534,0.663219,0.556112,0.622211,0.549395,0.559356,0.814078,0.704807,1.316585,1.242203,0.568144,0.703300,0.828380,1.037633,0.971886,0.904779,0.423954,0.510230,0.373613,0.638878,0.507198,0.457695,0.534805,0.297665,0.609131,0.674866,0.079317,0.180144,0.442899,0.387153,0.358454,0.483811,0.651462,0.524440,-0.026985,-0.040507,0.872619,1.147880
0.789900,0.630549,1.202364,1.424188,0.213228,0.662902,1.635089,0.000000,0.765066,1.213361,0.773536,0.802291,0.643445,0.558790,0.779110,0.651146,0.384532,0.255327,0.737435,0.779235,0.352091,0.572263,0.911072,1.203035,0.138204,0.357248,0.332520,0.158091,0.164340,-0.015163,0.462950,0.695421,0.833509,0.838043,0.397527,0.520402,0.204041,0.211886,-0.128647,-0.159172,-0.216161,0.055559,0.281975,0.415951,0.542963,0.585909,0.530613,0.717212,0.626889,0.497503,0.582246,0.583406,0.412413,0.682395,0.500166,0.617441,0.560472,0.607026,0.757943,0.743566,0.991198,1.232890,0.521264,0.724631,0.597982,0.937523,0.886855,0.954551,0.465548,0.512937,0.491503,0.702476,0.445150,0.502435,0.476204,0.334977,0.692861,0.784305,0.101982,0.183566,0.523114,0.415676,0.424185,0.444287,0.644579,0.593272,-0.103535,-0.085265,0.839225,1.018373
0.633616,0.582807,0.731155,0.706066,0.769461,0.719444,0.751030,0.765066,0.000000,0.697382,0.622333,0.512846,0.767236,0.405266,1.017394,0.747439,0.424381,0.256301,0.653777,0.637807,0.207158,0.338982,0.606892,0.649740,0.421891,0.243816,0.359967,0.075869,0.235203,0.005787,0.217426,0.351062,0.384714,0.420862,0.100422,0.176500,0.163051,0.263415,0.102473,0.129394,-0.106447,0.088620,0.337883,0.401949,0.519170,0.564366,0.457468,0.550300,0.635144,0.617553,0.530409,0.595805,0.498419,0.740245,0.433001,0.588406,0.359174,0.366211,0.574808,0.543453,0.542739,0.524501,0.307832,0.344717,0.377564,0.522658,0.604109,0.546460,0.542912,0.503485,0.229711,0.324473,0.406949,0.460035,0.401399,0.304594,0.450841,0.518769,0.160384,0.185822,0.462921,0.318148,0.397044,0.519776,0.514602,0.416428,0.112446,0.204618,0.704015,0.844961
0.635566,0.484985,0.831803,1.084284,0.104969,0.707499,1.008836,1.213361,0.697382,0.000000,0.558861,0.558691,0.361443,0.271730,0.559846,0.521232,0.318604,0.142378,0.549641,0.622053,0.233171,0.518935,0.672376,0.898339,0.076494,0.382614,0.456760,0.255357,0.100874,0.046185,0.342919,0.503138,0.578788,0.501155,0.156235,0.401016,0.084362,0.173258,-0.160588,-0.157307,-0.360545,0.015013,0.182125,0.270587,0.517696,0.580683,0.361321,0.534543,0.624282,0.483288,0.541726,0.501230,0.497548,0.660338,0.427651,0.557645,0.427601,0.437571,0.769646,0.711497,0.740133,0.854318,0.512339,0.608672,0.460361,0.690486,0.661703,0.645524,0.457553,0.482683,0.295439,0.454594,0.337772,0.450917,0.347674,0.333381,0.457460,0.571711,0.228340,0.082239,0.513320,0.357466,0.504098,0.483880,0.422147,0.333448,-0.267218,-0.106757,0.595083,0.834596
1.190484,0.890337,0.699905,0.666845,0.178628,0.562883,0.768565,0.773536,0.622333,0.558861,0.000000,1.112064,1.175423,1.120927,0.981033,1.059044,0.827390,0.589657,1.115666,0.879742,0.290262,0.498350,0.634388,0.738031,0.301908,0.359527,0.430486,0.210629,0.453855,0.144734,0.258928,0.499358,0.629487,0.695254,0.124968,0.399200,0.500364,0.391534,0.121382,0.050894,0.157797,0.196228,0.468877,0.559756,0.525253,0.606322,0.555196,0.787301,0.706882,0.771394,0.632367,0.641564,0.460648,0.766450,0.621782,0.811942,0.901993,0.707866,0.716843,0.657303,0.672304,0.667844,0.687762,0.688788,0.222250,0.310201,0.537533,0.485618,0.590572,0.672934,0.469501,0.696674,0.759070,0.809046,0.557390,0.552832,0.915289,0.813157,0.203052,0.495140,0.692187,0.620526,0.406790,0.615156,0.822845,0.770301,0.162203,0.187202,0.636259,0.693415
1.202229,1.046211,0.484423,0.692410,0.067832,0.543921,0.712242,0.802291,0.512846,0.558691,1.112064,0.000000,0.786029,1.283840,0.737856,0.956383,0.860400,0.761131,0.923833,0.917477,0.097851,0.359989,0.405207,0.671462,0.164920,0.317387,0.347423,0.183416,0.394649,0.157150,0.171937,0.434478,0.773456,0.877511,0.140243,0.477804,0.439794,0.307837,0.020061,0.014343,0.165462,0.135487,0.518125,0.606846,0.577669,0.690760,0.615600,0.752514,0.734602,0.759199,0.697390,0.701631,0.543355,0.663985,0.651311,0.859207,1.077605,0.911165,0.767502,0.840759,0.723863,0.872922,0.720045,0.984934,0.205985,0.424432,0.585644,0.622654,0.541596,0.651874,0.409167,0.494380,0.668887,0.780810,0.570135,0.503781,0.763787,0.680012,0.251507,0.510698,0.754254,0.686238,0.361683,0.636198,0.860317,0.819437,0.246107,0.082254,0.493531,0.676256
0.907376,0.807380,0.624180,0.541788,0.533265,0.593754,0.624481,0.643445,0.767236,0.361443,1.175423,0.786029,0.000000,1.131584,1.133877,1.050872,0.670832,0.482592,0.923235,0.776252,0.341410,0.399206,0.721809,0.615103,0.597425,0.338681,0.397357,0.176921,0.314519,0.007097,0.254280,0.444856,0.427637,0.572595,0.171368,0.250630,0.424222,0.364905,0.099763,0.143683,0.115319,0.270371,0.512110,0.605655,0.481828,0.593106,0.612066,0.766184,0.660679,0.766072,0.670578,0.776583,0.541017,0.830176,0.522525,0.665149,0.623320,0.572938,0.536381,0.484684,0.463876,0.437526,0.385949,0.390744,0.258724,0.253440,0.504083,0.475666,0.570351,0.609433,0.435756,0.660557,0.654725,0.632992,0.504734,0.474408,0.883266,0.716884,0.162428,0.433415,0.583679,0.487448,0.245194,0.414609,0.823559,0.892118,0.176861,0.310697,0.711691,0.642208
0.962956,0.870804,0.420669,0.491598,0.145302,0.387405,0.533976,0.558790,0.405266,0.271730,1.120927,1.283840,1.131584,0.000000,0.809846,0.950212,0.833055,0.676466,0.888287,0.779671,0.187540,0.349088,0.433419,0.548873,0.253055,0.211853,0.325178,0.117275,0.426718,0.162095,0.132262,0.350703,0.522024,0.664060,0.097618,0.426207,0.470065,0.350049,0.093194,0.114063,0.283482,0.201807,0.512954,0.563133,0.397188,0.524572,0.590424,0.673393,0.584456,0.721033,0.580440,0.636072,0.454629,0.624090,0.572021,0.706637,0.864811,0.710529,0.542529,0.521964,0.500051,0.527278,0.565946,0.637045,0.157309,0.215362,0.399189,0.412609,0.487192,0.611977,0.396591,0.545943,0.646246,0.652526,0.511105,0.442025,0.827032,0.601862,0.208833,0.572783,0.647618,0.639275,0.219051,0.475191,0.865535,0.973161,0.281391,0.199719,0.488253,0.500507
0.906726,0.883942,0.771598,0.679363,0.481554,0.461250,0.777433,0.779110,1.017394,0.559846,0.981033,0.737856,1.133877,0.809846,0.000000,1.041614,0.717323,0.518088,1.021476,0.925542,0.424996,0.556417,0.788021,0.839281,0.466474,0.303776,0.570965,0.062898,0.403276,0.150141,0.275812,0.461582,0.486967,0.608711,0.184214,0.339674,0.385343,0.412730,0.120459,0.126920,0.010274,0.222541,0.382420,0.446635,0.522742,0.630690,0.526333,0.699073,0.645812,0.704640,0.615864,0.696821,0.515818,0.823020,0.550107,0.774067,0.653016,0.647394,0.667579,0.623565,0.539233,0.530996,0.507382,0.490827,0.371028,0.405794,0.655760,0.611620,0.766760,0.759382,0.378772,0.572030,0.565189,0.655715,0.573235,0.424539,0.754668,0.791142,0.251795,0.412681,0.697889,0.619321,0.528910,0.674516,0.816087,0.810079,0.111929,0.221405,0.939476,0.831233
0.950320,0.881659,0.463461,0.500446,0.384462,0.641987,0.534455,0.651146,0.747439,0.521232,1.059044,0.956383,1.050872,0.950212,1.041614,0.000000,0.870466,0.538824,0.903179,0.859722,0.280641,0.437167,0.489594,0.670229,0.531674,0.456979,0.558071,0.272681,0.448299,0.266759,0.217747,0.368793,0.406364,0.543388,0.109055,0.267819,0.449368,0.461883,0.143765,0.199362,0.078634,0.271847,0.475520,0.529536,0.528670,0.719698,0.566796,0.728888,0.639618,0.793494,0.639771,0.762351,0.616346,0.776075,0.542198,0.796268,0.728763,0.605113,0.661309,0.618357,0.399232,0.458585,0.482887,0.523662,0.135089,0.235190,0.508941,0.534715,0.675761,0.713823,0.410388,0.416583,0.516612,0.717246,0.557493,0.602214,0.722364,0.744184,0.408862,0.538145,0.879066,0.803927,0.608037,0.822880,0.790442,0.876141,0.199169,0.310741,0.573713,0.659931
1.002714,1.028942,0.298236,0.404501,0.044857,0.461408,0.343900,0.384532,0.424381,0.318604,0.827390,0.860400,0.670832,0.833055,0.717323,0.870466,0.000000,0.815536,0.897646,0.773950,0.082010,0.333709,0.264121,0.361186,0.399723,0.361054,0.430403,0.203322,0.564737,0.306462,0.175590,0.358100,0.450156,0.541672,-0.023240,0.142660,0.653671,0.429993,0.153677,0.192571,0.226961,0.409833,0.465444,0.503735,0.550747,0.734318,0.517109,0.611492,0.636055,0.794749,0.633092,0.689071,0.561804,0.644869,0.503489,0.798407,1.004954,0.804833,0.592984,0.601949,0.339356,0.404233,0.653413,0.621537,0.121626,0.121588,0.391108,0.366902,0.598639,0.651253,0.402718,0.443973,0.713144,0.718386,0.491649,0.570836,0.811744,0.686652,0.484984,0.617352,0.898237,0.856348,0.470614,0.788041,0.852339,0.733532,0.298608,0.241011,0.457745,0.393756
0.733124,0.856578,0.154844,0.287421,0.087955,0.170118,0.273714,0.255327,0.256301,0.142378,0.589657,0.761131,0.482592,0.676466,0.518088,0.538824,0.815536,0.000000,0.684056,0.583894,0.057197,0.316429,0.142163,0.237908,0.236484,0.204100,0.170759,0.103010,0.485360,0.366536,0.238137,0.352486,0.579284,0.639524,0.098736,0.227550,0.504297,0.316541,0.061460,0.178090,0.329198,0.306037,0.234618,0.328317,0.343489,0.494268,0.312307,0.337328,0.357506,0.467868,0.397688,0.439719,0.346671,0.434666,0.434942,0.537086,0.959383,0.946618,0.414966,0.501184,0.349021,0.427669,0.564189,0.696013,0.106070,0.208807,0.316301,0.324405,0.465451,0.527434,0.391503,0.412236,0.760471,0.695082,0.471447,0.438984,0.642531,0.596802,0.391962,0.727694,0.617182,0.682906,0.252520,0.571160,0.600082,0.546467,0.348098,0.101657,0.329007,0.342896
1.393220,1.262546,0.686957,0.658633,0.199936,0.526627,0.677610,0.737435,0.653777,0.549641,1.115666,0.923833,0.923235,0.888287,1.021476,0.903179,0.897646,0.684056,0.000000,1.419919,0.427170,0.613830,0.608041,0.701043,0.375361,0.302539,0.525157,0.170376,0.346936,0.081473,0.237558,0.466874,0.622175,0.718470,0.013206,0.259258,0.445485,0.335773,0.134050,0.026653,0.001062,0.232068,0.399767,0.498495,0.488678,0.705305,0.581262,0.829638,0.652351,0.808611,0.640229,0.697960,0.665698,0.842214,0.679494,0.978047,1.075525,1.011164,0.896909,0.813180,0.573440,0.663393,0.682167,0.774408,0.208401,0.311109,0.675452,0.585124,1.077449,1.068925,0.592672,0.796567,0.710852,0.825690,0.643250,0.538962,0.931651,1.052728,0.354822,0.391178,0.885979,0.710149,0.637231,0.676478,0.919961,0.809365,0.140747,0.151159,0.830839,0.691035
1.320879,1.292100,0.594258,0.674296,0.176088,0.431368,0.661629,0.779235,0.637807,0.622053,0.879742,0.917477,0.776252,0.779671,0.925542,0.859722,0.773950,0.583894,1.419919,0.000000,0.373020,0.530892,0.525891,0.690198,0.310086,0.272157,0.521566,0.095325,0.251601,0.062117,0.152865,0.351105,0.604186,0.721174,-0.027474,0.285418,0.334191,0.340077,0.116526,-0.039963,-0.117048,0.154420,0.278326,0.328769,0.426053,0.675355,0.494437,0.779439,0.629654,0.697218,0.604782,0.633682,0.686217,0.832111,0.680651,0.880587,1.013984,0.969076,0.903730,0.950362,0.538845,0.696157,0.736620,0.899905,0.150449,0.285519,0.733820,0.710650,1.246662,1.344593,0.490432,0.583000,0.533266,0.682382,0.485983,0.450416,0.718022,0.906329,0.330199,0.443301,1.003652,0.830534,0.699731,0.819651,0.910964,0.807585,0.064336,0.216547,0.779728,0.697548
0.248488,0.229652,0.407718,0.205357,0.175667,0.069834,0.347412,0.352091,0.207158,0.233171,0.290262,0.097851,0.341410,0.187540,0.424996,0.280641,0.082010,0.057197,0.427170,0.373020,0.000000,0.545679,0.497690,0.414977,0.255070,0.204094,0.292997,0.065883,0.140748,-0.009520,0.229128,0.199121,0.152164,0.178878,0.136815,0.145572,0.173187,0.305352,0.067147,0.085255,-0.192536,0.323972,0.123724,0.170857,0.154277,0.164066,0.156676,0.308437,0.139111,0.108821,0.118743,0.110670,0.115396,0.205681,0.212660,0.168072,0.180326,0.217203,0.289466,0.178321,0.181265,0.174063,0.151104,0.147605,0.095096,0.109978,0.395134,0.329287,0.360675,0.348978,0.435209,0.453435,0.029480,0.181558,0.107259,0.107024,0.273944,0.454171,0.195305,0.049233,0.235251,0.202265,0.344088,0.160880,0.352197,0.242271,-0.360404,-0.138347,0.410010,0.217998
0.499403,0.470089,0.643678,0.565345,0.084177,0.190787,0.572615,0.572263,0.338982,0.518935,0.498350,0.359989,0.399206,0.349088,0.556417,0.437167,0.333709,0.316429,0.613830,0.530892,0.545679,0.000000,0.699902,0.740125,0.362340,0.345580,0.504054,0.192714,0.282080,0.177530,0.433235,0.476933,0.397574,0.402483,0.314777,0.295174,0.306911,0.206050,0.020532,0.017918,-0.077110,0.134695,0.140420,0.219915,0.330617,0.399414,0.312613,0.453876,0.303532,0.343817,0.390781,0.370564,0.281999,0.460026,0.439019,0.484496,0.480058,0.530502,0.541968,0.450356,0.440467,0.469516,0.328357,0.393348,0.386932,0.402383,0.621595,0.573244,0.575633,0.574535,0.538697,0.711417,0.400808,0.355159,0.447673,0.244580,0.549306,0.671483,0.366299,0.258179,0.473185,0.399251,0.475392,0.430002,0.511702,0.464708,-0.111799,-0.054876,0.714279,0.598447
0.487947,0.448605,1.374287,1.022633,0.362516,0.477959,1.017284,0.911072,0.606892,0.672376,0.634388,0.405207,0.721809,0.433419,0.788021,0.489594,0.264121,0.142163,0.608041,0.525891,0.497690,0.699902,0.000000,1.190837,0.508968,0.375157,0.437642,0.122736,0.154613,-0.116795,0.743917,0.854606,0.593708,0.662599,0.587599,0.406495,0.210383,0.169382,-0.070514,-0.100052,-0.116575,0.106715,0.352642,0.426019,0.539354,0.529754,0.461270,0.624461,0.476425,0.407698,0.499564,0.547043,0.318247,0.533451,0.373293,0.399471,0.338727,0.402204,0.467985,0.350187,0.603855,0.562549,0.283861,0.280788,0.815958,0.728713,0.859232,0.823729,0.441370,0.474128,0.395085,0.721886,0.438606,0.384676,0.454708,0.290233,0.546691,0.602894,0.088171,0.134938,0.299977,0.256779,0.229259,0.273228,0.561986,0.564889,-0.066509,-0.022603,0.987382,0.827511
0.617443,0.603448,1.068596,1.143642,0.187120,0.485605,1.104874,1.203035,0.649740,0.898339,0.738031,0.671462,0.615103,0.548873,0.839281,0.670229,0.361186,0.237908,0.701043,0.690198,0.414977,0.740125,1.190837,0.000000,0.352801,0.534300,0.486230,0.150987,0.202789,0.041723,0.555341,0.711342,0.644966,0.690383,0.460035,0.554035,0.192339,0.181763,-0.113806,-0.126188,-0.162779,0.057715,0.352125,0.393304,0.562585,0.601397,0.490664,0.667055,0.575701,0.536280,0.530651,0.583621,0.351470,0.651722,0.456988,0.539550,0.493842,0.515996,0.603109,0.531942,0.631777,0.713261,0.340173,0.466828,0.585966,0.748454,0.800136,0.842509,0.523941,0.579958,0.399520,0.591945,0.441540,0.477413,0.497706,0.286677,0.597549,0.759782,0.228808,0.216577,0.475664,0.413815,0.452949,0.453677,0.597848,0.610681,-0.126483,-0.041454,0.916920,0.910553
0.299583,0.435437,0.258286,0.212846,0.406101,0.405420,0.105138,0.138204,0.421891,0.076494,0.301908,0.164920,0.597425,0.253055,0.466474,0.531674,0.399723,0.236484,0.375361,0.310086,0.255070,0.362340,0.508968,0.352801,0.000000,0.604164,0.437049,0.235746,0.126240,-0.061042,0.387792,0.364936,0.044678,0.226325,0.273226,-0.084771,0.252163,0.198413,0.110980,0.250003,0.030906,0.367884,0.460037,0.466442,0.474033,0.609212,0.396266,0.438520,0.392739,0.506461,0.498239,0.678586,0.350349,0.480203,0.240028,0.304008,0.202202,0.277217,0.184015,0.148740,-0.105481,-0.084509,-0.097677,-0.087274,0.116423,0.009297,0.384795,0.378730,0.398120,0.372195,0.216459,0.273979,0.350297,0.317800,0.320564,0.374157,0.398565,0.425609,0.371074,0.210338,0.423426,0.315708,0.228435,0.235570,0.464645,0.489933,0.119374,0.268714,0.476721,0.296869
0.326082,0.363004,0.226929,0.328141,-0.056019,0.567279,0.254954,0.357248,0.243816,0.382614,0.359527,0.317387,0.338681,0.211853,0.303776,0.456979,0.361054,0.204100,0.302539,0.272157,0.204094,0.345580,0.375157,0.534300,0.604164,0.000000,0.468699,0.628476,0.088334,0.022881,0.304702,0.329532,0.140020,0.185218,0.348913,0.060853,0.246481,0.034129,-0.082165,0.065345,-0.081669,0.327850,0.340898,0.369213,0.444859,0.501077,0.290116,0.358658,0.375847,0.418313,0.459364,0.585417,0.248869,0.452048,0.247336,0.337993,0.323686,0.348780,0.302769,0.268725,0.096030,0.142151,0.025996,0.145549,0.079867,0.110179,0.329351,0.341025,0.189182,0.210402,0.215439,0.312597,0.197127,0.385436,0.224430,0.315807,0.405169,0.390052,0.406038,0.165783,0.400343,0.247518,0.352137,0.185017,0.331891,0.285726,-0.067369,-0.028000,0.329988,0.272849
0.456569,0.498195,0.314575,0.350605,0.123134,0.436600,0.258630,0.332520,0.359967,0.456760,0.430486,0.347423,0.397357,0.325178,0.570965,0.558071,0.430403,0.170759,0.525157,0.521566,0.292997,0.504054,0.437642,0.486230,0.437049,0.468699,0.000000,0.378346,0.124491,0.133066,0.093197,0.272912,0.108788,0.186439,0.025952,0.136287,0.152305,0.211490,0.081634,0.040931,-0.169836,0.174204,0.320107,0.285462,0.284677,0.453505,0.292617,0.420774,0.425408,0.542779,0.554368,0.574952,0.556605,0.512231,0.389156,0.550730,0.364809,0.381908,0.459466,0.480518,0.138375,0.187464,0.275451,0.229736,0.148468,0.117790,0.344737,0.344464,0.621707,0.502710,0.189260,0.317471,0.273193,0.359726,0.272122,0.275653,0.350587,0.527543,0.397190,0.186344,0.612927,0.541283,0.690391,0.461115,0.455446,0.474847,-0.133730,0.183346,0.500057,0.368044
0.201676,0.177060,0.125472,0.181720,0.054485,0.648593,0.081574,0.158091,0.075869,0.255357,0.210629,0.183416,0.176921,0.117275,0.062898,0.272681,0.203322,0.103010,0.170376,0.095325,0.065883,0.192714,0.122736,0.150987,0.235746,0.628476,0.378346,0.000000,-0.097998,-0.113000,0.201160,0.332577,0.148854,0.164471,0.123698,-0.003704,0.206514,0.000870,-0.050800,0.022971,-0.008452,0.166705,0.268685,0.347730,0.277459,0.358830,0.285538,0.271184,0.242571,0.275565,0.326725,0.384517,0.393066,0.211014,0.205382,0.318948,0.189579,0.251506,0.247532,0.251224,0.152445,0.148245,0.177756,0.195317,0.110866,0.101871,0.206050,0.181244,0.131557,0.120395,0.200052,0.225411,0.153034,0.272980,0.155725,0.241936,0.281115,0.152429,0.103943,0.083304,0.244320,0.118627,0.258480,-0.004692,0.251744,0.185561,0.003703,0.011653,0.140874,0.150975
0.371274,0.286644,0.221914,0.196809,0.078785,0.064445,0.289843,0.164340,0.235203,0.100874,0.453855,0.394649,0.314519,0.426718,0.403276,0.448299,0.564737,0.485360,0.346936,0.251601,0.140748,0.282080,0.154613,0.202789,0.126240,0.088334,0.124491,-0.097998,0.000000,0.926624,0.293141,0.182810,0.330971,0.279525,0.048608,0.154460,0.542006,0.561156,0.294005,0.461049,0.311929,0.181282,0.195180,0.273039,0.263639,0.296882,0.259126,0.321146,0.261609,0.351359,0.277766,0.251695,0.075462,0.265021,0.299928,0.376291,0.441040,0.250786,0.360288,0.227648,0.342726,0.227093,0.456664,0.354960,0.156026,0.109003,0.231126,0.168554,0.217294,0.303727,0.162251,0.167898,0.398632,0.472814,0.383053,0.371783,0.386696,0.326674,0.542104,0.469080,0.456200,0.483635,0.307241,0.780809,0.365796,0.210132,0.296061,0.201001,0.151578,0.226752
0.115768,0.090077,-0.091634,-0.003142,-0.065576,-0.126288,0.006827,-0.015163,0.005787,0.046185,0.144734,0.157150,0.007097,0.162095,0.150141,0.266759,0.306462,0.366536,0.081473,0.062117,-0.009520,0.177530,-0.116795,0.041723,-0.061042,0.022881,0.133066,-0.113000,0.926624,0.000000,0.180804,0.094637,0.068173,0.028481,-0.111849,0.041110,0.184252,0.394305,0.080116,0.448921,0.137973,0.105513,-0.120760,-0.080654,-0.020285,0.045700,-0.070632,-0.053342,0.009244,0.120739,0.011139,-0.007341,-0.026826,0.086860,0.035089,0.136870,0.175552,0.087072,0.079975,0.042603,0.025981,0.002257,0.237552,0.196126,-0.042326,-0.064350,-0.130991,-0.121030,0.056229,0.075347,0.096535,0.023044,0.150466,0.229026,0.140832,0.214991,0.136359,0.156391,0.655022,0.408102,0.281828,0.395185,0.308107,0.612801,0.034735,0.023277,0.080008,0.190119,-0.092169,-0.020926
0.184284,0.171667,0.639629,0.631207,0.175355,0.275283,0.497365,0.462950,0.217426,0.342919,0.258928,0.171937,0.254280,0.132262,0.275812,0.217747,0.175590,0.238137,0.237558,0.152865,0.229128,0.433235,0.743917,0.555341,0.387792,0.304702,0.093197,0.201160,0.293141,0.180804,0.000000,1.200801,0.679808,0.652666,0.662800,0.237775,0.179724,0.188872,-0.132478,0.018058,0.017433,0.160511,0.079017,0.255478,0.335060,0.330489,0.168897,0.289260,0.103561,0.070558,0.174564,0.242429,-0.049007,0.195868,0.052797,0.114362,0.172293,0.288567,0.149356,0.125571,0.356576,0.395883,0.201202,0.239156,0.642846,0.580981,0.534551,0.592139,0.093555,0.133331,0.546670,0.601924,0.359850,0.274926,0.316217,0.256130,0.381888,0.355368,0.156226,0.232878,0.111984,0.153725,0.097884,0.153321,0.230772,0.216530,0.060207,-0.166343,0.393728,0.410429
0.448621,0.411154,0.838214,0.902118,0.178614,0.473375,0.669889,0.695421,0.351062,0.503138,0.499358,0.434478,0.444856,0.350703,0.461582,0.368793,0.358100,0.352486,0.466874,0.351105,0.199121,0.476933,0.854606,0.711342,0.364936,0.329532,0.272912,0.332577,0.182810,0.094637,1.200801,0.000000,0.848107,0.895225,0.565787,0.357776,0.280177,0.199263,-0.168655,-0.059595,-0.008923,0.129530,0.220536,0.403605,0.461079,0.470905,0.353878,0.460554,0.298322,0.252013,0.337858,0.417024,0.207419,0.362688,0.241355,0.344908,0.362034,0.513564,0.292999,0.311567,0.506102,0.565305,0.391146,0.424018,0.668190,0.668802,0.616375,0.667885,0.270237,0.260483,0.617477,0.815178,0.505755,0.444568,0.384766,0.338001,0.622257,0.501086,0.110898,0.221655,0.253786,0.258288,0.138154,0.187691,0.452544,0.446554,0.012647,-0.141479,0.573892,0.533495
0.702691,0.604287,0.770353,0.860496,0.129188,0.359483,0.878276,0.833509,0.384714,0.578788,0.629487,0.773456,0.427637,0.522024,0.486967,0.406364,0.450156,0.579284,0.622175,0.604186,0.152164,0.397574,0.593708,0.644966,0.044678,0.140020,0.108788,0.148854,0.330971,0.068173,0.679808,0.848107,0.000000,1.624244,0.453171,0.562984,0.358942,0.188655,-0.086642,-0.209625,-0.001031,-0.000827,0.205672,0.358527,0.517888,0.529138,0.418517,0.595395,0.434418,0.322070,0.420335,0.358429,0.219655,0.339863,0.402552,0.532748,0.735415,0.873208,0.621681,0.684075,0.931080,1.100033,0.704184,0.998419,0.578257,0.833847,0.879933,0.882200,0.439845,0.542592,0.573948,0.630628,0.504497,0.470787,0.446155,0.307749,0.534616,0.552480,0.078313,0.286730,0.386960,0.379282,0.280446,0.433108,0.571264,0.449963,0.165903,-0.138539,0.585473,0.694931
0.796490,0.790353,0.757913,0.904647,0.209315,0.417983,0.824501,0.838043,0.420862,0.501155,0.695254,0.877511,0.572595,0.664060,0.608711,0.543388,0.541672,0.639524,0.718470,0.721174,0.178878,0.402483,0.662599,0.690383,0.226325,0.185218,0.186439,0.164471,0.279525,0.028481,0.652666,0.895225,1.624244,0.000000,0.490665,0.607329,0.397314,0.206472,-0.016244,-0.174059,0.061426,0.075206,0.334871,0.474112,0.614112,0.661499,0.562710,0.722621,0.521442,0.430364,0.512733,0.514952,0.325047,0.430106,0.488205,0.617003,0.789919,0.996168,0.614713,0.717253,0.782664,0.959351,0.681585,0.941998,0.524676,0.758963,0.933544,1.039123,0.543938,0.623276,0.576444,0.628509,0.572666,0.552870,0.558784,0.417881,0.652269,0.611994,0.078026,0.345361,0.483266,0.470377,0.288113,0.444956,0.733289,0.634875,0.216022,-0.050564,0.678922,0.734187
0.022687,0.032630,0.461367,0.406719,0.126795,0.139274,0.425511,0.397527,0.100422,0.156235,0.124968,0.140243,0.171368,0.097618,0.184214,0.109055,-0.023240,0.098736,0.013206,-0.027474,0.136815,0.314777,0.587599,0.460035,0.273226,0.348913,0.025952,0.123698,0.048608,-0.111849,0.662800,0.565787,0.453171,0.490665,0.000000,0.452637,0.288949,0.039091,-0.086091,-0.120364,0.086755,-0.010203,0.174305,0.239066,0.292577,0.213024,0.243212,0.313343,0.057137,-0.003879,0.172669,0.193772,-0.124414,0.036196,0.078800,0.100115,0.124412,0.234468,0.100356,0.084318,0.362502,0.355019,0.030246,0.123876,0.632435,0.631282,0.527190,0.616445,-0.035294,0.023013,0.339493,0.328981,0.111146,0.065623,0.218666,0.128012,0.221603,0.174280,-0.061300,0.106398,-0.035012,0.042088,-0.032077,-0.011818,0.194823,0.238951,0.114705,-0.179194,0.391491,0.405464
0.324750,0.271076,0.383528,0.524686,0.034011,0.144671,0.470525,0.520402,0.176500,0.401016,0.399200,0.477804,0.250630,0.426207,0.339674,0.267819,0.142660,0.227550,0.259258,0.285418,0.145572,0.295174,0.406495,0.554035,-0.084771,0.060853,0.136287,-0.003704,0.154460,0.041110,0.237775,0.357776,0.562984,0.607329,0.452637,0.000000,0.284870,0.210943,-0.078742,-0.190144,0.017171,-0.109378,0.253794,0.313050,0.307957,0.289708,0.329034,0.511329,0.288923,0.237635,0.230955,0.214270,0.118136,0.214992,0.329551,0.298438,0.328324,0.341623,0.343506,0.363980,0.448732,0.513508,0.415537,0.441644,0.228732,0.456106,0.378553,0.480620,0.217497,0.241681,0.252172,0.203811,0.258265,0.278536,0.229857,0.233346,0.321930,0.240331,-0.065342,0.174015,0.126452,0.121941,0.092027,0.165602,0.279571,0.294995,-0.071875,-0.231785,0.305514,0.411054
0.497529,0.448339,0.236467,0.214510,0.023177,0.222716,0.244472,0.204041,0.163051,0.084362,0.500364,0.439794,0.424222,0.470065,0.385343,0.449368,0.653671,0.504297,0.445485,0.334191,0.173187,0.306911,0.210383,0.192339,0.252163,0.246481,0.152305,0.206514,0.542006,0.184252,0.179724,0.280177,0.358942,0.397314,0.288949,0.284870,0.000000,0.596532,0.368171,0.331326,0.415830,0.436276,0.454455,0.602200,0.482207,0.519199,0.571980,0.663791,0.410699,0.476698,0.462032,0.459653,0.249964,0.348869,0.464083,0.515684,0.597817,0.489896,0.411159,0.380694,0.378740,0.306557,0.502369,0.424699,0.248898,0.144201,0.386726,0.348609,0.294510,0.359038,0.334954,0.281026,0.385080,0.499845,0.313394,0.511185,0.641145,0.494656,0.267093,0.361331,0.514064,0.474542,0.271190,0.442511,0.783856,0.546415,0.328521,0.193738,0.390810,0.287330
0.355959,0.301094,0.241029,0.206855,0.095160,0.135193,0.224450,0.211886,0.263415,0.173258,0.391534,0.307837,0.364905,0.350049,0.412730,0.461883,0.429993,0.316541,0.335773,0.340077,0.305352,0.206050,0.169382,0.181763,0.198413,0.034129,0.211490,0.000870,0.561156,0.394305,0.188872,0.199263,0.188655,0.206472,0.039091,0.210943,0.596532,0.000000,0.421271,0.686490,0.249122,0.387938,0.311022,0.430242,0.341858,0.396748,0.351107,0.448312,0.397250,0.365346,0.332919,0.269899,0.175038,0.411643,0.323457,0.424554,0.287885,0.220636,0.350726,0.346728,0.248546,0.192909,0.393410,0.262920,0.093900,-0.003260,0.248795,0.230576,0.264709,0.330618,0.293760,0.211484,0.269916,0.357080,0.065709,0.386367,0.439846,0.447029,0.270402,0.395102,0.541586,0.500100,0.283275,0.576362,0.496581,0.361259,0.089822,0.452328,0.235243,0.261036
0.123488,0.123423,0.016660,-0.120114,0.046276,-0.060789,-0.041508,-0.128647,0.102473,-0.160588,0.121382,0.020061,0.099763,0.093194,0.120459,0.143765,0.153677,0.061460,0.134050,0.116526,0.067147,0.020532,-0.070514,-0.113806,0.110980,-0.082165,0.081634,-0.050800,0.294005,0.080116,-0.132478,-0.168655,-0.086642,-0.016244,-0.086091,-0.078742,0.368171,0.421271,0.000000,0.550608,0.382931,0.166328,0.163609,0.154857,0.122232,0.149750,0.288445,0.207649,0.193396,0.234912,0.171544,0.138657,0.094555,0.166055,0.332921,0.289145,0.169469,0.135597,0.284083,0.243042,0.069767,0.007932,0.115474,0.109256,-0.091574,-0.195682,0.098897,0.056839,0.191290,0.261349,0.012780,-0.089143,-0.024275,0.066334,0.042471,0.089955,0.089912,0.080006,0.107695,0.000437,0.228423,0.199928,0.293483,0.283915,0.258631,0.070459,0.354784,0.506624,0.123091,0.106765
0.026886,0.041425,-0.097886,-0.130203,0.056158,0.019835,-0.125311,-0.159172,0.129394,-0.157307,0.050894,0.014343,0.143683,0.114063,0.126920,0.199362,0.192571,0.178090,0.026653,-0.039963,0.085255,0.017918,-0.100052,-0.126188,0.250003,0.065345,0.040931,0.022971,0.461049,0.448921,0.018058,-0.059595,-0.209625,-0.174059,-0.120364,-0.190144,0.331326,0.686490,0.550608,0.000000,0.324031,0.429716,0.133627,0.197279,0.123025,0.116983,0.119822,0.051388,0.113772,0.207015,0.074274,0.160888,0.035970,0.147101,0.032659,0.143446,0.009778,-0.024977,0.024183,-0.029495,-0.064646,-0.167381,-0.006781,-0.110053,-0.087941,-0.237463,-0.119746,-0.151465,-0.092180,-0.032254,-0.009594,-0.082376,0.104714,0.144405,-0.033519,0.172085,0.197555,0.067045,0.310413,0.161357,0.252786,0.204544,0.115036,0.291339,0.217446,0.129643,0.215742,0.479595,-0.010252,-0.037879
0.042546,0.045894,-0.066870,-0.076877,-0.060900,-0.058745,-0.061402,-0.216161,-0.106447,-0.360545,0.157797,0.165462,0.115319,0.283482,0.010274,0.078634,0.226961,0.329198,0.001062,-0.117048,-0.192536,-0.077110,-0.116575,-0.162779,0.030906,-0.081669,-0.169836,-0.008452,0.311929,0.137973,0.017433,-0.008923,-0.001031,0.061426,0.086755,0.017171,0.415830,0.249122,0.382931,0.324031,0.000000,0.051783,0.269950,0.284901,0.142620,0.109106,0.231128,0.105799,0.088945,0.164790,0.154442,0.156031,-0.010449,0.073933,0.251115,0.197188,0.177854,0.043015,-0.003846,0.001676,0.099812,0.011211,0.123522,0.084214,0.059288,-0.092477,-0.070346,-0.069105,-0.167719,-0.052011,-0.043158,-0.090523,0.301700,0.125923,0.254517,0.130497,0.134277,-0.059552,-0.100609,0.337049,0.043660,0.150140,-0.202399,0.104693,0.186268,0.144304,0.581613,0.249813,-0.101464,0.037230
0.222052,0.299613,-0.011269,-0.019693,0.016629,0.149302,0.009151,0.055559,0.088620,0.015013,0.196228,0.135487,0.270371,0.201807,0.222541,0.271847,0.409833,0.306037,0.232068,0.154420,0.323972,0.134695,0.106715,0.057715,0.367884,0.327850,0.174204,0.166705,0.181282,0.105513,0.160511,0.129530,-0.000827,0.075206,-0.010203,-0.109378,0.436276,0.387938,0.166328,0.429716,0.051783,0.000000,0.129197,0.230943,0.159238,0.179834,0.005706,0.094083,0.125904,0.169535,0.098891,0.203762,0.023136,0.135457,-0.073836,0.019015,0.181108,0.215417,-0.002189,0.054956,-0.077687,-0.013132,0.019120,-0.013225,-0.071374,-0.135577,-0.001829,0.008473,0.037134,0.045864,0.187224,0.245863,0.100736,0.263565,-0.020734,0.192239,0.315700,0.333215,0.307975,0.197715,0.345546,0.247367,0.112960,0.104272,0.332663,0.261874,-0.068061,0.052960,0.110025,-0.076989
0.449380,0.468664,0.323295,0.353493,0.252810,0.545843,0.295675,0.281975,0.337883,0.182125,0.468877,0.518125,0.512110,0.512954,0.382420,0.475520,0.465444,0.234618,0.399767,0.278326,0.123724,0.140420,0.352642,0.352125,0.460037,0.340898,0.320107,0.268685,0.195180,-0.120760,0.079017,0.220536,0.205672,0.334871,0.174305,0.253794,0.454455,0.311022,0.163609,0.133627,0.269950,0.129197,0.000000,1.515845,0.924231,0.892308,1.118124,0.928894,0.927371,0.942590,0.909275,0.867245,0.510304,0.555082,0.631801,0.560905,0.363706,0.284451,0.450854,0.400804,0.242358,0.194649,0.181765,0.213818,0.177420,0.182945,0.425739,0.410320,0.244565,0.313364,0.034166,0.185513,0.494719,0.507105,0.326040,0.473397,0.604841,0.422429,0.071183,0.198439,0.388427,0.273768,0.131805,0.219218,0.591287,0.461676,0.193115,0.164481,0.308390,0.397335
0.514896,0.512766,0.451142,0.462424,0.272080,0.665183,0.421653,0.415951,0.401949,0.270587,0.559756,0.606846,0.605655,0.563133,0.446635,0.529536,0.503735,0.328317,0.498495,0.328769,0.170857,0.219915,0.426019,0.393304,0.466442,0.369213,0.285462,0.347730,0.273039,-0.080654,0.255478,0.403605,0.358527,0.474112,0.239066,0.313050,0.602200,0.430242,0.154857,0.197279,0.284901,0.230943,1.515845,0.000000,1.056773,0.990911,1.167476,1.088047,0.968908,0.863088,0.916863,0.919087,0.481330,0.621824,0.629106,0.635532,0.409600,0.382932,0.487967,0.465874,0.377058,0.342867,0.298934,0.332908,0.273835,0.301763,0.527457,0.520899,0.245048,0.299988,0.206494,0.326341,0.560925,0.600346,0.426133,0.599978,0.733557,0.521311,0.085631,0.193348,0.428628,0.302671,0.157602,0.240473,0.689635,0.521527,0.216218,0.129838,0.381939,0.468519
0.548291,0.617088,0.569085,0.653174,0.196389,0.697528,0.578434,0.542963,0.519170,0.517696,0.525253,0.577669,0.481828,0.397188,0.522742,0.528670,0.550747,0.343489,0.488678,0.426053,0.154277,0.330617,0.539354,0.562585,0.474033,0.444859,0.284677,0.277459,0.263639,-0.020285,0.335060,0.461079,0.517888,0.614112,0.292577,0.307957,0.482207,0.341858,0.122232,0.123025,0.142620,0.159238,0.924231,1.056773,0.000000,1.347460,1.043693,0.971066,1.255039,0.792312,0.944401,0.882643,0.552249,0.618623,0.660801,0.706077,0.524196,0.534553,0.651633,0.606535,0.479548,0.436787,0.423400,0.449079,0.438256,0.479761,0.763866,0.736255,0.403808,0.437042,0.211854,0.273910,0.530413,0.522204,0.480456,0.594719,0.659369,0.550952,0.220926,0.191657,0.506769,0.379945,0.345755,0.440833,0.727022,0.493908,0.126739,0.145858,0.582385,0.671858
0.740280,0.806728,0.549831,0.675970,0.257694,0.726663,0.581145,0.585909,0.564366,0.580683,0.606322,0.690760,0.593106,0.524572,0.630690,0.719698,0.734318,0.494268,0.705305,0.675355,0.164066,0.399414,0.529754,0.601397,0.609212,0.501077,0.453505,0.358830,0.296882,0.045700,0.330489,0.470905,0.529138,0.661499,0.213024,0.289708,0.519199,0.396748,0.149750,0.116983,0.109106,0.179834,0.892308,0.990911,1.347460,0.000000,1.121290,1.128129,1.268230,1.098132,1.260809,1.213833,0.840244,0.865514,0.860811,0.998004,0.673577,0.691333,0.865526,0.841658,0.500974,0.510203,0.496236,0.599531,0.373654,0.449252,0.857608,0.858552,0.647392,0.713864,0.282866,0.325316,0.647509,0.679423,0.602196,0.682800,0.741659,0.698461,0.349398,0.296736,0.774806,0.634328,0.511040,0.636215,0.915297,0.675742,0.151076,0.246458,0.678621,0.835151
0.576368,0.634414,0.547023,0.600838,0.274630,0.608126,0.530777,0.530613,0.457468,0.361321,0.555196,0.615600,0.612066,0.590424,0.526333,0.566796,0.517109,0.312307,0.581262,0.494437,0.156676,0.312613,0.461270,0.490664,0.396266,0.290116,0.292617,0.285538,0.259126,-0.070632,0.168897,0.353878,0.418517,0.562710,0.243212,0.329034,0.571980,0.351107,0.288445,0.119822,0.231128,0.005706,1.118124,1.167476,1.043693,1.121290,0.000000,1.266249,1.121221,0.991256,1.090920,1.047251,0.688409,0.735114,0.955021,0.860789,0.525815,0.518528,0.757144,0.691669,0.518887,0.489286,0.399132,0.485732,0.395955,0.402965,0.731022,0.742811,0.501823,0.566516,0.237743,0.316726,0.536772,0.550382,0.587732,0.569364,0.774866,0.601168,0.095672,0.213706,0.542449,0.455046,0.346677,0.400069,0.859512,0.639530,0.292502,0.266047,0.631974,0.741117
0.846665,0.783642,0.699934,0.701321,0.272693,0.652208,0.684773,0.717212,0.550300,0.534543,0.787301,0.752514,0.766184,0.673393,0.699073,0.728888,0.611492,0.337328,0.829638,0.779439,0.308437,0.453876,0.624461,0.667055,0.438520,0.358658,0.420774,0.271184,0.321146,-0.053342,0.289260,0.460554,0.595395,0.722621,0.313343,0.511329,0.663791,0.448312,0.207649,0.051388,0.105799,0.094083,0.928894,1.088047,0.971066,1.128129,1.266249,0.000000,1.031715,1.013209,1.008806,1.032831,0.697214,0.874473,0.893109,0.996571,0.700258,0.632142,0.920448,0.830533,0.611494,0.640049,0.560390,0.675428,0.341021,0.431042,0.873052,0.865046,0.701803,0.787597,0.395514,0.474689,0.571031,0.670360,0.579127,0.645298,0.882198,0.772776,0.153640,0.289563,0.715750,0.560522,0.509208,0.542169,0.977402,0.749946,0.149287,0.173449,0.724724,0.794776
0.761794,0.776382,0.562912,0.665332,0.249419,0.755595,0.629582,0.626889,0.635144,0.624282,0.706882,0.734602,0.660679,0.584456,0.645812,0.639618,0.636055,0.357506,0.652351,0.629654,0.139111,0.303532,0.476425,0.575701,0.392739,0.375847,0.425408,0.242571,0.261609,0.009244,0.103561,0.298322,0.434418,0.521442,0.057137,0.288923,0.410699,0.397250,0.193396,0.113772,0.088945,0.125904,0.927371,0.968908,1.255039,1.268230,1.121221,1.031715,0.000000,1.288836,1.418892,1.130654,0.799997,0.916103,0.919816,0.921973,0.616292,0.573159,0.901766,0.876030,0.547395,0.514556,0.433712,0.546047,0.299216,0.349652,0.657968,0.614361,0.523743,0.621335,0.127772,0.308623,0.586190,0.566012,0.487610,0.581691,0.704509,0.677327,0.230684,0.171409,0.675522,0.495678,0.403073,0.555428,0.803402,0.566563,0.062099,0.300133,0.580686,0.736068
