0.000000,1.333333,0.971942,1.131433,0.692147,0.283394,1.155241,1.149863,0.445813,0.468710,1.161066,0.975027,1.059584,0.862850,1.047169,0.819415,0.952650,0.929404,1.494245,1.262190,0.662592,0.457131,0.808184,0.718216,0.497097,0.491285,0.535253,0.419878,0.925195,0.844292,0.869803,0.835397,1.082049,1.099697,0.700085,0.392104,0.568684,0.438151,0.620112,0.429993,0.538739,0.234340,0.992843,0.748710,0.650765,0.785656,0.887515,0.961618,0.879739,0.839495,0.807492,0.786931,0.780723,0.934431,0.921616,1.068663,1.210577,1.019322,0.873524,0.251388,1.080441,0.548011,0.990105,0.921671,0.729273,0.551982,0.944300,0.771170,0.730914,0.469457,0.723446,0.668754,0.811607,0.775012,0.637209,0.743748,0.965852,0.941883,0.520461,0.623083,1.044489,1.073895,0.672212,0.577238,1.125860,0.796702,0.515003,0.452945,0.991951,0.922038
1.333333,0.000000,0.966759,1.113744,0.663449,0.343018,0.987347,1.114211,0.586455,0.609264,0.891417,0.978234,0.918069,0.883989,0.955607,0.893054,1.009904,1.250903,1.154913,1.260973,0.674762,0.423416,0.862549,0.734151,0.574128,0.574643,0.539927,0.412511,0.842164,0.880175,0.804692,0.830292,1.071403,1.154461,0.589453,0.266347,0.530221,0.567297,0.680791,0.513206,0.550526,0.260504,0.893461,0.701072,0.821112,0.696789,0.931877,0.824166,0.927076,0.964726,0.968569,0.774674,0.667799,0.714065,0.801276,1.072494,1.441998,1.731157,0.806304,0.177110,0.889475,0.390853,0.885841,0.950827,0.597780,0.465541,0.843468,0.743525,0.920632,0.457680,0.517702,0.475032,0.739872,0.729368,0.573186,0.697637,0.833494,0.870766,0.531194,0.671877,1.097239,1.120416,0.671108,0.673803,0.982249,0.817368,0.588178,0.558336,0.844567,0.834495
0.971942,0.966759,0.000000,1.603556,0.984413,0.708978,1.511684,1.471631,0.989372,0.985893,1.119769,1.005686,1.159361,0.945284,1.016173,0.845777,0.730072,0.864562,1.168210,1.012441,0.537487,0.364412,1.499712,1.207598,0.812794,0.808114,0.538176,0.436075,0.747592,0.654546,0.719152,0.693327,1.047929,1.060159,0.623749,0.202200,0.328869,0.463884,0.440908,0.326970,0.430893,0.261526,0.702097,0.522533,0.749031,0.769632,0.544461,0.826657,0.967724,0.733960,1.208550,0.919344,0.620444,0.798263,0.519619,0.743863,0.697740,0.750855,0.544314,0.173308,0.827084,0.513955,0.790830,0.815277,0.784797,0.616092,0.782119,0.730725,0.534793,0.343771,0.410952,0.378524,0.681191,0.633945,0.596191,0.579065,0.751836,0.671342,0.495938,0.598550,0.868333,0.949254,0.741223,0.723749,0.945167,0.751993,0.545718,0.497166,0.934374,0.952665
1.131433,1.113744,1.603556,0.000000,0.934880,0.643000,1.610496,1.763308,0.888271,0.954694,1.016428,1.070104,1.045392,0.943389,1.086211,0.944314,0.730091,0.896846,1.327089,1.270623,0.593521,0.402527,1.377336,1.263271,0.775676,0.782170,0.522435,0.424881,0.724655,0.695457,0.783622,0.761508,1.086096,1.165198,0.739705,0.291432,0.336681,0.436041,0.456055,0.299770,0.449168,0.189125,0.839733,0.595756,0.777114,0.934316,0.657166,0.934413,1.005047,0.817346,1.224259,1.012166,0.715007,0.953633,0.635614,0.885303,0.823194,0.820676,0.715606,0.242633,0.959984,0.623214,0.812752,0.916527,0.822408,0.752940,0.962114,0.905255,0.672591,0.433522,0.468503,0.454041,0.694323,0.641317,0.590619,0.618989,0.873156,0.821639,0.447942,0.553579,0.918501,1.021528,0.708313,0.682965,1.071099,0.844645,0.598509,0.508169,1.125674,1.204288
0.692147,0.663449,0.984413,0.934880,0.000000,0.634695,1.007935,0.936593,0.816422,0.789290,0.784953,0.728268,0.786143,0.698144,0.752585,0.643136,0.568019,0.613790,0.739068,0.720251,0.461225,0.299210,0.910017,0.767865,0.657295,0.644424,0.559028,0.424926,0.563479,0.511119,0.600401,0.575555,0.765446,0.761692,0.554601,0.191231,0.222494,0.349284,0.322513,0.286202,0.245633,0.209508,0.559657,0.447915,0.598588,0.636950,0.395956,0.617436,0.665625,0.589088,0.717325,0.593479,0.416070,0.611349,0.354282,0.506619,0.461622,0.504852,0.408479,0.170177,0.632810,0.468374,0.624026,0.645085,0.675282,0.481275,0.583621,0.539505,0.345279,0.177058,0.337121,0.319401,0.533483,0.481934,0.453748,0.434202,0.560962,0.517085,0.404643,0.463900,0.605430,0.663137,0.536134,0.510204,0.617049,0.459981,0.380128,0.343189,0.618697,0.649908
0.283394,0.343018,0.708978,0.643000,0.634695,0.000000,0.564018,0.619598,0.857289,1.002725,0.354185,0.402019,0.390433,0.384481,0.345088,0.412265,0.187203,0.298856,0.390121,0.361926,0.173098,0.152999,0.728276,0.722872,0.705209,0.716967,0.411558,0.309592,0.209581,0.161436,0.185578,0.223128,0.412066,0.412063,0.273652,0.002524,-0.039403,0.260799,0.076848,0.030947,0.112773,0.089122,0.221968,0.139886,0.424685,0.360022,0.098218,0.335690,0.456842,0.243365,0.651465,0.436042,0.226709,0.328533,0.011980,0.189812,0.208519,0.256021,0.144823,-0.008518,0.283416,0.224433,0.228996,0.317222,0.303750,0.288377,0.243019,0.276736,0.166947,0.090998,-0.073481,-0.049753,0.143622,0.089662,0.165435,0.112030,0.200766,0.179495,0.211748,0.227384,0.248638,0.325075,0.328487,0.395695,0.320430,0.303894,0.261519,0.203096,0.383598,0.417790
1.155241,0.987347,1.511684,1.610496,1.007935,0.564018,0.000000,1.770499,0.863232,0.818228,1.195894,1.233946,1.388304,1.152002,1.185713,0.971257,0.854812,0.935570,1.181111,1.101831,0.596535,0.387699,1.186176,1.062543,0.672822,0.699230,0.545020,0.434268,0.882230,0.778156,0.913526,0.838626,1.120356,1.169905,0.790783,0.294377,0.365503,0.409956,0.481481,0.338224,0.446797,0.237853,0.875064,0.667208,0.698503,0.921666,0.635171,0.882236,0.934613,0.806359,1.015931,0.931158,0.659159,0.893791,0.663267,0.833528,0.727495,0.738228,0.664608,0.271327,1.024626,0.728618,1.020306,0.967670,1.019822,0.779855,0.986070,0.855262,0.496361,0.305553,0.622935,0.542816,0.864758,0.807009,0.677695,0.705466,0.982291,0.849307,0.507402,0.600596,0.962027,1.018784,0.688416,0.596770,1.016726,0.697555,0.548469,0.445537,1.035097,0.953058
1.149863,1.114211,1.471631,1.763308,0.936593,0.619598,1.770499,0.000000,0.846125,0.917290,1.068823,1.359896,1.230944,1.200114,1.121025,1.030437,0.827139,0.990889,1.176025,1.119355,0.603614,0.391953,1.168563,1.079955,0.686524,0.721263,0.553097,0.437999,0.864580,0.823839,0.823926,0.823313,1.084369,1.212337,0.759878,0.311914,0.356611,0.451692,0.503310,0.366832,0.449163,0.220805,0.946212,0.729464,0.748628,0.923849,0.732570,0.922949,1.044266,0.884612,1.194618,1.010899,0.731958,0.861950,0.700422,0.966129,0.789588,0.826059,0.695454,0.264335,0.982592,0.715579,0.982740,1.057828,0.911105,0.788411,0.967609,0.878802,0.530187,0.315741,0.543368,0.493390,0.817628,0.778687,0.647753,0.701451,0.965911,0.889666,0.485333,0.613428,0.925600,1.000644,0.648562,0.604744,0.989975,0.774192,0.544551,0.485154,0.972090,1.029432
0.445813,0.586455,0.989372,0.888271,0.816422,0.857289,0.863232,0.846125,0.000000,1.239516,0.574491,0.596058,0.640298,0.610110,0.564714,0.553359,0.404358,0.516736,0.527632,0.529616,0.399258,0.264668,0.905459,0.940466,0.749285,0.635102,0.416999,0.259957,0.388629,0.352065,0.333966,0.339614,0.562711,0.544579,0.312237,-0.027643,0.057153,0.301476,0.151262,0.161339,0.205025,0.089615,0.326133,0.192036,0.537297,0.457882,0.181547,0.403920,0.633887,0.438324,0.841315,0.592855,0.262723,0.459984,0.113870,0.328016,0.384753,0.458095,0.248695,0.051124,0.424016,0.246071,0.390505,0.463731,0.389772,0.362948,0.408025,0.423542,0.307710,0.146665,0.089179,0.083664,0.382301,0.316076,0.297622,0.298721,0.396998,0.385265,0.277984,0.312281,0.471910,0.530893,0.440246,0.538851,0.470463,0.389724,0.418674,0.455257,0.488774,0.554089
0.468710,0.609264,0.985893,0.954694,0.789290,1.002725,0.818228,0.917290,1.239516,0.000000,0.517455,0.629637,0.575187,0.629136,0.532881,0.585911,0.400303,0.560981,0.578184,0.628790,0.327898,0.257999,0.890974,0.892223,0.780360,0.640094,0.403459,0.261756,0.355420,0.356704,0.288402,0.305013,0.608875,0.607359,0.349755,0.033436,0.009085,0.292025,0.174813,0.135775,0.183877,0.076794,0.391608,0.261983,0.610267,0.556512,0.265461,0.494696,0.708899,0.522237,0.940286,0.663674,0.385010,0.534658,0.180083,0.401589,0.401912,0.479503,0.334110,0.110035,0.462781,0.292608,0.421365,0.549391,0.390235,0.368783,0.467068,0.485265,0.389189,0.235194,0.012200,0.031314,0.309205,0.271052,0.295399,0.277515,0.451242,0.418465,0.291453,0.309801,0.474909,0.540129,0.443044,0.524833,0.433756,0.381585,0.461030,0.408240,0.516551,0.639190
1.161066,0.891417,1.119769,1.016428,0.784953,0.354185,1.195894,1.068823,0.574491,0.517455,0.000000,1.041897,1.252358,0.921417,1.242656,0.843307,0.897608,0.833132,1.144449,0.900847,0.552016,0.345402,0.931595,0.749283,0.500718,0.525574,0.580053,0.451709,1.017493,0.894011,0.902660,0.823678,0.990636,0.981624,0.579422,0.249590,0.456935,0.439931,0.585152,0.472258,0.436836,0.327926,0.757783,0.643750,0.566335,0.640041,0.633456,0.747642,0.758964,0.707427,0.746293,0.728687,0.530315,0.661023,0.658248,0.789490,0.739573,0.726575,0.548083,0.226710,0.835109,0.566426,0.953253,0.767762,0.835622,0.577144,0.729209,0.628036,0.452500,0.249558,0.666837,0.573549,0.883959,0.833745,0.680533,0.752836,0.842279,0.732209,0.530671,0.617395,0.872794,0.882622,0.716781,0.576157,0.986914,0.642627,0.508065,0.496896,0.766121,0.740069
0.975027,0.978234,1.005686,1.070104,0.728268,0.402019,1.233946,1.359896,0.596058,0.629637,1.041897,0.000000,1.385447,1.786432,1.082402,1.179680,0.874606,1.104164,0.934022,0.920286,0.556334,0.332326,0.810243,0.719776,0.450404,0.494916,0.488895,0.421528,0.950092,0.963819,0.917474,0.876541,1.013558,1.073012,0.695793,0.340737,0.389937,0.431608,0.600454,0.425492,0.458974,0.295180,0.938532,0.779917,0.662932,0.804366,0.798503,0.779932,0.924427,0.853833,0.880522,0.827403,0.661679,0.636389,0.783192,0.932296,0.673186,0.788323,0.682475,0.335041,0.936285,0.722303,1.089456,1.029730,0.945990,0.684347,0.884502,0.798002,0.424719,0.255051,0.597687,0.508364,0.842679,0.836137,0.648819,0.729821,0.918681,0.802408,0.510947,0.632083,0.899936,0.904192,0.602497,0.501568,0.842803,0.609979,0.473147,0.441188,0.788286,0.766266
1.059584,0.918069,1.159361,1.045392,0.786143,0.390433,1.388304,1.230944,0.640298,0.575187,1.252358,1.385447,0.000000,1.456827,1.222112,1.031181,0.836070,0.935452,1.007940,0.847172,0.516689,0.340524,0.905466,0.792464,0.532262,0.562761,0.523904,0.437417,0.917416,0.798972,0.855430,0.797029,0.979031,0.975886,0.666800,0.270200,0.433197,0.423348,0.554308,0.390673,0.460240,0.298740,0.764196,0.626251,0.583837,0.695517,0.636796,0.750859,0.831840,0.736697,0.833208,0.809561,0.593936,0.675596,0.676988,0.771929,0.686419,0.738938,0.604609,0.258793,0.921547,0.608751,0.964855,0.802242,0.881522,0.656844,0.788116,0.701490,0.388344,0.236991,0.675249,0.562336,0.859901,0.831118,0.680710,0.685457,0.832827,0.711747,0.506664,0.586750,0.849561,0.846195,0.631772,0.511133,0.880802,0.613075,0.471019,0.425665,0.898595,0.717561
0.862850,0.883989,0.945284,0.943389,0.698144,0.384481,1.152002,1.200114,0.610110,0.629136,0.921417,1.786432,1.456827,0.000000,0.995263,1.143028,0.795954,1.038490,0.815687,0.801218,0.497941,0.302142,0.733103,0.677118,0.425906,0.466793,0.455748,0.366764,0.813629,0.805137,0.792139,0.758988,0.920039,0.943575,0.633288,0.290476,0.351803,0.409283,0.552095,0.385180,0.412159,0.278988,0.816699,0.696892,0.613509,0.706522,0.695214,0.704910,0.925684,0.797787,0.856668,0.794922,0.620388,0.591144,0.714754,0.821358,0.600527,0.730873,0.652627,0.325817,0.881898,0.630301,0.996493,0.921466,0.848005,0.597837,0.797884,0.706143,0.367744,0.224278,0.559949,0.459509,0.771451,0.769840,0.621324,0.649528,0.807780,0.700703,0.472310,0.573300,0.824499,0.826306,0.543828,0.466682,0.722617,0.511156,0.445536,0.434798,0.757852,0.677435
1.047169,0.955607,1.016173,1.086211,0.752585,0.345088,1.185713,1.121025,0.564714,0.532881,1.242656,1.082402,1.222112,0.995263,0.000000,1.210456,0.838932,0.823196,1.070687,0.970853,0.574058,0.373309,1.018115,0.866345,0.503693,0.573808,0.581010,0.439145,0.874507,0.769765,0.910491,0.875753,0.954324,1.022371,0.743279,0.352159,0.468681,0.459590,0.657943,0.486128,0.460357,0.252916,0.834861,0.696854,0.593228,0.721315,0.726003,0.802668,0.784714,0.778491,0.798088,0.788116,0.588664,0.652308,0.762130,0.862824,0.792497,0.815057,0.646389,0.290585,0.865443,0.664099,0.794524,0.750732,0.899302,0.767948,0.825067,0.765252,0.512492,0.279258,0.664566,0.588950,0.863944,0.832046,0.741454,0.782340,0.839311,0.792880,0.515709,0.551828,0.804914,0.837111,0.697132,0.555689,0.970685,0.692495,0.688655,0.565108,0.915196,0.834269
0.819415,0.893054,0.845777,0.944314,0.643136,0.412265,0.971257,1.030437,0.553359,0.585911,0.843307,1.179680,1.031181,1.143028,1.210456,0.000000,0.666774,0.786660,0.823798,0.807009,0.448168,0.245150,0.847235,0.763645,0.459115,0.557537,0.474027,0.343453,0.643999,0.627025,0.709982,0.733838,0.810521,0.871514,0.627660,0.296673,0.380747,0.466737,0.613108,0.451292,0.403387,0.271779,0.721278,0.599020,0.583103,0.628896,0.648539,0.712848,0.783182,0.724638,0.792095,0.731452,0.553865,0.538934,0.662468,0.783498,0.656364,0.775800,0.658279,0.335463,0.804308,0.602360,0.689439,0.688743,0.813382,0.704959,0.724713,0.702344,0.455827,0.298810,0.483693,0.403526,0.675891,0.639423,0.575214,0.642137,0.654329,0.606638,0.454463,0.499658,0.648713,0.701949,0.594851,0.530400,0.764393,0.593838,0.659430,0.594830,0.832711,0.730001
0.952650,1.009904,0.730072,0.730091,0.568019,0.187203,0.854812,0.827139,0.404358,0.400303,0.897608,0.874606,0.836070,0.795954,0.838932,0.666774,0.000000,1.318666,0.862796,0.946892,0.679023,0.391617,0.598684,0.457444,0.387406,0.459161,0.507047,0.473810,1.217744,1.223362,1.037028,0.989614,1.239996,1.225563,0.548469,0.339308,0.603405,0.568618,0.877717,0.726288,0.646732,0.557036,0.954879,0.920759,0.759187,0.608368,0.974564,0.774912,0.694992,0.787535,0.636385,0.548166,0.571235,0.468612,0.801507,0.848063,0.979498,0.999915,0.621298,0.214999,0.808950,0.458469,1.152234,0.963000,0.700548,0.365853,0.777398,0.684893,0.653008,0.267754,0.542415,0.441065,0.833247,0.832886,0.654916,0.762493,0.873094,0.748915,0.906485,0.979347,1.461765,1.215358,0.749583,0.664480,0.781942,0.612329,0.491615,0.441450,0.546819,0.519692
0.929404,1.250903,0.864562,0.896846,0.613790,0.298856,0.935570,0.990889,0.516736,0.560981,0.833132,1.104164,0.935452,1.038490,0.823196,0.786660,1.318666,0.000000,0.915079,1.042856,0.602470,0.393519,0.725185,0.588942,0.480363,0.510032,0.474704,0.434129,0.979764,1.061584,0.931851,0.942390,1.184007,1.209239,0.531494,0.261823,0.488623,0.559851,0.705132,0.528311,0.614827,0.447734,0.884135,0.779843,0.808126,0.664108,0.928402,0.777678,0.842786,0.867692,0.830252,0.683296,0.607895,0.538260,0.760072,0.902648,1.010229,1.213160,0.681264,0.228797,0.816339,0.441908,1.053413,1.047594,0.672824,0.425686,0.779227,0.709001,0.680181,0.324196,0.472649,0.389997,0.784464,0.774926,0.613549,0.686669,0.837367,0.757298,0.674855,0.858641,1.258288,1.175040,0.711367,0.666714,0.767933,0.624331,0.499061,0.422368,0.672291,0.612510
1.494245,1.154913,1.168210,1.327089,0.739068,0.390121,1.181111,1.176025,0.527632,0.578184,1.144449,0.934022,1.007940,0.815687,1.070687,0.823798,0.862796,0.915079,0.000000,1.593960,0.657875,0.463523,1.013819,0.816939,0.557923,0.519202,0.492365,0.425345,0.850005,0.795160,0.910703,0.833812,1.179878,1.247324,0.750967,0.431088,0.459964,0.427887,0.553900,0.358006,0.496264,0.209206,0.969478,0.700736,0.642538,0.873866,0.840675,1.014550,0.869432,0.794368,0.879858,0.818604,0.720529,0.928595,0.846346,1.007878,0.989254,0.904407,0.754460,0.240513,0.914653,0.541400,0.865200,0.878643,0.758123,0.595100,1.032740,0.919867,0.872939,0.614599,0.632278,0.562050,0.778925,0.736143,0.680576,0.746374,0.985724,0.964100,0.462773,0.563560,0.991768,0.996556,0.712213,0.602434,1.027235,0.742373,0.553044,0.456689,1.014354,1.022052
1.262190,1.260973,1.012441,1.270623,0.720251,0.361926,1.101831,1.119355,0.529616,0.628790,0.900847,0.920286,0.847172,0.801218,0.970853,0.807009,0.946892,1.042856,1.593960,0.000000,0.662197,0.445504,0.914832,0.755306,0.549820,0.514013,0.463541,0.383098,0.791146,0.791629,0.911602,0.828006,1.252778,1.357876,0.797208,0.442063,0.455413,0.480085,0.600031,0.403535,0.522956,0.221641,1.071433,0.808736,0.795084,0.970140,0.945063,1.070131,0.895884,0.925774,0.901385,0.823500,0.758607,0.909414,0.870450,1.056897,1.020562,0.996678,0.878139,0.292223,0.963458,0.552928,0.920772,0.989216,0.747091,0.590502,1.185362,1.081568,1.058229,0.681928,0.529448,0.473386,0.698151,0.680846,0.613495,0.673086,0.993500,0.965614,0.523512,0.619771,1.117444,1.161756,0.701913,0.633703,0.975451,0.762234,0.574908,0.475541,0.943234,1.039419
0.662592,0.674762,0.537487,0.593521,0.461225,0.173098,0.596535,0.603614,0.399258,0.327898,0.552016,0.556334,0.516689,0.497941,0.574058,0.448168,0.679023,0.602470,0.657875,0.662197,0.000000,0.498954,0.534128,0.496457,0.359558,0.295045,0.452637,0.423766,0.639543,0.606122,0.650820,0.570806,0.618460,0.639566,0.464627,0.324288,0.421390,0.317943,0.311815,0.338450,0.357563,0.141199,0.603323,0.483078,0.373182,0.460855,0.546358,0.444091,0.441714,0.503111,0.464406,0.369992,0.380318,0.416561,0.479858,0.583693,0.632146,0.587276,0.355750,0.052165,0.456739,0.251214,0.528452,0.530147,0.402526,0.286086,0.559203,0.505575,0.481274,0.244665,0.539003,0.578977,0.677841,0.695902,0.475559,0.530211,0.639729,0.722582,0.315650,0.408015,0.662069,0.607055,0.299209,0.305733,0.536491,0.421449,0.278427,0.326224,0.393926,0.438817
0.457131,0.423416,0.364412,0.402527,0.299210,0.152999,0.387699,0.391953,0.264668,0.257999,0.345402,0.332326,0.340524,0.302142,0.373309,0.245150,0.391617,0.393519,0.463523,0.445504,0.498954,0.000000,0.372740,0.365352,0.251841,0.251028,0.287768,0.309824,0.341099,0.353403,0.349077,0.290978,0.345669,0.350913,0.248239,0.218997,0.230494,0.221661,0.148943,0.258218,0.139582,-0.034574,0.351341,0.297978,0.240306,0.284036,0.332556,0.297082,0.339607,0.318928,0.341174,0.299112,0.336223,0.353334,0.327779,0.340161,0.439036,0.421992,0.286965,0.072174,0.309738,0.149553,0.260005,0.312149,0.170556,0.189392,0.355703,0.347949,0.343422,0.153610,0.302350,0.379049,0.329323,0.339242,0.187621,0.326015,0.416873,0.455630,0.295342,0.285000,0.401830,0.404676,0.165865,0.187995,0.387988,0.255677,0.186250,0.222793,0.290764,0.372205
0.808184,0.862549,1.499712,1.377336,0.910017,0.728276,1.186176,1.168563,0.905459,0.890974,0.931595,0.810243,0.905466,0.733103,1.018115,0.847235,0.598684,0.725185,1.013819,0.914832,0.534128,0.372740,0.000000,1.484866,0.964295,0.957393,0.647482,0.505068,0.639415,0.573028,0.704476,0.686057,0.892075,0.913257,0.652133,0.170215,0.278726,0.444019,0.389530,0.334381,0.370291,0.183478,0.585896,0.434300,0.669905,0.639142,0.460621,0.684146,0.758998,0.592374,1.024768,0.781767,0.443054,0.635813,0.407735,0.613205,0.660995,0.704879,0.439143,0.094686,0.668187,0.416308,0.580067,0.582016,0.708115,0.634588,0.664798,0.690015,0.522373,0.282376,0.387684,0.369913,0.611108,0.577703,0.546088,0.531562,0.650494,0.630147,0.435001,0.523438,0.693672,0.784898,0.635000,0.672837,0.913485,0.694590,0.588365,0.525343,0.849814,0.838334
0.718216,0.734151,1.207598,1.263271,0.767865,0.722872,1.062543,1.079955,0.940466,0.892223,0.749283,0.719776,0.792464,0.677118,0.866345,0.763645,0.457444,0.588942,0.816939,0.755306,0.496457,0.365352,1.484866,0.000000,0.945408,1.002732,0.502251,0.412539,0.503298,0.447192,0.579508,0.599850,0.728778,0.741192,0.579055,0.131521,0.231017,0.376115,0.283883,0.222653,0.386201,0.111983,0.487803,0.330364,0.608715,0.635922,0.349520,0.641380,0.684054,0.536639,1.000884,0.825846,0.429488,0.633732,0.320858,0.540563,0.614247,0.595554,0.441760,0.101917,0.634270,0.430611,0.465057,0.536577,0.593258,0.693422,0.620873,0.661537,0.430831,0.256341,0.317709,0.321211,0.500669,0.468081,0.435229,0.422001,0.521377,0.526305,0.344394,0.389407,0.577612,0.664647,0.584841,0.642497,0.843559,0.748451,0.555468,0.519147,0.821126,0.851300
0.497097,0.574128,0.812794,0.775676,0.657295,0.705209,0.672822,0.686524,0.749285,0.780360,0.500718,0.450404,0.532262,0.425906,0.503693,0.459115,0.387406,0.480363,0.557923,0.549820,0.359558,0.251841,0.964295,0.945408,0.000000,0.991721,0.700522,0.482663,0.385515,0.359371,0.373591,0.405744,0.604274,0.578438,0.437370,0.052938,0.172328,0.376820,0.204242,0.256657,0.264869,0.156385,0.325590,0.242161,0.611500,0.420944,0.246980,0.484375,0.532844,0.391945,0.757722,0.560589,0.198233,0.379206,0.081894,0.312781,0.485592,0.497523,0.228635,-0.100284,0.378158,0.129859,0.303172,0.328876,0.292045,0.357107,0.393835,0.490169,0.400109,0.148074,0.088421,0.067762,0.262240,0.259288,0.239241,0.196207,0.353026,0.303240,0.349933,0.382779,0.419269,0.513784,0.422945,0.532811,0.511263,0.530990,0.281099,0.345185,0.454527,0.474400
0.491285,0.574643,0.808114,0.782170,0.644424,0.716967,0.699230,0.721263,0.635102,0.640094,0.525574,0.494916,0.562761,0.466793,0.573808,0.557537,0.459161,0.510032,0.519202,0.514013,0.295045,0.251028,0.957393,1.002732,0.991721,0.000000,0.538841,0.457840,0.441762,0.391024,0.504927,0.594627,0.665947,0.672421,0.457829,0.064851,0.287747,0.478606,0.394226,0.349977,0.439781,0.367881,0.353834,0.318542,0.736818,0.411615,0.285141,0.530312,0.519893,0.359290,0.772088,0.576022,0.271070,0.354927,0.158478,0.317670,0.529148,0.527475,0.293677,0.002480,0.425465,0.267996,0.348282,0.366926,0.462020,0.468639,0.391710,0.505142,0.331529,0.111794,0.113494,0.097732,0.276757,0.249742,0.254740,0.231178,0.283610,0.225035,0.531126,0.515552,0.489653,0.581353,0.668625,0.671319,0.614724,0.695231,0.402560,0.376967,0.548337,0.520333
0.535253,0.539927,0.538176,0.522435,0.559028,0.411558,0.545020,0.553097,0.416999,0.403459,0.580053,0.488895,0.523904,0.455748,0.581010,0.474027,0.507047,0.474704,0.492365,0.463541,0.452637,0.287768,0.647482,0.502251,0.700522,0.538841,0.000000,0.706922,0.539033,0.523176,0.464055,0.449086,0.517226,0.531815,0.351647,0.138235,0.250322,0.348260,0.300320,0.418287,0.212215,0.181044,0.383434,0.371366,0.383907,0.272557,0.357271,0.322980,0.374173,0.348362,0.450973,0.331530,0.170086,0.205660,0.235065,0.353188,0.463669,0.482480,0.196903,-0.092847,0.345438,0.152737,0.405157,0.332704,0.292164,0.266555,0.306039,0.335870,0.275868,-0.021547,0.277136,0.280425,0.468658,0.452800,0.318000,0.350599,0.456311,0.406417,0.361044,0.432976,0.441621,0.476976,0.298025,0.337284,0.485484,0.342623,0.192767,0.279031,0.310010,0.274535
0.419878,0.412511,0.436075,0.424881,0.424926,0.309592,0.434268,0.437999,0.259957,0.261756,0.451709,0.421528,0.437417,0.366764,0.439145,0.343453,0.473810,0.434129,0.425345,0.383098,0.423766,0.309824,0.505068,0.412539,0.482663,0.457840,0.706922,0.000000,0.487956,0.505102,0.519296,0.498882,0.430257,0.460352,0.340512,0.220117,0.263517,0.320004,0.268837,0.337438,0.248091,0.275594,0.355467,0.342898,0.305067,0.257015,0.326151,0.303378,0.270052,0.289230,0.348746,0.270007,0.203699,0.169440,0.273039,0.316960,0.367869,0.374530,0.156725,0.014725,0.285064,0.212732,0.351083,0.322553,0.312473,0.239878,0.312028,0.328040,0.229360,-0.015240,0.335794,0.312813,0.458346,0.473737,0.346442,0.322719,0.422045,0.381073,0.352402,0.422650,0.433272,0.403170,0.240471,0.271497,0.384980,0.298422,0.090482,0.104555,0.265040,0.231564
0.925195,0.842164,0.747592,0.724655,0.563479,0.209581,0.882230,0.864580,0.388629,0.355420,1.017493,0.950092,0.917416,0.813629,0.874507,0.643999,1.217744,0.979764,0.850005,0.791146,0.639543,0.341099,0.639415,0.503298,0.385515,0.441762,0.539033,0.487956,0.000000,1.400859,1.164813,1.040302,1.074216,1.112215,0.628153,0.421762,0.523947,0.425287,0.751655,0.609401,0.565639,0.415229,0.941023,0.891001,0.624558,0.639723,0.883732,0.659084,0.634053,0.716279,0.577211,0.563000,0.502230,0.448646,0.773187,0.836881,0.798404,0.753095,0.519520,0.232903,0.753470,0.578032,1.118989,0.913931,0.759560,0.487253,0.753768,0.662876,0.451631,0.149659,0.657272,0.538936,0.855978,0.844609,0.656066,0.833397,0.905305,0.808162,0.691888,0.786310,1.073580,0.895227,0.651121,0.498487,0.764897,0.565361,0.416448,0.386297,0.508339,0.538636
0.844292,0.880175,0.654546,0.695457,0.511119,0.161436,0.778156,0.823839,0.352065,0.356704,0.894011,0.963819,0.798972,0.805137,0.769765,0.627025,1.223362,1.061584,0.795160,0.791629,0.606122,0.353403,0.573028,0.447192,0.359371,0.391024,0.523176,0.505102,1.400859,0.000000,1.081720,0.951956,1.002621,1.060127,0.543451,0.362276,0.439153,0.476252,0.744459,0.728193,0.526953,0.401353,0.871194,0.904184,0.657788,0.560883,0.886963,0.648966,0.616266,0.719786,0.551207,0.519582,0.443273,0.388158,0.723184,0.812450,0.780389,0.800093,0.497002,0.189528,0.684277,0.488468,1.038728,0.891234,0.662743,0.407062,0.699025,0.654238,0.491761,0.160663,0.563700,0.479342,0.755339,0.844275,0.592086,0.777850,0.892230,0.799371,0.747007,0.878035,1.056607,0.942498,0.581289,0.519686,0.707616,0.548158,0.427767,0.459134,0.447465,0.496584
0.869803,0.804692,0.719152,0.783622,0.600401,0.185578,0.913526,0.823926,0.333966,0.288402,0.902660,0.917474,0.855430,0.792139,0.910491,0.709982,1.037028,0.931851,0.910703,0.911602,0.650820,0.349077,0.704476,0.579508,0.373591,0.504927,0.464055,0.519296,1.164813,1.081720,0.000000,1.651462,1.195287,1.243761,0.774223,0.488335,0.578919,0.431064,0.799197,0.539693,0.708446,0.475893,0.971999,0.869220,0.657258,0.771293,0.845879,0.748968,0.593636,0.726204,0.530341,0.580193,0.505491,0.487108,0.841619,0.851678,0.723830,0.702997,0.599436,0.322931,0.756254,0.691724,1.022543,0.875093,0.962897,0.608798,0.871045,0.783752,0.510254,0.245544,0.769965,0.626156,0.874662,0.928519,0.705825,0.777228,0.848897,0.782057,0.576541,0.697497,1.006902,0.891754,0.787733,0.568642,0.805516,0.644082,0.489806,0.358280,0.617756,0.621413
0.835397,0.830292,0.693327,0.761508,0.575555,0.223128,0.838626,0.823313,0.339614,0.305013,0.823678,0.876541,0.797029,0.758988,0.875753,0.733838,0.989614,0.942390,0.833812,0.828006,0.570806,0.290978,0.686057,0.599850,0.405744,0.594627,0.449086,0.498882,1.040302,0.951956,1.651462,0.000000,1.171772,1.230088,0.687008,0.415974,0.659328,0.491443,0.883859,0.534551,0.832390,0.571352,0.880566,0.783970,0.695223,0.692731,0.811209,0.754907,0.593939,0.705937,0.560675,0.599817,0.480599,0.434836,0.784094,0.861051,0.787507,0.754824,0.618124,0.298667,0.720736,0.644807,0.938785,0.871871,0.889756,0.607367,0.766811,0.718952,0.521926,0.251930,0.680305,0.547133,0.804440,0.784855,0.678364,0.687830,0.690889,0.629682,0.577123,0.669531,0.931132,0.853035,0.889183,0.675221,0.781994,0.726942,0.519057,0.362785,0.619622,0.622218
1.082049,1.071403,1.047929,1.086096,0.765446,0.412066,1.120356,1.084369,0.562711,0.608875,0.990636,1.013558,0.979031,0.920039,0.954324,0.810521,1.239996,1.184007,1.179878,1.252778,0.618460,0.345669,0.892075,0.728778,0.604274,0.665947,0.517226,0.430257,1.074216,1.002621,1.195287,1.171772,0.000000,1.903099,0.788620,0.398442,0.538804,0.546224,0.843865,0.546733,0.742410,0.523937,1.097352,0.913392,1.034513,0.946105,0.952094,1.072506,0.951227,0.918966,0.914671,0.821801,0.662875,0.669896,0.811316,0.956753,0.924653,0.909923,0.801120,0.300644,0.996266,0.610047,1.164600,1.082386,0.923423,0.584246,1.041352,0.959973,0.735134,0.430622,0.502818,0.403941,0.722954,0.707828,0.655390,0.670898,0.920645,0.768069,0.728551,0.855559,1.340971,1.282658,1.001501,0.833090,0.958972,0.806376,0.622794,0.496713,0.790800,0.820789
1.099697,1.154461,1.060159,1.165198,0.761692,0.412063,1.169905,1.212337,0.544579,0.607359,0.981624,1.073012,0.975886,0.943575,1.022371,0.871514,1.225563,1.209239,1.247324,1.357876,0.639566,0.350913,0.913257,0.741192,0.578438,0.672421,0.531815,0.460352,1.112215,1.060127,1.243761,1.230088,1.903099,0.000000,0.852911,0.459222,0.539498,0.564119,0.850615,0.553861,0.684965,0.471130,1.166083,0.978526,0.975131,0.968332,1.029813,1.081723,0.946889,0.955976,0.934385,0.845099,0.712337,0.692996,0.878185,1.057191,0.950490,0.968327,0.794435,0.302064,0.992811,0.682168,1.186849,1.186313,0.958077,0.668978,1.104464,1.046106,0.765996,0.427696,0.544783,0.434850,0.786458,0.776370,0.688898,0.727619,0.976193,0.851307,0.698378,0.827767,1.315799,1.267338,0.925739,0.777331,0.950255,0.833088,0.618648,0.483185,0.817142,0.875999
0.700085,0.589453,0.623749,0.739705,0.554601,0.273652,0.790783,0.759878,0.312237,0.349755,0.579422,0.695793,0.666800,0.633288,0.743279,0.627660,0.548469,0.531494,0.750967,0.797208,0.464627,0.248239,0.652133,0.579055,0.437370,0.457829,0.351647,0.340512,0.628153,0.543451,0.774223,0.687008,0.788620,0.852911,0.000000,0.739496,0.288154,0.229200,0.468805,0.276407,0.277172,0.146598,0.938887,0.826566,0.553802,0.904794,0.765149,0.759353,0.642275,0.684220,0.636927,0.688381,0.623694,0.681966,0.729494,0.718996,0.532912,0.482413,0.598734,0.355510,0.751131,0.761923,0.681358,0.660162,0.950438,0.834674,1.075810,0.940220,0.428376,0.300637,0.507986,0.426458,0.551792,0.604973,0.513343,0.528752,0.833149,0.761763,0.351979,0.407715,0.589695,0.586837,0.406606,0.250373,0.684689,0.531308,0.373007,0.266716,0.679199,0.674461
0.392104,0.266347,0.202200,0.291432,0.191231,0.002524,0.294377,0.311914,-0.027643,0.033436,0.249590,0.340737,0.270200,0.290476,0.352159,0.296673,0.339308,0.261823,0.431088,0.442063,0.324288,0.218997,0.170215,0.131521,0.052938,0.064851,0.138235,0.220117,0.421762,0.362276,0.488335,0.415974,0.398442,0.459222,0.739496,0.000000,0.266761,0.031689,0.312077,0.146462,0.171997,0.031581,0.608448,0.569797,0.212014,0.537894,0.582934,0.400315,0.306275,0.417339,0.210130,0.321256,0.482063,0.335814,0.605088,0.468516,0.307010,0.242551,0.419770,0.400641,0.423379,0.548719,0.406915,0.399175,0.492787,0.482687,0.638641,0.551726,0.287062,0.236330,0.362533,0.315790,0.319509,0.357689,0.319066,0.356998,0.485232,0.498614,0.194039,0.183641,0.330565,0.261340,0.189015,0.019564,0.292704,0.247022,0.138491,0.041073,0.291905,0.340432
0.568684,0.530221,0.328869,0.336681,0.222494,-0.039403,0.365503,0.356611,0.057153,0.009085,0.456935,0.389937,0.433197,0.351803,0.468681,0.380747,0.603405,0.488623,0.459964,0.455413,0.421390,0.230494,0.278726,0.231017,0.172328,0.287747,0.250322,0.263517,0.523947,0.439153,0.578919,0.659328,0.538804,0.539498,0.288154,0.266761,0.000000,0.509056,0.627289,0.407134,0.650914,0.450971,0.486052,0.447667,0.386850,0.280020,0.536818,0.497250,0.310080,0.396642,0.250978,0.260825,0.352428,0.251839,0.540475,0.517755,0.594090,0.560230,0.435482,0.161873,0.441109,0.276018,0.476380,0.439260,0.400990,0.244531,0.357548,0.338980,0.363430,0.196791,0.473130,0.427839,0.506147,0.459430,0.438567,0.350544,0.283220,0.283060,0.418024,0.492155,0.513969,0.493704,0.441093,0.375198,0.469139,0.549193,0.204091,0.188191,0.346821,0.308230
0.438151,0.567297,0.463884,0.436041,0.349284,0.260799,0.409956,0.451692,0.301476,0.292025,0.439931,0.431608,0.423348,0.409283,0.459590,0.466737,0.568618,0.559851,0.427887,0.480085,0.317943,0.221661,0.444019,0.376115,0.376820,0.478606,0.348260,0.320004,0.425287,0.476252,0.431064,0.491443,0.546224,0.564119,0.229200,0.031689,0.509056,0.000000,0.551403,0.599563,0.532991,0.587923,0.381645,0.411140,0.586390,0.250774,0.403057,0.546413,0.450748,0.437132,0.468143,0.338680,0.221860,0.215072,0.311519,0.504729,0.480787,0.573845,0.297801,-0.015737,0.303881,0.154246,0.370078,0.407701,0.333079,0.197452,0.304585,0.369664,0.416542,0.207468,0.234440,0.224757,0.348442,0.315715,0.375779,0.363856,0.294360,0.233196,0.513587,0.759147,0.517561,0.652391,0.460843,0.609030,0.475107,0.625823,0.350777,0.471504,0.354680,0.393281
0.620112,0.680791,0.440908,0.456055,0.322513,0.076848,0.481481,0.503310,0.151262,0.174813,0.585152,0.600454,0.554308,0.552095,0.657943,0.613108,0.877717,0.705132,0.553900,0.600031,0.311815,0.148943,0.389530,0.283883,0.204242,0.394226,0.300320,0.268837,0.751655,0.744459,0.799197,0.883859,0.843865,0.850615,0.468805,0.312077,0.627289,0.551403,0.000000,0.701634,0.691175,0.674150,0.723399,0.736479,0.701634,0.439388,0.794852,0.664711,0.517197,0.589322,0.443452,0.406134,0.415329,0.280603,0.743554,0.751272,0.674884,0.712854,0.550315,0.262637,0.559211,0.425452,0.688042,0.627958,0.606295,0.339070,0.536491,0.531558,0.503110,0.274033,0.383818,0.301795,0.498582,0.467370,0.468520,0.516099,0.476949,0.403293,0.681825,0.709033,0.777525,0.750737,0.845274,0.659454,0.614935,0.636463,0.611517,0.495134,0.450942,0.435674
0.429993,0.513206,0.326970,0.299770,0.286202,0.030947,0.338224,0.366832,0.161339,0.135775,0.472258,0.425492,0.390673,0.385180,0.486128,0.451292,0.726288,0.528311,0.358006,0.403535,0.338450,0.258218,0.334381,0.222653,0.256657,0.349977,0.418287,0.337438,0.609401,0.728193,0.539693,0.534551,0.546733,0.553861,0.276407,0.146462,0.407134,0.599563,0.701634,0.000000,0.328840,0.500300,0.433851,0.562146,0.530151,0.155815,0.530571,0.417276,0.337290,0.411276,0.317163,0.220246,0.195061,0.076319,0.411884,0.452557,0.477260,0.543060,0.264452,0.024466,0.329743,0.155753,0.439143,0.358394,0.334444,0.155878,0.298308,0.344438,0.334402,0.042231,0.270662,0.221894,0.327898,0.435054,0.288811,0.438618,0.368172,0.305396,0.774664,0.766406,0.568011,0.615350,0.431259,0.440465,0.421770,0.412655,0.400979,0.473830,0.201880,0.202436
0.538739,0.550526,0.430893,0.449168,0.245633,0.112773,0.446797,0.449163,0.205025,0.183877,0.436836,0.458974,0.460240,0.412159,0.460357,0.403387,0.646732,0.614827,0.496264,0.522956,0.357563,0.139582,0.370291,0.386201,0.264869,0.439781,0.212215,0.248091,0.565639,0.526953,0.708446,0.832390,0.742410,0.684965,0.277172,0.171997,0.650914,0.532991,0.691175,0.328840,0.000000,0.624849,0.537955,0.462444,0.607034,0.433368,0.501180,0.626943,0.403137,0.440063,0.384765,0.377237,0.311180,0.260498,0.483067,0.593601,0.578771,0.529153,0.465786,0.140257,0.428179,0.287487,0.542688,0.568442,0.437548,0.249904,0.405350,0.425196,0.444339,0.280263,0.361316,0.245032,0.429687,0.375680,0.399747,0.374660,0.325120,0.292838,0.393016,0.559485,0.685639,0.662239,0.739792,0.737382,0.555495,0.760063,0.405316,0.302658,0.433501,0.428912
0.234340,0.260504,0.261526,0.189125,0.209508,0.089122,0.237853,0.220805,0.089615,0.076794,0.327926,0.295180,0.298740,0.278988,0.252916,0.271779,0.557036,0.447734,0.209206,0.221641,0.141199,-0.034574,0.183478,0.111983,0.156385,0.367881,0.181044,0.275594,0.415229,0.401353,0.475893,0.571352,0.523937,0.471130,0.146598,0.031581,0.450971,0.587923,0.674150,0.500300,0.624849,0.000000,0.275193,0.346209,0.499718,0.180653,0.283258,0.417954,0.227291,0.240631,0.206350,0.166558,0.131296,0.067748,0.235791,0.278979,0.242239,0.274746,0.206574,0.141084,0.231600,0.216785,0.390576,0.316962,0.381020,0.090967,0.174677,0.221753,0.160039,0.075670,0.137164,0.058204,0.264150,0.215427,0.284023,0.203348,0.150038,-0.018644,0.568353,0.758290,0.454873,0.482269,0.660326,0.593885,0.267631,0.391628,0.242783,0.220596,0.175086,0.150997
0.992843,0.893461,0.702097,0.839733,0.559657,0.221968,0.875064,0.946212,0.326133,0.391608,0.757783,0.938532,0.764196,0.816699,0.834861,0.721278,0.954879,0.884135,0.969478,1.071433,0.603323,0.351341,0.585896,0.487803,0.325590,0.353834,0.383434,0.355467,0.941023,0.871194,0.971999,0.880566,1.097352,1.166083,0.938887,0.608448,0.486052,0.381645,0.723399,0.433851,0.537955,0.275193,0.000000,1.582540,0.868690,1.217288,1.569896,1.183030,1.017474,1.211781,0.810560,0.808153,0.888944,0.770450,1.254963,1.292616,0.842261,0.784274,0.918893,0.448383,0.986099,0.757872,1.114882,1.102241,0.902407,0.648684,1.211208,1.000791,0.625874,0.381867,0.572565,0.475586,0.683408,0.721127,0.578527,0.726402,1.059295,1.046783,0.495440,0.614008,1.031866,0.950679,0.590770,0.453711,0.883135,0.706186,0.490373,0.357636,0.700554,0.777655
0.748710,0.701072,0.522533,0.595756,0.447915,0.139886,0.667208,0.729464,0.192036,0.261983,0.643750,0.779917,0.626251,0.696892,0.696854,0.599020,0.920759,0.779843,0.700736,0.808736,0.483078,0.297978,0.434300,0.330364,0.242161,0.318542,0.371366,0.342898,0.891001,0.904184,0.869220,0.783970,0.913392,0.978526,0.826566,0.569797,0.447667,0.411140,0.736479,0.562146,0.462444,0.346209,1.582540,0.000000,0.793211,0.876570,1.377732,1.018804,0.791860,1.033371,0.620183,0.650762,0.733588,0.561220,1.032983,0.993467,0.675897,0.664833,0.755368,0.440395,0.810796,0.727447,1.012044,0.953852,0.817083,0.593562,0.958188,0.872330,0.478681,0.255935,0.479928,0.399836,0.569105,0.631878,0.483594,0.667442,0.857467,0.782342,0.625041,0.725042,0.891139,0.854927,0.487070,0.374606,0.720729,0.627113,0.394764,0.327980,0.501444,0.560856
0.650765,0.821112,0.749031,0.777114,0.598588,0.424685,0.698503,0.748628,0.537297,0.610267,0.566335,0.662932,0.583837,0.613509,0.593228,0.583103,0.759187,0.808126,0.642538,0.795084,0.373182,0.240306,0.669905,0.608715,0.611500,0.736818,0.383907,0.305067,0.624558,0.657788,0.657258,0.695223,1.034513,0.975131,0.553802,0.212014,0.386850,0.586390,0.701634,0.530151,0.607034,0.499718,0.868690,0.793211,0.000000,0.894274,0.806173,1.009946,0.975881,0.962249,0.946712,0.755298,0.517348,0.508775,0.541363,0.733262,0.735818,0.749688,0.701633,0.232106,0.709806,0.396119,0.726010,0.758827,0.574476,0.409352,0.713966,0.772546,0.585827,0.280399,0.159104,0.114501,0.293414,0.302255,0.309284,0.364805,0.534484,0.472391,0.672840,0.758123,0.895323,0.980381,0.856098,0.848483,0.757055,0.838030,0.606907,0.534529,0.583014,0.662701
0.785656,0.696789,0.769632,0.934316,0.636950,0.360022,0.921666,0.923849,0.457882,0.556512,0.640041,0.804366,0.695517,0.706522,0.721315,0.628896,0.608368,0.664108,0.873866,0.970140,0.460855,0.284036,0.639142,0.635922,0.420944,0.411615,0.272557,0.257015,0.639723,0.560883,0.771293,0.692731,0.946105,0.968332,0.904794,0.537894,0.280020,0.250774,0.439388,0.155815,0.433368,0.180653,1.217288,0.876570,0.894274,0.000000,0.867889,1.155561,0.986636,1.172101,0.846758,1.003779,0.818321,0.921622,0.811476,0.952164,0.620114,0.553246,0.929628,0.564971,0.913399,0.867494,0.875763,0.978616,0.837951,0.802217,1.236581,1.075174,0.524533,0.389833,0.442056,0.350354,0.508372,0.495578,0.488217,0.511221,0.862836,0.833148,0.322974,0.390122,0.785393,0.771878,0.631882,0.463509,0.759336,0.660076,0.487472,0.325027,0.801148,0.955127
0.887515,0.931877,0.544461,0.657166,0.395956,0.098218,0.635171,0.732570,0.181547,0.265461,0.633456,0.798503,0.636796,0.695214,0.726003,0.648539,0.974564,0.928402,0.840675,0.945063,0.546358,0.332556,0.460621,0.349520,0.246980,0.285141,0.357271,0.326151,0.883732,0.886963,0.845879,0.811209,0.952094,1.029813,0.765149,0.582934,0.536818,0.403057,0.794852,0.530571,0.501180,0.283258,1.569896,1.377732,0.806173,0.867889,0.000000,0.962611,0.887106,1.125202,0.715491,0.693228,0.891568,0.593664,1.348517,1.257373,0.963688,0.928130,0.913264,0.382717,0.900028,0.590653,1.004762,0.966704,0.713337,0.528766,1.015186,0.865816,0.702226,0.351886,0.508900,0.437400,0.608455,0.665648,0.547560,0.668192,0.888560,0.919410,0.568578,0.630622,1.027703,0.899460,0.505219,0.411239,0.813248,0.691378,0.466621,0.350921,0.601423,0.617635
0.961618,0.824166,0.826657,0.934413,0.617436,0.335690,0.882236,0.922949,0.403920,0.494696,0.747642,0.779932,0.750859,0.704910,0.802668,0.712848,0.774912,0.777678,1.014550,1.070131,0.444091,0.297082,0.684146,0.641380,0.484375,0.530312,0.322980,0.303378,0.659084,0.648966,0.748968,0.754907,1.072506,1.081723,0.759353,0.400315,0.497250,0.546413,0.664711,0.417276,0.626943,0.417954,1.183030,1.018804,1.009946,1.155561,0.962611,0.000000,1.006939,1.049689,0.914496,1.005310,0.848380,0.981785,0.847529,1.104474,0.784959,0.708475,0.982405,0.492832,0.952239,0.708972,0.842676,0.932746,0.799813,0.681702,1.080861,1.100224,0.669196,0.563081,0.428916,0.344141,0.483386,0.482872,0.509458,0.526355,0.720039,0.642386,0.571520,0.692287,0.925703,1.054136,0.782630,0.731824,0.938560,0.960470,0.581594,0.497845,0.915970,1.012900
0.879739,0.927076,0.967724,1.005047,0.665625,0.456842,0.934613,1.044266,0.633887,0.708899,0.758964,0.924427,0.831840,0.925684,0.784714,0.783182,0.694992,0.842786,0.869432,0.895884,0.441714,0.339607,0.758998,0.684054,0.532844,0.519893,0.374173,0.270052,0.634053,0.616266,0.593636,0.593939,0.951227,0.946889,0.642275,0.306275,0.310080,0.450748,0.517197,0.337290,0.403137,0.227291,1.017474,0.791860,0.975881,0.986636,0.887106,1.006939,0.000000,1.222507,1.475037,1.217239,0.929194,0.872191,0.812698,1.046184,0.741653,0.785237,0.941440,0.396502,0.956142,0.555792,0.853453,0.937522,0.698386,0.543880,0.983312,0.877780,0.577680,0.393549,0.315184,0.282106,0.487614,0.477084,0.441807,0.528085,0.773156,0.749244,0.450217,0.546765,0.890611,0.941491,0.627753,0.622375,0.849198,0.735469,0.606089,0.521662,0.822555,0.992079
