0.000000,2.071025,0.954524,1.126159,0.846344,0.549737,0.982534,1.030975,0.665979,0.532759,1.302350,1.036191,1.074696,1.026640,1.080537,0.886306,1.200462,0.981749,1.422065,1.528929,0.674143,0.458882,0.880670,0.879090,0.980052,0.836633,0.584504,0.561697,0.869075,0.542315,0.819269,0.897941,1.150501,1.227481,0.803261,0.759747,0.547315,0.695777,0.610807,0.801657,0.544489,0.801595,1.096434,1.032507,1.146782,1.130629,1.088356,1.107408,1.143574,1.049334,1.156173,1.012200,1.035006,1.002615,0.958840,1.045286,1.820136,1.858144,1.097998,0.920027,1.146905,0.971582,1.156101,1.035315,0.733067,0.646376,1.068677,0.936350,1.482944,1.298335,-0.020802,0.511443,1.219794,0.987553,0.818972,0.883320,0.703998,0.945299,0.630078,0.459612,1.094493,0.951210,1.244939,1.073167,1.199520,1.151751,0.852950,0.871421,1.123227,1.098017
2.071025,0.000000,1.065733,1.266888,0.859162,0.624065,1.093685,1.173770,0.782447,0.653438,1.340695,1.144022,1.197038,1.166387,1.168686,0.964799,1.180851,1.003671,1.614572,1.711738,0.718569,0.485546,0.969678,0.971015,0.979004,0.831317,0.620637,0.602512,0.784378,0.482987,0.859828,0.918826,1.182858,1.292062,0.838825,0.750114,0.509311,0.698488,0.627234,0.874712,0.519562,0.792372,1.136918,1.081142,1.189321,1.236801,1.063385,1.114819,1.247467,1.148956,1.244494,1.102443,1.158185,1.068152,0.956435,1.124361,1.704213,2.299825,1.234952,1.081517,1.209093,1.087406,1.205228,1.100265,0.788241,0.722297,1.207777,1.048313,1.642609,1.468822,-0.026619,0.514104,1.213214,1.014976,0.888210,0.895982,0.816257,1.061535,0.565834,0.422643,1.058135,0.919623,1.307741,1.128607,1.247624,1.207264,0.866862,0.835529,1.217177,1.232451
0.954524,1.065733,0.000000,1.853176,1.027344,0.646711,2.050885,1.516116,1.124984,0.622128,1.270020,1.120777,1.573234,1.287035,1.297454,1.023717,0.704780,0.639068,1.331539,1.177917,0.728459,0.556864,1.718093,1.602047,1.049678,0.812104,0.742484,0.720169,0.443911,0.297662,1.131727,1.072563,0.990114,1.163654,1.107035,0.740984,0.201982,0.516382,0.480791,0.647809,0.392575,0.540004,0.847837,0.841994,0.947173,1.048739,0.736473,0.815786,0.954624,0.920837,0.992757,0.991603,0.813194,0.802437,0.600578,0.795035,0.822035,0.989041,1.615291,1.096024,1.279578,1.103606,0.812246,0.855080,1.269223,1.201448,1.330725,1.218258,0.942522,1.072307,0.169396,0.536778,0.963959,0.826266,1.045265,0.848352,0.834041,1.009505,0.311494,0.346849,0.683388,0.612381,1.018155,0.896806,1.035902,0.987920,0.729777,0.580721,1.292509,1.285496
1.126159,1.266888,1.853176,0.000000,1.012997,0.737054,1.864671,1.995675,1.119803,0.770897,1.292423,1.339231,1.622279,1.624708,1.407294,1.212964,0.830124,0.745184,1.559452,1.430559,0.795992,0.601036,1.751738,1.737659,1.097320,0.904554,0.729269,0.726179,0.529818,0.353531,1.134331,1.121954,1.090572,1.325386,1.142683,0.867063,0.296247,0.563765,0.526396,0.726587,0.412907,0.621154,1.029419,1.002096,1.116050,1.235915,0.865303,0.959138,1.122886,1.143892,1.176106,1.203366,1.024750,0.986477,0.728688,0.931667,0.934389,1.180660,1.598513,1.325329,1.386423,1.314332,0.983491,0.999953,1.220866,1.275366,1.418125,1.393894,1.087705,1.279626,0.174688,0.572750,1.082125,0.933122,1.138121,0.876006,0.956659,1.172691,0.366931,0.325808,0.794429,0.707258,1.195257,1.063493,1.208995,1.139769,0.785034,0.668005,1.365328,1.543050
0.846344,0.859162,1.027344,1.012997,0.000000,1.014706,1.110436,1.029242,0.908974,0.537632,0.976831,1.006399,1.176236,1.071208,1.365570,1.188645,0.819185,0.748905,0.938750,0.909489,0.924541,0.856582,1.117045,1.040781,1.638009,1.310465,1.338988,1.183596,0.727592,0.570202,1.237060,1.322161,0.866033,1.011668,0.956963,0.571654,0.318512,0.460013,0.446179,0.604756,0.415731,0.583738,0.896082,0.866438,0.905862,0.953534,0.807283,0.820965,0.772164,0.779649,0.878365,0.766249,0.714205,0.616459,0.522989,0.716064,0.753884,0.848045,1.041603,0.876008,1.103550,0.969609,0.788066,0.923897,1.112716,0.943145,1.058095,1.090840,0.795778,0.962784,0.098950,0.800298,0.912663,1.010388,0.717969,0.728483,0.526846,0.706904,0.496399,0.489828,0.753633,0.668961,0.927842,0.786522,0.877197,0.923611,0.469771,0.482263,0.839806,1.023778
0.549737,0.624065,0.646711,0.737054,1.014706,0.000000,0.700159,0.806981,0.635658,1.002664,0.541789,0.823591,0.719763,0.872819,0.858154,1.037466,0.503098,0.615956,0.714963,0.737497,0.836817,0.880389,0.794720,0.773477,0.986979,0.964966,1.047015,1.094289,0.444205,0.437567,0.861364,0.842755,0.627605,0.724536,0.617043,0.413835,0.185567,0.310000,0.299308,0.493842,0.334308,0.514283,0.666178,0.665522,0.601650,0.687851,0.535746,0.600952,0.536254,0.639502,0.587978,0.580917,0.571869,0.558443,0.359329,0.538816,0.468909,0.614147,0.671092,0.694845,0.681076,0.745980,0.571332,0.698484,0.710585,0.692702,0.681874,0.773448,0.648043,0.768936,0.043079,0.651014,0.629393,0.898893,0.522315,0.530278,0.492108,0.652823,0.283396,0.291377,0.522540,0.505308,0.681795,0.626647,0.610545,0.641449,0.253662,0.313511,0.546180,0.726822
0.982534,1.093685,2.050885,1.864671,1.110436,0.700159,0.000000,1.829200,1.239602,0.713242,1.333252,1.308399,1.933447,1.566003,1.502554,1.206918,0.764277,0.692914,1.431889,1.243129,0.793096,0.578966,1.931758,1.861920,1.130582,0.869351,0.794593,0.773878,0.531556,0.383665,1.193738,1.172575,1.070859,1.253720,1.196411,0.781297,0.254934,0.555550,0.546030,0.699491,0.464044,0.603088,0.999238,0.978572,1.100127,1.205378,0.834170,0.940995,1.068786,1.093463,1.124780,1.162410,0.962600,0.970504,0.680491,0.959515,0.799948,1.021207,1.798984,1.275627,1.372137,1.278971,0.915208,0.973098,1.350921,1.374118,1.458283,1.381946,0.951001,1.123492,0.232371,0.608889,1.063287,0.918801,1.186352,0.925923,0.957603,1.174522,0.401082,0.394303,0.764942,0.715825,1.161698,1.024250,1.190823,1.124971,0.784805,0.657343,1.409138,1.515434
1.030975,1.173770,1.516116,1.995675,1.029242,0.806981,1.829200,0.000000,1.177364,0.902625,1.259959,1.676766,1.682538,2.068912,1.419875,1.399208,0.868132,0.810150,1.466807,1.371540,0.775767,0.602423,1.581899,1.679242,1.083194,0.941330,0.742997,0.738687,0.579774,0.441884,1.164572,1.164091,1.136954,1.391679,1.060138,0.784056,0.289912,0.562105,0.544933,0.718639,0.485845,0.642540,1.103944,1.083947,1.181169,1.335302,0.871119,0.985440,1.207325,1.354633,1.240726,1.376707,1.123243,1.081439,0.722297,1.008822,0.838372,1.110801,1.606083,1.482801,1.428653,1.640571,1.044616,1.165707,1.174202,1.388959,1.387593,1.431561,1.001227,1.194265,0.217691,0.559782,1.091061,0.969442,1.174772,0.893168,0.974889,1.194939,0.418116,0.382088,0.863352,0.793031,1.237569,1.164512,1.265116,1.210406,0.790216,0.682936,1.333652,1.695647
0.665979,0.782447,1.124984,1.119803,0.908974,0.635658,1.239602,1.177364,0.000000,0.718725,0.896242,0.965563,1.156522,1.121576,1.079945,0.925798,0.585730,0.593431,0.931092,0.814399,0.626880,0.584137,1.165735,1.130130,0.753749,0.656568,0.680413,0.652683,0.376054,0.283603,0.878280,0.771442,0.712708,0.821515,0.777093,0.488227,0.170955,0.289136,0.399316,0.462718,0.379619,0.480359,0.706033,0.650240,0.788580,0.834051,0.601049,0.648340,0.787754,0.812058,0.781918,0.813033,0.749323,0.716458,0.532977,0.697053,0.556151,0.749171,1.006383,0.954996,0.841567,0.864774,0.576800,0.707593,0.848848,0.977743,0.916208,0.956988,0.718633,0.788124,0.360289,0.566409,0.847644,0.656270,0.952899,0.628831,0.798139,0.883501,0.244457,0.250781,0.515148,0.526846,0.808069,0.813644,0.760773,0.764462,0.509431,0.440886,0.877551,0.976002
0.532759,0.653438,0.622128,0.770897,0.537632,1.002664,0.713242,0.902625,0.718725,0.000000,0.560554,0.887430,0.743844,1.007424,0.739806,0.939400,0.469976,0.617024,0.730090,0.743215,0.484704,0.482190,0.737966,0.791447,0.588872,0.630848,0.479352,0.513742,0.366387,0.363323,0.618069,0.575406,0.671413,0.721395,0.484396,0.379938,0.222608,0.307164,0.400975,0.515793,0.357216,0.467141,0.618882,0.639776,0.597759,0.688584,0.477580,0.589777,0.679242,0.816179,0.643875,0.779782,0.697357,0.740296,0.492601,0.657893,0.419903,0.612033,0.699622,0.774855,0.617736,0.789300,0.579619,0.683741,0.569783,0.718620,0.633845,0.687781,0.610386,0.689896,0.145154,0.355546,0.576062,0.640362,0.645556,0.587977,0.641720,0.799889,0.233693,0.216230,0.526041,0.570236,0.729575,0.725667,0.644167,0.675904,0.469292,0.453984,0.673177,0.796471
1.302350,1.340695,1.270020,1.292423,0.976831,0.541789,1.333252,1.259959,0.896242,0.560554,0.000000,1.185755,1.613800,1.187663,1.272997,1.000246,1.061611,0.947506,1.338857,1.367016,0.642276,0.436805,1.117670,1.082654,1.040787,0.914703,0.622284,0.572116,0.749967,0.508844,1.052812,1.066742,1.195450,1.307754,0.952035,0.755379,0.479028,0.697801,0.654816,0.753375,0.548825,0.712420,0.941552,0.922255,1.056167,1.105109,0.875764,0.918977,1.134307,1.035364,1.113579,1.032576,1.017978,0.887800,0.754728,0.959796,1.128619,1.323822,1.358955,1.041623,1.426684,1.185324,1.093032,1.127101,0.967309,0.830500,1.176205,1.057996,1.061290,1.162084,0.089598,0.593103,1.110174,0.888269,0.928312,0.883384,0.775044,0.952266,0.565172,0.516732,0.919896,0.823711,1.112084,0.927490,1.112080,1.067557,0.774455,0.751915,1.244876,1.193346
1.036191,1.144022,1.120777,1.339231,1.006399,0.823591,1.308399,1.676766,0.965563,0.887430,1.185755,0.000000,1.360709,1.888601,1.376277,1.557625,1.030346,1.086409,1.298377,1.325709,0.636471,0.528003,1.155957,1.186990,1.082634,1.052940,0.737526,0.716211,0.766742,0.679596,1.245591,1.306318,1.249729,1.574545,0.876819,0.646211,0.344774,0.598876,0.616820,0.773244,0.642232,0.807115,1.110833,1.109632,1.188919,1.277753,0.881132,1.012499,1.127040,1.275913,1.180762,1.266131,1.112797,0.992487,0.734800,1.011092,0.880232,1.108804,1.287738,1.288233,1.306868,1.726703,1.149667,1.497143,1.005090,1.137781,1.154065,1.221082,0.930811,1.104040,0.071498,0.470893,1.035476,1.052003,0.992004,0.863690,0.717458,0.942699,0.591911,0.576828,1.045375,1.013276,1.283551,1.178902,1.260880,1.291161,0.773323,0.744121,1.157246,1.433202
1.074696,1.197038,1.573234,1.622279,1.176236,0.719763,1.933447,1.682538,1.156522,0.743844,1.613800,1.360709,0.000000,1.631350,1.645140,1.295930,0.879847,0.799339,1.462138,1.303956,0.774746,0.569528,1.648145,1.596081,1.212098,0.988240,0.783979,0.737352,0.663047,0.467596,1.198193,1.248629,1.207220,1.326751,1.172599,0.794953,0.344243,0.622080,0.637407,0.785170,0.516687,0.679866,1.061427,1.022583,1.134498,1.261758,0.891773,0.963610,1.181011,1.183044,1.223090,1.211650,1.040917,1.007956,0.703444,1.001878,0.874396,1.140005,1.758440,1.293364,1.428661,1.336669,0.997031,1.067577,1.327487,1.282696,1.419903,1.345019,1.015272,1.225902,0.184755,0.664669,1.146320,0.955509,1.067204,0.961826,0.910446,1.144738,0.503299,0.481994,0.858020,0.766824,1.214631,0.990167,1.253922,1.181597,0.834730,0.710754,1.452958,1.566044
1.026640,1.166387,1.287035,1.624708,1.071208,0.872819,1.566003,2.068912,1.121576,1.007424,1.187663,1.888601,1.631350,0.000000,1.603051,1.742607,0.919086,0.926661,1.403684,1.355591,0.726783,0.617348,1.446679,1.540957,1.142431,1.059540,0.763856,0.750225,0.712179,0.578664,1.248952,1.276887,1.249688,1.531017,1.043653,0.757951,0.327975,0.577338,0.602083,0.776862,0.558461,0.735098,1.154736,1.150580,1.210378,1.357074,0.894852,1.024403,1.172890,1.357061,1.247286,1.348781,1.126160,1.052779,0.748015,1.032609,0.839506,1.109298,1.432552,1.367830,1.365813,1.682323,1.094538,1.315203,1.178376,1.382436,1.299442,1.380933,0.969744,1.211107,0.165048,0.546157,1.094111,1.034561,1.077559,0.934117,0.852101,1.127700,0.515967,0.477559,0.950783,0.914926,1.379755,1.224125,1.327044,1.335036,0.826879,0.735929,1.305842,1.695558
1.080537,1.168686,1.297454,1.407294,1.365570,0.858154,1.502554,1.419875,1.079945,0.739806,1.272997,1.376277,1.645140,1.603051,0.000000,1.627524,1.004083,0.914376,1.402535,1.306344,0.854061,0.739992,1.498799,1.410396,1.436876,1.170134,0.996061,0.936820,0.871088,0.666434,1.432289,1.403285,1.181600,1.364080,1.095902,0.741082,0.399610,0.643879,0.691919,0.870898,0.645208,0.835348,1.166703,1.135589,1.234791,1.318373,0.995868,1.083232,1.087046,1.119673,1.236342,1.104444,1.052621,0.919813,0.765805,1.025782,0.927702,1.140077,1.368542,1.144888,1.305260,1.271578,1.072678,1.192914,1.313086,1.157940,1.294106,1.311295,1.021193,1.271463,0.117628,0.713589,1.239238,1.174161,1.062064,0.989475,0.773170,1.056956,0.624751,0.579202,0.987939,0.957038,1.469693,1.121695,1.325209,1.335143,0.771988,0.784150,1.265189,1.474908
0.886306,0.964799,1.023717,1.212964,1.188645,1.037466,1.206918,1.399208,0.925798,0.939400,1.000246,1.557625,1.295930,1.742607,1.627524,0.000000,0.884540,0.977168,1.169682,1.138334,0.748562,0.737768,1.267038,1.252466,1.309582,1.240449,0.909191,0.894712,0.837906,0.771646,1.371361,1.399380,1.197932,1.352149,0.965199,0.706626,0.325456,0.600187,0.647599,0.848066,0.652946,0.826441,1.112288,1.118509,1.122857,1.210891,0.861646,1.015149,0.978972,1.114110,1.118875,1.102287,0.959416,0.882214,0.678682,0.945764,0.771536,0.967482,1.123497,1.069606,1.176931,1.422395,1.058553,1.335150,1.177485,1.203940,1.093055,1.189701,0.853757,1.105499,0.085939,0.577886,1.014824,1.129278,0.876172,0.880140,0.671618,0.950321,0.627042,0.616113,1.041886,1.032611,1.309069,1.093897,1.242998,1.317054,0.700753,0.755411,1.086815,1.404326
1.200462,1.180851,0.704780,0.830124,0.819185,0.503098,0.764277,0.868132,0.585730,0.469976,1.061611,1.030346,0.879847,0.919086,1.004083,0.884540,0.000000,1.311180,0.990785,1.134716,0.503045,0.436045,0.658403,0.690069,0.890738,0.916456,0.565963,0.514938,1.080655,0.746473,0.856373,0.917976,1.163769,1.220505,0.642167,0.568616,0.535356,0.633750,0.719638,0.816817,0.697924,0.829889,1.002372,1.013304,1.067447,1.060551,0.969185,1.013625,0.974582,0.920817,1.085725,0.906051,0.954619,0.728006,0.841110,0.949868,1.316676,1.287078,0.831110,0.797215,1.009063,1.041694,1.374134,1.335858,0.666461,0.591295,0.909843,0.881725,0.992128,1.013289,-0.115226,0.408403,0.933252,0.833109,0.658377,0.682269,0.493808,0.672720,0.855193,0.609960,1.223389,1.060377,1.089949,0.980706,1.063093,1.143749,0.743167,0.873338,0.864622,0.970325
0.981749,1.003671,0.639068,0.745184,0.748905,0.615956,0.692914,0.810150,0.593431,0.617024,0.947506,1.086409,0.799339,0.926661,0.914376,0.977168,1.311180,0.000000,0.910894,1.079190,0.381361,0.388895,0.622300,0.620664,0.834259,0.957906,0.518702,0.476046,1.017815,0.963844,0.925875,0.921823,1.167779,1.200342,0.621206,0.560371,0.454364,0.582765,0.724947,0.853120,0.788484,0.911335,0.876228,0.908935,0.945755,0.928190,0.804153,0.912726,0.830668,0.817628,0.928464,0.806070,0.888273,0.666357,0.787011,0.900253,1.021973,1.098059,0.752644,0.681430,0.905468,0.982540,1.182191,1.387333,0.669262,0.560367,0.769602,0.774296,0.833311,0.885496,-0.170406,0.381771,0.848779,0.883687,0.607130,0.712604,0.419325,0.651873,0.804718,0.736935,1.184519,1.241426,1.037718,0.923688,0.970219,1.104976,0.700662,0.841639,0.801296,0.865612
1.422065,1.614572,1.331539,1.559452,0.938750,0.714963,1.431889,1.466807,0.931092,0.730090,1.338857,1.298377,1.462138,1.403684,1.402535,1.169682,0.990785,0.910894,0.000000,1.943325,0.850050,0.578143,1.363777,1.339027,1.101739,0.815428,0.742184,0.719836,0.688825,0.473157,0.979231,1.023188,1.276129,1.374494,1.077413,0.855247,0.417536,0.699552,0.690842,0.953764,0.583608,0.842524,1.229261,1.213168,1.364665,1.463967,1.124846,1.231869,1.297871,1.303892,1.325476,1.278538,1.286097,1.223127,0.967122,1.255936,1.169827,1.560417,1.552696,1.311975,1.280015,1.215329,1.252570,1.142288,1.031207,0.963582,1.481302,1.325132,1.482986,1.559434,0.100411,0.617854,1.295987,1.135435,1.000699,1.026519,0.986832,1.205336,0.542141,0.420196,1.084409,0.970530,1.530939,1.333636,1.485268,1.336630,0.932678,0.910479,1.494265,1.568076
1.528929,1.711738,1.177917,1.430559,0.909489,0.737497,1.243129,1.371540,0.814399,0.743215,1.367016,1.325709,1.303956,1.355591,1.306344,1.138334,1.134716,1.079190,1.943325,0.000000,0.793509,0.528795,1.125370,1.152721,1.068926,0.898754,0.698073,0.673819,0.758457,0.521681,1.005544,1.049497,1.359009,1.530562,0.959242,0.842116,0.462472,0.732101,0.672451,0.949984,0.589389,0.848625,1.194985,1.198972,1.322591,1.416520,1.037218,1.170608,1.286819,1.265433,1.299771,1.225843,1.271283,1.097954,0.909531,1.161364,1.299112,1.706654,1.346460,1.213716,1.349813,1.286675,1.406269,1.318964,0.907099,0.862251,1.332297,1.248327,1.451757,1.628403,-0.000498,0.575356,1.190070,1.099080,0.966842,0.940708,0.892456,1.180424,0.563680,0.424294,1.117778,0.994127,1.464099,1.255615,1.348571,1.291130,0.871615,0.868051,1.258643,1.349248
0.674143,0.718569,0.728459,0.795992,0.924541,0.836817,0.793096,0.775767,0.626880,0.484704,0.642276,0.636471,0.774746,0.726783,0.854061,0.748562,0.503045,0.381361,0.850050,0.793509,0.000000,1.032831,0.844665,0.838180,0.928320,0.579536,1.041304,1.089746,0.382193,0.176460,0.601234,0.634709,0.507816,0.588918,0.715275,0.502292,0.340531,0.439079,0.295075,0.485609,0.201260,0.455751,0.834240,0.768885,0.718124,0.768481,0.780680,0.773872,0.717536,0.674717,0.731014,0.663770,0.754215,0.695485,0.521842,0.667777,0.596086,0.709382,0.799488,0.831161,0.690814,0.581118,0.619599,0.542687,0.677992,0.618032,0.877092,0.851035,0.865806,0.917258,0.296019,0.869458,0.803652,0.848333,0.608895,0.506311,0.803678,0.772793,0.237022,0.099438,0.522817,0.414642,0.697014,0.700916,0.697871,0.666641,0.316796,0.317442,0.650854,0.813832
0.458882,0.485546,0.556864,0.601036,0.856582,0.880389,0.578966,0.602423,0.584137,0.482190,0.436805,0.528003,0.569528,0.617348,0.739992,0.737768,0.436045,0.388895,0.578143,0.528795,1.032831,0.000000,0.682850,0.671959,0.829296,0.669728,0.999327,1.110532,0.427912,0.311359,0.718670,0.636183,0.410744,0.488700,0.540722,0.320665,0.191704,0.255452,0.314862,0.409326,0.251512,0.408215,0.649380,0.617565,0.584754,0.623947,0.592572,0.635959,0.515548,0.492596,0.582122,0.475070,0.525819,0.446286,0.403530,0.486991,0.435915,0.498407,0.552097,0.568621,0.486775,0.483060,0.450353,0.457124,0.609812,0.547854,0.639762,0.686272,0.575577,0.635102,0.270957,0.887992,0.612237,0.735257,0.494929,0.407577,0.504948,0.542243,0.242271,0.138220,0.456564,0.408075,0.573170,0.530128,0.546025,0.546204,0.228752,0.267592,0.449031,0.612957
0.880670,0.969678,1.718093,1.751738,1.117045,0.794720,1.931758,1.581899,1.165735,0.737966,1.117670,1.155957,1.648145,1.446679,1.498799,1.267038,0.658403,0.622300,1.363777,1.125370,0.844665,0.682850,0.000000,2.144623,1.224470,0.912018,0.871967,0.877403,0.494018,0.363204,1.177757,1.121602,0.976169,1.097730,1.296008,0.817370,0.241113,0.504513,0.527695,0.693221,0.415556,0.595625,0.961673,0.916933,1.018664,1.115469,0.823385,0.914216,0.936723,0.995634,1.035140,1.043648,0.894486,0.944148,0.661611,0.885759,0.696773,0.911460,1.508206,1.183428,1.157982,1.113234,0.826533,0.852627,1.521399,1.414842,1.324859,1.333393,0.930900,1.133287,0.261603,0.664028,1.045412,0.975488,1.087016,0.914296,0.924481,1.096739,0.368198,0.354521,0.716563,0.668574,1.095235,0.961368,1.136077,1.045169,0.705217,0.641768,1.332767,1.452666
0.879090,0.971015,1.602047,1.737659,1.040781,0.773477,1.861920,1.679242,1.130130,0.791447,1.082654,1.186990,1.596081,1.540957,1.410396,1.252466,0.690069,0.620664,1.339027,1.152721,0.838180,0.671959,2.144623,0.000000,1.150858,0.872791,0.792204,0.808929,0.488087,0.355227,1.135148,1.100596,1.003443,1.135186,1.210562,0.808703,0.217211,0.497755,0.504714,0.657399,0.403631,0.578645,0.965707,0.945224,1.049592,1.156903,0.814008,0.912884,0.998901,1.060454,1.070363,1.120220,0.926514,0.949143,0.636929,0.884915,0.699291,0.913590,1.551717,1.225743,1.177755,1.195543,0.881147,0.899079,1.444209,1.528140,1.354342,1.381612,0.920736,1.154020,0.268638,0.614226,0.983927,0.912313,1.072238,0.891068,0.939358,1.099699,0.344986,0.319440,0.724527,0.664573,1.086379,1.022915,1.146470,1.064152,0.728723,0.612565,1.305073,1.494041
0.980052,0.979004,1.049678,1.097320,1.638009,0.986979,1.130582,1.083194,0.753749,0.588872,1.040787,1.082634,1.212098,1.142431,1.436876,1.309582,0.890738,0.834259,1.101739,1.068926,0.928320,0.829296,1.224470,1.150858,0.000000,1.522020,1.139384,1.043501,0.847708,0.646812,1.330162,1.464161,1.098881,1.187360,1.113483,0.702468,0.386145,0.658135,0.577610,0.773379,0.465346,0.713203,1.043126,0.994680,1.028265,1.070382,0.955248,1.000619,0.858028,0.868213,1.027430,0.879949,0.826158,0.757479,0.644888,0.840656,0.852632,0.974292,1.119760,0.929530,1.169566,1.069564,0.931138,1.033546,1.241988,0.992862,1.153398,1.157136,0.951379,1.164672,0.022389,0.718887,0.973212,1.187762,0.716986,0.844723,0.607042,0.798577,0.635479,0.572175,0.924079,0.809137,1.020958,0.830689,1.064618,1.058339,0.578340,0.674045,1.014831,1.150746
0.836633,0.831317,0.812104,0.904554,1.310465,0.964966,0.869351,0.941330,0.656568,0.630848,0.914703,1.052940,0.988240,1.059540,1.170134,1.240449,0.916456,0.957906,0.815428,0.898754,0.579536,0.669728,0.912018,0.872791,1.522020,0.000000,0.873504,0.812678,0.919355,0.811691,1.355888,1.429955,1.068347,1.162468,0.822866,0.598502,0.338577,0.545477,0.563419,0.653750,0.511524,0.700729,0.826931,0.812535,0.837779,0.886207,0.737754,0.783335,0.708586,0.774244,0.866137,0.746426,0.675781,0.595628,0.510302,0.672500,0.755951,0.843150,0.834536,0.729626,1.005292,1.080861,0.805240,1.073248,0.990162,0.850552,0.831389,0.913886,0.723873,0.902531,-0.085741,0.564353,0.790665,0.961323,0.606044,0.707416,0.404999,0.641695,0.700090,0.683459,0.847886,0.773414,0.862208,0.654278,0.856407,0.916041,0.528146,0.623804,0.784139,0.921287
0.584504,0.620637,0.742484,0.729269,1.338988,1.047015,0.794593,0.742997,0.680413,0.479352,0.622284,0.737526,0.783979,0.763856,0.996061,0.909191,0.565963,0.518702,0.742184,0.698073,1.041304,0.999327,0.871967,0.792204,1.139384,0.873504,0.000000,2.024540,0.476266,0.478173,0.931574,0.891259,0.565426,0.661431,0.738378,0.390451,0.309174,0.349680,0.396994,0.542702,0.368964,0.566485,0.787889,0.759694,0.728395,0.752483,0.742672,0.767456,0.591150,0.599869,0.677479,0.574861,0.629391,0.541643,0.510307,0.636929,0.545718,0.617251,0.799376,0.755096,0.774261,0.684899,0.607134,0.673581,0.849122,0.728711,0.841795,0.849919,0.686996,0.781293,0.151078,0.935736,0.768748,1.005168,0.625133,0.539022,0.509939,0.571772,0.381447,0.394753,0.594055,0.573456,0.760528,0.692007,0.742817,0.734098,0.268234,0.357140,0.618551,0.782775
0.561697,0.602512,0.720169,0.726179,1.183596,1.094289,0.773878,0.738687,0.652683,0.513742,0.572116,0.716211,0.737352,0.750225,0.936820,0.894712,0.514938,0.476046,0.719836,0.673819,1.089746,1.110532,0.877403,0.808929,1.043501,0.812678,2.024540,0.000000,0.415053,0.401025,0.884493,0.832025,0.510034,0.623245,0.687769,0.382940,0.246980,0.301005,0.360340,0.508290,0.338470,0.552283,0.774486,0.760078,0.708041,0.740800,0.724205,0.768972,0.565327,0.593724,0.652769,0.558782,0.627956,0.559340,0.510642,0.633734,0.524576,0.600797,0.761898,0.754660,0.718673,0.650173,0.595718,0.620704,0.813335,0.719143,0.820810,0.858053,0.676737,0.778917,0.162450,0.910461,0.760604,0.992973,0.647003,0.526126,0.520746,0.582418,0.315747,0.286707,0.541523,0.532313,0.722111,0.701324,0.706800,0.694325,0.261499,0.315057,0.591791,0.767138
0.869075,0.784378,0.443911,0.529818,0.727592,0.444205,0.531556,0.579774,0.376054,0.366387,0.749967,0.766742,0.663047,0.712179,0.871088,0.837906,1.080655,1.017815,0.688825,0.758457,0.382193,0.427912,0.494018,0.488087,0.847708,0.919355,0.476266,0.415053,0.000000,1.160066,0.748793,0.786105,0.975759,0.896241,0.568549,0.536972,0.656079,0.805419,0.846639,0.876989,0.787807,0.905603,0.904899,0.875889,0.876842,0.841248,0.880735,0.893635,0.782834,0.742704,0.903997,0.713836,0.712575,0.601749,0.715629,0.802088,0.853665,0.842874,0.577179,0.531839,0.686546,0.739691,0.923078,1.005794,0.585631,0.489977,0.641842,0.642815,0.673143,0.745335,-0.153320,0.365133,0.833720,0.748056,0.485609,0.622396,0.341743,0.542778,1.126984,0.786024,1.232456,1.156603,0.934269,0.700560,0.906556,1.015118,0.651186,0.945686,0.678458,0.741027
0.542315,0.482987,0.297662,0.353531,0.570202,0.437567,0.383665,0.441884,0.283603,0.363323,0.508844,0.679596,0.467596,0.578664,0.666434,0.771646,0.746473,0.963844,0.473157,0.521681,0.176460,0.311359,0.363204,0.355227,0.646812,0.811691,0.478173,0.401025,1.160066,0.000000,0.739534,0.722581,0.778272,0.723590,0.391794,0.337299,0.424638,0.578459,0.732181,0.725433,0.928135,0.856039,0.633093,0.677434,0.666906,0.620789,0.615275,0.702782,0.519013,0.550200,0.636697,0.537487,0.518276,0.434946,0.558544,0.645086,0.542724,0.538618,0.405987,0.366478,0.519410,0.652572,0.678443,0.890194,0.524044,0.432220,0.410942,0.427172,0.391041,0.462187,-0.163273,0.274378,0.610598,0.725380,0.389696,0.528495,0.158216,0.347796,1.087286,1.228495,1.022066,1.240005,0.739601,0.604203,0.743858,0.828074,0.522581,0.828549,0.521860,0.555921
0.819269,0.859828,1.131727,1.134331,1.237060,0.861364,1.193738,1.164572,0.878280,0.618069,1.052812,1.245591,1.198193,1.248952,1.432289,1.371361,0.856373,0.925875,0.979231,1.005544,0.601234,0.718670,1.177757,1.135148,1.330162,1.355888,0.931574,0.884493,0.748793,0.739534,0.000000,1.814045,1.101532,1.281656,0.962390,0.607853,0.237931,0.525850,0.551273,0.687976,0.599175,0.692728,0.870658,0.883456,0.964778,1.001833,0.701346,0.810239,0.771666,0.817445,0.893567,0.804871,0.718698,0.620244,0.503515,0.717817,0.743429,0.869305,1.037572,0.845617,1.116079,1.218072,0.873166,1.132328,1.240591,1.036283,0.993166,1.066581,0.721328,0.959844,0.023874,0.634966,0.883809,1.040290,0.828891,0.795183,0.523202,0.781759,0.556579,0.662248,0.817055,0.830374,1.003699,0.797339,0.988747,1.010736,0.562893,0.596929,0.882562,1.025992
0.897941,0.918826,1.072563,1.121954,1.322161,0.842755,1.172575,1.164091,0.771442,0.575406,1.066742,1.306318,1.248629,1.276887,1.403285,1.399380,0.917976,0.921823,1.023188,1.049497,0.634709,0.636183,1.121602,1.100596,1.464161,1.429955,0.891259,0.832025,0.786105,0.722581,1.814045,0.000000,1.192353,1.413475,0.992342,0.653829,0.231051,0.539494,0.521772,0.679405,0.528908,0.670263,0.894936,0.926733,0.956844,0.995388,0.724232,0.807640,0.772277,0.822114,0.924967,0.825589,0.749053,0.621765,0.502334,0.714008,0.786535,0.906811,1.062353,0.845562,1.264916,1.310576,0.942863,1.211289,1.247855,1.037024,1.015981,1.065242,0.742127,0.969877,-0.027830,0.564912,0.838530,1.061826,0.736085,0.803074,0.469459,0.752199,0.621083,0.694750,0.859378,0.808463,0.987876,0.800121,1.002872,1.026216,0.604753,0.586691,0.927947,1.062738
1.150501,1.182858,0.990114,1.090572,0.866033,0.627605,1.070859,1.136954,0.712708,0.671413,1.195450,1.249729,1.207220,1.249688,1.181600,1.197932,1.163769,1.167779,1.276129,1.359009,0.507816,0.410744,0.976169,1.003443,1.098881,1.068347,0.565426,0.510034,0.975759,0.778272,1.101532,1.192353,0.000000,1.941719,1.046214,0.871301,0.433473,0.797147,0.824513,1.013587,0.728632,0.912946,1.114646,1.138899,1.276630,1.322979,0.978544,1.095797,1.135629,1.129701,1.249591,1.179463,0.959915,0.886158,0.846084,1.060457,1.056872,1.266949,1.099515,0.973765,1.194808,1.407619,1.271916,1.498835,1.021099,0.987998,1.214661,1.190167,1.050112,1.278280,-0.092084,0.390457,1.003341,0.945791,0.741016,0.877948,0.636043,0.923788,0.837042,0.698165,1.285964,1.151312,1.215582,0.971962,1.338999,1.376072,0.958197,1.037108,1.237608,1.261197
1.227481,1.292062,1.163654,1.325386,1.011668,0.724536,1.253720,1.391679,0.821515,0.721395,1.307754,1.574545,1.326751,1.531017,1.364080,1.352149,1.220505,1.200342,1.374494,1.530562,0.588918,0.488700,1.097730,1.135186,1.187360,1.162468,0.661431,0.623245,0.896241,0.723590,1.281656,1.413475,1.941719,0.000000,1.059752,0.849281,0.350122,0.704687,0.702352,0.907785,0.675445,0.848152,1.168018,1.197198,1.335365,1.410734,0.931752,1.061561,1.176845,1.189047,1.301831,1.229508,1.013760,0.857157,0.784206,1.020357,1.097818,1.326590,1.239605,1.078229,1.419433,1.672464,1.318654,1.637728,1.108959,1.087979,1.307412,1.335026,1.051182,1.307316,-0.049086,0.421416,1.031906,0.988750,0.871761,0.868050,0.645992,0.961447,0.718190,0.642047,1.182535,1.080600,1.328213,1.078878,1.340221,1.411087,0.899806,0.872166,1.249490,1.365639
0.803261,0.838825,1.107035,1.142683,0.956963,0.617043,1.196411,1.060138,0.777093,0.484396,0.952035,0.876819,1.172599,1.043653,1.095902,0.965199,0.642167,0.621206,1.077413,0.959242,0.715275,0.540722,1.296008,1.210562,1.113483,0.822866,0.738378,0.687769,0.568549,0.391794,0.962390,0.992342,1.046214,1.059752,0.000000,1.174789,0.342942,0.607110,0.596205,0.720089,0.376994,0.595024,1.015565,0.945163,1.013434,1.028362,0.897342,0.891233,0.842643,0.835365,0.967973,0.893956,0.799961,0.742865,0.674473,0.847076,0.661107,0.834609,1.144234,0.949168,1.009696,0.932234,0.829147,0.797811,1.416189,1.148615,1.279278,1.226858,0.832383,1.009520,0.173049,0.599967,0.944576,0.905365,0.777624,0.741228,0.815007,0.957625,0.496824,0.418895,0.722246,0.642993,0.887073,0.748781,1.087204,0.976703,0.635268,0.650976,1.133185,1.142739
0.759747,0.750114,0.740984,0.867063,0.571654,0.413835,0.781297,0.784056,0.488227,0.379938,0.755379,0.646211,0.794953,0.757951,0.741082,0.706626,0.568616,0.560371,0.855247,0.842116,0.502292,0.320665,0.817370,0.808703,0.702468,0.598502,0.390451,0.382940,0.536972,0.337299,0.607853,0.653829,0.871301,0.849281,1.174789,0.000000,0.293350,0.663230,0.625322,0.751167,0.418864,0.616385,0.818939,0.755441,0.817724,0.820230,0.690245,0.728502,0.765465,0.752834,0.856498,0.809471,0.710927,0.711977,0.618985,0.769046,0.646307,0.765885,0.785628,0.696038,0.796923,0.711881,0.756647,0.669273,0.839267,0.759956,0.849968,0.857994,0.691667,0.802624,0.142117,0.408133,0.754100,0.604575,0.581377,0.585561,0.715456,0.865739,0.494148,0.331961,0.664838,0.579797,0.751130,0.610062,0.889456,0.874523,0.653261,0.698315,0.886253,0.886922
0.547315,0.509311,0.201982,0.296247,0.318512,0.185567,0.254934,0.289912,0.170955,0.222608,0.479028,0.344774,0.344243,0.327975,0.399610,0.325456,0.535356,0.454364,0.417536,0.462472,0.340531,0.191704,0.241113,0.217211,0.386145,0.338577,0.309174,0.246980,0.656079,0.424638,0.237931,0.231051,0.433473,0.350122,0.342942,0.293350,0.000000,0.626339,0.523675,0.514763,0.316618,0.447612,0.525151,0.473771,0.475811,0.441510,0.718314,0.589815,0.536078,0.486101,0.499564,0.430796,0.592917,0.543249,0.704951,0.628187,0.531863,0.517081,0.347029,0.424589,0.381591,0.324867,0.523168,0.446305,0.212139,0.161154,0.409618,0.339424,0.519629,0.479943,0.019678,0.365554,0.604668,0.542313,0.380799,0.337904,0.422455,0.365814,0.514495,0.240019,0.570559,0.547847,0.450627,0.430488,0.493929,0.478490,0.277994,0.549076,0.387868,0.415344
0.695777,0.698488,0.516382,0.563765,0.460013,0.310000,0.555550,0.562105,0.289136,0.307164,0.697801,0.598876,0.622080,0.577338,0.643879,0.600187,0.633750,0.582765,0.699552,0.732101,0.439079,0.255452,0.504513,0.497755,0.658135,0.545477,0.349680,0.301005,0.805419,0.578459,0.525850,0.539494,0.797147,0.704687,0.607110,0.663230,0.626339,0.000000,0.998438,1.055370,0.615967,0.780789,0.799058,0.775431,0.756273,0.761309,0.794565,0.830141,0.792791,0.718440,0.849370,0.743691,0.714980,0.701901,0.644021,0.832329,0.708728,0.768462,0.612423,0.604469,0.622788,0.615192,0.762742,0.727530,0.571267,0.498142,0.654426,0.603015,0.654484,0.714349,-0.115874,0.273515,0.685212,0.614887,0.449453,0.438689,0.621498,0.652315,0.823556,0.610724,0.952906,0.820113,0.711195,0.525778,0.917666,0.887210,0.583885,0.982239,0.823899,0.765787
0.610807,0.627234,0.480791,0.526396,0.446179,0.299308,0.546030,0.544933,0.399316,0.400975,0.654816,0.616820,0.637407,0.602083,0.691919,0.647599,0.719638,0.724947,0.690842,0.672451,0.295075,0.314862,0.527695,0.504714,0.577610,0.563419,0.396994,0.360340,0.846639,0.732181,0.551273,0.521772,0.824513,0.702352,0.596205,0.625322,0.523675,0.998438,0.000000,1.240243,0.963627,0.978115,0.856082,0.881348,0.836337,0.837841,0.868153,0.946291,0.806530,0.747891,0.962445,0.788782,0.809863,0.724949,0.885399,1.043816,0.630452,0.700008,0.606573,0.597393,0.556372,0.610452,0.803345,0.756069,0.621290,0.530704,0.645664,0.619075,0.594851,0.620803,-0.063214,0.353469,0.736400,0.608172,0.524487,0.498255,0.594094,0.638974,1.011780,0.682318,1.070738,1.003458,0.850938,0.647061,0.999544,0.967970,0.860682,1.257197,0.876110,0.805911
0.801657,0.874712,0.647809,0.726587,0.604756,0.493842,0.699491,0.718639,0.462718,0.515793,0.753375,0.773244,0.785170,0.776862,0.870898,0.848066,0.816817,0.853120,0.953764,0.949984,0.485609,0.409326,0.693221,0.657399,0.773379,0.653750,0.542702,0.508290,0.876989,0.725433,0.687976,0.679405,1.013587,0.907785,0.720089,0.751167,0.514763,1.055370,1.240243,0.000000,0.840428,0.997540,1.073814,1.053895,1.064763,1.075694,0.965860,1.137302,1.011300,0.916692,1.206240,0.992441,0.955850,0.885872,0.968444,1.249200,0.836277,0.970685,0.787848,0.815094,0.735321,0.789460,1.032741,0.941306,0.723767,0.679349,0.906759,0.870791,0.825473,0.960583,-0.105335,0.396750,0.874615,0.803697,0.625804,0.692208,0.689572,0.795321,0.852745,0.617367,1.261377,1.140027,1.113507,0.838021,1.213561,1.255155,0.901119,1.258076,1.038614,1.018521
0.544489,0.519562,0.392575,0.412907,0.415731,0.334308,0.464044,0.485845,0.379619,0.357216,0.548825,0.642232,0.516687,0.558461,0.645208,0.652946,0.697924,0.788484,0.583608,0.589389,0.201260,0.251512,0.415556,0.403631,0.465346,0.511524,0.368964,0.338470,0.787807,0.928135,0.599175,0.528908,0.728632,0.675445,0.376994,0.418864,0.316618,0.615967,0.963627,0.840428,0.000000,1.000442,0.661095,0.657735,0.722228,0.696194,0.580089,0.709656,0.627737,0.638789,0.711527,0.629581,0.597030,0.579135,0.617211,0.768738,0.533350,0.586311,0.473515,0.459613,0.472467,0.586960,0.697343,0.760933,0.477681,0.433897,0.468952,0.490429,0.462510,0.481655,-0.050417,0.253474,0.746921,0.622697,0.524195,0.526061,0.334102,0.449583,0.884911,0.810225,0.933980,1.053170,0.844059,0.687485,0.809179,0.850100,0.674848,0.931375,0.618378,0.608237
0.801595,0.792372,0.540004,0.621154,0.583738,0.514283,0.603088,0.642540,0.480359,0.467141,0.712420,0.807115,0.679866,0.735098,0.835348,0.826441,0.829889,0.911335,0.842524,0.848625,0.455751,0.408215,0.595625,0.578645,0.713203,0.700729,0.566485,0.552283,0.905603,0.856039,0.692728,0.670263,0.912946,0.848152,0.595024,0.616385,0.447612,0.780789,0.978115,0.997540,1.000442,0.000000,0.867731,0.857159,0.900743,0.887693,0.865370,0.983320,0.792079,0.781719,0.906782,0.783050,0.814896,0.787789,0.878613,0.971568,0.781276,0.853717,0.653369,0.669925,0.661045,0.724249,0.893139,0.911934,0.607938,0.581940,0.685124,0.698411,0.777130,0.801531,-0.071777,0.452297,0.940715,0.906376,0.567708,0.652936,0.520000,0.572828,0.920214,0.760563,1.066004,1.162587,1.015828,0.835865,1.049735,1.084535,0.728292,0.971023,0.806718,0.820681
1.096434,1.136918,0.847837,1.029419,0.896082,0.666178,0.999238,1.103944,0.706033,0.618882,0.941552,1.110833,1.061427,1.154736,1.166703,1.112288,1.002372,0.876228,1.229261,1.194985,0.834240,0.649380,0.961673,0.965707,1.043126,0.826931,0.787889,0.774486,0.904899,0.633093,0.870658,0.894936,1.114646,1.168018,1.015565,0.818939,0.525151,0.799058,0.856082,1.073814,0.661095,0.867731,0.000000,2.009836,1.737991,1.713669,1.616373,1.756776,1.435757,1.366499,1.698428,1.430200,1.393443,1.191784,1.136862,1.475177,1.025857,1.215479,1.153821,1.251681,1.024498,1.066954,1.251876,1.084952,0.923041,0.946026,1.423179,1.377377,1.185121,1.315634,0.080044,0.602555,1.254304,1.046174,0.842289,0.782523,0.941184,1.068839,0.782073,0.486694,1.248084,1.076705,1.382017,1.150918,1.621436,1.490954,0.866026,0.948758,1.179436,1.451301
1.032507,1.081142,0.841994,1.002096,0.866438,0.665522,0.978572,1.083947,0.650240,0.639776,0.922255,1.109632,1.022583,1.150580,1.135589,1.118509,1.013304,0.908935,1.213168,1.198972,0.768885,0.617565,0.916933,0.945224,0.994680,0.812535,0.759694,0.760078,0.875889,0.677434,0.883456,0.926733,1.138899,1.197198,0.945163,0.755441,0.473771,0.775431,0.881348,1.053895,0.657735,0.857159,2.009836,0.000000,1.663883,1.733253,1.505249,1.750234,1.306166,1.307182,1.542066,1.363238,1.326004,1.082283,1.073213,1.462423,1.012682,1.167031,1.133634,1.202717,1.048652,1.100773,1.331854,1.169808,0.933733,0.931452,1.340411,1.319403,1.082870,1.239328,0.041533,0.570770,1.106178,1.024684,0.772128,0.809023,0.883991,1.036985,0.775849,0.504032,1.311845,1.158015,1.397544,1.275583,1.615285,1.524313,0.947404,0.968734,1.168498,1.437267
1.146782,1.189321,0.947173,1.116050,0.905862,0.601650,1.100127,1.181169,0.788580,0.597759,1.056167,1.188919,1.134498,1.210378,1.234791,1.122857,1.067447,0.945755,1.364665,1.322591,0.718124,0.584754,1.018664,1.049592,1.028265,0.837779,0.728395,0.708041,0.876842,0.666906,0.964778,0.956844,1.276630,1.335365,1.013434,0.817724,0.475811,0.756273,0.836337,1.064763,0.722228,0.900743,1.737991,1.663883,0.000000,2.339089,1.368711,1.612989,1.633299,1.593107,1.738881,1.571202,1.364340,1.170491,1.110504,1.492749,1.081729,1.273032,1.276017,1.342514,1.136293,1.186188,1.319976,1.182660,0.950613,0.999709,1.556849,1.480800,1.212384,1.365988,0.104601,0.567552,1.196771,1.023558,0.898285,0.854299,0.859611,1.018929,0.764260,0.531830,1.292145,1.192775,1.501953,1.263364,1.683106,1.556164,0.958137,1.043317,1.271894,1.453453
1.130629,1.236801,1.048739,1.235915,0.953534,0.687851,1.205378,1.335302,0.834051,0.688584,1.105109,1.277753,1.261758,1.357074,1.318373,1.210891,1.060551,0.928190,1.463967,1.416520,0.768481,0.623947,1.115469,1.156903,1.070382,0.886207,0.752483,0.740800,0.841248,0.620789,1.001833,0.995388,1.322979,1.410734,1.028362,0.820230,0.441510,0.761309,0.837841,1.075694,0.696194,0.887693,1.713669,1.733253,2.339089,0.000000,1.329772,1.562362,1.728578,1.738185,1.833099,1.729232,1.395505,1.202607,1.051194,1.470642,1.072273,1.326506,1.400944,1.498446,1.216102,1.303033,1.359239,1.237644,1.008411,1.102373,1.716761,1.681256,1.262953,1.500165,0.080531,0.578897,1.208536,1.035891,0.935902,0.883281,0.939343,1.103940,0.708634,0.492409,1.261811,1.111225,1.568191,1.290305,1.678206,1.580009,0.988134,1.002970,1.353251,1.647047
1.088356,1.063385,0.736473,0.865303,0.807283,0.535746,0.834170,0.871119,0.601049,0.477580,0.875764,0.881132,0.891773,0.894852,0.995868,0.861646,0.969185,0.804153,1.124846,1.037218,0.780680,0.592572,0.823385,0.814008,0.955248,0.737754,0.742672,0.724205,0.880735,0.615275,0.701346,0.724232,0.978544,0.931752,0.897342,0.690245,0.718314,0.794565,0.868153,0.965860,0.580089,0.865370,1.616373,1.505249,1.368711,1.329772,0.000000,1.895139,1.199913,1.103456,1.347939,1.127103,1.312389,1.126251,1.395287,1.455615,1.061684,1.151658,1.000063,1.090460,0.884914,0.845367,1.111972,0.916457,0.778762,0.749633,1.209871,1.103413,1.203082,1.184540,0.030908,0.618482,1.228764,1.034268,0.740900,0.782798,0.862958,0.878582,0.793896,0.454115,1.169652,1.016983,1.139145,1.050403,1.366996,1.230888,0.808259,0.973143,1.103045,1.214935
1.107408,1.114819,0.815786,0.959138,0.820965,0.600952,0.940995,0.985440,0.648340,0.589777,0.918977,1.012499,0.963610,1.024403,1.083232,1.015149,1.013625,0.912726,1.231869,1.170608,0.773872,0.635959,0.914216,0.912884,1.000619,0.783335,0.767456,0.768972,0.893635,0.702782,0.810239,0.807640,1.095797,1.061561,0.891233,0.728502,0.589815,0.830141,0.946291,1.137302,0.709656,0.983320,1.756776,1.750234,1.612989,1.562362,1.895139,0.000000,1.300970,1.233260,1.525163,1.325210,1.406350,1.264131,1.443854,1.696194,1.089002,1.218998,1.092406,1.168384,0.951842,0.967923,1.261155,1.054586,0.840026,0.843514,1.302397,1.215644,1.242706,1.271953,0.056745,0.592269,1.252082,1.105477,0.814200,0.856065,0.915177,1.011960,0.806657,0.510872,1.366198,1.259113,1.366158,1.257693,1.649009,1.517365,0.929636,1.129733,1.217791,1.375002
1.143574,1.247467,0.954624,1.122886,0.772164,0.536254,1.068786,1.207325,0.787754,0.679242,1.134307,1.127040,1.181011,1.172890,1.087046,0.978972,0.974582,0.830668,1.297871,1.286819,0.717536,0.515548,0.936723,0.998901,0.858028,0.708586,0.591150,0.565327,0.782834,0.519013,0.771666,0.772277,1.135629,1.176845,0.842643,0.765465,0.536078,0.792791,0.806530,1.011300,0.627737,0.792079,1.435757,1.306166,1.633299,1.728578,1.199913,1.300970,0.000000,1.819021,1.925670,1.879722,1.493276,1.248074,1.034578,1.325614,1.041657,1.295329,1.359040,1.442069,1.086278,1.123700,1.185811,1.060587,0.809437,0.935225,1.436625,1.269975,1.223522,1.279442,0.117805,0.505350,1.134605,0.836961,0.961431,0.777528,0.952452,1.059931,0.611113,0.398794,1.121345,0.960414,1.325534,1.064958,1.403393,1.340506,0.963521,0.930349,1.267127,1.422012
