0.000000,1.039728,0.616682,0.568062,0.491722,0.549155,0.652429,0.497349,0.484623,0.609801,1.239233,0.788793,0.822196,0.872064,0.651377,0.691914,0.603157,0.712281,0.835966,0.742855,0.248528,0.040137,0.684591,0.526660,0.403024,0.585878,0.385426,0.487224,0.414711,0.319582,0.546634,0.575477,0.533829,0.416269,0.322020,0.300606,0.321508,0.296177,0.528385,0.346073,0.425676,0.143244,0.230934,0.170206,0.289131,0.426022,0.263261,0.146622,0.582432,0.458989,0.642548,0.590660,0.838637,0.339107,0.809226,0.410008,0.781031,0.568763,0.894158,0.559686,0.966073,0.770356,0.664318,0.633545,0.223460,0.440403,0.444934,0.396994,0.482310,0.395785,0.201475,0.198411,0.248729,0.184334,0.260220,0.101796,-0.011098,-0.069122,0.324518,-0.113806,0.512830,0.372595,0.412863,0.271380,0.640337,0.394577,0.253939,0.192411,0.826611,0.741365
1.039728,0.000000,0.367416,0.536021,0.401312,0.534733,0.487850,0.548132,0.345710,0.594901,0.871194,0.773427,0.487378,0.657863,0.464724,0.544976,0.520515,0.917983,0.642076,0.831416,0.125675,-0.029972,0.463531,0.382184,0.262490,0.414676,0.186732,0.267468,0.413399,0.406379,0.462133,0.493459,0.531311,0.479244,0.160636,0.070686,0.239650,0.344270,0.466955,0.317651,0.429703,0.110016,0.363110,0.332261,0.423961,0.522746,0.367384,0.243450,0.501842,0.683258,0.514699,0.606929,0.628571,0.273308,0.679696,0.421779,0.691351,0.702490,0.551235,0.665218,0.684332,0.908789,0.581395,0.804666,0.173040,0.460212,0.418450,0.355720,0.579803,0.429925,0.095065,0.062254,0.142583,0.209011,0.233226,0.186743,-0.057900,-0.055579,0.240088,-0.113047,0.336423,0.233866,0.307208,0.162410,0.446427,0.213722,0.259598,0.204061,0.552479,0.559403
0.616682,0.367416,0.000000,0.935909,0.781235,0.649347,1.008765,0.507655,0.671761,0.543495,0.764412,0.559045,0.833451,0.710484,0.790947,0.929537,0.344867,0.331996,0.777039,0.559204,0.395038,0.188426,1.400159,0.985832,0.702339,0.820257,0.590598,0.695763,0.260695,0.255084,0.597850,0.644168,0.339363,0.290148,0.778027,0.632070,0.189391,0.300125,0.605115,0.418210,0.279873,0.083140,0.162170,0.065407,0.338770,0.453289,0.094412,0.014822,0.443585,0.173923,1.069435,0.676618,0.652438,0.485379,0.678131,0.458858,0.387601,0.384346,0.509803,0.363498,0.497183,0.350871,0.305187,0.334683,0.787895,0.404036,0.504712,0.509161,0.343651,0.387339,0.223199,0.209570,0.054108,0.095009,0.030058,-0.001841,-0.202973,-0.277609,0.288764,-0.095515,0.464013,0.444982,0.354468,0.298242,0.896751,0.659680,0.252783,0.221190,0.881216,0.807084
0.568062,0.536021,0.935909,0.000000,0.979073,0.952443,0.920191,1.080916,0.618672,0.910775,0.717280,0.718669,0.470695,0.586649,0.619360,0.776174,0.432167,0.455566,0.704330,0.819845,0.290467,0.177401,0.969476,1.396698,0.580121,0.781845,0.439069,0.557309,0.295025,0.343215,0.509077,0.719193,0.424953,0.527457,0.545438,0.569710,0.117617,0.398136,0.517309,0.406119,0.318654,0.223597,0.308723,0.233650,0.368247,0.652481,0.333753,0.275061,0.327945,0.288190,0.748127,0.655204,0.499118,0.339436,0.537620,0.399860,0.404189,0.412806,0.382737,0.369738,0.391948,0.322231,0.376387,0.342182,0.639003,0.658988,0.511081,0.663292,0.389645,0.486161,0.234751,0.271836,0.214806,0.343171,0.289995,0.360845,0.089932,0.044530,0.304661,0.016435,0.430702,0.490600,0.391735,0.378312,0.624362,0.635389,0.256004,0.355944,0.531103,0.701010
0.491722,0.401312,0.781235,0.979073,0.000000,0.910537,0.801929,0.819357,0.611089,0.759269,0.643165,0.717134,0.521608,0.603982,0.607761,0.659127,0.307776,0.343497,0.660518,0.554983,0.257965,0.157138,0.777041,0.911158,0.644812,0.687735,0.548404,0.660790,0.164907,0.223665,0.324416,0.401698,0.315144,0.345234,0.394234,0.449168,0.155943,0.262716,0.352887,0.249957,0.107877,0.136343,0.331308,0.227380,0.307824,0.527503,0.362743,0.308549,0.423641,0.332481,0.686838,0.659552,0.636167,0.492263,0.572081,0.432572,0.304965,0.267895,0.397953,0.325512,0.352532,0.360444,0.262287,0.261377,0.598157,0.661357,0.419159,0.551695,0.271836,0.387260,0.171289,0.207439,0.107051,0.159240,0.131455,0.196639,0.073959,0.017147,0.172001,-0.050171,0.280562,0.320394,0.245060,0.298744,0.576171,0.497623,0.094652,0.178449,0.496800,0.702807
0.549155,0.534733,0.649347,0.952443,0.910537,0.000000,0.662587,0.774379,0.533022,0.873456,0.575798,0.677672,0.391736,0.585123,0.514847,0.668661,0.267628,0.319238,0.595494,0.593390,0.097321,-0.030032,0.645541,0.757245,0.585734,0.670295,0.400571,0.614684,0.109454,0.113524,0.238263,0.310661,0.250410,0.272470,0.297622,0.381990,0.065395,0.238875,0.380477,0.210826,0.042990,-0.052427,0.264947,0.192627,0.216868,0.423938,0.374712,0.268778,0.465692,0.387372,0.731088,0.731481,0.764222,0.471162,0.637974,0.457315,0.336631,0.357276,0.425218,0.381488,0.358884,0.342971,0.204776,0.273510,0.328496,0.552515,0.354080,0.471452,0.242231,0.405706,0.012246,0.063676,-0.047891,0.103832,0.152964,0.147675,0.021966,-0.017572,0.177705,-0.121390,0.245578,0.255184,0.198167,0.234268,0.461240,0.393131,0.125174,0.181890,0.576392,0.658608
0.652429,0.487850,1.008765,0.920191,0.801929,0.662587,0.000000,0.995392,0.678878,0.895202,0.822748,0.646883,0.739275,0.616097,0.579150,0.771567,0.392592,0.453989,0.731764,0.594439,0.244274,-0.007154,0.737271,0.688383,0.490775,0.675243,0.360784,0.557868,0.387481,0.290393,0.484228,0.477461,0.363699,0.382452,0.453665,0.458228,0.135584,0.213256,0.490848,0.310102,0.138731,-0.071203,0.160126,0.093111,0.328756,0.501193,0.182977,0.137629,0.563025,0.306857,0.614094,0.654566,0.551645,0.244739,0.547477,0.274443,0.273247,0.290901,0.530024,0.387368,0.490624,0.381665,0.306428,0.275484,0.832626,0.756915,0.506771,0.535782,0.322968,0.437015,0.227827,0.264922,0.138403,0.217289,0.206785,0.200186,0.005925,-0.060663,0.243014,-0.050908,0.299312,0.302373,0.238426,0.206103,0.499851,0.332838,0.184455,0.151412,0.767715,0.640378
0.497349,0.548132,0.507655,1.080916,0.819357,0.774379,0.995392,0.000000,0.551204,1.101270,0.603129,0.785802,0.356983,0.424062,0.353943,0.498675,0.217084,0.438893,0.528330,0.638032,0.081108,-0.028337,0.433130,0.623014,0.316765,0.426428,0.213789,0.341652,0.220065,0.227509,0.244705,0.375002,0.198776,0.325998,0.190307,0.384999,-0.061890,0.136728,0.222018,0.180580,0.089403,0.052023,0.312310,0.230260,0.326587,0.591488,0.315613,0.284733,0.480242,0.430882,0.381690,0.641666,0.387867,0.143373,0.304578,0.108472,0.138931,0.085815,0.238721,0.147410,0.242048,0.247100,0.200981,0.141998,0.479991,1.028094,0.220646,0.323795,0.109927,0.173893,0.236069,0.284664,0.208677,0.301580,0.388191,0.482154,0.220657,0.179479,0.057361,-0.014809,0.098435,0.120441,0.125051,0.110407,0.253399,0.186138,0.150776,0.232966,0.359156,0.449754
0.484623,0.345710,0.671761,0.618672,0.611089,0.533022,0.678878,0.551204,0.000000,0.636169,0.498540,0.488778,0.487719,0.497186,0.622221,0.545004,0.238354,0.332969,0.543842,0.465956,0.166060,0.107534,0.551696,0.575214,0.221969,0.348340,0.144316,0.259356,0.188528,0.227142,0.399812,0.419425,0.290008,0.299867,0.197634,0.247786,0.133566,0.222189,0.379464,0.279083,0.183015,0.097676,0.193414,0.110850,0.266534,0.335671,0.210836,0.108035,0.559803,0.391888,0.531267,0.563514,0.604158,0.353544,0.582699,0.288867,0.243118,0.235815,0.419324,0.347509,0.378471,0.340848,0.278918,0.277993,0.443899,0.472363,0.409244,0.415406,0.292530,0.274531,0.121433,0.199003,0.137260,0.154103,0.113225,0.144548,-0.062088,-0.076878,0.114845,-0.203472,0.237379,0.226858,0.161363,0.168209,0.392243,0.308039,0.043503,0.185368,0.520980,0.596069
0.609801,0.594901,0.543495,0.910775,0.759269,0.873456,0.895202,1.101270,0.636169,0.000000,0.685302,0.835269,0.456934,0.669501,0.532771,0.773429,0.449979,0.586897,0.687761,0.746715,0.172407,-0.029169,0.531294,0.660275,0.275285,0.489922,0.185871,0.378611,0.387971,0.351598,0.329565,0.391690,0.437325,0.529702,0.240489,0.393106,0.145154,0.225713,0.458752,0.352798,0.140388,0.017882,0.462489,0.393620,0.385536,0.591833,0.545864,0.475978,0.620571,0.539742,0.563833,0.691476,0.708813,0.330851,0.608965,0.413432,0.370225,0.334508,0.539959,0.435457,0.527853,0.506575,0.470618,0.390249,0.424264,0.838679,0.460043,0.516483,0.293761,0.369389,-0.039575,0.069758,0.146571,0.289943,0.379416,0.372863,0.119390,0.108345,0.231573,-0.099100,0.299997,0.272488,0.283594,0.256831,0.365578,0.263234,0.246253,0.244153,0.526074,0.573649
1.239233,0.871194,0.764412,0.717280,0.643165,0.575798,0.822748,0.603129,0.498540,0.685302,0.000000,0.956364,1.137836,1.006467,0.910795,0.869049,0.634666,0.716949,0.893401,0.708716,0.319789,0.053410,0.864646,0.715654,0.405044,0.567428,0.465832,0.505068,0.578035,0.415215,0.492620,0.567118,0.465464,0.368717,0.441935,0.391141,0.349932,0.303131,0.584274,0.442008,0.371685,0.073331,0.190400,0.122974,0.311732,0.484103,0.243272,0.137842,0.415901,0.305436,0.667760,0.616237,0.709911,0.362394,0.721663,0.407116,0.690582,0.607581,0.707351,0.531626,0.841456,0.754040,0.625752,0.633720,0.504487,0.598663,0.461584,0.468753,0.393771,0.445311,0.122768,0.140525,0.136992,0.165388,0.173728,0.080678,-0.094371,-0.143540,0.400219,-0.064633,0.562377,0.442342,0.517619,0.326052,0.912509,0.545799,0.347731,0.319562,0.832000,0.876504
0.788793,0.773427,0.559045,0.718669,0.717134,0.677672,0.646883,0.785802,0.488778,0.835269,0.956364,0.000000,0.787636,1.128451,0.717760,0.838485,0.385088,0.527303,0.661067,0.700869,0.242155,-0.037675,0.522736,0.617954,0.337035,0.371223,0.337425,0.413208,0.339369,0.334044,0.278579,0.423503,0.313140,0.348736,0.342167,0.475810,0.250275,0.272462,0.371499,0.373761,0.179733,0.002196,0.243715,0.186638,0.270523,0.499710,0.343958,0.228910,0.454006,0.437066,0.675488,0.870094,0.742097,0.553330,0.663137,0.444947,0.380618,0.299144,0.466613,0.378834,0.517777,0.555872,0.381941,0.435469,0.420416,0.847719,0.348871,0.435427,0.221575,0.254546,0.082075,0.107818,0.046964,0.119442,0.166290,0.106380,-0.065352,-0.028058,0.251263,-0.110516,0.429510,0.360911,0.330047,0.282399,0.688088,0.531699,0.207930,0.185521,0.587570,0.777403
0.822196,0.487378,0.833451,0.470695,0.521608,0.391736,0.739275,0.356983,0.487719,0.456934,1.137836,0.787636,0.000000,1.020135,1.100538,0.966191,0.428014,0.412038,0.546594,0.379661,0.385795,0.057152,0.675242,0.556995,0.383320,0.440459,0.589419,0.609310,0.450398,0.274782,0.324661,0.390137,0.272572,0.166447,0.522293,0.559668,0.288731,0.167600,0.435031,0.412039,0.162309,-0.045233,-0.013672,-0.087101,0.197839,0.319173,0.003618,-0.094731,0.352636,0.149267,0.718278,0.637458,0.714507,0.531445,0.699680,0.389800,0.469004,0.424288,0.670620,0.480906,0.748122,0.611371,0.414672,0.466870,0.566710,0.552966,0.427798,0.400552,0.280551,0.344811,0.106001,0.143699,-0.029509,-0.020994,-0.047408,-0.125742,-0.311089,-0.331175,0.382894,-0.112521,0.563131,0.404680,0.326047,0.226455,0.944927,0.605724,0.141291,0.101442,1.028961,0.955577
0.872064,0.657863,0.710484,0.586649,0.603982,0.585123,0.616097,0.424062,0.497186,0.669501,1.006467,1.128451,1.020135,0.000000,0.983683,1.215090,0.528096,0.430064,0.637310,0.561529,0.398437,0.099927,0.763254,0.716450,0.431722,0.458270,0.421124,0.492646,0.439193,0.393525,0.452663,0.574431,0.497701,0.409515,0.451088,0.379318,0.281272,0.270448,0.455329,0.348568,0.274097,0.000019,0.195827,0.130185,0.287055,0.404928,0.228344,0.125311,0.435920,0.324642,0.791746,0.640697,0.806420,0.536699,0.732431,0.534320,0.576245,0.498759,0.761980,0.576073,0.792350,0.707832,0.562628,0.556406,0.424250,0.478397,0.522556,0.522603,0.405265,0.401425,0.102102,0.081444,0.094288,0.126873,0.047760,-0.029948,-0.219748,-0.215784,0.403017,-0.004929,0.630841,0.468371,0.349533,0.286483,0.793547,0.588620,0.067738,0.001576,0.751063,0.777721
0.651377,0.464724,0.790947,0.619360,0.607761,0.514847,0.579150,0.353943,0.622221,0.532771,0.910795,0.717760,1.100538,0.983683,0.000000,1.134760,0.563931,0.472306,0.619434,0.562448,0.462986,0.296354,0.802573,0.763327,0.267028,0.396776,0.503418,0.577691,0.565495,0.542970,0.439583,0.578754,0.454931,0.363793,0.491927,0.448874,0.275724,0.320300,0.569249,0.607146,0.264751,0.185805,0.075005,0.045564,0.300475,0.351139,0.152542,0.048017,0.309846,0.225652,0.737522,0.613462,0.636394,0.500727,0.794697,0.541007,0.593945,0.590465,0.632060,0.671912,0.736269,0.685898,0.583247,0.596771,0.642610,0.493096,0.585071,0.585662,0.448401,0.503494,0.061016,0.105628,0.049827,0.118335,-0.012319,0.041320,-0.320470,-0.320619,0.509985,0.021355,0.706586,0.571951,0.449394,0.379525,0.908396,0.680321,0.087856,0.195390,0.866964,0.995445
0.691914,0.544976,0.929537,0.776174,0.659127,0.668661,0.771567,0.498675,0.545004,0.773429,0.869049,0.838485,0.966191,1.215090,1.134760,0.000000,0.591419,0.442528,0.668424,0.634762,0.382302,0.100602,0.840900,0.825156,0.398324,0.452489,0.485340,0.612399,0.543471,0.521733,0.418960,0.552451,0.435041,0.372577,0.587876,0.520910,0.187101,0.245755,0.509199,0.456439,0.220871,-0.032037,0.209368,0.182909,0.429671,0.517811,0.243331,0.174866,0.422564,0.322058,0.876837,0.718111,0.680320,0.515667,0.789473,0.583874,0.537187,0.520211,0.683535,0.637581,0.714132,0.630697,0.546407,0.533324,0.704375,0.550708,0.630488,0.647630,0.477361,0.532544,0.063417,0.048282,0.025472,0.152480,0.097263,0.046993,-0.249601,-0.253355,0.532012,0.053377,0.643174,0.522253,0.412538,0.338939,0.829000,0.597292,0.158484,0.032088,0.909673,0.823531
0.603157,0.520515,0.344867,0.432167,0.307776,0.267628,0.392592,0.217084,0.238354,0.449979,0.634666,0.385088,0.428014,0.528096,0.563931,0.591419,0.000000,0.958315,0.695448,0.770117,0.517502,0.128268,0.563068,0.515436,0.173924,0.399326,0.239621,0.329007,1.067896,0.968758,0.673726,0.656540,1.184692,0.949033,0.672112,0.382461,0.424415,0.484383,0.755920,0.686338,0.496807,0.146704,0.461875,0.514212,0.629179,0.636965,0.601263,0.594262,0.253927,0.379996,0.415448,0.295415,0.390115,0.186452,0.663526,0.642267,1.239139,0.943377,0.847389,0.998248,0.993964,0.825282,1.220638,1.062151,0.367138,0.242849,1.004376,0.937003,0.930121,1.012813,0.034333,-0.015791,0.370265,0.486641,0.392153,0.279702,0.100177,0.084338,1.341187,0.358204,1.167039,1.047876,0.850384,0.795204,0.600887,0.569909,0.396390,0.374120,0.518919,0.522860
0.712281,0.917983,0.331996,0.455566,0.343497,0.319238,0.453989,0.438893,0.332969,0.586897,0.716949,0.527303,0.412038,0.430064,0.472306,0.442528,0.958315,0.000000,0.717597,0.958613,0.352056,-0.034184,0.456750,0.367190,0.108597,0.372875,0.179587,0.167070,0.760391,0.738744,0.573693,0.498316,0.750398,0.730676,0.391495,0.286447,0.393822,0.514136,0.656958,0.619520,0.449204,0.153236,0.549397,0.544464,0.676285,0.739706,0.583891,0.513897,0.516385,0.646297,0.434264,0.505612,0.465831,0.116082,0.670390,0.493096,0.873996,0.860629,0.614061,0.805306,0.823929,1.031696,1.004560,1.135098,0.362846,0.543323,0.652920,0.544700,0.718569,0.589119,0.042363,0.055470,0.325114,0.484970,0.384272,0.420514,0.081352,0.107649,0.560298,0.024569,0.580128,0.543319,0.542447,0.435307,0.515752,0.357592,0.504869,0.497604,0.540861,0.586220
0.835966,0.642076,0.777039,0.704330,0.660518,0.595494,0.731764,0.528330,0.543842,0.687761,0.893401,0.661067,0.546594,0.637310,0.619434,0.668424,0.695448,0.717597,0.000000,1.299340,0.356796,-0.027636,0.925360,0.733145,0.347182,0.583295,0.347373,0.458628,0.563943,0.505086,0.665482,0.627832,0.641135,0.631719,0.560818,0.424832,0.395519,0.286897,0.776953,0.474146,0.436434,0.064060,0.453533,0.385743,0.482397,0.543198,0.521413,0.414810,0.550939,0.466037,0.631652,0.531787,0.716955,0.357158,0.752782,0.528620,0.752845,0.587489,0.676428,0.551325,0.671365,0.582217,0.609957,0.591749,0.459006,0.389010,0.602653,0.617277,0.543704,0.582675,0.147446,0.146811,0.349888,0.400585,0.511950,0.312826,0.078787,0.044005,0.460316,-0.052231,0.513079,0.463234,0.500342,0.429573,0.608074,0.412149,0.405463,0.329876,0.574956,0.575814
0.742855,0.831416,0.559204,0.819845,0.554983,0.593390,0.594439,0.638032,0.465956,0.746715,0.708716,0.700869,0.379661,0.561529,0.562448,0.634762,0.770117,0.958613,1.299340,0.000000,0.301490,0.029155,0.702819,0.697164,0.227155,0.496239,0.234902,0.340799,0.587133,0.661920,0.660683,0.699318,0.734084,0.840182,0.466470,0.376588,0.363026,0.477660,0.768424,0.589999,0.510850,0.226660,0.565855,0.549625,0.562340,0.628272,0.626131,0.521553,0.505290,0.582874,0.536368,0.548778,0.542177,0.236025,0.695125,0.501948,0.757753,0.711965,0.535703,0.646602,0.597636,0.628764,0.710285,0.744863,0.414237,0.477834,0.634830,0.653440,0.751973,0.655336,0.174704,0.162786,0.418016,0.564140,0.565204,0.499438,0.153832,0.165155,0.482585,-0.002059,0.527380,0.530147,0.534799,0.436616,0.507609,0.390401,0.403324,0.349986,0.507804,0.573263
0.248528,0.125675,0.395038,0.290467,0.257965,0.097321,0.244274,0.081108,0.166060,0.172407,0.319789,0.242155,0.385795,0.398437,0.462986,0.382302,0.517502,0.352056,0.356796,0.301490,0.000000,0.257059,0.493575,0.474835,0.185935,0.275511,0.381487,0.241921,0.507359,0.385488,0.623403,0.641789,0.516751,0.514693,0.622780,0.448572,0.414014,0.291650,0.455803,0.498275,0.469663,0.095785,0.166124,0.152519,0.360170,0.436444,0.186148,0.175531,0.100530,0.141916,0.441048,0.269946,0.193352,0.259795,0.312417,0.393839,0.481615,0.382632,0.368152,0.374316,0.468034,0.324392,0.519669,0.361708,0.394390,0.197332,0.536856,0.535152,0.411060,0.384466,0.323590,0.288687,0.394660,0.385863,0.093519,0.215636,-0.046537,-0.030184,0.417434,0.039281,0.563353,0.528792,0.364829,0.411679,0.499379,0.603954,0.238975,0.335416,0.278716,0.354688
0.040137,-0.029972,0.188426,0.177401,0.157138,-0.030032,-0.007154,-0.028337,0.107534,-0.029169,0.053410,-0.037675,0.057152,0.099927,0.296354,0.100602,0.128268,-0.034184,-0.027636,0.029155,0.257059,0.000000,0.258310,0.256182,0.117725,0.193334,0.067374,0.193900,0.062533,0.310549,0.123650,0.299326,0.237693,0.186912,0.156887,0.144362,0.169173,0.250395,0.250980,0.188867,0.313512,0.970126,0.052921,0.073674,0.056164,0.075281,-0.049485,-0.007561,-0.052541,-0.064641,0.238037,0.059289,0.051262,0.153307,0.105655,0.191669,0.160826,0.144076,0.052539,0.042856,0.133665,0.059461,0.177683,0.149153,0.140977,-0.077157,0.123690,0.144579,0.220346,0.075414,0.170844,0.206839,0.114435,0.091003,-0.209326,0.003824,-0.046529,-0.049759,0.087935,0.272178,0.178168,0.250751,0.363970,0.172434,0.182932,0.268772,-0.036099,0.094667,0.075083,0.182012
0.684591,0.463531,1.400159,0.969476,0.777041,0.645541,0.737271,0.433130,0.551696,0.531294,0.864646,0.522736,0.675242,0.763254,0.802573,0.840900,0.563068,0.456750,0.925360,0.702819,0.493575,0.258310,0.000000,1.360684,0.631339,0.800851,0.565868,0.622871,0.386035,0.397984,0.823330,0.917558,0.618618,0.520369,0.804992,0.502632,0.264848,0.451925,0.776915,0.513861,0.513301,0.214900,0.305058,0.213139,0.428362,0.554340,0.231963,0.148963,0.375900,0.224169,1.018754,0.533451,0.661762,0.432512,0.716378,0.570506,0.667693,0.630183,0.645859,0.521604,0.653605,0.506500,0.543346,0.548324,0.597656,0.303244,0.671671,0.679780,0.536412,0.579552,0.251191,0.191632,0.225752,0.260114,0.144083,0.103595,-0.106078,-0.190457,0.429782,0.010964,0.634392,0.605099,0.529708,0.466587,0.917168,0.742868,0.335619,0.371790,0.718603,0.773190
0.526660,0.382184,0.985832,1.396698,0.911158,0.757245,0.688383,0.623014,0.575214,0.660275,0.715654,0.617954,0.556995,0.716450,0.763327,0.825156,0.515436,0.367190,0.733145,0.697164,0.474835,0.256182,1.360684,0.000000,0.545722,0.681402,0.530607,0.608699,0.332297,0.383846,0.621444,0.907640,0.552732,0.583758,0.710214,0.563492,0.182278,0.440359,0.612716,0.490925,0.420094,0.241549,0.275994,0.183483,0.346759,0.582443,0.276613,0.205056,0.242273,0.164141,0.858266,0.502254,0.562285,0.448702,0.594381,0.532376,0.553928,0.539186,0.521868,0.456724,0.519825,0.397482,0.493272,0.435359,0.605419,0.450363,0.651798,0.780338,0.461494,0.574318,0.244061,0.251080,0.213952,0.304654,0.179133,0.215337,-0.049725,-0.096494,0.426969,0.040604,0.647342,0.673950,0.529718,0.551599,0.836505,0.905039,0.257859,0.392037,0.544260,0.779329
0.403024,0.262490,0.702339,0.580121,0.644812,0.585734,0.490775,0.316765,0.221969,0.275285,0.405044,0.337035,0.383320,0.431722,0.267028,0.398324,0.173924,0.108597,0.347182,0.227155,0.185935,0.117725,0.631339,0.545722,0.000000,1.187565,0.648569,0.693239,0.104671,0.025935,0.311451,0.299676,0.142930,0.104877,0.477003,0.327815,0.162940,0.207092,0.154130,-0.048616,0.105175,-0.020659,0.105896,0.008773,0.101846,0.226686,0.078030,0.053195,0.252782,0.119125,0.656248,0.410328,0.483991,0.460450,0.309948,0.288918,0.191752,0.168298,0.262597,0.132193,0.179974,0.075441,0.054278,0.063942,0.254037,0.156394,0.202467,0.249949,0.121948,0.210753,0.213290,0.192743,0.013535,0.017410,-0.040747,-0.058737,-0.015552,-0.092996,0.156833,0.051222,0.286426,0.278790,0.057021,0.073752,0.395753,0.384912,-0.137673,-0.079843,0.298881,0.312780
0.585878,0.414676,0.820257,0.781845,0.687735,0.670295,0.675243,0.426428,0.348340,0.489922,0.567428,0.371223,0.440459,0.458270,0.396776,0.452489,0.399326,0.372875,0.583295,0.496239,0.275511,0.193334,0.800851,0.681402,1.187565,0.000000,0.573229,0.717654,0.216257,0.150275,0.547829,0.497510,0.401117,0.371204,0.530872,0.389179,0.276613,0.394283,0.430076,0.178557,0.228717,0.158883,0.246919,0.151386,0.199926,0.361183,0.210875,0.164540,0.324178,0.179825,0.730198,0.441714,0.563344,0.369800,0.465486,0.385472,0.414266,0.421073,0.396693,0.311220,0.374183,0.235525,0.300955,0.279134,0.332286,0.224521,0.372370,0.433555,0.335456,0.425765,0.210368,0.243544,0.127525,0.146264,0.067753,0.079764,0.050583,-0.011506,0.271246,0.006625,0.414525,0.445316,0.231964,0.243743,0.485691,0.452188,0.010473,0.105183,0.449781,0.461878
0.385426,0.186732,0.590598,0.439069,0.548404,0.400571,0.360784,0.213789,0.144316,0.185871,0.465832,0.337425,0.589419,0.421124,0.503418,0.485340,0.239621,0.179587,0.347373,0.234902,0.381487,0.067374,0.565868,0.530607,0.648569,0.573229,0.000000,1.096365,0.250256,0.180328,0.183752,0.261238,0.048778,0.001008,0.503142,0.406913,0.100602,0.107569,0.222061,0.211139,0.084725,0.002915,0.026067,-0.061420,0.119429,0.238755,0.008018,-0.039565,0.143946,-0.014358,0.592605,0.388296,0.411634,0.447843,0.392536,0.291446,0.278454,0.217127,0.275948,0.203707,0.296511,0.258542,0.261610,0.230740,0.360275,0.291628,0.214933,0.256813,0.111191,0.195091,0.152487,0.087412,-0.008785,-0.018817,-0.064707,-0.033851,-0.231517,-0.273659,0.317704,0.079475,0.416599,0.330783,0.218163,0.177682,0.653015,0.521621,0.037664,0.030443,0.433309,0.495796
0.487224,0.267468,0.695763,0.557309,0.660790,0.614684,0.557868,0.341652,0.259356,0.378611,0.505068,0.413208,0.609310,0.492646,0.577691,0.612399,0.329007,0.167070,0.458628,0.340799,0.241921,0.193900,0.622871,0.608699,0.693239,0.717654,1.096365,0.000000,0.252755,0.296301,0.224688,0.340234,0.134570,0.083417,0.502744,0.425018,0.073923,0.100415,0.342968,0.249572,0.075263,0.082525,0.014760,-0.012145,0.103498,0.260649,0.026251,-0.007321,0.245431,0.101315,0.676029,0.492953,0.577481,0.542690,0.511230,0.391407,0.351455,0.285659,0.429634,0.313769,0.369130,0.294539,0.218682,0.236023,0.337317,0.316558,0.287092,0.354866,0.181259,0.350463,0.054237,0.049458,-0.099173,-0.082794,-0.000322,-0.093481,-0.249568,-0.312107,0.412074,0.154930,0.484032,0.417924,0.366887,0.358569,0.641257,0.503076,-0.011230,0.026105,0.593646,0.597697
0.414711,0.413399,0.260695,0.295025,0.164907,0.109454,0.387481,0.220065,0.188528,0.387971,0.578035,0.339369,0.450398,0.439193,0.565495,0.543471,1.067896,0.760391,0.563943,0.587133,0.507359,0.062533,0.386035,0.332297,0.104671,0.216257,0.250256,0.252755,0.000000,1.120606,0.451428,0.460804,0.649069,0.588397,0.511147,0.302403,0.342540,0.224835,0.494668,0.503120,0.381722,-0.006173,0.292746,0.323963,0.538806,0.486969,0.389158,0.423677,0.230722,0.354658,0.278279,0.276228,0.242994,0.147716,0.452167,0.405528,0.738143,0.604221,0.528190,0.641615,0.673366,0.618944,0.879626,0.723352,0.419350,0.296170,0.620642,0.557648,0.546098,0.543299,0.001883,-0.039771,0.330201,0.497671,0.390552,0.365689,-0.036738,-0.015162,0.977157,0.376979,0.783932,0.620714,0.562987,0.363504,0.386442,0.317431,0.240927,0.230872,0.326394,0.300456
0.319582,0.406379,0.255084,0.343215,0.223665,0.113524,0.290393,0.227509,0.227142,0.351598,0.415215,0.334044,0.274782,0.393525,0.542970,0.521733,0.968758,0.738744,0.505086,0.661920,0.385488,0.310549,0.397984,0.383846,0.025935,0.150275,0.180328,0.296301,1.120606,0.000000,0.443049,0.565211,0.646705,0.637638,0.491404,0.237836,0.288446,0.377459,0.565087,0.607303,0.459277,0.262273,0.423469,0.467531,0.626986,0.536990,0.444618,0.455113,0.256582,0.438651,0.328942,0.327956,0.209089,0.140968,0.448099,0.500164,0.631737,0.551678,0.400630,0.613354,0.539701,0.620558,0.815896,0.782766,0.413506,0.280163,0.591195,0.543359,0.633082,0.527364,0.003288,-0.059125,0.281398,0.476630,0.328068,0.336508,-0.064124,-0.007071,0.947863,0.551210,0.799290,0.792743,0.724296,0.570815,0.436502,0.428034,0.249088,0.308462,0.313161,0.376283
0.546634,0.462133,0.597850,0.509077,0.324416,0.238263,0.484228,0.244705,0.399812,0.329565,0.492620,0.278579,0.324661,0.452663,0.439583,0.418960,0.673726,0.573693,0.665482,0.660683,0.623403,0.123650,0.823330,0.621444,0.311451,0.547829,0.183752,0.224688,0.451428,0.443049,0.000000,1.476651,0.966779,0.940767,0.553957,0.246312,0.289766,0.528013,0.668857,0.487408,0.607932,0.171911,0.263907,0.249641,0.353780,0.402189,0.229523,0.169665,0.264725,0.256237,0.434313,0.213359,0.332905,0.089545,0.444260,0.334959,0.695403,0.673059,0.571042,0.572593,0.584870,0.464115,0.599919,0.519605,0.286922,0.109687,0.636978,0.556997,0.703422,0.646350,0.363085,0.288647,0.452366,0.425667,0.216080,0.170581,-0.015776,-0.067599,0.426948,-0.028608,0.612053,0.577377,0.401120,0.540268,0.437030,0.434800,0.202912,0.346759,0.423676,0.428863
0.575477,0.493459,0.644168,0.719193,0.401698,0.310661,0.477461,0.375002,0.419425,0.391690,0.567118,0.423503,0.390137,0.574431,0.578754,0.552451,0.656540,0.498316,0.627832,0.699318,0.641789,0.299326,0.917558,0.907640,0.299676,0.497510,0.261238,0.340234,0.460804,0.565211,1.476651,0.000000,0.901344,0.922072,0.631228,0.354316,0.207291,0.510550,0.641919,0.541612,0.660261,0.321742,0.243653,0.223935,0.350567,0.493669,0.187141,0.129338,0.203957,0.219122,0.538919,0.288678,0.342945,0.172847,0.431919,0.354308,0.693839,0.609311,0.549667,0.521448,0.595409,0.470733,0.624299,0.529204,0.334405,0.207476,0.627419,0.591855,0.643945,0.571734,0.364597,0.307861,0.398454,0.406232,0.207596,0.197606,-0.076941,-0.105914,0.460058,0.093975,0.694616,0.664795,0.512013,0.610815,0.550873,0.619457,0.194144,0.397434,0.415030,0.523818
0.533829,0.531311,0.339363,0.424953,0.315144,0.250410,0.363699,0.198776,0.290008,0.437325,0.465464,0.313140,0.272572,0.497701,0.454931,0.435041,1.184692,0.750398,0.641135,0.734084,0.516751,0.237693,0.618618,0.552732,0.142930,0.401117,0.048778,0.134570,0.649069,0.646705,0.966779,0.901344,0.000000,1.677558,0.513177,0.251489,0.417849,0.557904,0.811341,0.560987,0.581658,0.289989,0.516141,0.522128,0.544194,0.542065,0.607591,0.545226,0.296677,0.390679,0.391839,0.202160,0.399760,0.139842,0.625564,0.600045,1.018394,0.865143,0.818775,0.952986,0.873395,0.771358,0.953074,0.899686,0.252695,0.118368,1.037114,0.917716,1.021461,0.927383,0.139411,0.103173,0.481730,0.538198,0.301903,0.286331,0.154613,0.136194,0.686335,0.196219,0.756207,0.740632,0.612715,0.655414,0.391391,0.418131,0.302096,0.357702,0.403348,0.429687
0.416269,0.479244,0.290148,0.527457,0.345234,0.272470,0.382452,0.325998,0.299867,0.529702,0.368717,0.348736,0.166447,0.409515,0.363793,0.372577,0.949033,0.730676,0.631719,0.840182,0.514693,0.186912,0.520369,0.583758,0.104877,0.371204,0.001008,0.083417,0.588397,0.637638,0.940767,0.922072,1.677558,0.000000,0.481805,0.321411,0.431727,0.568405,0.775122,0.550142,0.556952,0.283511,0.545215,0.547151,0.474908,0.538159,0.655667,0.593432,0.289594,0.396819,0.337695,0.215637,0.329131,0.096149,0.514768,0.516294,0.764713,0.719279,0.600891,0.743645,0.655143,0.610596,0.826036,0.727357,0.277954,0.220190,0.873938,0.833788,0.870790,0.807835,0.161699,0.186301,0.544016,0.664725,0.414390,0.440896,0.236983,0.268928,0.561860,0.115855,0.613360,0.675564,0.531762,0.638410,0.300207,0.408799,0.298392,0.391128,0.309286,0.391026
0.322020,0.160636,0.778027,0.545438,0.394234,0.297622,0.453665,0.190307,0.197634,0.240489,0.441935,0.342167,0.522293,0.451088,0.491927,0.587876,0.672112,0.391495,0.560818,0.466470,0.622780,0.156887,0.804992,0.710214,0.477003,0.530872,0.503142,0.502744,0.511147,0.491404,0.553957,0.631228,0.513177,0.481805,0.000000,1.009140,0.283752,0.370480,0.596240,0.556162,0.266892,0.019185,0.250053,0.203747,0.454791,0.583298,0.227549,0.223303,0.173038,0.098372,0.774476,0.465460,0.371133,0.371397,0.472830,0.533172,0.543563,0.459668,0.492316,0.440295,0.571936,0.349028,0.507217,0.491659,0.661318,0.291507,0.691319,0.676338,0.388467,0.504780,0.160293,0.116001,0.167717,0.276043,0.207367,0.097930,0.003015,0.006087,0.767039,0.240815,0.811366,0.844747,0.538908,0.566687,0.809926,0.950329,0.362238,0.322334,0.563693,0.553267
0.300606,0.070686,0.632070,0.569710,0.449168,0.381990,0.458228,0.384999,0.247786,0.393106,0.391141,0.475810,0.559668,0.379318,0.448874,0.520910,0.382461,0.286447,0.424832,0.376588,0.448572,0.144362,0.502632,0.563492,0.327815,0.389179,0.406913,0.425018,0.302403,0.237836,0.246312,0.354316,0.251489,0.321411,1.009140,0.000000,0.226232,0.198362,0.374513,0.420631,0.078345,0.025667,0.106967,0.054996,0.178115,0.401961,0.127523,0.155442,0.166602,0.017052,0.591552,0.518632,0.375995,0.399955,0.364399,0.323946,0.293533,0.182386,0.339702,0.171694,0.399261,0.192456,0.300130,0.252286,0.531258,0.488364,0.356589,0.450432,0.146416,0.266655,0.125020,0.179744,0.122766,0.198325,0.248222,0.172686,0.108869,0.142662,0.416541,0.004077,0.447365,0.472209,0.396841,0.409960,0.580053,0.708784,0.321376,0.268799,0.530785,0.558395
0.321508,0.239650,0.189391,0.117617,0.155943,0.065395,0.135584,-0.061890,0.133566,0.145154,0.349932,0.250275,0.288731,0.281272,0.275724,0.187101,0.424415,0.393822,0.395519,0.363026,0.414014,0.169173,0.264848,0.182278,0.162940,0.276613,0.100602,0.073923,0.342540,0.288446,0.289766,0.207291,0.417849,0.431727,0.283752,0.226232,0.000000,0.642055,0.688180,0.545189,0.591305,0.289097,0.274283,0.257600,0.149566,0.129200,0.364202,0.281872,0.130376,0.133487,0.357779,0.214613,0.375470,0.360668,0.492435,0.534461,0.380863,0.374502,0.231633,0.302071,0.346477,0.313895,0.376393,0.382025,0.158878,0.016921,0.301339,0.317919,0.428637,0.331815,0.043813,0.105821,0.221949,0.222582,0.067177,0.070501,0.162591,0.230688,0.240121,-0.230642,0.307786,0.352738,0.404506,0.322578,0.360056,0.333957,0.323476,0.227726,0.258042,0.338313
0.296177,0.344270,0.300125,0.398136,0.262716,0.238875,0.213256,0.136728,0.222189,0.225713,0.303131,0.272462,0.167600,0.270448,0.320300,0.245755,0.484383,0.514136,0.286897,0.477660,0.291650,0.250395,0.451925,0.440359,0.207092,0.394283,0.107569,0.100415,0.224835,0.377459,0.528013,0.510550,0.557904,0.568405,0.370480,0.198362,0.642055,0.000000,0.673994,0.717190,0.504660,0.382835,0.346657,0.350056,0.310339,0.328008,0.336025,0.263069,0.166375,0.213874,0.489412,0.329301,0.238731,0.138938,0.456524,0.453332,0.357258,0.527371,0.176566,0.427992,0.304604,0.328744,0.405557,0.514120,0.258498,0.146700,0.483992,0.490802,0.613662,0.464276,0.190610,0.202118,0.237375,0.365543,0.067288,0.146237,0.137730,0.184667,0.283458,-0.100183,0.424090,0.550392,0.369537,0.420271,0.420219,0.512306,0.268072,0.361648,0.358279,0.477766
0.528385,0.466955,0.605115,0.517309,0.352887,0.380477,0.490848,0.222018,0.379464,0.458752,0.584274,0.371499,0.435031,0.455329,0.569249,0.509199,0.755920,0.656958,0.776953,0.768424,0.455803,0.250980,0.776915,0.612716,0.154130,0.430076,0.222061,0.342968,0.494668,0.565087,0.668857,0.641919,0.811341,0.775122,0.596240,0.374513,0.688180,0.673994,0.000000,1.069715,0.749358,0.358175,0.418959,0.429761,0.444913,0.500211,0.453464,0.356407,0.348777,0.284038,0.668617,0.421866,0.576926,0.315311,0.908441,0.771490,0.776846,0.831702,0.594133,0.737131,0.705118,0.620392,0.685559,0.761168,0.410013,0.175517,0.786419,0.781430,0.789265,0.801729,-0.007390,0.047898,0.191194,0.291883,0.169469,0.143170,-0.032675,-0.027112,0.544249,-0.008666,0.637706,0.720340,0.815081,0.694729,0.689119,0.593062,0.669798,0.626470,0.710241,0.713204
0.346073,0.317651,0.418210,0.406119,0.249957,0.210826,0.310102,0.180580,0.279083,0.352798,0.442008,0.373761,0.412039,0.348568,0.607146,0.456439,0.686338,0.619520,0.474146,0.589999,0.498275,0.188867,0.513861,0.490925,-0.048616,0.178557,0.211139,0.249572,0.503120,0.607303,0.487408,0.541612,0.560987,0.550142,0.556162,0.420631,0.545189,0.717190,1.069715,0.000000,0.683487,0.365234,0.320416,0.354864,0.493748,0.514705,0.374786,0.305388,0.214584,0.248456,0.561806,0.449909,0.376129,0.330606,0.727284,0.691996,0.636162,0.670837,0.422308,0.672524,0.551476,0.528560,0.620174,0.654401,0.416992,0.287194,0.701783,0.707879,0.680511,0.662378,-0.056325,-0.019336,0.110113,0.225149,0.124434,0.118113,-0.113281,-0.087887,0.619216,-0.004256,0.761455,0.780069,0.860104,0.818215,0.741445,0.700047,0.740232,0.779657,0.607815,0.732042
0.425676,0.429703,0.279873,0.318654,0.107877,0.042990,0.138731,0.089403,0.183015,0.140388,0.371685,0.179733,0.162309,0.274097,0.264751,0.220871,0.496807,0.449204,0.436434,0.510850,0.469663,0.313512,0.513301,0.420094,0.105175,0.228717,0.084725,0.075263,0.381722,0.459277,0.607932,0.660261,0.581658,0.556952,0.266892,0.078345,0.591305,0.504660,0.749358,0.683487,0.000000,0.613380,0.351292,0.363425,0.331116,0.316886,0.245604,0.232119,0.127928,0.232015,0.349793,0.113942,0.262265,0.200156,0.395297,0.424636,0.609516,0.540152,0.292899,0.378039,0.391164,0.333450,0.514941,0.427203,0.065059,-0.063713,0.401716,0.392991,0.718182,0.474239,0.338774,0.289306,0.540898,0.456119,0.284561,0.249665,0.078893,0.037142,0.307263,-0.000355,0.459293,0.452581,0.627238,0.475831,0.355120,0.342892,0.484466,0.541246,0.206728,0.283964
0.143244,0.110016,0.083140,0.223597,0.136343,-0.052427,-0.071203,0.052023,0.097676,0.017882,0.073331,0.002196,-0.045233,0.000019,0.185805,-0.032037,0.146704,0.153236,0.064060,0.226660,0.095785,0.970126,0.214900,0.241549,-0.020659,0.158883,0.002915,0.082525,-0.006173,0.262273,0.171911,0.321742,0.289989,0.283511,0.019185,0.025667,0.289097,0.382835,0.358175,0.365234,0.613380,0.000000,0.222130,0.245988,0.099840,0.120780,0.113269,0.125129,-0.041876,0.034963,0.142208,-0.003339,0.080065,0.127038,0.166114,0.205523,0.238353,0.198353,0.024266,0.077679,0.111634,0.102725,0.251118,0.203330,-0.001521,-0.075682,0.099156,0.154389,0.336429,0.122126,0.228305,0.281607,0.300060,0.223930,-0.003274,0.195127,0.121412,0.103105,0.016637,0.119664,0.166502,0.258987,0.441743,0.273007,0.140481,0.183142,0.139118,0.293896,-0.009095,0.176250
0.230934,0.363110,0.162170,0.308723,0.331308,0.264947,0.160126,0.312310,0.193414,0.462489,0.190400,0.243715,-0.013672,0.195827,0.075005,0.209368,0.461875,0.549397,0.453533,0.565855,0.166124,0.052921,0.305058,0.275994,0.105896,0.246919,0.026067,0.014760,0.292746,0.423469,0.263907,0.243653,0.516141,0.545215,0.250053,0.106967,0.274283,0.346657,0.418959,0.320416,0.351292,0.222130,0.000000,1.544981,0.897258,0.767158,1.192450,1.117760,0.552728,0.714449,0.337927,0.268962,0.314952,0.147942,0.381743,0.445134,0.386264,0.314449,0.223766,0.315934,0.237824,0.305128,0.415711,0.397743,0.100666,0.167192,0.406395,0.375007,0.413503,0.284261,0.006254,-0.000867,0.325215,0.419341,0.368325,0.398654,0.319403,0.338079,0.266297,0.176320,0.281354,0.305573,0.282444,0.256134,0.141234,0.122311,0.313282,0.257085,0.092607,0.115157
0.170206,0.332261,0.065407,0.233650,0.227380,0.192627,0.093111,0.230260,0.110850,0.393620,0.122974,0.186638,-0.087101,0.130185,0.045564,0.182909,0.514212,0.544464,0.385743,0.549625,0.152519,0.073674,0.213139,0.183483,0.008773,0.151386,-0.061420,-0.012145,0.323963,0.467531,0.249641,0.223935,0.522128,0.547151,0.203747,0.054996,0.257600,0.350056,0.429761,0.354864,0.363425,0.245988,1.544981,0.000000,0.948676,0.826607,1.169045,1.287471,0.522248,0.800523,0.248069,0.257176,0.199961,0.095893,0.375978,0.488674,0.390570,0.347620,0.233454,0.402189,0.210025,0.302185,0.411939,0.407067,0.032063,0.114649,0.469423,0.453244,0.491898,0.376286,-0.043509,-0.029308,0.289869,0.426064,0.353764,0.387289,0.336485,0.359051,0.291726,0.203657,0.270509,0.318790,0.326577,0.295098,0.083784,0.075499,0.332383,0.245486,0.084018,0.079566
0.289131,0.423961,0.338770,0.368247,0.307824,0.216868,0.328756,0.326587,0.266534,0.385536,0.311732,0.270523,0.197839,0.287055,0.300475,0.429671,0.629179,0.676285,0.482397,0.562340,0.360170,0.056164,0.428362,0.346759,0.101846,0.199926,0.119429,0.103498,0.538806,0.626986,0.353780,0.350567,0.544194,0.474908,0.454791,0.178115,0.149566,0.310339,0.444913,0.493748,0.331116,0.099840,0.897258,0.948676,0.000000,1.288363,0.831524,0.776468,0.700954,0.916323,0.450781,0.521631,0.249062,0.104576,0.540126,0.584469,0.512304,0.425420,0.448883,0.626309,0.434405,0.542134,0.532028,0.579888,0.409085,0.339299,0.765945,0.644739,0.587600,0.467489,0.044812,0.020626,0.248818,0.426384,0.287864,0.348883,0.072671,0.066854,0.470568,0.289112,0.444806,0.427932,0.314897,0.246641,0.342424,0.235675,0.374233,0.287291,0.367302,0.296728
0.426022,0.522746,0.453289,0.652481,0.527503,0.423938,0.501193,0.591488,0.335671,0.591833,0.484103,0.499710,0.319173,0.404928,0.351139,0.517811,0.636965,0.739706,0.543198,0.628272,0.436444,0.075281,0.554340,0.582443,0.226686,0.361183,0.238755,0.260649,0.486969,0.536990,0.402189,0.493669,0.542065,0.538159,0.583298,0.401961,0.129200,0.328008,0.500211,0.514705,0.316886,0.120780,0.767158,0.826607,1.288363,0.000000,0.738110,0.714550,0.625192,0.799431,0.588719,0.709350,0.366529,0.217870,0.587880,0.632878,0.550739,0.460361,0.539093,0.612595,0.516251,0.579775,0.584922,0.600088,0.424029,0.588131,0.809602,0.824440,0.493527,0.505456,0.089620,0.110306,0.194636,0.378655,0.272461,0.339247,0.120988,0.127583,0.442896,0.210968,0.492225,0.516054,0.426831,0.385583,0.481447,0.454294,0.456152,0.423286,0.457176,0.490001
0.263261,0.367384,0.094412,0.333753,0.362743,0.374712,0.182977,0.315613,0.210836,0.545864,0.243272,0.343958,0.003618,0.228344,0.152542,0.243331,0.601263,0.583891,0.521413,0.626131,0.186148,-0.049485,0.231963,0.276613,0.078030,0.210875,0.008018,0.026251,0.389158,0.444618,0.229523,0.187141,0.607591,0.655667,0.227549,0.127523,0.364202,0.336025,0.453464,0.374786,0.245604,0.113269,1.192450,1.169045,0.831524,0.738110,0.000000,1.683816,0.521860,0.764241,0.265077,0.340094,0.383107,0.193463,0.543659,0.612313,0.451448,0.383212,0.343014,0.507125,0.296638,0.399129,0.439740,0.443545,0.121851,0.239496,0.567977,0.591893,0.456753,0.470876,-0.153970,-0.099517,0.222169,0.383214,0.373772,0.388495,0.373947,0.395257,0.393708,0.165236,0.357218,0.400097,0.365547,0.361259,0.179100,0.170276,0.376653,0.304910,0.145899,0.197730
0.146622,0.243450,0.014822,0.275061,0.308549,0.268778,0.137629,0.284733,0.108035,0.475978,0.137842,0.228910,-0.094731,0.125311,0.048017,0.174866,0.594262,0.513897,0.414810,0.521553,0.175531,-0.007561,0.148963,0.205056,0.053195,0.164540,-0.039565,-0.007321,0.423677,0.455113,0.169665,0.129338,0.545226,0.593432,0.223303,0.155442,0.281872,0.263069,0.356407,0.305388,0.232119,0.125129,1.117760,1.287471,0.776468,0.714550,1.683816,0.000000,0.397623,0.649878,0.144072,0.201034,0.212542,0.135862,0.362633,0.508021,0.396499,0.315718,0.259117,0.405413,0.199813,0.251019,0.400186,0.334262,0.084535,0.151662,0.499239,0.554442,0.413216,0.457360,-0.141291,-0.101847,0.258569,0.432273,0.414574,0.467412,0.421535,0.431909,0.398675,0.265256,0.296023,0.359018,0.354214,0.342060,0.051023,0.084770,0.325396,0.255838,0.017732,0.038619
0.582432,0.501842,0.443585,0.327945,0.423641,0.465692,0.563025,0.480242,0.559803,0.620571,0.415901,0.454006,0.352636,0.435920,0.309846,0.422564,0.253927,0.516385,0.550939,0.505290,0.100530,-0.052541,0.375900,0.242273,0.252782,0.324178,0.143946,0.245431,0.230722,0.256582,0.264725,0.203957,0.296677,0.289594,0.173038,0.166602,0.130376,0.166375,0.348777,0.214584,0.127928,-0.041876,0.552728,0.522248,0.700954,0.625192,0.521860,0.397623,0.000000,1.097371,0.581208,0.814198,0.673119,0.195457,0.708251,0.388126,0.247235,0.198451,0.586164,0.443175,0.467416,0.545689,0.329206,0.377133,0.275738,0.562369,0.452025,0.320403,0.284865,0.182767,0.014343,0.133181,0.172212,0.235922,0.223409,0.191051,0.029210,0.038803,0.082499,-0.089530,0.154669,0.093864,0.088246,0.024132,0.262906,0.068708,0.208032,0.093133,0.616678,0.425187
