0.000000,1.042848,0.194693,0.463946,0.258947,0.319970,0.687326,0.680006,0.018392,0.275101,0.430725,0.502947,0.656732,0.519927,0.348749,0.371472,0.390479,0.624142,0.704462,0.878283,0.108454,-0.022520,0.221099,0.185901,-0.083130,0.142891,0.134278,0.386812,0.236054,0.316752,0.130305,0.239646,0.548798,0.397997,0.027430,0.233938,0.321713,0.157849,0.338295,0.293083,0.178075,-0.009891,0.486719,0.494998,0.230565,0.178827,0.617040,0.534939,0.631872,0.289062,0.404382,0.270834,0.719685,0.755819,0.632320,0.660944,0.879940,0.736986,0.836616,0.726146,0.725380,0.565607,0.422076,0.521753,0.299952,0.145745,0.425827,0.340284,0.768918,0.620358,-0.256715,-0.178235,0.362257,0.397488,0.230878,0.507953,0.289245,0.357455,0.004624,0.587997,0.537093,0.496951,0.528256,0.637076,0.370733,0.208926,0.195618,0.256678,0.472179,0.792368
1.042848,0.000000,0.199383,0.318832,0.119508,0.187506,0.377044,0.473525,-0.022459,0.117812,0.251576,0.387032,0.420801,0.459700,0.192762,0.274006,0.435684,0.845861,0.554300,0.855642,0.132918,-0.001879,0.160639,0.141031,0.003171,0.093208,0.116437,0.306640,0.179930,0.316796,0.067095,0.114775,0.570931,0.352517,0.044010,0.180284,0.238236,0.154302,0.331369,0.289433,0.065684,-0.088539,0.478027,0.589660,0.304173,0.387605,0.670989,0.639279,0.645547,0.310027,0.424949,0.195456,0.574721,0.504112,0.559543,0.603546,1.396042,1.521825,0.655332,0.706159,0.559171,0.366287,0.470058,0.472789,0.116978,0.003745,0.359457,0.280083,1.089982,0.949490,-0.257995,-0.173846,0.145647,0.236107,-0.002685,0.210010,0.247863,0.276262,0.148570,0.639337,0.620149,0.641365,0.437399,0.671043,0.404590,0.262389,0.222074,0.235706,0.467798,0.598433
0.194693,0.199383,0.000000,0.772898,0.299272,0.158995,0.627945,0.112615,0.255177,0.099827,0.274207,0.090691,0.267897,0.191401,0.550854,0.492048,-0.063380,0.175555,0.382928,0.255605,0.183865,0.273035,0.825051,0.889154,0.537305,0.521909,0.217078,0.329452,0.049340,0.152963,0.485636,0.370915,0.415151,0.350049,0.624784,0.484940,0.085221,0.183195,0.318692,0.359135,0.109257,0.106228,0.313030,0.135001,0.380165,0.307042,0.259115,0.272800,0.108157,0.139808,0.509687,0.223942,0.156448,0.406470,0.371357,0.417761,0.243272,0.118375,0.183960,-0.025785,-0.111130,-0.233956,-0.080514,-0.195987,0.402719,0.256632,0.712354,0.396504,0.280170,0.280326,0.086645,0.192296,0.278859,0.316255,0.172607,0.199223,0.182817,0.128349,0.008833,0.133855,0.218376,0.262696,0.440995,0.227194,0.399329,0.319588,0.244421,0.197592,0.449980,0.369503
0.463946,0.318832,0.772898,0.000000,0.275394,0.605209,0.884574,0.689699,0.147651,0.486379,0.233765,0.122378,0.380357,0.251530,0.569501,0.557996,0.132150,0.349204,0.442122,0.535844,0.323305,0.204439,0.586937,0.825888,0.371579,0.654177,0.365196,0.592771,0.175248,0.200949,0.384547,0.433025,0.619613,0.588192,0.635971,0.691274,0.291732,0.322061,0.480881,0.507910,0.155808,0.080109,0.491299,0.284941,0.538373,0.412029,0.437298,0.439998,0.481837,0.015487,0.543782,0.114448,0.384188,0.548362,0.441718,0.492842,0.422373,0.241226,0.441720,0.220943,0.130974,0.105091,0.124267,0.025675,0.648856,0.737393,1.037759,0.797735,0.425303,0.480260,-0.018121,0.072851,0.441097,0.420382,0.344790,0.433611,0.255553,0.328396,0.054210,0.322520,0.478710,0.454702,0.626657,0.430343,0.621714,0.400433,0.259080,0.318225,0.627062,0.858765
0.258947,0.119508,0.299272,0.275394,0.000000,0.319702,0.592677,0.430246,0.964277,0.092000,0.268404,0.608423,0.463093,0.451147,0.214515,0.274255,0.005960,0.129813,0.112658,0.148023,0.050000,0.083292,-0.073865,0.002649,0.041900,0.255505,0.025031,0.220597,-0.033297,0.094335,-0.015136,-0.021670,0.039610,0.052329,-0.145214,0.076772,-0.091226,0.103380,-0.051002,-0.018687,-0.076015,0.114723,0.054455,-0.029832,0.086909,0.074691,0.087398,0.117853,0.032000,0.495869,0.300793,0.318062,0.391391,0.458222,0.291380,0.288760,0.036629,-0.052283,0.299252,0.414713,0.306954,0.470655,0.278866,0.404385,0.275084,0.248129,0.140181,0.113166,0.146839,0.057446,0.014702,0.111191,0.351237,0.405936,0.122554,0.181632,0.243937,0.184616,-0.371079,-0.094863,0.086810,0.021347,0.046652,0.002688,-0.111232,0.170522,-0.389841,-0.225962,-0.010647,0.264083
0.319970,0.187506,0.158995,0.605209,0.319702,0.000000,0.480793,0.801851,0.231691,0.788279,-0.036957,0.111648,0.326882,0.168058,0.303474,0.248649,0.246377,0.233191,0.251220,0.425875,0.251719,0.040221,0.027907,0.142494,0.145474,0.418248,0.341820,0.540831,0.125326,0.045278,0.139772,0.185203,0.319057,0.305363,0.154466,0.225964,0.216907,0.202534,0.167579,0.188341,-0.017606,0.059845,0.287716,0.190988,0.267042,0.235089,0.306184,0.270803,0.536984,0.113979,0.382334,0.118631,0.407841,0.417457,0.287779,0.228886,0.196268,0.105246,0.428519,0.330875,0.318875,0.341265,0.361287,0.258458,0.426729,0.502856,0.399803,0.400435,0.248388,0.219919,0.093744,0.099382,0.297179,0.279652,0.158503,0.241191,0.161694,0.263426,-0.061992,0.147575,0.255115,0.196784,0.288137,0.283942,0.261093,0.117178,0.008038,0.110698,0.397874,0.470353
0.687326,0.377044,0.627945,0.884574,0.592677,0.480793,0.000000,0.840417,0.360489,0.443520,0.231648,0.247714,0.460491,0.288185,0.444162,0.351547,0.016002,0.225699,0.425231,0.542315,0.113426,-0.005053,0.395586,0.390684,0.115201,0.302257,0.190940,0.392441,0.006795,0.135314,0.141129,0.217272,0.431115,0.340100,0.247028,0.406715,0.168761,0.063754,0.213435,0.137504,0.093749,-0.018266,0.311714,0.147751,0.268571,0.120146,0.308375,0.269993,0.421002,0.137201,0.512677,0.201904,0.646395,0.787112,0.456003,0.459944,0.431298,0.229762,0.726572,0.364991,0.281360,0.263795,0.055917,0.113411,0.556704,0.375405,0.715870,0.478577,0.438603,0.514680,-0.248585,-0.150643,0.416829,0.359313,0.226793,0.513703,0.160245,0.177749,-0.172633,0.217720,0.305278,0.324012,0.373421,0.291423,0.280473,0.290687,-0.005965,0.120631,0.517034,0.806431
0.680006,0.473525,0.112615,0.689699,0.430246,0.801851,0.840417,0.000000,0.215456,0.593257,0.181109,0.331956,0.542453,0.453182,0.308732,0.346915,0.312055,0.364419,0.385430,0.639213,0.209673,-0.061524,0.066460,0.153821,0.039407,0.298779,0.222819,0.465425,0.130793,0.173975,0.079246,0.237023,0.424011,0.424549,0.137247,0.359135,0.140056,0.170893,0.259388,0.230122,0.085092,-0.126805,0.352800,0.249788,0.308349,0.227083,0.400513,0.371683,0.626024,0.095436,0.364281,0.095186,0.654360,0.611305,0.406583,0.309051,0.469839,0.335777,0.860829,0.609280,0.544688,0.603000,0.426370,0.418132,0.542442,0.507051,0.595728,0.577774,0.405681,0.505020,-0.157187,-0.068794,0.313476,0.255559,0.155527,0.428561,0.161087,0.233978,-0.018907,0.305063,0.459972,0.343887,0.444406,0.439869,0.392647,0.172259,-0.026193,0.067820,0.454751,0.813105
0.018392,-0.022459,0.255177,0.147651,0.964277,0.231691,0.360489,0.215456,0.000000,0.169177,0.222582,0.492299,0.385742,0.298016,0.127975,0.150853,-0.029977,0.080014,-0.039965,-0.020987,-0.004511,0.025971,-0.159098,-0.052396,-0.057146,0.063929,-0.194035,-0.050391,-0.066322,-0.013425,-0.090245,-0.174742,-0.158942,-0.099453,-0.294755,-0.082879,-0.313229,0.162118,-0.109100,-0.070490,-0.272568,0.038697,0.020577,-0.023418,-0.036815,0.047671,0.079833,0.116074,0.013230,0.615926,0.298227,0.406121,0.253703,0.358865,0.262204,0.220027,-0.146436,-0.192643,0.106087,0.351394,0.171064,0.346146,0.232857,0.333863,0.124175,0.194458,-0.044020,0.017473,-0.037261,-0.095216,0.229147,0.239476,0.195028,0.247764,0.087075,-0.037245,0.251356,0.108486,-0.322764,-0.217547,0.001153,-0.059748,-0.073510,-0.053323,-0.139884,0.113584,-0.335464,-0.253318,-0.211662,-0.001085
0.275101,0.117812,0.099827,0.486379,0.092000,0.788279,0.443520,0.593257,0.169177,0.000000,-0.117216,-0.100166,0.231542,-0.002101,0.377764,0.195314,0.178873,0.133290,0.269384,0.400205,0.167974,-0.015810,0.060801,0.117565,0.119307,0.303421,0.353032,0.462467,0.153935,0.003682,0.133302,0.167768,0.259200,0.262138,0.131873,0.221072,0.254063,0.077014,0.173040,0.207603,0.147715,-0.035092,0.241057,0.241547,0.221488,0.224149,0.295565,0.309028,0.583634,0.035390,0.297629,0.119619,0.433550,0.444225,0.337611,0.258217,0.120101,0.056773,0.429962,0.215461,0.123501,0.166595,0.152894,0.134842,0.322298,0.184388,0.292507,0.351826,0.190838,0.208241,-0.027702,-0.050706,0.302794,0.204027,0.258798,0.350310,0.099693,0.235918,0.106300,0.167381,0.204449,0.247274,0.351223,0.252860,0.407164,0.154400,-0.018878,0.133903,0.442147,0.434339
0.430725,0.251576,0.274207,0.233765,0.268404,-0.036957,0.231648,0.181109,0.222582,-0.117216,0.000000,0.729609,0.965815,0.780733,0.590662,0.616695,0.121524,0.245502,0.307096,0.176840,0.174071,0.237386,0.322793,0.406150,0.166282,0.165936,-0.279374,0.033596,0.218948,0.181155,0.235461,0.232130,0.202280,0.280069,0.170070,0.375163,-0.028454,0.400159,0.372017,0.348709,-0.020941,-0.013179,0.295105,0.201226,0.233635,0.136696,0.231407,0.206573,0.041135,0.253848,0.323219,0.333749,0.184906,0.353522,0.459877,0.406651,0.176811,0.112542,0.142794,0.291812,0.309522,0.322816,0.166604,0.264710,0.342060,0.290295,0.289643,0.230432,0.080598,0.043579,0.129342,0.254672,0.233372,0.243849,0.250442,0.177731,0.606663,0.368365,-0.083370,0.137045,0.212721,0.192284,0.425429,0.235136,0.230006,0.250960,0.170589,0.110363,0.042656,0.223280
0.502947,0.387032,0.090691,0.122378,0.608423,0.111648,0.247714,0.331956,0.492299,-0.100166,0.729609,0.000000,0.780425,1.005619,0.261289,0.402001,0.114040,0.297279,0.174065,0.202333,0.009105,0.157964,-0.054300,0.049074,-0.092234,-0.006860,-0.384452,-0.029144,0.064935,0.196323,-0.095560,-0.028566,-0.016895,-0.027215,-0.318320,-0.028666,0.000909,0.339672,0.125760,0.142081,-0.035159,0.129227,0.071665,0.053199,-0.065910,-0.056737,0.147311,0.118323,0.061563,0.727987,0.460606,0.665496,0.461984,0.399564,0.485421,0.516710,0.145118,0.143834,0.283871,0.789530,0.557335,0.906253,0.352961,0.807673,0.195549,0.175592,-0.010446,0.041515,0.153662,0.092381,0.019224,0.083737,0.214137,0.401195,0.099753,0.190633,0.393408,0.266451,-0.238136,0.047708,0.131108,0.215546,0.174354,0.229769,0.080474,0.367096,-0.105463,-0.120022,-0.075526,0.233408
0.656732,0.420801,0.267897,0.380357,0.463093,0.326882,0.460491,0.542453,0.385742,0.231542,0.965815,0.780425,0.000000,1.083293,0.616564,0.636002,0.288729,0.425677,0.376000,0.382015,0.233119,0.186345,0.153354,0.264264,0.128494,0.312827,-0.072584,0.238260,0.314032,0.283746,0.187717,0.176845,0.309807,0.355089,0.096604,0.314072,0.070070,0.495151,0.443353,0.422977,-0.091434,-0.007200,0.468081,0.344072,0.274977,0.212953,0.415132,0.367785,0.318243,0.305235,0.483871,0.309130,0.425315,0.544165,0.514816,0.425949,0.264439,0.202125,0.464086,0.507271,0.592618,0.491498,0.487096,0.469387,0.454922,0.318820,0.349389,0.295199,0.176144,0.096359,0.228539,0.310075,0.314035,0.324756,0.251919,0.190143,0.614870,0.400547,-0.161062,0.242624,0.404825,0.368390,0.565993,0.416023,0.333691,0.243440,0.107040,0.041618,0.227387,0.422783
0.519927,0.459700,0.191401,0.251530,0.451147,0.168058,0.288185,0.453182,0.298016,-0.002101,0.780733,1.005619,1.083293,0.000000,0.393828,0.660510,0.299768,0.352832,0.234564,0.262936,0.197004,0.216700,0.042657,0.255253,0.243589,0.360540,-0.168608,0.263196,0.213527,0.244928,0.054933,0.108157,0.166602,0.229411,0.020555,0.287663,0.097002,0.518318,0.412472,0.432628,-0.012988,0.022665,0.297774,0.233585,0.157661,0.232322,0.312586,0.287814,0.220169,0.419106,0.493210,0.405440,0.386857,0.362932,0.520704,0.461241,0.252242,0.258906,0.381221,0.630382,0.664137,0.555457,0.530153,0.552630,0.327368,0.265701,0.255268,0.315961,0.166138,0.155479,0.106890,0.221051,0.211680,0.326147,0.099259,0.108698,0.518465,0.354708,-0.081607,0.158530,0.335854,0.398147,0.425538,0.416909,0.357460,0.472577,0.126218,0.013073,0.202930,0.386781
0.348749,0.192762,0.550854,0.569501,0.214515,0.303474,0.444162,0.308732,0.127975,0.377764,0.590662,0.261289,0.616564,0.393828,0.000000,1.152328,0.195142,0.272329,0.621041,0.444253,0.408518,0.341535,0.818755,0.827902,0.364208,0.561760,0.300081,0.548972,0.411342,0.276848,0.488656,0.521791,0.455873,0.447832,0.541243,0.622118,0.291010,0.283807,0.569084,0.476660,0.242154,-0.036478,0.512407,0.390071,0.434503,0.287955,0.425312,0.379602,0.232231,0.056039,0.506498,0.280553,0.222617,0.616078,0.463394,0.427302,0.197913,0.116584,0.280555,0.079739,-0.079209,-0.044426,0.017787,0.010585,0.531301,0.282994,0.578485,0.438026,0.206428,0.194658,-0.016549,0.111787,0.461672,0.430202,0.467844,0.500198,0.447237,0.437033,0.020118,0.347970,0.338551,0.381468,0.850633,0.293699,0.584402,0.297228,0.198493,0.287097,0.423771,0.424646
0.371472,0.274006,0.492048,0.557996,0.274255,0.248649,0.351547,0.346915,0.150853,0.195314,0.616695,0.402001,0.636002,0.660510,1.152328,0.000000,0.234931,0.374576,0.616374,0.416876,0.365855,0.363307,0.682164,0.878392,0.410283,0.690831,0.213385,0.623864,0.486846,0.530065,0.408795,0.500305,0.402521,0.446991,0.492159,0.660425,0.279682,0.501971,0.689551,0.599757,0.178482,-0.022782,0.529557,0.391117,0.527814,0.399035,0.473835,0.433474,0.217533,0.138856,0.522241,0.253426,0.204990,0.494120,0.477247,0.438262,0.219593,0.169021,0.222645,0.149738,0.033672,0.060073,0.195629,0.137434,0.510050,0.372671,0.544415,0.478175,0.225190,0.213429,0.042338,0.188669,0.388994,0.399218,0.361050,0.370497,0.489715,0.398269,0.100498,0.425133,0.496917,0.501882,0.982255,0.486525,0.704423,0.379334,0.285652,0.267871,0.360121,0.446420
0.390479,0.435684,-0.063380,0.132150,0.005960,0.246377,0.016002,0.312055,-0.029977,0.178873,0.121524,0.114040,0.288729,0.299768,0.195142,0.234931,0.000000,0.695429,0.372475,0.486573,0.227984,0.035688,-0.090109,0.000438,-0.046383,0.199117,0.165599,0.263657,0.779134,0.464428,0.102407,0.201038,0.360605,0.403391,0.014626,0.160610,0.345744,0.032653,0.151976,0.192147,0.234024,0.055910,0.340583,0.437711,0.338885,0.352666,0.432875,0.409336,0.439191,-0.012660,-0.042682,-0.126068,0.029090,0.105371,0.120850,0.069838,0.400553,0.407607,0.226150,0.247538,0.476441,0.224490,0.888513,0.518708,0.190861,0.080673,0.119229,0.176178,0.340249,0.175193,0.027188,0.067151,0.285588,0.256622,0.232492,0.173242,0.196365,0.302088,0.317623,0.473221,0.599369,0.367191,0.431537,0.386882,0.257561,-0.065281,0.043857,0.044064,0.150222,0.179175
0.624142,0.845861,0.175555,0.349204,0.129813,0.233191,0.225699,0.364419,0.080014,0.133290,0.245502,0.297279,0.425677,0.352832,0.272329,0.374576,0.695429,0.000000,0.643654,0.846634,0.199624,0.120086,0.106837,0.181270,-0.018146,0.172473,0.103153,0.303172,0.569432,0.703638,0.195304,0.307244,0.705798,0.528769,0.104259,0.300443,0.206157,0.134599,0.268202,0.278466,0.136953,-0.002510,0.581607,0.657746,0.623880,0.553629,0.740444,0.719188,0.599013,0.174381,0.155904,-0.050045,0.258890,0.352735,0.313089,0.372984,0.886080,0.805919,0.428790,0.362698,0.420376,0.240879,0.683944,0.581424,0.077879,0.101483,0.306217,0.267896,0.748879,0.501374,-0.161489,-0.124889,0.253102,0.326184,0.122068,0.225885,0.297018,0.277462,0.436369,0.963619,1.238053,0.720156,0.545516,0.648813,0.345813,0.033415,0.011420,0.217750,0.154479,0.313003
0.704462,0.554300,0.382928,0.442122,0.112658,0.251220,0.425231,0.385430,-0.039965,0.269384,0.307096,0.174065,0.376000,0.234564,0.621041,0.616374,0.372475,0.643654,0.000000,1.189509,0.326153,0.196274,0.611475,0.492124,0.064191,0.370356,0.302916,0.474937,0.469865,0.548695,0.605784,0.697948,0.962055,0.826682,0.382733,0.556781,0.305692,0.094886,0.322715,0.248840,0.216283,-0.039301,0.753331,0.688425,0.464513,0.432811,0.760253,0.664946,0.438159,0.060028,0.239044,0.050331,0.297127,0.612337,0.450202,0.479255,0.588169,0.453347,0.365037,0.252718,0.088244,0.065479,0.247886,0.225115,0.195717,0.101481,0.530594,0.495577,0.545012,0.389768,-0.189191,-0.113843,0.407583,0.419416,0.319372,0.534130,0.441657,0.416053,0.132247,0.807216,0.752243,0.555581,0.787268,0.558292,0.409845,0.079841,0.144575,0.300632,0.388626,0.413254
0.878283,0.855642,0.255605,0.535844,0.148023,0.425875,0.542315,0.639213,-0.020987,0.400205,0.176840,0.202333,0.382015,0.262936,0.444253,0.416876,0.486573,0.846634,1.189509,0.000000,0.316161,0.117524,0.360713,0.308398,0.015876,0.298089,0.332594,0.528324,0.369993,0.442270,0.412016,0.530497,1.053778,0.824445,0.273983,0.483249,0.379219,0.057641,0.309831,0.246201,0.261748,-0.002464,0.749806,0.760072,0.509216,0.496778,0.878597,0.800324,0.695833,0.077209,0.260588,-0.003099,0.478978,0.678922,0.493030,0.523908,0.878662,0.691511,0.634857,0.446816,0.312555,0.254993,0.419701,0.382578,0.270875,0.152895,0.594273,0.576745,0.908611,0.662822,-0.263038,-0.191762,0.399994,0.428043,0.293639,0.566977,0.386005,0.461934,0.168025,0.850426,0.862702,0.679664,0.668701,0.621874,0.421274,0.114045,0.087114,0.305746,0.484887,0.572501
0.108454,0.132918,0.183865,0.323305,0.050000,0.251719,0.113426,0.209673,-0.004511,0.167974,0.174071,0.009105,0.233119,0.197004,0.408518,0.365855,0.227984,0.199624,0.326153,0.316161,0.000000,0.887485,0.329117,0.494564,0.212815,0.474774,0.332777,0.478939,0.236414,-0.006819,0.358694,0.379786,0.320964,0.410035,0.484607,0.392603,0.256318,0.548706,0.389801,0.398752,0.175426,0.298139,0.353464,0.291212,0.242449,0.317849,0.221656,0.236567,0.137150,-0.020469,0.297454,0.046091,-0.057258,0.090818,0.259152,0.158938,0.107802,0.109276,0.006095,0.072716,-0.004057,-0.144402,0.114397,-0.072219,0.330854,0.412423,0.429735,0.461290,0.056103,0.046203,0.326548,0.481404,0.609552,0.455072,0.520795,0.124038,0.612043,0.646585,-0.093458,0.120599,0.168633,0.194854,0.246928,0.323939,0.422468,0.296566,0.343895,0.406165,0.418890,0.217754
-0.022520,-0.001879,0.273035,0.204439,0.083292,0.040221,-0.005053,-0.061524,0.025971,-0.015810,0.237386,0.157964,0.186345,0.216700,0.341535,0.363307,0.035688,0.120086,0.196274,0.117524,0.887485,0.000000,0.358990,0.525844,0.203737,0.374206,0.113506,0.351661,0.248290,0.095980,0.342653,0.309945,0.136897,0.221995,0.353304,0.290334,0.193440,0.566648,0.295221,0.307127,0.192193,0.380407,0.147915,0.069385,0.142912,0.163195,0.024729,0.044180,-0.093286,0.076202,0.318935,0.158208,-0.118194,0.017870,0.149890,0.136988,-0.051093,-0.065639,-0.206531,-0.020705,-0.094625,-0.138126,0.012451,-0.089662,0.241434,0.321217,0.276199,0.244122,-0.032119,-0.068512,0.412160,0.555361,0.476895,0.427991,0.358633,-0.006148,0.532660,0.441643,-0.047540,0.011509,0.068969,0.191823,0.194756,0.234961,0.363687,0.389898,0.211178,0.167717,0.265441,0.060497
0.221099,0.160639,0.825051,0.586937,-0.073865,0.027907,0.395586,0.066460,-0.159098,0.060801,0.322793,-0.054300,0.153354,0.042657,0.818755,0.682164,-0.090109,0.106837,0.611475,0.360713,0.329117,0.358990,0.000000,1.309122,0.395340,0.446392,0.300704,0.361829,0.130663,0.222240,0.639778,0.640321,0.552185,0.508175,0.925249,0.671714,0.231072,0.222079,0.522307,0.423337,0.254431,0.000440,0.432174,0.276830,0.374177,0.257019,0.270783,0.262136,-0.004115,-0.160912,0.350333,0.076472,-0.007871,0.352757,0.270617,0.305448,0.225174,0.148923,0.014473,-0.165953,-0.409402,-0.411621,-0.307050,-0.375743,0.413779,0.254964,0.748473,0.499176,0.190531,0.291679,-0.017751,0.122962,0.290167,0.249631,0.342323,0.406717,0.276324,0.251980,0.016309,0.351388,0.226562,0.347349,0.669113,0.327670,0.578467,0.313390,0.489700,0.434464,0.501690,0.358377
0.185901,0.141031,0.889154,0.825888,0.002649,0.142494,0.390684,0.153821,-0.052396,0.117565,0.406150,0.049074,0.264264,0.255253,0.827902,0.878392,0.000438,0.181270,0.492124,0.308398,0.494564,0.525844,1.309122,0.000000,0.524868,0.682359,0.283428,0.502138,0.265717,0.239003,0.629415,0.683792,0.500164,0.557364,1.009583,0.855580,0.248255,0.440419,0.680451,0.651211,0.223692,0.073093,0.466150,0.264363,0.490498,0.410793,0.298005,0.307924,0.083326,-0.063547,0.444277,0.140166,-0.008621,0.313724,0.356477,0.397331,0.195620,0.112798,0.019608,-0.093068,-0.244095,-0.286548,-0.147235,-0.288351,0.486949,0.467499,0.885868,0.693737,0.150795,0.237055,0.099690,0.241655,0.356370,0.346313,0.392435,0.328380,0.362940,0.323681,0.097411,0.295980,0.320458,0.406677,0.711607,0.350348,0.729037,0.480544,0.508801,0.420755,0.484317,0.406207
-0.083130,0.003171,0.537305,0.371579,0.041900,0.145474,0.115201,0.039407,-0.057146,0.119307,0.166282,-0.092234,0.128494,0.243589,0.364208,0.410283,-0.046383,-0.018146,0.064191,0.015876,0.212815,0.203737,0.395340,0.524868,0.000000,0.893515,0.302892,0.420077,0.086044,-0.004192,0.430520,0.310725,0.238368,0.317067,0.610483,0.423185,0.149743,0.133448,0.259332,0.383094,0.016225,-0.033070,0.160422,0.063555,0.289203,0.320285,0.091115,0.149515,0.053166,-0.109508,0.206697,-0.039864,0.010088,0.044869,0.090243,0.130456,0.060771,0.033663,0.037791,-0.123451,-0.042380,-0.182323,0.032587,-0.206808,0.396697,0.372881,0.488283,0.358076,0.044958,0.079385,0.259680,0.329946,0.083336,0.097071,0.115424,-0.031628,0.158956,0.077262,0.107358,-0.028680,0.069741,0.086430,0.349000,0.028838,0.333063,0.262959,0.250158,0.105360,0.444083,0.334919
0.142891,0.093208,0.521909,0.654177,0.255505,0.418248,0.302257,0.298779,0.063929,0.303421,0.165936,-0.006860,0.312827,0.360540,0.561760,0.690831,0.199117,0.172473,0.370356,0.298089,0.474774,0.374206,0.446392,0.682359,0.893515,0.000000,0.526723,0.850297,0.356873,0.192369,0.594542,0.517409,0.485202,0.619364,0.694134,0.627066,0.396586,0.274177,0.462716,0.574437,0.092688,0.058639,0.426834,0.281656,0.432506,0.493986,0.341264,0.360051,0.190432,-0.094530,0.286160,-0.060052,0.105889,0.269562,0.181524,0.166475,0.129412,0.104505,0.147062,-0.020206,0.020918,-0.092204,0.241129,-0.079140,0.491632,0.642338,0.663847,0.617138,0.142315,0.121977,0.258943,0.355542,0.372825,0.323711,0.362494,0.171131,0.383005,0.408360,-0.012496,0.194650,0.312377,0.267687,0.555047,0.165273,0.447160,0.319891,0.204731,0.202669,0.494565,0.497488
0.134278,0.116437,0.217078,0.365196,0.025031,0.341820,0.190940,0.222819,-0.194035,0.353032,-0.279374,-0.384452,-0.072584,-0.168608,0.300081,0.213385,0.165599,0.103153,0.302916,0.332594,0.332777,0.113506,0.300704,0.283428,0.302892,0.526723,0.000000,0.950842,0.164778,0.010476,0.431548,0.441014,0.444188,0.407142,0.472237,0.262002,0.241573,-0.039290,0.118018,0.132604,0.040685,-0.044349,0.308833,0.295635,0.321068,0.322818,0.285196,0.324809,0.196109,-0.266711,-0.010917,-0.282627,-0.015825,0.119411,-0.004439,0.013237,0.255514,0.217402,0.133926,-0.173531,-0.135542,-0.245665,0.071147,-0.231869,0.215509,0.193879,0.417062,0.337764,0.280101,0.187191,-0.002085,0.065151,0.216381,0.076794,0.204758,0.126646,-0.028032,0.162464,0.118844,0.252995,0.225161,0.116688,0.258195,0.171616,0.244856,-0.087377,0.177445,0.250355,0.553328,0.251111
0.386812,0.306640,0.329452,0.592771,0.220597,0.540831,0.392441,0.465425,-0.050391,0.462467,0.033596,-0.029144,0.238260,0.263196,0.548972,0.623864,0.263657,0.303172,0.474937,0.528324,0.478939,0.351661,0.361829,0.502138,0.420077,0.850297,0.950842,0.000000,0.278301,0.155775,0.427969,0.528334,0.555058,0.556732,0.540051,0.576024,0.362876,0.236249,0.397426,0.374849,0.211386,-0.053910,0.490986,0.421480,0.528604,0.509855,0.505775,0.514730,0.367437,-0.018592,0.245249,-0.079636,0.194213,0.306521,0.343840,0.337237,0.403279,0.315049,0.310380,0.076770,0.087356,-0.003689,0.253528,-0.024767,0.364360,0.402946,0.646702,0.601335,0.464893,0.333439,-0.045821,0.075244,0.335593,0.272786,0.239156,0.308451,0.208122,0.361904,0.194744,0.379984,0.404212,0.324285,0.527491,0.393184,0.538543,0.176391,0.191163,0.302016,0.761057,0.509297
0.236054,0.179930,0.049340,0.175248,-0.033297,0.125326,0.006795,0.130793,-0.066322,0.153935,0.218948,0.064935,0.314032,0.213527,0.411342,0.486846,0.779134,0.569432,0.469865,0.369993,0.236414,0.248290,0.130663,0.265717,0.086044,0.356873,0.164778,0.278301,0.000000,0.907747,0.251969,0.347332,0.303130,0.433114,0.190124,0.288193,0.374762,0.113492,0.259459,0.257288,0.129549,0.007648,0.461075,0.405635,0.388896,0.342126,0.388320,0.324117,0.273343,0.002075,-0.018949,-0.114274,-0.089921,0.111601,0.021906,0.018518,0.151682,0.150010,0.059151,0.058448,0.163827,0.042138,0.482332,0.260727,0.106596,0.155732,0.160288,0.171823,0.073121,-0.051022,0.115638,0.097468,0.285311,0.247221,0.371302,0.142270,0.233200,0.142821,0.346633,0.484789,0.675979,0.436384,0.639176,0.196149,0.227458,-0.062963,-0.044929,-0.113230,0.054787,0.131911
0.316752,0.316796,0.152963,0.200949,0.094335,0.045278,0.135314,0.173975,-0.013425,0.003682,0.181155,0.196323,0.283746,0.244928,0.276848,0.530065,0.464428,0.703638,0.548695,0.442270,-0.006819,0.095980,0.222240,0.239003,-0.004192,0.192369,0.010476,0.155775,0.907747,0.000000,0.166811,0.310490,0.356440,0.380953,0.164789,0.307231,0.247986,0.134396,0.303240,0.264320,0.141739,-0.038050,0.420188,0.374582,0.476685,0.370521,0.397009,0.348193,0.245240,0.077537,0.055905,-0.053262,0.020127,0.249162,0.072445,0.110579,0.269357,0.240813,0.122150,0.123845,0.074970,0.078638,0.357694,0.331596,0.017692,0.009001,0.157987,0.163372,0.214055,0.155420,-0.032091,-0.025322,0.176037,0.245021,0.169271,0.302773,0.135821,0.020402,0.356730,0.844151,0.929010,0.725787,0.768958,0.457941,0.271164,0.021100,-0.009775,-0.040737,-0.021633,0.184201
0.130305,0.067095,0.485636,0.384547,-0.015136,0.139772,0.141129,0.079246,-0.090245,0.133302,0.235461,-0.095560,0.187717,0.054933,0.488656,0.408795,0.102407,0.195304,0.605784,0.412016,0.358694,0.342653,0.639778,0.629415,0.430520,0.594542,0.431548,0.427969,0.251969,0.166811,0.000000,1.418506,0.799331,0.961382,0.749742,0.650841,0.226651,0.204870,0.389267,0.437080,0.127599,0.063105,0.627322,0.492917,0.479414,0.477084,0.476225,0.511944,0.118588,-0.153933,0.019620,-0.108761,-0.021419,0.242171,0.245862,0.243924,0.199481,0.072490,0.017195,-0.147563,-0.079117,-0.218803,0.031502,-0.178785,0.145285,0.239535,0.546934,0.553939,0.148310,0.035957,0.185476,0.230797,0.247614,0.183758,0.272280,0.179797,0.295576,0.257255,0.166807,0.317754,0.323683,0.175195,0.511053,0.272130,0.283547,-0.020910,0.370590,0.349609,0.315369,0.233943
0.239646,0.114775,0.370915,0.433025,-0.021670,0.185203,0.217272,0.237023,-0.174742,0.167768,0.232130,-0.028566,0.176845,0.108157,0.521791,0.500305,0.201038,0.307244,0.697948,0.530497,0.379786,0.309945,0.640321,0.683792,0.310725,0.517409,0.441014,0.528334,0.347332,0.310490,1.418506,0.000000,0.857361,1.004954,0.759638,0.788658,0.308704,0.210067,0.478063,0.480877,0.323034,0.065182,0.601282,0.478248,0.582826,0.499056,0.468714,0.501070,0.158762,-0.132044,-0.033472,-0.097943,-0.034285,0.243515,0.288443,0.302269,0.262302,0.121361,0.058256,-0.071620,-0.044392,-0.083355,0.051271,-0.073822,0.179496,0.275995,0.593695,0.700533,0.198687,0.114478,-0.005980,0.070449,0.330645,0.255888,0.318969,0.374146,0.199361,0.232012,0.337262,0.482549,0.466152,0.305092,0.631577,0.392768,0.398185,0.054419,0.342732,0.415454,0.297013,0.308661
0.548798,0.570931,0.415151,0.619613,0.039610,0.319057,0.431115,0.424011,-0.158942,0.259200,0.202280,-0.016895,0.309807,0.166602,0.455873,0.402521,0.360605,0.705798,0.962055,1.053778,0.320964,0.136897,0.552185,0.500164,0.238368,0.485202,0.444188,0.555058,0.303130,0.356440,0.799331,0.857361,0.000000,1.487432,0.670014,0.793184,0.324175,0.064670,0.447072,0.404136,0.207052,-0.076998,0.904368,0.797042,0.749933,0.710048,0.837453,0.859851,0.471511,-0.140929,0.081173,-0.229442,0.188681,0.407751,0.346414,0.398634,0.817631,0.595829,0.408684,0.122593,0.109651,-0.034459,0.263861,0.039373,0.211856,0.238576,0.848560,0.796663,0.692718,0.544052,-0.155734,-0.092695,0.243870,0.227117,0.183909,0.390394,0.320339,0.377638,0.287096,0.821884,0.867385,0.566749,0.697068,0.546056,0.425975,0.034049,0.247761,0.413272,0.516123,0.502425
0.397997,0.352517,0.350049,0.588192,0.052329,0.305363,0.340100,0.424549,-0.099453,0.262138,0.280069,-0.027215,0.355089,0.229411,0.447832,0.446991,0.403391,0.528769,0.826682,0.824445,0.410035,0.221995,0.508175,0.557364,0.317067,0.619364,0.407142,0.556732,0.433114,0.380953,0.961382,1.004954,1.487432,0.000000,0.765127,0.978306,0.266367,0.187987,0.497925,0.496708,0.160972,-0.097987,0.981434,0.793262,0.741188,0.777910,0.769706,0.813613,0.382307,-0.176507,0.007822,-0.276817,0.051991,0.309654,0.289745,0.268566,0.497973,0.328569,0.275046,0.099849,0.115020,-0.019474,0.309541,0.026199,0.249528,0.369208,0.800670,0.926409,0.375868,0.278470,0.032793,0.098471,0.257479,0.217830,0.291613,0.347833,0.457497,0.433244,0.243138,0.637451,0.775676,0.463243,0.759437,0.451151,0.401156,0.006434,0.250565,0.286747,0.428107,0.403571
0.027430,0.044010,0.624784,0.635971,-0.145214,0.154466,0.247028,0.137247,-0.294755,0.131873,0.170070,-0.318320,0.096604,0.020555,0.541243,0.492159,0.014626,0.104259,0.382733,0.273983,0.484607,0.353304,0.925249,1.009583,0.610483,0.694134,0.472237,0.540051,0.190124,0.164789,0.749742,0.759638,0.670014,0.765127,0.000000,1.124675,0.313396,0.290689,0.632889,0.591133,0.254928,-0.047685,0.569606,0.379076,0.727506,0.624996,0.327102,0.375086,0.135354,-0.334755,0.151190,-0.238583,-0.152035,0.106395,0.176730,0.151727,0.209419,0.116734,-0.022431,-0.342927,-0.320993,-0.494251,-0.165326,-0.515141,0.354442,0.438249,0.949570,0.754766,0.131451,0.226028,0.048884,0.169509,0.177440,0.072089,0.218335,0.220095,0.216247,0.209960,0.213391,0.322837,0.310968,0.296049,0.598363,0.317049,0.594616,0.225344,0.519754,0.487128,0.541371,0.370606
0.233938,0.180284,0.484940,0.691274,0.076772,0.225964,0.406715,0.359135,-0.082879,0.221072,0.375163,-0.028666,0.314072,0.287663,0.622118,0.660425,0.160610,0.300443,0.556781,0.483249,0.392603,0.290334,0.671714,0.855580,0.423185,0.627066,0.262002,0.576024,0.288193,0.307231,0.650841,0.788658,0.793184,0.978306,1.124675,0.000000,0.246861,0.318187,0.718326,0.635868,0.299530,-0.149308,0.718097,0.507334,0.900004,0.794480,0.517727,0.581193,0.269854,-0.103471,0.162959,-0.125506,0.038194,0.291116,0.419122,0.366525,0.329070,0.175256,0.156358,-0.046151,-0.064069,-0.153776,0.015306,-0.210230,0.305098,0.450464,0.937583,1.066863,0.268768,0.302906,-0.148918,-0.015818,0.209807,0.163334,0.165425,0.365196,0.349859,0.328568,0.272442,0.467934,0.567583,0.429947,0.748595,0.415943,0.584284,0.263718,0.312533,0.397973,0.432637,0.466115
0.321713,0.238236,0.085221,0.291732,-0.091226,0.216907,0.168761,0.140056,-0.313229,0.254063,-0.028454,0.000909,0.070070,0.097002,0.291010,0.279682,0.345744,0.206157,0.305692,0.379219,0.256318,0.193440,0.231072,0.248255,0.149743,0.396586,0.241573,0.362876,0.374762,0.247986,0.226651,0.308704,0.324175,0.266367,0.313396,0.246861,0.000000,0.175663,0.380928,0.423497,0.563584,0.463544,0.242960,0.283190,0.260347,0.215552,0.265304,0.231593,0.357528,-0.025484,0.255190,0.035427,0.242678,0.200009,0.264085,0.254069,0.220250,0.220452,0.181486,0.028686,0.087017,0.035942,0.079750,0.063649,0.191540,0.165597,0.242616,0.235026,0.282225,0.268470,-0.124856,-0.116999,0.411297,0.422381,0.318540,0.397721,0.206092,0.407011,0.067664,0.352835,0.192012,0.463668,0.398156,0.309377,0.432235,0.453804,0.327110,0.385685,0.396455,0.526749
0.157849,0.154302,0.183195,0.322061,0.103380,0.202534,0.063754,0.170893,0.162118,0.077014,0.400159,0.339672,0.495151,0.518318,0.283807,0.501971,0.032653,0.134599,0.094886,0.057641,0.548706,0.566648,0.222079,0.440419,0.133448,0.274177,-0.039290,0.236249,0.113492,0.134396,0.204870,0.210067,0.064670,0.187987,0.290689,0.318187,0.175663,0.000000,0.797340,0.807663,-0.020138,0.245722,0.393261,0.340278,0.290628,0.374696,0.295507,0.314396,0.217581,0.300340,0.574751,0.381958,0.127876,0.186344,0.523962,0.417551,-0.031948,-0.009147,-0.029534,0.230395,0.163675,0.094135,0.103457,0.082986,0.199743,0.331316,0.231070,0.352879,-0.052388,-0.032241,0.427530,0.499774,0.270272,0.270841,0.241047,-0.008883,0.620378,0.480493,0.007487,0.112494,0.164019,0.343894,0.392901,0.651616,0.600591,0.537544,0.654082,0.371516,0.315734,0.264892
0.338295,0.331369,0.318692,0.480881,-0.051002,0.167579,0.213435,0.259388,-0.109100,0.173040,0.372017,0.125760,0.443353,0.412472,0.569084,0.689551,0.151976,0.268202,0.322715,0.309831,0.389801,0.295221,0.522307,0.680451,0.259332,0.462716,0.118018,0.397426,0.259459,0.303240,0.389267,0.478063,0.447072,0.497925,0.632889,0.718326,0.380928,0.797340,0.000000,1.339497,0.227275,-0.027837,0.616560,0.553357,0.507199,0.573619,0.543395,0.538367,0.358489,0.105588,0.483457,0.215150,0.197844,0.368195,0.572674,0.414293,0.258301,0.237825,0.224546,0.135423,0.059469,-0.047086,0.029104,-0.103683,0.191053,0.271030,0.536687,0.691891,0.225358,0.285661,0.102592,0.156412,0.210786,0.190595,0.240137,0.274296,0.414951,0.442161,0.245957,0.490932,0.406015,0.523219,0.823153,0.620918,0.797070,0.429499,0.704587,0.544448,0.477770,0.484398
0.293083,0.289433,0.359135,0.507910,-0.018687,0.188341,0.137504,0.230122,-0.070490,0.207603,0.348709,0.142081,0.422977,0.432628,0.476660,0.599757,0.192147,0.278466,0.248840,0.246201,0.398752,0.307127,0.423337,0.651211,0.383094,0.574437,0.132604,0.374849,0.257288,0.264320,0.437080,0.480877,0.404136,0.496708,0.591133,0.635868,0.423497,0.807663,1.339497,0.000000,0.336157,0.104974,0.513056,0.454011,0.530040,0.599933,0.489317,0.525447,0.366393,0.164613,0.471460,0.273920,0.193302,0.305012,0.589822,0.452864,0.197230,0.205682,0.211509,0.174848,0.135636,0.018665,0.135353,0.002071,0.224026,0.338974,0.531222,0.690800,0.199524,0.242210,0.223328,0.273453,0.296001,0.300227,0.309737,0.285751,0.462331,0.532371,0.210708,0.435042,0.398005,0.531935,0.791664,0.587842,0.868879,0.534347,0.709717,0.575323,0.413963,0.501853
0.178075,0.065684,0.109257,0.155808,-0.076015,-0.017606,0.093749,0.085092,-0.272568,0.147715,-0.020941,-0.035159,-0.091434,-0.012988,0.242154,0.178482,0.234024,0.136953,0.216283,0.261748,0.175426,0.192193,0.254431,0.223692,0.016225,0.092688,0.040685,0.211386,0.129549,0.141739,0.127599,0.323034,0.207052,0.160972,0.254928,0.299530,0.563584,-0.020138,0.227275,0.336157,0.000000,0.391948,-0.039297,-0.005804,0.219229,0.108123,0.016995,0.030743,0.134118,0.008872,0.071525,0.148454,0.088214,0.081737,0.309113,0.239516,0.112481,0.061020,0.150290,0.035904,-0.039396,-0.013567,-0.058165,0.050787,0.103321,0.005022,0.229366,0.268939,0.238614,0.260643,-0.319380,-0.217126,0.462510,0.480698,0.283842,0.699749,0.015461,0.277520,0.254652,0.276716,0.125660,0.304072,0.308363,0.235532,0.437494,0.324156,0.115940,0.361247,0.185361,0.284180
-0.009891,-0.088539,0.106228,0.080109,0.114723,0.059845,-0.018266,-0.126805,0.038697,-0.035092,-0.013179,0.129227,-0.007200,0.022665,-0.036478,-0.022782,0.055910,-0.002510,-0.039301,-0.002464,0.298139,0.380407,0.000440,0.073093,-0.033070,0.058639,-0.044349,-0.053910,0.007648,-0.038050,0.063105,0.065182,-0.076998,-0.097987,-0.047685,-0.149308,0.463544,0.245722,-0.027837,0.104974,0.391948,0.000000,-0.230053,-0.200149,-0.152532,-0.108404,-0.235498,-0.194934,-0.065844,0.116783,0.190444,0.267122,0.046823,0.011418,0.087815,0.148325,-0.171602,-0.185669,-0.153755,0.066597,0.055042,0.059724,-0.024269,0.126345,0.155059,0.088380,-0.064433,-0.031516,-0.073655,-0.117905,0.220907,0.263596,0.619921,0.709545,0.378841,0.146032,0.183958,0.306049,-0.128832,-0.107904,-0.131073,0.124522,-0.063670,0.130511,0.114410,0.382741,0.126734,0.138190,0.041846,0.116936
0.486719,0.478027,0.313030,0.491299,0.054455,0.287716,0.311714,0.352800,0.020577,0.241057,0.295105,0.071665,0.468081,0.297774,0.512407,0.529557,0.340583,0.581607,0.753331,0.749806,0.353464,0.147915,0.432174,0.466150,0.160422,0.426834,0.308833,0.490986,0.461075,0.420188,0.627322,0.601282,0.904368,0.981434,0.569606,0.718097,0.242960,0.393261,0.616560,0.513056,-0.039297,-0.230053,0.000000,1.568129,0.773977,0.853089,1.530681,1.385579,0.600086,0.091225,0.188827,-0.073378,0.154242,0.472099,0.495039,0.496824,0.507577,0.382183,0.352255,0.135822,0.146494,-0.047314,0.328256,0.048987,0.054506,0.212488,0.604020,0.606188,0.379238,0.254302,-0.001314,0.006358,0.097710,0.104769,0.195724,0.258785,0.416959,0.302204,0.141679,0.691977,0.791731,0.504221,0.759502,0.589200,0.361305,-0.007446,0.338523,0.376238,0.362235,0.357809
0.494998,0.589660,0.135001,0.284941,-0.029832,0.190988,0.147751,0.249788,-0.023418,0.241547,0.201226,0.053199,0.344072,0.233585,0.390071,0.391117,0.437711,0.657746,0.688425,0.760072,0.291212,0.069385,0.276830,0.264363,0.063555,0.281656,0.295635,0.421480,0.405635,0.374582,0.492917,0.478248,0.797042,0.793262,0.379076,0.507334,0.283190,0.340278,0.553357,0.454011,-0.005804,-0.200149,1.568129,0.000000,0.694667,0.926825,1.576254,1.580896,0.658145,0.144929,0.130026,-0.053779,0.145372,0.399037,0.491739,0.501639,0.584622,0.522687,0.300795,0.189141,0.172546,-0.003160,0.348306,0.143920,-0.049270,0.059831,0.377615,0.459320,0.491211,0.312156,-0.053644,-0.057432,0.092560,0.117610,0.196825,0.237291,0.396061,0.370345,0.229586,0.781826,0.712803,0.466872,0.603930,0.618383,0.323749,-0.031544,0.341120,0.427318,0.324154,0.271499
0.230565,0.304173,0.380165,0.538373,0.086909,0.267042,0.268571,0.308349,-0.036815,0.221488,0.233635,-0.065910,0.274977,0.157661,0.434503,0.527814,0.338885,0.623880,0.464513,0.509216,0.242449,0.142912,0.374177,0.490498,0.289203,0.432506,0.321068,0.528604,0.388896,0.476685,0.479414,0.582826,0.749933,0.741188,0.727506,0.900004,0.260347,0.290628,0.507199,0.530040,0.219229,-0.152532,0.773977,0.694667,0.000000,1.097172,0.729118,0.817269,0.487747,-0.034532,0.065046,-0.228879,0.003663,0.210366,0.363854,0.352992,0.462662,0.339474,0.168834,-0.139890,0.008154,-0.123415,0.217249,-0.027227,0.233795,0.311395,0.661881,0.538792,0.470919,0.335116,-0.147392,-0.078554,0.105310,0.083982,0.072206,0.279642,0.217772,0.195304,0.503952,0.708097,0.778273,0.486246,0.671557,0.516965,0.527835,0.044735,0.215567,0.401003,0.278794,0.283572
0.178827,0.387605,0.307042,0.412029,0.074691,0.235089,0.120146,0.227083,0.047671,0.224149,0.136696,-0.056737,0.212953,0.232322,0.287955,0.399035,0.352666,0.553629,0.432811,0.496778,0.317849,0.163195,0.257019,0.410793,0.320285,0.493986,0.322818,0.509855,0.342126,0.370521,0.477084,0.499056,0.710048,0.777910,0.624996,0.794480,0.215552,0.374696,0.573619,0.599933,0.108123,-0.108404,0.853089,0.926825,1.097172,0.000000,0.869721,1.066949,0.564046,0.177221,0.135263,-0.096499,0.012581,0.191904,0.429921,0.435570,0.442357,0.407301,0.101752,0.054725,0.039713,-0.104043,0.278607,-0.009563,0.047438,0.233171,0.554516,0.743230,0.426985,0.357279,0.009508,0.047581,0.092486,0.134619,0.081781,0.144732,0.317456,0.311809,0.444100,0.627511,0.700251,0.534422,0.569245,0.527681,0.506323,0.177077,0.293702,0.369547,0.298245,0.245811
0.617040,0.670989,0.259115,0.437298,0.087398,0.306184,0.308375,0.400513,0.079833,0.295565,0.231407,0.147311,0.415132,0.312586,0.425312,0.473835,0.432875,0.740444,0.760253,0.878597,0.221656,0.024729,0.270783,0.298005,0.091115,0.341264,0.285196,0.505775,0.388320,0.397009,0.476225,0.468714,0.837453,0.769706,0.327102,0.517727,0.265304,0.295507,0.543395,0.489317,0.016995,-0.235498,1.530681,1.576254,0.729118,0.869721,0.000000,1.857006,0.877553,0.268797,0.268105,0.059447,0.360300,0.600297,0.656361,0.661556,0.685210,0.555991,0.539344,0.302766,0.280994,0.117926,0.420269,0.202890,-0.005048,0.134262,0.497647,0.539753,0.656657,0.429963,-0.079563,-0.102368,0.098143,0.140575,0.138520,0.298070,0.385143,0.357357,0.232716,0.838714,0.838064,0.545314,0.686778,0.648221,0.379157,0.015617,0.279239,0.421116,0.350175,0.384086
0.534939,0.639279,0.272800,0.439998,0.117853,0.270803,0.269993,0.371683,0.116074,0.309028,0.206573,0.118323,0.367785,0.287814,0.379602,0.433474,0.409336,0.719188,0.664946,0.800324,0.236567,0.044180,0.262136,0.307924,0.149515,0.360051,0.324809,0.514730,0.324117,0.348193,0.511944,0.501070,0.859851,0.813613,0.375086,0.581193,0.231593,0.314396,0.538367,0.525447,0.030743,-0.194934,1.385579,1.580896,0.817269,1.066949,1.857006,0.000000,0.761992,0.295612,0.206176,0.026603,0.284967,0.522989,0.654231,0.703299,0.666280,0.552138,0.437304,0.265827,0.232390,0.089623,0.400225,0.168498,0.023030,0.160423,0.520985,0.605434,0.657305,0.451572,-0.080137,-0.081535,0.114096,0.143337,0.131109,0.264286,0.365345,0.356265,0.301835,0.768513,0.808773,0.509395,0.662025,0.652835,0.407099,0.039443,0.288849,0.387007,0.358918,0.381820
