0.000000,1.810694,1.008271,0.813765,0.474657,0.138774,0.883187,0.890546,0.585680,0.574499,1.049597,1.172068,0.862651,0.867220,0.743329,0.663561,0.940067,1.051388,1.425141,1.475796,0.255076,0.374428,0.519191,0.374646,0.184088,0.114154,0.430340,0.330541,0.764857,0.629439,0.542006,0.552066,0.878430,1.020966,0.266695,0.241196,0.088826,0.183567,0.035008,0.122264,0.360827,-0.041176,0.780604,0.734548,0.577328,0.657481,0.777393,0.871670,0.706610,0.705612,0.624656,0.553943,0.982018,0.899000,0.860246,0.791721,1.778727,1.444645,0.849376,0.987948,0.949141,0.864111,1.010754,0.902497,0.283047,0.104551,0.714080,0.695217,1.019062,1.110354,-0.077198,-0.086120,0.770530,0.659010,0.866048,0.710245,0.818715,0.779262,0.302007,1.103092,0.847439,1.138118,0.936417,0.887371,0.899694,0.683958,0.711679,0.465959,0.740055,0.692230
1.810694,0.000000,1.049942,0.853605,0.458765,0.092277,0.982737,0.965220,0.701734,0.668500,1.155206,1.319686,0.931841,0.866369,0.749572,0.723382,1.015735,1.162152,1.543825,1.672846,0.282143,0.397196,0.535980,0.316542,0.168144,0.090083,0.403063,0.319676,0.854714,0.732933,0.598540,0.567769,0.982726,1.142607,0.259454,0.219421,0.040569,0.175951,0.000764,0.103366,0.392983,-0.066239,0.793093,0.727708,0.625591,0.702924,0.798957,0.903478,0.749369,0.771272,0.687352,0.572353,1.014500,0.988749,0.910625,0.800445,1.453816,1.620867,0.860751,1.124075,1.061650,1.014819,1.032363,1.066366,0.319568,0.094752,0.724046,0.701187,1.045241,1.152771,-0.109709,-0.126530,0.873913,0.774056,0.921805,0.760578,0.832336,0.780342,0.355934,1.329716,0.936867,1.268786,1.058793,0.992590,0.969310,0.683065,0.740316,0.438760,0.752989,0.681533
1.008271,1.049942,0.000000,1.141214,0.641299,0.225230,1.418325,1.245610,0.869752,0.914481,0.984070,0.929314,0.888148,0.762817,0.719898,0.596184,0.650003,0.780516,1.155518,1.134805,0.345691,0.435557,0.798118,0.460916,0.434722,0.353982,0.643577,0.530616,0.589849,0.545460,0.871483,0.815564,1.030260,1.185152,0.324169,0.305470,0.156021,0.285565,0.209577,0.278779,0.485256,0.109444,0.602140,0.521787,0.520193,0.592986,0.592580,0.731685,0.668375,0.715091,0.669499,0.544513,0.892756,0.862572,0.774782,0.780878,1.049223,1.120053,1.004973,1.149578,1.252525,1.105561,1.021254,1.065606,0.489363,0.208898,0.847125,0.833262,1.176149,1.229073,0.079204,-0.017857,0.774575,0.574682,0.687637,0.565176,0.811334,0.803757,0.210752,0.842507,0.572468,0.869622,0.788318,0.885721,0.926580,0.651367,0.733603,0.545381,0.917652,0.908825
0.813765,0.853605,1.141214,0.000000,0.514234,0.337897,0.866973,1.190395,0.605660,0.844389,0.645222,0.839411,0.577223,0.994880,0.557848,0.827539,0.489717,0.681135,0.989253,0.993565,0.241326,0.392792,0.832636,0.855257,0.471147,0.509261,0.519301,0.507345,0.450965,0.452676,0.740563,0.710346,0.831184,0.988965,0.568379,0.564541,0.170847,0.098039,0.185558,0.252503,0.326071,0.116218,0.486911,0.410600,0.437732,0.462823,0.474128,0.657693,0.467527,0.499648,0.515677,0.488661,0.630357,0.668548,0.658693,0.635369,0.784217,0.814910,0.636774,0.892217,0.725600,0.939587,0.740748,0.775023,0.568119,0.528401,0.773347,0.893474,0.875315,0.879650,-0.030298,-0.133178,0.663530,0.487062,0.620120,0.480379,0.629946,0.572176,0.233175,0.832864,0.583357,0.856708,0.646550,0.827596,0.757882,0.956540,0.881937,0.657068,0.602172,0.860416
0.474657,0.458765,0.641299,0.514234,0.000000,0.246251,0.570855,0.486473,0.823361,0.652223,0.666411,0.397025,0.691696,0.559016,0.575852,0.476451,0.239511,0.386564,0.440886,0.360534,0.205554,0.239827,0.333127,0.231338,0.667980,0.512806,0.744139,0.471910,0.371504,0.174150,0.475228,0.281635,0.470572,0.628547,0.377473,0.344924,0.268417,0.271932,0.179716,0.173352,0.166106,0.186647,0.346829,0.379552,0.375032,0.371127,0.335313,0.399002,0.356498,0.477127,0.351064,0.416361,0.499411,0.476712,0.262021,0.379917,0.472138,0.498990,0.715427,0.584639,0.656819,0.648353,0.334224,0.330081,0.386669,0.322080,0.467603,0.524982,0.601956,0.531460,0.126274,-0.194056,0.482508,0.305282,0.384944,0.384657,0.319839,0.269598,0.201193,0.478545,0.209990,0.313882,0.392810,0.309947,0.346696,0.361350,0.364435,0.184939,0.525492,0.446221
0.138774,0.092277,0.225230,0.337897,0.246251,0.000000,0.216439,0.439571,0.093471,0.547228,0.082965,0.189705,0.223765,0.440576,0.288094,0.341226,0.027553,0.025985,0.068057,0.152754,0.113557,0.055294,0.478238,0.707384,0.510227,0.613409,0.416852,0.278446,-0.059973,0.025053,0.311329,0.398163,0.350649,0.288976,0.606815,0.541927,0.014942,0.229846,-0.021140,0.290555,-0.114612,0.065765,0.172731,0.108047,0.209381,0.176602,0.099938,0.280384,0.217793,0.199336,0.294306,0.327846,0.151349,0.185291,0.268769,0.176538,0.081419,-0.008401,0.215329,0.236205,0.185651,0.235262,0.070075,0.083201,0.563453,0.744547,0.486930,0.461022,0.166458,0.211289,0.322251,0.124081,0.255054,0.182165,0.153465,0.052362,0.264172,0.232035,-0.154748,0.120518,0.082728,0.185826,-0.061487,-0.015698,0.282390,0.505313,0.217599,0.159939,0.174852,0.534854
0.883187,0.982737,1.418325,0.866973,0.570855,0.216439,0.000000,1.326456,0.941549,1.016874,1.104076,0.943929,1.206871,0.844222,0.723738,0.585195,0.601953,0.757110,1.028668,0.999166,0.307306,0.486140,0.787646,0.381181,0.328096,0.247299,0.505671,0.462448,0.646459,0.522161,0.945278,0.831028,0.988154,1.236477,0.186025,0.218088,0.203835,0.253371,0.179374,0.280465,0.445070,0.157433,0.620752,0.567660,0.563292,0.610151,0.571379,0.688262,0.760626,0.821806,0.678634,0.546953,0.889043,0.788689,0.739836,0.815758,0.795005,0.930857,1.076489,1.294596,1.315128,1.207033,1.026019,1.141259,0.428084,0.136014,0.888143,0.871686,1.029132,1.063101,0.165584,0.045570,0.847436,0.650952,0.783753,0.653841,0.936594,0.939506,0.196498,0.716881,0.509531,0.696677,0.762708,0.757199,0.995300,0.652278,0.635327,0.429577,0.870011,0.907036
0.890546,0.965220,1.245610,1.190395,0.486473,0.439571,1.326456,0.000000,0.795192,1.189060,0.943891,1.124117,0.941662,1.122913,0.715527,0.728107,0.542718,0.718258,0.956911,1.056394,0.344530,0.478442,0.939462,0.732473,0.450838,0.401813,0.458460,0.409840,0.557486,0.547454,0.923575,0.921707,1.055669,1.153358,0.434140,0.404577,0.154205,0.265959,0.146724,0.301191,0.414025,0.144500,0.655758,0.550162,0.575018,0.617195,0.577891,0.724514,0.669234,0.778768,0.728530,0.649419,0.850637,0.863442,0.802684,0.791457,0.760160,0.808830,0.849230,1.188172,1.067246,1.288293,0.765453,0.948597,0.569771,0.467265,0.877113,0.952911,0.854945,0.948771,0.162367,0.056715,0.801761,0.685934,0.831414,0.706270,0.882006,0.859915,0.219088,0.847568,0.591449,0.845718,0.709395,0.723860,0.947942,0.868295,0.734898,0.463540,0.777961,1.083624
0.585680,0.701734,0.869752,0.605660,0.823361,0.093471,0.941549,0.795192,0.000000,0.903711,1.069825,0.739954,1.065115,0.650554,0.714575,0.608272,0.419316,0.614982,0.672860,0.662876,0.295756,0.443401,0.455607,0.223183,0.312181,0.213692,0.437783,0.400326,0.659377,0.502831,0.647959,0.514825,0.733950,0.786071,0.151747,0.153659,0.223643,0.333986,0.129754,0.168432,0.357435,0.056685,0.516420,0.516953,0.464506,0.453704,0.454658,0.517788,0.506486,0.580071,0.465486,0.372579,0.594109,0.665355,0.499340,0.469894,0.565937,0.707265,0.951541,0.891613,1.232311,1.002923,0.603742,0.774533,0.368791,0.101801,0.573612,0.556762,0.798686,0.810555,0.062210,0.059850,0.632322,0.508847,0.548111,0.547867,0.588433,0.638543,0.320903,0.628972,0.444449,0.540066,0.755822,0.596694,0.575687,0.343725,0.416929,0.224106,0.661691,0.504514
0.574499,0.668500,0.914481,0.844389,0.652223,0.547228,1.016874,1.189060,0.903711,0.000000,0.772219,0.772625,0.856589,0.872304,0.718378,0.814777,0.404584,0.555436,0.676814,0.697504,0.228541,0.356742,0.734504,0.565782,0.437054,0.382075,0.589132,0.429054,0.493869,0.431620,0.777939,0.670910,0.872973,0.904781,0.409806,0.367506,0.147404,0.205965,0.054866,0.279146,0.249571,0.149831,0.485934,0.436726,0.452996,0.429604,0.390709,0.579125,0.462437,0.530534,0.499425,0.412041,0.553662,0.584925,0.575203,0.464199,0.482839,0.570422,0.678082,0.927944,0.969647,1.222783,0.577617,0.791479,0.661704,0.448176,0.715778,0.720743,0.695927,0.728500,0.174463,0.016771,0.728295,0.583242,0.630700,0.536200,0.644310,0.664809,0.180897,0.653445,0.435629,0.583010,0.544652,0.576431,0.778027,0.635670,0.571682,0.307621,0.556468,0.766669
1.049597,1.155206,0.984070,0.645222,0.666411,0.082965,1.104076,0.943891,1.069825,0.772219,0.000000,1.231871,1.531338,0.846917,0.885914,0.671803,0.741640,0.762984,1.038643,1.048524,0.311678,0.470548,0.486062,0.253614,0.215365,0.106774,0.433353,0.336349,0.952814,0.638164,0.686360,0.615241,0.832722,1.007362,0.098369,0.078157,0.117100,0.224686,0.025035,0.106803,0.358398,0.020305,0.657079,0.626081,0.503774,0.558852,0.625201,0.664544,0.648687,0.743967,0.543785,0.473167,0.913430,0.818646,0.656862,0.645623,0.906759,1.051810,1.108758,1.081900,1.456153,1.018974,0.920468,0.985103,0.209246,-0.008012,0.573248,0.563147,0.888539,0.988139,0.019084,-0.008869,0.825796,0.670578,0.810215,0.797070,0.793056,0.745967,0.367902,0.873794,0.638331,0.790585,0.980237,0.796960,0.790971,0.447181,0.487580,0.244564,0.839328,0.591856
1.172068,1.319686,0.929314,0.839411,0.397025,0.189705,0.943929,1.124117,0.739954,0.772625,1.231871,0.000000,1.070373,1.098868,0.806117,0.841999,0.745517,0.834542,1.119779,1.273264,0.326948,0.429297,0.526485,0.409862,0.172518,0.088141,0.332205,0.290480,0.817451,0.736987,0.619479,0.589983,0.803770,0.909273,0.164834,0.090657,0.078366,0.222518,-0.017409,0.153295,0.415744,-0.029909,0.702321,0.635719,0.490299,0.574380,0.647677,0.761686,0.654904,0.734791,0.624232,0.546005,0.878735,0.849982,0.755625,0.641973,0.979008,1.064659,0.821586,1.115050,1.013432,1.014617,0.843742,1.040794,0.237170,0.130287,0.530292,0.524417,0.751808,0.888553,-0.004743,0.026499,0.863143,0.810432,0.829780,0.770647,0.850336,0.768066,0.275567,0.947397,0.760032,0.952464,0.875438,0.836226,0.798148,0.677225,0.577455,0.343325,0.657976,0.672620
0.862651,0.931841,0.888148,0.577223,0.691696,0.223765,1.206871,0.941662,1.065115,0.856589,1.531338,1.070373,0.000000,0.943127,0.963953,0.709022,0.609923,0.654649,0.828837,0.851930,0.292167,0.451507,0.516373,0.271279,0.281382,0.154675,0.457372,0.339428,0.817089,0.564603,0.707684,0.667148,0.782628,0.930114,0.075629,0.061561,0.127714,0.266100,0.027257,0.212734,0.315366,0.072544,0.686839,0.666535,0.523187,0.562552,0.578644,0.731229,0.683292,0.730863,0.584881,0.492561,0.793450,0.738339,0.619945,0.621937,0.702202,0.795153,1.033953,0.989667,1.257752,0.904021,0.799091,0.846452,0.254158,0.023599,0.638531,0.579462,0.798206,0.853036,0.144099,0.035571,0.822101,0.669349,0.722836,0.711361,0.825262,0.778468,0.223464,0.698238,0.493734,0.641720,0.777640,0.627535,0.749054,0.488680,0.453133,0.219703,0.673094,0.574009
0.867220,0.866369,0.762817,0.994880,0.559016,0.440576,0.844222,1.122913,0.650554,0.872304,0.846917,1.098868,0.943127,0.000000,0.874437,1.156965,0.416912,0.627581,0.830437,0.878424,0.198648,0.404715,0.781380,0.779993,0.457865,0.406285,0.427973,0.335419,0.526402,0.494851,0.665658,0.642533,0.821041,0.979502,0.514712,0.491811,0.239195,0.155831,0.147857,0.296497,0.314811,0.157445,0.668892,0.614278,0.608416,0.630622,0.585107,0.737014,0.609343,0.677690,0.664735,0.703690,0.729968,0.745601,0.737306,0.729150,0.668084,0.630350,0.672534,0.812734,0.758173,0.856454,0.612779,0.647230,0.512766,0.536627,0.751726,0.799941,0.699555,0.713176,0.063890,-0.067751,0.707906,0.572347,0.739437,0.538793,0.669040,0.601151,0.250784,0.838959,0.537928,0.759578,0.648943,0.611755,0.771057,1.153656,0.788159,0.511527,0.589711,0.870720
0.743329,0.749572,0.719898,0.557848,0.575852,0.288094,0.723738,0.715527,0.714575,0.718378,0.885914,0.806117,0.963953,0.874437,0.000000,0.832405,0.540460,0.557962,0.683902,0.722520,0.316932,0.378874,0.613784,0.459832,0.400337,0.226774,0.538275,0.310670,0.757578,0.657588,0.759203,0.811642,0.792197,0.841461,0.279607,0.180493,-0.036046,0.311603,0.023461,0.292055,0.402367,0.055952,0.542493,0.518316,0.449930,0.471971,0.447661,0.658869,0.460860,0.484720,0.539820,0.499837,0.582735,0.658408,0.553876,0.492511,0.639591,0.635452,0.634354,0.605401,0.854749,0.656129,0.670324,0.641059,0.420062,0.205057,0.529580,0.467699,0.545237,0.621624,0.203630,0.170999,0.716750,0.580254,0.583976,0.447372,0.553156,0.534912,0.263572,0.743097,0.548865,0.681893,0.893751,0.684834,0.833876,0.534480,0.599181,0.244098,0.509635,0.551603
0.663561,0.723382,0.596184,0.827539,0.476451,0.341226,0.585195,0.728107,0.608272,0.814777,0.671803,0.841999,0.709022,1.156965,0.832405,0.000000,0.479592,0.642997,0.700300,0.762374,-0.015393,0.225482,0.543822,0.662971,0.316582,0.282809,0.349872,0.186758,0.631274,0.609050,0.568780,0.578944,0.723837,0.765117,0.473668,0.425737,0.091085,0.094941,-0.046050,0.137169,0.210376,0.034920,0.453772,0.408373,0.419099,0.404963,0.394418,0.570514,0.347297,0.359522,0.409421,0.408798,0.438942,0.535541,0.579328,0.436673,0.536233,0.533286,0.420074,0.525855,0.620392,0.683670,0.534523,0.571300,0.496800,0.413695,0.478939,0.489778,0.496880,0.513114,0.020094,-0.046805,0.583341,0.575535,0.561130,0.423440,0.445672,0.416274,0.383473,0.786110,0.630612,0.720666,0.706970,0.749492,0.647479,0.759747,0.648612,0.321576,0.361631,0.520840
0.940067,1.015735,0.650003,0.489717,0.239511,0.027553,0.601953,0.542718,0.419316,0.404584,0.741640,0.745517,0.609923,0.416912,0.540460,0.479592,0.000000,0.758093,0.807293,0.881031,0.075050,0.103256,0.258405,0.113407,-0.063953,-0.127272,0.177528,0.049113,1.013256,0.753372,0.391422,0.437444,0.541833,0.603679,0.036410,0.015596,-0.245113,0.097674,-0.178275,-0.143513,0.234578,-0.215332,0.305045,0.292566,0.221874,0.267853,0.337267,0.410493,0.341445,0.364925,0.268132,0.220125,0.533400,0.566883,0.421519,0.408876,0.968066,1.005978,0.462074,0.638598,0.659835,0.659593,0.956354,0.850218,0.127064,-0.103760,0.304248,0.318011,0.594476,0.667215,-0.090346,-0.066248,0.547190,0.548903,0.513014,0.494111,0.439977,0.398378,0.556323,0.794165,1.066151,1.007476,0.813463,0.882807,0.776045,0.348450,0.420468,0.272278,0.465020,0.354286
1.051388,1.162152,0.780516,0.681135,0.386564,0.025985,0.757110,0.718258,0.614982,0.555436,0.762984,0.834542,0.654649,0.627581,0.557962,0.642997,0.758093,0.000000,1.081756,1.076014,0.158995,0.312911,0.451033,0.257225,0.181543,0.095298,0.371833,0.350200,0.766050,0.748540,0.542301,0.485886,0.821823,0.952055,0.219452,0.230701,0.103906,0.206973,0.155236,0.103219,0.427053,0.102331,0.727211,0.727083,0.645081,0.630381,0.683914,0.714355,0.606993,0.575276,0.558604,0.478411,0.773981,0.722742,0.687440,0.790441,1.011668,1.047820,0.690981,0.826747,0.777663,0.786902,0.886530,0.860447,0.324995,0.117338,0.634340,0.609883,0.843515,0.900037,-0.179016,-0.089633,0.740736,0.733246,0.858742,0.587268,0.524761,0.542579,0.455780,1.056942,0.842565,0.935799,0.908038,0.972168,0.771095,0.564369,0.661197,0.442209,0.690908,0.600982
1.425141,1.543825,1.155518,0.989253,0.440886,0.068057,1.028668,0.956911,0.672860,0.676814,1.038643,1.119779,0.828837,0.830437,0.683902,0.700300,0.807293,1.081756,0.000000,2.069723,0.316695,0.486570,0.605300,0.372036,0.123584,0.119762,0.528993,0.495935,0.747996,0.634050,0.614002,0.592139,0.969544,1.183179,0.232597,0.258915,0.050548,0.137066,0.052338,0.153192,0.423379,0.014891,0.714465,0.626309,0.549719,0.607919,0.755177,0.858963,0.663174,0.643097,0.578523,0.467885,0.934141,0.850420,0.822047,0.759634,1.256932,1.418881,0.820105,1.089169,0.986546,0.937096,1.206835,1.100785,0.271334,0.058810,0.749681,0.731458,1.285287,1.360371,-0.142518,-0.127883,0.859114,0.714838,0.898830,0.729921,0.808297,0.801911,0.272023,1.151001,0.857053,1.112164,1.099907,1.180628,0.941794,0.673583,0.751931,0.494617,0.741884,0.657562
1.475796,1.672846,1.134805,0.993565,0.360534,0.152754,0.999166,1.056394,0.662876,0.697504,1.048524,1.273264,0.851930,0.878424,0.722520,0.762374,0.881031,1.076014,2.069723,0.000000,0.300682,0.463086,0.651922,0.454641,0.133642,0.111944,0.445680,0.393744,0.785391,0.726525,0.632669,0.663954,1.060383,1.162528,0.265563,0.260791,0.020807,0.169265,0.036870,0.146102,0.425531,-0.044801,0.726400,0.609214,0.537186,0.598447,0.738006,0.853992,0.645925,0.626911,0.608565,0.479833,0.904814,0.878918,0.878529,0.767799,1.272354,1.375914,0.787598,1.064284,1.013192,0.934638,1.144260,1.122004,0.305169,0.097321,0.756835,0.733163,1.181279,1.353795,-0.103329,-0.060138,0.862676,0.758050,0.921885,0.748473,0.868595,0.829678,0.289739,1.222210,0.939616,1.277364,1.090162,1.225088,0.979763,0.713694,0.767093,0.512128,0.715169,0.690100
0.255076,0.282143,0.345691,0.241326,0.205554,0.113557,0.307306,0.344530,0.295756,0.228541,0.311678,0.326948,0.292167,0.198648,0.316932,-0.015393,0.075050,0.158995,0.316695,0.300682,0.000000,0.758805,0.163752,-0.003028,0.197311,0.140323,0.501936,0.516830,0.153076,0.205458,0.457148,0.380301,0.300111,0.336614,-0.037877,-0.069701,0.050502,0.326623,0.094108,0.348500,0.342461,0.072920,0.261187,0.230106,0.135729,0.177805,0.240887,0.317888,0.250775,0.244340,0.271119,0.152549,0.265089,0.254498,0.319440,0.167132,0.305259,0.370774,0.377862,0.405343,0.323296,0.272555,0.213487,0.320996,-0.050845,-0.025237,0.316242,0.266395,0.407442,0.390690,0.335995,0.323890,0.461129,0.272176,0.171734,0.225694,0.409640,0.348811,-0.222657,0.199785,0.119900,0.236486,0.292617,0.189393,0.208615,0.129083,0.154902,0.074281,0.292578,0.231621
0.374428,0.397196,0.435557,0.392792,0.239827,0.055294,0.486140,0.478442,0.443401,0.356742,0.470548,0.429297,0.451507,0.404715,0.378874,0.225482,0.103256,0.312911,0.486570,0.463086,0.758805,0.000000,0.325521,0.177940,0.259085,0.256281,0.551310,0.662345,0.261078,0.292027,0.548482,0.519587,0.457596,0.499350,0.036894,0.089701,0.191584,0.268033,0.152154,0.357023,0.300264,0.054936,0.340418,0.288441,0.219191,0.234008,0.289179,0.380995,0.288782,0.283107,0.314864,0.198403,0.332874,0.292174,0.426216,0.361599,0.354801,0.402795,0.459130,0.458604,0.451926,0.358695,0.326236,0.393840,0.107020,0.062282,0.496950,0.444111,0.553842,0.541033,0.344416,0.384729,0.449809,0.374025,0.317460,0.426892,0.568937,0.591068,-0.100443,0.331818,0.174978,0.313376,0.454828,0.319996,0.341917,0.268811,0.313071,0.173751,0.435042,0.339337
0.519191,0.535980,0.798118,0.832636,0.333127,0.478238,0.787646,0.939462,0.455607,0.734504,0.486062,0.526485,0.516373,0.781380,0.613784,0.543822,0.258405,0.451033,0.605300,0.651922,0.163752,0.325521,0.000000,1.135350,0.644735,0.563457,0.450625,0.370476,0.244690,0.235639,0.823779,0.969300,0.805786,0.814597,0.602012,0.559377,0.266548,0.108966,0.415941,0.460261,0.350948,0.186610,0.469885,0.426253,0.463913,0.456833,0.447202,0.515766,0.424017,0.484914,0.596438,0.598460,0.589541,0.562576,0.587992,0.716505,0.411201,0.380391,0.442961,0.545392,0.533931,0.568133,0.444567,0.461064,0.715077,0.543609,0.753614,0.794034,0.577005,0.585508,0.186955,0.089077,0.553364,0.337580,0.595692,0.275185,0.578366,0.549261,0.077556,0.508785,0.230001,0.484704,0.441765,0.478078,0.641834,0.853805,0.759748,0.562537,0.592795,0.909583
0.374646,0.316542,0.460916,0.855257,0.231338,0.707384,0.381181,0.732473,0.223183,0.565782,0.253614,0.409862,0.271279,0.779993,0.459832,0.662971,0.113407,0.257225,0.372036,0.454641,-0.003028,0.177940,1.135350,0.000000,0.595076,0.657585,0.317455,0.249529,0.093664,0.129450,0.546054,0.732281,0.536477,0.513330,0.753493,0.721163,0.193032,0.020637,0.219697,0.284395,0.149484,0.116571,0.271993,0.216397,0.276270,0.253489,0.221298,0.322384,0.199521,0.238713,0.365946,0.443023,0.314390,0.329079,0.370118,0.420256,0.274038,0.179756,0.213950,0.302677,0.272357,0.369840,0.225884,0.220211,0.647939,0.841531,0.497377,0.580124,0.280996,0.329813,0.168009,0.068281,0.328487,0.245865,0.396932,0.193543,0.379047,0.340874,0.075282,0.376435,0.213212,0.382338,0.238133,0.332239,0.410852,0.815655,0.623827,0.467399,0.313309,0.705607
0.184088,0.168144,0.434722,0.471147,0.667980,0.510227,0.328096,0.450838,0.312181,0.437054,0.215365,0.172518,0.281382,0.457865,0.400337,0.316582,-0.063953,0.181543,0.123584,0.133642,0.197311,0.259085,0.644735,0.595076,0.000000,1.353009,0.609394,0.418081,0.065106,0.084433,0.612887,0.516875,0.487578,0.487206,0.755109,0.533879,0.361156,0.276318,0.433994,0.606674,0.146346,0.360563,0.279315,0.244865,0.361099,0.341121,0.224492,0.358307,0.285809,0.348194,0.499013,0.571011,0.278105,0.310942,0.324563,0.440595,0.170336,0.116536,0.374001,0.248797,0.261211,0.263221,0.032339,0.037383,0.730113,0.822287,0.563598,0.596435,0.301116,0.235555,0.330006,0.080103,0.320471,0.153833,0.213069,0.090778,0.278396,0.168125,0.002723,0.284825,-0.038329,0.176981,0.100636,0.061268,0.233682,0.496746,0.444312,0.298262,0.343951,0.628476
0.114154,0.090083,0.353982,0.509261,0.512806,0.613409,0.247299,0.401813,0.213692,0.382075,0.106774,0.088141,0.154675,0.406285,0.226774,0.282809,-0.127272,0.095298,0.119762,0.111944,0.140323,0.256281,0.563457,0.657585,1.353009,0.000000,0.574369,0.490149,-0.073323,-0.064665,0.491252,0.467794,0.421590,0.426619,0.747661,0.604566,0.299092,0.131266,0.312494,0.515941,-0.006852,0.343715,0.164360,0.143185,0.275505,0.245303,0.157247,0.300287,0.220419,0.243242,0.389514,0.466349,0.178651,0.199981,0.266142,0.337474,0.114637,0.059542,0.287471,0.181836,0.176301,0.205924,0.021310,0.021971,0.675741,0.854027,0.536079,0.576686,0.284040,0.213856,0.294896,-0.007812,0.237604,0.089386,0.128312,0.059975,0.271294,0.173160,-0.042391,0.202991,-0.062697,0.116511,0.014315,-0.002519,0.159372,0.474915,0.314896,0.266837,0.233756,0.570477
0.430340,0.403063,0.643577,0.519301,0.744139,0.416852,0.505671,0.458460,0.437783,0.589132,0.433353,0.332205,0.457372,0.427973,0.538275,0.349872,0.177528,0.371833,0.528993,0.445680,0.501936,0.551310,0.450625,0.317455,0.609394,0.574369,0.000000,1.039904,0.293529,0.215781,0.554565,0.464936,0.568456,0.623757,0.341955,0.315953,0.074592,0.262922,0.184301,0.341916,0.148744,0.168329,0.339641,0.297479,0.320029,0.296829,0.315226,0.458765,0.351202,0.335312,0.390785,0.314425,0.409183,0.364484,0.376773,0.350668,0.482815,0.472413,0.549545,0.491812,0.537666,0.437192,0.415411,0.384633,0.385489,0.269806,0.632936,0.564189,0.705234,0.668972,0.164687,-0.022311,0.577819,0.347653,0.273876,0.289703,0.411590,0.418456,-0.008211,0.417954,0.237130,0.347515,0.403724,0.384427,0.429628,0.344206,0.413603,0.244019,0.465611,0.487004
0.330541,0.319676,0.530616,0.507345,0.471910,0.278446,0.462448,0.409840,0.400326,0.429054,0.336349,0.290480,0.339428,0.335419,0.310670,0.186758,0.049113,0.350200,0.495935,0.393744,0.516830,0.662345,0.370476,0.249529,0.418081,0.490149,1.039904,0.000000,0.142554,0.058401,0.416459,0.364694,0.394918,0.482599,0.219032,0.255205,0.125024,0.189152,0.185650,0.335045,0.098971,0.222433,0.282681,0.291395,0.280128,0.259605,0.288477,0.410712,0.334232,0.286785,0.334141,0.258152,0.387098,0.323483,0.336478,0.303299,0.351043,0.405893,0.490965,0.455733,0.409664,0.353712,0.390004,0.337596,0.277112,0.192009,0.558973,0.500470,0.647591,0.578851,0.092653,0.075623,0.463782,0.234997,0.256407,0.271834,0.359897,0.445200,-0.094606,0.270384,0.147427,0.247392,0.348180,0.263488,0.327278,0.295158,0.325201,0.175210,0.401406,0.394092
0.764857,0.854714,0.589849,0.450965,0.371504,-0.059973,0.646459,0.557486,0.659377,0.493869,0.952814,0.817451,0.817089,0.526402,0.757578,0.631274,1.013256,0.766050,0.747996,0.785391,0.153076,0.261078,0.244690,0.093664,0.065106,-0.073323,0.293529,0.142554,0.000000,1.052197,0.549503,0.467388,0.681956,0.735153,0.056443,0.001610,-0.112825,0.262757,-0.065504,-0.039519,0.273389,-0.094451,0.463997,0.427563,0.380938,0.394752,0.427516,0.515177,0.444420,0.473539,0.356667,0.279761,0.538034,0.603766,0.474246,0.435285,0.733917,0.848001,0.647796,0.652757,0.854975,0.706222,0.859069,0.880485,0.132385,-0.098573,0.370169,0.385172,0.614036,0.677724,-0.035740,0.089479,0.680905,0.650985,0.574890,0.550367,0.480123,0.462039,0.721992,0.831044,0.961503,0.802153,1.196030,1.006806,0.714010,0.229875,0.398668,0.143385,0.471214,0.311240
0.629439,0.732933,0.545460,0.452676,0.174150,0.025053,0.522161,0.547454,0.502831,0.431620,0.638164,0.736987,0.564603,0.494851,0.657588,0.609050,0.753372,0.748540,0.634050,0.726525,0.205458,0.292027,0.235639,0.129450,0.084433,-0.064665,0.215781,0.058401,1.052197,0.000000,0.560058,0.508648,0.758546,0.707936,0.091747,0.057655,-0.108653,0.418334,0.030233,0.085799,0.477955,-0.025410,0.429115,0.326760,0.319742,0.334877,0.381485,0.475485,0.395132,0.376817,0.385700,0.252591,0.436819,0.569663,0.503947,0.412785,0.688302,0.767616,0.504741,0.554847,0.696937,0.609581,0.801023,0.898009,0.143246,-0.015835,0.364981,0.355685,0.528541,0.618185,-0.074224,0.191512,0.595703,0.764379,0.517708,0.518860,0.396762,0.383159,0.473293,0.818137,1.007008,0.948209,0.913340,1.087567,0.740796,0.326830,0.506839,0.288055,0.440927,0.376536
0.542006,0.598540,0.871483,0.740563,0.475228,0.311329,0.945278,0.923575,0.647959,0.777939,0.686360,0.619479,0.707684,0.665658,0.759203,0.568780,0.391422,0.542301,0.614002,0.632669,0.457148,0.548482,0.823779,0.546054,0.612887,0.491252,0.554565,0.416459,0.549503,0.560058,0.000000,1.348949,0.955557,1.051893,0.316353,0.301350,0.105683,0.306323,0.199525,0.404232,0.459347,0.207143,0.443503,0.368882,0.422076,0.417505,0.371062,0.518947,0.443407,0.487593,0.528937,0.460580,0.536566,0.541022,0.510321,0.499822,0.513343,0.570531,0.627094,0.676940,0.780524,0.747530,0.562285,0.706534,0.410204,0.270622,0.651771,0.654148,0.625137,0.616151,0.437202,0.322409,0.718702,0.530463,0.569251,0.360359,0.615088,0.553203,0.131538,0.603469,0.402543,0.570721,0.593476,0.662402,0.688072,0.531426,0.549025,0.334268,0.552347,0.649386
0.552066,0.567769,0.815564,0.710346,0.281635,0.398163,0.831028,0.921707,0.514825,0.670910,0.615241,0.589983,0.667148,0.642533,0.811642,0.578944,0.437444,0.485886,0.592139,0.663954,0.380301,0.519587,0.969300,0.732281,0.516875,0.467794,0.464936,0.364694,0.467388,0.508648,1.348949,0.000000,0.874513,0.869035,0.283299,0.276076,-0.003944,0.273651,0.103785,0.428387,0.385859,0.091893,0.363311,0.313052,0.292111,0.308869,0.323461,0.499901,0.354816,0.357095,0.493879,0.406444,0.483457,0.526121,0.552886,0.503997,0.504674,0.514528,0.499403,0.527993,0.658001,0.544337,0.572552,0.622814,0.415347,0.260124,0.570261,0.542371,0.526485,0.567008,0.454861,0.411119,0.661455,0.528312,0.557585,0.350422,0.682122,0.626790,0.081647,0.552423,0.410541,0.593597,0.581122,0.614149,0.697279,0.543823,0.519706,0.312769,0.500639,0.649328
0.878430,0.982726,1.030260,0.831184,0.470572,0.350649,0.988154,1.055669,0.733950,0.872973,0.832722,0.803770,0.782628,0.821041,0.792197,0.723837,0.541833,0.821823,0.969544,1.060383,0.300111,0.457596,0.805786,0.536477,0.487578,0.421590,0.568456,0.394918,0.681956,0.758546,0.955557,0.874513,0.000000,1.702558,0.536565,0.467128,0.098066,0.336338,0.214641,0.348349,0.456627,0.108559,0.708387,0.551125,0.707193,0.711371,0.650529,0.828557,0.720265,0.702791,0.780089,0.617943,0.710649,0.786644,0.918604,0.811577,0.804754,0.852753,0.796519,0.829105,1.058276,0.943826,0.789996,0.946144,0.594109,0.360567,1.025673,0.993504,0.932830,0.993108,0.121315,0.052328,0.848022,0.822851,0.803358,0.635540,0.796313,0.742251,0.218981,1.043669,0.700810,0.950215,0.882066,0.897707,0.959573,0.678253,0.833320,0.502900,0.694773,0.819430
1.020966,1.142607,1.185152,0.988965,0.628547,0.288976,1.236477,1.153358,0.786071,0.904781,1.007362,0.909273,0.930114,0.979502,0.841461,0.765117,0.603679,0.952055,1.183179,1.162528,0.336614,0.499350,0.814597,0.513330,0.487206,0.426619,0.623757,0.482599,0.735153,0.707936,1.051893,0.869035,1.702558,0.000000,0.445296,0.457686,0.146615,0.286492,0.217855,0.314718,0.477288,0.193869,0.743332,0.636772,0.737505,0.763454,0.699176,0.833969,0.802268,0.815673,0.789594,0.663951,0.868400,0.853054,0.858274,0.893682,0.936209,1.038375,0.969052,1.052985,1.151798,1.078542,0.970300,1.069048,0.511980,0.309409,1.041351,1.064868,1.114870,1.126111,0.130215,-0.014660,0.967648,0.784944,0.929974,0.683835,0.845144,0.772368,0.279333,1.106005,0.692674,0.934856,0.934634,0.949569,0.996979,0.768754,0.862658,0.518403,0.833966,0.905891
0.266695,0.259454,0.324169,0.568379,0.377473,0.606815,0.186025,0.434140,0.151747,0.409806,0.098369,0.164834,0.075629,0.514712,0.279607,0.473668,0.036410,0.219452,0.232597,0.265563,-0.037877,0.036894,0.602012,0.753493,0.755109,0.747661,0.341955,0.219032,0.056443,0.091747,0.316353,0.283299,0.536565,0.445296,0.000000,1.269451,0.176172,0.166781,0.245669,0.330475,0.013241,0.118818,0.297880,0.199587,0.436297,0.399005,0.305684,0.419502,0.220467,0.272164,0.395370,0.533161,0.230736,0.334055,0.448920,0.416764,0.205264,0.113823,0.185831,0.188986,0.197095,0.310464,0.044052,0.035881,0.993778,1.244268,0.624698,0.735695,0.253919,0.225051,-0.016443,-0.118687,0.215660,0.169118,0.304478,0.103534,0.184446,0.179686,0.131305,0.388111,0.181318,0.370521,0.175664,0.184310,0.366051,0.732622,0.604299,0.389104,0.252760,0.600149
0.241196,0.219421,0.305470,0.564541,0.344924,0.541927,0.218088,0.404577,0.153659,0.367506,0.078157,0.090657,0.061561,0.491811,0.180493,0.425737,0.015596,0.230701,0.258915,0.260791,-0.069701,0.089701,0.559377,0.721163,0.533879,0.604566,0.315953,0.255205,0.001610,0.057655,0.301350,0.276076,0.467128,0.457686,1.269451,0.000000,0.111921,0.146551,0.227907,0.248248,0.040543,0.163454,0.222976,0.146012,0.398288,0.360645,0.262901,0.334101,0.214969,0.251536,0.316948,0.445866,0.265372,0.344017,0.411613,0.415883,0.210907,0.122525,0.212229,0.207356,0.203538,0.298191,0.105844,0.071525,0.738203,0.940305,0.614638,0.755966,0.314823,0.273831,-0.037522,-0.121014,0.198039,0.152043,0.304431,0.082083,0.178775,0.215726,0.113967,0.362082,0.177630,0.354286,0.137963,0.188643,0.342420,0.713295,0.563187,0.397818,0.293217,0.578155
0.088826,0.040569,0.156021,0.170847,0.268417,0.014942,0.203835,0.154205,0.223643,0.147404,0.117100,0.078366,0.127714,0.239195,-0.036046,0.091085,-0.245113,0.103906,0.050548,0.020807,0.050502,0.191584,0.266548,0.193032,0.361156,0.299092,0.074592,0.125024,-0.112825,-0.108653,0.105683,-0.003944,0.098066,0.146615,0.176172,0.111921,0.000000,0.060255,0.739134,0.371267,0.163245,0.381005,0.280923,0.361400,0.308393,0.310103,0.253552,0.095658,0.278740,0.299121,0.260556,0.301965,0.251417,0.119725,0.154049,0.358013,0.050745,0.017952,0.309445,0.230626,0.096200,0.120492,-0.019987,-0.022545,0.212990,0.222115,0.314355,0.331802,0.223869,0.146830,0.001955,-0.102381,0.065594,0.012656,0.117384,0.085768,0.158150,0.097131,-0.002602,-0.018973,-0.241966,-0.107762,-0.014444,-0.042072,-0.016197,0.287142,0.167634,0.395313,0.268673,0.309443
0.183567,0.175951,0.285565,0.098039,0.271932,0.229846,0.253371,0.265959,0.333986,0.205965,0.224686,0.222518,0.266100,0.155831,0.311603,0.094941,0.097674,0.206973,0.137066,0.169265,0.326623,0.268033,0.108966,0.020637,0.276318,0.131266,0.262922,0.189152,0.262757,0.418334,0.306323,0.273651,0.336338,0.286492,0.166781,0.146551,0.060255,0.000000,0.117027,0.419126,0.310375,0.141156,0.342805,0.242519,0.342001,0.394757,0.303045,0.354056,0.399761,0.396605,0.443941,0.408341,0.361866,0.469258,0.352886,0.343035,0.223394,0.222982,0.429376,0.272511,0.363240,0.196625,0.235993,0.212850,0.204649,0.120435,0.351207,0.323217,0.204104,0.291473,0.125485,0.342238,0.217352,0.307342,0.121129,0.192828,0.212407,0.277111,0.052175,0.207097,0.204529,0.277260,0.327904,0.219922,0.317028,0.103774,0.141094,0.142312,0.374420,0.320453
0.035008,0.000764,0.209577,0.185558,0.179716,-0.021140,0.179374,0.146724,0.129754,0.054866,0.025035,-0.017409,0.027257,0.147857,0.023461,-0.046050,-0.178275,0.155236,0.052338,0.036870,0.094108,0.152154,0.415941,0.219697,0.433994,0.312494,0.184301,0.185650,-0.065504,0.030233,0.199525,0.103785,0.214641,0.217855,0.245669,0.227907,0.739134,0.117027,0.000000,0.415179,0.351059,0.507194,0.255093,0.249559,0.329788,0.274867,0.268700,0.058421,0.224256,0.217756,0.290546,0.293863,0.212294,0.120942,0.147486,0.440666,0.073687,0.019768,0.222385,0.117592,0.089227,0.075351,0.083078,0.028459,0.231553,0.218785,0.360244,0.379178,0.240827,0.188133,-0.076469,-0.075265,0.081993,-0.044281,0.077647,-0.021624,-0.000234,-0.033626,0.073409,0.082714,-0.121845,0.005117,0.077513,0.076451,0.097996,0.311624,0.361879,0.599114,0.379595,0.362904
0.122264,0.103366,0.278779,0.252503,0.173352,0.290555,0.280465,0.301191,0.168432,0.279146,0.106803,0.153295,0.212734,0.296497,0.292055,0.137169,-0.143513,0.103219,0.153192,0.146102,0.348500,0.357023,0.460261,0.284395,0.606674,0.515941,0.341916,0.335045,-0.039519,0.085799,0.404232,0.428387,0.348349,0.314718,0.330475,0.248248,0.371267,0.419126,0.415179,0.000000,0.315118,0.517889,0.316327,0.282862,0.303858,0.345653,0.365624,0.527612,0.312966,0.265544,0.479318,0.466670,0.298992,0.390007,0.446650,0.382904,0.081818,0.087326,0.273151,0.200506,0.136129,0.072881,0.086218,0.086921,0.328956,0.322837,0.498132,0.426630,0.255479,0.201782,0.220559,0.250667,0.361503,0.199599,0.193200,0.102554,0.364994,0.303267,-0.359565,0.149380,-0.120197,0.158326,0.129380,0.070891,0.204119,0.450594,0.366935,0.313972,0.154167,0.403449
0.360827,0.392983,0.485256,0.326071,0.166106,-0.114612,0.445070,0.414025,0.357435,0.249571,0.358398,0.415744,0.315366,0.314811,0.402367,0.210376,0.234578,0.427053,0.423379,0.425531,0.342461,0.300264,0.350948,0.149484,0.146346,-0.006852,0.148744,0.098971,0.273389,0.477955,0.459347,0.385859,0.456627,0.477288,0.013241,0.040543,0.163245,0.310375,0.351059,0.315118,0.000000,0.262573,0.379765,0.332605,0.291951,0.343735,0.358989,0.299793,0.334518,0.362023,0.395516,0.286809,0.449425,0.440379,0.318534,0.381135,0.378566,0.433635,0.306224,0.396982,0.399933,0.378070,0.391214,0.469361,-0.003533,-0.019413,0.230176,0.216435,0.398738,0.406196,-0.003218,0.124179,0.450000,0.409144,0.357250,0.309554,0.146092,0.177569,0.077332,0.431078,0.356598,0.470890,0.488125,0.508352,0.384297,0.315761,0.487586,0.487782,0.439478,0.312585
-0.041176,-0.066239,0.109444,0.116218,0.186647,0.065765,0.157433,0.144500,0.056685,0.149831,0.020305,-0.029909,0.072544,0.157445,0.055952,0.034920,-0.215332,0.102331,0.014891,-0.044801,0.072920,0.054936,0.186610,0.116571,0.360563,0.343715,0.168329,0.222433,-0.094451,-0.025410,0.207143,0.091893,0.108559,0.193869,0.118818,0.163454,0.381005,0.141156,0.507194,0.517889,0.262573,0.000000,0.239375,0.264753,0.312512,0.253482,0.298282,0.161280,0.271206,0.223734,0.319176,0.324226,0.266636,0.169898,0.112656,0.325283,-0.041454,-0.054589,0.166326,0.062116,0.027402,0.036673,0.058713,0.022960,0.077775,0.191635,0.217003,0.200939,0.088514,0.018902,0.001724,-0.164899,0.154888,0.021387,0.056097,0.044230,-0.001916,0.011945,-0.098729,0.000449,-0.187678,-0.055415,0.019331,0.011844,0.038197,0.248000,0.240153,0.220016,0.186956,0.341283
0.780604,0.793093,0.602140,0.486911,0.346829,0.172731,0.620752,0.655758,0.516420,0.485934,0.657079,0.702321,0.686839,0.668892,0.542493,0.453772,0.305045,0.727211,0.714465,0.726400,0.261187,0.340418,0.469885,0.271993,0.279315,0.164360,0.339641,0.282681,0.463997,0.429115,0.443503,0.363311,0.708387,0.743332,0.297880,0.222976,0.280923,0.342805,0.255093,0.316327,0.379765,0.239375,0.000000,1.739648,1.360434,1.304033,1.654608,1.225283,1.148795,0.979040,1.109802,0.879292,1.029392,0.843738,0.927801,0.951387,0.610584,0.585263,0.735752,0.707634,0.667357,0.544550,0.531478,0.509438,0.321901,0.191407,0.832525,0.716639,0.664803,0.726086,-0.077287,-0.079479,0.620828,0.462284,0.649340,0.452169,0.516263,0.601854,0.171539,0.695675,0.390362,0.548052,0.594292,0.497707,0.580522,0.523495,0.541169,0.409859,0.637311,0.556964
0.734548,0.727708,0.521787,0.410600,0.379552,0.108047,0.567660,0.550162,0.516953,0.436726,0.626081,0.635719,0.666535,0.614278,0.518316,0.408373,0.292566,0.727083,0.626309,0.609214,0.230106,0.288441,0.426253,0.216397,0.244865,0.143185,0.297479,0.291395,0.427563,0.326760,0.368882,0.313052,0.551125,0.636772,0.199587,0.146012,0.361400,0.242519,0.249559,0.282862,0.332605,0.264753,1.739648,0.000000,1.155251,1.113840,1.374197,1.068862,0.989572,0.867636,0.908821,0.798371,0.936521,0.749251,0.744012,0.832675,0.572998,0.551596,0.684403,0.650482,0.583854,0.495551,0.472621,0.449972,0.251755,0.131333,0.677536,0.589995,0.573093,0.597735,-0.058100,-0.113529,0.614657,0.443197,0.648639,0.449534,0.473869,0.551089,0.166248,0.577527,0.296030,0.435534,0.520312,0.388857,0.445310,0.459273,0.415038,0.332119,0.542859,0.483189
0.577328,0.625591,0.520193,0.437732,0.375032,0.209381,0.563292,0.575018,0.464506,0.452996,0.503774,0.490299,0.523187,0.608416,0.449930,0.419099,0.221874,0.645081,0.549719,0.537186,0.135729,0.219191,0.463913,0.276270,0.361099,0.275505,0.320029,0.280128,0.380938,0.319742,0.422076,0.292111,0.707193,0.737505,0.436297,0.398288,0.308393,0.342001,0.329788,0.303858,0.291951,0.312512,1.360434,1.155251,0.000000,2.028447,1.223152,1.006716,1.430273,1.206484,1.303647,1.204737,0.992764,0.890433,0.959993,1.066094,0.438118,0.431301,0.704742,0.621103,0.587075,0.522995,0.459486,0.410890,0.501597,0.360059,0.969676,0.863723,0.590227,0.629352,-0.102731,-0.146109,0.433795,0.377492,0.476773,0.291842,0.364535,0.427724,0.290241,0.637989,0.361478,0.460537,0.531444,0.406364,0.594552,0.524325,0.570262,0.450375,0.696255,0.639408
0.657481,0.702924,0.592986,0.462823,0.371127,0.176602,0.610151,0.617195,0.453704,0.429604,0.558852,0.574380,0.562552,0.630622,0.471971,0.404963,0.267853,0.630381,0.607919,0.598447,0.177805,0.234008,0.456833,0.253489,0.341121,0.245303,0.296829,0.259605,0.394752,0.334877,0.417505,0.308869,0.711371,0.763454,0.399005,0.360645,0.310103,0.394757,0.274867,0.345653,0.343735,0.253482,1.304033,1.113840,2.028447,0.000000,1.208629,1.072146,1.559218,1.448649,1.364532,1.308670,1.091928,1.029946,1.034616,1.110944,0.508610,0.508330,0.770697,0.709524,0.617502,0.537122,0.494996,0.450303,0.457247,0.309035,0.947309,0.865682,0.624273,0.675901,-0.089441,-0.116371,0.448098,0.397742,0.506719,0.329036,0.444302,0.485153,0.267493,0.682087,0.382665,0.527590,0.555628,0.437930,0.628853,0.531544,0.576505,0.492066,0.715972,0.651030
0.777393,0.798957,0.592580,0.474128,0.335313,0.099938,0.571379,0.577891,0.454658,0.390709,0.625201,0.647677,0.578644,0.585107,0.447661,0.394418,0.337267,0.683914,0.755177,0.738006,0.240887,0.289179,0.447202,0.221298,0.224492,0.157247,0.315226,0.288477,0.427516,0.381485,0.371062,0.323461,0.650529,0.699176,0.305684,0.262901,0.253552,0.303045,0.268700,0.365624,0.358989,0.298282,1.654608,1.374197,1.223152,1.208629,0.000000,1.216107,1.082891,0.960651,1.139616,0.947757,1.188114,0.981385,1.025297,1.035565,0.656042,0.641087,0.695109,0.645749,0.611778,0.488859,0.556063,0.520150,0.270886,0.151282,0.748658,0.660399,0.678610,0.700635,-0.174796,-0.140091,0.589856,0.400099,0.630817,0.467604,0.482947,0.550067,0.167193,0.706883,0.416216,0.596586,0.585976,0.501160,0.541558,0.544300,0.523474,0.401975,0.690024,0.566194
0.871670,0.903478,0.731685,0.657693,0.399002,0.280384,0.688262,0.724514,0.517788,0.579125,0.664544,0.761686,0.731229,0.737014,0.658869,0.570514,0.410493,0.714355,0.858963,0.853992,0.317888,0.380995,0.515766,0.322384,0.358307,0.300287,0.458765,0.410712,0.515177,0.475485,0.518947,0.499901,0.828557,0.833969,0.419502,0.334101,0.095658,0.354056,0.058421,0.527612,0.299793,0.161280,1.225283,1.068862,1.006716,1.072146,1.216107,0.000000,0.998615,0.858929,0.990660,0.862821,0.957357,1.042830,1.187950,0.863553,0.700151,0.717909,0.767223,0.780766,0.707756,0.599957,0.630681,0.609016,0.432452,0.262238,0.961856,0.824910,0.771241,0.796920,-0.057695,-0.041685,0.729420,0.573857,0.673097,0.490879,0.708426,0.737712,0.041626,0.796668,0.484101,0.744922,0.698430,0.583414,0.701128,0.626761,0.639628,0.335760,0.512225,0.607500
0.706610,0.749369,0.668375,0.467527,0.356498,0.217793,0.760626,0.669234,0.506486,0.462437,0.648687,0.654904,0.683292,0.609343,0.460860,0.347297,0.341445,0.606993,0.663174,0.645925,0.250775,0.288782,0.424017,0.199521,0.285809,0.220419,0.351202,0.334232,0.444420,0.395132,0.443407,0.354816,0.720265,0.802268,0.220467,0.214969,0.278740,0.399761,0.224256,0.312966,0.334518,0.271206,1.148795,0.989572,1.430273,1.559218,1.082891,0.998615,0.000000,1.649935,1.479666,1.159187,1.223470,1.025409,1.014773,1.088878,0.595605,0.612012,0.969789,0.836238,0.730143,0.597962,0.671706,0.618373,0.340994,0.186689,0.946243,0.813764,0.727159,0.784938,-0.049876,-0.084758,0.513658,0.458520,0.461475,0.373878,0.559925,0.577785,0.203236,0.631679,0.429389,0.529692,0.566652,0.455738,0.687372,0.501545,0.547680,0.438429,0.821977,0.731308
