0.000000,1.503059,0.500889,0.317602,0.099583,0.107541,0.336834,0.237272,-0.090908,-0.061018,0.031911,0.101580,0.226447,0.229764,0.218605,0.267819,0.353268,0.595873,0.531599,0.637010,0.213432,0.241044,0.274354,0.053863,0.267839,0.199826,0.301632,0.270936,0.089711,0.142822,0.245225,0.244619,0.780650,0.712917,0.375546,0.162883,0.186061,0.242407,0.538613,0.343757,-0.077250,-0.029084,0.238148,0.192487,0.434268,0.341123,0.290719,0.404918,0.198110,0.422207,0.510471,0.706951,0.566985,0.649215,0.403397,0.479096,1.443640,1.251691,0.863492,0.646192,0.419345,0.218897,0.055744,0.290092,0.145120,0.280883,0.812865,0.580642,0.657671,0.737388,-0.018008,0.049926,-0.156529,-0.155307,-0.087448,-0.171416,0.053898,0.105286,0.226892,0.366460,0.447943,0.988149,0.284759,0.436433,0.754164,0.844487,0.068714,0.438002,0.494637,0.527932
1.503059,0.000000,0.524375,0.401735,0.067229,0.134361,0.199060,0.175545,-0.103168,-0.089832,-0.139886,0.038325,0.015317,0.144306,0.207379,0.334563,0.338560,0.610227,0.485617,0.660390,0.190688,0.231865,0.300661,0.133548,0.391406,0.352985,0.452521,0.342173,0.002910,0.084849,0.329247,0.378526,0.683836,0.674556,0.491112,0.230177,0.137128,0.222445,0.458794,0.384241,0.006189,-0.050548,0.297652,0.258523,0.493382,0.410529,0.367396,0.475035,0.213455,0.480506,0.564907,0.689221,0.589835,0.622890,0.442644,0.542420,1.521033,1.658684,0.734294,0.756331,0.187723,0.209906,-0.027300,0.274055,0.217473,0.313156,0.806866,0.638441,0.715969,0.827448,-0.030695,-0.010259,-0.181397,-0.143199,-0.161239,-0.176255,0.000464,0.053938,0.298548,0.380978,0.480008,1.257959,0.199448,0.392723,0.926330,1.019903,0.107599,0.500641,0.542507,0.584456
0.500889,0.524375,0.000000,1.143005,0.367927,0.222819,0.996319,0.621689,0.372609,0.057153,-0.015829,-0.052240,0.035632,0.096864,0.523919,0.537246,0.134933,0.158068,0.661013,1.001844,0.209318,0.362625,1.185726,0.869162,0.773165,0.748972,0.485342,0.383831,-0.025965,-0.078645,0.882455,0.883195,0.526816,0.398342,0.688195,0.295803,0.093070,0.179375,0.400715,0.215183,0.176992,0.073716,0.138846,0.101543,0.186421,0.178862,0.122431,0.178228,0.111255,0.172013,0.283134,0.264778,0.257641,0.269929,0.160708,0.184441,0.463997,0.517879,0.372134,0.118691,0.101019,0.240117,-0.076214,-0.106703,0.829139,0.540711,0.430378,0.260140,0.500993,0.608954,0.221710,0.394863,0.042262,-0.035993,-0.001477,0.006811,0.298460,0.242981,0.103088,0.033068,-0.085038,0.363121,0.067373,0.014334,0.315979,0.504474,0.073326,0.314822,0.628603,0.513745
0.317602,0.401735,1.143005,0.000000,0.353140,0.476599,0.771382,0.912921,0.407336,0.312372,-0.141663,0.030288,-0.058124,0.069006,0.479214,0.792445,0.059309,0.032099,0.428661,0.911474,0.225112,0.360258,0.879948,1.052374,0.737985,0.898166,0.602184,0.416114,-0.139828,-0.128183,0.633028,0.922450,0.349838,0.304448,0.767172,0.472837,-0.009778,0.186154,0.092788,0.090096,0.130488,0.026989,0.308735,0.277605,0.320872,0.329392,0.280338,0.327670,0.190607,0.244543,0.314019,0.248083,0.339910,0.287851,0.247369,0.233792,0.292568,0.359026,0.248088,0.154410,0.085621,0.505978,-0.139679,-0.067360,0.880960,0.770546,0.376036,0.363106,0.326383,0.524735,0.204850,0.396050,-0.007790,-0.063026,0.037274,0.112861,0.237270,0.248376,0.190028,0.030086,-0.070595,0.297152,-0.019964,0.009244,0.370210,0.530924,0.028022,0.415569,0.618161,0.531745
0.099583,0.067229,0.367927,0.353140,0.000000,0.276162,0.417283,0.229686,1.273760,0.462727,0.146676,-0.065152,0.208932,0.127778,0.671464,0.464498,0.133819,0.140414,0.084036,0.184285,0.056997,0.254212,0.468148,0.293860,0.485840,0.100871,0.693625,0.677505,0.004448,-0.034077,0.347294,0.318940,0.120306,0.082394,0.193491,0.100532,0.113696,0.057812,-0.054108,-0.119941,0.138513,-0.058765,0.107953,0.138440,0.099990,0.089984,0.081726,0.125065,0.090315,0.064873,0.102003,0.002160,0.099482,0.076291,-0.079257,0.048104,0.098046,0.105695,-0.019833,-0.178832,0.080576,-0.052220,-0.071837,-0.261768,0.359355,0.150152,-0.076798,-0.119993,0.096057,0.084365,0.104876,0.285656,0.106768,0.002315,0.179583,0.200931,0.197500,0.046222,0.067338,-0.080737,-0.132707,0.018668,-0.051104,-0.105556,0.146390,0.118179,0.049465,0.014548,0.223848,0.074442
0.107541,0.134361,0.222819,0.476599,0.276162,0.000000,0.127601,0.268345,0.216159,0.518212,-0.223155,-0.018741,-0.053158,0.092901,0.318075,0.603641,-0.188070,-0.014996,0.103903,0.287515,0.131355,0.376705,0.313642,0.551952,0.434942,0.384753,0.648186,0.486424,-0.181390,-0.213050,0.099905,0.161372,0.041176,-0.150077,0.223117,0.143377,-0.015120,0.361368,-0.047323,0.143702,0.074004,0.102996,0.546330,0.533502,0.448993,0.478849,0.549181,0.526891,0.450605,0.438378,0.407380,0.285077,0.430587,0.304936,0.235193,0.244476,0.052180,0.026027,0.121699,0.216236,0.144162,0.275377,-0.448891,-0.022512,0.190869,0.282546,0.235937,0.277959,-0.013801,0.212080,-0.069074,-0.073894,-0.060038,-0.091498,0.233289,0.302020,0.137898,0.354647,-0.011741,-0.219177,-0.211022,-0.012154,-0.048322,0.002262,0.046524,0.068277,0.023045,0.452320,0.168147,0.333001
0.336834,0.199060,0.996319,0.771382,0.417283,0.127601,0.000000,0.706966,0.511641,0.200585,0.355852,0.234608,0.475297,0.316040,0.621231,0.521441,0.108294,0.056681,0.418708,0.548293,0.132851,0.202941,0.890371,0.679273,0.441223,0.320395,0.226042,0.217660,0.075053,-0.028806,0.522220,0.572727,0.427059,0.383501,0.437683,0.180398,0.083610,0.070622,0.275284,0.004008,0.132246,0.004606,0.064327,0.053018,0.105170,0.125615,0.034566,0.084509,0.056832,0.074596,0.120839,0.153887,0.138497,0.121093,0.123449,0.113549,0.177632,0.235431,0.378753,-0.099071,0.469450,0.250115,0.140056,-0.060926,0.797672,0.478443,0.227442,0.021677,0.148982,0.193171,0.210280,0.457478,0.102808,0.041387,0.089413,0.019593,0.340231,0.064483,0.180152,-0.020858,-0.091377,0.132641,0.077090,-0.035409,0.229016,0.269095,0.030973,0.079625,0.430022,0.279867
0.237272,0.175545,0.621689,0.912921,0.229686,0.268345,0.706966,0.000000,0.255004,0.274296,0.096046,0.482966,0.231903,0.377053,0.182369,0.477829,0.032964,-0.045459,0.173046,0.450932,0.252260,0.241292,0.418374,0.678067,0.369787,0.450443,0.176407,0.096175,-0.028010,-0.014980,0.361803,0.587091,0.320395,0.384389,0.442854,0.566964,0.020649,0.062872,0.175598,0.070879,0.106193,0.086841,0.138001,0.124853,0.190112,0.183168,0.121610,0.162691,0.102618,0.115200,0.206402,0.280586,0.284830,0.183963,0.273627,0.148356,0.147925,0.176137,0.345451,0.125194,0.459452,0.855490,0.072491,0.232828,0.500364,0.860564,0.376754,0.421445,0.086908,0.259765,0.167509,0.367155,-0.007996,0.048983,0.043710,0.083359,0.153526,0.127295,0.061233,0.025920,0.007255,0.149351,0.087314,0.066973,0.283071,0.389294,0.117968,0.248589,0.553634,0.580909
-0.090908,-0.103168,0.372609,0.407336,1.273760,0.216159,0.511641,0.255004,0.000000,0.472328,0.163615,-0.043459,0.150614,0.114213,0.752949,0.465416,0.091978,0.003531,0.067888,0.117946,0.035762,0.196508,0.537943,0.378467,0.440341,0.143058,0.567461,0.544869,0.021662,-0.048104,0.371375,0.358530,0.046333,0.029550,0.200606,0.064069,0.030650,-0.037736,-0.181805,-0.208150,0.168293,-0.028368,0.081668,0.120597,0.085350,0.096274,0.037055,0.063026,0.074756,0.036266,0.018924,-0.114581,-0.012740,-0.049020,-0.087767,-0.004397,-0.139427,-0.095356,-0.148629,-0.296146,-0.010071,-0.034315,-0.037469,-0.233715,0.514919,0.171050,-0.185181,-0.234652,-0.023850,-0.029568,0.139863,0.310191,0.208903,0.100207,0.217576,0.253198,0.279219,0.066057,0.082984,-0.119152,-0.221559,-0.144894,-0.151789,-0.181033,0.021480,-0.028288,-0.054057,-0.125147,0.137108,-0.008685
-0.061018,-0.089832,0.057153,0.312372,0.462727,0.518212,0.200585,0.274296,0.472328,0.000000,0.099673,0.171095,0.210305,0.263523,0.379480,0.522870,0.018004,0.068330,-0.134458,0.034277,0.076022,0.175145,0.106503,0.249837,0.187361,0.048625,0.391868,0.486590,-0.090421,-0.040877,0.114678,0.207229,-0.068471,-0.079365,0.067300,0.081222,0.086813,0.025646,-0.213950,-0.236051,0.116686,0.004178,0.120055,0.177542,0.023247,0.077671,0.125844,0.113469,0.108473,0.007527,0.008894,-0.088861,0.093565,0.000327,-0.002015,0.000162,-0.074923,-0.134234,-0.094645,-0.160877,0.260600,0.107801,0.093314,-0.001065,0.187054,0.198206,-0.193502,-0.161606,-0.157211,-0.065605,0.111190,0.220863,0.109216,0.104180,0.239979,0.238227,0.210891,0.145447,0.147227,-0.137310,-0.019675,-0.161940,-0.112490,-0.058439,-0.035640,-0.045997,-0.173371,0.014161,0.130170,-0.012697
0.031911,-0.139886,-0.015829,-0.141663,0.146676,-0.223155,0.355852,0.096046,0.163615,0.099673,0.000000,0.415331,1.118173,0.595851,0.223019,0.000914,0.442016,0.315717,0.139890,-0.095658,-0.075718,-0.043859,0.038186,-0.121137,-0.200602,-0.461246,-0.265239,-0.140541,0.497324,0.453152,-0.009821,-0.135521,0.077969,0.064050,-0.158125,-0.253762,0.051404,-0.101534,0.165484,-0.262621,0.171707,0.055309,-0.224399,-0.196475,-0.199332,-0.174045,-0.205913,-0.242780,-0.125969,-0.195303,-0.194763,-0.130408,-0.193296,-0.211930,-0.155313,-0.245532,-0.089047,-0.108660,0.184640,-0.201567,0.499074,-0.083545,0.547062,0.188566,-0.027569,-0.116684,-0.067807,-0.274262,0.005136,-0.128858,-0.140321,0.046956,0.245615,0.258078,0.272085,0.109113,0.055012,-0.004251,0.109328,0.126561,0.185228,-0.072671,0.132376,0.045201,-0.052882,-0.179142,-0.055240,-0.242073,-0.044107,-0.195848
0.101580,0.038325,-0.052240,0.030288,-0.065152,-0.018741,0.234608,0.482966,-0.043459,0.171095,0.415331,0.000000,0.529051,0.859131,0.001066,0.088066,0.123824,0.180622,-0.145166,-0.095379,0.073230,-0.028603,-0.094224,0.071214,-0.138675,-0.112893,-0.168171,-0.167862,0.151197,0.238969,-0.039944,0.117365,0.053445,0.209955,-0.014022,0.156794,0.066878,-0.139638,0.085405,-0.108556,0.045826,0.079338,0.110409,0.123293,0.156910,0.159111,0.153531,0.122106,0.178977,0.165530,0.190300,0.263689,0.243856,0.068716,0.290158,0.253984,-0.005647,0.036714,0.244215,0.155544,0.521954,0.325616,0.270864,0.606793,-0.010183,0.202191,0.170811,0.097340,-0.164371,-0.172587,-0.017414,0.077413,0.050318,0.227582,0.012273,-0.008029,0.099511,-0.118405,0.122376,0.054919,0.197803,0.052998,0.155595,0.138074,0.164764,0.044791,0.277791,-0.007882,-0.034528,0.136444
0.226447,0.015317,0.035632,-0.058124,0.208932,-0.053158,0.475297,0.231903,0.150614,0.210305,1.118173,0.529051,0.000000,0.772338,0.381498,0.129407,0.316406,0.341713,0.052262,-0.043644,-0.035809,0.028710,0.114430,-0.037359,-0.088769,-0.375851,-0.126773,0.019434,0.298253,0.260813,-0.008651,-0.073358,0.088080,0.045868,-0.015810,-0.103463,0.113472,-0.018682,0.201801,-0.165842,0.082626,0.006040,-0.143752,-0.138776,-0.093479,-0.090927,-0.108259,-0.124663,-0.087167,-0.065640,-0.044207,0.096209,0.004786,-0.036837,-0.031059,-0.042382,0.068131,0.047194,0.420325,-0.031525,0.921274,0.003082,0.399735,0.170394,0.035291,0.029697,0.095299,-0.107100,-0.029976,-0.079127,0.015991,0.131401,0.131545,0.188866,0.254838,0.076586,0.236831,0.058854,0.079103,0.079697,0.157004,0.036094,0.212584,0.092229,0.154654,0.013355,0.047279,0.000123,0.177283,0.026765
0.229764,0.144306,0.096864,0.069006,0.127778,0.092901,0.316040,0.377053,0.114213,0.263523,0.595851,0.859131,0.772338,0.000000,0.244884,0.224465,0.268544,0.373888,0.005661,-0.074373,0.215380,0.124707,0.110155,0.081313,0.109723,-0.183070,0.040512,0.065655,0.352297,0.296000,0.099335,0.112949,0.142188,0.128014,0.102879,0.098644,0.151317,0.031139,0.190392,-0.068015,0.204775,0.163532,0.097135,0.127873,0.159700,0.167256,0.144690,0.100515,0.204171,0.202183,0.251004,0.318175,0.258326,0.120177,0.266787,0.256064,0.116560,0.130827,0.269229,0.064985,0.583537,0.136002,0.233570,0.469437,0.034797,0.137639,0.242157,0.105339,-0.054720,-0.101151,-0.086176,0.011029,0.324661,0.315947,0.297495,0.252495,0.208364,0.149685,0.110056,0.092265,0.184440,0.134500,0.145569,0.084957,0.187442,0.053798,0.201649,0.127335,0.127616,0.215885
0.218605,0.207379,0.523919,0.479214,0.671464,0.318075,0.621231,0.182369,0.752949,0.379480,0.223019,0.001066,0.381498,0.244884,0.000000,0.902498,0.164850,0.209835,0.393434,0.335264,0.100954,0.345263,0.725773,0.479614,0.557335,0.187643,0.669241,0.642246,0.162784,0.141835,0.501566,0.427159,0.113360,-0.010477,0.416365,0.018237,0.225708,0.172948,0.047371,0.001499,0.229331,0.055409,0.244921,0.244440,0.253840,0.241680,0.235156,0.238982,0.215379,0.252591,0.265975,0.199251,0.211231,0.187957,0.108048,0.209310,0.123678,0.160110,0.176579,0.009891,0.181966,0.039870,-0.133596,-0.179130,0.630767,0.228817,0.114003,-0.048728,0.217232,0.253898,0.081141,0.195435,0.244859,0.197457,0.363604,0.320076,0.304406,0.208043,0.196979,0.040274,-0.039344,0.149268,0.126368,0.030905,0.296431,0.160383,0.047605,0.209709,0.312696,0.209038
0.267819,0.334563,0.537246,0.792445,0.464498,0.603641,0.521441,0.477829,0.465416,0.522870,0.000914,0.088066,0.129407,0.224465,0.902498,0.000000,0.141776,0.157590,0.329080,0.463554,0.265541,0.359307,0.586595,0.654326,0.615344,0.422558,0.872945,0.710028,0.054644,0.045532,0.480532,0.671527,0.148883,0.119323,0.613746,0.367221,0.106603,0.308256,0.066893,0.112549,0.201073,0.051487,0.386507,0.405963,0.396160,0.386370,0.386491,0.401882,0.259507,0.291030,0.314541,0.282258,0.335891,0.286000,0.283158,0.293038,0.237149,0.248366,0.194115,0.149397,0.181864,0.435568,-0.216568,0.009075,0.729456,0.631447,0.286090,0.301023,0.190692,0.388333,-0.004764,0.084199,0.104301,0.041171,0.283659,0.282306,0.128023,0.205682,0.158407,-0.040818,0.021862,0.239309,0.032598,0.092087,0.453904,0.380921,0.014125,0.446495,0.574624,0.537913
0.353268,0.338560,0.134933,0.059309,0.133819,-0.188070,0.108294,0.032964,0.091978,0.018004,0.442016,0.123824,0.316406,0.268544,0.164850,0.141776,0.000000,0.825234,0.231866,0.096663,0.246376,0.074325,0.078186,-0.084762,0.032893,-0.003148,0.049944,0.113358,0.603191,0.550248,0.171190,0.141519,0.304245,0.370911,0.083573,0.025882,-0.004261,-0.059499,0.092675,-0.155077,0.086002,-0.049279,-0.009474,0.004613,0.158819,0.090554,0.045839,0.068140,0.010404,0.043671,0.062180,0.068420,0.039329,0.060542,0.125462,0.079675,0.395919,0.366698,0.204179,0.155442,0.044538,0.038111,0.462489,0.297357,0.020139,0.018996,0.195962,0.098006,0.365551,0.277880,-0.096195,0.103845,0.227931,0.184025,0.148577,0.124773,0.030790,0.059718,0.436246,0.377836,0.658275,0.396370,0.090926,0.239901,0.411123,0.242940,-0.075708,0.012156,0.178123,0.065518
0.595873,0.610227,0.158068,0.032099,0.140414,-0.014996,0.056681,-0.045459,0.003531,0.068330,0.315717,0.180622,0.341713,0.373888,0.209835,0.157590,0.825234,0.000000,0.214813,0.165736,0.045713,0.081307,0.091980,-0.139544,0.132306,-0.030468,0.156979,0.185194,0.407040,0.488763,0.193022,0.099045,0.381601,0.335383,0.164175,0.072608,0.124249,0.026839,0.331040,0.035960,0.093673,-0.023095,0.091320,0.070862,0.219523,0.146915,0.156487,0.155800,0.078158,0.167402,0.207023,0.222353,0.188661,0.173965,0.165168,0.188317,0.655040,0.616854,0.373395,0.315357,0.146736,-0.003354,0.211451,0.327059,-0.047934,-0.014300,0.385353,0.235803,0.390580,0.339674,-0.090543,-0.039526,0.071826,0.123682,0.109563,-0.007860,0.199910,0.180203,0.244149,0.457774,0.564034,0.567612,0.291494,0.500726,0.455804,0.313473,0.062066,0.252360,0.193996,0.162627
0.531599,0.485617,0.661013,0.428661,0.084036,0.103903,0.418708,0.173046,0.067888,-0.134458,0.139890,-0.145166,0.052262,0.005661,0.393434,0.329080,0.231866,0.214813,0.000000,0.948373,0.087401,0.274210,0.514415,0.379713,0.268857,0.139731,0.182402,0.106046,0.208297,0.070372,0.304008,0.161930,0.456436,0.292158,0.145944,-0.024271,0.031783,0.316172,0.376406,0.259169,0.266671,0.290204,0.309362,0.245519,0.286659,0.289285,0.305144,0.305541,0.323798,0.290461,0.374742,0.389164,0.351683,0.387532,0.315785,0.272193,0.377524,0.374416,0.392268,0.349916,0.002504,0.214863,-0.092959,0.063912,0.241405,0.129072,0.494521,0.304482,0.904179,0.857884,-0.110191,-0.011383,0.195791,0.129329,0.200373,0.178469,0.021702,0.247724,0.136822,0.133716,0.121614,0.328286,0.153919,0.201690,0.186705,0.203587,-0.062016,0.114671,0.244294,0.374290
0.637010,0.660390,1.001844,0.911474,0.184285,0.287515,0.548293,0.450932,0.117946,0.034277,-0.095658,-0.095379,-0.043644,-0.074373,0.335264,0.463554,0.096663,0.165736,0.948373,0.000000,0.094839,0.285171,0.672797,0.677307,0.447455,0.528090,0.404406,0.295351,-0.130542,-0.105284,0.424710,0.466150,0.474188,0.341809,0.469052,0.241532,-0.019076,0.294720,0.326902,0.267127,0.132450,0.115893,0.283786,0.223627,0.278085,0.284808,0.279451,0.331144,0.201485,0.273651,0.369360,0.412519,0.403141,0.414793,0.244049,0.255745,0.529452,0.562236,0.474408,0.386280,0.067056,0.306369,-0.152764,-0.066035,0.489655,0.468799,0.571547,0.434719,0.731766,0.992907,0.095218,0.192206,-0.061072,-0.105864,0.026413,0.033580,0.069126,0.197858,0.073358,0.077924,0.016058,0.482415,0.116737,0.143714,0.334978,0.524874,-0.016626,0.308361,0.498868,0.532218
0.213432,0.190688,0.209318,0.225112,0.056997,0.131355,0.132851,0.252260,0.035762,0.076022,-0.075718,0.073230,-0.035809,0.215380,0.100954,0.265541,0.246376,0.045713,0.087401,0.094839,0.000000,0.276969,0.127439,0.127544,0.274784,0.292809,0.207842,0.204804,0.385357,0.199878,0.379492,0.395901,0.184965,0.203048,0.175446,0.040514,0.247317,0.173712,0.177735,0.293323,0.263450,0.134736,0.116085,0.134304,0.183694,0.163367,0.161554,0.164501,0.182876,0.234848,0.262475,0.240311,0.273933,0.239938,0.334536,0.240412,0.201633,0.189174,0.133815,0.156209,0.076936,0.128265,0.027666,0.188050,0.114778,0.219428,0.211313,0.158093,0.061031,0.078308,0.014267,0.140005,0.257681,0.111540,0.153776,0.291553,0.041286,0.163154,0.156266,0.001488,0.135642,0.181310,0.063605,0.046412,0.202926,0.176723,-0.007484,0.139705,0.212112,0.292155
0.241044,0.231865,0.362625,0.360258,0.254212,0.376705,0.202941,0.241292,0.196508,0.175145,-0.043859,-0.028603,0.028710,0.124707,0.345263,0.359307,0.074325,0.081307,0.274210,0.285171,0.276969,0.000000,0.343493,0.302163,0.425918,0.280867,0.475060,0.344728,0.082278,0.008348,0.326779,0.281769,0.196487,0.076220,0.264979,0.080466,0.133764,0.270040,0.171787,0.234298,0.185806,0.259310,0.298458,0.278519,0.281766,0.275087,0.290891,0.308600,0.295812,0.227609,0.261028,0.128789,0.255208,0.226137,0.227898,0.148775,0.197403,0.126640,0.123334,0.115180,0.064610,0.201590,-0.215227,0.028918,0.218893,0.208706,0.194193,0.191890,0.207437,0.279848,0.260323,0.300959,0.137097,0.157605,0.147761,0.216596,0.241180,0.270623,0.016120,-0.109517,-0.022314,0.160006,0.162337,0.091824,0.162801,0.150507,0.035283,0.315937,0.343876,0.272095
0.274354,0.300661,1.185726,0.879948,0.468148,0.313642,0.890371,0.418374,0.537943,0.106503,0.038186,-0.094224,0.114430,0.110155,0.725773,0.586595,0.078186,0.091980,0.514415,0.672797,0.127439,0.343493,0.000000,1.006167,0.846780,0.571706,0.568637,0.464893,-0.052505,-0.125328,0.793314,0.758940,0.387649,0.214891,0.614674,0.182505,0.098587,0.145027,0.207916,0.093017,0.193648,-0.009512,0.177985,0.176518,0.196238,0.217109,0.161647,0.193154,0.165533,0.187849,0.234958,0.161361,0.156160,0.157094,0.092706,0.141160,0.245609,0.317000,0.215552,-0.001982,0.046124,0.087224,-0.168736,-0.201902,0.921450,0.437904,0.251244,0.132808,0.311061,0.452142,0.224724,0.357343,0.022707,-0.058277,0.012479,0.039927,0.414907,0.274628,0.047532,-0.092613,-0.248712,0.188325,0.015435,-0.069364,0.239971,0.285300,0.098128,0.295943,0.408935,0.331954
0.053863,0.133548,0.869162,1.052374,0.293860,0.551952,0.679273,0.678067,0.378467,0.249837,-0.121137,0.071214,-0.037359,0.081313,0.479614,0.654326,-0.084762,-0.139544,0.379713,0.677307,0.127544,0.302163,1.006167,0.000000,0.629531,0.729340,0.527196,0.320189,-0.197400,-0.279666,0.474822,0.672333,0.136468,0.079005,0.478171,0.344237,0.015455,0.133624,0.064244,0.099871,0.153977,0.086228,0.332710,0.326694,0.271727,0.339605,0.330934,0.328704,0.277654,0.250064,0.282627,0.205534,0.271596,0.191655,0.226921,0.210665,0.069548,0.148714,0.153161,0.091930,0.043314,0.421374,-0.266125,-0.137117,0.758911,0.670188,0.224892,0.231691,0.168885,0.380179,0.123195,0.304708,-0.039748,-0.028441,0.041496,0.128419,0.180495,0.165976,0.007854,-0.270118,-0.280317,0.039352,-0.035921,-0.137934,0.167611,0.219391,0.148105,0.240204,0.392933,0.456884
0.267839,0.391406,0.773165,0.737985,0.485840,0.434942,0.441223,0.369787,0.440341,0.187361,-0.200602,-0.138675,-0.088769,0.109723,0.557335,0.615344,0.032893,0.132306,0.268857,0.447455,0.274784,0.425918,0.846780,0.629531,0.000000,0.738425,0.830273,0.571932,-0.005395,-0.073527,0.868455,0.797883,0.281310,0.167763,0.823935,0.395678,0.171687,0.148714,0.091404,0.126527,0.121510,-0.069233,0.234295,0.238918,0.295480,0.281936,0.230740,0.276118,0.197460,0.274527,0.328180,0.240038,0.254536,0.242747,0.158427,0.186252,0.274425,0.381539,0.202937,0.085330,-0.041934,0.098932,-0.389340,-0.204325,0.783473,0.512931,0.332202,0.235167,0.290657,0.389975,0.152804,0.161678,0.027908,-0.006521,0.036830,0.061396,0.235052,0.239709,0.123125,0.025596,-0.108702,0.324088,0.027754,-0.051200,0.338370,0.424297,0.211323,0.437844,0.487417,0.343213
0.199826,0.352985,0.748972,0.898166,0.100871,0.384753,0.320395,0.450443,0.143058,0.048625,-0.461246,-0.112893,-0.375851,-0.183070,0.187643,0.422558,-0.003148,-0.030468,0.139731,0.528090,0.292809,0.280867,0.571706,0.729340,0.738425,0.000000,0.500652,0.331756,-0.183356,-0.162744,0.597085,0.897876,0.236435,0.251916,0.797112,0.531812,0.012027,0.045119,0.086943,0.163572,-0.037601,-0.075642,0.260036,0.217592,0.343905,0.326884,0.257108,0.313905,0.185858,0.275378,0.341822,0.256398,0.300496,0.311946,0.255454,0.246281,0.284087,0.381565,0.169259,0.222567,-0.195592,0.293745,-0.388790,-0.165932,0.659794,0.679590,0.320851,0.360610,0.221033,0.377734,0.222024,0.288074,-0.184530,-0.187737,-0.213369,-0.136504,0.113365,0.066361,0.107346,0.010150,-0.063932,0.298892,-0.021197,-0.058074,0.384821,0.572635,0.156014,0.441942,0.479988,0.411021
0.301632,0.452521,0.485342,0.602184,0.693625,0.648186,0.226042,0.176407,0.567461,0.391868,-0.265239,-0.168171,-0.126773,0.040512,0.669241,0.872945,0.049944,0.156979,0.182402,0.404406,0.207842,0.475060,0.568637,0.527196,0.830273,0.500652,0.000000,1.197312,-0.142389,-0.199447,0.480098,0.587300,0.137242,0.075584,0.616738,0.277737,0.129073,0.210190,-0.048717,0.163511,0.139855,-0.010783,0.429752,0.448263,0.435871,0.409007,0.436215,0.471089,0.334376,0.404736,0.430386,0.284831,0.385270,0.354260,0.233444,0.361750,0.382527,0.400642,0.095326,0.168012,-0.065235,0.085188,-0.410363,-0.187238,0.569716,0.413138,0.215688,0.197348,0.275830,0.383819,-0.001429,0.088631,-0.001150,-0.046662,0.135684,0.203167,0.119639,0.161586,0.116363,-0.080694,-0.110589,0.296078,-0.085424,-0.055338,0.394159,0.398297,0.046730,0.409455,0.458330,0.389562
0.270936,0.342173,0.383831,0.416114,0.677505,0.486424,0.217660,0.096175,0.544869,0.486590,-0.140541,-0.167862,0.019434,0.065655,0.642246,0.710028,0.113358,0.185194,0.106046,0.295351,0.204804,0.344728,0.464893,0.320189,0.571932,0.331756,1.197312,0.000000,-0.147226,-0.153404,0.414621,0.478823,0.076732,0.045333,0.539760,0.218014,0.050548,0.103099,-0.077438,0.056837,0.073293,-0.109983,0.193770,0.209912,0.202020,0.174949,0.201515,0.240328,0.145082,0.195146,0.238002,0.182314,0.217862,0.222766,0.116031,0.230420,0.346165,0.308541,0.066068,0.017176,0.014352,-0.056063,-0.280025,-0.219375,0.514664,0.375282,0.066223,0.032843,0.170709,0.295066,0.074869,0.155519,0.034417,-0.105753,0.094780,0.198460,0.196549,0.149092,-0.001636,-0.147239,-0.158070,0.168021,-0.152709,-0.125032,0.300629,0.308488,-0.128261,0.303144,0.439084,0.310622
0.089711,0.002910,-0.025965,-0.139828,0.004448,-0.181390,0.075053,-0.028010,0.021662,-0.090421,0.497324,0.151197,0.298253,0.352297,0.162784,0.054644,0.603191,0.407040,0.208297,-0.130542,0.385357,0.082278,-0.052505,-0.197400,-0.005395,-0.183356,-0.142389,-0.147226,0.000000,0.961085,0.207365,0.009917,0.137964,0.105870,-0.156084,-0.132088,0.137606,0.108535,0.161899,-0.004401,0.297477,0.189650,0.088037,0.096161,0.148264,0.100608,0.132479,0.069874,0.206043,0.134533,0.157046,0.098134,0.118027,0.162825,0.179561,0.100466,0.017368,-0.012072,0.079487,0.097402,0.067705,0.015230,0.264020,0.286003,-0.152858,-0.170887,0.153218,0.032162,0.169589,0.031500,-0.187906,-0.039348,0.540978,0.406714,0.411427,0.373493,0.031511,0.232039,0.229546,0.289822,0.449291,0.127062,0.241786,0.189561,0.038405,-0.132083,0.012914,-0.031212,-0.062989,0.001977
0.142822,0.084849,-0.078645,-0.128183,-0.034077,-0.213050,-0.028806,-0.014980,-0.048104,-0.040877,0.453152,0.238969,0.260813,0.296000,0.141835,0.045532,0.550248,0.488763,0.070372,-0.105284,0.199878,0.008348,-0.125328,-0.279666,-0.073527,-0.162744,-0.199447,-0.153404,0.961085,0.000000,0.158992,0.059430,0.047476,0.069476,-0.056577,-0.058856,0.125640,0.045909,0.136652,-0.051804,0.103940,0.000561,0.052141,0.068549,0.134276,0.077244,0.072685,0.050468,0.106674,0.101133,0.108772,0.040354,0.087804,0.078646,0.070769,0.040871,0.078111,0.058118,0.103697,0.123836,0.063828,0.040588,0.344665,0.338919,-0.123971,-0.179377,0.125761,0.044503,0.106874,0.033602,0.001028,0.036660,0.339182,0.269142,0.313699,0.199998,0.023032,0.132120,0.283590,0.480328,0.603651,0.280093,0.374034,0.430562,0.150716,-0.013101,0.034390,0.099218,-0.058742,-0.051367
0.245225,0.329247,0.882455,0.633028,0.347294,0.099905,0.522220,0.361803,0.371375,0.114678,-0.009821,-0.039944,-0.008651,0.099335,0.501566,0.480532,0.171190,0.193022,0.304008,0.424710,0.379492,0.326779,0.793314,0.474822,0.868455,0.597085,0.480098,0.414621,0.207365,0.158992,0.000000,1.093809,0.365140,0.285250,0.582158,0.186832,0.196429,0.093547,0.261735,0.185844,0.236546,0.002934,0.040563,0.061814,0.119557,0.083645,0.041795,0.079742,0.100074,0.137739,0.221749,0.128807,0.124584,0.132220,0.116605,0.092177,0.277751,0.336219,0.192057,0.076717,-0.040123,0.009772,-0.006636,-0.101303,0.661173,0.347380,0.284290,0.104118,0.360964,0.396590,0.266236,0.392094,0.091387,0.046224,0.029045,0.048980,0.362580,0.312026,0.088116,0.065420,-0.004081,0.292679,0.118293,0.026599,0.202783,0.319479,0.222337,0.266162,0.413050,0.250410
0.244619,0.378526,0.883195,0.922450,0.318940,0.161372,0.572727,0.587091,0.358530,0.207229,-0.135521,0.117365,-0.073358,0.112949,0.427159,0.671527,0.141519,0.099045,0.161930,0.466150,0.395901,0.281769,0.758940,0.672333,0.797883,0.897876,0.587300,0.478823,0.009917,0.059430,1.093809,0.000000,0.256713,0.388939,0.833493,0.497148,0.130361,-0.004243,0.073897,0.039980,0.088852,-0.139629,0.118786,0.138382,0.225563,0.196698,0.124353,0.179300,0.093086,0.156699,0.245817,0.178388,0.185182,0.149324,0.155057,0.180104,0.315804,0.424124,0.197671,0.083931,0.000228,0.257003,-0.067913,-0.073683,0.937975,0.730849,0.264245,0.219043,0.230704,0.336588,0.260625,0.480123,-0.046579,-0.052968,-0.084496,-0.058344,0.244855,0.081724,0.160206,0.055141,-0.003370,0.326640,-0.026077,-0.058511,0.478614,0.601683,0.127940,0.351398,0.539651,0.395341
0.780650,0.683836,0.526816,0.349838,0.120306,0.041176,0.427059,0.320395,0.046333,-0.068471,0.077969,0.053445,0.088080,0.142188,0.113360,0.148883,0.304245,0.381601,0.456436,0.474188,0.184965,0.196487,0.387649,0.136468,0.281310,0.236435,0.137242,0.076732,0.137964,0.047476,0.365140,0.256713,0.000000,1.141033,0.258810,0.129196,0.142820,0.211857,0.515913,0.286714,0.068030,0.125007,0.161367,0.159176,0.338885,0.291819,0.196371,0.291197,0.164037,0.297045,0.324408,0.376692,0.316618,0.380520,0.300365,0.280458,0.728753,0.693203,0.506707,0.345018,0.260589,0.200822,0.222578,0.362081,0.202863,0.161508,0.584612,0.487241,0.440767,0.550885,-0.046456,0.034324,-0.050256,0.015396,-0.057825,-0.070570,0.166019,0.082321,0.287138,0.317210,0.378972,0.587130,0.150076,0.272044,0.425892,0.458541,0.070787,0.164418,0.276646,0.219104
0.712917,0.674556,0.398342,0.304448,0.082394,-0.150077,0.383501,0.384389,0.029550,-0.079365,0.064050,0.209955,0.045868,0.128014,-0.010477,0.119323,0.370911,0.335383,0.292158,0.341809,0.203048,0.076220,0.214891,0.079005,0.167763,0.251916,0.075584,0.045333,0.105870,0.069476,0.285250,0.388939,1.141033,0.000000,0.263081,0.314527,0.091634,-0.068995,0.318643,0.089255,-0.051557,-0.055783,0.053688,0.058041,0.313564,0.245148,0.104017,0.221173,0.045903,0.194185,0.210819,0.337586,0.213378,0.287543,0.305386,0.274071,0.735283,0.773965,0.478610,0.313148,0.225818,0.326803,0.334793,0.415113,0.242392,0.340070,0.466095,0.463087,0.412314,0.460708,-0.060985,0.178036,-0.178089,-0.042294,-0.270087,-0.257051,0.060748,-0.192048,0.370595,0.335085,0.490338,0.602369,0.053782,0.192050,0.642162,0.638763,0.070835,0.027016,0.280644,0.198583
0.375546,0.491112,0.688195,0.767172,0.193491,0.223117,0.437683,0.442854,0.200606,0.067300,-0.158125,-0.014022,-0.015810,0.102879,0.416365,0.613746,0.083573,0.164175,0.145944,0.469052,0.175446,0.264979,0.614674,0.478171,0.823935,0.797112,0.616738,0.539760,-0.156084,-0.056577,0.582158,0.833493,0.258810,0.263081,0.000000,0.712712,0.114972,0.115017,0.141772,0.123709,-0.051565,-0.177409,0.211879,0.190892,0.379389,0.317523,0.185019,0.259587,0.076166,0.276790,0.286379,0.313606,0.229606,0.246709,0.202540,0.258976,0.416529,0.478673,0.374286,0.175885,0.078786,0.297638,-0.303610,-0.078849,0.999548,0.823818,0.482869,0.416549,0.199680,0.393852,0.154244,0.181241,-0.109831,-0.167768,-0.093158,-0.110439,0.279283,0.155483,0.133156,0.144760,0.012119,0.463814,0.084166,0.066334,0.604923,0.706074,0.165321,0.546515,0.634215,0.473889
0.162883,0.230177,0.295803,0.472837,0.100532,0.143377,0.180398,0.566964,0.064069,0.081222,-0.253762,0.156794,-0.103463,0.098644,0.018237,0.367221,0.025882,0.072608,-0.024271,0.241532,0.040514,0.080466,0.182505,0.344237,0.395678,0.531812,0.277737,0.218014,-0.132088,-0.058856,0.186832,0.497148,0.129196,0.314527,0.712712,0.000000,0.144009,0.085678,0.071742,0.016303,-0.215407,-0.236812,0.291783,0.258735,0.431067,0.345174,0.278936,0.344158,0.153751,0.230964,0.233662,0.341601,0.228432,0.265576,0.329251,0.360400,0.226713,0.294638,0.259566,0.252334,0.033803,0.617464,-0.278898,0.121001,0.451077,0.860312,0.477354,0.693431,0.133637,0.294752,0.112900,0.200347,-0.200959,-0.116678,-0.130135,-0.140257,0.197281,0.055948,0.000020,0.038948,0.089658,0.230231,0.062367,0.064587,0.492725,0.449696,0.290292,0.345177,0.414479,0.470235
0.186061,0.137128,0.093070,-0.009778,0.113696,-0.015120,0.083610,0.020649,0.030650,0.086813,0.051404,0.066878,0.113472,0.151317,0.225708,0.106603,-0.004261,0.124249,0.031783,-0.019076,0.247317,0.133764,0.098587,0.015455,0.171687,0.012027,0.129073,0.050548,0.137606,0.125640,0.196429,0.130361,0.142820,0.091634,0.114972,0.144009,0.000000,0.330806,0.374692,0.205779,0.175201,0.092426,0.223672,0.235243,0.206528,0.181314,0.254373,0.256130,0.198145,0.234970,0.176792,0.206906,0.175684,0.232245,0.212002,0.284770,0.142936,0.124585,0.220532,0.210869,0.123229,0.117621,-0.022886,0.144724,0.021949,0.092013,0.184765,0.117004,0.208742,0.130707,0.169127,0.199506,0.021237,0.178424,0.080890,0.061139,0.189869,0.283289,-0.107661,0.005417,0.050736,0.095220,0.401808,0.231359,0.155924,0.010197,0.354090,0.021056,0.083134,0.110530
0.242407,0.222445,0.179375,0.186154,0.057812,0.361368,0.070622,0.062872,-0.037736,0.025646,-0.101534,-0.139638,-0.018682,0.031139,0.172948,0.308256,-0.059499,0.026839,0.316172,0.294720,0.173712,0.270040,0.145027,0.133624,0.148714,0.045119,0.210190,0.103099,0.108535,0.045909,0.093547,-0.004243,0.211857,-0.068995,0.115017,0.085678,0.330806,0.000000,0.425154,0.650114,0.208011,0.441240,0.409843,0.356732,0.289953,0.273669,0.416478,0.376133,0.283249,0.279161,0.310013,0.291774,0.356320,0.340811,0.350465,0.299380,0.124801,0.056826,0.244961,0.352523,0.074287,0.198657,-0.216363,0.041921,-0.030462,0.068362,0.422859,0.388554,0.246167,0.347605,0.024574,-0.084671,0.200029,0.185979,0.404144,0.371459,0.257791,0.563138,-0.133503,-0.023284,0.023952,0.194450,0.314253,0.364940,0.086554,0.070946,0.101386,0.368845,0.323957,0.436446
0.538613,0.458794,0.400715,0.092788,-0.054108,-0.047323,0.275284,0.175598,-0.181805,-0.213950,0.165484,0.085405,0.201801,0.190392,0.047371,0.066893,0.092675,0.331040,0.376406,0.326902,0.177735,0.171787,0.207916,0.064244,0.091404,0.086943,-0.048717,-0.077438,0.161899,0.136652,0.261735,0.073897,0.515913,0.318643,0.141772,0.071742,0.374692,0.425154,0.000000,0.698571,0.286061,0.278211,0.096357,0.056519,0.095800,0.080589,0.140814,0.140254,0.101606,0.142471,0.248740,0.374569,0.298359,0.316669,0.342201,0.230876,0.493510,0.437079,0.564457,0.369975,0.279570,0.158799,0.043273,0.220163,-0.024728,0.094226,0.560509,0.379985,0.332601,0.402562,0.076723,0.011250,0.075149,0.087478,0.004628,-0.090510,0.178356,0.248305,-0.087752,0.098040,0.186051,0.365373,0.459892,0.409045,0.197351,0.227977,0.232505,0.265605,0.404500,0.447639
0.343757,0.384241,0.215183,0.090096,-0.119941,0.143702,0.004008,0.070879,-0.208150,-0.236051,-0.262621,-0.108556,-0.165842,-0.068015,0.001499,0.112549,-0.155077,0.035960,0.259169,0.267127,0.293323,0.234298,0.093017,0.099871,0.126527,0.163572,0.163511,0.056837,-0.004401,-0.051804,0.185844,0.039980,0.286714,0.089255,0.123709,0.016303,0.205779,0.650114,0.698571,0.000000,0.260707,0.433824,0.313045,0.284578,0.256961,0.255216,0.336237,0.327458,0.242278,0.328899,0.367976,0.364315,0.387043,0.329468,0.460328,0.340761,0.305845,0.284780,0.320935,0.460201,0.051015,0.189906,-0.244452,0.118600,-0.035228,0.068122,0.480055,0.442205,0.136685,0.358474,-0.050869,-0.177405,0.077265,0.034880,0.091340,0.085452,-0.036920,0.159177,-0.175752,-0.054185,0.062554,0.377775,0.480571,0.481682,0.178978,0.192927,0.111726,0.410076,0.337919,0.545028
-0.077250,0.006189,0.176992,0.130488,0.138513,0.074004,0.132246,0.106193,0.168293,0.116686,0.171707,0.045826,0.082626,0.204775,0.229331,0.201073,0.086002,0.093673,0.266671,0.132450,0.263450,0.185806,0.193648,0.153977,0.121510,-0.037601,0.139855,0.073293,0.297477,0.103940,0.236546,0.088852,0.068030,-0.051557,-0.051565,-0.215407,0.175201,0.208011,0.286061,0.260707,0.000000,0.614457,0.177826,0.207693,0.008582,0.078964,0.193763,0.112529,0.239844,0.113059,0.200544,0.075342,0.196171,0.074021,0.268628,0.126443,-0.084542,-0.052812,0.020695,0.054424,0.009446,0.051311,0.107023,0.088215,-0.016360,-0.090286,0.056243,-0.056812,0.165931,0.078901,-0.154927,-0.089128,0.631171,0.482599,0.373594,0.497798,0.088448,0.192745,0.030422,0.009885,0.079692,0.077604,0.182270,0.199983,-0.055281,-0.130268,-0.013036,-0.062961,0.146148,0.161008
-0.029084,-0.050548,0.073716,0.026989,-0.058765,0.102996,0.004606,0.086841,-0.028368,0.004178,0.055309,0.079338,0.006040,0.163532,0.055409,0.051487,-0.049279,-0.023095,0.290204,0.115893,0.134736,0.259310,-0.009512,0.086228,-0.069233,-0.075642,-0.010783,-0.109983,0.189650,0.000561,0.002934,-0.139629,0.125007,-0.055783,-0.177409,-0.236812,0.092426,0.441240,0.278211,0.433824,0.614457,0.000000,0.163475,0.172904,0.028520,0.088863,0.206950,0.119718,0.231479,0.138868,0.182509,0.120210,0.221426,0.123102,0.297208,0.117375,-0.121767,-0.180452,0.006670,0.108038,0.070376,0.154056,0.027528,0.208433,-0.149839,-0.079273,0.137353,0.111561,0.120692,0.054606,-0.171480,-0.177143,0.593729,0.544056,0.494014,0.570579,0.026751,0.328922,-0.129163,-0.018492,0.003675,-0.033296,0.241062,0.235243,-0.171029,-0.206058,-0.130142,-0.035671,0.131321,0.227021
0.238148,0.297652,0.138846,0.308735,0.107953,0.546330,0.064327,0.138001,0.081668,0.120055,-0.224399,0.110409,-0.143752,0.097135,0.244921,0.386507,-0.009474,0.091320,0.309362,0.283786,0.116085,0.298458,0.177985,0.332710,0.234295,0.260036,0.429752,0.193770,0.088037,0.052141,0.040563,0.118786,0.161367,0.053688,0.211879,0.291783,0.223672,0.409843,0.096357,0.313045,0.177826,0.163475,0.000000,2.127238,1.400712,1.587250,2.065068,1.725954,1.520756,1.308584,1.044272,0.701509,1.030543,0.845137,0.914083,0.996745,0.163516,0.204419,0.252547,0.673795,-0.042037,0.349473,-0.430708,0.163205,0.058127,0.173214,0.550620,0.533989,0.234720,0.316130,-0.085946,-0.087378,0.109652,0.088160,0.210017,0.261314,0.025145,0.200196,0.191525,-0.020919,0.137763,0.220703,0.235276,0.263339,0.216816,0.050555,0.232559,0.285197,-0.017616,0.386109
0.192487,0.258523,0.101543,0.277605,0.138440,0.533502,0.053018,0.124853,0.120597,0.177542,-0.196475,0.123293,-0.138776,0.127873,0.244440,0.405963,0.004613,0.070862,0.245519,0.223627,0.134304,0.278519,0.176518,0.326694,0.238918,0.217592,0.448263,0.209912,0.096161,0.068549,0.061814,0.138382,0.159176,0.058041,0.190892,0.258735,0.235243,0.356732,0.056519,0.284578,0.207693,0.172904,2.127238,0.000000,1.329663,1.596541,1.787635,1.659261,1.495432,1.295676,0.993841,0.637782,0.924006,0.757818,0.834574,0.916510,0.131889,0.170408,0.188971,0.575586,-0.038839,0.314397,-0.349133,0.193092,0.078825,0.147318,0.477146,0.485733,0.155542,0.245561,-0.107487,-0.096664,0.100332,0.075806,0.214130,0.272890,0.003941,0.179327,0.194426,-0.025646,0.157502,0.204771,0.211951,0.254717,0.207626,0.014593,0.211740,0.235965,-0.069646,0.321798
0.434268,0.493382,0.186421,0.320872,0.099990,0.448993,0.105170,0.190112,0.085350,0.023247,-0.199332,0.156910,-0.093479,0.159700,0.253840,0.396160,0.158819,0.219523,0.286659,0.278085,0.183694,0.281766,0.196238,0.271727,0.295480,0.343905,0.435871,0.202020,0.148264,0.134276,0.119557,0.225563,0.338885,0.313564,0.379389,0.431067,0.206528,0.289953,0.095800,0.256961,0.008582,0.028520,1.400712,1.329663,0.000000,1.985076,1.404587,1.652402,1.109633,1.500908,1.052860,0.842962,0.963080,0.892534,0.916652,1.087651,0.379418,0.431866,0.413796,0.792456,0.040929,0.436577,-0.312624,0.305184,0.174154,0.280426,0.753275,0.762562,0.296535,0.387850,-0.151683,-0.069885,0.007993,0.008718,0.097730,0.159199,0.024230,0.105477,0.313705,0.120373,0.318290,0.426867,0.202383,0.277222,0.516591,0.309674,0.291621,0.332733,0.097572,0.457949
0.341123,0.410529,0.178862,0.329392,0.089984,0.478849,0.125615,0.183168,0.096274,0.077671,-0.174045,0.159111,-0.090927,0.167256,0.241680,0.386370,0.090554,0.146915,0.289285,0.284808,0.163367,0.275087,0.217109,0.339605,0.281936,0.326884,0.409007,0.174949,0.100608,0.077244,0.083645,0.196698,0.291819,0.245148,0.317523,0.345174,0.181314,0.273669,0.080589,0.255216,0.078964,0.088863,1.587250,1.596541,1.985076,0.000000,1.605080,1.817047,1.262848,1.626896,1.066570,0.793648,0.968777,0.859814,0.934345,1.024784,0.276549,0.337078,0.354291,0.725944,0.049059,0.388003,-0.310399,0.256024,0.180018,0.248138,0.655231,0.665393,0.231431,0.337833,-0.153720,-0.094710,0.033876,0.024180,0.131685,0.175848,0.010731,0.087889,0.269159,0.021313,0.237085,0.350028,0.194904,0.238109,0.403168,0.218118,0.229399,0.257415,0.042860,0.396800
0.290719,0.367396,0.122431,0.280338,0.081726,0.549181,0.034566,0.121610,0.037055,0.125844,-0.205913,0.153531,-0.108259,0.144690,0.235156,0.386491,0.045839,0.156487,0.305144,0.279451,0.161554,0.290891,0.161647,0.330934,0.230740,0.257108,0.436215,0.201515,0.132479,0.072685,0.041795,0.124353,0.196371,0.104017,0.185019,0.278936,0.254373,0.416478,0.140814,0.336237,0.193763,0.206950,2.065068,1.787635,1.404587,1.605080,0.000000,1.987065,1.418563,1.345509,1.076576,0.766095,1.073406,0.872544,1.021009,1.110581,0.228041,0.264937,0.312981,0.784393,0.000400,0.361710,-0.370118,0.249652,0.041410,0.172519,0.608639,0.596929,0.270794,0.366505,-0.125056,-0.099243,0.112413,0.108819,0.212947,0.272198,0.022420,0.213640,0.203903,-0.021779,0.199775,0.276304,0.246494,0.268901,0.288232,0.095009,0.234077,0.289324,0.038485,0.438124
0.404918,0.475035,0.178228,0.327670,0.125065,0.526891,0.084509,0.162691,0.063026,0.113469,-0.242780,0.122106,-0.124663,0.100515,0.238982,0.401882,0.068140,0.155800,0.305541,0.331144,0.164501,0.308600,0.193154,0.328704,0.276118,0.313905,0.471089,0.240328,0.069874,0.050468,0.079742,0.179300,0.291197,0.221173,0.259587,0.344158,0.256130,0.376133,0.140254,0.327458,0.112529,0.119718,1.725954,1.659261,1.652402,1.817047,1.987065,0.000000,1.274993,1.447873,1.114657,0.843620,1.077385,0.966677,1.008933,1.170722,0.347223,0.381891,0.398076,0.830356,0.048457,0.402513,-0.321329,0.226652,0.111688,0.253151,0.687136,0.684358,0.313909,0.431024,-0.121827,-0.063201,0.007726,0.009724,0.128096,0.179920,0.000509,0.147060,0.236952,0.010882,0.244525,0.379930,0.220367,0.265515,0.415944,0.238745,0.235859,0.288739,0.102369,0.460296
