0.000000,0.834723,0.868553,0.699666,0.817190,0.605063,1.257405,0.840715,0.165550,0.026888,1.410306,0.563008,1.429848,0.647461,1.025226,0.939706,1.292377,0.728193,1.390685,1.309802,0.490417,0.479475,0.696392,0.524033,0.483172,0.443029,0.778805,0.349781,1.227819,0.595324,0.682637,0.510135,1.107235,1.037580,0.786363,0.853886,0.487478,0.372880,0.517965,0.526191,0.483665,0.328539,0.919604,0.758338,0.695624,0.758419,0.895599,0.758734,0.634059,0.656745,0.707849,0.602699,1.029361,0.659344,1.222108,0.784775,1.238440,1.016810,1.294787,0.891553,1.627877,0.909912,1.528142,1.012091,0.544306,0.585890,1.096704,0.940831,0.990511,0.864926,0.904835,0.849144,1.038941,0.740083,0.747471,0.819220,1.143930,1.026134,1.125995,0.537200,1.257800,0.789390,0.393133,0.480695,1.057684,0.688601,0.746035,0.427940,1.320634,1.127223
0.834723,0.000000,0.526236,0.901953,0.610228,0.418668,0.744481,0.981829,0.056183,-0.074734,0.737307,0.958971,0.611803,0.976943,0.555990,0.805112,0.687798,1.219105,0.786718,1.035134,0.480792,0.475224,0.501333,0.501642,0.306884,0.299341,0.441446,0.644488,0.638321,0.672764,0.647576,0.565597,0.957254,1.137276,0.649283,0.685698,0.093199,0.451027,0.319179,0.499470,0.419796,0.166618,0.850847,0.817935,0.693466,0.764094,0.709514,0.759935,0.521191,0.727568,0.483670,0.655730,0.673579,0.498811,0.747650,0.896626,0.811767,1.332431,0.854768,1.077689,0.695435,1.268446,0.679113,1.208960,0.204311,0.728653,0.825623,0.824055,0.752810,0.753757,0.666485,0.794269,0.678915,0.924257,0.520748,0.825425,0.890656,0.870622,0.647873,0.615574,0.705771,1.079338,0.296795,0.702785,0.603542,0.653770,0.764822,0.754336,0.624334,0.928185
0.868553,0.526236,0.000000,0.953634,0.746656,0.663303,1.310083,0.856893,0.073313,0.240863,0.858139,0.465029,0.919744,0.613381,0.915190,0.979335,0.714642,0.469073,1.061829,1.021562,0.589401,0.556906,1.242390,0.976066,0.526520,0.673779,0.736734,0.454628,0.770640,0.492388,0.895733,0.845456,0.962367,0.953006,1.063579,0.980421,0.521307,0.535098,0.426193,0.521926,0.482049,0.280414,1.010526,0.815439,0.871991,0.954429,1.020042,0.897774,0.920382,0.940081,1.059619,0.881304,0.803096,0.738493,0.983129,0.777982,0.712766,0.649712,0.815213,0.546183,0.718476,0.529386,0.677544,0.532591,0.852395,0.786729,1.058115,1.036941,0.616665,0.641079,0.852254,0.804629,0.793309,0.622150,0.617441,0.577680,0.920569,0.857356,0.806173,0.500011,0.796563,0.648817,0.242001,0.374763,0.940716,0.797561,0.685030,0.364402,0.976430,0.774542
0.699666,0.901953,0.953634,0.000000,0.872920,0.689581,0.979640,1.732282,-0.050266,0.038636,0.663161,0.680138,0.694871,0.806902,0.767734,0.991159,0.675671,0.834067,0.812820,1.274395,0.641533,0.684093,0.962940,1.169362,0.495128,0.569283,0.536573,0.784173,0.637661,0.625131,0.844130,0.895410,1.047049,1.218542,1.085856,0.993540,0.260169,0.615913,0.444683,0.578824,0.508872,0.277683,1.130421,0.947670,0.911975,1.182895,0.911496,0.899724,0.881186,1.124799,0.857702,1.051047,0.824189,0.572036,0.920204,0.992347,0.689389,0.932120,0.950748,0.921787,0.614795,0.903143,0.646050,0.902067,0.498742,1.225318,1.225149,1.410726,0.664279,0.723969,0.942800,0.882530,0.795810,1.047907,0.645661,0.812792,1.037152,1.117257,0.699707,0.611089,0.737228,0.908411,0.264449,0.577566,0.838219,1.042617,0.755448,0.569262,0.780826,1.025915
0.817190,0.610228,0.746656,0.872920,0.000000,1.161913,0.893502,0.855896,0.213053,0.195446,0.674817,0.333398,0.751259,0.460124,0.735958,0.799696,0.686814,0.464563,0.853603,1.015331,0.551601,0.556877,0.713869,0.688318,0.851886,0.683539,0.988516,0.561109,0.642368,0.390451,0.485315,0.453968,0.689925,0.821265,0.789696,0.899239,0.295021,0.326790,0.495600,0.424604,0.357615,0.253222,0.797266,0.665766,0.553265,0.727671,0.697509,0.758169,0.541720,0.662739,0.770482,0.706974,1.204368,0.791765,0.946336,0.788515,0.608589,0.662649,0.978758,0.833480,0.708503,0.580191,0.736802,0.635132,0.405673,0.644160,0.976997,0.964260,0.770384,0.668878,0.847010,0.823515,0.608667,0.589660,0.615479,0.644358,1.088018,1.108648,0.638017,0.451799,0.705288,0.523441,0.111722,0.317766,0.761996,0.618303,0.547794,0.307342,1.006189,1.003266
0.605063,0.418668,0.663303,0.689581,1.161913,0.000000,0.686608,0.623272,0.097815,0.200900,0.519431,0.267873,0.588288,0.466636,0.505929,0.718612,0.489386,0.298996,0.697819,0.794328,0.384298,0.478147,0.702401,0.697314,0.915572,0.861950,0.993029,0.557700,0.446301,0.244363,0.324038,0.377593,0.488194,0.601094,0.636784,0.749619,0.295462,0.248986,0.412690,0.350024,0.347627,0.213005,0.555200,0.469311,0.367695,0.504515,0.525755,0.560915,0.425988,0.522218,0.688697,0.613944,0.955973,0.705454,0.736357,0.653805,0.377832,0.416093,0.707605,0.598208,0.517920,0.428001,0.546663,0.447149,0.357953,0.480999,0.672337,0.691883,0.545420,0.553835,0.647619,0.623696,0.446028,0.450371,0.499575,0.488085,0.846752,0.863638,0.476841,0.322802,0.487891,0.356879,-0.018781,0.187725,0.622498,0.527027,0.369763,0.204518,0.804449,0.796937
1.257405,0.744481,1.310083,0.979640,0.893502,0.686608,0.000000,1.198848,0.164189,0.181242,1.039657,0.594435,1.100486,0.668691,0.942138,0.960426,0.947206,0.672240,1.270207,1.322698,0.484543,0.502844,0.774462,0.629979,0.471723,0.441927,0.663363,0.445193,0.973456,0.598304,0.670384,0.556542,1.045985,1.133393,0.854036,0.937804,0.396210,0.384874,0.437551,0.450774,0.399575,0.248359,0.940622,0.771196,0.748968,0.883651,0.889136,0.834853,0.713484,0.823303,0.952595,0.829604,1.060378,0.816843,1.080345,0.829867,0.835252,0.838911,1.197968,0.845282,1.236031,0.847734,1.059879,0.887291,0.542712,0.740155,1.234524,1.120515,0.805368,0.778370,0.823858,0.766598,0.845943,0.722598,0.692138,0.687632,1.095696,1.010632,0.894337,0.481714,0.965088,0.758273,0.323729,0.488388,1.001704,0.795125,0.619576,0.399835,1.184329,1.090430
0.840715,0.981829,0.856893,1.732282,0.855896,0.623272,1.198848,0.000000,0.039258,0.011079,0.751990,0.765659,0.803789,0.819486,0.831152,0.942094,0.763606,0.929524,0.904463,1.375157,0.534665,0.596022,0.722376,0.801105,0.400575,0.354028,0.461430,0.672273,0.751757,0.694170,0.701555,0.654009,1.062854,1.278700,0.913231,0.889339,0.203824,0.497223,0.401923,0.544643,0.440827,0.212502,1.073424,0.902549,0.864012,1.079598,0.864613,0.854016,0.801960,1.022429,0.776448,0.932774,0.869023,0.592057,0.930609,0.969219,0.732621,0.979034,1.077295,1.014669,0.841349,1.090912,0.808487,1.125112,0.371680,1.044484,1.206301,1.282928,0.701765,0.781105,0.810877,0.762509,0.769233,1.004613,0.628557,0.798493,0.991129,1.040620,0.736838,0.537683,0.788598,0.916833,0.298668,0.591823,0.832979,0.952660,0.653008,0.529424,0.832086,1.106277
0.165550,0.056183,0.073313,-0.050266,0.213053,0.097815,0.164189,0.039258,0.000000,0.366121,0.139628,0.122731,0.159330,0.059950,0.308540,0.104933,0.092979,0.043755,0.109745,0.059829,0.009713,-0.018288,-0.078909,-0.150969,0.062234,-0.043503,0.060272,-0.067531,0.132636,0.050189,-0.092281,-0.167937,-0.036732,-0.031329,-0.123753,-0.038361,0.005153,-0.135320,-0.149368,-0.164311,-0.107419,0.040239,-0.026258,-0.027994,-0.077371,-0.058292,0.030568,0.065365,-0.061959,-0.032570,0.062805,0.015804,0.194846,0.292036,0.035598,-0.042568,-0.003237,-0.041911,0.061683,0.005791,0.176962,0.070288,0.133792,0.042008,-0.128517,-0.131571,-0.012444,-0.060158,0.084728,0.040941,-0.076454,-0.091744,-0.018478,-0.130205,-0.013562,0.003943,-0.018252,-0.040318,-0.004825,-0.120537,0.083193,-0.001546,0.091830,0.054694,0.026820,-0.056332,-0.068381,0.008327,0.106612,0.063196
0.026888,-0.074734,0.240863,0.038636,0.195446,0.200900,0.181242,0.011079,0.366121,0.000000,0.074149,0.037820,0.043195,0.022433,-0.003316,0.113668,-0.045935,-0.139831,0.115370,0.018153,-0.112574,0.159169,0.130319,0.062161,0.169645,0.220345,0.191547,0.076421,0.022174,-0.033998,-0.025044,-0.012821,-0.017786,-0.042847,-0.007725,0.102985,0.014090,-0.015205,-0.105776,-0.118921,-0.100192,-0.013447,-0.056835,-0.031873,-0.077078,-0.008487,0.018518,0.039142,0.005064,0.055250,0.184505,0.115601,0.193190,0.272597,0.040446,0.053690,-0.114834,-0.136243,0.048130,-0.013271,-0.004431,-0.054286,-0.067263,-0.150880,0.068096,0.016254,0.041378,0.054624,-0.041127,-0.006743,0.002826,-0.023278,0.008025,-0.128943,0.023948,0.007077,0.053358,0.037322,-0.047324,-0.102191,-0.061900,-0.102076,-0.082922,-0.036784,-0.011105,-0.037559,-0.115387,-0.083129,0.110953,0.048038
1.410306,0.737307,0.858139,0.663161,0.674817,0.519431,1.039657,0.751990,0.139628,0.074149,0.000000,0.819226,1.690167,0.914380,1.010346,1.175454,0.997536,0.757816,1.440076,1.127098,0.480181,0.445689,0.845274,0.620143,0.593405,0.589554,0.719177,0.472309,1.112634,0.704349,0.769246,0.598424,1.001208,0.945058,0.847154,0.820082,0.372373,0.407343,0.459342,0.483662,0.411213,0.308709,0.897943,0.726809,0.656941,0.706872,0.836570,0.656559,0.600123,0.636156,0.622546,0.576366,0.804046,0.567285,0.968613,0.701560,0.825884,0.786774,0.928514,0.649210,1.164684,0.842210,1.031505,0.872279,0.721148,0.682035,0.850562,0.775320,0.643654,0.574474,0.857632,0.861553,0.919511,0.723114,0.751826,0.768243,0.973307,0.891509,0.994828,0.540352,1.054945,0.874283,0.450064,0.609843,1.032539,0.734727,0.818051,0.654895,1.039354,0.920942
0.563008,0.958971,0.465029,0.680138,0.333398,0.267873,0.594435,0.765659,0.122731,0.037820,0.819226,0.000000,0.682542,1.523702,0.535315,0.867654,0.452895,1.090479,0.708568,0.769851,0.338918,0.428858,0.551934,0.525768,0.338755,0.340813,0.295656,0.751637,0.586014,0.882626,0.601700,0.513081,0.750449,0.781759,0.532376,0.491785,0.017721,0.371605,0.223423,0.386938,0.369574,0.240078,0.617774,0.608146,0.505461,0.558052,0.545497,0.482400,0.413963,0.551420,0.359067,0.539453,0.426458,0.361020,0.497380,0.591415,0.352790,0.641427,0.510626,0.542553,0.558554,1.017199,0.441238,0.895361,0.311455,0.768977,0.495555,0.530800,0.273485,0.332931,0.425587,0.541076,0.512232,0.780732,0.366388,0.600884,0.546920,0.588088,0.526194,0.517555,0.510275,1.069909,0.406284,0.796420,0.546951,0.705857,0.589903,0.861575,0.447548,0.651795
1.429848,0.611803,0.919744,0.694871,0.751259,0.588288,1.100486,0.803789,0.159330,0.043195,1.690167,0.682542,0.000000,0.805933,1.317262,1.196005,1.063402,0.683320,1.462584,1.209355,0.575493,0.525635,0.926970,0.714424,0.546572,0.553301,0.780997,0.433510,1.201647,0.718320,0.813695,0.612912,1.006511,0.930015,0.876831,0.827803,0.512878,0.441402,0.563314,0.584987,0.536517,0.460192,0.944342,0.755915,0.728602,0.788476,0.909183,0.707833,0.710616,0.716289,0.693080,0.609090,0.907722,0.627351,1.158220,0.752642,0.862325,0.768995,0.954119,0.651614,1.273937,0.780279,1.184752,0.886642,0.757283,0.686207,0.928872,0.853491,0.712853,0.593669,0.894579,0.795726,0.996193,0.728695,0.756925,0.766599,0.913223,0.870948,1.068110,0.563205,1.165894,0.800846,0.341919,0.459486,1.173213,0.820857,0.763912,0.473951,1.242153,0.980656
0.647461,0.976943,0.613381,0.806902,0.460124,0.466636,0.668691,0.819486,0.059950,0.022433,0.914380,1.523702,0.805933,0.000000,0.640208,1.154659,0.489774,0.964823,0.862939,0.936162,0.468982,0.449533,0.788230,0.750765,0.445475,0.516969,0.495281,0.785423,0.594941,0.758801,0.734252,0.681335,0.807858,0.902156,0.746039,0.694722,0.134105,0.454171,0.351557,0.515209,0.467925,0.296300,0.771860,0.712832,0.622473,0.685037,0.676774,0.593941,0.521757,0.686485,0.430122,0.608331,0.519673,0.395524,0.657753,0.739735,0.458344,0.747674,0.597796,0.593813,0.590710,1.028695,0.510800,0.889751,0.472316,0.924427,0.604939,0.647943,0.389824,0.428021,0.632193,0.750725,0.634427,0.859596,0.513006,0.754379,0.690419,0.725106,0.610502,0.611195,0.598650,1.136875,0.351063,0.785830,0.702514,0.812242,0.797593,0.928981,0.622083,0.808903
1.025226,0.555990,0.915190,0.767734,0.735958,0.505929,0.942138,0.831152,0.308540,-0.003316,1.010346,0.535315,1.317262,0.640208,0.000000,1.089153,0.930270,0.641969,1.073099,1.048729,0.692330,0.580112,0.825360,0.723647,0.356412,0.402507,0.656616,0.406251,0.960350,0.639568,0.909390,0.704485,0.932340,0.900423,0.852433,0.791330,0.569425,0.503952,0.582423,0.612341,0.497772,0.509957,1.055280,0.896922,0.932413,0.977798,1.073949,0.885766,0.883213,0.850685,0.721114,0.653305,0.792366,0.614887,1.139423,0.772506,0.873440,0.779593,0.845506,0.612509,0.937821,0.686981,0.928026,0.769061,0.652998,0.693702,0.959883,0.886960,0.738208,0.586420,0.887510,0.734750,0.910016,0.626809,0.630697,0.735762,0.788752,0.752076,0.944125,0.551639,1.065865,0.773494,0.416243,0.460582,1.010418,0.820844,0.806018,0.434111,1.069279,0.838701
0.939706,0.805112,0.979335,0.991159,0.799696,0.718612,0.960426,0.942094,0.104933,0.113668,1.175454,0.867654,1.196005,1.154659,1.089153,0.000000,0.840391,0.898204,1.266855,1.284699,0.718192,0.670493,1.162308,1.012766,0.625491,0.733601,0.868246,0.790055,0.873406,0.826826,0.984122,0.883380,1.054992,1.103575,1.051306,0.992807,0.441006,0.597388,0.572226,0.654871,0.575136,0.461158,1.133559,0.912023,0.786539,0.943285,1.009582,0.829760,0.772803,0.900916,0.722694,0.758349,0.891376,0.622600,1.028013,0.892292,0.735852,0.897114,0.857408,0.725643,0.798175,0.918078,0.761886,0.917863,0.755316,0.992326,0.919945,0.944393,0.650569,0.544207,1.009617,1.029548,0.944777,0.940605,0.789777,0.964874,1.065583,1.072900,0.953448,0.775065,0.992308,1.052747,0.345359,0.693684,0.959560,0.943071,0.915563,0.740703,0.989407,1.060796
1.292377,0.687798,0.714642,0.675671,0.686814,0.489386,0.947206,0.763606,0.092979,-0.045935,0.997536,0.452895,1.063402,0.489774,0.930270,0.840391,0.000000,0.868930,0.952087,1.063754,0.663613,0.566436,0.632751,0.529891,0.325676,0.374235,0.666680,0.285606,1.464701,0.838713,0.828920,0.664292,1.103782,1.032582,0.710108,0.708507,0.571319,0.383512,0.602547,0.637189,0.566631,0.456189,0.932746,0.868464,0.787914,0.895398,0.933330,0.838383,0.788936,0.770759,0.750955,0.666563,0.962650,0.632362,1.129404,0.783869,1.226234,0.967843,1.025255,0.808484,1.093448,0.791291,1.348709,1.015732,0.491814,0.513970,1.028332,0.892577,0.998485,0.697413,0.889406,0.755179,1.045337,0.773468,0.768554,0.699502,0.968025,0.976840,1.314060,0.657884,1.496241,0.828768,0.444805,0.522751,0.901494,0.742473,0.668165,0.400483,0.952208,0.949503
0.728193,1.219105,0.469073,0.834067,0.464563,0.298996,0.672240,0.929524,0.043755,-0.139831,0.757816,1.090479,0.683320,0.964823,0.641969,0.898204,0.868930,0.000000,0.781125,0.964016,0.564746,0.571663,0.540042,0.520222,0.277680,0.248779,0.357175,0.741718,0.807909,1.132002,0.788658,0.685994,1.018666,1.118393,0.591155,0.554393,0.146952,0.464436,0.387895,0.512980,0.446056,0.346195,0.836392,0.842553,0.680775,0.789220,0.729604,0.679771,0.579962,0.708951,0.445502,0.600552,0.624786,0.403878,0.686727,0.746949,0.715073,1.141219,0.730913,0.798700,0.725020,1.298299,0.729859,1.463385,0.295424,0.725255,0.733806,0.707172,0.567173,0.500330,0.616360,0.686623,0.685662,1.063481,0.555439,0.741935,0.752116,0.866194,0.802949,0.809637,0.855800,1.402686,0.414197,0.853278,0.614342,0.760210,0.679442,0.831081,0.563947,0.864731
1.390685,0.786718,1.061829,0.812820,0.853603,0.697819,1.270207,0.904463,0.109745,0.115370,1.440076,0.708568,1.462584,0.862939,1.073099,1.266855,0.952087,0.781125,0.000000,1.495771,0.596319,0.607347,1.006080,0.732322,0.638976,0.580712,0.876583,0.590960,1.042174,0.702414,0.869799,0.698933,1.063882,1.141975,0.994562,1.014797,0.426085,0.484020,0.529870,0.578922,0.476064,0.333346,1.014313,0.891216,0.787158,0.846178,0.984626,0.828596,0.719374,0.748100,0.684086,0.617692,0.947773,0.647597,1.149268,0.849658,0.833952,0.895529,0.956676,0.698880,1.096610,0.845628,0.994875,0.912138,0.665691,0.733258,0.998087,0.899978,0.736415,0.663977,0.945181,0.958045,0.942678,0.829956,0.801809,0.900818,1.101119,1.080281,0.974808,0.585777,1.012476,0.886183,0.383925,0.617270,0.999497,0.735101,0.779824,0.522995,1.225105,1.045350
1.309802,1.035134,1.021562,1.274395,1.015331,0.794328,1.322698,1.375157,0.059829,0.018153,1.127098,0.769851,1.209355,0.936162,1.048729,1.284699,1.063754,0.964016,1.495771,0.000000,0.696262,0.684499,1.021984,0.939430,0.591029,0.587821,0.824779,0.654937,1.018074,0.721066,0.881700,0.794425,1.218539,1.422098,1.173207,1.186836,0.427685,0.558446,0.541537,0.710651,0.624397,0.352177,1.181940,1.017634,0.916082,1.083678,1.071308,0.983614,0.830307,0.994688,0.804818,0.875750,1.130978,0.715723,1.339342,1.090753,0.947361,1.161138,1.234906,1.032210,1.075512,1.110194,1.074658,1.258228,0.546862,0.950871,1.390516,1.367305,0.923098,0.967639,1.017128,0.994785,1.033612,1.119078,0.795619,1.021535,1.339003,1.404446,0.989482,0.629170,1.044439,1.027337,0.381768,0.682277,1.060080,0.967508,0.841227,0.568059,1.189248,1.430372
0.490417,0.480792,0.589401,0.641533,0.551601,0.384298,0.484543,0.534665,0.009713,-0.112574,0.480181,0.338918,0.575493,0.468982,0.692330,0.718192,0.663613,0.564746,0.596319,0.696262,0.000000,0.690927,0.726497,0.705742,0.318356,0.475463,0.608899,0.376668,0.630787,0.590993,0.936838,0.876410,0.679550,0.728602,0.704015,0.572344,0.552909,0.663472,0.671106,0.778765,0.709104,0.642840,0.773572,0.783760,0.706217,0.781321,0.774650,0.814970,0.696285,0.721704,0.622712,0.649320,0.585837,0.493669,0.805934,0.763669,0.578980,0.616882,0.512537,0.531076,0.381124,0.492652,0.466599,0.551327,0.469323,0.574330,0.679974,0.674889,0.608438,0.382396,0.829134,0.775701,0.739820,0.648218,0.558927,0.583187,0.609845,0.701511,0.775805,0.678418,0.756543,0.653573,0.239480,0.414259,0.596674,0.681400,0.724575,0.382248,0.600037,0.645069
0.479475,0.475224,0.556906,0.684093,0.556877,0.478147,0.502844,0.596022,-0.018288,0.159169,0.445689,0.428858,0.525635,0.449533,0.580112,0.670493,0.566436,0.571663,0.607347,0.684499,0.690927,0.000000,0.676225,0.687049,0.389124,0.503917,0.550888,0.595608,0.500989,0.570295,0.725064,0.749027,0.676739,0.716640,0.655319,0.613341,0.334402,0.477996,0.440436,0.517132,0.626118,0.489156,0.711482,0.748258,0.675180,0.748822,0.765960,0.749178,0.705581,0.680951,0.666772,0.638629,0.677284,0.509422,0.748724,0.721039,0.488427,0.538176,0.542127,0.491519,0.381381,0.436983,0.418629,0.515851,0.366711,0.566734,0.687368,0.686130,0.437251,0.342840,0.666469,0.641980,0.663063,0.684497,0.551024,0.631523,0.603519,0.685513,0.615165,0.530586,0.607938,0.585076,0.121749,0.368742,0.494226,0.570744,0.607690,0.410966,0.589741,0.611643
0.696392,0.501333,1.242390,0.962940,0.713869,0.702401,0.774462,0.722376,-0.078909,0.130319,0.845274,0.551934,0.926970,0.788230,0.825360,1.162308,0.632751,0.540042,1.006080,1.021984,0.726497,0.676225,0.000000,1.707600,0.757872,1.039741,0.836557,0.670733,0.689569,0.576041,1.095052,1.152269,0.893469,0.874996,1.230968,1.011215,0.519772,0.648792,0.503365,0.628958,0.615514,0.418387,0.985597,0.821033,0.795818,0.920315,0.940380,0.792040,0.880254,0.924109,0.828148,0.815074,0.710707,0.571068,0.915599,0.791852,0.580322,0.625839,0.651929,0.484340,0.512456,0.508918,0.549241,0.544170,0.994618,0.914814,0.873407,0.947625,0.498492,0.524243,0.949359,0.930125,0.804512,0.789927,0.677474,0.701659,0.881790,0.949504,0.767756,0.612149,0.726834,0.730286,0.208189,0.429511,0.890939,0.879002,0.798414,0.494414,0.819579,0.753046
0.524033,0.501642,0.976066,1.169362,0.688318,0.697314,0.629979,0.801105,-0.150969,0.062161,0.620143,0.525768,0.714424,0.750765,0.723647,1.012766,0.529891,0.520222,0.732322,0.939430,0.705742,0.687049,1.707600,0.000000,0.644851,0.993535,0.692933,0.715502,0.527984,0.506942,0.991528,1.151966,0.852605,0.837918,1.193256,0.952670,0.467057,0.716125,0.509467,0.677807,0.683982,0.420413,0.952624,0.792793,0.784707,0.960917,0.851035,0.756318,0.887922,0.993668,0.805335,0.891833,0.647810,0.510134,0.842028,0.818791,0.508532,0.608144,0.626763,0.513972,0.392512,0.507021,0.457065,0.542370,0.823027,1.023665,0.859967,1.013058,0.462510,0.494408,0.923844,0.857673,0.763790,0.860910,0.617027,0.700844,0.826963,0.911100,0.629557,0.565835,0.594711,0.677672,0.135237,0.378926,0.790580,0.948768,0.766517,0.467121,0.675546,0.719565
0.483172,0.306884,0.526520,0.495128,0.851886,0.915572,0.471723,0.400575,0.062234,0.169645,0.593405,0.338755,0.546572,0.445475,0.356412,0.625491,0.325676,0.277680,0.638976,0.591029,0.318356,0.389124,0.757872,0.644851,0.000000,1.180697,0.802483,0.612339,0.406942,0.299078,0.273480,0.312097,0.346432,0.410891,0.585974,0.660835,0.125687,0.234476,0.218535,0.167066,0.224768,0.155575,0.401950,0.278155,0.167452,0.276939,0.312069,0.292651,0.197563,0.251021,0.440535,0.373262,0.687845,0.467858,0.454269,0.339006,0.192112,0.279931,0.503456,0.370245,0.385651,0.251907,0.367119,0.315114,0.459422,0.409011,0.476882,0.494235,0.270771,0.316372,0.523897,0.697367,0.361122,0.441751,0.499952,0.440312,0.704299,0.787009,0.372416,0.342875,0.374709,0.348663,0.032558,0.252151,0.544693,0.424068,0.314603,0.305711,0.568882,0.548474
0.443029,0.299341,0.673779,0.569283,0.683539,0.861950,0.441927,0.354028,-0.043503,0.220345,0.589554,0.340813,0.553301,0.516969,0.402507,0.733601,0.374235,0.248779,0.580712,0.587821,0.475463,0.503917,1.039741,0.993535,1.180697,0.000000,0.939973,0.594663,0.411727,0.321850,0.520494,0.614221,0.452161,0.456388,0.739302,0.711521,0.354832,0.467881,0.342879,0.357125,0.472435,0.348564,0.517222,0.379477,0.286336,0.403609,0.467094,0.422445,0.357348,0.413876,0.636431,0.556556,0.668442,0.538659,0.571175,0.468328,0.262440,0.301242,0.472296,0.335757,0.301284,0.246093,0.329638,0.270728,0.688229,0.542170,0.525991,0.578895,0.307298,0.306753,0.682748,0.791239,0.549847,0.522977,0.567387,0.516434,0.715611,0.755468,0.461529,0.435450,0.438176,0.399556,0.039708,0.239699,0.627300,0.570854,0.520943,0.374860,0.569502,0.521662
0.778805,0.441446,0.736734,0.536573,0.988516,0.993029,0.663363,0.461430,0.060272,0.191547,0.719177,0.295656,0.780997,0.495281,0.656616,0.868246,0.666680,0.357175,0.876583,0.824779,0.608899,0.550888,0.836557,0.692933,0.802483,0.939973,0.000000,0.420302,0.664931,0.398304,0.616154,0.576167,0.623819,0.649937,0.753608,0.839247,0.509828,0.432164,0.556420,0.532829,0.543828,0.370408,0.651560,0.574727,0.455160,0.530810,0.679738,0.645687,0.462880,0.496516,0.638094,0.500501,0.980024,0.733437,0.903754,0.673564,0.572770,0.550076,0.732094,0.570300,0.590476,0.413184,0.622396,0.467915,0.552485,0.458156,0.705225,0.676669,0.660580,0.530188,0.840433,0.862665,0.699249,0.545085,0.676248,0.672880,0.885559,0.873369,0.684460,0.526872,0.691070,0.478858,0.102574,0.296928,0.695444,0.474702,0.605465,0.293520,0.973643,0.772420
0.349781,0.644488,0.454628,0.784173,0.561109,0.557700,0.445193,0.672273,-0.067531,0.076421,0.472309,0.751637,0.433510,0.785423,0.406251,0.790055,0.285606,0.741718,0.590960,0.654937,0.376668,0.595608,0.670733,0.715502,0.612339,0.594663,0.420302,0.000000,0.296253,0.535393,0.540701,0.568343,0.609775,0.685031,0.589817,0.578110,-0.009686,0.530568,0.264230,0.290016,0.280237,0.241770,0.644872,0.591091,0.437576,0.565948,0.509593,0.494064,0.417256,0.544081,0.436463,0.528855,0.507844,0.335134,0.462584,0.582648,0.281594,0.563506,0.476725,0.530337,0.316863,0.650056,0.272065,0.589238,0.373040,0.771815,0.534186,0.583336,0.280881,0.278168,0.525742,0.663627,0.417394,0.742922,0.428057,0.576772,0.633131,0.724836,0.413943,0.564135,0.413819,0.749790,0.116287,0.501813,0.443480,0.629836,0.538848,0.635377,0.438974,0.629446
1.227819,0.638321,0.770640,0.637661,0.642368,0.446301,0.973456,0.751757,0.132636,0.022174,1.112634,0.586014,1.201647,0.594941,0.960350,0.873406,1.464701,0.807909,1.042174,1.018074,0.630787,0.500989,0.689569,0.527984,0.406942,0.411727,0.664931,0.296253,0.000000,1.096907,0.894715,0.678165,1.034738,0.996823,0.708864,0.651845,0.513309,0.374656,0.533765,0.569634,0.467143,0.428982,0.899348,0.811327,0.749966,0.825803,0.857704,0.725680,0.749163,0.711246,0.683374,0.606483,0.830194,0.558441,1.003859,0.682253,0.901919,0.781414,0.930426,0.683796,1.103044,0.767537,1.209598,0.934493,0.521747,0.533983,0.916006,0.801689,0.744519,0.586263,0.807361,0.753651,0.978512,0.731796,0.695053,0.666674,0.851761,0.894938,1.252224,0.661145,1.292847,0.829324,0.474062,0.532947,0.964573,0.762943,0.615927,0.377555,0.927824,0.858812
0.595324,0.672764,0.492388,0.625131,0.390451,0.244363,0.598304,0.694170,0.050189,-0.033998,0.704349,0.882626,0.718320,0.758801,0.639568,0.826826,0.838713,1.132002,0.702414,0.721066,0.590993,0.570295,0.576041,0.506942,0.299078,0.321850,0.398304,0.535393,1.096907,0.000000,0.884800,0.727712,0.814032,0.848563,0.531499,0.428909,0.210393,0.396480,0.405738,0.499884,0.399643,0.473111,0.752883,0.748883,0.610626,0.719323,0.639737,0.566829,0.598633,0.640825,0.436947,0.524439,0.504635,0.344305,0.587048,0.541664,0.523084,0.683188,0.525554,0.505651,0.585583,0.747762,0.609079,0.881866,0.374030,0.597367,0.568767,0.549077,0.393974,0.237854,0.538429,0.590048,0.663058,0.803739,0.510514,0.585677,0.540438,0.670410,0.855382,0.869577,0.846845,1.018780,0.433191,0.663324,0.610116,0.740177,0.517649,0.555203,0.508073,0.619511
0.682637,0.647576,0.895733,0.844130,0.485315,0.324038,0.670384,0.701555,-0.092281,-0.025044,0.769246,0.601700,0.813695,0.734252,0.909390,0.984122,0.828920,0.788658,0.869799,0.881700,0.936838,0.725064,1.095052,0.991528,0.273480,0.520494,0.616154,0.540701,0.894715,0.884800,0.000000,1.809472,1.182445,1.140861,1.027822,0.748079,0.572170,0.732453,0.627409,0.815198,0.639719,0.505763,1.178626,1.143897,1.156712,1.187806,1.196114,0.990198,1.087352,1.001859,0.701759,0.704907,0.540759,0.434344,0.941005,0.837455,0.818385,0.852600,0.602430,0.506249,0.514694,0.654047,0.584058,0.669743,0.761384,0.852860,0.855370,0.834420,0.584000,0.441382,1.000324,0.878387,0.917542,0.817651,0.652182,0.689953,0.741715,0.786542,0.987113,0.825974,0.947897,0.974097,0.442631,0.606924,0.789142,0.837910,1.025398,0.579457,0.698748,0.631194
0.510135,0.565597,0.845456,0.895410,0.453968,0.377593,0.556542,0.654009,-0.167937,-0.012821,0.598424,0.513081,0.612912,0.681335,0.704485,0.883380,0.664292,0.685994,0.698933,0.794425,0.876410,0.749027,1.152269,1.151966,0.312097,0.614221,0.576167,0.568343,0.678165,0.727712,1.809472,0.000000,0.986220,1.023698,1.021031,0.736518,0.470976,0.672243,0.501931,0.697615,0.611945,0.419453,1.025859,0.964211,1.001431,1.075814,1.027913,0.877697,0.998969,0.948600,0.654944,0.687932,0.474364,0.374235,0.763493,0.749886,0.652818,0.716076,0.499364,0.420990,0.353551,0.555354,0.428680,0.544760,0.715668,0.840399,0.757694,0.779938,0.473065,0.423338,0.878667,0.796556,0.783435,0.797822,0.625561,0.629248,0.686365,0.766517,0.774076,0.749626,0.739274,0.834389,0.334446,0.538522,0.630202,0.734092,0.924793,0.577640,0.553336,0.545176
1.107235,0.957254,0.962367,1.047049,0.689925,0.488194,1.045985,1.062854,-0.036732,-0.017786,1.001208,0.750449,1.006511,0.807858,0.932340,1.054992,1.103782,1.018666,1.063882,1.218539,0.679550,0.676739,0.893469,0.852605,0.346432,0.452161,0.623819,0.609775,1.034738,0.814032,1.182445,0.986220,0.000000,1.738591,1.027605,0.890299,0.500826,0.689540,0.633900,0.736351,0.652569,0.427546,1.312013,1.115568,1.071499,1.198657,1.232005,1.042844,1.023201,1.064106,0.901609,0.865304,0.845054,0.598168,1.241771,1.091750,1.143296,1.230389,1.198033,0.939571,1.009614,1.138387,1.015809,1.120498,0.670447,0.965862,1.266848,1.199949,0.850538,0.707868,1.083704,0.979988,1.085969,1.050086,0.754899,0.857515,1.130710,1.116786,1.100482,0.743277,1.148415,1.082184,0.333488,0.540877,0.957341,0.914035,0.944496,0.584933,1.007043,1.048866
1.037580,1.137276,0.953006,1.218542,0.821265,0.601094,1.133393,1.278700,-0.031329,-0.042847,0.945058,0.781759,0.930015,0.902156,0.900423,1.103575,1.032582,1.118393,1.141975,1.422098,0.728602,0.716640,0.874996,0.837918,0.410891,0.456388,0.649937,0.685031,0.996823,0.848563,1.140861,1.023698,1.738591,0.000000,1.147285,1.030967,0.380285,0.609141,0.588993,0.727430,0.602361,0.354771,1.416398,1.228204,1.158122,1.330318,1.239811,1.156860,0.986097,1.090376,0.833298,0.864887,0.879091,0.608439,1.187881,1.141269,1.035006,1.340157,1.140462,1.011719,0.932127,1.205681,0.927216,1.194757,0.554297,1.022820,1.332639,1.247373,0.859624,0.755363,1.076218,1.023163,0.968512,1.102200,0.773002,0.894082,1.206001,1.243753,1.054452,0.769142,1.084836,1.210932,0.361085,0.681726,0.921744,0.919516,0.954953,0.673280,0.960264,1.083000
0.786363,0.649283,1.063579,1.085856,0.789696,0.636784,0.854036,0.913231,-0.123753,-0.007725,0.847154,0.532376,0.876831,0.746039,0.852433,1.051306,0.710108,0.591155,0.994562,1.173207,0.704015,0.655319,1.230968,1.193256,0.585974,0.739302,0.753608,0.589817,0.708864,0.531499,1.027822,1.021031,1.027605,1.147285,0.000000,1.573908,0.451036,0.631817,0.542587,0.721116,0.682837,0.376325,1.218877,1.018960,1.078484,1.163518,1.094491,0.975312,0.941812,0.999228,0.814126,0.841052,0.738628,0.520854,1.101531,0.942155,0.742983,0.810423,0.887486,0.689660,0.637302,0.664199,0.656719,0.681600,0.844386,1.119853,1.218736,1.263558,0.669312,0.605168,1.030361,1.002561,0.910822,0.911206,0.786324,0.795123,1.038487,1.064914,0.783298,0.528050,0.752763,0.790060,0.337461,0.536365,0.933046,0.928433,0.881492,0.522631,0.883396,0.889302
0.853886,0.685698,0.980421,0.993540,0.899239,0.749619,0.937804,0.889339,-0.038361,0.102985,0.820082,0.491785,0.827803,0.694722,0.791330,0.992807,0.708507,0.554393,1.014797,1.186836,0.572344,0.613341,1.011215,0.952670,0.660835,0.711521,0.839247,0.578110,0.651845,0.428909,0.748079,0.736518,0.890299,1.030967,1.573908,0.000000,0.379700,0.539321,0.494246,0.643280,0.622846,0.309026,0.962183,0.852098,0.849157,0.958645,0.886692,0.872638,0.717608,0.841659,0.761588,0.767783,0.858633,0.618092,1.066788,0.916052,0.720199,0.809864,1.001696,0.830599,0.708995,0.664431,0.699334,0.697756,0.693296,0.949881,1.227643,1.252493,0.799768,0.710275,0.953990,0.972191,0.835420,0.785436,0.739304,0.823250,1.153400,1.116034,0.690997,0.452676,0.694650,0.719950,0.293552,0.543479,0.851042,0.798698,0.737075,0.446792,0.985848,1.044260
0.487478,0.093199,0.521307,0.260169,0.295021,0.295462,0.396210,0.203824,0.005153,0.014090,0.372373,0.017721,0.512878,0.134105,0.569425,0.441006,0.571319,0.146952,0.426085,0.427685,0.552909,0.334402,0.519772,0.467057,0.125687,0.354832,0.509828,-0.009686,0.513309,0.210393,0.572170,0.470976,0.500826,0.380285,0.451036,0.379700,0.000000,0.573559,0.716809,0.780234,0.761994,0.635492,0.411963,0.435368,0.434513,0.421277,0.577199,0.515170,0.528275,0.400690,0.536465,0.349774,0.433819,0.390409,0.695443,0.425263,0.559107,0.359269,0.397003,0.254735,0.409764,0.177945,0.460919,0.257511,0.511329,0.260884,0.506845,0.477086,0.536706,0.339785,0.599570,0.408352,0.620776,0.300623,0.348704,0.311294,0.429669,0.397480,0.585403,0.355461,0.595325,0.289215,0.259163,0.150699,0.549384,0.449595,0.453475,0.065444,0.574083,0.376622
0.372880,0.451027,0.535098,0.615913,0.326790,0.248986,0.384874,0.497223,-0.135320,-0.015205,0.407343,0.371605,0.441402,0.454171,0.503952,0.597388,0.383512,0.464436,0.484020,0.558446,0.663472,0.477996,0.648792,0.716125,0.234476,0.467881,0.432164,0.530568,0.374656,0.396480,0.732453,0.672243,0.689540,0.609141,0.631817,0.539321,0.573559,0.000000,0.603441,0.807973,0.740097,0.589860,0.664947,0.681892,0.576384,0.614023,0.645090,0.655271,0.573517,0.612815,0.593541,0.563555,0.434579,0.377843,0.674574,0.673033,0.483628,0.591114,0.457414,0.470591,0.301429,0.435504,0.297396,0.455996,0.531475,0.631901,0.621987,0.658113,0.471586,0.309423,0.734899,0.733578,0.753867,0.721149,0.527449,0.612718,0.533870,0.603458,0.538679,0.561091,0.519313,0.607296,0.180995,0.361110,0.550730,0.667154,0.662563,0.399780,0.513120,0.519213
0.517965,0.319179,0.426193,0.444683,0.495600,0.412690,0.437551,0.401923,-0.149368,-0.105776,0.459342,0.223423,0.563314,0.351557,0.582423,0.572226,0.602547,0.387895,0.529870,0.541537,0.671106,0.440436,0.503365,0.509467,0.218535,0.342879,0.556420,0.264230,0.533765,0.405738,0.627409,0.501931,0.633900,0.588993,0.542587,0.494246,0.716809,0.603441,0.000000,0.984324,0.659775,0.861794,0.596294,0.680028,0.544954,0.616515,0.580059,0.550816,0.530844,0.519849,0.555323,0.516116,0.459470,0.310940,0.817550,0.668170,0.551745,0.510075,0.536490,0.464979,0.486595,0.420024,0.550205,0.485168,0.606321,0.544739,0.594080,0.571679,0.550905,0.155746,0.804561,0.651645,0.591203,0.468284,0.459467,0.512184,0.611781,0.634529,0.802841,0.585017,0.706650,0.546234,0.313029,0.325439,0.756775,0.755177,0.661316,0.313742,0.767881,0.632165
0.526191,0.499470,0.521926,0.578824,0.424604,0.350024,0.450774,0.544643,-0.164311,-0.118921,0.483662,0.386938,0.584987,0.515209,0.612341,0.654871,0.637189,0.512980,0.578922,0.710651,0.778765,0.517132,0.628958,0.677807,0.167066,0.357125,0.532829,0.290016,0.569634,0.499884,0.815198,0.697615,0.736351,0.727430,0.721116,0.643280,0.780234,0.807973,0.984324,0.000000,1.136815,0.637262,0.698682,0.802564,0.724988,0.736852,0.719309,0.731673,0.645654,0.671080,0.502662,0.576354,0.482549,0.373143,0.895984,0.845809,0.605600,0.649028,0.518653,0.538080,0.443967,0.541234,0.501075,0.625927,0.495104,0.627543,0.682012,0.720747,0.620013,0.414702,0.790548,0.655648,0.715768,0.681544,0.494608,0.546162,0.647108,0.650666,0.756040,0.537254,0.610250,0.626264,0.335558,0.441082,0.639629,0.739254,0.681872,0.315804,0.655263,0.666259
0.483665,0.419796,0.482049,0.508872,0.357615,0.347627,0.399575,0.440827,-0.107419,-0.100192,0.411213,0.369574,0.536517,0.467925,0.497772,0.575136,0.566631,0.446056,0.476064,0.624397,0.709104,0.626118,0.615514,0.683982,0.224768,0.472435,0.543828,0.280237,0.467143,0.399643,0.639719,0.611945,0.652569,0.602361,0.682837,0.622846,0.761994,0.740097,0.659775,1.136815,0.000000,0.700608,0.560284,0.606754,0.556726,0.567519,0.628194,0.636305,0.542272,0.554266,0.554646,0.561273,0.521813,0.452971,0.770925,0.703075,0.525146,0.529188,0.481972,0.451282,0.418562,0.460490,0.469288,0.530436,0.459410,0.550279,0.594965,0.632156,0.536143,0.364539,0.671306,0.589685,0.790604,0.731063,0.528408,0.564218,0.568652,0.583005,0.594795,0.436638,0.516908,0.495070,0.154715,0.268313,0.554219,0.635146,0.585252,0.270992,0.561173,0.590354
0.328539,0.166618,0.280414,0.277683,0.253222,0.213005,0.248359,0.212502,0.040239,-0.013447,0.308709,0.240078,0.460192,0.296300,0.509957,0.461158,0.456189,0.346195,0.333346,0.352177,0.642840,0.489156,0.418387,0.420413,0.155575,0.348564,0.370408,0.241770,0.428982,0.473111,0.505763,0.419453,0.427546,0.354771,0.376325,0.309026,0.635492,0.589860,0.861794,0.637262,0.700608,0.000000,0.396384,0.469412,0.356094,0.426697,0.437930,0.430729,0.392502,0.400534,0.469419,0.464411,0.388334,0.338626,0.579596,0.467373,0.354636,0.334588,0.327966,0.310096,0.354642,0.322891,0.378784,0.386795,0.472753,0.419094,0.410333,0.413631,0.408799,0.056988,0.472950,0.402600,0.556593,0.403367,0.394356,0.392077,0.339477,0.407874,0.617688,0.530807,0.565703,0.455101,0.229011,0.210802,0.559758,0.649431,0.431714,0.224319,0.500701,0.465709
0.919604,0.850847,1.010526,1.130421,0.797266,0.555200,0.940622,1.073424,-0.026258,-0.056835,0.897943,0.617774,0.944342,0.771860,1.055280,1.133559,0.932746,0.836392,1.014313,1.181940,0.773572,0.711482,0.985597,0.952624,0.401950,0.517222,0.651560,0.644872,0.899348,0.752883,1.178626,1.025859,1.312013,1.416398,1.218877,0.962183,0.411963,0.664947,0.596294,0.698682,0.560284,0.396384,0.000000,1.583982,1.455211,1.647596,1.719146,1.400563,1.374990,1.379560,0.983509,0.992366,0.841783,0.611293,1.254573,1.164819,1.034564,1.082121,1.001723,0.807672,0.725443,0.862605,0.789214,0.856930,0.659525,1.005462,1.221781,1.190429,0.761306,0.636899,1.090131,1.057458,1.014946,0.945514,0.750248,0.860279,1.042985,1.017640,1.113542,0.751547,1.075895,1.006920,0.334026,0.533897,0.921109,0.929856,1.017524,0.597287,0.917417,0.929250
0.758338,0.817935,0.815439,0.947670,0.665766,0.469311,0.771196,0.902549,-0.027994,-0.031873,0.726809,0.608146,0.755915,0.712832,0.896922,0.912023,0.868464,0.842553,0.891216,1.017634,0.783760,0.748258,0.821033,0.792793,0.278155,0.379477,0.574727,0.591091,0.811327,0.748883,1.143897,0.964211,1.115568,1.228204,1.018960,0.852098,0.435368,0.681892,0.680028,0.802564,0.606754,0.469412,1.583982,0.000000,1.675023,1.743437,1.561615,1.645833,1.455455,1.439871,0.890277,0.993039,0.723573,0.605054,1.207611,1.263542,0.872351,0.969494,0.827106,0.759914,0.579760,0.782632,0.684187,0.823807,0.480950,0.805941,1.080043,1.025550,0.728591,0.550671,0.942023,0.867753,0.859953,0.819612,0.612319,0.741255,0.865394,0.878740,0.965476,0.650306,0.931173,1.009937,0.445722,0.643793,0.800695,0.906100,0.919806,0.553875,0.777701,0.854596
0.695624,0.693466,0.871991,0.911975,0.553265,0.367695,0.748968,0.864012,-0.077371,-0.077078,0.656941,0.505461,0.728602,0.622473,0.932413,0.786539,0.787914,0.680775,0.787158,0.916082,0.706217,0.675180,0.795818,0.784707,0.167452,0.286336,0.455160,0.437576,0.749966,0.610626,1.156712,1.001431,1.071499,1.158122,1.078484,0.849157,0.434513,0.576384,0.544954,0.724988,0.556726,0.356094,1.455211,1.675023,0.000000,1.857113,1.565112,1.469889,1.685798,1.411531,0.791106,0.842424,0.583983,0.477820,1.109662,1.053490,0.883614,0.891918,0.761460,0.649496,0.550208,0.685159,0.641304,0.699955,0.531542,0.812954,1.096832,1.042169,0.681514,0.614647,0.900168,0.769535,0.825921,0.737074,0.569993,0.651033,0.735132,0.715428,0.816328,0.542300,0.827839,0.855292,0.403573,0.532846,0.759064,0.797998,0.862589,0.458262,0.734809,0.698617
0.758419,0.764094,0.954429,1.182895,0.727671,0.504515,0.883651,1.079598,-0.058292,-0.008487,0.706872,0.558052,0.788476,0.685037,0.977798,0.943285,0.895398,0.789220,0.846178,1.083678,0.781321,0.748822,0.920315,0.960917,0.276939,0.403609,0.530810,0.565948,0.825803,0.719323,1.187806,1.075814,1.198657,1.330318,1.163518,0.958645,0.421277,0.614023,0.616515,0.736852,0.567519,0.426697,1.647596,1.743437,1.857113,0.000000,1.485397,1.469348,1.650310,1.797786,0.954606,1.104841,0.730197,0.574519,1.241750,1.234438,0.887989,0.966081,0.929196,0.822266,0.631635,0.797693,0.743626,0.840167,0.562098,0.969253,1.325970,1.318005,0.746524,0.648538,1.018793,0.854246,0.884771,0.832836,0.649163,0.722863,0.918173,0.928557,0.923815,0.609965,0.960244,0.965915,0.389978,0.570783,0.896590,1.040637,0.894437,0.512052,0.842140,0.901584
0.895599,0.709514,1.020042,0.911496,0.697509,0.525755,0.889136,0.864613,0.030568,0.018518,0.836570,0.545497,0.909183,0.676774,1.073949,1.009582,0.933330,0.729604,0.984626,1.071308,0.774650,0.765960,0.940380,0.851035,0.312069,0.467094,0.679738,0.509593,0.857704,0.639737,1.196114,1.027913,1.232005,1.239811,1.094491,0.886692,0.577199,0.645090,0.580059,0.719309,0.628194,0.437930,1.719146,1.561615,1.565112,1.485397,0.000000,1.709282,1.536612,1.279762,1.008146,0.914415,0.832994,0.670340,1.355878,1.130290,1.023573,0.949702,0.908078,0.672395,0.686395,0.760553,0.751886,0.746602,0.600668,0.791582,1.145880,1.049457,0.753143,0.658028,1.021839,0.907548,0.977513,0.786074,0.695456,0.768491,0.931395,0.876018,1.066501,0.653974,1.033273,0.915851,0.362507,0.501853,0.826653,0.784114,0.954509,0.523033,0.912479,0.808932
0.758734,0.759935,0.897774,0.899724,0.758169,0.560915,0.834853,0.854016,0.065365,0.039142,0.656559,0.482400,0.707833,0.593941,0.885766,0.829760,0.838383,0.679771,0.828596,0.983614,0.814970,0.749178,0.792040,0.756318,0.292651,0.422445,0.645687,0.494064,0.725680,0.566829,0.990198,0.877697,1.042844,1.156860,0.975312,0.872638,0.515170,0.655271,0.550816,0.731673,0.636305,0.430729,1.400563,1.645833,1.469889,1.469348,1.709282,0.000000,1.361739,1.413306,1.049810,1.047166,0.873399,0.857905,1.290300,1.345502,0.901620,0.914389,0.876549,0.789517,0.582535,0.719006,0.669255,0.715629,0.423871,0.692959,1.118977,1.067309,0.830896,0.716005,0.951423,0.841359,0.865517,0.719533,0.620353,0.657780,0.859359,0.821036,0.857541,0.553611,0.847211,0.815520,0.318271,0.498336,0.708469,0.729140,0.830913,0.436298,0.813334,0.832556
0.634059,0.521191,0.920382,0.881186,0.541720,0.425988,0.713484,0.801960,-0.061959,0.005064,0.600123,0.413963,0.710616,0.521757,0.883213,0.772803,0.788936,0.579962,0.719374,0.830307,0.696285,0.705581,0.880254,0.887922,0.197563,0.357348,0.462880,0.417256,0.749163,0.598633,1.087352,0.998969,1.023201,0.986097,0.941812,0.717608,0.528275,0.573517,0.530844,0.645654,0.542272,0.392502,1.374990,1.455455,1.685798,1.650310,1.536612,1.361739,0.000000,1.599862,0.996894,0.951303,0.628028,0.531961,1.059703,1.022216,0.776891,0.692048,0.716132,0.544242,0.485645,0.551027,0.621977,0.589242,0.523527,0.691428,0.967289,0.945811,0.600131,0.534001,0.852462,0.673927,0.775406,0.636347,0.535007,0.561093,0.691056,0.676113,0.828519,0.495213,0.842913,0.718989,0.284078,0.386060,0.734245,0.788607,0.755094,0.367394,0.679699,0.646478
