0.000000,0.923545,0.097091,-0.053102,-0.311222,-0.125373,0.285939,-0.138605,-0.154129,-0.269492,0.299458,0.216786,0.396158,-0.014876,-0.066858,-0.305328,0.304710,0.275078,0.510965,0.123423,0.015981,0.266847,-0.232681,-0.415986,-0.364591,-0.344657,-0.145949,-0.112990,0.187191,0.143789,-0.188608,-0.332154,0.161403,-0.123071,-0.182582,-0.195865,0.004490,0.015200,0.252501,0.196457,0.029470,0.131341,0.547008,0.594129,0.519592,0.332835,0.567551,0.501484,0.337964,0.257699,0.505100,0.268245,0.570331,0.375627,0.390462,0.300061,0.837009,0.693233,0.666899,0.329037,0.518617,0.042956,0.063776,-0.264150,-0.248440,0.045666,0.159676,-0.084675,0.626868,0.605916,0.155673,0.247341,0.146526,0.138465,0.086069,0.000523,0.187972,0.064063,0.246298,0.346291,0.291919,0.154914,0.066550,-0.006099,0.052603,-0.198408,0.020719,0.152086,0.530692,-0.025483
0.923545,0.000000,0.120679,0.148399,-0.308573,-0.052490,0.195700,-0.019273,-0.193183,-0.132137,0.183000,0.251085,0.254386,0.195020,0.086341,-0.055181,0.474269,0.513368,0.486103,0.436787,0.032798,0.205164,0.022293,-0.129838,-0.139800,-0.127160,0.039181,0.054007,0.261548,0.246910,0.042681,-0.081886,0.376723,0.200098,-0.022763,-0.063190,0.027896,0.060294,0.235114,0.209584,0.168840,0.200852,0.557359,0.638047,0.817125,0.658335,0.667578,0.683127,0.608108,0.545550,0.706002,0.571699,0.761749,0.549170,0.638968,0.572738,1.226554,1.361958,0.585442,0.555884,0.325421,0.163862,0.366194,0.023530,-0.018173,0.072318,0.283322,0.081923,0.630909,0.719859,0.229055,0.272685,0.220691,0.246103,0.217462,0.066083,0.180118,0.021455,0.431187,0.487531,0.576645,0.516872,0.145754,0.138318,0.403449,0.182257,0.061602,0.246198,0.417238,0.316516
0.097091,0.120679,0.000000,0.756249,0.432549,0.437075,0.939786,0.606473,0.395326,0.549056,0.228600,0.203653,0.332884,0.305183,0.743481,0.365857,-0.034743,0.051524,0.529619,0.479624,-0.190195,0.121537,0.968978,0.609422,0.496213,0.474934,0.426737,0.339282,-0.108259,-0.112252,0.392381,0.277576,0.599793,0.435630,0.569677,0.322875,0.038663,0.223304,0.365579,0.191987,0.288137,0.073668,0.193029,0.086507,0.033593,0.102371,0.274840,0.076233,0.078806,0.099566,0.254828,0.278341,0.313017,0.363331,0.201823,0.155402,0.073235,0.083958,0.206941,0.345606,0.170440,0.260293,0.396448,0.152194,0.876098,0.424667,0.698420,0.433070,0.117811,0.120327,0.154062,0.178732,0.166718,0.200254,0.110511,0.281433,0.278734,0.347990,0.065338,-0.042615,0.139842,0.226170,0.162404,0.148243,0.519192,0.420384,0.079723,0.089463,0.325854,0.520840
-0.053102,0.148399,0.756249,0.000000,0.445281,0.593169,0.711596,1.170444,0.448447,0.732915,0.106888,0.442303,0.183808,0.484027,0.656368,0.698631,-0.117400,0.048489,0.406754,0.780524,-0.251675,0.106752,0.786381,0.976233,0.556608,0.593962,0.514115,0.395093,-0.078334,0.013121,0.403803,0.635590,0.779024,0.938179,0.762312,0.682050,-0.037063,0.376845,0.176302,0.200035,0.261295,0.250001,0.219776,0.083766,0.014429,0.166183,0.238955,0.066835,-0.086928,0.011504,0.153195,0.201819,0.176963,0.208051,0.125183,0.039301,0.000119,-0.000729,0.092825,0.567583,0.160354,0.726295,0.425871,0.584983,0.842753,0.718467,0.882279,0.972338,-0.055917,-0.031748,0.410007,0.229965,0.279611,0.340977,0.309655,0.273876,0.408931,0.342419,0.142320,-0.002356,0.220628,0.380343,0.364238,0.345395,0.677587,0.822286,0.159553,0.171644,0.150529,0.761939
-0.311222,-0.308573,0.432549,0.445281,0.000000,0.875417,0.375941,0.547657,1.134741,0.954813,0.188133,0.162303,0.133668,0.419743,0.544186,0.459862,-0.346394,-0.105237,-0.002223,0.127044,-0.076285,0.052681,0.423745,0.521156,0.486222,0.612519,0.578097,0.556899,-0.329268,-0.268682,0.298784,0.327309,0.218759,0.246379,0.374087,0.442683,0.008684,0.163348,0.062947,-0.172864,0.179960,-0.139356,-0.030033,-0.155163,-0.214874,-0.186284,-0.046244,-0.350613,-0.207227,-0.287599,-0.134437,-0.122882,-0.089861,-0.037578,-0.204251,-0.209597,-0.390227,-0.327303,-0.006101,0.158572,0.028928,0.264421,0.129441,0.331806,0.406326,0.235313,0.313727,0.360326,-0.326085,-0.300424,0.059765,-0.039479,0.134437,0.053880,0.190355,0.229706,0.253629,0.412378,-0.180213,-0.299846,-0.161457,0.029891,-0.045405,-0.029543,0.139081,0.300028,-0.188984,-0.055783,0.065570,0.257826
-0.125373,-0.052490,0.437075,0.593169,0.875417,0.000000,0.507152,0.784739,0.891419,1.035801,0.117040,0.426525,0.171998,0.595516,0.567931,0.534893,-0.176417,0.086197,0.159846,0.291576,-0.059842,0.075988,0.306002,0.428034,0.457810,0.519390,0.779928,0.838622,-0.057968,-0.035797,0.242636,0.392584,0.310229,0.413490,0.441273,0.420652,0.058321,0.245762,0.057519,-0.107065,0.226981,-0.041412,0.167999,0.013480,-0.057332,-0.024935,0.122652,-0.191638,-0.035184,-0.218522,0.025334,-0.119535,-0.041707,-0.110720,-0.086243,-0.225479,-0.262863,-0.169963,0.186416,0.380373,0.141995,0.467975,0.153121,0.377736,0.425994,0.409269,0.581142,0.573686,-0.225261,-0.169636,0.120307,0.144723,0.168506,0.096099,0.222023,0.438078,0.365865,0.376154,-0.060886,-0.227540,0.024969,0.074968,0.208821,0.135839,0.203141,0.311694,-0.110600,-0.081929,0.140779,0.324778
0.285939,0.195700,0.939786,0.711596,0.375941,0.507152,0.000000,0.866492,0.470687,0.545103,0.291040,0.496837,0.595965,0.456847,0.689396,0.380990,-0.090714,0.044662,0.630232,0.491831,-0.165915,0.161595,0.420088,0.295397,0.129106,0.219035,0.278809,0.276899,-0.044924,0.008259,0.216114,0.243768,0.558443,0.438623,0.523370,0.466585,-0.120341,0.142416,0.204782,0.005535,0.138443,0.089578,0.261661,0.080041,-0.016208,-0.026891,0.193812,-0.109321,-0.110325,-0.093969,0.155769,-0.015322,0.197423,0.163859,-0.024121,-0.106301,-0.018374,-0.015125,0.451527,0.407608,0.622845,0.594386,0.304890,0.252056,0.653119,0.598080,0.844942,0.470209,0.067702,0.061801,0.180206,0.205153,0.166935,0.254517,0.082099,0.328694,0.460806,0.485307,-0.002875,-0.063574,0.025805,0.060487,0.188915,0.137146,0.284377,0.196885,-0.025388,0.052431,0.462935,0.367721
-0.138605,-0.019273,0.606473,1.170444,0.547657,0.784739,0.866492,0.000000,0.600568,0.960863,0.183704,0.545533,0.257324,0.639347,0.643997,0.678963,-0.141422,-0.026422,0.271600,0.602690,-0.143217,0.076981,0.566831,0.765248,0.424047,0.583977,0.546801,0.500055,-0.113378,-0.063973,0.357120,0.675238,0.562277,0.811902,0.725232,0.756287,-0.136659,0.312151,0.077727,0.023176,0.164222,0.103161,0.038058,-0.081423,-0.100870,-0.010255,0.023014,-0.151781,-0.222177,-0.187894,-0.058441,-0.130902,-0.021227,0.000396,-0.100818,-0.174196,-0.212284,-0.201889,0.141686,0.516047,0.317564,1.001354,0.341628,0.663014,0.793935,0.800813,0.884539,0.939924,-0.194784,-0.167682,0.213840,0.148598,0.206534,0.279507,0.282385,0.367130,0.470783,0.454971,-0.089552,-0.178037,-0.024261,0.097322,0.200786,0.213599,0.333749,0.507314,0.042324,0.091061,0.203056,0.550503
-0.154129,-0.193183,0.395326,0.448447,1.134741,0.891419,0.470687,0.600568,0.000000,1.022943,0.213758,0.452241,0.296096,0.605182,0.636749,0.421945,-0.265747,-0.014180,0.152197,0.171166,-0.150161,-0.074227,0.284011,0.283670,0.325016,0.353634,0.535247,0.436885,-0.203067,-0.181938,0.124284,0.241195,0.193748,0.232375,0.303088,0.314261,0.022377,0.228643,-0.001557,-0.219348,0.134392,-0.082665,0.088124,-0.017107,-0.201904,-0.227650,0.037719,-0.334252,-0.232095,-0.376838,-0.101345,-0.179205,-0.068462,-0.119106,-0.132152,-0.267140,-0.305156,-0.274236,0.168998,0.152213,0.283051,0.437697,0.157939,0.322902,0.397795,0.317791,0.376858,0.332154,-0.337583,-0.323786,0.040981,0.005683,0.131478,0.042441,0.285331,0.374060,0.410219,0.420009,-0.147271,-0.238093,-0.122362,0.023631,0.040002,-0.021111,0.122491,0.249611,-0.095225,-0.092596,0.259812,0.224534
-0.269492,-0.132137,0.549056,0.732915,0.954813,1.035801,0.545103,0.960863,1.022943,0.000000,0.194007,0.455108,0.239677,0.743228,0.860857,0.844110,-0.218641,-0.007125,0.153365,0.417840,-0.092367,-0.057066,0.544489,0.641335,0.560076,0.643854,0.698836,0.626234,-0.138816,-0.057481,0.272905,0.514936,0.322533,0.506498,0.492711,0.460981,-0.007804,0.303087,0.039637,-0.193030,0.224954,-0.012715,0.082880,-0.069460,-0.172542,-0.119053,0.073649,-0.254946,-0.135838,-0.287779,-0.076372,-0.163548,-0.011215,-0.041157,-0.076545,-0.216111,-0.270044,-0.215615,0.068483,0.341481,0.142145,0.600298,0.305816,0.504669,0.719093,0.512397,0.595528,0.641759,-0.300473,-0.265714,0.072747,0.102212,0.147888,0.228006,0.285764,0.488194,0.409220,0.426189,-0.039951,-0.130671,-0.039095,0.151015,0.157031,0.180870,0.326207,0.480688,0.091132,0.059380,0.249380,0.475297
0.299458,0.183000,0.228600,0.106888,0.188133,0.117040,0.291040,0.183704,0.213758,0.194007,0.000000,0.384098,0.839769,0.443937,0.189644,0.023839,0.044593,0.007787,0.283174,0.060922,0.262150,0.212247,0.086795,-0.042476,-0.013836,0.011554,0.107273,0.124542,-0.036336,-0.284583,0.173743,0.030828,-0.004638,-0.043650,0.115598,0.114841,0.134827,0.120727,0.070799,-0.011534,0.040577,0.018187,0.094718,0.086697,0.109378,-0.111558,0.182307,0.028707,-0.072733,-0.229776,0.002198,-0.107211,0.078959,0.185266,-0.002815,-0.054841,0.112400,0.081216,0.371513,0.096758,0.527368,0.250785,0.164956,0.000496,0.080719,0.153637,0.210366,0.058534,-0.044136,-0.057667,0.192337,0.090446,0.354178,0.221771,0.260832,0.324681,0.577280,0.682671,-0.116768,-0.256160,-0.292932,-0.267071,-0.301116,-0.451576,-0.057158,-0.127976,-0.256788,-0.029766,0.289286,-0.066203
0.216786,0.251085,0.203653,0.442303,0.162303,0.426525,0.496837,0.545533,0.452241,0.455108,0.384098,0.000000,0.531862,0.974580,0.503780,0.437861,0.017736,0.287475,0.402408,0.432732,0.005255,0.061692,0.050200,-0.011912,0.007059,0.032394,0.344992,0.281039,0.248163,0.229225,0.048367,0.198111,0.312813,0.304030,0.209001,0.242075,-0.019913,0.219591,-0.020853,-0.071127,0.130143,0.182563,0.394853,0.285977,0.129113,0.063341,0.318874,0.067239,0.035976,-0.182659,0.176944,-0.071308,0.163929,-0.061591,0.015776,-0.152863,0.070466,0.063546,0.418620,0.362161,0.672492,0.860919,0.312916,0.424375,0.325539,0.518129,0.593872,0.426262,-0.127991,-0.092191,0.193370,0.230827,0.222279,0.251304,0.214957,0.500882,0.461287,0.331494,0.260333,-0.032364,0.174530,0.082485,0.257474,0.111058,0.242337,0.215598,-0.073447,0.005174,0.396519,0.204747
0.396158,0.254386,0.332884,0.183808,0.133668,0.171998,0.595965,0.257324,0.296096,0.239677,0.839769,0.531862,0.000000,0.547958,0.431288,0.162565,0.023807,-0.008268,0.617985,0.245965,-0.003713,0.202707,0.118142,-0.097060,-0.158677,-0.139940,-0.029234,0.089449,0.029035,-0.163032,-0.001321,0.004984,0.178356,0.114092,0.171775,0.173415,0.111623,0.119059,0.195782,0.001962,0.086630,0.076598,0.364889,0.270741,0.140779,-0.115833,0.301091,-0.029253,-0.154583,-0.203620,0.054580,-0.089032,0.122552,0.191731,0.038422,-0.129732,0.050785,0.025419,0.520779,0.131324,0.805538,0.252677,0.140561,-0.093085,0.129526,0.264838,0.326446,0.056731,0.004689,0.002052,0.226216,0.209525,0.359658,0.221785,0.205812,0.308500,0.687187,0.519400,-0.103823,-0.167004,-0.180335,-0.220556,-0.042743,-0.191041,-0.044519,-0.141560,-0.056683,0.025983,0.503665,-0.041273
-0.014876,0.195020,0.305183,0.484027,0.419743,0.595516,0.456847,0.639347,0.605182,0.743228,0.443937,0.974580,0.547958,0.000000,0.734568,0.724334,0.032184,0.313516,0.281433,0.508153,0.207313,0.215926,0.351117,0.252357,0.218337,0.273864,0.519517,0.467348,0.157947,0.073867,0.390941,0.510284,0.393718,0.473073,0.331231,0.343784,0.053155,0.272962,0.101389,-0.110489,0.295859,0.135521,0.255877,0.219353,0.219559,0.170000,0.296080,-0.013373,0.122169,-0.051103,0.171817,0.015727,0.188438,0.120826,0.060620,-0.023992,0.006545,0.053849,0.342364,0.435165,0.397797,0.667183,0.536396,0.627101,0.467732,0.364082,0.509801,0.469317,-0.291111,-0.231160,0.274837,0.317563,0.338267,0.385703,0.373737,0.561906,0.482644,0.458573,0.200182,-0.139065,0.133348,0.166829,0.166632,0.089496,0.344053,0.390531,-0.053265,0.084104,0.350479,0.419308
-0.066858,0.086341,0.743481,0.656368,0.544186,0.567931,0.689396,0.643997,0.636749,0.860857,0.189644,0.503780,0.431288,0.734568,0.000000,0.897606,-0.054328,0.189084,0.484897,0.551023,0.008019,0.121738,0.695368,0.475076,0.473853,0.489946,0.626100,0.484964,0.149378,0.163835,0.358139,0.486569,0.557672,0.530832,0.539193,0.317394,0.057450,0.243706,0.207408,-0.020717,0.416591,0.130795,0.312202,0.151401,0.042280,0.125135,0.272936,-0.019604,0.058697,0.022116,0.168436,0.153912,0.257378,0.184266,0.105227,0.036482,-0.060357,-0.000442,0.205472,0.396603,0.201759,0.436292,0.460430,0.344764,0.852542,0.446783,0.655601,0.444669,-0.049525,-0.065168,0.253111,0.444741,0.153538,0.217832,0.203577,0.412919,0.292346,0.278640,0.249067,0.039070,0.249159,0.309074,0.425386,0.341332,0.581970,0.500032,0.134330,0.120273,0.376054,0.535051
-0.305328,-0.055181,0.365857,0.698631,0.459862,0.534893,0.380990,0.678963,0.421945,0.844110,0.023839,0.437861,0.162565,0.724334,0.897606,0.000000,-0.070524,0.169189,0.183983,0.623487,0.201245,0.118360,0.567148,0.636659,0.516153,0.558521,0.592269,0.513723,0.216161,0.398433,0.483039,0.776535,0.500478,0.790250,0.520279,0.453386,-0.019689,0.233968,0.148537,-0.002945,0.473337,0.214266,0.214945,0.083088,0.054810,0.216008,0.160447,-0.060233,-0.016856,0.059486,0.048657,0.096676,0.082758,0.079154,0.021199,0.011620,-0.174372,-0.089009,-0.055140,0.366751,-0.006704,0.499565,0.360084,0.630507,0.684121,0.398248,0.478784,0.628575,-0.163078,-0.188392,0.281251,0.354329,0.183345,0.306367,0.274974,0.295507,0.179521,0.144253,0.233554,0.118680,0.247741,0.380248,0.587011,0.651923,0.578830,0.682252,0.291653,0.276422,0.148855,0.617300
0.304710,0.474269,-0.034743,-0.117400,-0.346394,-0.176417,-0.090714,-0.141422,-0.265747,-0.218641,0.044593,0.017736,0.023807,0.032184,-0.054328,-0.070524,0.000000,0.561012,0.101300,0.100043,0.236971,0.118781,0.000438,-0.122637,-0.070594,-0.081246,-0.042842,0.008213,0.435855,0.262255,0.046871,-0.077947,0.132402,0.027043,0.059051,-0.081691,-0.049294,0.018844,0.142833,0.091349,0.225732,0.007194,0.261480,0.282998,0.424392,0.346413,0.334862,0.477660,0.374502,0.375127,0.286633,0.307130,0.344536,0.452321,0.308311,0.361130,0.625481,0.563748,0.173377,0.149666,-0.074736,-0.055424,0.115745,-0.048090,-0.079616,-0.124946,0.033935,-0.054588,0.397779,0.357472,0.015539,0.103128,0.137535,0.247528,0.084435,-0.039764,-0.049510,-0.072477,0.415823,0.300087,0.381857,0.300752,0.013191,0.103067,0.095114,-0.000652,0.038528,0.123814,0.076298,0.033883
0.275078,0.513368,0.051524,0.048489,-0.105237,0.086197,0.044662,-0.026422,-0.014180,-0.007125,0.007787,0.287475,-0.008268,0.313516,0.189084,0.169189,0.561012,0.000000,0.139264,0.257573,0.244806,0.217628,0.072235,-0.097983,0.015539,-0.042770,0.224659,0.166815,0.538065,0.574467,0.230717,0.072386,0.364139,0.183341,0.052445,-0.106332,0.049633,-0.012828,0.058059,-0.173677,0.253932,0.178087,0.350530,0.351923,0.574640,0.505664,0.399016,0.416247,0.516684,0.490124,0.479890,0.421209,0.407644,0.263520,0.281197,0.295378,0.643528,0.616161,0.300012,0.295162,0.005625,0.080674,0.373635,0.249568,0.058069,-0.122403,0.154097,0.029695,0.171034,0.234933,0.202558,0.301829,0.101097,0.180978,0.092479,0.135092,-0.078783,-0.112660,0.766594,0.455157,0.684193,0.545159,0.333725,0.358104,0.354687,0.193376,-0.010964,0.138656,0.149352,0.194277
0.510965,0.486103,0.529619,0.406754,-0.002223,0.159846,0.630232,0.271600,0.152197,0.153365,0.283174,0.402408,0.617985,0.281433,0.484897,0.183983,0.101300,0.139264,0.000000,0.799822,-0.227530,0.160467,0.263423,0.038899,-0.031409,-0.094508,0.070629,0.180823,0.159813,0.131863,0.121427,0.021980,0.566122,0.357573,0.268617,0.020746,0.126193,0.242859,0.194528,0.180277,0.182914,0.200054,0.492820,0.458622,0.199377,0.111916,0.430798,0.182686,0.036293,0.035538,0.174962,0.173586,0.325155,0.161049,0.252246,0.124283,0.293112,0.227803,0.434190,0.313395,0.475488,0.217387,0.341592,0.038234,0.242625,0.171598,0.467395,0.137986,0.340652,0.310069,0.446150,0.484371,0.271026,0.285470,0.179902,0.282890,0.455771,0.214729,0.269369,0.047553,0.314942,0.235347,0.388667,0.223255,0.351623,0.170220,0.139322,0.184143,0.508043,0.194447
0.123423,0.436787,0.479624,0.780524,0.127044,0.291576,0.491831,0.602690,0.171166,0.417840,0.060922,0.432732,0.245965,0.508153,0.551023,0.623487,0.100043,0.257573,0.799822,0.000000,-0.127089,0.151152,0.571162,0.476862,0.248015,0.257622,0.340998,0.360108,0.225047,0.222738,0.412240,0.490988,0.837419,0.917629,0.420115,0.244076,-0.027538,0.338781,0.130008,0.143469,0.291591,0.297639,0.373661,0.361383,0.306569,0.396846,0.385886,0.209062,0.163172,0.210573,0.216300,0.259898,0.328616,0.159608,0.312686,0.264292,0.285896,0.276553,0.214341,0.553794,0.140143,0.444668,0.645620,0.604738,0.494796,0.226218,0.616313,0.508737,0.220137,0.246087,0.444337,0.416751,0.300331,0.431082,0.310076,0.292133,0.259653,0.091439,0.360018,0.078369,0.474807,0.559421,0.442780,0.404313,0.671642,0.714013,0.173937,0.210386,0.296194,0.654913
0.015981,0.032798,-0.190195,-0.251675,-0.076285,-0.059842,-0.165915,-0.143217,-0.150161,-0.092367,0.262150,0.005255,-0.003713,0.207313,0.008019,0.201245,0.236971,0.244806,-0.227530,-0.127089,0.000000,0.433800,-0.088454,-0.109250,0.067456,0.084984,0.247836,0.212847,0.452209,0.284117,0.455872,0.241616,-0.063513,0.004018,-0.033653,-0.065027,-0.087798,-0.013191,-0.000451,0.008661,0.188364,-0.003453,-0.068611,0.010732,0.235029,0.187085,-0.008551,0.064432,0.267477,0.216467,0.107661,0.051471,0.010892,0.116826,0.030520,0.179225,0.069920,0.149694,0.070465,0.016840,-0.068300,-0.075942,0.011532,0.099027,-0.077715,-0.188556,-0.156869,-0.120957,-0.110801,-0.082381,0.117667,0.162963,0.038887,0.148580,0.087271,0.056338,-0.035499,0.086207,0.181758,0.087635,0.101778,0.029176,-0.000336,0.015536,-0.006622,-0.056119,-0.061789,0.033373,0.022178,0.045960
0.266847,0.205164,0.121537,0.106752,0.052681,0.075988,0.161595,0.076981,-0.074227,-0.057066,0.212247,0.061692,0.202707,0.215926,0.121738,0.118360,0.118781,0.217628,0.160467,0.151152,0.433800,0.000000,0.126141,0.087858,-0.005818,0.106290,0.176469,0.354377,0.060646,0.004902,0.322240,0.190614,0.262202,0.200351,0.206089,0.157398,0.001527,0.194554,0.364246,0.212021,0.398758,0.167750,0.181806,0.212533,0.299721,0.224605,0.120927,0.013790,0.120823,0.167981,0.183656,0.148103,0.099982,0.228656,0.043727,0.161044,0.150372,0.146372,0.312095,0.262483,0.223083,0.071373,0.094799,0.071060,0.073429,0.080146,0.186222,0.151547,0.060817,0.040344,0.464092,0.354433,0.298388,0.281801,0.205125,0.026530,0.207163,0.248559,0.233477,-0.092076,0.187950,0.036606,0.127724,0.027018,0.102247,0.057534,0.030323,0.119144,0.220638,0.150569
-0.232681,0.022293,0.968978,0.786381,0.423745,0.306002,0.420088,0.566831,0.284011,0.544489,0.086795,0.050200,0.118142,0.351117,0.695368,0.567148,0.000438,0.072235,0.263423,0.571162,-0.088454,0.126141,0.000000,1.148645,0.843139,0.796173,0.454153,0.284548,-0.129340,-0.162502,0.679324,0.662863,0.647513,0.685372,0.660920,0.428979,-0.003075,0.161214,0.304340,0.120545,0.376976,0.057147,-0.021677,-0.027633,0.117127,0.254811,0.122796,0.093206,0.072186,0.266642,0.139146,0.403450,0.228476,0.480035,0.220508,0.294002,0.045163,0.058471,-0.151904,0.258446,-0.134710,0.173017,0.575722,0.362790,0.974066,0.287839,0.444977,0.493967,-0.047271,-0.062344,0.200450,0.146840,0.202362,0.232068,0.217561,0.144401,0.112600,0.209719,0.062019,-0.054340,0.104526,0.334311,0.072078,0.158564,0.616850,0.667375,0.144035,0.138716,0.039657,0.701917
-0.415986,-0.129838,0.609422,0.976233,0.521156,0.428034,0.295397,0.765248,0.283670,0.641335,-0.042476,-0.011912,-0.097060,0.252357,0.475076,0.636659,-0.122637,-0.097983,0.038899,0.476862,-0.109250,0.087858,1.148645,0.000000,0.942884,1.099882,0.517386,0.360738,-0.175002,-0.117752,0.624935,0.788617,0.578177,0.805078,0.746195,0.623341,0.001880,0.266229,0.186928,0.198221,0.265419,0.026780,-0.119000,-0.160847,-0.070413,0.177675,-0.027975,-0.004992,-0.094766,0.114285,-0.050919,0.214303,0.031839,0.240062,0.019117,0.111793,-0.146786,-0.131267,-0.260181,0.307126,-0.241331,0.325325,0.362839,0.507843,0.770658,0.400931,0.458440,0.759250,-0.103091,-0.102287,0.262679,0.085946,0.139652,0.151848,0.209240,0.097803,0.139549,0.213598,0.023746,-0.116627,0.066665,0.295126,0.142068,0.242752,0.508492,0.748622,0.117223,0.097221,-0.104682,0.692086
-0.364591,-0.139800,0.496213,0.556608,0.486222,0.457810,0.129106,0.424047,0.325016,0.560076,-0.013836,0.007059,-0.158677,0.218337,0.473853,0.516153,-0.070594,0.015539,-0.031409,0.248015,0.067456,-0.005818,0.843139,0.942884,0.000000,1.240171,0.851411,0.462519,0.041002,0.006629,0.607780,0.547758,0.389123,0.503100,0.573368,0.429883,0.071608,0.170538,0.094060,0.007550,0.258514,-0.064904,-0.061994,-0.082446,-0.037220,0.165904,0.031399,0.124131,0.058909,0.121223,0.056278,0.230616,0.051743,0.211964,0.069222,0.111811,-0.116916,-0.038654,-0.251106,0.207800,-0.332613,0.106800,0.296886,0.295951,0.656259,0.293754,0.379841,0.573008,-0.119907,-0.085559,0.077494,0.060623,0.016664,0.045433,0.184675,0.145074,0.018993,0.127299,0.076955,-0.062394,0.116418,0.250189,0.116241,0.198611,0.417780,0.509862,0.009969,0.039949,-0.237632,0.422644
-0.344657,-0.127160,0.474934,0.593962,0.612519,0.519390,0.219035,0.583977,0.353634,0.643854,0.011554,0.032394,-0.139940,0.273864,0.489946,0.558521,-0.081246,-0.042770,-0.094508,0.257622,0.084984,0.106290,0.796173,1.099882,1.240171,0.000000,0.803597,0.515592,-0.129227,-0.108734,0.586591,0.648331,0.445417,0.591438,0.690058,0.549951,-0.058917,0.170457,0.165221,0.060277,0.304124,-0.057871,-0.095647,-0.111034,-0.023475,0.189720,-0.016702,0.046445,0.054430,0.100306,0.068772,0.177419,0.059433,0.207077,0.013127,0.101345,-0.138268,-0.056922,-0.172619,0.368344,-0.250707,0.263371,0.268231,0.372502,0.682124,0.445895,0.487045,0.742580,-0.087606,-0.065844,0.056096,0.001620,0.013141,0.060641,0.168976,0.126471,0.018544,0.174262,0.009973,-0.125264,0.053926,0.196300,0.068231,0.158105,0.420152,0.531408,0.028046,0.028890,-0.113203,0.539401
-0.145949,0.039181,0.426737,0.514115,0.578097,0.779928,0.278809,0.546801,0.535247,0.698836,0.107273,0.344992,-0.029234,0.519517,0.626100,0.592269,-0.042842,0.224659,0.070629,0.340998,0.247836,0.176469,0.454153,0.517386,0.851411,0.803597,0.000000,0.864906,0.154904,0.131842,0.516527,0.540723,0.435647,0.485604,0.482758,0.302269,0.063811,0.300278,0.096056,0.018780,0.303242,0.068681,0.134569,0.068249,0.074134,0.220494,0.148201,0.073199,0.216952,0.079473,0.216081,0.154747,0.172535,0.078041,0.107407,0.066523,-0.041754,0.081840,0.096514,0.456656,-0.043843,0.384660,0.337040,0.416685,0.569257,0.385264,0.586567,0.581924,-0.098912,-0.013279,0.164655,0.251148,-0.001895,0.053958,0.171614,0.293516,0.138175,0.196579,0.164188,-0.079244,0.278889,0.272854,0.280262,0.234319,0.479531,0.515100,-0.135664,-0.027195,0.061645,0.489363
-0.112990,0.054007,0.339282,0.395093,0.556899,0.838622,0.276899,0.500055,0.436885,0.626234,0.124542,0.281039,0.089449,0.467348,0.484964,0.513723,0.008213,0.166815,0.180823,0.360108,0.212847,0.354377,0.284548,0.360738,0.462519,0.515592,0.864906,0.000000,0.089767,0.087471,0.494446,0.451809,0.403383,0.450692,0.497069,0.266523,0.159245,0.329519,0.202009,0.026026,0.361304,0.003296,0.216768,0.132244,0.134056,0.145618,0.122718,-0.049212,0.218864,0.018912,0.183259,0.034225,0.095203,-0.014248,0.069399,0.056992,-0.125397,0.004834,0.258985,0.408201,0.076209,0.292662,0.244464,0.297106,0.409439,0.253540,0.533916,0.455683,-0.069366,-0.048015,0.202212,0.259999,0.203165,0.166732,0.278883,0.306245,0.256433,0.274848,0.134858,-0.126424,0.232989,0.195511,0.243636,0.192199,0.360056,0.383980,-0.019457,0.059176,0.201581,0.373757
0.187191,0.261548,-0.108259,-0.078334,-0.329268,-0.057968,-0.044924,-0.113378,-0.203067,-0.138816,-0.036336,0.248163,0.029035,0.157947,0.149378,0.216161,0.435855,0.538065,0.159813,0.225047,0.452209,0.060646,-0.129340,-0.175002,0.041002,-0.129227,0.154904,0.089767,0.000000,0.975485,0.165207,0.032406,0.137308,0.095334,-0.068610,-0.210660,-0.061366,0.037688,-0.219612,-0.071178,-0.003071,0.017967,0.233434,0.155855,0.204233,0.269251,0.200079,0.307582,0.285404,0.256215,0.104733,0.139696,0.150728,0.004442,0.096448,0.078535,0.285036,0.283676,0.164786,0.011690,-0.063403,-0.047551,0.083695,0.079509,-0.113678,-0.231129,0.005368,-0.136169,0.288271,0.324434,0.171741,0.398045,-0.021534,0.104497,-0.043972,0.127306,-0.158827,-0.225710,0.539699,0.355424,0.527509,0.223673,0.505779,0.390548,0.060050,-0.043288,-0.062261,-0.085088,0.005845,-0.076871
0.143789,0.246910,-0.112252,0.013121,-0.268682,-0.035797,0.008259,-0.063973,-0.181938,-0.057481,-0.284583,0.229225,-0.163032,0.073867,0.163835,0.398433,0.262255,0.574467,0.131863,0.222738,0.284117,0.004902,-0.162502,-0.117752,0.006629,-0.108734,0.131842,0.087471,0.975485,0.000000,0.083008,0.081252,0.180876,0.148994,-0.050150,-0.111095,-0.019446,0.059162,-0.092227,-0.090004,0.120312,0.188554,0.375956,0.230318,0.165918,0.312624,0.197415,0.236968,0.230496,0.263127,0.164240,0.155028,0.171550,-0.073682,0.003968,0.014960,0.237036,0.251323,0.058130,0.091959,-0.092335,0.066838,0.043495,0.146876,-0.042025,-0.080641,0.049062,0.006497,0.273626,0.286768,0.148532,0.443132,-0.143634,0.116412,-0.105949,0.070856,-0.165490,-0.251410,0.693085,0.640357,0.644098,0.474434,0.811766,0.896395,0.237456,0.098144,0.206894,0.175251,0.008363,0.031346
-0.188608,0.042681,0.392381,0.403803,0.298784,0.242636,0.216114,0.357120,0.124284,0.272905,0.173743,0.048367,-0.001321,0.390941,0.358139,0.483039,0.046871,0.230717,0.121427,0.412240,0.455872,0.322240,0.679324,0.624935,0.607780,0.586591,0.516527,0.494446,0.165207,0.083008,0.000000,0.836794,0.614431,0.611480,0.573255,0.295615,0.078392,0.221421,0.204656,0.076010,0.381430,0.112805,-0.031621,0.015000,0.244419,0.317293,0.114202,0.097069,0.218765,0.272566,0.134845,0.261168,0.166427,0.283484,0.145159,0.278192,0.033177,0.054638,-0.022546,0.211758,-0.117666,0.118035,0.432687,0.432461,0.467405,0.023848,0.256501,0.311905,-0.145669,-0.161082,0.401663,0.323312,0.323480,0.310991,0.304347,0.155545,0.161016,0.277273,0.257581,-0.089736,0.209005,0.283475,0.094554,0.120070,0.466669,0.475424,-0.064890,0.119114,-0.057949,0.453465
-0.332154,-0.081886,0.277576,0.635590,0.327309,0.392584,0.243768,0.675238,0.241195,0.514936,0.030828,0.198111,0.004984,0.510284,0.486569,0.776535,-0.077947,0.072386,0.021980,0.490988,0.241616,0.190614,0.662863,0.788617,0.547758,0.648331,0.540723,0.451809,0.032406,0.081252,0.836794,0.000000,0.509409,0.798650,0.643566,0.477585,0.012098,0.322029,0.140787,0.061484,0.330295,0.209143,-0.058543,-0.092073,0.093345,0.240326,0.020846,-0.100188,0.005419,0.136041,0.019558,0.078138,0.004957,0.092676,0.030196,0.081127,-0.127158,-0.110820,-0.053559,0.353555,-0.035816,0.429610,0.366880,0.607320,0.573301,0.306813,0.385031,0.626478,-0.299491,-0.309312,0.319087,0.348082,0.227539,0.250151,0.194212,0.162222,0.240585,0.316981,0.150387,-0.093542,0.083965,0.219355,0.192150,0.261830,0.517713,0.646377,0.153721,0.181630,-0.019084,0.655916
0.161403,0.376723,0.599793,0.779024,0.218759,0.310229,0.558443,0.562277,0.193748,0.322533,-0.004638,0.312813,0.178356,0.393718,0.557672,0.500478,0.132402,0.364139,0.566122,0.837419,-0.063513,0.262202,0.647513,0.578177,0.389123,0.445417,0.435647,0.403383,0.137308,0.180876,0.614431,0.509409,0.000000,1.113547,0.698642,0.403333,0.121555,0.255824,0.346303,0.178828,0.371262,0.310950,0.406400,0.414283,0.361124,0.560706,0.405281,0.307105,0.273232,0.425812,0.402516,0.472318,0.459313,0.357359,0.312682,0.327387,0.273372,0.250586,0.256515,0.656034,0.166296,0.391780,0.573818,0.465892,0.574270,0.348726,0.725701,0.662179,0.137256,0.149087,0.457463,0.388171,0.266226,0.226936,0.272617,0.056654,0.199115,0.131208,0.427390,0.066083,0.566489,0.595970,0.478137,0.424815,0.843030,0.731147,0.091740,0.200840,0.277421,0.754831
-0.123071,0.200098,0.435630,0.938179,0.246379,0.413490,0.438623,0.811902,0.232375,0.506498,-0.043650,0.304030,0.114092,0.473073,0.530832,0.790250,0.027043,0.183341,0.357573,0.917629,0.004018,0.200351,0.685372,0.805078,0.503100,0.591438,0.485604,0.450692,0.095334,0.148994,0.611480,0.798650,1.113547,0.000000,0.801099,0.604695,0.050278,0.305664,0.294452,0.164151,0.417764,0.320336,0.209454,0.214051,0.202034,0.409981,0.217332,0.108859,0.065681,0.246923,0.187040,0.268778,0.180966,0.168351,0.183717,0.197167,0.052535,0.083172,0.052493,0.619230,0.062844,0.542891,0.474185,0.658754,0.643908,0.483710,0.714367,0.883062,0.000799,0.024734,0.416234,0.315275,0.292158,0.294799,0.365382,0.171048,0.247577,0.165688,0.225011,0.004705,0.386423,0.455998,0.427600,0.440530,0.728939,0.843677,0.178559,0.207126,0.119861,0.792557
-0.182582,-0.022763,0.569677,0.762312,0.374087,0.441273,0.523370,0.725232,0.303088,0.492711,0.115598,0.209001,0.171775,0.331231,0.539193,0.520279,0.059051,0.052445,0.268617,0.420115,-0.033653,0.206089,0.660920,0.746195,0.573368,0.690058,0.482758,0.497069,-0.068610,-0.050150,0.573255,0.643566,0.698642,0.801099,0.000000,0.741775,0.043188,0.202709,0.254866,0.047927,0.272490,0.084951,0.110284,0.048277,-0.037403,0.086112,0.067645,-0.010717,-0.088474,0.015367,0.016404,0.078076,-0.040527,0.140546,-0.061198,0.006603,-0.118058,-0.111031,0.084076,0.451805,0.123319,0.424993,0.223731,0.295565,0.729916,0.532634,0.793118,0.766940,-0.044670,-0.138357,0.292244,0.263521,0.229551,0.179948,0.247769,0.178409,0.347847,0.421931,0.064558,-0.161443,0.015448,0.087670,0.152913,0.118386,0.398951,0.406369,0.021421,0.063128,0.066842,0.514297
-0.195865,-0.063190,0.322875,0.682050,0.442683,0.420652,0.466585,0.756287,0.314261,0.460981,0.114841,0.242075,0.173415,0.343784,0.317394,0.453386,-0.081691,-0.106332,0.020746,0.244076,-0.065027,0.157398,0.428979,0.623341,0.429883,0.549951,0.302269,0.266523,-0.210660,-0.111095,0.295615,0.477585,0.403333,0.604695,0.741775,0.000000,-0.108851,0.224485,0.174610,0.042025,0.274775,0.075574,0.001718,-0.076774,-0.069842,0.023840,0.007735,-0.102335,-0.191604,-0.116559,-0.017629,-0.033431,-0.131905,0.103014,-0.128315,-0.177236,-0.245669,-0.198669,0.009337,0.390297,0.161976,0.550471,0.105688,0.393044,0.490188,0.715467,0.636109,0.894400,-0.238822,-0.174661,0.171635,0.014413,0.222482,0.220365,0.350402,0.164507,0.394417,0.497849,-0.098886,-0.164786,-0.100611,-0.010191,0.001555,0.067993,0.185311,0.319022,-0.035629,0.127443,-0.041058,0.374573
0.004490,0.027896,0.038663,-0.037063,0.008684,0.058321,-0.120341,-0.136659,0.022377,-0.007804,0.134827,-0.019913,0.111623,0.053155,0.057450,-0.019689,-0.049294,0.049633,0.126193,-0.027538,-0.087798,0.001527,-0.003075,0.001880,0.071608,-0.058917,0.063811,0.159245,-0.061366,-0.019446,0.078392,0.012098,0.121555,0.050278,0.043188,-0.108851,0.000000,0.411686,0.494445,0.206879,0.305209,0.265354,0.275311,0.311132,0.092519,0.094852,0.296789,0.107240,0.130912,0.018769,0.115789,0.062782,0.055173,-0.047787,0.192577,0.051288,0.001221,-0.022002,0.087305,0.029600,-0.019236,-0.116680,0.151005,-0.057058,-0.077715,-0.024664,0.054028,0.088883,-0.120953,-0.047238,0.288599,0.228121,0.219875,-0.089286,0.188977,0.053801,0.368912,0.268322,0.172522,-0.165244,0.092718,0.048039,0.108314,0.029828,0.136393,0.117076,0.014973,0.139755,0.037133,-0.010673
0.015200,0.060294,0.223304,0.376845,0.163348,0.245762,0.142416,0.312151,0.228643,0.303087,0.120727,0.219591,0.119059,0.272962,0.243706,0.233968,0.018844,-0.012828,0.242859,0.338781,-0.013191,0.194554,0.161214,0.266229,0.170538,0.170457,0.300278,0.329519,0.037688,0.059162,0.221421,0.322029,0.255824,0.305664,0.202709,0.224485,0.411686,0.000000,0.266471,0.425970,0.407537,0.274823,0.211079,0.158144,-0.017173,0.019336,0.291636,0.033961,0.041185,-0.108112,0.075612,0.040442,0.126146,-0.030650,0.212248,0.036031,-0.005742,-0.048930,0.156408,0.275873,0.027869,0.255857,0.160592,0.271528,0.149876,0.220466,0.271914,0.321007,-0.067571,0.047854,0.437282,0.416161,0.231573,0.200843,0.276809,0.285092,0.540994,0.460998,0.228167,-0.128819,0.239853,0.153632,0.243948,0.147910,0.268192,0.362136,0.073714,0.086823,0.197059,0.248896
0.252501,0.235114,0.365579,0.176302,0.062947,0.057519,0.204782,0.077727,-0.001557,0.039637,0.070799,-0.020853,0.195782,0.101389,0.207408,0.148537,0.142833,0.058059,0.194528,0.130008,-0.000451,0.364246,0.304340,0.186928,0.094060,0.165221,0.096056,0.202009,-0.219612,-0.092227,0.204656,0.140787,0.346303,0.294452,0.254866,0.174610,0.494445,0.266471,0.000000,0.551232,0.691878,0.233044,0.335117,0.417386,0.355958,0.280584,0.347279,0.167587,0.164609,0.226732,0.361797,0.251050,0.277230,0.353361,0.398802,0.360467,0.160785,0.165722,0.147876,0.339141,0.116120,0.012604,0.185391,-0.086438,0.246110,0.263689,0.292270,0.274717,0.149288,0.119560,0.154744,0.152385,0.197963,0.125351,0.220864,-0.048007,0.260961,0.206036,0.072616,0.082023,0.188259,0.183218,0.137063,0.157388,0.284199,0.195159,0.362074,0.430245,0.223499,0.297971
0.196457,0.209584,0.191987,0.200035,-0.172864,-0.107065,0.005535,0.023176,-0.219348,-0.193030,-0.011534,-0.071127,0.001962,-0.110489,-0.020717,-0.002945,0.091349,-0.173677,0.180277,0.143469,0.008661,0.212021,0.120545,0.198221,0.007550,0.060277,0.018780,0.026026,-0.071178,-0.090004,0.076010,0.061484,0.178828,0.164151,0.047927,0.042025,0.206879,0.425970,0.551232,0.000000,0.297334,0.217032,0.237656,0.285761,0.306107,0.317185,0.352660,0.421461,0.201276,0.281021,0.338712,0.394979,0.269840,0.287364,0.501185,0.501140,0.165702,0.189045,0.097302,0.272851,-0.057454,-0.041079,-0.060749,-0.100084,0.000842,0.189649,0.148630,0.160559,0.255434,0.348625,0.246107,0.165503,0.107744,0.006408,0.152070,-0.087600,0.146222,-0.006750,0.056148,0.040288,0.274541,0.136077,0.222810,0.141851,0.195147,0.236004,0.264008,0.208138,0.178387,0.232121
0.029470,0.168840,0.288137,0.261295,0.179960,0.226981,0.138443,0.164222,0.134392,0.224954,0.040577,0.130143,0.086630,0.295859,0.416591,0.473337,0.225732,0.253932,0.182914,0.291591,0.188364,0.398758,0.376976,0.265419,0.258514,0.304124,0.303242,0.361304,-0.003071,0.120312,0.381430,0.330295,0.371262,0.417764,0.272490,0.274775,0.305209,0.407537,0.691878,0.297334,0.000000,0.394595,0.310910,0.360849,0.319142,0.360648,0.396395,0.182433,0.229842,0.243652,0.366283,0.342601,0.331130,0.273366,0.341576,0.371503,0.139782,0.145320,0.010623,0.304244,-0.066450,0.096289,0.184348,0.173319,0.323344,0.208716,0.245263,0.293308,-0.003954,-0.023074,0.317033,0.301544,0.441368,0.413539,0.437722,0.173568,0.226625,0.170420,0.338033,0.164134,0.400343,0.396548,0.303003,0.350359,0.479835,0.360591,0.372678,0.398480,0.191539,0.423095
0.131341,0.200852,0.073668,0.250001,-0.139356,-0.041412,0.089578,0.103161,-0.082665,-0.012715,0.018187,0.182563,0.076598,0.135521,0.130795,0.214266,0.007194,0.178087,0.200054,0.297639,-0.003453,0.167750,0.057147,0.026780,-0.064904,-0.057871,0.068681,0.003296,0.017967,0.188554,0.112805,0.209143,0.310950,0.320336,0.084951,0.075574,0.265354,0.274823,0.233044,0.217032,0.394595,0.000000,0.391676,0.436263,0.236081,0.271621,0.444680,0.188232,0.130123,0.145125,0.339434,0.195670,0.285883,0.047871,0.225840,0.145752,0.164460,0.113937,0.055520,0.215767,0.030445,0.152493,0.116281,0.162719,0.022840,0.057879,0.176505,0.198488,-0.096633,-0.010684,0.532627,0.444251,0.386963,0.355807,0.262911,0.097005,0.266250,0.106060,0.397588,0.089949,0.315297,0.275212,0.384216,0.312463,0.381411,0.287157,0.292353,0.474495,0.116695,0.244672
0.547008,0.557359,0.193029,0.219776,-0.030033,0.167999,0.261661,0.038058,0.088124,0.082880,0.094718,0.394853,0.364889,0.255877,0.312202,0.214945,0.261480,0.350530,0.492820,0.373661,-0.068611,0.181806,-0.021677,-0.119000,-0.061994,-0.095647,0.134569,0.216768,0.233434,0.375956,-0.031621,-0.058543,0.406400,0.209454,0.110284,0.001718,0.275311,0.211079,0.335117,0.237656,0.310910,0.391676,0.000000,1.317585,0.572807,0.515483,1.126704,0.587827,0.423835,0.268282,0.585482,0.299248,0.490856,0.181048,0.450144,0.200128,0.372059,0.398127,0.406874,0.398476,0.211118,0.094877,0.030992,-0.052095,-0.028768,0.170495,0.409752,0.216887,0.338781,0.340726,0.273744,0.434791,0.236991,0.179404,0.219320,0.155023,0.285341,0.052723,0.438658,0.313852,0.494008,0.468869,0.401966,0.305796,0.339097,0.205771,0.106982,0.116806,0.358515,0.149561
0.594129,0.638047,0.086507,0.083766,-0.155163,0.013480,0.080041,-0.081423,-0.017107,-0.069460,0.086697,0.285977,0.270741,0.219353,0.151401,0.083088,0.282998,0.351923,0.458622,0.361383,0.010732,0.212533,-0.027633,-0.160847,-0.082446,-0.111034,0.068249,0.132244,0.155855,0.230318,0.015000,-0.092073,0.414283,0.214051,0.048277,-0.076774,0.311132,0.158144,0.417386,0.285761,0.360849,0.436263,1.317585,0.000000,0.799297,0.711674,1.073200,0.774866,0.531811,0.432738,0.620105,0.393944,0.542469,0.235241,0.624917,0.445976,0.516202,0.523167,0.383107,0.431165,0.177144,0.004871,0.102448,-0.048451,-0.119871,0.070010,0.276510,0.174716,0.323460,0.352755,0.291519,0.364883,0.208778,0.143278,0.275608,0.047490,0.228150,-0.001880,0.427317,0.302069,0.533647,0.494044,0.297330,0.217498,0.348586,0.217530,0.188836,0.239908,0.424802,0.206153
0.519592,0.817125,0.033593,0.014429,-0.214874,-0.057332,-0.016208,-0.100870,-0.201904,-0.172542,0.109378,0.129113,0.140779,0.219559,0.042280,0.054810,0.424392,0.574640,0.199377,0.306569,0.235029,0.299721,0.117127,-0.070413,-0.037220,-0.023475,0.074134,0.134056,0.204233,0.165918,0.244419,0.093345,0.361124,0.202034,-0.037403,-0.069842,0.092519,-0.017173,0.355958,0.306107,0.319142,0.236081,0.572807,0.799297,0.000000,1.141135,0.798040,0.866997,0.929781,0.915675,0.834313,0.680062,0.690832,0.541880,0.862999,0.822696,0.791355,0.880894,0.339068,0.454372,0.085522,-0.059277,0.220022,0.056932,-0.095389,-0.032804,0.154201,0.086337,0.386629,0.426886,0.177796,0.230012,0.215150,0.174191,0.218722,-0.058751,-0.005030,-0.130429,0.351787,0.349736,0.485640,0.453028,0.096393,0.146758,0.355498,0.234692,0.118614,0.280114,0.304407,0.319927
0.332835,0.658335,0.102371,0.166183,-0.186284,-0.024935,-0.026891,-0.010255,-0.227650,-0.119053,-0.111558,0.063341,-0.115833,0.170000,0.125135,0.216008,0.346413,0.505664,0.111916,0.396846,0.187085,0.224605,0.254811,0.177675,0.165904,0.189720,0.220494,0.145618,0.269251,0.312624,0.317293,0.240326,0.560706,0.409981,0.086112,0.023840,0.094852,0.019336,0.280584,0.317185,0.360648,0.271621,0.515483,0.711674,1.141135,0.000000,0.664847,0.908549,1.017347,1.303055,0.872308,0.920102,0.771719,0.525498,0.730232,0.896036,0.694538,0.802959,0.204803,0.571781,-0.128852,-0.001159,0.336844,0.248098,0.054008,0.010421,0.252168,0.307580,0.403083,0.475182,0.189712,0.283758,0.085625,0.068878,0.154301,-0.121485,-0.189977,-0.229920,0.469529,0.379298,0.727798,0.720383,0.282571,0.378325,0.636053,0.545870,0.120425,0.268686,0.215756,0.580214
0.567551,0.667578,0.274840,0.238955,-0.046244,0.122652,0.193812,0.023014,0.037719,0.073649,0.182307,0.318874,0.301091,0.296080,0.272936,0.160447,0.334862,0.399016,0.430798,0.385886,-0.008551,0.120927,0.122796,-0.027975,0.031399,-0.016702,0.148201,0.122718,0.200079,0.197415,0.114202,0.020846,0.405281,0.217332,0.067645,0.007735,0.296789,0.291636,0.347279,0.352660,0.396395,0.444680,1.126704,1.073200,0.798040,0.664847,0.000000,0.906184,0.697570,0.428283,0.829879,0.519756,0.790030,0.465434,0.774178,0.480581,0.602334,0.625931,0.402971,0.466039,0.094524,0.051928,0.129118,0.025538,-0.016412,0.109575,0.374233,0.250049,0.310012,0.393325,0.317395,0.403822,0.362315,0.282790,0.334234,0.239715,0.309843,0.102977,0.468596,0.293643,0.497978,0.512070,0.236841,0.206774,0.437158,0.301854,0.084181,0.206887,0.382393,0.297057
0.501484,0.683127,0.076233,0.066835,-0.350613,-0.191638,-0.109321,-0.151781,-0.334252,-0.254946,0.028707,0.067239,-0.029253,-0.013373,-0.019604,-0.060233,0.477660,0.416247,0.182686,0.209062,0.064432,0.013790,0.093206,-0.004992,0.124131,0.046445,0.073199,-0.049212,0.307582,0.236968,0.097069,-0.100188,0.307105,0.108859,-0.010717,-0.102335,0.107240,0.033961,0.167587,0.421461,0.182433,0.188232,0.587827,0.774866,0.866997,0.908549,0.906184,0.000000,0.780245,0.754685,0.742067,0.750619,0.725710,0.574657,0.754495,0.758870,0.826420,0.846326,0.163376,0.324413,-0.134942,-0.129810,0.052835,-0.113740,-0.128075,0.030406,0.163271,0.108902,0.569072,0.673812,0.106618,0.181849,0.069870,0.047249,0.125047,-0.045881,-0.098534,-0.237137,0.376855,0.440923,0.521425,0.466158,0.156329,0.186217,0.305344,0.180022,0.083778,0.141459,0.128397,0.170943
