0.000000,1.023189,0.683970,0.709549,0.444192,0.350208,0.854228,0.789407,0.344418,0.290417,0.560667,0.496002,0.703391,0.647825,0.416988,0.468593,0.604384,0.449938,0.666605,0.570399,0.081088,0.065579,0.534668,0.533628,0.392261,0.270606,0.017520,-0.052344,0.461643,0.285018,0.079023,0.137044,0.566731,0.546340,0.288404,0.317995,0.146381,0.407420,0.109166,0.265717,0.317582,0.466126,0.449461,0.416729,0.573572,0.385783,0.474947,0.550658,0.805184,0.524860,0.696660,0.665787,0.631756,0.448126,0.280625,0.291383,0.893232,0.554116,0.492622,0.505739,0.500060,0.693732,0.464296,0.660973,0.736173,0.623490,0.515675,0.385551,0.258266,0.199331,0.141683,0.127060,0.308653,0.183835,0.226866,0.222554,0.499902,0.401984,0.488692,0.278198,0.649731,0.457396,0.601753,0.279575,0.692501,0.527670,0.191841,0.212995,0.398892,0.593059
1.023189,0.000000,0.563053,0.635124,0.411318,0.298328,0.675058,0.710467,0.314742,0.287048,0.502522,0.668227,0.537917,0.700092,0.371222,0.455638,0.598977,0.584684,0.620087,0.599689,0.142768,0.126250,0.466587,0.445295,0.366795,0.330306,0.112893,0.048944,0.448480,0.464276,0.173664,0.226263,0.693460,0.692770,0.301895,0.279218,0.211881,0.444408,0.176044,0.313112,0.312172,0.512739,0.450901,0.492528,0.603937,0.318060,0.543423,0.559815,0.811881,0.623359,0.684717,0.731101,0.669384,0.456555,0.357085,0.405592,0.986364,0.865916,0.566029,0.596471,0.588995,0.766859,0.485737,0.842893,0.566766,0.512527,0.552555,0.400812,0.373737,0.223468,0.179102,0.182572,0.363296,0.334496,0.254432,0.291167,0.521301,0.433096,0.481051,0.354132,0.742632,0.633033,0.430149,0.276853,0.620794,0.579474,0.188037,0.176498,0.324833,0.634735
0.683970,0.563053,0.000000,1.116635,0.547086,0.438231,1.368710,1.149959,0.415154,0.298312,0.431149,0.424586,0.716140,0.511002,0.481158,0.456473,0.478829,0.370589,0.595167,0.476340,-0.023810,-0.002572,1.145965,1.022181,0.571851,0.391683,-0.087251,-0.212028,0.441452,0.302855,0.278447,0.318585,0.537026,0.473304,0.427918,0.389763,0.073296,0.281157,0.086271,0.271695,0.282463,0.455150,0.603498,0.582951,0.565928,0.447089,0.619770,0.723724,0.517031,0.414160,0.890716,0.524168,0.764973,0.715555,0.271226,0.310714,0.678610,0.465508,0.349229,0.472837,0.434320,0.580919,0.480040,0.586784,0.541965,0.603360,0.500252,0.410343,0.151904,0.175378,-0.125304,-0.048136,0.139019,0.000090,0.169236,0.195886,0.442760,0.351185,0.468651,0.310531,0.604501,0.502016,0.602485,0.301116,0.841742,0.786804,0.146384,0.432775,0.424947,0.575103
0.709549,0.635124,1.116635,0.000000,0.606600,0.584609,1.071466,1.256622,0.479941,0.417750,0.295369,0.355722,0.634036,0.513972,0.453230,0.580357,0.304202,0.277760,0.629977,0.628755,-0.050721,0.007701,0.957698,1.127201,0.583166,0.453713,-0.046289,-0.138740,0.330632,0.249900,0.149701,0.246008,0.456663,0.448807,0.344152,0.348127,0.105419,0.356868,0.059182,0.201520,0.227023,0.431416,0.645733,0.549008,0.664774,0.583596,0.507028,0.686588,0.566110,0.522471,0.735532,0.535888,0.735191,0.594837,0.203120,0.238975,0.627583,0.417739,0.460950,0.687224,0.447458,0.694344,0.355417,0.569404,0.510088,0.707039,0.534007,0.635117,0.152557,0.258572,-0.033894,0.059483,0.099392,-0.018999,0.124019,0.159684,0.457982,0.394232,0.380995,0.267458,0.606564,0.453736,0.586149,0.287802,0.739775,0.737892,0.205228,0.363786,0.373583,0.565816
0.444192,0.411318,0.547086,0.606600,0.000000,0.680042,0.491512,0.531149,0.689444,0.518901,0.301608,0.374459,0.382342,0.460011,0.549610,0.517649,0.269108,0.251384,0.441640,0.405754,-0.014910,-0.020381,0.516022,0.559690,0.736093,0.537905,0.184544,0.054671,0.270573,0.271093,0.087660,0.102629,0.383064,0.350029,0.178264,0.247509,0.125215,0.215725,0.100309,0.195391,0.191827,0.253493,0.382610,0.376567,0.404079,0.310216,0.398200,0.455771,0.383815,0.382463,0.390790,0.425939,0.434311,0.356352,0.246147,0.229394,0.440074,0.307051,0.357913,0.488610,0.305238,0.463515,0.318842,0.405404,0.325466,0.407842,0.373840,0.376598,0.153830,0.226851,-0.061384,-0.058565,0.107817,0.061848,0.094429,0.099010,0.281673,0.291023,0.276546,0.211407,0.394751,0.309088,0.423764,0.228977,0.477368,0.443183,0.170026,0.215484,0.309353,0.480407
0.350208,0.298328,0.438231,0.584609,0.680042,0.000000,0.331764,0.448754,0.856273,1.042530,0.156223,0.212966,0.208958,0.316867,0.369346,0.521059,0.164802,0.188596,0.379328,0.381627,-0.081386,-0.044740,0.479562,0.575681,0.714005,0.580836,0.016121,0.057537,0.177639,0.202078,-0.041036,-0.050924,0.314468,0.246056,0.101299,0.233255,0.128813,0.204333,0.060140,0.136129,0.109490,0.164657,0.346807,0.310272,0.373998,0.342393,0.276849,0.346512,0.322099,0.260520,0.286120,0.298312,0.403165,0.252390,0.117512,0.115111,0.311090,0.204836,0.306537,0.460488,0.192741,0.358272,0.159931,0.307456,0.168932,0.291939,0.297113,0.366133,0.070180,0.255029,-0.040998,-0.017774,0.064449,-0.038342,0.080893,0.139063,0.263988,0.274357,0.169907,0.145059,0.329595,0.250877,0.329309,0.219283,0.344076,0.307981,0.176909,0.175401,0.243694,0.385836
0.854228,0.675058,1.368710,1.071466,0.491512,0.331764,0.000000,1.287935,0.398201,0.234636,0.509388,0.477406,0.923769,0.609994,0.533059,0.448194,0.565327,0.418843,0.535364,0.417584,0.016442,0.021497,1.026764,0.861292,0.488895,0.341742,-0.075048,-0.153716,0.486911,0.327458,0.285951,0.320931,0.596622,0.593269,0.449341,0.419142,0.114284,0.306092,0.095090,0.312693,0.331985,0.480699,0.614929,0.607088,0.614123,0.430344,0.632988,0.721878,0.640493,0.487080,1.051608,0.622396,0.789385,0.704921,0.318738,0.346175,0.758946,0.527341,0.310660,0.454998,0.478104,0.621301,0.512325,0.654301,0.723157,0.689714,0.537780,0.423790,0.157342,0.133246,-0.047751,0.020490,0.242713,0.094738,0.227140,0.243612,0.500892,0.373203,0.540649,0.324358,0.682029,0.572697,0.572351,0.267400,0.871377,0.806217,0.145015,0.360144,0.443981,0.655121
0.789407,0.710467,1.149959,1.256622,0.531149,0.448754,1.287935,0.000000,0.439523,0.317423,0.452965,0.572181,0.791027,0.775159,0.460810,0.486935,0.517270,0.502796,0.518804,0.447043,0.003746,-0.002824,0.840280,0.868664,0.499697,0.402071,-0.022565,-0.155656,0.469175,0.411260,0.189363,0.290211,0.588082,0.654355,0.353220,0.410741,0.083062,0.323135,0.057234,0.265835,0.291237,0.459677,0.643975,0.674021,0.688280,0.459911,0.693373,0.766734,0.695683,0.539098,0.960746,0.688715,0.912596,0.744157,0.291025,0.341377,0.736728,0.542847,0.331310,0.521867,0.444669,0.683449,0.549719,0.780814,0.669929,0.907884,0.503659,0.496382,0.115509,0.114537,-0.064163,0.012223,0.258662,0.134091,0.223968,0.222942,0.472310,0.399447,0.519125,0.338453,0.724877,0.624942,0.513421,0.268737,0.814717,0.876205,0.095683,0.306589,0.396364,0.708708
0.344418,0.314742,0.415154,0.479941,0.689444,0.856273,0.398201,0.439523,0.000000,0.811506,0.166685,0.247507,0.234997,0.317662,0.455135,0.406978,0.261251,0.188703,0.259945,0.231489,0.002795,-0.050199,0.445949,0.385532,0.582730,0.458503,0.067431,0.064319,0.176910,0.158103,-0.024815,-0.030619,0.326213,0.274510,0.128255,0.186991,0.132583,0.153633,0.030792,0.088478,0.122043,0.140839,0.305526,0.290846,0.285781,0.266047,0.226664,0.303249,0.351431,0.241775,0.295944,0.285006,0.363096,0.255846,0.088994,0.065114,0.332837,0.182275,0.146059,0.262880,0.124919,0.296871,0.131705,0.274960,0.248541,0.271263,0.234064,0.262888,0.006211,0.201596,0.068870,0.044752,0.141095,0.032451,0.093201,0.151803,0.258916,0.269369,0.169013,0.146435,0.267186,0.215467,0.299148,0.154823,0.320759,0.262681,0.116659,0.111903,0.167494,0.350347
0.290417,0.287048,0.298312,0.417750,0.518901,1.042530,0.234636,0.317423,0.811506,0.000000,0.118824,0.207220,0.164152,0.276588,0.331051,0.520405,0.186912,0.197349,0.254213,0.246971,-0.010604,0.002686,0.323453,0.356922,0.607855,0.561653,0.046668,0.067357,0.180861,0.185011,-0.018781,-0.019111,0.269222,0.239665,0.103784,0.183611,0.167369,0.127119,0.052077,0.098255,0.104223,0.102266,0.226482,0.217522,0.249057,0.236829,0.175079,0.233418,0.288044,0.194056,0.200142,0.207706,0.276762,0.140008,0.033274,0.032121,0.300118,0.202667,0.180369,0.259234,0.142447,0.263488,0.112348,0.226437,0.169801,0.216452,0.146735,0.217411,0.013592,0.193132,0.018051,0.038480,0.126349,0.027117,0.107408,0.147320,0.215671,0.233716,0.117654,0.130685,0.249672,0.186513,0.256017,0.152258,0.244436,0.187038,0.145551,0.132072,0.156188,0.316979
0.560667,0.502522,0.431149,0.295369,0.301608,0.156223,0.509388,0.452965,0.166685,0.118824,0.000000,0.760819,0.794585,0.733345,0.676646,0.404799,0.733994,0.576666,0.466391,0.311920,0.006077,0.082887,0.287076,0.339971,0.194247,0.170951,0.004871,0.008644,0.677885,0.562654,0.314747,0.380563,0.433249,0.505608,0.293914,0.260913,0.163235,0.180082,0.347938,0.354714,0.383119,0.321109,0.157017,0.315449,0.252728,0.011584,0.449791,0.344476,0.303481,0.179306,0.475727,0.334191,0.281758,0.285498,0.519069,0.451601,0.509275,0.428212,0.256667,0.214632,0.474222,0.318052,0.693945,0.549074,0.563154,0.417433,0.335109,0.072947,0.363360,-0.054326,-0.099448,-0.065979,0.299889,0.317224,0.207362,0.164425,0.311091,0.239896,0.404269,0.265111,0.537222,0.530938,0.393355,0.403128,0.600151,0.533897,0.240043,0.379947,0.499422,0.587063
0.496002,0.668227,0.424586,0.355722,0.374459,0.212966,0.477406,0.572181,0.247507,0.207220,0.760819,0.000000,0.620934,0.914802,0.541969,0.447676,0.809586,0.879690,0.400867,0.304926,0.021079,0.093524,0.302169,0.345466,0.267022,0.297207,0.102902,0.047113,0.739001,0.877114,0.336627,0.404111,0.588508,0.680580,0.309884,0.328245,0.143799,0.175851,0.314135,0.413252,0.382930,0.415224,0.214002,0.417750,0.326453,0.011133,0.582519,0.454220,0.481771,0.258569,0.593064,0.517994,0.450195,0.438347,0.552679,0.535327,0.641031,0.581068,0.272184,0.188644,0.498106,0.382439,0.683720,0.768223,0.511853,0.529538,0.361884,0.108244,0.315996,-0.104841,-0.082167,-0.065472,0.457264,0.499621,0.250620,0.291453,0.328140,0.258915,0.450565,0.319047,0.664828,0.684076,0.290481,0.382328,0.607623,0.712964,0.131723,0.296619,0.378669,0.695950
0.703391,0.537917,0.716140,0.634036,0.382342,0.208958,0.923769,0.791027,0.234997,0.164152,0.794585,0.620934,0.000000,0.715512,0.798983,0.523152,0.599283,0.493602,0.531770,0.350568,-0.005683,0.026493,0.588512,0.616501,0.364664,0.268889,0.025236,-0.072434,0.686651,0.484199,0.341692,0.420715,0.435424,0.557790,0.348214,0.346784,0.152219,0.242903,0.263379,0.356432,0.353680,0.411913,0.262807,0.331514,0.349109,0.186248,0.476175,0.453258,0.374416,0.290572,0.662493,0.416628,0.404360,0.421308,0.444575,0.383889,0.573868,0.432028,0.306379,0.325059,0.520765,0.458397,0.613671,0.615430,0.782672,0.721061,0.379080,0.216670,0.273112,-0.029924,-0.111185,-0.023883,0.189502,0.186521,0.189392,0.140472,0.336341,0.215424,0.465150,0.301222,0.637967,0.535631,0.594083,0.395788,0.785101,0.668897,0.300984,0.457999,0.561019,0.654375
0.647825,0.700092,0.511002,0.513972,0.460011,0.316867,0.609994,0.775159,0.317662,0.276588,0.733345,0.914802,0.715512,0.000000,0.597348,0.546613,0.766250,0.807461,0.462907,0.341076,-0.037587,0.020831,0.394390,0.457927,0.297955,0.228538,0.003443,-0.041009,0.603800,0.689027,0.188271,0.274956,0.616734,0.699839,0.290433,0.395018,0.170802,0.238987,0.279005,0.386868,0.396148,0.494119,0.329971,0.481186,0.429626,0.173274,0.649361,0.568644,0.556298,0.371414,0.648533,0.656700,0.600265,0.476687,0.557943,0.546122,0.648895,0.544648,0.300741,0.333123,0.513431,0.534779,0.736942,0.860317,0.669265,0.760459,0.433430,0.266514,0.269653,-0.025942,-0.119289,-0.053303,0.365661,0.400939,0.312614,0.283520,0.336371,0.333223,0.567737,0.362939,0.736811,0.666007,0.424409,0.363048,0.653974,0.678676,0.145920,0.247681,0.473210,0.858168
0.416988,0.371222,0.481158,0.453230,0.549610,0.369346,0.533059,0.460810,0.455135,0.331051,0.676646,0.541969,0.798983,0.597348,0.000000,0.645870,0.448477,0.364719,0.468567,0.336968,-0.005463,0.080477,0.468637,0.524674,0.445360,0.356368,0.095225,0.079296,0.573737,0.482707,0.387935,0.437753,0.367040,0.428548,0.348465,0.341757,0.228182,0.201910,0.379392,0.399410,0.329142,0.336964,0.228384,0.327934,0.272389,0.126902,0.430940,0.428220,0.297570,0.256448,0.503372,0.350791,0.325517,0.358466,0.525410,0.443357,0.402694,0.342067,0.298418,0.324529,0.433529,0.359308,0.546413,0.463137,0.568548,0.520575,0.392140,0.237238,0.332679,0.057238,-0.050331,-0.011123,0.147303,0.189476,0.120901,0.114431,0.297533,0.243047,0.338125,0.271162,0.482854,0.459359,0.486518,0.357153,0.675473,0.597977,0.283333,0.412174,0.656874,0.627314
0.468593,0.455638,0.456473,0.580357,0.517649,0.521059,0.448194,0.486935,0.406978,0.520405,0.404799,0.447676,0.523152,0.546613,0.645870,0.000000,0.296865,0.309651,0.512844,0.414694,-0.060400,0.092404,0.466727,0.619737,0.333710,0.371632,0.042688,0.076689,0.393738,0.420722,0.317403,0.344756,0.326792,0.360448,0.303324,0.332377,0.251883,0.296818,0.297887,0.342766,0.239385,0.333709,0.306359,0.323544,0.322114,0.233128,0.393128,0.446230,0.399323,0.389243,0.431727,0.381465,0.348367,0.280886,0.339262,0.357487,0.416508,0.342314,0.347685,0.398040,0.360882,0.445261,0.328085,0.428221,0.507092,0.582577,0.399424,0.326468,0.304423,0.199476,0.081562,0.062599,0.120297,0.095778,0.156965,0.107818,0.334638,0.298990,0.252224,0.203212,0.370393,0.312025,0.556010,0.365072,0.556786,0.492914,0.316360,0.402901,0.491012,0.590155
0.604384,0.598977,0.478829,0.304202,0.269108,0.164802,0.565327,0.517270,0.261251,0.186912,0.733994,0.809586,0.599283,0.766250,0.448477,0.296865,0.000000,0.774933,0.342856,0.215765,0.028562,0.132287,0.324398,0.266523,0.201338,0.242447,-0.015445,-0.029405,0.776238,0.664312,0.310181,0.355622,0.674190,0.753866,0.330895,0.341111,0.167048,0.203533,0.292155,0.425785,0.400487,0.454568,0.309532,0.477840,0.391907,0.095863,0.653344,0.499426,0.534327,0.293431,0.670199,0.580610,0.511218,0.484740,0.552351,0.556775,0.756181,0.594424,0.181421,0.141327,0.534001,0.379094,0.715728,0.705131,0.544838,0.457324,0.345665,0.067486,0.224976,-0.086719,-0.044630,-0.059372,0.459236,0.454062,0.308712,0.335719,0.382675,0.213617,0.701879,0.410829,0.808496,0.734266,0.385079,0.341902,0.757455,0.665809,0.136353,0.244361,0.375651,0.630151
0.449938,0.584684,0.370589,0.277760,0.251384,0.188596,0.418843,0.502796,0.188703,0.197349,0.576666,0.879690,0.493602,0.807461,0.364719,0.309651,0.774933,0.000000,0.305784,0.204622,0.076214,0.124339,0.258443,0.262126,0.229251,0.221838,0.091659,0.014552,0.671121,0.794961,0.310598,0.376809,0.625256,0.709045,0.291686,0.314396,0.176265,0.192825,0.300792,0.438428,0.309204,0.485838,0.241500,0.445278,0.407001,0.058405,0.646944,0.487574,0.495144,0.271297,0.627396,0.622732,0.499066,0.449191,0.543300,0.587769,0.599823,0.678615,0.250397,0.187878,0.474924,0.421223,0.730695,0.894229,0.463572,0.488579,0.309586,0.091918,0.199975,-0.113149,-0.079286,-0.072978,0.457708,0.551148,0.295572,0.269435,0.331080,0.268087,0.625338,0.436201,0.839938,0.881258,0.296968,0.434899,0.664978,0.720960,0.091740,0.284449,0.335854,0.602822
0.666605,0.620087,0.595167,0.629977,0.441640,0.379328,0.535364,0.518804,0.259945,0.254213,0.466391,0.400867,0.531770,0.462907,0.468567,0.512844,0.342856,0.305784,0.000000,0.886809,-0.068429,0.040894,0.622501,0.716712,0.373189,0.253013,-0.034015,-0.063819,0.353454,0.283421,0.183688,0.199191,0.394840,0.337938,0.253763,0.313465,0.161262,0.301782,0.256362,0.256760,0.202291,0.309809,0.324884,0.329717,0.463010,0.271156,0.420134,0.490362,0.485421,0.359499,0.446569,0.350222,0.396712,0.289628,0.324567,0.301085,0.520322,0.420043,0.607089,0.611711,0.501380,0.572251,0.375158,0.485184,0.457778,0.441107,0.707885,0.498535,0.564385,0.431829,0.051485,0.040020,0.100379,0.088178,0.143895,0.190492,0.423155,0.413230,0.298778,0.272355,0.412620,0.334162,0.507783,0.321747,0.563263,0.420124,0.335525,0.337114,0.534317,0.539571
0.570399,0.599689,0.476340,0.628755,0.405754,0.381627,0.417584,0.447043,0.231489,0.246971,0.311920,0.304926,0.350568,0.341076,0.336968,0.414694,0.215765,0.204622,0.886809,0.000000,-0.095747,0.034804,0.475844,0.638328,0.328969,0.233926,-0.022496,-0.040297,0.244223,0.227314,0.055567,0.121495,0.332407,0.295683,0.234587,0.212809,0.096979,0.338684,0.145854,0.163180,0.149157,0.247470,0.399744,0.324257,0.501290,0.413428,0.349362,0.476395,0.448747,0.395282,0.305778,0.330873,0.346388,0.221219,0.197149,0.221880,0.497907,0.396823,0.708075,0.716226,0.477872,0.571091,0.277023,0.392198,0.276494,0.287699,0.674024,0.614315,0.521946,0.577572,0.054747,0.061290,0.084832,0.033993,0.101355,0.068749,0.399361,0.426055,0.262022,0.232846,0.391376,0.292058,0.474259,0.302252,0.409666,0.349370,0.338845,0.256963,0.370833,0.414108
0.081088,0.142768,-0.023810,-0.050721,-0.014910,-0.081386,0.016442,0.003746,0.002795,-0.010604,0.006077,0.021079,-0.005683,-0.037587,-0.005463,-0.060400,0.028562,0.076214,-0.068429,-0.095747,0.000000,0.307341,-0.036378,-0.093361,0.138660,0.270684,0.414681,0.323380,0.097039,0.051561,0.250157,0.168642,0.195215,0.135957,0.068238,-0.024976,0.219920,0.148744,0.061519,0.011451,-0.039894,0.112886,0.020655,0.035761,0.037766,-0.007096,-0.018233,-0.009629,0.081567,0.067662,0.114009,0.039633,-0.025727,-0.014143,0.040757,-0.086986,0.167466,0.237619,-0.037002,-0.039721,0.016188,0.054240,-0.020059,0.068393,0.046403,0.002963,-0.059540,-0.088187,-0.040987,-0.070502,0.341513,0.305463,0.270467,0.200016,0.054904,0.055772,0.057965,0.080400,0.050877,0.057965,0.088625,0.127920,-0.202066,-0.211204,0.085455,0.078671,-0.180064,-0.149383,-0.028550,-0.015899
0.065579,0.126250,-0.002572,0.007701,-0.020381,-0.044740,0.021497,-0.002824,-0.050199,0.002686,0.082887,0.093524,0.026493,0.020831,0.080477,0.092404,0.132287,0.124339,0.040894,0.034804,0.307341,0.000000,-0.019624,-0.005672,0.049749,0.280266,0.246187,0.151382,0.270748,0.157168,0.326667,0.311666,0.153877,0.191196,0.063736,0.115409,0.233092,0.229461,0.135866,0.128361,0.097139,0.151847,0.036737,0.067961,0.094770,0.019202,0.083894,0.066193,0.118834,0.053841,0.137018,0.085275,-0.036075,0.017934,0.099638,0.047110,0.118249,0.187390,0.007293,-0.016725,0.067925,0.030679,0.093816,0.111712,0.056548,0.047656,0.016429,0.005914,0.084823,-0.004415,0.214722,0.295224,0.308593,0.284522,0.091846,0.119732,0.183761,0.156208,0.175434,0.120753,0.168717,0.210568,-0.027961,0.020889,0.162454,0.171180,-0.067879,-0.030563,0.043391,0.019772
0.534668,0.466587,1.145965,0.957698,0.516022,0.479562,1.026764,0.840280,0.445949,0.323453,0.287076,0.302169,0.588512,0.394390,0.468637,0.466727,0.324398,0.258443,0.622501,0.475844,-0.036378,-0.019624,0.000000,1.119410,0.610397,0.346802,-0.088376,-0.151245,0.275180,0.199249,0.258306,0.230382,0.472272,0.346037,0.358341,0.385511,0.145457,0.285264,0.094337,0.253243,0.237305,0.378965,0.487227,0.425487,0.497150,0.369131,0.466999,0.558333,0.504850,0.370855,0.754653,0.422147,0.638577,0.536257,0.271350,0.264217,0.534785,0.408074,0.343354,0.484797,0.402985,0.554565,0.333253,0.470497,0.511881,0.509272,0.617828,0.457825,0.224969,0.307510,-0.032457,0.019185,0.121289,0.007820,0.180002,0.236340,0.411363,0.347194,0.346038,0.259652,0.428585,0.358289,0.517255,0.219773,0.685734,0.568542,0.168095,0.442123,0.484741,0.541217
0.533628,0.445295,1.022181,1.127201,0.559690,0.575681,0.861292,0.868664,0.385532,0.356922,0.339971,0.345466,0.616501,0.457927,0.524674,0.619737,0.266523,0.262126,0.716712,0.638328,-0.093361,-0.005672,1.119410,0.000000,0.606354,0.401431,-0.058430,-0.149953,0.326621,0.278815,0.238981,0.301327,0.409688,0.375935,0.392002,0.417880,0.142512,0.295206,0.161780,0.287615,0.259334,0.417205,0.564411,0.490294,0.540367,0.417646,0.538866,0.675720,0.446084,0.390780,0.713959,0.442421,0.632216,0.552533,0.325728,0.338633,0.483307,0.344466,0.454809,0.608592,0.424741,0.577646,0.359907,0.508528,0.470588,0.628085,0.630057,0.543260,0.292738,0.310867,-0.115160,-0.019633,0.008841,-0.044212,0.124245,0.152702,0.364880,0.341874,0.322078,0.251796,0.522486,0.421808,0.555058,0.359155,0.724265,0.717868,0.287270,0.474678,0.522747,0.625124
0.392261,0.366795,0.571851,0.583166,0.736093,0.714005,0.488895,0.499697,0.582730,0.607855,0.194247,0.267022,0.364664,0.297955,0.445360,0.333710,0.201338,0.229251,0.373189,0.328969,0.138660,0.049749,0.610397,0.606354,0.000000,0.657847,0.261184,0.064718,0.301016,0.229596,0.163855,0.155374,0.408939,0.331683,0.193092,0.259070,0.179978,0.202711,0.097604,0.150036,0.171390,0.283558,0.359097,0.314914,0.381371,0.296742,0.340165,0.414170,0.316565,0.231863,0.435387,0.337971,0.381398,0.288607,0.151162,0.125406,0.399372,0.304270,0.297633,0.392713,0.212899,0.403046,0.265796,0.371739,0.258927,0.338252,0.247598,0.250637,0.051841,0.185629,-0.049304,0.019538,0.166051,0.039199,0.084571,0.107127,0.303649,0.253521,0.284948,0.198723,0.401969,0.339086,0.290787,0.157660,0.434681,0.413535,0.081116,0.176620,0.276678,0.367304
0.270606,0.330306,0.391683,0.453713,0.537905,0.580836,0.341742,0.402071,0.458503,0.561653,0.170951,0.297207,0.268889,0.228538,0.356368,0.371632,0.242447,0.221838,0.253013,0.233926,0.270684,0.280266,0.346802,0.401431,0.657847,0.000000,0.290795,0.210533,0.400490,0.316449,0.391674,0.339311,0.412759,0.416097,0.222457,0.245183,0.265995,0.251160,0.199604,0.241518,0.160051,0.265583,0.307603,0.350060,0.328952,0.177102,0.334012,0.353009,0.310226,0.231270,0.438490,0.320417,0.301626,0.297226,0.211791,0.169234,0.386462,0.365207,0.212737,0.289347,0.265233,0.319431,0.244127,0.362267,0.259142,0.333592,0.180766,0.191359,0.092309,0.073950,0.101292,0.150032,0.302586,0.202428,0.115865,0.131209,0.282216,0.286589,0.301455,0.241902,0.455615,0.432433,0.164638,0.103253,0.450311,0.466344,-0.007531,0.072395,0.193418,0.347273
0.017520,0.112893,-0.087251,-0.046289,0.184544,0.016121,-0.075048,-0.022565,0.067431,0.046668,0.004871,0.102902,0.025236,0.003443,0.095225,0.042688,-0.015445,0.091659,-0.034015,-0.022496,0.414681,0.246187,-0.088376,-0.058430,0.261184,0.290795,0.000000,0.492823,0.085922,0.106933,0.241374,0.247044,0.085632,0.044574,-0.016656,-0.050239,0.198030,0.089452,0.063406,0.026493,0.015764,0.059298,-0.003765,-0.004367,0.043664,-0.024900,-0.069287,-0.033255,-0.001840,0.043332,-0.046990,0.013879,-0.117294,-0.080508,-0.045231,-0.129298,0.066031,0.120918,0.025401,0.008108,-0.080091,0.036454,-0.019208,0.001580,-0.030897,0.052895,-0.122731,-0.097651,-0.059694,-0.080317,0.190706,0.289477,0.175240,0.179859,-0.047747,-0.078667,-0.010931,0.020227,-0.035973,0.004800,0.038046,0.055957,-0.116053,-0.111098,0.025623,0.039528,-0.071691,-0.139835,-0.090410,-0.068875
-0.052344,0.048944,-0.212028,-0.138740,0.054671,0.057537,-0.153716,-0.155656,0.064319,0.067357,0.008644,0.047113,-0.072434,-0.041009,0.079296,0.076689,-0.029405,0.014552,-0.063819,-0.040297,0.323380,0.151382,-0.151245,-0.149953,0.064718,0.210533,0.492823,0.000000,-0.006550,0.063031,0.206854,0.145083,0.068737,0.029368,0.080200,-0.066320,0.194501,0.029044,0.085648,0.066914,-0.002285,-0.018336,-0.110497,-0.067324,-0.062140,-0.164817,-0.137260,-0.133670,-0.017740,0.020307,-0.071345,-0.068323,-0.159670,-0.126271,-0.045398,-0.096194,0.032200,0.101598,-0.021083,-0.072000,-0.007153,-0.069026,-0.064596,-0.071337,0.002922,-0.044281,-0.030843,-0.072040,0.044573,0.002195,0.297258,0.260055,0.138353,0.209526,0.010210,0.017207,0.010437,0.065257,-0.125311,-0.067972,-0.043946,-0.008790,-0.182701,-0.183068,-0.064750,-0.053234,-0.068429,-0.159249,-0.036329,-0.005788
0.461643,0.448480,0.441452,0.330632,0.270573,0.177639,0.486911,0.469175,0.176910,0.180861,0.677885,0.739001,0.686651,0.603800,0.573737,0.393738,0.776238,0.671121,0.353454,0.244223,0.097039,0.270748,0.275180,0.326621,0.301016,0.400490,0.085922,-0.006550,0.000000,0.934944,0.590621,0.676787,0.581072,0.714089,0.322171,0.447753,0.264463,0.220917,0.359908,0.364914,0.395127,0.458932,0.222028,0.433833,0.356963,0.086954,0.675578,0.515527,0.380516,0.199536,0.574377,0.439827,0.316608,0.373519,0.553143,0.543257,0.544109,0.436699,0.224069,0.141527,0.503556,0.301698,0.651464,0.614972,0.487820,0.482951,0.277207,0.094800,0.257434,-0.109412,-0.055351,-0.060893,0.484511,0.447820,0.239859,0.220744,0.500976,0.326959,0.668224,0.484194,0.823727,0.741496,0.409484,0.481859,0.773102,0.741328,0.121745,0.337298,0.421191,0.520551
0.285018,0.464276,0.302855,0.249900,0.271093,0.202078,0.327458,0.411260,0.158103,0.185011,0.562654,0.877114,0.484199,0.689027,0.482707,0.420722,0.664312,0.794961,0.283421,0.227314,0.051561,0.157168,0.199249,0.278815,0.229596,0.316449,0.106933,0.063031,0.934944,0.000000,0.546897,0.695298,0.594085,0.752429,0.324300,0.421447,0.233452,0.222235,0.407532,0.473101,0.419886,0.450982,0.165957,0.435511,0.352494,-0.018684,0.729136,0.472006,0.376335,0.213234,0.517862,0.427818,0.317925,0.318355,0.608761,0.630215,0.484138,0.501862,0.237507,0.161936,0.453482,0.285325,0.592330,0.706662,0.360232,0.472290,0.318986,0.095577,0.313558,-0.158499,-0.104299,-0.097710,0.459093,0.605015,0.303167,0.244018,0.360882,0.305723,0.620021,0.539408,0.800478,0.854850,0.264949,0.468558,0.649697,0.796247,0.096061,0.307014,0.390221,0.575572
0.079023,0.173664,0.278447,0.149701,0.087660,-0.041036,0.285951,0.189363,-0.024815,-0.018781,0.314747,0.336627,0.341692,0.188271,0.387935,0.317403,0.310181,0.310598,0.183688,0.055567,0.250157,0.326667,0.258306,0.238981,0.163855,0.391674,0.241374,0.206854,0.590621,0.546897,0.000000,1.007418,0.414668,0.437477,0.422070,0.382860,0.323901,0.212901,0.448372,0.419986,0.276049,0.329981,0.099530,0.300148,0.182741,-0.108646,0.414344,0.290017,0.196653,0.141681,0.464051,0.203343,0.104445,0.238131,0.459869,0.348999,0.256901,0.358728,0.082883,0.000771,0.297545,0.122443,0.280167,0.310948,0.334130,0.313868,0.242169,-0.011670,0.290611,-0.108121,0.127728,0.114879,0.349762,0.403339,0.144066,0.125605,0.239828,0.195469,0.332158,0.298619,0.388490,0.458439,0.129247,0.177024,0.518911,0.515470,0.025113,0.233201,0.344639,0.284919
0.137044,0.226263,0.318585,0.246008,0.102629,-0.050924,0.320931,0.290211,-0.030619,-0.019111,0.380563,0.404111,0.420715,0.274956,0.437753,0.344756,0.355622,0.376809,0.199191,0.121495,0.168642,0.311666,0.230382,0.301327,0.155374,0.339311,0.247044,0.145083,0.676787,0.695298,1.007418,0.000000,0.375596,0.494539,0.415688,0.371354,0.264743,0.174225,0.399066,0.408898,0.326210,0.350433,0.095918,0.315837,0.219237,-0.070507,0.440239,0.319010,0.228238,0.141149,0.492370,0.232197,0.131284,0.266147,0.418550,0.405356,0.290317,0.321850,0.143038,0.052408,0.338307,0.145663,0.358491,0.349554,0.349383,0.405945,0.192374,0.028674,0.264642,-0.161688,0.048756,0.067009,0.307464,0.429325,0.137838,0.106529,0.227351,0.148192,0.381459,0.363267,0.466124,0.512677,0.193398,0.310093,0.546840,0.652014,0.061091,0.305803,0.344909,0.322060
0.566731,0.693460,0.537026,0.456663,0.383064,0.314468,0.596622,0.588082,0.326213,0.269222,0.433249,0.588508,0.435424,0.616734,0.367040,0.326792,0.674190,0.625256,0.394840,0.332407,0.195215,0.153877,0.472272,0.409688,0.408939,0.412759,0.085632,0.068737,0.581072,0.594085,0.414668,0.375596,0.000000,0.933653,0.403828,0.382280,0.289614,0.323765,0.261497,0.431579,0.372428,0.596940,0.498681,0.627447,0.570713,0.205413,0.736060,0.634387,0.656096,0.451094,0.791741,0.583971,0.582341,0.456916,0.506646,0.489406,0.853056,0.854448,0.284594,0.369461,0.560697,0.602172,0.487369,0.754807,0.510258,0.469511,0.496088,0.260638,0.314620,0.087838,0.088798,0.107839,0.452976,0.438344,0.330122,0.360105,0.421447,0.452262,0.634256,0.467842,0.893272,0.894095,0.308140,0.292478,0.772206,0.722494,0.088146,0.193335,0.367785,0.655705
0.546340,0.692770,0.473304,0.448807,0.350029,0.246056,0.593269,0.654355,0.274510,0.239665,0.505608,0.680580,0.557790,0.699839,0.428548,0.360448,0.753866,0.709045,0.337938,0.295683,0.135957,0.191196,0.346037,0.375935,0.331683,0.416097,0.044574,0.029368,0.714089,0.752429,0.437477,0.494539,0.933653,0.000000,0.432175,0.403171,0.209623,0.303089,0.287495,0.488137,0.413126,0.542481,0.429703,0.615817,0.561013,0.203936,0.788725,0.605493,0.649191,0.449924,0.813341,0.638059,0.554600,0.481751,0.556318,0.614287,0.800498,0.779330,0.306563,0.333197,0.549058,0.521464,0.650645,0.858227,0.578852,0.570938,0.432858,0.240901,0.297621,-0.012028,0.013435,0.049068,0.485779,0.557480,0.345653,0.353831,0.444087,0.360498,0.717356,0.562893,1.033503,1.061167,0.322922,0.336608,0.806405,0.847399,0.079506,0.195119,0.404729,0.724151
0.288404,0.301895,0.427918,0.344152,0.178264,0.101299,0.449341,0.353220,0.128255,0.103784,0.293914,0.309884,0.348214,0.290433,0.348465,0.303324,0.330895,0.291686,0.253763,0.234587,0.068238,0.063736,0.358341,0.392002,0.193092,0.222457,-0.016656,0.080200,0.322171,0.324300,0.422070,0.415688,0.403828,0.432175,0.000000,0.477734,0.190763,0.240236,0.228868,0.389093,0.228532,0.382587,0.333249,0.388064,0.352297,0.129456,0.429114,0.411543,0.344956,0.235637,0.602763,0.289843,0.338350,0.315136,0.363360,0.322964,0.350965,0.345218,0.141272,0.202157,0.281716,0.306895,0.290284,0.420333,0.382835,0.396905,0.406691,0.251271,0.184273,0.017106,0.054978,0.073058,0.204759,0.139722,0.191180,0.194587,0.222518,0.258654,0.323987,0.281928,0.386258,0.398896,0.203640,0.210701,0.485336,0.538831,0.079533,0.254889,0.421107,0.460515
0.317995,0.279218,0.389763,0.348127,0.247509,0.233255,0.419142,0.410741,0.186991,0.183611,0.260913,0.328245,0.346784,0.395018,0.341757,0.332377,0.341111,0.314396,0.313465,0.212809,-0.024976,0.115409,0.385511,0.417880,0.259070,0.245183,-0.050239,-0.066320,0.447753,0.421447,0.382860,0.371354,0.382280,0.403171,0.477734,0.000000,0.249066,0.274994,0.279532,0.378236,0.300517,0.407499,0.329421,0.458586,0.468785,0.150438,0.569876,0.516971,0.485992,0.293782,0.629674,0.448725,0.394028,0.352599,0.465966,0.467668,0.264697,0.234440,0.189093,0.260640,0.285795,0.327973,0.295168,0.452700,0.419423,0.548525,0.477323,0.352914,0.201972,0.022840,-0.026572,-0.028411,0.256158,0.205770,0.209069,0.200546,0.409840,0.310726,0.371107,0.296736,0.469716,0.428096,0.284018,0.278161,0.549611,0.579322,0.091126,0.288463,0.500120,0.482381
0.146381,0.211881,0.073296,0.105419,0.125215,0.128813,0.114284,0.083062,0.132583,0.167369,0.163235,0.143799,0.152219,0.170802,0.228182,0.251883,0.167048,0.176265,0.161262,0.096979,0.219920,0.233092,0.145457,0.142512,0.179978,0.265995,0.198030,0.194501,0.264463,0.233452,0.323901,0.264743,0.289614,0.209623,0.190763,0.249066,0.000000,0.312558,0.332075,0.246479,0.193566,0.257594,0.122530,0.116500,0.181708,0.028574,0.218343,0.167436,0.215547,0.111803,0.249532,0.174550,0.110672,0.048252,0.271344,0.201187,0.213279,0.218222,0.113109,0.129696,0.232165,0.214864,0.135294,0.201716,0.218708,0.211362,0.174525,0.108006,0.194935,0.045427,0.196783,0.159921,0.199826,0.197334,0.106987,0.092366,0.223260,0.208797,0.178934,0.167606,0.263159,0.210245,0.014125,0.026150,0.263468,0.212694,0.062394,0.062594,0.218646,0.262553
0.407420,0.444408,0.281157,0.356868,0.215725,0.204333,0.306092,0.323135,0.153633,0.127119,0.180082,0.175851,0.242903,0.238987,0.201910,0.296818,0.203533,0.192825,0.301782,0.338684,0.148744,0.229461,0.285264,0.295206,0.202711,0.251160,0.089452,0.029044,0.220917,0.222235,0.212901,0.174225,0.323765,0.303089,0.240236,0.274994,0.312558,0.000000,0.148941,0.235848,0.161779,0.344237,0.283347,0.250892,0.362302,0.238858,0.287578,0.337962,0.369095,0.326604,0.356003,0.307599,0.324622,0.211915,0.219327,0.197171,0.379931,0.355500,0.245324,0.372228,0.245609,0.405996,0.165003,0.340440,0.271897,0.284250,0.371263,0.332150,0.231977,0.222067,0.270762,0.215345,0.216804,0.185805,0.168389,0.108757,0.322567,0.366503,0.282345,0.238432,0.363940,0.315289,0.196535,0.119330,0.390332,0.366754,0.032376,0.062280,0.311475,0.298160
0.109166,0.176044,0.086271,0.059182,0.100309,0.060140,0.095090,0.057234,0.030792,0.052077,0.347938,0.314135,0.263379,0.279005,0.379392,0.297887,0.292155,0.300792,0.256362,0.145854,0.061519,0.135866,0.094337,0.161780,0.097604,0.199604,0.063406,0.085648,0.359908,0.407532,0.448372,0.399066,0.261497,0.287495,0.228868,0.279532,0.332075,0.148941,0.000000,0.507582,0.315027,0.334819,0.052446,0.132461,0.095117,-0.034217,0.294473,0.186838,0.166282,0.040429,0.284211,0.195991,0.034588,0.069759,0.481011,0.396508,0.153420,0.217618,0.224058,0.115953,0.388907,0.216144,0.306264,0.309289,0.301517,0.270058,0.214834,0.033363,0.323401,-0.049506,-0.063784,-0.016165,0.069230,0.205073,0.075349,0.068598,0.133412,0.112785,0.254513,0.166731,0.312656,0.336218,0.262431,0.382829,0.363488,0.346008,0.275282,0.278458,0.403971,0.329410
0.265717,0.313112,0.271695,0.201520,0.195391,0.136129,0.312693,0.265835,0.088478,0.098255,0.354714,0.413252,0.356432,0.386868,0.399410,0.342766,0.425785,0.438428,0.256760,0.163180,0.011451,0.128361,0.253243,0.287615,0.150036,0.241518,0.026493,0.066914,0.364914,0.473101,0.419986,0.408898,0.431579,0.488137,0.389093,0.378236,0.246479,0.235848,0.507582,0.000000,0.384469,0.464074,0.233544,0.308276,0.306144,0.077636,0.451821,0.386890,0.360402,0.243830,0.532882,0.475137,0.283077,0.276698,0.594658,0.573370,0.318598,0.351071,0.234884,0.251563,0.409377,0.355961,0.394403,0.490279,0.423552,0.463832,0.329817,0.161046,0.279891,-0.012423,-0.042052,0.011733,0.202817,0.252820,0.171633,0.144985,0.170647,0.170629,0.357281,0.262517,0.477552,0.469757,0.346611,0.404793,0.519959,0.533380,0.292224,0.353184,0.467227,0.543727
0.317582,0.312172,0.282463,0.227023,0.191827,0.109490,0.331985,0.291237,0.122043,0.104223,0.383119,0.382930,0.353680,0.396148,0.329142,0.239385,0.400487,0.309204,0.202291,0.149157,-0.039894,0.097139,0.237305,0.259334,0.171390,0.160051,0.015764,-0.002285,0.395127,0.419886,0.276049,0.326210,0.372428,0.413126,0.228532,0.300517,0.193566,0.161779,0.315027,0.384469,0.000000,0.386128,0.130578,0.209115,0.182725,0.043406,0.305402,0.263240,0.253217,0.164612,0.407420,0.332234,0.263996,0.241287,0.354681,0.320909,0.337437,0.264767,0.164265,0.142754,0.308838,0.292553,0.345107,0.401982,0.327010,0.359753,0.214836,0.095769,0.157349,-0.056436,-0.088941,-0.020058,0.170587,0.212329,0.174652,0.131237,0.228153,0.139989,0.290227,0.257200,0.468446,0.412249,0.355076,0.330279,0.419813,0.446695,0.150683,0.186445,0.295330,0.410985
0.466126,0.512739,0.455150,0.431416,0.253493,0.164657,0.480699,0.459677,0.140839,0.102266,0.321109,0.415224,0.411913,0.494119,0.336964,0.333709,0.454568,0.485838,0.309809,0.247470,0.112886,0.151847,0.378965,0.417205,0.283558,0.265583,0.059298,-0.018336,0.458932,0.450982,0.329981,0.350433,0.596940,0.542481,0.382587,0.407499,0.257594,0.344237,0.334819,0.464074,0.386128,0.000000,0.364024,0.433449,0.446946,0.233896,0.529959,0.499539,0.436415,0.358959,0.655497,0.552012,0.487082,0.400354,0.462737,0.471074,0.529681,0.453417,0.314397,0.352775,0.410524,0.506565,0.384351,0.613148,0.410424,0.478537,0.366062,0.253547,0.185716,-0.025071,-0.023748,0.038027,0.223367,0.217066,0.227568,0.211663,0.352635,0.289034,0.508360,0.361399,0.724702,0.639204,0.405397,0.425901,0.682475,0.716764,0.178124,0.324685,0.388798,0.488237
0.449461,0.450901,0.603498,0.645733,0.382610,0.346807,0.614929,0.643975,0.305526,0.226482,0.157017,0.214002,0.262807,0.329971,0.228384,0.306359,0.309532,0.241500,0.324884,0.399744,0.020655,0.036737,0.487227,0.564411,0.359097,0.307603,-0.003765,-0.110497,0.222028,0.165957,0.099530,0.095918,0.498681,0.429703,0.333249,0.329421,0.122530,0.283347,0.052446,0.233544,0.130578,0.364024,0.000000,1.155251,1.068477,0.917355,0.826856,1.152364,0.644789,0.808410,0.653554,0.702205,0.709100,0.536475,0.251017,0.418440,0.630865,0.455882,0.392632,0.605936,0.394239,0.596377,0.294953,0.487697,0.286670,0.362987,0.553680,0.740158,0.100819,0.331315,-0.000899,0.066608,0.040825,-0.062617,0.128231,0.117945,0.333732,0.277398,0.405810,0.187084,0.539057,0.453880,0.342857,0.206858,0.535443,0.557714,0.129860,0.175482,0.260239,0.438908
0.416729,0.492528,0.582951,0.549008,0.376567,0.310272,0.607088,0.674021,0.290846,0.217522,0.315449,0.417750,0.331514,0.481186,0.327934,0.323544,0.477840,0.445278,0.329717,0.324257,0.035761,0.067961,0.425487,0.490294,0.314914,0.350060,-0.004367,-0.067324,0.433833,0.435511,0.300148,0.315837,0.627447,0.615817,0.388064,0.458586,0.116500,0.250892,0.132461,0.308276,0.209115,0.433449,1.155251,0.000000,0.926101,0.519514,1.212903,1.309253,0.765003,0.890400,0.827827,0.856068,0.833606,0.782929,0.440155,0.636012,0.736951,0.617844,0.321325,0.498685,0.426510,0.488808,0.437611,0.603117,0.317965,0.419457,0.559452,0.547134,0.219186,0.162948,-0.075279,-0.053202,0.205923,0.186869,0.265345,0.238120,0.402717,0.325027,0.495262,0.345127,0.693470,0.676685,0.292248,0.241796,0.637326,0.720906,0.057815,0.227914,0.317334,0.560627
0.573572,0.603937,0.565928,0.664774,0.404079,0.373998,0.614123,0.688280,0.285781,0.249057,0.252728,0.326453,0.349109,0.429626,0.272389,0.322114,0.391907,0.407001,0.463010,0.501290,0.037766,0.094770,0.497150,0.540367,0.381371,0.328952,0.043664,-0.062140,0.356963,0.352494,0.182741,0.219237,0.570713,0.561013,0.352297,0.468785,0.181708,0.362302,0.095117,0.306144,0.182725,0.446946,1.068477,0.926101,0.000000,0.789274,0.844055,1.021077,0.904196,0.890675,0.734647,0.823868,0.732926,0.493459,0.365577,0.526752,0.648436,0.552593,0.572011,0.724452,0.459321,0.639260,0.409885,0.647299,0.357703,0.490522,0.711169,0.809648,0.212369,0.254945,0.056687,0.077356,0.164237,0.154655,0.229764,0.173272,0.476291,0.424355,0.475656,0.333283,0.707904,0.626359,0.415177,0.295258,0.680348,0.683448,0.151822,0.221137,0.375851,0.508687
0.385783,0.318060,0.447089,0.583596,0.310216,0.342393,0.430344,0.459911,0.266047,0.236829,0.011584,0.011133,0.186248,0.173274,0.126902,0.233128,0.095863,0.058405,0.271156,0.413428,-0.007096,0.019202,0.369131,0.417646,0.296742,0.177102,-0.024900,-0.164817,0.086954,-0.018684,-0.108646,-0.070507,0.205413,0.203936,0.129456,0.150438,0.028574,0.238858,-0.034217,0.077636,0.043406,0.233896,0.917355,0.519514,0.789274,0.000000,0.366293,0.623736,0.396644,0.647870,0.283450,0.432177,0.357151,0.207598,-0.021129,0.144242,0.325263,0.181371,0.417346,0.536370,0.230536,0.470097,0.105225,0.267125,0.160333,0.230705,0.326137,0.748281,-0.064141,0.336890,0.010552,0.108985,-0.122086,-0.209476,0.009426,-0.015928,0.258906,0.233114,0.269560,0.125942,0.311683,0.225773,0.461619,0.269964,0.384960,0.327905,0.205228,0.160544,0.114897,0.166657
0.474947,0.543423,0.619770,0.507028,0.398200,0.276849,0.632988,0.693373,0.226664,0.175079,0.449791,0.582519,0.476175,0.649361,0.430940,0.393128,0.653344,0.646944,0.420134,0.349362,-0.018233,0.083894,0.466999,0.538866,0.340165,0.334012,-0.069287,-0.137260,0.675578,0.729136,0.414344,0.440239,0.736060,0.788725,0.429114,0.569876,0.218343,0.287578,0.294473,0.451821,0.305402,0.529959,0.826856,1.212903,0.844055,0.366293,0.000000,1.288446,0.754877,0.669440,0.950279,0.854041,0.851723,0.753971,0.669224,0.837308,0.760536,0.685700,0.343064,0.448056,0.554091,0.528006,0.633001,0.823391,0.438896,0.532776,0.660767,0.436553,0.356728,0.103133,-0.134289,-0.127446,0.311580,0.342822,0.346836,0.280724,0.486453,0.379848,0.685037,0.500583,0.927849,0.922281,0.360696,0.381786,0.851772,0.913187,0.058504,0.298171,0.473717,0.678014
0.550658,0.559815,0.723724,0.686588,0.455771,0.346512,0.721878,0.766734,0.303249,0.233418,0.344476,0.454220,0.453258,0.568644,0.428220,0.446230,0.499426,0.487574,0.490362,0.476395,-0.009629,0.066193,0.558333,0.675720,0.414170,0.353009,-0.033255,-0.133670,0.515527,0.472006,0.290017,0.319010,0.634387,0.605493,0.411543,0.516971,0.167436,0.337962,0.186838,0.386890,0.263240,0.499539,1.152364,1.309253,1.021077,0.623736,1.288446,0.000000,0.772750,0.799185,0.881376,0.898347,0.837136,0.730255,0.481752,0.662394,0.748624,0.590783,0.422651,0.589426,0.513217,0.624982,0.502049,0.723042,0.441261,0.577936,0.692767,0.669377,0.296839,0.249200,-0.083506,-0.058938,0.173073,0.149292,0.235586,0.223222,0.485040,0.407825,0.552105,0.383949,0.761262,0.690181,0.444626,0.326595,0.790246,0.822306,0.128152,0.289282,0.458481,0.659799
0.805184,0.811881,0.517031,0.566110,0.383815,0.322099,0.640493,0.695683,0.351431,0.288044,0.303481,0.481771,0.374416,0.556298,0.297570,0.399323,0.534327,0.495144,0.485421,0.448747,0.081567,0.118834,0.504850,0.446084,0.316565,0.310226,-0.001840,-0.017740,0.380516,0.376335,0.196653,0.228238,0.656096,0.649191,0.344956,0.485992,0.215547,0.369095,0.166282,0.360402,0.253217,0.436415,0.644789,0.765003,0.904196,0.396644,0.754877,0.772750,0.000000,0.896343,0.936402,1.080354,0.876644,0.601145,0.441680,0.563682,0.808043,0.665686,0.457977,0.527381,0.474019,0.599245,0.433623,0.680552,0.538302,0.560936,0.687497,0.525033,0.331361,0.206968,0.161167,0.072281,0.331522,0.310067,0.298410,0.354416,0.535237,0.412292,0.498180,0.316529,0.653782,0.580449,0.378504,0.239962,0.621388,0.593222,0.096980,0.203146,0.379270,0.696882
