0.000000,1.695754,0.446202,0.588116,0.723184,0.547054,0.525580,0.725427,0.632189,0.540658,0.531723,0.599302,0.450892,0.651380,0.639795,0.494202,0.468687,0.689896,1.397548,1.503536,0.148737,0.448149,0.289391,0.434241,0.549254,0.522099,0.513328,0.450040,0.325749,0.486121,0.447328,0.573460,0.691876,0.638653,0.440032,0.483369,0.329150,0.283305,0.456916,0.367818,0.396161,0.326675,0.225393,0.310233,0.263076,0.405736,0.393559,0.678667,0.296560,0.480422,0.594436,0.522498,0.524073,0.474824,0.557224,0.790381,1.352102,1.577098,0.850513,0.686056,1.054949,0.724009,0.597279,0.617584,0.513923,0.590164,0.681710,0.607304,1.013601,1.051777,-0.006691,0.175913,0.440272,0.429496,0.275562,0.534653,0.482184,0.418275,0.616074,0.902332,0.884155,0.971689,0.586027,0.759381,0.932995,1.033540,0.413415,0.697761,0.714256,0.857467
1.695754,0.000000,0.514812,0.646158,0.539844,0.451890,0.562961,0.748187,0.476890,0.507324,0.502954,0.591005,0.492647,0.624288,0.577967,0.513854,0.587115,0.798263,1.153743,1.564596,0.081168,0.351453,0.366637,0.499276,0.452507,0.350193,0.370903,0.333890,0.376170,0.523088,0.391499,0.497500,0.765723,0.712154,0.428119,0.488145,0.275662,0.275771,0.398595,0.320581,0.413232,0.210604,0.267720,0.361276,0.321522,0.479879,0.466538,0.720817,0.293195,0.462289,0.560189,0.474638,0.539030,0.464193,0.599352,0.859486,1.499678,1.888707,0.935516,0.747318,1.072007,0.716012,0.593731,0.623370,0.431969,0.540124,0.793615,0.728693,1.247980,1.116413,0.050320,0.156883,0.494195,0.476433,0.363913,0.510656,0.444813,0.389874,0.734541,1.055024,0.950661,1.018717,0.514355,0.745130,0.969101,0.965842,0.338148,0.681736,0.722612,0.913535
0.446202,0.514812,0.000000,1.692840,0.083512,-0.120848,1.524792,1.165539,0.162100,0.198261,0.840905,0.824896,0.999083,0.911892,0.958225,0.889120,0.680664,0.478100,0.424705,0.652542,0.027093,-0.008600,1.564279,1.545367,0.508470,-0.240125,0.167671,-0.194447,0.646784,0.655397,0.591004,0.604401,0.802564,0.907242,0.815216,0.702426,0.425885,0.435859,0.484333,0.220957,0.363843,0.161516,0.528445,0.580623,0.207420,0.264785,0.596115,0.663409,0.360476,0.501353,0.759634,0.606624,0.817695,0.983731,0.500839,0.682261,0.388995,0.526852,0.459239,0.470890,0.509549,0.561461,0.418743,0.374888,0.772376,0.618939,0.950553,0.825150,0.613102,0.678545,0.176902,0.149456,0.661043,0.719265,0.797051,0.541161,0.621126,0.559331,0.580899,0.651945,0.571801,0.621218,0.715952,0.639602,0.768881,0.637289,-0.123729,0.431347,0.981570,1.122261
0.588116,0.646158,1.692840,0.000000,0.187001,-0.022194,1.240018,1.289066,0.227899,0.264161,0.703175,0.750486,0.786000,0.974328,0.924534,0.892838,0.605127,0.484779,0.563332,0.803177,0.066350,0.093153,1.366651,1.615390,0.583888,-0.093573,0.260234,-0.058635,0.573464,0.652381,0.561249,0.689182,0.831252,0.931066,0.831979,0.726021,0.419090,0.419922,0.540673,0.236877,0.359683,0.219699,0.509849,0.561897,0.222017,0.311774,0.605736,0.723003,0.366100,0.499830,0.785916,0.602987,0.801912,0.916731,0.531467,0.755846,0.490655,0.638404,0.536717,0.563385,0.567950,0.599459,0.440184,0.407365,0.758929,0.727853,1.013649,0.895070,0.694180,0.847843,0.129102,0.142963,0.630779,0.664279,0.732105,0.603848,0.599412,0.532962,0.573580,0.732850,0.631729,0.703167,0.763325,0.669697,0.804195,0.769998,-0.040692,0.487957,0.999233,1.187098
0.723184,0.539844,0.083512,0.187001,0.000000,1.280922,0.152934,0.395377,1.404833,1.102210,0.175803,0.257398,0.063805,0.296816,0.579204,0.363134,0.067406,0.177807,0.698365,0.557480,0.311200,0.575546,-0.005598,0.127502,0.693009,1.042422,1.109799,1.202097,-0.006457,0.105957,0.402957,0.528308,0.242522,0.253673,0.235614,0.285655,0.294872,0.083101,0.367850,0.250870,0.131148,0.326731,0.227034,0.171247,0.419072,0.371684,0.210845,0.500008,0.418892,0.512895,0.518783,0.529653,0.378540,0.269775,0.301102,0.397517,0.434360,0.536676,0.393438,0.501413,0.503134,0.526209,0.210157,0.296203,0.414884,0.447658,0.367863,0.348153,0.422841,0.547975,-0.065086,0.176421,0.101265,0.080752,0.054989,0.418803,0.343030,0.296113,0.129930,0.349596,0.309189,0.400529,0.567620,0.406183,0.484214,0.635380,0.267294,0.209940,0.483152,0.426165
0.547054,0.451890,-0.120848,-0.022194,1.280922,0.000000,-0.000802,0.203265,0.967957,1.030896,-0.009284,0.102296,-0.066746,0.117099,0.290483,0.179116,0.030097,0.156315,0.511875,0.431418,0.273952,0.654455,-0.209494,-0.062834,0.482316,1.092736,0.832308,1.212518,-0.096002,0.014868,0.272068,0.374311,0.131572,0.132265,0.124071,0.202231,0.100501,-0.016436,0.115184,0.202323,0.033447,0.187047,0.096020,0.045781,0.387518,0.336111,0.110566,0.314356,0.348218,0.389909,0.337227,0.368301,0.207548,0.090961,0.227930,0.273883,0.383265,0.442349,0.385294,0.458675,0.425956,0.422344,0.166673,0.260667,0.208892,0.334291,0.267952,0.255675,0.377677,0.368058,0.007831,0.149552,-0.064921,-0.064947,-0.094070,0.304198,0.193526,0.175758,0.083070,0.248585,0.222292,0.275217,0.325932,0.264786,0.333380,0.436412,0.355257,0.179240,0.240354,0.237809
0.525580,0.562961,1.524792,1.240018,0.152934,-0.000802,0.000000,1.327210,0.218375,0.291074,1.001624,0.980091,1.357214,1.019465,0.926582,0.869547,0.816857,0.614392,0.498950,0.671283,0.039386,0.039230,1.068221,1.123978,0.440277,-0.185346,0.114403,-0.189021,0.742690,0.778549,0.621574,0.627692,0.915651,0.998826,0.674748,0.626843,0.406254,0.507729,0.456858,0.308265,0.367296,0.289872,0.634031,0.699094,0.286740,0.357900,0.705717,0.757279,0.419569,0.579478,0.856298,0.692548,0.929763,1.058433,0.628417,0.755535,0.442662,0.591711,0.648543,0.605214,0.724551,0.799065,0.557994,0.582473,0.736792,0.609970,1.032288,0.894005,0.579358,0.582417,0.203641,0.194011,0.657677,0.774529,0.660188,0.567745,0.719953,0.613697,0.654170,0.732337,0.767307,0.801936,0.680604,0.822456,0.868385,0.754980,0.019282,0.541162,0.948760,1.090032
0.725427,0.748187,1.165539,1.289066,0.395377,0.203265,1.327210,0.000000,0.443955,0.582755,0.772939,0.990999,0.848194,1.084530,0.947688,0.951300,0.698322,0.632967,0.703509,0.879377,0.123375,0.188980,0.833494,1.021964,0.529891,0.033943,0.311139,0.100639,0.638484,0.761077,0.580887,0.715081,0.944593,1.052050,0.591670,0.625156,0.455441,0.508081,0.560873,0.301919,0.372170,0.282806,0.639540,0.679053,0.394896,0.467524,0.764169,0.881088,0.571157,0.764840,1.063508,0.880239,1.097943,1.081912,0.744364,0.860358,0.577804,0.749510,0.786933,0.833947,0.839371,0.986609,0.618511,0.723288,0.618765,0.647333,1.092272,1.064205,0.640668,0.793009,0.232617,0.283439,0.644864,0.644026,0.626786,0.615803,0.816577,0.699574,0.684536,0.818009,0.826519,0.893105,0.788466,0.848191,0.937090,0.896991,0.092454,0.476787,1.031844,1.110528
0.632189,0.476890,0.162100,0.227899,1.404833,0.967957,0.218375,0.443955,0.000000,1.067505,0.132551,0.245471,0.066213,0.257963,0.609538,0.349779,0.016835,0.146333,0.584179,0.485953,0.160526,0.353485,0.032536,0.155967,0.661096,0.795426,0.949229,0.863495,-0.081519,0.047958,0.316349,0.422619,0.171764,0.210594,0.195526,0.273209,0.303593,0.107633,0.328059,0.223329,0.158461,0.321165,0.244540,0.198704,0.353731,0.292509,0.223228,0.530622,0.431727,0.537267,0.562868,0.576280,0.455947,0.398796,0.201255,0.335711,0.310052,0.456507,0.314263,0.426839,0.415709,0.497436,0.127260,0.277758,0.365372,0.374407,0.350907,0.335257,0.380976,0.553352,-0.112364,0.085914,0.140403,0.140017,0.143601,0.540940,0.330166,0.348528,0.136049,0.273319,0.266230,0.342996,0.601374,0.449228,0.416317,0.610191,0.192341,0.157549,0.464705,0.399275
0.540658,0.507324,0.198261,0.264161,1.102210,1.030896,0.291074,0.582755,1.067505,0.000000,0.211714,0.404019,0.200731,0.395838,0.588825,0.560033,0.222421,0.321453,0.482666,0.473778,0.206638,0.398341,0.103370,0.233730,0.525665,0.586016,0.814434,0.843106,0.130087,0.238905,0.402177,0.507821,0.340651,0.399148,0.200435,0.301351,0.174796,0.135365,0.220137,0.173997,0.076324,0.228321,0.389263,0.330214,0.561701,0.511925,0.388806,0.599970,0.602601,0.709443,0.651872,0.653639,0.532641,0.400932,0.336805,0.436575,0.353137,0.479183,0.531272,0.658445,0.567914,0.692172,0.317773,0.503009,0.307956,0.393688,0.523601,0.581246,0.366127,0.478802,0.135383,0.293071,0.196813,0.181619,0.283961,0.480133,0.371384,0.375836,0.246244,0.376271,0.384592,0.435261,0.557532,0.447718,0.494348,0.587734,0.082820,0.085025,0.444205,0.435186
0.531723,0.502954,0.840905,0.703175,0.175803,-0.009284,1.001624,0.772939,0.132551,0.211714,0.000000,1.243016,1.448641,1.123005,0.904197,0.940348,0.970498,0.725358,0.483707,0.518917,0.094912,0.136517,0.777584,0.781240,0.375369,-0.183051,0.143910,-0.130447,0.989090,0.928733,0.666721,0.607945,0.896685,0.920479,0.476314,0.424508,0.282462,0.394123,0.489124,0.259690,0.301268,0.415933,0.425766,0.486776,0.187649,0.275942,0.530067,0.489739,0.333144,0.501260,0.613338,0.552050,0.678546,0.698569,0.514170,0.618175,0.502284,0.620080,0.549866,0.513504,0.773255,0.715327,0.789875,0.623142,0.646787,0.442579,0.655629,0.604890,0.348499,0.394936,0.299356,0.327746,0.740487,0.829887,0.623025,0.552637,0.633319,0.569036,0.615905,0.741041,0.801370,0.840030,0.653450,0.700129,0.843221,0.612004,-0.034821,0.462578,0.814437,0.842681
0.599302,0.591005,0.824896,0.750486,0.257398,0.102296,0.980091,0.990999,0.245471,0.404019,1.243016,0.000000,1.112461,1.452355,0.876236,1.128667,0.953528,0.817424,0.522192,0.643480,0.126112,0.259051,0.713664,0.833913,0.406480,-0.073324,0.203840,-0.024007,0.981258,1.030325,0.648091,0.642313,0.945256,1.013945,0.425236,0.471344,0.444239,0.543574,0.556949,0.317137,0.364854,0.501495,0.584333,0.640642,0.321536,0.407211,0.747947,0.655045,0.579453,0.781389,0.884705,0.863829,0.992736,0.971487,0.660022,0.797019,0.544687,0.697660,0.700910,0.755341,0.870604,0.929478,0.915273,0.899124,0.515913,0.415936,0.735107,0.751608,0.354402,0.489605,0.361356,0.416416,0.767870,0.875616,0.584082,0.565605,0.773415,0.693470,0.666299,0.757555,0.868504,0.911802,0.730200,0.775150,0.848059,0.736968,0.014361,0.427833,0.871993,0.892450
0.450892,0.492647,0.999083,0.786000,0.063805,-0.066746,1.357214,0.848194,0.066213,0.200731,1.448641,1.112461,0.000000,1.062847,0.845720,0.889884,0.930715,0.737032,0.393107,0.503738,-0.035150,0.004860,0.875771,0.858323,0.292339,-0.284697,0.024280,-0.250277,0.899379,0.845592,0.581193,0.521196,0.916336,0.945483,0.500606,0.442323,0.266628,0.423587,0.357730,0.260025,0.303871,0.312526,0.506801,0.588760,0.224374,0.320249,0.591671,0.588302,0.324297,0.486359,0.617504,0.530926,0.706972,0.753100,0.502743,0.646344,0.452474,0.558915,0.655038,0.562672,0.786026,0.728185,0.678698,0.635506,0.625231,0.445334,0.826330,0.760998,0.427153,0.385947,0.192836,0.186687,0.658603,0.803498,0.613001,0.507633,0.566200,0.490055,0.664903,0.711735,0.825915,0.841202,0.571934,0.811742,0.817768,0.647188,-0.040382,0.544694,0.708642,0.853487
0.651380,0.624288,0.911892,0.974328,0.296816,0.117099,1.019465,1.084530,0.257963,0.395838,1.123005,1.452355,1.062847,0.000000,0.978638,1.322251,0.828026,0.680032,0.543262,0.639719,0.168967,0.288721,0.917556,1.049074,0.591148,0.024147,0.346781,0.043599,0.824923,0.890161,0.799958,0.879358,0.946939,1.079159,0.655165,0.623780,0.482738,0.444619,0.679172,0.311140,0.370905,0.477066,0.542961,0.621367,0.271640,0.381629,0.649618,0.693784,0.489855,0.677757,0.922043,0.777728,0.899447,0.892677,0.596836,0.795680,0.558857,0.715235,0.658400,0.708158,0.828604,0.889223,0.724413,0.721638,0.723730,0.690452,0.873433,0.829695,0.423627,0.577777,0.237639,0.336671,0.652692,0.739696,0.557380,0.613216,0.674923,0.598130,0.608224,0.816639,0.812745,0.931069,0.777446,0.813417,0.918415,0.897603,0.004605,0.501517,0.943044,1.011649
0.639795,0.577967,0.958225,0.924534,0.579204,0.290483,0.926582,0.947688,0.609538,0.588825,0.904197,0.876236,0.845720,0.978638,0.000000,1.263297,0.589363,0.534750,0.606232,0.644926,0.286761,0.333877,0.844727,0.906817,0.857565,0.140556,0.605429,0.241357,0.645871,0.680695,0.818408,0.860394,0.790971,0.868742,0.705244,0.674110,0.553291,0.451539,0.671190,0.436391,0.467982,0.437475,0.561034,0.590803,0.371406,0.405380,0.600354,0.807170,0.560744,0.747793,0.945743,0.859268,0.872131,0.943779,0.521925,0.783043,0.454024,0.648856,0.555187,0.641120,0.696784,0.791202,0.571967,0.535766,0.980423,0.663108,0.852194,0.789031,0.520359,0.678872,0.177301,0.251196,0.693929,0.669864,0.706097,0.732730,0.809366,0.737946,0.569339,0.657779,0.713382,0.808719,1.320831,0.919971,0.995633,0.952185,0.004249,0.467432,1.051404,1.113618
0.494202,0.513854,0.889120,0.892838,0.363134,0.179116,0.869547,0.951300,0.349779,0.560033,0.940348,1.128667,0.889884,1.322251,1.263297,0.000000,0.797813,0.657690,0.399145,0.521993,0.261304,0.324772,0.909018,1.031909,0.632576,-0.007038,0.454665,0.122165,0.876439,0.910761,0.815636,0.868673,0.868659,1.026366,0.591220,0.608792,0.513278,0.495712,0.670334,0.396773,0.435868,0.432210,0.587627,0.635057,0.362964,0.416004,0.675207,0.735921,0.598206,0.777395,0.923961,0.853774,0.927358,0.913663,0.545520,0.799984,0.435143,0.586206,0.598198,0.696135,0.723922,0.834015,0.689456,0.682718,0.710018,0.562750,0.823980,0.847780,0.383394,0.534546,0.340914,0.362227,0.746392,0.747164,0.752210,0.622826,0.716504,0.719760,0.617599,0.699536,0.765984,0.844213,1.031383,0.828232,0.912952,0.885468,-0.061255,0.378450,0.933159,1.048191
0.468687,0.587115,0.680664,0.605127,0.067406,0.030097,0.816857,0.698322,0.016835,0.222421,0.970498,0.953528,0.930715,0.828026,0.589363,0.797813,0.000000,0.991489,0.424520,0.550716,0.097194,0.177179,0.589987,0.643239,0.188722,-0.230177,0.015756,-0.135179,1.261693,1.237496,0.481123,0.467351,0.922394,0.990567,0.292744,0.311761,0.349068,0.505039,0.502703,0.387532,0.404272,0.359990,0.429950,0.482631,0.266216,0.374932,0.627499,0.469028,0.326864,0.427031,0.507733,0.470006,0.622393,0.557369,0.696738,0.703672,0.595289,0.663588,0.641162,0.530896,0.785944,0.629159,0.929829,0.732686,0.332757,0.283967,0.623100,0.593454,0.438571,0.377621,0.483098,0.375832,0.939065,1.006367,0.683339,0.545663,0.602130,0.561790,0.961138,0.965106,0.985150,0.893657,0.520156,0.628837,0.845538,0.536386,0.083285,0.445161,0.669724,0.738597
0.689896,0.798263,0.478100,0.484779,0.177807,0.156315,0.614392,0.632967,0.146333,0.321453,0.725358,0.817424,0.737032,0.680032,0.534750,0.657690,0.991489,0.000000,0.604577,0.707217,0.085440,0.250302,0.379398,0.496134,0.184688,-0.025709,0.028095,-0.011400,0.869865,1.106316,0.471678,0.491040,0.913064,0.863612,0.223568,0.286785,0.270453,0.527412,0.402612,0.408047,0.497036,0.403456,0.294013,0.427231,0.212980,0.394936,0.541423,0.506531,0.283204,0.451881,0.446883,0.445230,0.499127,0.538276,0.531202,0.734376,0.788205,0.860156,0.828392,0.589407,0.985505,0.694152,1.012550,0.961554,0.279256,0.239992,0.537844,0.561834,0.466773,0.400647,0.324103,0.318278,0.887280,0.895731,0.531975,0.542248,0.591089,0.590954,1.053320,1.012700,1.191462,1.218158,0.472307,0.851736,0.766970,0.696331,0.230791,0.641730,0.434749,0.658306
1.397548,1.153743,0.424705,0.563332,0.698365,0.511875,0.498950,0.703509,0.584179,0.482666,0.483707,0.522192,0.393107,0.543262,0.606232,0.399145,0.424520,0.604577,0.000000,1.425316,0.156255,0.457380,0.215129,0.372871,0.426626,0.488230,0.383593,0.383683,0.348176,0.505122,0.393718,0.547258,0.612467,0.559652,0.376857,0.428209,0.352477,0.349500,0.487362,0.359146,0.417062,0.331884,0.253719,0.375774,0.300002,0.451635,0.433965,0.608150,0.299389,0.470217,0.535649,0.507113,0.507004,0.484099,0.651600,0.826764,0.905645,1.106990,0.716882,0.610487,0.871621,0.681985,0.646816,0.646857,0.465147,0.509066,0.597216,0.524361,0.846036,0.801790,-0.025120,0.130099,0.452498,0.447777,0.267861,0.544846,0.581149,0.417950,0.588905,0.748356,0.778365,0.884578,0.549024,0.723772,0.805086,0.839004,0.469207,0.690938,0.664513,0.772834
1.503536,1.564596,0.652542,0.803177,0.557480,0.431418,0.671283,0.879377,0.485953,0.473778,0.518917,0.643480,0.503738,0.639719,0.644926,0.521993,0.550716,0.707217,1.425316,0.000000,0.062902,0.362792,0.422726,0.599941,0.459059,0.339037,0.373993,0.315805,0.403265,0.546139,0.375375,0.511607,0.757198,0.731437,0.478293,0.543615,0.330040,0.342402,0.420109,0.313478,0.440788,0.217157,0.285873,0.369445,0.291353,0.429570,0.491509,0.694859,0.334443,0.509043,0.623176,0.566049,0.615250,0.582826,0.648180,0.887107,1.157747,1.386932,0.869450,0.755153,0.969531,0.735926,0.624274,0.633193,0.486751,0.565955,0.829305,0.736876,1.181725,1.130502,0.028407,0.127080,0.512193,0.498952,0.396662,0.526749,0.558388,0.442314,0.672724,0.889830,0.854649,0.917893,0.580753,0.767010,0.915830,0.917313,0.330354,0.671766,0.796237,0.967789
0.148737,0.081168,0.027093,0.066350,0.311200,0.273952,0.039386,0.123375,0.160526,0.206638,0.094912,0.126112,-0.035150,0.168967,0.286761,0.261304,0.097194,0.085440,0.156255,0.062902,0.000000,0.877286,0.064434,0.077622,0.354320,0.337688,0.436607,0.335894,0.187501,0.157263,0.514355,0.419419,0.133982,0.134873,0.230721,0.212099,0.342852,0.134696,0.339352,0.375327,0.318913,0.234987,0.159574,0.172661,0.254880,0.213870,0.144436,0.138937,0.231145,0.211601,0.254633,0.245408,0.126190,0.195453,0.292127,0.222171,0.105940,0.140119,0.068821,0.098922,0.054264,0.092053,0.106966,0.032405,0.274886,0.196365,0.048790,0.068214,0.028662,0.058266,0.429446,0.386351,0.125772,0.001921,0.034435,0.044620,0.328548,0.280563,0.087845,0.137212,0.121244,0.108717,0.328095,0.052479,0.179027,0.115110,0.165043,0.026563,0.286060,0.216606
0.448149,0.351453,-0.008600,0.093153,0.575546,0.654455,0.039230,0.188980,0.353485,0.398341,0.136517,0.259051,0.004860,0.288721,0.333877,0.324772,0.177179,0.250302,0.457380,0.362792,0.877286,0.000000,-0.008009,0.096940,0.432603,0.673894,0.584794,0.591799,0.243467,0.272762,0.579532,0.575501,0.321697,0.293934,0.301116,0.326917,0.413829,0.241447,0.440644,0.504017,0.310338,0.328388,0.114210,0.175441,0.263339,0.292992,0.227104,0.237441,0.301961,0.351000,0.333508,0.353022,0.186573,0.191485,0.489464,0.481710,0.466182,0.469098,0.304688,0.394229,0.339776,0.329554,0.304118,0.271144,0.314255,0.374200,0.204007,0.207253,0.263048,0.291321,0.325017,0.359885,0.185940,0.103558,-0.029235,0.202378,0.452712,0.405563,0.219041,0.326993,0.283250,0.330572,0.405894,0.222330,0.379376,0.355002,0.499348,0.278048,0.324000,0.356364
0.289391,0.366637,1.564279,1.366651,-0.005598,-0.209494,1.068221,0.833494,0.032536,0.103370,0.777584,0.713664,0.875771,0.917556,0.844727,0.909018,0.589987,0.379398,0.215129,0.422726,0.064434,-0.008009,0.000000,1.782039,0.601767,-0.258971,0.204051,-0.210747,0.574357,0.581047,0.696465,0.693767,0.729827,0.842546,0.862749,0.683899,0.378302,0.308648,0.475896,0.147030,0.254735,0.178533,0.438571,0.461826,0.127600,0.169693,0.458906,0.489656,0.245941,0.352670,0.594412,0.430093,0.613902,0.717715,0.338527,0.516661,0.295850,0.385881,0.308264,0.324511,0.349276,0.375751,0.277933,0.198003,0.821416,0.658535,0.772076,0.673005,0.445634,0.519433,0.206611,0.199484,0.598758,0.648827,0.733540,0.444328,0.432997,0.409451,0.445953,0.579317,0.436094,0.494102,0.652911,0.454028,0.647385,0.521068,-0.237384,0.334767,0.839424,0.892328
0.434241,0.499276,1.545367,1.615390,0.127502,-0.062834,1.123978,1.021964,0.155967,0.233730,0.781240,0.833913,0.858323,1.049074,0.906817,1.031909,0.643239,0.496134,0.372871,0.599941,0.077622,0.096940,1.782039,0.000000,0.593315,-0.130424,0.266382,-0.106652,0.632890,0.681661,0.696235,0.768261,0.807693,0.958904,0.801263,0.695536,0.414866,0.378388,0.515097,0.187919,0.318233,0.284627,0.503078,0.553092,0.214393,0.269165,0.572549,0.608850,0.337782,0.462905,0.711207,0.556730,0.706720,0.835021,0.403579,0.614756,0.410320,0.510861,0.429239,0.445873,0.494312,0.519518,0.416244,0.353644,0.772261,0.703071,0.874552,0.776218,0.530163,0.642239,0.197779,0.213679,0.679800,0.747434,0.755663,0.572257,0.552363,0.503034,0.544043,0.693161,0.554731,0.633513,0.730706,0.576578,0.695435,0.666656,-0.162035,0.388192,0.862793,1.015837
0.549254,0.452507,0.508470,0.583888,0.693009,0.482316,0.440277,0.529891,0.661096,0.525665,0.375369,0.406480,0.292339,0.591148,0.857565,0.632576,0.188722,0.184688,0.426626,0.459059,0.354320,0.432603,0.601767,0.593315,0.000000,0.611589,0.955655,0.460545,0.138185,0.258271,0.922873,1.025108,0.446081,0.493220,0.866196,0.869545,0.468265,0.188300,0.462717,0.249771,0.250240,0.317092,0.375579,0.321226,0.323567,0.308910,0.323501,0.535618,0.416433,0.501865,0.689519,0.561557,0.484397,0.481621,0.249887,0.444390,0.368262,0.484575,0.313706,0.379597,0.397662,0.435319,0.178855,0.147915,1.082067,0.914315,0.542194,0.503145,0.412558,0.607772,0.155454,0.325108,0.276368,0.254959,0.322361,0.425626,0.471583,0.456500,0.232205,0.441205,0.343431,0.445504,0.740654,0.388877,0.621245,0.716487,0.099336,0.330599,0.734267,0.623502
0.522099,0.350193,-0.240125,-0.093573,1.042422,1.092736,-0.185346,0.033943,0.795426,0.586016,-0.183051,-0.073324,-0.284697,0.024147,0.140556,-0.007038,-0.230177,-0.025709,0.488230,0.339037,0.337688,0.673894,-0.258971,-0.130424,0.611589,0.000000,0.885537,1.124413,-0.325387,-0.163290,0.306613,0.422179,-0.021690,-0.039114,0.185471,0.256646,0.184186,-0.054245,0.162154,0.169550,0.069887,0.178872,-0.003273,-0.024368,0.256644,0.252478,-0.012325,0.206296,0.198748,0.246635,0.229078,0.228742,0.017531,-0.034136,0.067399,0.137810,0.331487,0.341270,0.189388,0.219804,0.230169,0.203775,-0.031139,0.051034,0.316731,0.428914,0.067178,0.075181,0.243676,0.323003,-0.132410,0.103152,-0.159808,-0.201344,-0.273097,0.143086,0.142367,0.113999,-0.060192,0.128159,0.050003,0.135240,0.149292,0.097931,0.164592,0.354066,0.474100,0.167753,0.116666,0.082974
0.513328,0.370903,0.167671,0.260234,1.109799,0.832308,0.114403,0.311139,0.949229,0.814434,0.143910,0.203840,0.024280,0.346781,0.605429,0.454665,0.015756,0.028095,0.383593,0.373993,0.436607,0.584794,0.204051,0.266382,0.955655,0.885537,0.000000,1.123530,-0.069593,-0.016901,0.494112,0.572949,0.125967,0.207999,0.387251,0.416523,0.342054,-0.050721,0.379140,0.167081,0.091834,0.190495,0.193966,0.118891,0.311415,0.272642,0.136195,0.420899,0.395569,0.449196,0.522256,0.447619,0.337878,0.243740,0.163104,0.279383,0.281091,0.374080,0.221561,0.373007,0.268092,0.289030,0.005130,0.034020,0.554090,0.543500,0.339366,0.329133,0.349829,0.528125,0.015629,0.248751,0.051468,0.008209,0.148261,0.343857,0.243129,0.224255,-0.010757,0.241292,0.103210,0.170013,0.582908,0.217950,0.381312,0.446847,0.022825,-0.011168,0.534620,0.410716
0.450040,0.333890,-0.194447,-0.058635,1.202097,1.212518,-0.189021,0.100639,0.863495,0.843106,-0.130447,-0.024007,-0.250277,0.043599,0.241357,0.122165,-0.135179,-0.011400,0.383683,0.315805,0.335894,0.591799,-0.210747,-0.106652,0.460545,1.124413,1.123530,0.000000,-0.245189,-0.147297,0.167823,0.273963,-0.008163,0.009449,0.080029,0.151741,0.077352,-0.175456,0.165537,0.092038,-0.064361,0.066847,-0.005337,-0.082608,0.284250,0.238361,-0.034053,0.229367,0.262610,0.288379,0.254402,0.258196,0.092839,-0.021861,0.069880,0.136943,0.266865,0.311327,0.228115,0.349835,0.225446,0.212237,-0.035065,0.077628,0.166643,0.286985,0.170182,0.180463,0.265002,0.356429,-0.123920,0.110417,-0.171599,-0.230534,-0.144405,0.161608,0.056070,0.030922,-0.074732,0.128280,0.046814,0.094041,0.292746,0.128724,0.205820,0.307613,0.180926,-0.032407,0.190068,0.135012
0.325749,0.376170,0.646784,0.573464,-0.006457,-0.096002,0.742690,0.638484,-0.081519,0.130087,0.989090,0.981258,0.899379,0.824923,0.645871,0.876439,1.261693,0.869865,0.348176,0.403265,0.187501,0.243467,0.574357,0.632890,0.138185,-0.325387,-0.069593,-0.245189,0.000000,1.545615,0.523130,0.510631,0.922386,0.944447,0.314919,0.320182,0.461011,0.678795,0.576426,0.513697,0.514362,0.423339,0.400076,0.494157,0.196891,0.282053,0.573498,0.371939,0.301676,0.398297,0.456008,0.445646,0.548786,0.594162,0.700405,0.654618,0.454284,0.494479,0.487337,0.431848,0.646309,0.592224,1.044058,0.732241,0.352600,0.213008,0.492400,0.492375,0.218973,0.218890,0.617748,0.484117,0.988127,0.983996,0.663677,0.484893,0.770647,0.685650,0.922038,0.761736,0.935719,0.855323,0.579462,0.655236,0.749507,0.486334,0.078139,0.435383,0.575217,0.658058
0.486121,0.523088,0.655397,0.652381,0.105957,0.014868,0.778549,0.761077,0.047958,0.238905,0.928733,1.030325,0.845592,0.890161,0.680695,0.910761,1.237496,1.106316,0.505122,0.546139,0.157263,0.272762,0.581047,0.681661,0.258271,-0.163290,-0.016901,-0.147297,1.545615,0.000000,0.634122,0.673494,1.090717,1.073235,0.375640,0.400902,0.438348,0.726702,0.622621,0.555842,0.541678,0.521062,0.393259,0.520589,0.194689,0.313685,0.609504,0.454396,0.302569,0.454808,0.531655,0.511599,0.591297,0.670960,0.712724,0.748786,0.568837,0.644052,0.604993,0.499293,0.816860,0.710574,1.179338,0.928693,0.410048,0.330589,0.574364,0.560813,0.319136,0.320153,0.515171,0.470747,1.101055,1.080174,0.679399,0.586822,0.769123,0.721298,1.063210,0.995991,1.166343,1.158782,0.649945,0.818399,0.863052,0.691245,0.194395,0.618579,0.616031,0.729264
0.447328,0.391499,0.591004,0.561249,0.402957,0.272068,0.621574,0.580887,0.316349,0.402177,0.666721,0.648091,0.581193,0.799958,0.818408,0.815636,0.481123,0.471678,0.393718,0.375375,0.514355,0.579532,0.696465,0.696235,0.922873,0.306613,0.494112,0.167823,0.523130,0.634122,0.000000,1.641005,0.809057,0.833795,0.909672,0.850784,0.563808,0.438975,0.621727,0.476129,0.434764,0.423370,0.423322,0.484033,0.332600,0.356174,0.435475,0.490812,0.359477,0.512956,0.666711,0.561085,0.465484,0.550374,0.456657,0.587096,0.436767,0.520835,0.369023,0.370762,0.544275,0.582299,0.442161,0.380650,1.030808,0.887715,0.591486,0.539813,0.303167,0.386845,0.400007,0.494432,0.477554,0.448753,0.371837,0.376539,0.692516,0.694224,0.506462,0.636506,0.540540,0.653694,0.657305,0.510077,0.744120,0.707747,0.173062,0.475832,0.666359,0.678777
0.573460,0.497500,0.604401,0.689182,0.528308,0.374311,0.627692,0.715081,0.422619,0.507821,0.607945,0.642313,0.521196,0.879358,0.860394,0.868673,0.467351,0.491040,0.547258,0.511607,0.419419,0.575501,0.693767,0.768261,1.025108,0.422179,0.572949,0.273963,0.510631,0.673494,1.641005,0.000000,0.844317,0.900027,0.935425,0.887330,0.553971,0.450013,0.670981,0.454604,0.407136,0.434433,0.424101,0.486569,0.329326,0.387878,0.456053,0.572304,0.389254,0.542182,0.726479,0.597302,0.522441,0.580501,0.477221,0.671804,0.518406,0.607936,0.455953,0.464568,0.644336,0.685105,0.498255,0.451444,1.059711,1.039494,0.678006,0.620951,0.399134,0.496226,0.319427,0.462938,0.497305,0.478757,0.398303,0.501964,0.726589,0.711056,0.552437,0.725379,0.609257,0.772679,0.731895,0.571837,0.809984,0.856483,0.228810,0.531055,0.709340,0.755875
0.691876,0.765723,0.802564,0.831252,0.242522,0.131572,0.915651,0.944593,0.171764,0.340651,0.896685,0.945256,0.916336,0.946939,0.790971,0.868659,0.922394,0.913064,0.612467,0.757198,0.133982,0.321697,0.729827,0.807693,0.446081,-0.021690,0.125967,-0.008163,0.922386,1.090717,0.809057,0.844317,0.000000,1.924555,0.700239,0.671816,0.395159,0.604555,0.512141,0.439708,0.473736,0.319677,0.496115,0.554769,0.377241,0.461052,0.629067,0.647681,0.385024,0.554463,0.641126,0.575677,0.622659,0.628024,0.634914,0.835722,0.820906,0.885541,0.895548,0.717773,1.098333,0.931743,0.878538,0.833157,0.637305,0.644968,1.023311,0.963460,0.607779,0.652028,0.373578,0.399524,0.735646,0.747671,0.525076,0.479174,0.818014,0.775651,1.005638,1.002697,1.186912,1.200001,0.642434,0.887272,1.024618,0.878158,0.186026,0.640457,0.654992,0.883938
0.638653,0.712154,0.907242,0.931066,0.253673,0.132265,0.998826,1.052050,0.210594,0.399148,0.920479,1.013945,0.945483,1.079159,0.868742,1.026366,0.990567,0.863612,0.559652,0.731437,0.134873,0.293934,0.842546,0.958904,0.493220,-0.039114,0.207999,0.009449,0.944447,1.073235,0.833795,0.900027,1.924555,0.000000,0.696454,0.680210,0.432387,0.596623,0.525169,0.402088,0.441163,0.344076,0.573699,0.608137,0.410969,0.497260,0.699052,0.704046,0.463209,0.638427,0.734319,0.662361,0.733357,0.715070,0.618657,0.836264,0.720732,0.817894,0.873153,0.769946,1.079536,0.998633,0.870467,0.842033,0.651039,0.662249,1.094059,1.062885,0.589135,0.659886,0.409458,0.437648,0.766819,0.800329,0.624247,0.551058,0.810453,0.767586,0.954291,0.974832,1.106519,1.122511,0.691060,0.877729,0.999528,0.863262,0.083453,0.526717,0.711076,0.916246
0.440032,0.428119,0.815216,0.831979,0.235614,0.124071,0.674748,0.591670,0.195526,0.200435,0.476314,0.425236,0.500606,0.655165,0.705244,0.591220,0.292744,0.223568,0.376857,0.478293,0.230721,0.301116,0.862749,0.801263,0.866196,0.185471,0.387251,0.080029,0.314919,0.375640,0.909672,0.935425,0.700239,0.696454,0.000000,1.269898,0.371317,0.263304,0.391000,0.252158,0.273585,0.105211,0.364125,0.384986,0.198454,0.228805,0.336183,0.476793,0.227985,0.324911,0.589007,0.397750,0.371015,0.463169,0.279750,0.514787,0.433561,0.478381,0.298720,0.299227,0.425788,0.445702,0.223732,0.145925,1.315324,1.230345,0.798926,0.645514,0.558842,0.592347,0.155896,0.201177,0.301155,0.285328,0.380922,0.327318,0.544802,0.497041,0.368469,0.546188,0.376444,0.460160,0.527883,0.372145,0.662489,0.651342,0.042045,0.414651,0.656534,0.709028
0.483369,0.488145,0.702426,0.726021,0.285655,0.202231,0.626843,0.625156,0.273209,0.301351,0.424508,0.471344,0.442323,0.623780,0.674110,0.608792,0.311761,0.286785,0.428209,0.543615,0.212099,0.326917,0.683899,0.695536,0.869545,0.256646,0.416523,0.151741,0.320182,0.400902,0.850784,0.887330,0.671816,0.680210,1.269898,0.000000,0.438488,0.371613,0.414289,0.324915,0.348818,0.088123,0.446256,0.458227,0.300367,0.319689,0.429940,0.583476,0.357540,0.470294,0.706948,0.540027,0.485872,0.559542,0.402758,0.583887,0.451751,0.512770,0.405241,0.443553,0.497538,0.578862,0.287806,0.297754,1.099909,1.241107,0.789425,0.717826,0.522420,0.558373,0.136249,0.190776,0.293845,0.275203,0.388831,0.315599,0.577169,0.535935,0.429641,0.533463,0.440699,0.516997,0.579590,0.467817,0.692708,0.780556,0.111458,0.405383,0.638871,0.713214
0.329150,0.275662,0.425885,0.419090,0.294872,0.100501,0.406254,0.455441,0.303593,0.174796,0.282462,0.444239,0.266628,0.482738,0.553291,0.513278,0.349068,0.270453,0.352477,0.330040,0.342852,0.413829,0.378302,0.414866,0.468265,0.184186,0.342054,0.077352,0.461011,0.438348,0.563808,0.553971,0.395159,0.432387,0.371317,0.438488,0.000000,0.725537,0.935383,0.741243,0.756713,0.487031,0.455656,0.520350,0.287961,0.307291,0.528369,0.520355,0.414514,0.476794,0.641713,0.607430,0.622981,0.583680,0.650101,0.621746,0.274573,0.331266,0.256626,0.327992,0.323346,0.381031,0.296043,0.269007,0.462389,0.367514,0.358685,0.338792,0.209402,0.322640,0.289667,0.310162,0.480920,0.391708,0.219726,0.274498,0.725359,0.640308,0.359009,0.365958,0.401001,0.396641,0.564383,0.444441,0.579246,0.529493,0.289011,0.329520,0.640461,0.560238
0.283305,0.275771,0.435859,0.419922,0.083101,-0.016436,0.507729,0.508081,0.107633,0.135365,0.394123,0.543574,0.423587,0.444619,0.451539,0.495712,0.505039,0.527412,0.349500,0.342402,0.134696,0.241447,0.308648,0.378388,0.188300,-0.054245,-0.050721,-0.175456,0.678795,0.726702,0.438975,0.450013,0.604555,0.596623,0.263304,0.371613,0.725537,0.000000,0.639264,1.080725,0.788602,0.472967,0.531050,0.616935,0.371277,0.408408,0.632839,0.516234,0.489578,0.560300,0.522653,0.622828,0.543781,0.641213,0.652843,0.680940,0.271277,0.334338,0.451492,0.413814,0.456390,0.553989,0.656794,0.595671,0.337375,0.250170,0.357164,0.420254,0.127749,0.193272,0.378395,0.280049,0.638702,0.564798,0.319303,0.270690,0.848484,0.921331,0.750847,0.376142,0.684647,0.646307,0.528262,0.689413,0.579533,0.600659,0.468229,0.559567,0.336028,0.549225
0.456916,0.398595,0.484333,0.540673,0.367850,0.115184,0.456858,0.560873,0.328059,0.220137,0.489124,0.556949,0.357730,0.679172,0.671190,0.670334,0.502703,0.402612,0.487362,0.420109,0.339352,0.440644,0.475896,0.515097,0.462717,0.162154,0.379140,0.165537,0.576426,0.622621,0.621727,0.670981,0.512141,0.525169,0.391000,0.414289,0.935383,0.639264,0.000000,0.787165,0.698543,0.520412,0.364194,0.444435,0.240774,0.288526,0.471769,0.507453,0.359179,0.446310,0.619553,0.554096,0.576192,0.569985,0.783967,0.779404,0.381748,0.463807,0.289362,0.390003,0.369946,0.395231,0.383130,0.325949,0.489157,0.404771,0.430582,0.383397,0.287104,0.389088,0.164065,0.224306,0.522600,0.471036,0.276908,0.333941,0.600165,0.544960,0.425660,0.521931,0.487277,0.551765,0.804819,0.538118,0.768658,0.654421,0.381294,0.523956,0.824492,0.752987
0.367818,0.320581,0.220957,0.236877,0.250870,0.202323,0.308265,0.301919,0.223329,0.173997,0.259690,0.317137,0.260025,0.311140,0.436391,0.396773,0.387532,0.408047,0.359146,0.313478,0.375327,0.504017,0.147030,0.187919,0.249771,0.169550,0.167081,0.092038,0.513697,0.555842,0.476129,0.454604,0.439708,0.402088,0.252158,0.324915,0.741243,1.080725,0.787165,0.000000,0.903220,0.488148,0.303872,0.388346,0.282084,0.308395,0.392846,0.431583,0.323379,0.390278,0.398924,0.437096,0.333991,0.409506,0.669501,0.665508,0.349624,0.395723,0.369787,0.320607,0.377122,0.356353,0.451831,0.378605,0.355919,0.276708,0.279772,0.285369,0.207766,0.222053,0.289746,0.240098,0.471153,0.363506,0.173125,0.246365,0.619599,0.663001,0.577951,0.394701,0.569588,0.551247,0.567342,0.608451,0.613662,0.603813,0.640468,0.630554,0.355240,0.521914
0.396161,0.413232,0.363843,0.359683,0.131148,0.033447,0.367296,0.372170,0.158461,0.076324,0.301268,0.364854,0.303871,0.370905,0.467982,0.435868,0.404272,0.497036,0.417062,0.440788,0.318913,0.310338,0.254735,0.318233,0.250240,0.069887,0.091834,-0.064361,0.514362,0.541678,0.434764,0.407136,0.473736,0.441163,0.273585,0.348818,0.756713,0.788602,0.698543,0.903220,0.000000,0.420946,0.254452,0.398707,0.229636,0.297007,0.384481,0.442668,0.247042,0.326581,0.402142,0.421523,0.357596,0.473078,0.551644,0.588128,0.423136,0.465685,0.359402,0.290439,0.430142,0.422854,0.482399,0.418186,0.360766,0.282718,0.338223,0.345086,0.311478,0.355462,0.172664,0.131159,0.555138,0.446640,0.303804,0.220143,0.641100,0.656035,0.638615,0.439697,0.596881,0.574125,0.523196,0.642434,0.623020,0.617504,0.403729,0.580378,0.414140,0.552845
0.326675,0.210604,0.161516,0.219699,0.326731,0.187047,0.289872,0.282806,0.321165,0.228321,0.415933,0.501495,0.312526,0.477066,0.437475,0.432210,0.359990,0.403456,0.331884,0.217157,0.234987,0.328388,0.178533,0.284627,0.317092,0.178872,0.190495,0.066847,0.423339,0.521062,0.423370,0.434433,0.319677,0.344076,0.105211,0.088123,0.487031,0.472967,0.520412,0.488148,0.420946,0.000000,0.291234,0.366909,0.186386,0.247654,0.362366,0.294612,0.290324,0.370160,0.379030,0.451689,0.350144,0.448362,0.293092,0.386142,0.206914,0.269956,0.245150,0.242591,0.369935,0.346919,0.473121,0.441374,0.242780,0.162804,0.154649,0.146282,-0.021031,0.133967,0.239413,0.371847,0.580527,0.608642,0.270359,0.450933,0.448749,0.485548,0.266436,0.365670,0.490452,0.530480,0.486480,0.471095,0.347478,0.504194,0.207118,0.356907,0.328038,0.373547
0.225393,0.267720,0.528445,0.509849,0.227034,0.096020,0.634031,0.639540,0.244540,0.389263,0.425766,0.584333,0.506801,0.542961,0.561034,0.587627,0.429950,0.294013,0.253719,0.285873,0.159574,0.114210,0.438571,0.503078,0.375579,-0.003273,0.193966,-0.005337,0.400076,0.393259,0.423322,0.424101,0.496115,0.573699,0.364125,0.446256,0.455656,0.531050,0.364194,0.303872,0.254452,0.291234,0.000000,1.494279,1.211745,1.111286,1.578475,1.079937,1.224369,1.058894,1.062227,0.972395,0.947491,0.809230,0.592029,0.663074,0.092126,0.233875,0.569608,0.675798,0.412427,0.581035,0.410161,0.454939,0.433906,0.354230,0.722655,0.891758,0.161765,0.269246,0.292980,0.261659,0.336531,0.384603,0.343340,0.258547,0.710245,0.589160,0.397887,0.306308,0.464177,0.459426,0.431219,0.485536,0.412208,0.465089,0.053228,0.147947,0.465902,0.524739
0.310233,0.361276,0.580623,0.561897,0.171247,0.045781,0.699094,0.679053,0.198704,0.330214,0.486776,0.640642,0.588760,0.621367,0.590803,0.635057,0.482631,0.427231,0.375774,0.369445,0.172661,0.175441,0.461826,0.553092,0.321226,-0.024368,0.118891,-0.082608,0.494157,0.520589,0.484033,0.486569,0.554769,0.608137,0.384986,0.458227,0.520350,0.616935,0.444435,0.388346,0.398707,0.366909,1.494279,0.000000,0.933391,1.091916,1.565803,1.179096,0.935689,0.951281,1.017805,0.928373,0.885351,0.893355,0.693488,0.820186,0.200204,0.337412,0.569412,0.660562,0.509050,0.614978,0.509574,0.571987,0.448927,0.374904,0.769830,0.896309,0.241032,0.316501,0.257378,0.236446,0.435006,0.460156,0.381670,0.338303,0.776683,0.620246,0.504788,0.448244,0.575214,0.583900,0.447649,0.604692,0.498114,0.575244,0.180400,0.329549,0.498865,0.623437
0.263076,0.321522,0.207420,0.222017,0.419072,0.387518,0.286740,0.394896,0.353731,0.561701,0.187649,0.321536,0.224374,0.271640,0.371406,0.362964,0.266216,0.212980,0.300002,0.291353,0.254880,0.263339,0.127600,0.214393,0.323567,0.256644,0.311415,0.284250,0.196891,0.194689,0.332600,0.329326,0.377241,0.410969,0.198454,0.300367,0.287961,0.371277,0.240774,0.282084,0.229636,0.186386,1.211745,0.933391,0.000000,1.571644,1.007947,0.878535,1.148670,0.929238,0.700731,0.742434,0.551576,0.411688,0.478965,0.520231,0.133117,0.254376,0.563463,0.623556,0.361843,0.485493,0.301889,0.374873,0.257486,0.244017,0.539494,0.739665,0.183213,0.252546,0.274677,0.269508,0.136283,0.149276,0.168111,0.142780,0.543866,0.460788,0.325936,0.209790,0.386282,0.366530,0.298780,0.365991,0.329593,0.385472,0.195631,0.099042,0.269093,0.344530
0.405736,0.479879,0.264785,0.311774,0.371684,0.336111,0.357900,0.467524,0.292509,0.511925,0.275942,0.407211,0.320249,0.381629,0.405380,0.416004,0.374932,0.394936,0.451635,0.429570,0.213870,0.292992,0.169693,0.269165,0.308910,0.252478,0.272642,0.238361,0.282053,0.313685,0.356174,0.387878,0.461052,0.497260,0.228805,0.319689,0.307291,0.408408,0.288526,0.308395,0.297007,0.247654,1.111286,1.091916,1.571644,0.000000,1.153555,1.029295,1.057601,0.975476,0.736954,0.758002,0.583642,0.475888,0.592156,0.721391,0.286937,0.425479,0.720855,0.770565,0.525735,0.583813,0.438865,0.536184,0.300812,0.311945,0.632822,0.875458,0.295700,0.354046,0.241582,0.259273,0.258876,0.271026,0.249324,0.262564,0.604588,0.492201,0.426741,0.366090,0.519573,0.528832,0.278452,0.458840,0.428067,0.504155,0.285050,0.237845,0.319886,0.446137
0.393559,0.466538,0.596115,0.605736,0.210845,0.110566,0.705717,0.764169,0.223228,0.388806,0.530067,0.747947,0.591671,0.649618,0.600354,0.675207,0.627499,0.541423,0.433965,0.491509,0.144436,0.227104,0.458906,0.572549,0.323501,-0.012325,0.136195,-0.034053,0.573498,0.609504,0.435475,0.456053,0.629067,0.699052,0.336183,0.429940,0.528369,0.632839,0.471769,0.392846,0.384481,0.362366,1.578475,1.565803,1.007947,1.153555,0.000000,1.185586,1.138114,1.122452,1.105614,1.045026,1.070830,0.917787,0.848090,0.947059,0.297193,0.444698,0.747079,0.842372,0.586737,0.709429,0.623784,0.678866,0.390174,0.349804,0.793398,0.991524,0.297574,0.374232,0.321669,0.238562,0.529710,0.551252,0.451108,0.382224,0.838360,0.702142,0.584694,0.519593,0.677423,0.674031,0.482875,0.614533,0.580956,0.589308,0.185245,0.324966,0.584651,0.693830
0.678667,0.720817,0.663409,0.723003,0.500008,0.314356,0.757279,0.881088,0.530622,0.599970,0.489739,0.655045,0.588302,0.693784,0.807170,0.735921,0.469028,0.506531,0.608150,0.694859,0.138937,0.237441,0.489656,0.608850,0.535618,0.206296,0.420899,0.229367,0.371939,0.454396,0.490812,0.572304,0.647681,0.704046,0.476793,0.583476,0.520355,0.516234,0.507453,0.431583,0.442668,0.294612,1.079937,1.179096,0.878535,1.029295,1.185586,0.000000,0.952550,1.123905,1.256849,1.096481,1.062341,0.974771,0.696881,1.049966,0.461564,0.654330,0.854734,0.949112,0.769033,0.833842,0.495346,0.631866,0.586761,0.568824,1.073668,1.262509,0.585525,0.711289,0.043056,0.103811,0.401753,0.438739,0.433459,0.469758,0.707820,0.644494,0.586787,0.608229,0.737030,0.769426,0.662090,0.818616,0.771406,0.938046,0.197965,0.424286,0.706374,0.919699
0.296560,0.293195,0.360476,0.366100,0.418892,0.348218,0.419569,0.571157,0.431727,0.602601,0.333144,0.579453,0.324297,0.489855,0.560744,0.598206,0.326864,0.283204,0.299389,0.334443,0.231145,0.301961,0.245941,0.337782,0.416433,0.198748,0.395569,0.262610,0.301676,0.302569,0.359477,0.389254,0.385024,0.463209,0.227985,0.357540,0.414514,0.489578,0.359179,0.323379,0.247042,0.290324,1.224369,0.935689,1.148670,1.057601,1.138114,0.952550,0.000000,1.689618,1.181910,1.370986,0.994210,0.811314,0.575396,0.651173,0.128304,0.288593,0.673865,0.907760,0.434850,0.656239,0.457274,0.520628,0.330991,0.262427,0.602641,0.832665,0.143880,0.326279,0.317317,0.281900,0.213912,0.261695,0.263637,0.261050,0.676215,0.650498,0.305746,0.215831,0.418334,0.426848,0.483730,0.466056,0.396782,0.475443,0.132297,0.125952,0.444138,0.489399
