0.000000,1.132609,0.669704,0.688351,0.505461,0.481312,0.818080,0.732211,0.434153,0.694250,1.093859,0.691083,0.817643,0.796940,0.753957,0.594623,0.663540,0.559235,0.911409,0.788413,0.215899,0.387895,0.701276,0.572683,0.310080,0.305957,0.258871,0.309628,0.340868,0.335799,0.487901,0.584904,0.741949,0.768716,0.218886,0.471417,0.133916,0.335612,0.025628,0.068357,0.078682,0.494703,0.244222,0.093266,0.424286,0.405261,0.444928,0.417099,0.369586,0.423781,0.475103,0.475142,0.360194,0.639439,0.414642,0.560695,0.613272,0.508766,0.488110,0.549448,0.576582,0.723246,0.446030,0.661064,0.629147,0.550839,0.727227,0.795482,0.733125,0.673929,0.011803,0.212952,0.527489,0.568128,0.433699,0.524909,0.595923,0.661087,0.538890,0.207650,0.511404,0.348044,0.489695,0.121645,0.731822,0.485502,0.193041,0.225951,0.675849,0.692004
1.132609,0.000000,0.458050,0.566761,0.517861,0.439736,0.535780,0.544081,0.399002,0.615601,0.581324,0.406546,0.552706,0.431143,0.629000,0.486464,0.600196,0.596095,0.775325,0.658373,0.236109,0.380310,0.428349,0.402608,0.285291,0.231437,0.322352,0.259477,0.292898,0.355844,0.335942,0.450201,0.569602,0.622703,0.195782,0.422493,0.233688,0.568083,0.179421,0.325205,0.157652,0.578656,0.307344,0.212252,0.446633,0.378412,0.557883,0.492436,0.477252,0.477189,0.486140,0.434708,0.546019,0.705335,0.684615,0.738983,0.881872,0.909057,0.623044,0.793317,0.537003,0.641931,0.464090,0.586642,0.282183,0.278737,0.862509,0.657683,1.148462,0.953992,-0.206867,0.039624,0.356191,0.397142,0.281649,0.439854,0.556202,0.412329,0.594806,0.129803,0.721025,0.427702,0.553158,0.271707,0.725508,0.498385,0.342014,0.350986,0.740822,0.852313
0.669704,0.458050,0.000000,0.997951,0.577780,0.776134,1.064020,0.745385,0.410218,0.680074,0.654601,0.420676,0.627079,0.517213,0.737604,0.591163,0.225907,0.234494,1.080699,0.657206,0.481210,0.480446,1.511729,1.043773,0.700604,0.792057,0.448220,0.569992,0.224375,0.220574,0.873592,0.826248,0.530146,0.569356,0.510347,0.700681,0.441920,0.392537,0.222653,0.246210,0.302939,0.473013,0.600428,0.457371,0.455109,0.483829,0.555682,0.517371,0.263585,0.382913,0.615911,0.505189,0.502403,0.808622,0.276522,0.547805,0.056590,0.075594,0.055173,0.125631,0.003132,0.306513,-0.046261,0.143645,0.855588,0.525996,0.419055,0.457196,0.429202,0.411064,0.059606,0.252119,0.779925,0.756094,0.691213,0.695381,0.711585,0.690545,0.232639,0.106063,0.317004,0.276049,0.515251,0.196570,0.609588,0.439554,0.448432,0.470495,0.486640,0.616915
0.688351,0.566761,0.997951,0.000000,0.664961,0.816122,1.066544,1.585303,0.546321,0.862763,0.804024,0.842728,0.856391,0.709264,0.746676,0.736749,0.247189,0.212337,1.040764,1.169313,0.312105,0.463502,0.887193,1.388698,0.656958,0.659360,0.273331,0.608660,0.281029,0.388581,0.691055,0.850942,0.570748,0.661997,0.330844,0.655708,0.501139,0.480545,0.263862,0.296311,0.313835,0.581075,0.652666,0.579894,0.415733,0.692404,0.654367,0.630970,0.232461,0.405273,0.500323,0.452897,0.601320,0.979266,0.459834,0.608212,0.010654,-0.073137,-0.057340,0.138765,-0.010588,0.535303,0.053147,0.350402,0.753881,0.672342,0.405018,0.520714,0.531049,0.437234,-0.153946,0.050126,0.886406,0.875884,0.774861,0.993145,1.074184,0.784520,0.187776,-0.066809,0.363363,0.268906,0.510324,0.224793,0.615234,0.494838,0.385952,0.668206,0.567001,0.827584
0.505461,0.517861,0.577780,0.664961,0.000000,0.749499,0.714274,0.702959,1.307477,0.932763,0.418367,0.329147,0.914506,0.377545,1.022462,0.590895,0.225917,0.231506,0.783245,0.491669,0.291827,0.218188,0.614703,0.628740,0.885609,0.588932,0.689835,0.478250,0.321666,0.410081,0.512649,0.533421,0.310975,0.388771,0.428137,0.577439,0.319793,0.552369,0.310212,0.379228,0.372673,0.478799,0.343754,0.320966,0.222064,0.245691,0.486857,0.320286,0.098529,0.152659,0.418263,0.319260,0.373568,0.568845,0.312316,0.501077,0.040814,0.045209,0.015687,0.257741,0.103444,0.499416,0.194116,0.313817,0.555074,0.540309,0.373719,0.265149,0.532377,0.297633,-0.087768,-0.022501,0.454135,0.451362,0.533226,0.438929,0.454665,0.472727,0.218032,0.176318,0.427084,0.423534,0.582130,0.284045,0.554669,0.504761,0.302487,0.519388,0.669997,0.721470
0.481312,0.439736,0.776134,0.816122,0.749499,0.000000,0.680868,0.705403,0.453471,0.921283,0.455259,0.487213,0.562371,0.565835,0.722457,0.837721,0.269383,0.291179,0.693230,0.617732,0.556737,0.420171,0.702847,0.789949,0.638925,0.695767,0.516718,0.840335,0.284326,0.404376,0.465962,0.464181,0.415409,0.448111,0.381174,0.503171,0.333117,0.508372,0.243425,0.373917,0.362398,0.548278,0.569523,0.482547,0.401069,0.469465,0.601238,0.504118,0.201076,0.382257,0.577165,0.467261,0.509289,0.683237,0.347756,0.583435,0.028572,-0.009520,0.060514,0.199916,0.072937,0.368711,0.189250,0.328659,0.582453,0.516210,0.385906,0.415783,0.454877,0.336924,-0.059619,0.121638,0.658645,0.703632,0.641970,0.649004,0.574400,0.581560,0.167264,0.201470,0.378266,0.368008,0.501008,0.297748,0.499319,0.548945,0.362294,0.414372,0.645205,0.736650
0.818080,0.535780,1.064020,1.066544,0.714274,0.680868,0.000000,1.199737,0.572150,0.742971,0.866591,0.704853,0.971500,0.768853,1.056309,0.751453,0.375853,0.393929,0.959656,0.726988,0.335195,0.381973,0.895118,0.818990,0.546917,0.525911,0.417872,0.378359,0.520763,0.518244,0.591671,0.719094,0.626327,0.678346,0.514138,0.689328,0.441312,0.417402,0.350755,0.304581,0.397673,0.408469,0.603085,0.512572,0.517619,0.560979,0.636339,0.589949,0.355536,0.468890,0.786448,0.621578,0.634293,0.879474,0.462057,0.734974,0.102401,0.047961,0.149390,0.302760,0.283927,0.620965,0.233246,0.407433,0.962487,0.724020,0.499600,0.488710,0.484187,0.357491,-0.087834,0.024086,0.707231,0.701294,0.792827,0.792594,0.769130,0.652629,0.374531,0.183570,0.509652,0.426074,0.710904,0.348220,0.715790,0.587609,0.402330,0.498573,0.697448,0.892026
0.732211,0.544081,0.745385,1.585303,0.702959,0.705403,1.199737,0.000000,0.601148,0.847830,0.918304,1.123326,1.062156,0.980502,0.862842,0.766557,0.392036,0.348807,0.933097,1.161416,0.224412,0.473707,0.723062,1.030534,0.489918,0.471566,0.326662,0.425136,0.423926,0.576320,0.651693,0.857673,0.750442,0.871914,0.325032,0.625260,0.345513,0.377343,0.208557,0.224266,0.289941,0.506650,0.605236,0.462756,0.515061,0.778047,0.683878,0.640082,0.334848,0.478324,0.560616,0.547439,0.593695,0.858956,0.476848,0.654358,0.044269,-0.069799,0.054305,0.266579,0.178838,0.823142,0.239844,0.588445,0.869426,0.922901,0.515275,0.644619,0.481381,0.343679,-0.098939,0.042717,0.782555,0.859381,0.775226,1.055529,0.919664,0.823463,0.315229,0.084495,0.461748,0.371223,0.566783,0.218856,0.667372,0.572990,0.289221,0.583474,0.652258,0.848417
0.434153,0.399002,0.410218,0.546321,1.307477,0.453471,0.572150,0.601148,0.000000,0.877213,0.414732,0.250469,1.005130,0.253769,0.902850,0.426423,0.134977,0.087222,0.709029,0.437681,0.052351,0.032764,0.518100,0.507027,0.975839,0.558844,0.390645,0.309893,0.209796,0.251210,0.506830,0.509284,0.190453,0.297280,0.345448,0.469269,0.264035,0.437424,0.182970,0.231010,0.195779,0.408352,0.189999,0.180389,0.066322,0.120233,0.284825,0.194103,-0.034272,-0.034007,0.179550,0.185064,0.192447,0.405876,0.176760,0.325892,-0.047094,-0.024168,-0.103709,0.134882,0.063278,0.429829,0.124121,0.239172,0.502867,0.500343,0.308423,0.198566,0.473344,0.297111,-0.087677,-0.009379,0.322510,0.302365,0.374879,0.283831,0.392164,0.407723,0.140261,0.072906,0.250360,0.250044,0.405734,0.115293,0.370574,0.328739,0.195602,0.364926,0.459436,0.496780
0.694250,0.615601,0.680074,0.862763,0.932763,0.921283,0.742971,0.847830,0.877213,0.000000,0.675741,0.509862,0.825798,0.600830,0.918662,0.766697,0.356358,0.258744,0.954388,0.842072,0.275532,0.389268,0.769856,0.838162,0.743838,0.724218,0.416918,0.686282,0.283562,0.341441,0.588511,0.632462,0.431907,0.488448,0.288098,0.535531,0.282945,0.466494,0.132830,0.230815,0.247562,0.627148,0.367363,0.325034,0.261454,0.405586,0.501448,0.484817,0.133589,0.225035,0.374103,0.356696,0.417677,0.889942,0.370215,0.600075,0.142618,0.093358,0.023941,0.232980,0.101947,0.484543,0.165522,0.361388,0.601476,0.612538,0.509174,0.504539,0.672895,0.572435,-0.139550,0.092233,0.627500,0.660292,0.583526,0.649775,0.770572,0.692616,0.344545,0.130486,0.375639,0.333562,0.516952,0.224582,0.539127,0.519461,0.373400,0.357335,0.613957,0.766898
1.093859,0.581324,0.654601,0.804024,0.418367,0.455259,0.866591,0.918304,0.414732,0.675741,0.000000,1.012373,0.957445,0.962630,0.728915,0.683628,0.611518,0.459699,0.838291,0.842393,0.124258,0.345538,0.687496,0.709429,0.349736,0.370054,0.174707,0.280057,0.441183,0.432906,0.577206,0.643651,0.793376,0.789707,0.235358,0.492656,0.191417,0.186767,0.040876,-0.002185,0.153756,0.359745,0.343333,0.200393,0.416764,0.525403,0.430485,0.425874,0.271335,0.398640,0.384001,0.466789,0.394402,0.634356,0.307650,0.438420,0.270772,0.108925,0.174943,0.267414,0.343278,0.661337,0.390230,0.613826,0.751039,0.669150,0.456438,0.624247,0.447523,0.357822,0.024602,0.155108,0.715689,0.792573,0.641469,0.782168,0.673597,0.716616,0.341071,0.189319,0.378216,0.294792,0.472970,0.120854,0.546273,0.420637,0.154280,0.190239,0.408633,0.525944
0.691083,0.406546,0.420676,0.842728,0.329147,0.487213,0.704853,1.123326,0.250469,0.509862,1.012373,0.000000,0.757752,1.300136,0.548596,0.735287,0.504190,0.402045,0.550435,0.896993,0.122403,0.395460,0.403127,0.593003,0.136544,0.179600,0.109720,0.295243,0.425329,0.590528,0.395250,0.511396,0.762161,0.763029,0.049836,0.275499,0.133254,0.111187,0.008444,0.006761,0.159346,0.290992,0.360717,0.209940,0.465864,0.665350,0.461859,0.438247,0.376638,0.452777,0.415172,0.446865,0.464444,0.520455,0.396170,0.416056,0.070194,-0.105048,0.168838,0.312485,0.297354,0.749139,0.410413,0.805605,0.621287,0.669488,0.417971,0.653550,0.271687,0.199610,0.014599,0.084496,0.608106,0.726925,0.549462,0.853039,0.626917,0.685439,0.252125,0.120585,0.381917,0.272380,0.436485,0.153681,0.538594,0.436305,0.122964,0.299965,0.487600,0.533874
0.817643,0.552706,0.627079,0.856391,0.914506,0.562371,0.971500,1.062156,1.005130,0.825798,0.957445,0.757752,0.000000,0.801678,1.117488,0.676811,0.450660,0.426586,0.988243,0.721822,0.132139,0.264764,0.695594,0.760304,0.716099,0.535840,0.387382,0.289217,0.403108,0.491662,0.674066,0.778147,0.661597,0.767163,0.449259,0.698984,0.317390,0.378440,0.196284,0.174266,0.286013,0.411372,0.435207,0.256446,0.432890,0.490366,0.558838,0.391936,0.288849,0.324769,0.462247,0.496582,0.461687,0.510110,0.349267,0.507110,0.094603,0.019795,0.096058,0.279202,0.303855,0.771636,0.409851,0.641690,0.841585,0.894745,0.505232,0.515440,0.496525,0.264991,0.021053,0.098327,0.675780,0.688407,0.641801,0.684706,0.565527,0.667522,0.282895,0.274276,0.488698,0.461533,0.566719,0.163793,0.669922,0.597326,0.176092,0.503754,0.672917,0.699582
0.796940,0.431143,0.517213,0.709264,0.377545,0.565835,0.768853,0.980502,0.253769,0.600830,0.962630,1.300136,0.801678,0.000000,0.671205,0.868151,0.612092,0.513447,0.618492,0.808263,0.248970,0.526457,0.587465,0.672844,0.182016,0.358191,0.343494,0.343263,0.423376,0.573789,0.513587,0.612228,0.955311,0.908249,0.229504,0.440369,0.076274,0.105658,-0.025846,-0.085572,0.189591,0.342613,0.389809,0.150258,0.571241,0.675583,0.510550,0.462316,0.467395,0.559839,0.593848,0.651736,0.437103,0.525138,0.330734,0.505527,0.188160,0.037607,0.284390,0.373280,0.416884,0.828494,0.465242,0.767321,0.808347,0.926242,0.562709,0.789037,0.302228,0.235160,0.090249,0.170583,0.687415,0.875704,0.632431,0.916998,0.524233,0.658757,0.414994,0.326241,0.450610,0.396731,0.511984,0.157586,0.671252,0.574564,0.149818,0.259916,0.599181,0.589708
0.753957,0.629000,0.737604,0.746676,1.022462,0.722457,1.056309,0.862842,0.902850,0.918662,0.728915,0.548596,1.117488,0.671205,0.000000,1.022850,0.441576,0.408340,0.966612,0.634898,0.404702,0.390831,0.727630,0.629667,0.709979,0.605265,0.609362,0.460612,0.582280,0.625224,0.629152,0.642697,0.558858,0.639272,0.570171,0.726686,0.428665,0.569044,0.382192,0.447118,0.458434,0.472243,0.523196,0.416737,0.483868,0.452078,0.671359,0.497012,0.333291,0.370908,0.665347,0.551907,0.609979,0.716945,0.566195,0.811977,0.166457,0.148920,0.187859,0.428277,0.345370,0.662840,0.382584,0.495519,0.812170,0.698872,0.624663,0.469337,0.691502,0.422664,-0.164359,-0.074140,0.681870,0.661994,0.725238,0.703315,0.586486,0.515180,0.356067,0.244750,0.632205,0.523421,0.931133,0.423897,0.792083,0.641376,0.548258,0.468598,0.943485,0.935799
0.594623,0.486464,0.591163,0.736749,0.590895,0.837721,0.751453,0.766557,0.426423,0.766697,0.683628,0.735287,0.676811,0.868151,1.022850,0.000000,0.571122,0.499368,0.638152,0.544213,0.625890,0.442825,0.565277,0.696973,0.453066,0.593235,0.473265,0.646260,0.613110,0.699094,0.445353,0.505927,0.592804,0.563043,0.417834,0.486075,0.493466,0.408478,0.445102,0.403404,0.585784,0.377477,0.487326,0.429136,0.513539,0.472225,0.554489,0.372958,0.388940,0.463424,0.678841,0.582132,0.610695,0.717791,0.569704,0.683603,0.213496,0.057383,0.184739,0.403024,0.296902,0.590594,0.414879,0.466951,0.708741,0.668397,0.450366,0.383951,0.579872,0.271101,-0.100257,-0.044220,0.895103,0.851918,0.910468,0.799122,0.492734,0.361617,0.263459,0.304457,0.714258,0.609003,1.022983,0.660101,0.834670,0.758817,0.633164,0.452064,0.738511,0.890700
0.663540,0.600196,0.225907,0.247189,0.225917,0.269383,0.375853,0.392036,0.134977,0.356358,0.611518,0.504190,0.450660,0.612092,0.441576,0.571122,0.000000,1.121758,0.394783,0.283840,0.346609,0.377065,0.256178,0.259758,0.039600,0.196067,0.331396,0.159256,0.687998,0.649760,0.331907,0.428980,0.874103,0.750098,0.196746,0.213763,0.147150,0.099303,0.129735,0.030737,0.318549,0.206998,0.139024,-0.045929,0.516297,0.328387,0.323985,0.115476,0.434235,0.503411,0.451985,0.481232,0.347104,0.234265,0.435109,0.409764,0.779067,0.499943,0.589223,0.512522,0.756394,0.711889,0.854770,0.772721,0.462835,0.578136,0.611029,0.495479,0.561203,0.220571,0.119254,0.163798,0.492870,0.556561,0.423390,0.447596,0.126205,0.202598,0.741826,0.774250,0.779392,0.677104,0.548042,0.326478,0.626372,0.574564,0.170523,0.115009,0.535018,0.488116
0.559235,0.596095,0.234494,0.212337,0.231506,0.291179,0.393929,0.348807,0.087222,0.258744,0.459699,0.402045,0.426586,0.513447,0.408340,0.499368,1.121758,0.000000,0.327303,0.208386,0.328298,0.330758,0.217974,0.210421,0.019859,0.157328,0.380870,0.067572,0.604114,0.700134,0.286155,0.403865,0.858057,0.759271,0.278065,0.277060,0.162388,0.143371,0.199852,0.138611,0.364273,0.250092,0.270405,0.023008,0.651369,0.354421,0.419271,0.171664,0.609046,0.646108,0.628378,0.609333,0.427022,0.246928,0.455895,0.486665,0.839456,0.596860,0.664329,0.598777,0.858386,0.714560,0.957690,0.839082,0.417498,0.532689,0.613699,0.459337,0.525938,0.205647,0.085145,0.131170,0.388762,0.484697,0.383981,0.405025,0.073108,0.153292,0.726316,0.877159,0.961223,0.915617,0.581928,0.456512,0.698785,0.726453,0.151125,0.208465,0.541564,0.604309
0.911409,0.775325,1.080699,1.040764,0.783245,0.693230,0.959656,0.933097,0.709029,0.954388,0.838291,0.550435,0.988243,0.618492,0.966612,0.638152,0.394783,0.327303,0.000000,0.939071,0.302352,0.399548,1.051686,0.974666,0.739984,0.671433,0.413212,0.449705,0.278942,0.308553,0.877989,0.895544,0.634667,0.728350,0.520875,0.910707,0.440809,0.547149,0.235926,0.281880,0.303479,0.483310,0.631339,0.478365,0.491270,0.599517,0.747953,0.638316,0.276253,0.365743,0.528298,0.498112,0.572933,0.787073,0.472114,0.676056,0.212970,0.193557,0.131019,0.247960,0.118928,0.480033,0.116036,0.337639,0.797081,0.625802,0.670846,0.586336,0.775623,0.579946,-0.030492,0.141177,0.715796,0.739097,0.694491,0.743460,0.785594,0.751675,0.262451,0.072364,0.470516,0.368079,0.613413,0.209440,0.747908,0.532848,0.425955,0.541499,0.678582,0.758305
0.788413,0.658373,0.657206,1.169313,0.491669,0.617732,0.726988,1.161416,0.437681,0.842072,0.842393,0.896993,0.721822,0.808263,0.634898,0.544213,0.283840,0.208386,0.939071,0.000000,0.095960,0.577593,0.659378,0.881607,0.340874,0.392338,0.151896,0.410139,0.171104,0.320545,0.632538,0.778205,0.683283,0.821252,0.050753,0.457796,0.122446,0.306108,-0.125471,0.034809,-0.004299,0.636387,0.477070,0.313116,0.392325,0.751145,0.624683,0.796309,0.221729,0.351208,0.304706,0.319170,0.469668,0.846496,0.417911,0.549971,0.123483,0.101518,0.090016,0.233939,0.095942,0.604352,0.076719,0.509384,0.555400,0.572423,0.594227,0.868659,0.499359,0.739171,-0.151070,0.098838,0.619931,0.737626,0.463450,0.979960,1.101920,1.098654,0.282991,-0.124910,0.205062,0.048307,0.293083,-0.066406,0.418232,0.260400,0.210031,0.401306,0.528236,0.580121
0.215899,0.236109,0.481210,0.312105,0.291827,0.556737,0.335195,0.224412,0.052351,0.275532,0.124258,0.122403,0.132139,0.248970,0.404702,0.625890,0.346609,0.328298,0.302352,0.095960,0.000000,0.474715,0.439772,0.415282,0.328201,0.498842,0.558226,0.516781,0.401584,0.400307,0.402103,0.310203,0.356694,0.309540,0.461435,0.406817,0.457551,0.444616,0.467129,0.437947,0.675909,0.334627,0.339102,0.278269,0.325726,0.169083,0.279229,0.112189,0.225865,0.323201,0.497456,0.399470,0.268182,0.319498,0.299180,0.406054,0.215671,0.118154,0.140345,0.168178,0.136545,0.208982,0.209559,0.134015,0.349361,0.315444,0.225622,0.146432,0.413545,0.094086,0.108595,0.135691,0.568193,0.547186,0.554343,0.293937,0.175474,0.097534,0.085547,0.293166,0.442620,0.487591,0.556223,0.555365,0.474345,0.535638,0.503174,0.266109,0.443259,0.446933
0.387895,0.380310,0.480446,0.463502,0.218188,0.420171,0.381973,0.473707,0.032764,0.389268,0.345538,0.395460,0.264764,0.526457,0.390831,0.442825,0.377065,0.330758,0.399548,0.577593,0.474715,0.000000,0.443280,0.481220,0.106069,0.339994,0.375846,0.335121,0.083221,0.216433,0.509883,0.629877,0.768710,0.757281,0.178693,0.369042,0.023852,0.164793,0.004365,0.094433,0.110089,0.438897,0.368418,0.101548,0.607880,0.641614,0.466990,0.475931,0.460435,0.565578,0.473595,0.479872,0.404195,0.479214,0.466321,0.628297,0.278435,0.261770,0.366005,0.395942,0.301431,0.554624,0.231548,0.441339,0.478123,0.544989,0.605695,0.728749,0.337108,0.327626,0.246862,0.381929,0.591582,0.625381,0.510010,0.632182,0.396947,0.582883,0.314713,0.201176,0.280462,0.201639,0.304390,0.072576,0.409783,0.365477,0.357741,0.403985,0.554871,0.500565
0.701276,0.428349,1.511729,0.887193,0.614703,0.702847,0.895118,0.723062,0.518100,0.769856,0.687496,0.403127,0.695594,0.587465,0.727630,0.565277,0.256178,0.217974,1.051686,0.659378,0.439772,0.443280,0.000000,1.237453,0.809077,0.925102,0.542394,0.547346,0.185438,0.178295,1.075087,0.972128,0.556196,0.613079,0.557926,0.752707,0.371688,0.381370,0.148872,0.109950,0.265463,0.532985,0.449003,0.275436,0.342671,0.352927,0.446125,0.395869,0.155272,0.270799,0.497511,0.467089,0.320111,0.728788,0.144587,0.437248,0.042141,0.053467,-0.018886,0.035590,-0.008731,0.331440,-0.023849,0.153617,0.872229,0.624261,0.394968,0.463001,0.401536,0.420267,0.093034,0.291861,0.792325,0.823056,0.660996,0.621430,0.686252,0.725572,0.220695,0.169151,0.237937,0.274741,0.442561,0.096683,0.569453,0.450094,0.308417,0.354300,0.452560,0.549035
0.572683,0.402608,1.043773,1.388698,0.628740,0.789949,0.818990,1.030534,0.507027,0.838162,0.709429,0.593003,0.760304,0.672844,0.629667,0.696973,0.259758,0.210421,0.974666,0.881607,0.415282,0.481220,1.237453,0.000000,0.780307,0.967132,0.425130,0.726457,0.216936,0.298067,0.891282,1.006702,0.566195,0.622555,0.450909,0.728041,0.524256,0.447683,0.241856,0.199444,0.383411,0.589641,0.570704,0.451846,0.351759,0.511450,0.528253,0.457531,0.153840,0.329527,0.446810,0.465351,0.427926,0.849954,0.263827,0.457483,-0.018590,-0.108034,-0.171703,-0.045461,-0.134979,0.368925,-0.027111,0.187720,0.759504,0.709880,0.284304,0.389787,0.409836,0.323111,-0.046235,0.143083,1.024796,1.056061,0.844417,0.896903,0.836358,0.680680,0.144626,0.077192,0.283439,0.321225,0.470756,0.201085,0.582977,0.542937,0.336026,0.597453,0.436960,0.649583
0.310080,0.285291,0.700604,0.656958,0.885609,0.638925,0.546917,0.489918,0.975839,0.743838,0.349736,0.136544,0.716099,0.182016,0.709979,0.453066,0.039600,0.019859,0.739984,0.340874,0.328201,0.106069,0.809077,0.780307,0.000000,1.120490,0.511690,0.487698,0.211573,0.220270,0.676882,0.529105,0.131584,0.196562,0.593737,0.707452,0.541725,0.604942,0.329257,0.355623,0.321696,0.390781,0.431721,0.460642,0.104197,0.174468,0.386237,0.267464,-0.070890,0.014540,0.281601,0.235691,0.293055,0.467595,0.148296,0.297001,-0.135058,-0.103159,-0.245071,-0.099898,-0.162424,0.130772,0.009839,0.021278,0.489944,0.353778,0.219015,0.111397,0.425411,0.229763,-0.136185,-0.002644,0.501213,0.455605,0.507650,0.340338,0.524027,0.367057,0.021396,0.056117,0.196055,0.258741,0.377338,0.183245,0.342128,0.362870,0.277644,0.363947,0.360886,0.421650
0.305957,0.231437,0.792057,0.659360,0.588932,0.695767,0.525911,0.471566,0.558844,0.724218,0.370054,0.179600,0.535840,0.358191,0.605265,0.593235,0.196067,0.157328,0.671433,0.392338,0.498842,0.339994,0.925102,0.967132,1.120490,0.000000,0.543604,0.654778,0.205440,0.238745,0.750989,0.637371,0.351576,0.344366,0.604085,0.690952,0.520761,0.474322,0.276787,0.190212,0.416066,0.397763,0.484700,0.378478,0.230225,0.243971,0.396656,0.287378,0.008822,0.154391,0.358728,0.364653,0.295758,0.530834,0.112336,0.311423,-0.035564,-0.047818,-0.168610,-0.127815,-0.105854,0.157710,0.055348,0.023973,0.609077,0.474843,0.251684,0.208176,0.383497,0.242805,-0.084008,0.078622,0.681369,0.680994,0.626267,0.523139,0.482736,0.335295,0.127141,0.256392,0.217878,0.323057,0.415673,0.233970,0.371153,0.416192,0.316181,0.323717,0.374463,0.444804
0.258871,0.322352,0.448220,0.273331,0.689835,0.516718,0.417872,0.326662,0.390645,0.416918,0.174707,0.109720,0.387382,0.343494,0.609362,0.473265,0.331396,0.380870,0.413212,0.151896,0.558226,0.375846,0.542394,0.425130,0.511690,0.543604,0.000000,0.324920,0.419178,0.464935,0.506036,0.480465,0.395877,0.414936,0.629303,0.569903,0.257629,0.486443,0.339806,0.325243,0.468851,0.277881,0.371455,0.239563,0.358573,0.210383,0.458805,0.237136,0.230926,0.312888,0.553467,0.454608,0.306957,0.317284,0.205931,0.431691,0.201141,0.194180,0.139370,0.231110,0.181763,0.347177,0.275681,0.193763,0.414558,0.453840,0.365193,0.223195,0.348267,0.160875,0.006526,0.030693,0.343343,0.444971,0.407070,0.344047,0.183186,0.181596,0.304881,0.531699,0.487649,0.601663,0.542448,0.368879,0.532146,0.563867,0.294959,0.343231,0.506087,0.516169
0.309628,0.259477,0.569992,0.608660,0.478250,0.840335,0.378359,0.425136,0.309893,0.686282,0.280057,0.295243,0.289217,0.343263,0.460612,0.646260,0.159256,0.067572,0.449705,0.410139,0.516781,0.335121,0.547346,0.726457,0.487698,0.654778,0.324920,0.000000,0.160186,0.253560,0.275130,0.233461,0.220467,0.186921,0.237007,0.293534,0.470559,0.392497,0.255247,0.238031,0.393031,0.450607,0.324405,0.350866,0.146658,0.209470,0.278333,0.202845,0.035333,0.196814,0.259213,0.246156,0.304716,0.642010,0.260626,0.342940,-0.034302,-0.120206,-0.101161,0.028030,-0.121027,0.134034,0.011369,0.075202,0.376721,0.302477,0.124398,0.171433,0.410318,0.221603,-0.182251,-0.004711,0.694151,0.614317,0.572391,0.506377,0.471157,0.303085,0.046800,0.036075,0.190250,0.211113,0.360033,0.324108,0.351456,0.393164,0.359941,0.303323,0.415829,0.527129
0.340868,0.292898,0.224375,0.281029,0.321666,0.284326,0.520763,0.423926,0.209796,0.283562,0.441183,0.425329,0.403108,0.423376,0.582280,0.613110,0.687998,0.604114,0.278942,0.171104,0.401584,0.083221,0.185438,0.216936,0.211573,0.205440,0.419178,0.160186,0.000000,1.455835,0.258127,0.265064,0.431599,0.373625,0.295930,0.232646,0.425096,0.298977,0.416930,0.352958,0.519021,0.116356,0.280803,0.323799,0.361642,0.267360,0.358895,0.168779,0.249734,0.284415,0.440260,0.331362,0.402755,0.261638,0.431169,0.329612,0.290330,0.118312,0.172224,0.249048,0.351936,0.381304,0.574659,0.437833,0.345468,0.316121,0.280370,0.141706,0.408866,0.055357,-0.292296,-0.356741,0.327788,0.379463,0.379494,0.381178,0.229636,-0.015157,0.521154,0.459097,0.731461,0.658697,0.715314,0.616846,0.520131,0.514067,0.308316,0.137044,0.377034,0.441205
0.335799,0.355844,0.220574,0.388581,0.410081,0.404376,0.518244,0.576320,0.251210,0.341441,0.432906,0.590528,0.491662,0.573789,0.625224,0.699094,0.649760,0.700134,0.308553,0.320545,0.400307,0.216433,0.178295,0.298067,0.220270,0.238745,0.464935,0.253560,1.455835,0.000000,0.291092,0.325905,0.566765,0.528366,0.261947,0.279873,0.368595,0.324464,0.348824,0.352442,0.510684,0.216795,0.383144,0.347274,0.459811,0.394547,0.479968,0.271034,0.336770,0.387416,0.486314,0.398639,0.470082,0.345248,0.466513,0.403254,0.254726,0.104088,0.188387,0.317727,0.367577,0.545904,0.683099,0.645869,0.379073,0.423090,0.351054,0.261126,0.435810,0.074612,-0.301745,-0.313834,0.390999,0.494627,0.451950,0.530262,0.291043,0.105777,0.503064,0.456166,0.779332,0.723559,0.715584,0.575557,0.555651,0.588895,0.263637,0.249168,0.477169,0.540757
0.487901,0.335942,0.873592,0.691055,0.512649,0.465962,0.591671,0.651693,0.506830,0.588511,0.577206,0.395250,0.674066,0.513587,0.629152,0.445353,0.331907,0.286155,0.877989,0.632538,0.402103,0.509883,1.075087,0.891282,0.676882,0.750989,0.506036,0.275130,0.258127,0.291092,0.000000,1.531330,0.712070,0.818653,0.483758,0.733086,0.279025,0.320950,0.003944,0.104105,0.197253,0.490456,0.450209,0.175738,0.456803,0.494706,0.521860,0.401546,0.196947,0.273474,0.362305,0.363673,0.278378,0.410757,0.209438,0.391739,0.125412,0.107145,0.057110,0.044675,0.066917,0.405990,0.097221,0.295623,0.693075,0.614761,0.511726,0.519177,0.356931,0.294542,0.170709,0.345189,0.639222,0.751170,0.544390,0.654092,0.589685,0.700367,0.308147,0.196934,0.245141,0.288731,0.361519,0.010786,0.482834,0.359805,0.308648,0.416401,0.376867,0.381515
0.584904,0.450201,0.826248,0.850942,0.533421,0.464181,0.719094,0.857673,0.509284,0.632462,0.643651,0.511396,0.778147,0.612228,0.642697,0.505927,0.428980,0.403865,0.895544,0.778205,0.310203,0.629877,0.972128,1.006702,0.529105,0.637371,0.480465,0.233461,0.265064,0.325905,1.531330,0.000000,0.862671,1.018853,0.452721,0.699064,0.294944,0.304230,0.070557,0.126273,0.234557,0.496167,0.472881,0.187159,0.534584,0.579479,0.603307,0.452607,0.296834,0.383684,0.476970,0.453444,0.392811,0.516168,0.334934,0.524362,0.198828,0.151402,0.123582,0.157021,0.161973,0.585034,0.152723,0.386020,0.756437,0.787812,0.576894,0.590345,0.404653,0.355042,0.135018,0.313682,0.706721,0.812630,0.621705,0.772290,0.613045,0.733524,0.385042,0.259792,0.372232,0.392742,0.441763,0.076980,0.628882,0.490353,0.318153,0.616337,0.485386,0.564541
0.741949,0.569602,0.530146,0.570748,0.310975,0.415409,0.626327,0.750442,0.190453,0.431907,0.793376,0.762161,0.661597,0.955311,0.558858,0.592804,0.874103,0.858057,0.634667,0.683283,0.356694,0.768710,0.556196,0.566195,0.131584,0.351576,0.395877,0.220467,0.431599,0.566765,0.712070,0.862671,0.000000,1.921538,0.370572,0.508096,0.142799,0.162469,0.056954,0.000885,0.230111,0.395832,0.492300,0.086964,0.961528,0.779995,0.628670,0.444568,0.698266,0.826177,0.649812,0.767238,0.505941,0.416495,0.500486,0.612239,0.476935,0.344110,0.567067,0.559338,0.649986,1.097587,0.663263,0.955841,0.766455,0.931092,0.855265,1.011306,0.497447,0.317355,0.218650,0.289350,0.640451,0.808003,0.632075,0.802485,0.403314,0.578063,0.563307,0.534761,0.607084,0.552479,0.522548,0.173350,0.725992,0.619335,0.205584,0.354970,0.661427,0.623025
0.768716,0.622703,0.569356,0.661997,0.388771,0.448111,0.678346,0.871914,0.297280,0.488448,0.789707,0.763029,0.767163,0.908249,0.639272,0.563043,0.750098,0.759271,0.728350,0.821252,0.309540,0.757281,0.613079,0.622555,0.196562,0.344366,0.414936,0.186921,0.373625,0.528366,0.818653,1.018853,1.921538,0.000000,0.389637,0.585369,0.132456,0.209670,0.028079,0.053543,0.167541,0.475136,0.537178,0.141068,0.921756,0.849884,0.711598,0.570386,0.642438,0.774413,0.631350,0.719720,0.510429,0.472409,0.503720,0.677761,0.420872,0.346995,0.519312,0.555630,0.595228,1.123437,0.568312,0.945800,0.777478,0.942570,0.932631,1.091919,0.516022,0.394037,0.184361,0.282368,0.604618,0.753339,0.600465,0.826925,0.487208,0.709149,0.549689,0.436640,0.574839,0.491536,0.507099,0.107130,0.709081,0.572487,0.214037,0.439356,0.716231,0.651033
0.218886,0.195782,0.510347,0.330844,0.428137,0.381174,0.514138,0.325032,0.345448,0.288098,0.235358,0.049836,0.449259,0.229504,0.570171,0.417834,0.196746,0.278065,0.520875,0.050753,0.461435,0.178693,0.557926,0.450909,0.593737,0.604085,0.629303,0.237007,0.295930,0.261947,0.483758,0.452721,0.370572,0.389637,0.000000,1.026317,0.639430,0.480570,0.696382,0.436248,0.628943,0.102045,0.672019,0.537449,0.522736,0.313310,0.517078,0.298314,0.322665,0.396627,0.726941,0.661101,0.463274,0.306578,0.301378,0.510448,0.014439,0.007946,0.092273,0.163628,0.139360,0.239630,0.215906,0.065327,0.550799,0.496593,0.346791,0.173037,0.337765,-0.012243,-0.007157,-0.083048,0.381737,0.368249,0.554135,0.263713,0.197873,0.057144,0.035443,0.382564,0.448169,0.587487,0.620802,0.466894,0.546187,0.639985,0.371126,0.450549,0.466524,0.523702
0.471417,0.422493,0.700681,0.655708,0.577439,0.503171,0.689328,0.625260,0.469269,0.535531,0.492656,0.275499,0.698984,0.440369,0.726686,0.486075,0.213763,0.277060,0.910707,0.457796,0.406817,0.369042,0.752707,0.728041,0.707452,0.690952,0.569903,0.293534,0.232646,0.279873,0.733086,0.699064,0.508096,0.585369,1.026317,0.000000,0.509525,0.605138,0.408841,0.426198,0.450659,0.338687,0.784539,0.620150,0.530944,0.546767,0.749702,0.592478,0.259309,0.413661,0.596650,0.565560,0.522796,0.555498,0.409257,0.619876,0.128397,0.098747,0.085511,0.149302,0.101307,0.368182,0.151976,0.211215,0.615344,0.568684,0.500690,0.417631,0.494895,0.264765,-0.068158,0.011092,0.564171,0.571067,0.673221,0.517167,0.588471,0.459548,0.122807,0.163040,0.422433,0.450886,0.548361,0.267022,0.579045,0.588593,0.379122,0.575083,0.570601,0.621789
0.133916,0.233688,0.441920,0.501139,0.319793,0.333117,0.441312,0.345513,0.264035,0.282945,0.191417,0.133254,0.317390,0.076274,0.428665,0.493466,0.147150,0.162388,0.440809,0.122446,0.457551,0.023852,0.371688,0.524256,0.541725,0.520761,0.257629,0.470559,0.425096,0.368595,0.279025,0.294944,0.142799,0.132456,0.639430,0.509525,0.000000,0.816882,1.086099,0.797931,0.996333,0.244672,0.584661,0.795890,0.218760,0.172718,0.423325,0.182286,0.072269,0.176095,0.375227,0.260449,0.427252,0.419827,0.481778,0.338575,-0.024624,-0.105522,-0.173959,-0.037789,-0.170842,0.019649,0.066996,-0.051630,0.205699,0.124279,0.066581,-0.126493,0.490098,0.111204,-0.363540,-0.364557,0.532335,0.410222,0.594171,0.313489,0.420720,-0.034685,-0.051760,0.045539,0.535646,0.557025,0.726292,0.782963,0.516606,0.584235,0.605745,0.542040,0.257986,0.515970
0.335612,0.568083,0.392537,0.480545,0.552369,0.508372,0.417402,0.377343,0.437424,0.466494,0.186767,0.111187,0.378440,0.105658,0.569044,0.408478,0.099303,0.143371,0.547149,0.306108,0.444616,0.164793,0.381370,0.447683,0.604942,0.474322,0.486443,0.392497,0.298977,0.324464,0.320950,0.304230,0.162469,0.209670,0.480570,0.605138,0.816882,0.000000,0.674244,0.895037,0.655168,0.577040,0.563531,0.647892,0.242687,0.226447,0.567068,0.393211,0.112880,0.221370,0.388557,0.297793,0.370619,0.488200,0.456781,0.518560,0.172029,0.184690,-0.006374,0.132025,-0.042217,0.123542,0.111913,0.079990,0.118423,0.082611,0.303206,0.109760,0.701157,0.469361,-0.417097,-0.242335,0.340298,0.353944,0.382722,0.283978,0.555603,0.177344,0.080207,0.035372,0.511154,0.508733,0.604566,0.539597,0.490248,0.559958,0.511424,0.468733,0.426970,0.594010
0.025628,0.179421,0.222653,0.263862,0.310212,0.243425,0.350755,0.208557,0.182970,0.132830,0.040876,0.008444,0.196284,-0.025846,0.382192,0.445102,0.129735,0.199852,0.235926,-0.125471,0.467129,0.004365,0.148872,0.241856,0.329257,0.276787,0.339806,0.255247,0.416930,0.348824,0.003944,0.070557,0.056954,0.028079,0.696382,0.408841,1.086099,0.674244,0.000000,0.937880,1.115499,0.018130,0.523175,0.714693,0.283789,0.103746,0.376201,0.088400,0.240299,0.288300,0.515440,0.388433,0.457245,0.296491,0.504412,0.415376,0.010972,-0.059704,-0.065476,0.132896,-0.044809,0.067332,0.152048,-0.060079,0.157535,0.117268,0.022556,-0.257102,0.414847,-0.066698,-0.289863,-0.421431,0.303306,0.196429,0.507109,0.130333,0.086044,-0.283703,-0.107336,0.193833,0.676137,0.751616,0.852908,1.175044,0.561118,0.738231,0.653944,0.521293,0.319641,0.584951
0.068357,0.325205,0.246210,0.296311,0.379228,0.373917,0.304581,0.224266,0.231010,0.230815,-0.002185,0.006761,0.174266,-0.085572,0.447118,0.403404,0.030737,0.138611,0.281880,0.034809,0.437947,0.094433,0.109950,0.199444,0.355623,0.190212,0.325243,0.238031,0.352958,0.352442,0.104105,0.126273,0.000885,0.053543,0.436248,0.426198,0.797931,0.895037,0.937880,0.000000,0.730569,0.237196,0.570912,0.805754,0.282405,0.202313,0.552213,0.331756,0.230622,0.259574,0.444049,0.268818,0.517964,0.376223,0.675069,0.584515,0.099441,0.107030,0.051660,0.234691,-0.039922,0.051479,0.104050,0.022796,0.015315,-0.037330,0.178340,-0.116595,0.489157,0.156664,-0.379503,-0.364983,0.199984,0.124270,0.356690,0.152951,0.265552,-0.065571,-0.027508,-0.056126,0.609114,0.517398,0.723145,0.780042,0.455713,0.528403,0.757854,0.626002,0.416799,0.568454
0.078682,0.157652,0.302939,0.313835,0.372673,0.362398,0.397673,0.289941,0.195779,0.247562,0.153756,0.159346,0.286013,0.189591,0.458434,0.585784,0.318549,0.364273,0.303479,-0.004299,0.675909,0.110089,0.265463,0.383411,0.321696,0.416066,0.468851,0.393031,0.519021,0.510684,0.197253,0.234557,0.230111,0.167541,0.628943,0.450659,0.996333,0.655168,1.115499,0.730569,0.000000,0.160499,0.491721,0.543330,0.303236,0.122335,0.384721,0.049716,0.208861,0.294816,0.527762,0.435086,0.431242,0.277356,0.430518,0.389386,0.053056,-0.103203,-0.094475,0.048130,-0.041794,0.113541,0.207462,0.030894,0.257943,0.275843,0.033276,-0.167907,0.380897,-0.087258,-0.225389,-0.320642,0.528673,0.492324,0.630302,0.298452,0.168071,-0.135782,-0.020203,0.339732,0.675308,0.882549,0.899473,1.107955,0.604350,0.837715,0.576905,0.500786,0.332611,0.569457
0.494703,0.578656,0.473013,0.581075,0.478799,0.548278,0.408469,0.506650,0.408352,0.627148,0.359745,0.290992,0.411372,0.342613,0.472243,0.377477,0.206998,0.250092,0.483310,0.636387,0.334627,0.438897,0.532985,0.589641,0.390781,0.397763,0.277881,0.450607,0.116356,0.216795,0.490456,0.496167,0.395832,0.475136,0.102045,0.338687,0.244672,0.577040,0.018130,0.237196,0.160499,0.000000,0.271910,0.155579,0.247388,0.302395,0.331345,0.332795,0.144992,0.244734,0.268656,0.244771,0.228507,0.643169,0.301407,0.431855,0.269293,0.291946,0.081741,0.201218,0.075569,0.375581,0.097308,0.330564,0.200834,0.270738,0.408011,0.467539,0.554606,0.594205,-0.199814,0.067371,0.429626,0.548166,0.312350,0.461667,0.641281,0.501579,0.314563,-0.021286,0.279564,0.205061,0.301527,0.126959,0.401549,0.384128,0.327669,0.285771,0.379423,0.537629
0.244222,0.307344,0.600428,0.652666,0.343754,0.569523,0.603085,0.605236,0.189999,0.367363,0.343333,0.360717,0.435207,0.389809,0.523196,0.487326,0.139024,0.270405,0.631339,0.477070,0.339102,0.368418,0.449003,0.570704,0.431721,0.484700,0.371455,0.324405,0.280803,0.383144,0.450209,0.472881,0.492300,0.537178,0.672019,0.784539,0.584661,0.563531,0.523175,0.570912,0.491721,0.271910,0.000000,1.175286,0.932290,1.039795,1.433787,1.045960,0.567836,0.803257,0.703326,0.683427,0.907688,0.566787,0.616545,0.766944,-0.014305,-0.000354,0.127405,0.233252,0.034225,0.276146,0.152511,0.237928,0.412396,0.329107,0.504708,0.392635,0.387395,0.205193,-0.256773,-0.166011,0.453423,0.496909,0.584681,0.638333,0.585898,0.335782,0.103770,0.120004,0.471208,0.421170,0.622645,0.446802,0.506717,0.538459,0.492641,0.604690,0.523297,0.594030
0.093266,0.212252,0.457371,0.579894,0.320966,0.482547,0.512572,0.462756,0.180389,0.325034,0.200393,0.209940,0.256446,0.150258,0.416737,0.429136,-0.045929,0.023008,0.478365,0.313116,0.278269,0.101548,0.275436,0.451846,0.460642,0.378478,0.239563,0.350866,0.323799,0.347274,0.175738,0.187159,0.086964,0.141068,0.537449,0.620150,0.795890,0.647892,0.714693,0.805754,0.543330,0.155579,1.175286,0.000000,0.444145,0.636404,0.871031,0.840368,0.246683,0.435168,0.501389,0.388028,0.722909,0.607149,0.574196,0.554469,-0.134085,-0.119597,-0.115392,0.060725,-0.237526,-0.013072,-0.075800,-0.062741,0.189283,0.056385,0.212766,0.052002,0.375505,0.169644,-0.509106,-0.424265,0.337310,0.299571,0.514460,0.458517,0.585371,0.125278,-0.028256,-0.136082,0.394833,0.312792,0.594707,0.577345,0.352466,0.399552,0.578774,0.530806,0.307835,0.478651
0.424286,0.446633,0.455109,0.415733,0.222064,0.401069,0.517619,0.515061,0.066322,0.261454,0.416764,0.465864,0.432890,0.571241,0.483868,0.513539,0.516297,0.651369,0.491270,0.392325,0.325726,0.607880,0.342671,0.351759,0.104197,0.230225,0.358573,0.146658,0.361642,0.459811,0.456803,0.534584,0.961528,0.921756,0.522736,0.530944,0.218760,0.242687,0.283789,0.282405,0.303236,0.247388,0.932290,0.444145,0.000000,1.127815,1.042553,0.686315,1.267453,1.267603,0.903566,0.917102,0.817783,0.352954,0.745447,0.800992,0.358122,0.312458,0.629112,0.668056,0.512063,0.623079,0.504457,0.626727,0.495257,0.506107,0.842134,0.706942,0.400255,0.183682,0.079993,0.116296,0.405574,0.502964,0.512612,0.598296,0.278941,0.315191,0.441248,0.425515,0.701279,0.570780,0.641413,0.404425,0.706386,0.656144,0.433513,0.490103,0.655756,0.636277
0.405261,0.378412,0.483829,0.692404,0.245691,0.469465,0.560979,0.778047,0.120233,0.405586,0.525403,0.665350,0.490366,0.675583,0.452078,0.472225,0.328387,0.354421,0.599517,0.751145,0.169083,0.641614,0.352927,0.511450,0.174468,0.243971,0.210383,0.209470,0.267360,0.394547,0.494706,0.579479,0.779995,0.849884,0.313310,0.546767,0.172718,0.226447,0.103746,0.202313,0.122335,0.302395,1.039795,0.636404,1.127815,0.000000,1.130930,1.142225,0.742119,1.061579,0.611141,0.703350,0.810663,0.509996,0.667161,0.761044,0.147876,0.105588,0.326112,0.444718,0.227141,0.570984,0.249429,0.550557,0.464745,0.527481,0.741143,0.859230,0.335139,0.264572,-0.039005,0.070371,0.482663,0.561771,0.542496,0.839671,0.594039,0.558422,0.359187,0.108481,0.419127,0.265431,0.420572,0.151560,0.477875,0.405214,0.340000,0.501654,0.529658,0.537801
0.444928,0.557883,0.555682,0.654367,0.486857,0.601238,0.636339,0.683878,0.284825,0.501448,0.430485,0.461859,0.558838,0.510550,0.671359,0.554489,0.323985,0.419271,0.747953,0.624683,0.279229,0.466990,0.446125,0.528253,0.386237,0.396656,0.458805,0.278333,0.358895,0.479968,0.521860,0.603307,0.628670,0.711598,0.517078,0.749702,0.423325,0.567068,0.376201,0.552213,0.384721,0.331345,1.433787,0.871031,1.042553,1.130930,0.000000,1.206362,0.648437,0.857686,0.745447,0.650545,0.979301,0.582259,0.847175,0.939321,0.214820,0.225202,0.367823,0.476860,0.239362,0.464375,0.347649,0.476128,0.401475,0.358134,0.835939,0.606226,0.557855,0.396967,-0.247437,-0.110405,0.443181,0.511194,0.545845,0.717048,0.621671,0.458706,0.356578,0.176593,0.660519,0.506324,0.712313,0.404052,0.678323,0.609423,0.507707,0.656874,0.801547,0.740218
0.417099,0.492436,0.517371,0.630970,0.320286,0.504118,0.589949,0.640082,0.194103,0.484817,0.425874,0.438247,0.391936,0.462316,0.497012,0.372958,0.115476,0.171664,0.638316,0.796309,0.112189,0.475931,0.395869,0.457531,0.267464,0.287378,0.237136,0.202845,0.168779,0.271034,0.401546,0.452607,0.444568,0.570386,0.298314,0.592478,0.182286,0.393211,0.088400,0.331756,0.049716,0.332795,1.045960,0.840368,0.686315,1.142225,1.206362,0.000000,0.475397,0.684981,0.531196,0.506902,0.770851,0.756926,0.610743,0.837961,0.117610,0.217636,0.287226,0.391662,0.114471,0.330682,0.090886,0.316409,0.310024,0.229710,0.736505,0.699905,0.404971,0.536958,-0.293678,-0.092916,0.302973,0.361454,0.350417,0.680252,0.810758,0.602097,0.316442,-0.083284,0.313412,0.123440,0.394495,0.096098,0.341544,0.235062,0.343372,0.412244,0.552015,0.518503
0.369586,0.477252,0.263585,0.232461,0.098529,0.201076,0.355536,0.334848,-0.034272,0.133589,0.271335,0.376638,0.288849,0.467395,0.333291,0.388940,0.434235,0.609046,0.276253,0.221729,0.225865,0.460435,0.155272,0.153840,-0.070890,0.008822,0.230926,0.035333,0.249734,0.336770,0.196947,0.296834,0.698266,0.642438,0.322665,0.259309,0.072269,0.112880,0.240299,0.230622,0.208861,0.144992,0.567836,0.246683,1.267453,0.742119,0.648437,0.475397,0.000000,1.254458,0.898634,1.022099,0.848174,0.294519,0.746368,0.778387,0.439395,0.418856,0.785836,0.883699,0.586200,0.569322,0.472422,0.563167,0.290191,0.361083,0.692570,0.568290,0.320690,0.137950,0.066998,0.073335,0.192725,0.283498,0.306964,0.371995,0.105371,0.114663,0.408673,0.337486,0.670423,0.515187,0.532029,0.397657,0.642874,0.600308,0.351818,0.379389,0.566718,0.603866
