0.000000,1.416281,0.773858,0.671378,0.705676,0.666688,0.754648,0.690517,0.780350,0.458608,0.664745,0.836228,0.866620,0.760258,0.869527,0.752557,0.883052,0.969428,0.871290,1.173053,0.658493,0.435504,0.569557,0.482076,0.427310,0.518914,0.525688,0.578195,0.489673,0.542034,0.445940,0.456602,0.928925,0.906697,0.605623,0.454599,0.260993,0.181105,0.396600,0.441147,-0.189919,-0.469036,0.593280,0.487417,0.639895,0.776665,0.841480,0.848223,0.894446,0.893744,1.118262,0.987471,0.933925,1.369941,0.927780,0.960792,1.184717,1.213346,1.204373,1.123019,0.760116,0.777536,0.645852,0.886349,0.347724,0.442457,1.004890,0.993775,1.161340,1.037250,0.381659,0.275115,0.228090,0.178618,0.678024,0.560580,0.577703,0.545789,0.683584,0.560564,1.052860,0.960599,0.637179,0.928951,1.047562,0.909934,0.869396,0.895140,1.082651,1.088829
1.416281,0.000000,0.480438,0.440203,0.617453,0.613725,0.438040,0.473188,0.607918,0.338949,0.474861,0.703562,0.568545,0.528632,0.542841,0.551093,1.301933,1.344181,0.595637,1.033523,0.632798,0.462275,0.318902,0.288939,0.259029,0.433103,0.509345,0.593501,0.428640,0.501242,0.368944,0.356154,0.950754,0.947538,0.434404,0.365159,0.186999,0.225266,0.375082,0.544416,-0.296545,-0.523738,0.541493,0.482109,0.631516,0.923606,0.897278,0.896375,1.032103,1.076046,1.191409,1.191638,1.184650,1.448265,1.169280,1.250129,1.620017,1.974554,1.227041,1.282416,0.457057,0.538396,0.690461,1.027302,0.089903,0.180110,1.081721,1.151678,1.456492,1.351364,0.273092,0.201536,0.105609,0.060569,0.548813,0.462406,0.356930,0.363435,0.792324,0.550229,1.350275,1.197234,0.489180,0.999126,1.009467,0.928349,0.823088,1.017623,1.003782,1.141984
0.773858,0.480438,0.000000,1.441533,0.598297,0.546662,1.509412,1.197549,0.694957,0.588635,0.695150,0.696299,0.952176,0.910037,0.897370,0.665550,0.292453,0.403598,1.008382,0.830149,0.360399,0.314562,1.170575,1.104431,0.649113,0.682413,0.370082,0.443394,0.547114,0.529494,0.821000,0.824602,0.726683,0.725855,0.659914,0.425999,0.138818,0.024270,0.321176,0.308507,0.083508,-0.166817,0.511226,0.383284,0.520055,0.443728,0.555179,0.482108,0.504438,0.461912,0.553429,0.480407,0.398624,0.615754,0.409456,0.350119,0.391223,0.416153,0.584882,0.573484,0.782774,0.789632,0.348927,0.436080,0.760438,0.705715,0.608413,0.532979,0.489515,0.440011,0.676067,0.621445,0.569690,0.547539,0.600292,0.494032,0.628532,0.641010,0.373495,0.440721,0.431699,0.373389,0.658312,0.462678,0.669305,0.493950,0.603073,0.538076,0.723384,0.583282
0.671378,0.440203,1.441533,0.000000,0.632734,0.579184,1.350387,1.475248,0.663355,0.669843,0.722447,0.726789,0.904719,1.024113,0.870031,0.725422,0.336411,0.405248,0.964896,0.854994,0.324273,0.305439,1.270060,1.293126,0.623750,0.669438,0.404455,0.443280,0.633550,0.641074,0.953015,0.943521,0.766203,0.794623,0.645505,0.451751,0.103257,-0.030014,0.272660,0.312847,0.041285,-0.061225,0.590338,0.454945,0.566951,0.512361,0.604104,0.520252,0.492796,0.482335,0.508217,0.450442,0.381481,0.545571,0.383935,0.301294,0.345583,0.357340,0.510611,0.550245,0.678270,0.880023,0.451210,0.518775,0.620583,0.773953,0.564838,0.539859,0.401079,0.344042,0.890234,0.669900,0.597962,0.555415,0.645312,0.472733,0.711311,0.723064,0.526407,0.465519,0.447813,0.349541,0.666074,0.479466,0.603329,0.500767,0.533182,0.483345,0.656985,0.552371
0.705676,0.617453,0.598297,0.632734,0.000000,1.270769,0.620306,0.723332,1.103661,0.945089,0.462549,0.501585,0.654175,0.751279,0.813210,0.767133,0.609795,0.630855,0.626058,0.856316,0.628854,0.487982,0.602776,0.561812,0.666320,0.677727,1.208507,1.018648,0.391664,0.476232,0.494121,0.469302,0.696051,0.709871,0.445090,0.315404,0.100996,0.111157,0.362666,0.390725,-0.191347,-0.070850,0.796019,0.717944,0.783190,0.728996,0.803205,0.764019,0.739586,0.629778,0.625748,0.572454,0.492411,0.619180,0.556868,0.575398,0.603642,0.560491,0.808180,0.732685,0.466125,0.626569,0.619739,0.707105,0.340784,0.484487,0.831553,0.805431,0.714289,0.592140,0.520915,0.347079,0.375950,0.343590,0.681035,0.546832,0.660092,0.660262,0.560318,0.530681,0.624802,0.577052,0.471147,0.606754,0.715440,0.700033,0.886048,0.835996,0.857128,0.759464
0.666688,0.613725,0.546662,0.579184,1.270769,0.000000,0.549888,0.725485,0.786577,0.888887,0.416301,0.483821,0.617105,0.650180,0.712016,0.814224,0.573465,0.630265,0.548504,0.843373,0.710930,0.591276,0.506635,0.455750,0.476496,0.576437,1.192692,1.130880,0.283508,0.434248,0.495909,0.446429,0.739781,0.766671,0.419970,0.367555,0.101099,0.206128,0.457716,0.534180,-0.071707,-0.023828,0.590131,0.560467,0.648555,0.734286,0.600906,0.561508,0.583678,0.482616,0.523199,0.483900,0.426504,0.605498,0.469061,0.529153,0.628247,0.565931,0.824315,0.773499,0.568720,0.747534,0.689694,0.734431,0.422839,0.588413,0.884567,0.924542,0.766623,0.655733,0.552802,0.341959,0.439301,0.404242,0.697849,0.557137,0.658511,0.667104,0.426442,0.435243,0.621547,0.613284,0.448424,0.694194,0.807806,0.844225,1.020382,0.954554,0.953114,0.850769
0.754648,0.438040,1.509412,1.350387,0.620306,0.549888,0.000000,1.471782,0.794985,0.727332,0.846425,0.826026,1.170839,1.136266,1.037821,0.775325,0.282379,0.387019,1.047725,0.877535,0.337729,0.267775,1.116542,1.046621,0.717973,0.675400,0.404020,0.420669,0.619529,0.608181,0.735310,0.730250,0.729388,0.744753,0.673916,0.572712,0.203200,0.001096,0.288606,0.286695,0.071489,-0.103437,0.622454,0.498565,0.587263,0.510175,0.564400,0.514076,0.496580,0.467345,0.539508,0.443112,0.317979,0.562194,0.385885,0.309008,0.328171,0.351514,0.561158,0.532896,0.962113,0.994135,0.508209,0.533260,0.702640,0.799353,0.580275,0.533606,0.396731,0.353298,0.725263,0.565220,0.680451,0.606702,0.720781,0.572966,0.807450,0.826432,0.445449,0.446094,0.418363,0.329470,0.717592,0.517991,0.625209,0.470999,0.549312,0.449942,0.720319,0.553862
0.690517,0.473188,1.197549,1.475248,0.723332,0.725485,1.471782,0.000000,0.748675,0.823363,0.940105,0.996639,1.199093,1.363439,0.933150,0.866533,0.372510,0.494638,0.983917,0.954862,0.397069,0.345645,1.065138,1.057379,0.625631,0.663213,0.506133,0.552842,0.682569,0.748795,0.938628,0.893040,0.810446,0.911775,0.568588,0.489478,0.139503,-0.022367,0.329815,0.357575,0.066807,-0.025927,0.722901,0.560559,0.622457,0.606770,0.588145,0.537201,0.522033,0.460059,0.523713,0.425573,0.319116,0.553414,0.383461,0.312243,0.358726,0.366598,0.561443,0.574794,0.859097,1.052857,0.608887,0.664811,0.555446,0.789437,0.604441,0.602827,0.436278,0.374977,0.942039,0.667991,0.737032,0.694356,0.744110,0.586203,0.823598,0.889861,0.538663,0.500401,0.501896,0.390997,0.683689,0.566449,0.624338,0.515980,0.600212,0.474951,0.730907,0.552729
0.780350,0.607918,0.694957,0.663355,1.103661,0.786577,0.794985,0.748675,0.000000,0.913028,0.604591,0.619879,0.876200,0.971351,1.126048,0.812786,0.513688,0.646589,0.687097,0.894041,0.507930,0.261378,0.640698,0.609154,0.652779,0.617842,0.685440,0.589882,0.476798,0.557999,0.426468,0.472259,0.646221,0.706976,0.535751,0.460503,0.215807,0.090343,0.302889,0.332991,-0.275206,-0.187491,0.837436,0.766584,0.801346,0.632842,0.905918,0.907012,0.751748,0.608045,0.738660,0.613537,0.542947,0.700022,0.634254,0.606455,0.559946,0.553109,0.699552,0.661099,0.633949,0.730174,0.553483,0.673473,0.532743,0.543205,0.780728,0.752823,0.652179,0.591411,0.423903,0.225028,0.331616,0.265626,0.672952,0.599858,0.680555,0.768837,0.581327,0.551452,0.639848,0.592567,0.567701,0.640271,0.790486,0.690505,0.734487,0.753873,0.838175,0.723009
0.458608,0.338949,0.588635,0.669843,0.945089,0.888887,0.727332,0.823363,0.913028,0.000000,0.429933,0.471683,0.538122,0.676991,0.685902,0.608803,0.343447,0.400516,0.462040,0.648750,0.491046,0.353142,0.484606,0.471994,0.441879,0.325257,0.876293,0.742490,0.300442,0.444226,0.378824,0.321949,0.455264,0.519930,0.458823,0.420881,0.065337,0.080469,0.292645,0.376810,-0.149336,0.218729,0.620089,0.577784,0.670894,0.559326,0.597295,0.583359,0.504711,0.395048,0.415556,0.283642,0.261317,0.383344,0.306018,0.299781,0.298356,0.266095,0.561771,0.508750,0.584876,0.673568,0.467602,0.469052,0.511040,0.536262,0.598163,0.565156,0.401109,0.322548,0.502034,0.273788,0.398045,0.356214,0.516209,0.323680,0.656823,0.723226,0.437940,0.378895,0.339957,0.266692,0.369847,0.440205,0.458569,0.420111,0.561509,0.452183,0.601452,0.485659
0.664745,0.474861,0.695150,0.722447,0.462549,0.416301,0.846425,0.940105,0.604591,0.429933,0.000000,1.241308,1.241584,1.178099,0.759026,0.599732,0.420207,0.546444,0.943230,0.835638,0.225125,0.149033,0.707088,0.665006,0.438296,0.449265,0.263322,0.297080,1.005015,0.817308,0.729932,0.760594,0.687535,0.720037,0.211750,0.260843,0.041774,-0.146033,0.096107,0.122531,0.024586,-0.102076,0.593720,0.515335,0.407042,0.433252,0.441957,0.435044,0.446982,0.374520,0.470203,0.445178,0.308577,0.442279,0.327805,0.282937,0.290155,0.339982,0.411147,0.353803,0.696252,0.640782,0.679316,0.708037,0.260282,0.455815,0.354687,0.351094,0.357978,0.288472,0.776613,0.663135,0.613068,0.525866,0.827013,0.723868,0.650239,0.613146,0.535844,0.549295,0.559696,0.458661,0.585638,0.420806,0.509416,0.453437,0.362986,0.303637,0.581154,0.397838
0.836228,0.703562,0.696299,0.726789,0.501585,0.483821,0.826026,0.996639,0.619879,0.471683,1.241308,0.000000,1.111438,1.115673,0.704421,0.602248,0.592680,0.774983,0.903024,0.984229,0.354035,0.235283,0.566814,0.507586,0.310626,0.386882,0.271981,0.349074,0.836621,0.876768,0.660825,0.634888,0.790893,0.873719,0.365274,0.361287,0.171880,-0.041792,0.228586,0.282588,0.004415,-0.161574,0.589834,0.485952,0.466141,0.619842,0.546614,0.543146,0.562638,0.521814,0.610190,0.545139,0.438441,0.617162,0.515844,0.442309,0.486960,0.571920,0.618186,0.611757,0.782475,0.786234,0.749775,0.905806,0.258026,0.407953,0.531322,0.553990,0.557054,0.489251,0.616219,0.505645,0.497109,0.448431,0.722741,0.619630,0.629925,0.651231,0.629658,0.627522,0.752697,0.599449,0.577389,0.607338,0.635010,0.513895,0.487542,0.394731,0.731573,0.528915
0.866620,0.568545,0.952176,0.904719,0.654175,0.617105,1.170839,1.199093,0.876200,0.538122,1.241584,1.111438,0.000000,1.521675,1.258197,0.973004,0.418703,0.597293,1.089913,1.015071,0.324687,0.200564,0.901086,0.842029,0.564092,0.640532,0.363641,0.359406,0.819982,0.770370,0.683172,0.732501,0.746263,0.808048,0.435301,0.403861,0.229242,0.000159,0.254024,0.269897,0.065597,-0.239194,0.814549,0.653654,0.612801,0.564746,0.642213,0.635161,0.565836,0.472390,0.644016,0.554200,0.398436,0.657679,0.495018,0.430378,0.462924,0.485126,0.613058,0.544308,0.980798,0.977670,0.655367,0.757380,0.525741,0.714488,0.640054,0.602109,0.518471,0.450364,0.671767,0.531072,0.636604,0.553190,0.840214,0.818022,0.759098,0.765130,0.555645,0.633043,0.654541,0.574177,0.785219,0.611341,0.815611,0.666904,0.670057,0.565730,0.838795,0.651651
0.760258,0.528632,0.910037,1.024113,0.751279,0.650180,1.136266,1.363439,0.971351,0.676991,1.178099,1.115673,1.521675,0.000000,1.073799,0.995417,0.487669,0.648830,1.027654,1.042727,0.360489,0.205768,0.989854,0.944545,0.624270,0.686551,0.444667,0.429955,0.922387,0.953705,0.863439,0.892384,0.825041,0.937774,0.435504,0.395711,0.139050,-0.073839,0.242517,0.264433,-0.028615,-0.155992,0.816849,0.671182,0.608414,0.585862,0.682464,0.653309,0.588375,0.493270,0.600177,0.531133,0.400700,0.589537,0.471387,0.408319,0.429711,0.438903,0.546461,0.503082,0.748405,0.878845,0.695456,0.823084,0.409189,0.604144,0.592689,0.589092,0.470724,0.415774,0.800487,0.593099,0.645498,0.569421,0.848454,0.743901,0.757640,0.771739,0.675298,0.671929,0.664311,0.568617,0.680993,0.627040,0.696677,0.602117,0.572855,0.508777,0.756310,0.563930
0.869527,0.542841,0.897370,0.870031,0.813210,0.712016,1.037821,0.933150,1.126048,0.685902,0.759026,0.704421,1.258197,1.073799,0.000000,1.227108,0.376768,0.535980,1.040985,0.985065,0.450536,0.197427,0.974841,0.811578,0.714972,0.701886,0.523005,0.470111,0.656910,0.681739,0.600644,0.641848,0.709566,0.754161,0.642767,0.464849,0.307167,0.103441,0.386582,0.340766,0.069311,-0.208626,0.814437,0.653699,0.656169,0.501338,0.729590,0.735275,0.557676,0.465111,0.599221,0.522298,0.417395,0.699011,0.552277,0.505178,0.462082,0.463836,0.636756,0.591760,0.894456,0.980196,0.613228,0.616094,0.689040,0.689697,0.698540,0.627776,0.539801,0.496559,0.588234,0.403018,0.552825,0.488609,0.735331,0.758647,0.929017,0.891890,0.499716,0.664876,0.614084,0.573543,0.987869,0.703657,0.845398,0.708630,0.829005,0.695386,0.880734,0.724783
0.752557,0.551093,0.665550,0.725422,0.767133,0.814224,0.775325,0.866533,0.812786,0.608803,0.599732,0.602248,0.973004,0.995417,1.227108,0.000000,0.454387,0.659209,0.803042,0.940850,0.485603,0.296682,0.780379,0.778393,0.536435,0.656362,0.551084,0.568644,0.639752,0.857629,0.713655,0.730308,0.712116,0.883076,0.589317,0.458499,0.229127,0.145845,0.474957,0.496016,0.111790,-0.198847,0.757650,0.571404,0.522173,0.481468,0.678364,0.674562,0.467158,0.355209,0.496427,0.443847,0.403144,0.696783,0.529300,0.507678,0.515369,0.474245,0.607020,0.564305,0.708443,0.829340,0.700922,0.723307,0.456187,0.566085,0.715616,0.702958,0.531984,0.482496,0.538359,0.381758,0.538480,0.499291,0.496035,0.646651,0.671025,0.666375,0.499368,0.765318,0.696858,0.729803,0.859587,0.956672,0.846191,0.809408,0.836398,0.759668,0.815305,0.751277
0.883052,1.301933,0.292453,0.336411,0.609795,0.573465,0.282379,0.372510,0.513688,0.343447,0.420207,0.592680,0.418703,0.487669,0.376768,0.454387,0.000000,1.435662,0.434833,0.882470,0.491070,0.425979,0.225646,0.203026,0.177743,0.373146,0.505780,0.572507,0.551359,0.571097,0.396055,0.383485,0.875021,0.902803,0.276562,0.254693,0.000516,0.045660,0.184750,0.377778,-0.332481,-0.316433,0.491898,0.500508,0.571687,0.826810,0.790938,0.795474,0.888183,0.851103,0.811775,0.925053,0.896310,0.941448,0.861991,0.947952,1.306900,1.293119,0.852273,0.879458,0.254788,0.394921,0.809399,1.141777,-0.080754,0.062338,0.841839,0.910133,1.042134,0.931811,0.306605,0.241236,0.118438,0.099911,0.491340,0.407262,0.268229,0.249430,1.063465,0.600505,1.330662,1.065051,0.354444,0.882275,0.730713,0.779915,0.560076,0.783840,0.685965,0.845322
0.969428,1.344181,0.403598,0.405248,0.630855,0.630265,0.387019,0.494638,0.646589,0.400516,0.546444,0.774983,0.597293,0.648830,0.535980,0.659209,1.435662,0.000000,0.577741,1.034343,0.509012,0.366270,0.324542,0.322206,0.199175,0.397989,0.463167,0.571900,0.636356,0.837360,0.532682,0.540715,0.958054,1.109155,0.352519,0.292316,0.031557,0.121822,0.205491,0.479992,-0.231970,-0.405769,0.624706,0.593845,0.600284,0.807279,0.856195,0.895237,0.859552,0.742844,0.841770,0.879799,0.827686,1.000228,0.892851,0.967686,1.179725,1.250168,0.894465,0.912633,0.408648,0.540965,0.854321,1.196058,0.099969,0.170153,0.930609,0.977423,1.081342,0.978483,0.354802,0.271061,0.205897,0.183357,0.509773,0.520494,0.325801,0.339184,0.885369,0.935973,1.426510,1.340957,0.415620,1.002906,0.937515,0.910675,0.647220,0.874372,0.811011,0.910892
0.871290,0.595637,1.008382,0.964896,0.626058,0.548504,1.047725,0.983917,0.687097,0.462040,0.943230,0.903024,1.089913,1.027654,1.040985,0.803042,0.434833,0.577741,0.000000,1.247180,0.492035,0.316066,0.988247,0.813487,0.438023,0.490930,0.349715,0.384743,0.784467,0.771973,0.754451,0.794214,0.996413,0.932478,0.486433,0.323878,0.278616,0.064971,0.417947,0.349917,0.240757,-0.134301,0.633199,0.479099,0.514891,0.448458,0.570939,0.508751,0.502439,0.434885,0.484877,0.443580,0.350660,0.575816,0.467892,0.401229,0.385096,0.437330,0.532279,0.516364,0.717520,0.773495,0.659181,0.651110,0.475105,0.598922,0.581015,0.495515,0.540094,0.465926,0.817029,0.739433,0.812707,0.713711,0.825647,0.820017,0.883128,0.827682,0.522997,0.675997,0.649113,0.566478,0.775626,0.560680,0.697428,0.563085,0.635787,0.491492,0.866866,0.602885
1.173053,1.033523,0.830149,0.854994,0.856316,0.843373,0.877535,0.954862,0.894041,0.648750,0.835638,0.984229,1.015071,1.042727,0.985065,0.940850,0.882470,1.034343,1.247180,0.000000,0.678694,0.513312,0.727304,0.659308,0.372231,0.495083,0.631584,0.658828,0.783311,0.872616,0.743141,0.715790,1.343359,1.419997,0.535755,0.419711,0.270993,0.163377,0.496835,0.569170,0.009102,-0.172182,0.818603,0.687249,0.752487,0.815433,0.881135,0.857873,0.801519,0.674709,0.753658,0.702482,0.634806,0.890895,0.773437,0.740669,0.804482,0.830308,0.866437,0.861664,0.705454,0.879629,0.994103,1.123100,0.378030,0.530388,1.032013,0.972518,1.015346,0.842471,0.698748,0.545891,0.551634,0.524458,0.786961,0.803145,0.808087,0.792579,0.807567,0.834161,1.159331,0.993911,0.714822,0.990273,1.040590,0.945966,0.911170,0.853888,1.140482,0.993230
0.658493,0.632798,0.360399,0.324273,0.628854,0.710930,0.337729,0.397069,0.507930,0.491046,0.225125,0.354035,0.324687,0.360489,0.450536,0.485603,0.491070,0.509012,0.492035,0.678694,0.000000,0.755079,0.189765,0.112417,0.100475,0.228624,0.678870,0.676187,0.157050,0.327596,0.218691,0.183279,0.477875,0.544033,0.257517,0.062999,0.166488,0.355682,0.512007,0.385367,-0.059657,-0.013194,0.244303,0.191473,0.259319,0.384759,0.391897,0.382211,0.415812,0.395852,0.387701,0.346590,0.436488,0.567702,0.424538,0.454827,0.580223,0.559115,0.670970,0.610144,0.406121,0.364846,0.488906,0.435235,0.194534,0.206492,0.588172,0.602409,0.728362,0.667065,0.246233,0.158589,0.275770,0.198623,0.390838,0.197297,0.450668,0.463731,0.259642,0.399970,0.578025,0.614438,0.386455,0.646277,0.511060,0.577142,0.610736,0.553945,0.689497,0.667064
0.435504,0.462275,0.314562,0.305439,0.487982,0.591276,0.267775,0.345645,0.261378,0.353142,0.149033,0.235283,0.200564,0.205768,0.197427,0.296682,0.425979,0.366270,0.316066,0.513312,0.755079,0.000000,0.133010,0.143272,0.113283,0.259802,0.604333,0.732145,0.137085,0.190544,0.226753,0.172944,0.398226,0.415065,0.084180,-0.039238,-0.012471,0.367568,0.374113,0.417574,-0.056669,0.128643,0.123969,0.053789,0.188664,0.309988,0.228576,0.222018,0.296986,0.287563,0.230546,0.206593,0.293052,0.339915,0.276802,0.291179,0.457370,0.393434,0.424362,0.385783,0.248747,0.233322,0.394599,0.352197,0.069823,0.157785,0.406152,0.434208,0.553069,0.508007,0.279978,0.338984,0.253031,0.230519,0.283388,0.038410,0.226882,0.236677,0.186143,0.263103,0.488577,0.409866,0.179281,0.455335,0.385058,0.440262,0.443597,0.445500,0.501167,0.514993
0.569557,0.318902,1.170575,1.270060,0.602776,0.506635,1.116542,1.065138,0.640698,0.484606,0.707088,0.566814,0.901086,0.989854,0.974841,0.780379,0.225646,0.324542,0.988247,0.727304,0.189765,0.133010,0.000000,1.645678,0.870653,0.846051,0.378851,0.373148,0.660096,0.578734,0.993605,0.970787,0.678173,0.651234,0.622333,0.361646,0.106994,-0.072349,0.272865,0.198822,0.143401,-0.116010,0.583502,0.442466,0.474957,0.338714,0.452208,0.399291,0.351119,0.350135,0.397364,0.369827,0.284288,0.455257,0.273260,0.221535,0.228334,0.250303,0.373067,0.373145,0.514032,0.703291,0.387528,0.415350,0.621621,0.681398,0.420900,0.358910,0.286450,0.239311,0.831045,0.682173,0.644912,0.624510,0.620765,0.613196,0.744726,0.668974,0.418694,0.473021,0.388641,0.327035,0.733099,0.415334,0.556322,0.432157,0.540822,0.435622,0.564161,0.421356
0.482076,0.288939,1.104431,1.293126,0.561812,0.455750,1.046621,1.057379,0.609154,0.471994,0.665006,0.507586,0.842029,0.944545,0.811578,0.778393,0.203026,0.322206,0.813487,0.659308,0.112417,0.143272,1.645678,0.000000,0.760603,0.772766,0.324781,0.337385,0.651517,0.630148,1.065327,1.126738,0.607524,0.638818,0.570844,0.370994,0.007405,-0.107939,0.180655,0.193062,0.065967,-0.147692,0.567874,0.418028,0.423654,0.315217,0.447484,0.383802,0.311740,0.295728,0.387863,0.348816,0.297193,0.425924,0.241345,0.164282,0.210761,0.230176,0.308108,0.305750,0.425521,0.605116,0.357140,0.393949,0.557899,0.676701,0.376374,0.344835,0.241652,0.188818,0.801862,0.664628,0.564913,0.571940,0.477634,0.488119,0.528243,0.523166,0.397106,0.483243,0.387451,0.340737,0.600043,0.402466,0.570784,0.446872,0.443869,0.420409,0.488333,0.391856
0.427310,0.259029,0.649113,0.623750,0.666320,0.476496,0.717973,0.625631,0.652779,0.441879,0.438296,0.310626,0.564092,0.624270,0.714972,0.536435,0.177743,0.199175,0.438023,0.372231,0.100475,0.113283,0.870653,0.760603,0.000000,1.304298,0.547722,0.515878,0.382337,0.283932,0.534460,0.494376,0.383922,0.361814,0.461511,0.414785,0.127281,-0.045457,0.156448,0.129501,-0.098370,-0.175618,0.515963,0.462144,0.494763,0.398434,0.460493,0.435394,0.453855,0.526350,0.502217,0.503373,0.346381,0.407606,0.319515,0.313122,0.212727,0.212751,0.417426,0.386142,0.386436,0.477442,0.245697,0.298750,0.340702,0.412127,0.350453,0.358919,0.189735,0.193493,0.409762,0.372829,0.309900,0.279634,0.601294,0.385962,0.586687,0.566782,0.316249,0.189012,0.235805,0.188712,0.506785,0.302402,0.372088,0.304946,0.428569,0.377001,0.459980,0.370426
0.518914,0.433103,0.682413,0.669438,0.677727,0.576437,0.675400,0.663213,0.617842,0.325257,0.449265,0.386882,0.640532,0.686551,0.701886,0.656362,0.373146,0.397989,0.490930,0.495083,0.228624,0.259802,0.846051,0.772766,1.304298,0.000000,0.528384,0.602200,0.461081,0.383648,0.647523,0.620360,0.523823,0.522976,0.435289,0.337141,0.109562,0.009972,0.218881,0.229075,-0.086479,-0.352987,0.500717,0.419855,0.453452,0.461396,0.506362,0.474498,0.542325,0.597162,0.558944,0.623614,0.465240,0.578416,0.427705,0.443528,0.422805,0.416687,0.555308,0.514317,0.370172,0.476119,0.344114,0.465875,0.246727,0.342317,0.484484,0.512096,0.373150,0.386752,0.459102,0.461854,0.378630,0.316149,0.638661,0.431731,0.463714,0.458187,0.384109,0.293752,0.422564,0.387475,0.566815,0.488702,0.515430,0.474349,0.572039,0.587234,0.566812,0.557358
0.525688,0.509345,0.370082,0.404455,1.208507,1.192692,0.404020,0.506133,0.685440,0.876293,0.263322,0.271981,0.363641,0.444667,0.523005,0.551084,0.505780,0.463167,0.349715,0.631584,0.678870,0.604333,0.378851,0.324781,0.547722,0.528384,0.000000,1.379446,0.207936,0.250648,0.363014,0.290406,0.532660,0.539206,0.335231,0.260540,0.007619,0.190620,0.308987,0.344453,-0.237956,0.010605,0.580629,0.555941,0.662568,0.677907,0.585616,0.543349,0.591556,0.523476,0.486781,0.452962,0.385903,0.473002,0.388367,0.444056,0.500752,0.446768,0.668794,0.619236,0.312679,0.449750,0.521863,0.552996,0.258992,0.354598,0.708000,0.712216,0.600267,0.477517,0.404327,0.257206,0.283630,0.245700,0.574254,0.397105,0.525275,0.479932,0.414411,0.269331,0.485899,0.437631,0.319914,0.507797,0.502517,0.558383,0.764854,0.656641,0.609129,0.596332
0.578195,0.593501,0.443394,0.443280,1.018648,1.130880,0.420669,0.552842,0.589882,0.742490,0.297080,0.349074,0.359406,0.429955,0.470111,0.568644,0.572507,0.571900,0.384743,0.658828,0.676187,0.732145,0.373148,0.337385,0.515878,0.602200,1.379446,0.000000,0.231462,0.354115,0.476266,0.388267,0.597800,0.619870,0.305555,0.258729,-0.042891,0.166298,0.315932,0.449277,-0.199587,-0.006771,0.440782,0.421715,0.520348,0.606941,0.463278,0.434096,0.544297,0.484522,0.453288,0.441532,0.410181,0.509329,0.393810,0.463569,0.557485,0.498384,0.674746,0.661884,0.346625,0.473922,0.541866,0.572452,0.199000,0.287899,0.646893,0.694577,0.628166,0.511751,0.459730,0.392538,0.316494,0.303857,0.542480,0.300250,0.454466,0.453462,0.358091,0.306403,0.524546,0.481163,0.326294,0.608761,0.517845,0.548876,0.724943,0.706536,0.638612,0.627429
0.489673,0.428640,0.547114,0.633550,0.391664,0.283508,0.619529,0.682569,0.476798,0.300442,1.005015,0.836621,0.819982,0.922387,0.656910,0.639752,0.551359,0.636356,0.784467,0.783311,0.157050,0.137085,0.660096,0.651517,0.382337,0.461081,0.207936,0.231462,0.000000,1.189893,0.856348,0.880782,0.694558,0.763127,0.166044,0.211589,-0.011962,-0.197999,0.043864,0.093386,0.095122,-0.127049,0.581091,0.504873,0.366543,0.370572,0.506830,0.507731,0.386205,0.323665,0.326383,0.339302,0.280294,0.368806,0.375056,0.290155,0.294435,0.326072,0.252683,0.227183,0.377148,0.410993,0.699365,0.693180,0.101720,0.233707,0.319932,0.317044,0.296144,0.267333,0.665979,0.638425,0.564892,0.530197,0.548705,0.646302,0.463077,0.434708,0.726472,0.854485,0.696112,0.549411,0.655444,0.541941,0.435712,0.393709,0.259024,0.279718,0.423226,0.329828
0.542034,0.501242,0.529494,0.641074,0.476232,0.434248,0.608181,0.748795,0.557999,0.444226,0.817308,0.876768,0.770370,0.953705,0.681739,0.857629,0.571097,0.837360,0.771973,0.872616,0.327596,0.190544,0.578734,0.630148,0.283932,0.383648,0.250648,0.354115,1.189893,0.000000,0.979154,1.004630,0.817357,0.974511,0.329770,0.314739,0.033202,-0.115628,0.103173,0.243273,0.054308,-0.111083,0.533658,0.467347,0.326556,0.406974,0.488924,0.509698,0.380381,0.284283,0.334955,0.318385,0.324417,0.426549,0.424537,0.359403,0.373561,0.392068,0.325124,0.323872,0.470128,0.543197,0.792016,0.732983,0.220445,0.329128,0.402482,0.424029,0.362859,0.307057,0.674796,0.586834,0.529610,0.525826,0.491098,0.555041,0.461443,0.528670,0.633604,1.139381,0.771139,0.740272,0.551910,0.741350,0.562294,0.507746,0.342451,0.380895,0.562470,0.431188
0.445940,0.368944,0.821000,0.953015,0.494121,0.495909,0.735310,0.938628,0.426468,0.378824,0.729932,0.660825,0.683172,0.863439,0.600644,0.713655,0.396055,0.532682,0.754451,0.743141,0.218691,0.226753,0.993605,1.065327,0.534460,0.647523,0.363014,0.476266,0.856348,0.979154,0.000000,1.802418,0.866221,0.968674,0.439281,0.362584,-0.067857,-0.183179,0.155675,0.254759,0.165031,-0.069844,0.497744,0.402287,0.333785,0.375340,0.391829,0.340986,0.301436,0.263539,0.289412,0.313576,0.254704,0.371857,0.258896,0.220956,0.257627,0.282727,0.274625,0.317129,0.356056,0.527412,0.526638,0.538831,0.332290,0.475187,0.371163,0.376796,0.296622,0.206583,1.059830,0.926420,0.661821,0.710197,0.516867,0.574202,0.497685,0.493978,0.456770,0.641598,0.513709,0.479310,0.524598,0.546226,0.463731,0.425362,0.366294,0.356771,0.445995,0.349365
0.456602,0.356154,0.824602,0.943521,0.469302,0.446429,0.730250,0.893040,0.472259,0.321949,0.760594,0.634888,0.732501,0.892384,0.641848,0.730308,0.383485,0.540715,0.794214,0.715790,0.183279,0.172944,0.970787,1.126738,0.494376,0.620360,0.290406,0.388267,0.880782,1.004630,1.802418,0.000000,0.796629,0.898146,0.408913,0.314961,-0.113653,-0.230843,0.057011,0.167755,0.096363,-0.163062,0.481327,0.395006,0.300376,0.321831,0.391291,0.329472,0.295032,0.226122,0.286121,0.314064,0.257966,0.374882,0.241915,0.201213,0.260211,0.286196,0.240259,0.270966,0.382302,0.500916,0.472883,0.505734,0.368843,0.461930,0.326829,0.338884,0.276089,0.199690,0.969182,0.877848,0.607336,0.648505,0.490705,0.593408,0.424660,0.436934,0.454528,0.677435,0.514929,0.494899,0.496148,0.502170,0.481172,0.424579,0.305142,0.351897,0.406239,0.313863
0.928925,0.950754,0.726683,0.766203,0.696051,0.739781,0.729388,0.810446,0.646221,0.455264,0.687535,0.790893,0.746263,0.825041,0.709566,0.712116,0.875021,0.958054,0.996413,1.343359,0.477875,0.398226,0.678173,0.607524,0.383922,0.523823,0.532660,0.597800,0.694558,0.817357,0.866221,0.796629,0.000000,1.864629,0.614148,0.595453,0.256163,0.057624,0.426437,0.526005,0.038167,-0.235869,0.694131,0.632259,0.767079,0.924240,0.764648,0.712801,0.849472,0.741399,0.706919,0.724789,0.587112,0.779441,0.767089,0.733467,0.736542,0.794677,0.760612,0.837780,0.573045,0.786434,0.959421,1.104947,0.297700,0.497190,0.965554,0.928636,0.848142,0.732192,0.785173,0.628279,0.532374,0.527311,0.802143,0.822443,0.756608,0.750917,0.742795,0.682864,0.945120,0.818749,0.541392,0.821199,0.847314,0.776634,0.704555,0.760003,0.995623,0.823840
0.906697,0.947538,0.725855,0.794623,0.709871,0.766671,0.744753,0.911775,0.706976,0.519930,0.720037,0.873719,0.808048,0.937774,0.754161,0.883076,0.902803,1.109155,0.932478,1.419997,0.544033,0.415065,0.651234,0.638818,0.361814,0.522976,0.539206,0.619870,0.763127,0.974511,0.968674,0.898146,1.864629,0.000000,0.601051,0.585747,0.211780,0.080294,0.435652,0.565208,0.033620,-0.223758,0.757020,0.667456,0.732183,0.902851,0.827773,0.771479,0.820144,0.680162,0.706850,0.701613,0.583295,0.824177,0.782765,0.733733,0.759357,0.804799,0.785810,0.863764,0.612648,0.837262,0.981241,1.161474,0.303061,0.485447,1.012068,1.016424,0.862453,0.749963,0.764467,0.576755,0.547643,0.561923,0.693715,0.772778,0.714914,0.727151,0.801235,0.807673,1.026610,0.917210,0.582068,0.945074,0.888279,0.841268,0.699621,0.780097,0.972053,0.855637
0.605623,0.434404,0.659914,0.645505,0.445090,0.419970,0.673916,0.568588,0.535751,0.458823,0.211750,0.365274,0.435301,0.435504,0.642767,0.589317,0.276562,0.352519,0.486433,0.535755,0.257517,0.084180,0.622333,0.570844,0.461511,0.435289,0.335231,0.305555,0.166044,0.329770,0.439281,0.408913,0.614148,0.601051,0.000000,0.907015,0.414325,0.224677,0.484964,0.438042,0.079508,-0.188875,0.444522,0.345571,0.553191,0.529966,0.516836,0.487998,0.459748,0.457743,0.539034,0.445135,0.388456,0.621981,0.480867,0.443462,0.398303,0.425259,0.582807,0.612822,0.629659,0.691899,0.336214,0.368277,0.707105,0.652736,0.666847,0.609658,0.401815,0.374739,0.272978,0.102504,0.127609,0.147685,0.244909,0.330566,0.526487,0.553623,0.321067,0.300783,0.342524,0.335949,0.508042,0.550860,0.538006,0.447461,0.546121,0.472741,0.594247,0.520802
0.454599,0.365159,0.425999,0.451751,0.315404,0.367555,0.572712,0.489478,0.460503,0.420881,0.260843,0.361287,0.403861,0.395711,0.464849,0.458499,0.254693,0.292316,0.323878,0.419711,0.062999,-0.039238,0.361646,0.370994,0.414785,0.337141,0.260540,0.258729,0.211589,0.314739,0.362584,0.314961,0.595453,0.585747,0.907015,0.000000,0.428370,0.061612,0.332022,0.410193,0.054291,-0.161409,0.472339,0.467454,0.656125,0.676410,0.496820,0.487216,0.533863,0.500565,0.485855,0.416406,0.283823,0.428123,0.465096,0.431834,0.276010,0.333681,0.461488,0.517398,0.507076,0.577783,0.339297,0.412070,0.387391,0.553765,0.593187,0.608562,0.251732,0.261007,0.310054,0.110685,0.140502,0.181665,0.309773,0.434671,0.490531,0.574525,0.290342,0.117978,0.216495,0.180611,0.321723,0.456273,0.364370,0.298315,0.313809,0.329471,0.428900,0.383989
0.260993,0.186999,0.138818,0.103257,0.100996,0.101099,0.203200,0.139503,0.215807,0.065337,0.041774,0.171880,0.229242,0.139050,0.307167,0.229127,0.000516,0.031557,0.278616,0.270993,0.166488,-0.012471,0.106994,0.007405,0.127281,0.109562,0.007619,-0.042891,-0.011962,0.033202,-0.067857,-0.113653,0.256163,0.211780,0.414325,0.428370,0.000000,0.545790,0.793300,0.563494,0.364534,-0.077748,0.257626,0.175380,0.269239,0.250777,0.201868,0.267040,0.259621,0.269279,0.263613,0.196843,0.169253,0.263808,0.400557,0.383139,0.104228,0.153990,0.311388,0.310527,0.320137,0.241286,0.139199,0.145335,0.228067,0.247113,0.384811,0.346122,0.214341,0.256352,-0.008741,-0.083267,0.095962,0.076192,0.171794,0.197443,0.463634,0.503558,0.051952,0.034046,0.147268,0.199761,0.313935,0.272775,0.270883,0.220416,0.376824,0.204901,0.419049,0.315705
0.181105,0.225266,0.024270,-0.030014,0.111157,0.206128,0.001096,-0.022367,0.090343,0.080469,-0.146033,-0.041792,0.000159,-0.073839,0.103441,0.145845,0.045660,0.121822,0.064971,0.163377,0.355682,0.367568,-0.072349,-0.107939,-0.045457,0.009972,0.190620,0.166298,-0.197999,-0.115628,-0.183179,-0.230843,0.057624,0.080294,0.224677,0.061612,0.545790,0.000000,0.620312,0.726750,0.193529,0.040045,0.048110,0.013362,0.147662,0.170027,0.143486,0.205000,0.159709,0.191305,0.250373,0.200409,0.238786,0.268549,0.372395,0.369334,0.218782,0.223703,0.329708,0.313176,0.181895,0.118771,0.083764,0.063260,0.196384,0.139099,0.381305,0.369648,0.318488,0.376126,-0.141686,-0.124526,-0.102089,-0.130090,-0.077719,-0.076528,0.154681,0.141622,-0.065506,0.023991,0.192283,0.285073,0.164634,0.276924,0.339155,0.371938,0.405511,0.375566,0.364359,0.424304
0.396600,0.375082,0.321176,0.272660,0.362666,0.457716,0.288606,0.329815,0.302889,0.292645,0.096107,0.228586,0.254024,0.242517,0.386582,0.474957,0.184750,0.205491,0.417947,0.496835,0.512007,0.374113,0.272865,0.180655,0.156448,0.218881,0.308987,0.315932,0.043864,0.103173,0.155675,0.057011,0.426437,0.435652,0.484964,0.332022,0.793300,0.620312,0.000000,0.958263,0.339223,0.029472,0.287871,0.153821,0.310078,0.345958,0.269221,0.275009,0.317543,0.274020,0.286601,0.218504,0.240594,0.396950,0.432561,0.408614,0.307078,0.324725,0.539193,0.507852,0.358830,0.346853,0.317216,0.284642,0.204089,0.256538,0.577314,0.526797,0.487895,0.514669,0.169778,0.070341,0.185190,0.187632,0.157025,0.215309,0.504219,0.493074,0.129709,0.130003,0.318032,0.324968,0.571002,0.525560,0.409614,0.391110,0.702571,0.477734,0.630179,0.525647
0.441147,0.544416,0.308507,0.312847,0.390725,0.534180,0.286695,0.357575,0.332991,0.376810,0.122531,0.282588,0.269897,0.264433,0.340766,0.496016,0.377778,0.479992,0.349917,0.569170,0.385367,0.417574,0.198822,0.193062,0.129501,0.229075,0.344453,0.449277,0.093386,0.243273,0.254759,0.167755,0.526005,0.565208,0.438042,0.410193,0.563494,0.726750,0.958263,0.000000,0.236405,-0.035828,0.344900,0.294772,0.454213,0.535923,0.447301,0.489472,0.470361,0.425562,0.446323,0.412850,0.424600,0.511561,0.646452,0.652660,0.473797,0.488841,0.625967,0.638009,0.409727,0.439007,0.411350,0.439161,0.223578,0.281860,0.740606,0.756888,0.588534,0.627139,0.225023,0.121158,0.131237,0.130543,0.164625,0.181532,0.377556,0.399979,0.259197,0.292791,0.497112,0.531459,0.442962,0.691069,0.567367,0.596476,0.675895,0.692832,0.647529,0.715342
-0.189919,-0.296545,0.083508,0.041285,-0.191347,-0.071707,0.071489,0.066807,-0.275206,-0.149336,0.024586,0.004415,0.065597,-0.028615,0.069311,0.111790,-0.332481,-0.231970,0.240757,0.009102,-0.059657,-0.056669,0.143401,0.065967,-0.098370,-0.086479,-0.237956,-0.199587,0.095122,0.054308,0.165031,0.096363,0.038167,0.033620,0.079508,0.054291,0.364534,0.193529,0.339223,0.236405,0.000000,0.365714,-0.049397,-0.133141,-0.185247,-0.269111,-0.256456,-0.241424,-0.342840,-0.335849,-0.337996,-0.342911,-0.383680,-0.241964,-0.172166,-0.203594,-0.409843,-0.358560,-0.195461,-0.223274,0.094239,0.058645,0.020174,-0.147413,0.198250,0.238834,-0.107188,-0.175460,-0.227819,-0.245591,0.212082,0.274966,0.473712,0.514829,-0.054077,0.171042,0.234749,0.202218,-0.269387,0.083974,-0.158502,-0.115786,0.206234,-0.030526,-0.071618,-0.088565,0.008438,-0.188832,0.007985,-0.103232
-0.469036,-0.523738,-0.166817,-0.061225,-0.070850,-0.023828,-0.103437,-0.025927,-0.187491,0.218729,-0.102076,-0.161574,-0.239194,-0.155992,-0.208626,-0.198847,-0.316433,-0.405769,-0.134301,-0.172182,-0.013194,0.128643,-0.116010,-0.147692,-0.175618,-0.352987,0.010605,-0.006771,-0.127049,-0.111083,-0.069844,-0.163062,-0.235869,-0.223758,-0.188875,-0.161409,-0.077748,0.040045,0.029472,-0.035828,0.365714,0.000000,-0.209094,-0.171094,-0.219677,-0.329074,-0.372989,-0.364056,-0.458110,-0.436672,-0.540154,-0.558911,-0.517070,-0.594518,-0.448430,-0.497524,-0.566161,-0.600626,-0.423445,-0.439893,-0.102780,-0.095321,0.022616,-0.235263,0.022368,0.051705,-0.356079,-0.362254,-0.428894,-0.479776,0.118553,0.116371,0.191929,0.259601,-0.141952,-0.235426,0.112156,0.120605,-0.213232,-0.144582,-0.371834,-0.398037,-0.143262,-0.273809,-0.377243,-0.303362,-0.276772,-0.416152,-0.230499,-0.335967
0.593280,0.541493,0.511226,0.590338,0.796019,0.590131,0.622454,0.722901,0.837436,0.620089,0.593720,0.589834,0.814549,0.816849,0.814437,0.757650,0.491898,0.624706,0.633199,0.818603,0.244303,0.123969,0.583502,0.567874,0.515963,0.500717,0.580629,0.440782,0.581091,0.533658,0.497744,0.481327,0.694131,0.757020,0.444522,0.472339,0.257626,0.048110,0.287871,0.344900,-0.049397,-0.209094,0.000000,1.656867,1.233564,0.844073,1.168394,1.175977,0.874475,0.656326,0.723338,0.628167,0.395986,0.579040,0.627627,0.594200,0.434181,0.457236,0.584038,0.564373,0.439087,0.595452,0.564085,0.744764,0.299082,0.422836,0.804390,0.699834,0.503478,0.417754,0.519504,0.314560,0.419309,0.380881,0.662070,0.824293,0.648590,0.679762,0.684219,0.606833,0.539422,0.482924,0.438196,0.506554,0.546821,0.463653,0.628332,0.522838,0.562130,0.479360
0.487417,0.482109,0.383284,0.454945,0.717944,0.560467,0.498565,0.560559,0.766584,0.577784,0.515335,0.485952,0.653654,0.671182,0.653699,0.571404,0.500508,0.593845,0.479099,0.687249,0.191473,0.053789,0.442466,0.418028,0.462144,0.419855,0.555941,0.421715,0.504873,0.467347,0.402287,0.395006,0.632259,0.667456,0.345571,0.467454,0.175380,0.013362,0.153821,0.294772,-0.133141,-0.171094,1.656867,0.000000,1.317322,0.965881,1.079590,1.128997,0.873270,0.670365,0.675240,0.636192,0.361177,0.478381,0.594986,0.594114,0.400758,0.419285,0.528785,0.522488,0.389284,0.538583,0.572336,0.729673,0.244432,0.379915,0.757952,0.699708,0.425278,0.344521,0.466776,0.234824,0.343847,0.324433,0.647304,0.856683,0.612983,0.655277,0.685477,0.540085,0.479479,0.432903,0.306539,0.405515,0.472760,0.431485,0.511006,0.492592,0.466852,0.434686
0.639895,0.631516,0.520055,0.566951,0.783190,0.648555,0.587263,0.622457,0.801346,0.670894,0.407042,0.466141,0.612801,0.608414,0.656169,0.522173,0.571687,0.600284,0.514891,0.752487,0.259319,0.188664,0.474957,0.423654,0.494763,0.453452,0.662568,0.520348,0.366543,0.326556,0.333785,0.300376,0.767079,0.732183,0.553191,0.656125,0.269239,0.147662,0.310078,0.454213,-0.185247,-0.219677,1.233564,1.317322,0.000000,1.319272,1.212312,1.217315,1.267121,0.933106,0.853463,0.782646,0.501262,0.638521,0.739171,0.741404,0.540627,0.571136,0.757322,0.820585,0.464937,0.657452,0.537014,0.749740,0.315689,0.435944,1.098358,0.944178,0.599563,0.537633,0.398462,0.216306,0.231135,0.231029,0.649005,0.681110,0.649296,0.715324,0.677383,0.353344,0.482666,0.395856,0.345623,0.419354,0.549039,0.488765,0.602673,0.636844,0.623072,0.609156
0.776665,0.923606,0.443728,0.512361,0.728996,0.734286,0.510175,0.606770,0.632842,0.559326,0.433252,0.619842,0.564746,0.585862,0.501338,0.481468,0.826810,0.807279,0.448458,0.815433,0.384759,0.309988,0.338714,0.315217,0.398434,0.461396,0.677907,0.606941,0.370572,0.406974,0.375340,0.321831,0.924240,0.902851,0.529966,0.676410,0.250777,0.170027,0.345958,0.535923,-0.269111,-0.329074,0.844073,0.965881,1.319272,0.000000,1.012188,0.999326,1.390957,1.177195,0.988767,0.991411,0.686147,0.798936,0.879487,0.906717,0.800435,0.851662,1.020260,1.134786,0.496234,0.664560,0.687414,0.989288,0.156122,0.373208,1.276340,1.321197,0.785948,0.721773,0.402035,0.205628,0.169543,0.176609,0.650983,0.598574,0.602727,0.628958,0.781183,0.358604,0.718382,0.609672,0.324365,0.607641,0.703180,0.673110,0.677970,0.749488,0.781549,0.821966
0.841480,0.897278,0.555179,0.604104,0.803205,0.600906,0.564400,0.588145,0.905918,0.597295,0.441957,0.546614,0.642213,0.682464,0.729590,0.678364,0.790938,0.856195,0.570939,0.881135,0.391897,0.228576,0.452208,0.447484,0.460493,0.506362,0.585616,0.463278,0.506830,0.488924,0.391829,0.391291,0.764648,0.827773,0.516836,0.496820,0.201868,0.143486,0.269221,0.447301,-0.256456,-0.372989,1.168394,1.079590,1.212312,1.012188,0.000000,1.956839,1.306386,1.067933,1.120382,1.006764,0.830165,0.972344,1.102063,1.044144,0.825079,0.862092,0.902184,0.955736,0.476905,0.599983,0.527539,0.834033,0.266581,0.314637,1.117819,1.037806,0.831746,0.807547,0.302735,0.163854,0.180284,0.104780,0.577826,0.579611,0.460480,0.500731,0.847462,0.595434,0.766601,0.689509,0.460259,0.657158,0.740544,0.692585,0.677363,0.818381,0.746443,0.808499
0.848223,0.896375,0.482108,0.520252,0.764019,0.561508,0.514076,0.537201,0.907012,0.583359,0.435044,0.543146,0.635161,0.653309,0.735275,0.674562,0.795474,0.895237,0.508751,0.857873,0.382211,0.222018,0.399291,0.383802,0.435394,0.474498,0.543349,0.434096,0.507731,0.509698,0.340986,0.329472,0.712801,0.771479,0.487998,0.487216,0.267040,0.205000,0.275009,0.489472,-0.241424,-0.364056,1.175977,1.128997,1.217315,0.999326,1.956839,0.000000,1.272485,1.052802,1.109937,0.996140,0.820494,0.955009,1.120753,1.131229,0.817420,0.844832,0.872936,0.889975,0.459521,0.564377,0.544394,0.838642,0.233485,0.290649,1.096303,0.996342,0.815888,0.792872,0.278452,0.132913,0.127960,0.077658,0.549617,0.579660,0.474040,0.534527,0.836592,0.648330,0.807562,0.739264,0.449182,0.695374,0.735739,0.695761,0.652287,0.788000,0.718250,0.801420
0.894446,1.032103,0.504438,0.492796,0.739586,0.583678,0.496580,0.522033,0.751748,0.504711,0.446982,0.562638,0.565836,0.588375,0.557676,0.467158,0.888183,0.859552,0.502439,0.801519,0.415812,0.296986,0.351119,0.311740,0.453855,0.542325,0.591556,0.544297,0.386205,0.380381,0.301436,0.295032,0.849472,0.820144,0.459748,0.533863,0.259621,0.159709,0.317543,0.470361,-0.342840,-0.458110,0.874475,0.873270,1.267121,1.390957,1.306386,1.272485,0.000000,1.575594,1.295684,1.291831,0.920203,0.991216,1.116236,1.169631,0.904087,0.983452,1.135688,1.183230,0.448635,0.517749,0.507930,0.863239,0.115347,0.215113,1.215984,1.123112,0.878932,0.872236,0.282332,0.198495,0.081006,0.066038,0.635932,0.508184,0.486304,0.511867,0.753143,0.384430,0.720246,0.638603,0.325739,0.575481,0.686904,0.629356,0.620045,0.783504,0.784854,0.849981
