0.000000,0.661364,0.584554,0.324810,0.177274,0.191388,0.575212,0.461566,0.010184,-0.102907,0.693025,0.512999,0.675543,0.322778,0.297868,-0.052379,0.061652,0.156343,0.830430,0.734975,-0.122786,-0.059036,0.380830,0.132553,0.270953,0.141723,0.150147,0.125237,0.014565,-0.152295,0.319444,0.291340,0.586503,0.349819,0.185540,0.119866,0.018971,0.010979,-0.149401,0.007864,0.118181,-0.099753,0.426152,0.344971,0.392803,0.257050,0.470527,0.456372,0.192537,0.117395,0.157879,0.040073,0.345151,0.133479,0.434064,0.308769,0.863471,0.461783,0.603723,0.417384,0.621134,0.317957,0.252064,0.057795,0.079198,0.215722,0.421391,0.271313,0.842318,0.784856,-0.037139,-0.125920,0.024312,0.086489,-0.003914,-0.042069,0.140341,0.072879,0.100960,0.074119,0.322353,0.383866,-0.104558,-0.074284,0.499534,0.033096,-0.079611,-0.053623,0.571326,0.358223
0.661364,0.000000,0.153308,0.393898,-0.043874,-0.006355,0.147299,0.382105,-0.231386,-0.222869,0.344335,0.536078,0.216050,0.340203,-0.073502,-0.098041,0.068743,0.346027,0.248188,0.652198,-0.157373,-0.072020,-0.020620,0.032646,0.071254,0.008013,0.003978,0.141848,-0.012419,-0.093946,0.386710,0.350232,0.551063,0.510941,-0.078739,0.037738,-0.042232,0.007781,-0.260487,0.060750,0.138827,-0.016714,0.460515,0.394232,0.338987,0.351415,0.538832,0.482217,0.228105,0.145127,0.228141,0.051937,0.404508,0.198859,0.402762,0.374750,0.835137,1.107903,0.447941,0.558386,0.169094,0.287392,0.333260,0.196769,-0.257262,-0.091675,0.311882,0.350184,0.615132,0.625057,-0.044441,-0.117794,0.097291,0.278748,-0.023144,0.014248,0.073938,0.079834,0.079701,0.160930,0.112166,0.325682,-0.066749,-0.187165,0.109571,0.092541,-0.248421,-0.070115,0.282537,0.341289
0.584554,0.153308,0.000000,0.774993,0.848748,0.397760,1.264179,0.663412,0.424266,0.279766,0.379739,0.257564,0.609154,0.109149,0.457029,0.179876,-0.232363,-0.245657,0.701775,0.530520,-0.226969,0.230623,1.223584,0.685655,0.399679,0.414299,0.390926,0.242115,-0.081135,-0.143052,0.370650,0.182955,0.470741,0.290213,0.535786,0.434096,0.118040,0.045985,0.101935,0.224540,0.234084,0.033130,0.253645,0.144728,0.297398,0.208909,0.273840,0.268369,0.286529,0.155088,0.237099,0.290437,0.251916,0.352325,0.385009,0.356218,0.151432,0.041483,0.452012,0.326330,0.484967,0.106320,0.017242,-0.184617,0.391178,0.483512,0.511471,0.346116,0.449825,0.552894,-0.196884,-0.278597,-0.233928,-0.236587,-0.121826,-0.115039,0.009551,0.038719,0.021779,-0.272497,0.045827,0.127042,0.018846,-0.012596,0.597194,0.137600,0.333249,0.188912,0.650156,0.538827
0.324810,0.393898,0.774993,0.000000,0.707599,0.397505,0.738606,1.151831,0.371995,0.405951,0.157282,0.396645,0.181993,0.273194,0.232467,0.318439,-0.263304,-0.074044,0.302590,0.706202,-0.344657,0.155935,0.656804,0.914663,0.260024,0.388457,0.452804,0.335717,-0.168222,-0.092102,0.331884,0.355433,0.553278,0.747557,0.329343,0.645105,0.037148,0.107382,0.047634,0.368980,0.184359,0.279507,0.326088,0.274183,0.386350,0.463320,0.407043,0.450925,0.369531,0.313331,0.224477,0.276385,0.425382,0.435555,0.432727,0.595524,0.107786,0.205013,0.264301,0.476695,0.160428,0.393786,0.065232,0.167263,0.147599,0.534049,0.370066,0.596540,0.442263,0.554539,-0.327874,-0.370931,-0.217015,-0.073874,-0.089251,-0.020279,-0.020067,0.059036,-0.043194,-0.223016,-0.009417,0.395715,0.141420,-0.061458,0.428251,0.374323,0.338817,0.226129,0.564291,0.769131
0.177274,-0.043874,0.848748,0.707599,0.000000,0.581279,0.732206,0.654931,0.757187,0.575633,0.173856,0.127111,0.365139,0.017276,0.461641,0.397608,-0.182515,-0.244408,0.256447,0.290797,-0.177750,0.349991,0.824863,0.771840,0.378253,0.508122,0.638308,0.334077,-0.118883,-0.046732,0.024656,-0.064037,0.251554,0.179843,0.478927,0.508526,0.269891,0.144567,0.323990,0.406734,0.148674,0.247114,0.287570,0.200000,0.268689,0.362047,0.314944,0.402115,0.462127,0.310217,0.372023,0.535558,0.363162,0.538671,0.504813,0.608613,-0.057246,-0.045494,0.390333,0.410806,0.285818,0.180856,-0.082810,-0.117764,0.307965,0.523131,0.448332,0.441377,0.184642,0.348131,-0.233699,-0.345754,-0.255381,-0.247006,-0.072073,-0.035699,0.125484,0.246022,0.024998,-0.250699,-0.053949,0.153127,0.085754,0.078291,0.518838,0.257928,0.486980,0.322303,0.597751,0.658560
0.191388,-0.006355,0.397760,0.397505,0.581279,0.000000,0.426581,0.508385,0.416008,0.485968,-0.067473,0.080013,0.136569,0.031735,0.520688,0.241827,0.048678,0.058844,0.403207,0.286548,0.121751,0.348573,0.294360,0.087822,-0.018008,0.157371,0.590861,0.654605,0.067075,0.044922,-0.195381,-0.176403,0.080636,-0.012230,0.355393,0.322268,-0.154040,0.127624,0.200231,0.271083,-0.047388,0.270958,0.372764,0.387274,0.264163,0.341449,0.383781,0.440235,0.479026,0.523168,0.504132,0.594927,0.436645,0.448841,0.511228,0.563806,0.073727,0.094004,0.477322,0.340759,0.282690,0.348746,0.149102,0.153284,0.035400,0.367426,0.367014,0.293519,0.217868,0.481719,-0.060890,-0.155021,-0.061122,-0.049553,0.229759,0.370264,0.145006,0.189031,0.168438,-0.067106,0.233791,0.124570,-0.272907,-0.086109,0.200135,0.195842,0.194039,0.079860,0.532951,0.479919
0.575212,0.147299,1.264179,0.738606,0.732206,0.426581,0.000000,0.985419,0.438243,0.233189,0.561973,0.276517,0.735140,0.163186,0.566398,0.204595,-0.213919,-0.199418,0.677829,0.614206,-0.213219,0.179251,0.941210,0.569328,0.262444,0.278699,0.429319,0.322059,-0.051272,-0.097448,0.370185,0.213275,0.418868,0.361401,0.350497,0.345382,0.001488,-0.146004,-0.039289,0.062928,0.067018,-0.060481,0.194338,0.075653,0.193678,0.125050,0.247303,0.252238,0.185792,0.117930,0.094673,0.148897,0.207882,0.298235,0.266902,0.315406,0.043012,-0.054471,0.446366,0.256870,0.723137,0.335108,0.136232,0.013951,0.377477,0.586395,0.340839,0.222487,0.382015,0.562993,-0.195433,-0.292533,-0.223710,-0.228673,-0.056120,-0.140244,0.026478,0.016588,0.011661,-0.316196,0.119588,0.168550,0.022092,-0.045349,0.482555,0.007021,0.211315,0.064825,0.529431,0.489810
0.461566,0.382105,0.663412,1.151831,0.654931,0.508385,0.985419,0.000000,0.383239,0.414295,0.356638,0.545988,0.477363,0.431654,0.456293,0.376073,-0.207194,-0.070602,0.404481,0.747074,-0.267347,0.138123,0.616419,0.648060,0.147613,0.276775,0.520994,0.413059,-0.122164,-0.104850,0.259119,0.265262,0.438626,0.648550,0.255090,0.513005,-0.025599,0.052574,-0.010186,0.269014,0.111497,0.219574,0.348587,0.320124,0.342924,0.416644,0.437949,0.518126,0.371733,0.331999,0.260709,0.279226,0.448679,0.366750,0.482122,0.578600,0.106188,0.150286,0.403153,0.458788,0.465480,0.710058,0.158511,0.298412,0.163351,0.677368,0.309422,0.480339,0.390230,0.668307,-0.192344,-0.260438,-0.145316,-0.037978,0.034119,0.021900,0.115899,0.162540,-0.041334,-0.237168,0.133192,0.425732,0.066083,-0.060763,0.395393,0.237123,0.235968,0.178338,0.559877,0.665344
0.010184,-0.231386,0.424266,0.371995,0.757187,0.416008,0.438243,0.383239,0.000000,0.914808,0.147097,-0.060029,0.240413,-0.097741,0.454178,0.366639,0.005995,-0.006933,0.222246,0.029244,0.087296,0.142206,0.567286,0.444801,0.434252,0.423192,0.287433,0.082723,-0.040593,0.066438,-0.175517,-0.164277,0.063222,0.073498,0.420306,0.442601,0.081676,0.215799,0.398994,0.485712,0.036784,0.426823,0.092845,0.090908,0.267152,0.246895,0.065179,0.178395,0.247937,0.337413,0.175498,0.319777,0.120649,0.144555,0.181256,0.332867,-0.150597,-0.127905,0.181461,0.054320,0.191534,0.216930,0.012205,0.085842,0.329715,0.442883,0.238761,0.138323,-0.031584,0.095070,-0.112295,-0.101534,-0.076935,-0.112024,0.143630,0.130954,0.202912,0.234185,0.033941,-0.089196,0.122491,0.111423,0.173033,0.168987,0.328702,0.224299,0.658082,0.335814,0.204459,0.315287
-0.102907,-0.222869,0.279766,0.405951,0.575633,0.485968,0.233189,0.414295,0.914808,0.000000,-0.147089,0.208953,0.130785,0.173428,0.543597,0.762059,0.142152,0.080402,0.165263,0.045676,0.112940,0.151533,0.458552,0.394055,0.111260,0.239440,0.314009,0.061150,0.127594,0.144485,-0.354443,-0.322087,0.048153,0.134503,0.565405,0.577657,0.122446,0.492560,0.551459,0.738883,0.142706,0.871527,0.129176,0.223889,0.307667,0.449972,0.075302,0.180562,0.371232,0.589633,0.325906,0.574092,0.172979,0.243604,0.254843,0.436386,-0.212252,-0.114107,0.092216,0.132726,0.099185,0.379709,0.046923,0.287173,0.374560,0.561059,0.262246,0.291580,-0.030748,0.140661,0.086054,0.062224,0.107714,0.091161,0.305690,0.455798,0.331901,0.349639,0.151432,0.086474,0.230580,0.275854,0.258114,0.336079,0.307165,0.451454,0.997283,0.612195,0.218940,0.358931
0.693025,0.344335,0.379739,0.157282,0.173856,-0.067473,0.561973,0.356638,0.147097,-0.147089,0.000000,0.410166,1.093010,0.321362,0.446145,0.100315,-0.050122,-0.034331,0.575880,0.451793,-0.057266,0.029929,0.373459,0.198432,0.360113,0.153026,0.112595,0.030531,-0.009030,-0.080410,0.411987,0.334753,0.560164,0.329795,0.076303,0.083949,0.138660,-0.199042,-0.241173,-0.139644,0.059473,-0.263084,0.182206,0.071743,0.161116,0.047915,0.212861,0.218683,-0.012835,-0.099619,-0.044370,-0.136398,0.143309,0.055010,0.096133,0.121315,0.288718,0.185552,0.427284,0.265218,0.725833,0.231512,0.340930,0.090638,0.185279,0.182343,0.317552,0.199391,0.371513,0.306229,0.111843,0.031298,0.122481,0.099324,0.119611,-0.167241,0.245361,0.172579,-0.009757,-0.076940,0.223275,0.168179,0.088807,0.004020,0.474758,-0.087386,-0.116163,-0.014179,0.270196,0.272895
0.512999,0.536078,0.257564,0.396645,0.127111,0.080013,0.276517,0.545988,-0.060029,0.208953,0.410166,0.000000,0.556145,1.166692,0.414557,0.510372,0.220121,0.318109,0.411525,0.726087,0.094511,0.014528,0.358766,0.328282,0.032405,0.129316,0.067122,0.004021,0.342029,0.137329,0.250770,0.288386,0.619697,0.683641,0.316844,0.375754,0.036856,0.286733,-0.048186,0.264180,0.380479,0.261534,0.326865,0.327074,0.315606,0.483928,0.319373,0.347138,0.284323,0.241216,0.251545,0.174129,0.349404,0.109492,0.395600,0.350388,0.339100,0.350641,0.355827,0.453201,0.433533,0.619214,0.421576,0.491548,0.164427,0.340021,0.424466,0.642673,0.408196,0.536914,0.331846,0.268737,0.398963,0.512875,0.330369,0.360365,0.454380,0.465475,0.256264,0.168508,0.420940,0.703159,0.194245,0.179552,0.469127,0.358854,0.126517,0.276285,0.386812,0.386731
0.675543,0.216050,0.609154,0.181993,0.365139,0.136569,0.735140,0.477363,0.240413,0.130785,1.093010,0.556145,0.000000,0.451368,0.723999,0.286746,0.005159,-0.081798,0.634448,0.395465,-0.028041,0.155057,0.620032,0.267576,0.228056,0.097470,0.161518,0.034518,0.025432,-0.084473,0.270652,0.146797,0.531448,0.229205,0.362373,0.210774,0.242556,0.011279,-0.013113,0.072638,0.168127,-0.040208,0.283155,0.156026,0.213605,0.148614,0.244157,0.239696,0.129412,-0.024241,0.229711,0.107898,0.261963,0.179398,0.320001,0.272978,0.240809,0.098410,0.534388,0.232393,0.977457,0.250834,0.321621,0.029551,0.383707,0.333547,0.507632,0.343601,0.344475,0.380368,0.232559,0.096178,0.170911,0.080766,0.237307,0.022163,0.419799,0.332813,0.042415,-0.059527,0.264776,0.213098,0.057847,0.168662,0.580013,0.065682,0.112134,0.237440,0.378880,0.302740
0.322778,0.340203,0.109149,0.273194,0.017276,0.031735,0.163186,0.431654,-0.097741,0.173428,0.321362,1.166692,0.451368,0.000000,0.331481,0.702315,0.064203,0.123183,0.253711,0.499481,0.082182,-0.040484,0.257918,0.218610,-0.044414,0.049918,-0.034478,-0.140016,0.162911,0.058456,0.123401,0.190987,0.346600,0.468982,0.222536,0.254288,0.023804,0.242496,0.057652,0.230473,0.233039,0.248833,0.164201,0.180441,0.221893,0.294324,0.147138,0.200648,0.183327,0.195199,0.150103,0.122881,0.230694,0.003300,0.255511,0.172225,0.184377,0.142999,0.167100,0.245527,0.333349,0.460134,0.237849,0.308919,0.106991,0.275625,0.213780,0.398249,0.188237,0.284430,0.207683,0.198702,0.212035,0.308008,0.179065,0.265384,0.251530,0.288882,0.014008,0.071607,0.321013,0.529237,0.260055,0.374070,0.348511,0.370613,0.165331,0.466386,0.284313,0.254908
0.297868,-0.073502,0.457029,0.232467,0.461641,0.520688,0.566398,0.456293,0.454178,0.543597,0.446145,0.414557,0.723999,0.331481,0.000000,0.554754,0.281477,0.121419,0.586871,0.312611,0.324450,0.319488,0.618011,0.327422,0.161301,0.208286,0.537786,0.361666,0.353743,0.219270,-0.081979,-0.067604,0.314018,0.145719,0.622740,0.477425,0.187192,0.209981,0.155652,0.294679,0.191259,0.323290,0.283173,0.242169,0.269456,0.286748,0.224143,0.271059,0.248106,0.290755,0.287756,0.309428,0.261852,0.195854,0.322828,0.405917,-0.060780,-0.057686,0.370943,0.121898,0.706717,0.470033,0.420865,0.308168,0.619239,0.601828,0.444524,0.337626,0.162437,0.344746,0.268135,0.174340,0.282913,0.216154,0.515467,0.429253,0.560785,0.482711,0.296762,0.071026,0.534917,0.349973,0.166364,0.193387,0.730087,0.247953,0.408339,0.295211,0.498290,0.459228
-0.052379,-0.098041,0.179876,0.318439,0.397608,0.241827,0.204595,0.376073,0.366639,0.762059,0.100315,0.510372,0.286746,0.702315,0.554754,0.000000,0.053969,-0.044440,0.119483,0.123258,0.184513,0.185779,0.422256,0.473009,-0.012999,0.200229,0.246376,0.042456,0.207627,0.134336,-0.112671,-0.108149,0.095136,0.214827,0.475660,0.501022,0.110095,0.239114,0.262149,0.368047,0.171732,0.494557,-0.053750,0.018698,0.089166,0.247507,-0.079693,0.005941,0.140505,0.243958,0.155368,0.300742,0.067302,0.138668,0.122073,0.194927,-0.265099,-0.192446,0.016099,0.078673,0.242627,0.312773,0.015673,0.161881,0.415210,0.459084,0.211916,0.343776,-0.045020,0.048579,0.184331,0.184687,0.060759,0.108725,0.183804,0.309018,0.254798,0.301966,0.088153,-0.003637,0.152963,0.322413,0.390871,0.529993,0.377023,0.433264,0.635091,0.739381,0.260025,0.349652
0.061652,0.068743,-0.232363,-0.263304,-0.182515,0.048678,-0.213919,-0.207194,0.005995,0.142152,-0.050122,0.220121,0.005159,0.064203,0.281477,0.053969,0.000000,1.054227,0.153196,0.085072,0.595886,0.044761,-0.156244,-0.316036,-0.169371,-0.146614,0.036234,-0.080299,0.714799,0.691062,-0.368164,-0.297211,0.208132,0.004268,0.207106,0.104804,0.055546,0.288949,0.203260,0.128555,0.077647,0.295478,0.279066,0.311962,0.264858,0.305413,0.155216,0.179823,0.111195,0.253302,0.043033,0.051686,-0.028950,-0.177109,-0.007531,0.102661,0.278462,0.302246,0.229987,0.014048,0.199783,0.294424,0.716076,0.539472,0.188202,0.087041,0.207543,0.074295,0.135988,0.142685,0.519085,0.388743,0.745697,0.712085,0.578124,0.650134,0.662349,0.489033,0.977239,0.940641,0.852691,0.308937,0.012992,0.295374,0.021648,0.034305,0.115674,0.064573,0.030318,-0.081451
0.156343,0.346027,-0.245657,-0.074044,-0.244408,0.058844,-0.199418,-0.070602,-0.006933,0.080402,-0.034331,0.318109,-0.081798,0.123183,0.121419,-0.044440,1.054227,0.000000,0.132371,0.214436,0.364155,-0.085490,-0.218762,-0.298133,-0.142306,-0.163273,-0.067180,-0.071161,0.632797,0.516218,-0.125453,-0.006512,0.338025,0.241116,0.141031,0.121612,-0.094323,0.246913,0.054333,0.228085,0.045937,0.298632,0.357366,0.388247,0.398889,0.392792,0.305354,0.263011,0.148996,0.308994,0.055324,0.031730,0.057267,-0.085907,0.067245,0.193199,0.471960,0.556669,0.233048,0.089544,0.080449,0.350687,0.780266,0.655247,0.004529,0.010362,0.184378,0.111502,0.251410,0.297144,0.266426,0.231413,0.587085,0.720675,0.473285,0.597250,0.454863,0.350923,0.722647,0.801687,0.678388,0.469373,0.016125,0.131183,-0.021807,0.070911,-0.001294,-0.004067,0.021481,0.029251
0.830430,0.248188,0.701775,0.302590,0.256447,0.403207,0.677829,0.404481,0.222246,0.165263,0.575880,0.411525,0.634448,0.253711,0.586871,0.119483,0.153196,0.132371,0.000000,0.718004,-0.059665,0.059157,0.586779,0.081397,0.173838,0.149196,0.184170,0.186174,0.196227,0.026296,0.186019,0.092046,0.555649,0.291895,0.447567,0.333678,-0.068753,-0.002559,-0.060145,0.011751,0.132394,-0.023867,0.386512,0.370517,0.375745,0.198156,0.411046,0.354495,0.168703,0.262265,0.041506,0.113685,0.187507,0.120633,0.248632,0.260899,0.306509,0.227137,0.468522,0.310013,0.623120,0.353997,0.307059,0.147667,0.232372,0.387151,0.444672,0.239932,0.526759,0.665774,0.075017,0.001710,0.137363,0.166388,0.324262,0.249640,0.255467,0.195934,0.329694,0.049350,0.505959,0.253507,-0.094027,-0.023404,0.516600,-0.025947,0.097070,-0.000731,0.531392,0.397784
0.734975,0.652198,0.530520,0.706202,0.290797,0.286548,0.614206,0.747074,0.029244,0.045676,0.451793,0.726087,0.395465,0.499481,0.312611,0.123258,0.085072,0.214436,0.718004,0.000000,-0.102354,0.055496,0.361985,0.312590,0.122853,0.130167,0.305401,0.306609,0.157611,0.080507,0.370456,0.286125,0.824901,0.849725,0.127882,0.293273,-0.119187,0.019768,-0.190276,0.019484,0.195316,0.010181,0.490545,0.429912,0.376903,0.371708,0.584407,0.580453,0.358073,0.240259,0.146489,0.106772,0.429795,0.239974,0.397817,0.414744,0.435654,0.427733,0.483654,0.610445,0.377571,0.510760,0.340565,0.366679,-0.020019,0.331364,0.500051,0.558328,0.908450,1.114290,-0.036129,-0.089009,0.126863,0.307754,0.170618,0.141629,0.187086,0.193037,0.233075,0.000190,0.394928,0.538149,0.051919,-0.126132,0.348776,0.076783,-0.056887,-0.060539,0.471967,0.588679
-0.122786,-0.157373,-0.226969,-0.344657,-0.177750,0.121751,-0.213219,-0.267347,0.087296,0.112940,-0.057266,0.094511,-0.028041,0.082182,0.324450,0.184513,0.595886,0.364155,-0.059665,-0.102354,0.000000,0.091802,-0.131331,-0.182462,0.017797,0.089025,0.090447,0.094375,0.621856,0.381357,-0.244692,-0.193041,-0.106311,-0.140180,0.061183,-0.038086,-0.101498,0.210374,0.060758,0.088205,0.056158,0.220385,-0.021669,0.046640,-0.044574,0.038864,-0.119971,-0.068113,-0.005830,0.062540,0.133883,0.062008,-0.084899,-0.234571,0.001464,-0.083159,-0.014045,-0.058344,0.074818,-0.171126,0.084522,0.081524,0.335414,0.260772,0.165490,-0.030320,0.084816,-0.052669,-0.106112,-0.110023,0.467835,0.506075,0.519579,0.450748,0.440494,0.508826,0.396504,0.329036,0.359628,0.304685,0.350323,0.043723,0.030974,0.106792,-0.043918,0.081076,0.042875,0.026659,-0.058432,-0.153837
-0.059036,-0.072020,0.230623,0.155935,0.349991,0.348573,0.179251,0.138123,0.142206,0.151533,0.029929,0.014528,0.155057,-0.040484,0.319488,0.185779,0.044761,-0.085490,0.059157,0.055496,0.091802,0.000000,0.195804,0.223305,0.048918,0.097749,0.362899,0.506887,0.204310,0.495318,-0.054249,-0.240541,0.050114,-0.149932,0.227431,0.161703,0.345865,0.173250,0.328502,0.204831,0.368070,0.096685,0.169204,0.082094,-0.078077,0.101076,0.105249,0.107126,0.193647,0.002470,0.279901,0.268388,0.219923,0.320426,0.317128,0.267246,-0.092803,-0.050384,0.158034,0.186821,0.166238,-0.050101,0.094732,-0.113636,0.278036,0.207079,0.302854,0.300165,0.130424,0.108837,0.080625,-0.032358,0.030524,-0.013535,0.085808,0.001903,0.177902,0.291958,0.320936,-0.091940,0.203286,-0.006298,0.183686,0.257559,0.173064,0.085794,0.224955,0.220134,0.306177,0.056969
0.380830,-0.020620,1.223584,0.656804,0.824863,0.294360,0.941210,0.616419,0.567286,0.458552,0.373459,0.358766,0.620032,0.257918,0.618011,0.422256,-0.156244,-0.218762,0.586779,0.361985,-0.131331,0.195804,0.000000,0.927452,0.564095,0.611586,0.326388,0.134275,-0.002787,-0.102052,0.235196,0.171050,0.416239,0.319400,0.852655,0.690180,0.241093,0.196606,0.169132,0.318738,0.337011,0.183520,0.147465,0.025826,0.296697,0.203769,0.122362,0.145155,0.129507,0.088202,0.161268,0.170812,0.205044,0.182358,0.294982,0.278168,-0.063410,-0.130973,0.236088,0.137375,0.565099,0.217054,0.018552,-0.087259,0.763926,0.782949,0.420614,0.384683,0.211465,0.314040,-0.050143,-0.074720,-0.117922,-0.138906,0.015293,0.015849,0.174435,0.208847,0.019999,-0.237507,0.103642,0.252882,0.141458,0.125686,0.860962,0.292293,0.513165,0.381419,0.603118,0.470562
0.132553,0.032646,0.685655,0.914663,0.771840,0.087822,0.569328,0.648060,0.444801,0.394055,0.198432,0.328282,0.267576,0.218610,0.327422,0.473009,-0.316036,-0.298133,0.081397,0.312590,-0.182462,0.223305,0.927452,0.000000,0.609950,0.738646,0.422060,0.229332,-0.192546,-0.150388,0.289387,0.317000,0.358511,0.488379,0.484113,0.699896,0.350816,0.174398,0.113372,0.344329,0.392909,0.250684,0.020764,-0.058239,0.083008,0.199264,0.088794,0.145403,0.088342,-0.029115,0.179264,0.152635,0.312787,0.305578,0.316123,0.345841,-0.141998,-0.147182,0.076140,0.172681,0.175537,0.162558,-0.152571,-0.065139,0.515977,0.666814,0.317247,0.546949,0.184511,0.176069,-0.175806,-0.174200,-0.178185,-0.114242,-0.101696,-0.133253,0.048748,0.177617,-0.127388,-0.283804,-0.172639,0.276219,0.294266,0.061903,0.620093,0.510948,0.428201,0.345261,0.463505,0.573910
0.270953,0.071254,0.399679,0.260024,0.378253,-0.018008,0.262444,0.147613,0.434252,0.111260,0.360113,0.032405,0.228056,-0.044414,0.161301,-0.012999,-0.169371,-0.142306,0.173838,0.122853,0.017797,0.048918,0.564095,0.609950,0.000000,1.162271,0.194619,0.107997,-0.254322,-0.230214,0.122407,0.162586,0.236449,0.176455,0.343934,0.358922,0.381858,0.206123,0.066863,0.237440,0.298614,0.036969,0.108003,-0.016212,0.165347,0.029388,0.156313,0.140609,0.000370,-0.102393,0.204740,0.027875,0.286287,0.083331,0.292673,0.187888,0.108979,0.005017,0.119571,0.041051,0.139108,-0.032992,-0.064271,-0.171307,0.390817,0.357554,0.219897,0.186528,0.194526,0.054237,-0.116957,-0.126875,-0.027926,-0.041665,-0.036127,-0.155375,0.082037,0.195314,-0.148835,-0.114514,-0.077542,0.068844,0.053793,-0.089946,0.504530,0.307529,0.150753,0.125917,0.328896,0.243927
0.141723,0.008013,0.414299,0.388457,0.508122,0.157371,0.278699,0.276775,0.423192,0.239440,0.153026,0.129316,0.097470,0.049918,0.208286,0.200229,-0.146614,-0.163273,0.149196,0.130167,0.089025,0.097749,0.611586,0.738646,1.162271,0.000000,0.354618,0.297140,-0.146559,-0.152758,0.186639,0.243818,0.216785,0.286087,0.480750,0.546613,0.324094,0.234318,0.096457,0.244153,0.273365,0.114345,0.018470,-0.016634,0.197317,0.131699,0.088854,0.096579,0.040882,0.029129,0.190678,0.116081,0.233756,0.083591,0.297210,0.165252,-0.017751,-0.075934,0.089574,0.039348,0.133200,0.129819,-0.114141,-0.080844,0.479224,0.539970,0.228634,0.233384,0.107700,0.036076,-0.105477,-0.071903,-0.070656,-0.041061,-0.060916,-0.055549,0.019427,0.198849,-0.107864,-0.093206,-0.106223,0.101713,0.068478,-0.063870,0.492874,0.397616,0.246147,0.126662,0.407225,0.284207
0.150147,0.003978,0.390926,0.452804,0.638308,0.590861,0.429319,0.520994,0.287433,0.314009,0.112595,0.067122,0.161518,-0.034478,0.537786,0.246376,0.036234,-0.067180,0.184170,0.305401,0.090447,0.362899,0.326388,0.422060,0.194619,0.354618,0.000000,0.880347,0.008694,0.005527,0.022283,0.004673,0.192730,0.219241,0.304588,0.427901,0.080224,0.057040,0.062546,0.124028,-0.024058,0.131157,0.302432,0.340463,0.277870,0.361449,0.370119,0.413387,0.325172,0.254417,0.260210,0.350617,0.285700,0.333510,0.386069,0.463049,0.034162,0.035516,0.370126,0.294409,0.271131,0.331898,0.097072,0.129495,0.190903,0.484307,0.378689,0.402796,0.262988,0.360053,-0.026319,-0.132589,-0.055467,-0.043167,0.127924,0.119070,0.190985,0.267966,0.152665,-0.082250,0.099864,0.124634,-0.105918,-0.144402,0.299189,0.184513,0.165810,0.049989,0.443493,0.518404
0.125237,0.141848,0.242115,0.335717,0.334077,0.654605,0.322059,0.413059,0.082723,0.061150,0.030531,0.004021,0.034518,-0.140016,0.361666,0.042456,-0.080299,-0.071161,0.186174,0.306609,0.094375,0.506887,0.134275,0.229332,0.107997,0.297140,0.880347,0.000000,0.023328,0.050886,0.156805,0.122182,0.080555,0.134522,0.127831,0.229975,-0.129890,0.010326,-0.088111,-0.021383,0.031458,0.002488,0.233565,0.269887,0.083794,0.187374,0.281675,0.275972,0.242152,0.144562,0.347676,0.271557,0.324390,0.354044,0.356975,0.333088,0.017140,0.096365,0.247848,0.240882,0.176957,0.210895,0.043285,0.059357,0.062985,0.240685,0.257490,0.286286,0.243394,0.326064,-0.029788,-0.072057,-0.034210,0.050803,0.162721,0.145881,0.107557,0.186157,0.135450,-0.186348,0.074403,0.090956,-0.297632,-0.334130,0.171166,0.113949,-0.062313,-0.127034,0.363340,0.312487
0.014565,-0.012419,-0.081135,-0.168222,-0.118883,0.067075,-0.051272,-0.122164,-0.040593,0.127594,-0.009030,0.342029,0.025432,0.162911,0.353743,0.207627,0.714799,0.632797,0.196227,0.157611,0.621856,0.204310,-0.002787,-0.192546,-0.254322,-0.146559,0.008694,0.023328,0.000000,0.807356,0.024656,-0.058382,0.116436,0.088269,0.122754,-0.043553,-0.151226,0.158833,-0.030744,0.032271,0.098488,0.128863,0.032679,0.067992,0.046701,0.145286,-0.069539,-0.078102,0.094910,0.187895,-0.071390,0.032177,-0.228727,-0.145865,-0.153357,-0.062260,0.043405,0.076653,0.041522,0.034519,0.138765,0.242935,0.496090,0.423507,0.233427,0.045612,0.071985,-0.023025,0.077150,0.190228,0.509287,0.478056,0.502212,0.496220,0.367420,0.478076,0.328840,0.241280,0.861393,0.356186,0.616577,0.262448,0.241489,0.209625,-0.015219,-0.181951,0.062304,-0.050393,-0.079395,-0.151469
-0.152295,-0.093946,-0.143052,-0.092102,-0.046732,0.044922,-0.097448,-0.104850,0.066438,0.144485,-0.080410,0.137329,-0.084473,0.058456,0.219270,0.134336,0.691062,0.516218,0.026296,0.080507,0.381357,0.495318,-0.102052,-0.150388,-0.230214,-0.152758,0.005527,0.050886,0.807356,0.000000,-0.195218,-0.293914,0.028831,0.018422,0.064715,-0.009090,0.073031,0.282593,0.330388,0.075153,0.147627,0.209362,0.051417,0.052996,0.059974,0.208172,-0.081461,-0.046082,0.179057,0.263084,-0.068973,0.049249,-0.163703,-0.135989,-0.103639,-0.067872,-0.067125,0.000932,-0.002617,0.051047,0.068351,0.208918,0.401725,0.413488,0.227675,0.078232,0.044666,-0.005929,0.006456,0.001916,0.340205,0.264519,0.418666,0.454724,0.286146,0.325689,0.327087,0.272974,0.778983,0.510316,0.776149,0.311524,0.444446,0.573887,-0.035606,-0.091976,0.286673,0.093433,-0.069453,-0.295858
0.319444,0.386710,0.370650,0.331884,0.024656,-0.195381,0.370185,0.259119,-0.175517,-0.354443,0.411987,0.250770,0.270652,0.123401,-0.081979,-0.112671,-0.368164,-0.125453,0.186019,0.370456,-0.244692,-0.054249,0.235196,0.289387,0.122407,0.186639,0.022283,0.156805,0.024656,-0.195218,0.000000,1.153657,0.457306,0.594708,-0.045716,-0.050956,-0.084532,-0.205160,-0.446554,-0.250563,0.019160,-0.356808,-0.023678,-0.073880,0.030416,-0.082983,0.042732,-0.055174,-0.015488,-0.190943,-0.104875,-0.153910,-0.042765,0.076331,-0.052007,-0.108745,0.240969,0.160533,0.076069,0.184661,0.151468,-0.009130,-0.038738,-0.108833,0.036294,-0.008451,0.140348,0.083752,0.290305,0.238700,-0.027959,0.028319,-0.130081,-0.038993,-0.235682,-0.283199,-0.238302,-0.186874,-0.218939,-0.300066,-0.234676,-0.012343,0.018626,-0.245009,0.090890,-0.171420,-0.287195,-0.241210,0.030233,0.123527
0.291340,0.350232,0.182955,0.355433,-0.064037,-0.176403,0.213275,0.265262,-0.164277,-0.322087,0.334753,0.288386,0.146797,0.190987,-0.067604,-0.108149,-0.297211,-0.006512,0.092046,0.286125,-0.193041,-0.240541,0.171050,0.317000,0.162586,0.243818,0.004673,0.122182,-0.058382,-0.293914,1.153657,0.000000,0.446376,0.641622,-0.002912,0.066110,-0.062024,-0.194734,-0.451419,-0.154654,-0.026925,-0.241503,-0.036774,-0.075579,0.076399,-0.023225,0.043203,-0.015429,-0.107236,-0.161748,-0.133201,-0.221319,0.015046,0.003547,-0.047188,-0.010186,0.237825,0.149036,0.055548,0.086272,0.097558,0.142922,0.062315,0.031199,-0.008613,0.032289,0.028971,0.102547,0.190577,0.139801,-0.132275,-0.032051,-0.111893,0.005206,-0.186301,-0.179916,-0.207721,-0.205287,-0.257416,-0.207265,-0.232634,0.111847,0.005402,-0.311925,0.170282,-0.010048,-0.268820,-0.227859,0.116510,0.212688
0.586503,0.551063,0.470741,0.553278,0.251554,0.080636,0.418868,0.438626,0.063222,0.048153,0.560164,0.619697,0.531448,0.346600,0.314018,0.095136,0.208132,0.338025,0.555649,0.824901,-0.106311,0.050114,0.416239,0.358511,0.236449,0.216785,0.192730,0.080555,0.116436,0.028831,0.457306,0.446376,0.000000,0.968423,0.390627,0.481603,0.160355,0.016128,-0.145649,0.163402,0.237951,0.064772,0.500574,0.379349,0.576182,0.478543,0.564215,0.477713,0.198688,0.097605,0.137081,-0.001710,0.362391,0.175459,0.345765,0.476308,0.563197,0.606863,0.594569,0.550651,0.520083,0.442705,0.590430,0.405471,0.237594,0.333261,0.872819,0.802200,0.740490,0.719714,0.168729,0.075780,0.308621,0.385307,0.280511,0.179583,0.402699,0.355604,0.236969,0.257704,0.304783,0.362743,0.067111,-0.043988,0.473742,0.167189,0.033448,0.071904,0.507537,0.602679
0.349819,0.510941,0.290213,0.747557,0.179843,-0.012230,0.361401,0.648550,0.073498,0.134503,0.329795,0.683641,0.229205,0.468982,0.145719,0.214827,0.004268,0.241116,0.291895,0.849725,-0.140180,-0.149932,0.319400,0.488379,0.176455,0.286087,0.219241,0.134522,0.088269,0.018422,0.594708,0.641622,0.968423,0.000000,0.222151,0.447896,-0.065204,0.041094,-0.223481,0.115897,0.171178,0.155283,0.204907,0.205987,0.453157,0.385660,0.304600,0.278031,0.184258,0.132458,-0.022153,-0.095600,0.147664,-0.000259,0.172078,0.245876,0.299527,0.394720,0.277247,0.446446,0.285910,0.648482,0.330953,0.604894,0.166790,0.414653,0.414319,0.574834,0.452958,0.530919,0.099871,0.118581,0.155326,0.338827,0.119303,0.129841,0.174058,0.209806,0.018129,0.070130,0.154740,0.495315,0.209749,-0.096947,0.297909,0.151976,0.084166,0.032659,0.296835,0.446913
0.185540,-0.078739,0.535786,0.329343,0.478927,0.355393,0.350497,0.255090,0.420306,0.565405,0.076303,0.316844,0.362373,0.222536,0.622740,0.475660,0.207106,0.141031,0.447567,0.127882,0.061183,0.227431,0.852655,0.484113,0.343934,0.480750,0.304588,0.127831,0.122754,0.064715,-0.045716,-0.002912,0.390627,0.222151,0.000000,1.109387,0.286404,0.372241,0.326435,0.465153,0.290761,0.400686,0.285335,0.220093,0.504528,0.405911,0.226270,0.185324,0.159603,0.219701,0.219586,0.240286,0.206884,0.117271,0.337504,0.313135,0.020102,0.002245,0.297862,0.080911,0.503437,0.283284,0.246424,0.082266,0.863552,0.816176,0.609747,0.491227,0.113642,0.210689,0.156335,0.134674,0.065744,0.047017,0.227131,0.363869,0.356886,0.472070,0.258850,0.105502,0.305093,0.299626,0.053405,0.245344,0.749220,0.504269,0.617688,0.536402,0.544277,0.378797
0.119866,0.037738,0.434096,0.645105,0.508526,0.322268,0.345382,0.513005,0.442601,0.577657,0.083949,0.375754,0.210774,0.254288,0.477425,0.501022,0.104804,0.121612,0.333678,0.293273,-0.038086,0.161703,0.690180,0.699896,0.358922,0.546613,0.427901,0.229975,-0.043553,-0.009090,-0.050956,0.066110,0.481603,0.447896,1.109387,0.000000,0.236368,0.331210,0.159884,0.463635,0.297813,0.449135,0.396574,0.379300,0.574556,0.626965,0.398485,0.402148,0.220399,0.274997,0.228797,0.244271,0.395785,0.256834,0.385408,0.491372,-0.060124,0.045045,0.195875,0.154390,0.278245,0.397073,0.192987,0.215341,0.592481,0.928116,0.545219,0.761383,0.191155,0.259736,-0.012323,-0.000405,0.059341,0.112363,0.238698,0.285098,0.333598,0.473185,0.182432,0.041272,0.236673,0.486923,0.090714,0.108993,0.699461,0.721980,0.502623,0.507236,0.537812,0.645350
0.018971,-0.042232,0.118040,0.037148,0.269891,-0.154040,0.001488,-0.025599,0.081676,0.122446,0.138660,0.036856,0.242556,0.023804,0.187192,0.110095,0.055546,-0.094323,-0.068753,-0.119187,-0.101498,0.345865,0.241093,0.350816,0.381858,0.324094,0.080224,-0.129890,-0.151226,0.073031,-0.084532,-0.062024,0.160355,-0.065204,0.286404,0.236368,0.000000,0.325298,0.341334,0.311435,0.486245,0.166291,0.147870,-0.002104,0.000445,0.057695,0.107090,0.098463,0.003185,-0.073845,0.225741,0.182803,0.294715,0.262855,0.257483,0.250989,-0.008992,-0.090820,0.048961,-0.001894,0.101733,-0.098023,-0.067384,-0.230956,0.407464,0.347176,0.176166,0.197198,0.001733,-0.126637,0.009756,-0.043378,0.067319,0.022241,-0.043805,-0.163194,0.120070,0.196661,0.025320,0.220239,-0.040011,0.068835,0.463662,0.462576,0.417492,0.322753,0.293679,0.343725,0.228544,0.131159
0.010979,0.007781,0.045985,0.107382,0.144567,0.127624,-0.146004,0.052574,0.215799,0.492560,-0.199042,0.286733,0.011279,0.242496,0.209981,0.239114,0.288949,0.246913,-0.002559,0.019768,0.210374,0.173250,0.196606,0.174398,0.206123,0.234318,0.057040,0.010326,0.158833,0.282593,-0.205160,-0.194734,0.016128,0.041094,0.372241,0.331210,0.325298,0.000000,0.656446,0.801108,0.544306,0.939527,0.391374,0.475555,0.442937,0.501263,0.257144,0.306763,0.532204,0.477645,0.574852,0.561714,0.400287,0.142733,0.524244,0.310570,0.076484,0.095996,-0.044092,0.124246,-0.044787,0.144640,-0.010591,0.153164,0.278763,0.340410,0.244895,0.324864,0.042445,0.012010,0.264764,0.322544,0.413676,0.443161,0.315653,0.545380,0.455068,0.572848,0.123623,0.274114,0.365941,0.546851,0.156736,0.453193,0.409853,0.725428,0.596838,0.616385,0.200803,0.086924
-0.149401,-0.260487,0.101935,0.047634,0.323990,0.200231,-0.039289,-0.010186,0.398994,0.551459,-0.241173,-0.048186,-0.013113,0.057652,0.155652,0.262149,0.203260,0.054333,-0.060145,-0.190276,0.060758,0.328502,0.169132,0.113372,0.066863,0.096457,0.062546,-0.088111,-0.030744,0.330388,-0.446554,-0.451419,-0.145649,-0.223481,0.326435,0.159884,0.341334,0.656446,0.000000,0.781802,0.269595,0.673041,0.130617,0.164986,0.163144,0.231566,0.017213,0.130753,0.298791,0.402537,0.223399,0.428772,0.096783,0.081063,0.300930,0.240837,-0.062741,-0.086055,0.073371,0.077589,-0.010849,0.031972,-0.051028,-0.019371,0.196706,0.210997,0.141667,0.091471,-0.101179,-0.105067,0.017446,-0.025700,0.011178,-0.038438,0.047117,0.183327,0.214373,0.277563,0.169349,0.123382,0.248875,0.087493,0.072416,0.671235,0.154507,0.318359,0.884542,0.640555,0.246926,-0.021098
0.007864,0.060750,0.224540,0.368980,0.406734,0.271083,0.062928,0.269014,0.485712,0.738883,-0.139644,0.264180,0.072638,0.230473,0.294679,0.368047,0.128555,0.228085,0.011751,0.019484,0.088205,0.204831,0.318738,0.344329,0.237440,0.244153,0.124028,-0.021383,0.032271,0.075153,-0.250563,-0.154654,0.163402,0.115897,0.465153,0.463635,0.311435,0.801108,0.781802,0.000000,0.428445,1.223463,0.414994,0.442975,0.446331,0.573107,0.356180,0.412471,0.517613,0.555187,0.499037,0.608630,0.395617,0.263039,0.656468,0.720157,0.103214,0.193494,0.159992,0.252208,-0.021827,0.200321,0.099101,0.146667,0.191987,0.324677,0.336667,0.439079,0.051205,0.182039,0.013570,-0.007275,0.132471,0.143546,0.213760,0.403945,0.337324,0.460723,0.133522,0.086537,0.174423,0.304957,0.147725,0.327194,0.361978,0.640260,0.883879,0.790705,0.461867,0.412846
0.118181,0.138827,0.234084,0.184359,0.148674,-0.047388,0.067018,0.111497,0.036784,0.142706,0.059473,0.380479,0.168127,0.233039,0.191259,0.171732,0.077647,0.045937,0.132394,0.195316,0.056158,0.368070,0.337011,0.392909,0.298614,0.273365,-0.024058,0.031458,0.098488,0.147627,0.019160,-0.026925,0.237951,0.171178,0.290761,0.297813,0.486245,0.544306,0.269595,0.428445,0.000000,0.403980,0.183692,0.154801,0.091679,0.157985,0.182751,0.159958,0.207591,0.091147,0.316037,0.214745,0.266453,0.141315,0.379301,0.263825,0.064371,0.134198,0.114401,0.244165,0.099022,0.051305,0.085582,0.054651,0.301573,0.273650,0.291372,0.423327,0.041172,0.065212,0.238331,0.241583,0.363486,0.384578,0.247801,0.205771,0.344361,0.430518,0.146150,0.177701,0.246321,0.319429,0.317355,0.339967,0.450559,0.398603,0.354893,0.313313,0.327717,0.167661
-0.099753,-0.016714,0.033130,0.279507,0.247114,0.270958,-0.060481,0.219574,0.426823,0.871527,-0.263084,0.261534,-0.040208,0.248833,0.323290,0.494557,0.295478,0.298632,-0.023867,0.010181,0.220385,0.096685,0.183520,0.250684,0.036969,0.114345,0.131157,0.002488,0.128863,0.209362,-0.356808,-0.241503,0.064772,0.155283,0.400686,0.449135,0.166291,0.939527,0.673041,1.223463,0.403980,0.000000,0.295315,0.423464,0.427623,0.576286,0.253590,0.315270,0.504351,0.640906,0.467382,0.554707,0.322156,0.161645,0.499792,0.522429,0.010062,0.145710,0.064707,0.199240,-0.048481,0.319532,0.114767,0.360711,0.206623,0.352052,0.269856,0.401495,-0.045218,0.077100,0.172165,0.181604,0.311538,0.368108,0.407975,0.693088,0.441241,0.499016,0.154564,0.285135,0.304278,0.428997,0.211026,0.401630,0.271296,0.700126,0.924797,0.717720,0.298754,0.339504
0.426152,0.460515,0.253645,0.326088,0.287570,0.372764,0.194338,0.348587,0.092845,0.129176,0.182206,0.326865,0.283155,0.164201,0.283173,-0.053750,0.279066,0.357366,0.386512,0.490545,-0.021669,0.169204,0.147465,0.020764,0.108003,0.018470,0.302432,0.233565,0.032679,0.051417,-0.023678,-0.036774,0.500574,0.204907,0.285335,0.396574,0.147870,0.391374,0.130617,0.414994,0.183692,0.295315,0.000000,1.506354,0.823479,0.898561,1.572200,1.417648,0.837758,0.600951,0.539871,0.546688,0.830610,0.547197,0.807752,0.922651,0.507147,0.571061,0.428566,0.554132,0.136027,0.233217,0.319282,0.157715,-0.086408,0.155013,0.530448,0.588965,0.465026,0.579675,-0.017038,-0.123281,0.214195,0.284163,0.314629,0.316398,0.482770,0.524351,0.294936,0.133022,0.427720,0.457839,-0.219264,-0.026236,0.377138,0.324871,0.058407,0.218776,0.454226,0.595445
0.344971,0.394232,0.144728,0.274183,0.200000,0.387274,0.075653,0.320124,0.090908,0.223889,0.071743,0.327074,0.156026,0.180441,0.242169,0.018698,0.311962,0.388247,0.370517,0.429912,0.046640,0.082094,0.025826,-0.058239,-0.016212,-0.016634,0.340463,0.269887,0.067992,0.052996,-0.073880,-0.075579,0.379349,0.205987,0.220093,0.379300,-0.002104,0.475555,0.164986,0.442975,0.154801,0.423464,1.506354,0.000000,0.899159,1.005138,1.309061,1.351991,0.901552,0.796005,0.524177,0.641218,0.670727,0.442407,0.733303,0.799250,0.479560,0.582701,0.396442,0.562029,0.056895,0.323131,0.284716,0.274457,-0.178043,0.135869,0.497685,0.561942,0.389819,0.529952,0.069043,0.011119,0.289363,0.376543,0.423444,0.464171,0.499276,0.556514,0.314899,0.191419,0.476492,0.465114,-0.272109,-0.024878,0.268987,0.367042,0.091011,0.219421,0.367381,0.532598
0.392803,0.338987,0.297398,0.386350,0.268689,0.264163,0.193678,0.342924,0.267152,0.307667,0.161116,0.315606,0.213605,0.221893,0.269456,0.089166,0.264858,0.398889,0.375745,0.376903,-0.044574,-0.078077,0.296697,0.083008,0.165347,0.197317,0.277870,0.083794,0.046701,0.059974,0.030416,0.076399,0.576182,0.453157,0.504528,0.574556,0.000445,0.442937,0.163144,0.446331,0.091679,0.427623,0.823479,0.899159,0.000000,1.124213,0.755440,0.758545,0.695134,0.683457,0.303398,0.334380,0.343803,0.097830,0.522895,0.511982,0.487179,0.525188,0.380975,0.412609,0.252164,0.466389,0.364749,0.358854,0.148450,0.337460,0.586046,0.518905,0.337763,0.468062,0.059155,0.053712,0.161223,0.208209,0.192730,0.318291,0.387197,0.390184,0.139292,0.284851,0.469618,0.561516,-0.066789,0.041173,0.500858,0.388773,0.305888,0.299315,0.409609,0.426406
0.257050,0.351415,0.208909,0.463320,0.362047,0.341449,0.125050,0.416644,0.246895,0.449972,0.047915,0.483928,0.148614,0.294324,0.286748,0.247507,0.305413,0.392792,0.198156,0.371708,0.038864,0.101076,0.203769,0.199264,0.029388,0.131699,0.361449,0.187374,0.145286,0.208172,-0.082983,-0.023225,0.478543,0.385660,0.405911,0.626965,0.057695,0.501263,0.231566,0.573107,0.157985,0.576286,0.898561,1.005138,1.124213,0.000000,0.746307,0.887090,0.897802,0.913707,0.443044,0.617393,0.504677,0.379475,0.593549,0.736137,0.391692,0.483601,0.340897,0.589626,0.096360,0.502353,0.315472,0.386320,0.059791,0.314744,0.559457,0.735004,0.314110,0.477946,0.074963,0.005965,0.211302,0.291400,0.237189,0.368584,0.445119,0.482258,0.301586,0.270329,0.451165,0.686100,0.024169,0.117588,0.412670,0.574506,0.366132,0.389555,0.347107,0.509263
0.470527,0.538832,0.273840,0.407043,0.314944,0.383781,0.247303,0.437949,0.065179,0.075302,0.212861,0.319373,0.244157,0.147138,0.224143,-0.079693,0.155216,0.305354,0.411046,0.584407,-0.119971,0.105249,0.122362,0.088794,0.156313,0.088854,0.370119,0.281675,-0.069539,-0.081461,0.042732,0.043203,0.564215,0.304600,0.226270,0.398485,0.107090,0.257144,0.017213,0.356180,0.182751,0.253590,1.572200,1.309061,0.755440,0.746307,0.000000,1.641643,0.743458,0.531829,0.493723,0.458087,0.914565,0.545150,0.934069,1.035583,0.540826,0.663359,0.533342,0.658504,0.133630,0.298052,0.280995,0.203229,-0.184286,0.173122,0.579116,0.643446,0.533092,0.682994,-0.085377,-0.182179,0.137674,0.257088,0.285430,0.276638,0.372454,0.460165,0.184394,0.126069,0.301560,0.364637,-0.229316,-0.169245,0.309771,0.302881,-0.030262,0.100579,0.546576,0.777638
0.456372,0.482217,0.268369,0.450925,0.402115,0.440235,0.252238,0.518126,0.178395,0.180562,0.218683,0.347138,0.239696,0.200648,0.271059,0.005941,0.179823,0.263011,0.354495,0.580453,-0.068113,0.107126,0.145155,0.145403,0.140609,0.096579,0.413387,0.275972,-0.078102,-0.046082,-0.055174,-0.015429,0.477713,0.278031,0.185324,0.402148,0.098463,0.306763,0.130753,0.412471,0.159958,0.315270,1.417648,1.351991,0.758545,0.887090,1.641643,0.000000,0.859044,0.682726,0.518064,0.570122,0.917168,0.563137,0.891125,1.092581,0.505914,0.599455,0.550654,0.709231,0.123578,0.378306,0.223832,0.237789,-0.203504,0.219638,0.536492,0.640644,0.500867,0.682820,-0.071308,-0.169483,0.117069,0.218897,0.238001,0.246386,0.416499,0.493536,0.187662,0.098175,0.346841,0.424684,-0.207048,-0.098840,0.332492,0.369236,0.037108,0.157540,0.522039,0.775457
