0.000000,0.480847,0.508387,0.467581,-0.016792,0.046174,0.414989,0.349483,-0.014384,-0.049347,0.798208,0.368220,0.293543,0.264464,0.065452,-0.020558,0.510528,0.327853,0.876888,0.623978,0.170332,0.091136,0.377889,0.276564,0.051034,-0.006467,0.080288,0.043052,0.634571,0.456888,0.218216,0.211309,0.692641,0.645198,0.350180,0.155807,0.349454,0.195912,0.340061,0.309522,0.263430,0.339173,0.333527,0.430017,0.367413,0.473653,0.426791,0.238818,0.350303,0.399895,0.526712,0.353696,0.502649,0.258171,0.487162,0.268653,0.980438,0.435839,0.856566,0.641982,1.070195,0.521319,0.723588,0.630624,0.569216,0.380927,0.459511,0.374108,0.276088,0.185372,0.229919,0.145324,0.327900,0.243555,0.108873,0.104832,0.281188,0.231567,0.573421,0.355828,0.574098,0.500200,0.191154,0.085360,0.473115,0.545919,-0.283843,-0.237028,0.381013,0.176617
0.480847,0.000000,0.167586,0.331095,0.219878,0.216826,0.421237,0.433164,0.248528,0.326368,-0.010519,-0.209469,0.342107,0.515525,0.297019,0.495270,0.062313,-0.250011,0.351087,0.677178,0.303229,0.230111,0.099729,0.050432,0.195947,0.381955,0.039189,0.219596,0.362337,0.097726,0.444317,0.396363,0.863340,0.778936,0.377221,0.240608,0.212301,0.313757,0.235029,0.259338,0.165612,0.292019,0.439909,0.536969,0.560589,0.512584,0.525908,0.375223,0.419522,0.394182,0.567029,0.527794,0.517460,0.704799,0.383861,0.575292,0.609050,1.464820,0.449033,0.127711,0.524989,0.364215,0.320388,0.506361,0.302646,0.324990,0.826323,0.487417,0.659282,0.324794,0.341690,0.024847,0.198900,0.508005,0.138604,0.221267,0.391562,0.418120,0.366184,0.413040,0.513109,-0.018827,0.183076,0.140258,0.279153,0.051470,0.084665,0.412043,0.486773,0.715360
0.508387,0.167586,0.000000,1.056128,0.361677,0.336959,0.937268,0.747676,0.375896,0.275692,0.434984,0.165509,0.448685,0.329406,0.443218,0.346664,0.134209,0.092301,0.660548,0.213887,-0.073671,-0.100423,1.257441,0.935088,0.078160,0.155088,0.136257,0.052968,0.278055,0.197842,0.077432,0.046727,0.448435,0.366000,0.478429,0.180756,0.306816,0.208052,0.235816,0.352435,0.217097,0.267399,0.236908,0.215638,0.273666,0.289578,0.171097,0.132708,0.348508,0.480507,0.369990,0.442320,0.420858,0.354512,0.476511,0.305190,0.322936,0.127579,0.496928,0.361500,0.413867,0.296110,0.203261,0.130302,0.623385,0.546988,0.372644,0.307901,0.044054,-0.045454,0.101144,0.059243,0.017824,0.045532,0.048673,0.164958,0.300425,0.187583,0.118682,0.078001,0.153099,0.207692,0.424646,0.256417,0.229115,0.357231,0.068679,0.017873,0.375043,0.364914
0.467581,0.331095,1.056128,0.000000,0.344790,0.373031,0.756471,0.981987,0.449576,0.444847,0.332779,0.064722,0.424177,0.408761,0.435844,0.421808,0.159535,-0.044630,0.531555,0.364000,0.006389,-0.050729,0.931422,1.039555,0.077886,0.187906,0.076957,0.035359,0.299504,0.108820,0.131456,0.156152,0.529300,0.572208,0.475821,0.303830,0.290123,0.203459,0.212817,0.363561,0.259688,0.283562,0.343189,0.281100,0.377415,0.391179,0.278839,0.168478,0.497250,0.607531,0.472504,0.605651,0.410645,0.422819,0.421525,0.366076,0.389917,0.256492,0.454708,0.351555,0.437243,0.394304,0.232675,0.165514,0.541048,0.742209,0.462978,0.467635,0.133769,0.022647,0.177240,0.003549,0.019148,0.131378,0.051635,0.193829,0.399494,0.341245,0.180580,0.098888,0.291017,0.120927,0.385593,0.254583,0.275032,0.318440,0.082893,0.140861,0.493322,0.490179
-0.016792,0.219878,0.361677,0.344790,0.000000,0.739700,0.570927,0.479138,0.823968,0.517292,-0.080274,-0.256979,0.513945,0.338753,0.630504,0.660313,-0.220022,-0.319825,0.031001,0.033679,-0.083490,-0.134167,0.266767,0.284966,0.450013,0.529817,0.178853,0.243203,0.038240,-0.121136,-0.022823,-0.060427,0.212898,0.161090,0.193833,0.161287,0.248737,0.282288,0.186796,0.295488,-0.064702,0.096158,0.286752,0.058757,0.209557,0.159224,0.133650,0.165130,0.262918,0.307914,0.236581,0.366451,0.277965,0.448722,0.408978,0.388390,0.083520,0.218818,0.234131,0.065646,0.133131,0.159328,-0.097013,-0.130761,0.188524,0.313659,0.346791,0.241468,0.110282,-0.024177,0.067854,-0.057240,-0.158056,0.014999,0.067915,0.162703,0.231048,0.167980,-0.159251,-0.004105,-0.046240,-0.186679,0.440780,0.294052,-0.080063,-0.035649,0.405297,0.426155,0.273012,0.490063
0.046174,0.216826,0.336959,0.373031,0.739700,0.000000,0.374286,0.487765,0.465805,0.552503,-0.014494,-0.103446,0.301572,0.285238,0.394605,0.622630,-0.108302,-0.179552,0.058355,0.115857,-0.109893,0.015179,0.265412,0.252547,0.449085,0.397236,0.207405,0.329685,0.076000,0.013848,0.061558,0.022433,0.211207,0.220055,0.214018,0.238974,0.169198,0.222684,0.105900,0.199466,-0.131607,-0.008111,0.294282,0.147046,0.228293,0.211944,0.234967,0.236848,0.259368,0.295156,0.273238,0.366364,0.221122,0.444360,0.326458,0.398113,0.103958,0.238433,0.189932,0.094339,0.112197,0.220291,-0.033731,-0.009524,0.167178,0.350562,0.379963,0.358544,0.178562,0.068972,0.055346,-0.059784,-0.050155,0.016946,0.033107,0.169195,0.206517,0.285805,-0.042327,0.119652,-0.000203,-0.055278,0.189809,0.342844,-0.040773,0.100580,0.201551,0.341593,0.265680,0.477115
0.414989,0.421237,0.937268,0.756471,0.570927,0.374286,0.000000,0.924773,0.608709,0.404530,0.145253,-0.132756,0.866500,0.548646,0.725328,0.617339,-0.147142,-0.230864,0.572945,0.190645,0.158991,0.009074,0.730397,0.591190,0.238984,0.359836,0.152534,0.202782,0.231559,0.036999,0.223833,0.158303,0.573372,0.462995,0.500075,0.244075,0.251740,0.302180,0.189876,0.341347,0.205020,0.331750,0.277740,0.311537,0.403071,0.397019,0.182943,0.174560,0.424291,0.547907,0.488604,0.587631,0.582852,0.529967,0.536637,0.510832,0.374602,0.370149,0.507175,0.186069,0.462885,0.348662,0.073714,0.109478,0.645240,0.512684,0.519340,0.332814,0.037454,-0.155682,0.302339,0.159926,0.165825,0.332643,0.176395,0.245024,0.471700,0.260486,0.050880,0.107067,0.073587,-0.083510,0.412471,0.276988,0.057724,0.074339,0.374365,0.360655,0.375404,0.686449
0.349483,0.433164,0.747676,0.981987,0.479138,0.487765,0.924773,0.000000,0.557508,0.427129,0.219770,0.041254,0.638393,0.741996,0.530218,0.707433,0.056868,-0.129533,0.411323,0.282459,0.091377,0.021939,0.706980,0.830099,0.214002,0.461708,0.160097,0.204270,0.337962,0.190012,0.270369,0.325931,0.525136,0.614539,0.508631,0.387287,0.307346,0.315584,0.228312,0.376753,0.237451,0.296899,0.327699,0.361868,0.391584,0.476904,0.231107,0.190107,0.481643,0.705985,0.499584,0.746032,0.444963,0.461174,0.465638,0.545799,0.314350,0.291713,0.375663,0.316742,0.446713,0.673311,0.211652,0.216413,0.647136,1.018290,0.451080,0.467852,0.060030,-0.117865,0.280095,0.056109,0.097249,0.307112,0.076931,0.264557,0.431842,0.444076,0.156782,0.154775,0.251258,0.005629,0.358411,0.374128,0.214829,0.248804,0.125684,0.287073,0.500899,0.675988
-0.014384,0.248528,0.375896,0.449576,0.823968,0.465805,0.608709,0.557508,0.000000,0.415286,-0.097647,-0.224365,0.645128,0.483309,0.814432,0.653704,-0.308469,-0.292981,0.047925,0.052627,0.077582,-0.073617,0.369046,0.386749,0.452366,0.482489,0.048662,0.151927,-0.017677,-0.133590,0.058819,0.019556,0.187496,0.176433,0.249765,0.204464,0.168469,0.272079,0.066940,0.196135,0.035916,0.174325,0.179066,0.064611,0.175063,0.129219,0.165163,0.127014,0.200550,0.278693,0.211014,0.356240,0.289571,0.439522,0.335879,0.334556,0.115305,0.205062,0.167945,0.020577,0.072135,0.111386,-0.162975,-0.148123,0.232123,0.281307,0.294875,0.234966,0.053426,-0.058922,0.167482,0.034268,-0.068647,0.066352,0.075717,0.205709,0.308604,0.251246,-0.125598,0.015935,-0.092369,-0.211963,0.356987,0.320138,-0.167602,-0.100906,0.482205,0.442267,0.253199,0.492130
-0.049347,0.326368,0.275692,0.444847,0.517292,0.552503,0.404530,0.427129,0.415286,0.000000,-0.191887,-0.401378,0.296078,0.285274,0.398845,0.707978,-0.185662,-0.519348,0.025110,0.023661,0.062052,-0.008525,0.261672,0.279637,0.069948,0.231329,0.031216,0.068307,0.021145,-0.330870,0.107988,0.080415,0.254168,0.243029,0.197579,0.178413,0.090894,0.222055,0.096556,0.194550,-0.033818,0.021352,0.451209,0.163151,0.341944,0.199091,0.261932,0.311936,0.331712,0.331157,0.237559,0.431483,0.108301,0.439918,0.238781,0.439789,0.048785,0.334282,0.097164,-0.123890,0.039968,0.079105,-0.131587,-0.174302,0.194572,0.348373,0.357865,0.185000,0.116898,-0.062413,0.231181,-0.024506,-0.102301,0.149341,0.100599,0.135521,0.213896,0.254050,-0.104219,-0.068098,0.053709,-0.353225,0.227099,0.164701,0.000368,-0.149405,0.286135,0.607578,0.422195,0.624326
0.798208,-0.010519,0.434984,0.332779,-0.080274,-0.014494,0.145253,0.219770,-0.097647,-0.191887,0.000000,0.623462,0.203144,0.215674,-0.097067,-0.167198,0.679267,0.545470,0.544233,0.264529,0.037313,0.007165,0.415596,0.366712,-0.096622,-0.129426,0.179968,0.010753,0.586770,0.510841,0.080085,0.109070,0.242512,0.260853,0.229711,0.108254,0.238426,0.003553,0.293465,0.245065,0.296528,0.239044,0.116802,0.181717,0.039309,0.188737,0.125713,0.017945,0.186883,0.292538,0.282982,0.183145,0.222595,-0.033830,0.301262,0.083777,0.410842,-0.073844,0.511780,0.688464,0.589683,0.411016,0.542548,0.336999,0.414305,0.340516,0.081644,0.155399,-0.020732,0.011774,0.049124,0.070606,0.164046,0.036746,-0.008645,0.060117,0.090333,0.052739,0.502463,0.169934,0.370679,0.537909,0.150020,0.054240,0.382559,0.538582,-0.381610,-0.410645,0.206610,-0.082835
0.368220,-0.209469,0.165509,0.064722,-0.256979,-0.103446,-0.132756,0.041254,-0.224365,-0.401378,0.623462,0.000000,-0.125441,0.158872,-0.320558,-0.407514,0.349886,1.684202,0.142151,0.306026,-0.035380,0.056548,0.160823,0.175843,-0.033426,-0.268159,0.094787,0.035660,0.198962,0.894601,0.040369,0.073855,0.023334,0.130090,-0.014275,0.061693,0.065440,0.008255,0.124135,0.053788,0.124714,0.050909,-0.081854,0.074584,-0.132699,0.126788,0.092978,-0.030984,-0.047876,0.097471,0.041777,-0.121454,0.141336,-0.287007,0.134793,-0.244125,0.238390,-0.255468,0.240366,0.661023,0.261578,0.323536,0.325958,0.448308,0.117090,0.125163,-0.118773,0.253655,0.002886,0.172875,-0.086702,0.093334,0.090195,-0.068959,-0.112566,-0.057050,-0.066093,0.007430,0.194934,0.346942,-0.013019,1.049944,-0.083388,0.178278,-0.059305,0.748977,-0.396449,-0.936952,-0.218280,-0.504590
0.293543,0.342107,0.448685,0.424177,0.513945,0.301572,0.866500,0.638393,0.645128,0.296078,0.203144,-0.125441,0.000000,0.701722,0.836744,0.693945,-0.328836,-0.232244,0.364429,0.127088,0.279016,0.108651,0.449965,0.396991,0.346211,0.337287,0.218533,0.246243,0.256783,0.055418,0.351358,0.301699,0.395903,0.395125,0.464028,0.289935,0.230933,0.239716,0.300526,0.376150,0.131843,0.306491,0.232090,0.296599,0.236563,0.280803,0.148849,0.082723,0.327656,0.437323,0.460764,0.485991,0.517960,0.333951,0.472853,0.482819,0.414795,0.299952,0.390168,0.178520,0.386703,0.378099,-0.033001,0.034992,0.568182,0.432116,0.304682,0.237055,-0.092728,-0.197061,0.389835,0.149540,0.223849,0.325060,0.202010,0.192257,0.382186,0.248847,0.026630,0.096027,-0.086640,-0.129498,0.356767,0.340458,-0.178403,0.020612,0.612028,0.410291,0.233588,0.603853
0.264464,0.515525,0.329406,0.408761,0.338753,0.285238,0.548646,0.741996,0.483309,0.285274,0.215674,0.158872,0.701722,0.000000,0.433905,0.622322,-0.071886,0.007633,0.251396,0.210762,0.318539,0.200219,0.369812,0.417004,0.273724,0.387077,0.179584,0.307509,0.293789,0.219465,0.433916,0.461295,0.370317,0.424869,0.422120,0.341000,0.200250,0.265888,0.234809,0.315315,0.216174,0.324584,0.214076,0.417664,0.250691,0.370933,0.197184,0.150869,0.338230,0.489253,0.414794,0.501226,0.467336,0.339240,0.423064,0.449046,0.336721,0.353442,0.308887,0.283773,0.348886,0.547264,0.118363,0.245204,0.440331,0.517672,0.343801,0.387961,0.018466,-0.149577,0.379884,0.114750,0.183436,0.358252,0.134405,0.200221,0.302698,0.337736,0.187478,0.256186,0.089406,-0.019710,0.218639,0.344101,-0.012418,0.077679,0.263610,0.355618,0.315912,0.523596
0.065452,0.297019,0.443218,0.435844,0.630504,0.394605,0.725328,0.530218,0.814432,0.398845,-0.097067,-0.320558,0.836744,0.433905,0.000000,0.940811,-0.334681,-0.423055,0.208039,0.000910,0.228192,-0.018873,0.492641,0.424234,0.407818,0.464900,0.293758,0.255805,0.178509,-0.106687,0.237938,0.161144,0.337734,0.247742,0.374838,0.204485,0.176980,0.266761,0.206845,0.341150,0.087406,0.221245,0.338673,0.220368,0.284392,0.231816,0.214019,0.197483,0.328369,0.380730,0.397233,0.485074,0.437488,0.457867,0.390913,0.545504,0.241680,0.325007,0.277709,0.075643,0.169987,0.179098,-0.109049,-0.091660,0.360778,0.358323,0.306293,0.188851,0.004166,-0.185157,0.266649,0.081602,0.056573,0.208453,0.112527,0.209160,0.355243,0.208667,-0.081102,0.072000,-0.030034,-0.215135,0.515878,0.373705,-0.100824,-0.016201,0.648341,0.545719,0.296053,0.696496
-0.020558,0.495270,0.346664,0.421808,0.660313,0.622630,0.617339,0.707433,0.653704,0.707978,-0.167198,-0.407514,0.693945,0.622322,0.940811,0.000000,-0.257172,-0.578961,0.109330,0.026519,0.171737,0.057642,0.378179,0.401290,0.345399,0.644273,0.298980,0.350434,0.207694,-0.154601,0.306055,0.294701,0.333006,0.315574,0.421889,0.280643,0.161789,0.281922,0.226051,0.336164,0.035707,0.161153,0.408404,0.302037,0.339129,0.254094,0.209691,0.265267,0.371385,0.419175,0.400003,0.603812,0.302197,0.522227,0.376797,0.724940,0.163988,0.485939,0.161246,-0.018739,0.126041,0.253979,-0.086860,-0.052844,0.353096,0.487010,0.382777,0.213200,0.095198,-0.174920,0.279100,-0.031239,0.034237,0.333068,0.151953,0.263489,0.337380,0.300848,0.003745,0.084878,0.078679,-0.362226,0.426184,0.386009,-0.007056,-0.086074,0.556238,0.865218,0.458169,1.002299
0.510528,0.062313,0.134209,0.159535,-0.220022,-0.108302,-0.147142,0.056868,-0.308469,-0.185662,0.679267,0.349886,-0.328836,-0.071886,-0.334681,-0.257172,0.000000,0.332981,0.276442,0.289992,-0.105807,-0.111989,0.124866,0.129115,-0.284712,-0.141080,0.011857,-0.112442,0.651292,0.331126,-0.050359,-0.017917,0.223864,0.201948,0.026793,-0.000064,0.186382,-0.009900,0.207371,0.093243,0.236939,0.097987,0.186277,0.111285,0.147554,0.186270,0.164381,0.099837,0.238110,0.175770,0.225816,0.152911,0.010097,-0.043742,0.153549,0.063901,0.140767,-0.033976,0.384991,0.423615,0.469050,0.247751,0.948860,0.417179,0.202578,0.249529,0.120513,0.049134,0.224800,0.153042,-0.106896,-0.183785,0.056024,0.010488,-0.108670,-0.001091,0.043248,0.101799,0.692130,0.159411,0.993705,0.390180,0.134496,-0.098359,1.078326,0.390303,-0.886736,-0.344986,0.411232,-0.145334
0.327853,-0.250011,0.092301,-0.044630,-0.319825,-0.179552,-0.230864,-0.129533,-0.292981,-0.519348,0.545470,1.684202,-0.232244,0.007633,-0.423055,-0.578961,0.332981,0.000000,0.083622,0.300235,-0.080025,0.024684,0.049929,0.030096,-0.076464,-0.356004,-0.008207,-0.043652,0.089064,0.845152,-0.047441,-0.034916,-0.036348,0.034407,-0.104539,-0.002660,0.020509,-0.033501,0.028911,-0.043350,0.085367,0.015779,-0.157898,0.011178,-0.185969,0.060925,0.084361,-0.035950,-0.128059,-0.014564,-0.039522,-0.246247,0.101170,-0.291443,0.100952,-0.366039,0.236368,-0.241305,0.184975,0.573598,0.184442,0.187173,0.313922,0.458455,0.022836,-0.042745,-0.143933,0.220238,0.074523,0.282858,-0.180504,0.048032,0.091518,-0.120903,-0.129037,-0.081167,-0.112517,-0.093006,0.191951,0.360334,-0.037707,1.123598,-0.138100,0.132222,-0.083601,0.670528,-0.412546,-1.110997,-0.292102,-0.634067
0.876888,0.351087,0.660548,0.531555,0.031001,0.058355,0.572945,0.411323,0.047925,0.025110,0.544233,0.142151,0.364429,0.251396,0.208039,0.109330,0.276442,0.083622,0.000000,0.495118,0.118610,0.059608,0.592189,0.413538,0.056376,0.090770,0.056146,0.029627,0.463570,0.252878,0.218457,0.163809,0.587083,0.522640,0.379589,0.060561,0.326273,0.166840,0.218961,0.229798,0.190605,0.267130,0.241885,0.335920,0.293141,0.364725,0.265753,0.191660,0.363681,0.376409,0.387865,0.325054,0.390836,0.230769,0.364428,0.308907,0.561046,0.301375,0.609459,0.436646,0.671871,0.412940,0.411869,0.405242,0.528180,0.362159,0.359987,0.221249,0.107345,-0.001802,0.293870,0.217756,0.260557,0.191832,0.070883,0.113666,0.325943,0.222094,0.339613,0.146374,0.333228,0.180435,0.215333,0.048707,0.339486,0.258417,-0.094473,-0.051819,0.285795,0.238762
0.623978,0.677178,0.213887,0.364000,0.033679,0.115857,0.190645,0.282459,0.052627,0.023661,0.264529,0.306026,0.127088,0.210762,0.000910,0.026519,0.289992,0.300235,0.495118,0.000000,0.139184,0.131970,0.115280,0.095043,0.101916,0.078999,0.022158,0.092516,0.407463,0.533022,0.286491,0.246224,0.752373,0.793025,0.185881,0.163239,0.293803,0.214942,0.267615,0.203423,0.138250,0.259168,0.343493,0.394666,0.369615,0.464483,0.645177,0.309414,0.339908,0.301747,0.443758,0.225211,0.463985,0.325550,0.396202,0.218845,0.707356,0.602790,0.515507,0.376911,0.597597,0.361199,0.499928,0.631211,0.203962,0.236806,0.630453,0.578421,0.846785,0.797342,0.214083,0.077000,0.165544,0.217148,0.035235,0.090783,0.367758,0.473611,0.407186,0.413313,0.443701,0.503952,0.101245,0.128672,0.185521,0.376524,-0.185305,-0.206685,0.219794,0.135439
0.170332,0.303229,-0.073671,0.006389,-0.083490,-0.109893,0.158991,0.091377,0.077582,0.062052,0.037313,-0.035380,0.279016,0.318539,0.228192,0.171737,-0.105807,-0.080025,0.118610,0.139184,0.000000,0.358811,0.063543,0.037805,0.253513,0.231213,0.253571,0.265622,0.180622,0.049991,0.509321,0.510298,0.241320,0.211723,0.138621,0.098514,0.018421,0.035966,0.099917,0.061345,0.130107,0.209258,0.072436,0.239108,0.107467,0.134099,0.173047,0.064903,0.064882,0.116166,0.223092,0.120276,0.256718,0.197617,0.128875,0.188222,0.252869,0.304535,0.128287,0.069013,0.190285,0.129327,0.025816,0.122241,0.143293,0.024928,0.183507,0.136618,0.073861,-0.027815,0.555583,0.419023,0.348836,0.412312,0.245837,0.089541,0.139221,0.122625,0.119031,0.108878,0.079669,0.005196,-0.127425,-0.061044,-0.045872,-0.011304,0.081091,0.110514,0.060639,0.288147
0.091136,0.230111,-0.100423,-0.050729,-0.134167,0.015179,0.009074,0.021939,-0.073617,-0.008525,0.007165,0.056548,0.108651,0.200219,-0.018873,0.057642,-0.111989,0.024684,0.059608,0.131970,0.358811,0.000000,-0.067572,-0.087404,0.136969,0.013773,0.093641,0.259163,0.115629,0.164058,0.449568,0.451633,0.154936,0.209429,0.088240,0.066824,-0.041514,0.109275,0.045088,0.059776,0.098637,0.222376,0.023042,0.282126,0.115247,0.131960,0.157744,0.102462,0.037870,0.073366,0.151419,0.076246,0.132687,0.116078,0.066663,0.112900,0.159541,0.205452,0.081568,0.081435,0.091137,0.133887,0.026732,0.205354,0.053167,0.009999,0.167067,0.176665,0.049465,0.013705,0.362810,0.301101,0.261746,0.326493,0.146298,0.092292,0.016268,0.136869,0.182150,0.256160,0.009161,0.040016,-0.296182,-0.068381,-0.098461,0.035001,-0.024179,0.023765,-0.056585,0.151935
0.377889,0.099729,1.257441,0.931422,0.266767,0.265412,0.730397,0.706980,0.369046,0.261672,0.415596,0.160823,0.449965,0.369812,0.492641,0.378179,0.124866,0.049929,0.592189,0.115280,0.063543,-0.067572,0.000000,1.296863,0.078845,0.165173,0.168996,0.050978,0.318746,0.159097,0.219206,0.201090,0.406255,0.346020,0.515411,0.204983,0.275434,0.222454,0.217176,0.326008,0.182411,0.185957,0.214902,0.164398,0.187751,0.224282,0.137100,0.101834,0.277477,0.441418,0.303078,0.419632,0.337987,0.234286,0.355312,0.283888,0.220815,0.057797,0.373625,0.373116,0.341805,0.313964,0.161270,0.111792,0.605237,0.553073,0.203886,0.216921,-0.103130,-0.214816,0.233017,0.178950,0.053838,0.088021,0.032305,0.185442,0.311098,0.209646,0.088735,0.049719,0.142138,0.136747,0.386810,0.243206,0.206552,0.318344,0.071319,0.023916,0.372849,0.348879
0.276564,0.050432,0.935088,1.039555,0.284966,0.252547,0.591190,0.830099,0.386749,0.279637,0.366712,0.175843,0.396991,0.417004,0.424234,0.401290,0.129115,0.030096,0.413538,0.095043,0.037805,-0.087404,1.296863,0.000000,0.062672,0.216710,0.169226,0.053188,0.288702,0.135472,0.157840,0.248088,0.282847,0.335156,0.452210,0.262281,0.270389,0.200096,0.188911,0.338837,0.237217,0.181217,0.225031,0.156296,0.195412,0.224083,0.120901,0.088916,0.307372,0.466254,0.277039,0.410439,0.247809,0.174465,0.316092,0.290543,0.171416,-0.004152,0.273359,0.387795,0.282616,0.374483,0.147125,0.063572,0.502966,0.656106,0.158170,0.243768,-0.141779,-0.257225,0.190216,0.111108,0.015743,0.081294,0.049799,0.165909,0.310426,0.238766,0.083113,0.020532,0.139459,0.101951,0.388956,0.239890,0.208735,0.346649,0.068747,0.028496,0.387240,0.349119
0.051034,0.195947,0.078160,0.077886,0.450013,0.449085,0.238984,0.214002,0.452366,0.069948,-0.096622,-0.033426,0.346211,0.273724,0.407818,0.345399,-0.284712,-0.076464,0.056376,0.101916,0.253513,0.136969,0.078845,0.062672,0.000000,0.746126,0.190675,0.415535,-0.051654,-0.001815,0.288608,0.251446,0.165618,0.172415,0.261699,0.135936,0.020336,0.111071,0.039389,0.091414,-0.070880,0.034345,0.140895,0.113318,0.074340,0.058526,0.133830,0.131391,0.001101,0.093216,0.197543,0.177968,0.221557,0.240966,0.190063,0.131275,0.192621,0.222376,0.120995,0.060120,0.095356,0.108833,-0.133687,0.044972,0.144639,0.134158,0.234370,0.236172,0.124675,0.072059,0.173715,0.079779,0.129490,0.062255,0.016669,-0.027379,0.054652,0.098367,-0.107971,0.139878,-0.131352,-0.020130,0.046113,0.238564,-0.200499,0.095553,0.232605,0.152907,0.018370,0.238741
-0.006467,0.381955,0.155088,0.187906,0.529817,0.397236,0.359836,0.461708,0.482489,0.231329,-0.129426,-0.268159,0.337287,0.387077,0.464900,0.644273,-0.141080,-0.356004,0.090770,0.078999,0.231213,0.013773,0.165173,0.216710,0.746126,0.000000,0.202303,0.414434,0.087912,-0.078259,0.316772,0.334761,0.215905,0.233442,0.351519,0.225510,0.090139,0.183747,0.163634,0.193747,0.007205,0.114609,0.230531,0.162103,0.186865,0.112802,0.111658,0.193332,0.127099,0.191625,0.230052,0.354385,0.187899,0.392013,0.240115,0.376876,0.107766,0.385318,0.074900,-0.021835,0.098913,0.183696,-0.037136,0.013038,0.195126,0.300857,0.335858,0.237112,0.150048,-0.010217,0.206795,0.009113,0.046408,0.183640,0.051655,0.106717,0.185426,0.178978,-0.034867,0.067629,0.095923,-0.200584,0.263552,0.203717,0.065611,-0.009653,0.191880,0.421533,0.271516,0.517305
0.080288,0.039189,0.136257,0.076957,0.178853,0.207405,0.152534,0.160097,0.048662,0.031216,0.179968,0.094787,0.218533,0.179584,0.293758,0.298980,0.011857,-0.008207,0.056146,0.022158,0.253571,0.093641,0.168996,0.169226,0.190675,0.202303,0.000000,0.731325,0.285284,0.163876,0.140772,0.193212,0.109233,0.080470,0.133230,0.069839,0.045528,-0.022256,0.366519,0.340866,0.168283,0.236262,0.189077,0.159791,0.058150,0.057974,0.003594,-0.111318,0.145420,0.159421,0.192296,0.118856,0.199114,0.064366,0.125328,0.233115,0.120092,0.060862,0.110343,0.225778,0.195620,0.204740,0.114638,0.043610,0.170775,0.236202,0.068633,0.096483,0.035534,-0.010182,0.095909,0.082374,-0.076010,0.095451,0.063133,0.052769,-0.088739,0.054070,0.069613,0.000128,0.044687,0.177764,0.122302,0.048113,0.028121,0.148163,0.079544,0.062510,0.075633,0.209977
0.043052,0.219596,0.052968,0.035359,0.243203,0.329685,0.202782,0.204270,0.151927,0.068307,0.010753,0.035660,0.246243,0.307509,0.255805,0.350434,-0.112442,-0.043652,0.029627,0.092516,0.265622,0.259163,0.050978,0.053188,0.415535,0.414434,0.731325,0.000000,0.150497,0.180718,0.331077,0.324161,0.166030,0.200929,0.213821,0.183009,0.017174,0.094549,0.226332,0.237339,0.130917,0.219940,0.183198,0.212755,0.109367,0.138794,0.063517,0.024191,0.146392,0.178800,0.250126,0.186093,0.237378,0.153169,0.137639,0.246653,0.155907,0.228386,0.104789,0.114079,0.169625,0.252650,0.062830,0.148609,0.172781,0.224663,0.189121,0.197196,0.124730,0.064370,0.174459,0.085377,0.048205,0.201123,0.080859,0.057985,-0.004564,0.101286,0.065469,0.196337,0.007024,0.097810,0.046621,0.150710,-0.084836,0.125647,0.146474,0.152846,0.002228,0.278019
0.634571,0.362337,0.278055,0.299504,0.038240,0.076000,0.231559,0.337962,-0.017677,0.021145,0.586770,0.198962,0.256783,0.293789,0.178509,0.207694,0.651292,0.089064,0.463570,0.407463,0.180622,0.115629,0.318746,0.288702,-0.051654,0.087912,0.285284,0.150497,0.000000,0.568598,0.421109,0.431468,0.555306,0.579965,0.302562,0.204747,0.371746,0.224427,0.710724,0.597490,0.391540,0.470397,0.457494,0.467351,0.377604,0.428831,0.377482,0.203074,0.455348,0.466454,0.563868,0.446838,0.327044,0.165731,0.405404,0.525976,0.461785,0.266793,0.611033,0.534476,0.695064,0.502045,0.750133,0.420452,0.451293,0.460696,0.364053,0.243632,0.158288,0.032572,0.307526,0.045984,0.170667,0.312154,0.050253,0.138977,0.299728,0.407106,0.694656,0.300150,0.837434,0.341734,0.322686,0.155758,0.657449,0.454526,-0.255624,-0.015248,0.541176,0.274803
0.456888,0.097726,0.197842,0.108820,-0.121136,0.013848,0.036999,0.190012,-0.133590,-0.330870,0.510841,0.894601,0.055418,0.219465,-0.106687,-0.154601,0.331126,0.845152,0.252878,0.533022,0.049991,0.164058,0.159097,0.135472,-0.001815,-0.078259,0.163876,0.180718,0.568598,0.000000,0.329603,0.332975,0.315630,0.449108,0.086836,0.142939,0.191052,0.177600,0.443095,0.354260,0.232269,0.301058,0.094250,0.264114,0.058301,0.305476,0.255341,0.070705,0.145689,0.262992,0.277299,0.076462,0.323623,-0.083223,0.245505,0.095018,0.443901,0.057547,0.368114,0.677574,0.440541,0.542945,0.520083,0.674534,0.215729,0.233464,0.127225,0.351563,0.137269,0.279433,0.059881,0.111739,0.103979,0.153595,-0.098951,0.057544,0.108065,0.230188,0.347950,0.528165,0.234945,1.068270,0.102991,0.298069,0.079700,0.857111,-0.251336,-0.554656,-0.042253,-0.162077
0.218216,0.444317,0.077432,0.131456,-0.022823,0.061558,0.223833,0.270369,0.058819,0.107988,0.080085,0.040369,0.351358,0.433916,0.237938,0.306055,-0.050359,-0.047441,0.218457,0.286491,0.509321,0.449568,0.219206,0.157840,0.288608,0.316772,0.140772,0.331077,0.421109,0.329603,0.000000,1.329278,0.505729,0.548140,0.501358,0.308393,0.127809,0.229080,0.349504,0.233494,0.138739,0.216078,0.267745,0.449205,0.298067,0.314811,0.307137,0.263306,0.128879,0.216328,0.362248,0.260704,0.287941,0.169595,0.197350,0.339497,0.327984,0.392328,0.222022,0.143987,0.277390,0.317959,0.120521,0.282990,0.322601,0.260854,0.387935,0.322486,0.126125,0.021372,0.540082,0.312703,0.296786,0.427591,0.143181,0.165935,0.290006,0.333801,0.263134,0.349850,0.181145,0.083451,0.013777,0.175850,0.012174,0.182278,0.087618,0.153634,0.224535,0.376969
0.211309,0.396363,0.046727,0.156152,-0.060427,0.022433,0.158303,0.325931,0.019556,0.080415,0.109070,0.073855,0.301699,0.461295,0.161144,0.294701,-0.017917,-0.034916,0.163809,0.246224,0.510298,0.451633,0.201090,0.248088,0.251446,0.334761,0.193212,0.324161,0.431468,0.332975,1.329278,0.000000,0.388151,0.485310,0.465449,0.335503,0.090501,0.145756,0.345157,0.269880,0.188464,0.245772,0.227080,0.453954,0.239821,0.282300,0.265021,0.197480,0.094262,0.207929,0.328649,0.248863,0.252825,0.160692,0.158481,0.340538,0.295104,0.323439,0.165704,0.176236,0.249304,0.332735,0.130296,0.248516,0.298846,0.302907,0.321218,0.318440,0.060359,-0.036130,0.511545,0.335680,0.311517,0.441782,0.135479,0.135941,0.204347,0.328508,0.281992,0.290407,0.192108,0.106566,-0.053243,0.089059,0.069513,0.235481,0.030950,0.119796,0.233631,0.394481
0.692641,0.863340,0.448435,0.529300,0.212898,0.211207,0.573372,0.525136,0.187496,0.254168,0.242512,0.023334,0.395903,0.370317,0.337734,0.333006,0.223864,-0.036348,0.587083,0.752373,0.241320,0.154936,0.406255,0.282847,0.165618,0.215905,0.109233,0.166030,0.555306,0.315630,0.505729,0.388151,0.000000,1.248903,0.440838,0.326528,0.405597,0.338247,0.407851,0.377337,0.222840,0.343816,0.544634,0.485659,0.657419,0.680775,0.599709,0.404609,0.559281,0.540893,0.669197,0.550198,0.592179,0.531872,0.494691,0.509964,0.764520,0.779209,0.689205,0.351243,0.823682,0.517130,0.487884,0.531192,0.507540,0.506453,0.821113,0.580932,0.508188,0.313807,0.380043,0.095300,0.168573,0.356641,0.068250,0.198778,0.515436,0.495745,0.376247,0.415342,0.553978,0.240115,0.348631,0.225682,0.333431,0.319629,0.001723,0.106998,0.478453,0.496425
0.645198,0.778936,0.366000,0.572208,0.161090,0.220055,0.462995,0.614539,0.176433,0.243029,0.260853,0.130090,0.395125,0.424869,0.247742,0.315574,0.201948,0.034407,0.522640,0.793025,0.211723,0.209429,0.346020,0.335156,0.172415,0.233442,0.080470,0.200929,0.579965,0.449108,0.548140,0.485310,1.248903,0.000000,0.466928,0.395711,0.401867,0.376733,0.455172,0.448035,0.192315,0.338855,0.549942,0.537767,0.610983,0.700227,0.588331,0.398885,0.570328,0.628714,0.677430,0.596447,0.492612,0.362058,0.473088,0.488310,0.757502,0.665149,0.603523,0.423178,0.781235,0.690337,0.464384,0.593150,0.501740,0.642959,0.667389,0.607851,0.389217,0.260029,0.362367,0.038817,0.177304,0.380566,0.070440,0.189990,0.519897,0.587600,0.362799,0.483063,0.502301,0.284175,0.320031,0.292033,0.265496,0.422333,0.000667,0.064701,0.384966,0.419936
0.350180,0.377221,0.478429,0.475821,0.193833,0.214018,0.500075,0.508631,0.249765,0.197579,0.229711,-0.014275,0.464028,0.422120,0.374838,0.421889,0.026793,-0.104539,0.379589,0.185881,0.138621,0.088240,0.515411,0.452210,0.261699,0.351519,0.133230,0.213821,0.302562,0.086836,0.501358,0.465449,0.440838,0.466928,0.000000,0.455484,0.134897,0.181947,0.265867,0.298840,0.147144,0.202092,0.293984,0.396366,0.344595,0.338336,0.181659,0.171752,0.305089,0.417694,0.484585,0.524148,0.340161,0.231478,0.334772,0.368827,0.331854,0.316802,0.394432,0.191354,0.388132,0.343027,0.136744,0.181467,0.702998,0.576091,0.429055,0.319824,0.073503,-0.084272,0.193026,0.017614,0.128783,0.241164,0.066579,0.165604,0.347645,0.308778,0.262391,0.237608,0.212277,0.017806,0.254836,0.211747,0.186281,0.219931,0.149552,0.256036,0.363261,0.454019
0.155807,0.240608,0.180756,0.303830,0.161287,0.238974,0.244075,0.387287,0.204464,0.178413,0.108254,0.061693,0.289935,0.341000,0.204485,0.280643,-0.000064,-0.002660,0.060561,0.163239,0.098514,0.066824,0.204983,0.262281,0.135936,0.225510,0.069839,0.183009,0.204747,0.142939,0.308393,0.335503,0.326528,0.395711,0.455484,0.000000,0.155137,0.164980,0.195049,0.197493,0.092457,0.084656,0.261373,0.304141,0.294424,0.381187,0.241444,0.166522,0.312921,0.353236,0.377577,0.389498,0.295302,0.204932,0.324532,0.287238,0.239934,0.179393,0.290597,0.217474,0.273720,0.363973,0.139256,0.173214,0.318924,0.467181,0.340960,0.463903,0.081747,0.013436,0.131256,0.008163,0.131278,0.177441,0.101045,0.125491,0.282547,0.317392,0.130899,0.192508,0.118048,0.094584,0.183859,0.218753,0.032877,0.231307,0.130449,0.145414,0.188741,0.314838
0.349454,0.212301,0.306816,0.290123,0.248737,0.169198,0.251740,0.307346,0.168469,0.090894,0.238426,0.065440,0.230933,0.200250,0.176980,0.161789,0.186382,0.020509,0.326273,0.293803,0.018421,-0.041514,0.275434,0.270389,0.020336,0.090139,0.045528,0.017174,0.371746,0.191052,0.127809,0.090501,0.405597,0.401867,0.134897,0.155137,0.000000,0.487849,0.319946,0.329043,0.138193,0.138749,0.326076,0.148071,0.271781,0.292540,0.315698,0.241433,0.259635,0.259252,0.223682,0.240881,0.210892,0.191099,0.364604,0.239831,0.331349,0.191786,0.351725,0.297486,0.420479,0.300465,0.236642,0.131781,0.178846,0.313800,0.279888,0.274479,0.148012,0.100785,0.325708,0.208289,-0.010707,0.004126,-0.019536,0.021163,0.258430,0.291209,0.167880,0.100852,0.247809,0.101974,0.263568,0.106301,0.214865,0.161189,-0.058955,-0.016476,0.315874,0.165237
0.195912,0.313757,0.208052,0.203459,0.282288,0.222684,0.302180,0.315584,0.272079,0.222055,0.003553,0.008255,0.239716,0.265888,0.266761,0.281922,-0.009900,-0.033501,0.166840,0.214942,0.035966,0.109275,0.222454,0.200096,0.111071,0.183747,-0.022256,0.094549,0.224427,0.177600,0.229080,0.145756,0.338247,0.376733,0.181947,0.164980,0.487849,0.000000,0.139828,0.342276,0.116133,0.201109,0.328408,0.203864,0.336812,0.353548,0.387895,0.417605,0.242324,0.281677,0.221180,0.303020,0.224503,0.235953,0.346025,0.336615,0.231432,0.321863,0.296544,0.210862,0.220042,0.262861,0.099681,0.177229,0.117782,0.262427,0.266684,0.264512,0.139329,0.052142,0.325796,0.187642,0.053424,0.147181,-0.031773,0.042627,0.300417,0.246100,0.057800,0.322813,0.135261,0.039862,0.329544,0.272360,0.050442,0.158031,0.071938,0.089159,0.267158,0.249200
0.340061,0.235029,0.235816,0.212817,0.186796,0.105900,0.189876,0.228312,0.066940,0.096556,0.293465,0.124135,0.300526,0.234809,0.206845,0.226051,0.207371,0.028911,0.218961,0.267615,0.099917,0.045088,0.217176,0.188911,0.039389,0.163634,0.366519,0.226332,0.710724,0.443095,0.349504,0.345157,0.407851,0.455172,0.265867,0.195049,0.319946,0.139828,0.000000,0.852512,0.270096,0.455050,0.416635,0.337480,0.237301,0.277857,0.200069,0.033806,0.386619,0.395171,0.450618,0.387110,0.299818,0.104201,0.349338,0.442636,0.353844,0.200491,0.392230,0.343356,0.465737,0.388907,0.354447,0.234146,0.347864,0.388555,0.290190,0.228565,0.068774,0.079518,0.183007,-0.013175,-0.131760,0.102679,0.003248,0.111127,0.107374,0.294375,0.242287,0.109813,0.346116,0.283111,0.406423,0.234169,0.232110,0.365936,0.026535,0.062786,0.316081,0.253023
0.309522,0.259338,0.352435,0.363561,0.295488,0.199466,0.341347,0.376753,0.196135,0.194550,0.245065,0.053788,0.376150,0.315315,0.341150,0.336164,0.093243,-0.043350,0.229798,0.203423,0.061345,0.059776,0.326008,0.338837,0.091414,0.193747,0.340866,0.237339,0.597490,0.354260,0.233494,0.269880,0.377337,0.448035,0.298840,0.197493,0.329043,0.342276,0.852512,0.000000,0.402800,0.547126,0.380070,0.339682,0.309382,0.316686,0.222963,0.084978,0.445587,0.514959,0.475386,0.521103,0.368324,0.208087,0.386481,0.523915,0.346978,0.227714,0.364603,0.362796,0.420926,0.445659,0.254194,0.194864,0.334303,0.473390,0.269572,0.266587,-0.000097,-0.047669,0.219579,0.003920,-0.120119,0.088052,0.012663,0.130263,0.164126,0.269025,0.143783,0.132323,0.264372,0.212844,0.429689,0.235736,0.171326,0.360321,0.129954,0.116386,0.323595,0.369476
0.263430,0.165612,0.217097,0.259688,-0.064702,-0.131607,0.205020,0.237451,0.035916,-0.033818,0.296528,0.124714,0.131843,0.216174,0.087406,0.035707,0.236939,0.085367,0.190605,0.138250,0.130107,0.098637,0.182411,0.237217,-0.070880,0.007205,0.168283,0.130917,0.391540,0.232269,0.138739,0.188464,0.222840,0.192315,0.147144,0.092457,0.138193,0.116133,0.270096,0.402800,0.000000,0.532003,0.077384,0.269319,0.173468,0.187584,0.115864,-0.049299,0.213639,0.257283,0.251089,0.252672,0.218877,0.185829,0.229895,0.231893,0.208955,0.104091,0.240193,0.258080,0.282733,0.207361,0.289787,0.187738,0.188436,0.237943,0.201329,0.221151,0.054366,-0.019511,0.153244,0.019357,0.082766,0.216912,-0.012160,0.055008,0.175486,0.146568,0.352273,0.069658,0.288412,0.204809,0.073755,0.023548,0.255958,0.180158,-0.127594,-0.050222,0.249389,0.179508
0.339173,0.292019,0.267399,0.283562,0.096158,-0.008111,0.331750,0.296899,0.174325,0.021352,0.239044,0.050909,0.306491,0.324584,0.221245,0.161153,0.097987,0.015779,0.267130,0.259168,0.209258,0.222376,0.185957,0.181217,0.034345,0.114609,0.236262,0.219940,0.470397,0.301058,0.216078,0.245772,0.343816,0.338855,0.202092,0.084656,0.138749,0.201109,0.455050,0.547126,0.532003,0.000000,0.148837,0.326457,0.229512,0.219244,0.176460,-0.035884,0.290769,0.325812,0.364652,0.296057,0.363588,0.273944,0.305994,0.355078,0.327663,0.236217,0.332635,0.252034,0.336596,0.261339,0.261965,0.212739,0.265934,0.227494,0.317747,0.235089,0.072575,0.041547,0.247097,0.062167,0.109675,0.252359,0.095374,0.188229,0.158122,0.238762,0.306382,0.138800,0.262608,0.208499,0.160738,0.088084,0.188315,0.187276,0.024501,0.045057,0.204409,0.281913
0.333527,0.439909,0.236908,0.343189,0.286752,0.294282,0.277740,0.327699,0.179066,0.451209,0.116802,-0.081854,0.232090,0.214076,0.338673,0.408404,0.186277,-0.157898,0.241885,0.343493,0.072436,0.023042,0.214902,0.225031,0.140895,0.230531,0.189077,0.183198,0.457494,0.094250,0.267745,0.227080,0.544634,0.549942,0.293984,0.261373,0.326076,0.328408,0.416635,0.380070,0.077384,0.148837,0.000000,0.754954,0.921023,0.702690,0.826149,0.803836,0.777786,0.708054,0.683303,0.665634,0.289887,0.388298,0.462705,0.642885,0.376514,0.447889,0.425186,0.275641,0.402891,0.323408,0.277346,0.200755,0.359548,0.463739,0.539819,0.386296,0.298718,0.148669,0.241008,-0.042598,-0.010463,0.184593,0.060744,0.122345,0.270558,0.381275,0.215703,0.208411,0.402137,0.040244,0.417750,0.208784,0.298937,0.197113,0.017930,0.223300,0.461107,0.399162
0.430017,0.536969,0.215638,0.281100,0.058757,0.147046,0.311537,0.361868,0.064611,0.163151,0.181717,0.074584,0.296599,0.417664,0.220368,0.302037,0.111285,0.011178,0.335920,0.394666,0.239108,0.282126,0.164398,0.156296,0.113318,0.162103,0.159791,0.212755,0.467351,0.264114,0.449205,0.453954,0.485659,0.537767,0.396366,0.304141,0.148071,0.203864,0.337480,0.339682,0.269319,0.326457,0.754954,0.000000,0.837357,0.900001,0.726231,0.625770,0.722211,0.759896,0.789634,0.695074,0.483060,0.471911,0.519966,0.709814,0.486518,0.477577,0.459897,0.353707,0.430506,0.441902,0.316953,0.418726,0.461759,0.420402,0.592879,0.530451,0.210645,0.031607,0.256251,-0.003629,0.289133,0.440672,0.254957,0.232164,0.354925,0.366130,0.420906,0.359130,0.297230,0.147709,0.046227,0.108967,0.195042,0.258443,0.007572,0.130997,0.296346,0.481591
0.367413,0.560589,0.273666,0.377415,0.209557,0.228293,0.403071,0.391584,0.175063,0.341944,0.039309,-0.132699,0.236563,0.250691,0.284392,0.339129,0.147554,-0.185969,0.293141,0.369615,0.107467,0.115247,0.187751,0.195412,0.074340,0.186865,0.058150,0.109367,0.377604,0.058301,0.298067,0.239821,0.657419,0.610983,0.344595,0.294424,0.271781,0.336812,0.237301,0.309382,0.173468,0.229512,0.921023,0.837357,0.000000,1.227963,0.873479,0.884776,0.939643,0.745384,0.737669,0.685200,0.371436,0.634887,0.538607,0.701127,0.355084,0.508969,0.495424,0.194113,0.417276,0.294527,0.250376,0.249385,0.312459,0.369322,0.805827,0.562825,0.342804,0.121606,0.225319,-0.002251,0.074617,0.288124,0.153149,0.213872,0.471880,0.438923,0.238648,0.258265,0.416858,0.014616,0.228362,0.188443,0.316505,0.131072,0.001400,0.252292,0.496875,0.513411
0.473653,0.512584,0.289578,0.391179,0.159224,0.211944,0.397019,0.476904,0.129219,0.199091,0.188737,0.126788,0.280803,0.370933,0.231816,0.254094,0.186270,0.060925,0.364725,0.464483,0.134099,0.131960,0.224282,0.224083,0.058526,0.112802,0.057974,0.138794,0.428831,0.305476,0.314811,0.282300,0.680775,0.700227,0.338336,0.381187,0.292540,0.353548,0.277857,0.316686,0.187584,0.219244,0.702690,0.900001,1.227963,0.000000,0.849041,0.789134,0.980581,0.976883,0.811884,0.732028,0.523069,0.510107,0.635340,0.703677,0.492410,0.441449,0.654909,0.477055,0.536803,0.525990,0.353745,0.454536,0.361036,0.458636,0.695295,0.716048,0.258797,0.095568,0.246812,0.043274,0.196407,0.341357,0.173660,0.234907,0.519405,0.459426,0.298441,0.394889,0.371932,0.222309,0.219931,0.268528,0.238455,0.333522,-0.021826,0.069497,0.352270,0.421705
0.426791,0.525908,0.171097,0.278839,0.133650,0.234967,0.182943,0.231107,0.165163,0.261932,0.125713,0.092978,0.148849,0.197184,0.214019,0.209691,0.164381,0.084361,0.265753,0.645177,0.173047,0.157744,0.137100,0.120901,0.133830,0.111658,0.003594,0.063517,0.377482,0.255341,0.307137,0.265021,0.599709,0.588331,0.181659,0.241444,0.315698,0.387895,0.200069,0.222963,0.115864,0.176460,0.826149,0.726231,0.873479,0.849041,0.000000,0.988544,0.604577,0.533064,0.619165,0.437853,0.475473,0.553247,0.558528,0.556170,0.544585,0.568647,0.470076,0.365935,0.364736,0.195326,0.265411,0.314130,0.162991,0.214933,0.661256,0.624118,0.539401,0.407209,0.308245,0.091622,0.230478,0.284829,0.114419,0.164200,0.483479,0.456755,0.329752,0.457377,0.383222,0.289477,0.162066,0.188941,0.172661,0.303922,-0.069369,-0.008582,0.349494,0.351712
0.238818,0.375223,0.132708,0.168478,0.165130,0.236848,0.174560,0.190107,0.127014,0.311936,0.017945,-0.030984,0.082723,0.150869,0.197483,0.265267,0.099837,-0.035950,0.191660,0.309414,0.064903,0.102462,0.101834,0.088916,0.131391,0.193332,-0.111318,0.024191,0.203074,0.070705,0.263306,0.197480,0.404609,0.398885,0.171752,0.166522,0.241433,0.417605,0.033806,0.084978,-0.049299,-0.035884,0.803836,0.625770,0.884776,0.789134,0.988544,0.000000,0.491629,0.451900,0.416391,0.427766,0.178123,0.422898,0.421440,0.519758,0.307348,0.446437,0.292712,0.168773,0.177097,0.143482,0.102458,0.191650,0.092221,0.159592,0.455595,0.372175,0.321072,0.179646,0.231426,0.066674,0.185743,0.226681,0.061069,0.118119,0.403121,0.319380,0.157287,0.410457,0.253402,0.053177,0.200453,0.228111,0.145772,0.183919,-0.023443,0.113070,0.301548,0.277425
