0.000000,0.846819,0.728584,0.563259,0.275559,0.312892,1.016577,0.659622,0.505019,0.305882,0.729630,0.452431,0.775932,0.450153,0.707661,0.482964,0.546466,0.551645,0.597227,0.588506,-0.145451,0.227841,0.707655,0.629136,0.337878,0.293550,0.340208,0.402601,0.701164,0.496662,0.499863,0.525909,0.901465,1.036364,0.613231,0.575028,0.254457,0.202133,0.212885,0.256441,0.214822,0.454100,0.494693,0.471448,0.486074,0.504982,0.448244,0.399382,0.449493,0.559025,0.415610,0.446996,0.371667,0.601678,0.663937,0.575315,0.972515,0.885422,0.668681,0.635225,0.953856,0.379779,0.553096,0.498500,0.362236,0.212885,0.528946,0.467952,0.833539,0.664013,0.193327,0.154662,0.689335,0.544434,0.211609,0.347760,0.142221,0.015265,0.552888,0.081033,0.359119,0.442623,0.373167,0.474521,0.404210,0.392631,0.460908,0.284932,0.556229,0.377493
0.846819,0.000000,0.635225,0.654344,0.226430,0.319629,0.539722,0.849334,0.299229,0.177627,0.307176,0.389183,0.273915,0.629708,0.315508,0.511737,0.361486,0.586697,0.686223,0.868512,0.132624,0.377101,0.508112,0.635879,0.175966,0.233802,0.325509,0.357154,0.400113,0.448192,0.600940,0.713458,0.731712,0.844260,0.394896,0.433408,0.342174,0.270677,0.331996,0.263718,0.353888,0.317681,0.318499,0.350978,0.374921,0.433538,0.362291,0.327268,0.301423,0.466615,0.323095,0.236905,0.338149,0.413745,0.676495,0.616137,0.730555,1.006690,0.670815,0.767534,0.698256,0.522616,0.415247,0.691891,0.256987,0.202836,0.444208,0.412590,0.720394,0.641252,0.441492,0.295705,0.549348,0.617570,0.330468,0.281934,0.227501,0.209511,0.400950,0.096944,0.450082,0.424245,0.438512,0.559005,0.390155,0.305948,0.296473,0.327484,0.552118,0.388015
0.728584,0.635225,0.000000,1.195425,0.482917,0.526428,0.987539,0.945582,0.643628,0.298200,0.316243,0.012290,0.144182,0.232933,0.466695,0.503780,0.227482,0.263402,0.891365,0.764731,0.202670,0.488104,0.673178,0.897706,0.446572,0.349425,0.259611,0.192499,0.196933,0.260448,0.370860,0.439375,0.517906,0.473370,0.616690,0.641674,0.352739,0.558760,0.474514,0.508636,0.344714,0.186291,0.445261,0.295167,0.320361,0.449581,0.475074,0.411733,0.533757,0.568509,0.682232,0.439900,0.618714,0.424391,0.562176,0.716785,0.378086,0.463035,0.705830,0.691903,0.647267,0.506445,0.137872,0.295501,0.671617,0.485587,0.726649,0.543336,0.730008,0.685899,0.269565,0.045840,0.410315,0.392162,0.307984,0.076752,0.532647,0.625310,0.168765,0.171304,0.443042,0.460296,0.698719,0.683680,0.652495,0.522422,0.435531,0.673941,1.089242,0.848995
0.563259,0.654344,1.195425,0.000000,0.456657,0.714489,0.756644,1.433853,0.484957,0.495659,0.187123,0.023388,-0.023939,0.338684,0.229890,0.545418,0.165736,0.197427,0.768748,0.787828,0.226306,0.484403,0.801936,1.119684,0.352879,0.399986,0.299000,0.258326,0.116587,0.254582,0.297779,0.439089,0.487484,0.456354,0.691620,0.728948,0.317708,0.599933,0.409064,0.435067,0.266953,0.125442,0.528318,0.336230,0.424707,0.481540,0.542792,0.454777,0.515664,0.559716,0.737160,0.447933,0.643738,0.453955,0.581286,0.830903,0.383488,0.472576,0.707888,0.732034,0.573162,0.618003,0.066838,0.225806,0.657634,0.657152,0.871901,0.755062,0.702531,0.631949,0.192599,-0.026663,0.300969,0.438582,0.230378,0.117152,0.565928,0.728077,0.150066,0.127780,0.420875,0.414699,0.545347,0.678066,0.642866,0.633606,0.385224,0.625662,0.975369,1.007856
0.275559,0.226430,0.482917,0.456657,0.000000,0.795062,0.430725,0.398638,1.062758,0.365111,0.085455,-0.189990,0.041504,-0.089947,0.264102,0.210009,-0.086510,-0.014638,0.284178,0.159411,0.079108,0.287508,0.201202,0.201242,0.579879,0.468924,0.250483,0.011326,-0.061773,0.074636,-0.030828,0.059048,0.113847,0.175023,0.289171,0.241053,0.122216,0.311587,0.089331,0.048157,0.121971,-0.136887,0.233126,0.086458,0.092223,0.080370,0.199740,0.106549,0.406319,0.340346,0.451343,0.368973,0.463589,0.232706,0.212657,0.387681,-0.013422,0.055676,0.452276,0.325853,0.378333,0.344375,0.046464,0.211913,0.430306,0.237385,0.404674,0.223352,0.267463,0.137205,0.067625,-0.124605,0.117362,0.283804,0.346603,0.111937,0.300460,0.463081,-0.002445,-0.004100,0.050989,0.151127,0.259197,0.266782,0.203988,0.168599,0.049915,0.341216,0.353372,0.577629
0.312892,0.319629,0.526428,0.714489,0.795062,0.000000,0.582996,0.745486,0.717140,0.732763,0.060670,-0.121570,-0.129406,0.189220,0.080942,0.391451,0.003159,0.057250,0.394644,0.341749,0.184801,0.308108,0.366574,0.422600,0.341156,0.411148,0.196517,0.072545,-0.032635,0.143190,0.167709,0.256459,0.274638,0.259418,0.337942,0.341543,0.062793,0.321525,0.025025,0.100727,0.158145,-0.057512,0.287126,0.168606,0.262286,0.223301,0.277987,0.246436,0.419002,0.418895,0.489189,0.392297,0.465621,0.338551,0.216706,0.541972,0.151078,0.205817,0.592226,0.481652,0.487769,0.596931,0.086459,0.258002,0.524227,0.523970,0.515745,0.354053,0.364147,0.256527,0.214311,-0.018281,0.154333,0.348584,0.214867,0.129280,0.388195,0.562147,0.106297,0.064516,0.137823,0.222072,0.299376,0.394006,0.209025,0.241550,0.113314,0.379274,0.435121,0.678223
1.016577,0.539722,0.987539,0.756644,0.430725,0.582996,0.000000,0.959014,0.785368,0.524825,0.606427,0.187034,0.499606,0.307757,0.532165,0.473065,0.276616,0.311542,0.528115,0.436978,0.002889,0.243894,0.776850,0.607505,0.332350,0.247331,0.176143,0.165707,0.438717,0.340955,0.292405,0.302995,0.673020,0.638231,0.690701,0.665678,0.155454,0.291337,0.187238,0.235844,0.119823,0.330600,0.411471,0.279444,0.428521,0.389746,0.376377,0.310507,0.571797,0.630672,0.632808,0.491252,0.620638,0.579730,0.498818,0.590450,0.497705,0.542054,0.764797,0.784762,1.020463,0.656824,0.388757,0.418382,0.668172,0.468198,0.760017,0.531944,0.689325,0.589683,0.125688,0.053178,0.508459,0.453827,0.243831,0.216936,0.254392,0.252394,0.275724,0.041722,0.246945,0.404588,0.386689,0.519446,0.384673,0.355720,0.399154,0.510474,0.742450,0.637167
0.659622,0.849334,0.945582,1.433853,0.398638,0.745486,0.959014,0.000000,0.518082,0.623291,0.334324,0.204069,0.096495,0.548258,0.282509,0.669985,0.271050,0.391745,0.648888,0.711873,0.219974,0.425204,0.803601,0.957176,0.289777,0.396635,0.294060,0.290918,0.274270,0.397190,0.392304,0.536759,0.697756,0.656686,0.712190,0.732306,0.258210,0.482513,0.288674,0.342542,0.250734,0.270436,0.457690,0.363118,0.509600,0.534500,0.490186,0.421704,0.471662,0.580049,0.643563,0.392185,0.594450,0.446879,0.555511,0.745671,0.498596,0.644763,0.745363,0.850659,0.803508,0.895934,0.237661,0.437105,0.744744,0.744592,0.863660,0.753347,0.701969,0.642957,0.253058,0.135467,0.435766,0.565583,0.308445,0.196428,0.447733,0.521706,0.275004,0.161712,0.429153,0.490457,0.522092,0.719235,0.581160,0.508331,0.335335,0.590648,0.867934,0.788813
0.505019,0.299229,0.643628,0.484957,1.062758,0.717140,0.785368,0.518082,0.000000,0.463306,0.360274,-0.076313,0.316209,-0.024505,0.472871,0.303661,0.095447,0.165232,0.323714,0.190823,-0.010615,0.198945,0.372978,0.338610,0.531126,0.391948,0.127622,-0.069887,0.180818,0.239257,0.052138,0.100747,0.352774,0.359459,0.458269,0.379494,0.033438,0.295165,0.060821,0.115515,0.137935,0.121125,0.270839,0.159291,0.233429,0.250173,0.279427,0.195956,0.499950,0.488836,0.571186,0.437891,0.580640,0.437523,0.252914,0.428016,0.188542,0.258846,0.600969,0.540612,0.708219,0.523512,0.159131,0.302103,0.633397,0.405166,0.521175,0.313712,0.425891,0.372714,0.057782,-0.032573,0.278390,0.263122,0.312758,0.143264,0.200278,0.334314,0.157324,0.117505,0.131466,0.343294,0.363431,0.442158,0.336021,0.301285,0.167712,0.523425,0.523135,0.652099
0.305882,0.177627,0.298200,0.495659,0.365111,0.732763,0.524825,0.623291,0.463306,0.000000,0.193429,0.070853,0.042332,0.421511,0.063530,0.247809,0.091232,-0.007275,0.156819,0.066486,0.039294,0.068899,0.411204,0.298272,0.215099,0.265717,0.052299,-0.008784,0.109840,0.138960,-0.051474,-0.038064,0.235577,0.145265,0.368612,0.352496,-0.085335,0.273899,-0.060760,0.114784,-0.144530,0.074148,0.282922,0.161495,0.253627,0.243805,0.234450,0.233275,0.406091,0.376109,0.540460,0.387590,0.543096,0.456272,0.186562,0.425800,0.208500,0.250025,0.392688,0.391134,0.454248,0.415741,0.180245,0.120790,0.367965,0.408179,0.422420,0.297717,0.353368,0.278519,-0.053326,-0.031422,0.063337,0.124411,0.086624,0.098623,0.177916,0.241275,0.142148,0.144133,0.109824,0.257691,0.216364,0.348133,0.159798,0.261453,0.163507,0.341171,0.348047,0.547592
0.729630,0.307176,0.316243,0.187123,0.085455,0.060670,0.606427,0.334324,0.360274,0.193429,0.000000,0.669131,0.878888,0.330354,0.829164,0.486576,0.612028,0.574216,0.083751,0.105378,0.094368,0.231181,0.480149,0.384079,0.258422,0.223202,0.359793,0.302320,0.829535,0.533329,0.421751,0.387981,0.658940,0.599009,0.500384,0.470095,0.229453,0.180612,0.179588,0.236883,0.154203,0.527016,0.294838,0.415901,0.351852,0.397342,0.290712,0.358395,0.215377,0.347046,0.245898,0.271771,0.168416,0.284020,0.345088,0.232886,0.562934,0.509349,0.216449,0.271579,0.553343,0.239822,0.375309,0.280368,0.325046,0.271490,0.279521,0.351342,0.364984,0.370424,0.198950,0.360209,0.716684,0.515913,0.262719,0.181891,0.074967,-0.005912,0.518741,0.238960,0.320384,0.371446,0.245576,0.370429,0.376648,0.349473,0.302597,0.192463,0.210721,0.055488
0.452431,0.389183,0.012290,0.023388,-0.189990,-0.121570,0.187034,0.204069,-0.076313,0.070853,0.669131,0.000000,0.668908,0.868953,0.566842,0.525937,0.553431,0.619964,0.026064,0.175044,0.150999,0.186589,0.269454,0.308296,0.143113,0.235944,0.424101,0.513960,0.700395,0.626302,0.631294,0.602864,0.596599,0.598458,0.180872,0.170244,0.212705,-0.008500,0.131814,0.035307,0.281773,0.465629,0.077921,0.298333,0.321013,0.339390,0.116722,0.186092,-0.122743,0.048913,-0.133160,-0.065432,-0.211631,0.013723,0.217396,-0.033990,0.489587,0.479512,-0.061453,0.022216,0.232166,0.146378,0.455709,0.368649,0.047628,0.131231,-0.046921,0.155223,0.097371,0.167222,0.355970,0.577113,0.499235,0.396290,0.162843,0.151434,-0.144765,-0.296005,0.560224,0.248060,0.374396,0.311111,0.156034,0.177866,0.224471,0.182672,0.213498,-0.057385,-0.039246,-0.336156
0.775932,0.273915,0.144182,-0.023939,0.041504,-0.129406,0.499606,0.096495,0.316209,0.042332,0.878888,0.668908,0.000000,0.282381,0.779040,0.193413,0.518410,0.443409,0.001586,0.016443,-0.204031,-0.036368,0.356361,0.221443,0.308589,0.184223,0.216617,0.272090,0.904873,0.484947,0.361102,0.295197,0.516938,0.655743,0.253968,0.194301,0.079191,-0.029628,0.059710,0.108890,0.084411,0.603366,0.113940,0.208204,0.164316,0.208350,0.075959,0.090995,0.119575,0.237038,0.034037,0.192700,-0.003502,0.278408,0.260067,0.040816,0.530842,0.418674,0.043806,0.124888,0.456388,0.028843,0.545699,0.310993,-0.014054,-0.077095,0.000537,0.058631,0.194084,0.213239,0.113136,0.268289,0.536454,0.310324,0.103909,0.203920,-0.283678,-0.422313,0.383250,0.047642,0.156929,0.245896,0.091045,0.175520,0.122368,0.157200,0.451151,0.126969,0.051930,-0.116711
0.450153,0.629708,0.232933,0.338684,-0.089947,0.189220,0.307757,0.548258,-0.024505,0.421511,0.330354,0.868953,0.282381,0.000000,0.223470,0.560706,0.327492,0.457368,0.302526,0.416659,0.276137,0.327913,0.388703,0.414304,-0.028324,0.099193,0.237283,0.320104,0.361192,0.359485,0.581577,0.561788,0.505577,0.472982,0.124738,0.187878,0.181105,0.059274,0.203122,0.108846,0.268534,0.221906,0.070888,0.119733,0.214019,0.206555,0.095689,0.120848,-0.073411,0.042099,-0.019819,-0.109095,-0.002170,0.090512,0.294987,0.178346,0.482832,0.578510,0.149944,0.205335,0.349127,0.359857,0.323038,0.358409,0.132126,0.192767,0.089457,0.166263,0.235767,0.290150,0.463236,0.501435,0.383064,0.354491,0.147506,0.079014,0.113730,0.033097,0.425659,0.161659,0.355786,0.277243,0.287370,0.292228,0.219878,0.147283,0.198141,0.073971,0.248078,0.009624
0.707661,0.315508,0.466695,0.229890,0.264102,0.080942,0.532165,0.282509,0.472871,0.063530,0.829164,0.566842,0.779040,0.223470,0.000000,0.733283,0.735363,0.722486,0.374493,0.343403,0.030528,0.226349,0.315885,0.420351,0.391663,0.338326,0.506746,0.567219,0.853433,0.662654,0.446377,0.425529,0.748106,0.732711,0.606366,0.500399,0.482058,0.290326,0.417426,0.361326,0.422761,0.617620,0.326173,0.491803,0.403389,0.559815,0.398680,0.410600,0.276841,0.418525,0.269758,0.319574,0.160679,0.221063,0.502221,0.261507,0.544193,0.497922,0.314196,0.335414,0.579619,0.296941,0.421695,0.371324,0.470428,0.365290,0.331881,0.423715,0.417329,0.478620,0.107943,0.160994,0.824206,0.607926,0.423332,0.355345,0.225439,-0.009868,0.650547,0.343438,0.533481,0.550385,0.609307,0.443598,0.604129,0.454829,0.513668,0.222053,0.396146,0.147310
0.482964,0.511737,0.503780,0.545418,0.210009,0.391451,0.473065,0.669985,0.303661,0.247809,0.486576,0.525937,0.193413,0.560706,0.733283,0.000000,0.451098,0.680522,0.544732,0.653298,0.396485,0.579030,0.473760,0.677085,0.182113,0.299126,0.536280,0.600976,0.446941,0.542579,0.587620,0.568850,0.843146,0.657759,0.573559,0.596764,0.510997,0.380952,0.417303,0.331990,0.601333,0.341599,0.378895,0.471178,0.574554,0.630788,0.508189,0.554397,0.200364,0.332399,0.333118,0.203874,0.253157,0.225158,0.518027,0.459339,0.518309,0.621951,0.504036,0.504040,0.564661,0.629094,0.235025,0.369264,0.653936,0.702456,0.550032,0.700925,0.522443,0.615085,0.279270,0.224769,0.641802,0.696213,0.412913,0.423424,0.518217,0.363373,0.633862,0.338251,0.625765,0.587782,0.743043,0.623063,0.741188,0.553478,0.358776,0.290923,0.557983,0.348417
0.546466,0.361486,0.227482,0.165736,-0.086510,0.003159,0.276616,0.271050,0.095447,0.091232,0.612028,0.553431,0.518410,0.327492,0.735363,0.451098,0.000000,1.181807,0.165531,0.332058,-0.028620,0.175929,0.126365,0.449210,0.287195,0.426451,0.421273,0.620012,1.200281,0.977936,0.414347,0.458940,0.844658,0.739556,0.541948,0.447054,0.378043,0.417035,0.361253,0.578996,0.399764,0.867433,0.454700,0.747224,0.438175,0.819089,0.566331,0.679812,0.338398,0.522290,0.305025,0.477917,0.193601,0.361537,0.556280,0.278071,0.955227,0.748046,0.128115,0.183802,0.437310,0.056686,0.643441,0.446856,0.153553,0.232680,0.247139,0.445538,0.631460,0.686223,0.100449,0.225039,0.674225,0.441279,0.221731,0.191245,0.167603,-0.075577,0.791184,0.612954,1.008521,0.911181,0.622140,0.727937,0.671017,0.630069,0.614913,0.365727,0.274507,0.036893
0.551645,0.586697,0.263402,0.197427,-0.014638,0.057250,0.311542,0.391745,0.165232,-0.007275,0.574216,0.619964,0.443409,0.457368,0.722486,0.680522,1.181807,0.000000,0.297287,0.460303,0.127175,0.297986,0.150195,0.454593,0.177331,0.368451,0.432108,0.599221,0.865153,0.894740,0.602785,0.642924,1.049796,0.859019,0.498680,0.449457,0.484718,0.303741,0.366341,0.430711,0.673963,0.834136,0.394500,0.649826,0.529280,0.742871,0.521289,0.607135,0.223842,0.415529,0.196782,0.290702,0.106003,0.231711,0.588116,0.299029,0.934489,0.952569,0.238674,0.303022,0.550824,0.296064,0.539343,0.599581,0.297886,0.376386,0.289187,0.486340,0.586292,0.689750,0.268852,0.387929,0.780629,0.592774,0.390847,0.319747,0.273011,0.018963,0.839616,0.565639,0.922327,0.809194,0.668856,0.731403,0.638974,0.466146,0.477150,0.311262,0.358277,0.025688
0.597227,0.686223,0.891365,0.768748,0.284178,0.394644,0.528115,0.648888,0.323714,0.156819,0.083751,0.026064,0.001586,0.302526,0.374493,0.544732,0.165531,0.297287,0.000000,1.289702,0.091236,0.453806,0.384570,0.579936,0.090746,0.111107,0.240011,0.322684,0.128689,0.243095,0.390355,0.472809,0.510710,0.487127,0.395639,0.411724,0.361699,0.244768,0.443244,0.309178,0.398833,0.100119,0.329398,0.258627,0.247780,0.348368,0.357494,0.243598,0.189039,0.263542,0.292315,0.135915,0.233407,0.255724,0.503362,0.512197,0.374930,0.442948,0.578962,0.514109,0.470743,0.418346,0.114766,0.281243,0.566145,0.358950,0.476100,0.389801,0.602534,0.570822,0.264681,0.027867,0.380855,0.429268,0.321997,0.237434,0.473142,0.377643,0.269091,0.100543,0.406478,0.349165,0.574571,0.404463,0.472558,0.296615,0.228526,0.279292,0.734840,0.571689
0.588506,0.868512,0.764731,0.787828,0.159411,0.341749,0.436978,0.711873,0.190823,0.066486,0.105378,0.175044,0.016443,0.416659,0.343403,0.653298,0.332058,0.460303,1.289702,0.000000,0.126322,0.469905,0.401549,0.768166,0.135180,0.201542,0.388323,0.482732,0.297068,0.454472,0.535691,0.706197,0.624307,0.660277,0.423740,0.443816,0.457434,0.331749,0.504595,0.392329,0.476219,0.220310,0.420561,0.435110,0.356411,0.554016,0.496463,0.382336,0.176409,0.305121,0.265834,0.145691,0.208884,0.262322,0.615535,0.563566,0.524939,0.581658,0.522435,0.497969,0.435787,0.372947,0.183453,0.379438,0.416952,0.331084,0.485389,0.514634,0.696235,0.705937,0.333705,0.102405,0.484166,0.507088,0.295270,0.184898,0.429731,0.329052,0.330653,0.138240,0.593016,0.522979,0.645493,0.550787,0.622911,0.452707,0.310359,0.340899,0.729309,0.506841
-0.145451,0.132624,0.202670,0.226306,0.079108,0.184801,0.002889,0.219974,-0.010615,0.039294,0.094368,0.150999,-0.204031,0.276137,0.030528,0.396485,-0.028620,0.127175,0.091236,0.126322,0.000000,0.555485,0.095234,0.172309,-0.059918,0.038858,0.185374,0.103944,-0.113918,-0.041774,0.372368,0.231052,0.046291,-0.112944,-0.022577,0.052815,0.307441,0.266166,0.303618,0.130849,0.366650,-0.080119,-0.094862,-0.094763,0.016672,-0.028627,-0.001053,0.097045,-0.105787,-0.104457,0.063098,-0.114367,0.050684,-0.142409,0.080337,0.096644,-0.014032,0.102203,-0.005345,0.039931,-0.012338,0.234844,-0.150943,-0.004328,0.132995,0.224837,0.034430,0.091811,-0.019497,0.034600,0.541581,0.433470,0.149394,0.224830,0.165266,-0.028046,0.545064,0.639867,0.062500,0.159910,0.227253,0.026416,0.288994,0.203692,0.179233,0.084480,0.146619,0.209637,0.151608,0.051843
0.227841,0.377101,0.488104,0.484403,0.287508,0.308108,0.243894,0.425204,0.198945,0.068899,0.231181,0.186589,-0.036368,0.327913,0.226349,0.579030,0.175929,0.297986,0.453806,0.469905,0.555485,0.000000,0.205554,0.443821,0.160051,0.243049,0.219907,0.168153,0.118625,0.283612,0.469247,0.478290,0.352683,0.225534,0.156036,0.156009,0.513045,0.423447,0.440620,0.335652,0.589516,0.004036,0.133761,0.106412,0.103576,0.193066,0.191373,0.237114,0.053528,0.083142,0.165606,0.044786,0.131352,-0.003929,0.271249,0.229274,0.153421,0.233477,0.162650,0.109498,0.141455,0.204096,-0.061422,0.161207,0.306263,0.263296,0.227431,0.232889,0.288232,0.279979,0.484374,0.297477,0.229420,0.328312,0.200222,-0.083709,0.494432,0.659337,0.201506,0.377972,0.418484,0.298672,0.528415,0.470772,0.451454,0.309745,0.190901,0.351796,0.349086,0.214695
0.707655,0.508112,0.673178,0.801936,0.201202,0.366574,0.776850,0.803601,0.372978,0.411204,0.480149,0.269454,0.356361,0.388703,0.315885,0.473760,0.126365,0.150195,0.384570,0.401549,0.095234,0.205554,0.000000,0.951065,0.336383,0.194472,0.362620,0.240864,0.223053,0.198523,0.383581,0.396852,0.580806,0.600387,0.612767,0.639655,0.083304,0.193783,0.048481,0.028800,0.011838,0.142377,0.582771,0.311526,0.675111,0.388722,0.475630,0.400332,0.311981,0.384238,0.502973,0.315107,0.392262,0.584531,0.436584,0.704194,0.575626,0.592131,0.542357,0.601697,0.533581,0.437792,0.161160,0.012938,0.351638,0.347827,0.728964,0.730793,0.534840,0.462784,0.088343,0.108905,0.301756,0.413258,0.096304,0.375552,0.131634,0.188488,0.341219,-0.066698,0.170845,0.205066,0.142258,0.349103,0.392838,0.523402,0.336857,0.339871,0.561050,0.592267
0.629136,0.635879,0.897706,1.119684,0.201242,0.422600,0.607505,0.957176,0.338610,0.298272,0.384079,0.308296,0.221443,0.414304,0.420351,0.677085,0.449210,0.454593,0.579936,0.768166,0.172309,0.443821,0.951065,0.000000,0.533252,0.522640,0.428439,0.450185,0.406134,0.531372,0.544472,0.720082,0.730820,0.725042,0.680130,0.699280,0.358583,0.558808,0.371702,0.466849,0.440557,0.386584,0.657596,0.565331,0.640654,0.777412,0.719259,0.685858,0.392922,0.554487,0.574841,0.443801,0.413952,0.492875,0.590508,0.731643,0.613778,0.609488,0.436580,0.517379,0.448584,0.368505,0.239538,0.246506,0.447323,0.568316,0.678069,0.811935,0.674265,0.721540,0.251703,0.172941,0.378817,0.441561,0.197417,0.183830,0.333912,0.397497,0.332082,0.290740,0.653650,0.650462,0.625323,0.813192,0.846354,0.929846,0.579060,0.686811,0.718480,0.660401
0.337878,0.175966,0.446572,0.352879,0.579879,0.341156,0.332350,0.289777,0.531126,0.215099,0.258422,0.143113,0.308589,-0.028324,0.391663,0.182113,0.287195,0.177331,0.090746,0.135180,-0.059918,0.160051,0.336383,0.533252,0.000000,1.087724,0.373347,0.220646,0.236646,0.420689,0.230748,0.368443,0.345097,0.393353,0.264373,0.179290,0.006451,0.331605,-0.042834,0.150969,0.179055,0.259811,0.335257,0.337109,0.254243,0.445460,0.293312,0.332229,0.340335,0.427801,0.348794,0.476516,0.220069,0.250093,0.058335,0.224067,0.170444,0.146582,0.119208,0.113268,0.226149,0.042171,0.209248,0.200301,0.196394,0.216818,0.248802,0.246821,0.271677,0.225841,0.150701,0.106801,0.078781,0.115191,0.052828,-0.014752,-0.044756,0.097022,0.077794,0.293543,0.277109,0.406695,0.258538,0.392169,0.357149,0.423091,0.297632,0.438871,0.201438,0.237109
0.293550,0.233802,0.349425,0.399986,0.468924,0.411148,0.247331,0.396635,0.391948,0.265717,0.223202,0.235944,0.184223,0.099193,0.338326,0.299126,0.426451,0.368451,0.111107,0.201542,0.038858,0.243049,0.194472,0.522640,1.087724,0.000000,0.358678,0.311980,0.299708,0.532257,0.325748,0.511720,0.424434,0.425331,0.265000,0.165342,0.047537,0.328076,0.000794,0.196545,0.358651,0.310816,0.235572,0.307476,0.280142,0.495099,0.240383,0.292155,0.266739,0.335687,0.299915,0.370256,0.135750,0.134325,0.084144,0.178914,0.235606,0.195685,0.114032,0.074198,0.227093,0.151669,0.258984,0.341359,0.279849,0.404705,0.191915,0.258565,0.264742,0.216773,0.264196,0.228331,0.157389,0.167226,0.144430,0.013063,0.054036,0.151606,0.196518,0.429803,0.411795,0.481628,0.355971,0.445316,0.391695,0.411416,0.308600,0.447413,0.230449,0.189361
0.340208,0.325509,0.259611,0.299000,0.250483,0.196517,0.176143,0.294060,0.127622,0.052299,0.359793,0.424101,0.216617,0.237283,0.506746,0.536280,0.421273,0.432108,0.240011,0.388323,0.185374,0.219907,0.362620,0.428439,0.373347,0.358678,0.000000,0.850572,0.327459,0.380497,0.499090,0.509827,0.430335,0.462438,0.390430,0.405340,0.344489,0.218512,0.211346,0.164208,0.249703,0.213943,0.423883,0.471006,0.464754,0.449592,0.417989,0.474105,0.128180,0.241004,0.204412,0.182063,0.063540,0.224868,0.435644,0.365380,0.486580,0.428543,0.238995,0.196541,0.242594,0.125042,0.182395,0.051241,0.122780,0.174985,0.265187,0.459348,0.341219,0.363858,0.186328,0.198540,0.479316,0.586480,0.393371,0.390614,0.237955,0.063614,0.481672,0.135746,0.424500,0.291401,0.245927,0.314748,0.389333,0.427029,0.206800,0.154459,0.238700,0.104475
0.402601,0.357154,0.192499,0.258326,0.011326,0.072545,0.165707,0.290918,-0.069887,-0.008784,0.302320,0.513960,0.272090,0.320104,0.567219,0.600976,0.620012,0.599221,0.322684,0.482732,0.103944,0.168153,0.240864,0.450185,0.220646,0.311980,0.850572,0.000000,0.504848,0.484183,0.545859,0.589770,0.597045,0.643933,0.412751,0.453694,0.501465,0.226699,0.349832,0.339240,0.401013,0.476337,0.402614,0.508105,0.447893,0.516396,0.424896,0.451437,0.183694,0.311016,0.164958,0.242397,0.026216,0.233769,0.569700,0.344504,0.605414,0.519060,0.197842,0.239965,0.288596,0.119761,0.308359,0.239160,0.098393,0.227936,0.237600,0.482802,0.364268,0.446294,0.146637,0.145989,0.575949,0.525185,0.263090,0.435386,0.278684,-0.037797,0.620706,0.204277,0.571695,0.460140,0.381468,0.355103,0.396258,0.429365,0.346164,0.088719,0.212851,0.036226
0.701164,0.400113,0.196933,0.116587,-0.061773,-0.032635,0.438717,0.274270,0.180818,0.109840,0.829535,0.700395,0.904873,0.361192,0.853433,0.446941,1.200281,0.865153,0.128689,0.297068,-0.113918,0.118625,0.223053,0.406134,0.236646,0.299708,0.327459,0.504848,0.000000,1.063043,0.377324,0.423096,0.793060,0.819472,0.503196,0.397092,0.349324,0.343787,0.340324,0.485719,0.279268,0.861229,0.324724,0.613788,0.341594,0.623663,0.404579,0.463781,0.259716,0.479672,0.213743,0.396879,0.162132,0.374167,0.527118,0.233952,0.789341,0.651238,0.124897,0.213642,0.494796,0.108446,0.703586,0.545520,0.130529,0.146221,0.180487,0.324000,0.511701,0.569491,0.063634,0.206528,0.830712,0.520458,0.215127,0.186152,-0.004934,-0.220505,0.615517,0.397915,0.640591,0.706287,0.473330,0.532137,0.500496,0.488347,0.598500,0.340294,0.219877,0.021809
0.496662,0.448192,0.260448,0.254582,0.074636,0.143190,0.340955,0.397190,0.239257,0.138960,0.533329,0.626302,0.484947,0.359485,0.662654,0.542579,0.977936,0.894740,0.243095,0.454472,-0.041774,0.283612,0.198523,0.531372,0.420689,0.532257,0.380497,0.484183,1.063043,0.000000,0.478839,0.612421,0.761287,0.797390,0.469127,0.328689,0.324314,0.456219,0.352733,0.438956,0.369224,0.688684,0.334372,0.575530,0.382961,0.753764,0.405212,0.448141,0.195167,0.408812,0.184078,0.320982,0.095353,0.226560,0.420578,0.209912,0.573181,0.539019,0.089288,0.176170,0.360691,0.174536,0.479291,0.551827,0.244648,0.323532,0.240519,0.385368,0.475815,0.569494,0.225890,0.324358,0.604228,0.519120,0.172803,0.049432,0.063097,-0.027083,0.525149,0.685317,0.780443,0.949990,0.543588,0.686355,0.609241,0.562887,0.441948,0.443160,0.301050,0.086582
0.499863,0.600940,0.370860,0.297779,-0.030828,0.167709,0.292405,0.392304,0.052138,-0.051474,0.421751,0.631294,0.361102,0.581577,0.446377,0.587620,0.414347,0.602785,0.390355,0.535691,0.372368,0.469247,0.383581,0.544472,0.230748,0.325748,0.499090,0.545859,0.377324,0.478839,0.000000,1.401337,0.669476,0.704837,0.101491,0.160958,0.311978,0.134427,0.298047,0.175120,0.516319,0.300157,0.111363,0.179908,0.301547,0.315859,0.160960,0.205633,-0.019942,0.109876,-0.016376,-0.044542,-0.087118,0.070773,0.370917,0.211886,0.513249,0.534752,0.181599,0.206529,0.303855,0.266714,0.250686,0.373621,0.112247,0.192432,0.088946,0.221892,0.189351,0.284143,0.915495,0.832251,0.515549,0.566337,0.266655,0.257622,0.208893,0.123366,0.520542,0.273973,0.423734,0.292901,0.387908,0.348211,0.274414,0.253413,0.343819,0.207808,0.258645,-0.035091
0.525909,0.713458,0.439375,0.439089,0.059048,0.256459,0.302995,0.536759,0.100747,-0.038064,0.387981,0.602864,0.295197,0.561788,0.425529,0.568850,0.458940,0.642924,0.472809,0.706197,0.231052,0.478290,0.396852,0.720082,0.368443,0.511720,0.509827,0.589770,0.423096,0.612421,1.401337,0.000000,0.715053,0.875467,0.177124,0.199656,0.324657,0.210080,0.286061,0.215383,0.550007,0.346421,0.202166,0.321616,0.324013,0.445130,0.238802,0.249529,-0.044072,0.133339,-0.016908,-0.029441,-0.122238,0.022813,0.339554,0.240977,0.535274,0.533287,0.169408,0.180196,0.293699,0.293243,0.255079,0.460228,0.196005,0.288072,0.153758,0.293626,0.255513,0.316135,0.773462,0.695979,0.501974,0.571753,0.245840,0.164258,0.146611,0.093428,0.457957,0.282782,0.497482,0.395473,0.393361,0.402828,0.373179,0.336634,0.308901,0.256977,0.297557,0.047159
0.901465,0.731712,0.517906,0.487484,0.113847,0.274638,0.673020,0.697756,0.352774,0.235577,0.658940,0.596599,0.516938,0.505577,0.748106,0.843146,0.844658,1.049796,0.510710,0.624307,0.046291,0.352683,0.580806,0.730820,0.345097,0.424434,0.430335,0.597045,0.793060,0.761287,0.669476,0.715053,0.000000,1.399604,0.733807,0.671666,0.377756,0.299067,0.234675,0.287527,0.507896,0.718024,0.599585,0.702573,0.828139,0.872876,0.655271,0.658362,0.377143,0.574869,0.407545,0.434656,0.304554,0.519120,0.621824,0.551430,1.067844,1.086357,0.533406,0.577986,0.884219,0.517108,0.591305,0.551843,0.535155,0.497586,0.631932,0.785723,0.881863,0.855822,0.184877,0.235098,0.780805,0.687836,0.341242,0.480708,0.229427,0.051508,0.898336,0.391655,0.740502,0.829200,0.637820,0.778004,0.737314,0.630304,0.487781,0.381662,0.475459,0.308091
1.036364,0.844260,0.473370,0.456354,0.175023,0.259418,0.638231,0.656686,0.359459,0.145265,0.599009,0.598458,0.655743,0.472982,0.732711,0.657759,0.739556,0.859019,0.487127,0.660277,-0.112944,0.225534,0.600387,0.725042,0.393353,0.425331,0.462438,0.643933,0.819472,0.797390,0.704837,0.875467,1.399604,0.000000,0.621052,0.566903,0.318879,0.239099,0.230677,0.245915,0.390282,0.660510,0.525268,0.655568,0.660227,0.770400,0.555658,0.490923,0.319247,0.528405,0.294777,0.370068,0.217416,0.485607,0.634586,0.547776,1.012142,0.984475,0.482167,0.559784,0.781549,0.440496,0.585052,0.627866,0.355617,0.353275,0.523475,0.656108,0.729357,0.719742,0.232368,0.254860,0.774508,0.760765,0.347056,0.494372,0.060920,-0.107928,0.760070,0.255712,0.572293,0.702763,0.468652,0.601280,0.549519,0.536697,0.447909,0.322023,0.425499,0.277865
0.613231,0.394896,0.616690,0.691620,0.289171,0.337942,0.690701,0.712190,0.458269,0.368612,0.500384,0.180872,0.253968,0.124738,0.606366,0.573559,0.541948,0.498680,0.395639,0.423740,-0.022577,0.156036,0.612767,0.680130,0.264373,0.265000,0.390430,0.412751,0.503196,0.469127,0.101491,0.177124,0.733807,0.621052,0.000000,1.656130,0.412073,0.610103,0.354804,0.474611,0.091968,0.552777,0.824782,0.772386,0.791582,0.844058,0.864280,0.810247,0.658459,0.808078,0.917765,0.697405,0.712338,0.778582,0.841762,0.868735,0.648282,0.637751,0.699468,0.816494,0.862740,0.630143,0.334816,0.221779,0.745318,0.752534,1.136253,1.270939,0.863430,0.868429,-0.195371,-0.198602,0.567115,0.539072,0.382215,0.416899,0.461557,0.247740,0.458364,0.199588,0.489556,0.627696,0.481170,0.683821,0.774845,0.903161,0.465392,0.448721,0.757149,0.793972
0.575028,0.433408,0.641674,0.728948,0.241053,0.341543,0.665678,0.732306,0.379494,0.352496,0.470095,0.170244,0.194301,0.187878,0.500399,0.596764,0.447054,0.449457,0.411724,0.443816,0.052815,0.156009,0.639655,0.699280,0.179290,0.165342,0.405340,0.453694,0.397092,0.328689,0.160958,0.199656,0.671666,0.566903,1.656130,0.000000,0.439206,0.556525,0.376477,0.479196,0.112306,0.487941,0.810609,0.713233,0.772051,0.715810,0.881248,0.826235,0.705453,0.824428,0.915092,0.636614,0.779174,0.761787,0.942623,1.010058,0.629986,0.627785,0.779575,0.864013,0.838320,0.627364,0.338458,0.228566,0.644066,0.671535,1.096159,1.179768,0.834229,0.844511,-0.136979,-0.159552,0.553608,0.573264,0.413071,0.440605,0.512286,0.315889,0.428371,0.095403,0.450307,0.503477,0.484274,0.680553,0.697369,0.781847,0.436627,0.419962,0.766120,0.776957
0.254457,0.342174,0.352739,0.317708,0.122216,0.062793,0.155454,0.258210,0.033438,-0.085335,0.229453,0.212705,0.079191,0.181105,0.482058,0.510997,0.378043,0.484718,0.361699,0.457434,0.307441,0.513045,0.083304,0.358583,0.006451,0.047537,0.344489,0.501465,0.349324,0.324314,0.311978,0.324657,0.377756,0.318879,0.412073,0.439206,0.000000,0.695551,1.120767,0.782069,0.666181,0.365441,0.332526,0.442966,0.222140,0.445355,0.441657,0.464330,0.228442,0.306526,0.298615,0.212555,0.230398,0.107666,0.719945,0.356322,0.318788,0.379663,0.244475,0.278545,0.241202,0.144542,0.069599,0.176545,0.252935,0.253645,0.340104,0.449095,0.406882,0.491822,0.070471,-0.044888,0.556068,0.511324,0.313820,0.176613,0.772158,0.466264,0.248629,0.221497,0.644041,0.472991,0.702087,0.582834,0.636801,0.507287,0.519587,0.301612,0.424028,0.267136
0.202133,0.270677,0.558760,0.599933,0.311587,0.321525,0.291337,0.482513,0.295165,0.273899,0.180612,-0.008500,-0.029628,0.059274,0.290326,0.380952,0.417035,0.303741,0.244768,0.331749,0.266166,0.423447,0.193783,0.558808,0.331605,0.328076,0.218512,0.226699,0.343787,0.456219,0.134427,0.210080,0.299067,0.239099,0.610103,0.556525,0.695551,0.000000,0.886172,1.058684,0.355401,0.363281,0.440072,0.466541,0.219411,0.601514,0.557304,0.627744,0.582756,0.643453,0.773486,0.651342,0.678096,0.419818,0.634506,0.570796,0.258175,0.319822,0.294265,0.378622,0.306877,0.222900,0.069006,0.161812,0.332785,0.423858,0.513986,0.551123,0.538800,0.586250,0.010135,-0.085270,0.276465,0.387866,0.139397,-0.068395,0.707443,0.696977,0.092129,0.420342,0.687875,0.699305,0.754345,0.904166,0.808107,0.880654,0.547140,0.814274,0.613383,0.638838
0.212885,0.331996,0.474514,0.409064,0.089331,0.025025,0.187238,0.288674,0.060821,-0.060760,0.179588,0.131814,0.059710,0.203122,0.417426,0.417303,0.361253,0.366341,0.443244,0.504595,0.303618,0.440620,0.048481,0.371702,-0.042834,0.000794,0.211346,0.349832,0.340324,0.352733,0.298047,0.286061,0.234675,0.230677,0.354804,0.376477,1.120767,0.886172,0.000000,1.026713,0.540820,0.263572,0.184163,0.265449,0.007893,0.340391,0.306201,0.314555,0.228214,0.294938,0.322381,0.181412,0.315654,0.125887,0.739175,0.320489,0.236588,0.314824,0.204094,0.260360,0.223096,0.131904,-0.021629,0.144661,0.229436,0.220751,0.252396,0.328390,0.354701,0.477608,0.152714,-0.018024,0.486439,0.426857,0.260971,-0.006218,0.740395,0.538456,0.160685,0.258522,0.643729,0.476375,0.731964,0.574788,0.612635,0.547724,0.502307,0.416154,0.541145,0.334992
0.256441,0.263718,0.508636,0.435067,0.048157,0.100727,0.235844,0.342542,0.115515,0.114784,0.236883,0.035307,0.108890,0.108846,0.361326,0.331990,0.578996,0.430711,0.309178,0.392329,0.130849,0.335652,0.028800,0.466849,0.150969,0.196545,0.164208,0.339240,0.485719,0.438956,0.175120,0.215383,0.287527,0.245915,0.474611,0.479196,0.782069,1.058684,1.026713,0.000000,0.459662,0.578612,0.309113,0.451069,0.046035,0.553912,0.471681,0.558696,0.470912,0.550451,0.539304,0.492549,0.485067,0.327983,0.673860,0.429674,0.320438,0.359771,0.197310,0.307421,0.289853,0.085897,0.116252,0.240806,0.229750,0.306292,0.292349,0.374324,0.500855,0.691186,0.079133,-0.031772,0.436692,0.322163,0.190462,-0.075374,0.621649,0.459380,0.087357,0.387805,0.726129,0.688926,0.847482,0.833546,0.745286,0.730714,0.692636,0.707508,0.611905,0.420715
0.214822,0.353888,0.344714,0.266953,0.121971,0.158145,0.119823,0.250734,0.137935,-0.144530,0.154203,0.281773,0.084411,0.268534,0.422761,0.601333,0.399764,0.673963,0.398833,0.476219,0.366650,0.589516,0.011838,0.440557,0.179055,0.358651,0.249703,0.401013,0.279268,0.369224,0.516319,0.550007,0.507896,0.390282,0.091968,0.112306,0.666181,0.355401,0.540820,0.459662,0.000000,0.352244,0.098857,0.235415,0.154313,0.375049,0.237112,0.310961,0.059321,0.131893,0.070278,0.054614,0.009414,-0.091318,0.317689,0.140855,0.274105,0.346442,0.078786,0.071237,0.160703,0.145235,0.088493,0.336719,0.300129,0.339186,0.075055,0.190819,0.259090,0.320136,0.421187,0.249920,0.364191,0.345136,0.284539,0.065707,0.452573,0.361980,0.334930,0.409802,0.660316,0.489243,0.837971,0.517204,0.549730,0.317548,0.439734,0.336400,0.295450,0.049552
0.454100,0.317681,0.186291,0.125442,-0.136887,-0.057512,0.330600,0.270436,0.121125,0.074148,0.527016,0.465629,0.603366,0.221906,0.617620,0.341599,0.867433,0.834136,0.100119,0.220310,-0.080119,0.004036,0.142377,0.386584,0.259811,0.310816,0.213943,0.476337,0.861229,0.688684,0.300157,0.346421,0.718024,0.660510,0.552777,0.487941,0.365441,0.363281,0.263572,0.578612,0.352244,0.000000,0.347468,0.591279,0.384677,0.719348,0.444269,0.502791,0.362143,0.568683,0.277099,0.449192,0.175544,0.357688,0.448126,0.254218,0.602021,0.564857,0.127048,0.311453,0.502430,0.174133,0.578278,0.495489,0.211501,0.311001,0.219534,0.377886,0.427253,0.542978,0.009816,0.179075,0.547787,0.403152,0.199389,0.201292,0.077136,-0.176541,0.328141,0.284378,0.547072,0.679342,0.491085,0.602893,0.511052,0.493997,0.675724,0.417566,0.305138,0.080466
0.494693,0.318499,0.445261,0.528318,0.233126,0.287126,0.411471,0.457690,0.270839,0.282922,0.294838,0.077921,0.113940,0.070888,0.326173,0.378895,0.454700,0.394500,0.329398,0.420561,-0.094862,0.133761,0.582771,0.657596,0.335257,0.235572,0.423883,0.402614,0.324724,0.334372,0.111363,0.202166,0.599585,0.525268,0.824782,0.810609,0.332526,0.440072,0.184163,0.309113,0.098857,0.347468,0.000000,1.227800,1.164244,0.998198,1.606481,1.209822,0.729330,0.816231,0.802676,0.813740,0.568094,0.754804,0.661706,0.965506,0.672901,0.621013,0.593861,0.530451,0.490791,0.181438,0.296946,0.101959,0.270259,0.278575,0.964864,1.058548,0.900177,0.741315,-0.247106,-0.205333,0.270095,0.411351,0.197834,0.448830,0.353537,0.228714,0.416332,0.195258,0.533473,0.561997,0.393108,0.672977,0.618967,0.759300,0.365949,0.374220,0.453842,0.606764
0.471448,0.350978,0.295167,0.336230,0.086458,0.168606,0.279444,0.363118,0.159291,0.161495,0.415901,0.298333,0.208204,0.119733,0.491803,0.471178,0.747224,0.649826,0.258627,0.435110,-0.094763,0.106412,0.311526,0.565331,0.337109,0.307476,0.471006,0.508105,0.613788,0.575530,0.179908,0.321616,0.702573,0.655568,0.772386,0.713233,0.442966,0.466541,0.265449,0.451069,0.235415,0.591279,1.227800,0.000000,0.931970,1.377861,1.374288,1.343675,0.518414,0.743736,0.533097,0.659731,0.356664,0.515431,0.610219,0.686609,0.701584,0.644925,0.392178,0.404920,0.489131,0.185089,0.445078,0.285966,0.288087,0.347744,0.655726,0.866537,0.753867,0.710402,-0.160691,-0.087972,0.497416,0.520324,0.298034,0.396032,0.275047,0.064081,0.477013,0.326649,0.686250,0.736810,0.488092,0.698922,0.706705,0.768245,0.392100,0.324186,0.315786,0.359540
0.486074,0.374921,0.320361,0.424707,0.092223,0.262286,0.428521,0.509600,0.233429,0.253627,0.351852,0.321013,0.164316,0.214019,0.403389,0.574554,0.438175,0.529280,0.247780,0.356411,0.016672,0.103576,0.675111,0.640654,0.254243,0.280142,0.464754,0.447893,0.341594,0.382961,0.301547,0.324013,0.828139,0.660227,0.791582,0.772051,0.222140,0.219411,0.007893,0.046035,0.154313,0.384677,1.164244,0.931970,0.000000,0.964684,1.104726,0.945282,0.542563,0.659431,0.609013,0.554787,0.407726,0.610156,0.540093,0.765460,0.697696,0.688404,0.651002,0.607873,0.575775,0.443417,0.415980,0.215830,0.396228,0.468404,0.918070,1.114322,0.694061,0.608585,-0.137879,-0.003810,0.342794,0.480455,0.288369,0.619998,0.243887,0.102697,0.614125,0.219516,0.466159,0.512036,0.315834,0.557769,0.550259,0.609167,0.286441,0.269708,0.374620,0.429182
0.504982,0.433538,0.449581,0.481540,0.080370,0.223301,0.389746,0.534500,0.250173,0.243805,0.397342,0.339390,0.208350,0.206555,0.559815,0.630788,0.819089,0.742871,0.348368,0.554016,-0.028627,0.193066,0.388722,0.777412,0.445460,0.495099,0.449592,0.516396,0.623663,0.753764,0.315859,0.445130,0.872876,0.770400,0.844058,0.715810,0.445355,0.601514,0.340391,0.553912,0.375049,0.719348,0.998198,1.377861,0.964684,0.000000,1.159045,1.205424,0.556675,0.817056,0.631080,0.664665,0.415242,0.549391,0.609558,0.657745,0.708990,0.719898,0.451517,0.518028,0.573196,0.326162,0.410525,0.340432,0.449161,0.564080,0.739117,1.003858,0.829743,0.893790,-0.051690,0.020502,0.471821,0.454886,0.276210,0.329797,0.343128,0.154090,0.523951,0.541758,0.895211,1.088035,0.691428,0.946688,0.961567,0.997963,0.509078,0.527497,0.493912,0.448587
0.448244,0.362291,0.475074,0.542792,0.199740,0.277987,0.376377,0.490186,0.279427,0.234450,0.290712,0.116722,0.075959,0.095689,0.398680,0.508189,0.566331,0.521289,0.357494,0.496463,-0.001053,0.191373,0.475630,0.719259,0.293312,0.240383,0.417989,0.424896,0.404579,0.405212,0.160960,0.238802,0.655271,0.555658,0.864280,0.881248,0.441657,0.557304,0.306201,0.471681,0.237112,0.444269,1.606481,1.374288,1.104726,1.159045,0.000000,1.589170,0.740841,0.879220,0.822617,0.794620,0.628877,0.730717,0.782254,1.036944,0.686152,0.667976,0.614604,0.596542,0.521892,0.246711,0.336714,0.204856,0.346242,0.385906,0.924406,1.110874,0.944545,0.912229,-0.189127,-0.156988,0.381826,0.497351,0.302672,0.436468,0.429677,0.283102,0.446991,0.251962,0.692416,0.702033,0.621516,0.830567,0.840435,0.900571,0.458534,0.484096,0.552033,0.635997
0.399382,0.327268,0.411733,0.454777,0.106549,0.246436,0.310507,0.421704,0.195956,0.233275,0.358395,0.186092,0.090995,0.120848,0.410600,0.554397,0.679812,0.607135,0.243598,0.382336,0.097045,0.237114,0.400332,0.685858,0.332229,0.292155,0.474105,0.451437,0.463781,0.448141,0.205633,0.249529,0.658362,0.490923,0.810247,0.826235,0.464330,0.627744,0.314555,0.558696,0.310961,0.502791,1.209822,1.343675,0.945282,1.205424,1.589170,0.000000,0.674129,0.853068,0.777130,0.799080,0.591068,0.701216,0.700131,0.887993,0.704152,0.701956,0.494020,0.503225,0.472868,0.206084,0.331888,0.172199,0.293887,0.396524,0.778873,0.992052,0.878830,0.899343,-0.113832,-0.078454,0.378517,0.476160,0.255734,0.360071,0.457820,0.293317,0.484524,0.395793,0.741608,0.706506,0.639691,0.855393,0.824124,0.950771,0.496320,0.461400,0.450138,0.479844
0.449493,0.301423,0.533757,0.515664,0.406319,0.419002,0.571797,0.471662,0.499950,0.406091,0.215377,-0.122743,0.119575,-0.073411,0.276841,0.200364,0.338398,0.223842,0.189039,0.176409,-0.105787,0.053528,0.311981,0.392922,0.340335,0.266739,0.128180,0.183694,0.259716,0.195167,-0.019942,-0.044072,0.377143,0.319247,0.658459,0.705453,0.228442,0.582756,0.228214,0.470912,0.059321,0.362143,0.729330,0.518414,0.542563,0.556675,0.740841,0.674129,0.000000,1.564651,1.365276,1.423936,1.283434,0.925328,0.650277,0.870745,0.370734,0.428200,0.871029,0.846234,0.679503,0.285087,0.401056,0.331414,0.291552,0.243636,0.815491,0.624002,0.726951,0.595832,-0.206411,-0.280470,0.195445,0.304578,0.181724,0.182211,0.379031,0.372618,0.161539,0.156484,0.359270,0.466332,0.496092,0.722192,0.471328,0.516090,0.446175,0.561429,0.516345,0.686500
