0.000000,0.883553,0.779030,0.569809,0.386500,0.227705,0.879878,0.600926,0.464025,0.490799,0.824023,0.366898,0.721382,0.667613,0.587554,0.147100,0.354799,0.395683,0.851807,0.838285,0.135399,0.040819,0.613339,0.428903,0.372092,0.291271,0.151677,0.138299,0.185586,-0.067132,0.466456,0.402745,0.614428,0.584857,0.446797,0.224684,0.282200,0.224391,0.631013,0.437502,0.258725,0.316453,0.641616,0.581198,0.542836,0.533626,0.817588,0.787104,0.580559,0.528592,0.668583,0.582266,0.686323,0.787157,0.715744,0.796495,1.267123,0.804016,0.961620,0.653183,1.002722,0.592246,0.523679,0.457436,0.492310,0.400427,0.820897,0.704356,0.835772,0.628398,0.196093,0.208981,0.415870,0.196063,0.333429,0.286942,0.791834,0.854343,0.125126,-0.104084,0.364874,0.301347,0.343299,0.251643,0.751049,0.609515,0.522963,0.522349,0.674185,0.755737
0.883553,0.000000,0.611420,0.707451,0.320082,0.206504,0.657075,0.695848,0.436087,0.544800,0.593767,0.522449,0.503456,0.566975,0.409348,0.166353,0.383692,0.543551,0.606085,0.775388,0.118412,-0.037403,0.494667,0.495606,0.217124,0.246525,0.119890,0.092278,0.132273,0.020205,0.290606,0.369543,0.577367,0.719687,0.319918,0.221716,0.369277,0.255873,0.580913,0.471391,0.220966,0.486144,0.531956,0.517419,0.589534,0.556207,0.652108,0.691307,0.558121,0.638547,0.651332,0.661275,0.628761,0.712692,0.546788,0.720180,0.764577,1.336570,0.841888,0.965007,0.821162,0.886407,0.610787,0.597095,0.428681,0.560284,0.703354,0.779146,0.566247,0.551078,0.326495,0.252430,0.425526,0.271775,0.331013,0.245615,0.716350,0.768014,0.110385,0.091891,0.430018,0.476153,0.368190,0.356713,0.672843,0.693018,0.456128,0.559972,0.597990,0.677532
0.779030,0.611420,0.000000,1.253638,0.206142,0.319479,1.536022,0.724599,0.707162,0.657911,0.697475,0.305204,0.778608,0.404720,0.675999,0.124913,0.234014,0.407821,0.960978,0.907984,0.082252,-0.024547,1.405494,1.013472,0.400344,0.382807,0.036567,0.096397,0.126388,-0.130841,0.632389,0.759352,0.793162,0.796994,0.817851,0.379258,0.400613,0.372388,0.665843,0.556211,0.290962,0.280310,0.717484,0.646802,0.751536,0.642834,0.933209,0.932904,0.590940,0.543468,0.627840,0.563032,0.555812,0.805652,0.812511,0.817625,0.598227,0.634828,0.711994,0.622789,0.692194,0.549681,0.264374,0.402464,1.025020,0.785833,1.210631,1.048927,0.805253,0.670612,0.204978,0.147138,0.285999,0.036229,0.187656,0.193065,0.683424,0.832968,0.090363,0.005263,0.396288,0.394846,0.476387,0.392238,0.998467,0.812915,0.677084,0.570580,0.791521,0.908912
0.569809,0.707451,1.253638,0.000000,0.154678,0.293667,1.253411,0.899655,0.755231,0.840438,0.673167,0.428863,0.762626,0.457355,0.548127,0.143789,0.292255,0.609574,0.794197,0.912706,0.057213,-0.099788,1.105847,1.401497,0.331518,0.320585,-0.046451,-0.013681,0.209386,-0.033311,0.584713,0.781173,0.767520,0.939388,0.711694,0.451408,0.421585,0.392859,0.551023,0.551109,0.326876,0.380256,0.668594,0.562354,0.749656,0.695672,0.851456,0.902847,0.642415,0.742788,0.659854,0.671250,0.605928,0.814532,0.719296,0.762568,0.481917,0.684837,0.695758,0.738441,0.746704,0.790549,0.426616,0.643264,0.920611,1.051807,1.056428,1.138969,0.671445,0.640741,0.294974,0.104645,0.262937,0.021204,0.198107,0.099332,0.723024,0.860616,0.118518,0.130908,0.489456,0.520615,0.536528,0.459537,0.957938,0.834229,0.633298,0.540762,0.753164,0.863122
0.386500,0.320082,0.206142,0.154678,0.000000,0.481090,0.227175,0.608562,0.385592,0.262637,0.157569,0.476143,0.100600,0.544099,0.519094,0.521782,0.179069,0.059737,0.287674,0.364083,0.369952,0.344061,0.163042,0.016069,0.314813,0.528012,0.709072,0.493946,0.084049,0.127627,0.353850,0.287374,0.148182,0.192148,-0.082054,-0.159402,0.121782,0.051840,0.308691,0.319955,0.180341,0.381977,0.305310,0.253687,0.274605,0.302527,0.223275,0.310862,0.384551,0.293966,0.302258,0.359369,0.307790,0.352465,0.291309,0.297322,0.329555,0.275712,0.339512,0.259093,0.285310,0.276328,0.346548,-0.011736,0.030953,0.099720,0.226435,0.258492,0.256472,0.283133,0.381319,0.440030,0.407075,0.589837,0.376486,0.608738,0.238645,0.182913,-0.049745,-0.267680,0.152156,0.111372,0.096107,0.074823,0.170624,0.277409,0.137862,0.032095,0.166503,0.074969
0.227705,0.206504,0.319479,0.293667,0.481090,0.000000,0.270897,0.366982,0.646713,0.501386,0.078674,0.205693,0.062995,0.320184,0.475361,0.802135,0.067105,0.074975,0.286124,0.241452,0.507829,0.675241,0.300508,0.318845,0.740507,0.864865,0.931340,1.110538,0.113066,0.074867,0.681767,0.397488,0.081392,0.208485,0.091253,0.064875,0.441091,0.251482,0.527848,0.337086,0.427076,0.204277,0.244733,0.081226,0.274189,0.165378,0.115561,0.229794,0.109875,0.072008,0.131506,0.105291,0.168721,0.230000,0.325315,0.215353,0.290272,0.269432,0.034799,0.224370,0.145157,0.165755,0.049908,-0.030307,0.289094,0.149532,0.219889,0.182688,0.202352,0.222234,0.394009,0.648690,0.185980,0.260474,0.100074,0.260190,0.173364,0.212800,0.030230,-0.216052,0.091213,0.063997,0.065270,0.074692,0.207673,0.196477,0.023145,0.178658,-0.027649,0.054145
0.879878,0.657075,1.536022,1.253411,0.227175,0.270897,0.000000,0.863749,0.761041,0.739741,0.799704,0.443011,0.895456,0.574257,0.645614,0.122692,0.295980,0.513316,0.917619,0.973926,0.032095,-0.020823,1.223193,0.989514,0.323045,0.316167,-0.015949,0.018732,0.223269,-0.092770,0.607856,0.723462,0.955370,0.958248,0.776702,0.436510,0.346961,0.356430,0.581004,0.544191,0.307656,0.303837,0.737579,0.593732,0.728551,0.713511,0.982424,0.998909,0.628753,0.705056,0.679404,0.702715,0.640428,0.871606,0.914136,0.915361,0.666852,0.650333,0.817810,0.703737,0.887073,0.699136,0.472097,0.552022,0.889947,0.852575,1.194407,1.103040,0.710032,0.639911,0.195372,0.109202,0.234730,0.021340,0.248456,0.174732,0.851114,0.927535,0.096261,-0.011415,0.432992,0.416948,0.481827,0.365186,0.941356,0.833502,0.733654,0.558333,0.878458,1.027363
0.600926,0.695848,0.724599,0.899655,0.608562,0.366982,0.863749,0.000000,0.534324,0.770401,0.539010,0.834450,0.592960,0.903461,0.554765,0.346219,0.296070,0.410435,0.512406,0.772492,0.175936,0.107678,0.545687,0.556740,0.244870,0.391771,0.235209,0.163973,0.196148,0.101427,0.517319,0.660709,0.573119,0.741122,0.252026,0.108449,0.245558,0.228031,0.435633,0.468327,0.222123,0.527647,0.511421,0.472049,0.626386,0.686452,0.648993,0.718286,0.733361,0.835111,0.704435,0.868594,0.599567,0.668904,0.589401,0.693837,0.427663,0.486605,0.673956,0.622351,0.731256,0.899699,0.566581,0.420764,0.438372,0.760623,0.725298,0.920978,0.420974,0.475084,0.365303,0.271016,0.408164,0.310138,0.299679,0.374613,0.622529,0.574964,0.067725,-0.092304,0.408662,0.393979,0.363053,0.349382,0.629401,0.816513,0.448563,0.376763,0.572157,0.578413
0.464025,0.436087,0.707162,0.755231,0.385592,0.646713,0.761041,0.534324,0.000000,0.871992,0.472384,0.404505,0.629536,0.398211,0.695287,0.397092,0.345881,0.528475,0.793113,0.727214,0.191551,0.100006,0.809344,0.846686,0.457898,0.433640,0.251058,0.271375,0.289319,0.056959,0.696612,0.662370,0.582562,0.595914,0.398828,0.387222,0.528439,0.408804,0.592994,0.605509,0.482936,0.253116,0.742531,0.430792,0.648962,0.516261,0.588211,0.742890,0.463587,0.456780,0.438880,0.455252,0.443050,0.665480,0.775589,0.651843,0.526295,0.557797,0.492161,0.519873,0.550677,0.437299,0.372641,0.362572,0.625340,0.531118,0.633961,0.585029,0.595124,0.523078,0.418790,0.290439,0.108016,0.123972,0.094331,0.111115,0.656970,0.680852,0.015295,0.104684,0.452923,0.374234,0.399284,0.260382,0.592182,0.517845,0.620830,0.389467,0.633681,0.590076
0.490799,0.544800,0.657911,0.840438,0.262637,0.501386,0.739741,0.770401,0.871992,0.000000,0.476247,0.443462,0.662499,0.624581,0.505775,0.347083,0.255752,0.484025,0.496137,0.530187,0.012173,-0.071632,0.562622,0.774989,0.286946,0.297257,0.119032,0.085830,0.277158,0.081721,0.476955,0.499929,0.469978,0.540088,0.376015,0.223827,0.403773,0.306200,0.422282,0.409072,0.217217,0.331763,0.545351,0.410249,0.524881,0.539208,0.588586,0.645360,0.508115,0.619840,0.549959,0.576811,0.480723,0.705321,0.581622,0.610327,0.431389,0.456438,0.524991,0.519384,0.674002,0.758052,0.438115,0.435014,0.511056,0.783944,0.604701,0.714178,0.406560,0.355356,0.355737,0.139672,0.210903,-0.015650,0.098509,0.058788,0.540261,0.570154,0.003986,0.026057,0.444085,0.404878,0.313603,0.302365,0.627330,0.611021,0.420777,0.366286,0.573082,0.680641
0.824023,0.593767,0.697475,0.673167,0.157569,0.078674,0.799704,0.539010,0.472384,0.476247,0.000000,0.493860,1.142207,0.552113,0.720142,0.039055,0.395071,0.663970,0.846938,0.930829,0.027333,-0.040591,0.637765,0.517300,0.172784,0.148557,-0.032030,-0.001139,0.450323,0.100612,0.445674,0.430893,0.720259,0.700070,0.436420,0.346655,0.366779,0.196222,0.431595,0.514513,0.262804,0.341732,0.741447,0.538173,0.647183,0.599467,0.711457,0.884463,0.626001,0.616492,0.570100,0.611808,0.575992,0.671730,0.707603,0.705346,0.629130,0.684119,0.663492,0.578918,0.804039,0.626203,0.528290,0.628157,0.604993,0.576212,0.786360,0.739329,0.698795,0.672574,0.076263,0.006727,0.473260,0.186017,0.382834,0.296203,0.904422,0.740783,0.293038,0.041450,0.521585,0.530685,0.589954,0.427898,0.816990,0.635640,0.646109,0.329603,0.685221,0.693966
0.366898,0.522449,0.305204,0.428863,0.476143,0.205693,0.443011,0.834450,0.404505,0.443462,0.493860,0.000000,0.461399,0.820662,0.506424,0.396090,0.406390,0.566860,0.307624,0.623327,0.119684,0.083462,0.315454,0.239548,0.071973,0.238834,0.168958,0.086421,0.375139,0.366205,0.406285,0.410983,0.432418,0.612190,0.004868,0.026100,0.158106,0.055593,0.192498,0.394766,0.290828,0.472242,0.337356,0.317808,0.525050,0.586003,0.345711,0.484364,0.553428,0.654199,0.528817,0.766356,0.521413,0.488547,0.437620,0.520674,0.394964,0.498285,0.430784,0.498347,0.570360,0.595587,0.640915,0.513153,0.206885,0.417682,0.376197,0.503525,0.265042,0.432237,0.358480,0.278512,0.329562,0.372535,0.282263,0.265172,0.590485,0.406732,0.199806,0.083077,0.452794,0.520987,0.303877,0.329634,0.393466,0.606223,0.346155,0.102261,0.409155,0.351344
0.721382,0.503456,0.778608,0.762626,0.100600,0.062995,0.895456,0.592960,0.629536,0.662499,1.142207,0.461399,0.000000,0.523141,0.610981,0.017671,0.410656,0.688711,0.718509,0.767521,-0.073905,-0.139578,0.671585,0.667076,0.124230,0.118288,-0.173735,-0.139969,0.402924,0.101988,0.432591,0.481165,0.632114,0.652926,0.475153,0.355463,0.376307,0.357775,0.421670,0.489898,0.241113,0.335758,0.706395,0.606255,0.772081,0.753388,0.760977,0.935489,0.774682,0.811653,0.786824,0.816531,0.674444,0.816949,0.715280,0.900702,0.521638,0.533189,0.708081,0.532355,0.878377,0.619801,0.558659,0.620447,0.640069,0.655837,0.847565,0.829588,0.606258,0.541294,0.136924,-0.015458,0.161427,-0.009212,0.170761,0.111413,0.759137,0.683947,0.252780,0.178501,0.595166,0.568733,0.635350,0.495028,0.877494,0.743507,0.726897,0.448938,0.828585,0.888751
0.667613,0.566975,0.404720,0.457355,0.544099,0.320184,0.574257,0.903461,0.398211,0.624581,0.552113,0.820662,0.523141,0.000000,0.534526,0.484527,0.313611,0.341576,0.364235,0.533036,0.143214,0.115654,0.326255,0.294532,0.365537,0.428668,0.309715,0.240363,0.355743,0.261741,0.509512,0.444676,0.404853,0.538538,0.182453,0.048536,0.232531,0.093872,0.322358,0.410829,0.211497,0.384337,0.389488,0.373193,0.479506,0.524657,0.444999,0.515890,0.520173,0.614492,0.583841,0.695445,0.505938,0.541255,0.477633,0.554280,0.549101,0.446419,0.507285,0.390767,0.685478,0.616926,0.611747,0.319817,0.304657,0.482403,0.433023,0.544651,0.310801,0.343123,0.361338,0.316067,0.454224,0.362530,0.458778,0.420234,0.584388,0.503113,0.168169,-0.058857,0.357948,0.353923,0.207476,0.259924,0.427694,0.555048,0.274039,0.210817,0.387062,0.393136
0.587554,0.409348,0.675999,0.548127,0.519094,0.475361,0.645614,0.554765,0.695287,0.505775,0.720142,0.506424,0.610981,0.534526,0.000000,0.571417,0.322588,0.466737,0.868532,0.814467,0.394147,0.217514,0.734080,0.459685,0.476073,0.571992,0.400581,0.350921,0.600418,0.388692,0.762328,0.659106,0.523846,0.522368,0.340218,0.154850,0.549711,0.265299,0.591644,0.567099,0.436489,0.461221,0.727998,0.429182,0.700138,0.529259,0.538365,0.800286,0.558305,0.418302,0.469127,0.470467,0.473028,0.622837,0.536721,0.513854,0.609545,0.524873,0.496804,0.485831,0.594863,0.356468,0.439116,0.295200,0.645067,0.418708,0.576618,0.571125,0.639840,0.539921,0.340224,0.307156,0.433572,0.408428,0.274786,0.335729,0.598435,0.561933,0.223163,0.114173,0.663557,0.638901,0.619875,0.469064,0.699849,0.534276,0.528735,0.309820,0.456299,0.336012
0.147100,0.166353,0.124913,0.143789,0.521782,0.802135,0.122692,0.346219,0.397092,0.347083,0.039055,0.396090,0.017671,0.484527,0.571417,0.000000,0.293094,0.089512,0.223489,0.164845,0.638800,0.624175,0.123106,0.145791,0.709614,0.881385,0.743071,0.638424,0.427272,0.603500,0.595562,0.352020,-0.027693,0.114911,-0.111078,-0.037526,0.321301,0.130896,0.265316,0.318154,0.352285,0.241797,0.203337,0.084362,0.213438,0.178263,0.059593,0.173844,0.157214,0.126786,0.228805,0.162766,0.237701,0.250467,0.087067,0.101561,0.270177,0.201239,0.004789,0.154545,0.147873,0.083901,0.193234,-0.050401,0.107506,0.005033,-0.023778,0.068948,0.149928,0.121106,0.412168,0.639442,0.258159,0.481840,0.134857,0.289252,0.146110,0.066011,0.135361,0.043104,0.291958,0.294122,0.089874,0.190520,0.135048,0.164096,-0.118832,0.005653,-0.043129,-0.087877
0.354799,0.383692,0.234014,0.292255,0.179069,0.067105,0.295980,0.296070,0.345881,0.255752,0.395071,0.406390,0.410656,0.313611,0.322588,0.293094,0.000000,0.509886,0.370481,0.411186,0.185160,-0.020767,0.244948,0.266605,0.267827,0.236880,0.080262,-0.040190,0.353541,0.275557,0.187328,0.217774,0.329181,0.351842,0.103299,0.072150,0.182521,0.179746,0.242640,0.286187,0.289510,0.289312,0.398017,0.320992,0.497082,0.417239,0.423339,0.416444,0.533291,0.423239,0.494629,0.427898,0.537187,0.439938,0.252837,0.332422,0.557511,0.454292,0.355876,0.306330,0.485811,0.289614,0.644665,0.316849,0.243737,0.219107,0.276694,0.295053,0.332367,0.361096,0.164580,0.144924,0.112779,0.051781,0.070497,0.004599,0.291718,0.281652,0.439838,0.342361,0.622077,0.537229,0.444942,0.423066,0.407515,0.425667,0.291581,0.199092,0.304962,0.293667
0.395683,0.543551,0.407821,0.609574,0.059737,0.074975,0.513316,0.410435,0.528475,0.484025,0.663970,0.566860,0.688711,0.341576,0.466737,0.089512,0.509886,0.000000,0.584837,0.729472,0.005144,-0.109330,0.504003,0.543520,0.106084,0.141982,-0.162200,-0.141544,0.461593,0.228662,0.341576,0.340528,0.478085,0.589509,0.324514,0.309660,0.408428,0.248228,0.322502,0.283921,0.356249,0.372252,0.582712,0.409179,0.603728,0.442349,0.539502,0.682520,0.494095,0.552922,0.477300,0.538965,0.502255,0.592002,0.391985,0.562251,0.510456,0.703337,0.415527,0.512528,0.645350,0.657406,0.630237,0.849885,0.432855,0.528697,0.515130,0.525619,0.517302,0.593723,0.314065,0.128980,0.113175,0.045982,0.097421,0.041497,0.659040,0.640502,0.264714,0.371487,0.626928,0.733862,0.541685,0.450419,0.613406,0.531316,0.560594,0.344626,0.509044,0.515182
0.851807,0.606085,0.960978,0.794197,0.287674,0.286124,0.917619,0.512406,0.793113,0.496137,0.846938,0.307624,0.718509,0.364235,0.868532,0.223489,0.370481,0.584837,0.000000,1.303092,0.196463,0.018825,1.001409,0.689247,0.429074,0.360509,0.133624,0.139489,0.346503,0.039597,0.589150,0.612979,0.794445,0.706316,0.644807,0.597776,0.531343,0.432129,0.735393,0.607852,0.347296,0.274466,0.901922,0.667909,0.677323,0.564721,0.935330,0.943252,0.582114,0.476506,0.554798,0.455082,0.585990,0.838722,0.821868,0.678510,0.849290,0.806393,0.779164,0.698792,0.740894,0.510336,0.390180,0.507670,0.768992,0.529886,0.936711,0.755410,1.213190,0.886199,0.315875,0.210075,0.440235,0.245541,0.342778,0.306584,0.815767,0.976210,0.065444,0.108531,0.557994,0.513228,0.665632,0.442967,0.888721,0.587059,0.806053,0.589086,0.773258,0.692163
0.838285,0.775388,0.907984,0.912706,0.364083,0.241452,0.973926,0.772492,0.727214,0.530187,0.930829,0.623327,0.767521,0.533036,0.814467,0.164845,0.411186,0.729472,1.303092,0.000000,0.120828,-0.026816,0.889383,0.617047,0.280506,0.273430,0.088228,0.081445,0.324360,0.038789,0.519274,0.603171,0.975361,1.007362,0.522169,0.494102,0.413857,0.401486,0.632885,0.656414,0.415968,0.437503,0.789864,0.640149,0.822006,0.727166,0.920347,1.009648,0.648296,0.676902,0.634813,0.695117,0.618374,0.863078,0.921672,0.869910,0.795857,0.921187,0.911357,0.901349,0.890102,0.722422,0.596889,0.689909,0.724456,0.719656,1.096199,0.989545,1.183271,1.261464,0.263947,0.127917,0.437436,0.281017,0.355151,0.330105,0.898096,1.013161,0.123437,0.077076,0.629510,0.616509,0.702215,0.545725,0.931641,0.807312,0.944475,0.605488,0.908120,0.817376
0.135399,0.118412,0.082252,0.057213,0.369952,0.507829,0.032095,0.175936,0.191551,0.012173,0.027333,0.119684,-0.073905,0.143214,0.394147,0.638800,0.185160,0.005144,0.196463,0.120828,0.000000,0.597914,0.121765,0.108300,0.510585,0.653380,0.623934,0.544291,0.324310,0.480814,0.475689,0.339362,-0.044080,-0.016090,-0.120085,-0.022324,0.234185,-0.002994,0.204625,0.017925,0.296494,0.155660,0.125836,-0.024472,0.081394,-0.040969,-0.031779,0.168755,0.053591,-0.111189,0.062315,-0.062565,0.034567,0.073481,-0.015296,-0.091995,0.201151,0.150735,-0.024499,0.020739,-0.012951,-0.046602,0.012756,-0.119169,0.082613,-0.082294,-0.006216,0.025813,0.082806,0.089013,0.359543,0.500328,0.237744,0.478385,0.193306,0.230964,0.014326,-0.007452,0.120720,0.179537,0.197339,0.201401,0.119027,0.155886,0.019513,0.018904,-0.047114,-0.008704,-0.151296,-0.190939
0.040819,-0.037403,-0.024547,-0.099788,0.344061,0.675241,-0.020823,0.107678,0.100006,-0.071632,-0.040591,0.083462,-0.139578,0.115654,0.217514,0.624175,-0.020767,-0.109330,0.018825,-0.026816,0.597914,0.000000,-0.021145,-0.067190,0.442517,0.549499,0.671451,0.792881,0.190886,0.285467,0.381627,0.125903,-0.135495,-0.066779,-0.219821,-0.100913,0.074692,-0.004718,0.194123,0.124375,0.410384,0.099988,-0.049642,-0.280322,-0.102599,-0.157112,-0.210253,-0.060786,-0.122921,-0.107214,-0.135835,-0.128159,-0.026863,-0.087836,0.017609,-0.058932,0.030526,0.008246,-0.202808,0.010937,-0.127320,-0.124870,-0.158960,-0.176298,-0.093594,-0.230515,-0.137701,-0.156573,-0.037973,0.047837,0.250507,0.743961,0.084759,0.327514,0.074655,0.236275,0.032685,-0.089093,0.075299,-0.184175,-0.120810,-0.108971,-0.206260,-0.194755,-0.209334,-0.125973,-0.183838,-0.200855,-0.244537,-0.259885
0.613339,0.494667,1.405494,1.105847,0.163042,0.300508,1.223193,0.545687,0.809344,0.562622,0.637765,0.315454,0.671585,0.326255,0.734080,0.123106,0.244948,0.504003,1.001409,0.889383,0.121765,-0.021145,0.000000,1.166839,0.338900,0.317211,0.017122,0.067789,0.239476,-0.063669,0.701393,0.833707,0.842427,0.835341,0.881087,0.496157,0.425983,0.351628,0.583167,0.511090,0.432823,0.269679,0.744152,0.602425,0.730437,0.591007,0.847689,0.916975,0.500238,0.466923,0.506986,0.448117,0.508408,0.736000,0.841722,0.737247,0.578716,0.636388,0.572999,0.560884,0.616397,0.430069,0.281199,0.473340,1.142692,0.725000,0.991183,0.821479,0.686850,0.642841,0.268788,0.149453,0.252955,0.022229,0.224086,0.095831,0.752571,0.883591,0.033810,0.119133,0.416823,0.403743,0.522793,0.369920,0.885409,0.652683,0.749635,0.524257,0.824516,0.768005
0.428903,0.495606,1.013472,1.401497,0.016069,0.318845,0.989514,0.556740,0.846686,0.774989,0.517300,0.239548,0.667076,0.294532,0.459685,0.145791,0.266605,0.543520,0.689247,0.617047,0.108300,-0.067190,1.166839,0.000000,0.304503,0.306727,-0.112447,-0.038407,0.261047,0.001101,0.637825,0.796874,0.659457,0.769195,0.783043,0.527998,0.488206,0.408807,0.514674,0.478956,0.353347,0.245136,0.681986,0.535022,0.664141,0.567180,0.714158,0.834632,0.491872,0.533529,0.542118,0.465006,0.501887,0.682539,0.649355,0.673934,0.420719,0.557821,0.476465,0.519554,0.548612,0.550678,0.315971,0.549026,0.910529,0.887305,0.807329,0.823395,0.508663,0.434548,0.329545,0.115901,0.132400,-0.066324,0.124447,-0.009352,0.689371,0.793174,0.061149,0.238552,0.437708,0.424868,0.444170,0.345314,0.820579,0.688507,0.548754,0.457783,0.663877,0.799564
0.372092,0.217124,0.400344,0.331518,0.314813,0.740507,0.323045,0.244870,0.457898,0.286946,0.172784,0.071973,0.124230,0.365537,0.476073,0.709614,0.267827,0.106084,0.429074,0.280506,0.510585,0.442517,0.338900,0.304503,0.000000,1.072750,0.652247,0.647284,0.205654,0.199579,0.691076,0.412149,0.065451,0.100170,0.240642,0.202254,0.398524,0.134651,0.480744,0.242186,0.355871,0.091593,0.245485,0.162709,0.302156,0.137262,0.179715,0.244798,0.144189,0.065460,0.173833,0.086836,0.145292,0.240642,0.259708,0.111072,0.436577,0.287977,0.109196,0.133430,0.206045,0.077778,0.092170,-0.095363,0.429234,0.144792,0.239732,0.185846,0.401990,0.292529,0.341517,0.601147,0.174365,0.198234,0.120572,0.161777,0.174401,0.208928,0.200388,0.016327,0.142216,0.178752,0.131590,0.123950,0.270988,0.119898,0.093236,0.166630,0.066778,0.024923
0.291271,0.246525,0.382807,0.320585,0.528012,0.864865,0.316167,0.391771,0.433640,0.297257,0.148557,0.238834,0.118288,0.428668,0.571992,0.881385,0.236880,0.141982,0.360509,0.273430,0.653380,0.549499,0.317211,0.306727,1.072750,0.000000,0.703996,0.692460,0.381277,0.375276,0.945235,0.675159,0.065443,0.192982,0.205175,0.159593,0.366309,0.113055,0.440805,0.270228,0.269755,0.169491,0.247700,0.188801,0.312349,0.234398,0.130115,0.292379,0.196517,0.084051,0.213508,0.148189,0.184214,0.225096,0.178283,0.172677,0.383504,0.322379,0.078993,0.140572,0.181837,0.129534,0.153863,-0.051901,0.356171,0.169254,0.229127,0.252336,0.299698,0.272222,0.500758,0.783136,0.305787,0.419111,0.253179,0.365177,0.180112,0.196773,0.213330,-0.010404,0.214372,0.226882,0.121167,0.191468,0.248438,0.210503,-0.072193,0.042704,-0.048528,-0.013492
0.151677,0.119890,0.036567,-0.046451,0.709072,0.931340,-0.015949,0.235209,0.251058,0.119032,-0.032030,0.168958,-0.173735,0.309715,0.400581,0.743071,0.080262,-0.162200,0.133624,0.088228,0.623934,0.671451,0.017122,-0.112447,0.652247,0.703996,0.000000,1.454511,0.001431,0.138322,0.377410,0.202108,-0.113614,-0.061577,-0.148982,-0.144122,0.209320,0.027054,0.332337,0.241204,0.330300,0.182586,0.037886,0.012500,0.125316,0.005804,-0.078689,0.013936,0.020941,-0.102106,-0.049867,-0.068673,-0.038021,0.016278,0.144714,-0.055450,0.200090,0.127789,-0.050689,0.045592,-0.035446,-0.073887,-0.032115,-0.395097,0.026582,-0.137663,-0.044162,-0.072430,0.055848,0.097618,0.284326,0.594082,0.312955,0.494815,0.231126,0.388136,-0.075770,-0.092506,0.028563,-0.272190,-0.003092,-0.021721,-0.012603,0.008583,-0.068399,-0.012662,-0.091561,-0.036041,-0.239158,-0.310580
0.138299,0.092278,0.096397,-0.013681,0.493946,1.110538,0.018732,0.163973,0.271375,0.085830,-0.001139,0.086421,-0.139969,0.240363,0.350921,0.638424,-0.040190,-0.141544,0.139489,0.081445,0.544291,0.792881,0.067789,-0.038407,0.647284,0.692460,1.454511,0.000000,0.009263,0.071893,0.456609,0.222433,-0.061220,-0.004686,-0.057494,-0.057137,0.315927,0.084899,0.377109,0.255485,0.323987,0.142080,0.053421,-0.002143,0.120830,-0.021563,-0.088624,0.044090,-0.047376,-0.132615,-0.098102,-0.104070,-0.058813,-0.020186,0.176466,-0.000201,0.170662,0.140348,-0.114789,0.041527,-0.090282,-0.099047,-0.131229,-0.310149,0.099046,-0.116732,0.004239,-0.074256,0.081856,0.107554,0.270748,0.643810,0.244905,0.450611,0.172834,0.406377,-0.009512,-0.020679,0.030291,-0.291233,-0.042892,-0.062125,-0.033508,-0.022257,-0.053874,-0.007954,-0.073354,0.027366,-0.233412,-0.232841
0.185586,0.132273,0.126388,0.209386,0.084049,0.113066,0.223269,0.196148,0.289319,0.277158,0.450323,0.375139,0.402924,0.355743,0.600418,0.427272,0.353541,0.461593,0.346503,0.324360,0.324310,0.190886,0.239476,0.261047,0.205654,0.381277,0.001431,0.009263,0.000000,1.129236,0.593869,0.445356,0.293743,0.277275,0.101303,0.170249,0.395969,0.098402,0.150234,0.226089,0.229353,0.198336,0.414196,0.210582,0.302919,0.337201,0.247708,0.502983,0.356075,0.307740,0.278420,0.293173,0.337743,0.310949,0.211899,0.280610,0.296812,0.189582,0.167799,0.165419,0.308883,0.162490,0.404588,0.372006,0.186714,0.187265,0.152561,0.238015,0.207028,0.182599,0.348453,0.164716,0.165148,0.230229,0.217589,0.116097,0.399473,0.263231,0.325672,0.451365,0.744618,0.684792,0.433224,0.430088,0.284175,0.210239,0.230264,0.031839,0.225556,0.152839
-0.067132,0.020205,-0.130841,-0.033311,0.127627,0.074867,-0.092770,0.101427,0.056959,0.081721,0.100612,0.366205,0.101988,0.261741,0.388692,0.603500,0.275557,0.228662,0.039597,0.038789,0.480814,0.285467,-0.063669,0.001101,0.199579,0.375276,0.138322,0.071893,1.129236,0.000000,0.373353,0.269589,-0.017060,0.002158,-0.196937,-0.102914,0.224156,-0.063217,-0.039423,0.039635,0.178182,0.141607,0.126238,0.028186,0.133966,0.131731,-0.033095,0.203878,0.190815,0.148671,0.137732,0.152741,0.141512,0.100518,-0.099679,-0.024100,0.052988,0.013759,-0.061366,-0.023416,0.031903,0.001333,0.234381,0.085803,-0.073487,-0.029896,-0.157067,0.004566,-0.050987,-0.072100,0.391998,0.280942,0.059818,0.318019,0.079398,0.074858,0.083008,-0.084020,0.301771,0.574853,0.552824,0.633951,0.240094,0.344747,0.008840,0.047450,-0.019931,-0.170861,-0.039213,-0.176967
0.466456,0.290606,0.632389,0.584713,0.353850,0.681767,0.607856,0.517319,0.696612,0.476955,0.445674,0.406285,0.432591,0.509512,0.762328,0.595562,0.187328,0.341576,0.589150,0.519274,0.475689,0.381627,0.701393,0.637825,0.691076,0.945235,0.377410,0.456609,0.593869,0.373353,0.000000,1.167218,0.420605,0.476224,0.343807,0.310608,0.386413,0.240348,0.558392,0.476674,0.458439,0.255004,0.475256,0.312213,0.436303,0.360538,0.383600,0.592701,0.307009,0.240050,0.298752,0.263258,0.306102,0.386195,0.501775,0.444479,0.502866,0.405382,0.233876,0.287205,0.381735,0.257988,0.212466,0.244942,0.588459,0.390644,0.454718,0.428763,0.414159,0.366480,0.575664,0.577983,0.230262,0.299505,0.210172,0.240163,0.547737,0.534337,0.194924,0.021388,0.320553,0.313590,0.260764,0.209651,0.440505,0.358983,0.306359,0.184328,0.299776,0.290568
0.402745,0.369543,0.759352,0.781173,0.287374,0.397488,0.723462,0.660709,0.662370,0.499929,0.430893,0.410983,0.481165,0.444676,0.659106,0.352020,0.217774,0.340528,0.612979,0.603171,0.339362,0.125903,0.833707,0.796874,0.412149,0.675159,0.202108,0.222433,0.445356,0.269589,1.167218,0.000000,0.603193,0.623606,0.499217,0.367317,0.332920,0.243343,0.425809,0.462178,0.317115,0.277835,0.499127,0.453102,0.536152,0.521829,0.468777,0.698392,0.396540,0.327262,0.357035,0.346667,0.319790,0.410497,0.506238,0.505132,0.420060,0.397897,0.367244,0.367815,0.416110,0.374556,0.208536,0.273715,0.709309,0.593634,0.581709,0.623917,0.451329,0.386092,0.497715,0.342434,0.300313,0.253908,0.311410,0.245684,0.484708,0.515008,0.091949,0.121745,0.443113,0.370491,0.379488,0.332144,0.547768,0.524997,0.421902,0.267235,0.488994,0.410845
0.614428,0.577367,0.793162,0.767520,0.148182,0.081392,0.955370,0.573119,0.582562,0.469978,0.720259,0.432418,0.632114,0.404853,0.523846,-0.027693,0.329181,0.478085,0.794445,0.975361,-0.044080,-0.135495,0.842427,0.659457,0.065451,0.065443,-0.113614,-0.061220,0.293743,-0.017060,0.420605,0.603193,0.000000,1.406826,0.646873,0.501641,0.230770,0.312661,0.389392,0.507969,0.239732,0.301138,0.730902,0.585376,0.713838,0.687773,0.823145,0.923601,0.553412,0.577029,0.479385,0.564796,0.449168,0.651056,0.780996,0.752984,0.583055,0.646913,0.767982,0.687682,0.753195,0.635553,0.497455,0.711606,0.672218,0.837253,0.952574,0.885288,0.663741,0.631577,0.092781,-0.105128,0.246197,0.022145,0.248169,0.149820,0.826725,0.889650,0.074937,0.061484,0.486515,0.410273,0.438658,0.309079,0.705156,0.736901,0.815948,0.447686,0.922089,0.866805
0.584857,0.719687,0.796994,0.939388,0.192148,0.208485,0.958248,0.741122,0.595914,0.540088,0.700070,0.612190,0.652926,0.538538,0.522368,0.114911,0.351842,0.589509,0.706316,1.007362,-0.016090,-0.066779,0.835341,0.769195,0.100170,0.192982,-0.061577,-0.004686,0.277275,0.002158,0.476224,0.623606,1.406826,0.000000,0.593576,0.454236,0.275855,0.318628,0.431011,0.606313,0.295171,0.396051,0.659275,0.568871,0.800477,0.810330,0.781758,0.855472,0.588768,0.675554,0.593613,0.693218,0.540502,0.725159,0.724803,0.852596,0.585106,0.788545,0.700586,0.748225,0.797582,0.723507,0.591743,0.814281,0.674207,0.857830,0.976390,0.999674,0.633447,0.737765,0.180805,0.021184,0.302279,0.089241,0.236803,0.133755,0.901931,0.966280,0.141994,0.058322,0.524865,0.451461,0.449998,0.397676,0.813264,0.924410,0.610550,0.478377,0.742607,0.858780
0.446797,0.319918,0.817851,0.711694,-0.082054,0.091253,0.776702,0.252026,0.398828,0.376015,0.436420,0.004868,0.475153,0.182453,0.340218,-0.111078,0.103299,0.324514,0.644807,0.522169,-0.120085,-0.219821,0.881087,0.783043,0.240642,0.205175,-0.148982,-0.057494,0.101303,-0.196937,0.343807,0.499217,0.646873,0.593576,0.000000,0.733029,0.292319,0.278843,0.308943,0.135986,0.076896,-0.021062,0.404457,0.503293,0.487070,0.377346,0.503467,0.529498,0.239094,0.226932,0.246281,0.200349,0.188900,0.373620,0.473813,0.433716,0.420346,0.429557,0.414414,0.375613,0.471258,0.365602,0.194267,0.318654,1.037476,0.776802,0.784104,0.639385,0.552911,0.474635,0.111405,-0.103561,0.166058,-0.167310,0.142381,0.035066,0.458496,0.627108,0.000992,0.085305,0.230436,0.246814,0.335954,0.276135,0.559995,0.402669,0.422036,0.415058,0.474267,0.536815
0.224684,0.221716,0.379258,0.451408,-0.159402,0.064875,0.436510,0.108449,0.387222,0.223827,0.346655,0.026100,0.355463,0.048536,0.154850,-0.037526,0.072150,0.309660,0.597776,0.494102,-0.022324,-0.100913,0.496157,0.527998,0.202254,0.159593,-0.144122,-0.057137,0.170249,-0.102914,0.310608,0.367317,0.501641,0.454236,0.733029,0.000000,0.284816,0.293325,0.192808,0.163489,0.087708,-0.084811,0.235576,0.310025,0.205752,0.209795,0.235639,0.314914,0.032964,0.138379,0.088959,0.085961,0.048167,0.212062,0.454063,0.268768,0.275206,0.361022,0.251071,0.293977,0.311461,0.255269,0.143411,0.326585,0.501870,0.446299,0.434818,0.381990,0.473079,0.488575,0.025229,-0.062416,0.083330,-0.064008,0.180530,0.053002,0.366723,0.478947,-0.014704,0.086882,0.115615,0.144772,0.257528,0.187429,0.287937,0.174994,0.321015,0.248115,0.375390,0.353082
0.282200,0.369277,0.400613,0.421585,0.121782,0.441091,0.346961,0.245558,0.528439,0.403773,0.366779,0.158106,0.376307,0.232531,0.549711,0.321301,0.182521,0.408428,0.531343,0.413857,0.234185,0.074692,0.425983,0.488206,0.398524,0.366309,0.209320,0.315927,0.395969,0.224156,0.386413,0.332920,0.230770,0.275855,0.292319,0.284816,0.000000,0.463679,0.777746,0.488604,0.325217,0.357745,0.620646,0.451991,0.585460,0.389711,0.410870,0.567938,0.496856,0.398380,0.454617,0.378691,0.471328,0.575239,0.495140,0.470875,0.344247,0.421385,0.367289,0.393497,0.378680,0.355790,0.215542,0.294092,0.450605,0.351707,0.480907,0.456873,0.394154,0.319369,0.405093,0.282694,0.342427,0.288505,0.239140,0.238698,0.480790,0.465944,0.067605,0.252886,0.558141,0.539813,0.590601,0.466467,0.632088,0.483843,0.439116,0.629907,0.257630,0.358031
0.224391,0.255873,0.372388,0.392859,0.051840,0.251482,0.356430,0.228031,0.408804,0.306200,0.196222,0.055593,0.357775,0.093872,0.265299,0.130896,0.179746,0.248228,0.432129,0.401486,-0.002994,-0.004718,0.351628,0.408807,0.134651,0.113055,0.027054,0.084899,0.098402,-0.063217,0.240348,0.243343,0.312661,0.318628,0.278843,0.293325,0.463679,0.000000,0.446294,0.510191,0.264963,0.255574,0.384588,0.304557,0.403536,0.360048,0.468344,0.442965,0.291307,0.372442,0.328209,0.337518,0.375720,0.430508,0.397006,0.457377,0.266728,0.332012,0.394280,0.539315,0.323443,0.308773,0.192033,0.323723,0.276938,0.302568,0.477404,0.392793,0.415373,0.383194,0.237979,0.011667,0.058140,0.011123,0.018235,-0.010543,0.334684,0.494670,-0.039986,0.084558,0.305867,0.269276,0.400964,0.317291,0.412852,0.388915,0.408629,0.517015,0.323344,0.410526
0.631013,0.580913,0.665843,0.551023,0.308691,0.527848,0.581004,0.435633,0.592994,0.422282,0.431595,0.192498,0.421670,0.322358,0.591644,0.265316,0.242640,0.322502,0.735393,0.632885,0.204625,0.194123,0.583167,0.514674,0.480744,0.440805,0.332337,0.377109,0.150234,-0.039423,0.558392,0.425809,0.389392,0.431011,0.308943,0.192808,0.777746,0.446294,0.000000,0.807552,0.416125,0.354903,0.746277,0.472132,0.616453,0.406944,0.661470,0.655166,0.549187,0.414112,0.511500,0.414880,0.543895,0.742171,0.712543,0.671525,0.627049,0.668448,0.568568,0.604571,0.526795,0.424059,0.215008,0.307976,0.491912,0.379895,0.724082,0.590030,0.657727,0.557423,0.420590,0.402751,0.327829,0.224331,0.174627,0.233838,0.628557,0.732190,0.136766,-0.013024,0.369039,0.336231,0.419549,0.236369,0.671650,0.575756,0.552624,0.701594,0.413916,0.572770
0.437502,0.471391,0.556211,0.551109,0.319955,0.337086,0.544191,0.468327,0.605509,0.409072,0.514513,0.394766,0.489898,0.410829,0.567099,0.318154,0.286187,0.283921,0.607852,0.656414,0.017925,0.124375,0.511090,0.478956,0.242186,0.270228,0.241204,0.255485,0.226089,0.039635,0.476674,0.462178,0.507969,0.606313,0.135986,0.163489,0.488604,0.510191,0.807552,0.000000,0.448930,0.476830,0.675331,0.479264,0.629899,0.625758,0.672058,0.636200,0.565522,0.548254,0.529066,0.551316,0.636548,0.690992,0.780960,0.720610,0.440341,0.537409,0.512065,0.590928,0.434472,0.322167,0.283111,0.369095,0.314376,0.314907,0.544143,0.520167,0.502090,0.498696,0.207503,0.178948,0.374188,0.300781,0.274387,0.258029,0.610341,0.586810,0.147514,-0.047953,0.447023,0.340976,0.428428,0.278418,0.583920,0.584660,0.584359,0.434992,0.473631,0.497650
0.258725,0.220966,0.290962,0.326876,0.180341,0.427076,0.307656,0.222123,0.482936,0.217217,0.262804,0.290828,0.241113,0.211497,0.436489,0.352285,0.289510,0.356249,0.347296,0.415968,0.296494,0.410384,0.432823,0.353347,0.355871,0.269755,0.330300,0.323987,0.229353,0.178182,0.458439,0.317115,0.239732,0.295171,0.076896,0.087708,0.325217,0.264963,0.416125,0.448930,0.000000,0.388916,0.290311,0.113758,0.367190,0.224835,0.241906,0.324130,0.181502,0.189861,0.170775,0.162372,0.269605,0.300129,0.432005,0.261976,0.320969,0.363025,0.197696,0.291062,0.276223,0.098928,0.152251,0.166322,0.301126,0.134070,0.266849,0.218689,0.281815,0.395351,0.257054,0.341869,0.079193,0.175753,-0.027336,-0.093738,0.362070,0.348534,0.094872,0.156749,0.278540,0.308178,0.248420,0.151520,0.283088,0.261396,0.448674,0.177077,0.239422,0.142480
0.316453,0.486144,0.280310,0.380256,0.381977,0.204277,0.303837,0.527647,0.253116,0.331763,0.341732,0.472242,0.335758,0.384337,0.461221,0.241797,0.289312,0.372252,0.274466,0.437503,0.155660,0.099988,0.269679,0.245136,0.091593,0.169491,0.182586,0.142080,0.198336,0.141607,0.255004,0.277835,0.301138,0.396051,-0.021062,-0.084811,0.357745,0.255574,0.354903,0.476830,0.388916,0.000000,0.407482,0.385569,0.526348,0.584607,0.389214,0.489344,0.541071,0.546692,0.524836,0.559350,0.514509,0.523422,0.332626,0.472032,0.274745,0.464316,0.433561,0.470793,0.430924,0.465775,0.383672,0.390015,0.226540,0.329319,0.400849,0.464836,0.219735,0.288020,0.210970,0.188683,0.377674,0.385213,0.228841,0.189464,0.386670,0.357527,0.005411,0.021312,0.373070,0.344108,0.297830,0.226731,0.496482,0.585413,0.378578,0.256878,0.306163,0.297614
0.641616,0.531956,0.717484,0.668594,0.305310,0.244733,0.737579,0.511421,0.742531,0.545351,0.741447,0.337356,0.706395,0.389488,0.727998,0.203337,0.398017,0.582712,0.901922,0.789864,0.125836,-0.049642,0.744152,0.681986,0.245485,0.247700,0.037886,0.053421,0.414196,0.126238,0.475256,0.499127,0.730902,0.659275,0.404457,0.235576,0.620646,0.384588,0.746277,0.675331,0.290311,0.407482,0.000000,0.893644,0.992239,0.787585,1.221632,1.314749,0.904098,0.677792,0.782656,0.680272,0.812794,1.018598,0.658330,0.845634,0.663545,0.662903,0.714570,0.621998,0.713755,0.539702,0.450078,0.559845,0.564808,0.535854,0.783921,0.751212,0.676691,0.516951,0.315956,0.145760,0.403219,0.231131,0.291225,0.271759,0.820726,0.830541,0.081131,0.214056,0.636292,0.538944,0.547740,0.342055,0.941023,0.790860,0.702959,0.543618,0.726863,0.728433
0.581198,0.517419,0.646802,0.562354,0.253687,0.081226,0.593732,0.472049,0.430792,0.410249,0.538173,0.317808,0.606255,0.373193,0.429182,0.084362,0.320992,0.409179,0.667909,0.640149,-0.024472,-0.280322,0.602425,0.535022,0.162709,0.188801,0.012500,-0.002143,0.210582,0.028186,0.312213,0.453102,0.585376,0.568871,0.503293,0.310025,0.451991,0.304557,0.472132,0.479264,0.113758,0.385569,0.893644,0.000000,1.016969,1.046510,1.014156,0.925593,0.826420,0.611495,0.810674,0.670984,0.649177,0.832912,0.620848,0.783478,0.573506,0.511623,0.713577,0.510359,0.627513,0.436032,0.412920,0.333347,0.530371,0.510752,0.721905,0.722957,0.580061,0.434934,0.190226,0.022596,0.405494,0.128853,0.330680,0.246865,0.477432,0.492607,0.156233,0.137487,0.583110,0.489072,0.568453,0.515726,0.860524,0.828501,0.533633,0.521699,0.665799,0.656679
0.542836,0.589534,0.751536,0.749656,0.274605,0.274189,0.728551,0.626386,0.648962,0.524881,0.647183,0.525050,0.772081,0.479506,0.700138,0.213438,0.497082,0.603728,0.677323,0.822006,0.081394,-0.102599,0.730437,0.664141,0.302156,0.312349,0.125316,0.120830,0.302919,0.133966,0.436303,0.536152,0.713838,0.800477,0.487070,0.205752,0.585460,0.403536,0.616453,0.629899,0.367190,0.526348,0.992239,1.016969,0.000000,1.212713,0.911921,1.064780,1.122715,0.856404,0.927575,0.928108,0.715482,0.936957,0.687354,0.899399,0.580504,0.644828,0.737460,0.666413,0.770228,0.567500,0.590148,0.468168,0.770292,0.734646,0.949948,0.930728,0.591914,0.561913,0.291477,0.149689,0.320209,0.164683,0.207787,0.162119,0.624851,0.624363,0.313283,0.257520,0.799320,0.748667,0.770250,0.642222,1.077330,1.129214,0.717385,0.598594,0.684122,0.680348
0.533626,0.556207,0.642834,0.695672,0.302527,0.165378,0.713511,0.686452,0.516261,0.539208,0.599467,0.586003,0.753388,0.524657,0.529259,0.178263,0.417239,0.442349,0.564721,0.727166,-0.040969,-0.157112,0.591007,0.567180,0.137262,0.234398,0.005804,-0.021563,0.337201,0.131731,0.360538,0.521829,0.687773,0.810330,0.377346,0.209795,0.389711,0.360048,0.406944,0.625758,0.224835,0.584607,0.787585,1.046510,1.212713,0.000000,0.909695,0.966793,1.139096,1.095856,1.128442,1.207016,0.853338,0.989314,0.733958,1.003943,0.543367,0.510045,0.826901,0.662444,0.798408,0.604521,0.673871,0.503061,0.547185,0.631208,0.893610,1.024212,0.477689,0.454521,0.214359,0.018502,0.361322,0.102896,0.281009,0.151078,0.538514,0.538169,0.254927,0.137052,0.768636,0.610130,0.669535,0.660345,0.996683,1.191560,0.577318,0.506488,0.716150,0.775854
0.817588,0.652108,0.933209,0.851456,0.223275,0.115561,0.982424,0.648993,0.588211,0.588586,0.711457,0.345711,0.760977,0.444999,0.538365,0.059593,0.423339,0.539502,0.935330,0.920347,-0.031779,-0.210253,0.847689,0.714158,0.179715,0.130115,-0.078689,-0.088624,0.247708,-0.033095,0.383600,0.468777,0.823145,0.781758,0.503467,0.235639,0.410870,0.468344,0.661470,0.672058,0.241906,0.389214,1.221632,1.014156,0.911921,0.909695,0.000000,1.297020,0.922758,0.796027,0.934150,0.795855,1.010250,1.223936,0.821603,0.989268,0.783058,0.697447,0.950707,0.769419,0.816555,0.609549,0.533287,0.583419,0.609246,0.622272,0.985950,0.920019,0.771788,0.615914,0.214866,0.013638,0.319778,0.017904,0.262272,0.140570,0.759780,0.892668,0.093671,0.167120,0.641551,0.530608,0.641693,0.486158,1.039900,0.895496,0.811501,0.706032,0.927903,1.003642
0.787104,0.691307,0.932904,0.902847,0.310862,0.229794,0.998909,0.718286,0.742890,0.645360,0.884463,0.484364,0.935489,0.515890,0.800286,0.173844,0.416444,0.682520,0.943252,1.009648,0.168755,-0.060786,0.916975,0.834632,0.244798,0.292379,0.013936,0.044090,0.502983,0.203878,0.592701,0.698392,0.923601,0.855472,0.529498,0.314914,0.567938,0.442965,0.655166,0.636200,0.324130,0.489344,1.314749,0.925593,1.064780,0.966793,1.297020,0.000000,0.950251,0.841210,0.867081,0.854779,0.851734,1.148100,0.823371,1.060701,0.748516,0.757590,0.893572,0.755646,0.865847,0.658023,0.592271,0.620223,0.686884,0.744199,1.052139,1.085007,0.754375,0.642712,0.329493,0.101780,0.324343,0.162958,0.296529,0.212673,0.859854,0.877908,0.187247,0.256675,0.772020,0.739104,0.689753,0.535698,0.975913,0.934321,0.871736,0.541795,0.945806,0.923875
0.580559,0.558121,0.590940,0.642415,0.384551,0.109875,0.628753,0.733361,0.463587,0.508115,0.626001,0.553428,0.774682,0.520173,0.558305,0.157214,0.533291,0.494095,0.582114,0.648296,0.053591,-0.122921,0.500238,0.491872,0.144189,0.196517,0.020941,-0.047376,0.356075,0.190815,0.307009,0.396540,0.553412,0.588768,0.239094,0.032964,0.496856,0.291307,0.549187,0.565522,0.181502,0.541071,0.904098,0.826420,1.122715,1.139096,0.922758,0.950251,0.000000,1.248884,1.353216,1.278350,1.031267,1.084326,0.632132,0.851150,0.516036,0.485792,0.891311,0.603401,0.862813,0.677681,0.687045,0.522080,0.468911,0.604928,0.818514,0.931696,0.434893,0.388730,0.277262,0.109708,0.362318,0.178426,0.277148,0.221956,0.593623,0.551147,0.253650,0.214974,0.745791,0.656430,0.647643,0.547890,0.918122,1.010583,0.599366,0.493073,0.670202,0.709833
