0.000000,1.277894,0.485921,0.635724,0.006705,0.027158,0.601184,0.533620,0.156488,0.012365,0.818556,0.678005,0.657619,0.698119,0.627620,0.478068,0.719714,0.638292,0.908556,1.084688,0.519215,0.484517,0.324325,0.401248,0.052709,-0.011419,0.194458,0.179374,0.415031,0.229955,0.430647,0.485351,0.736543,0.694396,0.245053,0.348377,0.778097,0.673110,0.432190,0.316554,0.781641,0.295571,0.499990,0.529046,0.406209,0.435671,0.638612,0.680871,0.435532,0.446676,0.525004,0.479021,0.664915,0.570664,0.951838,0.812968,1.048667,0.989249,0.692849,0.550582,0.829571,0.632458,0.658466,0.539986,0.298482,0.447439,0.613437,0.645470,1.019057,0.853437,0.565775,0.519502,0.758058,0.761032,0.729633,0.695442,0.489739,0.585090,0.086542,-0.007097,0.630266,0.586061,0.356711,0.138282,0.769446,0.648651,0.434442,0.399691,0.692294,0.708605
1.277894,0.000000,0.267074,0.551653,-0.019863,0.064356,0.348988,0.495829,0.105713,0.057163,0.483441,0.632116,0.467375,0.579515,0.459953,0.400195,0.741558,0.727034,0.656827,1.149239,0.433907,0.408859,0.144363,0.244272,0.007358,-0.071699,0.122672,0.160389,0.398172,0.262996,0.258378,0.329549,0.625470,0.682087,0.125681,0.254536,0.593551,0.594299,0.332808,0.254085,0.584712,0.202122,0.470346,0.530944,0.367258,0.464573,0.682947,0.810335,0.486633,0.546049,0.579358,0.539045,0.671254,0.671625,0.917715,0.895226,1.242886,1.429541,0.736696,0.642374,0.689965,0.712393,0.674166,0.643326,0.136742,0.383557,0.499967,0.632692,0.964855,1.030588,0.364736,0.307161,0.464686,0.486415,0.550090,0.483602,0.347519,0.495500,0.161152,0.112637,0.604947,0.539939,0.341094,0.164193,0.560684,0.597654,0.376764,0.339280,0.626352,0.741115
0.485921,0.267074,0.000000,0.999806,0.382208,0.193380,0.972887,0.536403,0.495668,0.211528,0.510621,0.269959,0.586383,0.340221,0.646752,0.340253,0.190331,0.080528,0.654075,0.407370,0.365961,0.494837,1.187740,0.941200,0.610132,0.434879,0.479077,0.456263,0.120102,-0.013190,0.720346,0.502696,0.667944,0.478847,0.818635,0.636472,0.376225,0.489963,0.463299,0.395158,0.467593,0.258800,0.679194,0.480495,0.510655,0.458293,0.654456,0.573364,0.461385,0.313152,0.445147,0.312972,0.578547,0.475401,0.565332,0.479235,0.209183,0.231299,0.544913,0.277388,0.605220,0.287112,0.338051,0.239105,1.043356,0.560203,0.938484,0.626910,0.425969,0.398625,0.553320,0.627562,0.597275,0.483542,0.539125,0.570312,0.612198,0.574598,0.000469,-0.001994,0.402151,0.398288,0.346824,0.126488,0.733790,0.651484,0.348214,0.223077,0.763764,0.675424
0.635724,0.551653,0.999806,0.000000,0.319958,0.309322,0.769883,1.003490,0.428280,0.338902,0.452481,0.503883,0.520913,0.462232,0.529307,0.475914,0.388145,0.338717,0.581400,0.668602,0.406035,0.479936,0.717348,0.981685,0.500646,0.533347,0.358325,0.414023,0.215212,0.116721,0.608355,0.614615,0.879279,0.868371,0.727668,0.797676,0.568153,0.686889,0.419054,0.349200,0.553030,0.210482,0.731431,0.580479,0.612984,0.660121,0.794775,0.726295,0.597676,0.376374,0.469412,0.383071,0.600271,0.566986,0.783343,0.724813,0.515932,0.520397,0.587741,0.393201,0.648471,0.612089,0.550146,0.425314,0.832862,0.992128,1.038817,0.999050,0.656195,0.733717,0.423428,0.479732,0.579108,0.615561,0.611570,0.672979,0.650937,0.824458,0.114306,0.027523,0.541602,0.589013,0.297238,0.082242,0.820329,0.974487,0.434258,0.321997,0.767237,0.902911
0.006705,-0.019863,0.382208,0.319958,0.000000,1.504837,0.505234,0.544071,1.518305,1.188535,0.229734,0.421143,0.366882,0.267397,0.358073,0.285812,-0.057716,-0.129825,0.192549,0.049819,-0.057466,-0.020460,0.328358,0.264157,0.634138,0.713007,0.373770,0.445211,-0.107937,0.080276,0.111556,-0.013601,0.190301,0.210958,0.219036,0.124769,-0.015169,0.291448,-0.153328,-0.071681,-0.084216,0.097715,0.562700,0.507272,0.477214,0.426144,0.436443,0.333509,0.480394,0.347426,0.370083,0.326844,0.290796,0.307362,0.078906,0.159705,-0.192128,-0.133721,0.367676,0.282562,0.349171,0.426545,0.241572,0.197351,0.282958,0.394828,0.288873,0.291693,-0.196246,0.041496,0.067399,0.034423,0.097510,0.158219,0.184424,0.309655,0.297295,0.340762,0.031563,-0.014775,0.143955,0.118011,0.179119,0.035879,0.258037,0.246621,0.014411,-0.303404,0.425562,0.485505
0.027158,0.064356,0.193380,0.309322,1.504837,0.000000,0.362099,0.572653,1.123622,1.176575,0.151955,0.477127,0.311159,0.305747,0.315800,0.329382,0.078317,0.024916,0.190116,0.134014,-0.021820,-0.030662,0.200040,0.186624,0.573804,0.715099,0.328937,0.370674,-0.024371,0.193598,0.044490,-0.025192,0.226545,0.303704,0.109178,0.084126,0.015997,0.336541,-0.268080,-0.168584,-0.039620,0.042905,0.501300,0.482355,0.472904,0.432542,0.402610,0.312434,0.482351,0.317071,0.342550,0.287417,0.209044,0.252946,0.054374,0.167039,-0.093899,-0.050022,0.369173,0.280239,0.326920,0.455133,0.335897,0.319805,0.149907,0.343704,0.244461,0.308727,-0.123011,0.065200,-0.062997,-0.060101,0.070999,0.203371,0.175823,0.279287,0.290150,0.361046,0.124289,0.023722,0.215614,0.198831,0.171614,-0.010488,0.230693,0.283801,0.003653,-0.282032,0.373339,0.494198
0.601184,0.348988,0.972887,0.769883,0.505234,0.362099,0.000000,0.966792,0.689590,0.345241,0.945472,0.743354,1.250515,0.751978,1.012928,0.702021,0.385662,0.231304,0.937181,0.607343,0.328068,0.380943,0.769074,0.659112,0.288221,0.219921,0.333028,0.309447,0.353002,0.253894,0.583312,0.461996,0.674416,0.555490,0.365549,0.362898,0.462902,0.631606,0.355869,0.333000,0.565007,0.370722,0.683703,0.573094,0.515600,0.426971,0.698189,0.529870,0.476806,0.305090,0.440376,0.316501,0.545311,0.503399,0.633626,0.577033,0.184755,0.194763,0.665692,0.308397,1.082000,0.558803,0.649194,0.420733,0.805133,0.652406,0.708984,0.552840,0.376348,0.401467,0.542790,0.627455,0.801196,0.719111,0.906062,0.941721,0.787634,0.750536,0.096508,-0.061821,0.613191,0.585172,0.561062,0.264613,0.799899,0.560016,0.348829,0.101626,0.826476,0.688495
0.533620,0.495829,0.536403,1.003490,0.544071,0.572653,0.966792,0.000000,0.668847,0.605163,0.585142,1.029530,0.768623,0.863706,0.669333,0.784008,0.433843,0.364621,0.585435,0.672258,0.282841,0.312803,0.442622,0.632662,0.256420,0.358296,0.292137,0.379658,0.376096,0.386056,0.440425,0.478983,0.657268,0.789408,0.283426,0.431888,0.456034,0.693386,0.252684,0.254044,0.427282,0.291470,0.705875,0.631554,0.532288,0.602747,0.782868,0.661132,0.609283,0.451112,0.502141,0.445070,0.540901,0.623253,0.627456,0.693526,0.328245,0.367234,0.687774,0.519161,0.896772,1.126096,0.788785,0.605048,0.490970,1.008047,0.648462,0.762246,0.353712,0.585615,0.360572,0.408467,0.564637,0.689862,0.782146,0.866090,0.631936,0.823725,0.218898,0.042192,0.671750,0.657349,0.470322,0.274606,0.714903,0.670274,0.382734,0.169931,0.777249,0.842994
0.156488,0.105713,0.495668,0.428280,1.518305,1.123622,0.689590,0.668847,0.000000,1.176309,0.441375,0.576468,0.563652,0.418062,0.577571,0.452939,-0.003947,-0.083720,0.258465,0.174856,0.063364,0.064830,0.373924,0.302622,0.504821,0.579748,0.425395,0.429891,-0.042630,0.130740,0.174640,0.058871,0.240567,0.234021,0.250111,0.164312,0.156462,0.444365,-0.020083,0.027945,0.041631,0.152637,0.637882,0.570474,0.493232,0.444785,0.590113,0.425589,0.534608,0.436659,0.465950,0.422827,0.429675,0.413978,0.222997,0.295980,-0.105036,-0.018151,0.551772,0.405579,0.598532,0.510441,0.394187,0.288523,0.385233,0.487226,0.422053,0.395634,-0.099070,0.172580,0.179035,0.158478,0.213072,0.259432,0.328285,0.458239,0.406341,0.448444,0.049911,-0.040074,0.242198,0.201263,0.269706,0.096898,0.410989,0.364406,0.154233,-0.149849,0.609336,0.654825
0.012365,0.057163,0.211528,0.338902,1.188535,1.176575,0.345241,0.605163,1.176309,0.000000,0.136233,0.447337,0.205442,0.308417,0.295889,0.473947,-0.115304,-0.115164,0.040805,0.056280,-0.086441,-0.137299,0.165023,0.241232,0.487952,0.615516,0.375016,0.420532,-0.150543,0.105110,0.025575,-0.008995,0.114904,0.172868,0.234766,0.186505,0.052279,0.300453,-0.154885,-0.148384,-0.151743,-0.046317,0.439546,0.397051,0.318348,0.321999,0.387296,0.281084,0.373635,0.304560,0.252253,0.268851,0.232683,0.260503,0.060606,0.178895,-0.099350,-0.029599,0.338462,0.296728,0.294062,0.536785,0.238618,0.192977,0.203797,0.495902,0.259869,0.271151,-0.187073,0.141544,-0.043664,-0.063053,-0.042478,0.085886,0.154668,0.312560,0.193682,0.340999,0.062838,-0.026499,0.092630,0.050111,0.105013,-0.045653,0.210948,0.224356,0.111967,-0.199971,0.379841,0.513017
0.818556,0.483441,0.510621,0.452481,0.229734,0.151955,0.945472,0.585142,0.441375,0.136233,0.000000,0.827440,1.039482,0.792110,1.063585,0.652623,0.444520,0.259751,0.891967,0.615816,0.334799,0.289195,0.515551,0.450944,0.043796,0.071724,0.217981,0.116286,0.390398,0.286314,0.439607,0.398443,0.482116,0.389425,0.210121,0.230643,0.644529,0.605602,0.335855,0.317336,0.631455,0.395165,0.569719,0.557943,0.476267,0.377437,0.605416,0.471270,0.421878,0.369447,0.413321,0.403408,0.556592,0.455381,0.663221,0.559455,0.306889,0.284182,0.600078,0.412028,0.892345,0.473065,0.545407,0.370538,0.390571,0.419866,0.488929,0.453222,0.413812,0.442258,0.538511,0.528595,0.824405,0.707302,0.803787,0.776902,0.656074,0.634255,0.114181,-0.063548,0.552010,0.525248,0.592168,0.256570,0.870426,0.466161,0.487536,0.210955,0.668754,0.564589
0.678005,0.632116,0.269959,0.503883,0.421143,0.477127,0.743354,1.029530,0.576468,0.447337,0.827440,0.000000,0.845709,1.247834,0.660566,0.728008,0.601846,0.483452,0.664501,0.787414,0.263489,0.322919,0.222353,0.369537,0.038425,0.187457,0.154808,0.195172,0.537181,0.518908,0.273750,0.347596,0.529527,0.624886,-0.004903,0.127758,0.468500,0.683695,0.212371,0.282782,0.503717,0.465220,0.631999,0.677066,0.493771,0.487666,0.702444,0.656832,0.547198,0.571381,0.637097,0.624597,0.573925,0.644475,0.674089,0.800637,0.340124,0.374670,0.765898,0.707881,0.995906,1.061971,0.932933,0.805908,0.113982,0.517304,0.395955,0.552231,0.306394,0.444437,0.432440,0.429754,0.625845,0.739009,0.809714,0.881029,0.583477,0.760322,0.264322,0.027873,0.674552,0.572259,0.593965,0.385660,0.564460,0.459816,0.358908,0.147752,0.733985,0.745870
0.657619,0.467375,0.586383,0.520913,0.366882,0.311159,1.250515,0.768623,0.563652,0.205442,1.039482,0.845709,0.000000,0.963295,0.913284,0.541552,0.540236,0.357187,0.848983,0.638441,0.343645,0.404336,0.426381,0.358452,0.102122,0.029365,0.187554,0.208302,0.445800,0.301710,0.334289,0.266162,0.592790,0.519085,0.138141,0.208844,0.387591,0.590897,0.197296,0.259646,0.620273,0.374467,0.557253,0.505605,0.475436,0.356613,0.603105,0.478758,0.427051,0.329476,0.533584,0.384552,0.480420,0.510110,0.624369,0.612757,0.246790,0.247239,0.747114,0.352920,1.244992,0.547329,0.682637,0.453971,0.539152,0.488744,0.524916,0.455051,0.408358,0.378344,0.510074,0.607943,0.745055,0.650323,0.805065,0.792489,0.683398,0.581711,0.148207,0.023565,0.640059,0.612772,0.592179,0.292665,0.627838,0.520099,0.262475,0.118762,0.808332,0.598268
0.698119,0.579515,0.340221,0.462232,0.267397,0.305747,0.751978,0.863706,0.418062,0.308417,0.792110,1.247834,0.963295,0.000000,0.722989,0.864909,0.580349,0.474295,0.571066,0.640464,0.318356,0.370447,0.255910,0.348186,0.056047,0.077371,0.264014,0.319110,0.510110,0.494301,0.306950,0.385644,0.469653,0.527765,0.051765,0.198225,0.510381,0.650418,0.218099,0.246198,0.532548,0.373703,0.513366,0.518043,0.409927,0.326419,0.517949,0.507369,0.386061,0.440187,0.494979,0.484381,0.414581,0.474475,0.579124,0.707400,0.324352,0.359595,0.617898,0.509455,0.919251,0.823681,0.797626,0.721354,0.169124,0.440815,0.368543,0.412488,0.348182,0.417074,0.418304,0.479596,0.617585,0.738005,0.783136,0.849708,0.587727,0.635644,0.234079,0.106955,0.621645,0.566810,0.495837,0.263107,0.520857,0.362515,0.259759,0.190127,0.603909,0.512780
0.627620,0.459953,0.646752,0.529307,0.358073,0.315800,1.012928,0.669333,0.577571,0.295889,1.063585,0.660566,0.913284,0.722989,0.000000,0.980699,0.469296,0.285519,0.854579,0.597671,0.577986,0.492969,0.767595,0.585508,0.206807,0.166764,0.514317,0.435213,0.454866,0.389447,0.636219,0.540409,0.529679,0.419369,0.321409,0.313390,0.648861,0.744779,0.344245,0.322488,0.669195,0.406540,0.621928,0.594012,0.465399,0.376851,0.686817,0.506041,0.437553,0.329030,0.325469,0.270993,0.505656,0.444461,0.543969,0.474800,0.288612,0.323935,0.566754,0.306003,0.881351,0.453331,0.638105,0.450661,0.504824,0.443979,0.510718,0.434703,0.348025,0.452907,0.588936,0.641254,0.831955,0.769760,0.920900,0.739102,0.769542,0.719192,0.222413,-0.012224,0.676445,0.582738,0.695476,0.263481,0.908161,0.495604,0.428644,0.170295,0.653410,0.626625
0.478068,0.400195,0.340253,0.475914,0.285812,0.329382,0.702021,0.784008,0.452939,0.473947,0.652623,0.728008,0.541552,0.864909,0.980699,0.000000,0.411433,0.304692,0.464815,0.544505,0.493117,0.285185,0.405169,0.508465,0.096602,0.200204,0.461150,0.406192,0.398402,0.538459,0.544732,0.658730,0.446429,0.428257,0.277482,0.337454,0.663737,0.727525,0.286788,0.248657,0.420023,0.302683,0.431565,0.429301,0.310665,0.240440,0.483599,0.349434,0.275249,0.160143,0.089617,0.083914,0.279356,0.241022,0.421982,0.396859,0.284135,0.344553,0.346019,0.218856,0.634386,0.612214,0.699008,0.532208,0.272205,0.440808,0.386610,0.340660,0.290063,0.483309,0.337944,0.410616,0.514752,0.647845,0.777659,0.711137,0.558165,0.687507,0.246729,0.038554,0.620071,0.480730,0.504859,0.240591,0.594593,0.318204,0.344436,0.163923,0.404947,0.483291
0.719714,0.741558,0.190331,0.388145,-0.057716,0.078317,0.385662,0.433843,-0.003947,-0.115304,0.444520,0.601846,0.540236,0.580349,0.469296,0.411433,0.000000,1.352939,0.695465,0.951632,0.530782,0.587109,0.130860,0.222759,-0.044307,0.044015,0.155586,0.173314,1.038709,0.736095,0.343595,0.560728,0.941358,0.990271,0.081182,0.234054,0.463698,0.509139,0.264923,0.316213,0.675654,0.429269,0.363877,0.423898,0.427228,0.412837,0.386885,0.494844,0.328331,0.177406,0.284801,0.166897,0.314645,0.321144,0.623541,0.569108,0.821239,0.765432,0.455164,0.296675,0.591083,0.462389,1.068095,0.917965,0.118066,0.211881,0.418450,0.521461,0.774871,0.487700,0.422407,0.418140,0.665336,0.773629,0.633105,0.479730,0.393599,0.480454,0.530774,0.299807,1.196225,1.018666,0.487937,0.381866,0.496575,0.526488,0.276857,0.354284,0.403458,0.401077
0.638292,0.727034,0.080528,0.338717,-0.129825,0.024916,0.231304,0.364621,-0.083720,-0.115164,0.259751,0.483452,0.357187,0.474295,0.285519,0.304692,1.352939,0.000000,0.499141,0.853968,0.425207,0.542738,-0.012265,0.122117,-0.077467,0.005780,0.119931,0.180628,0.900517,0.714303,0.272182,0.479273,0.801576,0.907953,0.023170,0.180120,0.382332,0.345159,0.220590,0.256498,0.536981,0.336240,0.279840,0.347813,0.341350,0.391050,0.309897,0.446848,0.308272,0.187125,0.263269,0.161582,0.234779,0.262662,0.511329,0.522013,0.888699,0.821161,0.387167,0.305255,0.434651,0.417879,0.910051,0.920262,0.050032,0.193677,0.364840,0.525306,0.634080,0.445684,0.337570,0.284265,0.480862,0.666689,0.490493,0.435258,0.261590,0.341831,0.434018,0.368726,0.867302,0.876667,0.296781,0.331779,0.342271,0.430194,0.232972,0.418681,0.284602,0.287681
0.908556,0.656827,0.654075,0.581400,0.192549,0.190116,0.937181,0.585435,0.258465,0.040805,0.891967,0.664501,0.848983,0.571066,0.854579,0.464815,0.695465,0.499141,0.000000,1.001221,0.380087,0.413785,0.645248,0.562140,0.124618,0.080705,0.085710,0.053712,0.455170,0.236322,0.532289,0.432000,0.842036,0.706990,0.225041,0.232722,0.446478,0.517436,0.306038,0.308339,0.770124,0.449850,0.615792,0.618405,0.547036,0.467404,0.664127,0.607673,0.487661,0.329880,0.495050,0.354356,0.599135,0.541401,0.701752,0.592792,0.492926,0.456703,0.619778,0.386344,0.792732,0.441536,0.638328,0.508745,0.432215,0.351853,0.607496,0.587298,0.692035,0.476545,0.588524,0.611062,1.025573,0.823423,0.884304,0.742993,0.696537,0.667574,0.095637,-0.018665,0.749061,0.645406,0.592462,0.273768,0.852824,0.591970,0.417825,0.171756,0.690863,0.674556
1.084688,1.149239,0.407370,0.668602,0.049819,0.134014,0.607343,0.672258,0.174856,0.056280,0.615816,0.787414,0.638441,0.640464,0.597671,0.544505,0.951632,0.853968,1.001221,0.000000,0.474306,0.484709,0.263603,0.361844,-0.006129,0.005871,0.131564,0.144824,0.601524,0.480818,0.445153,0.527573,0.985174,1.024842,0.161742,0.293657,0.646791,0.667460,0.350146,0.285552,0.767973,0.350996,0.579908,0.642266,0.507902,0.560698,0.764248,0.804290,0.571348,0.447720,0.520409,0.440343,0.617206,0.582758,0.869770,0.829584,0.951392,0.949624,0.744001,0.569235,0.847652,0.709741,1.029889,0.851426,0.224868,0.408458,0.673678,0.823267,1.028515,0.918897,0.485431,0.474807,0.737100,0.812649,0.808552,0.722521,0.474300,0.641476,0.204690,0.111075,0.846367,0.798131,0.420799,0.273606,0.692676,0.677342,0.364961,0.297077,0.674386,0.702495
0.519215,0.433907,0.365961,0.406035,-0.057466,-0.021820,0.328068,0.282841,0.063364,-0.086441,0.334799,0.263489,0.343645,0.318356,0.577986,0.493117,0.530782,0.425207,0.380087,0.474306,0.000000,0.971751,0.395867,0.376147,0.122670,0.136032,0.480459,0.486594,0.462229,0.337258,0.737692,0.794575,0.560503,0.464276,0.402297,0.476101,0.672319,0.684721,0.366781,0.391800,0.708170,0.411575,0.226462,0.198106,0.183187,0.199377,0.304442,0.257580,0.163926,-0.025365,0.018538,-0.065595,0.166997,0.099594,0.403802,0.251173,0.478675,0.513057,0.261922,0.090994,0.429437,0.222099,0.494012,0.349621,0.275213,0.192186,0.394907,0.345026,0.484203,0.367866,0.683332,0.772885,0.627709,0.621868,0.571709,0.388124,0.490442,0.477587,0.182792,0.101534,0.531362,0.400814,0.375766,0.172155,0.343598,0.289872,0.238175,0.443068,0.323238,0.302447
0.484517,0.408859,0.494837,0.479936,-0.020460,-0.030662,0.380943,0.312803,0.064830,-0.137299,0.289195,0.322919,0.404336,0.370447,0.492969,0.285185,0.587109,0.542738,0.413785,0.484709,0.971751,0.000000,0.453042,0.449567,0.178071,0.073886,0.428935,0.554722,0.543187,0.323886,0.672282,0.670311,0.576380,0.533076,0.324690,0.394760,0.501685,0.524645,0.450932,0.460977,0.812753,0.419806,0.308697,0.245727,0.240941,0.282812,0.334487,0.328025,0.270282,0.152014,0.228656,0.120895,0.276945,0.246006,0.465778,0.406042,0.456292,0.427156,0.335450,0.186755,0.422617,0.248145,0.498270,0.421810,0.309708,0.250799,0.394494,0.393928,0.419872,0.264971,0.885387,1.031615,0.773472,0.775104,0.649771,0.504441,0.517256,0.469050,0.215399,0.040941,0.545754,0.486004,0.297710,0.185914,0.369523,0.373993,0.175770,0.424203,0.381844,0.299499
0.324325,0.144363,1.187740,0.717348,0.328358,0.200040,0.769074,0.442622,0.373924,0.165023,0.515551,0.222353,0.426381,0.255910,0.767595,0.405169,0.130860,-0.012265,0.645248,0.263603,0.395867,0.453042,0.000000,1.263122,0.669485,0.487649,0.459927,0.382476,0.085816,0.014097,0.734761,0.527413,0.489336,0.338993,0.692398,0.487969,0.366857,0.462533,0.380423,0.365638,0.497906,0.311994,0.581994,0.415474,0.445641,0.371438,0.533945,0.417628,0.408089,0.217629,0.293973,0.184266,0.446473,0.351358,0.401805,0.313669,0.076106,0.078217,0.330851,0.129775,0.372859,0.121882,0.205174,0.133491,0.727193,0.366427,0.607571,0.407502,0.239536,0.255403,0.539777,0.612326,0.592584,0.454482,0.532033,0.448281,0.653754,0.545507,-0.036168,-0.120361,0.354153,0.332630,0.466534,0.138589,0.751138,0.499585,0.486589,0.197931,0.549311,0.517648
0.401248,0.244272,0.941200,0.981685,0.264157,0.186624,0.659112,0.632662,0.302622,0.241232,0.450944,0.369537,0.358452,0.348186,0.585508,0.508465,0.222759,0.122117,0.562140,0.361844,0.376147,0.449567,1.263122,0.000000,0.558260,0.587641,0.354145,0.342472,0.135110,0.076857,0.660570,0.668364,0.587171,0.486115,0.694067,0.584341,0.439538,0.538883,0.355088,0.375499,0.495187,0.344934,0.540401,0.401062,0.434573,0.414658,0.536808,0.465854,0.401172,0.237600,0.302892,0.214621,0.467398,0.394625,0.529414,0.444633,0.218562,0.191309,0.306483,0.183153,0.358371,0.301987,0.298527,0.199404,0.617990,0.543940,0.618713,0.507488,0.350427,0.375597,0.527013,0.610767,0.554594,0.513650,0.536344,0.526855,0.606273,0.635595,0.014711,-0.097640,0.434414,0.406072,0.386082,0.144898,0.753503,0.635715,0.492788,0.274000,0.536807,0.622784
0.052709,0.007358,0.610132,0.500646,0.634138,0.573804,0.288221,0.256420,0.504821,0.487952,0.043796,0.038425,0.102122,0.056047,0.206807,0.096602,-0.044307,-0.077467,0.124618,-0.006129,0.122670,0.178071,0.669485,0.558260,0.000000,0.862488,0.524025,0.469299,-0.124819,-0.056219,0.283646,0.116502,0.278668,0.226660,0.538650,0.357608,0.036865,0.253877,0.004139,-0.003218,0.116001,0.000555,0.431232,0.235653,0.388501,0.293909,0.289004,0.222895,0.322024,0.140672,0.222480,0.116065,0.193345,0.174976,0.068900,0.098687,-0.055789,-0.051825,0.196147,0.054110,0.094256,0.041011,0.030694,0.010982,0.472013,0.270176,0.400270,0.278690,0.021702,0.079107,0.037316,0.117663,0.076633,0.076845,0.109808,0.190114,0.305705,0.268196,0.004863,0.086316,0.031330,0.079242,0.101139,-0.116666,0.249023,0.328410,0.295126,0.093007,0.302041,0.341889
-0.011419,-0.071699,0.434879,0.533347,0.713007,0.715099,0.219921,0.358296,0.579748,0.615516,0.071724,0.187457,0.029365,0.077371,0.166764,0.200204,0.044015,0.005780,0.080705,0.005871,0.136032,0.073886,0.487649,0.587641,0.862488,0.000000,0.455079,0.364513,0.023293,0.156243,0.344424,0.324113,0.376058,0.360116,0.532149,0.363903,0.092898,0.330326,-0.036428,0.056664,0.052103,0.146730,0.487575,0.401346,0.546952,0.459536,0.297069,0.274663,0.384808,0.136797,0.154500,0.118848,0.152112,0.111096,0.073156,0.103204,-0.044249,-0.047451,0.154547,0.127874,0.066928,0.170438,0.184711,0.185427,0.282927,0.296192,0.404783,0.383677,-0.049834,0.030554,0.061205,0.038997,0.081913,0.164106,0.067716,0.179637,0.274247,0.386762,0.144780,0.141568,0.169782,0.161484,0.155303,0.005900,0.222943,0.319350,0.216629,0.027049,0.249438,0.349747
0.194458,0.122672,0.479077,0.358325,0.373770,0.328937,0.333028,0.292137,0.425395,0.375016,0.217981,0.154808,0.187554,0.264014,0.514317,0.461150,0.155586,0.119931,0.085710,0.131564,0.480459,0.428935,0.459927,0.354145,0.524025,0.455079,0.000000,1.326784,0.280601,0.326439,0.438951,0.418945,0.304366,0.254356,0.551542,0.548544,0.474346,0.546322,0.375965,0.286120,0.362542,0.094608,0.342236,0.195330,0.224415,0.214311,0.287228,0.220764,0.203692,0.035547,-0.025641,-0.051540,0.092599,-0.022814,0.085503,0.011057,0.114509,0.143346,0.230300,0.057028,0.315017,0.176762,0.272016,0.179890,0.407832,0.329129,0.365387,0.266358,0.104367,0.242078,0.289338,0.345208,0.297776,0.349471,0.342854,0.329848,0.329880,0.348840,0.329139,0.137727,0.282353,0.327687,0.315283,0.075516,0.289789,0.201853,0.140364,0.163201,0.311052,0.225992
0.179374,0.160389,0.456263,0.414023,0.445211,0.370674,0.309447,0.379658,0.429891,0.420532,0.116286,0.195172,0.208302,0.319110,0.435213,0.406192,0.173314,0.180628,0.053712,0.144824,0.486594,0.554722,0.382476,0.342472,0.469299,0.364513,1.326784,0.000000,0.228789,0.260511,0.413217,0.423864,0.340613,0.329846,0.577047,0.656983,0.388550,0.507695,0.295986,0.233071,0.319465,0.098820,0.349421,0.223490,0.232769,0.289382,0.290556,0.263473,0.255847,0.108508,0.053397,0.031961,0.122883,0.068387,0.133836,0.102325,0.163024,0.194224,0.251767,0.118140,0.328806,0.323057,0.309726,0.245826,0.411229,0.448561,0.384228,0.328808,0.103652,0.242806,0.343160,0.410105,0.292392,0.378646,0.367161,0.348027,0.305780,0.346772,0.239332,0.134036,0.288163,0.314441,0.182404,0.011111,0.240295,0.204021,-0.010348,0.095408,0.347141,0.257985
0.415031,0.398172,0.120102,0.215212,-0.107937,-0.024371,0.353002,0.376096,-0.042630,-0.150543,0.390398,0.537181,0.445800,0.510110,0.454866,0.398402,1.038709,0.900517,0.455170,0.601524,0.462229,0.543187,0.085816,0.135110,-0.124819,0.023293,0.280601,0.228789,0.000000,1.077430,0.426428,0.598425,0.610201,0.635756,-0.029121,0.115759,0.393368,0.428118,0.377336,0.449193,0.601707,0.485712,0.302086,0.294416,0.278959,0.285025,0.288572,0.309582,0.217083,0.114403,0.142024,0.085476,0.164107,0.193261,0.401710,0.360883,0.450733,0.399313,0.354087,0.226505,0.517634,0.395148,0.793921,0.689151,0.063555,0.190744,0.252800,0.351958,0.361917,0.243368,0.427805,0.424878,0.632258,0.699907,0.562571,0.461939,0.336733,0.393023,0.856892,0.420233,0.794678,0.729988,0.691924,0.552824,0.264659,0.213495,0.297209,0.391728,0.255107,0.134557
0.229955,0.262996,-0.013190,0.116721,0.080276,0.193598,0.253894,0.386056,0.130740,0.105110,0.286314,0.518908,0.301710,0.494301,0.389447,0.538459,0.736095,0.714303,0.236322,0.480818,0.337258,0.323886,0.014097,0.076857,-0.056219,0.156243,0.326439,0.260511,1.077430,0.000000,0.256624,0.473762,0.445448,0.531837,-0.097791,-0.006884,0.369027,0.472155,0.188548,0.297384,0.345643,0.430834,0.378672,0.380988,0.324649,0.335486,0.345237,0.324430,0.346799,0.237662,0.177989,0.148284,0.157463,0.166749,0.249595,0.281748,0.250621,0.280300,0.392143,0.353455,0.422572,0.427728,0.816630,0.837323,-0.126868,0.060837,0.206778,0.343438,0.116913,0.209293,0.156062,0.127763,0.358789,0.578976,0.371603,0.362221,0.172385,0.267835,0.870547,0.437531,0.706400,0.684215,0.506203,0.567285,0.207971,0.156951,0.307084,0.232579,0.226337,0.126987
0.430647,0.258378,0.720346,0.608355,0.111556,0.044490,0.583312,0.440425,0.174640,0.025575,0.439607,0.273750,0.334289,0.306950,0.636219,0.544732,0.343595,0.272182,0.532289,0.445153,0.737692,0.672282,0.734761,0.660570,0.283646,0.344424,0.438951,0.413217,0.426428,0.256624,0.000000,1.313230,0.721238,0.593454,0.636966,0.607236,0.559821,0.572593,0.536738,0.531580,0.583583,0.410006,0.512806,0.455173,0.421526,0.408348,0.472717,0.419917,0.337716,0.094897,0.082512,0.009716,0.248520,0.210576,0.383500,0.333829,0.345740,0.328044,0.301270,0.128843,0.401388,0.256426,0.434932,0.366014,0.459334,0.335609,0.604230,0.493642,0.354412,0.347239,0.695240,0.688630,0.628431,0.648764,0.627738,0.547343,0.676832,0.722171,0.109735,0.051988,0.494568,0.415380,0.418578,0.264944,0.471232,0.308184,0.353222,0.280690,0.313010,0.311746
0.485351,0.329549,0.502696,0.614615,-0.013601,-0.025192,0.461996,0.478983,0.058871,-0.008995,0.398443,0.347596,0.266162,0.385644,0.540409,0.658730,0.560728,0.479273,0.432000,0.527573,0.794575,0.670311,0.527413,0.668364,0.116502,0.324113,0.418945,0.423864,0.598425,0.473762,1.313230,0.000000,0.804269,0.747622,0.565139,0.658387,0.686931,0.623814,0.556798,0.546138,0.607360,0.468058,0.411170,0.415792,0.403943,0.438599,0.401575,0.402859,0.311444,0.060546,0.015492,-0.025291,0.186096,0.132669,0.451265,0.367751,0.485008,0.451648,0.248547,0.126508,0.379577,0.364292,0.594035,0.507795,0.337754,0.382579,0.563649,0.516871,0.434124,0.383985,0.696360,0.667243,0.663742,0.796727,0.643325,0.577034,0.557222,0.675969,0.235130,0.101125,0.672664,0.572598,0.435715,0.317871,0.445523,0.329095,0.365979,0.387961,0.242359,0.271726
0.736543,0.625470,0.667944,0.879279,0.190301,0.226545,0.674416,0.657268,0.240567,0.114904,0.482116,0.529527,0.592790,0.469653,0.529679,0.446429,0.941358,0.801576,0.842036,0.985174,0.560503,0.576380,0.489336,0.587171,0.278668,0.376058,0.304366,0.340613,0.610201,0.445448,0.721238,0.804269,0.000000,1.759906,0.634763,0.699624,0.512631,0.616475,0.328374,0.350884,0.639953,0.390504,0.706508,0.679921,0.764365,0.813340,0.703059,0.764887,0.646265,0.264490,0.402496,0.235840,0.458907,0.435539,0.753288,0.660628,0.770252,0.726496,0.653631,0.366290,0.710190,0.532262,0.956317,0.774756,0.554880,0.518931,1.154726,1.118054,0.832355,0.664256,0.550389,0.519160,0.722980,0.777225,0.689858,0.635197,0.598370,0.712114,0.312649,0.259977,1.048935,0.999598,0.431489,0.310419,0.750037,0.848482,0.359627,0.336283,0.679284,0.677574
0.694396,0.682087,0.478847,0.868371,0.210958,0.303704,0.555490,0.789408,0.234021,0.172868,0.389425,0.624886,0.519085,0.527765,0.419369,0.428257,0.990271,0.907953,0.706990,1.024842,0.464276,0.533076,0.338993,0.486115,0.226660,0.360116,0.254356,0.329846,0.635756,0.531837,0.593454,0.747622,1.759906,0.000000,0.461543,0.619118,0.485385,0.589781,0.279534,0.309463,0.570330,0.358191,0.700371,0.704344,0.754459,0.858340,0.685599,0.793536,0.689162,0.316685,0.434265,0.298152,0.425200,0.433294,0.709797,0.703666,0.809460,0.758510,0.655340,0.431389,0.647547,0.666546,1.023655,0.894085,0.386382,0.562174,0.962229,1.131062,0.790169,0.701357,0.477100,0.411766,0.618514,0.797203,0.631407,0.607304,0.524492,0.698660,0.327581,0.245389,1.031558,1.057700,0.399677,0.327337,0.654620,0.824517,0.351518,0.337872,0.612703,0.645541
0.245053,0.125681,0.818635,0.727668,0.219036,0.109178,0.365549,0.283426,0.250111,0.234766,0.210121,-0.004903,0.138141,0.051765,0.321409,0.277482,0.081182,0.023170,0.225041,0.161742,0.402297,0.324690,0.692398,0.694067,0.538650,0.532149,0.551542,0.577047,-0.029121,-0.097791,0.636966,0.565139,0.634763,0.461543,0.000000,1.414195,0.385046,0.329829,0.325023,0.196771,0.215494,0.006476,0.436006,0.303888,0.449844,0.456235,0.352401,0.341942,0.319331,0.018015,0.044166,-0.012104,0.226108,0.119680,0.321584,0.182066,0.264185,0.256021,0.218726,0.050973,0.228012,0.159840,0.134123,0.034051,0.905106,0.594486,0.943281,0.613338,0.338603,0.360437,0.351454,0.379115,0.256048,0.212657,0.281692,0.263205,0.362065,0.428496,0.014100,0.039037,0.227371,0.226293,0.094526,-0.067852,0.468429,0.454060,0.212055,0.213311,0.396797,0.420209
0.348377,0.254536,0.636472,0.797676,0.124769,0.084126,0.362898,0.431888,0.164312,0.186505,0.230643,0.127758,0.208844,0.198225,0.313390,0.337454,0.234054,0.180120,0.232722,0.293657,0.476101,0.394760,0.487969,0.584341,0.357608,0.363903,0.548544,0.656983,0.115759,-0.006884,0.607236,0.658387,0.699624,0.619118,1.414195,0.000000,0.530105,0.418006,0.378570,0.233762,0.345566,0.013783,0.415184,0.305493,0.423802,0.510552,0.371936,0.380180,0.333451,0.013824,0.046834,-0.003717,0.224085,0.121289,0.420051,0.263301,0.397567,0.368627,0.272878,0.094996,0.342975,0.349721,0.272632,0.149429,0.822780,0.791937,0.905792,0.695485,0.471786,0.468091,0.359546,0.404207,0.329297,0.363094,0.394498,0.366998,0.415614,0.550501,0.056425,0.038522,0.327955,0.355154,0.104816,-0.055915,0.469813,0.478253,0.167710,0.260872,0.431585,0.415565
0.778097,0.593551,0.376225,0.568153,-0.015169,0.015997,0.462902,0.456034,0.156462,0.052279,0.644529,0.468500,0.387591,0.510381,0.648861,0.663737,0.463698,0.382332,0.446478,0.646791,0.672319,0.501685,0.366857,0.439538,0.036865,0.092898,0.474346,0.388550,0.393368,0.369027,0.559821,0.686931,0.512631,0.485385,0.385046,0.530105,0.000000,1.000129,0.600586,0.504934,0.766040,0.289592,0.480616,0.430374,0.296677,0.353583,0.566641,0.470195,0.331268,0.212446,0.164433,0.181894,0.404745,0.246872,0.640572,0.447723,0.591355,0.584334,0.369315,0.309411,0.579904,0.446956,0.574512,0.405583,0.269499,0.451642,0.501271,0.528899,0.594499,0.671948,0.442432,0.457898,0.692875,0.777511,0.676126,0.563268,0.529181,0.686769,0.201519,-0.031503,0.501457,0.470478,0.316580,0.105183,0.617731,0.415455,0.379762,0.306642,0.414869,0.388301
0.673110,0.594299,0.489963,0.686889,0.291448,0.336541,0.631606,0.693386,0.444365,0.300453,0.605602,0.683695,0.590897,0.650418,0.744779,0.727525,0.509139,0.345159,0.517436,0.667460,0.684721,0.524645,0.462533,0.538883,0.253877,0.330326,0.546322,0.507695,0.428118,0.472155,0.572593,0.623814,0.616475,0.589781,0.329829,0.418006,1.000129,0.000000,0.470428,0.601985,0.874985,0.564634,0.711381,0.605569,0.447316,0.468690,0.809211,0.647104,0.502072,0.337040,0.369578,0.282069,0.457942,0.431267,0.567556,0.546954,0.425477,0.496101,0.654967,0.430589,0.836443,0.579832,0.760299,0.588568,0.276131,0.420492,0.572610,0.600058,0.457126,0.631599,0.376760,0.465622,0.637162,0.728845,0.673206,0.627421,0.618748,0.790471,0.269281,0.053050,0.633873,0.561594,0.573540,0.298931,0.582541,0.530734,0.375058,0.132695,0.647539,0.591083
0.432190,0.332808,0.463299,0.419054,-0.153328,-0.268080,0.355869,0.252684,-0.020083,-0.154885,0.335855,0.212371,0.197296,0.218099,0.344245,0.286788,0.264923,0.220590,0.306038,0.350146,0.366781,0.450932,0.380423,0.355088,0.004139,-0.036428,0.375965,0.295986,0.377336,0.188548,0.536738,0.556798,0.328374,0.279534,0.325023,0.378570,0.600586,0.470428,0.000000,1.190130,0.595169,0.439018,0.376851,0.276133,0.184750,0.189454,0.483378,0.443117,0.164227,0.097790,0.130237,0.084061,0.347538,0.246922,0.501274,0.314473,0.374156,0.375375,0.257639,0.171508,0.371347,0.195165,0.258998,0.177691,0.343285,0.359798,0.397393,0.345783,0.346866,0.401643,0.400738,0.430655,0.452190,0.358096,0.419648,0.368632,0.270106,0.291495,0.269595,-0.032983,0.304786,0.295818,0.489315,0.495394,0.339221,0.234551,0.450441,0.352340,0.331729,0.253576
0.316554,0.254085,0.395158,0.349200,-0.071681,-0.168584,0.333000,0.254044,0.027945,-0.148384,0.317336,0.282782,0.259646,0.246198,0.322488,0.248657,0.316213,0.256498,0.308339,0.285552,0.391800,0.460977,0.365638,0.375499,-0.003218,0.056664,0.286120,0.233071,0.449193,0.297384,0.531580,0.546138,0.350884,0.309463,0.196771,0.233762,0.504934,0.601985,1.190130,0.000000,0.607164,0.865873,0.441094,0.339837,0.242542,0.260710,0.527364,0.486432,0.243683,0.151533,0.206311,0.105668,0.281697,0.260535,0.440026,0.339283,0.247874,0.269242,0.308170,0.185499,0.377400,0.158860,0.304685,0.261386,0.213876,0.204254,0.309380,0.297303,0.244610,0.289537,0.379094,0.406457,0.456606,0.375314,0.411067,0.325970,0.337892,0.351500,0.313217,0.147826,0.409431,0.372688,0.697795,0.846608,0.259824,0.218228,0.455261,0.287907,0.304647,0.189581
0.781641,0.584712,0.467593,0.553030,-0.084216,-0.039620,0.565007,0.427282,0.041631,-0.151743,0.631455,0.503717,0.620273,0.532548,0.669195,0.420023,0.675654,0.536981,0.770124,0.767973,0.708170,0.812753,0.497906,0.495187,0.116001,0.052103,0.362542,0.319465,0.601707,0.345643,0.583583,0.607360,0.639953,0.570330,0.215494,0.345566,0.766040,0.874985,0.595169,0.607164,0.000000,0.603963,0.481532,0.393592,0.390480,0.294835,0.523950,0.433211,0.334901,0.144683,0.272406,0.146647,0.334469,0.255784,0.554549,0.469521,0.519643,0.428728,0.447896,0.223080,0.654763,0.270000,0.574250,0.415879,0.296047,0.279603,0.444992,0.440208,0.629083,0.421493,0.589390,0.792997,1.082548,0.888783,0.890043,0.681229,0.636865,0.619000,0.165923,-0.044877,0.586923,0.579803,0.592034,0.274303,0.526912,0.468995,0.448625,0.405354,0.503788,0.365709
0.295571,0.202122,0.258800,0.210482,0.097715,0.042905,0.370722,0.291470,0.152637,-0.046317,0.395165,0.465220,0.374467,0.373703,0.406540,0.302683,0.429269,0.336240,0.449850,0.350996,0.411575,0.419806,0.311994,0.344934,0.000555,0.146730,0.094608,0.098820,0.485712,0.430834,0.410006,0.468058,0.390504,0.358191,0.006476,0.013783,0.289592,0.564634,0.439018,0.865873,0.603963,0.000000,0.428769,0.420112,0.346889,0.318968,0.443321,0.423496,0.314906,0.211561,0.294323,0.174393,0.213912,0.248995,0.281176,0.324518,0.134608,0.161072,0.342797,0.253958,0.420318,0.221296,0.488141,0.426724,-0.001019,0.028374,0.243577,0.260481,0.138679,0.127209,0.403582,0.416707,0.558807,0.527963,0.481099,0.365525,0.318588,0.319895,0.177671,0.208595,0.492485,0.397305,0.764907,0.928045,0.282362,0.253109,0.391680,0.231582,0.284134,0.208627
0.499990,0.470346,0.679194,0.731431,0.562700,0.501300,0.683703,0.705875,0.637882,0.439546,0.569719,0.631999,0.557253,0.513366,0.621928,0.431565,0.363877,0.279840,0.615792,0.579908,0.226462,0.308697,0.581994,0.540401,0.431232,0.487575,0.342236,0.349421,0.302086,0.378672,0.512806,0.411170,0.706508,0.700371,0.436006,0.415184,0.480616,0.711381,0.376851,0.441094,0.481532,0.428769,0.000000,1.626173,1.288706,1.054505,1.526581,1.201987,1.283403,0.811597,0.896948,0.747085,0.861997,0.811992,0.733991,0.835863,0.304556,0.363661,0.951348,0.797893,0.724588,0.591064,0.629161,0.645631,0.339208,0.493960,0.847744,0.993757,0.269698,0.524085,0.299634,0.244658,0.518123,0.574567,0.572012,0.674992,0.720626,0.816072,0.262478,0.092119,0.535750,0.537640,0.560896,0.393552,0.636888,0.573044,0.505750,0.094100,0.812000,0.746694
0.529046,0.530944,0.480495,0.580479,0.507272,0.482355,0.573094,0.631554,0.570474,0.397051,0.557943,0.677066,0.505605,0.518043,0.594012,0.429301,0.423898,0.347813,0.618405,0.642266,0.198106,0.245727,0.415474,0.401062,0.235653,0.401346,0.195330,0.223490,0.294416,0.380988,0.455173,0.415792,0.679921,0.704344,0.303888,0.305493,0.430374,0.605569,0.276133,0.339837,0.393592,0.420112,1.626173,0.000000,1.304265,1.102926,1.345956,1.302331,1.275856,0.891260,0.898298,0.834929,0.810620,0.801060,0.744072,0.904479,0.360636,0.442955,0.883301,0.887064,0.671513,0.641820,0.686966,0.756301,0.184810,0.419672,0.723035,0.959986,0.272067,0.507462,0.272914,0.166243,0.466504,0.570746,0.545953,0.647007,0.632243,0.770176,0.191922,0.076009,0.551880,0.519370,0.478816,0.356301,0.601315,0.508892,0.413663,0.018978,0.693961,0.734453
0.406209,0.367258,0.510655,0.612984,0.477214,0.472904,0.515600,0.532288,0.493232,0.318348,0.476267,0.493771,0.475436,0.409927,0.465399,0.310665,0.427228,0.341350,0.547036,0.507902,0.183187,0.240941,0.445641,0.434573,0.388501,0.546952,0.224415,0.232769,0.278959,0.324649,0.421526,0.403943,0.764365,0.754459,0.449844,0.423802,0.296677,0.447316,0.184750,0.242542,0.390480,0.346889,1.288706,1.304265,0.000000,1.220451,0.962161,0.907755,1.292952,0.650309,0.711619,0.592968,0.561855,0.525333,0.586491,0.669484,0.313841,0.313590,0.663606,0.579454,0.518179,0.423438,0.575423,0.598746,0.294925,0.404636,0.784226,0.900972,0.271460,0.353041,0.227077,0.191099,0.466037,0.508918,0.467319,0.555727,0.601903,0.637667,0.197279,0.131737,0.521871,0.549563,0.421306,0.265818,0.523316,0.562630,0.391038,0.136292,0.557925,0.610517
0.435671,0.464573,0.458293,0.660121,0.426144,0.432542,0.426971,0.602747,0.444785,0.321999,0.377437,0.487666,0.356613,0.326419,0.376851,0.240440,0.412837,0.391050,0.467404,0.560698,0.199377,0.282812,0.371438,0.414658,0.293909,0.459536,0.214311,0.289382,0.285025,0.335486,0.408348,0.438599,0.813340,0.858340,0.456235,0.510552,0.353583,0.468690,0.189454,0.260710,0.294835,0.318968,1.054505,1.102926,1.220451,0.000000,1.035766,1.091598,1.589170,0.872856,0.794563,0.713993,0.695458,0.705808,0.672613,0.753115,0.448569,0.480337,0.820071,0.751477,0.545770,0.621615,0.633979,0.672106,0.273989,0.507585,0.867441,1.165317,0.311676,0.497282,0.252958,0.149449,0.398885,0.496551,0.418794,0.440369,0.451651,0.578150,0.211440,0.197598,0.597626,0.665430,0.332419,0.280824,0.627264,0.746184,0.357689,0.162895,0.642638,0.727773
0.638612,0.682947,0.654456,0.794775,0.436443,0.402610,0.698189,0.782868,0.590113,0.387296,0.605416,0.702444,0.603105,0.517949,0.686817,0.483599,0.386885,0.309897,0.664127,0.764248,0.304442,0.334487,0.533945,0.536808,0.289004,0.297069,0.287228,0.290556,0.288572,0.345237,0.472717,0.401575,0.703059,0.685599,0.352401,0.371936,0.566641,0.809211,0.483378,0.527364,0.523950,0.443321,1.526581,1.345956,0.962161,1.035766,0.000000,1.546182,1.274598,0.973824,1.000980,0.834578,1.077352,1.053481,0.931967,0.984181,0.452997,0.563293,1.143979,0.919380,0.886824,0.715441,0.701364,0.673042,0.337897,0.549562,0.869859,1.081865,0.395903,0.767497,0.323704,0.277075,0.528995,0.540501,0.623267,0.646546,0.654959,0.769667,0.248993,0.091055,0.612652,0.598253,0.593717,0.442270,0.757909,0.747132,0.549027,0.133873,0.946605,1.008733
0.680871,0.810335,0.573364,0.726295,0.333509,0.312434,0.529870,0.661132,0.425589,0.281084,0.471270,0.656832,0.478758,0.507369,0.506041,0.349434,0.494844,0.446848,0.607673,0.804290,0.257580,0.328025,0.417628,0.465854,0.222895,0.274663,0.220764,0.263473,0.309582,0.324430,0.419917,0.402859,0.764887,0.793536,0.341942,0.380180,0.470195,0.647104,0.443117,0.486432,0.433211,0.423496,1.201987,1.302331,0.907755,1.091598,1.546182,0.000000,1.166568,1.016537,1.041719,0.916815,1.027096,1.047414,0.974844,1.116040,0.615451,0.736842,1.078597,0.971620,0.742423,0.737148,0.706559,0.760714,0.242088,0.487094,0.859261,1.118133,0.506735,0.817603,0.340654,0.218465,0.407692,0.462110,0.499839,0.522289,0.489589,0.646768,0.216434,0.139259,0.620259,0.613061,0.488464,0.441194,0.671029,0.735773,0.466025,0.182221,0.866041,0.959821
0.435532,0.486633,0.461385,0.597676,0.480394,0.482351,0.476806,0.609283,0.534608,0.373635,0.421878,0.547198,0.427051,0.386061,0.437553,0.275249,0.328331,0.308272,0.487661,0.571348,0.163926,0.270282,0.408089,0.401172,0.322024,0.384808,0.203692,0.255847,0.217083,0.346799,0.337716,0.311444,0.646265,0.689162,0.319331,0.333451,0.331268,0.502072,0.164227,0.243683,0.334901,0.314906,1.283403,1.275856,1.292952,1.589170,1.274598,1.166568,0.000000,1.102079,1.013226,0.891232,0.766589,0.758721,0.661999,0.814293,0.332648,0.393099,0.949893,0.910837,0.595694,0.592293,0.592949,0.671478,0.195154,0.417159,0.767420,1.040211,0.228359,0.467521,0.223265,0.165215,0.394852,0.485950,0.444044,0.531221,0.525919,0.594561,0.166976,0.089661,0.505081,0.564144,0.378548,0.302107,0.575799,0.648475,0.424181,0.140677,0.688443,0.752601
