0.000000,0.869125,0.848684,0.657524,0.224438,0.267987,0.761489,0.670755,0.124794,0.145997,0.157838,0.308112,0.056476,0.193955,0.207050,0.238066,0.013759,0.137638,0.911744,0.663247,0.193793,0.194599,0.711288,0.666135,0.267412,0.242648,0.256643,0.169229,0.050632,0.085183,0.453464,0.450550,0.617593,0.682097,0.040545,0.125825,-0.275341,-0.182802,0.186109,0.080064,-0.091787,-0.132056,0.154749,0.183819,0.182342,0.322943,0.174104,-0.008458,0.186277,0.243316,0.222791,0.233943,0.313197,0.247005,0.242190,0.172264,0.831190,0.635723,0.524444,0.535045,0.623801,0.528836,0.134498,0.273416,0.272359,0.349865,0.406365,0.374482,0.646010,0.348372,0.137940,0.335322,0.196244,0.221592,0.224902,0.291841,0.313503,0.258620,0.118587,0.003147,0.138704,0.221430,0.291680,0.452591,-0.045916,-0.073553,0.218007,0.012911,0.413671,0.279238
0.869125,0.000000,0.907874,1.045289,0.345486,0.434366,0.735782,0.939598,0.203164,0.085589,0.051012,0.568107,0.146863,0.314357,0.274725,0.338064,0.049479,0.406868,0.669896,0.820118,0.316456,0.281136,0.763975,0.792230,0.319765,0.492715,0.411496,0.418310,0.123777,0.345614,0.584691,0.652409,0.695657,1.007793,0.087520,0.097345,-0.291603,-0.188145,0.179009,0.001673,-0.168347,-0.033557,0.058468,0.093546,0.219681,0.398590,0.165883,-0.027749,0.271626,0.335280,0.188397,0.229832,0.237358,0.208696,0.274338,0.184532,0.653929,1.477333,0.522672,0.903378,0.553725,0.940505,0.311493,0.582132,0.283457,0.437216,0.571934,0.477675,0.734538,0.374029,0.399233,0.506904,0.110952,0.287637,0.262938,0.290464,0.425955,0.392115,0.085501,0.334535,0.296243,0.320805,0.379939,0.652403,-0.026014,-0.150426,0.259968,0.177023,0.457818,0.139947
0.848684,0.907874,0.000000,1.291254,0.248846,0.397911,1.222851,1.045374,0.079363,0.214742,0.009628,0.376673,0.164356,0.193631,0.126340,0.300039,-0.027578,0.148173,0.742841,0.665891,0.566716,0.507898,1.058100,1.129607,0.446275,0.407782,0.300392,0.294771,0.057359,0.276880,0.728436,0.790683,0.628856,0.770640,-0.054698,0.017772,-0.355253,-0.105939,0.076706,-0.047128,-0.141754,-0.027271,0.021982,-0.004830,0.057333,0.162955,0.046815,-0.047105,0.075546,0.036881,0.084595,0.114632,0.149921,0.163148,0.153072,0.046958,0.468185,0.697220,0.367650,0.576224,0.473398,0.565723,0.225143,0.302708,0.274892,0.400965,0.437521,0.250475,0.671478,0.218357,0.402816,0.574935,0.063879,0.179268,0.354336,0.339710,0.346750,0.290628,-0.101595,0.235545,0.142457,0.128428,0.219797,0.631310,-0.048994,-0.101656,0.055882,0.236437,0.472023,0.257262
0.657524,1.045289,1.291254,0.000000,0.170257,0.367045,0.914550,1.254120,0.007094,0.297977,-0.049666,0.472376,0.195990,0.223241,0.185933,0.410402,-0.031148,0.180165,0.663319,0.789786,0.588426,0.517995,1.135484,1.492072,0.513944,0.690873,0.419066,0.398131,0.068345,0.398021,0.781248,0.949387,0.559506,0.881740,0.098433,0.145677,-0.285039,-0.040806,0.094053,-0.098317,-0.116885,0.018993,0.050812,0.043697,0.146962,0.257810,0.077075,-0.006115,0.200397,0.156668,0.136237,0.143954,0.187241,0.036181,0.156597,-0.001618,0.360276,0.741025,0.305235,0.655995,0.481792,0.596974,0.157724,0.214967,0.386303,0.616447,0.460508,0.454313,0.556110,0.235096,0.541478,0.673553,0.064737,0.195905,0.402744,0.357021,0.453202,0.387320,-0.123382,0.379795,0.160664,0.133177,0.225564,0.770194,0.052538,0.013055,0.057472,0.272263,0.384036,0.193768
0.224438,0.345486,0.248846,0.170257,0.000000,0.682954,0.271906,0.214953,0.750641,0.214888,-0.087580,0.249606,-0.120928,0.200390,0.322689,0.144446,-0.043497,0.293539,0.080220,0.068245,0.139871,0.123401,0.246955,0.167827,0.574423,0.289595,0.537555,0.425507,0.086735,0.144430,0.191336,0.098645,0.257002,0.205257,0.218910,0.184429,0.115978,0.107135,0.146244,0.139818,-0.236833,-0.102009,0.211865,0.179087,0.396931,0.502575,0.305700,0.216823,0.520498,0.414445,0.469982,0.388512,0.193170,0.331149,0.291887,0.332278,0.131507,0.294421,0.467758,0.366068,0.205010,0.360332,0.190062,0.187646,0.399933,0.211295,0.429920,0.330330,0.308532,0.059567,0.201538,0.117419,-0.244228,-0.080845,-0.063064,0.000149,0.196922,0.252863,0.294904,0.108244,0.246993,0.302337,0.428360,0.161498,0.122313,0.043400,0.175325,0.252472,0.419007,0.251560
0.267987,0.434366,0.397911,0.367045,0.682954,0.000000,0.439077,0.472237,0.545199,0.642884,0.203254,0.539244,0.237592,0.380769,0.561714,0.677144,0.025643,0.213324,0.147887,0.223068,0.416678,0.482216,0.427549,0.381563,0.377402,0.519279,0.475533,0.918916,0.153155,0.153669,0.389628,0.281118,0.259416,0.332111,0.332671,0.292445,0.149978,0.361793,0.308023,0.323670,0.040552,0.163959,0.202869,0.246264,0.273348,0.505768,0.352906,0.223012,0.346947,0.397152,0.543429,0.619752,0.310683,0.367780,0.448590,0.331050,0.232589,0.396181,0.425185,0.456583,0.526363,0.621105,0.158022,0.296328,0.452254,0.542861,0.397142,0.456146,0.439932,0.112920,0.501601,0.498473,0.114521,0.202211,0.366374,0.319769,0.528413,0.525486,0.318266,0.194962,0.453044,0.422402,0.187533,0.234249,0.391356,0.335319,0.112644,0.399343,0.598253,0.481312
0.761489,0.735782,1.222851,0.914550,0.271906,0.439077,0.000000,1.119178,0.170895,0.340320,0.207441,0.452768,0.375193,0.338550,0.112153,0.294594,-0.053060,0.135600,0.528032,0.484460,0.469904,0.480746,1.149444,0.953559,0.416305,0.407717,0.200444,0.266636,0.024329,0.106143,0.971322,0.830607,0.708319,0.805830,0.102300,0.151039,-0.157270,0.031001,0.146879,0.033660,0.056374,0.085699,0.158168,0.122295,0.209737,0.298395,0.162872,0.041951,0.126356,0.066952,0.120900,0.104008,0.141025,0.173379,0.134286,0.025592,0.397905,0.555558,0.248404,0.440952,0.663267,0.531151,0.230116,0.297445,0.492306,0.416513,0.410914,0.269954,0.463098,0.080840,0.452339,0.620176,0.065433,0.107235,0.351618,0.315367,0.337070,0.375544,0.085316,0.113703,0.242793,0.184230,0.110646,0.421641,0.099765,-0.017390,-0.063205,0.130919,0.322361,0.170836
0.670755,0.939598,1.045374,1.254120,0.214953,0.472237,1.119178,0.000000,0.267720,0.331399,0.177607,0.772131,0.438596,0.608166,0.303297,0.424982,0.026204,0.328432,0.510689,0.570060,0.389378,0.376299,1.369037,1.353622,0.500486,0.790659,0.380071,0.304281,0.126389,0.272843,1.119442,1.225826,0.563539,0.937980,0.193828,0.241275,-0.159182,-0.052122,0.090955,-0.009887,-0.056390,0.026687,0.161374,0.127290,0.168558,0.280985,0.174397,0.037580,0.129363,0.120445,0.186722,0.114079,0.194730,0.084346,0.193968,-0.014679,0.412523,0.673517,0.287580,0.577861,0.513702,0.672460,0.133315,0.286313,0.469223,0.541305,0.385852,0.430282,0.450806,0.178900,0.539105,0.622612,0.104355,0.159576,0.348600,0.304474,0.412474,0.351256,0.098554,0.212982,0.304499,0.191972,0.292142,0.582324,0.181664,-0.021415,0.025892,0.136721,0.460816,0.183832
0.124794,0.203164,0.079363,0.007094,0.750641,0.545199,0.170895,0.267720,0.000000,0.050486,0.213507,0.484268,0.163728,0.513365,0.744547,0.311637,0.051001,0.515477,0.041104,-0.049437,-0.243991,-0.191998,0.256774,0.080135,0.196644,0.277284,0.491727,0.305805,0.200119,0.078124,0.319937,0.115173,0.110769,0.104188,0.291652,0.318976,0.186100,-0.022999,0.018125,0.028438,-0.259478,-0.291498,0.281561,0.309373,0.316034,0.436753,0.343168,0.228413,0.298322,0.317496,0.427808,0.298552,0.124729,0.369927,0.301367,0.295340,0.189109,0.170833,0.367444,0.229374,0.168763,0.351060,0.063779,0.219569,0.358743,0.138896,0.317723,0.290294,0.288398,0.142334,0.142085,0.032016,-0.022201,0.013797,-0.095291,-0.065630,0.160649,0.155678,0.400441,-0.000676,0.339780,0.394426,0.620283,-0.014416,0.187043,-0.068084,0.269461,0.081785,0.576789,0.260991
0.145997,0.085589,0.214742,0.297977,0.214888,0.642884,0.340320,0.331399,0.050486,0.000000,0.088343,0.216190,0.286282,0.248910,0.264308,0.683954,-0.049246,-0.179446,0.087491,0.135565,0.613484,0.754650,0.314701,0.433378,0.572498,0.512173,0.315381,0.501136,0.053691,-0.015032,0.278507,0.223881,0.020612,0.098147,0.404310,0.441108,0.277921,0.659507,0.430412,0.427363,0.305761,0.444024,0.339648,0.425021,0.304272,0.431701,0.410364,0.337735,0.421410,0.332244,0.549939,0.516207,0.514598,0.129334,0.451434,0.187852,-0.018835,-0.008236,0.016608,0.176695,0.428953,0.255113,-0.071508,-0.127574,0.526616,0.712276,0.180739,0.415224,0.117775,0.015077,0.414602,0.514550,0.150749,0.094119,0.567638,0.553320,0.521625,0.540075,0.273465,0.166558,0.350041,0.291631,-0.179122,0.204243,0.697661,0.738255,-0.040981,0.420300,0.306552,0.451195
0.157838,0.051012,0.009628,-0.049666,-0.087580,0.203254,0.207441,0.177607,0.213507,0.088343,0.000000,0.339654,0.806261,0.335485,0.324290,0.228638,0.530516,0.174384,0.010204,-0.016477,-0.173780,-0.044879,0.130323,0.001926,-0.227317,0.154928,-0.059299,0.094090,0.448805,0.013932,0.305928,0.170616,0.167283,0.153500,0.058011,0.011566,0.084040,-0.022784,0.050577,0.051566,0.255263,0.161821,-0.043029,-0.056666,0.044482,0.023415,-0.051895,-0.135533,-0.096868,-0.073023,0.027732,-0.010140,-0.064718,0.050755,0.020500,-0.038599,0.170499,0.017945,0.099087,-0.046948,0.320737,0.124903,0.270687,0.158513,0.147139,0.037959,0.094235,0.053829,0.057534,-0.036142,0.255499,0.236987,0.521604,0.469516,0.267678,0.163880,0.125397,0.091670,0.332530,0.029072,0.371375,0.279946,0.005085,-0.160571,0.223415,0.012221,0.064831,-0.136967,0.033896,-0.008853
0.308112,0.568107,0.376673,0.472376,0.249606,0.539244,0.452768,0.772131,0.484268,0.216190,0.339654,0.000000,0.484895,0.979419,0.367571,0.426095,0.087033,0.522869,0.163326,0.209915,0.256179,0.129604,0.543521,0.550800,0.363130,0.722931,0.210432,0.249489,0.083592,0.323484,0.658573,0.607697,0.309201,0.537798,0.305067,0.285595,0.029413,-0.007631,0.125239,0.013349,-0.049212,0.010048,0.134357,0.129793,0.190884,0.345879,0.081462,-0.009097,0.199858,0.258486,0.214451,0.251781,0.055103,0.040935,0.144735,-0.027397,0.262523,0.491542,0.288901,0.429653,0.396229,0.667226,0.119531,0.375547,0.391621,0.482624,0.303613,0.365661,0.292205,0.090699,0.541771,0.463629,0.165365,0.261182,0.244844,0.294768,0.463353,0.385488,0.134746,0.155013,0.290325,0.263211,0.230205,0.162623,0.255773,0.124065,0.101703,0.055151,0.360316,0.128191
0.056476,0.146863,0.164356,0.195990,-0.120928,0.237592,0.375193,0.438596,0.163728,0.286282,0.806261,0.484895,0.000000,0.617147,0.390130,0.417188,0.380366,0.212854,0.040838,0.115748,0.118122,0.229614,0.308113,0.250135,0.055815,0.481120,-0.081803,0.123270,0.418401,0.038317,0.653718,0.521354,0.161643,0.268712,0.202587,0.237759,0.104283,0.111690,0.235502,0.249531,0.512089,0.425964,0.096395,0.068805,0.094852,0.114149,0.095696,0.062718,0.098225,0.032095,0.129192,0.090163,0.119209,0.076353,0.264311,0.036774,0.050616,0.059908,-0.092137,-0.039323,0.285246,0.086642,0.252301,0.133921,0.296602,0.227616,0.187963,0.173403,0.134867,-0.057462,0.446751,0.484416,0.514124,0.418002,0.463666,0.315648,0.360766,0.296244,0.337317,0.036359,0.578275,0.297443,0.001897,0.046373,0.459549,0.101651,0.150360,0.157492,0.068144,0.043247
0.193955,0.314357,0.193631,0.223241,0.200390,0.380769,0.338550,0.608166,0.513365,0.248910,0.335485,0.979419,0.617147,0.000000,0.428643,0.452725,0.020132,0.451581,-0.012111,0.004549,0.042088,-0.009937,0.432124,0.420375,0.362918,0.614348,0.161396,0.168450,0.121410,0.038406,0.674721,0.560569,-0.004445,0.216979,0.370872,0.448202,0.244178,0.062115,0.316537,0.256925,0.205143,0.151284,0.218406,0.245867,0.174612,0.331264,0.235164,0.130158,0.214432,0.297411,0.332352,0.334843,0.253163,0.134454,0.369149,0.120767,0.182695,0.224667,0.066641,0.177675,0.183367,0.357508,0.003877,0.156871,0.339317,0.347551,0.075175,0.281196,0.144315,-0.036026,0.425832,0.398678,0.130618,0.070823,0.085198,0.114055,0.354231,0.295825,0.427785,-0.101625,0.379845,0.336826,0.280371,0.103834,0.375348,0.159391,0.218848,0.094036,0.329182,0.223337
0.207050,0.274725,0.126340,0.185933,0.322689,0.561714,0.112153,0.303297,0.744547,0.264308,0.324290,0.367571,0.390130,0.428643,0.000000,0.805765,0.281679,0.318585,0.269618,0.275229,-0.070854,0.060054,0.362531,0.239979,0.117503,0.476383,0.681064,0.597700,0.547302,0.228818,0.351545,0.235905,0.070866,0.145700,0.451034,0.490758,0.163173,0.130807,0.315517,0.303613,0.060973,-0.018456,0.412045,0.459913,0.287533,0.437826,0.463072,0.435299,0.349693,0.332249,0.599992,0.439124,0.380970,0.443853,0.661870,0.593550,0.219316,0.114692,0.242156,0.190801,0.254666,0.253984,0.050709,0.113317,0.424521,0.384429,0.379241,0.550089,0.401826,0.242262,0.213869,0.176410,0.483430,0.414971,0.361944,0.234347,0.462583,0.347528,0.551857,0.189765,0.630144,0.533365,0.575589,0.215040,0.480854,0.166428,0.531365,0.345619,0.826960,0.572247
0.238066,0.338064,0.300039,0.410402,0.144446,0.677144,0.294594,0.424982,0.311637,0.683954,0.228638,0.426095,0.417188,0.452725,0.805765,0.000000,0.076032,0.085344,0.341432,0.408311,0.313662,0.388295,0.422944,0.466169,0.270276,0.508769,0.490943,0.795287,0.267531,0.186000,0.421102,0.316095,0.094756,0.211207,0.361784,0.426247,0.128112,0.274376,0.465004,0.289476,0.225501,0.215983,0.276871,0.365540,0.233281,0.420438,0.399548,0.288649,0.300024,0.326610,0.471961,0.508959,0.410371,0.275891,0.618633,0.419561,0.175843,0.222852,0.187081,0.276062,0.377021,0.379575,-0.052660,-0.001932,0.390181,0.588371,0.312221,0.519926,0.468534,0.304794,0.359673,0.421994,0.508924,0.429138,0.559824,0.572577,0.602435,0.499475,0.255963,0.242325,0.497898,0.486335,0.234793,0.361180,0.565752,0.427626,0.329226,0.627749,0.701193,0.729406
0.013759,0.049479,-0.027578,-0.031148,-0.043497,0.025643,-0.053060,0.026204,0.051001,-0.049246,0.530516,0.087033,0.380366,0.020132,0.281679,0.076032,0.000000,0.338477,0.062562,0.114699,-0.094049,-0.029205,0.003864,-0.061922,-0.076198,0.215481,0.156963,0.073326,0.681724,0.347074,0.115074,0.135797,0.247295,0.204163,0.130397,0.013679,-0.075404,-0.050063,-0.080842,0.028292,0.067079,0.141313,0.078739,-0.018832,0.057577,-0.091385,0.035171,0.040424,-0.052340,-0.150981,0.028417,-0.077386,-0.037705,0.129971,0.059768,0.071341,0.136838,0.028723,0.039145,-0.042615,0.052599,-0.030272,0.536168,0.194356,0.119317,-0.032664,0.269845,0.136266,0.001333,0.096696,0.075517,-0.022747,0.431448,0.495962,0.313593,0.325714,0.168574,0.063662,0.194324,0.468589,0.399742,0.301373,0.125698,0.062893,0.176901,-0.029329,0.056100,0.040737,0.078810,0.013875
0.137638,0.406868,0.148173,0.180165,0.293539,0.213324,0.135600,0.328432,0.515477,-0.179446,0.174384,0.522869,0.212854,0.451581,0.318585,0.085344,0.338477,0.000000,0.145167,0.201956,-0.194411,-0.189224,0.167185,0.109493,0.079053,0.314543,0.319379,0.155956,0.206615,0.321577,0.290824,0.219541,0.197071,0.306045,0.118268,0.233482,-0.021527,-0.132625,-0.147655,-0.063475,-0.232595,-0.096672,0.234688,0.241269,0.420502,0.348881,0.153923,0.169234,0.157006,0.202053,0.117392,0.095533,-0.057976,0.210081,0.087974,0.201490,0.228918,0.376406,0.223982,0.188136,-0.004917,0.251909,0.267093,0.358971,0.113709,0.003004,0.348480,0.275892,0.223641,0.263248,0.070622,0.015496,0.012592,0.230952,-0.092559,0.065406,0.160254,0.118757,0.170906,0.350538,0.346673,0.596697,0.406966,0.117297,0.053908,-0.009928,0.056923,0.051515,0.266963,0.166195
0.911744,0.669896,0.742841,0.663319,0.080220,0.147887,0.528032,0.510689,0.041104,0.087491,0.010204,0.163326,0.040838,-0.012111,0.269618,0.341432,0.062562,0.145167,0.000000,1.309219,0.221612,0.206866,0.573941,0.519455,0.149995,0.103760,0.249175,0.179379,0.144910,0.190000,0.345501,0.353628,0.575546,0.621208,0.037401,0.086868,-0.386143,-0.225538,0.079484,-0.079061,-0.089254,-0.068342,0.140374,0.149400,0.165570,0.188063,0.108323,0.100657,0.045403,0.026093,-0.007596,0.024739,0.121670,0.114918,0.142584,0.143381,0.387119,0.477105,0.304434,0.331396,0.332523,0.281041,0.125868,0.166124,0.182823,0.228909,0.581417,0.417597,0.872753,0.728163,0.009430,0.207920,0.343104,0.402362,0.371193,0.436804,0.344608,0.241863,-0.107001,0.247028,0.146161,0.202107,0.305371,0.544628,-0.030939,-0.109816,0.242517,0.226255,0.443749,0.258262
0.663247,0.820118,0.665891,0.789786,0.068245,0.223068,0.484460,0.570060,-0.049437,0.135565,-0.016477,0.209915,0.115748,0.004549,0.275229,0.408311,0.114699,0.201956,1.309219,0.000000,0.364972,0.376642,0.580597,0.581485,0.188358,0.247306,0.305300,0.349648,0.157043,0.283075,0.382518,0.450155,0.569102,0.760873,0.118929,0.127475,-0.350948,-0.118967,0.135506,-0.011829,-0.022189,0.115747,0.160168,0.132135,0.207922,0.217540,0.169445,0.157898,0.120429,0.122640,0.020962,0.069014,0.174983,0.156425,0.199299,0.211273,0.252481,0.577944,0.194485,0.378738,0.278528,0.300643,0.151483,0.142996,0.224056,0.334309,0.596441,0.522432,0.858237,0.727798,0.073474,0.264162,0.334224,0.427065,0.474877,0.454238,0.354072,0.281920,-0.033347,0.384423,0.259864,0.254852,0.245712,0.668652,0.072775,0.019780,0.173355,0.355717,0.351342,0.263212
0.193793,0.316456,0.566716,0.588426,0.139871,0.416678,0.469904,0.389378,-0.243991,0.613484,-0.173780,0.256179,0.118122,0.042088,-0.070854,0.313662,-0.094049,-0.194411,0.221612,0.364972,0.000000,1.305245,0.357415,0.517569,0.537476,0.440082,0.076971,0.354628,0.047866,0.362583,0.293150,0.404330,0.255829,0.330645,0.093910,0.049171,0.095070,0.483863,0.385131,0.281066,0.238608,0.471692,0.039403,-0.013569,0.058942,0.157043,0.101184,0.136981,0.246653,0.121704,0.160805,0.249963,0.148180,-0.049259,0.194230,0.006418,-0.040583,0.317263,0.097252,0.391543,0.354653,0.332883,0.154736,0.074518,0.325205,0.478834,0.258454,0.227932,0.250509,-0.079030,0.636712,0.721103,-0.013253,0.121541,0.535860,0.507488,0.557146,0.573212,-0.030427,0.289987,0.224790,0.091499,-0.103724,0.479429,0.338854,0.425964,-0.086408,0.490114,0.093899,0.190366
0.194599,0.281136,0.507898,0.517995,0.123401,0.482216,0.480746,0.376299,-0.191998,0.754650,-0.044879,0.129604,0.229614,-0.009937,0.060054,0.388295,-0.029205,-0.189224,0.206866,0.376642,1.305245,0.000000,0.354052,0.471164,0.434160,0.407642,0.125895,0.488162,0.106775,0.254905,0.291735,0.345964,0.258453,0.294265,0.150195,0.123765,0.043754,0.556412,0.338138,0.325981,0.325538,0.547806,0.171410,0.156792,0.175322,0.251316,0.207540,0.236031,0.315037,0.196526,0.273577,0.314568,0.327558,0.100305,0.303419,0.116972,-0.025260,0.239510,0.008300,0.299174,0.380890,0.278159,0.158665,0.073144,0.346332,0.503599,0.282539,0.290035,0.233173,-0.032420,0.520090,0.678414,0.090317,0.198328,0.712824,0.492765,0.516110,0.559251,0.122345,0.354512,0.392070,0.251991,-0.178897,0.464106,0.432127,0.478332,-0.079831,0.537666,0.118420,0.259299
0.711288,0.763975,1.058100,1.135484,0.246955,0.427549,1.149444,1.369037,0.256774,0.314701,0.130323,0.543521,0.308113,0.432124,0.362531,0.422944,0.003864,0.167185,0.573941,0.580597,0.357415,0.354052,0.000000,1.558653,0.554939,0.632937,0.470972,0.327760,0.066011,0.196491,1.159746,1.173432,0.563605,0.790945,0.266907,0.336555,-0.189557,-0.043620,0.074375,-0.049405,-0.073000,-0.074646,0.255774,0.187988,0.175549,0.263912,0.257740,0.101430,0.122088,0.075275,0.209390,0.120300,0.211512,0.163053,0.218379,0.081868,0.371415,0.440271,0.167356,0.374490,0.455176,0.417643,0.004562,0.098348,0.597462,0.547569,0.321266,0.430778,0.486075,0.142700,0.412336,0.506757,0.100442,0.102058,0.323204,0.298378,0.364625,0.312255,0.048653,0.134962,0.183109,0.110310,0.254905,0.515396,0.151476,-0.001443,0.023447,0.123137,0.507315,0.238733
0.666135,0.792230,1.129607,1.492072,0.167827,0.381563,0.953559,1.353622,0.080135,0.433378,0.001926,0.550800,0.250135,0.420375,0.239979,0.466169,-0.061922,0.109493,0.519455,0.581485,0.517569,0.471164,1.558653,0.000000,0.699979,0.749840,0.445480,0.324309,0.007532,0.250291,0.967699,1.113381,0.417867,0.725986,0.219214,0.308066,-0.172836,0.039427,0.163177,-0.012315,-0.053699,0.007851,0.170887,0.161352,0.119372,0.250204,0.204761,0.065585,0.172415,0.139458,0.236121,0.180297,0.285207,0.089054,0.245978,0.053381,0.314431,0.470676,0.138577,0.453580,0.393725,0.474956,-0.055322,0.045348,0.498213,0.681343,0.248603,0.417063,0.449521,0.142460,0.482985,0.609491,0.092407,0.117155,0.371049,0.349438,0.431876,0.362894,-0.010691,0.204024,0.164914,0.092107,0.186326,0.634603,0.179921,0.107104,0.050673,0.220204,0.487080,0.288396
0.267412,0.319765,0.446275,0.513944,0.574423,0.377402,0.416305,0.500486,0.196644,0.572498,-0.227317,0.363130,0.055815,0.362918,0.117503,0.270276,-0.076198,0.079053,0.149995,0.188358,0.537476,0.434160,0.554939,0.699979,0.000000,0.718764,0.462073,0.186684,-0.022169,0.137798,0.547983,0.526125,0.179200,0.295274,0.443072,0.466895,0.175035,0.263430,0.333336,0.195084,0.025547,0.169375,0.260364,0.221533,0.232162,0.359209,0.335188,0.218489,0.378306,0.283171,0.380123,0.295989,0.350853,0.113931,0.361487,0.101552,0.006836,0.159015,0.117197,0.339088,0.140800,0.235376,-0.022151,-0.056847,0.603239,0.587114,0.270154,0.473087,0.156304,-0.056969,0.384920,0.363311,-0.182197,-0.144123,0.165234,0.260435,0.368751,0.352199,0.159444,0.061855,0.230221,0.153072,0.164522,0.403971,0.432449,0.320467,0.086911,0.286670,0.345159,0.221331
0.242648,0.492715,0.407782,0.690873,0.289595,0.519279,0.407717,0.790659,0.277284,0.512173,0.154928,0.722931,0.481120,0.614348,0.476383,0.508769,0.215481,0.314543,0.103760,0.247306,0.440082,0.407642,0.632937,0.749840,0.718764,0.000000,0.584539,0.433767,0.359490,0.399390,0.745652,0.798304,0.196320,0.460406,0.411794,0.437812,0.160682,0.262069,0.272912,0.211977,0.125520,0.193595,0.181334,0.174348,0.189394,0.382272,0.285551,0.185159,0.376940,0.328777,0.421452,0.370971,0.306732,0.086089,0.385799,0.079031,0.212724,0.381981,0.281656,0.522078,0.364094,0.457923,0.126379,0.167534,0.544700,0.659205,0.346507,0.600961,0.168766,-0.024511,0.824524,0.714623,0.104057,0.184686,0.376552,0.394550,0.600909,0.540414,0.278503,0.259138,0.428160,0.309993,0.273509,0.426275,0.488792,0.269744,0.189130,0.319355,0.338113,0.185165
0.256643,0.411496,0.300392,0.419066,0.537555,0.475533,0.200444,0.380071,0.491727,0.315381,-0.059299,0.210432,-0.081803,0.161396,0.681064,0.490943,0.156963,0.319379,0.249175,0.305300,0.076971,0.125895,0.470972,0.445480,0.462073,0.584539,0.000000,0.773997,0.316741,0.304228,0.325083,0.342688,0.238801,0.274885,0.380323,0.375198,0.040897,0.124771,0.132475,0.042155,-0.274329,-0.183007,0.297723,0.342765,0.273265,0.391201,0.431986,0.305044,0.314388,0.303720,0.510432,0.411313,0.329481,0.406483,0.403883,0.391688,0.347811,0.282628,0.459575,0.466043,0.259378,0.374456,0.119237,0.159064,0.440107,0.402263,0.443566,0.619538,0.393456,0.288523,0.256470,0.156337,-0.006679,-0.002661,0.097076,0.162038,0.310719,0.293032,0.232897,0.330280,0.282112,0.372156,0.485597,0.397027,0.233438,0.146199,0.266717,0.312786,0.656193,0.455502
0.169229,0.418310,0.294771,0.398131,0.425507,0.918916,0.266636,0.304281,0.305805,0.501136,0.094090,0.249489,0.123270,0.168450,0.597700,0.795287,0.073326,0.155956,0.179379,0.349648,0.354628,0.488162,0.327760,0.324309,0.186684,0.433767,0.773997,0.000000,0.186520,0.220047,0.230796,0.199056,0.224780,0.252531,0.360275,0.299693,0.051009,0.324139,0.266694,0.194555,-0.015240,0.113037,0.228392,0.281622,0.315802,0.479257,0.377903,0.306300,0.458939,0.474814,0.567632,0.650902,0.366854,0.430793,0.471370,0.460760,0.209747,0.350847,0.375258,0.425796,0.437947,0.492358,0.190893,0.196632,0.410484,0.564379,0.464892,0.568795,0.440420,0.223259,0.367257,0.348115,0.106574,0.147358,0.353954,0.234913,0.418799,0.430719,0.258329,0.361161,0.446727,0.435947,0.187034,0.314860,0.335656,0.383545,0.141725,0.544150,0.495774,0.578093
0.050632,0.123777,0.057359,0.068345,0.086735,0.153155,0.024329,0.126389,0.200119,0.053691,0.448805,0.083592,0.418401,0.121410,0.547302,0.267531,0.681724,0.206615,0.144910,0.157043,0.047866,0.106775,0.066011,0.007532,-0.022169,0.359490,0.316741,0.186520,0.000000,0.675430,0.202338,0.243741,0.095563,0.109774,-0.039226,-0.090840,0.113871,0.039142,0.173616,0.111223,0.268164,0.194097,0.011052,-0.075862,0.025197,-0.045758,0.096432,0.124111,0.008200,-0.165169,0.120202,-0.034737,0.055719,0.028356,0.296472,0.139544,0.180586,0.138135,0.222973,0.117454,0.162135,0.076084,0.398006,0.171465,0.050498,-0.106561,0.218546,0.089618,0.156023,0.091134,0.393967,0.277542,0.460477,0.468830,0.309918,0.261035,0.290226,0.206752,0.425478,0.480538,0.595848,0.358955,0.575195,0.417998,0.252227,-0.090356,0.424433,0.251337,0.219708,0.019431
0.085183,0.345614,0.276880,0.398021,0.144430,0.153669,0.106143,0.272843,0.078124,-0.015032,0.013932,0.323484,0.038317,0.038406,0.228818,0.186000,0.347074,0.321577,0.190000,0.283075,0.362583,0.254905,0.196491,0.250291,0.137798,0.399390,0.304228,0.220047,0.675430,0.000000,0.138819,0.296086,0.171227,0.243184,-0.152164,-0.207264,-0.045687,0.012049,-0.014413,-0.158316,-0.163239,-0.017305,-0.075359,-0.169703,-0.007805,-0.027867,-0.105602,-0.010763,0.054079,-0.072059,0.022016,-0.022458,-0.096356,-0.086006,-0.000407,-0.002406,0.120514,0.405317,0.296742,0.343009,0.114326,0.316436,0.222483,0.176317,-0.002618,0.025400,0.192810,0.021231,0.214931,0.080254,0.417060,0.283917,0.087355,0.298746,0.204321,0.252661,0.241327,0.183611,-0.066139,0.795564,0.181278,0.246620,0.528643,0.698845,0.013319,-0.032457,0.097859,0.184695,0.147355,0.036909
0.453464,0.584691,0.728436,0.781248,0.191336,0.389628,0.971322,1.119442,0.319937,0.278507,0.305928,0.658573,0.653718,0.674721,0.351545,0.421102,0.115074,0.290824,0.345501,0.382518,0.293150,0.291735,1.159746,0.967699,0.547983,0.745652,0.325083,0.230796,0.202338,0.138819,0.000000,1.467287,0.502535,0.735243,0.358658,0.430820,-0.054865,-0.012817,0.151601,0.049069,0.133045,0.095231,0.209996,0.136423,0.180930,0.277851,0.250554,0.074810,0.072789,0.036269,0.125444,0.047673,0.132857,0.122683,0.219345,0.006950,0.316235,0.394680,0.122368,0.304028,0.431578,0.351275,0.165594,0.233980,0.652211,0.449485,0.356398,0.449430,0.371814,0.023321,0.570579,0.638685,0.150505,0.124892,0.310910,0.271273,0.418314,0.369545,0.206661,0.041022,0.354124,0.185760,0.234657,0.376760,0.283486,-0.030668,0.048319,0.070068,0.361761,0.103387
0.450550,0.652409,0.790683,0.949387,0.098645,0.281118,0.830607,1.225826,0.115173,0.223881,0.170616,0.607697,0.521354,0.560569,0.235905,0.316095,0.135797,0.219541,0.353628,0.450155,0.404330,0.345964,1.173432,1.113381,0.526125,0.798304,0.342688,0.199056,0.243741,0.296086,1.467287,0.000000,0.529031,0.840041,0.237013,0.252363,-0.171300,-0.075179,0.069006,-0.016950,0.062693,0.086926,0.120021,0.034028,0.056851,0.088577,0.159451,0.025336,0.007118,-0.046964,0.072269,0.014969,0.138207,0.044609,0.151309,-0.068432,0.348412,0.459543,0.121037,0.322398,0.358007,0.343475,0.162312,0.220131,0.485229,0.408851,0.289892,0.368523,0.357517,0.036685,0.560933,0.611550,0.104557,0.081037,0.317770,0.299810,0.324046,0.244082,0.051713,0.162658,0.237296,0.034982,0.221106,0.513721,0.167536,-0.061894,-0.004727,0.081244,0.266897,0.033677
0.617593,0.695657,0.628856,0.559506,0.257002,0.259416,0.708319,0.563539,0.110769,0.020612,0.167283,0.309201,0.161643,-0.004445,0.070866,0.094756,0.247295,0.197071,0.575546,0.569102,0.255829,0.258453,0.563605,0.417867,0.179200,0.196320,0.238801,0.224780,0.095563,0.171227,0.502535,0.529031,0.000000,1.327599,0.302374,0.091269,-0.389731,-0.137794,-0.038089,-0.079259,-0.182483,-0.008419,0.177511,0.058991,0.274854,0.233902,0.141727,-0.020647,0.133966,0.026985,-0.001606,0.028707,-0.047072,0.176434,0.005779,0.016411,0.525118,0.630121,0.408325,0.457234,0.693881,0.485415,0.616108,0.596798,0.536891,0.357700,0.825211,0.460833,0.457355,0.224493,0.168491,0.237308,0.162947,0.264959,0.374028,0.326139,0.251470,0.221900,-0.121956,0.307656,0.168920,0.128445,0.032193,0.241135,-0.007110,-0.111157,-0.068029,0.031450,0.220118,-0.012336
0.682097,1.007793,0.770640,0.881740,0.205257,0.332111,0.805830,0.937980,0.104188,0.098147,0.153500,0.537798,0.268712,0.216979,0.145700,0.211207,0.204163,0.306045,0.621208,0.760873,0.330645,0.294265,0.790945,0.725986,0.295274,0.460406,0.274885,0.252531,0.109774,0.243184,0.735243,0.840041,1.327599,0.000000,0.332709,0.166916,-0.364454,-0.133805,0.034262,-0.039269,-0.117265,0.045848,0.170166,0.075846,0.233708,0.227445,0.178605,0.018925,0.147407,0.086731,0.029071,0.028446,0.053502,0.124924,0.080494,0.018019,0.467910,0.782172,0.315927,0.524587,0.549330,0.568504,0.397398,0.462012,0.532107,0.483314,0.698230,0.529451,0.508793,0.266482,0.282274,0.383970,0.198605,0.303758,0.412862,0.390612,0.323824,0.286670,-0.050621,0.322655,0.249688,0.112290,0.142499,0.440417,0.064350,-0.098998,-0.003931,0.096946,0.275495,0.003857
0.040545,0.087520,-0.054698,0.098433,0.218910,0.332671,0.102300,0.193828,0.291652,0.404310,0.058011,0.305067,0.202587,0.370872,0.451034,0.361784,0.130397,0.118268,0.037401,0.118929,0.093910,0.150195,0.266907,0.219214,0.443072,0.411794,0.380323,0.360275,-0.039226,-0.152164,0.358658,0.237013,0.302374,0.332709,0.000000,1.073340,0.239605,0.386535,0.299240,0.319951,0.158562,0.220242,0.554381,0.567119,0.392425,0.499249,0.583917,0.450919,0.433072,0.420113,0.519863,0.463182,0.338220,0.369829,0.400108,0.290794,-0.021516,-0.047435,-0.045995,0.078811,0.276782,0.125971,0.131874,0.060476,1.070627,0.819727,0.501490,0.948351,0.033636,0.002536,0.094078,0.070206,0.112803,0.040973,0.325663,0.183600,0.379753,0.353951,0.301755,0.041603,0.376362,0.268153,-0.051793,-0.049158,0.669285,0.545930,0.012804,0.188759,0.312840,0.310084
0.125825,0.097345,0.017772,0.145677,0.184429,0.292445,0.151039,0.241275,0.318976,0.441108,0.011566,0.285595,0.237759,0.448202,0.490758,0.426247,0.013679,0.233482,0.086868,0.127475,0.049171,0.123765,0.336555,0.308066,0.466895,0.437812,0.375198,0.299693,-0.090840,-0.207264,0.430820,0.252363,0.091269,0.166916,1.073340,0.000000,0.289705,0.326717,0.282318,0.336855,0.138181,0.138981,0.655717,0.764344,0.502726,0.679691,0.625876,0.523113,0.467344,0.470536,0.582609,0.485443,0.417923,0.383107,0.511242,0.364482,0.056644,-0.087749,-0.067050,0.027489,0.202373,0.061836,-0.082882,-0.036207,0.795012,0.658383,0.352233,0.871839,0.079435,0.092947,0.016809,0.053422,0.043492,-0.016266,0.182073,0.112562,0.397425,0.355908,0.421195,-0.101143,0.443707,0.354727,0.019131,-0.006822,0.736055,0.553513,0.043286,0.190748,0.381321,0.457273
-0.275341,-0.291603,-0.355253,-0.285039,0.115978,0.149978,-0.157270,-0.159182,0.186100,0.277921,0.084040,0.029413,0.104283,0.244178,0.163173,0.128112,-0.075404,-0.021527,-0.386143,-0.350948,0.095070,0.043754,-0.189557,-0.172836,0.175035,0.160682,0.040897,0.051009,0.113871,-0.045687,-0.054865,-0.171300,-0.389731,-0.364454,0.239605,0.289705,0.000000,0.842928,0.682279,0.650708,0.515918,0.439518,0.261705,0.266780,0.155800,0.261804,0.421156,0.458163,0.313634,0.258048,0.451355,0.308390,0.264130,0.147614,0.420340,0.292361,-0.299831,-0.296386,-0.076467,-0.058204,-0.007653,-0.048375,-0.129521,-0.196832,0.180472,0.068659,-0.131915,0.114643,-0.338379,-0.289452,0.222794,0.123493,-0.020960,-0.079782,0.018850,-0.042095,0.306623,0.381393,0.548641,-0.149032,0.392326,0.262718,0.094508,-0.092827,0.732603,0.530893,0.170317,0.219564,0.102462,0.214908
-0.182802,-0.188145,-0.105939,-0.040806,0.107135,0.361793,0.031001,-0.052122,-0.022999,0.659507,-0.022784,-0.007631,0.111690,0.062115,0.130807,0.274376,-0.050063,-0.132625,-0.225538,-0.118967,0.483863,0.556412,-0.043620,0.039427,0.263430,0.262069,0.124771,0.324139,0.039142,0.012049,-0.012817,-0.075179,-0.137794,-0.133805,0.386535,0.326717,0.842928,0.000000,0.672328,0.763930,0.528243,0.656580,0.412853,0.410142,0.319152,0.419791,0.537322,0.594904,0.509970,0.430473,0.568277,0.561117,0.392786,0.296861,0.438470,0.393571,-0.238091,-0.184898,-0.108453,0.033468,0.173780,0.036642,0.005150,-0.127091,0.356506,0.379505,0.065795,0.295452,-0.193305,-0.197299,0.318988,0.315959,0.048207,0.056464,0.380434,0.229913,0.480739,0.650898,0.325099,0.140721,0.419977,0.394329,-0.160497,0.048519,0.789284,0.916537,-0.012181,0.498248,0.088532,0.389338
0.186109,0.179009,0.076706,0.094053,0.146244,0.308023,0.146879,0.090955,0.018125,0.430412,0.050577,0.125239,0.235502,0.316537,0.315517,0.465004,-0.080842,-0.147655,0.079484,0.135506,0.385131,0.338138,0.074375,0.163177,0.333336,0.272912,0.132475,0.266694,0.173616,-0.014413,0.151601,0.069006,-0.038089,0.034262,0.299240,0.282318,0.682279,0.672328,0.000000,1.021260,0.690538,0.592158,0.198694,0.218761,0.164912,0.388844,0.456277,0.329588,0.423482,0.409273,0.395946,0.426771,0.478363,0.226939,0.805535,0.504932,0.017171,0.126467,0.092010,0.265928,0.286207,0.250969,0.007327,0.019530,0.293385,0.391502,0.124916,0.310642,0.152166,-0.025609,0.318265,0.368022,0.353136,0.247443,0.325805,0.215803,0.592479,0.631053,0.533596,-0.084513,0.504227,0.320567,0.152534,0.258626,0.604025,0.408926,0.645239,0.516848,0.391525,0.420712
0.080064,0.001673,-0.047128,-0.098317,0.139818,0.323670,0.033660,-0.009887,0.028438,0.427363,0.051566,0.013349,0.249531,0.256925,0.303613,0.289476,0.028292,-0.063475,-0.079061,-0.011829,0.281066,0.325981,-0.049405,-0.012315,0.195084,0.211977,0.042155,0.194555,0.111223,-0.158316,0.049069,-0.016950,-0.079259,-0.039269,0.319951,0.336855,0.650708,0.763930,1.021260,0.000000,0.667577,0.699789,0.368909,0.372953,0.239569,0.393724,0.596847,0.570459,0.429944,0.420852,0.474500,0.500961,0.510244,0.396134,0.796004,0.710831,0.033149,-0.024681,0.005290,0.074529,0.163569,0.052788,0.041011,0.015544,0.243662,0.235105,0.085573,0.296420,-0.008982,-0.164183,0.155491,0.233762,0.223988,0.149740,0.349546,0.170944,0.431691,0.464069,0.588496,-0.211953,0.510570,0.336178,0.004201,0.090838,0.629540,0.540574,0.325866,0.506466,0.264686,0.491295
-0.091787,-0.168347,-0.141754,-0.116885,-0.236833,0.040552,0.056374,-0.056390,-0.259478,0.305761,0.255263,-0.049212,0.512089,0.205143,0.060973,0.225501,0.067079,-0.232595,-0.089254,-0.022189,0.238608,0.325538,-0.073000,-0.053699,0.025547,0.125520,-0.274329,-0.015240,0.268164,-0.163239,0.133045,0.062693,-0.182483,-0.117265,0.158562,0.138181,0.515918,0.528243,0.690538,0.667577,0.000000,0.989511,0.068632,0.053678,0.062180,0.058086,0.173954,0.188442,0.092260,0.029327,0.063624,0.099164,0.264619,-0.076058,0.372096,0.081238,-0.198681,-0.177393,-0.313266,-0.194705,0.105924,-0.191439,0.074201,-0.098454,0.125524,0.111476,-0.095652,0.079246,-0.207575,-0.222281,0.255260,0.362231,0.428295,0.251240,0.438947,0.201207,0.350989,0.368330,0.427086,-0.120749,0.417530,0.193154,-0.176867,0.018504,0.516264,0.393299,0.287038,0.338081,-0.099900,0.029940
-0.132056,-0.033557,-0.027271,0.018993,-0.102009,0.163959,0.085699,0.026687,-0.291498,0.444024,0.161821,0.010048,0.425964,0.151284,-0.018456,0.215983,0.141313,-0.096672,-0.068342,0.115747,0.471692,0.547806,-0.074646,0.007851,0.169375,0.193595,-0.183007,0.113037,0.194097,-0.017305,0.095231,0.086926,-0.008419,0.045848,0.220242,0.138981,0.439518,0.656580,0.592158,0.699789,0.989511,0.000000,0.127366,0.076412,0.164333,0.098510,0.220628,0.252248,0.204090,0.090485,0.121044,0.181893,0.248541,0.061393,0.372245,0.143159,-0.226866,-0.052447,-0.202135,-0.060850,0.110335,-0.065770,0.230844,0.013600,0.151787,0.209494,0.097683,0.173409,-0.158855,-0.216949,0.236012,0.319341,0.232876,0.234166,0.513171,0.291734,0.276858,0.314391,0.354074,0.125218,0.541631,0.304137,-0.216620,0.159334,0.647521,0.621539,0.050357,0.520277,-0.108675,0.096439
0.154749,0.058468,0.021982,0.050812,0.211865,0.202869,0.158168,0.161374,0.281561,0.339648,-0.043029,0.134357,0.096395,0.218406,0.412045,0.276871,0.078739,0.234688,0.140374,0.160168,0.039403,0.171410,0.255774,0.170887,0.260364,0.181334,0.297723,0.228392,0.011052,-0.075359,0.209996,0.120021,0.177511,0.170166,0.554381,0.655717,0.261705,0.412853,0.198694,0.368909,0.068632,0.127366,0.000000,1.319104,0.887621,0.634046,1.143984,1.156139,0.660945,0.461440,0.707914,0.450873,0.527870,0.491926,0.584855,0.635172,0.067358,-0.150071,-0.128173,-0.104208,0.096419,-0.060852,-0.088463,-0.130329,0.465698,0.301010,0.285641,0.481100,0.061402,0.183729,-0.091225,-0.015233,0.085846,0.012831,0.338910,0.211203,0.300601,0.311346,0.355075,0.086498,0.415882,0.385435,0.074125,0.052870,0.602406,0.430188,0.021505,0.247345,0.379753,0.403757
0.183819,0.093546,-0.004830,0.043697,0.179087,0.246264,0.122295,0.127290,0.309373,0.425021,-0.056666,0.129793,0.068805,0.245867,0.459913,0.365540,-0.018832,0.241269,0.149400,0.132135,-0.013569,0.156792,0.187988,0.161352,0.221533,0.174348,0.342765,0.281622,-0.075862,-0.169703,0.136423,0.034028,0.058991,0.075846,0.567119,0.764344,0.266780,0.410142,0.218761,0.372953,0.053678,0.076412,1.319104,0.000000,0.812534,0.835132,1.022720,0.987581,0.653128,0.629346,0.829497,0.664831,0.632597,0.558287,0.593423,0.668980,0.110225,-0.095990,-0.068093,-0.020936,0.164520,0.054577,-0.147184,-0.053131,0.451466,0.396848,0.281095,0.558310,0.146940,0.263320,-0.106404,0.015022,0.078890,0.016483,0.289696,0.242731,0.330403,0.342545,0.389939,0.044325,0.392247,0.502577,0.038514,0.014413,0.574827,0.482293,0.065337,0.210032,0.390873,0.490965
0.182342,0.219681,0.057333,0.146962,0.396931,0.273348,0.209737,0.168558,0.316034,0.304272,0.044482,0.190884,0.094852,0.174612,0.287533,0.233281,0.057577,0.420502,0.165570,0.207922,0.058942,0.175322,0.175549,0.119372,0.232162,0.189394,0.273265,0.315802,0.025197,-0.007805,0.180930,0.056851,0.274854,0.233708,0.392425,0.502726,0.155800,0.319152,0.164912,0.239569,0.062180,0.164333,0.887621,0.812534,0.000000,1.055641,0.639423,0.579258,0.927739,0.622560,0.474422,0.389725,0.274209,0.196730,0.366492,0.404888,0.119018,0.108393,0.098594,0.095880,0.256223,0.148645,0.153048,0.080899,0.463355,0.331146,0.449907,0.546250,0.153537,0.189415,0.012786,0.074832,0.006154,0.072589,0.226248,0.184205,0.303037,0.335604,0.318722,0.189632,0.413668,0.570838,0.108171,0.055089,0.412559,0.353990,0.059280,0.204014,0.235893,0.212839
0.322943,0.398590,0.162955,0.257810,0.502575,0.505768,0.298395,0.280985,0.436753,0.431701,0.023415,0.345879,0.114149,0.331264,0.437826,0.420438,-0.091385,0.348881,0.188063,0.217540,0.157043,0.251316,0.263912,0.250204,0.359209,0.382272,0.391201,0.479257,-0.045758,-0.027867,0.277851,0.088577,0.233902,0.227445,0.499249,0.679691,0.261804,0.419791,0.388844,0.393724,0.058086,0.098510,0.634046,0.835132,1.055641,0.000000,0.652736,0.505782,0.990069,1.091827,0.705030,0.738165,0.426330,0.367627,0.513573,0.512339,0.250794,0.319112,0.324127,0.458574,0.523753,0.449007,0.126803,0.258640,0.598133,0.589512,0.558815,0.769714,0.301392,0.173333,0.230277,0.321886,0.028686,0.111974,0.238259,0.242071,0.610348,0.672750,0.442292,0.055099,0.456635,0.676582,0.167725,0.100445,0.500719,0.374596,0.199863,0.192028,0.373099,0.375180
0.174104,0.165883,0.046815,0.077075,0.305700,0.352906,0.162872,0.174397,0.343168,0.410364,-0.051895,0.081462,0.095696,0.235164,0.463072,0.399548,0.035171,0.153923,0.108323,0.169445,0.101184,0.207540,0.257740,0.204761,0.335188,0.285551,0.431986,0.377903,0.096432,-0.105602,0.250554,0.159451,0.141727,0.178605,0.583917,0.625876,0.421156,0.537322,0.456277,0.596847,0.173954,0.220628,1.143984,1.022720,0.639423,0.652736,0.000000,1.208215,0.628851,0.571014,0.856900,0.599728,0.718046,0.679451,0.960671,0.934269,0.115218,-0.003125,-0.021175,0.044987,0.167639,0.073982,-0.079647,-0.071104,0.520765,0.368406,0.291711,0.526576,0.142979,0.187882,0.014059,0.095622,0.087584,-0.002338,0.282657,0.232967,0.337152,0.378980,0.469274,-0.005809,0.481052,0.395224,0.192460,0.172407,0.686298,0.410968,0.221891,0.404964,0.534456,0.522318
-0.008458,-0.027749,-0.047105,-0.006115,0.216823,0.223012,0.041951,0.037580,0.228413,0.337735,-0.135533,-0.009097,0.062718,0.130158,0.435299,0.288649,0.040424,0.169234,0.100657,0.157898,0.136981,0.236031,0.101430,0.065585,0.218489,0.185159,0.305044,0.306300,0.124111,-0.010763,0.074810,0.025336,-0.020647,0.018925,0.450919,0.523113,0.458163,0.594904,0.329588,0.570459,0.188442,0.252248,1.156139,0.987581,0.579258,0.505782,1.208215,0.000000,0.593673,0.478620,0.731981,0.521339,0.539948,0.553119,0.743347,0.942271,-0.123743,-0.200937,-0.163469,-0.122932,-0.044174,-0.117556,-0.127226,-0.207271,0.363096,0.214848,0.248014,0.433558,0.035977,0.187100,-0.057490,0.009130,0.040418,-0.012130,0.252965,0.148897,0.290623,0.345826,0.437531,0.090251,0.493888,0.393768,0.187309,0.169342,0.643807,0.492999,0.109465,0.493322,0.368019,0.553207
