0.000000,1.321839,0.323389,0.558337,0.421764,0.338214,0.459505,0.564524,0.412387,0.429141,0.972485,0.864687,0.789341,0.832712,0.719516,0.589147,0.738275,0.723473,0.857552,1.059612,-0.054419,-0.018437,0.335059,0.451057,0.251540,0.217245,0.327237,0.330999,0.769396,0.752476,0.198059,0.116145,0.755367,0.652235,0.232805,0.530001,0.095668,0.331738,0.285440,0.464461,0.061667,0.077951,0.472007,0.599722,0.596460,0.806827,0.828933,0.867597,1.007155,0.989359,1.023435,0.854961,1.123651,0.890593,1.028976,0.849658,1.147888,1.174742,1.113006,0.899517,0.701143,0.549240,0.873465,0.865764,-0.094837,0.271720,0.788570,0.788326,1.152637,1.034740,-0.056001,-0.167584,0.057507,0.122310,0.150940,0.092949,0.028415,-0.099859,0.807020,0.748241,0.932848,0.840061,0.532365,0.496030,0.725017,0.815115,0.285985,0.421209,0.758031,0.747180
1.321839,0.000000,0.358225,0.770986,0.455699,0.378140,0.347426,0.721590,0.338529,0.423904,0.689004,0.976347,0.655226,0.959654,0.538300,0.479747,0.825925,0.829380,0.831573,1.309379,-0.125119,-0.055589,0.385284,0.483560,0.216931,0.202272,0.248905,0.331472,0.810248,0.834665,0.268611,0.180185,0.935257,0.865225,0.327864,0.692482,0.125041,0.372490,0.303080,0.500701,0.016370,0.065119,0.481973,0.681150,0.806476,1.151962,1.047361,1.124821,1.019338,1.253512,1.012595,0.986471,1.211133,1.082873,1.117435,1.186916,1.648931,1.729437,1.234718,1.211787,0.552838,0.784324,0.893876,1.171372,-0.100784,0.278117,0.925721,1.002449,1.420950,1.332222,-0.083165,-0.205140,0.060339,0.156534,0.142977,0.140708,-0.049122,-0.156743,1.039971,0.810022,1.116407,0.886774,0.446565,0.401384,0.766741,0.965406,0.297103,0.436464,0.805732,1.034850
0.323389,0.358225,0.000000,0.802043,0.509757,0.394079,0.874626,0.522486,0.261153,0.290233,0.195115,0.221648,0.447578,0.410201,0.527563,0.302785,0.070102,0.213983,0.716716,0.443252,0.069482,0.114204,1.171873,0.729391,0.643201,0.510963,0.289378,0.534270,0.252762,0.123994,0.741343,0.738649,0.502542,0.454501,0.722549,0.588593,0.235815,0.413344,0.265942,0.423985,0.208408,0.265692,0.377268,0.314245,0.483758,0.435790,0.350682,0.424722,0.302054,0.235937,0.373336,0.244097,0.327605,0.400172,0.382255,0.367367,0.295214,0.326686,0.390973,0.410261,0.513708,0.399278,0.168585,0.296165,0.731752,0.505498,0.739135,0.473230,0.390879,0.345488,0.322581,0.281635,0.382228,0.302673,0.422920,0.349324,0.351160,0.239616,0.262381,0.298428,0.333008,0.306920,0.379740,0.215828,0.616881,0.486228,0.313578,0.470457,0.512610,0.527500
0.558337,0.770986,0.802043,0.000000,0.582368,0.489918,0.465396,1.173563,0.276114,0.416274,0.289161,0.554547,0.466995,0.731487,0.498219,0.488041,0.309272,0.385463,0.776029,0.809836,-0.152845,-0.057295,0.770645,0.974443,0.286774,0.337478,0.173400,0.445954,0.468882,0.415983,0.469733,0.504248,0.695878,0.831145,0.555746,0.702399,0.170330,0.396739,0.203174,0.460544,0.032005,0.186619,0.307661,0.372529,0.553484,0.706305,0.601360,0.618510,0.446068,0.622977,0.579161,0.587870,0.613364,0.702664,0.646053,0.686913,0.656614,0.637274,0.641200,1.003572,0.360980,1.088354,0.395635,0.654414,0.344222,0.671870,0.753509,0.795021,0.815302,0.710170,0.079057,-0.123350,0.213433,0.230876,0.215260,0.187633,0.009513,0.031315,0.599569,0.428274,0.603645,0.448095,0.474806,0.360909,0.753953,0.767461,0.369941,0.445167,0.566294,0.809209
0.421764,0.455699,0.509757,0.582368,0.000000,0.845824,0.465151,0.494508,0.914995,0.475946,0.350976,0.407673,0.437495,0.507915,0.604051,0.457479,0.380641,0.381094,0.543186,0.489532,0.114015,0.015970,0.482085,0.466962,0.303755,0.384564,0.781922,0.680831,0.520394,0.403856,0.420013,0.433717,0.505136,0.557722,0.448273,0.576865,0.003202,0.066849,0.141839,0.085569,0.041639,-0.080141,0.560022,0.510621,0.551163,0.558370,0.546759,0.522990,0.482481,0.390922,0.459216,0.430990,0.479069,0.532524,0.514746,0.391657,0.499648,0.455316,0.459390,0.543310,0.369722,0.489074,0.370759,0.436338,0.164733,0.361457,0.580859,0.561759,0.521624,0.461235,-0.019695,-0.019255,0.134989,0.112372,0.344703,0.368926,0.249135,0.183631,0.486763,0.556959,0.524016,0.501895,0.288277,0.354360,0.466233,0.507513,0.035665,0.236661,0.482357,0.311893
0.338214,0.378140,0.394079,0.489918,0.845824,0.000000,0.385323,0.466340,0.490707,0.837813,0.354016,0.425944,0.330948,0.403890,0.568499,0.529842,0.287973,0.325974,0.489938,0.496495,0.064892,0.116418,0.295698,0.354101,0.325891,0.441074,0.444599,0.800417,0.458606,0.301531,0.327031,0.362642,0.428976,0.499999,0.270019,0.366410,0.277616,0.142496,0.240139,0.072042,-0.067492,0.033221,0.336659,0.432418,0.346489,0.409919,0.398882,0.397373,0.405015,0.350690,0.376700,0.322511,0.341041,0.353167,0.437010,0.363122,0.384183,0.357959,0.392475,0.437392,0.384050,0.406004,0.354284,0.351932,0.179679,0.298014,0.427182,0.418782,0.409179,0.320093,0.201925,0.193767,0.161570,0.043404,0.359167,0.285402,0.317037,0.246212,0.478171,0.487560,0.440876,0.451733,0.278247,0.311700,0.448661,0.410094,0.148781,0.269639,0.593940,0.271761
0.459505,0.347426,0.874626,0.465396,0.465151,0.385323,0.000000,0.620684,0.466202,0.364955,0.397829,0.188676,0.579334,0.262565,0.389329,0.238543,0.188758,0.231083,0.431758,0.295987,0.106748,0.154067,0.635057,0.451327,0.535740,0.562370,0.340077,0.460791,0.290611,0.140962,0.429144,0.460988,0.414101,0.375141,0.516364,0.559613,0.255858,0.375747,0.202259,0.334654,0.202118,0.255288,0.555315,0.419460,0.457392,0.383612,0.448346,0.395986,0.516384,0.279025,0.440559,0.228556,0.367126,0.332294,0.358703,0.215370,0.319004,0.366478,0.513726,0.334375,0.915310,0.237177,0.258794,0.229621,0.433700,0.368944,0.805985,0.462990,0.346037,0.372800,0.376293,0.453053,0.463963,0.365253,0.409907,0.339593,0.561993,0.442443,0.274709,0.290571,0.330846,0.273721,0.299323,0.181840,0.372117,0.300564,0.246221,0.226631,0.480455,0.280400
0.564524,0.721590,0.522486,1.173563,0.494508,0.466340,0.620684,0.000000,0.372985,0.539125,0.360333,0.554069,0.509477,0.693011,0.409173,0.435267,0.372374,0.311753,0.501531,0.614539,-0.181015,-0.042487,0.504598,0.690125,0.260917,0.392742,0.149641,0.383200,0.489822,0.379086,0.307067,0.348692,0.567051,0.757527,0.439332,0.676478,0.178163,0.426771,0.162467,0.403722,-0.026983,0.206075,0.422805,0.465304,0.553443,0.677895,0.687096,0.606868,0.559204,0.695382,0.595246,0.588656,0.575090,0.639600,0.561779,0.591179,0.604649,0.597952,0.647157,0.896777,0.489237,0.875523,0.452007,0.546889,0.223445,0.529033,0.744802,0.736807,0.694233,0.705284,0.139050,0.007223,0.269424,0.188336,0.197811,0.074369,0.087832,0.128361,0.629343,0.382161,0.584622,0.332997,0.430259,0.285473,0.577794,0.583170,0.324036,0.302022,0.527058,0.580633
0.412387,0.338529,0.261153,0.276114,0.914995,0.490707,0.466202,0.372985,0.000000,0.439121,0.361257,0.288065,0.495986,0.330798,0.569019,0.385491,0.236301,0.303545,0.309365,0.296918,0.088185,-0.094248,0.160631,0.223827,0.132311,0.192632,0.870015,0.403384,0.382411,0.337910,0.045647,0.090119,0.256730,0.262676,0.167731,0.278224,-0.161242,-0.001033,0.100415,0.001520,0.072500,-0.206830,0.424805,0.411049,0.326777,0.340719,0.390471,0.397862,0.542411,0.356115,0.384450,0.301244,0.384615,0.348187,0.387122,0.223437,0.312249,0.332734,0.354999,0.309311,0.407176,0.203347,0.278639,0.248314,0.022179,0.169102,0.401047,0.337677,0.302956,0.308785,0.001032,-0.001841,-0.035228,-0.060197,0.059288,0.223814,0.157963,0.104893,0.310934,0.350229,0.300616,0.298280,0.217294,0.305798,0.200694,0.206855,-0.134374,-0.018601,0.371667,0.132437
0.429141,0.423904,0.290233,0.416274,0.475946,0.837813,0.364955,0.539125,0.439121,0.000000,0.332469,0.541022,0.366529,0.397537,0.500233,0.566463,0.347861,0.325200,0.383345,0.510253,-0.041627,0.026651,0.144717,0.320030,0.245234,0.433072,0.261700,0.496763,0.442954,0.364881,0.189047,0.165597,0.398707,0.444813,0.136768,0.310888,0.243538,0.232677,0.288772,0.135692,-0.033982,-0.011327,0.196839,0.363628,0.231206,0.386199,0.304515,0.327922,0.491314,0.467269,0.503949,0.524783,0.376694,0.358477,0.448851,0.391123,0.364205,0.378039,0.467330,0.407668,0.367808,0.291403,0.302393,0.335808,0.044013,0.173980,0.398979,0.418803,0.412012,0.338207,0.156987,0.016861,0.142665,-0.002052,0.234553,0.120443,0.167503,0.131675,0.563351,0.435791,0.424654,0.424066,0.307856,0.347198,0.305876,0.341434,0.143989,0.168714,0.532365,0.287951
0.972485,0.689004,0.195115,0.289161,0.350976,0.354016,0.397829,0.360333,0.361257,0.332469,0.000000,0.823478,0.989807,0.774779,0.798236,0.678995,0.710856,0.688211,0.652981,0.688387,0.102909,0.034802,0.202350,0.281373,0.191917,0.213547,0.250319,0.332308,0.781182,0.757587,0.223857,0.122785,0.667408,0.592755,0.119322,0.330553,0.188989,0.131980,0.304098,0.299450,0.118817,0.072030,0.391781,0.528525,0.388304,0.528462,0.567885,0.573350,0.657066,0.667518,0.633190,0.536431,0.655429,0.512280,0.582086,0.491189,0.659392,0.608179,0.600980,0.585771,0.699562,0.448267,0.940737,0.694732,-0.006905,0.348600,0.531699,0.562599,0.648147,0.634472,0.040850,-0.056628,0.101113,0.104381,0.136315,0.212865,0.009823,-0.020264,0.688660,0.800978,0.777634,0.810152,0.447933,0.555616,0.694216,0.637809,0.152818,0.453085,0.482680,0.402097
0.864687,0.976347,0.221648,0.554547,0.407673,0.425944,0.188676,0.554069,0.288065,0.541022,0.823478,0.000000,0.702223,1.115626,0.591524,0.682478,0.730337,0.875740,0.666079,0.935319,-0.056196,-0.095825,0.197811,0.375629,0.075850,0.109206,0.127746,0.259758,0.685065,0.896493,0.152934,0.029455,0.725927,0.720908,0.082505,0.373866,0.125821,0.169484,0.275030,0.326279,0.033368,0.006403,0.240706,0.411305,0.385923,0.665288,0.569554,0.626697,0.640476,0.876183,0.728107,0.893296,0.908813,0.772521,0.727195,0.814213,0.843994,0.771367,0.713061,0.862952,0.431248,0.769154,0.873365,1.057741,-0.136855,0.345146,0.525109,0.690045,0.839244,0.791126,-0.215424,-0.323092,-0.003816,0.180380,0.050495,0.160355,-0.148567,-0.135156,0.805294,0.824634,0.791078,0.866776,0.354494,0.554708,0.682661,0.742726,0.119625,0.533384,0.449016,0.721414
0.789341,0.655226,0.447578,0.466995,0.437495,0.330948,0.579334,0.509477,0.495986,0.366529,0.989807,0.702223,0.000000,0.961257,0.962604,0.668844,0.520960,0.671736,0.696417,0.648451,0.163297,0.098531,0.401516,0.405960,0.279941,0.290193,0.304646,0.391376,0.718259,0.721401,0.422397,0.313289,0.840638,0.705547,0.231693,0.403795,0.203595,0.188020,0.486982,0.478651,0.221788,0.184158,0.518325,0.680758,0.536148,0.618267,0.587308,0.681827,0.753138,0.668971,0.725782,0.578168,0.645648,0.609492,0.632459,0.625341,0.590837,0.587396,0.646630,0.619836,0.751328,0.498367,0.837841,0.703379,0.196165,0.470034,0.694506,0.675819,0.665426,0.566731,0.092550,0.005252,0.221184,0.207867,0.239596,0.303705,0.143107,0.118807,0.707090,0.817085,0.711282,0.708926,0.517633,0.627360,0.751505,0.738476,0.195449,0.616345,0.490315,0.556330
0.832712,0.959654,0.410201,0.731487,0.507915,0.403890,0.262565,0.693011,0.330798,0.397537,0.774779,1.115626,0.961257,0.000000,0.869917,0.749564,0.777281,0.694553,0.855274,0.982621,0.045716,-0.001291,0.435659,0.513864,0.215709,0.163850,0.222139,0.365402,0.965658,0.897953,0.387334,0.278873,0.929977,0.883994,0.270495,0.490359,0.181387,0.178909,0.405524,0.450665,0.074526,0.096014,0.458852,0.618871,0.659079,0.884645,0.777393,0.871786,0.728646,0.904694,0.776259,0.799917,0.827544,0.864164,0.793443,1.013998,0.882085,0.726394,0.694616,0.928855,0.465090,0.862157,1.021980,1.049898,0.123589,0.456191,0.665183,0.773935,0.935841,0.798595,-0.131324,-0.267596,0.113259,0.136591,0.205672,0.190840,-0.094793,-0.119238,0.951782,0.856379,1.004712,0.785868,0.552601,0.603064,0.989076,1.083526,0.221653,0.637981,0.515662,0.863242
0.719516,0.538300,0.527563,0.498219,0.604051,0.568499,0.389329,0.409173,0.569019,0.500233,0.798236,0.591524,0.962604,0.869917,0.000000,0.928866,0.392706,0.496894,0.871388,0.715062,0.229980,0.139953,0.500253,0.512255,0.353789,0.272910,0.421881,0.619079,0.736175,0.552846,0.400568,0.407578,0.664146,0.579219,0.304548,0.371975,0.202669,0.173568,0.434007,0.307978,0.176710,0.114762,0.421119,0.560897,0.434430,0.525873,0.496237,0.602716,0.546328,0.532475,0.583238,0.459196,0.532153,0.502852,0.575876,0.553429,0.492621,0.467126,0.464420,0.561064,0.489880,0.453055,0.577719,0.529766,0.339141,0.506194,0.490686,0.480461,0.603375,0.408706,0.123847,0.021979,0.147953,0.034759,0.331784,0.212452,0.080635,0.019289,0.634796,0.690845,0.680956,0.675731,0.635966,0.651720,0.928761,0.794194,0.223601,0.592845,0.620484,0.484285
0.589147,0.479747,0.302785,0.488041,0.457479,0.529842,0.238543,0.435267,0.385491,0.566463,0.678995,0.682478,0.668844,0.749564,0.928866,0.000000,0.425957,0.634404,0.595214,0.641246,0.260212,0.146168,0.341204,0.598911,0.203254,0.275679,0.317637,0.505677,0.586757,0.708159,0.278252,0.263836,0.540362,0.539462,0.103785,0.203331,0.253418,0.126739,0.536398,0.364574,0.009408,0.096234,0.203579,0.392207,0.248161,0.429376,0.391852,0.482569,0.530346,0.530648,0.659056,0.561801,0.574937,0.494878,0.618609,0.517140,0.479256,0.443959,0.451254,0.525972,0.410917,0.505842,0.530968,0.512165,0.246631,0.556322,0.394725,0.462077,0.611210,0.441543,0.043364,-0.191663,-0.087577,-0.003718,0.072612,0.026400,-0.094573,-0.043746,0.525320,0.697052,0.518198,0.800386,0.456019,0.817041,0.686698,0.727773,0.022580,0.529850,0.477003,0.476124
0.738275,0.825925,0.070102,0.309272,0.380641,0.287973,0.188758,0.372374,0.236301,0.347861,0.710856,0.730337,0.520960,0.777281,0.392706,0.425957,0.000000,0.751645,0.367109,0.658714,0.127378,0.134211,0.120786,0.173596,0.073733,0.096610,0.247667,0.200205,1.017246,0.942878,0.242573,0.144109,0.748624,0.622631,0.127043,0.402895,0.213758,0.087888,0.366533,0.359272,0.099049,0.022957,0.488176,0.623017,0.650433,0.763669,0.776849,0.716062,0.717107,0.709096,0.679116,0.677344,0.722290,0.678068,0.676828,0.714561,1.026273,0.791347,0.685111,0.635244,0.490766,0.477665,1.085857,0.918625,-0.211214,0.136359,0.572513,0.695663,0.806517,0.711422,-0.120341,-0.265846,0.131922,0.137543,0.117222,0.162153,0.038503,-0.010846,1.015656,0.920433,1.073923,0.824360,0.475542,0.500781,0.507548,0.625649,0.210769,0.338285,0.394803,0.521186
0.723473,0.829380,0.213983,0.385463,0.381094,0.325974,0.231083,0.311753,0.303545,0.325200,0.688211,0.875740,0.671736,0.694553,0.496894,0.634404,0.751645,0.000000,0.437802,0.703506,0.285209,0.144710,0.185708,0.315003,0.051972,0.115036,0.226292,0.248542,0.736160,1.126691,0.298374,0.196089,0.970460,0.793300,0.125643,0.378183,0.167508,0.121663,0.614758,0.426285,0.194831,0.017270,0.390654,0.567884,0.567684,0.744219,0.638967,0.817139,0.759819,0.789257,0.783978,0.704104,0.819541,0.718768,0.717035,0.735793,0.927202,0.924587,0.688141,0.715922,0.499738,0.602155,0.932115,1.055976,-0.096052,0.323106,0.577840,0.733101,0.767035,0.793159,-0.134605,-0.223513,0.007168,0.247798,0.048503,0.262603,-0.126638,-0.084229,0.721113,1.195450,0.807283,1.302809,0.307738,0.692390,0.596222,0.733110,0.110472,0.597324,0.429563,0.604091
0.857552,0.831573,0.716716,0.776029,0.543186,0.489938,0.431758,0.501531,0.309365,0.383345,0.652981,0.666079,0.696417,0.855274,0.871388,0.595214,0.367109,0.437802,0.000000,1.137574,-0.086320,-0.082127,0.724618,0.719982,0.385254,0.267854,0.267374,0.531434,0.593819,0.476106,0.387304,0.312545,0.681081,0.644653,0.548920,0.606478,0.292619,0.345884,0.227305,0.350026,0.052245,0.107571,0.444201,0.489527,0.504640,0.604652,0.642748,0.708733,0.515008,0.600501,0.558373,0.502754,0.654257,0.665641,0.677268,0.720391,0.694609,0.672982,0.671575,0.739509,0.447075,0.614683,0.534478,0.594354,0.333835,0.520641,0.707224,0.611641,0.847687,0.647542,0.017766,-0.075831,0.157696,0.158184,0.360786,0.270218,0.157102,0.022334,0.646993,0.630738,0.692234,0.604378,0.485085,0.325586,0.965880,0.842221,0.320191,0.529815,0.767519,0.744428
1.059612,1.309379,0.443252,0.809836,0.489532,0.496495,0.295987,0.614539,0.296918,0.510253,0.688387,0.935319,0.648451,0.982621,0.715062,0.641246,0.658714,0.703506,1.137574,0.000000,-0.101396,-0.046699,0.456362,0.500847,0.194005,0.150131,0.156955,0.352999,0.868351,0.856816,0.285750,0.217050,0.886784,0.809806,0.317240,0.545239,0.165008,0.368496,0.343788,0.494793,0.057591,0.109721,0.343995,0.518227,0.569342,0.829031,0.727113,0.830100,0.722486,0.862938,0.746976,0.721713,0.836753,0.793644,0.848067,0.940610,1.087532,1.039341,0.913942,0.966415,0.496183,0.753365,0.821550,0.930061,0.074393,0.346108,0.726296,0.733284,1.274576,0.927330,0.011559,-0.173207,0.105751,0.144694,0.228303,0.150636,-0.021495,-0.075416,0.982419,0.826359,0.949018,0.819415,0.534014,0.478861,0.864834,0.959470,0.289690,0.539747,0.775443,0.961418
-0.054419,-0.125119,0.069482,-0.152845,0.114015,0.064892,0.106748,-0.181015,0.088185,-0.041627,0.102909,-0.056196,0.163297,0.045716,0.229980,0.260212,0.127378,0.285209,-0.086320,-0.101396,0.000000,0.588654,0.051097,0.002569,0.128889,0.125077,0.192979,0.266276,0.243484,0.237349,0.288654,0.327093,0.182095,0.073111,-0.066150,-0.085130,0.223053,-0.275363,0.628061,0.131163,0.299167,0.274022,0.122836,0.065643,0.072160,0.023631,-0.004742,0.052777,0.093076,-0.068679,0.073994,-0.092007,-0.060468,-0.076157,-0.052148,-0.075960,-0.012868,-0.029143,-0.068789,-0.131230,0.188569,-0.090863,0.184978,0.016762,0.185932,0.156483,-0.012447,-0.044219,-0.045089,-0.118405,0.124863,0.093415,0.144584,0.130874,-0.009133,0.029132,-0.002742,0.115204,0.040505,0.312615,0.142746,0.320706,-0.011143,0.366765,0.108042,0.205390,-0.283947,0.371068,-0.085617,-0.070477
-0.018437,-0.055589,0.114204,-0.057295,0.015970,0.116418,0.154067,-0.042487,-0.094248,0.026651,0.034802,-0.095825,0.098531,-0.001291,0.139953,0.146168,0.134211,0.144710,-0.082127,-0.046699,0.588654,0.000000,0.156492,0.098197,0.316274,0.366440,-0.023906,0.302959,0.058765,0.060479,0.432879,0.453279,0.201035,0.140210,0.116323,0.126355,0.356487,0.088900,0.461890,0.231268,0.312796,0.341930,0.175168,0.170114,0.150774,0.078175,0.027181,0.069724,0.070452,-0.020449,0.173306,0.007069,0.050915,0.016777,0.004295,0.016849,0.087982,0.034414,0.039397,-0.016093,0.168898,-0.047336,0.048028,-0.000934,0.173640,0.176375,0.182689,0.114878,0.090342,-0.031870,0.399573,0.286548,0.216964,0.051833,0.188899,0.036234,0.214547,0.278705,0.125638,0.237860,0.154203,0.218821,0.141704,0.143397,0.183611,0.193960,0.160898,0.374022,0.143593,0.036115
0.335059,0.385284,1.171873,0.770645,0.482085,0.295698,0.635057,0.504598,0.160631,0.144717,0.202350,0.197811,0.401516,0.435659,0.500253,0.341204,0.120786,0.185708,0.724618,0.456362,0.051097,0.156492,0.000000,1.102451,0.970230,0.722626,0.327313,0.663183,0.195741,0.095741,0.908363,0.895760,0.499842,0.474112,0.993882,0.658753,0.320398,0.339819,0.289034,0.341122,0.159285,0.267487,0.447887,0.372134,0.501927,0.417515,0.423159,0.428561,0.221458,0.218974,0.353742,0.234367,0.388062,0.429334,0.392856,0.345444,0.365953,0.342742,0.353458,0.437258,0.370380,0.419383,0.142570,0.261934,0.858589,0.730178,0.693647,0.474178,0.432055,0.331778,0.260765,0.181285,0.307930,0.204926,0.445993,0.223703,0.313828,0.230281,0.267004,0.298219,0.332388,0.310956,0.355502,0.154354,0.718663,0.590808,0.299704,0.439787,0.557589,0.502836
0.451057,0.483560,0.729391,0.974443,0.466962,0.354101,0.451327,0.690125,0.223827,0.320030,0.281373,0.375629,0.405960,0.513864,0.512255,0.598911,0.173596,0.315003,0.719982,0.500847,0.002569,0.098197,1.102451,0.000000,0.682373,0.664888,0.307880,0.649860,0.217773,0.196526,0.653137,0.672882,0.542110,0.625988,0.734142,0.625566,0.284405,0.258061,0.267413,0.300504,0.010096,0.076678,0.343724,0.376114,0.373592,0.426018,0.473162,0.484450,0.300831,0.402834,0.469624,0.414531,0.524633,0.560851,0.459479,0.430606,0.466252,0.438184,0.436547,0.641196,0.273211,0.634570,0.174055,0.328808,0.622656,0.976253,0.635352,0.577501,0.590186,0.486786,0.078503,-0.107715,0.081359,0.005824,0.152649,-0.006334,0.075334,0.071499,0.331223,0.371824,0.390489,0.413467,0.365412,0.262946,0.738671,0.677394,0.275796,0.370335,0.624247,0.527560
0.251540,0.216931,0.643201,0.286774,0.303755,0.325891,0.535740,0.260917,0.132311,0.245234,0.191917,0.075850,0.279941,0.215709,0.353789,0.203254,0.073733,0.051972,0.385254,0.194005,0.128889,0.316274,0.970230,0.682373,0.000000,1.223065,0.415954,0.807728,0.045961,-0.063328,0.783728,0.730115,0.287543,0.267094,0.790136,0.508223,0.321691,0.186216,0.225597,0.094611,0.059766,0.215644,0.374903,0.320682,0.305385,0.232523,0.267960,0.214118,0.176608,0.115321,0.291506,0.138810,0.229308,0.231240,0.192564,0.098005,0.215351,0.185743,0.217519,0.152520,0.319995,0.041255,0.053640,0.011482,0.724308,0.511544,0.526476,0.292948,0.201912,0.150618,0.374311,0.392938,0.219472,0.022772,0.351777,0.049675,0.422120,0.288530,0.159912,0.202909,0.166015,0.189101,0.166895,0.001174,0.444111,0.343225,0.149170,0.241247,0.471915,0.172560
0.217245,0.202272,0.510963,0.337478,0.384564,0.441074,0.562370,0.392742,0.192632,0.433072,0.213547,0.109206,0.290193,0.163850,0.272910,0.275679,0.096610,0.115036,0.267854,0.150131,0.125077,0.366440,0.722626,0.664888,1.223065,0.000000,0.375289,0.937372,0.077411,0.009224,0.752983,0.746231,0.331199,0.380342,0.618064,0.572809,0.352686,0.184012,0.264595,0.100627,-0.016545,0.193526,0.355713,0.362491,0.270694,0.233495,0.252493,0.205460,0.227087,0.164631,0.356069,0.230388,0.275243,0.232489,0.255052,0.120006,0.234993,0.219131,0.264195,0.198182,0.300960,0.085553,0.039388,0.037547,0.497747,0.509417,0.541699,0.374419,0.237109,0.196671,0.391397,0.309901,0.206299,-0.006210,0.340830,0.077875,0.444131,0.367917,0.227949,0.268378,0.209007,0.267232,0.157977,0.082097,0.336994,0.296096,0.157375,0.213415,0.446450,0.122746
0.327237,0.248905,0.289378,0.173400,0.781922,0.444599,0.340077,0.149641,0.870015,0.261700,0.250319,0.127746,0.304646,0.222139,0.421881,0.317637,0.247667,0.226292,0.267374,0.156955,0.192979,-0.023906,0.327313,0.307880,0.415954,0.375289,0.000000,0.611064,0.293199,0.207254,0.207626,0.189297,0.180940,0.127817,0.296950,0.227914,-0.042809,-0.094403,0.137609,-0.049025,-0.022435,-0.126673,0.403740,0.360686,0.305487,0.224318,0.328016,0.311984,0.361922,0.145575,0.336875,0.175640,0.342653,0.286712,0.414424,0.150195,0.267665,0.309855,0.249372,0.145381,0.218572,0.002118,0.177863,0.130643,0.137307,0.167633,0.377905,0.282870,0.235588,0.232317,-0.063577,0.010046,-0.072606,-0.062810,0.067038,0.143990,0.194436,0.081428,0.175548,0.295060,0.259115,0.352529,0.180889,0.320922,0.236755,0.246815,-0.243676,-0.053216,0.318726,0.048377
0.330999,0.331472,0.534270,0.445954,0.680831,0.800417,0.460791,0.383200,0.403384,0.496763,0.332308,0.259758,0.391376,0.365402,0.619079,0.505677,0.200205,0.248542,0.531434,0.352999,0.266276,0.302959,0.663183,0.649860,0.807728,0.937372,0.611064,0.000000,0.336700,0.161784,0.679511,0.709468,0.486264,0.488156,0.549339,0.550318,0.389845,0.160253,0.339097,0.122227,0.034355,0.163905,0.424620,0.464125,0.390750,0.385733,0.387167,0.404815,0.359513,0.306768,0.458247,0.299455,0.391280,0.370027,0.405868,0.301979,0.380959,0.369933,0.381502,0.372666,0.350992,0.273886,0.208031,0.214346,0.447568,0.562540,0.578890,0.471712,0.388830,0.292024,0.261243,0.201460,0.200679,0.053017,0.382854,0.171291,0.325712,0.247084,0.371917,0.433385,0.422617,0.460960,0.279029,0.280875,0.568792,0.535471,0.118004,0.355430,0.553003,0.257080
0.769396,0.810248,0.252762,0.468882,0.520394,0.458606,0.290611,0.489822,0.382411,0.442954,0.781182,0.685065,0.718259,0.965658,0.736175,0.586757,1.017246,0.736160,0.593819,0.868351,0.243484,0.058765,0.195741,0.217773,0.045961,0.077411,0.293199,0.336700,0.000000,1.158119,0.320100,0.267077,0.952354,0.800575,0.124972,0.404704,0.250397,0.165824,0.528856,0.496322,0.183619,0.193532,0.438388,0.649428,0.669594,0.773558,0.747998,0.799721,0.817313,0.717025,0.691833,0.582256,0.645015,0.615879,0.727207,0.777260,0.832085,0.779253,0.694686,0.647524,0.550149,0.545095,1.087327,0.911774,-0.052194,0.167037,0.551044,0.606194,0.833099,0.678735,-0.039285,-0.161243,0.243638,0.165555,0.204392,0.220798,-0.022224,-0.037905,1.028395,0.966342,1.235769,0.898314,0.626323,0.784041,0.649391,0.786070,0.212313,0.471385,0.456742,0.563691
0.752476,0.834665,0.123994,0.415983,0.403856,0.301531,0.140962,0.379086,0.337910,0.364881,0.757587,0.896493,0.721401,0.897953,0.552846,0.708159,0.942878,1.126691,0.476106,0.856816,0.237349,0.060479,0.095741,0.196526,-0.063328,0.009224,0.207254,0.161784,1.158119,0.000000,0.191463,0.097750,0.868188,0.743047,-0.018131,0.266906,0.073924,0.095201,0.539912,0.488856,0.138309,0.093339,0.236949,0.463165,0.471757,0.661877,0.548037,0.667633,0.718561,0.734012,0.699557,0.687647,0.703971,0.577992,0.692457,0.691781,0.833352,0.777610,0.649813,0.641867,0.466487,0.590394,1.028636,1.026432,-0.165594,0.170593,0.460600,0.584264,0.859985,0.715815,-0.140876,-0.317548,0.040307,0.192295,0.020187,0.172496,-0.225117,-0.183551,0.960076,1.118837,0.973670,1.124760,0.530793,0.985970,0.567150,0.701763,0.077905,0.482299,0.331341,0.565199
0.198059,0.268611,0.741343,0.469733,0.420013,0.327031,0.429144,0.307067,0.045647,0.189047,0.223857,0.152934,0.422397,0.387334,0.400568,0.278252,0.242573,0.298374,0.387304,0.285750,0.288654,0.432879,0.908363,0.653137,0.783728,0.752983,0.207626,0.679511,0.320100,0.191463,0.000000,1.458946,0.758040,0.740164,0.691494,0.626456,0.385599,0.189575,0.443983,0.312999,0.181852,0.246262,0.375473,0.445926,0.536147,0.478242,0.343566,0.408956,0.290478,0.258606,0.356918,0.267755,0.270735,0.358048,0.280644,0.317413,0.372033,0.306628,0.314989,0.359555,0.419661,0.363361,0.236644,0.323108,0.572583,0.549004,0.637893,0.538698,0.338940,0.302350,0.305760,0.162920,0.245360,0.040028,0.348286,0.192007,0.233558,0.227385,0.343468,0.429443,0.393379,0.402383,0.285641,0.227797,0.557470,0.558327,0.322857,0.592324,0.421570,0.363183
0.116145,0.180185,0.738649,0.504248,0.433717,0.362642,0.460988,0.348692,0.090119,0.165597,0.122785,0.029455,0.313289,0.278873,0.407578,0.263836,0.144109,0.196089,0.312545,0.217050,0.327093,0.453279,0.895760,0.672882,0.730115,0.746231,0.189297,0.709468,0.267077,0.097750,1.458946,0.000000,0.634003,0.649146,0.689405,0.585657,0.339336,0.229782,0.433362,0.303290,0.212782,0.309557,0.347883,0.348617,0.469103,0.381660,0.275559,0.339778,0.204287,0.150525,0.289168,0.170108,0.205621,0.276403,0.208574,0.245469,0.272743,0.232357,0.251801,0.323087,0.360182,0.337979,0.142232,0.229241,0.603300,0.537993,0.545337,0.430838,0.278403,0.212480,0.417073,0.247413,0.289582,0.025997,0.389327,0.201721,0.276159,0.278062,0.280577,0.324700,0.337368,0.310730,0.309938,0.193736,0.500636,0.468522,0.370765,0.473055,0.403501,0.292197
0.755367,0.935257,0.502542,0.695878,0.505136,0.428976,0.414101,0.567051,0.256730,0.398707,0.667408,0.725927,0.840638,0.929977,0.664146,0.540362,0.748624,0.970460,0.681081,0.886784,0.182095,0.201035,0.499842,0.542110,0.287543,0.331199,0.180940,0.486264,0.952354,0.868188,0.758040,0.634003,0.000000,1.645516,0.427157,0.730862,0.317013,0.351636,0.584599,0.595602,0.192428,0.185947,0.553208,0.813663,0.902623,1.127529,0.845161,1.096683,0.913021,0.959696,0.894251,0.806315,0.852124,0.896090,0.797481,0.987082,1.056283,1.015671,0.914004,1.005755,0.636699,0.853362,0.922572,1.137458,0.121877,0.456784,0.999874,1.122058,1.028497,1.006390,-0.005647,-0.176263,0.215200,0.160843,0.221026,0.250493,0.010078,-0.010148,0.929441,1.032276,1.110627,1.029690,0.486416,0.580101,0.921656,1.042391,0.405600,0.724166,0.675296,0.861201
0.652235,0.865225,0.454501,0.831145,0.557722,0.499999,0.375141,0.757527,0.262676,0.444813,0.592755,0.720908,0.705547,0.883994,0.579219,0.539462,0.622631,0.793300,0.644653,0.809806,0.073111,0.140210,0.474112,0.625988,0.267094,0.380342,0.127817,0.488156,0.800575,0.743047,0.740164,0.649146,1.645516,0.000000,0.486496,0.800675,0.251744,0.295584,0.399042,0.419444,0.092904,0.120223,0.483390,0.691881,0.778640,1.048274,0.774679,0.916536,0.765277,0.954631,0.769720,0.825774,0.748912,0.836792,0.666168,0.865307,0.922664,0.865959,0.783162,1.108642,0.555999,1.053584,0.784457,1.036673,0.143071,0.558772,0.937225,1.164547,0.937106,0.993108,-0.001585,-0.187985,0.187012,0.133016,0.197932,0.212593,-0.036064,-0.004019,0.887688,0.876554,0.950724,0.847851,0.373092,0.447520,0.868466,0.954178,0.386882,0.645567,0.604271,0.744706
0.232805,0.327864,0.722549,0.555746,0.448273,0.270019,0.516364,0.439332,0.167731,0.136768,0.119322,0.082505,0.231693,0.270495,0.304548,0.103785,0.127043,0.125643,0.548920,0.317240,-0.066150,0.116323,0.993882,0.734142,0.790136,0.618064,0.296950,0.549339,0.124972,-0.018131,0.691494,0.689405,0.427157,0.486496,0.000000,1.050336,0.296816,0.334244,0.050409,0.097610,0.132000,0.066401,0.622311,0.446793,0.642613,0.490497,0.521831,0.438849,0.214402,0.274652,0.242364,0.208692,0.265311,0.400601,0.228987,0.226529,0.358754,0.295576,0.305031,0.454885,0.266828,0.391828,0.057617,0.209704,0.646061,0.629995,0.752277,0.550144,0.354830,0.375346,0.183367,0.205617,0.332651,0.188741,0.470387,0.234016,0.317015,0.256566,0.278576,0.247399,0.322684,0.209894,0.227295,-0.082691,0.614867,0.472436,0.374255,0.200658,0.501763,0.316568
0.530001,0.692482,0.588593,0.702399,0.576865,0.366410,0.559613,0.676478,0.278224,0.310888,0.330553,0.373866,0.403795,0.490359,0.371975,0.203331,0.402895,0.378183,0.606478,0.545239,-0.085130,0.126355,0.658753,0.625566,0.508223,0.572809,0.227914,0.550318,0.404704,0.266906,0.626456,0.585657,0.730862,0.800675,1.050336,0.000000,0.310968,0.422997,0.133436,0.300029,0.120039,0.160273,0.665116,0.631304,0.896544,0.906272,0.769298,0.742526,0.606080,0.711854,0.595959,0.603090,0.591350,0.728360,0.540867,0.571169,0.738718,0.673178,0.739651,0.833337,0.445834,0.632008,0.338073,0.534797,0.259690,0.535225,1.064160,0.926336,0.687548,0.759909,0.085699,0.011071,0.303529,0.196779,0.419513,0.243584,0.220009,0.135477,0.575039,0.478321,0.702579,0.486519,0.318270,0.115627,0.663949,0.701214,0.482186,0.357681,0.684635,0.575597
0.095668,0.125041,0.235815,0.170330,0.003202,0.277616,0.255858,0.178163,-0.161242,0.243538,0.188989,0.125821,0.203595,0.181387,0.202669,0.253418,0.213758,0.167508,0.292619,0.165008,0.223053,0.356487,0.320398,0.284405,0.321691,0.352686,-0.042809,0.389845,0.250397,0.073924,0.385599,0.339336,0.317013,0.251744,0.296816,0.310968,0.000000,0.236530,0.523035,0.288479,0.157475,0.376194,0.260095,0.299942,0.226021,0.153554,0.270357,0.259542,0.187885,0.129780,0.198612,0.080847,0.124397,0.155103,0.190563,0.195683,0.160223,0.159563,0.167672,0.106253,0.241945,0.155328,0.196659,0.109162,0.281314,0.332054,0.253320,0.183895,0.139814,0.067906,0.193152,0.098580,0.259073,0.201010,0.296339,0.240429,0.317167,0.410798,0.231420,0.287207,0.284419,0.265710,0.184123,0.122941,0.362311,0.282200,0.238621,0.360466,0.279851,0.197914
0.331738,0.372490,0.413344,0.396739,0.066849,0.142496,0.375747,0.426771,-0.001033,0.232677,0.131980,0.169484,0.188020,0.178909,0.173568,0.126739,0.087888,0.121663,0.345884,0.368496,-0.275363,0.088900,0.339819,0.258061,0.186216,0.184012,-0.094403,0.160253,0.165824,0.095201,0.189575,0.229782,0.351636,0.295584,0.334244,0.422997,0.236530,0.000000,0.173723,0.650593,0.288716,0.312666,0.263384,0.283154,0.283461,0.309169,0.341936,0.370886,0.307584,0.327478,0.394484,0.355956,0.441496,0.402210,0.394642,0.427314,0.331608,0.424118,0.463054,0.428478,0.269104,0.295561,0.104885,0.268614,0.040500,0.045699,0.489340,0.336855,0.443205,0.408184,0.290723,0.158040,0.282600,0.128761,0.325392,0.102144,0.204139,0.055809,0.331829,0.119102,0.253109,0.182345,0.295004,0.019453,0.327460,0.298732,0.410970,0.140850,0.488226,0.487453
0.285440,0.303080,0.265942,0.203174,0.141839,0.240139,0.202259,0.162467,0.100415,0.288772,0.304098,0.275030,0.486982,0.405524,0.434007,0.536398,0.366533,0.614758,0.227305,0.343788,0.628061,0.461890,0.289034,0.267413,0.225597,0.264595,0.137609,0.339097,0.528856,0.539912,0.443983,0.433362,0.584599,0.399042,0.050409,0.133436,0.523035,0.173723,0.000000,0.692534,0.389898,0.381410,0.305469,0.413624,0.361164,0.354026,0.312701,0.461389,0.385860,0.287489,0.453416,0.264102,0.333214,0.285816,0.383032,0.414232,0.339902,0.379342,0.334808,0.242257,0.383275,0.217167,0.459929,0.356471,0.183140,0.275216,0.305867,0.281636,0.357904,0.228373,0.208394,0.014651,0.178896,0.116032,0.179174,0.154515,0.075696,0.166938,0.394754,0.626855,0.480013,0.619606,0.392570,0.627147,0.458770,0.524767,0.063071,0.635579,0.321055,0.417404
0.464461,0.500701,0.423985,0.460544,0.085569,0.072042,0.334654,0.403722,0.001520,0.135692,0.299450,0.326279,0.478651,0.450665,0.307978,0.364574,0.359272,0.426285,0.350026,0.494793,0.131163,0.231268,0.341122,0.300504,0.094611,0.100627,-0.049025,0.122227,0.496322,0.488856,0.312999,0.303290,0.595602,0.419444,0.097610,0.300029,0.288479,0.650593,0.692534,0.000000,0.410384,0.473484,0.301836,0.409295,0.427146,0.465903,0.436975,0.566859,0.455706,0.433666,0.588135,0.446473,0.558944,0.518493,0.556109,0.648159,0.494635,0.577653,0.563748,0.505684,0.389684,0.393197,0.456415,0.505607,0.022793,0.135029,0.500501,0.467963,0.612128,0.497255,0.225483,-0.040744,0.171658,0.223681,0.105589,0.072008,0.028288,0.036657,0.476489,0.383289,0.529832,0.434925,0.614014,0.531276,0.478518,0.546575,0.313980,0.528059,0.353743,0.742085
0.061667,0.016370,0.208408,0.032005,0.041639,-0.067492,0.202118,-0.026983,0.072500,-0.033982,0.118817,0.033368,0.221788,0.074526,0.176710,0.009408,0.099049,0.194831,0.052245,0.057591,0.299167,0.312796,0.159285,0.010096,0.059766,-0.016545,-0.022435,0.034355,0.183619,0.138309,0.181852,0.212782,0.192428,0.092904,0.132000,0.120039,0.157475,0.288716,0.389898,0.410384,0.000000,0.278802,0.204995,0.080799,0.117292,0.045553,0.025259,0.067383,0.026589,-0.040222,0.136282,0.036376,0.141486,0.079886,0.034216,0.068782,0.061661,0.045190,0.076826,0.068513,0.197468,0.052750,0.072663,0.095765,0.109083,0.111505,0.117368,0.046225,0.092380,0.043220,0.302061,0.192272,0.393525,0.383876,0.276629,0.369084,0.058488,0.098635,0.103152,0.163743,0.148744,0.161854,0.332368,0.207349,0.199101,0.171553,0.210774,0.214033,0.066338,0.140054
0.077951,0.065119,0.265692,0.186619,-0.080141,0.033221,0.255288,0.206075,-0.206830,-0.011327,0.072030,0.006403,0.184158,0.096014,0.114762,0.096234,0.022957,0.017270,0.107571,0.109721,0.274022,0.341930,0.267487,0.076678,0.215644,0.193526,-0.126673,0.163905,0.193532,0.093339,0.246262,0.309557,0.185947,0.120223,0.066401,0.160273,0.376194,0.312666,0.381410,0.473484,0.278802,0.000000,-0.046390,-0.035000,0.090074,0.085012,-0.014338,0.021443,0.122359,0.019148,0.219909,0.037735,0.062269,-0.027499,0.110546,0.066875,-0.010822,0.070202,0.169441,0.047680,0.270210,0.068116,0.162699,0.067221,0.258526,0.142202,0.164807,0.073855,0.105320,0.021354,0.399256,0.295389,0.469790,0.330700,0.227646,0.082352,0.145075,0.234448,0.068754,0.072297,0.168716,0.141644,0.125632,0.227224,0.217014,0.231697,0.100617,0.480462,0.062593,0.183831
0.472007,0.481973,0.377268,0.307661,0.560022,0.336659,0.555315,0.422805,0.424805,0.196839,0.391781,0.240706,0.518325,0.458852,0.421119,0.203579,0.488176,0.390654,0.444201,0.343995,0.122836,0.175168,0.447887,0.343724,0.374903,0.355713,0.403740,0.424620,0.438388,0.236949,0.375473,0.347883,0.553208,0.483390,0.622311,0.665116,0.260095,0.263384,0.305469,0.301836,0.204995,-0.046390,0.000000,1.197024,0.989647,0.651956,1.101925,0.939397,0.569177,0.467193,0.482438,0.339927,0.514104,0.696690,0.486694,0.519285,0.614751,0.561608,0.482940,0.500994,0.399908,0.333274,0.486669,0.415228,0.082350,0.234678,0.738511,0.622859,0.533045,0.558728,0.032554,0.051962,0.286579,0.180528,0.404989,0.315532,0.477415,0.332619,0.533439,0.601891,0.615442,0.411390,0.365596,0.137190,0.556108,0.514221,0.282110,0.222668,0.503934,0.355648
0.599722,0.681150,0.314245,0.372529,0.510621,0.432418,0.419460,0.465304,0.411049,0.363628,0.528525,0.411305,0.680758,0.618871,0.560897,0.392207,0.623017,0.567884,0.489527,0.518227,0.065643,0.170114,0.372134,0.376114,0.320682,0.362491,0.360686,0.464125,0.649428,0.463165,0.445926,0.348617,0.813663,0.691881,0.446793,0.631304,0.299942,0.283154,0.413624,0.409295,0.080799,-0.035000,1.197024,0.000000,1.088394,0.886569,1.255678,1.236756,0.836992,0.752364,0.709259,0.566706,0.674298,0.795431,0.730229,0.792267,0.790600,0.768237,0.646783,0.636510,0.413405,0.413226,0.652362,0.611248,0.006862,0.241007,0.790062,0.813937,0.692273,0.665567,0.041490,-0.020425,0.154367,-0.005428,0.330452,0.170599,0.333669,0.203229,0.738206,0.806421,0.799796,0.593976,0.500060,0.340239,0.634275,0.654910,0.332645,0.316182,0.677171,0.494774
0.596460,0.806476,0.483758,0.553484,0.551163,0.346489,0.457392,0.553443,0.326777,0.231206,0.388304,0.385923,0.536148,0.659079,0.434430,0.248161,0.650433,0.567684,0.504640,0.569342,0.072160,0.150774,0.501927,0.373592,0.305385,0.270694,0.305487,0.390750,0.669594,0.471757,0.536147,0.469103,0.902623,0.778640,0.642613,0.896544,0.226021,0.283461,0.361164,0.427146,0.117292,0.090074,0.989647,1.088394,0.000000,1.403753,1.165332,1.226579,0.833419,0.810152,0.701829,0.589557,0.664945,0.878630,0.749878,0.825751,0.932621,0.859239,0.788255,0.790477,0.529428,0.585651,0.660810,0.780723,0.082907,0.266655,1.031717,1.025990,0.750647,0.828804,0.006956,-0.013728,0.285684,0.205642,0.384463,0.302158,0.233857,0.136860,0.707421,0.675317,0.944086,0.626555,0.427834,0.270142,0.698130,0.782218,0.412553,0.425786,0.628951,0.675963
0.806827,1.151962,0.435790,0.706305,0.558370,0.409919,0.383612,0.677895,0.340719,0.386199,0.528462,0.665288,0.618267,0.884645,0.525873,0.429376,0.763669,0.744219,0.604652,0.829031,0.023631,0.078175,0.417515,0.426018,0.232523,0.233495,0.224318,0.385733,0.773558,0.661877,0.478242,0.381660,1.127529,1.048274,0.490497,0.906272,0.153554,0.309169,0.354026,0.465903,0.045553,0.085012,0.651956,0.886569,1.403753,0.000000,1.114188,1.293617,1.169292,1.410106,1.011982,1.018745,0.905307,1.089082,0.939125,1.132066,1.251789,1.129884,1.141721,1.242053,0.611907,0.862717,0.847609,1.150777,0.027516,0.355220,1.164189,1.411057,1.032660,1.167214,-0.079958,-0.171492,0.188591,0.163749,0.262597,0.192352,0.002170,-0.051319,0.917809,0.773661,1.110280,0.803370,0.399272,0.364131,0.794006,1.042657,0.385889,0.551728,0.718887,0.966864
0.828933,1.047361,0.350682,0.601360,0.546759,0.398882,0.448346,0.687096,0.390471,0.304515,0.567885,0.569554,0.587308,0.777393,0.496237,0.391852,0.776849,0.638967,0.642748,0.727113,-0.004742,0.027181,0.423159,0.473162,0.267960,0.252493,0.328016,0.387167,0.747998,0.548037,0.343566,0.275559,0.845161,0.774679,0.521831,0.769298,0.270357,0.341936,0.312701,0.436975,0.025259,-0.014338,1.101925,1.255678,1.165332,1.114188,0.000000,1.574967,0.983367,0.996281,0.813125,0.676583,0.928183,1.055165,0.940394,0.966186,1.159559,1.085085,0.866605,0.933862,0.484208,0.670871,0.791491,0.832440,-0.029875,0.305671,0.909002,0.933877,0.981670,0.995319,-0.085216,-0.146794,0.152792,0.106268,0.253988,0.153909,0.158819,0.064545,0.872511,0.776865,1.017446,0.675765,0.444144,0.293640,0.749534,0.847331,0.349166,0.358845,0.767294,0.742264
0.867597,1.124821,0.424722,0.618510,0.522990,0.397373,0.395986,0.606868,0.397862,0.327922,0.573350,0.626697,0.681827,0.871786,0.602716,0.482569,0.716062,0.817139,0.708733,0.830100,0.052777,0.069724,0.428561,0.484450,0.214118,0.205460,0.311984,0.404815,0.799721,0.667633,0.408956,0.339778,1.096683,0.916536,0.438849,0.742526,0.259542,0.370886,0.461389,0.566859,0.067383,0.021443,0.939397,1.236756,1.226579,1.293617,1.574967,0.000000,1.129724,1.125534,0.977918,0.793937,1.008936,1.203445,1.047079,1.258222,1.237092,1.246825,0.997164,1.038988,0.522695,0.742232,0.874258,1.029473,-0.015420,0.299931,1.025465,1.061990,1.097409,1.163169,-0.134581,-0.219108,0.065619,0.066370,0.181794,0.177997,0.079285,-0.029596,0.906903,0.896814,1.116648,0.867823,0.492245,0.438260,0.872008,1.001850,0.356082,0.490683,0.808473,0.892615
1.007155,1.019338,0.302054,0.446068,0.482481,0.405015,0.516384,0.559204,0.542411,0.491314,0.657066,0.640476,0.753138,0.728646,0.546328,0.530346,0.717107,0.759819,0.515008,0.722486,0.093076,0.070452,0.221458,0.300831,0.176608,0.227087,0.361922,0.359513,0.817313,0.718561,0.290478,0.204287,0.913021,0.765277,0.214402,0.606080,0.187885,0.307584,0.385860,0.455706,0.026589,0.122359,0.569177,0.836992,0.833419,1.169292,0.983367,1.129724,0.000000,1.329461,1.296981,1.018570,1.017807,0.961427,1.055243,0.954171,1.020126,1.109358,1.359450,0.873401,0.795860,0.555912,0.854337,0.955031,-0.119432,0.180432,0.979115,0.971875,0.916501,1.025763,-0.093951,-0.181102,0.081264,0.061745,0.103336,0.101861,0.028563,-0.032875,0.755143,0.755709,0.921881,0.827054,0.372762,0.499861,0.562736,0.767099,0.269760,0.433060,0.788456,0.749666
