0.000000,1.022507,0.727442,0.773110,0.593107,0.660923,0.879756,0.883393,0.508094,0.684388,0.697012,0.766596,0.802318,0.589834,0.758204,0.752424,0.495648,0.383796,1.146994,1.073467,0.280773,0.301994,0.480130,0.539568,0.417525,0.228728,0.532542,0.482924,0.299030,0.436884,0.327816,0.468409,0.483477,0.690243,0.384622,0.569418,0.132909,0.413019,0.004253,0.371600,0.246067,0.051367,0.654484,0.531014,0.590028,0.441142,0.767053,0.782805,0.323143,0.320095,0.420917,0.382954,0.435746,0.637686,0.620437,0.687635,0.858355,0.887899,0.947708,0.804950,1.151905,0.898568,0.788676,0.692496,0.466895,0.544721,0.845897,0.785228,0.835308,0.843553,0.323212,0.346562,0.740674,0.700277,0.556249,0.611678,0.793314,0.792840,0.423148,0.206997,0.500317,0.562864,0.613818,0.608303,0.678285,0.777653,0.317358,0.379414,0.640449,0.769052
1.022507,0.000000,0.432337,0.519190,0.518759,0.373107,0.491285,0.634817,0.594607,0.564012,0.452867,0.874533,0.745430,0.697574,0.641943,0.615374,0.665315,0.620095,1.015009,1.288479,0.180014,0.248678,0.171688,0.244314,0.198584,-0.064430,0.260111,0.166334,0.476248,0.544029,0.199619,0.259887,0.397334,0.654790,0.074531,0.316942,0.390491,0.544412,0.195774,0.307597,0.324786,0.343162,0.678524,0.519726,0.632197,0.586270,0.792151,0.606380,0.478270,0.507642,0.551923,0.435647,0.506663,0.570390,0.593736,0.604387,0.827847,1.543093,0.962469,0.862811,0.919910,0.810302,1.012556,1.031763,0.118375,0.113606,0.462557,0.441200,1.132165,1.192008,0.166478,0.142854,0.685239,0.619506,0.527045,0.539050,0.637588,0.628735,0.358246,0.218215,0.750469,0.617763,0.820093,0.964993,0.558463,0.606322,0.325206,0.505702,0.380803,0.512960
0.727442,0.432337,0.000000,1.067150,0.700819,0.553076,1.378673,0.751306,0.661238,0.520094,0.831927,0.467767,0.565992,0.308641,0.676844,0.500148,0.289467,0.230265,0.651948,0.509485,0.551739,0.544554,1.367351,1.082399,0.925493,0.457656,0.347940,0.604635,0.264371,0.268528,0.719801,0.715728,0.361288,0.422700,0.549293,0.351311,0.031529,0.166989,0.137025,0.144026,0.352355,0.067394,0.525305,0.351479,0.492785,0.299440,0.570002,0.617693,0.258727,0.242353,0.330244,0.351210,0.399913,0.668983,0.274930,0.416049,0.308024,0.314963,0.465210,0.367370,0.577630,0.476889,0.423663,0.315738,0.696523,0.539271,0.870087,0.659793,0.409551,0.385729,0.397345,0.416153,0.500215,0.496779,0.417564,0.350486,0.465728,0.544979,0.263207,0.097137,0.279030,0.222405,0.462976,0.380402,0.540578,0.557486,0.267256,0.452690,0.683667,0.969798
0.773110,0.519190,1.067150,0.000000,0.698698,0.773942,1.237477,1.290804,0.750357,0.837324,0.647878,0.709928,0.681525,0.557242,0.762369,0.589383,0.239976,0.133038,0.598046,0.618896,0.439057,0.403903,0.780786,0.875104,0.722972,0.366234,0.306575,0.419232,0.191257,0.227256,0.528513,0.538473,0.362008,0.445856,0.411450,0.325190,-0.012764,0.211075,-0.003148,0.179458,0.263338,0.069033,0.405494,0.299879,0.370994,0.286114,0.537048,0.520408,0.251634,0.311057,0.401380,0.428879,0.428579,0.529583,0.297272,0.407671,0.312928,0.386140,0.514849,0.646259,0.670225,0.725179,0.501657,0.426283,0.544702,0.670810,0.648759,0.669563,0.348878,0.445439,0.502421,0.485332,0.338809,0.495734,0.363232,0.252229,0.436972,0.533081,0.121806,0.049304,0.175370,0.192671,0.432462,0.411534,0.474627,0.625521,0.265895,0.293537,0.592519,0.890811
0.593107,0.518759,0.700819,0.698698,0.000000,0.628223,0.719635,0.549734,0.825952,0.718148,0.382250,0.475291,0.424607,0.419202,0.598176,0.510982,0.231311,0.209705,0.469689,0.450853,0.512009,0.555047,0.597826,0.715604,0.692381,0.089353,0.650716,0.695006,0.293810,0.412826,0.555168,0.538458,0.319241,0.340611,0.257802,0.329800,0.152950,0.197886,0.178939,0.217261,0.204806,0.005326,0.639056,0.563417,0.614788,0.507488,0.730601,0.755208,0.428195,0.427106,0.466204,0.464877,0.587978,0.589822,0.441527,0.620351,0.383792,0.438223,0.610732,0.602441,0.561231,0.591952,0.501749,0.513573,0.364583,0.367929,0.630145,0.576270,0.380354,0.390447,0.309568,0.301505,0.403521,0.329356,0.507268,0.323192,0.437541,0.414157,0.252875,0.204546,0.318654,0.281575,0.502010,0.473986,0.504067,0.487601,0.194273,0.340169,0.516434,0.792989
0.660923,0.373107,0.553076,0.773942,0.628223,0.000000,0.713962,0.715784,0.797091,0.992035,0.457438,0.535191,0.543301,0.410623,0.688000,0.621125,0.145444,0.118220,0.366654,0.396706,0.359926,0.398367,0.394388,0.472229,0.611200,0.469694,0.513783,0.667988,0.145189,0.281461,0.322903,0.333642,0.135032,0.228468,0.276361,0.233516,0.049232,0.268176,-0.088091,0.214935,0.096096,-0.012592,0.522498,0.458520,0.466811,0.351012,0.651825,0.658800,0.357022,0.428007,0.526089,0.542680,0.637879,0.612160,0.482074,0.514643,0.263451,0.354292,0.545124,0.651280,0.540225,0.497860,0.287981,0.319817,0.339404,0.464453,0.566039,0.562978,0.290556,0.430170,0.305292,0.233561,0.247962,0.345094,0.347620,0.200538,0.323250,0.361932,0.096635,0.040467,0.123898,0.112936,0.373145,0.344097,0.405339,0.471177,0.188662,0.284857,0.647079,0.789893
0.879756,0.491285,1.378673,1.237477,0.719635,0.713962,0.000000,1.122776,0.659147,0.747958,0.783720,0.643344,0.847132,0.505219,0.886449,0.682421,0.290224,0.152376,0.696790,0.583253,0.519079,0.471099,0.852239,0.835119,0.688695,0.363004,0.485551,0.645298,0.291230,0.319655,0.614652,0.655984,0.290695,0.368075,0.407517,0.386038,0.054953,0.209834,0.138614,0.282285,0.268870,-0.028715,0.527978,0.418428,0.473546,0.326678,0.631572,0.708326,0.290684,0.322260,0.423719,0.425724,0.498238,0.782129,0.433089,0.519639,0.264866,0.359472,0.539249,0.576746,0.725659,0.668955,0.498014,0.424834,0.645846,0.627525,0.782556,0.653290,0.327341,0.377313,0.484412,0.480253,0.458198,0.521264,0.402627,0.356825,0.586432,0.627344,0.221995,0.082834,0.286417,0.228883,0.583848,0.450415,0.650666,0.751796,0.421891,0.389436,0.910681,1.056520
0.883393,0.634817,0.751306,1.290804,0.549734,0.715784,1.122776,0.000000,0.728044,1.039081,0.701819,0.988409,1.096838,0.840047,0.918392,0.845588,0.348884,0.218920,0.643467,0.741914,0.261108,0.250976,0.408068,0.525818,0.375767,0.190994,0.302176,0.356173,0.237100,0.316982,0.306240,0.366909,0.335778,0.517945,0.234781,0.284599,0.083891,0.304284,0.095561,0.296583,0.333997,0.147880,0.404351,0.309747,0.317940,0.291150,0.566939,0.525737,0.218328,0.320006,0.366878,0.391413,0.441974,0.612491,0.443007,0.481648,0.335080,0.491361,0.549766,0.782500,0.866297,1.064469,0.659884,0.610346,0.425600,0.614558,0.491910,0.533920,0.342130,0.566007,0.354026,0.332266,0.377267,0.517534,0.343429,0.321646,0.516538,0.574964,0.153673,0.029887,0.288181,0.280960,0.566504,0.615309,0.485477,0.667247,0.398716,0.353123,0.691194,0.758436
0.508094,0.594607,0.661238,0.750357,0.825952,0.797091,0.659147,0.728044,0.000000,0.974604,0.529642,0.741687,0.700048,0.634045,0.744255,0.586385,0.345014,0.333055,0.310745,0.399779,0.405599,0.460184,0.403686,0.452052,0.614344,0.236688,0.236684,0.353198,0.337864,0.457633,0.435434,0.409581,0.235727,0.359412,0.063570,0.005708,0.284880,0.377329,0.182840,0.198654,0.300206,0.252696,0.509725,0.419370,0.474011,0.430507,0.666524,0.582835,0.427868,0.538365,0.560743,0.588953,0.666043,0.686998,0.346458,0.509692,0.276669,0.534489,0.597147,0.731662,0.619387,0.639069,0.547166,0.583557,0.232503,0.235960,0.408640,0.364506,0.385713,0.562686,0.179143,0.128003,0.288506,0.347217,0.361654,0.200122,0.306653,0.343956,0.165708,0.116157,0.284274,0.189974,0.581324,0.622342,0.334820,0.386833,0.171723,0.398276,0.466537,0.734972
0.684388,0.564012,0.520094,0.837324,0.718148,0.992035,0.747958,1.039081,0.974604,0.000000,0.497406,0.772289,0.821582,0.795066,0.804875,0.857293,0.307947,0.212225,0.432141,0.528331,0.278289,0.276276,0.288311,0.433508,0.459881,0.211144,0.412003,0.431848,0.290800,0.357405,0.321808,0.330762,0.154048,0.300107,0.084831,0.148793,0.153498,0.317394,0.064247,0.317868,0.211822,0.079302,0.545706,0.493128,0.438649,0.444169,0.679598,0.636283,0.434925,0.534672,0.507343,0.548284,0.693438,0.741381,0.602715,0.590109,0.341870,0.505797,0.585752,0.841087,0.661316,0.746110,0.532902,0.572042,0.208336,0.345778,0.405959,0.422141,0.359977,0.576819,0.305542,0.243470,0.316031,0.389175,0.371543,0.283471,0.403005,0.385045,0.130543,0.093877,0.312575,0.294894,0.608791,0.599800,0.504986,0.566530,0.337763,0.317111,0.687770,0.741791
0.697012,0.452867,0.831927,0.647878,0.382250,0.457438,0.783720,0.701819,0.529642,0.497406,0.000000,0.709546,0.808432,0.486250,0.714066,0.522529,0.703130,0.511658,0.512986,0.430841,0.539966,0.382939,0.558508,0.474657,0.505195,0.265762,0.142609,0.303171,0.520526,0.403158,0.492536,0.477577,0.542565,0.681226,0.222265,0.097290,0.255425,0.366559,0.181529,0.097142,0.339800,0.196228,0.326945,0.224124,0.305370,0.206158,0.390755,0.418142,0.176812,0.163306,0.153064,0.208477,0.271105,0.472347,0.198288,0.248485,0.353540,0.358960,0.255151,0.290622,0.512746,0.567047,0.525561,0.467294,0.366645,0.359261,0.351717,0.238139,0.339976,0.294990,0.418012,0.376146,0.432977,0.471881,0.385789,0.443229,0.480751,0.575100,0.290396,0.254307,0.360262,0.302390,0.584861,0.433577,0.384512,0.344875,0.366264,0.336832,0.556131,0.560060
0.766596,0.874533,0.467767,0.709928,0.475291,0.535191,0.643344,0.988409,0.741687,0.772289,0.709546,0.000000,1.169089,1.298550,0.902229,0.886589,0.665237,0.623032,0.558612,0.690725,0.376740,0.314863,0.189627,0.316864,0.272864,0.046049,0.198431,0.135320,0.553681,0.627487,0.334392,0.361068,0.470557,0.711050,0.025484,0.202558,0.386581,0.631311,0.251315,0.341447,0.441503,0.351989,0.538995,0.464961,0.460701,0.508029,0.665618,0.604940,0.424279,0.462507,0.513728,0.501022,0.539971,0.576775,0.583239,0.494165,0.444714,0.742552,0.594054,0.750839,0.807421,0.879208,0.879189,0.911643,0.182308,0.313811,0.326417,0.359981,0.465721,0.600947,0.257191,0.206656,0.469305,0.590179,0.520982,0.485823,0.689885,0.690524,0.318035,0.277961,0.546824,0.507081,0.817895,0.829678,0.457826,0.592901,0.394417,0.334696,0.536035,0.553690
0.802318,0.745430,0.565992,0.681525,0.424607,0.543301,0.847132,1.096838,0.700048,0.821582,0.808432,1.169089,0.000000,1.026986,1.120134,0.931283,0.595014,0.453284,0.660283,0.734200,0.260021,0.220460,0.220776,0.270922,0.211850,0.061158,0.232102,0.183848,0.546911,0.546160,0.259901,0.317000,0.349591,0.583835,0.057136,0.166999,0.382835,0.558171,0.332350,0.413978,0.434944,0.289609,0.530654,0.441411,0.404766,0.403995,0.587690,0.572874,0.359842,0.374770,0.420284,0.411492,0.507695,0.696329,0.538497,0.501742,0.321606,0.589333,0.571671,0.714241,0.951789,0.993489,0.906189,0.842370,0.333427,0.373136,0.354608,0.303954,0.471682,0.582831,0.275065,0.227558,0.514505,0.597194,0.442842,0.418200,0.595935,0.583965,0.215356,0.136731,0.528036,0.406458,0.828418,0.804649,0.621388,0.683759,0.546408,0.423194,0.802243,0.646634
0.589834,0.697574,0.308641,0.557242,0.419202,0.410623,0.505219,0.840047,0.634045,0.795066,0.486250,1.298550,1.026986,0.000000,0.805360,0.988101,0.569661,0.527365,0.446788,0.560549,0.301146,0.269301,0.110796,0.279106,0.242983,0.050585,0.171556,0.085947,0.541167,0.687305,0.317443,0.367794,0.379357,0.530737,-0.047510,0.217728,0.391081,0.505569,0.230731,0.376068,0.347682,0.242624,0.401598,0.366272,0.355588,0.415917,0.497815,0.481389,0.371368,0.391449,0.407964,0.400699,0.436607,0.437381,0.529813,0.460449,0.465440,0.659835,0.507191,0.640301,0.709465,0.783720,0.805352,0.832074,0.133070,0.287823,0.247725,0.286377,0.387839,0.487797,0.260018,0.226151,0.373562,0.414795,0.399262,0.426443,0.617482,0.587554,0.317460,0.305579,0.466423,0.493396,0.684652,0.704126,0.395379,0.525473,0.428441,0.245735,0.439642,0.362802
0.758204,0.641943,0.676844,0.762369,0.598176,0.688000,0.886449,0.918392,0.744255,0.804875,0.714066,0.902229,1.120134,0.805360,0.000000,1.120390,0.436717,0.407466,0.642189,0.645478,0.533412,0.450152,0.432118,0.466068,0.495949,0.361712,0.432699,0.496676,0.497544,0.556091,0.450115,0.537049,0.276437,0.454770,0.217416,0.343058,0.419477,0.576474,0.291263,0.491584,0.427762,0.299768,0.662447,0.503798,0.603956,0.494669,0.720170,0.711840,0.481130,0.414882,0.522623,0.520560,0.507261,0.713104,0.561485,0.537733,0.288605,0.519434,0.587502,0.622652,0.734378,0.693563,0.658081,0.574914,0.537419,0.526249,0.621458,0.529862,0.498399,0.538226,0.300639,0.279915,0.566886,0.583674,0.565914,0.480674,0.640498,0.587249,0.206422,0.299937,0.500676,0.438620,0.908528,0.752593,0.778375,0.706706,0.527574,0.455409,0.837772,0.765936
0.752424,0.615374,0.500148,0.589383,0.510982,0.621125,0.682421,0.845588,0.586385,0.857293,0.522529,0.886589,0.931283,0.988101,1.120390,0.000000,0.355819,0.448323,0.596578,0.600122,0.407079,0.393708,0.316433,0.437686,0.410295,0.349976,0.457003,0.471869,0.430954,0.633490,0.390096,0.501204,0.229807,0.431288,0.244023,0.375923,0.321755,0.445963,0.289562,0.525626,0.405700,0.216061,0.592967,0.489085,0.485916,0.396637,0.614433,0.640454,0.359830,0.363406,0.442557,0.469733,0.469153,0.610188,0.648543,0.575024,0.408169,0.566969,0.595528,0.641347,0.839763,0.843442,0.654521,0.665188,0.468131,0.609256,0.551066,0.527547,0.434211,0.514227,0.217036,0.198194,0.463492,0.486111,0.490957,0.414024,0.580966,0.515597,0.281083,0.287636,0.500745,0.534302,0.786131,0.757916,0.686754,0.799563,0.488408,0.423356,0.792110,0.664767
0.495648,0.665315,0.289467,0.239976,0.231311,0.145444,0.290224,0.348884,0.345014,0.307947,0.703130,0.665237,0.595014,0.569661,0.436717,0.355819,0.000000,0.906017,0.505567,0.522298,0.335131,0.219238,0.075641,0.097728,0.150820,-0.135719,0.044110,0.003596,0.793802,0.588769,0.306714,0.212038,0.455965,0.615314,-0.133493,0.043812,0.634539,0.627852,0.285038,0.180145,0.430131,0.463819,0.263727,0.183524,0.281017,0.302368,0.343868,0.264690,0.257714,0.271237,0.186738,0.160289,0.228899,0.294243,0.282844,0.236679,0.726489,0.676550,0.269161,0.307895,0.449045,0.502209,0.817916,0.813698,-0.062016,-0.030759,0.053386,0.008666,0.473736,0.372580,0.259577,0.216549,0.677790,0.567491,0.454375,0.637213,0.579016,0.581319,0.526940,0.484503,0.845793,0.530886,0.697645,0.645114,0.302781,0.279321,0.428562,0.453056,0.292360,0.233633
0.383796,0.620095,0.230265,0.133038,0.209705,0.118220,0.152376,0.218920,0.333055,0.212225,0.511658,0.623032,0.453284,0.527365,0.407466,0.448323,0.906017,0.000000,0.482957,0.502901,0.288029,0.294707,0.130169,0.128244,0.228710,-0.002712,-0.000156,0.014000,0.826147,0.894945,0.396782,0.322833,0.506359,0.665223,-0.024898,0.074498,0.494706,0.565465,0.200323,0.146987,0.388790,0.420143,0.311055,0.223010,0.329928,0.330027,0.358672,0.295357,0.214048,0.227796,0.137161,0.173888,0.164459,0.203829,0.227102,0.179436,0.672258,0.691067,0.329623,0.220626,0.465870,0.477214,0.788798,0.899925,0.070241,0.025693,0.148120,0.096741,0.489481,0.389585,-0.001998,-0.007149,0.488445,0.475223,0.568751,0.662593,0.372725,0.376540,0.633530,0.675928,0.852716,0.713866,0.682082,0.630287,0.279029,0.227358,0.272590,0.356610,0.168456,0.165968
1.146994,1.015009,0.651948,0.598046,0.469689,0.366654,0.696790,0.643467,0.310745,0.432141,0.512986,0.558612,0.660283,0.446788,0.642189,0.596578,0.505567,0.482957,0.000000,1.598961,0.159560,0.178397,0.436839,0.452683,0.300864,0.092761,0.392298,0.359573,0.327279,0.394513,0.280034,0.384009,0.515201,0.714344,0.370192,0.559476,0.226122,0.420582,0.188132,0.324207,0.374381,0.212122,0.683445,0.488194,0.524877,0.407675,0.734034,0.687450,0.312296,0.282709,0.383307,0.359595,0.391408,0.516686,0.588700,0.602896,0.798002,0.787511,0.710272,0.563667,0.959333,0.776222,0.912424,0.752631,0.460867,0.413471,0.677672,0.590297,0.992907,0.771140,0.217613,0.228513,0.833630,0.743347,0.711417,0.712150,0.715009,0.659420,0.286037,0.225842,0.620676,0.711311,0.666924,0.690785,0.769302,0.757509,0.421636,0.457721,0.580797,0.632162
1.073467,1.288479,0.509485,0.618896,0.450853,0.396706,0.583253,0.741914,0.399779,0.528331,0.430841,0.690725,0.734200,0.560549,0.645478,0.600122,0.522298,0.502901,1.598961,0.000000,0.061319,0.095120,0.249470,0.306226,0.184799,-0.022508,0.251536,0.200891,0.331857,0.393728,0.143042,0.220054,0.453422,0.702898,0.203523,0.415496,0.276402,0.463833,0.180280,0.329816,0.377392,0.299771,0.632414,0.447097,0.506610,0.483912,0.720972,0.593838,0.372388,0.378080,0.422767,0.393967,0.405327,0.518949,0.571947,0.616822,0.786342,0.957019,0.807213,0.742163,0.954218,0.888479,0.970482,0.882119,0.281718,0.314858,0.541792,0.555952,1.040625,1.052732,0.153023,0.158757,0.715009,0.741231,0.587561,0.612347,0.616389,0.617676,0.241366,0.158513,0.602540,0.675391,0.672955,0.839366,0.632824,0.694472,0.419882,0.472196,0.504240,0.569156
0.280773,0.180014,0.551739,0.439057,0.512009,0.359926,0.519079,0.261108,0.405599,0.278289,0.539966,0.376740,0.260021,0.301146,0.533412,0.407079,0.335131,0.288029,0.159560,0.061319,0.000000,1.049636,0.618628,0.592377,0.770123,0.467745,0.344276,0.524067,0.626511,0.544837,1.038394,0.868694,0.326334,0.312537,0.303256,0.254068,0.404561,0.316311,0.251989,0.192769,0.262620,0.117429,0.351274,0.341966,0.452254,0.333211,0.357809,0.426307,0.301220,0.283134,0.275396,0.301178,0.213827,0.339353,0.194883,0.229055,0.169882,0.171079,0.176607,0.106358,0.134358,0.156730,0.180611,0.192524,0.372518,0.313667,0.447320,0.399268,0.123990,-0.002316,0.436742,0.403680,0.378753,0.359788,0.512647,0.417325,0.409641,0.441023,0.445359,0.427157,0.323111,0.168490,0.500442,0.248020,0.356742,0.368877,0.201925,0.181310,0.353119,0.442834
0.301994,0.248678,0.544554,0.403903,0.555047,0.398367,0.471099,0.250976,0.460184,0.276276,0.382939,0.314863,0.220460,0.269301,0.450152,0.393708,0.219238,0.294707,0.178397,0.095120,1.049636,0.000000,0.598306,0.597521,0.769792,0.431933,0.335457,0.634599,0.491244,0.486300,0.928627,0.860200,0.202743,0.247936,0.282198,0.264768,0.198937,0.195175,0.100958,0.140157,0.203369,0.106158,0.363213,0.330582,0.471417,0.307065,0.390457,0.409939,0.270958,0.328651,0.304831,0.334884,0.251223,0.361834,0.220421,0.300185,0.216449,0.250845,0.268241,0.151560,0.162024,0.162462,0.155428,0.203427,0.308604,0.242695,0.448529,0.372156,0.197510,0.145182,0.444782,0.438747,0.346438,0.361580,0.461992,0.404828,0.333648,0.399261,0.444014,0.233454,0.277359,0.056742,0.379097,0.232364,0.305179,0.358122,0.109971,0.222677,0.314080,0.439534
0.480130,0.171688,1.367351,0.780786,0.597826,0.394388,0.852239,0.408068,0.403686,0.288311,0.558508,0.189627,0.220776,0.110796,0.432118,0.316433,0.075641,0.130169,0.436839,0.249470,0.618628,0.598306,0.000000,1.587066,1.209361,0.717803,0.386032,0.650293,0.172197,0.199483,0.928442,0.959456,0.401834,0.357056,0.819581,0.477509,-0.106359,0.055772,0.011844,0.086476,0.227467,-0.077327,0.396250,0.281626,0.447958,0.201870,0.375506,0.486709,0.137075,0.086215,0.172152,0.211799,0.204772,0.371451,0.119026,0.256220,0.244399,0.109306,0.278698,0.078625,0.321245,0.222405,0.158760,0.060891,0.873534,0.600401,0.912558,0.700391,0.243643,0.126877,0.351037,0.414513,0.349599,0.342861,0.357383,0.234250,0.299134,0.327162,0.315652,0.162496,0.133594,0.144111,0.199000,0.099594,0.434133,0.423144,0.044042,0.257999,0.402690,0.638355
0.539568,0.244314,1.082399,0.875104,0.715604,0.472229,0.835119,0.525818,0.452052,0.433508,0.474657,0.316864,0.270922,0.279106,0.466068,0.437686,0.097728,0.128244,0.452683,0.306226,0.592377,0.597521,1.587066,0.000000,1.115971,0.651145,0.459116,0.641448,0.199719,0.233000,0.933045,1.041883,0.419037,0.404164,0.739392,0.519220,-0.089530,0.088270,0.015458,0.152799,0.263201,-0.061792,0.459930,0.369884,0.513078,0.304671,0.444708,0.562464,0.209004,0.201408,0.251997,0.276186,0.297226,0.393928,0.242969,0.348218,0.329598,0.200867,0.310235,0.199741,0.378858,0.332989,0.213971,0.136998,0.730031,0.627814,0.815477,0.722568,0.213615,0.150270,0.443812,0.493384,0.388068,0.410960,0.411457,0.275059,0.389919,0.383741,0.338087,0.153963,0.149806,0.148317,0.233067,0.169826,0.425771,0.496081,0.079671,0.265638,0.428513,0.624769
0.417525,0.198584,0.925493,0.722972,0.692381,0.611200,0.688695,0.375767,0.614344,0.459881,0.505195,0.272864,0.211850,0.242983,0.495949,0.410295,0.150820,0.228710,0.300864,0.184799,0.770123,0.769792,1.209361,1.115971,0.000000,0.825943,0.420047,0.688139,0.283895,0.373792,1.082372,1.021490,0.402698,0.369529,0.561339,0.323216,0.036024,0.118397,-0.014792,0.109645,0.182120,0.006659,0.441490,0.341422,0.511765,0.292193,0.480456,0.577355,0.298184,0.299345,0.358234,0.461137,0.334446,0.426718,0.188408,0.364793,0.321918,0.177448,0.312350,0.210636,0.328628,0.284686,0.203659,0.167921,0.630670,0.554579,0.741630,0.595522,0.230113,0.112826,0.377688,0.399729,0.252361,0.320476,0.441451,0.264552,0.309219,0.324904,0.326354,0.301362,0.122126,0.164005,0.269583,0.153299,0.381381,0.413155,0.058417,0.269322,0.386629,0.655498
0.228728,-0.064430,0.457656,0.366234,0.089353,0.469694,0.363004,0.190994,0.236688,0.211144,0.265762,0.046049,0.061158,0.050585,0.361712,0.349976,-0.135719,-0.002712,0.092761,-0.022508,0.467745,0.431933,0.717803,0.651145,0.825943,0.000000,0.247630,0.537045,0.023955,0.117320,0.519624,0.613160,0.076109,0.065896,0.628779,0.301111,-0.077508,0.089599,-0.141121,0.146414,0.025955,-0.066819,0.250393,0.210508,0.312229,0.078719,0.211677,0.313190,0.087568,0.077602,0.186663,0.273683,0.123982,0.236671,0.120581,0.149464,0.083222,-0.034124,0.098618,0.000658,0.149310,0.029731,-0.124904,-0.184091,0.688860,0.612405,0.601381,0.510555,0.042751,-0.028005,0.176960,0.179644,0.063441,0.152678,0.138858,0.008730,0.104933,0.067219,0.178362,0.148112,-0.044546,-0.010186,0.019282,-0.094006,0.293128,0.315131,-0.140113,0.101992,0.290254,0.364624
0.532542,0.260111,0.347940,0.306575,0.650716,0.513783,0.485551,0.302176,0.236684,0.412003,0.142609,0.198431,0.232102,0.171556,0.432699,0.457003,0.044110,-0.000156,0.392298,0.251536,0.344276,0.335457,0.386032,0.459116,0.420047,0.247630,0.000000,1.031276,0.057530,0.195491,0.314075,0.415329,0.180569,0.178711,0.493905,0.744840,0.068183,0.196161,0.063256,0.464381,0.024605,-0.117997,0.587574,0.628050,0.497739,0.347337,0.544936,0.721428,0.194972,0.181721,0.316287,0.289161,0.347578,0.384963,0.554948,0.464507,0.318070,0.274408,0.454617,0.328142,0.439653,0.333146,0.227090,0.196419,0.501616,0.483632,0.725004,0.653704,0.331394,0.273219,0.165067,0.146395,0.381681,0.241314,0.375576,0.270118,0.476588,0.341615,0.180389,0.124403,0.277951,0.322514,0.312593,0.251744,0.726553,0.636576,0.223490,0.237644,0.565776,0.535713
0.482924,0.166334,0.604635,0.419232,0.695006,0.667988,0.645298,0.356173,0.353198,0.431848,0.303171,0.135320,0.183848,0.085947,0.496676,0.471869,0.003596,0.014000,0.359573,0.200891,0.524067,0.634599,0.650293,0.641448,0.688139,0.537045,1.031276,0.000000,0.059801,0.211783,0.544927,0.601968,0.134867,0.135802,0.543845,0.557277,-0.001419,0.110808,0.014178,0.254610,0.036662,-0.121021,0.521976,0.489291,0.496067,0.274230,0.542467,0.676909,0.193557,0.224168,0.327127,0.367706,0.396710,0.518969,0.435780,0.467576,0.223886,0.145900,0.358469,0.251700,0.330832,0.257508,0.100612,0.080034,0.592963,0.548046,0.800674,0.646309,0.212248,0.197315,0.254758,0.253723,0.360949,0.236717,0.413309,0.293135,0.364101,0.310176,0.245323,0.118322,0.195964,0.184362,0.256198,0.171555,0.601732,0.534548,0.122213,0.296642,0.625089,0.678322
0.299030,0.476248,0.264371,0.191257,0.293810,0.145189,0.291230,0.237100,0.337864,0.290800,0.520526,0.553681,0.546911,0.541167,0.497544,0.430954,0.793802,0.826147,0.327279,0.331857,0.626511,0.491244,0.172197,0.199719,0.283895,0.023955,0.057530,0.059801,0.000000,0.974438,0.672863,0.507727,0.446970,0.542137,-0.029889,0.069664,0.744792,0.439481,0.439638,0.234890,0.466578,0.319937,0.312364,0.273438,0.388453,0.421728,0.324463,0.281161,0.389068,0.336695,0.204158,0.179054,0.190652,0.254134,0.299139,0.163013,0.358960,0.492119,0.299749,0.229846,0.298003,0.381215,0.571820,0.659580,0.050015,-0.030268,0.126115,0.079109,0.314161,0.215096,0.306500,0.247251,0.462056,0.454225,0.491483,0.464653,0.339918,0.369663,0.601826,0.588396,0.878785,0.384943,0.841072,0.578136,0.365957,0.304649,0.415130,0.357758,0.279779,0.166601
0.436884,0.544029,0.268528,0.227256,0.412826,0.281461,0.319655,0.316982,0.457633,0.357405,0.403158,0.627487,0.546160,0.687305,0.556091,0.633490,0.588769,0.894945,0.394513,0.393728,0.544837,0.486300,0.199483,0.233000,0.373792,0.117320,0.195491,0.211783,0.974438,0.000000,0.688949,0.629859,0.442495,0.574320,0.051865,0.207594,0.500824,0.354482,0.246675,0.216899,0.200896,0.211923,0.383566,0.333334,0.461434,0.418209,0.466546,0.425948,0.356506,0.302765,0.280083,0.247734,0.252110,0.305191,0.302893,0.322953,0.487228,0.597392,0.489150,0.345026,0.536801,0.551157,0.629486,0.802482,0.195201,0.188832,0.285436,0.230044,0.361198,0.284845,0.079388,0.117029,0.370245,0.401356,0.648811,0.570469,0.330873,0.326900,0.664325,0.918880,0.728356,0.595195,0.841376,0.653558,0.290257,0.278033,0.315317,0.204616,0.206815,0.186929
0.327816,0.199619,0.719801,0.528513,0.555168,0.322903,0.614652,0.306240,0.435434,0.321808,0.492536,0.334392,0.259901,0.317443,0.450115,0.390096,0.306714,0.396782,0.280034,0.143042,1.038394,0.928627,0.928442,0.933045,1.082372,0.519624,0.314075,0.544927,0.672863,0.688949,0.000000,1.583200,0.514662,0.472556,0.430858,0.334091,0.180409,0.156813,0.172273,0.125667,0.286461,0.051660,0.368286,0.304674,0.474079,0.338866,0.400812,0.488969,0.310791,0.291348,0.282507,0.301025,0.255429,0.349498,0.175420,0.261893,0.284479,0.209006,0.255119,0.117749,0.241604,0.257555,0.258913,0.275487,0.492971,0.363443,0.521772,0.412723,0.134164,-0.003398,0.393328,0.448297,0.314122,0.374981,0.589867,0.446543,0.329983,0.373798,0.570950,0.559468,0.315829,0.221912,0.451595,0.223497,0.349005,0.358177,0.189111,0.195544,0.303985,0.397522
0.468409,0.259887,0.715728,0.538473,0.538458,0.333642,0.655984,0.366909,0.409581,0.330762,0.477577,0.361068,0.317000,0.367794,0.537049,0.501204,0.212038,0.322833,0.384009,0.220054,0.868694,0.860200,0.959456,1.041883,1.021490,0.613160,0.415329,0.601968,0.507727,0.629859,1.583200,0.000000,0.510535,0.515975,0.522635,0.473707,0.092926,0.152592,0.105402,0.178303,0.223395,-0.010754,0.442994,0.376788,0.553217,0.362492,0.452232,0.579676,0.309889,0.263154,0.295795,0.283548,0.233839,0.381240,0.224813,0.333367,0.339339,0.259031,0.335582,0.154264,0.341558,0.320674,0.264504,0.252914,0.627367,0.495965,0.672154,0.526958,0.225359,0.085941,0.373413,0.475450,0.333324,0.400708,0.570312,0.437327,0.402682,0.408838,0.572778,0.456056,0.248545,0.235234,0.420295,0.227517,0.386795,0.412848,0.168231,0.136026,0.318957,0.409876
0.483477,0.397334,0.361288,0.362008,0.319241,0.135032,0.290695,0.335778,0.235727,0.154048,0.542565,0.470557,0.349591,0.379357,0.276437,0.229807,0.455965,0.506359,0.515201,0.453422,0.326334,0.202743,0.401834,0.419037,0.402698,0.076109,0.180569,0.134867,0.446970,0.442495,0.514662,0.510535,0.000000,1.527588,0.321309,0.356487,0.214449,0.367121,0.150434,0.075581,0.396852,0.276923,0.271167,0.236181,0.249848,0.259842,0.337601,0.415684,0.124898,0.088197,0.105016,0.162743,0.086714,0.106438,0.104370,0.230060,0.587831,0.417231,0.256876,0.160000,0.486577,0.552563,0.622919,0.525131,0.317974,0.345259,0.325088,0.312346,0.393296,0.210976,0.129697,0.156633,0.386359,0.419734,0.568788,0.452882,0.451687,0.499385,0.375718,0.373445,0.302577,0.459367,0.309514,0.268891,0.277207,0.273774,0.074770,0.082642,0.069975,0.175225
0.690243,0.654790,0.422700,0.445856,0.340611,0.228468,0.368075,0.517945,0.359412,0.300107,0.681226,0.711050,0.583835,0.530737,0.454770,0.431288,0.615314,0.665223,0.714344,0.702898,0.312537,0.247936,0.357056,0.404164,0.369529,0.065896,0.178711,0.135802,0.542137,0.574320,0.472556,0.515975,1.527588,0.000000,0.326062,0.360930,0.297473,0.485844,0.226021,0.166398,0.494148,0.411553,0.388293,0.321214,0.362042,0.368713,0.464723,0.484675,0.208201,0.208487,0.185512,0.237817,0.165670,0.226186,0.227337,0.344223,0.702467,0.599825,0.385556,0.317379,0.687767,0.804974,0.826054,0.742790,0.323151,0.385932,0.349612,0.357228,0.563977,0.409954,0.185606,0.207460,0.553827,0.645092,0.647957,0.566225,0.558309,0.627917,0.416528,0.372160,0.459876,0.572258,0.500271,0.533478,0.355579,0.392749,0.207686,0.243175,0.186231,0.268702
0.384622,0.074531,0.549293,0.411450,0.257802,0.276361,0.407517,0.234781,0.063570,0.084831,0.222265,0.025484,0.057136,-0.047510,0.217416,0.244023,-0.133493,-0.024898,0.370192,0.203523,0.303256,0.282198,0.819581,0.739392,0.561339,0.628779,0.493905,0.543845,-0.029889,0.051865,0.430858,0.522635,0.321309,0.326062,0.000000,0.897106,-0.161327,-0.007930,0.004474,0.166414,0.121863,-0.080165,0.267660,0.225661,0.288751,0.060672,0.216942,0.343065,-0.106304,-0.142258,-0.026131,0.017187,-0.054862,0.068384,0.098270,0.148322,0.213647,0.038654,0.176031,-0.004938,0.332132,0.256574,0.046301,-0.043455,1.138724,0.890761,0.878951,0.852340,0.178398,0.074889,0.106038,0.116986,0.231321,0.245681,0.268903,0.103379,0.215787,0.250973,0.225455,0.097621,0.000776,0.076297,-0.016760,-0.054351,0.413923,0.358153,-0.040045,0.127679,0.282480,0.379551
0.569418,0.316942,0.351311,0.325190,0.329800,0.233516,0.386038,0.284599,0.005708,0.148793,0.097290,0.202558,0.166999,0.217728,0.343058,0.375923,0.043812,0.074498,0.559476,0.415496,0.254068,0.264768,0.477509,0.519220,0.323216,0.301111,0.744840,0.557277,0.069664,0.207594,0.334091,0.473707,0.356487,0.360930,0.897106,0.000000,-0.025960,0.200526,0.082715,0.368169,0.116904,-0.083598,0.424844,0.402931,0.432952,0.268122,0.407983,0.547570,0.082481,0.007830,0.155954,0.120987,0.107840,0.137825,0.364239,0.404360,0.439255,0.285066,0.409561,0.152786,0.421169,0.311949,0.223740,0.124716,0.651185,0.630450,0.805768,0.870989,0.369648,0.298666,0.079887,0.116175,0.439436,0.302405,0.361650,0.318415,0.513746,0.492051,0.342823,0.185172,0.199737,0.294628,0.176195,0.143247,0.504366,0.540856,0.145444,0.193949,0.288967,0.316303
0.132909,0.390491,0.031529,-0.012764,0.152950,0.049232,0.054953,0.083891,0.284880,0.153498,0.255425,0.386581,0.382835,0.391081,0.419477,0.321755,0.634539,0.494706,0.226122,0.276402,0.404561,0.198937,-0.106359,-0.089530,0.036024,-0.077508,0.068183,-0.001419,0.744792,0.500824,0.180409,0.092926,0.214449,0.297473,-0.161327,-0.025960,0.000000,0.804668,0.776517,0.438461,0.579729,0.672549,0.404394,0.402635,0.359137,0.450354,0.361829,0.259444,0.422694,0.377271,0.307485,0.305694,0.213539,0.269466,0.396292,0.315054,0.243942,0.376746,0.157725,0.186512,0.195900,0.231396,0.489581,0.456161,-0.044745,-0.110268,0.034633,-0.007126,0.313348,0.220077,0.123587,0.022319,0.527517,0.383809,0.443902,0.335252,0.439768,0.356607,0.288155,0.348644,0.720344,0.378890,0.662004,0.591172,0.413210,0.306211,0.381947,0.363725,0.294024,0.113395
0.413019,0.544412,0.166989,0.211075,0.197886,0.268176,0.209834,0.304284,0.377329,0.317394,0.366559,0.631311,0.558171,0.505569,0.576474,0.445963,0.627852,0.565465,0.420582,0.463833,0.316311,0.195175,0.055772,0.088270,0.118397,0.089599,0.196161,0.110808,0.439481,0.354482,0.156813,0.152592,0.367121,0.485844,-0.007930,0.200526,0.804668,0.000000,0.431575,0.674262,0.518386,0.653636,0.578476,0.604350,0.479663,0.536823,0.554937,0.524360,0.389098,0.392119,0.387592,0.478544,0.373497,0.399042,0.536991,0.526815,0.407114,0.564317,0.334045,0.377649,0.433679,0.397619,0.665271,0.570113,0.128063,0.123646,0.233798,0.246647,0.464317,0.416394,0.130951,0.075974,0.659539,0.569489,0.472923,0.375067,0.639656,0.544917,0.291424,0.210379,0.659677,0.538883,0.591603,0.691071,0.587911,0.570860,0.281815,0.437075,0.438746,0.398985
0.004253,0.195774,0.137025,-0.003148,0.178939,-0.088091,0.138614,0.095561,0.182840,0.064247,0.181529,0.251315,0.332350,0.230731,0.291263,0.289562,0.285038,0.200323,0.188132,0.180280,0.251989,0.100958,0.011844,0.015458,-0.014792,-0.141121,0.063256,0.014178,0.439638,0.246675,0.172273,0.105402,0.150434,0.226021,0.004474,0.082715,0.776517,0.431575,0.000000,0.464819,0.729031,0.548852,0.381180,0.332135,0.250251,0.356780,0.277486,0.219291,0.325746,0.303882,0.259017,0.252245,0.220328,0.256605,0.272704,0.333863,0.031306,0.108520,0.074186,0.099787,0.128266,0.208002,0.291104,0.251961,0.081460,-0.019467,0.033699,0.007983,0.135742,0.064681,0.048348,-0.027068,0.356869,0.249110,0.284086,0.176173,0.345962,0.279833,0.041277,0.121958,0.401207,0.199834,0.497261,0.501466,0.339571,0.325413,0.522197,0.451047,0.337419,0.141132
0.371600,0.307597,0.144026,0.179458,0.217261,0.214935,0.282285,0.296583,0.198654,0.317868,0.097142,0.341447,0.413978,0.376068,0.491584,0.525626,0.180145,0.146987,0.324207,0.329816,0.192769,0.140157,0.086476,0.152799,0.109645,0.146414,0.464381,0.254610,0.234890,0.216899,0.125667,0.178303,0.075581,0.166398,0.166414,0.368169,0.438461,0.674262,0.464819,0.000000,0.417940,0.297539,0.521851,0.647657,0.407455,0.419766,0.446905,0.485120,0.251821,0.290414,0.289274,0.408416,0.245879,0.383924,0.680711,0.646570,0.198198,0.356929,0.315721,0.369600,0.325073,0.349437,0.345002,0.301862,0.280831,0.321223,0.367005,0.436081,0.239032,0.297408,0.202718,0.139178,0.535698,0.493892,0.245161,0.243521,0.545916,0.393594,0.094334,0.135520,0.467378,0.413894,0.392842,0.499582,0.705664,0.777287,0.462333,0.485314,0.662695,0.450301
0.246067,0.324786,0.352355,0.263338,0.204806,0.096096,0.268870,0.333997,0.300206,0.211822,0.339800,0.441503,0.434944,0.347682,0.427762,0.405700,0.430131,0.388790,0.374381,0.377392,0.262620,0.203369,0.227467,0.263201,0.182120,0.025955,0.024605,0.036662,0.466578,0.200896,0.286461,0.223395,0.396852,0.494148,0.121863,0.116904,0.579729,0.518386,0.729031,0.417940,0.000000,0.766374,0.358842,0.251426,0.239324,0.307097,0.320304,0.241587,0.241988,0.322127,0.229967,0.286496,0.171127,0.260179,0.265733,0.254348,0.223112,0.259026,0.186695,0.217309,0.288305,0.374768,0.497039,0.372801,0.180944,0.138804,0.183364,0.205249,0.274212,0.248314,0.203810,0.120149,0.642130,0.592739,0.410908,0.365242,0.452868,0.451435,0.129120,0.042998,0.464687,0.329978,0.487778,0.574877,0.397682,0.439309,0.460041,0.650286,0.373155,0.306319
0.051367,0.343162,0.067394,0.069033,0.005326,-0.012592,-0.028715,0.147880,0.252696,0.079302,0.196228,0.351989,0.289609,0.242624,0.299768,0.216061,0.463819,0.420143,0.212122,0.299771,0.117429,0.106158,-0.077327,-0.061792,0.006659,-0.066819,-0.117997,-0.121021,0.319937,0.211923,0.051660,-0.010754,0.276923,0.411553,-0.080165,-0.083598,0.672549,0.653636,0.548852,0.297539,0.766374,0.000000,0.241680,0.166915,0.141488,0.273186,0.232167,0.110320,0.190066,0.255148,0.196146,0.290208,0.066209,0.122556,0.100163,0.178422,0.180499,0.328584,0.094126,0.154647,0.188731,0.278575,0.443403,0.348223,-0.001888,-0.009689,-0.043661,-0.036206,0.328932,0.281050,-0.061652,-0.112042,0.435650,0.503578,0.374492,0.330007,0.252519,0.268227,0.000830,0.119635,0.433649,0.324166,0.423371,0.557082,0.247331,0.200002,0.203336,0.377772,0.132290,0.114540
0.654484,0.678524,0.525305,0.405494,0.639056,0.522498,0.527978,0.404351,0.509725,0.545706,0.326945,0.538995,0.530654,0.401598,0.662447,0.592967,0.263727,0.311055,0.683445,0.632414,0.351274,0.363213,0.396250,0.459930,0.441490,0.250393,0.587574,0.521976,0.312364,0.383566,0.368286,0.442994,0.271167,0.388293,0.267660,0.424844,0.404394,0.578476,0.381180,0.521851,0.358842,0.241680,0.000000,1.669268,1.390629,1.214703,1.685163,1.395908,0.949803,0.840244,0.922310,0.857800,0.902012,0.959269,1.065265,1.111824,0.419427,0.584821,0.710758,0.631793,0.582156,0.435411,0.517071,0.503052,0.324329,0.231983,0.735534,0.633341,0.642693,0.615030,0.140985,0.101685,0.623745,0.538909,0.702288,0.431746,0.649873,0.524720,0.231951,0.154656,0.516123,0.512522,0.709358,0.702916,0.806802,0.794224,0.364901,0.452165,0.694566,0.700471
0.531014,0.519726,0.351479,0.299879,0.563417,0.458520,0.418428,0.309747,0.419370,0.493128,0.224124,0.464961,0.441411,0.366272,0.503798,0.489085,0.183524,0.223010,0.488194,0.447097,0.341966,0.330582,0.281626,0.369884,0.341422,0.210508,0.628050,0.489291,0.273438,0.333334,0.304674,0.376788,0.236181,0.321214,0.225661,0.402931,0.402635,0.604350,0.332135,0.647657,0.251426,0.166915,1.669268,0.000000,1.236594,1.184930,1.268403,1.261511,0.833168,0.782896,0.794099,0.826434,0.793763,0.800498,1.032955,1.063535,0.338260,0.494854,0.570431,0.561132,0.461526,0.365210,0.418900,0.417077,0.258203,0.224192,0.602497,0.573527,0.456044,0.461076,0.175397,0.121073,0.554491,0.497429,0.611745,0.329130,0.602538,0.475153,0.224585,0.134489,0.469090,0.440755,0.549086,0.545570,0.739900,0.765258,0.267390,0.322098,0.633212,0.607679
0.590028,0.632197,0.492785,0.370994,0.614788,0.466811,0.473546,0.317940,0.474011,0.438649,0.305370,0.460701,0.404766,0.355588,0.603956,0.485916,0.281017,0.329928,0.524877,0.506610,0.452254,0.471417,0.447958,0.513078,0.511765,0.312229,0.497739,0.496067,0.388453,0.461434,0.474079,0.553217,0.249848,0.362042,0.288751,0.432952,0.359137,0.479663,0.250251,0.407455,0.239324,0.141488,1.390629,1.236594,0.000000,1.434174,1.196988,1.078362,1.162627,0.884684,0.851560,0.746827,0.697327,0.760942,0.799508,0.882428,0.433529,0.567958,0.752356,0.544358,0.482561,0.336033,0.393058,0.398336,0.347035,0.222775,0.768834,0.664121,0.535361,0.501043,0.208204,0.199056,0.546896,0.447407,0.640596,0.392447,0.559234,0.478486,0.426948,0.257110,0.487493,0.360122,0.567342,0.522049,0.612530,0.569734,0.249731,0.341987,0.470339,0.527604
0.441142,0.586270,0.299440,0.286114,0.507488,0.351012,0.326678,0.291150,0.430507,0.444169,0.206158,0.508029,0.403995,0.415917,0.494669,0.396637,0.302368,0.330027,0.407675,0.483912,0.333211,0.307065,0.201870,0.304671,0.292193,0.078719,0.347337,0.274230,0.421728,0.418209,0.338866,0.362492,0.259842,0.368713,0.060672,0.268122,0.450354,0.536823,0.356780,0.419766,0.307097,0.273186,1.214703,1.184930,1.434174,0.000000,1.068459,0.880792,1.315209,1.093336,0.841800,0.767279,0.657165,0.634185,0.767666,0.865436,0.373011,0.535084,0.656444,0.594976,0.388569,0.331712,0.440017,0.464501,0.112254,0.082215,0.480445,0.500015,0.442139,0.464304,0.167881,0.131737,0.479663,0.430584,0.599252,0.382200,0.533476,0.489692,0.301607,0.190172,0.480030,0.449329,0.604279,0.639907,0.509380,0.518989,0.344794,0.309367,0.405732,0.394250
0.767053,0.792151,0.570002,0.537048,0.730601,0.651825,0.631572,0.566939,0.666524,0.679598,0.390755,0.665618,0.587690,0.497815,0.720170,0.614433,0.343868,0.358672,0.734034,0.720972,0.357809,0.390457,0.375506,0.444708,0.480456,0.211677,0.544936,0.542467,0.324463,0.466546,0.400812,0.452232,0.337601,0.464723,0.216942,0.407983,0.361829,0.554937,0.277486,0.446905,0.320304,0.232167,1.685163,1.268403,1.196988,1.068459,0.000000,1.436335,0.891804,0.926874,1.085563,0.963562,1.057903,1.083285,1.065561,1.172797,0.469596,0.713226,0.808048,0.820339,0.691204,0.569474,0.599873,0.631229,0.260629,0.242386,0.715812,0.638453,0.633695,0.708117,0.142505,0.108327,0.592637,0.587615,0.728720,0.497707,0.693365,0.614687,0.275615,0.207655,0.489348,0.512048,0.760296,0.768474,0.688706,0.750029,0.342732,0.451920,0.657181,0.748224
0.782805,0.606380,0.617693,0.520408,0.755208,0.658800,0.708326,0.525737,0.582835,0.636283,0.418142,0.604940,0.572874,0.481389,0.711840,0.640454,0.264690,0.295357,0.687450,0.593838,0.426307,0.409939,0.486709,0.562464,0.577355,0.313190,0.721428,0.676909,0.281161,0.425948,0.488969,0.579676,0.415684,0.484675,0.343065,0.547570,0.259444,0.524360,0.219291,0.485120,0.241587,0.110320,1.395908,1.261511,1.078362,0.880792,1.436335,0.000000,0.732696,0.662899,0.804450,0.883991,0.928055,1.065281,0.960087,1.181149,0.490230,0.557469,0.692415,0.656426,0.695720,0.543451,0.547352,0.519203,0.452246,0.412354,0.856821,0.766045,0.537914,0.513009,0.129446,0.118362,0.559238,0.521747,0.747531,0.433028,0.721240,0.642945,0.329432,0.229446,0.375750,0.448791,0.603505,0.520801,0.786914,0.810538,0.274962,0.308404,0.782397,0.864239
0.323143,0.478270,0.258727,0.251634,0.428195,0.357022,0.290684,0.218328,0.427868,0.434925,0.176812,0.424279,0.359842,0.371368,0.481130,0.359830,0.257714,0.214048,0.312296,0.372388,0.301220,0.270958,0.137075,0.209004,0.298184,0.087568,0.194972,0.193557,0.389068,0.356506,0.310791,0.309889,0.124898,0.208201,-0.106304,0.082481,0.422694,0.389098,0.325746,0.251821,0.241988,0.190066,0.949803,0.833168,1.162627,1.315209,0.891804,0.732696,0.000000,1.197457,1.111676,0.919907,0.845413,0.735939,0.722540,0.726246,0.225595,0.402446,0.625493,0.601461,0.312147,0.203881,0.333661,0.348589,0.018291,-0.056813,0.345919,0.274297,0.399017,0.374065,0.207392,0.193421,0.333271,0.293593,0.519525,0.276928,0.399835,0.352118,0.228263,0.167513,0.361185,0.259184,0.554773,0.475790,0.422132,0.353500,0.311124,0.242137,0.378382,0.347702
