0.000000,0.479059,0.176571,0.205215,-0.094543,0.086956,0.255387,0.249021,0.112727,0.224165,0.648504,0.470178,0.495423,0.279430,0.242095,0.095230,0.586078,0.381911,0.675904,0.471256,0.586155,0.296129,0.016021,-0.060343,-0.099920,-0.031347,0.090773,0.179442,0.504338,0.267246,0.256661,0.217006,0.322806,0.233056,-0.034405,0.072596,0.280413,0.237017,0.166653,0.188118,0.272992,0.399884,0.157153,0.167591,0.079587,0.165913,0.323554,0.318687,0.255178,0.418180,0.356680,0.416918,0.409063,0.518829,0.384446,0.450774,1.102085,0.494014,0.509278,0.426763,0.547516,0.425618,0.653028,0.399086,-0.040835,0.139644,0.374228,0.382936,0.577710,0.460565,0.327340,0.229357,0.766795,0.546802,0.424581,0.390156,0.518731,0.498345,0.142650,0.243412,0.517716,0.410939,0.166234,0.159524,0.297791,0.263919,0.036268,0.311042,0.332079,0.350676
0.479059,0.000000,-0.129873,0.168243,-0.163620,-0.020572,-0.108226,0.180520,-0.060999,-0.056043,0.434372,0.552235,0.262977,0.339342,0.178176,0.208275,0.769881,0.919350,0.429212,0.770358,0.444133,0.296496,-0.075821,0.025575,-0.013771,-0.094006,0.042107,0.103097,0.611239,0.587633,0.253578,0.332456,0.470291,0.530240,0.015945,-0.009474,0.250151,0.312370,0.000144,0.102789,0.312122,0.592189,0.068472,0.109136,0.155080,0.211087,0.195059,0.209900,0.204609,0.344681,0.339794,0.542121,0.223864,0.280458,0.189234,0.388067,0.681504,1.357498,0.130970,0.367968,0.341687,0.625806,0.584378,0.859524,0.023796,0.074873,0.243392,0.466786,0.602314,0.683345,0.373534,0.323606,0.583445,0.525926,0.296154,0.408311,0.441753,0.465014,0.415804,0.422709,0.869480,0.807746,0.217685,0.296657,0.438327,0.460535,0.162445,0.191092,0.059390,0.224042
0.176571,-0.129873,0.000000,0.905574,0.751391,0.743037,1.217266,0.699610,0.790331,0.743424,0.116399,0.363743,0.658274,0.553500,0.904634,0.705935,-0.144339,-0.046566,0.555164,0.290004,0.081177,0.347571,1.307266,0.938453,0.875387,0.892856,0.589836,0.607328,0.004186,0.074281,0.698965,0.558730,0.402949,0.391654,0.571083,0.704346,0.065304,0.048368,0.171247,0.313546,0.028726,0.283927,0.431954,0.407672,0.236174,0.349689,0.498289,0.378578,0.165440,0.013758,0.204262,0.174776,0.274315,0.137039,0.359723,0.346569,-0.107198,-0.143068,-0.046652,-0.008403,0.061113,-0.002645,-0.149787,-0.080574,0.730836,0.637273,0.427892,0.392276,0.249304,0.138706,-0.103596,-0.054012,0.289479,0.360645,0.686061,0.461689,0.375218,0.466450,-0.228923,-0.143815,-0.078636,-0.115141,0.214346,0.223388,0.493748,0.355391,0.136122,0.450150,0.937319,0.676028
0.205215,0.168243,0.905574,0.000000,0.800839,0.951321,0.904276,1.400142,0.740276,0.834817,0.173308,0.742667,0.598092,1.032066,0.684478,0.973902,-0.020357,0.227792,0.806249,0.635500,0.101874,0.368879,1.047163,1.255615,0.867720,1.028337,0.603117,0.740620,0.012964,0.249581,0.806630,0.850202,0.713911,0.732573,0.435830,0.630754,-0.039423,0.036513,0.030578,0.384653,0.016266,0.361959,0.433804,0.439458,0.251038,0.462925,0.575659,0.452154,0.313733,0.188870,0.332550,0.367151,0.408067,0.184435,0.432064,0.473481,-0.021840,0.128069,0.160588,0.349743,0.284665,0.400994,0.064881,0.216581,0.789336,0.969334,0.637586,0.798745,0.465487,0.467114,-0.139238,-0.141597,0.314938,0.361734,0.711808,0.445197,0.390482,0.472708,-0.166094,-0.023474,0.148345,0.059119,0.413028,0.533812,0.541799,0.680959,0.265648,0.639678,0.935457,1.009622
-0.094543,-0.163620,0.751391,0.800839,0.000000,1.423499,0.791713,0.667260,1.118361,1.062356,-0.081157,0.261438,0.491711,0.525863,0.643203,0.753260,-0.295183,-0.100006,0.430903,0.240746,0.039552,0.452425,0.877917,0.742169,1.081091,1.356340,1.130939,1.092502,-0.289034,-0.008717,0.447435,0.369905,0.424143,0.434991,0.454876,0.614525,-0.138652,-0.116020,-0.078422,0.133489,-0.115812,0.074807,0.449760,0.444128,0.250909,0.364165,0.459924,0.294763,0.131045,-0.051747,-0.032059,-0.031059,0.153126,-0.071919,0.195291,0.193308,-0.282069,-0.162448,-0.149443,0.048872,0.035170,0.014666,-0.332007,-0.165350,0.764857,0.812758,0.326700,0.344514,0.276271,0.246061,-0.211720,-0.251501,0.121557,0.262413,0.505456,0.335964,0.195227,0.238679,-0.205736,-0.121990,-0.126819,-0.209333,0.317265,0.333378,0.192065,0.186985,0.043904,0.255692,0.627381,0.515328
0.086956,-0.020572,0.743037,0.951321,1.423499,0.000000,0.811910,0.967447,1.291938,1.364260,0.149984,0.508566,0.647027,0.825671,0.677748,0.846547,-0.160312,0.046641,0.593376,0.407358,0.175851,0.524644,0.881227,0.751059,0.925781,1.421465,1.007667,1.148434,-0.128713,0.138048,0.599233,0.498938,0.522553,0.508438,0.399896,0.617174,-0.141551,-0.126666,-0.190218,0.109755,-0.048909,0.180676,0.590615,0.606208,0.373536,0.562848,0.602625,0.467860,0.244597,0.080727,0.059679,0.072693,0.176024,-0.046371,0.202098,0.260121,-0.137653,-0.102799,-0.032916,0.142202,0.161395,0.177374,-0.177375,-0.065271,0.786197,0.888148,0.454496,0.469830,0.442015,0.367993,-0.024667,-0.084837,0.311500,0.335771,0.597096,0.376942,0.254792,0.250343,-0.161003,-0.026783,-0.020308,-0.138896,0.326788,0.402381,0.247031,0.258545,-0.014989,0.276803,0.663820,0.565304
0.255387,-0.108226,1.217266,0.904276,0.791713,0.811910,0.000000,0.889649,0.998118,0.907149,0.184916,0.496648,0.847762,0.589981,0.754131,0.582871,-0.190403,-0.020704,0.725520,0.430245,0.071337,0.313714,0.867709,0.737316,0.586863,0.740003,0.533446,0.559893,0.035174,0.118938,0.540850,0.482928,0.426828,0.440039,0.284373,0.431983,0.039302,0.016754,0.143868,0.289030,-0.033011,0.210143,0.470525,0.425249,0.206991,0.335127,0.580998,0.411717,0.227227,0.097194,0.206702,0.203244,0.404080,0.220381,0.469234,0.405353,-0.132036,-0.110503,0.012802,0.088639,0.202795,0.212980,-0.042209,0.095667,0.627946,0.701496,0.404093,0.371906,0.350048,0.223503,-0.120855,-0.117553,0.303427,0.331609,0.753986,0.442239,0.362271,0.452921,-0.216693,-0.186408,-0.048416,-0.130066,0.243151,0.313355,0.342341,0.312268,0.025439,0.398033,0.776295,0.640805
0.249021,0.180520,0.699610,1.400142,0.667260,0.967447,0.889649,0.000000,0.832745,0.859687,0.344282,1.021204,0.769623,1.266316,0.633917,0.723990,-0.024691,0.229605,0.721612,0.609626,0.100322,0.265206,0.785237,0.816655,0.578980,0.831660,0.503599,0.623341,0.085396,0.282325,0.696577,0.689777,0.585248,0.578717,0.293364,0.436575,-0.082961,-0.014105,-0.020027,0.313315,0.007938,0.274967,0.398494,0.401199,0.231448,0.432946,0.523479,0.438880,0.284378,0.165284,0.301230,0.311583,0.399163,0.145900,0.378351,0.395914,-0.022710,0.081436,0.154154,0.282212,0.355662,0.510474,0.083934,0.204439,0.723939,0.959090,0.585861,0.646572,0.471844,0.460940,0.023970,-0.029683,0.343355,0.256081,0.649519,0.345924,0.319812,0.328449,-0.104312,0.005646,0.167679,0.062287,0.332828,0.474858,0.450400,0.540586,0.083589,0.474482,0.802857,0.733007
0.112727,-0.060999,0.790331,0.740276,1.118361,1.291938,0.998118,0.832745,0.000000,1.234041,0.165506,0.468663,0.914329,0.695442,0.805578,0.677529,-0.193744,-0.003402,0.534276,0.373549,0.167040,0.453944,0.764276,0.601690,0.701925,1.012371,0.772090,0.779947,-0.068480,0.112858,0.528747,0.405564,0.423459,0.416302,0.341358,0.437302,-0.052547,-0.033358,0.019887,0.198361,-0.033678,0.156530,0.481368,0.482866,0.260931,0.460804,0.499835,0.411150,0.171185,0.036991,0.069388,0.120850,0.225164,0.004502,0.244086,0.272273,-0.163325,-0.106523,-0.117924,0.037603,0.164484,0.169619,-0.175041,-0.031074,0.628737,0.682183,0.365898,0.393270,0.380586,0.326829,0.060394,-0.003724,0.305453,0.358692,0.627396,0.434143,0.267368,0.297261,-0.150037,-0.058429,-0.023757,-0.097808,0.183005,0.308103,0.217824,0.246181,-0.095958,0.226593,0.594551,0.447959
0.224165,-0.056043,0.743424,0.834817,1.062356,1.364260,0.907149,0.859687,1.234041,0.000000,0.209312,0.530743,0.798240,0.709800,0.727814,0.704087,-0.140505,0.020147,0.649930,0.415518,0.193859,0.529218,0.783457,0.624563,0.662468,0.978402,0.771759,0.973977,-0.026963,0.160993,0.586034,0.463830,0.452579,0.457632,0.301143,0.448888,-0.039806,-0.045542,-0.116228,0.146305,-0.041981,0.179129,0.584905,0.567751,0.310096,0.521376,0.656502,0.476294,0.284899,0.144501,0.119917,0.129012,0.275399,0.049313,0.293812,0.294035,-0.088562,-0.108786,0.082891,0.150046,0.224263,0.239206,-0.092283,-0.022666,0.575565,0.726175,0.409034,0.413556,0.395872,0.295381,0.040040,-0.016152,0.388400,0.372883,0.703775,0.483546,0.299159,0.294043,-0.196044,-0.006835,-0.013329,-0.140618,0.243800,0.340850,0.215871,0.256377,-0.068073,0.277521,0.632648,0.594170
0.648504,0.434372,0.116399,0.173308,-0.081157,0.149984,0.184916,0.344282,0.165506,0.209312,0.000000,0.682790,0.589094,0.469534,0.316412,0.161103,0.451883,0.337554,0.412688,0.380981,0.396155,0.128191,0.066369,-0.019335,-0.039173,0.033404,0.070366,0.103407,0.595448,0.391580,0.329238,0.208318,0.154181,0.126278,-0.037311,-0.062683,0.146525,0.045372,0.066006,0.109981,0.092883,0.348896,0.038918,0.051926,0.017344,0.096935,0.148539,0.134529,-0.018663,0.108935,0.028211,0.047237,0.100232,0.118332,0.109641,0.089966,0.348812,0.298509,0.092569,0.228269,0.189426,0.334320,0.240900,0.192537,0.083642,0.126140,0.065859,0.113894,0.336345,0.260665,0.442419,0.339001,0.527865,0.312476,0.261500,0.259490,0.278179,0.285795,0.232480,0.256959,0.319709,0.225297,0.147403,0.086847,0.280197,0.173180,-0.074804,0.132768,0.183963,0.126915
0.470178,0.552235,0.363743,0.742667,0.261438,0.508566,0.496648,1.021204,0.468663,0.530743,0.682790,0.000000,0.884670,1.315376,0.613734,0.614328,0.290161,0.583160,0.737348,0.844601,0.268668,0.255258,0.417554,0.511171,0.300663,0.401536,0.256934,0.365748,0.514016,0.554571,0.692805,0.701300,0.545721,0.584800,0.088018,0.194427,0.137674,0.234599,0.002120,0.281419,0.202983,0.552694,0.256773,0.268004,0.184118,0.335328,0.367452,0.339250,0.171240,0.205218,0.283684,0.385841,0.322252,0.166398,0.326159,0.364756,0.229253,0.340138,0.124270,0.288734,0.388461,0.831992,0.360286,0.554645,0.364857,0.602529,0.393812,0.549340,0.619125,0.533904,0.303779,0.243790,0.580170,0.464683,0.656829,0.475835,0.432570,0.457949,0.102563,0.131766,0.447051,0.340883,0.287801,0.364572,0.563811,0.665933,0.009399,0.404672,0.503226,0.548425
0.495423,0.262977,0.658274,0.598092,0.491711,0.647027,0.847762,0.769623,0.914329,0.798240,0.589094,0.884670,0.000000,0.838612,0.952511,0.610984,0.110032,0.256733,0.704835,0.549307,0.283484,0.386293,0.545781,0.440179,0.378733,0.524429,0.417439,0.437245,0.351103,0.338101,0.554165,0.440910,0.433425,0.418145,0.154289,0.247205,0.134961,0.136877,0.110011,0.302753,0.059178,0.466775,0.354982,0.339574,0.169401,0.329424,0.437419,0.393789,0.156678,0.152505,0.197441,0.292084,0.361754,0.235368,0.307775,0.381566,0.150104,0.152292,0.011470,0.116491,0.383993,0.415232,0.114352,0.234721,0.439238,0.561386,0.364120,0.422424,0.551564,0.464154,0.239655,0.161208,0.541331,0.509025,0.749932,0.564454,0.395365,0.429539,0.001030,0.060680,0.248172,0.174698,0.200179,0.271094,0.449031,0.401991,-0.010262,0.321169,0.580979,0.473005
0.279430,0.339342,0.553500,1.032066,0.525863,0.825671,0.589981,1.266316,0.695442,0.709800,0.469534,1.315376,0.838612,0.000000,0.717647,0.956737,0.210924,0.511835,0.689168,0.724688,0.133430,0.224751,0.681502,0.803686,0.609446,0.784191,0.453751,0.578296,0.311095,0.534819,0.748368,0.766810,0.596386,0.616657,0.308840,0.402404,0.075650,0.159895,-0.001645,0.351744,0.096394,0.465415,0.348229,0.370257,0.192059,0.383497,0.428037,0.390194,0.174078,0.086766,0.255248,0.358409,0.299828,0.085399,0.342895,0.370690,0.126673,0.176258,0.035946,0.175083,0.287788,0.485627,0.173810,0.297387,0.581837,0.743515,0.482645,0.633641,0.560136,0.510765,0.121185,0.062751,0.451783,0.435337,0.669229,0.457729,0.355761,0.311730,0.117611,0.175349,0.335640,0.227196,0.380427,0.446044,0.601437,0.668085,0.165855,0.532319,0.712203,0.694713
0.242095,0.178176,0.904634,0.684478,0.643203,0.677748,0.754131,0.633917,0.805578,0.727814,0.316412,0.613734,0.952511,0.717647,0.000000,0.986203,0.107285,0.255349,0.530168,0.430996,0.344895,0.575809,0.985861,0.736524,0.728564,0.729725,0.621214,0.604493,0.347651,0.399520,0.951461,0.771389,0.574343,0.573862,0.579876,0.608884,0.125584,0.097076,0.157957,0.289581,0.174302,0.544019,0.264516,0.277188,0.199255,0.310618,0.316520,0.250485,-0.025783,-0.081656,0.058336,0.153925,0.103714,-0.050682,0.194973,0.178778,0.077828,0.194637,-0.214262,-0.060424,0.105064,0.180479,-0.005142,0.166469,0.670527,0.671617,0.396059,0.483898,0.440335,0.391746,0.141640,0.101192,0.590517,0.593477,0.881283,0.659356,0.427756,0.518879,0.073565,0.166684,0.197643,0.194237,0.401725,0.366928,0.560905,0.452802,-0.005508,0.394079,0.809987,0.568953
0.095230,0.208275,0.705935,0.973902,0.753260,0.846547,0.582871,0.723990,0.677529,0.704087,0.161103,0.614328,0.610984,0.956737,0.986203,0.000000,0.098132,0.345164,0.533313,0.491094,0.177954,0.487642,1.048081,1.137152,1.022236,1.034047,0.645067,0.762905,0.207082,0.452031,0.901318,0.892617,0.672413,0.695876,0.625803,0.742234,0.051574,0.109089,-0.055711,0.319182,0.041459,0.525467,0.400712,0.420121,0.257021,0.406134,0.382929,0.354562,0.139882,-0.002894,0.196008,0.288838,0.170213,-0.002916,0.195322,0.278406,0.030991,0.146017,-0.087603,0.073680,0.152320,0.194552,-0.027201,0.125866,0.768950,0.814181,0.455532,0.634344,0.406478,0.419725,-0.016013,-0.049596,0.401923,0.470673,0.738047,0.563820,0.381732,0.399463,0.059042,0.190265,0.222005,0.143042,0.468525,0.477353,0.575954,0.617322,0.240563,0.498132,0.729084,0.788097
0.586078,0.769881,-0.144339,-0.020357,-0.295183,-0.160312,-0.190403,-0.024691,-0.193744,-0.140505,0.451883,0.290161,0.110032,0.210924,0.107285,0.098132,0.000000,0.986950,0.419979,0.570110,0.395541,0.179522,-0.174827,-0.106631,-0.131363,-0.203819,-0.103221,0.013997,0.883789,0.752199,0.122364,0.216342,0.465437,0.433018,0.124321,-0.017413,0.568420,0.358432,0.086055,0.066009,0.357578,0.596318,-0.031128,-0.037236,-0.006852,-0.023114,0.073481,0.051682,0.108193,0.116887,0.296390,0.435288,0.151615,0.230632,0.226572,0.223970,0.903488,0.778045,0.175489,0.100382,0.337433,0.267667,0.792128,0.636068,-0.020821,-0.074521,0.311754,0.359263,0.494928,0.437087,0.221576,0.120276,0.551446,0.513190,0.269121,0.373983,0.451627,0.369466,0.787983,0.775712,1.100120,0.807929,0.345914,0.350503,0.444577,0.347097,0.310297,0.284519,0.094934,0.199091
0.381911,0.919350,-0.046566,0.227792,-0.100006,0.046641,-0.020704,0.229605,-0.003402,0.020147,0.337554,0.583160,0.256733,0.511835,0.255349,0.345164,0.986950,0.000000,0.578342,0.923246,0.373634,0.224797,-0.001980,0.133003,0.042951,0.035241,0.018245,0.094089,0.806467,1.145953,0.330305,0.475150,0.746098,0.781013,0.116004,0.106817,0.433831,0.446741,0.118782,0.207123,0.446916,0.665552,0.163401,0.188941,0.186023,0.218657,0.261269,0.229719,0.257452,0.256205,0.283019,0.528813,0.119038,0.122757,0.231466,0.320202,0.563439,0.788566,0.167937,0.230910,0.330072,0.603192,0.667690,0.887938,0.145855,0.188991,0.381112,0.604919,0.707308,0.694739,0.183959,0.091596,0.502121,0.523597,0.405945,0.412730,0.466964,0.436441,0.591567,0.709906,0.989805,0.901924,0.494241,0.701567,0.543945,0.591136,0.329684,0.447604,0.203529,0.356538
0.675904,0.429212,0.555164,0.806249,0.430903,0.593376,0.725520,0.721612,0.534276,0.649930,0.412688,0.737348,0.704835,0.689168,0.530168,0.533313,0.419979,0.578342,0.000000,1.261091,0.412283,0.469550,0.478903,0.515026,0.311983,0.437542,0.397602,0.485077,0.413228,0.534365,0.547443,0.606649,1.027254,0.971058,0.154968,0.357153,0.220492,0.181112,0.073375,0.174753,0.207349,0.487351,0.504631,0.517428,0.323253,0.487241,0.707492,0.535803,0.382876,0.336230,0.289209,0.394569,0.398973,0.248263,0.500858,0.564474,0.374151,0.363899,0.327334,0.390755,0.514743,0.600320,0.456687,0.534261,0.478068,0.617145,0.655644,0.775557,0.934757,0.730600,0.040217,-0.034436,0.656450,0.617363,0.809344,0.650602,0.703724,0.732552,0.109493,0.224316,0.524346,0.360348,0.589773,0.744413,0.491671,0.509084,0.231235,0.530610,0.619570,0.746317
0.471256,0.770358,0.290004,0.635500,0.240746,0.407358,0.430245,0.609626,0.373549,0.415518,0.380981,0.844601,0.549307,0.724688,0.430996,0.491094,0.570110,0.923246,1.261091,0.000000,0.442364,0.460116,0.303743,0.434046,0.236076,0.267138,0.260077,0.360984,0.544398,0.823690,0.546124,0.685779,1.103182,1.197397,0.136627,0.201506,0.331703,0.352471,0.051010,0.153494,0.333414,0.601955,0.432227,0.458400,0.362589,0.501830,0.603790,0.486744,0.419070,0.334199,0.373626,0.546960,0.351011,0.185234,0.443606,0.548574,0.381095,0.632131,0.212133,0.344134,0.468666,0.754205,0.552896,0.858871,0.375038,0.444249,0.646630,0.877268,1.114119,1.016194,0.168592,0.111445,0.693726,0.690184,0.805695,0.696520,0.723330,0.742314,0.258319,0.344271,0.757950,0.590301,0.491427,0.748410,0.564593,0.649806,0.285132,0.544559,0.420576,0.617898
0.586155,0.444133,0.081177,0.101874,0.039552,0.175851,0.071337,0.100322,0.167040,0.193859,0.396155,0.268668,0.283484,0.133430,0.344895,0.177954,0.395541,0.373634,0.412283,0.442364,0.000000,0.903668,0.072237,-0.052501,0.050769,0.066190,0.337753,0.296997,0.405246,0.399140,0.461692,0.365185,0.463764,0.416305,0.188605,0.239315,0.193381,0.143211,0.099758,0.049954,0.396255,0.357186,0.112459,0.152376,0.272890,0.267577,0.216348,0.209502,0.276467,0.359369,0.254653,0.253883,0.066396,0.068124,0.167419,0.239784,0.556547,0.461188,0.387475,0.392598,0.455658,0.369961,0.489863,0.423533,0.097415,0.127227,0.450665,0.425141,0.591975,0.510841,0.666174,0.515608,0.918612,0.710327,0.531435,0.504285,0.609332,0.621070,0.079975,0.246645,0.472762,0.464444,0.231230,0.277166,0.366981,0.309492,-0.048945,0.195864,0.306783,0.246659
0.296129,0.296496,0.347571,0.368879,0.452425,0.524644,0.313714,0.265206,0.453944,0.529218,0.128191,0.255258,0.386293,0.224751,0.575809,0.487642,0.179522,0.224797,0.469550,0.460116,0.903668,0.000000,0.372078,0.250366,0.375733,0.396321,0.593653,0.725065,0.164139,0.332795,0.619684,0.505861,0.597435,0.587060,0.354105,0.425818,0.179122,0.136097,-0.032842,0.092602,0.200414,0.430215,0.284649,0.290182,0.343020,0.377817,0.349599,0.273184,0.306702,0.288645,0.240173,0.238918,0.126166,0.066071,0.154019,0.311877,0.250128,0.312464,0.162002,0.264409,0.432078,0.304952,0.209762,0.299670,0.363918,0.391122,0.459883,0.483976,0.535077,0.486732,0.378528,0.352753,0.758438,0.788336,0.773105,0.749773,0.583274,0.716691,0.002622,0.179719,0.279756,0.253431,0.236267,0.334621,0.321800,0.298565,-0.047902,0.183689,0.375332,0.399781
0.016021,-0.075821,1.307266,1.047163,0.877917,0.881227,0.867709,0.785237,0.764276,0.783457,0.066369,0.417554,0.545781,0.681502,0.985861,1.048081,-0.174827,-0.001980,0.478903,0.303743,0.072237,0.372078,0.000000,1.433090,1.243009,1.127666,0.710384,0.704261,0.000621,0.132053,1.036324,0.860312,0.506132,0.478248,0.692842,0.795483,-0.119877,-0.096253,0.000252,0.244945,0.034603,0.298793,0.393984,0.410292,0.252613,0.394484,0.405163,0.326832,0.059395,-0.107431,0.083209,0.085221,0.130233,-0.071198,0.158525,0.187578,-0.159023,-0.076790,-0.146169,-0.044439,0.002448,0.001196,-0.205705,-0.098278,0.916740,0.803318,0.411742,0.456318,0.254748,0.247944,-0.103818,-0.074075,0.272306,0.309443,0.633468,0.453070,0.243536,0.346272,-0.193568,-0.068195,-0.051273,-0.038643,0.341825,0.354655,0.477986,0.454565,0.142670,0.435393,0.924487,0.736437
-0.060343,0.025575,0.938453,1.255615,0.742169,0.751059,0.737316,0.816655,0.601690,0.624563,-0.019335,0.511171,0.440179,0.803686,0.736524,1.137152,-0.106631,0.133003,0.515026,0.434046,-0.052501,0.250366,1.433090,0.000000,1.074836,0.994411,0.532324,0.558669,0.012448,0.176572,0.890333,0.970467,0.568552,0.615909,0.530931,0.655423,-0.076874,-0.022529,-0.005702,0.267891,-0.003070,0.375174,0.346943,0.360966,0.194010,0.341128,0.372242,0.299530,0.098100,-0.086649,0.176066,0.229825,0.206817,-0.020297,0.238178,0.251993,-0.192803,0.006123,-0.129547,-0.017447,0.014361,0.099175,-0.113059,0.061435,0.747722,0.735822,0.429873,0.592378,0.267922,0.296057,-0.220232,-0.152890,0.198496,0.295047,0.597363,0.437069,0.264222,0.340076,-0.179472,-0.096761,0.039555,0.014414,0.338457,0.409371,0.504912,0.628230,0.224397,0.473863,0.762074,0.789271
-0.099920,-0.013771,0.875387,0.867720,1.081091,0.925781,0.586863,0.578980,0.701925,0.662468,-0.039173,0.300663,0.378733,0.609446,0.728564,1.022236,-0.131363,0.042951,0.311983,0.236076,0.050769,0.375733,1.243009,1.074836,0.000000,1.353576,1.021990,0.919542,-0.094333,0.107898,0.754656,0.643459,0.404166,0.417688,0.735175,0.740427,-0.070973,-0.028993,0.001686,0.290023,0.084933,0.261930,0.420205,0.433704,0.287827,0.371312,0.418108,0.335162,0.127659,-0.089894,0.108226,0.125265,0.129097,-0.049830,0.211723,0.221752,-0.169347,-0.030703,-0.182253,-0.005489,-0.078895,-0.080979,-0.249439,-0.099713,0.790373,0.620665,0.386302,0.433754,0.215403,0.238412,-0.188839,-0.163811,0.179576,0.354013,0.474965,0.384178,0.188203,0.282423,-0.135258,-0.046911,-0.034183,-0.047607,0.306956,0.297616,0.464156,0.411920,0.234689,0.444206,0.778551,0.621031
-0.031347,-0.094006,0.892856,1.028337,1.356340,1.421465,0.740003,0.831660,1.012371,0.978402,0.033404,0.401536,0.524429,0.784191,0.729725,1.034047,-0.203819,0.035241,0.437542,0.267138,0.066190,0.396321,1.127666,0.994411,1.353576,0.000000,1.022056,1.059929,-0.180151,0.106710,0.729269,0.620882,0.479677,0.468070,0.532724,0.756006,-0.129269,-0.095530,-0.034837,0.272233,-0.006335,0.186287,0.547778,0.555376,0.371778,0.504527,0.525849,0.440919,0.176211,-0.013291,0.023641,0.055113,0.095927,-0.104790,0.202970,0.214620,-0.202365,-0.176128,-0.106312,0.074253,0.021063,0.029901,-0.295955,-0.173014,0.798535,0.874892,0.396491,0.477706,0.276479,0.272879,-0.150689,-0.180274,0.169914,0.280476,0.509631,0.298573,0.199500,0.232623,-0.153677,-0.067130,-0.084142,-0.141310,0.319335,0.364591,0.284356,0.326359,0.101732,0.362077,0.743235,0.595446
0.090773,0.042107,0.589836,0.603117,1.130939,1.007667,0.533446,0.503599,0.772090,0.771759,0.070366,0.256934,0.417439,0.453751,0.621214,0.645067,-0.103221,0.018245,0.397602,0.260077,0.337753,0.593653,0.710384,0.532324,1.021990,1.022056,0.000000,1.235856,-0.110367,0.074278,0.561719,0.438527,0.418894,0.428481,0.534689,0.667771,-0.133890,-0.095036,-0.065668,0.079835,0.045342,0.149929,0.361715,0.386112,0.280267,0.335374,0.395993,0.266948,0.081658,-0.044312,-0.019881,0.009329,0.083175,-0.109349,0.126280,0.139610,-0.038821,0.034056,-0.090074,0.097255,0.039991,0.036095,-0.171512,-0.076625,0.697323,0.658177,0.375106,0.392424,0.335048,0.336951,-0.014266,-0.073123,0.319382,0.418228,0.462307,0.430205,0.231729,0.310859,-0.092373,0.003566,0.036337,-0.002510,0.393434,0.315299,0.313266,0.268332,0.016500,0.264507,0.657115,0.487281
0.179442,0.103097,0.607328,0.740620,1.092502,1.148434,0.559893,0.623341,0.779947,0.973977,0.103407,0.365748,0.437245,0.578296,0.604493,0.762905,0.013997,0.094089,0.485077,0.360984,0.296997,0.725065,0.704261,0.558669,0.919542,1.059929,1.235856,0.000000,-0.023071,0.187157,0.613219,0.513935,0.487381,0.481933,0.496813,0.614272,-0.036332,-0.026598,-0.159077,0.113728,0.048402,0.256423,0.486770,0.486824,0.351170,0.443701,0.521680,0.384350,0.239599,0.076440,0.122643,0.138042,0.161315,0.026430,0.213459,0.279863,0.070576,0.080692,0.022868,0.189651,0.180760,0.132185,-0.067557,0.012265,0.620423,0.660973,0.437602,0.453847,0.389260,0.346079,0.010890,-0.033954,0.425440,0.513608,0.597778,0.497279,0.341070,0.374338,-0.013661,0.080659,0.121043,0.032919,0.401726,0.337376,0.280028,0.307155,0.061810,0.313355,0.608785,0.608922
0.504338,0.611239,0.004186,0.012964,-0.289034,-0.128713,0.035174,0.085396,-0.068480,-0.026963,0.595448,0.514016,0.351103,0.311095,0.347651,0.207082,0.883789,0.806467,0.413228,0.544398,0.405246,0.164139,0.000621,0.012448,-0.094333,-0.180151,-0.110367,-0.023071,0.000000,0.953053,0.323744,0.353253,0.363160,0.394441,0.074390,0.006338,0.369467,0.344668,0.205448,0.132842,0.415456,0.681158,0.056090,0.069657,0.071113,0.046839,0.121282,0.140547,0.093798,0.118143,0.254787,0.389815,0.091689,0.161074,0.191065,0.224036,0.569407,0.564560,0.111021,-0.014792,0.221371,0.310545,0.695171,0.651717,-0.027751,-0.093104,0.203405,0.241036,0.382876,0.300181,0.348096,0.267182,0.679987,0.543012,0.410829,0.469642,0.409543,0.422686,0.502484,0.555335,0.798486,0.703720,0.374557,0.316181,0.428052,0.385331,0.075134,0.216889,0.114347,0.182671
0.267246,0.587633,0.074281,0.249581,-0.008717,0.138048,0.118938,0.282325,0.112858,0.160993,0.391580,0.554571,0.338101,0.534819,0.399520,0.452031,0.752199,1.145953,0.534365,0.823690,0.399140,0.332795,0.132053,0.176572,0.107898,0.106710,0.074278,0.187157,0.953053,0.000000,0.417151,0.499216,0.720973,0.772519,0.197037,0.130742,0.381291,0.405594,0.105487,0.185969,0.333424,0.562712,0.182451,0.186650,0.177274,0.186802,0.254219,0.199208,0.237437,0.157156,0.257442,0.397705,0.084166,0.041094,0.219381,0.255495,0.369634,0.499438,0.158265,0.122996,0.371398,0.494057,0.540080,0.667557,0.240721,0.226457,0.394829,0.509102,0.608623,0.520656,0.270059,0.182422,0.539693,0.545309,0.580956,0.520735,0.454097,0.436906,0.551518,0.701428,0.700386,0.655015,0.558011,0.674795,0.484103,0.503708,0.255709,0.433012,0.277207,0.414933
0.256661,0.253578,0.698965,0.806630,0.447435,0.599233,0.540850,0.696577,0.528747,0.586034,0.329238,0.692805,0.554165,0.748368,0.951461,0.901318,0.122364,0.330305,0.547443,0.546124,0.461692,0.619684,1.036324,0.890333,0.754656,0.729269,0.561719,0.613219,0.323744,0.417151,0.000000,1.609113,0.711863,0.682895,0.531552,0.603482,0.039363,0.027066,0.037327,0.249067,0.305294,0.540290,0.303465,0.328090,0.321853,0.414823,0.335250,0.317245,0.083601,0.002784,0.134432,0.179778,0.036779,-0.121434,0.124074,0.155410,0.141035,0.227062,-0.018060,0.088283,0.187541,0.296017,0.124379,0.249814,0.614682,0.662118,0.478809,0.598813,0.432804,0.466427,0.233858,0.203127,0.633830,0.577370,0.790063,0.609180,0.435749,0.583217,-0.010646,0.094340,0.253906,0.313309,0.349338,0.432191,0.573583,0.671828,0.040258,0.453746,0.770800,0.665458
0.217006,0.332456,0.558730,0.850202,0.369905,0.498938,0.482928,0.689777,0.405564,0.463830,0.208318,0.701300,0.440910,0.766810,0.771389,0.892617,0.216342,0.475150,0.606649,0.685779,0.365185,0.505861,0.860312,0.970467,0.643459,0.620882,0.438527,0.513935,0.353253,0.499216,1.609113,0.000000,0.840288,0.876618,0.471078,0.581589,0.072300,0.069914,0.029222,0.240085,0.285127,0.564505,0.257804,0.273475,0.270039,0.367202,0.302196,0.258416,0.116714,0.007053,0.215496,0.294911,0.099146,-0.070495,0.165755,0.186401,0.170181,0.312858,0.023248,0.115145,0.223355,0.388150,0.222065,0.399731,0.558053,0.660938,0.549019,0.754740,0.488414,0.514836,0.125585,0.094806,0.573587,0.558152,0.748590,0.598359,0.461333,0.562755,0.045000,0.125382,0.361788,0.413996,0.412392,0.563149,0.578954,0.836261,0.129859,0.537550,0.708506,0.754112
0.322806,0.470291,0.402949,0.713911,0.424143,0.522553,0.426828,0.585248,0.423459,0.452579,0.154181,0.545721,0.433425,0.596386,0.574343,0.672413,0.465437,0.746098,1.027254,1.103182,0.463764,0.597435,0.506132,0.568552,0.404166,0.479677,0.418894,0.487381,0.363160,0.720973,0.711863,0.840288,0.000000,1.780146,0.460957,0.572474,0.260292,0.231239,0.048690,0.146949,0.333993,0.642144,0.462837,0.480307,0.490787,0.553380,0.554233,0.436240,0.369944,0.243973,0.256128,0.424678,0.148945,-0.035625,0.298743,0.371123,0.340642,0.452968,0.185639,0.294200,0.465355,0.533800,0.400218,0.576409,0.644199,0.727189,0.928388,1.155745,0.958196,0.933391,0.082895,-0.029323,0.581890,0.560057,0.792216,0.622877,0.752825,0.798445,0.266672,0.385865,0.695864,0.573381,0.593016,0.931601,0.618466,0.695391,0.332574,0.590747,0.603322,0.775858
0.233056,0.530240,0.391654,0.732573,0.434991,0.508438,0.440039,0.578717,0.416302,0.457632,0.126278,0.584800,0.418145,0.616657,0.573862,0.695876,0.433018,0.781013,0.971058,1.197397,0.416305,0.587060,0.478248,0.615909,0.417688,0.468070,0.428481,0.481933,0.394441,0.772519,0.682895,0.876618,1.780146,0.000000,0.423012,0.538616,0.263054,0.256723,0.088083,0.149043,0.298354,0.625381,0.449691,0.461820,0.439635,0.523766,0.547550,0.407873,0.367871,0.232159,0.294916,0.465965,0.192869,-0.021571,0.319782,0.405202,0.245592,0.507048,0.162087,0.249922,0.391715,0.580618,0.392907,0.660492,0.574613,0.646728,0.810858,1.110263,0.863152,0.833650,0.068917,-0.008454,0.583280,0.614403,0.851881,0.727795,0.772865,0.833361,0.201072,0.303312,0.659134,0.513906,0.547985,0.889190,0.627374,0.728734,0.293207,0.571595,0.565351,0.762962
-0.034405,0.015945,0.571083,0.435830,0.454876,0.399896,0.284373,0.293364,0.341358,0.301143,-0.037311,0.088018,0.154289,0.308840,0.579876,0.625803,0.124321,0.116004,0.154968,0.136627,0.188605,0.354105,0.692842,0.530931,0.735175,0.532724,0.534689,0.496813,0.074390,0.197037,0.531552,0.471078,0.460957,0.423012,0.000000,1.057817,0.239542,0.103037,0.089558,0.208927,0.199974,0.259115,0.156184,0.166366,0.183836,0.223457,0.133608,0.062927,0.022572,-0.145200,0.176559,0.178588,0.019172,-0.166980,0.065384,0.022180,0.052791,0.057043,-0.075985,-0.077818,0.066509,-0.118906,-0.031560,-0.067489,0.811627,0.455586,0.539698,0.447515,0.146580,0.088725,0.083701,0.034450,0.283117,0.260933,0.388876,0.355414,0.395735,0.400531,0.126542,0.255756,0.164584,0.096072,0.270766,0.238225,0.574621,0.418870,0.222588,0.349344,0.639457,0.533808
0.072596,-0.009474,0.704346,0.630754,0.614525,0.617174,0.431983,0.436575,0.437302,0.448888,-0.062683,0.194427,0.247205,0.402404,0.608884,0.742234,-0.017413,0.106817,0.357153,0.201506,0.239315,0.425818,0.795483,0.655423,0.740427,0.756006,0.667771,0.614272,0.006338,0.130742,0.603482,0.581589,0.572474,0.538616,1.057817,0.000000,-0.048711,0.024818,0.060647,0.221615,0.199941,0.314880,0.283538,0.310970,0.269258,0.334172,0.229319,0.150297,0.085240,-0.057582,0.105733,0.118724,-0.021218,-0.160419,0.029909,0.113392,0.053204,-0.031197,0.072194,0.074994,0.135154,0.030677,-0.013662,-0.071801,0.829343,0.722067,0.559533,0.530677,0.271758,0.164529,-0.020019,-0.081369,0.261622,0.290080,0.413297,0.280848,0.330613,0.422095,-0.123002,0.047289,0.105732,0.055321,0.327364,0.342367,0.469116,0.484374,0.103091,0.412042,0.755589,0.663436
0.280413,0.250151,0.065304,-0.039423,-0.138652,-0.141551,0.039302,-0.082961,-0.052547,-0.039806,0.146525,0.137674,0.134961,0.075650,0.125584,0.051574,0.568420,0.433831,0.220492,0.331703,0.193381,0.179122,-0.119877,-0.076874,-0.070973,-0.129269,-0.133890,-0.036332,0.369467,0.381291,0.039363,0.072300,0.260292,0.263054,0.239542,-0.048711,0.000000,0.863881,0.342968,0.251597,0.324710,0.395899,0.131755,0.057831,0.129134,0.098093,0.210072,0.131869,0.209660,0.207609,0.378421,0.367874,0.286087,0.254837,0.492095,0.251400,0.341334,0.255590,0.065563,0.057813,0.242714,0.166578,0.367560,0.396894,0.019157,-0.037549,0.276524,0.254708,0.281051,0.151249,0.151259,0.098600,0.365709,0.406897,0.369885,0.360942,0.674177,0.456598,0.564988,0.398776,0.493297,0.233712,0.092793,0.078953,0.408446,0.184908,0.367504,0.320925,0.049448,0.171623
0.237017,0.312370,0.048368,0.036513,-0.116020,-0.126666,0.016754,-0.014105,-0.033358,-0.045542,0.045372,0.234599,0.136877,0.159895,0.097076,0.109089,0.358432,0.446741,0.181112,0.352471,0.143211,0.136097,-0.096253,-0.022529,-0.028993,-0.095530,-0.095036,-0.026598,0.344668,0.405594,0.027066,0.069914,0.231239,0.256723,0.103037,0.024818,0.863881,0.000000,0.337679,0.401827,0.273634,0.508190,0.142885,0.129810,0.148939,0.142976,0.230514,0.197174,0.308586,0.338974,0.485250,0.541646,0.317346,0.340030,0.493235,0.445566,0.298610,0.277484,0.155912,0.196210,0.232200,0.322939,0.376178,0.455283,-0.042790,0.004148,0.235594,0.294958,0.262003,0.230445,0.170141,0.163543,0.323824,0.455036,0.331242,0.382556,0.537306,0.449954,0.314469,0.248926,0.441950,0.356609,0.034535,0.058662,0.395180,0.356224,0.325573,0.450736,0.045233,0.264692
0.166653,0.000144,0.171247,0.030578,-0.078422,-0.190218,0.143868,-0.020027,0.019887,-0.116228,0.066006,0.002120,0.110011,-0.001645,0.157957,-0.055711,0.086055,0.118782,0.073375,0.051010,0.099758,-0.032842,0.000252,-0.005702,0.001686,-0.034837,-0.065668,-0.159077,0.205448,0.105487,0.037327,0.029222,0.048690,0.088083,0.089558,0.060647,0.342968,0.337679,0.000000,0.719673,0.423604,0.167233,0.000720,-0.012400,-0.009470,-0.061786,0.109847,0.076661,0.063568,0.029805,0.179985,0.242394,0.146269,0.155131,0.437968,0.332484,0.191703,0.093939,0.067240,-0.063599,-0.028341,-0.088582,0.218119,0.128450,-0.110369,-0.161114,0.101793,0.137136,0.090212,0.052203,-0.040687,-0.016205,0.076591,0.224823,0.142699,0.170367,0.277911,0.330851,-0.044000,0.008419,0.182658,0.205920,0.083474,0.156709,0.195748,0.209338,0.135306,0.417312,0.198754,0.153577
0.188118,0.102789,0.313546,0.384653,0.133489,0.109755,0.289030,0.313315,0.198361,0.146305,0.109981,0.281419,0.302753,0.351744,0.289581,0.319182,0.066009,0.207123,0.174753,0.153494,0.049954,0.092602,0.244945,0.267891,0.290023,0.272233,0.079835,0.113728,0.132842,0.185969,0.249067,0.240085,0.146949,0.149043,0.208927,0.221615,0.251597,0.401827,0.719673,0.000000,0.166871,0.253918,0.122857,0.108734,-0.003393,0.045690,0.207405,0.217983,0.141868,0.067544,0.373975,0.431517,0.364154,0.325570,0.512672,0.483458,0.168212,0.113329,0.098923,0.085134,0.139198,0.101917,0.201846,0.189161,0.167881,0.143998,0.221934,0.274752,0.174640,0.121631,-0.030117,0.042139,0.116362,0.316727,0.294308,0.183112,0.193165,0.271711,-0.024104,0.098550,0.185336,0.184846,0.048644,0.179419,0.397441,0.542298,0.203239,0.547769,0.435738,0.509717
0.272992,0.312122,0.028726,0.016266,-0.115812,-0.048909,-0.033011,0.007938,-0.033678,-0.041981,0.092883,0.202983,0.059178,0.096394,0.174302,0.041459,0.357578,0.446916,0.207349,0.333414,0.396255,0.200414,0.034603,-0.003070,0.084933,-0.006335,0.045342,0.048402,0.415456,0.333424,0.305294,0.285127,0.333993,0.298354,0.199974,0.199941,0.324710,0.273634,0.423604,0.166871,0.000000,0.500600,0.214692,0.231851,0.368503,0.248798,0.230402,0.213569,0.221517,0.132909,0.110499,0.210116,-0.121396,-0.094154,0.139549,0.143899,0.401394,0.287873,0.135533,0.068832,0.066363,0.121450,0.390229,0.357795,0.039827,-0.056355,0.358677,0.319139,0.423465,0.320051,0.150888,0.086319,0.372437,0.411239,0.167180,0.220768,0.307782,0.399539,0.176598,0.145559,0.476500,0.542004,0.137564,0.337466,0.346369,0.282561,0.038810,0.391951,0.126718,0.107118
0.399884,0.592189,0.283927,0.361959,0.074807,0.180676,0.210143,0.274967,0.156530,0.179129,0.348896,0.552694,0.466775,0.465415,0.544019,0.525467,0.596318,0.665552,0.487351,0.601955,0.357186,0.430215,0.298793,0.375174,0.261930,0.186287,0.149929,0.256423,0.681158,0.562712,0.540290,0.564505,0.642144,0.625381,0.259115,0.314880,0.395899,0.508190,0.167233,0.253918,0.500600,0.000000,0.205224,0.206368,0.235207,0.229402,0.278214,0.232206,0.181868,0.137124,0.294876,0.487552,0.131591,0.168174,0.229580,0.338259,0.426975,0.538388,-0.009305,0.104574,0.212136,0.286159,0.406451,0.562465,0.266447,0.249004,0.444995,0.550659,0.534166,0.531777,0.124833,0.080188,0.687428,0.753486,0.572750,0.643706,0.563738,0.647579,0.328386,0.336588,0.810833,0.677435,0.298212,0.410502,0.717423,0.628446,0.255028,0.539075,0.281742,0.433960
0.157153,0.068472,0.431954,0.433804,0.449760,0.590615,0.470525,0.398494,0.481368,0.584905,0.038918,0.256773,0.354982,0.348229,0.264516,0.400712,-0.031128,0.163401,0.504631,0.432227,0.112459,0.284649,0.393984,0.346943,0.420205,0.547778,0.361715,0.486770,0.056090,0.182451,0.303465,0.257804,0.462837,0.449691,0.156184,0.283538,0.131755,0.142885,0.000720,0.122857,0.214692,0.205224,0.000000,2.192333,1.153907,1.258411,1.634045,1.529506,0.747277,0.410283,0.254090,0.302494,0.220497,0.052051,0.431740,0.551636,0.037723,-0.004051,0.150199,0.163196,0.080134,0.132190,-0.018468,0.053616,0.285883,0.276715,0.477817,0.516477,0.511601,0.426359,-0.054580,-0.095232,0.257839,0.243523,0.362376,0.284006,0.355842,0.319692,-0.004756,0.041513,0.157194,-0.010360,0.163750,0.310718,0.132941,0.103388,0.108732,0.250179,0.223798,0.280545
0.167591,0.109136,0.407672,0.439458,0.444128,0.606208,0.425249,0.401199,0.482866,0.567751,0.051926,0.268004,0.339574,0.370257,0.277188,0.420121,-0.037236,0.188941,0.517428,0.458400,0.152376,0.290182,0.410292,0.360966,0.433704,0.555376,0.386112,0.486824,0.069657,0.186650,0.328090,0.273475,0.480307,0.461820,0.166366,0.310970,0.057831,0.129810,-0.012400,0.108734,0.231851,0.206368,2.192333,0.000000,1.139326,1.366188,1.529301,1.612905,0.692868,0.408964,0.207985,0.303795,0.177754,-0.004533,0.393638,0.563166,0.052857,0.039393,0.129907,0.161169,0.027202,0.133067,-0.039992,0.047347,0.268269,0.272374,0.454283,0.539244,0.521903,0.488237,0.004656,-0.029794,0.289349,0.254471,0.337495,0.290516,0.343305,0.309766,-0.028837,0.059621,0.162175,0.039235,0.162186,0.327125,0.121457,0.120114,0.069481,0.221184,0.222033,0.279158
0.079587,0.155080,0.236174,0.251038,0.250909,0.373536,0.206991,0.231448,0.260931,0.310096,0.017344,0.184118,0.169401,0.192059,0.199255,0.257021,-0.006852,0.186023,0.323253,0.362589,0.272890,0.343020,0.252613,0.194010,0.287827,0.371778,0.280267,0.351170,0.071113,0.177274,0.321853,0.270039,0.490787,0.439635,0.183836,0.269258,0.129134,0.148939,-0.009470,-0.003393,0.368503,0.235207,1.153907,1.139326,0.000000,1.461370,1.003863,1.100713,0.645545,0.410502,0.143699,0.213153,-0.096271,-0.173058,0.241104,0.309615,0.067589,0.054933,0.150414,0.223642,0.053842,0.171080,0.020530,0.114942,0.207591,0.200893,0.518998,0.538721,0.454943,0.446718,0.095732,0.036214,0.333355,0.255486,0.292299,0.226542,0.414594,0.367641,0.031380,0.027744,0.203599,0.134378,0.117278,0.247987,0.154492,0.061298,0.035501,0.170554,0.115686,0.088973
0.165913,0.211087,0.349689,0.462925,0.364165,0.562848,0.335127,0.432946,0.460804,0.521376,0.096935,0.335328,0.329424,0.383497,0.310618,0.406134,-0.023114,0.218657,0.487241,0.501830,0.267577,0.377817,0.394484,0.341128,0.371312,0.504527,0.335374,0.443701,0.046839,0.186802,0.414823,0.367202,0.553380,0.523766,0.223457,0.334172,0.098093,0.142976,-0.061786,0.045690,0.248798,0.229402,1.258411,1.366188,1.461370,0.000000,1.179835,1.326186,0.689368,0.531246,0.246387,0.330201,0.120847,-0.059371,0.335970,0.465304,0.069200,0.123384,0.186092,0.341047,0.122003,0.307555,0.016459,0.140997,0.275712,0.335423,0.537179,0.693049,0.518559,0.547013,0.135013,0.069214,0.398549,0.263258,0.398745,0.298260,0.448827,0.408499,-0.044514,0.021116,0.204988,0.102213,0.138607,0.330904,0.212953,0.173579,0.072904,0.206049,0.230383,0.248183
0.323554,0.195059,0.498289,0.575659,0.459924,0.602625,0.580998,0.523479,0.499835,0.656502,0.148539,0.367452,0.437419,0.428037,0.316520,0.382929,0.073481,0.261269,0.707492,0.603790,0.216348,0.349599,0.405163,0.372242,0.418108,0.525849,0.395993,0.521680,0.121282,0.254219,0.335250,0.302196,0.554233,0.547550,0.133608,0.229319,0.210072,0.230514,0.109847,0.207405,0.230402,0.278214,1.634045,1.529301,1.003863,1.179835,0.000000,1.621031,0.907545,0.563403,0.402691,0.461573,0.403408,0.212138,0.713671,0.794157,0.146954,0.157935,0.288005,0.321935,0.185727,0.267399,0.122345,0.218044,0.272274,0.305960,0.590591,0.653805,0.628393,0.548463,-0.046240,-0.079930,0.399232,0.360955,0.502977,0.401767,0.507534,0.458951,0.005659,0.089727,0.271426,0.100547,0.237573,0.413923,0.262423,0.205216,0.197997,0.405624,0.359677,0.417172
0.318687,0.209900,0.378578,0.452154,0.294763,0.467860,0.411717,0.438880,0.411150,0.476294,0.134529,0.339250,0.393789,0.390194,0.250485,0.354562,0.051682,0.229719,0.535803,0.486744,0.209502,0.273184,0.326832,0.299530,0.335162,0.440919,0.266948,0.384350,0.140547,0.199208,0.317245,0.258416,0.436240,0.407873,0.062927,0.150297,0.131869,0.197174,0.076661,0.217983,0.213569,0.232206,1.529506,1.612905,1.100713,1.326186,1.621031,0.000000,0.883368,0.607867,0.422202,0.512753,0.343804,0.206969,0.589633,0.781691,0.172271,0.152275,0.278066,0.291532,0.148419,0.226835,0.107776,0.183858,0.146547,0.187693,0.515102,0.609454,0.530653,0.560715,0.037976,0.013211,0.357515,0.286042,0.390051,0.317637,0.414019,0.365222,-0.019851,0.077307,0.248758,0.122431,0.126893,0.297865,0.194302,0.168922,0.149037,0.252183,0.247486,0.271214
