0.000000,0.784039,0.148737,-0.000692,0.349840,0.271946,0.542283,0.398396,0.413008,0.327002,0.837692,0.688540,0.754236,0.411980,0.436156,0.233275,0.478205,0.401693,0.908767,0.771052,0.198960,0.128326,0.148427,0.121014,0.163933,0.059663,0.260186,0.135737,0.430414,0.253499,0.268792,0.280796,0.482207,0.511536,0.089618,0.079582,0.259111,0.109465,0.306407,0.376909,0.286698,0.233278,0.335150,0.231365,0.198629,0.156499,0.233794,0.205636,0.298275,0.256589,0.485624,0.370526,0.617568,0.528182,0.548105,0.380762,0.962607,0.507086,0.544357,0.478882,0.582776,0.206936,0.665555,0.405376,0.042657,0.032948,0.572571,0.389037,0.610336,0.534849,0.424269,0.362933,0.603961,0.547114,0.536687,0.447134,0.638586,0.553468,0.037867,-0.001676,0.408396,0.428033,0.678725,0.301486,0.499090,0.442792,0.218734,0.381151,0.692821,0.560896
0.784039,0.000000,0.167695,0.160255,0.144884,0.216241,0.176645,0.330268,0.081980,0.178149,0.339150,0.776484,0.404011,0.668355,0.262815,0.381731,0.312474,0.442684,0.630361,0.764868,0.160123,0.247945,0.080367,0.120691,-0.055934,-0.028930,0.042664,0.089053,0.159018,0.302206,0.097820,0.124706,0.316344,0.318197,0.150107,0.129146,0.141203,0.335047,0.274217,0.414438,0.022924,0.169705,0.361967,0.343688,0.307905,0.301455,0.343240,0.372321,0.253875,0.202736,0.326920,0.338152,0.767224,0.649928,0.567926,0.643879,0.897570,1.127238,0.175011,0.307497,0.080843,0.091627,0.379797,0.428507,-0.007993,0.015659,0.479334,0.327042,0.840273,0.817137,0.192545,0.145086,0.142668,0.396768,0.153915,0.223087,0.332740,0.510404,-0.004129,0.190087,0.403431,0.709651,0.655977,0.561163,0.418309,0.621695,0.332018,0.400027,0.406686,0.597782
0.148737,0.167695,0.000000,1.033790,-0.179227,0.109926,0.524488,0.158408,-0.048073,0.041282,-0.059547,-0.061017,0.097558,-0.171898,0.311645,0.110424,-0.078269,-0.238599,0.428958,0.178902,0.327695,0.304803,0.927617,0.702035,0.000708,0.130952,0.011712,0.196496,-0.148845,-0.261431,0.475203,0.369326,0.208475,0.149900,0.751958,0.359731,0.339195,0.055942,0.621978,0.400712,0.069863,0.194025,-0.027217,-0.095542,-0.040627,-0.194163,-0.001968,0.006730,-0.131612,-0.205512,-0.157225,-0.123053,0.147516,0.213128,0.262700,0.226101,0.286723,0.257774,0.245620,0.041945,0.135008,0.001554,-0.090518,-0.371873,0.607004,0.314706,0.315612,0.049628,0.319002,0.327649,0.215757,0.109834,-0.104599,-0.042504,0.064282,-0.009378,0.286647,0.226370,-0.075195,-0.023314,0.109803,0.066750,0.292793,0.339096,0.459676,0.180085,0.280212,0.133759,0.569604,0.549849
-0.000692,0.160255,1.033790,0.000000,0.092735,0.409568,0.237288,0.348769,0.205118,0.324378,-0.122876,0.111373,0.026846,0.082354,0.471913,0.417343,-0.191273,-0.104765,0.321874,0.194268,0.308694,0.355541,0.748385,0.956468,0.254238,0.389900,0.239784,0.379345,-0.303060,-0.222331,0.431416,0.483184,0.151387,0.182278,0.739426,0.464999,0.232193,0.177316,0.532742,0.402806,0.059809,0.221679,0.038863,0.031672,-0.020241,-0.047757,0.041554,0.129188,0.035524,0.073387,0.042291,0.111927,0.279346,0.344772,0.281189,0.410191,0.149633,0.163384,0.287474,0.231146,0.118954,0.222605,-0.143560,-0.321458,0.703702,0.663993,0.304580,0.202375,0.209533,0.277860,0.251910,0.219947,-0.277158,-0.035741,0.084344,-0.041052,0.203437,0.259795,-0.122821,0.011792,-0.065491,0.102671,0.316510,0.353118,0.379935,0.427814,0.250703,0.054680,0.469052,0.665018
0.349840,0.144884,-0.179227,0.092735,0.000000,1.163705,-0.033442,0.154201,1.384913,1.313190,0.285999,0.412378,0.279788,0.250167,0.945727,0.832135,0.098339,0.275376,0.293013,0.178627,0.213320,0.202560,0.128423,0.319591,0.999391,0.873355,1.233121,0.783907,0.079044,0.171833,0.348409,0.448991,0.319844,0.294396,0.182205,0.147968,-0.081741,-0.039737,0.048423,0.202190,0.061061,0.012478,0.115046,0.040956,-0.084467,-0.086852,-0.111946,-0.027481,0.138078,0.267296,0.271459,0.246962,0.070089,0.074880,0.036545,0.190456,0.113639,0.069873,0.369044,0.401852,0.458010,0.373725,0.307815,0.299477,0.275512,0.376518,0.329525,0.293504,0.073852,0.076486,0.320865,0.473296,0.229356,0.381362,0.501696,0.449947,0.376918,0.388886,-0.018082,0.091345,-0.027410,0.209688,0.381039,0.194328,0.259846,0.289983,-0.030841,0.053225,0.234402,0.376256
0.271946,0.216241,0.109926,0.409568,1.163705,0.000000,0.013524,0.237282,0.954440,1.468745,0.105512,0.473701,0.138434,0.285684,0.943729,1.023793,-0.074317,0.196437,0.290903,0.194077,0.364533,0.417736,0.179817,0.462529,0.687021,0.705014,1.246407,1.028127,-0.091227,0.076558,0.452059,0.594351,0.242501,0.321290,0.403732,0.441466,0.083424,0.163052,0.366069,0.526262,0.122281,0.173652,0.186376,0.134940,-0.071865,-0.090222,-0.039513,0.058098,0.189344,0.306430,0.273085,0.248210,0.161027,0.168531,0.223223,0.370583,0.212121,0.186208,0.516593,0.510513,0.520088,0.564913,0.144089,0.177282,0.442751,0.603340,0.456450,0.436865,0.103552,0.157177,0.465614,0.538062,0.016603,0.300425,0.491076,0.345960,0.478568,0.508397,-0.090613,0.024026,-0.064834,0.262059,0.589906,0.411657,0.375017,0.444736,0.187897,0.130845,0.438257,0.632581
0.542283,0.176645,0.524488,0.237288,-0.033442,0.013524,0.000000,0.827792,0.133541,0.145042,0.390607,0.274306,0.551657,0.051438,0.196484,0.008447,0.223289,0.149310,0.662649,0.554710,0.101122,0.002943,0.243226,0.184260,-0.128843,-0.196880,-0.036439,-0.103169,0.369165,0.127408,0.105428,0.108035,0.290796,0.494682,0.033732,0.051918,0.269178,0.067586,0.335222,0.232948,0.205524,0.275796,0.318347,0.268204,0.371110,0.155544,0.318379,0.288599,0.228750,0.130082,0.302276,0.156346,0.310647,0.307585,0.467524,0.189386,0.225613,-0.050444,0.524804,0.513810,0.663413,0.440597,0.229245,0.091956,0.003812,0.000489,0.432383,0.387086,0.261172,0.203080,0.270327,0.115897,0.365164,0.258261,0.411821,0.346648,0.445639,0.326172,0.037926,-0.100885,0.147305,0.048462,0.399841,0.229838,0.283121,0.148208,0.248032,0.270115,0.625096,0.508938
0.398396,0.330268,0.158408,0.348769,0.154201,0.237282,0.827792,0.000000,0.290232,0.360771,0.338104,0.711492,0.427613,0.533403,0.248629,0.342816,0.187062,0.456715,0.581455,0.720787,0.077245,0.062564,-0.013972,0.183320,-0.020183,-0.087070,0.060089,-0.034032,0.316266,0.343406,-0.031053,0.112471,0.210472,0.551769,-0.093033,0.139073,0.188042,0.298675,0.295593,0.319688,0.197082,0.382111,0.490203,0.530177,0.485353,0.436513,0.499102,0.583514,0.475632,0.577529,0.651379,0.521916,0.607379,0.501300,0.636217,0.538237,0.123846,-0.066453,0.444335,0.903198,0.596649,0.882469,0.193329,0.276360,-0.104723,0.164971,0.489757,0.669147,0.211199,0.238167,0.259488,0.138245,0.218824,0.335290,0.403578,0.346867,0.337524,0.439818,0.020581,-0.013827,0.103997,0.229476,0.500273,0.318578,0.230588,0.497832,0.251248,0.254845,0.471896,0.684998
0.413008,0.081980,-0.048073,0.205118,1.384913,0.954440,0.133541,0.290232,0.000000,1.274070,0.368014,0.422554,0.489979,0.217392,0.940866,0.695341,0.116608,0.225821,0.418173,0.260120,0.344669,0.228737,0.202992,0.357994,1.110421,0.716861,1.040480,0.539247,0.123780,0.133026,0.363840,0.497550,0.211998,0.290132,0.168023,0.069830,0.144831,0.042650,0.089623,0.216684,0.192054,0.019878,0.103983,0.021594,-0.091332,-0.087611,-0.058819,-0.019535,0.170737,0.286503,0.332178,0.319183,0.195331,0.212531,0.142155,0.172805,0.142495,-0.007723,0.452717,0.500277,0.577254,0.458715,0.249547,0.203062,0.328773,0.434468,0.307684,0.292403,0.084339,0.080075,0.531950,0.615782,0.264617,0.372383,0.525222,0.396883,0.424723,0.414122,0.020728,-0.032421,-0.076245,0.167635,0.508213,0.147231,0.300324,0.365082,-0.038833,0.041668,0.350676,0.394513
0.327002,0.178149,0.041282,0.324378,1.313190,1.468745,0.145042,0.360771,1.274070,0.000000,0.198297,0.493201,0.268170,0.241894,0.931639,0.929819,0.015303,0.273222,0.378421,0.280998,0.295974,0.261185,0.154442,0.403345,0.870170,0.691891,1.106134,0.675831,0.042674,0.162791,0.311701,0.460030,0.234257,0.367219,0.209960,0.177915,0.105568,0.105763,0.231625,0.348707,0.104204,0.099473,0.256157,0.198395,0.068486,0.020659,0.069387,0.156716,0.262080,0.341270,0.373021,0.345968,0.232353,0.182949,0.241851,0.362079,0.146217,0.052375,0.529588,0.584635,0.601588,0.640535,0.185964,0.257163,0.315786,0.466143,0.427685,0.439859,0.126263,0.143074,0.427471,0.495283,0.113309,0.329843,0.515788,0.417078,0.524413,0.539581,-0.022524,0.051338,-0.094715,0.245768,0.562995,0.341027,0.322998,0.375376,0.045788,0.022432,0.414179,0.577016
0.837692,0.339150,-0.059547,-0.122876,0.285999,0.105512,0.390607,0.338104,0.368014,0.198297,0.000000,0.650315,1.011023,0.593121,0.425198,0.275497,0.767156,0.652127,0.624987,0.539426,-0.018722,-0.152605,0.166835,0.131700,0.189651,0.179270,0.192968,-0.026823,0.752600,0.630211,0.205230,0.189519,0.526639,0.490736,-0.062280,-0.003172,0.060762,0.106517,-0.042886,0.123833,0.304900,0.237280,0.289604,0.218956,0.212064,0.256228,0.176775,0.122269,0.275546,0.371436,0.528498,0.563070,0.478541,0.432218,0.275469,0.249582,0.487637,0.171215,0.356251,0.406390,0.540725,0.191467,0.934157,0.603241,0.000789,0.109705,0.406973,0.374303,0.316458,0.300652,0.151344,0.196347,0.501389,0.417370,0.328835,0.358352,0.304594,0.303847,0.304629,0.249864,0.431189,0.508894,0.376375,0.105271,0.416117,0.449943,-0.057555,0.145600,0.375338,0.330613
0.688540,0.776484,-0.061017,0.111373,0.412378,0.473701,0.274306,0.711492,0.422554,0.493201,0.650315,0.000000,0.539386,1.070659,0.465480,0.666486,0.304528,0.738415,0.696014,0.745488,0.149441,0.175408,-0.064678,0.134232,0.127202,0.061710,0.239498,0.083535,0.349664,0.551994,0.064611,0.183008,0.289239,0.489351,-0.020292,0.166680,0.179410,0.428582,0.276246,0.460310,0.239557,0.336061,0.541162,0.509158,0.336582,0.440060,0.388263,0.422369,0.536171,0.666283,0.809149,0.833597,0.808174,0.635613,0.684600,0.737956,0.416805,0.335903,0.448585,0.799723,0.496002,0.573286,0.464327,0.662372,-0.067760,0.203330,0.518192,0.715858,0.344279,0.370531,0.362665,0.318349,0.257733,0.571115,0.494743,0.433073,0.514968,0.684547,-0.010978,0.076597,0.183526,0.572418,0.781831,0.458752,0.372009,0.803571,0.255689,0.331436,0.460106,0.650157
0.754236,0.404011,0.097558,0.026846,0.279788,0.138434,0.551657,0.427613,0.489979,0.268170,1.011023,0.539386,0.000000,0.513681,0.506414,0.369862,0.523837,0.376917,0.596573,0.500666,0.178106,0.000145,0.270297,0.205740,0.246329,0.153646,0.189085,0.002530,0.507569,0.368502,0.154132,0.194580,0.248769,0.313640,-0.000153,-0.032138,0.194984,0.147999,-0.034416,0.155834,0.281053,0.139754,0.139809,0.098558,0.205786,0.169159,0.113251,0.077739,0.172680,0.180739,0.344229,0.349009,0.476503,0.421100,0.244917,0.141993,0.506482,0.271639,0.368379,0.477542,0.516501,0.249349,0.600987,0.388354,0.122685,0.166930,0.334541,0.264409,0.353795,0.301229,0.329110,0.355543,0.347671,0.386899,0.265192,0.235985,0.240244,0.269227,0.196947,0.067136,0.267200,0.416633,0.383919,0.128853,0.477262,0.470237,-0.107808,0.159774,0.436626,0.408345
0.411980,0.668355,-0.171898,0.082354,0.250167,0.285684,0.051438,0.533403,0.217392,0.241894,0.593121,1.070659,0.513681,0.000000,0.289356,0.609686,0.348667,0.762695,0.335826,0.534425,-0.001227,0.006154,-0.007090,0.209047,0.073492,0.171942,0.132269,0.042544,0.364544,0.632949,0.025224,0.138967,0.300156,0.336443,0.032283,0.244595,-0.075226,0.389117,0.047569,0.260589,0.139516,0.366853,0.269652,0.339290,0.229678,0.356309,0.184965,0.238921,0.270637,0.473043,0.521721,0.587549,0.642135,0.634834,0.299119,0.440114,0.424977,0.372221,0.149731,0.459227,0.252397,0.343129,0.517640,0.620607,-0.020001,0.318730,0.329862,0.466670,0.280587,0.332657,0.069706,0.133069,0.176356,0.502450,0.199266,0.292046,0.089140,0.277277,0.117951,0.280771,0.306766,0.681952,0.359832,0.294612,0.345219,0.879041,0.055157,0.180106,0.212666,0.460754
0.436156,0.262815,0.311645,0.471913,0.945727,0.943729,0.196484,0.248629,0.940866,0.931639,0.425198,0.465480,0.506414,0.289356,0.000000,1.161498,0.203336,0.283593,0.558238,0.268004,0.346901,0.284409,0.573761,0.639103,0.661318,0.766726,0.829241,0.745853,0.159217,0.227556,0.553388,0.575186,0.454030,0.414618,0.481753,0.336897,0.133003,0.094663,0.326887,0.408605,0.239555,0.151874,0.139855,0.056790,-0.035337,-0.122495,-0.053959,0.030976,0.074538,0.168397,0.194849,0.237155,0.185232,0.228888,0.187669,0.309382,0.300465,0.222873,0.590020,0.469595,0.642408,0.410346,0.344531,0.211717,0.661596,0.612038,0.485606,0.356201,0.203562,0.252197,0.393838,0.526689,0.146522,0.369474,0.511134,0.425661,0.520554,0.561789,0.034204,0.165827,0.073066,0.392358,0.586606,0.445487,0.625250,0.480701,0.135000,0.125453,0.595584,0.735770
0.233275,0.381731,0.110424,0.417343,0.832135,1.023793,0.008447,0.342816,0.695341,0.929819,0.275497,0.666486,0.369862,0.609686,1.161498,0.000000,0.130940,0.457616,0.389897,0.274123,0.230703,0.282398,0.327511,0.528206,0.499003,0.659874,0.708847,0.661553,0.126523,0.381148,0.323857,0.440079,0.312792,0.334427,0.309049,0.301659,-0.011401,0.248597,0.182705,0.397660,0.074183,0.213981,0.206750,0.212810,0.085042,0.076770,0.039038,0.151107,0.140497,0.290403,0.269531,0.350609,0.281345,0.269234,0.187074,0.434054,0.194298,0.257527,0.354162,0.486325,0.410915,0.501645,0.279498,0.379837,0.424734,0.590276,0.362863,0.381248,0.146268,0.211667,0.227788,0.402680,-0.003694,0.381390,0.346818,0.370228,0.303269,0.477269,0.032821,0.280904,0.039953,0.537548,0.553171,0.557848,0.448496,0.629103,0.107019,0.095336,0.349621,0.724992
0.478205,0.312474,-0.078269,-0.191273,0.098339,-0.074317,0.223289,0.187062,0.116608,0.015303,0.767156,0.304528,0.523837,0.348667,0.203336,0.130940,0.000000,0.834901,0.500114,0.571506,0.037634,-0.114493,0.058974,-0.016402,0.052597,0.110570,0.017711,-0.116460,0.984014,0.812726,0.205969,0.120909,0.530002,0.429039,-0.097828,-0.064600,0.029309,0.059366,-0.119812,0.091110,0.343960,0.215524,0.357851,0.331107,0.369711,0.362215,0.337984,0.250827,0.265340,0.218663,0.384743,0.404331,0.363850,0.325966,0.248210,0.245869,0.515444,0.225210,0.086169,0.158479,0.210260,-0.033974,0.972647,0.594719,-0.166857,-0.083468,0.408005,0.286125,0.506774,0.440748,0.069657,0.052849,0.566629,0.383366,0.196398,0.192266,0.243221,0.310221,0.595802,0.504872,0.795808,0.754805,0.309199,0.150347,0.210769,0.302407,-0.103601,0.124524,0.162629,0.185489
0.401693,0.442684,-0.238599,-0.104765,0.275376,0.196437,0.149310,0.456715,0.225821,0.273222,0.652127,0.738415,0.376917,0.762695,0.283593,0.457616,0.834901,0.000000,0.524396,0.727477,-0.118771,-0.114043,-0.073705,0.026343,0.061583,0.106863,0.099750,-0.121234,0.867762,1.219554,0.134655,0.167060,0.637362,0.704198,-0.213130,-0.014325,-0.157009,0.152359,-0.112490,0.045443,0.119953,0.270986,0.649059,0.668504,0.533892,0.540044,0.451484,0.485902,0.486317,0.508787,0.701499,0.722379,0.474597,0.470079,0.280114,0.405506,0.389996,0.181503,0.238666,0.422872,0.396053,0.342091,0.932668,1.093032,-0.219540,0.106846,0.435159,0.580168,0.366042,0.415959,0.038933,0.111870,0.448435,0.511460,0.328316,0.324170,0.263705,0.369488,0.405497,0.639178,0.419625,0.872220,0.498512,0.289666,0.121116,0.457616,-0.027335,0.055544,0.107007,0.299252
0.908767,0.630361,0.428958,0.321874,0.293013,0.290903,0.662649,0.581455,0.418173,0.378421,0.624987,0.696014,0.596573,0.335826,0.558238,0.389897,0.500114,0.524396,0.000000,1.182552,0.252720,0.193039,0.369497,0.345975,0.183991,0.123358,0.161188,0.045845,0.484132,0.355098,0.359331,0.307989,0.568621,0.531799,0.166277,0.074750,0.445259,0.227930,0.482419,0.539171,0.338228,0.366493,0.491291,0.326756,0.306138,0.200349,0.425145,0.393676,0.333433,0.256786,0.479325,0.440083,0.611056,0.574673,0.683881,0.603595,0.503351,0.285580,0.379635,0.439639,0.459362,0.234028,0.508636,0.323935,0.047773,0.016053,0.612698,0.368266,0.754809,0.684120,0.417262,0.312784,0.513936,0.589627,0.527830,0.438455,0.756743,0.799320,0.062587,0.100725,0.389302,0.491039,0.836558,0.417892,0.450436,0.464371,0.227375,0.304915,0.572214,0.661791
0.771052,0.764868,0.178902,0.194268,0.178627,0.194077,0.554710,0.720787,0.260120,0.280998,0.539426,0.745488,0.500666,0.534425,0.268004,0.274123,0.571506,0.727477,1.182552,0.000000,0.046589,0.049486,0.056785,0.129634,0.024958,-0.049141,0.034968,-0.093903,0.488170,0.484063,0.109827,0.124978,0.456683,0.501634,-0.034915,0.034329,0.287277,0.263408,0.343965,0.387935,0.235371,0.311947,0.553546,0.463043,0.492961,0.393129,0.550463,0.524029,0.419932,0.344131,0.630383,0.524787,0.811506,0.723526,0.702103,0.633617,0.606812,0.365562,0.281180,0.515443,0.359580,0.286443,0.562821,0.516966,-0.213528,-0.084268,0.645613,0.501862,0.983283,0.939596,0.242604,0.115697,0.377137,0.449611,0.348974,0.260496,0.471307,0.594129,0.080903,0.159591,0.467284,0.592080,0.712874,0.363925,0.313594,0.529159,0.177343,0.302228,0.472602,0.649958
0.198960,0.160123,0.327695,0.308694,0.213320,0.364533,0.101122,0.077245,0.344669,0.295974,-0.018722,0.149441,0.178106,-0.001227,0.346901,0.230703,0.037634,-0.118771,0.252720,0.046589,0.000000,0.970499,0.239691,0.259995,0.339812,0.241845,0.355606,0.363278,-0.054235,-0.075089,0.572707,0.561791,-0.015286,0.082056,0.403657,0.241141,0.520929,0.313772,0.348865,0.535198,0.366997,0.072735,0.058767,0.019162,-0.096778,-0.102119,0.028407,0.075319,0.096045,0.083618,0.045946,0.088765,0.163654,0.165000,0.261516,0.197458,0.202709,0.250486,0.254988,0.226805,0.122739,0.148139,-0.154884,-0.179528,0.302150,0.225855,0.282047,0.157993,0.147152,0.103159,1.012596,0.889047,0.120244,0.172255,0.315193,0.150802,0.525160,0.571667,-0.021569,-0.149127,0.062109,0.164951,0.392883,0.226812,0.253866,0.272166,0.260862,0.202277,0.313139,0.266781
0.128326,0.247945,0.304803,0.355541,0.202560,0.417736,0.002943,0.062564,0.228737,0.261185,-0.152605,0.175408,0.000145,0.006154,0.284409,0.282398,-0.114493,-0.114043,0.193039,0.049486,0.970499,0.000000,0.163976,0.248051,0.186414,0.156432,0.332287,0.459829,-0.238710,-0.154734,0.515169,0.577871,-0.006860,0.104628,0.409048,0.363193,0.372142,0.259658,0.395754,0.534509,0.139459,0.055113,0.001559,-0.034130,-0.131280,-0.168721,-0.031891,0.048758,0.022442,-0.015208,-0.042337,-0.038531,0.121832,0.064152,0.231354,0.222583,0.196955,0.366274,0.194660,0.194377,0.030844,0.203829,-0.173997,-0.092070,0.261053,0.234997,0.266752,0.114195,0.195264,0.156532,0.825436,0.737094,-0.013501,0.162808,0.260613,0.048257,0.430698,0.511617,-0.251467,-0.143176,-0.041859,0.115066,0.381066,0.239483,0.147650,0.236110,0.320587,0.238144,0.290725,0.268582
0.148427,0.080367,0.927617,0.748385,0.128423,0.179817,0.243226,-0.013972,0.202992,0.154442,0.166835,-0.064678,0.270297,-0.007090,0.573761,0.327511,0.058974,-0.073705,0.369497,0.056785,0.239691,0.163976,0.000000,1.285921,0.430861,0.653770,0.213894,0.293771,0.038319,-0.028688,0.779688,0.622166,0.476697,0.238919,0.861381,0.331526,0.076391,-0.131966,0.170434,0.099663,0.039239,0.107676,-0.232325,-0.293734,-0.187323,-0.309780,-0.277699,-0.209392,-0.276808,-0.283179,-0.230995,-0.130568,-0.016196,0.090923,-0.123369,-0.013324,0.234004,0.214846,0.155832,-0.110854,0.127214,-0.141457,0.113754,-0.213556,0.904542,0.481992,0.192694,-0.120590,0.212544,0.235026,0.068182,0.227791,0.053642,0.094801,0.076142,0.088044,0.127166,0.070176,0.071852,0.204502,0.133497,0.192209,0.111531,0.142548,0.506367,0.188342,-0.033327,-0.059504,0.256945,0.327390
0.121014,0.120691,0.702035,0.956468,0.319591,0.462529,0.184260,0.183320,0.357994,0.403345,0.131700,0.134232,0.205740,0.209047,0.639103,0.528206,-0.016402,0.026343,0.345975,0.129634,0.259995,0.248051,1.285921,0.000000,0.584957,0.860923,0.444488,0.503004,-0.000199,0.043561,0.781851,0.783766,0.495155,0.360350,0.925474,0.514220,0.090354,0.010956,0.273891,0.225983,0.109399,0.295078,-0.121169,-0.144457,-0.146626,-0.214609,-0.221096,-0.102333,-0.112620,-0.045170,-0.060414,0.009597,0.074342,0.169060,-0.031833,0.120514,0.180948,0.165154,0.245988,0.099883,0.198683,0.111201,0.065692,-0.176942,0.902582,0.730684,0.305365,0.070813,0.170151,0.205432,0.134209,0.279408,-0.002973,0.148054,0.183180,0.122512,0.156618,0.157873,0.041110,0.191384,0.097442,0.220706,0.171176,0.252266,0.552857,0.371031,0.033994,-0.014323,0.286434,0.461678
0.163933,-0.055934,0.000708,0.254238,0.999391,0.687021,-0.128843,-0.020183,1.110421,0.870170,0.189651,0.127202,0.246329,0.073492,0.661318,0.499003,0.052597,0.061583,0.183991,0.024958,0.339812,0.186414,0.430861,0.584957,0.000000,1.287113,0.921243,0.541276,0.011085,0.051339,0.538016,0.591462,0.217464,0.131965,0.394418,0.124840,0.051146,-0.063555,-0.072810,0.043085,0.106625,-0.089247,-0.080246,-0.151053,-0.245402,-0.208473,-0.242210,-0.161094,0.043975,0.139096,0.121539,0.187858,0.014523,0.063809,-0.148351,0.014817,0.056264,-0.003497,0.249658,0.139912,0.217880,0.101302,0.110284,-0.010309,0.532892,0.486811,0.211335,0.079347,0.070826,0.043157,0.301479,0.517133,0.132283,0.176944,0.263338,0.200137,0.256484,0.238800,0.092680,0.087134,-0.059400,0.149687,0.148727,-0.059074,0.218572,0.214122,-0.295700,-0.236528,0.058781,0.150037
0.059663,-0.028930,0.130952,0.389900,0.873355,0.705014,-0.196880,-0.087070,0.716861,0.691891,0.179270,0.061710,0.153646,0.171942,0.766726,0.659874,0.110570,0.106863,0.123358,-0.049141,0.241845,0.156432,0.653770,0.860923,1.287113,0.000000,0.899888,0.758022,0.057414,0.137299,0.670134,0.663136,0.397667,0.161543,0.602563,0.312706,-0.124268,-0.080095,-0.026333,0.106295,0.063825,0.050367,-0.150580,-0.192467,-0.291797,-0.258018,-0.350866,-0.230574,-0.110839,0.054713,-0.009730,0.080561,-0.072457,0.035164,-0.251240,0.042406,0.084678,0.076148,0.135893,0.008887,0.143264,0.006773,0.221792,-0.000819,0.710837,0.634301,0.234691,0.037345,0.065013,0.070453,0.074861,0.318830,0.059254,0.155529,0.172408,0.207357,0.124093,0.138283,0.142058,0.309111,0.133078,0.301351,0.068997,0.093576,0.378656,0.306852,-0.224013,-0.173900,0.059624,0.254682
0.260186,0.042664,0.011712,0.239784,1.233121,1.246407,-0.036439,0.060089,1.040480,1.106134,0.192968,0.239498,0.189085,0.132269,0.829241,0.708847,0.017711,0.099750,0.161188,0.034968,0.355606,0.332287,0.213894,0.444488,0.921243,0.899888,0.000000,1.196072,0.014435,0.071649,0.528854,0.657456,0.257287,0.258717,0.384270,0.338315,-0.030611,0.015250,0.145793,0.312764,0.130187,0.051928,-0.025694,-0.078707,-0.266989,-0.264773,-0.260071,-0.182255,0.005514,0.170392,0.133878,0.108640,-0.002717,0.033365,-0.033075,0.080092,0.149231,0.084097,0.405376,0.351967,0.465595,0.369469,0.200889,0.105029,0.526617,0.584100,0.294445,0.251277,-0.002039,0.004577,0.371155,0.502653,0.117130,0.211130,0.407343,0.328994,0.329067,0.309103,0.039909,0.041619,0.029605,0.171499,0.315304,0.199431,0.383461,0.338924,0.041839,0.066094,0.319582,0.399717
0.135737,0.089053,0.196496,0.379345,0.783907,1.028127,-0.103169,-0.034032,0.539247,0.675831,-0.026823,0.083535,0.002530,0.042544,0.745853,0.661553,-0.116460,-0.121234,0.045845,-0.093903,0.363278,0.459829,0.293771,0.503004,0.541276,0.758022,1.196072,0.000000,-0.208630,-0.107940,0.556671,0.621670,0.231069,0.166831,0.627170,0.587102,-0.054897,0.047206,0.293167,0.430720,0.048537,0.109308,-0.155479,-0.177267,-0.323760,-0.372848,-0.349325,-0.228273,-0.154059,0.002646,-0.123995,-0.141224,-0.131096,-0.095645,-0.061645,0.096088,0.151080,0.221763,0.322313,0.211715,0.279493,0.267848,0.019243,-0.077076,0.695095,0.614102,0.324473,0.165747,0.001423,0.040966,0.267658,0.363886,-0.082962,0.050490,0.268863,0.178659,0.208291,0.241146,-0.068236,0.041651,0.036159,0.127433,0.213733,0.301586,0.429882,0.287895,0.183102,0.149017,0.343228,0.471780
0.430414,0.159018,-0.148845,-0.303060,0.079044,-0.091227,0.369165,0.316266,0.123780,0.042674,0.752600,0.349664,0.507569,0.364544,0.159217,0.126523,0.984014,0.867762,0.484132,0.488170,-0.054235,-0.238710,0.038319,-0.000199,0.011085,0.057414,0.014435,-0.208630,0.000000,1.154339,0.157997,0.119202,0.585864,0.496869,-0.255066,-0.142885,-0.014582,0.065606,-0.161676,-0.015148,0.341740,0.274243,0.384763,0.365006,0.392698,0.349730,0.290043,0.253162,0.296312,0.284068,0.476925,0.407923,0.251113,0.268614,0.126171,0.083151,0.264724,-0.031765,0.143844,0.190587,0.365188,0.090935,0.826265,0.589496,-0.245810,-0.133978,0.310542,0.288499,0.256547,0.221031,-0.039415,0.018312,0.704069,0.432448,0.310932,0.396082,0.196940,0.189254,0.601567,0.499468,0.691451,0.594154,0.244260,0.163143,0.232986,0.243288,-0.132452,0.113594,0.082655,0.112675
0.253499,0.302206,-0.261431,-0.222331,0.171833,0.076558,0.127408,0.343406,0.133026,0.162791,0.630211,0.551994,0.368502,0.632949,0.227556,0.381148,0.812726,1.219554,0.355098,0.484063,-0.075089,-0.154734,-0.028688,0.043561,0.051339,0.137299,0.071649,-0.107940,1.154339,0.000000,0.139453,0.133186,0.564292,0.526272,-0.169028,-0.018535,-0.122626,0.241994,-0.196247,0.024580,0.260475,0.303215,0.441076,0.505029,0.427792,0.441181,0.314974,0.351703,0.318812,0.375068,0.480441,0.514751,0.346774,0.344703,0.132812,0.247808,0.238938,0.132883,0.115794,0.258747,0.257732,0.230095,0.687617,0.877048,-0.206891,0.006661,0.369565,0.425746,0.292807,0.309525,-0.084296,0.033791,0.423581,0.475220,0.237131,0.309655,0.134092,0.283131,0.680139,0.744423,0.574503,0.931499,0.342940,0.317682,0.219408,0.427170,-0.096397,0.048504,0.019974,0.212710
0.268792,0.097820,0.475203,0.431416,0.348409,0.452059,0.105428,-0.031053,0.363840,0.311701,0.205230,0.064611,0.154132,0.025224,0.553388,0.323857,0.205969,0.134655,0.359331,0.109827,0.572707,0.515169,0.779688,0.781851,0.538016,0.670134,0.528854,0.556671,0.157997,0.139453,0.000000,1.660310,0.725132,0.555184,0.836404,0.562346,0.144758,0.013946,0.183226,0.298116,0.242184,0.198977,-0.026600,-0.089446,-0.223574,-0.279349,-0.203105,-0.105383,-0.068956,-0.038354,-0.011756,-0.002735,0.007996,0.097484,-0.005325,0.056131,0.373869,0.283276,0.315161,0.054067,0.308034,0.072946,0.228759,0.006911,0.691658,0.504461,0.397392,0.086872,0.237176,0.215771,0.506706,0.670839,0.279110,0.275821,0.306659,0.198414,0.377672,0.346929,0.106475,0.170477,0.210367,0.325629,0.307488,0.161840,0.422644,0.252206,0.139402,0.079909,0.271018,0.269728
0.280796,0.124706,0.369326,0.483184,0.448991,0.594351,0.108035,0.112471,0.497550,0.460030,0.189519,0.183008,0.194580,0.138967,0.575186,0.440079,0.120909,0.167060,0.307989,0.124978,0.561791,0.577871,0.622166,0.783766,0.591462,0.663136,0.657456,0.621670,0.119202,0.133186,1.660310,0.000000,0.635122,0.648721,0.732097,0.606329,0.100825,0.021331,0.156882,0.296347,0.189978,0.202658,-0.010777,-0.038493,-0.190089,-0.219487,-0.197152,-0.074176,0.003234,0.064848,0.101263,0.076481,0.084867,0.145605,0.026263,0.081704,0.353486,0.257585,0.388833,0.215592,0.394101,0.270177,0.201765,0.061537,0.671851,0.646718,0.378201,0.180789,0.155312,0.144067,0.600006,0.775487,0.230617,0.306281,0.364471,0.258891,0.348313,0.328942,0.051105,0.113967,0.092449,0.292716,0.363934,0.170972,0.396590,0.348688,0.157386,0.073789,0.309481,0.333057
0.482207,0.316344,0.208475,0.151387,0.319844,0.242501,0.290796,0.210472,0.211998,0.234257,0.526639,0.289239,0.248769,0.300156,0.454030,0.312792,0.530002,0.637362,0.568621,0.456683,-0.015286,-0.006860,0.476697,0.495155,0.217464,0.397667,0.257287,0.231069,0.585864,0.564292,0.725132,0.635122,0.000000,1.117447,0.340389,0.380272,-0.116434,-0.074819,0.104845,0.146393,0.074222,0.350186,0.266198,0.241021,0.146240,0.017675,0.049769,0.154356,0.067452,0.088677,0.190190,0.173879,0.102937,0.246174,0.068355,0.155354,0.458111,0.234600,0.292121,0.148941,0.484004,0.190512,0.686494,0.485204,0.283300,0.268391,0.537224,0.306094,0.404485,0.415525,0.039351,0.187226,0.485123,0.434537,0.314146,0.447289,0.295094,0.268065,0.293170,0.485603,0.400708,0.548620,0.335327,0.246814,0.410779,0.278329,0.128801,0.093300,0.258619,0.349555
0.511536,0.318197,0.149900,0.182278,0.294396,0.321290,0.494682,0.551769,0.290132,0.367219,0.490736,0.489351,0.313640,0.336443,0.414618,0.334427,0.429039,0.704198,0.531799,0.501634,0.082056,0.104628,0.238919,0.360350,0.131965,0.161543,0.258717,0.166831,0.496869,0.526272,0.555184,0.648721,1.117447,0.000000,0.158802,0.372195,-0.030944,-0.005384,0.117999,0.141520,0.076014,0.364885,0.444597,0.466645,0.367196,0.237762,0.222095,0.327346,0.340345,0.327940,0.437328,0.372743,0.238694,0.247093,0.251396,0.233731,0.411506,0.135448,0.613871,0.561693,0.800473,0.648331,0.512804,0.524701,0.181718,0.361791,0.620466,0.651959,0.220737,0.247444,0.295642,0.361199,0.448703,0.425942,0.474250,0.435221,0.400659,0.371232,0.222238,0.299807,0.133262,0.393292,0.489562,0.259394,0.277496,0.279821,0.251847,0.115720,0.381819,0.440947
0.089618,0.150107,0.751958,0.739426,0.182205,0.403732,0.033732,-0.093033,0.168023,0.209960,-0.062280,-0.020292,-0.000153,0.032283,0.481753,0.309049,-0.097828,-0.213130,0.166277,-0.034915,0.403657,0.409048,0.861381,0.925474,0.394418,0.602563,0.384270,0.627170,-0.255066,-0.169028,0.836404,0.732097,0.340389,0.158802,0.000000,0.917475,0.238542,0.050299,0.448689,0.440694,0.195473,0.163809,-0.201825,-0.266687,-0.383057,-0.443330,-0.321648,-0.224057,-0.256445,-0.192035,-0.229134,-0.182219,0.011633,0.133353,0.032860,0.103138,0.307294,0.414390,0.219853,0.007049,0.113770,-0.019160,-0.047903,-0.306908,1.090558,0.642877,0.374915,0.061851,0.253656,0.281061,0.226374,0.294459,-0.101651,0.065342,0.047833,0.025609,0.230795,0.224746,-0.055226,0.021992,0.135124,0.191088,0.192256,0.234043,0.615469,0.365347,0.205845,0.111049,0.399436,0.401601
0.079582,0.129146,0.359731,0.464999,0.147968,0.441466,0.051918,0.139073,0.069830,0.177915,-0.003172,0.166680,-0.032138,0.244595,0.336897,0.301659,-0.064600,-0.014325,0.074750,0.034329,0.241141,0.363193,0.331526,0.514220,0.124840,0.312706,0.338315,0.587102,-0.142885,-0.018535,0.562346,0.606329,0.380272,0.372195,0.917475,0.000000,0.102767,0.076417,0.435214,0.464016,0.222465,0.266355,-0.068161,-0.047737,-0.230277,-0.229216,-0.238937,-0.102335,-0.075470,0.068389,-0.006623,-0.016956,0.036214,0.107107,0.080755,0.158691,0.245511,0.250484,0.358200,0.274899,0.334690,0.311314,0.072101,-0.094571,0.624206,0.658112,0.492718,0.383238,0.115600,0.160095,0.229904,0.278828,-0.038983,0.139402,0.154396,0.132047,0.221604,0.250825,-0.019798,0.013183,0.123368,0.189297,0.176456,0.204812,0.494996,0.444834,0.299286,0.158672,0.396251,0.427101
0.259111,0.141203,0.339195,0.232193,-0.081741,0.083424,0.269178,0.188042,0.144831,0.105568,0.060762,0.179410,0.194984,-0.075226,0.133003,-0.011401,0.029309,-0.157009,0.445259,0.287277,0.520929,0.372142,0.076391,0.090354,0.051146,-0.124268,-0.030611,-0.054897,-0.014582,-0.122626,0.144758,0.100825,-0.116434,-0.030944,0.238542,0.102767,0.000000,0.481022,0.704450,0.683813,0.628117,0.226141,0.192735,0.075534,0.048802,0.030576,0.352014,0.255059,0.234021,0.115903,0.177500,0.152634,0.374315,0.268285,0.683390,0.360734,0.183873,0.119664,0.256995,0.313390,0.149791,0.121135,-0.177228,-0.277172,0.076914,-0.045538,0.346700,0.166417,0.344826,0.285398,0.552777,0.321907,0.082159,0.119707,0.185019,-0.079312,0.514558,0.514708,-0.109412,-0.469442,0.104726,0.019608,0.449544,0.234601,0.384134,0.268048,0.294264,0.322598,0.477025,0.274835
0.109465,0.335047,0.055942,0.177316,-0.039737,0.163052,0.067586,0.298675,0.042650,0.105763,0.106517,0.428582,0.147999,0.389117,0.094663,0.248597,0.059366,0.152359,0.227930,0.263408,0.313772,0.259658,-0.131966,0.010956,-0.063555,-0.080095,0.015250,0.047206,0.065606,0.241994,0.013946,0.021331,-0.074819,-0.005384,0.050299,0.076417,0.481022,0.000000,0.361809,0.600631,0.415909,0.426499,0.299983,0.358897,0.148096,0.205811,0.385857,0.337413,0.285465,0.329262,0.252910,0.315609,0.413189,0.423862,0.430216,0.428140,0.110100,0.224830,0.086305,0.232738,-0.028003,0.225290,-0.104697,0.102849,-0.057405,0.065287,0.231524,0.288233,0.200823,0.141960,0.299763,0.246521,-0.003167,0.251728,0.133876,0.006397,0.249181,0.492224,0.054167,-0.073248,0.137077,0.369162,0.331599,0.384935,0.224270,0.530988,0.131657,0.127679,0.156104,0.255917
0.306407,0.274217,0.621978,0.532742,0.048423,0.366069,0.335222,0.295593,0.089623,0.231625,-0.042886,0.276246,-0.034416,0.047569,0.326887,0.182705,-0.119812,-0.112490,0.482419,0.343965,0.348865,0.395754,0.170434,0.273891,-0.072810,-0.026333,0.145793,0.293167,-0.161676,-0.196247,0.183226,0.156882,0.104845,0.117999,0.448689,0.435214,0.704450,0.361809,0.000000,1.016666,0.416422,0.429650,0.157542,0.068661,-0.042438,-0.140068,0.179292,0.173664,0.092111,0.075219,0.082949,0.020628,0.265707,0.295690,0.653389,0.515802,0.257507,0.217600,0.400922,0.354024,0.312543,0.264278,-0.089019,-0.177911,0.249007,0.184337,0.514882,0.331491,0.333431,0.354277,0.394943,0.172014,0.039760,0.189064,0.347197,0.140912,0.613310,0.562047,-0.276795,-0.282349,0.155812,0.049811,0.491751,0.462288,0.500516,0.349202,0.513116,0.367987,0.822045,0.694308
0.376909,0.414438,0.400712,0.402806,0.202190,0.526262,0.232948,0.319688,0.216684,0.348707,0.123833,0.460310,0.155834,0.260589,0.408605,0.397660,0.091110,0.045443,0.539171,0.387935,0.535198,0.534509,0.099663,0.225983,0.043085,0.106295,0.312764,0.430720,-0.015148,0.024580,0.298116,0.296347,0.146393,0.141520,0.440694,0.464016,0.683813,0.600631,1.016666,0.000000,0.588510,0.544410,0.214824,0.136895,-0.051032,-0.081185,0.214576,0.207493,0.103907,0.154212,0.176476,0.156424,0.411093,0.390792,0.725995,0.639285,0.365479,0.378630,0.290385,0.388309,0.286694,0.288178,0.073804,0.050976,0.209961,0.192273,0.563258,0.358516,0.430104,0.392121,0.514914,0.317980,0.076768,0.318761,0.286408,0.218312,0.613970,0.776082,-0.135131,-0.228025,0.311759,0.354081,0.636881,0.562179,0.613741,0.660201,0.414132,0.444337,0.711343,0.721836
0.286698,0.022924,0.069863,0.059809,0.061061,0.122281,0.205524,0.197082,0.192054,0.104204,0.304900,0.239557,0.281053,0.139516,0.239555,0.074183,0.343960,0.119953,0.338228,0.235371,0.366997,0.139459,0.039239,0.109399,0.106625,0.063825,0.130187,0.048537,0.341740,0.260475,0.242184,0.189978,0.074222,0.076014,0.195473,0.222465,0.628117,0.415909,0.416422,0.588510,0.000000,0.465897,0.215767,0.170288,0.023569,0.105836,0.215268,0.192059,0.236381,0.219369,0.280236,0.261731,0.304103,0.298470,0.410655,0.269128,0.176479,0.019288,0.291494,0.276078,0.262423,0.060461,0.188165,0.015557,0.050819,0.022848,0.303814,0.274471,0.194017,0.109971,0.392117,0.330768,0.335100,0.364959,0.391542,0.174954,0.494650,0.521262,0.197300,-0.165279,0.374133,0.235946,0.309145,0.251215,0.398995,0.390743,0.122772,0.263971,0.365645,0.247056
0.233278,0.169705,0.194025,0.221679,0.012478,0.173652,0.275796,0.382111,0.019878,0.099473,0.237280,0.336061,0.139754,0.366853,0.151874,0.213981,0.215524,0.270986,0.366493,0.311947,0.072735,0.055113,0.107676,0.295078,-0.089247,0.050367,0.051928,0.109308,0.274243,0.303215,0.198977,0.202658,0.350186,0.364885,0.163809,0.266355,0.226141,0.426499,0.429650,0.544410,0.465897,0.000000,0.213358,0.237079,0.111794,0.102243,0.151335,0.147973,0.100959,0.153940,0.169712,0.156654,0.216217,0.310300,0.325228,0.301721,0.209315,0.033152,0.144662,0.195195,0.217298,0.203295,0.204140,0.100811,0.074359,0.200373,0.232326,0.234079,0.111577,0.092436,0.132842,0.108357,0.398658,0.520220,0.295934,0.242227,0.252772,0.338007,0.245564,0.067952,0.344576,0.298586,0.294443,0.405954,0.283880,0.410389,0.197040,0.145479,0.318599,0.372048
0.335150,0.361967,-0.027217,0.038863,0.115046,0.186376,0.318347,0.490203,0.103983,0.256157,0.289604,0.541162,0.139809,0.269652,0.139855,0.206750,0.357851,0.649059,0.491291,0.553546,0.058767,0.001559,-0.232325,-0.121169,-0.080246,-0.150580,-0.025694,-0.155479,0.384763,0.441076,-0.026600,-0.010777,0.266198,0.444597,-0.201825,-0.068161,0.192735,0.299983,0.157542,0.214824,0.215767,0.213358,0.000000,1.650348,0.880785,0.875893,1.292787,1.322342,1.198026,0.862402,0.978783,0.904567,0.591909,0.515341,0.755040,0.676921,0.208126,0.005372,0.391478,0.535051,0.341865,0.393558,0.302198,0.407407,-0.292782,-0.088739,0.432200,0.688434,0.247025,0.275452,0.202036,0.123533,0.161204,0.231407,0.304288,0.252144,0.504666,0.583322,0.225635,0.172163,0.091826,0.342816,0.561487,0.326443,0.011201,0.229219,0.234463,0.088903,0.206902,0.311995
0.231365,0.343688,-0.095542,0.031672,0.040956,0.134940,0.268204,0.530177,0.021594,0.198395,0.218956,0.509158,0.098558,0.339290,0.056790,0.212810,0.331107,0.668504,0.326756,0.463043,0.019162,-0.034130,-0.293734,-0.144457,-0.151053,-0.192467,-0.078707,-0.177267,0.365006,0.505029,-0.089446,-0.038493,0.241021,0.466645,-0.266687,-0.047737,0.075534,0.358897,0.068661,0.136895,0.170288,0.237079,1.650348,0.000000,1.018003,1.073779,1.210958,1.371935,1.153060,0.881683,0.902249,0.882348,0.590341,0.520961,0.640576,0.655528,0.169666,0.004716,0.348468,0.523250,0.273913,0.443804,0.244478,0.451737,-0.333484,-0.047082,0.395214,0.755014,0.174543,0.204304,0.121210,0.093639,0.121319,0.236715,0.244461,0.204916,0.343626,0.472545,0.296984,0.252007,0.049493,0.369056,0.488810,0.342840,-0.055886,0.251771,0.220872,0.031343,0.140611,0.291536
0.198629,0.307905,-0.040627,-0.020241,-0.084467,-0.071865,0.371110,0.485353,-0.091332,0.068486,0.212064,0.336582,0.205786,0.229678,-0.035337,0.085042,0.369711,0.533892,0.306138,0.492961,-0.096778,-0.131280,-0.187323,-0.146626,-0.245402,-0.291797,-0.266989,-0.323760,0.392698,0.427792,-0.223574,-0.190089,0.146240,0.367196,-0.383057,-0.230277,0.048802,0.148096,-0.042438,-0.051032,0.023569,0.111794,0.880785,1.018003,0.000000,1.283766,1.126773,1.082717,0.866298,0.457606,0.583771,0.618229,0.454654,0.222877,0.469720,0.479720,0.145319,-0.018159,0.267155,0.439621,0.161173,0.326124,0.215204,0.396361,-0.470652,-0.236872,0.355337,0.573354,0.261084,0.297103,-0.008257,-0.043614,0.090450,0.109199,0.136123,0.044226,0.175889,0.269257,0.276345,0.307006,0.064184,0.289210,0.292537,0.228104,-0.142413,0.049904,0.036642,-0.006455,0.067289,0.237779
0.156499,0.301455,-0.194163,-0.047757,-0.086852,-0.090222,0.155544,0.436513,-0.087611,0.020659,0.256228,0.440060,0.169159,0.356309,-0.122495,0.076770,0.362215,0.540044,0.200349,0.393129,-0.102119,-0.168721,-0.309780,-0.214609,-0.208473,-0.258018,-0.264773,-0.372848,0.349730,0.441181,-0.279349,-0.219487,0.017675,0.237762,-0.443330,-0.229216,0.030576,0.205811,-0.140068,-0.081185,0.105836,0.102243,0.875893,1.073779,1.283766,0.000000,1.059959,1.024094,1.107479,0.788439,0.817021,0.967714,0.607435,0.330573,0.513544,0.630240,0.097514,-0.024779,0.187715,0.410559,0.020751,0.202506,0.244549,0.353512,-0.542878,-0.217182,0.242245,0.567851,0.148954,0.170948,-0.013358,-0.018058,0.066540,0.132612,0.097951,0.036584,0.112910,0.249509,0.310448,0.253377,0.078623,0.272430,0.274542,0.176690,-0.152251,0.180524,0.055058,0.004624,-0.022868,0.160491
0.233794,0.343240,-0.001968,0.041554,-0.111946,-0.039513,0.318379,0.499102,-0.058819,0.069387,0.176775,0.388263,0.113251,0.184965,-0.053959,0.039038,0.337984,0.451484,0.425145,0.550463,0.028407,-0.031891,-0.277699,-0.221096,-0.242210,-0.350866,-0.260071,-0.349325,0.290043,0.314974,-0.203105,-0.197152,0.049769,0.222095,-0.321648,-0.238937,0.352014,0.385857,0.179292,0.214576,0.215268,0.151335,1.292787,1.210958,1.126773,1.059959,0.000000,1.625304,1.010713,0.616873,0.728560,0.720303,0.682252,0.440077,0.940307,0.786572,0.153856,0.001743,0.202997,0.413302,0.113578,0.256315,0.139498,0.283559,-0.499505,-0.310955,0.340681,0.493567,0.331549,0.355935,0.142990,-0.003620,0.043768,0.115993,0.107419,0.027175,0.355334,0.478444,0.163176,0.052949,0.103018,0.237605,0.466149,0.278460,-0.065732,0.168463,0.208949,0.127426,0.174290,0.256783
0.205636,0.372321,0.006730,0.129188,-0.027481,0.058098,0.288599,0.583514,-0.019535,0.156716,0.122269,0.422369,0.077739,0.238921,0.030976,0.151107,0.250827,0.485902,0.393676,0.524029,0.075319,0.048758,-0.209392,-0.102333,-0.161094,-0.230574,-0.182255,-0.228273,0.253162,0.351703,-0.105383,-0.074176,0.154356,0.327346,-0.224057,-0.102335,0.255059,0.337413,0.173664,0.207493,0.192059,0.147973,1.322342,1.371935,1.082717,1.024094,1.625304,0.000000,1.014701,0.729420,0.747177,0.748738,0.639734,0.459026,0.812391,0.823625,0.126062,0.008915,0.280745,0.493958,0.185347,0.375535,0.122793,0.308022,-0.355797,-0.163425,0.426491,0.582282,0.312723,0.359252,0.138849,0.069241,0.010228,0.124602,0.150957,0.089170,0.365809,0.516268,0.132382,0.107824,0.042746,0.284598,0.445053,0.293231,-0.013681,0.228145,0.213240,0.082486,0.162728,0.333002
