0.000000,0.811857,0.535608,0.429795,0.102926,0.140046,0.418749,0.427891,0.087556,0.147914,0.674693,0.560953,0.533579,0.406732,0.364893,0.142059,0.480583,0.309646,0.668402,0.580627,0.317017,0.072560,0.503783,0.323392,0.070897,0.097804,0.115952,-0.050924,0.034356,-0.130554,0.280548,0.273280,0.730793,0.635359,-0.041478,0.016152,0.085849,0.154135,-0.194359,0.020334,-0.043183,0.145621,0.445418,0.248872,0.490999,0.297873,0.459849,0.419843,0.329911,0.431807,0.212312,0.163476,0.438070,0.480496,0.435758,0.339158,0.924458,0.898328,0.219194,0.264160,0.404113,0.549529,0.373466,0.422523,0.087847,0.225863,0.200733,0.197737,0.476997,0.419491,0.298944,0.337528,0.665357,0.383393,0.247984,0.348887,0.471713,0.213999,0.210003,0.530022,0.204375,0.367715,0.053765,0.006725,0.297622,0.210264,0.205152,0.248978,0.130687,0.221569
0.811857,0.000000,0.203262,0.341421,0.083756,0.189695,0.253431,0.293864,-0.037796,0.046461,0.224684,0.257835,0.280715,0.168538,0.051687,-0.009079,0.334286,0.144529,0.312448,0.368457,0.223667,0.126585,0.257110,0.184910,0.113412,0.023617,0.256360,0.108816,-0.218958,-0.259298,0.096296,0.067967,0.547596,0.413495,-0.068854,0.054841,-0.051764,0.011096,-0.156184,0.102471,-0.151793,-0.028381,0.442172,0.280276,0.603541,0.367212,0.418997,0.445270,0.429923,0.500641,0.328055,0.256810,0.337151,0.341204,0.524900,0.493530,0.771657,0.811522,0.434679,0.420068,0.421182,0.518328,0.314556,0.312157,-0.002324,0.102708,0.282871,0.221548,0.400068,0.339225,0.152000,0.038689,0.535433,0.290136,0.336397,0.355969,0.343755,-0.010003,0.171816,0.424186,0.161710,0.283819,0.045769,0.083052,0.161347,0.064336,0.066138,0.321250,0.181554,0.225680
0.535608,0.203262,0.000000,0.640877,0.220204,0.155330,0.798986,0.393939,0.213456,0.073206,0.395418,0.340657,0.305092,0.208964,0.539645,0.191899,0.083905,0.058595,0.520623,0.473235,0.284505,0.138053,1.115138,0.626861,0.310029,0.304882,0.259520,0.162539,0.074811,-0.102244,0.362059,0.436611,0.291356,0.396606,0.240007,0.187949,0.165660,0.020459,-0.124490,0.072800,-0.103420,-0.078699,0.177668,0.034017,0.171919,-0.024229,0.321353,0.136810,-0.030263,0.036195,-0.059567,-0.152882,0.301941,0.219807,0.172234,0.117728,0.089331,0.319260,-0.072067,-0.093846,0.217168,0.133243,0.079236,0.026562,0.676732,0.222943,0.184986,-0.069118,0.299693,0.328575,0.283099,0.394595,0.412700,0.203522,0.197936,0.266243,0.410196,0.190433,0.154765,0.258093,0.098637,0.155545,0.215816,0.004410,0.517227,0.364696,0.346677,0.210464,0.294733,0.334155
0.429795,0.341421,0.640877,0.000000,0.246494,0.582105,0.717181,1.217615,0.215494,0.338625,0.252818,0.441392,0.280415,0.344141,0.249708,0.321121,0.163614,0.010242,0.463873,0.750921,0.209853,0.234285,0.936946,1.215314,0.502874,0.506749,0.341403,0.389536,-0.142326,-0.164751,0.526597,0.734059,0.520519,0.664936,0.306001,0.445609,0.117416,0.004103,-0.163008,0.125682,-0.060142,-0.015482,0.414266,0.044088,0.426927,0.091101,0.560102,0.177022,0.009286,0.080724,0.011223,-0.091291,0.461142,0.266852,0.380040,0.241738,0.188958,0.287487,0.064094,0.075301,0.330044,0.327061,0.254733,0.364664,0.585812,0.498493,0.348296,0.324149,0.425846,0.696313,0.336791,0.254626,0.560044,0.254966,0.499542,0.329135,0.479840,0.304375,0.112531,0.236160,0.271247,0.355714,0.203141,0.045401,0.466381,0.612688,0.349915,0.382465,0.350684,0.487362
0.102926,0.083756,0.220204,0.246494,0.000000,0.408646,0.209000,0.318365,0.542807,0.353641,0.074282,0.230359,0.080789,0.182837,0.330642,0.229736,0.123179,0.237749,0.212819,0.254212,0.271338,0.292598,0.192961,0.227196,0.491526,0.634797,0.484630,0.328068,0.240453,0.260151,0.462756,0.390891,0.241648,0.257246,0.264970,0.239100,0.271307,0.290858,0.523108,0.473663,0.508586,0.284673,0.005309,0.194165,0.041183,0.238811,0.203978,0.153765,0.085366,0.098070,0.281490,0.173953,0.222648,0.354480,0.286791,0.324432,0.065833,0.135802,0.125326,0.226621,0.159438,0.219151,0.271641,0.307490,0.337651,0.223016,0.229993,0.176595,0.379740,0.261969,0.399381,0.127577,0.029246,0.120514,0.283950,0.318565,0.123439,0.178424,0.289791,0.118406,0.419390,0.473666,0.362772,0.267013,0.559728,0.436528,0.341284,0.154616,0.375878,0.598994
0.140046,0.189695,0.155330,0.582105,0.408646,0.000000,0.270295,0.654399,0.299677,0.447750,0.089171,0.373141,0.168886,0.322808,0.237231,0.414603,0.087474,0.145150,0.360092,0.498390,0.137806,0.288031,0.300125,0.459235,0.196352,0.423928,0.402781,0.495080,0.067928,0.107374,0.462852,0.493780,0.298052,0.423992,0.100357,0.265264,0.038593,0.172029,0.083720,0.217350,0.055058,0.096430,0.296589,0.135969,0.252778,0.327863,0.365668,0.185097,0.180117,0.230091,0.236589,0.119626,0.365420,0.339563,0.320476,0.314370,0.026163,0.090544,0.180629,0.199331,0.273204,0.301823,0.321978,0.369496,0.252922,0.392552,0.201050,0.254023,0.299916,0.289260,0.177926,0.039611,0.243643,0.132551,0.392002,0.253796,0.280566,0.230394,0.116025,0.097481,0.298223,0.333593,0.207647,0.108678,0.308531,0.311353,0.107809,0.054201,0.256652,0.360190
0.418749,0.253431,0.798986,0.717181,0.209000,0.270295,0.000000,0.811833,0.342903,0.226319,0.552041,0.566028,0.662354,0.486687,0.474586,0.335754,0.088229,-0.034393,0.447583,0.429163,0.370346,0.252025,0.733110,0.606295,0.191481,0.290777,0.307002,0.172712,0.073198,-0.044764,0.302771,0.406180,0.412288,0.562359,0.255012,0.239448,0.086950,0.067759,-0.102798,0.154984,-0.045258,-0.082059,0.340719,0.140179,0.326443,0.094119,0.420396,0.209698,0.104475,0.201740,0.163691,0.122306,0.412541,0.226643,0.385368,0.272556,0.113415,0.193508,0.316415,0.249379,0.739101,0.466414,0.521522,0.358804,0.687551,0.524533,0.474269,0.161104,0.380815,0.363266,0.277149,0.187656,0.514409,0.305625,0.286877,0.381155,0.488258,0.273346,0.123081,0.175059,0.180281,0.215692,0.318389,0.138248,0.626513,0.454964,0.322037,0.246515,0.528244,0.473611
0.427891,0.293864,0.393939,1.217615,0.318365,0.654399,0.811833,0.000000,0.284281,0.449948,0.399832,0.762479,0.464682,0.611631,0.314705,0.503233,0.274854,0.127818,0.437903,0.698131,0.250332,0.262245,0.699738,1.003838,0.294199,0.450437,0.288369,0.244480,0.116543,0.100258,0.628736,0.782533,0.712767,0.896594,0.287692,0.368006,0.133104,0.146603,-0.043983,0.227291,0.115926,0.127023,0.506012,0.205354,0.493219,0.307129,0.580517,0.260206,0.183506,0.245611,0.158942,0.072407,0.546674,0.349687,0.440492,0.302862,0.219347,0.184089,0.162495,0.182106,0.495320,0.598987,0.567547,0.678164,0.441858,0.687912,0.351078,0.384565,0.450094,0.638417,0.413809,0.251469,0.498168,0.433783,0.390239,0.348285,0.473333,0.389281,0.202301,0.297374,0.485209,0.533995,0.318501,0.170768,0.595680,0.729606,0.367901,0.401924,0.406869,0.532277
0.087556,-0.037796,0.213456,0.215494,0.542807,0.299677,0.342903,0.284281,0.000000,0.398050,0.140067,0.336677,0.285079,0.303420,0.339413,0.227801,0.196513,0.108121,0.204925,0.185854,0.278898,0.289665,0.202462,0.175268,0.218932,0.443977,0.299208,0.265095,0.079273,0.101954,0.157052,0.198585,0.224130,0.204138,0.140018,0.110435,0.196750,0.208481,0.206695,0.097134,0.242341,0.116857,-0.030878,-0.027256,-0.011095,0.094667,0.082894,-0.040879,-0.007576,0.012283,0.199700,0.163465,0.209790,0.230983,0.227625,0.150109,0.034827,0.081016,0.153341,0.107846,0.362057,0.191652,0.281160,0.238645,0.364624,0.340974,0.286173,0.170328,0.206631,0.200963,0.266352,0.018254,0.028459,0.150451,0.205630,0.219739,0.055628,0.107240,0.062469,0.101481,0.175752,0.252978,0.132705,-0.032200,0.408682,0.331027,0.091031,-0.034102,0.335910,0.350007
0.147914,0.046461,0.073206,0.338625,0.353641,0.447750,0.226319,0.449948,0.398050,0.000000,0.188021,0.313009,0.290138,0.355044,0.336407,0.389033,0.142833,0.261715,0.130863,0.218255,0.257704,0.206471,0.156319,0.299369,0.146478,0.445474,0.182628,0.189432,0.044623,0.029440,0.176389,0.197496,0.198418,0.219626,0.200932,0.306384,0.020509,0.200099,0.201117,0.171662,0.097331,0.175414,0.139246,0.069497,0.172701,0.331375,0.304567,0.173728,0.175533,0.288084,0.336571,0.249679,0.343131,0.390444,0.346977,0.292871,0.086387,0.166836,0.182937,0.235230,0.363487,0.246823,0.303959,0.335621,0.251449,0.481298,0.263610,0.292779,0.308361,0.280312,0.291653,0.187798,0.095597,0.209819,0.212805,0.152286,0.069477,0.156648,0.062057,0.110985,0.245650,0.273095,0.162416,0.005804,0.329213,0.386509,0.107133,0.121316,0.342718,0.445738
0.674693,0.224684,0.395418,0.252818,0.074282,0.089171,0.552041,0.399832,0.140067,0.188021,0.000000,0.968172,0.945767,0.726285,0.535825,0.415688,0.331263,0.247621,0.554797,0.419323,0.232895,0.150312,0.329865,0.240886,-0.219887,-0.032351,-0.003936,-0.091292,0.368799,0.150955,0.316916,0.315471,0.484131,0.525692,0.008549,0.033050,-0.065660,0.104848,-0.047356,-0.017806,0.027832,0.159934,0.327769,0.121351,0.257635,0.124923,0.236226,0.186498,0.139484,0.259873,0.130711,0.160224,0.276749,0.363914,0.159424,0.053606,0.337874,0.218754,0.188150,0.237790,0.535601,0.515086,0.565425,0.516744,0.199885,0.510315,0.128101,0.043143,0.231725,0.175070,0.169302,0.243635,0.362002,0.389350,0.135494,0.186701,0.272086,0.249014,0.092622,0.369126,0.176518,0.218491,0.085926,-0.076038,0.341468,0.228481,0.135323,-0.080530,0.113847,0.195222
0.560953,0.257835,0.340657,0.441392,0.230359,0.373141,0.566028,0.762479,0.336677,0.313009,0.968172,0.000000,0.829772,1.039431,0.598123,0.691115,0.427698,0.337127,0.495114,0.574992,0.315370,0.216455,0.451946,0.508867,0.024255,0.209270,0.176105,0.027807,0.377892,0.272019,0.522226,0.544668,0.606594,0.699152,0.143882,0.155224,0.113911,0.317402,0.120689,0.220054,0.200709,0.291458,0.447986,0.287008,0.322223,0.349409,0.458439,0.309112,0.286917,0.407143,0.315491,0.294890,0.554823,0.572121,0.346320,0.263614,0.289660,0.208821,0.269801,0.305285,0.611991,0.827163,0.617563,0.776859,0.274472,0.784789,0.226612,0.264107,0.330500,0.364525,0.384814,0.275015,0.378419,0.440051,0.187440,0.231147,0.362072,0.397611,0.215830,0.403130,0.380647,0.420094,0.249976,0.060905,0.604827,0.544848,0.276557,0.182572,0.362575,0.471239
0.533579,0.280715,0.305092,0.280415,0.080789,0.168886,0.662354,0.464682,0.285079,0.290138,0.945767,0.829772,0.000000,1.074200,0.616294,0.467413,0.266885,0.122465,0.317343,0.229814,0.320288,0.079856,0.339425,0.168799,-0.067116,0.055065,0.197980,-0.042660,0.131672,0.051811,0.116634,0.150609,0.426664,0.420006,0.096593,0.126371,-0.063029,0.122953,-0.054810,0.023113,0.002385,0.102501,0.464708,0.273355,0.384251,0.289139,0.395344,0.344269,0.368279,0.509986,0.444558,0.439018,0.504297,0.449222,0.429271,0.283885,0.241644,0.181955,0.465076,0.403063,0.804429,0.717505,0.713663,0.636853,0.222062,0.543782,0.311324,0.168752,0.302695,0.155732,0.133950,0.145427,0.361998,0.400276,0.135400,0.246382,0.240808,0.102684,-0.039838,0.278899,0.096477,0.164844,0.119002,-0.035985,0.294646,0.132055,0.060440,0.078110,0.437523,0.334264
0.406732,0.168538,0.208964,0.344141,0.182837,0.322808,0.486687,0.611631,0.303420,0.355044,0.726285,1.039431,1.074200,0.000000,0.609223,0.723531,0.382834,0.339132,0.228276,0.270023,0.269098,0.121827,0.299822,0.254141,0.090707,0.150197,0.232981,0.091650,0.313849,0.277675,0.339412,0.323947,0.441879,0.507386,0.227719,0.279061,0.134014,0.363045,0.199596,0.254311,0.280543,0.245299,0.423321,0.366712,0.309329,0.425116,0.515663,0.360731,0.356553,0.452413,0.476293,0.471831,0.507850,0.539462,0.457340,0.328130,0.245627,0.190040,0.386231,0.441470,0.612737,0.881110,0.720070,0.811142,0.292821,0.783427,0.340788,0.309523,0.342430,0.264843,0.302466,0.148129,0.340708,0.289155,0.104120,0.189087,0.184848,0.218786,0.221672,0.382058,0.335680,0.387132,0.252443,0.016654,0.427721,0.360820,0.193154,0.071965,0.508729,0.501923
0.364893,0.051687,0.539645,0.249708,0.330642,0.237231,0.474586,0.314705,0.339413,0.336407,0.535825,0.598123,0.616294,0.609223,0.000000,0.631323,0.322618,0.369223,0.562699,0.435793,0.369844,0.283025,0.516232,0.371471,0.127429,0.288612,0.269519,0.218234,0.487806,0.377209,0.402694,0.336561,0.202602,0.273072,0.071792,0.032636,0.298148,0.364535,0.305600,0.382857,0.312696,0.388712,0.114138,0.299278,-0.048070,0.283232,0.472318,0.354405,0.244622,0.336107,0.313712,0.231420,0.654420,0.657104,0.442650,0.405018,0.009030,0.216086,0.154243,0.175718,0.265875,0.308319,0.279089,0.237253,0.223900,0.275692,0.136701,0.032371,0.313109,0.249517,0.319687,0.357002,0.182066,0.294491,0.113846,0.203506,0.339991,0.226763,0.329256,0.349089,0.393876,0.455400,0.621653,0.300678,0.703350,0.452503,0.463476,0.164825,0.574037,0.583229
0.142059,-0.009079,0.191899,0.321121,0.229736,0.414603,0.335754,0.503233,0.227801,0.389033,0.415688,0.691115,0.467413,0.723531,0.631323,0.000000,0.332879,0.463118,0.244060,0.341501,0.218060,0.304073,0.355909,0.410405,0.183846,0.267357,0.116767,0.225743,0.465119,0.450415,0.488284,0.427134,0.271678,0.388460,0.237528,0.259198,0.325513,0.619982,0.418409,0.484243,0.359929,0.423751,0.178285,0.224398,-0.025069,0.283604,0.413330,0.253381,0.193000,0.261608,0.331018,0.307557,0.488940,0.524203,0.279147,0.263209,0.043477,0.108583,0.185925,0.276011,0.306254,0.478586,0.489095,0.465355,0.319788,0.579454,0.180002,0.159144,0.333887,0.266261,0.372507,0.232627,0.173619,0.233049,0.000985,0.122290,0.326007,0.348990,0.356753,0.340459,0.453145,0.496970,0.433323,0.189059,0.631263,0.617860,0.293007,0.093710,0.607750,0.594073
0.480583,0.334286,0.083905,0.163614,0.123179,0.087474,0.088229,0.274854,0.196513,0.142833,0.331263,0.427698,0.266885,0.382834,0.322618,0.332879,0.000000,0.738015,0.314042,0.438722,0.231657,0.150768,0.178039,0.133714,0.158443,0.042026,0.050225,0.003320,0.482337,0.397538,0.307255,0.242528,0.586988,0.505807,0.027816,0.064479,0.381719,0.429746,0.216233,0.314799,0.384494,0.391718,0.191950,0.358517,0.071170,0.395127,0.364477,0.377792,0.341811,0.302938,0.305288,0.267120,0.500670,0.598923,0.372720,0.247217,0.577673,0.516131,0.112570,0.206765,0.152323,0.420871,0.335549,0.533041,-0.054711,0.129704,0.189222,0.301378,0.277802,0.421345,0.257157,0.127073,0.280646,0.338160,0.075784,0.057515,0.225727,0.204066,0.396557,0.750441,0.705443,0.866490,0.323974,0.237502,0.492797,0.452663,0.373475,0.118574,0.201992,0.321270
0.309646,0.144529,0.058595,0.010242,0.237749,0.145150,-0.034393,0.127818,0.108121,0.261715,0.247621,0.337127,0.122465,0.339132,0.369223,0.463118,0.738015,0.000000,0.216265,0.250711,0.110367,0.154146,0.091908,0.065311,0.169497,0.157981,0.032342,-0.076646,0.639324,0.530668,0.428561,0.221036,0.295038,0.271609,0.061030,0.078952,0.343008,0.621290,0.478252,0.395582,0.465275,0.553284,0.082344,0.317223,-0.079000,0.421462,0.246178,0.335191,0.288623,0.285500,0.303067,0.322026,0.290185,0.680149,0.190242,0.239147,0.424667,0.406589,0.026070,0.184775,-0.007021,0.364131,0.219737,0.349848,0.027445,0.171805,0.073358,0.148923,0.209396,0.299754,0.271348,0.169346,0.125635,0.198263,-0.076565,0.170328,0.120912,0.143710,0.549488,0.687035,0.651100,0.744687,0.295662,0.195359,0.451897,0.480168,0.302104,0.073729,0.191943,0.317327
0.668402,0.312448,0.520623,0.463873,0.212819,0.360092,0.447583,0.437903,0.204925,0.130863,0.554797,0.495114,0.317343,0.228276,0.562699,0.244060,0.314042,0.216265,0.000000,1.153780,0.268677,0.149409,0.523528,0.498074,-0.006641,0.140232,0.160084,0.132357,0.306853,0.147462,0.488417,0.429050,0.451946,0.537049,-0.121696,-0.074587,0.164319,0.152654,-0.036590,0.109588,0.074745,0.151071,0.149479,0.107669,0.053394,0.085635,0.294351,0.194264,0.073331,0.102636,-0.001955,-0.090274,0.395787,0.327650,0.220490,0.181673,0.240007,0.355863,0.015404,0.070555,0.204164,0.238944,0.193519,0.131376,0.078738,0.133356,0.043985,0.041389,0.476038,0.505196,0.326118,0.332749,0.360240,0.347752,0.254611,0.272647,0.498232,0.452114,0.300766,0.392018,0.403839,0.466261,0.391689,0.267898,0.470444,0.323852,0.314855,0.108141,0.171529,0.268830
0.580627,0.368457,0.473235,0.750921,0.254212,0.498390,0.429163,0.698131,0.185854,0.218255,0.419323,0.574992,0.229814,0.270023,0.435793,0.341501,0.438722,0.250711,1.153780,0.000000,0.217079,0.227384,0.657062,0.766801,0.122140,0.226758,0.223898,0.266142,0.225148,0.149499,0.609416,0.685372,0.636857,0.770114,-0.021842,0.056339,0.241935,0.187077,-0.024027,0.209667,0.082255,0.189900,0.316876,0.154938,0.168430,0.188942,0.473654,0.259949,0.133001,0.166184,0.030301,-0.065852,0.573290,0.452054,0.341972,0.268000,0.279812,0.328568,0.032039,0.120347,0.208640,0.320490,0.280692,0.309849,0.131140,0.195440,0.149090,0.222062,0.533819,0.836353,0.345006,0.344203,0.439843,0.393576,0.337475,0.360232,0.546974,0.463071,0.249675,0.438304,0.530011,0.637386,0.403654,0.244387,0.553261,0.511758,0.407273,0.258005,0.266352,0.409678
0.317017,0.223667,0.284505,0.209853,0.271338,0.137806,0.370346,0.250332,0.278898,0.257704,0.232895,0.315370,0.320288,0.269098,0.369844,0.218060,0.231657,0.110367,0.268677,0.217079,0.000000,0.455233,0.246521,0.243320,0.296024,0.316622,0.470269,0.152774,0.051386,-0.078185,0.223004,0.225766,0.243150,0.287044,0.067856,0.143100,0.136695,0.292756,0.025875,0.217557,0.235925,0.122934,0.224976,0.315522,0.229302,0.248213,0.385419,0.298630,0.226502,0.269411,0.330841,0.230275,0.404162,0.382422,0.379527,0.424350,0.142343,0.277001,0.246197,0.163901,0.354819,0.232242,0.128159,0.176969,0.184475,0.266774,0.302877,0.186149,0.201048,0.273153,0.563623,0.313663,0.232510,0.305886,0.277993,0.173261,0.283518,0.318493,0.207405,0.278924,0.226017,0.246757,0.230146,0.052666,0.440723,0.272161,0.326093,0.275346,0.369010,0.385650
0.072560,0.126585,0.138053,0.234285,0.292598,0.288031,0.252025,0.262245,0.289665,0.206471,0.150312,0.216455,0.079856,0.121827,0.283025,0.304073,0.150768,0.154146,0.149409,0.227384,0.455233,0.000000,0.169456,0.291851,0.151288,0.199383,0.253387,0.270644,0.112787,0.051042,0.356093,0.326877,0.210299,0.166128,0.003084,0.035761,0.215702,0.158209,0.030296,0.232631,0.174668,0.174933,0.145202,0.099537,0.102433,0.127272,0.226543,0.145815,0.021031,0.075966,0.042284,0.034107,0.220606,0.253391,0.231301,0.224072,0.015544,0.136981,0.119517,0.134807,0.121085,0.137074,0.093528,0.109160,0.131666,0.218663,0.179164,0.135485,0.163200,0.288599,0.391458,0.224320,0.181272,0.168850,0.243446,0.143284,0.231045,0.168189,0.348011,0.138679,0.202177,0.179653,0.119422,0.006743,0.292993,0.281196,0.282449,0.035667,0.197597,0.209122
0.503783,0.257110,1.115138,0.936946,0.192961,0.300125,0.733110,0.699738,0.202462,0.156319,0.329865,0.451946,0.339425,0.299822,0.516232,0.355909,0.178039,0.091908,0.523528,0.657062,0.246521,0.169456,0.000000,1.199022,0.430791,0.400116,0.242678,0.246338,0.011394,-0.047975,0.568046,0.766583,0.427464,0.581802,0.314949,0.215000,0.223259,0.065962,-0.162768,0.074088,-0.080302,0.039866,0.354546,0.137111,0.303639,0.108299,0.440150,0.247451,0.057590,0.124743,-0.028003,-0.133006,0.482076,0.332597,0.271715,0.187420,0.074804,0.268977,-0.129770,-0.128319,0.195282,0.244005,0.108291,0.147555,0.600735,0.266459,0.190443,0.061039,0.287856,0.455589,0.346236,0.439936,0.594101,0.296383,0.357829,0.290786,0.549497,0.281594,0.206226,0.279295,0.216011,0.292294,0.306434,0.068747,0.607067,0.553919,0.433579,0.453687,0.323952,0.377207
0.323392,0.184910,0.626861,1.215314,0.227196,0.459235,0.606295,1.003838,0.175268,0.299369,0.240886,0.508867,0.168799,0.254141,0.371471,0.410405,0.133714,0.065311,0.498074,0.766801,0.243320,0.291851,1.199022,0.000000,0.444265,0.535624,0.170182,0.310381,0.008830,-0.024590,0.717208,0.973937,0.406946,0.588578,0.306670,0.317708,0.183815,0.059973,-0.113831,0.161482,0.016425,0.117419,0.387238,0.133331,0.339299,0.134744,0.516207,0.218357,0.015171,0.095548,-0.038769,-0.144541,0.513517,0.328389,0.289398,0.229463,0.020677,0.151420,-0.122004,-0.091976,0.178590,0.242775,0.092314,0.198957,0.507828,0.408007,0.211464,0.207011,0.272241,0.569383,0.413961,0.400262,0.453531,0.290935,0.442620,0.292496,0.560566,0.410215,0.252861,0.173130,0.310798,0.359021,0.310357,0.128528,0.604154,0.770458,0.484562,0.546160,0.292629,0.446965
0.070897,0.113412,0.310029,0.502874,0.491526,0.196352,0.191481,0.294199,0.218932,0.146478,-0.219887,0.024255,-0.067116,0.090707,0.127429,0.183846,0.158443,0.169497,-0.006641,0.122140,0.296024,0.151288,0.430791,0.444265,0.000000,0.733007,0.394552,0.327544,-0.019581,0.028799,0.417831,0.454788,0.179804,0.223428,0.543506,0.534876,0.340271,0.221293,0.296384,0.371278,0.334169,0.122870,0.147796,0.328616,0.168622,0.210111,0.361747,0.275796,0.117233,0.070589,0.295881,0.160678,0.230793,0.283625,0.293281,0.301010,0.027315,0.218559,0.016458,0.103305,-0.001317,0.095444,-0.072376,0.126003,0.541842,0.188524,0.389723,0.319355,0.128043,0.249276,0.335364,0.072126,0.171423,-0.066177,0.221108,0.187214,0.154937,0.060277,0.205522,0.148000,0.268083,0.365824,0.238761,0.107437,0.485960,0.540722,0.394271,0.350868,0.386387,0.509613
0.097804,0.023617,0.304882,0.506749,0.634797,0.423928,0.290777,0.450437,0.443977,0.445474,-0.032351,0.209270,0.055065,0.150197,0.288612,0.267357,0.042026,0.157981,0.140232,0.226758,0.316622,0.199383,0.400116,0.535624,0.733007,0.000000,0.311611,0.451612,0.042089,0.067549,0.469592,0.528861,0.111134,0.207178,0.356843,0.500003,0.216564,0.212346,0.262264,0.327051,0.266154,0.197535,0.206842,0.265771,0.231868,0.269992,0.375616,0.221635,0.144001,0.167012,0.270101,0.165039,0.319312,0.349866,0.289740,0.337842,-0.032209,0.111307,0.064342,0.091425,0.093710,0.180669,0.087372,0.182193,0.418824,0.302227,0.244457,0.214435,0.198914,0.233641,0.313442,0.165707,0.183851,0.095742,0.285718,0.178551,0.204220,0.137119,0.174910,0.089861,0.218294,0.293870,0.213614,0.092257,0.418432,0.472830,0.259255,0.297453,0.321412,0.414400
0.115952,0.256360,0.259520,0.341403,0.484630,0.402781,0.307002,0.288369,0.299208,0.182628,-0.003936,0.176105,0.197980,0.232981,0.269519,0.116767,0.050225,0.032342,0.160084,0.223898,0.470269,0.253387,0.242678,0.170182,0.394552,0.311611,0.000000,0.505671,-0.071245,-0.060411,0.192281,0.210348,0.211962,0.249549,0.174194,0.243877,-0.005377,0.043550,0.057538,0.210815,0.067411,-0.058683,0.183488,0.159173,0.222918,0.236974,0.302824,0.186799,0.167453,0.167567,0.266071,0.162963,0.296995,0.250856,0.404238,0.352263,0.094915,0.213785,0.342381,0.244201,0.430771,0.216979,0.265671,0.224968,0.382683,0.234003,0.313109,0.172715,0.385048,0.308070,0.237394,-0.001108,0.211223,0.195793,0.273576,0.224348,0.112421,0.079581,0.077600,0.072071,0.256731,0.244305,0.242480,0.078994,0.380148,0.203672,0.155931,0.173969,0.436138,0.465379
-0.050924,0.108816,0.162539,0.389536,0.328068,0.495080,0.172712,0.244480,0.265095,0.189432,-0.091292,0.027807,-0.042660,0.091650,0.218234,0.225743,0.003320,-0.076646,0.132357,0.266142,0.152774,0.270644,0.246338,0.310381,0.327544,0.451612,0.505671,0.000000,-0.100052,-0.049828,0.216214,0.330216,0.000411,0.118708,0.026978,0.296087,0.128408,0.044062,0.093979,0.254666,0.057269,-0.001616,0.085039,0.091626,0.076012,0.109729,0.236674,0.091372,0.012256,0.019568,0.102709,0.029512,0.229846,0.167740,0.261673,0.263695,-0.031989,0.113739,0.178958,0.141595,0.176331,0.085308,0.055606,0.036385,0.274454,0.110642,0.212785,0.092073,0.271538,0.214903,0.086720,0.045353,0.183034,0.094190,0.364688,0.148813,0.058561,0.033292,0.082585,0.011174,0.129157,0.160733,0.228999,0.073622,0.261174,0.213896,0.167829,0.088333,0.333879,0.398809
0.034356,-0.218958,0.074811,-0.142326,0.240453,0.067928,0.073198,0.116543,0.079273,0.044623,0.368799,0.377892,0.131672,0.313849,0.487806,0.465119,0.482337,0.639324,0.306853,0.225148,0.051386,0.112787,0.011394,0.008830,-0.019581,0.042089,-0.071245,-0.100052,0.000000,1.387432,0.532776,0.292243,0.152188,0.252343,0.029822,-0.069303,0.365848,0.465591,0.584586,0.496012,0.649120,0.524996,-0.137443,0.271327,-0.351370,0.183947,0.128754,0.169443,0.120085,0.071441,0.133778,0.115527,0.202656,0.356499,0.006491,0.012293,0.003385,-0.032899,-0.113035,0.068229,-0.098609,0.149536,0.221121,0.211084,-0.061985,0.028433,-0.087774,-0.070344,0.081607,0.089715,0.219865,0.140835,-0.022077,0.180169,-0.152834,0.079444,0.095407,0.224779,0.502492,0.417764,0.819592,0.641951,0.638371,0.559396,0.476356,0.372029,0.371512,-0.132008,0.155609,0.204296
-0.130554,-0.259298,-0.102244,-0.164751,0.260151,0.107374,-0.044764,0.100258,0.101954,0.029440,0.150955,0.272019,0.051811,0.277675,0.377209,0.450415,0.397538,0.530668,0.147462,0.149499,-0.078185,0.051042,-0.047975,-0.024590,0.028799,0.067549,-0.060411,-0.049828,1.387432,0.000000,0.435537,0.260915,0.107502,0.199323,0.091622,-0.095450,0.379229,0.443207,0.640539,0.482014,0.677352,0.478902,-0.164754,0.276522,-0.370889,0.234843,0.053250,0.160236,0.143455,0.068534,0.159486,0.119620,0.154425,0.285557,-0.005755,0.004112,-0.108743,-0.126610,-0.136949,0.054655,-0.187524,0.121830,0.200270,0.221172,-0.103351,-0.053354,-0.084493,-0.017638,-0.002599,0.046988,0.140187,0.029244,-0.119151,0.121530,-0.189903,0.056283,-0.005474,0.128373,0.374523,0.302250,0.834131,0.640376,0.644645,0.620591,0.411577,0.351908,0.274035,-0.080517,0.137868,0.165865
0.280548,0.096296,0.362059,0.526597,0.462756,0.462852,0.302771,0.628736,0.157052,0.176389,0.316916,0.522226,0.116634,0.339412,0.402694,0.488284,0.307255,0.428561,0.488417,0.609416,0.223004,0.356093,0.568046,0.717208,0.417831,0.469592,0.192281,0.216214,0.532776,0.435537,0.000000,1.131861,0.524637,0.666545,0.315901,0.310677,0.359460,0.354527,0.334819,0.436088,0.445400,0.471594,0.233803,0.260316,0.121370,0.206354,0.355608,0.256659,0.064186,0.046332,0.092917,-0.023004,0.375008,0.412631,0.220165,0.156398,0.134089,0.215428,-0.147406,0.055053,0.017666,0.307371,0.193305,0.364265,0.346148,0.313169,0.131728,0.185789,0.311643,0.447007,0.627522,0.393798,0.280053,0.240960,0.218811,0.249225,0.433797,0.463322,0.466642,0.350571,0.634310,0.627358,0.393942,0.267428,0.599338,0.675299,0.502383,0.329808,0.250747,0.405373
0.273280,0.067967,0.436611,0.734059,0.390891,0.493780,0.406180,0.782533,0.198585,0.197496,0.315471,0.544668,0.150609,0.323947,0.336561,0.427134,0.242528,0.221036,0.429050,0.685372,0.225766,0.326877,0.766583,0.973937,0.454788,0.528861,0.210348,0.330216,0.292243,0.260915,1.131861,0.000000,0.502366,0.688082,0.290489,0.314156,0.279516,0.195009,0.077812,0.199715,0.243663,0.233876,0.347272,0.187174,0.253826,0.189027,0.335397,0.153746,0.045662,0.028579,-0.054062,-0.148477,0.304735,0.265077,0.147465,0.072206,0.077349,0.108333,-0.187494,-0.051545,0.085766,0.284088,0.207206,0.369443,0.371848,0.363639,0.111293,0.173785,0.232607,0.435744,0.454594,0.366239,0.331804,0.252708,0.321083,0.312398,0.417864,0.394892,0.263484,0.189992,0.451057,0.446636,0.230952,0.129085,0.527662,0.649784,0.377117,0.335794,0.175478,0.279712
0.730793,0.547596,0.291356,0.520519,0.241648,0.298052,0.412288,0.712767,0.224130,0.198418,0.484131,0.606594,0.426664,0.441879,0.202602,0.271678,0.586988,0.295038,0.451946,0.636857,0.243150,0.210299,0.427464,0.406946,0.179804,0.111134,0.211962,0.000411,0.152188,0.107502,0.524637,0.502366,0.000000,1.412459,0.308500,0.231965,0.174313,0.220061,-0.007170,0.074136,0.071332,0.216344,0.568070,0.291258,0.540293,0.428006,0.391656,0.326604,0.351052,0.315309,0.246308,0.191219,0.379210,0.415463,0.401033,0.176626,0.701901,0.514055,0.174310,0.280523,0.382249,0.567611,0.640492,0.801105,0.182626,0.337715,0.418184,0.522611,0.491006,0.620377,0.435558,0.287133,0.415049,0.409004,0.171948,0.272224,0.372716,0.330899,0.095308,0.466970,0.466936,0.628841,0.045645,-0.022572,0.410726,0.450493,0.141043,0.198252,0.168988,0.275588
0.635359,0.413495,0.396606,0.664936,0.257246,0.423992,0.562359,0.896594,0.204138,0.219626,0.525692,0.699152,0.420006,0.507386,0.273072,0.388460,0.505807,0.271609,0.537049,0.770114,0.287044,0.166128,0.581802,0.588578,0.223428,0.207178,0.249549,0.118708,0.252343,0.199323,0.666545,0.688082,1.412459,0.000000,0.320747,0.259046,0.222507,0.263194,0.031397,0.192168,0.146559,0.198409,0.552421,0.315001,0.484488,0.395773,0.472189,0.321087,0.293261,0.261920,0.197057,0.128546,0.426692,0.376797,0.363646,0.193386,0.474497,0.426251,0.116530,0.226606,0.374924,0.555691,0.621343,0.758430,0.297521,0.401967,0.419322,0.482977,0.462300,0.691584,0.504261,0.305931,0.457663,0.420205,0.171400,0.350822,0.480541,0.474617,0.147628,0.433553,0.561181,0.688631,0.208524,0.074262,0.523420,0.553901,0.240054,0.233878,0.254340,0.342580
-0.041478,-0.068854,0.240007,0.306001,0.264970,0.100357,0.255012,0.287692,0.140018,0.200932,0.008549,0.143882,0.096593,0.227719,0.071792,0.237528,0.027816,0.061030,-0.121696,-0.021842,0.067856,0.003084,0.314949,0.306670,0.543506,0.356843,0.174194,0.026978,0.029822,0.091622,0.315901,0.290489,0.308500,0.320747,0.000000,0.744534,0.196592,0.147470,0.298517,0.255086,0.209461,0.031153,0.127270,0.132124,0.172580,0.136609,0.185758,0.139199,0.013903,0.033565,0.218824,0.197755,0.030818,0.130560,0.110909,-0.018596,0.011325,0.065850,-0.023761,0.086495,0.104388,0.149078,0.213475,0.300778,0.717823,0.360460,0.505200,0.411355,0.188464,0.145931,0.246918,0.012140,0.036193,-0.089189,0.028394,0.023651,0.049941,0.133732,-0.020968,0.077523,0.144763,0.213040,0.054506,-0.110068,0.375898,0.495089,0.123425,0.175197,0.282645,0.356556
0.016152,0.054841,0.187949,0.445609,0.239100,0.265264,0.239448,0.368006,0.110435,0.306384,0.033050,0.155224,0.126371,0.279061,0.032636,0.259198,0.064479,0.078952,-0.074587,0.056339,0.143100,0.035761,0.215000,0.317708,0.534876,0.500003,0.243877,0.296087,-0.069303,-0.095450,0.310677,0.314156,0.231965,0.259046,0.744534,0.000000,0.090415,0.097293,0.177641,0.255059,0.131506,0.034237,0.258890,0.144572,0.331149,0.168918,0.324675,0.180000,0.083106,0.078593,0.324496,0.245924,0.153059,0.174411,0.277566,0.179052,0.111763,0.170287,0.132030,0.145656,0.264615,0.284147,0.231703,0.343091,0.619539,0.496735,0.456724,0.411396,0.234780,0.267773,0.072196,-0.028471,0.065578,-0.004035,0.134643,0.121907,0.130791,0.108666,-0.025039,0.190871,0.139259,0.181920,0.005276,-0.077309,0.286773,0.405005,0.105231,0.266084,0.368834,0.443694
0.085849,-0.051764,0.165660,0.117416,0.271307,0.038593,0.086950,0.133104,0.196750,0.020509,-0.065660,0.113911,-0.063029,0.134014,0.298148,0.325513,0.381719,0.343008,0.164319,0.241935,0.136695,0.215702,0.223259,0.183815,0.340271,0.216564,-0.005377,0.128408,0.365848,0.379229,0.359460,0.279516,0.174313,0.222507,0.196592,0.090415,0.000000,0.449872,0.477382,0.559611,0.785774,0.443061,-0.104378,0.230988,-0.265570,0.042508,0.177741,0.198717,0.018286,0.005276,0.161551,0.152471,0.291369,0.325175,0.250308,0.269033,0.034497,0.190804,0.008064,0.132828,-0.126967,0.117980,0.047233,0.104769,0.147646,-0.040239,0.158028,0.125146,0.227034,0.348166,0.331377,0.162962,0.060143,0.066389,0.094211,0.074038,0.273723,0.334834,0.315801,0.341588,0.373322,0.462539,0.453489,0.350917,0.521867,0.428086,0.503763,0.173405,0.441556,0.395631
0.154135,0.011096,0.020459,0.004103,0.290858,0.172029,0.067759,0.146603,0.208481,0.200099,0.104848,0.317402,0.122953,0.363045,0.364535,0.619982,0.429746,0.621290,0.152654,0.187077,0.292756,0.158209,0.065962,0.059973,0.221293,0.212346,0.043550,0.044062,0.465591,0.443207,0.354527,0.195009,0.220061,0.263194,0.147470,0.097293,0.449872,0.000000,0.608009,0.663117,0.586859,0.533106,0.053379,0.343700,-0.162484,0.281910,0.313995,0.287933,0.222605,0.195206,0.333240,0.327905,0.281215,0.420071,0.270739,0.292842,0.200735,0.300155,0.149440,0.306656,0.061790,0.320419,0.256943,0.357767,0.065801,0.200754,0.215932,0.291844,0.256763,0.322165,0.452700,0.246093,0.099528,0.051208,-0.084310,0.112706,0.195582,0.399547,0.391981,0.386915,0.427926,0.505613,0.448953,0.305689,0.467953,0.459415,0.311714,0.141066,0.507227,0.415915
-0.194359,-0.156184,-0.124490,-0.163008,0.523108,0.083720,-0.102798,-0.043983,0.206695,0.201117,-0.047356,0.120689,-0.054810,0.199596,0.305600,0.418409,0.216233,0.478252,-0.036590,-0.024027,0.025875,0.030296,-0.162768,-0.113831,0.296384,0.262264,0.057538,0.093979,0.584586,0.640539,0.334819,0.077812,-0.007170,0.031397,0.298517,0.177641,0.477382,0.608009,0.000000,0.925909,0.901346,0.527356,-0.191778,0.322378,-0.366798,0.256481,0.191094,0.272513,0.202119,0.119185,0.489356,0.453362,0.170571,0.400417,0.241632,0.304106,-0.044418,0.028344,0.148098,0.364999,-0.076744,0.154339,0.103736,0.154585,0.135562,0.124861,0.158148,0.181084,0.078133,0.090870,0.231678,-0.047956,-0.331076,-0.086467,-0.122734,0.103660,0.010186,0.202751,0.343090,0.231936,0.456877,0.473949,0.565069,0.476541,0.474090,0.417290,0.353052,-0.002543,0.449816,0.571288
0.020334,0.102471,0.072800,0.125682,0.473663,0.217350,0.154984,0.227291,0.097134,0.171662,-0.017806,0.220054,0.023113,0.254311,0.382857,0.484243,0.314799,0.395582,0.109588,0.209667,0.217557,0.232631,0.074088,0.161482,0.371278,0.327051,0.210815,0.254666,0.496012,0.482014,0.436088,0.199715,0.074136,0.192168,0.255086,0.255059,0.559611,0.663117,0.925909,0.000000,0.872884,0.503399,-0.023502,0.473455,-0.126697,0.293197,0.524567,0.487734,0.244724,0.256076,0.479323,0.410799,0.482929,0.474050,0.562247,0.632952,0.037378,0.207620,0.233951,0.414098,0.062116,0.306474,0.204482,0.226520,0.174570,0.123897,0.280814,0.241007,0.372550,0.354456,0.359327,0.046752,0.073398,0.072526,0.149312,0.241503,0.321593,0.321983,0.579187,0.396904,0.601271,0.593083,0.877098,0.775109,0.646079,0.552440,0.775168,0.346390,0.751564,0.776871
-0.043183,-0.151793,-0.103420,-0.060142,0.508586,0.055058,-0.045258,0.115926,0.242341,0.097331,0.027832,0.200709,0.002385,0.280543,0.312696,0.359929,0.384494,0.465275,0.074745,0.082255,0.235925,0.174668,-0.080302,0.016425,0.334169,0.266154,0.067411,0.057269,0.649120,0.677352,0.445400,0.243663,0.071332,0.146559,0.209461,0.131506,0.785774,0.586859,0.901346,0.872884,0.000000,0.627722,-0.178997,0.367478,-0.305069,0.150093,0.184150,0.220801,0.086966,0.049143,0.348348,0.304140,0.288325,0.423451,0.257650,0.305842,0.001860,0.043245,0.024470,0.211423,-0.109894,0.216159,0.141693,0.244826,0.053783,0.045348,0.122679,0.152401,0.139004,0.180103,0.372698,0.084348,-0.123312,0.079373,0.036896,0.139697,0.092560,0.214997,0.438812,0.333430,0.632461,0.644245,0.594211,0.518002,0.546151,0.501071,0.590222,0.132027,0.385794,0.505461
0.145621,-0.028381,-0.078699,-0.015482,0.284673,0.096430,-0.082059,0.127023,0.116857,0.175414,0.159934,0.291458,0.102501,0.245299,0.388712,0.423751,0.391718,0.553284,0.151071,0.189900,0.122934,0.174933,0.039866,0.117419,0.122870,0.197535,-0.058683,-0.001616,0.524996,0.478902,0.471594,0.233876,0.216344,0.198409,0.031153,0.034237,0.443061,0.533106,0.527356,0.503399,0.627722,0.000000,-0.070242,0.266195,-0.221793,0.161348,0.212873,0.223808,0.138224,0.107489,0.275670,0.225139,0.385244,0.450648,0.246126,0.239912,0.091003,0.163536,-0.015306,0.127704,-0.111438,0.223726,0.095044,0.259804,-0.165294,-0.004735,-0.036744,0.143405,0.142832,0.237101,0.319056,0.339407,-0.004293,0.273630,-0.012155,0.059793,0.239625,0.242471,0.400560,0.323475,0.488261,0.551217,0.437003,0.407273,0.378023,0.382867,0.399475,0.186936,0.250509,0.317104
0.445418,0.442172,0.177668,0.414266,0.005309,0.296589,0.340719,0.506012,-0.030878,0.139246,0.327769,0.447986,0.464708,0.423321,0.114138,0.178285,0.191950,0.082344,0.149479,0.316876,0.224976,0.145202,0.354546,0.387238,0.147796,0.206842,0.183488,0.085039,-0.137443,-0.164754,0.233803,0.347272,0.568070,0.552421,0.127270,0.258890,-0.104378,0.053379,-0.191778,-0.023502,-0.178997,-0.070242,0.000000,0.726332,1.086259,0.745547,0.743829,0.767575,0.813871,0.819963,0.464924,0.449757,0.435430,0.372056,0.532916,0.448629,0.328596,0.179570,0.384041,0.361527,0.385762,0.508142,0.466219,0.483313,0.092610,0.326388,0.483432,0.453199,0.173627,0.267023,0.023434,0.065828,0.564874,0.205365,0.314607,0.373793,0.332317,0.149283,-0.003672,0.178886,0.023999,0.114626,-0.092302,-0.169007,0.113409,0.122270,-0.000850,0.303708,0.191190,0.190206
0.248872,0.280276,0.034017,0.044088,0.194165,0.135969,0.140179,0.205354,-0.027256,0.069497,0.121351,0.287008,0.273355,0.366712,0.299278,0.224398,0.358517,0.317223,0.107669,0.154938,0.315522,0.099537,0.137111,0.133331,0.328616,0.265771,0.159173,0.091626,0.271327,0.276522,0.260316,0.187174,0.291258,0.315001,0.132124,0.144572,0.230988,0.343700,0.322378,0.473455,0.367478,0.266195,0.726332,0.000000,0.486187,1.074578,0.829243,1.329236,1.170791,1.015775,0.897651,0.798909,0.557345,0.631395,0.713039,0.828333,0.154489,0.152049,0.379825,0.451437,0.145993,0.389896,0.254655,0.282060,-0.001929,0.068465,0.455911,0.388964,0.092045,0.193930,0.120664,-0.014087,0.292734,0.153872,0.156762,0.282436,0.332186,0.142849,0.298698,0.311604,0.338547,0.424783,0.389477,0.296021,0.377888,0.291407,0.426598,0.359290,0.393397,0.423263
0.490999,0.603541,0.171919,0.426927,0.041183,0.252778,0.326443,0.493219,-0.011095,0.172701,0.257635,0.322223,0.384251,0.309329,-0.048070,-0.025069,0.071170,-0.079000,0.053394,0.168430,0.229302,0.102433,0.303639,0.339299,0.168622,0.231868,0.222918,0.076012,-0.351370,-0.370889,0.121370,0.253826,0.540293,0.484488,0.172580,0.331149,-0.265570,-0.162484,-0.366798,-0.126697,-0.305069,-0.221793,1.086259,0.486187,0.000000,0.662630,0.549771,0.551315,0.675541,0.693987,0.346881,0.294649,0.283803,0.214935,0.475065,0.396993,0.445526,0.262128,0.332558,0.291958,0.445076,0.503008,0.427959,0.460173,0.163844,0.336310,0.449477,0.430594,0.154173,0.196514,0.045831,-0.050448,0.474566,0.218780,0.294639,0.227596,0.254809,0.045752,-0.046068,0.091468,-0.051448,0.042824,-0.235864,-0.227697,0.020694,0.041800,-0.031787,0.347435,0.061900,0.090799
0.297873,0.367212,-0.024229,0.091101,0.238811,0.327863,0.094119,0.307129,0.094667,0.331375,0.124923,0.349409,0.289139,0.425116,0.283232,0.283604,0.395127,0.421462,0.085635,0.188942,0.248213,0.127272,0.108299,0.134744,0.210111,0.269992,0.236974,0.109729,0.183947,0.234843,0.206354,0.189027,0.428006,0.395773,0.136609,0.168918,0.042508,0.281910,0.256481,0.293197,0.150093,0.161348,0.745547,1.074578,0.662630,0.000000,0.786329,1.010456,1.435788,1.217598,0.865026,0.746204,0.550450,0.639339,0.686947,0.690913,0.324284,0.283209,0.479153,0.526205,0.314080,0.522173,0.430171,0.453548,-0.006190,0.248897,0.484835,0.550362,0.150341,0.247777,0.123069,-0.067171,0.224272,0.145139,0.093232,0.240479,0.204656,0.108927,0.234574,0.297152,0.403463,0.447256,0.239616,0.160428,0.319198,0.232237,0.163103,0.225607,0.330393,0.378945
0.459849,0.418997,0.321353,0.560102,0.203978,0.365668,0.420396,0.580517,0.082894,0.304567,0.236226,0.458439,0.395344,0.515663,0.472318,0.413330,0.364477,0.246178,0.294351,0.473654,0.385419,0.226543,0.440150,0.516207,0.361747,0.375616,0.302824,0.236674,0.128754,0.053250,0.355608,0.335397,0.391656,0.472189,0.185758,0.324675,0.177741,0.313995,0.191094,0.524567,0.184150,0.212873,0.743829,0.829243,0.549771,0.786329,0.000000,1.009866,0.775824,0.871010,0.651859,0.558697,0.922811,0.689742,0.974483,0.898168,0.275620,0.369193,0.440147,0.497563,0.363272,0.545811,0.415876,0.432480,0.203782,0.347571,0.581160,0.544139,0.395604,0.567825,0.232627,0.113791,0.479106,0.200813,0.375908,0.399132,0.566414,0.316981,0.362704,0.450038,0.383075,0.477141,0.450876,0.283433,0.490391,0.416922,0.523133,0.414933,0.658319,0.671147
0.419843,0.445270,0.136810,0.177022,0.153765,0.185097,0.209698,0.260206,-0.040879,0.173728,0.186498,0.309112,0.344269,0.360731,0.354405,0.253381,0.377792,0.335191,0.194264,0.259949,0.298630,0.145815,0.247451,0.218357,0.275796,0.221635,0.186799,0.091372,0.169443,0.160236,0.256659,0.153746,0.326604,0.321087,0.139199,0.180000,0.198717,0.287933,0.272513,0.487734,0.220801,0.223808,0.767575,1.329236,0.551315,1.010456,1.009866,0.000000,1.153089,1.145846,0.879533,0.775833,0.664883,0.699592,0.897389,0.986972,0.308713,0.383048,0.446007,0.569900,0.229277,0.492082,0.273525,0.301425,0.039214,0.096871,0.564033,0.475488,0.176727,0.314537,0.077858,-0.037224,0.430267,0.194577,0.249495,0.386274,0.390058,0.118823,0.281209,0.461956,0.337214,0.410320,0.431133,0.334689,0.420554,0.288997,0.460465,0.468398,0.488093,0.527444
0.329911,0.429923,-0.030263,0.009286,0.085366,0.180117,0.104475,0.183506,-0.007576,0.175533,0.139484,0.286917,0.368279,0.356553,0.244622,0.193000,0.341811,0.288623,0.073331,0.133001,0.226502,0.021031,0.057590,0.015171,0.117233,0.144001,0.167453,0.012256,0.120085,0.143455,0.064186,0.045662,0.351052,0.293261,0.013903,0.083106,0.018286,0.222605,0.202119,0.244724,0.086966,0.138224,0.813871,1.170791,0.675541,1.435788,0.775824,1.153089,0.000000,1.469900,0.984156,0.847500,0.555893,0.591446,0.712570,0.742253,0.333630,0.249854,0.515110,0.542683,0.271869,0.480741,0.383329,0.367063,-0.130427,0.095160,0.413179,0.411456,0.081893,0.141295,-0.010320,-0.088622,0.258305,0.233388,0.097474,0.264317,0.232233,0.024251,0.147332,0.239237,0.250040,0.318520,0.203239,0.184042,0.212758,0.060970,0.113816,0.244150,0.307607,0.286850
