0.000000,1.427046,0.768354,0.629080,0.601597,0.401760,0.896715,0.790625,0.613457,0.507498,1.263645,1.152368,1.137346,0.875128,1.051913,0.852170,0.815250,1.153092,1.234857,1.149453,0.382080,0.432585,0.489709,0.309240,0.139921,0.219456,0.404493,0.579210,0.649134,1.041245,0.852832,0.699766,1.258505,1.091142,0.458979,0.483514,0.801674,0.658164,0.860983,0.391809,0.601944,0.627581,0.620161,0.629112,0.609079,0.601183,0.365827,0.515424,0.608005,0.542388,0.764188,0.600487,0.560932,0.558358,0.249347,0.509930,1.308656,1.075245,0.982868,0.779630,1.025373,0.813213,0.953193,0.969619,0.689974,0.693134,0.749674,0.410050,0.936420,0.441785,0.356183,0.454443,0.769088,0.779187,0.688784,0.473326,0.173961,0.146461,0.569318,0.796689,0.979952,1.049850,0.872882,0.723797,1.102952,0.919008,0.169305,0.476597,0.969544,0.994543
1.427046,0.000000,0.698733,0.724865,0.518437,0.350892,0.680746,0.755913,0.635589,0.537442,0.839581,0.926499,0.817134,0.679085,0.937445,0.803017,0.780322,1.212696,1.026937,1.616294,0.351444,0.378546,0.516750,0.385154,0.232542,0.235991,0.311784,0.520846,0.647528,1.148603,0.854433,0.806725,1.681214,1.490246,0.455647,0.578139,0.812102,0.623957,0.810446,0.327490,0.459908,0.524242,0.560948,0.773170,0.598230,0.673907,0.455878,0.595049,0.582311,0.694586,0.659085,0.630280,0.684656,0.707011,0.344898,0.708866,1.854220,1.773917,1.487975,1.136507,1.187939,0.874962,1.170065,1.276510,0.539979,0.591933,0.981457,0.576497,1.512091,0.735959,0.249205,0.334624,0.635348,0.740922,0.521840,0.355492,0.022648,0.116369,0.768670,1.013851,1.224064,1.361577,0.877534,0.864494,1.307589,1.056789,0.173061,0.509491,0.980809,1.320078
0.768354,0.698733,0.000000,0.925098,0.919708,0.621069,1.336632,0.893354,0.645701,0.483340,0.596900,0.755857,0.588271,0.502217,0.765843,0.596024,0.368893,0.624796,0.767135,0.604448,0.515050,0.478209,0.874175,0.668488,0.457200,0.648063,0.497084,0.664382,0.455963,0.631926,0.886420,0.656563,0.703654,0.692644,0.925158,0.710478,0.679828,0.558659,0.755824,0.559188,0.577814,0.558876,0.566518,0.633389,0.501043,0.543490,0.521516,0.545641,0.411692,0.328318,0.883464,0.472917,0.397719,0.438149,0.254082,0.352181,0.642834,0.532208,0.572258,0.522777,0.581094,0.324639,0.553433,0.514345,0.511079,0.473996,0.644521,0.428233,0.506929,0.200426,0.316464,0.455083,0.619771,0.549987,0.620569,0.453571,0.311850,0.185321,0.381149,0.547836,0.640101,0.667320,0.649111,0.523584,0.711640,1.026861,0.232615,0.511841,0.760463,0.774054
0.629080,0.724865,0.925098,0.000000,0.736916,0.698488,0.840924,1.405003,0.713280,0.792099,0.430596,0.913247,0.446177,0.587896,0.627246,0.752423,0.386229,0.620147,0.627695,0.768802,0.425588,0.451433,0.952169,1.149843,0.617700,0.803217,0.354427,0.624062,0.304995,0.690700,0.853166,0.955274,0.722584,0.840215,0.825012,0.994536,0.690658,0.564002,0.745821,0.406391,0.466032,0.521696,0.487577,0.739981,0.510530,0.780701,0.511132,0.581654,0.345370,0.416857,0.812487,0.523547,0.462374,0.441461,0.241827,0.405340,0.624258,0.571588,0.638122,0.608819,0.600086,0.562983,0.700601,0.653079,0.507856,0.836078,0.682439,0.592579,0.537116,0.332770,0.315940,0.490648,0.566656,0.647225,0.587359,0.592476,0.245479,0.271908,0.372186,0.611727,0.688524,0.683935,0.507433,0.527835,0.808692,1.189309,0.128056,0.430641,0.773574,1.021107
0.601597,0.518437,0.919708,0.736916,0.000000,0.943760,0.934766,0.776678,0.829346,0.638163,0.455858,0.637086,0.509314,0.399034,0.634406,0.518965,0.246306,0.490186,0.760182,0.521566,0.528604,0.432953,0.751106,0.589658,0.674640,0.743867,0.599594,0.769886,0.228685,0.479391,0.705471,0.499431,0.486263,0.478617,0.583694,0.471754,0.502384,0.398647,0.677934,0.563916,0.506249,0.525673,0.601487,0.624126,0.532927,0.562444,0.553396,0.608935,0.438778,0.363165,0.848598,0.446774,0.422584,0.330303,0.235256,0.318061,0.447819,0.355693,0.498130,0.531191,0.552636,0.351393,0.444486,0.413327,0.430718,0.563821,0.673823,0.549140,0.455734,0.343040,0.352612,0.429999,0.497343,0.367756,0.481518,0.278045,0.265273,0.161090,0.141192,0.333560,0.475528,0.499167,0.589213,0.548571,0.551313,0.684363,0.258072,0.511902,0.677307,0.608764
0.401760,0.350892,0.621069,0.698488,0.943760,0.000000,0.658321,0.751994,1.026749,1.069401,0.414330,0.604806,0.488275,0.548302,0.598157,0.623394,0.299045,0.423696,0.674466,0.418549,0.431833,0.273092,0.748958,0.649943,0.533413,0.891286,0.501037,0.770381,0.170051,0.400096,0.436725,0.326238,0.317089,0.281550,0.370049,0.285653,0.468002,0.377763,0.612057,0.450055,0.488612,0.547214,0.469356,0.541146,0.431358,0.483583,0.425841,0.503735,0.520820,0.411852,0.730423,0.509603,0.556180,0.397894,0.305064,0.233208,0.237937,0.166285,0.353010,0.490623,0.515806,0.471837,0.352328,0.388134,0.592847,0.817741,0.610500,0.634535,0.344835,0.332716,0.178735,0.274214,0.421625,0.322688,0.503559,0.347831,0.421229,0.334094,0.038713,0.244190,0.396014,0.405758,0.545872,0.508982,0.483750,0.501415,0.100450,0.300511,0.688014,0.611257
0.896715,0.680746,1.336632,0.840924,0.934766,0.658321,0.000000,1.146058,0.698027,0.566307,0.843592,0.963539,0.790666,0.587331,0.790838,0.735022,0.392692,0.643008,0.872666,0.607716,0.404909,0.447189,0.703284,0.523838,0.318800,0.472839,0.454026,0.613102,0.431222,0.645579,0.912814,0.663363,0.648013,0.642468,0.789935,0.625801,0.594044,0.528233,0.661642,0.554253,0.552874,0.494680,0.576510,0.517871,0.454987,0.546684,0.440247,0.431480,0.480457,0.257057,0.973367,0.382579,0.323655,0.312318,0.136099,0.306412,0.610197,0.495059,0.466630,0.440338,0.562126,0.454160,0.466957,0.454855,0.692091,0.669273,0.542552,0.374005,0.435441,0.159075,0.295946,0.440479,0.568345,0.533325,0.612484,0.439209,0.296663,0.142194,0.266832,0.473819,0.530955,0.569972,0.668702,0.591454,0.692594,0.863333,0.317071,0.566230,0.866849,0.734511
0.790625,0.755913,0.893354,1.405003,0.776678,0.751994,1.146058,0.000000,0.733826,0.814939,0.655556,1.185565,0.661804,0.708082,0.685994,0.838628,0.456290,0.694398,0.727983,0.696059,0.371438,0.441895,0.707175,0.811988,0.421673,0.647545,0.376406,0.655345,0.373818,0.785275,0.792950,0.844339,0.736094,0.830435,0.820965,0.838106,0.691745,0.574488,0.727675,0.465093,0.544989,0.539338,0.528164,0.661422,0.531812,0.804047,0.450403,0.525757,0.474445,0.383172,0.898908,0.539096,0.424520,0.354224,0.165088,0.329819,0.626929,0.566740,0.610044,0.549922,0.659993,0.709233,0.644365,0.645426,0.695038,1.108193,0.627212,0.542915,0.497838,0.254149,0.338292,0.469859,0.591517,0.665210,0.644548,0.552053,0.291095,0.241465,0.300873,0.574061,0.660509,0.668956,0.568296,0.569488,0.842032,1.083113,0.168810,0.448860,0.903785,0.992816
0.613457,0.635589,0.645701,0.713280,0.829346,1.026749,0.698027,0.733826,0.000000,1.133211,0.559841,0.714138,0.802290,0.594063,0.910378,0.750941,0.523316,0.667071,0.891761,0.732478,0.476557,0.306427,0.739416,0.610053,0.351717,0.561579,0.539737,0.660505,0.316388,0.606886,0.622374,0.502491,0.583518,0.524265,0.323374,0.380475,0.603558,0.455093,0.740601,0.467958,0.500852,0.602562,0.458550,0.612915,0.568141,0.577666,0.419703,0.540446,0.616038,0.567928,0.779865,0.498541,0.661760,0.471648,0.389592,0.493498,0.529223,0.471687,0.653783,0.768578,0.840117,0.574685,0.588292,0.610342,0.730642,0.703954,0.945749,0.819766,0.689316,0.641198,0.178572,0.252363,0.490010,0.381202,0.449620,0.295885,0.198622,0.293630,0.193053,0.483841,0.667116,0.712859,0.772317,0.774028,0.766476,0.680378,0.197385,0.519074,1.101953,0.905099
0.507498,0.537442,0.483340,0.792099,0.638163,1.069401,0.566307,0.814939,1.133211,0.000000,0.543410,0.784105,0.591337,0.661133,0.691416,0.830198,0.382408,0.564877,0.712954,0.655382,0.324946,0.271424,0.670643,0.657518,0.390451,0.641811,0.286123,0.503930,0.205418,0.552944,0.534418,0.521422,0.483622,0.508294,0.285708,0.410767,0.494573,0.400273,0.557832,0.166047,0.295636,0.378921,0.449594,0.632597,0.523812,0.640946,0.455964,0.597747,0.609882,0.639459,0.736544,0.632810,0.634025,0.539774,0.274931,0.379031,0.427475,0.416600,0.558338,0.699708,0.691047,0.788122,0.555448,0.641162,0.703402,0.855705,0.750227,0.795427,0.565607,0.567788,0.009588,0.078235,0.284830,0.343129,0.319863,0.225934,0.128448,0.275381,0.246988,0.475637,0.511573,0.566392,0.562743,0.585280,0.667429,0.565360,0.004069,0.252901,0.820485,0.851341
1.263645,0.839581,0.596900,0.430596,0.455858,0.414330,0.843592,0.655556,0.559841,0.543410,0.000000,1.209611,1.161876,0.846870,0.983116,0.922577,0.662151,0.890897,1.117845,0.800965,0.284685,0.354787,0.446847,0.216464,0.033675,0.184432,0.287830,0.355060,0.557505,0.773541,0.675638,0.520804,0.761655,0.698653,0.291384,0.348905,0.592304,0.560828,0.630606,0.240745,0.425301,0.396106,0.445025,0.379562,0.348607,0.431576,0.226423,0.342104,0.554435,0.362179,0.699091,0.501918,0.364075,0.441544,0.139403,0.370661,0.859745,0.723760,0.596784,0.470577,0.718202,0.758872,0.624701,0.680263,0.775799,0.671368,0.472054,0.256761,0.623679,0.296438,0.219940,0.275636,0.550166,0.574163,0.603155,0.377642,0.179129,0.076667,0.541121,0.652236,0.617320,0.705358,0.748400,0.603716,0.850971,0.607818,0.143293,0.338591,0.893561,0.718005
1.152368,0.926499,0.755857,0.913247,0.637086,0.604806,0.963539,1.185565,0.714138,0.784105,1.209611,0.000000,1.005474,1.075416,1.061374,1.273600,0.712841,0.963795,1.044923,0.933676,0.477073,0.597052,0.731757,0.656339,0.248776,0.519169,0.438369,0.593198,0.577451,1.067038,0.967315,0.947751,0.937319,1.004074,0.562198,0.670176,0.815675,0.765960,0.903810,0.363288,0.561973,0.554439,0.503262,0.604800,0.487792,0.644012,0.377658,0.525491,0.499274,0.467410,0.791921,0.588405,0.470404,0.475857,0.179657,0.447638,0.878810,0.744391,0.706654,0.577021,0.827054,0.931543,0.845259,0.857387,0.924191,1.015727,0.644565,0.453448,0.645735,0.296140,0.368802,0.474890,0.728103,0.755361,0.732389,0.582340,0.303432,0.244185,0.519853,0.778402,0.821921,0.856489,0.798268,0.675580,1.068510,0.979828,0.156757,0.396178,1.045835,1.055246
1.137346,0.817134,0.588271,0.446177,0.509314,0.488275,0.790666,0.661804,0.802290,0.591337,1.161876,1.005474,0.000000,1.161805,1.219758,1.021452,1.036336,1.005537,0.973615,0.808679,0.445005,0.384607,0.398717,0.247189,-0.063349,0.149091,0.459283,0.511393,0.858090,0.982912,0.725565,0.592843,0.839657,0.737393,0.309958,0.308144,0.856575,0.673313,0.791188,0.473550,0.645136,0.684687,0.419154,0.487951,0.625089,0.541354,0.249103,0.445987,0.818179,0.591037,0.735668,0.566454,0.663622,0.494439,0.312975,0.403681,0.766019,0.619826,0.698723,0.664361,1.057868,0.767261,0.828982,0.840453,1.105200,0.677747,0.718253,0.520410,0.672188,0.420150,0.327152,0.344858,0.820636,0.724408,0.706479,0.524850,0.335983,0.242195,0.316749,0.586254,0.890502,0.939081,1.100527,0.913524,0.947410,0.670715,0.222804,0.467424,1.016652,0.823783
0.875128,0.679085,0.502217,0.587896,0.399034,0.548302,0.587331,0.708082,0.594063,0.661133,0.846870,1.075416,1.161805,0.000000,0.965357,1.186899,1.029056,0.929091,0.718229,0.720543,0.464942,0.484807,0.488596,0.440914,0.010108,0.334876,0.412491,0.591135,0.738508,1.022415,0.650925,0.677177,0.768412,0.738136,0.393253,0.370875,0.927668,0.796542,0.865662,0.389798,0.669519,0.784882,0.470896,0.590559,0.631952,0.559133,0.293768,0.556339,0.719358,0.662487,0.679032,0.647975,0.784315,0.603687,0.309275,0.355493,0.608285,0.485045,0.619205,0.611826,0.919495,0.929647,0.871123,0.956789,1.229979,0.872690,0.591478,0.468691,0.499801,0.309918,0.350734,0.410929,0.858433,0.832243,0.769111,0.734410,0.486561,0.481165,0.352007,0.597535,0.846434,0.840793,0.780651,0.705648,0.787254,0.673407,0.033937,0.272151,0.790730,0.807274
1.051913,0.937445,0.765843,0.627246,0.634406,0.598157,0.790838,0.685994,0.910378,0.691416,0.983116,1.061374,1.219758,0.965357,0.000000,1.341955,0.887970,1.004763,1.148433,0.997964,0.666411,0.566002,0.789390,0.514366,0.162563,0.389317,0.660614,0.783193,0.826386,1.104959,1.044063,0.858915,1.033524,0.900025,0.428744,0.458472,0.986727,0.781384,0.950249,0.437888,0.775860,0.776808,0.452312,0.645868,0.422783,0.486546,0.315320,0.537131,0.560132,0.579108,0.655649,0.511466,0.660568,0.562681,0.314732,0.475762,0.913073,0.722937,0.792366,0.729674,0.941924,0.624715,0.876913,0.861833,0.856270,0.586161,0.747801,0.489119,0.785048,0.423231,0.392626,0.476914,0.940794,0.826933,0.818682,0.561129,0.397961,0.388207,0.511093,0.765158,1.092905,1.110665,1.242139,0.857682,1.316362,0.950512,0.182191,0.453548,1.096004,1.011438
0.852170,0.803017,0.596024,0.752423,0.518965,0.623394,0.735022,0.838628,0.750941,0.830198,0.922577,1.273600,1.021452,1.186899,1.341955,0.000000,0.845527,0.899278,0.840438,0.926785,0.485202,0.524441,0.728570,0.636457,0.174761,0.435041,0.447534,0.634307,0.773765,1.182093,0.959054,0.957717,0.880349,0.893920,0.433943,0.482870,0.918684,0.728528,0.837094,0.353653,0.624164,0.634187,0.366158,0.598682,0.408787,0.535557,0.290748,0.514508,0.541380,0.545316,0.641735,0.491298,0.627443,0.544668,0.225447,0.415793,0.743112,0.621689,0.666515,0.636481,0.842110,0.835328,0.871389,0.897494,1.045361,0.777839,0.599385,0.457587,0.625750,0.355234,0.305464,0.397260,0.747328,0.818570,0.722435,0.618663,0.386260,0.369824,0.505331,0.711175,0.926341,0.951412,0.967974,0.825270,1.058732,0.851423,0.149410,0.358313,0.928059,0.988883
0.815250,0.780322,0.368893,0.386229,0.246306,0.299045,0.392692,0.456290,0.523316,0.382408,0.662151,0.712841,1.036336,1.029056,0.887970,0.845527,0.000000,0.997963,0.583748,0.788446,0.436337,0.319261,0.256752,0.202761,-0.022859,0.128631,0.436839,0.537540,1.034870,1.049608,0.536970,0.601855,0.876484,0.745462,0.233416,0.250483,0.900623,0.759422,0.731299,0.344345,0.709739,0.755851,0.366686,0.557980,0.472737,0.465285,0.174713,0.427083,0.628430,0.614023,0.401675,0.476494,0.677189,0.514113,0.327118,0.364584,0.804758,0.627169,0.708483,0.596682,0.945941,0.666113,0.939436,0.903469,0.805615,0.513215,0.542734,0.342254,0.615801,0.341464,0.314734,0.350683,0.837813,0.822004,0.603545,0.565587,0.296859,0.352597,0.471698,0.679844,1.120996,1.021915,0.836268,0.754197,0.836384,0.647753,0.011704,0.243170,0.651439,0.696408
1.153092,1.212696,0.624796,0.620147,0.490186,0.423696,0.643008,0.694398,0.667071,0.564877,0.890897,0.963795,1.005537,0.929091,1.004763,0.899278,0.997963,0.000000,0.927661,1.125980,0.440243,0.454031,0.503116,0.371994,0.163521,0.269993,0.418102,0.538123,0.750937,1.296316,0.869249,0.805154,1.237292,1.067416,0.458455,0.527347,0.962570,0.749638,0.925151,0.368860,0.573408,0.645804,0.567012,0.693981,0.665312,0.700900,0.435776,0.640309,0.704202,0.725340,0.741564,0.705752,0.724157,0.631077,0.439238,0.669456,1.166252,1.005690,0.937612,0.904325,1.083566,0.913027,1.070522,1.200861,0.766427,0.659091,0.853306,0.590983,0.968157,0.613119,0.272131,0.405105,0.787846,0.834459,0.643311,0.403752,0.239610,0.326005,0.769972,1.113134,1.162365,1.394133,0.914270,0.950417,1.127357,0.912325,0.114742,0.458282,0.975548,1.075291
1.234857,1.026937,0.767135,0.627695,0.760182,0.674466,0.872666,0.727983,0.891761,0.712954,1.117845,1.044923,0.973615,0.718229,1.148433,0.840438,0.583748,0.927661,0.000000,1.128744,0.476719,0.437888,0.752245,0.458697,0.232764,0.390693,0.512193,0.621669,0.404413,0.799313,0.873874,0.626862,0.931254,0.786362,0.407427,0.434998,0.683163,0.577798,0.840319,0.408808,0.509323,0.546889,0.555551,0.538563,0.473501,0.468262,0.376535,0.487725,0.483183,0.447507,0.732312,0.498639,0.513094,0.445621,0.254378,0.536612,0.981465,0.823667,0.861301,0.759696,0.921928,0.708737,0.699672,0.714879,0.688444,0.722631,0.850817,0.554916,0.964732,0.589121,0.305857,0.391025,0.592908,0.507149,0.605028,0.344403,0.218901,0.176832,0.467535,0.680817,0.792309,0.873551,1.049064,0.818573,1.111700,0.812252,0.241542,0.559940,1.175960,1.039926
1.149453,1.616294,0.604448,0.768802,0.521566,0.418549,0.607716,0.696059,0.732478,0.655382,0.800965,0.933676,0.808679,0.720543,0.997964,0.926785,0.788446,1.125980,1.128744,0.000000,0.379752,0.386547,0.654545,0.499810,0.272511,0.300142,0.323900,0.506120,0.603986,1.109755,0.905506,0.847217,1.435247,1.282603,0.388828,0.535393,0.780988,0.601937,0.806733,0.281323,0.465702,0.523463,0.546470,0.725361,0.560418,0.616568,0.417994,0.557349,0.520046,0.667823,0.608959,0.566572,0.704908,0.662080,0.331485,0.694180,1.363482,1.317583,1.278144,1.063462,1.146566,0.878839,1.096089,1.167457,0.596594,0.600296,0.979719,0.624338,1.414415,0.848810,0.230143,0.300793,0.613361,0.688419,0.504809,0.369811,0.048655,0.161840,0.720627,0.941543,1.163071,1.274773,0.908496,0.903294,1.259313,0.950971,0.146010,0.450949,0.984259,1.336907
0.382080,0.351444,0.515050,0.425588,0.528604,0.431833,0.404909,0.371438,0.476557,0.324946,0.284685,0.477073,0.445005,0.464942,0.666411,0.485202,0.436337,0.440243,0.476719,0.379752,0.000000,1.138323,0.541401,0.443650,0.274676,0.486400,0.843267,0.642092,0.370284,0.491220,0.687601,0.621647,0.419190,0.444874,0.352276,0.293570,0.501859,0.444857,0.645170,0.470984,0.475138,0.571179,0.185885,0.324183,0.201573,0.207031,0.214460,0.296780,0.162363,0.218471,0.261735,0.144817,0.267768,0.160212,0.207799,0.203435,0.349016,0.265041,0.340045,0.319420,0.437179,0.265848,0.389884,0.390882,0.415806,0.341051,0.397490,0.314632,0.304155,0.182434,0.707848,0.600501,0.608749,0.441531,0.483697,0.383960,0.527384,0.344883,0.137784,0.300370,0.493425,0.441126,0.551970,0.316870,0.432617,0.443641,0.122471,0.257842,0.408270,0.374112
0.432585,0.378546,0.478209,0.451433,0.432953,0.273092,0.447189,0.441895,0.306427,0.271424,0.354787,0.597052,0.384607,0.484807,0.566002,0.524441,0.319261,0.454031,0.437888,0.386547,1.138323,0.000000,0.507433,0.438224,0.231109,0.398699,0.666005,0.524442,0.293942,0.540504,0.725139,0.697717,0.436907,0.516085,0.367543,0.383563,0.456927,0.435231,0.580587,0.380980,0.328508,0.399560,0.199135,0.261545,0.164162,0.208681,0.225002,0.256776,0.095178,0.158646,0.288625,0.156345,0.175030,0.154215,0.156562,0.230008,0.389470,0.330713,0.325056,0.242137,0.359351,0.366395,0.382794,0.379557,0.406052,0.376406,0.279408,0.196771,0.264749,0.107481,0.663827,0.675691,0.580221,0.479700,0.530078,0.385502,0.455099,0.212322,0.269936,0.380553,0.395458,0.386644,0.425245,0.256680,0.399665,0.429327,0.152236,0.247968,0.388706,0.380033
0.489709,0.516750,0.874175,0.952169,0.751106,0.748958,0.703284,0.707175,0.739416,0.670643,0.446847,0.731757,0.398717,0.488596,0.789390,0.728570,0.256752,0.503116,0.752245,0.654545,0.541401,0.507433,0.000000,1.408431,0.642688,0.993780,0.625088,0.712802,0.190415,0.513468,0.820946,0.676749,0.558283,0.563042,0.545555,0.622754,0.623469,0.528300,0.791448,0.425051,0.506529,0.541938,0.465587,0.519400,0.252356,0.361120,0.352077,0.420399,0.150989,0.258542,0.596249,0.343445,0.408538,0.407269,0.198721,0.371963,0.463406,0.408429,0.487194,0.470878,0.455923,0.315527,0.494804,0.472387,0.400778,0.464276,0.589266,0.441405,0.476496,0.310444,0.359075,0.517987,0.525633,0.464624,0.597297,0.445677,0.386519,0.386520,0.359035,0.524406,0.537316,0.566013,0.559719,0.477540,0.737601,0.896778,0.171414,0.398877,0.735603,0.817082
0.309240,0.385154,0.668488,1.149843,0.589658,0.649943,0.523838,0.811988,0.610053,0.657518,0.216464,0.656339,0.247189,0.440914,0.514366,0.636457,0.202761,0.371994,0.458697,0.499810,0.443650,0.438224,1.408431,0.000000,0.690329,1.041568,0.448048,0.614834,0.094164,0.459018,0.625193,0.673827,0.449750,0.514292,0.576132,0.684444,0.555701,0.449443,0.646531,0.385744,0.441638,0.516778,0.322163,0.475590,0.282205,0.374992,0.284859,0.376189,0.063427,0.219506,0.489583,0.286483,0.351204,0.291958,0.128146,0.298019,0.309634,0.297126,0.406871,0.398314,0.392536,0.300703,0.487346,0.433224,0.381654,0.512574,0.520983,0.462413,0.338419,0.230014,0.360239,0.512739,0.445191,0.448596,0.493478,0.472799,0.357236,0.432550,0.242505,0.422585,0.469229,0.475887,0.363861,0.355021,0.591806,0.870783,0.106889,0.312576,0.572150,0.762878
0.139921,0.232542,0.457200,0.617700,0.674640,0.533413,0.318800,0.421673,0.351717,0.390451,0.033675,0.248776,-0.063349,0.010108,0.162563,0.174761,-0.022859,0.163521,0.232764,0.272511,0.274676,0.231109,0.642688,0.690329,0.000000,0.878813,0.237883,0.461066,-0.069284,0.144773,0.271616,0.257055,0.200747,0.224856,0.351531,0.404008,0.168361,0.145063,0.255008,0.182952,0.161986,0.202675,0.349580,0.442580,0.121042,0.312696,0.333600,0.359071,0.000608,0.118168,0.304375,0.209953,0.139398,0.165038,0.074799,0.199158,0.197913,0.194824,0.285222,0.287622,0.178058,0.063675,0.202161,0.209910,-0.038663,0.261694,0.319144,0.290384,0.237388,0.192630,0.159118,0.239209,0.131871,0.152216,0.233138,0.113039,0.044400,0.206064,0.142325,0.272268,0.229387,0.241731,0.117984,0.159645,0.258037,0.495233,-0.041949,0.139966,0.255555,0.369517
0.219456,0.235991,0.648063,0.803217,0.743867,0.891286,0.472839,0.647545,0.561579,0.641811,0.184432,0.519169,0.149091,0.334876,0.389317,0.435041,0.128631,0.269993,0.390693,0.300142,0.486400,0.398699,0.993780,1.041568,0.878813,0.000000,0.499457,0.665386,0.048590,0.328748,0.407601,0.400511,0.270735,0.332068,0.541665,0.542197,0.431335,0.420088,0.628667,0.320563,0.324824,0.350052,0.457921,0.525783,0.273017,0.428373,0.424964,0.452771,0.131349,0.214433,0.501610,0.353171,0.302154,0.289334,0.156239,0.196375,0.179068,0.148097,0.276546,0.281572,0.270259,0.265907,0.304398,0.318195,0.274814,0.496156,0.419654,0.428147,0.201244,0.143053,0.225253,0.328985,0.321250,0.283876,0.404750,0.347079,0.377512,0.407700,0.201161,0.350601,0.319711,0.323036,0.245475,0.221764,0.391963,0.598430,-0.008336,0.155838,0.426848,0.508378
0.404493,0.311784,0.497084,0.354427,0.599594,0.501037,0.454026,0.376406,0.539737,0.286123,0.287830,0.438369,0.459283,0.412491,0.660614,0.447534,0.436839,0.418102,0.512193,0.323900,0.843267,0.666005,0.625088,0.448048,0.237883,0.499457,0.000000,1.030423,0.304038,0.425221,0.540934,0.421782,0.386761,0.319441,0.331799,0.227274,0.450839,0.429431,0.562500,0.483175,0.566130,0.584102,0.341711,0.343801,0.198690,0.142952,0.160273,0.266979,0.130647,0.135319,0.279602,0.123555,0.245966,0.135436,0.045978,0.096290,0.325411,0.184577,0.262476,0.204060,0.347459,0.100024,0.283477,0.262086,0.369140,0.241854,0.319277,0.195071,0.229554,0.086480,0.510330,0.595521,0.573354,0.354390,0.457323,0.308995,0.424922,0.271470,0.085495,0.238700,0.426716,0.380880,0.530045,0.345802,0.436460,0.487021,0.158677,0.247229,0.419609,0.345559
0.579210,0.520846,0.664382,0.624062,0.769886,0.770381,0.613102,0.655345,0.660505,0.503930,0.355060,0.593198,0.511393,0.591135,0.783193,0.634307,0.537540,0.538123,0.621669,0.506120,0.642092,0.524442,0.712802,0.614834,0.461066,0.665386,1.030423,0.000000,0.381506,0.618916,0.585814,0.504321,0.599432,0.491281,0.498199,0.379482,0.680398,0.579604,0.748306,0.518097,0.821315,0.884329,0.552329,0.684228,0.359297,0.377871,0.284306,0.507571,0.318507,0.337626,0.499266,0.322597,0.499751,0.277713,0.184414,0.235278,0.461353,0.324244,0.471322,0.439376,0.559879,0.267391,0.480797,0.461989,0.487665,0.515722,0.501305,0.351141,0.378248,0.166455,0.480566,0.673935,0.752174,0.540601,0.654795,0.475909,0.452228,0.503016,0.149382,0.413427,0.695745,0.617262,0.614813,0.487937,0.627387,0.813242,0.055448,0.283117,0.569877,0.599714
0.649134,0.647528,0.455963,0.304995,0.228685,0.170051,0.431222,0.373818,0.316388,0.205418,0.557505,0.577451,0.858090,0.738508,0.826386,0.773765,1.034870,0.750937,0.404413,0.603986,0.370284,0.293942,0.190415,0.094164,-0.069284,0.048590,0.304038,0.381506,0.000000,1.014176,0.640179,0.630259,0.816389,0.766288,0.399542,0.323793,0.807146,0.673701,0.512638,0.330945,0.564192,0.469248,0.267167,0.532025,0.415687,0.467817,0.252713,0.440422,0.577821,0.561625,0.343543,0.471586,0.535001,0.488683,0.306784,0.298285,0.647639,0.519162,0.557667,0.489606,0.666276,0.448304,0.776082,0.723326,0.591043,0.275573,0.429718,0.303460,0.468181,0.179542,0.280635,0.292294,0.838559,0.851472,0.577579,0.531570,0.333132,0.269056,0.468388,0.579468,0.959069,0.914407,0.797239,0.693777,0.718443,0.587443,0.134416,0.221221,0.464368,0.559044
1.041245,1.148603,0.631926,0.690700,0.479391,0.400096,0.645579,0.785275,0.606886,0.552944,0.773541,1.067038,0.982912,1.022415,1.104959,1.182093,1.049608,1.296316,0.799313,1.109755,0.491220,0.540504,0.513468,0.459018,0.144773,0.328748,0.425221,0.618916,1.014176,0.000000,0.979131,1.019028,1.447753,1.426764,0.550500,0.578926,1.130500,0.822223,0.954088,0.429639,0.627553,0.672793,0.511842,0.753655,0.604053,0.674650,0.417676,0.643687,0.587040,0.730499,0.648501,0.602073,0.733473,0.613393,0.363445,0.656349,1.060254,0.967473,0.945716,0.822403,1.083948,0.927948,1.211447,1.218261,0.891364,0.672051,0.776630,0.536686,0.878025,0.480144,0.337452,0.451800,0.917818,0.951532,0.718972,0.549991,0.296354,0.308815,0.704940,0.992471,1.348594,1.485036,0.977686,0.921193,1.151256,0.980775,0.184223,0.417539,0.910969,1.115759
0.852832,0.854433,0.886420,0.853166,0.705471,0.436725,0.912814,0.792950,0.622374,0.534418,0.675638,0.967315,0.725565,0.650925,1.044063,0.959054,0.536970,0.869249,0.873874,0.905506,0.687601,0.725139,0.820946,0.625193,0.271616,0.407601,0.540934,0.585814,0.640179,0.979131,0.000000,1.449698,0.999792,1.035782,0.715866,0.734009,0.800259,0.611467,0.857502,0.423029,0.539266,0.511107,0.436119,0.619016,0.430252,0.563076,0.438204,0.555863,0.362614,0.459283,0.648443,0.400231,0.415499,0.401708,0.240947,0.503016,0.802929,0.687389,0.635411,0.609479,0.662529,0.552553,0.760724,0.692391,0.651879,0.526581,0.624451,0.451142,0.644518,0.357389,0.419859,0.543901,0.714225,0.695686,0.578949,0.449605,0.280862,0.177976,0.514242,0.732882,0.795420,0.857305,0.849050,0.694546,0.959642,0.905310,0.259112,0.471282,0.761866,0.873157
0.699766,0.806725,0.656563,0.955274,0.499431,0.326238,0.663363,0.844339,0.502491,0.521422,0.520804,0.947751,0.592843,0.677177,0.858915,0.957717,0.601855,0.805154,0.626862,0.847217,0.621647,0.697717,0.676749,0.673827,0.257055,0.400511,0.421782,0.504321,0.630259,1.019028,1.449698,0.000000,0.961429,1.121357,0.714137,0.823155,0.743716,0.567180,0.751186,0.271610,0.500043,0.517415,0.290296,0.604037,0.391926,0.597253,0.342509,0.496690,0.319473,0.451217,0.521707,0.364064,0.397201,0.366866,0.161454,0.383133,0.771784,0.677105,0.680032,0.586307,0.667811,0.616059,0.844911,0.774766,0.633553,0.590573,0.568133,0.426656,0.600356,0.318505,0.379310,0.488828,0.664296,0.729475,0.519432,0.503556,0.225882,0.259714,0.531732,0.767935,0.876673,0.864534,0.660539,0.567356,0.924767,0.931666,0.075321,0.314445,0.639300,0.836887
1.258505,1.681214,0.703654,0.722584,0.486263,0.317089,0.648013,0.736094,0.583518,0.483622,0.761655,0.937319,0.839657,0.768412,1.033524,0.880349,0.876484,1.237292,0.931254,1.435247,0.419190,0.436907,0.558283,0.449750,0.200747,0.270735,0.386761,0.599432,0.816389,1.447753,0.999792,0.961429,0.000000,1.869625,0.588880,0.657622,0.954035,0.715908,0.892749,0.332785,0.585222,0.611377,0.581299,0.840644,0.637322,0.697980,0.427123,0.643532,0.495151,0.709953,0.605997,0.616192,0.680262,0.622706,0.319005,0.668988,1.441169,1.348669,1.272925,0.956299,1.107733,0.776412,1.257161,1.237118,0.603048,0.538377,0.909639,0.541371,1.172655,0.585591,0.308376,0.415035,0.817275,0.859149,0.606730,0.436190,0.117208,0.233762,0.794130,1.091604,1.417976,1.549216,0.878797,0.794032,1.310893,1.148009,0.117405,0.391172,0.868006,1.224787
1.091142,1.490246,0.692644,0.840215,0.478617,0.281550,0.642468,0.830435,0.524265,0.508294,0.698653,1.004074,0.737393,0.738136,0.900025,0.893920,0.745462,1.067416,0.786362,1.282603,0.444874,0.516085,0.563042,0.514292,0.224856,0.332068,0.319441,0.491281,0.766288,1.426764,1.035782,1.121357,1.869625,0.000000,0.658271,0.796943,0.921458,0.718252,0.867289,0.339494,0.462785,0.499278,0.540841,0.832658,0.641858,0.776896,0.503519,0.666407,0.469181,0.694182,0.631699,0.626408,0.634894,0.638579,0.325315,0.691077,1.294915,1.327279,1.197320,0.907840,0.991765,0.855835,1.266092,1.276017,0.573741,0.566957,0.866616,0.569998,1.058370,0.555990,0.328104,0.402747,0.734182,0.838886,0.557361,0.441890,0.111656,0.186428,0.781386,1.013760,1.200485,1.309455,0.766735,0.737381,1.195308,1.117650,0.177137,0.418207,0.831215,1.221671
0.458979,0.455647,0.925158,0.825012,0.583694,0.370049,0.789935,0.820965,0.323374,0.285708,0.291384,0.562198,0.309958,0.393253,0.428744,0.433943,0.233416,0.458455,0.407427,0.388828,0.352276,0.367543,0.545555,0.576132,0.351531,0.541665,0.331799,0.498199,0.399542,0.550500,0.715866,0.714137,0.588880,0.658271,0.000000,1.142020,0.517575,0.392471,0.537483,0.416113,0.385121,0.348192,0.491130,0.700335,0.530374,0.664741,0.583269,0.587777,0.224356,0.251862,0.694035,0.397335,0.264670,0.208935,0.123339,0.253760,0.401777,0.345020,0.376979,0.309475,0.350244,0.249557,0.457532,0.391095,0.357822,0.438504,0.457266,0.391855,0.269793,0.072105,0.311982,0.424882,0.520591,0.481770,0.447277,0.373668,0.315660,0.296397,0.310148,0.433874,0.498218,0.506562,0.348779,0.322061,0.496812,0.877758,0.115793,0.321012,0.451601,0.578761
0.483514,0.578139,0.710478,0.994536,0.471754,0.285653,0.625801,0.838106,0.380475,0.410767,0.348905,0.670176,0.308144,0.370875,0.458472,0.482870,0.250483,0.527347,0.434998,0.535393,0.293570,0.383563,0.622754,0.684444,0.404008,0.542197,0.227274,0.379482,0.323793,0.578926,0.734009,0.823155,0.657622,0.796943,1.142020,0.000000,0.553061,0.488715,0.535083,0.222474,0.207026,0.216296,0.512980,0.769680,0.478380,0.791580,0.671006,0.657058,0.229685,0.360679,0.733562,0.518595,0.301792,0.337658,0.228207,0.501401,0.568046,0.549853,0.506630,0.406364,0.415069,0.362318,0.597635,0.484115,0.279797,0.441317,0.532478,0.474187,0.428124,0.234853,0.225564,0.373550,0.420461,0.459152,0.374804,0.341083,0.147962,0.236366,0.503768,0.655860,0.555824,0.589361,0.345072,0.376076,0.641251,0.937752,0.090183,0.292918,0.542405,0.733961
0.801674,0.812102,0.679828,0.690658,0.502384,0.468002,0.594044,0.691745,0.603558,0.494573,0.592304,0.815675,0.856575,0.927668,0.986727,0.918684,0.900623,0.962570,0.683163,0.780988,0.501859,0.456927,0.623469,0.555701,0.168361,0.431335,0.450839,0.680398,0.807146,1.130500,0.800259,0.743716,0.954035,0.921458,0.517575,0.553061,0.000000,1.175530,1.217111,0.594309,0.765886,0.787427,0.454167,0.700349,0.542314,0.591362,0.398393,0.649848,0.550978,0.636605,0.646929,0.629603,0.822903,0.659033,0.506752,0.540617,0.769439,0.638391,0.765789,0.727892,0.868049,0.666883,1.042368,0.944581,0.700792,0.570597,0.742758,0.564338,0.657263,0.378538,0.402433,0.560993,1.014044,1.027674,0.862536,0.700499,0.548484,0.462586,0.536786,0.723163,1.155271,1.179635,1.013919,0.973592,1.118897,0.969656,0.262516,0.519453,0.785220,0.981637
0.658164,0.623957,0.558659,0.564002,0.398647,0.377763,0.528233,0.574488,0.455093,0.400273,0.560828,0.765960,0.673313,0.796542,0.781384,0.728528,0.759422,0.749638,0.577798,0.601937,0.444857,0.435231,0.528300,0.449443,0.145063,0.420088,0.429431,0.579604,0.673701,0.822223,0.611467,0.567180,0.715908,0.718252,0.392471,0.488715,1.175530,0.000000,0.907119,0.578000,0.564813,0.555821,0.496108,0.597662,0.354193,0.465889,0.380728,0.553495,0.398369,0.460826,0.523291,0.505940,0.561164,0.559290,0.394734,0.479232,0.660749,0.553695,0.536372,0.486831,0.576023,0.544567,0.729228,0.705419,0.503830,0.487511,0.539383,0.390734,0.480587,0.222440,0.324738,0.459481,0.763209,0.730070,0.649231,0.551857,0.435348,0.363787,0.536917,0.651853,0.797936,0.805422,0.791777,0.766361,0.808195,0.761227,0.315377,0.494414,0.651611,0.704172
0.860983,0.810446,0.755824,0.745821,0.677934,0.612057,0.661642,0.727675,0.740601,0.557832,0.630606,0.903810,0.791188,0.865662,0.950249,0.837094,0.731299,0.925151,0.840319,0.806733,0.645170,0.580587,0.791448,0.646531,0.255008,0.628667,0.562500,0.748306,0.512638,0.954088,0.857502,0.751186,0.892749,0.867289,0.537483,0.535083,1.217111,0.907119,0.000000,0.627461,0.720145,0.781553,0.571213,0.684404,0.573638,0.618213,0.473499,0.624748,0.514112,0.579599,0.771590,0.591943,0.746903,0.622840,0.513201,0.557247,0.751591,0.632758,0.714421,0.699856,0.799046,0.706315,0.869591,0.873559,0.675361,0.673378,0.768547,0.552497,0.650827,0.409254,0.447881,0.574595,0.904007,0.769938,0.801818,0.682620,0.497789,0.375681,0.443884,0.676605,0.891837,0.924404,0.831110,0.704470,0.930599,0.874006,0.182580,0.504255,0.859553,0.934800
0.391809,0.327490,0.559188,0.406391,0.563916,0.450055,0.554253,0.465093,0.467958,0.166047,0.240745,0.363288,0.473550,0.389798,0.437888,0.353653,0.344345,0.368860,0.408808,0.281323,0.470984,0.380980,0.425051,0.385744,0.182952,0.320563,0.483175,0.518097,0.330945,0.429639,0.423029,0.271610,0.332785,0.339494,0.416113,0.222474,0.594309,0.578000,0.627461,0.000000,0.528133,0.672178,0.335716,0.307050,0.307422,0.243347,0.271298,0.268693,0.248954,0.129935,0.467958,0.150174,0.337006,0.194970,0.352682,0.338179,0.259960,0.219031,0.289440,0.302706,0.375384,0.206467,0.314366,0.298185,0.334850,0.363148,0.424517,0.313242,0.253450,0.149998,0.576489,0.552851,0.632985,0.420831,0.584691,0.425020,0.577284,0.180018,-0.039401,0.114966,0.386998,0.388965,0.610687,0.600215,0.357394,0.494307,0.816287,0.968190,0.580841,0.429476
0.601944,0.459908,0.577814,0.466032,0.506249,0.488612,0.552874,0.544989,0.500852,0.295636,0.425301,0.561973,0.645136,0.669519,0.775860,0.624164,0.709739,0.573408,0.509323,0.465702,0.475138,0.328508,0.506529,0.441638,0.161986,0.324824,0.566130,0.821315,0.564192,0.627553,0.539266,0.500043,0.585222,0.462785,0.385121,0.207026,0.765886,0.564813,0.720145,0.528133,0.000000,1.263170,0.352339,0.408608,0.310367,0.243965,0.043123,0.267788,0.361102,0.264364,0.398308,0.266116,0.443611,0.246832,0.109551,0.059834,0.403697,0.240763,0.402315,0.347408,0.555045,0.254502,0.525960,0.476115,0.577250,0.440340,0.364680,0.173345,0.285165,0.042276,0.519798,0.657899,1.087262,0.816929,0.941768,0.749250,0.590789,0.535348,0.085701,0.300312,0.719875,0.626590,0.583281,0.461453,0.595447,0.665548,0.022692,0.248125,0.474009,0.453464
0.627581,0.524242,0.558876,0.521696,0.525673,0.547214,0.494680,0.539338,0.602562,0.378921,0.396106,0.554439,0.684687,0.784882,0.776808,0.634187,0.755851,0.645804,0.546889,0.523463,0.571179,0.399560,0.541938,0.516778,0.202675,0.350052,0.584102,0.884329,0.469248,0.672793,0.511107,0.517415,0.611377,0.499278,0.348192,0.216296,0.787427,0.555821,0.781553,0.672178,1.263170,0.000000,0.347613,0.475086,0.443909,0.316481,0.110854,0.375741,0.453142,0.389879,0.490704,0.333500,0.645896,0.333945,0.207728,0.178907,0.446600,0.322159,0.530375,0.528728,0.731894,0.327762,0.628416,0.585705,0.642238,0.523542,0.573113,0.363377,0.416042,0.263431,0.494775,0.589985,0.954231,0.723726,0.811226,0.672104,0.503359,0.526159,0.107113,0.372510,0.845702,0.731052,0.654998,0.559777,0.623349,0.745081,0.054965,0.389720,0.592019,0.574676
0.620161,0.560948,0.566518,0.487577,0.601487,0.469356,0.576510,0.528164,0.458550,0.449594,0.445025,0.503262,0.419154,0.470896,0.452312,0.366158,0.366686,0.567012,0.555551,0.546470,0.185885,0.199135,0.465587,0.322163,0.349580,0.457921,0.341711,0.552329,0.267167,0.511842,0.436119,0.290296,0.581299,0.540841,0.491130,0.512980,0.454167,0.496108,0.571213,0.335716,0.352339,0.347613,0.000000,1.016125,0.703063,0.769722,0.931626,0.844302,0.579972,0.631492,0.835792,0.701751,0.588981,0.554266,0.334573,0.590844,0.470833,0.446285,0.435447,0.441539,0.403275,0.383642,0.399571,0.491455,0.276319,0.349745,0.526981,0.399125,0.390167,0.283640,0.074834,0.252144,0.440903,0.393617,0.345502,0.255380,0.125156,0.173574,0.331519,0.497005,0.414008,0.472192,0.322513,0.426138,0.432463,0.524524,0.090436,0.257357,0.526526,0.576202
0.629112,0.773170,0.633389,0.739981,0.624126,0.541146,0.517871,0.661422,0.612915,0.632597,0.379562,0.604800,0.487951,0.590559,0.645868,0.598682,0.557980,0.693981,0.538563,0.725361,0.324183,0.261545,0.519400,0.475590,0.442580,0.525783,0.343801,0.684228,0.532025,0.753655,0.619016,0.604037,0.840644,0.832658,0.700335,0.769680,0.700349,0.597662,0.684404,0.307050,0.408608,0.475086,1.016125,0.000000,0.848494,1.179213,1.098546,1.488090,0.720672,1.047703,0.827156,0.968943,0.906715,0.799752,0.461140,0.643537,0.663384,0.613767,0.780230,0.803246,0.684212,0.511416,0.775446,0.809578,0.364006,0.478819,0.874235,0.775985,0.634515,0.488576,0.115870,0.234793,0.549013,0.567124,0.403393,0.342089,0.113615,0.329490,0.428754,0.639958,0.824052,0.824913,0.564613,0.649415,0.740867,0.890800,0.013606,0.281000,0.600205,0.895881
0.609079,0.598230,0.501043,0.510530,0.532927,0.431358,0.454987,0.531812,0.568141,0.523812,0.348607,0.487792,0.625089,0.631952,0.422783,0.408787,0.472737,0.665312,0.473501,0.560418,0.201573,0.164162,0.252356,0.282205,0.121042,0.273017,0.198690,0.359297,0.415687,0.604053,0.430252,0.391926,0.637322,0.641858,0.530374,0.478380,0.542314,0.354193,0.573638,0.307422,0.310367,0.443909,0.703063,0.848494,0.000000,1.012325,0.777975,0.937786,0.918152,0.998323,0.917149,0.990102,0.874952,0.617288,0.579165,0.578415,0.458564,0.438542,0.645899,0.794502,0.799646,0.599324,0.758299,0.781114,0.504340,0.471554,0.941986,0.916927,0.530547,0.541270,0.074982,0.145936,0.488119,0.443309,0.297796,0.293123,0.092413,0.210454,0.230400,0.441996,0.592087,0.641996,0.421641,0.574628,0.454675,0.515906,0.076520,0.350175,0.537223,0.687222
0.601183,0.673907,0.543490,0.780701,0.562444,0.483583,0.546684,0.804047,0.577666,0.640946,0.431576,0.644012,0.541354,0.559133,0.486546,0.535557,0.465285,0.700900,0.468262,0.616568,0.207031,0.208681,0.361120,0.374992,0.312696,0.428373,0.142952,0.377871,0.467817,0.674650,0.563076,0.597253,0.697980,0.776896,0.664741,0.791580,0.591362,0.465889,0.618213,0.243347,0.243965,0.316481,0.769722,1.179213,1.012325,0.000000,1.005152,1.087185,0.865810,0.950477,0.959043,1.021710,0.704021,0.607778,0.531040,0.574823,0.537857,0.529055,0.634830,0.704948,0.621047,0.677450,0.673687,0.741385,0.399871,0.691576,0.796131,0.864785,0.516426,0.471583,0.067452,0.153047,0.445370,0.546333,0.346664,0.347865,0.066379,0.206005,0.369758,0.620006,0.648947,0.675746,0.429688,0.567890,0.640362,0.714427,0.019095,0.305019,0.632492,0.801697
0.365827,0.455878,0.521516,0.511132,0.553396,0.425841,0.440247,0.450403,0.419703,0.455964,0.226423,0.377658,0.249103,0.293768,0.315320,0.290748,0.174713,0.435776,0.376535,0.417994,0.214460,0.225002,0.352077,0.284859,0.333600,0.424964,0.160273,0.284306,0.252713,0.417676,0.438204,0.342509,0.427123,0.503519,0.583269,0.671006,0.398393,0.380728,0.473499,0.271298,0.043123,0.110854,0.931626,1.098546,0.777975,1.005152,0.000000,1.233979,0.682251,0.838665,0.864944,0.912600,0.653365,0.735123,0.623098,0.731722,0.394148,0.398002,0.426211,0.557999,0.346153,0.403178,0.391912,0.469790,0.168626,0.302149,0.655354,0.726108,0.398615,0.413953,-0.021862,0.096244,0.259717,0.291563,0.186736,0.176216,0.077175,0.084071,0.311720,0.386174,0.326637,0.398413,0.331561,0.460686,0.374718,0.447189,0.186723,0.334105,0.436668,0.576858
0.515424,0.595049,0.545641,0.581654,0.608935,0.503735,0.431480,0.525757,0.540446,0.597747,0.342104,0.525491,0.445987,0.556339,0.537131,0.514508,0.427083,0.640309,0.487725,0.557349,0.296780,0.256776,0.420399,0.376189,0.359071,0.452771,0.266979,0.507571,0.440422,0.643687,0.555863,0.496690,0.643532,0.666407,0.587777,0.657058,0.649848,0.553495,0.624748,0.268693,0.267788,0.375741,0.844302,1.488090,0.937786,1.087185,1.233979,0.000000,0.785259,1.158257,0.837361,1.124088,0.882471,0.824903,0.595802,0.753042,0.544090,0.496441,0.675162,0.807926,0.641018,0.557815,0.684531,0.752993,0.351198,0.443445,0.867659,0.911331,0.555776,0.529740,0.042811,0.152370,0.419537,0.429866,0.301081,0.268630,0.081348,0.224494,0.413976,0.567274,0.649946,0.691861,0.541390,0.657362,0.589399,0.657837,0.070786,0.330494,0.527804,0.760990
0.608005,0.582311,0.411692,0.345370,0.438778,0.520820,0.480457,0.474445,0.616038,0.609882,0.554435,0.499274,0.818179,0.719358,0.560132,0.541380,0.628430,0.704202,0.483183,0.520046,0.162363,0.095178,0.150989,0.063427,0.000608,0.131349,0.130647,0.318507,0.577821,0.587040,0.362614,0.319473,0.495151,0.469181,0.224356,0.229685,0.550978,0.398369,0.514112,0.248954,0.361102,0.453142,0.579972,0.720672,0.918152,0.865810,0.682251,0.785259,0.000000,1.151054,0.887516,1.048845,1.005130,0.853152,0.603289,0.439072,0.474447,0.412754,0.582144,0.815146,0.762495,0.685841,0.571820,0.730106,0.609573,0.514548,0.739685,0.756117,0.513847,0.528779,-0.032818,0.026032,0.460180,0.512482,0.374293,0.363718,0.168619,0.188400,0.217283,0.403327,0.574269,0.629226,0.557059,0.729984,0.517336,0.383825,0.048469,0.323133,0.590824,0.601238
