0.000000,1.652656,1.092290,1.019177,0.436298,0.416341,1.346782,1.237433,0.469590,0.429228,1.112812,1.487380,1.284707,1.451250,0.858304,0.910656,1.232856,1.268365,1.438555,1.316441,0.089222,0.376683,0.765677,0.626826,0.255880,0.651572,0.188502,0.306742,0.829773,0.726412,0.223212,0.665269,1.016972,1.323408,0.392895,0.225902,0.513597,0.663596,0.102045,0.457780,0.187857,0.607042,1.430667,1.225404,1.326453,0.419651,1.442473,1.314930,1.213443,1.265279,1.220276,1.151741,1.353136,1.039314,1.263171,1.214745,1.483633,1.467212,1.332500,0.994650,1.321725,1.253753,1.307727,1.602336,0.746841,0.849682,1.371688,0.847629,1.086764,-0.035931,0.071406,0.190721,0.965514,1.033076,0.672452,0.656620,0.677368,0.870376,0.546588,0.278792,0.767085,0.581994,0.204809,0.111070,1.223005,0.949846,0.405995,0.489589,0.719269,0.385629
1.652656,0.000000,0.987612,0.981903,0.450648,0.434906,1.157456,1.098500,0.496458,0.427160,0.916274,1.303585,1.090753,1.176059,0.787997,0.945658,1.395313,1.379338,1.430174,1.575056,0.152632,0.326453,0.699212,0.579337,0.311876,0.640504,0.169725,0.298814,0.868490,0.784247,0.263508,0.669366,0.939221,1.175194,0.377586,0.194560,0.565731,0.657431,0.215812,0.516883,0.243861,0.607205,1.397086,1.153713,1.312719,0.485370,1.412627,1.335016,1.211978,1.252425,1.136477,1.091130,1.309237,1.102474,1.307413,1.355824,1.645174,1.556016,1.147505,1.116963,0.980881,1.217571,1.263294,1.711477,0.556350,0.645514,1.276789,0.919440,1.369192,0.157882,0.091961,0.135635,0.864337,0.965191,0.686837,0.664601,0.793607,0.917344,0.501975,0.297821,0.943755,0.633631,0.293383,0.191881,1.090297,0.934414,0.466299,0.501389,0.763716,0.502605
1.092290,0.987612,0.000000,1.669789,0.375226,0.387891,1.697648,1.589162,0.363129,0.372264,0.941419,1.060486,1.134760,1.104561,0.706301,0.885330,0.851316,0.756903,1.185042,1.038448,0.122351,0.324539,1.338764,1.208914,0.268440,0.747557,0.212733,0.285763,0.658833,0.585924,0.276595,0.679675,0.904852,1.026550,0.541582,0.230165,0.499957,0.579825,0.148549,0.467809,0.280185,0.641395,1.036640,0.869353,0.871355,0.428713,0.991202,1.025981,0.819384,0.861049,1.231901,0.940085,1.101697,1.147691,0.937842,0.911065,0.869564,0.839379,0.826000,0.761445,0.887992,1.039822,0.829411,0.976887,0.855808,0.884799,1.084734,0.866775,0.708214,0.036522,0.099807,0.186205,0.774260,0.813904,0.591370,0.532925,0.667081,0.698943,0.341681,0.278698,0.676288,0.549179,0.269214,0.166786,1.164180,1.128355,0.378795,0.567728,0.812612,0.479634
1.019177,0.981903,1.669789,0.000000,0.456464,0.513625,1.526729,1.735436,0.480165,0.499104,0.828168,1.069516,1.107815,1.155202,0.755598,1.007046,0.810543,0.734469,1.100897,1.106076,0.110470,0.391663,1.205046,1.286166,0.316512,0.849562,0.280966,0.393207,0.583952,0.534942,0.236807,0.649558,0.895159,1.045177,0.554195,0.245438,0.461522,0.633988,0.095064,0.532077,0.198290,0.634661,1.056832,0.868614,0.863283,0.435689,0.970260,1.029279,0.830834,0.885891,1.233553,0.955923,1.072379,1.076577,0.957641,0.984091,0.900802,0.835755,0.791639,0.836930,0.849049,1.108593,0.798910,0.927481,0.803312,0.961491,1.155637,1.051853,0.802068,0.087394,0.088416,0.215779,0.754435,0.802157,0.574306,0.563306,0.644701,0.736228,0.398737,0.273659,0.688033,0.538373,0.281700,0.204023,1.212932,1.258878,0.428357,0.679786,0.903084,0.571377
0.436298,0.450648,0.375226,0.456464,0.000000,1.365051,0.463510,0.459968,1.562838,1.226743,0.431041,0.490482,0.608407,0.442089,1.009501,0.837064,0.397145,0.312851,0.410151,0.485745,0.269247,0.310027,0.407575,0.398684,0.965632,0.695174,0.741159,0.950594,0.365501,0.339837,0.246593,0.284670,0.551805,0.449999,0.384895,0.019127,0.260362,0.353614,0.149100,0.492250,0.120280,0.332982,0.515380,0.414045,0.427985,0.423883,0.368821,0.415269,0.460278,0.456964,0.575006,0.487263,0.524339,0.462381,0.525734,0.535354,0.400363,0.320615,0.468619,0.531815,0.461532,0.668155,0.445471,0.393755,0.340727,0.436442,0.631770,0.684301,0.501925,0.383595,0.155627,0.103437,0.371654,0.360545,0.391564,0.310362,0.372103,0.348516,0.232258,0.196762,0.541064,0.477788,0.319567,0.285720,0.607510,0.673939,0.382716,0.316131,0.787961,0.621520
0.416341,0.434906,0.387891,0.513625,1.365051,0.000000,0.461606,0.508246,1.388415,1.435639,0.415108,0.504266,0.577509,0.449325,0.916974,0.893146,0.357041,0.251367,0.413650,0.465960,0.216586,0.329443,0.418072,0.491110,1.035754,0.835438,0.635553,0.934442,0.353492,0.264637,0.257606,0.288180,0.480674,0.426597,0.404033,0.045550,0.336330,0.339413,0.135769,0.404748,0.044156,0.274030,0.495901,0.371301,0.412292,0.312185,0.364599,0.414790,0.432135,0.441716,0.561677,0.458935,0.495217,0.458050,0.528968,0.552073,0.373760,0.302171,0.402349,0.488647,0.431132,0.668555,0.361197,0.362309,0.380139,0.469362,0.616413,0.704203,0.500839,0.304268,0.172160,0.154535,0.368905,0.385487,0.393323,0.393282,0.446131,0.449284,0.228616,0.195787,0.462769,0.370622,0.246634,0.229027,0.627128,0.676146,0.339117,0.375304,0.835697,0.669087
1.346782,1.157456,1.697648,1.526729,0.463510,0.461606,0.000000,1.908575,0.471383,0.460071,1.074169,1.316157,1.347311,1.361753,0.830077,0.988268,1.028153,0.975837,1.364142,1.221529,0.096862,0.369029,1.171402,0.995739,0.279519,0.778466,0.238592,0.307646,0.726762,0.659372,0.256694,0.723790,1.015631,1.229355,0.532479,0.214774,0.509798,0.620872,0.101635,0.485365,0.235100,0.638591,1.194723,1.034014,1.018166,0.420008,1.141901,1.175171,0.956313,1.013161,1.257090,1.006538,1.248920,1.152179,1.055664,1.025108,0.999855,1.000337,1.019748,0.854388,1.112980,1.284315,1.023322,1.161820,0.950494,1.016907,1.262463,0.906243,0.827096,-0.006913,0.106959,0.246811,0.937178,0.933601,0.627702,0.595258,0.656622,0.760842,0.431522,0.264052,0.716576,0.591717,0.264451,0.164716,1.330456,1.149332,0.440779,0.597504,0.830928,0.465447
1.237433,1.098500,1.589162,1.735436,0.459968,0.508246,1.908575,0.000000,0.474499,0.529220,1.027876,1.356649,1.279617,1.423840,0.796720,1.038072,0.949713,0.890718,1.297464,1.179981,0.104093,0.372103,1.133177,1.129874,0.306343,0.853539,0.222527,0.331948,0.673114,0.647257,0.264416,0.764591,0.956237,1.190947,0.572090,0.204110,0.512211,0.617367,0.131131,0.513696,0.247112,0.643171,1.185942,1.027138,1.002222,0.426690,1.143526,1.197832,0.933020,1.009951,1.267240,1.002630,1.162254,1.105357,1.059798,1.056556,0.985027,0.951535,0.964693,0.878337,1.044008,1.348441,0.957530,1.087890,0.919613,1.122457,1.215092,0.982705,0.807805,0.010988,0.116044,0.242716,0.919213,0.907966,0.662342,0.599870,0.712900,0.803488,0.383029,0.237970,0.717334,0.580964,0.270660,0.176797,1.330043,1.248199,0.446936,0.641007,0.879525,0.508917
0.469590,0.496458,0.363129,0.480165,1.562838,1.388415,0.471383,0.474499,0.000000,1.317043,0.454518,0.536858,0.611652,0.480745,1.088011,0.912122,0.449348,0.331410,0.452270,0.527158,0.233730,0.333460,0.375536,0.397331,0.977397,0.739806,0.723613,0.908412,0.397247,0.334561,0.229449,0.275765,0.518686,0.453153,0.334757,-0.026074,0.301918,0.332992,0.162569,0.430634,0.063773,0.277564,0.545460,0.440728,0.469193,0.362289,0.400790,0.446562,0.492821,0.502877,0.577360,0.507282,0.552406,0.469912,0.611444,0.597207,0.445135,0.374018,0.453060,0.546335,0.452927,0.669129,0.449502,0.426113,0.358811,0.417731,0.661947,0.712177,0.566296,0.359146,0.172602,0.143705,0.364152,0.413087,0.433960,0.383415,0.444486,0.431967,0.239347,0.154008,0.507948,0.395203,0.278402,0.248911,0.627302,0.668050,0.436730,0.348369,0.826930,0.618376
0.429228,0.427160,0.372264,0.499104,1.226743,1.435639,0.460071,0.529220,1.317043,0.000000,0.459015,0.553026,0.621658,0.490960,0.894705,0.914179,0.395100,0.258604,0.438767,0.441554,0.174122,0.296968,0.364536,0.465667,0.966783,0.749459,0.560512,0.841878,0.357111,0.286634,0.219287,0.267299,0.410779,0.374170,0.344818,-0.045525,0.330626,0.282775,0.175738,0.349462,0.004304,0.217401,0.493700,0.374829,0.398943,0.228574,0.369309,0.417513,0.429212,0.443704,0.568824,0.451913,0.479007,0.446259,0.552270,0.557004,0.372859,0.313910,0.408027,0.475866,0.419231,0.642538,0.359245,0.351923,0.395140,0.456265,0.595041,0.659411,0.470602,0.268323,0.171820,0.151247,0.372423,0.401869,0.446763,0.451868,0.509877,0.480912,0.189885,0.130296,0.427557,0.315887,0.240515,0.190499,0.605456,0.655577,0.394509,0.389962,0.869179,0.672482
1.112812,0.916274,0.941419,0.828168,0.431041,0.415108,1.074169,1.027876,0.454518,0.459015,0.000000,1.114217,1.225131,1.108342,0.868032,0.885295,0.963903,0.797576,1.079025,0.832933,0.189447,0.232022,0.816089,0.701347,0.316034,0.707484,0.172068,0.319707,0.797688,0.715130,0.335910,0.772823,0.799412,0.919369,0.434907,0.137958,0.451756,0.487469,0.209755,0.454604,0.349045,0.506883,1.016782,0.979663,0.924680,0.370576,1.014433,1.001484,0.856543,0.918858,0.958300,0.855222,0.868709,0.752946,0.941210,0.868864,0.799308,0.852431,0.886268,0.690503,0.884806,0.937337,0.899015,0.909925,0.800481,0.862932,0.909062,0.652711,0.614037,0.004034,0.228078,0.307183,0.819983,0.858589,0.719328,0.455055,0.663220,0.651695,0.239632,0.150739,0.624361,0.545309,0.286401,0.139486,1.027804,0.920484,0.507470,0.484104,0.730867,0.303261
1.487380,1.303585,1.060486,1.069516,0.490482,0.504266,1.316157,1.356649,0.536858,0.553026,1.114217,0.000000,1.279687,1.643177,0.897729,1.077044,1.210560,1.148155,1.270157,1.166968,0.125649,0.392776,0.819144,0.760670,0.376753,0.746625,0.192143,0.329524,0.858705,0.819252,0.292187,0.749226,0.939863,1.160205,0.380535,0.159067,0.515212,0.615648,0.176692,0.451036,0.199799,0.564295,1.234239,1.081135,1.084029,0.365393,1.251230,1.203677,1.011904,1.096469,1.146615,1.036335,1.139605,0.900551,1.204062,1.107950,1.119745,1.197362,1.167411,0.958815,1.187681,1.351702,1.151383,1.381670,0.822560,0.946641,1.234858,0.848130,0.879499,-0.018067,0.142396,0.228880,0.946826,1.033324,0.735830,0.712896,0.771986,0.891577,0.441540,0.285265,0.748519,0.577197,0.280713,0.157885,1.186413,1.033999,0.504571,0.580147,0.822294,0.426425
1.284707,1.090753,1.134760,1.107815,0.608407,0.577509,1.347311,1.279617,0.611652,0.621658,1.225131,1.279687,0.000000,1.407714,1.122649,1.173778,1.008497,0.851606,1.193618,1.102702,0.165124,0.371276,1.033119,0.857007,0.440801,0.799975,0.315230,0.448124,0.800336,0.689234,0.328008,0.704693,0.928267,1.008738,0.511009,0.189532,0.560709,0.633293,0.176296,0.545654,0.258772,0.616181,1.150673,1.012064,0.981792,0.461785,1.091805,1.094418,0.944683,1.022607,1.224885,1.004066,1.045183,0.938381,1.123540,1.069725,0.969302,0.946887,1.051671,0.937157,1.093788,1.244083,0.974577,1.041285,0.943011,1.022216,1.163364,0.914762,0.830351,0.105418,0.209480,0.251147,0.854337,0.878727,0.639380,0.588468,0.675353,0.733322,0.387894,0.257685,0.799698,0.648080,0.374166,0.231370,1.450293,1.240334,0.578212,0.635076,1.045882,0.534648
1.451250,1.176059,1.104561,1.155202,0.442089,0.449325,1.361753,1.423840,0.480745,0.490960,1.108342,1.643177,1.407714,0.000000,0.943781,1.087200,1.047200,1.096532,1.172152,1.122040,0.042359,0.414551,0.960687,0.799202,0.291437,0.771460,0.227329,0.346637,0.721955,0.690911,0.240447,0.754605,0.992940,1.271315,0.410302,0.205498,0.463451,0.655812,0.108218,0.483138,0.188252,0.636716,1.291779,1.193219,1.113299,0.431440,1.289790,1.218735,1.064643,1.164791,1.270529,1.162092,1.147158,0.915424,1.212123,1.120583,1.127550,1.180786,1.228728,0.953328,1.281109,1.225593,1.137722,1.266219,0.960807,1.114265,1.264699,0.893146,0.847147,-0.070764,0.099184,0.274372,0.934545,0.952676,0.646087,0.629973,0.587496,0.747537,0.490725,0.269354,0.684668,0.580093,0.296421,0.191442,1.406246,1.140647,0.561810,0.709048,0.757421,0.350865
0.858304,0.787997,0.706301,0.755598,1.009501,0.916974,0.830077,0.796720,1.088011,0.894705,0.868032,0.897729,1.122649,0.943781,0.000000,1.220060,0.740908,0.644161,0.763883,0.806657,0.245977,0.423835,0.807242,0.631614,0.707880,0.891695,0.575114,0.768660,0.612581,0.562963,0.333151,0.617736,0.890684,0.858758,0.483425,0.158254,0.391467,0.579289,0.182165,0.608547,0.239962,0.581477,0.893194,0.796807,0.775097,0.487118,0.763799,0.781543,0.738369,0.786998,0.957008,0.827681,0.802878,0.671730,0.876490,0.838263,0.778713,0.737311,0.800699,0.722414,0.864275,0.952226,0.816961,0.759149,0.775432,0.823363,0.981602,0.845850,0.724705,0.163290,0.200918,0.258944,0.665587,0.670645,0.565494,0.479840,0.488431,0.524280,0.347932,0.241585,0.696806,0.638406,0.388210,0.301232,1.127707,1.077630,0.635350,0.573156,0.964283,0.499855
0.910656,0.945658,0.885330,1.007046,0.837064,0.893146,0.988268,1.038072,0.912122,0.914179,0.885295,1.077044,1.173778,1.087200,1.220060,0.000000,0.907533,0.756423,0.966543,1.011843,0.133953,0.382343,0.873489,0.808921,0.660139,1.028712,0.441435,0.673081,0.688818,0.615076,0.362294,0.655207,0.848063,0.879813,0.469398,0.155834,0.496590,0.570056,0.223482,0.545890,0.229760,0.557871,1.046127,0.877929,0.879775,0.471483,0.909056,0.981276,0.858647,0.936628,1.083084,0.936919,0.948188,0.897158,1.004506,1.043799,0.867968,0.799034,0.786416,0.874789,0.795097,1.127311,0.791461,0.876842,0.781831,0.831641,1.105265,1.050708,0.877792,0.233408,0.203059,0.281678,0.758017,0.834107,0.671187,0.576336,0.707042,0.718569,0.371808,0.230105,0.797474,0.625861,0.485065,0.295618,1.253149,1.252588,0.626387,0.669274,1.038901,0.633231
1.232856,1.395313,0.851316,0.810543,0.397145,0.357041,1.028153,0.949713,0.449348,0.395100,0.963903,1.210560,1.008497,1.047200,0.740908,0.907533,0.000000,1.388112,1.306686,1.269835,0.210182,0.265900,0.635874,0.523315,0.268725,0.645615,0.106507,0.239545,1.032163,0.958588,0.396695,0.811760,0.844951,0.997292,0.320375,0.159687,0.561777,0.563125,0.321303,0.519549,0.380653,0.592539,1.104783,1.025515,1.044402,0.447281,1.183715,1.174402,0.950726,1.026526,0.897793,0.885849,0.958834,0.860070,1.056576,1.066824,1.219027,1.182622,0.932706,0.889057,0.796263,1.011470,1.183904,1.381971,0.581957,0.612719,0.960086,0.713322,0.937287,0.170174,0.169125,0.191597,0.893726,0.961914,0.745764,0.611732,0.841183,0.791276,0.400719,0.286835,0.982306,0.666184,0.434890,0.274352,0.940027,0.857370,0.621883,0.491454,0.730029,0.415746
1.268365,1.379338,0.756903,0.734469,0.312851,0.251367,0.975837,0.890718,0.331410,0.258604,0.797576,1.148155,0.851606,1.096532,0.644161,0.756423,1.388112,0.000000,1.159740,1.251943,0.116380,0.334018,0.611342,0.393012,0.114524,0.520209,0.087545,0.203237,0.749268,0.867379,0.268426,0.740954,0.965512,1.189123,0.328770,0.221550,0.405777,0.677221,0.121772,0.549307,0.311426,0.664858,1.132239,1.131586,1.072951,0.478183,1.208463,1.173283,0.999637,1.042373,0.868003,0.893562,0.974350,0.797439,0.897426,0.979553,1.427847,1.387839,1.069834,0.829981,0.927303,0.936942,1.331583,1.528174,0.576723,0.653843,0.962613,0.654886,1.014910,0.044364,0.041117,0.163034,0.921963,0.887389,0.595749,0.546247,0.532906,0.668724,0.579906,0.336866,0.883465,0.734672,0.357580,0.280961,0.940013,0.782270,0.525982,0.522687,0.494699,0.271793
1.438555,1.430174,1.185042,1.100897,0.410151,0.413650,1.364142,1.297464,0.452270,0.438767,1.079025,1.270157,1.193618,1.172152,0.763883,0.966543,1.306686,1.159740,0.000000,1.653137,0.131830,0.280970,0.840413,0.710184,0.252587,0.656486,0.132606,0.266637,0.836428,0.725077,0.285558,0.698296,0.934796,1.134078,0.458935,0.220346,0.591245,0.623075,0.211794,0.522595,0.270519,0.622746,1.289116,1.089341,1.179874,0.463073,1.299470,1.272391,1.055282,1.126528,1.072410,0.953438,1.154396,1.081147,1.110062,1.131638,1.226250,1.120865,0.957407,0.952998,0.898667,1.184720,1.017677,1.272452,0.739577,0.752872,1.158778,0.882113,1.070186,0.112386,0.083908,0.172213,0.914735,0.997038,0.681036,0.674571,0.834220,0.870236,0.454648,0.262101,0.841350,0.593854,0.286399,0.195067,1.159443,0.991997,0.490275,0.550987,0.798727,0.514168
1.316441,1.575056,1.038448,1.106076,0.485745,0.465960,1.221529,1.179981,0.527158,0.441554,0.832933,1.166968,1.102702,1.122040,0.806657,1.011843,1.269835,1.251943,1.653137,0.000000,0.148222,0.323757,0.831337,0.656516,0.269092,0.640521,0.200990,0.337511,0.764315,0.734779,0.261749,0.698200,1.023455,1.197436,0.482937,0.229852,0.538474,0.711764,0.216432,0.639717,0.306272,0.743022,1.252242,1.092621,1.135057,0.582130,1.234658,1.234793,1.017052,1.074516,1.013861,0.927519,1.131559,1.038471,1.094320,1.166274,1.382460,1.141855,0.948292,1.058185,0.868250,1.234489,1.103239,1.356500,0.622925,0.717917,1.165063,0.950138,1.357088,0.245548,0.065330,0.142140,0.885507,0.927775,0.609907,0.633107,0.704016,0.773417,0.498316,0.289857,1.025259,0.741756,0.373354,0.315737,1.188592,1.065354,0.555467,0.584518,0.807020,0.583772
0.089222,0.152632,0.122351,0.110470,0.269247,0.216586,0.096862,0.104093,0.233730,0.174122,0.189447,0.125649,0.165124,0.042359,0.245977,0.133953,0.210182,0.116380,0.131830,0.148222,0.000000,0.174483,0.176265,0.181825,0.422440,0.247076,0.233294,0.233409,0.523310,0.603986,0.611059,0.370938,0.287808,0.164769,0.190034,0.032335,0.127681,0.227428,0.281513,0.539589,0.411473,0.245086,0.156758,0.139442,0.137530,0.390060,0.197041,0.191874,0.134847,0.110231,0.152367,0.115892,0.071951,0.094371,0.092485,0.126432,0.109816,0.028421,0.131692,0.125108,0.116472,0.191720,0.275459,0.143645,0.021549,0.112900,0.074958,0.118160,0.086745,0.365721,0.256265,0.053416,0.116137,0.026933,0.136220,-0.057195,0.255367,0.083321,-0.010024,0.312167,0.588634,0.497214,0.280304,0.316277,0.119411,0.252374,0.246179,0.098567,0.252940,0.157720
0.376683,0.326453,0.324539,0.391663,0.310027,0.329443,0.369029,0.372103,0.333460,0.296968,0.232022,0.392776,0.371276,0.414551,0.423835,0.382343,0.265900,0.334018,0.280970,0.323757,0.174483,0.000000,0.372525,0.340890,0.281362,0.352000,0.405635,0.373897,0.360155,0.365999,0.254364,0.307874,0.470555,0.478281,0.170380,0.173051,0.197607,0.406463,-0.046987,0.313163,-0.038175,0.412408,0.373385,0.301633,0.327259,0.274780,0.349694,0.344094,0.342703,0.317701,0.392616,0.361799,0.342573,0.269618,0.316379,0.340300,0.372929,0.362510,0.350779,0.278932,0.454864,0.378497,0.323306,0.337527,0.370330,0.387858,0.414912,0.348248,0.311926,-0.077160,0.017934,0.105502,0.307439,0.314413,0.164949,0.296148,0.121271,0.240332,0.544004,0.513700,0.311492,0.308429,0.166623,0.273183,0.449310,0.380643,0.100411,0.303427,0.232916,0.064761
0.765677,0.699212,1.338764,1.205046,0.407575,0.418072,1.171402,1.133177,0.375536,0.364536,0.816089,0.819144,1.033119,0.960687,0.807242,0.873489,0.635874,0.611342,0.840413,0.831337,0.176265,0.372525,0.000000,1.194503,0.316501,0.759841,0.319346,0.378450,0.536415,0.562505,0.345611,0.798317,0.963834,0.951583,0.625245,0.270432,0.360249,0.599782,0.144626,0.589684,0.357796,0.779121,0.805253,0.757971,0.670659,0.549199,0.774546,0.791890,0.621846,0.659249,0.974081,0.729961,0.771124,0.785796,0.673609,0.684559,0.658536,0.622659,0.668983,0.560097,0.782228,0.834393,0.705607,0.721741,0.943682,0.972256,0.810292,0.697872,0.521465,0.054109,0.139194,0.273947,0.664164,0.613378,0.462340,0.358911,0.413537,0.415552,0.270885,0.299747,0.648893,0.680883,0.385154,0.314715,1.160003,1.148702,0.503072,0.658393,0.687018,0.342985
0.626826,0.579337,1.208914,1.286166,0.398684,0.491110,0.995739,1.129874,0.397331,0.465667,0.701347,0.760670,0.857007,0.799202,0.631614,0.808921,0.523315,0.393012,0.710184,0.656516,0.181825,0.340890,1.194503,0.000000,0.435123,0.861061,0.270052,0.323473,0.533963,0.435800,0.394050,0.672300,0.600284,0.687089,0.509701,0.208916,0.445821,0.387937,0.274346,0.381443,0.217995,0.510028,0.645976,0.518115,0.550213,0.360547,0.636030,0.646987,0.507504,0.557292,0.851948,0.633978,0.663154,0.700541,0.679134,0.620877,0.501876,0.495093,0.490618,0.510174,0.561875,0.766770,0.482227,0.554214,0.736706,0.838697,0.730606,0.756388,0.405496,0.048703,0.175406,0.265545,0.548255,0.595561,0.528881,0.442277,0.628758,0.563927,0.205412,0.297200,0.468118,0.359072,0.245443,0.171909,0.864846,0.945759,0.322256,0.528941,0.776750,0.460694
0.255880,0.311876,0.268440,0.316512,0.965632,1.035754,0.279519,0.306343,0.977397,0.966783,0.316034,0.376753,0.440801,0.291437,0.707880,0.660139,0.268725,0.114524,0.252587,0.269092,0.422440,0.281362,0.316501,0.435123,0.000000,0.755902,0.605965,0.717521,0.485753,0.363822,0.432385,0.288878,0.310368,0.236855,0.255083,-0.049609,0.381080,0.183423,0.336704,0.299228,0.059703,0.139728,0.332647,0.221395,0.278632,0.258109,0.239636,0.273159,0.300109,0.304546,0.429079,0.359467,0.315374,0.283956,0.432472,0.407305,0.223171,0.197543,0.304511,0.397114,0.269295,0.447094,0.247931,0.246329,0.229973,0.293058,0.439209,0.555024,0.293142,0.363003,0.246689,0.144837,0.188777,0.243802,0.370346,0.339951,0.495236,0.392660,0.057940,0.217185,0.423961,0.290270,0.291616,0.202875,0.376971,0.475020,0.328059,0.267498,0.683357,0.551956
0.651572,0.640504,0.747557,0.849562,0.695174,0.835438,0.778466,0.853539,0.739806,0.749459,0.707484,0.746625,0.799975,0.771460,0.891695,1.028712,0.645615,0.520209,0.656486,0.640521,0.247076,0.352000,0.759841,0.861061,0.755902,0.000000,0.491029,0.630743,0.631033,0.591679,0.492227,0.763743,0.728410,0.754575,0.514902,0.138986,0.500412,0.418709,0.294264,0.489851,0.287569,0.467446,0.764033,0.678146,0.650634,0.439652,0.652360,0.721765,0.613497,0.663926,0.835963,0.735831,0.652684,0.618928,0.734482,0.723679,0.602789,0.568916,0.592889,0.573360,0.568409,0.781132,0.608399,0.630561,0.622757,0.761710,0.800072,0.858526,0.492618,0.189669,0.247060,0.362717,0.574185,0.613556,0.644212,0.407886,0.614116,0.558035,0.170604,0.193509,0.633262,0.539667,0.461892,0.288245,0.859147,0.925283,0.535408,0.592128,0.807806,0.455221
0.188502,0.169725,0.212733,0.280966,0.741159,0.635553,0.238592,0.222527,0.723613,0.560512,0.172068,0.192143,0.315230,0.227329,0.575114,0.441435,0.106507,0.087545,0.132606,0.200990,0.233294,0.405635,0.319346,0.270052,0.605965,0.491029,0.000000,0.832023,0.277933,0.264642,0.259930,0.178251,0.468935,0.327486,0.332057,0.035288,0.125682,0.271112,0.047008,0.351092,0.024899,0.263599,0.281112,0.201964,0.190862,0.403066,0.147530,0.207069,0.206597,0.196092,0.318420,0.254428,0.273757,0.228033,0.223492,0.254424,0.177156,0.109754,0.202403,0.217322,0.270605,0.307106,0.216402,0.155564,0.260419,0.284366,0.329280,0.388288,0.237764,0.286689,0.153371,0.149026,0.121310,0.100599,0.024843,0.076542,-0.025088,0.032188,0.209381,0.182101,0.381382,0.422992,0.344502,0.295349,0.393510,0.393710,0.237119,0.172830,0.325451,0.218595
0.306742,0.298814,0.285763,0.393207,0.950594,0.934442,0.307646,0.331948,0.908412,0.841878,0.319707,0.329524,0.448124,0.346637,0.768660,0.673081,0.239545,0.203237,0.266637,0.337511,0.233409,0.373897,0.378450,0.323473,0.717521,0.630743,0.832023,0.000000,0.254067,0.276244,0.239901,0.271394,0.527797,0.395579,0.411828,0.099251,0.163989,0.449535,0.075296,0.517550,0.135125,0.394595,0.388847,0.327136,0.299373,0.420896,0.267941,0.332036,0.323509,0.320085,0.463809,0.383434,0.341402,0.298242,0.339038,0.405318,0.332529,0.239191,0.332060,0.347139,0.360823,0.444305,0.329067,0.264605,0.311076,0.400207,0.459831,0.539837,0.395861,0.348141,0.090580,0.110838,0.238640,0.205456,0.206952,0.167246,0.151452,0.179667,0.213129,0.167786,0.461190,0.512913,0.366820,0.355358,0.519499,0.590129,0.374085,0.321768,0.539224,0.415269
0.829773,0.868490,0.658833,0.583952,0.365501,0.353492,0.726762,0.673114,0.397247,0.357111,0.797688,0.858705,0.800336,0.721955,0.612581,0.688818,1.032163,0.749268,0.836428,0.764315,0.523310,0.360155,0.536415,0.533963,0.485753,0.631033,0.277933,0.254067,0.000000,1.237515,0.639733,0.753737,0.659001,0.691697,0.282146,0.099005,0.661776,0.408915,0.438801,0.408711,0.279757,0.402052,0.740077,0.631122,0.717851,0.366481,0.811557,0.775217,0.660221,0.674900,0.654736,0.604656,0.642793,0.571765,0.778684,0.723510,0.741075,0.744635,0.686293,0.634200,0.636644,0.775375,0.788092,0.886858,0.496764,0.484597,0.692969,0.529245,0.617760,0.197769,0.290777,0.239129,0.636628,0.714066,0.619339,0.476078,0.767404,0.649061,0.295848,0.368091,0.888773,0.564003,0.407146,0.195043,0.686936,0.618702,0.513280,0.340408,0.594063,0.328747
0.726412,0.784247,0.585924,0.534942,0.339837,0.264637,0.659372,0.647257,0.334561,0.286634,0.715130,0.819252,0.689234,0.690911,0.562963,0.615076,0.958588,0.867379,0.725077,0.734779,0.603986,0.365999,0.562505,0.435800,0.363822,0.591679,0.264642,0.276244,1.237515,0.000000,0.765820,0.972474,0.845188,0.786068,0.359019,0.124663,0.442552,0.535607,0.404278,0.687584,0.522527,0.586316,0.740389,0.737435,0.675727,0.579818,0.772479,0.805562,0.614207,0.616341,0.601729,0.569257,0.547784,0.479919,0.604546,0.658073,0.723308,0.693482,0.705783,0.569077,0.627563,0.740088,0.924974,0.875587,0.456340,0.546839,0.583676,0.451285,0.547851,0.281655,0.276693,0.223645,0.626973,0.589453,0.557734,0.279229,0.541559,0.442815,0.256924,0.380412,1.112791,0.963805,0.664347,0.447408,0.666119,0.673325,0.586164,0.398402,0.470062,0.234152
0.223212,0.263508,0.276595,0.236807,0.246593,0.257606,0.256694,0.264416,0.229449,0.219287,0.335910,0.292187,0.328008,0.240447,0.333151,0.362294,0.396695,0.268426,0.285558,0.261749,0.611059,0.254364,0.345611,0.394050,0.432385,0.492227,0.259930,0.239901,0.639733,0.765820,0.000000,0.728711,0.358295,0.291191,0.213820,0.066110,0.349676,0.234497,0.514144,0.513946,0.575864,0.459129,0.250745,0.214487,0.240801,0.472108,0.273776,0.293851,0.187445,0.184524,0.235843,0.189800,0.149594,0.161668,0.232066,0.240092,0.172526,0.161267,0.198297,0.183977,0.197439,0.301759,0.339285,0.271536,0.227376,0.229849,0.187692,0.212089,0.124944,0.297597,0.271982,0.172498,0.203235,0.198856,0.303351,0.064547,0.347309,0.160456,0.184530,0.546598,0.631199,0.550897,0.759973,0.646178,0.297659,0.352573,0.309043,0.217829,0.314680,0.175338
0.665269,0.669366,0.679675,0.649558,0.284670,0.288180,0.723790,0.764591,0.275765,0.267299,0.772823,0.749226,0.704693,0.754605,0.617736,0.655207,0.811760,0.740954,0.698296,0.698200,0.370938,0.307874,0.798317,0.672300,0.288878,0.763743,0.178251,0.271394,0.753737,0.972474,0.728711,0.000000,0.816630,0.875289,0.479438,0.168660,0.362166,0.499226,0.466737,0.648442,0.707003,0.836342,0.641442,0.710290,0.598693,0.591422,0.681940,0.719947,0.482943,0.555770,0.611161,0.537902,0.477415,0.438165,0.555875,0.578653,0.632471,0.625672,0.614040,0.438506,0.581747,0.695293,0.800815,0.747782,0.572818,0.733150,0.543447,0.453157,0.414628,0.158450,0.215402,0.328103,0.685041,0.593779,0.611080,0.234876,0.440134,0.340961,0.103662,0.271122,0.823415,0.849485,0.608592,0.482925,0.766600,0.818425,0.639192,0.448392,0.482578,0.218989
1.016972,0.939221,0.904852,0.895159,0.551805,0.480674,1.015631,0.956237,0.518686,0.410779,0.799412,0.939863,0.928267,0.992940,0.890684,0.848063,0.844951,0.965512,0.934796,1.023455,0.287808,0.470555,0.963834,0.600284,0.310368,0.728410,0.468935,0.527797,0.659001,0.845188,0.358295,0.816630,0.000000,1.580850,0.630933,0.294226,0.348329,0.840457,0.081585,0.867289,0.417266,0.919407,1.135868,1.138467,0.967924,0.844754,1.029560,1.087931,0.899607,0.907381,1.019304,0.927370,0.916028,0.792621,0.753902,0.855334,0.975490,0.860607,0.970916,0.740003,1.012341,1.000103,1.165760,1.055859,0.767341,0.927404,0.998058,0.767330,0.767783,0.144709,0.095070,0.217934,0.725539,0.652436,0.423237,0.339820,0.343197,0.454201,0.429278,0.357514,1.009994,1.112547,0.440014,0.397256,1.220780,1.102868,0.538111,0.542739,0.554625,0.249614
1.323408,1.175194,1.026550,1.045177,0.449999,0.426597,1.229355,1.190947,0.453153,0.374170,0.919369,1.160205,1.008738,1.271315,0.858758,0.879813,0.997292,1.189123,1.134078,1.197436,0.164769,0.478281,0.951583,0.687089,0.236855,0.754575,0.327486,0.395579,0.691697,0.786068,0.291191,0.875289,1.580850,0.000000,0.557421,0.303714,0.398894,0.831195,0.093021,0.700724,0.328441,0.866923,1.348669,1.317012,1.188489,0.669149,1.286447,1.274669,1.075507,1.111055,1.162539,1.075124,1.117301,0.911847,0.947539,0.999708,1.219697,1.170137,1.116814,0.802319,1.165249,1.109676,1.304926,1.305208,0.808760,1.019136,1.177047,0.827077,0.885542,-0.016557,0.051987,0.236140,0.888541,0.826194,0.542653,0.497783,0.440361,0.585701,0.512868,0.340652,0.849145,0.827400,0.322892,0.289829,1.311911,1.098117,0.495885,0.579320,0.556260,0.242782
0.392895,0.377586,0.541582,0.554195,0.384895,0.404033,0.532479,0.572090,0.334757,0.344818,0.434907,0.380535,0.511009,0.410302,0.483425,0.469398,0.320375,0.328770,0.458935,0.482937,0.190034,0.170380,0.625245,0.509701,0.255083,0.514902,0.332057,0.411828,0.282146,0.359019,0.213820,0.479438,0.630933,0.557421,0.000000,0.285162,0.272946,0.412922,0.156825,0.524022,0.355067,0.493535,0.435003,0.452711,0.371695,0.494236,0.400464,0.487915,0.344516,0.355800,0.505851,0.373360,0.397556,0.424820,0.346688,0.417912,0.393323,0.294385,0.397678,0.370957,0.419234,0.524088,0.432402,0.379335,0.460030,0.598236,0.466316,0.521239,0.350253,0.232279,0.131395,0.207622,0.390165,0.305646,0.253334,0.158424,0.212001,0.232538,0.105556,0.150876,0.518411,0.601507,0.305571,0.321433,0.588865,0.645498,0.296391,0.349457,0.451743,0.369013
0.225902,0.194560,0.230165,0.245438,0.019127,0.045550,0.214774,0.204110,-0.026074,-0.045525,0.137958,0.159067,0.189532,0.205498,0.158254,0.155834,0.159687,0.221550,0.220346,0.229852,0.032335,0.173051,0.270432,0.208916,-0.049609,0.138986,0.035288,0.099251,0.099005,0.124663,0.066110,0.168660,0.294226,0.303714,0.285162,0.000000,0.140062,0.330438,-0.122425,0.221941,0.029806,0.227875,0.225717,0.228120,0.233148,0.195470,0.251133,0.236410,0.228831,0.216649,0.226766,0.203041,0.184266,0.169716,0.137067,0.166357,0.249007,0.212134,0.228540,0.180202,0.242042,0.184457,0.215679,0.197918,0.286301,0.300764,0.223286,0.214256,0.161083,-0.095876,0.048539,0.090742,0.193337,0.153858,0.075033,0.075031,0.006971,0.090574,0.281151,0.215795,0.169565,0.198339,0.046240,0.071634,0.266194,0.210285,0.077966,0.189946,0.085142,0.022426
0.513597,0.565731,0.499957,0.461522,0.260362,0.336330,0.509798,0.512211,0.301918,0.330626,0.451756,0.515212,0.560709,0.463451,0.391467,0.496590,0.561777,0.405777,0.591245,0.538474,0.127681,0.197607,0.360249,0.445821,0.381080,0.500412,0.125682,0.163989,0.661776,0.442552,0.349676,0.362166,0.348329,0.398894,0.272946,0.140062,0.000000,0.290952,0.379171,0.202702,0.140735,0.248914,0.467947,0.377328,0.476892,0.171259,0.514640,0.511547,0.442204,0.470898,0.474420,0.441007,0.446670,0.449823,0.619883,0.540838,0.484392,0.517208,0.443877,0.547015,0.368786,0.543631,0.431428,0.539136,0.406437,0.357725,0.550078,0.518540,0.468643,0.149514,0.214637,0.142752,0.366947,0.487140,0.489716,0.461601,0.701655,0.554631,0.197029,0.196991,0.443527,0.240464,0.247970,0.094851,0.496230,0.446073,0.284944,0.284565,0.539100,0.379956
0.663596,0.657431,0.579825,0.633988,0.353614,0.339413,0.620872,0.617367,0.332992,0.282775,0.487469,0.615648,0.633293,0.655812,0.579289,0.570056,0.563125,0.677221,0.623075,0.711764,0.227428,0.406463,0.599782,0.387937,0.183423,0.418709,0.271112,0.449535,0.408915,0.535607,0.234497,0.499226,0.840457,0.831195,0.412922,0.330438,0.290952,0.000000,-0.012255,0.767137,0.290754,0.774649,0.714786,0.699186,0.665147,0.588301,0.710555,0.723704,0.606239,0.619978,0.660540,0.623296,0.601022,0.544680,0.544112,0.654001,0.712683,0.638761,0.670604,0.583239,0.681217,0.677605,0.697424,0.704267,0.503761,0.610406,0.656577,0.561356,0.625167,0.079031,0.012866,0.105724,0.499950,0.428818,0.258211,0.302409,0.249267,0.348215,0.470365,0.379862,0.715069,0.751546,0.358131,0.422820,0.751536,0.731869,0.390806,0.436807,0.420904,0.227634
0.102045,0.215812,0.148549,0.095064,0.149100,0.135769,0.101635,0.131131,0.162569,0.175738,0.209755,0.176692,0.176296,0.108218,0.182165,0.223482,0.321303,0.121772,0.211794,0.216432,0.281513,-0.046987,0.144626,0.274346,0.336704,0.294264,0.047008,0.075296,0.438801,0.404278,0.514144,0.466737,0.081585,0.093021,0.156825,-0.122425,0.379171,-0.012255,0.000000,0.200108,0.492213,0.246251,0.099918,0.102634,0.153567,0.338061,0.172201,0.172837,0.087788,0.103768,0.126918,0.099570,0.043121,0.071035,0.307511,0.226767,0.135795,0.139333,0.113921,0.198308,-0.043026,0.185548,0.178272,0.184773,0.040308,0.051133,0.090410,0.173072,0.068638,0.383481,0.152217,0.062214,0.051374,0.107643,0.404993,0.158646,0.435850,0.099604,-0.249154,0.070413,0.348444,0.217580,0.466143,0.339436,0.117151,0.212549,0.334710,0.107479,0.293214,0.277824
0.457780,0.516883,0.467809,0.532077,0.492250,0.404748,0.485365,0.513696,0.430634,0.349462,0.454604,0.451036,0.545654,0.483138,0.608547,0.545890,0.519549,0.549307,0.522595,0.639717,0.539589,0.313163,0.589684,0.381443,0.299228,0.489851,0.351092,0.517550,0.408711,0.687584,0.513946,0.648442,0.867289,0.700724,0.524022,0.221941,0.202702,0.767137,0.200108,0.000000,0.646193,0.892818,0.589142,0.612446,0.516664,0.928098,0.560109,0.621551,0.497180,0.487077,0.564385,0.504882,0.433587,0.431735,0.396925,0.550277,0.538274,0.402168,0.521376,0.482627,0.473807,0.595161,0.671269,0.515338,0.355341,0.545703,0.507015,0.526325,0.491119,0.414810,0.120714,0.104269,0.381213,0.272787,0.236794,0.110804,0.221346,0.190247,0.319314,0.410213,1.009762,1.129639,0.694906,0.784537,0.647768,0.806875,0.528031,0.474777,0.473570,0.319505
0.187857,0.243861,0.280185,0.198290,0.120280,0.044156,0.235100,0.247112,0.063773,0.004304,0.349045,0.199799,0.258772,0.188252,0.239962,0.229760,0.380653,0.311426,0.270519,0.306272,0.411473,-0.038175,0.357796,0.217995,0.059703,0.287569,0.024899,0.135125,0.279757,0.522527,0.575864,0.707003,0.417266,0.328441,0.355067,0.029806,0.140735,0.290754,0.492213,0.646193,0.000000,0.677003,0.256912,0.369177,0.261743,0.660914,0.286554,0.348696,0.188693,0.212293,0.237171,0.213570,0.142007,0.198356,0.164398,0.184560,0.207541,0.153979,0.207149,0.161133,0.137792,0.256486,0.396160,0.281540,0.148766,0.245205,0.094714,0.113774,0.092389,0.359452,0.123290,0.111138,0.222764,0.141164,0.270575,-0.128936,0.189215,-0.033276,-0.162178,0.169080,0.623506,0.753926,0.688540,0.639161,0.279576,0.401004,0.373562,0.128137,0.224591,0.091437
0.607042,0.607205,0.641395,0.634661,0.332982,0.274030,0.638591,0.643171,0.277564,0.217401,0.506883,0.564295,0.616181,0.636716,0.581477,0.557871,0.592539,0.664858,0.622746,0.743022,0.245086,0.412408,0.779121,0.510028,0.139728,0.467446,0.263599,0.394595,0.402052,0.586316,0.459129,0.836342,0.919407,0.866923,0.493535,0.227875,0.248914,0.774649,0.246251,0.892818,0.677003,0.000000,0.625452,0.666047,0.592714,0.883241,0.642659,0.640407,0.525556,0.540202,0.643582,0.555525,0.538158,0.511758,0.495819,0.544496,0.635518,0.544479,0.583509,0.463274,0.593967,0.623508,0.690847,0.649504,0.508022,0.618435,0.539446,0.464419,0.497028,0.134049,-0.061176,0.051444,0.489546,0.384081,0.314617,0.206111,0.196932,0.191951,0.389205,0.523065,0.817176,0.943861,0.587356,0.753121,0.806269,0.823649,0.454542,0.434354,0.388149,0.196688
1.430667,1.397086,1.036640,1.056832,0.515380,0.495901,1.194723,1.185942,0.545460,0.493700,1.016782,1.234239,1.150673,1.291779,0.893194,1.046127,1.104783,1.132239,1.289116,1.252242,0.156758,0.373385,0.805253,0.645976,0.332647,0.764033,0.281112,0.388847,0.740077,0.740389,0.250745,0.641442,1.135868,1.348669,0.435003,0.225717,0.467947,0.714786,0.099918,0.589142,0.256912,0.625452,0.000000,1.754370,1.827637,0.632290,1.767136,1.739488,1.674860,1.660134,1.534411,1.500207,1.486089,1.306674,1.284672,1.354254,1.336777,1.254760,1.198919,1.086901,1.144246,1.215640,1.207832,1.312753,0.739435,0.846334,1.399962,1.048996,1.039554,0.077933,0.062880,0.178275,0.826963,0.897351,0.619301,0.564963,0.677189,0.821922,0.493001,0.270940,0.848701,0.666385,0.293713,0.199061,1.281522,1.134162,0.451709,0.582437,0.727893,0.391365
1.225404,1.153713,0.869353,0.868614,0.414045,0.371301,1.034014,1.027138,0.440728,0.374829,0.979663,1.081135,1.012064,1.193219,0.796807,0.877929,1.025515,1.131586,1.089341,1.092621,0.139442,0.301633,0.757971,0.518115,0.221395,0.678146,0.201964,0.327136,0.631122,0.737435,0.214487,0.710290,1.138467,1.317012,0.452711,0.228120,0.377328,0.699186,0.102634,0.612446,0.369177,0.666047,1.754370,0.000000,1.571481,0.706076,1.519273,1.625166,1.418227,1.514622,1.248453,1.341592,1.156915,1.044216,1.056572,1.138540,1.173148,1.134288,1.183546,0.961659,1.090807,1.074317,1.235360,1.224755,0.727261,0.868871,1.120992,0.858873,0.840222,0.060985,0.028839,0.197718,0.804632,0.809316,0.593828,0.433588,0.535190,0.633585,0.369267,0.180679,0.803053,0.728875,0.312463,0.229183,1.152279,1.050399,0.485047,0.533425,0.589484,0.268790
1.326453,1.312719,0.871355,0.863283,0.427985,0.412292,1.018166,1.002222,0.469193,0.398943,0.924680,1.084029,0.981792,1.113299,0.775097,0.879775,1.044402,1.072951,1.179874,1.135057,0.137530,0.327259,0.670659,0.550213,0.278632,0.650634,0.190862,0.299373,0.717851,0.675727,0.240801,0.598693,0.967924,1.188489,0.371695,0.233148,0.476892,0.665147,0.153567,0.516664,0.261743,0.592714,1.827637,1.571481,0.000000,0.626475,1.769731,1.598511,1.895409,1.846451,1.310747,1.446878,1.326021,1.190246,1.256905,1.291317,1.248574,1.225417,1.148209,1.045559,1.039182,1.057458,1.106082,1.206463,0.648311,0.732380,1.234664,0.949041,0.958131,0.015484,0.032511,0.165075,0.752388,0.859174,0.591682,0.543141,0.671841,0.799659,0.489841,0.269901,0.745840,0.560642,0.233380,0.165539,1.077309,0.923720,0.410349,0.497581,0.608530,0.330867
0.419651,0.485370,0.428713,0.435689,0.423883,0.312185,0.420008,0.426690,0.362289,0.228574,0.370576,0.365393,0.461785,0.431440,0.487118,0.471483,0.447281,0.478183,0.463073,0.582130,0.390060,0.274780,0.549199,0.360547,0.258109,0.439652,0.403066,0.420896,0.366481,0.579818,0.472108,0.591422,0.844754,0.669149,0.494236,0.195470,0.171259,0.588301,0.338061,0.928098,0.660914,0.883241,0.632290,0.706076,0.626475,0.000000,0.588086,0.640872,0.590530,0.559514,0.579767,0.576584,0.468549,0.493491,0.443477,0.550729,0.490373,0.362393,0.500884,0.533035,0.417778,0.529862,0.587083,0.488957,0.299535,0.428724,0.454953,0.544590,0.389037,0.501776,0.013579,0.039539,0.232694,0.203655,0.196375,0.064011,0.188021,0.083273,0.230001,0.413817,0.866355,0.965650,0.629556,0.749300,0.583055,0.692001,0.383360,0.333054,0.332008,0.230941
1.442473,1.412627,0.991202,0.970260,0.368821,0.364599,1.141901,1.143526,0.400790,0.369309,1.014433,1.251230,1.091805,1.289790,0.763799,0.909056,1.183715,1.208463,1.299470,1.234658,0.197041,0.349694,0.774546,0.636030,0.239636,0.652360,0.147530,0.267941,0.811557,0.772479,0.273776,0.681940,1.029560,1.286447,0.400464,0.251133,0.514640,0.710555,0.172201,0.560109,0.286554,0.642659,1.767136,1.519273,1.769731,0.588086,0.000000,1.797150,1.639744,1.644247,1.390330,1.417459,1.345284,1.170066,1.318235,1.341494,1.327992,1.322736,1.240685,1.092386,1.123938,1.174818,1.260131,1.408161,0.758969,0.852256,1.266475,0.929349,0.969793,0.012480,0.056980,0.174914,0.857045,0.936314,0.625390,0.585933,0.736347,0.839067,0.499290,0.302882,0.847077,0.620798,0.250465,0.171317,1.192630,1.033046,0.453532,0.567741,0.669078,0.321549
1.314930,1.335016,1.025981,1.029279,0.415269,0.414790,1.175171,1.197832,0.446562,0.417513,1.001484,1.203677,1.094418,1.218735,0.781543,0.981276,1.174402,1.173283,1.272391,1.234793,0.191874,0.344094,0.791890,0.646987,0.273159,0.721765,0.207069,0.332036,0.775217,0.805562,0.293851,0.719947,1.087931,1.274669,0.487915,0.236410,0.511547,0.723704,0.172837,0.621551,0.348696,0.640407,1.739488,1.625166,1.598511,0.640872,1.797150,0.000000,1.432804,1.580286,1.347894,1.394363,1.243632,1.215876,1.215515,1.396587,1.274996,1.215182,1.158554,1.095690,1.054172,1.217968,1.196872,1.327842,0.747572,0.868870,1.237461,1.008351,0.970629,0.119352,0.123160,0.216890,0.846230,0.909267,0.636887,0.543777,0.729310,0.812419,0.432879,0.258274,0.909938,0.714478,0.335193,0.236073,1.211051,1.134289,0.484099,0.598505,0.707593,0.395906
1.213443,1.211978,0.819384,0.830834,0.460278,0.432135,0.956313,0.933020,0.492821,0.429212,0.856543,1.011904,0.944683,1.064643,0.738369,0.858647,0.950726,0.999637,1.055282,1.017052,0.134847,0.342703,0.621846,0.507504,0.300109,0.613497,0.206597,0.323509,0.660221,0.614207,0.187445,0.482943,0.899607,1.075507,0.344516,0.228831,0.442204,0.606239,0.087788,0.497180,0.188693,0.525556,1.674860,1.418227,1.895409,0.590530,1.639744,1.432804,0.000000,1.891985,1.410806,1.548975,1.393154,1.251538,1.218932,1.293349,1.161147,1.152913,1.190985,1.059719,1.009731,0.984245,1.014721,1.110803,0.617644,0.684182,1.209099,0.927912,0.911061,0.012664,0.029790,0.158065,0.723279,0.802597,0.564588,0.545467,0.616058,0.767844,0.521482,0.272014,0.680711,0.504989,0.195882,0.116692,1.005222,0.888269,0.362693,0.492905,0.581824,0.324844
