0.000000,0.711122,0.141942,0.102746,0.272920,0.184395,0.242590,0.057192,-0.045677,-0.091158,0.106971,-0.039997,0.235439,0.246962,-0.092622,0.010181,0.378869,0.180089,0.563879,0.550084,0.283607,0.156957,0.172432,0.102769,-0.085357,-0.076211,0.090372,-0.053254,0.032689,-0.086137,-0.012160,0.012770,0.369420,0.301644,-0.037527,0.088211,-0.141489,-0.116342,-0.049302,-0.093454,-0.176546,-0.126747,0.175334,0.147447,-0.011878,-0.056713,0.297173,0.147406,0.092765,0.000300,0.047527,-0.070143,0.414719,0.238551,0.087608,0.217582,1.011509,0.589852,0.766215,0.434633,0.420707,0.100272,0.379207,0.170289,-0.076019,-0.089785,0.429922,0.178433,0.657404,0.418078,0.032253,-0.025549,0.176032,0.127801,0.474469,0.236979,0.317047,0.259620,-0.031807,-0.194950,0.164970,0.096156,0.029668,0.079665,0.059220,0.038607,0.016153,0.127105,0.259071,0.199856
0.711122,0.000000,-0.209634,-0.119808,0.185414,0.129809,-0.084517,0.088224,-0.183166,-0.065334,0.190284,0.159880,0.165842,0.159609,-0.090331,-0.063890,0.287543,0.328586,0.477970,0.596279,0.160860,0.215574,-0.083393,-0.209243,-0.293453,-0.326274,-0.090614,-0.196653,0.121104,0.185542,-0.071030,-0.118321,0.370546,0.513936,-0.247361,-0.112968,-0.169953,-0.007470,-0.062095,-0.062163,-0.105094,-0.030670,0.263794,0.412617,0.007941,0.118791,0.301088,0.322591,0.295462,0.352142,-0.050861,0.170723,0.264538,0.367683,0.024582,0.376950,0.680576,1.184075,0.815147,0.935531,0.369524,0.523438,0.419160,0.632495,-0.336833,0.011798,0.218985,0.208626,0.454564,0.400684,0.010207,-0.059183,0.215021,0.312789,0.354261,0.340468,0.240431,0.233567,0.056893,-0.031377,0.165002,0.284050,0.085133,0.132263,-0.212003,-0.004662,-0.010825,0.106406,0.030930,0.161761
0.141942,-0.209634,0.000000,0.776599,0.642644,0.368497,0.869642,0.190446,0.356375,0.148859,0.016271,-0.345945,0.237445,-0.133320,0.241172,0.183889,-0.439538,-0.294736,0.479743,0.236290,0.158786,-0.027480,0.825897,0.582779,0.585834,0.620387,0.681211,0.512881,-0.561599,-0.604772,0.254509,0.362837,0.021911,0.039729,0.662815,0.640866,0.026657,-0.021401,0.101810,-0.060297,-0.194657,-0.250261,0.479661,0.172361,0.363044,0.019727,0.381512,0.282389,0.193861,-0.049622,0.489004,0.115120,0.358205,0.222588,0.329388,0.110823,-0.109471,-0.053175,-0.096215,-0.264710,0.049018,-0.309567,-0.430878,-0.649024,0.573572,-0.048204,0.781283,0.564972,0.373586,0.483749,0.213014,0.173427,0.177100,-0.201660,0.219472,0.194598,0.109817,0.170171,-0.166651,-0.096809,-0.451130,-0.291096,-0.227545,-0.268635,0.331767,0.097344,-0.063858,-0.119945,0.811809,0.322548
0.102746,-0.119808,0.776599,0.000000,0.452026,0.522006,0.710187,0.515516,0.333419,0.305030,0.085989,0.143324,0.148209,0.133079,0.287905,0.460970,-0.334078,-0.166154,0.445452,0.412186,0.127887,0.102127,0.888513,1.150198,0.455123,0.651752,0.537773,0.553165,-0.395070,-0.197439,0.475778,0.580109,0.220874,0.164316,0.556600,0.661411,0.210702,0.213303,0.221811,0.109818,-0.052165,0.008986,0.435380,0.240685,0.410816,0.160953,0.389705,0.339683,0.236643,0.058913,0.446840,0.206089,0.370868,0.132646,0.459289,0.211807,-0.113350,-0.127626,-0.043681,-0.056371,-0.072796,-0.070439,-0.186112,-0.334405,0.529503,0.368082,0.531119,0.634135,0.268067,0.382513,0.312984,0.249992,0.035198,-0.082311,0.229519,0.243057,0.197727,0.311595,-0.222569,-0.061801,-0.356204,-0.249537,-0.138843,-0.019610,0.362074,0.474772,0.014575,-0.058901,0.653425,0.648913
0.272920,0.185414,0.642644,0.452026,0.000000,0.377837,0.361098,0.269173,0.422787,0.107341,0.057889,-0.105627,0.226388,-0.140972,0.163821,0.327385,-0.151254,0.026083,0.579292,0.399703,0.329883,0.221463,0.451661,0.327099,0.464642,0.395146,0.749818,0.372072,-0.235747,-0.197629,0.362961,0.263914,0.096240,0.330617,0.417820,0.530177,0.059319,0.131760,0.175508,0.123243,0.013128,-0.068034,0.590160,0.394044,0.481699,0.438494,0.418788,0.437251,0.473565,0.266174,0.360821,0.332816,0.500556,0.460425,0.247682,0.276743,0.063953,0.249516,0.140091,0.149105,0.214717,0.096934,-0.080080,-0.135118,0.406527,0.196694,0.873001,0.796419,0.596149,0.605991,0.393192,0.245518,0.428804,0.215060,0.345302,0.425165,0.180566,0.445791,0.114025,0.084593,-0.034399,0.125275,0.091535,-0.060712,0.326029,0.414000,0.010039,0.132135,0.560293,0.526693
0.184395,0.129809,0.368497,0.522006,0.377837,0.000000,0.295048,0.065486,0.250161,0.614366,0.016428,0.121356,0.007761,0.163273,0.329328,0.432440,0.012405,-0.097044,0.345953,0.411699,0.572133,0.501435,0.552640,0.300260,0.218316,0.524196,0.338884,0.227934,-0.101371,-0.014690,0.291715,0.532893,0.377796,0.269543,0.330577,0.483728,0.029627,0.061171,0.180890,0.097829,-0.150818,-0.163129,0.560780,0.542120,0.380216,0.185502,0.557347,0.444012,0.412513,0.084019,0.505631,0.300653,0.283478,0.400487,0.405034,0.499995,0.157296,0.052754,0.276851,0.221582,0.086574,0.041842,-0.062632,-0.036684,0.206681,0.216684,0.531614,0.396283,0.121661,0.397731,0.311862,0.349761,0.237775,0.110178,0.513038,0.229081,0.428873,0.378167,-0.227085,-0.331917,0.038355,-0.115673,0.042536,-0.020880,0.355041,0.276358,-0.022159,0.148125,0.487252,0.555456
0.242590,-0.084517,0.869642,0.710187,0.361098,0.295048,0.000000,0.500187,0.440576,0.305822,0.447809,0.112373,0.610353,0.227861,0.330468,0.186693,-0.279761,-0.169849,0.426488,0.326968,0.125183,-0.028781,0.700797,0.473488,0.182120,0.249875,0.331950,0.288256,-0.268705,-0.251488,0.079292,0.224394,0.109866,0.158644,0.262139,0.336134,0.008764,0.004477,0.047080,-0.124757,-0.217848,-0.155567,0.229167,0.091122,0.073587,-0.111486,0.183518,0.129874,0.125833,-0.111173,0.359193,0.101154,0.292431,0.018284,0.245673,0.075082,-0.113066,-0.071567,0.115330,-0.066742,0.442380,0.066288,-0.042831,-0.174705,0.505772,0.187148,0.538243,0.382677,0.196101,0.370255,0.211472,0.244769,0.099661,-0.075264,0.239406,0.147213,0.209474,0.152022,-0.206123,-0.115516,-0.343698,-0.241686,-0.130506,-0.047350,0.254969,0.081184,0.008508,-0.125893,0.628487,0.364255
0.057192,0.088224,0.190446,0.515516,0.269173,0.065486,0.500187,0.000000,0.231508,0.106074,0.340789,0.466500,0.491859,0.301015,-0.020038,0.240787,-0.145532,0.100110,0.244095,0.277048,-0.152724,-0.051022,0.089988,0.383506,0.010538,-0.036307,0.243860,0.335855,-0.057224,0.116883,0.218983,0.102983,0.132180,0.519100,-0.042112,0.010781,0.154499,0.205657,0.025347,0.230436,0.212939,0.160947,0.158156,0.073875,0.124569,0.247104,0.124222,0.135234,0.377116,0.303825,0.250310,0.397159,0.290735,-0.037931,0.178646,-0.053955,-0.120986,-0.004632,-0.024063,0.059137,0.442461,0.397261,0.191578,0.188472,0.149115,0.481153,0.087138,0.398333,0.201971,0.043443,0.157917,-0.034068,-0.050729,0.056282,-0.101817,0.210188,-0.125860,0.044663,0.166801,0.346950,-0.117348,0.039579,0.034345,0.060269,0.041457,0.197172,0.049915,-0.003832,0.149558,0.332496
-0.045677,-0.183166,0.356375,0.333419,0.422787,0.250161,0.440576,0.231508,0.000000,0.703961,0.291016,0.206202,0.559747,0.052397,0.648832,0.579883,-0.131911,0.111147,-0.094247,-0.207407,0.254972,0.088133,0.317802,0.090983,0.457553,0.358886,0.208223,0.218118,-0.149575,-0.021156,0.228272,0.116350,-0.085126,-0.068611,0.599308,0.526681,0.387810,0.320753,0.438496,0.354568,0.236134,0.181904,0.277633,0.260411,0.266773,0.328317,0.152458,0.210326,0.294960,0.276654,0.616839,0.607456,0.304357,0.199022,0.418476,0.239127,-0.344709,-0.124222,-0.019055,-0.037979,0.156793,0.090215,-0.109542,-0.158879,0.719220,0.460882,0.440231,0.497320,0.020355,0.232758,0.481164,0.461278,0.143813,0.128071,0.020449,0.100585,0.330743,0.355892,-0.046240,-0.026125,0.024302,0.038605,0.117771,0.016694,0.433647,0.483402,0.131592,0.071211,0.486036,0.544810
-0.091158,-0.065334,0.148859,0.305030,0.107341,0.614366,0.305822,0.106074,0.703961,0.000000,0.264826,0.344418,0.308795,0.202972,0.678874,0.541411,-0.036108,0.079146,-0.012711,0.012475,0.360345,0.310605,0.383764,0.020996,0.167303,0.301788,0.010668,0.059341,-0.064864,0.160259,0.121358,0.230672,0.105196,0.016458,0.309283,0.338748,0.239362,0.235998,0.379804,0.266581,0.026106,0.087993,0.291596,0.429050,0.170294,0.161911,0.264364,0.271153,0.277868,0.230402,0.552951,0.459134,0.142476,0.200783,0.373582,0.448247,-0.279204,-0.154945,0.152029,0.177562,0.103753,0.208232,-0.021331,0.041505,0.402397,0.438386,0.260447,0.231925,-0.141228,0.208196,0.414168,0.485933,0.157302,0.125215,0.309442,0.029896,0.417337,0.307648,-0.191027,-0.200311,0.079409,0.013963,0.182191,0.148379,0.353224,0.257370,0.134960,0.187671,0.400022,0.568139
0.106971,0.190284,0.016271,0.085989,0.057889,0.016428,0.447809,0.340789,0.291016,0.264826,0.000000,0.468186,0.818581,0.249628,0.412268,0.187822,0.040471,0.127741,0.240916,0.179264,0.083500,0.012089,0.112544,-0.051163,-0.098740,-0.158167,-0.192436,-0.205039,0.158924,0.227626,0.012438,0.016476,0.034562,0.157341,-0.062247,-0.054331,-0.002034,0.033854,0.021412,-0.116872,0.001396,-0.006217,-0.068127,0.092206,-0.221747,-0.014960,-0.160150,-0.068588,0.071517,0.081672,0.011374,0.276050,0.041189,-0.102085,-0.109710,0.000318,-0.106179,0.010408,0.120640,0.117335,0.489008,0.495195,0.301453,0.297090,0.155673,0.302339,0.063215,0.135764,-0.124115,0.022705,0.298712,0.361063,0.098141,0.202531,0.082656,0.059063,0.225851,0.161596,-0.059278,-0.023816,-0.022522,0.042706,0.063671,0.066931,0.039932,0.140724,-0.113196,-0.026989,0.069935,0.151876
-0.039997,0.159880,-0.345945,0.143324,-0.105627,0.121356,0.112373,0.466500,0.206202,0.344418,0.468186,0.000000,0.250056,0.456030,0.266460,0.381055,0.141795,0.391268,-0.107343,0.106281,0.171202,0.326116,0.113839,0.129952,-0.121075,-0.078060,-0.251719,-0.129639,0.201014,0.689672,0.298079,0.277687,0.309695,0.295004,-0.050977,-0.003787,0.183108,0.257619,0.185662,0.200265,0.206171,0.184498,-0.134180,0.139430,-0.065367,0.161162,-0.064994,-0.028419,0.182800,0.219880,0.093704,0.329997,0.017470,-0.143704,0.085296,0.128436,-0.123713,0.027995,0.203740,0.285700,0.168504,0.593822,0.342801,0.587750,0.130893,0.753922,-0.089028,0.124811,-0.198503,-0.015715,0.382580,0.398419,-0.018603,0.265216,-0.014163,0.031080,0.263724,0.388906,-0.116254,0.062859,0.053729,0.196023,0.092417,0.248343,-0.027669,0.408109,-0.174416,0.103013,-0.128281,0.309223
0.235439,0.165842,0.237445,0.148209,0.226388,0.007761,0.610353,0.491859,0.559747,0.308795,0.818581,0.250056,0.000000,0.434311,0.408302,0.335077,0.067619,0.146387,0.257114,0.143495,0.052989,-0.083308,0.178036,0.015368,-0.003807,-0.171987,0.031100,-0.017606,0.083677,-0.026621,-0.020262,-0.147678,-0.037155,0.202904,0.054795,0.053223,-0.025104,-0.034457,0.070419,0.046678,0.038356,-0.027884,0.083709,0.075421,-0.161292,-0.015773,0.023668,0.048339,0.227516,0.190906,0.327229,0.436911,0.487478,0.084132,0.113099,0.033433,-0.060619,0.058676,0.153655,0.084308,0.799306,0.323093,0.217379,0.053186,0.285007,0.228388,0.245293,0.295562,0.142107,0.147491,0.154765,0.121446,0.107523,0.047421,0.040422,-0.055570,0.065165,0.035651,0.144199,0.053172,0.055165,0.041172,0.181613,0.071701,0.166182,0.090451,0.093850,0.128261,0.368767,0.270317
0.246962,0.159609,-0.133320,0.133079,-0.140972,0.163273,0.227861,0.301015,0.052397,0.202972,0.249628,0.456030,0.434311,0.000000,0.158131,0.412112,0.302413,0.071307,0.177512,0.269475,0.163704,0.100903,0.204023,0.201772,-0.162136,-0.036593,-0.085755,-0.072989,0.353561,0.200942,0.032588,0.075398,0.386144,0.304150,-0.226804,-0.117416,-0.023992,-0.023034,-0.025372,0.008460,0.014590,0.113048,0.000048,0.032298,-0.151037,-0.239321,0.150559,0.057131,0.073835,-0.045139,0.171926,0.114651,0.380739,-0.054465,0.248741,0.086620,0.238431,-0.090845,0.354065,0.171326,0.473800,0.106438,0.489889,0.239862,-0.080958,0.128066,-0.024141,-0.071715,-0.040133,-0.104430,0.005915,-0.044976,0.122482,0.168186,0.241738,-0.009712,0.212545,0.049142,-0.093555,-0.271834,0.306681,-0.146732,0.149259,0.166834,0.301251,0.052942,0.104205,0.054558,0.101875,0.109820
-0.092622,-0.090331,0.241172,0.287905,0.163821,0.329328,0.330468,-0.020038,0.648832,0.678874,0.412268,0.266460,0.408302,0.158131,0.000000,0.613410,-0.065532,0.051399,0.012634,-0.085378,0.393184,0.237105,0.457516,0.128741,0.396913,0.423483,0.117339,0.079676,0.114148,0.186637,0.208708,0.220616,0.092509,-0.111869,0.470750,0.434676,0.330543,0.300879,0.490029,0.240407,0.162337,0.185087,0.251473,0.297145,0.067387,0.113525,0.151317,0.254772,0.115606,0.010411,0.526846,0.393295,0.226612,0.152030,0.316964,0.367459,-0.243816,-0.049579,0.036780,0.018770,0.022142,0.053674,-0.002898,-0.039973,0.696907,0.386868,0.309611,0.241150,-0.113653,0.217087,0.522310,0.508655,0.353196,0.192017,0.195601,0.077503,0.504284,0.333814,-0.111961,-0.153387,0.037007,-0.012554,0.305671,0.177278,0.593952,0.539783,0.109140,0.051531,0.440272,0.535550
0.010181,-0.063890,0.183889,0.460970,0.327385,0.432440,0.186693,0.240787,0.579883,0.541411,0.187822,0.381055,0.335077,0.412112,0.613410,0.000000,0.121214,0.175670,0.033374,0.050085,0.456525,0.331712,0.493530,0.416239,0.489078,0.505640,0.288582,0.281974,0.118027,0.216266,0.507425,0.457661,0.188529,0.072798,0.501267,0.483974,0.361370,0.327207,0.438741,0.372469,0.308443,0.273250,0.382241,0.369583,0.330763,0.359004,0.297435,0.337032,0.422575,0.251495,0.674809,0.543594,0.457672,0.285354,0.441464,0.313552,-0.092692,-0.125027,0.058808,0.032360,0.054567,0.042275,0.134537,-0.116635,0.562408,0.564944,0.315864,0.414237,0.040705,0.227008,0.551309,0.392114,0.268095,0.282597,0.232479,0.085931,0.354371,0.364174,0.066239,-0.052873,0.243561,0.069572,0.333755,0.247790,0.622340,0.721727,0.244503,0.278776,0.394178,0.575641
0.378869,0.287543,-0.439538,-0.334078,-0.151254,0.012405,-0.279761,-0.145532,-0.131911,-0.036108,0.040471,0.141795,0.067619,0.302413,-0.065532,0.121214,0.000000,0.621521,-0.117493,0.034483,0.241845,0.246246,-0.253719,-0.176821,-0.081025,-0.200080,-0.282114,-0.163657,0.733589,0.416556,-0.026090,-0.099857,0.319001,0.060011,-0.214555,-0.240097,0.100414,0.057972,0.080776,0.143721,0.331987,0.222580,-0.090845,-0.002093,-0.082058,0.029109,-0.073837,-0.121498,0.011542,0.022476,-0.085142,-0.136518,0.131425,-0.055868,-0.102886,-0.176047,0.609286,0.311208,0.324403,0.215918,0.128029,0.011429,0.602456,0.326995,-0.165053,-0.083807,-0.064901,-0.153341,0.035911,-0.032130,-0.033496,0.047190,0.185243,0.280052,0.019288,-0.278115,0.046911,-0.030406,0.259504,0.077556,0.922153,0.441564,0.467360,0.381832,0.053955,0.153425,0.234382,0.281507,-0.267109,-0.200562
0.180089,0.328586,-0.294736,-0.166154,0.026083,-0.097044,-0.169849,0.100110,0.111147,0.079146,0.127741,0.391268,0.146387,0.071307,0.051399,0.175670,0.621521,0.000000,-0.123955,-0.009868,0.162648,0.260472,-0.131239,-0.071393,0.083325,-0.059932,-0.116011,0.062279,0.468957,0.681706,0.188249,0.014191,0.230053,0.218922,-0.070081,-0.105503,0.318106,0.358711,0.364797,0.369155,0.493148,0.463185,0.082979,0.181106,0.144702,0.352403,0.003401,0.073594,0.297839,0.499589,0.036470,0.182814,0.148167,0.130761,0.012465,-0.068871,0.209159,0.417001,0.214314,0.240023,0.017588,0.145759,0.430326,0.460263,-0.039096,0.139735,0.009479,0.115265,0.055774,0.096632,0.289402,0.257204,0.200804,0.377090,-0.249840,-0.176512,0.039228,0.193926,0.411526,0.399972,0.507763,1.025506,0.417031,0.516211,-0.104440,0.265197,0.103111,0.170113,-0.279370,-0.072523
0.563879,0.477970,0.479743,0.445452,0.579292,0.345953,0.426488,0.244095,-0.094247,-0.012711,0.240916,-0.107343,0.257114,0.177512,0.012634,0.033374,-0.117493,-0.123955,0.000000,1.253849,0.135622,0.117642,0.502505,0.406114,-0.050507,0.096739,0.405110,0.135554,-0.143265,-0.218621,0.123874,0.174331,0.229732,0.443063,-0.008728,0.128209,-0.306330,-0.214101,-0.137841,-0.256130,-0.376053,-0.317096,0.373802,0.224286,0.103034,-0.071237,0.401911,0.295533,0.207577,0.005468,0.033146,-0.021381,0.526300,0.304988,0.121941,0.212271,0.344064,0.285146,0.364551,0.296729,0.342106,0.075797,0.112083,-0.039057,-0.034047,-0.164326,0.528144,0.350134,0.662099,0.523786,-0.012898,-0.118288,0.228930,0.098155,0.529225,0.393705,0.098092,0.177076,-0.022979,-0.094303,-0.181340,-0.132446,-0.023583,0.001802,0.130812,-0.007066,-0.070453,0.074871,0.484836,0.274629
0.550084,0.596279,0.236290,0.412186,0.399703,0.411699,0.326968,0.277048,-0.207407,0.012475,0.179264,0.106281,0.143495,0.269475,-0.085378,0.050085,0.034483,-0.009868,1.253849,0.000000,0.168991,0.221767,0.466871,0.439666,-0.183579,-0.009799,0.194106,0.025329,-0.078752,-0.072776,0.135161,0.220936,0.362169,0.573643,-0.129870,0.043706,-0.326148,-0.217784,-0.216441,-0.238045,-0.359643,-0.307299,0.307117,0.238867,0.079000,-0.002217,0.342726,0.221998,0.236532,0.095984,-0.055130,-0.069915,0.470639,0.306985,0.080105,0.210729,0.457006,0.375081,0.524486,0.483460,0.266372,0.201920,0.187186,0.184883,-0.171585,-0.097746,0.411316,0.283859,0.588100,0.513232,-0.025441,-0.071000,0.118304,0.119382,0.524666,0.269957,0.119648,0.208570,-0.105753,-0.126750,-0.100943,-0.062111,-0.037062,0.084586,-0.061214,0.008762,-0.095899,0.106107,0.246130,0.207484
0.283607,0.160860,0.158786,0.127887,0.329883,0.572133,0.125183,-0.152724,0.254972,0.360345,0.083500,0.171202,0.052989,0.163704,0.393184,0.456525,0.241845,0.162648,0.135622,0.168991,0.000000,0.788208,0.409593,0.057832,0.341186,0.442918,0.211609,0.086655,0.083023,0.199962,0.271900,0.434372,0.347864,0.140365,0.383945,0.464401,0.169177,0.168625,0.487811,0.213205,0.014475,-0.010119,0.374147,0.469985,0.207161,0.208707,0.412948,0.336622,0.211362,0.069329,0.408621,0.315788,0.268310,0.318397,0.364848,0.476950,0.238759,0.222141,0.324252,0.234954,0.050646,0.067388,0.035804,0.052055,0.267596,0.185495,0.559212,0.362139,0.122270,0.422826,0.637171,0.552765,0.420756,0.334366,0.412919,0.044569,0.641175,0.512938,-0.097029,-0.239014,0.259492,0.149616,0.206629,0.204495,0.315354,0.349102,-0.008968,0.282208,0.274177,0.339679
0.156957,0.215574,-0.027480,0.102127,0.221463,0.501435,-0.028781,-0.051022,0.088133,0.310605,0.012089,0.326116,-0.083308,0.100903,0.237105,0.331712,0.246246,0.260472,0.117642,0.221767,0.788208,0.000000,0.190327,0.088815,0.149271,0.282903,0.145067,0.148608,0.205019,0.433963,0.331533,0.426761,0.524437,0.291907,0.157609,0.242108,0.281984,0.306532,0.500194,0.376511,0.233163,0.145019,0.345719,0.532912,0.253494,0.316013,0.487456,0.428698,0.360123,0.210057,0.335663,0.203321,0.202239,0.285288,0.387124,0.462878,0.197282,0.246633,0.324126,0.320197,-0.038995,0.077019,0.204266,0.203889,0.069336,0.129704,0.357843,0.281189,0.092529,0.329569,0.637144,0.638091,0.470233,0.421143,0.307472,0.166740,0.510872,0.658665,-0.027791,-0.014500,0.282823,0.387103,0.216899,0.367298,0.219028,0.421910,-0.073825,0.205091,0.036706,0.257901
0.172432,-0.083393,0.825897,0.888513,0.451661,0.552640,0.700797,0.089988,0.317802,0.383764,0.112544,0.113839,0.178036,0.204023,0.457516,0.493530,-0.253719,-0.131239,0.502505,0.466871,0.409593,0.190327,0.000000,0.887888,0.442697,0.679701,0.426072,0.215198,-0.333199,-0.230944,0.454243,0.657827,0.217763,0.179219,0.651039,0.721329,-0.060385,-0.040500,0.147693,-0.056643,-0.311609,-0.230701,0.323078,0.195450,0.266946,0.014624,0.294446,0.227350,0.192994,-0.013802,0.396736,0.138441,0.419857,0.243866,0.290918,0.324600,-0.043283,-0.035918,0.195407,0.056120,0.031637,-0.041420,-0.288124,-0.265290,0.603273,0.212199,0.721495,0.505642,0.232815,0.490502,0.309601,0.339177,0.131372,-0.055121,0.437634,0.065754,0.278628,0.334759,-0.325078,-0.297814,-0.287574,-0.216845,-0.085124,-0.018743,0.349784,0.302133,-0.022245,0.119733,0.757399,0.528100
0.102769,-0.209243,0.582779,1.150198,0.327099,0.300260,0.473488,0.383506,0.090983,0.020996,-0.051163,0.129952,0.015368,0.201772,0.128741,0.416239,-0.176821,-0.071393,0.406114,0.439666,0.057832,0.088815,0.887888,0.000000,0.466301,0.561024,0.487709,0.494948,-0.216076,-0.151068,0.663975,0.623134,0.237014,0.230700,0.385886,0.418188,0.117569,0.085121,0.086869,0.073909,0.017463,0.005063,0.195992,-0.029014,0.369519,0.095195,0.199697,0.097662,0.179323,0.000626,0.174799,-0.076698,0.375980,-0.002926,0.257419,-0.005284,0.022209,-0.137672,-0.073521,-0.154813,-0.153412,-0.250332,-0.081429,-0.287436,0.355219,0.123102,0.335663,0.378597,0.295070,0.211039,0.192233,0.123613,-0.034772,-0.133776,0.098265,0.090472,-0.017535,0.206287,-0.118127,-0.030076,-0.240378,-0.180591,-0.086827,0.002447,0.307098,0.408574,0.049021,0.025642,0.391725,0.283808
-0.085357,-0.293453,0.585834,0.455123,0.464642,0.218316,0.182120,0.010538,0.457553,0.167303,-0.098740,-0.121075,-0.003807,-0.162136,0.396913,0.489078,-0.081025,0.083325,-0.050507,-0.183579,0.341186,0.149271,0.442697,0.466301,0.000000,0.779685,0.496565,0.587364,-0.103538,-0.025701,0.731126,0.513018,0.088845,-0.080336,0.854902,0.701583,0.594281,0.436323,0.468422,0.373078,0.399644,0.215387,0.405953,0.216772,0.620678,0.394846,0.284031,0.325355,0.255159,0.147411,0.492622,0.235179,0.197049,0.114704,0.404031,0.074859,-0.166464,-0.065420,-0.259036,-0.375480,-0.280412,-0.362214,-0.181857,-0.356680,0.670867,0.148310,0.457438,0.503051,0.204561,0.295219,0.515307,0.382339,0.259983,0.074186,-0.038250,0.140365,0.124834,0.308084,-0.020751,0.051171,-0.038032,0.003401,0.051294,-0.084196,0.431257,0.505961,0.091849,-0.091090,0.427193,0.285492
-0.076211,-0.326274,0.620387,0.651752,0.395146,0.524196,0.249875,-0.036307,0.358886,0.301788,-0.158167,-0.078060,-0.171987,-0.036593,0.423483,0.505640,-0.200080,-0.059932,0.096739,-0.009799,0.442918,0.282903,0.679701,0.561024,0.779685,0.000000,0.541642,0.427694,-0.151897,-0.068412,0.577124,0.767833,0.291857,0.015874,0.746230,0.818061,0.299445,0.273028,0.477315,0.227775,0.018500,0.089735,0.578939,0.407593,0.590424,0.307105,0.427719,0.437427,0.228877,0.046662,0.557725,0.229749,0.160614,0.253574,0.484200,0.308048,-0.080788,-0.188858,-0.102368,-0.206303,-0.291566,-0.341064,-0.244718,-0.356941,0.539996,0.227635,0.581026,0.502292,0.039311,0.224333,0.529426,0.476367,0.298939,0.086708,0.267862,0.114693,0.399702,0.441704,-0.144282,-0.210426,-0.063939,-0.116031,-0.020562,-0.028536,0.619437,0.482090,-0.008312,-0.037753,0.411118,0.345268
0.090372,-0.090614,0.681211,0.537773,0.749818,0.338884,0.331950,0.243860,0.208223,0.010668,-0.192436,-0.251719,0.031100,-0.085755,0.117339,0.288582,-0.282114,-0.116011,0.405110,0.194106,0.211609,0.145067,0.426072,0.487709,0.496565,0.541642,0.000000,0.880969,-0.177001,-0.191083,0.255150,0.228886,0.096591,0.132578,0.348595,0.415611,0.208477,0.229175,0.265750,0.183959,0.015767,0.096641,0.575649,0.287051,0.489199,0.215027,0.574402,0.588635,0.312120,0.109436,0.414574,0.186975,0.400286,0.332720,0.445246,0.198991,0.032390,0.008304,-0.012071,-0.087204,0.031560,-0.253990,-0.171445,-0.321481,0.270740,-0.010111,0.531262,0.482633,0.427776,0.337488,0.261055,0.021676,0.359543,0.038463,0.197001,0.364973,0.044109,0.117285,0.137055,0.163233,-0.115736,-0.034779,0.020535,0.009218,0.415269,0.160776,0.128099,-0.063548,0.542943,0.354501
-0.053254,-0.196653,0.512881,0.553165,0.372072,0.227934,0.288256,0.335855,0.218118,0.059341,-0.205039,-0.129639,-0.017606,-0.072989,0.079676,0.281974,-0.163657,0.062279,0.135554,0.025329,0.086655,0.148608,0.215198,0.494948,0.587364,0.427694,0.880969,0.000000,-0.097857,0.019993,0.237260,0.118406,0.103065,-0.046861,0.327681,0.318369,0.689056,0.633944,0.440581,0.449525,0.494948,0.450601,0.541943,0.288654,0.662589,0.283981,0.531391,0.532604,0.368440,0.202080,0.461201,0.118068,0.260888,0.047934,0.590792,-0.013474,-0.110355,-0.064065,-0.185733,-0.217643,-0.187633,-0.420867,-0.038714,-0.318378,0.243806,-0.030421,0.283392,0.376130,0.303432,0.307918,0.336954,0.098040,0.160840,0.046875,-0.095845,0.325442,0.000599,0.074163,0.126661,0.364795,-0.141065,0.044952,0.048849,0.178081,0.357096,0.233587,0.255376,-0.194043,0.314742,0.281152
0.032689,0.121104,-0.561599,-0.395070,-0.235747,-0.101371,-0.268705,-0.057224,-0.149575,-0.064864,0.158924,0.201014,0.083677,0.353561,0.114148,0.118027,0.733589,0.468957,-0.143265,-0.078752,0.083023,0.205019,-0.333199,-0.216076,-0.103538,-0.151897,-0.177001,-0.097857,0.000000,0.830566,-0.010971,-0.143672,0.217374,0.078484,-0.415088,-0.411591,0.135410,0.130728,0.191920,0.192972,0.388382,0.390213,-0.119952,-0.022804,-0.138334,0.051653,-0.120134,-0.030488,0.019773,-0.021191,-0.124335,-0.062664,0.000473,-0.137100,-0.104019,-0.111455,0.249488,0.103565,0.139392,0.101388,0.203336,0.018692,0.764053,0.418273,-0.201808,-0.067448,-0.223501,-0.232565,-0.149968,-0.209488,0.036999,0.022754,0.232700,0.401378,-0.123189,-0.176806,-0.061883,-0.111722,0.586290,0.261355,0.909995,0.506839,0.870227,0.620620,0.136515,0.147393,0.369206,0.269190,-0.340281,-0.230574
-0.086137,0.185542,-0.604772,-0.197439,-0.197629,-0.014690,-0.251488,0.116883,-0.021156,0.160259,0.227626,0.689672,-0.026621,0.200942,0.186637,0.216266,0.416556,0.681706,-0.218621,-0.072776,0.199962,0.433963,-0.230944,-0.151068,-0.025701,-0.068412,-0.191083,0.019993,0.830566,0.000000,0.221658,0.126240,0.284292,0.083626,-0.247688,-0.230640,0.413158,0.435839,0.422997,0.309496,0.484250,0.523822,-0.034680,0.208786,-0.005405,0.249877,0.022903,0.150228,0.174039,0.226273,-0.012978,0.124726,-0.080152,-0.094481,0.060471,0.068883,-0.003216,0.121106,0.141326,0.208887,0.022446,0.240736,0.654149,0.623336,-0.064390,0.262871,-0.224784,-0.087169,-0.170246,-0.017677,0.367445,0.319908,0.173390,0.496886,-0.180585,0.027487,0.117251,0.170843,0.311427,0.469439,0.455807,0.677338,0.529701,0.853269,0.005296,0.315204,0.109112,0.114244,-0.388852,0.009006
-0.012160,-0.071030,0.254509,0.475778,0.362961,0.291715,0.079292,0.218983,0.228272,0.121358,0.012438,0.298079,-0.020262,0.032588,0.208708,0.507425,-0.026090,0.188249,0.123874,0.135161,0.271900,0.331533,0.454243,0.663975,0.731126,0.577124,0.255150,0.237260,-0.010971,0.221658,0.000000,1.082268,0.324981,0.346987,0.511539,0.436836,0.269569,0.168023,0.264856,0.168439,0.215091,0.034492,0.200927,0.145327,0.423547,0.377211,0.194485,0.187089,0.292243,0.191131,0.230640,0.122540,0.226636,0.089286,0.255448,0.089219,-0.016162,-0.004067,-0.103767,-0.147675,-0.158317,-0.078298,0.041032,-0.053055,0.429551,0.274203,0.268601,0.370776,0.198931,0.186792,0.434026,0.341005,0.173308,0.098170,0.047778,0.114876,0.060826,0.434911,0.000725,0.035713,-0.027420,0.035813,0.000050,-0.056596,0.247752,0.507664,-0.209176,0.026230,0.188957,0.209492
0.012770,-0.118321,0.362837,0.580109,0.263914,0.532893,0.224394,0.102983,0.116350,0.230672,0.016476,0.277687,-0.147678,0.075398,0.220616,0.457661,-0.099857,0.014191,0.174331,0.220936,0.434372,0.426761,0.657827,0.623134,0.513018,0.767833,0.228886,0.118406,-0.143672,0.126240,1.082268,0.000000,0.469501,0.298721,0.511945,0.545745,0.105682,0.043553,0.201316,-0.012254,-0.095832,-0.138467,0.231287,0.224581,0.290253,0.174287,0.263813,0.216897,0.118185,-0.041856,0.270117,0.075596,0.134728,0.151239,0.253644,0.184680,0.027755,-0.062264,-0.023578,-0.116281,-0.160927,-0.046090,-0.079207,-0.097849,0.391827,0.293187,0.328120,0.305808,0.081347,0.245598,0.446941,0.422592,0.173186,0.040844,0.261553,0.098496,0.267843,0.488394,-0.275689,-0.181822,-0.145194,-0.110853,-0.189988,-0.104812,0.208324,0.323922,-0.379348,-0.046943,0.226394,0.234589
0.369420,0.370546,0.021911,0.220874,0.096240,0.377796,0.109866,0.132180,-0.085126,0.105196,0.034562,0.309695,-0.037155,0.386144,0.092509,0.188529,0.319001,0.230053,0.229732,0.362169,0.347864,0.524437,0.217763,0.237014,0.088845,0.291857,0.096591,0.103065,0.217374,0.284292,0.324981,0.469501,0.000000,0.608302,0.063367,0.250554,0.223451,0.253274,0.178239,0.108799,0.079605,0.189759,0.325151,0.372561,0.268436,0.204710,0.415516,0.360568,0.265120,0.083185,0.260016,0.066480,0.178478,0.135481,0.284437,0.252014,0.528115,0.335557,0.550833,0.339386,0.123559,0.065768,0.445842,0.398127,-0.037410,0.118224,0.357031,0.260463,0.193546,0.251065,0.274171,0.284163,0.384541,0.396242,0.484515,0.324031,0.491991,0.416274,-0.298707,-0.278849,0.182400,0.024877,-0.060410,0.067291,0.179430,0.233818,-0.126324,-0.188082,-0.055240,0.132394
0.301644,0.513936,0.039729,0.164316,0.330617,0.269543,0.158644,0.519100,-0.068611,0.016458,0.157341,0.295004,0.202904,0.304150,-0.111869,0.072798,0.060011,0.218922,0.443063,0.573643,0.140365,0.291907,0.179219,0.230700,-0.080336,0.015874,0.132578,-0.046861,0.078484,0.083626,0.346987,0.298721,0.608302,0.000000,-0.111246,0.011037,-0.152705,-0.073377,-0.054660,0.072679,-0.069541,-0.092656,0.262304,0.257727,0.180607,0.272983,0.298556,0.232178,0.442984,0.297888,0.115613,0.220231,0.320217,0.254013,0.116918,0.242872,0.389969,0.422414,0.402890,0.444390,0.454356,0.405250,0.308566,0.482077,-0.142439,0.159198,0.309722,0.375525,0.379636,0.189034,0.152375,0.060618,0.247066,0.233832,0.296193,0.225527,0.112816,0.325850,0.075315,-0.077396,0.134737,0.136815,-0.012655,-0.121092,-0.017127,0.087588,-0.193595,0.075839,0.042982,0.095084
-0.037527,-0.247361,0.662815,0.556600,0.417820,0.330577,0.262139,-0.042112,0.599308,0.309283,-0.062247,-0.050977,0.054795,-0.226804,0.470750,0.501267,-0.214555,-0.070081,-0.008728,-0.129870,0.383945,0.157609,0.651039,0.385886,0.854902,0.746230,0.348595,0.327681,-0.415088,-0.247688,0.511539,0.511945,0.063367,-0.111246,0.000000,1.332241,0.346761,0.262695,0.471668,0.298222,0.096385,0.029247,0.394514,0.286185,0.527915,0.406488,0.284112,0.314092,0.254383,0.119675,0.692517,0.398049,0.243684,0.293403,0.395534,0.295973,-0.209729,-0.054284,-0.095650,-0.155820,-0.236951,-0.119653,-0.486979,-0.465512,1.027785,0.401107,0.683147,0.666396,0.123763,0.382405,0.518628,0.474803,0.148882,0.012734,0.121254,0.056074,0.289278,0.387819,-0.237032,-0.164662,-0.211200,-0.127725,-0.083651,-0.159901,0.401263,0.480635,-0.013570,0.055703,0.620969,0.505589
0.088211,-0.112968,0.640866,0.661411,0.530177,0.483728,0.336134,0.010781,0.526681,0.338748,-0.054331,-0.003787,0.053223,-0.117416,0.434676,0.483974,-0.240097,-0.105503,0.128209,0.043706,0.464401,0.242108,0.721329,0.418188,0.701583,0.818061,0.415611,0.318369,-0.411591,-0.230640,0.436836,0.545745,0.250554,0.011037,1.332241,0.000000,0.310156,0.303963,0.460714,0.272549,-0.013389,0.036071,0.490045,0.392655,0.544121,0.491593,0.356573,0.433319,0.299547,0.147314,0.703054,0.492898,0.265050,0.394200,0.462325,0.465983,-0.084511,0.004636,0.099473,0.036270,-0.136355,-0.028200,-0.399427,-0.311103,0.856389,0.505934,0.895686,0.876103,0.216731,0.489861,0.543086,0.462951,0.201775,0.085969,0.334234,0.172691,0.422098,0.485026,-0.320878,-0.268176,-0.221407,-0.153900,-0.099510,-0.142528,0.379547,0.539786,-0.005815,0.044193,0.673858,0.699681
-0.141489,-0.169953,0.026657,0.210702,0.059319,0.029627,0.008764,0.154499,0.387810,0.239362,-0.002034,0.183108,-0.025104,-0.023992,0.330543,0.361370,0.100414,0.318106,-0.306330,-0.326148,0.169177,0.281984,-0.060385,0.117569,0.594281,0.299445,0.208477,0.689056,0.135410,0.413158,0.269569,0.105682,0.223451,-0.152705,0.346761,0.310156,0.000000,1.369852,0.890411,0.825809,1.052451,0.958348,0.292234,0.279967,0.475650,0.423453,0.302271,0.371104,0.244491,0.209326,0.479494,0.229863,0.059051,-0.068984,0.605049,0.027648,-0.186064,-0.065455,-0.162793,-0.190490,-0.256421,-0.189423,0.196349,0.006634,0.390830,0.244151,0.066466,0.187620,0.008847,0.147697,0.634926,0.454755,0.292874,0.364591,-0.168553,0.314691,0.353993,0.375159,-0.032697,0.254627,0.159100,0.205040,0.141850,0.279519,0.442545,0.504657,0.188474,-0.298432,0.035468,0.249830
-0.116342,-0.007470,-0.021401,0.213303,0.131760,0.061171,0.004477,0.205657,0.320753,0.235998,0.033854,0.257619,-0.034457,-0.023034,0.300879,0.327207,0.057972,0.358711,-0.214101,-0.217784,0.168625,0.306532,-0.040500,0.085121,0.436323,0.273028,0.229175,0.633944,0.130728,0.435839,0.168023,0.043553,0.253274,-0.073377,0.262695,0.303963,1.369852,0.000000,0.746749,0.907011,0.924871,1.044353,0.379477,0.439248,0.504266,0.508027,0.314201,0.445624,0.343574,0.370677,0.425177,0.377723,0.060123,0.089702,0.471814,0.118319,-0.211089,0.084490,-0.022986,0.051128,-0.178200,-0.009154,0.179703,0.182975,0.258487,0.344403,0.133907,0.304090,0.025567,0.224053,0.620235,0.461448,0.342400,0.551821,-0.037666,0.446395,0.344216,0.441822,-0.027435,0.288302,0.080201,0.325124,0.170518,0.328919,0.299006,0.551468,0.196844,-0.209549,0.030567,0.394080
-0.049302,-0.062095,0.101810,0.221811,0.175508,0.180890,0.047080,0.025347,0.438496,0.379804,0.021412,0.185662,0.070419,-0.025372,0.490029,0.438741,0.080776,0.364797,-0.137841,-0.216441,0.487811,0.500194,0.147693,0.086869,0.468422,0.477315,0.265750,0.440581,0.191920,0.422997,0.264856,0.201316,0.178239,-0.054660,0.471668,0.460714,0.890411,0.746749,0.000000,0.854939,0.533167,0.541756,0.425098,0.452671,0.404130,0.442744,0.432634,0.503137,0.288086,0.222909,0.625086,0.428788,0.214423,0.150474,0.703188,0.356647,-0.116976,0.026141,0.002552,-0.021460,-0.124228,-0.044329,0.110539,-0.043962,0.493244,0.365991,0.313413,0.369296,0.034436,0.261352,0.788494,0.587500,0.334854,0.303951,-0.063102,0.100446,0.467847,0.514854,0.193148,0.208903,0.332163,0.415187,0.455382,0.523194,0.544173,0.527546,0.265153,0.144625,0.206471,0.305100
-0.093454,-0.062163,-0.060297,0.109818,0.123243,0.097829,-0.124757,0.230436,0.354568,0.266581,-0.116872,0.200265,0.046678,0.008460,0.240407,0.372469,0.143721,0.369155,-0.256130,-0.238045,0.213205,0.376511,-0.056643,0.073909,0.373078,0.227775,0.183959,0.449525,0.192972,0.309496,0.168439,-0.012254,0.108799,0.072679,0.298222,0.272549,0.825809,0.907011,0.854939,0.000000,0.892039,0.713928,0.329664,0.343300,0.448180,0.590562,0.271132,0.342819,0.422674,0.432374,0.505647,0.518066,0.203882,0.108790,0.448496,0.196611,-0.145892,0.073693,-0.047903,0.062234,-0.096842,0.032929,0.105024,0.087674,0.236281,0.362672,0.165271,0.358603,0.040151,0.089909,0.500659,0.343991,0.231905,0.380955,-0.151239,0.120717,0.175300,0.390611,0.251110,0.291523,0.327557,0.485765,0.435949,0.334015,0.316797,0.498132,0.353807,0.216516,0.082851,0.305813
-0.176546,-0.105094,-0.194657,-0.052165,0.013128,-0.150818,-0.217848,0.212939,0.236134,0.026106,0.001396,0.206171,0.038356,0.014590,0.162337,0.308443,0.331987,0.493148,-0.376053,-0.359643,0.014475,0.233163,-0.311609,0.017463,0.399644,0.018500,0.015767,0.494948,0.388382,0.484250,0.215091,-0.095832,0.079605,-0.069541,0.096385,-0.013389,1.052451,0.924871,0.533167,0.892039,0.000000,0.983813,0.064129,0.074162,0.294857,0.406360,0.022112,0.076408,0.244123,0.283591,0.224549,0.179485,0.052393,-0.171038,0.217064,-0.183290,-0.136799,0.022077,-0.245864,-0.180417,-0.157822,-0.140446,0.355804,0.090695,0.172715,0.164154,-0.134253,0.062687,-0.006702,-0.010668,0.385274,0.250272,0.243778,0.415955,-0.360362,0.143295,0.019427,0.188490,0.302303,0.475674,0.377378,0.470106,0.362653,0.318254,0.238164,0.495253,0.260185,-0.018678,-0.175014,0.060786
-0.126747,-0.030670,-0.250261,0.008986,-0.068034,-0.163129,-0.155567,0.160947,0.181904,0.087993,-0.006217,0.184498,-0.027884,0.113048,0.185087,0.273250,0.222580,0.463185,-0.317096,-0.307299,-0.010119,0.145019,-0.230701,0.005063,0.215387,0.089735,0.096641,0.450601,0.390213,0.523822,0.034492,-0.138467,0.189759,-0.092656,0.029247,0.036071,0.958348,1.044353,0.541756,0.713928,0.983813,0.000000,0.118117,0.128920,0.280283,0.342014,0.063362,0.193538,0.175371,0.257411,0.187809,0.195585,-0.021300,-0.026909,0.258148,-0.026627,-0.088010,0.039229,-0.041424,0.029427,-0.118695,-0.052367,0.377321,0.242685,0.111885,0.200687,-0.106330,0.045533,-0.095230,-0.050185,0.362993,0.172950,0.310989,0.581134,-0.193931,0.225444,0.151550,0.111489,0.178583,0.336075,0.319270,0.405709,0.315335,0.436386,0.269250,0.399943,0.372445,-0.164206,-0.140658,0.150230
0.175334,0.263794,0.479661,0.435380,0.590160,0.560780,0.229167,0.158156,0.277633,0.291596,-0.068127,-0.134180,0.083709,0.000048,0.251473,0.382241,-0.090845,0.082979,0.373802,0.307117,0.374147,0.345719,0.323078,0.195992,0.405953,0.578939,0.575649,0.541943,-0.119952,-0.034680,0.200927,0.231287,0.325151,0.262304,0.394514,0.490045,0.292234,0.379477,0.425098,0.329664,0.064129,0.118117,0.000000,1.254764,0.935633,0.588830,1.232439,1.232686,0.798458,0.505974,0.765542,0.468358,0.498782,0.694611,0.781936,0.580209,0.109060,0.231917,0.236613,0.245211,-0.004161,-0.069913,-0.048795,-0.100044,0.162999,0.078483,0.705136,0.711355,0.327189,0.502779,0.452992,0.279498,0.416869,0.292676,0.418429,0.421398,0.366297,0.440177,0.043676,-0.013990,0.037998,0.096605,0.156641,0.156971,0.431373,0.273907,0.160460,0.046198,0.457870,0.394163
0.147447,0.412617,0.172361,0.240685,0.394044,0.542120,0.091122,0.073875,0.260411,0.429050,0.092206,0.139430,0.075421,0.032298,0.297145,0.369583,-0.002093,0.181106,0.224286,0.238867,0.469985,0.532912,0.195450,-0.029014,0.216772,0.407593,0.287051,0.288654,-0.022804,0.208786,0.145327,0.224581,0.372561,0.257727,0.286185,0.392655,0.279967,0.439248,0.452671,0.343300,0.074162,0.128920,1.254764,0.000000,0.684558,0.611100,1.032166,1.237202,0.783854,0.625152,0.640011,0.586003,0.349182,0.670952,0.627319,0.711240,0.091984,0.309164,0.370871,0.447572,0.019722,0.152138,0.052107,0.123909,0.089399,0.240391,0.537108,0.635123,0.199418,0.490765,0.551019,0.428335,0.409762,0.452787,0.457546,0.420633,0.510239,0.555469,-0.004978,-0.018395,0.077406,0.226323,0.160903,0.225522,0.258150,0.320289,0.039248,0.108556,0.289803,0.443863
-0.011878,0.007941,0.363044,0.410816,0.481699,0.380216,0.073587,0.124569,0.266773,0.170294,-0.221747,-0.065367,-0.161292,-0.151037,0.067387,0.330763,-0.082058,0.144702,0.103034,0.079000,0.207161,0.253494,0.266946,0.369519,0.620678,0.590424,0.489199,0.662589,-0.138334,-0.005405,0.423547,0.290253,0.268436,0.180607,0.527915,0.544121,0.475650,0.504266,0.404130,0.448180,0.294857,0.280283,0.935633,0.684558,0.000000,0.917643,0.671312,0.693811,0.933861,0.562047,0.538989,0.300720,0.270929,0.366343,0.571979,0.318926,-0.003331,0.112340,0.079492,0.092569,-0.211892,-0.185773,-0.112853,-0.106991,0.274298,0.148086,0.530730,0.660836,0.245520,0.309609,0.441138,0.281002,0.203293,0.242161,0.191350,0.355710,0.131903,0.361770,0.014556,0.030968,-0.007925,0.097370,0.070500,0.046595,0.346534,0.378878,0.225271,0.034835,0.291873,0.284054
-0.056713,0.118791,0.019727,0.160953,0.438494,0.185502,-0.111486,0.247104,0.328317,0.161911,-0.014960,0.161162,-0.015773,-0.239321,0.113525,0.359004,0.029109,0.352403,-0.071237,-0.002217,0.208707,0.316013,0.014624,0.095195,0.394846,0.307105,0.215027,0.283981,0.051653,0.249877,0.377211,0.174287,0.204710,0.272983,0.406488,0.491593,0.423453,0.508027,0.442744,0.590562,0.406360,0.342014,0.588830,0.611100,0.917643,0.000000,0.321262,0.502175,0.914351,0.858700,0.430556,0.633948,0.177517,0.432161,0.259510,0.340680,-0.042929,0.215554,0.119892,0.274323,-0.070384,0.234284,-0.001351,0.188717,0.279748,0.501944,0.404077,0.730034,0.142207,0.184914,0.506186,0.343400,0.194868,0.408521,0.047879,0.216154,0.077286,0.360048,0.211004,0.210551,0.139377,0.388466,0.285706,0.173169,0.142116,0.583466,0.209737,0.232907,0.019747,0.332118
0.297173,0.301088,0.381512,0.389705,0.418788,0.557347,0.183518,0.124222,0.152458,0.264364,-0.160150,-0.064994,0.023668,0.150559,0.151317,0.297435,-0.073837,0.003401,0.401911,0.342726,0.412948,0.487456,0.294446,0.199697,0.284031,0.427719,0.574402,0.531391,-0.120134,0.022903,0.194485,0.263813,0.415516,0.298556,0.284112,0.356573,0.302271,0.314201,0.432634,0.271132,0.022112,0.063362,1.232439,1.032166,0.671312,0.321262,0.000000,1.413885,0.649910,0.353820,0.776321,0.313219,0.583452,0.626349,1.032315,0.673237,0.222391,0.215565,0.308915,0.246176,0.048180,-0.126571,0.032070,-0.090993,0.062777,-0.017893,0.548438,0.482183,0.446379,0.515949,0.404192,0.204006,0.390468,0.255331,0.477858,0.514925,0.450105,0.472221,-0.053049,-0.048829,0.028586,0.014227,0.041519,0.154519,0.447284,0.127239,-0.016786,-0.050319,0.475119,0.397836
0.147406,0.322591,0.282389,0.339683,0.437251,0.444012,0.129874,0.135234,0.210326,0.271153,-0.068588,-0.028419,0.048339,0.057131,0.254772,0.337032,-0.121498,0.073594,0.295533,0.221998,0.336622,0.428698,0.227350,0.097662,0.325355,0.437427,0.588635,0.532604,-0.030488,0.150228,0.187089,0.216897,0.360568,0.232178,0.314092,0.433319,0.371104,0.445624,0.503137,0.342819,0.076408,0.193538,1.232686,1.237202,0.693811,0.502175,1.413885,0.000000,0.702138,0.496268,0.750121,0.486468,0.462395,0.700681,0.862114,0.730038,0.088122,0.235529,0.279224,0.302156,0.025559,-0.018138,0.069041,0.014187,0.128222,0.111669,0.517148,0.590938,0.363500,0.506361,0.430059,0.202844,0.408790,0.332982,0.382784,0.517137,0.398829,0.387683,0.025014,0.061424,0.013775,0.115763,0.124582,0.219986,0.380506,0.212130,0.073825,-0.064515,0.414681,0.474591
