0.000000,1.365291,0.857218,0.890501,0.413663,0.449717,0.939389,0.857171,0.478298,0.427294,0.737541,0.595971,0.701728,0.537757,0.753626,0.666823,0.597462,0.499904,0.980858,0.949469,0.483102,0.384855,0.469221,0.515551,0.198762,0.056667,0.185627,0.117599,0.474439,0.222646,0.514646,0.429450,0.785716,0.736922,0.052431,0.105846,0.300839,0.392365,0.201441,0.445656,0.170299,0.057953,0.555100,0.512695,0.405175,0.381454,0.570618,0.501624,0.550517,0.576559,0.567815,0.438310,0.577852,0.531589,0.563161,0.666456,1.624536,1.205901,0.849189,0.853672,0.863090,0.820036,0.923225,0.874075,0.343867,0.517635,0.690686,0.617930,0.804307,0.659620,0.548796,0.479386,0.641266,0.445443,0.822956,0.693603,0.811156,0.850316,0.337496,0.317159,0.619939,0.573508,0.568318,0.586179,0.498794,0.497630,0.176168,0.355123,0.899149,0.879668
1.365291,0.000000,0.658787,0.939098,0.353158,0.535904,0.740560,0.942383,0.324894,0.484943,0.602623,0.719798,0.558911,0.581660,0.532260,0.779441,0.592641,0.502930,0.755846,0.895719,0.554199,0.462529,0.369506,0.499804,0.185634,0.085796,0.195327,0.167384,0.480129,0.259980,0.474926,0.403546,0.698016,0.785315,0.068546,0.158233,0.362183,0.460049,0.237479,0.559462,0.200011,0.211607,0.645522,0.672021,0.499742,0.578022,0.663835,0.695429,0.718783,0.779811,0.743224,0.661413,0.705264,0.640608,0.672142,0.795009,1.225361,1.464916,0.878082,1.082729,0.751043,0.947069,0.848131,0.969318,0.197604,0.624510,0.741645,0.789015,0.687538,0.658067,0.648935,0.451257,0.683138,0.610303,0.741163,0.725152,0.830403,0.892339,0.317086,0.407121,0.586049,0.694335,0.575840,0.637091,0.441954,0.569925,0.203189,0.360362,0.802624,0.852002
0.857218,0.658787,0.000000,1.072203,0.656026,0.574057,1.408564,0.930975,0.923808,0.440925,0.585734,0.388946,0.677182,0.436218,1.023701,0.626126,0.290356,0.238069,1.018820,0.952638,0.469679,0.415632,1.143323,0.858487,0.717747,0.505392,0.467181,0.439174,0.286943,0.123725,0.878607,0.720261,0.828507,0.670089,0.282812,0.231302,0.157676,0.219944,0.182954,0.335737,0.112918,-0.090980,0.498831,0.334738,0.388607,0.202288,0.506632,0.393937,0.284158,0.317166,0.339642,0.189614,0.315067,0.405478,0.460055,0.492941,0.721644,0.595230,0.452099,0.414238,0.578303,0.523711,0.523087,0.377980,0.918685,0.558656,0.757177,0.482659,0.711872,0.627112,0.414743,0.427514,0.501723,0.352062,0.587969,0.500545,0.741347,0.715120,0.204374,0.196936,0.450406,0.436184,0.511912,0.521735,0.626925,0.443411,0.071838,0.217272,0.794122,0.707168
0.890501,0.939098,1.072203,0.000000,0.588174,0.805085,1.046302,1.598609,0.728868,0.700000,0.470562,0.701287,0.539541,0.620569,0.725553,0.858305,0.344310,0.317138,0.770517,1.002868,0.562112,0.430682,0.988122,1.245910,0.593966,0.525247,0.535567,0.506960,0.244940,0.101296,0.972181,0.800568,0.885655,0.942603,0.342623,0.524851,0.291424,0.429331,0.251600,0.605407,0.253837,0.091121,0.794694,0.694810,0.744465,0.659144,0.739226,0.759843,0.641492,0.644926,0.654781,0.548393,0.569436,0.645784,0.722719,0.813945,0.800746,0.841627,0.560387,0.765502,0.489568,0.811583,0.657814,0.608563,0.697808,1.055816,1.032554,1.011441,0.639501,0.688083,0.710494,0.477192,0.525804,0.493654,0.723222,0.665853,0.810299,0.897721,0.283603,0.310293,0.529291,0.624567,0.622677,0.641738,0.720765,0.751480,0.179494,0.320546,1.099951,1.011561
0.413663,0.353158,0.656026,0.588174,0.000000,1.041472,0.892314,0.726268,0.867492,0.608566,0.624258,0.572542,0.712561,0.568064,0.759592,0.496045,0.051055,0.023795,0.622036,0.677454,0.504379,0.549863,0.535724,0.436770,0.326428,0.297108,0.629062,0.593170,0.063710,-0.103728,0.477953,0.298130,0.304934,0.318283,0.046268,0.173985,0.132901,0.148250,-0.037139,0.123904,-0.032977,-0.194355,0.417409,0.239475,0.263041,0.187514,0.350899,0.341734,0.377122,0.441233,0.426798,0.334437,0.261495,0.269405,0.473867,0.366408,0.353532,0.204426,0.413228,0.459735,0.595549,0.668052,0.330279,0.262571,0.550818,0.528251,0.453937,0.428785,0.278336,0.378236,0.364661,0.177261,0.359006,0.253353,0.508426,0.429031,0.533880,0.554831,-0.043594,-0.034258,-0.004735,0.050988,0.249441,0.265151,0.255510,0.189046,-0.128477,0.019999,0.447384,0.330699
0.449717,0.535904,0.574057,0.805085,1.041472,0.000000,0.755474,0.894491,0.809957,1.051759,0.556730,0.825583,0.613753,0.801920,0.613180,0.702743,0.172551,0.132673,0.444053,0.587481,0.680158,0.568087,0.541195,0.634522,0.412158,0.372930,0.685674,0.692172,0.034642,-0.062651,0.603809,0.372690,0.298690,0.390886,0.114649,0.320072,0.193922,0.336851,0.104774,0.285304,0.118006,-0.104131,0.559167,0.463791,0.422524,0.458366,0.514645,0.599481,0.606058,0.674591,0.671419,0.599112,0.470598,0.545222,0.631186,0.651125,0.427425,0.361699,0.478573,0.671373,0.528167,0.762185,0.322450,0.288434,0.476507,0.829455,0.555600,0.637375,0.283126,0.414569,0.678380,0.270783,0.373103,0.404716,0.514705,0.542686,0.653098,0.663363,-0.000374,0.075481,0.118552,0.248924,0.259767,0.268996,0.346946,0.360480,-0.024403,0.057177,0.595051,0.536743
0.939389,0.740560,1.408564,1.046302,0.892314,0.755474,0.000000,1.234335,1.028215,0.690512,0.903822,0.684746,1.068702,0.698197,1.124650,0.757832,0.279114,0.232759,1.096916,1.045647,0.496788,0.447510,0.876014,0.713966,0.411486,0.284728,0.378475,0.364511,0.343343,0.093757,0.762287,0.623621,0.727698,0.638563,0.161907,0.182279,0.194801,0.280025,0.141207,0.304876,0.079795,-0.097436,0.572296,0.429423,0.399547,0.275708,0.544564,0.470839,0.500219,0.574774,0.547033,0.400452,0.426297,0.436309,0.595485,0.621941,0.752093,0.568898,0.720128,0.665340,0.951926,0.931792,0.661964,0.534714,0.802555,0.699160,0.797945,0.612328,0.598328,0.599377,0.501559,0.387243,0.524814,0.392206,0.722308,0.556844,0.853733,0.838673,0.126007,0.134230,0.335108,0.322594,0.562152,0.566865,0.504018,0.371333,0.083163,0.249331,0.815476,0.684605
0.857171,0.942383,0.930975,1.598609,0.726268,0.894491,1.234335,0.000000,0.748227,0.881826,0.637572,0.966484,0.739465,0.853179,0.755368,0.937355,0.313268,0.270772,0.778379,1.014263,0.564130,0.505405,0.787787,0.964520,0.401502,0.375002,0.433009,0.462409,0.307021,0.113881,0.831534,0.727351,0.749755,0.860212,0.214822,0.386349,0.278833,0.369982,0.200751,0.513460,0.169200,0.043534,0.781125,0.673925,0.662269,0.614342,0.694697,0.720635,0.700518,0.748251,0.711865,0.605025,0.552991,0.584282,0.761517,0.819837,0.741114,0.723089,0.650812,0.884385,0.669913,1.179997,0.660320,0.648360,0.607564,1.149932,0.891290,0.968798,0.544965,0.613935,0.720758,0.406441,0.537033,0.477758,0.763108,0.622071,0.810102,0.872554,0.214281,0.258678,0.423962,0.495170,0.619126,0.630912,0.541995,0.572722,0.131641,0.262595,0.869895,0.775081
0.478298,0.324894,0.923808,0.728868,0.867492,0.809957,1.028215,0.748227,0.000000,0.867085,0.662395,0.482315,0.866374,0.676665,0.961607,0.533581,0.225799,0.171306,0.557884,0.534102,0.394547,0.291754,0.906055,0.681377,0.583749,0.403871,0.465753,0.428934,0.101529,-0.022072,0.699870,0.510162,0.444106,0.351307,0.185015,0.158345,0.112734,0.067416,0.081565,0.091921,0.056839,-0.305279,0.384215,0.250821,0.298105,0.158563,0.397269,0.311792,0.275898,0.363652,0.344946,0.231767,0.239050,0.276610,0.349696,0.421431,0.419463,0.269509,0.278927,0.305327,0.547659,0.467781,0.315307,0.158290,0.940962,0.559533,0.482835,0.343552,0.363796,0.413810,0.390450,0.268667,0.328037,0.168035,0.459150,0.339594,0.485654,0.500427,0.053873,0.058731,0.221079,0.199750,0.303572,0.274972,0.372866,0.192151,0.016165,0.013463,0.576962,0.472650
0.427294,0.484943,0.440925,0.700000,0.608566,1.051759,0.690512,0.881826,0.867085,0.000000,0.626440,1.026260,0.794121,1.211981,0.602164,0.710236,0.277024,0.218134,0.295694,0.373407,0.392792,0.217878,0.498260,0.568303,0.217064,0.184042,0.275927,0.283806,0.153890,0.007209,0.483003,0.338324,0.202430,0.288017,0.032288,0.215279,0.091963,0.151475,0.118625,0.200567,0.119013,-0.128134,0.465727,0.430858,0.369452,0.451596,0.454442,0.498771,0.577954,0.740077,0.671992,0.640810,0.504029,0.518579,0.528119,0.687073,0.352410,0.310932,0.421813,0.639599,0.516098,0.770165,0.250273,0.236451,0.445221,0.939825,0.412511,0.539996,0.169909,0.284951,0.618383,0.266123,0.244861,0.271376,0.406497,0.353215,0.465492,0.516727,0.033045,0.147500,0.161139,0.259286,0.321707,0.255386,0.310498,0.318609,0.098330,0.055850,0.555599,0.537786
0.737541,0.602623,0.585734,0.470562,0.624258,0.556730,0.903822,0.637572,0.662395,0.626440,0.000000,0.782418,1.730845,0.989343,0.806252,0.551644,0.307602,0.192022,0.753893,0.637427,0.397887,0.365545,0.223464,0.152685,-0.009766,-0.169250,0.101797,0.045310,0.299235,0.055451,0.246486,0.145986,0.359670,0.293415,-0.217254,-0.194162,0.098638,0.137968,0.026677,0.097650,-0.099029,-0.165526,0.359820,0.284874,0.080186,0.092159,0.409484,0.320562,0.481745,0.638269,0.597868,0.470388,0.413856,0.338383,0.513838,0.532581,0.658614,0.443598,0.952303,0.783441,1.559941,0.890999,0.588899,0.510093,0.208246,0.363193,0.476974,0.376754,0.491519,0.518690,0.321281,0.186176,0.371625,0.260886,0.583184,0.503817,0.643222,0.596719,0.005431,0.019900,0.088954,0.063040,0.206580,0.240168,0.019412,0.004296,-0.117723,0.025807,0.430146,0.343104
0.595971,0.719798,0.388946,0.701287,0.572542,0.825583,0.684746,0.966484,0.482315,1.026260,0.782418,0.000000,0.794009,1.515454,0.538605,1.028495,0.355416,0.362307,0.430748,0.578809,0.469694,0.369904,0.312139,0.466413,0.037537,-0.014775,0.233719,0.193030,0.277316,0.142892,0.425693,0.321197,0.302718,0.464507,-0.053221,0.174401,0.220316,0.355552,0.059071,0.291985,-0.007941,-0.051813,0.633075,0.645002,0.401424,0.571351,0.571489,0.663015,0.827966,1.035873,0.889698,0.936251,0.598303,0.580365,0.747973,0.909397,0.515847,0.470515,0.700152,1.055456,0.716353,1.155579,0.535396,0.561250,0.148170,0.849876,0.522705,0.757903,0.252945,0.368949,0.659185,0.232028,0.374667,0.353407,0.578936,0.502980,0.623505,0.632464,0.063936,0.139146,0.209596,0.300057,0.381904,0.424343,0.160373,0.317455,-0.075135,-0.027042,0.540502,0.537912
0.701728,0.558911,0.677182,0.539541,0.712561,0.613753,1.068702,0.739465,0.866374,0.794121,1.730845,0.794009,0.000000,1.039262,0.978309,0.586505,0.265683,0.152109,0.719539,0.628683,0.381376,0.330645,0.345711,0.242811,0.058663,-0.110455,0.081039,0.045978,0.305737,0.034870,0.300642,0.202677,0.335436,0.273686,-0.157019,-0.129391,0.125924,0.120052,0.076860,0.103990,-0.045243,-0.191563,0.325018,0.209148,0.084676,0.076625,0.382725,0.269790,0.427046,0.609496,0.569319,0.426234,0.411258,0.364849,0.475046,0.551722,0.586417,0.379982,0.830711,0.696231,1.375440,0.897929,0.500334,0.405250,0.342932,0.457699,0.458350,0.370265,0.410642,0.455874,0.351511,0.229752,0.380109,0.221001,0.578447,0.476757,0.610249,0.620475,-0.026907,-0.010918,0.099033,0.078537,0.310761,0.286085,0.141595,0.054896,-0.034034,0.074344,0.474535,0.395526
0.537757,0.581660,0.436218,0.620569,0.568064,0.801920,0.698197,0.853179,0.676665,1.211981,0.989343,1.515454,1.039262,0.000000,0.592951,0.890238,0.339593,0.298077,0.442093,0.498060,0.432591,0.331520,0.316807,0.391389,0.054923,-0.032641,0.172774,0.166730,0.241331,0.066435,0.374766,0.290096,0.294335,0.380239,-0.101772,0.071969,0.129873,0.185602,0.050778,0.200174,-0.073679,-0.186404,0.508261,0.482569,0.275206,0.376816,0.514436,0.510987,0.612699,0.806598,0.734181,0.697005,0.468265,0.459352,0.567457,0.768812,0.499793,0.398467,0.596958,0.840284,0.792609,0.945989,0.425743,0.418560,0.203839,0.743594,0.473487,0.578458,0.319182,0.435143,0.553095,0.183945,0.308134,0.213902,0.504035,0.393830,0.569486,0.557377,0.011648,0.077166,0.159008,0.197760,0.268353,0.290536,0.086686,0.164938,-0.095514,-0.105407,0.459828,0.439767
0.753626,0.532260,1.023701,0.725553,0.759592,0.613180,1.124650,0.755368,0.961607,0.602164,0.806252,0.538605,0.978309,0.592951,0.000000,0.729196,0.282400,0.245439,0.922507,0.761265,0.458191,0.317028,0.765794,0.605729,0.419635,0.272135,0.423677,0.291877,0.390943,0.228558,0.630500,0.482708,0.582257,0.433670,0.102578,0.109347,0.227356,0.260529,0.161721,0.265215,0.196358,-0.145896,0.360597,0.248233,0.180978,0.087604,0.384583,0.280619,0.260457,0.349336,0.357278,0.243439,0.380986,0.395757,0.442038,0.443817,0.539932,0.419794,0.466175,0.428397,0.657917,0.588777,0.512308,0.358196,0.625412,0.487604,0.498208,0.329006,0.498809,0.495930,0.398529,0.373535,0.520689,0.312125,0.710485,0.651653,0.610996,0.649352,0.231833,0.216368,0.429546,0.428268,0.629627,0.582827,0.566430,0.391759,0.033923,0.196782,0.630969,0.614247
0.666823,0.779441,0.626126,0.858305,0.496045,0.702743,0.757832,0.937355,0.533581,0.710236,0.551644,1.028495,0.586505,0.890238,0.729196,0.000000,0.468271,0.508853,0.706573,0.923065,0.645955,0.358176,0.518175,0.723297,0.384353,0.249112,0.376434,0.257969,0.469808,0.345882,0.662805,0.522517,0.639380,0.758829,0.228118,0.379896,0.381287,0.459903,0.106623,0.506684,0.155117,0.024310,0.775643,0.762716,0.601911,0.671525,0.724291,0.796526,0.701553,0.788468,0.730639,0.710144,0.551461,0.569833,0.661572,0.867912,0.607143,0.624021,0.533688,0.837341,0.517489,0.812229,0.819689,0.758546,0.281962,0.776604,0.823186,0.910867,0.540874,0.725459,0.560850,0.203937,0.676987,0.553015,0.753843,0.655253,0.762434,0.824571,0.215284,0.347228,0.599750,0.666830,0.583988,0.789971,0.418609,0.565855,-0.070658,0.080516,0.554280,0.755996
0.597462,0.592641,0.290356,0.344310,0.051055,0.172551,0.279114,0.313268,0.225799,0.277024,0.307602,0.355416,0.265683,0.339593,0.282400,0.468271,0.000000,0.965393,0.271673,0.304169,0.317218,0.034349,0.166977,0.219395,0.179854,0.098285,0.091417,-0.025310,0.532573,0.493410,0.352395,0.284550,0.415533,0.475829,0.052253,-0.011785,0.143887,0.154263,0.149944,0.289216,0.024476,0.184226,0.260574,0.397613,0.243544,0.304963,0.300795,0.291403,0.283478,0.308545,0.249788,0.278789,0.267417,0.211531,0.175131,0.319323,0.612468,0.672193,0.273573,0.358585,0.268792,0.242707,0.594199,0.485522,0.039919,0.160969,0.317570,0.255195,0.354051,0.264129,0.449769,0.414380,0.525520,0.396498,0.442654,0.377648,0.373218,0.342259,0.411279,0.548470,0.723119,0.679246,0.369540,0.400433,0.129047,0.251513,0.096202,0.003083,0.267669,0.357424
0.499904,0.502930,0.238069,0.317138,0.023795,0.132673,0.232759,0.270772,0.171306,0.218134,0.192022,0.362307,0.152109,0.298077,0.245439,0.508853,0.965393,0.000000,0.279079,0.321477,0.350547,0.173914,0.186738,0.276505,0.176920,0.181248,0.126421,0.028669,0.564396,0.666224,0.412856,0.343841,0.421713,0.503660,0.104870,0.064373,0.168959,0.205869,-0.000125,0.190779,-0.044887,0.083916,0.268644,0.401905,0.334642,0.314295,0.334036,0.281741,0.225495,0.199712,0.098499,0.141553,0.160565,0.030753,0.117687,0.208212,0.565879,0.683739,0.171732,0.284700,0.162500,0.166990,0.659456,0.549444,0.089964,0.156746,0.318406,0.259647,0.401404,0.323155,0.368229,0.380556,0.489929,0.326401,0.374482,0.274524,0.286848,0.323276,0.479464,0.618224,0.830969,0.731151,0.411827,0.527441,0.096636,0.180989,0.021897,-0.183790,0.250493,0.298558
0.980858,0.755846,1.018820,0.770517,0.622036,0.444053,1.096916,0.778379,0.557884,0.295694,0.753893,0.430748,0.719539,0.442093,0.922507,0.706573,0.271673,0.279079,0.000000,1.529381,0.422478,0.415682,0.506782,0.451487,0.293576,0.152101,0.319680,0.263347,0.449890,0.270489,0.511077,0.436952,0.948408,0.765592,0.095972,0.118482,0.282562,0.327591,0.035900,0.325761,0.070908,-0.113629,0.500739,0.396655,0.317102,0.197254,0.501605,0.444782,0.355440,0.397391,0.387736,0.242732,0.373575,0.322799,0.472263,0.439224,0.887514,0.749015,0.707602,0.630938,0.814679,0.698839,0.907269,0.830746,0.418538,0.362475,0.852739,0.543030,1.162771,1.042363,0.286201,0.182243,0.657139,0.488173,0.782072,0.659021,0.832205,0.859409,0.245111,0.259781,0.491074,0.379406,0.539596,0.698053,0.404302,0.280553,-0.033498,0.228256,0.579376,0.559457
0.949469,0.895719,0.952638,1.002868,0.677454,0.587481,1.045647,1.014263,0.534102,0.373407,0.637427,0.578809,0.628683,0.498060,0.761265,0.923065,0.304169,0.321477,1.529381,0.000000,0.585916,0.513227,0.530447,0.618505,0.364941,0.220926,0.396718,0.324974,0.406566,0.239400,0.593439,0.488785,0.926251,0.930958,0.156073,0.282123,0.335852,0.471076,0.087719,0.476978,0.097339,-0.018567,0.661824,0.563169,0.547133,0.458736,0.642106,0.632520,0.540476,0.576720,0.552419,0.411268,0.457129,0.444951,0.633245,0.614682,0.936569,0.824984,0.742929,0.824510,0.743377,0.854974,1.057204,0.968305,0.390152,0.547186,1.075892,0.859297,1.082093,1.162099,0.406229,0.201843,0.717044,0.566481,0.874025,0.759007,0.925375,1.054306,0.202174,0.285938,0.527325,0.482389,0.559248,0.769347,0.441155,0.419493,-0.033193,0.205748,0.657147,0.692327
0.483102,0.554199,0.469679,0.562112,0.504379,0.680158,0.496788,0.564130,0.394547,0.392792,0.397887,0.469694,0.381376,0.432591,0.458191,0.645955,0.317218,0.350547,0.422478,0.585916,0.000000,0.545997,0.319213,0.473305,0.460457,0.291893,0.509569,0.315467,0.232648,0.189301,0.590926,0.382893,0.475731,0.504897,0.212048,0.284819,0.377519,0.382253,0.137942,0.414134,0.072377,-0.008012,0.447306,0.417172,0.303738,0.341262,0.561141,0.455102,0.348046,0.380460,0.383626,0.331083,0.389254,0.390101,0.412401,0.466015,0.522783,0.504678,0.350596,0.492751,0.413041,0.492928,0.483570,0.468774,0.221232,0.452117,0.514162,0.507614,0.397200,0.477271,0.603138,0.302675,0.531252,0.385928,0.661067,0.501410,0.605240,0.617483,0.050751,0.190249,0.378751,0.451672,0.285578,0.430104,0.316009,0.371577,-0.017195,0.026059,0.420236,0.505666
0.384855,0.462529,0.415632,0.430682,0.549863,0.568087,0.447510,0.505405,0.291754,0.217878,0.365545,0.369904,0.330645,0.331520,0.317028,0.358176,0.034349,0.173914,0.415682,0.513227,0.545997,0.000000,0.233010,0.268098,0.183041,0.185941,0.345529,0.537400,0.067828,0.013002,0.331267,0.263568,0.405728,0.441890,0.039083,0.134313,0.169506,0.225014,0.084497,0.177085,0.022647,-0.104877,0.357446,0.324649,0.260139,0.271531,0.350688,0.324854,0.340685,0.344673,0.331011,0.265967,0.248070,0.258195,0.405502,0.316055,0.429959,0.425770,0.426279,0.465230,0.419797,0.487469,0.381825,0.408923,0.152785,0.291188,0.390454,0.381529,0.355429,0.409293,0.445256,0.371242,0.316277,0.245726,0.370990,0.405640,0.479864,0.441067,0.152862,0.184587,0.118849,0.167637,0.157468,0.192939,0.084291,0.152777,-0.023270,0.036957,0.312172,0.243838
0.469221,0.369506,1.143323,0.988122,0.535724,0.541195,0.876014,0.787787,0.906055,0.498260,0.223464,0.312139,0.345711,0.316807,0.765794,0.518175,0.166977,0.186738,0.506782,0.530447,0.319213,0.233010,0.000000,1.402709,0.866542,0.853487,0.552741,0.586715,0.084167,0.026359,1.234262,1.027108,0.644852,0.590689,0.438263,0.446359,0.106885,0.159870,0.187296,0.334794,0.209415,-0.016525,0.456291,0.345946,0.517099,0.324509,0.393995,0.389856,0.210290,0.205010,0.216716,0.151744,0.249366,0.364030,0.345050,0.384389,0.348025,0.339832,0.075158,0.148496,0.147835,0.302963,0.248532,0.126517,1.349136,0.726775,0.522906,0.399841,0.318738,0.323607,0.427521,0.460472,0.304722,0.255802,0.353784,0.309561,0.468840,0.472180,0.191880,0.207461,0.393744,0.486613,0.494599,0.433882,0.775940,0.599752,0.182416,0.222839,0.740618,0.663831
0.515551,0.499804,0.858487,1.245910,0.436770,0.634522,0.713966,0.964520,0.681377,0.568303,0.152685,0.466413,0.242811,0.391389,0.605729,0.723297,0.219395,0.276505,0.451487,0.618505,0.473305,0.268098,1.402709,0.000000,0.826029,0.833323,0.602609,0.567254,0.099033,0.063456,1.286457,1.028135,0.710884,0.772329,0.491327,0.658603,0.224539,0.307427,0.202536,0.474630,0.275549,0.050591,0.642975,0.571705,0.777032,0.619010,0.547089,0.594723,0.395570,0.345755,0.364370,0.316018,0.376192,0.490817,0.504730,0.554031,0.438885,0.480104,0.120456,0.323236,0.102666,0.417780,0.384492,0.300643,0.877816,0.964621,0.657695,0.675138,0.372125,0.439543,0.615208,0.452920,0.374529,0.342437,0.487974,0.434195,0.519762,0.561204,0.235430,0.279804,0.503231,0.673625,0.492504,0.480806,0.821574,0.833196,0.184130,0.233543,0.828576,0.871236
0.198762,0.185634,0.717747,0.593966,0.326428,0.412158,0.411486,0.401502,0.583749,0.217064,-0.009766,0.037537,0.058663,0.054923,0.419635,0.384353,0.179854,0.176920,0.293576,0.364941,0.460457,0.183041,0.866542,0.826029,0.000000,1.182331,0.826141,0.616646,0.084887,0.126753,0.914759,0.656098,0.516637,0.474753,0.529630,0.379331,0.157641,0.081907,0.103998,0.262414,0.183431,-0.020624,0.342212,0.248952,0.417626,0.249684,0.379651,0.339111,0.045075,0.021149,0.065920,0.012833,0.118746,0.237837,0.187248,0.206782,0.201095,0.228298,-0.099163,-0.009402,-0.062036,0.002149,0.167579,0.034736,0.778640,0.437773,0.464164,0.302827,0.314582,0.332230,0.336571,0.273744,0.275675,0.200000,0.235534,0.195965,0.307019,0.324877,0.217729,0.232920,0.414839,0.479926,0.197825,0.277046,0.550084,0.435886,-0.028838,0.008471,0.362043,0.404504
0.056667,0.085796,0.505392,0.525247,0.297108,0.372930,0.284728,0.375002,0.403871,0.184042,-0.169250,-0.014775,-0.110455,-0.032641,0.272135,0.249112,0.098285,0.181248,0.152101,0.220926,0.291893,0.185941,0.853487,0.833323,1.182331,0.000000,0.783290,0.813277,0.008076,0.096731,0.890783,0.823873,0.439908,0.464224,0.562102,0.466983,-0.000242,0.053404,0.088769,0.287473,0.206841,0.114293,0.267891,0.240680,0.457275,0.291609,0.251769,0.290787,0.008093,-0.065929,-0.036967,-0.050340,0.003690,0.144189,0.104267,0.053766,0.025778,0.137289,-0.251409,-0.142103,-0.254885,-0.074468,0.027215,-0.081667,0.830680,0.460415,0.332732,0.215296,0.161961,0.175886,0.234511,0.288391,0.172100,0.196022,0.087239,0.073821,0.152447,0.148573,0.305791,0.326174,0.349240,0.487812,0.189521,0.228379,0.540231,0.478738,0.076604,0.033079,0.314999,0.260014
0.185627,0.195327,0.467181,0.535567,0.629062,0.685674,0.378475,0.433009,0.465753,0.275927,0.101797,0.233719,0.081039,0.172774,0.423677,0.376434,0.091417,0.126421,0.319680,0.396718,0.509569,0.345529,0.552741,0.602609,0.826141,0.783290,0.000000,1.139622,0.063502,0.116133,0.683955,0.461509,0.371073,0.394880,0.305772,0.351199,0.118226,0.188364,-0.049147,0.171367,0.146239,-0.061936,0.330146,0.290742,0.264040,0.220943,0.292686,0.377238,0.139835,0.105862,0.170957,0.152233,0.246973,0.308298,0.239866,0.185324,0.137179,0.176050,0.036851,0.167701,0.020052,0.197563,0.167334,0.105805,0.481077,0.415555,0.387843,0.323222,0.219551,0.279799,0.442067,0.251570,0.302435,0.339481,0.344843,0.348553,0.292758,0.278775,0.270737,0.216315,0.229234,0.348718,0.161774,0.226446,0.376995,0.398565,-0.233361,-0.039614,0.311769,0.298313
0.117599,0.167384,0.439174,0.506960,0.593170,0.692172,0.364511,0.462409,0.428934,0.283806,0.045310,0.193030,0.045978,0.166730,0.291877,0.257969,-0.025310,0.028669,0.263347,0.324974,0.315467,0.537400,0.586715,0.567254,0.616646,0.813277,1.139622,0.000000,-0.091447,-0.040512,0.598147,0.517423,0.352415,0.440166,0.295309,0.342621,-0.034360,0.118200,-0.053828,0.171655,0.031045,-0.048344,0.332822,0.287415,0.312161,0.266486,0.242809,0.382209,0.187010,0.119869,0.211726,0.159931,0.233637,0.329262,0.270807,0.188102,0.067038,0.148465,0.030199,0.123654,-0.007664,0.220894,0.038086,0.015336,0.530139,0.461983,0.343135,0.291374,0.160201,0.237235,0.376442,0.304215,0.211205,0.326210,0.165554,0.208717,0.257741,0.229214,0.228757,0.236699,0.118724,0.255636,0.126186,0.149229,0.346949,0.358746,-0.131186,0.010681,0.318495,0.191045
0.474439,0.480129,0.286943,0.244940,0.063710,0.034642,0.343343,0.307021,0.101529,0.153890,0.299235,0.277316,0.305737,0.241331,0.390943,0.469808,0.532573,0.564396,0.449890,0.406566,0.232648,0.067828,0.084167,0.099033,0.084887,0.008076,0.063502,-0.091447,0.000000,1.133781,0.225956,0.237002,0.323936,0.346924,-0.165968,-0.173413,0.352468,0.165563,-0.005217,0.161013,0.083018,0.062312,0.235095,0.267667,0.130704,0.134840,0.322759,0.355717,0.253544,0.242513,0.204188,0.217287,0.242116,0.132939,0.186692,0.258222,0.431446,0.449607,0.353218,0.350736,0.323009,0.341689,0.594020,0.566449,-0.050751,0.086969,0.253152,0.218615,0.358689,0.290693,0.222401,0.190523,0.489993,0.306130,0.413459,0.217805,0.303030,0.322325,0.748624,0.681422,0.748057,0.590394,0.604082,0.793720,0.167760,0.168041,-0.018958,0.087803,0.114400,0.194843
0.222646,0.259980,0.123725,0.101296,-0.103728,-0.062651,0.093757,0.113881,-0.022072,0.007209,0.055451,0.142892,0.034870,0.066435,0.228558,0.345882,0.493410,0.666224,0.270489,0.239400,0.189301,0.013002,0.026359,0.063456,0.126753,0.096731,0.116133,-0.040512,1.133781,0.000000,0.185839,0.194430,0.258183,0.276084,-0.049671,-0.086142,0.295839,0.146882,-0.029902,0.110541,0.049181,0.068113,0.056796,0.190249,0.061135,0.061110,0.152750,0.237205,0.058350,0.050306,-0.028205,0.051318,0.038139,-0.018455,0.026893,0.092411,0.211461,0.313521,0.100352,0.118327,0.034745,0.048314,0.426443,0.386426,-0.112451,-0.088850,0.120331,0.048067,0.273520,0.202920,0.108103,0.173666,0.340723,0.306346,0.212508,0.155524,0.066362,0.099106,0.731208,0.832105,0.807882,0.602604,0.486578,0.673666,0.062035,0.091018,-0.042977,-0.084377,-0.028917,0.080629
0.514646,0.474926,0.878607,0.972181,0.477953,0.603809,0.762287,0.831534,0.699870,0.483003,0.246486,0.425693,0.300642,0.374766,0.630500,0.662805,0.352395,0.412856,0.511077,0.593439,0.590926,0.331267,1.234262,1.286457,0.914759,0.890783,0.683955,0.598147,0.225956,0.185839,0.000000,1.384558,0.814201,0.879105,0.440065,0.443431,0.204729,0.200919,0.083213,0.355265,0.172454,-0.003251,0.593417,0.565508,0.619761,0.472186,0.507806,0.528913,0.311956,0.279084,0.247426,0.229729,0.296355,0.326907,0.378022,0.424275,0.455332,0.464764,0.117957,0.272264,0.163379,0.384989,0.445311,0.344545,0.850318,0.732599,0.585237,0.518413,0.368337,0.415086,0.710851,0.513364,0.445796,0.334577,0.504993,0.368067,0.536534,0.525689,0.304602,0.336224,0.493991,0.617540,0.470763,0.541315,0.557149,0.524142,0.073218,0.121093,0.594797,0.569746
0.429450,0.403546,0.720261,0.800568,0.298130,0.372690,0.623621,0.727351,0.510162,0.338324,0.145986,0.321197,0.202677,0.290096,0.482708,0.522517,0.284550,0.343841,0.436952,0.488785,0.382893,0.263568,1.027108,1.028135,0.656098,0.823873,0.461509,0.517423,0.237002,0.194430,1.384558,0.000000,0.836155,0.931650,0.419166,0.418450,0.152808,0.172918,0.049665,0.330836,0.117374,-0.036617,0.501682,0.514683,0.604755,0.452268,0.397056,0.433938,0.258892,0.182214,0.147257,0.132875,0.140191,0.200741,0.270667,0.321165,0.385253,0.404807,0.041386,0.166238,0.094679,0.317038,0.385156,0.301131,0.776904,0.683025,0.508990,0.426867,0.319017,0.336458,0.548940,0.528776,0.335910,0.273871,0.331730,0.213808,0.431180,0.375981,0.332823,0.366461,0.497890,0.619208,0.470588,0.573521,0.475753,0.476505,0.107457,0.136554,0.505525,0.445241
0.785716,0.698016,0.828507,0.885655,0.304934,0.298690,0.727698,0.749755,0.444106,0.202430,0.359670,0.302718,0.335436,0.294335,0.582257,0.639380,0.415533,0.421713,0.948408,0.926251,0.475731,0.405728,0.644852,0.710884,0.516637,0.439908,0.371073,0.352415,0.323936,0.258183,0.814201,0.836155,0.000000,1.465705,0.485074,0.423626,0.304348,0.347508,0.162402,0.529843,0.173222,-0.025522,0.595338,0.590552,0.629451,0.453963,0.541123,0.498550,0.314552,0.274636,0.273456,0.177068,0.289746,0.276031,0.310260,0.386161,0.775542,0.853816,0.351813,0.430806,0.374776,0.435925,0.875217,0.766749,0.534839,0.521800,0.973370,0.659285,0.925491,0.913055,0.416361,0.396664,0.611723,0.402555,0.627427,0.494774,0.706038,0.729477,0.382698,0.457728,0.703487,0.660171,0.488624,0.661104,0.512031,0.530514,0.093716,0.244643,0.604538,0.665560
0.736922,0.785315,0.670089,0.942603,0.318283,0.390886,0.638563,0.860212,0.351307,0.288017,0.293415,0.464507,0.273686,0.380239,0.433670,0.758829,0.475829,0.503660,0.765592,0.930958,0.504897,0.441890,0.590689,0.772329,0.474753,0.464224,0.394880,0.440166,0.346924,0.276084,0.879105,0.931650,1.465705,0.000000,0.419106,0.481662,0.339202,0.385199,0.055554,0.549120,0.091752,0.029899,0.731862,0.759396,0.786498,0.681457,0.615325,0.695711,0.495932,0.425564,0.395693,0.351259,0.366634,0.361512,0.413238,0.521182,0.754007,0.866453,0.364284,0.552664,0.319520,0.566180,0.873698,0.833334,0.418281,0.662926,0.934575,0.832552,0.722295,0.808457,0.526871,0.406631,0.603176,0.474601,0.576698,0.495021,0.703013,0.756854,0.397009,0.505383,0.684781,0.739624,0.511954,0.735866,0.450335,0.572067,0.077641,0.197342,0.562111,0.622123
0.052431,0.068546,0.282812,0.342623,0.046268,0.114649,0.161907,0.214822,0.185015,0.032288,-0.217254,-0.053221,-0.157019,-0.101772,0.102578,0.228118,0.052253,0.104870,0.095972,0.156073,0.212048,0.039083,0.438263,0.491327,0.529630,0.562102,0.305772,0.295309,-0.165968,-0.049671,0.440065,0.419166,0.485074,0.419106,0.000000,1.011486,0.151500,0.256661,0.278895,0.429784,0.290917,0.033878,0.356687,0.378133,0.547368,0.416434,0.300311,0.266693,0.051338,0.019349,0.045437,-0.001182,0.096649,0.170854,0.088634,0.158639,0.026043,0.143178,-0.116443,-0.021779,-0.187035,-0.023867,0.137028,0.101784,0.532286,0.398595,0.461975,0.365546,0.094253,0.152958,0.104806,0.123052,0.171137,0.142779,0.122654,0.047113,0.214549,0.282740,0.010756,0.072263,0.322292,0.333795,0.205722,0.201453,0.518209,0.534966,0.271815,0.297037,0.239360,0.387427
0.105846,0.158233,0.231302,0.524851,0.173985,0.320072,0.182279,0.386349,0.158345,0.215279,-0.194162,0.174401,-0.129391,0.071969,0.109347,0.379896,-0.011785,0.064373,0.118482,0.282123,0.284819,0.134313,0.446359,0.658603,0.379331,0.466983,0.351199,0.342621,-0.173413,-0.086142,0.443431,0.418450,0.423626,0.481662,1.011486,0.000000,0.242056,0.449246,0.254237,0.609099,0.301951,0.090195,0.527222,0.529255,0.720718,0.671418,0.411994,0.477399,0.287057,0.214190,0.245789,0.217617,0.193524,0.314695,0.332068,0.402326,0.114403,0.180223,-0.032959,0.166907,-0.150297,0.150347,0.186504,0.210520,0.421163,0.600813,0.549417,0.638126,0.111602,0.228931,0.252258,0.150609,0.147709,0.208328,0.173041,0.250416,0.345432,0.445746,-0.027632,0.093180,0.264681,0.352553,0.271910,0.240905,0.534242,0.687101,0.264737,0.324356,0.414877,0.587038
0.300839,0.362183,0.157676,0.291424,0.132901,0.193922,0.194801,0.278833,0.112734,0.091963,0.098638,0.220316,0.125924,0.129873,0.227356,0.381287,0.143887,0.168959,0.282562,0.335852,0.377519,0.169506,0.106885,0.224539,0.157641,-0.000242,0.118226,-0.034360,0.352468,0.295839,0.204729,0.152808,0.304348,0.339202,0.151500,0.242056,0.000000,0.755518,0.301303,0.517222,0.400754,0.087087,0.460492,0.348926,0.319899,0.317718,0.496651,0.462025,0.312015,0.297899,0.241953,0.268924,0.256649,0.268166,0.294839,0.349262,0.321842,0.354309,0.185428,0.321425,0.165410,0.295934,0.403502,0.403007,-0.011202,0.211566,0.309475,0.391179,0.225237,0.293063,0.219754,0.072383,0.476163,0.244744,0.472048,0.370714,0.498602,0.499697,0.124845,0.189169,0.342874,0.360618,0.290156,0.437463,0.270011,0.250003,0.052201,0.127045,0.169419,0.336307
0.392365,0.460049,0.219944,0.429331,0.148250,0.336851,0.280025,0.369982,0.067416,0.151475,0.137968,0.355552,0.120052,0.185602,0.260529,0.459903,0.154263,0.205869,0.327591,0.471076,0.382253,0.225014,0.159870,0.307427,0.081907,0.053404,0.188364,0.118200,0.165563,0.146882,0.200919,0.172918,0.347508,0.385199,0.256661,0.449246,0.755518,0.000000,0.512477,0.860687,0.485404,0.294345,0.453978,0.467639,0.343324,0.421234,0.532876,0.527368,0.419301,0.437953,0.429682,0.416473,0.374225,0.464034,0.501183,0.498928,0.387769,0.435119,0.365831,0.475992,0.245691,0.412242,0.442157,0.450115,0.084406,0.367945,0.457083,0.522139,0.329534,0.387136,0.226093,0.098631,0.392401,0.429624,0.482470,0.532021,0.592560,0.638912,0.112998,0.186534,0.334998,0.423727,0.360513,0.465126,0.461818,0.507170,0.165259,0.266455,0.437172,0.548159
0.201441,0.237479,0.182954,0.251600,-0.037139,0.104774,0.141207,0.200751,0.081565,0.118625,0.026677,0.059071,0.076860,0.050778,0.161721,0.106623,0.149944,-0.000125,0.035900,0.087719,0.137942,0.084497,0.187296,0.202536,0.103998,0.088769,-0.049147,-0.053828,-0.005217,-0.029902,0.083213,0.049665,0.162402,0.055554,0.278895,0.254237,0.301303,0.512477,0.000000,0.805375,0.622920,0.231719,0.167416,0.172816,0.097333,0.152123,0.253242,0.096351,0.063812,0.108417,0.148272,0.114019,0.263015,0.393917,0.254080,0.255389,0.157969,0.260710,0.111585,0.131884,0.072637,0.146337,0.031393,0.033140,0.153822,0.220915,0.162531,0.121302,0.124723,0.045009,0.161869,0.162948,0.067295,-0.125287,0.147406,0.123938,0.345953,0.319046,-0.055336,0.094510,0.229259,0.263853,0.249627,0.072238,0.399870,0.378044,0.523412,0.364619,0.433676,0.426253
0.445656,0.559462,0.335737,0.605407,0.123904,0.285304,0.304876,0.513460,0.091921,0.200567,0.097650,0.291985,0.103990,0.200174,0.265215,0.506684,0.289216,0.190779,0.325761,0.476978,0.414134,0.177085,0.334794,0.474630,0.262414,0.287473,0.171367,0.171655,0.161013,0.110541,0.355265,0.330836,0.529843,0.549120,0.429784,0.609099,0.517222,0.860687,0.805375,0.000000,0.523294,0.420756,0.587774,0.574169,0.515324,0.586210,0.622759,0.600625,0.396672,0.394117,0.458807,0.422115,0.476662,0.599157,0.530872,0.591761,0.409558,0.579722,0.271048,0.445261,0.149910,0.403045,0.368402,0.429697,0.231278,0.583443,0.605341,0.638099,0.383139,0.415982,0.297830,0.190841,0.398628,0.303728,0.429399,0.432829,0.635824,0.697849,0.105045,0.360279,0.490669,0.626510,0.462474,0.459079,0.693340,0.802641,0.455291,0.477153,0.648824,0.758769
0.170299,0.200011,0.112918,0.253837,-0.032977,0.118006,0.079795,0.169200,0.056839,0.119013,-0.099029,-0.007941,-0.045243,-0.073679,0.196358,0.155117,0.024476,-0.044887,0.070908,0.097339,0.072377,0.022647,0.209415,0.275549,0.183431,0.206841,0.146239,0.031045,0.083018,0.049181,0.172454,0.117374,0.173222,0.091752,0.290917,0.301951,0.400754,0.485404,0.622920,0.523294,0.000000,0.303786,0.264993,0.296184,0.222029,0.256818,0.272513,0.260801,0.122639,0.119287,0.130636,0.105915,0.264979,0.291304,0.175923,0.152623,0.074619,0.188192,0.031752,0.086415,-0.062321,0.095146,0.110776,0.095481,0.182248,0.232096,0.159779,0.185968,0.038197,0.049589,0.220200,0.140446,0.250290,0.186377,0.207145,0.237546,0.228385,0.278463,0.198557,0.171086,0.275942,0.357845,0.274032,0.184778,0.536080,0.475804,0.341496,0.466769,0.270793,0.356056
0.057953,0.211607,-0.090980,0.091121,-0.194355,-0.104131,-0.097436,0.043534,-0.305279,-0.128134,-0.165526,-0.051813,-0.191563,-0.186404,-0.145896,0.024310,0.184226,0.083916,-0.113629,-0.018567,-0.008012,-0.104877,-0.016525,0.050591,-0.020624,0.114293,-0.061936,-0.048344,0.062312,0.068113,-0.003251,-0.036617,-0.025522,0.029899,0.033878,0.090195,0.087087,0.294345,0.231719,0.420756,0.303786,0.000000,-0.019679,0.051157,0.021352,0.105859,0.029166,0.083585,0.072755,0.080322,0.106503,0.170980,0.155112,0.195623,0.085792,0.033205,-0.000794,0.177319,0.060956,0.059260,-0.139697,-0.003298,0.032001,0.095657,-0.097932,0.043091,-0.005626,0.061121,-0.068089,-0.067049,0.071473,0.217437,0.186304,0.375413,0.004344,0.155454,-0.015481,0.059695,0.116077,0.183457,0.105827,0.209642,0.082961,0.093148,0.240360,0.336500,0.187590,0.243642,0.104189,0.130724
0.555100,0.645522,0.498831,0.794694,0.417409,0.559167,0.572296,0.781125,0.384215,0.465727,0.359820,0.633075,0.325018,0.508261,0.360597,0.775643,0.260574,0.268644,0.500739,0.661824,0.447306,0.357446,0.456291,0.642975,0.342212,0.267891,0.330146,0.332822,0.235095,0.056796,0.593417,0.501682,0.595338,0.731862,0.356687,0.527222,0.460492,0.453978,0.167416,0.587774,0.264993,-0.019679,0.000000,1.406524,1.114859,1.039073,1.399058,1.281342,1.105653,0.858757,0.861319,0.764296,0.609735,0.535029,0.993042,0.944415,0.561620,0.572507,0.478533,0.738508,0.391323,0.680344,0.677149,0.702411,0.308467,0.714535,0.866968,1.108961,0.418995,0.550430,0.539023,0.192762,0.472142,0.358996,0.599391,0.445259,0.759467,0.830117,0.129590,0.214438,0.372663,0.437090,0.432433,0.528402,0.385766,0.512074,0.146730,0.296752,0.638058,0.667841
0.512695,0.672021,0.334738,0.694810,0.239475,0.463791,0.429423,0.673925,0.250821,0.430858,0.284874,0.645002,0.209148,0.482569,0.248233,0.762716,0.397613,0.401905,0.396655,0.563169,0.417172,0.324649,0.345946,0.571705,0.248952,0.240680,0.290742,0.287415,0.267667,0.190249,0.565508,0.514683,0.590552,0.759396,0.378133,0.529255,0.348926,0.467639,0.172816,0.574169,0.296184,0.051157,1.406524,0.000000,1.017869,1.220831,1.078064,1.366374,1.064410,0.909792,0.848423,0.875093,0.622566,0.511289,0.846194,0.918724,0.522735,0.612075,0.483958,0.771748,0.319005,0.625619,0.732395,0.772767,0.193306,0.645463,0.826808,1.068115,0.381924,0.501323,0.597406,0.216252,0.442177,0.414963,0.496700,0.448474,0.665124,0.686150,0.209383,0.368825,0.482129,0.539096,0.425627,0.533001,0.300201,0.537798,0.175433,0.286435,0.568923,0.650280
0.405175,0.499742,0.388607,0.744465,0.263041,0.422524,0.399547,0.662269,0.298105,0.369452,0.080186,0.401424,0.084676,0.275206,0.180978,0.601911,0.243544,0.334642,0.317102,0.547133,0.303738,0.260139,0.517099,0.777032,0.417626,0.457275,0.264040,0.312161,0.130704,0.061135,0.619761,0.604755,0.629451,0.786498,0.547368,0.720718,0.319899,0.343324,0.097333,0.515324,0.222029,0.021352,1.114859,1.017869,0.000000,1.508080,0.798265,0.972746,0.849540,0.604990,0.542579,0.494344,0.365005,0.330814,0.593093,0.628698,0.473581,0.519547,0.244829,0.481948,0.124566,0.408335,0.628090,0.572877,0.443561,0.765577,0.915019,1.104280,0.358386,0.493130,0.378978,0.231571,0.384387,0.328533,0.373640,0.273551,0.529855,0.634436,0.149672,0.296387,0.450946,0.526957,0.329718,0.467576,0.442245,0.611898,0.172166,0.192872,0.543995,0.656372
0.381454,0.578022,0.202288,0.659144,0.187514,0.458366,0.275708,0.614342,0.158563,0.451596,0.092159,0.571351,0.076625,0.376816,0.087604,0.671525,0.304963,0.314295,0.197254,0.458736,0.341262,0.271531,0.324509,0.619010,0.249684,0.291609,0.220943,0.266486,0.134840,0.061110,0.472186,0.452268,0.453963,0.681457,0.416434,0.671418,0.317718,0.421234,0.152123,0.586210,0.256818,0.105859,1.039073,1.220831,1.508080,0.000000,0.796763,1.160046,1.092389,0.881362,0.807041,0.828350,0.578344,0.544184,0.712309,0.835099,0.419262,0.531963,0.356944,0.673078,0.138703,0.521954,0.572810,0.605442,0.200058,0.819702,0.803877,1.207593,0.249552,0.409223,0.497705,0.221650,0.368916,0.387176,0.364469,0.313542,0.523523,0.611438,0.153728,0.317296,0.405760,0.547436,0.320277,0.433913,0.385800,0.703342,0.178310,0.245231,0.528008,0.696834
0.570618,0.663835,0.506632,0.739226,0.350899,0.514645,0.544564,0.694697,0.397269,0.454442,0.409484,0.571489,0.382725,0.514436,0.384583,0.724291,0.300795,0.334036,0.501605,0.642106,0.561141,0.350688,0.393995,0.547089,0.379651,0.251769,0.292686,0.242809,0.322759,0.152750,0.507806,0.397056,0.541123,0.615325,0.300311,0.411994,0.496651,0.532876,0.253242,0.622759,0.272513,0.029166,1.399058,1.078064,0.798265,0.796763,0.000000,1.199203,0.927457,0.825575,0.838876,0.713529,0.593389,0.552881,0.996695,0.943599,0.605645,0.638055,0.508533,0.696323,0.448445,0.608764,0.674305,0.649194,0.267006,0.594142,0.816759,0.903659,0.522409,0.597852,0.490359,0.212509,0.436755,0.375470,0.590185,0.461512,0.712589,0.810308,0.162179,0.234680,0.486667,0.479882,0.456371,0.548723,0.396314,0.469761,0.196469,0.274207,0.614161,0.673822
0.501624,0.695429,0.393937,0.759843,0.341734,0.599481,0.470839,0.720635,0.311792,0.498771,0.320562,0.663015,0.269790,0.510987,0.280619,0.796526,0.291403,0.281741,0.444782,0.632520,0.455102,0.324854,0.389856,0.594723,0.339111,0.290787,0.377238,0.382209,0.355717,0.237205,0.528913,0.433938,0.498550,0.695711,0.266693,0.477399,0.462025,0.527368,0.096351,0.600625,0.260801,0.083585,1.281342,1.366374,0.972746,1.160046,1.199203,0.000000,1.137984,1.039014,0.992254,1.005874,0.692316,0.663120,0.985606,1.087186,0.511779,0.593195,0.532284,0.825892,0.348971,0.683396,0.637341,0.680087,0.224726,0.720831,0.858081,1.163276,0.395812,0.552909,0.490541,0.154206,0.447972,0.524787,0.497309,0.425613,0.706112,0.764001,0.249417,0.382622,0.442792,0.541962,0.386082,0.568784,0.395335,0.578264,0.078933,0.263595,0.559532,0.680225
0.550517,0.718783,0.284158,0.641492,0.377122,0.606058,0.500219,0.700518,0.275898,0.577954,0.481745,0.827966,0.427046,0.612699,0.260457,0.701553,0.283478,0.225495,0.355440,0.540476,0.348046,0.340685,0.210290,0.395570,0.045075,0.008093,0.139835,0.187010,0.253544,0.058350,0.311956,0.258892,0.314552,0.495932,0.051338,0.287057,0.312015,0.419301,0.063812,0.396672,0.122639,0.072755,1.105653,1.064410,0.849540,1.092389,0.927457,1.137984,0.000000,1.632296,1.366628,1.331312,0.691698,0.605774,1.109612,1.137556,0.548647,0.539972,0.845666,1.091001,0.574311,0.871196,0.676621,0.709988,0.074380,0.638260,0.731948,1.105239,0.270443,0.414036,0.539317,0.231881,0.378709,0.453274,0.476766,0.443206,0.624431,0.686184,0.101647,0.165192,0.218983,0.299659,0.332853,0.434924,0.229703,0.444782,0.131259,0.276071,0.621708,0.634924
