0.000000,1.120512,0.778421,0.618270,0.147215,0.097551,0.395393,0.351130,0.312747,0.293381,0.799956,0.538904,0.681874,0.580303,0.688596,0.701890,0.332220,0.483884,0.920136,0.862571,0.392749,0.331690,0.580933,0.483008,0.270626,0.348372,0.341217,0.366764,0.487527,0.238781,0.480397,0.562059,0.678164,0.734253,0.435009,0.013846,0.149118,0.008184,0.399601,0.249097,0.528942,0.384783,0.444321,0.487663,0.288591,0.449459,0.537101,0.536255,0.556781,0.813562,0.721236,0.712420,0.503132,0.615372,0.529142,0.450352,1.230823,0.717438,0.589061,0.554838,0.521878,0.486133,0.428968,0.436377,0.369576,0.376329,0.719544,0.669089,0.781408,0.668548,0.421337,0.334056,0.665222,0.624479,0.619420,0.410036,0.444576,0.343134,0.345007,0.379650,0.594998,0.505218,0.656156,0.733316,0.543199,0.359403,0.343701,0.416591,0.647027,0.414789
1.120512,0.000000,0.458532,0.396427,0.394232,0.373367,0.121206,0.123423,0.127028,0.288307,0.540293,0.778218,0.433518,0.466218,0.646625,0.533009,0.329181,0.614457,0.761788,0.783506,0.308948,0.320828,0.714565,0.623215,0.404432,0.518994,0.474327,0.529477,0.364598,0.199279,0.346888,0.503300,0.654673,0.777253,0.390554,0.146522,0.058724,0.079813,0.421680,0.287497,0.471848,0.394633,0.446368,0.548351,0.324514,0.584941,0.503998,0.629888,0.517194,0.868400,0.662744,0.785076,0.567193,0.526682,0.456874,0.642718,1.152369,1.196371,0.447357,0.741114,0.437193,0.556541,0.396522,0.524415,0.330828,0.383420,0.661739,0.781851,0.751615,0.720648,0.296810,0.244534,0.562195,0.603803,0.564457,0.478718,0.268946,0.255240,0.275912,0.407393,0.513570,0.554966,0.751794,0.860705,0.528346,0.539469,0.340588,0.452750,0.681081,0.555657
0.778421,0.458532,0.000000,1.361333,-0.189009,-0.296479,1.339509,1.062762,0.816996,0.351729,0.780263,0.273577,0.771500,0.774839,0.327066,0.526463,-0.044194,0.047685,0.841342,0.897620,0.501011,0.417396,0.559678,0.482771,0.208067,0.220409,0.063534,0.121669,0.407960,0.237070,0.919792,0.816056,0.456980,0.600929,0.619069,0.135558,0.203062,-0.093398,0.443728,0.200024,0.528351,0.299772,0.304238,0.258224,0.163941,0.280911,0.283833,0.303779,0.326331,0.500384,0.697783,0.653417,0.413537,0.682837,0.637795,0.476540,0.484747,0.135782,0.513611,0.256850,0.643023,0.354096,0.351409,0.115764,0.604488,0.343759,0.807132,0.792818,0.522872,0.479326,0.753103,0.641780,0.860503,0.713637,0.886416,0.718375,0.823817,0.694769,0.224074,0.081057,0.460489,0.286961,0.301387,0.526969,0.506429,0.261568,0.272118,0.339428,0.750781,0.526143
0.618270,0.396427,1.361333,0.000000,-0.403731,-0.518748,1.352347,1.607859,0.743457,0.184885,0.646945,0.261592,0.547802,0.660871,0.189911,0.455368,-0.092079,-0.019232,0.759390,0.911458,0.561522,0.478992,0.254106,0.232350,-0.049745,-0.052727,-0.116658,-0.040046,0.391736,0.231074,1.027410,0.820079,0.387176,0.596182,0.534045,0.211758,0.131714,-0.093123,0.364329,0.215014,0.384439,0.272102,0.130873,0.101752,0.022110,0.157392,0.104232,0.188424,0.188250,0.434105,0.478226,0.562571,0.283593,0.522714,0.517268,0.506449,0.407976,0.169477,0.482415,0.380300,0.587594,0.471731,0.355444,0.158309,0.346660,0.300458,0.698457,0.808866,0.462977,0.407628,0.931991,0.689397,0.823637,0.790463,0.911793,0.774337,0.813124,0.666990,0.215938,0.032936,0.410339,0.271544,0.162030,0.417289,0.391460,0.190134,0.177111,0.285546,0.629906,0.565001
0.147215,0.394232,-0.189009,-0.403731,0.000000,1.365722,-0.506821,-0.661900,-0.187777,0.537640,0.163953,0.449523,0.133846,0.102627,0.467134,0.219359,0.367410,0.302742,0.027154,-0.062385,-0.128654,-0.124743,0.653979,0.699176,0.833103,0.793246,0.867332,0.789207,0.051098,-0.060538,-0.285105,-0.105612,0.242405,0.166303,0.266821,0.163365,0.187723,0.190379,0.316553,0.168026,0.271519,0.105857,0.163367,0.195723,0.259954,0.248949,0.225123,0.179545,0.228072,0.257205,0.246510,0.168716,0.346814,0.101660,0.188760,0.180948,0.282319,0.293720,0.181449,0.256471,0.163927,0.074599,0.172132,0.110082,0.260390,0.131812,0.164604,0.139936,0.022517,0.094315,-0.287563,-0.276040,0.070085,-0.049095,0.022800,-0.035764,0.006145,0.091144,0.141005,0.270228,0.173742,0.149950,0.510992,0.316668,0.287957,0.279253,0.285646,0.248144,0.202809,0.092352
0.097551,0.373367,-0.296479,-0.518748,1.365722,0.000000,-0.599356,-0.811252,-0.504098,0.455076,0.118052,0.445601,0.044031,0.031079,0.370165,0.115023,0.388023,0.357940,-0.040249,-0.120495,-0.263254,-0.219845,0.528945,0.560760,0.528792,0.719498,0.649683,0.713411,0.028152,-0.042153,-0.481740,-0.253704,0.195945,0.115894,0.183075,0.144845,0.170408,0.285533,0.227375,0.208531,0.185326,0.130335,0.150459,0.188956,0.153709,0.180544,0.214327,0.172885,0.129611,0.195376,0.183308,0.149310,0.341388,0.039827,0.160636,0.191356,0.301851,0.333994,0.166675,0.266194,0.151834,0.113720,0.205861,0.217123,0.145476,0.160964,0.075129,0.056537,0.007872,0.041540,-0.452178,-0.410007,-0.024871,-0.104868,-0.090109,-0.128006,-0.047185,0.021777,0.120333,0.273697,0.113556,0.156941,0.469213,0.292225,0.205951,0.253667,0.255012,0.220192,0.173357,0.114061
0.395393,0.121206,1.339509,1.352347,-0.506821,-0.599356,0.000000,1.573170,0.813046,0.192307,0.598584,0.101995,0.620591,0.591131,-0.021112,0.254717,-0.188335,-0.150895,0.602769,0.682725,0.495480,0.404700,0.149716,0.117198,-0.031975,-0.070242,-0.173676,-0.095864,0.348109,0.253335,0.882511,0.666581,0.301174,0.457527,0.486883,0.170037,0.161653,-0.137589,0.295340,0.172375,0.310079,0.182693,0.110681,0.032290,0.024717,0.076355,0.036199,0.058951,0.109784,0.223950,0.413176,0.409034,0.193922,0.429008,0.449840,0.341579,0.173489,-0.122218,0.439045,0.144937,0.577215,0.295281,0.285066,0.022356,0.402892,0.271860,0.601145,0.590164,0.303132,0.273728,0.731443,0.593584,0.638062,0.556529,0.692917,0.648496,0.745502,0.619685,0.177855,-0.039902,0.308614,0.183325,0.030240,0.268503,0.311643,0.101789,0.148414,0.216050,0.535873,0.441312
0.351130,0.123423,1.062762,1.607859,-0.661900,-0.811252,1.573170,0.000000,0.767964,0.066898,0.498508,0.111048,0.522190,0.597119,0.016346,0.291524,-0.158281,-0.113316,0.518477,0.627684,0.587620,0.525420,0.055353,0.025850,-0.169926,-0.202519,-0.263157,-0.187602,0.376549,0.297442,1.046737,0.757182,0.275543,0.447867,0.374975,0.117510,0.102637,-0.114845,0.255335,0.178915,0.276894,0.223770,0.010489,-0.028365,-0.080792,0.032460,-0.040075,0.032343,0.052348,0.230094,0.335455,0.387212,0.159541,0.442732,0.379691,0.358601,0.159822,-0.046177,0.356044,0.197503,0.495514,0.380102,0.300456,0.100617,0.303700,0.274898,0.507247,0.556201,0.257974,0.238800,0.887904,0.699274,0.643217,0.675967,0.699125,0.688276,0.662215,0.548199,0.189926,-0.025547,0.333001,0.212678,0.021999,0.270519,0.291429,0.124611,0.106368,0.194423,0.445036,0.482713
0.312747,0.127028,0.816996,0.743457,-0.187777,-0.504098,0.813046,0.767964,0.000000,0.090806,0.314023,0.081795,0.473988,0.556745,0.132073,0.393624,-0.023071,-0.014836,0.384001,0.440606,0.655352,0.528920,0.255896,0.238238,0.268625,0.180423,0.009272,-0.049606,0.316363,0.260225,0.892499,0.710921,0.259407,0.318585,0.248297,-0.020403,0.066990,-0.153596,0.160695,0.020577,0.250249,0.092536,0.165165,0.150633,0.199980,0.244102,0.158241,0.179215,0.264430,0.227569,0.345043,0.233869,0.105139,0.324737,0.173235,0.053893,0.073012,-0.074889,0.171274,0.023490,0.272743,0.100451,0.110914,-0.075657,0.421083,0.175267,0.431256,0.385059,0.266538,0.293760,0.697748,0.654472,0.454599,0.404827,0.385588,0.382774,0.295490,0.210846,0.233661,0.152667,0.307094,0.177155,0.074915,0.188746,0.283269,0.152617,0.198771,0.225907,0.204706,0.091766
0.293381,0.288307,0.351729,0.184885,0.537640,0.455076,0.192307,0.066898,0.090806,0.000000,0.361280,0.224213,0.461839,0.398894,0.445125,0.355744,0.014986,-0.135384,0.344851,0.236833,0.054547,0.057200,0.632523,0.629135,0.390302,0.311039,0.502929,0.454632,0.075534,-0.099296,0.124014,0.180949,0.229958,0.283845,0.439929,0.155256,0.183146,-0.034804,0.395183,0.131476,0.348748,0.153846,0.175422,0.192860,0.327125,0.292806,0.170522,0.135982,0.319385,0.338608,0.296062,0.203217,0.255242,0.291731,0.450270,0.304182,0.224036,0.032712,0.319265,0.119914,0.384856,0.129210,0.162472,-0.091657,0.425322,0.121903,0.331331,0.321728,0.119908,0.206037,0.076260,0.063051,0.353573,0.101886,0.421586,0.232623,0.479208,0.515503,0.020950,-0.025460,0.133127,-0.021413,0.304020,0.302360,0.234149,0.057952,0.318812,0.252566,0.474377,0.258309
0.799956,0.540293,0.780263,0.646945,0.163953,0.118052,0.598584,0.498508,0.314023,0.361280,0.000000,0.737667,1.165253,0.923381,0.607882,0.656257,0.461154,0.386240,0.743384,0.677951,0.508891,0.388677,0.576326,0.490755,0.239386,0.353698,0.341179,0.369249,0.780596,0.438902,0.579969,0.646764,0.928864,0.980261,0.698773,0.163302,0.361589,0.148697,0.663203,0.445339,0.632037,0.563618,0.271149,0.212293,0.099366,0.213934,0.263967,0.222612,0.268360,0.497196,0.728311,0.696907,0.707023,0.584559,0.704798,0.519850,0.711647,0.306675,0.863568,0.565892,1.022807,0.635947,0.875803,0.469915,0.509862,0.497503,0.869863,0.696226,0.409322,0.386288,0.333797,0.155379,0.936127,0.761289,0.625286,0.486430,0.695073,0.520064,0.563874,0.394952,0.725997,0.583860,0.754825,0.766178,0.732640,0.388641,0.499042,0.491486,0.716116,0.582562
0.538904,0.778218,0.273577,0.261592,0.449523,0.445601,0.101995,0.111048,0.081795,0.224213,0.737667,0.000000,0.578630,0.672426,0.479845,0.391176,0.664646,0.923563,0.505931,0.400426,0.401252,0.413769,0.637610,0.581491,0.325361,0.536126,0.372309,0.354845,0.659492,0.615865,0.318010,0.484963,0.854253,0.802882,0.432127,0.213194,0.268844,0.438701,0.534430,0.635325,0.526659,0.483152,0.089524,0.170778,-0.039569,0.192959,0.136715,0.203166,0.126623,0.478357,0.541210,0.657346,0.728156,0.442728,0.400804,0.608604,0.675064,0.599803,0.516065,0.779245,0.825874,1.009800,0.843567,0.985200,0.480453,0.720878,0.559132,0.508705,0.285291,0.286197,0.159172,0.153621,0.568497,0.639759,0.428784,0.381216,0.307846,0.322319,0.650402,0.690026,0.718065,0.951426,0.945339,0.939104,0.733648,0.821709,0.544836,0.575571,0.680978,0.789244
0.681874,0.433518,0.771500,0.547802,0.133846,0.044031,0.620591,0.522190,0.473988,0.461839,1.165253,0.578630,0.000000,1.243337,0.722739,0.766877,0.490583,0.366920,0.637597,0.550430,0.620354,0.542393,0.652681,0.589023,0.403827,0.453009,0.438781,0.387616,0.932219,0.562829,0.710563,0.763940,0.905763,0.884389,0.615331,0.093959,0.433316,0.182671,0.707316,0.475160,0.734928,0.574355,0.292736,0.314519,0.219711,0.322945,0.318399,0.262581,0.386669,0.481648,0.806297,0.596125,0.665540,0.709265,0.708391,0.403864,0.481874,0.151683,0.658901,0.339675,0.889096,0.514301,0.746957,0.383849,0.816942,0.570906,0.871595,0.606865,0.362060,0.413528,0.426002,0.307050,0.928099,0.728319,0.623598,0.430929,0.689346,0.544725,0.664311,0.501539,0.876131,0.606256,0.806517,0.808994,0.852192,0.486207,0.625672,0.661902,0.587787,0.476914
0.580303,0.466218,0.774839,0.660871,0.102627,0.031079,0.591131,0.597119,0.556745,0.398894,0.923381,0.672426,1.243337,0.000000,0.748518,0.973045,0.493294,0.414185,0.620189,0.556170,0.868092,0.737165,0.706323,0.664230,0.345207,0.457390,0.339211,0.329174,0.912223,0.586975,0.916756,0.991550,0.895205,0.924170,0.606584,0.107270,0.406780,0.277620,0.704869,0.501389,0.763120,0.555636,0.284970,0.334687,0.171599,0.380485,0.290113,0.305597,0.321254,0.455283,0.778351,0.637228,0.638414,0.688667,0.657267,0.423755,0.446026,0.188147,0.549928,0.423761,0.808759,0.646563,0.671919,0.454153,0.768914,0.745968,0.823710,0.720928,0.360524,0.415738,0.576028,0.453508,1.039407,0.886718,0.677843,0.508560,0.645584,0.493958,0.720347,0.527649,0.917657,0.652712,0.800953,0.875369,0.844424,0.594657,0.682693,0.699116,0.530207,0.505806
0.688596,0.646625,0.327066,0.189911,0.467134,0.370165,-0.021112,0.016346,0.132073,0.445125,0.607882,0.479845,0.722739,0.748518,0.000000,1.353313,0.577266,0.406693,0.566691,0.477964,0.429228,0.382142,0.793197,0.715727,0.375669,0.475101,0.715235,0.636972,0.526685,0.172707,0.365455,0.533324,0.728159,0.642623,0.417974,-0.048156,0.199847,0.173663,0.546741,0.274075,0.558149,0.436147,0.394279,0.469731,0.331629,0.456096,0.477625,0.463747,0.486061,0.487918,0.574672,0.416391,0.583743,0.484187,0.490734,0.255099,0.643567,0.477623,0.344639,0.385666,0.402637,0.343948,0.429206,0.302951,0.472224,0.328054,0.553703,0.490110,0.535751,0.585449,0.271396,0.190474,0.640037,0.508466,0.373478,0.227273,0.324621,0.199126,0.420473,0.434044,0.579589,0.361625,0.907412,0.690160,0.576829,0.359735,0.476646,0.511120,0.295460,0.182216
0.701890,0.533009,0.526463,0.455368,0.219359,0.115023,0.254717,0.291524,0.393624,0.355744,0.656257,0.391176,0.766877,0.973045,1.353313,0.000000,0.474621,0.301639,0.624694,0.598794,0.674679,0.583176,0.627708,0.583266,0.286237,0.373093,0.532655,0.516293,0.610668,0.208497,0.662022,0.801048,0.774970,0.754053,0.484735,-0.013727,0.188746,0.124817,0.502450,0.259969,0.531100,0.386094,0.374940,0.426049,0.283307,0.408493,0.417819,0.425313,0.437697,0.459337,0.575774,0.413923,0.508854,0.514333,0.489278,0.205804,0.562358,0.362174,0.399918,0.399756,0.463783,0.421504,0.417656,0.267843,0.464403,0.394934,0.637883,0.617985,0.539238,0.585131,0.521237,0.366533,0.754577,0.619383,0.467876,0.285171,0.439571,0.246395,0.486813,0.401508,0.631100,0.342072,0.689397,0.630769,0.551645,0.290563,0.450991,0.457327,0.256043,0.144246
0.332220,0.329181,-0.044194,-0.092079,0.367410,0.388023,-0.188335,-0.158281,-0.023071,0.014986,0.461154,0.664646,0.490583,0.493294,0.577266,0.474621,0.000000,0.987161,0.165825,0.053817,0.509325,0.459088,0.346119,0.326178,0.275406,0.492673,0.467906,0.334645,1.068642,0.876321,0.116277,0.228209,0.808357,0.553805,0.213047,-0.015274,0.577410,0.778434,0.501450,0.639600,0.486822,0.463510,0.253745,0.331414,0.099305,0.295912,0.423161,0.346461,0.296400,0.377480,0.555728,0.439568,0.560703,0.419223,0.336533,0.179368,0.467478,0.395591,0.357752,0.323616,0.460889,0.467644,0.815839,0.741860,0.391834,0.618656,0.338157,0.081239,0.170205,0.191847,-0.132677,-0.103391,0.350100,0.392635,0.042667,-0.019326,0.097297,-0.011689,1.225832,1.314651,0.865766,0.917112,0.972223,0.585208,0.623374,0.562529,0.751294,0.676562,0.123456,0.189367
0.483884,0.614457,0.047685,-0.019232,0.302742,0.357940,-0.150895,-0.113316,-0.014836,-0.135384,0.386240,0.923563,0.366920,0.414185,0.406693,0.301639,0.987161,0.000000,0.222720,0.146249,0.387703,0.408486,0.421235,0.387014,0.299359,0.566379,0.308607,0.270295,0.697871,0.807602,0.146762,0.282243,0.661614,0.498171,0.094437,-0.028386,0.271580,0.537046,0.317621,0.505612,0.407112,0.420682,0.202393,0.317520,0.023905,0.270981,0.310272,0.325611,0.234361,0.431269,0.521601,0.593190,0.497567,0.402502,0.204675,0.272848,0.624799,0.606761,0.229704,0.429479,0.351990,0.678764,0.585186,1.274510,0.328693,0.819636,0.296856,0.174059,0.231164,0.190806,-0.005816,0.099099,0.303482,0.495963,0.154861,0.139236,0.003419,-0.018551,0.746526,1.115576,0.723764,1.142465,0.838985,0.724569,0.580826,0.802096,0.548660,0.509357,0.283703,0.369122
0.920136,0.761788,0.841342,0.759390,0.027154,-0.040249,0.602769,0.518477,0.384001,0.344851,0.743384,0.505931,0.637597,0.620189,0.566691,0.624694,0.165825,0.222720,0.000000,1.714456,0.502155,0.422712,0.532093,0.406295,0.110046,0.140749,0.254728,0.249141,0.407314,0.180667,0.671927,0.722435,0.825196,0.924420,0.617494,0.147737,0.060434,-0.045943,0.449095,0.272072,0.415360,0.356088,0.214972,0.256227,0.134577,0.273051,0.237148,0.290205,0.255602,0.461648,0.480902,0.554724,0.504265,0.456156,0.540427,0.518782,0.837422,0.494254,0.461281,0.436854,0.717059,0.521545,0.413887,0.306958,0.387781,0.329385,0.746148,0.812427,1.002489,0.919889,0.521873,0.372368,0.713819,0.629480,0.656910,0.619238,0.554806,0.435834,0.314871,0.221475,0.510534,0.437773,0.533887,0.654346,0.433245,0.285153,0.254179,0.361327,0.708469,0.485837
0.862571,0.783506,0.897620,0.911458,-0.062385,-0.120495,0.682725,0.627684,0.440606,0.236833,0.677951,0.400426,0.550430,0.556170,0.477964,0.598794,0.053817,0.146249,1.714456,0.000000,0.456961,0.361767,0.420739,0.339658,0.082775,0.123164,0.167696,0.222162,0.352581,0.105607,0.680671,0.693187,0.685810,0.868976,0.564704,0.140932,0.013866,-0.114948,0.386833,0.187659,0.388751,0.345645,0.248556,0.257176,0.141670,0.281875,0.245608,0.319294,0.260355,0.481894,0.479091,0.588912,0.427767,0.445145,0.495832,0.508963,0.749449,0.519442,0.431994,0.473371,0.587525,0.443083,0.356022,0.226772,0.296626,0.247407,0.790186,0.969991,1.083419,0.992222,0.630446,0.414414,0.729180,0.675807,0.659597,0.663947,0.549747,0.427214,0.213228,0.117155,0.445951,0.344923,0.417864,0.585877,0.405864,0.247499,0.146926,0.321599,0.625569,0.461550
0.392749,0.308948,0.501011,0.561522,-0.128654,-0.263254,0.495480,0.587620,0.655352,0.054547,0.508891,0.401252,0.620354,0.868092,0.429228,0.674679,0.509325,0.387703,0.502155,0.456961,0.000000,1.416112,0.288675,0.251559,0.140820,0.185732,0.261859,0.203022,0.813564,0.712257,1.075166,1.020071,0.780664,0.736968,0.268629,-0.102308,0.271580,0.236767,0.459761,0.410649,0.436486,0.363630,0.340565,0.358488,0.278925,0.451423,0.368531,0.361736,0.448459,0.432538,0.592140,0.530442,0.399463,0.533791,0.404099,0.208860,0.362522,0.249197,0.377473,0.264573,0.470206,0.471745,0.459862,0.396829,0.421209,0.518460,0.568247,0.441630,0.335851,0.462114,0.505425,0.489541,0.622678,0.706248,0.438240,0.423573,0.285139,0.134985,0.741968,0.591618,0.715643,0.622454,0.555899,0.586912,0.520397,0.433792,0.571970,0.544436,0.237889,0.285797
0.331690,0.320828,0.417396,0.478992,-0.124743,-0.219845,0.404700,0.525420,0.528920,0.057200,0.388677,0.413769,0.542393,0.737165,0.382142,0.583176,0.459088,0.408486,0.422712,0.361767,1.416112,0.000000,0.310388,0.250635,0.135516,0.156606,0.273432,0.227535,0.746299,0.737968,0.976263,0.974803,0.694528,0.647618,0.166240,-0.090688,0.209752,0.248208,0.404922,0.428837,0.337132,0.464242,0.314883,0.400440,0.233894,0.428467,0.329709,0.373162,0.346042,0.345516,0.504804,0.463103,0.397344,0.485137,0.346200,0.230154,0.336055,0.261897,0.246584,0.185872,0.445093,0.516198,0.438820,0.422132,0.469648,0.521632,0.457533,0.374958,0.292247,0.409102,0.461951,0.488110,0.480284,0.623035,0.378754,0.433774,0.244211,0.139111,0.636106,0.573905,0.630662,0.601160,0.520924,0.625993,0.485760,0.490996,0.576579,0.455631,0.272786,0.340728
0.580933,0.714565,0.559678,0.254106,0.653979,0.528945,0.149716,0.055353,0.255896,0.632523,0.576326,0.637610,0.652681,0.706323,0.793197,0.627708,0.346119,0.421235,0.532093,0.420739,0.288675,0.310388,0.000000,1.861832,0.881221,0.983605,0.665878,0.659521,0.405677,0.275584,0.396492,0.579107,0.601439,0.629000,0.572704,0.153968,0.284770,0.172968,0.630636,0.373879,0.663623,0.386560,0.332055,0.412348,0.273151,0.424585,0.377692,0.387646,0.374782,0.512293,0.703306,0.582505,0.600061,0.552607,0.574203,0.471730,0.567288,0.317193,0.315923,0.288700,0.542519,0.361124,0.408487,0.272604,0.844667,0.434124,0.612186,0.593531,0.327993,0.397930,0.275972,0.302581,0.646414,0.536580,0.627422,0.412964,0.469007,0.510899,0.331268,0.407302,0.522526,0.434735,0.782910,0.834145,0.636085,0.607585,0.548413,0.539904,0.635164,0.462709
0.483008,0.623215,0.482771,0.232350,0.699176,0.560760,0.117198,0.025850,0.238238,0.629135,0.490755,0.581491,0.589023,0.664230,0.715727,0.583266,0.326178,0.387014,0.406295,0.339658,0.251559,0.250635,1.861832,0.000000,1.005598,1.075142,0.697809,0.690416,0.381742,0.244369,0.339724,0.501857,0.500906,0.545278,0.579519,0.217744,0.358614,0.201325,0.678094,0.368660,0.665747,0.343763,0.295871,0.359026,0.299956,0.390159,0.339490,0.333186,0.383891,0.488713,0.701715,0.558481,0.584822,0.525235,0.586185,0.460151,0.462891,0.243346,0.249838,0.238414,0.464749,0.304412,0.392558,0.240302,0.848945,0.420742,0.604014,0.603214,0.258439,0.326167,0.284573,0.295305,0.595262,0.482583,0.598567,0.417109,0.505259,0.565487,0.344135,0.411625,0.529168,0.418286,0.753544,0.817696,0.690950,0.651937,0.584469,0.624186,0.584704,0.474166
0.270626,0.404432,0.208067,-0.049745,0.833103,0.528792,-0.031975,-0.169926,0.268625,0.390302,0.239386,0.325361,0.403827,0.345207,0.375669,0.286237,0.275406,0.299359,0.110046,0.082775,0.140820,0.135516,0.881221,1.005598,0.000000,1.333251,0.891727,0.807520,0.281807,0.172746,0.170433,0.263838,0.302028,0.298218,0.353160,0.145725,0.399161,0.103635,0.490198,0.218354,0.477604,0.139299,0.344516,0.350161,0.440461,0.396243,0.375588,0.297933,0.453372,0.372896,0.580352,0.367498,0.376004,0.352387,0.362275,0.211972,0.221299,0.104701,0.134656,0.060866,0.187272,0.032646,0.185752,0.024229,0.616534,0.229566,0.403052,0.352704,0.126185,0.219793,0.141699,0.147846,0.294493,0.211778,0.291155,0.172888,0.214339,0.299897,0.260862,0.364772,0.373711,0.252244,0.480263,0.445215,0.485920,0.454321,0.402895,0.477621,0.310843,0.184720
0.348372,0.518994,0.220409,-0.052727,0.793246,0.719498,-0.070242,-0.202519,0.180423,0.311039,0.353698,0.536126,0.453009,0.457390,0.475101,0.373093,0.492673,0.566379,0.140749,0.123164,0.185732,0.156606,0.983605,1.075142,1.333251,0.000000,0.771343,0.815427,0.428390,0.326962,0.131803,0.276107,0.422437,0.380275,0.343235,0.090539,0.403646,0.264771,0.468496,0.315142,0.517367,0.264634,0.371125,0.383410,0.317611,0.373457,0.440542,0.364362,0.393767,0.428690,0.685089,0.494107,0.523836,0.430897,0.379007,0.231047,0.369384,0.257030,0.226208,0.198977,0.293549,0.177591,0.342729,0.255267,0.598540,0.408057,0.422686,0.340407,0.170889,0.229616,0.088323,0.143575,0.392417,0.336495,0.229193,0.151816,0.184937,0.212199,0.428264,0.564283,0.503720,0.433194,0.645404,0.574137,0.587072,0.589974,0.488093,0.541783,0.330964,0.252553
0.341217,0.474327,0.063534,-0.116658,0.867332,0.649683,-0.173676,-0.263157,0.009272,0.502929,0.341179,0.372309,0.438781,0.339211,0.715235,0.532655,0.467906,0.308607,0.254728,0.167696,0.261859,0.273432,0.665878,0.697809,0.891727,0.771343,0.000000,1.349874,0.342043,0.103456,0.119289,0.233156,0.487126,0.406342,0.340549,0.121545,0.305864,0.135014,0.474480,0.204700,0.315894,0.199598,0.469750,0.496730,0.541690,0.509464,0.539051,0.464723,0.580415,0.460187,0.614311,0.392156,0.596100,0.488758,0.434437,0.223774,0.421437,0.338022,0.232881,0.174351,0.225643,0.097743,0.305361,0.114544,0.439723,0.175216,0.424146,0.345271,0.310240,0.437987,0.073720,0.058901,0.303800,0.185900,0.229662,0.141142,0.188422,0.140351,0.413598,0.447179,0.450306,0.301562,0.631495,0.529212,0.499002,0.393725,0.466406,0.467614,0.272144,0.172090
0.366764,0.529477,0.121669,-0.040046,0.789207,0.713411,-0.095864,-0.187602,-0.049606,0.454632,0.369249,0.354845,0.387616,0.329174,0.636972,0.516293,0.334645,0.270295,0.249141,0.222162,0.203022,0.227535,0.659521,0.690416,0.807520,0.815427,1.349874,0.000000,0.313757,0.072319,0.114546,0.246342,0.424761,0.419916,0.399723,0.179107,0.308691,0.148694,0.507182,0.251638,0.353637,0.228469,0.472530,0.459100,0.445437,0.454170,0.498934,0.473571,0.458777,0.432617,0.634468,0.449313,0.631991,0.476187,0.495375,0.315875,0.464128,0.338292,0.314459,0.285426,0.264747,0.156582,0.323105,0.120212,0.371907,0.251153,0.467044,0.489762,0.305478,0.381011,0.160616,0.121620,0.374660,0.291811,0.310111,0.284834,0.293484,0.252278,0.302589,0.319333,0.419097,0.263714,0.557792,0.563339,0.514025,0.405590,0.343046,0.411345,0.344972,0.282253
0.487527,0.364598,0.407960,0.391736,0.051098,0.028152,0.348109,0.376549,0.316363,0.075534,0.780596,0.659492,0.932219,0.912223,0.526685,0.610668,1.068642,0.697871,0.407314,0.352581,0.813564,0.746299,0.405677,0.381742,0.281807,0.428390,0.342043,0.313757,0.000000,1.261179,0.569635,0.605514,0.936400,0.836341,0.444348,0.105980,0.770507,0.674404,0.755121,0.773536,0.785948,0.685067,0.278971,0.306773,0.070099,0.290531,0.376031,0.344867,0.309906,0.448067,0.865004,0.707573,0.622249,0.668764,0.598447,0.398034,0.456409,0.224171,0.557147,0.366458,0.772577,0.630842,1.074743,0.661490,0.621951,0.754806,0.649310,0.404761,0.269588,0.289613,0.324631,0.245348,0.765887,0.834238,0.412938,0.301300,0.518764,0.370155,1.313376,1.028083,1.255970,1.004896,0.891352,0.786843,0.880097,0.649815,0.740752,0.826596,0.341393,0.449255
0.238781,0.199279,0.237070,0.231074,-0.060538,-0.042153,0.253335,0.297442,0.260225,-0.099296,0.438902,0.615865,0.562829,0.586975,0.172707,0.208497,0.876321,0.807602,0.180667,0.105607,0.712257,0.737968,0.275584,0.244369,0.172746,0.326962,0.103456,0.072319,1.261179,0.000000,0.418653,0.426623,0.614372,0.510735,0.202226,0.042218,0.623071,0.789125,0.510643,0.813341,0.550923,0.560241,0.133659,0.206859,-0.041664,0.213429,0.225327,0.210877,0.180666,0.314229,0.602034,0.583720,0.394964,0.463981,0.338446,0.305478,0.238592,0.098879,0.354533,0.234584,0.577100,0.624266,0.847344,0.767867,0.550070,0.801304,0.388216,0.155586,0.048576,0.089615,0.145705,0.248025,0.445939,0.643564,0.276618,0.205083,0.282301,0.255489,1.086143,1.091146,0.882076,1.125300,0.633962,0.627623,0.631566,0.741929,0.687897,0.642496,0.274785,0.461273
0.480397,0.346888,0.919792,1.027410,-0.285105,-0.481740,0.882511,1.046737,0.892499,0.124014,0.579969,0.318010,0.710563,0.916756,0.365455,0.662022,0.116277,0.146762,0.671927,0.680671,1.075166,0.976263,0.396492,0.339724,0.170433,0.131803,0.119289,0.114546,0.569635,0.418653,0.000000,1.824393,0.644121,0.781919,0.385855,-0.018204,0.094170,-0.092101,0.392368,0.210430,0.411795,0.288801,0.207181,0.225935,0.177716,0.272411,0.165047,0.216837,0.294550,0.369677,0.493034,0.450602,0.325983,0.548854,0.408447,0.267798,0.344710,0.158564,0.291884,0.210449,0.490878,0.426556,0.309169,0.202379,0.450691,0.348835,0.617691,0.668113,0.380233,0.443172,0.940831,0.745667,0.810409,0.820109,0.737064,0.621272,0.469747,0.360968,0.366141,0.227252,0.521522,0.370992,0.334103,0.531579,0.395400,0.294237,0.311682,0.357113,0.378518,0.363934
0.562059,0.503300,0.816056,0.820079,-0.105612,-0.253704,0.666581,0.757182,0.710921,0.180949,0.646764,0.484963,0.763940,0.991550,0.533324,0.801048,0.228209,0.282243,0.722435,0.693187,1.020071,0.974803,0.579107,0.501857,0.263838,0.276107,0.233156,0.246342,0.605514,0.426623,1.824393,0.000000,0.800232,0.953614,0.433762,-0.021734,0.072166,-0.039301,0.446984,0.270230,0.470588,0.338285,0.225612,0.272552,0.200271,0.315443,0.190536,0.251068,0.312933,0.423418,0.527639,0.491102,0.413564,0.571865,0.412149,0.292687,0.450489,0.291348,0.316736,0.306672,0.552343,0.506333,0.350602,0.314159,0.513045,0.414103,0.648591,0.719161,0.421771,0.470513,0.805342,0.652744,0.848603,0.851844,0.700496,0.608166,0.411541,0.311941,0.393688,0.308265,0.559611,0.432349,0.506603,0.686894,0.450177,0.392168,0.402707,0.424292,0.408589,0.396692
0.678164,0.654673,0.456980,0.387176,0.242405,0.195945,0.301174,0.275543,0.259407,0.229958,0.928864,0.854253,0.905763,0.895205,0.728159,0.774970,0.808357,0.661614,0.825196,0.685810,0.780664,0.694528,0.601439,0.500906,0.302028,0.422437,0.487126,0.424761,0.936400,0.614372,0.644121,0.800232,0.000000,1.704454,0.634222,0.065528,0.308536,0.287533,0.666294,0.584594,0.591279,0.543337,0.330867,0.416362,0.213541,0.428565,0.393801,0.379941,0.361263,0.538211,0.695732,0.674314,0.687428,0.532282,0.564147,0.413171,0.731913,0.540799,0.649581,0.564665,0.925378,0.700364,0.836466,0.670619,0.560158,0.660545,0.925416,0.709511,0.562925,0.662935,0.227814,0.142829,0.750413,0.765350,0.476985,0.416906,0.380532,0.288066,0.811880,0.720968,0.876519,0.815867,1.109652,0.946656,0.620267,0.496863,0.596506,0.623752,0.456547,0.414064
0.734253,0.777253,0.600929,0.596182,0.166303,0.115894,0.457527,0.447867,0.318585,0.283845,0.980261,0.802882,0.884389,0.924170,0.642623,0.754053,0.553805,0.498171,0.924420,0.868976,0.736968,0.647618,0.629000,0.545278,0.298218,0.380275,0.406342,0.419916,0.836341,0.510735,0.781919,0.953614,1.704454,0.000000,0.745982,0.179621,0.270600,0.197359,0.707660,0.561531,0.612240,0.499241,0.302111,0.385611,0.222234,0.447707,0.337414,0.376651,0.359281,0.604085,0.685689,0.724554,0.626612,0.536330,0.633496,0.572903,0.732373,0.569288,0.695232,0.664240,0.971122,0.726232,0.796951,0.593869,0.546799,0.599716,1.084194,1.016719,0.599558,0.702316,0.384671,0.240550,0.902775,0.950064,0.691602,0.621571,0.529957,0.441366,0.634561,0.534352,0.801211,0.703022,0.922194,0.978677,0.611031,0.479997,0.519848,0.608662,0.576130,0.542026
0.435009,0.390554,0.619069,0.534045,0.266821,0.183075,0.486883,0.374975,0.248297,0.439929,0.698773,0.432127,0.615331,0.606584,0.417974,0.484735,0.213047,0.094437,0.617494,0.564704,0.268629,0.166240,0.572704,0.579519,0.353160,0.343235,0.340549,0.399723,0.444348,0.202226,0.385855,0.433762,0.634222,0.745982,0.000000,0.717314,0.396229,0.179890,0.722369,0.481011,0.621621,0.288537,0.097244,0.083748,0.076001,0.187069,0.128240,0.176050,0.154444,0.347340,0.586233,0.479854,0.553106,0.395782,0.686078,0.636130,0.355526,0.140290,0.794001,0.535082,0.943689,0.496368,0.585568,0.237733,0.674855,0.513092,1.004408,0.908111,0.356095,0.367927,0.307160,0.188937,0.766212,0.576421,0.803811,0.571871,0.901895,0.840875,0.411052,0.244360,0.577780,0.352707,0.547573,0.576815,0.557995,0.301582,0.354789,0.530231,0.678048,0.538712
0.013846,0.146522,0.135558,0.211758,0.163365,0.144845,0.170037,0.117510,-0.020403,0.155256,0.163302,0.213194,0.093959,0.107270,-0.048156,-0.013727,-0.015274,-0.028386,0.147737,0.140932,-0.102308,-0.090688,0.153968,0.217744,0.145725,0.090539,0.121545,0.179107,0.105980,0.042218,-0.018204,-0.021734,0.065528,0.179621,0.717314,0.000000,0.336768,0.278477,0.409122,0.354337,0.188961,-0.003229,-0.070074,-0.043240,-0.071432,-0.014233,-0.052158,0.088723,-0.108102,0.020144,0.196696,0.174277,0.323991,0.075357,0.389261,0.633887,0.056196,0.013359,0.341268,0.348702,0.392442,0.362590,0.329053,0.155111,0.279426,0.314776,0.384177,0.448411,0.022735,0.014070,0.145505,0.060461,0.192895,0.138783,0.420606,0.346206,0.633224,0.636874,0.229990,0.130613,0.274287,0.253136,0.133463,0.241053,0.348470,0.295249,0.150528,0.250272,0.489593,0.490373
0.149118,0.058724,0.203062,0.131714,0.187723,0.170408,0.161653,0.102637,0.066990,0.183146,0.361589,0.268844,0.433316,0.406780,0.199847,0.188746,0.577410,0.271580,0.060434,0.013866,0.271580,0.209752,0.284770,0.358614,0.399161,0.403646,0.305864,0.308691,0.770507,0.623071,0.094170,0.072166,0.308536,0.270600,0.396229,0.336768,0.000000,0.912284,1.028103,0.846961,0.775884,0.420902,0.183812,0.145496,0.052670,0.153700,0.319236,0.203123,0.209280,0.267054,0.691095,0.490216,0.531935,0.455850,0.837549,0.450989,0.122373,-0.108801,0.430724,0.127106,0.486033,0.310941,0.708247,0.293923,0.540403,0.522406,0.429519,0.216384,0.009582,0.053536,0.069947,0.056379,0.425612,0.397474,0.328602,0.198977,0.702853,0.637713,0.760042,0.560440,0.727038,0.527314,0.530586,0.436809,0.772425,0.496182,0.687357,0.790313,0.367109,0.440712
0.008184,0.079813,-0.093398,-0.093123,0.190379,0.285533,-0.137589,-0.114845,-0.153596,-0.034804,0.148697,0.438701,0.182671,0.277620,0.173663,0.124817,0.778434,0.537046,-0.045943,-0.114948,0.236767,0.248208,0.172968,0.201325,0.103635,0.264771,0.135014,0.148694,0.674404,0.789125,-0.092101,-0.039301,0.287533,0.197359,0.179890,0.278477,0.912284,0.000000,0.637565,0.973104,0.469469,0.413074,0.084744,0.165573,-0.116384,0.135676,0.216681,0.237378,0.041681,0.175188,0.404817,0.373090,0.434326,0.295958,0.399236,0.393278,0.076724,0.053826,0.281513,0.267880,0.395854,0.482812,0.704768,0.604360,0.375207,0.689054,0.211839,0.054919,-0.063465,-0.042513,-0.115381,-0.031527,0.213421,0.302511,0.062439,0.001667,0.301468,0.264139,0.778119,0.735111,0.592206,0.690128,0.523432,0.408824,0.567102,0.640377,0.621371,0.628997,0.186329,0.370088
0.399601,0.421680,0.443728,0.364329,0.316553,0.227375,0.295340,0.255335,0.160695,0.395183,0.663203,0.534430,0.707316,0.704869,0.546741,0.502450,0.501450,0.317621,0.449095,0.386833,0.459761,0.404922,0.630636,0.678094,0.490198,0.468496,0.474480,0.507182,0.755121,0.510643,0.392368,0.446984,0.666294,0.707660,0.722369,0.409122,1.028103,0.637565,0.000000,1.092374,0.993207,0.589055,0.318012,0.295907,0.192247,0.321713,0.385288,0.353545,0.310705,0.441670,0.850823,0.712884,0.776210,0.567841,1.338838,0.862071,0.392762,0.191829,0.593923,0.407986,0.755578,0.548159,0.780957,0.407645,0.752082,0.657639,0.837657,0.698113,0.261948,0.373424,0.265005,0.172771,0.808220,0.677281,0.676816,0.506556,0.896662,0.824528,0.670781,0.502228,0.858446,0.621702,0.900451,0.866503,0.948350,0.636558,0.841709,1.035632,0.719262,0.707710
0.249097,0.287497,0.200024,0.215014,0.168026,0.208531,0.172375,0.178915,0.020577,0.131476,0.445339,0.635325,0.475160,0.501389,0.274075,0.259969,0.639600,0.505612,0.272072,0.187659,0.410649,0.428837,0.373879,0.368660,0.218354,0.315142,0.204700,0.251638,0.773536,0.813341,0.210430,0.270230,0.584594,0.561531,0.481011,0.354337,0.846961,0.973104,1.092374,0.000000,0.633403,0.600768,0.152985,0.192702,-0.031683,0.182158,0.259472,0.262840,0.114863,0.319094,0.573820,0.598255,0.521731,0.371197,0.818111,0.796279,0.299159,0.195169,0.537063,0.479492,0.721147,0.729218,0.848328,0.709816,0.563024,0.842928,0.546332,0.385791,0.113176,0.191723,0.073571,0.096187,0.475554,0.607065,0.408897,0.304739,0.568712,0.557705,0.775199,0.680894,0.713368,0.769582,0.693134,0.678009,0.687317,0.655832,0.841515,0.959815,0.593719,0.681602
0.528942,0.471848,0.528351,0.384439,0.271519,0.185326,0.310079,0.276894,0.250249,0.348748,0.632037,0.526659,0.734928,0.763120,0.558149,0.531100,0.486822,0.407112,0.415360,0.388751,0.436486,0.337132,0.663623,0.665747,0.477604,0.517367,0.315894,0.353637,0.785948,0.550923,0.411795,0.470588,0.591279,0.612240,0.621621,0.188961,0.775884,0.469469,0.993207,0.633403,0.000000,0.591497,0.213645,0.197794,0.117983,0.293186,0.254328,0.219647,0.309831,0.516373,0.743512,0.643693,0.554153,0.567993,0.726770,0.513280,0.430307,0.193610,0.546196,0.385378,0.587620,0.467179,0.631543,0.420109,0.621911,0.564608,0.699853,0.569926,0.256676,0.275395,0.266705,0.193020,0.908330,0.789815,0.678884,0.455218,0.699584,0.685601,0.537158,0.432624,0.901920,0.608947,0.912415,0.845292,0.876128,0.581723,0.606359,0.765743,0.528807,0.514485
0.384783,0.394633,0.299772,0.272102,0.105857,0.130335,0.182693,0.223770,0.092536,0.153846,0.563618,0.483152,0.574355,0.555636,0.436147,0.386094,0.463510,0.420682,0.356088,0.345645,0.363630,0.464242,0.386560,0.343763,0.139299,0.264634,0.199598,0.228469,0.685067,0.560241,0.288801,0.338285,0.543337,0.499241,0.288537,-0.003229,0.420902,0.413074,0.589055,0.600768,0.591497,0.000000,0.243150,0.259739,0.042661,0.216080,0.263997,0.298138,0.135992,0.301469,0.468498,0.478737,0.441563,0.380744,0.498181,0.451681,0.394320,0.271334,0.338639,0.263241,0.484898,0.417134,0.638149,0.431675,0.422093,0.459208,0.471969,0.370852,0.266408,0.306979,0.164513,0.125158,0.526564,0.656646,0.287772,0.350055,0.350590,0.303204,0.485762,0.459107,0.587909,0.547445,0.658246,0.741843,0.548915,0.427583,0.521120,0.545270,0.409516,0.435170
0.444321,0.446368,0.304238,0.130873,0.163367,0.150459,0.110681,0.010489,0.165165,0.175422,0.271149,0.089524,0.292736,0.284970,0.394279,0.374940,0.253745,0.202393,0.214972,0.248556,0.340565,0.314883,0.332055,0.295871,0.344516,0.371125,0.469750,0.472530,0.278971,0.133659,0.207181,0.225612,0.330867,0.302111,0.097244,-0.070074,0.183812,0.084744,0.318012,0.152985,0.213645,0.243150,0.000000,1.557211,1.131188,1.083857,1.578672,1.329933,1.012858,0.551346,0.698046,0.487663,0.307199,0.442714,0.445453,0.186843,0.422423,0.366324,0.231584,0.068445,0.014833,-0.010060,0.118770,0.010492,0.232346,0.141832,0.508258,0.378477,0.379713,0.513089,0.092834,0.119261,0.224349,0.199031,0.186443,0.133151,0.110979,-0.002875,0.238477,0.289116,0.279213,0.202062,0.322978,0.322950,0.279850,0.205096,0.369232,0.357997,0.170918,0.025693
0.487663,0.548351,0.258224,0.101752,0.195723,0.188956,0.032290,-0.028365,0.150633,0.192860,0.212293,0.170778,0.314519,0.334687,0.469731,0.426049,0.331414,0.317520,0.256227,0.257176,0.358488,0.400440,0.412348,0.359026,0.350161,0.383410,0.496730,0.459100,0.306773,0.206859,0.225935,0.272552,0.416362,0.385611,0.083748,-0.043240,0.145496,0.165573,0.295907,0.192702,0.197794,0.259739,1.557211,0.000000,1.127091,1.437572,1.454924,1.594664,1.040612,0.645112,0.639056,0.487482,0.330929,0.471129,0.386364,0.222933,0.459165,0.467484,0.198120,0.126374,0.058852,0.075835,0.187367,0.134557,0.296383,0.224171,0.534789,0.418642,0.441826,0.590826,0.101323,0.153374,0.216056,0.250892,0.210388,0.134702,0.083771,-0.009291,0.296090,0.401098,0.350573,0.304414,0.412589,0.434832,0.317084,0.312817,0.406558,0.382787,0.183452,0.067187
0.288591,0.324514,0.163941,0.022110,0.259954,0.153709,0.024717,-0.080792,0.199980,0.327125,0.099366,-0.039569,0.219711,0.171599,0.331629,0.283307,0.099305,0.023905,0.134577,0.141670,0.278925,0.233894,0.273151,0.299956,0.440461,0.317611,0.541690,0.445437,0.070099,-0.041664,0.177716,0.200271,0.213541,0.222234,0.076001,-0.071432,0.052670,-0.116384,0.192247,-0.031683,0.117983,0.042661,1.131188,1.127091,0.000000,1.252108,0.950776,0.828542,1.346684,0.550631,0.408487,0.207868,0.126894,0.232722,0.258530,0.002764,0.235302,0.256958,0.115894,-0.049321,-0.103877,-0.164536,-0.072154,-0.161084,0.174723,-0.040659,0.440358,0.317206,0.318344,0.473593,0.029045,0.076260,0.119571,0.043295,0.152672,0.098202,0.019935,-0.034059,0.081544,0.151932,0.105529,0.009473,0.222422,0.192177,0.123297,0.024509,0.315331,0.268849,0.073410,-0.121477
0.449459,0.584941,0.280911,0.157392,0.248949,0.180544,0.076355,0.032460,0.244102,0.292806,0.213934,0.192959,0.322945,0.380485,0.456096,0.408493,0.295912,0.270981,0.273051,0.281875,0.451423,0.428467,0.424585,0.390159,0.396243,0.373457,0.509464,0.454170,0.290531,0.213429,0.272411,0.315443,0.428565,0.447707,0.187069,-0.014233,0.153700,0.135676,0.321713,0.182158,0.293186,0.216080,1.083857,1.437572,1.252108,0.000000,1.099333,1.157037,1.296411,0.852386,0.646344,0.547441,0.279392,0.442844,0.367445,0.219926,0.395266,0.454262,0.284232,0.237528,0.092040,0.099201,0.184892,0.124829,0.310110,0.223017,0.615806,0.512167,0.494572,0.643735,0.092879,0.164921,0.311216,0.309300,0.320199,0.233330,0.107043,0.055708,0.280188,0.357430,0.346463,0.277014,0.464076,0.447608,0.332217,0.292083,0.464865,0.442936,0.221827,0.109316
0.537101,0.503998,0.283833,0.104232,0.225123,0.214327,0.036199,-0.040075,0.158241,0.170522,0.263967,0.136715,0.318399,0.290113,0.477625,0.417819,0.423161,0.310272,0.237148,0.245608,0.368531,0.329709,0.377692,0.339490,0.375588,0.440542,0.539051,0.498934,0.376031,0.225327,0.165047,0.190536,0.393801,0.337414,0.128240,-0.052158,0.319236,0.216681,0.385288,0.259472,0.254328,0.263997,1.578672,1.454924,0.950776,1.099333,0.000000,1.537077,1.048975,0.678377,0.797966,0.559759,0.401810,0.542895,0.549765,0.245866,0.540085,0.484792,0.294650,0.133738,0.092569,0.031881,0.242016,0.106665,0.306766,0.195250,0.543069,0.356194,0.458940,0.600182,0.063344,0.124040,0.243015,0.242768,0.193893,0.125695,0.141161,0.034222,0.393775,0.460831,0.421060,0.312455,0.456717,0.392556,0.398424,0.280164,0.435163,0.464972,0.204160,0.073317
0.536255,0.629888,0.303779,0.188424,0.179545,0.172885,0.058951,0.032343,0.179215,0.135982,0.222612,0.203166,0.262581,0.305597,0.463747,0.425313,0.346461,0.325611,0.290205,0.319294,0.361736,0.373162,0.387646,0.333186,0.297933,0.364362,0.464723,0.473571,0.344867,0.210877,0.216837,0.251068,0.379941,0.376651,0.176050,0.088723,0.203123,0.237378,0.353545,0.262840,0.219647,0.298138,1.329933,1.594664,0.828542,1.157037,1.537077,0.000000,0.860602,0.653135,0.726489,0.575844,0.434900,0.562592,0.495635,0.414564,0.570871,0.601520,0.264547,0.243861,0.119120,0.125427,0.270354,0.175154,0.296216,0.254028,0.571894,0.498557,0.491770,0.611840,0.195297,0.220307,0.260051,0.306288,0.273773,0.228276,0.153213,0.046178,0.359686,0.440207,0.426597,0.360886,0.420788,0.465358,0.403199,0.355036,0.355468,0.461555,0.264181,0.176283
0.556781,0.517194,0.326331,0.188250,0.228072,0.129611,0.109784,0.052348,0.264430,0.319385,0.268360,0.126623,0.386669,0.321254,0.486061,0.437697,0.296400,0.234361,0.255602,0.260355,0.448459,0.346042,0.374782,0.383891,0.453372,0.393767,0.580415,0.458777,0.309906,0.180666,0.294550,0.312933,0.361263,0.359281,0.154444,-0.108102,0.209280,0.041681,0.310705,0.114863,0.309831,0.135992,1.012858,1.040612,1.346684,1.296411,1.048975,0.860602,0.000000,0.971281,0.711632,0.501164,0.248050,0.481550,0.378380,0.119408,0.435634,0.392480,0.319824,0.150647,0.050675,0.034926,0.120341,0.060688,0.265080,0.104030,0.547611,0.365316,0.427081,0.537108,0.118931,0.163682,0.325495,0.258335,0.318562,0.161241,0.133804,0.073075,0.277647,0.362033,0.313731,0.215863,0.408018,0.356104,0.292629,0.172662,0.454476,0.459998,0.198397,0.039494
