0.000000,1.078523,0.240631,0.172717,0.251090,0.168351,0.562612,0.280282,0.041800,0.349965,0.479835,0.557458,0.373071,0.290649,0.561552,0.400083,0.553411,0.743699,0.700084,0.686006,0.255389,0.341683,0.037857,0.007842,0.032196,-0.078641,0.295659,0.297826,0.538341,0.462707,0.090606,0.103712,0.454530,0.405855,0.013143,-0.063130,0.204503,0.400842,0.063168,0.241034,0.199047,0.222446,0.369396,0.319715,0.407643,0.365074,0.243914,0.405723,0.070725,0.169657,0.181773,0.087189,0.269806,0.208565,0.171200,0.285798,0.784465,0.887660,0.260099,0.315765,0.398499,0.411721,0.322568,0.497196,0.115082,-0.005168,0.304234,0.289026,0.551591,0.563372,0.128175,0.224360,0.333482,0.552434,0.438983,0.444284,0.379720,0.345867,0.185244,0.062001,0.487667,0.660245,0.454360,0.530589,0.516039,0.441779,-0.009531,0.128823,0.211787,0.359389
1.078523,0.000000,0.081458,0.217448,0.220702,0.154516,0.351998,0.323670,0.149168,0.489399,0.364207,0.693473,0.319244,0.413519,0.471085,0.371480,0.505029,0.741998,0.396236,0.586543,0.302118,0.322808,-0.090746,-0.056618,0.036529,-0.016157,0.310785,0.343263,0.473789,0.438225,0.046808,0.034532,0.251461,0.313433,-0.137754,-0.255144,0.305650,0.408053,0.260153,0.421051,0.333979,0.161720,0.296352,0.216147,0.437122,0.370425,0.260023,0.213681,0.158075,0.254912,0.217339,0.136772,0.409753,0.171647,0.314241,0.298708,1.130448,1.168960,0.462525,0.557202,0.500531,0.590268,0.261030,0.513923,0.027440,0.000384,0.297657,0.364673,0.881467,0.935561,0.234605,0.247785,0.392429,0.595758,0.444831,0.369057,0.426740,0.418909,0.198568,0.212372,0.456286,0.544233,0.277614,0.497368,0.451718,0.461441,0.058307,0.103796,0.304343,0.451577
0.240631,0.081458,0.000000,0.972927,0.120874,0.367678,0.666841,0.401514,0.633646,0.158814,0.316739,0.185020,0.544776,0.405476,0.641859,0.402466,0.085225,-0.047411,0.208389,0.119138,0.108020,0.260474,1.214312,0.962926,0.798652,0.788554,0.165321,0.236405,0.285051,0.014438,0.343496,0.338625,0.135587,0.157551,0.683860,0.448285,0.054665,0.273234,0.014816,0.064020,0.042708,0.105056,0.271111,0.286902,0.166363,0.192639,0.203564,0.447572,0.521727,0.397481,0.666897,0.448874,0.317574,0.450492,0.333984,0.543177,-0.123246,0.098565,0.386799,0.300385,0.384944,0.380484,-0.019244,0.156703,0.597949,0.737376,0.638955,0.291227,0.013319,0.179359,0.313086,0.361019,0.293720,0.136777,0.280794,0.367719,0.490728,0.466052,0.220070,0.041803,0.006046,-0.021207,0.110225,0.280340,0.159431,0.119359,-0.046895,0.154582,0.661618,0.637879
0.172717,0.217448,0.972927,0.000000,0.035931,0.328628,0.616652,0.803868,0.595408,0.247276,0.183898,0.482286,0.398494,0.596449,0.578771,0.583646,0.041800,0.085748,0.193424,0.311556,0.169833,0.148490,0.777006,1.042589,0.495117,0.611889,0.136145,0.239038,0.245137,0.136789,0.416325,0.524990,0.222821,0.398851,0.593910,0.390488,-0.031009,0.198418,-0.033829,0.063509,0.042967,0.062081,0.313295,0.360092,0.325622,0.374540,0.285823,0.342639,0.403186,0.298716,0.515293,0.305655,0.302253,0.288279,0.318904,0.472136,-0.060833,0.175528,0.330655,0.350052,0.292772,0.626483,0.124214,0.264461,0.504932,0.664526,0.628833,0.570178,0.132351,0.193892,0.273031,0.237061,0.260748,0.257119,0.296199,0.473751,0.415301,0.466317,0.141480,0.102005,0.165843,0.125146,0.039635,0.201064,0.277532,0.296472,-0.023683,0.114477,0.527220,0.647789
0.251090,0.220702,0.120874,0.035931,0.000000,0.909159,0.024107,-0.165652,0.050528,0.649704,0.290437,-0.086300,0.281048,0.107162,0.260552,0.387151,0.158376,0.307883,0.066519,-0.013459,0.115192,0.473431,0.048539,-0.006356,0.458071,0.159387,0.995984,0.979782,0.022455,-0.245557,-0.011612,-0.086151,0.186596,0.086072,0.097383,0.031625,-0.150589,0.040373,-0.142032,-0.068972,-0.068086,-0.264579,0.116606,0.067512,0.014406,0.082477,0.068003,0.080776,0.044702,0.060084,0.136379,0.027263,0.100385,0.095200,-0.052083,0.028532,0.465891,0.413382,0.160900,0.165600,0.214561,0.056272,0.190147,0.120658,0.181853,0.213875,0.361843,0.294278,0.275340,0.316297,-0.043064,-0.124831,0.079114,-0.070970,0.232986,0.067788,0.163720,0.150725,-0.049707,-0.030428,0.080009,0.191585,-0.059721,0.051625,0.228216,0.125686,-0.390923,-0.106738,0.189893,0.126810
0.168351,0.154516,0.367678,0.328628,0.909159,0.000000,0.185141,0.038458,0.417396,0.716984,0.185948,-0.035382,0.440530,0.254280,0.384521,0.681494,0.174240,0.198368,0.052190,-0.012090,0.001030,0.320492,0.216247,0.189785,0.559952,0.571323,0.625752,0.722024,0.090950,-0.153232,-0.074721,-0.117787,0.000852,-0.006193,0.098504,0.068220,-0.098728,0.001367,-0.186082,-0.066570,-0.041754,-0.205499,0.106907,0.044031,0.057817,0.100993,0.010815,0.066708,0.184240,0.165137,0.230353,0.138026,0.167584,0.141310,0.037825,0.099680,0.223316,0.240485,0.289461,0.314431,0.212317,0.240842,0.019098,0.149700,0.257025,0.296023,0.277500,0.178433,0.206867,0.276002,-0.040287,-0.061639,0.140573,-0.023635,0.251586,0.158704,0.119622,0.178236,0.029840,0.054177,0.080262,0.062930,0.052096,0.076146,0.176605,-0.000451,-0.234766,-0.187185,0.254795,0.334192
0.562612,0.351998,0.666841,0.616652,0.024107,0.185141,0.000000,0.847248,0.342093,0.331620,0.254483,0.713509,0.434087,0.508014,0.473319,0.434067,0.298953,0.310021,0.385117,0.454415,0.124747,0.263517,0.279700,0.367208,0.102734,0.158487,0.064070,0.099925,0.350694,0.375155,0.332051,0.391387,0.466470,0.516413,0.273490,0.247287,-0.061753,0.186310,-0.111649,-0.029069,-0.100079,0.048223,0.232743,0.358493,0.316027,0.400714,0.146327,0.376412,0.203088,0.234102,0.257226,0.146899,0.196297,0.214983,0.126473,0.318067,0.066719,0.246803,0.279254,0.283044,0.450420,0.687034,0.395549,0.598872,0.580292,0.192465,0.417087,0.367486,0.090248,0.112805,0.212869,0.273542,0.229043,0.320934,0.296522,0.356113,0.353134,0.393138,0.179234,0.089871,0.290580,0.341924,0.258730,0.417715,0.424954,0.255930,-0.033409,0.078018,0.282796,0.441841
0.280282,0.323670,0.401514,0.803868,-0.165652,0.038458,0.847248,0.000000,0.370194,0.274603,0.104865,0.919625,0.238873,0.716491,0.327306,0.379077,0.137550,0.171893,0.224173,0.469232,-0.019578,-0.001559,0.253230,0.453115,-0.035987,0.053163,-0.086483,-0.060115,0.256114,0.405031,0.291944,0.342577,0.235093,0.456036,0.276466,0.158713,-0.038367,0.151358,-0.064235,-0.031865,0.038496,0.053823,0.219216,0.356671,0.362998,0.461636,0.138899,0.252217,0.294383,0.299036,0.352593,0.193167,0.295896,0.210763,0.263573,0.302105,-0.086367,0.086067,0.182994,0.286756,0.257219,0.920086,0.199958,0.356957,0.483949,0.265555,0.259077,0.364330,0.065705,0.054425,0.240888,0.205479,0.154977,0.176702,0.163729,0.321948,0.255549,0.261192,0.256146,0.075687,0.382890,0.216543,0.273082,0.294289,0.443375,0.263853,0.103478,0.059910,0.302422,0.478845
0.041800,0.149168,0.633646,0.595408,0.050528,0.417396,0.342093,0.370194,0.000000,0.323900,0.388765,0.147497,0.790819,0.412779,0.578129,0.316536,0.094993,-0.216032,-0.072747,-0.098870,0.023635,0.136777,0.510293,0.370687,0.538917,0.800580,0.105920,0.119516,0.223461,-0.114783,0.058101,-0.085499,-0.229294,-0.110437,0.207971,0.146804,0.214868,0.223981,0.181493,0.295252,0.288001,0.102087,0.218603,0.216378,0.231024,0.185110,0.136126,0.220712,0.734759,0.595790,0.679420,0.548878,0.456703,0.372238,0.452613,0.492173,-0.111392,-0.027046,0.624213,0.483014,0.394251,0.560181,-0.293196,0.011656,0.412301,0.499079,0.289961,0.111444,0.109955,0.185365,0.274040,0.293240,0.371698,0.105735,0.182644,0.278290,0.364129,0.454970,0.185454,0.353779,-0.087044,-0.178886,-0.108624,0.211228,0.036318,0.026082,0.091535,0.126232,0.557644,0.537401
0.349965,0.489399,0.158814,0.247276,0.649704,0.716984,0.331620,0.274603,0.323900,0.000000,0.171097,0.253805,0.377063,0.264819,0.313463,0.461986,0.158345,0.307298,0.056820,0.182111,0.232370,0.350355,-0.008845,-0.013725,0.293789,0.179169,0.633922,0.596540,0.192175,0.032879,-0.015475,-0.048292,0.063773,0.128797,-0.031098,-0.087502,-0.014615,-0.023860,0.058656,0.119693,0.102087,-0.115259,0.016788,-0.043058,0.216360,0.168824,-0.044556,-0.114742,0.131862,0.080322,0.165812,-0.043971,0.098504,-0.067745,0.033036,0.040769,0.467075,0.387125,0.294021,0.316630,0.329990,0.555007,0.094503,0.194189,0.416491,0.263096,0.201725,0.197799,0.404639,0.436470,0.121237,0.036202,0.150002,0.031064,0.185398,0.151839,0.133936,0.163719,0.079570,0.098153,0.270667,0.274829,0.078197,0.225307,0.307623,0.240172,-0.023113,0.049657,0.353520,0.251850
0.479835,0.364207,0.316739,0.183898,0.290437,0.185948,0.254483,0.104865,0.388765,0.171097,0.000000,0.233376,0.893054,0.240588,0.675193,0.197754,0.305987,0.085043,0.346203,0.106998,0.358724,0.356196,0.365055,0.203103,0.337573,0.152317,0.284932,0.177650,0.482029,-0.014721,0.276211,0.117338,0.184381,0.144080,0.225311,0.175610,0.229830,0.493917,0.147816,0.275649,0.201345,0.146111,0.477508,0.426792,0.195993,0.210871,0.392865,0.593045,0.398567,0.376410,0.445027,0.383881,0.324958,0.361781,0.390958,0.510145,0.251453,0.319065,0.314677,0.250889,0.334165,0.211799,0.095596,0.006309,0.248881,0.226028,0.375619,0.267870,0.157362,0.249043,0.393759,0.443428,0.390029,0.220483,0.296948,0.275118,0.629992,0.562038,0.101812,0.298243,-0.078364,0.078015,-0.119213,0.330484,0.051918,0.239569,-0.097385,0.246466,0.404876,0.304197
0.557458,0.693473,0.185020,0.482286,-0.086300,-0.035382,0.713509,0.919625,0.147497,0.253805,0.233376,0.000000,0.262550,0.786961,0.376656,0.379320,0.237727,0.417527,0.344805,0.627482,0.212028,0.166770,0.038083,0.272261,-0.071401,-0.020822,0.041098,0.061832,0.341977,0.538647,0.392305,0.364382,0.459613,0.581823,0.093857,0.084230,0.097323,0.296772,0.064399,0.067634,0.069138,0.089759,0.343424,0.441110,0.446410,0.478197,0.300128,0.362793,0.181015,0.226266,0.243528,0.138274,0.246467,0.214148,0.269615,0.323210,0.264544,0.383140,0.198429,0.307837,0.315585,0.743650,0.324491,0.527199,0.167764,0.027942,0.255415,0.453138,0.191695,0.225711,0.318659,0.301070,0.185235,0.399942,0.238558,0.337504,0.392185,0.402346,0.144418,0.162828,0.404402,0.360650,0.206315,0.472655,0.525822,0.321826,0.015398,0.075201,0.123228,0.451906
0.373071,0.319244,0.544776,0.398494,0.281048,0.440530,0.434087,0.238873,0.790819,0.377063,0.893054,0.262550,0.000000,0.409586,0.830636,0.474801,0.157698,0.019578,0.317087,0.098122,0.247334,0.326337,0.443173,0.294337,0.488423,0.464674,0.354490,0.218179,0.361672,0.003378,0.130695,0.008700,-0.009009,-0.003092,0.205373,0.128293,0.272384,0.421432,0.096176,0.313521,0.263944,0.162736,0.456078,0.378707,0.158458,0.126439,0.365927,0.485718,0.505507,0.458426,0.562019,0.500557,0.355777,0.411095,0.434593,0.575368,0.118686,0.179901,0.504717,0.418406,0.414466,0.416890,-0.069995,0.033853,0.356964,0.323408,0.317922,0.111972,0.100110,0.247305,0.389096,0.453301,0.457135,0.247098,0.331329,0.361882,0.608496,0.544907,0.064979,0.327387,-0.060183,-0.022612,-0.092614,0.353741,0.127955,0.120412,0.007252,0.234157,0.496747,0.495375
0.290649,0.413519,0.405476,0.596449,0.107162,0.254280,0.508014,0.716491,0.412779,0.264819,0.240588,0.786961,0.409586,0.000000,0.421284,0.492166,0.128356,0.258582,0.108571,0.217846,0.118750,0.163735,0.246364,0.294745,0.161642,0.309519,0.187374,0.257718,0.236052,0.283289,0.243858,0.135787,0.127529,0.185240,0.107104,0.056784,0.052240,0.241262,0.059230,0.051412,0.124753,0.001322,0.398690,0.478075,0.362031,0.474657,0.336460,0.398219,0.469493,0.556614,0.549024,0.506360,0.560079,0.568482,0.509333,0.609347,0.088271,0.228061,0.349958,0.462948,0.299139,0.621137,0.028099,0.357588,0.070771,0.218631,0.268609,0.373690,0.139276,0.214123,0.355083,0.328486,0.119899,0.287258,0.148796,0.279537,0.455817,0.522126,0.121233,0.219865,0.186942,-0.104969,0.042578,0.158987,0.331284,-0.081896,-0.076545,-0.209922,0.241426,0.709743
0.561552,0.471085,0.641859,0.578771,0.260552,0.384521,0.473319,0.327306,0.578129,0.313463,0.675193,0.376656,0.830636,0.421284,0.000000,0.718540,0.423178,0.216893,0.556961,0.395938,0.344646,0.300161,0.492248,0.432083,0.441054,0.418379,0.433879,0.335972,0.826686,0.277919,0.187341,0.205626,0.190317,0.198223,0.278738,0.186744,0.115355,0.331495,0.042560,0.217980,0.191276,0.255114,0.418569,0.391415,0.192816,0.269234,0.337153,0.540085,0.376135,0.367766,0.484273,0.314658,0.332089,0.439853,0.354701,0.550784,0.204992,0.372557,0.342309,0.297605,0.318681,0.396081,0.146891,0.171212,0.367162,0.322767,0.391472,0.347737,0.267475,0.366376,0.363228,0.455116,0.472139,0.375749,0.504462,0.550354,0.429665,0.451036,0.346194,0.323652,0.257202,0.230945,0.232099,0.561251,0.282790,0.276869,-0.099511,0.229476,0.368818,0.441439
0.400083,0.371480,0.402466,0.583646,0.387151,0.681494,0.434067,0.379077,0.316536,0.461986,0.197754,0.379320,0.474801,0.492166,0.718540,0.000000,0.250234,0.365602,0.299790,0.285440,0.177958,0.269623,0.303026,0.346698,0.313531,0.395966,0.532460,0.471772,0.327937,0.330251,0.129569,0.204940,0.219882,0.254518,0.151955,0.108923,0.014376,0.100955,-0.107729,0.104353,0.085271,0.029816,0.294428,0.242423,0.214740,0.223372,0.293333,0.273566,0.222301,0.215051,0.297957,0.198553,0.276508,0.265873,0.210633,0.266871,0.225839,0.346225,0.296808,0.306151,0.270686,0.447412,0.157464,0.365421,0.228385,0.272295,0.291133,0.270236,0.172334,0.233956,0.197782,0.156038,0.210109,0.211395,0.577368,0.477651,0.241688,0.298972,0.147294,0.182052,0.286392,0.238024,0.394368,0.340710,0.538069,0.203629,-0.087141,-0.041820,0.234027,0.480740
0.553411,0.505029,0.085225,0.041800,0.158376,0.174240,0.298953,0.137550,0.094993,0.158345,0.305987,0.237727,0.157698,0.128356,0.423178,0.250234,0.000000,0.713539,0.350625,0.417678,0.050782,0.297082,-0.103196,-0.074581,-0.061293,-0.028475,0.318492,0.171952,0.700768,0.520783,-0.063280,0.071611,0.410291,0.465256,0.043066,0.052985,0.103768,0.130865,-0.133643,0.103766,0.154077,0.112312,0.237653,0.218567,0.367571,0.389520,0.098307,0.279734,0.023889,0.108741,-0.001420,-0.037423,0.127114,0.039388,0.079824,0.114466,0.506495,0.517379,0.199043,0.143373,0.362567,0.193067,0.663376,0.596232,0.085282,-0.057726,0.308577,0.402522,0.545486,0.449114,0.028914,0.092506,0.202019,0.283413,0.225091,0.202693,-0.011732,0.008959,0.649711,0.150739,0.678560,0.470275,0.453232,0.423581,0.143050,0.229250,-0.209769,-0.149322,-0.008648,0.151039
0.743699,0.741998,-0.047411,0.085748,0.307883,0.198368,0.310021,0.171893,-0.216032,0.307298,0.085043,0.417527,0.019578,0.258582,0.216893,0.365602,0.713539,0.000000,0.366969,0.550142,0.161335,0.252405,-0.254019,-0.194000,-0.168675,-0.202189,0.415377,0.416675,0.331131,0.579170,-0.021792,0.086026,0.629148,0.611614,-0.035757,-0.019273,0.014001,0.185799,-0.152994,0.075635,-0.059281,-0.048234,0.155868,0.167407,0.286012,0.344031,0.071211,0.160087,-0.213463,-0.076487,-0.142364,-0.153959,0.125870,-0.037546,-0.040951,0.049125,0.835043,0.929114,0.139996,0.271089,0.266482,0.285109,0.581635,0.806902,-0.071188,-0.195507,0.267185,0.430710,0.677676,0.494017,-0.103786,-0.081716,0.067578,0.405045,0.226028,0.198914,0.086282,0.094654,0.163422,0.032249,0.612984,0.673519,0.411917,0.182856,0.401300,0.301372,-0.186030,-0.256814,-0.031605,0.270782
0.700084,0.396236,0.208389,0.193424,0.066519,0.052190,0.385117,0.224173,-0.072747,0.056820,0.346203,0.344805,0.317087,0.108571,0.556961,0.299790,0.350625,0.366969,0.000000,1.137038,0.197785,0.005470,0.124639,0.217545,-0.014365,-0.151376,0.101871,-0.021634,0.502305,0.514629,0.099219,0.327708,0.318797,0.404281,0.220455,0.149307,-0.027916,0.123658,-0.130108,0.041712,0.054512,0.339032,0.405014,0.390694,0.121996,0.165187,0.324269,0.487699,-0.218195,-0.114901,-0.085388,-0.158209,-0.126171,0.080449,0.053830,0.247716,0.160590,0.314998,-0.213717,-0.176927,-0.131350,0.004174,0.314606,0.080487,0.155835,-0.155643,0.113010,0.176133,0.157060,0.127219,0.146859,0.233057,0.420274,0.548066,0.411890,0.573372,0.100941,0.115427,0.191689,0.128880,0.468572,0.513900,0.297952,0.424428,0.262949,0.373060,0.037198,0.320210,-0.018125,-0.007432
0.686006,0.586543,0.119138,0.311556,-0.013459,-0.012090,0.454415,0.469232,-0.098870,0.182111,0.106998,0.627482,0.098122,0.217846,0.395938,0.285440,0.417678,0.550142,1.137038,0.000000,0.158599,-0.026791,-0.005703,0.234402,-0.087824,-0.222528,0.062095,0.005385,0.492900,0.706351,0.184708,0.509818,0.445693,0.678099,0.171522,0.130252,-0.015958,0.054871,-0.150625,0.012561,0.099205,0.240700,0.378487,0.377484,0.364728,0.371065,0.287763,0.296598,-0.254249,-0.159843,-0.135644,-0.276409,-0.146421,-0.095087,-0.013419,0.121748,0.302886,0.430687,-0.178233,-0.073764,-0.058645,0.213226,0.476755,0.276440,0.148639,-0.153497,0.195807,0.409445,0.386110,0.278090,0.076702,0.136759,0.363787,0.548733,0.344740,0.488450,0.014248,0.034507,0.268921,-0.029538,0.780207,0.753421,0.401627,0.395476,0.459573,0.491257,0.143982,0.211231,-0.027102,0.049296
0.255389,0.302118,0.108020,0.169833,0.115192,0.001030,0.124747,-0.019578,0.023635,0.232370,0.358724,0.212028,0.247334,0.118750,0.344646,0.177958,0.050782,0.161335,0.197785,0.158599,0.000000,0.247080,0.100436,0.039964,0.283349,0.154066,0.389500,0.283832,0.288033,0.064378,0.462730,0.286449,0.234521,0.153297,0.113142,0.112633,0.150076,0.326927,0.121468,0.230159,0.067074,0.155468,0.229436,0.142770,0.060822,0.113744,0.228475,0.112542,0.109953,0.106227,0.138250,0.068948,0.099321,0.076059,0.207197,0.238556,0.364153,0.352545,0.189410,0.175987,0.189528,0.117413,0.198795,0.126105,0.035239,0.044286,0.233922,0.241458,0.129046,0.207772,0.353169,0.275571,0.243001,0.300755,0.227591,0.300523,0.279236,0.357020,-0.227865,0.177859,-0.047493,0.099279,-0.268204,0.175099,-0.009151,0.279472,0.004800,0.212375,0.142385,0.141883
0.341683,0.322808,0.260474,0.148490,0.473431,0.320492,0.263517,-0.001559,0.136777,0.350355,0.356196,0.166770,0.326337,0.163735,0.300161,0.269623,0.297082,0.252405,0.005470,-0.026791,0.247080,0.000000,0.141431,0.101676,0.256977,0.202230,0.559168,0.559063,0.233599,-0.024482,0.201931,0.086278,0.398325,0.233472,0.237738,0.177857,0.137220,0.290687,-0.067362,0.126219,0.072300,-0.063812,0.164588,0.078985,0.171106,0.178600,0.226522,0.202198,0.261859,0.211827,0.269578,0.202080,0.217109,0.176354,0.122417,0.206796,0.430048,0.479478,0.312110,0.316258,0.551080,0.256193,0.283503,0.339308,0.220020,0.312739,0.484343,0.392941,0.266080,0.454985,0.299452,0.327001,0.090912,0.066766,0.306110,0.099100,0.460245,0.424122,0.182229,0.057599,0.113673,0.152187,0.057429,0.349188,0.077853,0.193183,-0.208646,0.029330,0.270630,0.255697
0.037857,-0.090746,1.214312,0.777006,0.048539,0.216247,0.279700,0.253230,0.510293,-0.008845,0.365055,0.038083,0.443173,0.246364,0.492248,0.303026,-0.103196,-0.254019,0.124639,-0.005703,0.100436,0.141431,0.000000,1.246509,0.810622,0.656854,0.121308,0.099053,0.153618,-0.055275,0.436185,0.385481,-0.000593,0.077046,0.735976,0.532422,0.089904,0.223636,0.097292,0.118980,0.111533,0.107624,0.301782,0.270830,0.135077,0.102791,0.266361,0.443924,0.501059,0.356135,0.693175,0.470357,0.278691,0.444102,0.375447,0.539534,-0.256262,-0.039312,0.199841,0.145818,0.112342,0.192229,-0.220163,-0.154541,0.491227,0.789034,0.468471,0.197743,-0.149946,0.029963,0.389543,0.404477,0.179747,-0.023521,0.254458,0.287117,0.406339,0.391899,0.157945,0.090391,-0.123533,-0.148976,0.047398,0.118005,0.090445,0.120138,0.102961,0.242404,0.713088,0.527486
0.007842,-0.056618,0.962926,1.042589,-0.006356,0.189785,0.367208,0.453115,0.370687,-0.013725,0.203103,0.272261,0.294337,0.294745,0.432083,0.346698,-0.074581,-0.194000,0.217545,0.234402,0.039964,0.101676,1.246509,0.000000,0.612735,0.525219,0.034782,0.072732,0.142230,0.037590,0.507810,0.661423,0.182993,0.350857,0.788112,0.634929,-0.054981,0.136266,-0.043498,-0.050312,0.034074,0.066463,0.276611,0.279481,0.181135,0.168763,0.278601,0.375904,0.287612,0.145109,0.440411,0.224593,0.083045,0.239464,0.229646,0.334781,-0.286112,-0.046890,0.037443,0.039634,0.046775,0.260468,0.021998,-0.030698,0.543292,0.760019,0.533045,0.438366,-0.131075,0.019494,0.331086,0.319325,0.195690,0.056523,0.226658,0.337691,0.296161,0.300108,0.178419,0.018317,0.048155,0.005029,0.039791,0.183365,0.143433,0.229385,0.047478,0.265916,0.528086,0.385801
0.032196,0.036529,0.798652,0.495117,0.458071,0.559952,0.102734,-0.035987,0.538917,0.293789,0.337573,-0.071401,0.488423,0.161642,0.441054,0.313531,-0.061293,-0.168675,-0.014365,-0.087824,0.283349,0.256977,0.810622,0.612735,0.000000,1.046840,0.469187,0.467381,0.064065,-0.182445,0.402375,0.200304,-0.061686,-0.070800,0.495830,0.335677,0.181187,0.285066,0.125310,0.177388,0.158289,0.016819,0.302228,0.191175,0.142516,0.086368,0.191778,0.247509,0.490401,0.370484,0.586154,0.398782,0.258278,0.311214,0.321865,0.399473,0.043736,0.075453,0.395850,0.293920,0.258714,0.138990,-0.181377,-0.079959,0.335058,0.647541,0.563308,0.182017,0.001221,0.225096,0.314946,0.320409,0.239584,0.025686,0.232268,0.205321,0.326125,0.302483,0.015342,0.096743,-0.133997,-0.147143,-0.165267,0.233430,0.058132,0.031542,-0.053805,0.185535,0.601814,0.460805
-0.078641,-0.016157,0.788554,0.611889,0.159387,0.571323,0.158487,0.053163,0.800580,0.179169,0.152317,-0.020822,0.464674,0.309519,0.418379,0.395966,-0.028475,-0.202189,-0.151376,-0.222528,0.154066,0.202230,0.656854,0.525219,1.046840,0.000000,0.289749,0.346868,0.081397,-0.152691,0.245618,0.095797,-0.167282,-0.158562,0.288145,0.245510,0.199932,0.192242,0.063977,0.169240,0.115560,-0.048295,0.255875,0.162504,0.122853,0.102528,0.213016,0.242899,0.635704,0.520745,0.609690,0.575243,0.399348,0.451738,0.414493,0.477070,-0.097031,-0.032506,0.600075,0.458055,0.356440,0.255562,-0.265407,0.069667,0.176445,0.573808,0.421729,0.116182,-0.028874,0.211661,0.246190,0.278692,0.128239,0.050107,0.152096,0.205783,0.283368,0.312151,0.037770,0.148143,-0.129161,-0.315201,-0.110589,0.143281,-0.044376,-0.156937,-0.070585,-0.002586,0.441389,0.576680
0.295659,0.310785,0.165321,0.136145,0.995984,0.625752,0.064070,-0.086483,0.105920,0.633922,0.284932,0.041098,0.354490,0.187374,0.433879,0.532460,0.318492,0.415377,0.101871,0.062095,0.389500,0.559168,0.121308,0.034782,0.469187,0.289749,0.000000,1.096500,0.227436,0.022689,0.088808,0.024950,0.217685,0.157743,0.092157,0.097188,0.030241,0.136910,-0.169111,0.140762,-0.002112,-0.131421,0.301797,0.186406,0.152334,0.169274,0.244196,0.244503,0.226386,0.209489,0.291079,0.207952,0.266525,0.232081,0.164025,0.274147,0.494104,0.464535,0.325611,0.319053,0.375430,0.212806,0.208060,0.324041,0.105070,0.280888,0.392186,0.353001,0.283948,0.461973,0.118066,0.063720,0.025848,0.046847,0.270219,0.184254,0.120291,0.094249,0.072563,0.125103,0.225751,0.208407,0.044917,0.207715,0.149523,0.191704,-0.357545,-0.094687,0.231976,0.299312
0.297826,0.343263,0.236405,0.239038,0.979782,0.722024,0.099925,-0.060115,0.119516,0.596540,0.177650,0.061832,0.218179,0.257718,0.335972,0.471772,0.171952,0.416675,-0.021634,0.005385,0.283832,0.559063,0.099053,0.072732,0.467381,0.346868,1.096500,0.000000,0.097166,-0.120490,0.096075,0.004038,0.224734,0.144067,0.086132,0.017897,-0.043392,0.173156,-0.120469,0.088238,-0.107819,-0.271305,0.148649,0.077734,0.143352,0.200397,0.137222,0.126883,0.218180,0.175442,0.228392,0.160106,0.278829,0.182483,0.075640,0.191668,0.581632,0.536112,0.381292,0.427870,0.444910,0.282930,0.156012,0.388899,0.040835,0.335339,0.469118,0.446304,0.413427,0.580923,0.024258,0.000115,0.016140,0.086373,0.266318,0.236314,0.224154,0.292250,-0.060987,0.016447,0.099731,0.195273,-0.032897,0.075551,0.173464,0.150064,-0.451181,-0.195480,0.249081,0.360780
0.538341,0.473789,0.285051,0.245137,0.022455,0.090950,0.350694,0.256114,0.223461,0.192175,0.482029,0.341977,0.361672,0.236052,0.826686,0.327937,0.700768,0.331131,0.502305,0.492900,0.288033,0.233599,0.153618,0.142230,0.064065,0.081397,0.227436,0.097166,0.000000,0.552048,0.095544,0.219266,0.280119,0.279777,0.116362,0.026847,0.070854,0.139236,-0.118319,0.039970,0.174171,0.191501,0.280418,0.235866,0.236924,0.316821,0.236501,0.345127,0.129483,0.144411,0.112990,0.049632,0.090322,0.190065,0.151132,0.278172,0.307534,0.372585,0.051420,0.019541,0.181736,0.165905,0.405570,0.231134,0.172970,-0.002954,0.163258,0.295692,0.383854,0.360803,0.199123,0.288455,0.311385,0.264224,0.247667,0.301725,0.179349,0.169427,0.618072,0.251067,0.457441,0.364844,0.398156,0.591302,0.064782,0.199079,-0.130039,0.083272,-0.014800,0.100978
0.462707,0.438225,0.014438,0.136789,-0.245557,-0.153232,0.375155,0.405031,-0.114783,0.032879,-0.014721,0.538647,0.003378,0.283289,0.277919,0.330251,0.520783,0.579170,0.514629,0.706351,0.064378,-0.024482,-0.055275,0.037590,-0.182445,-0.152691,0.022689,-0.120490,0.552048,0.000000,0.218717,0.370304,0.376963,0.526663,0.021251,0.006589,0.052541,0.080686,-0.031338,0.080808,0.111461,0.228047,0.202535,0.222292,0.403405,0.351046,0.142224,0.233711,-0.156689,-0.028345,-0.146750,-0.157773,-0.059571,-0.031627,0.026093,0.123499,0.213668,0.289067,-0.113093,-0.034835,-0.066062,0.179724,0.355219,0.357200,-0.033105,-0.262110,-0.020377,0.135149,0.143382,0.125261,0.195638,0.265789,0.062848,0.377887,0.088617,0.129198,-0.065146,-0.067646,0.590411,0.274925,0.749544,0.405310,0.650628,0.450899,0.348341,0.122627,0.122790,-0.030173,-0.153078,0.098094
0.090606,0.046808,0.343496,0.416325,-0.011612,-0.074721,0.332051,0.291944,0.058101,-0.015475,0.276211,0.392305,0.130695,0.243858,0.187341,0.129569,-0.063280,-0.021792,0.099219,0.184708,0.462730,0.201931,0.436185,0.507810,0.402375,0.245618,0.088808,0.096075,0.095544,0.218717,0.000000,1.001072,0.494410,0.518556,0.458642,0.484418,0.053166,0.237469,0.068115,-0.002363,0.055893,0.043753,0.277390,0.342181,0.299245,0.350180,0.256408,0.323748,0.182320,0.190072,0.200216,0.092377,0.024210,0.087993,0.131950,0.240890,0.008710,0.106323,0.074002,0.083373,0.105855,0.127391,0.252612,0.109503,0.135917,0.216576,0.491272,0.460399,-0.165064,-0.019185,0.556099,0.455443,0.152457,0.205179,0.195269,0.178527,0.291914,0.319525,0.001382,0.151558,0.047644,0.036595,-0.149248,0.251336,0.155192,0.166979,0.006185,0.111776,0.162373,0.199890
0.103712,0.034532,0.338625,0.524990,-0.086151,-0.117787,0.391387,0.342577,-0.085499,-0.048292,0.117338,0.364382,0.008700,0.135787,0.205626,0.204940,0.071611,0.086026,0.327708,0.509818,0.286449,0.086278,0.385481,0.661423,0.200304,0.095797,0.024950,0.004038,0.219266,0.370304,1.001072,0.000000,0.579913,0.802314,0.482945,0.536604,-0.166685,0.014633,-0.150457,-0.066601,-0.038954,0.056062,0.272807,0.327237,0.302861,0.326247,0.340183,0.293177,-0.081442,-0.114683,-0.048739,-0.175187,-0.206471,-0.113701,-0.036195,0.100544,-0.040181,0.135333,-0.138768,-0.131608,0.000635,0.066674,0.521931,0.192931,0.249642,0.189279,0.511300,0.630471,-0.032933,0.018750,0.282730,0.278791,0.162851,0.259040,0.207897,0.208395,0.088692,0.115068,0.113790,-0.033671,0.273194,0.245190,0.027846,0.147447,0.193459,0.274481,0.038443,0.149563,0.079495,0.032037
0.454530,0.251461,0.135587,0.222821,0.186596,0.000852,0.466470,0.235093,-0.229294,0.063773,0.184381,0.459613,-0.009009,0.127529,0.190317,0.219882,0.410291,0.629148,0.318797,0.445693,0.234521,0.398325,-0.000593,0.182993,-0.061686,-0.167282,0.217685,0.224734,0.280119,0.376963,0.494410,0.579913,0.000000,1.311238,0.364004,0.450019,-0.146622,0.192914,-0.294774,-0.178109,-0.169846,-0.069321,0.183992,0.259711,0.273474,0.359322,0.142740,0.319915,-0.191624,-0.169513,-0.145775,-0.229008,-0.150750,-0.069358,-0.182878,-0.023672,0.307421,0.484152,-0.102763,-0.086996,0.152093,0.124185,0.778013,0.605664,0.112265,-0.047784,0.458681,0.695572,0.208901,0.156695,-0.008526,-0.050311,0.046032,0.221111,0.152590,0.170611,0.125063,0.147410,0.111329,-0.061824,0.372998,0.614531,0.200907,0.296476,0.253283,0.389883,-0.371797,-0.091824,-0.178028,0.047432
0.405855,0.313433,0.157551,0.398851,0.086072,-0.006193,0.516413,0.456036,-0.110437,0.128797,0.144080,0.581823,-0.003092,0.185240,0.198223,0.254518,0.465256,0.611614,0.404281,0.678099,0.153297,0.233472,0.077046,0.350857,-0.070800,-0.158562,0.157743,0.144067,0.279777,0.526663,0.518556,0.802314,1.311238,0.000000,0.417231,0.487947,-0.154856,0.087470,-0.282964,-0.083963,-0.098873,-0.027515,0.266679,0.334289,0.460442,0.508614,0.210177,0.311183,-0.177073,-0.163549,-0.128656,-0.268309,-0.136754,-0.139113,-0.107888,0.019904,0.257825,0.449704,-0.094860,-0.035620,0.129566,0.273190,0.777334,0.580028,0.249650,0.048790,0.520355,0.839977,0.266381,0.182072,0.045629,0.003238,0.121114,0.270344,0.164543,0.245943,0.066795,0.095963,0.214102,-0.004580,0.573029,0.699878,0.227833,0.238753,0.349784,0.524594,-0.121030,-0.001827,-0.011077,0.091960
0.013143,-0.137754,0.683860,0.593910,0.097383,0.098504,0.273490,0.276466,0.207971,-0.031098,0.225311,0.093857,0.205373,0.107104,0.278738,0.151955,0.043066,-0.035757,0.220455,0.171522,0.113142,0.237738,0.735976,0.788112,0.495830,0.288145,0.092157,0.086132,0.116362,0.021251,0.458642,0.482945,0.364004,0.417231,0.000000,0.919528,-0.039876,0.133647,-0.121087,-0.083004,0.027125,0.132533,0.264679,0.301117,0.253538,0.274780,0.136900,0.330030,0.195779,0.088759,0.282755,0.062144,-0.066580,0.088105,0.024228,0.183563,-0.170506,0.028530,-0.081035,-0.096615,0.008569,0.091257,0.153893,-0.042220,0.549548,0.599895,0.648678,0.491557,-0.130370,-0.052008,0.242262,0.227497,0.181014,0.056391,0.141373,0.220940,0.237949,0.194206,0.181882,0.026642,0.106288,0.075267,0.029127,0.198125,0.137064,0.240163,-0.103625,0.167015,0.305902,0.197870
-0.063130,-0.255144,0.448285,0.390488,0.031625,0.068220,0.247287,0.158713,0.146804,-0.087502,0.175610,0.084230,0.128293,0.056784,0.186744,0.108923,0.052985,-0.019273,0.149307,0.130252,0.112633,0.177857,0.532422,0.634929,0.335677,0.245510,0.097188,0.017897,0.026847,0.006589,0.484418,0.536604,0.450019,0.487947,0.919528,0.000000,0.004412,0.123742,-0.166507,-0.103061,-0.014447,0.046780,0.245650,0.279205,0.211258,0.275108,0.140390,0.326016,0.162292,0.051459,0.228359,0.074505,-0.076800,0.083836,0.057854,0.166087,-0.286261,-0.095557,-0.084677,-0.152942,-0.040459,0.013630,0.149600,0.005174,0.433202,0.412288,0.528674,0.507534,-0.278780,-0.181316,0.136327,0.132683,0.053869,0.026803,0.075535,0.174694,0.056333,0.045428,0.137416,0.134995,0.077713,0.050794,0.003556,0.120928,0.126965,0.215003,-0.032310,0.109384,0.160765,0.151536
0.204503,0.305650,0.054665,-0.031009,-0.150589,-0.098728,-0.061753,-0.038367,0.214868,-0.014615,0.229830,0.097323,0.272384,0.052240,0.115355,0.014376,0.103768,0.014001,-0.027916,-0.015958,0.150076,0.137220,0.089904,-0.054981,0.181187,0.199932,0.030241,-0.043392,0.070854,0.052541,0.053166,-0.166685,-0.146622,-0.154856,-0.039876,0.004412,0.000000,0.550229,0.493520,0.482569,0.541734,0.256131,0.435722,0.173337,0.371647,0.213849,0.301533,0.201025,0.519500,0.474277,0.469526,0.476849,0.450032,0.319788,0.487248,0.368448,0.191042,0.121431,0.499065,0.382545,0.295742,0.142240,-0.253568,0.015915,-0.197017,0.013010,0.157295,-0.049918,0.150731,0.280439,0.199636,0.229729,0.237745,0.219449,0.175915,0.225025,0.319683,0.249328,-0.005651,0.155149,-0.084790,-0.052480,0.173850,0.332485,0.188785,0.125119,0.331966,0.176484,0.259361,0.373304
0.400842,0.408053,0.273234,0.198418,0.040373,0.001367,0.186310,0.151358,0.223981,-0.023860,0.493917,0.296772,0.421432,0.241262,0.331495,0.100955,0.130865,0.185799,0.123658,0.054871,0.326927,0.290687,0.223636,0.136266,0.285066,0.192242,0.136910,0.173156,0.139236,0.080686,0.237469,0.014633,0.192914,0.087470,0.133647,0.123742,0.550229,0.000000,0.284095,0.474100,0.152379,0.248868,0.398051,0.371494,0.260612,0.281684,0.336742,0.467118,0.449077,0.451692,0.499357,0.466936,0.536021,0.435790,0.436807,0.477043,0.248059,0.319508,0.494059,0.452048,0.384641,0.274108,-0.051199,0.198019,-0.020859,0.046534,0.347468,0.195263,0.151881,0.307242,0.276179,0.363216,0.185208,0.361598,0.196773,0.312440,0.676922,0.580465,-0.008671,0.172566,-0.079353,0.155372,0.019403,0.445733,0.136525,0.364593,-0.052459,0.261970,0.389647,0.489557
0.063168,0.260153,0.014816,-0.033829,-0.142032,-0.186082,-0.111649,-0.064235,0.181493,0.058656,0.147816,0.064399,0.096176,0.059230,0.042560,-0.107729,-0.133643,-0.152994,-0.130108,-0.150625,0.121468,-0.067362,0.097292,-0.043498,0.125310,0.063977,-0.169111,-0.120469,-0.118319,-0.031338,0.068115,-0.150457,-0.294774,-0.282964,-0.121087,-0.166507,0.493520,0.284095,0.000000,0.594250,0.605793,0.444439,0.048701,0.015282,0.157470,0.068190,0.032145,-0.001764,0.282807,0.306216,0.279944,0.236949,0.222790,0.092599,0.336862,0.227466,0.125396,0.088199,0.284847,0.212663,0.019984,0.013642,-0.408469,-0.246287,-0.153433,0.008274,-0.017067,-0.105645,0.135443,0.194196,0.344945,0.275334,0.227528,0.169265,0.055135,0.119215,0.302448,0.330044,-0.015792,0.273830,-0.222683,-0.130907,-0.079123,0.126209,0.119170,0.117111,0.352280,0.260823,0.322883,0.195072
0.241034,0.421051,0.064020,0.063509,-0.068972,-0.066570,-0.029069,-0.031865,0.295252,0.119693,0.275649,0.067634,0.313521,0.051412,0.217980,0.104353,0.103766,0.075635,0.041712,0.012561,0.230159,0.126219,0.118980,-0.050312,0.177388,0.169240,0.140762,0.088238,0.039970,0.080808,-0.002363,-0.066601,-0.178109,-0.083963,-0.083004,-0.103061,0.482569,0.474100,0.594250,0.000000,0.457820,0.391315,0.315902,0.200125,0.347143,0.242125,0.423857,0.161477,0.404919,0.385392,0.378880,0.422890,0.429170,0.212371,0.573286,0.465339,0.321939,0.322412,0.588506,0.496134,0.371944,0.241037,-0.203029,0.117309,-0.067307,0.106285,0.211393,0.064573,0.321544,0.451439,0.325618,0.360168,0.304575,0.242086,0.307895,0.312158,0.302070,0.263538,0.001693,0.158752,0.010364,0.158737,0.052486,0.240827,0.152185,0.433685,0.425755,0.399361,0.521616,0.377505
0.199047,0.333979,0.042708,0.042967,-0.068086,-0.041754,-0.100079,0.038496,0.288001,0.102087,0.201345,0.069138,0.263944,0.124753,0.191276,0.085271,0.154077,-0.059281,0.054512,0.099205,0.067074,0.072300,0.111533,0.034074,0.158289,0.115560,-0.002112,-0.107819,0.174171,0.111461,0.055893,-0.038954,-0.169846,-0.098873,0.027125,-0.014447,0.541734,0.152379,0.605793,0.457820,0.000000,0.566517,0.321825,0.174386,0.407285,0.288997,0.184533,0.032196,0.424003,0.440692,0.371479,0.334464,0.258261,0.127144,0.434795,0.243872,0.230396,0.186283,0.286476,0.267547,0.142164,0.054311,-0.227771,-0.126078,-0.090522,0.122429,0.200449,0.100578,0.257394,0.328651,0.241537,0.196166,0.491734,0.287593,0.218665,0.285307,0.106016,0.074660,0.220277,0.204095,0.132097,-0.040606,0.153567,0.256945,0.177108,0.108147,0.411436,0.206161,0.280205,0.208350
0.222446,0.161720,0.105056,0.062081,-0.264579,-0.205499,0.048223,0.053823,0.102087,-0.115259,0.146111,0.089759,0.162736,0.001322,0.255114,0.029816,0.112312,-0.048234,0.339032,0.240700,0.155468,-0.063812,0.107624,0.066463,0.016819,-0.048295,-0.131421,-0.271305,0.191501,0.228047,0.043753,0.056062,-0.069321,-0.027515,0.132533,0.046780,0.256131,0.248868,0.444439,0.391315,0.566517,0.000000,0.164734,0.168521,0.182089,0.160839,0.042153,0.123693,0.129068,0.171715,0.141231,0.109499,0.046786,0.025371,0.213633,0.158173,-0.036220,0.027835,0.039727,0.046139,-0.022082,-0.036635,-0.084883,-0.084853,-0.055421,-0.058305,0.012258,-0.033783,-0.037547,0.048433,0.221389,0.280077,0.554717,0.461843,0.297057,0.442344,0.047141,0.054694,0.107372,0.188904,0.056017,0.051449,0.104263,0.334120,0.056122,0.194678,0.211262,0.302760,0.125417,0.065985
0.369396,0.296352,0.271111,0.313295,0.116606,0.106907,0.232743,0.219216,0.218603,0.016788,0.477508,0.343424,0.456078,0.398690,0.418569,0.294428,0.237653,0.155868,0.405014,0.378487,0.229436,0.164588,0.301782,0.276611,0.302228,0.255875,0.301797,0.148649,0.280418,0.202535,0.277390,0.272807,0.183992,0.266679,0.264679,0.245650,0.435722,0.398051,0.048701,0.315902,0.321825,0.164734,0.000000,1.226326,0.706164,0.684185,1.180187,1.102203,0.544073,0.601146,0.580220,0.580466,0.463065,0.576340,0.624638,0.863388,0.141553,0.250711,0.337945,0.305798,0.194821,0.140607,0.068829,0.149856,-0.046553,0.036761,0.552978,0.427097,0.172323,0.275770,0.139145,0.238595,0.232359,0.328276,0.239617,0.410198,0.304598,0.276014,0.035211,0.101012,0.172825,0.153228,0.104105,0.297380,0.303487,0.251463,0.138043,0.085426,0.252136,0.471206
0.319715,0.216147,0.286902,0.360092,0.067512,0.044031,0.358493,0.356671,0.216378,-0.043058,0.426792,0.441110,0.378707,0.478075,0.391415,0.242423,0.218567,0.167407,0.390694,0.377484,0.142770,0.078985,0.270830,0.279481,0.191175,0.162504,0.186406,0.077734,0.235866,0.222292,0.342181,0.327237,0.259711,0.334289,0.301117,0.279205,0.173337,0.371494,0.015282,0.200125,0.174386,0.168521,1.226326,0.000000,0.688039,0.825716,0.862137,1.249671,0.501882,0.598403,0.519926,0.514404,0.389861,0.498648,0.516065,0.836388,0.013133,0.186349,0.240192,0.224484,0.175047,0.155910,0.159094,0.175257,-0.008796,-0.014691,0.533727,0.459140,0.053271,0.123805,0.143042,0.225631,0.281036,0.406256,0.255323,0.445254,0.338675,0.347420,0.034832,0.138639,0.120126,0.073830,0.038644,0.216049,0.224918,0.148390,0.063340,-0.018159,0.224677,0.447498
0.407643,0.437122,0.166363,0.325622,0.014406,0.057817,0.316027,0.362998,0.231024,0.216360,0.195993,0.446410,0.158458,0.362031,0.192816,0.214740,0.367571,0.286012,0.121996,0.364728,0.060822,0.171106,0.135077,0.181135,0.142516,0.122853,0.152334,0.143352,0.236924,0.403405,0.299245,0.302861,0.273474,0.460442,0.253538,0.211258,0.371647,0.260612,0.157470,0.347143,0.407285,0.182089,0.706164,0.688039,0.000000,1.317788,0.444622,0.440690,0.443851,0.429597,0.357130,0.242900,0.255484,0.128206,0.305490,0.383808,0.310698,0.385174,0.283578,0.288683,0.245252,0.336482,0.166825,0.289616,0.092262,0.115384,0.576737,0.564446,0.319133,0.388947,0.127307,0.157450,0.179077,0.385224,0.143012,0.213273,0.186706,0.203312,0.259799,0.136051,0.391445,0.313015,0.280862,0.320818,0.436111,0.325513,0.214084,-0.014192,0.268693,0.437339
0.365074,0.370425,0.192639,0.374540,0.082477,0.100993,0.400714,0.461636,0.185110,0.168824,0.210871,0.478197,0.126439,0.474657,0.269234,0.223372,0.389520,0.344031,0.165187,0.371065,0.113744,0.178600,0.102791,0.168763,0.086368,0.102528,0.169274,0.200397,0.316821,0.351046,0.350180,0.326247,0.359322,0.508614,0.274780,0.275108,0.213849,0.281684,0.068190,0.242125,0.288997,0.160839,0.684185,0.825716,1.317788,0.000000,0.467691,0.515185,0.466062,0.558021,0.377044,0.292677,0.339400,0.259612,0.346409,0.480818,0.249876,0.382490,0.262820,0.323259,0.232715,0.312434,0.261309,0.376971,0.083913,0.036268,0.633001,0.758516,0.276612,0.335882,0.139511,0.156630,0.183565,0.409587,0.160874,0.304880,0.216323,0.260945,0.236853,0.102121,0.405886,0.291750,0.251008,0.303393,0.384531,0.290502,0.094717,-0.106287,0.196503,0.451666
0.243914,0.260023,0.203564,0.285823,0.068003,0.010815,0.146327,0.138899,0.136126,-0.044556,0.392865,0.300128,0.365927,0.336460,0.337153,0.293333,0.098307,0.071211,0.324269,0.287763,0.228475,0.226522,0.266361,0.278601,0.191778,0.213016,0.244196,0.137222,0.236501,0.142224,0.256408,0.340183,0.142740,0.210177,0.136900,0.140390,0.301533,0.336742,0.032145,0.423857,0.184533,0.042153,1.180187,0.862137,0.444622,0.467691,0.000000,0.873805,0.427753,0.447830,0.459664,0.520992,0.410228,0.534479,0.658873,0.820210,0.118587,0.228309,0.333341,0.252764,0.200397,0.081356,0.075843,0.148426,-0.111324,0.045874,0.477837,0.402806,0.160093,0.271807,0.238908,0.293272,0.205682,0.260617,0.245517,0.378131,0.407022,0.387016,-0.023370,-0.001890,0.100192,0.107558,0.068334,0.234311,0.255819,0.242143,0.203656,0.160838,0.244774,0.381177
0.405723,0.213681,0.447572,0.342639,0.080776,0.066708,0.376412,0.252217,0.220712,-0.114742,0.593045,0.362793,0.485718,0.398219,0.540085,0.273566,0.279734,0.160087,0.487699,0.296598,0.112542,0.202198,0.443924,0.375904,0.247509,0.242899,0.244503,0.126883,0.345127,0.233711,0.323748,0.293177,0.319915,0.311183,0.330030,0.326016,0.201025,0.467118,-0.001764,0.161477,0.032196,0.123693,1.102203,1.249671,0.440690,0.515185,0.873805,0.000000,0.473860,0.549780,0.556169,0.563682,0.434847,0.695136,0.521816,0.952738,0.000144,0.209105,0.260195,0.200953,0.198937,0.127075,0.117122,0.168619,0.013617,0.061172,0.492527,0.361968,0.013572,0.161191,0.163162,0.314833,0.176381,0.300198,0.229853,0.365583,0.422348,0.404722,0.122235,0.188578,0.083760,0.079302,0.145869,0.322982,0.169335,0.162398,-0.088159,-0.012964,0.239263,0.489676
