0.000000,0.600049,0.310277,0.341392,0.091034,0.044652,0.386353,0.159575,0.143371,0.057151,0.602272,0.108568,0.463192,0.289364,0.178549,0.014223,0.133899,0.159408,0.531009,0.438259,0.167354,-0.105304,0.222412,0.091505,0.017522,-0.071481,-0.098969,-0.009946,0.238397,0.175051,0.260134,0.217454,0.282330,0.232454,0.144897,-0.011117,-0.119224,0.002369,0.319704,-0.086088,0.119618,0.230057,0.207411,0.071726,0.117475,-0.070302,0.252499,0.228617,0.257581,0.060909,0.151685,-0.294840,0.210002,0.143752,0.236766,0.055431,0.576932,0.517418,0.712614,0.678704,0.883073,0.609678,0.462539,0.408517,0.100749,0.086687,0.189923,0.136074,0.466136,0.227439,0.018045,-0.087564,0.299965,0.208516,0.416654,-0.007303,0.091832,-0.018739,0.122527,-0.042073,0.011350,0.071534,0.076946,0.031647,0.122223,-0.077526,0.194952,-0.108054,0.296941,0.208319
0.600049,0.000000,0.027069,0.429841,0.078458,0.167369,0.098261,0.461654,0.109039,0.260156,0.274105,0.691342,0.176240,0.503999,0.224233,0.343541,0.205580,0.389441,0.411774,0.692177,0.058372,-0.017992,0.094818,0.180934,0.028108,0.150734,-0.061826,0.014811,0.054600,0.286793,0.180264,0.240655,0.444173,0.446492,0.181523,-0.000597,-0.102680,0.128042,0.059513,-0.096331,0.071172,0.219349,0.253624,0.241647,0.135905,0.080630,0.344292,0.399260,0.285411,0.104512,0.230367,-0.011738,0.334352,0.214359,0.301381,0.138281,0.262309,0.686536,0.422832,0.660830,0.290680,0.690587,0.319859,0.663934,0.198309,0.393731,0.310574,0.400758,0.406425,0.396652,-0.098874,-0.006022,0.163052,0.376308,0.284222,0.055107,0.036920,0.029391,0.031816,0.024111,0.088654,0.277617,0.023844,0.198165,0.234842,0.153054,-0.045408,-0.237904,0.267117,0.130498
0.310277,0.027069,0.000000,0.919032,0.573778,0.544930,1.240555,0.572206,0.620463,0.255061,0.479715,-0.189525,0.400455,0.366720,0.140526,0.107481,0.016110,-0.052965,0.554971,0.294009,0.191751,-0.016452,0.670193,0.656427,0.604043,0.485078,0.055727,0.364469,-0.044078,-0.066261,0.523991,0.322167,-0.044289,0.287342,0.412866,0.343746,-0.184389,-0.033490,-0.151048,-0.345554,-0.035748,-0.044623,0.108086,-0.013714,0.105576,0.258813,0.066761,0.013944,-0.034912,0.074054,0.175666,0.110447,0.096964,-0.013120,-0.247575,-0.205612,-0.216066,-0.259698,-0.086522,-0.125647,0.149080,0.226930,0.034284,-0.008573,0.360744,0.326819,-0.059203,0.045431,-0.218985,-0.272537,0.172720,0.083469,0.263328,0.134739,0.185227,0.009944,0.577112,0.507133,0.014172,-0.112269,-0.062575,0.027187,0.090273,-0.037898,-0.126919,-0.283413,-0.217629,-0.339917,-0.012582,-0.091809
0.341392,0.429841,0.919032,0.000000,0.601409,0.546877,0.982499,1.198355,0.530389,0.390128,0.637094,0.150401,0.322916,0.531447,0.184400,0.206931,0.140850,0.091136,0.585595,0.554570,0.205670,-0.076353,0.744357,0.927138,0.602872,0.522325,-0.070642,0.236660,-0.068695,0.032989,0.638672,0.564756,0.126125,0.545329,0.418489,0.294883,-0.249619,0.023410,-0.207167,-0.458382,-0.160036,0.035729,0.191929,0.101531,0.085044,0.290345,0.147955,0.148800,-0.004050,0.009347,0.176334,0.169347,0.163713,-0.003211,-0.184122,-0.169551,-0.111779,-0.032115,0.021345,0.064498,0.183948,0.398820,0.164591,0.179892,0.393674,0.574355,0.087976,0.275340,-0.065810,-0.106189,0.122597,0.175160,0.137579,0.195529,0.144783,-0.111354,0.433589,0.400513,0.042429,-0.079409,0.015835,0.121458,0.137227,0.071096,0.021784,-0.159493,-0.238240,-0.327316,0.065277,-0.001849
0.091034,0.078458,0.573778,0.601409,0.000000,0.757036,0.692726,0.472042,0.852125,0.537241,0.272830,-0.030157,0.018885,0.161492,0.128650,0.083685,0.075751,0.191153,0.272803,0.329297,0.316546,0.023424,0.414444,0.520081,0.892041,0.672286,0.073272,0.346395,0.054271,0.122335,0.445508,0.302317,0.102895,0.387790,0.209764,0.273451,-0.184089,0.032635,-0.383023,-0.610865,-0.233795,-0.083133,0.213167,0.071216,0.253638,0.365308,0.113994,0.154487,0.032809,0.086909,0.142728,0.006382,0.305913,0.055488,-0.219580,0.018648,-0.127109,-0.124436,0.113952,0.081068,0.208943,0.170302,0.169235,0.073510,0.128288,0.222721,0.100578,0.181563,-0.073737,-0.068464,-0.051991,0.005365,0.212643,0.233030,0.221960,0.053776,0.455376,0.339754,0.180107,0.091699,0.133824,0.337398,0.118582,0.120271,0.063871,-0.090737,-0.383863,-0.456301,0.037768,0.061501
0.044652,0.167369,0.544930,0.546877,0.757036,0.000000,0.521363,0.532968,0.584644,0.637581,0.086391,-0.033954,-0.018026,0.281437,-0.043156,0.306647,0.084301,0.164961,0.319793,0.359784,0.090242,0.065892,0.325987,0.437582,0.443785,0.768264,0.315878,0.694552,-0.111158,0.130417,0.228816,0.203239,0.140905,0.395959,0.270439,0.368654,-0.061657,0.125501,-0.354283,-0.285432,-0.154173,-0.107388,0.248525,0.161990,0.252353,0.388796,0.129041,0.173482,0.122486,0.284703,0.072785,0.056809,0.221040,0.111610,-0.102777,-0.138608,-0.318300,-0.150254,0.121800,0.154925,0.015114,0.324180,-0.062712,0.217684,0.147389,0.428095,-0.121361,0.131972,-0.069945,-0.023569,-0.032987,0.060768,0.316989,0.376408,0.222171,0.294494,0.614878,0.601901,0.038429,0.033163,-0.068505,0.219639,-0.065586,0.086762,-0.224557,-0.182683,-0.557463,-0.602849,-0.027151,-0.138727
0.386353,0.098261,1.240555,0.982499,0.692726,0.521363,0.000000,0.748196,0.678638,0.394603,0.636975,-0.044831,0.502069,0.430576,0.264305,0.212321,0.264426,0.162317,0.699889,0.456857,0.284968,-0.065624,0.722129,0.697495,0.532742,0.404224,-0.065547,0.234120,0.126872,0.135470,0.627290,0.441742,0.181879,0.513109,0.542624,0.497464,-0.239549,-0.012383,-0.185660,-0.438075,-0.123830,-0.017158,0.307657,0.147737,0.294956,0.463334,0.262613,0.189116,0.075242,0.086060,0.272425,0.102486,0.212829,0.044747,-0.117295,-0.077415,-0.045668,-0.176516,0.080482,0.001447,0.315903,0.278063,0.300012,0.108709,0.525692,0.448102,0.147311,0.241744,-0.158966,-0.165092,0.172956,0.140358,0.348782,0.219378,0.286045,0.050891,0.715724,0.535874,0.175796,0.064616,0.136118,0.276173,0.248738,0.174318,0.076880,-0.121429,-0.083468,-0.281056,0.090416,0.081606
0.159575,0.461654,0.572206,1.198355,0.472042,0.532968,0.748196,0.000000,0.439951,0.484669,0.406058,0.237322,0.318426,0.648806,0.138648,0.457042,0.143289,0.110092,0.330978,0.417161,0.065246,-0.150932,0.396204,0.628340,0.424672,0.473958,-0.055625,0.160145,-0.124124,0.108083,0.585035,0.696303,0.282031,0.699786,0.352511,0.307069,-0.279890,0.022151,-0.221126,-0.415405,-0.191304,-0.018402,0.277340,0.222812,0.122429,0.377474,0.235858,0.240906,0.046685,0.067486,0.173949,0.224282,0.178193,0.069520,0.013435,-0.105841,-0.162719,-0.053626,-0.004623,0.048540,0.067698,0.351615,0.154507,0.193677,0.417526,0.602123,0.134179,0.427857,-0.186917,-0.190253,-0.011501,0.088073,0.007132,0.211565,0.195835,-0.125235,0.443372,0.386252,-0.078372,0.031917,-0.043052,0.201973,0.167973,0.250327,-0.004896,-0.095533,-0.216543,-0.314154,0.071899,0.024873
0.143371,0.109039,0.620463,0.530389,0.852125,0.584644,0.678638,0.439951,0.000000,0.276316,0.184983,-0.018510,0.064251,0.191926,0.158332,0.158231,0.231143,0.292027,0.492890,0.471337,0.216605,-0.030294,0.365212,0.476700,0.700321,0.392274,-0.083273,0.415556,0.013563,0.239371,0.534260,0.348033,0.148204,0.498991,0.413884,0.407226,-0.217955,0.165944,-0.276199,-0.292384,-0.221335,0.041012,0.262952,0.193336,0.336383,0.481292,0.191167,0.208599,0.181767,0.180768,0.214235,0.103013,0.274102,0.150123,-0.238790,0.046850,-0.085956,-0.085329,0.080663,0.020350,0.084800,0.252041,0.261364,0.146505,0.346856,0.364032,0.165421,0.258845,-0.051243,-0.080146,-0.043207,-0.017727,0.262126,0.234481,0.200308,0.113269,0.543916,0.548957,0.125841,0.117530,0.231611,0.449945,0.155557,0.235515,0.119736,0.096375,-0.330044,-0.309413,0.011971,0.058533
0.057151,0.260156,0.255061,0.390128,0.537241,0.637581,0.394603,0.484669,0.276316,0.000000,0.189435,0.197772,0.038435,0.375162,0.196595,0.386358,0.184533,0.266349,0.172561,0.265884,0.143125,0.258544,0.212894,0.302450,0.401469,0.621656,0.183738,0.152671,0.088529,0.235758,0.178974,0.176181,0.216835,0.301788,0.143426,0.386407,0.045795,0.165798,-0.255526,-0.294915,-0.095490,-0.195630,0.329071,0.282508,0.291720,0.362385,0.272911,0.250577,0.187425,0.299420,0.250555,-0.004400,0.396880,0.117936,0.163582,-0.071609,-0.143565,-0.027627,0.141985,0.219695,0.154184,0.305303,0.052046,0.373126,0.232387,0.393005,0.042490,0.195809,-0.095603,0.032918,0.102221,0.206868,0.166554,0.432756,0.070260,0.124212,0.285954,0.246986,0.117723,0.228054,0.064117,0.308422,0.010340,0.068947,-0.003435,0.012099,-0.154570,-0.184792,0.142126,0.031140
0.602272,0.274105,0.479715,0.637094,0.272830,0.086391,0.636975,0.406058,0.184983,0.189435,0.000000,0.282992,0.627468,0.408518,0.465681,0.079683,0.208014,0.094378,0.484582,0.333429,0.305357,-0.081150,0.587977,0.518270,0.298836,0.134814,-0.068539,0.053427,0.200274,0.070810,0.493485,0.415616,0.144490,0.234506,0.238095,0.128127,-0.201835,-0.060128,0.005577,-0.320949,0.019303,0.138586,0.062328,-0.004232,-0.058456,0.016913,0.070877,0.024586,-0.068902,-0.182025,0.177255,-0.037775,0.079329,-0.046844,-0.048725,-0.139820,0.180772,0.130342,0.058474,0.083568,0.396136,0.229966,0.198091,0.141555,0.286783,0.204797,0.029288,0.027132,0.016325,-0.047784,0.261281,0.211820,0.224685,0.110218,0.248356,-0.171680,0.242015,0.136746,0.235614,-0.025243,0.069871,0.021067,0.318122,0.069515,0.168671,-0.075414,0.195087,-0.058671,0.259206,0.146511
0.108568,0.691342,-0.189525,0.150401,-0.030157,-0.033954,-0.044831,0.237322,-0.018510,0.197772,0.282992,0.000000,0.073784,0.431628,0.485353,0.450286,0.470655,0.708929,0.218337,0.443461,0.214591,0.235623,0.166342,0.259187,-0.031253,0.157807,-0.017719,-0.036523,0.372403,0.476725,0.186345,0.201368,0.363868,0.243847,0.153210,0.042425,0.136654,0.236575,-0.089066,0.038033,0.151267,0.171086,0.197077,0.236975,0.078981,0.051093,0.264498,0.217289,0.129904,0.045817,0.323071,0.028490,0.222512,0.058031,0.209069,0.059645,0.183811,0.473845,0.144068,0.253813,0.048305,0.242903,0.232444,0.565267,0.338558,0.326743,0.275045,0.232859,0.235409,0.394451,0.227326,0.412787,0.124658,0.359195,0.032100,0.158325,0.026725,0.070094,0.216666,0.262757,0.420940,0.375213,0.217121,0.327455,0.532802,0.437159,0.210537,0.126532,0.163554,0.107162
0.463192,0.176240,0.400455,0.322916,0.018885,-0.018026,0.502069,0.318426,0.064251,0.038435,0.627468,0.073784,0.000000,0.779588,0.563690,0.420686,0.052809,0.002153,0.206672,0.079603,0.193615,-0.107762,0.125098,0.056165,-0.011608,-0.093685,-0.018887,0.022357,0.211229,0.135132,0.289496,0.280892,0.091018,0.116326,0.253470,0.127621,-0.170468,-0.037826,0.070613,-0.171490,0.179766,-0.039145,0.026357,0.007606,0.033596,0.115623,0.118756,0.018200,0.097005,0.060209,0.231795,0.043839,-0.003236,-0.045250,0.116945,-0.202555,-0.026617,-0.064697,0.060204,0.064141,0.327403,0.234047,0.264568,0.071740,0.387080,0.284174,0.029355,0.055037,-0.132702,-0.235626,0.136327,0.021548,0.267663,0.213749,0.327666,0.041517,0.246941,0.115310,0.071111,-0.109630,-0.075813,-0.144016,0.103260,0.036881,-0.057231,-0.273554,0.347558,-0.138189,0.170579,-0.026284
0.289364,0.503999,0.366720,0.531447,0.161492,0.281437,0.430576,0.648806,0.191926,0.375162,0.408518,0.431628,0.779588,0.000000,0.653930,0.954143,0.159522,0.307042,0.243609,0.278933,0.339429,0.131161,0.142592,0.274264,0.203418,0.242652,-0.097796,0.060719,0.182328,0.343998,0.366946,0.306579,0.045027,0.253618,0.386886,0.328977,0.026373,0.056541,-0.165010,-0.278970,0.039114,-0.059646,0.172828,0.153883,0.151193,0.265908,0.189160,0.145000,0.199479,0.278609,0.347173,0.050542,0.138758,0.029908,0.118174,-0.181870,-0.126830,0.041135,0.137553,0.196639,0.154812,0.523208,0.160782,0.436107,0.556575,0.733249,0.040682,0.205879,-0.112499,-0.053978,0.241233,0.307767,0.310928,0.609693,0.230944,0.142878,0.321478,0.225215,0.111736,0.115681,0.072808,0.068568,0.000181,0.074254,0.009995,-0.103106,0.150811,-0.188758,0.169204,-0.044850
0.178549,0.224233,0.140526,0.184400,0.128650,-0.043156,0.264305,0.138648,0.158332,0.196595,0.465681,0.485353,0.563690,0.653930,0.000000,0.691340,0.478661,0.449783,0.305724,0.226225,0.600632,0.397944,0.305966,0.333818,0.228899,0.125474,-0.054132,0.091726,0.673917,0.538281,0.357620,0.170739,0.009869,-0.019327,0.235339,0.168100,0.211984,0.320994,-0.085294,-0.031704,0.201293,0.108968,0.120772,0.184741,0.125119,0.133081,0.221506,0.130275,0.094964,-0.051500,0.316975,-0.096533,0.101101,-0.102597,0.153838,0.030961,0.088108,0.159341,0.090684,0.074750,0.079828,0.089028,0.287885,0.288287,0.491235,0.222469,0.157918,0.076320,0.024823,0.167021,0.449000,0.500757,0.426145,0.494180,0.018288,0.263829,0.098577,0.034861,0.339860,0.251646,0.429529,0.237234,0.485900,0.272652,0.490417,0.314724,0.527850,0.184736,0.244532,0.091780
0.014223,0.343541,0.107481,0.206931,0.083685,0.306647,0.212321,0.457042,0.158231,0.386358,0.079683,0.450286,0.420686,0.954143,0.691340,0.000000,0.232259,0.402949,0.124169,0.221706,0.285302,0.331444,-0.008694,0.119373,0.119017,0.293793,0.074014,0.214254,0.213908,0.452511,0.261279,0.291076,0.195546,0.276174,0.269564,0.294076,0.075596,0.190293,-0.142173,-0.092618,0.064373,-0.122509,0.195561,0.256884,0.170590,0.274218,0.263794,0.200509,0.183720,0.212171,0.268554,0.077040,0.186805,0.077253,0.274074,-0.040190,-0.189452,0.022762,0.052166,0.097871,-0.134208,0.237955,0.099540,0.335832,0.485010,0.513330,0.051345,0.209531,-0.132698,0.013975,0.244738,0.275389,0.323058,0.635623,0.211228,0.317518,0.328071,0.222326,0.035107,0.218469,0.135046,0.232289,0.113769,0.331757,0.140817,0.157134,0.197250,-0.091455,0.264356,0.039227
0.133899,0.205580,0.016110,0.140850,0.075751,0.084301,0.264426,0.143289,0.231143,0.184533,0.208014,0.470655,0.052809,0.159522,0.478661,0.232259,0.000000,0.953769,0.636657,0.670772,0.382751,0.300398,0.352614,0.320488,0.067462,0.068202,-0.200042,-0.018089,0.855271,0.829894,0.361997,0.175771,0.525641,0.423597,0.419696,0.263080,0.243420,0.262771,-0.071809,0.143756,0.204641,0.340198,0.643174,0.546358,0.487701,0.427271,0.681989,0.564816,0.353362,0.128206,0.339169,-0.032854,0.190222,-0.004290,0.215476,0.271020,0.469318,0.415497,0.339177,0.204772,0.145143,0.072859,0.611328,0.423027,0.453356,0.228170,0.550378,0.471322,0.410716,0.581586,0.378624,0.517798,0.406889,0.326372,0.010765,0.286145,0.393181,0.400158,0.821622,0.576909,0.975340,0.803565,0.640573,0.590656,0.721610,0.542031,0.301952,0.251314,0.051303,0.147863
0.159408,0.389441,-0.052965,0.091136,0.191153,0.164961,0.162317,0.110092,0.292027,0.266349,0.094378,0.708929,0.002153,0.307042,0.449783,0.402949,0.953769,0.000000,0.455173,0.674574,0.433837,0.369668,0.190024,0.233931,0.113251,0.091115,-0.231933,0.003677,0.684989,1.068494,0.312470,0.162112,0.502245,0.451701,0.367521,0.253973,0.251527,0.352567,-0.188288,0.093568,0.119914,0.299461,0.652305,0.584405,0.550467,0.485559,0.714424,0.659374,0.551293,0.309415,0.555078,-0.043843,0.466501,0.131579,0.256983,0.334691,0.413769,0.535439,0.449352,0.409013,0.239553,0.281594,0.661734,0.830417,0.366475,0.344419,0.518520,0.466260,0.363810,0.555679,0.248958,0.441677,0.476429,0.555331,0.058435,0.373277,0.369354,0.327997,0.682816,0.748876,1.057666,1.042221,0.399743,0.619155,0.752237,0.648480,0.226289,0.203477,0.047096,0.130117
0.531009,0.411774,0.554971,0.585595,0.272803,0.319793,0.699889,0.330978,0.492890,0.172561,0.484582,0.218337,0.206672,0.243609,0.305724,0.124169,0.636657,0.455173,0.000000,1.192123,0.301447,0.117700,0.671464,0.558122,0.259146,0.215631,-0.139002,0.149018,0.346169,0.367740,0.535343,0.287948,0.433394,0.546760,0.509634,0.301323,-0.006738,0.186963,0.025233,-0.091631,0.123188,0.228082,0.458599,0.339427,0.412114,0.371736,0.504182,0.414884,0.131166,-0.021190,0.159953,-0.056087,0.115488,0.026145,0.010301,0.062239,0.345503,0.388063,0.274097,0.240884,0.158990,0.202677,0.331444,0.266129,0.446296,0.283879,0.373634,0.346019,0.462687,0.444900,0.189554,0.225201,0.518192,0.275870,0.155912,0.073177,0.523534,0.510880,0.386578,0.171920,0.482615,0.527996,0.334721,0.335528,0.405662,0.253758,0.014054,-0.131959,0.056940,0.026508
0.438259,0.692177,0.294009,0.554570,0.329297,0.359784,0.456857,0.417161,0.471337,0.265884,0.333429,0.443461,0.079603,0.278933,0.226225,0.221706,0.670772,0.674574,1.192123,0.000000,0.272888,0.036820,0.412551,0.432333,0.289893,0.268780,-0.134008,0.178283,0.269329,0.487114,0.565548,0.407949,0.612793,0.814454,0.518019,0.268481,-0.074087,0.155761,-0.111533,-0.180103,0.082684,0.266782,0.576901,0.453956,0.446057,0.457207,0.618322,0.581042,0.235491,0.037559,0.206798,0.033526,0.252316,0.176888,0.079327,0.152797,0.369814,0.541164,0.301600,0.287565,0.156519,0.245766,0.411352,0.381234,0.374721,0.370884,0.476232,0.525578,0.541011,0.536171,0.056521,0.129517,0.406210,0.339437,0.248118,0.025719,0.529219,0.514945,0.386577,0.267145,0.545452,0.749910,0.270625,0.472371,0.489094,0.372943,-0.052967,-0.180244,0.077420,0.117268
0.167354,0.058372,0.191751,0.205670,0.316546,0.090242,0.284968,0.065246,0.216605,0.143125,0.305357,0.214591,0.193615,0.339429,0.600632,0.285302,0.382751,0.433837,0.301447,0.272888,0.000000,0.639487,0.223220,0.262096,0.372429,0.097475,-0.214335,0.108285,0.601596,0.503628,0.574001,0.281103,-0.039477,0.009670,0.155491,0.026022,0.133903,0.169641,-0.123042,-0.212394,0.124824,0.274423,0.170727,0.085777,0.131345,0.118451,0.175874,0.132931,0.109045,-0.111538,0.197359,-0.322042,0.186990,0.006693,-0.060209,0.042739,0.195299,0.107408,0.286809,0.164212,0.201641,0.012171,0.358965,0.251269,0.133815,0.011986,0.236697,0.034444,0.215210,0.297518,0.555440,0.598965,0.603495,0.574804,0.205806,0.264593,0.154767,0.142065,0.564662,0.312871,0.525418,0.315981,0.444646,0.234074,0.395767,0.312643,0.287256,0.151166,0.088713,0.098921
-0.105304,-0.017992,-0.016452,-0.076353,0.023424,0.065892,-0.065624,-0.150932,-0.030294,0.258544,-0.081150,0.235623,-0.107762,0.131161,0.397944,0.331444,0.300398,0.369668,0.117700,0.036820,0.639487,0.000000,0.116524,0.098878,0.080007,0.187041,0.103312,0.078278,0.568530,0.446699,0.158691,-0.053051,-0.015227,-0.160930,0.046623,0.088492,0.647495,0.379911,-0.141025,0.239914,0.369516,0.082960,0.166813,0.190918,0.216185,0.116707,0.211860,0.076145,0.098973,0.047335,0.214137,-0.239633,0.142367,-0.153367,0.141009,0.040375,0.078399,0.157322,0.169921,0.174660,-0.124056,-0.034264,0.020734,0.288710,0.024701,-0.052889,0.153517,-0.004429,0.245188,0.432827,0.697131,0.782505,0.450152,0.590198,-0.171280,0.491411,-0.050405,0.021483,0.370377,0.276071,0.391990,0.250554,0.200057,0.095167,0.286453,0.383500,0.204981,0.329832,-0.096665,-0.102522
0.222412,0.094818,0.670193,0.744357,0.414444,0.325987,0.722129,0.396204,0.365212,0.212894,0.587977,0.166342,0.125098,0.142592,0.305966,-0.008694,0.352614,0.190024,0.671464,0.412551,0.223220,0.116524,0.000000,1.431211,0.502465,0.452704,0.007443,0.120454,0.248009,0.043441,0.521403,0.328635,0.122463,0.300872,0.258378,0.149984,0.019486,0.136030,-0.129363,-0.191679,0.032241,0.021926,0.125239,0.060787,0.049572,0.100744,0.156122,0.070048,-0.033281,-0.153057,0.091837,-0.145548,0.097790,-0.124427,-0.171705,-0.143730,0.021455,0.003625,0.047883,-0.021106,0.137759,0.114640,0.075546,0.071196,0.315981,0.153081,-0.027815,-0.039984,-0.014498,0.057468,0.304661,0.404848,0.130374,-0.029449,-0.190790,-0.062752,0.305520,0.282148,0.211994,-0.016541,0.292578,0.158148,0.337638,0.063455,0.235997,0.005531,-0.037785,-0.084962,-0.121358,-0.131906
0.091505,0.180934,0.656427,0.927138,0.520081,0.437582,0.697495,0.628340,0.476700,0.302450,0.518270,0.259187,0.056165,0.274264,0.333818,0.119373,0.320488,0.233931,0.558122,0.432333,0.262096,0.098878,1.431211,0.000000,0.681727,0.602887,-0.071652,0.178399,0.146509,0.080708,0.587825,0.402949,0.030110,0.317194,0.243254,0.184128,-0.009600,0.143095,-0.284797,-0.299876,-0.122589,0.031467,0.131135,0.098393,0.038505,0.187114,0.124499,0.106527,0.006719,-0.091158,0.137464,-0.044870,0.165924,-0.052704,-0.197535,-0.095147,-0.109447,-0.063610,-0.040006,-0.080151,0.022080,0.133968,0.083639,0.121266,0.328181,0.297393,-0.050425,0.011698,-0.131140,-0.018647,0.302749,0.480438,0.037006,0.030366,-0.179837,-0.096075,0.319222,0.340355,0.142315,-0.004991,0.286234,0.222276,0.346033,0.131588,0.218480,0.057098,-0.119213,-0.134765,-0.108716,-0.080425
0.017522,0.028108,0.604043,0.602872,0.892041,0.443785,0.532742,0.424672,0.700321,0.401469,0.298836,-0.031253,-0.011608,0.203418,0.228899,0.119017,0.067462,0.113251,0.259146,0.289893,0.372429,0.080007,0.502465,0.681727,0.000000,0.793017,-0.090714,0.253964,-0.018618,0.015350,0.576323,0.335062,-0.135577,0.206436,0.251004,0.259611,-0.116660,0.081360,-0.260502,-0.459894,-0.218513,0.006693,0.112968,0.058709,0.120820,0.247864,0.048466,0.104796,-0.081033,-0.034742,0.116796,-0.033014,0.173707,-0.021285,-0.240922,-0.008159,-0.157516,-0.142822,-0.064484,-0.118395,0.026127,0.067879,0.019258,-0.020781,0.177144,0.153797,0.040185,0.086868,-0.144234,-0.116445,0.164449,0.157217,0.125111,0.141485,0.058616,-0.070972,0.293483,0.220776,0.117261,-0.013392,0.197241,0.202821,0.175193,0.047343,0.147337,0.018435,-0.254991,-0.257825,0.072557,0.048233
-0.071481,0.150734,0.485078,0.522325,0.672286,0.768264,0.404224,0.473958,0.392274,0.621656,0.134814,0.157807,-0.093685,0.242652,0.125474,0.293793,0.068202,0.091115,0.215631,0.268780,0.097475,0.187041,0.452704,0.602887,0.793017,0.000000,0.342270,0.407152,-0.011697,0.040034,0.197759,0.092861,-0.032962,0.162676,0.159196,0.316151,0.087275,0.117404,-0.299543,-0.236429,-0.029773,-0.110258,0.096683,0.087849,0.078101,0.206308,0.030891,0.049370,-0.073549,0.178261,0.053326,0.056176,0.114095,-0.045625,-0.099616,-0.170675,-0.377095,-0.188978,-0.080751,-0.077762,-0.171765,0.108706,-0.259217,0.025926,0.166844,0.300313,-0.104031,0.053027,-0.123298,0.005993,0.167650,0.195545,0.121547,0.270635,0.052945,0.172665,0.338122,0.296137,0.014494,-0.061560,0.031732,0.090297,-0.025930,-0.047085,-0.040921,-0.081190,-0.412569,-0.405732,0.022475,-0.097073
-0.098969,-0.061826,0.055727,-0.070642,0.073272,0.315878,-0.065547,-0.055625,-0.083273,0.183738,-0.068539,-0.017719,-0.018887,-0.097796,-0.054132,0.074014,-0.200042,-0.231933,-0.139002,-0.134008,-0.214335,0.103312,0.007443,-0.071652,-0.090714,0.342270,0.000000,0.606841,-0.067028,-0.238321,-0.170926,-0.118221,0.027549,-0.145115,-0.181461,-0.084745,0.122962,-0.026787,-0.031105,0.110208,0.153578,-0.351028,-0.225417,-0.119259,-0.250790,-0.143831,-0.187807,-0.235018,-0.294740,-0.108839,-0.181607,0.039649,-0.136873,-0.085741,0.079570,-0.254891,-0.241859,-0.097652,-0.134517,-0.085758,-0.150819,-0.073635,-0.376979,-0.132213,-0.224421,-0.162797,-0.298434,-0.210649,-0.047907,-0.027059,0.000909,-0.074598,0.096127,0.012565,-0.065099,0.222375,0.005143,0.039061,-0.234840,-0.215777,-0.342192,-0.264537,-0.203965,-0.257105,-0.333297,-0.205937,-0.311098,-0.239377,-0.000645,-0.130650
-0.009946,0.014811,0.364469,0.236660,0.346395,0.694552,0.234120,0.160145,0.415556,0.152671,0.053427,-0.036523,0.022357,0.060719,0.091726,0.214254,-0.018089,0.003677,0.149018,0.178283,0.108285,0.078278,0.120454,0.178399,0.253964,0.407152,0.606841,0.000000,-0.095801,-0.015564,0.157121,0.093913,-0.057182,0.063820,0.101826,0.128371,-0.123736,0.101004,-0.226800,-0.027625,-0.115956,-0.122656,-0.021176,0.044234,0.007404,0.221005,-0.046613,-0.031278,-0.086238,-0.014840,-0.052164,0.133987,0.033817,0.028856,-0.092427,-0.063017,-0.238535,-0.132564,-0.085618,-0.063386,-0.068529,0.047373,-0.168147,-0.037593,0.020183,0.103342,-0.092162,0.037738,-0.041771,-0.032683,-0.007553,-0.067673,0.289610,0.199023,0.145328,0.365882,0.256174,0.360673,-0.068780,-0.103700,-0.163557,0.025739,-0.043057,-0.008134,-0.143771,-0.049323,-0.384779,-0.334831,0.142044,0.109336
0.238397,0.054600,-0.044078,-0.068695,0.054271,-0.111158,0.126872,-0.124124,0.013563,0.088529,0.200274,0.372403,0.211229,0.182328,0.673917,0.213908,0.855271,0.684989,0.346169,0.269329,0.601596,0.568530,0.248009,0.146509,-0.018618,-0.011697,-0.067028,-0.095801,0.000000,0.854973,0.280230,0.035726,0.259198,0.010160,0.064947,0.047266,0.501193,0.335157,0.035319,0.168827,0.462702,0.238378,0.337145,0.281773,0.287391,0.137988,0.430606,0.264851,0.244749,0.077521,0.259760,-0.313940,0.092356,-0.156562,0.311161,0.161890,0.463410,0.336330,0.413351,0.235186,0.287127,0.018813,0.470376,0.349882,0.221367,-0.044164,0.314924,0.097166,0.431914,0.484757,0.515947,0.582735,0.504275,0.378326,-0.002194,0.369106,0.094824,0.053009,0.755268,0.466889,0.725247,0.368220,0.537133,0.343844,0.559354,0.338369,0.549856,0.371690,0.016722,0.070590
0.175051,0.286793,-0.066261,0.032989,0.122335,0.130417,0.135470,0.108083,0.239371,0.235758,0.070810,0.476725,0.135132,0.343998,0.538281,0.452511,0.829894,1.068494,0.367740,0.487114,0.503628,0.446699,0.043441,0.080708,0.015350,0.040034,-0.238321,-0.015564,0.854973,0.000000,0.269467,0.092270,0.348447,0.262422,0.272490,0.230449,0.372024,0.483917,-0.134706,0.211064,0.242634,0.437364,0.664288,0.608243,0.567792,0.476881,0.697259,0.617770,0.547144,0.367347,0.488072,-0.072999,0.275285,0.045578,0.292479,0.326572,0.325640,0.384469,0.410544,0.368295,0.162661,0.178028,0.520703,0.584226,0.318641,0.250438,0.480076,0.441825,0.385410,0.483859,0.204545,0.382908,0.469704,0.631223,0.140734,0.447799,0.284539,0.288344,0.604769,0.898332,0.784814,0.868667,0.571404,0.701858,0.601366,0.537107,0.340265,0.306988,0.029569,0.105897
0.260134,0.180264,0.523991,0.638672,0.445508,0.228816,0.627290,0.585035,0.534260,0.178974,0.493485,0.186345,0.289496,0.366946,0.357620,0.261279,0.361997,0.312470,0.535343,0.565548,0.574001,0.158691,0.521403,0.587825,0.576323,0.197759,-0.170926,0.157121,0.280230,0.269467,0.000000,1.272613,0.327852,0.630797,0.259651,0.078273,-0.205225,0.039386,-0.234498,-0.404004,0.079203,0.147601,0.276149,0.125644,0.124192,0.244374,0.298918,0.184428,0.003468,-0.244834,0.129519,-0.159795,0.145950,0.061993,-0.108299,-0.091126,0.244764,0.225720,0.096185,0.040810,0.178832,0.091077,0.366924,0.124212,0.316167,0.050348,0.240235,0.208164,0.140694,0.123560,0.335098,0.331743,0.359045,0.285340,0.208795,-0.127486,0.326350,0.297656,0.280559,0.173601,0.318401,0.390595,0.387869,0.359858,0.298245,0.167173,0.031403,-0.056473,-0.026346,-0.002306
0.217454,0.240655,0.322167,0.564756,0.302317,0.203239,0.441742,0.696303,0.348033,0.176181,0.415616,0.201368,0.280892,0.306579,0.170739,0.291076,0.175771,0.162112,0.287948,0.407949,0.281103,-0.053051,0.328635,0.402949,0.335062,0.092861,-0.118221,0.093913,0.035726,0.092270,1.272613,0.000000,0.447229,0.744691,0.102461,-0.053841,-0.412045,-0.052008,-0.146878,-0.390448,-0.007172,0.046038,0.183888,0.078028,-0.014813,0.100419,0.220510,0.142929,-0.037538,-0.315630,0.042710,-0.116490,0.119917,0.116047,-0.039505,-0.155362,0.168523,0.209044,0.040812,0.060288,0.162687,0.111681,0.318095,0.089368,0.206905,0.028557,0.127279,0.182282,0.017914,-0.054839,0.129652,0.134177,0.114817,0.136988,0.213796,-0.230604,0.267649,0.230221,0.027555,0.044315,0.054715,0.237398,0.263044,0.336200,0.130196,0.045018,-0.007032,-0.109182,-0.007319,-0.048481
0.282330,0.444173,-0.044289,0.126125,0.102895,0.140905,0.181879,0.282031,0.148204,0.216835,0.144490,0.363868,0.091018,0.045027,0.009869,0.195546,0.525641,0.502245,0.433394,0.612793,-0.039477,-0.015227,0.122463,0.030110,-0.135577,-0.032962,0.027549,-0.057182,0.259198,0.348447,0.327852,0.447229,0.000000,1.003822,0.247928,0.105816,-0.154221,0.050972,0.152815,0.047053,0.268807,0.213019,0.564247,0.414473,0.389763,0.316850,0.690545,0.538951,0.314543,0.045993,0.290917,0.053212,0.298004,0.178238,0.417693,0.202153,0.427601,0.508517,0.400723,0.395023,0.249303,0.120883,0.463151,0.309365,0.156087,0.062796,0.533641,0.535656,0.426642,0.364355,-0.080019,-0.042856,0.267823,0.190659,0.327842,0.022235,0.374555,0.299025,0.309857,0.277558,0.326093,0.593807,0.165162,0.538135,0.339965,0.242546,0.024505,-0.047905,0.050134,0.054527
0.232454,0.446492,0.287342,0.545329,0.387790,0.395959,0.513109,0.699786,0.498991,0.301788,0.234506,0.243847,0.116326,0.253618,-0.019327,0.276174,0.423597,0.451701,0.546760,0.814454,0.009670,-0.160930,0.300872,0.317194,0.206436,0.162676,-0.145115,0.063820,0.010160,0.262422,0.630797,0.744691,1.003822,0.000000,0.455017,0.317922,-0.341599,-0.021583,-0.137746,-0.257067,-0.029007,0.105271,0.501475,0.317871,0.359946,0.493105,0.515745,0.444441,0.201147,0.046422,0.220771,0.154584,0.284705,0.167700,0.064070,0.058890,0.215499,0.313973,0.201394,0.227101,0.209324,0.293579,0.445735,0.292372,0.371280,0.363507,0.393635,0.612797,0.152231,0.137525,-0.118104,-0.042993,0.178875,0.177676,0.262209,-0.141534,0.597086,0.491599,0.194348,0.249686,0.250399,0.613176,0.123104,0.526483,0.216616,0.109782,-0.198274,-0.232713,-0.011459,0.016739
0.144897,0.181523,0.412866,0.418489,0.209764,0.270439,0.542624,0.352511,0.413884,0.143426,0.238095,0.153210,0.253470,0.386886,0.235339,0.269564,0.419696,0.367521,0.509634,0.518019,0.155491,0.046623,0.258378,0.243254,0.251004,0.159196,-0.181461,0.101826,0.064947,0.272490,0.259651,0.102461,0.247928,0.455017,0.000000,0.921659,0.005674,-0.067973,-0.100229,-0.102734,0.036216,0.119858,0.548641,0.451022,0.592627,0.687815,0.461782,0.415842,0.227664,0.291374,0.541077,0.452100,0.200463,0.044515,-0.021723,0.112143,0.009799,0.004760,0.077572,-0.000094,-0.004427,0.190573,0.173943,0.206118,0.639776,0.598777,0.463026,0.574038,0.009155,0.070147,0.218281,0.205574,0.336223,0.315098,0.231433,0.168966,0.719739,0.591238,0.324437,0.231342,0.387896,0.448318,0.102639,0.175146,0.327427,0.201968,0.049469,-0.067760,0.058885,0.036724
-0.011117,-0.000597,0.343746,0.294883,0.273451,0.368654,0.497464,0.307069,0.407226,0.386407,0.128127,0.042425,0.127621,0.328977,0.168100,0.294076,0.263080,0.253973,0.301323,0.268481,0.026022,0.088492,0.149984,0.184128,0.259611,0.316151,-0.084745,0.128371,0.047266,0.230449,0.078273,-0.053841,0.105816,0.317922,0.921659,0.000000,0.069656,0.044373,-0.202402,-0.143334,-0.075708,-0.066356,0.387821,0.387765,0.479582,0.761944,0.252413,0.218923,0.142048,0.419194,0.418318,0.414589,0.131441,0.012887,0.045692,0.096016,-0.145995,-0.203376,0.018498,-0.067983,-0.027172,0.158168,0.055254,0.167675,0.544458,0.600533,0.277584,0.474801,-0.159008,-0.041557,0.228290,0.186455,0.245491,0.290521,0.171137,0.224199,0.583002,0.454810,0.240321,0.236582,0.236330,0.286064,-0.079787,0.065805,0.128866,0.098233,-0.045753,-0.123349,0.112618,0.080413
-0.119224,-0.102680,-0.184389,-0.249619,-0.184089,-0.061657,-0.239549,-0.279890,-0.217955,0.045795,-0.201835,0.136654,-0.170468,0.026373,0.211984,0.075596,0.243420,0.251527,-0.006738,-0.074087,0.133903,0.647495,0.019486,-0.009600,-0.116660,0.087275,0.122962,-0.123736,0.501193,0.372024,-0.205225,-0.412045,-0.154221,-0.341599,0.005674,0.069656,0.000000,0.480242,-0.098937,0.500188,0.449539,0.101668,0.161642,0.291526,0.176400,0.071057,0.137752,0.095219,0.044787,0.194510,0.141624,-0.168669,-0.146099,-0.368625,0.203579,0.046051,0.099835,0.137415,0.139503,0.126668,-0.052346,0.000545,-0.092121,0.220299,-0.026272,-0.033869,0.006377,-0.054150,0.205311,0.317519,0.405334,0.532502,0.240930,0.281975,-0.366150,0.446429,-0.047858,0.009694,0.317205,0.206904,0.340234,0.118553,0.230924,0.009924,0.215071,0.255724,0.299741,0.423060,-0.262122,-0.196848
0.002369,0.128042,-0.033490,0.023410,0.032635,0.125501,-0.012383,0.022151,0.165944,0.165798,-0.060128,0.236575,-0.037826,0.056541,0.320994,0.190293,0.262771,0.352567,0.186963,0.155761,0.169641,0.379911,0.136030,0.143095,0.081360,0.117404,-0.026787,0.101004,0.335157,0.483917,0.039386,-0.052008,0.050972,-0.021583,-0.067973,0.044373,0.480242,0.000000,0.095078,0.488733,0.242453,0.377315,0.197767,0.327789,0.191826,0.133563,0.225727,0.196774,0.108306,0.094719,0.150925,-0.122578,0.093579,-0.118842,0.285222,0.227629,0.061320,0.225708,0.157836,0.224066,-0.017703,0.066622,0.114272,0.239693,0.144581,0.062102,0.135232,0.097716,0.231612,0.259615,0.110248,0.271091,0.248890,0.314164,-0.202909,0.376834,-0.053327,0.044884,0.046435,0.222991,0.313612,0.309054,0.467351,0.471241,0.334523,0.359288,0.220737,0.273805,0.074570,0.072577
0.319704,0.059513,-0.151048,-0.207167,-0.383023,-0.354283,-0.185660,-0.221126,-0.276199,-0.255526,0.005577,-0.089066,0.070613,-0.165010,-0.085294,-0.142173,-0.071809,-0.188288,0.025233,-0.111533,-0.123042,-0.141025,-0.129363,-0.284797,-0.260502,-0.299543,-0.031105,-0.226800,0.035319,-0.134706,-0.234498,-0.146878,0.152815,-0.137746,-0.100229,-0.202402,-0.098937,0.095078,0.000000,0.331374,0.118665,0.250715,-0.036368,-0.058070,-0.046324,-0.272495,-0.014604,0.013271,-0.003749,-0.065147,-0.048721,-0.049249,-0.101843,0.064403,0.396408,0.238836,0.249959,0.212805,0.175278,0.150995,0.085126,-0.057100,-0.077524,-0.184880,-0.126658,-0.248632,0.150666,0.016209,0.274991,0.114584,-0.122093,-0.283270,-0.054430,-0.155680,0.159853,-0.092948,-0.237056,-0.247193,-0.130480,-0.155044,-0.147177,-0.240740,0.009084,-0.081810,0.000551,-0.103959,0.278896,0.122870,0.404624,0.210265
-0.086088,-0.096331,-0.345554,-0.458382,-0.610865,-0.285432,-0.438075,-0.415405,-0.292384,-0.294915,-0.320949,0.038033,-0.171490,-0.278970,-0.031704,-0.092618,0.143756,0.093568,-0.091631,-0.180103,-0.212394,0.239914,-0.191679,-0.299876,-0.459894,-0.236429,0.110208,-0.027625,0.168827,0.211064,-0.404004,-0.390448,0.047053,-0.257067,-0.102734,-0.143334,0.500188,0.488733,0.331374,0.000000,0.408412,0.378757,0.124527,0.272882,0.147077,-0.042715,0.190207,0.164743,0.160863,0.094454,0.062621,0.039277,-0.160868,-0.176696,0.348440,0.280437,0.193243,0.202173,0.081980,0.132790,-0.160881,-0.122224,-0.059930,0.019530,-0.147225,-0.201291,0.158524,0.091876,0.267100,0.251892,0.054413,0.043188,-0.007690,-0.006625,-0.292124,0.407378,-0.211653,-0.065063,-0.006136,0.124554,0.142738,0.045496,0.174568,0.183218,0.184246,0.277388,0.263087,0.695966,-0.046786,0.042277
0.119618,0.071172,-0.035748,-0.160036,-0.233795,-0.154173,-0.123830,-0.191304,-0.221335,-0.095490,0.019303,0.151267,0.179766,0.039114,0.201293,0.064373,0.204641,0.119914,0.123188,0.082684,0.124824,0.369516,0.032241,-0.122589,-0.218513,-0.029773,0.153578,-0.115956,0.462702,0.242634,0.079203,-0.007172,0.268807,-0.029007,0.036216,-0.075708,0.449539,0.242453,0.118665,0.408412,0.000000,0.398198,0.113250,0.096073,0.091680,-0.060988,0.241761,0.054317,0.112151,0.002162,0.132298,-0.176015,-0.040355,-0.156728,0.233968,-0.081816,0.146178,0.198375,0.129399,0.089280,-0.016724,-0.076928,-0.002162,0.090420,0.063510,-0.172548,0.130101,-0.040467,0.318983,0.263794,0.333828,0.284738,0.351056,0.303210,0.030124,0.257305,0.063380,0.038127,0.188572,0.068659,0.225875,0.036397,0.191497,0.198529,0.239509,0.112857,0.321666,0.269876,-0.170919,-0.187967
0.230057,0.219349,-0.044623,0.035729,-0.083133,-0.107388,-0.017158,-0.018402,0.041012,-0.195630,0.138586,0.171086,-0.039145,-0.059646,0.108968,-0.122509,0.340198,0.299461,0.228082,0.266782,0.274423,0.082960,0.021926,0.031467,0.006693,-0.110258,-0.351028,-0.122656,0.238378,0.437364,0.147601,0.046038,0.213019,0.105271,0.119858,-0.066356,0.101668,0.377315,0.250715,0.378757,0.398198,0.000000,0.383104,0.268522,0.238556,0.035791,0.327836,0.368747,0.226701,-0.002343,0.270605,-0.066325,0.050422,0.008584,0.138970,0.362274,0.408093,0.413392,0.237030,0.243713,0.140035,0.014750,0.303879,0.192918,0.019584,-0.100262,0.433077,0.286398,0.436576,0.373640,0.003456,0.102792,0.256694,0.327265,0.266261,0.179019,0.097608,0.151595,0.297066,0.303863,0.387310,0.390307,0.437598,0.493917,0.500339,0.344984,0.222158,0.300430,-0.004468,0.120950
0.207411,0.253624,0.108086,0.191929,0.213167,0.248525,0.307657,0.277340,0.262952,0.329071,0.062328,0.197077,0.026357,0.172828,0.120772,0.195561,0.643174,0.652305,0.458599,0.576901,0.170727,0.166813,0.125239,0.131135,0.112968,0.096683,-0.225417,-0.021176,0.337145,0.664288,0.276149,0.183888,0.564247,0.501475,0.548641,0.387821,0.161642,0.197767,-0.036368,0.124527,0.113250,0.383104,0.000000,1.314511,1.179633,0.832556,1.583589,1.499157,0.646941,0.414392,0.648029,0.172145,0.341196,0.200154,0.392551,0.575174,0.412817,0.357117,0.456786,0.359077,0.185832,0.095292,0.378075,0.341975,0.219942,0.208591,0.780922,0.850126,0.368828,0.366374,-0.008655,0.150603,0.303407,0.389293,0.205646,0.189693,0.559989,0.482071,0.459796,0.636151,0.548748,0.882620,0.412142,0.535779,0.545005,0.425445,0.178320,0.119943,0.004633,0.147592
0.071726,0.241647,-0.013714,0.101531,0.071216,0.161990,0.147737,0.222812,0.193336,0.282508,-0.004232,0.236975,0.007606,0.153883,0.184741,0.256884,0.546358,0.584405,0.339427,0.453956,0.085777,0.190918,0.060787,0.098393,0.058709,0.087849,-0.119259,0.044234,0.281773,0.608243,0.125644,0.078028,0.414473,0.317871,0.451022,0.387765,0.291526,0.327789,-0.058070,0.272882,0.096073,0.268522,1.314511,0.000000,0.896354,0.824074,1.252224,1.346718,0.589020,0.385831,0.575057,0.256139,0.262637,0.149595,0.504987,0.624671,0.277753,0.284389,0.289943,0.269616,0.039561,0.044083,0.260833,0.302541,0.164121,0.206046,0.633337,0.791934,0.236614,0.274109,0.024985,0.170934,0.233683,0.297107,0.061993,0.273499,0.438710,0.411161,0.354539,0.489004,0.486063,0.715725,0.391011,0.492653,0.506681,0.564813,0.222852,0.225201,0.005279,0.122409
0.117475,0.135905,0.105576,0.085044,0.253638,0.252353,0.294956,0.122429,0.336383,0.291720,-0.058456,0.078981,0.033596,0.151193,0.125119,0.170590,0.487701,0.550467,0.412114,0.446057,0.131345,0.216185,0.049572,0.038505,0.120820,0.078101,-0.250790,0.007404,0.287391,0.567792,0.124192,-0.014813,0.389763,0.359946,0.592627,0.479582,0.176400,0.191826,-0.046324,0.147077,0.091680,0.238556,1.179633,0.896354,0.000000,1.060719,0.980704,0.943920,0.690006,0.501658,0.499462,0.120669,0.261399,0.129102,0.214247,0.418024,0.217698,0.194065,0.420946,0.345148,0.151313,0.118001,0.248323,0.284333,0.237620,0.302777,0.706009,0.747725,0.300028,0.350213,-0.016066,0.105041,0.346811,0.430249,0.178691,0.333572,0.520121,0.441888,0.416144,0.455211,0.458079,0.684571,0.209218,0.341332,0.342449,0.283143,0.068921,0.056170,-0.039613,0.099797
-0.070302,0.080630,0.258813,0.290345,0.365308,0.388796,0.463334,0.377474,0.481292,0.362385,0.016913,0.051093,0.115623,0.265908,0.133081,0.274218,0.427271,0.485559,0.371736,0.457207,0.118451,0.116707,0.100744,0.187114,0.247864,0.206308,-0.143831,0.221005,0.137988,0.476881,0.244374,0.100419,0.316850,0.493105,0.687815,0.761944,0.071057,0.133563,-0.272495,-0.042715,-0.060988,0.035791,0.832556,0.824074,1.060719,0.000000,0.697910,0.696270,0.474695,0.461236,0.489875,0.407715,0.225746,0.094575,0.122636,0.316429,-0.029316,-0.051507,0.109080,0.052379,0.027757,0.053461,0.198635,0.175406,0.338216,0.498970,0.586472,0.883682,0.007214,0.102456,0.017788,0.118288,0.255481,0.316960,0.115119,0.190237,0.670292,0.625882,0.356009,0.454403,0.361159,0.650964,0.182449,0.349629,0.242448,0.247275,-0.041579,-0.065084,-0.008807,0.141097
0.252499,0.344292,0.066761,0.147955,0.113994,0.129041,0.262613,0.235858,0.191167,0.272911,0.070877,0.264498,0.118756,0.189160,0.221506,0.263794,0.681989,0.714424,0.504182,0.618322,0.175874,0.211860,0.156122,0.124499,0.048466,0.030891,-0.187807,-0.046613,0.430606,0.697259,0.298918,0.220510,0.690545,0.515745,0.461782,0.252413,0.137752,0.225727,-0.014604,0.190207,0.241761,0.327836,1.583589,1.252224,0.980704,0.697910,0.000000,1.638328,0.712225,0.312762,0.612870,0.091283,0.388572,0.171706,0.504566,0.534261,0.446110,0.434406,0.449870,0.385935,0.163040,0.077525,0.449651,0.361165,0.211797,0.143116,0.773793,0.771052,0.400798,0.386135,0.025864,0.158769,0.339003,0.359034,0.145370,0.185157,0.454819,0.379461,0.421099,0.606927,0.601771,0.871231,0.445236,0.609722,0.596595,0.459573,0.225174,0.159312,-0.029571,0.094418
0.228617,0.399260,0.013944,0.148800,0.154487,0.173482,0.189116,0.240906,0.208599,0.250577,0.024586,0.217289,0.018200,0.145000,0.130275,0.200509,0.564816,0.659374,0.414884,0.581042,0.132931,0.076145,0.070048,0.106527,0.104796,0.049370,-0.235018,-0.031278,0.264851,0.617770,0.184428,0.142929,0.538951,0.444441,0.415842,0.218923,0.095219,0.196774,0.013271,0.164743,0.054317,0.368747,1.499157,1.346718,0.943920,0.696270,1.638328,0.000000,0.747188,0.361309,0.545555,0.126488,0.358488,0.199406,0.444957,0.663450,0.400205,0.439383,0.452713,0.430042,0.157640,0.147432,0.413116,0.364069,0.104750,0.175254,0.731203,0.811736,0.375528,0.359537,-0.089732,0.050551,0.225404,0.307727,0.162069,0.173154,0.429936,0.379323,0.386651,0.562242,0.509748,0.850161,0.407255,0.537189,0.527187,0.433346,0.142201,0.087968,0.019629,0.136088
