0.000000,1.478918,0.544089,0.653378,0.370710,0.325916,0.891287,0.893158,0.563254,0.345611,0.686434,0.913973,0.752599,0.932394,0.909135,0.859516,1.068208,0.997415,1.451886,1.148695,0.292222,0.393077,0.209085,0.464135,-0.091923,-0.137839,0.125761,0.160801,1.143803,0.960573,-0.051167,0.281646,0.469025,0.292638,0.043404,0.184945,0.451441,0.298741,0.336652,0.325795,0.583653,0.599853,0.788102,0.685237,0.404096,0.562746,0.608423,0.903513,0.558240,0.618536,0.556047,0.598486,0.729900,0.904008,0.806651,0.894083,1.322569,1.536496,0.973509,0.995894,1.112374,0.607601,1.164051,0.937955,0.243067,0.092346,0.040206,0.055486,0.962564,0.805116,0.384294,0.434399,0.793772,0.810426,0.828752,0.816611,0.683305,0.511102,0.646210,0.452217,0.909309,0.987695,1.043019,1.165944,0.968544,0.914282,0.574415,0.297957,0.919973,0.886904
1.478918,0.000000,0.599139,0.699491,0.313080,0.235597,0.835262,0.752254,0.466206,0.368583,0.464757,0.767004,0.573355,0.873522,0.727361,0.665165,1.100587,1.064270,1.284491,1.180835,0.452695,0.496792,0.222762,0.383616,-0.023980,-0.116035,0.137876,0.170843,1.063285,0.900552,0.067871,0.343841,0.646534,0.517257,0.169529,0.197743,0.450475,0.352381,0.301389,0.331313,0.558337,0.649090,0.727899,0.676937,0.461330,0.577040,0.566131,0.774387,0.550320,0.652497,0.590539,0.597031,0.712107,0.792022,0.753878,0.828859,1.343111,1.708213,0.909441,0.783047,0.942972,0.474015,1.018137,0.871329,0.205272,0.121150,0.177422,0.146469,0.828679,0.702142,0.401899,0.438682,0.947754,0.906476,0.847862,0.773256,0.730357,0.586270,0.587159,0.408948,0.850997,1.018913,0.769601,0.956598,0.945239,0.922720,0.451037,0.240209,0.854402,0.781582
0.544089,0.599139,0.000000,1.036641,0.576350,0.329117,0.754970,0.380773,0.606405,0.381995,0.242603,0.272032,0.137744,0.301074,0.385163,0.245552,0.481176,0.570824,0.695473,0.685252,0.275467,0.281604,0.855962,0.651982,0.266852,0.130186,0.193861,0.157184,0.296221,0.241396,0.100542,0.276133,0.569815,0.442307,0.493376,0.348080,0.234540,0.212488,0.531747,0.412841,0.133199,0.206085,0.631612,0.532323,0.585548,0.592955,0.496423,0.686237,0.583198,0.627090,0.661424,0.622283,0.633039,0.555977,0.714162,0.680488,0.461235,0.576172,0.686521,0.451126,0.350456,0.138552,0.335982,0.316400,0.461416,0.389604,0.549030,0.447659,0.653403,0.569071,0.263364,0.230129,0.320776,0.313599,0.351307,0.461619,0.327368,0.262669,0.320564,0.213878,0.435863,0.565793,0.624926,0.632301,0.631420,0.620436,0.477488,0.389994,0.804191,0.708518
0.653378,0.699491,1.036641,0.000000,0.493506,0.478141,0.851651,0.865179,0.579122,0.442214,0.250250,0.546602,0.276057,0.563467,0.331734,0.428199,0.567116,0.667953,0.892340,0.882953,0.257665,0.434073,0.602814,0.976333,0.211958,0.140548,0.274098,0.254366,0.420493,0.444743,0.016889,0.455501,0.633281,0.736882,0.515793,0.491355,0.224288,0.312787,0.595733,0.579138,0.144434,0.317703,0.754547,0.636579,0.685444,0.682604,0.625972,0.791205,0.648307,0.698910,0.750209,0.702592,0.734528,0.731185,0.819954,0.792907,0.569759,0.729104,0.810630,0.799155,0.492410,0.577548,0.427552,0.478873,0.400881,0.631266,0.560313,0.625800,0.793457,0.729481,0.212412,0.306226,0.352774,0.399370,0.424337,0.523578,0.358181,0.370482,0.471493,0.353533,0.640176,0.751379,0.633857,0.833255,0.812911,0.927315,0.506592,0.389864,0.984972,1.100894
0.370710,0.313080,0.576350,0.493506,0.000000,0.969962,0.441236,0.246775,1.060567,0.411078,0.277379,0.224752,0.319134,0.241603,0.484813,0.425121,0.258926,0.370669,0.441863,0.282204,0.328343,0.307716,0.667013,0.661902,0.344371,0.340924,0.439821,0.499150,0.241841,0.226278,-0.010435,0.043033,0.184804,0.093547,0.221453,0.271564,0.122355,0.157917,0.271000,0.166528,0.086340,0.212507,0.334121,0.274159,0.237128,0.263894,0.157244,0.376235,0.235156,0.268711,0.270181,0.239472,0.354766,0.258909,0.431129,0.341958,0.250328,0.305975,0.382975,0.260388,0.356606,0.200694,0.185126,0.187155,0.298289,0.264056,0.262416,0.226373,0.323997,0.242446,0.271031,0.229654,0.272282,0.244212,0.426642,0.496272,0.238810,0.110766,0.267504,0.178572,0.258089,0.268230,0.488514,0.404486,0.402227,0.288683,0.441700,0.175665,0.507783,0.360334
0.325916,0.235597,0.329117,0.478141,0.969962,0.000000,0.409366,0.419136,0.694600,0.499815,0.328318,0.369708,0.420718,0.304144,0.380520,0.524496,0.212757,0.304687,0.419720,0.268709,0.239024,0.246552,0.470119,0.708717,0.174873,0.425615,0.317170,0.490035,0.287663,0.321632,0.042302,0.160434,0.156176,0.166819,0.154688,0.156609,0.011232,0.269808,0.249314,0.245535,0.091522,0.331124,0.267622,0.229667,0.134865,0.240497,0.132603,0.321384,0.139511,0.203707,0.214382,0.193148,0.350893,0.315160,0.321064,0.267326,0.220354,0.252423,0.328035,0.286917,0.463387,0.543937,0.224943,0.237447,0.359098,0.355387,0.135818,0.183912,0.361087,0.289999,0.228720,0.239866,0.228306,0.261676,0.412734,0.395740,0.185025,0.144456,0.291308,0.204735,0.291631,0.332933,0.367796,0.391056,0.432676,0.334539,0.252726,0.140346,0.481581,0.381425
0.891287,0.835262,0.754970,0.851651,0.441236,0.409366,0.000000,1.023510,0.531851,0.373687,0.686766,0.765705,0.810962,0.830288,0.693192,0.708588,0.690757,0.666929,1.040156,1.027573,0.398652,0.600474,0.485284,0.517903,0.102863,-0.033190,0.216504,0.229521,0.688383,0.615751,-0.038197,0.354223,0.716394,0.585297,0.279764,0.355347,0.414515,0.223899,0.423055,0.332466,0.436020,0.645155,0.737625,0.568759,0.578990,0.570339,0.520289,0.769281,0.548758,0.632021,0.641014,0.666815,0.616053,0.641158,0.798367,0.778698,0.550750,0.758955,0.905985,0.773836,0.828545,0.596385,0.687773,0.659228,0.310762,0.348131,0.386218,0.370491,0.726575,0.987745,0.498512,0.517749,0.509401,0.585838,0.494537,0.613147,0.651329,0.431826,0.450196,0.297135,0.606803,0.791629,0.726696,0.788843,1.092760,1.012599,0.320009,0.279984,0.916933,0.865885
0.893158,0.752254,0.380773,0.865179,0.246775,0.419136,1.023510,0.000000,0.389298,0.315616,0.576140,1.145532,0.754821,1.063920,0.427208,0.722785,0.659550,0.610433,0.966954,0.968955,0.199570,0.420740,0.200647,0.667978,-0.126630,-0.068713,0.144905,0.194033,0.747098,0.743512,-0.161947,0.299621,0.530096,0.585706,0.127968,0.313483,0.340862,0.311575,0.388440,0.370105,0.305780,0.455432,0.872780,0.730377,0.648543,0.689940,0.748361,0.868605,0.731117,0.764780,0.746538,0.827052,0.779400,0.901365,0.932557,0.943211,0.592476,0.780795,1.020705,1.373538,0.889351,1.107971,0.781965,0.814925,0.161754,0.354176,0.192815,0.357751,0.787291,0.957699,0.246933,0.449474,0.402837,0.492606,0.433922,0.530633,0.463170,0.448040,0.477123,0.379270,0.718099,0.833324,0.710067,0.874626,0.899596,1.096266,0.454747,0.333129,0.963859,1.164596
0.563254,0.466206,0.606405,0.579122,1.060567,0.694600,0.531851,0.389298,0.000000,0.519658,0.584603,0.433875,0.496175,0.494466,0.666667,0.519178,0.335481,0.383983,0.548567,0.429673,0.075360,0.225502,0.457550,0.783015,-0.061751,-0.075203,-0.015071,0.037130,0.354096,0.286398,-0.162706,-0.014749,0.171307,0.148601,0.028794,0.216472,0.020655,0.044493,0.071803,0.045186,0.080760,0.269181,0.382764,0.259312,0.256454,0.262591,0.226086,0.408913,0.352533,0.388434,0.260589,0.319739,0.444242,0.322367,0.456748,0.420254,0.334651,0.462329,0.508356,0.439003,0.511600,0.395199,0.342434,0.397943,0.341353,0.165421,-0.027681,-0.004825,0.310075,0.235502,0.224476,0.207824,0.331027,0.306846,0.488826,0.555066,0.332810,0.160358,0.216755,0.109345,0.232996,0.299786,0.536323,0.450877,0.433390,0.390241,0.452686,0.186399,0.489933,0.449654
0.345611,0.368583,0.381995,0.442214,0.411078,0.499815,0.373687,0.315616,0.519658,0.000000,0.222966,0.234200,0.309961,0.189001,0.302884,0.279953,0.296931,0.299640,0.396384,0.377430,0.238582,0.171629,0.187865,0.399467,0.052975,0.118699,-0.029818,0.112579,0.326360,0.332145,0.078933,0.302686,0.281736,0.386294,0.131227,0.162231,0.069403,0.092795,0.153254,0.101003,0.102300,0.180015,0.258078,0.247529,0.236492,0.301326,0.200165,0.267508,0.235483,0.288066,0.205319,0.178710,0.302720,0.299970,0.275385,0.257695,0.355826,0.328709,0.315300,0.255551,0.437748,0.363470,0.354680,0.343281,0.240445,0.153472,0.075226,0.093575,0.262318,0.128198,0.132199,0.141323,0.364427,0.353917,0.370216,0.299972,0.189888,0.135608,0.157754,0.144280,0.306642,0.348211,0.322298,0.274728,0.342132,0.338159,0.255121,0.027777,0.414473,0.317335
0.686434,0.464757,0.242603,0.250250,0.277379,0.328318,0.686766,0.576140,0.584603,0.222966,0.000000,0.832419,1.323846,0.807601,1.047026,0.868022,0.337148,0.263906,0.575998,0.448791,0.126258,0.266924,0.288792,0.420168,-0.323618,-0.264095,-0.051192,-0.074248,0.492443,0.397379,-0.182486,0.057811,0.095872,0.038436,-0.020067,0.052794,0.179340,0.174174,0.059483,-0.009204,0.510554,0.642443,0.370143,0.180933,0.099072,0.165214,0.200010,0.376842,0.188753,0.257101,0.172106,0.261303,0.294517,0.282854,0.330244,0.337404,0.242157,0.394446,0.427716,0.445804,0.814117,0.635069,0.522200,0.425608,0.424590,0.125419,-0.158285,-0.154637,0.321882,0.409043,0.578158,0.604948,0.335101,0.339650,0.512174,0.463528,0.590624,0.369115,0.222798,0.123044,0.244486,0.325108,0.590276,0.432057,0.554367,0.385660,0.236441,0.209896,0.371011,0.365072
0.913973,0.767004,0.272032,0.546602,0.224752,0.369708,0.765705,1.145532,0.433875,0.234200,0.832419,0.000000,0.946481,1.536879,0.707113,1.070498,0.637549,0.581178,0.790461,0.750865,0.183450,0.323805,0.108794,0.544652,-0.240406,-0.076181,0.086974,0.162175,0.876404,0.833923,-0.025503,0.341271,0.352562,0.356022,0.018979,0.173227,0.371109,0.344208,0.315468,0.282838,0.434413,0.545692,0.698586,0.541951,0.421263,0.506217,0.531173,0.689503,0.546166,0.645293,0.647252,0.706985,0.720008,0.753006,0.808190,0.780924,0.570584,0.739439,0.832881,0.973255,0.996788,1.049063,0.868545,0.935475,0.206664,0.253288,-0.012010,0.111795,0.675701,0.655554,0.310092,0.534977,0.433651,0.501627,0.460434,0.522844,0.518698,0.514209,0.521916,0.465821,0.660009,0.731768,0.807257,0.835610,0.794569,0.835174,0.459765,0.216062,0.651781,0.821456
0.752599,0.573355,0.137744,0.276057,0.319134,0.420718,0.810962,0.754821,0.496175,0.309961,1.323846,0.946481,0.000000,0.960804,0.917733,0.888563,0.465933,0.399122,0.630888,0.498206,0.241462,0.324040,0.205124,0.353627,-0.197417,-0.118932,0.040951,0.049926,0.698089,0.576870,-0.038331,0.151951,0.243224,0.146579,-0.004113,0.160938,0.313612,0.192438,0.142683,0.052358,0.569156,0.639388,0.519407,0.371757,0.264185,0.351047,0.363823,0.521617,0.334768,0.412629,0.337407,0.373419,0.416142,0.404254,0.448002,0.468399,0.375089,0.516304,0.570242,0.583251,1.140395,0.722668,0.720536,0.593221,0.327145,0.164194,-0.029208,0.005399,0.391302,0.397357,0.559423,0.595028,0.402613,0.410006,0.454603,0.464667,0.576994,0.371158,0.335876,0.259092,0.372415,0.477279,0.565939,0.472546,0.623383,0.539666,0.228735,0.082250,0.490966,0.468527
0.932394,0.873522,0.301074,0.563467,0.241603,0.304144,0.830288,1.063920,0.494466,0.189001,0.807601,1.536879,0.960804,0.000000,0.739358,1.047104,0.656651,0.597103,0.846138,0.799995,0.231907,0.456271,0.136241,0.500572,-0.254449,-0.217940,0.026571,0.060355,0.832184,0.771491,-0.062258,0.268641,0.444799,0.404670,0.058007,0.272730,0.312705,0.221946,0.196178,0.168725,0.380454,0.557750,0.658324,0.564785,0.411065,0.464193,0.513236,0.714959,0.549223,0.646540,0.615922,0.720252,0.755317,0.713659,0.781683,0.779162,0.617104,0.858384,0.896788,0.989447,0.973231,0.880309,0.799193,0.936738,0.145963,0.212028,0.052778,0.119669,0.659957,0.668138,0.351989,0.485858,0.505599,0.552856,0.480635,0.621028,0.588671,0.503633,0.458262,0.356656,0.554595,0.669197,0.698765,0.756035,0.802308,0.827678,0.419184,0.187626,0.654743,0.742650
0.909135,0.727361,0.385163,0.331734,0.484813,0.380520,0.693192,0.427208,0.666667,0.302884,1.047026,0.707113,0.917733,0.739358,0.000000,1.200495,0.640066,0.524889,0.794913,0.579783,0.378694,0.453089,0.351958,0.347453,-0.040064,-0.061884,0.248287,0.218482,0.748163,0.680286,-0.013685,0.260992,0.220639,0.060379,0.002637,0.078619,0.410700,0.193904,0.254524,0.167557,0.762222,0.702213,0.375708,0.228014,0.067052,0.144861,0.194666,0.437886,0.105168,0.162471,0.185028,0.168118,0.317623,0.336580,0.382281,0.354854,0.573547,0.668667,0.410402,0.400402,0.794331,0.452213,0.660200,0.469239,0.380256,0.046427,-0.077938,-0.142178,0.540032,0.440908,0.580430,0.575953,0.606865,0.641264,0.675284,0.616158,0.733857,0.506080,0.533049,0.379537,0.559365,0.558094,0.860695,0.665862,0.733521,0.460044,0.269656,0.150890,0.459191,0.397475
0.859516,0.665165,0.245552,0.428199,0.425121,0.524496,0.708588,0.722785,0.519178,0.279953,0.868022,1.070498,0.888563,1.047104,1.200495,0.000000,0.582525,0.527932,0.799520,0.621393,0.363542,0.550463,0.217493,0.465449,-0.041008,0.018920,0.293579,0.357308,0.817734,0.880539,0.026620,0.387126,0.273431,0.203991,0.010962,0.150695,0.318646,0.246533,0.314730,0.204478,0.580049,0.698147,0.460486,0.326272,0.143228,0.223716,0.269677,0.512981,0.192566,0.255556,0.287497,0.308446,0.453111,0.493880,0.556315,0.465779,0.564007,0.656966,0.499214,0.631862,0.847950,0.823837,0.685157,0.644422,0.233144,0.152353,-0.050355,-0.023738,0.640836,0.573465,0.484742,0.604512,0.568166,0.636146,0.661045,0.684011,0.569193,0.446992,0.524379,0.419803,0.594192,0.591974,0.842959,0.754566,0.785585,0.596411,0.390652,0.107178,0.527052,0.542393
1.068208,1.100587,0.481176,0.567116,0.258926,0.212757,0.690757,0.659550,0.335481,0.296931,0.337148,0.637549,0.465933,0.656651,0.640066,0.582525,0.000000,1.497103,1.071518,1.069899,0.390769,0.481946,0.185676,0.256570,0.064737,0.051466,0.216820,0.210791,1.172163,1.139614,0.142662,0.442541,0.689737,0.459049,0.139979,0.224575,0.484048,0.248813,0.374237,0.343746,0.611565,0.552581,0.704232,0.620879,0.498354,0.564432,0.604873,0.711074,0.539133,0.526114,0.577766,0.517670,0.562147,0.749004,0.710802,0.657138,1.241869,1.197962,0.669884,0.704949,0.709439,0.363198,1.106845,0.802768,0.169278,0.104824,0.215111,0.237676,0.938219,0.703636,0.366374,0.395943,0.992955,0.995331,0.675532,0.697089,0.662874,0.563098,1.064749,0.758747,1.341605,1.321286,0.850741,0.969506,0.907885,0.970075,0.392427,0.184459,0.769576,0.744709
0.997415,1.064270,0.570824,0.667953,0.370669,0.304687,0.666929,0.610433,0.383983,0.299640,0.263906,0.581178,0.399122,0.597103,0.524889,0.527932,1.497103,0.000000,0.960805,0.980804,0.372346,0.454540,0.275259,0.389683,0.202265,0.186094,0.252074,0.289119,1.055912,1.090492,0.314850,0.542876,0.775219,0.519658,0.280468,0.351920,0.379422,0.219270,0.387730,0.294852,0.502351,0.452191,0.737431,0.636763,0.542703,0.647407,0.554000,0.740287,0.586895,0.602488,0.640423,0.542188,0.608104,0.760474,0.723193,0.670590,1.283770,1.154493,0.684365,0.639178,0.683208,0.347916,0.972846,0.871614,0.323643,0.264150,0.356728,0.377351,0.973966,0.604112,0.270319,0.280766,0.869706,0.835133,0.656637,0.730484,0.444258,0.341874,1.064363,0.840209,1.230320,1.305520,0.806620,0.985901,0.915808,1.062160,0.485959,0.077278,0.776404,0.763263
1.451886,1.284491,0.695473,0.892340,0.441863,0.419720,1.040156,0.966954,0.548567,0.396384,0.575998,0.790461,0.630888,0.846138,0.794913,0.799520,1.071518,0.960805,0.000000,1.413185,0.417782,0.518547,0.336883,0.543117,-0.001299,-0.084920,0.215716,0.239403,1.033409,0.868899,-0.064053,0.358537,0.633617,0.446535,0.212448,0.343203,0.499623,0.428865,0.468497,0.446201,0.555520,0.665522,0.855851,0.747547,0.509677,0.641115,0.636014,0.960458,0.570514,0.616339,0.578859,0.603320,0.736907,0.923394,0.834320,0.890702,1.106274,1.417024,0.865347,1.005160,0.924109,0.623211,0.993542,0.826122,0.233791,0.149879,0.229605,0.235083,1.123314,1.034950,0.454584,0.519738,0.801022,0.799495,0.813157,0.893856,0.766010,0.666854,0.617518,0.406140,0.964502,1.098814,1.031935,1.281906,1.062904,1.006656,0.577281,0.388573,1.030817,0.957236
1.148695,1.180835,0.685252,0.882953,0.282204,0.268709,1.027573,0.968955,0.429673,0.377430,0.448791,0.750865,0.498206,0.799995,0.579783,0.621393,1.069899,0.980804,1.413185,0.000000,0.317919,0.514758,0.244168,0.498196,-0.047505,-0.106176,0.125274,0.187596,0.879321,0.801801,-0.093965,0.372888,0.622387,0.540648,0.202372,0.351167,0.444628,0.305515,0.413930,0.348296,0.384506,0.514789,0.799963,0.754589,0.559504,0.634968,0.646219,0.878714,0.616839,0.668408,0.627584,0.666435,0.650136,0.860195,0.834423,0.852689,0.995576,1.215151,0.884745,0.974882,0.731150,0.533237,0.912481,0.847421,0.165757,0.187716,0.249165,0.311907,1.025045,1.147198,0.355584,0.439981,0.736118,0.769056,0.649215,0.718271,0.732467,0.645579,0.581259,0.369609,0.908833,1.042951,0.757372,0.995229,0.955757,1.106323,0.456064,0.284497,0.884520,0.927228
0.292222,0.452695,0.275467,0.257665,0.328343,0.239024,0.398652,0.199570,0.075360,0.238582,0.126258,0.183450,0.241462,0.231907,0.378694,0.363542,0.390769,0.372346,0.417782,0.317919,0.000000,0.906859,0.284737,0.114248,0.367124,0.194846,0.440962,0.496636,0.369505,0.367221,0.242666,0.377244,0.358946,0.383048,0.258490,0.109346,0.365144,0.268835,0.226426,0.176340,0.527556,0.565374,0.170418,0.171751,0.084634,0.131216,0.125285,0.190123,0.036043,0.079974,0.158451,0.098739,0.132270,0.148931,0.207908,0.204321,0.351228,0.364938,0.238145,0.118787,0.324285,0.114346,0.207466,0.138308,0.086367,0.156157,0.391730,0.283274,0.301571,0.323180,0.823832,0.726571,0.610020,0.561362,0.472187,0.460951,0.574342,0.518397,0.398311,0.182419,0.369856,0.349306,0.200004,0.267521,0.397270,0.314864,0.026077,0.108824,0.323109,0.199233
0.393077,0.496792,0.281604,0.434073,0.307716,0.246552,0.600474,0.420740,0.225502,0.171629,0.266924,0.323805,0.324040,0.456271,0.453089,0.550463,0.481946,0.454540,0.518547,0.514758,0.906859,0.000000,0.326914,0.268769,0.335852,0.068042,0.420558,0.413734,0.372917,0.439774,0.090046,0.430798,0.505914,0.545383,0.401238,0.318798,0.218941,0.024946,0.207817,0.107101,0.462712,0.655601,0.288759,0.229214,0.212611,0.176108,0.196212,0.319484,0.113446,0.139221,0.212106,0.190118,0.168003,0.203671,0.350838,0.273806,0.386266,0.440483,0.325106,0.299727,0.393775,0.365890,0.262116,0.296734,0.139890,0.371431,0.423635,0.384513,0.410670,0.531984,0.706272,0.679049,0.627386,0.607715,0.510318,0.583511,0.660555,0.459501,0.397470,0.243397,0.426700,0.425899,0.307061,0.353763,0.647056,0.538258,0.126635,0.004937,0.381121,0.325145
0.209085,0.222762,0.855962,0.602814,0.667013,0.470119,0.485284,0.200647,0.457550,0.187865,0.288792,0.108794,0.205124,0.136241,0.351958,0.217493,0.185676,0.275259,0.336883,0.244168,0.284737,0.326914,0.000000,0.663624,0.591503,0.396021,0.520463,0.342841,0.063904,0.049216,0.190162,0.229176,0.334132,0.254091,0.627517,0.313856,0.225121,0.216290,0.504113,0.319039,0.182052,0.267427,0.353538,0.226397,0.324737,0.315557,0.220483,0.382257,0.203641,0.269811,0.379665,0.265381,0.267024,0.191352,0.385257,0.305556,0.086249,0.195753,0.304367,0.134161,0.280444,0.111091,0.044249,-0.032810,0.680504,0.651126,0.656309,0.513995,0.369788,0.320163,0.273333,0.252163,0.139132,0.128547,0.257335,0.285499,0.216628,0.118321,0.259060,0.195651,0.208040,0.322877,0.346376,0.336934,0.460162,0.344575,0.213774,0.348039,0.558359,0.430114
0.464135,0.383616,0.651982,0.976333,0.661902,0.708717,0.517903,0.667978,0.783015,0.399467,0.420168,0.544652,0.353627,0.500572,0.347453,0.465449,0.256570,0.389683,0.543117,0.498196,0.114248,0.268769,0.663624,0.000000,0.111165,0.178844,0.113648,0.167264,0.270437,0.284665,-0.094456,0.260630,0.259785,0.386089,0.307669,0.387165,0.057444,0.229124,0.349642,0.276614,0.027640,0.215400,0.582637,0.442835,0.414429,0.465248,0.426333,0.615755,0.494634,0.535993,0.520077,0.510767,0.603404,0.489559,0.621670,0.553521,0.302482,0.397035,0.565259,0.613798,0.448240,0.709328,0.258486,0.338763,0.489696,0.567989,0.211762,0.321723,0.474174,0.396440,0.159846,0.265853,0.165963,0.215649,0.356154,0.471629,0.223489,0.207589,0.262945,0.219571,0.325074,0.398127,0.500131,0.572016,0.533257,0.586861,0.600644,0.312751,0.645859,0.733062
-0.091923,-0.023980,0.266852,0.211958,0.344371,0.174873,0.102863,-0.126630,-0.061751,0.052975,-0.323618,-0.240406,-0.197417,-0.254449,-0.040064,-0.041008,0.064737,0.202265,-0.001299,-0.047505,0.367124,0.335852,0.591503,0.111165,0.000000,0.857472,0.879600,0.673463,0.007807,0.082566,0.670022,0.549447,0.352614,0.239392,0.611766,0.218144,0.191463,0.122851,0.529470,0.382999,0.118680,0.020234,0.098218,0.058983,0.176733,0.158362,-0.003574,0.060501,-0.047759,-0.013267,0.163144,-0.046343,-0.035561,-0.044103,0.038284,0.000145,0.058677,-0.016237,-0.094686,-0.215159,-0.071043,-0.202893,-0.114438,-0.123756,0.229800,0.474277,0.741456,0.593944,0.148837,0.018917,0.023226,0.042089,0.090872,0.088790,0.024857,0.062719,-0.120948,-0.123863,0.240087,0.346985,0.169787,0.181416,0.056259,0.093738,0.163428,0.138935,0.027910,-0.035625,0.121796,0.046742
-0.137839,-0.116035,0.130186,0.140548,0.340924,0.425615,-0.033190,-0.068713,-0.075203,0.118699,-0.264095,-0.076181,-0.118932,-0.217940,-0.061884,0.018920,0.051466,0.186094,-0.084920,-0.106176,0.194846,0.068042,0.396021,0.178844,0.857472,0.000000,0.730141,0.900973,0.008558,0.143997,0.607011,0.460501,0.117946,0.095002,0.402990,0.078628,0.156244,0.279751,0.507748,0.414093,0.017378,-0.092655,0.077110,0.053313,0.141023,0.167633,0.023892,0.045082,-0.025490,-0.016179,0.174651,-0.021047,0.006253,-0.028161,0.068469,-0.009513,-0.009750,-0.093247,-0.124969,-0.164768,-0.047091,-0.063596,-0.046860,-0.107662,0.260991,0.476207,0.456187,0.485004,0.143460,-0.027708,-0.019172,0.033175,-0.001941,0.055076,-0.048723,-0.013372,-0.155360,-0.041523,0.340751,0.481071,0.226694,0.174886,0.079951,0.059411,0.095423,0.114572,0.049517,0.016845,0.151333,0.108370
0.125761,0.137876,0.193861,0.274098,0.439821,0.317170,0.216504,0.144905,-0.015071,-0.029818,-0.051192,0.086974,0.040951,0.026571,0.248287,0.293579,0.216820,0.252074,0.215716,0.125274,0.440962,0.420558,0.520463,0.113648,0.879600,0.730141,0.000000,1.286430,0.129907,0.260302,0.260152,0.382617,0.173169,0.133861,0.394956,0.086049,0.386107,0.289694,0.632783,0.520834,0.344304,0.258721,0.132259,0.111216,0.086505,0.103713,0.048718,0.142554,-0.108718,-0.061784,0.188881,0.021873,0.011037,0.078260,0.179705,0.126098,0.147131,0.141552,0.050591,0.014124,0.107442,0.031358,0.056082,-0.083435,0.150610,0.369944,0.518741,0.419526,0.331209,0.313029,0.151055,0.257753,0.173683,0.201180,0.165027,0.163204,0.167417,0.225741,0.506267,0.501227,0.446780,0.346471,0.295756,0.313083,0.352292,0.210181,0.046405,0.178646,0.296234,0.248944
0.160801,0.170843,0.157184,0.254366,0.499150,0.490035,0.229521,0.194033,0.037130,0.112579,-0.074248,0.162175,0.049926,0.060355,0.218482,0.357308,0.210791,0.289119,0.239403,0.187596,0.496636,0.413734,0.342841,0.167264,0.673463,0.900973,1.286430,0.000000,0.179371,0.327423,0.227723,0.405833,0.140977,0.143639,0.265922,0.057768,0.318787,0.304821,0.513774,0.421286,0.237063,0.216474,0.125137,0.122312,0.079609,0.119165,0.044501,0.139432,-0.067719,-0.017822,0.183962,0.049398,0.064491,0.103759,0.230354,0.172168,0.201015,0.176022,0.099697,0.065060,0.163185,0.136823,0.111741,0.022468,0.091538,0.325807,0.365859,0.359460,0.309432,0.330515,0.202283,0.282460,0.206772,0.260791,0.197825,0.199441,0.176199,0.242559,0.485489,0.471491,0.445579,0.345390,0.266197,0.298267,0.351240,0.274331,0.116892,0.154925,0.335247,0.292015
1.143803,1.063285,0.296221,0.420493,0.241841,0.287663,0.688383,0.747098,0.354096,0.326360,0.492443,0.876404,0.698089,0.832184,0.748163,0.817734,1.172163,1.055912,1.033409,0.879321,0.369505,0.372917,0.063904,0.270437,0.007807,0.008558,0.129907,0.179371,0.000000,1.589920,0.263013,0.521164,0.636427,0.366967,0.026852,0.275651,0.508967,0.401742,0.357141,0.306346,0.610213,0.562145,0.669873,0.577998,0.388621,0.511638,0.468092,0.691269,0.475468,0.500649,0.473255,0.437186,0.618484,0.808408,0.603860,0.629523,1.152485,1.166043,0.659318,0.745909,1.018080,0.554468,1.463609,1.258303,0.151004,-0.011727,0.047270,0.108342,0.907419,0.603294,0.311276,0.438357,0.894846,0.981832,0.734482,0.752773,0.519489,0.449850,0.733595,0.679285,1.059872,1.169179,0.942986,1.063426,0.790590,0.903792,0.444160,0.099134,0.621921,0.652073
0.960573,0.900552,0.241396,0.444743,0.226278,0.321632,0.615751,0.743512,0.286398,0.332145,0.397379,0.833923,0.576870,0.771491,0.680286,0.880539,1.139614,1.090492,0.868899,0.801801,0.367221,0.439774,0.049216,0.284665,0.082566,0.143997,0.260302,0.327423,1.589920,0.000000,0.284215,0.686269,0.646075,0.449202,0.075383,0.247369,0.454587,0.302364,0.383841,0.322216,0.572521,0.513043,0.587497,0.509802,0.353004,0.428882,0.418466,0.590935,0.378973,0.383397,0.433978,0.374421,0.513449,0.709585,0.568143,0.530765,1.017804,0.982984,0.547362,0.656077,0.780632,0.577058,1.114738,1.013417,0.140684,0.059543,0.084559,0.146345,0.833855,0.579761,0.240438,0.370934,0.854537,1.033078,0.637230,0.668861,0.481952,0.427173,0.961612,0.945451,1.232674,1.160930,0.863751,0.966121,0.826063,0.897188,0.358546,0.037553,0.583309,0.623982
-0.051167,0.067871,0.100542,0.016889,-0.010435,0.042302,-0.038197,-0.161947,-0.162706,0.078933,-0.182486,-0.025503,-0.038331,-0.062258,-0.013685,0.026620,0.142662,0.314850,-0.064053,-0.093965,0.242666,0.090046,0.190162,-0.094456,0.670022,0.607011,0.260152,0.227723,0.263013,0.284215,0.000000,0.779060,0.420348,0.258846,0.468894,0.138074,0.117603,0.237859,0.298300,0.160243,0.153015,0.026404,0.113361,0.067708,0.155207,0.206633,0.012005,0.055760,0.032363,0.085814,0.149998,-0.007825,0.091328,0.064449,-0.021775,-0.039682,0.167202,0.061940,-0.098494,-0.207401,0.119255,-0.101766,0.148918,0.198815,0.321460,0.321545,0.459485,0.383571,0.163069,-0.164724,0.015072,0.009278,0.143366,0.109624,0.022726,0.004453,-0.237234,-0.202133,0.232952,0.428218,0.154787,0.285770,0.066981,0.075478,0.105628,0.181222,0.013271,-0.355808,-0.024533,-0.044659
0.281646,0.343841,0.276133,0.455501,0.043033,0.160434,0.354223,0.299621,-0.014749,0.302686,0.057811,0.341271,0.151951,0.268641,0.260992,0.387126,0.442541,0.542876,0.358537,0.372888,0.377244,0.430798,0.229176,0.260630,0.549447,0.460501,0.382617,0.405833,0.521164,0.686269,0.779060,0.000000,0.698206,0.651150,0.532984,0.312004,0.289629,0.328995,0.532435,0.425779,0.352484,0.290203,0.308623,0.226538,0.302206,0.312553,0.149500,0.276327,0.135219,0.182820,0.300960,0.129298,0.198812,0.301635,0.208504,0.173737,0.436796,0.363989,0.132253,0.164271,0.292835,0.317801,0.368016,0.413147,0.325638,0.456306,0.484859,0.497307,0.487900,0.293805,0.188984,0.281674,0.336919,0.441217,0.224862,0.242135,0.131535,0.157803,0.533086,0.689234,0.586164,0.641922,0.381679,0.461192,0.499488,0.580004,0.175776,-0.111986,0.258101,0.318680
0.469025,0.646534,0.569815,0.633281,0.184804,0.156176,0.716394,0.530096,0.171307,0.281736,0.095872,0.352562,0.243224,0.444799,0.220639,0.273431,0.689737,0.775219,0.633617,0.622387,0.358946,0.505914,0.334132,0.259785,0.352614,0.117946,0.173169,0.140977,0.636427,0.646075,0.420348,0.698206,0.000000,1.105186,0.632533,0.498627,0.300298,0.197726,0.400505,0.322070,0.345087,0.355828,0.719807,0.598352,0.864962,0.741095,0.532337,0.592576,0.629092,0.613465,0.636375,0.501407,0.512539,0.530995,0.559386,0.512982,0.626777,0.647178,0.562140,0.434965,0.503828,0.297910,0.626030,0.675097,0.332398,0.412430,0.765418,0.697071,0.601813,0.459546,0.182507,0.203040,0.493402,0.492744,0.344704,0.356739,0.230182,0.139131,0.444698,0.505360,0.649163,0.852553,0.493879,0.636588,0.796927,0.913044,0.277129,0.012287,0.597169,0.520088
0.292638,0.517257,0.442307,0.736882,0.093547,0.166819,0.585297,0.585706,0.148601,0.386294,0.038436,0.356022,0.146579,0.404670,0.060379,0.203991,0.459049,0.519658,0.446535,0.540648,0.383048,0.545383,0.254091,0.386089,0.239392,0.095002,0.133861,0.143639,0.366967,0.449202,0.258846,0.651150,1.105186,0.000000,0.611306,0.431544,0.172363,0.151780,0.247422,0.256775,0.181869,0.308373,0.496186,0.424327,0.731848,0.586947,0.430358,0.397371,0.507490,0.528462,0.489783,0.419729,0.356419,0.349487,0.433121,0.400027,0.398365,0.439389,0.449256,0.368354,0.352750,0.452159,0.352542,0.410840,0.299923,0.550298,0.645972,0.694794,0.357507,0.393656,0.167829,0.243909,0.413735,0.423255,0.286830,0.252445,0.235323,0.226967,0.322191,0.305835,0.449612,0.586727,0.211418,0.385571,0.597074,0.740724,0.110162,-0.018361,0.458969,0.476102
0.043404,0.169529,0.493376,0.515793,0.221453,0.154688,0.279764,0.127968,0.028794,0.131227,-0.020067,0.018979,-0.004113,0.058007,0.002637,0.010962,0.139979,0.280468,0.212448,0.202372,0.258490,0.401238,0.627517,0.307669,0.611766,0.402990,0.394956,0.265922,0.026852,0.075383,0.468894,0.532984,0.632533,0.611306,0.000000,0.643458,0.090496,0.185958,0.423863,0.252109,0.115950,0.106176,0.359141,0.286324,0.457305,0.437792,0.201595,0.275485,0.193689,0.253005,0.298023,0.152325,0.112569,0.149853,0.188518,0.136316,0.138794,0.138402,0.095842,0.038563,0.114196,0.104403,0.077632,0.082552,0.504326,0.748356,1.080742,0.904693,0.310750,0.243606,0.132479,0.093388,0.084557,0.037942,0.133306,0.083429,0.019758,0.028035,0.147680,0.245338,0.196566,0.289829,0.194399,0.199808,0.316428,0.310644,0.115936,-0.052143,0.259002,0.216522
0.184945,0.197743,0.348080,0.491355,0.271564,0.156609,0.355347,0.313483,0.216472,0.162231,0.052794,0.173227,0.160938,0.272730,0.078619,0.150695,0.224575,0.351920,0.343203,0.351167,0.109346,0.318798,0.313856,0.387165,0.218144,0.078628,0.086049,0.057768,0.275651,0.247369,0.138074,0.312004,0.498627,0.431544,0.643458,0.000000,0.145562,0.081152,0.312773,0.117055,-0.051756,0.019467,0.375970,0.370398,0.483294,0.412255,0.224119,0.415396,0.347650,0.321097,0.262124,0.237957,0.206545,0.308901,0.299425,0.253869,0.243173,0.294325,0.245734,0.361719,0.255624,0.254778,0.317135,0.398993,0.221152,0.288280,0.477817,0.573252,0.445468,0.350954,0.049506,0.031894,0.107747,0.154311,0.098500,0.235665,0.085080,0.100456,0.161711,0.251374,0.288073,0.333118,0.324905,0.357462,0.265121,0.424725,0.293063,-0.101895,0.274553,0.359602
0.451441,0.450475,0.234540,0.224288,0.122355,0.011232,0.414515,0.340862,0.020655,0.069403,0.179340,0.371109,0.313612,0.312705,0.410700,0.318646,0.484048,0.379422,0.499623,0.444628,0.365144,0.218941,0.225121,0.057444,0.191463,0.156244,0.386107,0.318787,0.508967,0.454587,0.117603,0.289629,0.300298,0.172363,0.090496,0.145562,0.000000,0.497589,0.732840,0.497515,0.603889,0.325861,0.433239,0.452331,0.281088,0.373863,0.377726,0.468275,0.258192,0.266555,0.381329,0.263388,0.258135,0.392984,0.434772,0.444967,0.379031,0.429755,0.323777,0.330962,0.387139,0.124952,0.414559,0.268258,0.080638,0.062662,0.230171,0.210947,0.557519,0.478654,0.285440,0.423024,0.392331,0.455134,0.263329,0.275748,0.536627,0.599216,0.471796,0.414320,0.556675,0.472148,0.497918,0.501275,0.366014,0.374798,0.113995,0.282678,0.446452,0.424827
0.298741,0.352381,0.212488,0.312787,0.157917,0.269808,0.223899,0.311575,0.044493,0.092795,0.174174,0.344208,0.192438,0.221946,0.193904,0.246533,0.248813,0.219270,0.428865,0.305515,0.268835,0.024946,0.216290,0.229124,0.122851,0.279751,0.289694,0.304821,0.401742,0.302364,0.237859,0.328995,0.197726,0.151780,0.185958,0.081152,0.497589,0.000000,0.525825,0.744554,0.206545,0.394621,0.290520,0.248613,0.126560,0.221257,0.148250,0.266792,0.076476,0.140745,0.190321,0.147760,0.273056,0.341683,0.214700,0.267058,0.267703,0.332704,0.145115,0.248928,0.293851,0.259738,0.303486,0.244001,0.123394,0.139710,0.170088,0.210058,0.470665,0.397165,0.229435,0.356147,0.176312,0.226769,0.322857,0.244503,0.255090,0.460318,0.215468,0.193953,0.340679,0.369957,0.357059,0.478368,0.240860,0.267512,0.186516,0.423079,0.317244,0.339429
0.336652,0.301389,0.531747,0.595733,0.271000,0.249314,0.423055,0.388440,0.071803,0.153254,0.059483,0.315468,0.142683,0.196178,0.254524,0.314730,0.374237,0.387730,0.468497,0.413930,0.226426,0.207817,0.504113,0.349642,0.529470,0.507748,0.632783,0.513774,0.357141,0.383841,0.298300,0.532435,0.400505,0.247422,0.423863,0.312773,0.732840,0.525825,0.000000,1.042250,0.323115,0.134754,0.521998,0.441511,0.447398,0.487768,0.409869,0.516883,0.306521,0.313194,0.515936,0.320003,0.350390,0.430135,0.524930,0.454417,0.324418,0.339904,0.316479,0.369829,0.279431,0.200498,0.291842,0.229401,0.279302,0.406262,0.576671,0.617138,0.798118,0.572041,0.138641,0.323745,0.166979,0.256305,0.184092,0.261185,0.213495,0.307838,0.476480,0.568243,0.612172,0.572067,0.642774,0.663814,0.421440,0.495581,0.406345,0.417427,0.614103,0.620421
0.325795,0.331313,0.412841,0.579138,0.166528,0.245535,0.332466,0.370105,0.045186,0.101003,-0.009204,0.282838,0.052358,0.168725,0.167557,0.204478,0.343746,0.294852,0.446201,0.348296,0.176340,0.107101,0.319039,0.276614,0.382999,0.414093,0.520834,0.421286,0.306346,0.322216,0.160243,0.425779,0.322070,0.256775,0.252109,0.117055,0.497515,0.744554,1.042250,0.000000,0.197026,0.223528,0.374204,0.336663,0.322763,0.333070,0.330388,0.385791,0.211836,0.232055,0.435349,0.289112,0.353481,0.435576,0.396443,0.421350,0.340501,0.384228,0.285417,0.352433,0.196487,0.207030,0.222941,0.143336,0.099755,0.285744,0.368810,0.388221,0.631910,0.516542,-0.006027,0.192875,0.130952,0.235439,0.142636,0.208783,0.170407,0.358976,0.443818,0.437134,0.552772,0.490467,0.483882,0.637741,0.352581,0.393353,0.240725,0.536391,0.562084,0.583009
0.583653,0.558337,0.133199,0.144434,0.086340,0.091522,0.436020,0.305780,0.080760,0.102300,0.510554,0.434413,0.569156,0.380454,0.762222,0.580049,0.611565,0.502351,0.555520,0.384506,0.527556,0.462712,0.182052,0.027640,0.118680,0.017378,0.344304,0.237063,0.610213,0.572521,0.153015,0.352484,0.345087,0.181869,0.115950,-0.051756,0.603889,0.206545,0.323115,0.197026,0.000000,0.844704,0.312516,0.188551,0.088820,0.171278,0.209418,0.244133,0.034794,0.072827,0.154129,0.040947,0.080654,0.189885,0.215112,0.210172,0.515616,0.500937,0.226700,0.188773,0.593993,0.244205,0.554102,0.294324,0.326115,0.095531,0.131383,0.027711,0.418323,0.311902,0.615053,0.639726,0.673719,0.644487,0.561308,0.468927,0.676560,0.528040,0.579593,0.395772,0.594150,0.524823,0.512663,0.467424,0.552260,0.352405,0.032273,0.121169,0.306086,0.222131
0.599853,0.649090,0.206085,0.317703,0.212507,0.331124,0.645155,0.455432,0.269181,0.180015,0.642443,0.545692,0.639388,0.557750,0.702213,0.698147,0.552581,0.452191,0.665522,0.514789,0.565374,0.655601,0.267427,0.215400,0.020234,-0.092655,0.258721,0.216474,0.562145,0.513043,0.026404,0.290203,0.355828,0.308373,0.106176,0.019467,0.325861,0.394621,0.134754,0.223528,0.844704,0.000000,0.278449,0.173602,0.028291,0.095373,0.124672,0.267222,-0.003937,0.089050,0.120135,0.152337,0.228709,0.289119,0.288261,0.269801,0.461498,0.571768,0.327450,0.303216,0.638052,0.476836,0.473504,0.331858,0.188631,0.122930,0.078086,-0.027890,0.407053,0.497279,0.733301,0.674324,0.673557,0.644942,0.724920,0.595637,0.758750,0.559118,0.456373,0.190915,0.452967,0.519460,0.402008,0.515932,0.676191,0.423132,0.062393,0.149738,0.398575,0.317192
0.788102,0.727899,0.631612,0.754547,0.334121,0.267622,0.737625,0.872780,0.382764,0.258078,0.370143,0.698586,0.519407,0.658324,0.375708,0.460486,0.704232,0.737431,0.855851,0.799963,0.170418,0.288759,0.353538,0.582637,0.098218,0.077110,0.132259,0.125137,0.669873,0.587497,0.113361,0.308623,0.719807,0.496186,0.359141,0.375970,0.433239,0.290520,0.521998,0.374204,0.312516,0.278449,0.000000,1.389849,1.167508,1.424094,1.441764,1.432142,1.242809,1.265734,1.121648,1.030974,1.036113,1.014792,1.214781,1.187872,0.674331,0.789274,0.946172,1.006239,0.777319,0.557860,0.801496,0.730877,0.308999,0.393909,0.403351,0.506555,0.772177,0.581187,0.174854,0.257487,0.351999,0.325558,0.391656,0.407453,0.269242,0.236443,0.421360,0.434039,0.670955,0.851000,0.822828,0.879300,0.823352,1.000569,0.648621,0.157039,0.890718,0.950405
0.685237,0.676937,0.532323,0.636579,0.274159,0.229667,0.568759,0.730377,0.259312,0.247529,0.180933,0.541951,0.371757,0.564785,0.228014,0.326272,0.620879,0.636763,0.747547,0.754589,0.171751,0.229214,0.226397,0.442835,0.058983,0.053313,0.111216,0.122312,0.577998,0.509802,0.067708,0.226538,0.598352,0.424327,0.286324,0.370398,0.452331,0.248613,0.441511,0.336663,0.188551,0.173602,1.389849,0.000000,1.012831,1.461031,1.453516,1.635307,1.154150,1.245452,1.034475,1.059780,1.079262,0.992715,1.110429,1.270574,0.658142,0.777396,0.969530,0.947954,0.620091,0.391891,0.667724,0.672042,0.074404,0.238648,0.354596,0.430103,0.683842,0.536250,0.104399,0.176945,0.354023,0.354606,0.308052,0.368995,0.269825,0.289787,0.329566,0.286959,0.572122,0.695461,0.604973,0.739725,0.569865,0.828843,0.547945,0.157687,0.783764,0.835096
0.404096,0.461330,0.585548,0.685444,0.237128,0.134865,0.578990,0.648543,0.256454,0.236492,0.099072,0.421263,0.264185,0.411065,0.067052,0.143228,0.498354,0.542703,0.509677,0.559504,0.084634,0.212611,0.324737,0.414429,0.176733,0.141023,0.086505,0.079609,0.388621,0.353004,0.155207,0.302206,0.864962,0.731848,0.457305,0.483294,0.281088,0.126560,0.447398,0.322763,0.088820,0.028291,1.167508,1.012831,0.000000,1.548935,1.147701,0.930515,1.396363,1.275821,1.052999,0.932303,0.702633,0.582592,0.930896,0.896716,0.410110,0.505437,0.799285,0.725855,0.495109,0.328908,0.541931,0.532746,0.266116,0.481615,0.615618,0.805722,0.455172,0.405378,0.055921,0.142382,0.239483,0.211650,0.166894,0.208475,0.121525,0.110125,0.249951,0.324064,0.470977,0.640396,0.462793,0.527052,0.577331,0.870145,0.476525,0.113738,0.740062,0.807003
0.562746,0.577040,0.592955,0.682604,0.263894,0.240497,0.570339,0.689940,0.262591,0.301326,0.165214,0.506217,0.351047,0.464193,0.144861,0.223716,0.564432,0.647407,0.641115,0.634968,0.131216,0.176108,0.315557,0.465248,0.158362,0.167633,0.103713,0.119165,0.511638,0.428882,0.206633,0.312553,0.741095,0.586947,0.437792,0.412255,0.373863,0.221257,0.487768,0.333070,0.171278,0.095373,1.424094,1.461031,1.548935,0.000000,1.366491,1.235238,1.393886,1.506064,1.091359,0.982620,0.890983,0.795200,0.982763,1.098511,0.573011,0.641414,0.881674,0.796914,0.629880,0.402960,0.649369,0.631358,0.299347,0.433465,0.526979,0.658518,0.599399,0.437331,0.092596,0.181241,0.302258,0.264970,0.273443,0.299312,0.146352,0.164620,0.308289,0.346726,0.545654,0.706004,0.552381,0.644435,0.576484,0.874275,0.557800,0.136057,0.807706,0.879305
0.608423,0.566131,0.496423,0.625972,0.157244,0.132603,0.520289,0.748361,0.226086,0.200165,0.200010,0.531173,0.363823,0.513236,0.194666,0.269677,0.604873,0.554000,0.636014,0.646219,0.125285,0.196212,0.220483,0.426333,-0.003574,0.023892,0.048718,0.044501,0.468092,0.418466,0.012005,0.149500,0.532337,0.430358,0.201595,0.224119,0.377726,0.148250,0.409869,0.330388,0.209418,0.124672,1.441764,1.453516,1.147701,1.366491,0.000000,1.351942,1.393878,1.247721,1.115219,1.096622,1.019178,0.852611,1.161159,1.260631,0.549951,0.650143,0.942915,0.964736,0.584323,0.387094,0.602554,0.510135,0.111623,0.270618,0.307083,0.431536,0.566118,0.441350,0.115405,0.202280,0.306393,0.270029,0.250278,0.308574,0.276757,0.296125,0.348888,0.292751,0.540640,0.644180,0.551369,0.633465,0.540059,0.791428,0.507367,0.229816,0.800978,0.917438
0.903513,0.774387,0.686237,0.791205,0.376235,0.321384,0.769281,0.868605,0.408913,0.267508,0.376842,0.689503,0.521617,0.714959,0.437886,0.512981,0.711074,0.740287,0.960458,0.878714,0.190123,0.319484,0.382257,0.615755,0.060501,0.045082,0.142554,0.139432,0.691269,0.590935,0.055760,0.276327,0.592576,0.397371,0.275485,0.415396,0.468275,0.266792,0.516883,0.385791,0.244133,0.267222,1.432142,1.635307,0.930515,1.235238,1.351942,0.000000,1.142338,1.183539,1.069430,1.112188,1.310145,1.100374,1.356786,1.439285,0.739006,0.898178,1.142170,1.168451,0.792067,0.527964,0.753176,0.746949,0.203852,0.291889,0.335997,0.409120,0.900062,0.684351,0.216944,0.292181,0.406753,0.403981,0.388910,0.510377,0.373962,0.344037,0.408458,0.343441,0.656928,0.820361,0.846249,0.955063,0.777025,0.995768,0.728873,0.231425,0.998765,1.079910
0.558240,0.550320,0.583198,0.648307,0.235156,0.139511,0.548758,0.731117,0.352533,0.235483,0.188753,0.546166,0.334768,0.549223,0.105168,0.192566,0.539133,0.586895,0.570514,0.616839,0.036043,0.113446,0.203641,0.494634,-0.047759,-0.025490,-0.108718,-0.067719,0.475468,0.378973,0.032363,0.135219,0.629092,0.507490,0.193689,0.347650,0.258192,0.076476,0.306521,0.211836,0.034794,-0.003937,1.242809,1.154150,1.396363,1.393886,1.393878,1.142338,0.000000,1.821577,1.267717,1.327066,1.061581,0.838926,1.150272,1.213829,0.510967,0.597447,1.098673,0.982132,0.572256,0.386484,0.624031,0.656720,0.150526,0.271756,0.317990,0.462676,0.507865,0.389970,0.053080,0.147542,0.281637,0.227918,0.217285,0.312723,0.162253,0.140735,0.258444,0.274287,0.455015,0.597386,0.525300,0.571988,0.514981,0.835793,0.640225,0.198526,0.796901,0.911219
