0.000000,1.427955,0.613124,0.265337,0.311634,0.392222,0.580099,0.456980,0.315722,0.507158,0.416160,0.636289,0.590568,0.655425,0.569187,0.576115,0.592899,0.506539,0.406056,0.769507,0.091659,0.159531,0.713108,0.761013,0.639703,0.498290,0.455728,0.314013,0.438588,0.315286,0.220295,0.290731,0.650977,0.345754,0.085339,-0.200579,0.143369,0.025407,0.582627,0.423744,0.145322,0.057599,0.057466,0.222846,0.153481,0.214945,0.303843,0.237744,0.380449,0.570916,0.566244,0.605483,0.530188,0.487989,0.581034,0.512369,0.713243,0.772297,0.745387,0.659888,0.751999,0.368383,0.615178,0.569244,0.451018,0.096158,0.611034,0.528748,0.685121,0.608872,-0.027843,0.006176,0.230502,0.201565,0.038716,0.016809,-0.129109,-0.175856,0.203257,0.271773,0.305323,0.376956,0.240537,0.250123,0.651974,0.577399,0.354082,0.359725,0.650282,0.660454
1.427955,0.000000,0.573302,0.363742,0.360539,0.448901,0.584987,0.584927,0.315942,0.549533,0.345591,0.648639,0.515364,0.701450,0.502445,0.600274,0.599196,0.555526,0.331688,0.846940,0.150626,0.262062,0.686558,0.794747,0.732182,0.571688,0.443991,0.351414,0.461598,0.383366,0.340573,0.362310,0.703057,0.496394,0.190994,-0.097979,0.129838,0.068449,0.496124,0.398462,0.138650,0.026001,0.094135,0.231689,0.205812,0.292072,0.289794,0.213582,0.359474,0.504475,0.502710,0.524429,0.464880,0.475789,0.505676,0.506637,0.771097,0.962503,0.716634,0.733584,0.715741,0.509233,0.576508,0.680166,0.433625,0.160781,0.636349,0.588181,0.855301,0.751927,0.073016,0.067783,0.299264,0.295716,0.108551,0.086374,-0.094499,-0.130414,0.242883,0.367579,0.350800,0.451158,0.192977,0.206369,0.626137,0.608970,0.296377,0.375315,0.570037,0.637408
0.613124,0.573302,0.000000,0.547417,0.379389,0.237985,1.106278,0.753423,0.371143,0.422102,0.277799,0.312666,0.455862,0.321493,0.447757,0.302218,0.422564,0.206860,0.291870,0.539878,0.057382,0.033909,0.881751,0.804608,0.569540,0.536879,0.159237,0.108672,0.228441,0.019122,0.268529,0.371840,0.335425,0.147078,-0.046180,-0.153159,0.093023,0.000347,0.353179,0.302704,0.186127,-0.009635,0.216349,0.230067,0.098006,0.112839,0.185473,0.138112,0.307587,0.462449,0.487957,0.528334,0.438479,0.419228,0.347946,0.336623,0.236344,0.304373,0.407096,0.245654,0.343445,0.062782,0.288681,0.248538,0.352588,0.038241,0.409279,0.262907,0.368414,0.372147,0.080664,0.214666,0.202220,0.230066,0.074312,0.029082,0.023747,-0.061918,0.143863,0.048885,0.062530,0.140088,0.068943,0.068157,0.298194,0.283769,0.184650,0.103115,0.341271,0.399075
0.265337,0.363742,0.547417,0.000000,0.124848,0.188594,0.622573,0.829853,-0.018463,0.157787,0.254106,0.319862,0.150184,0.303557,0.022464,0.229803,0.201293,0.194894,0.267430,0.513864,0.251813,0.249157,0.351904,0.592917,0.350330,0.156749,0.288291,0.254254,0.203363,0.118781,0.415959,0.281680,0.290300,0.435126,0.071319,0.019329,0.150809,-0.015483,0.156226,0.097678,0.159994,0.067704,0.136726,0.152826,0.087207,0.103256,0.137888,0.124986,0.061080,0.149278,0.161627,0.193846,0.194451,0.318975,0.221356,0.222345,0.247740,0.198180,0.105729,0.120530,0.238966,0.148607,0.248264,0.136789,0.174996,0.258973,0.112728,0.204206,0.289017,0.234385,0.415251,0.144403,0.274934,0.257524,0.313179,0.203989,0.106328,-0.004411,0.008069,0.139143,0.219231,0.134052,0.159143,0.103104,0.239763,0.246883,0.033608,0.116564,0.302716,0.334176
0.311634,0.360539,0.379389,0.124848,0.000000,0.476484,0.306104,0.343522,1.264884,0.640546,0.112591,0.336860,0.469192,0.260448,0.690440,0.194195,0.293851,0.248511,0.039864,0.226979,-0.117788,-0.065000,0.510327,0.272631,0.287821,0.560974,0.233844,0.199393,0.211595,0.154125,0.055159,0.235152,0.081657,0.067028,-0.025726,-0.078400,0.042085,0.291105,0.070118,0.190293,0.044460,0.026786,0.287660,0.258360,0.121350,0.258805,0.196805,0.222142,0.199121,0.293211,0.306879,0.283765,0.328082,0.327256,0.190075,0.326298,0.267780,0.324408,0.199406,0.343999,0.157046,0.184329,0.162725,0.282547,0.096687,0.110377,0.266086,0.256481,0.275454,0.181262,-0.073888,-0.046913,0.080882,0.066765,-0.030209,0.042108,0.071010,0.015867,0.129195,0.084676,0.086137,0.189596,0.046143,0.077864,0.213026,0.177563,0.230246,0.120131,0.179150,0.334498
0.392222,0.448901,0.237985,0.188594,0.476484,0.000000,0.184778,0.263715,0.415559,0.989525,-0.075828,0.213108,0.192281,0.236894,0.239894,0.516526,0.268906,0.382019,0.098169,0.232516,-0.032563,-0.039910,0.386904,0.299147,0.575272,0.857142,0.677037,0.948635,0.235041,0.199479,-0.029896,0.020400,0.265569,0.106313,0.038740,-0.159841,0.043793,0.096684,0.255784,0.355114,0.035180,-0.163726,0.285870,0.371822,0.438360,0.404671,0.498785,0.352179,0.551952,0.593657,0.567614,0.616434,0.589817,0.657509,0.472263,0.576089,0.597967,0.564343,0.544428,0.631617,0.358744,0.417505,0.376615,0.481800,0.195441,0.087869,0.534693,0.535134,0.523422,0.543416,-0.280202,-0.267032,-0.029398,-0.003826,-0.016648,0.076188,-0.223952,-0.336927,0.362902,0.341726,0.348814,0.267209,0.093815,0.264184,0.399232,0.558556,0.015498,0.146610,0.503102,0.586524
0.580099,0.584987,1.106278,0.622573,0.306104,0.184778,0.000000,1.001134,0.400334,0.440604,0.586285,0.473030,0.704272,0.521935,0.410252,0.289676,0.515239,0.360677,0.262291,0.658817,0.093178,0.102639,0.566416,0.613305,0.518214,0.436130,0.164137,0.057818,0.315807,0.199666,0.326383,0.377380,0.328097,0.272713,-0.116378,-0.169136,0.023556,-0.075278,0.256880,0.098853,0.113452,0.132566,0.062914,0.021710,-0.043742,0.004675,0.035287,-0.023896,0.105363,0.235677,0.222414,0.276513,0.176061,0.182395,0.160021,0.113697,0.109098,0.172782,0.354653,0.193718,0.504297,0.067005,0.382240,0.158809,0.355536,0.143245,0.337593,0.181097,0.169919,0.184867,0.254425,0.338255,0.304613,0.347002,0.124464,0.041257,0.021388,0.047910,-0.024606,0.037736,0.073841,0.109968,-0.051018,-0.035754,0.260570,0.187193,0.068413,0.082590,0.146105,0.197255
0.456980,0.584927,0.753423,0.829853,0.343522,0.263715,1.001134,0.000000,0.359034,0.466132,0.415426,0.584499,0.520805,0.539603,0.227598,0.351616,0.407132,0.304067,0.285982,0.631596,-0.017707,0.004536,0.578059,0.634971,0.460895,0.465058,0.090977,0.083393,0.297132,0.211056,0.418175,0.554610,0.435130,0.506800,0.062565,-0.019403,0.084400,-0.011075,0.169399,0.169476,0.095425,0.067124,0.073481,0.053353,0.028253,0.148828,0.100281,0.094524,0.115786,0.228059,0.174170,0.222791,0.165104,0.218666,0.204464,0.206059,0.228812,0.278436,0.375529,0.327860,0.542616,0.354867,0.323261,0.285287,0.277064,0.414196,0.292571,0.360633,0.240875,0.244071,0.160957,0.159709,0.264053,0.390721,0.153764,0.165734,0.018118,0.071153,0.007009,-0.002827,0.100594,0.138259,-0.059905,-0.020116,0.299998,0.300379,0.046755,0.203719,0.206617,0.332340
0.315722,0.315942,0.371143,-0.018463,1.264884,0.415559,0.400334,0.359034,0.000000,0.837342,0.301703,0.447115,0.804210,0.354250,0.802693,0.256204,0.315429,0.287271,-0.041911,0.190969,-0.170545,-0.158149,0.490362,0.242745,0.257137,0.698966,0.112533,0.034347,0.235002,0.230133,0.101301,0.348192,0.058795,-0.010122,-0.052954,-0.127482,0.037240,0.206929,0.075499,0.127055,0.021221,0.186006,0.201489,0.150228,0.003239,0.144917,0.090458,0.126589,0.145655,0.273761,0.254750,0.258462,0.222171,0.147256,0.096184,0.161935,0.064267,0.139755,0.160696,0.220296,0.158707,0.013482,0.201907,0.167218,0.108881,0.110982,0.226424,0.184298,0.074520,0.018848,-0.089299,0.084976,0.029302,0.041585,-0.140000,-0.089169,0.088555,0.099473,0.078734,0.052642,0.032716,0.142174,-0.111056,-0.013634,0.133453,0.094221,0.178235,0.109955,-0.009446,0.106306
0.507158,0.549533,0.422102,0.157787,0.640546,0.989525,0.440604,0.466132,0.837342,0.000000,0.315811,0.584799,0.684554,0.587859,0.621795,0.697856,0.343143,0.474748,0.029342,0.351207,-0.094656,-0.063491,0.600170,0.446203,0.635511,1.129258,0.451214,0.443889,0.363616,0.337316,0.075526,0.233009,0.187755,0.058046,-0.054683,-0.214349,0.016529,0.117013,0.260013,0.338516,0.004817,-0.001289,0.313698,0.312557,0.339397,0.343874,0.394965,0.280332,0.532007,0.558555,0.573120,0.565237,0.558230,0.513402,0.406280,0.445268,0.364161,0.389174,0.463981,0.480681,0.389908,0.267349,0.427825,0.406630,0.382984,0.187740,0.435638,0.421843,0.396540,0.352653,-0.191105,-0.093697,-0.032385,0.051587,-0.117923,0.012340,-0.119571,-0.184174,0.246067,0.265335,0.253287,0.283234,0.021232,0.170514,0.464259,0.506594,0.166866,0.165518,0.303006,0.389847
0.416160,0.345591,0.277799,0.254106,0.112591,-0.075828,0.586285,0.415426,0.301703,0.315811,0.000000,0.836528,0.948231,0.652658,0.583674,0.367048,0.192993,0.211018,0.152058,0.273564,0.116911,0.091349,0.261890,0.281701,0.102305,0.106926,-0.065751,-0.256841,0.378327,0.264085,0.270911,0.314409,0.093733,0.150957,-0.155894,-0.078350,0.182797,-0.000109,0.209075,-0.005115,0.165621,0.384971,-0.130655,-0.175279,-0.302666,-0.246193,-0.228564,-0.213185,-0.130696,0.037911,-0.029172,0.010911,-0.077029,-0.095951,-0.052930,-0.112369,-0.203707,-0.130452,0.079493,-0.017760,0.326012,-0.083773,0.271141,-0.075060,0.251035,0.202087,-0.082943,-0.153359,-0.097233,-0.188079,0.315575,0.328926,0.436441,0.396479,0.196612,0.089634,0.120475,0.181338,-0.284180,-0.091255,-0.081629,-0.061206,0.078203,0.019301,0.110590,0.001477,0.211200,0.119575,-0.081236,-0.161105
0.636289,0.648639,0.312666,0.319862,0.336860,0.213108,0.473030,0.584499,0.447115,0.584799,0.836528,0.000000,0.989123,1.168383,0.661658,0.599029,0.215305,0.605001,0.055647,0.383241,0.159389,0.108981,0.473222,0.545126,0.389304,0.367199,0.162890,0.043157,0.348888,0.405134,0.355238,0.398108,0.257107,0.273568,0.037782,-0.068358,0.110899,0.138755,0.281592,0.202134,0.000971,0.127851,-0.012534,0.018664,-0.022894,0.055764,0.034162,0.041501,0.100536,0.249854,0.174707,0.191642,0.164415,0.146403,0.160633,0.222277,0.139781,0.249586,0.313103,0.367754,0.471113,0.268415,0.420184,0.326466,0.448941,0.400388,0.177191,0.237481,0.192109,0.120524,0.169375,0.138233,0.171267,0.236497,-0.004455,-0.017877,-0.026531,0.026221,-0.040739,0.163854,0.069622,0.154540,0.087913,0.011263,0.374058,0.323633,0.259855,0.155198,0.130719,0.216171
0.590568,0.515364,0.455862,0.150184,0.469192,0.192281,0.704272,0.520805,0.804210,0.684554,0.948231,0.989123,0.000000,0.948238,0.765699,0.326167,0.355666,0.452966,0.059651,0.312779,0.000466,-0.015643,0.481823,0.416058,0.318048,0.455104,0.047630,-0.092804,0.264090,0.203472,0.273902,0.492410,0.182265,0.101532,-0.130592,-0.200147,-0.002561,0.026206,0.198860,0.111816,0.037079,0.244370,0.029875,-0.015059,-0.138992,-0.079771,-0.032994,-0.009641,0.043130,0.188854,0.141349,0.167885,0.130946,0.090418,0.112150,0.126323,0.013071,0.093739,0.223151,0.143757,0.305073,-0.050604,0.295424,0.076814,0.223502,0.049335,0.116131,0.043791,0.050884,-0.052550,0.089961,0.171680,0.198479,0.202544,-0.064952,-0.040027,-0.036541,0.030779,-0.094540,-0.024664,-0.066264,-0.002449,-0.120263,-0.100332,0.160855,0.075763,0.184205,0.047184,-0.031731,0.046974
0.655425,0.701450,0.321493,0.303557,0.260448,0.236894,0.521935,0.539603,0.354250,0.587859,0.652658,1.168383,0.948238,0.000000,0.456311,0.535264,0.201159,0.652692,0.023958,0.473653,0.105373,0.081412,0.366361,0.526006,0.443865,0.337777,0.151942,0.103306,0.221365,0.319141,0.261935,0.244562,0.272330,0.222255,0.022379,-0.127102,-0.065638,-0.025332,0.255232,0.173246,-0.007782,0.083932,0.093440,0.123257,0.115347,0.148536,0.131882,0.143253,0.218363,0.326451,0.265160,0.273305,0.241677,0.290503,0.323346,0.342371,0.285682,0.308296,0.358836,0.388602,0.466204,0.324681,0.403197,0.358089,0.469691,0.270002,0.246313,0.289748,0.259449,0.198943,0.158300,0.083382,0.077388,0.161569,-0.112627,-0.092594,-0.203932,-0.178710,-0.040676,0.187069,0.047891,0.134491,0.031676,0.051936,0.460553,0.446791,0.168487,0.143754,0.177954,0.320773
0.569187,0.502445,0.447757,0.022464,0.690440,0.239894,0.410252,0.227598,0.802693,0.621795,0.583674,0.661658,0.765699,0.456311,0.000000,0.598250,0.283419,0.371109,0.025155,0.291372,0.069039,0.154566,0.625628,0.397629,0.416425,0.548471,0.291891,0.042000,0.570101,0.413000,0.181669,0.257624,0.094276,-0.044653,-0.119237,-0.123760,0.239034,0.237714,0.369446,0.260823,0.097734,0.226111,0.160543,0.143581,-0.046565,0.035780,0.045451,0.024018,0.188457,0.348630,0.350252,0.356212,0.309694,0.202064,0.146186,0.197129,0.107463,0.222849,0.257246,0.295356,0.250839,0.017938,0.344824,0.214901,0.434034,0.102404,0.227958,0.125101,0.204323,0.113713,0.052085,0.148887,0.202361,0.226170,0.082266,0.031553,0.154225,0.102619,0.091497,0.220740,0.149270,0.282353,0.273832,0.073678,0.327604,0.230999,0.511860,0.259925,0.236125,0.190219
0.576115,0.600274,0.302218,0.229803,0.194195,0.516526,0.289676,0.351616,0.256204,0.697856,0.367048,0.599029,0.326167,0.535264,0.598250,0.000000,0.164256,0.367210,0.046966,0.371512,0.210701,0.203470,0.429295,0.459000,0.559703,0.508249,0.459231,0.416158,0.481731,0.504891,0.125955,0.087385,0.246244,0.075342,0.024936,-0.144016,0.380163,0.144995,0.680235,0.581440,0.233572,0.102806,0.108731,0.220796,0.245050,0.245122,0.235207,0.149319,0.436267,0.524231,0.529469,0.523038,0.397962,0.378643,0.463229,0.489596,0.364609,0.401395,0.590444,0.612442,0.534584,0.381395,0.517409,0.415813,0.640089,0.379099,0.441630,0.449573,0.419391,0.422841,0.021938,0.047494,0.090576,0.175730,0.050218,0.046599,-0.095459,-0.185948,0.183104,0.428082,0.314755,0.404489,0.487926,0.393866,0.665345,0.732872,0.418373,0.567594,0.580131,0.497365
0.592899,0.599196,0.422564,0.201293,0.293851,0.268906,0.515239,0.407132,0.315429,0.343143,0.192993,0.215305,0.355666,0.201159,0.283419,0.164256,0.000000,0.635938,0.504613,0.710099,0.146654,0.175555,0.313363,0.195498,0.391718,0.365869,0.326328,0.205941,0.638128,0.513712,0.247360,0.308745,0.514285,0.454751,0.076508,0.045918,-0.016877,-0.054856,0.068862,0.011876,-0.035989,0.094203,0.153296,0.163732,0.118300,0.343011,0.189897,0.089558,0.271508,0.330253,0.323476,0.321272,0.328348,0.233491,0.187807,0.165685,0.443521,0.553453,0.310070,0.277471,0.484992,0.219583,0.682699,0.472189,0.179547,0.031970,0.463869,0.400729,0.411510,0.496770,0.074373,0.120572,0.311367,0.334589,0.261199,0.275511,0.118067,0.116704,0.490563,0.415469,0.619887,0.592772,-0.030379,0.117170,0.318795,0.176149,-0.003667,0.063067,0.128752,0.223677
0.506539,0.555526,0.206860,0.194894,0.248511,0.382019,0.360677,0.304067,0.287271,0.474748,0.211018,0.605001,0.452966,0.652692,0.371109,0.367210,0.635938,0.000000,0.078875,0.471309,0.269065,0.196771,0.235472,0.260767,0.528689,0.387037,0.465771,0.404313,0.456393,0.669072,0.286463,0.169787,0.327350,0.305595,0.146640,-0.029678,-0.157085,-0.089267,0.096893,0.002412,-0.297654,-0.060470,0.132927,0.164089,0.243061,0.401100,0.260365,0.146429,0.320166,0.351019,0.296319,0.301756,0.283472,0.243816,0.199358,0.262712,0.468482,0.573321,0.341536,0.447290,0.510588,0.402101,0.847071,0.748149,0.552417,0.270331,0.481200,0.485468,0.371652,0.461127,0.153371,0.056156,0.044465,0.097758,0.043955,0.030192,-0.115027,-0.051798,0.419768,0.602909,0.511027,0.557801,-0.016117,-0.011262,0.453506,0.377351,-0.039344,0.014743,0.184756,0.339953
0.406056,0.331688,0.291870,0.267430,0.039864,0.098169,0.262291,0.285982,-0.041911,0.029342,0.152058,0.055647,0.059651,0.023958,0.025155,0.046966,0.504613,0.078875,0.000000,0.756531,-0.032418,-0.017774,0.239208,0.111065,0.048364,0.033608,0.113095,0.105066,0.423659,0.193549,-0.043753,0.059176,0.461276,0.362057,-0.016281,-0.021736,0.252473,0.088109,0.097674,0.102628,0.167168,0.097555,0.206876,0.300505,0.218997,0.278346,0.243693,0.291269,0.343652,0.322729,0.298010,0.356603,0.350084,0.234243,0.215895,0.140660,0.292138,0.284635,0.241247,0.191996,0.361009,0.233705,0.369414,0.314523,0.098371,0.117177,0.313855,0.344713,0.288615,0.334263,-0.110127,-0.119557,0.327872,0.406052,0.366642,0.565888,0.296768,0.166799,0.154440,-0.018133,0.306974,0.412000,0.034369,0.107100,0.287522,0.257484,-0.111482,-0.047878,0.165102,0.236893
0.769507,0.846940,0.539878,0.513864,0.226979,0.232516,0.658817,0.631596,0.190969,0.351207,0.273564,0.383241,0.312779,0.473653,0.291372,0.371512,0.710099,0.471309,0.756531,0.000000,0.041475,0.162295,0.399219,0.412853,0.453988,0.320893,0.390502,0.297879,0.540395,0.519097,0.187308,0.195565,0.627576,0.559396,0.086486,-0.033564,0.078665,0.037379,0.166476,0.105567,0.072515,0.105825,0.220418,0.275894,0.262971,0.357705,0.253324,0.205003,0.369213,0.409388,0.414720,0.413114,0.428544,0.353922,0.315017,0.239456,0.521918,0.523307,0.446291,0.389391,0.609103,0.373464,0.579977,0.530261,0.416081,0.240563,0.523458,0.558315,0.564871,0.524800,0.061587,-0.036792,0.225113,0.384388,0.220616,0.299280,0.119182,0.099265,0.130998,0.272603,0.472275,0.651454,0.060369,0.070020,0.561246,0.470625,0.007085,0.095283,0.322891,0.416924
0.091659,0.150626,0.057382,0.251813,-0.117788,-0.032563,0.093178,-0.017707,-0.170545,-0.094656,0.116911,0.159389,0.000466,0.105373,0.069039,0.210701,0.146654,0.269065,-0.032418,0.041475,0.000000,0.821443,-0.081501,0.047233,0.133650,-0.128001,0.223534,0.158678,0.147066,0.256185,0.378502,0.086434,0.122684,0.247374,0.039541,0.107042,0.257567,0.077223,0.142372,0.010940,0.070727,0.234552,0.061309,0.121774,0.069847,0.120109,0.013077,-0.007195,0.030053,0.043813,0.116834,0.070236,0.002666,0.108795,0.071375,0.161180,0.136090,0.186927,-0.055977,-0.034673,0.106735,-0.007854,0.275064,0.145170,0.162223,0.022435,0.134916,0.091561,0.212197,0.152688,0.646396,0.387929,0.334728,0.288807,0.365786,0.108639,0.120974,0.073140,0.174188,0.489614,0.327765,0.162208,0.272241,0.287628,0.137673,0.065451,0.182174,0.203729,0.108015,0.086611
0.159531,0.262062,0.033909,0.249157,-0.065000,-0.039910,0.102639,0.004536,-0.158149,-0.063491,0.091349,0.108981,-0.015643,0.081412,0.154566,0.203470,0.175555,0.196771,-0.017774,0.162295,0.821443,0.000000,0.091840,0.206760,0.277061,-0.043370,0.358113,0.196833,0.175201,0.293007,0.465440,0.150163,0.197222,0.281081,0.040792,0.047523,0.141703,-0.003515,0.168941,0.049681,-0.034193,0.219723,-0.015613,0.044295,0.037377,0.085199,-0.024534,-0.060794,0.057604,0.040343,0.084003,0.024854,-0.004986,0.048613,0.052865,0.103603,0.190786,0.244589,0.038141,0.060280,0.079767,-0.032064,0.215070,0.111298,0.174699,-0.051805,0.145340,0.071019,0.248026,0.241727,0.559144,0.403206,0.288351,0.313668,0.263580,0.112252,0.133970,0.044631,0.103074,0.422710,0.319056,0.187764,0.216898,0.207144,0.093455,0.032863,0.268020,0.302417,0.164163,0.070894
0.713108,0.686558,0.881751,0.351904,0.510327,0.386904,0.566416,0.578059,0.490362,0.600170,0.261890,0.473222,0.481823,0.366361,0.625628,0.429295,0.313363,0.235472,0.239208,0.399219,-0.081501,0.091840,0.000000,1.222823,0.719800,0.749643,0.270018,0.181602,0.337010,0.104000,0.281520,0.466206,0.393361,0.197145,0.036097,-0.171283,0.198227,0.115085,0.458162,0.488067,0.130002,-0.033257,0.120156,0.232937,0.166157,0.118164,0.277156,0.222232,0.411829,0.526385,0.564171,0.595948,0.552511,0.525240,0.459040,0.476551,0.391482,0.472573,0.484434,0.501118,0.360308,0.203826,0.360639,0.426358,0.359549,0.047237,0.426924,0.368594,0.498822,0.474343,-0.101091,0.073217,0.156211,0.233856,-0.002653,0.080673,0.065480,-0.069647,0.224350,0.155719,0.168555,0.175515,0.114887,0.191237,0.425464,0.443275,0.353427,0.313303,0.430594,0.479390
0.761013,0.794747,0.804608,0.592917,0.272631,0.299147,0.613305,0.634971,0.242745,0.446203,0.281701,0.545126,0.416058,0.526006,0.397629,0.459000,0.195498,0.260767,0.111065,0.412853,0.047233,0.206760,1.222823,0.000000,0.763284,0.587303,0.265262,0.201851,0.209764,0.064349,0.416924,0.471636,0.410473,0.251603,0.010935,-0.224696,0.080521,0.079193,0.457281,0.470831,0.148690,0.017002,0.029725,0.145575,0.084556,0.023750,0.158022,0.119471,0.280360,0.453156,0.456059,0.494830,0.419450,0.472943,0.432536,0.440132,0.400784,0.463472,0.495218,0.482881,0.384338,0.230683,0.327872,0.378534,0.318986,0.081919,0.327659,0.292202,0.445134,0.418339,0.127973,0.207936,0.117735,0.173637,-0.044685,-0.035871,-0.093476,-0.162898,0.090702,0.134505,0.090069,0.083769,0.167702,0.161294,0.387350,0.450304,0.350620,0.349313,0.473703,0.508608
0.639703,0.732182,0.569540,0.350330,0.287821,0.575272,0.518214,0.460895,0.257137,0.635511,0.102305,0.389304,0.318048,0.443865,0.416425,0.559703,0.391718,0.528689,0.048364,0.453988,0.133650,0.277061,0.719800,0.763284,0.000000,0.921063,0.700983,0.539926,0.362927,0.261257,0.468414,0.396576,0.435280,0.228402,0.156346,-0.128365,-0.043184,-0.163556,0.338872,0.305095,-0.166326,-0.291501,0.206432,0.252332,0.326791,0.274647,0.357636,0.149773,0.496471,0.501657,0.536458,0.511686,0.487477,0.583576,0.415796,0.447835,0.651953,0.701612,0.629550,0.555628,0.431580,0.333477,0.497413,0.595193,0.550921,0.040303,0.602564,0.454890,0.716581,0.720340,0.030219,-0.008483,0.040143,0.100494,-0.066834,-0.018597,-0.221323,-0.316819,0.397728,0.445788,0.344747,0.258714,0.005113,0.124092,0.480640,0.533427,0.190085,0.317867,0.521970,0.535010
0.498290,0.571688,0.536879,0.156749,0.560974,0.857142,0.436130,0.465058,0.698966,1.129258,0.106926,0.367199,0.455104,0.337777,0.548471,0.508249,0.365869,0.387037,0.033608,0.320893,-0.128001,-0.043370,0.749643,0.587303,0.921063,0.000000,0.394794,0.360449,0.403504,0.273563,0.265269,0.420857,0.282190,0.107162,0.039928,-0.126617,-0.045128,0.054958,0.136255,0.217794,-0.029229,-0.158723,0.269645,0.213226,0.176351,0.203322,0.256522,0.141014,0.400674,0.434815,0.444426,0.444915,0.454224,0.430748,0.241342,0.269155,0.384135,0.460805,0.409051,0.379174,0.298685,0.203894,0.401741,0.427905,0.244063,0.018900,0.430310,0.356286,0.451363,0.451561,-0.179501,-0.022287,0.030304,0.107465,-0.104131,0.037838,-0.094730,-0.137927,0.348463,0.270816,0.252259,0.207568,-0.127875,0.062761,0.257913,0.323170,0.167680,0.158087,0.249977,0.309458
0.455728,0.443991,0.159237,0.288291,0.233844,0.677037,0.164137,0.090977,0.112533,0.451214,-0.065751,0.162890,0.047630,0.151942,0.291891,0.459231,0.326328,0.465771,0.113095,0.390502,0.223534,0.358113,0.270018,0.265262,0.700983,0.394794,0.000000,1.033027,0.303054,0.386143,0.146468,0.044126,0.243489,0.149834,0.132444,-0.099524,0.081445,-0.097564,0.242448,0.220590,-0.194690,-0.132402,0.189039,0.297620,0.335760,0.361432,0.397670,0.231313,0.380849,0.394981,0.436540,0.437123,0.415700,0.464377,0.355583,0.426671,0.557071,0.513881,0.408190,0.446557,0.269325,0.172532,0.391705,0.359027,0.430357,0.061975,0.509621,0.483597,0.584881,0.550684,0.000386,-0.196006,-0.013682,-0.043453,0.098769,0.085966,-0.087229,-0.205569,0.303743,0.428658,0.543474,0.423784,0.251051,0.191333,0.525229,0.470752,0.008117,0.169626,0.618455,0.510084
0.314013,0.351414,0.108672,0.254254,0.199393,0.948635,0.057818,0.083393,0.034347,0.443889,-0.256841,0.043157,-0.092804,0.103306,0.042000,0.416158,0.205941,0.404313,0.105066,0.297879,0.158678,0.196833,0.181602,0.201851,0.539926,0.360449,1.033027,0.000000,0.121675,0.225790,-0.013345,-0.093970,0.232308,0.155105,0.185530,-0.080768,0.013149,0.039771,0.210149,0.274151,-0.068597,-0.223227,0.155454,0.291251,0.479803,0.462134,0.436979,0.278500,0.451312,0.449758,0.408664,0.442552,0.394628,0.521284,0.409800,0.521744,0.661017,0.556638,0.477905,0.554573,0.300269,0.424177,0.353653,0.518181,0.317906,0.114015,0.575754,0.561424,0.572206,0.649112,-0.097130,-0.291944,-0.022212,-0.039165,0.086085,0.141388,-0.262885,-0.383943,0.296524,0.408297,0.418895,0.359276,0.166205,0.192240,0.412581,0.544474,-0.080179,0.115009,0.633998,0.650065
0.438588,0.461598,0.228441,0.203363,0.211595,0.235041,0.315807,0.297132,0.235002,0.363616,0.378327,0.348888,0.264090,0.221365,0.570101,0.481731,0.638128,0.456393,0.423659,0.540395,0.147066,0.175201,0.337010,0.209764,0.362927,0.403504,0.303054,0.121675,0.000000,0.948717,0.316819,0.224275,0.426201,0.337043,0.060598,0.147559,0.268377,0.112782,0.244473,0.125586,0.111305,0.243873,0.156698,0.155624,0.090512,0.220950,0.148942,0.054861,0.245443,0.282625,0.303983,0.317083,0.262722,0.185278,0.128098,0.078677,0.288079,0.337326,0.272042,0.290348,0.457745,0.249769,0.754199,0.467110,0.400642,0.240143,0.305804,0.326165,0.299584,0.348038,0.141608,0.142454,0.417010,0.430883,0.391492,0.404923,0.334438,0.220109,0.457673,0.540151,0.777643,0.687756,0.243680,0.272146,0.446351,0.370697,0.223721,0.291595,0.151791,0.107623
0.315286,0.383366,0.019122,0.118781,0.154125,0.199479,0.199666,0.211056,0.230133,0.337316,0.264085,0.405134,0.203472,0.319141,0.413000,0.504891,0.513712,0.669072,0.193549,0.519097,0.256185,0.293007,0.104000,0.064349,0.261257,0.273563,0.386143,0.225790,0.948717,0.000000,0.233032,0.067750,0.207547,0.267368,0.031032,0.103182,0.159125,0.109248,0.084607,0.016920,-0.046554,0.270907,0.028826,0.048705,0.042905,0.246716,0.012395,-0.068734,0.108341,0.176941,0.153562,0.160523,0.075756,-0.010720,-0.041113,0.000689,0.197885,0.264482,0.130356,0.235973,0.298219,0.260337,0.660658,0.468983,0.416636,0.355840,0.224649,0.319089,0.170417,0.300932,0.244901,0.203250,0.231618,0.360439,0.326793,0.174681,0.289226,0.245308,0.320417,0.685069,0.769401,0.875190,0.219265,0.180245,0.371220,0.332982,0.061991,0.204585,0.014344,0.059097
0.220295,0.340573,0.268529,0.415959,0.055159,-0.029896,0.326383,0.418175,0.101301,0.075526,0.270911,0.355238,0.273902,0.261935,0.181669,0.125955,0.247360,0.286463,-0.043753,0.187308,0.378502,0.465440,0.281520,0.416924,0.468414,0.265269,0.146468,-0.013345,0.316819,0.233032,0.000000,1.108160,0.413214,0.504232,0.269770,0.244195,-0.006848,-0.157557,-0.022858,-0.116195,-0.175549,-0.017931,0.005590,-0.104814,-0.138151,-0.051471,-0.052170,-0.097921,-0.139679,-0.100282,-0.089399,-0.125898,-0.107111,-0.028962,-0.043444,-0.059477,0.151301,0.228087,0.066962,-0.003517,0.160975,0.018485,0.302816,0.176067,0.123458,0.045822,0.042573,0.033565,0.166284,0.110909,0.585766,0.478907,0.277053,0.299785,0.149468,0.065331,0.084265,0.156102,0.173327,0.250433,0.210132,0.031360,-0.179338,-0.056410,-0.041776,-0.075163,0.065200,0.202270,-0.034692,-0.028522
0.290731,0.362310,0.371840,0.281680,0.235152,0.020400,0.377380,0.554610,0.348192,0.233009,0.314409,0.398108,0.492410,0.244562,0.257624,0.087385,0.308745,0.169787,0.059176,0.195565,0.086434,0.150163,0.466206,0.471636,0.396576,0.420857,0.044126,-0.093970,0.224275,0.067750,1.108160,0.000000,0.390779,0.441175,0.226955,0.204261,0.002708,-0.084022,-0.025139,0.002497,-0.086744,0.016403,0.020274,-0.094816,-0.163784,-0.066214,-0.044772,-0.038242,-0.125843,-0.075976,-0.083649,-0.095368,-0.075324,-0.039545,-0.038659,-0.051112,0.070354,0.175530,0.088091,-0.015505,0.103276,-0.068375,0.169932,0.061934,-0.013720,-0.019542,0.045518,0.046172,0.125162,0.025042,0.283791,0.287087,0.242275,0.252990,0.038332,0.104491,0.092033,0.192819,0.062351,-0.017001,0.036861,-0.037880,-0.263648,-0.163703,-0.062330,-0.111210,0.071743,0.107557,-0.061504,-0.029972
0.650977,0.703057,0.335425,0.290300,0.081657,0.265569,0.328097,0.435130,0.058795,0.187755,0.093733,0.257107,0.182265,0.272330,0.094276,0.246244,0.514285,0.327350,0.461276,0.627576,0.122684,0.197222,0.393361,0.410473,0.435280,0.282190,0.243489,0.232308,0.426201,0.207547,0.413214,0.390779,0.000000,1.074529,0.388562,0.151129,0.177432,0.065327,0.349692,0.317462,0.078745,-0.001082,0.129481,0.326229,0.356440,0.398672,0.394981,0.403076,0.410197,0.386911,0.408421,0.390434,0.372865,0.406472,0.472343,0.369506,0.720757,0.714245,0.676921,0.524179,0.720208,0.467286,0.547989,0.642622,0.276921,0.110698,0.692465,0.733846,0.608000,0.496501,0.039542,0.061417,0.274479,0.297418,0.208879,0.208528,-0.031490,-0.010204,0.391652,0.340054,0.461768,0.416371,-0.016821,0.258976,0.484359,0.428701,0.087704,0.315921,0.362086,0.397689
0.345754,0.496394,0.147078,0.435126,0.067028,0.106313,0.272713,0.506800,-0.010122,0.058046,0.150957,0.273568,0.101532,0.222255,-0.044653,0.075342,0.454751,0.305595,0.362057,0.559396,0.247374,0.281081,0.197145,0.251603,0.228402,0.107162,0.149834,0.155105,0.337043,0.267368,0.504232,0.441175,1.074529,0.000000,0.449570,0.416465,0.150254,0.110801,0.043810,0.011856,0.039338,0.026158,0.040518,0.109329,0.194746,0.380143,0.178511,0.206379,0.157814,0.104078,0.087171,0.044875,0.071330,0.159014,0.185462,0.118787,0.456329,0.472974,0.341815,0.289968,0.583905,0.497466,0.400189,0.489094,0.155209,0.302971,0.403575,0.537875,0.399414,0.319199,0.250103,0.121383,0.414021,0.474077,0.427827,0.377718,0.144755,0.242266,0.219562,0.308470,0.452695,0.371406,-0.078811,0.202608,0.295494,0.180990,0.003981,0.162279,0.140778,0.166655
0.085339,0.190994,-0.046180,0.071319,-0.025726,0.038740,-0.116378,0.062565,-0.052954,-0.054683,-0.155894,0.037782,-0.130592,0.022379,-0.119237,0.024936,0.076508,0.146640,-0.016281,0.086486,0.039541,0.040792,0.036097,0.010935,0.156346,0.039928,0.132444,0.185530,0.060598,0.031032,0.269770,0.226955,0.388562,0.449570,0.000000,0.785619,0.131904,-0.007340,0.112639,-0.040035,-0.035910,-0.239347,0.009475,0.005763,0.100203,0.286154,0.109786,0.126663,0.016926,-0.004057,-0.009481,0.002797,-0.043102,0.022645,0.111909,0.031455,0.267791,0.273581,0.171149,0.163434,0.241310,0.244124,0.125904,0.271231,0.346860,0.275455,0.386816,0.391034,0.382216,0.355642,0.109544,0.011438,0.154999,0.054633,0.035459,0.132672,0.117512,0.151498,0.265420,0.272600,0.211694,0.108009,-0.146366,0.116896,0.136523,0.080295,-0.083331,0.069629,0.106104,0.081987
-0.200579,-0.097979,-0.153159,0.019329,-0.078400,-0.159841,-0.169136,-0.019403,-0.127482,-0.214349,-0.078350,-0.068358,-0.200147,-0.127102,-0.123760,-0.144016,0.045918,-0.029678,-0.021736,-0.033564,0.107042,0.047523,-0.171283,-0.224696,-0.128365,-0.126617,-0.099524,-0.080768,0.147559,0.103182,0.244195,0.204261,0.151129,0.416465,0.785619,0.000000,0.146677,0.106375,-0.154056,-0.224713,0.067646,-0.051695,0.095179,-0.006972,0.008785,0.235257,-0.019663,0.050545,-0.151741,-0.195492,-0.177614,-0.210981,-0.237648,-0.165547,-0.147758,-0.185952,-0.038842,-0.019449,-0.143008,-0.124090,0.026310,0.099156,-0.052863,0.006482,0.048814,0.257016,0.058783,0.118810,0.051561,0.081707,0.256050,0.112886,0.233304,0.208761,0.226513,0.276769,0.375020,0.402272,0.192954,0.196993,0.208552,0.103831,-0.067996,0.127441,-0.067921,-0.126869,-0.006381,-0.096547,-0.195834,-0.228584
0.143369,0.129838,0.093023,0.150809,0.042085,0.043793,0.023556,0.084400,0.037240,0.016529,0.182797,0.110899,-0.002561,-0.065638,0.239034,0.380163,-0.016877,-0.157085,0.252473,0.078665,0.257567,0.141703,0.198227,0.080521,-0.043184,-0.045128,0.081445,0.013149,0.268377,0.159125,-0.006848,0.002708,0.177432,0.150254,0.131904,0.146677,0.000000,0.459910,0.520484,0.387284,0.526637,0.411758,-0.019109,0.197078,0.024680,0.075365,0.105581,0.170740,0.086036,0.174881,0.252782,0.267913,0.082182,0.081832,0.219972,0.203035,0.021801,-0.003199,0.034160,0.069652,0.151508,0.009269,0.183080,-0.008449,0.139814,0.122648,0.091753,0.163248,0.092465,0.036868,0.158063,0.067783,0.481529,0.410272,0.445580,0.320352,0.600978,0.347460,-0.073359,0.118717,0.114787,0.187403,0.570572,0.441558,0.289755,0.251841,0.417639,0.519964,0.343516,0.145339
0.025407,0.068449,0.000347,-0.015483,0.291105,0.096684,-0.075278,-0.011075,0.206929,0.117013,-0.000109,0.138755,0.026206,-0.025332,0.237714,0.144995,-0.054856,-0.089267,0.088109,0.037379,0.077223,-0.003515,0.115085,0.079193,-0.163556,0.054958,-0.097564,0.039771,0.112782,0.109248,-0.157557,-0.084022,0.065327,0.110801,-0.007340,0.106375,0.459910,0.000000,0.093243,0.339659,0.541639,0.364690,-0.031547,0.153670,0.070181,0.091087,-0.029413,0.099995,0.011822,0.058221,0.121494,0.143603,0.054995,0.076555,-0.014936,0.083665,-0.016676,0.015311,-0.006601,0.068545,0.021127,0.122772,-0.032956,0.076000,-0.095822,0.048249,-0.000403,0.086414,-0.029326,-0.096008,0.002297,0.034603,0.273134,0.376260,0.318492,0.348384,0.350270,0.294487,-0.143375,-0.031823,-0.060278,0.230901,0.361401,0.117857,0.136803,0.138157,0.372194,0.048064,0.043136,0.111531
0.582627,0.496124,0.353179,0.156226,0.070118,0.255784,0.256880,0.169399,0.075499,0.260013,0.209075,0.281592,0.198860,0.255232,0.369446,0.680235,0.068862,0.096893,0.097674,0.166476,0.142372,0.168941,0.458162,0.457281,0.338872,0.136255,0.242448,0.210149,0.244473,0.084607,-0.022858,-0.025139,0.349692,0.043810,0.112639,-0.154056,0.520484,0.093243,0.000000,1.023966,0.467192,0.143331,-0.005147,0.261499,0.257943,0.167948,0.316714,0.275005,0.397265,0.527948,0.528205,0.592722,0.415682,0.418579,0.724314,0.657808,0.380283,0.382347,0.700208,0.683600,0.478024,0.281493,0.305014,0.304406,0.456118,0.147721,0.462329,0.391476,0.386593,0.411046,-0.038797,0.053698,0.074082,0.044361,-0.025206,-0.145921,-0.091626,-0.292473,0.157526,0.261847,0.131723,0.213388,0.658519,0.595629,0.565801,0.634575,0.543536,0.689076,0.758206,0.568990
0.423744,0.398462,0.302704,0.097678,0.190293,0.355114,0.098853,0.169476,0.127055,0.338516,-0.005115,0.202134,0.111816,0.173246,0.260823,0.581440,0.011876,0.002412,0.102628,0.105567,0.010940,0.049681,0.488067,0.470831,0.305095,0.217794,0.220590,0.274151,0.125586,0.016920,-0.116195,0.002497,0.317462,0.011856,-0.040035,-0.224713,0.387284,0.339659,1.023966,0.000000,0.421532,0.028309,0.171659,0.535603,0.513019,0.345672,0.511737,0.510133,0.544312,0.576434,0.604443,0.681427,0.529295,0.549140,0.707328,0.821633,0.444847,0.465737,0.585434,0.653977,0.256792,0.316578,0.116209,0.320064,0.250801,0.109120,0.443830,0.490266,0.384396,0.422155,-0.244879,-0.115614,-0.095016,-0.059103,-0.115794,-0.075506,-0.096742,-0.343574,0.208563,0.093178,0.055581,0.306990,0.589675,0.433393,0.599212,0.777227,0.552945,0.528626,0.644403,0.684645
0.145322,0.138650,0.186127,0.159994,0.044460,0.035180,0.113452,0.095425,0.021221,0.004817,0.165621,0.000971,0.037079,-0.007782,0.097734,0.233572,-0.035989,-0.297654,0.167168,0.072515,0.070727,-0.034193,0.130002,0.148690,-0.166326,-0.029229,-0.194690,-0.068597,0.111305,-0.046554,-0.175549,-0.086744,0.078745,0.039338,-0.035910,0.067646,0.526637,0.541639,0.467192,0.421532,0.000000,0.491422,-0.105646,0.087932,-0.076839,-0.063504,-0.159831,-0.000323,-0.027395,0.105434,0.167188,0.207790,0.070625,0.114953,0.266730,0.163383,-0.054969,-0.085479,0.038631,0.012453,0.069476,-0.032957,-0.016994,-0.089475,-0.129808,-0.052693,-0.025814,-0.040588,-0.000943,-0.032523,-0.021937,0.046649,0.354422,0.334493,0.312515,0.306005,0.117142,0.040545,-0.166381,-0.078403,-0.024063,0.056570,0.535611,0.511999,0.112788,0.105408,0.446435,0.261876,0.188256,0.106741
0.057599,0.026001,-0.009635,0.067704,0.026786,-0.163726,0.132566,0.067124,0.186006,-0.001289,0.384971,0.127851,0.244370,0.083932,0.226111,0.102806,0.094203,-0.060470,0.097555,0.105825,0.234552,0.219723,-0.033257,0.017002,-0.291501,-0.158723,-0.132402,-0.223227,0.243873,0.270907,-0.017931,0.016403,-0.001082,0.026158,-0.239347,-0.051695,0.411758,0.364690,0.143331,0.028309,0.491422,0.000000,-0.126290,-0.019228,-0.249136,-0.150323,-0.259388,-0.113094,-0.160964,0.020763,0.052050,0.069459,-0.084295,-0.150968,-0.046339,-0.088865,-0.276472,-0.289939,-0.152130,-0.147359,0.013480,-0.269353,0.106139,-0.238681,-0.124403,0.012094,-0.170084,-0.123274,-0.317471,-0.377163,0.354022,0.335027,0.371596,0.424454,0.379858,0.163588,0.373977,0.413513,-0.339806,-0.053539,0.015723,0.106496,0.379006,0.235706,0.044888,-0.031099,0.285333,0.322977,-0.068216,-0.161221
0.057466,0.094135,0.216349,0.136726,0.287660,0.285870,0.062914,0.073481,0.201489,0.313698,-0.130655,-0.012534,0.029875,0.093440,0.160543,0.108731,0.153296,0.132927,0.206876,0.220418,0.061309,-0.015613,0.120156,0.029725,0.206432,0.269645,0.189039,0.155454,0.156698,0.028826,0.005590,0.020274,0.129481,0.040518,0.009475,0.095179,-0.019109,-0.031547,-0.005147,0.171659,-0.105646,-0.126290,0.000000,1.068938,0.778138,0.692032,0.849626,0.847952,0.679685,0.409663,0.543675,0.418294,0.666024,0.509006,0.409145,0.407453,0.376871,0.325165,0.086421,0.133763,0.008156,0.066368,0.057906,0.149690,0.110251,0.067264,0.363058,0.383196,0.362172,0.312503,-0.122664,-0.241902,-0.202816,-0.147071,-0.058315,0.099140,0.169191,-0.022286,0.452821,0.225920,0.292265,0.344010,0.092452,0.179124,0.315197,0.293849,0.067088,-0.054875,0.172761,0.323496
0.222846,0.231689,0.230067,0.152826,0.258360,0.371822,0.021710,0.053353,0.150228,0.312557,-0.175279,0.018664,-0.015059,0.123257,0.143581,0.220796,0.163732,0.164089,0.300505,0.275894,0.121774,0.044295,0.232937,0.145575,0.252332,0.213226,0.297620,0.291251,0.155624,0.048705,-0.104814,-0.094816,0.326229,0.109329,0.005763,-0.006972,0.197078,0.153670,0.261499,0.535603,0.087932,-0.019228,1.068938,0.000000,1.138289,0.971609,1.107815,1.353855,0.963933,0.750608,0.927357,0.840362,0.948789,0.868432,0.733596,0.802109,0.595752,0.502631,0.216134,0.344365,0.115322,0.191182,0.171279,0.319798,0.184259,0.062245,0.525069,0.633630,0.484954,0.435787,-0.228642,-0.300641,-0.185470,-0.147514,-0.065086,0.084297,0.107055,-0.195453,0.515104,0.310790,0.343921,0.519738,0.351575,0.392788,0.600016,0.641471,0.204064,0.142559,0.423917,0.610486
0.153481,0.205812,0.098006,0.087207,0.121350,0.438360,-0.043742,0.028253,0.003239,0.339397,-0.302666,-0.022894,-0.138992,0.115347,-0.046565,0.245050,0.118300,0.243061,0.218997,0.262971,0.069847,0.037377,0.166157,0.084556,0.326791,0.176351,0.335760,0.479803,0.090512,0.042905,-0.138151,-0.163784,0.356440,0.194746,0.100203,0.008785,0.024680,0.070181,0.257943,0.513019,-0.076839,-0.249136,0.778138,1.138289,0.000000,1.138321,1.367098,1.231554,1.209253,0.643927,0.787241,0.650718,0.804392,0.822250,0.781858,0.843159,0.737761,0.622077,0.412922,0.531725,0.241202,0.462190,0.202447,0.524440,0.316527,0.133946,0.678692,0.819986,0.593300,0.604375,-0.299675,-0.410861,-0.288774,-0.190114,-0.113637,0.039420,-0.075296,-0.317387,0.543883,0.406125,0.400998,0.540586,0.210237,0.365381,0.728272,0.801934,0.108392,0.121426,0.457064,0.684175
0.214945,0.292072,0.112839,0.103256,0.258805,0.404671,0.004675,0.148828,0.144917,0.343874,-0.246193,0.055764,-0.079771,0.148536,0.035780,0.245122,0.343011,0.401100,0.278346,0.357705,0.120109,0.085199,0.118164,0.023750,0.274647,0.203322,0.361432,0.462134,0.220950,0.246716,-0.051471,-0.066214,0.398672,0.380143,0.286154,0.235257,0.075365,0.091087,0.167948,0.345672,-0.063504,-0.150323,0.692032,0.971609,1.138321,0.000000,0.903434,0.972107,0.978486,0.749173,0.723698,0.670214,0.600426,0.629001,0.567985,0.659079,0.697063,0.661496,0.369833,0.551029,0.361080,0.553559,0.333613,0.643456,0.389978,0.408130,0.792814,1.026023,0.526461,0.641787,-0.157580,-0.263915,-0.126896,-0.048409,0.054125,0.166930,0.104341,-0.094212,0.607201,0.472479,0.559616,0.745409,0.183937,0.328648,0.705391,0.703632,0.090316,0.120281,0.395479,0.609713
0.303843,0.289794,0.185473,0.137888,0.196805,0.498785,0.035287,0.100281,0.090458,0.394965,-0.228564,0.034162,-0.032994,0.131882,0.045451,0.235207,0.189897,0.260365,0.243693,0.253324,0.013077,-0.024534,0.277156,0.158022,0.357636,0.256522,0.397670,0.436979,0.148942,0.012395,-0.052170,-0.044772,0.394981,0.178511,0.109786,-0.019663,0.105581,-0.029413,0.316714,0.511737,-0.159831,-0.259388,0.849626,1.107815,1.367098,0.903434,0.000000,1.483354,0.963891,0.570780,0.773205,0.653503,0.920489,0.830504,0.823677,0.824261,0.841625,0.706601,0.418597,0.529221,0.282460,0.395900,0.236066,0.458551,0.267146,0.116979,0.685175,0.843321,0.620070,0.614035,-0.292721,-0.425551,-0.256369,-0.210008,-0.185057,-0.037092,-0.043281,-0.309941,0.576610,0.361391,0.350278,0.448979,0.242634,0.335363,0.701479,0.743948,0.113467,0.166841,0.592474,0.766942
0.237744,0.213582,0.138112,0.124986,0.222142,0.352179,-0.023896,0.094524,0.126589,0.280332,-0.213185,0.041501,-0.009641,0.143253,0.024018,0.149319,0.089558,0.146429,0.291269,0.205003,-0.007195,-0.060794,0.222232,0.119471,0.149773,0.141014,0.231313,0.278500,0.054861,-0.068734,-0.097921,-0.038242,0.403076,0.206379,0.126663,0.050545,0.170740,0.099995,0.275005,0.510133,-0.000323,-0.113094,0.847952,1.353855,1.231554,0.972107,1.483354,0.000000,0.884756,0.586952,0.731071,0.638695,0.821504,0.768402,0.830174,0.841452,0.656072,0.553271,0.295257,0.435386,0.226072,0.321410,0.128940,0.347951,0.157921,0.111391,0.590474,0.786249,0.472630,0.422482,-0.287904,-0.372186,-0.253655,-0.200574,-0.146567,0.030178,0.044890,-0.213788,0.453870,0.227596,0.260556,0.401532,0.249349,0.367581,0.629522,0.638230,0.126977,0.139436,0.480523,0.690367
