0.000000,1.262609,0.920440,0.917923,0.542995,0.548825,0.985973,0.787472,0.637734,0.838784,1.239887,0.884066,0.972452,1.017094,0.813095,0.947725,1.110700,0.663785,1.326049,1.270161,0.687266,0.714087,0.566841,0.721267,0.482974,0.672333,0.693338,0.559668,0.761452,0.524588,0.562884,0.742039,0.851898,0.922734,0.584534,0.596655,0.593006,0.404284,0.437236,0.435019,0.540374,0.389265,0.693691,0.577196,0.767762,0.713763,0.616180,0.579385,0.888951,0.779157,0.755441,0.640274,0.789306,0.503480,0.577598,0.596647,1.280269,0.881575,1.460414,0.811611,1.354577,0.887977,0.892356,0.724850,0.695833,0.696451,0.920783,0.732950,1.088748,0.868852,0.330491,0.331609,0.918744,0.614169,0.825502,0.832446,1.001797,0.960880,0.731467,0.449485,0.836354,0.835082,0.973004,1.088407,0.956631,0.948709,0.644453,0.660637,0.810534,0.738893
1.262609,0.000000,0.737882,0.821118,0.458953,0.437795,0.766055,0.667972,0.519586,0.566974,0.915743,0.751631,0.737963,0.751455,0.710451,0.734644,1.169059,0.774594,1.219003,1.281189,0.544445,0.596061,0.481327,0.590694,0.394814,0.586173,0.618731,0.464544,0.764018,0.628155,0.510355,0.638948,1.015908,1.128316,0.543077,0.582705,0.536968,0.421226,0.435290,0.393425,0.474859,0.458362,0.737519,0.592656,0.853692,0.821189,0.641202,0.584731,0.935109,0.867769,0.675196,0.552530,0.750347,0.535801,0.592391,0.575778,1.205119,1.288934,1.214690,1.175201,0.950317,0.930393,0.957656,0.906277,0.556559,0.567132,0.879175,0.714130,1.087590,0.854249,0.397225,0.334855,0.931049,0.671352,0.816389,0.651376,0.885020,0.819436,0.788665,0.545018,0.928416,1.031002,0.879789,1.061130,0.938826,0.876006,0.629011,0.497483,0.658284,0.615150
0.920440,0.737882,0.000000,1.199062,0.658505,0.593775,1.171559,0.718511,0.754404,0.607512,0.694235,0.774413,0.747921,0.645975,0.823414,0.807855,0.718715,0.617950,1.297150,1.180229,0.629030,0.621059,1.250475,1.172251,0.910649,1.097259,0.666576,0.577943,0.601972,0.404075,1.035140,1.039153,1.010097,0.988752,1.072703,0.868921,0.518103,0.373404,0.447111,0.470228,0.584903,0.325599,0.703687,0.554467,1.030616,0.773586,0.533954,0.568218,0.830911,0.627021,0.867271,0.622216,0.522759,0.356758,0.438152,0.487775,0.834717,0.766790,0.714584,0.569429,0.748776,0.551471,0.630973,0.551450,1.186727,0.607429,1.103375,0.878516,1.011872,0.902164,0.376977,0.424784,0.682674,0.454952,0.752717,0.743417,0.855605,0.810336,0.602829,0.336127,0.702636,0.767731,1.101104,1.020371,0.936074,1.186529,0.647188,0.565634,0.891976,0.807603
0.917923,0.821118,1.199062,0.000000,0.670538,0.595819,1.302478,1.215123,0.914062,0.908709,0.728958,0.861577,0.817605,0.902847,0.773997,0.963647,0.721287,0.458763,1.157232,1.256123,0.490829,0.559847,0.909312,1.233351,0.753090,1.068307,0.694032,0.677744,0.487492,0.304952,0.785423,0.806911,0.859765,0.892928,0.936532,0.890089,0.463931,0.196547,0.412426,0.375864,0.466263,0.183944,0.670096,0.546313,1.001071,0.909558,0.565348,0.557302,0.837478,0.751388,0.904101,0.809496,0.614913,0.362582,0.505780,0.484502,0.756480,0.676876,0.728958,0.661023,0.872864,0.825002,0.647889,0.540582,1.276612,0.983747,1.074919,0.986823,0.919684,0.949355,0.376795,0.320139,0.545739,0.427073,0.539055,0.614098,0.771800,0.721050,0.580466,0.222168,0.688088,0.660673,1.083880,1.036473,0.919718,1.271795,0.650956,0.588918,1.030732,0.998837
0.542995,0.458953,0.658505,0.670538,0.000000,0.791009,0.673216,0.555535,0.725945,0.671124,0.339281,0.360692,0.555526,0.371412,0.458796,0.615133,0.512455,0.303788,0.646878,0.733061,0.667895,0.549070,0.523075,0.612898,0.462767,0.789627,0.668151,0.681109,0.355729,0.214675,0.550237,0.542979,0.504499,0.560949,0.606348,0.519119,0.378925,0.136572,0.317372,0.282183,0.127161,0.052508,0.554407,0.387769,0.607971,0.648676,0.560325,0.573890,0.551610,0.503675,0.601012,0.512966,0.561274,0.443324,0.489518,0.509592,0.498476,0.416602,0.481172,0.543815,0.450297,0.512089,0.434452,0.406810,0.744982,0.443398,0.788861,0.788984,0.644216,0.744910,0.030275,0.083429,0.467748,0.237063,0.458497,0.493511,0.558397,0.573440,0.389851,0.156851,0.495587,0.439529,0.740347,0.713504,0.512240,0.570122,0.388541,0.398537,0.708399,0.743804
0.548825,0.437795,0.593775,0.595819,0.791009,0.000000,0.525452,0.665680,0.532879,0.609328,0.284519,0.304411,0.374814,0.264470,0.269715,0.496417,0.524787,0.444172,0.617631,0.639364,0.590117,0.442222,0.382087,0.514607,0.698149,0.630192,0.760907,0.414411,0.340423,0.341834,0.337317,0.447560,0.535972,0.505334,0.640339,0.544345,0.543240,0.389370,0.487628,0.603238,0.369896,0.237939,0.783341,0.750921,0.697902,0.757830,0.890706,0.977051,0.684426,0.611565,0.794710,0.627233,0.791067,0.579866,0.741291,0.849217,0.560299,0.392479,0.593408,0.658880,0.435023,0.499783,0.755461,0.460719,0.614492,0.311738,0.812211,0.885767,0.612393,0.670399,-0.162960,-0.098634,0.332581,0.345181,0.379355,0.478422,0.439296,0.516493,0.543583,0.273559,0.686349,0.562601,0.577854,0.766426,0.625720,0.598290,0.472931,0.777073,0.757132,0.945297
0.985973,0.766055,1.171559,1.302478,0.673216,0.525452,0.000000,1.015266,1.018969,0.795459,0.812758,0.770864,1.080307,0.881356,0.811209,0.889063,0.722816,0.435879,1.099265,1.126139,0.457506,0.461561,0.696643,0.839643,0.463630,0.872736,0.500176,0.532986,0.535423,0.358221,0.674033,0.663124,0.788411,0.830040,0.755885,0.729074,0.363838,0.220472,0.272558,0.279024,0.360927,0.152722,0.587143,0.494575,0.863355,0.836576,0.482805,0.501361,0.843750,0.836544,0.776003,0.737568,0.576615,0.345480,0.401790,0.455444,0.701826,0.565264,0.884619,0.645267,1.059785,0.876348,0.571368,0.633101,1.229344,0.979717,0.954809,0.807484,0.747254,0.752547,0.309042,0.317315,0.642243,0.508634,0.615111,0.768759,0.814543,0.746439,0.453467,0.184094,0.541734,0.574949,0.944824,0.891362,0.706308,0.945532,0.496729,0.446544,0.866547,0.853409
0.787472,0.667972,0.718511,1.215123,0.555535,0.665680,1.015266,0.000000,0.847157,0.989449,0.629193,0.878333,0.691164,0.939654,0.492656,0.843329,0.571386,0.444880,0.762740,0.863505,0.317513,0.397205,0.436700,0.629392,0.522700,0.628444,0.483763,0.509373,0.412357,0.373529,0.413507,0.513533,0.629572,0.648242,0.513991,0.549663,0.303424,0.184359,0.235562,0.337417,0.408238,0.114144,0.443219,0.407667,0.636261,0.699199,0.411186,0.445874,0.543711,0.685523,0.560505,0.553634,0.454402,0.317913,0.342431,0.367631,0.566464,0.436581,0.672382,0.585008,0.859248,1.050223,0.605999,0.646452,0.846415,0.969639,0.675651,0.685427,0.572185,0.659254,0.222698,0.236095,0.349278,0.497354,0.389151,0.552264,0.576331,0.588758,0.526985,0.188329,0.575153,0.540925,0.627801,0.840948,0.640876,0.806020,0.360375,0.587723,0.677572,0.766897
0.637734,0.519586,0.754404,0.914062,0.725945,0.532879,1.018969,0.847157,0.000000,0.985599,0.510469,0.643418,1.012417,0.925041,0.767816,0.838535,0.441926,0.223192,0.683689,0.721099,0.338539,0.395139,0.525025,0.629680,0.346400,0.569399,0.438895,0.459401,0.263577,0.284920,0.374110,0.394898,0.466865,0.532530,0.526852,0.603334,0.132426,0.106900,0.095134,0.144866,0.082598,-0.004619,0.327515,0.289577,0.547610,0.611284,0.268961,0.308590,0.562340,0.606653,0.568668,0.557003,0.388402,0.241461,0.241579,0.281755,0.391771,0.317888,0.645565,0.465687,0.880538,0.791792,0.318138,0.404928,1.079741,1.065180,0.609628,0.565638,0.483383,0.507956,0.260630,0.315226,0.411375,0.368823,0.416170,0.467612,0.565818,0.523719,0.248458,0.065524,0.289877,0.287467,0.637177,0.601590,0.401402,0.641767,0.178009,0.285351,0.678650,0.623288
0.838784,0.566974,0.607512,0.908709,0.671124,0.609328,0.795459,0.989449,0.985599,0.000000,0.811186,0.883000,1.010300,1.175743,0.691524,1.114607,0.484549,0.204225,0.675230,0.757639,0.448807,0.465637,0.419792,0.657695,0.330958,0.536219,0.405339,0.407390,0.324310,0.211957,0.329831,0.405819,0.360793,0.456713,0.414509,0.379292,0.279781,0.065002,0.201637,0.213718,0.155813,-0.000820,0.393740,0.373451,0.486926,0.521936,0.383892,0.374797,0.574709,0.622704,0.604581,0.632040,0.552278,0.273341,0.376907,0.378314,0.470480,0.287455,0.720296,0.418214,1.031110,0.807206,0.423786,0.364441,0.813921,0.935948,0.532821,0.494014,0.471544,0.514530,0.228954,0.216365,0.369321,0.301574,0.344748,0.502299,0.509769,0.488740,0.270519,0.033055,0.344239,0.275040,0.665234,0.651761,0.483504,0.631085,0.298358,0.565534,0.686811,0.636655
1.239887,0.915743,0.694235,0.728958,0.339281,0.284519,0.812758,0.629193,0.510469,0.811186,0.000000,1.000410,1.114503,1.094166,0.857824,1.002616,0.852440,0.507360,0.956515,0.954753,0.439542,0.456170,0.433039,0.572592,0.206365,0.398883,0.372710,0.347776,0.724321,0.427039,0.436723,0.564526,0.580475,0.703132,0.363734,0.329544,0.419304,0.208472,0.204819,0.132256,0.402029,0.221184,0.428597,0.342118,0.554607,0.469817,0.355014,0.273935,0.655769,0.607934,0.487188,0.430071,0.521654,0.292987,0.330323,0.317822,0.806530,0.639472,0.985924,0.488774,1.194909,0.792626,0.574669,0.596502,0.584979,0.721704,0.552776,0.407169,0.685515,0.577365,0.379435,0.416211,0.690563,0.462837,0.674038,0.718739,0.728559,0.678877,0.445019,0.338934,0.511278,0.591072,0.717442,0.766112,0.639316,0.667082,0.466560,0.419934,0.542597,0.445518
0.884066,0.751631,0.774413,0.861577,0.360692,0.304411,0.770864,0.878333,0.643418,0.883000,1.000410,0.000000,0.828815,1.197641,0.917057,1.147110,0.650407,0.553964,0.783570,0.891446,0.243117,0.420603,0.460279,0.531172,0.323636,0.412843,0.234338,0.291331,0.559201,0.529427,0.487616,0.586770,0.604776,0.692855,0.365506,0.367946,0.189044,0.207358,0.082412,0.149590,0.327761,0.157036,0.255100,0.188989,0.508888,0.381719,0.168226,0.152007,0.408630,0.461953,0.351202,0.290522,0.255050,0.188312,0.106742,0.158423,0.596704,0.487309,0.651495,0.349857,0.959277,0.801720,0.505549,0.701399,0.662604,0.835568,0.416988,0.314144,0.526624,0.429480,0.596240,0.638636,0.481655,0.558281,0.526842,0.594530,0.610406,0.550640,0.406352,0.237132,0.424190,0.529828,0.647227,0.764635,0.568715,0.758812,0.279024,0.407708,0.375284,0.421963
0.972452,0.737963,0.747921,0.817605,0.555526,0.374814,1.080307,0.691164,1.012417,1.010300,1.114503,0.828815,0.000000,1.154788,1.029900,1.077786,0.717230,0.320038,0.898060,0.885083,0.429905,0.480252,0.495068,0.641180,0.199799,0.545178,0.329138,0.307135,0.512019,0.327640,0.401963,0.462126,0.512039,0.629408,0.447186,0.438526,0.323504,0.157376,0.196414,0.136259,0.205780,0.064916,0.438526,0.378748,0.592661,0.558790,0.393275,0.346723,0.702503,0.649318,0.641265,0.594435,0.559291,0.263693,0.377671,0.365425,0.555471,0.454152,0.886064,0.479272,1.368978,0.875507,0.455835,0.497980,0.962196,1.031864,0.573370,0.431495,0.551043,0.516696,0.251567,0.306601,0.621771,0.422982,0.547845,0.656988,0.675654,0.611029,0.322159,0.149866,0.378091,0.385195,0.730502,0.685314,0.528865,0.626141,0.353595,0.344612,0.697788,0.569100
1.017094,0.751455,0.645975,0.902847,0.371412,0.264470,0.881356,0.939654,0.925041,1.175743,1.094166,1.197641,1.154788,0.000000,0.888265,1.091838,0.609041,0.360247,0.757639,0.815742,0.306264,0.445925,0.450592,0.567884,0.242209,0.411595,0.341365,0.416859,0.458976,0.402619,0.373044,0.482158,0.491994,0.596452,0.352009,0.411497,0.183610,0.140671,0.084229,0.122029,0.268509,0.091608,0.285384,0.260691,0.467800,0.465797,0.209398,0.183855,0.514705,0.587357,0.444209,0.474244,0.386363,0.187339,0.198188,0.205463,0.579428,0.430542,0.874747,0.413284,1.373942,0.970760,0.419108,0.547991,0.712358,1.192517,0.455582,0.357915,0.506332,0.462808,0.476850,0.519856,0.519287,0.475057,0.472824,0.590615,0.669207,0.632421,0.357287,0.174968,0.369230,0.387019,0.620477,0.659785,0.511930,0.675738,0.237913,0.363647,0.505445,0.447727
0.813095,0.710451,0.823414,0.773997,0.458796,0.269715,0.811209,0.492656,0.767816,0.691524,0.857824,0.917057,1.029900,0.888265,0.000000,1.119075,0.831076,0.482666,0.851550,0.856338,0.378441,0.528274,0.652989,0.635774,0.292761,0.566826,0.317834,0.401808,0.742183,0.506776,0.656657,0.717070,0.677863,0.806985,0.494147,0.438547,0.312649,0.287052,0.257868,0.168771,0.314985,0.358972,0.392552,0.266964,0.615168,0.414574,0.336199,0.268213,0.529131,0.422151,0.589914,0.374746,0.456304,0.279808,0.311345,0.283597,0.609080,0.600743,0.623727,0.425234,0.904860,0.730769,0.552688,0.610672,0.889317,0.820894,0.523284,0.388918,0.599729,0.491824,0.393671,0.460784,0.741384,0.552466,0.725444,0.579199,0.696885,0.639254,0.442114,0.243640,0.488684,0.554667,0.842197,0.774643,0.742527,0.869136,0.419055,0.314165,0.575054,0.472923
0.947725,0.734644,0.807855,0.963647,0.615133,0.496417,0.889063,0.843329,0.838535,1.114607,1.002616,1.147110,1.077786,1.091838,1.119075,0.000000,0.789991,0.528475,0.886657,1.030452,0.455429,0.626130,0.580586,0.755738,0.376682,0.653692,0.396802,0.398244,0.657890,0.581837,0.608966,0.747464,0.676778,0.811427,0.567869,0.517180,0.378428,0.315824,0.265108,0.244793,0.373983,0.260398,0.429926,0.354918,0.668516,0.576576,0.396372,0.378971,0.587667,0.645592,0.634800,0.540310,0.535480,0.411647,0.377885,0.441151,0.663362,0.570636,0.776270,0.522160,1.095151,0.989808,0.622117,0.691061,0.977997,1.053226,0.632113,0.571497,0.663299,0.685100,0.305260,0.400045,0.610733,0.609949,0.637353,0.731605,0.839106,0.816205,0.478677,0.318403,0.559869,0.591919,0.894663,1.012645,0.760573,0.936514,0.431700,0.523965,0.705654,0.685230
1.110700,1.169059,0.718715,0.721287,0.512455,0.524787,0.722816,0.571386,0.441926,0.484549,0.852440,0.650407,0.717230,0.609041,0.831076,0.789991,0.000000,0.856626,1.273004,1.255115,0.671086,0.703007,0.539290,0.606133,0.428978,0.705812,0.596439,0.520128,1.218864,0.696668,0.643157,0.797417,1.093500,1.131643,0.580872,0.576359,0.818580,0.572642,0.662289,0.461435,0.618738,0.600518,0.800325,0.621522,0.854142,0.770657,0.827588,0.684457,0.839159,0.633540,0.732220,0.459231,0.872936,0.509727,0.740715,0.685731,1.159625,1.010683,0.941301,0.802276,0.897738,0.789802,1.310162,0.987179,0.658979,0.517741,0.883815,0.699191,1.103068,0.887002,0.191751,0.197663,1.049883,0.640847,0.879531,0.653795,0.869850,0.903081,1.101299,0.590014,1.306160,1.205784,1.057430,1.331874,1.224029,0.953725,0.822602,0.617111,0.770594,0.698463
0.663785,0.774594,0.617950,0.458763,0.303788,0.444172,0.435879,0.444880,0.223192,0.204225,0.507360,0.553964,0.320038,0.360247,0.482666,0.528475,0.856626,0.000000,0.752780,0.792560,0.476657,0.637414,0.441998,0.402403,0.511812,0.489742,0.477285,0.433186,1.014876,1.025822,0.575570,0.770561,1.133427,1.115334,0.417914,0.455649,0.578693,0.802708,0.402951,0.559644,0.790896,0.772653,0.512899,0.427408,0.674236,0.553581,0.429728,0.425917,0.430451,0.443907,0.389877,0.161343,0.369695,0.476968,0.335347,0.480406,0.831413,1.029115,0.630001,0.723901,0.486410,0.584191,0.932209,1.094350,0.360962,0.230726,0.662030,0.585007,0.799134,0.695919,0.214252,0.417451,0.779919,0.922100,0.862526,0.747933,0.747380,0.835404,1.035806,1.093959,1.039593,1.313549,0.560983,0.909042,0.872499,0.692718,0.472473,0.494697,0.385092,0.447023
1.326049,1.219003,1.297150,1.157232,0.646878,0.617631,1.099265,0.762740,0.683689,0.675230,0.956515,0.783570,0.898060,0.757639,0.851550,0.886657,1.273004,0.752780,0.000000,1.913708,0.754088,0.748941,0.890724,1.015260,0.668373,1.005541,0.734074,0.613289,0.862247,0.551165,0.849079,0.958603,1.225778,1.281908,0.850061,0.827462,0.722789,0.454685,0.606280,0.482919,0.630341,0.435760,0.877557,0.697758,1.093555,0.927515,0.764712,0.721449,1.069405,0.786477,0.953739,0.665348,0.825176,0.502789,0.687898,0.672692,1.193321,1.070504,1.067606,0.841065,1.065887,0.787772,0.996774,0.742418,0.984057,0.635769,1.237356,0.928404,1.381839,1.078521,0.322393,0.308365,0.952715,0.587443,0.873019,0.810520,1.023634,0.945500,0.887082,0.482654,1.064824,1.037266,1.291425,1.292107,1.199765,1.144602,0.765568,0.664734,1.033327,0.850659
1.270161,1.281189,1.180229,1.256123,0.733061,0.639364,1.126139,0.863505,0.721099,0.757639,0.954753,0.891446,0.885083,0.815742,0.856338,1.030452,1.255115,0.792560,1.913708,0.000000,0.732980,0.755455,0.771231,0.930822,0.587678,0.956104,0.692894,0.621056,0.837523,0.615830,0.804942,0.900872,1.238301,1.353579,0.808657,0.825015,0.634736,0.442695,0.504120,0.444132,0.533955,0.381538,0.832487,0.657249,1.125376,1.027174,0.734182,0.697512,1.023095,0.869013,0.863383,0.654841,0.768367,0.527257,0.625385,0.670669,1.205967,1.079498,1.045949,0.909750,1.061146,0.895792,1.035174,0.903398,0.972389,0.700675,1.204896,0.974784,1.366093,1.113601,0.391758,0.359629,0.927888,0.656904,0.844092,0.792103,1.028704,0.985663,0.831003,0.491600,1.062629,1.110552,1.259106,1.486291,1.143605,1.199642,0.723182,0.629804,0.919271,0.891372
0.687266,0.544445,0.629030,0.490829,0.667895,0.590117,0.457506,0.317513,0.338539,0.448807,0.439542,0.243117,0.429905,0.306264,0.378441,0.455429,0.671086,0.476657,0.754088,0.732980,0.000000,0.942371,0.603755,0.611732,0.584190,0.746189,0.700069,0.500158,0.559297,0.376623,0.640524,0.713418,0.656548,0.663641,0.549035,0.472360,0.663936,0.473223,0.575072,0.605216,0.475587,0.436686,0.573388,0.470578,0.506848,0.547577,0.577059,0.570925,0.543177,0.375669,0.589506,0.457144,0.585433,0.451475,0.573543,0.585096,0.794403,0.645163,0.569187,0.540798,0.449054,0.290500,0.672004,0.378549,0.414396,0.137450,0.788380,0.721292,0.840886,0.752716,0.102975,0.103890,0.824771,0.348192,0.641627,0.630805,0.641294,0.707704,0.684488,0.476101,0.762616,0.615604,0.622736,0.663999,0.730294,0.602138,0.504874,0.555474,0.606716,0.530876
0.714087,0.596061,0.621059,0.559847,0.549070,0.442222,0.461561,0.397205,0.395139,0.465637,0.456170,0.420603,0.480252,0.445925,0.528274,0.626130,0.703007,0.637414,0.748941,0.755455,0.942371,0.000000,0.595580,0.647244,0.545864,0.764133,0.596866,0.545663,0.624608,0.533172,0.718665,0.763606,0.752182,0.764525,0.532096,0.559529,0.582919,0.669780,0.525068,0.519640,0.546363,0.497438,0.480554,0.406918,0.551813,0.520045,0.471427,0.461259,0.455448,0.396460,0.531274,0.435351,0.467600,0.375154,0.461601,0.514284,0.821245,0.748789,0.582370,0.525929,0.586390,0.497246,0.625642,0.498786,0.500209,0.327764,0.718303,0.677413,0.831472,0.874442,0.219740,0.355612,0.760217,0.536571,0.657301,0.620233,0.739571,0.842886,0.758548,0.561860,0.794378,0.700275,0.686310,0.738999,0.828461,0.747347,0.509799,0.533088,0.558413,0.509679
0.566841,0.481327,1.250475,0.909312,0.523075,0.382087,0.696643,0.436700,0.525025,0.419792,0.433039,0.460279,0.495068,0.450592,0.652989,0.580586,0.539290,0.441998,0.890724,0.771231,0.603755,0.595580,0.000000,1.445443,1.038523,1.139192,0.718248,0.672030,0.482146,0.261226,1.332387,1.218237,0.789489,0.792846,1.013225,0.738411,0.564965,0.247197,0.551556,0.453783,0.633832,0.321109,0.591506,0.441490,0.819700,0.570895,0.451263,0.435355,0.614066,0.339944,0.755993,0.483564,0.409422,0.247783,0.444454,0.348987,0.633299,0.639471,0.414636,0.343298,0.448972,0.280423,0.451306,0.246216,0.889711,0.415255,0.862604,0.695069,0.846502,0.790366,0.310310,0.351299,0.599588,0.256815,0.620097,0.602798,0.681191,0.621349,0.592456,0.319444,0.623978,0.598857,0.922979,0.717243,0.822130,0.924145,0.628493,0.440517,0.780583,0.526330
0.721267,0.590694,1.172251,1.233351,0.612898,0.514607,0.839643,0.629392,0.629680,0.657695,0.572592,0.531172,0.641180,0.567884,0.635774,0.755738,0.606133,0.402403,1.015260,0.930822,0.611732,0.647244,1.445443,0.000000,0.998390,1.274220,0.838609,0.697546,0.467881,0.224299,0.992160,0.978913,0.744489,0.786097,1.029864,0.804048,0.675514,0.234177,0.615552,0.451540,0.591375,0.267547,0.719744,0.593333,0.912810,0.735793,0.593508,0.581603,0.788997,0.556451,0.976247,0.761105,0.610188,0.401464,0.600847,0.513444,0.701045,0.667744,0.564777,0.488997,0.594199,0.443029,0.512724,0.252161,1.057062,0.592339,1.088378,0.977036,0.982566,1.068683,0.220881,0.199314,0.558012,0.263090,0.596694,0.609966,0.746044,0.672248,0.574292,0.306712,0.684100,0.595907,1.133117,0.867429,0.928109,1.090587,0.771909,0.641713,1.106331,0.830512
0.482974,0.394814,0.910649,0.753090,0.462767,0.698149,0.463630,0.522700,0.346400,0.330958,0.206365,0.323636,0.199799,0.242209,0.292761,0.376682,0.428978,0.511812,0.668373,0.587678,0.584190,0.545864,1.038523,0.998390,0.000000,1.033105,0.943008,0.620186,0.364403,0.270805,0.816652,0.885026,0.736656,0.622546,0.925207,0.703117,0.622628,0.407730,0.662054,0.785703,0.791873,0.424068,0.730755,0.644860,0.798646,0.629741,0.625826,0.695515,0.554484,0.347147,0.809062,0.519909,0.482798,0.479185,0.586250,0.537151,0.630912,0.596992,0.364745,0.434000,0.244553,0.198243,0.578194,0.215806,0.634190,0.203195,0.913341,0.904225,0.822754,0.821549,0.041853,0.104609,0.362042,0.249139,0.410494,0.480046,0.514496,0.538574,0.736969,0.385249,0.776685,0.640138,0.675170,0.713427,0.882369,0.903180,0.688376,0.761461,0.747912,0.705269
0.672333,0.586173,1.097259,1.068307,0.789627,0.630192,0.872736,0.628444,0.569399,0.536219,0.398883,0.412843,0.545178,0.411595,0.566826,0.653692,0.705812,0.489742,1.005541,0.956104,0.746189,0.764133,1.139192,1.274220,1.033105,0.000000,0.793782,0.727144,0.545225,0.320925,1.135461,1.050106,0.923520,0.872789,1.164456,0.918866,0.718453,0.319407,0.720027,0.599860,0.561051,0.340678,0.864711,0.686828,1.078410,0.932925,0.786334,0.783836,0.761804,0.543007,1.016698,0.707087,0.652849,0.444045,0.712373,0.636158,0.803892,0.724609,0.522586,0.568233,0.540028,0.461420,0.694472,0.383952,1.079652,0.484254,1.247623,1.114914,1.016132,1.081475,0.090094,0.098854,0.618084,0.374342,0.539208,0.616353,0.710349,0.704219,0.732300,0.309727,0.888207,0.714112,1.119574,0.933232,1.046686,1.102883,0.836973,0.656894,1.084886,0.908730
0.693338,0.618731,0.666576,0.694032,0.668151,0.760907,0.500176,0.483763,0.438895,0.405339,0.372710,0.234338,0.329138,0.341365,0.317834,0.396802,0.596439,0.477285,0.734074,0.692894,0.700069,0.596866,0.718248,0.838609,0.943008,0.793782,0.000000,1.026288,0.419876,0.330941,0.536194,0.694184,0.679397,0.673793,0.702471,0.681913,0.600889,0.266187,0.521450,0.477843,0.534494,0.322824,0.838080,0.671673,0.734004,0.772318,0.767557,0.778706,0.758045,0.554414,0.785596,0.622593,0.719807,0.626117,0.714781,0.610851,0.840902,0.716385,0.675814,0.770580,0.358171,0.406468,0.643616,0.318096,0.486252,0.272974,1.061157,1.108602,1.038325,1.062903,0.033884,0.067518,0.585597,0.297630,0.571603,0.578428,0.642010,0.702842,0.723219,0.435848,0.844734,0.736372,0.750559,0.774361,0.811118,0.774859,0.581789,0.489825,0.788654,0.792613
0.559668,0.464544,0.577943,0.677744,0.681109,0.414411,0.532986,0.509373,0.459401,0.407390,0.347776,0.291331,0.307135,0.416859,0.401808,0.398244,0.520128,0.433186,0.613289,0.621056,0.500158,0.545663,0.672030,0.697546,0.620186,0.727144,1.026288,0.000000,0.472733,0.241790,0.595330,0.673008,0.592614,0.612214,0.509288,0.474807,0.455817,0.074216,0.329194,0.198347,0.397259,0.236210,0.489791,0.309400,0.548865,0.540635,0.417723,0.389107,0.412940,0.283917,0.420485,0.278554,0.366644,0.318088,0.338516,0.207243,0.641280,0.586753,0.421210,0.446808,0.321829,0.372398,0.439377,0.315712,0.468920,0.327431,0.722367,0.704173,0.798585,0.857349,0.153773,0.189113,0.551723,0.241137,0.578721,0.525451,0.609559,0.624665,0.594050,0.309533,0.633592,0.603499,0.675102,0.649039,0.641659,0.653877,0.410737,0.236753,0.561157,0.462388
0.761452,0.764018,0.601972,0.487492,0.355729,0.340423,0.535423,0.412357,0.263577,0.324310,0.724321,0.559201,0.512019,0.458976,0.742183,0.657890,1.218864,1.014876,0.862247,0.837523,0.559297,0.624608,0.482146,0.467881,0.364403,0.545225,0.419876,0.472733,0.000000,0.835870,0.657966,0.819047,0.994870,1.026028,0.379499,0.357201,0.711002,0.657304,0.558577,0.416043,0.785660,0.803391,0.530427,0.398371,0.654118,0.500303,0.524339,0.427695,0.503407,0.370281,0.469862,0.216845,0.529559,0.376106,0.492790,0.461133,0.853603,0.898483,0.615901,0.537078,0.628217,0.567874,0.976534,0.889164,0.465349,0.356422,0.634984,0.490431,0.808554,0.680158,0.166125,0.297792,0.947769,0.704373,0.867370,0.691323,0.800201,0.754833,1.037922,0.760558,1.068770,1.077345,0.754371,0.970894,1.045848,0.760384,0.643434,0.514287,0.515564,0.412416
0.524588,0.628155,0.404075,0.304952,0.214675,0.341834,0.358221,0.373529,0.284920,0.211957,0.427039,0.529427,0.327640,0.402619,0.506776,0.581837,0.696668,1.025822,0.551165,0.615830,0.376623,0.533172,0.261226,0.224299,0.270805,0.320925,0.330941,0.241790,0.835870,0.000000,0.438711,0.635906,0.879437,0.927789,0.274493,0.370776,0.292989,0.790540,0.248770,0.399095,0.570929,0.743568,0.328162,0.311291,0.490738,0.496087,0.293433,0.315284,0.284532,0.394355,0.237615,0.068686,0.253451,0.487582,0.204337,0.361081,0.644372,0.727907,0.573419,0.563170,0.489654,0.624619,0.723134,0.933043,0.269717,0.315823,0.429221,0.402186,0.547504,0.459463,0.178647,0.382116,0.745723,1.061433,0.726115,0.613266,0.615041,0.697914,0.763851,0.952606,0.779044,0.946810,0.442407,0.732517,0.655891,0.582713,0.270266,0.331500,0.205404,0.286156
0.562884,0.510355,1.035140,0.785423,0.550237,0.337317,0.674033,0.413507,0.374110,0.329831,0.436723,0.487616,0.401963,0.373044,0.656657,0.608966,0.643157,0.575570,0.849079,0.804942,0.640524,0.718665,1.332387,0.992160,0.816652,1.135461,0.536194,0.595330,0.657966,0.438711,0.000000,1.622811,0.985501,0.950510,0.944732,0.704964,0.587209,0.386488,0.586995,0.496370,0.697117,0.461704,0.553739,0.378009,0.828469,0.562861,0.432149,0.405555,0.494312,0.299619,0.618313,0.352046,0.358874,0.282545,0.418602,0.361091,0.768217,0.779307,0.373267,0.346047,0.440841,0.336253,0.545707,0.422315,0.760349,0.360573,0.843208,0.682542,0.870173,0.806344,0.336758,0.441248,0.695217,0.419748,0.658163,0.642895,0.767164,0.716545,0.751779,0.477341,0.755305,0.758298,0.859968,0.757687,0.887549,0.958743,0.677997,0.456240,0.643593,0.472875
0.742039,0.638948,1.039153,0.806911,0.542979,0.447560,0.663124,0.513533,0.394898,0.405819,0.564526,0.586770,0.462126,0.482158,0.717070,0.747464,0.797417,0.770561,0.958603,0.900872,0.713418,0.763606,1.218237,0.978913,0.885026,1.050106,0.694184,0.673008,0.819047,0.635906,1.622811,0.000000,1.124763,1.155237,0.897398,0.707735,0.643731,0.490476,0.620504,0.569978,0.900090,0.605939,0.624803,0.435041,0.878228,0.621465,0.516480,0.483599,0.524650,0.346760,0.646895,0.333823,0.452977,0.416147,0.471996,0.416594,0.941036,0.904729,0.536722,0.454818,0.544730,0.458625,0.742363,0.548882,0.699377,0.394247,0.873123,0.716354,0.982141,0.871453,0.327317,0.436782,0.852032,0.593150,0.806502,0.739624,0.909405,0.875751,0.970451,0.617635,0.952601,0.975498,0.879314,0.975199,1.113801,1.095505,0.691224,0.550158,0.670897,0.508980
0.851898,1.015908,1.010097,0.859765,0.504499,0.535972,0.788411,0.629572,0.466865,0.360793,0.580475,0.604776,0.512039,0.491994,0.677863,0.676778,1.093500,1.133427,1.225778,1.238301,0.656548,0.752182,0.789489,0.744489,0.736656,0.923520,0.679397,0.592614,0.994870,0.879437,0.985501,1.124763,0.000000,1.982789,0.889950,0.886833,0.701392,0.745839,0.629457,0.664990,0.862404,0.762017,0.849035,0.699203,1.167462,0.963852,0.688659,0.680747,0.755046,0.621429,0.731870,0.455271,0.581291,0.509269,0.557269,0.610409,1.192845,1.305998,0.766466,0.813946,0.654948,0.683226,1.044492,0.941436,0.718752,0.477648,1.135593,0.930612,1.251120,1.034244,0.298337,0.439671,0.972614,0.874401,0.964341,0.812802,1.026185,1.047637,1.207309,0.792445,1.312911,1.512272,0.931953,1.174455,1.255122,1.207166,0.692512,0.566148,0.710603,0.707720
0.922734,1.128316,0.988752,0.892928,0.560949,0.505334,0.830040,0.648242,0.532530,0.456713,0.703132,0.692855,0.629408,0.596452,0.806985,0.811427,1.131643,1.115334,1.281908,1.353579,0.663641,0.764525,0.792846,0.786097,0.622546,0.872789,0.673793,0.612214,1.026028,0.927789,0.950510,1.155237,1.982789,0.000000,0.806651,0.823300,0.654389,0.651484,0.564241,0.557252,0.780731,0.730932,0.781513,0.624734,1.093634,0.922167,0.639257,0.616172,0.766027,0.673981,0.727626,0.459263,0.601303,0.529078,0.544300,0.589282,1.158151,1.349220,0.846047,0.878084,0.740296,0.802295,1.005329,0.973734,0.726528,0.548996,1.077059,0.883611,1.204866,1.032991,0.347549,0.462851,1.134935,0.915848,1.101814,0.861625,1.120369,1.122617,1.082185,0.788711,1.209875,1.410633,0.958969,1.201988,1.237138,1.196976,0.629435,0.535232,0.722379,0.681858
0.584534,0.543077,1.072703,0.936532,0.606348,0.640339,0.755885,0.513991,0.526852,0.414509,0.363734,0.365506,0.447186,0.352009,0.494147,0.567869,0.580872,0.417914,0.850061,0.808657,0.549035,0.532096,1.013225,1.029864,0.925207,1.164456,0.702471,0.509288,0.379499,0.274493,0.944732,0.897398,0.889950,0.806651,0.000000,1.232387,0.625794,0.409042,0.683981,0.656519,0.573157,0.369795,0.977129,0.865819,1.222105,1.031846,0.801046,0.844165,0.874216,0.568468,1.064965,0.737152,0.672663,0.403983,0.674207,0.725093,0.758525,0.657373,0.549793,0.515450,0.480608,0.375311,0.580710,0.327858,1.016315,0.482815,1.182875,1.033874,0.884274,0.893530,0.154088,0.202078,0.483188,0.332748,0.491763,0.502276,0.689005,0.710662,0.595807,0.288568,0.713139,0.659622,0.894701,0.790894,0.871849,1.090049,0.740070,0.588118,0.949481,0.889664
0.596655,0.582705,0.868921,0.890089,0.519119,0.544345,0.729074,0.549663,0.603334,0.379292,0.329544,0.367946,0.438526,0.411497,0.438547,0.517180,0.576359,0.455649,0.827462,0.825015,0.472360,0.559529,0.738411,0.804048,0.703117,0.918866,0.681913,0.474807,0.357201,0.370776,0.704964,0.707735,0.886833,0.823300,1.232387,0.000000,0.513952,0.471528,0.537204,0.606436,0.477873,0.319593,0.810473,0.782175,1.039591,1.009504,0.687398,0.750529,0.783112,0.622809,0.859040,0.669671,0.597127,0.410169,0.578105,0.720383,0.741587,0.675842,0.599916,0.566852,0.522132,0.485397,0.572340,0.381736,0.874946,0.564931,1.072213,0.992742,0.893413,0.875361,0.200504,0.296009,0.507530,0.463608,0.489519,0.491489,0.732343,0.802752,0.575044,0.390042,0.701399,0.679031,0.781660,0.756273,0.760049,0.970355,0.556153,0.485082,0.872205,0.889838
0.593006,0.536968,0.518103,0.463931,0.378925,0.543240,0.363838,0.303424,0.132426,0.279781,0.419304,0.189044,0.323504,0.183610,0.312649,0.378428,0.818580,0.578693,0.722789,0.634736,0.663936,0.582919,0.564965,0.675514,0.622628,0.718453,0.600889,0.455817,0.711002,0.292989,0.587209,0.643731,0.701392,0.654389,0.625794,0.513952,0.000000,0.524783,1.180857,0.753898,0.832117,0.625192,0.827231,0.697554,0.708329,0.599952,0.861044,0.715012,0.647162,0.367482,0.768801,0.457686,0.778319,0.420218,0.941550,0.746093,0.761044,0.720358,0.500357,0.496540,0.397897,0.257723,0.765081,0.326527,0.469076,0.163258,0.840981,0.723497,0.888405,0.858354,-0.184028,-0.059669,0.623739,0.282123,0.567711,0.472322,0.575589,0.518575,0.956578,0.568897,1.016334,0.764954,0.805229,0.707536,0.959148,0.626892,1.032829,0.843959,0.905253,0.572752
0.404284,0.421226,0.373404,0.196547,0.136572,0.389370,0.220472,0.184359,0.106900,0.065002,0.208472,0.207358,0.157376,0.140671,0.287052,0.315824,0.572642,0.802708,0.454685,0.442695,0.473223,0.669780,0.247197,0.234177,0.407730,0.319407,0.266187,0.074216,0.657304,0.790540,0.386488,0.490476,0.745839,0.651484,0.409042,0.471528,0.524783,0.000000,0.598855,0.875146,0.793112,0.981379,0.457038,0.545123,0.495669,0.432284,0.450650,0.489141,0.343895,0.320721,0.392627,0.222738,0.391067,0.439630,0.414953,0.652949,0.575989,0.618360,0.452995,0.429620,0.332855,0.305281,0.613456,0.580195,0.244288,0.089992,0.490278,0.458213,0.539188,0.508950,-0.055296,0.226887,0.519505,0.750527,0.528128,0.439339,0.520924,0.643333,0.746965,0.869678,0.761593,0.797034,0.358032,0.600869,0.693505,0.552119,0.435975,0.640373,0.301948,0.372165
0.437236,0.435290,0.447111,0.412426,0.317372,0.487628,0.272558,0.235562,0.095134,0.201637,0.204819,0.082412,0.196414,0.084229,0.257868,0.265108,0.662289,0.402951,0.606280,0.504120,0.575072,0.525068,0.551556,0.615552,0.662054,0.720027,0.521450,0.329194,0.558577,0.248770,0.586995,0.620504,0.629457,0.564241,0.683981,0.537204,1.180857,0.598855,0.000000,0.996147,0.828330,0.742274,0.816907,0.757048,0.652831,0.562083,0.882738,0.803374,0.560821,0.258071,0.827009,0.475188,0.785639,0.417783,1.088364,0.798537,0.621594,0.605524,0.379771,0.417799,0.288800,0.164253,0.677440,0.199119,0.440429,0.087000,0.756742,0.667620,0.713792,0.697284,-0.177750,-0.137974,0.496479,0.228800,0.376390,0.288979,0.459319,0.411452,0.876205,0.401329,0.936290,0.625804,0.673670,0.609021,0.972023,0.675729,0.983371,0.913115,0.856937,0.575071
0.435019,0.393425,0.470228,0.375864,0.282183,0.603238,0.279024,0.337417,0.144866,0.213718,0.132256,0.149590,0.136259,0.122029,0.168771,0.244793,0.461435,0.559644,0.482919,0.444132,0.605216,0.519640,0.453783,0.451540,0.785703,0.599860,0.477843,0.198347,0.416043,0.399095,0.496370,0.569978,0.664990,0.557252,0.656519,0.606436,0.753898,0.875146,0.996147,0.000000,0.814130,0.770784,0.674809,0.760350,0.611852,0.563879,0.662802,0.723833,0.442582,0.294750,0.656935,0.445525,0.555719,0.451833,0.702006,0.789841,0.586536,0.536109,0.391892,0.414913,0.261569,0.199291,0.643275,0.295636,0.356226,0.086775,0.674436,0.643262,0.600785,0.573244,-0.149657,-0.033387,0.421060,0.425919,0.364967,0.389806,0.423517,0.497169,0.741492,0.538490,0.788495,0.649865,0.462869,0.591093,0.804866,0.633280,0.678088,0.944809,0.580863,0.585252
0.540374,0.474859,0.584903,0.466263,0.127161,0.369896,0.360927,0.408238,0.082598,0.155813,0.402029,0.327761,0.205780,0.268509,0.314985,0.373983,0.618738,0.790896,0.630341,0.533955,0.475587,0.546363,0.633832,0.591375,0.791873,0.561051,0.534494,0.397259,0.785660,0.570929,0.697117,0.900090,0.862404,0.780731,0.573157,0.477873,0.832117,0.793112,0.828330,0.814130,0.000000,0.982659,0.545544,0.502686,0.610748,0.436238,0.490609,0.462961,0.402652,0.238681,0.539275,0.264597,0.446228,0.340681,0.536893,0.471354,0.705956,0.729483,0.443533,0.389460,0.351641,0.288904,0.719522,0.429425,0.357241,0.157118,0.642787,0.553067,0.716815,0.681166,0.063377,0.220182,0.600671,0.548112,0.606190,0.553586,0.642007,0.632279,1.071713,0.726086,0.952466,0.885948,0.535473,0.672602,1.026289,0.771958,0.678522,0.752777,0.545428,0.409128
0.389265,0.458362,0.325599,0.183944,0.052508,0.237939,0.152722,0.114144,-0.004619,-0.000820,0.221184,0.157036,0.064916,0.091608,0.358972,0.260398,0.600518,0.772653,0.435760,0.381538,0.436686,0.497438,0.321109,0.267547,0.424068,0.340678,0.322824,0.236210,0.803391,0.743568,0.461704,0.605939,0.762017,0.730932,0.369795,0.319593,0.625192,0.981379,0.742274,0.770784,0.982659,0.000000,0.455622,0.450122,0.459857,0.336309,0.421474,0.399558,0.276329,0.180811,0.389846,0.156783,0.377520,0.383727,0.464346,0.471023,0.571687,0.690242,0.363115,0.401890,0.215057,0.222671,0.674149,0.490886,0.148612,0.018073,0.440418,0.385659,0.518772,0.445005,-0.025344,0.119075,0.633343,0.599529,0.643646,0.383400,0.496627,0.541004,0.855018,0.746338,0.816896,0.790159,0.387365,0.526043,0.845791,0.596650,0.505368,0.545816,0.317706,0.271029
0.693691,0.737519,0.703687,0.670096,0.554407,0.783341,0.587143,0.443219,0.327515,0.393740,0.428597,0.255100,0.438526,0.285384,0.392552,0.429926,0.800325,0.512899,0.877557,0.832487,0.573388,0.480554,0.591506,0.719744,0.730755,0.864711,0.838080,0.489791,0.530427,0.328162,0.553739,0.624803,0.849035,0.781513,0.977129,0.810473,0.827231,0.457038,0.816907,0.674809,0.545544,0.455622,0.000000,1.724317,1.344219,1.271114,1.866704,1.743878,1.347800,0.828705,1.280856,0.838060,1.214710,0.769448,1.194479,1.120036,0.895508,0.748994,0.754715,0.768567,0.472894,0.389975,0.841211,0.423168,0.638403,0.305252,1.167578,1.034554,0.942341,0.862409,-0.061201,-0.060866,0.518841,0.320708,0.484967,0.497597,0.601666,0.614928,0.748281,0.389469,0.984947,0.797743,0.839467,0.840390,0.987133,0.839689,0.913147,0.729252,0.935809,0.906606
0.577196,0.592656,0.554467,0.546313,0.387769,0.750921,0.494575,0.407667,0.289577,0.373451,0.342118,0.188989,0.378748,0.260691,0.266964,0.354918,0.621522,0.427408,0.697758,0.657249,0.470578,0.406918,0.441490,0.593333,0.644860,0.686828,0.671673,0.309400,0.398371,0.311291,0.378009,0.435041,0.699203,0.624734,0.865819,0.782175,0.697554,0.545123,0.757048,0.760350,0.502686,0.450122,1.724317,0.000000,1.080747,1.160115,1.480330,1.649561,1.173876,0.837442,1.196056,0.915450,1.108313,0.734431,1.091091,1.212308,0.705051,0.562550,0.720553,0.656571,0.440134,0.362691,0.708652,0.349309,0.554364,0.305926,0.957071,0.909197,0.710930,0.684895,-0.152755,-0.124345,0.383503,0.289859,0.355437,0.449331,0.474114,0.537495,0.599648,0.354993,0.792892,0.623723,0.627660,0.670774,0.780010,0.719517,0.702926,0.756592,0.804224,0.874590
0.767762,0.853692,1.030616,1.001071,0.607971,0.697902,0.863355,0.636261,0.547610,0.486926,0.554607,0.508888,0.592661,0.467800,0.615168,0.668516,0.854142,0.674236,1.093555,1.125376,0.506848,0.551813,0.819700,0.912810,0.798646,1.078410,0.734004,0.548865,0.654118,0.490738,0.828469,0.878228,1.167462,1.093634,1.222105,1.039591,0.708329,0.495669,0.652831,0.611852,0.610748,0.459857,1.344219,1.080747,0.000000,1.527832,1.080581,1.035442,1.212421,0.878685,1.185062,0.740860,0.832240,0.658502,0.844128,0.869095,0.947329,0.912754,0.780954,0.791605,0.633591,0.568304,0.862174,0.601409,0.961076,0.530979,1.361423,1.108745,1.104378,0.962296,0.164751,0.233941,0.615913,0.516413,0.638722,0.623074,0.777210,0.757470,0.784404,0.474319,1.010542,0.978039,1.011338,1.065781,1.084433,1.131161,0.896597,0.642838,0.964946,0.891771
0.713763,0.821189,0.773586,0.909558,0.648676,0.757830,0.836576,0.699199,0.611284,0.521936,0.469817,0.381719,0.558790,0.465797,0.414574,0.576576,0.770657,0.553581,0.927515,1.027174,0.547577,0.520045,0.570895,0.735793,0.629741,0.932925,0.772318,0.540635,0.500303,0.496087,0.562861,0.621465,0.963852,0.922167,1.031846,1.009504,0.599952,0.432284,0.562083,0.563879,0.436238,0.336309,1.271114,1.160115,1.527832,0.000000,1.091509,1.141126,1.207917,1.097691,1.022224,0.858346,0.868801,0.685072,0.801717,0.883198,0.863465,0.766642,0.848869,0.903844,0.619583,0.627265,0.783467,0.598793,0.809844,0.563701,1.314238,1.246342,0.969890,0.944828,0.105635,0.096947,0.588379,0.475098,0.511031,0.567109,0.734402,0.754095,0.692939,0.419209,0.918777,0.834335,0.870609,0.960236,0.873690,0.942019,0.718862,0.585943,0.885348,0.950810
0.616180,0.641202,0.533954,0.565348,0.560325,0.890706,0.482805,0.411186,0.268961,0.383892,0.355014,0.168226,0.393275,0.209398,0.336199,0.396372,0.827588,0.429728,0.764712,0.734182,0.577059,0.471427,0.451263,0.593508,0.625826,0.786334,0.767557,0.417723,0.524339,0.293433,0.432149,0.516480,0.688659,0.639257,0.801046,0.687398,0.861044,0.450650,0.882738,0.662802,0.490609,0.421474,1.866704,1.480330,1.080581,1.091509,0.000000,1.941247,1.167362,0.740715,1.224449,0.780881,1.436198,0.762352,1.487671,1.274604,0.789687,0.632633,0.678284,0.746599,0.440552,0.393475,0.936083,0.404239,0.582133,0.252785,1.001906,0.934093,0.815402,0.782200,-0.181062,-0.205756,0.476545,0.281660,0.389684,0.407240,0.489361,0.526473,0.745810,0.328221,1.000175,0.719198,0.774852,0.823361,0.952249,0.712464,0.945108,0.798143,0.941032,0.914393
0.579385,0.584731,0.568218,0.557302,0.573890,0.977051,0.501361,0.445874,0.308590,0.374797,0.273935,0.152007,0.346723,0.183855,0.268213,0.378971,0.684457,0.425917,0.721449,0.697512,0.570925,0.461259,0.435355,0.581603,0.695515,0.783836,0.778706,0.389107,0.427695,0.315284,0.405555,0.483599,0.680747,0.616172,0.844165,0.750529,0.715012,0.489141,0.803374,0.723833,0.462961,0.399558,1.743878,1.649561,1.035442,1.141126,1.941247,0.000000,1.128426,0.814299,1.226003,0.847149,1.267251,0.867080,1.264036,1.358537,0.736156,0.584449,0.679446,0.771389,0.402818,0.389114,0.838091,0.395369,0.586794,0.252999,1.028405,1.030025,0.775720,0.772499,-0.186060,-0.209577,0.406370,0.304968,0.369890,0.445786,0.501524,0.577806,0.676420,0.318647,0.914654,0.671320,0.698083,0.791814,0.861479,0.730808,0.748411,0.789476,0.901867,0.988535
0.888951,0.935109,0.830911,0.837478,0.551610,0.684426,0.843750,0.543711,0.562340,0.574709,0.655769,0.408630,0.702503,0.514705,0.529131,0.587667,0.839159,0.430451,1.069405,1.023095,0.543177,0.455448,0.614066,0.788997,0.554484,0.761804,0.758045,0.412940,0.503407,0.284532,0.494312,0.524650,0.755046,0.766027,0.874216,0.783112,0.647162,0.343895,0.560821,0.442582,0.402652,0.276329,1.347800,1.173876,1.212421,1.207917,1.167362,1.128426,0.000000,1.255297,1.407012,1.098924,1.296143,0.665441,1.017596,1.035595,0.876365,0.722991,1.115728,0.959300,0.744960,0.587879,0.769483,0.505389,0.794233,0.525722,1.235235,1.027797,0.955393,0.845302,0.089391,0.046305,0.577002,0.321466,0.499095,0.565348,0.702560,0.681183,0.560818,0.290976,0.776256,0.666708,0.947317,0.869634,0.835251,0.827865,0.765856,0.611398,1.007721,0.943618
