0.000000,1.208726,0.374944,0.252914,0.078258,0.469675,0.276007,0.200222,0.298462,0.322989,0.456168,0.263507,0.423080,0.368126,0.383857,0.280669,0.684901,0.542381,0.900411,0.657230,0.118601,0.220577,0.162575,0.075790,0.030592,0.125339,0.209062,0.265720,0.693223,0.452666,0.351765,0.230715,0.721583,0.653313,0.181177,0.154239,0.114463,-0.044626,0.306448,0.119300,0.118136,0.075707,0.471176,0.419235,0.535962,0.467770,0.512359,0.475158,0.404543,0.468283,0.461721,0.436634,0.550337,0.609636,0.579097,0.504221,0.932502,0.912626,0.849034,0.523565,0.708278,0.370353,0.645587,0.601792,0.182445,0.062915,0.855360,0.395416,0.552746,0.521303,0.054564,0.107951,0.462817,0.315748,0.248228,0.199243,0.317909,0.365606,0.731910,0.598563,0.744565,0.854620,0.307173,0.447452,0.643254,0.498660,0.384705,0.162910,0.518323,0.792109
1.208726,0.000000,0.151029,0.154577,-0.056516,0.315876,0.062966,0.114448,0.040446,0.226598,0.250355,0.191779,0.326775,0.295891,0.189065,0.170097,0.848715,0.928446,0.891370,0.923083,0.052943,0.247285,0.043593,-0.052461,-0.071097,-0.028634,0.019977,0.086425,0.774170,0.742935,0.244605,0.182614,0.782839,0.839073,0.064009,0.036675,0.042815,0.062161,0.167592,0.158404,0.215683,0.136604,0.482134,0.455700,0.534054,0.525947,0.558017,0.522196,0.518569,0.642055,0.581286,0.597150,0.725171,0.803250,0.630573,0.670880,1.115559,1.472120,0.641779,0.602083,0.545044,0.346936,0.884153,0.973481,0.027120,-0.073173,0.867352,0.279881,0.719737,0.663945,0.036032,0.118945,0.412744,0.524561,0.268245,0.320467,0.259251,0.351260,0.883907,0.674881,1.058806,1.044090,0.215953,0.299269,0.606461,0.581051,0.237445,0.044968,0.356640,0.657101
0.374944,0.151029,0.000000,1.271711,0.657597,0.840122,1.461193,1.013097,1.037978,0.781757,0.904856,0.876710,0.653369,0.794077,0.955100,0.948636,0.127748,-0.142480,0.439613,0.047777,0.351996,0.689802,1.464040,1.152521,0.764782,0.800823,0.583029,0.586074,0.297087,0.063263,1.135111,1.078737,0.450813,0.404500,0.704340,0.620724,0.193113,0.138170,0.409279,0.325708,0.157517,0.107792,0.314955,0.229340,0.257021,0.243069,0.191629,0.183554,0.104913,0.148361,0.288096,0.101113,0.189966,0.106798,0.486797,0.310861,-0.079586,-0.067052,0.747713,0.324814,0.752609,0.598895,-0.161582,-0.255431,0.960728,0.847747,0.406931,0.616778,-0.187043,-0.169013,0.124693,0.287400,0.841975,0.379208,0.543824,0.416815,0.490160,0.670620,0.061039,0.200011,0.041747,0.223859,0.549249,0.695355,0.584003,0.348832,0.643595,0.600105,1.016123,0.704451
0.252914,0.154577,1.271711,0.000000,0.729243,0.935434,1.014681,1.319885,0.864773,0.981191,0.605543,0.973400,0.466258,0.820861,0.702852,0.938090,0.016759,-0.161924,0.297333,0.099679,0.306909,0.734826,1.184384,1.423508,0.810042,0.860976,0.444516,0.429668,0.158939,0.085723,1.044648,1.103698,0.347288,0.428001,0.634924,0.651443,0.095510,0.165194,0.312716,0.282508,0.149877,0.217544,0.308406,0.174777,0.162215,0.210533,0.196245,0.164387,0.086234,0.161945,0.334761,0.170978,0.239027,0.164906,0.484076,0.327782,-0.140829,-0.091451,0.540263,0.506748,0.519821,0.762440,-0.161781,-0.254713,0.752985,0.850310,0.370634,0.741683,-0.188074,-0.105878,0.169231,0.295298,0.686157,0.429338,0.479748,0.394983,0.392466,0.680721,-0.000444,0.135886,0.038256,0.174858,0.607604,0.711405,0.518542,0.437861,0.612792,0.515697,0.973640,0.687294
0.078258,-0.056516,0.657597,0.729243,0.000000,0.626881,0.616405,0.579072,0.765064,0.439922,0.476429,0.493363,0.312178,0.329360,0.479986,0.436614,-0.060233,-0.218477,0.187286,-0.007071,0.333305,0.443423,0.810496,0.641691,0.801537,0.814291,0.526171,0.338328,0.084484,0.025792,0.644231,0.628426,0.133445,0.160932,0.479493,0.516326,0.238946,0.221355,0.338907,0.351187,0.241274,0.170018,0.114855,0.014972,-0.081138,-0.077329,-0.003803,0.001521,-0.213111,-0.108519,0.045364,-0.059691,-0.002625,-0.060807,0.278076,0.125078,-0.219488,-0.192264,0.358495,0.118266,0.368710,0.392371,-0.218634,-0.297042,0.703423,0.668971,0.111822,0.376351,-0.117712,-0.125631,-0.000599,0.188876,0.479376,0.287890,0.288163,0.185351,0.353983,0.459556,-0.073719,0.143691,-0.046369,0.064934,0.631908,0.479977,0.343226,0.275806,0.531266,0.495355,0.567981,0.324816
0.469675,0.315876,0.840122,0.935434,0.626881,0.000000,0.733232,0.790702,0.675147,0.842513,0.617386,0.721241,0.663774,0.743039,0.989198,1.030711,0.325833,0.109180,0.451983,0.331761,0.499855,0.605183,0.769278,0.901329,0.590413,0.632791,0.623849,0.754095,0.421418,0.258449,0.773228,0.762465,0.442214,0.507309,0.511048,0.612473,0.183586,0.223336,0.490068,0.408702,0.271018,0.371958,0.572796,0.448332,0.354763,0.419751,0.461126,0.469124,0.267043,0.323509,0.458572,0.314067,0.400454,0.318339,0.699584,0.514494,0.033524,0.111368,0.619297,0.464174,0.592634,0.668777,0.161106,0.046032,0.474249,0.481575,0.466075,0.683620,0.041676,0.122488,0.139922,0.184863,0.667649,0.381460,0.481532,0.358532,0.574935,0.763674,0.364430,0.421489,0.279766,0.403681,0.684792,0.953942,0.628720,0.424805,0.656428,0.491914,0.939620,0.725312
0.276007,0.062966,1.461193,1.014681,0.616405,0.733232,0.000000,1.209163,1.133134,0.863108,0.880306,0.984437,0.831251,1.043253,0.885661,1.040689,0.095557,-0.125295,0.324626,0.008946,0.316260,0.668848,1.111863,0.917743,0.627094,0.604540,0.466663,0.503531,0.329435,0.072350,1.102551,0.959800,0.445015,0.413757,0.703599,0.650891,0.212253,0.163896,0.384705,0.272922,0.164328,0.009094,0.358236,0.291873,0.224627,0.234609,0.229575,0.235811,0.102688,0.162926,0.225331,0.065173,0.073048,0.021802,0.384035,0.193839,-0.170895,-0.150464,0.695794,0.367588,0.848681,0.761446,-0.170648,-0.252535,0.818516,0.825501,0.370478,0.632293,-0.286997,-0.185976,0.131698,0.288892,0.831326,0.428599,0.567309,0.436946,0.486270,0.650656,-0.002765,0.144939,-0.018985,0.174724,0.423360,0.565746,0.456280,0.244271,0.429972,0.429331,0.810660,0.579412
0.200222,0.114448,1.013097,1.319885,0.579072,0.790702,1.209163,0.000000,0.781543,1.171976,0.514352,1.015198,0.551424,1.104841,0.607270,1.005554,0.006930,-0.074257,0.263152,0.128818,0.263624,0.610633,0.916619,1.044495,0.536620,0.523393,0.246961,0.337727,0.202668,0.139395,1.051718,0.943473,0.475762,0.535729,0.649746,0.638911,-0.021987,0.047396,0.169891,0.148974,0.145865,0.042212,0.407271,0.333675,0.223684,0.277734,0.269603,0.263069,0.128970,0.225622,0.253997,0.132839,0.135387,0.124968,0.341038,0.186508,-0.180145,-0.119227,0.444477,0.475349,0.591676,0.969683,-0.114855,-0.214318,0.577667,0.735118,0.363392,0.749258,-0.215418,-0.090404,0.037519,0.163495,0.646298,0.467066,0.444081,0.467766,0.450610,0.610974,0.022671,0.095843,0.006820,0.169121,0.344219,0.541582,0.345157,0.269300,0.386570,0.321858,0.656386,0.487302
0.298462,0.040446,1.037978,0.864773,0.765064,0.675147,1.133134,0.781543,0.000000,0.841835,0.574453,0.557229,0.481196,0.586779,0.705819,0.707589,-0.008853,-0.221162,0.281549,-0.018396,0.228533,0.541147,0.742689,0.713288,0.545225,0.636817,0.518551,0.522985,0.170355,-0.034804,0.767522,0.649613,0.264213,0.223523,0.601871,0.531521,0.268362,0.061369,0.500978,0.236539,0.097382,0.106287,0.183602,0.073670,0.076416,0.054169,0.069519,0.073753,-0.076651,-0.033023,0.053086,-0.110317,0.033483,-0.036556,0.295253,0.135695,-0.074561,-0.103716,0.582142,0.315578,0.604244,0.602074,-0.229392,-0.261738,0.651549,0.683138,0.275734,0.506862,-0.197524,-0.131170,0.241109,0.315172,0.566249,0.269447,0.388443,0.231880,0.324386,0.496085,-0.004913,0.072481,-0.057563,0.095570,0.478200,0.489917,0.313832,0.137436,0.514816,0.362611,0.771144,0.558924
0.322989,0.226598,0.781757,0.981191,0.439922,0.842513,0.863108,1.171976,0.841835,0.000000,0.425792,0.676700,0.515632,0.942346,0.594346,0.962162,0.100018,-0.016643,0.287841,0.186313,0.126405,0.500486,0.555168,0.800373,0.367246,0.408937,0.137058,0.271036,0.223244,0.127105,0.640114,0.590739,0.336603,0.425111,0.393159,0.424862,-0.082749,-0.054368,0.147213,0.053256,0.129654,0.037171,0.352130,0.292603,0.193650,0.196579,0.297640,0.305748,0.163824,0.239253,0.262109,0.129788,0.296006,0.248140,0.360424,0.224464,0.049812,0.080772,0.530793,0.594266,0.571422,0.860383,0.050217,-0.045340,0.404014,0.571543,0.358924,0.525904,-0.034279,0.070774,0.148978,0.181895,0.554330,0.428513,0.400544,0.317663,0.323718,0.529900,0.152237,0.107313,0.168495,0.278138,0.347201,0.554297,0.365941,0.269001,0.371731,0.220563,0.685421,0.571232
0.456168,0.250355,0.904856,0.605543,0.476429,0.617386,0.880306,0.514352,0.574453,0.425792,0.000000,0.923438,1.090582,0.674858,1.047112,0.757358,0.387890,0.041561,0.503300,0.043530,0.307373,0.518706,0.814752,0.534482,0.541172,0.415012,0.472039,0.427620,0.478656,0.135762,0.619699,0.729261,0.386632,0.290015,0.456698,0.490009,0.273249,0.320285,0.343128,0.439677,0.228928,0.093345,0.282680,0.246722,0.169956,0.159229,0.157276,0.212349,0.049933,0.138634,0.270072,0.133328,0.168132,0.131144,0.447110,0.311709,0.014210,0.040240,0.858837,0.301066,0.969419,0.486216,-0.026927,-0.074817,0.816707,0.627004,0.357237,0.397085,-0.087040,-0.056853,0.105075,0.323624,0.840820,0.459181,0.596798,0.453522,0.508111,0.560950,0.063324,0.208285,0.218043,0.269499,0.601841,0.655893,0.793657,0.439177,0.596313,0.704605,0.789834,0.716381
0.263507,0.191779,0.876710,0.973400,0.493363,0.721241,0.984437,1.015198,0.557229,0.676700,0.923438,0.000000,0.823466,1.121201,0.810864,1.126464,0.218925,0.015766,0.280887,0.094319,0.252217,0.625120,0.898891,0.847751,0.592706,0.523958,0.404193,0.383457,0.396986,0.281902,0.830974,1.000669,0.417362,0.468851,0.517796,0.570742,0.197871,0.376585,0.241306,0.382114,0.306957,0.130586,0.445000,0.399052,0.187316,0.288266,0.278770,0.315411,0.152573,0.262168,0.436941,0.296369,0.261329,0.229375,0.505350,0.370592,-0.183579,-0.126610,0.553441,0.515215,0.694703,0.860306,-0.080244,-0.174417,0.684994,0.764244,0.347889,0.647052,-0.220052,-0.117686,0.144350,0.350939,0.874264,0.585163,0.692173,0.566802,0.524943,0.683674,0.035795,0.171081,0.132214,0.216069,0.553281,0.706709,0.593466,0.511419,0.403080,0.553823,0.629679,0.546691
0.423080,0.326775,0.653369,0.466258,0.312178,0.663774,0.831251,0.551424,0.481196,0.515632,1.090582,0.823466,0.000000,1.036382,1.053505,0.892683,0.573418,0.282293,0.396099,0.207560,0.292977,0.514806,0.559308,0.477162,0.270687,0.192811,0.332158,0.412691,0.723682,0.371064,0.546015,0.577870,0.486010,0.478233,0.297262,0.461231,0.273092,0.349388,0.286374,0.350528,0.346343,0.109158,0.637420,0.571588,0.278282,0.369845,0.463112,0.545004,0.308784,0.391058,0.499867,0.393038,0.362789,0.332372,0.607951,0.464152,0.034788,0.154204,0.751668,0.409373,0.991203,0.641220,0.290316,0.209277,0.417590,0.322364,0.458138,0.416093,-0.058291,0.047104,0.089617,0.259783,0.819012,0.592970,0.595858,0.453033,0.652089,0.757251,0.201914,0.350641,0.305461,0.406684,0.504765,0.621087,0.720063,0.411324,0.421147,0.384892,0.624906,0.571052
0.368126,0.295891,0.794077,0.820861,0.329360,0.743039,1.043253,1.104841,0.586779,0.942346,0.674858,1.121201,1.036382,0.000000,0.768480,1.183243,0.270245,0.125158,0.316510,0.246221,0.197462,0.545664,0.675316,0.744553,0.351583,0.361376,0.268981,0.338045,0.466074,0.305199,0.754690,0.678069,0.536005,0.643129,0.431028,0.556637,0.112155,0.224452,0.214742,0.168090,0.210031,0.039067,0.622624,0.548557,0.299087,0.399565,0.471042,0.444858,0.302878,0.396940,0.467053,0.362433,0.377104,0.329145,0.554948,0.347835,-0.063193,0.053096,0.586849,0.679738,0.791939,1.143788,0.155229,0.068691,0.402895,0.528907,0.464445,0.616628,-0.098832,0.051485,0.088559,0.261105,0.850107,0.647757,0.559300,0.506158,0.545724,0.840836,0.156712,0.256167,0.189603,0.346840,0.440122,0.639264,0.537461,0.394817,0.334409,0.279884,0.618915,0.535114
0.383857,0.189065,0.955100,0.702852,0.479986,0.989198,0.885661,0.607270,0.705819,0.594346,1.047112,0.810864,1.053505,0.768480,0.000000,1.058836,0.343377,0.038885,0.372407,0.078651,0.603996,0.671020,0.858514,0.789534,0.456133,0.472429,0.741168,0.835188,0.424088,0.188437,0.713620,0.804205,0.382790,0.344537,0.458020,0.552077,0.380908,0.321825,0.539294,0.466332,0.285254,0.260929,0.491615,0.382288,0.249731,0.294393,0.315412,0.356627,0.158381,0.167612,0.369941,0.175765,0.237064,0.137056,0.589322,0.415655,-0.045661,0.007814,0.673750,0.221916,0.842657,0.607813,0.040330,-0.045443,0.662633,0.531796,0.333167,0.471975,-0.151627,-0.068577,0.171313,0.307903,0.773663,0.361587,0.495347,0.369716,0.651003,0.736156,0.160159,0.315750,0.171369,0.276905,0.718947,0.839928,0.701894,0.335432,0.748419,0.681459,0.912758,0.655503
0.280669,0.170097,0.948636,0.938090,0.436614,1.030711,1.040689,1.005554,0.707589,0.962162,0.757358,1.126464,0.892683,1.183243,1.058836,0.000000,0.221931,0.030958,0.314486,0.123086,0.359390,0.653254,0.812657,1.021140,0.526603,0.499250,0.476199,0.585196,0.428894,0.225957,0.771500,0.881793,0.376426,0.414862,0.466577,0.596144,0.141125,0.251305,0.330463,0.381552,0.185580,0.205862,0.490471,0.455657,0.226560,0.310485,0.328279,0.369952,0.210101,0.262810,0.416038,0.243579,0.318614,0.246922,0.520364,0.413053,-0.130442,-0.059715,0.575530,0.499666,0.681441,0.824758,0.018776,-0.086128,0.529193,0.636669,0.322985,0.545351,-0.162727,-0.040848,0.156661,0.298758,0.815190,0.468884,0.678569,0.553555,0.577584,0.705238,0.145009,0.192230,0.150557,0.283792,0.515594,0.910582,0.492039,0.343589,0.385370,0.512490,0.718782,0.637429
0.684901,0.848715,0.127748,0.016759,-0.060233,0.325833,0.095557,0.006930,-0.008853,0.100018,0.387890,0.218925,0.573418,0.270245,0.343377,0.221931,0.000000,1.160836,0.747820,0.870499,0.075379,0.278399,0.027377,-0.041822,-0.070057,-0.198434,0.137908,0.279728,1.198215,0.968321,0.189724,0.184039,0.643770,0.685334,0.040908,0.076578,0.164467,0.230741,0.181447,0.281064,0.417167,0.228586,0.716336,0.698018,0.593249,0.618152,0.654379,0.749083,0.535798,0.609523,0.525382,0.480224,0.615528,0.616191,0.637048,0.698308,0.571504,0.765635,0.468111,0.300246,0.449179,0.174080,0.987419,0.872492,-0.030068,-0.213633,0.598441,0.187836,0.522431,0.549801,0.068897,0.122632,0.347758,0.434805,0.410934,0.257514,0.405296,0.445566,0.867694,0.817324,1.022335,0.872729,0.290427,0.407304,0.623001,0.469291,0.260314,0.126520,0.278842,0.441104
0.542381,0.928446,-0.142480,-0.161924,-0.218477,0.109180,-0.125295,-0.074257,-0.221162,-0.016643,0.041561,0.015766,0.282293,0.125158,0.038885,0.030958,1.160836,0.000000,0.623936,1.076545,0.036426,0.161875,-0.220638,-0.287581,-0.281135,-0.373501,-0.107242,0.058306,0.968613,1.173467,0.090419,0.040368,0.683783,0.781414,-0.062046,-0.060260,0.041635,0.106303,0.042234,0.173652,0.306183,0.196843,0.575370,0.625656,0.555030,0.601695,0.594640,0.638263,0.570104,0.659592,0.436569,0.493208,0.496833,0.621946,0.441318,0.555855,0.755397,1.006085,0.203549,0.202870,0.258738,0.087776,1.228480,1.263049,-0.237531,-0.402774,0.524439,0.081029,0.670584,0.691429,-0.074087,0.003474,0.176079,0.439756,0.213362,0.271450,0.247342,0.266042,0.985298,0.813151,1.025463,0.947827,0.033330,0.170881,0.337368,0.397131,0.009885,-0.070392,-0.030336,0.253647
0.900411,0.891370,0.439613,0.297333,0.187286,0.451983,0.324626,0.263152,0.281549,0.287841,0.503300,0.280887,0.396099,0.316510,0.372407,0.314486,0.747820,0.623936,0.000000,1.005300,0.083175,0.323960,0.274402,0.157203,0.066281,0.128422,0.229963,0.365992,0.837186,0.600041,0.474190,0.343313,0.760232,0.662319,0.210391,0.185065,0.055600,0.022280,0.219498,0.232176,0.120124,0.133229,0.418943,0.416393,0.413487,0.355716,0.346320,0.340735,0.263343,0.324671,0.196522,0.156047,0.461383,0.411024,0.460031,0.458618,0.525239,0.667352,0.503462,0.279697,0.471165,0.235151,0.479828,0.454483,0.113075,-0.010159,0.506426,0.137134,0.609588,0.533992,0.110644,0.213340,0.483896,0.409737,0.363787,0.373296,0.395946,0.442891,0.653475,0.554391,0.565561,0.682016,0.272114,0.511658,0.368700,0.223149,0.308209,0.229871,0.473334,0.501509
0.657230,0.923083,0.047777,0.099679,-0.007071,0.331761,0.008946,0.128818,-0.018396,0.186313,0.043530,0.094319,0.207560,0.246221,0.078651,0.123086,0.870499,1.076545,1.005300,0.000000,0.014875,0.156156,-0.043438,-0.020736,-0.152390,-0.095401,0.047886,0.212360,0.811158,0.904777,0.238452,0.082106,0.657987,0.809920,0.020456,0.074641,-0.008522,0.044698,0.096890,0.086349,0.214414,0.206536,0.591598,0.546126,0.519170,0.534058,0.571806,0.534556,0.473427,0.516419,0.310495,0.359165,0.576268,0.595443,0.484697,0.514164,0.563414,0.828302,0.209405,0.321801,0.173458,0.193148,0.958862,0.863173,-0.280588,-0.334259,0.517651,0.145438,0.915134,0.948012,0.019676,0.038037,0.230607,0.382092,0.200770,0.234150,0.332736,0.439002,0.971822,0.742819,0.746983,0.821065,0.143855,0.343115,0.259765,0.281515,0.117673,-0.062422,0.180997,0.279304
0.118601,0.052943,0.351996,0.306909,0.333305,0.499855,0.316260,0.263624,0.228533,0.126405,0.307373,0.252217,0.292977,0.197462,0.603996,0.359390,0.075379,0.036426,0.083175,0.014875,0.000000,0.312456,0.450118,0.366738,0.401372,0.321610,0.675620,0.580051,0.127632,0.058659,0.452050,0.461107,0.240126,0.204773,0.387246,0.407244,0.414142,0.296050,0.584954,0.403195,0.243332,0.258748,0.279139,0.150772,0.227121,0.256028,0.187636,0.196338,0.083218,0.064790,0.224412,0.101357,-0.039876,-0.064671,0.304665,0.235019,-0.007045,-0.008896,0.305534,-0.050452,0.349264,0.193161,0.025477,-0.034197,0.478092,0.327671,0.260140,0.456968,-0.079274,0.003533,-0.048508,-0.014371,0.312717,0.089179,0.141909,0.156316,0.476939,0.346235,0.160615,0.261796,0.122170,0.174285,0.402562,0.339313,0.421985,0.264950,0.477273,0.358491,0.378963,0.321999
0.220577,0.247285,0.689802,0.734826,0.443423,0.605183,0.668848,0.610633,0.541147,0.500486,0.518706,0.625120,0.514806,0.545664,0.671020,0.653254,0.278399,0.161875,0.323960,0.156156,0.312456,0.000000,0.669371,0.571628,0.433575,0.385013,0.347015,0.408410,0.392883,0.350843,0.795744,0.896218,0.497741,0.507810,0.457933,0.497609,0.313234,0.393542,0.396529,0.513921,0.429400,0.324082,0.394439,0.354096,0.250619,0.272155,0.338678,0.340019,0.231078,0.281865,0.461910,0.243002,0.263816,0.187750,0.558944,0.438237,0.047993,0.106019,0.466750,0.291214,0.588470,0.577817,0.065946,0.049418,0.577456,0.516102,0.380246,0.467615,-0.117333,-0.072544,0.224535,0.418676,0.687298,0.522952,0.537953,0.468613,0.301291,0.526968,0.136777,0.282197,0.287837,0.351133,0.539857,0.485177,0.556777,0.486439,0.371964,0.455189,0.625059,0.525821
0.162575,0.043593,1.464040,1.184384,0.810496,0.769278,1.111863,0.916619,0.742689,0.555168,0.814752,0.898891,0.559308,0.675316,0.858514,0.812657,0.027377,-0.220638,0.274402,-0.043438,0.450118,0.669371,0.000000,1.240933,1.051214,0.964337,0.631358,0.485175,0.169354,0.025719,1.142550,1.212264,0.333923,0.308630,0.733158,0.697336,0.280177,0.266496,0.402688,0.427003,0.189982,0.119116,0.259826,0.142588,0.145794,0.182216,0.132885,0.119356,0.039131,0.094182,0.302307,0.123669,0.115386,0.035691,0.466567,0.300069,-0.222774,-0.184119,0.619271,0.219089,0.601467,0.506140,-0.280748,-0.383906,1.071957,0.965676,0.304944,0.626013,-0.247146,-0.201185,0.058313,0.248295,0.768468,0.366213,0.518353,0.394676,0.489954,0.641383,-0.024962,0.176502,-0.015040,0.128550,0.630208,0.669755,0.583457,0.366540,0.614560,0.649303,0.957635,0.545126
0.075790,-0.052461,1.152521,1.423508,0.641691,0.901329,0.917743,1.044495,0.713288,0.800373,0.534482,0.847751,0.477162,0.744553,0.789534,1.021140,-0.041822,-0.287581,0.157203,-0.020736,0.366738,0.571628,1.240933,0.000000,0.803304,0.887776,0.585699,0.583678,0.097075,-0.017274,0.898424,0.991324,0.194093,0.260352,0.556473,0.688051,0.119996,0.187223,0.306529,0.264583,0.115276,0.193613,0.322890,0.204937,0.083711,0.162637,0.156319,0.166692,0.042561,0.073342,0.279946,0.098765,0.200330,0.089314,0.406078,0.291292,-0.328906,-0.278156,0.385097,0.280813,0.350353,0.548447,-0.231166,-0.391486,0.622109,0.739356,0.156445,0.549378,-0.268336,-0.182193,0.157371,0.223369,0.571643,0.250622,0.396262,0.288614,0.450369,0.653380,-0.066514,0.083607,-0.102286,0.056229,0.578332,0.808559,0.375103,0.257845,0.535578,0.506403,0.831802,0.448998
0.030592,-0.071097,0.764782,0.810042,0.801537,0.590413,0.627094,0.536620,0.545225,0.367246,0.541172,0.592706,0.270687,0.351583,0.456133,0.526603,-0.070057,-0.281135,0.066281,-0.152390,0.401372,0.433575,1.051214,0.803304,0.000000,1.080942,0.530429,0.236739,0.035075,-0.050784,0.730373,0.868473,0.158680,0.136187,0.692117,0.559741,0.279552,0.298350,0.428390,0.510325,0.173716,0.150264,0.038754,-0.080719,-0.012134,0.018006,0.002626,-0.004880,-0.088690,-0.014444,0.210463,0.068263,0.011052,-0.067838,0.339079,0.210675,-0.178413,-0.225170,0.550409,0.193450,0.319235,0.232294,-0.343136,-0.438548,0.936738,0.980258,0.258777,0.624445,-0.204420,-0.160303,0.003307,0.179916,0.543812,0.265787,0.489469,0.300690,0.320053,0.459431,-0.014254,0.094860,0.019076,0.088514,0.651077,0.553197,0.521873,0.455981,0.535792,0.589275,0.714980,0.477542
0.125339,-0.028634,0.800823,0.860976,0.814291,0.632791,0.604540,0.523393,0.636817,0.408937,0.415012,0.523958,0.192811,0.361376,0.472429,0.499250,-0.198434,-0.373501,0.128422,-0.095401,0.321610,0.385013,0.964337,0.887776,1.080942,0.000000,0.692656,0.394549,-0.066553,-0.129949,0.695675,0.739661,0.085991,0.123473,0.572190,0.466525,0.327290,0.184323,0.492476,0.327612,0.048972,0.167573,-0.000543,-0.086347,-0.035532,-0.010986,-0.015889,-0.063484,-0.097182,-0.052567,0.170974,0.046671,0.094387,-0.057994,0.352438,0.184178,-0.122370,-0.175395,0.453972,0.138861,0.260710,0.267073,-0.319163,-0.418513,0.778497,0.925186,0.153138,0.445024,-0.121570,-0.103554,0.060686,0.217122,0.534621,0.172604,0.294102,0.155903,0.249200,0.418122,-0.010131,0.111793,-0.048191,0.114239,0.600955,0.604404,0.375221,0.328578,0.535232,0.562981,0.786634,0.409014
0.209062,0.019977,0.583029,0.444516,0.526171,0.623849,0.466663,0.246961,0.518551,0.137058,0.472039,0.404193,0.332158,0.268981,0.741168,0.476199,0.137908,-0.107242,0.229963,0.047886,0.675620,0.347015,0.631358,0.585699,0.530429,0.692656,0.000000,1.221287,0.183648,0.005524,0.527783,0.559712,0.211836,0.205256,0.502715,0.498026,0.566666,0.352542,0.840661,0.442762,0.180372,0.271286,0.270349,0.189934,0.181466,0.227324,0.144584,0.165360,-0.013918,0.004274,0.179707,0.032521,0.051694,-0.054238,0.400866,0.321859,-0.134060,-0.126122,0.361515,0.047137,0.328620,0.256871,-0.076524,-0.172218,0.513956,0.461999,0.178752,0.424860,-0.055949,0.023582,0.183875,0.259635,0.438441,0.036540,0.241284,0.129160,0.448374,0.489690,0.178243,0.302869,0.037428,0.158087,0.640313,0.588022,0.388802,0.229608,0.526916,0.445038,0.579425,0.401249
0.265720,0.086425,0.586074,0.429668,0.338328,0.754095,0.503531,0.337727,0.522985,0.271036,0.427620,0.383457,0.412691,0.338045,0.835188,0.585196,0.279728,0.058306,0.365992,0.212360,0.580051,0.408410,0.485175,0.583678,0.236739,0.394549,1.221287,0.000000,0.335896,0.134591,0.546497,0.506024,0.295255,0.284654,0.396532,0.427823,0.350380,0.232735,0.658620,0.372501,0.171412,0.301615,0.475069,0.436112,0.321674,0.365842,0.275429,0.336719,0.101113,0.112833,0.163179,0.035644,0.183627,0.068048,0.419142,0.427456,-0.121258,-0.066710,0.240159,0.077516,0.288226,0.315781,0.048735,-0.044598,0.259802,0.205011,0.156298,0.347999,-0.039120,0.023757,0.258294,0.226194,0.380132,0.063531,0.271139,0.169845,0.466773,0.509587,0.290929,0.370440,0.054593,0.174823,0.410488,0.580551,0.264502,0.076971,0.480323,0.339090,0.499049,0.398588
0.693223,0.774170,0.297087,0.158939,0.084484,0.421418,0.329435,0.202668,0.170355,0.223244,0.478656,0.396986,0.723682,0.466074,0.424088,0.428894,1.198215,0.968613,0.837186,0.811158,0.127632,0.392883,0.169354,0.097075,0.035075,-0.066553,0.183648,0.335896,0.000000,1.129560,0.429114,0.378242,0.815763,0.804589,0.132146,0.189113,0.192789,0.283783,0.229580,0.357424,0.418458,0.230865,0.782649,0.757627,0.532010,0.601123,0.663677,0.690515,0.520181,0.603196,0.578419,0.508607,0.665466,0.621656,0.720612,0.782437,0.436842,0.578638,0.496259,0.362719,0.551553,0.339476,0.813017,0.725511,0.062233,-0.100492,0.612774,0.217717,0.321267,0.340033,0.044079,0.186239,0.592643,0.675167,0.577992,0.462614,0.545336,0.619800,0.750835,0.730280,0.771158,0.874497,0.350431,0.561597,0.516518,0.481823,0.188374,0.179203,0.286454,0.438270
0.452666,0.742935,0.063263,0.085723,0.025792,0.258449,0.072350,0.139395,-0.034804,0.127105,0.135762,0.281902,0.371064,0.305199,0.188437,0.225957,0.968321,1.173467,0.600041,0.904777,0.058659,0.350843,0.025719,-0.017274,-0.050784,-0.129949,0.005524,0.134591,1.129560,0.000000,0.319041,0.262734,0.717987,0.842497,0.031513,0.084474,0.159548,0.276098,0.124530,0.293243,0.485902,0.271667,0.686759,0.679246,0.457822,0.539593,0.598158,0.617600,0.495067,0.571177,0.553847,0.529579,0.650955,0.631053,0.631462,0.685419,0.435292,0.618277,0.214591,0.275320,0.269230,0.258358,0.821965,0.796199,-0.105777,-0.234380,0.523737,0.163971,0.375609,0.388029,0.025711,0.171965,0.374534,0.672902,0.409570,0.443259,0.373286,0.493525,0.806848,0.805869,0.785367,0.792796,0.261309,0.376614,0.396606,0.455688,0.128839,0.089873,0.100492,0.205701
0.351765,0.244605,1.135111,1.044648,0.644231,0.773228,1.102551,1.051718,0.767522,0.640114,0.619699,0.830974,0.546015,0.754690,0.713620,0.771500,0.189724,0.090419,0.474190,0.238452,0.452050,0.795744,1.142550,0.898424,0.730373,0.695675,0.527783,0.546497,0.429114,0.319041,0.000000,1.422316,0.762560,0.702458,0.896755,0.728025,0.286080,0.234558,0.469240,0.437324,0.254656,0.173522,0.471978,0.359668,0.360446,0.396519,0.346086,0.302883,0.182963,0.278417,0.342597,0.181383,0.177896,0.142875,0.545280,0.373653,-0.002823,0.031249,0.598379,0.292955,0.672951,0.644027,-0.010976,-0.101309,0.739702,0.699508,0.515111,0.750432,-0.124158,-0.057596,0.053060,0.228170,0.842801,0.530811,0.567384,0.478169,0.568603,0.750745,0.227099,0.375613,0.169877,0.346838,0.530353,0.633971,0.513475,0.418513,0.527995,0.494384,0.760465,0.586679
0.230715,0.182614,1.078737,1.103698,0.628426,0.762465,0.959800,0.943473,0.649613,0.590739,0.729261,1.000669,0.577870,0.678069,0.804205,0.881793,0.184039,0.040368,0.343313,0.082106,0.461107,0.896218,1.212264,0.991324,0.868473,0.739661,0.559712,0.506024,0.378242,0.262734,1.422316,0.000000,0.560633,0.538292,0.737412,0.593934,0.273716,0.317639,0.401490,0.548299,0.327052,0.253531,0.369373,0.268053,0.234961,0.306400,0.249463,0.239839,0.145390,0.226859,0.426982,0.215685,0.181188,0.118692,0.532903,0.431370,-0.054803,-0.034947,0.600172,0.257468,0.646880,0.581648,-0.082995,-0.168849,0.942715,0.876944,0.409752,0.684067,-0.215377,-0.149032,0.104493,0.330368,0.836617,0.504335,0.625312,0.511703,0.474730,0.603565,0.114715,0.253661,0.197997,0.313951,0.644972,0.713601,0.607207,0.548238,0.576685,0.678817,0.764680,0.648523
0.721583,0.782839,0.450813,0.347288,0.133445,0.442214,0.445015,0.475762,0.264213,0.336603,0.386632,0.417362,0.486010,0.536005,0.382790,0.376426,0.643770,0.683783,0.760232,0.657987,0.240126,0.497741,0.333923,0.194093,0.158680,0.085991,0.211836,0.295255,0.815763,0.717987,0.762560,0.560633,0.000000,1.500185,0.594383,0.507771,0.257271,0.214049,0.351403,0.313559,0.337365,0.229043,0.645251,0.635381,0.683082,0.689894,0.632071,0.587764,0.475475,0.635248,0.522992,0.453550,0.402670,0.485507,0.656684,0.535643,0.481247,0.580653,0.581395,0.404070,0.761818,0.559711,0.582787,0.533397,0.270048,0.186559,0.902343,0.585726,0.294745,0.335447,-0.147380,0.021610,0.628537,0.630593,0.402950,0.484768,0.603338,0.668582,0.702896,0.655823,0.679979,0.868535,0.314648,0.451206,0.606204,0.558110,0.307109,0.225386,0.388390,0.539107
0.653313,0.839073,0.404500,0.428001,0.160932,0.507309,0.413757,0.535729,0.223523,0.425111,0.290015,0.468851,0.478233,0.643129,0.344537,0.414862,0.685334,0.781414,0.662319,0.809920,0.204773,0.507810,0.308630,0.260352,0.136187,0.123473,0.205256,0.284654,0.804589,0.842497,0.702458,0.538292,1.500185,0.000000,0.518283,0.483130,0.183424,0.204577,0.310995,0.257876,0.398437,0.269784,0.672295,0.648826,0.587025,0.642771,0.658931,0.604490,0.465267,0.641206,0.574813,0.498560,0.480797,0.523991,0.714094,0.561920,0.473769,0.634259,0.501652,0.472544,0.663068,0.701281,0.717649,0.643204,0.204273,0.190350,0.800216,0.584437,0.374033,0.430648,-0.078919,0.058361,0.588947,0.678461,0.324839,0.427634,0.520854,0.721384,0.765239,0.757733,0.756224,0.966448,0.370884,0.451215,0.600297,0.647779,0.304141,0.169687,0.391212,0.498290
0.181177,0.064009,0.704340,0.634924,0.479493,0.511048,0.703599,0.649746,0.601871,0.393159,0.456698,0.517796,0.297262,0.431028,0.458020,0.466577,0.040908,-0.062046,0.210391,0.020456,0.387246,0.457933,0.733158,0.556473,0.692117,0.572190,0.502715,0.396532,0.132146,0.031513,0.896755,0.737412,0.594383,0.518283,0.000000,0.940432,0.334964,0.213343,0.525402,0.391173,0.120223,0.097561,0.201397,0.114784,0.224895,0.215392,0.142016,0.111175,-0.036705,0.081976,0.089855,-0.018999,-0.099657,-0.055788,0.296317,0.138834,-0.034392,-0.045193,0.504880,0.211737,0.519883,0.502787,-0.110722,-0.200141,0.679710,0.781168,0.412808,0.776948,-0.083064,-0.004300,-0.034517,0.052019,0.530493,0.297170,0.372987,0.348042,0.527308,0.549825,0.174826,0.200651,0.114213,0.201837,0.420589,0.412070,0.440673,0.368034,0.415858,0.448612,0.547461,0.420774
0.154239,0.036675,0.620724,0.651443,0.516326,0.612473,0.650891,0.638911,0.531521,0.424862,0.490009,0.570742,0.461231,0.556637,0.552077,0.596144,0.076578,-0.060260,0.185065,0.074641,0.407244,0.497609,0.697336,0.688051,0.559741,0.466525,0.498026,0.427823,0.189113,0.084474,0.728025,0.593934,0.507771,0.483130,0.940432,0.000000,0.397965,0.356627,0.523516,0.362346,0.158511,0.271106,0.335901,0.257915,0.209737,0.259086,0.254286,0.245343,0.039773,0.152052,0.226276,0.129189,0.078569,0.111789,0.481930,0.246966,-0.193741,-0.117637,0.418365,0.263031,0.472266,0.531903,-0.024032,-0.127879,0.469061,0.524156,0.318188,0.676099,-0.140727,-0.008553,-0.019340,0.031956,0.466221,0.311675,0.342339,0.289184,0.632417,0.789366,0.079173,0.240164,0.061835,0.166361,0.566608,0.539960,0.454411,0.329551,0.407719,0.386796,0.569212,0.325176
0.114463,0.042815,0.193113,0.095510,0.238946,0.183586,0.212253,-0.021987,0.268362,-0.082749,0.273249,0.197871,0.273092,0.112155,0.380908,0.141125,0.164467,0.041635,0.055600,-0.008522,0.414142,0.313234,0.280177,0.119996,0.279552,0.327290,0.566666,0.350380,0.192789,0.159548,0.286080,0.273716,0.257271,0.183424,0.334964,0.397965,0.000000,0.777586,0.834883,0.604722,0.476765,0.383571,0.220427,0.140154,0.204176,0.249861,0.213684,0.216871,0.105240,0.113426,0.236892,0.146041,0.019395,-0.020652,0.448842,0.321944,-0.023227,-0.022289,0.255266,-0.042459,0.311611,0.088897,0.039051,0.021823,0.325849,0.228627,0.182128,0.257556,-0.136433,-0.038344,0.002044,0.110245,0.289694,0.105768,0.169236,0.025332,0.343066,0.349944,0.137641,0.306830,0.140722,0.160932,0.502674,0.274017,0.401802,0.264125,0.332132,0.353676,0.302547,0.133196
-0.044626,0.062161,0.138170,0.165194,0.221355,0.223336,0.163896,0.047396,0.061369,-0.054368,0.320285,0.376585,0.349388,0.224452,0.321825,0.251305,0.230741,0.106303,0.022280,0.044698,0.296050,0.393542,0.266496,0.187223,0.298350,0.184323,0.352542,0.232735,0.283783,0.276098,0.234558,0.317639,0.214049,0.204577,0.213343,0.356627,0.777586,0.000000,0.442650,0.745850,0.617487,0.418896,0.324728,0.241992,0.155070,0.217775,0.256152,0.277002,0.142917,0.181802,0.318489,0.266280,0.157918,0.090130,0.513278,0.422298,-0.159279,-0.061245,0.209465,0.165332,0.258103,0.240158,0.070880,0.072621,0.234001,0.196751,0.155917,0.225595,-0.151027,-0.121103,0.109074,0.213171,0.381181,0.305122,0.324995,0.184186,0.406304,0.419805,0.040638,0.187591,0.174934,0.128934,0.497266,0.300303,0.465042,0.400458,0.216617,0.398369,0.244066,0.152541
0.306448,0.167592,0.409279,0.312716,0.338907,0.490068,0.384705,0.169891,0.500978,0.147213,0.343128,0.241306,0.286374,0.214742,0.539294,0.330463,0.181447,0.042234,0.219498,0.096890,0.584954,0.396529,0.402688,0.306529,0.428390,0.492476,0.840661,0.658620,0.229580,0.124530,0.469240,0.401490,0.351403,0.310995,0.525402,0.523516,0.834883,0.442650,0.000000,0.678279,0.245020,0.480222,0.183076,0.088821,0.249028,0.221267,0.212603,0.218820,0.042727,0.082027,0.193017,0.061538,0.024799,-0.038905,0.491486,0.332821,0.149088,0.112050,0.464641,0.087780,0.430312,0.274315,0.033958,0.022689,0.425414,0.381206,0.339165,0.473780,0.048044,0.105329,0.188935,0.224749,0.403629,0.068953,0.263697,0.102788,0.330712,0.398551,0.252124,0.333781,0.222801,0.258112,0.571464,0.378469,0.439607,0.285927,0.500560,0.412706,0.592530,0.435517
0.119300,0.158404,0.325708,0.282508,0.351187,0.408702,0.272922,0.148974,0.236539,0.053256,0.439677,0.382114,0.350528,0.168090,0.466332,0.381552,0.281064,0.173652,0.232176,0.086349,0.403195,0.513921,0.427003,0.264583,0.510325,0.327612,0.442762,0.372501,0.357424,0.293243,0.437324,0.548299,0.313559,0.257876,0.391173,0.362346,0.604722,0.745850,0.678279,0.000000,0.479831,0.548238,0.154923,0.096943,0.136048,0.166492,0.139983,0.197331,0.013024,0.091429,0.232337,0.126171,0.129398,0.029669,0.557624,0.531668,0.030036,0.075485,0.404820,0.089650,0.390222,0.199291,0.032892,0.020858,0.461853,0.375701,0.274513,0.331068,-0.011270,-0.042546,0.020223,0.176448,0.444673,0.288753,0.492798,0.353531,0.314458,0.294330,0.238221,0.278889,0.292709,0.247780,0.505365,0.460014,0.513001,0.433642,0.405101,0.746053,0.477856,0.456932
0.118136,0.215683,0.157517,0.149877,0.241274,0.271018,0.164328,0.145865,0.097382,0.129654,0.228928,0.306957,0.346343,0.210031,0.285254,0.185580,0.417167,0.306183,0.120124,0.214414,0.243332,0.429400,0.189982,0.115276,0.173716,0.048972,0.180372,0.171412,0.418458,0.485902,0.254656,0.327052,0.337365,0.398437,0.120223,0.158511,0.476765,0.617487,0.245020,0.479831,0.000000,0.283786,0.383864,0.320765,0.224761,0.243834,0.298320,0.393732,0.181676,0.231786,0.351379,0.268170,0.186451,0.143237,0.391219,0.401093,0.055236,0.113840,0.264968,0.113541,0.340712,0.255751,0.262477,0.213572,0.196090,0.133160,0.253846,0.240196,-0.019122,-0.008530,-0.017673,0.007086,0.251644,0.266768,0.222788,0.096462,0.259211,0.256329,0.239748,0.294843,0.396619,0.331578,0.350150,0.199428,0.451699,0.401606,0.211996,0.210043,0.181006,0.163360
0.075707,0.136604,0.107792,0.217544,0.170018,0.371958,0.009094,0.042212,0.106287,0.037171,0.093345,0.130586,0.109158,0.039067,0.260929,0.205862,0.228586,0.196843,0.133229,0.206536,0.258748,0.324082,0.119116,0.193613,0.150264,0.167573,0.271286,0.301615,0.230865,0.271667,0.173522,0.253531,0.229043,0.269784,0.097561,0.271106,0.383571,0.418896,0.480222,0.548238,0.283786,0.000000,0.124397,0.088167,0.078862,0.132747,0.123307,0.124867,0.055898,0.100465,0.270967,0.178697,0.288208,0.159790,0.470597,0.398274,-0.005514,0.072083,0.028912,0.054377,0.077697,0.138485,0.167682,0.204909,0.075530,0.016857,0.128887,0.129785,0.039080,0.057974,0.013997,0.042878,0.171083,0.192059,0.102190,0.179923,0.183664,0.268205,0.159411,0.218690,0.264399,0.233084,0.548371,0.415338,0.280746,0.283369,0.394510,0.451335,0.293067,0.232576
0.471176,0.482134,0.314955,0.308406,0.114855,0.572796,0.358236,0.407271,0.183602,0.352130,0.282680,0.445000,0.637420,0.622624,0.491615,0.490471,0.716336,0.575370,0.418943,0.591598,0.279139,0.394439,0.259826,0.322890,0.038754,-0.000543,0.270349,0.475069,0.782649,0.686759,0.471978,0.369373,0.645251,0.672295,0.201397,0.335901,0.220427,0.324728,0.183076,0.154923,0.383864,0.124397,0.000000,1.404268,0.878211,1.105493,1.327776,1.283118,0.886424,0.888794,0.735887,0.684163,0.623506,0.667808,0.745692,0.695607,0.132759,0.286112,0.342732,0.448869,0.442439,0.471678,0.615491,0.448691,-0.001211,-0.099528,0.604315,0.487226,0.085370,0.242467,0.048790,0.081559,0.462240,0.422832,0.424409,0.279474,0.641452,0.734522,0.519348,0.661058,0.433136,0.505098,0.329003,0.521127,0.471536,0.319042,0.243349,-0.002680,0.295331,0.299821
0.419235,0.455700,0.229340,0.174777,0.014972,0.448332,0.291873,0.333675,0.073670,0.292603,0.246722,0.399052,0.571588,0.548557,0.382288,0.455657,0.698018,0.625656,0.416393,0.546126,0.150772,0.354096,0.142588,0.204937,-0.080719,-0.086347,0.189934,0.436112,0.757627,0.679246,0.359668,0.268053,0.635381,0.648826,0.114784,0.257915,0.140154,0.241992,0.088821,0.096943,0.320765,0.088167,1.404268,0.000000,0.845421,1.038052,1.110190,1.406151,0.853327,1.007456,0.697054,0.703017,0.637767,0.715479,0.643866,0.600528,0.139020,0.271909,0.236908,0.387340,0.364051,0.391212,0.612799,0.456974,-0.053253,-0.142907,0.478920,0.356095,0.084874,0.186819,0.024262,0.062253,0.411810,0.415150,0.385465,0.296873,0.469950,0.539404,0.549407,0.663632,0.431264,0.528922,0.197664,0.411972,0.351429,0.244172,0.076666,-0.052631,0.168450,0.210164
0.535962,0.534054,0.257021,0.162215,-0.081138,0.354763,0.224627,0.223684,0.076416,0.193650,0.169956,0.187316,0.278282,0.299087,0.249731,0.226560,0.593249,0.555030,0.413487,0.519170,0.227121,0.250619,0.145794,0.083711,-0.012134,-0.035532,0.181466,0.321674,0.532010,0.457822,0.360446,0.234961,0.683082,0.587025,0.224895,0.209737,0.204176,0.155070,0.249028,0.136048,0.224761,0.078862,0.878211,0.845421,0.000000,1.628479,1.143519,0.972252,1.184391,1.157192,0.602302,0.631621,0.389657,0.539240,0.611475,0.525555,0.341597,0.399136,0.393302,0.403182,0.400251,0.235232,0.539119,0.429218,0.065748,-0.070419,0.782402,0.502179,0.150026,0.281676,-0.127737,-0.079597,0.312835,0.233355,0.295643,0.214182,0.294370,0.337804,0.615290,0.690087,0.506016,0.577968,0.107154,0.264442,0.441826,0.314075,0.164474,-0.064951,0.273986,0.397586
0.467770,0.525947,0.243069,0.210533,-0.077329,0.419751,0.234609,0.277734,0.054169,0.196579,0.159229,0.288266,0.369845,0.399565,0.294393,0.310485,0.618152,0.601695,0.355716,0.534058,0.256028,0.272155,0.182216,0.162637,0.018006,-0.010986,0.227324,0.365842,0.601123,0.539593,0.396519,0.306400,0.689894,0.642771,0.215392,0.259086,0.249861,0.217775,0.221267,0.166492,0.243834,0.132747,1.105493,1.038052,1.628479,0.000000,1.324688,1.162840,1.286035,1.374549,0.781674,0.822485,0.480500,0.660480,0.700289,0.651957,0.244375,0.352135,0.340148,0.441666,0.369368,0.272852,0.572349,0.441687,0.034860,-0.088997,0.751052,0.573006,0.088701,0.249919,-0.131669,-0.055885,0.346225,0.325021,0.359299,0.265330,0.372420,0.467609,0.610853,0.720214,0.482107,0.569865,0.153527,0.339411,0.451133,0.357900,0.156586,-0.046835,0.247614,0.379470
0.512359,0.558017,0.191629,0.196245,-0.003803,0.461126,0.229575,0.269603,0.069519,0.297640,0.157276,0.278770,0.463112,0.471042,0.315412,0.328279,0.654379,0.594640,0.346320,0.571806,0.187636,0.338678,0.132885,0.156319,0.002626,-0.015889,0.144584,0.275429,0.663677,0.598158,0.346086,0.249463,0.632071,0.658931,0.142016,0.254286,0.213684,0.256152,0.212603,0.139983,0.298320,0.123307,1.327776,1.110190,1.143519,1.324688,0.000000,1.520182,1.399591,1.371505,0.936740,0.961248,0.656667,0.765313,0.836290,0.684083,0.303135,0.433861,0.427209,0.550138,0.421390,0.385766,0.722038,0.550707,-0.017874,-0.096543,0.808898,0.519320,0.167101,0.330015,-0.041897,0.009564,0.413270,0.353489,0.391018,0.231123,0.412681,0.513518,0.622418,0.689135,0.582506,0.650985,0.257806,0.392913,0.515530,0.416387,0.143164,-0.097325,0.297438,0.326659
0.475158,0.522196,0.183554,0.164387,0.001521,0.469124,0.235811,0.263069,0.073753,0.305748,0.212349,0.315411,0.545004,0.444858,0.356627,0.369952,0.749083,0.638263,0.340735,0.534556,0.196338,0.340019,0.119356,0.166692,-0.004880,-0.063484,0.165360,0.336719,0.690515,0.617600,0.302883,0.239839,0.587764,0.604490,0.111175,0.245343,0.216871,0.277002,0.218820,0.197331,0.393732,0.124867,1.283118,1.406151,0.972252,1.162840,1.520182,0.000000,1.079976,1.284340,0.856113,0.875124,0.620493,0.800318,0.735258,0.688564,0.299379,0.407028,0.407723,0.471568,0.424359,0.319597,0.701164,0.521788,-0.008375,-0.109974,0.661832,0.494153,0.162505,0.311446,0.011700,0.012419,0.348426,0.325517,0.365278,0.214560,0.416213,0.450116,0.642636,0.683051,0.599178,0.642087,0.257759,0.399015,0.510572,0.362405,0.141949,-0.090583,0.271042,0.322583
