0.000000,1.610789,0.540000,0.369100,0.250539,0.190746,0.854949,0.589747,0.551918,0.087818,1.110710,0.924707,1.144501,1.013814,0.625279,0.642573,0.807755,0.748520,0.749384,0.525087,0.335060,0.348987,0.516000,0.195466,0.428809,0.248269,0.278481,0.062810,0.715795,0.552395,0.476722,0.482976,0.927219,0.838046,0.533127,0.470919,0.014809,-0.131116,0.319704,0.305068,0.525472,0.487409,0.696490,0.702047,0.744770,0.699883,0.752581,0.650897,0.685112,0.787234,0.706896,0.674750,0.637010,0.497395,0.542056,0.439993,1.545760,0.956192,0.935214,0.576345,0.837110,0.539717,0.743762,0.626072,0.627582,0.443961,0.413018,0.272582,0.194892,0.415988,0.484643,0.176448,0.878054,0.709720,0.750220,0.570400,0.957407,0.812327,0.621969,0.642997,0.654289,0.720016,0.437352,0.371088,0.761694,0.573829,0.416281,0.380163,0.367008,0.436141
1.610789,0.000000,0.557921,0.305370,0.280529,0.184399,0.848695,0.543267,0.593229,0.059262,1.037071,0.840227,1.034587,0.883537,0.514573,0.531970,0.725921,0.809596,0.844425,0.485739,0.222391,0.285419,0.436748,0.109959,0.367644,0.160972,0.159419,0.026271,0.611770,0.520390,0.408038,0.393801,0.912766,0.848167,0.510967,0.426153,-0.083395,-0.137909,0.190043,0.179641,0.392424,0.406653,0.574932,0.574993,0.644155,0.615467,0.610172,0.540807,0.525118,0.683482,0.561284,0.541016,0.494673,0.373727,0.375700,0.297032,1.265482,1.048522,0.751797,0.485875,0.754087,0.590650,0.667021,0.671634,0.647609,0.453713,0.285226,0.167831,0.209428,0.433795,0.524304,0.211640,0.859755,0.737998,0.791686,0.588688,0.904980,0.746959,0.570609,0.633661,0.586083,0.675187,0.290254,0.267641,0.646083,0.482885,0.288177,0.281256,0.244502,0.345366
0.540000,0.557921,0.000000,0.837255,0.658265,0.310703,1.053537,0.876889,0.703214,0.416343,0.680697,0.522283,0.428978,0.518787,0.927891,0.777790,0.179063,0.101766,0.664663,0.603407,0.518450,0.454768,1.139674,0.862643,1.009696,0.741501,0.422121,0.236881,0.476640,0.440054,0.869956,0.907174,0.553703,0.613641,1.037413,0.753244,0.285631,0.241830,0.554737,0.435200,0.502929,0.506328,0.445572,0.442105,0.506061,0.477326,0.439449,0.371376,0.409530,0.435410,0.401551,0.367796,0.320292,0.330889,0.302938,0.292340,0.489715,0.524531,0.312679,0.114868,0.344822,0.250103,0.128143,0.163409,0.980959,0.707868,0.534473,0.511375,0.296017,0.747123,0.669179,0.387360,0.537295,0.466585,0.572525,0.424253,0.698659,0.689831,0.409010,0.554991,0.274011,0.400536,0.421389,0.197904,0.926329,0.968889,0.528624,0.596676,0.608356,0.691241
0.369100,0.305370,0.837255,0.000000,0.695050,0.616147,0.688315,1.138359,0.496125,0.570688,0.379183,0.452451,0.271598,0.520638,0.614325,0.629128,0.128813,0.143535,0.531391,0.768222,0.489581,0.521852,0.824936,1.089172,0.642397,0.786324,0.472032,0.269442,0.307302,0.364508,0.643607,0.839378,0.621878,0.732462,0.779869,0.769809,0.240794,0.351681,0.584506,0.529256,0.479453,0.509861,0.494224,0.506563,0.592382,0.544386,0.526108,0.473237,0.531804,0.546246,0.394434,0.454324,0.331926,0.363525,0.398547,0.369551,0.360756,0.253277,0.467827,0.348023,0.368648,0.375654,0.177726,0.256803,0.597731,0.711478,0.714846,0.766419,0.309495,0.434053,0.663850,0.412518,0.528583,0.595555,0.560068,0.436535,0.672932,0.758668,0.275466,0.275965,0.179590,0.238794,0.274253,0.235449,0.545520,0.676941,0.369055,0.485490,0.626315,0.755948
0.250539,0.280529,0.658265,0.695050,0.000000,0.948661,0.468261,0.648704,0.774732,0.707068,0.396512,0.310724,0.291944,0.411292,0.700558,0.639880,0.147421,0.047331,0.415504,0.858311,0.499439,0.367477,0.485824,0.643734,0.579321,0.666971,0.613189,0.552563,0.209143,0.304953,0.373774,0.463126,0.374143,0.475884,0.414661,0.325725,0.361129,0.483969,0.575396,0.381025,0.544448,0.435569,0.522727,0.498690,0.508945,0.545805,0.512385,0.492736,0.472022,0.480553,0.398876,0.408082,0.448849,0.500913,0.592111,0.520905,0.179418,0.346529,0.367251,0.341793,0.310680,0.365130,0.284039,0.232708,0.464303,0.454588,0.660291,0.682464,0.643989,0.660791,0.383213,0.257580,0.265789,0.370320,0.432948,0.401852,0.556162,0.696810,0.280232,0.208237,0.219856,0.228312,0.275967,0.226066,0.578864,0.483952,0.509389,0.482406,0.742981,0.899030
0.190746,0.184399,0.310703,0.616147,0.948661,0.000000,0.250012,0.503252,0.572428,0.923983,0.233824,0.298421,0.223290,0.366420,0.507019,0.514723,0.185590,0.136283,0.198220,0.669704,0.546515,0.378325,0.339353,0.518105,0.413254,0.552759,0.670874,0.499485,0.166810,0.232779,0.230230,0.340160,0.315771,0.420796,0.305786,0.326492,0.232315,0.463717,0.501509,0.473904,0.469557,0.376711,0.435503,0.409453,0.491550,0.487473,0.438516,0.424213,0.423868,0.459163,0.341403,0.396634,0.359609,0.378835,0.501823,0.394496,0.194461,0.346564,0.480529,0.507607,0.346472,0.444588,0.286656,0.291632,0.331775,0.446122,0.533457,0.563605,0.526759,0.314516,0.322322,0.197014,0.226618,0.370457,0.365194,0.462533,0.411812,0.582659,0.317030,0.088729,0.124629,0.179078,0.269863,0.302609,0.321880,0.313829,0.291925,0.312400,0.571250,0.840204
0.854949,0.848695,1.053537,0.688315,0.468261,0.250012,0.000000,1.145081,0.994477,0.241198,0.698793,0.691780,0.865492,0.865391,0.753242,0.735491,0.504309,0.361672,0.678781,0.474242,0.415564,0.524531,0.771691,0.437862,0.665865,0.538972,0.230239,0.137497,0.566651,0.610809,0.806274,0.762327,1.023753,0.961052,0.933068,0.775339,0.061861,0.082941,0.402691,0.358161,0.445520,0.539203,0.572666,0.557479,0.632060,0.589384,0.568663,0.503856,0.523506,0.619557,0.538295,0.510263,0.365268,0.321636,0.307756,0.224695,0.785002,0.699899,0.614536,0.358718,0.865496,0.530655,0.545510,0.581282,1.008671,0.790833,0.653380,0.538042,0.260211,0.707608,0.824013,0.509346,0.766025,0.665037,0.668754,0.485861,0.986219,0.876248,0.478741,0.692591,0.654359,0.748410,0.403292,0.284788,0.861695,0.928783,0.360730,0.348621,0.454866,0.667225
0.589747,0.543267,0.876889,1.138359,0.648704,0.503252,1.145081,0.000000,0.816499,0.424130,0.452468,0.761258,0.562998,0.923148,0.654102,0.816955,0.374111,0.328820,0.445277,0.620684,0.463727,0.615510,0.863578,0.748913,0.686694,0.767157,0.355325,0.182709,0.449392,0.611769,0.812974,0.980309,0.969453,1.070035,0.957796,0.871419,0.118990,0.239611,0.493855,0.463137,0.476566,0.564812,0.670585,0.691619,0.734494,0.704834,0.706342,0.667327,0.709815,0.834721,0.662989,0.709898,0.497706,0.492411,0.440058,0.352563,0.587153,0.493073,0.671735,0.493750,0.771077,0.746899,0.451823,0.604506,0.867237,1.119724,0.853683,0.917379,0.385021,0.647575,0.776712,0.475930,0.644755,0.696459,0.652793,0.478191,0.871247,0.966019,0.449806,0.541153,0.498859,0.561110,0.323459,0.269471,0.729118,0.966260,0.340781,0.389542,0.525079,0.783956
0.551918,0.593229,0.703214,0.496125,0.774732,0.572428,0.994477,0.816499,0.000000,0.511577,0.560380,0.511510,0.754204,0.756521,0.768486,0.789442,0.342866,0.232176,0.450768,0.505157,0.413646,0.432716,0.577809,0.393211,0.560154,0.508458,0.217548,0.335376,0.342274,0.511041,0.474434,0.481493,0.652281,0.732570,0.684641,0.559176,0.024956,0.143421,0.315372,0.227293,0.394920,0.378979,0.532445,0.537086,0.533877,0.596707,0.534871,0.505946,0.503784,0.632864,0.570101,0.541955,0.474611,0.488903,0.403515,0.334982,0.444426,0.579692,0.548687,0.393646,0.723916,0.567424,0.527257,0.528269,0.810301,0.673610,0.560952,0.503567,0.496429,0.686924,0.643346,0.414983,0.487502,0.544627,0.531135,0.496990,0.731292,0.788732,0.355592,0.438236,0.497786,0.530299,0.241596,0.187837,0.745115,0.690550,0.337252,0.269593,0.480564,0.812648
0.087818,0.059262,0.416343,0.570688,0.707068,0.923983,0.241198,0.424130,0.511577,0.000000,0.167518,0.215026,0.171144,0.302786,0.559020,0.605032,-0.011166,-0.063887,0.074162,0.407056,0.439730,0.247367,0.529699,0.629284,0.602251,0.629696,0.544318,0.409917,-0.008512,0.047370,0.159672,0.307894,0.098795,0.153194,0.376460,0.397064,0.300829,0.495745,0.445281,0.410740,0.323541,0.276255,0.199905,0.266010,0.186545,0.243088,0.227659,0.262056,0.329907,0.335578,0.341817,0.389426,0.305824,0.364066,0.406121,0.333145,0.075149,0.227301,0.307618,0.335382,0.201658,0.311753,-0.000829,0.071875,0.422810,0.555148,0.438136,0.490196,0.371672,0.314262,0.233424,0.105498,0.026821,0.153519,0.194120,0.196677,0.291267,0.409976,0.235954,0.053261,0.014510,0.073978,0.177802,0.133705,0.346259,0.416008,0.277690,0.281541,0.603236,0.727154
1.110710,1.037071,0.680697,0.379183,0.396512,0.233824,0.698793,0.452468,0.560380,0.167518,0.000000,0.949103,1.028102,0.805184,0.808715,0.651701,0.597417,0.504045,1.075311,0.747423,0.318604,0.263874,0.477489,0.245026,0.476829,0.183217,0.281190,0.152147,0.758683,0.606876,0.464133,0.427598,0.578036,0.586555,0.482649,0.329239,0.041688,-0.088991,0.258918,0.195701,0.516612,0.394693,0.568930,0.529442,0.573114,0.545814,0.514944,0.442060,0.397163,0.488223,0.381374,0.339045,0.365211,0.287371,0.324019,0.333784,0.756874,0.679764,0.465123,0.191338,0.537928,0.328967,0.524055,0.369940,0.780085,0.397637,0.248977,0.150382,0.285569,0.406377,0.401614,0.126850,0.694497,0.573684,0.705143,0.575110,0.669746,0.635097,0.518361,0.515760,0.441503,0.505893,0.402628,0.294638,0.919082,0.528186,0.423521,0.447704,0.384761,0.448840
0.924707,0.840227,0.522283,0.452451,0.310724,0.298421,0.691780,0.761258,0.511510,0.215026,0.949103,0.000000,0.803425,1.074802,0.603727,0.841652,0.674736,0.653447,0.594350,0.622319,0.306075,0.368409,0.459043,0.278885,0.460795,0.256262,0.231517,0.055721,0.888827,0.810196,0.590462,0.541999,0.659422,0.675414,0.514586,0.348236,0.016452,-0.005425,0.288523,0.291926,0.373324,0.371054,0.644576,0.666126,0.684284,0.693858,0.633393,0.595929,0.544899,0.725692,0.534158,0.542210,0.447424,0.373946,0.355305,0.338179,0.741325,0.587430,0.612219,0.377981,0.677373,0.673524,0.539956,0.603665,0.779962,0.657173,0.361753,0.346801,0.273187,0.405460,0.498261,0.196379,0.598649,0.600016,0.641373,0.474040,0.616083,0.637579,0.546536,0.672844,0.529196,0.643096,0.547643,0.471500,0.768495,0.658490,0.324421,0.533418,0.289663,0.432109
1.144501,1.034587,0.428978,0.271598,0.291944,0.223290,0.865492,0.562998,0.754204,0.171144,1.028102,0.803425,0.000000,1.281164,0.699677,0.666869,0.787007,0.592779,0.596631,0.463000,0.274245,0.302145,0.463913,0.138536,0.407686,0.215549,0.125382,0.123610,0.504637,0.557061,0.375499,0.386901,0.806723,0.724483,0.528947,0.480203,-0.058936,-0.119745,0.193771,0.146159,0.489230,0.442328,0.675388,0.644761,0.622816,0.613167,0.637420,0.607881,0.547474,0.695410,0.625456,0.562030,0.502583,0.368010,0.396607,0.293464,0.838471,0.775129,0.761312,0.434333,1.049466,0.610676,0.885479,0.708505,0.737339,0.559915,0.400684,0.258889,0.333299,0.443682,0.504073,0.211077,0.778206,0.672237,0.736035,0.641619,0.853959,0.791988,0.551899,0.564423,0.727257,0.699930,0.238413,0.166126,0.771348,0.536651,0.270981,0.171115,0.377929,0.470076
1.013814,0.883537,0.518787,0.520638,0.411292,0.366420,0.865391,0.923148,0.756521,0.302786,0.805184,1.074802,1.281164,0.000000,0.747351,0.949454,0.672258,0.623828,0.508477,0.567944,0.374787,0.485754,0.641663,0.360365,0.515309,0.414363,0.248156,0.099338,0.526203,0.665709,0.553374,0.652091,0.912486,0.867796,0.690745,0.660298,0.061769,0.081869,0.343594,0.333063,0.553800,0.595164,0.884607,0.982929,0.851549,0.906944,0.905323,0.907975,0.826044,1.083348,0.865037,0.877605,0.681047,0.543122,0.563918,0.508903,0.831332,0.705643,0.928946,0.591002,0.947658,0.855879,0.699143,0.762547,0.775703,0.847338,0.567807,0.527845,0.386631,0.443140,0.623307,0.238603,0.739213,0.738590,0.730276,0.571882,0.948570,1.028869,0.593295,0.606313,0.677690,0.705222,0.288612,0.241326,0.816813,0.750990,0.348503,0.328555,0.424723,0.612642
0.625279,0.514573,0.927891,0.614325,0.700558,0.507019,0.753242,0.654102,0.768486,0.559020,0.808715,0.603727,0.699677,0.747351,0.000000,1.261519,0.412747,0.201425,0.479697,0.698368,0.749977,0.582189,0.894489,0.719073,0.843097,0.653630,0.565412,0.435247,0.589276,0.611478,0.657993,0.717463,0.453381,0.486561,0.813894,0.644021,0.503931,0.284402,0.789358,0.628541,0.806146,0.730918,0.598375,0.551791,0.550027,0.517357,0.545015,0.503868,0.436291,0.475941,0.498088,0.414461,0.461024,0.412738,0.548980,0.457229,0.554073,0.545801,0.445162,0.255572,0.484758,0.318053,0.390320,0.273859,0.899811,0.589437,0.549183,0.458341,0.424359,0.606479,0.536809,0.221820,0.522825,0.489771,0.559516,0.521768,0.743629,0.780228,0.679969,0.482803,0.518688,0.577827,0.646247,0.431068,1.296562,0.998807,0.900512,0.777687,0.966583,0.926366
0.642573,0.531970,0.777790,0.629128,0.639880,0.514723,0.735491,0.816955,0.789442,0.605032,0.651701,0.841652,0.666869,0.949454,1.261519,0.000000,0.349005,0.213233,0.383567,0.669822,0.663552,0.591871,0.797852,0.657243,0.743790,0.607465,0.513868,0.321649,0.525032,0.622820,0.595074,0.690389,0.470701,0.523492,0.728565,0.590418,0.427646,0.290240,0.723714,0.580826,0.664098,0.626283,0.746722,0.746001,0.637660,0.691575,0.723714,0.705137,0.637388,0.718207,0.685282,0.640888,0.598364,0.546548,0.640937,0.593708,0.529049,0.474277,0.600837,0.390451,0.529617,0.507736,0.371851,0.344858,0.808551,0.714508,0.575979,0.572438,0.362533,0.616947,0.543136,0.229810,0.487681,0.475932,0.550915,0.501630,0.741906,0.827608,0.523099,0.468204,0.455281,0.534508,0.560835,0.404643,1.087438,1.025261,0.746465,0.720050,0.757965,0.882146
0.807755,0.725921,0.179063,0.128813,0.147421,0.185590,0.504309,0.374111,0.342866,-0.011166,0.597417,0.674736,0.787007,0.672258,0.412747,0.349005,0.000000,1.044265,0.439116,0.344517,0.281073,0.299712,0.198128,-0.019198,0.199428,0.166922,0.090388,0.046144,0.862263,0.786888,0.546059,0.399429,0.831589,0.685214,0.273176,0.250003,-0.014177,-0.144951,0.209158,0.211716,0.397599,0.406352,0.546212,0.528617,0.597445,0.477805,0.513451,0.491083,0.330803,0.437318,0.367293,0.331525,0.284062,0.232302,0.296864,0.162371,0.906032,0.762396,0.508662,0.366849,0.823088,0.536040,1.157787,0.860956,0.412721,0.289737,0.342484,0.229858,0.308374,0.245236,0.355875,0.131556,0.666886,0.641021,0.579662,0.464152,0.613218,0.523989,0.792665,0.668418,0.932509,0.967062,0.480798,0.468551,0.485206,0.319204,0.270068,0.270677,0.235408,0.298280
0.748520,0.809596,0.101766,0.143535,0.047331,0.136283,0.361672,0.328820,0.232176,-0.063887,0.504045,0.653447,0.592779,0.623828,0.201425,0.213233,1.044265,0.000000,0.487401,0.285424,0.124985,0.202327,0.159135,-0.058515,0.124602,0.083117,0.018701,-0.151666,0.631512,0.695108,0.414139,0.315823,0.825809,0.709030,0.225101,0.216674,-0.210474,-0.128525,0.061530,0.098868,0.209103,0.285882,0.515821,0.554651,0.659407,0.555035,0.505883,0.508481,0.354481,0.509124,0.317210,0.351520,0.235523,0.190890,0.171326,0.184379,0.895640,0.754956,0.521615,0.403683,0.635746,0.637171,0.788734,0.900356,0.332261,0.291646,0.182868,0.101477,0.218078,0.059347,0.358103,0.083342,0.638988,0.701460,0.613886,0.423393,0.482592,0.440578,0.613518,0.630869,0.611820,0.779838,0.209518,0.326053,0.258434,0.238683,0.027723,0.188427,-0.029115,0.151066
0.749384,0.844425,0.664663,0.531391,0.415504,0.198220,0.678781,0.445277,0.450768,0.074162,1.075311,0.594350,0.596631,0.508477,0.479697,0.383567,0.439116,0.487401,0.000000,0.729607,0.204621,0.240281,0.335874,0.192148,0.324175,0.179785,0.130050,0.058767,0.559541,0.467011,0.502013,0.396261,0.656846,0.671838,0.385423,0.264108,-0.058275,-0.063817,0.164877,0.128725,0.297167,0.280941,0.469078,0.420140,0.539093,0.476647,0.376814,0.310486,0.219615,0.322454,0.102683,0.126355,0.084277,0.061495,0.096453,0.167115,0.591980,0.477348,0.279748,0.064235,0.352390,0.242739,0.410305,0.336539,0.542177,0.273072,0.158549,0.110435,0.213026,0.333715,0.500880,0.258862,0.696987,0.632031,0.684321,0.454188,0.597574,0.520645,0.284942,0.429843,0.348258,0.435297,0.249034,0.234523,0.558576,0.346070,0.224367,0.333108,0.211992,0.328961
0.525087,0.485739,0.603407,0.768222,0.858311,0.669704,0.474242,0.620684,0.505157,0.407056,0.747423,0.622319,0.463000,0.567944,0.698368,0.669822,0.344517,0.285424,0.729607,0.000000,0.594669,0.558260,0.432110,0.595305,0.484845,0.475261,0.597378,0.485994,0.497348,0.570714,0.413999,0.492740,0.487199,0.570712,0.382800,0.307978,0.368329,0.352975,0.610289,0.472431,0.771572,0.616646,0.743970,0.634423,0.707704,0.664547,0.712927,0.645780,0.606838,0.592011,0.471018,0.462089,0.506977,0.492502,0.589063,0.601765,0.401350,0.470212,0.476209,0.266349,0.328797,0.277997,0.323905,0.232842,0.421405,0.353958,0.639491,0.650519,0.790442,0.681222,0.433051,0.281101,0.549033,0.573425,0.640814,0.538755,0.720611,0.861975,0.467007,0.326577,0.310341,0.350342,0.485653,0.456280,0.742004,0.549757,0.507034,0.651799,0.715100,0.791849
0.335060,0.222391,0.518450,0.489581,0.499439,0.546515,0.415564,0.463727,0.413646,0.439730,0.318604,0.306075,0.274245,0.374787,0.749977,0.663552,0.281073,0.124985,0.204621,0.594669,0.000000,0.951387,0.494080,0.579685,0.552630,0.636710,0.740206,0.567620,0.418146,0.498582,0.530934,0.625733,0.359173,0.385836,0.420297,0.464726,0.614979,0.519222,0.886400,0.843845,0.867600,0.662937,0.440272,0.397970,0.428046,0.394080,0.480649,0.419899,0.410757,0.372094,0.446803,0.414902,0.430273,0.463068,0.551839,0.554863,0.352133,0.378734,0.370128,0.272310,0.260841,0.179466,0.242913,0.115215,0.291696,0.272819,0.577434,0.554445,0.439818,0.571312,0.490732,0.378092,0.531538,0.445490,0.385752,0.398041,0.590468,0.650910,0.535050,0.297103,0.418487,0.435105,0.622419,0.537630,0.636931,0.657503,0.660068,0.720662,0.742586,0.798598
0.348987,0.285419,0.454768,0.521852,0.367477,0.378325,0.524531,0.615510,0.432716,0.247367,0.263874,0.368409,0.302145,0.485754,0.582189,0.591871,0.299712,0.202327,0.240281,0.558260,0.951387,0.000000,0.475040,0.478564,0.450647,0.600094,0.455047,0.484938,0.424045,0.623118,0.632104,0.740793,0.521213,0.509854,0.512278,0.543146,0.497414,0.511833,0.748077,0.820147,0.630953,0.715141,0.478218,0.485418,0.460448,0.443846,0.530877,0.467095,0.464526,0.458993,0.459213,0.440317,0.356547,0.372626,0.406609,0.474625,0.401911,0.376898,0.411794,0.293697,0.346684,0.249080,0.268456,0.240078,0.294656,0.378625,0.599291,0.610995,0.359015,0.491626,0.512605,0.395575,0.464492,0.445978,0.317208,0.226292,0.593658,0.688471,0.507144,0.346327,0.508259,0.538923,0.494436,0.494380,0.579178,0.691619,0.462429,0.551481,0.522946,0.680021
0.516000,0.436748,1.139674,0.824936,0.485824,0.339353,0.771691,0.863578,0.577809,0.529699,0.477489,0.459043,0.463913,0.641663,0.894489,0.797852,0.198128,0.159135,0.335874,0.432110,0.494080,0.475040,0.000000,1.182823,1.303265,1.040094,0.444860,0.182119,0.365250,0.364563,0.857899,1.166631,0.560502,0.573065,1.074874,1.023172,0.304087,0.313664,0.608795,0.510727,0.472036,0.552658,0.439023,0.483937,0.451942,0.432111,0.471225,0.428820,0.530059,0.541891,0.598443,0.556419,0.460242,0.435305,0.401598,0.347331,0.516133,0.509981,0.443803,0.290933,0.430626,0.342512,0.147483,0.229828,0.751500,0.816805,0.615917,0.590170,0.243465,0.511896,0.608976,0.346604,0.490475,0.429979,0.481358,0.413238,0.639045,0.706880,0.489577,0.500489,0.267324,0.369993,0.328618,0.131391,0.745218,0.892716,0.461736,0.502018,0.644350,0.709010
0.195466,0.109959,0.862643,1.089172,0.643734,0.518105,0.437862,0.748913,0.393211,0.629284,0.245026,0.278885,0.138536,0.360365,0.719073,0.657243,-0.019198,-0.058515,0.192148,0.595305,0.579685,0.478564,1.182823,0.000000,0.945553,1.054500,0.554555,0.378430,0.238442,0.257813,0.594019,0.900552,0.316718,0.388624,0.740528,0.746170,0.463422,0.517844,0.778223,0.583480,0.528230,0.527157,0.378965,0.385570,0.382610,0.373823,0.427593,0.376256,0.507712,0.427499,0.482544,0.475772,0.448792,0.513919,0.484623,0.464235,0.213858,0.202164,0.303576,0.213381,0.138982,0.130802,-0.051119,-0.034065,0.450199,0.551790,0.707575,0.767429,0.367601,0.523990,0.457693,0.355732,0.334959,0.359035,0.384267,0.337203,0.484434,0.613488,0.314816,0.269359,0.070309,0.121936,0.337628,0.156710,0.567214,0.727326,0.508698,0.590836,0.798875,0.779074
0.428809,0.367644,1.009696,0.642397,0.579321,0.413254,0.665865,0.686694,0.560154,0.602251,0.476829,0.460795,0.407686,0.515309,0.843097,0.743790,0.199428,0.124602,0.324175,0.484845,0.552630,0.450647,1.303265,0.945553,0.000000,1.098216,0.556909,0.255516,0.396389,0.377362,0.805230,0.951560,0.404022,0.402915,0.849032,0.758482,0.346361,0.464125,0.675577,0.573141,0.479084,0.498668,0.419977,0.464371,0.400270,0.415595,0.432581,0.400647,0.494358,0.484513,0.590183,0.541429,0.451473,0.416595,0.420778,0.379415,0.391793,0.466306,0.421584,0.325828,0.354691,0.260397,0.099889,0.132653,0.683009,0.677845,0.630305,0.597607,0.284357,0.525082,0.497692,0.317719,0.360577,0.335317,0.411822,0.355297,0.518376,0.631726,0.513621,0.522324,0.275685,0.405730,0.488964,0.248270,0.726054,0.897357,0.380613,0.514816,0.654851,0.718565
0.248269,0.160972,0.741501,0.786324,0.666971,0.552759,0.538972,0.767157,0.508458,0.629696,0.183217,0.256262,0.215549,0.414363,0.653630,0.607465,0.166922,0.083117,0.179785,0.475261,0.636710,0.600094,1.040094,1.054500,1.098216,0.000000,0.577978,0.426296,0.233654,0.286676,0.807198,1.028115,0.466512,0.447573,0.774128,0.897261,0.442553,0.575793,0.789008,0.695915,0.500655,0.563247,0.452759,0.496340,0.456243,0.450316,0.479604,0.440891,0.563630,0.506869,0.536930,0.544765,0.405779,0.443898,0.485774,0.438977,0.296472,0.338280,0.386575,0.343410,0.311435,0.232582,0.137541,0.141368,0.416759,0.619673,0.832091,0.923403,0.399305,0.557325,0.532840,0.452921,0.321320,0.355869,0.333330,0.280079,0.558871,0.710736,0.374722,0.327104,0.332126,0.376571,0.390938,0.267666,0.575745,0.786885,0.422201,0.510392,0.715631,0.834665
0.278481,0.159419,0.422121,0.472032,0.613189,0.670874,0.230239,0.355325,0.217548,0.544318,0.281190,0.231517,0.125382,0.248156,0.565412,0.513868,0.090388,0.018701,0.130050,0.597378,0.740206,0.455047,0.444860,0.554555,0.556909,0.577978,0.000000,0.554564,0.222605,0.162227,0.331908,0.472460,0.199249,0.234783,0.289663,0.312522,0.464688,0.559568,0.713631,0.611948,0.615694,0.509379,0.377492,0.374251,0.358225,0.362524,0.434529,0.391734,0.483266,0.364080,0.413776,0.413591,0.457931,0.438448,0.632203,0.569066,0.281916,0.357583,0.409703,0.405177,0.154191,0.131750,0.085532,0.000616,0.211667,0.247251,0.544717,0.538543,0.313889,0.380192,0.204825,0.151843,0.189539,0.160035,0.246233,0.276771,0.356940,0.450580,0.406772,0.121965,0.126078,0.185309,0.503838,0.414932,0.405933,0.436778,0.627419,0.571053,0.646513,0.675892
0.062810,0.026271,0.236881,0.269442,0.552563,0.499485,0.137497,0.182709,0.335376,0.409917,0.152147,0.055721,0.123610,0.099338,0.435247,0.321649,0.046144,-0.151666,0.058767,0.485994,0.567620,0.484938,0.182119,0.378430,0.255516,0.426296,0.554564,0.000000,0.104393,0.131366,0.141987,0.218056,0.076556,0.112649,0.164862,0.142279,0.449226,0.351910,0.481641,0.437370,0.410433,0.355363,0.181548,0.172159,0.135072,0.166914,0.249393,0.210093,0.226648,0.182892,0.215078,0.184900,0.277382,0.357304,0.459990,0.392495,0.021703,0.155423,0.144578,0.128955,0.047746,-0.067531,0.067883,-0.093849,0.058483,0.055636,0.386098,0.373359,0.479219,0.455374,0.186683,0.328408,0.128412,0.128428,0.182966,0.128236,0.295515,0.380754,0.172888,0.000607,0.203859,0.093404,0.324439,0.248857,0.367167,0.271659,0.517311,0.353737,0.591271,0.515769
0.715795,0.611770,0.476640,0.307302,0.209143,0.166810,0.566651,0.449392,0.342274,-0.008512,0.758683,0.888827,0.504637,0.526203,0.589276,0.525032,0.862263,0.631512,0.559541,0.497348,0.418146,0.424045,0.365250,0.238442,0.396389,0.233654,0.222605,0.104393,0.000000,1.163153,0.788439,0.570025,0.614862,0.610048,0.368127,0.272866,0.189059,-0.070786,0.476232,0.438678,0.438578,0.413944,0.458233,0.415053,0.544522,0.441818,0.441528,0.359704,0.278383,0.333936,0.264020,0.217131,0.212468,0.182276,0.241565,0.241246,0.730311,0.551223,0.377998,0.202206,0.503870,0.337727,0.568711,0.458890,0.510917,0.263518,0.302705,0.204886,0.179950,0.277209,0.365640,0.227658,0.617332,0.478676,0.497906,0.413610,0.499857,0.432075,0.736232,0.663740,0.587273,0.708729,0.929294,0.827247,0.604956,0.424775,0.383617,0.649862,0.297034,0.353918
0.552395,0.520390,0.440054,0.364508,0.304953,0.232779,0.610809,0.611769,0.511041,0.047370,0.606876,0.810196,0.557061,0.665709,0.611478,0.622820,0.786888,0.695108,0.467011,0.570714,0.498582,0.623118,0.364563,0.257813,0.377362,0.286676,0.162227,0.131366,1.163153,0.000000,0.769988,0.616539,0.706369,0.703507,0.447796,0.329451,0.173010,0.069168,0.434197,0.379173,0.510924,0.570993,0.634574,0.588636,0.668265,0.571881,0.591794,0.564949,0.382912,0.484020,0.387835,0.343450,0.289105,0.280581,0.256865,0.302700,0.564435,0.534104,0.405485,0.215049,0.589124,0.504934,0.642004,0.613610,0.604198,0.441486,0.405399,0.350451,0.393693,0.363429,0.463901,0.234668,0.647149,0.641755,0.595655,0.488117,0.571751,0.575513,0.776227,0.770311,0.713009,0.884861,0.584564,0.609021,0.675546,0.608715,0.321601,0.538082,0.302022,0.441904
0.476722,0.408038,0.869956,0.643607,0.373774,0.230230,0.806274,0.812974,0.474434,0.159672,0.464133,0.590462,0.375499,0.553374,0.657993,0.595074,0.546059,0.414139,0.502013,0.413999,0.530934,0.632104,0.857899,0.594019,0.805230,0.807198,0.331908,0.141987,0.788439,0.769988,0.000000,1.501049,0.803015,0.756803,0.828005,0.715951,0.204639,0.229340,0.561717,0.497656,0.369999,0.473182,0.480048,0.510723,0.568895,0.494133,0.448627,0.381452,0.345506,0.414423,0.323232,0.314895,0.174563,0.185377,0.208514,0.202005,0.566789,0.500266,0.296806,0.175981,0.483092,0.371281,0.395586,0.436427,0.653429,0.622286,0.526275,0.519805,0.211838,0.409696,0.670039,0.398910,0.557451,0.530485,0.475863,0.336557,0.540485,0.570187,0.621581,0.774133,0.564589,0.723227,0.587060,0.429403,0.644422,0.754122,0.405927,0.594575,0.379398,0.528628
0.482976,0.393801,0.907174,0.839378,0.463126,0.340160,0.762327,0.980309,0.481493,0.307894,0.427598,0.541999,0.386901,0.652091,0.717463,0.690389,0.399429,0.315823,0.396261,0.492740,0.625733,0.740793,1.166631,0.900552,0.951560,1.028115,0.472460,0.218056,0.570025,0.616539,1.501049,0.000000,0.812341,0.823796,1.026120,0.989684,0.316328,0.384273,0.677077,0.592924,0.493517,0.579287,0.501964,0.557127,0.571206,0.504462,0.529822,0.450818,0.504882,0.528036,0.517282,0.492730,0.354711,0.343754,0.353741,0.332223,0.562259,0.499512,0.440477,0.313587,0.505119,0.454359,0.320777,0.396147,0.665246,0.815366,0.686317,0.708066,0.270802,0.447138,0.668533,0.426947,0.575426,0.550576,0.511383,0.384065,0.626482,0.697879,0.634570,0.623167,0.445299,0.565530,0.457196,0.287351,0.672188,0.869936,0.456927,0.584927,0.534197,0.660334
0.927219,0.912766,0.553703,0.621878,0.374143,0.315771,1.023753,0.969453,0.652281,0.098795,0.578036,0.659422,0.806723,0.912486,0.453381,0.470701,0.831589,0.825809,0.656846,0.487199,0.359173,0.521213,0.560502,0.316718,0.404022,0.466512,0.199249,0.076556,0.614862,0.706369,0.803015,0.812341,0.000000,1.768575,0.681286,0.686755,-0.066676,0.041865,0.316179,0.283499,0.434645,0.541040,0.656984,0.674935,0.843662,0.710119,0.715702,0.634530,0.627942,0.752386,0.582804,0.607996,0.426557,0.372222,0.374070,0.278287,0.990153,0.878338,0.779806,0.605714,1.085291,0.805563,0.977248,1.015350,0.636638,0.661638,0.662479,0.557696,0.344320,0.417782,0.700261,0.403465,0.972335,0.984238,0.829008,0.612738,0.981006,0.887799,0.599625,0.715605,0.779607,0.886623,0.267351,0.267748,0.554356,0.562771,0.251836,0.295636,0.308708,0.539938
0.838046,0.848167,0.613641,0.732462,0.475884,0.420796,0.961052,1.070035,0.732570,0.153194,0.586555,0.675414,0.724483,0.867796,0.486561,0.523492,0.685214,0.709030,0.671838,0.570712,0.385836,0.509854,0.573065,0.388624,0.402915,0.447573,0.234783,0.112649,0.610048,0.703507,0.756803,0.823796,1.768575,0.000000,0.736503,0.703604,-0.056484,0.022070,0.330759,0.255865,0.454213,0.457788,0.636046,0.636761,0.838976,0.714744,0.702755,0.606854,0.591567,0.723987,0.542242,0.556083,0.415684,0.379673,0.350089,0.285647,0.857113,0.746919,0.759287,0.556467,0.968384,0.861241,0.849671,0.946285,0.706316,0.739178,0.623275,0.556739,0.347304,0.423484,0.709982,0.418785,0.954244,0.962167,0.853394,0.684237,0.923513,0.877785,0.539376,0.612075,0.609584,0.697739,0.234325,0.220245,0.549528,0.536037,0.259094,0.293397,0.324337,0.552605
0.533127,0.510967,1.037413,0.779869,0.414661,0.305786,0.933068,0.957796,0.684641,0.376460,0.482649,0.514586,0.528947,0.690745,0.813894,0.728565,0.273176,0.225101,0.385423,0.382800,0.420297,0.512278,1.074874,0.740528,0.849032,0.774128,0.289663,0.164862,0.368127,0.447796,0.828005,1.026120,0.681286,0.736503,0.000000,1.219713,0.126261,0.171776,0.440906,0.416151,0.408594,0.468115,0.376243,0.409738,0.486981,0.436572,0.390214,0.327544,0.430384,0.502176,0.515048,0.447307,0.335068,0.294226,0.262024,0.191549,0.571206,0.542029,0.486710,0.312149,0.566912,0.462406,0.257113,0.377525,1.077363,1.064655,0.591721,0.563722,0.259632,0.529186,0.620543,0.317321,0.492719,0.511291,0.505470,0.408983,0.629246,0.673536,0.540110,0.608033,0.427752,0.519891,0.292854,0.063358,0.851308,1.066382,0.425488,0.418242,0.552292,0.620566
0.470919,0.426153,0.753244,0.769809,0.325725,0.326492,0.775339,0.871419,0.559176,0.397064,0.329239,0.348236,0.480203,0.660298,0.644021,0.590418,0.250003,0.216674,0.264108,0.307978,0.464726,0.543146,1.023172,0.746170,0.758482,0.897261,0.312522,0.142279,0.272866,0.329451,0.715951,0.989684,0.686755,0.703604,1.219713,0.000000,0.214475,0.251643,0.534516,0.517426,0.470822,0.534957,0.384571,0.424531,0.452053,0.414189,0.420397,0.372725,0.517289,0.541786,0.572676,0.539752,0.370953,0.316601,0.320176,0.249832,0.561237,0.552406,0.561739,0.413207,0.606267,0.476766,0.270214,0.359124,0.678094,0.935348,0.651367,0.645165,0.252261,0.431984,0.581426,0.349416,0.531433,0.487720,0.454149,0.436018,0.645352,0.755781,0.471941,0.433502,0.409869,0.446986,0.242047,0.103598,0.581607,0.777655,0.311597,0.299148,0.533143,0.634216
0.014809,-0.083395,0.285631,0.240794,0.361129,0.232315,0.061861,0.118990,0.024956,0.300829,0.041688,0.016452,-0.058936,0.061769,0.503931,0.427646,-0.014177,-0.210474,-0.058275,0.368329,0.614979,0.497414,0.304087,0.463422,0.346361,0.442553,0.464688,0.449226,0.189059,0.173010,0.204639,0.316328,-0.066676,-0.056484,0.126261,0.214475,0.000000,0.606444,0.903323,0.754110,0.681945,0.611077,0.273935,0.222122,0.147865,0.123022,0.297413,0.289014,0.232850,0.084757,0.265311,0.188263,0.282168,0.253771,0.510117,0.442163,0.010480,0.024038,0.119403,0.088977,-0.096251,-0.120778,-0.100838,-0.223734,0.015103,0.018832,0.406351,0.408808,0.245815,0.268085,0.042536,0.050516,0.079508,-0.033786,0.001687,0.020550,0.279642,0.305466,0.258609,-0.010488,0.096412,0.076605,0.460026,0.383290,0.393566,0.344011,0.585560,0.551953,0.685602,0.391035
-0.131116,-0.137909,0.241830,0.351681,0.483969,0.463717,0.082941,0.239611,0.143421,0.495745,-0.088991,-0.005425,-0.119745,0.081869,0.284402,0.290240,-0.144951,-0.128525,-0.063817,0.352975,0.519222,0.511833,0.313664,0.517844,0.464125,0.575793,0.559568,0.351910,-0.070786,0.069168,0.229340,0.384273,0.041865,0.022070,0.171776,0.251643,0.606444,0.000000,0.603412,0.607858,0.383384,0.495472,0.232533,0.269793,0.155697,0.209442,0.254934,0.275897,0.301142,0.212021,0.297510,0.315706,0.249523,0.259175,0.337199,0.394087,-0.096887,0.103465,0.162606,0.232692,-0.061360,0.015367,-0.142475,-0.120876,0.028788,0.191629,0.527550,0.590959,0.315366,0.258330,0.147994,0.133142,-0.035174,0.033643,-0.017425,0.011990,0.153801,0.294877,0.141748,-0.004610,-0.067410,0.056903,0.159792,0.173042,0.172817,0.376190,0.181204,0.340623,0.445751,0.518915
0.319704,0.190043,0.554737,0.584506,0.575396,0.501509,0.402691,0.493855,0.315372,0.445281,0.258918,0.288523,0.193771,0.343594,0.789358,0.723714,0.209158,0.061530,0.164877,0.610289,0.886400,0.748077,0.608795,0.778223,0.675577,0.789008,0.713631,0.481641,0.476232,0.434197,0.561717,0.677077,0.316179,0.330759,0.440906,0.534516,0.903323,0.603412,0.000000,1.263446,0.902807,0.725527,0.523516,0.469485,0.487355,0.447778,0.554422,0.496182,0.542777,0.417584,0.483158,0.471613,0.448108,0.453010,0.724517,0.679518,0.364822,0.358914,0.457048,0.391293,0.240641,0.108020,0.153519,0.027647,0.268782,0.283443,0.814989,0.764084,0.316147,0.487717,0.307463,0.240389,0.343100,0.264121,0.303254,0.312777,0.614738,0.681493,0.506303,0.322007,0.316068,0.366868,0.776511,0.636887,0.573263,0.626018,0.706975,0.763945,0.949411,0.843648
0.305068,0.179641,0.435200,0.529256,0.381025,0.473904,0.358161,0.463137,0.227293,0.410740,0.195701,0.291926,0.146159,0.333063,0.628541,0.580826,0.211716,0.098868,0.128725,0.472431,0.843845,0.820147,0.510727,0.583480,0.573141,0.695915,0.611948,0.437370,0.438678,0.379173,0.497656,0.592924,0.283499,0.255865,0.416151,0.517426,0.754110,0.607858,1.263446,0.000000,0.677638,0.723025,0.373244,0.391820,0.390361,0.354419,0.429065,0.409393,0.427911,0.368021,0.421578,0.437063,0.360449,0.340256,0.560540,0.530349,0.374903,0.360629,0.448527,0.413968,0.233212,0.133223,0.117566,0.064551,0.242608,0.302740,0.651136,0.618367,0.220872,0.341309,0.326035,0.225445,0.258852,0.220327,0.171706,0.163151,0.499673,0.572138,0.441332,0.247315,0.288067,0.354125,0.725201,0.694464,0.466822,0.595632,0.536176,0.649401,0.694962,0.727115
0.525472,0.392424,0.502929,0.479453,0.544448,0.469557,0.445520,0.476566,0.394920,0.323541,0.516612,0.373324,0.489230,0.553800,0.806146,0.664098,0.397599,0.209103,0.297167,0.771572,0.867600,0.630953,0.472036,0.528230,0.479084,0.500655,0.615694,0.410433,0.438578,0.510924,0.369999,0.493517,0.434645,0.454213,0.408594,0.470822,0.681945,0.383384,0.902807,0.677638,0.000000,1.036188,0.811169,0.686039,0.718228,0.679122,0.837871,0.791003,0.737751,0.633225,0.656768,0.576331,0.616738,0.552915,0.878976,0.716957,0.491441,0.488813,0.589490,0.365589,0.391890,0.212302,0.375833,0.170786,0.338124,0.295992,0.746792,0.666607,0.597243,0.589876,0.324901,0.184261,0.690246,0.557483,0.586178,0.552929,0.836680,0.915713,0.584628,0.338585,0.453857,0.426929,0.518420,0.419781,0.796578,0.626192,0.719103,0.582064,0.929245,0.767893
0.487409,0.406653,0.506328,0.509861,0.435569,0.376711,0.539203,0.564812,0.378979,0.276255,0.394693,0.371054,0.442328,0.595164,0.730918,0.626283,0.406352,0.285882,0.280941,0.616646,0.662937,0.715141,0.552658,0.527157,0.498668,0.563247,0.509379,0.355363,0.413944,0.570993,0.473182,0.579287,0.541040,0.457788,0.468115,0.534957,0.611077,0.495472,0.725527,0.723025,1.036188,0.000000,0.763164,0.684833,0.710445,0.618676,0.756051,0.739081,0.637227,0.606166,0.587864,0.564954,0.502725,0.430379,0.621475,0.570870,0.530270,0.527153,0.535210,0.350502,0.401102,0.276291,0.357246,0.291025,0.371869,0.397978,0.637150,0.582816,0.506186,0.458616,0.517872,0.316477,0.700232,0.631124,0.566924,0.440773,0.838812,0.860350,0.552349,0.351686,0.528916,0.580467,0.462190,0.482095,0.737519,0.767799,0.558066,0.509981,0.657196,0.678516
0.696490,0.574932,0.445572,0.494224,0.522727,0.435503,0.572666,0.670585,0.532445,0.199905,0.568930,0.644576,0.675388,0.884607,0.598375,0.746722,0.546212,0.515821,0.469078,0.743970,0.440272,0.478218,0.439023,0.378965,0.419977,0.452759,0.377492,0.181548,0.458233,0.634574,0.480048,0.501964,0.656984,0.636046,0.376243,0.384571,0.273935,0.232533,0.523516,0.373244,0.811169,0.763164,0.000000,1.630323,1.443607,1.500688,1.727870,1.582763,1.109859,1.181103,0.794685,0.823593,0.727135,0.621130,0.827674,0.770677,0.626900,0.516605,0.747031,0.453938,0.515963,0.449539,0.556708,0.446888,0.360897,0.375616,0.683225,0.663524,0.508373,0.520029,0.430235,0.193655,0.698135,0.673703,0.719879,0.568304,0.907380,1.006147,0.443268,0.458793,0.549712,0.620466,0.349400,0.382080,0.678405,0.630405,0.411259,0.400990,0.441613,0.609353
0.702047,0.574993,0.442105,0.506563,0.498690,0.409453,0.557479,0.691619,0.537086,0.266010,0.529442,0.666126,0.644761,0.982929,0.551791,0.746001,0.528617,0.554651,0.420140,0.634423,0.397970,0.485418,0.483937,0.385570,0.464371,0.496340,0.374251,0.172159,0.415053,0.588636,0.510723,0.557127,0.674935,0.636761,0.409738,0.424531,0.222122,0.269793,0.469485,0.391820,0.686039,0.684833,1.630323,0.000000,1.267959,1.704609,1.668929,1.803219,1.238042,1.404947,0.946255,1.032175,0.837306,0.764524,0.817171,0.894079,0.627213,0.553028,0.779290,0.498060,0.487677,0.475545,0.486244,0.420037,0.376419,0.437298,0.673398,0.689972,0.468334,0.442463,0.431292,0.126256,0.598931,0.596050,0.596283,0.446685,0.828987,0.984117,0.429203,0.465338,0.490766,0.603748,0.298090,0.349549,0.594119,0.646702,0.366459,0.380939,0.365045,0.554130
0.744770,0.644155,0.506061,0.592382,0.508945,0.491550,0.632060,0.734494,0.533877,0.186545,0.573114,0.684284,0.622816,0.851549,0.550027,0.637660,0.597445,0.659407,0.539093,0.707704,0.428046,0.460448,0.451942,0.382610,0.400270,0.456243,0.358225,0.135072,0.544522,0.668265,0.568895,0.571206,0.843662,0.838976,0.486981,0.452053,0.147865,0.155697,0.487355,0.390361,0.718228,0.710445,1.443607,1.267959,0.000000,1.612646,1.303489,1.202982,1.012893,1.093278,0.667597,0.722350,0.579669,0.477962,0.660126,0.633957,0.740041,0.644746,0.754857,0.464176,0.577595,0.524317,0.618944,0.557443,0.475324,0.460780,0.665249,0.625957,0.503453,0.444336,0.550360,0.228256,0.769383,0.777095,0.767565,0.602593,0.904860,0.969447,0.517149,0.568101,0.586499,0.682846,0.395922,0.405655,0.642197,0.616743,0.404211,0.443408,0.383808,0.594065
0.699883,0.615467,0.477326,0.544386,0.545805,0.487473,0.589384,0.704834,0.596707,0.243088,0.545814,0.693858,0.613167,0.906944,0.517357,0.691575,0.477805,0.555035,0.476647,0.664547,0.394080,0.443846,0.432111,0.373823,0.415595,0.450316,0.362524,0.166914,0.441818,0.571881,0.494133,0.504462,0.710119,0.714744,0.436572,0.414189,0.123022,0.209442,0.447778,0.354419,0.679122,0.618676,1.500688,1.704609,1.612646,0.000000,1.522334,1.440933,1.235383,1.413422,0.810085,0.899777,0.724077,0.651881,0.779190,0.857254,0.623908,0.571835,0.796746,0.528627,0.504430,0.499837,0.504423,0.440844,0.415835,0.433981,0.668680,0.666521,0.483856,0.478886,0.460683,0.152614,0.640227,0.642744,0.652055,0.513835,0.821255,0.984727,0.390329,0.478223,0.454193,0.552980,0.319005,0.344418,0.566129,0.584900,0.352429,0.410423,0.365452,0.608618
0.752581,0.610172,0.439449,0.526108,0.512385,0.438516,0.568663,0.706342,0.534871,0.227659,0.514944,0.633393,0.637420,0.905323,0.545015,0.723714,0.513451,0.505883,0.376814,0.712927,0.480649,0.530877,0.471225,0.427593,0.432581,0.479604,0.434529,0.249393,0.441528,0.591794,0.448627,0.529822,0.715702,0.702755,0.390214,0.420397,0.297413,0.254934,0.554422,0.429065,0.837871,0.756051,1.727870,1.668929,1.303489,1.522334,0.000000,2.034157,1.473313,1.496543,1.083106,1.142130,1.003255,0.853556,1.065621,0.965950,0.657304,0.554762,0.944053,0.633503,0.544181,0.480187,0.526514,0.437754,0.334391,0.385708,0.802443,0.765452,0.500010,0.504749,0.425386,0.203455,0.677129,0.636890,0.656042,0.519783,0.955271,1.070879,0.433973,0.430894,0.482169,0.537103,0.320354,0.346476,0.614991,0.617717,0.424795,0.389975,0.471674,0.637200
0.650897,0.540807,0.371376,0.473237,0.492736,0.424213,0.503856,0.667327,0.505946,0.262056,0.442060,0.595929,0.607881,0.907975,0.503868,0.705137,0.491083,0.508481,0.310486,0.645780,0.419899,0.467095,0.428820,0.376256,0.400647,0.440891,0.391734,0.210093,0.359704,0.564949,0.381452,0.450818,0.634530,0.606854,0.327544,0.372725,0.289014,0.275897,0.496182,0.409393,0.791003,0.739081,1.582763,1.803219,1.202982,1.440933,2.034157,0.000000,1.366803,1.470988,1.051043,1.141681,0.955312,0.831313,0.971958,0.914014,0.570519,0.526949,0.867864,0.591351,0.512127,0.495348,0.483966,0.423382,0.309775,0.395471,0.734887,0.735740,0.523343,0.460136,0.401960,0.149118,0.596261,0.591032,0.609214,0.490587,0.873835,0.995338,0.408623,0.400608,0.453923,0.516358,0.261310,0.320279,0.550222,0.590179,0.367185,0.348767,0.417517,0.584356
0.685112,0.525118,0.409530,0.531804,0.472022,0.423868,0.523506,0.709815,0.503784,0.329907,0.397163,0.544899,0.547474,0.826044,0.436291,0.637388,0.330803,0.354481,0.219615,0.606838,0.410757,0.464526,0.530059,0.507712,0.494358,0.563630,0.483266,0.226648,0.278383,0.382912,0.345506,0.504882,0.627942,0.591567,0.430384,0.517289,0.232850,0.301142,0.542777,0.427911,0.737751,0.637227,1.109859,1.238042,1.012893,1.235383,1.473313,1.366803,0.000000,1.655917,1.418028,1.531483,1.206159,1.039309,1.184026,1.010357,0.603853,0.577199,1.022792,0.740385,0.512584,0.424009,0.366248,0.302414,0.288163,0.427625,0.964860,0.942551,0.530354,0.559944,0.331280,0.154169,0.520351,0.486878,0.508237,0.375987,0.824824,1.044716,0.409604,0.386089,0.404475,0.424110,0.293725,0.287162,0.518818,0.610153,0.380280,0.361284,0.495986,0.660764
