0.000000,1.188377,0.211515,0.337741,0.246792,0.348307,0.570262,0.352505,0.128811,0.287489,0.608662,0.605135,0.230152,0.530934,0.219769,0.411048,0.737350,0.623139,0.953633,0.908767,0.380107,0.108077,0.156428,0.035316,-0.057295,0.073459,-0.129040,0.155665,0.433631,0.358368,0.225403,0.334364,0.739831,0.694123,0.212781,0.201253,0.295359,0.366300,-0.072217,0.311244,0.390443,0.398133,0.259553,0.431523,0.358689,0.461914,0.595463,0.600033,0.844440,0.726881,0.515468,0.673960,0.370804,0.244269,0.565129,0.653736,1.161682,0.893814,0.925931,0.844469,0.690596,0.493320,0.656935,0.608194,0.237759,0.271609,0.896810,0.695673,1.002431,0.751366,0.208926,0.265058,0.500539,0.573357,0.567425,0.571793,0.554208,0.555218,0.586063,0.396471,0.715356,0.387164,0.104162,0.350661,0.460682,0.613320,0.413449,0.540969,0.829180,0.747008
1.188377,0.000000,0.162576,0.343560,0.147412,0.222916,0.366654,0.205591,0.054515,0.164188,0.335987,0.512424,0.163638,0.320780,0.256711,0.378769,0.926520,1.031523,0.872778,1.181920,0.361570,0.182841,0.186135,-0.013104,0.007114,0.042671,0.020390,0.176790,0.629386,0.636017,0.414818,0.427310,0.863626,1.014217,0.213062,0.121267,0.258508,0.351046,0.036871,0.311008,0.168694,0.305697,0.421931,0.576101,0.456307,0.464172,0.711274,0.695464,0.791886,0.672856,0.394645,0.563238,0.429843,0.317387,0.496077,0.679098,1.367752,1.547068,0.917666,0.650986,0.497532,0.273756,0.559194,0.487801,0.132477,0.082514,0.868624,0.755272,0.891027,0.878245,0.004719,0.120296,0.460370,0.718085,0.463937,0.629005,0.458219,0.455676,0.694388,0.773883,0.768415,0.514109,0.123350,0.311905,0.346847,0.383758,0.392707,0.359616,0.512141,0.451461
0.211515,0.162576,0.000000,1.225358,0.884488,0.774252,1.070508,0.938931,0.834544,0.802245,0.170700,0.407003,0.456237,0.547679,0.653675,0.629893,0.263536,0.279939,0.397281,0.320790,0.156268,-0.011165,1.464452,1.299737,0.933794,0.693616,0.417109,0.296056,0.256881,0.125791,0.495442,0.512651,0.433498,0.387920,0.795043,0.736047,0.126311,0.467960,-0.162436,0.119414,0.074855,0.102165,0.686776,0.516255,0.990372,0.818406,0.456256,0.509672,0.298784,0.369240,0.840373,0.330943,0.390437,0.405806,0.312080,0.320092,0.200629,0.214831,0.093875,0.278449,0.127799,0.330231,0.020503,0.307482,0.688173,0.623725,0.486582,0.563615,0.324098,0.380273,-0.170781,0.061593,0.243191,0.266817,0.399379,0.390151,0.298827,0.396904,0.223539,0.270203,0.425495,0.546105,0.313458,0.159051,0.753114,0.657721,0.335059,0.285531,0.531590,0.705843
0.337741,0.343560,1.225358,0.000000,0.938326,0.871968,0.858438,1.146732,0.729771,0.750461,0.106800,0.585652,0.369597,0.638375,0.597644,0.659617,0.423419,0.519076,0.438883,0.525363,0.267137,0.028301,1.067009,1.191826,0.722999,0.656935,0.372073,0.326966,0.395526,0.350446,0.605734,0.678325,0.587807,0.668033,0.592003,0.707046,0.130767,0.483944,-0.183005,0.146311,0.054383,0.123364,0.851243,0.737538,0.973446,0.929832,0.642178,0.720395,0.370494,0.483338,0.741660,0.447664,0.571608,0.508868,0.382011,0.505896,0.372123,0.436909,0.296474,0.470685,0.168746,0.453495,0.229977,0.626790,0.549442,0.616431,0.677190,0.782357,0.452952,0.490419,-0.169978,0.068949,0.315126,0.427549,0.446605,0.489023,0.286863,0.425424,0.429555,0.504778,0.658039,0.773830,0.227490,0.169981,0.661258,0.782157,0.266113,0.267395,0.536732,0.716049
0.246792,0.147412,0.884488,0.938326,0.000000,1.111965,0.837044,1.010651,1.281451,0.988853,0.255327,0.620316,0.446574,0.540419,0.720632,0.573446,0.341572,0.316010,0.290504,0.295566,0.183877,-0.021776,0.782127,0.944514,0.730217,0.481977,0.355324,0.175823,0.213691,0.114246,0.357626,0.432007,0.358044,0.384708,0.398049,0.760917,0.090080,0.512313,-0.094889,0.165615,0.053929,0.121938,0.674458,0.605664,0.604423,0.750273,0.632283,0.701583,0.361973,0.557550,0.696897,0.527147,0.605014,0.574596,0.525358,0.518408,0.177601,0.228897,0.279110,0.587430,0.237980,0.593860,0.211960,0.576488,0.356872,0.616211,0.443303,0.545246,0.413765,0.412151,-0.173475,-0.005091,0.277698,0.302160,0.443743,0.432741,0.174045,0.436105,0.187091,0.247848,0.581231,0.491875,0.189349,0.081416,0.483566,0.721384,0.195257,0.150652,0.447665,0.754083
0.348307,0.222916,0.774252,0.871968,1.111965,0.000000,0.951606,0.964433,1.052834,1.125447,0.300360,0.556278,0.262179,0.470836,0.426020,0.449306,0.368339,0.332596,0.326577,0.307656,0.119426,-0.079083,0.666974,0.744130,0.605001,0.491007,0.154921,0.056653,0.108221,0.031138,0.162985,0.268679,0.316859,0.365248,0.399667,0.554971,0.028956,0.381952,-0.297599,0.028476,0.100723,0.111335,0.457412,0.413256,0.541565,0.720853,0.491572,0.550879,0.406938,0.637192,0.621491,0.559363,0.449039,0.464522,0.373181,0.450719,0.246010,0.253440,0.308618,0.693463,0.292092,0.676970,0.290776,0.649519,0.346583,0.596404,0.455184,0.623629,0.459783,0.431565,-0.165507,0.007996,0.150886,0.206007,0.335635,0.331731,0.224006,0.443566,0.207960,0.202919,0.631089,0.458257,0.161181,0.164380,0.497382,0.740341,0.217468,0.264974,0.618360,0.937260
0.570262,0.366654,1.070508,0.858438,0.837044,0.951606,0.000000,1.039161,0.875165,0.915064,0.627858,0.614278,0.517620,0.706352,0.492677,0.610091,0.428091,0.317171,0.547675,0.476604,0.235471,0.020335,0.859752,0.741657,0.568014,0.584638,0.138845,0.201173,0.221068,0.071171,0.265898,0.372243,0.407848,0.407472,0.610820,0.545610,0.139596,0.446623,-0.217798,0.121088,0.225434,0.192113,0.501252,0.471980,0.731617,0.780400,0.543328,0.589291,0.603202,0.586466,0.912480,0.549254,0.372379,0.340337,0.416880,0.405215,0.377087,0.325933,0.402285,0.674031,0.469421,0.608760,0.241019,0.506164,0.556399,0.675280,0.643151,0.678263,0.505421,0.491801,0.024727,0.166610,0.278803,0.294304,0.440175,0.419304,0.409810,0.550857,0.206404,0.195050,0.529173,0.399355,0.227494,0.242345,0.656547,0.761564,0.350021,0.417142,0.855693,0.968525
0.352505,0.205591,0.938931,1.146732,1.010651,0.964433,1.039161,0.000000,1.027011,0.975640,0.426980,0.848969,0.574029,0.786036,0.694119,0.798141,0.445516,0.363889,0.400339,0.374021,0.283248,0.040126,0.745602,1.019314,0.537685,0.481854,0.316183,0.305351,0.309593,0.170323,0.449012,0.588221,0.383393,0.477122,0.510650,0.862055,0.081026,0.509287,-0.226147,0.128695,0.066469,0.103800,0.735625,0.633151,0.686805,0.901008,0.618560,0.700774,0.312565,0.527871,0.735039,0.536574,0.500697,0.454055,0.450028,0.487753,0.324346,0.288062,0.301520,0.639033,0.397738,0.860956,0.288921,0.819746,0.642226,0.953027,0.517914,0.649376,0.476168,0.425633,-0.125016,0.090482,0.362173,0.384295,0.522414,0.573006,0.266741,0.470318,0.309540,0.227432,0.645303,0.594747,0.117189,0.061982,0.624376,0.909045,0.169055,0.257603,0.712517,0.832316
0.128811,0.054515,0.834544,0.729771,1.281451,1.052834,0.875165,1.027011,0.000000,1.162888,0.341579,0.603310,0.460940,0.502107,0.650866,0.510307,0.314751,0.250005,0.143760,0.125031,0.086078,-0.120054,0.698761,0.814925,0.606035,0.460074,0.332854,0.053656,0.101697,0.001194,0.205281,0.263752,0.216770,0.273775,0.376726,0.600957,0.090318,0.420057,-0.118653,-0.000189,-0.003016,0.001480,0.558921,0.440603,0.505100,0.614172,0.477182,0.514390,0.245088,0.473521,0.625686,0.393252,0.517016,0.504892,0.395756,0.351534,0.080364,0.114268,0.190650,0.503921,0.301904,0.621912,0.222517,0.578581,0.427222,0.633908,0.259715,0.400003,0.257629,0.264829,-0.223927,-0.045737,0.177787,0.172272,0.330973,0.360305,0.123043,0.369523,0.083237,0.142766,0.443993,0.394092,0.136371,-0.007908,0.404273,0.626626,0.079909,0.019634,0.442355,0.661199
0.287489,0.164188,0.802245,0.750461,0.988853,1.125447,0.915064,0.975640,1.162888,0.000000,0.398100,0.670364,0.563849,0.719457,0.696155,0.695768,0.369287,0.328890,0.294046,0.210184,0.243417,-0.010270,0.657703,0.764632,0.484348,0.432890,0.295962,0.188243,0.152146,0.006947,0.239346,0.354463,0.271275,0.294445,0.417473,0.563558,0.080601,0.554912,-0.086109,0.157950,0.028478,0.093323,0.552134,0.489778,0.546948,0.626931,0.566518,0.586290,0.333025,0.565163,0.790127,0.503818,0.675707,0.582898,0.562558,0.525612,0.202138,0.202324,0.328879,0.561789,0.317341,0.613168,0.257629,0.586370,0.448975,0.597789,0.344867,0.475067,0.444178,0.363135,-0.183916,-0.009621,0.319170,0.309651,0.484693,0.491999,0.282946,0.524523,0.143771,0.158180,0.548106,0.420779,0.018786,0.030554,0.574282,0.810658,0.110480,0.200934,0.595350,0.745800
0.608662,0.335987,0.170700,0.106800,0.255327,0.300360,0.627858,0.426980,0.341579,0.398100,0.000000,0.717147,0.799573,0.676496,0.395008,0.502763,0.554871,0.229697,0.492145,0.331494,0.379948,0.119991,0.097735,0.110861,0.037229,0.162900,0.055304,0.233312,0.296430,0.089127,0.144305,0.265798,0.317222,0.245950,0.278868,0.268729,0.263136,0.307019,-0.083685,0.110333,0.299221,0.327532,0.224730,0.363882,0.179870,0.285633,0.422857,0.458281,0.454890,0.416841,0.569512,0.505276,0.284486,0.159517,0.446749,0.326968,0.358462,0.250919,0.452650,0.547673,0.915266,0.582009,0.577791,0.448150,0.339295,0.449735,0.368658,0.319455,0.390084,0.241273,0.296532,0.346501,0.505423,0.389201,0.514512,0.423536,0.479163,0.496855,0.166876,0.015693,0.367360,0.200186,-0.009371,0.087484,0.409988,0.534731,0.109643,0.276526,0.696999,0.412722
0.605135,0.512424,0.407003,0.585652,0.620316,0.556278,0.614278,0.848969,0.603310,0.670364,0.717147,0.000000,0.767882,0.928717,0.834675,0.906805,0.857897,0.808621,0.549978,0.633120,0.432516,0.113297,0.343442,0.424258,0.226572,0.179934,0.286112,0.288532,0.711049,0.509404,0.619421,0.738960,0.609156,0.682396,0.242560,0.441058,0.260625,0.685022,0.029737,0.249511,0.188733,0.315269,0.777540,0.872987,0.487451,0.570642,0.947632,0.983158,0.484887,0.718866,0.632689,0.724964,0.778183,0.641459,0.811521,0.842634,0.524967,0.507479,0.581387,0.727889,0.594307,0.697991,0.657874,1.016909,0.315705,0.456146,0.555237,0.570737,0.621438,0.458004,-0.046919,0.162208,0.679122,0.768425,0.723926,0.844079,0.357216,0.519969,0.507059,0.436948,0.915372,0.668740,0.080505,0.076634,0.484493,0.759595,0.091012,0.227646,0.534245,0.534061
0.230152,0.163638,0.456237,0.369597,0.446574,0.262179,0.517620,0.574029,0.460940,0.563849,0.799573,0.767882,0.000000,0.914199,1.113829,0.923128,0.495409,0.330785,0.373312,0.252240,0.590994,0.297663,0.427196,0.505508,0.324549,0.255532,0.584578,0.641359,0.567759,0.259192,0.632079,0.669874,0.395112,0.324203,0.519257,0.572849,0.313096,0.558689,0.115811,0.200465,0.110669,0.263369,0.673968,0.682117,0.459741,0.404308,0.599971,0.624821,0.221271,0.248600,0.688938,0.341432,0.624563,0.450407,0.555954,0.435173,0.196602,0.203589,0.241863,0.273021,0.459124,0.365672,0.314336,0.335244,0.524592,0.417647,0.255084,0.263415,0.269617,0.152894,0.062973,0.279736,0.767676,0.605354,0.707087,0.687212,0.411698,0.490566,0.193726,0.185894,0.384538,0.454134,-0.009413,-0.066218,0.657291,0.549426,-0.018697,0.080221,0.424975,0.260008
0.530934,0.320780,0.547679,0.638375,0.540419,0.470836,0.706352,0.786036,0.502107,0.719457,0.676496,0.928717,0.914199,0.000000,0.821872,1.109945,0.491751,0.380921,0.476419,0.359895,0.436073,0.190451,0.541022,0.650896,0.286789,0.399434,0.268572,0.432280,0.466566,0.258459,0.492902,0.687273,0.530820,0.430233,0.525998,0.494873,0.261748,0.633489,-0.037898,0.280535,0.236503,0.378351,0.627625,0.758901,0.610043,0.591124,0.696623,0.785226,0.530956,0.527186,0.923530,0.583975,0.601707,0.519024,0.595938,0.571202,0.412954,0.332713,0.452206,0.484998,0.549397,0.674815,0.517789,0.692844,0.665213,0.606554,0.510370,0.486739,0.482024,0.299588,0.098119,0.253159,0.622501,0.611530,0.705632,0.694986,0.392195,0.481815,0.305150,0.174106,0.561385,0.500073,0.103614,0.150188,0.804063,1.000173,0.228000,0.397350,0.742903,0.592885
0.219769,0.256711,0.653675,0.597644,0.720632,0.426020,0.492677,0.694119,0.650866,0.696155,0.395008,0.834675,1.113829,0.821872,0.000000,1.305354,0.545487,0.521008,0.397962,0.343497,0.430064,0.197069,0.633162,0.713893,0.520801,0.284406,0.726132,0.550954,0.719007,0.412955,0.811689,0.834972,0.513473,0.468110,0.446115,0.627293,0.225738,0.709054,0.131568,0.349733,-0.043766,0.229784,0.871034,0.806967,0.610710,0.541646,0.717040,0.769198,0.282519,0.404371,0.733637,0.425717,0.722937,0.619701,0.663043,0.611285,0.268258,0.327257,0.238891,0.335575,0.276680,0.356839,0.259773,0.438686,0.524524,0.420856,0.335037,0.363788,0.405298,0.336500,-0.274307,-0.003211,0.719970,0.723573,0.799766,0.899909,0.259422,0.438526,0.305229,0.411104,0.601260,0.681967,0.117653,-0.040876,0.626015,0.614547,0.092049,0.100019,0.396156,0.360921
0.411048,0.378769,0.629893,0.659617,0.573446,0.449306,0.610091,0.798141,0.510307,0.695768,0.502763,0.906805,0.923128,1.109945,1.305354,0.000000,0.542596,0.541106,0.506950,0.433920,0.471978,0.271651,0.582279,0.696641,0.408765,0.245628,0.535798,0.664008,0.755658,0.459397,0.747013,0.928544,0.573942,0.529467,0.516176,0.553501,0.191506,0.685423,0.021316,0.431618,0.088314,0.367825,0.816472,0.888870,0.724781,0.634258,0.747185,0.868600,0.497473,0.514549,0.916285,0.618465,0.591722,0.560204,0.697961,0.690851,0.484197,0.442140,0.360266,0.435868,0.441095,0.537922,0.364717,0.539145,0.660375,0.598412,0.511430,0.510415,0.523527,0.376278,-0.173942,0.069415,0.681942,0.770940,0.772173,0.975682,0.350917,0.447521,0.380409,0.433187,0.666264,0.738524,0.183548,0.131910,0.729966,0.867348,0.290503,0.411211,0.696097,0.502347
0.737350,0.926520,0.263536,0.423419,0.341572,0.368339,0.428091,0.445516,0.314751,0.369287,0.554871,0.857897,0.495409,0.491751,0.545487,0.542596,0.000000,1.191636,0.679286,0.796058,0.438417,0.176970,0.230390,0.177891,0.111168,0.216193,0.205125,0.245292,0.825404,0.616765,0.515581,0.564494,0.832939,0.996880,0.317402,0.331631,0.471309,0.572555,0.106591,0.181890,0.142291,0.275704,0.784585,0.823901,0.519089,0.526892,0.967694,0.946319,0.526273,0.546617,0.445767,0.483729,0.687256,0.392549,0.604857,0.711098,0.874663,0.970221,0.673174,0.646099,0.634726,0.444649,0.807423,0.741673,0.203264,0.275477,0.665625,0.687871,0.737222,0.610299,-0.031234,0.181949,0.733506,0.915904,0.683156,0.813314,0.506501,0.550946,0.744929,0.704400,1.104354,0.670626,0.020895,0.115560,0.482053,0.511107,0.168752,0.155527,0.493522,0.449249
0.623139,1.031523,0.279939,0.519076,0.316010,0.332596,0.317171,0.363889,0.250005,0.328890,0.229697,0.808621,0.330785,0.380921,0.521008,0.541106,1.191636,0.000000,0.600233,0.923877,0.391553,0.240664,0.310259,0.181808,0.179772,0.130771,0.258904,0.249341,0.943250,0.918304,0.674850,0.666685,0.814395,1.024786,0.238510,0.222808,0.323872,0.606522,0.155657,0.304328,0.102125,0.286744,0.811061,0.835117,0.575625,0.492289,0.951424,0.899117,0.464891,0.582908,0.378340,0.453137,0.712781,0.539386,0.619072,0.845786,0.931152,1.075676,0.598356,0.511705,0.304713,0.207753,0.524997,0.638595,0.106433,0.049378,0.618891,0.585080,0.718442,0.636506,-0.178501,0.048012,0.553297,0.860528,0.522518,0.770099,0.364358,0.430242,0.782492,1.097385,1.170593,0.882334,0.150493,0.242592,0.388951,0.400938,0.221683,0.207582,0.320755,0.376069
0.953633,0.872778,0.397281,0.438883,0.290504,0.326577,0.547675,0.400339,0.143760,0.294046,0.492145,0.549978,0.373312,0.476419,0.397962,0.506950,0.679286,0.600233,0.000000,1.196226,0.365791,0.154013,0.353278,0.187146,0.198449,0.031837,0.162294,0.272496,0.459867,0.384324,0.344634,0.383314,0.632172,0.630613,0.413987,0.393019,0.170979,0.337227,-0.051341,0.312183,0.125324,0.264048,0.415924,0.494944,0.541862,0.609348,0.588755,0.606911,0.534926,0.492028,0.478087,0.418377,0.322133,0.234923,0.434980,0.501268,0.880015,0.751447,0.491281,0.459007,0.381939,0.300565,0.367572,0.351006,0.366899,0.278418,0.779034,0.656692,0.830625,0.865242,0.110325,0.203362,0.599080,0.659378,0.799990,0.621446,0.499235,0.450797,0.478923,0.423010,0.619028,0.414051,0.133245,0.232401,0.612831,0.471501,0.322847,0.457201,0.623169,0.563242
0.908767,1.181920,0.320790,0.525363,0.295566,0.307656,0.476604,0.374021,0.125031,0.210184,0.331494,0.633120,0.252240,0.359895,0.343497,0.433920,0.796058,0.923877,1.196226,0.000000,0.416405,0.199143,0.281012,0.137313,0.179273,0.013072,0.148217,0.244886,0.621092,0.655234,0.490292,0.485973,0.764466,0.934354,0.288294,0.266494,0.214347,0.344138,-0.001965,0.308657,0.133791,0.240276,0.525520,0.617127,0.598219,0.619031,0.709150,0.709932,0.620259,0.577959,0.400959,0.446994,0.372640,0.243518,0.419592,0.600440,0.979319,1.007289,0.674481,0.567342,0.360998,0.239140,0.378770,0.482573,0.202485,0.154663,0.958149,0.808696,0.876693,0.956002,0.068248,0.186141,0.495746,0.718532,0.573195,0.578631,0.430598,0.442008,0.643800,0.693519,0.728084,0.538708,0.165029,0.261606,0.400491,0.393144,0.319026,0.377630,0.412175,0.441172
0.380107,0.361570,0.156268,0.267137,0.183877,0.119426,0.235471,0.283248,0.086078,0.243417,0.379948,0.432516,0.590994,0.436073,0.430064,0.471978,0.438417,0.391553,0.365791,0.416405,0.000000,0.745895,0.106165,0.181885,0.075085,0.009362,0.426168,0.816566,0.523163,0.308416,0.575773,0.641301,0.561871,0.577180,0.448203,0.470829,0.524856,0.608821,0.250341,0.473704,0.350318,0.542484,0.527535,0.669718,0.424633,0.352862,0.612367,0.596783,0.246377,0.176638,0.468002,0.299367,0.484921,0.288931,0.590204,0.513423,0.447977,0.431429,0.355441,0.271873,0.266704,0.166129,0.221824,0.228578,0.177917,0.147786,0.475219,0.427397,0.446126,0.287550,0.371284,0.551466,0.910332,0.835701,0.773633,0.667503,0.856883,0.898288,0.297328,0.348241,0.392943,0.507363,-0.102341,0.112679,0.430113,0.467971,-0.023656,0.222075,0.348014,0.194078
0.108077,0.182841,-0.011165,0.028301,-0.021776,-0.079083,0.020335,0.040126,-0.120054,-0.010270,0.119991,0.113297,0.297663,0.190451,0.197069,0.271651,0.176970,0.240664,0.154013,0.199143,0.745895,0.000000,-0.019166,0.038952,0.077070,-0.125907,0.340592,0.639906,0.386968,0.279387,0.319872,0.373836,0.218847,0.226007,0.284101,0.265521,0.163049,0.274243,0.298019,0.380564,0.178476,0.380866,0.289119,0.309220,0.230222,0.141894,0.256855,0.293421,0.069295,-0.041844,0.208871,0.064891,0.133389,0.040031,0.224686,0.191214,0.286404,0.202249,0.079134,0.041858,0.050187,-0.017047,-0.055553,-0.012224,0.080713,-0.001732,0.136949,0.070896,0.158632,0.020827,0.201944,0.230816,0.473451,0.488447,0.333350,0.349317,0.328572,0.219722,0.071153,0.273819,0.174022,0.278173,0.012119,0.154380,0.165096,0.100252,0.044352,0.115455,0.092428,0.020404
0.156428,0.186135,1.464452,1.067009,0.782127,0.666974,0.859752,0.745602,0.698761,0.657703,0.097735,0.343442,0.427196,0.541022,0.633162,0.582279,0.230390,0.310259,0.353278,0.281012,0.106165,-0.019166,0.000000,1.250888,0.914652,0.802773,0.354273,0.204507,0.293258,0.242825,0.551488,0.556031,0.472302,0.400760,0.711586,0.573926,0.068541,0.412117,-0.139500,0.143657,0.016631,0.124330,0.606447,0.468206,0.850711,0.695101,0.419291,0.474633,0.291705,0.342867,0.706179,0.303899,0.359842,0.431331,0.247168,0.306767,0.195079,0.238794,0.087627,0.211291,0.053519,0.265039,0.043923,0.272462,0.627685,0.449218,0.404595,0.498675,0.240274,0.356307,-0.230577,0.005866,0.192938,0.250464,0.333595,0.345756,0.218259,0.320882,0.232163,0.331512,0.424908,0.554917,0.374558,0.231774,0.756292,0.537192,0.393156,0.312851,0.432611,0.599418
0.035316,-0.013104,1.299737,1.191826,0.944514,0.744130,0.741657,1.019314,0.814925,0.764632,0.110861,0.424258,0.505508,0.650896,0.713893,0.696641,0.177891,0.181808,0.187146,0.137313,0.181885,0.038952,1.250888,0.000000,0.932865,0.711398,0.477816,0.323112,0.240172,0.123581,0.529164,0.605925,0.368834,0.325776,0.724976,0.832022,0.106065,0.476914,-0.159219,0.119265,0.040102,0.160461,0.748968,0.564509,0.798749,0.747508,0.441669,0.526009,0.146217,0.281206,0.755779,0.314005,0.433715,0.442441,0.273578,0.292257,0.079731,0.117236,-0.000462,0.225259,0.092904,0.420692,0.055658,0.367023,0.678990,0.718346,0.333624,0.468606,0.183770,0.215062,-0.185083,0.046266,0.259287,0.270492,0.361257,0.379783,0.200359,0.328522,0.208789,0.200714,0.394082,0.595044,0.262209,0.074729,0.714033,0.738459,0.224960,0.198621,0.408828,0.558226
-0.057295,0.007114,0.933794,0.722999,0.730217,0.605001,0.568014,0.537685,0.606035,0.484348,0.037229,0.226572,0.324549,0.286789,0.520801,0.408765,0.111168,0.179772,0.198449,0.179273,0.075085,0.077070,0.914652,0.932865,0.000000,0.533798,0.554141,0.286560,0.208984,0.113732,0.449719,0.422397,0.291282,0.241487,0.704418,0.537703,0.128080,0.378179,-0.082525,0.080494,0.026200,0.096395,0.517423,0.338293,0.720743,0.418022,0.263155,0.319202,0.112027,0.056014,0.485094,0.108297,0.209189,0.264071,0.101948,0.149296,0.017478,0.029393,-0.174947,0.084943,-0.074184,0.143737,-0.135453,0.097693,0.524960,0.321037,0.220203,0.250502,0.074669,0.145149,-0.171925,0.078744,0.123571,0.163266,0.242899,0.219407,0.117483,0.205676,0.090283,0.244808,0.235099,0.460036,0.346220,0.114075,0.539646,0.336452,0.184482,0.109662,0.204361,0.448480
0.073459,0.042671,0.693616,0.656935,0.481977,0.491007,0.584638,0.481854,0.460074,0.432890,0.162900,0.179934,0.255532,0.399434,0.284406,0.245628,0.216193,0.130771,0.031837,0.013072,0.009362,-0.125907,0.802773,0.711398,0.533798,0.000000,0.122463,0.086930,0.115570,0.030567,0.213730,0.289116,0.281298,0.201369,0.489364,0.340475,0.210172,0.334774,-0.212210,-0.034889,0.084647,0.044781,0.318226,0.243299,0.419202,0.345726,0.194686,0.243571,0.149648,0.161366,0.458552,0.138710,0.241844,0.165442,0.063915,0.078404,0.020122,0.053587,0.017068,0.200225,0.116538,0.234001,0.068387,0.238680,0.371029,0.370186,0.176407,0.264901,0.057290,0.037045,-0.142112,0.003817,0.037109,0.088986,0.105382,0.117527,0.131448,0.219010,0.057202,0.133577,0.244265,0.300821,0.134826,0.120672,0.447910,0.402031,0.087171,0.093489,0.379332,0.426593
-0.129040,0.020390,0.417109,0.372073,0.355324,0.154921,0.138845,0.316183,0.332854,0.295962,0.055304,0.286112,0.584578,0.268572,0.726132,0.535798,0.205125,0.258904,0.162294,0.148217,0.426168,0.340592,0.354273,0.477816,0.554141,0.122463,0.000000,0.941241,0.462824,0.294018,0.651094,0.511963,0.294091,0.291604,0.430320,0.521845,0.162150,0.375339,0.163750,0.078089,-0.217210,0.011060,0.671673,0.505220,0.466890,0.384222,0.398318,0.443023,-0.102493,-0.013231,0.353962,0.053027,0.427367,0.384349,0.223404,0.173656,0.049449,0.161345,-0.068521,0.003860,-0.039478,-0.001707,-0.000114,0.054863,0.337728,0.198615,0.112120,0.184687,0.107945,0.146098,-0.186522,0.026679,0.380053,0.360060,0.368039,0.405605,0.141875,0.136812,0.161898,0.393021,0.234906,0.518288,-0.007539,-0.227221,0.397693,0.292543,-0.260584,-0.173260,0.129299,0.090399
0.155665,0.176790,0.296056,0.326966,0.175823,0.056653,0.201173,0.305351,0.053656,0.188243,0.233312,0.288532,0.641359,0.432280,0.550954,0.664008,0.245292,0.249341,0.272496,0.244886,0.816566,0.639906,0.204507,0.323112,0.286560,0.086930,0.941241,0.000000,0.632727,0.300872,0.752604,0.754277,0.431577,0.369486,0.529920,0.484732,0.302861,0.466176,0.154628,0.269050,0.107401,0.304370,0.593326,0.623467,0.510936,0.328889,0.438248,0.495559,0.094119,-0.014764,0.452938,0.176683,0.388585,0.281453,0.369790,0.309560,0.295463,0.292763,0.151504,0.098800,0.165914,0.099234,0.064879,0.068761,0.387546,0.238679,0.320153,0.257029,0.268859,0.132342,0.145933,0.319035,0.548470,0.513251,0.472944,0.558594,0.393620,0.322968,0.223042,0.339666,0.248088,0.485008,-0.072548,-0.081144,0.476882,0.396765,-0.121923,0.101824,0.368584,0.143032
0.433631,0.629386,0.256881,0.395526,0.213691,0.108221,0.221068,0.309593,0.101697,0.152146,0.296430,0.711049,0.567759,0.466566,0.719007,0.755658,0.825404,0.943250,0.459867,0.621092,0.523163,0.386968,0.293258,0.240172,0.208984,0.115570,0.462824,0.632727,0.000000,1.151400,0.997303,0.945407,0.797852,0.795855,0.256476,0.254646,0.386819,0.581387,0.259465,0.384988,0.166749,0.458145,0.813882,0.888057,0.570513,0.385525,0.773422,0.780457,0.398389,0.339780,0.444501,0.420443,0.613238,0.473359,0.629065,0.712890,0.637195,0.691895,0.448257,0.321686,0.305034,0.152816,0.412647,0.399241,0.242855,0.117626,0.527375,0.439533,0.521938,0.392998,-0.096011,0.110618,0.647331,0.878005,0.519780,0.705569,0.318503,0.300599,0.803965,0.983377,0.835750,0.943934,0.247301,0.188666,0.426013,0.380497,0.154291,0.211445,0.299469,0.211073
0.358368,0.636017,0.125791,0.350446,0.114246,0.031138,0.071171,0.170323,0.001194,0.006947,0.089127,0.509404,0.259192,0.258459,0.412955,0.459397,0.616765,0.918304,0.384324,0.655234,0.308416,0.279387,0.242825,0.123581,0.113732,0.030567,0.294018,0.300872,1.151400,0.000000,0.662770,0.571859,0.643645,0.737516,0.111080,0.089690,0.258665,0.263828,0.312130,0.368417,0.074746,0.303263,0.607792,0.659796,0.444257,0.332528,0.594909,0.638240,0.397127,0.347000,0.288139,0.378226,0.387485,0.339185,0.344129,0.546483,0.592261,0.675406,0.381509,0.250548,0.160409,0.054710,0.378940,0.374142,0.101981,0.032289,0.476284,0.409289,0.430845,0.408857,-0.084162,0.079171,0.385329,0.646348,0.295842,0.432710,0.202519,0.140198,0.978461,1.208380,0.694695,0.863651,0.468573,0.419706,0.296250,0.227482,0.287415,0.255584,0.120590,0.109594
0.225403,0.414818,0.495442,0.605734,0.357626,0.162985,0.265898,0.449012,0.205281,0.239346,0.144305,0.619421,0.632079,0.492902,0.811689,0.747013,0.515581,0.674850,0.344634,0.490292,0.575773,0.319872,0.551488,0.529164,0.449719,0.213730,0.651094,0.752604,0.997303,0.662770,0.000000,1.668349,0.863900,0.806277,0.445125,0.439854,0.269369,0.653545,0.138121,0.320164,0.066505,0.284027,0.939312,0.889749,0.725428,0.464230,0.729286,0.725549,0.207204,0.226217,0.453742,0.323729,0.568725,0.523201,0.514299,0.615725,0.456076,0.533712,0.275048,0.182837,0.127307,0.132866,0.228405,0.338881,0.362031,0.169013,0.495781,0.442845,0.383345,0.315595,-0.096328,0.195251,0.564497,0.690055,0.511347,0.698183,0.322833,0.367539,0.500598,0.648647,0.561450,0.774114,0.102102,0.025905,0.498430,0.400382,0.119735,0.130177,0.197616,0.173982
0.334364,0.427310,0.512651,0.678325,0.432007,0.268679,0.372243,0.588221,0.263752,0.354463,0.265798,0.738960,0.669874,0.687273,0.834972,0.928544,0.564494,0.666685,0.383314,0.485973,0.641301,0.373836,0.556031,0.605925,0.422397,0.289116,0.511963,0.754277,0.945407,0.571859,1.668349,0.000000,0.928383,0.841135,0.500573,0.505407,0.257762,0.709092,0.067201,0.366368,0.170214,0.388798,0.912469,0.973441,0.738294,0.548921,0.768184,0.821497,0.303025,0.319726,0.569178,0.439961,0.591488,0.502135,0.600323,0.665574,0.522148,0.533223,0.356252,0.310279,0.276621,0.340317,0.306975,0.516126,0.481301,0.333867,0.563705,0.523837,0.446832,0.309467,-0.071445,0.198254,0.644649,0.752563,0.610490,0.777843,0.365139,0.427561,0.462377,0.546071,0.660930,0.800852,0.090857,0.080836,0.591725,0.595049,0.196121,0.253621,0.370958,0.305542
0.739831,0.863626,0.433498,0.587807,0.358044,0.316859,0.407848,0.383393,0.216770,0.271275,0.317222,0.609156,0.395112,0.530820,0.513473,0.573942,0.832939,0.814395,0.632172,0.764466,0.561871,0.218847,0.472302,0.368834,0.291282,0.281298,0.294091,0.431577,0.797852,0.643645,0.863900,0.928383,0.000000,1.454615,0.518603,0.358649,0.446009,0.592821,0.067265,0.320427,0.315644,0.474449,0.708165,0.843766,0.737019,0.618353,0.777474,0.815077,0.545803,0.505055,0.598588,0.536983,0.523899,0.381095,0.533048,0.665002,0.906214,0.909524,0.618625,0.521417,0.514058,0.389244,0.626198,0.586662,0.409909,0.316604,0.935333,0.880040,0.710163,0.607278,0.040204,0.305064,0.633694,0.789620,0.630129,0.761579,0.536689,0.548911,0.783379,0.644036,0.810305,0.795167,0.204064,0.288530,0.666005,0.666206,0.365549,0.366193,0.528773,0.499594
0.694123,1.014217,0.387920,0.668033,0.384708,0.365248,0.407472,0.477122,0.273775,0.294445,0.245950,0.682396,0.324203,0.430233,0.468110,0.529467,0.996880,1.024786,0.630613,0.934354,0.577180,0.226007,0.400760,0.325776,0.241487,0.201369,0.291604,0.369486,0.795855,0.737516,0.806277,0.841135,1.454615,0.000000,0.437317,0.414704,0.403179,0.553897,0.064410,0.295982,0.183419,0.331159,0.821594,0.923439,0.756282,0.764497,0.875252,0.914530,0.541994,0.547846,0.468964,0.497162,0.565391,0.350665,0.512703,0.681687,0.931519,1.133793,0.676215,0.611555,0.463781,0.427759,0.626075,0.752472,0.314542,0.336528,0.995512,1.115377,0.745031,0.750319,-0.038880,0.249859,0.587810,0.842546,0.585529,0.796329,0.515573,0.574920,0.849657,0.835015,0.918747,0.835576,0.109838,0.227290,0.510382,0.596115,0.301162,0.285973,0.462150,0.468085
0.212781,0.213062,0.795043,0.592003,0.398049,0.399667,0.610820,0.510650,0.376726,0.417473,0.278868,0.242560,0.519257,0.525998,0.446115,0.516176,0.317402,0.238510,0.413987,0.288294,0.448203,0.284101,0.711586,0.724976,0.704418,0.489364,0.430320,0.529920,0.256476,0.111080,0.445125,0.500573,0.518603,0.437317,0.000000,0.765883,0.447634,0.509445,-0.004618,0.182142,0.306026,0.334773,0.667254,0.585453,1.039766,0.682131,0.464783,0.536785,0.308633,0.146645,0.749514,0.215250,0.236909,0.182121,0.223885,0.227028,0.359445,0.319473,0.045774,0.168978,0.271988,0.323731,0.071670,0.136664,0.760665,0.534962,0.487011,0.521748,0.344843,0.263996,0.159057,0.456679,0.373081,0.332209,0.440116,0.464656,0.587428,0.576895,0.213674,0.176902,0.325360,0.477622,0.274647,0.290776,1.020529,0.601654,0.361464,0.371364,0.579808,0.535869
0.201253,0.121267,0.736047,0.707046,0.760917,0.554971,0.545610,0.862055,0.600957,0.563558,0.268729,0.441058,0.572849,0.494873,0.627293,0.553501,0.331631,0.222808,0.393019,0.266494,0.470829,0.265521,0.573926,0.832022,0.537703,0.340475,0.521845,0.484732,0.254646,0.089690,0.439854,0.505407,0.358649,0.414704,0.765883,0.000000,0.221785,0.497922,-0.103324,0.152919,0.088264,0.152548,0.678366,0.614086,0.622414,0.927647,0.519724,0.616234,0.151963,0.310895,0.657008,0.338932,0.449194,0.351247,0.358844,0.304977,0.231976,0.257484,0.116441,0.374758,0.256035,0.503605,0.121040,0.381745,0.587077,0.780010,0.401610,0.526630,0.387300,0.374312,-0.001287,0.193102,0.498148,0.445591,0.598988,0.557554,0.442932,0.545571,0.216475,0.163077,0.429086,0.496392,0.039902,0.012639,0.633527,0.663848,0.058825,0.111005,0.507217,0.551584
0.295359,0.258508,0.126311,0.130767,0.090080,0.028956,0.139596,0.081026,0.090318,0.080601,0.263136,0.260625,0.313096,0.261748,0.225738,0.191506,0.471309,0.323872,0.170979,0.214347,0.524856,0.163049,0.068541,0.106065,0.128080,0.210172,0.162150,0.302861,0.386819,0.258665,0.269369,0.257762,0.446009,0.403179,0.447634,0.221785,0.000000,0.582897,0.313681,0.163964,0.594001,0.530465,0.450939,0.462770,0.365445,0.114112,0.454703,0.413571,0.262656,0.029118,0.296737,0.134218,0.354404,0.141933,0.348913,0.315729,0.264067,0.271694,0.151651,0.130110,0.189952,0.065840,0.267314,0.117819,0.053370,0.021447,0.332564,0.265044,0.318869,0.168805,0.373483,0.598174,0.538196,0.459606,0.412179,0.386499,0.654528,0.620446,0.422349,0.259310,0.315403,0.394656,0.114464,0.219945,0.446900,0.363078,0.014779,0.132390,0.251451,0.238072
0.366300,0.351046,0.467960,0.483944,0.512313,0.381952,0.446623,0.509287,0.420057,0.554912,0.307019,0.685022,0.558689,0.633489,0.709054,0.685423,0.572555,0.606522,0.337227,0.344138,0.608821,0.274243,0.412117,0.476914,0.378179,0.334774,0.375339,0.466176,0.581387,0.263828,0.653545,0.709092,0.592821,0.553897,0.509445,0.497922,0.582897,0.000000,0.231142,0.609419,0.392368,0.625482,0.783825,0.758997,0.636208,0.421724,0.840001,0.754810,0.266579,0.327919,0.628527,0.358146,0.775758,0.577317,0.817706,0.784503,0.427389,0.410233,0.270174,0.345071,0.167174,0.199866,0.216169,0.336747,0.218737,0.161156,0.451423,0.424874,0.585146,0.399454,-0.024858,0.253602,0.684114,0.696874,0.683893,0.822465,0.435756,0.726334,0.362022,0.350595,0.706784,0.687982,0.090008,0.191897,0.618925,0.665139,0.121490,0.270890,0.450938,0.480565
-0.072217,0.036871,-0.162436,-0.183005,-0.094889,-0.297599,-0.217798,-0.226147,-0.118653,-0.086109,-0.083685,0.029737,0.115811,-0.037898,0.131568,0.021316,0.106591,0.155657,-0.051341,-0.001965,0.250341,0.298019,-0.139500,-0.159219,-0.082525,-0.212210,0.163750,0.154628,0.259465,0.312130,0.138121,0.067201,0.067265,0.064410,-0.004618,-0.103324,0.313681,0.231142,0.000000,0.641405,0.129532,0.331845,0.212583,0.203009,0.060673,-0.182251,0.203438,0.159503,-0.008741,-0.106506,0.102662,0.026098,0.243874,0.176011,0.365465,0.305584,0.082674,0.083371,0.018289,-0.128203,-0.184795,-0.291669,-0.132616,-0.189795,-0.228528,-0.316860,0.001030,-0.094498,0.125302,-0.018087,0.142568,0.185979,0.260616,0.263010,0.131234,0.176311,0.183458,0.149702,0.173915,0.211018,0.082753,0.218439,0.196943,0.331739,0.090525,-0.047012,0.034368,0.052756,-0.156432,-0.205504
0.311244,0.311008,0.119414,0.146311,0.165615,0.028476,0.121088,0.128695,-0.000189,0.157950,0.110333,0.249511,0.200465,0.280535,0.349733,0.431618,0.181890,0.304328,0.312183,0.308657,0.473704,0.380564,0.143657,0.119265,0.080494,-0.034889,0.078089,0.269050,0.384988,0.368417,0.320164,0.366368,0.320427,0.295982,0.182142,0.152919,0.163964,0.609419,0.641405,0.000000,0.293861,0.687060,0.280387,0.378889,0.300185,0.188802,0.401374,0.386627,0.278166,0.287506,0.460794,0.362424,0.313948,0.270250,0.679078,0.711900,0.437262,0.316728,0.237309,0.159294,-0.008522,-0.027820,-0.055891,0.001795,0.018725,-0.013979,0.346635,0.239666,0.514527,0.349846,0.084355,0.179095,0.415468,0.504215,0.425167,0.474344,0.323602,0.445651,0.303159,0.299020,0.377403,0.469025,0.330112,0.644212,0.330139,0.328640,0.486129,0.647498,0.274845,0.186341
0.390443,0.168694,0.074855,0.054383,0.053929,0.100723,0.225434,0.066469,-0.003016,0.028478,0.299221,0.188733,0.110669,0.236503,-0.043766,0.088314,0.142291,0.102125,0.125324,0.133791,0.350318,0.178476,0.016631,0.040102,0.026200,0.084647,-0.217210,0.107401,0.166749,0.074746,0.066505,0.170214,0.315644,0.183419,0.306026,0.088264,0.594001,0.392368,0.129532,0.293861,0.000000,0.954059,0.116573,0.207659,0.213282,0.065159,0.242695,0.198916,0.291299,0.100657,0.313203,0.213504,0.106798,0.027541,0.348730,0.264598,0.264632,0.119806,0.157081,0.172539,0.249553,0.137612,0.161953,0.107971,0.115614,0.053731,0.291507,0.169858,0.285498,0.052181,0.526124,0.636647,0.304573,0.185408,0.219405,0.183682,0.359050,0.411744,0.267658,-0.000258,0.209074,0.308153,0.400603,0.537580,0.399237,0.370615,0.319247,0.423306,0.350196,0.355142
0.398133,0.305697,0.102165,0.123364,0.121938,0.111335,0.192113,0.103800,0.001480,0.093323,0.327532,0.315269,0.263369,0.378351,0.229784,0.367825,0.275704,0.286744,0.264048,0.240276,0.542484,0.380866,0.124330,0.160461,0.096395,0.044781,0.011060,0.304370,0.458145,0.303263,0.284027,0.388798,0.474449,0.331159,0.334773,0.152548,0.530465,0.625482,0.331845,0.687060,0.954059,0.000000,0.326366,0.482131,0.317667,0.178707,0.493537,0.453326,0.375806,0.258189,0.487072,0.400103,0.298999,0.284071,0.612902,0.540461,0.394590,0.328249,0.263523,0.202232,0.200156,0.121478,0.209709,0.119311,0.099518,0.032610,0.400672,0.305515,0.434491,0.276386,0.367806,0.521162,0.565899,0.529758,0.457829,0.447334,0.453839,0.523327,0.451852,0.189421,0.419905,0.523195,0.336412,0.591387,0.526836,0.491506,0.402761,0.597827,0.421014,0.327066
0.259553,0.421931,0.686776,0.851243,0.674458,0.457412,0.501252,0.735625,0.558921,0.552134,0.224730,0.777540,0.673968,0.627625,0.871034,0.816472,0.784585,0.811061,0.415924,0.525520,0.527535,0.289119,0.606447,0.748968,0.517423,0.318226,0.671673,0.593326,0.813882,0.607792,0.939312,0.912469,0.708165,0.821594,0.667254,0.678366,0.450939,0.783825,0.212583,0.280387,0.116573,0.326366,0.000000,1.518627,1.101779,0.807522,1.304238,1.314770,0.361251,0.413636,0.718967,0.456114,0.908728,0.683048,0.686117,0.745708,0.516695,0.665023,0.359274,0.387511,0.252371,0.342860,0.341155,0.507138,0.359536,0.410915,0.651269,0.694959,0.538534,0.459207,-0.085627,0.189402,0.662797,0.786717,0.641897,0.775396,0.406419,0.495896,0.595926,0.714961,0.855483,0.968435,0.204083,0.112145,0.685258,0.661386,0.154339,0.138941,0.352326,0.412344
0.431523,0.576101,0.516255,0.737538,0.605664,0.413256,0.471980,0.633151,0.440603,0.489778,0.363882,0.872987,0.682117,0.758901,0.806967,0.888870,0.823901,0.835117,0.494944,0.617127,0.669718,0.309220,0.468206,0.564509,0.338293,0.243299,0.505220,0.623467,0.888057,0.659796,0.889749,0.973441,0.843766,0.923439,0.585453,0.614086,0.462770,0.758997,0.203009,0.378889,0.207659,0.482131,1.518627,0.000000,0.965898,0.806301,1.501008,1.751931,0.603957,0.604446,0.845129,0.714146,0.924739,0.794649,0.861242,0.917249,0.626162,0.782245,0.581728,0.484014,0.439847,0.456292,0.499682,0.585508,0.334676,0.436379,0.793546,0.796055,0.635857,0.521971,0.015858,0.240946,0.722699,0.913390,0.683878,0.838361,0.534171,0.609433,0.626053,0.692616,0.888425,0.904055,0.183917,0.196637,0.647075,0.798504,0.221389,0.272942,0.469096,0.405208
0.358689,0.456307,0.990372,0.973446,0.604423,0.541565,0.731617,0.686805,0.505100,0.546948,0.179870,0.487451,0.459741,0.610043,0.610710,0.724781,0.519089,0.575625,0.541862,0.598219,0.424633,0.230222,0.850711,0.798749,0.720743,0.419202,0.466890,0.510936,0.570513,0.444257,0.725428,0.738294,0.737019,0.756282,1.039766,0.622414,0.365445,0.636208,0.060673,0.300185,0.213282,0.317667,1.101779,0.965898,0.000000,0.916581,0.832077,0.899907,0.492836,0.356176,0.859557,0.379595,0.482033,0.412092,0.444935,0.529593,0.555487,0.575518,0.279692,0.303799,0.238370,0.303960,0.189222,0.335856,0.630870,0.490178,0.869512,0.823620,0.606268,0.543420,-0.058455,0.224360,0.423495,0.550918,0.516726,0.566774,0.420532,0.499880,0.496392,0.588150,0.627567,0.799988,0.337317,0.289919,0.852766,0.716555,0.429537,0.412811,0.511217,0.586093
0.461914,0.464172,0.818406,0.929832,0.750273,0.720853,0.780400,0.901008,0.614172,0.626931,0.285633,0.570642,0.404308,0.591124,0.541646,0.634258,0.526892,0.492289,0.609348,0.619031,0.352862,0.141894,0.695101,0.747508,0.418022,0.345726,0.384222,0.328889,0.385525,0.332528,0.464230,0.548921,0.618353,0.764497,0.682131,0.927647,0.114112,0.421724,-0.182251,0.188802,0.065159,0.178707,0.807522,0.806301,0.916581,0.000000,0.745265,0.892561,0.491487,0.741900,0.768188,0.563739,0.472035,0.379914,0.398637,0.450306,0.551881,0.649447,0.490904,0.631438,0.418285,0.639136,0.364123,0.651303,0.573047,0.850953,0.795548,1.149595,0.655044,0.768596,-0.123852,0.083591,0.362142,0.489355,0.520658,0.562200,0.396190,0.484880,0.494064,0.405145,0.737430,0.643983,0.212619,0.210600,0.668419,0.841568,0.374689,0.380959,0.666008,0.724750
0.595463,0.711274,0.456256,0.642178,0.632283,0.491572,0.543328,0.618560,0.477182,0.566518,0.422857,0.947632,0.599971,0.696623,0.717040,0.747185,0.967694,0.951424,0.588755,0.709150,0.612367,0.256855,0.419291,0.441669,0.263155,0.194686,0.398318,0.438248,0.773422,0.594909,0.729286,0.768184,0.777474,0.875252,0.464783,0.519724,0.454703,0.840001,0.203438,0.401374,0.242695,0.493537,1.304238,1.501008,0.832077,0.745265,0.000000,1.846040,0.676392,0.762842,0.804201,0.804091,1.034035,0.848257,1.063075,1.147174,0.732353,0.906152,0.669678,0.658829,0.397908,0.423959,0.529428,0.610539,0.186234,0.308148,0.846659,0.808864,0.900119,0.726776,0.033577,0.218695,0.739056,0.886878,0.727327,0.801828,0.549520,0.698605,0.662575,0.681701,1.086386,0.817624,0.147515,0.237158,0.632534,0.778802,0.248652,0.314786,0.529453,0.559192
0.600033,0.695464,0.509672,0.720395,0.701583,0.550879,0.589291,0.700774,0.514390,0.586290,0.458281,0.983158,0.624821,0.785226,0.769198,0.868600,0.946319,0.899117,0.606911,0.709932,0.596783,0.293421,0.474633,0.526009,0.319202,0.243571,0.443023,0.495559,0.780457,0.638240,0.725549,0.821497,0.815077,0.914530,0.536785,0.616234,0.413571,0.754810,0.159503,0.386627,0.198916,0.453326,1.314770,1.751931,0.899907,0.892561,1.846040,0.000000,0.764273,0.830089,0.906898,0.919572,0.917551,0.798053,0.908186,1.032929,0.749023,0.876171,0.682984,0.707483,0.510403,0.579364,0.596981,0.693653,0.296442,0.480978,0.893569,0.914689,0.830903,0.709374,-0.010313,0.193335,0.711414,0.896678,0.718340,0.844758,0.530071,0.634128,0.656856,0.700331,1.080281,0.866556,0.209244,0.259196,0.681230,0.916568,0.301153,0.363730,0.602050,0.611884
0.844440,0.791886,0.298784,0.370494,0.361973,0.406938,0.603202,0.312565,0.245088,0.333025,0.454890,0.484887,0.221271,0.530956,0.282519,0.497473,0.526273,0.464891,0.534926,0.620259,0.246377,0.069295,0.291705,0.146217,0.112027,0.149648,-0.102493,0.094119,0.398389,0.397127,0.207204,0.303025,0.545803,0.541994,0.308633,0.151963,0.262656,0.266579,-0.008741,0.278166,0.291299,0.375806,0.361251,0.603957,0.492836,0.491487,0.676392,0.764273,0.000000,0.940297,0.733503,1.037406,0.333053,0.408109,0.555032,0.668006,0.698351,0.682565,0.886389,0.780893,0.649769,0.567760,0.527672,0.446575,0.183564,0.362738,0.838113,0.749842,0.671497,0.596314,0.071583,0.134101,0.286438,0.422547,0.336599,0.385673,0.429921,0.420568,0.443065,0.392716,0.564407,0.313789,0.357997,0.554505,0.384478,0.557233,0.699204,0.657299,0.674629,0.647504
