0.000000,0.838717,0.538728,0.461960,0.531052,0.108470,0.683887,0.533104,0.023508,0.263661,0.559395,0.352474,0.483236,0.004987,0.244075,0.173481,0.349615,0.036953,0.867628,0.838349,-0.354879,-0.435758,0.387659,0.381687,0.499171,0.492584,-0.116545,0.090865,0.213475,-0.195574,0.223518,0.108358,0.267243,0.455296,-0.247306,-0.314130,-0.148459,-0.205712,-0.137270,-0.199687,0.182572,0.079978,0.376538,0.030516,0.076897,0.004598,0.149290,0.122405,0.111593,-0.155489,0.082303,-0.023810,0.320036,0.078140,0.421044,-0.053245,1.230682,0.609763,0.747053,0.500146,0.467678,0.003958,0.712716,0.085801,0.056209,-0.277382,0.203838,0.064029,0.597699,0.534801,-0.218669,-0.230802,0.683749,0.285070,0.687017,0.415978,-0.104854,-0.204264,0.524012,-0.143917,0.396606,-0.095549,0.056079,-0.030867,0.093843,-0.177205,0.022396,-0.111476,0.383456,0.303385
0.838717,0.000000,0.461251,0.807886,0.191415,0.117401,0.471977,0.825522,-0.165206,0.113236,0.303300,0.371489,0.163390,0.040187,-0.073008,0.010685,-0.018536,-0.109387,0.886962,0.899972,-0.504016,-0.573084,0.544827,0.593697,0.300600,0.355452,-0.044480,0.072024,-0.141146,-0.262290,0.349755,0.391550,0.440726,0.578688,-0.289273,-0.319164,-0.232316,-0.245883,-0.201725,-0.179929,0.005269,0.083883,0.058005,-0.108268,-0.095730,-0.217242,0.029559,0.010220,0.079881,-0.202828,-0.042289,-0.194494,0.256345,0.133302,0.265674,-0.024552,0.736252,1.343878,0.494391,0.655252,0.206808,0.250171,0.272915,0.068383,-0.162818,-0.367300,0.161427,0.011077,0.749905,0.599743,-0.209074,-0.192771,0.383498,0.179481,0.509735,0.152117,-0.236675,-0.281857,0.217175,-0.197162,0.031732,-0.251015,-0.100812,-0.231057,-0.164000,-0.324615,-0.186872,-0.274570,0.310375,0.094379
0.538728,0.461251,0.000000,0.966794,0.886357,0.198563,1.161604,0.586173,0.329458,0.440441,0.140203,0.213079,0.163386,-0.100212,0.416614,0.370280,-0.018889,0.060317,0.855347,0.848607,-0.133997,-0.244683,1.274237,0.978443,0.888074,0.848214,0.062248,0.228229,-0.079481,-0.080517,0.345844,0.080969,0.042522,0.382661,0.222797,0.181703,0.117225,0.166120,0.147705,0.154730,-0.145927,-0.127767,0.568777,0.343290,0.302515,0.231731,0.623284,0.540858,0.378094,0.219786,0.358635,0.315699,0.600571,0.630938,0.503440,0.344752,0.297183,0.311166,0.299272,0.355791,0.169746,0.010015,0.301587,-0.083081,0.452166,0.025947,0.398522,0.351042,0.453056,0.502109,-0.231101,-0.271844,0.430206,0.273879,0.590992,0.464906,0.101868,0.146110,0.309052,0.150050,0.228048,0.044833,0.076647,-0.036616,0.242916,0.065840,0.112208,0.129889,0.800247,0.462239
0.461960,0.807886,0.966794,0.000000,0.373796,0.357135,0.817912,1.030947,0.223010,0.279337,0.110792,0.281944,0.090661,0.171715,0.216525,0.227915,-0.118866,-0.090001,0.680606,0.837414,-0.236892,-0.177673,1.139793,1.368005,0.506785,0.585160,0.273067,0.339898,-0.166134,-0.110031,0.469749,0.494005,0.296013,0.380724,-0.002328,-0.048791,0.068975,0.046531,0.125395,0.158896,-0.234208,-0.192452,0.303898,0.138169,0.090875,-0.048210,0.364281,0.324586,0.213322,0.041884,0.172076,0.056229,0.462282,0.481190,0.369622,0.299395,0.287809,0.573985,0.111949,0.292512,0.027160,0.190222,0.150222,0.002531,0.160462,-0.087099,0.357248,0.200696,0.542727,0.587909,-0.115393,-0.076705,0.194915,0.232774,0.262832,0.172279,-0.141727,-0.052871,0.045729,0.006081,-0.009029,-0.055432,-0.036594,-0.131677,-0.036428,-0.164339,-0.068408,-0.054967,0.532476,0.238165
0.531052,0.191415,0.886357,0.373796,0.000000,0.296433,0.717415,0.253420,0.630240,0.567792,0.277820,0.257526,0.290762,-0.127145,0.532290,0.481910,0.272742,0.144976,0.563493,0.605736,-0.087976,-0.170963,0.646530,0.474819,1.028615,0.902195,0.003060,0.184985,0.054332,-0.020597,0.091124,-0.145653,-0.096722,0.252654,0.213549,0.242477,0.263773,0.284657,0.233820,0.233308,0.054943,-0.029794,0.670967,0.386999,0.381099,0.325325,0.637648,0.665630,0.463743,0.263762,0.394110,0.492619,0.533475,0.520471,0.514239,0.316773,0.424311,0.151583,0.412742,0.391945,0.263704,-0.017046,0.477799,-0.044595,0.518879,0.093005,0.327562,0.352321,0.263486,0.435341,-0.322557,-0.329168,0.493543,0.354170,0.695888,0.673352,0.163789,0.190193,0.340262,0.192492,0.453191,0.219472,0.046801,0.106468,0.431144,0.261009,0.185048,0.313942,0.758542,0.591996
0.108470,0.117401,0.198563,0.357135,0.296433,0.000000,0.322257,0.417267,0.677522,0.801803,0.151828,0.499391,0.129445,0.646950,0.469427,0.799823,0.214967,0.348430,0.084728,0.114069,-0.019922,0.175505,0.302874,0.346100,0.208054,0.356868,0.421205,0.435262,0.208421,0.534908,0.016687,0.283110,0.115761,-0.042484,0.058327,0.061435,0.357406,0.360071,0.369291,0.443220,0.004192,0.020753,0.465011,0.453318,0.292590,0.281956,0.404724,0.485633,0.475544,0.376418,0.316630,0.528092,0.417439,0.256156,0.574399,0.583410,0.175309,0.198715,-0.028270,0.167114,-0.157955,0.349253,0.271789,0.520579,0.165006,0.309601,0.320191,0.291473,-0.119086,0.283638,-0.041388,0.182150,0.128841,0.657367,0.081059,0.368850,0.038939,0.045622,-0.108853,0.338172,0.247141,0.625812,0.083021,0.419482,0.126165,0.333665,0.162057,0.291758,0.293941,0.230723
0.683887,0.471977,1.161604,0.817912,0.717415,0.322257,0.000000,0.867102,0.421787,0.484636,0.437316,0.532333,0.569745,0.218441,0.454308,0.434053,0.032807,0.140216,0.541712,0.492819,-0.257971,-0.299056,1.022108,0.961385,0.719695,0.764553,-0.136494,0.057801,0.061406,-0.058283,0.519878,0.382834,0.057991,0.324611,-0.081518,-0.174228,-0.043168,-0.036004,0.037196,0.028948,0.131762,0.066338,0.381890,0.181071,0.182400,0.095391,0.321821,0.320663,0.254734,0.081077,0.209405,0.243084,0.302891,0.311853,0.352209,0.160035,0.412407,0.286670,0.373865,0.299334,0.233722,-0.032392,0.401546,0.075020,0.287873,-0.060749,0.243585,0.157017,0.182227,0.291670,-0.236893,-0.226620,0.523803,0.246521,0.572812,0.434893,-0.029207,-0.084848,0.290832,0.040679,0.174666,0.037932,0.143787,0.065015,0.134496,0.019444,0.144968,0.114333,0.452125,0.371932
0.533104,0.825522,0.586173,1.030947,0.253420,0.417267,0.867102,0.000000,0.108829,0.431400,0.282605,0.790702,0.315272,0.494007,0.059753,0.258115,-0.067131,0.113321,0.454986,0.452404,-0.411598,-0.290586,0.670850,0.876752,0.410801,0.557357,-0.002975,0.111010,-0.042333,-0.003727,0.467657,0.621195,0.070703,0.211082,-0.383672,-0.304648,-0.176697,-0.163900,-0.091382,-0.059884,-0.101168,-0.029482,0.135568,-0.042834,-0.127781,-0.162857,0.042679,0.080843,0.041976,-0.139793,-0.034000,-0.036530,0.203577,0.004701,0.240910,0.065853,0.299016,0.592559,0.252179,0.412253,-0.000747,0.159092,0.225430,0.303168,-0.125987,-0.100871,0.016860,-0.064048,0.124662,0.242299,-0.230466,-0.120607,0.159070,0.205392,0.265918,0.200202,-0.367248,-0.298559,0.103631,-0.089342,-0.009412,-0.104058,-0.067790,-0.058219,-0.200899,-0.266701,-0.054156,-0.176536,0.218529,0.079239
0.023508,-0.165206,0.329458,0.223010,0.630240,0.677522,0.421787,0.108829,0.000000,0.688548,0.203979,0.234787,0.270524,0.273967,0.826081,0.828740,0.341582,0.241361,-0.026785,0.083310,0.198446,0.281943,0.431611,0.334603,0.452295,0.397903,0.173834,0.239439,0.239677,0.346209,-0.021507,0.055713,-0.033429,-0.077766,0.269720,0.161548,0.621477,0.580237,0.718749,0.735955,0.244523,-0.031446,0.539552,0.531956,0.464505,0.367358,0.643880,0.720708,0.608887,0.511240,0.504887,0.727462,0.440528,0.524840,0.530731,0.651061,0.113699,-0.129009,0.019848,0.049973,-0.006278,0.080911,0.292134,0.082880,0.554022,0.296509,0.402073,0.359119,-0.140512,0.163325,0.037200,0.123801,0.303745,0.467481,0.191625,0.463119,0.335406,0.270228,-0.088109,0.331711,0.354959,0.620224,0.384534,0.535842,0.433460,0.478060,0.480908,0.723405,0.528495,0.357738
0.263661,0.113236,0.440441,0.279337,0.567792,0.801803,0.484636,0.431400,0.688548,0.000000,0.258894,0.626515,0.209697,0.406756,0.545635,1.112642,0.401022,0.655633,0.184654,0.235918,0.084484,0.146874,0.379272,0.348553,0.567749,0.600062,0.120466,0.232759,0.320751,0.599197,-0.053121,0.034837,-0.175815,-0.036038,0.103525,0.160030,0.350161,0.449949,0.450018,0.462888,0.052021,0.068435,0.616938,0.526587,0.389115,0.443546,0.497990,0.590803,0.567427,0.402068,0.458531,0.667623,0.523663,0.222675,0.712240,0.542352,0.229331,0.132234,0.156911,0.260977,-0.172085,0.081042,0.416853,0.393877,0.249761,0.326519,0.196796,0.265657,-0.166697,0.210351,-0.125010,0.040689,0.364042,0.848685,0.444300,0.903240,0.210768,0.205464,0.130026,0.442715,0.481702,0.658863,0.282297,0.607474,0.311144,0.405019,0.397187,0.452929,0.506871,0.356805
0.559395,0.303300,0.140203,0.110792,0.277820,0.151828,0.437316,0.282605,0.203979,0.258894,0.000000,0.464761,1.211618,0.231873,0.305911,0.218895,0.347196,-0.064751,0.286353,0.119022,-0.403947,-0.467250,0.250120,0.173633,0.237487,0.124485,-0.319517,-0.401658,0.355440,-0.168144,0.424163,0.437226,0.245046,0.106462,-0.362020,-0.497618,-0.269565,-0.367550,-0.163060,-0.179687,0.358764,0.175777,0.000633,-0.141655,-0.187240,-0.240839,-0.169298,-0.140913,-0.044105,-0.360411,-0.189608,-0.097993,-0.134573,-0.190814,0.060534,-0.156378,0.587957,0.218634,0.481205,0.294845,0.503510,-0.156741,0.576166,0.076652,0.007814,-0.380392,-0.143120,-0.326886,-0.046248,-0.064502,-0.075633,-0.029070,0.470710,0.049770,0.409638,0.203525,-0.239724,-0.562986,0.237441,-0.298153,0.321097,-0.123622,0.276415,0.027402,0.015133,-0.206170,0.204564,-0.037051,-0.018500,-0.022013
0.352474,0.371489,0.213079,0.281944,0.257526,0.499391,0.532333,0.790702,0.234787,0.626515,0.464761,0.000000,0.558169,0.825583,0.213242,0.572072,0.150672,0.522711,0.117314,0.127702,-0.205294,-0.142717,0.268534,0.410381,0.321505,0.506028,-0.197077,-0.063157,0.224292,0.350494,0.329537,0.451030,-0.129931,0.177160,-0.457562,-0.299321,-0.117489,-0.039740,-0.071852,-0.000043,0.158289,0.188707,0.098060,0.001653,-0.057773,0.011325,0.025750,0.106840,0.146178,0.053738,-0.002635,0.182461,0.057332,-0.148668,0.150715,0.007088,0.227871,0.338737,0.220417,0.328069,0.006312,0.240120,0.357526,0.527839,-0.161256,0.114652,-0.180013,-0.136439,-0.209047,-0.080528,-0.150325,0.022663,0.194189,0.365420,0.274230,0.292750,-0.152666,-0.137807,0.185745,0.197012,0.163556,0.239654,0.054516,0.306793,-0.057037,0.091124,0.043352,0.086434,0.114410,0.050106
0.483236,0.163390,0.163386,0.090661,0.290762,0.129445,0.569745,0.315272,0.270524,0.209697,1.211618,0.558169,0.000000,0.388504,0.404247,0.225982,0.176718,0.054791,0.131283,-0.016518,-0.206756,-0.273245,0.239685,0.227929,0.201310,0.168117,-0.467629,-0.443464,0.304787,-0.103494,0.503117,0.422444,0.003063,-0.002055,-0.428582,-0.600776,-0.268734,-0.323790,-0.156295,-0.202946,0.402601,0.198968,-0.041188,-0.138195,-0.214750,-0.197932,-0.183829,-0.177112,-0.134421,-0.293592,-0.201273,-0.045877,-0.258295,-0.194707,-0.116381,-0.201591,0.364197,0.063639,0.326127,0.114538,0.402136,-0.187635,0.384076,0.087925,-0.043548,-0.257583,-0.299226,-0.382189,-0.155965,-0.204193,0.047098,0.078529,0.358914,-0.001964,0.267696,0.137473,-0.152149,-0.377124,0.228156,-0.213531,0.180537,-0.094545,0.250095,0.106746,0.081268,-0.076871,0.210471,0.011000,-0.042229,0.059841
0.004987,0.040187,-0.100212,0.171715,-0.127145,0.646950,0.218441,0.494007,0.273967,0.406756,0.231873,0.825583,0.388504,0.000000,0.258586,0.456445,0.029638,0.503012,-0.246859,-0.211014,0.006917,0.241711,0.040725,0.220028,-0.116032,0.060786,0.100265,0.111955,0.250029,0.509045,0.196834,0.558171,0.076627,-0.058617,-0.310249,-0.295640,-0.027499,-0.010481,0.001014,0.069837,0.077103,0.157525,-0.044360,0.047490,-0.047751,0.019377,-0.097598,-0.024579,0.060931,0.133297,0.010675,0.116254,-0.108214,-0.203919,-0.040803,0.036431,-0.057779,0.131611,-0.149608,-0.108209,-0.099025,0.350029,0.123563,0.709915,-0.106687,0.232055,-0.081387,-0.116413,-0.378307,-0.164982,0.196164,0.446305,-0.053034,0.368016,-0.167843,-0.012027,-0.110827,-0.110576,-0.128387,0.213458,-0.073037,0.352454,-0.028444,0.318199,-0.109624,0.089918,-0.061208,0.004413,-0.170031,-0.197189
0.244075,-0.073008,0.416614,0.216525,0.532290,0.469427,0.454308,0.059753,0.826081,0.545635,0.305911,0.213242,0.404247,0.258586,0.000000,0.889893,0.432915,0.417586,0.144279,0.202887,0.254827,0.248033,0.397685,0.334325,0.356275,0.374870,0.275367,0.310390,0.568764,0.491653,0.129247,0.026353,0.143490,0.141290,0.358666,0.094816,0.407156,0.410240,0.457147,0.347316,0.181872,0.061832,0.654655,0.596562,0.551757,0.536582,0.546271,0.546559,0.512803,0.463815,0.440768,0.578839,0.355999,0.441394,0.405025,0.421493,0.281974,-0.005961,0.080283,0.040456,0.171643,0.110608,0.489136,0.239473,0.665503,0.365744,0.441150,0.450215,0.052924,0.236661,0.189641,0.226179,0.518058,0.684542,0.330988,0.523272,0.417484,0.311426,0.296490,0.503901,0.593377,0.670184,0.474877,0.507242,0.473816,0.457755,0.373954,0.457238,0.466997,0.386083
0.173481,0.010685,0.370280,0.227915,0.481910,0.799823,0.434053,0.258115,0.828740,1.112642,0.218895,0.572072,0.225982,0.456445,0.889893,0.000000,0.457458,0.718342,0.087520,0.164652,0.251750,0.250568,0.384934,0.352909,0.462390,0.500088,0.231212,0.310005,0.440669,0.858718,0.057071,0.121713,-0.065667,-0.005365,0.225647,0.192970,0.360786,0.500559,0.435100,0.489345,0.166761,0.155902,0.598776,0.631804,0.483817,0.553429,0.525503,0.591934,0.643414,0.555876,0.423853,0.785145,0.447801,0.314304,0.626343,0.569777,0.226939,0.091540,0.108503,0.220142,-0.151904,0.192447,0.367203,0.491617,0.344042,0.471750,0.278354,0.412325,-0.169115,0.192070,0.042418,0.195178,0.412754,0.976825,0.364564,0.794467,0.374897,0.296824,0.177389,0.569316,0.488506,0.983961,0.426960,0.878328,0.268558,0.582408,0.382103,0.678585,0.468026,0.323865
0.349615,-0.018536,-0.018889,-0.118866,0.272742,0.214967,0.032807,-0.067131,0.341582,0.401022,0.347196,0.150672,0.176718,0.029638,0.432915,0.457458,0.000000,0.418457,0.069232,0.084446,0.163300,0.115976,-0.009726,-0.010688,0.262323,0.245878,0.121301,0.079323,0.896280,0.421114,-0.247374,-0.249751,0.008865,-0.028160,0.317535,0.142079,0.368572,0.315140,0.317331,0.277019,0.447290,0.233401,0.543922,0.475413,0.569285,0.473458,0.348826,0.367095,0.538511,0.289833,0.523770,0.478881,0.397961,0.063103,0.551265,0.218134,0.434454,-0.034227,0.160490,-0.005572,0.096212,-0.231435,0.607883,0.112371,0.345995,0.112273,0.190130,0.120639,-0.011565,0.106968,0.008216,0.052002,0.569702,0.510461,0.408883,0.550255,0.434582,0.189239,0.544264,0.359980,1.058607,0.540686,0.357995,0.473205,0.580549,0.331720,0.321253,0.281426,0.245895,0.090667
0.036953,-0.109387,0.060317,-0.090001,0.144976,0.348430,0.140216,0.113321,0.241361,0.655633,-0.064751,0.522711,0.054791,0.503012,0.417586,0.718342,0.418457,0.000000,-0.176947,-0.088138,0.311589,0.346943,-0.035973,0.050485,0.148703,0.288592,0.057186,0.118804,0.442052,1.074327,-0.236732,-0.169422,-0.321358,-0.026419,0.184335,0.139199,0.194385,0.366014,0.201547,0.194593,0.148688,0.317576,0.363384,0.461327,0.488218,0.691098,0.294782,0.341072,0.475506,0.627295,0.442651,0.578219,0.226254,0.016361,0.248065,0.142623,-0.054094,-0.002470,-0.137686,-0.099963,-0.319697,0.139116,0.192158,0.613644,0.155178,0.595205,0.037088,0.189537,-0.268863,-0.053142,-0.018964,0.143993,0.222203,0.814822,0.231586,0.514494,0.379666,0.406277,0.326975,0.900425,0.365711,0.853901,0.155898,0.692619,0.330736,0.537556,0.153156,0.312964,0.202185,0.092245
0.867628,0.886962,0.855347,0.680606,0.563493,0.084728,0.541712,0.454986,-0.026785,0.184654,0.286353,0.117314,0.131283,-0.246859,0.144279,0.087520,0.069232,-0.176947,0.000000,1.420477,-0.355530,-0.521813,0.667076,0.487612,0.427891,0.398932,0.024204,0.151371,-0.009813,-0.279746,0.267851,0.016869,0.351372,0.529350,-0.011698,-0.019928,-0.072898,-0.078484,-0.103277,-0.094274,-0.183653,-0.080788,0.327815,0.134549,0.051849,-0.008541,0.334987,0.218294,0.236988,-0.065175,0.155640,0.004981,0.475250,0.371716,0.408402,0.165537,0.657539,0.710423,0.479225,0.583652,0.358866,0.100189,0.382422,-0.084838,0.116504,-0.276796,0.287483,0.113979,0.919588,0.626273,-0.161724,-0.217267,0.515590,0.225271,0.652052,0.354605,-0.056798,-0.089557,0.300978,-0.089239,0.279988,-0.211240,-0.082209,-0.300756,0.108174,-0.191385,-0.110665,-0.167544,0.497965,0.197983
0.838349,0.899972,0.848607,0.837414,0.605736,0.114069,0.492819,0.452404,0.083310,0.235918,0.119022,0.127702,-0.016518,-0.211014,0.202887,0.164652,0.084446,-0.088138,1.420477,0.000000,-0.214071,-0.304103,0.663795,0.594970,0.534880,0.540613,0.163936,0.360111,-0.044782,-0.163395,0.220895,0.013637,0.363039,0.642295,0.043426,0.057853,0.098810,0.101620,0.062664,0.067306,-0.221007,-0.167314,0.441888,0.198413,0.178094,0.072910,0.482595,0.399139,0.310541,0.071843,0.255932,0.075772,0.644402,0.539367,0.504501,0.248267,0.683624,0.767017,0.418249,0.584425,0.261207,0.245183,0.403101,-0.049863,0.160123,-0.151258,0.448132,0.311615,1.179768,0.927537,-0.139925,-0.190869,0.483875,0.352233,0.590751,0.374544,0.018989,0.069048,0.254608,0.045545,0.270757,-0.046455,-0.053097,-0.148290,0.101160,-0.095755,-0.110078,-0.039976,0.731154,0.306375
-0.354879,-0.504016,-0.133997,-0.236892,-0.087976,-0.019922,-0.257971,-0.411598,0.198446,0.084484,-0.403947,-0.205294,-0.206756,0.006917,0.254827,0.251750,0.163300,0.311589,-0.355530,-0.214071,0.000000,1.226679,-0.173147,-0.142119,-0.048619,-0.083442,0.284811,0.171873,0.270669,0.538295,-0.153649,-0.253091,-0.179705,-0.203171,0.415019,0.390988,0.440625,0.537794,0.432579,0.412317,-0.083852,-0.113959,0.162911,0.329869,0.266316,0.382746,0.240168,0.213079,0.153250,0.400480,0.262013,0.344438,0.112984,0.158817,-0.028326,0.253117,-0.287327,-0.383711,-0.352409,-0.353060,-0.251425,-0.015717,-0.114219,0.006041,0.182346,0.404678,0.081954,0.217931,-0.147273,-0.099822,0.713930,0.671767,-0.054392,0.227990,-0.290932,0.100219,0.862280,0.961996,-0.183708,0.432459,0.091583,0.504115,0.308319,0.499309,0.252796,0.426570,0.264840,0.313333,0.088551,-0.013800
-0.435758,-0.573084,-0.244683,-0.177673,-0.170963,0.175505,-0.299056,-0.290586,0.281943,0.146874,-0.467250,-0.142717,-0.273245,0.241711,0.248033,0.250568,0.115976,0.346943,-0.521813,-0.304103,1.226679,0.000000,-0.239694,-0.181918,-0.132531,-0.100141,0.501232,0.412109,0.234153,0.650179,-0.250285,-0.171974,-0.158907,-0.284548,0.334034,0.305686,0.653908,0.731229,0.641547,0.606597,-0.179747,-0.302723,0.223313,0.390135,0.286116,0.392912,0.260935,0.303299,0.157674,0.453462,0.312643,0.375223,0.154949,0.125623,0.034902,0.388981,-0.400219,-0.404778,-0.511065,-0.466142,-0.363148,0.126319,-0.179604,0.131901,0.191288,0.554923,0.128048,0.206933,-0.253514,-0.073840,0.599794,0.708833,-0.266703,0.282461,-0.524771,0.023949,0.576568,0.817629,-0.317321,0.474001,0.047745,0.633429,0.209700,0.535056,0.242472,0.439973,0.260120,0.338393,0.081776,0.012797
0.387659,0.544827,1.274237,1.139793,0.646530,0.302874,1.022108,0.670850,0.431611,0.379272,0.250120,0.268534,0.239685,0.040725,0.397685,0.384934,-0.009726,-0.035973,0.667076,0.663795,-0.173147,-0.239694,0.000000,1.380727,0.727954,0.722197,0.061246,0.132398,-0.092799,-0.073386,0.481006,0.385739,0.223728,0.372456,0.220931,0.098852,0.113151,0.141165,0.180209,0.248288,-0.017882,-0.012623,0.357236,0.290687,0.287416,0.146762,0.465864,0.492769,0.426852,0.185420,0.302650,0.305948,0.456773,0.620937,0.441524,0.413690,0.301404,0.410523,0.230594,0.358752,0.126785,0.063022,0.243996,-0.062921,0.387075,-0.037749,0.355939,0.284718,0.356517,0.452775,-0.150514,-0.139809,0.370457,0.239481,0.480607,0.311338,0.071801,0.061029,0.135792,0.094614,0.159789,0.078146,0.118976,0.008300,0.141792,0.019276,0.119257,0.169289,0.588587,0.359506
0.381687,0.593697,0.978443,1.368005,0.474819,0.346100,0.961385,0.876752,0.334603,0.348553,0.173633,0.410381,0.227929,0.220028,0.334325,0.352909,-0.010688,0.050485,0.487612,0.594970,-0.142119,-0.181918,1.380727,0.000000,0.580829,0.773667,0.126476,0.180916,-0.092421,-0.026056,0.502961,0.513230,0.181214,0.358098,0.104367,0.003750,0.053327,0.040471,0.133504,0.166380,-0.015755,0.011367,0.267623,0.167172,0.213049,0.067600,0.350748,0.327340,0.301973,0.140970,0.218091,0.191957,0.341599,0.445344,0.303499,0.247484,0.252143,0.404865,0.110200,0.237335,0.028527,0.102521,0.181703,0.021694,0.238419,-0.008281,0.284347,0.246069,0.330128,0.402290,-0.123215,-0.096433,0.311311,0.260776,0.378322,0.224945,0.013138,0.009401,0.123977,0.121734,0.042082,0.059558,0.028735,-0.004735,0.015076,-0.032256,-0.013314,0.071118,0.463030,0.266651
0.499171,0.300600,0.888074,0.506785,1.028615,0.208054,0.719695,0.410801,0.452295,0.567749,0.237487,0.321505,0.201310,-0.116032,0.356275,0.462390,0.262323,0.148703,0.427891,0.534880,-0.048619,-0.132531,0.727954,0.580829,0.000000,1.371485,0.091256,0.274087,0.075686,0.026861,0.187551,0.043113,-0.131830,0.208326,0.173894,0.198197,0.255309,0.277940,0.287247,0.268243,0.023701,-0.153154,0.700846,0.336264,0.315618,0.260526,0.544250,0.651189,0.397650,0.166096,0.309239,0.424377,0.556016,0.377152,0.630788,0.309318,0.406205,0.227601,0.409224,0.482327,0.111925,-0.082273,0.440146,-0.040847,0.415373,0.100936,0.308440,0.337347,0.169073,0.417250,-0.363228,-0.323826,0.390125,0.333610,0.555435,0.610522,0.081549,0.156562,0.405071,0.170483,0.454380,0.175622,0.250940,0.167615,0.276514,0.116253,0.375569,0.278204,0.745546,0.536803
0.492584,0.355452,0.848214,0.585160,0.902195,0.356868,0.764553,0.557357,0.397903,0.600062,0.124485,0.506028,0.168117,0.060786,0.374870,0.500088,0.245878,0.288592,0.398932,0.540613,-0.083442,-0.100141,0.722197,0.773667,1.371485,0.000000,0.137884,0.378841,0.078681,0.145629,0.205686,0.092277,-0.142931,0.250308,0.136884,0.138962,0.226896,0.271749,0.252593,0.225335,0.044082,-0.098680,0.687379,0.339483,0.376745,0.312708,0.545669,0.645222,0.411368,0.226802,0.338664,0.433689,0.544713,0.338507,0.589124,0.285812,0.380826,0.265554,0.348638,0.433314,0.041457,0.030146,0.401744,0.079519,0.337833,0.171907,0.303880,0.368037,0.164937,0.446939,-0.361167,-0.287767,0.342184,0.433842,0.529045,0.548862,0.080927,0.177072,0.421249,0.323823,0.401482,0.252609,0.137505,0.183448,0.208274,0.144686,0.269693,0.229813,0.725625,0.524021
-0.116545,-0.044480,0.062248,0.273067,0.003060,0.421205,-0.136494,-0.002975,0.173834,0.120466,-0.319517,-0.197077,-0.467629,0.100265,0.275367,0.231212,0.121301,0.057186,0.024204,0.163936,0.284811,0.501232,0.061246,0.126476,0.091256,0.137884,0.000000,1.111405,0.187284,0.388447,-0.037812,0.042665,0.332207,0.015267,0.446529,0.363224,0.531539,0.446433,0.427509,0.419720,-0.459885,-0.431900,0.407963,0.406111,0.306328,0.278933,0.372112,0.356078,0.294682,0.344145,0.272960,0.239695,0.448931,0.353964,0.342595,0.510952,0.009208,0.127946,-0.214897,-0.024754,-0.136205,0.406662,0.013673,0.283495,0.309461,0.428263,0.512969,0.454547,0.150927,0.433640,0.181844,0.285653,-0.192055,0.315600,-0.303411,0.017891,0.074034,0.220018,-0.123257,0.310719,0.159941,0.422652,0.064537,0.125676,0.050434,0.148870,0.018373,0.078190,0.253928,0.100811
0.090865,0.072024,0.228229,0.339898,0.184985,0.435262,0.057801,0.111010,0.239439,0.232759,-0.401658,-0.063157,-0.443464,0.111955,0.310390,0.310005,0.079323,0.118804,0.151371,0.360111,0.171873,0.412109,0.132398,0.180916,0.274087,0.378841,1.111405,0.000000,0.089385,0.327971,-0.062393,-0.019753,0.266845,0.146043,0.349892,0.353748,0.524841,0.482316,0.407024,0.373670,-0.339294,-0.388693,0.543978,0.454367,0.381725,0.327920,0.475284,0.498132,0.322059,0.372470,0.353760,0.306330,0.530927,0.398432,0.471723,0.502931,0.128955,0.200080,-0.043710,0.098368,-0.094528,0.445744,0.081414,0.248944,0.319171,0.431545,0.666689,0.647748,0.283765,0.640743,0.061179,0.138978,-0.005535,0.524410,-0.069110,0.207202,0.097984,0.298850,-0.017426,0.359144,0.163464,0.388529,-0.024783,0.126877,0.104492,0.225860,-0.009567,0.134947,0.419315,0.315290
0.213475,-0.141146,-0.079481,-0.166134,0.054332,0.208421,0.061406,-0.042333,0.239677,0.320751,0.355440,0.224292,0.304787,0.250029,0.568764,0.440669,0.896280,0.442052,-0.009813,-0.044782,0.270669,0.234153,-0.092799,-0.092421,0.075686,0.078681,0.187284,0.089385,0.000000,0.656087,0.044633,-0.052662,0.096822,-0.028083,0.136213,-0.101126,0.197883,0.165517,0.154574,0.064985,0.292130,0.151238,0.351397,0.356965,0.328642,0.351280,0.125000,0.132181,0.311725,0.205794,0.329932,0.329862,0.169754,-0.040957,0.231690,0.113854,0.303148,-0.079568,0.119995,-0.053168,0.239750,-0.112503,0.572065,0.305258,0.235779,0.182138,0.084981,0.027101,-0.115402,-0.029269,0.349513,0.366195,0.378391,0.388643,0.122056,0.297327,0.357583,0.110927,0.558450,0.451486,0.934299,0.531829,0.604024,0.536136,0.393055,0.248347,0.336451,0.181055,0.017888,-0.039687
-0.195574,-0.262290,-0.080517,-0.110031,-0.020597,0.534908,-0.058283,-0.003727,0.346209,0.599197,-0.168144,0.350494,-0.103494,0.509045,0.491653,0.858718,0.421114,1.074327,-0.279746,-0.163395,0.538295,0.650179,-0.073386,-0.026056,0.026861,0.145629,0.388447,0.327971,0.656087,0.000000,-0.185170,-0.095526,-0.182793,-0.183247,0.299850,0.222920,0.386303,0.613903,0.402190,0.413381,-0.006345,0.106898,0.373072,0.656181,0.492194,0.710743,0.309480,0.396598,0.518307,0.702396,0.433415,0.695092,0.269093,0.118567,0.289010,0.435294,-0.121825,-0.053070,-0.211633,-0.081179,-0.337116,0.266921,0.087055,0.674363,0.160413,0.773735,0.114639,0.317155,-0.329966,0.003589,0.285391,0.474508,0.050859,0.766038,-0.061346,0.379584,0.469408,0.484406,0.160834,1.013922,0.444968,1.292839,0.372707,1.063707,0.240435,0.635761,0.245410,0.432304,0.132987,0.019634
0.223518,0.349755,0.345844,0.469749,0.091124,0.016687,0.519878,0.467657,-0.021507,-0.053121,0.424163,0.329537,0.503117,0.196834,0.129247,0.057071,-0.247374,-0.236732,0.267851,0.220895,-0.153649,-0.250285,0.481006,0.502961,0.187551,0.205686,-0.037812,-0.062393,0.044633,-0.185170,0.000000,0.988189,0.373259,0.440771,-0.226401,-0.290741,-0.337413,-0.373881,-0.290049,-0.298216,-0.107321,-0.144053,-0.161104,-0.231726,-0.301378,-0.326394,-0.159562,-0.198012,-0.223844,-0.309399,-0.313393,-0.250936,-0.200302,-0.004454,-0.220868,-0.178977,0.237203,0.314577,0.252108,0.320596,0.350520,0.174027,0.138618,0.094497,-0.080406,-0.154163,0.017967,-0.032902,0.118663,0.017161,0.196951,0.122929,0.060965,-0.162460,0.005218,-0.189488,-0.261982,-0.322615,0.037363,-0.254531,-0.110423,-0.274031,0.044281,-0.205574,-0.296790,-0.260544,-0.106454,-0.212126,-0.049274,-0.054664
0.108358,0.391550,0.080969,0.494005,-0.145653,0.283110,0.382834,0.621195,0.055713,0.034837,0.437226,0.451030,0.422444,0.558171,0.026353,0.121713,-0.249751,-0.169422,0.016869,0.013637,-0.253091,-0.171974,0.385739,0.513230,0.043113,0.092277,0.042665,-0.019753,-0.052662,-0.095526,0.988189,0.000000,0.474489,0.213521,-0.359517,-0.379205,-0.287671,-0.406822,-0.201005,-0.179944,0.033882,-0.010027,-0.270998,-0.299286,-0.338686,-0.401109,-0.333872,-0.285122,-0.221308,-0.342242,-0.397613,-0.288388,-0.295758,-0.200417,-0.146343,-0.146718,0.196456,0.405433,0.091446,0.232296,0.080489,0.266510,0.008847,0.273720,-0.202421,-0.136882,-0.001500,-0.094679,-0.065344,0.006690,0.081639,0.178724,-0.061585,-0.057810,-0.106455,-0.201739,-0.417062,-0.492643,-0.244905,-0.320365,-0.280767,-0.171877,-0.016544,-0.109118,-0.498993,-0.337716,-0.112116,-0.215208,-0.176390,-0.171559
0.267243,0.440726,0.042522,0.296013,-0.096722,0.115761,0.057991,0.070703,-0.033429,-0.175815,0.245046,-0.129931,0.003063,0.076627,0.143490,-0.065667,0.008865,-0.321358,0.351372,0.363039,-0.179705,-0.158907,0.223728,0.181214,-0.131830,-0.142931,0.332207,0.266845,0.096822,-0.182793,0.373259,0.474489,0.000000,0.674322,0.109176,-0.115238,-0.075119,-0.230910,-0.146759,-0.129323,-0.075365,-0.067761,-0.063447,-0.059665,0.006164,-0.155757,-0.048882,-0.075273,0.044492,-0.089598,-0.034483,-0.239780,0.058856,0.180415,0.071107,0.026501,0.547349,0.614944,0.286878,0.291904,0.535728,0.492177,0.297937,0.172523,0.196909,-0.132185,0.635313,0.287679,0.533914,0.474363,0.275569,0.257424,0.217260,0.102027,0.038410,-0.194494,-0.043230,-0.215839,-0.101939,-0.172090,-0.016194,-0.109277,-0.106943,-0.311171,-0.199843,-0.318685,-0.277486,-0.295015,-0.009610,-0.153491
0.455296,0.578688,0.382661,0.380724,0.252654,-0.042484,0.324611,0.211082,-0.077766,-0.036038,0.106462,0.177160,-0.002055,-0.058617,0.141290,-0.005365,-0.028160,-0.026419,0.529350,0.642295,-0.203171,-0.284548,0.372456,0.358098,0.208326,0.250308,0.015267,0.146043,-0.028083,-0.183247,0.440771,0.213521,0.674322,0.000000,0.083686,0.013835,-0.047872,-0.069424,-0.151266,-0.141321,-0.096333,-0.042187,0.155480,0.005367,0.137498,0.040441,0.295158,0.234039,0.215110,0.141683,0.171906,-0.039545,0.280902,0.376535,0.139869,-0.031224,0.499358,0.623424,0.350990,0.433144,0.518429,0.495773,0.480554,0.035388,0.270941,-0.011500,0.607526,0.414558,0.697173,0.439422,-0.027327,-0.082279,0.306810,0.110348,0.331288,-0.006198,0.086590,0.096198,0.276880,0.126926,0.127586,-0.068381,-0.198595,-0.292566,0.047311,-0.058297,-0.287757,-0.128373,0.274165,0.145260
-0.247306,-0.289273,0.222797,-0.002328,0.213549,0.058327,-0.081518,-0.383672,0.269720,0.103525,-0.362020,-0.457562,-0.428582,-0.310249,0.358666,0.225647,0.317535,0.184335,-0.011698,0.043426,0.415019,0.334034,0.220931,0.104367,0.173894,0.136884,0.446529,0.349892,0.136213,0.299850,-0.226401,-0.359517,0.109176,0.083686,0.000000,1.001412,0.580193,0.615469,0.457388,0.474647,-0.060968,-0.002387,0.476636,0.828513,0.907670,0.863535,0.613297,0.577684,0.676157,0.752886,0.724977,0.658781,0.429315,0.588576,0.352458,0.527082,-0.149830,-0.140555,-0.249707,-0.184882,-0.083878,0.013204,-0.039963,-0.051458,0.791739,0.518332,0.639196,0.739848,0.131581,0.217392,0.106835,0.073897,0.188676,0.323614,0.105195,0.274158,0.684163,0.653512,0.090051,0.524161,0.377957,0.505280,0.018760,0.152294,0.532789,0.522606,0.108624,0.306146,0.306702,0.201182
-0.314130,-0.319164,0.181703,-0.048791,0.242477,0.061435,-0.174228,-0.304648,0.161548,0.160030,-0.497618,-0.299321,-0.600776,-0.295640,0.094816,0.192970,0.142079,0.139199,-0.019928,0.057853,0.390988,0.305686,0.098852,0.003750,0.198197,0.138962,0.363224,0.353748,-0.101126,0.222920,-0.290741,-0.379205,-0.115238,0.013835,1.001412,0.000000,0.549678,0.593912,0.357106,0.466880,-0.264310,-0.062687,0.400295,0.615938,0.550443,0.654786,0.532026,0.551837,0.474715,0.580399,0.485376,0.570294,0.404227,0.414517,0.369168,0.497513,-0.259417,-0.140694,-0.231195,-0.037710,-0.220775,0.095599,-0.145941,-0.047090,0.426329,0.495576,0.398251,0.633898,0.034211,0.151977,-0.085965,-0.082344,-0.055529,0.205621,0.030034,0.270359,0.407804,0.629484,-0.080313,0.380813,0.199619,0.374338,-0.170405,0.072541,0.341804,0.513293,0.001158,0.277593,0.295584,0.242795
-0.148459,-0.232316,0.117225,0.068975,0.263773,0.357406,-0.043168,-0.176697,0.621477,0.350161,-0.269565,-0.117489,-0.268734,-0.027499,0.407156,0.360786,0.368572,0.194385,-0.072898,0.098810,0.440625,0.653908,0.113151,0.053327,0.255309,0.226896,0.531539,0.524841,0.197883,0.386303,-0.337413,-0.287671,-0.075119,-0.047872,0.580193,0.549678,0.000000,1.410112,1.410235,1.269327,-0.019796,-0.266758,0.759298,0.849780,0.698531,0.591608,0.913039,0.920216,0.713734,0.706346,0.884024,0.810326,0.724929,0.608357,0.666945,0.935211,-0.058461,-0.125836,-0.273067,-0.142878,-0.224393,0.129937,0.071437,-0.087145,0.573500,0.423314,0.467575,0.454224,0.046467,0.275878,0.039578,0.112589,0.039931,0.371956,-0.022954,0.368962,0.557751,0.729144,-0.061438,0.522055,0.489260,0.757017,0.275897,0.432631,0.794452,0.734913,0.432544,0.636687,0.653946,0.402629
-0.205712,-0.245883,0.166120,0.046531,0.284657,0.360071,-0.036004,-0.163900,0.580237,0.449949,-0.367550,-0.039740,-0.323790,-0.010481,0.410240,0.500559,0.315140,0.366014,-0.078484,0.101620,0.537794,0.731229,0.141165,0.040471,0.277940,0.271749,0.446433,0.482316,0.165517,0.613903,-0.373881,-0.406822,-0.230910,-0.069424,0.615469,0.593912,1.410112,0.000000,1.151336,1.398721,-0.094757,-0.203859,0.714465,1.016968,0.751887,0.769514,0.939025,1.125826,0.799019,0.930504,0.909965,1.051411,0.713624,0.683030,0.592695,1.048836,-0.160244,-0.122581,-0.261537,-0.095555,-0.284483,0.164381,0.018428,0.013673,0.511717,0.579555,0.356938,0.499425,0.011529,0.241962,0.080471,0.163552,0.034955,0.491199,-0.000835,0.412777,0.690935,0.971602,0.003554,0.765094,0.435956,0.938648,0.276937,0.619695,0.711441,0.958570,0.403282,0.765377,0.619181,0.420612
-0.137270,-0.201725,0.147705,0.125395,0.233820,0.369291,0.037196,-0.091382,0.718749,0.450018,-0.163060,-0.071852,-0.156295,0.001014,0.457147,0.435100,0.317331,0.201547,-0.103277,0.062664,0.432579,0.641547,0.180209,0.133504,0.287247,0.252593,0.427509,0.407024,0.154574,0.402190,-0.290049,-0.201005,-0.146759,-0.151266,0.457388,0.357106,1.410235,1.151336,0.000000,1.383945,-0.014751,-0.309935,0.683573,0.775797,0.595960,0.514489,0.826470,0.817978,0.650826,0.607904,0.705300,0.753796,0.619392,0.553752,0.631439,0.986347,-0.062411,-0.156274,-0.276885,-0.148562,-0.298466,0.061026,0.007828,-0.131173,0.519114,0.433267,0.407911,0.421761,-0.041445,0.265071,0.089308,0.163961,0.096094,0.413191,0.015002,0.439336,0.497280,0.583287,-0.126431,0.483370,0.407180,0.667518,0.448444,0.546941,0.596104,0.602034,0.648151,0.754648,0.623773,0.405296
-0.199687,-0.179929,0.154730,0.158896,0.233308,0.443220,0.028948,-0.059884,0.735955,0.462888,-0.179687,-0.000043,-0.202946,0.069837,0.347316,0.489345,0.277019,0.194593,-0.094274,0.067306,0.412317,0.606597,0.248288,0.166380,0.268243,0.225335,0.419720,0.373670,0.064985,0.413381,-0.298216,-0.179944,-0.129323,-0.141321,0.474647,0.466880,1.269327,1.398721,1.383945,0.000000,-0.035680,-0.202781,0.547738,0.783471,0.583040,0.506048,0.819274,0.962162,0.729644,0.718452,0.746676,0.878698,0.611125,0.649618,0.616095,1.219853,-0.117735,-0.100002,-0.271694,-0.101395,-0.272670,0.136982,-0.008083,-0.051470,0.480580,0.419071,0.340923,0.389607,-0.043648,0.208624,0.047668,0.156125,0.013065,0.392279,-0.030818,0.336513,0.507996,0.617063,-0.191613,0.493718,0.277314,0.718038,0.305466,0.546286,0.549006,0.702715,0.487585,0.865026,0.565734,0.388426
0.182572,0.005269,-0.145927,-0.234208,0.054943,0.004192,0.131762,-0.101168,0.244523,0.052021,0.358764,0.158289,0.402601,0.077103,0.181872,0.166761,0.447290,0.148688,-0.183653,-0.221007,-0.083852,-0.179747,-0.017882,-0.015755,0.023701,0.044082,-0.459885,-0.339294,0.292130,-0.006345,-0.107321,0.033882,-0.075365,-0.096333,-0.060968,-0.264310,-0.019796,-0.094757,-0.014751,-0.035680,0.000000,0.799108,0.005154,-0.019444,0.229407,0.071912,-0.080591,-0.038942,0.140994,-0.031663,0.132190,0.115269,-0.122030,-0.149639,0.095569,-0.184336,0.252735,-0.149060,0.165933,-0.141455,0.070052,-0.455510,0.239995,-0.149483,0.058057,-0.295696,-0.125612,-0.158192,-0.145897,-0.138853,-0.179711,-0.200353,0.479946,0.084861,0.381739,0.199276,0.242360,-0.054910,0.294616,-0.013211,0.258372,0.166126,0.299435,0.322113,0.296669,0.213241,0.279465,0.264084,-0.011342,0.117717
0.079978,0.083883,-0.127767,-0.192452,-0.029794,0.020753,0.066338,-0.029482,-0.031446,0.068435,0.175777,0.188707,0.198968,0.157525,0.061832,0.155902,0.233401,0.317576,-0.080788,-0.167314,-0.113959,-0.302723,-0.012623,0.011367,-0.153154,-0.098680,-0.431900,-0.388693,0.151238,0.106898,-0.144053,-0.010027,-0.067761,-0.042187,-0.002387,-0.062687,-0.266758,-0.203859,-0.309935,-0.202781,0.799108,0.000000,-0.163121,0.028584,0.178804,0.128772,-0.189664,-0.120317,0.167110,0.059919,0.103240,0.122902,-0.207637,-0.146384,-0.056777,-0.194772,0.069061,0.001939,0.002095,-0.181372,-0.121826,-0.319894,0.041042,0.036939,-0.137023,-0.250642,-0.244178,-0.138690,-0.109165,-0.159330,-0.206719,-0.215955,0.454522,0.184179,0.477284,0.202620,0.173962,-0.063335,0.240597,0.078644,0.064102,0.153260,-0.030743,0.203063,0.147771,0.292617,-0.117671,0.122920,-0.287322,0.049791
0.376538,0.058005,0.568777,0.303898,0.670967,0.465011,0.381890,0.135568,0.539552,0.616938,0.000633,0.098060,-0.041188,-0.044360,0.654655,0.598776,0.543922,0.363384,0.327815,0.441888,0.162911,0.223313,0.357236,0.267623,0.700846,0.687379,0.407963,0.543978,0.351397,0.373072,-0.161104,-0.270998,-0.063447,0.155480,0.476636,0.400295,0.759298,0.714465,0.683573,0.547738,0.005154,-0.163121,0.000000,1.052188,0.825664,0.822131,1.175943,1.109905,0.814034,0.614507,0.857658,0.850574,1.117396,0.588635,1.128965,0.696993,0.313780,0.077705,0.060512,0.144516,-0.060975,0.042596,0.471166,0.105191,0.620042,0.369003,0.623306,0.609224,0.214393,0.494002,-0.141163,-0.053245,0.406828,0.683284,0.439593,0.776623,0.418810,0.512256,0.427826,0.481907,0.866701,0.630989,0.286708,0.372267,0.728478,0.501737,0.490715,0.439159,0.889719,0.604246
0.030516,-0.108268,0.343290,0.138169,0.386999,0.453318,0.181071,-0.042834,0.531956,0.526587,-0.141655,0.001653,-0.138195,0.047490,0.596562,0.631804,0.475413,0.461327,0.134549,0.198413,0.329869,0.390135,0.290687,0.167172,0.336264,0.339483,0.406111,0.454367,0.356965,0.656181,-0.231726,-0.299286,-0.059665,0.005367,0.828513,0.615938,0.849780,1.016968,0.775797,0.783471,-0.019444,0.028584,1.052188,0.000000,1.119119,1.297802,0.984794,1.042984,1.168924,1.053406,1.166741,1.403842,0.741422,0.659698,0.747352,0.982791,0.030336,0.034383,-0.145913,-0.042798,-0.167352,0.119848,0.126418,0.191359,0.635838,0.589436,0.541781,0.674830,0.082552,0.325443,0.075383,0.176061,0.366952,0.746954,0.307964,0.662286,0.663321,0.676864,0.243208,0.738531,0.686373,0.912059,0.219745,0.540001,0.784742,0.897750,0.350103,0.578291,0.508788,0.410532
0.076897,-0.095730,0.302515,0.090875,0.381099,0.292590,0.182400,-0.127781,0.464505,0.389115,-0.187240,-0.057773,-0.214750,-0.047751,0.551757,0.483817,0.569285,0.488218,0.051849,0.178094,0.266316,0.286116,0.287416,0.213049,0.315618,0.376745,0.306328,0.381725,0.328642,0.492194,-0.301378,-0.338686,0.006164,0.137498,0.907670,0.550443,0.698531,0.751887,0.595960,0.583040,0.229407,0.178804,0.825664,1.119119,0.000000,1.461556,0.830897,0.894384,1.272383,1.186602,1.377198,1.116636,0.683545,0.551069,0.658391,0.520441,0.123022,-0.020465,-0.074251,-0.117011,-0.108799,0.046873,0.268501,0.153007,0.766316,0.507597,0.620036,0.675597,0.139948,0.337006,-0.026727,0.015203,0.486729,0.678915,0.404503,0.560503,0.767450,0.702767,0.324048,0.782505,0.621034,0.865929,0.185431,0.467860,0.738487,0.679162,0.242879,0.466356,0.528483,0.305112
0.004598,-0.217242,0.231731,-0.048210,0.325325,0.281956,0.095391,-0.162857,0.367358,0.443546,-0.240839,0.011325,-0.197932,0.019377,0.536582,0.553429,0.473458,0.691098,-0.008541,0.072910,0.382746,0.392912,0.146762,0.067600,0.260526,0.312708,0.278933,0.327920,0.351280,0.710743,-0.326394,-0.401109,-0.155757,0.040441,0.863535,0.654786,0.591608,0.769514,0.514489,0.506048,0.071912,0.128772,0.822131,1.297802,1.461556,0.000000,0.730474,0.789300,1.079516,1.269656,1.051618,1.256109,0.537024,0.415501,0.539872,0.523537,-0.004217,-0.046429,-0.120905,-0.081694,-0.158261,0.129377,0.152238,0.333082,0.627796,0.780778,0.451760,0.680684,0.007283,0.188524,0.042244,0.127392,0.334748,0.735133,0.296278,0.575636,0.743075,0.792452,0.314926,0.878986,0.602565,0.942334,0.147529,0.555134,0.642513,0.784321,0.248711,0.455638,0.403900,0.283622
0.149290,0.029559,0.623284,0.364281,0.637648,0.404724,0.321821,0.042679,0.643880,0.497990,-0.169298,0.025750,-0.183829,-0.097598,0.546271,0.525503,0.348826,0.294782,0.334987,0.482595,0.240168,0.260935,0.465864,0.350748,0.544250,0.545669,0.372112,0.475284,0.125000,0.309480,-0.159562,-0.333872,-0.048882,0.295158,0.613297,0.532026,0.913039,0.939025,0.826470,0.819274,-0.080591,-0.189664,1.175943,0.984794,0.830897,0.730474,0.000000,1.424264,1.062528,0.895243,1.142638,0.921144,1.303837,1.088053,0.940162,0.919878,0.104929,0.041417,-0.104775,0.036822,-0.070897,0.143786,0.327150,-0.081747,0.754143,0.348082,0.699503,0.615827,0.320993,0.446193,-0.085146,-0.039058,0.319574,0.521497,0.347757,0.567166,0.572825,0.701388,0.238180,0.631173,0.585503,0.618804,0.158139,0.283449,0.847752,0.639407,0.301332,0.570260,1.038351,0.529234
0.122405,0.010220,0.540858,0.324586,0.665630,0.485633,0.320663,0.080843,0.720708,0.590803,-0.140913,0.106840,-0.177112,-0.024579,0.546559,0.591934,0.367095,0.341072,0.218294,0.399139,0.213079,0.303299,0.492769,0.327340,0.651189,0.645222,0.356078,0.498132,0.132181,0.396598,-0.198012,-0.285122,-0.075273,0.234039,0.577684,0.551837,0.920216,1.125826,0.817978,0.962162,-0.038942,-0.120317,1.109905,1.042984,0.894384,0.789300,1.424264,0.000000,1.025228,0.869989,1.032207,1.070822,1.036045,0.914877,0.935146,0.976877,0.117937,0.059268,-0.015380,0.120631,-0.091556,0.151475,0.346305,0.012703,0.691697,0.402817,0.621736,0.652970,0.190593,0.442746,-0.165597,-0.070067,0.259366,0.579742,0.312106,0.556965,0.498942,0.683702,0.229272,0.717763,0.578332,0.745866,0.181579,0.402591,0.714481,0.704375,0.378985,0.704048,0.869849,0.667425
