0.000000,1.668816,1.125588,0.973068,0.852025,0.765017,0.753259,0.999958,0.789406,1.027557,1.049177,0.742771,0.646057,0.740647,0.877584,0.469105,0.708433,0.672232,1.420962,1.325937,0.590686,0.716957,0.682131,0.704998,0.798762,0.828874,0.959865,0.972930,0.545284,0.777322,0.449737,0.352570,1.292442,1.308556,0.802284,0.823179,0.308507,0.437814,0.089008,0.216590,0.181616,0.170091,1.003263,0.655664,0.834772,0.781947,0.958660,0.916680,1.010082,0.916927,0.945673,0.584550,0.950442,0.750261,0.461720,0.719256,1.677352,1.144951,1.117823,0.862012,1.185985,0.987089,0.722125,0.997312,0.643455,0.716127,0.955585,0.889398,1.316511,0.989335,0.649738,0.619527,0.675569,0.587566,0.699149,0.646966,0.545875,0.529593,0.554301,0.577677,0.738956,1.023593,0.759022,1.099383,0.764499,0.499950,-0.030767,0.512536,0.543655,1.028938
1.668816,0.000000,1.010442,0.894100,0.773601,0.671115,0.692051,0.963199,0.852248,1.026529,0.847831,0.783258,0.501433,0.634967,0.839121,0.516948,0.655220,0.750754,1.522813,1.529696,0.529942,0.668146,0.666181,0.706075,0.749110,0.768888,0.839681,0.875396,0.461163,0.828227,0.448132,0.350221,1.213693,1.368944,0.819917,0.855997,0.354179,0.489131,0.120678,0.259090,0.185413,0.234795,0.947535,0.520701,0.943245,0.813602,0.885490,0.843070,0.988108,0.912308,0.817192,0.507850,0.817352,0.625201,0.456277,0.664554,1.391185,1.317296,1.059090,0.850520,1.057861,1.056058,0.654642,1.045651,0.660162,0.730252,1.054736,0.920856,1.359743,1.057355,0.691757,0.680589,0.608562,0.615489,0.752421,0.740692,0.536746,0.583164,0.560286,0.629570,0.755215,1.119787,0.810579,1.090932,0.810141,0.531416,-0.054008,0.595678,0.638140,1.071455
1.125588,1.010442,0.000000,1.577705,1.300926,0.925445,1.454097,1.469879,0.986231,1.223487,1.100555,0.794258,0.885588,0.794978,1.058720,0.553374,0.652314,0.597957,1.326909,1.288696,0.503268,0.580814,1.376713,1.351184,0.851721,0.991726,0.991278,0.947352,0.642978,0.607867,0.577585,0.483642,1.059478,1.066449,1.026284,0.964495,0.579981,0.656310,0.232822,0.399198,0.371286,0.295658,0.999037,0.607547,0.875194,0.700678,0.945305,0.913136,0.913999,0.777675,0.969764,0.585898,0.943473,0.869204,0.671568,0.919263,0.846203,0.600868,0.918581,0.560954,1.201788,0.764949,0.949928,0.876071,0.991599,1.056853,1.161048,0.901929,0.773683,0.797341,0.840217,0.817934,0.884454,0.703932,0.968910,0.838132,0.890239,0.859462,0.424987,0.375157,0.806162,1.039054,0.949148,0.960882,1.035279,0.750202,0.147081,0.628458,0.885340,1.220206
0.973068,0.894100,1.577705,0.000000,1.130356,0.944167,1.154932,1.420863,0.793115,1.004249,0.884062,0.717037,0.767630,0.798297,0.906109,0.492614,0.534900,0.448604,1.028658,1.065690,0.460829,0.538383,1.126052,1.280873,0.699362,0.940260,0.919409,0.880851,0.592195,0.491289,0.517259,0.467654,0.929373,1.009210,0.909381,0.940368,0.481846,0.565964,0.149765,0.324754,0.318472,0.253503,0.808486,0.501505,0.769575,0.678044,0.776819,0.755010,0.805435,0.721325,0.844466,0.553012,0.767664,0.723730,0.553490,0.781369,0.784615,0.547223,0.819581,0.552812,0.935139,0.726280,0.813884,0.798010,0.836334,0.981336,0.991577,0.862257,0.696230,0.702602,0.864820,0.714221,0.824393,0.629759,0.825026,0.819985,0.815052,0.815809,0.326495,0.295289,0.700402,0.887177,0.752330,0.778139,0.864171,0.696342,0.142051,0.505782,0.735101,1.074307
0.852025,0.773601,1.300926,1.130356,0.000000,1.073507,1.288572,1.174235,1.022556,1.142899,1.014729,0.648717,0.941119,0.715022,0.995718,0.467150,0.822812,0.577713,1.015998,0.961186,0.459626,0.581952,1.225726,1.236858,0.740547,0.872754,0.990150,0.943870,0.798320,0.461507,0.379207,0.276006,0.970196,0.855369,0.833240,0.847329,0.712968,0.738361,0.343635,0.536270,0.508628,0.374111,0.907688,0.616396,0.738893,0.632875,0.814696,0.806179,0.757663,0.694876,0.923650,0.593424,0.867192,0.830129,0.792999,0.972777,0.693504,0.459593,0.741555,0.434793,1.023883,0.676537,0.999906,0.788837,0.967511,1.114690,0.924627,0.790653,0.632365,0.669112,0.687204,0.597744,0.817645,0.537731,0.855674,0.740792,0.784202,0.760415,0.498101,0.410245,1.014511,1.044131,1.041851,0.880987,1.148888,0.752198,0.399280,0.688298,1.011054,1.027418
0.765017,0.671115,0.925445,0.944167,1.073507,0.000000,0.851745,0.957125,0.675418,0.898101,0.747779,0.543725,0.683385,0.610411,0.786990,0.426859,0.611720,0.452350,0.831383,0.865177,0.644586,0.807449,0.775819,0.883126,0.655639,0.915022,1.009426,1.356819,0.558081,0.453327,0.197916,0.082235,0.911924,0.829034,0.887941,1.007388,0.397506,0.498001,0.161858,0.379092,0.281633,0.157110,0.843164,0.698829,0.818365,0.846637,0.885147,0.947649,0.914181,0.898615,0.985337,0.704904,0.825055,0.847924,0.657528,0.976184,0.710899,0.549345,0.868618,0.659730,0.907644,0.712502,0.767562,0.770603,0.715397,0.963312,0.987760,1.017394,0.676923,0.780066,0.491336,0.364295,0.569759,0.394060,0.573769,0.660235,0.709086,0.635604,0.361726,0.338821,0.721188,0.844064,0.742627,0.871363,0.910312,0.652131,0.289795,0.693146,0.701777,0.854524
0.753259,0.692051,1.454097,1.154932,1.288572,0.851745,0.000000,1.400689,0.913453,1.026639,1.209415,0.904829,1.298515,0.909819,0.928533,0.531672,0.712472,0.639738,0.957960,0.958795,0.317302,0.383524,1.451786,1.376823,0.582020,0.692074,0.714508,0.677455,0.658527,0.508082,0.422295,0.346595,0.848422,0.812207,0.966699,0.966551,0.807856,0.748132,0.317985,0.425317,0.508009,0.298794,0.794350,0.506459,0.583209,0.424914,0.790938,0.823011,0.667692,0.565732,0.854475,0.579955,0.872269,0.922165,0.865326,0.965391,0.540485,0.316375,0.668303,0.326274,1.152599,0.666645,1.278737,0.856850,1.039038,1.213657,0.887014,0.643243,0.443586,0.545878,0.702651,0.697097,0.851980,0.698974,0.891397,0.792676,1.099067,1.002078,0.404918,0.219912,0.796894,0.897477,0.877157,0.730461,1.105209,0.747215,0.314482,0.550020,1.067109,0.968163
0.999958,0.963199,1.469879,1.420863,1.174235,0.957125,1.400689,0.000000,1.047794,1.216673,1.100433,0.973547,0.954556,1.059531,1.043510,0.537928,0.614699,0.557893,1.133274,1.146107,0.509152,0.598687,1.201385,1.244506,0.756608,0.883014,0.928153,0.857526,0.600359,0.649107,0.511171,0.452576,1.064007,1.121438,0.973518,1.072828,0.575081,0.702364,0.206700,0.371954,0.348076,0.287413,0.866386,0.551186,0.755750,0.649963,0.890948,0.950055,0.891692,0.831155,0.983044,0.696682,0.969720,0.920116,0.695954,0.970549,0.733129,0.544434,0.895773,0.595870,1.301439,0.981817,1.091141,1.085088,0.951254,1.335682,1.047242,0.879565,0.656743,0.696329,0.835086,0.753257,0.750785,0.678116,0.883606,0.871152,0.890193,0.936156,0.450269,0.355022,0.829147,1.057916,0.946442,0.938851,1.026226,0.795662,0.137621,0.616100,0.901241,1.251161
0.789406,0.852248,0.986231,0.793115,1.022556,0.675418,0.913453,1.047794,0.000000,1.323591,0.751216,0.649828,0.607409,0.606858,1.152303,0.557443,0.594730,0.510511,0.928259,0.927949,0.510721,0.621509,0.852272,0.911995,0.951353,0.894282,0.919092,0.823341,0.571048,0.629212,0.519829,0.411505,0.899738,0.862267,0.726707,0.703275,0.561870,0.683546,0.250424,0.449240,0.359187,0.383031,0.828914,0.552852,0.749177,0.614920,0.762076,0.795599,0.796738,0.734557,0.791655,0.553075,0.770039,0.633750,0.554637,0.740611,0.634837,0.558494,0.747919,0.520910,0.942899,0.802807,0.802599,0.805639,0.870610,0.946460,0.899761,0.760889,0.612262,0.647494,0.777067,0.746815,0.634894,0.555478,0.773935,0.774537,0.693360,0.772891,0.475155,0.451027,0.742458,0.936080,1.095790,0.845397,0.837503,0.718988,0.222372,0.778388,0.764801,1.008493
1.027557,1.026529,1.223487,1.004249,1.142899,0.898101,1.026639,1.216673,1.323591,0.000000,0.913256,0.799146,0.650231,0.763172,1.170511,0.677330,0.693489,0.618511,1.101011,1.174971,0.492581,0.605258,0.896929,0.986064,0.922700,0.934214,1.065099,1.000254,0.612090,0.704101,0.517087,0.374502,1.098743,1.005394,0.938045,0.939301,0.496907,0.623174,0.129030,0.315827,0.307912,0.257718,0.950309,0.568420,0.842532,0.702270,0.894438,0.864092,0.958122,0.817183,0.937097,0.576589,0.945628,0.753893,0.587918,0.786064,0.904886,0.764457,0.959130,0.660952,1.155048,0.957114,0.941156,1.013967,0.920095,1.096357,1.095701,0.938598,0.817139,0.854483,0.783798,0.646729,0.756314,0.623278,0.859314,0.926722,0.775398,0.802580,0.404320,0.492924,0.805345,1.060639,1.071084,0.973621,0.930085,0.728556,0.211904,0.695190,0.801754,1.161106
1.049177,0.847831,1.100555,0.884062,1.014729,0.747779,1.209415,1.100433,0.751216,0.913256,0.000000,0.937450,1.294685,0.986551,0.908568,0.443561,0.908443,0.664348,1.064036,0.965509,0.329671,0.427518,0.946586,0.813097,0.546748,0.581581,0.699360,0.670614,0.792174,0.630711,0.362099,0.271369,0.992473,0.917279,0.811215,0.857159,0.612932,0.633451,0.250867,0.321100,0.439162,0.236585,0.794978,0.524652,0.531884,0.431076,0.786263,0.792926,0.737986,0.646200,0.872550,0.606037,0.929247,0.875645,0.796469,0.937475,0.797386,0.495225,0.823273,0.491324,1.352837,0.822885,1.157102,1.032186,0.725109,0.925701,0.753738,0.588226,0.642052,0.610651,0.579770,0.578006,0.931891,0.730213,0.716294,0.670644,0.776038,0.698031,0.527274,0.332780,0.825090,0.934233,0.765344,0.859101,0.904639,0.500573,0.252867,0.430844,0.813658,0.972270
0.742771,0.783258,0.794258,0.717037,0.648717,0.543725,0.904829,0.973547,0.649828,0.799146,0.937450,0.000000,0.724216,1.093195,0.725241,0.881359,0.618009,1.026379,0.783413,0.807042,0.197149,0.294211,0.750896,0.654323,0.499088,0.462319,0.476412,0.479151,0.515790,1.003959,0.452227,0.394429,0.802596,0.834336,0.789302,0.814164,0.389907,0.419605,0.061833,0.146043,0.330448,0.239182,0.531874,0.353917,0.404398,0.345165,0.616418,0.603342,0.642601,0.580578,0.659844,0.600817,0.727966,0.582932,0.542779,0.578532,0.587772,0.508622,0.618127,0.428341,0.931537,0.810877,0.903111,1.165940,0.557824,0.751022,0.572069,0.476926,0.427297,0.448274,0.579594,0.621298,0.849088,1.036141,0.713938,0.858180,0.665525,0.708875,0.374198,0.387016,0.556816,0.782667,0.612553,0.592494,0.642786,0.565625,0.121003,0.514816,0.573402,0.783390
0.646057,0.501433,0.885588,0.767630,0.941119,0.683385,1.298515,0.954556,0.607409,0.650231,1.294685,0.724216,0.000000,1.065231,0.798454,0.342953,0.653031,0.540970,0.689432,0.652970,0.266899,0.339717,0.952302,0.812720,0.459705,0.532152,0.599595,0.535680,0.609620,0.423507,0.307970,0.263910,0.733414,0.654436,0.748321,0.773437,0.527923,0.473317,0.172646,0.237234,0.351236,0.121231,0.568001,0.420013,0.392487,0.314482,0.593610,0.654587,0.513282,0.463571,0.718000,0.551713,0.704432,0.799985,0.676667,0.764818,0.469784,0.233416,0.533668,0.297230,0.906083,0.586287,0.962008,0.732622,0.743543,0.920595,0.602250,0.501059,0.346533,0.416726,0.469743,0.453453,0.630582,0.499898,0.519515,0.471232,0.718324,0.645843,0.390557,0.127841,0.627531,0.686462,0.599620,0.615687,0.821665,0.584244,0.240480,0.356536,0.710764,0.684964
0.740647,0.634967,0.794978,0.798297,0.715022,0.610411,0.909819,1.059531,0.606858,0.763172,0.986551,1.093195,1.065231,0.000000,0.833502,0.630176,0.503470,0.644024,0.656639,0.652478,0.340158,0.419660,0.788551,0.681626,0.615508,0.620924,0.663992,0.558306,0.460264,0.664724,0.509630,0.486278,0.795187,0.747048,0.770318,0.781350,0.250395,0.327143,0.009015,0.104269,0.203763,0.126610,0.441001,0.332570,0.388269,0.382781,0.522933,0.554480,0.549342,0.535170,0.696988,0.612134,0.660581,0.628247,0.431906,0.554585,0.551775,0.386132,0.567659,0.397203,0.844400,0.725583,0.754173,0.859073,0.645060,0.844281,0.563954,0.545209,0.377971,0.379466,0.550921,0.560622,0.668275,0.710976,0.529074,0.569388,0.508672,0.512204,0.311086,0.225860,0.487841,0.725187,0.555222,0.638953,0.644136,0.703355,0.059669,0.471825,0.464342,0.739484
0.877584,0.839121,1.058720,0.906109,0.995718,0.786990,0.928533,1.043510,1.152303,1.170511,0.908568,0.725241,0.798454,0.833502,0.000000,0.828086,0.664418,0.588571,0.957821,0.919928,0.455523,0.617420,0.956365,0.855324,0.956941,0.918524,0.977523,0.939196,0.777983,0.787635,0.781976,0.642299,1.104518,1.026930,0.873272,0.793683,0.319471,0.493790,0.055661,0.266574,0.279533,0.297787,0.719331,0.490006,0.777500,0.698219,0.669223,0.701126,0.881163,0.797685,0.869141,0.601139,0.704184,0.596740,0.459428,0.685041,0.781946,0.640103,0.912321,0.681509,1.028107,0.880010,0.780428,0.885777,1.017789,1.032601,1.002973,0.912365,0.676348,0.732145,0.758861,0.652571,0.759034,0.658361,0.713537,0.805631,0.557024,0.591974,0.422806,0.460455,0.720785,0.997508,1.094977,0.979760,0.807301,0.735757,0.138195,0.718870,0.602446,0.976805
0.469105,0.516948,0.553374,0.492614,0.467150,0.426859,0.531672,0.537928,0.557443,0.677330,0.443561,0.881359,0.342953,0.630176,0.828086,0.000000,0.507104,0.799707,0.501227,0.519045,0.194998,0.311808,0.540636,0.469338,0.572273,0.517287,0.457123,0.461771,0.529525,0.973847,0.768133,0.645044,0.661268,0.626914,0.641780,0.560231,0.146715,0.289454,-0.023276,0.121078,0.251281,0.306262,0.396580,0.318903,0.458470,0.437444,0.422653,0.378400,0.549347,0.474186,0.528702,0.458012,0.424669,0.270259,0.299912,0.301291,0.458267,0.431792,0.447345,0.370353,0.523680,0.478840,0.511041,0.652738,0.569841,0.554744,0.520078,0.525984,0.328453,0.381846,0.589635,0.566623,0.677484,0.868241,0.576953,0.760021,0.379163,0.433417,0.293954,0.483041,0.449761,0.652318,0.660723,0.525412,0.458915,0.632000,0.137733,0.513581,0.320747,0.514283
0.708433,0.655220,0.652314,0.534900,0.822812,0.611720,0.712472,0.614699,0.594730,0.693489,0.908443,0.618009,0.653031,0.503470,0.664418,0.507104,0.000000,0.900334,0.825579,0.765578,0.205721,0.391172,0.667288,0.595193,0.416149,0.461838,0.501559,0.572592,1.216419,0.786048,0.354331,0.213787,0.928733,0.784791,0.613128,0.681147,0.657818,0.625893,0.399332,0.432816,0.541716,0.352498,0.839775,0.607579,0.601497,0.510853,0.724819,0.633981,0.582646,0.472495,0.624332,0.358821,0.609035,0.524219,0.808724,0.713797,0.724115,0.456379,0.532700,0.300069,0.810741,0.566477,1.073023,0.791020,0.653318,0.687422,0.592127,0.520967,0.566973,0.542050,0.417987,0.382306,0.835294,0.647974,0.703537,0.626968,0.657356,0.617995,0.849915,0.742263,1.218208,1.073089,0.897038,0.843089,0.871015,0.460048,0.485711,0.435950,0.697272,0.606818
0.672232,0.750754,0.597957,0.448604,0.577713,0.452350,0.639738,0.557893,0.510511,0.618511,0.664348,1.026379,0.540970,0.644024,0.588571,0.799707,0.900334,0.000000,0.786375,0.804517,0.162458,0.288190,0.626731,0.533615,0.398420,0.353309,0.370396,0.463842,0.548486,1.167337,0.393562,0.301703,0.775108,0.750475,0.769805,0.750241,0.359909,0.319831,0.113044,0.146498,0.272560,0.165970,0.599466,0.384470,0.491584,0.402430,0.600346,0.539911,0.492098,0.431085,0.481010,0.355673,0.528221,0.426536,0.504180,0.458823,0.637061,0.569092,0.443088,0.297217,0.703498,0.537548,0.743986,0.871888,0.517002,0.562143,0.538915,0.463928,0.507464,0.501861,0.327629,0.401306,0.685220,0.800048,0.695518,0.652814,0.545654,0.527333,0.584350,0.695520,0.667188,0.924935,0.661205,0.648498,0.639721,0.506753,0.124060,0.498736,0.473559,0.540136
1.420962,1.522813,1.326909,1.028658,1.015998,0.831383,0.957960,1.133274,0.928259,1.101011,1.064036,0.783413,0.689432,0.656639,0.957821,0.501227,0.825579,0.786375,0.000000,2.034022,0.536549,0.687895,0.981311,0.981404,0.795266,0.850715,0.916647,0.993408,0.608185,0.810161,0.488727,0.377510,1.323590,1.396168,0.943723,0.967290,0.521040,0.628990,0.254695,0.399938,0.278439,0.255397,1.193926,0.644598,1.064596,0.852258,1.082126,1.035722,1.083494,0.942913,0.971741,0.574238,0.974241,0.832726,0.689555,0.923800,1.101421,0.910188,1.103924,0.749884,1.308013,0.894889,0.850763,0.980310,0.800460,0.907860,1.295153,1.005432,1.217559,1.128572,0.699853,0.690290,0.705878,0.618380,0.816134,0.781502,0.721258,0.688735,0.591064,0.627935,0.956770,1.317289,0.995877,1.250775,1.038076,0.604838,0.056580,0.635505,0.816420,1.141295
1.325937,1.529696,1.288696,1.065690,0.961186,0.865177,0.958795,1.146107,0.927949,1.174971,0.965509,0.807042,0.652970,0.652478,0.919928,0.519045,0.765578,0.804517,2.034022,0.000000,0.527616,0.661389,0.905919,1.007210,0.765047,0.844791,0.898181,1.016567,0.519970,0.807716,0.427856,0.322005,1.309571,1.398933,1.070132,1.103547,0.487873,0.579207,0.186832,0.329014,0.228211,0.177469,1.200659,0.641160,1.125325,0.896632,1.141614,1.087596,1.147329,0.989591,0.977183,0.601341,0.969108,0.815979,0.673983,0.910067,1.128928,0.975605,1.168947,0.819738,1.293600,0.951461,0.874220,1.062317,0.794378,0.965240,1.404399,1.129235,1.247176,1.294900,0.653154,0.641368,0.664637,0.602636,0.840553,0.823001,0.820964,0.770035,0.546939,0.600932,0.875909,1.293623,0.925081,1.175501,1.006532,0.656717,0.031308,0.616354,0.800048,1.190500
0.590686,0.529942,0.503268,0.460829,0.459626,0.644586,0.317302,0.509152,0.510721,0.492581,0.329671,0.197149,0.266899,0.340158,0.455523,0.194998,0.205721,0.162458,0.536549,0.527616,0.000000,1.392948,0.329541,0.365681,0.847650,0.893181,1.001755,0.910011,0.134484,0.300368,0.290439,0.209168,0.604193,0.598256,0.455546,0.529149,-0.029266,0.150126,0.078784,0.202914,-0.089292,-0.052077,0.528078,0.609508,0.676796,0.761799,0.536517,0.659105,0.626775,0.697950,0.626764,0.515172,0.406340,0.384567,0.132184,0.465641,0.541163,0.496809,0.557065,0.563398,0.435265,0.468174,0.247748,0.372495,0.368230,0.423703,0.594610,0.754438,0.568041,0.521423,0.416695,0.371819,0.164749,0.123717,0.371043,0.239302,0.271110,0.233178,0.264912,0.291918,0.339148,0.479908,0.348988,0.703824,0.448734,0.487139,-0.234709,0.362455,0.183149,0.477977
0.716957,0.668146,0.580814,0.538383,0.581952,0.807449,0.383524,0.598687,0.621509,0.605258,0.427518,0.294211,0.339717,0.419660,0.617420,0.311808,0.391172,0.288190,0.687895,0.661389,1.392948,0.000000,0.418952,0.464836,0.907394,1.009607,1.126276,1.124044,0.315936,0.440108,0.367341,0.245533,0.800705,0.760823,0.497229,0.560943,0.036107,0.290995,0.124124,0.314028,-0.017632,0.084775,0.649664,0.680043,0.876197,0.976228,0.644201,0.753641,0.785985,0.872133,0.807220,0.601524,0.512932,0.450762,0.259851,0.593051,0.695266,0.629746,0.678235,0.691103,0.570477,0.565074,0.365585,0.509859,0.473773,0.565466,0.747948,0.921005,0.729074,0.671713,0.553325,0.449920,0.249634,0.189640,0.376364,0.360788,0.286860,0.275087,0.412023,0.447774,0.568626,0.694839,0.527463,0.950057,0.631593,0.649307,-0.099869,0.571858,0.307548,0.637787
0.682131,0.666181,1.376713,1.126052,1.225726,0.775819,1.451786,1.201385,0.852272,0.896929,0.946586,0.750896,0.952302,0.788551,0.956365,0.540636,0.667288,0.626731,0.981311,0.905919,0.329541,0.418952,0.000000,1.580225,0.645603,0.738332,0.768684,0.665463,0.675502,0.545441,0.608670,0.536679,0.822700,0.794398,0.951673,0.842836,0.672271,0.672359,0.331389,0.467341,0.450482,0.386134,0.665393,0.391599,0.606592,0.461197,0.617422,0.632424,0.563931,0.483982,0.702594,0.456194,0.691688,0.715755,0.669438,0.783584,0.487434,0.274312,0.564917,0.256526,0.936481,0.525285,0.905037,0.645178,1.143512,1.122712,0.862620,0.625766,0.443416,0.500474,0.720336,0.758285,0.833180,0.705495,0.806126,0.759755,0.742513,0.723684,0.413542,0.329498,0.843017,0.944524,1.014350,0.753338,1.090048,0.798177,0.268018,0.613402,0.895402,0.931292
0.704998,0.706075,1.351184,1.280873,1.236858,0.883126,1.376823,1.244506,0.911995,0.986064,0.813097,0.654323,0.812720,0.681626,0.855324,0.469338,0.595193,0.533615,0.981404,1.007210,0.365681,0.464836,1.580225,0.000000,0.674418,0.874654,0.825966,0.796220,0.514866,0.423125,0.441830,0.391869,0.794363,0.784166,0.993229,0.943252,0.733091,0.690439,0.354293,0.481496,0.376205,0.314088,0.732950,0.436395,0.688315,0.526284,0.701683,0.737149,0.635049,0.554246,0.829716,0.510628,0.809810,0.803916,0.743106,0.852987,0.535583,0.331769,0.646438,0.342062,0.948631,0.535513,0.862049,0.625005,1.077889,1.244329,1.040346,0.772207,0.537490,0.624604,0.724982,0.716137,0.697909,0.541214,0.790092,0.765327,0.862959,0.848209,0.398914,0.300615,0.778741,0.895376,0.935426,0.737318,1.178880,0.930681,0.260273,0.640355,0.970172,1.049723
0.798762,0.749110,0.851721,0.699362,0.740547,0.655639,0.582020,0.756608,0.951353,0.922700,0.546748,0.499088,0.459705,0.615508,0.956941,0.572273,0.416149,0.398420,0.795266,0.765047,0.847650,0.907394,0.645603,0.674418,0.000000,1.468731,1.295627,1.077354,0.384318,0.578084,0.645098,0.554547,0.903720,0.839613,0.735085,0.647323,0.170361,0.286139,0.085635,0.254002,0.106524,0.152951,0.639850,0.568838,0.805081,0.817538,0.645074,0.664508,0.830811,0.798997,0.838141,0.599423,0.604608,0.482395,0.292250,0.524635,0.717923,0.637918,0.760549,0.621474,0.651744,0.669681,0.410777,0.567418,0.723418,0.676402,0.842780,0.901584,0.690604,0.616152,0.693643,0.613069,0.491978,0.412214,0.572428,0.562403,0.367018,0.365968,0.316448,0.470622,0.478658,0.729010,0.668584,0.807286,0.655105,0.793252,-0.036462,0.671795,0.387397,0.816117
0.828874,0.768888,0.991726,0.940260,0.872754,0.915022,0.692074,0.883014,0.894282,0.934214,0.581581,0.462319,0.532152,0.620924,0.918524,0.517287,0.461838,0.353309,0.850715,0.844791,0.893181,1.009607,0.738332,0.874654,1.468731,0.000000,1.410110,1.341401,0.440747,0.488195,0.605407,0.532818,0.971370,0.910669,0.833629,0.803296,0.255236,0.357393,0.138403,0.325486,0.136781,0.170436,0.749777,0.624413,0.958877,0.941910,0.728605,0.753362,0.881275,0.820300,0.925757,0.595701,0.670312,0.579898,0.365888,0.605693,0.764086,0.612166,0.792987,0.629873,0.694666,0.651133,0.507510,0.581448,0.811054,0.819674,1.013373,1.108749,0.740864,0.722890,0.769887,0.694105,0.521465,0.371866,0.607935,0.591502,0.510923,0.512373,0.360203,0.413237,0.577283,0.815101,0.731346,0.889642,0.780785,0.900660,0.019316,0.670147,0.482108,0.869449
0.959865,0.839681,0.991278,0.919409,0.990150,1.009426,0.714508,0.928153,0.919092,1.065099,0.699360,0.476412,0.599595,0.663992,0.977523,0.457123,0.501559,0.370396,0.916647,0.898181,1.001755,1.126276,0.768684,0.825966,1.295627,1.410110,0.000000,1.466711,0.447441,0.502695,0.477365,0.367695,1.072409,0.938553,0.852916,0.835339,0.206360,0.370319,0.073471,0.282262,0.090289,0.094401,0.727690,0.566148,0.910912,0.911197,0.693651,0.763279,0.898802,0.863370,0.942375,0.602586,0.710305,0.594506,0.338764,0.690684,0.894756,0.709862,0.894511,0.710312,0.826926,0.757372,0.547427,0.677283,0.807852,0.843535,1.025858,1.087146,0.869937,0.801560,0.671180,0.540398,0.486608,0.346527,0.563769,0.597825,0.484255,0.442233,0.347494,0.447198,0.622629,0.828532,0.738233,0.966524,0.839543,0.787444,0.014547,0.693227,0.511586,0.958708
0.972930,0.875396,0.947352,0.880851,0.943870,1.356819,0.677455,0.857526,0.823341,1.000254,0.670614,0.479151,0.535680,0.558306,0.939196,0.461771,0.572592,0.463842,0.993408,1.016567,0.910011,1.124044,0.665463,0.796220,1.077354,1.341401,1.466711,0.000000,0.466770,0.548188,0.342269,0.225436,1.152553,1.022364,0.965814,0.980473,0.221057,0.337105,0.060366,0.265657,0.081861,0.046709,0.890346,0.721166,1.121168,1.146275,0.898852,0.978651,1.124883,1.081503,1.094832,0.677812,0.802889,0.701580,0.467063,0.824003,0.992507,0.834382,1.055019,0.883290,0.875160,0.775739,0.602168,0.738661,0.735343,0.836387,1.256052,1.386621,0.991673,1.011413,0.546491,0.430373,0.494299,0.326808,0.600267,0.645375,0.559623,0.501376,0.365031,0.488614,0.644386,0.884511,0.741496,1.034180,0.845853,0.730775,0.052333,0.765890,0.522425,0.938011
0.545284,0.461163,0.642978,0.592195,0.798320,0.558081,0.658527,0.600359,0.571048,0.612090,0.792174,0.515790,0.609620,0.460264,0.777983,0.529525,1.216419,0.548486,0.608185,0.519970,0.134484,0.315936,0.675502,0.514866,0.384318,0.440747,0.447441,0.466770,0.000000,0.634468,0.538848,0.397736,0.745774,0.644110,0.430521,0.487773,0.559589,0.623393,0.311185,0.444295,0.677701,0.529861,0.620886,0.499608,0.461032,0.438898,0.497889,0.427597,0.488727,0.419238,0.532475,0.346297,0.452028,0.395870,0.621980,0.568370,0.540407,0.302976,0.469562,0.258000,0.658791,0.529938,0.896975,0.686777,0.649760,0.619685,0.434745,0.397213,0.378796,0.341426,0.524111,0.376649,0.977913,0.672080,0.597978,0.615501,0.537738,0.509748,0.601773,0.516149,1.046257,0.805606,0.843087,0.662138,0.640311,0.352489,0.586922,0.376136,0.592093,0.525955
0.777322,0.828227,0.607867,0.491289,0.461507,0.453327,0.508082,0.649107,0.629212,0.704101,0.630711,1.003959,0.423507,0.664724,0.787635,0.973847,0.786048,1.167337,0.810161,0.807716,0.300368,0.440108,0.545441,0.423125,0.578084,0.488195,0.502695,0.548188,0.634468,0.000000,0.635121,0.519507,0.936992,0.973997,0.721210,0.712250,0.172739,0.283435,-0.047172,0.059366,0.160145,0.169095,0.624720,0.460191,0.613847,0.597224,0.626688,0.561833,0.689277,0.610516,0.536821,0.442639,0.540910,0.362728,0.321152,0.404587,0.746002,0.715611,0.601232,0.544879,0.741381,0.751504,0.702545,1.000387,0.507341,0.550347,0.594794,0.601979,0.609163,0.575569,0.493769,0.494720,0.689256,0.888084,0.621700,0.778858,0.438925,0.472680,0.560717,0.791193,0.670063,0.939594,0.789560,0.805679,0.518544,0.476733,0.015205,0.477285,0.315236,0.594020
0.449737,0.448132,0.577585,0.517259,0.379207,0.197916,0.422295,0.511171,0.519829,0.517087,0.362099,0.452227,0.307970,0.509630,0.781976,0.768133,0.354331,0.393562,0.488727,0.427856,0.290439,0.367341,0.608670,0.441830,0.645098,0.605407,0.477365,0.342269,0.538848,0.635121,0.000000,1.696571,0.602974,0.609792,0.441712,0.360688,0.032705,0.175339,-0.063719,0.047220,0.096332,0.289579,0.334904,0.243490,0.434913,0.390951,0.248237,0.225024,0.376651,0.320462,0.342708,0.233445,0.246746,0.167288,0.029514,0.135714,0.390064,0.299004,0.318702,0.220801,0.369991,0.339468,0.343484,0.355418,0.562546,0.422413,0.414378,0.405793,0.283668,0.275047,0.710448,0.693482,0.535058,0.623817,0.437390,0.434643,0.210452,0.275735,0.192756,0.342490,0.389311,0.508334,0.532395,0.455612,0.273428,0.412144,-0.181728,0.240285,0.108552,0.376137
0.352570,0.350221,0.483642,0.467654,0.276006,0.082235,0.346595,0.452576,0.411505,0.374502,0.271369,0.394429,0.263910,0.486278,0.642299,0.645044,0.213787,0.301703,0.377510,0.322005,0.209168,0.245533,0.536679,0.391869,0.554547,0.532818,0.367695,0.225436,0.397736,0.519507,1.696571,0.000000,0.466994,0.510546,0.366422,0.288662,-0.017076,0.084359,-0.089020,-0.003406,0.050054,0.256858,0.203641,0.127984,0.316182,0.280526,0.133676,0.114830,0.261959,0.228665,0.234551,0.158153,0.156492,0.088822,-0.069235,0.013604,0.295063,0.211148,0.236018,0.139859,0.278115,0.277490,0.229455,0.258511,0.501545,0.333708,0.313031,0.309230,0.202953,0.161474,0.617525,0.677538,0.461187,0.533448,0.350497,0.338688,0.133394,0.202777,0.168313,0.292262,0.254917,0.394871,0.414814,0.309569,0.171171,0.382738,-0.250833,0.180935,0.019764,0.304283
1.292442,1.213693,1.059478,0.929373,0.970196,0.911924,0.848422,1.064007,0.899738,1.098743,0.992473,0.802596,0.733414,0.795187,1.104518,0.661268,0.928733,0.775108,1.323590,1.309571,0.604193,0.800705,0.822700,0.794363,0.903720,0.971370,1.072409,1.152553,0.745774,0.936992,0.602974,0.466994,0.000000,1.884841,1.134345,1.122487,0.336311,0.494031,0.134429,0.295601,0.214099,0.194800,1.012445,0.700244,1.146383,1.047544,0.956671,0.957557,1.157724,1.035741,1.041326,0.638632,0.832330,0.673303,0.576868,0.818924,1.286227,0.983902,1.197660,0.890296,1.253583,1.071323,0.932713,1.148788,0.942297,1.012727,1.222914,1.213019,1.135298,1.088814,0.612439,0.550350,0.683028,0.616577,0.758210,0.784109,0.639213,0.606959,0.613152,0.699013,0.959256,1.322796,0.958587,1.169168,0.980858,0.735284,0.075885,0.689269,0.632103,1.109640
1.308556,1.368944,1.066449,1.009210,0.855369,0.829034,0.812207,1.121438,0.862267,1.005394,0.917279,0.834336,0.654436,0.747048,1.026930,0.626914,0.784791,0.750475,1.396168,1.398933,0.598256,0.760823,0.794398,0.784166,0.839613,0.910669,0.938553,1.022364,0.644110,0.973997,0.609792,0.510546,1.884841,0.000000,1.040493,1.088120,0.343700,0.491252,0.136920,0.290679,0.219596,0.222947,1.016526,0.656891,1.094974,0.986603,0.961887,0.953598,1.144799,1.055163,0.955929,0.613155,0.815629,0.673783,0.529168,0.783828,1.220489,1.027254,1.160605,0.915999,1.198353,1.149880,0.880164,1.191636,0.848310,0.914356,1.183271,1.126807,1.148518,1.053584,0.682722,0.621743,0.674161,0.674736,0.773842,0.803131,0.632899,0.649740,0.618057,0.674396,0.878665,1.257807,0.886175,1.111937,0.863058,0.646521,-0.009009,0.607081,0.580264,1.069461
0.802284,0.819917,1.026284,0.909381,0.833240,0.887941,0.966699,0.973518,0.726707,0.938045,0.811215,0.789302,0.748321,0.770318,0.873272,0.641780,0.613128,0.769805,0.943723,1.070132,0.455546,0.497229,0.951673,0.993229,0.735085,0.833629,0.852916,0.965814,0.430521,0.721210,0.441712,0.366422,1.134345,1.040493,0.000000,1.591310,0.361111,0.384958,0.048692,0.151111,0.115883,0.017172,0.759349,0.484229,0.855345,0.733780,0.805175,0.830534,0.841685,0.715585,0.818927,0.543593,0.724098,0.657883,0.569232,0.750868,0.759380,0.619601,0.852719,0.606135,0.978116,0.721738,0.790686,0.854984,0.963386,1.064801,1.182371,1.018985,0.707307,0.833866,0.448089,0.466824,0.642060,0.616194,0.751914,0.814094,0.775211,0.652490,0.284387,0.421538,0.580532,0.939879,0.723636,0.770109,0.883663,0.771433,0.028890,0.623367,0.643627,0.953720
0.823179,0.855997,0.964495,0.940368,0.847329,1.007388,0.966551,1.072828,0.703275,0.939301,0.857159,0.814164,0.773437,0.781350,0.793683,0.560231,0.681147,0.750241,0.967290,1.103547,0.529149,0.560943,0.842836,0.943252,0.647323,0.803296,0.835339,0.980473,0.487773,0.712250,0.360688,0.288662,1.122487,1.088120,1.591310,0.000000,0.417490,0.431624,0.076359,0.183156,0.167032,0.067364,0.829654,0.545486,0.872985,0.790617,0.886090,0.943418,0.896640,0.794722,0.867398,0.607607,0.762176,0.726395,0.622747,0.822491,0.766122,0.622128,0.854698,0.636123,0.991963,0.800398,0.888586,0.953796,0.819158,1.088506,1.115358,1.049900,0.721926,0.853963,0.503676,0.465239,0.656365,0.633812,0.812864,0.808131,0.904170,0.787340,0.365793,0.424231,0.686922,0.967904,0.737101,0.849735,0.884148,0.697162,0.038111,0.571838,0.687239,0.913473
0.308507,0.354179,0.579981,0.481846,0.712968,0.397506,0.807856,0.575081,0.561870,0.496907,0.612932,0.389907,0.527923,0.250395,0.319471,0.146715,0.657818,0.359909,0.521040,0.487873,-0.029266,0.036107,0.672271,0.733091,0.170361,0.255236,0.206360,0.221057,0.559589,0.172739,0.032705,-0.017076,0.336311,0.343700,0.361111,0.417490,0.000000,1.111698,0.956430,0.886914,0.949026,0.605451,0.563674,0.332635,0.262933,0.099152,0.505392,0.453840,0.253288,0.172982,0.398631,0.220085,0.500395,0.540155,1.070776,0.704921,0.179812,0.028330,0.252214,-0.017075,0.567854,0.303653,0.760548,0.398555,0.574615,0.625674,0.400618,0.197693,0.186712,0.199525,0.402529,0.436093,0.573951,0.400388,0.617804,0.454852,0.793154,0.796254,0.509153,0.228115,0.757072,0.589852,0.648090,0.386243,0.780645,0.379246,0.722448,0.336185,1.104469,0.514756
0.437814,0.489131,0.656310,0.565964,0.738361,0.498001,0.748132,0.702364,0.683546,0.623174,0.633451,0.419605,0.473317,0.327143,0.493790,0.289454,0.625893,0.319831,0.628990,0.579207,0.150126,0.290995,0.672359,0.690439,0.286139,0.357393,0.370319,0.337105,0.623393,0.283435,0.175339,0.084359,0.494031,0.491252,0.384958,0.431624,1.111698,0.000000,0.835889,1.082156,0.830805,0.786518,0.682805,0.457147,0.465502,0.323429,0.622702,0.603381,0.456201,0.400371,0.556392,0.368248,0.551294,0.544809,0.972557,0.829812,0.300586,0.198092,0.429898,0.203562,0.688256,0.429195,0.722670,0.516529,0.634463,0.715125,0.547313,0.381963,0.352125,0.367484,0.562573,0.574643,0.548906,0.443934,0.582429,0.596774,0.632856,0.693577,0.571584,0.365849,0.867342,0.733176,0.749238,0.568423,0.850873,0.483364,0.580531,0.483477,1.136477,0.691303
0.089008,0.120678,0.232822,0.149765,0.343635,0.161858,0.317985,0.206700,0.250424,0.129030,0.250867,0.061833,0.172646,0.009015,0.055661,-0.023276,0.399332,0.113044,0.254695,0.186832,0.078784,0.124124,0.331389,0.354293,0.085635,0.138403,0.073471,0.060366,0.311185,-0.047172,-0.063719,-0.089020,0.134429,0.136920,0.048692,0.076359,0.956430,0.835889,0.000000,1.459239,0.855024,0.755603,0.329652,0.295788,0.156301,0.039256,0.314639,0.283067,0.065334,0.051836,0.265030,0.132324,0.238277,0.300875,0.804816,0.497241,0.011677,-0.101427,0.057436,-0.125716,0.272614,0.044387,0.320723,0.068577,0.361381,0.302478,0.160162,0.043315,0.061033,0.037103,0.158085,0.279147,0.191026,0.120687,0.291852,0.048912,0.303973,0.309012,0.616622,0.300084,0.538400,0.369450,0.381064,0.276319,0.551790,0.339592,0.619190,0.260624,0.650019,0.274472
0.216590,0.259090,0.399198,0.324754,0.536270,0.379092,0.425317,0.371954,0.449240,0.315827,0.321100,0.146043,0.237234,0.104269,0.266574,0.121078,0.432816,0.146498,0.399938,0.329014,0.202914,0.314028,0.467341,0.481496,0.254002,0.325486,0.282262,0.265657,0.444295,0.059366,0.047220,-0.003406,0.295601,0.290679,0.151111,0.183156,0.886914,1.082156,1.459239,0.000000,0.919498,0.928479,0.485416,0.427059,0.342495,0.257323,0.459725,0.441672,0.266452,0.281216,0.446209,0.295441,0.366526,0.411747,0.867850,0.691730,0.143479,0.064618,0.241185,0.074405,0.404830,0.187204,0.390320,0.211073,0.485835,0.455553,0.339339,0.245848,0.212569,0.212260,0.333559,0.391659,0.315588,0.218644,0.389952,0.239254,0.383919,0.424095,0.643781,0.364029,0.661204,0.518055,0.558674,0.450507,0.685689,0.474615,0.698272,0.525595,0.789401,0.471189
0.181616,0.185413,0.371286,0.318472,0.508628,0.281633,0.508009,0.348076,0.359187,0.307912,0.439162,0.330448,0.351236,0.203763,0.279533,0.251281,0.541716,0.272560,0.278439,0.228211,-0.089292,-0.017632,0.450482,0.376205,0.106524,0.136781,0.090289,0.081861,0.677701,0.160145,0.096332,0.050054,0.214099,0.219596,0.115883,0.167032,0.949026,0.830805,0.855024,0.919498,0.000000,0.966873,0.380483,0.312946,0.111700,0.044420,0.357995,0.261916,0.170928,0.122454,0.288387,0.206772,0.297829,0.351720,0.793998,0.476553,0.071738,-0.076649,0.071643,-0.147088,0.325671,0.157794,0.513026,0.282449,0.383362,0.301977,0.103165,-0.022220,0.015329,-0.036294,0.315348,0.328942,0.659780,0.531113,0.436104,0.390348,0.438073,0.432619,0.454581,0.212950,0.555970,0.395755,0.482378,0.240401,0.461797,0.250725,0.981034,0.297905,0.642622,0.290350
0.170091,0.234795,0.295658,0.253503,0.374111,0.157110,0.298794,0.287413,0.383031,0.257718,0.236585,0.239182,0.121231,0.126610,0.297787,0.306262,0.352498,0.165970,0.255397,0.177469,-0.052077,0.084775,0.386134,0.314088,0.152951,0.170436,0.094401,0.046709,0.529861,0.169095,0.289579,0.256858,0.194800,0.222947,0.017172,0.067364,0.605451,0.786518,0.755603,0.928479,0.966873,0.000000,0.278663,0.212728,0.173377,0.111689,0.261368,0.196592,0.161750,0.143389,0.230713,0.149632,0.210757,0.196460,0.482753,0.315899,0.073877,0.003601,0.073202,-0.070931,0.249363,0.123479,0.270200,0.150752,0.377323,0.278087,0.120049,0.036435,0.039965,-0.005709,0.465694,0.549826,0.474440,0.525823,0.365889,0.364119,0.190919,0.329235,0.479213,0.306207,0.514472,0.379559,0.522922,0.305921,0.361616,0.297477,0.558907,0.443291,0.471253,0.309279
1.003263,0.947535,0.999037,0.808486,0.907688,0.843164,0.794350,0.866386,0.828914,0.950309,0.794978,0.531874,0.568001,0.441001,0.719331,0.396580,0.839775,0.599466,1.193926,1.200659,0.528078,0.649664,0.665393,0.732950,0.639850,0.749777,0.727690,0.890346,0.620886,0.624720,0.334904,0.203641,1.012445,1.016526,0.759349,0.829654,0.563674,0.682805,0.329652,0.485416,0.380483,0.278663,0.000000,1.248910,1.122791,0.941157,1.813855,1.466892,1.218203,1.000000,1.034675,0.688667,1.005054,0.896802,0.803170,1.039466,0.865284,0.711438,0.855657,0.652818,0.974375,0.635171,0.857420,0.760984,0.613479,0.754455,0.977083,0.911378,0.926630,0.974214,0.564188,0.526436,0.600501,0.499768,0.763117,0.610956,0.717438,0.705944,0.547101,0.578264,0.885723,1.029718,0.911082,1.043340,0.832878,0.521902,0.204520,0.512797,0.711527,0.848170
0.655664,0.520701,0.607547,0.501505,0.616396,0.698829,0.506459,0.551186,0.552852,0.568420,0.524652,0.353917,0.420013,0.332570,0.490006,0.318903,0.607579,0.384470,0.644598,0.641160,0.609508,0.680043,0.391599,0.436395,0.568838,0.624413,0.566148,0.721166,0.499608,0.460191,0.243490,0.127984,0.700244,0.656891,0.484229,0.545486,0.332635,0.457147,0.295788,0.427059,0.312946,0.212728,1.248910,0.000000,0.763898,0.840912,1.258585,1.257712,0.938902,0.934628,0.997971,0.906931,0.810373,0.781809,0.646767,0.881662,0.579977,0.443333,0.602970,0.523111,0.632563,0.381489,0.566894,0.470476,0.348883,0.502922,0.570737,0.682976,0.566356,0.608726,0.378879,0.350423,0.418084,0.327307,0.527512,0.345302,0.443801,0.427383,0.432894,0.456706,0.613225,0.649143,0.586609,0.737344,0.529724,0.447165,0.211971,0.356349,0.371055,0.527283
0.834772,0.943245,0.875194,0.769575,0.738893,0.818365,0.583209,0.755750,0.749177,0.842532,0.531884,0.404398,0.392487,0.388269,0.777500,0.458470,0.601497,0.491584,1.064596,1.125325,0.676796,0.876197,0.606592,0.688315,0.805081,0.958877,0.910912,1.121168,0.461032,0.613847,0.434913,0.316182,1.146383,1.094974,0.855345,0.872985,0.262933,0.465502,0.156301,0.342495,0.111700,0.173377,1.122791,0.763898,0.000000,1.763134,1.015158,0.964900,1.251243,1.099212,0.874619,0.520610,0.582912,0.474103,0.473717,0.734533,0.871539,0.873282,1.000753,0.865095,0.801536,0.681652,0.564966,0.694829,0.749674,0.786072,1.402364,1.433374,1.089588,1.172349,0.544276,0.490145,0.394438,0.364557,0.665899,0.648860,0.516232,0.524586,0.456448,0.579493,0.792818,1.042174,0.836778,1.112772,0.896212,0.762594,0.001929,0.706069,0.599286,0.953234
0.781947,0.813602,0.700678,0.678044,0.632875,0.846637,0.424914,0.649963,0.614920,0.702270,0.431076,0.345165,0.314482,0.382781,0.698219,0.437444,0.510853,0.402430,0.852258,0.896632,0.761799,0.976228,0.461197,0.526284,0.817538,0.941910,0.911197,1.146275,0.438898,0.597224,0.390951,0.280526,1.047544,0.986603,0.733780,0.790617,0.099152,0.323429,0.039256,0.257323,0.044420,0.111689,0.941157,0.840912,1.763134,0.000000,0.923933,0.904722,1.288787,1.311803,0.919092,0.668979,0.548875,0.433569,0.374050,0.686035,0.846850,0.850171,0.980043,0.993842,0.673275,0.649546,0.430725,0.618759,0.562881,0.666179,1.083500,1.404152,1.022654,1.046595,0.481554,0.368816,0.349706,0.311989,0.529871,0.555584,0.360243,0.361423,0.375581,0.549628,0.680899,0.866933,0.684881,1.007656,0.698349,0.666240,-0.017989,0.657701,0.413988,0.821908
0.958660,0.885490,0.945305,0.776819,0.814696,0.885147,0.790938,0.890948,0.762076,0.894438,0.786263,0.616418,0.593610,0.522933,0.669223,0.422653,0.724819,0.600346,1.082126,1.141614,0.536517,0.644201,0.617422,0.701683,0.645074,0.728605,0.693651,0.898852,0.497889,0.626688,0.248237,0.133676,0.956671,0.961887,0.805175,0.886090,0.505392,0.622702,0.314639,0.459725,0.357995,0.261368,1.813855,1.258585,1.015158,0.923933,0.000000,1.985028,1.337307,1.143104,1.200338,0.848429,1.149217,1.030306,0.889339,1.195941,0.807641,0.680013,0.878943,0.712984,0.990859,0.651248,0.812712,0.770410,0.541508,0.755673,0.949033,0.927919,0.835172,0.935245,0.547469,0.533166,0.579083,0.528201,0.760196,0.633116,0.738904,0.725038,0.492407,0.555049,0.765827,0.970382,0.782461,1.010916,0.798141,0.573543,0.183407,0.553209,0.676047,0.878419
0.916680,0.843070,0.913136,0.755010,0.806179,0.947649,0.823011,0.950055,0.795599,0.864092,0.792926,0.603342,0.654587,0.554480,0.701126,0.378400,0.633981,0.539911,1.035722,1.087596,0.659105,0.753641,0.632424,0.737149,0.664508,0.753362,0.763279,0.978651,0.427597,0.561833,0.225024,0.114830,0.957557,0.953598,0.830534,0.943418,0.453840,0.603381,0.283067,0.441672,0.261916,0.196592,1.466892,1.257712,0.964900,0.904722,1.985028,0.000000,1.287547,1.222724,1.312802,0.964886,1.186791,1.139949,0.860204,1.341159,0.761708,0.646460,0.927017,0.762962,1.048117,0.675131,0.792183,0.763707,0.554814,0.837543,1.010235,1.008070,0.798316,0.955023,0.520874,0.513129,0.481234,0.434537,0.711459,0.584632,0.729377,0.717030,0.462870,0.476638,0.707692,0.902639,0.744071,1.015777,0.822867,0.605806,0.117524,0.584467,0.664092,0.898687
1.010082,0.988108,0.913999,0.805435,0.757663,0.914181,0.667692,0.891692,0.796738,0.958122,0.737986,0.642601,0.513282,0.549342,0.881163,0.549347,0.582646,0.492098,1.083494,1.147329,0.626775,0.785985,0.563931,0.635049,0.830811,0.881275,0.898802,1.124883,0.488727,0.689277,0.376651,0.261959,1.157724,1.144799,0.841685,0.896640,0.253288,0.456201,0.065334,0.266452,0.170928,0.161750,1.218203,0.938902,1.251243,1.288787,1.337307,1.287547,0.000000,1.904698,1.405669,1.012279,1.037041,0.795282,0.594544,0.971610,0.953175,0.909540,1.329225,1.163252,1.029480,0.862786,0.680469,0.867669,0.580024,0.784249,1.176803,1.233555,1.075077,1.147306,0.641372,0.531356,0.532885,0.503933,0.612412,0.743080,0.521389,0.547407,0.328439,0.506095,0.641857,0.857624,0.732697,0.982217,0.721343,0.583212,0.024168,0.646750,0.563693,1.061490
