0.000000,1.282830,0.365158,0.509006,0.136498,0.150179,0.489864,0.493975,0.152786,0.219034,0.544373,0.382013,0.271851,0.292843,0.160898,0.287081,0.668357,0.728530,0.742025,0.931468,-0.058294,-0.068891,0.242025,0.345291,0.073120,0.145100,0.063414,0.103775,0.434563,0.421355,0.347858,0.427419,0.904741,1.052516,0.214575,0.359221,0.115751,0.266946,0.201465,0.341448,0.351596,0.313229,0.636387,0.542657,0.481452,0.532194,0.527216,0.616388,0.388702,0.475266,0.320753,0.411363,0.444477,0.439754,0.176543,0.337071,1.099678,0.809282,0.509616,0.431620,0.591430,0.643247,0.670618,0.679705,0.096834,0.383490,0.540774,0.563872,0.599696,0.612248,-0.108862,-0.041497,0.374507,0.471788,0.283987,0.384585,0.331252,0.308155,0.573114,0.517927,0.785864,0.883655,0.365354,0.588086,0.582179,0.668089,0.310243,0.250521,0.207538,0.457833
1.282830,0.000000,0.526345,0.866170,0.228199,0.312182,0.607173,0.790392,0.314765,0.326888,0.569387,0.485374,0.393626,0.434070,0.287634,0.456206,0.533759,0.496060,0.666107,1.129213,0.017448,-0.005462,0.445953,0.599664,0.187001,0.357533,0.185125,0.251548,0.425008,0.343160,0.555055,0.690816,0.813493,1.105373,0.262443,0.434032,0.159852,0.152646,0.209328,0.221569,0.377969,0.191605,0.515449,0.378628,0.450728,0.447861,0.408486,0.498348,0.416729,0.425508,0.329088,0.404769,0.453707,0.411532,0.188446,0.253717,0.859914,1.011719,0.430115,0.395865,0.545598,0.735697,0.544912,0.640652,0.158442,0.393553,0.491245,0.458160,0.651952,0.667876,0.016014,0.003913,0.416016,0.470227,0.348762,0.486502,0.412112,0.295043,0.391652,0.346562,0.640302,0.633518,0.427709,0.549507,0.566809,0.533145,0.486838,0.232300,0.338988,0.470952
0.365158,0.526345,0.000000,1.003461,0.407237,0.311079,1.055340,0.577016,0.535710,0.241693,0.384910,0.205115,0.584717,0.439136,0.508293,0.278267,0.032765,-0.061038,0.747327,0.542854,0.244188,0.177262,1.312577,0.906621,0.531713,0.594635,0.477970,0.455635,0.109222,-0.040971,0.913231,0.773503,0.457498,0.426661,0.713960,0.530604,0.103037,0.006524,0.234959,0.174509,0.199667,0.145728,0.366815,0.106439,0.311568,0.140702,0.278201,0.239097,0.070496,0.046707,0.318924,0.136244,-0.037391,0.093480,0.049355,0.110496,0.145446,0.396558,0.079771,0.006147,0.123936,0.286752,0.118970,0.032835,0.725147,0.372105,0.485709,0.173628,0.434240,0.348233,0.139286,0.091237,0.203473,0.258370,0.317346,0.456451,0.187616,0.136949,0.012204,-0.039540,0.058201,0.029456,0.458490,0.220185,0.427738,0.223313,0.493011,0.333223,0.432888,0.225392
0.509006,0.866170,1.003461,0.000000,0.434389,0.562651,0.757767,1.002701,0.601636,0.505182,0.417037,0.394547,0.469885,0.548034,0.500633,0.676754,0.244236,0.102114,0.612512,0.822610,0.293734,0.216152,1.045741,1.385888,0.409569,0.745809,0.388923,0.503097,0.258956,0.140377,0.961271,1.184069,0.491260,0.625740,0.423855,0.506994,0.204436,0.045145,0.355647,0.281600,0.357952,0.207549,0.366019,0.162125,0.319964,0.211665,0.241226,0.281584,0.248036,0.211651,0.298389,0.250674,0.268362,0.253659,0.236669,0.222595,0.317255,0.497979,0.209196,0.175157,0.260754,0.541463,0.275398,0.240418,0.393382,0.424115,0.374175,0.275558,0.517017,0.489675,0.201573,0.113564,0.346491,0.352168,0.417364,0.526236,0.249046,0.148727,0.170570,0.071477,0.350764,0.265694,0.626060,0.553731,0.600708,0.449643,0.682818,0.426263,0.568780,0.569192
0.136498,0.228199,0.407237,0.434389,0.000000,1.124642,0.406788,0.298188,0.826002,0.605110,0.294871,0.345752,0.488816,0.534199,0.766093,0.488455,-0.021084,-0.012945,0.021709,0.092084,0.633953,0.762894,0.624990,0.524639,1.136899,1.046249,1.242660,1.199506,0.249946,0.162610,0.588169,0.547199,0.195648,0.256535,0.464984,0.621471,0.462461,0.341351,0.451051,0.576431,0.403081,0.274295,0.450416,0.334528,0.531376,0.380157,0.361323,0.467548,0.496532,0.513356,0.587272,0.672488,0.321777,0.486612,0.490535,0.571379,-0.004268,0.182380,0.369185,0.272542,0.459627,0.399987,0.284628,0.310582,0.571276,0.732308,0.496532,0.417784,0.318735,0.189885,-0.029882,-0.087588,0.378058,0.286607,0.331161,0.440803,0.165753,0.180857,0.105761,0.106195,0.076893,0.082918,0.512511,0.219673,0.400313,0.416232,0.405613,0.724760,0.514290,0.495991
0.150179,0.312182,0.311079,0.562651,1.124642,0.000000,0.376466,0.501365,0.908053,1.003528,0.354786,0.472221,0.486808,0.704019,0.819146,0.853445,0.146544,0.103830,0.131467,0.252971,0.427406,0.561002,0.584167,0.654607,0.633466,0.919886,0.755807,1.166890,0.339541,0.263397,0.523155,0.631971,0.185602,0.286422,0.387338,0.616788,0.508378,0.329374,0.466754,0.501346,0.442774,0.261359,0.415305,0.306876,0.520090,0.367422,0.278658,0.421835,0.547933,0.546184,0.535221,0.595505,0.443136,0.480171,0.585419,0.548056,0.029832,0.159843,0.374994,0.262971,0.449985,0.551781,0.318812,0.302247,0.508098,0.786709,0.417338,0.374103,0.368212,0.315234,-0.030527,-0.128492,0.426615,0.343186,0.337393,0.455768,0.241752,0.181543,0.214487,0.152036,0.301692,0.252246,0.690478,0.399576,0.643774,0.530175,0.610316,0.742657,0.674662,0.614149
0.489864,0.607173,1.055340,0.757767,0.406788,0.376466,0.000000,0.999447,0.479413,0.340511,0.806035,0.625756,0.934889,0.692121,0.667036,0.311916,0.182751,0.166578,0.689329,0.576007,0.184992,0.174438,0.846254,0.631120,0.342828,0.331341,0.434528,0.503258,0.397313,0.209194,0.646181,0.640843,0.532664,0.604529,0.347407,0.306917,0.127950,-0.018725,0.255734,0.267205,0.383961,0.302216,0.365351,0.127885,0.354262,0.154996,0.280947,0.272703,0.213183,0.127854,0.435250,0.246974,0.223010,0.229767,0.094880,0.160119,0.145466,0.317656,0.089534,-0.115521,0.226648,0.308548,0.303651,0.181560,0.500871,0.267477,0.343597,0.073901,0.225462,0.179542,0.150346,0.105878,0.426076,0.438284,0.399640,0.519291,0.195886,0.159569,0.145493,0.080801,0.209616,0.152962,0.518809,0.308739,0.468547,0.193470,0.363286,0.207855,0.291116,0.214417
0.493975,0.790392,0.577016,1.002701,0.298188,0.501365,0.999447,0.000000,0.448093,0.567218,0.641765,0.828718,0.656594,0.726087,0.567288,0.636497,0.301418,0.253236,0.463119,0.680733,0.081759,0.095702,0.558979,0.694320,0.142972,0.337354,0.220846,0.400339,0.432456,0.270971,0.512998,0.692628,0.476852,0.664378,0.054283,0.245036,0.229821,-0.024681,0.292886,0.284622,0.454473,0.316132,0.190656,0.047530,0.195268,0.075606,0.070074,0.183653,0.247006,0.121633,0.272692,0.185087,0.409703,0.199971,0.168830,0.126479,0.287618,0.364381,0.171133,0.032191,0.272496,0.477134,0.309303,0.310613,0.150915,0.186026,0.168662,0.061793,0.211501,0.255527,0.208664,0.120239,0.450734,0.498375,0.427027,0.499351,0.249185,0.100595,0.188136,0.123432,0.438507,0.282739,0.558264,0.570771,0.460500,0.216226,0.444634,0.184378,0.318995,0.343196
0.152786,0.314765,0.535710,0.601636,0.826002,0.908053,0.479413,0.448093,0.000000,0.978777,0.324146,0.302497,0.638996,0.637929,0.913543,0.823671,0.120348,0.014969,0.258476,0.286332,0.217472,0.260767,0.826908,0.696354,0.538247,0.722919,0.460676,0.630920,0.145837,0.134283,0.590369,0.573078,0.181285,0.262863,0.442751,0.467306,0.365208,0.107983,0.362057,0.259324,0.231660,0.155951,0.501842,0.335861,0.657552,0.441425,0.401987,0.400475,0.617646,0.548589,0.634090,0.483278,0.331783,0.409597,0.396901,0.306186,0.093429,0.312604,0.519922,0.310503,0.563605,0.483505,0.383961,0.293777,0.772443,0.667944,0.590044,0.361728,0.440613,0.370026,-0.007004,-0.073444,0.228843,0.179944,0.140151,0.321441,0.041081,-0.033539,0.083874,-0.057822,0.210227,0.133771,0.700629,0.336037,0.606619,0.351075,0.640958,0.664720,0.724513,0.439084
0.219034,0.326888,0.241693,0.505182,0.605110,1.003528,0.340511,0.567218,0.978777,0.000000,0.344401,0.446237,0.466252,0.599937,0.786671,0.868255,0.266095,0.158276,0.170497,0.234494,0.120800,0.141400,0.479457,0.546141,0.269707,0.484241,0.249027,0.445169,0.246491,0.227612,0.290072,0.443209,0.114124,0.282515,0.252993,0.415851,0.410549,0.159897,0.417315,0.347987,0.328550,0.247796,0.357288,0.261777,0.470030,0.377766,0.238717,0.325474,0.556760,0.550509,0.568130,0.521425,0.536619,0.498505,0.521958,0.371552,0.114005,0.151102,0.466467,0.282700,0.566204,0.619780,0.501921,0.335658,0.523462,0.691882,0.379373,0.316180,0.313106,0.296630,-0.005245,-0.091234,0.335904,0.209770,0.287796,0.230792,0.109862,0.054669,0.241701,0.088225,0.415877,0.316095,0.731041,0.543959,0.642507,0.438706,0.558425,0.555678,0.652648,0.587209
0.544373,0.569387,0.384910,0.417037,0.294871,0.354786,0.806035,0.641765,0.324146,0.344401,0.000000,1.129835,0.985659,0.956291,0.692451,0.397758,0.585878,0.544410,0.534768,0.488072,0.097620,0.089541,0.488237,0.409800,0.082812,0.159814,0.299429,0.375940,0.705786,0.479468,0.234108,0.381809,0.393716,0.556039,0.176783,0.168688,0.233341,0.088901,0.416652,0.254008,0.571055,0.299358,0.376742,0.181152,0.412984,0.280584,0.310019,0.301894,0.383904,0.323640,0.381907,0.326109,0.469638,0.352803,0.386724,0.258708,0.205209,0.223821,0.144975,-0.061208,0.380548,0.302264,0.586220,0.320607,0.306873,0.285380,0.183866,0.069076,0.184745,0.162092,0.057696,0.053390,0.571216,0.446094,0.302167,0.414438,0.277681,0.182093,0.292978,0.259800,0.463998,0.411650,0.729884,0.559301,0.676088,0.247183,0.531860,0.260876,0.412181,0.310566
0.382013,0.485374,0.205115,0.394547,0.345752,0.472221,0.625756,0.828718,0.302497,0.446237,1.129835,0.000000,0.926404,1.259253,0.657578,0.561432,0.470887,0.481635,0.264950,0.443330,0.114276,0.169955,0.346925,0.403232,0.094594,0.265810,0.320422,0.423007,0.679481,0.547908,0.180634,0.338964,0.315871,0.489362,0.017730,0.169951,0.350869,0.096640,0.422513,0.292413,0.713894,0.358566,0.151368,0.052485,0.255676,0.145520,0.145359,0.217167,0.350509,0.259471,0.276732,0.275040,0.538984,0.252514,0.385785,0.201249,0.202918,0.162870,0.155526,-0.000493,0.394224,0.388481,0.405700,0.369487,0.130817,0.276055,0.063791,0.027703,0.054996,0.092292,0.074876,0.038822,0.575446,0.489585,0.342365,0.447606,0.379024,0.243068,0.267166,0.195328,0.388187,0.313883,0.750105,0.576248,0.517173,0.198459,0.538783,0.312302,0.313988,0.308749
0.271851,0.393626,0.584717,0.469885,0.488816,0.486808,0.934889,0.656594,0.638996,0.466252,0.985659,0.926404,0.000000,1.175159,0.927749,0.529192,0.312038,0.270342,0.419177,0.414259,0.149372,0.101189,0.714257,0.521785,0.283053,0.385097,0.440684,0.515877,0.551055,0.406159,0.388927,0.429759,0.368959,0.392391,0.333833,0.300412,0.289007,0.074219,0.318252,0.199369,0.442076,0.217024,0.312004,0.084718,0.405828,0.160670,0.240289,0.217791,0.299331,0.227317,0.376982,0.231441,0.203768,0.205349,0.238801,0.171051,0.153112,0.266873,0.179613,0.031189,0.435621,0.437727,0.451051,0.319726,0.585016,0.405158,0.280644,0.080723,0.226645,0.192795,0.007397,-0.026442,0.439902,0.352045,0.264012,0.417218,0.220094,0.109330,0.193716,0.092273,0.271457,0.162691,0.774121,0.411083,0.624305,0.163366,0.582585,0.368402,0.461338,0.240202
0.292843,0.434070,0.439136,0.548034,0.534199,0.704019,0.692121,0.726087,0.637929,0.599937,0.956291,1.259253,1.175159,0.000000,0.861446,0.720430,0.336740,0.286624,0.378553,0.472832,0.164928,0.229778,0.696317,0.692261,0.273727,0.541397,0.419497,0.590814,0.471309,0.388079,0.375901,0.514721,0.328280,0.451183,0.297171,0.384977,0.352087,0.113961,0.481307,0.299884,0.605791,0.335991,0.299872,0.111285,0.398327,0.224096,0.210483,0.220406,0.381653,0.327902,0.379790,0.344945,0.347671,0.274307,0.437804,0.248285,0.163618,0.255670,0.218058,0.081391,0.422447,0.490633,0.307548,0.281601,0.440114,0.519199,0.239106,0.143561,0.231619,0.247107,0.057361,0.026063,0.499438,0.418741,0.322157,0.465424,0.373107,0.249293,0.176118,0.147356,0.246452,0.239190,0.871737,0.438667,0.649651,0.269601,0.752957,0.509410,0.551452,0.365419
0.160898,0.287634,0.508293,0.500633,0.766093,0.819146,0.667036,0.567288,0.913543,0.786671,0.692451,0.657578,0.927749,0.861446,0.000000,0.773339,0.247997,0.065123,0.168482,0.194126,0.396084,0.287287,0.673718,0.483385,0.454293,0.550254,0.603684,0.713286,0.503590,0.331558,0.421150,0.426135,0.130346,0.239345,0.344719,0.303294,0.491938,0.162946,0.472025,0.355452,0.425628,0.218510,0.376283,0.173001,0.496781,0.287967,0.314723,0.335747,0.517024,0.417638,0.672743,0.461337,0.463740,0.300294,0.527145,0.343142,0.002267,0.103708,0.339066,0.088339,0.513867,0.387842,0.512658,0.277987,0.690570,0.556597,0.361126,0.175724,0.187114,0.109179,-0.010074,-0.156213,0.477027,0.247267,0.341764,0.385997,0.157022,0.027190,0.225367,-0.012867,0.294848,0.099764,0.882955,0.452663,0.565308,0.190903,0.568182,0.490260,0.666948,0.374499
0.287081,0.456206,0.278267,0.676754,0.488455,0.853445,0.311916,0.636497,0.823671,0.868255,0.397758,0.561432,0.529192,0.720430,0.773339,0.000000,0.526386,0.296092,0.219573,0.440384,0.267568,0.143008,0.458833,0.590890,0.248878,0.622830,0.266938,0.505730,0.638645,0.586595,0.570249,0.697538,0.343540,0.389829,0.251614,0.419401,0.670724,0.331610,0.606962,0.412182,0.522454,0.248189,0.454549,0.335136,0.552714,0.377916,0.360675,0.470201,0.639902,0.527411,0.446057,0.379057,0.634719,0.339227,0.656684,0.418126,0.298658,0.245928,0.443732,0.262031,0.522362,0.515221,0.474808,0.339161,0.291628,0.480029,0.334619,0.289750,0.335020,0.320066,-0.076601,-0.232118,0.592062,0.483785,0.417585,0.618151,0.346496,0.141610,0.452359,0.306496,0.657052,0.394333,0.957990,0.849675,0.816316,0.446126,0.744311,0.724738,0.894427,0.657100
0.668357,0.533759,0.032765,0.244236,-0.021084,0.146544,0.182751,0.301418,0.120348,0.266095,0.585878,0.470887,0.312038,0.336740,0.247997,0.526386,0.000000,0.941320,0.382255,0.543940,-0.038436,-0.177019,0.081411,0.176355,-0.163266,0.037323,-0.099684,0.030158,0.883234,0.853549,0.156469,0.300154,0.526922,0.601606,0.083965,0.085647,0.254628,0.371200,0.365885,0.237836,0.447390,0.237858,0.398992,0.382829,0.377301,0.339659,0.379692,0.420561,0.320147,0.363077,0.094868,0.144181,0.465329,0.275105,0.306470,0.204853,0.614173,0.293614,0.270038,0.146138,0.410160,0.334080,0.638153,0.474535,-0.013098,0.205538,0.184888,0.238020,0.213819,0.264840,-0.184834,-0.211281,0.580364,0.506409,0.348185,0.411273,0.301932,0.218296,0.978293,0.611173,1.063142,0.876859,0.550365,0.810185,0.679804,0.483851,0.360423,0.278162,0.392173,0.370576
0.728530,0.496060,-0.061038,0.102114,-0.012945,0.103830,0.166578,0.253236,0.014969,0.158276,0.544410,0.481635,0.270342,0.286624,0.065123,0.296092,0.941320,0.000000,0.373728,0.486532,-0.116443,-0.038061,-0.053951,0.058920,-0.147588,-0.068913,-0.043227,0.030816,0.615978,0.791421,0.035583,0.183239,0.654808,0.589438,0.036610,0.111676,0.149091,0.403939,0.236436,0.333706,0.398613,0.345122,0.406491,0.472324,0.377517,0.414078,0.347672,0.457808,0.298630,0.428644,0.072064,0.254309,0.379342,0.403871,0.234657,0.369842,0.661751,0.375765,0.313875,0.245845,0.409507,0.368792,0.592023,0.621115,-0.115578,0.226805,0.232276,0.327805,0.246693,0.339483,-0.172042,-0.024692,0.351537,0.553658,0.151632,0.239882,0.190037,0.180379,0.701361,0.877238,0.934273,1.114831,0.285197,0.650684,0.569902,0.561842,0.207243,0.207688,0.126228,0.365854
0.742025,0.666107,0.747327,0.612512,0.021709,0.131467,0.689329,0.463119,0.258476,0.170497,0.534768,0.264950,0.419177,0.378553,0.168482,0.219573,0.382255,0.373728,0.000000,1.037107,-0.026191,-0.087433,0.644706,0.636302,0.021459,0.146753,0.048471,0.192679,0.216696,0.119126,0.454634,0.541846,0.656381,0.592357,0.347907,0.308418,0.026055,-0.004136,0.182385,0.128929,0.282172,0.266716,0.467641,0.259344,0.336636,0.284103,0.334171,0.292558,0.103865,0.148240,0.139987,0.091999,0.067892,0.179105,0.011646,0.080325,0.393909,0.436058,0.068558,0.025675,0.112156,0.275027,0.216933,0.093510,0.289426,0.202771,0.343817,0.211975,0.586776,0.604966,0.011286,0.061423,0.255613,0.352603,0.222430,0.354178,0.119707,0.097756,0.210794,0.199340,0.405039,0.406819,0.412402,0.388639,0.717343,0.402690,0.524360,0.240101,0.294802,0.251858
0.931468,1.129213,0.542854,0.822610,0.092084,0.252971,0.576007,0.680733,0.286332,0.234494,0.488072,0.443330,0.414259,0.472832,0.194126,0.440384,0.543940,0.486532,1.037107,0.000000,0.008067,-0.080547,0.493209,0.706548,0.056693,0.313651,0.089004,0.248523,0.392970,0.355173,0.520869,0.661348,0.753474,0.900007,0.157728,0.271095,0.009641,0.050470,0.088800,0.080810,0.326544,0.193615,0.361350,0.247746,0.287203,0.236923,0.262985,0.293695,0.217663,0.203348,0.127698,0.161795,0.242054,0.246617,0.010049,0.063742,0.780564,0.738074,0.221580,0.219156,0.308780,0.513783,0.336989,0.427927,0.097113,0.251886,0.307470,0.288683,0.651256,0.715256,-0.052021,-0.047428,0.302025,0.405415,0.271241,0.473772,0.300934,0.204311,0.377292,0.263016,0.568723,0.544368,0.446317,0.529598,0.625145,0.497973,0.531670,0.214122,0.246461,0.327131
-0.058294,0.017448,0.244188,0.293734,0.633953,0.427406,0.184992,0.081759,0.217472,0.120800,0.097620,0.114276,0.149372,0.164928,0.396084,0.267568,-0.038436,-0.116443,-0.026191,0.008067,0.000000,0.786744,0.335058,0.306813,0.614606,0.539272,0.726310,0.662418,0.300755,0.232508,0.520360,0.457261,0.096331,0.083754,0.217725,0.257974,0.377726,0.347095,0.373565,0.487131,0.271964,0.225012,0.209918,0.083556,0.227687,0.142507,0.215386,0.225168,0.210376,0.201768,0.237301,0.283440,0.224454,0.187542,0.360667,0.356802,-0.204645,-0.092571,-0.036286,-0.057193,0.017363,0.007671,0.067291,0.002203,0.184855,0.250181,0.114631,0.157101,0.152526,0.005262,0.039063,-0.067531,0.318772,0.193429,0.353266,0.322053,-0.000809,0.050568,0.156309,0.091033,0.024540,-0.072273,0.221022,0.176861,0.185029,0.192181,0.115680,0.358700,0.305914,0.365232
-0.068891,-0.005462,0.177262,0.216152,0.762894,0.561002,0.174438,0.095702,0.260767,0.141400,0.089541,0.169955,0.101189,0.229778,0.287287,0.143008,-0.177019,-0.038061,-0.087433,-0.080547,0.786744,0.000000,0.322397,0.287288,0.657239,0.580672,0.837081,0.814653,0.050842,0.023654,0.418492,0.365321,0.068529,0.085446,0.251653,0.307067,0.256703,0.281700,0.269581,0.527568,0.318762,0.423191,0.184464,0.166607,0.237846,0.222449,0.195364,0.242640,0.226263,0.240781,0.206545,0.302714,0.128607,0.170790,0.332364,0.410524,-0.281088,-0.046939,0.018127,-0.033943,0.013569,-0.024486,-0.095680,-0.028005,0.147101,0.236682,0.147798,0.147108,0.026153,-0.068803,0.320068,0.315518,0.258706,0.256482,0.315713,0.307539,0.147898,0.210911,-0.006183,0.083127,-0.127928,-0.016687,0.169010,0.015091,0.159300,0.223710,0.198925,0.468648,0.197009,0.252132
0.242025,0.445953,1.312577,1.045741,0.624990,0.584167,0.846254,0.558979,0.826908,0.479457,0.488237,0.346925,0.714257,0.696317,0.673718,0.458833,0.081411,-0.053951,0.644706,0.493209,0.335058,0.322397,0.000000,1.390429,0.596448,0.815667,0.583761,0.626657,0.133235,-0.007411,0.903566,0.935873,0.314880,0.356815,0.688248,0.561486,0.193452,0.003285,0.397391,0.233436,0.353126,0.230746,0.357648,0.091738,0.376279,0.162966,0.268446,0.200257,0.175986,0.152397,0.344838,0.211929,0.048552,0.211613,0.228883,0.155432,0.008343,0.282034,0.111487,0.023668,0.181728,0.343992,0.152030,0.013419,0.843341,0.522367,0.414644,0.168835,0.464047,0.366057,0.210372,0.151026,0.324961,0.260390,0.366282,0.458804,0.139429,0.092519,0.016476,-0.090643,0.059786,0.052498,0.687171,0.283830,0.620273,0.294194,0.746708,0.538464,0.660301,0.359386
0.345291,0.599664,0.906621,1.385888,0.524639,0.654607,0.631120,0.694320,0.696354,0.546141,0.409800,0.403232,0.521785,0.692261,0.483385,0.590890,0.176355,0.058920,0.636302,0.706548,0.306813,0.287288,1.390429,0.000000,0.446085,0.848942,0.461605,0.569760,0.145877,0.050216,0.860772,1.128971,0.341587,0.431428,0.473239,0.608324,0.155319,0.010399,0.378867,0.238075,0.353675,0.213797,0.292038,0.101910,0.286614,0.174318,0.190377,0.194068,0.179006,0.181236,0.208761,0.233293,0.136241,0.269094,0.237964,0.203945,0.174755,0.363737,0.123264,0.120783,0.182470,0.494991,0.164379,0.135639,0.509773,0.553405,0.306856,0.221980,0.531519,0.488689,0.198005,0.138283,0.298797,0.252012,0.335181,0.422371,0.208867,0.153844,0.093204,-0.007891,0.213723,0.225971,0.704592,0.429902,0.665320,0.487445,0.829591,0.531133,0.605959,0.588823
0.073120,0.187001,0.531713,0.409569,1.136899,0.633466,0.342828,0.142972,0.538247,0.269707,0.082812,0.094594,0.283053,0.273727,0.454293,0.248878,-0.163266,-0.147588,0.021459,0.056693,0.614606,0.657239,0.596448,0.446085,0.000000,1.184760,1.276653,0.863079,0.113150,0.065219,0.825442,0.578158,0.234464,0.196925,0.565665,0.584189,0.320989,0.296131,0.301925,0.455360,0.300516,0.195386,0.359832,0.244885,0.394219,0.308873,0.337086,0.402160,0.273979,0.350606,0.465321,0.502686,0.099299,0.345188,0.243287,0.386385,-0.039185,0.215842,0.198711,0.239454,0.250653,0.293376,0.046801,0.150542,0.541068,0.548796,0.503478,0.414390,0.315527,0.168514,-0.006251,-0.048085,0.199261,0.166222,0.250232,0.386127,0.085886,0.141573,0.008614,0.039546,-0.141246,-0.092766,0.295604,0.054492,0.168747,0.306311,0.261799,0.520311,0.341768,0.322985
0.145100,0.357533,0.594635,0.745809,1.046249,0.919886,0.331341,0.337354,0.722919,0.484241,0.159814,0.265810,0.385097,0.541397,0.550254,0.622830,0.037323,-0.068913,0.146753,0.313651,0.539272,0.580672,0.815667,0.848942,1.184760,0.000000,0.940404,0.954735,0.190943,0.154474,0.980975,0.883532,0.322941,0.341453,0.648575,0.719487,0.367281,0.334624,0.399764,0.419118,0.379506,0.215012,0.371750,0.244290,0.432233,0.329010,0.319420,0.388524,0.345694,0.388484,0.392055,0.457567,0.171094,0.284186,0.349174,0.335766,0.113352,0.355996,0.274380,0.343842,0.326149,0.491579,0.069410,0.201742,0.521502,0.684224,0.517159,0.472287,0.433650,0.359138,-0.002393,-0.095886,0.278545,0.227586,0.349049,0.516098,0.260031,0.232854,0.118658,0.076320,0.049990,0.074438,0.604244,0.307404,0.444625,0.504297,0.689336,0.802757,0.627946,0.476312
0.063414,0.185125,0.477970,0.388923,1.242660,0.755807,0.434528,0.220846,0.460676,0.249027,0.299429,0.320422,0.440684,0.419497,0.603684,0.266938,-0.099684,-0.043227,0.048471,0.089004,0.726310,0.837081,0.583761,0.461605,1.276653,0.940404,0.000000,1.299224,0.249879,0.137387,0.580782,0.486169,0.141940,0.132305,0.426260,0.547700,0.342288,0.236380,0.314443,0.481345,0.379682,0.254763,0.319390,0.206644,0.380280,0.236913,0.287730,0.381518,0.287371,0.306462,0.411499,0.467697,0.194904,0.351370,0.307977,0.459539,-0.140439,0.071724,0.018797,0.009777,0.142792,0.216620,0.070129,0.124068,0.456467,0.462906,0.248705,0.188821,0.173221,0.029284,0.003384,-0.039789,0.276327,0.196383,0.271410,0.405730,0.117336,0.124108,0.034095,0.059343,-0.036693,-0.031677,0.401489,0.163198,0.289171,0.280310,0.354890,0.524233,0.318214,0.336228
0.103775,0.251548,0.455635,0.503097,1.199506,1.166890,0.503258,0.400339,0.630920,0.445169,0.375940,0.423007,0.515877,0.590814,0.713286,0.505730,0.030158,0.030816,0.192679,0.248523,0.662418,0.814653,0.626657,0.569760,0.863079,0.954735,1.299224,0.000000,0.358662,0.220103,0.622987,0.611298,0.210221,0.243601,0.406372,0.565928,0.423754,0.321504,0.390948,0.511881,0.443251,0.283950,0.383561,0.266197,0.433147,0.275082,0.297152,0.417231,0.376951,0.365695,0.423389,0.466584,0.278641,0.366942,0.406603,0.512773,-0.104159,0.104998,0.082594,0.019379,0.180639,0.271926,0.116912,0.147549,0.421552,0.500637,0.281583,0.220821,0.250744,0.156278,0.029340,-0.054718,0.428165,0.361806,0.353848,0.555230,0.223791,0.209615,0.123537,0.109316,0.118121,0.072985,0.529644,0.256469,0.488443,0.377986,0.504332,0.637485,0.480349,0.431539
0.434563,0.425008,0.109222,0.258956,0.249946,0.339541,0.397313,0.432456,0.145837,0.246491,0.705786,0.679481,0.551055,0.471309,0.503590,0.638645,0.883234,0.615978,0.216696,0.392970,0.300755,0.050842,0.133235,0.145877,0.113150,0.190943,0.249879,0.358662,0.000000,1.180888,0.343412,0.418083,0.443323,0.468482,0.090078,0.147830,0.483830,0.427091,0.499988,0.357524,0.734065,0.215385,0.367591,0.260709,0.353069,0.229205,0.320252,0.413154,0.355057,0.301005,0.245904,0.236223,0.538046,0.301453,0.413231,0.366323,0.336269,0.112622,0.126310,-0.034377,0.341026,0.196423,0.606467,0.367862,0.034003,0.180986,0.109412,0.101190,0.107761,0.066782,-0.220131,-0.310236,0.957092,0.636587,0.498687,0.671000,0.340841,0.230133,0.810561,0.571559,0.735641,0.469238,0.604492,0.687008,0.552824,0.290923,0.304529,0.309553,0.400866,0.379290
0.421355,0.343160,-0.040971,0.140377,0.162610,0.263397,0.209194,0.270971,0.134283,0.227612,0.479468,0.547908,0.406159,0.388079,0.331558,0.586595,0.853549,0.791421,0.119126,0.355173,0.232508,0.023654,-0.007411,0.050216,0.065219,0.154474,0.137387,0.220103,1.180888,0.000000,0.238430,0.302758,0.441480,0.439884,0.034166,0.124602,0.363803,0.531619,0.313799,0.364286,0.489570,0.267277,0.402392,0.409689,0.384101,0.332388,0.393220,0.505374,0.386571,0.429707,0.215157,0.319544,0.494028,0.402296,0.308353,0.420078,0.444701,0.183972,0.226766,0.128996,0.357905,0.291418,0.531183,0.547077,-0.013541,0.239877,0.168250,0.251505,0.061997,0.097832,-0.384463,-0.367994,0.520671,0.525479,0.320319,0.470053,0.244906,0.195677,0.845222,0.699181,0.720494,0.639075,0.517222,0.722798,0.491949,0.461980,0.223420,0.349090,0.300228,0.455053
0.347858,0.555055,0.913231,0.961271,0.588169,0.523155,0.646181,0.512998,0.590369,0.290072,0.234108,0.180634,0.388927,0.375901,0.421150,0.570249,0.156469,0.035583,0.454634,0.520869,0.520360,0.418492,0.903566,0.860772,0.825442,0.980975,0.580782,0.622987,0.343412,0.238430,0.000000,1.483061,0.607208,0.555186,0.628526,0.589427,0.318511,0.289023,0.416244,0.369311,0.403309,0.206174,0.480086,0.265230,0.453380,0.325276,0.411940,0.414313,0.288441,0.273951,0.347018,0.291785,0.150361,0.248010,0.214733,0.295348,0.224008,0.443838,0.223221,0.176909,0.239666,0.338306,0.170025,0.153910,0.434940,0.397015,0.576945,0.391732,0.505439,0.390077,0.094838,0.001530,0.434339,0.432738,0.466953,0.698701,0.250247,0.196360,0.252010,0.177528,0.191193,0.144584,0.498120,0.329731,0.483493,0.441866,0.500746,0.539055,0.571507,0.443983
0.427419,0.690816,0.773503,1.184069,0.547199,0.631971,0.640843,0.692628,0.573078,0.443209,0.381809,0.338964,0.429759,0.514721,0.426135,0.697538,0.300154,0.183239,0.541846,0.661348,0.457261,0.365321,0.935873,1.128971,0.578158,0.883532,0.486169,0.611298,0.418083,0.302758,1.483061,0.000000,0.582504,0.634324,0.546523,0.609300,0.285020,0.235770,0.470355,0.357078,0.524307,0.238736,0.445369,0.256038,0.403408,0.306657,0.316550,0.366806,0.276281,0.296256,0.263102,0.325282,0.241302,0.350179,0.248597,0.334383,0.257203,0.422650,0.172162,0.150648,0.237174,0.454609,0.238058,0.231204,0.373558,0.473946,0.431307,0.356662,0.539746,0.460211,0.100456,0.030365,0.547535,0.525704,0.554278,0.663771,0.241601,0.173063,0.290813,0.280386,0.358251,0.344554,0.602259,0.488844,0.660569,0.575857,0.626546,0.512631,0.602774,0.607654
0.904741,0.813493,0.457498,0.491260,0.195648,0.185602,0.532664,0.476852,0.181285,0.114124,0.393716,0.315871,0.368959,0.328280,0.130346,0.343540,0.526922,0.654808,0.656381,0.753474,0.096331,0.068529,0.314880,0.341587,0.234464,0.322941,0.141940,0.210221,0.443323,0.441480,0.607208,0.582504,0.000000,1.250377,0.391373,0.347812,0.212999,0.440417,0.285838,0.462153,0.386532,0.409222,0.470097,0.297420,0.414076,0.367554,0.369854,0.399466,0.204279,0.292325,0.165142,0.186989,0.138012,0.118312,0.101458,0.146066,0.807355,0.872244,0.458510,0.493954,0.529936,0.596598,0.428844,0.539629,0.127983,0.322713,0.730200,0.661627,0.649897,0.693748,-0.010322,0.026306,0.372549,0.642130,0.335452,0.561952,0.323316,0.305092,0.542648,0.675288,0.607907,0.601857,0.275813,0.475376,0.533024,0.507012,0.270333,0.311739,0.252285,0.238537
1.052516,1.105373,0.426661,0.625740,0.256535,0.286422,0.604529,0.664378,0.262863,0.282515,0.556039,0.489362,0.392391,0.451183,0.239345,0.389829,0.601606,0.589438,0.592357,0.900007,0.083754,0.085446,0.356815,0.431428,0.196925,0.341453,0.132305,0.243601,0.468482,0.439884,0.555186,0.634324,1.250377,0.000000,0.308519,0.329851,0.153698,0.309260,0.263429,0.389670,0.445622,0.361427,0.443916,0.312192,0.417387,0.428946,0.335591,0.382591,0.342457,0.401468,0.281449,0.341529,0.346236,0.258415,0.141598,0.173601,0.826821,0.915270,0.532670,0.463918,0.656574,0.673757,0.574772,0.691835,0.138762,0.397120,0.667316,0.637545,0.620411,0.671064,0.046497,0.089787,0.450502,0.617725,0.370608,0.513657,0.389367,0.385836,0.531897,0.509994,0.646976,0.721421,0.384290,0.553657,0.519572,0.583324,0.328926,0.280178,0.245526,0.327027
0.214575,0.262443,0.713960,0.423855,0.464984,0.387338,0.347407,0.054283,0.442751,0.252993,0.176783,0.017730,0.333833,0.297171,0.344719,0.251614,0.083965,0.036610,0.347907,0.157728,0.217725,0.251653,0.688248,0.473239,0.565665,0.648575,0.426260,0.406372,0.090078,0.034166,0.628526,0.546523,0.391373,0.308519,0.000000,0.887231,0.251015,0.374032,0.368132,0.254822,0.233902,0.089619,0.544631,0.331258,0.531009,0.450224,0.479840,0.412337,0.179912,0.336738,0.395459,0.326900,-0.049736,0.160009,0.252500,0.336382,0.068647,0.296418,0.242950,0.231634,0.318752,0.375796,0.223772,0.112305,0.950498,0.743868,0.821588,0.556918,0.417995,0.328332,-0.015761,-0.023869,0.230473,0.228662,0.252796,0.337196,0.300113,0.378821,0.148729,0.165294,0.052633,0.165890,0.372407,0.119889,0.466713,0.446876,0.427395,0.587390,0.574009,0.332591
0.359221,0.434032,0.530604,0.506994,0.621471,0.616788,0.306917,0.245036,0.467306,0.415851,0.168688,0.169951,0.300412,0.384977,0.303294,0.419401,0.085647,0.111676,0.308418,0.271095,0.257974,0.307067,0.561486,0.608324,0.584189,0.719487,0.547700,0.565928,0.147830,0.124602,0.589427,0.609300,0.347812,0.329851,0.887231,0.000000,0.460818,0.476933,0.430114,0.487444,0.290648,0.151679,0.599050,0.499674,0.536539,0.471595,0.439948,0.598571,0.305982,0.460411,0.431380,0.546961,0.202511,0.459234,0.369488,0.620857,0.207019,0.333764,0.216929,0.275644,0.275078,0.550231,0.246674,0.287971,0.638725,0.861886,0.592114,0.547130,0.459634,0.379775,-0.063811,-0.086185,0.289932,0.338746,0.303032,0.448514,0.474063,0.478096,0.149131,0.238755,0.212842,0.297041,0.430169,0.278779,0.545302,0.612280,0.445235,0.676021,0.603019,0.724895
0.115751,0.159852,0.103037,0.204436,0.462461,0.508378,0.127950,0.229821,0.365208,0.410549,0.233341,0.350869,0.289007,0.352087,0.491938,0.670724,0.254628,0.149091,0.026055,0.009641,0.377726,0.256703,0.193452,0.155319,0.320989,0.367281,0.342288,0.423754,0.483830,0.363803,0.318511,0.285020,0.212999,0.153698,0.251015,0.460818,0.000000,0.599239,0.946545,0.774979,0.607896,0.286327,0.411041,0.336714,0.471787,0.311461,0.455160,0.520876,0.464297,0.419564,0.432408,0.330879,0.542978,0.253000,0.968201,0.549356,0.027847,0.022668,0.315710,0.180160,0.417581,0.188416,0.373923,0.153677,0.226196,0.288793,0.289463,0.258149,0.173977,0.110628,0.097129,-0.070690,0.683655,0.542906,0.420699,0.555040,0.418779,0.262284,0.325208,0.237679,0.358038,0.083811,0.536614,0.473955,0.495787,0.188516,0.376924,0.646642,0.757139,0.476075
0.266946,0.152646,0.006524,0.045145,0.341351,0.329374,-0.018725,-0.024681,0.107983,0.159897,0.088901,0.096640,0.074219,0.113961,0.162946,0.331610,0.371200,0.403939,-0.004136,0.050470,0.347095,0.281700,0.003285,0.010399,0.296131,0.334624,0.236380,0.321504,0.427091,0.531619,0.289023,0.235770,0.440417,0.309260,0.374032,0.476933,0.599239,0.000000,0.426350,0.754998,0.316727,0.302839,0.497129,0.570944,0.433620,0.456343,0.498007,0.623061,0.325089,0.463913,0.301779,0.436132,0.258146,0.369470,0.496422,0.657935,0.273046,0.207496,0.336481,0.356864,0.350291,0.312787,0.371853,0.458252,0.156938,0.499238,0.441148,0.586029,0.152195,0.158781,-0.149003,-0.180003,0.312252,0.415555,0.289880,0.434376,0.393978,0.442602,0.582661,0.591360,0.413249,0.427260,0.248782,0.383918,0.418362,0.643783,0.129321,0.550491,0.421674,0.514022
0.201465,0.209328,0.234959,0.355647,0.451051,0.466754,0.255734,0.292886,0.362057,0.417315,0.416652,0.422513,0.318252,0.481307,0.472025,0.606962,0.365885,0.236436,0.182385,0.088800,0.373565,0.269581,0.397391,0.378867,0.301925,0.399764,0.314443,0.390948,0.499988,0.313799,0.416244,0.470355,0.285838,0.263429,0.368132,0.430114,0.946545,0.426350,0.000000,0.834988,0.860609,0.432675,0.365847,0.216996,0.382364,0.246934,0.349111,0.363718,0.264888,0.284511,0.315792,0.224231,0.425410,0.314659,0.936530,0.562104,0.004161,0.029400,0.195923,0.050119,0.306587,0.158885,0.379508,0.037778,0.339585,0.319249,0.262322,0.205301,0.207829,0.103790,0.087694,0.000479,0.765410,0.561006,0.480430,0.522980,0.248387,0.174423,0.397982,0.333493,0.364816,0.211983,0.636874,0.502372,0.564090,0.248924,0.461807,0.744891,0.939358,0.596339
0.341448,0.221569,0.174509,0.281600,0.576431,0.501346,0.267205,0.284622,0.259324,0.347987,0.254008,0.292413,0.199369,0.299884,0.355452,0.412182,0.237836,0.333706,0.128929,0.080810,0.487131,0.527568,0.233436,0.238075,0.455360,0.419118,0.481345,0.511881,0.357524,0.364286,0.369311,0.357078,0.462153,0.389670,0.254822,0.487444,0.774979,0.754998,0.834988,0.000000,0.598814,0.848575,0.462737,0.400500,0.434222,0.344356,0.408882,0.548772,0.314244,0.402857,0.408900,0.410127,0.419605,0.379649,0.649249,0.659084,0.098660,0.130361,0.272187,0.192801,0.299150,0.282446,0.326968,0.265939,0.223614,0.390849,0.365857,0.414978,0.182979,0.119454,0.130968,0.104399,0.483762,0.575662,0.530370,0.539927,0.241793,0.279266,0.421312,0.474678,0.406711,0.337993,0.445388,0.553407,0.514631,0.502380,0.243615,0.737048,0.516942,0.615817
0.351596,0.377969,0.199667,0.357952,0.403081,0.442774,0.383961,0.454473,0.231660,0.328550,0.571055,0.713894,0.442076,0.605791,0.425628,0.522454,0.447390,0.398613,0.282172,0.326544,0.271964,0.318762,0.353126,0.353675,0.300516,0.379506,0.379682,0.443251,0.734065,0.489570,0.403309,0.524307,0.386532,0.445622,0.233902,0.290648,0.607896,0.316727,0.860609,0.598814,0.000000,0.507150,0.263772,0.141948,0.293269,0.188271,0.194431,0.283205,0.245259,0.247959,0.254567,0.228318,0.407886,0.268716,0.510311,0.374166,0.110214,0.067226,0.144307,0.004631,0.331201,0.209400,0.344415,0.148886,0.197838,0.253773,0.179588,0.136055,0.128017,0.099596,-0.001815,-0.030432,0.869363,0.694151,0.588171,0.636433,0.222010,0.141282,0.445831,0.417805,0.438572,0.343512,0.658968,0.511742,0.594624,0.293244,0.535599,0.572702,0.483757,0.399732
0.313229,0.191605,0.145728,0.207549,0.274295,0.261359,0.302216,0.316132,0.155951,0.247796,0.299358,0.358566,0.217024,0.335991,0.218510,0.248189,0.237858,0.345122,0.266716,0.193615,0.225012,0.423191,0.230746,0.213797,0.195386,0.215012,0.254763,0.283950,0.215385,0.267277,0.206174,0.238736,0.409222,0.361427,0.089619,0.151679,0.286327,0.302839,0.432675,0.848575,0.507150,0.000000,0.273956,0.177156,0.293718,0.192439,0.267622,0.251444,0.185930,0.205630,0.221645,0.164014,0.254275,0.147062,0.297433,0.225613,0.040025,0.082803,0.101257,-0.008726,0.119973,0.132070,0.124077,0.067607,0.115673,0.125553,0.157416,0.134614,0.018248,0.000687,0.189533,0.249482,0.320981,0.468566,0.499879,0.361844,0.088453,0.128064,0.322821,0.357726,0.292701,0.312785,0.377151,0.468186,0.479420,0.283596,0.271413,0.503576,0.245771,0.214832
0.636387,0.515449,0.366815,0.366019,0.450416,0.415305,0.365351,0.190656,0.501842,0.357288,0.376742,0.151368,0.312004,0.299872,0.376283,0.454549,0.398992,0.406491,0.467641,0.361350,0.209918,0.184464,0.357648,0.292038,0.359832,0.371750,0.319390,0.383561,0.367591,0.402392,0.480086,0.445369,0.470097,0.443916,0.544631,0.599050,0.411041,0.497129,0.365847,0.462737,0.263772,0.273956,0.000000,1.319478,1.429922,1.160294,1.376802,1.242275,0.900585,1.018166,0.870685,0.886464,0.548201,0.713049,0.539462,0.775732,0.376709,0.378310,0.415292,0.241365,0.454854,0.342049,0.527741,0.365230,0.416698,0.567175,0.636544,0.548006,0.396965,0.319929,-0.204669,-0.181445,0.326296,0.348657,0.243164,0.442881,0.285339,0.292954,0.432721,0.425221,0.448548,0.503792,0.439369,0.415654,0.732190,0.743200,0.392379,0.573566,0.554954,0.650105
0.542657,0.378628,0.106439,0.162125,0.334528,0.306876,0.127885,0.047530,0.335861,0.261777,0.181152,0.052485,0.084718,0.111285,0.173001,0.335136,0.382829,0.472324,0.259344,0.247746,0.083556,0.166607,0.091738,0.101910,0.244885,0.244290,0.206644,0.266197,0.260709,0.409689,0.265230,0.256038,0.297420,0.312192,0.331258,0.499674,0.336714,0.570944,0.216996,0.400500,0.141948,0.177156,1.319478,0.000000,1.051872,1.128096,1.266144,1.532534,0.831741,1.036663,0.666478,0.909971,0.573147,0.860756,0.478144,0.870267,0.390183,0.291722,0.408675,0.261258,0.365258,0.248668,0.399154,0.412362,0.198866,0.470507,0.471164,0.523740,0.215430,0.205877,-0.231495,-0.159564,0.207927,0.307478,0.154467,0.319538,0.297655,0.349301,0.459510,0.482207,0.431778,0.578609,0.282024,0.351000,0.515989,0.785342,0.231141,0.464574,0.345625,0.629222
0.481452,0.450728,0.311568,0.319964,0.531376,0.520090,0.354262,0.195268,0.657552,0.470030,0.412984,0.255676,0.405828,0.398327,0.496781,0.552714,0.377301,0.377517,0.336636,0.287203,0.227687,0.237846,0.376279,0.286614,0.394219,0.432233,0.380280,0.433147,0.353069,0.384101,0.453380,0.403408,0.414076,0.417387,0.531009,0.536539,0.471787,0.433620,0.382364,0.434222,0.293269,0.293718,1.429922,1.051872,0.000000,1.330832,1.281879,1.111061,1.328864,1.295928,1.039699,0.951992,0.691037,0.677718,0.656707,0.664011,0.268131,0.339920,0.523078,0.265450,0.584312,0.354679,0.545789,0.358138,0.497573,0.602181,0.674151,0.527951,0.337960,0.269770,-0.142949,-0.160218,0.323559,0.296237,0.226725,0.415757,0.272890,0.278474,0.376857,0.323459,0.408936,0.434470,0.527417,0.455906,0.784564,0.648624,0.471450,0.653860,0.617819,0.554575
0.532194,0.447861,0.140702,0.211665,0.380157,0.367422,0.154996,0.075606,0.441425,0.377766,0.280584,0.145520,0.160670,0.224096,0.287967,0.377916,0.339659,0.414078,0.284103,0.236923,0.142507,0.222449,0.162966,0.174318,0.308873,0.329010,0.236913,0.275082,0.229205,0.332388,0.325276,0.306657,0.367554,0.428946,0.450224,0.471595,0.311461,0.456343,0.246934,0.344356,0.188271,0.192439,1.160294,1.128096,1.330832,0.000000,1.134812,1.101193,1.144796,1.693085,0.775137,1.122171,0.656147,0.727266,0.561647,0.736776,0.356316,0.417327,0.588103,0.439050,0.575531,0.400120,0.493695,0.448535,0.276346,0.603479,0.665811,0.716874,0.355579,0.350028,-0.155479,-0.111691,0.177785,0.178892,0.066383,0.187968,0.243992,0.325651,0.332771,0.357809,0.388538,0.570306,0.382130,0.375001,0.593596,0.824860,0.380102,0.525359,0.404052,0.631661
0.527216,0.408486,0.278201,0.241226,0.361323,0.278658,0.280947,0.070074,0.401987,0.238717,0.310019,0.145359,0.240289,0.210483,0.314723,0.360675,0.379692,0.347672,0.334171,0.262985,0.215386,0.195364,0.268446,0.190377,0.337086,0.319420,0.287730,0.297152,0.320252,0.393220,0.411940,0.316550,0.369854,0.335591,0.479840,0.439948,0.455160,0.498007,0.349111,0.408882,0.194431,0.267622,1.376802,1.266144,1.281879,1.134812,0.000000,1.426055,0.901358,0.964182,0.780585,0.768183,0.604653,0.627766,0.628772,0.681807,0.292692,0.309450,0.405250,0.218681,0.439241,0.224830,0.441141,0.275616,0.345731,0.436452,0.561785,0.493182,0.248925,0.185467,-0.093461,-0.107452,0.316125,0.306790,0.256253,0.430637,0.369024,0.407976,0.423239,0.331267,0.325172,0.358155,0.434118,0.369872,0.600513,0.609540,0.356560,0.551604,0.499208,0.529444
0.616388,0.498348,0.239097,0.281584,0.467548,0.421835,0.272703,0.183653,0.400475,0.325474,0.301894,0.217167,0.217791,0.220406,0.335747,0.470201,0.420561,0.457808,0.292558,0.293695,0.225168,0.242640,0.200257,0.194068,0.402160,0.388524,0.381518,0.417231,0.413154,0.505374,0.414313,0.366806,0.399466,0.382591,0.412337,0.598571,0.520876,0.623061,0.363718,0.548772,0.283205,0.251444,1.242275,1.532534,1.111061,1.101193,1.426055,0.000000,0.886290,1.045976,0.764724,0.928225,0.728203,0.829588,0.623252,0.929064,0.374985,0.324991,0.420083,0.272289,0.440855,0.326794,0.464834,0.423508,0.281362,0.535366,0.563807,0.558757,0.282293,0.248118,-0.206477,-0.198094,0.344009,0.404446,0.266959,0.486499,0.373981,0.386401,0.477869,0.468595,0.491773,0.531934,0.457702,0.498716,0.615594,0.782630,0.338383,0.608203,0.489866,0.708934
0.388702,0.416729,0.070496,0.248036,0.496532,0.547933,0.213183,0.247006,0.617646,0.556760,0.383904,0.350509,0.299331,0.381653,0.517024,0.639902,0.320147,0.298630,0.103865,0.217663,0.210376,0.226263,0.175986,0.179006,0.273979,0.345694,0.287371,0.376951,0.355057,0.386571,0.288441,0.276281,0.204279,0.342457,0.179912,0.305982,0.464297,0.325089,0.264888,0.314244,0.245259,0.185930,0.900585,0.831741,1.328864,1.144796,0.901358,0.886290,0.000000,1.449485,1.107427,1.095770,1.111751,0.695529,0.741775,0.602520,0.238356,0.261291,0.628770,0.294705,0.655060,0.315990,0.560077,0.411347,0.236946,0.459506,0.462978,0.418000,0.230617,0.190209,-0.101377,-0.170541,0.281192,0.206724,0.152442,0.334516,0.276366,0.246702,0.290608,0.200307,0.409766,0.384793,0.519973,0.459989,0.596885,0.532230,0.430050,0.511366,0.495842,0.525529
