0.000000,1.523295,0.495536,0.489121,0.405429,0.304993,0.449066,0.587497,0.350136,0.352853,0.719685,0.738853,0.534071,0.750352,0.649520,0.718329,1.028057,0.924503,1.162798,1.254752,0.269848,0.267799,0.263198,0.264263,0.148100,0.232287,0.069698,0.102007,0.778944,0.660121,0.241844,0.307025,0.893732,0.852549,0.154123,0.158141,0.515117,0.585384,0.448352,0.539249,0.649818,0.620344,0.860761,0.796155,0.587034,0.930242,0.898490,0.914330,0.856590,0.919809,0.928181,0.810050,0.912650,0.675161,0.841554,0.905490,1.096810,1.125327,0.867076,0.620983,0.750725,0.382287,0.582328,0.678480,0.154323,0.262370,0.428011,0.441090,0.716750,0.627233,0.150170,0.199823,0.540311,0.608619,0.451813,0.525342,0.311903,0.340679,0.535795,0.482954,0.753003,0.777555,0.597323,0.694931,0.863920,0.848709,0.474667,0.323717,0.607235,0.650447
1.523295,0.000000,0.382844,0.422758,0.292911,0.210083,0.263658,0.435698,0.159796,0.248772,0.503485,0.535575,0.388286,0.607005,0.398622,0.508946,1.178737,1.140329,1.051749,1.339655,0.181654,0.181008,0.164933,0.201488,0.130553,0.133199,-0.017765,-0.015430,0.787781,0.757886,0.164861,0.222470,0.974721,0.969645,0.125927,0.115937,0.467277,0.585643,0.398421,0.511323,0.605561,0.572701,0.680755,0.629329,0.600029,1.007805,0.901226,0.855222,0.952553,1.022849,1.013755,0.944079,0.926363,0.804143,0.853746,0.931050,1.554167,1.569348,0.737478,0.623585,0.598384,0.245511,0.512110,0.637894,0.037819,0.158545,0.377419,0.440055,1.050986,0.860348,0.103519,0.132885,0.420140,0.531050,0.316099,0.369465,0.200820,0.253451,0.697847,0.536065,1.005668,1.055107,0.515970,0.754553,0.820407,0.916925,0.401986,0.317183,0.479426,0.526077
0.495536,0.382844,0.000000,0.820674,0.675458,0.658248,0.923171,0.498898,0.673763,0.404606,0.345049,0.245788,0.155152,0.193732,0.796676,0.598384,0.336655,0.279729,0.748055,0.564110,0.381649,0.525794,1.024691,0.885137,0.397673,0.921475,0.501554,0.591693,0.347836,0.194578,0.772061,0.733836,0.619083,0.560373,0.646352,0.529729,0.434885,0.404446,0.523291,0.507699,0.380236,0.446170,0.441630,0.502953,0.461710,0.458503,0.445865,0.486011,0.494949,0.475440,0.459298,0.468098,0.440065,0.389563,0.434300,0.435936,0.405027,0.429963,0.808895,0.604038,0.395258,0.423334,0.399591,0.369425,0.643152,0.478569,0.823247,0.742122,0.365873,0.445580,0.304783,0.405156,0.537009,0.463746,0.544769,0.566508,0.494995,0.486234,0.221394,0.235532,0.326948,0.319429,0.625279,0.493440,0.522752,0.435076,0.590816,0.487731,0.704832,0.646124
0.489121,0.422758,0.820674,0.000000,0.787399,0.666816,0.787603,1.074496,0.612010,0.704911,0.396087,0.453934,0.314055,0.382039,0.586317,0.683567,0.211193,0.219403,0.561163,0.617402,0.226677,0.286170,0.480414,0.787341,0.385530,0.657164,0.220282,0.344022,0.233480,0.146046,0.361553,0.399052,0.417253,0.619253,0.486818,0.589056,0.446765,0.405080,0.372349,0.399770,0.236813,0.362275,0.501303,0.569022,0.360541,0.432294,0.442067,0.603483,0.507984,0.545876,0.601983,0.623932,0.468057,0.533166,0.455534,0.486601,0.448050,0.453020,0.730707,0.805801,0.577547,0.657017,0.066059,0.090231,0.602251,0.907554,0.712310,0.748617,0.424143,0.502930,0.254336,0.420135,0.283464,0.391787,0.434871,0.498519,0.421380,0.467787,0.169041,0.177164,0.248583,0.345553,0.347310,0.421355,0.510114,0.495115,0.405006,0.298487,0.853361,0.683304
0.405429,0.292911,0.675458,0.787399,0.000000,1.068757,0.745582,0.730803,0.920076,0.578438,0.232967,0.267614,0.271150,0.222755,0.713218,0.519870,0.189774,0.124351,0.524152,0.494587,0.381396,0.453199,0.305333,0.446871,0.329069,0.720271,0.469906,0.685377,0.269777,0.164628,0.417210,0.378330,0.373901,0.476631,0.154174,0.298917,0.565860,0.408436,0.363839,0.307790,0.260899,0.423019,0.449075,0.524944,0.317569,0.323488,0.388229,0.506925,0.554953,0.520663,0.410366,0.460516,0.350317,0.275583,0.415153,0.491607,0.320224,0.330864,0.727454,0.703464,0.493990,0.733181,0.246528,0.247636,0.299481,0.396545,0.717219,0.691968,0.348351,0.370393,0.201675,0.415498,0.397220,0.448740,0.617377,0.573351,0.485909,0.451933,0.213303,0.129849,0.151971,0.148197,0.418132,0.321086,0.388581,0.304619,0.466536,0.444262,0.865198,0.628382
0.304993,0.210083,0.658248,0.666816,1.068757,0.000000,0.639602,0.633155,0.610176,0.549539,0.163164,0.255824,0.311315,0.232842,0.810028,0.463977,0.198740,0.073879,0.551409,0.446807,0.596388,0.770865,0.239665,0.350954,0.076312,0.777664,0.498469,0.761894,0.419024,0.330526,0.721700,0.668823,0.510438,0.608143,0.102868,0.178316,0.583605,0.423192,0.364103,0.327223,0.321115,0.444259,0.422470,0.509223,0.461446,0.365450,0.305280,0.366120,0.640567,0.522221,0.358975,0.380315,0.258178,0.257526,0.423329,0.429311,0.332944,0.322845,0.694202,0.694807,0.604626,0.809781,0.406208,0.403212,0.122640,0.176313,1.054275,0.845266,0.236435,0.304627,0.338582,0.616884,0.538879,0.613850,0.715158,0.629570,0.630890,0.608529,0.175334,0.075417,0.194274,0.097621,0.581676,0.453085,0.314517,0.230211,0.551261,0.582477,0.661337,0.504303
0.449066,0.263658,0.923171,0.787603,0.745582,0.639602,0.000000,0.900851,0.936984,0.659755,0.575938,0.487994,0.588313,0.468084,0.786639,0.626801,0.140002,0.067651,0.445180,0.337479,0.270300,0.341064,0.551300,0.578343,0.225844,0.496709,0.424491,0.476973,0.184442,0.123019,0.390459,0.406600,0.372399,0.360889,0.313698,0.345281,0.327647,0.276086,0.313765,0.294963,0.233183,0.431434,0.496822,0.479650,0.320989,0.281155,0.318678,0.357967,0.380036,0.398153,0.440845,0.415141,0.448583,0.316514,0.317718,0.322490,0.191102,0.193335,0.713003,0.484508,0.667381,0.614112,0.282938,0.287362,0.547764,0.508156,0.573771,0.452470,0.130497,0.154881,0.333246,0.407399,0.498393,0.441914,0.522372,0.488311,0.509472,0.433102,0.038185,0.025884,0.058631,0.074803,0.440897,0.287063,0.445856,0.353864,0.433287,0.358058,0.740686,0.603972
0.587497,0.435698,0.498898,1.074496,0.730803,0.633155,0.900851,0.000000,0.630666,0.863226,0.541792,0.827689,0.676911,0.775174,0.609076,0.749825,0.241181,0.219435,0.500508,0.570721,0.179840,0.249770,0.278122,0.487843,0.157064,0.349433,0.149358,0.260440,0.307757,0.235036,0.201729,0.295991,0.407619,0.592402,0.184098,0.345120,0.393081,0.404897,0.267611,0.295745,0.257354,0.477860,0.620147,0.622311,0.413387,0.464345,0.450062,0.581184,0.495344,0.568357,0.553868,0.534951,0.523845,0.422757,0.459500,0.453356,0.347617,0.381184,0.639275,0.656685,0.765109,0.865736,0.154214,0.247598,0.276089,0.638676,0.548875,0.530959,0.276311,0.297325,0.316995,0.436968,0.406857,0.516380,0.493638,0.540824,0.482659,0.505101,0.123920,0.149952,0.209755,0.276996,0.371840,0.411446,0.517030,0.496032,0.352979,0.258006,0.815413,0.644856
0.350136,0.159796,0.673763,0.612010,0.920076,0.610176,0.936984,0.630666,0.000000,0.776212,0.460980,0.415199,0.453249,0.311477,0.868786,0.618879,0.120996,0.061111,0.391439,0.275304,0.305732,0.296173,0.551146,0.616531,0.224821,0.671305,0.349865,0.456083,0.152973,0.016885,0.380039,0.363526,0.222306,0.212305,0.282350,0.456102,0.475715,0.375152,0.485623,0.400727,0.239040,0.433409,0.433234,0.479672,0.173958,0.176525,0.344473,0.423170,0.279947,0.292327,0.279712,0.333955,0.395026,0.198098,0.361072,0.393763,0.090233,0.152136,0.702792,0.563958,0.549231,0.673582,0.211292,0.239210,0.537502,0.599479,0.503452,0.500207,0.107761,0.144731,0.186691,0.248447,0.378260,0.352130,0.519104,0.584188,0.419524,0.461829,0.031810,0.068934,0.021921,0.058351,0.419054,0.266929,0.471244,0.368922,0.533663,0.548849,0.946149,0.822211
0.352853,0.248772,0.404606,0.704911,0.578438,0.549539,0.659755,0.863226,0.776212,0.000000,0.388211,0.596239,0.624673,0.464981,0.556276,0.517481,0.160315,0.138751,0.315390,0.337796,0.297290,0.294467,0.293280,0.474471,-0.042712,0.304704,0.126036,0.228364,0.192496,0.094737,0.203249,0.231966,0.251028,0.384560,0.195018,0.384054,0.403283,0.470967,0.330807,0.409743,0.264297,0.458981,0.370202,0.361030,0.242855,0.268947,0.303353,0.360217,0.339337,0.406946,0.343548,0.397192,0.438203,0.276853,0.329532,0.357922,0.199526,0.198184,0.477607,0.527692,0.597523,0.634503,0.035432,0.124176,0.260297,0.596334,0.444233,0.469860,0.129564,0.223384,0.189677,0.314971,0.326853,0.384151,0.406918,0.450420,0.301245,0.394508,0.122241,0.198388,0.197593,0.267013,0.249927,0.329289,0.427020,0.454737,0.334732,0.431782,0.622099,0.685075
0.719685,0.503485,0.345049,0.396087,0.232967,0.163164,0.575938,0.541792,0.460980,0.388211,0.000000,0.860753,0.738438,0.788367,0.686862,0.725442,0.374416,0.338260,0.557260,0.487366,0.109101,0.147718,0.372753,0.307187,0.037909,0.101839,0.006707,-0.005005,0.336677,0.228351,0.126346,0.199621,0.298628,0.256267,0.155329,0.088266,0.222221,0.267604,0.220914,0.261312,0.208894,0.281599,0.545308,0.515364,0.256499,0.417159,0.427911,0.503763,0.380358,0.480769,0.549415,0.489874,0.590939,0.521881,0.459077,0.478830,0.306348,0.380697,0.539263,0.385810,0.590148,0.365430,0.254225,0.279704,0.430690,0.344668,0.139666,0.134155,0.233918,0.230453,0.332785,0.246159,0.363374,0.309892,0.283400,0.387007,0.375525,0.345906,0.093341,0.087915,0.158518,0.293398,0.426891,0.455643,0.651875,0.522995,0.251922,0.203605,0.577975,0.536721
0.738853,0.535575,0.245788,0.453934,0.267614,0.255824,0.487994,0.827689,0.415199,0.596239,0.860753,0.000000,0.832958,1.221184,0.606971,0.870282,0.370622,0.383933,0.448762,0.545131,0.212069,0.206291,0.304652,0.362049,-0.022114,0.109429,0.047182,0.035976,0.394832,0.384074,0.170264,0.295515,0.383404,0.442746,0.104781,0.178339,0.370592,0.419773,0.212028,0.283850,0.327931,0.447488,0.580764,0.570537,0.364282,0.487303,0.494442,0.532181,0.465638,0.518174,0.500591,0.457933,0.553390,0.321017,0.525253,0.511278,0.340595,0.406900,0.528538,0.445435,0.722778,0.659348,0.310384,0.419820,0.192055,0.403460,0.287752,0.282295,0.157444,0.183279,0.396943,0.417685,0.406132,0.475215,0.369969,0.495717,0.419958,0.443840,0.110703,0.165115,0.263838,0.327081,0.354606,0.474317,0.595919,0.610066,0.307187,0.216251,0.589021,0.598555
0.534071,0.388286,0.155152,0.314055,0.271150,0.311315,0.588313,0.676911,0.453249,0.624673,0.738438,0.832958,0.000000,0.989479,0.583318,0.394071,0.250469,0.165470,0.396171,0.343054,0.308913,0.238108,0.041328,0.070844,-0.236856,0.003036,0.050600,0.097570,0.247405,0.286134,0.115392,0.153493,0.290418,0.268916,-0.119946,-0.021872,0.274819,0.341832,0.184916,0.263457,0.226447,0.421803,0.377407,0.351641,0.197633,0.255260,0.286387,0.249921,0.340056,0.418456,0.425881,0.407114,0.528999,0.370150,0.334954,0.323153,0.245467,0.231730,0.433656,0.346732,0.839429,0.477314,0.202763,0.265697,-0.061927,0.172202,0.239931,0.179814,0.144166,0.191542,0.371344,0.364369,0.459154,0.440820,0.423582,0.422073,0.400828,0.425699,0.043918,0.065526,0.106520,0.128593,0.365176,0.352468,0.383551,0.380696,0.309228,0.344204,0.465379,0.569107
0.750352,0.607005,0.193732,0.382039,0.222755,0.232842,0.468084,0.775174,0.311477,0.464981,0.788367,1.221184,0.989479,0.000000,0.540305,0.762672,0.381583,0.349368,0.481807,0.542358,0.177246,0.128942,0.202978,0.261861,-0.050804,0.017233,0.084827,0.024714,0.361871,0.424664,0.102260,0.217883,0.393644,0.372361,0.023461,0.070889,0.325117,0.344859,0.169730,0.247413,0.368419,0.422645,0.461721,0.442046,0.301198,0.420163,0.438941,0.407864,0.530622,0.522115,0.614708,0.524786,0.707483,0.447805,0.613665,0.512390,0.419103,0.417741,0.492022,0.409684,0.724648,0.448251,0.360095,0.419417,0.071209,0.190575,0.230404,0.160987,0.278049,0.245995,0.327582,0.334700,0.422537,0.468250,0.374333,0.381529,0.346922,0.351962,0.113053,0.099223,0.278326,0.321671,0.394142,0.473485,0.692042,0.638222,0.370797,0.264847,0.530361,0.486095
0.649520,0.398622,0.796676,0.586317,0.713218,0.810028,0.786639,0.609076,0.868786,0.556276,0.686862,0.606971,0.583318,0.540305,0.000000,0.998838,0.382169,0.327329,0.826159,0.588822,0.580706,0.663624,0.625076,0.530081,0.148801,0.698550,0.428555,0.500690,0.614176,0.426857,0.746685,0.719622,0.572291,0.498913,0.279643,0.311093,0.693836,0.570966,0.654555,0.546252,0.494262,0.655568,0.685488,0.726202,0.430774,0.493378,0.523832,0.546667,0.528569,0.511669,0.406901,0.430663,0.503009,0.345524,0.579933,0.539199,0.359373,0.422506,0.900087,0.651228,0.757571,0.697405,0.569875,0.535226,0.439279,0.371665,0.731890,0.651254,0.241374,0.293356,0.328425,0.514913,0.710564,0.716507,0.828890,1.015052,0.646531,0.665443,0.243605,0.220445,0.277941,0.259123,0.863568,0.574701,0.725506,0.481775,0.638478,0.601764,0.925630,0.830806
0.718329,0.508946,0.598384,0.683567,0.519870,0.463977,0.626801,0.749825,0.618879,0.517481,0.725442,0.870282,0.394071,0.762672,0.998838,0.000000,0.382014,0.437356,0.671210,0.682173,0.225728,0.288895,0.656481,0.771423,0.314019,0.563471,0.310422,0.295520,0.537003,0.437177,0.470819,0.597415,0.524096,0.517566,0.437649,0.494792,0.604652,0.491554,0.559578,0.535486,0.442339,0.566992,0.757307,0.814055,0.444465,0.589110,0.669155,0.767302,0.557062,0.492691,0.468079,0.476140,0.581504,0.379293,0.740035,0.655091,0.379685,0.490747,0.784541,0.613255,0.637957,0.630101,0.438429,0.445373,0.531128,0.584684,0.547531,0.546566,0.265908,0.238627,0.191722,0.349131,0.422047,0.527932,0.535514,0.685361,0.416103,0.421506,0.237213,0.215704,0.353467,0.418447,0.676992,0.568528,0.895966,0.696094,0.558268,0.348130,0.837741,0.657773
1.028057,1.178737,0.336655,0.211193,0.189774,0.198740,0.140002,0.241181,0.120996,0.160315,0.374416,0.370622,0.250469,0.381583,0.382169,0.382014,0.000000,1.472851,0.916484,1.017208,0.319254,0.302865,0.150948,0.145301,0.035265,0.162746,-0.097888,-0.053610,1.149321,0.863183,0.321307,0.378476,1.167734,0.975217,0.089473,0.091393,0.570332,0.722805,0.522213,0.627269,0.755971,0.645841,0.682235,0.608706,0.728430,1.047731,0.903937,0.777378,0.837936,0.862196,0.757135,0.702773,0.736495,0.562534,0.778360,0.825382,1.125286,1.245990,0.617443,0.528921,0.409218,0.162523,0.806970,1.010020,-0.084880,0.026999,0.386331,0.479641,0.801091,0.644037,0.040502,0.043809,0.486293,0.568393,0.352382,0.399849,0.226157,0.255885,0.952049,0.767089,1.218785,0.978173,0.591523,0.663654,0.594087,0.695398,0.276820,0.411611,0.302002,0.445572
0.924503,1.140329,0.279729,0.219403,0.124351,0.073879,0.067651,0.219435,0.061111,0.138751,0.338260,0.383933,0.165470,0.349368,0.327329,0.437356,1.472851,0.000000,0.726948,0.889016,0.146133,0.176303,0.219523,0.225237,0.150934,0.135418,-0.190177,-0.182248,1.004936,0.764425,0.237749,0.290308,0.889176,0.817125,0.190859,0.173335,0.570898,0.749093,0.565477,0.680070,0.833089,0.697657,0.738087,0.596878,0.731020,1.108561,0.970819,0.828980,0.759242,0.787666,0.752649,0.713957,0.697507,0.537987,0.767896,0.800820,1.026157,1.193932,0.511547,0.495303,0.289814,0.086610,0.673112,0.798026,0.028412,0.125249,0.328038,0.433425,0.679635,0.555683,-0.077527,-0.025755,0.419853,0.541050,0.288006,0.382643,0.117824,0.135566,1.101261,0.863977,1.345591,1.246237,0.460673,0.577626,0.684879,0.785672,0.204628,0.312908,0.266666,0.375355
1.162798,1.051749,0.748055,0.561163,0.524152,0.551409,0.445180,0.500508,0.391439,0.315390,0.557260,0.448762,0.396171,0.481807,0.826159,0.671210,0.916484,0.726948,0.000000,1.526755,0.410006,0.442187,0.430422,0.403961,0.223509,0.531100,0.225991,0.290960,0.843463,0.638087,0.543541,0.572087,1.080766,0.989945,0.284170,0.243499,0.543745,0.533406,0.520461,0.529967,0.544491,0.543721,0.670191,0.720430,0.625330,0.874421,0.805461,0.830712,0.818951,0.828194,0.687294,0.688684,0.715928,0.650954,0.799806,0.830270,0.981388,1.093944,0.919346,0.728505,0.699588,0.478618,0.593311,0.654144,0.196073,0.239136,0.680758,0.729499,0.882875,0.853728,0.219316,0.302189,0.562822,0.600002,0.532378,0.656715,0.465426,0.542433,0.505983,0.482888,0.756005,0.714987,0.821757,0.845549,0.809963,0.686866,0.580072,0.479981,0.701931,0.730990
1.254752,1.339655,0.564110,0.617402,0.494587,0.446807,0.337479,0.570721,0.275304,0.337796,0.487366,0.545131,0.343054,0.542358,0.588822,0.682173,1.017208,0.889016,1.526755,0.000000,0.315276,0.334320,0.296846,0.389537,0.232484,0.395845,0.158545,0.194841,0.825991,0.718016,0.356367,0.411195,1.084746,1.169535,0.256651,0.246465,0.551873,0.576389,0.415063,0.484209,0.530482,0.554430,0.686869,0.745314,0.650421,1.017013,0.898332,0.972589,0.913013,0.911689,0.788516,0.790405,0.736597,0.711583,0.829879,0.901937,1.207007,1.357776,0.847419,0.773453,0.688594,0.482630,0.546586,0.643356,0.136515,0.274080,0.630825,0.714548,1.041169,0.962631,0.135615,0.249211,0.438996,0.563665,0.419887,0.516421,0.345974,0.417659,0.642661,0.589059,0.914140,0.895351,0.634181,0.766999,0.818279,0.797633,0.460823,0.370791,0.640192,0.659160
0.269848,0.181654,0.381649,0.226677,0.381396,0.596388,0.270300,0.179840,0.305732,0.297290,0.109101,0.212069,0.308913,0.177246,0.580706,0.225728,0.319254,0.146133,0.410006,0.315276,0.000000,1.170771,0.262493,0.168392,-0.182727,0.440555,0.353416,0.553886,0.341859,0.273403,0.701639,0.591088,0.440889,0.422223,0.113188,0.082043,0.435941,0.469647,0.325484,0.369827,0.469169,0.493002,0.203246,0.274802,0.294972,0.236163,0.168485,0.136532,0.256006,0.246126,0.052539,0.047716,0.163302,-0.004660,0.226594,0.181832,0.230876,0.246219,0.416597,0.345774,0.393815,0.326813,0.386912,0.396768,0.046845,0.031571,0.521117,0.436021,0.145952,0.234591,0.562534,0.689397,0.807217,0.754423,0.724320,0.604296,0.574753,0.578946,0.187897,0.166431,0.154571,0.035347,0.312145,0.287605,0.162295,0.079876,0.303891,0.438527,0.278319,0.342815
0.267799,0.181008,0.525794,0.286170,0.453199,0.770865,0.341064,0.249770,0.296173,0.294467,0.147718,0.206291,0.238108,0.128942,0.663624,0.288895,0.302865,0.176303,0.442187,0.334320,1.170771,0.000000,0.303722,0.244922,-0.081855,0.577219,0.517257,0.720827,0.469329,0.336102,0.877658,0.767343,0.523082,0.496988,0.082749,0.045216,0.439949,0.484208,0.407154,0.435107,0.396671,0.497907,0.275406,0.331436,0.347321,0.285691,0.153049,0.194900,0.328407,0.314388,0.097418,0.104454,0.158418,0.069900,0.250347,0.197339,0.246387,0.256293,0.468968,0.403235,0.410576,0.413240,0.481173,0.437851,0.046379,0.040946,0.632597,0.510776,0.161578,0.248956,0.538130,0.798719,0.814918,0.774731,0.776420,0.620241,0.670013,0.585701,0.251985,0.191289,0.208470,0.066212,0.502905,0.362522,0.156075,0.097105,0.357130,0.433225,0.336917,0.375170
0.263198,0.164933,1.024691,0.480414,0.305333,0.239665,0.551300,0.278122,0.551146,0.293280,0.372753,0.304652,0.041328,0.202978,0.625076,0.656481,0.150948,0.219523,0.430422,0.296846,0.262493,0.303722,0.000000,1.209015,0.413087,0.698257,0.371059,0.341843,0.170140,0.045702,0.691710,0.688788,0.302373,0.228948,1.007435,0.759932,0.304918,0.343096,0.494277,0.449745,0.317107,0.363178,0.319985,0.362336,0.353808,0.316674,0.369463,0.369759,0.196056,0.205265,0.178606,0.224851,0.298363,0.092783,0.345410,0.298362,0.101189,0.201720,0.494741,0.370169,0.174569,0.288218,0.261638,0.249038,0.954799,0.567703,0.467007,0.477163,0.122701,0.160152,0.285108,0.303030,0.420107,0.299079,0.418942,0.472787,0.331506,0.358908,0.086954,0.171089,0.168700,0.261577,0.403550,0.341369,0.619603,0.458007,0.470471,0.328217,0.548120,0.522056
0.264263,0.201488,0.885137,0.787341,0.446871,0.350954,0.578343,0.487843,0.616531,0.474471,0.307187,0.362049,0.070844,0.261861,0.530081,0.771423,0.145301,0.225237,0.403961,0.389537,0.168392,0.244922,1.209015,0.000000,0.493044,0.833860,0.437241,0.421174,0.178403,0.103672,0.609870,0.692287,0.322280,0.303500,0.855877,0.894280,0.394811,0.381338,0.485432,0.473272,0.277608,0.382450,0.348972,0.413649,0.324171,0.316434,0.406305,0.454443,0.265449,0.234376,0.296114,0.350069,0.359519,0.223439,0.385486,0.351518,0.145321,0.224073,0.477636,0.455905,0.258950,0.434106,0.217934,0.198968,0.845303,0.786356,0.512659,0.542588,0.191574,0.202705,0.125124,0.229973,0.248984,0.264703,0.357884,0.405021,0.251057,0.278303,0.147914,0.223548,0.237108,0.333603,0.375674,0.328950,0.635120,0.589116,0.444301,0.348814,0.615238,0.576789
0.148100,0.130553,0.397673,0.385530,0.329069,0.076312,0.225844,0.157064,0.224821,-0.042712,0.037909,-0.022114,-0.236856,-0.050804,0.148801,0.314019,0.035265,0.150934,0.223509,0.232484,-0.182727,-0.081855,0.413087,0.493044,0.000000,0.562360,0.173946,0.109076,0.076567,0.026270,0.168184,0.189262,0.174786,0.187203,0.576274,0.501021,0.169221,0.128850,0.236595,0.206486,0.121689,0.128351,0.259567,0.276621,0.199943,0.206075,0.345027,0.339349,0.176055,0.170975,0.256131,0.299390,0.143001,0.055344,0.263852,0.318567,0.087847,0.158066,0.206418,0.323197,-0.031283,0.094872,0.066091,0.013724,0.499755,0.455162,0.269608,0.342188,0.179955,0.218046,-0.051542,0.013467,-0.043595,-0.018735,0.120585,0.194738,-0.013697,-0.028250,0.117443,0.215261,0.182550,0.229633,0.076613,0.050989,0.253471,0.292238,0.161215,-0.144212,0.259295,0.248457
0.232287,0.133199,0.921475,0.657164,0.720271,0.777664,0.496709,0.349433,0.671305,0.304704,0.101839,0.109429,0.003036,0.017233,0.698550,0.563471,0.162746,0.135418,0.531100,0.395845,0.440555,0.577219,0.698257,0.833860,0.562360,0.000000,0.527277,0.710453,0.329837,0.209386,0.996371,0.921978,0.430241,0.421744,0.523535,0.530510,0.487945,0.389815,0.543613,0.464181,0.292688,0.393217,0.388477,0.487051,0.345383,0.302270,0.351716,0.407289,0.382866,0.281544,0.213924,0.258506,0.236349,0.208138,0.406459,0.392061,0.182812,0.275427,0.619734,0.583046,0.340855,0.550668,0.332261,0.278949,0.495545,0.499671,0.852252,0.822262,0.188652,0.248667,0.199353,0.340539,0.371331,0.402353,0.525155,0.617089,0.396450,0.417550,0.150411,0.253512,0.205985,0.162818,0.523124,0.390975,0.329947,0.300958,0.582486,0.390069,0.614873,0.554568
0.069698,-0.017765,0.501554,0.220282,0.469906,0.498469,0.424491,0.149358,0.349865,0.126036,0.006707,0.047182,0.050600,0.084827,0.428555,0.310422,-0.097888,-0.190177,0.225991,0.158545,0.353416,0.517257,0.371059,0.437241,0.173946,0.527277,0.000000,1.305422,0.073669,0.101373,0.543937,0.482273,0.151012,0.080023,0.147727,0.126514,0.253955,0.013184,0.213711,0.045684,0.031767,0.116374,-0.032254,0.082596,-0.091238,-0.129337,-0.060152,-0.011900,0.103248,-0.081971,-0.087633,-0.092499,0.027229,-0.049345,0.087712,0.008723,-0.006319,-0.046340,0.286022,0.101475,0.259420,0.388336,0.244820,0.161337,0.224743,0.043398,0.364791,0.174858,0.032310,-0.014170,0.165975,0.352266,0.300710,0.229384,0.410828,0.284879,0.259186,0.146123,-0.080743,-0.124344,-0.103120,-0.166425,0.358031,0.103882,0.166133,0.015208,0.420198,0.225161,0.363429,0.165389
0.102007,-0.015430,0.591693,0.344022,0.685377,0.761894,0.476973,0.260440,0.456083,0.228364,-0.005005,0.035976,0.097570,0.024714,0.500690,0.295520,-0.053610,-0.182248,0.290960,0.194841,0.553886,0.720827,0.341843,0.421174,0.109076,0.710453,1.305422,0.000000,0.080621,0.041147,0.687651,0.576775,0.209206,0.158310,0.170852,0.204093,0.296559,0.101333,0.284995,0.144692,0.092285,0.218181,0.076726,0.191395,0.020234,-0.064433,-0.001926,0.066386,0.171096,0.026368,-0.086417,-0.067676,0.033613,-0.033129,0.107550,0.061110,0.013925,-0.007370,0.365302,0.237211,0.300546,0.494574,0.211242,0.148246,0.197182,0.148444,0.521343,0.350706,0.035790,0.039608,0.231499,0.422673,0.390650,0.303885,0.525988,0.382602,0.343496,0.263056,-0.056693,-0.106738,-0.114488,-0.187556,0.407981,0.112143,0.092034,-0.036253,0.489860,0.315987,0.398560,0.259898
0.778944,0.787781,0.347836,0.233480,0.269777,0.419024,0.184442,0.307757,0.152973,0.192496,0.336677,0.394832,0.247405,0.361871,0.614176,0.537003,1.149321,1.004936,0.843463,0.825991,0.341859,0.469329,0.170140,0.178403,0.076567,0.329837,0.073669,0.080621,0.000000,1.298259,0.534453,0.575510,1.124664,0.968087,0.060377,0.102479,0.725762,0.799391,0.664920,0.656771,0.672543,0.690683,0.779408,0.674114,0.784144,0.975781,0.831280,0.719909,0.857926,0.780532,0.593381,0.571958,0.554674,0.430333,0.772426,0.738127,0.776327,0.906529,0.654335,0.571716,0.470015,0.331670,0.907047,1.052137,-0.091633,0.004833,0.556342,0.617700,0.569068,0.465152,0.055412,0.157104,0.532303,0.700641,0.450321,0.591674,0.317125,0.343287,0.890788,0.721732,1.024649,0.785905,0.801889,0.708163,0.602470,0.616544,0.361177,0.436041,0.362340,0.420345
0.660121,0.757886,0.194578,0.146046,0.164628,0.330526,0.123019,0.235036,0.016885,0.094737,0.228351,0.384074,0.286134,0.424664,0.426857,0.437177,0.863183,0.764425,0.638087,0.718016,0.273403,0.336102,0.045702,0.103672,0.026270,0.209386,0.101373,0.041147,1.298259,0.000000,0.395328,0.432519,0.915431,0.822294,-0.035386,-0.018936,0.585170,0.649607,0.400787,0.455744,0.550212,0.617943,0.572058,0.522510,0.670364,0.812069,0.692551,0.514345,0.825830,0.687388,0.564655,0.569636,0.516264,0.398142,0.708473,0.659829,0.713649,0.758271,0.527094,0.466142,0.443809,0.252729,0.819566,0.930921,-0.176727,-0.137728,0.477127,0.455992,0.548704,0.396599,0.000175,0.132352,0.407474,0.619279,0.335127,0.383678,0.184271,0.209628,0.765723,0.668217,0.900283,0.704488,0.671599,0.653019,0.551148,0.596144,0.317277,0.280693,0.252137,0.298953
0.241844,0.164861,0.772061,0.361553,0.417210,0.721700,0.390459,0.201729,0.380039,0.203249,0.126346,0.170264,0.115392,0.102260,0.746685,0.470819,0.321307,0.237749,0.543541,0.356367,0.701639,0.877658,0.691710,0.609870,0.168184,0.996371,0.543937,0.687651,0.534453,0.395328,0.000000,1.833029,0.567450,0.437309,0.454897,0.415001,0.563852,0.539319,0.707191,0.611288,0.438946,0.489241,0.426289,0.495338,0.503375,0.374249,0.412647,0.358727,0.411835,0.331308,0.157684,0.194133,0.271294,0.083673,0.477129,0.393961,0.228605,0.312675,0.593190,0.494815,0.335532,0.478678,0.570662,0.557039,0.272253,0.246853,0.816548,0.745764,0.154218,0.165908,0.373909,0.473802,0.581897,0.517752,0.682875,0.690009,0.470740,0.466027,0.211411,0.240293,0.297338,0.188253,0.738874,0.528652,0.341418,0.307259,0.665300,0.644190,0.410098,0.477820
0.307025,0.222470,0.733836,0.399052,0.378330,0.668823,0.406600,0.295991,0.363526,0.231966,0.199621,0.295515,0.153493,0.217883,0.719622,0.597415,0.378476,0.290308,0.572087,0.411195,0.591088,0.767343,0.688788,0.692287,0.189262,0.921978,0.482273,0.576775,0.575510,0.432519,1.833029,0.000000,0.638855,0.520710,0.433166,0.432165,0.563535,0.548990,0.684514,0.646412,0.449109,0.499898,0.511111,0.574967,0.576069,0.452314,0.485536,0.430055,0.452240,0.379824,0.233694,0.263063,0.343649,0.142250,0.543026,0.456823,0.251813,0.350286,0.593717,0.491939,0.376191,0.539486,0.626221,0.615787,0.247182,0.303452,0.759117,0.741666,0.182826,0.167079,0.397848,0.490897,0.534040,0.520150,0.659777,0.683402,0.518787,0.512855,0.199581,0.227669,0.341586,0.236672,0.737374,0.583296,0.397941,0.414160,0.649867,0.620465,0.431518,0.518738
0.893732,0.974721,0.619083,0.417253,0.373901,0.510438,0.372399,0.407619,0.222306,0.251028,0.298628,0.383404,0.290418,0.393644,0.572291,0.524096,1.167734,0.889176,1.080766,1.084746,0.440889,0.523082,0.302373,0.322280,0.174786,0.430241,0.151012,0.209206,1.124664,0.915431,0.567450,0.638855,0.000000,1.471958,0.239425,0.264914,0.618538,0.688759,0.566567,0.689906,0.649216,0.675058,0.707277,0.677437,0.928029,1.033028,0.853294,0.729300,0.927054,0.919052,0.731857,0.736849,0.652654,0.534926,0.764247,0.776924,0.998190,1.114390,0.828358,0.754534,0.643137,0.418270,0.878524,1.024444,-0.008911,0.136064,0.794027,0.870243,0.844584,0.790751,0.211449,0.327132,0.620544,0.714113,0.563946,0.541906,0.455458,0.496617,0.710466,0.606241,1.010001,0.766162,0.784260,0.757538,0.626528,0.710074,0.481702,0.480076,0.466998,0.606702
0.852549,0.969645,0.560373,0.619253,0.476631,0.608143,0.360889,0.592402,0.212305,0.384560,0.256267,0.442746,0.268916,0.372361,0.498913,0.517566,0.975217,0.817125,0.989945,1.169535,0.422223,0.496988,0.228948,0.303500,0.187203,0.421744,0.080023,0.158310,0.968087,0.822294,0.437309,0.520710,1.471958,0.000000,0.224345,0.266858,0.645919,0.709386,0.444034,0.559126,0.599164,0.644022,0.717457,0.714007,0.963031,1.133100,0.810900,0.774436,0.976813,0.998046,0.789436,0.774366,0.572570,0.578450,0.727560,0.774494,1.039257,1.125494,0.779073,0.783871,0.635264,0.535953,0.580487,0.741123,0.024970,0.243910,0.866661,0.988854,0.864648,0.841365,0.251147,0.414754,0.534089,0.732546,0.510154,0.545486,0.498320,0.569027,0.710126,0.624144,0.935939,0.786455,0.547020,0.717123,0.562152,0.644049,0.371938,0.364728,0.525352,0.545234
0.154123,0.125927,0.646352,0.486818,0.154174,0.102868,0.313698,0.184098,0.282350,0.195018,0.155329,0.104781,-0.119946,0.023461,0.279643,0.437649,0.089473,0.190859,0.284170,0.256651,0.113188,0.082749,1.007435,0.855877,0.576274,0.523535,0.147727,0.170852,0.060377,-0.035386,0.454897,0.433166,0.239425,0.224345,0.000000,1.131589,0.230880,0.265466,0.407334,0.407217,0.239503,0.257383,0.251001,0.276811,0.392238,0.298416,0.365798,0.352885,0.136654,0.120666,0.139395,0.190654,0.130542,-0.006980,0.300236,0.265954,0.096019,0.190118,0.328883,0.329879,0.036239,0.116917,0.093011,0.092880,0.890457,0.617152,0.495677,0.524246,0.175987,0.194955,0.122275,0.169601,0.190754,0.127142,0.248045,0.287768,0.186617,0.247049,0.063366,0.174068,0.190735,0.316816,0.211422,0.195510,0.515761,0.406971,0.337230,0.170951,0.332879,0.353344
0.158141,0.115937,0.529729,0.589056,0.298917,0.178316,0.345281,0.345120,0.456102,0.384054,0.088266,0.178339,-0.021872,0.070889,0.311093,0.494792,0.091393,0.173335,0.243499,0.246465,0.082043,0.045216,0.759932,0.894280,0.501021,0.530510,0.126514,0.204093,0.102479,-0.018936,0.415001,0.432165,0.264914,0.266858,1.131589,0.000000,0.368619,0.322840,0.560180,0.511748,0.242170,0.314358,0.364261,0.397616,0.355992,0.256446,0.425489,0.416485,0.135974,0.184307,0.134148,0.243248,0.174267,-0.000590,0.305049,0.296816,0.065296,0.145175,0.370779,0.398244,0.168386,0.344970,0.031455,0.079405,0.666441,0.918219,0.474844,0.674826,0.183873,0.181230,0.026747,0.131378,0.161269,0.136816,0.352171,0.414761,0.208946,0.323608,0.083051,0.180036,0.169171,0.265209,0.206899,0.144762,0.457275,0.414725,0.412674,0.279168,0.419787,0.483988
0.515117,0.467277,0.434885,0.446765,0.565860,0.583605,0.327647,0.393081,0.475715,0.403283,0.222221,0.370592,0.274819,0.325117,0.693836,0.604652,0.570332,0.570898,0.543745,0.551873,0.435941,0.439949,0.304918,0.394811,0.169221,0.487945,0.253955,0.296559,0.725762,0.585170,0.563852,0.563535,0.618538,0.645919,0.230880,0.368619,0.000000,1.097575,0.974553,0.852030,0.940748,0.992486,0.652501,0.676148,0.572937,0.556868,0.718777,0.672542,0.619786,0.508388,0.439677,0.446623,0.400441,0.261405,0.698177,0.696509,0.468547,0.504574,0.608078,0.556363,0.410499,0.429665,0.470709,0.563272,0.155033,0.224112,0.710500,0.736857,0.361204,0.336718,0.016887,0.256922,0.507012,0.671908,0.624453,0.674803,0.399935,0.441091,0.584954,0.453729,0.551674,0.467788,0.591799,0.502445,0.565358,0.468848,0.423901,0.649176,0.577058,0.497986
0.585384,0.585643,0.404446,0.405080,0.408436,0.423192,0.276086,0.404897,0.375152,0.470967,0.267604,0.419773,0.341832,0.344859,0.570966,0.491554,0.722805,0.749093,0.533406,0.576389,0.469647,0.484208,0.343096,0.381338,0.128850,0.389815,0.013184,0.101333,0.799391,0.649607,0.539319,0.548990,0.688759,0.709386,0.265466,0.322840,1.097575,0.000000,0.873331,1.087807,0.948522,1.242084,0.730161,0.668452,0.702958,0.702636,0.853606,0.729176,0.639963,0.676340,0.591888,0.610608,0.635438,0.325394,0.753081,0.762936,0.535196,0.625870,0.574726,0.617960,0.388840,0.320931,0.514847,0.632049,0.091528,0.255652,0.577519,0.657071,0.385371,0.386841,0.150346,0.294514,0.588148,0.730443,0.591254,0.621668,0.344607,0.446447,0.715070,0.625018,0.743200,0.712289,0.508632,0.595561,0.589403,0.684538,0.370614,0.573736,0.476513,0.574541
0.448352,0.398421,0.523291,0.372349,0.363839,0.364103,0.313765,0.267611,0.485623,0.330807,0.220914,0.212028,0.184916,0.169730,0.654555,0.559578,0.522213,0.565477,0.520461,0.415063,0.325484,0.407154,0.494277,0.485432,0.236595,0.543613,0.213711,0.284995,0.664920,0.400787,0.707191,0.684514,0.566567,0.444034,0.407334,0.560180,0.974553,0.873331,0.000000,1.394792,0.797755,0.828117,0.662194,0.662460,0.436269,0.435681,0.736232,0.666398,0.445457,0.429982,0.299631,0.367782,0.510745,0.219859,0.729615,0.635635,0.356649,0.451424,0.670714,0.600304,0.333867,0.328566,0.403764,0.484895,0.244889,0.394293,0.540774,0.655514,0.300594,0.281887,0.053700,0.142867,0.528355,0.545919,0.647521,0.757952,0.312103,0.333963,0.470621,0.389593,0.505958,0.442831,0.782778,0.515483,0.539523,0.469407,0.630526,0.695324,0.557739,0.632731
0.539249,0.511323,0.507699,0.399770,0.307790,0.327223,0.294963,0.295745,0.400727,0.409743,0.261312,0.283850,0.263457,0.247413,0.546252,0.535486,0.627269,0.680070,0.529967,0.484209,0.369827,0.435107,0.449745,0.473272,0.206486,0.464181,0.045684,0.144692,0.656771,0.455744,0.611288,0.646412,0.689906,0.559126,0.407217,0.511748,0.852030,1.087807,1.394792,0.000000,0.919446,0.980951,0.745398,0.728552,0.557931,0.573535,0.882304,0.761815,0.514636,0.555587,0.448058,0.521224,0.644235,0.291985,0.800115,0.759346,0.463272,0.552848,0.682132,0.710222,0.389016,0.281086,0.472555,0.533523,0.179742,0.397266,0.565095,0.683020,0.335623,0.368065,0.131284,0.229083,0.578968,0.619368,0.649295,0.614745,0.309673,0.348423,0.523873,0.482244,0.663477,0.599778,0.686351,0.580513,0.569945,0.641867,0.583608,0.635062,0.483163,0.714797
0.649818,0.605561,0.380236,0.236813,0.260899,0.321115,0.233183,0.257354,0.239040,0.264297,0.208894,0.327931,0.226447,0.368419,0.494262,0.442339,0.755971,0.833089,0.544491,0.530482,0.469169,0.396671,0.317107,0.277608,0.121689,0.292688,0.031767,0.092285,0.672543,0.550212,0.438946,0.449109,0.649216,0.599164,0.239503,0.242170,0.940748,0.948522,0.797755,0.919446,0.000000,1.177133,0.656387,0.654587,0.582841,0.638779,0.776485,0.591357,0.571430,0.509915,0.479871,0.445681,0.560489,0.257810,0.757465,0.701226,0.550679,0.589141,0.456443,0.449357,0.315542,0.178242,0.593662,0.702539,0.106959,0.119840,0.473610,0.452561,0.295232,0.264163,0.069868,0.214647,0.749929,0.850359,0.632689,0.553663,0.279229,0.308299,0.590420,0.500676,0.728281,0.619603,0.467424,0.480556,0.569201,0.521929,0.352197,0.440507,0.356688,0.391614
0.620344,0.572701,0.446170,0.362275,0.423019,0.444259,0.431434,0.477860,0.433409,0.458981,0.281599,0.447488,0.421803,0.422645,0.655568,0.566992,0.645841,0.697657,0.543721,0.554430,0.493002,0.497907,0.363178,0.382450,0.128351,0.393217,0.116374,0.218181,0.690683,0.617943,0.489241,0.499898,0.675058,0.644022,0.257383,0.314358,0.992486,1.242084,0.828117,0.980951,1.177133,0.000000,0.740139,0.699073,0.660097,0.676531,0.752534,0.650146,0.560110,0.534024,0.435992,0.454713,0.535736,0.242251,0.653103,0.624025,0.470513,0.537189,0.553157,0.551314,0.450775,0.341744,0.563778,0.670960,0.129684,0.206610,0.618695,0.597941,0.272117,0.277069,0.123080,0.322034,0.784995,0.949845,0.689882,0.652515,0.368636,0.425341,0.599162,0.543406,0.665438,0.588314,0.586100,0.518989,0.618262,0.581267,0.398122,0.518156,0.482937,0.572699
0.860761,0.680755,0.441630,0.501303,0.449075,0.422470,0.496822,0.620147,0.433234,0.370202,0.545308,0.580764,0.377407,0.461721,0.685488,0.757307,0.682235,0.738087,0.670191,0.686869,0.203246,0.275406,0.319985,0.348972,0.259567,0.388477,-0.032254,0.076726,0.779408,0.572058,0.426289,0.511111,0.707277,0.717457,0.251001,0.364261,0.652501,0.730161,0.662194,0.745398,0.656387,0.740139,0.000000,1.583212,0.927991,0.957647,1.236184,1.103025,0.747799,0.890337,0.676754,0.677214,0.634896,0.416317,0.776022,0.871257,0.557297,0.667755,0.788754,0.703740,0.600853,0.539697,0.594559,0.677790,0.232065,0.417173,0.589717,0.628752,0.318274,0.269832,0.157355,0.233694,0.531994,0.637961,0.606931,0.682733,0.441452,0.438359,0.476519,0.470074,0.566595,0.546034,0.542845,0.492941,0.601078,0.619681,0.393062,0.356355,0.547023,0.580724
0.796155,0.629329,0.502953,0.569022,0.524944,0.509223,0.479650,0.622311,0.479672,0.361030,0.515364,0.570537,0.351641,0.442046,0.726202,0.814055,0.608706,0.596878,0.720430,0.745314,0.274802,0.331436,0.362336,0.413649,0.276621,0.487051,0.082596,0.191395,0.674114,0.522510,0.495338,0.574967,0.677437,0.714007,0.276811,0.397616,0.676148,0.668452,0.662460,0.728552,0.654587,0.699073,1.583212,0.000000,0.728250,0.848537,1.173950,1.244319,0.692704,0.788175,0.588070,0.640703,0.611918,0.420401,0.806649,0.912060,0.550470,0.655555,0.833692,0.793700,0.621682,0.631406,0.518560,0.603242,0.263986,0.463594,0.686248,0.710767,0.347301,0.334352,0.230608,0.339085,0.513172,0.603033,0.690619,0.746447,0.502873,0.504209,0.391598,0.394755,0.512291,0.468948,0.610002,0.527963,0.555484,0.557265,0.498826,0.378286,0.616426,0.685528
0.587034,0.600029,0.461710,0.360541,0.317569,0.461446,0.320989,0.413387,0.173958,0.242855,0.256499,0.364282,0.197633,0.301198,0.430774,0.444465,0.728430,0.731020,0.625330,0.650421,0.294972,0.347321,0.353808,0.324171,0.199943,0.345383,-0.091238,0.020234,0.784144,0.670364,0.503375,0.576069,0.928029,0.963031,0.392238,0.355992,0.572937,0.702958,0.436269,0.557931,0.582841,0.660097,0.927991,0.728250,0.000000,1.320076,0.906002,0.696982,0.850546,0.931198,0.655189,0.657927,0.377734,0.269781,0.607335,0.675056,0.604671,0.694943,0.589871,0.622689,0.375548,0.351079,0.661130,0.788379,0.119463,0.168162,0.828870,0.857671,0.451072,0.421855,0.227183,0.285720,0.545404,0.622579,0.481345,0.461370,0.421342,0.449006,0.582625,0.540851,0.674346,0.608907,0.442570,0.503392,0.553759,0.593322,0.283193,0.400634,0.321919,0.383042
0.930242,1.007805,0.458503,0.432294,0.323488,0.365450,0.281155,0.464345,0.176525,0.268947,0.417159,0.487303,0.255260,0.420163,0.493378,0.589110,1.047731,1.108561,0.874421,1.017013,0.236163,0.285691,0.316674,0.316434,0.206075,0.302270,-0.129337,-0.064433,0.975781,0.812069,0.374249,0.452314,1.033028,1.133100,0.298416,0.256446,0.556868,0.702636,0.435681,0.573535,0.638779,0.676531,0.957647,0.848537,1.320076,0.000000,1.060689,0.940721,0.933945,1.053821,0.847837,0.852424,0.557637,0.507016,0.733251,0.818225,0.962880,1.133399,0.698959,0.733381,0.455248,0.312604,0.672287,0.825537,0.127318,0.219813,0.684880,0.776340,0.665588,0.639897,0.139452,0.196377,0.442915,0.589112,0.377579,0.479682,0.304574,0.350519,0.769398,0.658318,0.964053,0.926054,0.511646,0.661344,0.737595,0.842889,0.296559,0.405867,0.423360,0.530383
0.898490,0.901226,0.445865,0.442067,0.388229,0.305280,0.318678,0.450062,0.344473,0.303353,0.427911,0.494442,0.286387,0.438941,0.523832,0.669155,0.903937,0.970819,0.805461,0.898332,0.168485,0.153049,0.369463,0.406305,0.345027,0.351716,-0.060152,-0.001926,0.831280,0.692551,0.412647,0.485536,0.853294,0.810900,0.365798,0.425489,0.718777,0.853606,0.736232,0.882304,0.776485,0.752534,1.236184,1.173950,0.906002,1.060689,0.000000,1.364905,0.863690,0.972699,0.792624,0.878875,0.838196,0.473192,1.118861,1.324737,0.760886,0.926911,0.788757,0.819414,0.456523,0.386176,0.575158,0.730961,0.206955,0.390569,0.565532,0.694501,0.539612,0.492091,0.104336,0.122376,0.436797,0.504058,0.471201,0.525132,0.244442,0.297022,0.651776,0.646611,0.897906,0.889334,0.583918,0.645723,0.777842,0.871797,0.462340,0.443590,0.538413,0.645683
0.914330,0.855222,0.486011,0.603483,0.506925,0.366120,0.357967,0.581184,0.423170,0.360217,0.503763,0.532181,0.249921,0.407864,0.546667,0.767302,0.777378,0.828980,0.830712,0.972589,0.136532,0.194900,0.369759,0.454443,0.339349,0.407289,-0.011900,0.066386,0.719909,0.514345,0.358727,0.430055,0.729300,0.774436,0.352885,0.416485,0.672542,0.729176,0.666398,0.761815,0.591357,0.650146,1.103025,1.244319,0.696982,0.940721,1.364905,0.000000,0.800102,0.868360,0.731031,0.785755,0.799463,0.588889,0.947055,1.173590,0.792975,0.943382,0.868736,0.861216,0.487668,0.447835,0.419749,0.498372,0.258655,0.471087,0.577442,0.722550,0.590435,0.593762,0.118976,0.194979,0.365069,0.450711,0.443593,0.547197,0.314375,0.334979,0.583090,0.517180,0.725210,0.750997,0.596933,0.635103,0.695558,0.743005,0.496160,0.404722,0.636864,0.746350
0.856590,0.952553,0.494949,0.507984,0.554953,0.640567,0.380036,0.495344,0.279947,0.339337,0.380358,0.465638,0.340056,0.530622,0.528569,0.557062,0.837936,0.759242,0.818951,0.913013,0.256006,0.328407,0.196056,0.265449,0.176055,0.382866,0.103248,0.171096,0.857926,0.825830,0.411835,0.452240,0.927054,0.976813,0.136654,0.135974,0.619786,0.639963,0.445457,0.514636,0.571430,0.560110,0.747799,0.692704,0.850546,0.933945,0.863690,0.800102,0.000000,1.468900,1.148353,1.133700,0.856621,0.711627,1.141284,1.208988,1.068650,1.042849,0.969518,0.887149,0.592636,0.436327,0.689557,0.772260,0.024634,0.078439,0.751003,0.733340,0.765922,0.647132,0.180145,0.266027,0.498060,0.622658,0.495875,0.476239,0.384607,0.350935,0.633678,0.440010,0.800067,0.738384,0.687048,0.832731,0.704984,0.733358,0.602457,0.519778,0.579888,0.516030
